  2017 352  0  0  2 661 352.000030808      -6.92      1.52      0.42  0.       -5055.998       6467.089       3568.953    0.000  -0.139   0.381   0.
  2017 352  0  0  3 505 352.000040573      -6.89      1.56      0.57  0.       -5056.613       6466.686       3567.677    0.000  -0.139   0.381   0.
  2017 352  0  0  4 505 352.000052147      -6.86      1.92      0.61  0.       -5057.342       6466.208       3566.164    0.000  -0.139   0.381   0.
  2017 352  0  0  5 505 352.000063721      -6.87      2.16      0.64  0.       -5058.071       6465.729       3564.651    0.000  -0.139   0.381   0.
  2017 352  0  0  6 505 352.000075295      -6.88      2.32      0.59  0.       -5058.799       6465.250       3563.138    0.000  -0.139   0.381   0.
  2017 352  0  0  7 505 352.000086869      -6.83      2.57      0.40  0.       -5059.527       6464.771       3561.625    0.000  -0.139   0.381   0.
  2017 352  0  0  8 505 352.000098443      -6.83      2.63      0.21  0.       -5060.255       6464.291       3560.111    0.000  -0.139   0.381   0.
  2017 352  0  0  9 505 352.000110017      -6.95      2.43      0.09  0.       -5060.982       6463.811       3558.597    0.000  -0.139   0.381   0.
  2017 352  0  0 10 505 352.000121591      -6.97      2.17      0.22  0.       -5061.709       6463.331       3557.083    0.000  -0.139   0.381   0.
  2017 352  0  0 11 505 352.000133166      -7.05      2.12      0.41  0.       -5062.436       6462.850       3555.569    0.000  -0.139   0.381   0.
  2017 352  0  0 12 505 352.000144740      -7.14      2.20      0.52  0.       -5063.163       6462.368       3554.055    0.000  -0.139   0.381   0.
  2017 352  0  0 13 505 352.000156314      -7.33      2.41      0.46  0.       -5063.889       6461.887       3552.540    0.000  -0.139   0.381   0.
  2017 352  0  0 14 505 352.000167888      -7.30      2.55      0.29  0.       -5064.615       6461.405       3551.025    0.000  -0.139   0.381   0.
  2017 352  0  0 15 505 352.000179462      -7.15      2.53      0.21  0.       -5065.340       6460.922       3549.510    0.000  -0.139   0.381   0.
  2017 352  0  0 16 505 352.000191034      -7.04      2.71      0.14  0.       -5066.066       6460.440       3547.995    0.000  -0.139   0.381   0.
  2017 352  0  0 17 505 352.000202607      -7.06      2.91      0.06  0.       -5066.791       6459.956       3546.479    0.000  -0.139   0.381   0.
  2017 352  0  0 18 505 352.000214181      -7.02      2.97     -0.01  0.       -5067.515       6459.473       3544.964    0.000  -0.139   0.381   0.
  2017 352  0  0 19 505 352.000225755      -7.03      2.97     -0.01  0.       -5068.240       6458.989       3543.448    0.000  -0.139   0.381   0.
  2017 352  0  0 20 505 352.000237329      -6.87      3.19     -0.04  0.       -5068.964       6458.505       3541.932    0.000  -0.139   0.381   0.
  2017 352  0  0 21 505 352.000248903      -6.79      3.34     -0.13  0.       -5069.688       6458.020       3540.415    0.000  -0.139   0.381   0.
  2017 352  0  0 22 505 352.000260477      -6.76      3.11      0.15  0.       -5070.411       6457.535       3538.899    0.000  -0.139   0.381   0.
  2017 352  0  0 23 505 352.000272052      -6.85      2.74      0.38  0.       -5071.134       6457.049       3537.382    0.000  -0.139   0.381   0.
  2017 352  0  0 24 505 352.000283626      -7.03      2.61      0.35  0.       -5071.857       6456.563       3535.865    0.000  -0.139   0.381   0.
  2017 352  0  0 25 505 352.000295200      -7.06      2.52      0.41  0.       -5072.580       6456.077       3534.348    0.000  -0.139   0.381   0.
  2017 352  0  0 26 505 352.000306774      -7.00      2.53      0.59  0.       -5073.302       6455.590       3532.831    0.000  -0.139   0.381   0.
  2017 352  0  0 27 505 352.000318348      -6.84      2.70      0.61  0.       -5074.024       6455.103       3531.313    0.000  -0.139   0.381   0.
  2017 352  0  0 28 505 352.000329922      -6.65      2.91      0.70  0.       -5074.745       6454.616       3529.795    0.000  -0.139   0.381   0.
  2017 352  0  0 29 505 352.000341496      -6.55      2.93      0.74  0.       -5075.467       6454.128       3528.277    0.000  -0.139   0.381   0.
  2017 352  0  0 30 505 352.000353070      -6.44      2.90      0.85  0.       -5076.188       6453.640       3526.759    0.000  -0.139   0.381   0.
  2017 352  0  0 31 505 352.000364644      -6.56      3.00      0.95  0.       -5076.909       6453.151       3525.240    0.000  -0.139   0.381   0.
  2017 352  0  0 32 505 352.000376218      -6.59      2.98      0.75  0.       -5077.629       6452.662       3523.722    0.000  -0.139   0.381   0.
  2017 352  0  0 33 505 352.000387792      -6.73      2.74      0.61  0.       -5078.349       6452.173       3522.203    0.000  -0.139   0.381   0.
  2017 352  0  0 34 505 352.000399366      -6.86      2.69      0.54  0.       -5079.069       6451.683       3520.684    0.000  -0.139   0.381   0.
  2017 352  0  0 35 505 352.000410940      -6.93      2.71      0.58  0.       -5079.788       6451.193       3519.165    0.000  -0.139   0.381   0.
  2017 352  0  0 36 505 352.000422514      -6.94      2.55      0.85  0.       -5080.508       6450.702       3517.645    0.000  -0.139   0.381   0.
  2017 352  0  0 37 505 352.000434089      -6.93      2.12      0.94  0.       -5081.227       6450.211       3516.125    0.000  -0.139   0.381   0.
  2017 352  0  0 38 505 352.000445663      -6.91      2.04      0.96  0.       -5081.945       6449.720       3514.606    0.000  -0.139   0.381   0.
  2017 352  0  0 39 505 352.000457237      -6.89      2.13      1.17  0.       -5082.663       6449.228       3513.085    0.000  -0.139   0.381   0.
  2017 352  0  0 40 505 352.000468811      -6.94      2.04      1.20  0.       -5083.381       6448.736       3511.565    0.000  -0.139   0.381   0.
  2017 352  0  0 41 505 352.000480385      -7.30      2.02      1.27  0.       -5084.099       6448.244       3510.044    0.000  -0.139   0.381   0.
  2017 352  0  0 42 505 352.000491959      -7.45      2.00      1.27  0.       -5084.816       6447.751       3508.524    0.000  -0.139   0.381   0.
  2017 352  0  0 43 505 352.000503533      -7.43      1.48      1.03  0.       -5085.534       6447.258       3507.003    0.000  -0.139   0.381   0.
  2017 352  0  0 44 504 352.000515105      -7.25      1.31      0.48  0.       -5086.250       6446.764       3505.481    0.000  -0.139   0.381   0.
  2017 352  0  0 45 504 352.000526678      -6.95      1.40      0.38  0.       -5086.967       6446.270       3503.960    0.000  -0.139   0.381   0.
  2017 352  0  0 46 504 352.000538252      -6.73      1.13      0.72  0.       -5087.683       6445.776       3502.438    0.000  -0.139   0.381   0.
  2017 352  0  0 47 505 352.000549826      -6.59      1.20      0.71  0.       -5088.399       6445.281       3500.917    0.000  -0.139   0.381   0.
  2017 352  0  0 48 505 352.000561400      -6.69      1.48      0.67  0.       -5089.114       6444.786       3499.395    0.000  -0.139   0.381   0.
  2017 352  0  0 49 504 352.000572975      -6.98      1.43      0.72  0.       -5089.829       6444.290       3497.872    0.000  -0.139   0.381   0.
  2017 352  0  0 50 504 352.000584549      -7.01      1.30      1.11  0.       -5090.544       6443.794       3496.350    0.000  -0.139   0.381   0.
  2017 352  0  0 51 505 352.000596123      -7.28      1.65      0.92  0.       -5091.259       6443.298       3494.827    0.000  -0.139   0.381   0.
  2017 352  0  0 52 505 352.000607697      -7.27      1.91      0.85  0.       -5091.973       6442.801       3493.304    0.000  -0.139   0.381   0.
  2017 352  0  0 53 505 352.000619271      -7.25      1.78      0.89  0.       -5092.687       6442.304       3491.781    0.000  -0.139   0.381   0.
  2017 352  0  0 54 505 352.000630845      -7.34      1.31      0.50  0.       -5093.401       6441.806       3490.258    0.000  -0.139   0.381   0.
  2017 352  0  0 55 505 352.000642419      -7.22      0.74      0.09  0.       -5094.114       6441.308       3488.734    0.000  -0.139   0.381   0.
  2017 352  0  0 56 504 352.000653993      -6.80      0.34      0.11  0.       -5094.827       6440.810       3487.211    0.000  -0.139   0.381   0.
  2017 352  0  0 57 504 352.000665567      -6.33      0.78      0.28  0.       -5095.540       6440.311       3485.687    0.000  -0.139   0.381   0.
  2017 352  0  0 58 504 352.000677141      -6.17      1.80      0.15  0.       -5096.253       6439.812       3484.163    0.000  -0.139   0.381   0.
  2017 352  0  0 59 504 352.000688715      -6.14      2.45      0.02  0.       -5096.965       6439.313       3482.638    0.000  -0.139   0.381   0.
  2017 352  0  1  0 505 352.000700289      -5.99      2.72     -0.16  0.       -5097.677       6438.813       3481.114    0.000  -0.139   0.381   0.
  2017 352  0  1  1 505 352.000711863      -6.16      2.94     -0.11  0.       -5098.388       6438.313       3479.589    0.000  -0.139   0.381   0.
  2017 352  0  1  2 505 352.000723438      -6.41      3.04     -0.01  0.       -5099.099       6437.812       3478.064    0.000  -0.139   0.381   0.
  2017 352  0  1  3 504 352.000735012      -6.57      2.92      0.12  0.       -5099.810       6437.311       3476.539    0.000  -0.139   0.381   0.
  2017 352  0  1  4 504 352.000746586      -6.82      2.70      0.50  0.       -5100.521       6436.810       3475.013    0.000  -0.139   0.381   0.
  2017 352  0  1  5 505 352.000758160      -6.95      2.69      0.72  0.       -5101.231       6436.308       3473.488    0.000  -0.139   0.381   0.
  2017 352  0  1  6 505 352.000769734      -7.03      2.69      0.69  0.       -5101.941       6435.806       3471.962    0.000  -0.139   0.381   0.
  2017 352  0  1  7 505 352.000781308      -7.29      2.52      0.78  0.       -5102.651       6435.303       3470.436    0.000  -0.139   0.381   0.
  2017 352  0  1  8 505 352.000792882      -7.48      2.53      0.64  0.       -5103.360       6434.800       3468.910    0.000  -0.139   0.381   0.
  2017 352  0  1  9 504 352.000804456      -7.37      2.62      0.46  0.       -5104.070       6434.297       3467.383    0.000  -0.139   0.381   0.
  2017 352  0  1 10 504 352.000816030      -7.21      2.75      0.43  0.       -5104.778       6433.793       3465.857    0.000  -0.139   0.381   0.
  2017 352  0  1 11 504 352.000827604      -7.19      2.87      0.46  0.       -5105.487       6433.289       3464.330    0.000  -0.139   0.381   0.
  2017 352  0  1 12 504 352.000839178      -7.26      3.00      0.51  0.       -5106.195       6432.785       3462.803    0.000  -0.139   0.381   0.
  2017 352  0  1 13 504 352.000850752      -7.38      3.02      0.50  0.       -5106.903       6432.280       3461.275    0.000  -0.139   0.381   0.
  2017 352  0  1 14 505 352.000862325      -7.50      2.97      0.53  0.       -5107.610       6431.774       3459.748    0.000  -0.139   0.381   0.
  2017 352  0  1 15 504 352.000873898      -7.57      3.00      0.42  0.       -5108.318       6431.269       3458.220    0.000  -0.139   0.381   0.
  2017 352  0  1 16 504 352.000885472      -7.51      2.97      0.29  0.       -5109.024       6430.763       3456.692    0.000  -0.139   0.381   0.
  2017 352  0  1 17 504 352.000897046      -7.51      2.82      0.32  0.       -5109.731       6430.256       3455.164    0.000  -0.139   0.381   0.
  2017 352  0  1 18 504 352.000908620      -7.45      2.67      0.43  0.       -5110.437       6429.749       3453.636    0.000  -0.139   0.381   0.
  2017 352  0  1 19 504 352.000920194      -7.44      2.51      0.44  0.       -5111.143       6429.242       3452.107    0.000  -0.139   0.381   0.
  2017 352  0  1 20 504 352.000931768      -7.46      2.41      0.30  0.       -5111.849       6428.734       3450.578    0.000  -0.139   0.381   0.
  2017 352  0  1 21 504 352.000943342      -7.47      2.46      0.18  0.       -5112.554       6428.226       3449.049    0.000  -0.139   0.381   0.
  2017 352  0  1 22 504 352.000954916      -7.52      2.75      0.03  0.       -5113.259       6427.718       3447.520    0.000  -0.139   0.381   0.
  2017 352  0  1 23 504 352.000966490      -7.46      2.95     -0.18  0.       -5113.964       6427.209       3445.991    0.000  -0.139   0.381   0.
  2017 352  0  1 24 504 352.000978064      -7.49      3.11     -0.34  0.       -5114.669       6426.700       3444.461    0.000  -0.139   0.381   0.
  2017 352  0  1 25 504 352.000989638      -7.60      3.14     -0.51  0.       -5115.373       6426.190       3442.931    0.000  -0.139   0.381   0.
  2017 352  0  1 26 504 352.001001212      -7.62      2.97     -0.52  0.       -5116.077       6425.681       3441.401    0.000  -0.139   0.381   0.
  2017 352  0  1 27 504 352.001012786      -7.68      2.55     -0.29  0.       -5116.780       6425.170       3439.871    0.000  -0.139   0.381   0.
  2017 352  0  1 28 504 352.001024361      -7.57      2.16     -0.11  0.       -5117.483       6424.659       3438.341    0.000  -0.139   0.381   0.
  2017 352  0  1 29 504 352.001035935      -7.39      2.01      0.05  0.       -5118.186       6424.148       3436.810    0.000  -0.139   0.381   0.
  2017 352  0  1 30 504 352.001047509      -7.25      1.95      0.29  0.       -5118.889       6423.637       3435.279    0.000  -0.139   0.381   0.
  2017 352  0  1 31 504 352.001059083      -7.23      1.95      0.49  0.       -5119.591       6423.125       3433.748    0.000  -0.139   0.381   0.
  2017 352  0  1 32 504 352.001070657      -7.19      2.08      0.69  0.       -5120.293       6422.612       3432.217    0.000  -0.139   0.381   0.
  2017 352  0  1 33 504 352.001082231      -7.23      2.20      0.83  0.       -5120.995       6422.100       3430.686    0.000  -0.139   0.381   0.
  2017 352  0  1 34 504 352.001093805      -7.50      2.19      0.82  0.       -5121.696       6421.587       3429.154    0.000  -0.139   0.381   0.
  2017 352  0  1 35 504 352.001105379      -7.69      1.95      0.70  0.       -5122.397       6421.073       3427.622    0.000  -0.139   0.381   0.
  2017 352  0  1 36 504 352.001116953      -7.75      1.85      0.72  0.       -5123.098       6420.559       3426.090    0.000  -0.139   0.381   0.
  2017 352  0  1 37 504 352.001128527      -7.65      1.87      0.69  0.       -5123.798       6420.045       3424.558    0.000  -0.139   0.381   0.
  2017 352  0  1 38 504 352.001140101      -7.69      1.82      0.53  0.       -5124.498       6419.530       3423.025    0.000  -0.139   0.381   0.
  2017 352  0  1 39 504 352.001151675      -7.65      1.72      0.35  0.       -5125.198       6419.015       3421.492    0.000  -0.139   0.381   0.
  2017 352  0  1 40 504 352.001163249      -7.57      1.45      0.34  0.       -5125.897       6418.500       3419.959    0.000  -0.139   0.381   0.
  2017 352  0  1 41 504 352.001174823      -7.36      1.23      0.50  0.       -5126.597       6417.984       3418.426    0.000  -0.139   0.381   0.
  2017 352  0  1 42 504 352.001186396      -7.29      1.25      0.51  0.       -5127.295       6417.468       3416.893    0.000  -0.139   0.381   0.
  2017 352  0  1 43 504 352.001197969      -7.16      1.46      0.40  0.       -5127.994       6416.951       3415.359    0.000  -0.139   0.381   0.
  2017 352  0  1 44 504 352.001209543      -7.11      1.57      0.40  0.       -5128.692       6416.434       3413.826    0.000  -0.139   0.381   0.
  2017 352  0  1 45 504 352.001221117      -7.12      1.52      0.43  0.       -5129.390       6415.917       3412.292    0.000  -0.139   0.381   0.
  2017 352  0  1 46 504 352.001232691      -7.12      1.51      0.36  0.       -5130.088       6415.399       3410.758    0.000  -0.139   0.381   0.
  2017 352  0  1 47 504 352.001244265      -7.01      1.44      0.41  0.       -5130.785       6414.881       3409.223    0.000  -0.139   0.381   0.
  2017 352  0  1 48 504 352.001255839      -6.90      1.38      0.46  0.       -5131.482       6414.363       3407.689    0.000  -0.139   0.381   0.
  2017 352  0  1 49 504 352.001267413      -6.82      1.50      0.52  0.       -5132.179       6413.844       3406.154    0.000  -0.139   0.381   0.
  2017 352  0  1 50 504 352.001278987      -6.79      1.61      0.49  0.       -5132.875       6413.324       3404.619    0.000  -0.139   0.381   0.
  2017 352  0  1 51 504 352.001290561      -6.76      1.64      0.40  0.       -5133.571       6412.804       3403.084    0.000  -0.139   0.381   0.
  2017 352  0  1 52 504 352.001302135      -6.81      1.55      0.41  0.       -5134.267       6412.284       3401.548    0.000  -0.139   0.381   0.
  2017 352  0  1 53 504 352.001313709      -6.87      1.59      0.44  0.       -5134.962       6411.764       3400.013    0.000  -0.139   0.381   0.
  2017 352  0  1 54 504 352.001325284      -6.88      1.63      0.46  0.       -5135.657       6411.243       3398.477    0.000  -0.139   0.381   0.
  2017 352  0  1 55 504 352.001336858      -6.93      1.70      0.63  0.       -5136.352       6410.722       3396.941    0.000  -0.139   0.381   0.
  2017 352  0  1 56 504 352.001348432      -7.03      1.91      0.54  0.       -5137.046       6410.200       3395.404    0.000  -0.139   0.381   0.
  2017 352  0  1 57 504 352.001360006      -7.05      1.91      0.31  0.       -5137.741       6409.678       3393.868    0.000  -0.139   0.381   0.
  2017 352  0  1 58 504 352.001371580      -7.03      1.65      0.28  0.       -5138.434       6409.155       3392.331    0.000  -0.139   0.381   0.
  2017 352  0  1 59 504 352.001383154      -7.06      1.44      0.37  0.       -5139.128       6408.633       3390.794    0.000  -0.139   0.381   0.
  2017 352  0  2  0 504 352.001394728      -7.08      1.29      0.50  0.       -5139.821       6408.109       3389.257    0.000  -0.139   0.381   0.
  2017 352  0  2  1 504 352.001406302      -7.02      1.20      0.52  0.       -5140.514       6407.586       3387.720    0.000  -0.139   0.381   0.
  2017 352  0  2  2 504 352.001417876      -6.93      1.30      0.57  0.       -5141.207       6407.062       3386.183    0.000  -0.139   0.381   0.
  2017 352  0  2  3 504 352.001429450      -6.88      1.47      0.58  0.       -5141.899       6406.537       3384.645    0.000  -0.139   0.381   0.
  2017 352  0  2  4 504 352.001441024      -6.92      1.64      0.53  0.       -5142.591       6406.013       3383.107    0.000  -0.139   0.381   0.
  2017 352  0  2  5 504 352.001452598      -6.99      1.86      0.51  0.       -5143.282       6405.487       3381.569    0.000  -0.139   0.381   0.
  2017 352  0  2  6 504 352.001464172      -7.11      2.05      0.44  0.       -5143.974       6404.962       3380.030    0.000  -0.139   0.381   0.
  2017 352  0  2  7 504 352.001475746      -7.29      2.14      0.38  0.       -5144.665       6404.436       3378.492    0.000  -0.139   0.381   0.
  2017 352  0  2  8 504 352.001487321      -7.40      2.05      0.33  0.       -5145.356       6403.909       3376.953    0.000  -0.139   0.381   0.
  2017 352  0  2  9 504 352.001498895      -7.37      1.84      0.32  0.       -5146.046       6403.383       3375.414    0.000  -0.139   0.381   0.
  2017 352  0  2 10 504 352.001510469      -7.19      1.79      0.19  0.       -5146.736       6402.855       3373.875    0.000  -0.139   0.381   0.
  2017 352  0  2 11 504 352.001522043      -7.02      1.74      0.25  0.       -5147.426       6402.328       3372.336    0.000  -0.139   0.381   0.
  2017 352  0  2 12 504 352.001533617      -7.01      1.69      0.37  0.       -5148.115       6401.800       3370.796    0.000  -0.139   0.381   0.
  2017 352  0  2 13 504 352.001545191      -7.05      1.77      0.44  0.       -5148.804       6401.272       3369.256    0.000  -0.139   0.381   0.
  2017 352  0  2 14 504 352.001556763      -7.08      1.84      0.54  0.       -5149.493       6400.743       3367.717    0.000  -0.139   0.381   0.
  2017 352  0  2 15 504 352.001568336      -7.12      1.82      0.61  0.       -5150.182       6400.214       3366.176    0.000  -0.139   0.381   0.
  2017 352  0  2 16 504 352.001579910      -7.14      1.94      0.57  0.       -5150.870       6399.684       3364.636    0.000  -0.139   0.381   0.
  2017 352  0  2 17 504 352.001591484      -7.07      1.99      0.45  0.       -5151.558       6399.154       3363.095    0.000  -0.139   0.381   0.
  2017 352  0  2 18 504 352.001603058      -7.09      1.95      0.47  0.       -5152.245       6398.624       3361.555    0.000  -0.139   0.381   0.
  2017 352  0  2 19 504 352.001614633      -6.99      1.89      0.45  0.       -5152.932       6398.094       3360.014    0.000  -0.139   0.381   0.
  2017 352  0  2 20 504 352.001626207      -6.84      1.81      0.48  0.       -5153.619       6397.562       3358.472    0.000  -0.139   0.381   0.
  2017 352  0  2 21 504 352.001637781      -6.82      1.87      0.46  0.       -5154.306       6397.031       3356.931    0.000  -0.139   0.381   0.
  2017 352  0  2 22 504 352.001649355      -6.80      1.92      0.39  0.       -5154.992       6396.499       3355.389    0.000  -0.139   0.381   0.
  2017 352  0  2 23 504 352.001660929      -7.00      1.99      0.44  0.       -5155.678       6395.967       3353.848    0.000  -0.139   0.381   0.
  2017 352  0  2 24 504 352.001672503      -6.87      2.10      0.47  0.       -5156.364       6395.434       3352.305    0.000  -0.139   0.381   0.
  2017 352  0  2 25 504 352.001684077      -6.63      2.19      0.33  0.       -5157.049       6394.901       3350.763    0.000  -0.139   0.381   0.
  2017 352  0  2 26 504 352.001695651      -6.61      2.23      0.22  0.       -5157.734       6394.368       3349.221    0.000  -0.139   0.381   0.
  2017 352  0  2 27 504 352.001707225      -6.63      2.01      0.03  0.       -5158.419       6393.834       3347.678    0.000  -0.139   0.381   0.
  2017 352  0  2 28 504 352.001718799      -6.76      2.01      0.15  0.       -5159.103       6393.300       3346.135    0.000  -0.139   0.381   0.
  2017 352  0  2 29 504 352.001730373      -6.89      2.08      0.27  0.       -5159.787       6392.765       3344.592    0.000  -0.139   0.381   0.
  2017 352  0  2 30 504 352.001741947      -7.06      2.15      0.25  0.       -5160.471       6392.230       3343.049    0.000  -0.139   0.381   0.
  2017 352  0  2 31 504 352.001753521      -7.02      2.14      0.25  0.       -5161.155       6391.695       3341.506    0.000  -0.139   0.381   0.
  2017 352  0  2 32 504 352.001765095      -7.22      1.78      0.66  0.       -5161.838       6391.159       3339.962    0.000  -0.139   0.381   0.
  2017 352  0  2 33 504 352.001776670      -7.36      1.86      0.84  0.       -5162.521       6390.623       3338.418    0.000  -0.139   0.381   0.
  2017 352  0  2 34 504 352.001788244      -7.20      2.00      0.78  0.       -5163.203       6390.086       3336.874    0.000  -0.139   0.381   0.
  2017 352  0  2 35 504 352.001799818      -6.98      2.08      0.80  0.       -5163.885       6389.549       3335.330    0.000  -0.139   0.381   0.
  2017 352  0  2 36 504 352.001811392      -6.86      2.33      0.83  0.       -5164.567       6389.012       3333.785    0.000  -0.139   0.381   0.
  2017 352  0  2 37 504 352.001822966      -6.83      2.46      0.93  0.       -5165.249       6388.474       3332.240    0.000  -0.139   0.381   0.
  2017 352  0  2 38 504 352.001834540      -6.85      2.55      0.89  0.       -5165.930       6387.936       3330.696    0.000  -0.139   0.381   0.
  2017 352  0  2 39 504 352.001846114      -6.71      2.46      1.10  0.       -5166.611       6387.398       3329.150    0.000  -0.139   0.381   0.
  2017 352  0  2 40 504 352.001857688      -6.60      2.41      1.25  0.       -5167.291       6386.859       3327.605    0.000  -0.139   0.381   0.
  2017 352  0  2 41 504 352.001869262      -6.62      2.40      1.52  0.       -5167.972       6386.319       3326.060    0.000  -0.139   0.381   0.
  2017 352  0  2 42 503 352.001880834      -6.53      2.38      1.51  0.       -5168.652       6385.780       3324.514    0.000  -0.139   0.381   0.
  2017 352  0  2 43 504 352.001892407      -6.56      2.10      1.58  0.       -5169.331       6385.240       3322.968    0.000  -0.139   0.381   0.
  2017 352  0  2 44 504 352.001903981      -6.44      1.95      1.74  0.       -5170.011       6384.699       3321.422    0.000  -0.139   0.381   0.
  2017 352  0  2 45 503 352.001915556      -6.50      1.92      1.81  0.       -5170.690       6384.158       3319.876    0.000  -0.139   0.381   0.
  2017 352  0  2 46 503 352.001927130      -6.64      1.91      1.76  0.       -5171.368       6383.617       3318.329    0.000  -0.139   0.381   0.
  2017 352  0  2 47 504 352.001938704      -6.82      1.98      1.56  0.       -5172.047       6383.075       3316.782    0.000  -0.139   0.381   0.
  2017 352  0  2 48 504 352.001950278      -6.82      1.89      1.38  0.       -5172.725       6382.533       3315.235    0.000  -0.139   0.381   0.
  2017 352  0  2 49 504 352.001961852      -6.86      1.84      1.28  0.       -5173.402       6381.991       3313.688    0.000  -0.139   0.381   0.
  2017 352  0  2 50 504 352.001973426      -6.79      1.78      1.09  0.       -5174.080       6381.448       3312.141    0.000  -0.139   0.381   0.
  2017 352  0  2 51 503 352.001985000      -6.75      1.82      0.96  0.       -5174.757       6380.904       3310.593    0.000  -0.139   0.381   0.
  2017 352  0  2 52 503 352.001996574      -6.99      2.09      0.79  0.       -5175.434       6380.361       3309.045    0.000  -0.139   0.381   0.
  2017 352  0  2 53 503 352.002008148      -7.12      2.24      0.68  0.       -5176.110       6379.817       3307.498    0.000  -0.139   0.381   0.
  2017 352  0  2 54 503 352.002019722      -7.15      2.34      0.74  0.       -5176.786       6379.273       3305.949    0.000  -0.139   0.381   0.
  2017 352  0  2 55 503 352.002031296      -7.32      2.57      0.73  0.       -5177.462       6378.728       3304.401    0.000  -0.139   0.381   0.
  2017 352  0  2 56 504 352.002042870      -7.18      2.52      0.68  0.       -5178.137       6378.183       3302.852    0.000  -0.139   0.381   0.
  2017 352  0  2 57 504 352.002054444      -7.33      2.59      0.75  0.       -5178.813       6377.637       3301.304    0.000  -0.139   0.381   0.
  2017 352  0  2 58 503 352.002066018      -7.45      2.64      0.76  0.       -5179.488       6377.091       3299.755    0.000  -0.139   0.381   0.
  2017 352  0  2 59 503 352.002077593      -7.52      2.72      0.72  0.       -5180.162       6376.545       3298.205    0.000  -0.139   0.381   0.
  2017 352  0  3  0 504 352.002089167      -7.48      2.88      0.84  0.       -5180.836       6375.998       3296.656    0.000  -0.139   0.381   0.
  2017 352  0  3  1 504 352.002100741      -7.37      3.04      0.86  0.       -5181.510       6375.451       3295.106    0.000  -0.139   0.381   0.
  2017 352  0  3  2 504 352.002112315      -7.30      3.04      1.13  0.       -5182.184       6374.903       3293.557    0.000  -0.139   0.381   0.
  2017 352  0  3  3 504 352.002123889      -7.40      3.10      1.18  0.       -5182.857       6374.355       3292.007    0.000  -0.139   0.381   0.
  2017 352  0  3  4 504 352.002135463      -7.39      3.24      0.92  0.       -5183.530       6373.807       3290.456    0.000  -0.139   0.381   0.
  2017 352  0  3  5 503 352.002147037      -7.38      3.17      0.62  0.       -5184.202       6373.258       3288.906    0.000  -0.139   0.381   0.
  2017 352  0  3  6 503 352.002158611      -7.39      3.09      0.42  0.       -5184.875       6372.709       3287.355    0.000  -0.139   0.381   0.
  2017 352  0  3  7 503 352.002170185      -7.41      2.94      0.43  0.       -5185.547       6372.159       3285.805    0.000  -0.139   0.381   0.
  2017 352  0  3  8 503 352.002181759      -7.61      2.75      0.56  0.       -5186.218       6371.609       3284.254    0.000  -0.139   0.381   0.
  2017 352  0  3  9 503 352.002193333      -7.70      2.60      0.77  0.       -5186.890       6371.059       3282.702    0.000  -0.139   0.381   0.
  2017 352  0  3 10 504 352.002204907      -7.80      2.51      1.06  0.       -5187.561       6370.508       3281.151    0.000  -0.139   0.381   0.
  2017 352  0  3 11 504 352.002216481      -8.04      2.53      1.08  0.       -5188.231       6369.957       3279.599    0.000  -0.139   0.381   0.
  2017 352  0  3 12 503 352.002228054      -8.12      3.00      1.02  0.       -5188.902       6369.406       3278.048    0.000  -0.139   0.381   0.
  2017 352  0  3 13 503 352.002239627      -8.27      3.14      0.96  0.       -5189.572       6368.854       3276.495    0.000  -0.139   0.381   0.
  2017 352  0  3 14 503 352.002251201      -8.33      3.25      0.90  0.       -5190.242       6368.302       3274.943    0.000  -0.139   0.381   0.
  2017 352  0  3 15 503 352.002262775      -8.52      3.20      0.53  0.       -5190.911       6367.749       3273.391    0.000  -0.139   0.381   0.
  2017 352  0  3 16 503 352.002274349      -8.58      3.48      0.52  0.       -5191.580       6367.196       3271.838    0.000  -0.139   0.381   0.
  2017 352  0  3 17 503 352.002285923      -8.50      3.92      0.49  0.       -5192.249       6366.642       3270.285    0.000  -0.139   0.381   0.
  2017 352  0  3 18 503 352.002297497      -8.39      4.37      0.38  0.       -5192.917       6366.088       3268.732    0.000  -0.139   0.381   0.
  2017 352  0  3 19 503 352.002309071      -8.41      4.53      0.35  0.       -5193.585       6365.534       3267.179    0.000  -0.139   0.381   0.
  2017 352  0  3 20 503 352.002320645      -8.51      4.62      0.32  0.       -5194.253       6364.979       3265.625    0.000  -0.139   0.381   0.
  2017 352  0  3 21 503 352.002332219      -8.37      4.75      0.35  0.       -5194.921       6364.424       3264.072    0.000  -0.139   0.381   0.
  2017 352  0  3 22 503 352.002343793      -8.31      4.94      0.44  0.       -5195.588       6363.869       3262.518    0.000  -0.139   0.381   0.
  2017 352  0  3 23 503 352.002355367      -8.23      4.86      0.46  0.       -5196.255       6363.313       3260.964    0.000  -0.139   0.381   0.
  2017 352  0  3 24 503 352.002366942      -8.15      4.77      0.43  0.       -5196.921       6362.757       3259.410    0.000  -0.139   0.381   0.
  2017 352  0  3 25 503 352.002378516      -8.16      4.70      0.41  0.       -5197.587       6362.200       3257.855    0.000  -0.139   0.381   0.
  2017 352  0  3 26 503 352.002390090      -8.01      4.61      0.21  0.       -5198.253       6361.643       3256.300    0.000  -0.139   0.381   0.
  2017 352  0  3 27 503 352.002401664      -7.74      4.70      0.14  0.       -5198.919       6361.086       3254.746    0.000  -0.139   0.381   0.
  2017 352  0  3 28 503 352.002413238      -7.66      4.73      0.11  0.       -5199.584       6360.528       3253.191    0.000  -0.139   0.381   0.
  2017 352  0  3 29 503 352.002424812      -7.47      4.53      0.07  0.       -5200.249       6359.970       3251.635    0.000  -0.139   0.381   0.
  2017 352  0  3 30 503 352.002436386      -7.35      4.37      0.13  0.       -5200.913       6359.411       3250.080    0.000  -0.139   0.381   0.
  2017 352  0  3 31 503 352.002447960      -7.20      4.25      0.16  0.       -5201.578       6358.852       3248.524    0.000  -0.139   0.381   0.
  2017 352  0  3 32 503 352.002459534      -7.07      4.14      0.23  0.       -5202.242       6358.293       3246.968    0.000  -0.139   0.381   0.
  2017 352  0  3 33 503 352.002471108      -7.10      3.98      0.35  0.       -5202.905       6357.733       3245.412    0.000  -0.139   0.381   0.
  2017 352  0  3 34 503 352.002482682      -7.24      3.87      0.42  0.       -5203.568       6357.173       3243.856    0.000  -0.139   0.381   0.
  2017 352  0  3 35 503 352.002494256      -7.35      3.76      0.31  0.       -5204.231       6356.612       3242.299    0.000  -0.139   0.381   0.
  2017 352  0  3 36 503 352.002505830      -7.43      3.62      0.21  0.       -5204.894       6356.051       3240.743    0.000  -0.139   0.381   0.
  2017 352  0  3 37 503 352.002517405      -7.45      3.46      0.10  0.       -5205.556       6355.490       3239.186    0.000  -0.139   0.381   0.
  2017 352  0  3 38 503 352.002528979      -7.35      3.32      0.10  0.       -5206.218       6354.928       3237.629    0.000  -0.139   0.381   0.
  2017 352  0  3 39 503 352.002540553      -7.25      3.18      0.04  0.       -5206.880       6354.366       3236.071    0.000  -0.139   0.381   0.
  2017 352  0  3 40 503 352.002552125      -7.06      3.02      0.06  0.       -5207.541       6353.803       3234.514    0.000  -0.139   0.381   0.
  2017 352  0  3 41 503 352.002563698      -6.96      2.96      0.03  0.       -5208.202       6353.240       3232.956    0.000  -0.139   0.381   0.
  2017 352  0  3 42 503 352.002575272      -7.02      3.00     -0.01  0.       -5208.863       6352.677       3231.398    0.000  -0.139   0.381   0.
  2017 352  0  3 43 503 352.002586846      -7.05      3.02     -0.02  0.       -5209.523       6352.113       3229.840    0.000  -0.139   0.381   0.
  2017 352  0  3 44 503 352.002598420      -7.06      2.98      0.07  0.       -5210.183       6351.549       3228.282    0.000  -0.139   0.381   0.
  2017 352  0  3 45 503 352.002609994      -7.10      2.86      0.23  0.       -5210.843       6350.985       3226.723    0.000  -0.139   0.381   0.
  2017 352  0  3 46 503 352.002621568      -7.07      2.72      0.24  0.       -5211.503       6350.420       3225.165    0.000  -0.139   0.381   0.
  2017 352  0  3 47 503 352.002633142      -7.13      2.62      0.30  0.       -5212.161       6349.854       3223.606    0.000  -0.139   0.381   0.
  2017 352  0  3 48 503 352.002644716      -7.19      2.68      0.22  0.       -5212.820       6349.289       3222.047    0.000  -0.139   0.381   0.
  2017 352  0  3 49 503 352.002656290      -7.21      2.75      0.02  0.       -5213.479       6348.722       3220.487    0.000  -0.139   0.381   0.
  2017 352  0  3 50 503 352.002667865      -7.23      2.83     -0.08  0.       -5214.137       6348.156       3218.928    0.000  -0.139   0.381   0.
  2017 352  0  3 51 503 352.002679439      -7.36      2.92     -0.12  0.       -5214.795       6347.589       3217.368    0.000  -0.139   0.381   0.
  2017 352  0  3 52 503 352.002691013      -7.38      3.03     -0.14  0.       -5215.452       6347.022       3215.808    0.000  -0.139   0.381   0.
  2017 352  0  3 53 503 352.002702587      -7.46      2.90      0.07  0.       -5216.109       6346.454       3214.248    0.000  -0.139   0.381   0.
  2017 352  0  3 54 503 352.002714161      -7.68      2.77      0.15  0.       -5216.766       6345.886       3212.688    0.000  -0.139   0.381   0.
  2017 352  0  3 55 503 352.002725735      -7.66      2.79      0.13  0.       -5217.422       6345.317       3211.127    0.000  -0.139   0.381   0.
  2017 352  0  3 56 503 352.002737309      -7.55      2.90      0.08  0.       -5218.078       6344.749       3209.567    0.000  -0.139   0.381   0.
  2017 352  0  3 57 503 352.002748883      -7.41      2.96      0.11  0.       -5218.734       6344.179       3208.006    0.000  -0.139   0.381   0.
  2017 352  0  3 58 503 352.002760457      -7.34      3.08      0.37  0.       -5219.390       6343.610       3206.445    0.000  -0.139   0.381   0.
  2017 352  0  3 59 503 352.002772031      -7.25      2.98      0.70  0.       -5220.045       6343.039       3204.883    0.000  -0.139   0.381   0.
  2017 352  0  4  0 503 352.002783605      -7.22      2.73      0.89  0.       -5220.700       6342.469       3203.322    0.000  -0.139   0.381   0.
  2017 352  0  4  1 503 352.002795179      -7.24      2.70      1.02  0.       -5221.354       6341.898       3201.760    0.000  -0.139   0.381   0.
  2017 352  0  4  2 503 352.002806754      -7.48      2.81      0.96  0.       -5222.008       6341.327       3200.198    0.000  -0.139   0.381   0.
  2017 352  0  4  3 503 352.002818328      -7.52      3.12      0.83  0.       -5222.662       6340.755       3198.636    0.000  -0.139   0.381   0.
  2017 352  0  4  4 503 352.002829902      -7.65      3.22      0.75  0.       -5223.316       6340.183       3197.074    0.000  -0.139   0.381   0.
  2017 352  0  4  5 503 352.002841476      -7.77      3.25      0.59  0.       -5223.969       6339.611       3195.511    0.000  -0.139   0.381   0.
  2017 352  0  4  6 503 352.002853050      -7.69      3.39      0.47  0.       -5224.622       6339.038       3193.948    0.000  -0.139   0.381   0.
  2017 352  0  4  7 503 352.002864624      -7.57      3.38      0.41  0.       -5225.274       6338.465       3192.386    0.000  -0.139   0.381   0.
  2017 352  0  4  8 503 352.002876198      -7.45      3.39      0.22  0.       -5225.927       6337.891       3190.822    0.000  -0.139   0.381   0.
  2017 352  0  4  9 503 352.002887772      -7.31      3.46      0.11  0.       -5226.579       6337.317       3189.259    0.000  -0.139   0.381   0.
  2017 352  0  4 10 503 352.002899344      -7.18      3.49      0.02  0.       -5227.230       6336.742       3187.696    0.000  -0.139   0.381   0.
  2017 352  0  4 11 503 352.002910917      -7.06      3.64      0.07  0.       -5227.881       6336.168       3186.132    0.000  -0.139   0.381   0.
  2017 352  0  4 12 503 352.002922491      -7.05      3.96      0.09  0.       -5228.532       6335.592       3184.568    0.000  -0.139   0.381   0.
  2017 352  0  4 13 503 352.002934065      -7.29      4.20      0.12  0.       -5229.183       6335.017       3183.004    0.000  -0.139   0.381   0.
  2017 352  0  4 14 503 352.002945639      -7.50      4.13      0.28  0.       -5229.833       6334.441       3181.440    0.000  -0.139   0.381   0.
  2017 352  0  4 15 503 352.002957214      -7.64      4.06      0.58  0.       -5230.483       6333.864       3179.875    0.000  -0.139   0.381   0.
  2017 352  0  4 16 503 352.002968788      -7.59      3.98      0.66  0.       -5231.133       6333.287       3178.310    0.000  -0.139   0.381   0.
  2017 352  0  4 17 503 352.002980362      -7.33      3.83      0.64  0.       -5231.782       6332.710       3176.745    0.000  -0.139   0.381   0.
  2017 352  0  4 18 503 352.002991936      -7.17      3.71      0.59  0.       -5232.431       6332.133       3175.180    0.000  -0.139   0.381   0.
  2017 352  0  4 19 503 352.003003510      -7.01      3.61      0.50  0.       -5233.079       6331.555       3173.615    0.000  -0.139   0.381   0.
  2017 352  0  4 20 503 352.003015084      -6.83      3.45      0.53  0.       -5233.728       6330.976       3172.050    0.000  -0.139   0.381   0.
  2017 352  0  4 21 503 352.003026658      -6.71      3.30      0.61  0.       -5234.376       6330.397       3170.484    0.000  -0.139   0.381   0.
  2017 352  0  4 22 503 352.003038232      -6.70      3.33      0.57  0.       -5235.023       6329.818       3168.918    0.000  -0.139   0.381   0.
  2017 352  0  4 23 503 352.003049806      -6.72      3.34      0.59  0.       -5235.671       6329.239       3167.352    0.000  -0.139   0.381   0.
  2017 352  0  4 24 503 352.003061380      -6.78      3.23      0.74  0.       -5236.318       6328.659       3165.786    0.000  -0.139   0.381   0.
  2017 352  0  4 25 503 352.003072954      -6.83      3.15      0.84  0.       -5236.964       6328.078       3164.219    0.000  -0.139   0.381   0.
  2017 352  0  4 26 503 352.003084528      -6.78      3.15      0.95  0.       -5237.611       6327.497       3162.652    0.000  -0.139   0.381   0.
  2017 352  0  4 27 503 352.003096102      -6.75      3.03      0.91  0.       -5238.257       6326.916       3161.085    0.000  -0.139   0.381   0.
  2017 352  0  4 28 503 352.003107677      -6.83      2.77      1.10  0.       -5238.902       6326.335       3159.518    0.000  -0.139   0.381   0.
  2017 352  0  4 29 503 352.003119251      -6.91      2.58      1.37  0.       -5239.548       6325.753       3157.951    0.000  -0.139   0.381   0.
  2017 352  0  4 30 503 352.003130825      -7.02      2.30      1.46  0.       -5240.193       6325.170       3156.384    0.000  -0.139   0.381   0.
  2017 352  0  4 31 503 352.003142399      -6.98      2.10      1.41  0.       -5240.837       6324.587       3154.816    0.000  -0.139   0.381   0.
  2017 352  0  4 32 503 352.003153973      -6.97      2.21      1.38  0.       -5241.482       6324.004       3153.247    0.000  -0.139   0.381   0.
  2017 352  0  4 33 503 352.003165547      -7.05      2.39      1.23  0.       -5242.126       6323.421       3151.680    0.000  -0.139   0.381   0.
  2017 352  0  4 34 503 352.003177121      -7.04      2.71      1.12  0.       -5242.769       6322.837       3150.111    0.000  -0.139   0.381   0.
  2017 352  0  4 35 503 352.003188695      -7.19      2.87      1.06  0.       -5243.413       6322.252       3148.543    0.000  -0.139   0.381   0.
  2017 352  0  4 36 503 352.003200269      -7.31      2.93      0.94  0.       -5244.056       6321.667       3146.975    0.000  -0.139   0.381   0.
  2017 352  0  4 37 503 352.003211843      -7.29      2.86      0.88  0.       -5244.698       6321.082       3145.406    0.000  -0.139   0.381   0.
  2017 352  0  4 38 503 352.003223417      -7.31      2.69      0.87  0.       -5245.341       6320.497       3143.836    0.000  -0.139   0.381   0.
  2017 352  0  4 39 503 352.003234991      -7.24      2.70      0.84  0.       -5245.983       6319.911       3142.267    0.000  -0.139   0.381   0.
  2017 352  0  4 40 503 352.003246563      -7.22      2.87      0.80  0.       -5246.624       6319.324       3140.698    0.000  -0.139   0.381   0.
  2017 352  0  4 41 502 352.003258137      -7.23      3.09      0.83  0.       -5247.266       6318.738       3139.128    0.000  -0.139   0.381   0.
  2017 352  0  4 42 503 352.003269711      -7.33      3.40      0.84  0.       -5247.907       6318.151       3137.558    0.000  -0.139   0.381   0.
  2017 352  0  4 43 503 352.003281285      -7.52      3.66      1.01  0.       -5248.548       6317.563       3135.988    0.000  -0.139   0.381   0.
  2017 352  0  4 44 503 352.003292859      -7.58      3.78      1.05  0.       -5249.188       6316.975       3134.418    0.000  -0.139   0.381   0.
  2017 352  0  4 45 503 352.003304433      -7.61      4.06      1.00  0.       -5249.828       6316.387       3132.847    0.000  -0.139   0.381   0.
  2017 352  0  4 46 503 352.003316007      -7.60      4.36      0.99  0.       -5250.468       6315.798       3131.277    0.000  -0.139   0.381   0.
  2017 352  0  4 47 502 352.003327581      -7.47      4.30      1.00  0.       -5251.107       6315.209       3129.706    0.000  -0.139   0.381   0.
  2017 352  0  4 48 502 352.003339155      -7.23      4.06      1.06  0.       -5251.746       6314.619       3128.135    0.000  -0.139   0.381   0.
  2017 352  0  4 49 502 352.003350729      -7.21      3.85      1.10  0.       -5252.385       6314.029       3126.564    0.000  -0.139   0.381   0.
  2017 352  0  4 50 502 352.003362303      -7.21      3.91      1.07  0.       -5253.023       6313.439       3124.992    0.000  -0.139   0.381   0.
  2017 352  0  4 51 502 352.003373877      -7.31      3.93      1.24  0.       -5253.661       6312.848       3123.420    0.000  -0.139   0.381   0.
  2017 352  0  4 52 503 352.003385451      -7.59      3.96      1.28  0.       -5254.299       6312.257       3121.849    0.000  -0.139   0.381   0.
  2017 352  0  4 53 503 352.003397025      -7.87      4.00      1.04  0.       -5254.936       6311.666       3120.277    0.000  -0.139   0.381   0.
  2017 352  0  4 54 502 352.003408600      -7.87      4.06      0.77  0.       -5255.574       6311.074       3118.704    0.000  -0.139   0.381   0.
  2017 352  0  4 55 502 352.003420174      -7.90      3.97      0.69  0.       -5256.210       6310.481       3117.132    0.000  -0.139   0.381   0.
  2017 352  0  4 56 503 352.003431748      -7.89      3.70      0.81  0.       -5256.847       6309.888       3115.559    0.000  -0.139   0.381   0.
  2017 352  0  4 57 503 352.003443322      -7.94      3.63      0.94  0.       -5257.483       6309.295       3113.986    0.000  -0.139   0.381   0.
  2017 352  0  4 58 503 352.003454896      -7.91      3.71      0.92  0.       -5258.118       6308.702       3112.413    0.000  -0.139   0.381   0.
  2017 352  0  4 59 503 352.003466470      -7.88      3.80      0.82  0.       -5258.754       6308.108       3110.840    0.000  -0.139   0.381   0.
  2017 352  0  5  0 503 352.003478044      -7.81      3.92      0.62  0.       -5259.389       6307.514       3109.267    0.000  -0.139   0.381   0.
  2017 352  0  5  1 502 352.003489618      -7.71      3.98      0.52  0.       -5260.024       6306.919       3107.693    0.000  -0.139   0.381   0.
  2017 352  0  5  2 502 352.003501192      -7.60      3.98      0.54  0.       -5260.658       6306.324       3106.119    0.000  -0.139   0.381   0.
  2017 352  0  5  3 502 352.003512766      -7.53      3.96      0.56  0.       -5261.292       6305.728       3104.545    0.000  -0.139   0.381   0.
  2017 352  0  5  4 502 352.003524340      -7.45      3.77      0.63  0.       -5261.926       6305.132       3102.971    0.000  -0.139   0.381   0.
  2017 352  0  5  5 503 352.003535914      -7.51      3.50      0.86  0.       -5262.559       6304.536       3101.397    0.000  -0.139   0.381   0.
  2017 352  0  5  6 503 352.003547488      -7.48      3.36      1.00  0.       -5263.192       6303.939       3099.822    0.000  -0.139   0.381   0.
  2017 352  0  5  7 503 352.003559063      -7.38      3.39      1.06  0.       -5263.825       6303.342       3098.247    0.000  -0.139   0.381   0.
  2017 352  0  5  8 502 352.003570635      -7.25      3.44      1.17  0.       -5264.458       6302.744       3096.672    0.000  -0.139   0.381   0.
  2017 352  0  5  9 502 352.003582208      -7.20      3.46      1.22  0.       -5265.090       6302.147       3095.097    0.000  -0.139   0.381   0.
  2017 352  0  5 10 502 352.003593782      -7.03      3.34      1.31  0.       -5265.721       6301.548       3093.522    0.000  -0.139   0.381   0.
  2017 352  0  5 11 502 352.003605356      -7.00      3.13      1.29  0.       -5266.353       6300.950       3091.946    0.000  -0.139   0.381   0.
  2017 352  0  5 12 502 352.003616930      -6.92      3.01      1.38  0.       -5266.984       6300.350       3090.370    0.000  -0.139   0.381   0.
  2017 352  0  5 13 502 352.003628504      -6.87      2.92      1.48  0.       -5267.615       6299.751       3088.794    0.000  -0.139   0.381   0.
  2017 352  0  5 14 502 352.003640078      -7.00      2.86      1.58  0.       -5268.245       6299.151       3087.218    0.000  -0.139   0.381   0.
  2017 352  0  5 15 502 352.003651652      -7.17      2.64      1.65  0.       -5268.875       6298.551       3085.642    0.000  -0.139   0.381   0.
  2017 352  0  5 16 502 352.003663226      -7.29      2.52      1.69  0.       -5269.505       6297.950       3084.065    0.000  -0.139   0.381   0.
  2017 352  0  5 17 502 352.003674800      -7.27      2.41      1.64  0.       -5270.134       6297.349       3082.489    0.000  -0.139   0.381   0.
  2017 352  0  5 18 502 352.003686374      -7.32      2.17      1.52  0.       -5270.763       6296.747       3080.912    0.000  -0.139   0.381   0.
  2017 352  0  5 19 502 352.003697948      -7.32      1.91      1.47  0.       -5271.392       6296.145       3079.334    0.000  -0.139   0.381   0.
  2017 352  0  5 20 502 352.003709523      -7.37      1.74      1.30  0.       -5272.020       6295.543       3077.757    0.000  -0.139   0.381   0.
  2017 352  0  5 21 502 352.003721097      -7.33      1.75      1.03  0.       -5272.649       6294.940       3076.179    0.000  -0.139   0.381   0.
  2017 352  0  5 22 502 352.003732671      -7.39      1.69      0.89  0.       -5273.276       6294.337       3074.602    0.000  -0.139   0.381   0.
  2017 352  0  5 23 502 352.003744245      -7.49      1.71      0.75  0.       -5273.904       6293.734       3073.024    0.000  -0.139   0.381   0.
  2017 352  0  5 24 502 352.003755819      -7.42      1.61      0.68  0.       -5274.531       6293.130       3071.446    0.000  -0.139   0.381   0.
  2017 352  0  5 25 502 352.003767393      -7.30      1.39      0.67  0.       -5275.157       6292.525       3069.867    0.000  -0.139   0.381   0.
  2017 352  0  5 26 502 352.003778967      -7.16      1.19      0.60  0.       -5275.784       6291.921       3068.289    0.000  -0.139   0.381   0.
  2017 352  0  5 27 502 352.003790541      -6.94      1.15      0.57  0.       -5276.410       6291.316       3066.710    0.000  -0.139   0.381   0.
  2017 352  0  5 28 502 352.003802115      -6.82      1.29      0.56  0.       -5277.036       6290.710       3065.131    0.000  -0.139   0.381   0.
  2017 352  0  5 29 502 352.003813689      -6.78      1.44      0.53  0.       -5277.661       6290.104       3063.552    0.000  -0.139   0.381   0.
  2017 352  0  5 30 502 352.003825263      -6.78      1.55      0.50  0.       -5278.286       6289.498       3061.973    0.000  -0.139   0.381   0.
  2017 352  0  5 31 502 352.003836837      -6.83      1.52      0.57  0.       -5278.911       6288.891       3060.393    0.000  -0.139   0.381   0.
  2017 352  0  5 32 502 352.003848411      -6.81      1.32      0.65  0.       -5279.535       6288.284       3058.814    0.000  -0.139   0.381   0.
  2017 352  0  5 33 502 352.003859986      -6.72      1.11      0.72  0.       -5280.159       6287.677       3057.234    0.000  -0.139   0.381   0.
  2017 352  0  5 34 502 352.003871560      -6.74      1.08      0.61  0.       -5280.783       6287.069       3055.654    0.000  -0.139   0.381   0.
  2017 352  0  5 35 502 352.003883134      -6.64      1.22      0.50  0.       -5281.406       6286.460       3054.073    0.000  -0.139   0.381   0.
  2017 352  0  5 36 502 352.003894708      -6.64      1.50      0.52  0.       -5282.029       6285.851       3052.493    0.000  -0.139   0.381   0.
  2017 352  0  5 37 502 352.003906282      -6.60      1.83      0.51  0.       -5282.652       6285.242       3050.912    0.000  -0.139   0.381   0.
  2017 352  0  5 38 502 352.003917854      -6.48      2.13      0.53  0.       -5283.274       6284.633       3049.331    0.000  -0.139   0.381   0.
  2017 352  0  5 39 502 352.003929427      -6.50      2.37      0.49  0.       -5283.896       6284.023       3047.750    0.000  -0.139   0.381   0.
  2017 352  0  5 40 502 352.003941001      -6.65      2.62      0.38  0.       -5284.518       6283.413       3046.169    0.000  -0.139   0.381   0.
  2017 352  0  5 41 502 352.003952575      -6.69      2.63      0.39  0.       -5285.139       6282.802       3044.588    0.000  -0.139   0.381   0.
  2017 352  0  5 42 502 352.003964149      -6.74      2.64      0.43  0.       -5285.760       6282.191       3043.006    0.000  -0.139   0.381   0.
  2017 352  0  5 43 502 352.003975723      -6.78      2.63      0.47  0.       -5286.381       6281.579       3041.424    0.000  -0.139   0.381   0.
  2017 352  0  5 44 502 352.003987297      -6.80      2.61      0.52  0.       -5287.001       6280.967       3039.842    0.000  -0.139   0.381   0.
  2017 352  0  5 45 502 352.003998872      -6.86      2.59      0.63  0.       -5287.621       6280.355       3038.260    0.000  -0.139   0.381   0.
  2017 352  0  5 46 502 352.004010446      -6.90      2.54      0.64  0.       -5288.241       6279.742       3036.678    0.000  -0.139   0.381   0.
  2017 352  0  5 47 502 352.004022020      -6.85      2.51      0.62  0.       -5288.860       6279.129       3035.095    0.000  -0.139   0.381   0.
  2017 352  0  5 48 502 352.004033594      -6.87      2.56      0.59  0.       -5289.479       6278.516       3033.512    0.000  -0.139   0.381   0.
  2017 352  0  5 49 502 352.004045168      -6.90      2.56      0.54  0.       -5290.098       6277.902       3031.929    0.000  -0.139   0.381   0.
  2017 352  0  5 50 502 352.004056742      -6.92      2.53      0.53  0.       -5290.716       6277.287       3030.346    0.000  -0.139   0.381   0.
  2017 352  0  5 51 502 352.004068316      -6.90      2.52      0.56  0.       -5291.334       6276.672       3028.763    0.000  -0.139   0.381   0.
  2017 352  0  5 52 502 352.004079890      -6.95      2.55      0.52  0.       -5291.952       6276.057       3027.179    0.000  -0.139   0.381   0.
  2017 352  0  5 53 502 352.004091464      -6.99      2.67      0.49  0.       -5292.569       6275.442       3025.595    0.000  -0.139   0.381   0.
  2017 352  0  5 54 502 352.004103038      -6.98      2.73      0.48  0.       -5293.186       6274.826       3024.011    0.000  -0.139   0.381   0.
  2017 352  0  5 55 502 352.004114612      -7.03      2.68      0.46  0.       -5293.803       6274.210       3022.427    0.000  -0.139   0.381   0.
  2017 352  0  5 56 502 352.004126186      -7.06      2.64      0.53  0.       -5294.419       6273.593       3020.843    0.000  -0.139   0.381   0.
  2017 352  0  5 57 502 352.004137760      -6.97      2.54      0.59  0.       -5295.035       6272.976       3019.258    0.000  -0.139   0.381   0.
  2017 352  0  5 58 502 352.004149335      -7.03      2.35      0.66  0.       -5295.650       6272.358       3017.674    0.000  -0.139   0.381   0.
  2017 352  0  5 59 502 352.004160909      -7.08      2.19      0.71  0.       -5296.266       6271.740       3016.089    0.000  -0.139   0.381   0.
  2017 352  0  6  0 502 352.004172483      -7.08      2.30      0.74  0.       -5296.881       6271.122       3014.504    0.000  -0.139   0.381   0.
  2017 352  0  6  1 502 352.004184057      -7.16      2.43      0.74  0.       -5297.495       6270.503       3012.918    0.000  -0.139   0.381   0.
  2017 352  0  6  2 502 352.004195631      -7.22      2.45      0.79  0.       -5298.109       6269.884       3011.333    0.000  -0.139   0.381   0.
  2017 352  0  6  3 502 352.004207205      -7.19      2.46      0.82  0.       -5298.723       6269.264       3009.747    0.000  -0.139   0.381   0.
  2017 352  0  6  4 502 352.004218779      -7.27      2.42      0.81  0.       -5299.337       6268.644       3008.161    0.000  -0.139   0.381   0.
  2017 352  0  6  5 502 352.004230353      -7.27      2.40      0.77  0.       -5299.950       6268.024       3006.575    0.000  -0.139   0.381   0.
  2017 352  0  6  6 502 352.004241925      -7.25      2.32      0.78  0.       -5300.563       6267.403       3004.989    0.000  -0.139   0.381   0.
  2017 352  0  6  7 502 352.004253498      -7.14      2.29      0.71  0.       -5301.176       6266.782       3003.402    0.000  -0.139   0.381   0.
  2017 352  0  6  8 502 352.004265072      -7.11      2.23      0.79  0.       -5301.788       6266.161       3001.816    0.000  -0.139   0.381   0.
  2017 352  0  6  9 502 352.004276646      -7.19      2.19      0.84  0.       -5302.400       6265.539       3000.229    0.000  -0.139   0.381   0.
  2017 352  0  6 10 502 352.004288221      -7.27      2.15      0.83  0.       -5303.011       6264.916       2998.642    0.000  -0.139   0.381   0.
  2017 352  0  6 11 502 352.004299795      -7.31      2.05      0.81  0.       -5303.622       6264.293       2997.055    0.000  -0.139   0.381   0.
  2017 352  0  6 12 502 352.004311369      -7.30      2.09      0.86  0.       -5304.233       6263.670       2995.467    0.000  -0.139   0.381   0.
  2017 352  0  6 13 502 352.004322943      -7.33      2.16      0.86  0.       -5304.844       6263.047       2993.879    0.000  -0.139   0.381   0.
  2017 352  0  6 14 502 352.004334517      -7.34      2.22      0.94  0.       -5305.454       6262.423       2992.292    0.000  -0.139   0.381   0.
  2017 352  0  6 15 502 352.004346091      -7.37      2.30      1.07  0.       -5306.064       6261.798       2990.704    0.000  -0.139   0.381   0.
  2017 352  0  6 16 502 352.004357665      -7.46      2.44      1.13  0.       -5306.673       6261.174       2989.115    0.000  -0.139   0.381   0.
  2017 352  0  6 17 502 352.004369239      -7.41      2.60      1.10  0.       -5307.282       6260.548       2987.527    0.000  -0.139   0.381   0.
  2017 352  0  6 18 502 352.004380813      -7.40      2.72      1.06  0.       -5307.891       6259.923       2985.938    0.000  -0.139   0.381   0.
  2017 352  0  6 19 502 352.004392387      -7.43      2.70      1.05  0.       -5308.499       6259.297       2984.350    0.000  -0.139   0.381   0.
  2017 352  0  6 20 502 352.004403961      -7.43      2.63      1.09  0.       -5309.107       6258.670       2982.761    0.000  -0.139   0.381   0.
  2017 352  0  6 21 502 352.004415535      -7.47      2.66      1.07  0.       -5309.716       6258.044       2981.171    0.000  -0.139   0.381   0.
  2017 352  0  6 22 502 352.004427109      -7.45      2.65      1.09  0.       -5310.323       6257.416       2979.582    0.000  -0.139   0.381   0.
  2017 352  0  6 23 502 352.004438683      -7.42      2.58      1.16  0.       -5310.930       6256.789       2977.993    0.000  -0.139   0.381   0.
  2017 352  0  6 24 502 352.004450258      -7.45      2.53      1.18  0.       -5311.537       6256.161       2976.403    0.000  -0.139   0.381   0.
  2017 352  0  6 25 502 352.004461832      -7.50      2.37      1.22  0.       -5312.143       6255.532       2974.813    0.000  -0.139   0.381   0.
  2017 352  0  6 26 502 352.004473406      -7.47      2.28      1.22  0.       -5312.749       6254.904       2973.223    0.000  -0.139   0.381   0.
  2017 352  0  6 27 502 352.004484980      -7.41      2.35      1.20  0.       -5313.355       6254.274       2971.633    0.000  -0.139   0.381   0.
  2017 352  0  6 28 502 352.004496554      -7.31      2.47      1.23  0.       -5313.960       6253.645       2970.042    0.000  -0.139   0.381   0.
  2017 352  0  6 29 502 352.004508128      -7.39      2.63      1.17  0.       -5314.565       6253.015       2968.451    0.000  -0.139   0.381   0.
  2017 352  0  6 30 502 352.004519702      -7.52      2.70      1.16  0.       -5315.170       6252.384       2966.861    0.000  -0.139   0.381   0.
  2017 352  0  6 31 502 352.004531276      -7.76      2.69      1.05  0.       -5315.774       6251.753       2965.269    0.000  -0.139   0.381   0.
  2017 352  0  6 32 502 352.004542850      -8.12      2.75      0.90  0.       -5316.378       6251.122       2963.678    0.000  -0.139   0.381   0.
  2017 352  0  6 33 502 352.004554424      -8.36      2.94      0.66  0.       -5316.982       6250.491       2962.087    0.000  -0.139   0.381   0.
  2017 352  0  6 34 502 352.004565998      -8.51      3.03      0.37  0.       -5317.585       6249.859       2960.495    0.000  -0.139   0.381   0.
  2017 352  0  6 35 502 352.004577572      -8.39      3.11      0.15  0.       -5318.188       6249.226       2958.903    0.000  -0.139   0.381   0.
  2017 352  0  6 36 502 352.004589146      -8.22      3.06      0.05  0.       -5318.791       6248.593       2957.311    0.000  -0.139   0.381   0.
  2017 352  0  6 37 502 352.004600721      -7.94      3.17      0.23  0.       -5319.393       6247.960       2955.719    0.000  -0.139   0.381   0.
  2017 352  0  6 38 502 352.004612292      -7.95      3.22      0.26  0.       -5319.995       6247.326       2954.127    0.000  -0.139   0.381   0.
  2017 352  0  6 39 502 352.004623866      -7.91      3.29      0.24  0.       -5320.597       6246.692       2952.534    0.000  -0.139   0.381   0.
  2017 352  0  6 40 502 352.004635440      -7.86      3.20      0.54  0.       -5321.198       6246.058       2950.941    0.000  -0.139   0.381   0.
  2017 352  0  6 41 502 352.004647014      -7.91      3.16      0.52  0.       -5321.799       6245.423       2949.348    0.000  -0.139   0.381   0.
  2017 352  0  6 42 502 352.004658588      -7.80      3.30      0.46  0.       -5322.400       6244.788       2947.755    0.000  -0.139   0.381   0.
  2017 352  0  6 43 501 352.004670162      -7.70      3.40      0.43  0.       -5323.000       6244.152       2946.162    0.000  -0.139   0.381   0.
  2017 352  0  6 44 501 352.004681736      -7.71      3.40      0.41  0.       -5323.600       6243.516       2944.568    0.000  -0.139   0.381   0.
  2017 352  0  6 45 501 352.004693310      -7.69      3.44      0.31  0.       -5324.199       6242.880       2942.974    0.000  -0.139   0.381   0.
  2017 352  0  6 46 501 352.004704884      -7.68      3.48      0.17  0.       -5324.798       6242.243       2941.380    0.000  -0.139   0.381   0.
  2017 352  0  6 47 501 352.004716458      -7.57      3.57      0.05  0.       -5325.397       6241.605       2939.786    0.000  -0.139   0.381   0.
  2017 352  0  6 48 502 352.004728032      -7.36      3.59      0.01  0.       -5325.996       6240.968       2938.192    0.000  -0.139   0.381   0.
  2017 352  0  6 49 502 352.004739606      -7.30      3.58      0.11  0.       -5326.594       6240.330       2936.597    0.000  -0.139   0.381   0.
  2017 352  0  6 50 501 352.004751181      -7.24      3.66      0.14  0.       -5327.192       6239.691       2935.003    0.000  -0.139   0.381   0.
  2017 352  0  6 51 501 352.004762755      -7.12      3.59      0.08  0.       -5327.789       6239.052       2933.408    0.000  -0.139   0.381   0.
  2017 352  0  6 52 502 352.004774329      -7.01      3.57     -0.01  0.       -5328.386       6238.413       2931.813    0.000  -0.139   0.381   0.
  2017 352  0  6 53 502 352.004785903      -6.85      3.48     -0.00  0.       -5328.983       6237.773       2930.217    0.000  -0.139   0.381   0.
  2017 352  0  6 54 502 352.004797477      -6.69      3.38      0.08  0.       -5329.580       6237.133       2928.622    0.000  -0.139   0.381   0.
  2017 352  0  6 55 502 352.004809051      -6.52      3.21      0.27  0.       -5330.176       6236.493       2927.026    0.000  -0.139   0.381   0.
  2017 352  0  6 56 501 352.004820625      -6.37      3.13      0.42  0.       -5330.771       6235.852       2925.430    0.000  -0.139   0.381   0.
  2017 352  0  6 57 501 352.004832199      -6.25      3.10      0.56  0.       -5331.367       6235.210       2923.834    0.000  -0.139   0.381   0.
  2017 352  0  6 58 501 352.004843773      -6.36      2.97      0.73  0.       -5331.962       6234.569       2922.238    0.000  -0.139   0.381   0.
  2017 352  0  6 59 501 352.004855347      -6.68      2.95      0.74  0.       -5332.557       6233.927       2920.642    0.000  -0.139   0.381   0.
  2017 352  0  7  0 501 352.004866921      -6.73      3.40      0.65  0.       -5333.151       6233.284       2919.045    0.000  -0.139   0.381   0.
  2017 352  0  7  1 502 352.004878495      -6.61      3.63      0.68  0.       -5333.745       6232.641       2917.448    0.000  -0.139   0.381   0.
  2017 352  0  7  2 502 352.004890069      -6.65      3.69      0.77  0.       -5334.339       6231.998       2915.851    0.000  -0.139   0.381   0.
  2017 352  0  7  3 501 352.004901643      -6.67      3.54      0.67  0.       -5334.932       6231.354       2914.254    0.000  -0.139   0.381   0.
  2017 352  0  7  4 501 352.004913218      -6.67      3.26      0.48  0.       -5335.525       6230.710       2912.657    0.000  -0.139   0.381   0.
  2017 352  0  7  5 502 352.004924792      -6.61      3.00      0.47  0.       -5336.118       6230.065       2911.059    0.000  -0.139   0.381   0.
  2017 352  0  7  6 502 352.004936364      -6.53      2.98      0.40  0.       -5336.710       6229.420       2909.462    0.000  -0.139   0.381   0.
  2017 352  0  7  7 501 352.004947937      -6.43      2.80      0.55  0.       -5337.302       6228.775       2907.864    0.000  -0.139   0.381   0.
  2017 352  0  7  8 501 352.004959511      -6.50      2.58      0.64  0.       -5337.893       6228.129       2906.266    0.000  -0.139   0.381   0.
  2017 352  0  7  9 501 352.004971085      -6.55      2.39      0.78  0.       -5338.485       6227.483       2904.667    0.000  -0.139   0.381   0.
  2017 352  0  7 10 501 352.004982659      -6.55      2.17      0.85  0.       -5339.076       6226.837       2903.069    0.000  -0.139   0.381   0.
  2017 352  0  7 11 501 352.004994233      -6.55      2.02      0.86  0.       -5339.666       6226.190       2901.470    0.000  -0.139   0.381   0.
  2017 352  0  7 12 501 352.005005807      -6.55      1.75      0.90  0.       -5340.256       6225.542       2899.871    0.000  -0.139   0.381   0.
  2017 352  0  7 13 501 352.005017381      -6.53      1.61      0.89  0.       -5340.846       6224.894       2898.272    0.000  -0.139   0.381   0.
  2017 352  0  7 14 501 352.005028955      -6.66      1.62      0.88  0.       -5341.436       6224.246       2896.673    0.000  -0.139   0.381   0.
  2017 352  0  7 15 501 352.005040530      -6.76      1.63      0.88  0.       -5342.025       6223.598       2895.074    0.000  -0.139   0.381   0.
  2017 352  0  7 16 501 352.005052104      -6.76      1.65      0.94  0.       -5342.614       6222.949       2893.474    0.000  -0.139   0.381   0.
  2017 352  0  7 17 501 352.005063678      -6.79      1.59      1.12  0.       -5343.202       6222.299       2891.874    0.000  -0.139   0.381   0.
  2017 352  0  7 18 501 352.005075252      -6.90      1.55      1.16  0.       -5343.790       6221.649       2890.274    0.000  -0.139   0.381   0.
  2017 352  0  7 19 501 352.005086826      -6.98      1.53      1.14  0.       -5344.378       6220.999       2888.674    0.000  -0.139   0.381   0.
  2017 352  0  7 20 501 352.005098400      -6.97      1.51      1.11  0.       -5344.966       6220.349       2887.074    0.000  -0.139   0.381   0.
  2017 352  0  7 21 501 352.005109974      -7.04      1.47      1.02  0.       -5345.553       6219.697       2885.473    0.000  -0.139   0.381   0.
  2017 352  0  7 22 501 352.005121548      -7.05      1.55      1.01  0.       -5346.139       6219.046       2883.872    0.000  -0.139   0.381   0.
  2017 352  0  7 23 501 352.005133122      -7.07      1.59      1.05  0.       -5346.726       6218.394       2882.271    0.000  -0.139   0.381   0.
  2017 352  0  7 24 501 352.005144696      -7.22      1.72      1.02  0.       -5347.312       6217.742       2880.670    0.000  -0.139   0.381   0.
  2017 352  0  7 25 501 352.005156270      -7.34      1.91      1.00  0.       -5347.897       6217.089       2879.069    0.000  -0.139   0.381   0.
  2017 352  0  7 26 501 352.005167844      -7.35      2.09      0.99  0.       -5348.483       6216.436       2877.467    0.000  -0.139   0.381   0.
  2017 352  0  7 27 501 352.005179418      -7.33      2.33      0.92  0.       -5349.068       6215.783       2875.866    0.000  -0.139   0.381   0.
  2017 352  0  7 28 501 352.005190992      -7.45      2.47      0.82  0.       -5349.652       6215.129       2874.264    0.000  -0.139   0.381   0.
  2017 352  0  7 29 501 352.005202567      -7.46      2.43      0.88  0.       -5350.237       6214.475       2872.662    0.000  -0.139   0.381   0.
  2017 352  0  7 30 501 352.005214141      -7.58      2.34      0.96  0.       -5350.821       6213.820       2871.060    0.000  -0.139   0.381   0.
  2017 352  0  7 31 501 352.005225715      -7.69      2.32      1.13  0.       -5351.404       6213.165       2869.457    0.000  -0.139   0.381   0.
  2017 352  0  7 32 501 352.005237289      -7.74      2.38      1.32  0.       -5351.987       6212.509       2867.854    0.000  -0.139   0.381   0.
  2017 352  0  7 33 501 352.005248863      -7.80      2.37      1.46  0.       -5352.570       6211.854       2866.252    0.000  -0.139   0.381   0.
  2017 352  0  7 34 501 352.005260437      -7.84      2.41      1.61  0.       -5353.153       6211.197       2864.649    0.000  -0.139   0.381   0.
  2017 352  0  7 35 501 352.005272011      -7.88      2.51      1.66  0.       -5353.735       6210.540       2863.045    0.000  -0.139   0.381   0.
  2017 352  0  7 36 501 352.005283583      -7.78      2.57      1.70  0.       -5354.317       6209.883       2861.442    0.000  -0.139   0.381   0.
  2017 352  0  7 37 501 352.005295156      -7.70      2.72      1.63  0.       -5354.898       6209.226       2859.839    0.000  -0.139   0.381   0.
  2017 352  0  7 38 501 352.005306730      -7.71      2.79      1.53  0.       -5355.480       6208.568       2858.235    0.000  -0.139   0.381   0.
  2017 352  0  7 39 501 352.005318304      -7.70      2.81      1.49  0.       -5356.060       6207.909       2856.631    0.000  -0.139   0.381   0.
  2017 352  0  7 40 501 352.005329878      -7.65      2.94      1.52  0.       -5356.641       6207.251       2855.027    0.000  -0.139   0.381   0.
  2017 352  0  7 41 501 352.005341453      -7.64      3.02      1.35  0.       -5357.221       6206.592       2853.422    0.000  -0.139   0.381   0.
  2017 352  0  7 42 501 352.005353027      -7.61      3.17      1.28  0.       -5357.801       6205.932       2851.818    0.000  -0.139   0.381   0.
  2017 352  0  7 43 501 352.005364601      -7.60      3.22      1.43  0.       -5358.380       6205.272       2850.213    0.000  -0.139   0.381   0.
  2017 352  0  7 44 501 352.005376175      -7.57      3.25      1.84  0.       -5358.959       6204.612       2848.608    0.000  -0.139   0.381   0.
  2017 352  0  7 45 501 352.005387749      -7.62      3.22      2.40  0.       -5359.538       6203.951       2847.003    0.000  -0.139   0.381   0.
  2017 352  0  7 46 501 352.005399323      -7.72      3.21      2.68  0.       -5360.116       6203.290       2845.398    0.000  -0.139   0.381   0.
  2017 352  0  7 47 501 352.005410897      -7.90      3.27      2.69  0.       -5360.694       6202.628       2843.793    0.000  -0.139   0.381   0.
  2017 352  0  7 48 501 352.005422471      -8.00      3.14      2.67  0.       -5361.272       6201.966       2842.187    0.000  -0.139   0.381   0.
  2017 352  0  7 49 501 352.005434045      -8.01      3.19      2.49  0.       -5361.849       6201.304       2840.581    0.000  -0.139   0.381   0.
  2017 352  0  7 50 501 352.005445619      -7.92      3.28      2.49  0.       -5362.426       6200.641       2838.975    0.000  -0.139   0.381   0.
  2017 352  0  7 51 501 352.005457193      -8.07      3.11      2.57  0.       -5363.002       6199.978       2837.369    0.000  -0.139   0.381   0.
  2017 352  0  7 52 501 352.005468767      -8.22      3.00      2.37  0.       -5363.579       6199.314       2835.763    0.000  -0.139   0.381   0.
  2017 352  0  7 53 501 352.005480341      -8.26      3.09      2.12  0.       -5364.155       6198.650       2834.156    0.000  -0.139   0.381   0.
  2017 352  0  7 54 501 352.005491916      -8.16      3.09      1.91  0.       -5364.730       6197.986       2832.549    0.000  -0.139   0.381   0.
  2017 352  0  7 55 501 352.005503490      -8.04      3.05      1.79  0.       -5365.305       6197.321       2830.942    0.000  -0.139   0.381   0.
  2017 352  0  7 56 501 352.005515064      -8.03      3.14      1.64  0.       -5365.880       6196.656       2829.335    0.000  -0.139   0.381   0.
  2017 352  0  7 57 501 352.005526638      -8.05      3.31      1.38  0.       -5366.454       6195.990       2827.728    0.000  -0.139   0.381   0.
  2017 352  0  7 58 501 352.005538212      -8.05      3.47      1.11  0.       -5367.029       6195.324       2826.121    0.000  -0.139   0.381   0.
  2017 352  0  7 59 501 352.005549786      -8.05      3.66      0.98  0.       -5367.602       6194.657       2824.513    0.000  -0.139   0.381   0.
  2017 352  0  8  0 501 352.005561360      -7.99      3.72      0.88  0.       -5368.176       6193.990       2822.905    0.000  -0.139   0.381   0.
  2017 352  0  8  1 501 352.005572934      -8.11      3.50      0.93  0.       -5368.749       6193.323       2821.297    0.000  -0.139   0.381   0.
  2017 352  0  8  2 501 352.005584508      -8.20      3.26      0.86  0.       -5369.322       6192.655       2819.689    0.000  -0.139   0.381   0.
  2017 352  0  8  3 501 352.005596082      -8.23      3.16      0.77  0.       -5369.894       6191.987       2818.080    0.000  -0.139   0.381   0.
  2017 352  0  8  4 501 352.005607654      -8.28      2.97      0.66  0.       -5370.466       6191.319       2816.472    0.000  -0.139   0.381   0.
  2017 352  0  8  5 501 352.005619227      -8.38      2.88      0.62  0.       -5371.037       6190.650       2814.863    0.000  -0.139   0.381   0.
  2017 352  0  8  6 501 352.005630802      -8.44      2.88      0.61  0.       -5371.609       6189.981       2813.254    0.000  -0.139   0.381   0.
  2017 352  0  8  7 501 352.005642376      -8.47      2.95      0.53  0.       -5372.180       6189.311       2811.645    0.000  -0.139   0.381   0.
  2017 352  0  8  8 501 352.005653950      -8.49      2.98      0.47  0.       -5372.750       6188.641       2810.036    0.000  -0.139   0.381   0.
  2017 352  0  8  9 501 352.005665524      -8.46      3.02      0.42  0.       -5373.320       6187.970       2808.426    0.000  -0.139   0.381   0.
  2017 352  0  8 10 501 352.005677098      -8.44      3.08      0.43  0.       -5373.890       6187.299       2806.816    0.000  -0.139   0.381   0.
  2017 352  0  8 11 501 352.005688672      -8.41      3.26      0.49  0.       -5374.460       6186.628       2805.206    0.000  -0.139   0.381   0.
  2017 352  0  8 12 501 352.005700246      -8.39      3.41      0.57  0.       -5375.029       6185.957       2803.596    0.000  -0.139   0.381   0.
  2017 352  0  8 13 501 352.005711820      -8.33      3.44      0.70  0.       -5375.598       6185.284       2801.986    0.000  -0.139   0.381   0.
  2017 352  0  8 14 501 352.005723394      -8.26      3.50      0.81  0.       -5376.166       6184.611       2800.376    0.000  -0.139   0.381   0.
  2017 352  0  8 15 501 352.005734968      -8.21      3.47      0.96  0.       -5376.734       6183.938       2798.765    0.000  -0.139   0.381   0.
  2017 352  0  8 16 501 352.005746542      -8.14      3.40      1.08  0.       -5377.302       6183.265       2797.154    0.000  -0.139   0.381   0.
  2017 352  0  8 17 501 352.005758116      -8.19      3.30      1.11  0.       -5377.869       6182.591       2795.543    0.000  -0.139   0.381   0.
  2017 352  0  8 18 501 352.005769690      -8.22      3.31      1.11  0.       -5378.437       6181.917       2793.932    0.000  -0.139   0.381   0.
  2017 352  0  8 19 501 352.005781264      -8.19      3.49      1.21  0.       -5379.003       6181.242       2792.321    0.000  -0.139   0.381   0.
  2017 352  0  8 20 501 352.005792839      -8.20      3.67      1.26  0.       -5379.570       6180.567       2790.709    0.000  -0.139   0.381   0.
  2017 352  0  8 21 501 352.005804413      -8.22      3.79      1.29  0.       -5380.135       6179.892       2789.097    0.000  -0.139   0.381   0.
  2017 352  0  8 22 501 352.005815987      -8.21      3.84      1.30  0.       -5380.701       6179.216       2787.485    0.000  -0.139   0.381   0.
  2017 352  0  8 23 501 352.005827561      -8.22      3.88      1.26  0.       -5381.266       6178.540       2785.873    0.000  -0.139   0.381   0.
  2017 352  0  8 24 501 352.005839135      -8.14      3.85      1.22  0.       -5381.831       6177.863       2784.261    0.000  -0.139   0.381   0.
  2017 352  0  8 25 501 352.005850709      -8.03      3.81      1.21  0.       -5382.396       6177.186       2782.649    0.000  -0.139   0.381   0.
  2017 352  0  8 26 501 352.005862283      -7.93      3.72      1.19  0.       -5382.960       6176.509       2781.036    0.000  -0.139   0.381   0.
  2017 352  0  8 27 501 352.005873857      -7.71      3.63      1.29  0.       -5383.524       6175.831       2779.423    0.000  -0.139   0.381   0.
  2017 352  0  8 28 501 352.005885431      -7.59      3.49      1.32  0.       -5384.087       6175.152       2777.810    0.000  -0.139   0.381   0.
  2017 352  0  8 29 501 352.005897005      -7.43      3.37      1.29  0.       -5384.650       6174.474       2776.197    0.000  -0.139   0.381   0.
  2017 352  0  8 30 501 352.005908579      -7.28      3.20      1.26  0.       -5385.213       6173.795       2774.583    0.000  -0.139   0.381   0.
  2017 352  0  8 31 501 352.005920153      -7.16      3.00      1.23  0.       -5385.776       6173.115       2772.970    0.000  -0.139   0.381   0.
  2017 352  0  8 32 501 352.005931727      -7.10      2.84      1.24  0.       -5386.338       6172.435       2771.356    0.000  -0.139   0.381   0.
  2017 352  0  8 33 501 352.005943302      -7.01      2.78      1.21  0.       -5386.899       6171.755       2769.742    0.000  -0.139   0.381   0.
  2017 352  0  8 34 501 352.005954873      -6.94      2.79      1.13  0.       -5387.461       6171.074       2768.128    0.000  -0.139   0.381   0.
  2017 352  0  8 35 501 352.005966447      -7.05      2.77      1.09  0.       -5388.022       6170.393       2766.514    0.000  -0.139   0.381   0.
  2017 352  0  8 36 501 352.005978021      -7.17      2.80      1.01  0.       -5388.582       6169.711       2764.899    0.000  -0.139   0.381   0.
  2017 352  0  8 37 501 352.005989595      -7.27      2.86      0.92  0.       -5389.143       6169.029       2763.285    0.000  -0.139   0.381   0.
  2017 352  0  8 38 501 352.006001169      -7.38      2.82      0.97  0.       -5389.703       6168.347       2761.670    0.000  -0.139   0.381   0.
  2017 352  0  8 39 500 352.006012743      -7.42      2.68      1.05  0.       -5390.262       6167.664       2760.055    0.000  -0.139   0.381   0.
  2017 352  0  8 40 500 352.006024317      -7.52      2.45      1.13  0.       -5390.821       6166.981       2758.439    0.000  -0.139   0.381   0.
  2017 352  0  8 41 500 352.006035891      -7.57      2.31      1.10  0.       -5391.380       6166.297       2756.824    0.000  -0.139   0.381   0.
  2017 352  0  8 42 500 352.006047465      -7.66      2.31      1.09  0.       -5391.939       6165.613       2755.209    0.000  -0.139   0.381   0.
  2017 352  0  8 43 500 352.006059039      -7.70      2.40      1.04  0.       -5392.497       6164.929       2753.593    0.000  -0.139   0.381   0.
  2017 352  0  8 44 501 352.006070613      -7.73      2.49      0.91  0.       -5393.054       6164.244       2751.977    0.000  -0.139   0.381   0.
  2017 352  0  8 45 500 352.006082187      -7.73      2.61      0.84  0.       -5393.612       6163.559       2750.360    0.000  -0.139   0.381   0.
  2017 352  0  8 46 500 352.006093762      -7.78      2.65      0.82  0.       -5394.169       6162.873       2748.744    0.000  -0.139   0.381   0.
  2017 352  0  8 47 500 352.006105336      -7.93      2.60      0.84  0.       -5394.726       6162.187       2747.128    0.000  -0.139   0.381   0.
  2017 352  0  8 48 501 352.006116910      -8.03      2.49      0.94  0.       -5395.282       6161.500       2745.511    0.000  -0.139   0.381   0.
  2017 352  0  8 49 501 352.006128484      -8.11      2.37      1.03  0.       -5395.838       6160.814       2743.894    0.000  -0.139   0.381   0.
  2017 352  0  8 50 501 352.006140058      -8.16      2.26      1.11  0.       -5396.394       6160.126       2742.277    0.000  -0.139   0.381   0.
  2017 352  0  8 51 501 352.006151632      -8.12      2.12      1.21  0.       -5396.949       6159.438       2740.660    0.000  -0.139   0.381   0.
  2017 352  0  8 52 500 352.006163206      -8.10      1.99      1.29  0.       -5397.504       6158.750       2739.042    0.000  -0.139   0.381   0.
  2017 352  0  8 53 500 352.006174780      -8.04      1.88      1.45  0.       -5398.058       6158.062       2737.425    0.000  -0.139   0.381   0.
  2017 352  0  8 54 500 352.006186354      -7.92      1.90      1.58  0.       -5398.612       6157.373       2735.807    0.000  -0.139   0.381   0.
  2017 352  0  8 55 500 352.006197928      -7.80      1.99      1.72  0.       -5399.166       6156.684       2734.189    0.000  -0.139   0.381   0.
  2017 352  0  8 56 500 352.006209502      -7.63      2.21      1.80  0.       -5399.720       6155.994       2732.571    0.000  -0.139   0.381   0.
  2017 352  0  8 57 501 352.006221076      -7.44      2.41      1.89  0.       -5400.273       6155.304       2730.953    0.000  -0.139   0.381   0.
  2017 352  0  8 58 501 352.006232650      -7.23      2.52      1.90  0.       -5400.826       6154.613       2729.334    0.000  -0.139   0.381   0.
  2017 352  0  8 59 500 352.006244225      -7.11      2.64      1.91  0.       -5401.378       6153.922       2727.715    0.000  -0.139   0.381   0.
  2017 352  0  9  0 500 352.006255799      -6.90      2.67      1.87  0.       -5401.930       6153.231       2726.097    0.000  -0.139   0.381   0.
  2017 352  0  9  1 501 352.006267373      -6.81      2.65      1.86  0.       -5402.482       6152.539       2724.477    0.000  -0.139   0.381   0.
  2017 352  0  9  2 501 352.006278947      -6.74      2.75      1.81  0.       -5403.033       6151.847       2722.858    0.000  -0.139   0.381   0.
  2017 352  0  9  3 501 352.006290521      -6.69      2.98      1.59  0.       -5403.584       6151.154       2721.239    0.000  -0.139   0.381   0.
  2017 352  0  9  4 501 352.006302093      -6.65      3.20      1.23  0.       -5404.134       6150.461       2719.619    0.000  -0.139   0.381   0.
  2017 352  0  9  5 500 352.006313666      -6.45      3.29      0.85  0.       -5404.685       6149.768       2717.999    0.000  -0.139   0.381   0.
  2017 352  0  9  6 500 352.006325240      -6.24      3.23      0.43  0.       -5405.234       6149.074       2716.380    0.000  -0.139   0.381   0.
  2017 352  0  9  7 500 352.006336814      -6.02      3.27      0.16  0.       -5405.784       6148.380       2714.759    0.000  -0.139   0.381   0.
  2017 352  0  9  8 500 352.006348388      -5.93      3.44      0.19  0.       -5406.333       6147.685       2713.139    0.000  -0.139   0.381   0.
  2017 352  0  9  9 500 352.006359962      -5.94      3.50      0.13  0.       -5406.882       6146.990       2711.519    0.000  -0.139   0.381   0.
  2017 352  0  9 10 500 352.006371536      -5.82      3.65      0.12  0.       -5407.430       6146.294       2709.898    0.000  -0.139   0.381   0.
  2017 352  0  9 11 500 352.006383111      -5.78      3.75      0.24  0.       -5407.978       6145.598       2708.277    0.000  -0.139   0.381   0.
  2017 352  0  9 12 500 352.006394685      -5.82      3.72      0.20  0.       -5408.526       6144.902       2706.656    0.000  -0.139   0.381   0.
  2017 352  0  9 13 500 352.006406259      -5.88      3.72      0.20  0.       -5409.073       6144.205       2705.035    0.000  -0.139   0.381   0.
  2017 352  0  9 14 500 352.006417833      -5.98      3.70      0.12  0.       -5409.620       6143.508       2703.413    0.000  -0.139   0.381   0.
  2017 352  0  9 15 500 352.006429407      -6.13      3.72     -0.06  0.       -5410.167       6142.811       2701.792    0.000  -0.139   0.381   0.
  2017 352  0  9 16 500 352.006440981      -6.34      3.80     -0.29  0.       -5410.713       6142.113       2700.170    0.000  -0.139   0.381   0.
  2017 352  0  9 17 500 352.006452555      -6.49      3.76     -0.28  0.       -5411.259       6141.414       2698.548    0.000  -0.139   0.381   0.
  2017 352  0  9 18 500 352.006464129      -6.69      3.53     -0.21  0.       -5411.805       6140.716       2696.926    0.000  -0.139   0.381   0.
  2017 352  0  9 19 500 352.006475703      -6.82      3.31     -0.14  0.       -5412.350       6140.016       2695.303    0.000  -0.139   0.381   0.
  2017 352  0  9 20 500 352.006487277      -6.95      3.10     -0.20  0.       -5412.895       6139.317       2693.681    0.000  -0.139   0.381   0.
  2017 352  0  9 21 500 352.006498851      -6.93      2.94     -0.19  0.       -5413.439       6138.617       2692.058    0.000  -0.139   0.381   0.
  2017 352  0  9 22 500 352.006510425      -6.89      2.76     -0.12  0.       -5413.984       6137.916       2690.436    0.000  -0.139   0.381   0.
  2017 352  0  9 23 500 352.006521999      -6.93      2.67     -0.12  0.       -5414.527       6137.215       2688.813    0.000  -0.139   0.381   0.
  2017 352  0  9 24 500 352.006533573      -7.00      2.65     -0.10  0.       -5415.070       6136.514       2687.189    0.000  -0.139   0.381   0.
  2017 352  0  9 25 500 352.006545148      -7.04      2.70     -0.11  0.       -5415.613       6135.812       2685.566    0.000  -0.139   0.381   0.
  2017 352  0  9 26 500 352.006556722      -7.10      2.74     -0.13  0.       -5416.156       6135.110       2683.942    0.000  -0.139   0.381   0.
  2017 352  0  9 27 500 352.006568296      -7.19      2.74     -0.14  0.       -5416.698       6134.408       2682.318    0.000  -0.139   0.381   0.
  2017 352  0  9 28 500 352.006579870      -7.29      2.65     -0.17  0.       -5417.240       6133.705       2680.695    0.000  -0.139   0.381   0.
  2017 352  0  9 29 500 352.006591444      -7.37      2.59     -0.15  0.       -5417.781       6133.002       2679.070    0.000  -0.139   0.381   0.
  2017 352  0  9 30 500 352.006603018      -7.37      2.59     -0.12  0.       -5418.323       6132.298       2677.446    0.000  -0.139   0.381   0.
  2017 352  0  9 31 500 352.006614592      -7.45      2.57     -0.09  0.       -5418.863       6131.594       2675.822    0.000  -0.139   0.381   0.
  2017 352  0  9 32 500 352.006626164      -7.60      2.59     -0.04  0.       -5419.404       6130.889       2674.197    0.000  -0.139   0.381   0.
  2017 352  0  9 33 500 352.006637737      -7.82      2.67      0.02  0.       -5419.944       6130.184       2672.572    0.000  -0.139   0.381   0.
  2017 352  0  9 34 500 352.006649311      -7.97      2.74      0.10  0.       -5420.484       6129.479       2670.947    0.000  -0.139   0.381   0.
  2017 352  0  9 35 500 352.006660885      -8.17      2.77      0.08  0.       -5421.023       6128.773       2669.322    0.000  -0.139   0.381   0.
  2017 352  0  9 36 500 352.006672460      -8.31      2.72      0.01  0.       -5421.562       6128.067       2667.697    0.000  -0.139   0.381   0.
  2017 352  0  9 37 500 352.006684034      -8.36      2.75     -0.06  0.       -5422.101       6127.360       2666.071    0.000  -0.139   0.381   0.
  2017 352  0  9 38 500 352.006695608      -8.41      2.65     -0.16  0.       -5422.639       6126.653       2664.445    0.000  -0.139   0.381   0.
  2017 352  0  9 39 500 352.006707182      -8.42      2.51     -0.15  0.       -5423.177       6125.946       2662.819    0.000  -0.139   0.381   0.
  2017 352  0  9 40 500 352.006718756      -8.36      2.34     -0.11  0.       -5423.714       6125.238       2661.193    0.000  -0.139   0.381   0.
  2017 352  0  9 41 500 352.006730330      -8.42      2.23     -0.02  0.       -5424.251       6124.530       2659.567    0.000  -0.139   0.381   0.
  2017 352  0  9 42 500 352.006741904      -8.44      2.18      0.06  0.       -5424.788       6123.821       2657.941    0.000  -0.139   0.381   0.
  2017 352  0  9 43 500 352.006753478      -8.49      2.21      0.13  0.       -5425.325       6123.112       2656.314    0.000  -0.139   0.381   0.
  2017 352  0  9 44 500 352.006765052      -8.57      2.28      0.17  0.       -5425.861       6122.403       2654.687    0.000  -0.139   0.381   0.
  2017 352  0  9 45 500 352.006776626      -8.71      2.32      0.30  0.       -5426.396       6121.693       2653.060    0.000  -0.139   0.381   0.
  2017 352  0  9 46 500 352.006788200      -8.78      2.36      0.41  0.       -5426.932       6120.982       2651.433    0.000  -0.139   0.381   0.
  2017 352  0  9 47 500 352.006799774      -8.93      2.41      0.49  0.       -5427.467       6120.272       2649.806    0.000  -0.139   0.381   0.
  2017 352  0  9 48 500 352.006811348      -9.09      2.46      0.58  0.       -5428.001       6119.561       2648.178    0.000  -0.139   0.381   0.
  2017 352  0  9 49 500 352.006822922      -9.26      2.56      0.64  0.       -5428.536       6118.849       2646.551    0.000  -0.139   0.381   0.
  2017 352  0  9 50 500 352.006834497      -9.41      2.63      0.70  0.       -5429.070       6118.137       2644.923    0.000  -0.139   0.381   0.
  2017 352  0  9 51 500 352.006846071      -9.48      2.60      0.76  0.       -5429.603       6117.425       2643.295    0.000  -0.139   0.381   0.
  2017 352  0  9 52 500 352.006857645      -9.56      2.49      0.89  0.       -5430.136       6116.712       2641.666    0.000  -0.139   0.381   0.
  2017 352  0  9 53 500 352.006869219      -9.62      2.29      1.01  0.       -5430.669       6115.999       2640.038    0.000  -0.139   0.381   0.
  2017 352  0  9 54 500 352.006880793      -9.64      2.06      1.17  0.       -5431.201       6115.285       2638.409    0.000  -0.139   0.381   0.
  2017 352  0  9 55 500 352.006892367      -9.59      2.02      1.34  0.       -5431.733       6114.571       2636.781    0.000  -0.139   0.381   0.
  2017 352  0  9 56 500 352.006903941      -9.60      2.01      1.55  0.       -5432.265       6113.857       2635.152    0.000  -0.139   0.381   0.
  2017 352  0  9 57 500 352.006915515      -9.54      2.09      1.66  0.       -5432.796       6113.142       2633.523    0.000  -0.139   0.381   0.
  2017 352  0  9 58 500 352.006927089      -9.52      2.28      1.91  0.       -5433.327       6112.427       2631.893    0.000  -0.139   0.381   0.
  2017 352  0  9 59 500 352.006938663      -9.51      2.38      2.07  0.       -5433.858       6111.711       2630.264    0.000  -0.139   0.381   0.
  2017 352  0 10  0 500 352.006950237      -9.44      2.52      2.15  0.       -5434.388       6110.995       2628.634    0.000  -0.139   0.381   0.
  2017 352  0 10  1 500 352.006961811      -9.30      2.65      2.20  0.       -5434.918       6110.278       2627.004    0.000  -0.139   0.381   0.
  2017 352  0 10  2 500 352.006973383      -9.19      2.70      2.18  0.       -5435.448       6109.561       2625.374    0.000  -0.139   0.381   0.
  2017 352  0 10  3 500 352.006984957      -9.12      2.67      2.16  0.       -5435.977       6108.844       2623.744    0.000  -0.139   0.381   0.
  2017 352  0 10  4 500 352.006996531      -9.03      2.71      2.08  0.       -5436.505       6108.126       2622.114    0.000  -0.139   0.381   0.
  2017 352  0 10  5 500 352.007008105      -8.94      2.73      2.06  0.       -5437.034       6107.408       2620.483    0.000  -0.139   0.381   0.
  2017 352  0 10  6 500 352.007019679      -8.93      2.77      2.04  0.       -5437.562       6106.690       2618.852    0.000  -0.139   0.381   0.
  2017 352  0 10  7 500 352.007031253      -8.87      2.77      2.04  0.       -5438.089       6105.971       2617.221    0.000  -0.139   0.381   0.
  2017 352  0 10  8 500 352.007042827      -8.84      2.80      2.05  0.       -5438.617       6105.251       2615.590    0.000  -0.139   0.381   0.
  2017 352  0 10  9 500 352.007054401      -8.74      2.88      1.99  0.       -5439.144       6104.532       2613.959    0.000  -0.139   0.381   0.
  2017 352  0 10 10 500 352.007065975      -8.68      3.00      1.96  0.       -5439.670       6103.811       2612.327    0.000  -0.139   0.381   0.
  2017 352  0 10 11 500 352.007077549      -8.55      3.03      1.91  0.       -5440.196       6103.091       2610.696    0.000  -0.139   0.381   0.
  2017 352  0 10 12 500 352.007089123      -8.51      2.95      1.88  0.       -5440.722       6102.370       2609.064    0.000  -0.139   0.381   0.
  2017 352  0 10 13 500 352.007100697      -8.46      2.82      1.85  0.       -5441.247       6101.648       2607.432    0.000  -0.139   0.381   0.
  2017 352  0 10 14 500 352.007112271      -8.38      2.71      1.81  0.       -5441.772       6100.926       2605.801    0.000  -0.139   0.381   0.
  2017 352  0 10 15 500 352.007123845      -8.28      2.59      1.76  0.       -5442.297       6100.204       2604.168    0.000  -0.139   0.381   0.
  2017 352  0 10 16 500 352.007135420      -8.15      2.49      1.71  0.       -5442.822       6099.481       2602.535    0.000  -0.139   0.381   0.
  2017 352  0 10 17 500 352.007146994      -8.01      2.45      1.64  0.       -5443.345       6098.758       2600.903    0.000  -0.139   0.381   0.
  2017 352  0 10 18 500 352.007158568      -7.75      2.39      1.62  0.       -5443.869       6098.035       2599.270    0.000  -0.139   0.381   0.
  2017 352  0 10 19 500 352.007170142      -7.68      2.23      1.64  0.       -5444.392       6097.311       2597.637    0.000  -0.139   0.381   0.
  2017 352  0 10 20 500 352.007181716      -7.54      2.11      1.71  0.       -5444.915       6096.586       2596.004    0.000  -0.139   0.381   0.
  2017 352  0 10 21 500 352.007193290      -7.46      1.97      1.72  0.       -5445.438       6095.862       2594.370    0.000  -0.139   0.381   0.
  2017 352  0 10 22 500 352.007204864      -7.36      1.90      1.74  0.       -5445.960       6095.136       2592.737    0.000  -0.139   0.381   0.
  2017 352  0 10 23 500 352.007216438      -7.35      1.82      1.74  0.       -5446.481       6094.411       2591.103    0.000  -0.139   0.381   0.
  2017 352  0 10 24 500 352.007228012      -7.27      1.72      1.77  0.       -5447.003       6093.685       2589.469    0.000  -0.139   0.381   0.
  2017 352  0 10 25 500 352.007239586      -7.14      1.64      1.81  0.       -5447.524       6092.958       2587.835    0.000  -0.139   0.381   0.
  2017 352  0 10 26 500 352.007251160      -7.06      1.65      1.82  0.       -5448.044       6092.231       2586.201    0.000  -0.139   0.381   0.
  2017 352  0 10 27 500 352.007262734      -7.01      1.69      1.74  0.       -5448.565       6091.504       2584.566    0.000  -0.139   0.381   0.
  2017 352  0 10 28 500 352.007274308      -6.97      1.62      1.65  0.       -5449.084       6090.776       2582.932    0.000  -0.139   0.381   0.
  2017 352  0 10 29 500 352.007285883      -6.89      1.36      1.65  0.       -5449.604       6090.048       2581.297    0.000  -0.139   0.381   0.
  2017 352  0 10 30 500 352.007297454      -6.89      0.96      1.63  0.       -5450.123       6089.320       2579.662    0.000  -0.139   0.381   0.
  2017 352  0 10 31 500 352.007309028      -6.92      0.84      1.57  0.       -5450.642       6088.591       2578.027    0.000  -0.139   0.381   0.
  2017 352  0 10 32 500 352.007320602      -6.89      0.77      1.35  0.       -5451.160       6087.862       2576.392    0.000  -0.139   0.381   0.
  2017 352  0 10 33 500 352.007332176      -6.95      0.81      1.18  0.       -5451.678       6087.132       2574.756    0.000  -0.139   0.381   0.
  2017 352  0 10 34 500 352.007343750      -7.03      0.85      1.15  0.       -5452.196       6086.402       2573.120    0.000  -0.139   0.381   0.
  2017 352  0 10 35 499 352.007355324      -7.03      0.87      1.01  0.       -5452.713       6085.671       2571.485    0.000  -0.139   0.381   0.
  2017 352  0 10 36 499 352.007366898      -6.94      0.83      0.96  0.       -5453.230       6084.940       2569.849    0.000  -0.139   0.381   0.
  2017 352  0 10 37 499 352.007378472      -6.88      0.73      0.84  0.       -5453.747       6084.209       2568.212    0.000  -0.139   0.381   0.
  2017 352  0 10 38 499 352.007390046      -6.81      0.60      0.81  0.       -5454.263       6083.477       2566.576    0.000  -0.139   0.381   0.
  2017 352  0 10 39 500 352.007401620      -6.70      0.54      0.87  0.       -5454.779       6082.745       2564.940    0.000  -0.139   0.381   0.
  2017 352  0 10 40 500 352.007413194      -6.63      0.49      0.91  0.       -5455.294       6082.012       2563.303    0.000  -0.139   0.381   0.
  2017 352  0 10 41 499 352.007424769      -6.69      0.66      0.77  0.       -5455.809       6081.279       2561.666    0.000  -0.139   0.381   0.
  2017 352  0 10 42 499 352.007436343      -6.86      0.88      0.61  0.       -5456.324       6080.546       2560.029    0.000  -0.139   0.381   0.
  2017 352  0 10 43 500 352.007447917      -6.81      1.31      0.61  0.       -5456.838       6079.812       2558.392    0.000  -0.139   0.381   0.
  2017 352  0 10 44 500 352.007459491      -6.79      1.50      0.61  0.       -5457.352       6079.077       2556.754    0.000  -0.139   0.381   0.
  2017 352  0 10 45 500 352.007471065      -6.81      1.54      0.69  0.       -5457.866       6078.343       2555.117    0.000  -0.139   0.381   0.
  2017 352  0 10 46 500 352.007482639      -6.86      1.47      0.76  0.       -5458.379       6077.608       2553.479    0.000  -0.139   0.381   0.
  2017 352  0 10 47 500 352.007494213      -6.82      1.34      0.88  0.       -5458.892       6076.872       2551.841    0.000  -0.139   0.381   0.
  2017 352  0 10 48 499 352.007505787      -6.78      1.27      1.00  0.       -5459.404       6076.136       2550.203    0.000  -0.139   0.381   0.
  2017 352  0 10 49 499 352.007517361      -6.78      1.13      1.11  0.       -5459.916       6075.400       2548.565    0.000  -0.139   0.381   0.
  2017 352  0 10 50 499 352.007528935      -6.72      1.09      1.18  0.       -5460.428       6074.663       2546.926    0.000  -0.139   0.381   0.
  2017 352  0 10 51 499 352.007540509      -6.74      1.11      1.28  0.       -5460.939       6073.926       2545.288    0.000  -0.139   0.381   0.
  2017 352  0 10 52 499 352.007552083      -6.68      1.03      1.43  0.       -5461.450       6073.188       2543.649    0.000  -0.139   0.381   0.
  2017 352  0 10 53 500 352.007563657      -6.71      0.97      1.58  0.       -5461.961       6072.450       2542.010    0.000  -0.139   0.381   0.
  2017 352  0 10 54 500 352.007575232      -6.68      0.89      1.72  0.       -5462.471       6071.711       2540.371    0.000  -0.139   0.381   0.
  2017 352  0 10 55 499 352.007586806      -6.64      0.73      1.78  0.       -5462.981       6070.973       2538.731    0.000  -0.139   0.381   0.
  2017 352  0 10 56 499 352.007598380      -6.64      0.56      1.81  0.       -5463.490       6070.233       2537.092    0.000  -0.139   0.381   0.
  2017 352  0 10 57 500 352.007609954      -6.68      0.59      1.84  0.       -5463.999       6069.494       2535.452    0.000  -0.139   0.381   0.
  2017 352  0 10 58 500 352.007621528      -6.65      0.62      1.96  0.       -5464.508       6068.754       2533.812    0.000  -0.139   0.381   0.
  2017 352  0 10 59 500 352.007633102      -6.66      0.65      1.99  0.       -5465.016       6068.013       2532.172    0.000  -0.139   0.381   0.
  2017 352  0 11  0 500 352.007644676      -6.64      0.65      1.94  0.       -5465.524       6067.272       2530.532    0.000  -0.139   0.381   0.
  2017 352  0 11  1 499 352.007656250      -6.62      0.71      1.95  0.       -5466.032       6066.531       2528.892    0.000  -0.139   0.381   0.
  2017 352  0 11  2 499 352.007667822      -6.53      0.69      1.95  0.       -5466.539       6065.789       2527.251    0.000  -0.139   0.381   0.
  2017 352  0 11  3 499 352.007679395      -6.56      0.63      1.98  0.       -5467.046       6065.047       2525.610    0.000  -0.139   0.381   0.
  2017 352  0 11  4 499 352.007690969      -6.59      0.52      1.97  0.       -5467.552       6064.304       2523.970    0.000  -0.139   0.381   0.
  2017 352  0 11  5 499 352.007702543      -6.70      0.30      1.96  0.       -5468.058       6063.561       2522.329    0.000  -0.139   0.381   0.
  2017 352  0 11  6 499 352.007714117      -6.85      0.18      1.91  0.       -5468.564       6062.818       2520.687    0.000  -0.139   0.381   0.
  2017 352  0 11  7 499 352.007725692      -6.95      0.28      1.96  0.       -5469.070       6062.074       2519.046    0.000  -0.139   0.381   0.
  2017 352  0 11  8 499 352.007737266      -7.08      0.33      1.90  0.       -5469.574       6061.329       2517.404    0.000  -0.139   0.381   0.
  2017 352  0 11  9 499 352.007748840      -7.25      0.46      1.90  0.       -5470.079       6060.585       2515.763    0.000  -0.139   0.381   0.
  2017 352  0 11 10 499 352.007760414      -7.31      0.58      1.89  0.       -5470.583       6059.840       2514.121    0.000  -0.139   0.381   0.
  2017 352  0 11 11 499 352.007771988      -7.32      0.74      1.81  0.       -5471.087       6059.094       2512.478    0.000  -0.139   0.381   0.
  2017 352  0 11 12 499 352.007783562      -7.42      0.80      1.80  0.       -5471.591       6058.348       2510.836    0.000  -0.139   0.381   0.
  2017 352  0 11 13 499 352.007795136      -7.52      0.88      1.83  0.       -5472.094       6057.602       2509.194    0.000  -0.139   0.381   0.
  2017 352  0 11 14 499 352.007806710      -7.66      1.00      1.83  0.       -5472.596       6056.855       2507.551    0.000  -0.139   0.381   0.
  2017 352  0 11 15 499 352.007818284      -7.70      1.14      1.85  0.       -5473.099       6056.108       2505.908    0.000  -0.139   0.381   0.
  2017 352  0 11 16 499 352.007829858      -7.69      1.19      1.92  0.       -5473.601       6055.360       2504.265    0.000  -0.139   0.381   0.
  2017 352  0 11 17 499 352.007841432      -7.70      1.29      1.91  0.       -5474.102       6054.612       2502.622    0.000  -0.139   0.381   0.
  2017 352  0 11 18 499 352.007853006      -7.77      1.52      1.87  0.       -5474.603       6053.864       2500.979    0.000  -0.138   0.380   0.
  2017 352  0 11 19 499 352.007864580      -7.85      1.52      1.87  0.       -5475.104       6053.115       2499.335    0.000  -0.138   0.380   0.
  2017 352  0 11 20 499 352.007876154      -7.93      1.54      1.91  0.       -5475.605       6052.366       2497.692    0.000  -0.139   0.381   0.
  2017 352  0 11 21 499 352.007887729      -7.94      1.54      1.88  0.       -5476.105       6051.616       2496.048    0.000  -0.139   0.381   0.
  2017 352  0 11 22 499 352.007899303      -7.93      1.61      1.84  0.       -5476.604       6050.866       2494.404    0.000  -0.139   0.381   0.
  2017 352  0 11 23 499 352.007910877      -7.92      1.75      1.79  0.       -5477.104       6050.115       2492.760    0.000  -0.139   0.381   0.
  2017 352  0 11 24 499 352.007922451      -7.87      1.78      1.72  0.       -5477.603       6049.364       2491.116    0.000  -0.139   0.381   0.
  2017 352  0 11 25 499 352.007934025      -7.87      1.91      1.66  0.       -5478.101       6048.613       2489.471    0.000  -0.139   0.381   0.
  2017 352  0 11 26 499 352.007945599      -7.88      2.09      1.59  0.       -5478.599       6047.861       2487.826    0.000  -0.139   0.381   0.
  2017 352  0 11 27 499 352.007957173      -7.92      2.27      1.47  0.       -5479.097       6047.109       2486.181    0.000  -0.139   0.381   0.
  2017 352  0 11 28 499 352.007968747      -7.90      2.43      1.37  0.       -5479.595       6046.356       2484.536    0.000  -0.139   0.381   0.
  2017 352  0 11 29 499 352.007980321      -8.05      2.42      1.20  0.       -5480.092       6045.603       2482.891    0.000  -0.139   0.381   0.
  2017 352  0 11 30 499 352.007991893      -8.09      2.38      1.09  0.       -5480.588       6044.850       2481.246    0.000  -0.139   0.381   0.
  2017 352  0 11 31 499 352.008003466      -8.11      2.52      0.89  0.       -5481.084       6044.096       2479.600    0.000  -0.139   0.381   0.
  2017 352  0 11 32 499 352.008015041      -8.03      2.62      0.77  0.       -5481.581       6043.342       2477.955    0.000  -0.139   0.381   0.
  2017 352  0 11 33 499 352.008026615      -7.97      2.66      0.70  0.       -5482.076       6042.587       2476.309    0.000  -0.139   0.381   0.
  2017 352  0 11 34 499 352.008038189      -7.88      2.78      0.60  0.       -5482.571       6041.832       2474.663    0.000  -0.138   0.380   0.
  2017 352  0 11 35 499 352.008049763      -7.95      2.72      0.58  0.       -5483.066       6041.076       2473.016    0.000  -0.138   0.380   0.
  2017 352  0 11 36 499 352.008061337      -7.86      2.74      0.53  0.       -5483.560       6040.320       2471.370    0.000  -0.139   0.381   0.
  2017 352  0 11 37 499 352.008072911      -7.72      2.79      0.46  0.       -5484.054       6039.564       2469.724    0.000  -0.139   0.381   0.
  2017 352  0 11 38 499 352.008084485      -7.74      2.73      0.29  0.       -5484.548       6038.807       2468.077    0.000  -0.139   0.381   0.
  2017 352  0 11 39 499 352.008096059      -7.68      2.69      0.13  0.       -5485.041       6038.050       2466.430    0.000  -0.139   0.381   0.
  2017 352  0 11 40 499 352.008107633      -7.46      2.62      0.05  0.       -5485.534       6037.292       2464.783    0.000  -0.138   0.380   0.
  2017 352  0 11 41 499 352.008119207      -7.31      2.58     -0.07  0.       -5486.027       6036.534       2463.136    0.000  -0.138   0.380   0.
  2017 352  0 11 42 499 352.008130781      -7.14      2.62     -0.13  0.       -5486.519       6035.776       2461.488    0.000  -0.139   0.381   0.
  2017 352  0 11 43 499 352.008142355      -6.94      2.65     -0.10  0.       -5487.010       6035.017       2459.840    0.000  -0.139   0.381   0.
  2017 352  0 11 44 499 352.008153929      -6.89      2.55     -0.07  0.       -5487.502       6034.258       2458.193    0.000  -0.138   0.380   0.
  2017 352  0 11 45 499 352.008165504      -6.84      2.38     -0.09  0.       -5487.993       6033.498       2456.545    0.000  -0.138   0.380   0.
  2017 352  0 11 46 499 352.008177078      -6.70      2.20     -0.07  0.       -5488.483       6032.738       2454.897    0.000  -0.139   0.381   0.
  2017 352  0 11 47 499 352.008188652      -6.57      2.08     -0.03  0.       -5488.974       6031.977       2453.248    0.000  -0.139   0.381   0.
  2017 352  0 11 48 499 352.008200226      -6.48      1.95     -0.03  0.       -5489.463       6031.216       2451.600    0.000  -0.139   0.381   0.
  2017 352  0 11 49 499 352.008211800      -6.31      1.80      0.01  0.       -5489.953       6030.455       2449.951    0.000  -0.139   0.381   0.
  2017 352  0 11 50 499 352.008223374      -6.16      1.60      0.12  0.       -5490.442       6029.693       2448.303    0.000  -0.139   0.381   0.
  2017 352  0 11 51 499 352.008234948      -6.19      1.35      0.22  0.       -5490.931       6028.931       2446.654    0.000  -0.139   0.381   0.
  2017 352  0 11 52 499 352.008246522      -6.31      1.10      0.25  0.       -5491.419       6028.168       2445.005    0.000  -0.139   0.381   0.
  2017 352  0 11 53 499 352.008258096      -6.35      0.78      0.20  0.       -5491.907       6027.405       2443.355    0.000  -0.139   0.381   0.
  2017 352  0 11 54 499 352.008269670      -6.44      0.59      0.09  0.       -5492.394       6026.642       2441.706    0.000  -0.139   0.381   0.
  2017 352  0 11 55 499 352.008281244      -6.44      0.56     -0.04  0.       -5492.882       6025.878       2440.056    0.000  -0.139   0.381   0.
  2017 352  0 11 56 499 352.008292818      -6.37      0.56     -0.16  0.       -5493.368       6025.113       2438.406    0.000  -0.139   0.381   0.
  2017 352  0 11 57 499 352.008304392      -6.31      0.70     -0.14  0.       -5493.855       6024.349       2436.756    0.000  -0.139   0.381   0.
  2017 352  0 11 58 499 352.008315966      -6.43      0.90     -0.09  0.       -5494.341       6023.583       2435.106    0.000  -0.139   0.381   0.
  2017 352  0 11 59 499 352.008327541      -6.68      1.06      0.04  0.       -5494.826       6022.818       2433.456    0.000  -0.139   0.381   0.
  2017 352  0 12  0 499 352.008339112      -6.95      1.14      0.23  0.       -5495.312       6022.052       2431.806    0.000  -0.139   0.381   0.
  2017 352  0 12  1 499 352.008350686      -7.16      1.17      0.41  0.       -5495.797       6021.285       2430.155    0.000  -0.139   0.381   0.
  2017 352  0 12  2 499 352.008362260      -7.29      1.28      0.63  0.       -5496.281       6020.519       2428.504    0.000  -0.139   0.381   0.
  2017 352  0 12  3 499 352.008373834      -7.56      1.38      0.72  0.       -5496.765       6019.751       2426.853    0.000  -0.139   0.381   0.
  2017 352  0 12  4 499 352.008385408      -7.78      1.44      0.56  0.       -5497.249       6018.984       2425.202    0.000  -0.139   0.381   0.
  2017 352  0 12  5 499 352.008396982      -7.88      1.81      0.39  0.       -5497.732       6018.216       2423.551    0.000  -0.139   0.381   0.
  2017 352  0 12  6 499 352.008408556      -7.88      2.04      0.29  0.       -5498.215       6017.447       2421.899    0.000  -0.139   0.381   0.
  2017 352  0 12  7 499 352.008420130      -7.76      2.14      0.27  0.       -5498.698       6016.678       2420.247    0.000  -0.139   0.381   0.
  2017 352  0 12  8 499 352.008431704      -7.56      2.18      0.34  0.       -5499.180       6015.909       2418.596    0.000  -0.138   0.380   0.
  2017 352  0 12  9 499 352.008443278      -7.47      2.17      0.43  0.       -5499.662       6015.139       2416.944    0.000  -0.138   0.380   0.
  2017 352  0 12 10 499 352.008454852      -7.26      2.35      0.49  0.       -5500.143       6014.369       2415.291    0.000  -0.139   0.381   0.
  2017 352  0 12 11 499 352.008466427      -7.19      2.56      0.61  0.       -5500.624       6013.598       2413.639    0.000  -0.139   0.381   0.
  2017 352  0 12 12 499 352.008478001      -7.10      2.48      0.52  0.       -5501.105       6012.827       2411.987    0.000  -0.139   0.381   0.
  2017 352  0 12 13 499 352.008489575      -6.92      2.34      0.42  0.       -5501.585       6012.056       2410.334    0.000  -0.139   0.381   0.
  2017 352  0 12 14 499 352.008501149      -6.71      2.09      0.40  0.       -5502.065       6011.284       2408.681    0.000  -0.139   0.381   0.
  2017 352  0 12 15 499 352.008512723      -6.67      1.77      0.38  0.       -5502.544       6010.512       2407.028    0.000  -0.139   0.381   0.
  2017 352  0 12 16 499 352.008524297      -6.56      1.57      0.43  0.       -5503.024       6009.739       2405.375    0.000  -0.139   0.381   0.
  2017 352  0 12 17 499 352.008535871      -6.53      1.41      0.49  0.       -5503.503       6008.966       2403.722    0.000  -0.139   0.381   0.
  2017 352  0 12 18 499 352.008547445      -6.61      1.29      0.58  0.       -5503.981       6008.192       2402.068    0.000  -0.139   0.381   0.
  2017 352  0 12 19 499 352.008559019      -6.68      1.11      0.64  0.       -5504.459       6007.418       2400.414    0.000  -0.139   0.381   0.
  2017 352  0 12 20 499 352.008570593      -6.70      1.10      0.68  0.       -5504.936       6006.644       2398.761    0.000  -0.139   0.381   0.
  2017 352  0 12 21 499 352.008582167      -6.81      1.19      0.59  0.       -5505.414       6005.869       2397.107    0.000  -0.139   0.381   0.
  2017 352  0 12 22 499 352.008593741      -6.96      1.18      0.45  0.       -5505.890       6005.094       2395.452    0.000  -0.139   0.381   0.
  2017 352  0 12 23 499 352.008605315      -7.02      1.24      0.38  0.       -5506.367       6004.318       2393.798    0.000  -0.139   0.381   0.
  2017 352  0 12 24 499 352.008616889      -7.02      1.26      0.29  0.       -5506.843       6003.542       2392.144    0.000  -0.138   0.380   0.
  2017 352  0 12 25 499 352.008628464      -7.08      1.19      0.28  0.       -5507.319       6002.766       2390.489    0.000  -0.138   0.380   0.
  2017 352  0 12 26 499 352.008640038      -7.07      1.09      0.32  0.       -5507.794       6001.989       2388.834    0.000  -0.139   0.381   0.
  2017 352  0 12 27 499 352.008651612      -7.06      0.97      0.35  0.       -5508.269       6001.211       2387.179    0.000  -0.139   0.381   0.
  2017 352  0 12 28 499 352.008663186      -7.15      0.91      0.27  0.       -5508.743       6000.434       2385.524    0.000  -0.138   0.380   0.
  2017 352  0 12 29 499 352.008674760      -7.14      0.85      0.18  0.       -5509.217       5999.655       2383.868    0.000  -0.138   0.380   0.
  2017 352  0 12 30 498 352.008686332      -7.22      0.71      0.06  0.       -5509.691       5998.877       2382.213    0.000  -0.139   0.381   0.
  2017 352  0 12 31 498 352.008697905      -7.31      0.64     -0.06  0.       -5510.164       5998.098       2380.557    0.000  -0.139   0.381   0.
  2017 352  0 12 32 498 352.008709479      -7.40      0.65     -0.05  0.       -5510.637       5997.319       2378.901    0.000  -0.139   0.381   0.
  2017 352  0 12 33 498 352.008721053      -7.49      0.64     -0.03  0.       -5511.110       5996.539       2377.245    0.000  -0.139   0.381   0.
  2017 352  0 12 34 498 352.008732627      -7.60      0.48      0.02  0.       -5511.582       5995.758       2375.589    0.000  -0.139   0.381   0.
  2017 352  0 12 35 499 352.008744201      -7.67      0.41      0.10  0.       -5512.054       5994.978       2373.933    0.000  -0.139   0.381   0.
  2017 352  0 12 36 499 352.008755775      -7.80      0.30      0.19  0.       -5512.525       5994.197       2372.276    0.000  -0.138   0.380   0.
  2017 352  0 12 37 498 352.008767350      -7.81      0.25      0.38  0.       -5512.997       5993.415       2370.620    0.000  -0.138   0.380   0.
  2017 352  0 12 38 498 352.008778924      -7.68      0.31      0.38  0.       -5513.467       5992.633       2368.963    0.000  -0.139   0.381   0.
  2017 352  0 12 39 499 352.008790498      -7.67      0.29      0.43  0.       -5513.937       5991.851       2367.306    0.000  -0.139   0.381   0.
  2017 352  0 12 40 499 352.008802072      -7.71      0.27      0.54  0.       -5514.407       5991.068       2365.649    0.000  -0.138   0.380   0.
  2017 352  0 12 41 499 352.008813646      -7.73      0.21      0.62  0.       -5514.877       5990.285       2363.991    0.000  -0.138   0.380   0.
  2017 352  0 12 42 499 352.008825220      -7.86      0.37      0.63  0.       -5515.346       5989.501       2362.334    0.000  -0.138   0.380   0.
  2017 352  0 12 43 499 352.008836794      -8.02      0.53      0.60  0.       -5515.815       5988.717       2360.676    0.000  -0.138   0.380   0.
  2017 352  0 12 44 498 352.008848368      -8.14      0.53      0.62  0.       -5516.283       5987.933       2359.018    0.000  -0.139   0.381   0.
  2017 352  0 12 45 498 352.008859942      -8.23      0.41      0.59  0.       -5516.751       5987.148       2357.360    0.000  -0.139   0.381   0.
  2017 352  0 12 46 498 352.008871516      -8.31      0.41      0.67  0.       -5517.218       5986.362       2355.702    0.000  -0.139   0.381   0.
  2017 352  0 12 47 498 352.008883090      -8.51      0.46      0.74  0.       -5517.685       5985.577       2354.044    0.000  -0.139   0.381   0.
  2017 352  0 12 48 498 352.008894664      -8.69      0.74      0.99  0.       -5518.152       5984.790       2352.385    0.000  -0.138   0.380   0.
  2017 352  0 12 49 499 352.008906238      -8.60      0.95      1.17  0.       -5518.619       5984.004       2350.726    0.000  -0.138   0.380   0.
  2017 352  0 12 50 498 352.008917812      -8.23      1.09      1.27  0.       -5519.085       5983.217       2349.068    0.000  -0.139   0.381   0.
  2017 352  0 12 51 498 352.008929387      -8.03      1.18      1.31  0.       -5519.550       5982.429       2347.409    0.000  -0.139   0.381   0.
  2017 352  0 12 52 499 352.008940961      -7.66      1.19      1.37  0.       -5520.015       5981.642       2345.749    0.000  -0.139   0.381   0.
  2017 352  0 12 53 499 352.008952535      -7.23      1.15      1.38  0.       -5520.480       5980.853       2344.090    0.000  -0.139   0.381   0.
  2017 352  0 12 54 499 352.008964109      -6.81      1.09      1.36  0.       -5520.945       5980.065       2342.431    0.000  -0.138   0.380   0.
  2017 352  0 12 55 499 352.008975683      -6.46      1.04      1.31  0.       -5521.408       5979.275       2340.771    0.000  -0.138   0.380   0.
  2017 352  0 12 56 499 352.008987257      -6.21      1.07      1.16  0.       -5521.872       5978.486       2339.111    0.000  -0.138   0.380   0.
  2017 352  0 12 57 498 352.008998831      -5.90      1.03      1.12  0.       -5522.336       5977.696       2337.451    0.000  -0.138   0.380   0.
  2017 352  0 12 58 498 352.009010403      -5.67      1.04      1.17  0.       -5522.798       5976.906       2335.791    0.000  -0.139   0.381   0.
  2017 352  0 12 59 498 352.009021976      -5.34      1.06      1.14  0.       -5523.261       5976.115       2334.131    0.000  -0.139   0.381   0.
  2017 352  0 13  0 498 352.009033550      -5.10      0.99      1.12  0.       -5523.723       5975.324       2332.470    0.000  -0.138   0.380   0.
  2017 352  0 13  1 498 352.009045124      -4.64      0.76      1.02  0.       -5524.185       5974.532       2330.809    0.000  -0.138   0.380   0.
  2017 352  0 13  2 498 352.009056698      -4.38      0.46      0.96  0.       -5524.646       5973.740       2329.149    0.000  -0.139   0.381   0.
  2017 352  0 13  3 498 352.009068273      -4.35      0.35      1.01  0.       -5525.107       5972.947       2327.488    0.000  -0.139   0.381   0.
  2017 352  0 13  4 498 352.009079847      -3.97      0.39      1.08  0.       -5525.568       5972.154       2325.826    0.000  -0.139   0.381   0.
  2017 352  0 13  5 498 352.009091421      -3.42      0.06      1.02  0.       -5526.028       5971.361       2324.165    0.000  -0.139   0.381   0.
  2017 352  0 13  6 498 352.009102995      -2.95     -0.41      0.94  0.       -5526.487       5970.567       2322.504    0.000  -0.138   0.380   0.
  2017 352  0 13  7 498 352.009114569      -2.74     -0.30      1.18  0.       -5526.947       5969.773       2320.842    0.000  -0.138   0.380   0.
  2017 352  0 13  8 498 352.009126143      -2.39     -0.49      1.25  0.       -5527.406       5968.979       2319.180    0.000  -0.138   0.380   0.
  2017 352  0 13  9 498 352.009137717      -2.04     -0.45      1.05  0.       -5527.864       5968.184       2317.518    0.000  -0.138   0.380   0.
  2017 352  0 13 10 498 352.009149291      -1.99      0.04      0.87  0.       -5528.322       5967.388       2315.856    0.000  -0.139   0.381   0.
  2017 352  0 13 11 498 352.009160865      -3.02      0.39      1.47  0.       -5528.780       5966.592       2314.194    0.000  -0.139   0.381   0.
  2017 352  0 13 12 498 352.009172439      -3.90      1.05      2.18  0.       -5529.238       5965.796       2312.531    0.000  -0.139   0.381   0.
  2017 352  0 13 13 498 352.009184013      -4.34      1.29      2.27  0.       -5529.695       5964.999       2310.869    0.000  -0.139   0.381   0.
  2017 352  0 13 14 498 352.009195587      -4.65      1.49      2.50  0.       -5530.151       5964.202       2309.206    0.000  -0.138   0.380   0.
  2017 352  0 13 15 498 352.009207161      -4.78      1.15      2.82  0.       -5530.608       5963.405       2307.543    0.000  -0.138   0.380   0.
  2017 352  0 13 16 498 352.009218736      -5.07      0.86      3.08  0.       -5531.063       5962.607       2305.880    0.000  -0.138   0.380   0.
  2017 352  0 13 17 498 352.009230310      -4.81      0.75      3.41  0.       -5531.519       5961.808       2304.217    0.000  -0.138   0.380   0.
  2017 352  0 13 18 498 352.009241884      -5.00      0.17      3.17  0.       -5531.974       5961.009       2302.553    0.000  -0.139   0.381   0.
  2017 352  0 13 19 498 352.009253458      -5.09     -0.44      3.09  0.       -5532.429       5960.210       2300.890    0.000  -0.139   0.381   0.
  2017 352  0 13 20 498 352.009265032      -5.81     -0.76      3.59  0.       -5532.883       5959.410       2299.226    0.000  -0.138   0.380   0.
  2017 352  0 13 21 498 352.009276606      -5.47     -0.63      3.36  0.       -5533.337       5958.610       2297.562    0.000  -0.138   0.380   0.
  2017 352  0 13 22 498 352.009288180      -4.71     -0.63      3.05  0.       -5533.790       5957.810       2295.898    0.000  -0.139   0.381   0.
  2017 352  0 13 23 498 352.009299754      -4.64     -0.54      3.25  0.       -5534.243       5957.009       2294.233    0.000  -0.139   0.381   0.
  2017 352  0 13 24 498 352.009311328      -4.78     -0.57      3.26  0.       -5534.696       5956.208       2292.569    0.000  -0.139   0.381   0.
  2017 352  0 13 25 498 352.009322902      -4.86     -0.23      3.46  0.       -5535.148       5955.406       2290.904    0.000  -0.139   0.381   0.
  2017 352  0 13 26 498 352.009334476      -4.97      0.24      3.27  0.       -5535.600       5954.604       2289.240    0.000  -0.139   0.381   0.
  2017 352  0 13 27 498 352.009346050      -5.32      0.47      2.99  0.       -5536.052       5953.801       2287.575    0.000  -0.139   0.381   0.
  2017 352  0 13 28 498 352.009357623      -5.26      0.82      2.93  0.       -5536.503       5952.998       2285.910    0.000  -0.138   0.380   0.
  2017 352  0 13 29 498 352.009369196      -5.29      0.98      2.73  0.       -5536.954       5952.194       2284.244    0.000  -0.138   0.380   0.
  2017 352  0 13 30 498 352.009380770      -5.07      0.99      2.54  0.       -5537.404       5951.390       2282.579    0.000  -0.139   0.381   0.
  2017 352  0 13 31 498 352.009392344      -5.07      0.93      2.26  0.       -5537.854       5950.586       2280.914    0.000  -0.139   0.381   0.
  2017 352  0 13 32 498 352.009403918      -5.00      0.92      2.07  0.       -5538.303       5949.781       2279.248    0.000  -0.138   0.380   0.
  2017 352  0 13 33 498 352.009415492      -5.16      0.89      1.58  0.       -5538.753       5948.976       2277.582    0.000  -0.138   0.380   0.
  2017 352  0 13 34 498 352.009427066      -5.38      0.88      1.13  0.       -5539.201       5948.171       2275.916    0.000  -0.138   0.380   0.
  2017 352  0 13 35 498 352.009438640      -5.37      0.96      0.85  0.       -5539.650       5947.365       2274.250    0.000  -0.138   0.380   0.
  2017 352  0 13 36 498 352.009450214      -5.35      0.90      0.71  0.       -5540.098       5946.558       2272.583    0.000  -0.139   0.381   0.
  2017 352  0 13 37 498 352.009461788      -5.43      0.93      0.50  0.       -5540.545       5945.751       2270.917    0.000  -0.139   0.381   0.
  2017 352  0 13 38 498 352.009473362      -5.55      0.71      0.35  0.       -5540.992       5944.944       2269.250    0.000  -0.138   0.380   0.
  2017 352  0 13 39 498 352.009484936      -5.72      0.56      0.19  0.       -5541.439       5944.136       2267.583    0.000  -0.138   0.380   0.
  2017 352  0 13 40 498 352.009496510      -5.70      0.51      0.06  0.       -5541.886       5943.328       2265.916    0.000  -0.138   0.380   0.
  2017 352  0 13 41 498 352.009508085      -5.85      0.64      0.14  0.       -5542.332       5942.520       2264.249    0.000  -0.138   0.380   0.
  2017 352  0 13 42 498 352.009519659      -5.91      0.85      0.32  0.       -5542.777       5941.711       2262.582    0.000  -0.138   0.380   0.
  2017 352  0 13 43 498 352.009531233      -6.02      0.79      0.30  0.       -5543.222       5940.901       2260.914    0.000  -0.138   0.380   0.
  2017 352  0 13 44 498 352.009542807      -5.99      0.65      0.13  0.       -5543.667       5940.091       2259.246    0.000  -0.139   0.381   0.
  2017 352  0 13 45 498 352.009554381      -6.23      1.38      0.14  0.       -5544.112       5939.281       2257.579    0.000  -0.139   0.381   0.
  2017 352  0 13 46 498 352.009565955      -6.14      0.84      0.98  0.       -5544.556       5938.470       2255.911    0.000  -0.139   0.381   0.
  2017 352  0 13 47 498 352.009577529      -5.86      0.53      1.69  0.       -5544.999       5937.659       2254.242    0.000  -0.139   0.381   0.
  2017 352  0 13 48 498 352.009589103      -5.74      0.35      2.04  0.       -5545.442       5936.848       2252.574    0.000  -0.138   0.380   0.
  2017 352  0 13 49 498 352.009600677      -5.77      0.64      1.81  0.       -5545.885       5936.036       2250.906    0.000  -0.138   0.380   0.
  2017 352  0 13 50 498 352.009612251      -5.64      0.68      1.78  0.       -5546.328       5935.223       2249.237    0.000  -0.139   0.381   0.
  2017 352  0 13 51 498 352.009623825      -5.40      0.63      1.82  0.       -5546.770       5934.411       2247.568    0.000  -0.139   0.381   0.
  2017 352  0 13 52 498 352.009635399      -5.12      0.53      1.81  0.       -5547.211       5933.597       2245.899    0.000  -0.138   0.380   0.
  2017 352  0 13 53 498 352.009646973      -4.96      0.40      1.68  0.       -5547.653       5932.784       2244.230    0.000  -0.138   0.380   0.
  2017 352  0 13 54 498 352.009658547      -4.44      0.33      1.49  0.       -5548.094       5931.970       2242.561    0.000  -0.139   0.381   0.
  2017 352  0 13 55 498 352.009670121      -4.21      0.21      1.38  0.       -5548.534       5931.155       2240.891    0.000  -0.139   0.381   0.
  2017 352  0 13 56 498 352.009681693      -3.87      0.30      1.44  0.       -5548.974       5930.340       2239.222    0.000  -0.138   0.380   0.
  2017 352  0 13 57 498 352.009693267      -3.47      0.48      1.34  0.       -5549.414       5929.525       2237.552    0.000  -0.138   0.380   0.
  2017 352  0 13 58 498 352.009704841      -3.05      0.62      1.39  0.       -5549.853       5928.709       2235.882    0.000  -0.138   0.380   0.
  2017 352  0 13 59 498 352.009716415      -2.77      0.63      1.31  0.       -5550.292       5927.893       2234.212    0.000  -0.138   0.380   0.
  2017 352  0 14  0 498 352.009727989      -2.70      0.71      1.39  0.       -5550.730       5927.076       2232.542    0.000  -0.139   0.381   0.
  2017 352  0 14  1 498 352.009739563      -2.50      1.06      1.79  0.       -5551.168       5926.259       2230.871    0.000  -0.139   0.381   0.
  2017 352  0 14  2 498 352.009751137      -2.26      1.42      2.29  0.       -5551.606       5925.442       2229.201    0.000  -0.139   0.381   0.
  2017 352  0 14  3 498 352.009762711      -2.30      1.46      2.38  0.       -5552.043       5924.624       2227.530    0.000  -0.139   0.381   0.
  2017 352  0 14  4 498 352.009774285      -1.96      1.40      2.76  0.       -5552.480       5923.805       2225.859    0.000  -0.139   0.381   0.
  2017 352  0 14  5 498 352.009785859      -1.45      1.20      2.90  0.       -5552.916       5922.987       2224.188    0.000  -0.139   0.381   0.
  2017 352  0 14  6 498 352.009797433      -1.19      1.44      2.96  0.       -5553.353       5922.167       2222.517    0.000  -0.139   0.381   0.
  2017 352  0 14  7 498 352.009809008      -1.03      1.60      3.42  0.       -5553.788       5921.348       2220.846    0.000  -0.139   0.381   0.
  2017 352  0 14  8 498 352.009820582      -0.88      1.61      3.39  0.       -5554.224       5920.528       2219.174    0.000  -0.138   0.380   0.
  2017 352  0 14  9 498 352.009832156      -0.80      1.52      2.96  0.       -5554.658       5919.707       2217.502    0.000  -0.138   0.380   0.
  2017 352  0 14 10 498 352.009843730      -0.88      1.48      2.73  0.       -5555.093       5918.886       2215.831    0.000  -0.139   0.381   0.
  2017 352  0 14 11 498 352.009855304      -0.78      1.16      2.32  0.       -5555.527       5918.065       2214.159    0.000  -0.139   0.381   0.
  2017 352  0 14 12 498 352.009866878      -0.86     -0.03      0.90  0.       -5555.961       5917.243       2212.486    0.000  -0.138   0.380   0.
  2017 352  0 14 13 498 352.009878452      -0.89     -0.26      0.73  0.       -5556.394       5916.421       2210.814    0.000  -0.138   0.380   0.
  2017 352  0 14 14 498 352.009890026      -1.18     -0.34      0.80  0.       -5556.827       5915.599       2209.142    0.000  -0.139   0.381   0.
  2017 352  0 14 15 498 352.009901600      -2.13     -0.22      1.07  0.       -5557.259       5914.776       2207.469    0.000  -0.139   0.381   0.
  2017 352  0 14 16 498 352.009913174      -2.67      0.02      1.56  0.       -5557.691       5913.952       2205.796    0.000  -0.139   0.381   0.
  2017 352  0 14 17 498 352.009924748      -2.70     -0.17      1.69  0.       -5558.123       5913.128       2204.123    0.000  -0.139   0.381   0.
  2017 352  0 14 18 498 352.009936322      -3.00     -0.20      1.60  0.       -5558.554       5912.304       2202.450    0.000  -0.138   0.380   0.
  2017 352  0 14 19 498 352.009947896      -3.39     -0.24      1.19  0.       -5558.985       5911.479       2200.777    0.000  -0.138   0.380   0.
  2017 352  0 14 20 498 352.009959470      -3.75     -0.05      1.28  0.       -5559.416       5910.654       2199.103    0.000  -0.139   0.381   0.
  2017 352  0 14 21 498 352.009971045      -3.93     -0.14      1.37  0.       -5559.846       5909.829       2197.430    0.000  -0.139   0.381   0.
  2017 352  0 14 22 498 352.009982619      -3.77     -0.09      1.59  0.       -5560.275       5909.003       2195.756    0.000  -0.138   0.380   0.
  2017 352  0 14 23 498 352.009994193      -3.72     -0.08      1.84  0.       -5560.705       5908.176       2194.082    0.000  -0.138   0.380   0.
  2017 352  0 14 24 498 352.010005767      -3.69     -0.19      1.84  0.       -5561.133       5907.349       2192.408    0.000  -0.138   0.380   0.
  2017 352  0 14 25 498 352.010017341      -3.80     -0.15      1.81  0.       -5561.562       5906.522       2190.734    0.000  -0.138   0.380   0.
  2017 352  0 14 26 497 352.010028913      -4.07     -0.16      1.84  0.       -5561.990       5905.694       2189.060    0.000  -0.139   0.381   0.
  2017 352  0 14 27 497 352.010040486      -3.98     -0.18      1.84  0.       -5562.418       5904.866       2187.385    0.000  -0.139   0.381   0.
  2017 352  0 14 28 497 352.010052060      -4.00     -0.16      2.02  0.       -5562.845       5904.038       2185.710    0.000  -0.138   0.380   0.
  2017 352  0 14 29 497 352.010063634      -4.13     -0.23      2.15  0.       -5563.272       5903.209       2184.035    0.000  -0.138   0.380   0.
  2017 352  0 14 30 497 352.010075208      -4.26     -0.22      2.28  0.       -5563.698       5902.379       2182.361    0.000  -0.139   0.381   0.
  2017 352  0 14 31 498 352.010086782      -4.35     -0.24      2.42  0.       -5564.124       5901.549       2180.685    0.000  -0.139   0.381   0.
  2017 352  0 14 32 498 352.010098356      -4.41     -0.21      2.39  0.       -5564.550       5900.719       2179.010    0.000  -0.139   0.381   0.
  2017 352  0 14 33 497 352.010109931      -4.41     -0.32      2.43  0.       -5564.975       5899.889       2177.335    0.000  -0.139   0.381   0.
  2017 352  0 14 34 497 352.010121505      -4.43     -0.35      2.45  0.       -5565.400       5899.057       2175.659    0.000  -0.138   0.380   0.
  2017 352  0 14 35 498 352.010133079      -4.30     -0.33      2.48  0.       -5565.824       5898.226       2173.983    0.000  -0.138   0.380   0.
  2017 352  0 14 36 498 352.010144653      -4.16     -0.49      2.48  0.       -5566.249       5897.394       2172.307    0.000  -0.138   0.380   0.
  2017 352  0 14 37 498 352.010156227      -3.97     -0.43      2.36  0.       -5566.672       5896.561       2170.631    0.000  -0.138   0.380   0.
  2017 352  0 14 38 498 352.010167801      -4.24     -0.59      2.39  0.       -5567.095       5895.729       2168.955    0.000  -0.139   0.381   0.
  2017 352  0 14 39 498 352.010179375      -4.39     -0.67      2.38  0.       -5567.518       5894.895       2167.278    0.000  -0.139   0.381   0.
  2017 352  0 14 40 497 352.010190949      -4.38     -0.73      2.33  0.       -5567.941       5894.062       2165.602    0.000  -0.138   0.380   0.
  2017 352  0 14 41 497 352.010202523      -4.34     -0.73      2.18  0.       -5568.363       5893.228       2163.925    0.000  -0.138   0.380   0.
  2017 352  0 14 42 497 352.010214097      -4.25     -0.74      2.15  0.       -5568.784       5892.393       2162.248    0.000  -0.138   0.380   0.
  2017 352  0 14 43 497 352.010225671      -4.22     -0.89      2.14  0.       -5569.206       5891.558       2160.571    0.000  -0.138   0.380   0.
  2017 352  0 14 44 498 352.010237245      -4.24     -1.05      2.01  0.       -5569.626       5890.723       2158.894    0.000  -0.139   0.381   0.
  2017 352  0 14 45 498 352.010248819      -4.22     -1.12      1.93  0.       -5570.047       5889.887       2157.216    0.000  -0.139   0.381   0.
  2017 352  0 14 46 497 352.010260394      -4.28     -1.22      1.78  0.       -5570.467       5889.051       2155.539    0.000  -0.139   0.381   0.
  2017 352  0 14 47 497 352.010271968      -4.50     -1.15      1.66  0.       -5570.886       5888.214       2153.861    0.000  -0.139   0.381   0.
  2017 352  0 14 48 498 352.010283542      -4.59     -0.96      1.60  0.       -5571.306       5887.377       2152.183    0.000  -0.139   0.381   0.
  2017 352  0 14 49 498 352.010295116      -4.66     -0.82      1.34  0.       -5571.724       5886.539       2150.505    0.000  -0.139   0.381   0.
  2017 352  0 14 50 498 352.010306690      -4.85     -0.98      1.24  0.       -5572.143       5885.701       2148.827    0.000  -0.139   0.381   0.
  2017 352  0 14 51 498 352.010318264      -4.99     -1.04      1.31  0.       -5572.561       5884.863       2147.149    0.000  -0.139   0.381   0.
  2017 352  0 14 52 498 352.010329838      -5.28     -1.00      1.13  0.       -5572.978       5884.024       2145.471    0.000  -0.139   0.381   0.
  2017 352  0 14 53 497 352.010341412      -5.44     -1.15      0.98  0.       -5573.396       5883.185       2143.792    0.000  -0.139   0.381   0.
  2017 352  0 14 54 497 352.010352984      -5.41     -1.26      0.96  0.       -5573.812       5882.345       2142.113    0.000  -0.139   0.381   0.
  2017 352  0 14 55 497 352.010364557      -5.25     -1.30      0.94  0.       -5574.229       5881.505       2140.434    0.000  -0.139   0.381   0.
  2017 352  0 14 56 497 352.010376131      -5.28     -1.28      0.97  0.       -5574.645       5880.665       2138.755    0.000  -0.138   0.380   0.
  2017 352  0 14 57 497 352.010387705      -5.47     -1.30      1.05  0.       -5575.060       5879.824       2137.076    0.000  -0.138   0.380   0.
  2017 352  0 14 58 497 352.010399279      -5.73     -1.24      1.05  0.       -5575.475       5878.983       2135.397    0.000  -0.139   0.381   0.
  2017 352  0 14 59 497 352.010410854      -5.68     -1.54      1.25  0.       -5575.890       5878.141       2133.717    0.000  -0.139   0.381   0.
  2017 352  0 15  0 497 352.010422428      -5.73     -1.43      1.42  0.       -5576.304       5877.298       2132.037    0.000  -0.139   0.381   0.
  2017 352  0 15  1 497 352.010434002      -5.87     -1.25      1.48  0.       -5576.718       5876.456       2130.358    0.000  -0.139   0.381   0.
  2017 352  0 15  2 497 352.010445576      -6.03     -1.11      1.18  0.       -5577.132       5875.613       2128.678    0.000  -0.138   0.380   0.
  2017 352  0 15  3 497 352.010457150      -6.26     -0.50      0.29  0.       -5577.545       5874.769       2126.997    0.000  -0.138   0.380   0.
  2017 352  0 15  4 497 352.010468724      -6.06     -0.49      0.31  0.       -5577.958       5873.925       2125.317    0.000  -0.138   0.380   0.
  2017 352  0 15  5 497 352.010480298      -5.96     -0.60      0.10  0.       -5578.370       5873.081       2123.636    0.000  -0.138   0.380   0.
  2017 352  0 15  6 497 352.010491872      -5.85     -0.76      0.17  0.       -5578.782       5872.236       2121.956    0.000  -0.139   0.381   0.
  2017 352  0 15  7 497 352.010503446      -5.91     -0.56     -0.32  0.       -5579.193       5871.391       2120.275    0.000  -0.139   0.381   0.
  2017 352  0 15  8 497 352.010515020      -5.79     -0.38     -0.42  0.       -5579.604       5870.545       2118.594    0.000  -0.138   0.380   0.
  2017 352  0 15  9 497 352.010526594      -5.78     -0.23     -0.38  0.       -5580.015       5869.699       2116.913    0.000  -0.138   0.380   0.
  2017 352  0 15 10 497 352.010538168      -5.63     -0.12     -0.40  0.       -5580.425       5868.853       2115.232    0.000  -0.139   0.381   0.
  2017 352  0 15 11 497 352.010549742      -5.62      0.25     -0.28  0.       -5580.835       5868.006       2113.550    0.000  -0.139   0.381   0.
  2017 352  0 15 12 497 352.010561317      -5.78      0.25     -0.15  0.       -5581.245       5867.158       2111.869    0.000  -0.138   0.380   0.
  2017 352  0 15 13 497 352.010572891      -5.74      0.42     -0.04  0.       -5581.654       5866.310       2110.187    0.000  -0.138   0.380   0.
  2017 352  0 15 14 497 352.010584465      -5.53      0.57     -0.09  0.       -5582.062       5865.462       2108.505    0.000  -0.138   0.380   0.
  2017 352  0 15 15 497 352.010596039      -5.33      0.64      0.01  0.       -5582.471       5864.614       2106.823    0.000  -0.138   0.380   0.
  2017 352  0 15 16 497 352.010607613      -5.36      0.70      0.06  0.       -5582.878       5863.765       2105.141    0.000  -0.139   0.381   0.
  2017 352  0 15 17 497 352.010619187      -5.27      0.84      0.19  0.       -5583.286       5862.915       2103.459    0.000  -0.139   0.381   0.
  2017 352  0 15 18 497 352.010630761      -5.10      1.10      0.19  0.       -5583.693       5862.065       2101.776    0.000  -0.139   0.381   0.
  2017 352  0 15 19 497 352.010642335      -4.85      1.35      0.36  0.       -5584.099       5861.215       2100.094    0.000  -0.139   0.381   0.
  2017 352  0 15 20 497 352.010653909      -4.57      1.27      0.74  0.       -5584.506       5860.364       2098.411    0.000  -0.139   0.381   0.
  2017 352  0 15 21 497 352.010665483      -4.44      1.37      0.95  0.       -5584.911       5859.513       2096.728    0.000  -0.139   0.381   0.
  2017 352  0 15 22 497 352.010677057      -4.41      1.08      0.93  0.       -5585.317       5858.661       2095.045    0.000  -0.139   0.381   0.
  2017 352  0 15 23 497 352.010688631      -4.10      0.81      0.84  0.       -5585.722       5857.809       2093.361    0.000  -0.139   0.381   0.
  2017 352  0 15 24 497 352.010700205      -3.90      0.61      0.78  0.       -5586.126       5856.956       2091.678    0.000  -0.138   0.380   0.
  2017 352  0 15 25 497 352.010711780      -3.94      0.65      0.74  0.       -5586.530       5856.103       2089.994    0.000  -0.138   0.380   0.
  2017 352  0 15 26 497 352.010723352      -3.77      0.85      0.84  0.       -5586.934       5855.250       2088.311    0.000  -0.139   0.381   0.
  2017 352  0 15 27 497 352.010734925      -3.40      0.84      0.86  0.       -5587.337       5854.396       2086.627    0.000  -0.139   0.381   0.
  2017 352  0 15 28 497 352.010746499      -2.88      0.51      0.87  0.       -5587.740       5853.542       2084.943    0.000  -0.139   0.381   0.
  2017 352  0 15 29 497 352.010758073      -2.60      0.34      0.78  0.       -5588.143       5852.687       2083.259    0.000  -0.139   0.381   0.
  2017 352  0 15 30 497 352.010769647      -2.43     -0.15      0.86  0.       -5588.545       5851.832       2081.574    0.000  -0.138   0.380   0.
  2017 352  0 15 31 497 352.010781221      -2.29     -0.53      0.81  0.       -5588.947       5850.977       2079.890    0.000  -0.138   0.380   0.
  2017 352  0 15 32 497 352.010792795      -2.22     -0.63      0.92  0.       -5589.348       5850.121       2078.205    0.000  -0.139   0.381   0.
  2017 352  0 15 33 497 352.010804369      -2.21     -0.58      0.80  0.       -5589.749       5849.264       2076.520    0.000  -0.139   0.381   0.
  2017 352  0 15 34 497 352.010815943      -2.24     -0.70      0.82  0.       -5590.149       5848.408       2074.835    0.000  -0.139   0.381   0.
  2017 352  0 15 35 497 352.010827517      -2.24     -0.52      0.76  0.       -5590.549       5847.550       2073.150    0.000  -0.139   0.381   0.
  2017 352  0 15 36 497 352.010839091      -2.31     -0.41      0.49  0.       -5590.949       5846.693       2071.465    0.000  -0.138   0.380   0.
  2017 352  0 15 37 497 352.010850666      -2.43     -0.26      0.43  0.       -5591.348       5845.835       2069.780    0.000  -0.138   0.380   0.
  2017 352  0 15 38 497 352.010862240      -2.34      0.52      1.23  0.       -5591.747       5844.976       2068.094    0.000  -0.139   0.381   0.
  2017 352  0 15 39 497 352.010873814      -2.42      0.99      1.16  0.       -5592.145       5844.117       2066.409    0.000  -0.139   0.381   0.
  2017 352  0 15 40 497 352.010885388      -2.53      1.42      1.31  0.       -5592.543       5843.258       2064.723    0.000  -0.139   0.381   0.
  2017 352  0 15 41 497 352.010896962      -2.51      1.51      1.25  0.       -5592.941       5842.398       2063.037    0.000  -0.139   0.381   0.
  2017 352  0 15 42 497 352.010908536      -2.82      1.12      1.03  0.       -5593.338       5841.538       2061.350    0.000  -0.138   0.380   0.
  2017 352  0 15 43 497 352.010920110      -2.95      1.20      0.97  0.       -5593.735       5840.677       2059.664    0.000  -0.138   0.380   0.
  2017 352  0 15 44 497 352.010931684      -2.76      1.46      0.95  0.       -5594.131       5839.816       2057.978    0.000  -0.138   0.380   0.
  2017 352  0 15 45 497 352.010943258      -1.68      1.07      0.60  0.       -5594.527       5838.954       2056.291    0.000  -0.138   0.380   0.
  2017 352  0 15 46 497 352.010954832      -0.91      0.03      0.44  0.       -5594.923       5838.092       2054.604    0.000  -0.138   0.380   0.
  2017 352  0 15 47 497 352.010966406      -0.91     -0.29      0.52  0.       -5595.318       5837.230       2052.917    0.000  -0.138   0.380   0.
  2017 352  0 15 48 497 352.010977980      -1.17     -0.17      0.75  0.       -5595.712       5836.367       2051.230    0.000  -0.138   0.380   0.
  2017 352  0 15 49 497 352.010989554      -1.74      0.04      0.60  0.       -5596.107       5835.503       2049.543    0.000  -0.138   0.380   0.
  2017 352  0 15 50 497 352.011001128      -1.71     -0.19      0.56  0.       -5596.500       5834.640       2047.856    0.000  -0.139   0.381   0.
  2017 352  0 15 51 497 352.011012703      -1.39     -0.53      0.77  0.       -5596.894       5833.775       2046.168    0.000  -0.139   0.381   0.
  2017 352  0 15 52 497 352.011024277      -1.69     -1.50      0.33  0.       -5597.287       5832.911       2044.481    0.000  -0.138   0.380   0.
  2017 352  0 15 53 497 352.011035851      -2.32     -1.93      0.14  0.       -5597.680       5832.046       2042.793    0.000  -0.138   0.380   0.
  2017 352  0 15 54 497 352.011047425      -2.76     -2.16      0.21  0.       -5598.072       5831.181       2041.105    0.000  -0.139   0.381   0.
  2017 352  0 15 55 497 352.011058999      -3.12     -2.58      0.17  0.       -5598.463       5830.315       2039.417    0.000  -0.139   0.381   0.
  2017 352  0 15 56 497 352.011070571      -3.54     -3.08      0.02  0.       -5598.855       5829.449       2037.728    0.000  -0.138   0.380   0.
  2017 352  0 15 57 497 352.011082144      -3.64     -3.34      0.45  0.       -5599.246       5828.582       2036.040    0.000  -0.138   0.380   0.
  2017 352  0 15 58 497 352.011093718      -3.88     -2.80      0.97  0.       -5599.636       5827.715       2034.351    0.000  -0.139   0.381   0.
  2017 352  0 15 59 497 352.011105292      -3.86     -2.66      1.18  0.       -5600.026       5826.847       2032.663    0.000  -0.139   0.381   0.
  2017 352  0 16  0 497 352.011116866      -4.16     -2.54      1.49  0.       -5600.416       5825.979       2030.974    0.000  -0.139   0.381   0.
  2017 352  0 16  1 497 352.011128440      -4.22     -2.33      1.88  0.       -5600.805       5825.111       2029.285    0.000  -0.139   0.381   0.
  2017 352  0 16  2 497 352.011140014      -4.05     -2.21      2.05  0.       -5601.194       5824.242       2027.596    0.000  -0.139   0.381   0.
  2017 352  0 16  3 497 352.011151589      -4.20     -2.01      2.15  0.       -5601.583       5823.373       2025.906    0.000  -0.139   0.381   0.
  2017 352  0 16  4 497 352.011163163      -4.24     -1.92      2.19  0.       -5601.971       5822.503       2024.217    0.000  -0.138   0.380   0.
  2017 352  0 16  5 497 352.011174737      -4.26     -1.69      2.35  0.       -5602.359       5821.633       2022.527    0.000  -0.138   0.380   0.
  2017 352  0 16  6 497 352.011186311      -4.30     -1.36      2.45  0.       -5602.746       5820.762       2020.837    0.000  -0.138   0.380   0.
  2017 352  0 16  7 497 352.011197885      -4.18     -1.21      2.57  0.       -5603.133       5819.891       2019.147    0.000  -0.138   0.380   0.
  2017 352  0 16  8 497 352.011209459      -4.25     -0.96      2.48  0.       -5603.519       5819.020       2017.457    0.000  -0.138   0.380   0.
  2017 352  0 16  9 497 352.011221033      -4.40     -0.99      2.56  0.       -5603.905       5818.148       2015.767    0.000  -0.138   0.380   0.
  2017 352  0 16 10 497 352.011232607      -4.39     -0.97      2.56  0.       -5604.291       5817.275       2014.077    0.000  -0.138   0.380   0.
  2017 352  0 16 11 497 352.011244181      -4.44     -0.87      2.57  0.       -5604.676       5816.403       2012.386    0.000  -0.138   0.380   0.
  2017 352  0 16 12 497 352.011255755      -4.34     -0.76      2.60  0.       -5605.060       5815.529       2010.696    0.000  -0.139   0.381   0.
  2017 352  0 16 13 497 352.011267329      -4.35     -0.69      2.52  0.       -5605.445       5814.656       2009.005    0.000  -0.139   0.381   0.
  2017 352  0 16 14 497 352.011278903      -4.48     -0.60      2.43  0.       -5605.829       5813.782       2007.314    0.000  -0.138   0.380   0.
  2017 352  0 16 15 497 352.011290477      -4.46     -0.66      2.43  0.       -5606.212       5812.907       2005.623    0.000  -0.138   0.380   0.
  2017 352  0 16 16 497 352.011302052      -4.48     -0.49      2.53  0.       -5606.595       5812.032       2003.931    0.000  -0.138   0.380   0.
  2017 352  0 16 17 497 352.011313626      -4.48     -0.28      2.51  0.       -5606.978       5811.157       2002.240    0.000  -0.138   0.380   0.
  2017 352  0 16 18 497 352.011325200      -4.47     -0.15      2.54  0.       -5607.360       5810.281       2000.548    0.000  -0.139   0.381   0.
  2017 352  0 16 19 497 352.011336774      -4.49      0.05      2.57  0.       -5607.742       5809.405       1998.857    0.000  -0.139   0.381   0.
  2017 352  0 16 20 497 352.011348348      -4.63      0.17      2.55  0.       -5608.123       5808.528       1997.165    0.000  -0.138   0.380   0.
  2017 352  0 16 21 497 352.011359922      -4.67      0.31      2.47  0.       -5608.504       5807.651       1995.473    0.000  -0.138   0.380   0.
  2017 352  0 16 22 497 352.011371496      -4.56      0.38      2.16  0.       -5608.885       5806.774       1993.781    0.000  -0.139   0.381   0.
  2017 352  0 16 23 497 352.011383070      -4.46      0.30      1.94  0.       -5609.265       5805.896       1992.088    0.000  -0.139   0.381   0.
  2017 352  0 16 24 496 352.011394642      -4.30      0.16      1.73  0.       -5609.645       5805.017       1990.396    0.000  -0.139   0.381   0.
  2017 352  0 16 25 496 352.011406215      -4.19      0.07      1.56  0.       -5610.024       5804.139       1988.703    0.000  -0.139   0.381   0.
  2017 352  0 16 26 497 352.011417789      -4.02     -0.02      1.42  0.       -5610.403       5803.259       1987.010    0.000  -0.139   0.381   0.
  2017 352  0 16 27 497 352.011429363      -3.89     -0.13      1.24  0.       -5610.781       5802.380       1985.318    0.000  -0.139   0.381   0.
  2017 352  0 16 28 496 352.011440938      -3.77     -0.14      1.21  0.       -5611.159       5801.500       1983.625    0.000  -0.139   0.381   0.
  2017 352  0 16 29 496 352.011452512      -3.64     -0.20      1.05  0.       -5611.537       5800.619       1981.931    0.000  -0.139   0.381   0.
  2017 352  0 16 30 496 352.011464086      -3.70     -0.32      1.00  0.       -5611.914       5799.738       1980.238    0.000  -0.139   0.381   0.
  2017 352  0 16 31 497 352.011475660      -3.52     -0.28      0.98  0.       -5612.291       5798.857       1978.544    0.000  -0.139   0.381   0.
  2017 352  0 16 32 497 352.011487234      -3.33     -0.29      0.85  0.       -5612.668       5797.975       1976.851    0.000  -0.139   0.381   0.
  2017 352  0 16 33 497 352.011498808      -3.28     -0.18      0.82  0.       -5613.043       5797.092       1975.157    0.000  -0.139   0.381   0.
  2017 352  0 16 34 497 352.011510382      -3.22     -0.10      0.84  0.       -5613.419       5796.210       1973.463    0.000  -0.139   0.381   0.
  2017 352  0 16 35 496 352.011521956      -3.10      0.01      0.74  0.       -5613.794       5795.327       1971.769    0.000  -0.139   0.381   0.
  2017 352  0 16 36 496 352.011533530      -3.09      0.13      0.60  0.       -5614.169       5794.443       1970.075    0.000  -0.139   0.381   0.
  2017 352  0 16 37 496 352.011545104      -2.94      0.20      0.58  0.       -5614.543       5793.559       1968.380    0.000  -0.139   0.381   0.
  2017 352  0 16 38 496 352.011556678      -2.81      0.28      0.74  0.       -5614.917       5792.675       1966.686    0.000  -0.139   0.381   0.
  2017 352  0 16 39 496 352.011568252      -2.76      0.25      0.83  0.       -5615.290       5791.790       1964.991    0.000  -0.139   0.381   0.
  2017 352  0 16 40 497 352.011579826      -2.64      0.23      0.91  0.       -5615.663       5790.904       1963.296    0.000  -0.139   0.381   0.
  2017 352  0 16 41 497 352.011591400      -2.39      0.31      1.02  0.       -5616.036       5790.019       1961.601    0.000  -0.139   0.381   0.
  2017 352  0 16 42 496 352.011602975      -2.06      0.51      1.14  0.       -5616.408       5789.133       1959.906    0.000  -0.139   0.381   0.
  2017 352  0 16 43 496 352.011614549      -1.91      0.68      1.23  0.       -5616.780       5788.246       1958.211    0.000  -0.139   0.381   0.
  2017 352  0 16 44 497 352.011626123      -1.92      1.02      1.49  0.       -5617.151       5787.359       1956.516    0.000  -0.139   0.381   0.
  2017 352  0 16 45 497 352.011637697      -1.77      1.12      1.64  0.       -5617.522       5786.471       1954.820    0.000  -0.139   0.381   0.
  2017 352  0 16 46 497 352.011649271      -1.67      0.90      1.67  0.       -5617.893       5785.583       1953.124    0.000  -0.139   0.381   0.
  2017 352  0 16 47 497 352.011660845      -1.25      0.27      1.17  0.       -5618.263       5784.695       1951.429    0.000  -0.139   0.381   0.
  2017 352  0 16 48 497 352.011672419      -0.83      0.26      1.06  0.       -5618.632       5783.806       1949.732    0.000  -0.139   0.381   0.
  2017 352  0 16 49 496 352.011683993      -0.65      0.19      0.95  0.       -5619.002       5782.917       1948.037    0.000  -0.139   0.381   0.
  2017 352  0 16 50 496 352.011695567      -0.54      0.31      0.89  0.       -5619.370       5782.027       1946.340    0.000  -0.139   0.381   0.
  2017 352  0 16 51 496 352.011707141      -0.41      0.20      0.60  0.       -5619.739       5781.137       1944.643    0.000  -0.139   0.381   0.
  2017 352  0 16 52 496 352.011718715      -0.35      0.24      0.62  0.       -5620.107       5780.247       1942.947    0.000  -0.139   0.381   0.
  2017 352  0 16 53 497 352.011730289      -0.45      0.15      0.65  0.       -5620.474       5779.356       1941.250    0.000  -0.139   0.381   0.
  2017 352  0 16 54 497 352.011741862      -0.55      0.18      0.59  0.       -5620.842       5778.464       1939.553    0.000  -0.139   0.381   0.
  2017 352  0 16 55 496 352.011753435      -0.63      0.24      0.51  0.       -5621.208       5777.573       1937.856    0.000  -0.139   0.381   0.
  2017 352  0 16 56 496 352.011765009      -0.75      0.27      0.61  0.       -5621.574       5776.680       1936.159    0.000  -0.139   0.381   0.
  2017 352  0 16 57 496 352.011776583      -0.60      0.34      0.81  0.       -5621.940       5775.788       1934.462    0.000  -0.139   0.381   0.
  2017 352  0 16 58 496 352.011788157      -0.26      0.26      0.99  0.       -5622.306       5774.895       1932.764    0.000  -0.139   0.381   0.
  2017 352  0 16 59 496 352.011799731      -0.01      0.20      0.90  0.       -5622.671       5774.001       1931.067    0.000  -0.139   0.381   0.
  2017 352  0 17  0 496 352.011811305       0.14      0.11      0.80  0.       -5623.035       5773.107       1929.369    0.000  -0.139   0.381   0.
  2017 352  0 17  1 496 352.011822879       0.26      0.05      1.00  0.       -5623.400       5772.213       1927.671    0.000  -0.139   0.381   0.
  2017 352  0 17  2 496 352.011834453       0.34      0.06      1.01  0.       -5623.763       5771.318       1925.973    0.000  -0.139   0.381   0.
  2017 352  0 17  3 496 352.011846027       0.31      0.23      1.52  0.       -5624.127       5770.422       1924.275    0.000  -0.139   0.381   0.
  2017 352  0 17  4 496 352.011857601       0.37      0.15      1.37  0.       -5624.490       5769.527       1922.577    0.000  -0.139   0.381   0.
  2017 352  0 17  5 496 352.011869175       0.41      0.01      1.98  0.       -5624.852       5768.631       1920.878    0.000  -0.139   0.381   0.
  2017 352  0 17  6 496 352.011880749       0.81      0.19      2.60  0.       -5625.214       5767.734       1919.180    0.000  -0.139   0.381   0.
  2017 352  0 17  7 496 352.011892323       1.08      0.46      2.48  0.       -5625.576       5766.837       1917.481    0.000  -0.139   0.381   0.
  2017 352  0 17  8 496 352.011903898       1.22      0.82      2.64  0.       -5625.937       5765.939       1915.782    0.000  -0.139   0.381   0.
  2017 352  0 17  9 496 352.011915472       1.21      1.06      2.43  0.       -5626.298       5765.042       1914.083    0.000  -0.139   0.381   0.
  2017 352  0 17 10 496 352.011927046       1.21      1.08      1.98  0.       -5626.658       5764.143       1912.384    0.000  -0.139   0.381   0.
  2017 352  0 17 11 496 352.011938620       1.28      1.29      1.78  0.       -5627.018       5763.244       1910.684    0.000  -0.139   0.381   0.
  2017 352  0 17 12 496 352.011950194       1.24      1.50      1.67  0.       -5627.377       5762.345       1908.985    0.000  -0.139   0.381   0.
  2017 352  0 17 13 496 352.011961768       1.15      1.51      1.42  0.       -5627.736       5761.446       1907.285    0.000  -0.139   0.381   0.
  2017 352  0 17 14 496 352.011973342       1.16      1.59      1.23  0.       -5628.095       5760.546       1905.585    0.000  -0.139   0.381   0.
  2017 352  0 17 15 496 352.011984916       1.16      2.00      1.24  0.       -5628.453       5759.645       1903.886    0.000  -0.139   0.381   0.
  2017 352  0 17 16 496 352.011996490       0.95      1.84      1.14  0.       -5628.811       5758.744       1902.186    0.000  -0.139   0.381   0.
  2017 352  0 17 17 496 352.012008064       0.65      1.31      1.31  0.       -5629.168       5757.843       1900.485    0.000  -0.139   0.381   0.
  2017 352  0 17 18 496 352.012019638       0.89      1.49      2.04  0.       -5629.525       5756.941       1898.785    0.000  -0.139   0.381   0.
  2017 352  0 17 19 496 352.012031212       1.26      2.02      3.05  0.       -5629.882       5756.039       1897.084    0.000  -0.139   0.381   0.
  2017 352  0 17 20 496 352.012042786       1.59      1.90      3.84  0.       -5630.238       5755.136       1895.384    0.000  -0.139   0.381   0.
  2017 352  0 17 21 496 352.012054361       1.54      1.43      3.37  0.       -5630.594       5754.233       1893.683    0.000  -0.139   0.381   0.
  2017 352  0 17 22 496 352.012065933       1.43      1.38      2.97  0.       -5630.949       5753.329       1891.982    0.000  -0.139   0.381   0.
  2017 352  0 17 23 496 352.012077506       1.54      1.46      2.42  0.       -5631.304       5752.425       1890.281    0.000  -0.139   0.381   0.
  2017 352  0 17 24 496 352.012089080       1.27      1.69      2.39  0.       -5631.658       5751.521       1888.580    0.000  -0.139   0.381   0.
  2017 352  0 17 25 496 352.012100654       0.78      1.76      1.96  0.       -5632.012       5750.616       1886.879    0.000  -0.139   0.381   0.
  2017 352  0 17 26 496 352.012112228       0.66      1.52      1.70  0.       -5632.366       5749.711       1885.177    0.000  -0.139   0.381   0.
  2017 352  0 17 27 496 352.012123802       0.73      1.65      2.15  0.       -5632.719       5748.805       1883.475    0.000  -0.139   0.381   0.
  2017 352  0 17 28 496 352.012135376       0.68      1.92      2.00  0.       -5633.072       5747.899       1881.774    0.000  -0.139   0.381   0.
  2017 352  0 17 29 496 352.012146950       0.63      2.09      1.64  0.       -5633.423       5746.992       1880.072    0.000  -0.139   0.381   0.
  2017 352  0 17 30 496 352.012158524       0.62      2.11      1.28  0.       -5633.775       5746.085       1878.370    0.000  -0.139   0.381   0.
  2017 352  0 17 31 496 352.012170098       0.81      1.76      0.59  0.       -5634.127       5745.177       1876.667    0.000  -0.139   0.381   0.
  2017 352  0 17 32 496 352.012181672       0.75      1.82      0.88  0.       -5634.478       5744.270       1874.965    0.000  -0.139   0.381   0.
  2017 352  0 17 33 496 352.012193246       0.75      1.75      1.06  0.       -5634.828       5743.361       1873.263    0.000  -0.139   0.381   0.
  2017 352  0 17 34 496 352.012204821       0.76      1.54      1.13  0.       -5635.179       5742.452       1871.560    0.000  -0.138   0.380   0.
  2017 352  0 17 35 496 352.012216395       0.84      1.50      0.92  0.       -5635.528       5741.543       1869.857    0.000  -0.138   0.380   0.
  2017 352  0 17 36 496 352.012227969       0.89      1.36      0.81  0.       -5635.878       5740.634       1868.154    0.000  -0.139   0.381   0.
  2017 352  0 17 37 496 352.012239543       0.86      1.47      1.05  0.       -5636.226       5739.723       1866.451    0.000  -0.139   0.381   0.
  2017 352  0 17 38 496 352.012251117       0.73      1.15      0.66  0.       -5636.575       5738.813       1864.748    0.000  -0.139   0.381   0.
  2017 352  0 17 39 496 352.012262691       0.20      0.43      0.65  0.       -5636.923       5737.902       1863.045    0.000  -0.139   0.381   0.
  2017 352  0 17 40 496 352.012274265       0.14      0.50      0.72  0.       -5637.270       5736.990       1861.341    0.000  -0.139   0.381   0.
  2017 352  0 17 41 496 352.012285839       0.33      0.84      0.59  0.       -5637.617       5736.078       1859.638    0.000  -0.139   0.381   0.
  2017 352  0 17 42 496 352.012297413       0.06      0.55      1.07  0.       -5637.964       5735.166       1857.934    0.000  -0.139   0.381   0.
  2017 352  0 17 43 496 352.012308987       0.30      0.43      1.91  0.       -5638.310       5734.254       1856.230    0.000  -0.139   0.381   0.
  2017 352  0 17 44 496 352.012320561      -0.12      0.55      2.14  0.       -5638.656       5733.340       1854.526    0.000  -0.139   0.381   0.
  2017 352  0 17 45 496 352.012332135      -0.69      0.97      2.31  0.       -5639.002       5732.427       1852.822    0.000  -0.139   0.381   0.
  2017 352  0 17 46 496 352.012343709      -0.86      1.07      2.12  0.       -5639.347       5731.513       1851.117    0.000  -0.139   0.381   0.
  2017 352  0 17 47 496 352.012355284      -1.16      0.95      1.82  0.       -5639.691       5730.598       1849.413    0.000  -0.139   0.381   0.
  2017 352  0 17 48 496 352.012366858      -1.41      0.88      1.89  0.       -5640.035       5729.683       1847.708    0.000  -0.139   0.381   0.
  2017 352  0 17 49 496 352.012378432      -1.92      0.52      1.91  0.       -5640.379       5728.768       1846.004    0.000  -0.139   0.381   0.
  2017 352  0 17 50 496 352.012390006      -2.14      0.75      1.65  0.       -5640.722       5727.852       1844.299    0.000  -0.139   0.381   0.
  2017 352  0 17 51 496 352.012401580      -2.15      0.99      1.10  0.       -5641.065       5726.936       1842.593    0.000  -0.139   0.381   0.
  2017 352  0 17 52 496 352.012413152      -2.20      1.14      1.04  0.       -5641.407       5726.019       1840.888    0.000  -0.139   0.381   0.
  2017 352  0 17 53 496 352.012424725      -2.16      0.95      0.93  0.       -5641.749       5725.102       1839.183    0.000  -0.139   0.381   0.
  2017 352  0 17 54 496 352.012436299      -2.10      0.76      0.76  0.       -5642.091       5724.185       1837.478    0.000  -0.139   0.381   0.
  2017 352  0 17 55 496 352.012447873      -2.29      0.48      0.84  0.       -5642.432       5723.267       1835.772    0.000  -0.139   0.381   0.
  2017 352  0 17 56 496 352.012459447      -2.54      0.26      1.00  0.       -5642.773       5722.348       1834.066    0.000  -0.139   0.381   0.
  2017 352  0 17 57 496 352.012471021      -2.63      0.02      1.02  0.       -5643.113       5721.429       1832.360    0.000  -0.139   0.381   0.
  2017 352  0 17 58 496 352.012482596      -2.84     -0.40      0.71  0.       -5643.453       5720.510       1830.654    0.000  -0.139   0.381   0.
  2017 352  0 17 59 496 352.012494170      -2.78     -0.52      0.70  0.       -5643.792       5719.591       1828.948    0.000  -0.139   0.381   0.
  2017 352  0 18  0 496 352.012505744      -3.28     -0.05      1.29  0.       -5644.131       5718.670       1827.242    0.000  -0.139   0.381   0.
  2017 352  0 18  1 496 352.012517318      -3.70     -0.80      0.73  0.       -5644.469       5717.750       1825.535    0.000  -0.139   0.381   0.
  2017 352  0 18  2 496 352.012528892      -3.55     -0.84      0.48  0.       -5644.807       5716.829       1823.829    0.000  -0.138   0.380   0.
  2017 352  0 18  3 496 352.012540466      -3.30     -0.70      0.32  0.       -5645.145       5715.907       1822.122    0.000  -0.138   0.380   0.
  2017 352  0 18  4 496 352.012552040      -3.29     -0.34      0.49  0.       -5645.482       5714.985       1820.415    0.000  -0.139   0.381   0.
  2017 352  0 18  5 496 352.012563614      -3.48     -0.07      0.01  0.       -5645.819       5714.063       1818.708    0.000  -0.139   0.381   0.
  2017 352  0 18  6 496 352.012575188      -3.61      0.19     -0.39  0.       -5646.155       5713.140       1817.001    0.000  -0.139   0.381   0.
  2017 352  0 18  7 496 352.012586762      -3.56      0.55     -0.76  0.       -5646.491       5712.217       1815.294    0.000  -0.139   0.381   0.
  2017 352  0 18  8 496 352.012598336      -3.71      0.81     -0.86  0.       -5646.827       5711.293       1813.587    0.000  -0.139   0.381   0.
  2017 352  0 18  9 496 352.012609910      -3.98      1.01     -1.16  0.       -5647.162       5710.369       1811.879    0.000  -0.139   0.381   0.
  2017 352  0 18 10 496 352.012621484      -4.17      1.09     -1.30  0.       -5647.496       5709.445       1810.171    0.000  -0.139   0.381   0.
  2017 352  0 18 11 496 352.012633058      -4.21      1.09     -1.28  0.       -5647.831       5708.520       1808.463    0.000  -0.139   0.381   0.
  2017 352  0 18 12 496 352.012644633      -4.22      1.32     -1.36  0.       -5648.164       5707.594       1806.755    0.000  -0.139   0.381   0.
  2017 352  0 18 13 496 352.012656207      -4.43      1.32     -1.42  0.       -5648.498       5706.668       1805.047    0.000  -0.139   0.381   0.
  2017 352  0 18 14 496 352.012667781      -4.54      1.06     -1.54  0.       -5648.831       5705.742       1803.339    0.000  -0.139   0.381   0.
  2017 352  0 18 15 496 352.012679355      -4.56      1.07     -1.59  0.       -5649.163       5704.815       1801.631    0.000  -0.139   0.381   0.
  2017 352  0 18 16 496 352.012690929      -4.66      1.13     -1.62  0.       -5649.495       5703.888       1799.922    0.000  -0.139   0.381   0.
  2017 352  0 18 17 496 352.012702503      -4.58      1.17     -1.66  0.       -5649.827       5702.961       1798.214    0.000  -0.139   0.381   0.
  2017 352  0 18 18 496 352.012714077      -4.47      1.18     -1.75  0.       -5650.158       5702.033       1796.505    0.000  -0.139   0.381   0.
  2017 352  0 18 19 496 352.012725651      -4.66      1.43     -1.69  0.       -5650.488       5701.104       1794.796    0.000  -0.139   0.381   0.
  2017 352  0 18 20 496 352.012737225      -5.06      1.43     -1.49  0.       -5650.819       5700.175       1793.087    0.000  -0.139   0.381   0.
  2017 352  0 18 21 496 352.012748799      -5.54      1.55     -1.10  0.       -5651.148       5699.246       1791.377    0.000  -0.139   0.381   0.
  2017 352  0 18 22 496 352.012760371      -5.91      1.37     -0.76  0.       -5651.478       5698.316       1789.668    0.000  -0.139   0.381   0.
  2017 352  0 18 23 496 352.012771944      -5.95      1.36     -0.62  0.       -5651.807       5697.386       1787.959    0.000  -0.139   0.381   0.
  2017 352  0 18 24 495 352.012783518      -5.82      1.54     -0.37  0.       -5652.135       5696.455       1786.249    0.000  -0.139   0.381   0.
  2017 352  0 18 25 495 352.012795093      -6.09      1.84     -0.66  0.       -5652.463       5695.524       1784.539    0.000  -0.139   0.381   0.
  2017 352  0 18 26 496 352.012806667      -6.23      1.84     -1.45  0.       -5652.791       5694.592       1782.829    0.000  -0.139   0.381   0.
  2017 352  0 18 27 496 352.012818241      -6.14      1.92     -1.92  0.       -5653.118       5693.660       1781.119    0.000  -0.139   0.381   0.
  2017 352  0 18 28 496 352.012829815      -6.44      2.15     -2.25  0.       -5653.445       5692.728       1779.409    0.000  -0.139   0.381   0.
  2017 352  0 18 29 496 352.012841389      -6.92      2.41     -2.17  0.       -5653.771       5691.795       1777.699    0.000  -0.139   0.381   0.
  2017 352  0 18 30 496 352.012852963      -6.96      2.56     -1.40  0.       -5654.097       5690.861       1775.988    0.000  -0.139   0.381   0.
  2017 352  0 18 31 495 352.012864537      -7.12      2.84     -1.19  0.       -5654.423       5689.928       1774.278    0.000  -0.139   0.381   0.
  2017 352  0 18 32 495 352.012876111      -6.97      3.55     -1.17  0.       -5654.748       5688.994       1772.567    0.000  -0.138   0.380   0.
  2017 352  0 18 33 495 352.012887685      -6.67      3.91     -0.62  0.       -5655.072       5688.059       1770.856    0.000  -0.138   0.380   0.
  2017 352  0 18 34 495 352.012899259      -6.25      4.50     -0.43  0.       -5655.397       5687.124       1769.145    0.000  -0.139   0.381   0.
  2017 352  0 18 35 495 352.012910833      -5.85      4.58     -0.15  0.       -5655.720       5686.188       1767.434    0.000  -0.139   0.381   0.
  2017 352  0 18 36 496 352.012922407      -5.40      4.64      0.24  0.       -5656.044       5685.252       1765.723    0.000  -0.139   0.381   0.
  2017 352  0 18 37 496 352.012933982      -5.00      4.56      0.63  0.       -5656.366       5684.316       1764.011    0.000  -0.139   0.381   0.
  2017 352  0 18 38 495 352.012945556      -4.53      4.30      0.74  0.       -5656.689       5683.379       1762.300    0.000  -0.138   0.380   0.
  2017 352  0 18 39 495 352.012957130      -4.32      3.84      0.59  0.       -5657.011       5682.442       1760.588    0.000  -0.138   0.380   0.
  2017 352  0 18 40 496 352.012968704      -4.44      3.21      0.61  0.       -5657.332       5681.504       1758.876    0.000  -0.138   0.380   0.
  2017 352  0 18 41 496 352.012980278      -4.62      2.96      0.66  0.       -5657.653       5680.566       1757.165    0.000  -0.138   0.380   0.
  2017 352  0 18 42 496 352.012991852      -4.79      2.54      0.68  0.       -5657.974       5679.627       1755.452    0.000  -0.139   0.381   0.
  2017 352  0 18 43 496 352.013003426      -4.75      2.38      0.63  0.       -5658.294       5678.688       1753.740    0.000  -0.139   0.381   0.
  2017 352  0 18 44 495 352.013015000      -4.69      2.12      0.62  0.       -5658.614       5677.749       1752.028    0.000  -0.139   0.381   0.
  2017 352  0 18 45 495 352.013026574      -4.52      1.72      0.69  0.       -5658.933       5676.809       1750.315    0.000  -0.139   0.381   0.
  2017 352  0 18 46 495 352.013038148      -4.37      1.50      0.73  0.       -5659.252       5675.869       1748.602    0.000  -0.139   0.381   0.
  2017 352  0 18 47 495 352.013049722      -4.13      1.29      0.71  0.       -5659.571       5674.928       1746.890    0.000  -0.139   0.381   0.
  2017 352  0 18 48 495 352.013061296      -3.86      0.91      0.57  0.       -5659.889       5673.986       1745.177    0.000  -0.139   0.381   0.
  2017 352  0 18 49 496 352.013072870      -3.76      0.67      0.48  0.       -5660.206       5673.045       1743.464    0.000  -0.139   0.381   0.
  2017 352  0 18 50 496 352.013084443      -3.61      0.65      0.40  0.       -5660.524       5672.103       1741.751    0.000  -0.139   0.381   0.
  2017 352  0 18 51 495 352.013096016      -3.42      0.72      0.18  0.       -5660.840       5671.160       1740.037    0.000  -0.139   0.381   0.
  2017 352  0 18 52 495 352.013107590      -3.28      0.80     -0.07  0.       -5661.156       5670.217       1738.324    0.000  -0.139   0.381   0.
  2017 352  0 18 53 495 352.013119164      -3.29      0.73     -0.29  0.       -5661.472       5669.274       1736.610    0.000  -0.139   0.381   0.
  2017 352  0 18 54 495 352.013130738      -3.48      0.76     -0.34  0.       -5661.788       5668.330       1734.896    0.000  -0.139   0.381   0.
  2017 352  0 18 55 495 352.013142312      -3.24      0.82      0.55  0.       -5662.103       5667.385       1733.183    0.000  -0.139   0.381   0.
  2017 352  0 18 56 495 352.013153886      -2.52      0.71      0.12  0.       -5662.417       5666.441       1731.469    0.000  -0.139   0.381   0.
  2017 352  0 18 57 495 352.013165460      -1.97      0.38     -0.06  0.       -5662.731       5665.495       1729.755    0.000  -0.139   0.381   0.
  2017 352  0 18 58 495 352.013177034      -1.75      0.15     -0.12  0.       -5663.045       5664.550       1728.040    0.000  -0.139   0.381   0.
  2017 352  0 18 59 495 352.013188608      -1.41      0.32     -0.07  0.       -5663.358       5663.604       1726.326    0.000  -0.139   0.381   0.
  2017 352  0 19  0 495 352.013200182      -1.19      0.41     -0.01  0.       -5663.671       5662.657       1724.611    0.000  -0.139   0.381   0.
  2017 352  0 19  1 495 352.013211756      -1.14      0.74      0.17  0.       -5663.983       5661.710       1722.897    0.000  -0.139   0.381   0.
  2017 352  0 19  2 495 352.013223330      -0.99      1.01      0.20  0.       -5664.295       5660.763       1721.182    0.000  -0.139   0.381   0.
  2017 352  0 19  3 495 352.013234904      -1.29      1.67      0.44  0.       -5664.606       5659.815       1719.467    0.000  -0.139   0.381   0.
  2017 352  0 19  4 495 352.013246479      -1.39      2.14      0.69  0.       -5664.917       5658.867       1717.752    0.000  -0.139   0.381   0.
  2017 352  0 19  5 495 352.013258053      -1.22      2.32      0.70  0.       -5665.228       5657.918       1716.037    0.000  -0.139   0.381   0.
  2017 352  0 19  6 495 352.013269627      -0.93      2.19      0.60  0.       -5665.538       5656.969       1714.321    0.000  -0.138   0.380   0.
  2017 352  0 19  7 495 352.013281201      -0.52      1.78      0.45  0.       -5665.847       5656.019       1712.606    0.000  -0.138   0.380   0.
  2017 352  0 19  8 495 352.013292775      -0.21      1.50      0.40  0.       -5666.157       5655.069       1710.890    0.000  -0.139   0.381   0.
  2017 352  0 19  9 495 352.013304349      -0.39      1.99      0.39  0.       -5666.466       5654.119       1709.175    0.000  -0.139   0.381   0.
  2017 352  0 19 10 495 352.013315923      -0.56      1.75      0.31  0.       -5666.774       5653.168       1707.459    0.000  -0.139   0.381   0.
  2017 352  0 19 11 495 352.013327497      -0.72      1.80      0.22  0.       -5667.082       5652.216       1705.743    0.000  -0.139   0.381   0.
  2017 352  0 19 12 495 352.013339071      -1.29      2.00      0.47  0.       -5667.389       5651.264       1704.027    0.000  -0.139   0.381   0.
  2017 352  0 19 13 495 352.013350645      -1.83      1.94      0.64  0.       -5667.696       5650.312       1702.310    0.000  -0.139   0.381   0.
  2017 352  0 19 14 495 352.013362219      -2.21      1.88      0.81  0.       -5668.003       5649.359       1700.594    0.000  -0.138   0.380   0.
  2017 352  0 19 15 495 352.013373793      -2.28      1.82      0.95  0.       -5668.309       5648.406       1698.877    0.000  -0.138   0.380   0.
  2017 352  0 19 16 495 352.013385367      -2.64      1.91      1.21  0.       -5668.615       5647.453       1697.161    0.000  -0.139   0.381   0.
  2017 352  0 19 17 495 352.013396942      -2.83      2.04      1.49  0.       -5668.920       5646.499       1695.444    0.000  -0.139   0.381   0.
  2017 352  0 19 18 495 352.013408516      -2.86      1.91      1.49  0.       -5669.225       5645.544       1693.727    0.000  -0.139   0.381   0.
  2017 352  0 19 19 495 352.013420090      -3.03      1.87      1.58  0.       -5669.529       5644.589       1692.010    0.000  -0.139   0.381   0.
  2017 352  0 19 20 495 352.013431664      -3.27      2.00      1.58  0.       -5669.833       5643.634       1690.293    0.000  -0.139   0.381   0.
  2017 352  0 19 21 495 352.013443238      -3.48      1.99      1.56  0.       -5670.136       5642.678       1688.575    0.000  -0.139   0.381   0.
  2017 352  0 19 22 495 352.013454810      -3.60      2.00      1.66  0.       -5670.439       5641.722       1686.858    0.000  -0.139   0.381   0.
  2017 352  0 19 23 495 352.013466383      -3.60      2.04      1.82  0.       -5670.742       5640.765       1685.140    0.000  -0.139   0.381   0.
  2017 352  0 19 24 495 352.013477957      -3.48      2.07      1.71  0.       -5671.044       5639.808       1683.423    0.000  -0.139   0.381   0.
  2017 352  0 19 25 495 352.013489531      -3.78      2.19      1.63  0.       -5671.346       5638.850       1681.705    0.000  -0.139   0.381   0.
  2017 352  0 19 26 495 352.013501105      -3.85      2.34      1.62  0.       -5671.647       5637.892       1679.987    0.000  -0.139   0.381   0.
  2017 352  0 19 27 495 352.013512679      -3.87      2.27      1.58  0.       -5671.948       5636.934       1678.269    0.000  -0.139   0.381   0.
  2017 352  0 19 28 495 352.013524254      -3.96      2.13      1.56  0.       -5672.248       5635.975       1676.550    0.000  -0.139   0.381   0.
  2017 352  0 19 29 495 352.013535827      -3.92      2.05      1.65  0.       -5672.548       5635.016       1674.832    0.000  -0.139   0.381   0.
  2017 352  0 19 30 495 352.013547402      -3.88      2.06      1.73  0.       -5672.847       5634.056       1673.114    0.000  -0.139   0.381   0.
  2017 352  0 19 31 495 352.013558976      -3.80      2.11      1.69  0.       -5673.146       5633.096       1671.395    0.000  -0.139   0.381   0.
  2017 352  0 19 32 495 352.013570550      -3.71      2.15      1.56  0.       -5673.445       5632.135       1669.676    0.000  -0.139   0.381   0.
  2017 352  0 19 33 495 352.013582124      -3.73      1.94      1.51  0.       -5673.743       5631.174       1667.957    0.000  -0.139   0.381   0.
  2017 352  0 19 34 495 352.013593698      -3.85      1.93      1.47  0.       -5674.041       5630.212       1666.238    0.000  -0.138   0.380   0.
  2017 352  0 19 35 495 352.013605272      -3.98      2.13      1.43  0.       -5674.338       5629.250       1664.519    0.000  -0.138   0.380   0.
  2017 352  0 19 36 495 352.013616846      -4.15      2.15      1.42  0.       -5674.635       5628.288       1662.800    0.000  -0.138   0.380   0.
  2017 352  0 19 37 495 352.013628420      -4.25      2.24      1.39  0.       -5674.931       5627.325       1661.080    0.000  -0.138   0.380   0.
  2017 352  0 19 38 495 352.013639994      -4.32      2.31      1.41  0.       -5675.227       5626.361       1659.361    0.000  -0.139   0.381   0.
  2017 352  0 19 39 495 352.013651568      -4.54      2.23      1.36  0.       -5675.522       5625.398       1657.641    0.000  -0.139   0.381   0.
  2017 352  0 19 40 495 352.013663142      -4.60      2.37      1.34  0.       -5675.817       5624.433       1655.921    0.000  -0.139   0.381   0.
  2017 352  0 19 41 495 352.013674716      -4.61      2.44      1.27  0.       -5676.112       5623.469       1654.201    0.000  -0.139   0.381   0.
  2017 352  0 19 42 495 352.013686291      -4.60      2.41      1.15  0.       -5676.406       5622.504       1652.481    0.000  -0.138   0.380   0.
  2017 352  0 19 43 495 352.013697865      -4.72      2.45      1.13  0.       -5676.699       5621.538       1650.761    0.000  -0.138   0.380   0.
  2017 352  0 19 44 495 352.013709439      -4.76      2.34      1.20  0.       -5676.992       5620.572       1649.041    0.000  -0.139   0.381   0.
  2017 352  0 19 45 495 352.013721013      -4.92      2.29      1.25  0.       -5677.285       5619.606       1647.320    0.000  -0.139   0.381   0.
  2017 352  0 19 46 495 352.013732587      -4.91      2.35      1.19  0.       -5677.578       5618.639       1645.600    0.000  -0.139   0.381   0.
  2017 352  0 19 47 495 352.013744161      -4.92      2.40      1.01  0.       -5677.869       5617.672       1643.879    0.000  -0.139   0.381   0.
  2017 352  0 19 48 495 352.013755735      -5.08      2.39      0.99  0.       -5678.161       5616.704       1642.158    0.000  -0.139   0.381   0.
  2017 352  0 19 49 495 352.013767309      -5.22      2.31      1.00  0.       -5678.452       5615.736       1640.437    0.000  -0.139   0.381   0.
  2017 352  0 19 50 495 352.013778881      -5.36      2.38      0.97  0.       -5678.742       5614.767       1638.716    0.000  -0.139   0.381   0.
  2017 352  0 19 51 495 352.013790454      -5.50      2.47      1.03  0.       -5679.032       5613.798       1636.995    0.000  -0.139   0.381   0.
  2017 352  0 19 52 495 352.013802028      -5.42      2.51      1.10  0.       -5679.322       5612.828       1635.273    0.000  -0.138   0.380   0.
  2017 352  0 19 53 495 352.013813602      -5.36      2.62      1.20  0.       -5679.611       5611.858       1633.552    0.000  -0.138   0.380   0.
  2017 352  0 19 54 495 352.013825177      -5.59      2.79      1.24  0.       -5679.899       5610.888       1631.830    0.000  -0.139   0.381   0.
  2017 352  0 19 55 495 352.013836751      -5.82      3.05      1.16  0.       -5680.187       5609.917       1630.108    0.000  -0.139   0.381   0.
  2017 352  0 19 56 495 352.013848325      -5.93      3.07      1.02  0.       -5680.475       5608.946       1628.386    0.000  -0.139   0.381   0.
  2017 352  0 19 57 495 352.013859899      -6.05      3.07      0.92  0.       -5680.763       5607.974       1626.664    0.000  -0.139   0.381   0.
  2017 352  0 19 58 495 352.013871473      -6.13      3.08      0.85  0.       -5681.050       5607.002       1624.942    0.000  -0.139   0.381   0.
  2017 352  0 19 59 495 352.013883047      -6.12      3.08      0.79  0.       -5681.336       5606.029       1623.220    0.000  -0.139   0.381   0.
  2017 352  0 20  0 495 352.013894621      -6.21      2.98      0.75  0.       -5681.622       5605.056       1621.497    0.000  -0.138   0.380   0.
  2017 352  0 20  1 495 352.013906195      -6.25      2.97      0.67  0.       -5681.908       5604.082       1619.775    0.000  -0.138   0.380   0.
  2017 352  0 20  2 495 352.013917769      -6.28      2.89      0.56  0.       -5682.193       5603.108       1618.052    0.000  -0.139   0.381   0.
  2017 352  0 20  3 495 352.013929343      -6.39      2.82      0.45  0.       -5682.478       5602.134       1616.329    0.000  -0.139   0.381   0.
  2017 352  0 20  4 495 352.013940917      -6.48      2.88      0.38  0.       -5682.762       5601.159       1614.606    0.000  -0.139   0.381   0.
  2017 352  0 20  5 495 352.013952491      -6.54      2.84      0.18  0.       -5683.046       5600.184       1612.883    0.000  -0.139   0.381   0.
  2017 352  0 20  6 495 352.013964065      -6.62      2.80      0.01  0.       -5683.329       5599.208       1611.160    0.000  -0.139   0.381   0.
  2017 352  0 20  7 495 352.013975639      -6.66      2.84     -0.03  0.       -5683.612       5598.232       1609.437    0.000  -0.139   0.381   0.
  2017 352  0 20  8 495 352.013987214      -6.77      2.85     -0.12  0.       -5683.894       5597.255       1607.713    0.000  -0.139   0.381   0.
  2017 352  0 20  9 495 352.013998788      -6.87      2.91     -0.24  0.       -5684.176       5596.278       1605.990    0.000  -0.139   0.381   0.
  2017 352  0 20 10 495 352.014010362      -6.86      2.94     -0.39  0.       -5684.458       5595.300       1604.266    0.000  -0.139   0.381   0.
  2017 352  0 20 11 495 352.014021936      -6.90      2.86     -0.63  0.       -5684.739       5594.322       1602.542    0.000  -0.139   0.381   0.
  2017 352  0 20 12 495 352.014033510      -6.87      2.84     -0.71  0.       -5685.019       5593.344       1600.818    0.000  -0.139   0.381   0.
  2017 352  0 20 13 495 352.014045084      -6.81      2.75     -0.72  0.       -5685.299       5592.365       1599.094    0.000  -0.139   0.381   0.
  2017 352  0 20 14 495 352.014056658      -6.75      2.66     -0.73  0.       -5685.579       5591.386       1597.370    0.000  -0.138   0.380   0.
  2017 352  0 20 15 495 352.014068232      -6.59      2.62     -0.77  0.       -5685.858       5590.406       1595.646    0.000  -0.138   0.380   0.
  2017 352  0 20 16 495 352.014079806      -6.56      2.50     -0.78  0.       -5686.137       5589.426       1593.921    0.000  -0.139   0.381   0.
  2017 352  0 20 17 495 352.014091380      -6.53      2.38     -0.88  0.       -5686.415       5588.445       1592.197    0.000  -0.139   0.381   0.
  2017 352  0 20 18 495 352.014102954      -6.55      2.31     -0.92  0.       -5686.693       5587.464       1590.472    0.000  -0.138   0.380   0.
  2017 352  0 20 19 495 352.014114528      -6.59      2.28     -0.84  0.       -5686.971       5586.482       1588.747    0.000  -0.138   0.380   0.
  2017 352  0 20 20 494 352.014126100      -6.63      2.33     -0.56  0.       -5687.248       5585.500       1587.022    0.000  -0.138   0.380   0.
  2017 352  0 20 21 494 352.014137674      -6.68      2.46     -0.18  0.       -5687.524       5584.518       1585.297    0.000  -0.138   0.380   0.
  2017 352  0 20 22 495 352.014149248      -6.59      2.85      0.48  0.       -5687.800       5583.535       1583.572    0.000  -0.139   0.381   0.
  2017 352  0 20 23 495 352.014160822      -6.62      3.28      0.84  0.       -5688.076       5582.552       1581.847    0.000  -0.139   0.381   0.
  2017 352  0 20 24 495 352.014172396      -6.78      3.48      0.86  0.       -5688.351       5581.568       1580.121    0.000  -0.139   0.381   0.
  2017 352  0 20 25 495 352.014183970      -7.02      3.70      0.95  0.       -5688.626       5580.584       1578.396    0.000  -0.139   0.381   0.
  2017 352  0 20 26 495 352.014195544      -7.27      3.83      1.00  0.       -5688.900       5579.599       1576.670    0.000  -0.139   0.381   0.
  2017 352  0 20 27 494 352.014207118      -7.42      3.86      1.04  0.       -5689.174       5578.614       1574.944    0.000  -0.139   0.381   0.
  2017 352  0 20 28 494 352.014218692      -7.55      3.91      1.03  0.       -5689.447       5577.628       1573.218    0.000  -0.139   0.381   0.
  2017 352  0 20 29 494 352.014230266      -7.57      3.93      1.05  0.       -5689.720       5576.642       1571.492    0.000  -0.139   0.381   0.
  2017 352  0 20 30 494 352.014241840      -7.51      3.91      1.08  0.       -5689.992       5575.656       1569.766    0.000  -0.139   0.381   0.
  2017 352  0 20 31 495 352.014253414      -7.46      3.88      1.12  0.       -5690.264       5574.669       1568.039    0.000  -0.139   0.381   0.
  2017 352  0 20 32 495 352.014264988      -7.43      3.87      1.18  0.       -5690.536       5573.682       1566.313    0.000  -0.139   0.381   0.
  2017 352  0 20 33 495 352.014276563      -7.41      3.85      1.28  0.       -5690.807       5572.694       1564.586    0.000  -0.139   0.381   0.
  2017 352  0 20 34 494 352.014288137      -7.40      3.81      1.38  0.       -5691.077       5571.706       1562.860    0.000  -0.139   0.381   0.
  2017 352  0 20 35 495 352.014299711      -7.42      3.78      1.41  0.       -5691.347       5570.717       1561.133    0.000  -0.139   0.381   0.
  2017 352  0 20 36 495 352.014311285      -7.45      3.71      1.48  0.       -5691.617       5569.728       1559.406    0.000  -0.138   0.380   0.
  2017 352  0 20 37 495 352.014322859      -7.44      3.55      1.44  0.       -5691.886       5568.738       1557.679    0.000  -0.138   0.380   0.
  2017 352  0 20 38 495 352.014334433      -7.49      3.46      1.46  0.       -5692.155       5567.748       1555.951    0.000  -0.139   0.381   0.
  2017 352  0 20 39 495 352.014346007      -7.48      3.52      1.43  0.       -5692.423       5566.758       1554.224    0.000  -0.139   0.381   0.
  2017 352  0 20 40 494 352.014357581      -7.36      3.56      1.41  0.       -5692.691       5565.767       1552.497    0.000  -0.139   0.381   0.
  2017 352  0 20 41 494 352.014369155      -7.27      3.57      1.39  0.       -5692.959       5564.775       1550.769    0.000  -0.139   0.381   0.
  2017 352  0 20 42 494 352.014380729      -7.30      3.54      1.30  0.       -5693.225       5563.783       1549.041    0.000  -0.138   0.380   0.
  2017 352  0 20 43 494 352.014392303      -7.27      3.61      1.22  0.       -5693.492       5562.791       1547.313    0.000  -0.138   0.380   0.
  2017 352  0 20 44 494 352.014403877      -7.27      3.70      1.24  0.       -5693.758       5561.798       1545.585    0.000  -0.139   0.381   0.
  2017 352  0 20 45 495 352.014415451      -7.27      3.73      1.19  0.       -5694.024       5560.805       1543.857    0.000  -0.139   0.381   0.
  2017 352  0 20 46 495 352.014427025      -7.33      3.79      1.24  0.       -5694.289       5559.812       1542.129    0.000  -0.139   0.381   0.
  2017 352  0 20 47 494 352.014438600      -7.36      3.82      1.23  0.       -5694.554       5558.818       1540.401    0.000  -0.139   0.381   0.
  2017 352  0 20 48 494 352.014450172      -7.45      3.82      1.21  0.       -5694.818       5557.823       1538.672    0.000  -0.138   0.380   0.
  2017 352  0 20 49 494 352.014461745      -7.46      3.89      1.16  0.       -5695.081       5556.828       1536.944    0.000  -0.138   0.380   0.
  2017 352  0 20 50 494 352.014473319      -7.40      3.98      1.09  0.       -5695.345       5555.833       1535.215    0.000  -0.139   0.381   0.
  2017 352  0 20 51 494 352.014484893      -7.40      4.05      0.85  0.       -5695.607       5554.837       1533.486    0.000  -0.139   0.381   0.
  2017 352  0 20 52 494 352.014496467      -7.31      4.15      0.74  0.       -5695.870       5553.841       1531.757    0.000  -0.139   0.381   0.
  2017 352  0 20 53 494 352.014508041      -7.22      4.25      0.68  0.       -5696.132       5552.844       1530.028    0.000  -0.139   0.381   0.
  2017 352  0 20 54 494 352.014519615      -7.11      4.40      0.57  0.       -5696.393       5551.847       1528.299    0.000  -0.139   0.381   0.
  2017 352  0 20 55 494 352.014531189      -7.01      4.53      0.58  0.       -5696.654       5550.849       1526.570    0.000  -0.139   0.381   0.
  2017 352  0 20 56 494 352.014542763      -6.94      4.70      0.55  0.       -5696.915       5549.851       1524.840    0.000  -0.139   0.381   0.
  2017 352  0 20 57 494 352.014554337      -6.95      4.86      0.51  0.       -5697.175       5548.852       1523.110    0.000  -0.139   0.381   0.
  2017 352  0 20 58 494 352.014565911      -6.89      5.02      0.43  0.       -5697.434       5547.854       1521.381    0.000  -0.139   0.381   0.
  2017 352  0 20 59 494 352.014577486      -6.89      5.15      0.30  0.       -5697.694       5546.854       1519.651    0.000  -0.139   0.381   0.
  2017 352  0 21  0 494 352.014589060      -7.00      5.15      0.17  0.       -5697.952       5545.854       1517.921    0.000  -0.139   0.381   0.
  2017 352  0 21  1 494 352.014600634      -7.06      5.06      0.05  0.       -5698.210       5544.854       1516.191    0.000  -0.139   0.381   0.
  2017 352  0 21  2 494 352.014612208      -7.09      5.03     -0.03  0.       -5698.468       5543.853       1514.461    0.000  -0.139   0.381   0.
  2017 352  0 21  3 494 352.014623782      -7.07      4.87     -0.13  0.       -5698.726       5542.852       1512.730    0.000  -0.139   0.381   0.
  2017 352  0 21  4 494 352.014635356      -7.04      4.81     -0.17  0.       -5698.982       5541.850       1511.000    0.000  -0.139   0.381   0.
  2017 352  0 21  5 494 352.014646930      -6.98      4.78     -0.20  0.       -5699.239       5540.848       1509.269    0.000  -0.139   0.381   0.
  2017 352  0 21  6 494 352.014658504      -6.96      4.72     -0.21  0.       -5699.495       5539.846       1507.539    0.000  -0.139   0.381   0.
  2017 352  0 21  7 494 352.014670078      -6.93      4.74     -0.16  0.       -5699.750       5538.843       1505.808    0.000  -0.139   0.381   0.
  2017 352  0 21  8 494 352.014681652      -6.90      4.79     -0.14  0.       -5700.005       5537.839       1504.077    0.000  -0.139   0.381   0.
  2017 352  0 21  9 494 352.014693226      -7.04      4.76     -0.19  0.       -5700.260       5536.835       1502.346    0.000  -0.139   0.381   0.
  2017 352  0 21 10 494 352.014704800      -7.04      4.84     -0.23  0.       -5700.514       5535.831       1500.615    0.000  -0.139   0.381   0.
  2017 352  0 21 11 494 352.014716374      -7.00      4.84     -0.24  0.       -5700.767       5534.826       1498.884    0.000  -0.139   0.381   0.
  2017 352  0 21 12 494 352.014727948      -7.01      4.83     -0.23  0.       -5701.021       5533.821       1497.152    0.000  -0.139   0.381   0.
  2017 352  0 21 13 494 352.014739523      -6.96      4.85     -0.22  0.       -5701.273       5532.815       1495.421    0.000  -0.139   0.381   0.
  2017 352  0 21 14 494 352.014751097      -6.87      4.86     -0.32  0.       -5701.526       5531.809       1493.689    0.000  -0.139   0.381   0.
  2017 352  0 21 15 494 352.014762671      -6.82      4.92     -0.47  0.       -5701.777       5530.802       1491.957    0.000  -0.139   0.381   0.
  2017 352  0 21 16 494 352.014774245      -6.64      5.02     -0.49  0.       -5702.029       5529.795       1490.225    0.000  -0.139   0.381   0.
  2017 352  0 21 17 494 352.014785819      -6.58      5.06     -0.56  0.       -5702.279       5528.788       1488.493    0.000  -0.139   0.381   0.
  2017 352  0 21 18 494 352.014797391      -6.58      5.10     -0.60  0.       -5702.530       5527.780       1486.761    0.000  -0.138   0.380   0.
  2017 352  0 21 19 494 352.014808964      -6.64      5.15     -0.59  0.       -5702.780       5526.771       1485.029    0.000  -0.138   0.380   0.
  2017 352  0 21 20 494 352.014820538      -6.68      5.16     -0.54  0.       -5703.029       5525.763       1483.296    0.000  -0.139   0.381   0.
  2017 352  0 21 21 494 352.014832112      -6.77      5.15     -0.44  0.       -5703.278       5524.753       1481.564    0.000  -0.139   0.381   0.
  2017 352  0 21 22 494 352.014843686      -6.83      5.11     -0.35  0.       -5703.527       5523.744       1479.831    0.000  -0.139   0.381   0.
  2017 352  0 21 23 494 352.014855260      -6.86      5.05     -0.24  0.       -5703.775       5522.733       1478.099    0.000  -0.139   0.381   0.
  2017 352  0 21 24 494 352.014866835      -6.91      5.02     -0.15  0.       -5704.022       5521.723       1476.366    0.000  -0.139   0.381   0.
  2017 352  0 21 25 494 352.014878409      -6.90      4.96     -0.11  0.       -5704.269       5520.712       1474.633    0.000  -0.139   0.381   0.
  2017 352  0 21 26 494 352.014889983      -6.87      4.90     -0.01  0.       -5704.516       5519.700       1472.900    0.000  -0.139   0.381   0.
  2017 352  0 21 27 494 352.014901557      -6.93      4.81      0.02  0.       -5704.762       5518.688       1471.166    0.000  -0.139   0.381   0.
  2017 352  0 21 28 494 352.014913131      -6.91      4.73      0.06  0.       -5705.008       5517.676       1469.433    0.000  -0.139   0.381   0.
  2017 352  0 21 29 494 352.014924705      -6.95      4.52      0.12  0.       -5705.253       5516.663       1467.700    0.000  -0.139   0.381   0.
  2017 352  0 21 30 494 352.014936279      -7.05      4.33      0.17  0.       -5705.498       5515.649       1465.966    0.000  -0.139   0.381   0.
  2017 352  0 21 31 494 352.014947853      -7.09      4.17      0.28  0.       -5705.743       5514.636       1464.232    0.000  -0.139   0.381   0.
  2017 352  0 21 32 494 352.014959427      -7.17      3.94      0.35  0.       -5705.986       5513.622       1462.499    0.000  -0.139   0.381   0.
  2017 352  0 21 33 494 352.014971001      -7.22      3.85      0.37  0.       -5706.230       5512.607       1460.765    0.000  -0.139   0.381   0.
  2017 352  0 21 34 494 352.014982575      -7.28      3.75      0.48  0.       -5706.473       5511.592       1459.031    0.000  -0.139   0.381   0.
  2017 352  0 21 35 494 352.014994149      -7.42      3.59      0.58  0.       -5706.715       5510.576       1457.296    0.000  -0.139   0.381   0.
  2017 352  0 21 36 494 352.015005723      -7.56      3.44      0.54  0.       -5706.957       5509.560       1455.562    0.000  -0.139   0.381   0.
  2017 352  0 21 37 494 352.015017297      -7.54      3.43      0.45  0.       -5707.199       5508.544       1453.828    0.000  -0.139   0.381   0.
  2017 352  0 21 38 494 352.015028872      -7.49      3.42      0.39  0.       -5707.440       5507.527       1452.093    0.000  -0.139   0.381   0.
  2017 352  0 21 39 494 352.015040446      -7.38      3.54      0.34  0.       -5707.680       5506.509       1450.359    0.000  -0.139   0.381   0.
  2017 352  0 21 40 494 352.015052020      -7.27      3.58      0.28  0.       -5707.921       5505.491       1448.624    0.000  -0.139   0.381   0.
  2017 352  0 21 41 494 352.015063594      -7.15      3.67      0.27  0.       -5708.160       5504.473       1446.889    0.000  -0.139   0.381   0.
  2017 352  0 21 42 494 352.015075168      -7.09      3.78      0.25  0.       -5708.400       5503.454       1445.154    0.000  -0.139   0.381   0.
  2017 352  0 21 43 494 352.015086742      -7.11      3.78      0.23  0.       -5708.638       5502.435       1443.419    0.000  -0.139   0.381   0.
  2017 352  0 21 44 494 352.015098316      -7.17      3.81      0.37  0.       -5708.877       5501.416       1441.684    0.000  -0.139   0.381   0.
  2017 352  0 21 45 494 352.015109890      -7.22      3.91      0.50  0.       -5709.115       5500.396       1439.948    0.000  -0.139   0.381   0.
  2017 352  0 21 46 494 352.015121464      -7.32      4.01      0.43  0.       -5709.352       5499.375       1438.213    0.000  -0.139   0.381   0.
  2017 352  0 21 47 494 352.015133038      -7.45      4.12      0.49  0.       -5709.589       5498.354       1436.477    0.000  -0.139   0.381   0.
  2017 352  0 21 48 494 352.015144610      -7.52      4.11      0.37  0.       -5709.825       5497.333       1434.741    0.000  -0.139   0.381   0.
  2017 352  0 21 49 494 352.015156183      -7.58      4.09      0.27  0.       -5710.061       5496.311       1433.005    0.000  -0.139   0.381   0.
  2017 352  0 21 50 494 352.015167758      -7.57      4.08      0.28  0.       -5710.297       5495.288       1431.270    0.000  -0.139   0.381   0.
  2017 352  0 21 51 494 352.015179332      -7.52      4.04      0.29  0.       -5710.532       5494.266       1429.534    0.000  -0.139   0.381   0.
  2017 352  0 21 52 494 352.015190906      -7.48      3.98      0.33  0.       -5710.766       5493.242       1427.797    0.000  -0.139   0.381   0.
  2017 352  0 21 53 494 352.015202480      -7.38      3.95      0.37  0.       -5711.000       5492.219       1426.061    0.000  -0.139   0.381   0.
  2017 352  0 21 54 494 352.015214054      -7.32      3.90      0.39  0.       -5711.234       5491.194       1424.325    0.000  -0.139   0.381   0.
  2017 352  0 21 55 494 352.015225628      -7.24      3.90      0.42  0.       -5711.467       5490.170       1422.588    0.000  -0.139   0.381   0.
  2017 352  0 21 56 494 352.015237202      -7.15      3.89      0.47  0.       -5711.700       5489.145       1420.852    0.000  -0.139   0.381   0.
  2017 352  0 21 57 494 352.015248776      -7.13      3.87      0.50  0.       -5711.932       5488.119       1419.115    0.000  -0.139   0.381   0.
  2017 352  0 21 58 494 352.015260350      -7.04      3.88      0.53  0.       -5712.164       5487.093       1417.378    0.000  -0.139   0.381   0.
  2017 352  0 21 59 494 352.015271924      -7.08      3.84      0.46  0.       -5712.395       5486.067       1415.641    0.000  -0.139   0.381   0.
  2017 352  0 22  0 494 352.015283498      -7.12      3.82      0.36  0.       -5712.626       5485.040       1413.904    0.000  -0.139   0.381   0.
  2017 352  0 22  1 494 352.015295072      -7.11      3.79      0.18  0.       -5712.856       5484.013       1412.167    0.000  -0.139   0.381   0.
  2017 352  0 22  2 494 352.015306646      -7.13      3.74      0.06  0.       -5713.086       5482.985       1410.429    0.000  -0.138   0.380   0.
  2017 352  0 22  3 494 352.015318221      -7.11      3.74      0.04  0.       -5713.315       5481.957       1408.692    0.000  -0.138   0.380   0.
  2017 352  0 22  4 494 352.015329795      -7.10      3.74      0.02  0.       -5713.544       5480.928       1406.954    0.000  -0.139   0.381   0.
  2017 352  0 22  5 494 352.015341369      -7.08      3.79      0.03  0.       -5713.773       5479.899       1405.216    0.000  -0.139   0.381   0.
  2017 352  0 22  6 494 352.015352943      -7.02      3.80     -0.07  0.       -5714.001       5478.870       1403.479    0.000  -0.139   0.381   0.
  2017 352  0 22  7 494 352.015364517      -7.03      3.76     -0.15  0.       -5714.228       5477.840       1401.741    0.000  -0.139   0.381   0.
  2017 352  0 22  8 494 352.015376091      -7.00      3.77     -0.16  0.       -5714.455       5476.809       1400.003    0.000  -0.139   0.381   0.
  2017 352  0 22  9 494 352.015387665      -6.93      3.78     -0.17  0.       -5714.682       5475.778       1398.265    0.000  -0.139   0.381   0.
  2017 352  0 22 10 494 352.015399239      -6.88      3.80     -0.14  0.       -5714.908       5474.747       1396.526    0.000  -0.139   0.381   0.
  2017 352  0 22 11 494 352.015410813      -6.82      3.79     -0.11  0.       -5715.133       5473.715       1394.788    0.000  -0.139   0.381   0.
  2017 352  0 22 12 494 352.015422387      -6.73      3.80     -0.25  0.       -5715.358       5472.683       1393.049    0.000  -0.139   0.381   0.
  2017 352  0 22 13 494 352.015433961      -6.71      3.92     -0.34  0.       -5715.583       5471.650       1391.311    0.000  -0.139   0.381   0.
  2017 352  0 22 14 494 352.015445535      -6.64      3.96     -0.43  0.       -5715.807       5470.617       1389.572    0.000  -0.139   0.381   0.
  2017 352  0 22 15 494 352.015457109      -6.70      3.97     -0.46  0.       -5716.031       5469.583       1387.833    0.000  -0.139   0.381   0.
  2017 352  0 22 16 493 352.015468681      -6.70      3.94     -0.37  0.       -5716.254       5468.549       1386.094    0.000  -0.139   0.381   0.
  2017 352  0 22 17 493 352.015480255      -6.66      3.87     -0.34  0.       -5716.477       5467.515       1384.355    0.000  -0.139   0.381   0.
  2017 352  0 22 18 494 352.015491829      -6.72      3.85     -0.37  0.       -5716.699       5466.480       1382.616    0.000  -0.139   0.381   0.
  2017 352  0 22 19 494 352.015503403      -6.64      3.83     -0.36  0.       -5716.921       5465.444       1380.877    0.000  -0.139   0.381   0.
  2017 352  0 22 20 494 352.015514977      -6.59      3.80     -0.38  0.       -5717.143       5464.408       1379.137    0.000  -0.139   0.381   0.
  2017 352  0 22 21 494 352.015526551      -6.63      3.77     -0.31  0.       -5717.363       5463.372       1377.398    0.000  -0.139   0.381   0.
  2017 352  0 22 22 494 352.015538125      -6.60      3.76     -0.31  0.       -5717.584       5462.335       1375.658    0.000  -0.139   0.381   0.
  2017 352  0 22 23 493 352.015549699      -6.57      3.77     -0.33  0.       -5717.804       5461.298       1373.918    0.000  -0.139   0.381   0.
  2017 352  0 22 24 493 352.015561273      -6.58      3.75     -0.32  0.       -5718.023       5460.260       1372.178    0.000  -0.139   0.381   0.
  2017 352  0 22 25 493 352.015572847      -6.59      3.67     -0.35  0.       -5718.242       5459.222       1370.438    0.000  -0.139   0.381   0.
  2017 352  0 22 26 493 352.015584421      -6.62      3.57     -0.34  0.       -5718.461       5458.184       1368.698    0.000  -0.139   0.381   0.
  2017 352  0 22 27 494 352.015595995      -6.60      3.52     -0.31  0.       -5718.679       5457.145       1366.958    0.000  -0.139   0.381   0.
  2017 352  0 22 28 494 352.015607569      -6.56      3.50     -0.29  0.       -5718.896       5456.105       1365.218    0.000  -0.139   0.381   0.
  2017 352  0 22 29 493 352.015619144      -6.54      3.46     -0.24  0.       -5719.114       5455.065       1363.477    0.000  -0.139   0.381   0.
  2017 352  0 22 30 493 352.015630718      -6.59      3.40     -0.22  0.       -5719.330       5454.025       1361.737    0.000  -0.139   0.381   0.
  2017 352  0 22 31 494 352.015642292      -6.62      3.40     -0.20  0.       -5719.546       5452.984       1359.996    0.000  -0.139   0.381   0.
  2017 352  0 22 32 494 352.015653866      -6.58      3.39     -0.15  0.       -5719.762       5451.942       1358.255    0.000  -0.139   0.381   0.
  2017 352  0 22 33 494 352.015665440      -6.53      3.42     -0.20  0.       -5719.977       5450.901       1356.515    0.000  -0.139   0.381   0.
  2017 352  0 22 34 494 352.015677014      -6.54      3.47     -0.22  0.       -5720.192       5449.858       1354.773    0.000  -0.139   0.381   0.
  2017 352  0 22 35 494 352.015688588      -6.55      3.46     -0.16  0.       -5720.406       5448.816       1353.032    0.000  -0.139   0.381   0.
  2017 352  0 22 36 493 352.015700162      -6.55      3.47     -0.24  0.       -5720.620       5447.773       1351.291    0.000  -0.139   0.381   0.
  2017 352  0 22 37 493 352.015711736      -6.57      3.49     -0.37  0.       -5720.833       5446.729       1349.550    0.000  -0.139   0.381   0.
  2017 352  0 22 38 493 352.015723310      -6.56      3.49     -0.59  0.       -5721.046       5445.685       1347.808    0.000  -0.139   0.381   0.
  2017 352  0 22 39 493 352.015734884      -6.58      3.53     -0.69  0.       -5721.258       5444.640       1346.067    0.000  -0.139   0.381   0.
  2017 352  0 22 40 493 352.015746458      -6.54      3.59     -0.77  0.       -5721.470       5443.596       1344.325    0.000  -0.139   0.381   0.
  2017 352  0 22 41 494 352.015758032      -6.55      3.57     -0.88  0.       -5721.682       5442.550       1342.583    0.000  -0.139   0.381   0.
  2017 352  0 22 42 494 352.015769606      -6.59      3.53     -0.96  0.       -5721.893       5441.504       1340.841    0.000  -0.139   0.381   0.
  2017 352  0 22 43 493 352.015781181      -6.43      3.48     -1.09  0.       -5722.103       5440.458       1339.099    0.000  -0.139   0.381   0.
  2017 352  0 22 44 493 352.015792755      -6.35      3.44     -1.21  0.       -5722.313       5439.411       1337.357    0.000  -0.139   0.381   0.
  2017 352  0 22 45 494 352.015804329      -6.26      3.41     -1.26  0.       -5722.522       5438.364       1335.615    0.000  -0.139   0.381   0.
  2017 352  0 22 46 494 352.015815901      -6.25      3.34     -1.31  0.       -5722.731       5437.316       1333.873    0.000  -0.139   0.381   0.
  2017 352  0 22 47 493 352.015827474      -6.20      3.33     -1.32  0.       -5722.940       5436.268       1332.130    0.000  -0.139   0.381   0.
  2017 352  0 22 48 493 352.015839048      -6.19      3.27     -1.26  0.       -5723.148       5435.220       1330.388    0.000  -0.139   0.381   0.
  2017 352  0 22 49 493 352.015850622      -6.15      3.25     -1.20  0.       -5723.356       5434.171       1328.645    0.000  -0.139   0.381   0.
  2017 352  0 22 50 493 352.015862196      -6.10      3.28     -1.07  0.       -5723.563       5433.121       1326.902    0.000  -0.139   0.381   0.
  2017 352  0 22 51 493 352.015873770      -6.06      3.26     -1.04  0.       -5723.769       5432.071       1325.159    0.000  -0.139   0.381   0.
  2017 352  0 22 52 493 352.015885344      -6.08      3.27     -0.96  0.       -5723.975       5431.021       1323.416    0.000  -0.139   0.381   0.
  2017 352  0 22 53 493 352.015896918      -6.09      3.34     -0.96  0.       -5724.181       5429.970       1321.673    0.000  -0.139   0.381   0.
  2017 352  0 22 54 493 352.015908492      -6.03      3.37     -0.98  0.       -5724.386       5428.919       1319.930    0.000  -0.139   0.381   0.
  2017 352  0 22 55 493 352.015920067      -6.04      3.43     -0.95  0.       -5724.591       5427.867       1318.187    0.000  -0.139   0.381   0.
  2017 352  0 22 56 493 352.015931641      -6.01      3.41     -0.98  0.       -5724.795       5426.815       1316.443    0.000  -0.139   0.381   0.
  2017 352  0 22 57 493 352.015943215      -5.99      3.45     -0.99  0.       -5724.999       5425.762       1314.699    0.000  -0.139   0.381   0.
  2017 352  0 22 58 493 352.015954789      -6.01      3.47     -0.99  0.       -5725.202       5424.709       1312.956    0.000  -0.139   0.381   0.
  2017 352  0 22 59 493 352.015966363      -6.05      3.50     -1.01  0.       -5725.405       5423.655       1311.212    0.000  -0.139   0.381   0.
  2017 352  0 23  0 493 352.015977937      -6.05      3.48     -1.00  0.       -5725.607       5422.601       1309.468    0.000  -0.139   0.381   0.
  2017 352  0 23  1 493 352.015989511      -6.09      3.48     -0.93  0.       -5725.809       5421.547       1307.724    0.000  -0.139   0.381   0.
  2017 352  0 23  2 493 352.016001085      -6.16      3.43     -0.94  0.       -5726.010       5420.492       1305.980    0.000  -0.139   0.381   0.
  2017 352  0 23  3 493 352.016012659      -6.15      3.42     -0.88  0.       -5726.211       5419.436       1304.236    0.000  -0.139   0.381   0.
  2017 352  0 23  4 493 352.016024233      -6.14      3.46     -0.83  0.       -5726.412       5418.380       1302.491    0.000  -0.139   0.381   0.
  2017 352  0 23  5 493 352.016035807      -6.22      3.44     -0.82  0.       -5726.611       5417.324       1300.747    0.000  -0.139   0.381   0.
  2017 352  0 23  6 493 352.016047381      -6.34      3.43     -0.80  0.       -5726.811       5416.268       1299.003    0.000  -0.139   0.381   0.
  2017 352  0 23  7 493 352.016058955      -6.39      3.47     -0.82  0.       -5727.010       5415.210       1297.258    0.000  -0.139   0.381   0.
  2017 352  0 23  8 493 352.016070530      -6.42      3.45     -0.88  0.       -5727.208       5414.153       1295.513    0.000  -0.139   0.381   0.
  2017 352  0 23  9 493 352.016082104      -6.49      3.45     -0.92  0.       -5727.406       5413.095       1293.768    0.000  -0.139   0.381   0.
  2017 352  0 23 10 493 352.016093678      -6.57      3.37     -0.94  0.       -5727.604       5412.036       1292.023    0.000  -0.139   0.381   0.
  2017 352  0 23 11 493 352.016105252      -6.65      3.32     -0.95  0.       -5727.801       5410.977       1290.278    0.000  -0.139   0.381   0.
  2017 352  0 23 12 493 352.016116826      -6.67      3.32     -0.95  0.       -5727.997       5409.918       1288.533    0.000  -0.139   0.381   0.
  2017 352  0 23 13 493 352.016128400      -6.72      3.28     -0.97  0.       -5728.193       5408.858       1286.788    0.000  -0.139   0.381   0.
  2017 352  0 23 14 493 352.016139974      -6.69      3.25     -0.94  0.       -5728.389       5407.797       1285.042    0.000  -0.139   0.381   0.
  2017 352  0 23 15 493 352.016151548      -6.72      3.23     -0.96  0.       -5728.584       5406.736       1283.297    0.000  -0.139   0.381   0.
  2017 352  0 23 16 493 352.016163120      -6.76      3.21     -0.93  0.       -5728.779       5405.675       1281.551    0.000  -0.139   0.381   0.
  2017 352  0 23 17 493 352.016174693      -6.81      3.14     -0.88  0.       -5728.973       5404.613       1279.805    0.000  -0.139   0.381   0.
  2017 352  0 23 18 493 352.016186267      -6.88      3.10     -0.89  0.       -5729.166       5403.551       1278.059    0.000  -0.139   0.381   0.
  2017 352  0 23 19 493 352.016197841      -6.86      3.08     -0.82  0.       -5729.359       5402.488       1276.313    0.000  -0.139   0.381   0.
  2017 352  0 23 20 493 352.016209416      -6.93      2.99     -0.83  0.       -5729.552       5401.425       1274.567    0.000  -0.139   0.381   0.
  2017 352  0 23 21 493 352.016220990      -6.97      2.96     -0.82  0.       -5729.744       5400.362       1272.821    0.000  -0.139   0.381   0.
  2017 352  0 23 22 493 352.016232564      -6.94      2.93     -0.87  0.       -5729.936       5399.298       1271.075    0.000  -0.139   0.381   0.
  2017 352  0 23 23 493 352.016244138      -6.94      2.91     -0.87  0.       -5730.127       5398.233       1269.329    0.000  -0.139   0.381   0.
  2017 352  0 23 24 493 352.016255712      -6.91      2.96     -0.88  0.       -5730.318       5397.168       1267.582    0.000  -0.139   0.381   0.
  2017 352  0 23 25 493 352.016267286      -6.98      2.93     -0.89  0.       -5730.508       5396.103       1265.836    0.000  -0.139   0.381   0.
  2017 352  0 23 26 493 352.016278860      -7.09      2.93     -0.88  0.       -5730.698       5395.037       1264.089    0.000  -0.139   0.381   0.
  2017 352  0 23 27 493 352.016290434      -7.08      2.88     -0.89  0.       -5730.887       5393.970       1262.342    0.000  -0.139   0.381   0.
  2017 352  0 23 28 493 352.016302008      -7.12      2.83     -0.87  0.       -5731.076       5392.904       1260.595    0.000  -0.139   0.381   0.
  2017 352  0 23 29 493 352.016313582      -7.14      2.83     -0.81  0.       -5731.264       5391.836       1258.848    0.000  -0.139   0.381   0.
  2017 352  0 23 30 493 352.016325156      -7.12      2.81     -0.84  0.       -5731.452       5390.769       1257.101    0.000  -0.139   0.381   0.
  2017 352  0 23 31 493 352.016336730      -7.15      2.80     -0.82  0.       -5731.640       5389.701       1255.354    0.000  -0.139   0.381   0.
  2017 352  0 23 32 493 352.016348304      -7.16      2.80     -0.77  0.       -5731.826       5388.632       1253.606    0.000  -0.139   0.381   0.
  2017 352  0 23 33 493 352.016359879      -7.17      2.73     -0.79  0.       -5732.013       5387.563       1251.859    0.000  -0.139   0.381   0.
  2017 352  0 23 34 493 352.016371453      -7.12      2.69     -0.71  0.       -5732.199       5386.493       1250.111    0.000  -0.139   0.381   0.
  2017 352  0 23 35 493 352.016383027      -7.10      2.65     -0.67  0.       -5732.384       5385.423       1248.364    0.000  -0.139   0.381   0.
  2017 352  0 23 36 493 352.016394601      -7.12      2.59     -0.62  0.       -5732.569       5384.353       1246.616    0.000  -0.139   0.381   0.
  2017 352  0 23 37 493 352.016406175      -7.02      2.60     -0.52  0.       -5732.753       5383.282       1244.868    0.000  -0.139   0.381   0.
  2017 352  0 23 38 493 352.016417749      -7.02      2.53     -0.49  0.       -5732.937       5382.211       1243.120    0.000  -0.139   0.381   0.
  2017 352  0 23 39 493 352.016429323      -7.01      2.50     -0.47  0.       -5733.121       5381.139       1241.372    0.000  -0.139   0.381   0.
  2017 352  0 23 40 493 352.016440897      -6.99      2.49     -0.44  0.       -5733.304       5380.067       1239.624    0.000  -0.139   0.381   0.
  2017 352  0 23 41 493 352.016452471      -6.98      2.44     -0.46  0.       -5733.486       5378.994       1237.875    0.000  -0.139   0.381   0.
  2017 352  0 23 42 493 352.016464045      -7.04      2.41     -0.45  0.       -5733.668       5377.921       1236.127    0.000  -0.139   0.381   0.
  2017 352  0 23 43 493 352.016475619      -6.99      2.39     -0.47  0.       -5733.849       5376.847       1234.379    0.000  -0.139   0.381   0.
  2017 352  0 23 44 493 352.016487193      -7.02      2.36     -0.51  0.       -5734.031       5375.773       1232.630    0.000  -0.139   0.381   0.
  2017 352  0 23 45 493 352.016498767      -6.95      2.37     -0.50  0.       -5734.211       5374.698       1230.881    0.000  -0.139   0.381   0.
  2017 352  0 23 46 493 352.016510339      -6.91      2.38     -0.55  0.       -5734.391       5373.623       1229.132    0.000  -0.139   0.381   0.
  2017 352  0 23 47 493 352.016521913      -6.91      2.43     -0.57  0.       -5734.571       5372.548       1227.383    0.000  -0.139   0.381   0.
  2017 352  0 23 48 493 352.016533487      -6.93      2.42     -0.56  0.       -5734.750       5371.472       1225.634    0.000  -0.139   0.381   0.
  2017 352  0 23 49 493 352.016545061      -6.90      2.51     -0.60  0.       -5734.928       5370.396       1223.885    0.000  -0.139   0.381   0.
  2017 352  0 23 50 493 352.016556635      -6.88      2.59     -0.57  0.       -5735.106       5369.319       1222.136    0.000  -0.139   0.381   0.
  2017 352  0 23 51 493 352.016568209      -6.86      2.61     -0.64  0.       -5735.284       5368.242       1220.387    0.000  -0.139   0.381   0.
  2017 352  0 23 52 493 352.016579783      -6.85      2.65     -0.66  0.       -5735.461       5367.164       1218.637    0.000  -0.139   0.381   0.
  2017 352  0 23 53 493 352.016591357      -6.80      2.68     -0.68  0.       -5735.638       5366.086       1216.888    0.000  -0.139   0.381   0.
  2017 352  0 23 54 493 352.016602931      -6.80      2.71     -0.68  0.       -5735.814       5365.007       1215.138    0.000  -0.139   0.381   0.
  2017 352  0 23 55 493 352.016614505      -6.83      2.72     -0.68  0.       -5735.990       5363.928       1213.388    0.000  -0.139   0.381   0.
  2017 352  0 23 56 493 352.016626079      -6.77      2.78     -0.73  0.       -5736.165       5362.848       1211.638    0.000  -0.139   0.381   0.
  2017 352  0 23 57 493 352.016637653      -6.77      2.79     -0.76  0.       -5736.339       5361.768       1209.888    0.000  -0.139   0.381   0.
  2017 352  0 23 58 493 352.016649227      -6.75      2.80     -0.72  0.       -5736.514       5360.688       1208.138    0.000  -0.139   0.381   0.
  2017 352  0 23 59 493 352.016660802      -6.73      2.77     -0.55  0.       -5736.687       5359.607       1206.388    0.000  -0.139   0.381   0.
  2017 352  0 24  0 493 352.016672376      -6.81      2.67     -0.35  0.       -5736.860       5358.525       1204.638    0.000  -0.139   0.381   0.
  2017 352  0 24  1 493 352.016683950      -6.75      2.60     -0.26  0.       -5737.033       5357.443       1202.887    0.000  -0.139   0.381   0.
  2017 352  0 24  2 493 352.016695524      -6.74      2.56     -0.10  0.       -5737.205       5356.361       1201.137    0.000  -0.139   0.381   0.
  2017 352  0 24  3 493 352.016707098      -6.77      2.59      0.09  0.       -5737.377       5355.278       1199.386    0.000  -0.139   0.381   0.
  2017 352  0 24  4 493 352.016718672      -6.79      2.66      0.17  0.       -5737.548       5354.195       1197.636    0.000  -0.139   0.381   0.
  2017 352  0 24  5 493 352.016730246      -6.80      2.78      0.24  0.       -5737.719       5353.111       1195.885    0.000  -0.139   0.381   0.
  2017 352  0 24  6 493 352.016741820      -6.81      2.82      0.28  0.       -5737.889       5352.027       1194.134    0.000  -0.139   0.381   0.
  2017 352  0 24  7 493 352.016753394      -6.85      2.85      0.34  0.       -5738.059       5350.943       1192.383    0.000  -0.139   0.381   0.
  2017 352  0 24  8 493 352.016764968      -6.98      2.87      0.47  0.       -5738.228       5349.857       1190.632    0.000  -0.139   0.381   0.
  2017 352  0 24  9 493 352.016776542      -6.99      2.82      0.51  0.       -5738.397       5348.772       1188.881    0.000  -0.139   0.381   0.
  2017 352  0 24 10 493 352.016788116      -7.05      2.73      0.55  0.       -5738.565       5347.686       1187.130    0.000  -0.139   0.381   0.
  2017 352  0 24 11 493 352.016799690      -7.06      2.66      0.69  0.       -5738.733       5346.599       1185.378    0.000  -0.139   0.381   0.
  2017 352  0 24 12 493 352.016811264      -7.05      2.57      0.71  0.       -5738.900       5345.513       1183.627    0.000  -0.139   0.381   0.
  2017 352  0 24 13 493 352.016822839      -7.06      2.52      0.81  0.       -5739.067       5344.425       1181.875    0.000  -0.139   0.381   0.
  2017 352  0 24 14 493 352.016834413      -7.02      2.44      0.84  0.       -5739.234       5343.337       1180.123    0.000  -0.139   0.381   0.
  2017 352  0 24 15 493 352.016845987      -6.92      2.45      0.94  0.       -5739.399       5342.249       1178.371    0.000  -0.139   0.381   0.
  2017 352  0 24 16 493 352.016857559      -6.87      2.45      1.01  0.       -5739.565       5341.160       1176.619    0.000  -0.139   0.381   0.
  2017 352  0 24 17 493 352.016869132      -6.85      2.37      1.06  0.       -5739.729       5340.071       1174.867    0.000  -0.139   0.381   0.
  2017 352  0 24 18 492 352.016880706      -6.93      2.22      1.16  0.       -5739.894       5338.981       1173.115    0.000  -0.139   0.381   0.
  2017 352  0 24 19 492 352.016892280      -6.99      2.12      1.16  0.       -5740.058       5337.891       1171.363    0.000  -0.139   0.381   0.
  2017 352  0 24 20 492 352.016903854      -6.97      2.02      1.10  0.       -5740.221       5336.801       1169.611    0.000  -0.139   0.381   0.
  2017 352  0 24 21 492 352.016915428      -7.06      1.97      1.07  0.       -5740.384       5335.710       1167.859    0.000  -0.139   0.381   0.
  2017 352  0 24 22 492 352.016927002      -7.16      1.94      0.96  0.       -5740.546       5334.618       1166.106    0.000  -0.139   0.381   0.
  2017 352  0 24 23 493 352.016938576      -7.26      1.91      0.82  0.       -5740.708       5333.526       1164.353    0.000  -0.139   0.381   0.
  2017 352  0 24 24 493 352.016950150      -7.42      1.81      0.85  0.       -5740.869       5332.434       1162.601    0.000  -0.139   0.381   0.
  2017 352  0 24 25 492 352.016961725      -7.50      1.72      0.88  0.       -5741.030       5331.341       1160.848    0.000  -0.139   0.381   0.
  2017 352  0 24 26 492 352.016973299      -7.59      1.67      0.87  0.       -5741.191       5330.247       1159.095    0.000  -0.139   0.381   0.
  2017 352  0 24 27 493 352.016984873      -7.73      1.69      0.91  0.       -5741.351       5329.154       1157.342    0.000  -0.139   0.381   0.
  2017 352  0 24 28 493 352.016996447      -7.87      1.75      0.94  0.       -5741.510       5328.059       1155.589    0.000  -0.139   0.381   0.
  2017 352  0 24 29 493 352.017008021      -7.91      1.79      0.98  0.       -5741.669       5326.965       1153.836    0.000  -0.139   0.381   0.
  2017 352  0 24 30 493 352.017019595      -7.93      1.63      0.96  0.       -5741.827       5325.869       1152.082    0.000  -0.139   0.381   0.
  2017 352  0 24 31 493 352.017031169      -7.92      1.53      0.84  0.       -5741.985       5324.774       1150.329    0.000  -0.139   0.381   0.
  2017 352  0 24 32 492 352.017042743      -7.94      1.49      0.72  0.       -5742.143       5323.678       1148.575    0.000  -0.139   0.381   0.
  2017 352  0 24 33 492 352.017054317      -7.97      1.51      0.53  0.       -5742.299       5322.581       1146.822    0.000  -0.139   0.381   0.
  2017 352  0 24 34 492 352.017065891      -7.93      1.51      0.34  0.       -5742.456       5321.484       1145.068    0.000  -0.139   0.381   0.
  2017 352  0 24 35 492 352.017077465      -7.77      1.56      0.14  0.       -5742.612       5320.387       1143.314    0.000  -0.139   0.381   0.
  2017 352  0 24 36 492 352.017089039      -7.78      1.65      0.03  0.       -5742.767       5319.289       1141.560    0.000  -0.139   0.381   0.
  2017 352  0 24 37 493 352.017100613      -7.73      1.75     -0.09  0.       -5742.922       5318.190       1139.806    0.000  -0.139   0.381   0.
  2017 352  0 24 38 493 352.017112188      -7.59      1.90     -0.16  0.       -5743.077       5317.091       1138.052    0.000  -0.139   0.381   0.
  2017 352  0 24 39 492 352.017123762      -7.45      2.11     -0.19  0.       -5743.230       5315.992       1136.298    0.000  -0.139   0.381   0.
  2017 352  0 24 40 492 352.017135336      -7.42      2.17     -0.27  0.       -5743.384       5314.892       1134.544    0.000  -0.139   0.381   0.
  2017 352  0 24 41 493 352.017146910      -7.38      2.31     -0.33  0.       -5743.537       5313.792       1132.789    0.000  -0.139   0.381   0.
  2017 352  0 24 42 493 352.017158484      -7.24      2.44     -0.39  0.       -5743.689       5312.691       1131.035    0.000  -0.139   0.381   0.
  2017 352  0 24 43 493 352.017170058      -7.30      2.48     -0.43  0.       -5743.841       5311.590       1129.280    0.000  -0.139   0.381   0.
  2017 352  0 24 44 493 352.017181630      -7.26      2.56     -0.47  0.       -5743.993       5310.488       1127.526    0.000  -0.139   0.381   0.
  2017 352  0 24 45 492 352.017193203      -7.31      2.50     -0.53  0.       -5744.144       5309.386       1125.771    0.000  -0.139   0.381   0.
  2017 352  0 24 46 492 352.017204777      -7.33      2.56     -0.59  0.       -5744.294       5308.284       1124.016    0.000  -0.139   0.381   0.
  2017 352  0 24 47 492 352.017216351      -7.29      2.65     -0.64  0.       -5744.444       5307.181       1122.261    0.000  -0.139   0.381   0.
  2017 352  0 24 48 492 352.017227925      -7.28      2.65     -0.77  0.       -5744.593       5306.077       1120.506    0.000  -0.139   0.381   0.
  2017 352  0 24 49 492 352.017239499      -7.28      2.74     -0.93  0.       -5744.742       5304.974       1118.751    0.000  -0.139   0.381   0.
  2017 352  0 24 50 492 352.017251073      -7.21      2.76     -0.98  0.       -5744.891       5303.869       1116.995    0.000  -0.139   0.381   0.
  2017 352  0 24 51 492 352.017262648      -7.08      2.79     -0.99  0.       -5745.039       5302.764       1115.240    0.000  -0.139   0.381   0.
  2017 352  0 24 52 492 352.017274222      -7.01      2.90     -0.99  0.       -5745.186       5301.659       1113.485    0.000  -0.139   0.381   0.
  2017 352  0 24 53 492 352.017285796      -6.95      2.97     -1.04  0.       -5745.333       5300.553       1111.729    0.000  -0.139   0.381   0.
  2017 352  0 24 54 492 352.017297370      -6.88      3.09     -1.04  0.       -5745.480       5299.447       1109.973    0.000  -0.139   0.381   0.
  2017 352  0 24 55 492 352.017308944      -6.80      3.11     -0.95  0.       -5745.626       5298.340       1108.218    0.000  -0.139   0.381   0.
  2017 352  0 24 56 492 352.017320518      -6.78      3.09     -0.98  0.       -5745.771       5297.233       1106.462    0.000  -0.139   0.381   0.
  2017 352  0 24 57 492 352.017332092      -6.83      3.13     -0.95  0.       -5745.916       5296.125       1104.706    0.000  -0.139   0.381   0.
  2017 352  0 24 58 492 352.017343666      -6.81      3.15     -0.92  0.       -5746.061       5295.017       1102.950    0.000  -0.139   0.381   0.
  2017 352  0 24 59 492 352.017355240      -6.85      3.14     -0.93  0.       -5746.204       5293.909       1101.194    0.000  -0.139   0.381   0.
  2017 352  0 25  0 492 352.017366814      -6.89      3.16     -0.86  0.       -5746.348       5292.800       1099.437    0.000  -0.139   0.381   0.
  2017 352  0 25  1 492 352.017378388      -6.91      3.14     -0.85  0.       -5746.491       5291.690       1097.681    0.000  -0.139   0.381   0.
  2017 352  0 25  2 492 352.017389962      -6.89      3.13     -0.85  0.       -5746.633       5290.580       1095.925    0.000  -0.139   0.381   0.
  2017 352  0 25  3 492 352.017401536      -6.82      3.18     -0.81  0.       -5746.775       5289.470       1094.168    0.000  -0.139   0.381   0.
  2017 352  0 25  4 492 352.017413111      -6.80      3.16     -0.83  0.       -5746.917       5288.359       1092.411    0.000  -0.139   0.381   0.
  2017 352  0 25  5 492 352.017424685      -6.76      3.15     -0.77  0.       -5747.058       5287.248       1090.655    0.000  -0.139   0.381   0.
  2017 352  0 25  6 492 352.017436259      -6.80      3.08     -0.76  0.       -5747.198       5286.136       1088.898    0.000  -0.139   0.381   0.
  2017 352  0 25  7 492 352.017447833      -6.88      3.02     -0.73  0.       -5747.338       5285.024       1087.141    0.000  -0.139   0.381   0.
  2017 352  0 25  8 492 352.017459407      -6.92      3.04     -0.67  0.       -5747.477       5283.911       1085.384    0.000  -0.139   0.381   0.
  2017 352  0 25  9 492 352.017470981      -6.93      2.94     -0.64  0.       -5747.616       5282.798       1083.627    0.000  -0.139   0.381   0.
  2017 352  0 25 10 492 352.017482555      -6.89      2.98     -0.60  0.       -5747.755       5281.684       1081.870    0.000  -0.139   0.381   0.
  2017 352  0 25 11 492 352.017494129      -6.85      2.98     -0.61  0.       -5747.893       5280.570       1080.112    0.000  -0.139   0.381   0.
  2017 352  0 25 12 492 352.017505703      -6.85      2.94     -0.64  0.       -5748.030       5279.455       1078.355    0.000  -0.139   0.381   0.
  2017 352  0 25 13 492 352.017517277      -6.81      2.92     -0.63  0.       -5748.167       5278.340       1076.598    0.000  -0.139   0.381   0.
  2017 352  0 25 14 492 352.017528849      -6.74      2.94     -0.65  0.       -5748.303       5277.225       1074.840    0.000  -0.139   0.381   0.
  2017 352  0 25 15 492 352.017540422      -6.67      3.03     -0.65  0.       -5748.439       5276.109       1073.082    0.000  -0.139   0.381   0.
  2017 352  0 25 16 492 352.017551997      -6.66      3.08     -0.65  0.       -5748.575       5274.993       1071.325    0.000  -0.139   0.381   0.
  2017 352  0 25 17 492 352.017563571      -6.57      3.11     -0.58  0.       -5748.710       5273.876       1069.567    0.000  -0.139   0.381   0.
  2017 352  0 25 18 492 352.017575145      -6.45      3.16     -0.55  0.       -5748.844       5272.758       1067.809    0.000  -0.139   0.381   0.
  2017 352  0 25 19 492 352.017586719      -6.39      3.12     -0.51  0.       -5748.978       5271.640       1066.051    0.000  -0.139   0.381   0.
  2017 352  0 25 20 492 352.017598293      -6.46      2.95     -0.49  0.       -5749.111       5270.522       1064.293    0.000  -0.139   0.381   0.
  2017 352  0 25 21 492 352.017609867      -6.39      2.89     -0.42  0.       -5749.244       5269.403       1062.534    0.000  -0.139   0.381   0.
  2017 352  0 25 22 492 352.017621441      -6.34      2.87     -0.32  0.       -5749.376       5268.284       1060.776    0.000  -0.139   0.381   0.
  2017 352  0 25 23 492 352.017633015      -6.33      2.90     -0.25  0.       -5749.508       5267.164       1059.018    0.000  -0.139   0.381   0.
  2017 352  0 25 24 492 352.017644589      -6.27      2.91     -0.23  0.       -5749.640       5266.044       1057.259    0.000  -0.139   0.381   0.
  2017 352  0 25 25 492 352.017656163      -6.26      2.96     -0.22  0.       -5749.771       5264.924       1055.501    0.000  -0.139   0.381   0.
  2017 352  0 25 26 492 352.017667737      -6.23      2.94     -0.21  0.       -5749.901       5263.803       1053.742    0.000  -0.138   0.380   0.
  2017 352  0 25 27 492 352.017679311      -6.32      2.81     -0.26  0.       -5750.031       5262.681       1051.983    0.000  -0.138   0.380   0.
  2017 352  0 25 28 492 352.017690885      -6.35      2.79     -0.24  0.       -5750.160       5261.560       1050.224    0.000  -0.139   0.381   0.
  2017 352  0 25 29 492 352.017702460      -6.35      2.75     -0.18  0.       -5750.289       5260.437       1048.465    0.000  -0.139   0.381   0.
  2017 352  0 25 30 492 352.017714034      -6.34      2.72     -0.10  0.       -5750.417       5259.314       1046.706    0.000  -0.139   0.381   0.
  2017 352  0 25 31 492 352.017725608      -6.34      2.69     -0.05  0.       -5750.545       5258.191       1044.947    0.000  -0.139   0.381   0.
  2017 352  0 25 32 492 352.017737182      -6.34      2.62     -0.06  0.       -5750.672       5257.067       1043.188    0.000  -0.139   0.381   0.
  2017 352  0 25 33 492 352.017748756      -6.43      2.59     -0.02  0.       -5750.799       5255.943       1041.429    0.000  -0.139   0.381   0.
  2017 352  0 25 34 492 352.017760330      -6.41      2.54      0.02  0.       -5750.926       5254.818       1039.669    0.000  -0.139   0.381   0.
  2017 352  0 25 35 492 352.017771904      -6.43      2.52      0.04  0.       -5751.051       5253.693       1037.910    0.000  -0.139   0.381   0.
  2017 352  0 25 36 492 352.017783478      -6.46      2.48      0.03  0.       -5751.177       5252.567       1036.150    0.000  -0.139   0.381   0.
  2017 352  0 25 37 492 352.017795052      -6.36      2.44      0.01  0.       -5751.301       5251.441       1034.391    0.000  -0.139   0.381   0.
  2017 352  0 25 38 492 352.017806626      -6.36      2.41      0.02  0.       -5751.426       5250.314       1032.630    0.000  -0.139   0.381   0.
  2017 352  0 25 39 492 352.017818200      -6.37      2.32      0.07  0.       -5751.549       5249.187       1030.870    0.000  -0.139   0.381   0.
  2017 352  0 25 40 492 352.017829774      -6.33      2.28      0.11  0.       -5751.673       5248.060       1029.110    0.000  -0.139   0.381   0.
  2017 352  0 25 41 492 352.017841348      -6.38      2.24      0.14  0.       -5751.795       5246.932       1027.351    0.000  -0.139   0.381   0.
  2017 352  0 25 42 492 352.017852922      -6.38      2.14      0.11  0.       -5751.918       5245.803       1025.591    0.000  -0.139   0.381   0.
  2017 352  0 25 43 492 352.017864497      -6.36      2.10      0.09  0.       -5752.039       5244.674       1023.830    0.000  -0.139   0.381   0.
  2017 352  0 25 44 492 352.017876068      -6.36      2.06      0.05  0.       -5752.161       5243.545       1022.070    0.000  -0.139   0.381   0.
  2017 352  0 25 45 492 352.017887642      -6.40      2.04      0.01  0.       -5752.281       5242.415       1020.309    0.000  -0.139   0.381   0.
  2017 352  0 25 46 492 352.017899216      -6.36      2.10      0.06  0.       -5752.401       5241.285       1018.549    0.000  -0.139   0.381   0.
  2017 352  0 25 47 492 352.017910790      -6.42      2.07      0.13  0.       -5752.521       5240.154       1016.788    0.000  -0.139   0.381   0.
  2017 352  0 25 48 492 352.017922364      -6.55      1.97      0.18  0.       -5752.640       5239.023       1015.027    0.000  -0.139   0.381   0.
  2017 352  0 25 49 492 352.017933938      -6.55      2.05      0.27  0.       -5752.759       5237.891       1013.267    0.000  -0.139   0.381   0.
  2017 352  0 25 50 492 352.017945512      -6.53      2.11      0.24  0.       -5752.877       5236.759       1011.506    0.000  -0.139   0.381   0.
  2017 352  0 25 51 492 352.017957086      -6.64      2.07      0.22  0.       -5752.995       5235.626       1009.745    0.000  -0.139   0.381   0.
  2017 352  0 25 52 492 352.017968660      -6.64      2.06      0.26  0.       -5753.112       5234.493       1007.984    0.000  -0.139   0.381   0.
  2017 352  0 25 53 492 352.017980234      -6.61      2.01      0.25  0.       -5753.229       5233.360       1006.223    0.000  -0.139   0.381   0.
  2017 352  0 25 54 492 352.017991808      -6.67      1.99      0.29  0.       -5753.345       5232.226       1004.461    0.000  -0.139   0.381   0.
  2017 352  0 25 55 492 352.018003383      -6.71      1.92      0.30  0.       -5753.460       5231.091       1002.700    0.000  -0.139   0.381   0.
  2017 352  0 25 56 492 352.018014957      -6.63      1.93      0.38  0.       -5753.576       5229.956       1000.939    0.000  -0.139   0.381   0.
  2017 352  0 25 57 492 352.018026531      -6.63      1.97      0.49  0.       -5753.690       5228.821        999.177    0.000  -0.139   0.381   0.
  2017 352  0 25 58 492 352.018038105      -6.59      2.02      0.56  0.       -5753.804       5227.685        997.416    0.000  -0.139   0.381   0.
  2017 352  0 25 59 492 352.018049679      -6.52      2.06      0.65  0.       -5753.918       5226.548        995.654    0.000  -0.139   0.381   0.
  2017 352  0 26  0 492 352.018061253      -6.59      2.01      0.68  0.       -5754.031       5225.412        993.892    0.000  -0.139   0.381   0.
  2017 352  0 26  1 492 352.018072827      -6.71      1.95      0.65  0.       -5754.143       5224.274        992.130    0.000  -0.139   0.381   0.
  2017 352  0 26  2 492 352.018084401      -6.70      1.98      0.58  0.       -5754.255       5223.137        990.368    0.000  -0.139   0.381   0.
  2017 352  0 26  3 492 352.018095975      -6.71      2.00      0.50  0.       -5754.367       5221.998        988.606    0.000  -0.139   0.381   0.
  2017 352  0 26  4 492 352.018107549      -6.75      2.08      0.39  0.       -5754.478       5220.860        986.844    0.000  -0.139   0.381   0.
  2017 352  0 26  5 492 352.018119123      -6.72      2.16      0.32  0.       -5754.588       5219.720        985.082    0.000  -0.139   0.381   0.
  2017 352  0 26  6 492 352.018130697      -6.68      2.23      0.31  0.       -5754.698       5218.581        983.320    0.000  -0.139   0.381   0.
  2017 352  0 26  7 492 352.018142271      -6.73      2.26      0.29  0.       -5754.808       5217.441        981.557    0.000  -0.139   0.381   0.
  2017 352  0 26  8 492 352.018153845      -6.70      2.26      0.34  0.       -5754.917       5216.300        979.795    0.000  -0.139   0.381   0.
  2017 352  0 26  9 492 352.018165420      -6.71      2.27      0.36  0.       -5755.025       5215.159        978.032    0.000  -0.139   0.381   0.
  2017 352  0 26 10 492 352.018176994      -6.75      2.27      0.42  0.       -5755.133       5214.018        976.270    0.000  -0.139   0.381   0.
  2017 352  0 26 11 492 352.018188568      -6.77      2.27      0.47  0.       -5755.241       5212.876        974.507    0.000  -0.139   0.381   0.
  2017 352  0 26 12 492 352.018200140      -6.71      2.33      0.53  0.       -5755.347       5211.733        972.744    0.000  -0.139   0.381   0.
  2017 352  0 26 13 492 352.018211713      -6.72      2.37      0.56  0.       -5755.454       5210.590        970.981    0.000  -0.139   0.381   0.
  2017 352  0 26 14 491 352.018223287      -6.82      2.36      0.55  0.       -5755.560       5209.447        969.218    0.000  -0.139   0.381   0.
  2017 352  0 26 15 491 352.018234861      -6.77      2.40      0.58  0.       -5755.665       5208.303        967.455    0.000  -0.139   0.381   0.
  2017 352  0 26 16 491 352.018246435      -6.73      2.48      0.56  0.       -5755.770       5207.159        965.692    0.000  -0.139   0.381   0.
  2017 352  0 26 17 491 352.018258009      -6.77      2.52      0.62  0.       -5755.874       5206.014        963.929    0.000  -0.139   0.381   0.
  2017 352  0 26 18 491 352.018269583      -6.78      2.52      0.66  0.       -5755.978       5204.869        962.165    0.000  -0.139   0.381   0.
  2017 352  0 26 19 492 352.018281157      -6.87      2.53      0.61  0.       -5756.081       5203.723        960.402    0.000  -0.139   0.381   0.
  2017 352  0 26 20 492 352.018292732      -7.02      2.48      0.64  0.       -5756.184       5202.577        958.639    0.000  -0.139   0.381   0.
  2017 352  0 26 21 491 352.018304306      -7.06      2.49      0.74  0.       -5756.286       5201.431        956.875    0.000  -0.139   0.381   0.
  2017 352  0 26 22 491 352.018315880      -7.12      2.41      0.77  0.       -5756.388       5200.284        955.111    0.000  -0.139   0.381   0.
  2017 352  0 26 23 492 352.018327454      -7.32      2.22      0.73  0.       -5756.489       5199.136        953.347    0.000  -0.139   0.381   0.
  2017 352  0 26 24 492 352.018339028      -7.41      2.11      0.70  0.       -5756.590       5197.988        951.584    0.000  -0.139   0.381   0.
  2017 352  0 26 25 492 352.018350602      -7.48      2.02      0.63  0.       -5756.690       5196.840        949.820    0.000  -0.139   0.381   0.
  2017 352  0 26 26 492 352.018362176      -7.62      1.88      0.51  0.       -5756.790       5195.691        948.056    0.000  -0.139   0.381   0.
  2017 352  0 26 27 492 352.018373750      -7.71      1.86      0.37  0.       -5756.889       5194.541        946.292    0.000  -0.139   0.381   0.
  2017 352  0 26 28 491 352.018385324      -7.70      1.90      0.25  0.       -5756.988       5193.391        944.527    0.000  -0.139   0.381   0.
  2017 352  0 26 29 491 352.018396898      -7.82      1.84      0.20  0.       -5757.086       5192.241        942.763    0.000  -0.139   0.381   0.
  2017 352  0 26 30 491 352.018408472      -7.85      1.86      0.12  0.       -5757.183       5191.090        940.999    0.000  -0.139   0.381   0.
  2017 352  0 26 31 491 352.018420046      -7.80      1.79      0.05  0.       -5757.280       5189.939        939.234    0.000  -0.139   0.381   0.
  2017 352  0 26 32 492 352.018431620      -7.76      1.81      0.05  0.       -5757.377       5188.787        937.470    0.000  -0.139   0.381   0.
  2017 352  0 26 33 492 352.018443194      -7.73      1.83      0.02  0.       -5757.473       5187.635        935.705    0.000  -0.139   0.381   0.
  2017 352  0 26 34 491 352.018454769      -7.75      1.81      0.07  0.       -5757.569       5186.482        933.940    0.000  -0.139   0.381   0.
  2017 352  0 26 35 491 352.018466343      -7.73      1.86      0.01  0.       -5757.664       5185.329        932.176    0.000  -0.139   0.381   0.
  2017 352  0 26 36 492 352.018477917      -7.79      1.89     -0.05  0.       -5757.758       5184.176        930.411    0.000  -0.139   0.381   0.
  2017 352  0 26 37 492 352.018489491      -7.78      1.91     -0.07  0.       -5757.852       5183.021        928.646    0.000  -0.139   0.381   0.
  2017 352  0 26 38 492 352.018501065      -7.75      1.99     -0.11  0.       -5757.945       5181.867        926.881    0.000  -0.139   0.381   0.
  2017 352  0 26 39 492 352.018512639      -7.78      1.95     -0.12  0.       -5758.038       5180.712        925.116    0.000  -0.139   0.381   0.
  2017 352  0 26 40 492 352.018524213      -7.71      1.96     -0.11  0.       -5758.131       5179.556        923.351    0.000  -0.139   0.381   0.
  2017 352  0 26 41 491 352.018535787      -7.66      1.93     -0.16  0.       -5758.223       5178.400        921.585    0.000  -0.139   0.381   0.
  2017 352  0 26 42 491 352.018547359      -7.71      1.87     -0.20  0.       -5758.314       5177.244        919.820    0.000  -0.139   0.381   0.
  2017 352  0 26 43 491 352.018558932      -7.71      1.86     -0.22  0.       -5758.405       5176.087        918.054    0.000  -0.139   0.381   0.
  2017 352  0 26 44 491 352.018570506      -7.72      1.81     -0.26  0.       -5758.495       5174.930        916.289    0.000  -0.139   0.381   0.
  2017 352  0 26 45 491 352.018582080      -7.66      1.87     -0.33  0.       -5758.585       5173.772        914.523    0.000  -0.139   0.381   0.
  2017 352  0 26 46 491 352.018593654      -7.65      1.86     -0.42  0.       -5758.674       5172.614        912.758    0.000  -0.139   0.381   0.
  2017 352  0 26 47 491 352.018605229      -7.58      1.83     -0.52  0.       -5758.763       5171.455        910.992    0.000  -0.139   0.381   0.
  2017 352  0 26 48 491 352.018616803      -7.55      1.87     -0.58  0.       -5758.852       5170.296        909.226    0.000  -0.139   0.381   0.
  2017 352  0 26 49 491 352.018628377      -7.50      1.88     -0.69  0.       -5758.939       5169.136        907.460    0.000  -0.139   0.381   0.
  2017 352  0 26 50 491 352.018639951      -7.42      1.96     -0.71  0.       -5759.026       5167.976        905.694    0.000  -0.139   0.381   0.
  2017 352  0 26 51 491 352.018651525      -7.32      2.02     -0.66  0.       -5759.113       5166.815        903.928    0.000  -0.139   0.381   0.
  2017 352  0 26 52 491 352.018663099      -7.30      2.07     -0.66  0.       -5759.199       5165.654        902.162    0.000  -0.139   0.381   0.
  2017 352  0 26 53 491 352.018674673      -7.26      2.14     -0.61  0.       -5759.285       5164.493        900.395    0.000  -0.139   0.381   0.
  2017 352  0 26 54 491 352.018686247      -7.10      2.19     -0.58  0.       -5759.370       5163.331        898.629    0.000  -0.139   0.381   0.
  2017 352  0 26 55 491 352.018697821      -7.05      2.20     -0.60  0.       -5759.455       5162.168        896.863    0.000  -0.139   0.381   0.
  2017 352  0 26 56 491 352.018709395      -6.97      2.29     -0.64  0.       -5759.539       5161.005        895.096    0.000  -0.139   0.381   0.
  2017 352  0 26 57 491 352.018720969      -6.94      2.31     -0.67  0.       -5759.622       5159.842        893.329    0.000  -0.139   0.381   0.
  2017 352  0 26 58 491 352.018732543      -6.94      2.33     -0.66  0.       -5759.705       5158.678        891.563    0.000  -0.139   0.381   0.
  2017 352  0 26 59 491 352.018744117      -6.89      2.36     -0.66  0.       -5759.788       5157.513        889.796    0.000  -0.139   0.381   0.
  2017 352  0 27  0 491 352.018755692      -6.85      2.35     -0.65  0.       -5759.870       5156.349        888.029    0.000  -0.139   0.381   0.
  2017 352  0 27  1 491 352.018767266      -6.82      2.38     -0.59  0.       -5759.951       5155.183        886.262    0.000  -0.139   0.381   0.
  2017 352  0 27  2 491 352.018778840      -6.87      2.41     -0.62  0.       -5760.032       5154.017        884.495    0.000  -0.139   0.381   0.
  2017 352  0 27  3 491 352.018790414      -6.93      2.42     -0.56  0.       -5760.113       5152.851        882.728    0.000  -0.139   0.381   0.
  2017 352  0 27  4 491 352.018801988      -6.90      2.47     -0.57  0.       -5760.192       5151.684        880.961    0.000  -0.139   0.381   0.
  2017 352  0 27  5 491 352.018813562      -6.90      2.49     -0.57  0.       -5760.272       5150.517        879.194    0.000  -0.139   0.381   0.
  2017 352  0 27  6 491 352.018825136      -6.91      2.46     -0.57  0.       -5760.351       5149.350        877.427    0.000  -0.139   0.381   0.
  2017 352  0 27  7 491 352.018836710      -6.97      2.43     -0.63  0.       -5760.429       5148.182        875.659    0.000  -0.139   0.381   0.
  2017 352  0 27  8 491 352.018848284      -6.95      2.41     -0.68  0.       -5760.507       5147.013        873.892    0.000  -0.139   0.381   0.
  2017 352  0 27  9 491 352.018859858      -6.94      2.40     -0.77  0.       -5760.584       5145.844        872.124    0.000  -0.139   0.381   0.
  2017 352  0 27 10 491 352.018871432      -6.85      2.38     -0.82  0.       -5760.661       5144.674        870.356    0.000  -0.139   0.381   0.
  2017 352  0 27 11 491 352.018883006      -6.82      2.37     -0.78  0.       -5760.737       5143.504        868.589    0.000  -0.139   0.381   0.
  2017 352  0 27 12 491 352.018894579      -6.83      2.35     -0.75  0.       -5760.813       5142.334        866.821    0.000  -0.139   0.381   0.
  2017 352  0 27 13 491 352.018906152      -6.86      2.38     -0.73  0.       -5760.888       5141.163        865.053    0.000  -0.139   0.381   0.
  2017 352  0 27 14 491 352.018917726      -6.81      2.40     -0.71  0.       -5760.962       5139.991        863.285    0.000  -0.139   0.381   0.
  2017 352  0 27 15 491 352.018929300      -6.81      2.44     -0.73  0.       -5761.037       5138.820        861.517    0.000  -0.139   0.381   0.
  2017 352  0 27 16 491 352.018940874      -6.82      2.44     -0.72  0.       -5761.110       5137.647        859.749    0.000  -0.139   0.381   0.
  2017 352  0 27 17 491 352.018952448      -6.78      2.46     -0.65  0.       -5761.183       5136.474        857.981    0.000  -0.139   0.381   0.
  2017 352  0 27 18 491 352.018964022      -6.69      2.53     -0.67  0.       -5761.256       5135.301        856.212    0.000  -0.139   0.381   0.
  2017 352  0 27 19 491 352.018975596      -6.68      2.53     -0.67  0.       -5761.328       5134.127        854.444    0.000  -0.139   0.381   0.
  2017 352  0 27 20 491 352.018987170      -6.63      2.53     -0.65  0.       -5761.399       5132.953        852.676    0.000  -0.139   0.381   0.
  2017 352  0 27 21 491 352.018998744      -6.71      2.45     -0.67  0.       -5761.470       5131.778        850.907    0.000  -0.139   0.381   0.
  2017 352  0 27 22 491 352.019010318      -6.68      2.38     -0.67  0.       -5761.541       5130.603        849.139    0.000  -0.139   0.381   0.
  2017 352  0 27 23 491 352.019021892      -6.70      2.36     -0.62  0.       -5761.611       5129.428        847.370    0.000  -0.139   0.381   0.
  2017 352  0 27 24 491 352.019033466      -6.67      2.33     -0.59  0.       -5761.680       5128.251        845.601    0.000  -0.139   0.381   0.
  2017 352  0 27 25 491 352.019045041      -6.66      2.31     -0.55  0.       -5761.749       5127.075        843.832    0.000  -0.139   0.381   0.
  2017 352  0 27 26 491 352.019056615      -6.68      2.31     -0.48  0.       -5761.817       5125.898        842.064    0.000  -0.139   0.381   0.
  2017 352  0 27 27 491 352.019068189      -6.74      2.25     -0.49  0.       -5761.885       5124.720        840.295    0.000  -0.139   0.381   0.
  2017 352  0 27 28 491 352.019079763      -6.81      2.22     -0.41  0.       -5761.952       5123.542        838.526    0.000  -0.139   0.381   0.
  2017 352  0 27 29 491 352.019091337      -6.79      2.17     -0.40  0.       -5762.019       5122.364        836.757    0.000  -0.139   0.381   0.
  2017 352  0 27 30 491 352.019102911      -6.78      2.13     -0.46  0.       -5762.085       5121.185        834.987    0.000  -0.139   0.381   0.
  2017 352  0 27 31 491 352.019114485      -6.79      2.14     -0.45  0.       -5762.151       5120.006        833.218    0.000  -0.139   0.381   0.
  2017 352  0 27 32 491 352.019126059      -6.76      2.12     -0.51  0.       -5762.216       5118.826        831.449    0.000  -0.139   0.381   0.
  2017 352  0 27 33 491 352.019137633      -6.76      2.09     -0.50  0.       -5762.280       5117.645        829.679    0.000  -0.139   0.381   0.
  2017 352  0 27 34 491 352.019149207      -6.69      2.04     -0.46  0.       -5762.345       5116.465        827.910    0.000  -0.139   0.381   0.
  2017 352  0 27 35 491 352.019160781      -6.68      1.96     -0.45  0.       -5762.408       5115.283        826.140    0.000  -0.139   0.381   0.
  2017 352  0 27 36 491 352.019172355      -6.75      1.92     -0.44  0.       -5762.471       5114.101        824.370    0.000  -0.139   0.381   0.
  2017 352  0 27 37 491 352.019183929      -6.66      1.90     -0.43  0.       -5762.534       5112.919        822.601    0.000  -0.139   0.381   0.
  2017 352  0 27 38 491 352.019195503      -6.69      1.90     -0.46  0.       -5762.595       5111.736        820.831    0.000  -0.139   0.381   0.
  2017 352  0 27 39 491 352.019207078      -6.69      1.89     -0.50  0.       -5762.657       5110.554        819.061    0.000  -0.139   0.381   0.
  2017 352  0 27 40 491 352.019218649      -6.66      1.88     -0.52  0.       -5762.718       5109.370        817.291    0.000  -0.139   0.381   0.
  2017 352  0 27 41 491 352.019230223      -6.65      1.85     -0.50  0.       -5762.778       5108.185        815.521    0.000  -0.139   0.381   0.
  2017 352  0 27 42 491 352.019241797      -6.58      1.79     -0.50  0.       -5762.838       5107.001        813.751    0.000  -0.139   0.381   0.
  2017 352  0 27 43 491 352.019253371      -6.56      1.74     -0.48  0.       -5762.897       5105.816        811.981    0.000  -0.139   0.381   0.
  2017 352  0 27 44 491 352.019264945      -6.54      1.68     -0.39  0.       -5762.956       5104.630        810.211    0.000  -0.139   0.381   0.
  2017 352  0 27 45 491 352.019276519      -6.53      1.60     -0.37  0.       -5763.014       5103.444        808.440    0.000  -0.139   0.381   0.
  2017 352  0 27 46 491 352.019288093      -6.51      1.57     -0.32  0.       -5763.072       5102.258        806.670    0.000  -0.138   0.380   0.
  2017 352  0 27 47 491 352.019299667      -6.54      1.58     -0.25  0.       -5763.129       5101.071        804.899    0.000  -0.138   0.380   0.
  2017 352  0 27 48 491 352.019311241      -6.55      1.58     -0.29  0.       -5763.186       5099.884        803.129    0.000  -0.139   0.381   0.
  2017 352  0 27 49 491 352.019322815      -6.68      1.59     -0.28  0.       -5763.242       5098.696        801.358    0.000  -0.139   0.381   0.
  2017 352  0 27 50 491 352.019334389      -6.65      1.58     -0.27  0.       -5763.297       5097.507        799.587    0.000  -0.139   0.381   0.
  2017 352  0 27 51 491 352.019345964      -6.68      1.55     -0.19  0.       -5763.353       5096.318        797.817    0.000  -0.139   0.381   0.
  2017 352  0 27 52 491 352.019357538      -6.67      1.57     -0.13  0.       -5763.407       5095.129        796.046    0.000  -0.139   0.381   0.
  2017 352  0 27 53 491 352.019369112      -6.65      1.51     -0.10  0.       -5763.461       5093.939        794.275    0.000  -0.139   0.381   0.
  2017 352  0 27 54 491 352.019380686      -6.64      1.50     -0.04  0.       -5763.514       5092.749        792.504    0.000  -0.139   0.381   0.
  2017 352  0 27 55 491 352.019392260      -6.63      1.52     -0.03  0.       -5763.567       5091.558        790.733    0.000  -0.139   0.381   0.
  2017 352  0 27 56 491 352.019403834      -6.65      1.51     -0.07  0.       -5763.620       5090.367        788.962    0.000  -0.138   0.380   0.
  2017 352  0 27 57 491 352.019415408      -6.68      1.49     -0.02  0.       -5763.672       5089.176        787.190    0.000  -0.138   0.380   0.
  2017 352  0 27 58 491 352.019426982      -6.70      1.47     -0.08  0.       -5763.723       5087.983        785.419    0.000  -0.139   0.381   0.
  2017 352  0 27 59 491 352.019438556      -6.75      1.46     -0.07  0.       -5763.774       5086.791        783.648    0.000  -0.139   0.381   0.
  2017 352  0 28  0 491 352.019450130      -6.72      1.49     -0.10  0.       -5763.824       5085.598        781.876    0.000  -0.139   0.381   0.
  2017 352  0 28  1 491 352.019461704      -6.73      1.53     -0.11  0.       -5763.874       5084.404        780.105    0.000  -0.139   0.381   0.
  2017 352  0 28  2 491 352.019473278      -6.70      1.58     -0.05  0.       -5763.923       5083.210        778.333    0.000  -0.139   0.381   0.
  2017 352  0 28  3 491 352.019484852      -6.71      1.59     -0.08  0.       -5763.971       5082.016        776.562    0.000  -0.139   0.381   0.
  2017 352  0 28  4 491 352.019496427      -6.72      1.66     -0.11  0.       -5764.020       5080.821        774.790    0.000  -0.139   0.381   0.
  2017 352  0 28  5 491 352.019508001      -6.71      1.73     -0.13  0.       -5764.067       5079.625        773.018    0.000  -0.139   0.381   0.
  2017 352  0 28  6 491 352.019519575      -6.69      1.77     -0.10  0.       -5764.114       5078.429        771.246    0.000  -0.139   0.381   0.
  2017 352  0 28  7 491 352.019531149      -6.75      1.83     -0.08  0.       -5764.160       5077.233        769.474    0.000  -0.139   0.381   0.
  2017 352  0 28  8 491 352.019542723      -6.78      1.86     -0.11  0.       -5764.206       5076.036        767.702    0.000  -0.139   0.381   0.
  2017 352  0 28  9 491 352.019554297      -6.77      1.91     -0.14  0.       -5764.252       5074.839        765.930    0.000  -0.139   0.381   0.
  2017 352  0 28 10 491 352.019565871      -6.75      1.97     -0.10  0.       -5764.297       5073.641        764.158    0.000  -0.138   0.380   0.
  2017 352  0 28 11 491 352.019577445      -6.78      2.00     -0.17  0.       -5764.341       5072.443        762.386    0.000  -0.138   0.380   0.
  2017 352  0 28 12 490 352.019589017      -6.80      2.04     -0.13  0.       -5764.385       5071.244        760.614    0.000  -0.139   0.381   0.
  2017 352  0 28 13 490 352.019600590      -6.80      2.06     -0.10  0.       -5764.428       5070.045        758.841    0.000  -0.139   0.381   0.
  2017 352  0 28 14 490 352.019612164      -6.86      2.09     -0.14  0.       -5764.471       5068.845        757.069    0.000  -0.139   0.381   0.
  2017 352  0 28 15 491 352.019623738      -6.85      2.11     -0.13  0.       -5764.513       5067.645        755.296    0.000  -0.139   0.381   0.
  2017 352  0 28 16 490 352.019635313      -6.85      2.16     -0.16  0.       -5764.555       5066.444        753.524    0.000  -0.139   0.381   0.
  2017 352  0 28 17 490 352.019646887      -6.87      2.21     -0.16  0.       -5764.596       5065.243        751.751    0.000  -0.139   0.381   0.
  2017 352  0 28 18 490 352.019658461      -6.84      2.29     -0.17  0.       -5764.636       5064.042        749.978    0.000  -0.139   0.381   0.
  2017 352  0 28 19 491 352.019670035      -6.82      2.39     -0.14  0.       -5764.676       5062.840        748.206    0.000  -0.139   0.381   0.
  2017 352  0 28 20 491 352.019681609      -6.79      2.43     -0.16  0.       -5764.716       5061.637        746.433    0.000  -0.139   0.381   0.
  2017 352  0 28 21 491 352.019693183      -6.76      2.53     -0.17  0.       -5764.755       5060.434        744.660    0.000  -0.139   0.381   0.
  2017 352  0 28 22 491 352.019704757      -6.76      2.58     -0.11  0.       -5764.793       5059.230        742.887    0.000  -0.139   0.381   0.
  2017 352  0 28 23 490 352.019716331      -6.69      2.65     -0.03  0.       -5764.831       5058.026        741.114    0.000  -0.139   0.381   0.
  2017 352  0 28 24 490 352.019727905      -6.68      2.71      0.01  0.       -5764.868       5056.822        739.341    0.000  -0.139   0.381   0.
  2017 352  0 28 25 490 352.019739479      -6.64      2.74      0.09  0.       -5764.905       5055.617        737.567    0.000  -0.139   0.381   0.
  2017 352  0 28 26 490 352.019751053      -6.63      2.76      0.14  0.       -5764.941       5054.412        735.794    0.000  -0.139   0.381   0.
  2017 352  0 28 27 490 352.019762627      -6.68      2.73      0.17  0.       -5764.977       5053.206        734.021    0.000  -0.139   0.381   0.
  2017 352  0 28 28 491 352.019774201      -6.72      2.66      0.18  0.       -5765.012       5052.000        732.247    0.000  -0.139   0.381   0.
  2017 352  0 28 29 491 352.019785775      -6.70      2.59      0.20  0.       -5765.047       5050.793        730.474    0.000  -0.139   0.381   0.
  2017 352  0 28 30 490 352.019797350      -6.73      2.54      0.27  0.       -5765.081       5049.585        728.700    0.000  -0.139   0.381   0.
  2017 352  0 28 31 490 352.019808924      -6.74      2.52      0.31  0.       -5765.114       5048.378        726.927    0.000  -0.139   0.381   0.
  2017 352  0 28 32 491 352.019820498      -6.72      2.56      0.39  0.       -5765.148       5047.170        725.153    0.000  -0.139   0.381   0.
  2017 352  0 28 33 491 352.019832072      -6.71      2.64      0.52  0.       -5765.180       5045.961        723.379    0.000  -0.139   0.381   0.
  2017 352  0 28 34 491 352.019843646      -6.72      2.68      0.60  0.       -5765.212       5044.752        721.606    0.000  -0.139   0.381   0.
  2017 352  0 28 35 491 352.019855220      -6.68      2.71      0.65  0.       -5765.243       5043.542        719.832    0.000  -0.139   0.381   0.
  2017 352  0 28 36 491 352.019866794      -6.67      2.67      0.67  0.       -5765.274       5042.332        718.058    0.000  -0.139   0.381   0.
  2017 352  0 28 37 490 352.019878368      -6.66      2.61      0.72  0.       -5765.304       5041.121        716.284    0.000  -0.139   0.381   0.
  2017 352  0 28 38 490 352.019889942      -6.66      2.56      0.72  0.       -5765.334       5039.910        714.510    0.000  -0.138   0.380   0.
  2017 352  0 28 39 490 352.019901516      -6.71      2.51      0.73  0.       -5765.363       5038.699        712.735    0.000  -0.138   0.380   0.
  2017 352  0 28 40 490 352.019913088      -6.77      2.55      0.54  0.       -5765.392       5037.487        710.961    0.000  -0.139   0.381   0.
  2017 352  0 28 41 490 352.019924661      -6.74      2.64      0.39  0.       -5765.420       5036.274        709.187    0.000  -0.139   0.381   0.
  2017 352  0 28 42 490 352.019936236      -6.78      2.69      0.25  0.       -5765.448       5035.061        707.413    0.000  -0.139   0.381   0.
  2017 352  0 28 43 490 352.019947810      -6.73      2.66      0.21  0.       -5765.475       5033.848        705.638    0.000  -0.139   0.381   0.
  2017 352  0 28 44 490 352.019959384      -6.75      2.60      0.16  0.       -5765.501       5032.634        703.864    0.000  -0.139   0.381   0.
  2017 352  0 28 45 490 352.019970958      -6.69      2.59      0.10  0.       -5765.527       5031.419        702.089    0.000  -0.139   0.381   0.
  2017 352  0 28 46 490 352.019982532      -6.66      2.63      0.05  0.       -5765.553       5030.205        700.315    0.000  -0.138   0.380   0.
  2017 352  0 28 47 490 352.019994106      -6.68      2.65      0.03  0.       -5765.577       5028.989        698.540    0.000  -0.138   0.380   0.
  2017 352  0 28 48 490 352.020005680      -6.55      2.69     -0.01  0.       -5765.602       5027.773        696.765    0.000  -0.139   0.381   0.
  2017 352  0 28 49 490 352.020017254      -6.55      2.64      0.00  0.       -5765.626       5026.557        694.990    0.000  -0.139   0.381   0.
  2017 352  0 28 50 490 352.020028828      -6.59      2.58     -0.05  0.       -5765.649       5025.340        693.215    0.000  -0.139   0.381   0.
  2017 352  0 28 51 490 352.020040402      -6.61      2.51     -0.10  0.       -5765.671       5024.123        691.440    0.000  -0.139   0.381   0.
  2017 352  0 28 52 490 352.020051976      -6.59      2.47     -0.14  0.       -5765.694       5022.905        689.665    0.000  -0.139   0.381   0.
  2017 352  0 28 53 490 352.020063550      -6.58      2.35     -0.11  0.       -5765.715       5021.687        687.890    0.000  -0.139   0.381   0.
  2017 352  0 28 54 490 352.020075124      -6.63      2.21     -0.13  0.       -5765.736       5020.469        686.115    0.000  -0.139   0.381   0.
  2017 352  0 28 55 490 352.020086698      -6.64      2.08     -0.16  0.       -5765.757       5019.249        684.340    0.000  -0.139   0.381   0.
  2017 352  0 28 56 490 352.020098273      -6.68      1.85     -0.13  0.       -5765.777       5018.030        682.565    0.000  -0.139   0.381   0.
  2017 352  0 28 57 490 352.020109847      -6.77      1.75     -0.08  0.       -5765.796       5016.810        680.789    0.000  -0.139   0.381   0.
  2017 352  0 28 58 490 352.020121421      -6.72      1.79     -0.12  0.       -5765.815       5015.589        679.014    0.000  -0.139   0.381   0.
  2017 352  0 28 59 490 352.020132995      -6.68      1.86     -0.33  0.       -5765.833       5014.368        677.239    0.000  -0.139   0.381   0.
  2017 352  0 29  0 490 352.020144569      -6.72      1.97     -0.53  0.       -5765.851       5013.146        675.463    0.000  -0.139   0.381   0.
  2017 352  0 29  1 490 352.020156143      -6.69      2.21     -0.89  0.       -5765.868       5011.924        673.687    0.000  -0.139   0.381   0.
  2017 352  0 29  2 490 352.020167717      -6.67      2.37     -1.19  0.       -5765.885       5010.702        671.912    0.000  -0.139   0.381   0.
  2017 352  0 29  3 490 352.020179291      -6.64      2.47     -1.35  0.       -5765.901       5009.479        670.136    0.000  -0.139   0.381   0.
  2017 352  0 29  4 490 352.020190865      -6.57      2.46     -1.39  0.       -5765.917       5008.256        668.360    0.000  -0.139   0.381   0.
  2017 352  0 29  5 490 352.020202439      -6.62      2.42     -1.27  0.       -5765.932       5007.032        666.584    0.000  -0.139   0.381   0.
  2017 352  0 29  6 490 352.020214013      -6.55      2.35     -1.20  0.       -5765.946       5005.807        664.808    0.000  -0.139   0.381   0.
  2017 352  0 29  7 490 352.020225587      -6.50      2.37     -1.10  0.       -5765.960       5004.582        663.033    0.000  -0.139   0.381   0.
  2017 352  0 29  8 490 352.020237161      -6.57      2.36     -0.93  0.       -5765.973       5003.357        661.256    0.000  -0.138   0.380   0.
  2017 352  0 29  9 490 352.020248736      -6.49      2.32     -0.86  0.       -5765.986       5002.131        659.481    0.000  -0.138   0.380   0.
  2017 352  0 29 10 490 352.020260308      -6.53      2.38     -0.81  0.       -5765.998       5000.905        657.704    0.000  -0.139   0.381   0.
  2017 352  0 29 11 490 352.020271881      -6.56      2.39     -0.89  0.       -5766.010       4999.678        655.928    0.000  -0.139   0.381   0.
  2017 352  0 29 12 490 352.020283455      -6.58      2.44     -0.88  0.       -5766.021       4998.451        654.152    0.000  -0.139   0.381   0.
  2017 352  0 29 13 490 352.020295029      -6.52      2.46     -0.93  0.       -5766.032       4997.223        652.375    0.000  -0.139   0.381   0.
  2017 352  0 29 14 490 352.020306603      -6.52      2.39     -0.93  0.       -5766.042       4995.995        650.599    0.000  -0.139   0.381   0.
  2017 352  0 29 15 490 352.020318177      -6.46      2.43     -0.94  0.       -5766.052       4994.766        648.823    0.000  -0.139   0.381   0.
  2017 352  0 29 16 490 352.020329751      -6.46      2.48     -0.98  0.       -5766.061       4993.537        647.046    0.000  -0.139   0.381   0.
  2017 352  0 29 17 490 352.020341325      -6.46      2.50     -1.07  0.       -5766.069       4992.308        645.269    0.000  -0.139   0.381   0.
  2017 352  0 29 18 490 352.020352899      -6.35      2.59     -1.04  0.       -5766.077       4991.078        643.493    0.000  -0.139   0.381   0.
  2017 352  0 29 19 490 352.020364473      -6.26      2.68     -1.07  0.       -5766.084       4989.847        641.716    0.000  -0.139   0.381   0.
  2017 352  0 29 20 490 352.020376047      -6.23      2.75     -1.14  0.       -5766.091       4988.616        639.939    0.000  -0.139   0.381   0.
  2017 352  0 29 21 490 352.020387622      -6.16      2.77     -1.14  0.       -5766.097       4987.385        638.162    0.000  -0.139   0.381   0.
  2017 352  0 29 22 490 352.020399196      -6.19      2.78     -1.20  0.       -5766.103       4986.152        636.386    0.000  -0.138   0.380   0.
  2017 352  0 29 23 490 352.020410770      -6.20      2.81     -1.18  0.       -5766.108       4984.920        634.609    0.000  -0.138   0.380   0.
  2017 352  0 29 24 490 352.020422344      -6.19      2.87     -1.14  0.       -5766.113       4983.687        632.832    0.000  -0.139   0.381   0.
  2017 352  0 29 25 490 352.020433918      -6.14      3.00     -1.11  0.       -5766.117       4982.453        631.054    0.000  -0.139   0.381   0.
  2017 352  0 29 26 490 352.020445492      -6.06      3.11     -1.11  0.       -5766.120       4981.220        629.277    0.000  -0.139   0.381   0.
  2017 352  0 29 27 490 352.020457066      -6.01      3.13     -1.12  0.       -5766.123       4979.985        627.500    0.000  -0.139   0.381   0.
  2017 352  0 29 28 490 352.020468640      -5.98      3.19     -1.11  0.       -5766.125       4978.750        625.723    0.000  -0.139   0.381   0.
  2017 352  0 29 29 490 352.020480214      -5.92      3.16     -1.13  0.       -5766.127       4977.515        623.945    0.000  -0.139   0.381   0.
  2017 352  0 29 30 490 352.020491788      -5.84      3.21     -1.07  0.       -5766.129       4976.279        622.168    0.000  -0.139   0.381   0.
  2017 352  0 29 31 490 352.020503362      -5.82      3.25     -1.02  0.       -5766.129       4975.043        620.391    0.000  -0.139   0.381   0.
  2017 352  0 29 32 490 352.020514936      -5.78      3.21     -0.99  0.       -5766.129       4973.806        618.613    0.000  -0.139   0.381   0.
  2017 352  0 29 33 490 352.020526510      -5.75      3.26     -0.95  0.       -5766.129       4972.569        616.836    0.000  -0.139   0.381   0.
  2017 352  0 29 34 490 352.020538085      -5.72      3.27     -0.97  0.       -5766.128       4971.331        615.058    0.000  -0.138   0.380   0.
  2017 352  0 29 35 490 352.020549659      -5.73      3.30     -0.95  0.       -5766.127       4970.093        613.280    0.000  -0.138   0.380   0.
  2017 352  0 29 36 490 352.020561233      -5.66      3.33     -0.99  0.       -5766.124       4968.854        611.503    0.000  -0.139   0.381   0.
  2017 352  0 29 37 490 352.020572807      -5.61      3.32     -1.07  0.       -5766.122       4967.615        609.725    0.000  -0.139   0.381   0.
  2017 352  0 29 38 490 352.020584381      -5.55      3.34     -1.03  0.       -5766.119       4966.375        607.947    0.000  -0.139   0.381   0.
  2017 352  0 29 39 490 352.020595955      -5.61      3.29     -1.08  0.       -5766.115       4965.135        606.169    0.000  -0.139   0.381   0.
  2017 352  0 29 40 490 352.020607527      -5.68      3.24     -1.04  0.       -5766.111       4963.895        604.391    0.000  -0.138   0.380   0.
  2017 352  0 29 41 490 352.020619100      -5.70      3.26     -1.00  0.       -5766.106       4962.653        602.613    0.000  -0.138   0.380   0.
  2017 352  0 29 42 490 352.020630674      -5.70      3.27     -1.02  0.       -5766.100       4961.412        600.835    0.000  -0.138   0.380   0.
  2017 352  0 29 43 490 352.020642248      -5.75      3.23     -1.09  0.       -5766.094       4960.170        599.057    0.000  -0.138   0.380   0.
  2017 352  0 29 44 490 352.020653822      -5.67      3.21     -1.13  0.       -5766.088       4958.927        597.279    0.000  -0.139   0.381   0.
  2017 352  0 29 45 490 352.020665396      -5.78      3.12     -1.13  0.       -5766.081       4957.684        595.500    0.000  -0.139   0.381   0.
  2017 352  0 29 46 490 352.020676970      -5.84      3.10     -1.13  0.       -5766.073       4956.441        593.722    0.000  -0.138   0.380   0.
  2017 352  0 29 47 490 352.020688545      -5.80      3.13     -1.17  0.       -5766.065       4955.197        591.944    0.000  -0.138   0.380   0.
  2017 352  0 29 48 490 352.020700119      -5.86      3.16     -1.16  0.       -5766.056       4953.952        590.165    0.000  -0.138   0.380   0.
  2017 352  0 29 49 490 352.020711693      -5.89      3.11     -1.17  0.       -5766.047       4952.708        588.387    0.000  -0.138   0.380   0.
  2017 352  0 29 50 490 352.020723267      -5.90      3.10     -1.20  0.       -5766.037       4951.462        586.608    0.000  -0.139   0.381   0.
  2017 352  0 29 51 490 352.020734841      -5.96      3.12     -1.20  0.       -5766.027       4950.216        584.830    0.000  -0.139   0.381   0.
  2017 352  0 29 52 490 352.020746415      -5.99      3.14     -1.19  0.       -5766.016       4948.970        583.051    0.000  -0.139   0.381   0.
  2017 352  0 29 53 490 352.020757989      -5.99      3.18     -1.18  0.       -5766.004       4947.723        581.272    0.000  -0.139   0.381   0.
  2017 352  0 29 54 490 352.020769563      -6.07      3.14     -1.23  0.       -5765.992       4946.476        579.494    0.000  -0.139   0.381   0.
  2017 352  0 29 55 490 352.020781137      -6.22      3.16     -1.20  0.       -5765.980       4945.228        577.715    0.000  -0.139   0.381   0.
  2017 352  0 29 56 490 352.020792711      -6.23      3.16     -1.03  0.       -5765.966       4943.979        575.936    0.000  -0.139   0.381   0.
  2017 352  0 29 57 490 352.020804285      -6.14      3.16     -1.07  0.       -5765.953       4942.731        574.157    0.000  -0.139   0.381   0.
  2017 352  0 29 58 490 352.020815859      -6.15      3.17     -1.10  0.       -5765.938       4941.482        572.378    0.000  -0.139   0.381   0.
  2017 352  0 29 59 490 352.020827433      -6.15      3.20     -1.10  0.       -5765.923       4940.232        570.599    0.000  -0.139   0.381   0.
  2017 352  0 30  0 490 352.020839008      -6.18      3.14     -1.08  0.       -5765.908       4938.982        568.820    0.000  -0.138   0.380   0.
  2017 352  0 30  1 490 352.020850582      -6.15      3.19     -1.05  0.       -5765.892       4937.731        567.041    0.000  -0.138   0.380   0.
  2017 352  0 30  2 490 352.020862156      -6.13      3.22     -1.06  0.       -5765.875       4936.480        565.261    0.000  -0.139   0.381   0.
  2017 352  0 30  3 490 352.020873730      -6.14      3.24     -1.08  0.       -5765.858       4935.228        563.482    0.000  -0.139   0.381   0.
  2017 352  0 30  4 490 352.020885304      -6.10      3.26     -1.09  0.       -5765.841       4933.976        561.703    0.000  -0.138   0.380   0.
  2017 352  0 30  5 490 352.020896878      -6.11      3.26     -1.07  0.       -5765.822       4932.724        559.923    0.000  -0.138   0.380   0.
  2017 352  0 30  6 490 352.020908452      -6.19      3.27     -1.06  0.       -5765.804       4931.471        558.144    0.000  -0.139   0.381   0.
  2017 352  0 30  7 490 352.020920026      -6.15      3.30     -1.07  0.       -5765.784       4930.217        556.365    0.000  -0.139   0.381   0.
  2017 352  0 30  8 489 352.020931598      -6.15      3.33     -1.03  0.       -5765.764       4928.963        554.585    0.000  -0.139   0.381   0.
  2017 352  0 30  9 489 352.020943171      -6.15      3.34     -1.04  0.       -5765.744       4927.709        552.805    0.000  -0.139   0.381   0.
  2017 352  0 30 10 490 352.020954745      -6.16      3.35     -1.09  0.       -5765.723       4926.454        551.026    0.000  -0.139   0.381   0.
  2017 352  0 30 11 490 352.020966319      -6.14      3.37     -1.06  0.       -5765.701       4925.198        549.246    0.000  -0.139   0.381   0.
  2017 352  0 30 12 489 352.020977894      -6.07      3.39     -1.10  0.       -5765.679       4923.942        547.466    0.000  -0.139   0.381   0.
  2017 352  0 30 13 489 352.020989468      -6.15      3.39     -1.09  0.       -5765.656       4922.686        545.687    0.000  -0.139   0.381   0.
  2017 352  0 30 14 490 352.021001042      -6.15      3.40     -1.03  0.       -5765.633       4921.429        543.907    0.000  -0.138   0.380   0.
  2017 352  0 30 15 490 352.021012616      -6.21      3.39     -1.06  0.       -5765.609       4920.171        542.127    0.000  -0.138   0.380   0.
  2017 352  0 30 16 490 352.021024190      -6.20      3.43     -1.09  0.       -5765.585       4918.914        540.347    0.000  -0.138   0.380   0.
  2017 352  0 30 17 490 352.021035764      -6.18      3.43     -1.14  0.       -5765.560       4917.655        538.567    0.000  -0.138   0.380   0.
  2017 352  0 30 18 490 352.021047338      -6.13      3.44     -1.11  0.       -5765.534       4916.396        536.787    0.000  -0.139   0.381   0.
  2017 352  0 30 19 489 352.021058912      -6.16      3.48     -1.06  0.       -5765.508       4915.137        535.007    0.000  -0.139   0.381   0.
  2017 352  0 30 20 489 352.021070486      -6.15      3.52     -1.04  0.       -5765.482       4913.877        533.226    0.000  -0.138   0.380   0.
  2017 352  0 30 21 489 352.021082060      -6.12      3.57     -1.11  0.       -5765.454       4912.617        531.446    0.000  -0.138   0.380   0.
  2017 352  0 30 22 489 352.021093634      -6.07      3.62     -1.23  0.       -5765.426       4911.356        529.666    0.000  -0.138   0.380   0.
  2017 352  0 30 23 489 352.021105208      -6.00      3.68     -1.32  0.       -5765.398       4910.095        527.886    0.000  -0.138   0.380   0.
  2017 352  0 30 24 490 352.021116782      -5.96      3.74     -1.33  0.       -5765.369       4908.833        526.105    0.000  -0.139   0.381   0.
  2017 352  0 30 25 490 352.021128356      -5.95      3.75     -1.36  0.       -5765.340       4907.571        524.325    0.000  -0.139   0.381   0.
  2017 352  0 30 26 489 352.021139931      -5.94      3.78     -1.37  0.       -5765.310       4906.309        522.544    0.000  -0.138   0.380   0.
  2017 352  0 30 27 489 352.021151505      -5.91      3.83     -1.40  0.       -5765.279       4905.045        520.764    0.000  -0.138   0.380   0.
  2017 352  0 30 28 490 352.021163079      -5.96      3.81     -1.39  0.       -5765.248       4903.782        518.983    0.000  -0.138   0.380   0.
  2017 352  0 30 29 490 352.021174653      -5.90      3.88     -1.38  0.       -5765.216       4902.517        517.203    0.000  -0.138   0.380   0.
  2017 352  0 30 30 490 352.021186227      -5.91      3.88     -1.38  0.       -5765.184       4901.253        515.422    0.000  -0.139   0.381   0.
  2017 352  0 30 31 490 352.021197801      -5.94      3.88     -1.39  0.       -5765.151       4899.988        513.641    0.000  -0.139   0.381   0.
  2017 352  0 30 32 490 352.021209375      -5.92      3.90     -1.39  0.       -5765.118       4898.722        511.860    0.000  -0.138   0.380   0.
  2017 352  0 30 33 489 352.021220949      -5.84      3.96     -1.38  0.       -5765.084       4897.456        510.080    0.000  -0.138   0.380   0.
  2017 352  0 30 34 489 352.021232523      -5.88      4.01     -1.40  0.       -5765.049       4896.190        508.299    0.000  -0.138   0.380   0.
  2017 352  0 30 35 489 352.021244097      -5.83      4.09     -1.43  0.       -5765.014       4894.923        506.518    0.000  -0.138   0.380   0.
  2017 352  0 30 36 489 352.021255671      -5.81      4.18     -1.43  0.       -5764.978       4893.655        504.737    0.000  -0.138   0.380   0.
  2017 352  0 30 37 490 352.021267245      -5.81      4.19     -1.42  0.       -5764.942       4892.387        502.956    0.000  -0.138   0.380   0.
  2017 352  0 30 38 490 352.021278818      -5.80      4.23     -1.40  0.       -5764.905       4891.119        501.175    0.000  -0.139   0.381   0.
  2017 352  0 30 39 489 352.021290391      -5.82      4.27     -1.40  0.       -5764.868       4889.850        499.394    0.000  -0.139   0.381   0.
  2017 352  0 30 40 489 352.021301965      -5.83      4.30     -1.44  0.       -5764.830       4888.581        497.612    0.000  -0.138   0.380   0.
  2017 352  0 30 41 489 352.021313539      -5.87      4.31     -1.45  0.       -5764.791       4887.311        495.831    0.000  -0.138   0.380   0.
  2017 352  0 30 42 489 352.021325113      -5.90      4.32     -1.47  0.       -5764.752       4886.040        494.050    0.000  -0.138   0.380   0.
  2017 352  0 30 43 489 352.021336687      -6.01      4.26     -1.51  0.       -5764.712       4884.769        492.269    0.000  -0.138   0.380   0.
  2017 352  0 30 44 489 352.021348261      -6.11      4.25     -1.46  0.       -5764.672       4883.498        490.487    0.000  -0.139   0.381   0.
  2017 352  0 30 45 489 352.021359835      -6.14      4.29     -1.38  0.       -5764.631       4882.226        488.706    0.000  -0.139   0.381   0.
  2017 352  0 30 46 489 352.021371409      -6.15      4.31     -1.41  0.       -5764.590       4880.954        486.924    0.000  -0.139   0.381   0.
  2017 352  0 30 47 489 352.021382983      -6.19      4.30     -1.35  0.       -5764.548       4879.681        485.143    0.000  -0.139   0.381   0.
  2017 352  0 30 48 489 352.021394557      -6.22      4.31     -1.31  0.       -5764.505       4878.408        483.361    0.000  -0.139   0.381   0.
  2017 352  0 30 49 489 352.021406131      -6.23      4.33     -1.31  0.       -5764.462       4877.134        481.580    0.000  -0.139   0.381   0.
  2017 352  0 30 50 489 352.021417705      -6.26      4.34     -1.29  0.       -5764.418       4875.860        479.798    0.000  -0.138   0.380   0.
  2017 352  0 30 51 489 352.021429279      -6.32      4.31     -1.28  0.       -5764.374       4874.585        478.016    0.000  -0.138   0.380   0.
  2017 352  0 30 52 489 352.021440854      -6.33      4.31     -1.26  0.       -5764.329       4873.310        476.234    0.000  -0.138   0.380   0.
  2017 352  0 30 53 489 352.021452428      -6.33      4.31     -1.25  0.       -5764.284       4872.034        474.453    0.000  -0.138   0.380   0.
  2017 352  0 30 54 489 352.021464002      -6.30      4.31     -1.25  0.       -5764.238       4870.758        472.671    0.000  -0.139   0.381   0.
  2017 352  0 30 55 489 352.021475576      -6.31      4.31     -1.20  0.       -5764.192       4869.482        470.889    0.000  -0.139   0.381   0.
  2017 352  0 30 56 489 352.021487150      -6.32      4.29     -1.17  0.       -5764.144       4868.204        469.107    0.000  -0.138   0.380   0.
  2017 352  0 30 57 489 352.021498724      -6.36      4.23     -1.15  0.       -5764.097       4866.927        467.325    0.000  -0.138   0.380   0.
  2017 352  0 30 58 489 352.021510298      -6.35      4.25     -1.14  0.       -5764.049       4865.649        465.543    0.000  -0.139   0.381   0.
  2017 352  0 30 59 489 352.021521872      -6.36      4.25     -1.11  0.       -5764.000       4864.370        463.761    0.000  -0.139   0.381   0.
  2017 352  0 31  0 489 352.021533446      -6.30      4.23     -1.08  0.       -5763.950       4863.091        461.979    0.000  -0.139   0.381   0.
  2017 352  0 31  1 489 352.021545020      -6.28      4.22     -1.03  0.       -5763.900       4861.812        460.197    0.000  -0.139   0.381   0.
  2017 352  0 31  2 489 352.021556594      -6.34      4.17     -1.01  0.       -5763.850       4860.532        458.414    0.000  -0.138   0.380   0.
  2017 352  0 31  3 489 352.021568168      -6.35      4.11     -0.98  0.       -5763.799       4859.251        456.632    0.000  -0.138   0.380   0.
  2017 352  0 31  4 489 352.021579742      -6.38      4.04     -0.94  0.       -5763.747       4857.970        454.850    0.000  -0.138   0.380   0.
  2017 352  0 31  5 489 352.021591317      -6.44      4.05     -0.93  0.       -5763.695       4856.689        453.067    0.000  -0.138   0.380   0.
  2017 352  0 31  6 489 352.021602891      -6.43      4.05     -0.92  0.       -5763.642       4855.407        451.285    0.000  -0.138   0.380   0.
  2017 352  0 31  7 489 352.021614465      -6.50      4.02     -0.89  0.       -5763.589       4854.124        449.503    0.000  -0.138   0.380   0.
  2017 352  0 31  8 489 352.021626037      -6.53      4.01     -0.87  0.       -5763.535       4852.841        447.720    0.000  -0.138   0.380   0.
  2017 352  0 31  9 489 352.021637610      -6.58      4.02     -0.90  0.       -5763.480       4851.558        445.938    0.000  -0.138   0.380   0.
  2017 352  0 31 10 489 352.021649184      -6.58      4.02     -0.89  0.       -5763.425       4850.274        444.155    0.000  -0.139   0.381   0.
  2017 352  0 31 11 489 352.021660758      -6.60      4.06     -0.90  0.       -5763.369       4848.989        442.372    0.000  -0.139   0.381   0.
  2017 352  0 31 12 489 352.021672332      -6.63      4.10     -0.97  0.       -5763.313       4847.705        440.590    0.000  -0.139   0.381   0.
  2017 352  0 31 13 489 352.021683906      -6.61      4.17     -0.99  0.       -5763.256       4846.419        438.807    0.000  -0.139   0.381   0.
  2017 352  0 31 14 489 352.021695480      -6.60      4.19     -1.01  0.       -5763.199       4845.133        437.024    0.000  -0.139   0.381   0.
  2017 352  0 31 15 489 352.021707054      -6.57      4.24     -1.05  0.       -5763.141       4843.847        435.241    0.000  -0.139   0.381   0.
  2017 352  0 31 16 489 352.021718628      -6.53      4.25     -1.05  0.       -5763.082       4842.560        433.459    0.000  -0.138   0.380   0.
  2017 352  0 31 17 489 352.021730203      -6.48      4.30     -1.08  0.       -5763.023       4841.273        431.676    0.000  -0.138   0.380   0.
  2017 352  0 31 18 489 352.021741777      -6.44      4.35     -1.10  0.       -5762.963       4839.985        429.893    0.000  -0.138   0.380   0.
  2017 352  0 31 19 489 352.021753351      -6.43      4.36     -1.13  0.       -5762.903       4838.697        428.110    0.000  -0.138   0.380   0.
  2017 352  0 31 20 489 352.021764925      -6.44      4.43     -1.10  0.       -5762.842       4837.408        426.327    0.000  -0.139   0.381   0.
  2017 352  0 31 21 489 352.021776499      -6.44      4.39     -1.10  0.       -5762.781       4836.119        424.544    0.000  -0.139   0.381   0.
  2017 352  0 31 22 489 352.021788073      -6.41      4.38     -1.13  0.       -5762.719       4834.829        422.761    0.000  -0.138   0.380   0.
  2017 352  0 31 23 489 352.021799647      -6.35      4.45     -1.10  0.       -5762.656       4833.539        420.978    0.000  -0.138   0.380   0.
  2017 352  0 31 24 489 352.021811221      -6.31      4.49     -1.13  0.       -5762.593       4832.248        419.194    0.000  -0.139   0.381   0.
  2017 352  0 31 25 489 352.021822795      -6.33      4.46     -1.16  0.       -5762.529       4830.957        417.411    0.000  -0.139   0.381   0.
  2017 352  0 31 26 489 352.021834369      -6.29      4.48     -1.14  0.       -5762.465       4829.666        415.628    0.000  -0.138   0.380   0.
  2017 352  0 31 27 489 352.021845943      -6.33      4.49     -1.17  0.       -5762.400       4828.374        413.845    0.000  -0.138   0.380   0.
  2017 352  0 31 28 489 352.021857517      -6.32      4.46     -1.19  0.       -5762.334       4827.081        412.061    0.000  -0.139   0.381   0.
  2017 352  0 31 29 489 352.021869091      -6.22      4.54     -1.15  0.       -5762.268       4825.788        410.278    0.000  -0.139   0.381   0.
  2017 352  0 31 30 489 352.021880666      -6.18      4.61     -1.15  0.       -5762.202       4824.494        408.494    0.000  -0.139   0.381   0.
  2017 352  0 31 31 489 352.021892240      -6.16      4.66     -1.19  0.       -5762.135       4823.200        406.711    0.000  -0.139   0.381   0.
  2017 352  0 31 32 489 352.021903814      -6.09      4.71     -1.30  0.       -5762.067       4821.906        404.927    0.000  -0.138   0.380   0.
  2017 352  0 31 33 489 352.021915388      -6.05      4.74     -1.32  0.       -5761.998       4820.611        403.144    0.000  -0.138   0.380   0.
  2017 352  0 31 34 489 352.021926962      -6.06      4.76     -1.33  0.       -5761.929       4819.315        401.360    0.000  -0.138   0.380   0.
  2017 352  0 31 35 489 352.021938536      -6.10      4.79     -1.39  0.       -5761.860       4818.019        399.577    0.000  -0.138   0.380   0.
  2017 352  0 31 36 489 352.021950108      -6.10      4.80     -1.37  0.       -5761.790       4816.723        397.793    0.000  -0.139   0.381   0.
  2017 352  0 31 37 489 352.021961681      -6.09      4.79     -1.40  0.       -5761.719       4815.426        396.009    0.000  -0.139   0.381   0.
  2017 352  0 31 38 489 352.021973255      -6.12      4.80     -1.38  0.       -5761.648       4814.128        394.226    0.000  -0.138   0.380   0.
  2017 352  0 31 39 489 352.021984829      -6.09      4.81     -1.37  0.       -5761.576       4812.830        392.442    0.000  -0.138   0.380   0.
  2017 352  0 31 40 489 352.021996403      -6.15      4.79     -1.42  0.       -5761.503       4811.532        390.658    0.000  -0.138   0.380   0.
  2017 352  0 31 41 489 352.022007977      -6.18      4.78     -1.41  0.       -5761.430       4810.233        388.874    0.000  -0.138   0.380   0.
  2017 352  0 31 42 489 352.022019552      -6.21      4.75     -1.38  0.       -5761.357       4808.934        387.090    0.000  -0.139   0.381   0.
  2017 352  0 31 43 489 352.022031126      -6.28      4.78     -1.43  0.       -5761.283       4807.634        385.306    0.000  -0.139   0.381   0.
  2017 352  0 31 44 489 352.022042700      -6.26      4.79     -1.43  0.       -5761.208       4806.333        383.522    0.000  -0.139   0.381   0.
  2017 352  0 31 45 489 352.022054274      -6.30      4.81     -1.46  0.       -5761.132       4805.033        381.738    0.000  -0.139   0.381   0.
  2017 352  0 31 46 489 352.022065848      -6.33      4.80     -1.48  0.       -5761.056       4803.731        379.954    0.000  -0.139   0.381   0.
  2017 352  0 31 47 489 352.022077422      -6.30      4.83     -1.51  0.       -5760.980       4802.429        378.170    0.000  -0.139   0.381   0.
  2017 352  0 31 48 489 352.022088996      -6.34      4.86     -1.53  0.       -5760.903       4801.127        376.386    0.000  -0.139   0.381   0.
  2017 352  0 31 49 489 352.022100570      -6.32      4.83     -1.54  0.       -5760.825       4799.824        374.602    0.000  -0.139   0.381   0.
  2017 352  0 31 50 489 352.022112144      -6.34      4.84     -1.59  0.       -5760.747       4798.521        372.818    0.000  -0.138   0.380   0.
  2017 352  0 31 51 489 352.022123718      -6.34      4.83     -1.66  0.       -5760.668       4797.217        371.033    0.000  -0.138   0.380   0.
  2017 352  0 31 52 489 352.022135292      -6.35      4.83     -1.79  0.       -5760.589       4795.913        369.249    0.000  -0.138   0.380   0.
  2017 352  0 31 53 489 352.022146866      -6.35      4.82     -1.89  0.       -5760.509       4794.608        367.465    0.000  -0.138   0.380   0.
  2017 352  0 31 54 489 352.022158440      -6.31      4.75     -2.08  0.       -5760.428       4793.303        365.680    0.000  -0.139   0.381   0.
  2017 352  0 31 55 489 352.022170014      -6.19      4.72     -2.40  0.       -5760.347       4791.997        363.896    0.000  -0.139   0.381   0.
  2017 352  0 31 56 489 352.022181589      -6.15      4.64     -2.48  0.       -5760.265       4790.691        362.112    0.000  -0.138   0.380   0.
  2017 352  0 31 57 489 352.022193163      -6.22      4.44     -2.50  0.       -5760.183       4789.384        360.327    0.000  -0.138   0.380   0.
  2017 352  0 31 58 489 352.022204737      -6.30      4.33     -2.43  0.       -5760.100       4788.077        358.543    0.000  -0.138   0.380   0.
  2017 352  0 31 59 489 352.022216311      -6.27      4.28     -2.47  0.       -5760.016       4786.769        356.758    0.000  -0.138   0.380   0.
  2017 352  0 32  0 489 352.022227885      -6.34      4.13     -2.54  0.       -5759.932       4785.461        354.974    0.000  -0.139   0.381   0.
  2017 352  0 32  1 489 352.022239459      -6.32      4.08     -2.59  0.       -5759.848       4784.153        353.189    0.000  -0.139   0.381   0.
  2017 352  0 32  2 489 352.022251033      -6.30      4.13     -2.63  0.       -5759.762       4782.844        351.404    0.000  -0.138   0.380   0.
  2017 352  0 32  3 489 352.022262607      -6.39      4.02     -2.66  0.       -5759.676       4781.534        349.620    0.000  -0.138   0.380   0.
  2017 352  0 32  4 489 352.022274181      -6.42      3.98     -2.58  0.       -5759.590       4780.224        347.835    0.000  -0.139   0.381   0.
  2017 352  0 32  5 489 352.022285755      -6.44      3.93     -2.66  0.       -5759.503       4778.913        346.050    0.000  -0.139   0.381   0.
  2017 352  0 32  6 489 352.022297329      -6.44      3.85     -2.65  0.       -5759.415       4777.602        344.265    0.000  -0.139   0.381   0.
  2017 352  0 32  7 489 352.022308903      -6.40      3.91     -2.64  0.       -5759.327       4776.290        342.481    0.000  -0.139   0.381   0.
  2017 352  0 32  8 488 352.022320475      -6.39      3.94     -2.68  0.       -5759.238       4774.978        340.696    0.000  -0.139   0.381   0.
  2017 352  0 32  9 488 352.022332049      -6.41      3.92     -2.76  0.       -5759.149       4773.666        338.911    0.000  -0.139   0.381   0.
  2017 352  0 32 10 489 352.022343623      -6.39      3.99     -2.76  0.       -5759.059       4772.353        337.126    0.000  -0.139   0.381   0.
  2017 352  0 32 11 489 352.022355197      -6.33      4.06     -2.77  0.       -5758.968       4771.040        335.341    0.000  -0.139   0.381   0.
  2017 352  0 32 12 489 352.022366771      -6.35      4.15     -2.79  0.       -5758.877       4769.726        333.556    0.000  -0.138   0.380   0.
  2017 352  0 32 13 489 352.022378345      -6.37      4.21     -2.76  0.       -5758.785       4768.411        331.771    0.000  -0.138   0.380   0.
  2017 352  0 32 14 489 352.022389919      -6.40      4.28     -2.61  0.       -5758.693       4767.096        329.986    0.000  -0.139   0.381   0.
  2017 352  0 32 15 488 352.022401493      -6.49      4.42     -2.36  0.       -5758.600       4765.781        328.201    0.000  -0.139   0.381   0.
  2017 352  0 32 16 488 352.022413067      -6.51      4.41     -2.38  0.       -5758.507       4764.465        326.416    0.000  -0.138   0.380   0.
  2017 352  0 32 17 488 352.022424641      -6.55      4.34     -2.32  0.       -5758.413       4763.148        324.630    0.000  -0.138   0.380   0.
  2017 352  0 32 18 488 352.022436215      -6.66      4.27     -2.17  0.       -5758.318       4761.831        322.845    0.000  -0.138   0.380   0.
  2017 352  0 32 19 489 352.022447789      -6.84      4.20     -2.01  0.       -5758.222       4760.514        321.060    0.000  -0.138   0.380   0.
  2017 352  0 32 20 489 352.022459363      -6.84      4.21     -1.90  0.       -5758.127       4759.196        319.275    0.000  -0.139   0.381   0.
  2017 352  0 32 21 488 352.022470937      -6.83      4.20     -1.94  0.       -5758.030       4757.878        317.490    0.000  -0.139   0.381   0.
  2017 352  0 32 22 488 352.022482512      -6.84      4.22     -2.01  0.       -5757.933       4756.559        315.704    0.000  -0.138   0.380   0.
  2017 352  0 32 23 489 352.022494086      -6.77      4.27     -2.04  0.       -5757.836       4755.240        313.919    0.000  -0.138   0.380   0.
  2017 352  0 32 24 489 352.022505660      -6.69      4.35     -2.10  0.       -5757.737       4753.920        312.133    0.000  -0.138   0.380   0.
  2017 352  0 32 25 489 352.022517234      -6.71      4.36     -2.14  0.       -5757.639       4752.599        310.348    0.000  -0.138   0.380   0.
  2017 352  0 32 26 489 352.022528808      -6.66      4.40     -2.17  0.       -5757.539       4751.279        308.563    0.000  -0.139   0.381   0.
  2017 352  0 32 27 489 352.022540382      -6.58      4.42     -2.26  0.       -5757.439       4749.957        306.777    0.000  -0.139   0.381   0.
  2017 352  0 32 28 488 352.022551956      -6.59      4.37     -2.33  0.       -5757.339       4748.635        304.992    0.000  -0.138   0.380   0.
  2017 352  0 32 29 488 352.022563530      -6.58      4.36     -2.45  0.       -5757.237       4747.313        303.206    0.000  -0.138   0.380   0.
  2017 352  0 32 30 488 352.022575104      -6.63      4.32     -2.49  0.       -5757.136       4745.990        301.421    0.000  -0.139   0.381   0.
  2017 352  0 32 31 488 352.022586678      -6.63      4.32     -2.41  0.       -5757.033       4744.667        299.635    0.000  -0.139   0.381   0.
  2017 352  0 32 32 488 352.022598252      -6.67      4.33     -2.36  0.       -5756.930       4743.343        297.849    0.000  -0.138   0.380   0.
  2017 352  0 32 33 489 352.022609826      -6.69      4.34     -2.30  0.       -5756.827       4742.019        296.064    0.000  -0.138   0.380   0.
  2017 352  0 32 34 489 352.022621400      -6.70      4.32     -2.30  0.       -5756.723       4740.694        294.278    0.000  -0.138   0.380   0.
  2017 352  0 32 35 488 352.022632975      -6.63      4.34     -2.27  0.       -5756.618       4739.369        292.492    0.000  -0.138   0.380   0.
  2017 352  0 32 36 488 352.022644547      -6.63      4.31     -2.32  0.       -5756.513       4738.044        290.706    0.000  -0.138   0.380   0.
  2017 352  0 32 37 488 352.022656120      -6.66      4.31     -2.39  0.       -5756.407       4736.717        288.921    0.000  -0.138   0.380   0.
  2017 352  0 32 38 488 352.022667694      -6.67      4.30     -2.38  0.       -5756.300       4735.391        287.135    0.000  -0.139   0.381   0.
  2017 352  0 32 39 488 352.022679268      -6.68      4.26     -2.35  0.       -5756.193       4734.064        285.349    0.000  -0.139   0.381   0.
  2017 352  0 32 40 488 352.022690842      -6.73      4.26     -2.33  0.       -5756.085       4732.736        283.563    0.000  -0.139   0.381   0.
  2017 352  0 32 41 488 352.022702416      -6.75      4.26     -2.25  0.       -5755.977       4731.408        281.777    0.000  -0.139   0.381   0.
  2017 352  0 32 42 488 352.022713990      -6.78      4.29     -2.18  0.       -5755.868       4730.079        279.991    0.000  -0.139   0.381   0.
  2017 352  0 32 43 488 352.022725564      -6.81      4.27     -2.07  0.       -5755.759       4728.750        278.205    0.000  -0.139   0.381   0.
  2017 352  0 32 44 488 352.022737138      -6.83      4.28     -1.93  0.       -5755.649       4727.420        276.419    0.000  -0.138   0.380   0.
  2017 352  0 32 45 488 352.022748712      -6.79      4.26     -1.90  0.       -5755.538       4726.090        274.633    0.000  -0.138   0.380   0.
  2017 352  0 32 46 488 352.022760286      -6.79      4.20     -1.88  0.       -5755.427       4724.760        272.847    0.000  -0.138   0.380   0.
  2017 352  0 32 47 488 352.022771861      -6.89      4.15     -1.86  0.       -5755.315       4723.429        271.061    0.000  -0.138   0.380   0.
  2017 352  0 32 48 488 352.022783435      -6.88      4.16     -1.83  0.       -5755.202       4722.097        269.275    0.000  -0.139   0.381   0.
  2017 352  0 32 49 488 352.022795009      -6.83      4.20     -1.77  0.       -5755.089       4720.765        267.489    0.000  -0.139   0.381   0.
  2017 352  0 32 50 488 352.022806583      -6.83      4.25     -1.77  0.       -5754.976       4719.432        265.703    0.000  -0.139   0.381   0.
  2017 352  0 32 51 488 352.022818157      -6.80      4.32     -1.75  0.       -5754.861       4718.099        263.917    0.000  -0.139   0.381   0.
  2017 352  0 32 52 488 352.022829731      -6.76      4.37     -1.74  0.       -5754.747       4716.766        262.130    0.000  -0.138   0.380   0.
  2017 352  0 32 53 488 352.022841305      -6.79      4.37     -1.68  0.       -5754.631       4715.432        260.344    0.000  -0.138   0.380   0.
  2017 352  0 32 54 488 352.022852879      -6.80      4.37     -1.67  0.       -5754.515       4714.097        258.558    0.000  -0.139   0.381   0.
  2017 352  0 32 55 488 352.022864453      -6.86      4.35     -1.65  0.       -5754.398       4712.762        256.772    0.000  -0.139   0.381   0.
  2017 352  0 32 56 488 352.022876027      -6.87      4.37     -1.64  0.       -5754.281       4711.427        254.985    0.000  -0.138   0.380   0.
  2017 352  0 32 57 488 352.022887601      -6.85      4.37     -1.63  0.       -5754.163       4710.091        253.199    0.000  -0.138   0.380   0.
  2017 352  0 32 58 488 352.022899175      -6.77      4.42     -1.65  0.       -5754.045       4708.754        251.412    0.000  -0.138   0.380   0.
  2017 352  0 32 59 488 352.022910749      -6.77      4.43     -1.64  0.       -5753.926       4707.417        249.626    0.000  -0.138   0.380   0.
  2017 352  0 33  0 488 352.022922323      -6.84      4.40     -1.62  0.       -5753.806       4706.080        247.840    0.000  -0.139   0.381   0.
  2017 352  0 33  1 488 352.022933898      -6.82      4.40     -1.64  0.       -5753.686       4704.742        246.053    0.000  -0.139   0.381   0.
  2017 352  0 33  2 488 352.022945472      -6.80      4.46     -1.63  0.       -5753.565       4703.404        244.267    0.000  -0.138   0.380   0.
  2017 352  0 33  3 488 352.022957046      -6.82      4.51     -1.64  0.       -5753.444       4702.065        242.480    0.000  -0.138   0.380   0.
  2017 352  0 33  4 488 352.022968620      -6.85      4.51     -1.67  0.       -5753.322       4700.725        240.694    0.000  -0.138   0.380   0.
  2017 352  0 33  5 488 352.022980194      -6.88      4.60     -1.69  0.       -5753.199       4699.386        238.907    0.000  -0.138   0.380   0.
  2017 352  0 33  6 488 352.022991766      -6.85      4.60     -1.72  0.       -5753.076       4698.045        237.121    0.000  -0.139   0.381   0.
  2017 352  0 33  7 488 352.023003339      -6.84      4.61     -1.80  0.       -5752.952       4696.704        235.334    0.000  -0.139   0.381   0.
  2017 352  0 33  8 488 352.023014913      -6.92      4.59     -1.79  0.       -5752.828       4695.363        233.547    0.000  -0.138   0.380   0.
  2017 352  0 33  9 488 352.023026487      -6.91      4.57     -1.83  0.       -5752.703       4694.021        231.761    0.000  -0.138   0.380   0.
  2017 352  0 33 10 488 352.023038061      -6.88      4.52     -1.85  0.       -5752.577       4692.679        229.974    0.000  -0.138   0.380   0.
  2017 352  0 33 11 488 352.023049635      -6.91      4.48     -1.87  0.       -5752.451       4691.336        228.187    0.000  -0.138   0.380   0.
  2017 352  0 33 12 488 352.023061209      -6.90      4.48     -1.87  0.       -5752.324       4689.993        226.401    0.000  -0.139   0.381   0.
  2017 352  0 33 13 488 352.023072784      -6.86      4.46     -1.88  0.       -5752.196       4688.649        224.614    0.000  -0.139   0.381   0.
  2017 352  0 33 14 488 352.023084358      -6.83      4.52     -1.91  0.       -5752.068       4687.304        222.827    0.000  -0.138   0.380   0.
  2017 352  0 33 15 488 352.023095932      -6.79      4.50     -1.91  0.       -5751.940       4685.960        221.040    0.000  -0.138   0.380   0.
  2017 352  0 33 16 488 352.023107506      -6.76      4.58     -1.90  0.       -5751.810       4684.614        219.254    0.000  -0.138   0.380   0.
  2017 352  0 33 17 488 352.023119080      -6.75      4.60     -1.89  0.       -5751.681       4683.268        217.467    0.000  -0.138   0.380   0.
  2017 352  0 33 18 488 352.023130654      -6.84      4.60     -1.94  0.       -5751.550       4681.922        215.680    0.000  -0.138   0.380   0.
  2017 352  0 33 19 488 352.023142228      -6.85      4.64     -2.01  0.       -5751.419       4680.575        213.893    0.000  -0.138   0.380   0.
  2017 352  0 33 20 488 352.023153802      -6.83      4.68     -2.02  0.       -5751.287       4679.228        212.106    0.000  -0.139   0.381   0.
  2017 352  0 33 21 488 352.023165376      -6.87      4.60     -2.03  0.       -5751.155       4677.880        210.319    0.000  -0.139   0.381   0.
  2017 352  0 33 22 488 352.023176950      -6.95      4.58     -2.06  0.       -5751.022       4676.532        208.532    0.000  -0.138   0.380   0.
  2017 352  0 33 23 488 352.023188524      -6.96      4.56     -2.03  0.       -5750.889       4675.183        206.745    0.000  -0.138   0.380   0.
  2017 352  0 33 24 488 352.023200098      -6.98      4.48     -2.05  0.       -5750.755       4673.834        204.958    0.000  -0.138   0.380   0.
  2017 352  0 33 25 488 352.023211672      -6.98      4.51     -2.05  0.       -5750.620       4672.485        203.171    0.000  -0.138   0.380   0.
  2017 352  0 33 26 488 352.023223246      -6.99      4.48     -2.08  0.       -5750.485       4671.134        201.384    0.000  -0.139   0.381   0.
  2017 352  0 33 27 488 352.023234821      -7.03      4.42     -2.09  0.       -5750.349       4669.784        199.597    0.000  -0.139   0.381   0.
  2017 352  0 33 28 488 352.023246395      -7.06      4.39     -2.11  0.       -5750.212       4668.432        197.810    0.000  -0.139   0.381   0.
  2017 352  0 33 29 488 352.023257969      -7.06      4.35     -2.17  0.       -5750.075       4667.081        196.023    0.000  -0.139   0.381   0.
  2017 352  0 33 30 488 352.023269543      -7.06      4.36     -2.18  0.       -5749.938       4665.729        194.236    0.000  -0.138   0.380   0.
  2017 352  0 33 31 488 352.023281117      -7.04      4.34     -2.24  0.       -5749.799       4664.376        192.449    0.000  -0.138   0.380   0.
  2017 352  0 33 32 488 352.023292691      -7.04      4.37     -2.24  0.       -5749.660       4663.023        190.662    0.000  -0.139   0.381   0.
  2017 352  0 33 33 488 352.023304265      -7.01      4.42     -2.32  0.       -5749.521       4661.669        188.875    0.000  -0.139   0.381   0.
  2017 352  0 33 34 488 352.023315839      -6.99      4.40     -2.35  0.       -5749.381       4660.315        187.087    0.000  -0.139   0.381   0.
  2017 352  0 33 35 488 352.023327413      -6.93      4.40     -2.33  0.       -5749.240       4658.960        185.300    0.000  -0.139   0.381   0.
  2017 352  0 33 36 488 352.023338985      -6.92      4.39     -2.36  0.       -5749.099       4657.605        183.513    0.000  -0.138   0.380   0.
  2017 352  0 33 37 488 352.023350558      -6.89      4.40     -2.35  0.       -5748.957       4656.250        181.726    0.000  -0.138   0.380   0.
  2017 352  0 33 38 488 352.023362133      -6.85      4.41     -2.38  0.       -5748.814       4654.894        179.938    0.000  -0.139   0.381   0.
  2017 352  0 33 39 488 352.023373707      -6.86      4.37     -2.41  0.       -5748.671       4653.537        178.151    0.000  -0.139   0.381   0.
  2017 352  0 33 40 488 352.023385281      -6.78      4.38     -2.39  0.       -5748.527       4652.180        176.364    0.000  -0.139   0.381   0.
  2017 352  0 33 41 488 352.023396855      -6.81      4.33     -2.43  0.       -5748.383       4650.822        174.576    0.000  -0.139   0.381   0.
  2017 352  0 33 42 488 352.023408429      -6.74      4.29     -2.39  0.       -5748.238       4649.464        172.789    0.000  -0.139   0.381   0.
  2017 352  0 33 43 488 352.023420003      -6.69      4.27     -2.38  0.       -5748.092       4648.106        171.002    0.000  -0.139   0.381   0.
  2017 352  0 33 44 488 352.023431577      -6.76      4.24     -2.41  0.       -5747.946       4646.747        169.214    0.000  -0.138   0.380   0.
  2017 352  0 33 45 488 352.023443151      -6.67      4.22     -2.41  0.       -5747.799       4645.387        167.427    0.000  -0.138   0.380   0.
  2017 352  0 33 46 488 352.023454725      -6.64      4.22     -2.42  0.       -5747.652       4644.027        165.640    0.000  -0.139   0.381   0.
  2017 352  0 33 47 488 352.023466299      -6.64      4.17     -2.41  0.       -5747.504       4642.666        163.852    0.000  -0.139   0.381   0.
  2017 352  0 33 48 488 352.023477873      -6.62      4.15     -2.38  0.       -5747.355       4641.305        162.065    0.000  -0.139   0.381   0.
  2017 352  0 33 49 488 352.023489447      -6.65      4.09     -2.36  0.       -5747.206       4639.944        160.277    0.000  -0.139   0.381   0.
  2017 352  0 33 50 488 352.023501021      -6.66      4.06     -2.37  0.       -5747.056       4638.582        158.490    0.000  -0.138   0.380   0.
  2017 352  0 33 51 488 352.023512596      -6.64      4.00     -2.34  0.       -5746.906       4637.219        156.702    0.000  -0.138   0.380   0.
  2017 352  0 33 52 488 352.023524170      -6.64      3.94     -2.32  0.       -5746.755       4635.856        154.915    0.000  -0.138   0.380   0.
  2017 352  0 33 53 488 352.023535744      -6.65      3.87     -2.38  0.       -5746.603       4634.493        153.127    0.000  -0.138   0.380   0.
  2017 352  0 33 54 488 352.023547318      -6.67      3.81     -2.34  0.       -5746.450       4633.129        151.340    0.000  -0.139   0.381   0.
  2017 352  0 33 55 488 352.023558892      -6.66      3.78     -2.32  0.       -5746.298       4631.764        149.552    0.000  -0.139   0.381   0.
  2017 352  0 33 56 488 352.023570466      -6.67      3.70     -2.36  0.       -5746.144       4630.399        147.765    0.000  -0.138   0.380   0.
  2017 352  0 33 57 488 352.023582040      -6.61      3.66     -2.32  0.       -5745.990       4629.034        145.977    0.000  -0.138   0.380   0.
  2017 352  0 33 58 488 352.023593614      -6.63      3.58     -2.36  0.       -5745.835       4627.668        144.189    0.000  -0.139   0.381   0.
  2017 352  0 33 59 488 352.023605188      -6.60      3.53     -2.32  0.       -5745.680       4626.301        142.402    0.000  -0.139   0.381   0.
  2017 352  0 34  0 488 352.023616762      -6.50      3.50     -2.35  0.       -5745.524       4624.935        140.614    0.000  -0.139   0.381   0.
  2017 352  0 34  1 488 352.023628336      -6.50      3.47     -2.33  0.       -5745.367       4623.567        138.827    0.000  -0.139   0.381   0.
  2017 352  0 34  2 488 352.023639910      -6.46      3.46     -2.34  0.       -5745.210       4622.199        137.039    0.000  -0.138   0.380   0.
  2017 352  0 34  3 488 352.023651484      -6.42      3.41     -2.37  0.       -5745.052       4620.831        135.251    0.000  -0.138   0.380   0.
  2017 352  0 34  4 487 352.023663056      -6.37      3.42     -2.36  0.       -5744.894       4619.462        133.464    0.000  -0.139   0.381   0.
  2017 352  0 34  5 487 352.023674630      -6.30      3.39     -2.39  0.       -5744.735       4618.092        131.676    0.000  -0.139   0.381   0.
  2017 352  0 34  6 488 352.023686204      -6.25      3.39     -2.40  0.       -5744.575       4616.722        129.888    0.000  -0.138   0.380   0.
  2017 352  0 34  7 488 352.023697778      -6.15      3.40     -2.37  0.       -5744.415       4615.352        128.100    0.000  -0.138   0.380   0.
  2017 352  0 34  8 488 352.023709352      -6.10      3.36     -2.38  0.       -5744.254       4613.981        126.313    0.000  -0.139   0.381   0.
  2017 352  0 34  9 488 352.023720926      -6.05      3.37     -2.34  0.       -5744.092       4612.610        124.525    0.000  -0.139   0.381   0.
  2017 352  0 34 10 487 352.023732500      -5.97      3.35     -2.32  0.       -5743.930       4611.238        122.737    0.000  -0.139   0.381   0.
  2017 352  0 34 11 487 352.023744074      -5.91      3.36     -2.31  0.       -5743.767       4609.865        120.949    0.000  -0.139   0.381   0.
  2017 352  0 34 12 487 352.023755648      -5.85      3.38     -2.30  0.       -5743.604       4608.493        119.161    0.000  -0.138   0.380   0.
  2017 352  0 34 13 487 352.023767222      -5.79      3.37     -2.32  0.       -5743.440       4607.119        117.374    0.000  -0.138   0.380   0.
  2017 352  0 34 14 487 352.023778796      -5.75      3.42     -2.27  0.       -5743.276       4605.745        115.586    0.000  -0.139   0.381   0.
  2017 352  0 34 15 488 352.023790370      -5.73      3.38     -2.29  0.       -5743.110       4604.371        113.798    0.000  -0.139   0.381   0.
  2017 352  0 34 16 488 352.023801944      -5.74      3.41     -2.23  0.       -5742.945       4602.996        112.010    0.000  -0.138   0.380   0.
  2017 352  0 34 17 487 352.023813518      -5.72      3.42     -2.18  0.       -5742.778       4601.621        110.222    0.000  -0.138   0.380   0.
  2017 352  0 34 18 487 352.023825093      -5.73      3.42     -2.13  0.       -5742.611       4600.245        108.434    0.000  -0.138   0.380   0.
  2017 352  0 34 19 488 352.023836667      -5.72      3.45     -2.09  0.       -5742.443       4598.868        106.647    0.000  -0.138   0.380   0.
  2017 352  0 34 20 488 352.023848241      -5.69      3.46     -2.04  0.       -5742.275       4597.492        104.859    0.000  -0.139   0.381   0.
  2017 352  0 34 21 488 352.023859815      -5.71      3.48     -1.97  0.       -5742.106       4596.114        103.071    0.000  -0.139   0.381   0.
  2017 352  0 34 22 488 352.023871389      -5.68      3.49     -1.94  0.       -5741.937       4594.737        101.283    0.000  -0.139   0.381   0.
  2017 352  0 34 23 488 352.023882963      -5.68      3.52     -1.87  0.       -5741.767       4593.358         99.495    0.000  -0.139   0.381   0.
  2017 352  0 34 24 487 352.023894537      -5.72      3.54     -1.79  0.       -5741.596       4591.980         97.707    0.000  -0.138   0.380   0.
  2017 352  0 34 25 487 352.023906111      -5.71      3.53     -1.75  0.       -5741.424       4590.600         95.919    0.000  -0.138   0.380   0.
  2017 352  0 34 26 487 352.023917685      -5.73      3.54     -1.67  0.       -5741.252       4589.220         94.131    0.000  -0.139   0.381   0.
  2017 352  0 34 27 487 352.023929259      -5.74      3.47     -1.65  0.       -5741.080       4587.840         92.343    0.000  -0.139   0.381   0.
  2017 352  0 34 28 487 352.023940833      -5.74      3.49     -1.56  0.       -5740.907       4586.459         90.555    0.000  -0.139   0.381   0.
  2017 352  0 34 29 488 352.023952407      -5.73      3.46     -1.56  0.       -5740.733       4585.078         88.767    0.000  -0.139   0.381   0.
  2017 352  0 34 30 488 352.023963982      -5.76      3.43     -1.56  0.       -5740.558       4583.696         86.979    0.000  -0.138   0.380   0.
  2017 352  0 34 31 487 352.023975556      -5.76      3.48     -1.48  0.       -5740.383       4582.314         85.191    0.000  -0.138   0.380   0.
  2017 352  0 34 32 487 352.023987130      -5.73      3.48     -1.45  0.       -5740.207       4580.931         83.403    0.000  -0.139   0.381   0.
  2017 352  0 34 33 488 352.023998704      -5.80      3.56     -1.39  0.       -5740.031       4579.548         81.615    0.000  -0.139   0.381   0.
  2017 352  0 34 34 488 352.024010276      -5.74      3.57     -1.37  0.       -5739.854       4578.164         79.827    0.000  -0.139   0.381   0.
  2017 352  0 34 35 487 352.024021849      -5.93      3.56     -1.39  0.       -5739.677       4576.780         78.039    0.000  -0.139   0.381   0.
  2017 352  0 34 36 487 352.024033423      -5.98      3.59     -1.47  0.       -5739.498       4575.395         76.251    0.000  -0.139   0.381   0.
  2017 352  0 34 37 487 352.024044997      -6.05      3.53     -1.50  0.       -5739.320       4574.010         74.463    0.000  -0.139   0.381   0.
  2017 352  0 34 38 487 352.024056571      -6.03      3.53     -1.46  0.       -5739.140       4572.624         72.675    0.000  -0.139   0.381   0.
  2017 352  0 34 39 487 352.024068145      -6.09      3.49     -1.49  0.       -5738.960       4571.238         70.887    0.000  -0.139   0.381   0.
  2017 352  0 34 40 487 352.024079719      -6.12      3.48     -1.51  0.       -5738.779       4569.851         69.099    0.000  -0.139   0.381   0.
  2017 352  0 34 41 487 352.024091293      -6.08      3.49     -1.53  0.       -5738.598       4568.464         67.311    0.000  -0.139   0.381   0.
  2017 352  0 34 42 487 352.024102867      -6.15      3.47     -1.52  0.       -5738.416       4567.076         65.523    0.000  -0.138   0.380   0.
  2017 352  0 34 43 487 352.024114442      -6.21      3.49     -1.45  0.       -5738.234       4565.688         63.735    0.000  -0.138   0.380   0.
  2017 352  0 34 44 487 352.024126016      -6.26      3.45     -1.49  0.       -5738.050       4564.299         61.946    0.000  -0.139   0.381   0.
  2017 352  0 34 45 487 352.024137590      -6.38      3.41     -1.49  0.       -5737.867       4562.910         60.158    0.000  -0.139   0.381   0.
  2017 352  0 34 46 487 352.024149164      -6.43      3.41     -1.46  0.       -5737.682       4561.520         58.370    0.000  -0.139   0.381   0.
  2017 352  0 34 47 487 352.024160738      -6.59      3.34     -1.44  0.       -5737.497       4560.130         56.582    0.000  -0.139   0.381   0.
  2017 352  0 34 48 487 352.024172312      -6.77      3.35     -1.44  0.       -5737.312       4558.740         54.794    0.000  -0.138   0.380   0.
  2017 352  0 34 49 487 352.024183886      -6.91      3.32     -1.36  0.       -5737.125       4557.348         53.006    0.000  -0.138   0.380   0.
  2017 352  0 34 50 487 352.024195460      -7.12      3.30     -1.25  0.       -5736.938       4555.957         51.218    0.000  -0.139   0.381   0.
  2017 352  0 34 51 487 352.024207034      -7.30      3.18     -1.29  0.       -5736.751       4554.564         49.430    0.000  -0.139   0.381   0.
  2017 352  0 34 52 487 352.024218608      -7.50      3.06     -1.40  0.       -5736.563       4553.172         47.641    0.000  -0.139   0.381   0.
  2017 352  0 34 53 487 352.024230182      -7.58      2.98     -1.58  0.       -5736.374       4551.779         45.853    0.000  -0.139   0.381   0.
  2017 352  0 34 54 487 352.024241756      -7.61      2.97     -1.87  0.       -5736.184       4550.385         44.065    0.000  -0.138   0.380   0.
  2017 352  0 34 55 487 352.024253330      -7.57      3.03     -2.08  0.       -5735.994       4548.991         42.277    0.000  -0.138   0.380   0.
  2017 352  0 34 56 487 352.024264905      -7.41      3.06     -2.29  0.       -5735.804       4547.596         40.489    0.000  -0.139   0.381   0.
  2017 352  0 34 57 487 352.024276479      -7.39      3.09     -2.41  0.       -5735.612       4546.201         38.701    0.000  -0.139   0.381   0.
  2017 352  0 34 58 487 352.024288053      -7.39      3.06     -2.43  0.       -5735.420       4544.805         36.912    0.000  -0.139   0.381   0.
  2017 352  0 34 59 487 352.024299627      -7.36      3.07     -2.42  0.       -5735.228       4543.409         35.124    0.000  -0.139   0.381   0.
  2017 352  0 35  0 487 352.024311201      -7.37      3.06     -2.42  0.       -5735.035       4542.012         33.336    0.000  -0.139   0.381   0.
  2017 352  0 35  1 487 352.024322775      -7.37      3.07     -2.44  0.       -5734.841       4540.615         31.548    0.000  -0.139   0.381   0.
  2017 352  0 35  2 487 352.024334349      -7.41      3.09     -2.43  0.       -5734.646       4539.218         29.760    0.000  -0.138   0.380   0.
  2017 352  0 35  3 487 352.024345923      -7.39      3.11     -2.43  0.       -5734.451       4537.819         27.971    0.000  -0.138   0.380   0.
  2017 352  0 35  4 487 352.024357495      -7.42      3.12     -2.41  0.       -5734.256       4536.421         26.183    0.000  -0.139   0.381   0.
  2017 352  0 35  5 487 352.024369068      -7.35      3.16     -2.40  0.       -5734.059       4535.022         24.395    0.000  -0.139   0.381   0.
  2017 352  0 35  6 487 352.024380642      -7.41      3.16     -2.43  0.       -5733.863       4533.622         22.607    0.000  -0.139   0.381   0.
  2017 352  0 35  7 487 352.024392216      -7.34      3.20     -2.42  0.       -5733.665       4532.222         20.819    0.000  -0.139   0.381   0.
  2017 352  0 35  8 487 352.024403791      -7.36      3.22     -2.47  0.       -5733.467       4530.821         19.030    0.000  -0.138   0.380   0.
  2017 352  0 35  9 487 352.024415365      -7.42      3.27     -2.48  0.       -5733.268       4529.420         17.242    0.000  -0.138   0.380   0.
  2017 352  0 35 10 487 352.024426939      -7.39      3.31     -2.47  0.       -5733.068       4528.018         15.454    0.000  -0.139   0.381   0.
  2017 352  0 35 11 487 352.024438513      -7.40      3.33     -2.44  0.       -5732.868       4526.616         13.666    0.000  -0.139   0.381   0.
  2017 352  0 35 12 487 352.024450087      -7.42      3.34     -2.45  0.       -5732.668       4525.214         11.878    0.000  -0.139   0.381   0.
  2017 352  0 35 13 487 352.024461661      -7.39      3.38     -2.48  0.       -5732.466       4523.810         10.089    0.000  -0.139   0.381   0.
  2017 352  0 35 14 487 352.024473235      -7.34      3.43     -2.52  0.       -5732.264       4522.407          8.301    0.000  -0.139   0.381   0.
  2017 352  0 35 15 487 352.024484809      -7.34      3.46     -2.56  0.       -5732.062       4521.003          6.513    0.000  -0.139   0.381   0.
  2017 352  0 35 16 487 352.024496383      -7.32      3.48     -2.59  0.       -5731.858       4519.598          4.725    0.000  -0.139   0.381   0.
  2017 352  0 35 17 487 352.024507957      -7.29      3.47     -2.57  0.       -5731.655       4518.193          2.937    0.000  -0.139   0.381   0.
  2017 352  0 35 18 487 352.024519531      -7.25      3.49     -2.56  0.       -5731.450       4516.787          1.148    0.000  -0.139   0.381   0.
  2017 352  0 35 19 487 352.024531105      -7.22      3.52     -2.61  0.       -5731.245       4515.381         -0.640    0.000  -0.139   0.381   0.
  2017 352  0 35 20 487 352.024542679      -7.26      3.51     -2.59  0.       -5731.039       4513.975         -2.428    0.000  -0.138   0.380   0.
  2017 352  0 35 21 487 352.024554254      -7.23      3.53     -2.65  0.       -5730.833       4512.568         -4.216    0.000  -0.138   0.380   0.
  2017 352  0 35 22 487 352.024565828      -7.19      3.54     -2.68  0.       -5730.626       4511.160         -6.005    0.000  -0.139   0.381   0.
  2017 352  0 35 23 487 352.024577402      -7.16      3.55     -2.72  0.       -5730.418       4509.752         -7.793    0.000  -0.139   0.381   0.
  2017 352  0 35 24 487 352.024588976      -7.14      3.56     -2.75  0.       -5730.210       4508.343         -9.581    0.000  -0.139   0.381   0.
  2017 352  0 35 25 487 352.024600550      -7.12      3.53     -2.74  0.       -5730.001       4506.934        -11.369    0.000  -0.139   0.381   0.
  2017 352  0 35 26 487 352.024612124      -7.14      3.54     -2.78  0.       -5729.791       4505.525        -13.157    0.000  -0.138   0.380   0.
  2017 352  0 35 27 487 352.024623698      -7.13      3.57     -2.75  0.       -5729.581       4504.114        -14.946    0.000  -0.138   0.380   0.
  2017 352  0 35 28 487 352.024635272      -7.09      3.58     -2.75  0.       -5729.370       4502.704        -16.734    0.000  -0.138   0.380   0.
  2017 352  0 35 29 487 352.024646846      -7.08      3.58     -2.77  0.       -5729.159       4501.293        -18.522    0.000  -0.138   0.380   0.
  2017 352  0 35 30 487 352.024658420      -7.07      3.61     -2.72  0.       -5728.947       4499.881        -20.310    0.000  -0.139   0.381   0.
  2017 352  0 35 31 487 352.024669994      -7.06      3.63     -2.74  0.       -5728.734       4498.469        -22.098    0.000  -0.139   0.381   0.
  2017 352  0 35 32 487 352.024681566      -7.08      3.62     -2.71  0.       -5728.521       4497.056        -23.886    0.000  -0.138   0.380   0.
  2017 352  0 35 33 487 352.024693139      -7.07      3.64     -2.72  0.       -5728.307       4495.643        -25.675    0.000  -0.138   0.380   0.
  2017 352  0 35 34 487 352.024704714      -7.04      3.67     -2.72  0.       -5728.092       4494.230        -27.463    0.000  -0.138   0.380   0.
  2017 352  0 35 35 487 352.024716288      -7.02      3.68     -2.70  0.       -5727.877       4492.816        -29.251    0.000  -0.138   0.380   0.
  2017 352  0 35 36 487 352.024727862      -7.02      3.69     -2.71  0.       -5727.661       4491.401        -31.039    0.000  -0.139   0.381   0.
  2017 352  0 35 37 487 352.024739436      -7.04      3.74     -2.69  0.       -5727.444       4489.986        -32.827    0.000  -0.139   0.381   0.
  2017 352  0 35 38 487 352.024751010      -7.02      3.75     -2.68  0.       -5727.227       4488.570        -34.616    0.000  -0.138   0.380   0.
  2017 352  0 35 39 487 352.024762584      -7.02      3.81     -2.69  0.       -5727.009       4487.154        -36.404    0.000  -0.138   0.380   0.
  2017 352  0 35 40 487 352.024774158      -7.00      3.87     -2.72  0.       -5726.791       4485.738        -38.192    0.000  -0.138   0.380   0.
  2017 352  0 35 41 487 352.024785732      -7.03      3.91     -2.71  0.       -5726.572       4484.321        -39.980    0.000  -0.138   0.380   0.
  2017 352  0 35 42 487 352.024797306      -7.04      3.93     -2.69  0.       -5726.352       4482.903        -41.768    0.000  -0.139   0.381   0.
  2017 352  0 35 43 487 352.024808880      -7.03      3.96     -2.74  0.       -5726.131       4481.485        -43.556    0.000  -0.139   0.381   0.
  2017 352  0 35 44 487 352.024820454      -7.06      3.98     -2.74  0.       -5725.910       4480.066        -45.344    0.000  -0.138   0.380   0.
  2017 352  0 35 45 487 352.024832028      -7.04      3.96     -2.74  0.       -5725.689       4478.647        -47.133    0.000  -0.138   0.380   0.
  2017 352  0 35 46 487 352.024843602      -6.97      3.97     -2.73  0.       -5725.467       4477.228        -48.921    0.000  -0.138   0.380   0.
  2017 352  0 35 47 487 352.024855177      -6.99      3.99     -2.74  0.       -5725.244       4475.808        -50.709    0.000  -0.138   0.380   0.
  2017 352  0 35 48 487 352.024866751      -7.05      3.97     -2.79  0.       -5725.020       4474.387        -52.497    0.000  -0.139   0.381   0.
  2017 352  0 35 49 487 352.024878325      -7.03      3.97     -2.77  0.       -5724.796       4472.966        -54.285    0.000  -0.139   0.381   0.
  2017 352  0 35 50 487 352.024889899      -7.04      3.96     -2.83  0.       -5724.571       4471.544        -56.073    0.000  -0.139   0.381   0.
  2017 352  0 35 51 487 352.024901473      -7.03      3.98     -2.81  0.       -5724.346       4470.122        -57.861    0.000  -0.139   0.381   0.
  2017 352  0 35 52 487 352.024913047      -7.02      3.96     -2.82  0.       -5724.119       4468.700        -59.649    0.000  -0.138   0.380   0.
  2017 352  0 35 53 487 352.024924621      -7.02      3.95     -2.82  0.       -5723.893       4467.277        -61.438    0.000  -0.138   0.380   0.
  2017 352  0 35 54 487 352.024936195      -7.01      3.95     -2.78  0.       -5723.665       4465.853        -63.226    0.000  -0.139   0.381   0.
  2017 352  0 35 55 487 352.024947769      -7.02      3.90     -2.83  0.       -5723.437       4464.429        -65.014    0.000  -0.139   0.381   0.
  2017 352  0 35 56 487 352.024959343      -7.00      3.91     -2.79  0.       -5723.209       4463.005        -66.802    0.000  -0.138   0.380   0.
  2017 352  0 35 57 487 352.024970917      -7.00      3.88     -2.82  0.       -5722.979       4461.579        -68.590    0.000  -0.138   0.380   0.
  2017 352  0 35 58 487 352.024982491      -7.02      3.86     -2.78  0.       -5722.749       4460.154        -70.378    0.000  -0.138   0.380   0.
  2017 352  0 35 59 487 352.024994065      -6.98      3.88     -2.81  0.       -5722.519       4458.728        -72.166    0.000  -0.138   0.380   0.
  2017 352  0 36  0 487 352.025005639      -6.99      3.85     -2.80  0.       -5722.287       4457.301        -73.954    0.000  -0.139   0.381   0.
  2017 352  0 36  1 487 352.025017214      -6.94      3.87     -2.76  0.       -5722.056       4455.874        -75.742    0.000  -0.139   0.381   0.
  2017 352  0 36  2 487 352.025028788      -6.96      3.83     -2.80  0.       -5721.823       4454.447        -77.530    0.000  -0.139   0.381   0.
  2017 352  0 36  3 487 352.025040362      -6.97      3.83     -2.72  0.       -5721.590       4453.019        -79.318    0.000  -0.139   0.381   0.
  2017 352  0 36  4 487 352.025051934      -6.93      3.80     -2.74  0.       -5721.356       4451.590        -81.106    0.000  -0.138   0.380   0.
  2017 352  0 36  5 487 352.025063507      -6.95      3.79     -2.71  0.       -5721.122       4450.161        -82.894    0.000  -0.138   0.380   0.
  2017 352  0 36  6 486 352.025075081      -6.92      3.80     -2.70  0.       -5720.886       4448.731        -84.682    0.000  -0.138   0.380   0.
  2017 352  0 36  7 486 352.025086655      -6.94      3.77     -2.72  0.       -5720.651       4447.301        -86.470    0.000  -0.138   0.380   0.
  2017 352  0 36  8 486 352.025098229      -6.96      3.77     -2.65  0.       -5720.414       4445.871        -88.258    0.000  -0.139   0.381   0.
  2017 352  0 36  9 486 352.025109803      -6.97      3.71     -2.66  0.       -5720.177       4444.440        -90.046    0.000  -0.139   0.381   0.
  2017 352  0 36 10 486 352.025121377      -6.99      3.70     -2.62  0.       -5719.940       4443.008        -91.834    0.000  -0.139   0.381   0.
  2017 352  0 36 11 487 352.025132951      -6.93      3.69     -2.62  0.       -5719.701       4441.576        -93.622    0.000  -0.139   0.381   0.
  2017 352  0 36 12 487 352.025144525      -6.99      3.64     -2.59  0.       -5719.462       4440.143        -95.409    0.000  -0.138   0.380   0.
  2017 352  0 36 13 486 352.025156100      -6.90      3.63     -2.57  0.       -5719.222       4438.710        -97.197    0.000  -0.138   0.380   0.
  2017 352  0 36 14 486 352.025167674      -6.89      3.60     -2.58  0.       -5718.982       4437.277        -98.985    0.000  -0.139   0.381   0.
  2017 352  0 36 15 487 352.025179248      -6.87      3.62     -2.56  0.       -5718.742       4435.843       -100.773    0.000  -0.139   0.381   0.
  2017 352  0 36 16 487 352.025190822      -6.85      3.56     -2.57  0.       -5718.500       4434.408       -102.561    0.000  -0.139   0.381   0.
  2017 352  0 36 17 487 352.025202396      -6.91      3.55     -2.55  0.       -5718.258       4432.973       -104.349    0.000  -0.139   0.381   0.
  2017 352  0 36 18 487 352.025213970      -6.87      3.56     -2.52  0.       -5718.015       4431.537       -106.137    0.000  -0.138   0.380   0.
  2017 352  0 36 19 487 352.025225544      -6.86      3.55     -2.54  0.       -5717.771       4430.101       -107.925    0.000  -0.138   0.380   0.
  2017 352  0 36 20 486 352.025237118      -6.82      3.55     -2.46  0.       -5717.527       4428.665       -109.712    0.000  -0.139   0.381   0.
  2017 352  0 36 21 486 352.025248692      -6.81      3.53     -2.48  0.       -5717.282       4427.227       -111.500    0.000  -0.139   0.381   0.
  2017 352  0 36 22 486 352.025260266      -6.87      3.55     -2.46  0.       -5717.037       4425.790       -113.288    0.000  -0.139   0.381   0.
  2017 352  0 36 23 486 352.025271840      -6.86      3.52     -2.40  0.       -5716.791       4424.352       -115.076    0.000  -0.139   0.381   0.
  2017 352  0 36 24 486 352.025283414      -6.86      3.53     -2.37  0.       -5716.544       4422.913       -116.864    0.000  -0.138   0.380   0.
  2017 352  0 36 25 487 352.025294988      -6.86      3.53     -2.34  0.       -5716.297       4421.474       -118.651    0.000  -0.138   0.380   0.
  2017 352  0 36 26 487 352.025306563      -6.82      3.55     -2.33  0.       -5716.049       4420.035       -120.439    0.000  -0.138   0.380   0.
  2017 352  0 36 27 486 352.025318137      -6.84      3.59     -2.30  0.       -5715.800       4418.595       -122.227    0.000  -0.138   0.380   0.
  2017 352  0 36 28 486 352.025329711      -6.84      3.57     -2.26  0.       -5715.551       4417.154       -124.014    0.000  -0.139   0.381   0.
  2017 352  0 36 29 487 352.025341285      -6.85      3.58     -2.22  0.       -5715.301       4415.713       -125.802    0.000  -0.139   0.381   0.
  2017 352  0 36 30 487 352.025352859      -6.85      3.58     -2.21  0.       -5715.050       4414.271       -127.590    0.000  -0.138   0.380   0.
  2017 352  0 36 31 487 352.025364433      -6.82      3.59     -2.16  0.       -5714.799       4412.829       -129.377    0.000  -0.138   0.380   0.
  2017 352  0 36 32 487 352.025376007      -6.84      3.59     -2.15  0.       -5714.547       4411.386       -131.165    0.000  -0.139   0.381   0.
  2017 352  0 36 33 486 352.025387581      -6.81      3.58     -2.14  0.       -5714.295       4409.943       -132.953    0.000  -0.139   0.381   0.
  2017 352  0 36 34 486 352.025399153      -6.88      3.54     -2.14  0.       -5714.041       4408.500       -134.740    0.000  -0.138   0.380   0.
  2017 352  0 36 35 486 352.025410726      -6.85      3.55     -2.08  0.       -5713.787       4407.056       -136.528    0.000  -0.138   0.380   0.
  2017 352  0 36 36 486 352.025422300      -6.88      3.53     -2.09  0.       -5713.533       4405.611       -138.316    0.000  -0.138   0.380   0.
  2017 352  0 36 37 486 352.025433874      -6.88      3.49     -2.04  0.       -5713.278       4404.166       -140.103    0.000  -0.138   0.380   0.
  2017 352  0 36 38 486 352.025445448      -6.84      3.50     -2.01  0.       -5713.022       4402.720       -141.891    0.000  -0.139   0.381   0.
  2017 352  0 36 39 486 352.025457023      -6.85      3.48     -2.01  0.       -5712.766       4401.274       -143.678    0.000  -0.139   0.381   0.
  2017 352  0 36 40 486 352.025468597      -6.82      3.47     -1.96  0.       -5712.508       4399.827       -145.466    0.000  -0.139   0.381   0.
  2017 352  0 36 41 486 352.025480171      -6.72      3.47     -1.90  0.       -5712.251       4398.380       -147.253    0.000  -0.139   0.381   0.
  2017 352  0 36 42 486 352.025491745      -6.71      3.48     -1.91  0.       -5711.992       4396.932       -149.041    0.000  -0.138   0.380   0.
  2017 352  0 36 43 486 352.025503319      -6.69      3.47     -1.88  0.       -5711.733       4395.484       -150.828    0.000  -0.138   0.380   0.
  2017 352  0 36 44 486 352.025514893      -6.64      3.49     -1.86  0.       -5711.473       4394.036       -152.616    0.000  -0.139   0.381   0.
  2017 352  0 36 45 486 352.025526467      -6.69      3.47     -1.86  0.       -5711.213       4392.587       -154.403    0.000  -0.139   0.381   0.
  2017 352  0 36 46 486 352.025538041      -6.75      3.43     -1.87  0.       -5710.952       4391.137       -156.190    0.000  -0.139   0.381   0.
  2017 352  0 36 47 486 352.025549615      -6.77      3.40     -1.85  0.       -5710.690       4389.687       -157.978    0.000  -0.139   0.381   0.
  2017 352  0 36 48 486 352.025561189      -6.78      3.35     -1.87  0.       -5710.428       4388.236       -159.765    0.000  -0.138   0.380   0.
  2017 352  0 36 49 486 352.025572763      -6.78      3.37     -1.84  0.       -5710.165       4386.785       -161.553    0.000  -0.138   0.380   0.
  2017 352  0 36 50 486 352.025584337      -6.78      3.35     -1.84  0.       -5709.901       4385.333       -163.340    0.000  -0.139   0.381   0.
  2017 352  0 36 51 486 352.025595911      -6.83      3.33     -1.83  0.       -5709.637       4383.881       -165.127    0.000  -0.139   0.381   0.
  2017 352  0 36 52 486 352.025607486      -6.80      3.36     -1.80  0.       -5709.372       4382.429       -166.915    0.000  -0.139   0.381   0.
  2017 352  0 36 53 486 352.025619060      -6.83      3.33     -1.83  0.       -5709.106       4380.975       -168.702    0.000  -0.139   0.381   0.
  2017 352  0 36 54 486 352.025630634      -6.82      3.34     -1.80  0.       -5708.840       4379.522       -170.489    0.000  -0.139   0.381   0.
  2017 352  0 36 55 486 352.025642208      -6.80      3.32     -1.83  0.       -5708.573       4378.068       -172.276    0.000  -0.139   0.381   0.
  2017 352  0 36 56 486 352.025653782      -6.84      3.28     -1.79  0.       -5708.306       4376.613       -174.064    0.000  -0.138   0.380   0.
  2017 352  0 36 57 486 352.025665356      -6.79      3.28     -1.82  0.       -5708.037       4375.158       -175.851    0.000  -0.138   0.380   0.
  2017 352  0 36 58 486 352.025676930      -6.83      3.24     -1.84  0.       -5707.768       4373.702       -177.638    0.000  -0.138   0.380   0.
  2017 352  0 36 59 486 352.025688504      -6.81      3.25     -1.83  0.       -5707.499       4372.246       -179.425    0.000  -0.138   0.380   0.
  2017 352  0 37  0 486 352.025700078      -6.79      3.21     -1.88  0.       -5707.229       4370.789       -181.212    0.000  -0.139   0.381   0.
  2017 352  0 37  1 486 352.025711652      -6.82      3.20     -1.83  0.       -5706.958       4369.332       -182.999    0.000  -0.139   0.381   0.
  2017 352  0 37  2 486 352.025723224      -6.81      3.17     -1.88  0.       -5706.686       4367.874       -184.787    0.000  -0.138   0.380   0.
  2017 352  0 37  3 486 352.025734797      -6.80      3.17     -1.85  0.       -5706.414       4366.416       -186.574    0.000  -0.138   0.380   0.
  2017 352  0 37  4 486 352.025746371      -6.80      3.16     -1.85  0.       -5706.141       4364.957       -188.361    0.000  -0.138   0.380   0.
  2017 352  0 37  5 486 352.025757946      -6.84      3.14     -1.87  0.       -5705.868       4363.498       -190.148    0.000  -0.138   0.380   0.
  2017 352  0 37  6 486 352.025769520      -6.85      3.15     -1.84  0.       -5705.593       4362.038       -191.935    0.000  -0.139   0.381   0.
  2017 352  0 37  7 486 352.025781094      -6.89      3.10     -1.88  0.       -5705.319       4360.578       -193.722    0.000  -0.139   0.381   0.
  2017 352  0 37  8 486 352.025792668      -6.91      3.13     -1.86  0.       -5705.043       4359.117       -195.509    0.000  -0.138   0.380   0.
  2017 352  0 37  9 486 352.025804242      -6.89      3.13     -1.91  0.       -5704.767       4357.656       -197.296    0.000  -0.138   0.380   0.
  2017 352  0 37 10 486 352.025815816      -6.97      3.09     -1.91  0.       -5704.490       4356.194       -199.083    0.000  -0.138   0.380   0.
  2017 352  0 37 11 486 352.025827390      -6.94      3.11     -1.91  0.       -5704.213       4354.732       -200.869    0.000  -0.138   0.380   0.
  2017 352  0 37 12 486 352.025838964      -6.97      3.06     -1.97  0.       -5703.935       4353.270       -202.656    0.000  -0.138   0.380   0.
  2017 352  0 37 13 486 352.025850538      -6.97      3.08     -1.98  0.       -5703.656       4351.806       -204.443    0.000  -0.138   0.380   0.
  2017 352  0 37 14 486 352.025862112      -6.94      3.03     -2.03  0.       -5703.376       4350.342       -206.230    0.000  -0.139   0.381   0.
  2017 352  0 37 15 486 352.025873686      -6.99      3.04     -2.10  0.       -5703.096       4348.878       -208.017    0.000  -0.139   0.381   0.
  2017 352  0 37 16 486 352.025885260      -7.03      2.97     -2.12  0.       -5702.816       4347.414       -209.804    0.000  -0.138   0.380   0.
  2017 352  0 37 17 486 352.025896834      -6.96      2.98     -2.16  0.       -5702.534       4345.948       -211.590    0.000  -0.138   0.380   0.
  2017 352  0 37 18 486 352.025908409      -6.96      2.96     -2.19  0.       -5702.252       4344.483       -213.377    0.000  -0.138   0.380   0.
  2017 352  0 37 19 486 352.025919983      -6.97      2.90     -2.24  0.       -5701.969       4343.016       -215.164    0.000  -0.138   0.380   0.
  2017 352  0 37 20 486 352.025931557      -6.93      2.88     -2.24  0.       -5701.686       4341.550       -216.950    0.000  -0.139   0.381   0.
  2017 352  0 37 21 486 352.025943131      -6.95      2.81     -2.29  0.       -5701.402       4340.082       -218.737    0.000  -0.139   0.381   0.
  2017 352  0 37 22 486 352.025954705      -6.92      2.80     -2.27  0.       -5701.117       4338.614       -220.524    0.000  -0.139   0.381   0.
  2017 352  0 37 23 486 352.025966279      -6.85      2.78     -2.29  0.       -5700.832       4337.146       -222.310    0.000  -0.139   0.381   0.
  2017 352  0 37 24 486 352.025977853      -6.88      2.75     -2.33  0.       -5700.546       4335.677       -224.097    0.000  -0.138   0.380   0.
  2017 352  0 37 25 486 352.025989427      -6.85      2.72     -2.33  0.       -5700.259       4334.208       -225.883    0.000  -0.138   0.380   0.
  2017 352  0 37 26 486 352.026001001      -6.86      2.70     -2.37  0.       -5699.971       4332.738       -227.670    0.000  -0.139   0.381   0.
  2017 352  0 37 27 486 352.026012575      -6.89      2.68     -2.40  0.       -5699.683       4331.268       -229.456    0.000  -0.139   0.381   0.
  2017 352  0 37 28 486 352.026024149      -6.92      2.63     -2.40  0.       -5699.395       4329.797       -231.243    0.000  -0.139   0.381   0.
  2017 352  0 37 29 486 352.026035723      -6.92      2.63     -2.42  0.       -5699.105       4328.326       -233.029    0.000  -0.139   0.381   0.
  2017 352  0 37 30 486 352.026047297      -6.90      2.59     -2.46  0.       -5698.815       4326.854       -234.816    0.000  -0.138   0.380   0.
  2017 352  0 37 31 486 352.026058872      -6.89      2.58     -2.45  0.       -5698.525       4325.382       -236.602    0.000  -0.138   0.380   0.
  2017 352  0 37 32 486 352.026070443      -6.95      2.54     -2.46  0.       -5698.233       4323.909       -238.388    0.000  -0.138   0.380   0.
  2017 352  0 37 33 486 352.026082017      -6.95      2.52     -2.50  0.       -5697.941       4322.435       -240.175    0.000  -0.138   0.380   0.
  2017 352  0 37 34 486 352.026093591      -6.92      2.51     -2.49  0.       -5697.648       4320.962       -241.961    0.000  -0.139   0.381   0.
  2017 352  0 37 35 486 352.026105165      -6.94      2.48     -2.51  0.       -5697.355       4319.487       -243.747    0.000  -0.139   0.381   0.
  2017 352  0 37 36 486 352.026116739      -6.91      2.46     -2.53  0.       -5697.061       4318.012       -245.533    0.000  -0.138   0.380   0.
  2017 352  0 37 37 486 352.026128313      -6.93      2.44     -2.54  0.       -5696.766       4316.537       -247.320    0.000  -0.138   0.380   0.
  2017 352  0 37 38 486 352.026139887      -6.96      2.40     -2.54  0.       -5696.471       4315.061       -249.106    0.000  -0.138   0.380   0.
  2017 352  0 37 39 486 352.026151461      -6.91      2.38     -2.57  0.       -5696.175       4313.585       -250.892    0.000  -0.138   0.380   0.
  2017 352  0 37 40 486 352.026163035      -6.83      2.39     -2.52  0.       -5695.878       4312.108       -252.678    0.000  -0.139   0.381   0.
  2017 352  0 37 41 486 352.026174609      -6.85      2.34     -2.58  0.       -5695.581       4310.631       -254.464    0.000  -0.139   0.381   0.
  2017 352  0 37 42 486 352.026186183      -6.83      2.34     -2.56  0.       -5695.283       4309.153       -256.250    0.000  -0.139   0.381   0.
  2017 352  0 37 43 486 352.026197758      -6.82      2.29     -2.58  0.       -5694.984       4307.674       -258.036    0.000  -0.139   0.381   0.
  2017 352  0 37 44 486 352.026209332      -6.88      2.24     -2.57  0.       -5694.685       4306.195       -259.822    0.000  -0.138   0.380   0.
  2017 352  0 37 45 486 352.026220906      -6.84      2.23     -2.57  0.       -5694.385       4304.716       -261.608    0.000  -0.138   0.380   0.
  2017 352  0 37 46 486 352.026232480      -6.82      2.27     -2.56  0.       -5694.084       4303.236       -263.394    0.000  -0.139   0.381   0.
  2017 352  0 37 47 486 352.026244054      -6.87      2.26     -2.50  0.       -5693.782       4301.756       -265.180    0.000  -0.139   0.381   0.
  2017 352  0 37 48 486 352.026255628      -6.89      2.25     -2.55  0.       -5693.480       4300.275       -266.966    0.000  -0.139   0.381   0.
  2017 352  0 37 49 486 352.026267202      -6.88      2.30     -2.51  0.       -5693.178       4298.793       -268.752    0.000  -0.139   0.381   0.
  2017 352  0 37 50 486 352.026278776      -6.86      2.26     -2.51  0.       -5692.874       4297.311       -270.538    0.000  -0.139   0.381   0.
  2017 352  0 37 51 486 352.026290350      -6.92      2.26     -2.48  0.       -5692.570       4295.829       -272.323    0.000  -0.139   0.381   0.
  2017 352  0 37 52 486 352.026301924      -6.89      2.29     -2.49  0.       -5692.265       4294.346       -274.109    0.000  -0.138   0.380   0.
  2017 352  0 37 53 486 352.026313498      -6.88      2.23     -2.48  0.       -5691.960       4292.863       -275.895    0.000  -0.138   0.380   0.
  2017 352  0 37 54 486 352.026325072      -6.88      2.24     -2.49  0.       -5691.654       4291.379       -277.680    0.000  -0.139   0.381   0.
  2017 352  0 37 55 486 352.026336646      -6.87      2.19     -2.51  0.       -5691.347       4289.894       -279.466    0.000  -0.139   0.381   0.
  2017 352  0 37 56 486 352.026348221      -6.90      2.18     -2.48  0.       -5691.040       4288.409       -281.252    0.000  -0.139   0.381   0.
  2017 352  0 37 57 486 352.026359795      -6.89      2.13     -2.51  0.       -5690.732       4286.924       -283.037    0.000  -0.139   0.381   0.
  2017 352  0 37 58 486 352.026371369      -6.88      2.13     -2.51  0.       -5690.423       4285.438       -284.823    0.000  -0.139   0.381   0.
  2017 352  0 37 59 486 352.026382943      -6.81      2.11     -2.52  0.       -5690.113       4283.951       -286.608    0.000  -0.139   0.381   0.
  2017 352  0 38  0 486 352.026394517      -6.80      2.09     -2.53  0.       -5689.803       4282.464       -288.394    0.000  -0.138   0.380   0.
  2017 352  0 38  1 486 352.026406091      -6.82      2.10     -2.55  0.       -5689.493       4280.977       -290.179    0.000  -0.138   0.380   0.
  2017 352  0 38  2 485 352.026417663      -6.86      2.05     -2.59  0.       -5689.181       4279.489       -291.965    0.000  -0.139   0.381   0.
  2017 352  0 38  3 485 352.026429236      -6.83      2.05     -2.56  0.       -5688.869       4278.000       -293.750    0.000  -0.139   0.381   0.
  2017 352  0 38  4 485 352.026440810      -6.79      2.00     -2.58  0.       -5688.556       4276.511       -295.535    0.000  -0.138   0.380   0.
  2017 352  0 38  5 485 352.026452384      -6.78      1.98     -2.54  0.       -5688.243       4275.022       -297.321    0.000  -0.138   0.380   0.
  2017 352  0 38  6 485 352.026463958      -6.76      1.96     -2.54  0.       -5687.928       4273.532       -299.106    0.000  -0.139   0.381   0.
  2017 352  0 38  7 486 352.026475532      -6.70      1.91     -2.54  0.       -5687.614       4272.041       -300.891    0.000  -0.139   0.381   0.
  2017 352  0 38  8 486 352.026487106      -6.63      1.89     -2.52  0.       -5687.298       4270.550       -302.676    0.000  -0.139   0.381   0.
  2017 352  0 38  9 485 352.026498681      -6.61      1.84     -2.54  0.       -5686.982       4269.058       -304.462    0.000  -0.139   0.381   0.
  2017 352  0 38 10 485 352.026510255      -6.55      1.79     -2.51  0.       -5686.665       4267.566       -306.247    0.000  -0.138   0.380   0.
  2017 352  0 38 11 486 352.026521829      -6.50      1.74     -2.51  0.       -5686.348       4266.074       -308.032    0.000  -0.138   0.380   0.
  2017 352  0 38 12 486 352.026533403      -6.49      1.70     -2.50  0.       -5686.029       4264.581       -309.817    0.000  -0.139   0.381   0.
  2017 352  0 38 13 486 352.026544977      -6.47      1.66     -2.53  0.       -5685.711       4263.087       -311.602    0.000  -0.139   0.381   0.
  2017 352  0 38 14 486 352.026556551      -6.44      1.59     -2.51  0.       -5685.391       4261.593       -313.387    0.000  -0.138   0.380   0.
  2017 352  0 38 15 486 352.026568125      -6.49      1.58     -2.48  0.       -5685.071       4260.098       -315.172    0.000  -0.138   0.380   0.
  2017 352  0 38 16 485 352.026579699      -6.44      1.55     -2.47  0.       -5684.750       4258.603       -316.957    0.000  -0.139   0.381   0.
  2017 352  0 38 17 485 352.026591273      -6.47      1.52     -2.45  0.       -5684.428       4257.108       -318.742    0.000  -0.139   0.381   0.
  2017 352  0 38 18 485 352.026602847      -6.50      1.50     -2.44  0.       -5684.106       4255.612       -320.526    0.000  -0.138   0.380   0.
  2017 352  0 38 19 485 352.026614421      -6.56      1.51     -2.44  0.       -5683.783       4254.115       -322.311    0.000  -0.138   0.380   0.
  2017 352  0 38 20 486 352.026625995      -6.57      1.52     -2.37  0.       -5683.459       4252.618       -324.096    0.000  -0.138   0.380   0.
  2017 352  0 38 21 486 352.026637569      -6.62      1.52     -2.35  0.       -5683.135       4251.120       -325.881    0.000  -0.138   0.380   0.
  2017 352  0 38 22 485 352.026649144      -6.63      1.59     -2.33  0.       -5682.810       4249.622       -327.665    0.000  -0.138   0.380   0.
  2017 352  0 38 23 485 352.026660718      -6.64      1.57     -2.29  0.       -5682.484       4248.123       -329.450    0.000  -0.138   0.380   0.
  2017 352  0 38 24 486 352.026672292      -6.65      1.58     -2.29  0.       -5682.158       4246.624       -331.234    0.000  -0.139   0.381   0.
  2017 352  0 38 25 486 352.026683866      -6.62      1.61     -2.25  0.       -5681.831       4245.124       -333.019    0.000  -0.139   0.381   0.
  2017 352  0 38 26 486 352.026695440      -6.63      1.64     -2.26  0.       -5681.503       4243.624       -334.803    0.000  -0.138   0.380   0.
  2017 352  0 38 27 486 352.026707014      -6.62      1.65     -2.24  0.       -5681.175       4242.124       -336.588    0.000  -0.138   0.380   0.
  2017 352  0 38 28 486 352.026718588      -6.63      1.67     -2.21  0.       -5680.846       4240.622       -338.372    0.000  -0.138   0.380   0.
  2017 352  0 38 29 485 352.026730162      -6.63      1.65     -2.22  0.       -5680.516       4239.121       -340.157    0.000  -0.138   0.380   0.
  2017 352  0 38 30 485 352.026741734      -6.64      1.65     -2.19  0.       -5680.186       4237.618       -341.941    0.000  -0.139   0.381   0.
  2017 352  0 38 31 485 352.026753307      -6.62      1.64     -2.20  0.       -5679.855       4236.116       -343.725    0.000  -0.139   0.381   0.
  2017 352  0 38 32 485 352.026764881      -6.63      1.63     -2.15  0.       -5679.523       4234.613       -345.510    0.000  -0.138   0.380   0.
  2017 352  0 38 33 485 352.026776455      -6.62      1.61     -2.17  0.       -5679.190       4233.109       -347.294    0.000  -0.138   0.380   0.
  2017 352  0 38 34 485 352.026788030      -6.62      1.63     -2.15  0.       -5678.857       4231.604       -349.078    0.000  -0.138   0.380   0.
  2017 352  0 38 35 485 352.026799604      -6.59      1.66     -2.17  0.       -5678.523       4230.100       -350.862    0.000  -0.138   0.380   0.
  2017 352  0 38 36 485 352.026811178      -6.55      1.67     -2.18  0.       -5678.189       4228.594       -352.646    0.000  -0.139   0.381   0.
  2017 352  0 38 37 485 352.026822752      -6.54      1.67     -2.18  0.       -5677.854       4227.089       -354.430    0.000  -0.139   0.381   0.
  2017 352  0 38 38 485 352.026834326      -6.52      1.64     -2.19  0.       -5677.518       4225.582       -356.214    0.000  -0.139   0.381   0.
  2017 352  0 38 39 485 352.026845900      -6.51      1.63     -2.19  0.       -5677.181       4224.076       -357.998    0.000  -0.139   0.381   0.
  2017 352  0 38 40 485 352.026857474      -6.48      1.56     -2.21  0.       -5676.844       4222.568       -359.782    0.000  -0.139   0.381   0.
  2017 352  0 38 41 485 352.026869048      -6.50      1.56     -2.18  0.       -5676.506       4221.060       -361.566    0.000  -0.139   0.381   0.
  2017 352  0 38 42 485 352.026880622      -6.46      1.54     -2.19  0.       -5676.167       4219.552       -363.350    0.000  -0.138   0.380   0.
  2017 352  0 38 43 485 352.026892196      -6.47      1.52     -2.20  0.       -5675.828       4218.043       -365.134    0.000  -0.138   0.380   0.
  2017 352  0 38 44 485 352.026903770      -6.47      1.53     -2.20  0.       -5675.488       4216.534       -366.917    0.000  -0.139   0.381   0.
  2017 352  0 38 45 485 352.026915344      -6.49      1.50     -2.26  0.       -5675.147       4215.024       -368.701    0.000  -0.139   0.381   0.
  2017 352  0 38 46 485 352.026926918      -6.54      1.54     -2.20  0.       -5674.806       4213.514       -370.485    0.000  -0.139   0.381   0.
  2017 352  0 38 47 485 352.026938492      -6.61      1.53     -2.26  0.       -5674.464       4212.003       -372.268    0.000  -0.139   0.381   0.
  2017 352  0 38 48 485 352.026950067      -6.69      1.54     -2.28  0.       -5674.121       4210.491       -374.052    0.000  -0.138   0.380   0.
  2017 352  0 38 49 485 352.026961641      -6.68      1.57     -2.30  0.       -5673.778       4208.980       -375.835    0.000  -0.138   0.380   0.
  2017 352  0 38 50 485 352.026973215      -6.75      1.60     -2.32  0.       -5673.434       4207.467       -377.619    0.000  -0.139   0.381   0.
  2017 352  0 38 51 485 352.026984789      -6.81      1.64     -2.32  0.       -5673.089       4205.954       -379.402    0.000  -0.139   0.381   0.
  2017 352  0 38 52 485 352.026996363      -6.86      1.69     -2.31  0.       -5672.744       4204.441       -381.186    0.000  -0.138   0.380   0.
  2017 352  0 38 53 485 352.027007937      -6.91      1.82     -2.29  0.       -5672.397       4202.927       -382.969    0.000  -0.138   0.380   0.
  2017 352  0 38 54 485 352.027019511      -6.97      1.89     -2.35  0.       -5672.051       4201.413       -384.752    0.000  -0.138   0.380   0.
  2017 352  0 38 55 485 352.027031085      -7.06      1.96     -2.35  0.       -5671.703       4199.898       -386.535    0.000  -0.138   0.380   0.
  2017 352  0 38 56 485 352.027042659      -7.08      2.03     -2.37  0.       -5671.355       4198.382       -388.319    0.000  -0.139   0.381   0.
  2017 352  0 38 57 485 352.027054233      -7.16      2.09     -2.40  0.       -5671.006       4196.866       -390.102    0.000  -0.139   0.381   0.
  2017 352  0 38 58 485 352.027065807      -7.18      2.17     -2.43  0.       -5670.656       4195.350       -391.885    0.000  -0.138   0.380   0.
  2017 352  0 38 59 485 352.027077381      -7.23      2.24     -2.46  0.       -5670.306       4193.833       -393.668    0.000  -0.138   0.380   0.
  2017 352  0 39  0 485 352.027088954      -7.28      2.35     -2.48  0.       -5669.955       4192.315       -395.451    0.000  -0.138   0.380   0.
  2017 352  0 39  1 485 352.027100527      -7.38      2.34     -2.52  0.       -5669.604       4190.797       -397.234    0.000  -0.138   0.380   0.
  2017 352  0 39  2 485 352.027112101      -7.43      2.41     -2.55  0.       -5669.251       4189.279       -399.017    0.000  -0.138   0.380   0.
  2017 352  0 39  3 485 352.027123675      -7.44      2.43     -2.62  0.       -5668.898       4187.760       -400.800    0.000  -0.138   0.380   0.
  2017 352  0 39  4 485 352.027135249      -7.50      2.47     -2.64  0.       -5668.544       4186.240       -402.582    0.000  -0.138   0.380   0.
  2017 352  0 39  5 485 352.027146823      -7.49      2.49     -2.69  0.       -5668.190       4184.720       -404.365    0.000  -0.138   0.380   0.
  2017 352  0 39  6 485 352.027158397      -7.46      2.52     -2.73  0.       -5667.835       4183.200       -406.148    0.000  -0.139   0.381   0.
  2017 352  0 39  7 485 352.027169971      -7.50      2.52     -2.75  0.       -5667.479       4181.679       -407.930    0.000  -0.139   0.381   0.
  2017 352  0 39  8 485 352.027181545      -7.52      2.50     -2.79  0.       -5667.122       4180.157       -409.713    0.000  -0.138   0.380   0.
  2017 352  0 39  9 485 352.027193119      -7.51      2.49     -2.83  0.       -5666.765       4178.635       -411.496    0.000  -0.138   0.380   0.
  2017 352  0 39 10 485 352.027204693      -7.48      2.47     -2.79  0.       -5666.407       4177.112       -413.278    0.000  -0.139   0.381   0.
  2017 352  0 39 11 485 352.027216267      -7.48      2.46     -2.79  0.       -5666.049       4175.589       -415.061    0.000  -0.139   0.381   0.
  2017 352  0 39 12 485 352.027227841      -7.51      2.46     -2.76  0.       -5665.690       4174.065       -416.843    0.000  -0.138   0.380   0.
  2017 352  0 39 13 485 352.027239415      -7.42      2.47     -2.73  0.       -5665.330       4172.541       -418.625    0.000  -0.138   0.380   0.
  2017 352  0 39 14 485 352.027250990      -7.45      2.43     -2.73  0.       -5664.969       4171.017       -420.408    0.000  -0.139   0.381   0.
  2017 352  0 39 15 485 352.027262564      -7.39      2.44     -2.73  0.       -5664.608       4169.492       -422.190    0.000  -0.139   0.381   0.
  2017 352  0 39 16 485 352.027274138      -7.41      2.41     -2.76  0.       -5664.246       4167.966       -423.972    0.000  -0.139   0.381   0.
  2017 352  0 39 17 485 352.027285712      -7.43      2.38     -2.74  0.       -5663.883       4166.440       -425.754    0.000  -0.139   0.381   0.
  2017 352  0 39 18 485 352.027297286      -7.39      2.36     -2.80  0.       -5663.519       4164.913       -427.536    0.000  -0.138   0.380   0.
  2017 352  0 39 19 485 352.027308860      -7.41      2.35     -2.78  0.       -5663.155       4163.386       -429.318    0.000  -0.138   0.380   0.
  2017 352  0 39 20 485 352.027320434      -7.36      2.31     -2.82  0.       -5662.790       4161.858       -431.100    0.000  -0.139   0.381   0.
  2017 352  0 39 21 485 352.027332008      -7.39      2.28     -2.82  0.       -5662.425       4160.330       -432.882    0.000  -0.139   0.381   0.
  2017 352  0 39 22 485 352.027343582      -7.40      2.26     -2.77  0.       -5662.059       4158.801       -434.664    0.000  -0.139   0.381   0.
  2017 352  0 39 23 485 352.027355156      -7.40      2.22     -2.79  0.       -5661.692       4157.272       -436.446    0.000  -0.139   0.381   0.
  2017 352  0 39 24 485 352.027366730      -7.40      2.21     -2.75  0.       -5661.324       4155.742       -438.228    0.000  -0.139   0.381   0.
  2017 352  0 39 25 485 352.027378304      -7.39      2.16     -2.80  0.       -5660.956       4154.212       -440.009    0.000  -0.139   0.381   0.
  2017 352  0 39 26 485 352.027389879      -7.42      2.16     -2.73  0.       -5660.587       4152.681       -441.791    0.000  -0.139   0.381   0.
  2017 352  0 39 27 485 352.027401453      -7.40      2.10     -2.68  0.       -5660.217       4151.150       -443.573    0.000  -0.139   0.381   0.
  2017 352  0 39 28 485 352.027413027      -7.51      2.03     -2.65  0.       -5659.847       4149.618       -445.354    0.000  -0.138   0.380   0.
  2017 352  0 39 29 485 352.027424601      -7.51      1.99     -2.63  0.       -5659.476       4148.086       -447.136    0.000  -0.138   0.380   0.
  2017 352  0 39 30 485 352.027436173      -7.49      1.91     -2.61  0.       -5659.104       4146.553       -448.917    0.000  -0.139   0.381   0.
  2017 352  0 39 31 485 352.027447746      -7.47      1.88     -2.58  0.       -5658.732       4145.020       -450.698    0.000  -0.139   0.381   0.
  2017 352  0 39 32 485 352.027459320      -7.45      1.84     -2.60  0.       -5658.358       4143.486       -452.480    0.000  -0.138   0.380   0.
  2017 352  0 39 33 485 352.027470894      -7.46      1.86     -2.53  0.       -5657.985       4141.952       -454.261    0.000  -0.138   0.380   0.
  2017 352  0 39 34 485 352.027482468      -7.45      1.81     -2.51  0.       -5657.610       4140.417       -456.042    0.000  -0.138   0.380   0.
  2017 352  0 39 35 485 352.027494042      -7.49      1.82     -2.47  0.       -5657.235       4138.881       -457.823    0.000  -0.138   0.380   0.
  2017 352  0 39 36 485 352.027505616      -7.46      1.83     -2.47  0.       -5656.859       4137.346       -459.605    0.000  -0.139   0.381   0.
  2017 352  0 39 37 485 352.027517190      -7.49      1.83     -2.46  0.       -5656.482       4135.809       -461.386    0.000  -0.139   0.381   0.
  2017 352  0 39 38 485 352.027528764      -7.56      1.82     -2.47  0.       -5656.105       4134.272       -463.167    0.000  -0.138   0.380   0.
  2017 352  0 39 39 485 352.027540339      -7.58      1.76     -2.41  0.       -5655.727       4132.735       -464.947    0.000  -0.138   0.380   0.
  2017 352  0 39 40 485 352.027551913      -7.64      1.73     -2.31  0.       -5655.348       4131.197       -466.728    0.000  -0.139   0.381   0.
  2017 352  0 39 41 485 352.027563487      -7.66      1.65     -2.33  0.       -5654.969       4129.659       -468.509    0.000  -0.139   0.381   0.
  2017 352  0 39 42 485 352.027575061      -7.68      1.61     -2.28  0.       -5654.588       4128.120       -470.290    0.000  -0.139   0.381   0.
  2017 352  0 39 43 485 352.027586635      -7.63      1.56     -2.27  0.       -5654.208       4126.580       -472.071    0.000  -0.139   0.381   0.
  2017 352  0 39 44 485 352.027598209      -7.66      1.55     -2.25  0.       -5653.826       4125.040       -473.851    0.000  -0.138   0.380   0.
  2017 352  0 39 45 485 352.027609783      -7.59      1.54     -2.20  0.       -5653.444       4123.500       -475.632    0.000  -0.138   0.380   0.
  2017 352  0 39 46 485 352.027621357      -7.59      1.53     -2.15  0.       -5653.061       4121.959       -477.412    0.000  -0.139   0.381   0.
  2017 352  0 39 47 485 352.027632931      -7.60      1.51     -2.12  0.       -5652.677       4120.417       -479.193    0.000  -0.139   0.381   0.
  2017 352  0 39 48 485 352.027644505      -7.53      1.49     -2.05  0.       -5652.293       4118.875       -480.973    0.000  -0.139   0.381   0.
  2017 352  0 39 49 485 352.027656079      -7.54      1.45     -2.04  0.       -5651.908       4117.333       -482.753    0.000  -0.139   0.381   0.
  2017 352  0 39 50 485 352.027667653      -7.53      1.43     -2.02  0.       -5651.522       4115.790       -484.534    0.000  -0.138   0.380   0.
  2017 352  0 39 51 485 352.027679227      -7.60      1.39     -2.02  0.       -5651.135       4114.246       -486.314    0.000  -0.138   0.380   0.
  2017 352  0 39 52 485 352.027690802      -7.56      1.41     -2.01  0.       -5650.748       4112.702       -488.094    0.000  -0.139   0.381   0.
  2017 352  0 39 53 485 352.027702376      -7.51      1.39     -2.03  0.       -5650.360       4111.157       -489.874    0.000  -0.139   0.381   0.
  2017 352  0 39 54 485 352.027713950      -7.49      1.36     -2.04  0.       -5649.972       4109.612       -491.654    0.000  -0.139   0.381   0.
  2017 352  0 39 55 485 352.027725524      -7.46      1.34     -2.03  0.       -5649.582       4108.067       -493.434    0.000  -0.139   0.381   0.
  2017 352  0 39 56 485 352.027737098      -7.49      1.30     -2.06  0.       -5649.193       4106.521       -495.214    0.000  -0.139   0.381   0.
  2017 352  0 39 57 485 352.027748672      -7.47      1.26     -2.09  0.       -5648.802       4104.974       -496.994    0.000  -0.139   0.381   0.
  2017 352  0 39 58 485 352.027760246      -7.43      1.24     -2.14  0.       -5648.410       4103.427       -498.774    0.000  -0.139   0.381   0.
  2017 352  0 39 59 485 352.027771820      -7.45      1.22     -2.14  0.       -5648.018       4101.879       -500.553    0.000  -0.139   0.381   0.
  2017 352  0 40  0 484 352.027783392      -7.46      1.16     -2.17  0.       -5647.625       4100.331       -502.333    0.000  -0.138   0.380   0.
  2017 352  0 40  1 484 352.027794965      -7.45      1.14     -2.16  0.       -5647.232       4098.782       -504.113    0.000  -0.138   0.380   0.
  2017 352  0 40  2 484 352.027806539      -7.45      1.13     -2.18  0.       -5646.838       4097.233       -505.892    0.000  -0.139   0.381   0.
  2017 352  0 40  3 485 352.027818113      -7.46      1.12     -2.20  0.       -5646.443       4095.683       -507.672    0.000  -0.139   0.381   0.
  2017 352  0 40  4 485 352.027829687      -7.48      1.16     -2.17  0.       -5646.047       4094.133       -509.451    0.000  -0.139   0.381   0.
  2017 352  0 40  5 484 352.027841262      -7.52      1.16     -2.22  0.       -5645.651       4092.582       -511.230    0.000  -0.139   0.381   0.
  2017 352  0 40  6 485 352.027852836      -7.56      1.21     -2.19  0.       -5645.254       4091.031       -513.010    0.000  -0.138   0.380   0.
  2017 352  0 40  7 485 352.027864410      -7.57      1.21     -2.26  0.       -5644.856       4089.480       -514.789    0.000  -0.138   0.380   0.
  2017 352  0 40  8 485 352.027875984      -7.62      1.22     -2.27  0.       -5644.458       4087.927       -516.568    0.000  -0.139   0.381   0.
  2017 352  0 40  9 485 352.027887558      -7.61      1.20     -2.32  0.       -5644.058       4086.374       -518.347    0.000  -0.139   0.381   0.
  2017 352  0 40 10 485 352.027899132      -7.65      1.19     -2.34  0.       -5643.659       4084.821       -520.126    0.000  -0.139   0.381   0.
  2017 352  0 40 11 484 352.027910706      -7.64      1.21     -2.40  0.       -5643.258       4083.267       -521.905    0.000  -0.139   0.381   0.
  2017 352  0 40 12 484 352.027922280      -7.65      1.19     -2.46  0.       -5642.857       4081.713       -523.684    0.000  -0.138   0.380   0.
  2017 352  0 40 13 484 352.027933854      -7.66      1.20     -2.47  0.       -5642.455       4080.158       -525.463    0.000  -0.138   0.380   0.
  2017 352  0 40 14 484 352.027945428      -7.62      1.14     -2.52  0.       -5642.052       4078.603       -527.241    0.000  -0.138   0.380   0.
  2017 352  0 40 15 484 352.027957002      -7.60      1.13     -2.56  0.       -5641.648       4077.047       -529.020    0.000  -0.138   0.380   0.
  2017 352  0 40 16 485 352.027968576      -7.48      1.07     -2.61  0.       -5641.244       4075.491       -530.799    0.000  -0.139   0.381   0.
  2017 352  0 40 17 485 352.027980150      -7.53      1.01     -2.65  0.       -5640.839       4073.934       -532.577    0.000  -0.139   0.381   0.
  2017 352  0 40 18 484 352.027991725      -7.47      0.96     -2.67  0.       -5640.434       4072.376       -534.356    0.000  -0.139   0.381   0.
  2017 352  0 40 19 484 352.028003299      -7.45      0.90     -2.71  0.       -5640.028       4070.818       -536.134    0.000  -0.139   0.381   0.
  2017 352  0 40 20 485 352.028014873      -7.48      0.82     -2.69  0.       -5639.621       4069.260       -537.912    0.000  -0.138   0.380   0.
  2017 352  0 40 21 485 352.028026447      -7.39      0.79     -2.74  0.       -5639.213       4067.701       -539.691    0.000  -0.138   0.380   0.
  2017 352  0 40 22 485 352.028038021      -7.35      0.77     -2.74  0.       -5638.804       4066.142       -541.469    0.000  -0.138   0.380   0.
  2017 352  0 40 23 485 352.028049595      -7.37      0.71     -2.76  0.       -5638.395       4064.582       -543.247    0.000  -0.138   0.380   0.
  2017 352  0 40 24 485 352.028061169      -7.35      0.69     -2.79  0.       -5637.985       4063.021       -545.025    0.000  -0.139   0.381   0.
  2017 352  0 40 25 484 352.028072743      -7.34      0.67     -2.82  0.       -5637.575       4061.460       -546.803    0.000  -0.139   0.381   0.
  2017 352  0 40 26 484 352.028084317      -7.30      0.66     -2.87  0.       -5637.164       4059.899       -548.581    0.000  -0.138   0.380   0.
  2017 352  0 40 27 484 352.028095891      -7.27      0.63     -2.88  0.       -5636.752       4058.337       -550.359    0.000  -0.138   0.380   0.
  2017 352  0 40 28 484 352.028107465      -7.27      0.62     -2.92  0.       -5636.339       4056.774       -552.137    0.000  -0.138   0.380   0.
  2017 352  0 40 29 484 352.028119039      -7.13      0.59     -2.97  0.       -5635.926       4055.211       -553.914    0.000  -0.138   0.380   0.
  2017 352  0 40 30 485 352.028130612      -7.09      0.55     -2.96  0.       -5635.511       4053.647       -555.692    0.000  -0.139   0.381   0.
  2017 352  0 40 31 484 352.028142185      -7.10      0.54     -3.00  0.       -5635.096       4052.083       -557.469    0.000  -0.139   0.381   0.
  2017 352  0 40 32 484 352.028153759      -7.04      0.52     -2.96  0.       -5634.681       4050.519       -559.247    0.000  -0.138   0.380   0.
  2017 352  0 40 33 484 352.028165333      -6.97      0.50     -3.00  0.       -5634.265       4048.954       -561.024    0.000  -0.138   0.380   0.
  2017 352  0 40 34 484 352.028176907      -6.96      0.43     -2.97  0.       -5633.848       4047.388       -562.802    0.000  -0.139   0.381   0.
  2017 352  0 40 35 484 352.028188481      -6.86      0.33     -3.02  0.       -5633.430       4045.822       -564.579    0.000  -0.139   0.381   0.
  2017 352  0 40 36 484 352.028200055      -6.76      0.23     -3.06  0.       -5633.012       4044.255       -566.356    0.000  -0.139   0.381   0.
  2017 352  0 40 37 484 352.028211629      -6.79      0.09     -3.06  0.       -5632.593       4042.688       -568.133    0.000  -0.139   0.381   0.
  2017 352  0 40 38 484 352.028223203      -6.77      0.01     -3.10  0.       -5632.173       4041.120       -569.910    0.000  -0.138   0.380   0.
  2017 352  0 40 39 484 352.028234777      -6.74     -0.06     -3.08  0.       -5631.752       4039.552       -571.687    0.000  -0.138   0.380   0.
  2017 352  0 40 40 484 352.028246351      -6.73     -0.20     -3.11  0.       -5631.331       4037.984       -573.464    0.000  -0.139   0.381   0.
  2017 352  0 40 41 484 352.028257925      -6.69     -0.32     -3.09  0.       -5630.909       4036.414       -575.241    0.000  -0.139   0.381   0.
  2017 352  0 40 42 484 352.028269499      -6.68     -0.45     -3.15  0.       -5630.486       4034.845       -577.018    0.000  -0.138   0.380   0.
  2017 352  0 40 43 484 352.028281073      -6.67     -0.48     -3.14  0.       -5630.063       4033.274       -578.795    0.000  -0.138   0.380   0.
  2017 352  0 40 44 484 352.028292648      -6.68     -0.54     -3.17  0.       -5629.639       4031.704       -580.571    0.000  -0.139   0.381   0.
  2017 352  0 40 45 484 352.028304222      -6.70     -0.58     -3.19  0.       -5629.214       4030.132       -582.348    0.000  -0.139   0.381   0.
  2017 352  0 40 46 484 352.028315796      -6.64     -0.58     -3.19  0.       -5628.788       4028.560       -584.124    0.000  -0.139   0.381   0.
  2017 352  0 40 47 484 352.028327370      -6.72     -0.65     -3.22  0.       -5628.362       4026.988       -585.901    0.000  -0.139   0.381   0.
  2017 352  0 40 48 484 352.028338944      -6.74     -0.61     -3.25  0.       -5627.935       4025.415       -587.677    0.000  -0.139   0.381   0.
  2017 352  0 40 49 484 352.028350518      -6.70     -0.63     -3.28  0.       -5627.507       4023.842       -589.453    0.000  -0.139   0.381   0.
  2017 352  0 40 50 484 352.028362092      -6.76     -0.61     -3.27  0.       -5627.079       4022.268       -591.229    0.000  -0.138   0.380   0.
  2017 352  0 40 51 484 352.028373666      -6.69     -0.62     -3.30  0.       -5626.650       4020.694       -593.005    0.000  -0.138   0.380   0.
  2017 352  0 40 52 484 352.028385240      -6.68     -0.58     -3.32  0.       -5626.220       4019.119       -594.781    0.000  -0.139   0.381   0.
  2017 352  0 40 53 484 352.028396814      -6.71     -0.60     -3.34  0.       -5625.789       4017.543       -596.558    0.000  -0.139   0.381   0.
  2017 352  0 40 54 484 352.028408388      -6.72     -0.62     -3.36  0.       -5625.358       4015.967       -598.333    0.000  -0.138   0.380   0.
  2017 352  0 40 55 484 352.028419962      -6.70     -0.58     -3.39  0.       -5624.926       4014.391       -600.109    0.000  -0.138   0.380   0.
  2017 352  0 40 56 484 352.028431536      -6.74     -0.60     -3.40  0.       -5624.493       4012.814       -601.885    0.000  -0.139   0.381   0.
  2017 352  0 40 57 484 352.028443111      -6.77     -0.55     -3.41  0.       -5624.059       4011.237       -603.660    0.000  -0.139   0.381   0.
  2017 352  0 40 58 484 352.028454685      -6.74     -0.56     -3.43  0.       -5623.625       4009.659       -605.436    0.000  -0.139   0.381   0.
  2017 352  0 40 59 484 352.028466259      -6.79     -0.53     -3.44  0.       -5623.190       4008.080       -607.212    0.000  -0.139   0.381   0.
  2017 352  0 41  0 484 352.028477831      -6.82     -0.54     -3.46  0.       -5622.754       4006.501       -608.987    0.000  -0.138   0.380   0.
  2017 352  0 41  1 484 352.028489404      -6.80     -0.54     -3.50  0.       -5622.318       4004.922       -610.762    0.000  -0.138   0.380   0.
  2017 352  0 41  2 484 352.028500978      -6.87     -0.55     -3.55  0.       -5621.881       4003.342       -612.537    0.000  -0.139   0.381   0.
  2017 352  0 41  3 484 352.028512552      -6.93     -0.56     -3.58  0.       -5621.443       4001.761       -614.313    0.000  -0.139   0.381   0.
  2017 352  0 41  4 484 352.028524126      -6.93     -0.53     -3.58  0.       -5621.005       4000.180       -616.088    0.000  -0.138   0.380   0.
  2017 352  0 41  5 484 352.028535700      -6.87     -0.49     -3.59  0.       -5620.565       3998.598       -617.863    0.000  -0.138   0.380   0.
  2017 352  0 41  6 484 352.028547274      -6.90     -0.48     -3.63  0.       -5620.125       3997.016       -619.638    0.000  -0.138   0.380   0.
  2017 352  0 41  7 484 352.028558848      -6.86     -0.44     -3.66  0.       -5619.684       3995.434       -621.413    0.000  -0.138   0.380   0.
  2017 352  0 41  8 484 352.028570422      -6.82     -0.39     -3.68  0.       -5619.243       3993.851       -623.187    0.000  -0.139   0.381   0.
  2017 352  0 41  9 484 352.028581996      -6.84     -0.38     -3.67  0.       -5618.801       3992.267       -624.962    0.000  -0.139   0.381   0.
  2017 352  0 41 10 484 352.028593571      -6.80     -0.35     -3.70  0.       -5618.358       3990.683       -626.736    0.000  -0.139   0.381   0.
  2017 352  0 41 11 484 352.028605145      -6.76     -0.30     -3.71  0.       -5617.914       3989.098       -628.511    0.000  -0.139   0.381   0.
  2017 352  0 41 12 484 352.028616719      -6.75     -0.27     -3.74  0.       -5617.470       3987.513       -630.285    0.000  -0.138   0.380   0.
  2017 352  0 41 13 484 352.028628293      -6.72     -0.24     -3.75  0.       -5617.025       3985.927       -632.060    0.000  -0.138   0.380   0.
  2017 352  0 41 14 484 352.028639867      -6.67     -0.18     -3.71  0.       -5616.579       3984.341       -633.834    0.000  -0.139   0.381   0.
  2017 352  0 41 15 484 352.028651441      -6.64     -0.18     -3.73  0.       -5616.132       3982.754       -635.608    0.000  -0.139   0.381   0.
  2017 352  0 41 16 484 352.028663015      -6.58     -0.12     -3.66  0.       -5615.685       3981.167       -637.382    0.000  -0.138   0.380   0.
  2017 352  0 41 17 484 352.028674589      -6.48     -0.10     -3.63  0.       -5615.237       3979.579       -639.156    0.000  -0.138   0.380   0.
  2017 352  0 41 18 484 352.028686163      -6.46     -0.05     -3.59  0.       -5614.788       3977.991       -640.930    0.000  -0.139   0.381   0.
  2017 352  0 41 19 484 352.028697737      -6.48     -0.05     -3.60  0.       -5614.339       3976.402       -642.704    0.000  -0.139   0.381   0.
  2017 352  0 41 20 484 352.028709311      -6.44     -0.00     -3.55  0.       -5613.889       3974.813       -644.478    0.000  -0.138   0.380   0.
  2017 352  0 41 21 484 352.028720885      -6.39      0.02     -3.46  0.       -5613.438       3973.223       -646.252    0.000  -0.138   0.380   0.
  2017 352  0 41 22 484 352.028732460      -6.41      0.02     -3.40  0.       -5612.986       3971.633       -648.025    0.000  -0.138   0.380   0.
  2017 352  0 41 23 484 352.028744034      -6.40      0.09     -3.34  0.       -5612.534       3970.042       -649.799    0.000  -0.138   0.380   0.
  2017 352  0 41 24 484 352.028755608      -6.42      0.08     -3.27  0.       -5612.081       3968.450       -651.572    0.000  -0.139   0.381   0.
  2017 352  0 41 25 484 352.028767182      -6.43      0.14     -3.17  0.       -5611.627       3966.858       -653.346    0.000  -0.139   0.381   0.
  2017 352  0 41 26 484 352.028778756      -6.38      0.13     -3.11  0.       -5611.172       3965.266       -655.119    0.000  -0.139   0.381   0.
  2017 352  0 41 27 484 352.028790330      -6.49      0.13     -3.06  0.       -5610.717       3963.673       -656.892    0.000  -0.139   0.381   0.
  2017 352  0 41 28 484 352.028801902      -6.53      0.10     -3.05  0.       -5610.261       3962.080       -658.665    0.000  -0.138   0.380   0.
  2017 352  0 41 29 484 352.028813475      -6.53      0.11     -3.01  0.       -5609.804       3960.486       -660.438    0.000  -0.138   0.380   0.
  2017 352  0 41 30 484 352.028825049      -6.56      0.09     -3.00  0.       -5609.347       3958.891       -662.211    0.000  -0.138   0.380   0.
  2017 352  0 41 31 484 352.028836623      -6.54      0.11     -2.96  0.       -5608.888       3957.296       -663.984    0.000  -0.138   0.380   0.
  2017 352  0 41 32 484 352.028848197      -6.54      0.11     -2.92  0.       -5608.429       3955.701       -665.757    0.000  -0.139   0.381   0.
  2017 352  0 41 33 484 352.028859771      -6.57      0.06     -2.92  0.       -5607.970       3954.105       -667.529    0.000  -0.139   0.381   0.
  2017 352  0 41 34 484 352.028871345      -6.59      0.05     -2.92  0.       -5607.509       3952.508       -669.302    0.000  -0.139   0.381   0.
  2017 352  0 41 35 484 352.028882920      -6.61      0.01     -2.91  0.       -5607.048       3950.911       -671.074    0.000  -0.139   0.381   0.
  2017 352  0 41 36 484 352.028894494      -6.65     -0.02     -2.91  0.       -5606.586       3949.313       -672.847    0.000  -0.138   0.380   0.
  2017 352  0 41 37 484 352.028906068      -6.68     -0.07     -2.85  0.       -5606.124       3947.715       -674.619    0.000  -0.138   0.380   0.
  2017 352  0 41 38 484 352.028917642      -6.71     -0.09     -2.85  0.       -5605.660       3946.117       -676.391    0.000  -0.139   0.381   0.
  2017 352  0 41 39 484 352.028929216      -6.81     -0.13     -2.84  0.       -5605.196       3944.517       -678.163    0.000  -0.139   0.381   0.
  2017 352  0 41 40 484 352.028940790      -6.83     -0.17     -2.81  0.       -5604.731       3942.918       -679.935    0.000  -0.139   0.381   0.
  2017 352  0 41 41 484 352.028952364      -6.90     -0.19     -2.79  0.       -5604.266       3941.318       -681.707    0.000  -0.139   0.381   0.
  2017 352  0 41 42 484 352.028963938      -6.97     -0.25     -2.77  0.       -5603.799       3939.717       -683.479    0.000  -0.138   0.380   0.
  2017 352  0 41 43 484 352.028975512      -7.01     -0.29     -2.83  0.       -5603.332       3938.116       -685.251    0.000  -0.138   0.380   0.
  2017 352  0 41 44 484 352.028987086      -7.08     -0.30     -2.81  0.       -5602.865       3936.514       -687.022    0.000  -0.139   0.381   0.
  2017 352  0 41 45 484 352.028998660      -7.15     -0.34     -2.88  0.       -5602.396       3934.912       -688.794    0.000  -0.139   0.381   0.
  2017 352  0 41 46 484 352.029010234      -7.14     -0.32     -2.88  0.       -5601.927       3933.309       -690.566    0.000  -0.139   0.381   0.
  2017 352  0 41 47 484 352.029021808      -7.15     -0.33     -2.95  0.       -5601.457       3931.706       -692.337    0.000  -0.139   0.381   0.
  2017 352  0 41 48 484 352.029033383      -7.23     -0.34     -2.95  0.       -5600.986       3930.102       -694.108    0.000  -0.139   0.381   0.
  2017 352  0 41 49 484 352.029044957      -7.24     -0.32     -2.97  0.       -5600.515       3928.498       -695.879    0.000  -0.139   0.381   0.
  2017 352  0 41 50 484 352.029056531      -7.30     -0.32     -3.02  0.       -5600.043       3926.893       -697.651    0.000  -0.139   0.381   0.
  2017 352  0 41 51 484 352.029068105      -7.36     -0.32     -3.05  0.       -5599.570       3925.287       -699.422    0.000  -0.139   0.381   0.
  2017 352  0 41 52 484 352.029079679      -7.43     -0.34     -3.14  0.       -5599.096       3923.681       -701.193    0.000  -0.139   0.381   0.
  2017 352  0 41 53 484 352.029091253      -7.43     -0.30     -3.14  0.       -5598.622       3922.075       -702.963    0.000  -0.139   0.381   0.
  2017 352  0 41 54 484 352.029102827      -7.43     -0.30     -3.22  0.       -5598.146       3920.468       -704.734    0.000  -0.138   0.380   0.
  2017 352  0 41 55 484 352.029114401      -7.41     -0.25     -3.24  0.       -5597.671       3918.861       -706.505    0.000  -0.138   0.380   0.
  2017 352  0 41 56 484 352.029125975      -7.40     -0.29     -3.27  0.       -5597.194       3917.253       -708.275    0.000  -0.138   0.380   0.
  2017 352  0 41 57 484 352.029137549      -7.41     -0.23     -3.27  0.       -5596.717       3915.644       -710.046    0.000  -0.138   0.380   0.
  2017 352  0 41 58 484 352.029149121      -7.39     -0.22     -3.31  0.       -5596.238       3914.035       -711.816    0.000  -0.139   0.381   0.
  2017 352  0 41 59 484 352.029160694      -7.40     -0.21     -3.29  0.       -5595.760       3912.426       -713.586    0.000  -0.139   0.381   0.
  2017 352  0 42  0 483 352.029172268      -7.39     -0.21     -3.26  0.       -5595.280       3910.816       -715.357    0.000  -0.139   0.381   0.
  2017 352  0 42  1 483 352.029183843      -7.33     -0.21     -3.27  0.       -5594.800       3909.205       -717.127    0.000  -0.139   0.381   0.
  2017 352  0 42  2 484 352.029195417      -7.32     -0.20     -3.28  0.       -5594.319       3907.594       -718.897    0.000  -0.138   0.380   0.
  2017 352  0 42  3 484 352.029206991      -7.28     -0.24     -3.28  0.       -5593.837       3905.983       -720.667    0.000  -0.138   0.380   0.
  2017 352  0 42  4 484 352.029218565      -7.31     -0.24     -3.27  0.       -5593.354       3904.371       -722.436    0.000  -0.138   0.380   0.
  2017 352  0 42  5 484 352.029230139      -7.28     -0.28     -3.23  0.       -5592.871       3902.758       -724.206    0.000  -0.138   0.380   0.
  2017 352  0 42  6 484 352.029241713      -7.33     -0.31     -3.25  0.       -5592.387       3901.145       -725.976    0.000  -0.139   0.381   0.
  2017 352  0 42  7 483 352.029253287      -7.27     -0.32     -3.25  0.       -5591.902       3899.531       -727.745    0.000  -0.139   0.381   0.
  2017 352  0 42  8 483 352.029264861      -7.25     -0.32     -3.28  0.       -5591.417       3897.917       -729.515    0.000  -0.138   0.380   0.
  2017 352  0 42  9 483 352.029276435      -7.23     -0.32     -3.26  0.       -5590.930       3896.302       -731.284    0.000  -0.138   0.380   0.
  2017 352  0 42 10 483 352.029288009      -7.19     -0.31     -3.25  0.       -5590.443       3894.687       -733.053    0.000  -0.138   0.380   0.
  2017 352  0 42 11 483 352.029299583      -7.21     -0.35     -3.23  0.       -5589.956       3893.072       -734.822    0.000  -0.138   0.380   0.
  2017 352  0 42 12 484 352.029311157      -7.18     -0.33     -3.21  0.       -5589.467       3891.455       -736.591    0.000  -0.139   0.381   0.
  2017 352  0 42 13 484 352.029322731      -7.20     -0.36     -3.25  0.       -5588.978       3889.839       -738.360    0.000  -0.139   0.381   0.
  2017 352  0 42 14 483 352.029334306      -7.12     -0.31     -3.22  0.       -5588.488       3888.221       -740.129    0.000  -0.138   0.380   0.
  2017 352  0 42 15 483 352.029345880      -7.07     -0.32     -3.25  0.       -5587.997       3886.604       -741.898    0.000  -0.138   0.380   0.
  2017 352  0 42 16 484 352.029357454      -7.03     -0.26     -3.19  0.       -5587.506       3884.985       -743.666    0.000  -0.139   0.381   0.
  2017 352  0 42 17 484 352.029369028      -7.04     -0.26     -3.20  0.       -5587.014       3883.366       -745.435    0.000  -0.139   0.381   0.
  2017 352  0 42 18 484 352.029380602      -7.01     -0.21     -3.12  0.       -5586.521       3881.747       -747.203    0.000  -0.139   0.381   0.
  2017 352  0 42 19 484 352.029392176      -6.98     -0.22     -3.15  0.       -5586.027       3880.127       -748.972    0.000  -0.139   0.381   0.
  2017 352  0 42 20 484 352.029403750      -6.96     -0.21     -3.15  0.       -5585.532       3878.507       -750.740    0.000  -0.138   0.380   0.
  2017 352  0 42 21 483 352.029415324      -6.92     -0.22     -3.14  0.       -5585.037       3876.886       -752.508    0.000  -0.138   0.380   0.
  2017 352  0 42 22 483 352.029426898      -6.89     -0.25     -3.18  0.       -5584.541       3875.265       -754.276    0.000  -0.138   0.380   0.
  2017 352  0 42 23 483 352.029438472      -6.99     -0.27     -3.16  0.       -5584.045       3873.643       -756.044    0.000  -0.138   0.380   0.
  2017 352  0 42 24 483 352.029450046      -6.93     -0.30     -3.15  0.       -5583.547       3872.020       -757.812    0.000  -0.139   0.381   0.
  2017 352  0 42 25 484 352.029461620      -6.95     -0.28     -3.17  0.       -5583.049       3870.397       -759.580    0.000  -0.139   0.381   0.
  2017 352  0 42 26 484 352.029473194      -6.90     -0.28     -3.17  0.       -5582.550       3868.774       -761.347    0.000  -0.139   0.381   0.
  2017 352  0 42 27 483 352.029484769      -6.88     -0.26     -3.17  0.       -5582.050       3867.150       -763.115    0.000  -0.139   0.381   0.
  2017 352  0 42 28 499 352.029496521      -6.84     -0.27     -3.16  0.       -5581.542       3865.500       -764.910    0.000  -0.139   0.381   0.
  2017 352  0 42 29 515 352.029508275      -6.86     -0.28     -3.16  0.       -5581.033       3863.849       -766.705    0.000  -0.139   0.381   0.
  2017 352  0 42 30 514 352.029519850      -6.84     -0.27     -3.19  0.       -5580.531       3862.224       -768.472    0.000  -0.138   0.380   0.
  2017 352  0 42 31 514 352.029531424      -6.84     -0.28     -3.17  0.       -5580.028       3860.598       -770.239    0.000  -0.138   0.380   0.
  2017 352  0 42 32 515 352.029542998      -6.95     -0.32     -3.18  0.       -5579.525       3858.971       -772.006    0.000  -0.139   0.381   0.
  2017 352  0 42 33 515 352.029554572      -6.91     -0.35     -3.22  0.       -5579.021       3857.344       -773.773    0.000  -0.139   0.381   0.
  2017 352  0 42 34 515 352.029566146      -6.93     -0.33     -3.22  0.       -5578.516       3855.716       -775.540    0.000  -0.139   0.381   0.
  2017 352  0 42 35 515 352.029577720      -6.93     -0.34     -3.21  0.       -5578.010       3854.088       -777.306    0.000  -0.139   0.381   0.
  2017 352  0 42 36 515 352.029589294      -6.92     -0.33     -3.23  0.       -5577.503       3852.459       -779.073    0.000  -0.139   0.381   0.
  2017 352  0 42 37 514 352.029600868      -6.87     -0.32     -3.21  0.       -5576.996       3850.830       -780.839    0.000  -0.139   0.381   0.
  2017 352  0 42 38 514 352.029612442      -6.87     -0.34     -3.22  0.       -5576.488       3849.200       -782.606    0.000  -0.139   0.381   0.
  2017 352  0 42 39 514 352.029624016      -6.84     -0.32     -3.19  0.       -5575.980       3847.570       -784.372    0.000  -0.139   0.381   0.
  2017 352  0 42 40 514 352.029635590      -6.89     -0.37     -3.17  0.       -5575.470       3845.939       -786.138    0.000  -0.139   0.381   0.
  2017 352  0 42 41 514 352.029647164      -6.88     -0.37     -3.16  0.       -5574.960       3844.308       -787.904    0.000  -0.139   0.381   0.
  2017 352  0 42 42 515 352.029658738      -6.88     -0.39     -3.15  0.       -5574.449       3842.677       -789.670    0.000  -0.139   0.381   0.
  2017 352  0 42 43 515 352.029670313      -6.89     -0.43     -3.17  0.       -5573.937       3841.044       -791.436    0.000  -0.139   0.381   0.
  2017 352  0 42 44 514 352.029681887      -6.85     -0.42     -3.16  0.       -5573.425       3839.411       -793.202    0.000  -0.139   0.381   0.
  2017 352  0 42 45 514 352.029693461      -6.87     -0.46     -3.18  0.       -5572.911       3837.778       -794.967    0.000  -0.139   0.381   0.
  2017 352  0 42 46 515 352.029705035      -6.89     -0.45     -3.16  0.       -5572.397       3836.144       -796.733    0.000  -0.139   0.381   0.
  2017 352  0 42 47 515 352.029716609      -6.85     -0.47     -3.21  0.       -5571.883       3834.509       -798.498    0.000  -0.139   0.381   0.
  2017 352  0 42 48 515 352.029728183      -6.87     -0.45     -3.18  0.       -5571.367       3832.874       -800.263    0.000  -0.139   0.381   0.
  2017 352  0 42 49 515 352.029739757      -6.85     -0.47     -3.22  0.       -5570.851       3831.239       -802.029    0.000  -0.139   0.381   0.
  2017 352  0 42 50 514 352.029751331      -6.85     -0.48     -3.20  0.       -5570.334       3829.603       -803.794    0.000  -0.138   0.380   0.
  2017 352  0 42 51 514 352.029762905      -6.84     -0.50     -3.23  0.       -5569.816       3827.966       -805.559    0.000  -0.138   0.380   0.
  2017 352  0 42 52 514 352.029774479      -6.86     -0.54     -3.21  0.       -5569.298       3826.329       -807.323    0.000  -0.139   0.381   0.
  2017 352  0 42 53 514 352.029786053      -6.85     -0.54     -3.21  0.       -5568.778       3824.692       -809.088    0.000  -0.139   0.381   0.
  2017 352  0 42 54 514 352.029797627      -6.85     -0.60     -3.24  0.       -5568.258       3823.054       -810.853    0.000  -0.139   0.381   0.
  2017 352  0 42 55 515 352.029809201      -6.83     -0.63     -3.22  0.       -5567.737       3821.415       -812.617    0.000  -0.139   0.381   0.
  2017 352  0 42 56 515 352.029820774      -6.85     -0.66     -3.27  0.       -5567.216       3819.776       -814.382    0.000  -0.139   0.381   0.
  2017 352  0 42 57 514 352.029832347      -6.88     -0.64     -3.28  0.       -5566.693       3818.136       -816.146    0.000  -0.139   0.381   0.
  2017 352  0 42 58 514 352.029843921      -6.87     -0.68     -3.25  0.       -5566.170       3816.496       -817.910    0.000  -0.139   0.381   0.
  2017 352  0 42 59 514 352.029855495      -6.84     -0.65     -3.24  0.       -5565.647       3814.856       -819.674    0.000  -0.139   0.381   0.
  2017 352  0 43  0 514 352.029867069      -6.80     -0.66     -3.26  0.       -5565.122       3813.215       -821.438    0.000  -0.139   0.381   0.
  2017 352  0 43  1 514 352.029878643      -6.75     -0.66     -3.30  0.       -5564.597       3811.573       -823.202    0.000  -0.139   0.381   0.
  2017 352  0 43  2 514 352.029890217      -6.74     -0.66     -3.29  0.       -5564.071       3809.931       -824.966    0.000  -0.139   0.381   0.
  2017 352  0 43  3 514 352.029901791      -6.71     -0.68     -3.31  0.       -5563.544       3808.288       -826.729    0.000  -0.139   0.381   0.
  2017 352  0 43  4 514 352.029913365      -6.73     -0.70     -3.29  0.       -5563.016       3806.645       -828.493    0.000  -0.139   0.381   0.
  2017 352  0 43  5 514 352.029924939      -6.78     -0.71     -3.26  0.       -5562.488       3805.001       -830.256    0.000  -0.139   0.381   0.
  2017 352  0 43  6 514 352.029936513      -6.75     -0.69     -3.27  0.       -5561.959       3803.357       -832.020    0.000  -0.139   0.381   0.
  2017 352  0 43  7 514 352.029948087      -6.76     -0.71     -3.27  0.       -5561.429       3801.712       -833.783    0.000  -0.139   0.381   0.
  2017 352  0 43  8 514 352.029959661      -6.75     -0.68     -3.28  0.       -5560.898       3800.066       -835.546    0.000  -0.139   0.381   0.
  2017 352  0 43  9 514 352.029971236      -6.78     -0.69     -3.26  0.       -5560.366       3798.421       -837.309    0.000  -0.139   0.381   0.
  2017 352  0 43 10 514 352.029982810      -6.79     -0.69     -3.28  0.       -5559.834       3796.774       -839.072    0.000  -0.139   0.381   0.
  2017 352  0 43 11 514 352.029994384      -6.84     -0.68     -3.26  0.       -5559.301       3795.127       -840.834    0.000  -0.139   0.381   0.
  2017 352  0 43 12 514 352.030005958      -6.86     -0.70     -3.32  0.       -5558.768       3793.480       -842.597    0.000  -0.139   0.381   0.
  2017 352  0 43 13 514 352.030017532      -6.89     -0.67     -3.28  0.       -5558.233       3791.832       -844.359    0.000  -0.139   0.381   0.
  2017 352  0 43 14 514 352.030029106      -6.89     -0.66     -3.29  0.       -5557.698       3790.183       -846.122    0.000  -0.139   0.381   0.
  2017 352  0 43 15 514 352.030040680      -6.92     -0.66     -3.30  0.       -5557.162       3788.534       -847.884    0.000  -0.139   0.381   0.
  2017 352  0 43 16 514 352.030052254      -6.91     -0.70     -3.28  0.       -5556.625       3786.885       -849.646    0.000  -0.139   0.381   0.
  2017 352  0 43 17 514 352.030063828      -6.92     -0.72     -3.29  0.       -5556.088       3785.235       -851.408    0.000  -0.139   0.381   0.
  2017 352  0 43 18 514 352.030075402      -6.94     -0.72     -3.27  0.       -5555.549       3783.584       -853.170    0.000  -0.139   0.381   0.
  2017 352  0 43 19 514 352.030086976      -6.93     -0.71     -3.28  0.       -5555.010       3781.933       -854.932    0.000  -0.139   0.381   0.
  2017 352  0 43 20 514 352.030098550      -6.96     -0.67     -3.25  0.       -5554.470       3780.282       -856.693    0.000  -0.139   0.381   0.
  2017 352  0 43 21 514 352.030110124      -6.98     -0.68     -3.30  0.       -5553.930       3778.630       -858.455    0.000  -0.139   0.381   0.
  2017 352  0 43 22 514 352.030121698      -6.99     -0.63     -3.27  0.       -5553.388       3776.977       -860.216    0.000  -0.139   0.381   0.
  2017 352  0 43 23 514 352.030133273      -6.99     -0.66     -3.30  0.       -5552.846       3775.324       -861.977    0.000  -0.139   0.381   0.
  2017 352  0 43 24 514 352.030144847      -7.05     -0.64     -3.31  0.       -5552.303       3773.670       -863.739    0.000  -0.139   0.381   0.
  2017 352  0 43 25 514 352.030156421      -7.04     -0.63     -3.30  0.       -5551.760       3772.016       -865.500    0.000  -0.139   0.381   0.
  2017 352  0 43 26 514 352.030167993      -7.11     -0.61     -3.30  0.       -5551.215       3770.361       -867.261    0.000  -0.139   0.381   0.
  2017 352  0 43 27 514 352.030179566      -7.09     -0.59     -3.29  0.       -5550.670       3768.706       -869.022    0.000  -0.139   0.381   0.
  2017 352  0 43 28 514 352.030191140      -7.12     -0.59     -3.26  0.       -5550.124       3767.050       -870.782    0.000  -0.139   0.381   0.
  2017 352  0 43 29 514 352.030202714      -7.08     -0.55     -3.23  0.       -5549.577       3765.394       -872.543    0.000  -0.139   0.381   0.
  2017 352  0 43 30 514 352.030214288      -7.13     -0.54     -3.25  0.       -5549.030       3763.737       -874.303    0.000  -0.139   0.381   0.
  2017 352  0 43 31 514 352.030225862      -7.15     -0.53     -3.29  0.       -5548.482       3762.080       -876.063    0.000  -0.139   0.381   0.
  2017 352  0 43 32 514 352.030237436      -7.15     -0.51     -3.26  0.       -5547.932       3760.422       -877.823    0.000  -0.139   0.381   0.
  2017 352  0 43 33 514 352.030249010      -7.21     -0.52     -3.27  0.       -5547.383       3758.763       -879.583    0.000  -0.139   0.381   0.
  2017 352  0 43 34 514 352.030260585      -7.21     -0.50     -3.26  0.       -5546.832       3757.105       -881.343    0.000  -0.139   0.381   0.
  2017 352  0 43 35 514 352.030272159      -7.24     -0.50     -3.29  0.       -5546.281       3755.445       -883.103    0.000  -0.139   0.381   0.
  2017 352  0 43 36 514 352.030283733      -7.29     -0.48     -3.28  0.       -5545.729       3753.785       -884.863    0.000  -0.139   0.381   0.
  2017 352  0 43 37 514 352.030295307      -7.31     -0.47     -3.27  0.       -5545.176       3752.125       -886.623    0.000  -0.139   0.381   0.
  2017 352  0 43 38 514 352.030306881      -7.32     -0.40     -3.30  0.       -5544.622       3750.464       -888.382    0.000  -0.139   0.381   0.
  2017 352  0 43 39 514 352.030318455      -7.34     -0.36     -3.34  0.       -5544.068       3748.802       -890.141    0.000  -0.139   0.381   0.
  2017 352  0 43 40 514 352.030330029      -7.37     -0.36     -3.37  0.       -5543.512       3747.140       -891.901    0.000  -0.139   0.381   0.
  2017 352  0 43 41 514 352.030341603      -7.35     -0.32     -3.39  0.       -5542.956       3745.478       -893.660    0.000  -0.139   0.381   0.
  2017 352  0 43 42 514 352.030353177      -7.38     -0.34     -3.43  0.       -5542.400       3743.815       -895.419    0.000  -0.139   0.381   0.
  2017 352  0 43 43 514 352.030364751      -7.40     -0.31     -3.43  0.       -5541.842       3742.151       -897.178    0.000  -0.139   0.381   0.
  2017 352  0 43 44 514 352.030376325      -7.37     -0.31     -3.49  0.       -5541.284       3740.487       -898.936    0.000  -0.139   0.381   0.
  2017 352  0 43 45 514 352.030387899      -7.42     -0.32     -3.49  0.       -5540.725       3738.822       -900.695    0.000  -0.139   0.381   0.
  2017 352  0 43 46 514 352.030399473      -7.44     -0.34     -3.51  0.       -5540.165       3737.157       -902.453    0.000  -0.139   0.381   0.
  2017 352  0 43 47 514 352.030411047      -7.44     -0.28     -3.51  0.       -5539.604       3735.492       -904.212    0.000  -0.139   0.381   0.
  2017 352  0 43 48 514 352.030422621      -7.41     -0.26     -3.61  0.       -5539.043       3733.825       -905.970    0.000  -0.139   0.381   0.
  2017 352  0 43 49 514 352.030434196      -7.41     -0.27     -3.67  0.       -5538.481       3732.159       -907.728    0.000  -0.139   0.381   0.
  2017 352  0 43 50 514 352.030445770      -7.37     -0.31     -3.70  0.       -5537.918       3730.491       -909.486    0.000  -0.139   0.381   0.
  2017 352  0 43 51 514 352.030457344      -7.39     -0.34     -3.75  0.       -5537.354       3728.824       -911.244    0.000  -0.139   0.381   0.
  2017 352  0 43 52 514 352.030468918      -7.35     -0.33     -3.79  0.       -5536.790       3727.155       -913.002    0.000  -0.139   0.381   0.
  2017 352  0 43 53 514 352.030480492      -7.38     -0.38     -3.83  0.       -5536.224       3725.487       -914.759    0.000  -0.139   0.381   0.
  2017 352  0 43 54 514 352.030492066      -7.41     -0.38     -3.84  0.       -5535.658       3723.817       -916.517    0.000  -0.139   0.381   0.
  2017 352  0 43 55 514 352.030503640      -7.52     -0.43     -3.87  0.       -5535.092       3722.147       -918.274    0.000  -0.139   0.381   0.
  2017 352  0 43 56 514 352.030515214      -7.52     -0.41     -3.90  0.       -5534.524       3720.477       -920.031    0.000  -0.139   0.381   0.
  2017 352  0 43 57 514 352.030526788      -7.46     -0.39     -3.94  0.       -5533.956       3718.806       -921.788    0.000  -0.139   0.381   0.
  2017 352  0 43 58 514 352.030538360      -7.50     -0.43     -4.01  0.       -5533.386       3717.135       -923.545    0.000  -0.139   0.381   0.
  2017 352  0 43 59 514 352.030549933      -7.56     -0.46     -4.04  0.       -5532.817       3715.463       -925.302    0.000  -0.139   0.381   0.
  2017 352  0 44  0 514 352.030561508      -7.53     -0.43     -4.12  0.       -5532.246       3713.790       -927.058    0.000  -0.139   0.381   0.
  2017 352  0 44  1 514 352.030573082      -7.53     -0.39     -4.14  0.       -5531.674       3712.117       -928.815    0.000  -0.139   0.381   0.
  2017 352  0 44  2 514 352.030584656      -7.54     -0.36     -4.17  0.       -5531.102       3710.444       -930.571    0.000  -0.139   0.381   0.
  2017 352  0 44  3 514 352.030596230      -7.55     -0.31     -4.17  0.       -5530.529       3708.770       -932.328    0.000  -0.139   0.381   0.
  2017 352  0 44  4 514 352.030607804      -7.52     -0.27     -4.21  0.       -5529.955       3707.095       -934.084    0.000  -0.139   0.381   0.
  2017 352  0 44  5 514 352.030619378      -7.48     -0.22     -4.24  0.       -5529.381       3705.420       -935.840    0.000  -0.139   0.381   0.
  2017 352  0 44  6 514 352.030630952      -7.43     -0.15     -4.21  0.       -5528.805       3703.745       -937.596    0.000  -0.139   0.381   0.
  2017 352  0 44  7 514 352.030642526      -7.45     -0.13     -4.27  0.       -5528.229       3702.068       -939.351    0.000  -0.139   0.381   0.
  2017 352  0 44  8 514 352.030654100      -7.39     -0.06     -4.27  0.       -5527.652       3700.392       -941.107    0.000  -0.139   0.381   0.
  2017 352  0 44  9 514 352.030665674      -7.38     -0.06     -4.31  0.       -5527.075       3698.715       -942.862    0.000  -0.139   0.381   0.
  2017 352  0 44 10 514 352.030677248      -7.35     -0.00     -4.26  0.       -5526.496       3697.037       -944.618    0.000  -0.139   0.381   0.
  2017 352  0 44 11 514 352.030688822      -7.32     -0.03     -4.27  0.       -5525.917       3695.359       -946.373    0.000  -0.139   0.381   0.
  2017 352  0 44 12 514 352.030700396      -7.32     -0.02     -4.23  0.       -5525.337       3693.680       -948.128    0.000  -0.139   0.381   0.
  2017 352  0 44 13 514 352.030711970      -7.29     -0.08     -4.23  0.       -5524.756       3692.001       -949.883    0.000  -0.139   0.381   0.
  2017 352  0 44 14 514 352.030723545      -7.31     -0.06     -4.24  0.       -5524.174       3690.321       -951.638    0.000  -0.139   0.381   0.
  2017 352  0 44 15 514 352.030735119      -7.24     -0.05     -4.24  0.       -5523.592       3688.641       -953.392    0.000  -0.139   0.381   0.
  2017 352  0 44 16 514 352.030746693      -7.25     -0.05     -4.23  0.       -5523.009       3686.960       -955.147    0.000  -0.139   0.381   0.
  2017 352  0 44 17 514 352.030758267      -7.24     -0.11     -4.23  0.       -5522.425       3685.279       -956.901    0.000  -0.139   0.381   0.
  2017 352  0 44 18 514 352.030769841      -7.18     -0.11     -4.26  0.       -5521.840       3683.597       -958.656    0.000  -0.139   0.381   0.
  2017 352  0 44 19 514 352.030781415      -7.15     -0.14     -4.26  0.       -5521.255       3681.914       -960.410    0.000  -0.139   0.381   0.
  2017 352  0 44 20 514 352.030792989      -7.17     -0.20     -4.25  0.       -5520.668       3680.231       -962.164    0.000  -0.139   0.381   0.
  2017 352  0 44 21 514 352.030804563      -7.14     -0.24     -4.23  0.       -5520.081       3678.548       -963.918    0.000  -0.139   0.381   0.
  2017 352  0 44 22 514 352.030816137      -7.13     -0.27     -4.23  0.       -5519.493       3676.864       -965.671    0.000  -0.139   0.381   0.
  2017 352  0 44 23 514 352.030827711      -7.13     -0.30     -4.23  0.       -5518.905       3675.179       -967.425    0.000  -0.139   0.381   0.
  2017 352  0 44 24 514 352.030839285      -7.11     -0.33     -4.22  0.       -5518.315       3673.494       -969.178    0.000  -0.139   0.381   0.
  2017 352  0 44 25 514 352.030850859      -7.11     -0.35     -4.23  0.       -5517.725       3671.809       -970.932    0.000  -0.139   0.381   0.
  2017 352  0 44 26 513 352.030862431      -7.08     -0.32     -4.21  0.       -5517.134       3670.123       -972.685    0.000  -0.139   0.381   0.
  2017 352  0 44 27 513 352.030874005      -7.13     -0.39     -4.24  0.       -5516.542       3668.436       -974.438    0.000  -0.139   0.381   0.
  2017 352  0 44 28 514 352.030885579      -7.12     -0.38     -4.22  0.       -5515.949       3666.749       -976.191    0.000  -0.139   0.381   0.
  2017 352  0 44 29 514 352.030897153      -7.12     -0.41     -4.25  0.       -5515.356       3665.061       -977.943    0.000  -0.139   0.381   0.
  2017 352  0 44 30 514 352.030908727      -7.08     -0.40     -4.24  0.       -5514.762       3663.373       -979.696    0.000  -0.139   0.381   0.
  2017 352  0 44 31 514 352.030920301      -7.11     -0.41     -4.24  0.       -5514.167       3661.685       -981.448    0.000  -0.139   0.381   0.
  2017 352  0 44 32 513 352.030931875      -7.15     -0.43     -4.25  0.       -5513.571       3659.996       -983.201    0.000  -0.139   0.381   0.
  2017 352  0 44 33 513 352.030943449      -7.13     -0.41     -4.26  0.       -5512.975       3658.306       -984.953    0.000  -0.139   0.381   0.
  2017 352  0 44 34 513 352.030955023      -7.17     -0.41     -4.28  0.       -5512.377       3656.616       -986.705    0.000  -0.139   0.381   0.
  2017 352  0 44 35 513 352.030966597      -7.15     -0.40     -4.28  0.       -5511.779       3654.925       -988.457    0.000  -0.139   0.381   0.
  2017 352  0 44 36 513 352.030978171      -7.10     -0.39     -4.31  0.       -5511.180       3653.234       -990.208    0.000  -0.139   0.381   0.
  2017 352  0 44 37 514 352.030989745      -7.14     -0.37     -4.31  0.       -5510.581       3651.542       -991.960    0.000  -0.139   0.381   0.
  2017 352  0 44 38 514 352.031001319      -7.12     -0.36     -4.30  0.       -5509.980       3649.849       -993.712    0.000  -0.139   0.381   0.
  2017 352  0 44 39 513 352.031012894      -7.16     -0.26     -4.25  0.       -5509.379       3648.157       -995.463    0.000  -0.139   0.381   0.
  2017 352  0 44 40 513 352.031024468      -7.10     -0.21     -4.27  0.       -5508.777       3646.463       -997.214    0.000  -0.139   0.381   0.
  2017 352  0 44 41 514 352.031036042      -7.09     -0.12     -4.28  0.       -5508.174       3644.769       -998.965    0.000  -0.139   0.381   0.
  2017 352  0 44 42 514 352.031047616      -7.09     -0.10     -4.26  0.       -5507.570       3643.075      -1000.716    0.000  -0.139   0.381   0.
  2017 352  0 44 43 514 352.031059190      -7.09      0.02     -4.27  0.       -5506.966       3641.380      -1002.467    0.000  -0.139   0.381   0.
  2017 352  0 44 44 514 352.031070764      -7.09      0.07     -4.27  0.       -5506.361       3639.684      -1004.217    0.000  -0.139   0.381   0.
  2017 352  0 44 45 514 352.031082338      -7.01      0.18     -4.26  0.       -5505.755       3637.988      -1005.968    0.000  -0.139   0.381   0.
  2017 352  0 44 46 513 352.031093912      -6.96      0.27     -4.23  0.       -5505.148       3636.292      -1007.718    0.000  -0.139   0.381   0.
  2017 352  0 44 47 513 352.031105486      -6.93      0.31     -4.21  0.       -5504.541       3634.595      -1009.468    0.000  -0.139   0.381   0.
  2017 352  0 44 48 513 352.031117060      -6.91      0.36     -4.21  0.       -5503.932       3632.897      -1011.218    0.000  -0.139   0.381   0.
  2017 352  0 44 49 513 352.031128634      -6.88      0.40     -4.21  0.       -5503.323       3631.199      -1012.968    0.000  -0.139   0.381   0.
  2017 352  0 44 50 513 352.031140208      -6.77      0.42     -4.24  0.       -5502.713       3629.500      -1014.718    0.000  -0.139   0.381   0.
  2017 352  0 44 51 514 352.031151782      -6.68      0.45     -4.19  0.       -5502.102       3627.801      -1016.467    0.000  -0.139   0.381   0.
  2017 352  0 44 52 514 352.031163356      -6.57      0.49     -4.23  0.       -5501.490       3626.102      -1018.217    0.000  -0.139   0.381   0.
  2017 352  0 44 53 513 352.031174931      -6.56      0.56     -4.25  0.       -5500.878       3624.401      -1019.966    0.000  -0.139   0.381   0.
  2017 352  0 44 54 513 352.031186505      -6.51      0.59     -4.26  0.       -5500.265       3622.701      -1021.715    0.000  -0.139   0.381   0.
  2017 352  0 44 55 514 352.031198079      -6.56      0.63     -4.17  0.       -5499.651       3620.999      -1023.464    0.000  -0.139   0.381   0.
  2017 352  0 44 56 514 352.031209651      -6.55      0.67     -4.17  0.       -5499.036       3619.298      -1025.213    0.000  -0.139   0.381   0.
  2017 352  0 44 57 513 352.031221224      -6.56      0.75     -4.12  0.       -5498.421       3617.595      -1026.962    0.000  -0.139   0.381   0.
  2017 352  0 44 58 513 352.031232798      -6.54      0.79     -4.03  0.       -5497.804       3615.893      -1028.710    0.000  -0.139   0.381   0.
  2017 352  0 44 59 513 352.031244372      -6.55      0.85     -3.99  0.       -5497.187       3614.189      -1030.458    0.000  -0.139   0.381   0.
  2017 352  0 45  0 513 352.031255946      -6.52      0.88     -3.98  0.       -5496.569       3612.485      -1032.207    0.000  -0.139   0.381   0.
  2017 352  0 45  1 513 352.031267520      -6.45      0.91     -4.01  0.       -5495.950       3610.781      -1033.955    0.000  -0.139   0.381   0.
  2017 352  0 45  2 513 352.031279094      -6.39      0.91     -4.00  0.       -5495.331       3609.076      -1035.703    0.000  -0.139   0.381   0.
  2017 352  0 45  3 513 352.031290668      -6.37      0.91     -4.05  0.       -5494.710       3607.371      -1037.451    0.000  -0.139   0.381   0.
  2017 352  0 45  4 513 352.031302242      -6.36      0.94     -4.05  0.       -5494.089       3605.665      -1039.198    0.000  -0.139   0.381   0.
  2017 352  0 45  5 513 352.031313817      -6.42      0.87     -4.03  0.       -5493.467       3603.958      -1040.946    0.000  -0.139   0.381   0.
  2017 352  0 45  6 513 352.031325391      -6.44      0.87     -4.03  0.       -5492.845       3602.251      -1042.693    0.000  -0.139   0.381   0.
  2017 352  0 45  7 513 352.031336965      -6.42      0.86     -4.02  0.       -5492.221       3600.544      -1044.440    0.000  -0.139   0.381   0.
  2017 352  0 45  8 513 352.031348539      -6.45      0.86     -3.99  0.       -5491.597       3598.836      -1046.187    0.000  -0.139   0.381   0.
  2017 352  0 45  9 513 352.031360113      -6.44      0.86     -3.98  0.       -5490.972       3597.127      -1047.934    0.000  -0.139   0.381   0.
  2017 352  0 45 10 513 352.031371687      -6.43      0.86     -4.00  0.       -5490.346       3595.418      -1049.681    0.000  -0.139   0.381   0.
  2017 352  0 45 11 513 352.031383261      -6.34      0.89     -3.97  0.       -5489.719       3593.708      -1051.427    0.000  -0.139   0.381   0.
  2017 352  0 45 12 513 352.031394835      -6.33      0.89     -4.01  0.       -5489.091       3591.998      -1053.174    0.000  -0.139   0.381   0.
  2017 352  0 45 13 513 352.031406409      -6.31      0.88     -3.97  0.       -5488.463       3590.288      -1054.920    0.000  -0.139   0.381   0.
  2017 352  0 45 14 513 352.031417983      -6.28      0.88     -3.98  0.       -5487.834       3588.576      -1056.666    0.000  -0.139   0.381   0.
  2017 352  0 45 15 513 352.031429557      -6.34      0.83     -3.98  0.       -5487.204       3586.865      -1058.412    0.000  -0.139   0.381   0.
  2017 352  0 45 16 513 352.031441131      -6.29      0.86     -3.98  0.       -5486.573       3585.152      -1060.158    0.000  -0.139   0.381   0.
  2017 352  0 45 17 513 352.031452705      -6.24      0.86     -3.95  0.       -5485.942       3583.439      -1061.903    0.000  -0.139   0.381   0.
  2017 352  0 45 18 513 352.031464279      -6.19      0.94     -3.91  0.       -5485.309       3581.726      -1063.649    0.000  -0.139   0.381   0.
  2017 352  0 45 19 513 352.031475854      -6.23      0.93     -3.89  0.       -5484.676       3580.012      -1065.394    0.000  -0.139   0.381   0.
  2017 352  0 45 20 513 352.031487428      -6.20      0.95     -3.91  0.       -5484.042       3578.298      -1067.139    0.000  -0.139   0.381   0.
  2017 352  0 45 21 513 352.031499002      -6.22      0.91     -3.88  0.       -5483.408       3576.583      -1068.884    0.000  -0.139   0.381   0.
  2017 352  0 45 22 513 352.031510576      -6.23      0.93     -3.86  0.       -5482.772       3574.868      -1070.629    0.000  -0.139   0.381   0.
  2017 352  0 45 23 513 352.031522150      -6.24      0.90     -3.89  0.       -5482.136       3573.152      -1072.374    0.000  -0.139   0.381   0.
  2017 352  0 45 24 513 352.031533724      -6.30      0.93     -3.85  0.       -5481.498       3571.435      -1074.118    0.000  -0.139   0.381   0.
  2017 352  0 45 25 513 352.031545298      -6.38      0.89     -3.88  0.       -5480.860       3569.719      -1075.863    0.000  -0.139   0.381   0.
  2017 352  0 45 26 513 352.031556870      -6.43      0.91     -3.88  0.       -5480.222       3568.001      -1077.607    0.000  -0.139   0.381   0.
  2017 352  0 45 27 513 352.031568443      -6.43      0.90     -3.93  0.       -5479.582       3566.283      -1079.351    0.000  -0.139   0.381   0.
  2017 352  0 45 28 513 352.031580017      -6.39      0.95     -3.97  0.       -5478.942       3564.564      -1081.095    0.000  -0.139   0.381   0.
  2017 352  0 45 29 513 352.031591591      -6.41      0.91     -3.99  0.       -5478.301       3562.845      -1082.838    0.000  -0.139   0.381   0.
  2017 352  0 45 30 513 352.031603166      -6.46      0.91     -3.99  0.       -5477.659       3561.126      -1084.582    0.000  -0.139   0.381   0.
  2017 352  0 45 31 513 352.031614740      -6.44      0.94     -4.00  0.       -5477.016       3559.406      -1086.326    0.000  -0.139   0.381   0.
  2017 352  0 45 32 513 352.031626314      -6.49      0.97     -3.99  0.       -5476.372       3557.685      -1088.069    0.000  -0.139   0.381   0.
  2017 352  0 45 33 513 352.031637888      -6.51      1.01     -4.02  0.       -5475.728       3555.964      -1089.812    0.000  -0.139   0.381   0.
  2017 352  0 45 34 513 352.031649462      -6.48      1.05     -4.02  0.       -5475.082       3554.242      -1091.555    0.000  -0.139   0.381   0.
  2017 352  0 45 35 513 352.031661036      -6.48      1.07     -4.02  0.       -5474.436       3552.520      -1093.298    0.000  -0.139   0.381   0.
  2017 352  0 45 36 513 352.031672610      -6.46      1.09     -4.01  0.       -5473.790       3550.797      -1095.040    0.000  -0.139   0.381   0.
  2017 352  0 45 37 513 352.031684184      -6.33      1.14     -3.96  0.       -5473.142       3549.074      -1096.783    0.000  -0.139   0.381   0.
  2017 352  0 45 38 513 352.031695758      -6.28      1.21     -3.91  0.       -5472.493       3547.350      -1098.525    0.000  -0.139   0.381   0.
  2017 352  0 45 39 513 352.031707332      -6.29      1.20     -3.92  0.       -5471.844       3545.626      -1100.267    0.000  -0.139   0.381   0.
  2017 352  0 45 40 513 352.031718906      -6.32      1.26     -3.91  0.       -5471.194       3543.901      -1102.009    0.000  -0.139   0.381   0.
  2017 352  0 45 41 513 352.031730480      -6.31      1.28     -3.92  0.       -5470.543       3542.175      -1103.751    0.000  -0.139   0.381   0.
  2017 352  0 45 42 513 352.031742054      -6.27      1.35     -3.84  0.       -5469.891       3540.450      -1105.492    0.000  -0.139   0.381   0.
  2017 352  0 45 43 513 352.031753628      -6.21      1.37     -3.85  0.       -5469.239       3538.723      -1107.234    0.000  -0.139   0.381   0.
  2017 352  0 45 44 513 352.031765203      -6.24      1.37     -3.80  0.       -5468.586       3536.996      -1108.975    0.000  -0.139   0.381   0.
  2017 352  0 45 45 513 352.031776777      -6.26      1.33     -3.78  0.       -5467.931       3535.269      -1110.716    0.000  -0.139   0.381   0.
  2017 352  0 45 46 513 352.031788351      -6.29      1.36     -3.73  0.       -5467.276       3533.541      -1112.457    0.000  -0.139   0.381   0.
  2017 352  0 45 47 513 352.031799925      -6.28      1.39     -3.69  0.       -5466.621       3531.812      -1114.198    0.000  -0.139   0.381   0.
  2017 352  0 45 48 513 352.031811499      -6.24      1.43     -3.65  0.       -5465.964       3530.083      -1115.939    0.000  -0.139   0.381   0.
  2017 352  0 45 49 513 352.031823073      -6.23      1.44     -3.63  0.       -5465.307       3528.353      -1117.679    0.000  -0.139   0.381   0.
  2017 352  0 45 50 513 352.031834647      -6.21      1.43     -3.62  0.       -5464.648       3526.623      -1119.419    0.000  -0.139   0.381   0.
  2017 352  0 45 51 513 352.031846221      -6.23      1.39     -3.59  0.       -5463.989       3524.893      -1121.159    0.000  -0.139   0.381   0.
  2017 352  0 45 52 513 352.031857795      -6.17      1.39     -3.58  0.       -5463.330       3523.162      -1122.899    0.000  -0.139   0.381   0.
  2017 352  0 45 53 513 352.031869369      -6.21      1.38     -3.55  0.       -5462.669       3521.430      -1124.639    0.000  -0.139   0.381   0.
  2017 352  0 45 54 513 352.031880943      -6.21      1.35     -3.52  0.       -5462.007       3519.698      -1126.379    0.000  -0.139   0.381   0.
  2017 352  0 45 55 513 352.031892517      -6.25      1.32     -3.51  0.       -5461.345       3517.965      -1128.118    0.000  -0.139   0.381   0.
  2017 352  0 45 56 513 352.031904089      -6.28      1.26     -3.46  0.       -5460.682       3516.232      -1129.858    0.000  -0.139   0.381   0.
  2017 352  0 45 57 513 352.031915663      -6.35      1.23     -3.50  0.       -5460.018       3514.498      -1131.597    0.000  -0.139   0.381   0.
  2017 352  0 45 58 513 352.031927237      -6.40      1.21     -3.44  0.       -5459.353       3512.764      -1133.336    0.000  -0.139   0.381   0.
  2017 352  0 45 59 513 352.031938811      -6.44      1.17     -3.46  0.       -5458.688       3511.029      -1135.074    0.000  -0.139   0.381   0.
  2017 352  0 46  0 513 352.031950385      -6.48      1.20     -3.45  0.       -5458.021       3509.293      -1136.813    0.000  -0.139   0.381   0.
  2017 352  0 46  1 513 352.031961959      -6.47      1.14     -3.43  0.       -5457.354       3507.557      -1138.551    0.000  -0.139   0.381   0.
  2017 352  0 46  2 513 352.031973533      -6.46      1.15     -3.40  0.       -5456.686       3505.821      -1140.290    0.000  -0.139   0.381   0.
  2017 352  0 46  3 513 352.031985107      -6.51      1.15     -3.44  0.       -5456.017       3504.084      -1142.028    0.000  -0.139   0.381   0.
  2017 352  0 46  4 513 352.031996681      -6.52      1.17     -3.44  0.       -5455.348       3502.347      -1143.766    0.000  -0.139   0.381   0.
  2017 352  0 46  5 513 352.032008255      -6.68      1.12     -3.49  0.       -5454.677       3500.609      -1145.503    0.000  -0.139   0.381   0.
  2017 352  0 46  6 513 352.032019829      -6.71      1.14     -3.49  0.       -5454.006       3498.870      -1147.241    0.000  -0.139   0.381   0.
  2017 352  0 46  7 513 352.032031403      -6.68      1.12     -3.45  0.       -5453.334       3497.131      -1148.978    0.000  -0.139   0.381   0.
  2017 352  0 46  8 513 352.032042977      -6.75      1.12     -3.46  0.       -5452.661       3495.392      -1150.716    0.000  -0.139   0.381   0.
  2017 352  0 46  9 513 352.032054552      -6.75      1.13     -3.47  0.       -5451.987       3493.651      -1152.453    0.000  -0.139   0.381   0.
  2017 352  0 46 10 513 352.032066126      -6.74      1.15     -3.46  0.       -5451.313       3491.911      -1154.190    0.000  -0.139   0.381   0.
  2017 352  0 46 11 513 352.032077700      -6.74      1.19     -3.47  0.       -5450.637       3490.170      -1155.926    0.000  -0.139   0.381   0.
  2017 352  0 46 12 513 352.032089274      -6.77      1.17     -3.49  0.       -5449.961       3488.428      -1157.663    0.000  -0.139   0.381   0.
  2017 352  0 46 13 513 352.032100848      -6.79      1.19     -3.47  0.       -5449.284       3486.686      -1159.399    0.000  -0.139   0.381   0.
  2017 352  0 46 14 513 352.032112422      -6.80      1.18     -3.48  0.       -5448.606       3484.943      -1161.135    0.000  -0.139   0.381   0.
  2017 352  0 46 15 513 352.032123996      -6.72      1.23     -3.47  0.       -5447.928       3483.200      -1162.871    0.000  -0.139   0.381   0.
  2017 352  0 46 16 513 352.032135570      -6.69      1.24     -3.46  0.       -5447.248       3481.456      -1164.607    0.000  -0.139   0.381   0.
  2017 352  0 46 17 513 352.032147144      -6.74      1.25     -3.44  0.       -5446.568       3479.712      -1166.343    0.000  -0.139   0.381   0.
  2017 352  0 46 18 513 352.032158718      -6.76      1.24     -3.47  0.       -5445.887       3477.967      -1168.078    0.000  -0.139   0.381   0.
  2017 352  0 46 19 513 352.032170292      -6.76      1.24     -3.48  0.       -5445.205       3476.222      -1169.814    0.000  -0.139   0.381   0.
  2017 352  0 46 20 513 352.032181866      -6.88      1.22     -3.48  0.       -5444.522       3474.476      -1171.549    0.000  -0.139   0.381   0.
  2017 352  0 46 21 513 352.032193440      -6.86      1.23     -3.49  0.       -5443.838       3472.729      -1173.284    0.000  -0.139   0.381   0.
  2017 352  0 46 22 513 352.032205014      -6.82      1.26     -3.44  0.       -5443.154       3470.982      -1175.018    0.000  -0.139   0.381   0.
  2017 352  0 46 23 513 352.032216589      -6.91      1.24     -3.45  0.       -5442.469       3469.235      -1176.753    0.000  -0.139   0.381   0.
  2017 352  0 46 24 513 352.032228160      -6.94      1.28     -3.43  0.       -5441.783       3467.487      -1178.487    0.000  -0.139   0.381   0.
  2017 352  0 46 25 513 352.032239734      -6.97      1.27     -3.43  0.       -5441.096       3465.738      -1180.222    0.000  -0.139   0.381   0.
  2017 352  0 46 26 513 352.032251308      -6.99      1.30     -3.40  0.       -5440.408       3463.989      -1181.956    0.000  -0.139   0.381   0.
  2017 352  0 46 27 513 352.032262882      -7.00      1.30     -3.42  0.       -5439.719       3462.240      -1183.689    0.000  -0.139   0.381   0.
  2017 352  0 46 28 512 352.032274456      -7.02      1.27     -3.42  0.       -5439.030       3460.490      -1185.423    0.000  -0.139   0.381   0.
  2017 352  0 46 29 512 352.032286030      -7.07      1.27     -3.44  0.       -5438.340       3458.739      -1187.157    0.000  -0.139   0.381   0.
  2017 352  0 46 30 512 352.032297604      -7.13      1.24     -3.43  0.       -5437.649       3456.988      -1188.890    0.000  -0.139   0.381   0.
  2017 352  0 46 31 512 352.032309178      -7.16      1.28     -3.39  0.       -5436.957       3455.236      -1190.623    0.000  -0.139   0.381   0.
  2017 352  0 46 32 512 352.032320752      -7.21      1.26     -3.39  0.       -5436.264       3453.484      -1192.356    0.000  -0.139   0.381   0.
  2017 352  0 46 33 513 352.032332326      -7.23      1.30     -3.36  0.       -5435.571       3451.731      -1194.089    0.000  -0.139   0.381   0.
  2017 352  0 46 34 513 352.032343900      -7.20      1.30     -3.37  0.       -5434.876       3449.978      -1195.821    0.000  -0.139   0.381   0.
  2017 352  0 46 35 512 352.032355475      -7.26      1.32     -3.34  0.       -5434.181       3448.224      -1197.554    0.000  -0.139   0.381   0.
  2017 352  0 46 36 512 352.032367049      -7.26      1.34     -3.32  0.       -5433.485       3446.470      -1199.286    0.000  -0.139   0.381   0.
  2017 352  0 46 37 513 352.032378623      -7.29      1.37     -3.29  0.       -5432.788       3444.715      -1201.018    0.000  -0.139   0.381   0.
  2017 352  0 46 38 513 352.032390197      -7.31      1.36     -3.24  0.       -5432.091       3442.960      -1202.750    0.000  -0.139   0.381   0.
  2017 352  0 46 39 513 352.032401771      -7.33      1.39     -3.25  0.       -5431.392       3441.204      -1204.482    0.000  -0.139   0.381   0.
  2017 352  0 46 40 513 352.032413345      -7.29      1.45     -3.24  0.       -5430.693       3439.448      -1206.213    0.000  -0.139   0.381   0.
  2017 352  0 46 41 513 352.032424919      -7.28      1.47     -3.29  0.       -5429.993       3437.691      -1207.944    0.000  -0.139   0.381   0.
  2017 352  0 46 42 512 352.032436493      -7.29      1.47     -3.27  0.       -5429.292       3435.933      -1209.676    0.000  -0.139   0.381   0.
  2017 352  0 46 43 512 352.032448067      -7.25      1.48     -3.30  0.       -5428.590       3434.175      -1211.406    0.000  -0.139   0.381   0.
  2017 352  0 46 44 512 352.032459641      -7.28      1.48     -3.31  0.       -5427.887       3432.417      -1213.137    0.000  -0.139   0.381   0.
  2017 352  0 46 45 512 352.032471215      -7.26      1.50     -3.32  0.       -5427.184       3430.657      -1214.868    0.000  -0.139   0.381   0.
  2017 352  0 46 46 512 352.032482789      -7.30      1.50     -3.33  0.       -5426.480       3428.898      -1216.598    0.000  -0.139   0.381   0.
  2017 352  0 46 47 513 352.032494363      -7.27      1.52     -3.35  0.       -5425.774       3427.138      -1218.328    0.000  -0.139   0.381   0.
  2017 352  0 46 48 512 352.032505937      -7.24      1.54     -3.32  0.       -5425.068       3425.377      -1220.058    0.000  -0.139   0.381   0.
  2017 352  0 46 49 512 352.032517512      -7.21      1.58     -3.31  0.       -5424.362       3423.616      -1221.788    0.000  -0.139   0.381   0.
  2017 352  0 46 50 513 352.032529086      -7.25      1.56     -3.31  0.       -5423.654       3421.855      -1223.518    0.000  -0.139   0.381   0.
  2017 352  0 46 51 513 352.032540660      -7.21      1.58     -3.29  0.       -5422.945       3420.092      -1225.247    0.000  -0.139   0.381   0.
  2017 352  0 46 52 513 352.032552234      -7.24      1.58     -3.31  0.       -5422.236       3418.330      -1226.976    0.000  -0.139   0.381   0.
  2017 352  0 46 53 513 352.032563808      -7.23      1.64     -3.28  0.       -5421.526       3416.566      -1228.705    0.000  -0.139   0.381   0.
  2017 352  0 46 54 513 352.032575380      -7.20      1.67     -3.27  0.       -5420.815       3414.803      -1230.434    0.000  -0.139   0.381   0.
  2017 352  0 46 55 512 352.032586953      -7.19      1.73     -3.28  0.       -5420.103       3413.038      -1232.163    0.000  -0.139   0.381   0.
  2017 352  0 46 56 512 352.032598527      -7.14      1.76     -3.29  0.       -5419.390       3411.274      -1233.891    0.000  -0.139   0.381   0.
  2017 352  0 46 57 512 352.032610101      -7.16      1.76     -3.31  0.       -5418.677       3409.508      -1235.620    0.000  -0.139   0.381   0.
  2017 352  0 46 58 512 352.032621675      -7.21      1.72     -3.32  0.       -5417.962       3407.742      -1237.348    0.000  -0.139   0.381   0.
  2017 352  0 46 59 512 352.032633249      -7.17      1.73     -3.34  0.       -5417.247       3405.976      -1239.076    0.000  -0.139   0.381   0.
  2017 352  0 47  0 512 352.032644823      -7.17      1.73     -3.35  0.       -5416.531       3404.209      -1240.803    0.000  -0.139   0.381   0.
  2017 352  0 47  1 512 352.032656398      -7.18      1.74     -3.34  0.       -5415.815       3402.441      -1242.531    0.000  -0.139   0.381   0.
  2017 352  0 47  2 512 352.032667972      -7.16      1.76     -3.28  0.       -5415.097       3400.673      -1244.258    0.000  -0.139   0.381   0.
  2017 352  0 47  3 512 352.032679546      -7.12      1.78     -3.28  0.       -5414.378       3398.905      -1245.985    0.000  -0.139   0.381   0.
  2017 352  0 47  4 512 352.032691120      -7.09      1.79     -3.26  0.       -5413.659       3397.136      -1247.712    0.000  -0.139   0.381   0.
  2017 352  0 47  5 512 352.032702694      -7.07      1.76     -3.31  0.       -5412.939       3395.366      -1249.439    0.000  -0.139   0.381   0.
  2017 352  0 47  6 512 352.032714268      -7.04      1.76     -3.30  0.       -5412.218       3393.596      -1251.166    0.000  -0.139   0.381   0.
  2017 352  0 47  7 512 352.032725842      -6.98      1.72     -3.32  0.       -5411.496       3391.826      -1252.892    0.000  -0.139   0.381   0.
  2017 352  0 47  8 512 352.032737416      -6.97      1.70     -3.35  0.       -5410.773       3390.054      -1254.618    0.000  -0.139   0.381   0.
  2017 352  0 47  9 512 352.032748990      -6.96      1.68     -3.38  0.       -5410.050       3388.283      -1256.344    0.000  -0.139   0.381   0.
  2017 352  0 47 10 512 352.032760564      -6.90      1.71     -3.39  0.       -5409.325       3386.511      -1258.070    0.000  -0.139   0.381   0.
  2017 352  0 47 11 512 352.032772138      -6.90      1.71     -3.40  0.       -5408.600       3384.738      -1259.795    0.000  -0.139   0.381   0.
  2017 352  0 47 12 512 352.032783712      -6.94      1.69     -3.40  0.       -5407.874       3382.965      -1261.521    0.000  -0.139   0.381   0.
  2017 352  0 47 13 512 352.032795286      -6.90      1.70     -3.39  0.       -5407.147       3381.191      -1263.246    0.000  -0.139   0.381   0.
  2017 352  0 47 14 512 352.032806861      -6.91      1.71     -3.38  0.       -5406.419       3379.417      -1264.971    0.000  -0.139   0.381   0.
  2017 352  0 47 15 512 352.032818435      -6.88      1.69     -3.38  0.       -5405.691       3377.642      -1266.696    0.000  -0.139   0.381   0.
  2017 352  0 47 16 512 352.032830009      -6.90      1.69     -3.41  0.       -5404.961       3375.866      -1268.420    0.000  -0.139   0.381   0.
  2017 352  0 47 17 512 352.032841583      -6.93      1.71     -3.45  0.       -5404.231       3374.090      -1270.145    0.000  -0.139   0.381   0.
  2017 352  0 47 18 512 352.032853157      -6.86      1.73     -3.43  0.       -5403.500       3372.314      -1271.869    0.000  -0.139   0.381   0.
  2017 352  0 47 19 512 352.032864731      -6.84      1.74     -3.43  0.       -5402.768       3370.537      -1273.593    0.000  -0.139   0.381   0.
  2017 352  0 47 20 512 352.032876305      -6.83      1.75     -3.45  0.       -5402.035       3368.760      -1275.317    0.000  -0.139   0.381   0.
  2017 352  0 47 21 512 352.032887879      -6.86      1.76     -3.47  0.       -5401.301       3366.982      -1277.040    0.000  -0.139   0.381   0.
  2017 352  0 47 22 512 352.032899453      -6.84      1.75     -3.45  0.       -5400.567       3365.203      -1278.763    0.000  -0.139   0.381   0.
  2017 352  0 47 23 512 352.032911027      -6.85      1.76     -3.48  0.       -5399.832       3363.424      -1280.487    0.000  -0.139   0.381   0.
  2017 352  0 47 24 512 352.032922601      -6.87      1.80     -3.50  0.       -5399.095       3361.644      -1282.210    0.000  -0.139   0.381   0.
  2017 352  0 47 25 512 352.032934175      -6.87      1.81     -3.53  0.       -5398.358       3359.864      -1283.932    0.000  -0.139   0.381   0.
  2017 352  0 47 26 512 352.032945747      -6.90      1.82     -3.50  0.       -5397.620       3358.084      -1285.655    0.000  -0.139   0.381   0.
  2017 352  0 47 27 512 352.032957321      -6.85      1.85     -3.53  0.       -5396.881       3356.302      -1287.377    0.000  -0.139   0.381   0.
  2017 352  0 47 28 512 352.032968895      -6.87      1.87     -3.50  0.       -5396.142       3354.521      -1289.100    0.000  -0.139   0.381   0.
  2017 352  0 47 29 512 352.032980469      -6.86      1.81     -3.52  0.       -5395.401       3352.739      -1290.821    0.000  -0.139   0.381   0.
  2017 352  0 47 30 512 352.032992043      -6.89      1.86     -3.47  0.       -5394.660       3350.956      -1292.543    0.000  -0.139   0.381   0.
  2017 352  0 47 31 512 352.033003617      -6.88      1.87     -3.52  0.       -5393.918       3349.173      -1294.265    0.000  -0.139   0.381   0.
  2017 352  0 47 32 512 352.033015191      -6.93      1.89     -3.49  0.       -5393.175       3347.389      -1295.986    0.000  -0.139   0.381   0.
  2017 352  0 47 33 512 352.033026765      -6.90      1.87     -3.50  0.       -5392.431       3345.604      -1297.707    0.000  -0.139   0.381   0.
  2017 352  0 47 34 512 352.033038339      -6.87      1.86     -3.51  0.       -5391.686       3343.820      -1299.428    0.000  -0.139   0.381   0.
  2017 352  0 47 35 512 352.033049913      -6.89      1.82     -3.52  0.       -5390.941       3342.034      -1301.149    0.000  -0.139   0.381   0.
  2017 352  0 47 36 512 352.033061487      -6.89      1.84     -3.47  0.       -5390.194       3340.248      -1302.870    0.000  -0.139   0.381   0.
  2017 352  0 47 37 512 352.033073061      -6.86      1.84     -3.50  0.       -5389.447       3338.462      -1304.590    0.000  -0.139   0.381   0.
  2017 352  0 47 38 512 352.033084635      -6.88      1.84     -3.50  0.       -5388.699       3336.675      -1306.310    0.000  -0.139   0.381   0.
  2017 352  0 47 39 512 352.033096210      -6.86      1.83     -3.48  0.       -5387.950       3334.887      -1308.030    0.000  -0.139   0.381   0.
  2017 352  0 47 40 512 352.033107784      -6.84      1.84     -3.47  0.       -5387.200       3333.099      -1309.750    0.000  -0.139   0.381   0.
  2017 352  0 47 41 512 352.033119358      -6.83      1.82     -3.49  0.       -5386.450       3331.311      -1311.469    0.000  -0.139   0.381   0.
  2017 352  0 47 42 512 352.033130932      -6.81      1.83     -3.47  0.       -5385.698       3329.522      -1313.188    0.000  -0.139   0.381   0.
  2017 352  0 47 43 512 352.033142506      -6.78      1.84     -3.44  0.       -5384.946       3327.732      -1314.907    0.000  -0.139   0.381   0.
  2017 352  0 47 44 512 352.033154080      -6.75      1.86     -3.46  0.       -5384.193       3325.942      -1316.626    0.000  -0.139   0.381   0.
  2017 352  0 47 45 512 352.033165654      -6.70      1.84     -3.45  0.       -5383.438       3324.151      -1318.345    0.000  -0.139   0.381   0.
  2017 352  0 47 46 512 352.033177228      -6.66      1.88     -3.45  0.       -5382.684       3322.360      -1320.063    0.000  -0.139   0.381   0.
  2017 352  0 47 47 512 352.033188802      -6.65      1.85     -3.48  0.       -5381.928       3320.568      -1321.782    0.000  -0.139   0.381   0.
  2017 352  0 47 48 512 352.033200376      -6.54      1.87     -3.46  0.       -5381.171       3318.776      -1323.500    0.000  -0.139   0.381   0.
  2017 352  0 47 49 512 352.033211950      -6.49      1.85     -3.47  0.       -5380.414       3316.983      -1325.217    0.000  -0.139   0.381   0.
  2017 352  0 47 50 512 352.033223524      -6.46      1.89     -3.46  0.       -5379.655       3315.190      -1326.935    0.000  -0.139   0.381   0.
  2017 352  0 47 51 512 352.033235098      -6.44      1.84     -3.50  0.       -5378.896       3313.396      -1328.652    0.000  -0.139   0.381   0.
  2017 352  0 47 52 512 352.033246672      -6.45      1.84     -3.50  0.       -5378.136       3311.602      -1330.370    0.000  -0.139   0.381   0.
  2017 352  0 47 53 512 352.033258247      -6.49      1.81     -3.52  0.       -5377.375       3309.807      -1332.087    0.000  -0.139   0.381   0.
  2017 352  0 47 54 512 352.033269818      -6.48      1.81     -3.52  0.       -5376.613       3308.012      -1333.803    0.000  -0.139   0.381   0.
  2017 352  0 47 55 512 352.033281392      -6.41      1.78     -3.53  0.       -5375.851       3306.216      -1335.520    0.000  -0.139   0.381   0.
  2017 352  0 47 56 512 352.033292966      -6.44      1.79     -3.49  0.       -5375.087       3304.419      -1337.236    0.000  -0.139   0.381   0.
  2017 352  0 47 57 512 352.033304540      -6.45      1.77     -3.52  0.       -5374.323       3302.622      -1338.952    0.000  -0.139   0.381   0.
  2017 352  0 47 58 512 352.033316114      -6.45      1.77     -3.52  0.       -5373.558       3300.825      -1340.668    0.000  -0.139   0.381   0.
  2017 352  0 47 59 512 352.033327688      -6.46      1.75     -3.52  0.       -5372.792       3299.027      -1342.384    0.000  -0.139   0.381   0.
  2017 352  0 48  0 512 352.033339262      -6.46      1.75     -3.51  0.       -5372.025       3297.228      -1344.099    0.000  -0.139   0.381   0.
  2017 352  0 48  1 512 352.033350836      -6.45      1.77     -3.50  0.       -5371.257       3295.429      -1345.815    0.000  -0.139   0.381   0.
  2017 352  0 48  2 512 352.033362410      -6.41      1.77     -3.49  0.       -5370.489       3293.630      -1347.530    0.000  -0.139   0.381   0.
  2017 352  0 48  3 512 352.033373984      -6.45      1.75     -3.51  0.       -5369.719       3291.829      -1349.245    0.000  -0.139   0.381   0.
  2017 352  0 48  4 512 352.033385558      -6.43      1.73     -3.51  0.       -5368.949       3290.029      -1350.959    0.000  -0.139   0.381   0.
  2017 352  0 48  5 512 352.033397133      -6.44      1.71     -3.50  0.       -5368.177       3288.227      -1352.674    0.000  -0.139   0.381   0.
  2017 352  0 48  6 512 352.033408707      -6.43      1.69     -3.50  0.       -5367.405       3286.426      -1354.388    0.000  -0.139   0.381   0.
  2017 352  0 48  7 512 352.033420281      -6.48      1.69     -3.48  0.       -5366.633       3284.623      -1356.102    0.000  -0.139   0.381   0.
  2017 352  0 48  8 512 352.033431855      -6.45      1.69     -3.50  0.       -5365.859       3282.821      -1357.815    0.000  -0.139   0.381   0.
  2017 352  0 48  9 512 352.033443429      -6.46      1.69     -3.52  0.       -5365.084       3281.017      -1359.529    0.000  -0.139   0.381   0.
  2017 352  0 48 10 512 352.033455003      -6.34      1.71     -3.52  0.       -5364.309       3279.214      -1361.242    0.000  -0.139   0.381   0.
  2017 352  0 48 11 512 352.033466577      -6.37      1.69     -3.50  0.       -5363.532       3277.409      -1362.955    0.000  -0.139   0.381   0.
  2017 352  0 48 12 512 352.033478151      -6.41      1.66     -3.52  0.       -5362.755       3275.604      -1364.668    0.000  -0.139   0.381   0.
  2017 352  0 48 13 512 352.033489725      -6.47      1.63     -3.52  0.       -5361.977       3273.799      -1366.381    0.000  -0.139   0.381   0.
  2017 352  0 48 14 512 352.033501299      -6.52      1.59     -3.48  0.       -5361.198       3271.993      -1368.093    0.000  -0.139   0.381   0.
  2017 352  0 48 15 512 352.033512873      -6.55      1.58     -3.52  0.       -5360.418       3270.186      -1369.805    0.000  -0.139   0.381   0.
  2017 352  0 48 16 512 352.033524447      -6.59      1.52     -3.53  0.       -5359.637       3268.379      -1371.517    0.000  -0.139   0.381   0.
  2017 352  0 48 17 512 352.033536021      -6.54      1.52     -3.51  0.       -5358.856       3266.572      -1373.229    0.000  -0.139   0.381   0.
  2017 352  0 48 18 512 352.033547596      -6.58      1.51     -3.51  0.       -5358.073       3264.764      -1374.941    0.000  -0.139   0.381   0.
  2017 352  0 48 19 512 352.033559170      -6.58      1.51     -3.48  0.       -5357.290       3262.955      -1376.652    0.000  -0.139   0.381   0.
  2017 352  0 48 20 512 352.033570744      -6.57      1.50     -3.47  0.       -5356.506       3261.146      -1378.363    0.000  -0.139   0.381   0.
  2017 352  0 48 21 512 352.033582318      -6.60      1.47     -3.46  0.       -5355.721       3259.336      -1380.074    0.000  -0.139   0.381   0.
  2017 352  0 48 22 512 352.033593892      -6.63      1.44     -3.45  0.       -5354.935       3257.526      -1381.784    0.000  -0.139   0.381   0.
  2017 352  0 48 23 512 352.033605466      -6.57      1.40     -3.40  0.       -5354.148       3255.716      -1383.495    0.000  -0.139   0.381   0.
  2017 352  0 48 24 511 352.033617038      -6.53      1.38     -3.41  0.       -5353.361       3253.904      -1385.205    0.000  -0.139   0.381   0.
  2017 352  0 48 25 511 352.033628611      -6.46      1.38     -3.35  0.       -5352.572       3252.093      -1386.915    0.000  -0.139   0.381   0.
  2017 352  0 48 26 511 352.033640185      -6.47      1.36     -3.35  0.       -5351.783       3250.280      -1388.625    0.000  -0.139   0.381   0.
  2017 352  0 48 27 511 352.033651759      -6.52      1.39     -3.31  0.       -5350.993       3248.468      -1390.334    0.000  -0.139   0.381   0.
  2017 352  0 48 28 511 352.033663333      -6.54      1.37     -3.34  0.       -5350.202       3246.654      -1392.044    0.000  -0.139   0.381   0.
  2017 352  0 48 29 512 352.033674907      -6.52      1.40     -3.31  0.       -5349.410       3244.840      -1393.752    0.000  -0.139   0.381   0.
  2017 352  0 48 30 512 352.033686482      -6.51      1.38     -3.32  0.       -5348.617       3243.026      -1395.461    0.000  -0.139   0.381   0.
  2017 352  0 48 31 511 352.033698056      -6.54      1.41     -3.28  0.       -5347.823       3241.211      -1397.170    0.000  -0.139   0.381   0.
  2017 352  0 48 32 511 352.033709630      -6.54      1.38     -3.27  0.       -5347.029       3239.396      -1398.878    0.000  -0.139   0.381   0.
  2017 352  0 48 33 512 352.033721204      -6.58      1.38     -3.24  0.       -5346.233       3237.580      -1400.586    0.000  -0.139   0.381   0.
  2017 352  0 48 34 512 352.033732778      -6.50      1.42     -3.23  0.       -5345.437       3235.763      -1402.294    0.000  -0.139   0.381   0.
  2017 352  0 48 35 512 352.033744352      -6.52      1.48     -3.22  0.       -5344.640       3233.946      -1404.002    0.000  -0.139   0.381   0.
  2017 352  0 48 36 512 352.033755926      -6.55      1.46     -3.23  0.       -5343.842       3232.129      -1405.709    0.000  -0.139   0.381   0.
  2017 352  0 48 37 512 352.033767500      -6.56      1.48     -3.24  0.       -5343.042       3230.310      -1407.417    0.000  -0.139   0.381   0.
  2017 352  0 48 38 511 352.033779074      -6.59      1.50     -3.21  0.       -5342.243       3228.492      -1409.124    0.000  -0.139   0.381   0.
  2017 352  0 48 39 511 352.033790648      -6.66      1.54     -3.22  0.       -5341.442       3226.673      -1410.830    0.000  -0.139   0.381   0.
  2017 352  0 48 40 511 352.033802222      -6.65      1.58     -3.19  0.       -5340.641       3224.853      -1412.537    0.000  -0.139   0.381   0.
  2017 352  0 48 41 511 352.033813796      -6.65      1.61     -3.21  0.       -5339.838       3223.033      -1414.243    0.000  -0.139   0.381   0.
  2017 352  0 48 42 512 352.033825370      -6.64      1.65     -3.17  0.       -5339.035       3221.212      -1415.949    0.000  -0.139   0.381   0.
  2017 352  0 48 43 512 352.033836944      -6.64      1.66     -3.19  0.       -5338.231       3219.391      -1417.655    0.000  -0.139   0.381   0.
  2017 352  0 48 44 511 352.033848519      -6.64      1.69     -3.14  0.       -5337.426       3217.569      -1419.361    0.000  -0.139   0.381   0.
  2017 352  0 48 45 511 352.033860093      -6.63      1.71     -3.17  0.       -5336.620       3215.747      -1421.066    0.000  -0.139   0.381   0.
  2017 352  0 48 46 512 352.033871667      -6.64      1.75     -3.15  0.       -5335.813       3213.924      -1422.771    0.000  -0.139   0.381   0.
  2017 352  0 48 47 512 352.033883241      -6.64      1.76     -3.16  0.       -5335.005       3212.101      -1424.476    0.000  -0.139   0.381   0.
  2017 352  0 48 48 512 352.033894815      -6.70      1.78     -3.10  0.       -5334.197       3210.276      -1426.181    0.000  -0.139   0.381   0.
  2017 352  0 48 49 512 352.033906389      -6.68      1.81     -3.10  0.       -5333.387       3208.452      -1427.885    0.000  -0.139   0.381   0.
  2017 352  0 48 50 512 352.033917963      -6.68      1.84     -3.10  0.       -5332.577       3206.627      -1429.589    0.000  -0.139   0.381   0.
  2017 352  0 48 51 511 352.033929537      -6.65      1.87     -3.08  0.       -5331.766       3204.802      -1431.293    0.000  -0.139   0.381   0.
  2017 352  0 48 52 511 352.033941111      -6.67      1.87     -3.05  0.       -5330.954       3202.976      -1432.997    0.000  -0.139   0.381   0.
  2017 352  0 48 53 511 352.033952685      -6.73      1.88     -3.07  0.       -5330.141       3201.149      -1434.701    0.000  -0.139   0.381   0.
  2017 352  0 48 54 511 352.033964257      -6.75      1.92     -3.04  0.       -5329.327       3199.322      -1436.404    0.000  -0.139   0.381   0.
  2017 352  0 48 55 511 352.033975830      -6.75      1.96     -3.03  0.       -5328.512       3197.495      -1438.107    0.000  -0.139   0.381   0.
  2017 352  0 48 56 511 352.033987405      -6.80      1.96     -3.03  0.       -5327.697       3195.667      -1439.810    0.000  -0.139   0.381   0.
  2017 352  0 48 57 511 352.033998979      -6.85      1.98     -3.05  0.       -5326.881       3193.838      -1441.512    0.000  -0.139   0.381   0.
  2017 352  0 48 58 511 352.034010553      -6.80      2.03     -3.07  0.       -5326.063       3192.009      -1443.214    0.000  -0.139   0.381   0.
  2017 352  0 48 59 511 352.034022127      -6.81      2.04     -3.05  0.       -5325.245       3190.179      -1444.916    0.000  -0.139   0.381   0.
  2017 352  0 49  0 511 352.034033701      -6.78      2.06     -3.05  0.       -5324.426       3188.349      -1446.618    0.000  -0.139   0.381   0.
  2017 352  0 49  1 511 352.034045275      -6.68      2.15     -3.04  0.       -5323.606       3186.518      -1448.320    0.000  -0.139   0.381   0.
  2017 352  0 49  2 511 352.034056849      -6.64      2.17     -3.02  0.       -5322.785       3184.687      -1450.021    0.000  -0.139   0.381   0.
  2017 352  0 49  3 511 352.034068423      -6.70      2.18     -3.02  0.       -5321.963       3182.855      -1451.722    0.000  -0.139   0.381   0.
  2017 352  0 49  4 511 352.034079997      -6.71      2.18     -2.99  0.       -5321.141       3181.023      -1453.423    0.000  -0.139   0.381   0.
  2017 352  0 49  5 511 352.034091571      -6.73      2.17     -3.00  0.       -5320.317       3179.190      -1455.124    0.000  -0.139   0.381   0.
  2017 352  0 49  6 511 352.034103145      -6.62      2.19     -2.96  0.       -5319.493       3177.357      -1456.824    0.000  -0.139   0.381   0.
  2017 352  0 49  7 511 352.034114719      -6.60      2.22     -2.96  0.       -5318.668       3175.523      -1458.524    0.000  -0.139   0.381   0.
  2017 352  0 49  8 511 352.034126293      -6.61      2.21     -2.93  0.       -5317.842       3173.688      -1460.224    0.000  -0.139   0.381   0.
  2017 352  0 49  9 511 352.034137867      -6.60      2.20     -2.91  0.       -5317.015       3171.853      -1461.924    0.000  -0.139   0.381   0.
  2017 352  0 49 10 511 352.034149442      -6.59      2.21     -2.89  0.       -5316.187       3170.018      -1463.623    0.000  -0.139   0.381   0.
  2017 352  0 49 11 511 352.034161016      -6.58      2.20     -2.88  0.       -5315.358       3168.182      -1465.322    0.000  -0.139   0.381   0.
  2017 352  0 49 12 511 352.034172590      -6.57      2.23     -2.85  0.       -5314.528       3166.345      -1467.021    0.000  -0.139   0.381   0.
  2017 352  0 49 13 511 352.034184164      -6.60      2.19     -2.86  0.       -5313.698       3164.508      -1468.720    0.000  -0.139   0.381   0.
  2017 352  0 49 14 511 352.034195738      -6.59      2.17     -2.86  0.       -5312.866       3162.670      -1470.418    0.000  -0.139   0.381   0.
  2017 352  0 49 15 511 352.034207312      -6.56      2.14     -2.84  0.       -5312.034       3160.832      -1472.116    0.000  -0.139   0.381   0.
  2017 352  0 49 16 511 352.034218886      -6.55      2.11     -2.82  0.       -5311.201       3158.994      -1473.814    0.000  -0.139   0.381   0.
  2017 352  0 49 17 511 352.034230460      -6.57      2.08     -2.78  0.       -5310.367       3157.154      -1475.512    0.000  -0.139   0.381   0.
  2017 352  0 49 18 511 352.034242034      -6.54      2.05     -2.78  0.       -5309.532       3155.315      -1477.209    0.000  -0.139   0.381   0.
  2017 352  0 49 19 511 352.034253608      -6.60      2.03     -2.77  0.       -5308.696       3153.474      -1478.906    0.000  -0.139   0.381   0.
  2017 352  0 49 20 511 352.034265182      -6.58      2.03     -2.79  0.       -5307.859       3151.634      -1480.604    0.000  -0.139   0.381   0.
  2017 352  0 49 21 511 352.034276756      -6.51      2.05     -2.76  0.       -5307.021       3149.792      -1482.300    0.000  -0.139   0.381   0.
  2017 352  0 49 22 511 352.034288328      -6.48      2.03     -2.79  0.       -5306.183       3147.951      -1483.997    0.000  -0.139   0.381   0.
  2017 352  0 49 23 511 352.034299902      -6.47      2.05     -2.78  0.       -5305.343       3146.108      -1485.693    0.000  -0.139   0.381   0.
  2017 352  0 49 24 511 352.034311476      -6.40      2.01     -2.79  0.       -5304.503       3144.265      -1487.389    0.000  -0.139   0.381   0.
  2017 352  0 49 25 511 352.034323050      -6.41      2.03     -2.78  0.       -5303.662       3142.422      -1489.085    0.000  -0.139   0.381   0.
  2017 352  0 49 26 511 352.034334624      -6.35      2.00     -2.80  0.       -5302.820       3140.578      -1490.780    0.000  -0.139   0.381   0.
  2017 352  0 49 27 511 352.034346198      -6.28      2.04     -2.75  0.       -5301.977       3138.734      -1492.475    0.000  -0.139   0.381   0.
  2017 352  0 49 28 511 352.034357772      -6.27      2.01     -2.80  0.       -5301.133       3136.889      -1494.170    0.000  -0.139   0.381   0.
  2017 352  0 49 29 511 352.034369346      -6.24      2.04     -2.82  0.       -5300.288       3135.043      -1495.865    0.000  -0.139   0.381   0.
  2017 352  0 49 30 511 352.034380920      -6.19      2.03     -2.82  0.       -5299.442       3133.197      -1497.559    0.000  -0.139   0.381   0.
  2017 352  0 49 31 511 352.034392494      -6.20      2.03     -2.81  0.       -5298.596       3131.350      -1499.253    0.000  -0.139   0.381   0.
  2017 352  0 49 32 511 352.034404068      -6.07      2.05     -2.81  0.       -5297.748       3129.503      -1500.947    0.000  -0.139   0.381   0.
  2017 352  0 49 33 511 352.034415642      -5.98      2.07     -2.79  0.       -5296.900       3127.656      -1502.641    0.000  -0.139   0.381   0.
  2017 352  0 49 34 511 352.034427216      -6.03      2.03     -2.77  0.       -5296.051       3125.808      -1504.334    0.000  -0.139   0.381   0.
  2017 352  0 49 35 511 352.034438790      -6.02      2.06     -2.75  0.       -5295.201       3123.959      -1506.027    0.000  -0.139   0.381   0.
  2017 352  0 49 36 511 352.034450365      -5.96      2.06     -2.70  0.       -5294.350       3122.110      -1507.720    0.000  -0.139   0.381   0.
  2017 352  0 49 37 511 352.034461939      -5.94      2.07     -2.72  0.       -5293.498       3120.260      -1509.413    0.000  -0.139   0.381   0.
  2017 352  0 49 38 511 352.034473513      -5.96      2.09     -2.70  0.       -5292.645       3118.410      -1511.105    0.000  -0.139   0.381   0.
  2017 352  0 49 39 511 352.034485087      -5.92      2.08     -2.70  0.       -5291.791       3116.559      -1512.797    0.000  -0.139   0.381   0.
  2017 352  0 49 40 511 352.034496661      -5.93      2.10     -2.66  0.       -5290.937       3114.708      -1514.489    0.000  -0.139   0.381   0.
  2017 352  0 49 41 511 352.034508235      -5.92      2.06     -2.67  0.       -5290.081       3112.856      -1516.181    0.000  -0.139   0.381   0.
  2017 352  0 49 42 511 352.034519809      -5.98      2.08     -2.64  0.       -5289.225       3111.003      -1517.872    0.000  -0.139   0.381   0.
  2017 352  0 49 43 511 352.034531383      -5.91      2.07     -2.66  0.       -5288.368       3109.150      -1519.563    0.000  -0.139   0.381   0.
  2017 352  0 49 44 511 352.034542957      -5.99      2.05     -2.65  0.       -5287.509       3107.297      -1521.254    0.000  -0.138   0.380   0.
  2017 352  0 49 45 511 352.034554531      -5.97      2.04     -2.66  0.       -5286.650       3105.443      -1522.945    0.000  -0.138   0.380   0.
  2017 352  0 49 46 511 352.034566105      -5.98      2.04     -2.63  0.       -5285.790       3103.589      -1524.635    0.000  -0.139   0.381   0.
  2017 352  0 49 47 511 352.034577679      -5.99      2.03     -2.61  0.       -5284.929       3101.734      -1526.325    0.000  -0.139   0.381   0.
  2017 352  0 49 48 511 352.034589253      -6.01      2.05     -2.61  0.       -5284.068       3099.878      -1528.015    0.000  -0.139   0.381   0.
  2017 352  0 49 49 511 352.034600828      -5.98      2.01     -2.57  0.       -5283.205       3098.022      -1529.704    0.000  -0.139   0.381   0.
  2017 352  0 49 50 511 352.034612402      -6.01      2.01     -2.57  0.       -5282.341       3096.165      -1531.394    0.000  -0.139   0.381   0.
  2017 352  0 49 51 511 352.034623976      -6.13      1.98     -2.54  0.       -5281.477       3094.308      -1533.083    0.000  -0.139   0.381   0.
  2017 352  0 49 52 511 352.034635548      -6.15      1.99     -2.52  0.       -5280.612       3092.451      -1534.771    0.000  -0.139   0.381   0.
  2017 352  0 49 53 511 352.034647121      -6.19      1.98     -2.51  0.       -5279.745       3090.592      -1536.460    0.000  -0.139   0.381   0.
  2017 352  0 49 54 511 352.034658695      -6.25      1.96     -2.51  0.       -5278.878       3088.734      -1538.148    0.000  -0.138   0.380   0.
  2017 352  0 49 55 511 352.034670269      -6.30      1.99     -2.53  0.       -5278.010       3086.874      -1539.836    0.000  -0.138   0.380   0.
  2017 352  0 49 56 511 352.034681843      -6.38      1.96     -2.54  0.       -5277.141       3085.015      -1541.524    0.000  -0.139   0.381   0.
  2017 352  0 49 57 511 352.034693417      -6.43      1.94     -2.51  0.       -5276.271       3083.154      -1543.211    0.000  -0.139   0.381   0.
  2017 352  0 49 58 511 352.034704991      -6.47      1.94     -2.53  0.       -5275.400       3081.294      -1544.898    0.000  -0.139   0.381   0.
  2017 352  0 49 59 511 352.034716565      -6.56      1.93     -2.53  0.       -5274.529       3079.432      -1546.585    0.000  -0.139   0.381   0.
  2017 352  0 50  0 511 352.034728139      -6.63      1.88     -2.57  0.       -5273.656       3077.570      -1548.272    0.000  -0.138   0.380   0.
  2017 352  0 50  1 511 352.034739714      -6.67      1.90     -2.59  0.       -5272.783       3075.708      -1549.958    0.000  -0.138   0.380   0.
  2017 352  0 50  2 511 352.034751288      -6.75      1.88     -2.62  0.       -5271.908       3073.845      -1551.644    0.000  -0.138   0.379   0.
  2017 352  0 50  3 511 352.034762862      -6.81      1.90     -2.64  0.       -5271.033       3071.982      -1553.330    0.000  -0.138   0.379   0.
  2017 352  0 50  4 511 352.034774436      -6.91      1.89     -2.69  0.       -5270.157       3070.118      -1555.016    0.000  -0.137   0.377   0.
  2017 352  0 50  5 511 352.034786010      -6.92      1.92     -2.72  0.       -5269.280       3068.253      -1556.701    0.000  -0.137   0.376   0.
  2017 352  0 50  6 511 352.034797584      -6.94      1.92     -2.80  0.       -5268.402       3066.388      -1558.386    0.000  -0.136   0.373   0.
  2017 352  0 50  7 511 352.034809158      -7.03      1.92     -2.79  0.       -5267.523       3064.523      -1560.071    0.000  -0.135   0.372   0.
  2017 352  0 50  8 511 352.034820732      -7.09      1.88     -2.78  0.       -5266.643       3062.656      -1561.755    0.000  -0.134   0.368   0.
  2017 352  0 50  9 511 352.034832306      -7.12      1.92     -2.83  0.       -5265.762       3060.790      -1563.440    0.000  -0.134   0.367   0.
  2017 352  0 50 10 511 352.034843880      -7.13      1.94     -2.85  0.       -5264.881       3058.923      -1565.124    0.000  -0.130   0.358   0.
  2017 352  0 50 11 511 352.034855454      -7.19      1.95     -2.90  0.       -5263.998       3057.055      -1566.807    0.000  -0.129   0.355   0.
  2017 352  0 50 12 511 352.034867028      -7.22      1.98     -2.93  0.       -5263.115       3055.187      -1568.491    0.000  -0.125   0.346   0.
  2017 352  0 50 13 511 352.034878602      -7.16      2.01     -2.98  0.       -5262.230       3053.318      -1570.174    0.000  -0.124   0.342   0.
  2017 352  0 50 14 511 352.034890177      -7.17      2.07     -2.94  0.       -5261.345       3051.449      -1571.857    0.000  -0.121   0.333   0.
  2017 352  0 50 15 511 352.034901751      -7.18      2.07     -2.95  0.       -5260.459       3049.579      -1573.539    0.000  -0.120   0.330   0.
  2017 352  0 50 16 511 352.034913325      -7.20      2.17     -2.92  0.       -5259.572       3047.709      -1575.222    0.000  -0.115   0.316   0.
  2017 352  0 50 17 511 352.034924899      -7.22      2.15     -2.92  0.       -5258.684       3045.838      -1576.904    0.000  -0.113   0.310   0.
  2017 352  0 50 18 511 352.034936473      -7.17      2.21     -2.94  0.       -5257.795       3043.967      -1578.585    0.000  -0.109   0.300   0.
  2017 352  0 50 19 511 352.034948047      -7.14      2.21     -3.01  0.       -5256.905       3042.095      -1580.267    0.000  -0.108   0.296   0.
  2017 352  0 50 20 511 352.034959621      -7.14      2.25     -2.97  0.       -5256.015       3040.222      -1581.948    0.000  -0.103   0.283   0.
  2017 352  0 50 21 511 352.034971195      -7.14      2.26     -2.96  0.       -5255.123       3038.350      -1583.629    0.000  -0.101   0.278   0.
  2017 352  0 50 22 510 352.034982767      -7.15      2.29     -2.95  0.       -5254.230       3036.476      -1585.310    0.000  -0.095   0.262   0.
  2017 352  0 50 23 510 352.034994340      -7.12      2.30     -2.96  0.       -5253.337       3034.602      -1586.990    0.000  -0.093   0.256   0.
  2017 352  0 50 24 511 352.035005914      -7.11      2.33     -2.98  0.       -5252.443       3032.727      -1588.671    0.000  -0.089   0.245   0.
  2017 352  0 50 25 511 352.035017488      -7.13      2.34     -2.95  0.       -5251.547       3030.852      -1590.350    0.000  -0.088   0.241   0.
  2017 352  0 50 26 511 352.035029063      -7.07      2.40     -2.94  0.       -5250.651       3028.977      -1592.030    0.000  -0.083   0.227   0.
  2017 352  0 50 27 510 352.035040637      -7.16      2.40     -2.95  0.       -5249.754       3027.101      -1593.709    0.000  -0.081   0.222   0.
  2017 352  0 50 28 510 352.035052211      -7.15      2.40     -2.98  0.       -5248.856       3025.224      -1595.388    0.000  -0.075   0.205   0.
  2017 352  0 50 29 511 352.035063785      -7.21      2.40     -2.95  0.       -5247.957       3023.347      -1597.067    0.000  -0.073   0.199   0.
  2017 352  0 50 30 511 352.035075359      -7.21      2.37     -2.95  0.       -5247.057       3021.469      -1598.745    0.000  -0.069   0.188   0.
  2017 352  0 50 31 511 352.035086933      -7.24      2.41     -2.88  0.       -5246.157       3019.591      -1600.424    0.000  -0.067   0.184   0.
  2017 352  0 50 32 511 352.035098507      -7.23      2.40     -2.91  0.       -5245.255       3017.712      -1602.101    0.000  -0.062   0.171   0.
  2017 352  0 50 33 510 352.035110081      -7.24      2.42     -2.86  0.       -5244.352       3015.833      -1603.779    0.000  -0.060   0.166   0.
  2017 352  0 50 34 510 352.035121655      -7.20      2.43     -2.88  0.       -5243.449       3013.953      -1605.456    0.000  -0.055   0.150   0.
  2017 352  0 50 35 510 352.035133229      -7.30      2.47     -2.81  0.       -5242.544       3012.073      -1607.133    0.000  -0.053   0.144   0.
  2017 352  0 50 36 510 352.035144803      -7.30      2.49     -2.80  0.       -5241.639       3010.192      -1608.810    0.000  -0.049   0.135   0.
  2017 352  0 50 37 510 352.035156377      -7.32      2.53     -2.77  0.       -5240.733       3008.311      -1610.487    0.000  -0.048   0.131   0.
  2017 352  0 50 38 511 352.035167951      -7.31      2.55     -2.70  0.       -5239.826       3006.429      -1612.163    0.000  -0.044   0.120   0.
  2017 352  0 50 39 511 352.035179525      -7.35      2.58     -2.65  0.       -5238.918       3004.547      -1613.839    0.000  -0.042   0.115   0.
  2017 352  0 50 40 510 352.035191100      -7.31      2.58     -2.58  0.       -5238.009       3002.664      -1615.514    0.000  -0.037   0.101   0.
  2017 352  0 50 41 510 352.035202674      -7.34      2.60     -2.54  0.       -5237.099       3000.780      -1617.190    0.000  -0.035   0.095   0.
  2017 352  0 50 42 511 352.035214248      -7.34      2.60     -2.53  0.       -5236.188       2998.896      -1618.865    0.000  -0.031   0.087   0.
  2017 352  0 50 43 511 352.035225822      -7.36      2.61     -2.50  0.       -5235.276       2997.012      -1620.540    0.000  -0.030   0.084   0.
  2017 352  0 50 44 511 352.035237396      -7.34      2.60     -2.47  0.       -5234.364       2995.127      -1622.214    0.000  -0.027   0.075   0.
  2017 352  0 50 45 511 352.035248970      -7.34      2.58     -2.47  0.       -5233.450       2993.241      -1623.888    0.000  -0.026   0.071   0.
  2017 352  0 50 46 511 352.035260544      -7.34      2.58     -2.44  0.       -5232.535       2991.355      -1625.562    0.000  -0.022   0.062   0.
  2017 352  0 50 47 510 352.035272118      -7.30      2.58     -2.44  0.       -5231.620       2989.468      -1627.236    0.000  -0.021   0.058   0.
  2017 352  0 50 48 510 352.035283692      -7.29      2.61     -2.40  0.       -5230.704       2987.581      -1628.909    0.000  -0.019   0.052   0.
  2017 352  0 50 49 510 352.035295266      -7.18      2.62     -2.40  0.       -5229.786       2985.693      -1630.582    0.000  -0.018   0.049   0.
  2017 352  0 50 50 510 352.035306840      -7.13      2.65     -2.35  0.       -5228.868       2983.805      -1632.255    0.000  -0.015   0.042   0.
  2017 352  0 50 51 511 352.035318414      -7.10      2.60     -2.32  0.       -5227.949       2981.916      -1633.928    0.000  -0.014   0.039   0.
  2017 352  0 50 52 511 352.035329987      -7.11      2.64     -2.30  0.       -5227.029       2980.027      -1635.600    0.000  -0.011   0.030   0.
  2017 352  0 50 53 510 352.035341560      -7.12      2.59     -2.32  0.       -5226.108       2978.138      -1637.272    0.000  -0.010   0.027   0.
  2017 352  0 50 54 510 352.035353134      -7.11      2.59     -2.28  0.       -5225.186       2976.247      -1638.943    0.000  -0.008   0.023   0.
  2017 352  0 50 55 510 352.035364708      -7.10      2.58     -2.30  0.       -5224.263       2974.356      -1640.615    0.000  -0.007   0.021   0.
  2017 352  0 50 56 510 352.035376282      -7.11      2.60     -2.25  0.       -5223.340       2972.465      -1642.286    0.000  -0.006   0.016   0.
  2017 352  0 50 57 510 352.035387856      -7.10      2.59     -2.21  0.       -5222.415       2970.573      -1643.957    0.000  -0.005   0.014   0.
  2017 352  0 50 58 510 352.035399430      -7.10      2.58     -2.19  0.       -5221.489       2968.681      -1645.627    0.000  -0.004   0.010   0.
  2017 352  0 50 59 510 352.035411004      -7.08      2.57     -2.16  0.       -5220.563       2966.788      -1647.297    0.000  -0.003   0.008   0.
  2017 352  0 51  0 510 352.035422578      -7.12      2.55     -2.15  0.       -5219.635       2964.894      -1648.967    0.000  -0.002   0.006   0.
  2017 352  0 51  1 510 352.035434152      -7.07      2.55     -2.15  0.       -5218.707       2963.000      -1650.637    0.000  -0.002   0.005   0.
  2017 352  0 51  2 510 352.035445726      -7.11      2.52     -2.13  0.       -5217.778       2961.106      -1652.306    0.000  -0.001   0.003   0.
  2017 352  0 51  3 510 352.035457300      -7.16      2.48     -2.12  0.       -5216.848       2959.211      -1653.975    0.000  -0.001   0.002   0.
  2017 352  0 51  4 510 352.035468874      -7.18      2.47     -2.11  0.       -5215.917       2957.315      -1655.644    0.000  -0.000   0.001   0.
  2017 352  0 51  5 510 352.035480448      -7.18      2.49     -2.08  0.       -5214.984       2955.419      -1657.312    0.000   0.000   0.001   0.
  2017 352  0 51  6 510 352.035492023      -7.12      2.48     -2.07  0.       -5214.051       2953.522      -1658.980    0.000   0.000   0.001   0.
  2017 352  0 51  7 510 352.035503597      -7.11      2.46     -2.05  0.       -5213.118       2951.625      -1660.648    0.000   0.000   0.001   0.
  2017 352  0 51  8 510 352.035515171      -7.16      2.41     -2.06  0.       -5212.183       2949.727      -1662.315    0.000   0.000   0.001   0.
  2017 352  0 51  9 510 352.035526745      -7.15      2.42     -2.03  0.       -5211.247       2947.829      -1663.983    0.000   0.000   0.001   0.
  2017 352  0 51 10 510 352.035538319      -7.15      2.42     -2.05  0.       -5210.310       2945.931      -1665.649    0.000   0.000   0.001   0.
  2017 352  0 51 11 510 352.035549893      -7.16      2.42     -2.03  0.       -5209.373       2944.031      -1667.316    0.000   0.000   0.001   0.
  2017 352  0 51 12 510 352.035561467      -7.14      2.43     -1.98  0.       -5208.434       2942.132      -1668.982    0.000   0.000   0.000   0.
  2017 352  0 51 13 510 352.035573041      -7.12      2.43     -1.95  0.       -5207.494       2940.231      -1670.649    0.000   0.000   0.000   0.
  2017 352  0 51 14 510 352.035584615      -7.12      2.46     -1.98  0.       -5206.554       2938.330      -1672.314    0.000   0.000   0.001   0.
  2017 352  0 51 15 510 352.035596189      -7.19      2.41     -1.97  0.       -5205.613       2936.429      -1673.980    0.000   0.000   0.001   0.
  2017 352  0 51 16 510 352.035607763      -7.17      2.41     -2.00  0.       -5204.670       2934.527      -1675.645    0.000   0.000   0.000   0.
  2017 352  0 51 17 510 352.035619337      -7.22      2.40     -1.99  0.       -5203.727       2932.625      -1677.310    0.000   0.000   0.000   0.
  2017 352  0 51 18 510 352.035630911      -7.22      2.42     -1.99  0.       -5202.783       2930.722      -1678.974    0.000   0.000   0.000   0.
  2017 352  0 51 19 510 352.035642486      -7.20      2.42     -1.99  0.       -5201.838       2928.818      -1680.638    0.000   0.000   0.000   0.
  2017 352  0 51 20 510 352.035654057      -7.21      2.40     -1.98  0.       -5200.892       2926.914      -1682.302    0.000   0.000   0.001   0.
  2017 352  0 51 21 510 352.035665631      -7.24      2.40     -1.97  0.       -5199.945       2925.010      -1683.966    0.000   0.000   0.001   0.
  2017 352  0 51 22 510 352.035677205      -7.23      2.40     -2.00  0.       -5198.997       2923.105      -1685.629    0.000   0.000   0.000   0.
  2017 352  0 51 23 510 352.035688779      -7.25      2.38     -1.96  0.       -5198.048       2921.199      -1687.292    0.000   0.000   0.000   0.
  2017 352  0 51 24 510 352.035700353      -7.18      2.40     -1.95  0.       -5197.099       2919.293      -1688.955    0.000   0.000   0.000   0.
  2017 352  0 51 25 510 352.035711927      -7.21      2.39     -1.92  0.       -5196.148       2917.387      -1690.617    0.000   0.000   0.000   0.
  2017 352  0 51 26 510 352.035723501      -7.18      2.39     -1.92  0.       -5195.196       2915.479      -1692.279    0.000   0.000   0.000   0.
  2017 352  0 51 27 510 352.035735075      -7.19      2.40     -1.95  0.       -5194.244       2913.572      -1693.941    0.000   0.000   0.000   0.
  2017 352  0 51 28 510 352.035746649      -7.11      2.40     -1.93  0.       -5193.290       2911.664      -1695.603    0.000   0.000   0.000   0.
  2017 352  0 51 29 510 352.035758223      -7.11      2.41     -1.96  0.       -5192.336       2909.755      -1697.264    0.000   0.000   0.000   0.
  2017 352  0 51 30 510 352.035769797      -7.09      2.38     -1.95  0.       -5191.380       2907.845      -1698.925    0.000   0.000   0.000   0.
  2017 352  0 51 31 510 352.035781371      -7.12      2.39     -1.93  0.       -5190.424       2905.936      -1700.585    0.000   0.000   0.000   0.
  2017 352  0 51 32 510 352.035792946      -7.09      2.37     -1.92  0.       -5189.467       2904.026      -1702.245    0.000   0.000   0.000   0.
  2017 352  0 51 33 510 352.035804520      -7.06      2.41     -1.93  0.       -5188.509       2902.115      -1703.905    0.000   0.000   0.000   0.
  2017 352  0 51 34 510 352.035816094      -7.12      2.39     -1.93  0.       -5187.549       2900.203      -1705.565    0.000   0.000   0.000   0.
  2017 352  0 51 35 510 352.035827668      -7.11      2.40     -1.94  0.       -5186.589       2898.292      -1707.224    0.000   0.000   0.000   0.
  2017 352  0 51 36 510 352.035839242      -7.13      2.40     -1.91  0.       -5185.628       2896.379      -1708.883    0.000   0.000   0.000   0.
  2017 352  0 51 37 510 352.035850816      -7.11      2.37     -1.91  0.       -5184.666       2894.466      -1710.542    0.000   0.000   0.000   0.
  2017 352  0 51 38 510 352.035862390      -7.10      2.38     -1.88  0.       -5183.704       2892.553      -1712.200    0.000   0.000   0.000   0.
  2017 352  0 51 39 510 352.035873964      -7.08      2.38     -1.91  0.       -5182.740       2890.639      -1713.858    0.000   0.000   0.000   0.
  2017 352  0 51 40 510 352.035885538      -7.10      2.37     -1.88  0.       -5181.775       2888.724      -1715.516    0.000   0.000   0.000   0.
  2017 352  0 51 41 510 352.035897112      -7.07      2.35     -1.90  0.       -5180.809       2886.809      -1717.174    0.000   0.000   0.000   0.
  2017 352  0 51 42 510 352.035908686      -7.05      2.38     -1.87  0.       -5179.843       2884.894      -1718.831    0.000   0.000   0.000   0.
  2017 352  0 51 43 510 352.035920260      -7.01      2.37     -1.88  0.       -5178.875       2882.978      -1720.487    0.000   0.000   0.000   0.
  2017 352  0 51 44 510 352.035931834      -7.12      2.37     -1.88  0.       -5177.906       2881.061      -1722.144    0.000   0.000   0.000   0.
  2017 352  0 51 45 510 352.035943409      -7.17      2.33     -1.92  0.       -5176.937       2879.144      -1723.800    0.000   0.000   0.000   0.
  2017 352  0 51 46 510 352.035954983      -7.14      2.34     -1.86  0.       -5175.967       2877.226      -1725.456    0.000   0.000   0.000   0.
  2017 352  0 51 47 510 352.035966557      -7.11      2.31     -1.90  0.       -5174.995       2875.308      -1727.112    0.000   0.000   0.000   0.
  2017 352  0 51 48 510 352.035978131      -7.10      2.32     -1.87  0.       -5174.023       2873.389      -1728.767    0.000   0.000   0.000   0.
  2017 352  0 51 49 510 352.035989705      -7.11      2.31     -1.86  0.       -5173.050       2871.470      -1730.422    0.000   0.000   0.000   0.
  2017 352  0 51 50 510 352.036001279      -7.09      2.34     -1.86  0.       -5172.075       2869.550      -1732.076    0.000   0.000   0.000   0.
  2017 352  0 51 51 510 352.036012853      -7.02      2.32     -1.82  0.       -5171.100       2867.630      -1733.731    0.000   0.000   0.000   0.
  2017 352  0 51 52 510 352.036024425      -7.06      2.33     -1.84  0.       -5170.124       2865.709      -1735.385    0.000   0.000   0.000   0.
  2017 352  0 51 53 510 352.036035998      -7.07      2.32     -1.81  0.       -5169.147       2863.788      -1737.038    0.000   0.000   0.000   0.
  2017 352  0 51 54 510 352.036047572      -7.06      2.31     -1.84  0.       -5168.169       2861.866      -1738.692    0.000   0.000   0.000   0.
  2017 352  0 51 55 510 352.036059146      -7.07      2.32     -1.78  0.       -5167.190       2859.944      -1740.345    0.000   0.000   0.000   0.
  2017 352  0 51 56 510 352.036070720      -7.07      2.30     -1.83  0.       -5166.210       2858.021      -1741.997    0.000   0.000   0.000   0.
  2017 352  0 51 57 510 352.036082295      -7.06      2.33     -1.82  0.       -5165.229       2856.097      -1743.650    0.000   0.000   0.000   0.
  2017 352  0 51 58 510 352.036093869      -7.04      2.32     -1.83  0.       -5164.248       2854.174      -1745.302    0.000   0.000   0.000   0.
  2017 352  0 51 59 510 352.036105443      -7.04      2.32     -1.81  0.       -5163.265       2852.249      -1746.953    0.000   0.000   0.000   0.
  2017 352  0 52  0 510 352.036117017      -7.06      2.28     -1.87  0.       -5162.281       2850.324      -1748.605    0.000   0.000   0.000   0.
  2017 352  0 52  1 510 352.036128591      -7.06      2.30     -1.86  0.       -5161.297       2848.399      -1750.256    0.000   0.000   0.000   0.
  2017 352  0 52  2 510 352.036140165      -7.02      2.27     -1.87  0.       -5160.311       2846.472      -1751.907    0.000   0.000   0.000   0.
  2017 352  0 52  3 510 352.036151739      -6.98      2.30     -1.86  0.       -5159.325       2844.546      -1753.557    0.000   0.000   0.000   0.
  2017 352  0 52  4 510 352.036163313      -6.98      2.26     -1.82  0.       -5158.337       2842.619      -1755.207    0.000   0.000   0.000   0.
  2017 352  0 52  5 510 352.036174887      -7.00      2.26     -1.82  0.       -5157.349       2840.691      -1756.857    0.000   0.000   0.000   0.
  2017 352  0 52  6 510 352.036186461      -6.99      2.27     -1.84  0.       -5156.359       2838.763      -1758.507    0.000   0.000   0.000   0.
  2017 352  0 52  7 510 352.036198035      -7.02      2.24     -1.85  0.       -5155.369       2836.835      -1760.156    0.000   0.000   0.000   0.
  2017 352  0 52  8 510 352.036209609      -7.02      2.23     -1.86  0.       -5154.378       2834.905      -1761.804    0.000   0.000   0.000   0.
  2017 352  0 52  9 510 352.036221183      -7.03      2.23     -1.86  0.       -5153.385       2832.976      -1763.453    0.000   0.000   0.000   0.
  2017 352  0 52 10 510 352.036232758      -7.13      2.16     -1.88  0.       -5152.392       2831.045      -1765.101    0.000   0.000   0.000   0.
  2017 352  0 52 11 510 352.036244332      -7.14      2.15     -1.86  0.       -5151.398       2829.115      -1766.749    0.000   0.000   0.000   0.
  2017 352  0 52 12 510 352.036255906      -7.13      2.17     -1.91  0.       -5150.403       2827.183      -1768.396    0.000   0.000   0.000   0.
  2017 352  0 52 13 510 352.036267480      -7.17      2.17     -1.97  0.       -5149.407       2825.252      -1770.044    0.000   0.000   0.000   0.
  2017 352  0 52 14 510 352.036279054      -7.14      2.16     -1.89  0.       -5148.410       2823.319      -1771.690    0.000   0.000   0.000   0.
  2017 352  0 52 15 510 352.036290628      -7.15      2.14     -1.83  0.       -5147.412       2821.386      -1773.337    0.000   0.000   0.000   0.
  2017 352  0 52 16 510 352.036302202      -7.09      2.13     -1.81  0.       -5146.413       2819.453      -1774.983    0.000   0.000   0.000   0.
  2017 352  0 52 17 510 352.036313776      -7.05      2.15     -1.77  0.       -5145.413       2817.519      -1776.629    0.000   0.000   0.000   0.
  2017 352  0 52 18 510 352.036325350      -7.05      2.13     -1.77  0.       -5144.412       2815.585      -1778.275    0.000   0.000   0.000   0.
  2017 352  0 52 19 510 352.036336924      -7.05      2.15     -1.76  0.       -5143.411       2813.650      -1779.920    0.000   0.000   0.000   0.
  2017 352  0 52 20 510 352.036348498      -7.06      2.14     -1.77  0.       -5142.408       2811.714      -1781.565    0.000   0.000   0.000   0.
  2017 352  0 52 21 510 352.036360072      -7.04      2.15     -1.76  0.       -5141.404       2809.778      -1783.209    0.000   0.000   0.000   0.
  2017 352  0 52 22 509 352.036371644      -7.06      2.11     -1.70  0.       -5140.400       2807.842      -1784.853    0.000   0.000   0.000   0.
  2017 352  0 52 23 509 352.036383218      -7.04      2.11     -1.70  0.       -5139.394       2805.905      -1786.497    0.000   0.000   0.000   0.
  2017 352  0 52 24 510 352.036394792      -7.04      2.11     -1.68  0.       -5138.387       2803.967      -1788.141    0.000   0.000   0.000   0.
  2017 352  0 52 25 510 352.036406366      -7.05      2.10     -1.68  0.       -5137.380       2802.029      -1789.784    0.000   0.000   0.000   0.
  2017 352  0 52 26 510 352.036417940      -7.08      2.11     -1.68  0.       -5136.371       2800.090      -1791.427    0.000   0.000   0.000   0.
  2017 352  0 52 27 510 352.036429514      -7.04      2.08     -1.68  0.       -5135.362       2798.151      -1793.069    0.000   0.000   0.000   0.
  2017 352  0 52 28 510 352.036441088      -7.06      2.10     -1.65  0.       -5134.352       2796.212      -1794.711    0.000   0.000   0.000   0.
  2017 352  0 52 29 509 352.036452662      -7.05      2.08     -1.71  0.       -5133.340       2794.271      -1796.353    0.000   0.000   0.000   0.
  2017 352  0 52 30 509 352.036464236      -7.00      2.13     -1.64  0.       -5132.328       2792.331      -1797.995    0.000   0.000   0.000   0.
  2017 352  0 52 31 509 352.036475810      -7.01      2.09     -1.66  0.       -5131.315       2790.389      -1799.636    0.000   0.000   0.000   0.
  2017 352  0 52 32 509 352.036487384      -7.01      2.10     -1.63  0.       -5130.300       2788.448      -1801.277    0.000   0.000   0.000   0.
  2017 352  0 52 33 509 352.036498958      -7.02      2.04     -1.68  0.       -5129.285       2786.505      -1802.917    0.000   0.000   0.000   0.
  2017 352  0 52 34 510 352.036510532      -7.01      2.06     -1.66  0.       -5128.269       2784.563      -1804.557    0.000   0.000   0.000   0.
  2017 352  0 52 35 510 352.036522106      -7.04      2.02     -1.66  0.       -5127.252       2782.619      -1806.197    0.000   0.000   0.000   0.
  2017 352  0 52 36 509 352.036533681      -7.08      2.02     -1.68  0.       -5126.234       2780.675      -1807.837    0.000   0.000   0.000   0.
  2017 352  0 52 37 509 352.036545255      -7.06      2.03     -1.66  0.       -5125.215       2778.731      -1809.476    0.000   0.000   0.000   0.
  2017 352  0 52 38 510 352.036556829      -7.06      2.01     -1.67  0.       -5124.195       2776.786      -1811.115    0.000   0.000   0.000   0.
  2017 352  0 52 39 510 352.036568403      -7.03      2.01     -1.66  0.       -5123.174       2774.841      -1812.753    0.000   0.000   0.000   0.
  2017 352  0 52 40 510 352.036579977      -7.04      1.96     -1.67  0.       -5122.152       2772.895      -1814.391    0.000   0.000   0.000   0.
  2017 352  0 52 41 510 352.036591551      -7.02      1.95     -1.67  0.       -5121.129       2770.948      -1816.029    0.000   0.000   0.000   0.
  2017 352  0 52 42 509 352.036603125      -7.01      1.94     -1.66  0.       -5120.105       2769.001      -1817.666    0.000   0.000   0.000   0.
  2017 352  0 52 43 509 352.036614699      -7.03      1.94     -1.68  0.       -5119.080       2767.054      -1819.303    0.000   0.000   0.000   0.
  2017 352  0 52 44 509 352.036626273      -7.05      1.92     -1.68  0.       -5118.054       2765.106      -1820.940    0.000   0.000   0.000   0.
  2017 352  0 52 45 509 352.036637847      -6.97      1.93     -1.65  0.       -5117.027       2763.157      -1822.576    0.000   0.000   0.000   0.
  2017 352  0 52 46 509 352.036649421      -6.93      1.94     -1.67  0.       -5116.000       2761.208      -1824.213    0.000   0.000   0.000   0.
  2017 352  0 52 47 510 352.036660995      -6.89      1.94     -1.65  0.       -5114.971       2759.259      -1825.848    0.000   0.000   0.000   0.
  2017 352  0 52 48 510 352.036672569      -6.93      1.90     -1.62  0.       -5113.941       2757.308      -1827.484    0.000   0.000   0.000   0.
  2017 352  0 52 49 509 352.036684144      -6.93      1.88     -1.63  0.       -5112.911       2755.358      -1829.119    0.000   0.000   0.000   0.
  2017 352  0 52 50 509 352.036695716      -6.99      1.87     -1.64  0.       -5111.879       2753.407      -1830.753    0.000   0.000   0.000   0.
  2017 352  0 52 51 509 352.036707289      -7.00      1.82     -1.63  0.       -5110.846       2751.455      -1832.388    0.000   0.000   0.000   0.
  2017 352  0 52 52 509 352.036718863      -7.01      1.82     -1.62  0.       -5109.813       2749.503      -1834.021    0.000   0.000   0.000   0.
  2017 352  0 52 53 509 352.036730437      -6.99      1.79     -1.63  0.       -5108.778       2747.550      -1835.655    0.000   0.000   0.000   0.
  2017 352  0 52 54 509 352.036742011      -7.04      1.80     -1.70  0.       -5107.743       2745.597      -1837.288    0.000   0.000   0.000   0.
  2017 352  0 52 55 509 352.036753585      -7.08      1.79     -1.72  0.       -5106.706       2743.643      -1838.921    0.000   0.000   0.000   0.
  2017 352  0 52 56 509 352.036765159      -7.01      1.78     -1.66  0.       -5105.669       2741.689      -1840.553    0.000   0.000   0.000   0.
  2017 352  0 52 57 509 352.036776733      -6.99      1.78     -1.65  0.       -5104.630       2739.734      -1842.186    0.000   0.000   0.000   0.
  2017 352  0 52 58 509 352.036788307      -6.97      1.76     -1.66  0.       -5103.591       2737.779      -1843.818    0.000   0.000   0.000   0.
  2017 352  0 52 59 509 352.036799881      -7.00      1.76     -1.63  0.       -5102.551       2735.823      -1845.449    0.000   0.000   0.000   0.
  2017 352  0 53  0 509 352.036811455      -6.97      1.75     -1.63  0.       -5101.509       2733.866      -1847.080    0.000   0.000   0.000   0.
  2017 352  0 53  1 509 352.036823029      -6.95      1.78     -1.60  0.       -5100.467       2731.909      -1848.711    0.000   0.000   0.000   0.
  2017 352  0 53  2 509 352.036834604      -6.94      1.74     -1.62  0.       -5099.424       2729.952      -1850.342    0.000   0.000   0.000   0.
  2017 352  0 53  3 509 352.036846178      -6.92      1.76     -1.63  0.       -5098.379       2727.994      -1851.972    0.000   0.000   0.000   0.
  2017 352  0 53  4 509 352.036857752      -6.91      1.75     -1.65  0.       -5097.334       2726.036      -1853.601    0.000   0.000   0.000   0.
  2017 352  0 53  5 509 352.036869326      -6.94      1.74     -1.63  0.       -5096.288       2724.077      -1855.231    0.000   0.000   0.000   0.
  2017 352  0 53  6 509 352.036880900      -6.98      1.71     -1.65  0.       -5095.241       2722.117      -1856.860    0.000   0.000   0.000   0.
  2017 352  0 53  7 509 352.036892474      -6.97      1.72     -1.65  0.       -5094.193       2720.157      -1858.489    0.000   0.000   0.000   0.
  2017 352  0 53  8 509 352.036904048      -6.95      1.69     -1.64  0.       -5093.143       2718.196      -1860.117    0.000   0.000   0.000   0.
  2017 352  0 53  9 509 352.036915622      -6.95      1.69     -1.65  0.       -5092.093       2716.235      -1861.745    0.000   0.000   0.000   0.
  2017 352  0 53 10 509 352.036927196      -6.93      1.67     -1.65  0.       -5091.042       2714.274      -1863.372    0.000   0.000   0.000   0.
  2017 352  0 53 11 509 352.036938770      -6.94      1.65     -1.64  0.       -5089.990       2712.312      -1865.000    0.000   0.000   0.000   0.
  2017 352  0 53 12 509 352.036950344      -6.91      1.64     -1.60  0.       -5088.937       2710.349      -1866.626    0.000   0.000   0.000   0.
  2017 352  0 53 13 509 352.036961918      -6.90      1.66     -1.62  0.       -5087.883       2708.386      -1868.253    0.000   0.000   0.000   0.
  2017 352  0 53 14 509 352.036973492      -6.90      1.64     -1.61  0.       -5086.828       2706.422      -1869.879    0.000   0.000   0.000   0.
  2017 352  0 53 15 509 352.036985067      -6.94      1.61     -1.59  0.       -5085.772       2704.458      -1871.505    0.000   0.000   0.000   0.
  2017 352  0 53 16 509 352.036996641      -6.93      1.60     -1.59  0.       -5084.715       2702.493      -1873.130    0.000   0.000   0.000   0.
  2017 352  0 53 17 509 352.037008215      -6.93      1.60     -1.56  0.       -5083.657       2700.528      -1874.755    0.000   0.000   0.000   0.
  2017 352  0 53 18 509 352.037019789      -6.92      1.54     -1.55  0.       -5082.598       2698.562      -1876.380    0.000   0.000   0.000   0.
  2017 352  0 53 19 509 352.037031363      -6.92      1.56     -1.56  0.       -5081.538       2696.596      -1878.004    0.000   0.000   0.000   0.
  2017 352  0 53 20 509 352.037042935      -6.89      1.51     -1.56  0.       -5080.477       2694.629      -1879.628    0.000   0.000   0.000   0.
  2017 352  0 53 21 509 352.037054508      -6.92      1.53     -1.53  0.       -5079.416       2692.662      -1881.252    0.000   0.000   0.000   0.
  2017 352  0 53 22 509 352.037066082      -6.89      1.50     -1.54  0.       -5078.353       2690.694      -1882.875    0.000   0.000   0.000   0.
  2017 352  0 53 23 509 352.037077656      -6.93      1.52     -1.56  0.       -5077.289       2688.725      -1884.498    0.000   0.000   0.000   0.
  2017 352  0 53 24 509 352.037089230      -6.94      1.51     -1.57  0.       -5076.224       2686.757      -1886.121    0.000   0.000   0.000   0.
  2017 352  0 53 25 509 352.037100804      -6.95      1.48     -1.56  0.       -5075.158       2684.787      -1887.743    0.000   0.000   0.000   0.
  2017 352  0 53 26 509 352.037112379      -6.91      1.48     -1.52  0.       -5074.091       2682.817      -1889.364    0.000   0.000   0.000   0.
  2017 352  0 53 27 509 352.037123952      -6.95      1.47     -1.55  0.       -5073.024       2680.847      -1890.986    0.000   0.000   0.000   0.
  2017 352  0 53 28 509 352.037135527      -6.92      1.47     -1.52  0.       -5071.955       2678.876      -1892.607    0.000   0.000   0.000   0.
  2017 352  0 53 29 509 352.037147101      -6.94      1.49     -1.55  0.       -5070.885       2676.904      -1894.228    0.000   0.000   0.000   0.
  2017 352  0 53 30 509 352.037158675      -6.94      1.52     -1.55  0.       -5069.814       2674.932      -1895.848    0.000   0.000   0.000   0.
  2017 352  0 53 31 509 352.037170249      -6.97      1.50     -1.56  0.       -5068.743       2672.960      -1897.468    0.000   0.000   0.000   0.
  2017 352  0 53 32 509 352.037181823      -6.98      1.53     -1.57  0.       -5067.670       2670.987      -1899.087    0.000   0.000   0.000   0.
  2017 352  0 53 33 509 352.037193397      -6.99      1.50     -1.57  0.       -5066.596       2669.013      -1900.707    0.000   0.000   0.000   0.
  2017 352  0 53 34 509 352.037204971      -7.00      1.49     -1.56  0.       -5065.522       2667.039      -1902.325    0.000   0.000   0.000   0.
  2017 352  0 53 35 509 352.037216545      -6.94      1.49     -1.55  0.       -5064.446       2665.064      -1903.944    0.000   0.000   0.000   0.
  2017 352  0 53 36 509 352.037228119      -6.95      1.47     -1.53  0.       -5063.369       2663.089      -1905.562    0.000   0.000   0.000   0.
  2017 352  0 53 37 509 352.037239693      -6.94      1.48     -1.52  0.       -5062.292       2661.114      -1907.180    0.000   0.000   0.000   0.
  2017 352  0 53 38 509 352.037251267      -6.95      1.47     -1.50  0.       -5061.213       2659.137      -1908.797    0.000   0.000   0.000   0.
  2017 352  0 53 39 509 352.037262841      -6.96      1.51     -1.52  0.       -5060.134       2657.161      -1910.414    0.000   0.000   0.000   0.
  2017 352  0 53 40 509 352.037274415      -6.97      1.50     -1.50  0.       -5059.053       2655.184      -1912.030    0.000   0.000   0.000   0.
  2017 352  0 53 41 509 352.037285990      -6.95      1.51     -1.49  0.       -5057.971       2653.206      -1913.646    0.000   0.000   0.000   0.
  2017 352  0 53 42 509 352.037297564      -6.93      1.53     -1.46  0.       -5056.889       2651.228      -1915.263    0.000   0.000   0.000   0.
  2017 352  0 53 43 509 352.037309138      -6.96      1.51     -1.50  0.       -5055.805       2649.249      -1916.878    0.000   0.000   0.000   0.
  2017 352  0 53 44 509 352.037320712      -6.96      1.55     -1.44  0.       -5054.721       2647.269      -1918.493    0.000   0.000   0.000   0.
  2017 352  0 53 45 509 352.037332286      -6.97      1.54     -1.47  0.       -5053.635       2645.290      -1920.108    0.000   0.000   0.000   0.
  2017 352  0 53 46 509 352.037343860      -7.00      1.56     -1.43  0.       -5052.549       2643.309      -1921.722    0.000   0.000   0.000   0.
  2017 352  0 53 47 509 352.037355434      -6.90      1.54     -1.42  0.       -5051.461       2641.328      -1923.336    0.000   0.000   0.000   0.
  2017 352  0 53 48 509 352.037367008      -6.94      1.58     -1.41  0.       -5050.373       2639.347      -1924.949    0.000   0.000   0.000   0.
  2017 352  0 53 49 509 352.037378582      -6.89      1.57     -1.41  0.       -5049.283       2637.365      -1926.563    0.000   0.000   0.000   0.
  2017 352  0 53 50 509 352.037390154      -6.94      1.59     -1.40  0.       -5048.193       2635.383      -1928.175    0.000   0.000   0.000   0.
  2017 352  0 53 51 509 352.037401727      -6.92      1.56     -1.43  0.       -5047.101       2633.400      -1929.788    0.000   0.000   0.000   0.
  2017 352  0 53 52 509 352.037413302      -6.84      1.60     -1.38  0.       -5046.009       2631.416      -1931.400    0.000   0.000   0.000   0.
  2017 352  0 53 53 509 352.037424876      -6.77      1.62     -1.38  0.       -5044.915       2629.432      -1933.012    0.000   0.000   0.000   0.
  2017 352  0 53 54 509 352.037436450      -6.81      1.62     -1.39  0.       -5043.821       2627.448      -1934.623    0.000   0.000   0.000   0.
  2017 352  0 53 55 509 352.037448024      -6.82      1.63     -1.39  0.       -5042.725       2625.463      -1936.234    0.000   0.000   0.000   0.
  2017 352  0 53 56 509 352.037459598      -6.84      1.63     -1.39  0.       -5041.629       2623.477      -1937.844    0.000   0.000   0.000   0.
  2017 352  0 53 57 509 352.037471172      -6.85      1.65     -1.40  0.       -5040.531       2621.491      -1939.454    0.000   0.000   0.000   0.
  2017 352  0 53 58 509 352.037482746      -6.81      1.67     -1.39  0.       -5039.433       2619.505      -1941.064    0.000   0.000   0.000   0.
  2017 352  0 53 59 509 352.037494320      -6.83      1.68     -1.40  0.       -5038.333       2617.518      -1942.673    0.000   0.000   0.000   0.
  2017 352  0 54  0 509 352.037505894      -6.92      1.67     -1.40  0.       -5037.233       2615.530      -1944.282    0.000   0.000   0.000   0.
  2017 352  0 54  1 509 352.037517468      -6.85      1.69     -1.41  0.       -5036.131       2613.542      -1945.891    0.000   0.000   0.000   0.
  2017 352  0 54  2 509 352.037529042      -6.85      1.76     -1.43  0.       -5035.029       2611.553      -1947.499    0.000   0.000   0.000   0.
  2017 352  0 54  3 509 352.037540616      -6.80      1.76     -1.43  0.       -5033.925       2609.564      -1949.107    0.000   0.000   0.000   0.
  2017 352  0 54  4 509 352.037552190      -6.82      1.81     -1.40  0.       -5032.821       2607.575      -1950.714    0.000   0.000   0.000   0.
  2017 352  0 54  5 509 352.037563764      -6.80      1.83     -1.40  0.       -5031.715       2605.584      -1952.321    0.000   0.000   0.000   0.
  2017 352  0 54  6 509 352.037575339      -6.84      1.86     -1.39  0.       -5030.609       2603.594      -1953.928    0.000   0.000   0.000   0.
  2017 352  0 54  7 509 352.037586913      -6.85      1.89     -1.42  0.       -5029.501       2601.602      -1955.534    0.000   0.000   0.000   0.
  2017 352  0 54  8 509 352.037598487      -6.85      1.87     -1.38  0.       -5028.393       2599.610      -1957.140    0.000   0.000   0.000   0.
  2017 352  0 54  9 509 352.037610061      -6.85      1.84     -1.38  0.       -5027.284       2597.618      -1958.746    0.000   0.000   0.000   0.
  2017 352  0 54 10 509 352.037621635      -6.91      1.84     -1.40  0.       -5026.173       2595.626      -1960.351    0.000   0.000   0.000   0.
  2017 352  0 54 11 509 352.037633209      -6.94      1.82     -1.40  0.       -5025.061       2593.632      -1961.955    0.000   0.000   0.000   0.
  2017 352  0 54 12 509 352.037644783      -7.01      1.83     -1.43  0.       -5023.949       2591.638      -1963.560    0.000   0.000   0.000   0.
  2017 352  0 54 13 509 352.037656357      -6.92      1.83     -1.38  0.       -5022.836       2589.644      -1965.164    0.000   0.000   0.000   0.
  2017 352  0 54 14 509 352.037667931      -6.95      1.81     -1.40  0.       -5021.721       2587.649      -1966.767    0.000   0.000   0.000   0.
  2017 352  0 54 15 509 352.037679505      -6.96      1.81     -1.42  0.       -5020.606       2585.654      -1968.370    0.000   0.000   0.000   0.
  2017 352  0 54 16 509 352.037691079      -6.94      1.80     -1.42  0.       -5019.489       2583.658      -1969.973    0.000   0.000   0.000   0.
  2017 352  0 54 17 509 352.037702653      -6.95      1.78     -1.46  0.       -5018.372       2581.662      -1971.575    0.000   0.000   0.000   0.
  2017 352  0 54 18 509 352.037714227      -7.00      1.77     -1.46  0.       -5017.253       2579.665      -1973.177    0.000   0.000   0.000   0.
  2017 352  0 54 19 509 352.037725802      -7.02      1.76     -1.49  0.       -5016.133       2577.667      -1974.779    0.000   0.000   0.000   0.
  2017 352  0 54 20 509 352.037737373      -6.99      1.78     -1.50  0.       -5015.013       2575.669      -1976.380    0.000   0.000   0.000   0.
  2017 352  0 54 21 509 352.037748947      -7.02      1.73     -1.48  0.       -5013.892       2573.671      -1977.981    0.000   0.000   0.000   0.
  2017 352  0 54 22 509 352.037760521      -7.05      1.75     -1.53  0.       -5012.769       2571.672      -1979.581    0.000   0.000   0.000   0.
  2017 352  0 54 23 509 352.037772095      -7.04      1.72     -1.58  0.       -5011.646       2569.672      -1981.181    0.000   0.000   0.000   0.
  2017 352  0 54 24 509 352.037783669      -7.07      1.70     -1.59  0.       -5010.521       2567.672      -1982.780    0.000   0.000   0.000   0.
  2017 352  0 54 25 508 352.037795243      -7.10      1.69     -1.58  0.       -5009.396       2565.672      -1984.379    0.000   0.000   0.000   0.
  2017 352  0 54 26 508 352.037806817      -7.11      1.69     -1.64  0.       -5008.269       2563.671      -1985.978    0.000   0.000   0.000   0.
  2017 352  0 54 27 508 352.037818391      -7.11      1.71     -1.64  0.       -5007.141       2561.669      -1987.576    0.000   0.000   0.000   0.
  2017 352  0 54 28 508 352.037829965      -7.13      1.71     -1.66  0.       -5006.013       2559.667      -1989.174    0.000   0.000   0.000   0.
  2017 352  0 54 29 509 352.037841539      -7.17      1.72     -1.66  0.       -5004.883       2557.664      -1990.772    0.000   0.000   0.000   0.
  2017 352  0 54 30 509 352.037853113      -7.16      1.71     -1.71  0.       -5003.753       2555.661      -1992.369    0.000   0.000   0.000   0.
  2017 352  0 54 31 509 352.037864687      -7.16      1.71     -1.68  0.       -5002.621       2553.658      -1993.966    0.000   0.000   0.000   0.
  2017 352  0 54 32 508 352.037876262      -7.17      1.71     -1.75  0.       -5001.488       2551.653      -1995.562    0.000   0.000   0.000   0.
  2017 352  0 54 33 509 352.037887836      -7.17      1.72     -1.75  0.       -5000.355       2549.649      -1997.158    0.000   0.000   0.000   0.
  2017 352  0 54 34 509 352.037899410      -7.21      1.75     -1.79  0.       -4999.220       2547.644      -1998.753    0.000   0.000   0.000   0.
  2017 352  0 54 35 509 352.037910984      -7.21      1.74     -1.80  0.       -4998.085       2545.638      -2000.349    0.000   0.000   0.000   0.
  2017 352  0 54 36 509 352.037922558      -7.20      1.74     -1.82  0.       -4996.948       2543.632      -2001.943    0.000   0.000   0.000   0.
  2017 352  0 54 37 509 352.037934132      -7.16      1.77     -1.88  0.       -4995.810       2541.625      -2003.538    0.000   0.000   0.000   0.
  2017 352  0 54 38 508 352.037945706      -7.08      1.81     -1.85  0.       -4994.672       2539.618      -2005.131    0.000   0.000   0.000   0.
  2017 352  0 54 39 508 352.037957280      -7.12      1.80     -1.86  0.       -4993.532       2537.610      -2006.725    0.000   0.000   0.000   0.
  2017 352  0 54 40 508 352.037968854      -7.15      1.81     -1.87  0.       -4992.391       2535.602      -2008.318    0.000   0.000   0.000   0.
  2017 352  0 54 41 508 352.037980428      -7.17      1.80     -1.89  0.       -4991.249       2533.593      -2009.911    0.000   0.000   0.000   0.
  2017 352  0 54 42 508 352.037992002      -7.17      1.80     -1.89  0.       -4990.107       2531.584      -2011.503    0.000   0.000   0.000   0.
  2017 352  0 54 43 509 352.038003576      -7.17      1.84     -1.87  0.       -4988.963       2529.574      -2013.095    0.000   0.000   0.000   0.
  2017 352  0 54 44 509 352.038015150      -7.22      1.80     -1.92  0.       -4987.818       2527.563      -2014.686    0.000   0.000   0.000   0.
  2017 352  0 54 45 508 352.038026725      -7.23      1.84     -1.90  0.       -4986.672       2525.552      -2016.277    0.000   0.000   0.000   0.
  2017 352  0 54 46 508 352.038038299      -7.28      1.81     -1.94  0.       -4985.526       2523.541      -2017.868    0.000   0.000   0.000   0.
  2017 352  0 54 47 509 352.038049873      -7.26      1.84     -1.94  0.       -4984.378       2521.529      -2019.458    0.000   0.000   0.000   0.
  2017 352  0 54 48 509 352.038061445      -7.36      1.82     -1.98  0.       -4983.229       2519.517      -2021.048    0.000   0.000   0.000   0.
  2017 352  0 54 49 508 352.038073018      -7.28      1.85     -1.97  0.       -4982.079       2517.504      -2022.637    0.000   0.000   0.000   0.
  2017 352  0 54 50 508 352.038084592      -7.31      1.85     -2.00  0.       -4980.928       2515.490      -2024.226    0.000   0.000   0.000   0.
  2017 352  0 54 51 508 352.038096166      -7.24      1.84     -1.97  0.       -4979.776       2513.476      -2025.814    0.000   0.000   0.000   0.
  2017 352  0 54 52 508 352.038107740      -7.24      1.85     -1.97  0.       -4978.623       2511.462      -2027.403    0.000   0.000   0.000   0.
  2017 352  0 54 53 508 352.038119314      -7.20      1.87     -1.98  0.       -4977.469       2509.447      -2028.990    0.000   0.000   0.000   0.
  2017 352  0 54 54 508 352.038130888      -7.26      1.85     -1.98  0.       -4976.315       2507.432      -2030.578    0.000   0.000   0.000   0.
  2017 352  0 54 55 508 352.038142462      -7.25      1.84     -1.96  0.       -4975.158       2505.416      -2032.164    0.000   0.000   0.000   0.
  2017 352  0 54 56 508 352.038154036      -7.20      1.86     -2.01  0.       -4974.002       2503.399      -2033.751    0.000   0.000   0.000   0.
  2017 352  0 54 57 508 352.038165611      -7.22      1.86     -1.98  0.       -4972.843       2501.382      -2035.337    0.000   0.000   0.000   0.
  2017 352  0 54 58 508 352.038177185      -7.14      1.86     -2.02  0.       -4971.684       2499.364      -2036.922    0.000   0.000   0.000   0.
  2017 352  0 54 59 508 352.038188759      -7.12      1.87     -1.99  0.       -4970.524       2497.346      -2038.508    0.000   0.000   0.000   0.
  2017 352  0 55  0 508 352.038200333      -7.15      1.82     -2.04  0.       -4969.363       2495.328      -2040.092    0.000   0.000   0.000   0.
  2017 352  0 55  1 508 352.038211907      -7.13      1.85     -2.01  0.       -4968.201       2493.309      -2041.677    0.000   0.000   0.000   0.
  2017 352  0 55  2 508 352.038223481      -7.13      1.80     -2.07  0.       -4967.038       2491.289      -2043.261    0.000   0.000   0.000   0.
  2017 352  0 55  3 508 352.038235055      -7.11      1.86     -2.07  0.       -4965.874       2489.269      -2044.844    0.000   0.000   0.000   0.
  2017 352  0 55  4 508 352.038246629      -7.12      1.86     -2.09  0.       -4964.709       2487.248      -2046.427    0.000   0.000   0.000   0.
  2017 352  0 55  5 508 352.038258203      -7.11      1.83     -2.07  0.       -4963.543       2485.227      -2048.010    0.000   0.000   0.000   0.
  2017 352  0 55  6 508 352.038269777      -7.10      1.83     -2.06  0.       -4962.375       2483.206      -2049.592    0.000   0.000   0.000   0.
  2017 352  0 55  7 508 352.038281351      -7.13      1.80     -2.03  0.       -4961.207       2481.183      -2051.174    0.000   0.000   0.000   0.
  2017 352  0 55  8 508 352.038292925      -7.15      1.80     -2.04  0.       -4960.038       2479.161      -2052.755    0.000   0.000   0.000   0.
  2017 352  0 55  9 508 352.038304499      -7.12      1.82     -2.03  0.       -4958.867       2477.137      -2054.336    0.000   0.000   0.000   0.
  2017 352  0 55 10 508 352.038316073      -7.12      1.83     -2.03  0.       -4957.696       2475.114      -2055.917    0.000   0.000   0.000   0.
  2017 352  0 55 11 508 352.038327648      -7.13      1.85     -2.08  0.       -4956.524       2473.090      -2057.497    0.000   0.000   0.000   0.
  2017 352  0 55 12 508 352.038339222      -7.11      1.85     -2.13  0.       -4955.350       2471.065      -2059.076    0.000   0.000   0.000   0.
  2017 352  0 55 13 508 352.038350796      -7.14      1.89     -2.09  0.       -4954.176       2469.040      -2060.656    0.000   0.000   0.000   0.
  2017 352  0 55 14 508 352.038362370      -7.09      1.90     -2.10  0.       -4953.001       2467.014      -2062.234    0.000   0.000   0.000   0.
  2017 352  0 55 15 508 352.038373944      -7.08      1.94     -2.08  0.       -4951.824       2464.987      -2063.813    0.000   0.000   0.000   0.
  2017 352  0 55 16 508 352.038385518      -7.11      1.91     -2.11  0.       -4950.647       2462.961      -2065.391    0.000   0.000   0.000   0.
  2017 352  0 55 17 508 352.038397092      -7.07      1.96     -2.12  0.       -4949.468       2460.933      -2066.968    0.000   0.000   0.000   0.
  2017 352  0 55 18 508 352.038408666      -7.08      1.96     -2.14  0.       -4948.288       2458.906      -2068.545    0.000   0.000   0.000   0.
  2017 352  0 55 19 508 352.038420240      -7.06      1.98     -2.13  0.       -4947.108       2456.877      -2070.122    0.000   0.000   0.000   0.
  2017 352  0 55 20 508 352.038431812      -7.08      1.97     -2.12  0.       -4945.926       2454.848      -2071.698    0.000   0.000   0.000   0.
  2017 352  0 55 21 508 352.038443385      -7.08      1.98     -2.13  0.       -4944.744       2452.819      -2073.274    0.000   0.000   0.000   0.
  2017 352  0 55 22 508 352.038454960      -7.00      1.98     -2.08  0.       -4943.559       2450.789      -2074.849    0.000   0.000   0.000   0.
  2017 352  0 55 23 508 352.038466534      -6.94      2.00     -2.09  0.       -4942.375       2448.759      -2076.424    0.000   0.000   0.000   0.
  2017 352  0 55 24 508 352.038478108      -7.00      1.98     -2.13  0.       -4941.189       2446.728      -2077.999    0.000   0.000   0.000   0.
  2017 352  0 55 25 508 352.038489682      -7.00      2.00     -2.10  0.       -4940.003       2444.697      -2079.573    0.000   0.000   0.000   0.
  2017 352  0 55 26 508 352.038501256      -6.95      1.99     -2.13  0.       -4938.815       2442.665      -2081.146    0.000   0.000   0.000   0.
  2017 352  0 55 27 508 352.038512830      -6.92      1.99     -2.12  0.       -4937.626       2440.632      -2082.720    0.000   0.000   0.000   0.
  2017 352  0 55 28 508 352.038524404      -6.98      1.94     -2.12  0.       -4936.436       2438.599      -2084.292    0.000   0.000   0.000   0.
  2017 352  0 55 29 508 352.038535978      -7.07      1.93     -2.13  0.       -4935.245       2436.566      -2085.865    0.000   0.000   0.000   0.
  2017 352  0 55 30 508 352.038547552      -7.02      1.91     -2.13  0.       -4934.053       2434.532      -2087.436    0.000   0.000   0.000   0.
  2017 352  0 55 31 508 352.038559126      -7.01      1.89     -2.12  0.       -4932.860       2432.497      -2089.008    0.000   0.000   0.000   0.
  2017 352  0 55 32 508 352.038570700      -7.02      1.83     -2.12  0.       -4931.666       2430.462      -2090.579    0.000   0.000   0.000   0.
  2017 352  0 55 33 508 352.038582274      -6.97      1.80     -2.12  0.       -4930.471       2428.427      -2092.149    0.000   0.000   0.000   0.
  2017 352  0 55 34 508 352.038593848      -6.96      1.75     -2.13  0.       -4929.275       2426.391      -2093.719    0.000   0.000   0.000   0.
  2017 352  0 55 35 508 352.038605423      -6.91      1.73     -2.13  0.       -4928.078       2424.354      -2095.289    0.000   0.000   0.000   0.
  2017 352  0 55 36 508 352.038616996      -6.93      1.73     -2.15  0.       -4926.880       2422.317      -2096.858    0.000   0.000   0.000   0.
  2017 352  0 55 37 508 352.038628571      -6.96      1.71     -2.13  0.       -4925.680       2420.280      -2098.427    0.000   0.000   0.000   0.
  2017 352  0 55 38 508 352.038640145      -6.92      1.72     -2.14  0.       -4924.480       2418.242      -2099.995    0.000   0.000   0.000   0.
  2017 352  0 55 39 508 352.038651719      -6.95      1.73     -2.18  0.       -4923.279       2416.203      -2101.563    0.000   0.000   0.000   0.
  2017 352  0 55 40 508 352.038663293      -6.86      1.75     -2.17  0.       -4922.077       2414.164      -2103.131    0.000   0.000   0.000   0.
  2017 352  0 55 41 508 352.038674867      -6.82      1.80     -2.12  0.       -4920.873       2412.124      -2104.698    0.000   0.000   0.000   0.
  2017 352  0 55 42 508 352.038686441      -6.81      1.80     -2.18  0.       -4919.669       2410.084      -2106.264    0.000   0.000   0.000   0.
  2017 352  0 55 43 508 352.038698015      -6.80      1.78     -2.15  0.       -4918.463       2408.044      -2107.830    0.000   0.000   0.000   0.
  2017 352  0 55 44 508 352.038709589      -6.82      1.77     -2.21  0.       -4917.257       2406.003      -2109.396    0.000   0.000   0.000   0.
  2017 352  0 55 45 508 352.038721163      -6.76      1.81     -2.17  0.       -4916.049       2403.961      -2110.961    0.000   0.000   0.000   0.
  2017 352  0 55 46 508 352.038732737      -6.80      1.80     -2.18  0.       -4914.841       2401.919      -2112.526    0.000   0.000   0.000   0.
  2017 352  0 55 47 508 352.038744311      -6.81      1.82     -2.22  0.       -4913.631       2399.876      -2114.090    0.000   0.000   0.000   0.
  2017 352  0 55 48 508 352.038755885      -6.77      1.85     -2.26  0.       -4912.420       2397.833      -2115.654    0.000   0.000   0.000   0.
  2017 352  0 55 49 508 352.038767460      -6.77      1.84     -2.19  0.       -4911.209       2395.789      -2117.218    0.000   0.000   0.000   0.
  2017 352  0 55 50 508 352.038779031      -6.79      1.86     -2.26  0.       -4909.996       2393.745      -2118.780    0.000   0.000   0.000   0.
  2017 352  0 55 51 508 352.038790605      -6.85      1.87     -2.26  0.       -4908.782       2391.701      -2120.343    0.000   0.000   0.000   0.
  2017 352  0 55 52 508 352.038802179      -6.75      1.92     -2.24  0.       -4907.567       2389.655      -2121.905    0.000   0.000   0.000   0.
  2017 352  0 55 53 508 352.038813753      -6.77      1.92     -2.28  0.       -4906.351       2387.610      -2123.467    0.000   0.000   0.000   0.
  2017 352  0 55 54 508 352.038825327      -6.74      1.92     -2.30  0.       -4905.135       2385.564      -2125.028    0.000   0.000   0.000   0.
  2017 352  0 55 55 508 352.038836901      -6.88      1.92     -2.35  0.       -4903.916       2383.517      -2126.588    0.000   0.000   0.000   0.
  2017 352  0 55 56 508 352.038848475      -6.81      1.90     -2.31  0.       -4902.697       2381.470      -2128.149    0.000   0.000   0.000   0.
  2017 352  0 55 57 508 352.038860049      -6.78      1.91     -2.25  0.       -4901.477       2379.422      -2129.708    0.000   0.000   0.000   0.
  2017 352  0 55 58 508 352.038871623      -6.86      1.89     -2.32  0.       -4900.256       2377.374      -2131.268    0.000   0.000   0.000   0.
  2017 352  0 55 59 508 352.038883197      -6.83      1.89     -2.28  0.       -4899.034       2375.325      -2132.826    0.000   0.000   0.000   0.
  2017 352  0 56  0 508 352.038894771      -6.81      1.91     -2.27  0.       -4897.811       2373.276      -2134.385    0.000   0.000   0.000   0.
  2017 352  0 56  1 508 352.038906346      -6.78      1.91     -2.22  0.       -4896.587       2371.226      -2135.943    0.000   0.000   0.000   0.
  2017 352  0 56  2 508 352.038917920      -6.79      1.91     -2.22  0.       -4895.361       2369.176      -2137.500    0.000   0.000   0.000   0.
  2017 352  0 56  3 508 352.038929494      -6.83      1.89     -2.23  0.       -4894.135       2367.125      -2139.057    0.000   0.000   0.000   0.
  2017 352  0 56  4 508 352.038941068      -6.83      1.93     -2.25  0.       -4892.907       2365.073      -2140.614    0.000   0.000   0.000   0.
  2017 352  0 56  5 508 352.038952642      -6.90      1.91     -2.25  0.       -4891.679       2363.022      -2142.170    0.000   0.000   0.000   0.
  2017 352  0 56  6 508 352.038964216      -6.90      1.92     -2.23  0.       -4890.449       2360.969      -2143.726    0.000   0.000   0.000   0.
  2017 352  0 56  7 508 352.038975790      -6.97      1.95     -2.22  0.       -4889.219       2358.917      -2145.281    0.000   0.000   0.000   0.
  2017 352  0 56  8 508 352.038987364      -6.99      1.93     -2.26  0.       -4887.987       2356.863      -2146.835    0.000   0.000   0.000   0.
  2017 352  0 56  9 508 352.038998938      -7.01      1.95     -2.22  0.       -4886.755       2354.809      -2148.390    0.000   0.000   0.000   0.
  2017 352  0 56 10 508 352.039010512      -7.02      1.93     -2.21  0.       -4885.521       2352.755      -2149.943    0.000   0.000   0.000   0.
  2017 352  0 56 11 508 352.039022086      -7.08      1.97     -2.23  0.       -4884.286       2350.700      -2151.497    0.000   0.000   0.000   0.
  2017 352  0 56 12 508 352.039033660      -7.08      1.99     -2.23  0.       -4883.050       2348.645      -2153.050    0.000   0.000   0.000   0.
  2017 352  0 56 13 508 352.039045234      -7.05      1.99     -2.20  0.       -4881.813       2346.589      -2154.602    0.000   0.000   0.000   0.
  2017 352  0 56 14 508 352.039056808      -7.11      2.00     -2.21  0.       -4880.576       2344.533      -2156.154    0.000   0.000   0.000   0.
  2017 352  0 56 15 508 352.039068383      -7.14      1.97     -2.23  0.       -4879.336       2342.476      -2157.705    0.000   0.000   0.000   0.
  2017 352  0 56 16 508 352.039079957      -7.15      2.00     -2.23  0.       -4878.096       2340.418      -2159.256    0.000   0.000   0.000   0.
  2017 352  0 56 17 508 352.039091531      -7.19      1.95     -2.23  0.       -4876.855       2338.361      -2160.807    0.000   0.000   0.000   0.
  2017 352  0 56 18 508 352.039103105      -7.22      1.98     -2.28  0.       -4875.613       2336.302      -2162.357    0.000   0.000   0.000   0.
  2017 352  0 56 19 508 352.039114679      -7.16      1.99     -2.31  0.       -4874.370       2334.243      -2163.907    0.000   0.000   0.000   0.
  2017 352  0 56 20 507 352.039126251      -7.14      2.06     -2.40  0.       -4873.126       2332.184      -2165.456    0.000   0.000   0.000   0.
  2017 352  0 56 21 507 352.039137824      -7.21      2.05     -2.50  0.       -4871.880       2330.124      -2167.004    0.000   0.000   0.000   0.
  2017 352  0 56 22 507 352.039149398      -7.27      2.03     -2.59  0.       -4870.634       2328.064      -2168.552    0.000   0.000   0.000   0.
  2017 352  0 56 23 507 352.039160972      -7.29      2.04     -2.61  0.       -4869.386       2326.003      -2170.100    0.000   0.000   0.000   0.
  2017 352  0 56 24 507 352.039172546      -7.31      2.04     -2.65  0.       -4868.138       2323.941      -2171.647    0.000   0.000   0.000   0.
  2017 352  0 56 25 508 352.039184120      -7.24      2.08     -2.66  0.       -4866.888       2321.879      -2173.194    0.000   0.000   0.000   0.
  2017 352  0 56 26 508 352.039195694      -7.20      2.15     -2.70  0.       -4865.638       2319.817      -2174.740    0.000   0.000   0.000   0.
  2017 352  0 56 27 507 352.039207269      -7.13      2.21     -2.75  0.       -4864.386       2317.754      -2176.286    0.000   0.000   0.000   0.
  2017 352  0 56 28 507 352.039218843      -7.08      2.29     -2.78  0.       -4863.133       2315.690      -2177.831    0.000   0.000   0.000   0.
  2017 352  0 56 29 508 352.039230417      -7.05      2.31     -2.81  0.       -4861.880       2313.626      -2179.376    0.000   0.000   0.000   0.
  2017 352  0 56 30 508 352.039241991      -7.12      2.34     -2.82  0.       -4860.625       2311.562      -2180.921    0.000   0.000   0.000   0.
  2017 352  0 56 31 508 352.039253565      -7.08      2.34     -2.76  0.       -4859.369       2309.497      -2182.465    0.000   0.000   0.000   0.
  2017 352  0 56 32 508 352.039265139      -7.08      2.36     -2.74  0.       -4858.112       2307.432      -2184.008    0.000   0.000   0.000   0.
  2017 352  0 56 33 508 352.039276713      -7.12      2.35     -2.74  0.       -4856.854       2305.366      -2185.551    0.000   0.000   0.000   0.
  2017 352  0 56 34 507 352.039288287      -7.12      2.34     -2.72  0.       -4855.595       2303.299      -2187.093    0.000   0.000   0.000   0.
  2017 352  0 56 35 507 352.039299861      -7.16      2.35     -2.67  0.       -4854.334       2301.232      -2188.635    0.000   0.000   0.000   0.
  2017 352  0 56 36 507 352.039311435      -7.24      2.34     -2.71  0.       -4853.073       2299.165      -2190.177    0.000   0.000   0.000   0.
  2017 352  0 56 37 507 352.039323009      -7.13      2.36     -2.62  0.       -4851.811       2297.097      -2191.718    0.000   0.000   0.000   0.
  2017 352  0 56 38 507 352.039334583      -7.06      2.38     -2.51  0.       -4850.547       2295.028      -2193.258    0.000   0.000   0.000   0.
  2017 352  0 56 39 508 352.039346157      -7.03      2.38     -2.50  0.       -4849.283       2292.959      -2194.798    0.000   0.000   0.000   0.
  2017 352  0 56 40 508 352.039357732      -7.13      2.38     -2.47  0.       -4848.018       2290.890      -2196.338    0.000   0.000   0.000   0.
  2017 352  0 56 41 507 352.039369306      -7.13      2.34     -2.47  0.       -4846.751       2288.820      -2197.877    0.000   0.000   0.000   0.
  2017 352  0 56 42 507 352.039380880      -7.07      2.38     -2.45  0.       -4845.483       2286.749      -2199.416    0.000   0.000   0.000   0.
  2017 352  0 56 43 508 352.039392454      -7.04      2.36     -2.46  0.       -4844.215       2284.678      -2200.954    0.000   0.000   0.000   0.
  2017 352  0 56 44 508 352.039404028      -7.05      2.37     -2.50  0.       -4842.945       2282.607      -2202.491    0.000   0.000   0.000   0.
  2017 352  0 56 45 508 352.039415602      -7.13      2.34     -2.55  0.       -4841.674       2280.534      -2204.028    0.000   0.000   0.000   0.
  2017 352  0 56 46 508 352.039427176      -7.10      2.34     -2.56  0.       -4840.402       2278.462      -2205.565    0.000   0.000   0.000   0.
  2017 352  0 56 47 507 352.039438750      -6.97      2.32     -2.50  0.       -4839.129       2276.389      -2207.101    0.000   0.000   0.000   0.
  2017 352  0 56 48 507 352.039450322      -6.89      2.32     -2.51  0.       -4837.855       2274.315      -2208.637    0.000   0.000   0.000   0.
  2017 352  0 56 49 507 352.039461895      -6.78      2.33     -2.54  0.       -4836.580       2272.241      -2210.172    0.000   0.000   0.000   0.
  2017 352  0 56 50 507 352.039473469      -6.73      2.34     -2.53  0.       -4835.304       2270.167      -2211.707    0.000   0.000   0.000   0.
  2017 352  0 56 51 507 352.039485043      -6.73      2.33     -2.59  0.       -4834.027       2268.092      -2213.241    0.000   0.000   0.000   0.
  2017 352  0 56 52 507 352.039496617      -6.76      2.37     -2.56  0.       -4832.748       2266.016      -2214.775    0.000   0.000   0.000   0.
  2017 352  0 56 53 507 352.039508192      -6.75      2.36     -2.56  0.       -4831.469       2263.940      -2216.308    0.000   0.000   0.000   0.
  2017 352  0 56 54 507 352.039519766      -6.79      2.37     -2.51  0.       -4830.189       2261.864      -2217.840    0.000   0.000   0.000   0.
  2017 352  0 56 55 507 352.039531340      -6.77      2.30     -2.62  0.       -4828.907       2259.787      -2219.373    0.000   0.000   0.000   0.
  2017 352  0 56 56 507 352.039542914      -6.62      2.32     -2.70  0.       -4827.624       2257.709      -2220.904    0.000   0.000   0.000   0.
  2017 352  0 56 57 507 352.039554488      -6.64      2.17     -2.58  0.       -4826.341       2255.631      -2222.436    0.000   0.000   0.000   0.
  2017 352  0 56 58 507 352.039566062      -6.67      2.10     -2.49  0.       -4825.056       2253.552      -2223.966    0.000   0.000   0.000   0.
  2017 352  0 56 59 507 352.039577636      -6.63      2.01     -2.41  0.       -4823.770       2251.473      -2225.497    0.000   0.000   0.000   0.
  2017 352  0 57  0 507 352.039589210      -6.69      1.87     -2.36  0.       -4822.483       2249.394      -2227.026    0.000   0.000   0.000   0.
  2017 352  0 57  1 507 352.039600784      -6.86      1.65     -2.22  0.       -4821.195       2247.314      -2228.556    0.000   0.000   0.000   0.
  2017 352  0 57  2 507 352.039612358      -6.89      1.49     -2.17  0.       -4819.906       2245.233      -2230.084    0.000   0.000   0.000   0.
  2017 352  0 57  3 507 352.039623932      -6.85      1.39     -2.13  0.       -4818.616       2243.152      -2231.613    0.000   0.000   0.000   0.
  2017 352  0 57  4 507 352.039635506      -6.95      1.34     -2.08  0.       -4817.325       2241.071      -2233.140    0.000   0.000   0.000   0.
  2017 352  0 57  5 507 352.039647080      -7.02      1.20     -2.09  0.       -4816.033       2238.988      -2234.668    0.000   0.000   0.000   0.
  2017 352  0 57  6 507 352.039658655      -6.98      1.09     -2.03  0.       -4814.739       2236.906      -2236.194    0.000   0.000   0.000   0.
  2017 352  0 57  7 507 352.039670229      -6.93      1.02     -2.00  0.       -4813.445       2234.823      -2237.721    0.000   0.000   0.000   0.
  2017 352  0 57  8 507 352.039681803      -6.78      1.03     -1.80  0.       -4812.150       2232.739      -2239.246    0.000   0.000   0.000   0.
  2017 352  0 57  9 507 352.039693377      -6.61      1.05     -1.65  0.       -4810.853       2230.655      -2240.772    0.000   0.000   0.000   0.
  2017 352  0 57 10 507 352.039704951      -6.53      1.02     -1.63  0.       -4809.555       2228.571      -2242.296    0.000   0.000   0.000   0.
  2017 352  0 57 11 507 352.039716525      -6.47      1.03     -1.52  0.       -4808.256       2226.486      -2243.821    0.000   0.000   0.000   0.
  2017 352  0 57 12 507 352.039728099      -6.41      1.09     -1.56  0.       -4806.957       2224.400      -2245.344    0.000   0.000   0.000   0.
  2017 352  0 57 13 507 352.039739673      -6.32      1.24     -1.62  0.       -4805.656       2222.314      -2246.867    0.000   0.000   0.000   0.
  2017 352  0 57 14 507 352.039751247      -6.18      1.38     -1.63  0.       -4804.354       2220.227      -2248.390    0.000   0.000   0.000   0.
  2017 352  0 57 15 507 352.039762821      -6.08      1.48     -1.64  0.       -4803.051       2218.140      -2249.912    0.000   0.000   0.000   0.
  2017 352  0 57 16 507 352.039774395      -6.05      1.50     -1.51  0.       -4801.746       2216.053      -2251.434    0.000   0.000   0.000   0.
  2017 352  0 57 17 507 352.039785969      -5.98      1.59     -1.47  0.       -4800.441       2213.965      -2252.955    0.000   0.000   0.000   0.
  2017 352  0 57 18 507 352.039797541      -5.94      1.59     -1.44  0.       -4799.135       2211.876      -2254.476    0.000   0.000   0.000   0.
  2017 352  0 57 19 507 352.039809115      -5.92      1.51     -1.44  0.       -4797.828       2209.787      -2255.996    0.000   0.000   0.000   0.
  2017 352  0 57 20 507 352.039820689      -5.90      1.52     -1.45  0.       -4796.519       2207.697      -2257.516    0.000   0.000   0.000   0.
  2017 352  0 57 21 507 352.039832263      -5.93      1.56     -1.45  0.       -4795.210       2205.607      -2259.035    0.000   0.000   0.000   0.
  2017 352  0 57 22 507 352.039843837      -5.88      1.53     -1.46  0.       -4793.899       2203.517      -2260.554    0.000   0.000   0.000   0.
  2017 352  0 57 23 507 352.039855411      -5.88      1.50     -1.42  0.       -4792.587       2201.426      -2262.072    0.000   0.000   0.000   0.
  2017 352  0 57 24 507 352.039866985      -5.85      1.43     -1.39  0.       -4791.274       2199.334      -2263.589    0.000   0.000   0.000   0.
  2017 352  0 57 25 507 352.039878559      -5.84      1.39     -1.35  0.       -4789.961       2197.242      -2265.106    0.000   0.000   0.000   0.
  2017 352  0 57 26 507 352.039890133      -5.81      1.40     -1.35  0.       -4788.646       2195.150      -2266.623    0.000   0.000   0.000   0.
  2017 352  0 57 27 507 352.039901707      -5.90      1.39     -1.37  0.       -4787.329       2193.056      -2268.139    0.000   0.000   0.000   0.
  2017 352  0 57 28 507 352.039913281      -5.85      1.40     -1.32  0.       -4786.012       2190.963      -2269.655    0.000   0.000   0.000   0.
  2017 352  0 57 29 507 352.039924855      -5.74      1.44     -1.21  0.       -4784.694       2188.869      -2271.170    0.000   0.000   0.000   0.
  2017 352  0 57 30 507 352.039936429      -5.63      1.52     -1.23  0.       -4783.375       2186.774      -2272.684    0.000   0.000   0.000   0.
  2017 352  0 57 31 507 352.039948003      -5.65      1.65     -1.24  0.       -4782.054       2184.679      -2274.198    0.000   0.000   0.000   0.
  2017 352  0 57 32 507 352.039959578      -5.59      1.72     -1.31  0.       -4780.733       2182.584      -2275.711    0.000   0.000   0.000   0.
  2017 352  0 57 33 507 352.039971152      -5.56      1.82     -1.38  0.       -4779.410       2180.488      -2277.225    0.000   0.000   0.000   0.
  2017 352  0 57 34 507 352.039982726      -5.46      1.88     -1.50  0.       -4778.087       2178.391      -2278.737    0.000   0.000   0.000   0.
  2017 352  0 57 35 507 352.039994300      -5.30      1.96     -1.53  0.       -4776.762       2176.294      -2280.249    0.000   0.000   0.000   0.
  2017 352  0 57 36 507 352.040005874      -5.25      1.87     -1.58  0.       -4775.436       2174.197      -2281.760    0.000   0.000   0.000   0.
  2017 352  0 57 37 507 352.040017448      -5.21      1.80     -1.61  0.       -4774.109       2172.098      -2283.271    0.000   0.000   0.000   0.
  2017 352  0 57 38 507 352.040029022      -5.14      1.71     -1.65  0.       -4772.781       2170.000      -2284.782    0.000   0.000   0.000   0.
  2017 352  0 57 39 507 352.040040596      -5.24      1.40     -1.62  0.       -4771.452       2167.901      -2286.291    0.000   0.000   0.000   0.
  2017 352  0 57 40 507 352.040052170      -5.26      1.25     -1.55  0.       -4770.122       2165.801      -2287.801    0.000   0.000   0.000   0.
  2017 352  0 57 41 507 352.040063744      -5.12      1.08     -1.47  0.       -4768.790       2163.701      -2289.309    0.000   0.000   0.000   0.
  2017 352  0 57 42 507 352.040075318      -5.21      0.92     -1.42  0.       -4767.458       2161.601      -2290.818    0.000   0.000   0.000   0.
  2017 352  0 57 43 507 352.040086892      -5.23      0.81     -1.32  0.       -4766.124       2159.500      -2292.325    0.000   0.000   0.000   0.
  2017 352  0 57 44 507 352.040098466      -5.20      0.70     -1.35  0.       -4764.790       2157.398      -2293.833    0.000   0.000   0.000   0.
  2017 352  0 57 45 507 352.040110041      -5.27      0.66     -1.32  0.       -4763.454       2155.296      -2295.339    0.000   0.000   0.000   0.
  2017 352  0 57 46 507 352.040121615      -5.37      0.58     -1.32  0.       -4762.117       2153.194      -2296.845    0.000   0.000   0.000   0.
  2017 352  0 57 47 507 352.040133189      -5.37      0.53     -1.28  0.       -4760.779       2151.091      -2298.351    0.000   0.000   0.000   0.
  2017 352  0 57 48 507 352.040144761      -5.41      0.49     -1.27  0.       -4759.440       2148.987      -2299.856    0.000   0.000   0.000   0.
  2017 352  0 57 49 507 352.040156334      -5.39      0.47     -1.28  0.       -4758.100       2146.883      -2301.360    0.000   0.000   0.000   0.
  2017 352  0 57 50 507 352.040167908      -5.42      0.47     -1.29  0.       -4756.759       2144.779      -2302.864    0.000   0.000   0.000   0.
  2017 352  0 57 51 507 352.040179482      -5.36      0.47     -1.32  0.       -4755.417       2142.674      -2304.368    0.000   0.000   0.000   0.
  2017 352  0 57 52 507 352.040191056      -5.29      0.49     -1.37  0.       -4754.074       2140.569      -2305.871    0.000   0.000   0.000   0.
  2017 352  0 57 53 507 352.040202630      -5.25      0.41     -1.46  0.       -4752.729       2138.463      -2307.373    0.000   0.000   0.000   0.
  2017 352  0 57 54 507 352.040214204      -5.26      0.27     -1.56  0.       -4751.384       2136.356      -2308.875    0.000   0.000   0.000   0.
  2017 352  0 57 55 507 352.040225778      -5.24      0.23     -1.66  0.       -4750.037       2134.249      -2310.377    0.000   0.000   0.000   0.
  2017 352  0 57 56 507 352.040237352      -5.22      0.27     -1.68  0.       -4748.689       2132.142      -2311.877    0.000   0.000   0.000   0.
  2017 352  0 57 57 507 352.040248927      -5.14      0.24     -1.67  0.       -4747.340       2130.034      -2313.378    0.000   0.000   0.000   0.
  2017 352  0 57 58 507 352.040260501      -5.18      0.21     -1.68  0.       -4745.990       2127.925      -2314.877    0.000   0.000   0.000   0.
  2017 352  0 57 59 507 352.040272075      -5.03      0.20     -1.67  0.       -4744.639       2125.816      -2316.377    0.000   0.000   0.000   0.
  2017 352  0 58  0 507 352.040283649      -5.05      0.17     -1.60  0.       -4743.287       2123.707      -2317.875    0.000   0.000   0.000   0.
  2017 352  0 58  1 507 352.040295223      -5.11      0.12     -1.60  0.       -4741.934       2121.597      -2319.373    0.000   0.000   0.000   0.
  2017 352  0 58  2 507 352.040306797      -5.21      0.11     -1.53  0.       -4740.580       2119.487      -2320.871    0.000   0.000   0.000   0.
  2017 352  0 58  3 507 352.040318371      -5.09      0.16     -1.45  0.       -4739.224       2117.376      -2322.368    0.000   0.000   0.000   0.
  2017 352  0 58  4 507 352.040329945      -5.02      0.24     -1.41  0.       -4737.868       2115.265      -2323.864    0.000   0.000   0.000   0.
  2017 352  0 58  5 507 352.040341519      -4.92      0.30     -1.43  0.       -4736.510       2113.153      -2325.360    0.000   0.000   0.000   0.
  2017 352  0 58  6 507 352.040353093      -4.91      0.34     -1.50  0.       -4735.151       2111.040      -2326.856    0.000   0.000   0.000   0.
  2017 352  0 58  7 507 352.040364667      -4.93      0.35     -1.52  0.       -4733.791       2108.927      -2328.351    0.000   0.000   0.000   0.
  2017 352  0 58  8 507 352.040376241      -4.92      0.37     -1.56  0.       -4732.431       2106.814      -2329.845    0.000   0.000   0.000   0.
  2017 352  0 58  9 507 352.040387815      -4.86      0.43     -1.63  0.       -4731.068       2104.700      -2331.339    0.000   0.000   0.000   0.
  2017 352  0 58 10 507 352.040399389      -4.74      0.48     -1.63  0.       -4729.705       2102.586      -2332.832    0.000   0.000   0.000   0.
  2017 352  0 58 11 507 352.040410964      -4.72      0.58     -1.72  0.       -4728.341       2100.471      -2334.325    0.000   0.000   0.000   0.
  2017 352  0 58 12 507 352.040422538      -4.66      0.61     -1.77  0.       -4726.976       2098.356      -2335.817    0.000   0.000   0.000   0.
  2017 352  0 58 13 507 352.040434112      -4.60      0.63     -1.82  0.       -4725.609       2096.240      -2337.308    0.000   0.000   0.000   0.
  2017 352  0 58 14 507 352.040445686      -4.63      0.64     -1.82  0.       -4724.242       2094.124      -2338.799    0.000   0.000   0.000   0.
  2017 352  0 58 15 507 352.040457260      -4.64      0.67     -1.85  0.       -4722.873       2092.007      -2340.290    0.000   0.000   0.000   0.
  2017 352  0 58 16 507 352.040468834      -4.68      0.66     -1.82  0.       -4721.503       2089.890      -2341.780    0.000   0.000   0.000   0.
  2017 352  0 58 17 507 352.040480408      -4.83      0.48     -1.88  0.       -4720.132       2087.772      -2343.269    0.000   0.000   0.000   0.
  2017 352  0 58 18 506 352.040491980      -4.88      0.34     -2.00  0.       -4718.760       2085.653      -2344.758    0.000   0.000   0.000   0.
  2017 352  0 58 19 506 352.040503553      -4.94      0.38     -2.02  0.       -4717.387       2083.535      -2346.246    0.000   0.000   0.000   0.
  2017 352  0 58 20 506 352.040515127      -4.96      0.44     -2.06  0.       -4716.013       2081.416      -2347.734    0.000   0.000   0.000   0.
  2017 352  0 58 21 507 352.040526701      -5.02      0.51     -2.07  0.       -4714.637       2079.296      -2349.221    0.000   0.000   0.000   0.
  2017 352  0 58 22 507 352.040538275      -5.01      0.50     -1.99  0.       -4713.261       2077.176      -2350.708    0.000   0.000   0.000   0.
  2017 352  0 58 23 506 352.040549850      -5.21      0.38     -1.90  0.       -4711.883       2075.055      -2352.194    0.000   0.000   0.000   0.
  2017 352  0 58 24 506 352.040561424      -5.39      0.29     -1.77  0.       -4710.505       2072.934      -2353.679    0.000   0.000   0.000   0.
  2017 352  0 58 25 507 352.040572998      -5.50      0.22     -1.60  0.       -4709.125       2070.812      -2355.164    0.000   0.000   0.000   0.
  2017 352  0 58 26 507 352.040584572      -5.51      0.12     -1.48  0.       -4707.744       2068.690      -2356.649    0.000   0.000   0.000   0.
  2017 352  0 58 27 507 352.040596146      -5.49      0.02     -1.18  0.       -4706.362       2066.567      -2358.133    0.000   0.000   0.000   0.
  2017 352  0 58 28 507 352.040607720      -5.55     -0.06     -1.05  0.       -4704.979       2064.444      -2359.616    0.000   0.000   0.000   0.
  2017 352  0 58 29 507 352.040619294      -5.54     -0.09     -0.98  0.       -4703.595       2062.320      -2361.099    0.000   0.000   0.000   0.
  2017 352  0 58 30 506 352.040630868      -5.51     -0.11     -0.88  0.       -4702.209       2060.196      -2362.581    0.000   0.000   0.000   0.
  2017 352  0 58 31 506 352.040642442      -5.50     -0.06     -0.79  0.       -4700.823       2058.071      -2364.062    0.000   0.000   0.000   0.
  2017 352  0 58 32 506 352.040654016      -5.47     -0.09     -0.63  0.       -4699.435       2055.946      -2365.543    0.000   0.000   0.000   0.
  2017 352  0 58 33 506 352.040665590      -5.39     -0.09     -0.62  0.       -4698.046       2053.821      -2367.024    0.000   0.000   0.000   0.
  2017 352  0 58 34 506 352.040677164      -5.36     -0.10     -0.64  0.       -4696.657       2051.695      -2368.504    0.000   0.000   0.000   0.
  2017 352  0 58 35 507 352.040688738      -5.33     -0.07     -0.67  0.       -4695.266       2049.568      -2369.983    0.000   0.000   0.000   0.
  2017 352  0 58 36 507 352.040700313      -5.43     -0.09     -0.76  0.       -4693.873       2047.441      -2371.462    0.000   0.000   0.000   0.
  2017 352  0 58 37 506 352.040711887      -5.46     -0.11     -0.78  0.       -4692.480       2045.313      -2372.940    0.000   0.000   0.000   0.
  2017 352  0 58 38 506 352.040723461      -5.44     -0.13     -0.84  0.       -4691.086       2043.185      -2374.418    0.000   0.000   0.000   0.
  2017 352  0 58 39 507 352.040735035      -5.47     -0.13     -0.88  0.       -4689.691       2041.057      -2375.895    0.000   0.000   0.000   0.
  2017 352  0 58 40 507 352.040746609      -5.56     -0.17     -0.90  0.       -4688.294       2038.928      -2377.371    0.000   0.000   0.000   0.
  2017 352  0 58 41 507 352.040758183      -5.56     -0.21     -0.91  0.       -4686.897       2036.798      -2378.847    0.000   0.000   0.000   0.
  2017 352  0 58 42 507 352.040769757      -5.61     -0.16     -0.93  0.       -4685.498       2034.668      -2380.323    0.000   0.000   0.000   0.
  2017 352  0 58 43 506 352.040781331      -5.58     -0.19     -0.90  0.       -4684.098       2032.538      -2381.797    0.000   0.000   0.000   0.
  2017 352  0 58 44 506 352.040792905      -5.58     -0.21     -0.86  0.       -4682.697       2030.407      -2383.272    0.000   0.000   0.000   0.
  2017 352  0 58 45 506 352.040804479      -5.53     -0.27     -0.81  0.       -4681.295       2028.275      -2384.745    0.000   0.000   0.000   0.
  2017 352  0 58 46 506 352.040816051      -5.56     -0.24     -0.75  0.       -4679.892       2026.144      -2386.218    0.000   0.000   0.000   0.
  2017 352  0 58 47 506 352.040827624      -5.55     -0.23     -0.74  0.       -4678.487       2024.011      -2387.691    0.000   0.000   0.000   0.
  2017 352  0 58 48 506 352.040839198      -5.51     -0.27     -0.65  0.       -4677.082       2021.878      -2389.163    0.000   0.000   0.000   0.
  2017 352  0 58 49 506 352.040850773      -5.50     -0.41     -0.57  0.       -4675.675       2019.745      -2390.634    0.000   0.000   0.000   0.
  2017 352  0 58 50 506 352.040862347      -5.49     -0.45     -0.59  0.       -4674.267       2017.611      -2392.105    0.000   0.000   0.000   0.
  2017 352  0 58 51 506 352.040873921      -5.40     -0.48     -0.58  0.       -4672.859       2015.477      -2393.575    0.000   0.000   0.000   0.
  2017 352  0 58 52 506 352.040885495      -5.41     -0.52     -0.59  0.       -4671.449       2013.342      -2395.045    0.000   0.000   0.000   0.
  2017 352  0 58 53 506 352.040897069      -5.38     -0.71     -0.61  0.       -4670.037       2011.206      -2396.514    0.000   0.000   0.000   0.
  2017 352  0 58 54 506 352.040908643      -5.35     -0.78     -0.66  0.       -4668.625       2009.071      -2397.982    0.000   0.000   0.000   0.
  2017 352  0 58 55 506 352.040920217      -5.32     -0.74     -0.62  0.       -4667.212       2006.934      -2399.450    0.000   0.000   0.000   0.
  2017 352  0 58 56 506 352.040931791      -5.26     -0.59     -0.60  0.       -4665.797       2004.798      -2400.917    0.000   0.000   0.000   0.
  2017 352  0 58 57 506 352.040943365      -5.22     -0.40     -0.81  0.       -4664.382       2002.660      -2402.384    0.000   0.000   0.000   0.
  2017 352  0 58 58 506 352.040954939      -5.19     -0.28     -1.09  0.       -4662.965       2000.523      -2403.850    0.000   0.000   0.000   0.
  2017 352  0 58 59 506 352.040966513      -5.15     -0.15     -1.29  0.       -4661.547       1998.384      -2405.316    0.000   0.000   0.000   0.
  2017 352  0 59  0 506 352.040978087      -5.12     -0.07     -1.44  0.       -4660.128       1996.246      -2406.781    0.000   0.000   0.000   0.
  2017 352  0 59  1 506 352.040989661      -5.14     -0.02     -1.54  0.       -4658.708       1994.106      -2408.245    0.000   0.000   0.000   0.
  2017 352  0 59  2 506 352.041001236      -5.22      0.00     -1.60  0.       -4657.287       1991.967      -2409.709    0.000   0.000   0.000   0.
  2017 352  0 59  3 506 352.041012810      -5.21     -0.01     -1.63  0.       -4655.865       1989.826      -2411.172    0.000   0.000   0.000   0.
  2017 352  0 59  4 506 352.041024384      -5.20      0.00     -1.61  0.       -4654.441       1987.686      -2412.635    0.000   0.000   0.000   0.
  2017 352  0 59  5 506 352.041035958      -5.22     -0.01     -1.61  0.       -4653.016       1985.545      -2414.097    0.000   0.000   0.000   0.
  2017 352  0 59  6 506 352.041047532      -5.25     -0.02     -1.60  0.       -4651.591       1983.403      -2415.558    0.000   0.000   0.000   0.
  2017 352  0 59  7 506 352.041059106      -5.26      0.04     -1.68  0.       -4650.164       1981.261      -2417.019    0.000   0.000   0.000   0.
  2017 352  0 59  8 506 352.041070680      -5.24      0.06     -1.74  0.       -4648.736       1979.118      -2418.480    0.000   0.000   0.000   0.
  2017 352  0 59  9 506 352.041082254      -5.09      0.10     -1.87  0.       -4647.307       1976.976      -2419.939    0.000   0.000   0.000   0.
  2017 352  0 59 10 506 352.041093828      -5.04      0.03     -2.00  0.       -4645.876       1974.832      -2421.398    0.000   0.000   0.000   0.
  2017 352  0 59 11 506 352.041105402      -5.04      0.06     -2.00  0.       -4644.445       1972.688      -2422.857    0.000   0.000   0.000   0.
  2017 352  0 59 12 506 352.041116976      -5.05      0.08     -2.04  0.       -4643.012       1970.543      -2424.315    0.000   0.000   0.000   0.
  2017 352  0 59 13 506 352.041128550      -5.03      0.07     -2.03  0.       -4641.579       1968.398      -2425.772    0.000   0.000   0.000   0.
  2017 352  0 59 14 506 352.041140124      -5.03      0.08     -1.98  0.       -4640.144       1966.253      -2427.229    0.000   0.000   0.000   0.
  2017 352  0 59 15 506 352.041151698      -5.12      0.08     -1.95  0.       -4638.708       1964.107      -2428.685    0.000   0.000   0.000   0.
  2017 352  0 59 16 506 352.041163273      -5.14      0.07     -1.89  0.       -4637.271       1961.960      -2430.141    0.000   0.000   0.000   0.
  2017 352  0 59 17 506 352.041174847      -5.20      0.10     -1.87  0.       -4635.833       1959.814      -2431.596    0.000   0.000   0.000   0.
  2017 352  0 59 18 506 352.041186419      -5.30      0.12     -1.88  0.       -4634.394       1957.666      -2433.050    0.000   0.000   0.000   0.
  2017 352  0 59 19 506 352.041197992      -5.36      0.18     -1.83  0.       -4632.953       1955.518      -2434.504    0.000   0.000   0.000   0.
  2017 352  0 59 20 506 352.041209566      -5.44      0.19     -1.83  0.       -4631.511       1953.370      -2435.957    0.000   0.000   0.000   0.
  2017 352  0 59 21 506 352.041221140      -5.55      0.15     -1.87  0.       -4630.069       1951.221      -2437.409    0.000   0.000   0.000   0.
  2017 352  0 59 22 506 352.041232714      -5.57      0.19     -1.86  0.       -4628.625       1949.072      -2438.861    0.000   0.000   0.000   0.
  2017 352  0 59 23 506 352.041244288      -5.60      0.15     -1.90  0.       -4627.180       1946.922      -2440.313    0.000   0.000   0.000   0.
  2017 352  0 59 24 506 352.041255862      -5.61      0.15     -1.86  0.       -4625.734       1944.772      -2441.763    0.000   0.000   0.000   0.
  2017 352  0 59 25 506 352.041267436      -5.62      0.14     -1.85  0.       -4624.286       1942.621      -2443.214    0.000   0.000   0.000   0.
  2017 352  0 59 26 506 352.041279010      -5.71      0.18     -1.84  0.       -4622.838       1940.470      -2444.663    0.000   0.000   0.000   0.
  2017 352  0 59 27 506 352.041290584      -5.76      0.20     -1.78  0.       -4621.388       1938.318      -2446.112    0.000   0.000   0.000   0.
  2017 352  0 59 28 506 352.041302159      -5.75      0.23     -1.70  0.       -4619.937       1936.166      -2447.561    0.000   0.000   0.000   0.
  2017 352  0 59 29 506 352.041313733      -5.73      0.31     -1.70  0.       -4618.486       1934.013      -2449.008    0.000   0.000   0.000   0.
  2017 352  0 59 30 506 352.041325307      -5.76      0.40     -1.72  0.       -4617.033       1931.860      -2450.455    0.000   0.000   0.000   0.
  2017 352  0 59 31 506 352.041336881      -5.77      0.46     -1.75  0.       -4615.579       1929.707      -2451.902    0.000   0.000   0.000   0.
  2017 352  0 59 32 506 352.041348455      -5.81      0.55     -1.77  0.       -4614.123       1927.553      -2453.348    0.000   0.000   0.000   0.
  2017 352  0 59 33 506 352.041360029      -5.86      0.46     -1.68  0.       -4612.667       1925.398      -2454.793    0.000   0.000   0.000   0.
  2017 352  0 59 34 506 352.041371603      -5.86      0.44     -1.63  0.       -4611.209       1923.243      -2456.238    0.000   0.000   0.000   0.
  2017 352  0 59 35 506 352.041383177      -5.87      0.46     -1.61  0.       -4609.751       1921.087      -2457.682    0.000   0.000   0.000   0.
  2017 352  0 59 36 506 352.041394751      -5.91      0.42     -1.57  0.       -4608.291       1918.931      -2459.125    0.000   0.000   0.000   0.
  2017 352  0 59 37 506 352.041406325      -5.97      0.37     -1.54  0.       -4606.830       1916.775      -2460.568    0.000   0.000   0.000   0.
  2017 352  0 59 38 506 352.041417899      -6.01      0.34     -1.57  0.       -4605.368       1914.618      -2462.010    0.000   0.000   0.000   0.
  2017 352  0 59 39 506 352.041429473      -6.10      0.28     -1.61  0.       -4603.904       1912.460      -2463.452    0.000   0.000   0.000   0.
  2017 352  0 59 40 506 352.041441047      -6.12      0.21     -1.76  0.       -4602.440       1910.303      -2464.893    0.000   0.000   0.000   0.
  2017 352  0 59 41 506 352.041452622      -6.18      0.11     -1.78  0.       -4600.974       1908.144      -2466.334    0.000   0.000   0.000   0.
  2017 352  0 59 42 506 352.041464196      -6.19      0.04     -1.74  0.       -4599.508       1905.985      -2467.773    0.000   0.000   0.000   0.
  2017 352  0 59 43 506 352.041475770      -6.16      0.04     -1.70  0.       -4598.040       1903.826      -2469.212    0.000   0.000   0.000   0.
  2017 352  0 59 44 506 352.041487344      -6.19      0.08     -1.71  0.       -4596.571       1901.666      -2470.651    0.000   0.000   0.000   0.
  2017 352  0 59 45 506 352.041498918      -6.31      0.11     -1.65  0.       -4595.101       1899.506      -2472.089    0.000   0.000   0.000   0.
  2017 352  0 59 46 506 352.041510492      -6.42      0.02     -1.54  0.       -4593.629       1897.345      -2473.526    0.000   0.000   0.000   0.
  2017 352  0 59 47 506 352.041522066      -6.53      0.05     -1.48  0.       -4592.157       1895.184      -2474.963    0.000   0.000   0.000   0.
  2017 352  0 59 48 506 352.041533638      -6.47      0.00     -1.47  0.       -4590.683       1893.022      -2476.399    0.000   0.000   0.000   0.
  2017 352  0 59 49 506 352.041545211      -6.57      0.00     -1.50  0.       -4589.209       1890.860      -2477.834    0.000   0.000   0.000   0.
  2017 352  0 59 50 506 352.041556785      -6.58      0.03     -1.48  0.       -4587.733       1888.697      -2479.269    0.000   0.000   0.000   0.
  2017 352  0 59 51 506 352.041568359      -6.54      0.08     -1.53  0.       -4586.256       1886.534      -2480.704    0.000   0.000   0.000   0.
  2017 352  0 59 52 506 352.041579933      -6.59      0.10     -1.58  0.       -4584.777       1884.371      -2482.137    0.000   0.000   0.000   0.
  2017 352  0 59 53 506 352.041591508      -6.61      0.16     -1.67  0.       -4583.298       1882.207      -2483.570    0.000   0.000   0.000   0.
  2017 352  0 59 54 506 352.041603082      -6.63      0.23     -1.70  0.       -4581.818       1880.042      -2485.002    0.000   0.000   0.000   0.
  2017 352  0 59 55 506 352.041614656      -6.63      0.29     -1.69  0.       -4580.336       1877.877      -2486.434    0.000   0.000   0.000   0.
  2017 352  0 59 56 506 352.041626230      -6.68      0.35     -1.70  0.       -4578.853       1875.712      -2487.865    0.000   0.000   0.000   0.
  2017 352  0 59 57 506 352.041637804      -6.76      0.37     -1.68  0.       -4577.369       1873.546      -2489.296    0.000   0.000   0.000   0.
  2017 352  0 59 58 506 352.041649378      -6.88      0.38     -1.65  0.       -4575.884       1871.379      -2490.725    0.000   0.000   0.000   0.
  2017 352  0 59 59 506 352.041660952      -6.88      0.42     -1.49  0.       -4574.398       1869.212      -2492.155    0.000   0.000   0.000   0.
  2017 352  1  0  0 506 352.041672526      -6.90      0.51     -1.45  0.       -4572.910       1867.045      -2493.583    0.000   0.000   0.000   0.
  2017 352  1  0  1 506 352.041684100      -6.85      0.55     -1.55  0.       -4571.422       1864.877      -2495.011    0.000   0.000   0.000   0.
  2017 352  1  0  2 506 352.041695674      -6.72      0.59     -1.63  0.       -4569.932       1862.709      -2496.438    0.000   0.000   0.000   0.
  2017 352  1  0  3 506 352.041707248      -6.72      0.51     -1.69  0.       -4568.441       1860.540      -2497.865    0.000   0.000   0.000   0.
  2017 352  1  0  4 506 352.041718822      -6.71      0.51     -1.81  0.       -4566.949       1858.371      -2499.291    0.000   0.000   0.000   0.
  2017 352  1  0  5 506 352.041730396      -6.71      0.48     -1.85  0.       -4565.456       1856.201      -2500.717    0.000   0.000   0.000   0.
  2017 352  1  0  6 506 352.041741971      -6.80      0.38     -1.73  0.       -4563.962       1854.031      -2502.141    0.000   0.000   0.000   0.
  2017 352  1  0  7 506 352.041753545      -6.80      0.34     -1.64  0.       -4562.466       1851.860      -2503.566    0.000   0.000   0.000   0.
  2017 352  1  0  8 506 352.041765119      -6.85      0.32     -1.69  0.       -4560.970       1849.689      -2504.989    0.000   0.000   0.000   0.
  2017 352  1  0  9 506 352.041776693      -7.01      0.31     -1.86  0.       -4559.472       1847.517      -2506.412    0.000   0.000   0.000   0.
  2017 352  1  0 10 506 352.041788267      -7.06      0.30     -1.93  0.       -4557.973       1845.345      -2507.834    0.000   0.000   0.000   0.
  2017 352  1  0 11 506 352.041799841      -7.03      0.32     -1.96  0.       -4556.473       1843.173      -2509.256    0.000   0.000   0.000   0.
  2017 352  1  0 12 506 352.041811415      -6.94      0.28     -2.03  0.       -4554.971       1841.000      -2510.677    0.000   0.000   0.000   0.
  2017 352  1  0 13 506 352.041822989      -6.92      0.29     -2.07  0.       -4553.469       1838.826      -2512.097    0.000   0.000   0.000   0.
  2017 352  1  0 14 506 352.041834563      -6.85      0.28     -2.13  0.       -4551.965       1836.652      -2513.516    0.000   0.000   0.000   0.
  2017 352  1  0 15 506 352.041846137      -6.83      0.29     -2.11  0.       -4550.461       1834.478      -2514.936    0.000   0.000   0.000   0.
  2017 352  1  0 16 505 352.041857709      -6.91      0.24     -2.17  0.       -4548.955       1832.303      -2516.354    0.000   0.000   0.000   0.
  2017 352  1  0 17 506 352.041869282      -7.01      0.14     -2.23  0.       -4547.448       1830.128      -2517.772    0.000   0.000   0.000   0.
  2017 352  1  0 18 506 352.041880857      -7.13      0.17     -2.34  0.       -4545.939       1827.952      -2519.189    0.000   0.000   0.000   0.
  2017 352  1  0 19 505 352.041892431      -7.13      0.18     -2.34  0.       -4544.430       1825.776      -2520.605    0.000   0.000   0.000   0.
  2017 352  1  0 20 505 352.041904005      -7.16      0.23     -2.40  0.       -4542.919       1823.599      -2522.021    0.000   0.000   0.000   0.
  2017 352  1  0 21 506 352.041915579      -7.26      0.24     -2.40  0.       -4541.408       1821.422      -2523.436    0.000   0.000   0.000   0.
  2017 352  1  0 22 506 352.041927153      -7.34      0.27     -2.40  0.       -4539.895       1819.244      -2524.850    0.000   0.000   0.000   0.
  2017 352  1  0 23 506 352.041938727      -7.26      0.34     -2.35  0.       -4538.381       1817.066      -2526.264    0.000   0.000   0.000   0.
  2017 352  1  0 24 506 352.041950301      -7.26      0.37     -2.37  0.       -4536.865       1814.887      -2527.678    0.000   0.000   0.000   0.
  2017 352  1  0 25 505 352.041961875      -7.33      0.41     -2.41  0.       -4535.349       1812.708      -2529.090    0.000   0.000   0.000   0.
  2017 352  1  0 26 505 352.041973449      -7.38      0.44     -2.42  0.       -4533.831       1810.528      -2530.502    0.000   0.000   0.000   0.
  2017 352  1  0 27 505 352.041985023      -7.34      0.46     -2.43  0.       -4532.313       1808.348      -2531.913    0.000   0.000   0.000   0.
  2017 352  1  0 28 505 352.041996597      -7.30      0.52     -2.41  0.       -4530.793       1806.168      -2533.324    0.000   0.000   0.000   0.
  2017 352  1  0 29 505 352.042008171      -7.36      0.50     -2.44  0.       -4529.272       1803.987      -2534.734    0.000   0.000   0.000   0.
  2017 352  1  0 30 506 352.042019745      -7.38      0.52     -2.43  0.       -4527.749       1801.806      -2536.143    0.000   0.000   0.000   0.
  2017 352  1  0 31 506 352.042031319      -7.33      0.54     -2.36  0.       -4526.226       1799.624      -2537.552    0.000   0.000   0.000   0.
  2017 352  1  0 32 505 352.042042894      -7.39      0.53     -2.31  0.       -4524.702       1797.441      -2538.960    0.000   0.000   0.000   0.
  2017 352  1  0 33 505 352.042054468      -7.40      0.50     -2.29  0.       -4523.176       1795.258      -2540.367    0.000   0.000   0.000   0.
  2017 352  1  0 34 506 352.042066042      -7.42      0.46     -2.21  0.       -4521.649       1793.075      -2541.773    0.000   0.000   0.000   0.
  2017 352  1  0 35 506 352.042077616      -7.52      0.47     -2.23  0.       -4520.121       1790.892      -2543.179    0.000   0.000   0.000   0.
  2017 352  1  0 36 506 352.042089190      -7.55      0.45     -2.25  0.       -4518.592       1788.707      -2544.585    0.000   0.000   0.000   0.
  2017 352  1  0 37 506 352.042100764      -7.52      0.47     -2.25  0.       -4517.061       1786.523      -2545.990    0.000   0.000   0.000   0.
  2017 352  1  0 38 506 352.042112338      -7.51      0.46     -2.24  0.       -4515.530       1784.337      -2547.393    0.000   0.000   0.000   0.
  2017 352  1  0 39 505 352.042123912      -7.51      0.47     -2.24  0.       -4513.997       1782.152      -2548.797    0.000   0.000   0.000   0.
  2017 352  1  0 40 505 352.042135486      -7.51      0.43     -2.28  0.       -4512.463       1779.966      -2550.200    0.000   0.000   0.000   0.
  2017 352  1  0 41 505 352.042147060      -7.47      0.48     -2.25  0.       -4510.928       1777.779      -2551.601    0.000   0.000   0.000   0.
  2017 352  1  0 42 505 352.042158634      -7.51      0.45     -2.26  0.       -4509.392       1775.592      -2553.003    0.000   0.000   0.000   0.
  2017 352  1  0 43 505 352.042170208      -7.50      0.48     -2.28  0.       -4507.854       1773.405      -2554.404    0.000   0.000   0.000   0.
  2017 352  1  0 44 506 352.042181782      -7.48      0.46     -2.25  0.       -4506.316       1771.217      -2555.804    0.000   0.000   0.000   0.
  2017 352  1  0 45 506 352.042193356      -7.45      0.46     -2.23  0.       -4504.776       1769.028      -2557.203    0.000   0.000   0.000   0.
  2017 352  1  0 46 505 352.042204929      -7.45      0.46     -2.24  0.       -4503.235       1766.840      -2558.602    0.000   0.000   0.000   0.
  2017 352  1  0 47 505 352.042216502      -7.47      0.48     -2.24  0.       -4501.693       1764.650      -2560.000    0.000   0.000   0.000   0.
  2017 352  1  0 48 505 352.042228076      -7.45      0.50     -2.21  0.       -4500.149       1762.461      -2561.397    0.000   0.000   0.000   0.
  2017 352  1  0 49 505 352.042239650      -7.49      0.52     -2.19  0.       -4498.605       1760.270      -2562.794    0.000   0.000   0.000   0.
  2017 352  1  0 50 505 352.042251224      -7.59      0.51     -2.16  0.       -4497.059       1758.080      -2564.190    0.000   0.000   0.000   0.
  2017 352  1  0 51 505 352.042262798      -7.57      0.50     -2.17  0.       -4495.512       1755.889      -2565.585    0.000   0.000   0.000   0.
  2017 352  1  0 52 505 352.042274372      -7.53      0.54     -2.14  0.       -4493.964       1753.697      -2566.980    0.000   0.000   0.000   0.
  2017 352  1  0 53 505 352.042285946      -7.52      0.54     -2.16  0.       -4492.415       1751.505      -2568.374    0.000   0.000   0.000   0.
  2017 352  1  0 54 505 352.042297520      -7.56      0.58     -2.11  0.       -4490.865       1749.312      -2569.767    0.000   0.000   0.000   0.
  2017 352  1  0 55 505 352.042309094      -7.52      0.58     -2.08  0.       -4489.313       1747.119      -2571.159    0.000   0.000   0.000   0.
  2017 352  1  0 56 505 352.042320668      -7.48      0.64     -2.04  0.       -4487.761       1744.926      -2572.551    0.000   0.000   0.000   0.
  2017 352  1  0 57 505 352.042332242      -7.45      0.66     -2.04  0.       -4486.207       1742.732      -2573.943    0.000   0.000   0.000   0.
  2017 352  1  0 58 505 352.042343817      -7.44      0.69     -2.05  0.       -4484.652       1740.538      -2575.333    0.000   0.000   0.000   0.
  2017 352  1  0 59 505 352.042355391      -7.46      0.71     -1.96  0.       -4483.095       1738.343      -2576.723    0.000   0.000   0.000   0.
  2017 352  1  1  0 505 352.042366965      -7.45      0.71     -1.88  0.       -4481.538       1736.148      -2578.112    0.000   0.000   0.000   0.
  2017 352  1  1  1 505 352.042378539      -7.45      0.70     -1.86  0.       -4479.979       1733.952      -2579.501    0.000   0.000   0.000   0.
  2017 352  1  1  2 505 352.042390113      -7.37      0.69     -1.81  0.       -4478.419       1731.756      -2580.889    0.000   0.000   0.000   0.
  2017 352  1  1  3 505 352.042401687      -7.29      0.73     -1.76  0.       -4476.858       1729.559      -2582.276    0.000   0.000   0.000   0.
  2017 352  1  1  4 505 352.042413261      -7.32      0.72     -1.65  0.       -4475.296       1727.362      -2583.663    0.000   0.000   0.000   0.
  2017 352  1  1  5 505 352.042424835      -7.36      0.71     -1.55  0.       -4473.733       1725.164      -2585.048    0.000   0.000   0.000   0.
  2017 352  1  1  6 505 352.042436409      -7.34      0.64     -1.58  0.       -4472.168       1722.966      -2586.433    0.000   0.000   0.000   0.
  2017 352  1  1  7 505 352.042447983      -7.32      0.62     -1.54  0.       -4470.603       1720.768      -2587.818    0.000   0.000   0.000   0.
  2017 352  1  1  8 505 352.042459557      -7.32      0.55     -1.52  0.       -4469.036       1718.569      -2589.202    0.000   0.000   0.000   0.
  2017 352  1  1  9 505 352.042471131      -7.31      0.53     -1.55  0.       -4467.468       1716.370      -2590.585    0.000   0.000   0.000   0.
  2017 352  1  1 10 505 352.042482705      -7.28      0.50     -1.56  0.       -4465.898       1714.170      -2591.967    0.000   0.000   0.000   0.
  2017 352  1  1 11 505 352.042494280      -7.24      0.47     -1.57  0.       -4464.328       1711.969      -2593.349    0.000   0.000   0.000   0.
  2017 352  1  1 12 505 352.042505854      -7.23      0.41     -1.56  0.       -4462.756       1709.769      -2594.730    0.000   0.000   0.000   0.
  2017 352  1  1 13 505 352.042517428      -7.19      0.36     -1.52  0.       -4461.183       1707.568      -2596.110    0.000   0.000   0.000   0.
  2017 352  1  1 14 505 352.042529002      -7.16      0.32     -1.50  0.       -4459.609       1705.366      -2597.490    0.000   0.000   0.000   0.
  2017 352  1  1 15 505 352.042540576      -7.11      0.31     -1.52  0.       -4458.034       1703.164      -2598.869    0.000   0.000   0.000   0.
  2017 352  1  1 16 505 352.042552148      -7.12      0.25     -1.51  0.       -4456.458       1700.961      -2600.247    0.000   0.000   0.000   0.
  2017 352  1  1 17 505 352.042563721      -7.09      0.20     -1.52  0.       -4454.880       1698.758      -2601.624    0.000   0.000   0.000   0.
  2017 352  1  1 18 505 352.042575295      -7.11      0.22     -1.46  0.       -4453.301       1696.555      -2603.001    0.000   0.000   0.000   0.
  2017 352  1  1 19 505 352.042586869      -7.06      0.20     -1.46  0.       -4451.721       1694.351      -2604.377    0.000   0.000   0.000   0.
  2017 352  1  1 20 505 352.042598443      -7.06      0.26     -1.43  0.       -4450.140       1692.146      -2605.753    0.000   0.000   0.000   0.
  2017 352  1  1 21 505 352.042610017      -7.10      0.27     -1.45  0.       -4448.558       1689.942      -2607.128    0.000   0.000   0.000   0.
  2017 352  1  1 22 505 352.042621591      -7.06      0.26     -1.44  0.       -4446.975       1687.736      -2608.502    0.000   0.000   0.000   0.
  2017 352  1  1 23 505 352.042633165      -7.04      0.28     -1.45  0.       -4445.390       1685.531      -2609.875    0.000   0.000   0.000   0.
  2017 352  1  1 24 505 352.042644740      -7.00      0.28     -1.47  0.       -4443.804       1683.324      -2611.248    0.000   0.000   0.000   0.
  2017 352  1  1 25 505 352.042656314      -6.93      0.27     -1.43  0.       -4442.217       1681.118      -2612.620    0.000   0.000   0.000   0.
  2017 352  1  1 26 505 352.042667888      -6.96      0.24     -1.42  0.       -4440.628       1678.910      -2613.991    0.000   0.000   0.000   0.
  2017 352  1  1 27 505 352.042679462      -6.94      0.24     -1.43  0.       -4439.039       1676.703      -2615.361    0.000   0.000   0.000   0.
  2017 352  1  1 28 505 352.042691036      -6.93      0.27     -1.41  0.       -4437.448       1674.495      -2616.731    0.000   0.000   0.000   0.
  2017 352  1  1 29 505 352.042702610      -6.94      0.29     -1.39  0.       -4435.856       1672.287      -2618.100    0.000   0.000   0.000   0.
  2017 352  1  1 30 505 352.042714184      -6.92      0.31     -1.39  0.       -4434.263       1670.078      -2619.469    0.000   0.000   0.000   0.
  2017 352  1  1 31 505 352.042725758      -6.96      0.32     -1.42  0.       -4432.669       1667.868      -2620.836    0.000   0.000   0.000   0.
  2017 352  1  1 32 505 352.042737332      -6.93      0.29     -1.47  0.       -4431.074       1665.659      -2622.203    0.000   0.000   0.000   0.
  2017 352  1  1 33 505 352.042748906      -6.83      0.28     -1.44  0.       -4429.477       1663.448      -2623.570    0.000   0.000   0.000   0.
  2017 352  1  1 34 505 352.042760480      -6.73      0.29     -1.47  0.       -4427.879       1661.238      -2624.935    0.000   0.000   0.000   0.
  2017 352  1  1 35 505 352.042772054      -6.69      0.29     -1.46  0.       -4426.280       1659.027      -2626.300    0.000   0.000   0.000   0.
  2017 352  1  1 36 505 352.042783629      -6.62      0.33     -1.42  0.       -4424.680       1656.815      -2627.664    0.000   0.000   0.000   0.
  2017 352  1  1 37 505 352.042795203      -6.60      0.32     -1.43  0.       -4423.078       1654.603      -2629.028    0.000   0.000   0.000   0.
  2017 352  1  1 38 505 352.042806777      -6.58      0.33     -1.42  0.       -4421.476       1652.390      -2630.390    0.000   0.000   0.000   0.
  2017 352  1  1 39 505 352.042818351      -6.66      0.32     -1.42  0.       -4419.872       1650.178      -2631.752    0.000   0.000   0.000   0.
  2017 352  1  1 40 505 352.042829925      -6.68      0.31     -1.40  0.       -4418.267       1647.964      -2633.114    0.000   0.000   0.000   0.
  2017 352  1  1 41 505 352.042841499      -6.69      0.31     -1.42  0.       -4416.661       1645.750      -2634.474    0.000   0.000   0.000   0.
  2017 352  1  1 42 505 352.042853073      -6.66      0.35     -1.38  0.       -4415.053       1643.536      -2635.834    0.000   0.000   0.000   0.
  2017 352  1  1 43 505 352.042864647      -6.65      0.38     -1.43  0.       -4413.445       1641.321      -2637.193    0.000   0.000   0.000   0.
  2017 352  1  1 44 505 352.042876221      -6.71      0.41     -1.43  0.       -4411.835       1639.106      -2638.552    0.000   0.000   0.000   0.
  2017 352  1  1 45 505 352.042887795      -6.73      0.40     -1.46  0.       -4410.224       1636.891      -2639.909    0.000   0.000   0.000   0.
  2017 352  1  1 46 505 352.042899367      -6.73      0.45     -1.51  0.       -4408.612       1634.674      -2641.266    0.000   0.000   0.000   0.
  2017 352  1  1 47 505 352.042910940      -6.77      0.46     -1.51  0.       -4406.998       1632.458      -2642.623    0.000   0.000   0.000   0.
  2017 352  1  1 48 505 352.042922514      -6.72      0.45     -1.51  0.       -4405.384       1630.241      -2643.978    0.000   0.000   0.000   0.
  2017 352  1  1 49 505 352.042934089      -6.80      0.48     -1.51  0.       -4403.768       1628.024      -2645.333    0.000   0.000   0.000   0.
  2017 352  1  1 50 505 352.042945663      -6.77      0.47     -1.52  0.       -4402.151       1625.806      -2646.687    0.000   0.000   0.000   0.
  2017 352  1  1 51 505 352.042957237      -6.77      0.48     -1.50  0.       -4400.532       1623.587      -2648.041    0.000   0.000   0.000   0.
  2017 352  1  1 52 505 352.042968811      -6.83      0.45     -1.49  0.       -4398.913       1621.369      -2649.393    0.000   0.000   0.000   0.
  2017 352  1  1 53 505 352.042980385      -6.84      0.46     -1.49  0.       -4397.292       1619.150      -2650.745    0.000   0.000   0.000   0.
  2017 352  1  1 54 505 352.042991959      -6.88      0.49     -1.52  0.       -4395.671       1616.930      -2652.096    0.000   0.000   0.000   0.
  2017 352  1  1 55 505 352.043003533      -6.89      0.50     -1.51  0.       -4394.047       1614.710      -2653.447    0.000   0.000   0.000   0.
  2017 352  1  1 56 505 352.043015107      -6.88      0.53     -1.53  0.       -4392.423       1612.489      -2654.796    0.000   0.000   0.000   0.
  2017 352  1  1 57 505 352.043026681      -6.87      0.58     -1.57  0.       -4390.798       1610.268      -2656.145    0.000   0.000   0.000   0.
  2017 352  1  1 58 505 352.043038255      -6.89      0.62     -1.60  0.       -4389.171       1608.047      -2657.494    0.000   0.000   0.000   0.
  2017 352  1  1 59 505 352.043049829      -6.89      0.63     -1.65  0.       -4387.543       1605.825      -2658.841    0.000   0.000   0.000   0.
  2017 352  1  2  0 505 352.043061403      -6.97      0.65     -1.68  0.       -4385.914       1603.603      -2660.188    0.000   0.000   0.000   0.
  2017 352  1  2  1 505 352.043072977      -6.94      0.66     -1.73  0.       -4384.284       1601.380      -2661.534    0.000   0.000   0.000   0.
  2017 352  1  2  2 505 352.043084552      -6.87      0.71     -1.72  0.       -4382.653       1599.157      -2662.879    0.000   0.000   0.000   0.
  2017 352  1  2  3 505 352.043096126      -6.84      0.71     -1.70  0.       -4381.020       1596.934      -2664.224    0.000   0.000   0.000   0.
  2017 352  1  2  4 505 352.043107700      -6.79      0.72     -1.69  0.       -4379.386       1594.709      -2665.568    0.000   0.000   0.000   0.
  2017 352  1  2  5 505 352.043119274      -6.81      0.73     -1.71  0.       -4377.751       1592.485      -2666.911    0.000   0.000   0.000   0.
  2017 352  1  2  6 505 352.043130848      -6.83      0.74     -1.68  0.       -4376.114       1590.260      -2668.253    0.000   0.000   0.000   0.
  2017 352  1  2  7 505 352.043142422      -6.85      0.72     -1.71  0.       -4374.477       1588.035      -2669.595    0.000   0.000   0.000   0.
  2017 352  1  2  8 505 352.043153996      -6.98      0.69     -1.75  0.       -4372.838       1585.809      -2670.936    0.000   0.000   0.000   0.
  2017 352  1  2  9 505 352.043165570      -7.00      0.66     -1.76  0.       -4371.198       1583.583      -2672.276    0.000   0.000   0.000   0.
  2017 352  1  2 10 505 352.043177144      -7.03      0.66     -1.76  0.       -4369.557       1581.356      -2673.616    0.000   0.000   0.000   0.
  2017 352  1  2 11 505 352.043188718      -7.02      0.65     -1.70  0.       -4367.914       1579.129      -2674.954    0.000   0.000   0.000   0.
  2017 352  1  2 12 505 352.043200292      -7.04      0.58     -1.71  0.       -4366.271       1576.901      -2676.292    0.000   0.000   0.000   0.
  2017 352  1  2 13 505 352.043211866      -7.01      0.58     -1.70  0.       -4364.626       1574.673      -2677.629    0.000   0.000   0.000   0.
  2017 352  1  2 14 505 352.043223440      -7.03      0.53     -1.71  0.       -4362.980       1572.445      -2678.966    0.000   0.000   0.000   0.
  2017 352  1  2 15 505 352.043235014      -7.06      0.50     -1.70  0.       -4361.333       1570.216      -2680.301    0.000   0.000   0.000   0.
  2017 352  1  2 16 505 352.043246586      -7.12      0.44     -1.68  0.       -4359.684       1567.986      -2681.636    0.000   0.000   0.000   0.
  2017 352  1  2 17 505 352.043258160      -7.13      0.44     -1.70  0.       -4358.035       1565.757      -2682.971    0.000   0.000   0.000   0.
  2017 352  1  2 18 505 352.043269734      -7.13      0.46     -1.70  0.       -4356.384       1563.527      -2684.304    0.000   0.000   0.000   0.
  2017 352  1  2 19 505 352.043281308      -7.11      0.43     -1.66  0.       -4354.732       1561.296      -2685.637    0.000   0.000   0.000   0.
  2017 352  1  2 20 505 352.043292882      -7.09      0.42     -1.63  0.       -4353.078       1559.065      -2686.969    0.000   0.000   0.000   0.
  2017 352  1  2 21 504 352.043304456      -7.03      0.42     -1.58  0.       -4351.424       1556.833      -2688.300    0.000   0.000   0.000   0.
  2017 352  1  2 22 504 352.043316030      -7.00      0.42     -1.54  0.       -4349.768       1554.601      -2689.630    0.000   0.000   0.000   0.
  2017 352  1  2 23 504 352.043327604      -6.98      0.39     -1.57  0.       -4348.111       1552.369      -2690.960    0.000   0.000   0.000   0.
  2017 352  1  2 24 504 352.043339178      -7.08      0.39     -1.55  0.       -4346.453       1550.136      -2692.289    0.000   0.000   0.000   0.
  2017 352  1  2 25 504 352.043350752      -7.09      0.37     -1.57  0.       -4344.793       1547.903      -2693.617    0.000   0.000   0.000   0.
  2017 352  1  2 26 505 352.043362326      -7.09      0.34     -1.54  0.       -4343.133       1545.669      -2694.944    0.000   0.000   0.000   0.
  2017 352  1  2 27 505 352.043373900      -7.04      0.34     -1.49  0.       -4341.471       1543.435      -2696.271    0.000   0.000   0.000   0.
  2017 352  1  2 28 504 352.043385475      -7.04      0.27     -1.46  0.       -4339.808       1541.201      -2697.597    0.000   0.000   0.000   0.
  2017 352  1  2 29 504 352.043397049      -7.06      0.27     -1.47  0.       -4338.144       1538.966      -2698.922    0.000   0.000   0.000   0.
  2017 352  1  2 30 505 352.043408623      -7.11      0.24     -1.51  0.       -4336.478       1536.730      -2700.246    0.000   0.000   0.000   0.
  2017 352  1  2 31 505 352.043420197      -7.13      0.21     -1.53  0.       -4334.811       1534.495      -2701.570    0.000   0.000   0.000   0.
  2017 352  1  2 32 505 352.043431771      -7.13      0.17     -1.48  0.       -4333.143       1532.258      -2702.893    0.000   0.000   0.000   0.
  2017 352  1  2 33 505 352.043443345      -7.25      0.15     -1.52  0.       -4331.474       1530.022      -2704.215    0.000   0.000   0.000   0.
  2017 352  1  2 34 505 352.043454919      -7.32      0.12     -1.57  0.       -4329.804       1527.784      -2705.536    0.000   0.000   0.000   0.
  2017 352  1  2 35 504 352.043466493      -7.30      0.12     -1.56  0.       -4328.132       1525.547      -2706.857    0.000   0.000   0.000   0.
  2017 352  1  2 36 504 352.043478067      -7.25      0.10     -1.56  0.       -4326.459       1523.309      -2708.177    0.000   0.000   0.000   0.
  2017 352  1  2 37 504 352.043489641      -7.33      0.06     -1.59  0.       -4324.785       1521.070      -2709.496    0.000   0.000   0.000   0.
  2017 352  1  2 38 504 352.043501215      -7.27      0.04     -1.54  0.       -4323.110       1518.832      -2710.814    0.000   0.000   0.000   0.
  2017 352  1  2 39 504 352.043512789      -7.23     -0.03     -1.50  0.       -4321.434       1516.592      -2712.131    0.000   0.000   0.000   0.
  2017 352  1  2 40 505 352.043524363      -7.27     -0.11     -1.43  0.       -4319.756       1514.353      -2713.448    0.000   0.000   0.000   0.
  2017 352  1  2 41 504 352.043535938      -7.26     -0.20     -1.43  0.       -4318.077       1512.112      -2714.764    0.000   0.000   0.000   0.
  2017 352  1  2 42 504 352.043547512      -7.33     -0.25     -1.44  0.       -4316.397       1509.872      -2716.079    0.000   0.000   0.000   0.
  2017 352  1  2 43 505 352.043559086      -7.37     -0.26     -1.47  0.       -4314.715       1507.631      -2717.393    0.000   0.000   0.000   0.
  2017 352  1  2 44 505 352.043570660      -7.32     -0.29     -1.48  0.       -4313.033       1505.390      -2718.707    0.000   0.000   0.000   0.
  2017 352  1  2 45 505 352.043582234      -7.34     -0.33     -1.48  0.       -4311.349       1503.148      -2720.020    0.000   0.000   0.000   0.
  2017 352  1  2 46 505 352.043593806      -7.35     -0.38     -1.46  0.       -4309.664       1500.905      -2721.332    0.000   0.000   0.000   0.
  2017 352  1  2 47 504 352.043605379      -7.32     -0.40     -1.45  0.       -4307.977       1498.663      -2722.643    0.000   0.000   0.000   0.
  2017 352  1  2 48 504 352.043616953      -7.31     -0.43     -1.46  0.       -4306.290       1496.419      -2723.954    0.000   0.000   0.000   0.
  2017 352  1  2 49 504 352.043628527      -7.37     -0.47     -1.46  0.       -4304.601       1494.176      -2725.263    0.000   0.000   0.000   0.
  2017 352  1  2 50 504 352.043640101      -7.40     -0.49     -1.51  0.       -4302.911       1491.932      -2726.572    0.000   0.000   0.000   0.
  2017 352  1  2 51 504 352.043651675      -7.41     -0.50     -1.50  0.       -4301.220       1489.687      -2727.881    0.000   0.000   0.000   0.
  2017 352  1  2 52 504 352.043663249      -7.38     -0.48     -1.54  0.       -4299.527       1487.443      -2729.188    0.000   0.000   0.000   0.
  2017 352  1  2 53 504 352.043674823      -7.35     -0.50     -1.50  0.       -4297.834       1485.197      -2730.494    0.000   0.000   0.000   0.
  2017 352  1  2 54 504 352.043686398      -7.33     -0.47     -1.45  0.       -4296.138       1482.952      -2731.800    0.000   0.000   0.000   0.
  2017 352  1  2 55 504 352.043697972      -7.33     -0.49     -1.47  0.       -4294.442       1480.705      -2733.105    0.000   0.000   0.000   0.
  2017 352  1  2 56 504 352.043709546      -7.35     -0.47     -1.45  0.       -4292.745       1478.459      -2734.409    0.000   0.000   0.000   0.
  2017 352  1  2 57 504 352.043721120      -7.28     -0.48     -1.45  0.       -4291.047       1476.212      -2735.713    0.000   0.000   0.000   0.
  2017 352  1  2 58 504 352.043732694      -7.15     -0.45     -1.43  0.       -4289.347       1473.964      -2737.016    0.000   0.000   0.000   0.
  2017 352  1  2 59 504 352.043744268      -7.07     -0.42     -1.40  0.       -4287.646       1471.717      -2738.318    0.000   0.000   0.000   0.
  2017 352  1  3  0 504 352.043755842      -7.04     -0.41     -1.37  0.       -4285.943       1469.468      -2739.619    0.000   0.000   0.000   0.
  2017 352  1  3  1 504 352.043767416      -7.07     -0.41     -1.43  0.       -4284.240       1467.220      -2740.919    0.000   0.000   0.000   0.
  2017 352  1  3  2 504 352.043778990      -7.12     -0.40     -1.44  0.       -4282.535       1464.971      -2742.218    0.000   0.000   0.000   0.
  2017 352  1  3  3 504 352.043790564      -7.08     -0.42     -1.42  0.       -4280.829       1462.721      -2743.517    0.000   0.000   0.000   0.
  2017 352  1  3  4 504 352.043802138      -7.03     -0.41     -1.40  0.       -4279.122       1460.471      -2744.815    0.000   0.000   0.000   0.
  2017 352  1  3  5 504 352.043813712      -6.98     -0.37     -1.39  0.       -4277.413       1458.221      -2746.112    0.000   0.000   0.000   0.
  2017 352  1  3  6 504 352.043825286      -6.92     -0.35     -1.41  0.       -4275.704       1455.970      -2747.409    0.000   0.000   0.000   0.
  2017 352  1  3  7 504 352.043836861      -6.92     -0.32     -1.38  0.       -4273.992       1453.719      -2748.704    0.000   0.000   0.000   0.
  2017 352  1  3  8 504 352.043848435      -6.97     -0.35     -1.41  0.       -4272.280       1451.467      -2749.999    0.000   0.000   0.000   0.
  2017 352  1  3  9 504 352.043860009      -6.97     -0.37     -1.35  0.       -4270.567       1449.215      -2751.293    0.000   0.000   0.000   0.
  2017 352  1  3 10 504 352.043871583      -6.98     -0.36     -1.37  0.       -4268.852       1446.963      -2752.586    0.000   0.000   0.000   0.
  2017 352  1  3 11 504 352.043883157      -7.06     -0.39     -1.42  0.       -4267.136       1444.710      -2753.878    0.000   0.000   0.000   0.
  2017 352  1  3 12 504 352.043894731      -7.06     -0.41     -1.43  0.       -4265.419       1442.456      -2755.170    0.000   0.000   0.000   0.
  2017 352  1  3 13 504 352.043906305      -7.01     -0.44     -1.39  0.       -4263.701       1440.203      -2756.460    0.000   0.000   0.000   0.
  2017 352  1  3 14 504 352.043917879      -6.94     -0.44     -1.41  0.       -4261.981       1437.948      -2757.750    0.000   0.000   0.000   0.
  2017 352  1  3 15 504 352.043929453      -6.96     -0.48     -1.44  0.       -4260.260       1435.694      -2759.039    0.000   0.000   0.000   0.
  2017 352  1  3 16 504 352.043941025      -6.98     -0.47     -1.45  0.       -4258.538       1433.439      -2760.328    0.000   0.000   0.000   0.
  2017 352  1  3 17 504 352.043952598      -6.97     -0.52     -1.51  0.       -4256.815       1431.184      -2761.615    0.000   0.000   0.000   0.
  2017 352  1  3 18 504 352.043964172      -6.95     -0.48     -1.52  0.       -4255.090       1428.928      -2762.902    0.000   0.000   0.000   0.
  2017 352  1  3 19 504 352.043975746      -6.98     -0.52     -1.56  0.       -4253.364       1426.671      -2764.188    0.000   0.000   0.000   0.
  2017 352  1  3 20 504 352.043987321      -6.98     -0.52     -1.61  0.       -4251.637       1424.415      -2765.473    0.000   0.000   0.000   0.
  2017 352  1  3 21 504 352.043998895      -7.00     -0.53     -1.66  0.       -4249.909       1422.158      -2766.757    0.000   0.000   0.000   0.
  2017 352  1  3 22 504 352.044010469      -6.97     -0.55     -1.68  0.       -4248.179       1419.900      -2768.041    0.000   0.000   0.000   0.
  2017 352  1  3 23 504 352.044022043      -6.97     -0.56     -1.71  0.       -4246.449       1417.642      -2769.323    0.000   0.000   0.000   0.
  2017 352  1  3 24 504 352.044033617      -6.93     -0.54     -1.75  0.       -4244.717       1415.384      -2770.605    0.000   0.000   0.000   0.
  2017 352  1  3 25 504 352.044045191      -6.91     -0.55     -1.74  0.       -4242.983       1413.125      -2771.886    0.000   0.000   0.000   0.
  2017 352  1  3 26 504 352.044056765      -6.94     -0.64     -1.72  0.       -4241.249       1410.866      -2773.166    0.000   0.000   0.000   0.
  2017 352  1  3 27 504 352.044068339      -6.96     -0.62     -1.75  0.       -4239.513       1408.606      -2774.446    0.000   0.000   0.000   0.
  2017 352  1  3 28 504 352.044079913      -7.09     -0.70     -1.80  0.       -4237.776       1406.346      -2775.724    0.000   0.000   0.000   0.
  2017 352  1  3 29 504 352.044091487      -7.12     -0.72     -1.85  0.       -4236.038       1404.086      -2777.002    0.000   0.000   0.000   0.
  2017 352  1  3 30 504 352.044103061      -7.08     -0.72     -1.83  0.       -4234.298       1401.825      -2778.279    0.000   0.000   0.000   0.
  2017 352  1  3 31 504 352.044114635      -7.00     -0.73     -1.88  0.       -4232.557       1399.564      -2779.555    0.000   0.000   0.000   0.
  2017 352  1  3 32 504 352.044126210      -6.96     -0.67     -1.88  0.       -4230.815       1397.302      -2780.830    0.000   0.000   0.000   0.
  2017 352  1  3 33 504 352.044137784      -6.87     -0.69     -1.86  0.       -4229.072       1395.040      -2782.105    0.000   0.000   0.000   0.
  2017 352  1  3 34 504 352.044149358      -6.89     -0.70     -1.87  0.       -4227.328       1392.778      -2783.378    0.000   0.000   0.000   0.
  2017 352  1  3 35 504 352.044160932      -6.91     -0.72     -1.86  0.       -4225.582       1390.515      -2784.651    0.000   0.000   0.000   0.
  2017 352  1  3 36 504 352.044172506      -6.83     -0.68     -1.84  0.       -4223.835       1388.252      -2785.923    0.000   0.000   0.000   0.
  2017 352  1  3 37 504 352.044184080      -6.83     -0.68     -1.89  0.       -4222.087       1385.988      -2787.194    0.000   0.000   0.000   0.
  2017 352  1  3 38 504 352.044195654      -6.89     -0.72     -1.89  0.       -4220.337       1383.724      -2788.465    0.000   0.000   0.000   0.
  2017 352  1  3 39 504 352.044207228      -6.92     -0.75     -1.92  0.       -4218.586       1381.459      -2789.734    0.000   0.000   0.000   0.
  2017 352  1  3 40 504 352.044218802      -6.88     -0.75     -1.89  0.       -4216.834       1379.195      -2791.003    0.000   0.000   0.000   0.
  2017 352  1  3 41 504 352.044230376      -6.91     -0.73     -1.86  0.       -4215.081       1376.929      -2792.271    0.000   0.000   0.000   0.
  2017 352  1  3 42 504 352.044241950      -6.88     -0.75     -1.89  0.       -4213.327       1374.663      -2793.538    0.000   0.000   0.000   0.
  2017 352  1  3 43 504 352.044253524      -6.88     -0.72     -1.85  0.       -4211.571       1372.397      -2794.804    0.000   0.000   0.000   0.
  2017 352  1  3 44 504 352.044265098      -6.92     -0.71     -1.89  0.       -4209.814       1370.131      -2796.069    0.000   0.000   0.000   0.
  2017 352  1  3 45 504 352.044276673      -6.96     -0.70     -1.89  0.       -4208.055       1367.864      -2797.334    0.000   0.000   0.000   0.
  2017 352  1  3 46 504 352.044288244      -6.91     -0.64     -1.87  0.       -4206.295       1365.596      -2798.598    0.000   0.000   0.000   0.
  2017 352  1  3 47 504 352.044299818      -6.92     -0.64     -1.88  0.       -4204.535       1363.329      -2799.860    0.000   0.000   0.000   0.
  2017 352  1  3 48 504 352.044311392      -6.99     -0.63     -1.88  0.       -4202.773       1361.060      -2801.122    0.000   0.000   0.000   0.
  2017 352  1  3 49 504 352.044322966      -7.02     -0.60     -1.90  0.       -4201.010       1358.792      -2802.384    0.000   0.000   0.000   0.
  2017 352  1  3 50 504 352.044334540      -7.01     -0.57     -1.88  0.       -4199.245       1356.523      -2803.644    0.000   0.000   0.000   0.
  2017 352  1  3 51 504 352.044346114      -6.96     -0.55     -1.87  0.       -4197.480       1354.253      -2804.903    0.000   0.000   0.000   0.
  2017 352  1  3 52 504 352.044357688      -6.90     -0.53     -1.81  0.       -4195.712       1351.984      -2806.162    0.000   0.000   0.000   0.
  2017 352  1  3 53 504 352.044369262      -6.85     -0.53     -1.80  0.       -4193.944       1349.713      -2807.420    0.000   0.000   0.000   0.
  2017 352  1  3 54 504 352.044380836      -6.77     -0.52     -1.75  0.       -4192.175       1347.443      -2808.677    0.000   0.000   0.000   0.
  2017 352  1  3 55 504 352.044392410      -6.86     -0.53     -1.76  0.       -4190.404       1345.171      -2809.933    0.000   0.000   0.000   0.
  2017 352  1  3 56 504 352.044403984      -6.94     -0.56     -1.80  0.       -4188.632       1342.900      -2811.188    0.000   0.000   0.000   0.
  2017 352  1  3 57 504 352.044415558      -6.88     -0.47     -1.77  0.       -4186.858       1340.629      -2812.443    0.000   0.000   0.000   0.
  2017 352  1  3 58 504 352.044427133      -6.86     -0.45     -1.76  0.       -4185.084       1338.356      -2813.696    0.000   0.000   0.000   0.
  2017 352  1  3 59 504 352.044438707      -6.80     -0.43     -1.72  0.       -4183.308       1336.083      -2814.949    0.000   0.000   0.000   0.
  2017 352  1  4  0 504 352.044450281      -6.78     -0.41     -1.73  0.       -4181.531       1333.810      -2816.201    0.000   0.000   0.000   0.
  2017 352  1  4  1 504 352.044461855      -6.76     -0.44     -1.74  0.       -4179.752       1331.537      -2817.452    0.000   0.000   0.000   0.
  2017 352  1  4  2 504 352.044473429      -6.78     -0.50     -1.71  0.       -4177.973       1329.263      -2818.702    0.000   0.000   0.000   0.
  2017 352  1  4  3 504 352.044485003      -6.83     -0.55     -1.74  0.       -4176.192       1326.989      -2819.951    0.000   0.000   0.000   0.
  2017 352  1  4  4 504 352.044496577      -6.91     -0.58     -1.75  0.       -4174.410       1324.714      -2821.200    0.000   0.000   0.000   0.
  2017 352  1  4  5 504 352.044508151      -6.87     -0.54     -1.77  0.       -4172.626       1322.439      -2822.447    0.000   0.000   0.000   0.
  2017 352  1  4  6 504 352.044519725      -6.85     -0.62     -1.70  0.       -4170.842       1320.164      -2823.694    0.000   0.000   0.000   0.
  2017 352  1  4  7 504 352.044531299      -6.84     -0.77     -1.65  0.       -4169.056       1317.888      -2824.940    0.000   0.000   0.000   0.
  2017 352  1  4  8 504 352.044542873      -6.86     -0.87     -1.66  0.       -4167.268       1315.612      -2826.185    0.000   0.000   0.000   0.
  2017 352  1  4  9 504 352.044554447      -6.88     -0.89     -1.68  0.       -4165.480       1313.335      -2827.429    0.000   0.000   0.000   0.
  2017 352  1  4 10 504 352.044566021      -6.92     -0.95     -1.70  0.       -4163.690       1311.058      -2828.673    0.000   0.000   0.000   0.
  2017 352  1  4 11 504 352.044577596      -6.92     -0.91     -1.73  0.       -4161.899       1308.780      -2829.915    0.000   0.000   0.000   0.
  2017 352  1  4 12 504 352.044589170      -6.90     -0.92     -1.77  0.       -4160.107       1306.503      -2831.157    0.000   0.000   0.000   0.
  2017 352  1  4 13 504 352.044600744      -6.95     -0.94     -1.78  0.       -4158.313       1304.224      -2832.398    0.000   0.000   0.000   0.
  2017 352  1  4 14 504 352.044612316      -6.93     -0.95     -1.78  0.       -4156.519       1301.946      -2833.637    0.000   0.000   0.000   0.
  2017 352  1  4 15 504 352.044623889      -6.94     -0.98     -1.80  0.       -4154.723       1299.667      -2834.876    0.000   0.000   0.000   0.
  2017 352  1  4 16 504 352.044635463      -6.89     -0.98     -1.80  0.       -4152.925       1297.387      -2836.115    0.000   0.000   0.000   0.
  2017 352  1  4 17 503 352.044647037      -6.86     -0.96     -1.79  0.       -4151.127       1295.107      -2837.352    0.000   0.000   0.000   0.
  2017 352  1  4 18 503 352.044658611      -6.89     -0.96     -1.80  0.       -4149.327       1292.827      -2838.588    0.000   0.000   0.000   0.
  2017 352  1  4 19 503 352.044670185      -6.84     -0.89     -1.82  0.       -4147.526       1290.547      -2839.824    0.000   0.000   0.000   0.
  2017 352  1  4 20 503 352.044681759      -6.86     -0.82     -1.83  0.       -4145.723       1288.265      -2841.058    0.000   0.000   0.000   0.
  2017 352  1  4 21 503 352.044693333      -6.90     -0.82     -1.85  0.       -4143.920       1285.984      -2842.292    0.000   0.000   0.000   0.
  2017 352  1  4 22 504 352.044704907      -6.93     -0.79     -1.82  0.       -4142.115       1283.702      -2843.525    0.000   0.000   0.000   0.
  2017 352  1  4 23 504 352.044716482      -6.94     -0.75     -1.83  0.       -4140.309       1281.420      -2844.757    0.000   0.000   0.000   0.
  2017 352  1  4 24 503 352.044728056      -6.96     -0.78     -1.76  0.       -4138.501       1279.138      -2845.988    0.000   0.000   0.000   0.
  2017 352  1  4 25 503 352.044739630      -6.91     -0.75     -1.71  0.       -4136.692       1276.855      -2847.219    0.000   0.000   0.000   0.
  2017 352  1  4 26 504 352.044751204      -6.94     -0.78     -1.70  0.       -4134.882       1274.571      -2848.448    0.000   0.000   0.000   0.
  2017 352  1  4 27 504 352.044762778      -6.94     -0.76     -1.70  0.       -4133.071       1272.287      -2849.677    0.000   0.000   0.000   0.
  2017 352  1  4 28 504 352.044774352      -6.96     -0.74     -1.71  0.       -4131.259       1270.003      -2850.904    0.000   0.000   0.000   0.
  2017 352  1  4 29 504 352.044785926      -6.99     -0.76     -1.70  0.       -4129.445       1267.719      -2852.131    0.000   0.000   0.000   0.
  2017 352  1  4 30 504 352.044797500      -6.96     -0.75     -1.70  0.       -4127.630       1265.434      -2853.357    0.000   0.000   0.000   0.
  2017 352  1  4 31 503 352.044809074      -6.94     -0.76     -1.66  0.       -4125.813       1263.148      -2854.582    0.000   0.000   0.000   0.
  2017 352  1  4 32 503 352.044820648      -6.94     -0.74     -1.66  0.       -4123.996       1260.863      -2855.806    0.000   0.000   0.000   0.
  2017 352  1  4 33 503 352.044832222      -6.90     -0.73     -1.71  0.       -4122.177       1258.576      -2857.029    0.000   0.000   0.000   0.
  2017 352  1  4 34 503 352.044843796      -6.87     -0.68     -1.73  0.       -4120.357       1256.290      -2858.252    0.000   0.000   0.000   0.
  2017 352  1  4 35 504 352.044855370      -6.87     -0.68     -1.79  0.       -4118.535       1254.003      -2859.473    0.000   0.000   0.000   0.
  2017 352  1  4 36 504 352.044866944      -6.88     -0.66     -1.82  0.       -4116.712       1251.716      -2860.694    0.000   0.000   0.000   0.
  2017 352  1  4 37 503 352.044878519      -6.84     -0.63     -1.85  0.       -4114.888       1249.428      -2861.914    0.000   0.000   0.000   0.
  2017 352  1  4 38 503 352.044890093      -6.81     -0.66     -1.86  0.       -4113.063       1247.140      -2863.132    0.000   0.000   0.000   0.
  2017 352  1  4 39 504 352.044901667      -6.87     -0.66     -1.78  0.       -4111.236       1244.852      -2864.350    0.000   0.000   0.000   0.
  2017 352  1  4 40 504 352.044913241      -6.87     -0.68     -1.64  0.       -4109.409       1242.563      -2865.567    0.000   0.000   0.000   0.
  2017 352  1  4 41 504 352.044924815      -6.89     -0.69     -1.58  0.       -4107.580       1240.274      -2866.784    0.000   0.000   0.000   0.
  2017 352  1  4 42 504 352.044936389      -6.91     -0.66     -1.55  0.       -4105.749       1237.984      -2867.999    0.000   0.000   0.000   0.
  2017 352  1  4 43 504 352.044947963      -6.89     -0.68     -1.55  0.       -4103.917       1235.694      -2869.213    0.000   0.000   0.000   0.
  2017 352  1  4 44 503 352.044959535      -6.89     -0.70     -1.57  0.       -4102.085       1233.404      -2870.427    0.000   0.000   0.000   0.
  2017 352  1  4 45 503 352.044971108      -6.84     -0.69     -1.52  0.       -4100.250       1231.113      -2871.639    0.000   0.000   0.000   0.
  2017 352  1  4 46 503 352.044982682      -6.82     -0.67     -1.49  0.       -4098.415       1228.822      -2872.851    0.000   0.000   0.000   0.
  2017 352  1  4 47 503 352.044994256      -6.76     -0.67     -1.49  0.       -4096.578       1226.530      -2874.062    0.000   0.000   0.000   0.
  2017 352  1  4 48 503 352.045005830      -6.74     -0.57     -1.52  0.       -4094.740       1224.238      -2875.272    0.000   0.000   0.000   0.
  2017 352  1  4 49 503 352.045017405      -6.73     -0.51     -1.59  0.       -4092.901       1221.946      -2876.481    0.000   0.000   0.000   0.
  2017 352  1  4 50 503 352.045028979      -6.68     -0.42     -1.63  0.       -4091.060       1219.653      -2877.689    0.000   0.000   0.000   0.
  2017 352  1  4 51 503 352.045040553      -6.56     -0.34     -1.63  0.       -4089.218       1217.360      -2878.896    0.000   0.000   0.000   0.
  2017 352  1  4 52 503 352.045052127      -6.47     -0.32     -1.64  0.       -4087.375       1215.067      -2880.102    0.000   0.000   0.000   0.
  2017 352  1  4 53 503 352.045063701      -6.38     -0.19     -1.60  0.       -4085.530       1212.773      -2881.307    0.000   0.000   0.000   0.
  2017 352  1  4 54 503 352.045075275      -6.30     -0.08     -1.68  0.       -4083.685       1210.479      -2882.512    0.000   0.000   0.000   0.
  2017 352  1  4 55 503 352.045086849      -6.23     -0.08     -1.72  0.       -4081.838       1208.184      -2883.715    0.000   0.000   0.000   0.
  2017 352  1  4 56 503 352.045098423      -6.14     -0.11     -1.69  0.       -4079.989       1205.889      -2884.918    0.000   0.000   0.000   0.
  2017 352  1  4 57 503 352.045109997      -6.17     -0.12     -1.65  0.       -4078.140       1203.594      -2886.120    0.000   0.000   0.000   0.
  2017 352  1  4 58 503 352.045121571      -6.15     -0.12     -1.65  0.       -4076.289       1201.298      -2887.321    0.000   0.000   0.000   0.
  2017 352  1  4 59 503 352.045133145      -6.19     -0.13     -1.59  0.       -4074.437       1199.002      -2888.520    0.000   0.000   0.000   0.
  2017 352  1  5  0 503 352.045144719      -6.12     -0.04     -1.60  0.       -4072.583       1196.706      -2889.719    0.000   0.000   0.000   0.
  2017 352  1  5  1 503 352.045156293      -6.10      0.06     -1.65  0.       -4070.729       1194.409      -2890.917    0.000   0.000   0.000   0.
  2017 352  1  5  2 503 352.045167867      -6.01      0.18     -1.65  0.       -4068.873       1192.111      -2892.115    0.000   0.000   0.000   0.
  2017 352  1  5  3 503 352.045179442      -5.89      0.17     -1.67  0.       -4067.015       1189.814      -2893.311    0.000   0.000   0.000   0.
  2017 352  1  5  4 503 352.045191016      -5.81      0.20     -1.65  0.       -4065.157       1187.516      -2894.506    0.000   0.000   0.000   0.
  2017 352  1  5  5 503 352.045202590      -5.73      0.35     -1.64  0.       -4063.297       1185.217      -2895.701    0.000   0.000   0.000   0.
  2017 352  1  5  6 503 352.045214164      -5.67      0.47     -1.70  0.       -4061.436       1182.919      -2896.894    0.000   0.000   0.000   0.
  2017 352  1  5  7 503 352.045225738      -5.67      0.58     -1.68  0.       -4059.573       1180.620      -2898.087    0.000   0.000   0.000   0.
  2017 352  1  5  8 503 352.045237312      -5.65      0.66     -1.70  0.       -4057.709       1178.320      -2899.278    0.000   0.000   0.000   0.
  2017 352  1  5  9 503 352.045248886      -5.56      0.71     -1.67  0.       -4055.845       1176.020      -2900.469    0.000   0.000   0.000   0.
  2017 352  1  5 10 503 352.045260460      -5.54      0.72     -1.66  0.       -4053.978       1173.720      -2901.659    0.000   0.000   0.000   0.
  2017 352  1  5 11 503 352.045272034      -5.50      0.72     -1.59  0.       -4052.111       1171.419      -2902.848    0.000   0.000   0.000   0.
  2017 352  1  5 12 503 352.045283608      -5.54      0.67     -1.59  0.       -4050.242       1169.118      -2904.036    0.000   0.000   0.000   0.
  2017 352  1  5 13 503 352.045295182      -5.57      0.60     -1.56  0.       -4048.372       1166.817      -2905.223    0.000   0.000   0.000   0.
  2017 352  1  5 14 503 352.045306754      -5.54      0.59     -1.51  0.       -4046.500       1164.515      -2906.409    0.000   0.000   0.000   0.
  2017 352  1  5 15 503 352.045318328      -5.49      0.56     -1.54  0.       -4044.627       1162.213      -2907.594    0.000   0.000   0.000   0.
  2017 352  1  5 16 503 352.045329902      -5.48      0.53     -1.48  0.       -4042.753       1159.911      -2908.778    0.000   0.000   0.000   0.
  2017 352  1  5 17 503 352.045341476      -5.48      0.52     -1.45  0.       -4040.878       1157.608      -2909.961    0.000   0.000   0.000   0.
  2017 352  1  5 18 503 352.045353050      -5.48      0.44     -1.35  0.       -4039.001       1155.305      -2911.144    0.000   0.000   0.000   0.
  2017 352  1  5 19 503 352.045364624      -5.57      0.43     -1.28  0.       -4037.123       1153.001      -2912.325    0.000   0.000   0.000   0.
  2017 352  1  5 20 503 352.045376198      -5.55      0.44     -1.30  0.       -4035.244       1150.697      -2913.506    0.000   0.000   0.000   0.
  2017 352  1  5 21 503 352.045387772      -5.59      0.43     -1.31  0.       -4033.364       1148.393      -2914.685    0.000   0.000   0.000   0.
  2017 352  1  5 22 503 352.045399346      -5.56      0.45     -1.32  0.       -4031.482       1146.088      -2915.864    0.000   0.000   0.000   0.
  2017 352  1  5 23 503 352.045410920      -5.52      0.48     -1.30  0.       -4029.599       1143.783      -2917.042    0.000   0.000   0.000   0.
  2017 352  1  5 24 503 352.045422494      -5.53      0.50     -1.31  0.       -4027.714       1141.478      -2918.218    0.000   0.000   0.000   0.
  2017 352  1  5 25 503 352.045434068      -5.52      0.52     -1.30  0.       -4025.829       1139.172      -2919.394    0.000   0.000   0.000   0.
  2017 352  1  5 26 503 352.045445642      -5.49      0.52     -1.28  0.       -4023.942       1136.866      -2920.569    0.000   0.000   0.000   0.
  2017 352  1  5 27 503 352.045457216      -5.53      0.51     -1.28  0.       -4022.053       1134.559      -2921.743    0.000   0.000   0.000   0.
  2017 352  1  5 28 503 352.045468791      -5.51      0.55     -1.23  0.       -4020.164       1132.252      -2922.916    0.000   0.000   0.000   0.
  2017 352  1  5 29 503 352.045480365      -5.51      0.51     -1.22  0.       -4018.273       1129.945      -2924.088    0.000   0.000   0.000   0.
  2017 352  1  5 30 503 352.045491939      -5.47      0.51     -1.17  0.       -4016.381       1127.637      -2925.259    0.000   0.000   0.000   0.
  2017 352  1  5 31 503 352.045503513      -5.51      0.50     -1.12  0.       -4014.487       1125.329      -2926.429    0.000   0.000   0.000   0.
  2017 352  1  5 32 503 352.045515087      -5.47      0.46     -1.14  0.       -4012.593       1123.021      -2927.598    0.000   0.000   0.000   0.
  2017 352  1  5 33 503 352.045526661      -5.45      0.47     -1.12  0.       -4010.697       1120.712      -2928.766    0.000   0.000   0.000   0.
  2017 352  1  5 34 503 352.045538235      -5.42      0.48     -1.11  0.       -4008.799       1118.403      -2929.934    0.000   0.000   0.000   0.
  2017 352  1  5 35 503 352.045549809      -5.35      0.49     -1.08  0.       -4006.900       1116.094      -2931.100    0.000   0.000   0.000   0.
  2017 352  1  5 36 503 352.045561383      -5.31      0.50     -1.10  0.       -4005.001       1113.784      -2932.266    0.000   0.000   0.000   0.
  2017 352  1  5 37 503 352.045572957      -5.16      0.52     -1.08  0.       -4003.099       1111.474      -2933.430    0.000   0.000   0.000   0.
  2017 352  1  5 38 503 352.045584531      -5.07      0.51     -1.08  0.       -4001.197       1109.163      -2934.593    0.000   0.000   0.000   0.
  2017 352  1  5 39 503 352.045596105      -5.02      0.52     -1.13  0.       -3999.293       1106.852      -2935.756    0.000   0.000   0.000   0.
  2017 352  1  5 40 503 352.045607679      -5.13      0.45     -1.25  0.       -3997.388       1104.541      -2936.918    0.000   0.000   0.000   0.
  2017 352  1  5 41 503 352.045619254      -5.11      0.37     -1.41  0.       -3995.481       1102.229      -2938.078    0.000   0.000   0.000   0.
  2017 352  1  5 42 503 352.045630828      -5.07      0.28     -1.39  0.       -3993.574       1099.917      -2939.238    0.000   0.000   0.000   0.
  2017 352  1  5 43 503 352.045642402      -4.99      0.26     -1.40  0.       -3991.664       1097.605      -2940.396    0.000   0.000   0.000   0.
  2017 352  1  5 44 503 352.045653974      -4.96      0.24     -1.37  0.       -3989.754       1095.292      -2941.554    0.000   0.000   0.000   0.
  2017 352  1  5 45 503 352.045665547      -4.98      0.28     -1.29  0.       -3987.842       1092.979      -2942.711    0.000   0.000   0.000   0.
  2017 352  1  5 46 503 352.045677121      -4.98      0.22     -1.19  0.       -3985.930       1090.666      -2943.867    0.000   0.000   0.000   0.
  2017 352  1  5 47 503 352.045688695      -5.03      0.20     -1.14  0.       -3984.015       1088.352      -2945.022    0.000   0.000   0.000   0.
  2017 352  1  5 48 503 352.045700269      -5.08      0.20     -1.06  0.       -3982.100       1086.038      -2946.175    0.000   0.000   0.000   0.
  2017 352  1  5 49 503 352.045711843      -5.03      0.21     -1.00  0.       -3980.183       1083.724      -2947.328    0.000   0.000   0.000   0.
  2017 352  1  5 50 503 352.045723417      -5.07      0.20     -0.97  0.       -3978.265       1081.409      -2948.480    0.000   0.000   0.000   0.
  2017 352  1  5 51 503 352.045734991      -5.06      0.18     -0.99  0.       -3976.345       1079.094      -2949.631    0.000   0.000   0.000   0.
  2017 352  1  5 52 503 352.045746565      -5.11      0.13     -0.98  0.       -3974.424       1076.778      -2950.781    0.000   0.000   0.000   0.
  2017 352  1  5 53 503 352.045758139      -5.12      0.08     -1.04  0.       -3972.502       1074.462      -2951.930    0.000   0.000   0.000   0.
  2017 352  1  5 54 503 352.045769714      -5.15      0.06     -1.03  0.       -3970.579       1072.146      -2953.078    0.000   0.000   0.000   0.
  2017 352  1  5 55 503 352.045781288      -5.12      0.02     -1.07  0.       -3968.654       1069.829      -2954.225    0.000   0.000   0.000   0.
  2017 352  1  5 56 503 352.045792862      -5.06      0.04     -1.10  0.       -3966.728       1067.512      -2955.371    0.000   0.000   0.000   0.
  2017 352  1  5 57 503 352.045804436      -5.07      0.02     -1.05  0.       -3964.801       1065.195      -2956.517    0.000   0.000   0.000   0.
  2017 352  1  5 58 503 352.045816010      -5.06     -0.03     -1.07  0.       -3962.872       1062.877      -2957.661    0.000   0.000   0.000   0.
  2017 352  1  5 59 503 352.045827584      -5.00     -0.06     -1.04  0.       -3960.942       1060.559      -2958.804    0.000   0.000   0.000   0.
  2017 352  1  6  0 503 352.045839158      -4.97     -0.07     -1.11  0.       -3959.011       1058.241      -2959.946    0.000   0.000   0.000   0.
  2017 352  1  6  1 503 352.045850732      -4.92     -0.11     -1.12  0.       -3957.078       1055.922      -2961.087    0.000   0.000   0.000   0.
  2017 352  1  6  2 503 352.045862306      -4.89     -0.11     -1.15  0.       -3955.145       1053.603      -2962.227    0.000   0.000   0.000   0.
  2017 352  1  6  3 503 352.045873880      -4.87     -0.12     -1.19  0.       -3953.209       1051.284      -2963.367    0.000   0.000   0.000   0.
  2017 352  1  6  4 503 352.045885454      -4.83     -0.12     -1.16  0.       -3951.273       1048.964      -2964.505    0.000   0.000   0.000   0.
  2017 352  1  6  5 503 352.045897028      -4.79     -0.12     -1.19  0.       -3949.335       1046.644      -2965.642    0.000   0.000   0.000   0.
  2017 352  1  6  6 503 352.045908602      -4.82     -0.14     -1.21  0.       -3947.396       1044.324      -2966.778    0.000   0.000   0.000   0.
  2017 352  1  6  7 503 352.045920177      -4.83     -0.17     -1.25  0.       -3945.456       1042.003      -2967.914    0.000   0.000   0.000   0.
  2017 352  1  6  8 503 352.045931751      -4.77     -0.17     -1.23  0.       -3943.514       1039.682      -2969.048    0.000   0.000   0.000   0.
  2017 352  1  6  9 503 352.045943325      -4.77     -0.15     -1.23  0.       -3941.571       1037.360      -2970.181    0.000   0.000   0.000   0.
  2017 352  1  6 10 503 352.045954899      -4.84     -0.17     -1.27  0.       -3939.626       1035.038      -2971.314    0.000   0.000   0.000   0.
  2017 352  1  6 11 503 352.045966473      -4.84     -0.17     -1.28  0.       -3937.681       1032.716      -2972.445    0.000   0.000   0.000   0.
  2017 352  1  6 12 503 352.045978047      -4.84     -0.15     -1.30  0.       -3935.734       1030.394      -2973.575    0.000   0.000   0.000   0.
  2017 352  1  6 13 503 352.045989621      -4.87     -0.16     -1.31  0.       -3933.785       1028.071      -2974.705    0.000   0.000   0.000   0.
  2017 352  1  6 14 502 352.046001193      -4.89     -0.14     -1.28  0.       -3931.836       1025.747      -2975.833    0.000   0.000   0.000   0.
  2017 352  1  6 15 502 352.046012766      -4.89     -0.17     -1.27  0.       -3929.885       1023.424      -2976.960    0.000   0.000   0.000   0.
  2017 352  1  6 16 502 352.046024340      -4.88     -0.16     -1.28  0.       -3927.933       1021.100      -2978.087    0.000   0.000   0.000   0.
  2017 352  1  6 17 503 352.046035914      -4.96     -0.20     -1.29  0.       -3925.979       1018.776      -2979.212    0.000   0.000   0.000   0.
  2017 352  1  6 18 503 352.046047488      -4.93     -0.21     -1.26  0.       -3924.024       1016.451      -2980.336    0.000   0.000   0.000   0.
  2017 352  1  6 19 503 352.046059063      -4.93     -0.19     -1.26  0.       -3922.068       1014.126      -2981.460    0.000   0.000   0.000   0.
  2017 352  1  6 20 502 352.046070637      -4.91     -0.16     -1.25  0.       -3920.111       1011.801      -2982.582    0.000   0.000   0.000   0.
  2017 352  1  6 21 502 352.046082211      -4.88     -0.14     -1.26  0.       -3918.152       1009.475      -2983.703    0.000   0.000   0.000   0.
  2017 352  1  6 22 503 352.046093785      -4.80     -0.18     -1.26  0.       -3916.192       1007.149      -2984.824    0.000   0.000   0.000   0.
  2017 352  1  6 23 503 352.046105359      -4.75     -0.17     -1.22  0.       -3914.230       1004.823      -2985.943    0.000   0.000   0.000   0.
  2017 352  1  6 24 503 352.046116933      -4.73     -0.24     -1.17  0.       -3912.267       1002.496      -2987.061    0.000   0.000   0.000   0.
  2017 352  1  6 25 503 352.046128507      -4.68     -0.31     -1.09  0.       -3910.303       1000.169      -2988.179    0.000   0.000   0.000   0.
  2017 352  1  6 26 502 352.046140081      -4.69     -0.33     -1.09  0.       -3908.338        997.842      -2989.295    0.000   0.000   0.000   0.
  2017 352  1  6 27 502 352.046151655      -4.67     -0.32     -1.16  0.       -3906.371        995.514      -2990.410    0.000   0.000   0.000   0.
  2017 352  1  6 28 502 352.046163229      -4.66     -0.26     -1.17  0.       -3904.403        993.187      -2991.524    0.000   0.000   0.000   0.
  2017 352  1  6 29 502 352.046174803      -4.64     -0.29     -1.20  0.       -3902.434        990.858      -2992.638    0.000   0.000   0.000   0.
  2017 352  1  6 30 502 352.046186377      -4.60     -0.30     -1.20  0.       -3900.463        988.530      -2993.750    0.000   0.000   0.000   0.
  2017 352  1  6 31 503 352.046197951      -4.57     -0.28     -1.22  0.       -3898.491        986.201      -2994.861    0.000   0.000   0.000   0.
  2017 352  1  6 32 503 352.046209525      -4.51     -0.30     -1.22  0.       -3896.518        983.871      -2995.971    0.000   0.000   0.000   0.
  2017 352  1  6 33 502 352.046221100      -4.49     -0.34     -1.21  0.       -3894.543        981.542      -2997.081    0.000   0.000   0.000   0.
  2017 352  1  6 34 502 352.046232674      -4.42     -0.37     -1.19  0.       -3892.567        979.212      -2998.189    0.000   0.000   0.000   0.
  2017 352  1  6 35 503 352.046244248      -4.38     -0.35     -1.17  0.       -3890.590        976.881      -2999.296    0.000   0.000   0.000   0.
  2017 352  1  6 36 503 352.046255822      -4.34     -0.40     -1.16  0.       -3888.611        974.551      -3000.402    0.000   0.000   0.000   0.
  2017 352  1  6 37 503 352.046267396      -4.38     -0.42     -1.19  0.       -3886.631        972.220      -3001.507    0.000   0.000   0.000   0.
  2017 352  1  6 38 503 352.046278970      -4.43     -0.44     -1.21  0.       -3884.650        969.888      -3002.611    0.000   0.000   0.000   0.
  2017 352  1  6 39 503 352.046290544      -4.42     -0.51     -1.23  0.       -3882.668        967.557      -3003.714    0.000   0.000   0.000   0.
  2017 352  1  6 40 502 352.046302118      -4.51     -0.56     -1.26  0.       -3880.684        965.225      -3004.816    0.000   0.000   0.000   0.
  2017 352  1  6 41 502 352.046313692      -4.52     -0.58     -1.26  0.       -3878.698        962.892      -3005.917    0.000   0.000   0.000   0.
  2017 352  1  6 42 502 352.046325266      -4.48     -0.62     -1.36  0.       -3876.712        960.560      -3007.017    0.000   0.000   0.000   0.
  2017 352  1  6 43 502 352.046336840      -4.50     -0.60     -1.42  0.       -3874.724        958.227      -3008.116    0.000   0.000   0.000   0.
  2017 352  1  6 44 503 352.046348413      -4.47     -0.61     -1.46  0.       -3872.735        955.894      -3009.214    0.000   0.000   0.000   0.
  2017 352  1  6 45 502 352.046359986      -4.43     -0.60     -1.47  0.       -3870.744        953.560      -3010.311    0.000   0.000   0.000   0.
  2017 352  1  6 46 502 352.046371560      -4.37     -0.63     -1.46  0.       -3868.752        951.226      -3011.407    0.000   0.000   0.000   0.
  2017 352  1  6 47 502 352.046383134      -4.30     -0.64     -1.44  0.       -3866.759        948.892      -3012.502    0.000   0.000   0.000   0.
  2017 352  1  6 48 502 352.046394708      -4.35     -0.67     -1.46  0.       -3864.765        946.557      -3013.595    0.000   0.000   0.000   0.
  2017 352  1  6 49 502 352.046406282      -4.26     -0.61     -1.50  0.       -3862.769        944.222      -3014.688    0.000   0.000   0.000   0.
  2017 352  1  6 50 502 352.046417856      -4.17     -0.57     -1.46  0.       -3860.772        941.887      -3015.780    0.000   0.000   0.000   0.
  2017 352  1  6 51 502 352.046429430      -4.12     -0.59     -1.44  0.       -3858.773        939.551      -3016.870    0.000   0.000   0.000   0.
  2017 352  1  6 52 502 352.046441004      -4.09     -0.66     -1.32  0.       -3856.773        937.215      -3017.960    0.000   0.000   0.000   0.
  2017 352  1  6 53 502 352.046452578      -4.11     -0.83     -1.13  0.       -3854.772        934.879      -3019.049    0.000   0.000   0.000   0.
  2017 352  1  6 54 502 352.046464152      -4.12     -0.94     -1.08  0.       -3852.770        932.543      -3020.136    0.000   0.000   0.000   0.
  2017 352  1  6 55 502 352.046475726      -4.14     -1.00     -0.99  0.       -3850.766        930.206      -3021.223    0.000   0.000   0.000   0.
  2017 352  1  6 56 502 352.046487300      -4.13     -1.13     -0.85  0.       -3848.761        927.869      -3022.308    0.000   0.000   0.000   0.
  2017 352  1  6 57 502 352.046498874      -4.05     -1.25     -0.74  0.       -3846.754        925.531      -3023.392    0.000   0.000   0.000   0.
  2017 352  1  6 58 502 352.046510448      -3.92     -1.32     -0.63  0.       -3844.747        923.193      -3024.476    0.000   0.000   0.000   0.
  2017 352  1  6 59 502 352.046522023      -3.81     -1.34     -0.59  0.       -3842.738        920.855      -3025.558    0.000   0.000   0.000   0.
  2017 352  1  7  0 502 352.046533597      -3.79     -1.33     -0.55  0.       -3840.727        918.517      -3026.639    0.000   0.000   0.000   0.
  2017 352  1  7  1 502 352.046545171      -3.76     -1.40     -0.46  0.       -3838.715        916.178      -3027.719    0.000   0.000   0.000   0.
  2017 352  1  7  2 502 352.046556745      -3.68     -1.45     -0.38  0.       -3836.702        913.839      -3028.799    0.000   0.000   0.000   0.
  2017 352  1  7  3 502 352.046568319      -3.55     -1.52     -0.36  0.       -3834.688        911.499      -3029.877    0.000   0.000   0.000   0.
  2017 352  1  7  4 502 352.046579893      -3.41     -1.60     -0.30  0.       -3832.672        909.160      -3030.954    0.000   0.000   0.000   0.
  2017 352  1  7  5 502 352.046591467      -3.33     -1.68     -0.26  0.       -3830.655        906.819      -3032.030    0.000   0.000   0.000   0.
  2017 352  1  7  6 502 352.046603041      -3.18     -1.78     -0.20  0.       -3828.636        904.479      -3033.105    0.000   0.000   0.000   0.
  2017 352  1  7  7 502 352.046614615      -3.06     -1.78     -0.16  0.       -3826.617        902.138      -3034.178    0.000   0.000   0.000   0.
  2017 352  1  7  8 502 352.046626189      -3.06     -1.82     -0.34  0.       -3824.595        899.797      -3035.251    0.000   0.000   0.000   0.
  2017 352  1  7  9 502 352.046637763      -2.99     -1.80     -0.41  0.       -3822.573        897.456      -3036.323    0.000   0.000   0.000   0.
  2017 352  1  7 10 502 352.046649337      -2.85     -1.69     -0.23  0.       -3820.549        895.114      -3037.394    0.000   0.000   0.000   0.
  2017 352  1  7 11 502 352.046660911      -2.80     -1.63     -0.12  0.       -3818.524        892.772      -3038.463    0.000   0.000   0.000   0.
  2017 352  1  7 12 502 352.046672486      -2.63     -1.57     -0.14  0.       -3816.498        890.430      -3039.532    0.000   0.000   0.000   0.
  2017 352  1  7 13 502 352.046684060      -2.47     -1.48     -0.12  0.       -3814.470        888.088      -3040.599    0.000   0.000   0.000   0.
  2017 352  1  7 14 502 352.046695631      -2.42     -1.44     -0.16  0.       -3812.441        885.745      -3041.666    0.000   0.000   0.000   0.
  2017 352  1  7 15 502 352.046707205      -2.38     -1.35     -0.17  0.       -3810.410        883.402      -3042.731    0.000   0.000   0.000   0.
  2017 352  1  7 16 502 352.046718779      -2.25     -1.37     -0.13  0.       -3808.378        881.058      -3043.795    0.000   0.000   0.000   0.
  2017 352  1  7 17 502 352.046730353      -2.20     -1.42     -0.03  0.       -3806.345        878.714      -3044.858    0.000   0.000   0.000   0.
  2017 352  1  7 18 502 352.046741927      -2.11     -1.52     -0.06  0.       -3804.311        876.370      -3045.920    0.000   0.000   0.000   0.
  2017 352  1  7 19 502 352.046753501      -2.08     -1.52     -0.08  0.       -3802.275        874.026      -3046.982    0.000   0.000   0.000   0.
  2017 352  1  7 20 502 352.046765075      -2.01     -1.57     -0.07  0.       -3800.238        871.681      -3048.041    0.000   0.000   0.000   0.
  2017 352  1  7 21 502 352.046776649      -1.92     -1.58     -0.06  0.       -3798.199        869.336      -3049.100    0.000   0.000   0.000   0.
  2017 352  1  7 22 502 352.046788223      -1.87     -1.62      0.03  0.       -3796.160        866.991      -3050.158    0.000   0.000   0.000   0.
  2017 352  1  7 23 502 352.046799797      -1.80     -1.65      0.10  0.       -3794.118        864.645      -3051.214    0.000   0.000   0.000   0.
  2017 352  1  7 24 502 352.046811371      -1.66     -1.60      0.19  0.       -3792.076        862.299      -3052.271    0.000   0.000   0.000   0.
  2017 352  1  7 25 502 352.046822946      -1.43     -1.48      0.29  0.       -3790.032        859.953      -3053.325    0.000   0.000   0.000   0.
  2017 352  1  7 26 502 352.046834520      -1.21     -1.37      0.29  0.       -3787.987        857.606      -3054.379    0.000   0.000   0.000   0.
  2017 352  1  7 27 502 352.046846094      -1.03     -1.23      0.31  0.       -3785.940        855.259      -3055.431    0.000   0.000   0.000   0.
  2017 352  1  7 28 502 352.046857668      -0.85     -1.15      0.27  0.       -3783.893        852.912      -3056.482    0.000   0.000   0.000   0.
  2017 352  1  7 29 502 352.046869242      -0.79     -1.14      0.30  0.       -3781.843        850.564      -3057.533    0.000   0.000   0.000   0.
  2017 352  1  7 30 502 352.046880816      -0.74     -1.14      0.32  0.       -3779.793        848.217      -3058.582    0.000   0.000   0.000   0.
  2017 352  1  7 31 502 352.046892390      -0.63     -1.19      0.40  0.       -3777.741        845.869      -3059.630    0.000   0.000   0.000   0.
  2017 352  1  7 32 502 352.046903964      -0.55     -1.23      0.46  0.       -3775.688        843.520      -3060.677    0.000   0.000   0.000   0.
  2017 352  1  7 33 502 352.046915538      -0.39     -1.19      0.46  0.       -3773.633        841.171      -3061.723    0.000   0.000   0.000   0.
  2017 352  1  7 34 502 352.046927112      -0.40     -1.15      0.45  0.       -3771.577        838.822      -3062.767    0.000   0.000   0.000   0.
  2017 352  1  7 35 502 352.046938686      -0.34     -1.10      0.41  0.       -3769.520        836.473      -3063.811    0.000   0.000   0.000   0.
  2017 352  1  7 36 502 352.046950260      -0.26     -1.10      0.37  0.       -3767.461        834.124      -3064.854    0.000   0.000   0.000   0.
  2017 352  1  7 37 502 352.046961834      -0.10     -1.05      0.46  0.       -3765.401        831.774      -3065.895    0.000   0.000   0.000   0.
  2017 352  1  7 38 502 352.046973409       0.01     -1.10      0.48  0.       -3763.340        829.424      -3066.936    0.000   0.000   0.000   0.
  2017 352  1  7 39 502 352.046984983       0.03     -1.11      0.46  0.       -3761.277        827.073      -3067.975    0.000   0.000   0.000   0.
  2017 352  1  7 40 502 352.046996557       0.07     -1.09      0.47  0.       -3759.213        824.722      -3069.013    0.000   0.000   0.000   0.
  2017 352  1  7 41 502 352.047008131       0.18     -1.10      0.49  0.       -3757.148        822.371      -3070.050    0.000   0.000   0.000   0.
  2017 352  1  7 42 502 352.047019705       0.29     -1.11      0.55  0.       -3755.081        820.020      -3071.086    0.000   0.000   0.000   0.
  2017 352  1  7 43 502 352.047031279       0.31     -1.13      0.55  0.       -3753.013        817.668      -3072.121    0.000   0.000   0.000   0.
  2017 352  1  7 44 502 352.047042851       0.41     -1.10      0.55  0.       -3750.944        815.316      -3073.155    0.000   0.000   0.000   0.
  2017 352  1  7 45 502 352.047054424       0.45     -1.01      0.52  0.       -3748.873        812.964      -3074.187    0.000   0.000   0.000   0.
  2017 352  1  7 46 502 352.047065998       0.50     -0.99      0.52  0.       -3746.801        810.611      -3075.219    0.000   0.000   0.000   0.
  2017 352  1  7 47 502 352.047077572       0.52     -1.02      0.52  0.       -3744.728        808.259      -3076.250    0.000   0.000   0.000   0.
  2017 352  1  7 48 502 352.047089146       0.62     -1.02      0.48  0.       -3742.653        805.905      -3077.279    0.000   0.000   0.000   0.
  2017 352  1  7 49 502 352.047100721       0.65     -1.04      0.49  0.       -3740.577        803.552      -3078.307    0.000   0.000   0.000   0.
  2017 352  1  7 50 502 352.047112295       0.75     -1.05      0.52  0.       -3738.499        801.198      -3079.334    0.000   0.000   0.000   0.
  2017 352  1  7 51 502 352.047123869       0.92     -1.03      0.59  0.       -3736.421        798.844      -3080.360    0.000   0.000   0.000   0.
  2017 352  1  7 52 502 352.047135443       0.95     -1.04      0.63  0.       -3734.340        796.490      -3081.385    0.000   0.000   0.000   0.
  2017 352  1  7 53 502 352.047147017       1.03     -1.09      0.63  0.       -3732.259        794.135      -3082.409    0.000   0.000   0.000   0.
  2017 352  1  7 54 502 352.047158591       1.08     -1.14      0.59  0.       -3730.176        791.781      -3083.432    0.000   0.000   0.000   0.
  2017 352  1  7 55 502 352.047170165       1.13     -1.14      0.57  0.       -3728.092        789.425      -3084.453    0.000   0.000   0.000   0.
  2017 352  1  7 56 502 352.047181739       1.22     -1.14      0.54  0.       -3726.006        787.070      -3085.474    0.000   0.000   0.000   0.
  2017 352  1  7 57 502 352.047193313       1.16     -1.12      0.51  0.       -3723.919        784.714      -3086.493    0.000   0.000   0.000   0.
  2017 352  1  7 58 502 352.047204887       1.11     -1.07      0.43  0.       -3721.831        782.358      -3087.511    0.000   0.000   0.000   0.
  2017 352  1  7 59 502 352.047216461       1.13     -1.00      0.40  0.       -3719.741        780.002      -3088.528    0.000   0.000   0.000   0.
  2017 352  1  8  0 502 352.047228035       1.10     -1.01      0.38  0.       -3717.650        777.645      -3089.544    0.000   0.000   0.000   0.
  2017 352  1  8  1 502 352.047239609       1.21     -0.97      0.38  0.       -3715.558        775.288      -3090.559    0.000   0.000   0.000   0.
  2017 352  1  8  2 502 352.047251183       1.29     -0.92      0.37  0.       -3713.464        772.931      -3091.573    0.000   0.000   0.000   0.
  2017 352  1  8  3 502 352.047262758       1.32     -0.90      0.31  0.       -3711.369        770.574      -3092.585    0.000   0.000   0.000   0.
  2017 352  1  8  4 502 352.047274332       1.39     -0.84      0.28  0.       -3709.273        768.216      -3093.597    0.000   0.000   0.000   0.
  2017 352  1  8  5 502 352.047285906       1.39     -0.79      0.24  0.       -3707.175        765.858      -3094.607    0.000   0.000   0.000   0.
  2017 352  1  8  6 502 352.047297480       1.41     -0.74      0.20  0.       -3705.076        763.500      -3095.616    0.000   0.000   0.000   0.
  2017 352  1  8  7 502 352.047309054       1.47     -0.69      0.18  0.       -3702.976        761.141      -3096.624    0.000   0.000   0.000   0.
  2017 352  1  8  8 502 352.047320628       1.45     -0.67      0.14  0.       -3700.874        758.783      -3097.631    0.000   0.000   0.000   0.
  2017 352  1  8  9 502 352.047332202       1.52     -0.62      0.10  0.       -3698.771        756.423      -3098.637    0.000   0.000   0.000   0.
  2017 352  1  8 10 502 352.047343776       1.58     -0.58      0.08  0.       -3696.666        754.064      -3099.641    0.000   0.000   0.000   0.
  2017 352  1  8 11 502 352.047355350       1.62     -0.56      0.06  0.       -3694.560        751.704      -3100.645    0.000   0.000   0.000   0.
  2017 352  1  8 12 501 352.047366922       1.62     -0.54      0.03  0.       -3692.453        749.345      -3101.647    0.000   0.000   0.000   0.
  2017 352  1  8 13 502 352.047378495       1.64     -0.52     -0.03  0.       -3690.345        746.984      -3102.648    0.000   0.000   0.000   0.
  2017 352  1  8 14 502 352.047390069       1.68     -0.49     -0.04  0.       -3688.235        744.624      -3103.648    0.000   0.000   0.000   0.
  2017 352  1  8 15 501 352.047401643       1.78     -0.47     -0.11  0.       -3686.123        742.263      -3104.647    0.000   0.000   0.000   0.
  2017 352  1  8 16 501 352.047413218       1.77     -0.46     -0.16  0.       -3684.011        739.902      -3105.645    0.000   0.000   0.000   0.
  2017 352  1  8 17 502 352.047424792       1.76     -0.42     -0.22  0.       -3681.897        737.541      -3106.642    0.000   0.000   0.000   0.
  2017 352  1  8 18 502 352.047436366       1.83     -0.44     -0.24  0.       -3679.781        735.179      -3107.637    0.000   0.000   0.000   0.
  2017 352  1  8 19 502 352.047447940       1.83     -0.41     -0.31  0.       -3677.665        732.817      -3108.631    0.000   0.000   0.000   0.
  2017 352  1  8 20 502 352.047459514       1.81     -0.38     -0.34  0.       -3675.547        730.455      -3109.624    0.000   0.000   0.000   0.
  2017 352  1  8 21 502 352.047471088       1.81     -0.38     -0.38  0.       -3673.427        728.093      -3110.617    0.000   0.000   0.000   0.
  2017 352  1  8 22 501 352.047482662       1.86     -0.33     -0.40  0.       -3671.306        725.730      -3111.607    0.000   0.000   0.000   0.
  2017 352  1  8 23 501 352.047494236       1.81     -0.35     -0.44  0.       -3669.184        723.367      -3112.597    0.000   0.000   0.000   0.
  2017 352  1  8 24 501 352.047505810       1.86     -0.35     -0.54  0.       -3667.061        721.004      -3113.586    0.000   0.000   0.000   0.
  2017 352  1  8 25 501 352.047517384       1.84     -0.33     -0.61  0.       -3664.936        718.640      -3114.573    0.000   0.000   0.000   0.
  2017 352  1  8 26 501 352.047528958       1.69     -0.38     -0.66  0.       -3662.810        716.277      -3115.559    0.000   0.000   0.000   0.
  2017 352  1  8 27 502 352.047540532       1.67     -0.38     -0.75  0.       -3660.682        713.913      -3116.544    0.000   0.000   0.000   0.
  2017 352  1  8 28 502 352.047552107       1.61     -0.31     -0.81  0.       -3658.553        711.548      -3117.528    0.000   0.000   0.000   0.
  2017 352  1  8 29 501 352.047563681       1.60     -0.23     -0.85  0.       -3656.423        709.184      -3118.511    0.000   0.000   0.000   0.
  2017 352  1  8 30 501 352.047575255       1.46     -0.20     -0.90  0.       -3654.291        706.819      -3119.492    0.000   0.000   0.000   0.
  2017 352  1  8 31 502 352.047586829       1.37     -0.13     -0.93  0.       -3652.158        704.454      -3120.473    0.000   0.000   0.000   0.
  2017 352  1  8 32 502 352.047598403       1.35     -0.14     -0.85  0.       -3650.024        702.089      -3121.452    0.000   0.000   0.000   0.
  2017 352  1  8 33 502 352.047609977       1.37     -0.14     -0.88  0.       -3647.888        699.723      -3122.430    0.000   0.000   0.000   0.
  2017 352  1  8 34 502 352.047621551       1.46     -0.08     -0.88  0.       -3645.751        697.357      -3123.407    0.000   0.000   0.000   0.
  2017 352  1  8 35 502 352.047633125       1.44     -0.03     -0.88  0.       -3643.612        694.991      -3124.383    0.000   0.000   0.000   0.
  2017 352  1  8 36 501 352.047644699       1.41     -0.01     -0.88  0.       -3641.472        692.625      -3125.357    0.000   0.000   0.000   0.
  2017 352  1  8 37 501 352.047656273       1.37     -0.05     -0.88  0.       -3639.331        690.258      -3126.331    0.000   0.000   0.000   0.
  2017 352  1  8 38 501 352.047667847       1.43     -0.08     -0.89  0.       -3637.188        687.891      -3127.303    0.000   0.000   0.000   0.
  2017 352  1  8 39 501 352.047679421       1.56     -0.06     -0.89  0.       -3635.044        685.524      -3128.274    0.000   0.000   0.000   0.
  2017 352  1  8 40 502 352.047690995       1.60     -0.04     -0.97  0.       -3632.899        683.157      -3129.244    0.000   0.000   0.000   0.
  2017 352  1  8 41 502 352.047702569       1.56     -0.04     -1.05  0.       -3630.753        680.789      -3130.212    0.000   0.000   0.000   0.
  2017 352  1  8 42 501 352.047714142       1.55     -0.04     -1.11  0.       -3628.604        678.421      -3131.180    0.000   0.000   0.000   0.
  2017 352  1  8 43 501 352.047725715       1.50     -0.04     -1.13  0.       -3626.455        676.053      -3132.146    0.000   0.000   0.000   0.
  2017 352  1  8 44 501 352.047737289       1.45     -0.04     -1.08  0.       -3624.304        673.684      -3133.111    0.000   0.000   0.000   0.
  2017 352  1  8 45 501 352.047748863       1.38     -0.07     -1.06  0.       -3622.152        671.316      -3134.075    0.000   0.000   0.000   0.
  2017 352  1  8 46 501 352.047760437       1.37     -0.10     -1.18  0.       -3619.999        668.947      -3135.038    0.000   0.000   0.000   0.
  2017 352  1  8 47 501 352.047772011       1.30     -0.15     -1.24  0.       -3617.844        666.577      -3136.000    0.000   0.000   0.000   0.
  2017 352  1  8 48 501 352.047783585       1.20     -0.14     -1.30  0.       -3615.688        664.208      -3136.960    0.000   0.000   0.000   0.
  2017 352  1  8 49 501 352.047795159       1.15     -0.15     -1.32  0.       -3613.530        661.838      -3137.919    0.000   0.000   0.000   0.
  2017 352  1  8 50 501 352.047806733       1.14     -0.14     -1.31  0.       -3611.371        659.468      -3138.877    0.000   0.000   0.000   0.
  2017 352  1  8 51 501 352.047818307       1.09     -0.18     -1.33  0.       -3609.211        657.098      -3139.834    0.000   0.000   0.000   0.
  2017 352  1  8 52 501 352.047829881       1.08     -0.14     -1.36  0.       -3607.049        654.728      -3140.790    0.000   0.000   0.000   0.
  2017 352  1  8 53 501 352.047841455       1.00     -0.10     -1.38  0.       -3604.886        652.357      -3141.744    0.000   0.000   0.000   0.
  2017 352  1  8 54 501 352.047853029       0.97     -0.10     -1.37  0.       -3602.721        649.986      -3142.697    0.000   0.000   0.000   0.
  2017 352  1  8 55 501 352.047864604       0.86     -0.10     -1.37  0.       -3600.555        647.615      -3143.649    0.000   0.000   0.000   0.
  2017 352  1  8 56 501 352.047876178       0.81     -0.10     -1.44  0.       -3598.388        645.243      -3144.600    0.000   0.000   0.000   0.
  2017 352  1  8 57 501 352.047887752       0.83     -0.10     -1.54  0.       -3596.220        642.872      -3145.550    0.000   0.000   0.000   0.
  2017 352  1  8 58 501 352.047899326       0.89     -0.09     -1.58  0.       -3594.050        640.500      -3146.498    0.000   0.000   0.000   0.
  2017 352  1  8 59 501 352.047910900       0.91     -0.08     -1.66  0.       -3591.879        638.127      -3147.445    0.000   0.000   0.000   0.
  2017 352  1  9  0 501 352.047922474       0.87     -0.06     -1.67  0.       -3589.706        635.755      -3148.391    0.000   0.000   0.000   0.
  2017 352  1  9  1 501 352.047934048       0.76     -0.03     -1.72  0.       -3587.532        633.382      -3149.336    0.000   0.000   0.000   0.
  2017 352  1  9  2 501 352.047945622       0.66      0.07     -1.86  0.       -3585.356        631.009      -3150.280    0.000   0.000   0.000   0.
  2017 352  1  9  3 501 352.047957196       0.56      0.15     -1.86  0.       -3583.180        628.636      -3151.222    0.000   0.000   0.000   0.
  2017 352  1  9  4 501 352.047968770       0.48      0.08     -1.85  0.       -3581.001        626.263      -3152.164    0.000   0.000   0.000   0.
  2017 352  1  9  5 501 352.047980344       0.55      0.05     -1.68  0.       -3578.822        623.889      -3153.103    0.000   0.000   0.000   0.
  2017 352  1  9  6 501 352.047991918       0.49      0.03     -1.58  0.       -3576.641        621.515      -3154.042    0.000   0.000   0.000   0.
  2017 352  1  9  7 501 352.048003492       0.40      0.01     -1.57  0.       -3574.459        619.141      -3154.980    0.000   0.000   0.000   0.
  2017 352  1  9  8 501 352.048015067       0.40      0.09     -1.55  0.       -3572.275        616.767      -3155.916    0.000   0.000   0.000   0.
  2017 352  1  9  9 501 352.048026641       0.30      0.09     -1.52  0.       -3570.090        614.392      -3156.851    0.000   0.000   0.000   0.
  2017 352  1  9 10 501 352.048038215       0.15      0.10     -1.40  0.       -3567.904        612.017      -3157.785    0.000   0.000   0.000   0.
  2017 352  1  9 11 501 352.048049789       0.06      0.14     -1.27  0.       -3565.716        609.642      -3158.718    0.000   0.000   0.000   0.
  2017 352  1  9 12 501 352.048061361      -0.08      0.14     -1.24  0.       -3563.527        607.267      -3159.649    0.000   0.000   0.000   0.
  2017 352  1  9 13 501 352.048072934      -0.10      0.21     -1.22  0.       -3561.336        604.892      -3160.580    0.000   0.000   0.000   0.
  2017 352  1  9 14 501 352.048084508      -0.16      0.25     -1.34  0.       -3559.144        602.516      -3161.509    0.000   0.000   0.000   0.
  2017 352  1  9 15 501 352.048096082      -0.30      0.28     -1.49  0.       -3556.951        600.140      -3162.437    0.000   0.000   0.000   0.
  2017 352  1  9 16 501 352.048107656      -0.38      0.34     -1.58  0.       -3554.757        597.764      -3163.363    0.000   0.000   0.000   0.
  2017 352  1  9 17 501 352.048119230      -0.42      0.35     -1.72  0.       -3552.560        595.387      -3164.288    0.000   0.000   0.000   0.
  2017 352  1  9 18 501 352.048130804      -0.48      0.31     -1.67  0.       -3550.363        593.010      -3165.213    0.000   0.000   0.000   0.
  2017 352  1  9 19 501 352.048142378      -0.59      0.30     -1.84  0.       -3548.164        590.633      -3166.135    0.000   0.000   0.000   0.
  2017 352  1  9 20 501 352.048153953      -0.77      0.28     -2.04  0.       -3545.964        588.256      -3167.057    0.000   0.000   0.000   0.
  2017 352  1  9 21 501 352.048165527      -0.91      0.29     -2.15  0.       -3543.763        585.879      -3167.977    0.000   0.000   0.000   0.
  2017 352  1  9 22 501 352.048177101      -1.13      0.26     -2.21  0.       -3541.560        583.501      -3168.897    0.000   0.000   0.000   0.
  2017 352  1  9 23 501 352.048188675      -1.25      0.30     -2.30  0.       -3539.355        581.123      -3169.815    0.000   0.000   0.000   0.
  2017 352  1  9 24 501 352.048200249      -1.42      0.30     -2.35  0.       -3537.150        578.745      -3170.731    0.000   0.000   0.000   0.
  2017 352  1  9 25 501 352.048211823      -1.44      0.30     -2.37  0.       -3534.943        576.367      -3171.647    0.000   0.000   0.000   0.
  2017 352  1  9 26 501 352.048223397      -1.41      0.35     -2.42  0.       -3532.734        573.988      -3172.561    0.000   0.000   0.000   0.
  2017 352  1  9 27 501 352.048234971      -1.45      0.35     -2.39  0.       -3530.525        571.610      -3173.474    0.000   0.000   0.000   0.
  2017 352  1  9 28 501 352.048246545      -1.54      0.33     -2.36  0.       -3528.313        569.231      -3174.386    0.000   0.000   0.000   0.
  2017 352  1  9 29 501 352.048258119      -1.52      0.32     -2.34  0.       -3526.101        566.852      -3175.296    0.000   0.000   0.000   0.
  2017 352  1  9 30 501 352.048269693      -1.48      0.36     -2.34  0.       -3523.887        564.472      -3176.206    0.000   0.000   0.000   0.
  2017 352  1  9 31 501 352.048281267      -1.43      0.44     -2.37  0.       -3521.672        562.093      -3177.114    0.000   0.000   0.000   0.
  2017 352  1  9 32 501 352.048292841      -1.45      0.48     -2.43  0.       -3519.455        559.713      -3178.021    0.000   0.000   0.000   0.
  2017 352  1  9 33 501 352.048304416      -1.36      0.55     -2.43  0.       -3517.237        557.333      -3178.926    0.000   0.000   0.000   0.
  2017 352  1  9 34 501 352.048315990      -1.30      0.66     -2.45  0.       -3515.018        554.952      -3179.830    0.000   0.000   0.000   0.
  2017 352  1  9 35 501 352.048327564      -1.21      0.69     -2.53  0.       -3512.797        552.572      -3180.733    0.000   0.000   0.000   0.
  2017 352  1  9 36 501 352.048339138      -1.20      0.71     -2.61  0.       -3510.575        550.191      -3181.635    0.000   0.000   0.000   0.
  2017 352  1  9 37 501 352.048350712      -1.21      0.79     -2.63  0.       -3508.351        547.810      -3182.536    0.000   0.000   0.000   0.
  2017 352  1  9 38 501 352.048362286      -1.19      0.83     -2.70  0.       -3506.126        545.429      -3183.435    0.000   0.000   0.000   0.
  2017 352  1  9 39 501 352.048373860      -1.20      0.87     -2.74  0.       -3503.900        543.048      -3184.333    0.000   0.000   0.000   0.
  2017 352  1  9 40 501 352.048385434      -1.24      0.93     -2.78  0.       -3501.672        540.666      -3185.230    0.000   0.000   0.000   0.
  2017 352  1  9 41 501 352.048397008      -1.20      0.97     -2.71  0.       -3499.443        538.284      -3186.125    0.000   0.000   0.000   0.
  2017 352  1  9 42 501 352.048408580      -1.17      1.08     -2.70  0.       -3497.212        535.902      -3187.019    0.000   0.000   0.000   0.
  2017 352  1  9 43 501 352.048420153      -1.10      1.12     -2.75  0.       -3494.980        533.520      -3187.912    0.000   0.000   0.000   0.
  2017 352  1  9 44 501 352.048431727      -1.16      1.13     -2.79  0.       -3492.747        531.137      -3188.804    0.000   0.000   0.000   0.
  2017 352  1  9 45 501 352.048443302      -1.19      1.22     -2.84  0.       -3490.512        528.755      -3189.695    0.000   0.000   0.000   0.
  2017 352  1  9 46 501 352.048454876      -1.20      1.24     -2.90  0.       -3488.277        526.372      -3190.584    0.000   0.000   0.000   0.
  2017 352  1  9 47 501 352.048466450      -1.20      1.27     -2.87  0.       -3486.039        523.989      -3191.472    0.000   0.000   0.000   0.
  2017 352  1  9 48 501 352.048478024      -1.20      1.30     -2.89  0.       -3483.800        521.606      -3192.358    0.000   0.000   0.000   0.
  2017 352  1  9 49 501 352.048489598      -1.22      1.29     -2.86  0.       -3481.560        519.222      -3193.244    0.000   0.000   0.000   0.
  2017 352  1  9 50 501 352.048501172      -1.18      1.31     -2.82  0.       -3479.319        516.838      -3194.128    0.000   0.000   0.000   0.
  2017 352  1  9 51 501 352.048512746      -1.11      1.35     -2.81  0.       -3477.076        514.454      -3195.010    0.000   0.000   0.000   0.
  2017 352  1  9 52 501 352.048524320      -1.05      1.36     -2.75  0.       -3474.831        512.070      -3195.892    0.000   0.000   0.000   0.
  2017 352  1  9 53 501 352.048535894      -1.07      1.34     -2.67  0.       -3472.586        509.686      -3196.772    0.000   0.000   0.000   0.
  2017 352  1  9 54 501 352.048547468      -1.00      1.33     -2.64  0.       -3470.339        507.301      -3197.651    0.000   0.000   0.000   0.
  2017 352  1  9 55 501 352.048559042      -0.96      1.35     -2.58  0.       -3468.090        504.917      -3198.529    0.000   0.000   0.000   0.
  2017 352  1  9 56 501 352.048570616      -0.89      1.35     -2.52  0.       -3465.840        502.532      -3199.405    0.000   0.000   0.000   0.
  2017 352  1  9 57 501 352.048582190      -0.84      1.36     -2.44  0.       -3463.589        500.147      -3200.281    0.000   0.000   0.000   0.
  2017 352  1  9 58 501 352.048593764      -0.83      1.37     -2.40  0.       -3461.336        497.761      -3201.154    0.000   0.000   0.000   0.
  2017 352  1  9 59 501 352.048605339      -0.81      1.34     -2.41  0.       -3459.082        495.376      -3202.027    0.000   0.000   0.000   0.
  2017 352  1 10  0 501 352.048616913      -0.82      1.34     -2.36  0.       -3456.827        492.990      -3202.898    0.000   0.000   0.000   0.
  2017 352  1 10  1 501 352.048628487      -0.86      1.33     -2.32  0.       -3454.570        490.604      -3203.768    0.000   0.000   0.000   0.
  2017 352  1 10  2 501 352.048640061      -0.83      1.33     -2.28  0.       -3452.312        488.218      -3204.637    0.000   0.000   0.000   0.
  2017 352  1 10  3 501 352.048651635      -0.79      1.30     -2.23  0.       -3450.052        485.832      -3205.504    0.000   0.000   0.000   0.
  2017 352  1 10  4 501 352.048663209      -0.81      1.32     -2.20  0.       -3447.791        483.445      -3206.371    0.000   0.000   0.000   0.
  2017 352  1 10  5 501 352.048674783      -0.86      1.31     -2.16  0.       -3445.529        481.058      -3207.235    0.000   0.000   0.000   0.
  2017 352  1 10  6 501 352.048686357      -0.87      1.29     -2.14  0.       -3443.265        478.671      -3208.099    0.000   0.000   0.000   0.
  2017 352  1 10  7 501 352.048697931      -0.86      1.26     -2.15  0.       -3441.000        476.284      -3208.961    0.000   0.000   0.000   0.
  2017 352  1 10  8 501 352.048709505      -0.86      1.29     -2.16  0.       -3438.734        473.897      -3209.822    0.000   0.000   0.000   0.
  2017 352  1 10  9 501 352.048721079      -0.85      1.29     -2.14  0.       -3436.466        471.510      -3210.682    0.000   0.000   0.000   0.
  2017 352  1 10 10 501 352.048732653      -0.87      1.28     -2.12  0.       -3434.197        469.122      -3211.540    0.000   0.000   0.000   0.
  2017 352  1 10 11 501 352.048744227      -0.84      1.33     -2.12  0.       -3431.926        466.734      -3212.397    0.000   0.000   0.000   0.
  2017 352  1 10 12 500 352.048755799      -0.85      1.33     -2.08  0.       -3429.654        464.346      -3213.253    0.000   0.000   0.000   0.
  2017 352  1 10 13 501 352.048767373      -0.86      1.32     -2.07  0.       -3427.380        461.958      -3214.107    0.000   0.000   0.000   0.
  2017 352  1 10 14 501 352.048778947      -0.88      1.34     -2.07  0.       -3425.105        459.569      -3214.960    0.000   0.000   0.000   0.
  2017 352  1 10 15 501 352.048790521      -0.89      1.30     -2.06  0.       -3422.829        457.181      -3215.812    0.000   0.000   0.000   0.
  2017 352  1 10 16 501 352.048802095      -0.91      1.31     -2.07  0.       -3420.552        454.792      -3216.663    0.000   0.000   0.000   0.
  2017 352  1 10 17 501 352.048813669      -0.95      1.27     -2.08  0.       -3418.273        452.403      -3217.512    0.000   0.000   0.000   0.
  2017 352  1 10 18 500 352.048825243      -0.93      1.30     -2.06  0.       -3415.992        450.014      -3218.360    0.000   0.000   0.000   0.
  2017 352  1 10 19 500 352.048836817      -0.98      1.26     -2.00  0.       -3413.710        447.624      -3219.206    0.000   0.000   0.000   0.
  2017 352  1 10 20 500 352.048848391      -0.95      1.24     -1.99  0.       -3411.427        445.235      -3220.052    0.000   0.000   0.000   0.
  2017 352  1 10 21 500 352.048859965      -0.92      1.24     -1.95  0.       -3409.143        442.845      -3220.896    0.000   0.000   0.000   0.
  2017 352  1 10 22 501 352.048871539      -0.90      1.22     -1.94  0.       -3406.857        440.455      -3221.738    0.000   0.000   0.000   0.
  2017 352  1 10 23 501 352.048883113      -0.88      1.22     -1.91  0.       -3404.569        438.065      -3222.580    0.000   0.000   0.000   0.
  2017 352  1 10 24 501 352.048894688      -0.86      1.24     -1.85  0.       -3402.281        435.675      -3223.420    0.000   0.000   0.000   0.
  2017 352  1 10 25 500 352.048906262      -0.85      1.23     -1.85  0.       -3399.990        433.284      -3224.258    0.000   0.000   0.000   0.
  2017 352  1 10 26 501 352.048917836      -0.80      1.22     -1.83  0.       -3397.699        430.894      -3225.095    0.000   0.000   0.000   0.
  2017 352  1 10 27 501 352.048929410      -0.82      1.22     -1.79  0.       -3395.406        428.503      -3225.931    0.000   0.000   0.000   0.
  2017 352  1 10 28 501 352.048940984      -0.83      1.22     -1.77  0.       -3393.112        426.112      -3226.766    0.000   0.000   0.000   0.
  2017 352  1 10 29 501 352.048952558      -0.84      1.22     -1.79  0.       -3390.816        423.721      -3227.600    0.000   0.000   0.000   0.
  2017 352  1 10 30 501 352.048964132      -0.86      1.23     -1.75  0.       -3388.519        421.329      -3228.432    0.000   0.000   0.000   0.
  2017 352  1 10 31 500 352.048975706      -0.87      1.27     -1.69  0.       -3386.220        418.938      -3229.262    0.000   0.000   0.000   0.
  2017 352  1 10 32 500 352.048987280      -0.83      1.27     -1.66  0.       -3383.920        416.546      -3230.092    0.000   0.000   0.000   0.
  2017 352  1 10 33 500 352.048998854      -0.82      1.31     -1.58  0.       -3381.619        414.154      -3230.920    0.000   0.000   0.000   0.
  2017 352  1 10 34 500 352.049010428      -0.77      1.34     -1.53  0.       -3379.316        411.762      -3231.746    0.000   0.000   0.000   0.
  2017 352  1 10 35 500 352.049022002      -0.74      1.37     -1.50  0.       -3377.012        409.370      -3232.572    0.000   0.000   0.000   0.
  2017 352  1 10 36 501 352.049033576      -0.66      1.42     -1.40  0.       -3374.707        406.978      -3233.396    0.000   0.000   0.000   0.
  2017 352  1 10 37 501 352.049045150      -0.57      1.43     -1.33  0.       -3372.400        404.585      -3234.218    0.000   0.000   0.000   0.
  2017 352  1 10 38 500 352.049056725      -0.47      1.44     -1.29  0.       -3370.092        402.192      -3235.040    0.000   0.000   0.000   0.
  2017 352  1 10 39 500 352.049068299      -0.42      1.41     -1.27  0.       -3367.782        399.800      -3235.860    0.000   0.000   0.000   0.
  2017 352  1 10 40 501 352.049079873      -0.35      1.39     -1.18  0.       -3365.471        397.407      -3236.678    0.000   0.000   0.000   0.
  2017 352  1 10 41 501 352.049091447      -0.30      1.34     -1.12  0.       -3363.159        395.013      -3237.496    0.000   0.000   0.000   0.
  2017 352  1 10 42 501 352.049103019      -0.16      1.30     -1.06  0.       -3360.845        392.620      -3238.312    0.000   0.000   0.000   0.
  2017 352  1 10 43 500 352.049114592      -0.07      1.24     -1.04  0.       -3358.529        390.226      -3239.126    0.000   0.000   0.000   0.
  2017 352  1 10 44 500 352.049126166      -0.01      1.19     -1.02  0.       -3356.213        387.833      -3239.940    0.000   0.000   0.000   0.
  2017 352  1 10 45 500 352.049137740       0.07      1.07     -1.05  0.       -3353.895        385.439      -3240.752    0.000   0.000   0.000   0.
  2017 352  1 10 46 500 352.049149314       0.07      0.99     -1.08  0.       -3351.575        383.045      -3241.562    0.000   0.000   0.000   0.
  2017 352  1 10 47 500 352.049160888       0.17      0.85     -1.10  0.       -3349.255        380.651      -3242.371    0.000   0.000   0.000   0.
  2017 352  1 10 48 500 352.049172462       0.12      0.71     -1.16  0.       -3346.932        378.256      -3243.179    0.000   0.000   0.000   0.
  2017 352  1 10 49 500 352.049184036       0.15      0.64     -1.19  0.       -3344.609        375.862      -3243.986    0.000   0.000   0.000   0.
  2017 352  1 10 50 500 352.049195611       0.06      0.52     -1.22  0.       -3342.284        373.467      -3244.791    0.000   0.000   0.000   0.
  2017 352  1 10 51 500 352.049207185      -0.01      0.43     -1.29  0.       -3339.957        371.072      -3245.595    0.000   0.000   0.000   0.
  2017 352  1 10 52 500 352.049218759      -0.08      0.41     -1.33  0.       -3337.629        368.677      -3246.397    0.000   0.000   0.000   0.
  2017 352  1 10 53 500 352.049230333      -0.18      0.38     -1.39  0.       -3335.300        366.282      -3247.198    0.000   0.000   0.000   0.
  2017 352  1 10 54 500 352.049241907      -0.22      0.39     -1.53  0.       -3332.970        363.887      -3247.998    0.000   0.000   0.000   0.
  2017 352  1 10 55 500 352.049253481      -0.33      0.48     -1.84  0.       -3330.638        361.492      -3248.796    0.000   0.000   0.000   0.
  2017 352  1 10 56 500 352.049265055      -0.49      0.60     -2.03  0.       -3328.304        359.096      -3249.593    0.000   0.000   0.000   0.
  2017 352  1 10 57 500 352.049276629      -0.51      0.68     -2.09  0.       -3325.969        356.700      -3250.389    0.000   0.000   0.000   0.
  2017 352  1 10 58 500 352.049288203      -0.51      0.75     -2.29  0.       -3323.633        354.304      -3251.183    0.000   0.000   0.000   0.
  2017 352  1 10 59 500 352.049299777      -0.53      0.91     -2.44  0.       -3321.296        351.908      -3251.976    0.000   0.000   0.000   0.
  2017 352  1 11  0 500 352.049311351      -0.53      1.00     -2.56  0.       -3318.957        349.512      -3252.767    0.000   0.000   0.000   0.
  2017 352  1 11  1 500 352.049322925      -0.48      1.07     -2.60  0.       -3316.616        347.116      -3253.557    0.000   0.000   0.000   0.
  2017 352  1 11  2 500 352.049334499      -0.50      1.17     -2.56  0.       -3314.275        344.719      -3254.346    0.000   0.000   0.000   0.
  2017 352  1 11  3 500 352.049346073      -0.42      1.33     -2.68  0.       -3311.931        342.323      -3255.133    0.000   0.000   0.000   0.
  2017 352  1 11  4 500 352.049357648      -0.39      1.41     -2.70  0.       -3309.587        339.926      -3255.919    0.000   0.000   0.000   0.
  2017 352  1 11  5 500 352.049369222      -0.21      1.52     -2.60  0.       -3307.241        337.529      -3256.704    0.000   0.000   0.000   0.
  2017 352  1 11  6 500 352.049380796      -0.09      1.51     -2.45  0.       -3304.893        335.132      -3257.487    0.000   0.000   0.000   0.
  2017 352  1 11  7 500 352.049392370      -0.00      1.50     -2.28  0.       -3302.544        332.735      -3258.269    0.000   0.000   0.000   0.
  2017 352  1 11  8 500 352.049403944       0.01      1.48     -2.12  0.       -3300.194        330.337      -3259.049    0.000   0.000   0.000   0.
  2017 352  1 11  9 500 352.049415518       0.08      1.50     -2.04  0.       -3297.843        327.940      -3259.828    0.000   0.000   0.000   0.
  2017 352  1 11 10 500 352.049427092       0.17      1.52     -1.99  0.       -3295.490        325.542      -3260.606    0.000   0.000   0.000   0.
  2017 352  1 11 11 500 352.049438666       0.26      1.58     -2.03  0.       -3293.135        323.145      -3261.382    0.000   0.000   0.000   0.
  2017 352  1 11 12 500 352.049450238       0.31      1.58     -2.00  0.       -3290.780        320.747      -3262.157    0.000   0.000   0.000   0.
  2017 352  1 11 13 500 352.049461811       0.36      1.56     -1.93  0.       -3288.422        318.349      -3262.931    0.000   0.000   0.000   0.
  2017 352  1 11 14 500 352.049473385       0.45      1.56     -1.93  0.       -3286.064        315.951      -3263.703    0.000   0.000   0.000   0.
  2017 352  1 11 15 500 352.049484960       0.52      1.55     -1.92  0.       -3283.704        313.552      -3264.473    0.000   0.000   0.000   0.
  2017 352  1 11 16 500 352.049496534       0.59      1.51     -1.85  0.       -3281.342        311.154      -3265.243    0.000   0.000   0.000   0.
  2017 352  1 11 17 500 352.049508108       0.68      1.52     -1.82  0.       -3278.980        308.755      -3266.011    0.000   0.000   0.000   0.
  2017 352  1 11 18 500 352.049519682       0.84      1.53     -1.76  0.       -3276.615        306.356      -3266.777    0.000   0.000   0.000   0.
  2017 352  1 11 19 500 352.049531256       1.00      1.49     -1.68  0.       -3274.250        303.958      -3267.542    0.000   0.000   0.000   0.
  2017 352  1 11 20 500 352.049542830       1.08      1.39     -1.64  0.       -3271.883        301.559      -3268.306    0.000   0.000   0.000   0.
  2017 352  1 11 21 500 352.049554404       1.21      1.34     -1.55  0.       -3269.514        299.160      -3269.068    0.000   0.000   0.000   0.
  2017 352  1 11 22 500 352.049565978       1.33      1.30     -1.51  0.       -3267.145        296.760      -3269.829    0.000   0.000   0.000   0.
  2017 352  1 11 23 500 352.049577552       1.48      1.26     -1.48  0.       -3264.773        294.361      -3270.589    0.000   0.000   0.000   0.
  2017 352  1 11 24 500 352.049589126       1.66      1.21     -1.41  0.       -3262.401        291.962      -3271.347    0.000   0.000   0.000   0.
  2017 352  1 11 25 500 352.049600700       1.82      1.13     -1.37  0.       -3260.027        289.562      -3272.103    0.000   0.000   0.000   0.
  2017 352  1 11 26 500 352.049612274       1.90      1.08     -1.32  0.       -3257.651        287.162      -3272.859    0.000   0.000   0.000   0.
  2017 352  1 11 27 500 352.049623848       1.99      1.02     -1.26  0.       -3255.274        284.762      -3273.612    0.000   0.000   0.000   0.
  2017 352  1 11 28 500 352.049635423       2.06      0.93     -1.26  0.       -3252.896        282.363      -3274.365    0.000   0.000   0.000   0.
  2017 352  1 11 29 500 352.049646997       2.15      0.85     -1.22  0.       -3250.516        279.962      -3275.116    0.000   0.000   0.000   0.
  2017 352  1 11 30 500 352.049658571       2.19      0.76     -1.16  0.       -3248.136        277.561      -3275.865    0.000   0.000   0.000   0.
  2017 352  1 11 31 500 352.049670145       2.26      0.65     -1.09  0.       -3245.753        275.161      -3276.614    0.000   0.000   0.000   0.
  2017 352  1 11 32 500 352.049681719       2.38      0.60     -1.05  0.       -3243.369        272.761      -3277.360    0.000   0.000   0.000   0.
  2017 352  1 11 33 500 352.049693293       2.39      0.51     -1.05  0.       -3240.984        270.360      -3278.106    0.000   0.000   0.000   0.
  2017 352  1 11 34 500 352.049704867       2.39      0.43     -1.03  0.       -3238.597        267.960      -3278.850    0.000   0.000   0.000   0.
  2017 352  1 11 35 500 352.049716441       2.45      0.35     -0.98  0.       -3236.209        265.559      -3279.592    0.000   0.000   0.000   0.
  2017 352  1 11 36 500 352.049728015       2.54      0.31     -0.98  0.       -3233.820        263.158      -3280.333    0.000   0.000   0.000   0.
  2017 352  1 11 37 500 352.049739589       2.63      0.26     -0.95  0.       -3231.429        260.757      -3281.073    0.000   0.000   0.000   0.
  2017 352  1 11 38 500 352.049751163       2.65      0.18     -0.92  0.       -3229.037        258.356      -3281.811    0.000   0.000   0.000   0.
  2017 352  1 11 39 500 352.049762737       2.72      0.05     -0.89  0.       -3226.643        255.954      -3282.548    0.000   0.000   0.000   0.
  2017 352  1 11 40 500 352.049774309       2.79     -0.02     -0.83  0.       -3224.248        253.553      -3283.283    0.000   0.000   0.000   0.
  2017 352  1 11 41 500 352.049785883       2.83     -0.10     -0.78  0.       -3221.851        251.152      -3284.017    0.000   0.000   0.000   0.
  2017 352  1 11 42 500 352.049797457       2.84     -0.23     -0.73  0.       -3219.453        248.750      -3284.750    0.000   0.000   0.000   0.
  2017 352  1 11 43 500 352.049809031       2.82     -0.28     -0.72  0.       -3217.054        246.348      -3285.481    0.000   0.000   0.000   0.
  2017 352  1 11 44 500 352.049820605       2.85     -0.36     -0.66  0.       -3214.653        243.946      -3286.210    0.000   0.000   0.000   0.
  2017 352  1 11 45 500 352.049832179       2.86     -0.42     -0.65  0.       -3212.251        241.544      -3286.938    0.000   0.000   0.000   0.
  2017 352  1 11 46 500 352.049843753       2.82     -0.44     -0.61  0.       -3209.848        239.142      -3287.665    0.000   0.000   0.000   0.
  2017 352  1 11 47 500 352.049855327       2.77     -0.47     -0.58  0.       -3207.443        236.740      -3288.390    0.000   0.000   0.000   0.
  2017 352  1 11 48 500 352.049866901       2.79     -0.51     -0.56  0.       -3205.037        234.338      -3289.114    0.000   0.000   0.000   0.
  2017 352  1 11 49 500 352.049878475       2.78     -0.53     -0.50  0.       -3202.629        231.936      -3289.836    0.000   0.000   0.000   0.
  2017 352  1 11 50 500 352.049890049       2.86     -0.48     -0.43  0.       -3200.220        229.533      -3290.557    0.000   0.000   0.000   0.
  2017 352  1 11 51 500 352.049901623       2.75     -0.44     -0.38  0.       -3197.809        227.131      -3291.277    0.000   0.000   0.000   0.
  2017 352  1 11 52 500 352.049913197       2.64     -0.53     -0.35  0.       -3195.397        224.728      -3291.995    0.000   0.000   0.000   0.
  2017 352  1 11 53 500 352.049924771       2.53     -0.55     -0.36  0.       -3192.984        222.325      -3292.711    0.000   0.000   0.000   0.
  2017 352  1 11 54 500 352.049936346       2.33     -0.54     -0.29  0.       -3190.569        219.922      -3293.426    0.000   0.000   0.000   0.
  2017 352  1 11 55 500 352.049947920       2.17     -0.58     -0.29  0.       -3188.153        217.519      -3294.140    0.000   0.000   0.000   0.
  2017 352  1 11 56 500 352.049959494       2.20     -0.82     -0.25  0.       -3185.735        215.116      -3294.852    0.000   0.000   0.000   0.
  2017 352  1 11 57 500 352.049971068       2.25     -0.86     -0.22  0.       -3183.316        212.713      -3295.563    0.000   0.000   0.000   0.
  2017 352  1 11 58 500 352.049982642       2.23     -0.88     -0.22  0.       -3180.896        210.310      -3296.272    0.000   0.000   0.000   0.
  2017 352  1 11 59 500 352.049994216       2.33     -0.95     -0.29  0.       -3178.474        207.906      -3296.980    0.000   0.000   0.000   0.
  2017 352  1 12  0 500 352.050005790       2.38     -1.01     -0.25  0.       -3176.051        205.503      -3297.687    0.000   0.000   0.000   0.
  2017 352  1 12  1 500 352.050017364       2.46     -1.07     -0.25  0.       -3173.626        203.099      -3298.392    0.000   0.000   0.000   0.
  2017 352  1 12  2 500 352.050028938       2.48     -1.09     -0.29  0.       -3171.200        200.696      -3299.095    0.000   0.000   0.000   0.
  2017 352  1 12  3 500 352.050040512       2.47     -1.11     -0.27  0.       -3168.773        198.292      -3299.797    0.000   0.000   0.000   0.
  2017 352  1 12  4 500 352.050052086       2.49     -1.12     -0.35  0.       -3166.344        195.888      -3300.497    0.000   0.000   0.000   0.
  2017 352  1 12  5 500 352.050063660       2.50     -1.13     -0.37  0.       -3163.914        193.484      -3301.196    0.000   0.000   0.000   0.
  2017 352  1 12  6 500 352.050075234       2.57     -1.12     -0.42  0.       -3161.482        191.080      -3301.894    0.000   0.000   0.000   0.
  2017 352  1 12  7 500 352.050086808       2.63     -1.11     -0.46  0.       -3159.049        188.676      -3302.590    0.000   0.000   0.000   0.
  2017 352  1 12  8 500 352.050098383       2.68     -1.17     -0.49  0.       -3156.615        186.272      -3303.285    0.000   0.000   0.000   0.
  2017 352  1 12  9 500 352.050109957       2.60     -1.23     -0.55  0.       -3154.179        183.868      -3303.978    0.000   0.000   0.000   0.
  2017 352  1 12 10 500 352.050121529       2.61     -1.21     -0.54  0.       -3151.741        181.464      -3304.669    0.000   0.000   0.000   0.
  2017 352  1 12 11 500 352.050133102       2.61     -1.21     -0.57  0.       -3149.303        179.059      -3305.360    0.000   0.000   0.000   0.
  2017 352  1 12 12 500 352.050144676       2.62     -1.17     -0.59  0.       -3146.863        176.655      -3306.048    0.000   0.000   0.000   0.
  2017 352  1 12 13 499 352.050156250       2.62     -1.13     -0.59  0.       -3144.421        174.250      -3306.735    0.000   0.000   0.000   0.
  2017 352  1 12 14 499 352.050167824       2.62     -1.16     -0.58  0.       -3141.978        171.845      -3307.421    0.000   0.000   0.000   0.
  2017 352  1 12 15 499 352.050179398       2.59     -1.19     -0.60  0.       -3139.534        169.441      -3308.105    0.000   0.000   0.000   0.
  2017 352  1 12 16 499 352.050190972       2.64     -1.17     -0.57  0.       -3137.088        167.036      -3308.788    0.000   0.000   0.000   0.
  2017 352  1 12 17 499 352.050202546       2.64     -1.15     -0.56  0.       -3134.641        164.631      -3309.469    0.000   0.000   0.000   0.
  2017 352  1 12 18 500 352.050214120       2.68     -1.11     -0.61  0.       -3132.192        162.226      -3310.149    0.000   0.000   0.000   0.
  2017 352  1 12 19 500 352.050225694       2.72     -1.07     -0.65  0.       -3129.742        159.821      -3310.827    0.000   0.000   0.000   0.
  2017 352  1 12 20 499 352.050237269       2.72     -1.05     -0.63  0.       -3127.291        157.416      -3311.504    0.000   0.000   0.000   0.
  2017 352  1 12 21 499 352.050248843       2.77     -1.08     -0.66  0.       -3124.838        155.011      -3312.179    0.000   0.000   0.000   0.
  2017 352  1 12 22 500 352.050260417       2.77     -1.03     -0.63  0.       -3122.384        152.606      -3312.853    0.000   0.000   0.000   0.
  2017 352  1 12 23 500 352.050271991       2.74     -1.02     -0.62  0.       -3119.928        150.200      -3313.525    0.000   0.000   0.000   0.
  2017 352  1 12 24 500 352.050283565       2.70     -1.02     -0.66  0.       -3117.471        147.795      -3314.196    0.000   0.000   0.000   0.
  2017 352  1 12 25 500 352.050295139       2.76     -1.01     -0.72  0.       -3115.013        145.390      -3314.866    0.000   0.000   0.000   0.
  2017 352  1 12 26 500 352.050306713       2.78     -0.99     -0.76  0.       -3112.553        142.984      -3315.533    0.000   0.000   0.000   0.
  2017 352  1 12 27 499 352.050318287       2.84     -0.94     -0.82  0.       -3110.092        140.578      -3316.200    0.000   0.000   0.000   0.
  2017 352  1 12 28 499 352.050329861       2.92     -0.85     -0.87  0.       -3107.629        138.173      -3316.864    0.000   0.000   0.000   0.
  2017 352  1 12 29 499 352.050341435       2.98     -0.74     -0.93  0.       -3105.165        135.767      -3317.528    0.000   0.000   0.000   0.
  2017 352  1 12 30 499 352.050353009       3.06     -0.62     -0.98  0.       -3102.700        133.361      -3318.189    0.000   0.000   0.000   0.
  2017 352  1 12 31 499 352.050364583       3.14     -0.52     -1.06  0.       -3100.233        130.955      -3318.850    0.000   0.000   0.000   0.
  2017 352  1 12 32 500 352.050376157       3.23     -0.47     -1.07  0.       -3097.765        128.550      -3319.508    0.000   0.000   0.000   0.
  2017 352  1 12 33 500 352.050387731       3.36     -0.43     -1.07  0.       -3095.295        126.144      -3320.165    0.000   0.000   0.000   0.
  2017 352  1 12 34 499 352.050399306       3.51     -0.41     -1.11  0.       -3092.824        123.738      -3320.821    0.000   0.000   0.000   0.
  2017 352  1 12 35 499 352.050410880       3.59     -0.39     -1.19  0.       -3090.351        121.332      -3321.475    0.000   0.000   0.000   0.
  2017 352  1 12 36 500 352.050422454       3.71     -0.37     -1.19  0.       -3087.877        118.925      -3322.128    0.000   0.000   0.000   0.
  2017 352  1 12 37 500 352.050434028       3.83     -0.36     -1.23  0.       -3085.402        116.519      -3322.779    0.000   0.000   0.000   0.
  2017 352  1 12 38 500 352.050445602       3.91     -0.39     -1.25  0.       -3082.925        114.113      -3323.429    0.000   0.000   0.000   0.
  2017 352  1 12 39 500 352.050457176       4.08     -0.36     -1.24  0.       -3080.447        111.707      -3324.077    0.000   0.000   0.000   0.
  2017 352  1 12 40 499 352.050468748       4.16     -0.34     -1.32  0.       -3077.967        109.300      -3324.724    0.000   0.000   0.000   0.
  2017 352  1 12 41 499 352.050480321       4.24     -0.35     -1.42  0.       -3075.486        106.894      -3325.369    0.000   0.000   0.000   0.
  2017 352  1 12 42 499 352.050491895       4.34     -0.32     -1.43  0.       -3073.004        104.488      -3326.012    0.000   0.000   0.000   0.
  2017 352  1 12 43 499 352.050503469       4.41     -0.33     -1.42  0.       -3070.520        102.081      -3326.654    0.000   0.000   0.000   0.
  2017 352  1 12 44 499 352.050515043       4.53     -0.39     -1.42  0.       -3068.035         99.675      -3327.295    0.000   0.000   0.000   0.
  2017 352  1 12 45 499 352.050526617       4.66     -0.43     -1.45  0.       -3065.548         97.268      -3327.933    0.000   0.000   0.000   0.
  2017 352  1 12 46 499 352.050538192       4.80     -0.49     -1.45  0.       -3063.060         94.861      -3328.571    0.000   0.000   0.000   0.
  2017 352  1 12 47 499 352.050549766       5.02     -0.54     -1.43  0.       -3060.571         92.455      -3329.207    0.000   0.000   0.000   0.
  2017 352  1 12 48 499 352.050561340       5.08     -0.58     -1.44  0.       -3058.080         90.048      -3329.841    0.000   0.000   0.000   0.
  2017 352  1 12 49 499 352.050572914       5.21     -0.62     -1.47  0.       -3055.588         87.641      -3330.474    0.000   0.000   0.000   0.
  2017 352  1 12 50 499 352.050584488       5.36     -0.67     -1.45  0.       -3053.094         85.234      -3331.105    0.000   0.000   0.000   0.
  2017 352  1 12 51 499 352.050596062       5.50     -0.74     -1.40  0.       -3050.599         82.828      -3331.735    0.000   0.000   0.000   0.
  2017 352  1 12 52 499 352.050607636       5.67     -0.81     -1.43  0.       -3048.103         80.421      -3332.363    0.000   0.000   0.000   0.
  2017 352  1 12 53 499 352.050619210       5.78     -1.01     -1.41  0.       -3045.605         78.014      -3332.989    0.000   0.000   0.000   0.
  2017 352  1 12 54 499 352.050630784       5.87     -1.21     -1.43  0.       -3043.105         75.607      -3333.614    0.000   0.000   0.000   0.
  2017 352  1 12 55 499 352.050642358       6.01     -1.32     -1.36  0.       -3040.605         73.200      -3334.238    0.000   0.000   0.000   0.
  2017 352  1 12 56 499 352.050653932       6.18     -1.37     -1.15  0.       -3038.102         70.793      -3334.860    0.000   0.000   0.000   0.
  2017 352  1 12 57 499 352.050665506       6.33     -1.27     -0.93  0.       -3035.599         68.386      -3335.480    0.000   0.000   0.000   0.
  2017 352  1 12 58 499 352.050677080       6.34     -1.18     -0.73  0.       -3033.094         65.979      -3336.099    0.000   0.000   0.000   0.
  2017 352  1 12 59 499 352.050688655       6.38     -1.04     -0.65  0.       -3030.587         63.572      -3336.716    0.000   0.000   0.000   0.
  2017 352  1 13  0 499 352.050700229       6.40     -0.95     -0.62  0.       -3028.080         61.164      -3337.332    0.000   0.000   0.000   0.
  2017 352  1 13  1 499 352.050711803       6.45     -0.91     -0.64  0.       -3025.571         58.757      -3337.946    0.000   0.000   0.000   0.
  2017 352  1 13  2 499 352.050723377       6.44     -0.90     -0.62  0.       -3023.060         56.350      -3338.559    0.000   0.000   0.000   0.
  2017 352  1 13  3 499 352.050734951       6.49     -0.89     -0.60  0.       -3020.548         53.943      -3339.170    0.000   0.000   0.000   0.
  2017 352  1 13  4 499 352.050746525       6.47     -0.93     -0.61  0.       -3018.034         51.536      -3339.779    0.000   0.000   0.000   0.
  2017 352  1 13  5 499 352.050758099       6.43     -0.96     -0.60  0.       -3015.520         49.128      -3340.387    0.000   0.000   0.000   0.
  2017 352  1 13  6 499 352.050769673       6.39     -0.97     -0.62  0.       -3013.003         46.721      -3340.994    0.000   0.000   0.000   0.
  2017 352  1 13  7 499 352.050781247       6.30     -0.93     -0.62  0.       -3010.486         44.314      -3341.598    0.000   0.000   0.000   0.
  2017 352  1 13  8 499 352.050792821       6.20     -0.95     -0.62  0.       -3007.967         41.906      -3342.202    0.000   0.000   0.000   0.
  2017 352  1 13  9 499 352.050804395       6.14     -1.00     -0.63  0.       -3005.446         39.499      -3342.803    0.000   0.000   0.000   0.
  2017 352  1 13 10 499 352.050815967       6.04     -1.06     -0.64  0.       -3002.924         37.091      -3343.403    0.000   0.000   0.000   0.
  2017 352  1 13 11 499 352.050827541       6.00     -1.12     -0.66  0.       -3000.401         34.684      -3344.002    0.000   0.000   0.000   0.
  2017 352  1 13 12 499 352.050839115       5.89     -1.21     -0.66  0.       -2997.876         32.277      -3344.599    0.000   0.000   0.000   0.
  2017 352  1 13 13 499 352.050850689       5.87     -1.23     -0.70  0.       -2995.350         29.869      -3345.194    0.000   0.000   0.000   0.
  2017 352  1 13 14 499 352.050862263       5.80     -1.26     -0.75  0.       -2992.822         27.462      -3345.788    0.000   0.000   0.000   0.
  2017 352  1 13 15 499 352.050873837       5.78     -1.31     -0.78  0.       -2990.294         25.054      -3346.380    0.000   0.000   0.000   0.
  2017 352  1 13 16 499 352.050885411       5.68     -1.37     -0.82  0.       -2987.763         22.647      -3346.971    0.000   0.000   0.000   0.
  2017 352  1 13 17 499 352.050896985       5.60     -1.37     -0.85  0.       -2985.231         20.239      -3347.560    0.000   0.000   0.000   0.
  2017 352  1 13 18 499 352.050908559       5.56     -1.37     -0.89  0.       -2982.698         17.832      -3348.147    0.000   0.000   0.000   0.
  2017 352  1 13 19 499 352.050920133       5.50     -1.39     -0.86  0.       -2980.164         15.424      -3348.733    0.000   0.000   0.000   0.
  2017 352  1 13 20 499 352.050931707       5.45     -1.42     -0.93  0.       -2977.628         13.017      -3349.317    0.000   0.000   0.000   0.
  2017 352  1 13 21 499 352.050943281       5.40     -1.42     -0.96  0.       -2975.090         10.609      -3349.900    0.000   0.000   0.000   0.
  2017 352  1 13 22 499 352.050954855       5.35     -1.46     -0.99  0.       -2972.551          8.202      -3350.481    0.000   0.000   0.000   0.
  2017 352  1 13 23 499 352.050966429       5.38     -1.50     -1.02  0.       -2970.011          5.794      -3351.060    0.000   0.000   0.000   0.
  2017 352  1 13 24 499 352.050978004       5.27     -1.56     -1.05  0.       -2967.469          3.386      -3351.638    0.000   0.000   0.000   0.
  2017 352  1 13 25 499 352.050989577       5.17     -1.58     -1.11  0.       -2964.926          0.979      -3352.215    0.000   0.000   0.000   0.
  2017 352  1 13 26 499 352.051001152       5.16     -1.58     -1.14  0.       -2962.382         -1.429      -3352.789    0.000   0.000   0.000   0.
  2017 352  1 13 27 499 352.051012726       5.11     -1.62     -1.24  0.       -2959.836         -3.836      -3353.362    0.000   0.000   0.000   0.
  2017 352  1 13 28 499 352.051024300       5.05     -1.59     -1.28  0.       -2957.289         -6.244      -3353.934    0.000   0.000   0.000   0.
  2017 352  1 13 29 499 352.051035874       4.98     -1.60     -1.34  0.       -2954.740         -8.651      -3354.504    0.000   0.000   0.000   0.
  2017 352  1 13 30 499 352.051047448       4.88     -1.60     -1.39  0.       -2952.190        -11.059      -3355.072    0.000   0.000   0.000   0.
  2017 352  1 13 31 499 352.051059022       4.83     -1.60     -1.42  0.       -2949.638        -13.466      -3355.639    0.000   0.000   0.000   0.
  2017 352  1 13 32 499 352.051070596       4.75     -1.55     -1.45  0.       -2947.085        -15.874      -3356.204    0.000   0.000   0.000   0.
  2017 352  1 13 33 499 352.051082170       4.69     -1.56     -1.51  0.       -2944.531        -18.282      -3356.767    0.000   0.000   0.000   0.
  2017 352  1 13 34 499 352.051093744       4.61     -1.52     -1.56  0.       -2941.975        -20.689      -3357.329    0.000   0.000   0.000   0.
  2017 352  1 13 35 499 352.051105318       4.56     -1.51     -1.60  0.       -2939.418        -23.097      -3357.889    0.000   0.000   0.000   0.
  2017 352  1 13 36 499 352.051116892       4.53     -1.53     -1.65  0.       -2936.860        -25.504      -3358.448    0.000   0.000   0.000   0.
  2017 352  1 13 37 499 352.051128466       4.49     -1.43     -1.70  0.       -2934.300        -27.912      -3359.005    0.000   0.000   0.000   0.
  2017 352  1 13 38 499 352.051140040       4.51     -1.34     -1.77  0.       -2931.738        -30.319      -3359.560    0.000   0.000   0.000   0.
  2017 352  1 13 39 499 352.051151615       4.49     -1.34     -1.81  0.       -2929.175        -32.727      -3360.114    0.000   0.000   0.000   0.
  2017 352  1 13 40 499 352.051163187       4.44     -1.33     -1.86  0.       -2926.611        -35.134      -3360.666    0.000   0.000   0.000   0.
  2017 352  1 13 41 499 352.051174760       4.34     -1.34     -1.91  0.       -2924.046        -37.541      -3361.217    0.000   0.000   0.000   0.
  2017 352  1 13 42 499 352.051186334       4.40     -1.31     -1.98  0.       -2921.478        -39.949      -3361.765    0.000   0.000   0.000   0.
  2017 352  1 13 43 499 352.051197908       4.45     -1.22     -2.02  0.       -2918.910        -42.356      -3362.313    0.000   0.000   0.000   0.
  2017 352  1 13 44 499 352.051209482       4.61     -1.18     -2.08  0.       -2916.340        -44.764      -3362.858    0.000   0.000   0.000   0.
  2017 352  1 13 45 499 352.051221056       4.61     -1.20     -2.15  0.       -2913.769        -47.171      -3363.402    0.000   0.000   0.000   0.
  2017 352  1 13 46 499 352.051232630       4.70     -1.22     -2.23  0.       -2911.196        -49.578      -3363.945    0.000   0.000   0.000   0.
  2017 352  1 13 47 499 352.051244204       4.76     -1.26     -2.30  0.       -2908.622        -51.986      -3364.486    0.000   0.000   0.000   0.
  2017 352  1 13 48 499 352.051255778       4.80     -1.41     -2.48  0.       -2906.047        -54.393      -3365.025    0.000   0.000   0.000   0.
  2017 352  1 13 49 499 352.051267352       4.85     -1.46     -2.64  0.       -2903.470        -56.800      -3365.562    0.000   0.000   0.000   0.
  2017 352  1 13 50 499 352.051278927       4.89     -1.49     -2.75  0.       -2900.891        -59.208      -3366.098    0.000   0.000   0.000   0.
  2017 352  1 13 51 499 352.051290501       4.91     -1.54     -2.87  0.       -2898.312        -61.615      -3366.632    0.000   0.000   0.000   0.
  2017 352  1 13 52 499 352.051302075       4.94     -1.62     -2.98  0.       -2895.731        -64.022      -3367.165    0.000   0.000   0.000   0.
  2017 352  1 13 53 499 352.051313649       4.95     -1.64     -2.98  0.       -2893.148        -66.429      -3367.696    0.000   0.000   0.000   0.
  2017 352  1 13 54 499 352.051325223       4.95     -1.64     -3.04  0.       -2890.564        -68.836      -3368.225    0.000   0.000   0.000   0.
  2017 352  1 13 55 499 352.051336797       4.82     -1.69     -3.11  0.       -2887.979        -71.243      -3368.753    0.000   0.000   0.000   0.
  2017 352  1 13 56 499 352.051348371       4.60     -1.67     -3.05  0.       -2885.392        -73.650      -3369.278    0.000   0.000   0.000   0.
  2017 352  1 13 57 499 352.051359945       4.55     -1.64     -2.99  0.       -2882.804        -76.058      -3369.803    0.000   0.000   0.000   0.
  2017 352  1 13 58 499 352.051371519       4.42     -1.63     -3.10  0.       -2880.214        -78.465      -3370.325    0.000   0.000   0.000   0.
  2017 352  1 13 59 499 352.051383093       4.29     -1.66     -3.10  0.       -2877.623        -80.871      -3370.846    0.000   0.000   0.000   0.
  2017 352  1 14  0 499 352.051394667       4.25     -1.69     -3.13  0.       -2875.031        -83.278      -3371.366    0.000   0.000   0.000   0.
  2017 352  1 14  1 499 352.051406241       4.16     -1.64     -3.08  0.       -2872.437        -85.685      -3371.884    0.000   0.000   0.000   0.
  2017 352  1 14  2 499 352.051417815       4.05     -1.54     -3.03  0.       -2869.842        -88.092      -3372.400    0.000   0.000   0.000   0.
  2017 352  1 14  3 499 352.051429389       3.96     -1.42     -2.93  0.       -2867.245        -90.499      -3372.914    0.000   0.000   0.000   0.
  2017 352  1 14  4 499 352.051440964       3.88     -1.38     -2.79  0.       -2864.647        -92.906      -3373.427    0.000   0.000   0.000   0.
  2017 352  1 14  5 499 352.051452538       3.87     -1.28     -2.72  0.       -2862.048        -95.312      -3373.938    0.000   0.000   0.000   0.
  2017 352  1 14  6 499 352.051464112       3.71     -1.21     -2.63  0.       -2859.447        -97.719      -3374.447    0.000   0.000   0.000   0.
  2017 352  1 14  7 499 352.051475686       3.53     -1.05     -2.37  0.       -2856.844       -100.126      -3374.955    0.000   0.000   0.000   0.
  2017 352  1 14  8 499 352.051487260       3.52     -0.91     -2.31  0.       -2854.241       -102.532      -3375.461    0.000   0.000   0.001   0.
  2017 352  1 14  9 499 352.051498834       3.54     -0.88     -2.27  0.       -2851.636       -104.939      -3375.965    0.000   0.000   0.001   0.
  2017 352  1 14 10 498 352.051510406       3.51     -0.92     -2.25  0.       -2849.029       -107.345      -3376.468    0.000  -0.001   0.002   0.
  2017 352  1 14 11 498 352.051521979       3.52     -0.93     -2.25  0.       -2846.421       -109.752      -3376.969    0.000  -0.001   0.002   0.
  2017 352  1 14 12 498 352.051533553       3.48     -0.89     -2.24  0.       -2843.812       -112.158      -3377.469    0.000  -0.001   0.003   0.
  2017 352  1 14 13 498 352.051545127       3.46     -0.83     -2.18  0.       -2841.201       -114.564      -3377.966    0.000  -0.001   0.003   0.
  2017 352  1 14 14 499 352.051556701       3.52     -0.77     -2.19  0.       -2838.589       -116.971      -3378.462    0.000  -0.002   0.005   0.
  2017 352  1 14 15 499 352.051568275       3.54     -0.77     -2.19  0.       -2835.976       -119.377      -3378.957    0.000  -0.002   0.006   0.
  2017 352  1 14 16 498 352.051579850       3.57     -0.77     -2.14  0.       -2833.361       -121.783      -3379.450    0.000  -0.003   0.010   0.
  2017 352  1 14 17 498 352.051591424       3.52     -0.78     -2.14  0.       -2830.744       -124.189      -3379.941    0.000  -0.004   0.011   0.
  2017 352  1 14 18 499 352.051602998       3.59     -0.73     -2.22  0.       -2828.127       -126.595      -3380.430    0.000  -0.005   0.014   0.
  2017 352  1 14 19 499 352.051614572       3.56     -0.71     -2.18  0.       -2825.507       -129.001      -3380.918    0.000  -0.006   0.015   0.
  2017 352  1 14 20 499 352.051626146       3.59     -0.66     -2.17  0.       -2822.887       -131.407      -3381.403    0.000  -0.007   0.020   0.
  2017 352  1 14 21 499 352.051637720       3.62     -0.67     -2.18  0.       -2820.265       -133.813      -3381.888    0.000  -0.008   0.022   0.
  2017 352  1 14 22 499 352.051649294       3.59     -0.65     -2.13  0.       -2817.641       -136.218      -3382.370    0.000  -0.010   0.028   0.
  2017 352  1 14 23 498 352.051660868       3.58     -0.58     -2.07  0.       -2815.017       -138.624      -3382.851    0.000  -0.011   0.030   0.
  2017 352  1 14 24 498 352.051672442       3.56     -0.54     -2.03  0.       -2812.390       -141.030      -3383.330    0.000  -0.013   0.035   0.
  2017 352  1 14 25 498 352.051684016       3.58     -0.51     -1.97  0.       -2809.763       -143.435      -3383.808    0.000  -0.014   0.037   0.
  2017 352  1 14 26 498 352.051695590       3.71     -0.52     -2.01  0.       -2807.134       -145.841      -3384.284    0.000  -0.017   0.045   0.
  2017 352  1 14 27 498 352.051707164       3.78     -0.56     -1.96  0.       -2804.503       -148.246      -3384.758    0.000  -0.018   0.048   0.
  2017 352  1 14 28 499 352.051718738       3.82     -0.55     -2.01  0.       -2801.872       -150.652      -3385.230    0.000  -0.022   0.060   0.
  2017 352  1 14 29 499 352.051730312       3.80     -0.48     -2.06  0.       -2799.238       -153.057      -3385.701    0.000  -0.023   0.064   0.
  2017 352  1 14 30 498 352.051741887       3.77     -0.53     -2.04  0.       -2796.604       -155.462      -3386.170    0.000  -0.026   0.072   0.
  2017 352  1 14 31 498 352.051753461       3.94     -0.52     -1.95  0.       -2793.968       -157.867      -3386.637    0.000  -0.027   0.075   0.
  2017 352  1 14 32 499 352.051765035       3.94     -0.57     -2.01  0.       -2791.330       -160.272      -3387.103    0.000  -0.031   0.087   0.
  2017 352  1 14 33 499 352.051776609       3.92     -0.62     -2.15  0.       -2788.691       -162.677      -3387.566    0.000  -0.033   0.091   0.
  2017 352  1 14 34 499 352.051788183       4.03     -0.69     -2.14  0.       -2786.051       -165.082      -3388.029    0.000  -0.038   0.105   0.
  2017 352  1 14 35 499 352.051799757       4.04     -0.79     -2.13  0.       -2783.410       -167.487      -3388.489    0.000  -0.040   0.110   0.
  2017 352  1 14 36 498 352.051811331       3.98     -0.89     -2.13  0.       -2780.766       -169.892      -3388.948    0.000  -0.043   0.118   0.
  2017 352  1 14 37 498 352.051822905       3.96     -0.88     -2.02  0.       -2778.122       -172.296      -3389.405    0.000  -0.044   0.121   0.
  2017 352  1 14 38 498 352.051834479       3.81     -0.90     -2.16  0.       -2775.476       -174.701      -3389.860    0.000  -0.048   0.131   0.
  2017 352  1 14 39 498 352.051846053       3.90     -0.81     -2.18  0.       -2772.829       -177.105      -3390.314    0.000  -0.049   0.135   0.
  2017 352  1 14 40 498 352.051857626       4.03     -0.77     -2.17  0.       -2770.180       -179.510      -3390.766    0.000  -0.053   0.145   0.
  2017 352  1 14 41 498 352.051869198       4.03     -0.73     -2.21  0.       -2767.530       -181.914      -3391.216    0.000  -0.054   0.149   0.
  2017 352  1 14 42 498 352.051880773       4.12     -0.64     -2.25  0.       -2764.879       -184.318      -3391.664    0.000  -0.057   0.155   0.
  2017 352  1 14 43 498 352.051892347       4.17     -0.58     -2.26  0.       -2762.226       -186.722      -3392.111    0.000  -0.058   0.158   0.
  2017 352  1 14 44 498 352.051903921       4.21     -0.48     -2.30  0.       -2759.571       -189.126      -3392.556    0.000  -0.061   0.167   0.
  2017 352  1 14 45 498 352.051915495       4.32     -0.39     -2.28  0.       -2756.916       -191.530      -3392.999    0.000  -0.062   0.170   0.
  2017 352  1 14 46 498 352.051927069       4.42     -0.34     -2.27  0.       -2754.259       -193.934      -3393.441    0.000  -0.066   0.181   0.
  2017 352  1 14 47 498 352.051938643       4.48     -0.34     -2.29  0.       -2751.600       -196.338      -3393.880    0.000  -0.067   0.185   0.
  2017 352  1 14 48 498 352.051950217       4.55     -0.37     -2.22  0.       -2748.940       -198.741      -3394.318    0.000  -0.070   0.193   0.
  2017 352  1 14 49 498 352.051961791       4.70     -0.46     -2.18  0.       -2746.279       -201.145      -3394.755    0.000  -0.071   0.196   0.
  2017 352  1 14 50 498 352.051973365       4.79     -0.52     -2.06  0.       -2743.616       -203.548      -3395.189    0.000  -0.075   0.206   0.
  2017 352  1 14 51 498 352.051984939       4.82     -0.62     -2.07  0.       -2740.952       -205.951      -3395.622    0.000  -0.076   0.210   0.
  2017 352  1 14 52 498 352.051996513       4.89     -0.67     -2.01  0.       -2738.287       -208.355      -3396.053    0.000  -0.081   0.223   0.
  2017 352  1 14 53 498 352.052008087       5.04     -0.77     -1.97  0.       -2735.620       -210.758      -3396.483    0.000  -0.083   0.228   0.
  2017 352  1 14 54 498 352.052019661       5.21     -0.83     -1.90  0.       -2732.951       -213.161      -3396.910    0.000  -0.087   0.237   0.
  2017 352  1 14 55 498 352.052031236       5.39     -0.89     -1.85  0.       -2730.282       -215.564      -3397.336    0.000  -0.088   0.241   0.
  2017 352  1 14 56 498 352.052042810       5.33     -1.03     -1.90  0.       -2727.610       -217.966      -3397.760    0.000  -0.092   0.254   0.
  2017 352  1 14 57 498 352.052054384       5.43     -1.12     -1.79  0.       -2724.938       -220.369      -3398.182    0.000  -0.094   0.259   0.
  2017 352  1 14 58 498 352.052065958       5.64     -1.15     -1.71  0.       -2722.264       -222.772      -3398.603    0.000  -0.100   0.274   0.
  2017 352  1 14 59 498 352.052077532       5.80     -1.17     -1.68  0.       -2719.589       -225.174      -3399.022    0.000  -0.102   0.280   0.
  2017 352  1 15  0 498 352.052089106       5.85     -1.23     -1.65  0.       -2716.912       -227.576      -3399.439    0.000  -0.106   0.290   0.
  2017 352  1 15  1 498 352.052100680       5.91     -1.29     -1.63  0.       -2714.234       -229.979      -3399.854    0.000  -0.107   0.294   0.
  2017 352  1 15  2 498 352.052112254       5.82     -1.43     -1.59  0.       -2711.554       -232.381      -3400.268    0.000  -0.111   0.307   0.
  2017 352  1 15  3 498 352.052123828       5.87     -1.44     -1.53  0.       -2708.874       -234.783      -3400.680    0.000  -0.113   0.312   0.
  2017 352  1 15  4 498 352.052135402       6.00     -1.54     -1.46  0.       -2706.191       -237.185      -3401.090    0.000  -0.118   0.326   0.
  2017 352  1 15  5 498 352.052146976       5.95     -1.58     -1.43  0.       -2703.508       -239.586      -3401.498    0.000  -0.120   0.331   0.
  2017 352  1 15  6 498 352.052158550       5.88     -1.70     -1.43  0.       -2700.822       -241.988      -3401.905    0.000  -0.123   0.337   0.
  2017 352  1 15  7 498 352.052170124       5.95     -1.78     -1.38  0.       -2698.136       -244.390      -3402.310    0.000  -0.124   0.340   0.
  2017 352  1 15  8 498 352.052181696       6.03     -1.73     -1.39  0.       -2695.448       -246.791      -3402.713    0.000  -0.126   0.346   0.
  2017 352  1 15  9 498 352.052193270       6.06     -1.76     -1.37  0.       -2692.759       -249.192      -3403.114    0.000  -0.127   0.349   0.
  2017 352  1 15 10 498 352.052204844       6.03     -1.81     -1.39  0.       -2690.068       -251.593      -3403.513    0.000  -0.128   0.352   0.
  2017 352  1 15 11 498 352.052216418       6.04     -1.79     -1.41  0.       -2687.376       -253.994      -3403.911    0.000  -0.129   0.353   0.
  2017 352  1 15 12 498 352.052227992       6.01     -1.86     -1.46  0.       -2684.682       -256.395      -3404.307    0.000  -0.129   0.354   0.
  2017 352  1 15 13 498 352.052239566       6.15     -1.88     -1.48  0.       -2681.987       -258.796      -3404.701    0.000  -0.129   0.354   0.
  2017 352  1 15 14 498 352.052251140       6.30     -1.87     -1.51  0.       -2679.291       -261.197      -3405.094    0.000  -0.129   0.354   0.
  2017 352  1 15 15 498 352.052262714       6.33     -1.84     -1.52  0.       -2676.593       -263.597      -3405.484    0.000  -0.129   0.354   0.
  2017 352  1 15 16 498 352.052274288       6.39     -1.79     -1.60  0.       -2673.894       -265.998      -3405.873    0.000  -0.128   0.353   0.
  2017 352  1 15 17 498 352.052285862       6.43     -1.82     -1.64  0.       -2671.194       -268.398      -3406.260    0.000  -0.128   0.353   0.
  2017 352  1 15 18 498 352.052297436       6.48     -1.84     -1.68  0.       -2668.492       -270.798      -3406.645    0.000  -0.128   0.352   0.
  2017 352  1 15 19 498 352.052309010       6.58     -1.84     -1.74  0.       -2665.789       -273.198      -3407.029    0.000  -0.128   0.352   0.
  2017 352  1 15 20 498 352.052320585       6.60     -1.82     -1.77  0.       -2663.084       -275.597      -3407.410    0.000  -0.128   0.351   0.
  2017 352  1 15 21 498 352.052332159       6.65     -1.83     -1.82  0.       -2660.378       -277.997      -3407.790    0.000  -0.128   0.351   0.
  2017 352  1 15 22 498 352.052343733       6.79     -1.78     -1.84  0.       -2657.671       -280.396      -3408.168    0.000  -0.128   0.351   0.
  2017 352  1 15 23 498 352.052355307       6.88     -1.81     -1.88  0.       -2654.962       -282.796      -3408.545    0.000  -0.128   0.351   0.
  2017 352  1 15 24 498 352.052366881       6.96     -1.83     -1.89  0.       -2652.251       -285.195      -3408.919    0.000  -0.127   0.350   0.
  2017 352  1 15 25 498 352.052378455       7.04     -1.87     -1.93  0.       -2649.540       -287.594      -3409.292    0.000  -0.127   0.349   0.
  2017 352  1 15 26 498 352.052390029       7.06     -1.86     -1.94  0.       -2646.827       -289.993      -3409.663    0.000  -0.127   0.349   0.
  2017 352  1 15 27 498 352.052401603       7.16     -1.83     -1.99  0.       -2644.112       -292.391      -3410.032    0.000  -0.127   0.349   0.
  2017 352  1 15 28 498 352.052413177       7.27     -1.79     -1.98  0.       -2641.397       -294.790      -3410.399    0.000  -0.127   0.348   0.
  2017 352  1 15 29 498 352.052424751       7.34     -1.79     -1.98  0.       -2638.679       -297.188      -3410.765    0.000  -0.127   0.348   0.
  2017 352  1 15 30 498 352.052436325       7.46     -1.75     -1.99  0.       -2635.961       -299.587      -3411.129    0.000  -0.126   0.347   0.
  2017 352  1 15 31 498 352.052447899       7.58     -1.72     -1.97  0.       -2633.240       -301.985      -3411.491    0.000  -0.126   0.347   0.
  2017 352  1 15 32 498 352.052459473       7.69     -1.74     -1.98  0.       -2630.519       -304.383      -3411.851    0.000  -0.126   0.346   0.
  2017 352  1 15 33 498 352.052471047       7.83     -1.74     -1.96  0.       -2627.796       -306.780      -3412.209    0.000  -0.126   0.346   0.
  2017 352  1 15 34 498 352.052482621       8.01     -1.75     -1.92  0.       -2625.072       -309.178      -3412.565    0.000  -0.126   0.345   0.
  2017 352  1 15 35 498 352.052494196       8.02     -1.81     -1.88  0.       -2622.347       -311.575      -3412.920    0.000  -0.126   0.345   0.
  2017 352  1 15 36 498 352.052505770       8.14     -1.81     -1.83  0.       -2619.620       -313.973      -3413.273    0.000  -0.125   0.345   0.
  2017 352  1 15 37 498 352.052517344       8.27     -1.82     -1.78  0.       -2616.891       -316.370      -3413.624    0.000  -0.125   0.345   0.
  2017 352  1 15 38 498 352.052528916       8.44     -1.82     -1.77  0.       -2614.162       -318.767      -3413.973    0.000  -0.125   0.344   0.
  2017 352  1 15 39 498 352.052540489       8.57     -1.83     -1.76  0.       -2611.430       -321.164      -3414.321    0.000  -0.125   0.343   0.
  2017 352  1 15 40 498 352.052552063       8.66     -1.84     -1.69  0.       -2608.698       -323.560      -3414.666    0.000  -0.125   0.343   0.
  2017 352  1 15 41 498 352.052563637       8.87     -1.89     -1.63  0.       -2605.964       -325.957      -3415.010    0.000  -0.125   0.343   0.
  2017 352  1 15 42 498 352.052575211       9.07     -1.91     -1.59  0.       -2603.229       -328.353      -3415.352    0.000  -0.124   0.342   0.
  2017 352  1 15 43 498 352.052586785       9.35     -1.92     -1.59  0.       -2600.492       -330.749      -3415.692    0.000  -0.124   0.342   0.
  2017 352  1 15 44 498 352.052598359       9.43     -1.95     -1.58  0.       -2597.754       -333.145      -3416.030    0.000  -0.124   0.341   0.
  2017 352  1 15 45 498 352.052609933       9.63     -1.99     -1.52  0.       -2595.014       -335.541      -3416.367    0.000  -0.124   0.340   0.
  2017 352  1 15 46 498 352.052621508       9.76     -2.05     -1.47  0.       -2592.274       -337.937      -3416.701    0.000  -0.124   0.340   0.
  2017 352  1 15 47 498 352.052633082       9.87     -2.07     -1.46  0.       -2589.531       -340.332      -3417.034    0.000  -0.124   0.340   0.
  2017 352  1 15 48 498 352.052644656       9.96     -2.16     -1.43  0.       -2586.788       -342.727      -3417.365    0.000  -0.123   0.339   0.
  2017 352  1 15 49 498 352.052656230      10.10     -2.20     -1.41  0.       -2584.043       -345.122      -3417.694    0.000  -0.123   0.339   0.
  2017 352  1 15 50 498 352.052667804      10.24     -2.22     -1.42  0.       -2581.296       -347.517      -3418.021    0.000  -0.123   0.338   0.
  2017 352  1 15 51 498 352.052679378      10.36     -2.31     -1.36  0.       -2578.548       -349.912      -3418.347    0.000  -0.123   0.337   0.
  2017 352  1 15 52 498 352.052690952      10.44     -2.36     -1.38  0.       -2575.799       -352.306      -3418.671    0.000  -0.122   0.336   0.
  2017 352  1 15 53 498 352.052702526      10.52     -2.43     -1.38  0.       -2573.049       -354.701      -3418.992    0.000  -0.122   0.336   0.
  2017 352  1 15 54 498 352.052714100      10.56     -2.53     -1.39  0.       -2570.297       -357.095      -3419.312    0.000  -0.122   0.335   0.
  2017 352  1 15 55 498 352.052725674      10.64     -2.63     -1.36  0.       -2567.543       -359.489      -3419.630    0.000  -0.122   0.335   0.
  2017 352  1 15 56 498 352.052737248      10.73     -2.72     -1.38  0.       -2564.789       -361.882      -3419.947    0.000  -0.122   0.334   0.
  2017 352  1 15 57 498 352.052748822      10.76     -2.75     -1.32  0.       -2562.032       -364.276      -3420.261    0.000  -0.122   0.334   0.
  2017 352  1 15 58 498 352.052760396      10.82     -2.75     -1.34  0.       -2559.275       -366.669      -3420.573    0.000  -0.121   0.333   0.
  2017 352  1 15 59 498 352.052771971      10.89     -2.78     -1.32  0.       -2556.516       -369.062      -3420.884    0.000  -0.121   0.333   0.
  2017 352  1 16  0 498 352.052783545      10.93     -2.78     -1.29  0.       -2553.756       -371.455      -3421.193    0.000  -0.121   0.332   0.
  2017 352  1 16  1 498 352.052795119      10.96     -2.82     -1.27  0.       -2550.994       -373.848      -3421.500    0.000  -0.121   0.332   0.
  2017 352  1 16  2 498 352.052806693      11.06     -2.85     -1.32  0.       -2548.231       -376.241      -3421.805    0.000  -0.120   0.331   0.
  2017 352  1 16  3 498 352.052818267      11.12     -2.85     -1.26  0.       -2545.467       -378.633      -3422.108    0.000  -0.120   0.331   0.
  2017 352  1 16  4 498 352.052829841      11.18     -2.86     -1.22  0.       -2542.701       -381.025      -3422.409    0.000  -0.120   0.330   0.
  2017 352  1 16  5 498 352.052841415      11.20     -2.91     -1.28  0.       -2539.934       -383.417      -3422.709    0.000  -0.120   0.330   0.
  2017 352  1 16  6 498 352.052852989      11.27     -2.91     -1.33  0.       -2537.165       -385.809      -3423.007    0.000  -0.120   0.329   0.
  2017 352  1 16  7 498 352.052864563      11.33     -2.87     -1.36  0.       -2534.395       -388.200      -3423.302    0.000  -0.120   0.328   0.
  2017 352  1 16  8 497 352.052876135      11.38     -2.87     -1.46  0.       -2531.624       -390.592      -3423.596    0.000  -0.119   0.327   0.
  2017 352  1 16  9 497 352.052887708      11.46     -2.79     -1.53  0.       -2528.851       -392.983      -3423.888    0.000  -0.119   0.327   0.
  2017 352  1 16 10 498 352.052899282      11.47     -2.72     -1.62  0.       -2526.077       -395.374      -3424.178    0.000  -0.118   0.326   0.
  2017 352  1 16 11 498 352.052910857      11.57     -2.50     -1.72  0.       -2523.302       -397.764      -3424.467    0.000  -0.118   0.325   0.
  2017 352  1 16 12 497 352.052922431      11.57     -2.38     -1.86  0.       -2520.525       -400.155      -3424.753    0.000  -0.118   0.325   0.
  2017 352  1 16 13 497 352.052934005      11.43     -2.31     -1.81  0.       -2517.746       -402.545      -3425.038    0.000  -0.118   0.325   0.
  2017 352  1 16 14 498 352.052945579      11.49     -2.23     -1.81  0.       -2514.967       -404.935      -3425.320    0.000  -0.118   0.324   0.
  2017 352  1 16 15 498 352.052957153      11.51     -2.15     -1.74  0.       -2512.186       -407.325      -3425.601    0.000  -0.118   0.323   0.
  2017 352  1 16 16 498 352.052968727      11.52     -2.08     -1.74  0.       -2509.403       -409.714      -3425.880    0.000  -0.117   0.322   0.
  2017 352  1 16 17 498 352.052980301      11.53     -1.96     -1.73  0.       -2506.620       -412.104      -3426.157    0.000  -0.117   0.322   0.
  2017 352  1 16 18 497 352.052991875      11.66     -1.85     -1.73  0.       -2503.835       -414.493      -3426.432    0.000  -0.117   0.321   0.
  2017 352  1 16 19 497 352.053003449      11.68     -1.72     -1.76  0.       -2501.048       -416.882      -3426.705    0.000  -0.117   0.320   0.
  2017 352  1 16 20 497 352.053015023      11.63     -1.70     -1.75  0.       -2498.260       -419.270      -3426.977    0.000  -0.116   0.319   0.
  2017 352  1 16 21 497 352.053026597      11.61     -1.75     -1.66  0.       -2495.471       -421.659      -3427.246    0.000  -0.116   0.319   0.
  2017 352  1 16 22 497 352.053038171      11.64     -1.73     -1.65  0.       -2492.680       -424.047      -3427.514    0.000  -0.116   0.318   0.
  2017 352  1 16 23 498 352.053049745      11.74     -1.68     -1.66  0.       -2489.888       -426.435      -3427.779    0.000  -0.116   0.317   0.
  2017 352  1 16 24 498 352.053061319      11.83     -1.63     -1.63  0.       -2487.095       -428.823      -3428.043    0.000  -0.115   0.316   0.
  2017 352  1 16 25 497 352.053072894      12.02     -1.54     -1.65  0.       -2484.300       -431.210      -3428.305    0.000  -0.115   0.316   0.
  2017 352  1 16 26 497 352.053084468      12.10     -1.47     -1.56  0.       -2481.504       -433.598      -3428.565    0.000  -0.115   0.315   0.
  2017 352  1 16 27 498 352.053096042      12.18     -1.51     -1.44  0.       -2478.707       -435.985      -3428.823    0.000  -0.115   0.315   0.
  2017 352  1 16 28 498 352.053107616      12.28     -1.45     -1.42  0.       -2475.908       -438.371      -3429.079    0.000  -0.114   0.314   0.
  2017 352  1 16 29 498 352.053119190      12.32     -1.44     -1.32  0.       -2473.107       -440.758      -3429.333    0.000  -0.114   0.313   0.
  2017 352  1 16 30 498 352.053130764      12.37     -1.45     -1.24  0.       -2470.306       -443.144      -3429.586    0.000  -0.113   0.312   0.
  2017 352  1 16 31 498 352.053142338      12.46     -1.51     -1.14  0.       -2467.503       -445.530      -3429.836    0.000  -0.113   0.312   0.
  2017 352  1 16 32 497 352.053153912      12.62     -1.46     -1.13  0.       -2464.698       -447.916      -3430.085    0.000  -0.113   0.311   0.
  2017 352  1 16 33 497 352.053165486      12.66     -1.44     -1.03  0.       -2461.893       -450.302      -3430.331    0.000  -0.113   0.310   0.
  2017 352  1 16 34 497 352.053177060      12.69     -1.49     -0.92  0.       -2459.086       -452.687      -3430.576    0.000  -0.112   0.309   0.
  2017 352  1 16 35 497 352.053188634      12.83     -1.49     -0.80  0.       -2456.277       -455.072      -3430.819    0.000  -0.112   0.309   0.
  2017 352  1 16 36 497 352.053200206      12.96     -1.51     -0.69  0.       -2453.467       -457.457      -3431.060    0.000  -0.112   0.308   0.
  2017 352  1 16 37 497 352.053211780      13.09     -1.57     -0.57  0.       -2450.656       -459.842      -3431.299    0.000  -0.112   0.307   0.
  2017 352  1 16 38 497 352.053223354      13.28     -1.56     -0.54  0.       -2447.843       -462.226      -3431.536    0.000  -0.111   0.306   0.
  2017 352  1 16 39 497 352.053234928      13.45     -1.60     -0.54  0.       -2445.030       -464.610      -3431.771    0.000  -0.111   0.305   0.
  2017 352  1 16 40 497 352.053246502      13.50     -1.61     -0.54  0.       -2442.214       -466.994      -3432.004    0.000  -0.111   0.304   0.
  2017 352  1 16 41 497 352.053258076      13.64     -1.56     -0.58  0.       -2439.398       -469.377      -3432.235    0.000  -0.111   0.304   0.
  2017 352  1 16 42 497 352.053269650      13.72     -1.51     -0.53  0.       -2436.579       -471.761      -3432.464    0.000  -0.110   0.303   0.
  2017 352  1 16 43 497 352.053281224      13.81     -1.48     -0.65  0.       -2433.760       -474.144      -3432.692    0.000  -0.110   0.302   0.
  2017 352  1 16 44 497 352.053292798      13.87     -1.47     -0.62  0.       -2430.939       -476.526      -3432.917    0.000  -0.110   0.301   0.
  2017 352  1 16 45 497 352.053304372      13.96     -1.40     -0.61  0.       -2428.117       -478.909      -3433.141    0.000  -0.110   0.301   0.
  2017 352  1 16 46 497 352.053315946      14.00     -1.36     -0.55  0.       -2425.294       -481.291      -3433.362    0.000  -0.109   0.300   0.
  2017 352  1 16 47 497 352.053327520      14.06     -1.29     -0.42  0.       -2422.469       -483.673      -3433.582    0.000  -0.109   0.299   0.
  2017 352  1 16 48 497 352.053339094      14.08     -1.26     -0.38  0.       -2419.642       -486.055      -3433.800    0.000  -0.108   0.298   0.
  2017 352  1 16 49 497 352.053350668      14.18     -1.27     -0.28  0.       -2416.815       -488.436      -3434.016    0.000  -0.108   0.298   0.
  2017 352  1 16 50 497 352.053362242      14.35     -1.34     -0.19  0.       -2413.986       -490.817      -3434.230    0.000  -0.108   0.297   0.
  2017 352  1 16 51 497 352.053373817      14.49     -1.36     -0.12  0.       -2411.155       -493.198      -3434.441    0.000  -0.108   0.296   0.
  2017 352  1 16 52 497 352.053385391      14.68     -1.41     -0.02  0.       -2408.324       -495.579      -3434.651    0.000  -0.107   0.295   0.
  2017 352  1 16 53 497 352.053396965      14.84     -1.45      0.07  0.       -2405.491       -497.959      -3434.859    0.000  -0.107   0.294   0.
  2017 352  1 16 54 497 352.053408539      15.00     -1.51      0.14  0.       -2402.656       -500.339      -3435.065    0.000  -0.107   0.293   0.
  2017 352  1 16 55 497 352.053420113      15.17     -1.56      0.21  0.       -2399.820       -502.719      -3435.269    0.000  -0.107   0.293   0.
  2017 352  1 16 56 497 352.053431687      15.16     -1.57      0.28  0.       -2396.983       -505.098      -3435.472    0.000  -0.106   0.292   0.
  2017 352  1 16 57 497 352.053443261      15.23     -1.56      0.31  0.       -2394.145       -507.477      -3435.672    0.000  -0.106   0.291   0.
  2017 352  1 16 58 497 352.053454835      15.30     -1.67      0.46  0.       -2391.305       -509.856      -3435.870    0.000  -0.105   0.290   0.
  2017 352  1 16 59 497 352.053466409      15.31     -1.77      0.61  0.       -2388.464       -512.235      -3436.066    0.000  -0.105   0.289   0.
  2017 352  1 17  0 497 352.053477983      15.31     -1.74      0.65  0.       -2385.621       -514.613      -3436.261    0.000  -0.105   0.288   0.
  2017 352  1 17  1 497 352.053489557      15.44     -1.72      0.74  0.       -2382.777       -516.991      -3436.453    0.000  -0.105   0.288   0.
  2017 352  1 17  2 497 352.053501131      15.48     -1.72      0.91  0.       -2379.932       -519.369      -3436.644    0.000  -0.104   0.287   0.
  2017 352  1 17  3 497 352.053512705      15.43     -1.75      1.03  0.       -2377.085       -521.747      -3436.832    0.000  -0.104   0.286   0.
  2017 352  1 17  4 497 352.053524280      15.47     -1.77      1.13  0.       -2374.237       -524.124      -3437.018    0.000  -0.103   0.285   0.
  2017 352  1 17  5 497 352.053535854      15.51     -1.81      1.21  0.       -2371.388       -526.500      -3437.203    0.000  -0.103   0.284   0.
  2017 352  1 17  6 497 352.053547425      15.54     -1.83      1.30  0.       -2368.537       -528.877      -3437.386    0.000  -0.103   0.283   0.
  2017 352  1 17  7 497 352.053558999      15.54     -1.83      1.44  0.       -2365.685       -531.253      -3437.566    0.000  -0.103   0.282   0.
  2017 352  1 17  8 497 352.053570573      15.53     -1.81      1.60  0.       -2362.831       -533.629      -3437.745    0.000  -0.102   0.281   0.
  2017 352  1 17  9 497 352.053582147      15.52     -1.80      1.72  0.       -2359.977       -536.005      -3437.921    0.000  -0.102   0.281   0.
  2017 352  1 17 10 497 352.053593721      15.59     -1.76      1.76  0.       -2357.120       -538.380      -3438.096    0.000  -0.101   0.279   0.
  2017 352  1 17 11 497 352.053605295      15.72     -1.76      1.83  0.       -2354.263       -540.755      -3438.269    0.000  -0.101   0.278   0.
  2017 352  1 17 12 497 352.053616869      15.81     -1.74      1.85  0.       -2351.404       -543.130      -3438.439    0.000  -0.101   0.277   0.
  2017 352  1 17 13 497 352.053628443      15.87     -1.69      1.90  0.       -2348.544       -545.504      -3438.608    0.000  -0.101   0.277   0.
  2017 352  1 17 14 497 352.053640017      15.92     -1.65      1.96  0.       -2345.682       -547.878      -3438.775    0.000  -0.100   0.276   0.
  2017 352  1 17 15 497 352.053651591      15.92     -1.59      2.03  0.       -2342.819       -550.252      -3438.940    0.000  -0.100   0.275   0.
  2017 352  1 17 16 497 352.053663165      16.07     -1.55      2.05  0.       -2339.955       -552.626      -3439.102    0.000  -0.099   0.274   0.
  2017 352  1 17 17 497 352.053674740      16.13     -1.51      2.15  0.       -2337.089       -554.999      -3439.263    0.000  -0.099   0.273   0.
  2017 352  1 17 18 497 352.053686314      16.20     -1.49      2.32  0.       -2334.222       -557.372      -3439.422    0.000  -0.099   0.272   0.
  2017 352  1 17 19 497 352.053697888      16.24     -1.54      2.35  0.       -2331.354       -559.744      -3439.579    0.000  -0.099   0.272   0.
  2017 352  1 17 20 497 352.053709462      16.20     -1.59      2.31  0.       -2328.484       -562.116      -3439.734    0.000  -0.098   0.270   0.
  2017 352  1 17 21 497 352.053721036      16.29     -1.57      2.27  0.       -2325.613       -564.488      -3439.886    0.000  -0.098   0.269   0.
  2017 352  1 17 22 497 352.053732610      16.40     -1.57      2.34  0.       -2322.741       -566.860      -3440.037    0.000  -0.097   0.268   0.
  2017 352  1 17 23 497 352.053744184      16.45     -1.60      2.40  0.       -2319.867       -569.231      -3440.186    0.000  -0.097   0.267   0.
  2017 352  1 17 24 497 352.053755758      16.52     -1.63      2.50  0.       -2316.992       -571.602      -3440.333    0.000  -0.097   0.266   0.
  2017 352  1 17 25 497 352.053767332      16.60     -1.64      2.58  0.       -2314.116       -573.972      -3440.478    0.000  -0.097   0.266   0.
  2017 352  1 17 26 497 352.053778906      16.69     -1.61      2.57  0.       -2311.238       -576.343      -3440.620    0.000  -0.096   0.265   0.
  2017 352  1 17 27 497 352.053790480      16.81     -1.67      2.66  0.       -2308.359       -578.712      -3440.761    0.000  -0.096   0.264   0.
  2017 352  1 17 28 497 352.053802054      16.90     -1.66      2.78  0.       -2305.479       -581.082      -3440.900    0.000  -0.095   0.262   0.
  2017 352  1 17 29 497 352.053813629      16.99     -1.64      2.89  0.       -2302.597       -583.451      -3441.037    0.000  -0.095   0.261   0.
  2017 352  1 17 30 497 352.053825203      17.11     -1.67      3.05  0.       -2299.714       -585.820      -3441.172    0.000  -0.095   0.260   0.
  2017 352  1 17 31 497 352.053836777      17.16     -1.69      3.13  0.       -2296.829       -588.189      -3441.304    0.000  -0.095   0.260   0.
  2017 352  1 17 32 497 352.053848351      17.27     -1.74      3.22  0.       -2293.943       -590.557      -3441.435    0.000  -0.094   0.259   0.
  2017 352  1 17 33 497 352.053859925      17.34     -1.79      3.29  0.       -2291.056       -592.925      -3441.564    0.000  -0.094   0.258   0.
  2017 352  1 17 34 497 352.053871499      17.41     -1.87      3.38  0.       -2288.168       -595.292      -3441.691    0.000  -0.093   0.256   0.
  2017 352  1 17 35 497 352.053883073      17.43     -1.95      3.52  0.       -2285.278       -597.659      -3441.815    0.000  -0.093   0.255   0.
  2017 352  1 17 36 497 352.053894647      17.47     -1.99      3.61  0.       -2282.387       -600.026      -3441.938    0.000  -0.092   0.254   0.
  2017 352  1 17 37 497 352.053906221      17.52     -2.00      3.74  0.       -2279.494       -602.393      -3442.059    0.000  -0.092   0.254   0.
  2017 352  1 17 38 497 352.053917793      17.52     -2.01      3.88  0.       -2276.600       -604.759      -3442.177    0.000  -0.092   0.253   0.
  2017 352  1 17 39 497 352.053929366      17.48     -1.98      3.95  0.       -2273.705       -607.124      -3442.294    0.000  -0.092   0.252   0.
  2017 352  1 17 40 497 352.053940940      17.43     -1.98      3.94  0.       -2270.809       -609.490      -3442.409    0.000  -0.091   0.250   0.
  2017 352  1 17 41 497 352.053952514      17.39     -1.97      4.00  0.       -2267.911       -611.855      -3442.521    0.000  -0.091   0.249   0.
  2017 352  1 17 42 497 352.053964089      17.32     -1.97      4.06  0.       -2265.012       -614.220      -3442.632    0.000  -0.090   0.248   0.
  2017 352  1 17 43 497 352.053975663      17.22     -1.96      4.13  0.       -2262.111       -616.584      -3442.740    0.000  -0.090   0.248   0.
  2017 352  1 17 44 497 352.053987237      17.14     -1.93      4.21  0.       -2259.209       -618.948      -3442.847    0.000  -0.089   0.247   0.
  2017 352  1 17 45 497 352.053998811      17.07     -1.91      4.25  0.       -2256.306       -621.312      -3442.951    0.000  -0.089   0.246   0.
  2017 352  1 17 46 497 352.054010385      17.09     -1.88      4.25  0.       -2253.401       -623.675      -3443.053    0.000  -0.088   0.244   0.
  2017 352  1 17 47 497 352.054021959      17.07     -1.83      4.34  0.       -2250.496       -626.038      -3443.154    0.000  -0.088   0.243   0.
  2017 352  1 17 48 497 352.054033533      17.03     -1.77      4.39  0.       -2247.588       -628.400      -3443.252    0.000  -0.088   0.242   0.
  2017 352  1 17 49 497 352.054045107      17.12     -1.70      4.44  0.       -2244.680       -630.762      -3443.348    0.000  -0.088   0.241   0.
  2017 352  1 17 50 497 352.054056681      17.08     -1.68      4.57  0.       -2241.770       -633.124      -3443.442    0.000  -0.087   0.240   0.
  2017 352  1 17 51 497 352.054068255      17.11     -1.68      4.69  0.       -2238.859       -635.485      -3443.535    0.000  -0.087   0.240   0.
  2017 352  1 17 52 497 352.054079829      17.14     -1.65      4.79  0.       -2235.946       -637.846      -3443.625    0.000  -0.086   0.238   0.
  2017 352  1 17 53 497 352.054091403      17.08     -1.63      4.90  0.       -2233.032       -640.207      -3443.713    0.000  -0.086   0.237   0.
  2017 352  1 17 54 497 352.054102977      17.08     -1.69      5.12  0.       -2230.117       -642.567      -3443.799    0.000  -0.086   0.236   0.
  2017 352  1 17 55 497 352.054114552      17.03     -1.70      5.27  0.       -2227.201       -644.927      -3443.883    0.000  -0.086   0.235   0.
  2017 352  1 17 56 497 352.054126126      17.01     -1.65      5.50  0.       -2224.283       -647.287      -3443.965    0.000  -0.085   0.234   0.
  2017 352  1 17 57 497 352.054137700      17.07     -1.63      5.60  0.       -2221.364       -649.646      -3444.045    0.000  -0.085   0.233   0.
  2017 352  1 17 58 497 352.054149274      17.07     -1.55      5.70  0.       -2218.443       -652.005      -3444.122    0.000  -0.084   0.231   0.
  2017 352  1 17 59 497 352.054160848      17.09     -1.48      5.92  0.       -2215.521       -654.363      -3444.198    0.000  -0.084   0.230   0.
  2017 352  1 18  0 497 352.054172422      17.16     -1.46      6.07  0.       -2212.598       -656.721      -3444.272    0.000  -0.083   0.229   0.
  2017 352  1 18  1 497 352.054183996      17.16     -1.37      6.23  0.       -2209.674       -659.079      -3444.343    0.000  -0.083   0.228   0.
  2017 352  1 18  2 497 352.054195570      17.13     -1.30      6.39  0.       -2206.748       -661.436      -3444.413    0.000  -0.082   0.227   0.
  2017 352  1 18  3 497 352.054207144      17.20     -1.27      6.47  0.       -2203.821       -663.792      -3444.480    0.000  -0.082   0.226   0.
  2017 352  1 18  4 497 352.054218718      17.31     -1.24      6.40  0.       -2200.893       -666.149      -3444.546    0.000  -0.081   0.224   0.
  2017 352  1 18  5 497 352.054230292      17.41     -1.17      6.38  0.       -2197.963       -668.505      -3444.609    0.000  -0.081   0.223   0.
  2017 352  1 18  6 497 352.054241864      17.50     -1.04      6.40  0.       -2195.032       -670.860      -3444.670    0.000  -0.081   0.222   0.
  2017 352  1 18  7 496 352.054253437      17.70     -0.96      6.23  0.       -2192.099       -673.216      -3444.730    0.000  -0.081   0.222   0.
  2017 352  1 18  8 496 352.054265012      17.84     -0.90      6.01  0.       -2189.166       -675.570      -3444.787    0.000  -0.080   0.220   0.
  2017 352  1 18  9 497 352.054276586      17.89     -0.86      5.94  0.       -2186.231       -677.925      -3444.842    0.000  -0.080   0.219   0.
  2017 352  1 18 10 497 352.054288160      17.91     -0.80      5.96  0.       -2183.294       -680.279      -3444.895    0.000  -0.079   0.218   0.
  2017 352  1 18 11 497 352.054299734      17.94     -0.77      5.93  0.       -2180.357       -682.632      -3444.945    0.000  -0.079   0.217   0.
  2017 352  1 18 12 497 352.054311308      17.91     -0.70      5.91  0.       -2177.418       -684.985      -3444.994    0.000  -0.078   0.216   0.
  2017 352  1 18 13 497 352.054322882      17.92     -0.65      5.83  0.       -2174.477       -687.338      -3445.041    0.000  -0.078   0.215   0.
  2017 352  1 18 14 496 352.054334456      17.96     -0.62      5.83  0.       -2171.536       -689.691      -3445.086    0.000  -0.077   0.214   0.
  2017 352  1 18 15 496 352.054346030      17.97     -0.61      5.81  0.       -2168.593       -692.042      -3445.128    0.000  -0.077   0.213   0.
  2017 352  1 18 16 496 352.054357604      17.97     -0.58      5.78  0.       -2165.649       -694.394      -3445.169    0.000  -0.076   0.211   0.
  2017 352  1 18 17 496 352.054369178      18.00     -0.50      5.75  0.       -2162.703       -696.745      -3445.207    0.000  -0.076   0.210   0.
  2017 352  1 18 18 496 352.054380752      18.02     -0.44      5.80  0.       -2159.756       -699.096      -3445.243    0.000  -0.076   0.209   0.
  2017 352  1 18 19 497 352.054392326      18.04     -0.40      5.84  0.       -2156.808       -701.446      -3445.277    0.000  -0.076   0.208   0.
  2017 352  1 18 20 497 352.054403900      18.12     -0.32      5.84  0.       -2153.858       -703.796      -3445.309    0.000  -0.075   0.206   0.
  2017 352  1 18 21 496 352.054415475      18.20     -0.20      5.82  0.       -2150.908       -706.145      -3445.339    0.000  -0.075   0.205   0.
  2017 352  1 18 22 496 352.054427049      18.21     -0.15      5.87  0.       -2147.956       -708.494      -3445.367    0.000  -0.074   0.204   0.
  2017 352  1 18 23 497 352.054438623      18.26     -0.09      5.90  0.       -2145.002       -710.843      -3445.393    0.000  -0.074   0.203   0.
  2017 352  1 18 24 497 352.054450197      18.34      0.02      5.94  0.       -2142.048       -713.191      -3445.417    0.000  -0.073   0.202   0.
  2017 352  1 18 25 497 352.054461771      18.34      0.16      5.95  0.       -2139.091       -715.538      -3445.438    0.000  -0.073   0.201   0.
  2017 352  1 18 26 497 352.054473345      18.39      0.26      5.98  0.       -2136.134       -717.886      -3445.458    0.000  -0.072   0.200   0.
  2017 352  1 18 27 497 352.054484919      18.46      0.35      5.99  0.       -2133.175       -720.232      -3445.475    0.000  -0.072   0.199   0.
  2017 352  1 18 28 496 352.054496493      18.44      0.46      6.03  0.       -2130.215       -722.579      -3445.490    0.000  -0.071   0.197   0.
  2017 352  1 18 29 496 352.054508067      18.40      0.53      6.17  0.       -2127.254       -724.925      -3445.503    0.000  -0.071   0.196   0.
  2017 352  1 18 30 496 352.054519641      18.37      0.64      6.21  0.       -2124.292       -727.270      -3445.514    0.000  -0.071   0.195   0.
  2017 352  1 18 31 496 352.054531215      18.42      0.74      6.20  0.       -2121.328       -729.615      -3445.523    0.000  -0.071   0.194   0.
  2017 352  1 18 32 496 352.054542789      18.41      0.75      6.26  0.       -2118.363       -731.960      -3445.530    0.000  -0.070   0.192   0.
  2017 352  1 18 33 497 352.054554363      18.42      0.79      6.27  0.       -2115.396       -734.304      -3445.535    0.000  -0.070   0.191   0.
  2017 352  1 18 34 497 352.054565937      18.37      0.77      6.30  0.       -2112.429       -736.648      -3445.537    0.000  -0.069   0.190   0.
  2017 352  1 18 35 496 352.054577512      18.31      0.76      6.34  0.       -2109.460       -738.991      -3445.538    0.000  -0.069   0.189   0.
  2017 352  1 18 36 497 352.054589084      18.26      0.74      6.38  0.       -2106.489       -741.334      -3445.536    0.000  -0.068   0.188   0.
  2017 352  1 18 37 496 352.054600657      18.26      0.81      6.38  0.       -2103.518       -743.676      -3445.532    0.000  -0.068   0.187   0.
  2017 352  1 18 38 496 352.054612231      18.26      0.85      6.39  0.       -2100.545       -746.018      -3445.526    0.000  -0.067   0.185   0.
  2017 352  1 18 39 496 352.054623805      18.23      0.93      6.36  0.       -2097.570       -748.359      -3445.518    0.000  -0.067   0.184   0.
  2017 352  1 18 40 496 352.054635379      18.22      0.96      6.36  0.       -2094.595       -750.700      -3445.508    0.000  -0.066   0.182   0.
  2017 352  1 18 41 496 352.054646953      18.23      1.01      6.32  0.       -2091.618       -753.041      -3445.496    0.000  -0.066   0.181   0.
  2017 352  1 18 42 496 352.054658527      18.21      0.98      6.26  0.       -2088.640       -755.381      -3445.481    0.000  -0.065   0.180   0.
  2017 352  1 18 43 496 352.054670101      18.26      0.93      6.24  0.       -2085.660       -757.720      -3445.464    0.000  -0.065   0.179   0.
  2017 352  1 18 44 496 352.054681675      18.29      0.92      6.23  0.       -2082.680       -760.059      -3445.446    0.000  -0.064   0.178   0.
  2017 352  1 18 45 496 352.054693249      18.28      0.93      6.29  0.       -2079.698       -762.398      -3445.425    0.000  -0.064   0.177   0.
  2017 352  1 18 46 496 352.054704823      18.17      0.92      6.30  0.       -2076.714       -764.736      -3445.402    0.000  -0.063   0.175   0.
  2017 352  1 18 47 496 352.054716398      18.10      0.91      6.39  0.       -2073.730       -767.074      -3445.377    0.000  -0.063   0.174   0.
  2017 352  1 18 48 496 352.054727972      18.01      0.87      6.46  0.       -2070.744       -769.411      -3445.349    0.000  -0.063   0.173   0.
  2017 352  1 18 49 496 352.054739546      18.03      0.88      6.58  0.       -2067.757       -771.748      -3445.320    0.000  -0.063   0.172   0.
  2017 352  1 18 50 496 352.054751120      17.99      0.87      6.76  0.       -2064.768       -774.084      -3445.288    0.000  -0.062   0.170   0.
  2017 352  1 18 51 496 352.054762694      17.96      0.90      6.84  0.       -2061.779       -776.420      -3445.254    0.000  -0.062   0.169   0.
  2017 352  1 18 52 496 352.054774268      17.92      0.95      6.84  0.       -2058.788       -778.755      -3445.218    0.000  -0.061   0.167   0.
  2017 352  1 18 53 496 352.054785842      17.81      0.96      6.94  0.       -2055.795       -781.090      -3445.180    0.000  -0.060   0.166   0.
  2017 352  1 18 54 496 352.054797416      17.74      0.93      7.01  0.       -2052.802       -783.424      -3445.140    0.000  -0.060   0.165   0.
  2017 352  1 18 55 496 352.054808990      17.72      1.01      7.03  0.       -2049.807       -785.758      -3445.098    0.000  -0.060   0.164   0.
  2017 352  1 18 56 496 352.054820564      17.68      1.06      7.02  0.       -2046.811       -788.092      -3445.053    0.000  -0.059   0.162   0.
  2017 352  1 18 57 496 352.054832138      17.65      1.16      6.97  0.       -2043.813       -790.424      -3445.006    0.000  -0.059   0.161   0.
  2017 352  1 18 58 496 352.054843712      17.61      1.24      6.95  0.       -2040.815       -792.757      -3444.958    0.000  -0.058   0.159   0.
  2017 352  1 18 59 496 352.054855286      17.57      1.26      6.94  0.       -2037.815       -795.089      -3444.907    0.000  -0.058   0.158   0.
  2017 352  1 19  0 496 352.054866861      17.49      1.29      7.02  0.       -2034.813       -797.420      -3444.853    0.000  -0.057   0.157   0.
  2017 352  1 19  1 496 352.054878435      17.45      1.33      6.98  0.       -2031.811       -799.751      -3444.798    0.000  -0.057   0.156   0.
  2017 352  1 19  2 496 352.054890009      17.44      1.35      7.00  0.       -2028.807       -802.081      -3444.741    0.000  -0.056   0.155   0.
  2017 352  1 19  3 496 352.054901583      17.37      1.37      7.03  0.       -2025.802       -804.411      -3444.681    0.000  -0.056   0.154   0.
  2017 352  1 19  4 496 352.054913157      17.31      1.31      7.01  0.       -2022.796       -806.741      -3444.619    0.000  -0.055   0.152   0.
  2017 352  1 19  5 496 352.054924731      17.30      1.25      7.10  0.       -2019.788       -809.070      -3444.555    0.000  -0.055   0.151   0.
  2017 352  1 19  6 496 352.054936303      17.36      1.34      7.21  0.       -2016.779       -811.398      -3444.489    0.000  -0.054   0.150   0.
  2017 352  1 19  7 496 352.054947876      17.38      1.35      7.22  0.       -2013.769       -813.726      -3444.420    0.000  -0.054   0.149   0.
  2017 352  1 19  8 496 352.054959450      17.40      1.42      7.27  0.       -2010.757       -816.053      -3444.350    0.000  -0.053   0.147   0.
  2017 352  1 19  9 496 352.054971024      17.31      1.51      7.33  0.       -2007.745       -818.380      -3444.277    0.000  -0.053   0.146   0.
  2017 352  1 19 10 496 352.054982598      17.29      1.56      7.33  0.       -2004.731       -820.706      -3444.202    0.000  -0.052   0.144   0.
  2017 352  1 19 11 496 352.054994172      17.27      1.59      7.34  0.       -2001.715       -823.032      -3444.125    0.000  -0.052   0.143   0.
  2017 352  1 19 12 496 352.055005747      17.28      1.59      7.41  0.       -1998.699       -825.357      -3444.046    0.000  -0.051   0.142   0.
  2017 352  1 19 13 496 352.055017321      17.38      1.70      7.41  0.       -1995.681       -827.682      -3443.964    0.000  -0.051   0.141   0.
  2017 352  1 19 14 496 352.055028895      17.41      1.81      7.33  0.       -1992.662       -830.006      -3443.881    0.000  -0.050   0.139   0.
  2017 352  1 19 15 496 352.055040469      17.42      1.81      7.33  0.       -1989.641       -832.330      -3443.795    0.000  -0.050   0.138   0.
  2017 352  1 19 16 496 352.055052043      17.41      1.73      7.30  0.       -1986.620       -834.653      -3443.707    0.000  -0.049   0.136   0.
  2017 352  1 19 17 496 352.055063617      17.42      1.69      7.31  0.       -1983.597       -836.976      -3443.616    0.000  -0.049   0.135   0.
  2017 352  1 19 18 496 352.055075191      17.43      1.73      7.26  0.       -1980.573       -839.298      -3443.524    0.000  -0.048   0.134   0.
  2017 352  1 19 19 496 352.055086765      17.37      1.72      7.22  0.       -1977.547       -841.620      -3443.429    0.000  -0.048   0.133   0.
  2017 352  1 19 20 496 352.055098339      17.37      1.81      7.12  0.       -1974.521       -843.941      -3443.332    0.000  -0.047   0.131   0.
  2017 352  1 19 21 496 352.055109913      17.30      1.81      7.10  0.       -1971.493       -846.261      -3443.233    0.000  -0.047   0.130   0.
  2017 352  1 19 22 496 352.055121487      17.25      1.74      7.02  0.       -1968.464       -848.582      -3443.132    0.000  -0.046   0.128   0.
  2017 352  1 19 23 496 352.055133061      17.25      1.90      6.84  0.       -1965.433       -850.901      -3443.029    0.000  -0.046   0.127   0.
  2017 352  1 19 24 496 352.055144635      16.98      1.96      6.87  0.       -1962.401       -853.220      -3442.923    0.000  -0.045   0.126   0.
  2017 352  1 19 25 496 352.055156209      17.05      1.78      6.90  0.       -1959.369       -855.538      -3442.815    0.000  -0.045   0.125   0.
  2017 352  1 19 26 496 352.055167784      17.07      1.92      6.85  0.       -1956.334       -857.856      -3442.705    0.000  -0.044   0.123   0.
  2017 352  1 19 27 496 352.055179358      17.03      2.07      6.80  0.       -1953.299       -860.173      -3442.593    0.000  -0.044   0.122   0.
  2017 352  1 19 28 496 352.055190932      16.91      2.25      6.74  0.       -1950.262       -862.490      -3442.478    0.000  -0.043   0.120   0.
  2017 352  1 19 29 496 352.055202506      16.66      2.25      6.77  0.       -1947.224       -864.806      -3442.362    0.000  -0.043   0.119   0.
  2017 352  1 19 30 496 352.055214080      16.63      2.16      6.96  0.       -1944.185       -867.122      -3442.243    0.000  -0.043   0.118   0.
  2017 352  1 19 31 496 352.055225654      16.57      2.39      6.93  0.       -1941.144       -869.437      -3442.122    0.000  -0.043   0.117   0.
  2017 352  1 19 32 496 352.055237228      16.22      2.52      7.08  0.       -1938.103       -871.751      -3441.998    0.000  -0.042   0.115   0.
  2017 352  1 19 33 496 352.055248802      16.18      2.31      7.16  0.       -1935.060       -874.065      -3441.873    0.000  -0.042   0.114   0.
  2017 352  1 19 34 496 352.055260376      16.12      2.16      7.06  0.       -1932.016       -876.379      -3441.745    0.000  -0.041   0.112   0.
  2017 352  1 19 35 496 352.055271950      16.03      2.08      7.09  0.       -1928.970       -878.692      -3441.615    0.000  -0.040   0.111   0.
  2017 352  1 19 36 496 352.055283522      15.91      2.03      7.29  0.       -1925.923       -881.004      -3441.483    0.000  -0.040   0.110   0.
  2017 352  1 19 37 496 352.055295095      15.89      2.07      7.34  0.       -1922.875       -883.316      -3441.348    0.000  -0.040   0.109   0.
  2017 352  1 19 38 496 352.055306670      15.77      2.09      7.44  0.       -1919.826       -885.627      -3441.211    0.000  -0.039   0.107   0.
  2017 352  1 19 39 496 352.055318244      15.75      2.02      7.55  0.       -1916.776       -887.937      -3441.072    0.000  -0.039   0.106   0.
  2017 352  1 19 40 496 352.055329818      15.73      1.91      7.73  0.       -1913.724       -890.247      -3440.931    0.000  -0.038   0.104   0.
  2017 352  1 19 41 496 352.055341392      15.74      1.96      7.84  0.       -1910.671       -892.557      -3440.788    0.000  -0.038   0.103   0.
  2017 352  1 19 42 496 352.055352966      15.73      2.01      7.94  0.       -1907.617       -894.866      -3440.642    0.000  -0.037   0.102   0.
  2017 352  1 19 43 496 352.055364540      15.64      2.12      8.04  0.       -1904.561       -897.174      -3440.494    0.000  -0.037   0.101   0.
  2017 352  1 19 44 496 352.055376114      15.51      2.38      8.21  0.       -1901.505       -899.482      -3440.344    0.000  -0.036   0.099   0.
  2017 352  1 19 45 496 352.055387688      15.32      2.71      8.24  0.       -1898.447       -901.789      -3440.192    0.000  -0.036   0.098   0.
  2017 352  1 19 46 496 352.055399262      15.09      3.07      8.18  0.       -1895.388       -904.095      -3440.037    0.000  -0.035   0.096   0.
  2017 352  1 19 47 496 352.055410836      15.04      3.42      8.13  0.       -1892.328       -906.401      -3439.881    0.000  -0.035   0.095   0.
  2017 352  1 19 48 496 352.055422410      14.92      3.71      8.00  0.       -1889.266       -908.707      -3439.721    0.000  -0.034   0.094   0.
  2017 352  1 19 49 496 352.055433984      14.84      3.97      7.96  0.       -1886.203       -911.011      -3439.560    0.000  -0.034   0.093   0.
  2017 352  1 19 50 496 352.055445558      14.83      4.13      8.00  0.       -1883.139       -913.315      -3439.397    0.000  -0.033   0.091   0.
  2017 352  1 19 51 496 352.055457133      14.79      4.29      8.01  0.       -1880.074       -915.619      -3439.231    0.000  -0.033   0.090   0.
  2017 352  1 19 52 496 352.055468707      14.72      4.34      7.95  0.       -1877.007       -917.922      -3439.063    0.000  -0.032   0.088   0.
  2017 352  1 19 53 496 352.055480281      14.71      4.24      7.90  0.       -1873.940       -920.224      -3438.892    0.000  -0.032   0.087   0.
  2017 352  1 19 54 496 352.055491855      14.80      4.30      7.93  0.       -1870.871       -922.526      -3438.720    0.000  -0.031   0.086   0.
  2017 352  1 19 55 496 352.055503429      14.87      4.33      7.88  0.       -1867.801       -924.827      -3438.545    0.000  -0.031   0.085   0.
  2017 352  1 19 56 496 352.055515003      14.96      4.41      7.81  0.       -1864.729       -927.128      -3438.368    0.000  -0.030   0.083   0.
  2017 352  1 19 57 496 352.055526577      14.99      4.37      7.55  0.       -1861.656       -929.428      -3438.188    0.000  -0.030   0.082   0.
  2017 352  1 19 58 496 352.055538151      15.01      4.11      7.46  0.       -1858.583       -931.727      -3438.007    0.000  -0.029   0.080   0.
  2017 352  1 19 59 496 352.055549725      15.10      3.79      7.47  0.       -1855.507       -934.026      -3437.823    0.000  -0.029   0.079   0.
  2017 352  1 20  0 496 352.055561299      15.05      3.50      7.93  0.       -1852.431       -936.324      -3437.637    0.000  -0.028   0.078   0.
  2017 352  1 20  1 496 352.055572873      15.05      3.35      8.23  0.       -1849.354       -938.622      -3437.448    0.000  -0.028   0.077   0.
  2017 352  1 20  2 496 352.055584447      14.90      3.24      8.67  0.       -1846.275       -940.919      -3437.258    0.000  -0.027   0.075   0.
  2017 352  1 20  3 496 352.055596021      14.80      3.15      8.94  0.       -1843.195       -943.215      -3437.065    0.000  -0.027   0.074   0.
  2017 352  1 20  4 495 352.055607593      14.68      3.18      9.03  0.       -1840.114       -945.511      -3436.869    0.000  -0.026   0.072   0.
  2017 352  1 20  5 496 352.055619167      14.66      3.19      9.09  0.       -1837.031       -947.806      -3436.672    0.000  -0.026   0.071   0.
  2017 352  1 20  6 496 352.055630741      14.77      3.32      8.98  0.       -1833.948       -950.100      -3436.472    0.000  -0.025   0.070   0.
  2017 352  1 20  7 496 352.055642315      14.85      3.55      8.71  0.       -1830.863       -952.394      -3436.270    0.000  -0.025   0.069   0.
  2017 352  1 20  8 496 352.055653889      14.90      3.63      8.33  0.       -1827.777       -954.687      -3436.066    0.000  -0.024   0.067   0.
  2017 352  1 20  9 496 352.055665463      14.85      3.67      8.01  0.       -1824.689       -956.980      -3435.859    0.000  -0.024   0.066   0.
  2017 352  1 20 10 495 352.055677037      14.75      3.65      7.94  0.       -1821.601       -959.272      -3435.650    0.000  -0.023   0.064   0.
  2017 352  1 20 11 495 352.055688611      14.59      3.70      8.11  0.       -1818.511       -961.563      -3435.439    0.000  -0.023   0.063   0.
  2017 352  1 20 12 495 352.055700185      14.56      3.79      8.23  0.       -1815.421       -963.853      -3435.226    0.000  -0.022   0.062   0.
  2017 352  1 20 13 495 352.055711759      14.56      3.96      8.25  0.       -1812.328       -966.144      -3435.010    0.000  -0.022   0.061   0.
  2017 352  1 20 14 495 352.055723333      14.55      4.08      8.26  0.       -1809.235       -968.433      -3434.792    0.000  -0.021   0.060   0.
  2017 352  1 20 15 496 352.055734907      14.55      4.23      8.36  0.       -1806.141       -970.722      -3434.572    0.000  -0.021   0.059   0.
  2017 352  1 20 16 496 352.055746482      14.51      4.37      8.35  0.       -1803.045       -973.010      -3434.349    0.000  -0.020   0.057   0.
  2017 352  1 20 17 495 352.055758056      14.63      4.42      8.25  0.       -1799.948       -975.297      -3434.124    0.000  -0.020   0.056   0.
  2017 352  1 20 18 495 352.055769630      14.85      4.60      8.11  0.       -1796.850       -977.584      -3433.897    0.000  -0.020   0.055   0.
  2017 352  1 20 19 496 352.055781204      14.90      4.84      8.14  0.       -1793.751       -979.870      -3433.667    0.000  -0.020   0.054   0.
  2017 352  1 20 20 496 352.055792778      14.91      5.04      8.18  0.       -1790.650       -982.156      -3433.436    0.000  -0.019   0.052   0.
  2017 352  1 20 21 496 352.055804352      15.03      5.20      8.10  0.       -1787.548       -984.440      -3433.202    0.000  -0.019   0.051   0.
  2017 352  1 20 22 496 352.055815926      15.08      5.10      8.41  0.       -1784.446       -986.725      -3432.965    0.000  -0.018   0.049   0.
  2017 352  1 20 23 495 352.055827500      15.10      4.79      8.77  0.       -1781.341       -989.008      -3432.726    0.000  -0.018   0.048   0.
  2017 352  1 20 24 495 352.055839074      14.89      4.31      9.32  0.       -1778.236       -991.291      -3432.485    0.000  -0.017   0.047   0.
  2017 352  1 20 25 495 352.055850648      14.47      4.18      9.82  0.       -1775.130       -993.573      -3432.242    0.000  -0.017   0.046   0.
  2017 352  1 20 26 495 352.055862222      14.08      4.08     10.28  0.       -1772.022       -995.855      -3431.997    0.000  -0.016   0.045   0.
  2017 352  1 20 27 495 352.055873796      13.88      3.99     10.64  0.       -1768.913       -998.136      -3431.749    0.000  -0.016   0.044   0.
  2017 352  1 20 28 496 352.055885370      13.70      4.00     10.92  0.       -1765.803      -1000.416      -3431.498    0.000  -0.015   0.042   0.
  2017 352  1 20 29 496 352.055896944      13.57      4.10     11.00  0.       -1762.692      -1002.695      -3431.246    0.000  -0.015   0.041   0.
  2017 352  1 20 30 495 352.055908519      13.41      4.06     11.19  0.       -1759.579      -1004.974      -3430.991    0.000  -0.014   0.040   0.
  2017 352  1 20 31 495 352.055920093      13.29      3.94     11.30  0.       -1756.466      -1007.253      -3430.734    0.000  -0.014   0.039   0.
  2017 352  1 20 32 496 352.055931667      13.28      3.97     11.48  0.       -1753.351      -1009.530      -3430.474    0.000  -0.013   0.038   0.
  2017 352  1 20 33 496 352.055943241      13.25      4.15     11.67  0.       -1750.235      -1011.807      -3430.212    0.000  -0.013   0.037   0.
  2017 352  1 20 34 496 352.055954813      13.13      4.20     11.92  0.       -1747.118      -1014.083      -3429.948    0.000  -0.012   0.035   0.
  2017 352  1 20 35 495 352.055966386      12.89      4.18     11.93  0.       -1743.999      -1016.359      -3429.682    0.000  -0.012   0.034   0.
  2017 352  1 20 36 495 352.055977960      12.75      4.13     11.75  0.       -1740.880      -1018.633      -3429.413    0.000  -0.012   0.033   0.
  2017 352  1 20 37 495 352.055989534      12.76      4.23     11.64  0.       -1737.759      -1020.907      -3429.142    0.000  -0.012   0.032   0.
  2017 352  1 20 38 495 352.056001108      12.72      4.45     11.57  0.       -1734.637      -1023.181      -3428.869    0.000  -0.011   0.031   0.
  2017 352  1 20 39 495 352.056012682      12.76      4.66     11.55  0.       -1731.514      -1025.454      -3428.593    0.000  -0.011   0.030   0.
  2017 352  1 20 40 495 352.056024256      12.80      5.06     11.57  0.       -1728.390      -1027.726      -3428.315    0.000  -0.010   0.028   0.
  2017 352  1 20 41 495 352.056035830      12.67      5.37     11.62  0.       -1725.265      -1029.997      -3428.034    0.000  -0.010   0.027   0.
  2017 352  1 20 42 495 352.056047405      12.66      5.48     11.64  0.       -1722.138      -1032.268      -3427.752    0.000  -0.009   0.026   0.
  2017 352  1 20 43 495 352.056058979      12.72      5.48     11.64  0.       -1719.010      -1034.538      -3427.466    0.000  -0.009   0.025   0.
  2017 352  1 20 44 495 352.056070553      12.87      5.22     11.54  0.       -1715.881      -1036.807      -3427.179    0.000  -0.008   0.024   0.
  2017 352  1 20 45 495 352.056082127      13.06      4.71     11.94  0.       -1712.751      -1039.075      -3426.889    0.000  -0.008   0.023   0.
  2017 352  1 20 46 495 352.056093701      12.80      4.77     11.96  0.       -1709.620      -1041.343      -3426.597    0.000  -0.008   0.022   0.
  2017 352  1 20 47 495 352.056105275      12.54      4.79     11.70  0.       -1706.487      -1043.610      -3426.303    0.000  -0.008   0.021   0.
  2017 352  1 20 48 495 352.056116849      12.52      4.78     11.74  0.       -1703.354      -1045.877      -3426.006    0.000  -0.007   0.020   0.
  2017 352  1 20 49 495 352.056128423      12.46      4.83     11.62  0.       -1700.219      -1048.143      -3425.707    0.000  -0.007   0.019   0.
  2017 352  1 20 50 495 352.056139997      12.29      4.92     11.46  0.       -1697.083      -1050.408      -3425.405    0.000  -0.006   0.018   0.
  2017 352  1 20 51 495 352.056151571      12.28      5.00     11.38  0.       -1693.946      -1052.672      -3425.102    0.000  -0.006   0.017   0.
  2017 352  1 20 52 495 352.056163145      12.20      4.86     11.55  0.       -1690.808      -1054.935      -3424.795    0.000  -0.006   0.016   0.
  2017 352  1 20 53 495 352.056174719      12.14      4.89     11.35  0.       -1687.668      -1057.198      -3424.487    0.000  -0.006   0.015   0.
  2017 352  1 20 54 495 352.056186293      12.06      5.13     11.51  0.       -1684.528      -1059.460      -3424.176    0.000  -0.005   0.014   0.
  2017 352  1 20 55 495 352.056197867      11.99      5.30     11.91  0.       -1681.386      -1061.722      -3423.863    0.000  -0.005   0.014   0.
  2017 352  1 20 56 495 352.056209442      11.90      5.55     12.18  0.       -1678.243      -1063.982      -3423.547    0.000  -0.004   0.013   0.
  2017 352  1 20 57 495 352.056221016      11.73      5.88     12.55  0.       -1675.099      -1066.242      -3423.229    0.000  -0.004   0.012   0.
  2017 352  1 20 58 495 352.056232590      11.53      6.00     12.88  0.       -1671.954      -1068.502      -3422.909    0.000  -0.004   0.011   0.
  2017 352  1 20 59 495 352.056244164      11.32      6.12     13.09  0.       -1668.808      -1070.760      -3422.586    0.000  -0.004   0.010   0.
  2017 352  1 21  0 495 352.056255738      11.08      6.13     13.23  0.       -1665.660      -1073.018      -3422.261    0.000  -0.003   0.009   0.
  2017 352  1 21  1 495 352.056267312      10.92      6.17     13.36  0.       -1662.511      -1075.275      -3421.934    0.000  -0.003   0.009   0.
  2017 352  1 21  2 495 352.056278886      10.82      6.26     13.35  0.       -1659.362      -1077.531      -3421.604    0.000  -0.003   0.008   0.
  2017 352  1 21  3 495 352.056290460      10.88      6.35     13.30  0.       -1656.211      -1079.787      -3421.272    0.000  -0.003   0.008   0.
  2017 352  1 21  4 495 352.056302034      10.81      6.54     13.31  0.       -1653.058      -1082.041      -3420.937    0.000  -0.002   0.007   0.
  2017 352  1 21  5 495 352.056313608      10.65      6.77     13.33  0.       -1649.905      -1084.296      -3420.601    0.000  -0.002   0.006   0.
  2017 352  1 21  6 495 352.056325180      10.23      6.95     13.34  0.       -1646.751      -1086.549      -3420.261    0.000  -0.002   0.005   0.
  2017 352  1 21  7 495 352.056336753       9.77      7.10     13.51  0.       -1643.595      -1088.801      -3419.920    0.000  -0.002   0.005   0.
  2017 352  1 21  8 495 352.056348328       9.39      7.22     13.63  0.       -1640.439      -1091.053      -3419.576    0.000  -0.001   0.004   0.
  2017 352  1 21  9 495 352.056359902       9.06      7.37     13.86  0.       -1637.281      -1093.304      -3419.230    0.000  -0.001   0.004   0.
  2017 352  1 21 10 495 352.056371476       8.57      7.26     14.28  0.       -1634.122      -1095.555      -3418.881    0.000  -0.001   0.003   0.
  2017 352  1 21 11 495 352.056383050       8.05      7.22     14.86  0.       -1630.962      -1097.804      -3418.529    0.000  -0.001   0.002   0.
  2017 352  1 21 12 495 352.056394624       7.92      7.08     15.29  0.       -1627.801      -1100.053      -3418.176    0.000  -0.000   0.001   0.
  2017 352  1 21 13 495 352.056406198       8.06      7.12     15.59  0.       -1624.638      -1102.301      -3417.820    0.000   0.000   0.001   0.
  2017 352  1 21 14 495 352.056417772       8.05      7.12     15.64  0.       -1621.475      -1104.548      -3417.462    0.000   0.000   0.001   0.
  2017 352  1 21 15 495 352.056429346       8.08      7.10     15.62  0.       -1618.310      -1106.795      -3417.102    0.000   0.000   0.001   0.
  2017 352  1 21 16 495 352.056440920       8.36      7.24     15.56  0.       -1615.145      -1109.040      -3416.739    0.000   0.000   0.000   0.
  2017 352  1 21 17 495 352.056452494       8.57      7.37     15.51  0.       -1611.977      -1111.285      -3416.373    0.000   0.000   0.000   0.
  2017 352  1 21 18 495 352.056464068       8.68      7.67     15.79  0.       -1608.809      -1113.530      -3416.005    0.000   0.000   0.000   0.
  2017 352  1 21 19 495 352.056475642       8.71      7.91     16.03  0.       -1605.641      -1115.773      -3415.635    0.000   0.000   0.000   0.
  2017 352  1 21 20 495 352.056487216       8.69      8.14     16.09  0.       -1602.470      -1118.015      -3415.263    0.000   0.000   0.000   0.
  2017 352  1 21 21 495 352.056498790       8.52      8.27     16.22  0.       -1599.299      -1120.257      -3414.888    0.000   0.000   0.000   0.
  2017 352  1 21 22 495 352.056510365       8.41      8.28     16.24  0.       -1596.126      -1122.498      -3414.510    0.000   0.000   0.000   0.
  2017 352  1 21 23 495 352.056521939       8.22      8.29     16.24  0.       -1592.953      -1124.739      -3414.131    0.000   0.000   0.000   0.
  2017 352  1 21 24 495 352.056533513       7.88      8.33     16.20  0.       -1589.778      -1126.978      -3413.748    0.000   0.000   0.000   0.
  2017 352  1 21 25 495 352.056545087       7.76      8.43     16.18  0.       -1586.602      -1129.217      -3413.364    0.000   0.000   0.000   0.
  2017 352  1 21 26 495 352.056556661       7.62      8.58     16.43  0.       -1583.425      -1131.455      -3412.977    0.000   0.000   0.000   0.
  2017 352  1 21 27 495 352.056568235       7.55      8.75     16.65  0.       -1580.247      -1133.692      -3412.587    0.000   0.000   0.000   0.
  2017 352  1 21 28 495 352.056579809       7.58      8.91     16.84  0.       -1577.068      -1135.928      -3412.196    0.000   0.000   0.000   0.
  2017 352  1 21 29 495 352.056591383       7.63      9.06     17.03  0.       -1573.888      -1138.164      -3411.802    0.000   0.000   0.000   0.
  2017 352  1 21 30 495 352.056602957       7.60      9.23     17.12  0.       -1570.706      -1140.399      -3411.405    0.000   0.000   0.000   0.
  2017 352  1 21 31 495 352.056614531       7.45      9.29     17.22  0.       -1567.524      -1142.632      -3411.006    0.000   0.000   0.000   0.
  2017 352  1 21 32 495 352.056626105       7.23      9.37     17.33  0.       -1564.340      -1144.866      -3410.605    0.000   0.000   0.000   0.
  2017 352  1 21 33 495 352.056637679       7.07      9.53     17.34  0.       -1561.156      -1147.098      -3410.201    0.000   0.000   0.000   0.
  2017 352  1 21 34 495 352.056649251       7.02      9.69     17.36  0.       -1557.970      -1149.330      -3409.795    0.000   0.000   0.000   0.
  2017 352  1 21 35 495 352.056660825       6.93      9.81     17.44  0.       -1554.783      -1151.560      -3409.386    0.000   0.000   0.000   0.
  2017 352  1 21 36 495 352.056672399       7.00     10.00     17.52  0.       -1551.595      -1153.790      -3408.975    0.000   0.000   0.000   0.
  2017 352  1 21 37 495 352.056683973       7.13     10.12     17.57  0.       -1548.406      -1156.019      -3408.561    0.000   0.000   0.000   0.
  2017 352  1 21 38 495 352.056695547       7.24     10.29     17.55  0.       -1545.215      -1158.248      -3408.145    0.000   0.000   0.000   0.
  2017 352  1 21 39 495 352.056707121       7.35     10.48     17.57  0.       -1542.024      -1160.475      -3407.727    0.000   0.000   0.000   0.
  2017 352  1 21 40 495 352.056718695       7.33     10.60     17.59  0.       -1538.832      -1162.702      -3407.306    0.000   0.000   0.000   0.
  2017 352  1 21 41 495 352.056730269       7.37     10.79     17.58  0.       -1535.638      -1164.927      -3406.883    0.000   0.000   0.000   0.
  2017 352  1 21 42 495 352.056741843       7.28     10.90     17.41  0.       -1532.443      -1167.152      -3406.458    0.000   0.000   0.000   0.
  2017 352  1 21 43 495 352.056753417       7.12     10.98     17.34  0.       -1529.248      -1169.377      -3406.030    0.000   0.000   0.000   0.
  2017 352  1 21 44 495 352.056764991       6.84     11.03     17.31  0.       -1526.051      -1171.600      -3405.599    0.000   0.000   0.000   0.
  2017 352  1 21 45 495 352.056776565       6.55     11.02     17.42  0.       -1522.853      -1173.822      -3405.166    0.000   0.000   0.000   0.
  2017 352  1 21 46 495 352.056788139       6.21     10.99     17.45  0.       -1519.654      -1176.044      -3404.731    0.000   0.000   0.000   0.
  2017 352  1 21 47 495 352.056799714       6.03     10.99     17.68  0.       -1516.454      -1178.265      -3404.293    0.000   0.000   0.000   0.
  2017 352  1 21 48 495 352.056811288       5.92     11.10     17.93  0.       -1513.253      -1180.485      -3403.853    0.000   0.000   0.000   0.
  2017 352  1 21 49 495 352.056822862       5.80     11.24     18.05  0.       -1510.051      -1182.704      -3403.410    0.000   0.000   0.000   0.
  2017 352  1 21 50 495 352.056834436       5.60     11.41     18.18  0.       -1506.847      -1184.922      -3402.965    0.000   0.000   0.000   0.
  2017 352  1 21 51 495 352.056846010       5.34     11.36     18.36  0.       -1503.643      -1187.140      -3402.518    0.000   0.000   0.000   0.
  2017 352  1 21 52 495 352.056857584       5.17     11.34     18.48  0.       -1500.438      -1189.356      -3402.068    0.000   0.000   0.000   0.
  2017 352  1 21 53 495 352.056869158       4.90     11.33     18.57  0.       -1497.231      -1191.572      -3401.616    0.000   0.000   0.000   0.
  2017 352  1 21 54 495 352.056880732       4.82     11.37     18.74  0.       -1494.023      -1193.787      -3401.161    0.000   0.000   0.000   0.
  2017 352  1 21 55 495 352.056892306       4.76     11.44     18.98  0.       -1490.815      -1196.001      -3400.704    0.000   0.000   0.000   0.
  2017 352  1 21 56 495 352.056903880       4.76     11.64     19.18  0.       -1487.605      -1198.215      -3400.244    0.000   0.000   0.000   0.
  2017 352  1 21 57 495 352.056915454       4.84     11.73     19.30  0.       -1484.394      -1200.427      -3399.782    0.000   0.000   0.000   0.
  2017 352  1 21 58 495 352.056927028       4.92     12.02     19.33  0.       -1481.182      -1202.638      -3399.317    0.000   0.000   0.000   0.
  2017 352  1 21 59 495 352.056938602       5.13     12.39     19.24  0.       -1477.969      -1204.849      -3398.850    0.000   0.000   0.000   0.
  2017 352  1 22  0 495 352.056950177       5.09     12.70     19.07  0.       -1474.755      -1207.059      -3398.381    0.000   0.000   0.000   0.
  2017 352  1 22  1 495 352.056961751       5.00     12.95     19.02  0.       -1471.540      -1209.267      -3397.909    0.000   0.000   0.000   0.
  2017 352  1 22  2 495 352.056973325       4.86     13.05     19.23  0.       -1468.324      -1211.476      -3397.434    0.000   0.000   0.000   0.
  2017 352  1 22  3 495 352.056984899       4.82     13.07     19.42  0.       -1465.107      -1213.683      -3396.957    0.000   0.000   0.000   0.
  2017 352  1 22  4 495 352.056996471       4.81     13.14     19.48  0.       -1461.888      -1215.889      -3396.478    0.000   0.000   0.000   0.
  2017 352  1 22  5 495 352.057008044       4.75     13.27     19.58  0.       -1458.669      -1218.095      -3395.996    0.000   0.000   0.000   0.
  2017 352  1 22  6 494 352.057019618       4.80     13.49     19.60  0.       -1455.449      -1220.299      -3395.512    0.000   0.000   0.000   0.
  2017 352  1 22  7 494 352.057031192       4.92     13.74     19.47  0.       -1452.227      -1222.503      -3395.025    0.000   0.000   0.000   0.
  2017 352  1 22  8 494 352.057042766       4.91     14.03     19.39  0.       -1449.005      -1224.706      -3394.536    0.000   0.000   0.000   0.
  2017 352  1 22  9 494 352.057054340       4.88     14.30     19.32  0.       -1445.781      -1226.908      -3394.045    0.000   0.000   0.000   0.
  2017 352  1 22 10 495 352.057065914       4.85     14.50     19.12  0.       -1442.556      -1229.109      -3393.550    0.000   0.000   0.000   0.
  2017 352  1 22 11 495 352.057077488       4.75     14.79     19.06  0.       -1439.331      -1231.309      -3393.054    0.000   0.000   0.000   0.
  2017 352  1 22 12 494 352.057089062       4.61     15.12     19.09  0.       -1436.104      -1233.508      -3392.555    0.000   0.000   0.000   0.
  2017 352  1 22 13 494 352.057100637       4.57     15.49     19.14  0.       -1432.876      -1235.706      -3392.053    0.000   0.000   0.000   0.
  2017 352  1 22 14 494 352.057112211       4.62     15.68     19.20  0.       -1429.648      -1237.904      -3391.549    0.000   0.000   0.000   0.
  2017 352  1 22 15 495 352.057123785       4.58     16.11     19.22  0.       -1426.418      -1240.100      -3391.043    0.000   0.000   0.000   0.
  2017 352  1 22 16 495 352.057135359       4.47     16.32     19.35  0.       -1423.186      -1242.296      -3390.534    0.000   0.000   0.000   0.
  2017 352  1 22 17 495 352.057146933       4.25     16.50     19.44  0.       -1419.955      -1244.491      -3390.023    0.000   0.000   0.000   0.
  2017 352  1 22 18 495 352.057158507       4.12     16.64     19.42  0.       -1416.722      -1246.685      -3389.509    0.000   0.000   0.000   0.
  2017 352  1 22 19 494 352.057170081       4.05     16.69     19.50  0.       -1413.488      -1248.878      -3388.992    0.000   0.000   0.000   0.
  2017 352  1 22 20 494 352.057181655       4.07     16.68     19.29  0.       -1410.253      -1251.070      -3388.473    0.000   0.000   0.000   0.
  2017 352  1 22 21 494 352.057193229       4.10     16.87     19.15  0.       -1407.017      -1253.261      -3387.952    0.000   0.000   0.000   0.
  2017 352  1 22 22 494 352.057204803       4.10     17.04     19.22  0.       -1403.780      -1255.451      -3387.428    0.000   0.000   0.000   0.
  2017 352  1 22 23 494 352.057216377       4.09     17.40     19.24  0.       -1400.542      -1257.640      -3386.902    0.000   0.000   0.000   0.
  2017 352  1 22 24 495 352.057227951       4.12     17.64     19.22  0.       -1397.302      -1259.829      -3386.373    0.000   0.000   0.000   0.
  2017 352  1 22 25 495 352.057239525       3.99     17.95     19.27  0.       -1394.062      -1262.016      -3385.842    0.000   0.000   0.000   0.
  2017 352  1 22 26 494 352.057251100       3.72     18.26     19.58  0.       -1390.821      -1264.203      -3385.308    0.000   0.000   0.000   0.
  2017 352  1 22 27 494 352.057262674       3.62     18.27     19.95  0.       -1387.579      -1266.388      -3384.772    0.000   0.000   0.000   0.
  2017 352  1 22 28 495 352.057274248       3.66     18.38     19.77  0.       -1384.336      -1268.573      -3384.233    0.000   0.000   0.000   0.
  2017 352  1 22 29 495 352.057285822       3.63     18.57     19.34  0.       -1381.091      -1270.757      -3383.692    0.000   0.000   0.000   0.
  2017 352  1 22 30 495 352.057297396       3.52     18.73     18.98  0.       -1377.846      -1272.940      -3383.148    0.000   0.000   0.000   0.
  2017 352  1 22 31 495 352.057308970       3.56     18.85     18.80  0.       -1374.600      -1275.121      -3382.602    0.000   0.000   0.000   0.
  2017 352  1 22 32 495 352.057320544       3.73     19.22     18.42  0.       -1371.352      -1277.302      -3382.053    0.000   0.000   0.000   0.
  2017 352  1 22 33 494 352.057332118       3.73     19.58     18.02  0.       -1368.104      -1279.482      -3381.502    0.000   0.000   0.000   0.
  2017 352  1 22 34 494 352.057343690       3.41     19.73     18.00  0.       -1364.855      -1281.661      -3380.948    0.000   0.000   0.000   0.
  2017 352  1 22 35 494 352.057355263       3.11     19.91     18.08  0.       -1361.604      -1283.840      -3380.392    0.000   0.000   0.000   0.
  2017 352  1 22 36 494 352.057366837       2.70     20.26     18.13  0.       -1358.353      -1286.017      -3379.833    0.000   0.000   0.000   0.
  2017 352  1 22 37 494 352.057378411       2.25     20.66     18.09  0.       -1355.101      -1288.193      -3379.272    0.000   0.000   0.000   0.
  2017 352  1 22 38 494 352.057389986       2.04     21.21     18.26  0.       -1351.847      -1290.368      -3378.708    0.000   0.000   0.000   0.
  2017 352  1 22 39 494 352.057401560       2.01     21.70     18.43  0.       -1348.593      -1292.543      -3378.142    0.000   0.000   0.000   0.
  2017 352  1 22 40 494 352.057413134       2.17     21.89     18.54  0.       -1345.337      -1294.716      -3377.574    0.000   0.000   0.000   0.
  2017 352  1 22 41 494 352.057424708       2.10     21.99     18.53  0.       -1342.081      -1296.888      -3377.002    0.000   0.000   0.000   0.
  2017 352  1 22 42 494 352.057436282       1.99     22.14     18.46  0.       -1338.824      -1299.060      -3376.429    0.000   0.000   0.000   0.
  2017 352  1 22 43 494 352.057447856       1.93     22.30     18.37  0.       -1335.565      -1301.231      -3375.852    0.000   0.000   0.000   0.
  2017 352  1 22 44 494 352.057459430       1.83     22.47     18.28  0.       -1332.306      -1303.400      -3375.273    0.000   0.000   0.000   0.
  2017 352  1 22 45 494 352.057471004       1.85     22.69     18.16  0.       -1329.046      -1305.569      -3374.692    0.000   0.000   0.000   0.
  2017 352  1 22 46 494 352.057482578       1.81     22.97     18.06  0.       -1325.784      -1307.736      -3374.108    0.000   0.000   0.000   0.
  2017 352  1 22 47 494 352.057494152       1.82     23.19     17.89  0.       -1322.522      -1309.903      -3373.522    0.000   0.000   0.000   0.
  2017 352  1 22 48 494 352.057505726       1.69     23.41     17.65  0.       -1319.259      -1312.068      -3372.933    0.000   0.000   0.000   0.
  2017 352  1 22 49 494 352.057517300       1.50     23.60     17.66  0.       -1315.994      -1314.233      -3372.342    0.000   0.000   0.000   0.
  2017 352  1 22 50 494 352.057528874       1.33     23.86     17.73  0.       -1312.729      -1316.397      -3371.748    0.000   0.000   0.000   0.
  2017 352  1 22 51 494 352.057540448       1.36     24.16     17.61  0.       -1309.463      -1318.560      -3371.151    0.000   0.000   0.000   0.
  2017 352  1 22 52 494 352.057552023       1.33     24.56     17.42  0.       -1306.195      -1320.721      -3370.552    0.000   0.000   0.000   0.
  2017 352  1 22 53 494 352.057563597       1.25     24.95     17.35  0.       -1302.927      -1322.882      -3369.951    0.000   0.000   0.000   0.
  2017 352  1 22 54 494 352.057575171       1.19     25.26     17.03  0.       -1299.658      -1325.042      -3369.347    0.000   0.000   0.000   0.
  2017 352  1 22 55 494 352.057586745       1.08     25.61     16.74  0.       -1296.388      -1327.201      -3368.740    0.000   0.000   0.000   0.
  2017 352  1 22 56 494 352.057598319       1.01     25.92     16.59  0.       -1293.117      -1329.359      -3368.131    0.000   0.000   0.000   0.
  2017 352  1 22 57 494 352.057609893       0.96     26.22     16.49  0.       -1289.844      -1331.516      -3367.520    0.000   0.000   0.000   0.
  2017 352  1 22 58 494 352.057621467       0.75     26.55     16.34  0.       -1286.571      -1333.671      -3366.906    0.000   0.000   0.000   0.
  2017 352  1 22 59 494 352.057633041       0.53     26.82     16.33  0.       -1283.297      -1335.826      -3366.289    0.000   0.000   0.000   0.
  2017 352  1 23  0 494 352.057644615       0.32     26.97     16.29  0.       -1280.022      -1337.980      -3365.670    0.000   0.000   0.000   0.
  2017 352  1 23  1 494 352.057656189       0.03     27.22     16.16  0.       -1276.746      -1340.133      -3365.048    0.000   0.000   0.000   0.
  2017 352  1 23  2 494 352.057667761      -0.26     27.53     16.14  0.       -1273.469      -1342.285      -3364.424    0.000   0.000   0.000   0.
  2017 352  1 23  3 494 352.057679334      -0.40     27.82     16.05  0.       -1270.191      -1344.435      -3363.797    0.000   0.000   0.000   0.
  2017 352  1 23  4 494 352.057690909      -0.60     28.15     15.83  0.       -1266.912      -1346.585      -3363.168    0.000   0.000   0.000   0.
  2017 352  1 23  5 494 352.057702483      -0.91     28.47     15.76  0.       -1263.632      -1348.734      -3362.536    0.000   0.000   0.000   0.
  2017 352  1 23  6 494 352.057714057      -1.27     28.66     15.65  0.       -1260.352      -1350.882      -3361.901    0.000   0.000   0.000   0.
  2017 352  1 23  7 494 352.057725631      -1.44     28.90     15.57  0.       -1257.070      -1353.029      -3361.265    0.000   0.000   0.000   0.
  2017 352  1 23  8 494 352.057737205      -1.48     29.24     15.41  0.       -1253.787      -1355.174      -3360.625    0.000   0.000   0.000   0.
  2017 352  1 23  9 494 352.057748779      -1.56     29.68     15.05  0.       -1250.503      -1357.319      -3359.983    0.000   0.000   0.000   0.
  2017 352  1 23 10 494 352.057760353      -1.56     30.13     14.75  0.       -1247.219      -1359.463      -3359.338    0.000   0.000   0.000   0.
  2017 352  1 23 11 494 352.057771927      -1.65     30.54     14.52  0.       -1243.933      -1361.605      -3358.691    0.000   0.000   0.000   0.
  2017 352  1 23 12 494 352.057783501      -1.87     30.86     14.36  0.       -1240.647      -1363.747      -3358.041    0.000   0.000   0.000   0.
  2017 352  1 23 13 494 352.057795075      -2.06     31.08     14.14  0.       -1237.359      -1365.888      -3357.389    0.000   0.000   0.000   0.
  2017 352  1 23 14 494 352.057806649      -2.26     31.36     13.80  0.       -1234.071      -1368.027      -3356.734    0.000   0.000   0.000   0.
  2017 352  1 23 15 494 352.057818223      -2.48     31.59     13.53  0.       -1230.782      -1370.166      -3356.077    0.000   0.000   0.000   0.
  2017 352  1 23 16 494 352.057829798      -2.58     31.79     13.23  0.       -1227.491      -1372.303      -3355.417    0.000   0.000   0.000   0.
  2017 352  1 23 17 494 352.057841371      -2.80     31.92     13.01  0.       -1224.200      -1374.440      -3354.755    0.000   0.000   0.000   0.
  2017 352  1 23 18 494 352.057852946      -3.09     32.09     12.83  0.       -1220.908      -1376.575      -3354.090    0.000   0.000   0.000   0.
  2017 352  1 23 19 494 352.057864520      -3.34     32.25     12.64  0.       -1217.615      -1378.710      -3353.422    0.000   0.000   0.000   0.
  2017 352  1 23 20 494 352.057876094      -3.69     32.37     12.55  0.       -1214.321      -1380.843      -3352.752    0.000   0.000   0.000   0.
  2017 352  1 23 21 494 352.057887668      -3.95     32.55     12.35  0.       -1211.026      -1382.975      -3352.079    0.000   0.000   0.000   0.
  2017 352  1 23 22 494 352.057899242      -4.33     32.82     12.11  0.       -1207.730      -1385.107      -3351.404    0.000   0.000   0.000   0.
  2017 352  1 23 23 494 352.057910816      -4.59     33.13     12.03  0.       -1204.433      -1387.237      -3350.726    0.000   0.000   0.000   0.
  2017 352  1 23 24 494 352.057922390      -4.83     33.39     11.78  0.       -1201.136      -1389.366      -3350.046    0.000   0.000   0.000   0.
  2017 352  1 23 25 494 352.057933964      -5.10     33.65     11.50  0.       -1197.837      -1391.494      -3349.363    0.000   0.000   0.000   0.
  2017 352  1 23 26 494 352.057945538      -5.32     33.92     11.12  0.       -1194.537      -1393.621      -3348.677    0.000   0.000   0.000   0.
  2017 352  1 23 27 494 352.057957112      -5.55     34.16     10.67  0.       -1191.237      -1395.747      -3347.989    0.000   0.000   0.000   0.
  2017 352  1 23 28 494 352.057968686      -5.86     34.47     10.23  0.       -1187.936      -1397.872      -3347.298    0.000   0.000   0.000   0.
  2017 352  1 23 29 494 352.057980260      -6.16     34.82      9.78  0.       -1184.633      -1399.996      -3346.605    0.000   0.000   0.000   0.
  2017 352  1 23 30 494 352.057991834      -6.49     35.17      9.47  0.       -1181.330      -1402.118      -3345.909    0.000   0.000   0.000   0.
  2017 352  1 23 31 494 352.058003409      -6.79     35.43      9.25  0.       -1178.026      -1404.240      -3345.211    0.000   0.000   0.000   0.
  2017 352  1 23 32 494 352.058014980      -7.15     35.60      8.99  0.       -1174.721      -1406.361      -3344.510    0.000   0.000   0.000   0.
  2017 352  1 23 33 494 352.058026554      -7.47     35.67      8.74  0.       -1171.415      -1408.480      -3343.807    0.000   0.000   0.000   0.
  2017 352  1 23 34 494 352.058038128      -7.76     35.68      8.36  0.       -1168.108      -1410.599      -3343.100    0.000   0.000   0.000   0.
  2017 352  1 23 35 494 352.058049702      -8.19     35.75      8.05  0.       -1164.800      -1412.716      -3342.392    0.000   0.000   0.000   0.
  2017 352  1 23 36 494 352.058061276      -8.51     35.84      7.77  0.       -1161.492      -1414.832      -3341.680    0.000   0.000   0.000   0.
  2017 352  1 23 37 494 352.058072850      -8.82     35.89      7.46  0.       -1158.182      -1416.948      -3340.966    0.000   0.000   0.000   0.
  2017 352  1 23 38 494 352.058084424      -9.15     35.97      7.16  0.       -1154.872      -1419.062      -3340.250    0.000   0.000   0.000   0.
  2017 352  1 23 39 494 352.058095998      -9.50     36.15      6.79  0.       -1151.560      -1421.175      -3339.531    0.000   0.000   0.000   0.
  2017 352  1 23 40 494 352.058107572      -9.78     36.39      6.27  0.       -1148.248      -1423.287      -3338.809    0.000   0.000   0.000   0.
  2017 352  1 23 41 494 352.058119146     -10.12     36.61      5.71  0.       -1144.935      -1425.397      -3338.085    0.000   0.000   0.000   0.
  2017 352  1 23 42 494 352.058130721     -10.45     36.90      5.24  0.       -1141.621      -1427.507      -3337.358    0.000   0.000   0.000   0.
  2017 352  1 23 43 494 352.058142295     -10.71     37.20      4.71  0.       -1138.306      -1429.616      -3336.629    0.000   0.000   0.000   0.
  2017 352  1 23 44 494 352.058153869     -10.99     37.47      4.21  0.       -1134.991      -1431.723      -3335.897    0.000   0.000   0.000   0.
  2017 352  1 23 45 494 352.058165443     -11.31     37.70      3.84  0.       -1131.674      -1433.830      -3335.162    0.000   0.000   0.000   0.
  2017 352  1 23 46 494 352.058177017     -11.69     37.85      3.29  0.       -1128.356      -1435.935      -3334.426    0.000   0.000   0.000   0.
  2017 352  1 23 47 494 352.058188591     -12.12     38.04      2.74  0.       -1125.038      -1438.039      -3333.686    0.000   0.000   0.000   0.
  2017 352  1 23 48 494 352.058200165     -12.35     38.23      2.26  0.       -1121.719      -1440.142      -3332.943    0.000   0.000   0.000   0.
  2017 352  1 23 49 494 352.058211739     -12.63     38.30      1.77  0.       -1118.399      -1442.244      -3332.199    0.000   0.000   0.000   0.
  2017 352  1 23 50 494 352.058223313     -12.94     38.41      1.22  0.       -1115.078      -1444.345      -3331.451    0.000   0.000   0.000   0.
  2017 352  1 23 51 494 352.058234887     -13.34     38.43      0.63  0.       -1111.756      -1446.445      -3330.701    0.000   0.000   0.000   0.
  2017 352  1 23 52 494 352.058246461     -13.73     38.51      0.02  0.       -1108.433      -1448.544      -3329.948    0.000   0.000   0.000   0.
  2017 352  1 23 53 494 352.058258035     -14.05     38.54     -0.65  0.       -1105.109      -1450.641      -3329.193    0.000   0.000   0.000   0.
  2017 352  1 23 54 494 352.058269609     -14.36     38.54     -1.28  0.       -1101.785      -1452.738      -3328.435    0.000   0.000   0.000   0.
  2017 352  1 23 55 494 352.058281183     -14.63     38.60     -1.96  0.       -1098.459      -1454.833      -3327.675    0.000   0.000   0.000   0.
  2017 352  1 23 56 494 352.058292758     -15.02     38.60     -2.53  0.       -1095.133      -1456.927      -3326.911    0.000   0.000   0.000   0.
  2017 352  1 23 57 494 352.058304332     -15.42     38.73     -3.09  0.       -1091.806      -1459.020      -3326.146    0.000   0.000   0.000   0.
  2017 352  1 23 58 494 352.058315906     -15.76     38.90     -3.62  0.       -1088.478      -1461.112      -3325.377    0.000   0.000   0.000   0.
  2017 352  1 23 59 494 352.058327480     -16.06     39.09     -4.24  0.       -1085.150      -1463.202      -3324.606    0.000   0.000   0.000   0.
  2017 352  1 24  0 494 352.058339054     -16.37     39.26     -4.92  0.       -1081.820      -1465.292      -3323.833    0.000   0.000   0.000   0.
  2017 352  1 24  1 494 352.058350628     -16.73     39.34     -5.62  0.       -1078.489      -1467.380      -3323.057    0.000   0.000   0.000   0.
  2017 352  1 24  2 493 352.058362200     -17.03     39.45     -6.30  0.       -1075.158      -1469.468      -3322.278    0.000   0.000   0.000   0.
  2017 352  1 24  3 493 352.058373773     -17.31     39.56     -6.99  0.       -1071.826      -1471.554      -3321.497    0.000   0.000   0.000   0.
  2017 352  1 24  4 493 352.058385347     -17.69     39.57     -7.62  0.       -1068.493      -1473.639      -3320.713    0.000   0.000   0.000   0.
  2017 352  1 24  5 493 352.058396921     -18.00     39.53     -8.25  0.       -1065.159      -1475.722      -3319.926    0.000   0.000   0.000   0.
  2017 352  1 24  6 494 352.058408495     -18.35     39.48     -8.94  0.       -1061.824      -1477.805      -3319.137    0.000   0.000   0.000   0.
  2017 352  1 24  7 494 352.058420069     -18.55     39.45     -9.70  0.       -1058.489      -1479.887      -3318.345    0.000   0.000   0.000   0.
  2017 352  1 24  8 493 352.058431643     -18.89     39.27    -10.56  0.       -1055.152      -1481.967      -3317.551    0.000   0.000   0.000   0.
  2017 352  1 24  9 493 352.058443218     -19.24     39.11    -11.33  0.       -1051.815      -1484.046      -3316.754    0.000   0.000   0.000   0.
  2017 352  1 24 10 494 352.058454792     -19.50     38.98    -11.94  0.       -1048.477      -1486.124      -3315.954    0.000   0.000   0.000   0.
  2017 352  1 24 11 494 352.058466366     -19.69     38.82    -12.65  0.       -1045.138      -1488.201      -3315.152    0.000   0.000   0.000   0.
  2017 352  1 24 12 494 352.058477940     -19.94     38.66    -13.39  0.       -1041.798      -1490.277      -3314.347    0.000   0.000   0.000   0.
  2017 352  1 24 13 494 352.058489514     -20.19     38.47    -14.13  0.       -1038.458      -1492.351      -3313.539    0.000   0.000   0.000   0.
  2017 352  1 24 14 494 352.058501088     -20.44     38.27    -14.90  0.       -1035.117      -1494.425      -3312.729    0.000   0.000   0.000   0.
  2017 352  1 24 15 493 352.058512662     -20.68     38.09    -15.73  0.       -1031.774      -1496.497      -3311.916    0.000   0.000   0.000   0.
  2017 352  1 24 16 493 352.058524236     -20.89     37.91    -16.59  0.       -1028.431      -1498.568      -3311.101    0.000   0.000   0.000   0.
  2017 352  1 24 17 493 352.058535810     -21.16     37.67    -17.49  0.       -1025.088      -1500.638      -3310.283    0.000   0.000   0.000   0.
  2017 352  1 24 18 493 352.058547384     -21.41     37.46    -18.40  0.       -1021.743      -1502.706      -3309.462    0.000   0.000   0.000   0.
  2017 352  1 24 19 493 352.058558958     -21.62     37.29    -19.36  0.       -1018.398      -1504.774      -3308.639    0.000   0.000   0.000   0.
  2017 352  1 24 20 494 352.058570532     -21.79     37.11    -20.25  0.       -1015.051      -1506.840      -3307.813    0.000   0.000   0.000   0.
  2017 352  1 24 21 494 352.058582106     -21.98     36.88    -21.19  0.       -1011.704      -1508.905      -3306.985    0.000   0.000   0.000   0.
  2017 352  1 24 22 493 352.058593681     -22.19     36.60    -22.13  0.       -1008.356      -1510.969      -3306.154    0.000   0.000   0.000   0.
  2017 352  1 24 23 493 352.058605255     -22.42     36.27    -23.02  0.       -1005.008      -1513.032      -3305.320    0.000   0.000   0.000   0.
  2017 352  1 24 24 494 352.058616829     -22.69     35.91    -24.00  0.       -1001.658      -1515.093      -3304.483    0.000   0.000   0.000   0.
  2017 352  1 24 25 494 352.058628403     -22.84     35.54    -24.92  0.        -998.308      -1517.153      -3303.644    0.000   0.000   0.000   0.
  2017 352  1 24 26 494 352.058639977     -22.96     35.17    -25.91  0.        -994.957      -1519.212      -3302.803    0.000   0.000   0.000   0.
  2017 352  1 24 27 494 352.058651551     -23.09     34.71    -26.91  0.        -991.605      -1521.270      -3301.958    0.000   0.000   0.000   0.
  2017 352  1 24 28 494 352.058663125     -23.22     34.24    -27.90  0.        -988.252      -1523.327      -3301.111    0.000   0.000   0.000   0.
  2017 352  1 24 29 493 352.058674699     -23.33     33.77    -28.90  0.        -984.899      -1525.382      -3300.262    0.000   0.000   0.000   0.
  2017 352  1 24 30 493 352.058686273     -23.35     33.32    -29.88  0.        -981.545      -1527.437      -3299.410    0.000   0.000   0.000   0.
  2017 352  1 24 31 493 352.058697847     -23.39     32.80    -30.83  0.        -978.190      -1529.490      -3298.555    0.000   0.000   0.000   0.
  2017 352  1 24 32 493 352.058709419     -23.40     32.24    -31.82  0.        -974.834      -1531.541      -3297.697    0.000   0.000   0.000   0.
  2017 352  1 24 33 493 352.058720992     -23.45     31.65    -32.85  0.        -971.477      -1533.592      -3296.837    0.000   0.000   0.000   0.
  2017 352  1 24 34 493 352.058732567     -23.46     31.07    -33.80  0.        -968.120      -1535.641      -3295.974    0.000   0.000   0.000   0.
  2017 352  1 24 35 493 352.058744141     -23.61     30.37    -34.76  0.        -964.762      -1537.689      -3295.109    0.000   0.000   0.000   0.
  2017 352  1 24 36 493 352.058755715     -23.70     29.78    -35.74  0.        -961.403      -1539.736      -3294.241    0.000   0.000   0.000   0.
  2017 352  1 24 37 493 352.058767289     -23.79     29.21    -36.67  0.        -958.043      -1541.782      -3293.370    0.000   0.000   0.000   0.
  2017 352  1 24 38 493 352.058778863     -23.75     28.71    -37.67  0.        -954.683      -1543.826      -3292.497    0.000   0.000   0.000   0.
  2017 352  1 24 39 493 352.058790437     -23.67     28.26    -38.68  0.        -951.322      -1545.870      -3291.620    0.000   0.000   0.000   0.
  2017 352  1 24 40 493 352.058802011     -23.47     27.87    -39.58  0.        -947.960      -1547.912      -3290.742    0.000   0.000   0.000   0.
  2017 352  1 24 41 493 352.058813585     -23.21     27.47    -40.49  0.        -944.597      -1549.952      -3289.861    0.000   0.000   0.000   0.
  2017 352  1 24 42 493 352.058825159     -22.91     26.99    -41.36  0.        -941.233      -1551.992      -3288.976    0.000   0.000   0.000   0.
  2017 352  1 24 43 493 352.058836733     -22.60     26.48    -42.25  0.        -937.869      -1554.030      -3288.090    0.000   0.000   0.000   0.
  2017 352  1 24 44 493 352.058848307     -22.41     25.86    -43.11  0.        -934.504      -1556.067      -3287.201    0.000   0.000   0.000   0.
  2017 352  1 24 45 493 352.058859881     -22.20     25.25    -43.96  0.        -931.138      -1558.103      -3286.309    0.000   0.000   0.000   0.
  2017 352  1 24 46 493 352.058871455     -21.96     24.52    -44.82  0.        -927.772      -1560.137      -3285.414    0.000   0.000   0.000   0.
  2017 352  1 24 47 493 352.058883029     -21.70     23.78    -45.59  0.        -924.404      -1562.171      -3284.517    0.000   0.000   0.000   0.
  2017 352  1 24 48 493 352.058894604     -21.39     22.96    -46.37  0.        -921.036      -1564.203      -3283.617    0.000   0.000   0.000   0.
  2017 352  1 24 49 493 352.058906178     -21.01     22.15    -47.16  0.        -917.667      -1566.233      -3282.714    0.000   0.000   0.000   0.
  2017 352  1 24 50 493 352.058917752     -20.61     21.36    -47.96  0.        -914.298      -1568.263      -3281.809    0.000   0.000   0.000   0.
  2017 352  1 24 51 493 352.058929326     -20.18     20.60    -48.73  0.        -910.928      -1570.291      -3280.901    0.000   0.000   0.000   0.
  2017 352  1 24 52 493 352.058940900     -19.72     19.81    -49.60  0.        -907.556      -1572.318      -3279.991    0.000   0.000   0.000   0.
  2017 352  1 24 53 493 352.058952474     -19.28     19.04    -50.46  0.        -904.185      -1574.344      -3279.078    0.000   0.000   0.000   0.
  2017 352  1 24 54 493 352.058964048     -18.80     18.35    -51.21  0.        -900.812      -1576.368      -3278.162    0.000   0.000   0.000   0.
  2017 352  1 24 55 493 352.058975622     -18.20     17.61    -51.90  0.        -897.439      -1578.391      -3277.243    0.000   0.000   0.000   0.
  2017 352  1 24 56 493 352.058987196     -17.52     16.86    -52.51  0.        -894.065      -1580.413      -3276.322    0.000   0.000   0.000   0.
  2017 352  1 24 57 493 352.058998770     -16.88     16.10    -53.15  0.        -890.690      -1582.434      -3275.398    0.000   0.000   0.000   0.
  2017 352  1 24 58 493 352.059010344     -16.24     15.43    -53.80  0.        -887.315      -1584.453      -3274.472    0.000   0.000   0.000   0.
  2017 352  1 24 59 493 352.059021918     -15.63     14.88    -54.44  0.        -883.939      -1586.471      -3273.543    0.000   0.000   0.000   0.
  2017 352  1 25  0 493 352.059033490     -14.98     14.33    -55.11  0.        -880.562      -1588.487      -3272.611    0.000   0.000   0.000   0.
  2017 352  1 25  1 493 352.059045064     -14.30     13.74    -55.75  0.        -877.184      -1590.503      -3271.676    0.000   0.000   0.000   0.
  2017 352  1 25  2 493 352.059056638     -13.55     13.04    -56.33  0.        -873.806      -1592.517      -3270.739    0.000   0.000   0.000   0.
  2017 352  1 25  3 493 352.059068212     -12.69     12.08    -56.90  0.        -870.427      -1594.530      -3269.799    0.000   0.000   0.000   0.
  2017 352  1 25  4 493 352.059079786     -11.80     11.08    -57.33  0.        -867.047      -1596.542      -3268.857    0.000   0.000   0.000   0.
  2017 352  1 25  5 493 352.059091360     -10.93     10.13    -57.76  0.        -863.667      -1598.552      -3267.912    0.000   0.000   0.000   0.
  2017 352  1 25  6 493 352.059102934     -10.18      9.26    -58.19  0.        -860.285      -1600.561      -3266.964    0.000   0.000   0.000   0.
  2017 352  1 25  7 493 352.059114508      -9.59      8.49    -58.58  0.        -856.904      -1602.569      -3266.013    0.000   0.000   0.000   0.
  2017 352  1 25  8 493 352.059126082      -9.05      7.72    -58.99  0.        -853.521      -1604.575      -3265.060    0.000   0.000   0.000   0.
  2017 352  1 25  9 493 352.059137656      -8.41      7.02    -59.27  0.        -850.138      -1606.580      -3264.104    0.000   0.000   0.000   0.
  2017 352  1 25 10 493 352.059149230      -7.54      6.17    -59.52  0.        -846.754      -1608.584      -3263.146    0.000   0.000   0.000   0.
  2017 352  1 25 11 493 352.059160804      -6.59      5.17    -59.68  0.        -843.369      -1610.586      -3262.184    0.000   0.000   0.000   0.
  2017 352  1 25 12 493 352.059172379      -5.76      4.22    -59.88  0.        -839.984      -1612.587      -3261.220    0.000   0.000   0.000   0.
  2017 352  1 25 13 493 352.059183952      -5.05      3.39    -60.08  0.        -836.598      -1614.587      -3260.254    0.000   0.000   0.000   0.
  2017 352  1 25 14 493 352.059195527      -4.22      2.48    -60.29  0.        -833.211      -1616.586      -3259.285    0.000   0.000   0.000   0.
  2017 352  1 25 15 493 352.059207101      -3.27      1.61    -60.25  0.        -829.824      -1618.583      -3258.313    0.000   0.000   0.000   0.
  2017 352  1 25 16 493 352.059218675      -2.31      0.90    -60.30  0.        -826.436      -1620.579      -3257.338    0.000   0.000   0.000   0.
  2017 352  1 25 17 493 352.059230249      -1.49      0.18    -60.39  0.        -823.047      -1622.573      -3256.361    0.000   0.000   0.000   0.
  2017 352  1 25 18 493 352.059241823      -0.76     -0.66    -60.44  0.        -819.657      -1624.566      -3255.381    0.000   0.000   0.000   0.
  2017 352  1 25 19 493 352.059253397       0.00     -1.55    -60.41  0.        -816.267      -1626.558      -3254.398    0.000   0.000   0.000   0.
  2017 352  1 25 20 493 352.059264971       0.84     -2.53    -60.16  0.        -812.876      -1628.549      -3253.413    0.000   0.000   0.000   0.
  2017 352  1 25 21 493 352.059276545       1.87     -3.48    -59.84  0.        -809.485      -1630.538      -3252.425    0.000   0.000   0.000   0.
  2017 352  1 25 22 493 352.059288119       2.98     -4.34    -59.66  0.        -806.093      -1632.526      -3251.434    0.000   0.000   0.000   0.
  2017 352  1 25 23 493 352.059299693       4.18     -5.09    -59.39  0.        -802.700      -1634.512      -3250.441    0.000   0.000   0.000   0.
  2017 352  1 25 24 493 352.059311267       5.29     -5.73    -59.17  0.        -799.306      -1636.498      -3249.444    0.000   0.000   0.000   0.
  2017 352  1 25 25 493 352.059322841       6.40     -6.42    -58.71  0.        -795.912      -1638.481      -3248.446    0.000   0.000   0.000   0.
  2017 352  1 25 26 493 352.059334415       7.40     -7.21    -58.30  0.        -792.517      -1640.464      -3247.444    0.000   0.000   0.000   0.
  2017 352  1 25 27 493 352.059345990       8.27     -8.03    -57.91  0.        -789.122      -1642.445      -3246.440    0.000   0.000   0.000   0.
  2017 352  1 25 28 493 352.059357564       9.07     -8.91    -57.33  0.        -785.726      -1644.425      -3245.433    0.000   0.000   0.000   0.
  2017 352  1 25 29 493 352.059369138       9.94     -9.60    -56.65  0.        -782.329      -1646.403      -3244.424    0.000   0.000   0.000   0.
  2017 352  1 25 30 493 352.059380712      10.90    -10.04    -55.96  0.        -778.931      -1648.380      -3243.412    0.000   0.000   0.000   0.
  2017 352  1 25 31 493 352.059392286      11.81    -10.33    -55.48  0.        -775.533      -1650.356      -3242.397    0.000   0.000   0.000   0.
  2017 352  1 25 32 493 352.059403858      12.61    -11.21    -54.70  0.        -772.135      -1652.330      -3241.379    0.000   0.000   0.000   0.
  2017 352  1 25 33 493 352.059415431      13.60    -12.28    -53.73  0.        -768.735      -1654.303      -3240.359    0.000   0.000   0.000   0.
  2017 352  1 25 34 493 352.059427005      14.60    -13.09    -52.82  0.        -765.335      -1656.275      -3239.336    0.000   0.000   0.000   0.
  2017 352  1 25 35 493 352.059438579      15.10    -14.04    -52.08  0.        -761.934      -1658.245      -3238.310    0.000   0.000   0.000   0.
  2017 352  1 25 36 493 352.059450153      15.53    -14.80    -51.47  0.        -758.533      -1660.214      -3237.282    0.000   0.000   0.000   0.
  2017 352  1 25 37 493 352.059461727      16.17    -15.47    -50.61  0.        -755.131      -1662.181      -3236.251    0.000   0.000   0.000   0.
  2017 352  1 25 38 493 352.059473302      16.51    -16.26    -49.85  0.        -751.729      -1664.147      -3235.217    0.000   0.000   0.000   0.
  2017 352  1 25 39 493 352.059484876      16.86    -16.94    -48.90  0.        -748.325      -1666.112      -3234.180    0.000   0.000   0.000   0.
  2017 352  1 25 40 493 352.059496450      17.28    -17.60    -48.10  0.        -744.922      -1668.075      -3233.141    0.000   0.000   0.000   0.
  2017 352  1 25 41 493 352.059508024      17.86    -17.69    -47.28  0.        -741.517      -1670.037      -3232.099    0.000   0.000   0.000   0.
  2017 352  1 25 42 493 352.059519598      18.47    -17.87    -46.12  0.        -738.112      -1671.998      -3231.055    0.000   0.000   0.000   0.
  2017 352  1 25 43 493 352.059531172      19.26    -18.18    -45.13  0.        -734.706      -1673.957      -3230.007    0.000   0.000   0.000   0.
  2017 352  1 25 44 493 352.059542746      19.92    -18.39    -43.96  0.        -731.300      -1675.915      -3228.957    0.000   0.000   0.000   0.
  2017 352  1 25 45 493 352.059554320      20.46    -18.42    -43.00  0.        -727.893      -1677.871      -3227.905    0.000   0.000   0.000   0.
  2017 352  1 25 46 493 352.059565894      21.07    -18.63    -42.04  0.        -724.485      -1679.826      -3226.849    0.000   0.000   0.000   0.
  2017 352  1 25 47 493 352.059577468      21.73    -18.97    -41.08  0.        -721.077      -1681.780      -3225.791    0.000   0.000   0.000   0.
  2017 352  1 25 48 493 352.059589042      22.39    -19.39    -40.12  0.        -717.669      -1683.732      -3224.731    0.000   0.000   0.000   0.
  2017 352  1 25 49 493 352.059600616      22.82    -19.57    -39.03  0.        -714.259      -1685.683      -3223.667    0.000   0.000   0.000   0.
  2017 352  1 25 50 493 352.059612190      23.13    -19.47    -38.04  0.        -710.849      -1687.632      -3222.601    0.000   0.000   0.000   0.
  2017 352  1 25 51 493 352.059623764      23.41    -19.28    -37.06  0.        -707.439      -1689.580      -3221.532    0.000   0.000   0.000   0.
  2017 352  1 25 52 493 352.059635339      23.71    -18.99    -35.87  0.        -704.028      -1691.527      -3220.460    0.000   0.000   0.000   0.
  2017 352  1 25 53 493 352.059646913      24.02    -18.68    -34.68  0.        -700.616      -1693.472      -3219.386    0.000   0.000   0.000   0.
  2017 352  1 25 54 493 352.059658487      24.68    -18.39    -33.73  0.        -697.204      -1695.416      -3218.309    0.000   0.000   0.000   0.
  2017 352  1 25 55 493 352.059670061      25.26    -18.19    -32.76  0.        -693.791      -1697.358      -3217.229    0.000   0.000   0.000   0.
  2017 352  1 25 56 493 352.059681635      25.55    -18.00    -31.61  0.        -690.377      -1699.299      -3216.147    0.000   0.000   0.000   0.
  2017 352  1 25 57 493 352.059693209      25.87    -17.84    -30.45  0.        -686.963      -1701.238      -3215.062    0.000   0.000   0.000   0.
  2017 352  1 25 58 493 352.059704783      25.87    -17.78    -29.35  0.        -683.548      -1703.177      -3213.974    0.000   0.000   0.000   0.
  2017 352  1 25 59 493 352.059716357      25.88    -17.22    -28.60  0.        -680.133      -1705.113      -3212.883    0.000   0.000   0.000   0.
  2017 352  1 26  0 492 352.059727929      26.54    -15.11    -28.12  0.        -676.717      -1707.048      -3211.790    0.000   0.000   0.000   0.
  2017 352  1 26  1 492 352.059739502      27.37    -12.33    -27.15  0.        -673.301      -1708.982      -3210.694    0.000   0.000   0.000   0.
  2017 352  1 26  2 493 352.059751076      28.37    -10.70    -26.41  0.        -669.884      -1710.914      -3209.595    0.000   0.000   0.000   0.
  2017 352  1 26  3 493 352.059762650      29.21     -9.11    -25.54  0.        -666.466      -1712.845      -3208.494    0.000   0.000   0.000   0.
  2017 352  1 26  4 492 352.059774225      29.35     -7.73    -24.15  0.        -663.048      -1714.775      -3207.390    0.000   0.000   0.000   0.
  2017 352  1 26  5 492 352.059785799      29.38     -6.32    -22.94  0.        -659.630      -1716.703      -3206.283    0.000   0.000   0.000   0.
  2017 352  1 26  6 493 352.059797373      29.47     -5.06    -22.01  0.        -656.210      -1718.629      -3205.173    0.000   0.000   0.000   0.
  2017 352  1 26  7 493 352.059808947      29.70     -4.31    -21.23  0.        -652.790      -1720.554      -3204.061    0.000   0.000   0.000   0.
  2017 352  1 26  8 493 352.059820521      29.78     -3.63    -20.51  0.        -649.370      -1722.478      -3202.946    0.000   0.000   0.000   0.
  2017 352  1 26  9 493 352.059832095      29.71     -2.85    -19.80  0.        -645.949      -1724.400      -3201.828    0.000   0.000   0.000   0.
  2017 352  1 26 10 493 352.059843669      29.45     -2.21    -18.91  0.        -642.528      -1726.321      -3200.708    0.000   0.000   0.000   0.
  2017 352  1 26 11 492 352.059855243      29.31     -1.88    -18.18  0.        -639.106      -1728.240      -3199.585    0.000   0.000   0.000   0.
  2017 352  1 26 12 492 352.059866817      29.15     -1.64    -17.48  0.        -635.683      -1730.158      -3198.459    0.000   0.000   0.000   0.
  2017 352  1 26 13 492 352.059878391      28.86     -1.37    -16.84  0.        -632.260      -1732.074      -3197.330    0.000   0.000   0.000   0.
  2017 352  1 26 14 492 352.059889965      28.70     -1.11    -16.25  0.        -628.836      -1733.989      -3196.199    0.000   0.000   0.000   0.
  2017 352  1 26 15 493 352.059901539      28.51     -0.84    -15.56  0.        -625.412      -1735.903      -3195.065    0.000   0.000   0.000   0.
  2017 352  1 26 16 493 352.059913113      28.29     -0.75    -14.86  0.        -621.987      -1737.815      -3193.928    0.000   0.000   0.000   0.
  2017 352  1 26 17 493 352.059924687      28.01     -0.70    -14.32  0.        -618.562      -1739.725      -3192.789    0.000   0.000   0.000   0.
  2017 352  1 26 18 492 352.059936262      27.70     -0.48    -13.98  0.        -615.136      -1741.634      -3191.647    0.000   0.000   0.000   0.
  2017 352  1 26 19 493 352.059947836      27.36     -0.09    -13.80  0.        -611.710      -1743.542      -3190.502    0.000   0.000   0.000   0.
  2017 352  1 26 20 493 352.059959410      26.87      0.23    -13.52  0.        -608.283      -1745.448      -3189.354    0.000   0.000   0.000   0.
  2017 352  1 26 21 493 352.059970984      26.23      0.62    -13.13  0.        -604.856      -1747.352      -3188.204    0.000   0.000   0.000   0.
  2017 352  1 26 22 493 352.059982558      25.56      0.85    -12.70  0.        -601.428      -1749.255      -3187.051    0.000   0.000   0.000   0.
  2017 352  1 26 23 493 352.059994132      25.03      1.19    -12.45  0.        -598.000      -1751.157      -3185.895    0.000   0.000   0.000   0.
  2017 352  1 26 24 492 352.060005706      24.53      1.57    -12.18  0.        -594.571      -1753.057      -3184.736    0.000   0.000   0.000   0.
  2017 352  1 26 25 492 352.060017280      23.89      1.93    -11.80  0.        -591.141      -1754.956      -3183.575    0.000   0.000   0.000   0.
  2017 352  1 26 26 492 352.060028854      23.24      2.23    -11.39  0.        -587.711      -1756.853      -3182.411    0.000   0.000   0.000   0.
  2017 352  1 26 27 492 352.060040428      22.52      2.39    -10.95  0.        -584.281      -1758.749      -3181.244    0.000   0.000   0.000   0.
  2017 352  1 26 28 492 352.060052002      21.77      2.54    -10.57  0.        -580.850      -1760.643      -3180.075    0.000   0.000   0.000   0.
  2017 352  1 26 29 493 352.060063576      21.15      2.70    -10.26  0.        -577.419      -1762.535      -3178.903    0.000   0.000   0.000   0.
  2017 352  1 26 30 493 352.060075149      20.51      2.78     -9.91  0.        -573.987      -1764.427      -3177.728    0.000   0.000   0.000   0.
  2017 352  1 26 31 492 352.060086722      19.90      2.84     -9.66  0.        -570.554      -1766.316      -3176.551    0.000   0.000   0.000   0.
  2017 352  1 26 32 492 352.060098296      19.27      2.89     -9.33  0.        -567.121      -1768.204      -3175.370    0.000   0.000   0.000   0.
  2017 352  1 26 33 492 352.060109870      18.72      2.83     -9.07  0.        -563.688      -1770.091      -3174.187    0.000   0.000   0.000   0.
  2017 352  1 26 34 492 352.060121444      18.17      2.71     -8.95  0.        -560.254      -1771.976      -3173.001    0.000   0.000   0.000   0.
  2017 352  1 26 35 492 352.060133018      17.53      2.56     -8.84  0.        -556.820      -1773.860      -3171.813    0.000   0.000   0.000   0.
  2017 352  1 26 36 492 352.060144592      16.85      2.37     -8.87  0.        -553.385      -1775.742      -3170.622    0.000   0.000   0.000   0.
  2017 352  1 26 37 492 352.060156166      16.18      2.33     -8.90  0.        -549.949      -1777.622      -3169.428    0.000   0.000   0.000   0.
  2017 352  1 26 38 492 352.060167740      15.60      2.27     -8.88  0.        -546.513      -1779.501      -3168.231    0.000   0.000   0.000   0.
  2017 352  1 26 39 492 352.060179314      15.00      2.21     -8.78  0.        -543.077      -1781.379      -3167.031    0.000   0.000   0.000   0.
  2017 352  1 26 40 492 352.060190888      14.53      2.03     -8.99  0.        -539.640      -1783.255      -3165.829    0.000   0.000   0.000   0.
  2017 352  1 26 41 492 352.060202462      13.73      1.95     -9.25  0.        -536.203      -1785.129      -3164.624    0.000   0.000   0.000   0.
  2017 352  1 26 42 492 352.060214036      13.00      1.90     -9.46  0.        -532.765      -1787.002      -3163.417    0.000   0.000   0.000   0.
  2017 352  1 26 43 492 352.060225611      12.57      1.79     -9.65  0.        -529.327      -1788.873      -3162.206    0.000   0.000   0.000   0.
  2017 352  1 26 44 492 352.060237185      12.13      1.60    -10.01  0.        -525.889      -1790.743      -3160.993    0.000   0.000   0.000   0.
  2017 352  1 26 45 492 352.060248759      11.49      1.30    -10.44  0.        -522.449      -1792.611      -3159.778    0.000   0.000   0.000   0.
  2017 352  1 26 46 492 352.060260333      10.60      0.91    -10.82  0.        -519.010      -1794.478      -3158.559    0.000   0.000   0.000   0.
  2017 352  1 26 47 492 352.060271907       9.58      0.44    -11.14  0.        -515.570      -1796.343      -3157.338    0.000   0.000   0.000   0.
  2017 352  1 26 48 492 352.060283481       8.61      0.02    -11.32  0.        -512.129      -1798.207      -3156.114    0.000   0.000   0.000   0.
  2017 352  1 26 49 492 352.060295055       8.24     -0.36    -11.41  0.        -508.689      -1800.069      -3154.887    0.000   0.000   0.000   0.
  2017 352  1 26 50 492 352.060306629       7.91     -0.77    -11.26  0.        -505.247      -1801.930      -3153.657    0.000   0.000   0.000   0.
  2017 352  1 26 51 492 352.060318203       7.17     -1.36    -11.12  0.        -501.805      -1803.789      -3152.425    0.000   0.000   0.000   0.
  2017 352  1 26 52 492 352.060329777       6.71     -1.72    -11.01  0.        -498.363      -1805.646      -3151.190    0.000   0.000   0.000   0.
  2017 352  1 26 53 492 352.060341351       6.47     -2.06    -11.03  0.        -494.921      -1807.502      -3149.952    0.000   0.000   0.000   0.
  2017 352  1 26 54 492 352.060352925       6.30     -2.38    -10.98  0.        -491.477      -1809.356      -3148.712    0.000   0.000   0.000   0.
  2017 352  1 26 55 492 352.060364499       5.82     -2.27    -10.98  0.        -488.034      -1811.209      -3147.469    0.000   0.000   0.000   0.
  2017 352  1 26 56 492 352.060376073       5.13     -1.61    -11.23  0.        -484.590      -1813.060      -3146.222    0.000   0.000   0.000   0.
  2017 352  1 26 57 492 352.060387648       4.36     -1.07    -11.53  0.        -481.146      -1814.910      -3144.974    0.000   0.000   0.000   0.
  2017 352  1 26 58 492 352.060399222       3.65     -0.91    -11.71  0.        -477.701      -1816.758      -3143.723    0.000   0.000   0.000   0.
  2017 352  1 26 59 492 352.060410796       3.08     -0.79    -11.90  0.        -474.256      -1818.604      -3142.468    0.000   0.000   0.000   0.
  2017 352  1 27  0 492 352.060422368       2.54     -0.79    -11.97  0.        -470.810      -1820.449      -3141.212    0.000   0.000   0.000   0.
  2017 352  1 27  1 492 352.060433941       2.00     -0.94    -12.02  0.        -467.364      -1822.293      -3139.952    0.000   0.000   0.000   0.
  2017 352  1 27  2 492 352.060445515       1.47     -1.12    -12.26  0.        -463.917      -1824.134      -3138.690    0.000   0.000   0.000   0.
  2017 352  1 27  3 492 352.060457089       1.12     -1.44    -12.54  0.        -460.470      -1825.974      -3137.425    0.000   0.000   0.000   0.
  2017 352  1 27  4 492 352.060468663       0.81     -1.85    -12.62  0.        -457.023      -1827.813      -3136.157    0.000   0.000   0.000   0.
  2017 352  1 27  5 492 352.060480237       0.44     -2.29    -12.76  0.        -453.575      -1829.650      -3134.886    0.000   0.000   0.000   0.
  2017 352  1 27  6 492 352.060491811       0.09     -2.60    -12.93  0.        -450.127      -1831.485      -3133.613    0.000   0.000   0.000   0.
  2017 352  1 27  7 492 352.060503385      -0.28     -2.81    -13.04  0.        -446.679      -1833.319      -3132.337    0.000   0.000   0.000   0.
  2017 352  1 27  8 492 352.060514959      -0.78     -2.95    -13.16  0.        -443.230      -1835.151      -3131.058    0.000   0.000   0.000   0.
  2017 352  1 27  9 492 352.060526534      -1.37     -3.05    -13.34  0.        -439.781      -1836.982      -3129.776    0.000   0.000   0.000   0.
  2017 352  1 27 10 492 352.060538108      -1.92     -3.30    -13.65  0.        -436.331      -1838.811      -3128.492    0.000   0.000   0.000   0.
  2017 352  1 27 11 492 352.060549682      -2.37     -3.55    -13.81  0.        -432.881      -1840.638      -3127.205    0.000   0.000   0.000   0.
  2017 352  1 27 12 492 352.060561256      -2.82     -3.78    -13.91  0.        -429.431      -1842.464      -3125.915    0.000   0.000   0.000   0.
  2017 352  1 27 13 492 352.060572830      -3.28     -3.91    -14.00  0.        -425.980      -1844.288      -3124.623    0.000   0.000   0.000   0.
  2017 352  1 27 14 492 352.060584404      -3.75     -3.92    -14.15  0.        -422.529      -1846.111      -3123.328    0.000   0.000   0.000   0.
  2017 352  1 27 15 492 352.060595978      -4.22     -3.93    -14.42  0.        -419.077      -1847.932      -3122.030    0.000   0.000   0.000   0.
  2017 352  1 27 16 492 352.060607552      -4.65     -4.08    -14.74  0.        -415.625      -1849.751      -3120.729    0.000   0.000   0.000   0.
  2017 352  1 27 17 492 352.060619126      -5.11     -4.28    -15.19  0.        -412.173      -1851.569      -3119.425    0.000   0.000   0.000   0.
  2017 352  1 27 18 492 352.060630700      -5.56     -4.64    -15.59  0.        -408.720      -1853.385      -3118.119    0.000   0.000   0.000   0.
  2017 352  1 27 19 492 352.060642274      -6.00     -5.03    -16.03  0.        -405.267      -1855.200      -3116.810    0.000   0.000   0.000   0.
  2017 352  1 27 20 492 352.060653848      -6.49     -5.42    -16.50  0.        -401.814      -1857.012      -3115.498    0.000   0.000   0.000   0.
  2017 352  1 27 21 492 352.060665422      -6.86     -5.84    -16.93  0.        -398.360      -1858.824      -3114.184    0.000   0.000   0.000   0.
  2017 352  1 27 22 492 352.060676997      -7.23     -6.39    -17.39  0.        -394.906      -1860.633      -3112.867    0.000   0.000   0.000   0.
  2017 352  1 27 23 492 352.060688571      -7.84     -6.66    -17.65  0.        -391.452      -1862.441      -3111.547    0.000   0.000   0.000   0.
  2017 352  1 27 24 492 352.060700145      -8.67     -6.90    -17.89  0.        -387.997      -1864.248      -3110.224    0.000   0.000   0.000   0.
  2017 352  1 27 25 492 352.060711719      -9.51     -7.19    -18.32  0.        -384.542      -1866.052      -3108.899    0.000   0.000   0.000   0.
  2017 352  1 27 26 492 352.060723293     -10.21     -7.50    -18.72  0.        -381.086      -1867.855      -3107.571    0.000   0.000   0.000   0.
  2017 352  1 27 27 492 352.060734867     -10.92     -7.71    -18.87  0.        -377.630      -1869.657      -3106.240    0.000   0.000   0.000   0.
  2017 352  1 27 28 492 352.060746441     -11.59     -7.98    -19.34  0.        -374.174      -1871.457      -3104.906    0.000   0.000   0.000   0.
  2017 352  1 27 29 492 352.060758015     -12.19     -8.22    -19.91  0.        -370.718      -1873.255      -3103.570    0.000   0.000   0.000   0.
  2017 352  1 27 30 492 352.060769587     -13.01     -8.69    -20.50  0.        -367.261      -1875.051      -3102.231    0.000   0.000   0.000   0.
  2017 352  1 27 31 492 352.060781160     -13.50     -9.06    -20.90  0.        -363.804      -1876.846      -3100.889    0.000   0.000   0.000   0.
  2017 352  1 27 32 492 352.060792734     -14.24     -9.34    -21.43  0.        -360.346      -1878.639      -3099.544    0.000   0.000   0.000   0.
  2017 352  1 27 33 492 352.060804308     -15.12     -9.68    -22.18  0.        -356.888      -1880.431      -3098.197    0.000   0.000   0.000   0.
  2017 352  1 27 34 492 352.060815883     -15.72    -10.03    -23.15  0.        -353.430      -1882.221      -3096.847    0.000   0.000   0.000   0.
  2017 352  1 27 35 492 352.060827457     -16.40    -10.42    -23.93  0.        -349.972      -1884.009      -3095.494    0.000   0.000   0.000   0.
  2017 352  1 27 36 492 352.060839031     -17.07    -10.84    -24.74  0.        -346.513      -1885.796      -3094.138    0.000   0.000   0.000   0.
  2017 352  1 27 37 492 352.060850605     -17.53    -11.28    -25.43  0.        -343.054      -1887.580      -3092.780    0.000   0.000   0.000   0.
  2017 352  1 27 38 492 352.060862179     -17.96    -11.68    -26.04  0.        -339.594      -1889.364      -3091.419    0.000   0.000   0.000   0.
  2017 352  1 27 39 492 352.060873753     -18.42    -12.11    -26.73  0.        -336.135      -1891.145      -3090.055    0.000   0.000   0.000   0.
  2017 352  1 27 40 492 352.060885327     -18.81    -12.51    -27.38  0.        -332.675      -1892.925      -3088.688    0.000   0.000   0.000   0.
  2017 352  1 27 41 492 352.060896901     -19.08    -12.98    -28.04  0.        -329.214      -1894.703      -3087.319    0.000   0.000   0.000   0.
  2017 352  1 27 42 492 352.060908475     -19.27    -13.51    -28.67  0.        -325.754      -1896.480      -3085.947    0.000   0.000   0.000   0.
  2017 352  1 27 43 492 352.060920049     -19.64    -14.15    -29.51  0.        -322.293      -1898.255      -3084.572    0.000   0.000   0.000   0.
  2017 352  1 27 44 492 352.060931623     -20.06    -14.72    -30.37  0.        -318.832      -1900.028      -3083.194    0.000   0.000   0.000   0.
  2017 352  1 27 45 492 352.060943197     -20.56    -15.16    -31.28  0.        -315.370      -1901.799      -3081.814    0.000   0.000   0.000   0.
  2017 352  1 27 46 492 352.060954771     -20.92    -15.68    -32.11  0.        -311.909      -1903.569      -3080.431    0.000   0.000   0.000   0.
  2017 352  1 27 47 492 352.060966346     -21.28    -16.18    -32.79  0.        -308.446      -1905.337      -3079.045    0.000   0.000   0.000   0.
  2017 352  1 27 48 492 352.060977920     -21.51    -16.55    -33.43  0.        -304.984      -1907.104      -3077.656    0.000   0.000   0.000   0.
  2017 352  1 27 49 492 352.060989494     -21.72    -17.13    -34.19  0.        -301.522      -1908.869      -3076.265    0.000   0.000   0.000   0.
  2017 352  1 27 50 492 352.061001068     -21.80    -17.73    -35.03  0.        -298.059      -1910.632      -3074.871    0.000   0.000   0.000   0.
  2017 352  1 27 51 492 352.061012642     -21.78    -18.43    -35.88  0.        -294.596      -1912.393      -3073.474    0.000   0.000   0.000   0.
  2017 352  1 27 52 492 352.061024216     -21.70    -19.15    -36.60  0.        -291.132      -1914.153      -3072.075    0.000   0.000   0.000   0.
  2017 352  1 27 53 492 352.061035790     -21.59    -19.73    -37.16  0.        -287.668      -1915.911      -3070.672    0.000   0.000   0.000   0.
  2017 352  1 27 54 492 352.061047364     -21.50    -20.43    -37.71  0.        -284.205      -1917.667      -3069.267    0.000   0.000   0.000   0.
  2017 352  1 27 55 492 352.061058938     -21.57    -21.23    -38.43  0.        -280.740      -1919.421      -3067.860    0.000   0.000   0.000   0.
  2017 352  1 27 56 492 352.061070512     -21.58    -22.19    -39.29  0.        -277.276      -1921.174      -3066.449    0.000   0.000   0.000   0.
  2017 352  1 27 57 492 352.061082086     -21.40    -23.10    -40.06  0.        -273.811      -1922.925      -3065.036    0.000   0.000   0.000   0.
  2017 352  1 27 58 492 352.061093658     -21.17    -24.00    -40.73  0.        -270.346      -1924.675      -3063.620    0.000   0.000   0.000   0.
  2017 352  1 27 59 492 352.061105231     -20.86    -24.78    -41.16  0.        -266.881      -1926.422      -3062.201    0.000   0.000   0.000   0.
  2017 352  1 28  0 491 352.061116806     -20.47    -25.43    -41.49  0.        -263.416      -1928.168      -3060.779    0.000   0.000   0.000   0.
  2017 352  1 28  1 491 352.061128380     -20.11    -26.07    -41.86  0.        -259.950      -1929.913      -3059.355    0.000   0.000   0.000   0.
  2017 352  1 28  2 492 352.061139954     -19.74    -26.81    -42.26  0.        -256.484      -1931.655      -3057.928    0.000   0.000   0.000   0.
  2017 352  1 28  3 492 352.061151528     -19.28    -27.65    -42.71  0.        -253.018      -1933.396      -3056.498    0.000   0.000   0.000   0.
  2017 352  1 28  4 492 352.061163102     -18.68    -28.51    -43.15  0.        -249.551      -1935.135      -3055.066    0.000   0.000   0.000   0.
  2017 352  1 28  5 492 352.061174676     -17.96    -29.42    -43.55  0.        -246.085      -1936.872      -3053.630    0.000   0.000   0.000   0.
  2017 352  1 28  6 491 352.061186250     -17.30    -30.43    -43.97  0.        -242.618      -1938.608      -3052.192    0.000   0.000   0.000   0.
  2017 352  1 28  7 491 352.061197824     -16.62    -31.32    -44.27  0.        -239.151      -1940.342      -3050.752    0.000   0.000   0.000   0.
  2017 352  1 28  8 491 352.061209398     -15.89    -32.32    -44.59  0.        -235.684      -1942.074      -3049.308    0.000   0.000   0.000   0.
  2017 352  1 28  9 491 352.061220972     -15.12    -33.18    -44.80  0.        -232.216      -1943.804      -3047.862    0.000   0.000   0.000   0.
  2017 352  1 28 10 491 352.061232546     -14.42    -34.06    -44.96  0.        -228.748      -1945.533      -3046.413    0.000   0.000   0.000   0.
  2017 352  1 28 11 492 352.061244120     -13.73    -34.89    -45.01  0.        -225.280      -1947.260      -3044.961    0.000   0.000   0.000   0.
  2017 352  1 28 12 492 352.061255694     -13.02    -35.53    -44.82  0.        -221.812      -1948.985      -3043.507    0.000   0.000   0.000   0.
  2017 352  1 28 13 491 352.061267269     -12.26    -36.14    -44.72  0.        -218.344      -1950.708      -3042.050    0.000   0.000   0.000   0.
  2017 352  1 28 14 491 352.061278843     -11.55    -36.77    -44.66  0.        -214.876      -1952.430      -3040.590    0.000   0.000   0.000   0.
  2017 352  1 28 15 492 352.061290417     -10.91    -37.37    -44.60  0.        -211.407      -1954.150      -3039.127    0.000   0.000   0.000   0.
  2017 352  1 28 16 492 352.061301991     -10.30    -37.88    -44.56  0.        -207.938      -1955.868      -3037.662    0.000   0.000   0.000   0.
  2017 352  1 28 17 492 352.061313565      -9.60    -38.29    -44.38  0.        -204.469      -1957.585      -3036.193    0.000   0.000   0.000   0.
  2017 352  1 28 18 492 352.061325139      -8.86    -38.65    -44.17  0.        -200.999      -1959.299      -3034.722    0.000   0.000   0.000   0.
  2017 352  1 28 19 492 352.061336713      -8.09    -38.98    -43.88  0.        -197.530      -1961.012      -3033.249    0.000   0.000   0.000   0.
  2017 352  1 28 20 491 352.061348287      -7.25    -39.31    -43.51  0.        -194.060      -1962.723      -3031.772    0.000   0.000   0.000   0.
  2017 352  1 28 21 491 352.061359861      -6.35    -39.67    -43.02  0.        -190.590      -1964.433      -3030.293    0.000   0.000   0.000   0.
  2017 352  1 28 22 491 352.061371435      -5.41    -40.01    -42.44  0.        -187.120      -1966.140      -3028.811    0.000   0.000   0.000   0.
  2017 352  1 28 23 491 352.061383009      -4.37    -40.38    -41.75  0.        -183.650      -1967.846      -3027.327    0.000   0.000   0.000   0.
  2017 352  1 28 24 491 352.061394583      -3.31    -40.76    -41.07  0.        -180.180      -1969.550      -3025.839    0.000   0.000   0.000   0.
  2017 352  1 28 25 492 352.061406157      -2.30    -40.99    -40.39  0.        -176.709      -1971.252      -3024.349    0.000   0.000   0.000   0.
  2017 352  1 28 26 492 352.061417732      -1.41    -41.00    -39.87  0.        -173.239      -1972.953      -3022.856    0.000   0.000   0.000   0.
  2017 352  1 28 27 491 352.061429306      -0.60    -41.00    -39.23  0.        -169.768      -1974.651      -3021.360    0.000   0.000   0.000   0.
  2017 352  1 28 28 491 352.061440878       0.08    -40.85    -38.52  0.        -166.297      -1976.348      -3019.862    0.000   0.000   0.000   0.
  2017 352  1 28 29 491 352.061452451       0.74    -40.68    -37.80  0.        -162.825      -1978.044      -3018.361    0.000   0.000   0.000   0.
  2017 352  1 28 30 491 352.061464025       1.35    -40.47    -37.07  0.        -159.354      -1979.737      -3016.857    0.000   0.000   0.000   0.
  2017 352  1 28 31 491 352.061475599       1.92    -40.28    -36.26  0.        -155.882      -1981.428      -3015.351    0.000   0.000   0.000   0.
  2017 352  1 28 32 491 352.061487173       2.54    -40.08    -35.41  0.        -152.411      -1983.118      -3013.841    0.000   0.000   0.000   0.
  2017 352  1 28 33 491 352.061498747       3.15    -39.96    -34.51  0.        -148.939      -1984.806      -3012.329    0.000   0.000   0.000   0.
  2017 352  1 28 34 491 352.061510321       3.68    -39.59    -33.62  0.        -145.467      -1986.492      -3010.814    0.000   0.000   0.000   0.
  2017 352  1 28 35 491 352.061521895       4.00    -38.94    -32.82  0.        -141.995      -1988.177      -3009.297    0.000   0.000   0.000   0.
  2017 352  1 28 36 491 352.061533469       4.44    -38.33    -31.95  0.        -138.523      -1989.859      -3007.776    0.000   0.000   0.000   0.
  2017 352  1 28 37 491 352.061545043       4.73    -37.63    -31.31  0.        -135.050      -1991.540      -3006.253    0.000   0.000   0.000   0.
  2017 352  1 28 38 491 352.061556617       4.86    -36.63    -30.51  0.        -131.578      -1993.219      -3004.728    0.000   0.000   0.000   0.
  2017 352  1 28 39 491 352.061568192       4.98    -35.91    -29.70  0.        -128.105      -1994.896      -3003.199    0.000   0.000   0.000   0.
  2017 352  1 28 40 491 352.061579766       4.91    -35.38    -28.78  0.        -124.633      -1996.571      -3001.668    0.000   0.000   0.000   0.
  2017 352  1 28 41 491 352.061591340       4.71    -34.74    -27.91  0.        -121.160      -1998.245      -3000.134    0.000   0.000   0.000   0.
  2017 352  1 28 42 491 352.061602914       4.51    -34.12    -27.12  0.        -117.687      -1999.917      -2998.597    0.000   0.000   0.000   0.
  2017 352  1 28 43 491 352.061614488       4.16    -33.58    -26.40  0.        -114.214      -2001.587      -2997.058    0.000   0.000   0.000   0.
  2017 352  1 28 44 491 352.061626062       4.14    -32.82    -25.76  0.        -110.741      -2003.255      -2995.515    0.000   0.000   0.000   0.
  2017 352  1 28 45 491 352.061637636       4.33    -32.13    -25.22  0.        -107.267      -2004.921      -2993.970    0.000   0.000   0.000   0.
  2017 352  1 28 46 491 352.061649210       4.34    -31.37    -24.21  0.        -103.794      -2006.585      -2992.423    0.000   0.000   0.000   0.
  2017 352  1 28 47 491 352.061660784       4.15    -30.70    -23.28  0.        -100.321      -2008.248      -2990.872    0.000   0.000   0.000   0.
  2017 352  1 28 48 491 352.061672358       3.89    -29.95    -22.50  0.         -96.847      -2009.909      -2989.319    0.000   0.000   0.001   0.
  2017 352  1 28 49 491 352.061683932       3.65    -29.18    -21.71  0.         -93.373      -2011.568      -2987.763    0.000   0.000   0.001   0.
  2017 352  1 28 50 491 352.061695506       3.45    -28.25    -21.22  0.         -89.900      -2013.225      -2986.205    0.000   0.000   0.001   0.
  2017 352  1 28 51 491 352.061707080       3.39    -27.50    -20.67  0.         -86.426      -2014.880      -2984.643    0.000   0.000   0.001   0.
  2017 352  1 28 52 491 352.061718655       3.09    -26.49    -20.20  0.         -82.952      -2016.534      -2983.079    0.000   0.000   0.001   0.
  2017 352  1 28 53 491 352.061730229       2.77    -25.47    -20.01  0.         -79.478      -2018.185      -2981.512    0.000   0.000   0.001   0.
  2017 352  1 28 54 491 352.061741803       2.41    -24.40    -19.96  0.         -76.004      -2019.835      -2979.943    0.000   0.000   0.001   0.
  2017 352  1 28 55 491 352.061753377       2.03    -23.35    -19.92  0.         -72.530      -2021.483      -2978.370    0.000   0.000   0.001   0.
  2017 352  1 28 56 491 352.061764951       1.91    -22.55    -19.79  0.         -69.055      -2023.129      -2976.795    0.000   0.000   0.001   0.
  2017 352  1 28 57 491 352.061776525       1.79    -21.47    -19.60  0.         -65.581      -2024.773      -2975.217    0.000   0.000   0.001   0.
  2017 352  1 28 58 491 352.061788099       1.70    -20.55    -19.32  0.         -62.107      -2026.416      -2973.637    0.000  -0.001   0.002   0.
  2017 352  1 28 59 491 352.061799673       1.50    -20.01    -19.09  0.         -58.632      -2028.056      -2972.054    0.000  -0.001   0.002   0.
  2017 352  1 29  0 491 352.061811245       1.25    -19.34    -18.97  0.         -55.158      -2029.695      -2970.468    0.000  -0.001   0.002   0.
  2017 352  1 29  1 491 352.061822818       0.89    -18.68    -18.80  0.         -51.683      -2031.332      -2968.879    0.000  -0.001   0.002   0.
  2017 352  1 29  2 491 352.061834392       0.52    -18.26    -18.56  0.         -48.209      -2032.966      -2967.288    0.000  -0.001   0.002   0.
  2017 352  1 29  3 491 352.061845966       0.08    -17.90    -18.34  0.         -44.734      -2034.599      -2965.693    0.000  -0.001   0.002   0.
  2017 352  1 29  4 491 352.061857540      -0.29    -17.77    -18.22  0.         -41.259      -2036.231      -2964.097    0.000  -0.001   0.002   0.
  2017 352  1 29  5 491 352.061869115      -0.36    -17.56    -18.04  0.         -37.785      -2037.860      -2962.497    0.000  -0.001   0.002   0.
  2017 352  1 29  6 491 352.061880689      -0.41    -17.42    -17.91  0.         -34.310      -2039.488      -2960.894    0.000  -0.001   0.002   0.
  2017 352  1 29  7 491 352.061892263      -0.12    -17.24    -17.95  0.         -30.835      -2041.113      -2959.289    0.000  -0.001   0.002   0.
  2017 352  1 29  8 491 352.061903837       0.10    -17.07    -17.85  0.         -27.360      -2042.737      -2957.682    0.000  -0.001   0.002   0.
  2017 352  1 29  9 491 352.061915411       0.37    -16.90    -17.95  0.         -23.885      -2044.359      -2956.071    0.000  -0.001   0.002   0.
  2017 352  1 29 10 491 352.061926985       0.49    -16.43    -17.68  0.         -20.410      -2045.979      -2954.458    0.000  -0.001   0.002   0.
  2017 352  1 29 11 491 352.061938559       0.62    -15.63    -17.31  0.         -16.935      -2047.597      -2952.842    0.000  -0.001   0.002   0.
  2017 352  1 29 12 491 352.061950133       0.73    -14.75    -17.16  0.         -13.460      -2049.213      -2951.223    0.000  -0.001   0.002   0.
  2017 352  1 29 13 491 352.061961707       0.90    -13.91    -16.95  0.          -9.985      -2050.828      -2949.602    0.000  -0.001   0.002   0.
  2017 352  1 29 14 491 352.061973281       1.03    -13.26    -17.02  0.          -6.510      -2052.440      -2947.977    0.000  -0.001   0.003   0.
  2017 352  1 29 15 491 352.061984855       1.00    -12.80    -17.49  0.          -3.035      -2054.051      -2946.350    0.000  -0.001   0.003   0.
  2017 352  1 29 16 491 352.061996429       1.02    -12.07    -18.21  0.           0.440      -2055.659      -2944.721    0.000  -0.001   0.003   0.
  2017 352  1 29 17 491 352.062008003       1.12    -11.05    -19.67  0.           3.914      -2057.266      -2943.088    0.000  -0.001   0.003   0.
  2017 352  1 29 18 491 352.062019578       1.38    -10.25    -20.27  0.           7.390      -2058.871      -2941.453    0.000  -0.001   0.003   0.
  2017 352  1 29 19 491 352.062031152       1.47     -8.97    -21.01  0.          10.865      -2060.474      -2939.816    0.000  -0.001   0.003   0.
  2017 352  1 29 20 491 352.062042726       1.01     -8.21    -21.43  0.          14.340      -2062.075      -2938.175    0.000  -0.001   0.004   0.
  2017 352  1 29 21 491 352.062054300       0.59     -8.00    -22.11  0.          17.815      -2063.674      -2936.532    0.000  -0.001   0.004   0.
  2017 352  1 29 22 491 352.062065874       0.45     -7.26    -23.37  0.          21.290      -2065.272      -2934.886    0.000  -0.001   0.004   0.
  2017 352  1 29 23 491 352.062077448       0.39     -6.27    -24.39  0.          24.765      -2066.867      -2933.237    0.000  -0.001   0.004   0.
  2017 352  1 29 24 491 352.062089022       0.18     -6.26    -25.41  0.          28.239      -2068.461      -2931.586    0.000  -0.001   0.004   0.
  2017 352  1 29 25 491 352.062100596      -0.18     -7.02    -25.75  0.          31.714      -2070.052      -2929.932    0.000  -0.001   0.004   0.
  2017 352  1 29 26 491 352.062112170      -0.61     -7.85    -27.25  0.          35.189      -2071.642      -2928.275    0.000  -0.001   0.004   0.
  2017 352  1 29 27 491 352.062123744      -0.71     -8.37    -28.42  0.          38.664      -2073.230      -2926.615    0.000  -0.001   0.004   0.
  2017 352  1 29 28 491 352.062135316      -0.94     -8.95    -29.36  0.          42.139      -2074.816      -2924.953    0.000  -0.002   0.005   0.
  2017 352  1 29 29 491 352.062146889      -1.27     -9.39    -30.16  0.          45.614      -2076.399      -2923.288    0.000  -0.002   0.005   0.
  2017 352  1 29 30 491 352.062158464      -1.77     -9.79    -31.09  0.          49.089      -2077.981      -2921.620    0.000  -0.002   0.005   0.
  2017 352  1 29 31 491 352.062170038      -2.00     -9.90    -32.23  0.          52.563      -2079.562      -2919.950    0.000  -0.002   0.005   0.
  2017 352  1 29 32 491 352.062181612      -2.14     -9.86    -33.53  0.          56.038      -2081.140      -2918.276    0.000  -0.002   0.005   0.
  2017 352  1 29 33 491 352.062193186      -2.25     -9.74    -34.87  0.          59.513      -2082.716      -2916.601    0.000  -0.002   0.005   0.
  2017 352  1 29 34 491 352.062204760      -2.55     -9.85    -36.16  0.          62.987      -2084.290      -2914.922    0.000  -0.002   0.005   0.
  2017 352  1 29 35 491 352.062216334      -3.16    -10.57    -37.13  0.          66.462      -2085.863      -2913.241    0.000  -0.002   0.005   0.
  2017 352  1 29 36 491 352.062227908      -4.39    -12.34    -37.70  0.          69.936      -2087.433      -2911.557    0.000  -0.002   0.005   0.
  2017 352  1 29 37 491 352.062239482      -6.28    -14.88    -37.92  0.          73.411      -2089.002      -2909.870    0.000  -0.002   0.005   0.
  2017 352  1 29 38 491 352.062251056      -8.29    -17.48    -37.96  0.          76.885      -2090.568      -2908.181    0.000  -0.002   0.006   0.
  2017 352  1 29 39 491 352.062262630     -10.01    -19.69    -38.07  0.          80.360      -2092.133      -2906.488    0.000  -0.002   0.006   0.
  2017 352  1 29 40 491 352.062274204     -11.17    -21.31    -38.41  0.          83.834      -2093.696      -2904.793    0.000  -0.002   0.006   0.
  2017 352  1 29 41 491 352.062285778     -11.81    -22.42    -39.02  0.          87.308      -2095.256      -2903.096    0.000  -0.002   0.006   0.
  2017 352  1 29 42 491 352.062297352     -11.93    -23.20    -39.95  0.          90.782      -2096.815      -2901.396    0.000  -0.002   0.006   0.
  2017 352  1 29 43 491 352.062308927     -11.58    -23.72    -41.21  0.          94.256      -2098.372      -2899.693    0.000  -0.002   0.006   0.
  2017 352  1 29 44 491 352.062320501     -10.78    -23.93    -42.67  0.          97.730      -2099.927      -2897.987    0.000  -0.002   0.007   0.
  2017 352  1 29 45 491 352.062332075      -9.62    -23.93    -44.39  0.         101.204      -2101.480      -2896.279    0.000  -0.002   0.007   0.
  2017 352  1 29 46 491 352.062343649      -8.18    -23.77    -46.12  0.         104.678      -2103.031      -2894.567    0.000  -0.002   0.007   0.
  2017 352  1 29 47 491 352.062355223      -6.53    -23.53    -47.87  0.         108.151      -2104.580      -2892.854    0.000  -0.002   0.007   0.
  2017 352  1 29 48 491 352.062366797      -4.72    -23.26    -49.54  0.         111.625      -2106.127      -2891.137    0.000  -0.003   0.007   0.
  2017 352  1 29 49 491 352.062378371      -2.97    -23.13    -51.04  0.         115.098      -2107.672      -2889.418    0.000  -0.003   0.007   0.
  2017 352  1 29 50 491 352.062389945      -1.41    -23.32    -52.27  0.         118.572      -2109.215      -2887.696    0.000  -0.003   0.008   0.
  2017 352  1 29 51 491 352.062401519      -0.10    -23.86    -53.26  0.         122.045      -2110.756      -2885.971    0.000  -0.003   0.008   0.
  2017 352  1 29 52 491 352.062413093       1.00    -24.76    -54.11  0.         125.518      -2112.296      -2884.244    0.000  -0.003   0.008   0.
  2017 352  1 29 53 491 352.062424667       1.96    -25.89    -54.77  0.         128.991      -2113.833      -2882.514    0.000  -0.003   0.008   0.
  2017 352  1 29 54 491 352.062436241       2.84    -27.16    -55.32  0.         132.464      -2115.368      -2880.781    0.000  -0.003   0.008   0.
  2017 352  1 29 55 491 352.062447815       3.66    -28.52    -55.86  0.         135.937      -2116.902      -2879.046    0.000  -0.003   0.008   0.
  2017 352  1 29 56 491 352.062459389       4.46    -29.84    -56.28  0.         139.410      -2118.433      -2877.308    0.000  -0.003   0.008   0.
  2017 352  1 29 57 491 352.062470964       5.28    -31.16    -56.72  0.         142.882      -2119.962      -2875.567    0.000  -0.003   0.008   0.
  2017 352  1 29 58 491 352.062482535       6.13    -32.44    -57.07  0.         146.355      -2121.490      -2873.823    0.000  -0.003   0.009   0.
  2017 352  1 29 59 491 352.062494109       6.97    -33.72    -57.48  0.         149.827      -2123.015      -2872.077    0.000  -0.003   0.009   0.
  2017 352  1 30  0 491 352.062505683       7.82    -34.94    -57.77  0.         153.299      -2124.539      -2870.328    0.000  -0.003   0.009   0.
  2017 352  1 30  1 491 352.062517257       8.68    -36.20    -58.11  0.         156.771      -2126.060      -2868.577    0.000  -0.003   0.009   0.
  2017 352  1 30  2 490 352.062528831       9.53    -37.55    -58.45  0.         160.243      -2127.579      -2866.822    0.000  -0.003   0.009   0.
  2017 352  1 30  3 490 352.062540405      10.37    -38.94    -58.68  0.         163.715      -2129.097      -2865.065    0.000  -0.003   0.009   0.
  2017 352  1 30  4 490 352.062551979      11.23    -40.42    -58.90  0.         167.186      -2130.612      -2863.306    0.000  -0.004   0.010   0.
  2017 352  1 30  5 490 352.062563553      12.11    -41.99    -59.08  0.         170.658      -2132.126      -2861.543    0.000  -0.004   0.010   0.
  2017 352  1 30  6 490 352.062575127      12.95    -43.60    -59.19  0.         174.129      -2133.637      -2859.778    0.000  -0.004   0.010   0.
  2017 352  1 30  7 491 352.062586701      13.87    -45.27    -59.25  0.         177.600      -2135.147      -2858.011    0.000  -0.004   0.010   0.
  2017 352  1 30  8 491 352.062598275      14.80    -47.06    -59.24  0.         181.071      -2136.654      -2856.240    0.000  -0.004   0.010   0.
  2017 352  1 30  9 490 352.062609850      15.80    -48.85    -59.15  0.         184.542      -2138.160      -2854.467    0.000  -0.004   0.010   0.
  2017 352  1 30 10 490 352.062621424      16.90    -50.65    -58.98  0.         188.013      -2139.663      -2852.691    0.000  -0.004   0.011   0.
  2017 352  1 30 11 491 352.062632998      18.05    -52.50    -58.71  0.         191.483      -2141.165      -2850.913    0.000  -0.004   0.011   0.
  2017 352  1 30 12 491 352.062644572      19.30    -54.33    -58.25  0.         194.954      -2142.664      -2849.131    0.000  -0.004   0.011   0.
  2017 352  1 30 13 491 352.062656146      20.62    -56.14    -57.69  0.         198.424      -2144.162      -2847.348    0.000  -0.004   0.011   0.
  2017 352  1 30 14 491 352.062667720      22.04    -57.90    -56.99  0.         201.894      -2145.657      -2845.561    0.000  -0.004   0.011   0.
  2017 352  1 30 15 491 352.062679294      23.49    -59.67    -56.14  0.         205.364      -2147.151      -2843.772    0.000  -0.004   0.011   0.
  2017 352  1 30 16 490 352.062690868      24.93    -61.39    -55.12  0.         208.833      -2148.642      -2841.980    0.000  -0.004   0.011   0.
  2017 352  1 30 17 490 352.062702442      26.39    -63.09    -53.98  0.         212.302      -2150.132      -2840.185    0.000  -0.004   0.011   0.
  2017 352  1 30 18 490 352.062714016      27.90    -64.69    -52.71  0.         215.772      -2151.619      -2838.388    0.000  -0.004   0.012   0.
  2017 352  1 30 19 490 352.062725590      29.42    -66.11    -51.40  0.         219.241      -2153.104      -2836.588    0.000  -0.004   0.012   0.
  2017 352  1 30 20 491 352.062737164      30.98    -67.43    -49.95  0.         222.709      -2154.588      -2834.785    0.000  -0.005   0.013   0.
  2017 352  1 30 21 491 352.062748738      32.56    -68.66    -48.53  0.         226.178      -2156.069      -2832.980    0.000  -0.005   0.013   0.
  2017 352  1 30 22 491 352.062760313      34.11    -69.77    -47.03  0.         229.646      -2157.548      -2831.172    0.000  -0.005   0.013   0.
  2017 352  1 30 23 490 352.062771887      35.62    -70.76    -45.45  0.         233.115      -2159.026      -2829.361    0.000  -0.005   0.013   0.
  2017 352  1 30 24 490 352.062783461      37.12    -71.73    -43.91  0.         236.582      -2160.501      -2827.548    0.000  -0.005   0.013   0.
  2017 352  1 30 25 491 352.062795035      38.57    -72.61    -42.26  0.         240.050      -2161.974      -2825.732    0.000  -0.005   0.013   0.
  2017 352  1 30 26 491 352.062806609      39.96    -73.44    -40.55  0.         243.518      -2163.445      -2823.913    0.000  -0.005   0.013   0.
  2017 352  1 30 27 491 352.062818183      41.29    -74.25    -38.73  0.         246.985      -2164.915      -2822.092    0.000  -0.005   0.013   0.
  2017 352  1 30 28 491 352.062829755      42.63    -75.03    -36.85  0.         250.452      -2166.382      -2820.268    0.000  -0.005   0.014   0.
  2017 352  1 30 29 490 352.062841328      43.89    -75.76    -34.86  0.         253.919      -2167.847      -2818.441    0.000  -0.005   0.014   0.
  2017 352  1 30 30 490 352.062852902      45.11    -76.44    -32.74  0.         257.385      -2169.310      -2816.612    0.000  -0.005   0.014   0.
  2017 352  1 30 31 490 352.062864476      46.29    -77.13    -30.57  0.         260.852      -2170.771      -2814.780    0.000  -0.005   0.014   0.
  2017 352  1 30 32 490 352.062876050      47.41    -77.77    -28.29  0.         264.318      -2172.230      -2812.945    0.000  -0.005   0.014   0.
  2017 352  1 30 33 490 352.062887624      48.54    -78.30    -25.96  0.         267.784      -2173.686      -2811.108    0.000  -0.005   0.014   0.
  2017 352  1 30 34 490 352.062899198      49.65    -78.84    -23.52  0.         271.250      -2175.141      -2809.268    0.000  -0.005   0.015   0.
  2017 352  1 30 35 490 352.062910773      50.70    -79.26    -21.04  0.         274.715      -2176.594      -2807.425    0.000  -0.005   0.015   0.
  2017 352  1 30 36 490 352.062922347      51.74    -79.64    -18.49  0.         278.180      -2178.045      -2805.579    0.000  -0.006   0.015   0.
  2017 352  1 30 37 490 352.062933921      52.76    -79.98    -15.84  0.         281.645      -2179.494      -2803.731    0.000  -0.006   0.015   0.
  2017 352  1 30 38 490 352.062945495      53.77    -80.16    -13.16  0.         285.110      -2180.940      -2801.881    0.000  -0.006   0.016   0.
  2017 352  1 30 39 490 352.062957069      54.75    -80.30    -10.39  0.         288.574      -2182.385      -2800.027    0.000  -0.006   0.016   0.
  2017 352  1 30 40 490 352.062968643      55.72    -80.35     -7.62  0.         292.038      -2183.827      -2798.171    0.000  -0.006   0.016   0.
  2017 352  1 30 41 490 352.062980217      56.63    -80.32     -4.74  0.         295.502      -2185.267      -2796.313    0.000  -0.006   0.016   0.
  2017 352  1 30 42 490 352.062991791      57.51    -80.25     -1.81  0.         298.965      -2186.706      -2794.451    0.000  -0.006   0.016   0.
  2017 352  1 30 43 490 352.063003365      58.31    -80.06      1.23  0.         302.429      -2188.142      -2792.587    0.000  -0.006   0.016   0.
  2017 352  1 30 44 490 352.063014939      59.10    -79.75      4.32  0.         305.892      -2189.577      -2790.721    0.000  -0.006   0.017   0.
  2017 352  1 30 45 490 352.063026513      59.84    -79.39      7.43  0.         309.354      -2191.009      -2788.852    0.000  -0.006   0.017   0.
  2017 352  1 30 46 490 352.063038087      60.54    -78.89     10.57  0.         312.817      -2192.439      -2786.980    0.000  -0.006   0.017   0.
  2017 352  1 30 47 490 352.063049661      61.21    -78.31     13.70  0.         316.279      -2193.867      -2785.105    0.000  -0.006   0.017   0.
  2017 352  1 30 48 490 352.063061236      61.79    -77.63     16.88  0.         319.741      -2195.293      -2783.228    0.000  -0.006   0.017   0.
  2017 352  1 30 49 490 352.063072810      62.30    -76.86     20.16  0.         323.202      -2196.717      -2781.348    0.000  -0.006   0.017   0.
  2017 352  1 30 50 490 352.063084384      62.68    -75.99     23.45  0.         326.663      -2198.138      -2779.465    0.000  -0.006   0.018   0.
  2017 352  1 30 51 490 352.063095958      62.94    -75.02     26.77  0.         330.124      -2199.558      -2777.580    0.000  -0.006   0.018   0.
  2017 352  1 30 52 490 352.063107532      63.12    -73.99     30.15  0.         333.585      -2200.976      -2775.692    0.000  -0.007   0.018   0.
  2017 352  1 30 53 490 352.063119106      63.18    -72.86     33.46  0.         337.045      -2202.391      -2773.802    0.000  -0.007   0.018   0.
  2017 352  1 30 54 490 352.063130680      63.16    -71.61     36.81  0.         340.505      -2203.805      -2771.909    0.000  -0.007   0.019   0.
  2017 352  1 30 55 490 352.063142254      63.01    -70.30     40.05  0.         343.965      -2205.216      -2770.013    0.000  -0.007   0.019   0.
  2017 352  1 30 56 490 352.063153826      62.78    -68.90     43.22  0.         347.424      -2206.625      -2768.115    0.000  -0.007   0.019   0.
  2017 352  1 30 57 490 352.063165399      62.48    -67.44     46.32  0.         350.883      -2208.032      -2766.214    0.000  -0.007   0.019   0.
  2017 352  1 30 58 490 352.063176973      62.06    -65.92     49.33  0.         354.342      -2209.437      -2764.310    0.000  -0.007   0.019   0.
  2017 352  1 30 59 490 352.063188547      61.56    -64.35     52.27  0.         357.800      -2210.840      -2762.404    0.000  -0.007   0.019   0.
  2017 352  1 31  0 490 352.063200121      60.94    -62.68     55.17  0.         361.258      -2212.241      -2760.495    0.000  -0.007   0.020   0.
  2017 352  1 31  1 490 352.063211696      60.25    -61.03     57.97  0.         364.716      -2213.640      -2758.583    0.000  -0.007   0.020   0.
  2017 352  1 31  2 490 352.063223270      59.48    -59.31     60.69  0.         368.173      -2215.037      -2756.669    0.000  -0.007   0.020   0.
  2017 352  1 31  3 490 352.063234844      58.58    -57.58     63.33  0.         371.630      -2216.431      -2754.752    0.000  -0.007   0.020   0.
  2017 352  1 31  4 490 352.063246418      57.60    -55.85     65.86  0.         375.087      -2217.824      -2752.833    0.000  -0.007   0.021   0.
  2017 352  1 31  5 490 352.063257992      56.50    -54.10     68.29  0.         378.543      -2219.214      -2750.911    0.000  -0.007   0.021   0.
  2017 352  1 31  6 490 352.063269566      55.30    -52.36     70.66  0.         381.999      -2220.602      -2748.986    0.000  -0.008   0.021   0.
  2017 352  1 31  7 490 352.063281140      54.01    -50.62     72.92  0.         385.455      -2221.988      -2747.059    0.000  -0.008   0.021   0.
  2017 352  1 31  8 490 352.063292714      52.62    -48.93     75.07  0.         388.910      -2223.372      -2745.129    0.000  -0.008   0.021   0.
  2017 352  1 31  9 490 352.063304288      51.13    -47.28     77.12  0.         392.365      -2224.754      -2743.196    0.000  -0.008   0.021   0.
  2017 352  1 31 10 490 352.063315862      49.58    -45.74     79.01  0.         395.820      -2226.134      -2741.261    0.000  -0.008   0.022   0.
  2017 352  1 31 11 490 352.063327436      47.94    -44.26     80.83  0.         399.274      -2227.512      -2739.323    0.000  -0.008   0.022   0.
  2017 352  1 31 12 490 352.063339010      46.25    -42.91     82.52  0.         402.727      -2228.887      -2737.382    0.000  -0.008   0.022   0.
  2017 352  1 31 13 490 352.063350584      44.52    -41.68     84.03  0.         406.181      -2230.261      -2735.439    0.000  -0.008   0.022   0.
  2017 352  1 31 14 490 352.063362159      42.78    -40.58     85.46  0.         409.634      -2231.632      -2733.494    0.000  -0.008   0.023   0.
  2017 352  1 31 15 490 352.063373733      41.05    -39.68     86.74  0.         413.087      -2233.001      -2731.545    0.000  -0.008   0.023   0.
  2017 352  1 31 16 490 352.063385307      39.35    -38.91     87.95  0.         416.539      -2234.368      -2729.594    0.000  -0.008   0.023   0.
  2017 352  1 31 17 490 352.063396881      37.66    -38.32     89.09  0.         419.991      -2235.733      -2727.641    0.000  -0.008   0.023   0.
  2017 352  1 31 18 490 352.063408455      36.01    -37.90     90.17  0.         423.442      -2237.096      -2725.685    0.000  -0.009   0.024   0.
  2017 352  1 31 19 490 352.063420029      34.40    -37.56     91.23  0.         426.893      -2238.457      -2723.726    0.000  -0.009   0.024   0.
  2017 352  1 31 20 490 352.063431603      32.76    -37.31     92.27  0.         430.344      -2239.815      -2721.765    0.000  -0.009   0.024   0.
  2017 352  1 31 21 490 352.063443177      31.12    -37.24     93.29  0.         433.794      -2241.171      -2719.801    0.000  -0.009   0.024   0.
  2017 352  1 31 22 490 352.063454751      29.46    -37.28     94.34  0.         437.244      -2242.526      -2717.834    0.000  -0.009   0.024   0.
  2017 352  1 31 23 490 352.063466325      27.74    -37.37     95.37  0.         440.693      -2243.878      -2715.865    0.000  -0.009   0.024   0.
  2017 352  1 31 24 490 352.063477899      26.05    -37.53     96.48  0.         444.142      -2245.228      -2713.893    0.000  -0.009   0.025   0.
  2017 352  1 31 25 490 352.063489473      24.34    -37.77     97.57  0.         447.591      -2246.576      -2711.918    0.000  -0.009   0.025   0.
  2017 352  1 31 26 490 352.063501045      22.62    -38.04     98.73  0.         451.039      -2247.921      -2709.942    0.000  -0.009   0.025   0.
  2017 352  1 31 27 490 352.063512619      20.92    -38.35     99.89  0.         454.487      -2249.265      -2707.962    0.000  -0.009   0.025   0.
  2017 352  1 31 28 490 352.063524193      19.26    -38.64    101.14  0.         457.934      -2250.606      -2705.980    0.000  -0.009   0.025   0.
  2017 352  1 31 29 490 352.063535767      17.65    -38.75    102.48  0.         461.381      -2251.945      -2703.995    0.000  -0.009   0.025   0.
  2017 352  1 31 30 490 352.063547341      16.13    -38.76    103.89  0.         464.827      -2253.282      -2702.007    0.000  -0.009   0.026   0.
  2017 352  1 31 31 490 352.063558915      14.68    -38.61    105.44  0.         468.273      -2254.617      -2700.017    0.000  -0.009   0.026   0.
  2017 352  1 31 32 490 352.063570489      13.34    -38.38    107.04  0.         471.719      -2255.950      -2698.025    0.000  -0.010   0.026   0.
  2017 352  1 31 33 490 352.063582063      12.08    -38.10    108.74  0.         475.164      -2257.281      -2696.030    0.000  -0.010   0.026   0.
  2017 352  1 31 34 490 352.063593637      10.82    -37.71    110.51  0.         478.608      -2258.609      -2694.032    0.000  -0.010   0.027   0.
  2017 352  1 31 35 490 352.063605211       9.57    -37.12    112.43  0.         482.053      -2259.935      -2692.032    0.000  -0.010   0.027   0.
  2017 352  1 31 36 490 352.063616785       8.20    -36.37    114.47  0.         485.496      -2261.260      -2690.029    0.000  -0.010   0.027   0.
  2017 352  1 31 37 490 352.063628359       6.78    -35.36    116.59  0.         488.940      -2262.582      -2688.023    0.000  -0.010   0.027   0.
  2017 352  1 31 38 490 352.063639933       5.31    -34.26    118.77  0.         492.383      -2263.901      -2686.015    0.000  -0.010   0.028   0.
  2017 352  1 31 39 490 352.063651508       3.81    -33.13    120.93  0.         495.825      -2265.219      -2684.004    0.000  -0.010   0.028   0.
  2017 352  1 31 40 490 352.063663082       2.27    -32.02    123.09  0.         499.267      -2266.534      -2681.991    0.000  -0.010   0.028   0.
  2017 352  1 31 41 490 352.063674656       0.70    -30.96    125.22  0.         502.708      -2267.847      -2679.975    0.000  -0.010   0.028   0.
  2017 352  1 31 42 490 352.063686230      -0.94    -29.93    127.32  0.         506.149      -2269.159      -2677.957    0.000  -0.010   0.028   0.
  2017 352  1 31 43 490 352.063697804      -2.62    -28.81    129.36  0.         509.590      -2270.468      -2675.936    0.000  -0.010   0.028   0.
  2017 352  1 31 44 490 352.063709378      -4.34    -27.61    131.36  0.         513.029      -2271.774      -2673.912    0.000  -0.011   0.029   0.
  2017 352  1 31 45 490 352.063720952      -6.12    -26.30    133.25  0.         516.469      -2273.079      -2671.886    0.000  -0.011   0.029   0.
  2017 352  1 31 46 490 352.063732526      -7.93    -24.79    135.07  0.         519.908      -2274.381      -2669.857    0.000  -0.011   0.030   0.
  2017 352  1 31 47 490 352.063744100      -9.76    -23.21    136.76  0.         523.347      -2275.682      -2667.826    0.000  -0.011   0.030   0.
  2017 352  1 31 48 490 352.063755674     -11.59    -21.61    138.25  0.         526.785      -2276.980      -2665.792    0.000  -0.011   0.030   0.
  2017 352  1 31 49 490 352.063767248     -13.44    -19.86    139.62  0.         530.222      -2278.276      -2663.755    0.000  -0.011   0.030   0.
  2017 352  1 31 50 490 352.063778822     -15.24    -17.99    140.84  0.         533.659      -2279.569      -2661.716    0.000  -0.011   0.031   0.
  2017 352  1 31 51 490 352.063790396     -17.04    -16.03    141.88  0.         537.096      -2280.861      -2659.675    0.000  -0.011   0.031   0.
  2017 352  1 31 52 490 352.063801971     -18.85    -13.93    142.85  0.         540.532      -2282.150      -2657.630    0.000  -0.011   0.031   0.
  2017 352  1 31 53 490 352.063813545     -20.72    -11.78    143.59  0.         543.967      -2283.437      -2655.584    0.000  -0.011   0.031   0.
  2017 352  1 31 54 490 352.063825119     -22.69     -9.66    144.27  0.         547.402      -2284.722      -2653.534    0.000  -0.011   0.031   0.
  2017 352  1 31 55 490 352.063836693     -24.74     -7.57    144.79  0.         550.836      -2286.005      -2651.483    0.000  -0.011   0.031   0.
  2017 352  1 31 56 490 352.063848265     -26.92     -5.54    145.16  0.         554.270      -2287.285      -2649.428    0.000  -0.012   0.032   0.
  2017 352  1 31 57 490 352.063859838     -29.20     -3.57    145.31  0.         557.704      -2288.564      -2647.371    0.000  -0.012   0.032   0.
  2017 352  1 31 58 489 352.063871412     -31.55     -1.54    145.30  0.         561.137      -2289.840      -2645.312    0.000  -0.012   0.032   0.
  2017 352  1 31 59 489 352.063882986     -33.86      0.69    145.02  0.         564.569      -2291.114      -2643.250    0.000  -0.012   0.032   0.
  2017 352  1 32  0 489 352.063894560     -36.10      3.15    144.56  0.         568.001      -2292.385      -2641.185    0.000  -0.012   0.033   0.
  2017 352  1 32  1 489 352.063906134     -38.25      5.90    143.95  0.         571.432      -2293.655      -2639.118    0.000  -0.012   0.033   0.
  2017 352  1 32  2 489 352.063917708     -40.33      8.94    143.17  0.         574.863      -2294.922      -2637.048    0.000  -0.012   0.033   0.
  2017 352  1 32  3 490 352.063929282     -42.46     12.18    142.27  0.         578.293      -2296.187      -2634.976    0.000  -0.012   0.033   0.
  2017 352  1 32  4 490 352.063940856     -44.60     15.35    141.29  0.         581.722      -2297.450      -2632.901    0.000  -0.012   0.034   0.
  2017 352  1 32  5 489 352.063952431     -46.76     18.27    140.19  0.         585.152      -2298.711      -2630.824    0.000  -0.012   0.034   0.
  2017 352  1 32  6 489 352.063964005     -48.90     20.86    138.98  0.         588.580      -2299.969      -2628.744    0.000  -0.012   0.034   0.
  2017 352  1 32  7 490 352.063975579     -50.96     23.05    137.52  0.         592.008      -2301.226      -2626.661    0.000  -0.012   0.034   0.
  2017 352  1 32  8 490 352.063987153     -53.00     25.04    135.74  0.         595.435      -2302.480      -2624.576    0.000  -0.013   0.034   0.
  2017 352  1 32  9 490 352.063998727     -54.81     27.01    133.65  0.         598.862      -2303.732      -2622.489    0.000  -0.013   0.034   0.
  2017 352  1 32 10 490 352.064010301     -56.26     28.94    131.20  0.         602.288      -2304.981      -2620.399    0.000  -0.013   0.035   0.
  2017 352  1 32 11 489 352.064021875     -57.22     30.71    128.44  0.         605.714      -2306.229      -2618.306    0.000  -0.013   0.035   0.
  2017 352  1 32 12 489 352.064033449     -57.70     32.13    125.61  0.         609.139      -2307.474      -2616.211    0.000  -0.013   0.036   0.
  2017 352  1 32 13 489 352.064045023     -57.86     33.08    122.82  0.         612.564      -2308.717      -2614.113    0.000  -0.013   0.036   0.
  2017 352  1 32 14 489 352.064056597     -58.02     33.47    120.21  0.         615.988      -2309.958      -2612.013    0.000  -0.013   0.036   0.
  2017 352  1 32 15 489 352.064068171     -58.72     33.50    118.22  0.         619.411      -2311.196      -2609.910    0.000  -0.013   0.036   0.
  2017 352  1 32 16 490 352.064079745     -60.00     34.83    116.84  0.         622.833      -2312.432      -2607.805    0.000  -0.013   0.037   0.
  2017 352  1 32 17 490 352.064091319     -61.00     37.92    115.11  0.         626.255      -2313.667      -2605.698    0.000  -0.013   0.037   0.
  2017 352  1 32 18 489 352.064102894     -62.06     41.03    113.11  0.         629.677      -2314.898      -2603.587    0.000  -0.013   0.037   0.
  2017 352  1 32 19 489 352.064114468     -63.25     44.28    110.83  0.         633.098      -2316.128      -2601.474    0.000  -0.013   0.037   0.
  2017 352  1 32 20 490 352.064126042     -64.70     46.47    108.09  0.         636.518      -2317.355      -2599.359    0.000  -0.014   0.037   0.
  2017 352  1 32 21 490 352.064137616     -68.57     45.14    106.38  0.         639.938      -2318.580      -2597.241    0.000  -0.014   0.037   0.
  2017 352  1 32 22 490 352.064149190     -71.90     48.79    105.36  0.         643.357      -2319.803      -2595.121    0.000  -0.014   0.038   0.
  2017 352  1 32 23 490 352.064160764     -73.31     55.01    102.40  0.         646.776      -2321.024      -2592.998    0.000  -0.014   0.038   0.
  2017 352  1 32 24 490 352.064172336     -75.11     59.35     99.04  0.         650.193      -2322.243      -2590.873    0.000  -0.014   0.038   0.
  2017 352  1 32 25 489 352.064183909     -77.27     62.37     95.51  0.         653.611      -2323.459      -2588.745    0.000  -0.014   0.038   0.
  2017 352  1 32 26 489 352.064195483     -79.59     64.55     91.65  0.         657.027      -2324.673      -2586.614    0.000  -0.014   0.039   0.
  2017 352  1 32 27 489 352.064207057     -81.89     66.01     87.45  0.         660.443      -2325.884      -2584.481    0.000  -0.014   0.039   0.
  2017 352  1 32 28 489 352.064218631     -84.10     66.77     82.93  0.         663.859      -2327.094      -2582.346    0.000  -0.014   0.039   0.
  2017 352  1 32 29 489 352.064230205     -86.02     67.28     78.21  0.         667.273      -2328.301      -2580.208    0.000  -0.014   0.039   0.
  2017 352  1 32 30 489 352.064241780     -87.52     67.73     73.40  0.         670.687      -2329.506      -2578.068    0.000  -0.015   0.040   0.
  2017 352  1 32 31 489 352.064253354     -88.65     68.03     68.49  0.         674.101      -2330.709      -2575.925    0.000  -0.015   0.040   0.
  2017 352  1 32 32 489 352.064264928     -89.57     67.29     63.51  0.         677.514      -2331.909      -2573.780    0.000  -0.015   0.040   0.
  2017 352  1 32 33 489 352.064276502     -91.09     65.19     58.86  0.         680.926      -2333.108      -2571.632    0.000  -0.015   0.040   0.
  2017 352  1 32 34 489 352.064288076     -92.70     63.40     54.42  0.         684.337      -2334.304      -2569.481    0.000  -0.015   0.041   0.
  2017 352  1 32 35 489 352.064299650     -94.34     61.57     50.10  0.         687.748      -2335.497      -2567.328    0.000  -0.015   0.041   0.
  2017 352  1 32 36 489 352.064311224     -96.00     59.64     45.67  0.         691.158      -2336.689      -2565.173    0.000  -0.015   0.041   0.
  2017 352  1 32 37 489 352.064322798     -97.64     57.66     41.38  0.         694.568      -2337.878      -2563.015    0.000  -0.015   0.041   0.
  2017 352  1 32 38 489 352.064334372     -99.19     55.41     36.99  0.         697.977      -2339.065      -2560.855    0.000  -0.015   0.042   0.
  2017 352  1 32 39 489 352.064345946    -100.74     52.86     32.66  0.         701.385      -2340.249      -2558.692    0.000  -0.015   0.042   0.
  2017 352  1 32 40 489 352.064357520    -102.26     50.11     28.36  0.         704.792      -2341.432      -2556.527    0.000  -0.015   0.042   0.
  2017 352  1 32 41 489 352.064369094    -103.66     47.15     23.99  0.         708.199      -2342.612      -2554.359    0.000  -0.015   0.042   0.
  2017 352  1 32 42 489 352.064380668    -104.97     44.08     19.59  0.         711.605      -2343.790      -2552.188    0.000  -0.016   0.043   0.
  2017 352  1 32 43 489 352.064392242    -106.17     40.84     15.25  0.         715.011      -2344.966      -2550.016    0.000  -0.016   0.043   0.
  2017 352  1 32 44 489 352.064403817    -107.27     37.44     11.00  0.         718.416      -2346.139      -2547.841    0.000  -0.016   0.043   0.
  2017 352  1 32 45 489 352.064415391    -108.21     33.85      6.62  0.         721.820      -2347.310      -2545.663    0.000  -0.016   0.043   0.
  2017 352  1 32 46 489 352.064426965    -109.04     30.06      2.29  0.         725.223      -2348.479      -2543.483    0.000  -0.016   0.044   0.
  2017 352  1 32 47 489 352.064438539    -109.74     26.04     -2.01  0.         728.626      -2349.646      -2541.300    0.000  -0.016   0.044   0.
  2017 352  1 32 48 489 352.064450113    -110.34     21.82     -6.19  0.         732.028      -2350.810      -2539.115    0.000  -0.016   0.044   0.
  2017 352  1 32 49 489 352.064461687    -110.83     17.48    -10.22  0.         735.429      -2351.972      -2536.927    0.000  -0.016   0.044   0.
  2017 352  1 32 50 489 352.064473261    -111.09     12.94    -14.15  0.         738.830      -2353.132      -2534.737    0.000  -0.016   0.045   0.
  2017 352  1 32 51 489 352.064484835    -111.13      8.27    -18.03  0.         742.230      -2354.289      -2532.545    0.000  -0.016   0.045   0.
  2017 352  1 32 52 489 352.064496409    -110.97      3.51    -21.81  0.         745.629      -2355.444      -2530.350    0.000  -0.016   0.045   0.
  2017 352  1 32 53 489 352.064507983    -110.55     -1.37    -25.48  0.         749.027      -2356.597      -2528.152    0.000  -0.016   0.045   0.
  2017 352  1 32 54 489 352.064519557    -109.86     -6.30    -28.99  0.         752.425      -2357.748      -2525.952    0.000  -0.017   0.046   0.
  2017 352  1 32 55 489 352.064531131    -108.93    -11.25    -32.24  0.         755.822      -2358.896      -2523.750    0.000  -0.017   0.046   0.
  2017 352  1 32 56 489 352.064542703    -107.79    -16.23    -35.26  0.         759.218      -2360.043      -2521.545    0.000  -0.017   0.046   0.
  2017 352  1 32 57 489 352.064554277    -106.44    -21.26    -38.16  0.         762.614      -2361.186      -2519.338    0.000  -0.017   0.046   0.
  2017 352  1 32 58 489 352.064565851    -104.88    -26.26    -40.75  0.         766.009      -2362.328      -2517.128    0.000  -0.017   0.047   0.
  2017 352  1 32 59 489 352.064577425    -103.14    -31.25    -43.17  0.         769.403      -2363.467      -2514.916    0.000  -0.017   0.047   0.
  2017 352  1 33  0 489 352.064588999    -101.26    -36.27    -45.25  0.         772.796      -2364.604      -2512.702    0.000  -0.017   0.047   0.
  2017 352  1 33  1 489 352.064600573     -99.23    -41.23    -47.16  0.         776.189      -2365.739      -2510.485    0.000  -0.017   0.047   0.
  2017 352  1 33  2 489 352.064612147     -97.09    -46.15    -48.84  0.         779.580      -2366.871      -2508.265    0.000  -0.017   0.048   0.
  2017 352  1 33  3 489 352.064623721     -94.87    -50.95    -50.20  0.         782.972      -2368.001      -2506.043    0.000  -0.017   0.048   0.
  2017 352  1 33  4 489 352.064635295     -92.55    -55.59    -51.33  0.         786.362      -2369.129      -2503.819    0.000  -0.018   0.048   0.
  2017 352  1 33  5 489 352.064646869     -90.12    -60.04    -52.25  0.         789.751      -2370.254      -2501.592    0.000  -0.018   0.048   0.
  2017 352  1 33  6 489 352.064658443     -87.54    -64.26    -52.99  0.         793.140      -2371.378      -2499.363    0.000  -0.018   0.049   0.
  2017 352  1 33  7 489 352.064670017     -84.75    -68.11    -53.74  0.         796.528      -2372.499      -2497.131    0.000  -0.018   0.049   0.
  2017 352  1 33  8 489 352.064681591     -81.89    -71.58    -54.13  0.         799.916      -2373.617      -2494.897    0.000  -0.018   0.049   0.
  2017 352  1 33  9 489 352.064693166     -78.98    -74.67    -54.22  0.         803.302      -2374.733      -2492.661    0.000  -0.018   0.049   0.
  2017 352  1 33 10 489 352.064704740     -76.12    -77.38    -54.01  0.         806.688      -2375.847      -2490.422    0.000  -0.018   0.050   0.
  2017 352  1 33 11 489 352.064716314     -73.37    -79.82    -53.58  0.         810.073      -2376.959      -2488.180    0.000  -0.018   0.050   0.
  2017 352  1 33 12 489 352.064727888     -70.71    -81.98    -53.01  0.         813.457      -2378.068      -2485.937    0.000  -0.018   0.050   0.
  2017 352  1 33 13 489 352.064739462     -68.08    -83.97    -52.31  0.         816.841      -2379.175      -2483.690    0.000  -0.018   0.050   0.
  2017 352  1 33 14 489 352.064751036     -65.45    -85.77    -51.65  0.         820.223      -2380.280      -2481.442    0.000  -0.019   0.051   0.
  2017 352  1 33 15 489 352.064762610     -62.80    -87.29    -50.97  0.         823.605      -2381.383      -2479.191    0.000  -0.019   0.051   0.
  2017 352  1 33 16 489 352.064774184     -60.37    -88.49    -49.96  0.         826.986      -2382.483      -2476.937    0.000  -0.019   0.051   0.
  2017 352  1 33 17 489 352.064785758     -58.31    -89.56    -48.64  0.         830.366      -2383.581      -2474.682    0.000  -0.019   0.051   0.
  2017 352  1 33 18 489 352.064797332     -56.49    -90.58    -47.18  0.         833.746      -2384.676      -2472.423    0.000  -0.019   0.052   0.
  2017 352  1 33 19 489 352.064808906     -54.89    -91.63    -45.74  0.         837.124      -2385.770      -2470.163    0.000  -0.019   0.052   0.
  2017 352  1 33 20 489 352.064820480     -53.52    -92.70    -44.34  0.         840.502      -2386.861      -2467.900    0.000  -0.019   0.052   0.
  2017 352  1 33 21 489 352.064832054     -52.26    -93.72    -42.95  0.         843.879      -2387.949      -2465.634    0.000  -0.019   0.052   0.
  2017 352  1 33 22 489 352.064843629     -51.11    -94.73    -41.71  0.         847.255      -2389.035      -2463.366    0.000  -0.019   0.053   0.
  2017 352  1 33 23 489 352.064855203     -50.06    -95.66    -40.40  0.         850.631      -2390.119      -2461.096    0.000  -0.019   0.053   0.
  2017 352  1 33 24 489 352.064866777     -49.11    -96.47    -38.98  0.         854.006      -2391.201      -2458.823    0.000  -0.020   0.054   0.
  2017 352  1 33 25 489 352.064878351     -48.19    -97.17    -37.44  0.         857.379      -2392.280      -2456.548    0.000  -0.020   0.054   0.
  2017 352  1 33 26 489 352.064889923     -47.30    -97.63    -35.99  0.         860.752      -2393.357      -2454.271    0.000  -0.020   0.054   0.
  2017 352  1 33 27 489 352.064901496     -46.47    -97.79    -34.58  0.         864.124      -2394.432      -2451.991    0.000  -0.020   0.054   0.
  2017 352  1 33 28 489 352.064913070     -45.73    -97.67    -33.25  0.         867.496      -2395.505      -2449.709    0.000  -0.020   0.055   0.
  2017 352  1 33 29 489 352.064924644     -45.09    -97.29    -31.96  0.         870.866      -2396.575      -2447.424    0.000  -0.020   0.055   0.
  2017 352  1 33 30 489 352.064936218     -44.51    -96.73    -30.68  0.         874.235      -2397.642      -2445.137    0.000  -0.020   0.055   0.
  2017 352  1 33 31 489 352.064947792     -43.93    -96.06    -29.38  0.         877.604      -2398.708      -2442.848    0.000  -0.020   0.055   0.
  2017 352  1 33 32 489 352.064959366     -43.42    -95.31    -28.02  0.         880.972      -2399.771      -2440.556    0.000  -0.020   0.056   0.
  2017 352  1 33 33 489 352.064970940     -42.86    -94.57    -26.65  0.         884.339      -2400.832      -2438.262    0.000  -0.020   0.056   0.
  2017 352  1 33 34 489 352.064982514     -42.31    -93.88    -25.32  0.         887.705      -2401.890      -2435.965    0.000  -0.021   0.056   0.
  2017 352  1 33 35 489 352.064994089     -41.70    -93.20    -24.04  0.         891.071      -2402.946      -2433.666    0.000  -0.021   0.056   0.
  2017 352  1 33 36 489 352.065005663     -41.06    -92.51    -22.86  0.         894.435      -2404.000      -2431.365    0.000  -0.021   0.057   0.
  2017 352  1 33 37 489 352.065017237     -40.43    -91.81    -21.72  0.         897.799      -2405.051      -2429.062    0.000  -0.021   0.057   0.
  2017 352  1 33 38 489 352.065028811     -39.77    -91.13    -20.69  0.         901.162      -2406.101      -2426.756    0.000  -0.021   0.057   0.
  2017 352  1 33 39 489 352.065040385     -39.09    -90.57    -19.79  0.         904.523      -2407.147      -2424.447    0.000  -0.021   0.057   0.
  2017 352  1 33 40 489 352.065051959     -38.36    -90.04    -19.06  0.         907.884      -2408.192      -2422.137    0.000  -0.021   0.058   0.
  2017 352  1 33 41 489 352.065063533     -37.63    -89.53    -18.46  0.         911.245      -2409.234      -2419.823    0.000  -0.021   0.058   0.
  2017 352  1 33 42 489 352.065075107     -36.90    -89.09    -17.84  0.         914.604      -2410.274      -2417.508    0.000  -0.021   0.058   0.
  2017 352  1 33 43 489 352.065086681     -36.27    -88.70    -17.16  0.         917.962      -2411.311      -2415.190    0.000  -0.021   0.058   0.
  2017 352  1 33 44 489 352.065098255     -35.74    -88.24    -16.30  0.         921.320      -2412.346      -2412.870    0.000  -0.021   0.059   0.
  2017 352  1 33 45 489 352.065109829     -35.28    -87.67    -15.36  0.         924.676      -2413.379      -2410.548    0.000  -0.021   0.059   0.
  2017 352  1 33 46 489 352.065121403     -34.89    -86.98    -14.41  0.         928.032      -2414.409      -2408.223    0.000  -0.022   0.059   0.
  2017 352  1 33 47 489 352.065132977     -34.57    -86.10    -13.46  0.         931.387      -2415.438      -2405.896    0.000  -0.022   0.059   0.
  2017 352  1 33 48 489 352.065144552     -34.39    -84.99    -12.53  0.         934.741      -2416.463      -2403.566    0.000  -0.022   0.060   0.
  2017 352  1 33 49 489 352.065156126     -34.23    -83.67    -11.68  0.         938.094      -2417.487      -2401.234    0.000  -0.022   0.060   0.
  2017 352  1 33 50 489 352.065167700     -34.09    -82.12    -10.90  0.         941.446      -2418.508      -2398.900    0.000  -0.022   0.060   0.
  2017 352  1 33 51 489 352.065179274     -34.04    -80.55    -10.25  0.         944.797      -2419.526      -2396.564    0.000  -0.022   0.060   0.
  2017 352  1 33 52 489 352.065190848     -34.12    -78.91     -9.55  0.         948.147      -2420.543      -2394.225    0.000  -0.022   0.061   0.
  2017 352  1 33 53 489 352.065202422     -34.33    -77.28     -8.89  0.         951.497      -2421.557      -2391.884    0.000  -0.022   0.061   0.
  2017 352  1 33 54 488 352.065213994     -34.73    -75.59     -8.21  0.         954.845      -2422.568      -2389.540    0.000  -0.022   0.061   0.
  2017 352  1 33 55 488 352.065225567     -35.20    -73.87     -7.56  0.         958.192      -2423.578      -2387.194    0.000  -0.022   0.061   0.
  2017 352  1 33 56 488 352.065237141     -35.83    -72.06     -6.92  0.         961.539      -2424.585      -2384.846    0.000  -0.022   0.062   0.
  2017 352  1 33 57 488 352.065248715     -36.63    -70.19     -6.40  0.         964.885      -2425.589      -2382.495    0.000  -0.022   0.062   0.
  2017 352  1 33 58 489 352.065260289     -37.68    -68.31     -5.68  0.         968.230      -2426.591      -2380.142    0.000  -0.023   0.062   0.
  2017 352  1 33 59 489 352.065271863     -39.02    -66.58     -4.60  0.         971.573      -2427.591      -2377.787    0.000  -0.023   0.062   0.
  2017 352  1 34  0 488 352.065283437     -40.19    -65.45     -3.12  0.         974.916      -2428.589      -2375.430    0.000  -0.023   0.063   0.
  2017 352  1 34  1 488 352.065295012     -40.25    -65.30     -1.57  0.         978.258      -2429.584      -2373.070    0.000  -0.023   0.063   0.
  2017 352  1 34  2 489 352.065306586     -39.24    -65.46     -0.39  0.         981.599      -2430.577      -2370.708    0.000  -0.023   0.064   0.
  2017 352  1 34  3 489 352.065318160     -37.97    -65.57      0.68  0.         984.939      -2431.567      -2368.344    0.000  -0.023   0.064   0.
  2017 352  1 34  4 489 352.065329734     -36.80    -65.66      1.90  0.         988.278      -2432.556      -2365.977    0.000  -0.023   0.064   0.
  2017 352  1 34  5 489 352.065341308     -35.81    -65.79      3.44  0.         991.616      -2433.541      -2363.608    0.000  -0.023   0.064   0.
  2017 352  1 34  6 489 352.065352882     -35.02    -66.19      5.35  0.         994.953      -2434.525      -2361.236    0.000  -0.023   0.065   0.
  2017 352  1 34  7 488 352.065364456     -34.30    -66.87      7.23  0.         998.290      -2435.506      -2358.863    0.000  -0.023   0.065   0.
  2017 352  1 34  8 488 352.065376030     -33.59    -67.78      8.97  0.        1001.625      -2436.484      -2356.487    0.000  -0.024   0.065   0.
  2017 352  1 34  9 488 352.065387604     -32.91    -68.83     10.52  0.        1004.959      -2437.461      -2354.109    0.000  -0.024   0.065   0.
  2017 352  1 34 10 488 352.065399178     -32.23    -69.89     11.87  0.        1008.292      -2438.435      -2351.728    0.000  -0.024   0.066   0.
  2017 352  1 34 11 488 352.065410752     -31.52    -70.81     13.20  0.        1011.625      -2439.406      -2349.345    0.000  -0.024   0.066   0.
  2017 352  1 34 12 489 352.065422326     -30.76    -71.58     14.68  0.        1014.956      -2440.375      -2346.960    0.000  -0.024   0.066   0.
  2017 352  1 34 13 489 352.065433900     -29.92    -72.10     16.26  0.        1018.286      -2441.342      -2344.573    0.000  -0.024   0.066   0.
  2017 352  1 34 14 488 352.065445475     -28.97    -72.23     18.04  0.        1021.616      -2442.307      -2342.183    0.000  -0.024   0.067   0.
  2017 352  1 34 15 488 352.065457049     -28.03    -71.98     20.14  0.        1024.944      -2443.269      -2339.791    0.000  -0.024   0.067   0.
  2017 352  1 34 16 489 352.065468623     -27.01    -71.35     22.45  0.        1028.272      -2444.229      -2337.397    0.000  -0.024   0.067   0.
  2017 352  1 34 17 489 352.065480197     -25.98    -70.57     24.92  0.        1031.598      -2445.186      -2335.001    0.000  -0.024   0.067   0.
  2017 352  1 34 18 489 352.065491771     -24.91    -69.61     27.39  0.        1034.923      -2446.141      -2332.602    0.000  -0.025   0.068   0.
  2017 352  1 34 19 489 352.065503345     -23.76    -68.45     29.76  0.        1038.248      -2447.094      -2330.201    0.000  -0.025   0.068   0.
  2017 352  1 34 20 489 352.065514919     -22.48    -66.99     32.07  0.        1041.571      -2448.044      -2327.798    0.000  -0.025   0.068   0.
  2017 352  1 34 21 488 352.065526493     -21.18    -65.12     34.42  0.        1044.894      -2448.992      -2325.392    0.000  -0.025   0.068   0.
  2017 352  1 34 22 488 352.065538067     -19.99    -62.86     36.76  0.        1048.215      -2449.937      -2322.984    0.000  -0.025   0.069   0.
  2017 352  1 34 23 488 352.065549641     -18.91    -60.40     39.09  0.        1051.535      -2450.880      -2320.574    0.000  -0.025   0.069   0.
  2017 352  1 34 24 488 352.065561213     -18.10    -57.91     41.55  0.        1054.855      -2451.821      -2318.162    0.000  -0.025   0.069   0.
  2017 352  1 34 25 488 352.065572786     -17.44    -55.64     43.78  0.        1058.173      -2452.760      -2315.747    0.000  -0.025   0.069   0.
  2017 352  1 34 26 488 352.065584361     -16.85    -53.43     45.88  0.        1061.490      -2453.696      -2313.330    0.000  -0.025   0.070   0.
  2017 352  1 34 27 488 352.065595935     -16.33    -51.30     47.88  0.        1064.807      -2454.629      -2310.911    0.000  -0.025   0.070   0.
  2017 352  1 34 28 488 352.065607509     -15.85    -49.11     49.80  0.        1068.122      -2455.560      -2308.490    0.000  -0.026   0.070   0.
  2017 352  1 34 29 488 352.065619083     -15.47    -46.88     51.62  0.        1071.436      -2456.489      -2306.066    0.000  -0.026   0.070   0.
  2017 352  1 34 30 488 352.065630657     -15.22    -44.55     53.38  0.        1074.749      -2457.416      -2303.640    0.000  -0.026   0.071   0.
  2017 352  1 34 31 488 352.065642231     -15.05    -42.10     55.09  0.        1078.061      -2458.340      -2301.212    0.000  -0.026   0.071   0.
  2017 352  1 34 32 488 352.065653805     -15.02    -39.53     56.77  0.        1081.373      -2459.261      -2298.782    0.000  -0.026   0.072   0.
  2017 352  1 34 33 488 352.065665379     -15.14    -36.91     58.24  0.        1084.683      -2460.181      -2296.349    0.000  -0.026   0.072   0.
  2017 352  1 34 34 488 352.065676953     -15.44    -34.27     59.50  0.        1087.992      -2461.098      -2293.914    0.000  -0.026   0.072   0.
  2017 352  1 34 35 488 352.065688527     -15.88    -31.70     60.47  0.        1091.300      -2462.012      -2291.477    0.000  -0.026   0.072   0.
  2017 352  1 34 36 488 352.065700101     -16.42    -29.14     61.07  0.        1094.607      -2462.924      -2289.038    0.000  -0.026   0.073   0.
  2017 352  1 34 37 488 352.065711675     -17.06    -26.68     61.27  0.        1097.912      -2463.834      -2286.596    0.000  -0.026   0.073   0.
  2017 352  1 34 38 488 352.065723249     -17.80    -24.33     61.02  0.        1101.217      -2464.742      -2284.153    0.000  -0.027   0.073   0.
  2017 352  1 34 39 488 352.065734823     -18.66    -22.12     60.35  0.        1104.521      -2465.647      -2281.707    0.000  -0.027   0.073   0.
  2017 352  1 34 40 488 352.065746398     -19.52    -20.10     59.08  0.        1107.824      -2466.549      -2279.258    0.000  -0.027   0.074   0.
  2017 352  1 34 41 488 352.065757972     -20.47    -18.13     57.29  0.        1111.125      -2467.450      -2276.808    0.000  -0.027   0.074   0.
  2017 352  1 34 42 488 352.065769546     -21.39    -16.21     55.09  0.        1114.426      -2468.347      -2274.355    0.000  -0.027   0.074   0.
  2017 352  1 34 43 488 352.065781120     -21.97    -13.97     53.09  0.        1117.725      -2469.243      -2271.900    0.000  -0.027   0.074   0.
  2017 352  1 34 44 488 352.065792694     -21.00    -10.68     51.46  0.        1121.024      -2470.136      -2269.443    0.000  -0.027   0.075   0.
  2017 352  1 34 45 488 352.065804268     -19.25     -8.48     48.05  0.        1124.321      -2471.026      -2266.984    0.000  -0.027   0.075   0.
  2017 352  1 34 46 488 352.065815842     -18.48     -7.81     44.36  0.        1127.617      -2471.915      -2264.523    0.000  -0.027   0.075   0.
  2017 352  1 34 47 488 352.065827416     -17.89     -7.27     41.26  0.        1130.912      -2472.801      -2262.059    0.000  -0.027   0.075   0.
  2017 352  1 34 48 488 352.065838990     -17.31     -6.66     38.72  0.        1134.206      -2473.684      -2259.593    0.000  -0.028   0.076   0.
  2017 352  1 34 49 488 352.065850564     -16.79     -6.09     36.64  0.        1137.499      -2474.565      -2257.125    0.000  -0.028   0.076   0.
  2017 352  1 34 50 488 352.065862138     -16.34     -5.60     35.06  0.        1140.791      -2475.444      -2254.655    0.000  -0.028   0.076   0.
  2017 352  1 34 51 488 352.065873712     -15.97     -5.08     33.86  0.        1144.082      -2476.320      -2252.182    0.000  -0.028   0.076   0.
  2017 352  1 34 52 488 352.065885286     -15.67     -4.60     33.09  0.        1147.371      -2477.194      -2249.708    0.000  -0.028   0.077   0.
  2017 352  1 34 53 488 352.065896861     -15.44     -4.15     32.62  0.        1150.660      -2478.066      -2247.231    0.000  -0.028   0.077   0.
  2017 352  1 34 54 488 352.065908432     -15.24     -3.66     32.39  0.        1153.947      -2478.935      -2244.752    0.000  -0.028   0.078   0.
  2017 352  1 34 55 488 352.065920006     -15.07     -3.13     32.37  0.        1157.234      -2479.801      -2242.271    0.000  -0.028   0.078   0.
  2017 352  1 34 56 488 352.065931580     -14.96     -2.61     32.52  0.        1160.519      -2480.665      -2239.787    0.000  -0.028   0.078   0.
  2017 352  1 34 57 488 352.065943154     -14.86     -2.10     32.77  0.        1163.803      -2481.528      -2237.302    0.000  -0.028   0.078   0.
  2017 352  1 34 58 488 352.065954728     -14.70     -1.59     32.89  0.        1167.086      -2482.387      -2234.814    0.000  -0.029   0.078   0.
  2017 352  1 34 59 488 352.065966302     -14.47     -1.11     32.95  0.        1170.368      -2483.244      -2232.324    0.000  -0.029   0.078   0.
  2017 352  1 35  0 488 352.065977876     -14.16     -0.55     32.96  0.        1173.648      -2484.099      -2229.832    0.000  -0.029   0.079   0.
  2017 352  1 35  1 488 352.065989450     -13.72      0.06     32.79  0.        1176.928      -2484.951      -2227.338    0.000  -0.029   0.079   0.
  2017 352  1 35  2 488 352.066001024     -13.16      0.73     32.50  0.        1180.206      -2485.801      -2224.842    0.000  -0.029   0.080   0.
  2017 352  1 35  3 488 352.066012598     -12.43      1.48     32.20  0.        1183.484      -2486.649      -2222.343    0.000  -0.029   0.080   0.
  2017 352  1 35  4 488 352.066024172     -11.58      2.24     31.85  0.        1186.760      -2487.494      -2219.842    0.000  -0.029   0.080   0.
  2017 352  1 35  5 488 352.066035747     -10.63      2.97     31.38  0.        1190.035      -2488.336      -2217.339    0.000  -0.029   0.080   0.
  2017 352  1 35  6 488 352.066047321      -9.62      3.64     30.77  0.        1193.309      -2489.177      -2214.834    0.000  -0.029   0.081   0.
  2017 352  1 35  7 488 352.066058895      -8.61      4.27     30.10  0.        1196.581      -2490.014      -2212.327    0.000  -0.029   0.081   0.
  2017 352  1 35  8 488 352.066070469      -7.71      4.80     29.57  0.        1199.853      -2490.850      -2209.818    0.000  -0.030   0.081   0.
  2017 352  1 35  9 488 352.066082043      -6.90      5.28     29.11  0.        1203.123      -2491.683      -2207.306    0.000  -0.030   0.081   0.
  2017 352  1 35 10 488 352.066093617      -6.23      5.74     28.87  0.        1206.392      -2492.514      -2204.793    0.000  -0.030   0.082   0.
  2017 352  1 35 11 488 352.066105191      -5.71      6.19     28.75  0.        1209.660      -2493.342      -2202.277    0.000  -0.030   0.082   0.
  2017 352  1 35 12 488 352.066116765      -5.29      6.65     28.75  0.        1212.927      -2494.168      -2199.759    0.000  -0.030   0.082   0.
  2017 352  1 35 13 488 352.066128339      -4.96      7.18     28.82  0.        1216.193      -2494.991      -2197.239    0.000  -0.030   0.082   0.
  2017 352  1 35 14 488 352.066139913      -4.70      7.75     28.95  0.        1219.458      -2495.812      -2194.717    0.000  -0.030   0.083   0.
  2017 352  1 35 15 488 352.066151487      -4.51      8.37     29.09  0.        1222.721      -2496.631      -2192.193    0.000  -0.030   0.083   0.
  2017 352  1 35 16 488 352.066163061      -4.45      9.07     29.39  0.        1225.983      -2497.447      -2189.666    0.000  -0.030   0.084   0.
  2017 352  1 35 17 488 352.066174635      -4.47      9.77     29.72  0.        1229.244      -2498.260      -2187.138    0.000  -0.030   0.084   0.
  2017 352  1 35 18 488 352.066186210      -4.63     10.48     30.10  0.        1232.504      -2499.072      -2184.607    0.000  -0.031   0.084   0.
  2017 352  1 35 19 488 352.066197784      -4.89     11.16     30.40  0.        1235.763      -2499.881      -2182.074    0.000  -0.031   0.084   0.
  2017 352  1 35 20 488 352.066209358      -5.25     11.82     30.74  0.        1239.020      -2500.687      -2179.539    0.000  -0.031   0.084   0.
  2017 352  1 35 21 488 352.066220932      -5.58     12.44     30.81  0.        1242.276      -2501.491      -2177.002    0.000  -0.031   0.084   0.
  2017 352  1 35 22 488 352.066232504      -5.91     12.94     30.69  0.        1245.531      -2502.293      -2174.463    0.000  -0.031   0.085   0.
  2017 352  1 35 23 488 352.066244077      -6.20     13.34     30.34  0.        1248.785      -2503.092      -2171.922    0.000  -0.031   0.085   0.
  2017 352  1 35 24 488 352.066255651      -6.41     13.69     29.86  0.        1252.038      -2503.889      -2169.379    0.000  -0.031   0.086   0.
  2017 352  1 35 25 488 352.066267225      -6.54     13.94     29.22  0.        1255.290      -2504.684      -2166.833    0.000  -0.031   0.086   0.
  2017 352  1 35 26 488 352.066278799      -6.63     14.10     28.48  0.        1258.540      -2505.476      -2164.286    0.000  -0.031   0.086   0.
  2017 352  1 35 27 488 352.066290373      -6.63     14.24     27.66  0.        1261.789      -2506.265      -2161.736    0.000  -0.031   0.086   0.
  2017 352  1 35 28 488 352.066301947      -6.66     14.34     26.86  0.        1265.037      -2507.052      -2159.185    0.000  -0.032   0.087   0.
  2017 352  1 35 29 488 352.066313521      -6.67     14.40     26.10  0.        1268.283      -2507.837      -2156.631    0.000  -0.032   0.087   0.
  2017 352  1 35 30 488 352.066325095      -6.76     14.46     25.44  0.        1271.529      -2508.620      -2154.075    0.000  -0.032   0.088   0.
  2017 352  1 35 31 488 352.066336670      -6.92     14.50     24.95  0.        1274.773      -2509.399      -2151.517    0.000  -0.032   0.088   0.
  2017 352  1 35 32 488 352.066348244      -7.17     14.52     24.53  0.        1278.016      -2510.177      -2148.957    0.000  -0.032   0.088   0.
  2017 352  1 35 33 488 352.066359818      -7.49     14.58     24.21  0.        1281.257      -2510.952      -2146.395    0.000  -0.032   0.088   0.
  2017 352  1 35 34 488 352.066371392      -7.87     14.69     23.97  0.        1284.498      -2511.725      -2143.830    0.000  -0.032   0.089   0.
  2017 352  1 35 35 488 352.066382966      -8.33     14.85     23.79  0.        1287.737      -2512.495      -2141.264    0.000  -0.032   0.089   0.
  2017 352  1 35 36 488 352.066394540      -8.88     15.04     23.63  0.        1290.975      -2513.263      -2138.696    0.000  -0.033   0.089   0.
  2017 352  1 35 37 488 352.066406114      -9.44     15.27     23.51  0.        1294.212      -2514.028      -2136.125    0.000  -0.033   0.089   0.
  2017 352  1 35 38 488 352.066417688     -10.08     15.53     23.38  0.        1297.447      -2514.791      -2133.553    0.000  -0.033   0.090   0.
  2017 352  1 35 39 488 352.066429262     -10.77     15.74     23.19  0.        1300.682      -2515.552      -2130.978    0.000  -0.033   0.090   0.
  2017 352  1 35 40 488 352.066440836     -11.50     15.86     22.92  0.        1303.915      -2516.310      -2128.402    0.000  -0.033   0.090   0.
  2017 352  1 35 41 488 352.066452410     -12.26     15.92     22.59  0.        1307.147      -2517.066      -2125.823    0.000  -0.033   0.090   0.
  2017 352  1 35 42 488 352.066463984     -13.04     15.88     22.10  0.        1310.377      -2517.819      -2123.242    0.000  -0.033   0.091   0.
  2017 352  1 35 43 488 352.066475558     -13.78     15.68     21.49  0.        1313.606      -2518.570      -2120.659    0.000  -0.033   0.091   0.
  2017 352  1 35 44 488 352.066487133     -14.45     15.30     20.72  0.        1316.834      -2519.318      -2118.074    0.000  -0.033   0.091   0.
  2017 352  1 35 45 488 352.066498707     -15.02     14.81     19.80  0.        1320.061      -2520.064      -2115.487    0.000  -0.033   0.091   0.
  2017 352  1 35 46 488 352.066510281     -15.48     14.26     18.83  0.        1323.286      -2520.808      -2112.899    0.000  -0.033   0.092   0.
  2017 352  1 35 47 488 352.066521855     -15.85     13.62     17.74  0.        1326.511      -2521.549      -2110.308    0.000  -0.033   0.092   0.
  2017 352  1 35 48 488 352.066533429     -16.13     12.97     16.72  0.        1329.734      -2522.288      -2107.715    0.000  -0.034   0.092   0.
  2017 352  1 35 49 488 352.066545003     -16.35     12.38     15.65  0.        1332.955      -2523.024      -2105.119    0.000  -0.034   0.092   0.
  2017 352  1 35 50 488 352.066556577     -16.50     11.87     14.60  0.        1336.176      -2523.758      -2102.522    0.000  -0.034   0.093   0.
  2017 352  1 35 51 488 352.066568151     -16.59     11.47     13.60  0.        1339.395      -2524.489      -2099.923    0.000  -0.034   0.093   0.
  2017 352  1 35 52 487 352.066579723     -16.67     11.15     12.63  0.        1342.612      -2525.218      -2097.322    0.000  -0.034   0.094   0.
  2017 352  1 35 53 487 352.066591296     -16.77     10.91     11.72  0.        1345.829      -2525.945      -2094.719    0.000  -0.034   0.094   0.
  2017 352  1 35 54 488 352.066602870     -16.90     10.72     10.88  0.        1349.044      -2526.669      -2092.114    0.000  -0.034   0.094   0.
  2017 352  1 35 55 488 352.066614444     -17.03     10.57     10.03  0.        1352.258      -2527.391      -2089.506    0.000  -0.034   0.094   0.
  2017 352  1 35 56 487 352.066626019     -17.20     10.42      9.20  0.        1355.471      -2528.110      -2086.897    0.000  -0.034   0.095   0.
  2017 352  1 35 57 487 352.066637593     -17.42     10.18      8.39  0.        1358.682      -2528.827      -2084.286    0.000  -0.034   0.095   0.
  2017 352  1 35 58 488 352.066649167     -17.67      9.93      7.59  0.        1361.892      -2529.542      -2081.673    0.000  -0.035   0.095   0.
  2017 352  1 35 59 488 352.066660741     -17.92      9.63      6.82  0.        1365.101      -2530.254      -2079.057    0.000  -0.035   0.095   0.
  2017 352  1 36  0 488 352.066672315     -18.20      9.26      6.03  0.        1368.308      -2530.963      -2076.440    0.000  -0.035   0.096   0.
  2017 352  1 36  1 488 352.066683889     -18.46      8.80      5.26  0.        1371.514      -2531.670      -2073.821    0.000  -0.035   0.096   0.
  2017 352  1 36  2 488 352.066695463     -18.69      8.21      4.49  0.        1374.719      -2532.375      -2071.200    0.000  -0.035   0.096   0.
  2017 352  1 36  3 487 352.066707037     -18.84      7.55      3.72  0.        1377.923      -2533.077      -2068.576    0.000  -0.035   0.096   0.
  2017 352  1 36  4 487 352.066718611     -18.97      6.79      3.04  0.        1381.125      -2533.777      -2065.951    0.000  -0.035   0.097   0.
  2017 352  1 36  5 487 352.066730185     -19.17      5.91      2.45  0.        1384.326      -2534.475      -2063.324    0.000  -0.035   0.097   0.
  2017 352  1 36  6 487 352.066741759     -19.41      4.77      1.92  0.        1387.525      -2535.170      -2060.695    0.000  -0.035   0.097   0.
  2017 352  1 36  7 487 352.066753333     -20.70      3.72      1.35  0.        1390.723      -2535.862      -2058.063    0.000  -0.035   0.097   0.
  2017 352  1 36  8 488 352.066764907     -21.23      4.06     -0.49  0.        1393.920      -2536.552      -2055.430    0.000  -0.036   0.098   0.
  2017 352  1 36  9 488 352.066776481     -20.96      3.99     -2.05  0.        1397.115      -2537.240      -2052.795    0.000  -0.036   0.098   0.
  2017 352  1 36 10 487 352.066788056     -20.50      3.53     -3.46  0.        1400.310      -2537.925      -2050.158    0.000  -0.036   0.098   0.
  2017 352  1 36 11 487 352.066799630     -20.06      2.81     -4.64  0.        1403.503      -2538.608      -2047.519    0.000  -0.036   0.098   0.
  2017 352  1 36 12 488 352.066811204     -19.64      2.00     -5.76  0.        1406.694      -2539.289      -2044.878    0.000  -0.036   0.099   0.
  2017 352  1 36 13 488 352.066822778     -19.20      1.14     -6.76  0.        1409.884      -2539.967      -2042.235    0.000  -0.036   0.099   0.
  2017 352  1 36 14 488 352.066834352     -18.73      0.34     -7.68  0.        1413.073      -2540.642      -2039.590    0.000  -0.036   0.100   0.
  2017 352  1 36 15 488 352.066845926     -18.29     -0.45     -8.48  0.        1416.260      -2541.315      -2036.943    0.000  -0.036   0.100   0.
  2017 352  1 36 16 487 352.066857500     -17.81     -1.20     -9.21  0.        1419.446      -2541.986      -2034.294    0.000  -0.037   0.100   0.
  2017 352  1 36 17 487 352.066869074     -17.31     -1.89     -9.72  0.        1422.631      -2542.654      -2031.643    0.000  -0.037   0.100   0.
  2017 352  1 36 18 487 352.066880648     -16.87     -2.53    -10.00  0.        1425.815      -2543.320      -2028.990    0.000  -0.037   0.101   0.
  2017 352  1 36 19 487 352.066892222     -16.43     -3.15    -10.19  0.        1428.997      -2543.983      -2026.335    0.000  -0.037   0.101   0.
  2017 352  1 36 20 487 352.066903796     -16.00     -3.77    -10.28  0.        1432.177      -2544.644      -2023.678    0.000  -0.037   0.101   0.
  2017 352  1 36 21 488 352.066915370     -15.61     -4.36    -10.18  0.        1435.357      -2545.303      -2021.020    0.000  -0.037   0.101   0.
  2017 352  1 36 22 488 352.066926943     -15.26     -4.96     -9.95  0.        1438.534      -2545.959      -2018.359    0.000  -0.037   0.102   0.
  2017 352  1 36 23 487 352.066938516     -14.96     -5.54     -9.62  0.        1441.711      -2546.613      -2015.696    0.000  -0.037   0.102   0.
  2017 352  1 36 24 487 352.066950090     -14.72     -6.11     -9.13  0.        1444.886      -2547.264      -2013.032    0.000  -0.037   0.102   0.
  2017 352  1 36 25 487 352.066961664     -14.48     -6.63     -8.55  0.        1448.060      -2547.913      -2010.365    0.000  -0.037   0.102   0.
  2017 352  1 36 26 487 352.066973238     -14.27     -7.17     -7.91  0.        1451.232      -2548.559      -2007.697    0.000  -0.038   0.103   0.
  2017 352  1 36 27 487 352.066984812     -14.13     -7.68     -7.13  0.        1454.403      -2549.203      -2005.027    0.000  -0.038   0.103   0.
  2017 352  1 36 28 487 352.066996386     -13.99     -8.19     -6.25  0.        1457.573      -2549.844      -2002.355    0.000  -0.038   0.103   0.
  2017 352  1 36 29 487 352.067007960     -13.84     -8.73     -5.33  0.        1460.741      -2550.483      -1999.680    0.000  -0.038   0.103   0.
  2017 352  1 36 30 487 352.067019534     -13.74     -9.24     -4.35  0.        1463.908      -2551.120      -1997.004    0.000  -0.038   0.104   0.
  2017 352  1 36 31 487 352.067031108     -13.62     -9.75     -3.40  0.        1467.073      -2551.754      -1994.326    0.000  -0.038   0.104   0.
  2017 352  1 36 32 487 352.067042682     -13.45    -10.14     -2.49  0.        1470.237      -2552.386      -1991.647    0.000  -0.038   0.105   0.
  2017 352  1 36 33 487 352.067054256     -13.19    -10.40     -1.63  0.        1473.400      -2553.015      -1988.965    0.000  -0.038   0.105   0.
  2017 352  1 36 34 487 352.067065830     -12.81    -10.46     -0.75  0.        1476.561      -2553.642      -1986.281    0.000  -0.038   0.105   0.
  2017 352  1 36 35 487 352.067077404     -12.24    -10.37      0.10  0.        1479.721      -2554.266      -1983.596    0.000  -0.038   0.105   0.
  2017 352  1 36 36 487 352.067088979     -11.47    -10.08      0.98  0.        1482.880      -2554.888      -1980.908    0.000  -0.038   0.106   0.
  2017 352  1 36 37 487 352.067100553     -10.51     -9.57      1.86  0.        1486.037      -2555.508      -1978.218    0.000  -0.038   0.106   0.
  2017 352  1 36 38 487 352.067112127      -9.44     -8.86      2.64  0.        1489.192      -2556.125      -1975.527    0.000  -0.039   0.106   0.
  2017 352  1 36 39 487 352.067123701      -8.35     -8.07      3.27  0.        1492.346      -2556.740      -1972.834    0.000  -0.039   0.106   0.
  2017 352  1 36 40 487 352.067135275      -7.38     -7.26      3.66  0.        1495.499      -2557.352      -1970.139    0.000  -0.039   0.107   0.
  2017 352  1 36 41 487 352.067146849      -6.60     -6.49      3.89  0.        1498.650      -2557.961      -1967.442    0.000  -0.039   0.107   0.
  2017 352  1 36 42 487 352.067158423      -5.98     -5.91      4.04  0.        1501.800      -2558.569      -1964.743    0.000  -0.039   0.107   0.
  2017 352  1 36 43 487 352.067169997      -5.51     -5.47      4.25  0.        1504.949      -2559.174      -1962.042    0.000  -0.039   0.107   0.
  2017 352  1 36 44 487 352.067181571      -5.12     -5.13      4.50  0.        1508.096      -2559.776      -1959.340    0.000  -0.039   0.108   0.
  2017 352  1 36 45 487 352.067193145      -4.70     -4.96      4.80  0.        1511.242      -2560.376      -1956.635    0.000  -0.039   0.108   0.
  2017 352  1 36 46 487 352.067204719      -4.23     -4.76      5.11  0.        1514.386      -2560.974      -1953.929    0.000  -0.039   0.108   0.
  2017 352  1 36 47 487 352.067216293      -3.75     -4.63      5.39  0.        1517.529      -2561.569      -1951.221    0.000  -0.039   0.108   0.
  2017 352  1 36 48 487 352.067227867      -3.28     -4.53      5.68  0.        1520.670      -2562.162      -1948.511    0.000  -0.040   0.109   0.
  2017 352  1 36 49 487 352.067239442      -2.80     -4.44      5.94  0.        1523.810      -2562.752      -1945.799    0.000  -0.040   0.109   0.
  2017 352  1 36 50 487 352.067251013      -2.36     -4.44      6.15  0.        1526.948      -2563.340      -1943.085    0.000  -0.040   0.110   0.
  2017 352  1 36 51 487 352.067262587      -2.06     -4.47      6.37  0.        1530.085      -2563.925      -1940.369    0.000  -0.040   0.110   0.
  2017 352  1 36 52 487 352.067274161      -1.82     -4.49      6.56  0.        1533.221      -2564.508      -1937.652    0.000  -0.040   0.110   0.
  2017 352  1 36 53 487 352.067285735      -1.61     -4.49      6.69  0.        1536.355      -2565.089      -1934.933    0.000  -0.040   0.110   0.
  2017 352  1 36 54 487 352.067297309      -1.44     -4.34      6.86  0.        1539.487      -2565.667      -1932.211    0.000  -0.040   0.111   0.
  2017 352  1 36 55 487 352.067308883      -1.19     -4.13      7.07  0.        1542.618      -2566.243      -1929.488    0.000  -0.040   0.111   0.
  2017 352  1 36 56 487 352.067320457      -0.84     -3.84      7.36  0.        1545.748      -2566.816      -1926.764    0.000  -0.040   0.111   0.
  2017 352  1 36 57 487 352.067332031      -0.45     -3.44      7.76  0.        1548.876      -2567.387      -1924.037    0.000  -0.040   0.111   0.
  2017 352  1 36 58 487 352.067343605      -0.15     -3.13      8.25  0.        1552.003      -2567.955      -1921.308    0.000  -0.041   0.112   0.
  2017 352  1 36 59 487 352.067355179       0.06     -2.94      8.82  0.        1555.128      -2568.521      -1918.578    0.000  -0.041   0.112   0.
  2017 352  1 37  0 487 352.067366753       0.22     -2.92      9.44  0.        1558.252      -2569.084      -1915.846    0.000  -0.041   0.112   0.
  2017 352  1 37  1 487 352.067378328       0.33     -3.03     10.00  0.        1561.374      -2569.645      -1913.112    0.000  -0.041   0.112   0.
  2017 352  1 37  2 487 352.067389902       0.49     -3.16     10.48  0.        1564.495      -2570.204      -1910.376    0.000  -0.041   0.113   0.
  2017 352  1 37  3 487 352.067401476       0.67     -3.30     10.87  0.        1567.615      -2570.760      -1907.638    0.000  -0.041   0.113   0.
  2017 352  1 37  4 487 352.067413050       0.86     -3.43     11.13  0.        1570.732      -2571.314      -1904.899    0.000  -0.041   0.113   0.
  2017 352  1 37  5 487 352.067424624       1.05     -3.55     11.33  0.        1573.849      -2571.865      -1902.158    0.000  -0.041   0.113   0.
  2017 352  1 37  6 487 352.067436198       1.27     -3.66     11.44  0.        1576.964      -2572.414      -1899.414    0.000  -0.042   0.114   0.
  2017 352  1 37  7 487 352.067447772       1.52     -3.81     11.55  0.        1580.077      -2572.960      -1896.670    0.000  -0.042   0.114   0.
  2017 352  1 37  8 487 352.067459346       1.75     -3.94     11.64  0.        1583.189      -2573.504      -1893.923    0.000  -0.042   0.114   0.
  2017 352  1 37  9 487 352.067470920       2.01     -4.01     11.74  0.        1586.299      -2574.046      -1891.174    0.000  -0.042   0.114   0.
  2017 352  1 37 10 487 352.067482494       2.27     -4.05     11.88  0.        1589.408      -2574.585      -1888.424    0.000  -0.042   0.115   0.
  2017 352  1 37 11 487 352.067494068       2.53     -4.10     11.99  0.        1592.516      -2575.122      -1885.672    0.000  -0.042   0.115   0.
  2017 352  1 37 12 487 352.067505642       2.79     -4.14     12.14  0.        1595.622      -2575.656      -1882.918    0.000  -0.042   0.115   0.
  2017 352  1 37 13 487 352.067517216       3.02     -4.14     12.28  0.        1598.726      -2576.188      -1880.162    0.000  -0.042   0.115   0.
  2017 352  1 37 14 487 352.067528790       3.26     -4.14     12.40  0.        1601.829      -2576.717      -1877.405    0.000  -0.042   0.116   0.
  2017 352  1 37 15 487 352.067540365       3.47     -4.10     12.54  0.        1604.930      -2577.244      -1874.646    0.000  -0.042   0.116   0.
  2017 352  1 37 16 487 352.067551939       3.69     -4.05     12.68  0.        1608.030      -2577.769      -1871.885    0.000  -0.042   0.117   0.
  2017 352  1 37 17 487 352.067563513       3.89     -3.99     12.76  0.        1611.129      -2578.291      -1869.122    0.000  -0.042   0.117   0.
  2017 352  1 37 18 487 352.067575087       4.10     -4.00     12.78  0.        1614.225      -2578.810      -1866.358    0.000  -0.043   0.117   0.
  2017 352  1 37 19 487 352.067586661       4.26     -3.92     12.91  0.        1617.321      -2579.327      -1863.591    0.000  -0.043   0.117   0.
  2017 352  1 37 20 487 352.067598235       4.39     -3.86     13.05  0.        1620.415      -2579.842      -1860.823    0.000  -0.043   0.118   0.
  2017 352  1 37 21 487 352.067609809       4.56     -3.84     13.15  0.        1623.507      -2580.355      -1858.053    0.000  -0.043   0.118   0.
  2017 352  1 37 22 487 352.067621381       4.69     -3.80     13.27  0.        1626.597      -2580.864      -1855.282    0.000  -0.043   0.118   0.
  2017 352  1 37 23 487 352.067632954       4.83     -3.79     13.40  0.        1629.687      -2581.372      -1852.508    0.000  -0.043   0.118   0.
  2017 352  1 37 24 487 352.067644528       5.06     -3.78     13.58  0.        1632.774      -2581.877      -1849.733    0.000  -0.043   0.119   0.
  2017 352  1 37 25 487 352.067656102       5.22     -3.78     13.70  0.        1635.860      -2582.379      -1846.956    0.000  -0.043   0.119   0.
  2017 352  1 37 26 487 352.067667677       5.36     -3.69     13.82  0.        1638.945      -2582.880      -1844.178    0.000  -0.043   0.119   0.
  2017 352  1 37 27 487 352.067679251       5.49     -3.62     13.89  0.        1642.028      -2583.377      -1841.397    0.000  -0.043   0.119   0.
  2017 352  1 37 28 487 352.067690825       5.57     -3.57     13.96  0.        1645.109      -2583.873      -1838.615    0.000  -0.044   0.120   0.
  2017 352  1 37 29 487 352.067702399       5.66     -3.58     14.01  0.        1648.189      -2584.365      -1835.832    0.000  -0.044   0.120   0.
  2017 352  1 37 30 487 352.067713973       5.75     -3.49     14.07  0.        1651.268      -2584.856      -1833.046    0.000  -0.044   0.120   0.
  2017 352  1 37 31 487 352.067725547       5.83     -3.46     14.08  0.        1654.345      -2585.344      -1830.259    0.000  -0.044   0.120   0.
  2017 352  1 37 32 487 352.067737121       5.92     -3.43     14.19  0.        1657.420      -2585.829      -1827.470    0.000  -0.044   0.121   0.
  2017 352  1 37 33 487 352.067748695       6.02     -3.37     14.26  0.        1660.494      -2586.313      -1824.679    0.000  -0.044   0.121   0.
  2017 352  1 37 34 487 352.067760269       6.14     -3.35     14.33  0.        1663.566      -2586.793      -1821.886    0.000  -0.044   0.122   0.
  2017 352  1 37 35 487 352.067771843       6.25     -3.31     14.38  0.        1666.636      -2587.271      -1819.092    0.000  -0.044   0.122   0.
  2017 352  1 37 36 487 352.067783417       6.40     -3.28     14.38  0.        1669.705      -2587.747      -1816.296    0.000  -0.044   0.122   0.
  2017 352  1 37 37 487 352.067794991       6.52     -3.20     14.43  0.        1672.773      -2588.221      -1813.499    0.000  -0.044   0.122   0.
  2017 352  1 37 38 487 352.067806565       6.64     -3.15     14.47  0.        1675.839      -2588.692      -1810.699    0.000  -0.045   0.123   0.
  2017 352  1 37 39 487 352.067818139       6.77     -3.11     14.51  0.        1678.903      -2589.160      -1807.898    0.000  -0.045   0.123   0.
  2017 352  1 37 40 487 352.067829714       6.91     -3.02     14.55  0.        1681.966      -2589.626      -1805.096    0.000  -0.045   0.123   0.
  2017 352  1 37 41 487 352.067841288       7.10     -3.03     14.51  0.        1685.027      -2590.090      -1802.291    0.000  -0.045   0.123   0.
  2017 352  1 37 42 487 352.067852862       7.23     -2.98     14.56  0.        1688.087      -2590.551      -1799.485    0.000  -0.045   0.124   0.
  2017 352  1 37 43 487 352.067864436       7.34     -2.91     14.65  0.        1691.145      -2591.010      -1796.677    0.000  -0.045   0.124   0.
  2017 352  1 37 44 487 352.067876010       7.49     -2.87     14.64  0.        1694.201      -2591.466      -1793.868    0.000  -0.045   0.124   0.
  2017 352  1 37 45 487 352.067887584       7.64     -2.83     14.62  0.        1697.256      -2591.920      -1791.057    0.000  -0.045   0.124   0.
  2017 352  1 37 46 487 352.067899158       7.74     -2.73     14.70  0.        1700.309      -2592.372      -1788.244    0.000  -0.045   0.125   0.
  2017 352  1 37 47 487 352.067910732       7.81     -2.69     14.74  0.        1703.361      -2592.821      -1785.429    0.000  -0.045   0.125   0.
  2017 352  1 37 48 487 352.067922306       7.88     -2.67     14.84  0.        1706.411      -2593.268      -1782.613    0.000  -0.046   0.125   0.
  2017 352  1 37 49 487 352.067933880       7.95     -2.63     14.94  0.        1709.459      -2593.712      -1779.795    0.000  -0.046   0.125   0.
  2017 352  1 37 50 487 352.067945452       8.04     -2.63     15.07  0.        1712.506      -2594.154      -1776.975    0.000  -0.046   0.126   0.
  2017 352  1 37 51 487 352.067957025       8.12     -2.64     15.29  0.        1715.552      -2594.593      -1774.154    0.000  -0.046   0.126   0.
  2017 352  1 37 52 486 352.067968600       8.22     -2.66     15.53  0.        1718.595      -2595.030      -1771.331    0.000  -0.046   0.126   0.
  2017 352  1 37 53 486 352.067980174       8.32     -2.65     15.80  0.        1721.637      -2595.464      -1768.507    0.000  -0.046   0.126   0.
  2017 352  1 37 54 487 352.067991748       8.40     -2.64     16.05  0.        1724.678      -2595.897      -1765.680    0.000  -0.046   0.127   0.
  2017 352  1 37 55 487 352.068003322       8.46     -2.59     16.24  0.        1727.717      -2596.326      -1762.853    0.000  -0.046   0.127   0.
  2017 352  1 37 56 487 352.068014896       8.44     -2.57     16.39  0.        1730.754      -2596.754      -1760.023    0.000  -0.046   0.127   0.
  2017 352  1 37 57 487 352.068026470       8.43     -2.51     16.52  0.        1733.789      -2597.178      -1757.192    0.000  -0.046   0.127   0.
  2017 352  1 37 58 487 352.068038044       8.39     -2.48     16.61  0.        1736.823      -2597.601      -1754.359    0.000  -0.047   0.128   0.
  2017 352  1 37 59 486 352.068049618       8.35     -2.41     16.65  0.        1739.856      -2598.021      -1751.525    0.000  -0.047   0.128   0.
  2017 352  1 38  0 486 352.068061192       8.33     -2.32     16.66  0.        1742.887      -2598.438      -1748.688    0.000  -0.047   0.129   0.
  2017 352  1 38  1 486 352.068072766       8.30     -2.18     16.63  0.        1745.916      -2598.853      -1745.851    0.000  -0.047   0.129   0.
  2017 352  1 38  2 486 352.068084340       8.25     -2.02     16.55  0.        1748.943      -2599.266      -1743.011    0.000  -0.047   0.129   0.
  2017 352  1 38  3 487 352.068095914       8.23     -1.85     16.48  0.        1751.969      -2599.676      -1740.170    0.000  -0.047   0.129   0.
  2017 352  1 38  4 487 352.068107488       8.22     -1.65     16.34  0.        1754.993      -2600.084      -1737.328    0.000  -0.047   0.130   0.
  2017 352  1 38  5 486 352.068119062       8.16     -1.43     16.22  0.        1758.016      -2600.490      -1734.483    0.000  -0.047   0.130   0.
  2017 352  1 38  6 486 352.068130637       8.10     -1.25     16.11  0.        1761.037      -2600.893      -1731.637    0.000  -0.047   0.130   0.
  2017 352  1 38  7 487 352.068142211       8.03     -1.08     15.99  0.        1764.056      -2601.293      -1728.790    0.000  -0.047   0.130   0.
  2017 352  1 38  8 487 352.068153785       7.96     -0.90     15.90  0.        1767.074      -2601.691      -1725.941    0.000  -0.048   0.131   0.
  2017 352  1 38  9 487 352.068165359       7.86     -0.76     15.91  0.        1770.090      -2602.087      -1723.090    0.000  -0.048   0.131   0.
  2017 352  1 38 10 487 352.068176933       7.71     -0.62     15.89  0.        1773.104      -2602.481      -1720.238    0.000  -0.048   0.131   0.
  2017 352  1 38 11 487 352.068188507       7.58     -0.55     15.82  0.        1776.117      -2602.871      -1717.384    0.000  -0.048   0.131   0.
  2017 352  1 38 12 486 352.068200081       7.42     -0.52     15.82  0.        1779.128      -2603.260      -1714.528    0.000  -0.048   0.132   0.
  2017 352  1 38 13 486 352.068211655       7.32     -0.50     15.78  0.        1782.138      -2603.646      -1711.671    0.000  -0.048   0.132   0.
  2017 352  1 38 14 486 352.068223229       7.19     -0.45     15.78  0.        1785.146      -2604.030      -1708.812    0.000  -0.048   0.132   0.
  2017 352  1 38 15 486 352.068234803       7.07     -0.43     15.82  0.        1788.152      -2604.411      -1705.952    0.000  -0.048   0.132   0.
  2017 352  1 38 16 486 352.068246377       7.00     -0.36     15.78  0.        1791.156      -2604.790      -1703.090    0.000  -0.048   0.133   0.
  2017 352  1 38 17 487 352.068257951       6.88     -0.32     15.74  0.        1794.159      -2605.166      -1700.227    0.000  -0.048   0.133   0.
  2017 352  1 38 18 487 352.068269525       6.74     -0.27     15.71  0.        1797.160      -2605.540      -1697.362    0.000  -0.049   0.133   0.
  2017 352  1 38 19 486 352.068281100       6.56     -0.34     15.76  0.        1800.160      -2605.912      -1694.495    0.000  -0.049   0.133   0.
  2017 352  1 38 20 486 352.068292672       6.40     -0.44     16.11  0.        1803.157      -2606.281      -1691.627    0.000  -0.049   0.134   0.
  2017 352  1 38 21 486 352.068304245       6.46     -0.59     16.54  0.        1806.154      -2606.648      -1688.757    0.000  -0.049   0.134   0.
  2017 352  1 38 22 486 352.068315819       6.52     -0.64     17.10  0.        1809.148      -2607.012      -1685.886    0.000  -0.049   0.134   0.
  2017 352  1 38 23 486 352.068327393       6.60     -0.66     17.65  0.        1812.141      -2607.374      -1683.013    0.000  -0.049   0.134   0.
  2017 352  1 38 24 486 352.068338967       6.66     -0.67     18.11  0.        1815.132      -2607.733      -1680.138    0.000  -0.049   0.135   0.
  2017 352  1 38 25 486 352.068350541       6.70     -0.69     18.47  0.        1818.122      -2608.091      -1677.262    0.000  -0.049   0.135   0.
  2017 352  1 38 26 486 352.068362115       6.63     -0.68     18.80  0.        1821.109      -2608.445      -1674.385    0.000  -0.049   0.136   0.
  2017 352  1 38 27 486 352.068373689       6.48     -0.68     18.98  0.        1824.095      -2608.797      -1671.505    0.000  -0.049   0.136   0.
  2017 352  1 38 28 486 352.068385263       6.34     -0.70     19.03  0.        1827.080      -2609.147      -1668.625    0.000  -0.049   0.136   0.
  2017 352  1 38 29 486 352.068396837       6.14     -0.72     19.01  0.        1830.062      -2609.495      -1665.742    0.000  -0.049   0.136   0.
  2017 352  1 38 30 486 352.068408411       5.95     -0.73     18.94  0.        1833.044      -2609.840      -1662.859    0.000  -0.050   0.137   0.
  2017 352  1 38 31 486 352.068419986       5.75     -0.67     18.89  0.        1836.023      -2610.182      -1659.973    0.000  -0.050   0.137   0.
  2017 352  1 38 32 486 352.068431560       5.64     -0.63     18.75  0.        1839.001      -2610.523      -1657.086    0.000  -0.050   0.137   0.
  2017 352  1 38 33 486 352.068443134       5.56     -0.65     18.56  0.        1841.976      -2610.860      -1654.198    0.000  -0.050   0.137   0.
  2017 352  1 38 34 486 352.068454708       5.51     -0.76     18.38  0.        1844.951      -2611.196      -1651.308    0.000  -0.050   0.138   0.
  2017 352  1 38 35 486 352.068466282       5.49     -0.85     18.16  0.        1847.923      -2611.529      -1648.417    0.000  -0.050   0.138   0.
  2017 352  1 38 36 486 352.068477856       5.27     -0.96     17.89  0.        1850.894      -2611.860      -1645.524    0.000  -0.050   0.138   0.
  2017 352  1 38 37 486 352.068489430       5.07     -1.14     17.87  0.        1853.863      -2612.188      -1642.629    0.000  -0.050   0.138   0.
  2017 352  1 38 38 486 352.068501004       5.15     -1.07     17.75  0.        1856.831      -2612.513      -1639.733    0.000  -0.050   0.139   0.
  2017 352  1 38 39 486 352.068512578       5.14     -1.09     17.46  0.        1859.796      -2612.837      -1636.836    0.000  -0.050   0.139   0.
  2017 352  1 38 40 486 352.068524152       5.12     -1.15     17.18  0.        1862.760      -2613.158      -1633.937    0.000  -0.051   0.139   0.
  2017 352  1 38 41 486 352.068535726       5.11     -1.21     16.98  0.        1865.723      -2613.476      -1631.036    0.000  -0.051   0.139   0.
  2017 352  1 38 42 486 352.068547300       5.21     -1.23     16.77  0.        1868.683      -2613.792      -1628.134    0.000  -0.051   0.140   0.
  2017 352  1 38 43 486 352.068558874       5.31     -1.23     16.63  0.        1871.642      -2614.106      -1625.230    0.000  -0.051   0.140   0.
  2017 352  1 38 44 486 352.068570448       5.44     -1.20     16.48  0.        1874.599      -2614.418      -1622.325    0.000  -0.051   0.140   0.
  2017 352  1 38 45 486 352.068582023       5.54     -1.08     16.31  0.        1877.555      -2614.726      -1619.419    0.000  -0.051   0.140   0.
  2017 352  1 38 46 486 352.068593597       5.61     -0.99     16.18  0.        1880.508      -2615.033      -1616.511    0.000  -0.051   0.141   0.
  2017 352  1 38 47 486 352.068605171       5.67     -0.85     16.02  0.        1883.460      -2615.337      -1613.601    0.000  -0.051   0.141   0.
  2017 352  1 38 48 486 352.068616745       5.72     -0.70     15.84  0.        1886.411      -2615.639      -1610.690    0.000  -0.051   0.141   0.
  2017 352  1 38 49 486 352.068628319       5.75     -0.53     15.63  0.        1889.359      -2615.938      -1607.778    0.000  -0.051   0.141   0.
  2017 352  1 38 50 486 352.068639891       5.76     -0.32     15.47  0.        1892.306      -2616.235      -1604.864    0.000  -0.052   0.142   0.
  2017 352  1 38 51 486 352.068651464       5.75     -0.14     15.28  0.        1895.251      -2616.530      -1601.948    0.000  -0.052   0.142   0.
  2017 352  1 38 52 486 352.068663038       5.77      0.05     15.13  0.        1898.194      -2616.822      -1599.031    0.000  -0.052   0.142   0.
  2017 352  1 38 53 486 352.068674612       5.76      0.19     14.96  0.        1901.136      -2617.111      -1596.113    0.000  -0.052   0.142   0.
  2017 352  1 38 54 486 352.068686186       5.71      0.31     14.84  0.        1904.076      -2617.399      -1593.193    0.000  -0.052   0.143   0.
  2017 352  1 38 55 486 352.068697760       5.66      0.39     14.85  0.        1907.014      -2617.684      -1590.272    0.000  -0.052   0.143   0.
  2017 352  1 38 56 486 352.068709334       5.77      0.43     14.94  0.        1909.950      -2617.967      -1587.349    0.000  -0.052   0.144   0.
  2017 352  1 38 57 486 352.068720909       5.90      0.49     15.11  0.        1912.885      -2618.247      -1584.425    0.000  -0.052   0.144   0.
  2017 352  1 38 58 486 352.068732483       6.05      0.55     15.46  0.        1915.818      -2618.525      -1581.499    0.000  -0.052   0.144   0.
  2017 352  1 38 59 486 352.068744057       6.42      0.65     15.88  0.        1918.749      -2618.800      -1578.572    0.000  -0.052   0.144   0.
  2017 352  1 39  0 486 352.068755631       6.87      0.87     16.23  0.        1921.678      -2619.073      -1575.644    0.000  -0.053   0.145   0.
  2017 352  1 39  1 486 352.068767205       7.26      1.12     16.50  0.        1924.606      -2619.344      -1572.714    0.000  -0.053   0.145   0.
  2017 352  1 39  2 486 352.068778779       7.61      1.38     16.74  0.        1927.532      -2619.612      -1569.782    0.000  -0.053   0.145   0.
  2017 352  1 39  3 486 352.068790353       7.91      1.71     16.91  0.        1930.456      -2619.878      -1566.849    0.000  -0.053   0.145   0.
  2017 352  1 39  4 486 352.068801927       8.22      2.06     16.99  0.        1933.378      -2620.141      -1563.915    0.000  -0.053   0.146   0.
  2017 352  1 39  5 486 352.068813501       8.45      2.35     16.98  0.        1936.299      -2620.402      -1560.979    0.000  -0.053   0.146   0.
  2017 352  1 39  6 486 352.068825075       8.52      2.56     17.00  0.        1939.217      -2620.661      -1558.042    0.000  -0.053   0.146   0.
  2017 352  1 39  7 486 352.068836649       8.56      2.64     16.93  0.        1942.134      -2620.917      -1555.103    0.000  -0.053   0.146   0.
  2017 352  1 39  8 486 352.068848223       8.55      2.70     16.87  0.        1945.050      -2621.171      -1552.163    0.000  -0.053   0.147   0.
  2017 352  1 39  9 486 352.068859798       8.49      2.71     16.82  0.        1947.963      -2621.423      -1549.222    0.000  -0.053   0.147   0.
  2017 352  1 39 10 486 352.068871371       8.47      2.76     16.78  0.        1950.875      -2621.672      -1546.279    0.000  -0.054   0.147   0.
  2017 352  1 39 11 486 352.068882946       8.42      2.84     16.72  0.        1953.785      -2621.918      -1543.335    0.000  -0.054   0.147   0.
  2017 352  1 39 12 486 352.068894520       8.36      2.94     16.62  0.        1956.693      -2622.163      -1540.389    0.000  -0.054   0.148   0.
  2017 352  1 39 13 486 352.068906094       8.27      3.10     16.40  0.        1959.599      -2622.405      -1537.442    0.000  -0.054   0.148   0.
  2017 352  1 39 14 486 352.068917668       8.01      3.33     15.66  0.        1962.504      -2622.644      -1534.494    0.000  -0.054   0.148   0.
  2017 352  1 39 15 486 352.068929242       7.21      2.90     14.99  0.        1965.407      -2622.882      -1531.544    0.000  -0.054   0.148   0.
  2017 352  1 39 16 486 352.068940816       6.98      2.17     16.28  0.        1968.308      -2623.116      -1528.592    0.000  -0.054   0.149   0.
  2017 352  1 39 17 486 352.068952390       7.86      2.22     18.47  0.        1971.207      -2623.349      -1525.640    0.000  -0.054   0.149   0.
  2017 352  1 39 18 486 352.068963962       8.33      2.44     20.08  0.        1974.105      -2623.579      -1522.686    0.000  -0.054   0.149   0.
  2017 352  1 39 19 486 352.068975535       8.60      2.66     20.90  0.        1977.000      -2623.807      -1519.730    0.000  -0.054   0.149   0.
  2017 352  1 39 20 486 352.068987109       8.77      2.91     21.17  0.        1979.894      -2624.032      -1516.774    0.000  -0.054   0.150   0.
  2017 352  1 39 21 486 352.068998683       8.67      3.11     21.15  0.        1982.786      -2624.255      -1513.815    0.000  -0.054   0.150   0.
  2017 352  1 39 22 486 352.069010258       8.43      3.20     20.98  0.        1985.677      -2624.476      -1510.856    0.000  -0.055   0.150   0.
  2017 352  1 39 23 486 352.069021832       8.19      3.19     20.77  0.        1988.565      -2624.694      -1507.895    0.000  -0.055   0.150   0.
  2017 352  1 39 24 486 352.069033406       8.00      3.32     20.48  0.        1991.452      -2624.910      -1504.933    0.000  -0.055   0.151   0.
  2017 352  1 39 25 486 352.069044980       7.84      3.61     20.04  0.        1994.337      -2625.123      -1501.969    0.000  -0.055   0.151   0.
  2017 352  1 39 26 486 352.069056554       7.63      3.74     19.64  0.        1997.220      -2625.334      -1499.004    0.000  -0.055   0.151   0.
  2017 352  1 39 27 486 352.069068128       7.51      3.86     19.58  0.        2000.101      -2625.543      -1496.038    0.000  -0.055   0.151   0.
  2017 352  1 39 28 486 352.069079702       7.60      4.01     19.51  0.        2002.981      -2625.749      -1493.070    0.000  -0.055   0.152   0.
  2017 352  1 39 29 486 352.069091276       7.88      4.40     19.23  0.        2005.858      -2625.953      -1490.101    0.000  -0.055   0.152   0.
  2017 352  1 39 30 486 352.069102850       8.05      4.67     18.97  0.        2008.734      -2626.155      -1487.131    0.000  -0.055   0.152   0.
  2017 352  1 39 31 486 352.069114424       8.19      4.90     18.61  0.        2011.608      -2626.354      -1484.159    0.000  -0.055   0.152   0.
  2017 352  1 39 32 486 352.069125998       8.24      5.03     18.25  0.        2014.481      -2626.551      -1481.186    0.000  -0.056   0.153   0.
  2017 352  1 39 33 486 352.069137572       8.08      5.11     18.02  0.        2017.351      -2626.745      -1478.211    0.000  -0.056   0.153   0.
  2017 352  1 39 34 486 352.069149146       8.00      5.18     17.78  0.        2020.220      -2626.937      -1475.236    0.000  -0.056   0.153   0.
  2017 352  1 39 35 486 352.069160721       8.03      5.25     17.47  0.        2023.086      -2627.127      -1472.258    0.000  -0.056   0.153   0.
  2017 352  1 39 36 486 352.069172295       8.13      5.41     17.18  0.        2025.951      -2627.314      -1469.280    0.000  -0.056   0.154   0.
  2017 352  1 39 37 486 352.069183869       8.25      5.59     16.87  0.        2028.814      -2627.499      -1466.300    0.000  -0.056   0.154   0.
  2017 352  1 39 38 486 352.069195443       8.35      5.74     16.62  0.        2031.676      -2627.682      -1463.319    0.000  -0.056   0.154   0.
  2017 352  1 39 39 486 352.069207017       8.65      5.97     16.29  0.        2034.535      -2627.862      -1460.337    0.000  -0.056   0.154   0.
  2017 352  1 39 40 486 352.069218591       8.67      5.98     16.09  0.        2037.393      -2628.040      -1457.353    0.000  -0.056   0.155   0.
  2017 352  1 39 41 486 352.069230165       8.72      5.99     15.95  0.        2040.249      -2628.216      -1454.368    0.000  -0.056   0.155   0.
  2017 352  1 39 42 486 352.069241739       8.91      6.05     15.82  0.        2043.103      -2628.389      -1451.382    0.000  -0.057   0.155   0.
  2017 352  1 39 43 486 352.069253313       9.14      6.16     15.68  0.        2045.955      -2628.560      -1448.394    0.000  -0.057   0.155   0.
  2017 352  1 39 44 486 352.069264887       9.31      6.26     15.55  0.        2048.805      -2628.729      -1445.405    0.000  -0.057   0.156   0.
  2017 352  1 39 45 486 352.069276461       9.44      6.30     15.43  0.        2051.654      -2628.895      -1442.415    0.000  -0.057   0.156   0.
  2017 352  1 39 46 486 352.069288035       9.71      6.38     15.90  0.        2054.501      -2629.059      -1439.424    0.000  -0.057   0.157   0.
  2017 352  1 39 47 486 352.069299609      10.27      6.73     16.60  0.        2057.345      -2629.220      -1436.431    0.000  -0.057   0.157   0.
  2017 352  1 39 48 485 352.069311181      10.72      6.93     16.87  0.        2060.188      -2629.379      -1433.437    0.000  -0.057   0.157   0.
  2017 352  1 39 49 485 352.069322755      10.71      6.86     16.83  0.        2063.030      -2629.536      -1430.441    0.000  -0.057   0.157   0.
  2017 352  1 39 50 486 352.069334329      10.64      6.83     16.41  0.        2065.869      -2629.690      -1427.445    0.000  -0.057   0.158   0.
  2017 352  1 39 51 486 352.069345903      10.56      6.93     15.93  0.        2068.706      -2629.842      -1424.447    0.000  -0.057   0.158   0.
  2017 352  1 39 52 486 352.069357477      10.59      7.04     15.44  0.        2071.542      -2629.992      -1421.447    0.000  -0.058   0.158   0.
  2017 352  1 39 53 486 352.069369051      10.67      7.21     15.08  0.        2074.376      -2630.139      -1418.447    0.000  -0.058   0.158   0.
  2017 352  1 39 54 486 352.069380625      10.88      7.38     14.84  0.        2077.208      -2630.284      -1415.445    0.000  -0.058   0.159   0.
  2017 352  1 39 55 485 352.069392199      11.07      7.42     14.63  0.        2080.038      -2630.427      -1412.442    0.000  -0.058   0.159   0.
  2017 352  1 39 56 485 352.069403773      11.09      7.37     14.22  0.        2082.866      -2630.567      -1409.438    0.000  -0.058   0.159   0.
  2017 352  1 39 57 485 352.069415347      11.14      7.32     13.67  0.        2085.692      -2630.705      -1406.432    0.000  -0.058   0.159   0.
  2017 352  1 39 58 485 352.069426921      11.08      7.19     13.42  0.        2088.517      -2630.841      -1403.426    0.000  -0.058   0.160   0.
  2017 352  1 39 59 486 352.069438495      11.01      7.23     13.78  0.        2091.339      -2630.974      -1400.418    0.000  -0.058   0.160   0.
  2017 352  1 40  0 486 352.069450069      11.42      7.46     14.11  0.        2094.160      -2631.105      -1397.408    0.000  -0.058   0.160   0.
  2017 352  1 40  1 485 352.069461644      11.86      7.69     14.36  0.        2096.979      -2631.234      -1394.398    0.000  -0.058   0.160   0.
  2017 352  1 40  2 485 352.069473218      12.33      7.76     14.43  0.        2099.796      -2631.360      -1391.386    0.000  -0.059   0.161   0.
  2017 352  1 40  3 486 352.069484792      12.75      7.83     14.36  0.        2102.611      -2631.484      -1388.373    0.000  -0.059   0.161   0.
  2017 352  1 40  4 486 352.069496366      12.95      7.87     14.44  0.        2105.424      -2631.605      -1385.359    0.000  -0.059   0.161   0.
  2017 352  1 40  5 486 352.069507940      13.26      7.90     14.61  0.        2108.236      -2631.724      -1382.343    0.000  -0.059   0.161   0.
  2017 352  1 40  6 486 352.069519514      13.58      7.89     14.84  0.        2111.045      -2631.841      -1379.326    0.000  -0.059   0.162   0.
  2017 352  1 40  7 486 352.069531088      13.61      7.75     14.79  0.        2113.853      -2631.956      -1376.309    0.000  -0.059   0.162   0.
  2017 352  1 40  8 485 352.069542662      13.54      7.65     14.82  0.        2116.659      -2632.068      -1373.289    0.000  -0.059   0.162   0.
  2017 352  1 40  9 485 352.069554236      13.65      7.47     14.72  0.        2119.463      -2632.178      -1370.269    0.000  -0.059   0.162   0.
  2017 352  1 40 10 485 352.069565810      13.42      7.23     14.78  0.        2122.265      -2632.285      -1367.247    0.000  -0.059   0.163   0.
  2017 352  1 40 11 485 352.069577384      13.20      6.92     14.72  0.        2125.065      -2632.391      -1364.224    0.000  -0.059   0.163   0.
  2017 352  1 40 12 485 352.069588958      12.92      6.69     14.96  0.        2127.863      -2632.493      -1361.200    0.000  -0.059   0.163   0.
  2017 352  1 40 13 486 352.069600532      12.67      6.39     15.58  0.        2130.659      -2632.594      -1358.175    0.000  -0.059   0.163   0.
  2017 352  1 40 14 486 352.069612107      12.39      6.00     15.98  0.        2133.454      -2632.692      -1355.149    0.000  -0.060   0.164   0.
  2017 352  1 40 15 485 352.069623681      11.94      5.56     16.03  0.        2136.247      -2632.788      -1352.121    0.000  -0.060   0.164   0.
  2017 352  1 40 16 485 352.069635255      11.61      5.28     15.84  0.        2139.037      -2632.882      -1349.092    0.000  -0.060   0.164   0.
  2017 352  1 40 17 486 352.069646829      11.36      5.04     15.83  0.        2141.826      -2632.973      -1346.062    0.000  -0.060   0.164   0.
  2017 352  1 40 18 486 352.069658401      10.99      4.89     15.57  0.        2144.613      -2633.062      -1343.031    0.000  -0.060   0.165   0.
  2017 352  1 40 19 485 352.069669974      10.85      4.68     15.28  0.        2147.398      -2633.149      -1339.999    0.000  -0.060   0.165   0.
  2017 352  1 40 20 485 352.069681548      10.73      4.62     14.89  0.        2150.181      -2633.233      -1336.965    0.000  -0.060   0.165   0.
  2017 352  1 40 21 485 352.069693122      10.99      4.85     14.74  0.        2152.962      -2633.315      -1333.930    0.000  -0.060   0.165   0.
  2017 352  1 40 22 485 352.069704696      11.30      5.13     14.99  0.        2155.742      -2633.394      -1330.894    0.000  -0.060   0.166   0.
  2017 352  1 40 23 485 352.069716270      11.42      5.28     15.20  0.        2158.519      -2633.472      -1327.857    0.000  -0.060   0.166   0.
  2017 352  1 40 24 485 352.069727844      11.40      5.27     15.23  0.        2161.295      -2633.547      -1324.819    0.000  -0.061   0.166   0.
  2017 352  1 40 25 485 352.069739418      11.38      5.34     15.31  0.        2164.069      -2633.619      -1321.779    0.000  -0.061   0.166   0.
  2017 352  1 40 26 485 352.069750992      11.39      5.38     15.20  0.        2166.840      -2633.690      -1318.739    0.000  -0.061   0.167   0.
  2017 352  1 40 27 485 352.069762567      11.48      5.53     15.30  0.        2169.610      -2633.758      -1315.697    0.000  -0.061   0.167   0.
  2017 352  1 40 28 485 352.069774141      11.58      5.63     15.09  0.        2172.378      -2633.824      -1312.654    0.000  -0.061   0.167   0.
  2017 352  1 40 29 485 352.069785715      11.73      5.67     14.92  0.        2175.144      -2633.887      -1309.610    0.000  -0.061   0.167   0.
  2017 352  1 40 30 485 352.069797289      11.57      5.61     14.82  0.        2177.908      -2633.948      -1306.565    0.000  -0.061   0.168   0.
  2017 352  1 40 31 485 352.069808863      11.47      5.51     14.44  0.        2180.670      -2634.007      -1303.519    0.000  -0.061   0.168   0.
  2017 352  1 40 32 485 352.069820437      11.55      5.45     14.07  0.        2183.431      -2634.063      -1300.471    0.000  -0.061   0.168   0.
  2017 352  1 40 33 485 352.069832011      11.67      5.44     13.84  0.        2186.189      -2634.117      -1297.422    0.000  -0.061   0.168   0.
  2017 352  1 40 34 485 352.069843585      11.66      5.45     13.77  0.        2188.946      -2634.169      -1294.373    0.000  -0.062   0.169   0.
  2017 352  1 40 35 485 352.069855159      11.56      5.49     13.67  0.        2191.700      -2634.219      -1291.322    0.000  -0.062   0.169   0.
  2017 352  1 40 36 485 352.069866733      11.75      5.50     13.72  0.        2194.453      -2634.266      -1288.270    0.000  -0.062   0.169   0.
  2017 352  1 40 37 485 352.069878307      11.81      5.57     13.82  0.        2197.203      -2634.311      -1285.216    0.000  -0.062   0.169   0.
  2017 352  1 40 38 485 352.069889881      11.75      5.58     13.68  0.        2199.952      -2634.354      -1282.162    0.000  -0.062   0.170   0.
  2017 352  1 40 39 485 352.069901455      11.76      5.61     13.66  0.        2202.699      -2634.394      -1279.107    0.000  -0.062   0.170   0.
  2017 352  1 40 40 485 352.069913030      11.52      5.57     13.38  0.        2205.444      -2634.432      -1276.050    0.000  -0.062   0.170   0.
  2017 352  1 40 41 485 352.069924604      11.38      5.61     13.40  0.        2208.187      -2634.468      -1272.992    0.000  -0.062   0.170   0.
  2017 352  1 40 42 485 352.069936178      11.12      5.45     13.21  0.        2210.928      -2634.501      -1269.934    0.000  -0.062   0.171   0.
  2017 352  1 40 43 485 352.069947752      11.57      5.62     13.48  0.        2213.667      -2634.533      -1266.874    0.000  -0.062   0.171   0.
  2017 352  1 40 44 485 352.069959326      12.41      6.09     14.42  0.        2216.404      -2634.561      -1263.813    0.000  -0.062   0.171   0.
  2017 352  1 40 45 485 352.069970900      12.98      6.24     15.21  0.        2219.140      -2634.588      -1260.751    0.000  -0.062   0.171   0.
  2017 352  1 40 46 485 352.069982472      13.19      6.35     15.22  0.        2221.873      -2634.612      -1257.687    0.000  -0.063   0.172   0.
  2017 352  1 40 47 485 352.069994045      13.20      6.34     15.06  0.        2224.605      -2634.634      -1254.623    0.000  -0.063   0.172   0.
  2017 352  1 40 48 485 352.070005619      12.98      6.27     14.87  0.        2227.334      -2634.654      -1251.558    0.000  -0.063   0.172   0.
  2017 352  1 40 49 485 352.070017193      12.82      6.24     14.73  0.        2230.062      -2634.671      -1248.491    0.000  -0.063   0.172   0.
  2017 352  1 40 50 485 352.070028767      13.01      6.52     14.42  0.        2232.787      -2634.686      -1245.424    0.000  -0.063   0.173   0.
  2017 352  1 40 51 485 352.070040341      13.49      6.69     14.55  0.        2235.511      -2634.699      -1242.355    0.000  -0.063   0.173   0.
  2017 352  1 40 52 485 352.070051916      13.86      6.84     14.59  0.        2238.233      -2634.710      -1239.285    0.000  -0.063   0.173   0.
  2017 352  1 40 53 485 352.070063490      13.97      6.75     14.55  0.        2240.952      -2634.718      -1236.215    0.000  -0.063   0.173   0.
  2017 352  1 40 54 485 352.070075064      14.13      6.88     14.21  0.        2243.670      -2634.724      -1233.143    0.000  -0.063   0.174   0.
  2017 352  1 40 55 485 352.070086638      14.26      6.94     14.15  0.        2246.386      -2634.727      -1230.070    0.000  -0.063   0.174   0.
  2017 352  1 40 56 485 352.070098212      14.36      7.09     14.26  0.        2249.100      -2634.729      -1226.996    0.000  -0.063   0.174   0.
  2017 352  1 40 57 485 352.070109786      14.48      7.17     14.42  0.        2251.812      -2634.728      -1223.921    0.000  -0.063   0.174   0.
  2017 352  1 40 58 485 352.070121360      14.52      7.14     14.51  0.        2254.522      -2634.725      -1220.844    0.000  -0.064   0.175   0.
  2017 352  1 40 59 485 352.070132934      14.35      7.04     14.59  0.        2257.230      -2634.719      -1217.767    0.000  -0.064   0.175   0.
  2017 352  1 41  0 485 352.070144508      13.92      6.65     14.70  0.        2259.936      -2634.712      -1214.689    0.000  -0.064   0.175   0.
  2017 352  1 41  1 485 352.070156082      13.37      6.14     14.42  0.        2262.641      -2634.702      -1211.610    0.000  -0.064   0.175   0.
  2017 352  1 41  2 485 352.070167656      12.86      5.78     13.89  0.        2265.343      -2634.689      -1208.529    0.000  -0.064   0.176   0.
  2017 352  1 41  3 485 352.070179230      12.76      5.79     13.40  0.        2268.043      -2634.675      -1205.448    0.000  -0.064   0.176   0.
  2017 352  1 41  4 485 352.070190804      12.89      5.85     13.49  0.        2270.741      -2634.658      -1202.366    0.000  -0.064   0.176   0.
  2017 352  1 41  5 485 352.070202379      12.73      5.70     13.43  0.        2273.438      -2634.639      -1199.282    0.000  -0.064   0.176   0.
  2017 352  1 41  6 485 352.070213953      12.55      5.50     13.32  0.        2276.132      -2634.617      -1196.198    0.000  -0.064   0.177   0.
  2017 352  1 41  7 485 352.070225527      12.27      5.37     12.97  0.        2278.825      -2634.594      -1193.112    0.000  -0.064   0.177   0.
  2017 352  1 41  8 485 352.070237101      12.35      5.56     12.80  0.        2281.515      -2634.568      -1190.026    0.000  -0.064   0.177   0.
  2017 352  1 41  9 485 352.070248675      12.34      5.56     12.50  0.        2284.204      -2634.540      -1186.938    0.000  -0.064   0.177   0.
  2017 352  1 41 10 485 352.070260249      12.67      5.75     12.66  0.        2286.890      -2634.509      -1183.849    0.000  -0.065   0.178   0.
  2017 352  1 41 11 485 352.070271823      12.45      5.55     12.63  0.        2289.575      -2634.477      -1180.760    0.000  -0.065   0.178   0.
  2017 352  1 41 12 485 352.070283397      12.32      5.57     12.52  0.        2292.257      -2634.442      -1177.669    0.000  -0.065   0.178   0.
  2017 352  1 41 13 485 352.070294971      12.13      5.46     12.69  0.        2294.938      -2634.404      -1174.578    0.000  -0.065   0.178   0.
  2017 352  1 41 14 485 352.070306545      12.01      5.70     12.56  0.        2297.617      -2634.365      -1171.485    0.000  -0.065   0.179   0.
  2017 352  1 41 15 485 352.070318119      12.29      5.99     13.06  0.        2300.293      -2634.323      -1168.391    0.000  -0.065   0.179   0.
  2017 352  1 41 16 485 352.070329693      12.54      6.15     13.63  0.        2302.968      -2634.279      -1165.297    0.000  -0.065   0.179   0.
  2017 352  1 41 17 485 352.070341267      12.54      5.92     13.86  0.        2305.641      -2634.233      -1162.201    0.000  -0.065   0.179   0.
  2017 352  1 41 18 485 352.070352839      12.49      5.78     13.85  0.        2308.312      -2634.184      -1159.104    0.000  -0.065   0.180   0.
  2017 352  1 41 19 485 352.070364413      12.37      5.61     13.75  0.        2310.980      -2634.134      -1156.007    0.000  -0.065   0.180   0.
  2017 352  1 41 20 485 352.070375987      12.10      5.35     13.36  0.        2313.647      -2634.081      -1152.908    0.000  -0.065   0.180   0.
  2017 352  1 41 21 485 352.070387561      11.91      5.52     13.18  0.        2316.312      -2634.025      -1149.808    0.000  -0.065   0.180   0.
  2017 352  1 41 22 485 352.070399135      11.97      5.77     13.45  0.        2318.975      -2633.968      -1146.708    0.000  -0.066   0.181   0.
  2017 352  1 41 23 485 352.070410709      12.19      6.18     13.63  0.        2321.636      -2633.908      -1143.606    0.000  -0.066   0.181   0.
  2017 352  1 41 24 485 352.070422283      12.71      6.64     14.69  0.        2324.295      -2633.846      -1140.504    0.000  -0.066   0.181   0.
  2017 352  1 41 25 485 352.070433857      13.17      6.60     15.99  0.        2326.952      -2633.782      -1137.400    0.000  -0.066   0.181   0.
  2017 352  1 41 26 485 352.070445431      13.61      6.49     16.85  0.        2329.607      -2633.715      -1134.296    0.000  -0.066   0.182   0.
  2017 352  1 41 27 485 352.070457005      13.66      6.14     17.68  0.        2332.259      -2633.646      -1131.190    0.000  -0.066   0.182   0.
  2017 352  1 41 28 485 352.070468579      13.57      5.91     17.82  0.        2334.910      -2633.575      -1128.084    0.000  -0.066   0.182   0.
  2017 352  1 41 29 485 352.070480153      13.52      5.66     18.09  0.        2337.559      -2633.502      -1124.977    0.000  -0.066   0.182   0.
  2017 352  1 41 30 485 352.070491727      13.33      5.20     18.47  0.        2340.206      -2633.426      -1121.868    0.000  -0.066   0.183   0.
  2017 352  1 41 31 485 352.070503302      12.55      4.39     18.63  0.        2342.851      -2633.349      -1118.759    0.000  -0.066   0.183   0.
  2017 352  1 41 32 485 352.070514876      11.77      3.44     19.19  0.        2345.494      -2633.269      -1115.649    0.000  -0.067   0.183   0.
  2017 352  1 41 33 485 352.070526450      11.37      2.85     19.78  0.        2348.135      -2633.187      -1112.538    0.000  -0.067   0.183   0.
  2017 352  1 41 34 485 352.070538024      11.29      2.73     19.46  0.        2350.774      -2633.102      -1109.425    0.000  -0.067   0.183   0.
  2017 352  1 41 35 485 352.070549598      11.24      2.53     19.56  0.        2353.411      -2633.015      -1106.312    0.000  -0.067   0.183   0.
  2017 352  1 41 36 485 352.070561172      11.23      2.55     18.85  0.        2356.046      -2632.927      -1103.198    0.000  -0.067   0.184   0.
  2017 352  1 41 37 485 352.070572746      11.40      2.89     19.07  0.        2358.679      -2632.835      -1100.083    0.000  -0.067   0.184   0.
  2017 352  1 41 38 485 352.070584320      11.14      2.53     18.90  0.        2361.310      -2632.742      -1096.968    0.000  -0.067   0.184   0.
  2017 352  1 41 39 485 352.070595894      11.17      2.58     18.43  0.        2363.939      -2632.646      -1093.851    0.000  -0.067   0.184   0.
  2017 352  1 41 40 485 352.070607468      11.61      2.84     18.88  0.        2366.566      -2632.549      -1090.733    0.000  -0.067   0.185   0.
  2017 352  1 41 41 485 352.070619042      11.76      2.44     19.51  0.        2369.192      -2632.449      -1087.614    0.000  -0.067   0.185   0.
  2017 352  1 41 42 485 352.070630616      11.50      1.89     19.28  0.        2371.814      -2632.346      -1084.495    0.000  -0.067   0.185   0.
  2017 352  1 41 43 485 352.070642190      11.64      1.97     18.95  0.        2374.436      -2632.242      -1081.374    0.000  -0.067   0.185   0.
  2017 352  1 41 44 485 352.070653764      11.24      1.38     18.63  0.        2377.055      -2632.135      -1078.253    0.000  -0.068   0.186   0.
  2017 352  1 41 45 485 352.070665339      11.01      1.23     18.01  0.        2379.672      -2632.026      -1075.131    0.000  -0.068   0.186   0.
  2017 352  1 41 46 485 352.070676913      10.94      1.42     17.51  0.        2382.287      -2631.915      -1072.007    0.000  -0.068   0.186   0.
  2017 352  1 41 47 485 352.070688487      10.53      1.35     16.86  0.        2384.900      -2631.802      -1068.883    0.000  -0.068   0.186   0.
  2017 352  1 41 48 485 352.070700059      10.56      1.29     16.34  0.        2387.510      -2631.686      -1065.758    0.000  -0.068   0.187   0.
  2017 352  1 41 49 485 352.070711632      10.61      1.61     15.77  0.        2390.119      -2631.568      -1062.632    0.000  -0.068   0.187   0.
  2017 352  1 41 50 484 352.070723206      10.74      1.82     15.71  0.        2392.726      -2631.448      -1059.506    0.000  -0.068   0.187   0.
  2017 352  1 41 51 484 352.070734780      10.88      2.17     16.11  0.        2395.331      -2631.326      -1056.378    0.000  -0.068   0.187   0.
  2017 352  1 41 52 484 352.070746354      11.15      2.57     16.51  0.        2397.934      -2631.201      -1053.249    0.000  -0.068   0.188   0.
  2017 352  1 41 53 484 352.070757928      11.27      2.66     17.05  0.        2400.535      -2631.075      -1050.120    0.000  -0.068   0.188   0.
  2017 352  1 41 54 484 352.070769502      11.02      2.38     16.99  0.        2403.134      -2630.946      -1046.990    0.000  -0.069   0.188   0.
  2017 352  1 41 55 485 352.070781076      10.96      2.53     16.68  0.        2405.731      -2630.815      -1043.858    0.000  -0.069   0.188   0.
  2017 352  1 41 56 485 352.070792650      10.93      2.80     16.79  0.        2408.326      -2630.681      -1040.726    0.000  -0.069   0.189   0.
  2017 352  1 41 57 484 352.070804225      10.86      2.94     16.67  0.        2410.918      -2630.546      -1037.593    0.000  -0.069   0.189   0.
  2017 352  1 41 58 484 352.070815799      10.78      2.97     16.59  0.        2413.509      -2630.408      -1034.460    0.000  -0.069   0.190   0.
  2017 352  1 41 59 485 352.070827373      10.38      2.69     16.34  0.        2416.098      -2630.268      -1031.325    0.000  -0.069   0.190   0.
  2017 352  1 42  0 485 352.070838947      10.35      3.07     16.04  0.        2418.685      -2630.126      -1028.189    0.000  -0.069   0.190   0.
  2017 352  1 42  1 485 352.070850521      10.38      3.22     15.94  0.        2421.270      -2629.982      -1025.053    0.000  -0.069   0.190   0.
  2017 352  1 42  2 485 352.070862095      10.39      3.34     15.86  0.        2423.853      -2629.836      -1021.916    0.000  -0.069   0.190   0.
  2017 352  1 42  3 485 352.070873669      10.36      3.33     15.81  0.        2426.433      -2629.687      -1018.777    0.000  -0.069   0.190   0.
  2017 352  1 42  4 484 352.070885243      10.20      3.31     15.70  0.        2429.012      -2629.536      -1015.639    0.000  -0.069   0.191   0.
  2017 352  1 42  5 484 352.070896817       9.98      3.26     15.44  0.        2431.588      -2629.383      -1012.499    0.000  -0.069   0.191   0.
  2017 352  1 42  6 484 352.070908391      10.11      3.39     15.60  0.        2434.163      -2629.228      -1009.358    0.000  -0.070   0.191   0.
  2017 352  1 42  7 484 352.070919965      10.20      3.40     15.80  0.        2436.736      -2629.070      -1006.217    0.000  -0.070   0.191   0.
  2017 352  1 42  8 484 352.070931539      10.29      3.48     16.05  0.        2439.306      -2628.910      -1003.074    0.000  -0.070   0.192   0.
  2017 352  1 42  9 485 352.070943113      10.32      3.50     16.42  0.        2441.875      -2628.749       -999.931    0.000  -0.070   0.192   0.
  2017 352  1 42 10 485 352.070954687      10.42      3.48     16.83  0.        2444.441      -2628.585       -996.787    0.000  -0.070   0.192   0.
  2017 352  1 42 11 484 352.070966262      10.81      3.63     17.22  0.        2447.006      -2628.418       -993.642    0.000  -0.070   0.192   0.
  2017 352  1 42 12 484 352.070977836      10.83      3.67     17.35  0.        2449.568      -2628.250       -990.497    0.000  -0.070   0.192   0.
  2017 352  1 42 13 485 352.070989410      10.65      3.87     17.15  0.        2452.129      -2628.080       -987.350    0.000  -0.070   0.192   0.
  2017 352  1 42 14 485 352.071000984      10.36      4.27     16.98  0.        2454.687      -2627.907       -984.203    0.000  -0.070   0.193   0.
  2017 352  1 42 15 485 352.071012558      10.05      4.49     16.72  0.        2457.243      -2627.732       -981.055    0.000  -0.070   0.193   0.
  2017 352  1 42 16 485 352.071024130       9.78      4.39     16.60  0.        2459.798      -2627.555       -977.906    0.000  -0.070   0.193   0.
  2017 352  1 42 17 484 352.071035703       9.52      3.99     16.39  0.        2462.350      -2627.375       -974.756    0.000  -0.070   0.193   0.
  2017 352  1 42 18 484 352.071047277       9.18      3.60     16.02  0.        2464.900      -2627.194       -971.606    0.000  -0.071   0.194   0.
  2017 352  1 42 19 484 352.071058851       9.00      3.36     15.58  0.        2467.448      -2627.010       -968.454    0.000  -0.071   0.194   0.
  2017 352  1 42 20 484 352.071070425       9.37      3.38     15.32  0.        2469.994      -2626.825       -965.302    0.000  -0.071   0.195   0.
  2017 352  1 42 21 484 352.071081999       9.62      3.74     15.53  0.        2472.538      -2626.637       -962.149    0.000  -0.071   0.195   0.
  2017 352  1 42 22 484 352.071093573       9.51      3.92     16.03  0.        2475.080      -2626.447       -958.996    0.000  -0.071   0.195   0.
  2017 352  1 42 23 484 352.071105148       9.40      3.82     16.14  0.        2477.620      -2626.254       -955.841    0.000  -0.071   0.195   0.
  2017 352  1 42 24 484 352.071116722       9.66      3.89     16.43  0.        2480.158      -2626.060       -952.686    0.000  -0.071   0.195   0.
  2017 352  1 42 25 484 352.071128296       9.88      3.76     16.69  0.        2482.694      -2625.863       -949.530    0.000  -0.071   0.195   0.
  2017 352  1 42 26 484 352.071139870       9.80      3.61     16.72  0.        2485.228      -2625.664       -946.373    0.000  -0.071   0.196   0.
  2017 352  1 42 27 484 352.071151444       9.51      3.79     16.52  0.        2487.760      -2625.463       -943.215    0.000  -0.071   0.196   0.
  2017 352  1 42 28 484 352.071163018       9.33      4.06     16.24  0.        2490.290      -2625.260       -940.057    0.000  -0.071   0.196   0.
  2017 352  1 42 29 484 352.071174592       9.33      4.27     15.79  0.        2492.817      -2625.055       -936.898    0.000  -0.071   0.196   0.
  2017 352  1 42 30 484 352.071186166       9.54      4.57     15.92  0.        2495.343      -2624.847       -933.738    0.000  -0.072   0.197   0.
  2017 352  1 42 31 484 352.071197740       9.55      4.74     16.02  0.        2497.867      -2624.638       -930.577    0.000  -0.072   0.197   0.
  2017 352  1 42 32 484 352.071209314       9.63      4.94     16.26  0.        2500.388      -2624.426       -927.416    0.000  -0.072   0.197   0.
  2017 352  1 42 33 484 352.071220888       9.53      4.95     16.22  0.        2502.908      -2624.212       -924.253    0.000  -0.072   0.197   0.
  2017 352  1 42 34 484 352.071232462       9.35      4.74     15.89  0.        2505.425      -2623.996       -921.090    0.000  -0.072   0.198   0.
  2017 352  1 42 35 484 352.071244036       9.05      4.52     15.42  0.        2507.941      -2623.778       -917.927    0.000  -0.072   0.198   0.
  2017 352  1 42 36 484 352.071255611       8.79      4.19     14.58  0.        2510.454      -2623.558       -914.762    0.000  -0.072   0.198   0.
  2017 352  1 42 37 484 352.071267185       9.19      4.53     14.81  0.        2512.965      -2623.335       -911.597    0.000  -0.072   0.198   0.
  2017 352  1 42 38 484 352.071278759       9.30      4.89     15.09  0.        2515.475      -2623.110       -908.431    0.000  -0.072   0.199   0.
  2017 352  1 42 39 484 352.071290333      10.17      5.68     16.82  0.        2517.982      -2622.884       -905.264    0.000  -0.072   0.199   0.
  2017 352  1 42 40 484 352.071301907      10.72      6.05     17.98  0.        2520.487      -2622.655       -902.096    0.000  -0.072   0.199   0.
  2017 352  1 42 41 484 352.071313481      10.74      6.25     18.65  0.        2522.990      -2622.424       -898.928    0.000  -0.072   0.199   0.
  2017 352  1 42 42 484 352.071325055      10.97      6.03     18.80  0.        2525.491      -2622.190       -895.760    0.000  -0.073   0.199   0.
  2017 352  1 42 43 484 352.071336629      10.79      5.68     18.80  0.        2527.990      -2621.955       -892.590    0.000  -0.073   0.199   0.
  2017 352  1 42 44 484 352.071348203      11.05      5.61     19.47  0.        2530.487      -2621.718       -889.420    0.000  -0.073   0.200   0.
  2017 352  1 42 45 484 352.071359777      10.93      5.28     20.07  0.        2532.982      -2621.478       -886.248    0.000  -0.073   0.200   0.
  2017 352  1 42 46 484 352.071371349      10.53      5.24     20.06  0.        2535.474      -2621.236       -883.077    0.000  -0.073   0.200   0.
  2017 352  1 42 47 484 352.071382922      10.23      5.30     19.77  0.        2537.965      -2620.992       -879.904    0.000  -0.073   0.200   0.
  2017 352  1 42 48 484 352.071394497       9.72      5.33     18.83  0.        2540.454      -2620.746       -876.731    0.000  -0.073   0.201   0.
  2017 352  1 42 49 484 352.071406071       9.30      5.17     18.16  0.        2542.940      -2620.498       -873.557    0.000  -0.073   0.201   0.
  2017 352  1 42 50 484 352.071417645       8.85      4.66     17.84  0.        2545.425      -2620.248       -870.382    0.000  -0.073   0.201   0.
  2017 352  1 42 51 484 352.071429219       8.32      4.32     18.10  0.        2547.907      -2619.995       -867.207    0.000  -0.073   0.201   0.
  2017 352  1 42 52 484 352.071440793       9.16      4.58     20.13  0.        2550.388      -2619.741       -864.031    0.000  -0.073   0.202   0.
  2017 352  1 42 53 484 352.071452367       9.11      4.53     19.96  0.        2552.866      -2619.484       -860.854    0.000  -0.073   0.202   0.
  2017 352  1 42 54 484 352.071463941       8.97      4.41     19.75  0.        2555.342      -2619.226       -857.676    0.000  -0.074   0.202   0.
  2017 352  1 42 55 484 352.071475515       9.16      4.28     19.99  0.        2557.817      -2618.965       -854.498    0.000  -0.074   0.202   0.
  2017 352  1 42 56 484 352.071487089       9.03      4.05     19.30  0.        2560.289      -2618.702       -851.319    0.000  -0.074   0.203   0.
  2017 352  1 42 57 484 352.071498663       9.13      4.39     19.36  0.        2562.759      -2618.436       -848.140    0.000  -0.074   0.203   0.
  2017 352  1 42 58 484 352.071510237       8.66      3.70     19.63  0.        2565.227      -2618.169       -844.960    0.000  -0.074   0.203   0.
  2017 352  1 42 59 484 352.071521811       8.34      3.34     18.39  0.        2567.692      -2617.900       -841.779    0.000  -0.074   0.203   0.
  2017 352  1 43  0 484 352.071533385       8.41      3.34     17.84  0.        2570.156      -2617.628       -838.597    0.000  -0.074   0.204   0.
  2017 352  1 43  1 484 352.071544960       8.32      3.21     17.43  0.        2572.618      -2617.355       -835.415    0.000  -0.074   0.204   0.
  2017 352  1 43  2 484 352.071556534       8.35      3.00     17.92  0.        2575.078      -2617.079       -832.232    0.000  -0.074   0.204   0.
  2017 352  1 43  3 484 352.071568108       7.92      1.92     17.96  0.        2577.535      -2616.801       -829.048    0.000  -0.074   0.204   0.
  2017 352  1 43  4 484 352.071579682       8.00      2.10     18.47  0.        2579.991      -2616.521       -825.864    0.000  -0.074   0.204   0.
  2017 352  1 43  5 484 352.071591256       8.47      2.03     18.70  0.        2582.444      -2616.240       -822.679    0.000  -0.074   0.204   0.
  2017 352  1 43  6 484 352.071602830       8.69      2.16     18.56  0.        2584.896      -2615.955       -819.494    0.000  -0.075   0.205   0.
  2017 352  1 43  7 484 352.071614404       8.31      2.61     17.68  0.        2587.345      -2615.669       -816.308    0.000  -0.075   0.205   0.
  2017 352  1 43  8 484 352.071625978       8.23      3.00     17.45  0.        2589.792      -2615.381       -813.121    0.000  -0.075   0.206   0.
  2017 352  1 43  9 484 352.071637552       8.33      3.13     18.13  0.        2592.237      -2615.090       -809.933    0.000  -0.075   0.206   0.
  2017 352  1 43 10 484 352.071649126       8.11      2.94     18.37  0.        2594.680      -2614.798       -806.745    0.000  -0.075   0.206   0.
  2017 352  1 43 11 484 352.071660700       8.49      3.19     18.89  0.        2597.121      -2614.503       -803.556    0.000  -0.075   0.206   0.
  2017 352  1 43 12 484 352.071672274       8.98      3.20     19.52  0.        2599.560      -2614.207       -800.367    0.000  -0.075   0.206   0.
  2017 352  1 43 13 484 352.071683848       9.26      3.15     19.63  0.        2601.997      -2613.908       -797.176    0.000  -0.075   0.206   0.
  2017 352  1 43 14 484 352.071695422       9.07      3.18     19.34  0.        2604.432      -2613.607       -793.986    0.000  -0.075   0.207   0.
  2017 352  1 43 15 484 352.071706996       9.14      3.51     18.61  0.        2606.864      -2613.304       -790.794    0.000  -0.075   0.207   0.
  2017 352  1 43 16 484 352.071718568       8.51      3.17     18.91  0.        2609.295      -2612.999       -787.602    0.000  -0.075   0.207   0.
  2017 352  1 43 17 484 352.071730142       8.33      2.69     18.91  0.        2611.723      -2612.692       -784.410    0.000  -0.075   0.207   0.
  2017 352  1 43 18 484 352.071741716       8.28      2.87     18.64  0.        2614.150      -2612.383       -781.217    0.000  -0.076   0.208   0.
  2017 352  1 43 19 484 352.071753290       7.96      2.71     18.15  0.        2616.574      -2612.071       -778.023    0.000  -0.076   0.208   0.
  2017 352  1 43 20 484 352.071764864       7.51      2.34     17.72  0.        2618.996      -2611.758       -774.828    0.000  -0.076   0.208   0.
  2017 352  1 43 21 484 352.071776438       7.35      2.54     17.25  0.        2621.417      -2611.443       -771.633    0.000  -0.076   0.208   0.
  2017 352  1 43 22 484 352.071788012       7.69      2.96     17.89  0.        2623.835      -2611.125       -768.437    0.000  -0.076   0.209   0.
  2017 352  1 43 23 484 352.071799586       7.58      2.65     18.44  0.        2626.251      -2610.806       -765.241    0.000  -0.076   0.209   0.
  2017 352  1 43 24 484 352.071811160       7.53      2.21     18.90  0.        2628.664      -2610.484       -762.044    0.000  -0.076   0.209   0.
  2017 352  1 43 25 484 352.071822734       8.30      2.84     19.83  0.        2631.076      -2610.160       -758.847    0.000  -0.076   0.209   0.
  2017 352  1 43 26 484 352.071834308       8.49      2.76     20.48  0.        2633.486      -2609.834       -755.649    0.000  -0.076   0.210   0.
  2017 352  1 43 27 484 352.071845883       8.08      2.46     20.62  0.        2635.893      -2609.506       -752.450    0.000  -0.076   0.210   0.
  2017 352  1 43 28 484 352.071857457       7.97      2.44     20.94  0.        2638.299      -2609.176       -749.251    0.000  -0.076   0.210   0.
  2017 352  1 43 29 484 352.071869031       7.63      2.31     20.38  0.        2640.702      -2608.844       -746.051    0.000  -0.076   0.210   0.
  2017 352  1 43 30 484 352.071880605       7.22      2.23     19.68  0.        2643.104      -2608.510       -742.850    0.000  -0.077   0.210   0.
  2017 352  1 43 31 484 352.071892179       7.02      2.40     19.21  0.        2645.503      -2608.174       -739.649    0.000  -0.077   0.210   0.
  2017 352  1 43 32 484 352.071903753       7.11      2.89     18.75  0.        2647.900      -2607.836       -736.447    0.000  -0.077   0.211   0.
  2017 352  1 43 33 484 352.071915327       7.24      2.81     18.95  0.        2650.295      -2607.496       -733.245    0.000  -0.077   0.211   0.
  2017 352  1 43 34 484 352.071926901       7.42      2.35     19.85  0.        2652.688      -2607.153       -730.042    0.000  -0.077   0.211   0.
  2017 352  1 43 35 484 352.071938475       7.82      2.27     20.59  0.        2655.079      -2606.809       -726.839    0.000  -0.077   0.211   0.
  2017 352  1 43 36 484 352.071950049       8.08      2.64     21.65  0.        2657.468      -2606.462       -723.635    0.000  -0.077   0.212   0.
  2017 352  1 43 37 484 352.071961623       7.99      3.03     21.40  0.        2659.855      -2606.114       -720.430    0.000  -0.077   0.212   0.
  2017 352  1 43 38 484 352.071973197       7.66      3.13     20.81  0.        2662.239      -2605.763       -717.225    0.000  -0.077   0.212   0.
  2017 352  1 43 39 484 352.071984771       7.39      2.63     20.37  0.        2664.622      -2605.411       -714.020    0.000  -0.077   0.212   0.
  2017 352  1 43 40 484 352.071996346       7.69      1.73     19.54  0.        2667.002      -2605.056       -710.813    0.000  -0.077   0.212   0.
  2017 352  1 43 41 484 352.072007920       8.29      0.90     18.62  0.        2669.380      -2604.699       -707.607    0.000  -0.077   0.212   0.
  2017 352  1 43 42 484 352.072019494       8.16      0.84     17.71  0.        2671.756      -2604.341       -704.399    0.000  -0.078   0.213   0.
  2017 352  1 43 43 484 352.072031068       7.95      1.14     18.55  0.        2674.131      -2603.980       -701.191    0.000  -0.078   0.213   0.
  2017 352  1 43 44 484 352.072042640       7.94      1.00     19.50  0.        2676.503      -2603.617       -697.983    0.000  -0.078   0.214   0.
  2017 352  1 43 45 484 352.072054213       7.99      0.65     19.60  0.        2678.873      -2603.252       -694.774    0.000  -0.078   0.214   0.
  2017 352  1 43 46 483 352.072065787       7.90      0.28     18.92  0.        2681.240      -2602.885       -691.565    0.000  -0.078   0.214   0.
  2017 352  1 43 47 483 352.072077361       7.76      0.75     18.50  0.        2683.606      -2602.516       -688.354    0.000  -0.078   0.214   0.
  2017 352  1 43 48 483 352.072088935       7.48     -0.10     18.97  0.        2685.970      -2602.145       -685.144    0.000  -0.078   0.214   0.
  2017 352  1 43 49 483 352.072100509       7.57     -0.18     18.67  0.        2688.331      -2601.772       -681.933    0.000  -0.078   0.214   0.
  2017 352  1 43 50 483 352.072112083       7.94      0.29     19.06  0.        2690.691      -2601.397       -678.721    0.000  -0.078   0.215   0.
  2017 352  1 43 51 484 352.072123657       8.32     -0.18     19.73  0.        2693.048      -2601.020       -675.509    0.000  -0.078   0.215   0.
  2017 352  1 43 52 484 352.072135231       8.04     -0.36     19.42  0.        2695.403      -2600.641       -672.296    0.000  -0.078   0.215   0.
  2017 352  1 43 53 483 352.072146806       7.40      0.10     19.00  0.        2697.756      -2600.260       -669.083    0.000  -0.078   0.215   0.
  2017 352  1 43 54 483 352.072158380       7.43      0.57     18.86  0.        2700.107      -2599.877       -665.869    0.000  -0.079   0.216   0.
  2017 352  1 43 55 484 352.072169954       7.43      0.90     19.26  0.        2702.456      -2599.492       -662.655    0.000  -0.079   0.216   0.
  2017 352  1 43 56 484 352.072181528       7.55      1.06     19.96  0.        2704.803      -2599.104       -659.440    0.000  -0.079   0.216   0.
  2017 352  1 43 57 484 352.072193102       7.83      1.06     20.29  0.        2707.148      -2598.715       -656.225    0.000  -0.079   0.216   0.
  2017 352  1 43 58 484 352.072204676       8.16      0.33     19.87  0.        2709.490      -2598.324       -653.009    0.000  -0.079   0.216   0.
  2017 352  1 43 59 483 352.072216250       8.06      0.20     19.53  0.        2711.831      -2597.931       -649.793    0.000  -0.079   0.216   0.
  2017 352  1 44  0 483 352.072227824       7.84      0.23     18.93  0.        2714.169      -2597.535       -646.576    0.000  -0.079   0.217   0.
  2017 352  1 44  1 483 352.072239398       8.01      0.64     18.83  0.        2716.505      -2597.138       -643.359    0.000  -0.079   0.217   0.
  2017 352  1 44  2 483 352.072250972       8.60      1.59     20.01  0.        2718.839      -2596.739       -640.141    0.000  -0.079   0.217   0.
  2017 352  1 44  3 483 352.072262546       9.36      2.08     21.06  0.        2721.172      -2596.337       -636.923    0.000  -0.079   0.217   0.
  2017 352  1 44  4 484 352.072274120      10.01      1.97     21.70  0.        2723.501      -2595.934       -633.704    0.000  -0.079   0.218   0.
  2017 352  1 44  5 484 352.072285694      10.18      1.96     21.30  0.        2725.829      -2595.529       -630.485    0.000  -0.079   0.218   0.
  2017 352  1 44  6 483 352.072297269       9.75      1.85     20.55  0.        2728.155      -2595.121       -627.265    0.000  -0.080   0.218   0.
  2017 352  1 44  7 483 352.072308843       9.69      2.13     19.99  0.        2730.479      -2594.712       -624.045    0.000  -0.080   0.218   0.
  2017 352  1 44  8 484 352.072320417      10.17      2.52     20.46  0.        2732.800      -2594.301       -620.824    0.000  -0.080   0.219   0.
  2017 352  1 44  9 484 352.072331991      10.73      3.07     21.12  0.        2735.120      -2593.887       -617.603    0.000  -0.080   0.219   0.
  2017 352  1 44 10 484 352.072343565      10.90      3.27     21.09  0.        2737.437      -2593.472       -614.382    0.000  -0.080   0.219   0.
  2017 352  1 44 11 484 352.072355139      10.53      3.02     20.11  0.        2739.752      -2593.055       -611.159    0.000  -0.080   0.219   0.
  2017 352  1 44 12 484 352.072366713      10.36      3.46     19.67  0.        2742.065      -2592.635       -607.937    0.000  -0.080   0.219   0.
  2017 352  1 44 13 483 352.072378287      10.55      3.99     20.01  0.        2744.376      -2592.214       -604.714    0.000  -0.080   0.219   0.
  2017 352  1 44 14 499 352.072390040      10.70      4.21     20.54  0.        2746.721      -2591.784       -601.440    0.000  -0.080   0.220   0.
  2017 352  1 44 15 515 352.072401794      11.05      4.78     21.04  0.        2749.064      -2591.352       -598.166    0.000  -0.080   0.220   0.
  2017 352  1 44 16 514 352.072413368      11.42      5.09     20.83  0.        2751.368      -2590.925       -594.941    0.000  -0.080   0.220   0.
  2017 352  1 44 17 514 352.072424942      11.21      5.12     20.35  0.        2753.671      -2590.495       -591.716    0.000  -0.080   0.220   0.
  2017 352  1 44 18 514 352.072436516      10.82      5.27     20.06  0.        2755.971      -2590.064       -588.491    0.000  -0.080   0.221   0.
  2017 352  1 44 19 514 352.072448090      11.16      6.07     20.28  0.        2758.269      -2589.631       -585.265    0.000  -0.080   0.221   0.
  2017 352  1 44 20 515 352.072459664      11.59      6.24     19.90  0.        2760.566      -2589.195       -582.039    0.000  -0.081   0.221   0.
  2017 352  1 44 21 515 352.072471238      11.70      6.38     19.63  0.        2762.859      -2588.758       -578.812    0.000  -0.081   0.221   0.
  2017 352  1 44 22 514 352.072482812      11.83      6.68     19.32  0.        2765.151      -2588.319       -575.585    0.000  -0.081   0.222   0.
  2017 352  1 44 23 514 352.072494387      11.60      6.76     19.24  0.        2767.441      -2587.878       -572.358    0.000  -0.081   0.222   0.
  2017 352  1 44 24 515 352.072505961      11.07      6.37     19.21  0.        2769.729      -2587.434       -569.130    0.000  -0.081   0.222   0.
  2017 352  1 44 25 515 352.072517535      11.31      6.83     19.64  0.        2772.014      -2586.989       -565.901    0.000  -0.081   0.222   0.
  2017 352  1 44 26 515 352.072529109      11.86      7.26     19.56  0.        2774.298      -2586.542       -562.672    0.000  -0.081   0.222   0.
  2017 352  1 44 27 515 352.072540683      12.36      7.97     19.69  0.        2776.579      -2586.093       -559.443    0.000  -0.081   0.222   0.
  2017 352  1 44 28 515 352.072552257      12.90      8.69     20.30  0.        2778.858      -2585.642       -556.214    0.000  -0.081   0.223   0.
  2017 352  1 44 29 514 352.072563831      13.51      8.47     20.53  0.        2781.135      -2585.189       -552.983    0.000  -0.081   0.223   0.
  2017 352  1 44 30 514 352.072575405      12.83      7.82     20.09  0.        2783.410      -2584.734       -549.753    0.000  -0.081   0.223   0.
  2017 352  1 44 31 514 352.072586979      12.43      7.43     20.01  0.        2785.683      -2584.277       -546.522    0.000  -0.081   0.223   0.
  2017 352  1 44 32 514 352.072598553      12.36      7.37     19.58  0.        2787.954      -2583.818       -543.290    0.000  -0.081   0.224   0.
  2017 352  1 44 33 514 352.072610127      12.61      7.68     19.79  0.        2790.223      -2583.357       -540.058    0.000  -0.081   0.224   0.
  2017 352  1 44 34 515 352.072621701      13.29      8.61     20.00  0.        2792.489      -2582.894       -536.826    0.000  -0.082   0.225   0.
  2017 352  1 44 35 515 352.072633275      13.76      9.05     19.88  0.        2794.754      -2582.429       -533.594    0.000  -0.082   0.225   0.
  2017 352  1 44 36 514 352.072644850      13.32      8.88     19.24  0.        2797.016      -2581.963       -530.361    0.000  -0.082   0.225   0.
  2017 352  1 44 37 514 352.072656424      12.95      8.29     18.87  0.        2799.276      -2581.494       -527.128    0.000  -0.082   0.225   0.
  2017 352  1 44 38 515 352.072667998      12.42      7.85     18.03  0.        2801.534      -2581.023       -523.894    0.000  -0.082   0.225   0.
  2017 352  1 44 39 515 352.072679572      12.20      8.38     17.49  0.        2803.790      -2580.551       -520.660    0.000  -0.082   0.225   0.
  2017 352  1 44 40 515 352.072691146      12.46      8.94     17.45  0.        2806.044      -2580.076       -517.425    0.000  -0.082   0.226   0.
  2017 352  1 44 41 515 352.072702720      13.04      9.21     17.75  0.        2808.295      -2579.599       -514.190    0.000  -0.082   0.226   0.
  2017 352  1 44 42 515 352.072714294      12.97      9.22     17.97  0.        2810.545      -2579.121       -510.955    0.000  -0.082   0.226   0.
  2017 352  1 44 43 514 352.072725868      12.48      9.05     18.22  0.        2812.793      -2578.641       -507.719    0.000  -0.082   0.226   0.
  2017 352  1 44 44 514 352.072737440      12.59      8.82     18.23  0.        2815.038      -2578.158       -504.483    0.000  -0.082   0.226   0.
  2017 352  1 44 45 514 352.072749013      12.96      9.59     17.83  0.        2817.281      -2577.674       -501.247    0.000  -0.082   0.226   0.
  2017 352  1 44 46 514 352.072760587      13.77     11.02     18.02  0.        2819.522      -2577.188       -498.010    0.000  -0.083   0.227   0.
  2017 352  1 44 47 514 352.072772161      14.30     11.86     18.53  0.        2821.761      -2576.700       -494.773    0.000  -0.083   0.227   0.
  2017 352  1 44 48 514 352.072783736      14.70     12.44     18.65  0.        2823.998      -2576.209       -491.535    0.000  -0.083   0.227   0.
  2017 352  1 44 49 514 352.072795310      14.86     11.59     17.97  0.        2826.233      -2575.717       -488.297    0.000  -0.083   0.227   0.
  2017 352  1 44 50 514 352.072806884      13.87     10.09     16.92  0.        2828.465      -2575.224       -485.059    0.000  -0.083   0.228   0.
  2017 352  1 44 51 514 352.072818458      12.83      9.35     15.99  0.        2830.696      -2574.728       -481.821    0.000  -0.083   0.228   0.
  2017 352  1 44 52 514 352.072830032      13.29      9.72     15.95  0.        2832.924      -2574.230       -478.582    0.000  -0.083   0.228   0.
  2017 352  1 44 53 514 352.072841606      14.09     10.55     16.28  0.        2835.151      -2573.730       -475.342    0.000  -0.083   0.228   0.
  2017 352  1 44 54 514 352.072853180      13.95     11.10     16.82  0.        2837.375      -2573.228       -472.103    0.000  -0.083   0.228   0.
  2017 352  1 44 55 514 352.072864754      13.69     11.00     16.92  0.        2839.597      -2572.725       -468.862    0.000  -0.083   0.228   0.
  2017 352  1 44 56 514 352.072876328      13.62     11.04     16.77  0.        2841.817      -2572.219       -465.622    0.000  -0.083   0.229   0.
  2017 352  1 44 57 514 352.072887902      13.09     10.36     16.54  0.        2844.034      -2571.712       -462.381    0.000  -0.083   0.229   0.
  2017 352  1 44 58 514 352.072899476      12.63      9.72     16.25  0.        2846.250      -2571.203       -459.140    0.000  -0.084   0.229   0.
  2017 352  1 44 59 514 352.072911050      12.96     10.89     16.67  0.        2848.464      -2570.691       -455.899    0.000  -0.084   0.229   0.
  2017 352  1 45  0 514 352.072922624      14.09     11.91     16.52  0.        2850.675      -2570.178       -452.657    0.000  -0.084   0.230   0.
  2017 352  1 45  1 514 352.072934198      14.24     11.28     15.98  0.        2852.884      -2569.663       -449.415    0.000  -0.084   0.230   0.
  2017 352  1 45  2 514 352.072945773      14.02     10.57     15.95  0.        2855.091      -2569.146       -446.173    0.000  -0.084   0.230   0.
  2017 352  1 45  3 514 352.072957347      13.56      9.78     15.83  0.        2857.296      -2568.627       -442.930    0.000  -0.084   0.230   0.
  2017 352  1 45  4 514 352.072968921      12.50      8.72     15.60  0.        2859.499      -2568.106       -439.687    0.000  -0.084   0.231   0.
  2017 352  1 45  5 514 352.072980495      11.96      8.95     15.75  0.        2861.700      -2567.584       -436.443    0.000  -0.084   0.231   0.
  2017 352  1 45  6 514 352.072992069      12.90     10.05     15.64  0.        2863.899      -2567.059       -433.200    0.000  -0.084   0.231   0.
  2017 352  1 45  7 514 352.073003643      13.54     10.70     15.66  0.        2866.095      -2566.533       -429.956    0.000  -0.084   0.231   0.
  2017 352  1 45  8 514 352.073015217      13.20     10.83     16.12  0.        2868.290      -2566.004       -426.711    0.000  -0.084   0.231   0.
  2017 352  1 45  9 514 352.073026791      13.63     11.42     16.49  0.        2870.482      -2565.474       -423.466    0.000  -0.084   0.231   0.
  2017 352  1 45 10 514 352.073038365      14.21     11.04     14.68  0.        2872.672      -2564.942       -420.222    0.000  -0.084   0.232   0.
  2017 352  1 45 11 514 352.073049939      13.86     10.84     14.62  0.        2874.860      -2564.408       -416.976    0.000  -0.084   0.232   0.
  2017 352  1 45 12 514 352.073061513      13.15     10.75     15.29  0.        2877.046      -2563.872       -413.731    0.000  -0.084   0.232   0.
  2017 352  1 45 13 514 352.073073087      13.25      9.99     15.18  0.        2879.230      -2563.334       -410.485    0.000  -0.084   0.232   0.
  2017 352  1 45 14 514 352.073084659      12.67     10.59     15.61  0.        2881.412      -2562.794       -407.239    0.000  -0.085   0.232   0.
  2017 352  1 45 15 514 352.073096233      12.72     11.12     14.79  0.        2883.591      -2562.252       -403.992    0.000  -0.085   0.232   0.
  2017 352  1 45 16 514 352.073107807      13.23     11.65     13.97  0.        2885.769      -2561.708       -400.745    0.000  -0.085   0.233   0.
  2017 352  1 45 17 514 352.073119381      13.14     10.49     14.28  0.        2887.944      -2561.163       -397.498    0.000  -0.085   0.233   0.
  2017 352  1 45 18 514 352.073130955      12.42     10.77     13.55  0.        2890.117      -2560.616       -394.251    0.000  -0.085   0.234   0.
  2017 352  1 45 19 514 352.073142529      12.01     10.55     12.57  0.        2892.289      -2560.067       -391.003    0.000  -0.085   0.234   0.
  2017 352  1 45 20 514 352.073154103      11.49     13.21     12.67  0.        2894.457      -2559.516       -387.755    0.000  -0.085   0.234   0.
  2017 352  1 45 21 514 352.073165677      12.62     14.72     13.87  0.        2896.624      -2558.963       -384.507    0.000  -0.085   0.234   0.
  2017 352  1 45 22 514 352.073177251      13.52     13.32     14.20  0.        2898.789      -2558.408       -381.259    0.000  -0.085   0.234   0.
  2017 352  1 45 23 514 352.073188825      13.71     12.84     13.71  0.        2900.952      -2557.851       -378.010    0.000  -0.085   0.234   0.
  2017 352  1 45 24 514 352.073200399      13.50     12.86     13.12  0.        2903.112      -2557.293       -374.761    0.000  -0.085   0.235   0.
  2017 352  1 45 25 514 352.073211973      14.02     12.90     12.88  0.        2905.270      -2556.733       -371.512    0.000  -0.085   0.235   0.
  2017 352  1 45 26 514 352.073223547      13.92     13.79     13.52  0.        2907.427      -2556.170       -368.262    0.000  -0.086   0.235   0.
  2017 352  1 45 27 514 352.073235121      12.38     14.39     14.17  0.        2909.581      -2555.606       -365.012    0.000  -0.086   0.235   0.
  2017 352  1 45 28 514 352.073246696      12.96     15.85     12.26  0.        2911.733      -2555.040       -361.762    0.000  -0.086   0.235   0.
  2017 352  1 45 29 514 352.073258270      13.85     15.57     11.04  0.        2913.883      -2554.472       -358.512    0.000  -0.086   0.235   0.
  2017 352  1 45 30 514 352.073269844      13.43     16.52     11.52  0.        2916.030      -2553.903       -355.261    0.000  -0.086   0.236   0.
  2017 352  1 45 31 514 352.073281418      13.85     15.38     11.83  0.        2918.176      -2553.331       -352.010    0.000  -0.086   0.236   0.
  2017 352  1 45 32 514 352.073292992      12.95     13.51     11.76  0.        2920.319      -2552.758       -348.759    0.000  -0.086   0.237   0.
  2017 352  1 45 33 514 352.073304566      11.79     12.98     12.28  0.        2922.461      -2552.182       -345.508    0.000  -0.086   0.237   0.
  2017 352  1 45 34 514 352.073316140      12.36     12.92     12.26  0.        2924.600      -2551.605       -342.256    0.000  -0.086   0.237   0.
  2017 352  1 45 35 514 352.073327714      12.82     13.61     12.08  0.        2926.737      -2551.026       -339.005    0.000  -0.086   0.237   0.
  2017 352  1 45 36 514 352.073339288      12.95     14.46     11.72  0.        2928.872      -2550.445       -335.752    0.000  -0.086   0.237   0.
  2017 352  1 45 37 514 352.073350862      12.73     12.55     11.32  0.        2931.005      -2549.862       -332.500    0.000  -0.086   0.237   0.
  2017 352  1 45 38 514 352.073362436      11.62     11.20     10.94  0.        2933.136      -2549.278       -329.248    0.000  -0.086   0.237   0.
  2017 352  1 45 39 514 352.073374010      10.79     12.04     11.74  0.        2935.264      -2548.692       -325.995    0.000  -0.086   0.237   0.
  2017 352  1 45 40 514 352.073385585      11.64     13.16     10.72  0.        2937.391      -2548.103       -322.742    0.000  -0.086   0.238   0.
  2017 352  1 45 41 514 352.073397159      13.20     13.71     10.06  0.        2939.515      -2547.513       -319.488    0.000  -0.086   0.238   0.
  2017 352  1 45 42 514 352.073408733      13.02     15.33     10.94  0.        2941.637      -2546.921       -316.235    0.000  -0.087   0.238   0.
  2017 352  1 45 43 514 352.073420307      12.97     14.07     11.26  0.        2943.757      -2546.328       -312.981    0.000  -0.087   0.238   0.
  2017 352  1 45 44 514 352.073431879      12.38     12.60     13.09  0.        2945.875      -2545.732       -309.727    0.000  -0.087   0.239   0.
  2017 352  1 45 45 514 352.073443452      11.28     11.11     13.00  0.        2947.991      -2545.135       -306.473    0.000  -0.087   0.239   0.
  2017 352  1 45 46 514 352.073455026      10.87      9.80     11.20  0.        2950.105      -2544.535       -303.219    0.000  -0.087   0.239   0.
  2017 352  1 45 47 514 352.073466600      10.74      9.50     11.01  0.        2952.217      -2543.934       -299.964    0.000  -0.087   0.239   0.
  2017 352  1 45 48 514 352.073478174      10.48      9.95     11.90  0.        2954.326      -2543.331       -296.709    0.000  -0.087   0.239   0.
  2017 352  1 45 49 514 352.073489748      10.33      9.98     13.11  0.        2956.433      -2542.727       -293.454    0.000  -0.087   0.239   0.
  2017 352  1 45 50 514 352.073501322      10.64     11.55     14.13  0.        2958.539      -2542.120       -290.199    0.000  -0.087   0.239   0.
  2017 352  1 45 51 514 352.073512896      12.22     11.86     13.11  0.        2960.642      -2541.512       -286.944    0.000  -0.087   0.239   0.
  2017 352  1 45 52 514 352.073524471      11.29     10.71     13.20  0.        2962.743      -2540.901       -283.688    0.000  -0.087   0.238   0.
  2017 352  1 45 53 514 352.073536045      10.33     10.54     13.36  0.        2964.842      -2540.290       -280.432    0.000  -0.087   0.238   0.
  2017 352  1 45 54 514 352.073547619      10.11     11.87     13.27  0.        2966.938      -2539.676       -277.176    0.000  -0.087   0.238   0.
  2017 352  1 45 55 514 352.073559193      10.17     13.98     16.42  0.        2969.033      -2539.060       -273.920    0.000  -0.087   0.238   0.
  2017 352  1 45 56 514 352.073570767      12.09     15.02     14.96  0.        2971.125      -2538.443       -270.664    0.000  -0.087   0.238   0.
  2017 352  1 45 57 514 352.073582341      12.73     13.09     12.98  0.        2973.216      -2537.823       -267.407    0.000  -0.087   0.238   0.
  2017 352  1 45 58 514 352.073593915      11.70     10.47     11.47  0.        2975.304      -2537.202       -264.150    0.000  -0.087   0.238   0.
  2017 352  1 45 59 514 352.073605489      10.89      9.87     11.87  0.        2977.390      -2536.579       -260.893    0.000  -0.087   0.238   0.
  2017 352  1 46  0 514 352.073617063      10.32     10.18     12.90  0.        2979.474      -2535.955       -257.636    0.000  -0.087   0.238   0.
  2017 352  1 46  1 514 352.073628637      12.19     11.62     13.17  0.        2981.556      -2535.328       -254.379    0.000  -0.087   0.238   0.
  2017 352  1 46  2 514 352.073640211      13.08     11.70     11.66  0.        2983.636      -2534.700       -251.121    0.000  -0.087   0.238   0.
  2017 352  1 46  3 514 352.073651785      11.86     10.73     10.52  0.        2985.714      -2534.070       -247.864    0.000  -0.087   0.238   0.
  2017 352  1 46  4 514 352.073663359      10.66     11.96     12.21  0.        2987.789      -2533.438       -244.606    0.000  -0.087   0.238   0.
  2017 352  1 46  5 514 352.073674933      10.45     12.75     12.43  0.        2989.863      -2532.804       -241.348    0.000  -0.087   0.238   0.
  2017 352  1 46  6 514 352.073686508       7.04      9.83      7.57  0.        2991.934      -2532.169       -238.090    0.000  -0.087   0.238   0.
  2017 352  1 46  7 514 352.073698082       7.75      9.31      7.32  0.        2994.003      -2531.531       -234.831    0.000  -0.087   0.238   0.
  2017 352  1 46  8 514 352.073709656       7.05      9.80      9.35  0.        2996.070      -2530.892       -231.573    0.000  -0.087   0.238   0.
  2017 352  1 46  9 514 352.073721230       5.88      9.06      8.74  0.        2998.135      -2530.251       -228.314    0.000  -0.087   0.238   0.
  2017 352  1 46 10 514 352.073732804       6.39      8.98      8.99  0.        3000.198      -2529.609       -225.055    0.000  -0.087   0.238   0.
  2017 352  1 46 11 514 352.073744378       8.46      9.29      6.71  0.        3002.258      -2528.964       -221.796    0.000  -0.087   0.238   0.
  2017 352  1 46 12 513 352.073755950       9.79     11.12      6.88  0.        3004.317      -2528.318       -218.537    0.000  -0.087   0.238   0.
  2017 352  1 46 13 513 352.073767523       8.56     11.28      9.59  0.        3006.373      -2527.670       -215.278    0.000  -0.087   0.238   0.
  2017 352  1 46 14 513 352.073779097       8.06      8.79      9.47  0.        3008.428      -2527.020       -212.018    0.000  -0.087   0.238   0.
  2017 352  1 46 15 513 352.073790671       9.19     11.75      7.31  0.        3010.480      -2526.369       -208.759    0.000  -0.087   0.238   0.
  2017 352  1 46 16 514 352.073802245      10.30     11.85      7.75  0.        3012.530      -2525.715       -205.499    0.000  -0.087   0.238   0.
  2017 352  1 46 17 514 352.073813819      11.32     12.84      8.87  0.        3014.578      -2525.060       -202.239    0.000  -0.087   0.238   0.
  2017 352  1 46 18 513 352.073825394      10.58     11.19     11.51  0.        3016.624      -2524.403       -198.979    0.000  -0.087   0.238   0.
  2017 352  1 46 19 513 352.073836968       9.89     11.61     12.87  0.        3018.667      -2523.744       -195.719    0.000  -0.087   0.238   0.
  2017 352  1 46 20 514 352.073848542       9.89      9.96     15.50  0.        3020.709      -2523.084       -192.459    0.000  -0.087   0.238   0.
  2017 352  1 46 21 514 352.073860116      10.04      9.47     15.72  0.        3022.748      -2522.422       -189.198    0.000  -0.087   0.238   0.
  2017 352  1 46 22 514 352.073871690       8.32      9.27     13.60  0.        3024.786      -2521.758       -185.938    0.000  -0.087   0.238   0.
  2017 352  1 46 23 514 352.073883264       9.01     11.40     11.80  0.        3026.821      -2521.092       -182.677    0.000  -0.087   0.238   0.
  2017 352  1 46 24 514 352.073894838      11.11     12.72     10.37  0.        3028.854      -2520.424       -179.416    0.000  -0.087   0.238   0.
  2017 352  1 46 25 513 352.073906412      11.58     11.15     12.31  0.        3030.885      -2519.755       -176.156    0.000  -0.087   0.238   0.
  2017 352  1 46 26 513 352.073917986       9.78      9.37     10.98  0.        3032.914      -2519.084       -172.895    0.000  -0.087   0.238   0.
  2017 352  1 46 27 513 352.073929560       9.84      9.03     10.08  0.        3034.941      -2518.411       -169.633    0.000  -0.087   0.238   0.
  2017 352  1 46 28 513 352.073941134      10.11      7.08     10.07  0.        3036.965      -2517.737       -166.372    0.000  -0.087   0.238   0.
  2017 352  1 46 29 513 352.073952708       9.06      6.69     10.71  0.        3038.988      -2517.060       -163.111    0.000  -0.087   0.238   0.
  2017 352  1 46 30 514 352.073964282       8.03      6.25     12.24  0.        3041.008      -2516.382       -159.849    0.000  -0.087   0.239   0.
  2017 352  1 46 31 514 352.073975856       8.12      7.30     11.94  0.        3043.026      -2515.703       -156.588    0.000  -0.087   0.239   0.
  2017 352  1 46 32 513 352.073987431       8.75     10.21     11.85  0.        3045.043      -2515.021       -153.326    0.000  -0.087   0.238   0.
  2017 352  1 46 33 513 352.073999005      10.03     10.51     10.09  0.        3047.057      -2514.338       -150.064    0.000  -0.087   0.238   0.
  2017 352  1 46 34 514 352.074010579       9.48     10.17     10.34  0.        3049.069      -2513.653       -146.802    0.000  -0.087   0.239   0.
  2017 352  1 46 35 514 352.074022153      10.08     10.55     11.26  0.        3051.078      -2512.966       -143.540    0.000  -0.087   0.239   0.
  2017 352  1 46 36 514 352.074033727      11.40      9.37      9.87  0.        3053.086      -2512.277       -140.278    0.000  -0.087   0.238   0.
  2017 352  1 46 37 514 352.074045301      10.60      8.10     11.12  0.        3055.092      -2511.587       -137.016    0.000  -0.087   0.238   0.
  2017 352  1 46 38 513 352.074056875       9.30      7.97     11.17  0.        3057.095      -2510.895       -133.754    0.000  -0.087   0.239   0.
  2017 352  1 46 39 513 352.074068449       9.16      8.52     12.35  0.        3059.096      -2510.201       -130.492    0.000  -0.087   0.239   0.
  2017 352  1 46 40 513 352.074080023       9.88      7.62     11.77  0.        3061.096      -2509.506       -127.229    0.000  -0.087   0.238   0.
  2017 352  1 46 41 513 352.074091597       9.24      6.97     10.51  0.        3063.093      -2508.809       -123.967    0.000  -0.087   0.238   0.
  2017 352  1 46 42 513 352.074103169       8.19      7.77     10.43  0.        3065.088      -2508.110       -120.704    0.000  -0.087   0.239   0.
  2017 352  1 46 43 513 352.074114742       7.39      9.06     11.08  0.        3067.081      -2507.409       -117.441    0.000  -0.087   0.239   0.
  2017 352  1 46 44 513 352.074126317       8.90     10.51     12.29  0.        3069.071      -2506.707       -114.179    0.000  -0.087   0.238   0.
  2017 352  1 46 45 513 352.074137891      10.39     10.39     13.00  0.        3071.060      -2506.002       -110.916    0.000  -0.087   0.238   0.
  2017 352  1 46 46 513 352.074149465      10.92     11.37     14.06  0.        3073.047      -2505.297       -107.653    0.000  -0.087   0.238   0.
  2017 352  1 46 47 513 352.074161039      10.39     10.39     13.48  0.        3075.031      -2504.589       -104.390    0.000  -0.087   0.238   0.
  2017 352  1 46 48 513 352.074172613       9.33      9.91     13.94  0.        3077.013      -2503.880       -101.127    0.000  -0.087   0.238   0.
  2017 352  1 46 49 513 352.074184187       9.86     10.94     14.37  0.        3078.994      -2503.169        -97.864    0.000  -0.087   0.238   0.
  2017 352  1 46 50 513 352.074195761      10.37     11.08     14.92  0.        3080.972      -2502.456        -94.601    0.000  -0.087   0.238   0.
  2017 352  1 46 51 513 352.074207335      10.26      8.85     13.55  0.        3082.948      -2501.741        -91.337    0.000  -0.087   0.238   0.
  2017 352  1 46 52 513 352.074218909       9.51      8.17     11.89  0.        3084.921      -2501.025        -88.074    0.000  -0.087   0.238   0.
  2017 352  1 46 53 513 352.074230483       9.07      8.19     11.61  0.        3086.893      -2500.307        -84.811    0.000  -0.087   0.238   0.
  2017 352  1 46 54 513 352.074242057       9.19      8.96     13.84  0.        3088.863      -2499.588        -81.547    0.000  -0.087   0.238   0.
  2017 352  1 46 55 513 352.074253631       9.09      7.95     14.54  0.        3090.830      -2498.867        -78.284    0.000  -0.087   0.238   0.
  2017 352  1 46 56 513 352.074265205       8.51      7.47     13.78  0.        3092.796      -2498.144        -75.020    0.000  -0.087   0.238   0.
  2017 352  1 46 57 513 352.074276780       7.11      8.38     12.78  0.        3094.759      -2497.419        -71.757    0.000  -0.087   0.238   0.
  2017 352  1 46 58 513 352.074288354       8.13     11.15     11.87  0.        3096.720      -2496.692        -68.493    0.000  -0.087   0.238   0.
  2017 352  1 46 59 513 352.074299928       9.95     12.75     14.20  0.        3098.679      -2495.964        -65.230    0.000  -0.087   0.238   0.
  2017 352  1 47  0 513 352.074311502      11.32     11.11     16.67  0.        3100.636      -2495.234        -61.966    0.000  -0.087   0.238   0.
  2017 352  1 47  1 513 352.074323076      10.40      9.54     14.19  0.        3102.591      -2494.503        -58.702    0.000  -0.087   0.238   0.
  2017 352  1 47  2 513 352.074334650       9.18      9.11     14.21  0.        3104.544      -2493.770        -55.438    0.000  -0.087   0.239   0.
  2017 352  1 47  3 513 352.074346224       8.32     10.05     13.36  0.        3106.494      -2493.035        -52.175    0.000  -0.087   0.239   0.
  2017 352  1 47  4 513 352.074357798       9.60     10.15     12.59  0.        3108.443      -2492.298        -48.911    0.000  -0.087   0.239   0.
  2017 352  1 47  5 513 352.074369372      10.69     10.04     12.18  0.        3110.389      -2491.560        -45.647    0.000  -0.087   0.239   0.
  2017 352  1 47  6 513 352.074380946       9.94      8.20     12.44  0.        3112.333      -2490.820        -42.383    0.000  -0.087   0.239   0.
  2017 352  1 47  7 513 352.074392520       9.47      7.39     12.04  0.        3114.276      -2490.079        -39.119    0.000  -0.087   0.239   0.
  2017 352  1 47  8 513 352.074404094       9.29      8.50     11.10  0.        3116.216      -2489.335        -35.855    0.000  -0.087   0.239   0.
  2017 352  1 47  9 513 352.074415668      10.11     10.66     11.27  0.        3118.154      -2488.590        -32.591    0.000  -0.087   0.239   0.
  2017 352  1 47 10 513 352.074427242      11.17     11.72     11.37  0.        3120.090      -2487.843        -29.328    0.000  -0.087   0.239   0.
  2017 352  1 47 11 513 352.074438817      11.33      9.28     10.87  0.        3122.023      -2487.095        -26.064    0.000  -0.087   0.239   0.
  2017 352  1 47 12 513 352.074450388      10.09      8.12     10.86  0.        3123.955      -2486.345        -22.800    0.000  -0.087   0.239   0.
  2017 352  1 47 13 513 352.074461962       8.78      6.93     11.10  0.        3125.884      -2485.593        -19.536    0.000  -0.087   0.239   0.
  2017 352  1 47 14 513 352.074473536       7.88      9.07     10.02  0.        3127.812      -2484.840        -16.272    0.000  -0.087   0.239   0.
  2017 352  1 47 15 513 352.074485110       9.45     11.77     11.12  0.        3129.737      -2484.085        -13.008    0.000  -0.087   0.239   0.
  2017 352  1 47 16 513 352.074496684       9.63     12.41     10.69  0.        3131.660      -2483.328         -9.744    0.000  -0.087   0.239   0.
  2017 352  1 47 17 513 352.074508258      10.22     12.90     12.26  0.        3133.581      -2482.570         -6.480    0.000  -0.087   0.239   0.
  2017 352  1 47 18 513 352.074519832      11.09     13.00     13.02  0.        3135.500      -2481.810         -3.216    0.000  -0.087   0.239   0.
  2017 352  1 47 19 513 352.074531406      11.71     11.38     12.86  0.        3137.417      -2481.048          0.048    0.000  -0.087   0.239   0.
  2017 352  1 47 20 513 352.074542980      10.41      9.91     12.18  0.        3139.332      -2480.285          3.312    0.000  -0.087   0.239   0.
  2017 352  1 47 21 513 352.074554554       8.82      8.92     12.41  0.        3141.245      -2479.520          6.576    0.000  -0.087   0.239   0.
  2017 352  1 47 22 513 352.074566129       8.49      9.45     12.49  0.        3143.155      -2478.753          9.840    0.000  -0.087   0.239   0.
  2017 352  1 47 23 513 352.074577703       7.63     13.17     12.33  0.        3145.064      -2477.985         13.104    0.000  -0.087   0.239   0.
  2017 352  1 47 24 513 352.074589277       9.25     14.69     13.42  0.        3146.970      -2477.215         16.368    0.000  -0.087   0.239   0.
  2017 352  1 47 25 513 352.074600851      12.84     14.38      9.83  0.        3148.875      -2476.443         19.632    0.000  -0.087   0.239   0.
  2017 352  1 47 26 513 352.074612425      15.33     15.62     10.19  0.        3150.777      -2475.669         22.896    0.000  -0.087   0.239   0.
  2017 352  1 47 27 513 352.074623999      11.20     13.60     10.84  0.        3152.677      -2474.894         26.160    0.000  -0.087   0.239   0.
  2017 352  1 47 28 513 352.074635573       8.82     14.50     11.41  0.        3154.575      -2474.118         29.424    0.000  -0.087   0.239   0.
  2017 352  1 47 29 513 352.074647147       7.80     17.81     12.88  0.        3156.471      -2473.340         32.688    0.000  -0.087   0.239   0.
  2017 352  1 47 30 513 352.074658721      10.41     18.22     13.79  0.        3158.364      -2472.560         35.952    0.000  -0.087   0.239   0.
  2017 352  1 47 31 513 352.074670295      11.21     20.91     13.43  0.        3160.256      -2471.778         39.216    0.000  -0.087   0.239   0.
  2017 352  1 47 32 513 352.074681869      12.86     17.89     15.34  0.        3162.145      -2470.995         42.479    0.000  -0.087   0.239   0.
  2017 352  1 47 33 513 352.074693443      15.63     14.74     14.89  0.        3164.033      -2470.210         45.743    0.000  -0.087   0.239   0.
  2017 352  1 47 34 513 352.074705017      16.52      9.31     11.30  0.        3165.918      -2469.424         49.007    0.000  -0.087   0.239   0.
  2017 352  1 47 35 513 352.074716591      12.17      8.92     11.69  0.        3167.802      -2468.636         52.270    0.000  -0.087   0.239   0.
  2017 352  1 47 36 513 352.074728166       9.91     11.97     14.13  0.        3169.683      -2467.846         55.534    0.000  -0.087   0.239   0.
  2017 352  1 47 37 513 352.074739740       8.10     13.25     14.29  0.        3171.562      -2467.054         58.798    0.000  -0.087   0.239   0.
  2017 352  1 47 38 513 352.074751314      14.02     13.91     10.84  0.        3173.439      -2466.261         62.061    0.000  -0.087   0.239   0.
  2017 352  1 47 39 513 352.074762888      10.81      6.16      7.90  0.        3175.314      -2465.467         65.325    0.000  -0.087   0.239   0.
  2017 352  1 47 40 513 352.074774460      10.75      6.83      8.06  0.        3177.186      -2464.671         68.588    0.000  -0.087   0.239   0.
  2017 352  1 47 41 513 352.074786033       8.03     10.71      8.66  0.        3179.057      -2463.873         71.852    0.000  -0.087   0.239   0.
  2017 352  1 47 42 513 352.074797607       8.10     12.21     10.68  0.        3180.926      -2463.073         75.115    0.000  -0.087   0.239   0.
  2017 352  1 47 43 513 352.074809181      11.55     12.23     11.92  0.        3182.792      -2462.272         78.378    0.000  -0.087   0.239   0.
  2017 352  1 47 44 513 352.074820755      11.09     10.86     11.80  0.        3184.657      -2461.469         81.642    0.000  -0.087   0.239   0.
  2017 352  1 47 45 513 352.074832329       9.93     11.24     11.68  0.        3186.519      -2460.665         84.905    0.000  -0.087   0.239   0.
  2017 352  1 47 46 513 352.074843903       8.85     10.57     12.90  0.        3188.379      -2459.859         88.168    0.000  -0.087   0.239   0.
  2017 352  1 47 47 513 352.074855477       9.36     13.03     15.07  0.        3190.238      -2459.051         91.431    0.000  -0.087   0.239   0.
  2017 352  1 47 48 513 352.074867052       9.93     12.16     16.81  0.        3192.094      -2458.242         94.694    0.000  -0.087   0.239   0.
  2017 352  1 47 49 513 352.074878626       9.22      9.53     16.19  0.        3193.947      -2457.431         97.957    0.000  -0.087   0.239   0.
  2017 352  1 47 50 513 352.074890200      10.61     11.68     14.05  0.        3195.799      -2456.619        101.220    0.000  -0.087   0.239   0.
  2017 352  1 47 51 513 352.074901774      10.74      9.48      9.16  0.        3197.649      -2455.805        104.483    0.000  -0.087   0.239   0.
  2017 352  1 47 52 513 352.074913348       7.52      6.24      8.52  0.        3199.497      -2454.989        107.745    0.000  -0.087   0.239   0.
  2017 352  1 47 53 513 352.074924922       6.01      6.53      9.16  0.        3201.342      -2454.172        111.008    0.000  -0.087   0.239   0.
  2017 352  1 47 54 513 352.074936496       8.11      8.85     10.57  0.        3203.186      -2453.353        114.270    0.000  -0.087   0.239   0.
  2017 352  1 47 55 513 352.074948070       7.90      9.77     12.02  0.        3205.027      -2452.533        117.533    0.000  -0.087   0.239   0.
  2017 352  1 47 56 513 352.074959644       8.78     10.02     12.88  0.        3206.866      -2451.711        120.795    0.000  -0.087   0.239   0.
  2017 352  1 47 57 513 352.074971218       8.98     11.50     14.54  0.        3208.704      -2450.887        124.058    0.000  -0.087   0.239   0.
  2017 352  1 47 58 513 352.074982792       9.22     12.77     14.35  0.        3210.539      -2450.062        127.320    0.000  -0.087   0.239   0.
  2017 352  1 47 59 513 352.074994366       9.68     14.83     12.25  0.        3212.372      -2449.235        130.582    0.000  -0.087   0.239   0.
  2017 352  1 48  0 513 352.075005940       8.17     15.84     14.97  0.        3214.203      -2448.407        133.844    0.000  -0.087   0.239   0.
  2017 352  1 48  1 513 352.075017514       5.00     13.23     12.48  0.        3216.031      -2447.577        137.106    0.000  -0.087   0.239   0.
  2017 352  1 48  2 513 352.075029089       1.62      9.49      9.20  0.        3217.858      -2446.745        140.368    0.000  -0.087   0.239   0.
  2017 352  1 48  3 513 352.075040663       0.47      4.93     11.80  0.        3219.683      -2445.912        143.630    0.000  -0.087   0.239   0.
  2017 352  1 48  4 513 352.075052237       5.97      6.35     16.93  0.        3221.506      -2445.077        146.891    0.000  -0.087   0.239   0.
  2017 352  1 48  5 513 352.075063811       5.92      4.22     21.27  0.        3223.326      -2444.241        150.153    0.000  -0.087   0.239   0.
  2017 352  1 48  6 513 352.075075385       2.70      5.45     16.29  0.        3225.144      -2443.403        153.415    0.000  -0.087   0.239   0.
  2017 352  1 48  7 513 352.075086959      -0.27      4.83     12.33  0.        3226.961      -2442.564        156.676    0.000  -0.087   0.239   0.
  2017 352  1 48  8 513 352.075098533      -1.22      5.74      8.77  0.        3228.775      -2441.723        159.937    0.000  -0.087   0.239   0.
  2017 352  1 48  9 513 352.075110107       1.07      2.07      2.76  0.        3230.587      -2440.880        163.198    0.000  -0.087   0.239   0.
  2017 352  1 48 10 512 352.075121679       3.82      5.06      5.55  0.        3232.397      -2440.036        166.459    0.000  -0.087   0.239   0.
  2017 352  1 48 11 512 352.075133252       0.84      3.11      6.26  0.        3234.205      -2439.190        169.720    0.000  -0.087   0.239   0.
  2017 352  1 48 12 513 352.075144826       2.30      7.40     11.24  0.        3236.011      -2438.342        172.981    0.000  -0.087   0.240   0.
  2017 352  1 48 13 513 352.075156400       5.99      6.89     12.11  0.        3237.815      -2437.494        176.242    0.000  -0.087   0.240   0.
  2017 352  1 48 14 512 352.075167975       6.72      5.19      6.99  0.        3239.617      -2436.643        179.502    0.000  -0.087   0.239   0.
  2017 352  1 48 15 512 352.075179549       4.91      7.09      6.53  0.        3241.416      -2435.791        182.763    0.000  -0.087   0.239   0.
  2017 352  1 48 16 513 352.075191123       2.35      6.73     10.41  0.        3243.214      -2434.938        186.023    0.000  -0.087   0.239   0.
  2017 352  1 48 17 513 352.075202697       3.43      7.09     13.92  0.        3245.009      -2434.083        189.284    0.000  -0.087   0.239   0.
  2017 352  1 48 18 513 352.075214271       3.32      2.67     15.98  0.        3246.803      -2433.226        192.544    0.000  -0.087   0.239   0.
  2017 352  1 48 19 513 352.075225845       3.18      4.59     14.12  0.        3248.594      -2432.368        195.804    0.000  -0.087   0.239   0.
  2017 352  1 48 20 513 352.075237419       3.07     11.17     10.89  0.        3250.384      -2431.508        199.064    0.000  -0.087   0.239   0.
  2017 352  1 48 21 512 352.075248993       6.68     14.60     13.84  0.        3252.171      -2430.646        202.323    0.000  -0.087   0.239   0.
  2017 352  1 48 22 512 352.075260567      13.61     15.03      9.12  0.        3253.956      -2429.784        205.583    0.000  -0.087   0.239   0.
  2017 352  1 48 23 512 352.075272141      11.20     11.51      8.97  0.        3255.739      -2428.919        208.842    0.000  -0.087   0.239   0.
  2017 352  1 48 24 512 352.075283715       8.01      7.98     13.23  0.        3257.520      -2428.053        212.102    0.000  -0.087   0.239   0.
  2017 352  1 48 25 513 352.075295289       3.18      6.12     13.37  0.        3259.299      -2427.185        215.361    0.000  -0.087   0.239   0.
  2017 352  1 48 26 513 352.075306863       4.04      4.52     10.43  0.        3261.075      -2426.316        218.620    0.000  -0.087   0.239   0.
  2017 352  1 48 27 513 352.075318438       0.32      2.46      8.90  0.        3262.850      -2425.446        221.879    0.000  -0.087   0.239   0.
  2017 352  1 48 28 512 352.075330012      -3.46      2.32     10.57  0.        3264.623      -2424.573        225.137    0.000  -0.087   0.239   0.
  2017 352  1 48 29 513 352.075341586       4.01      3.57     11.62  0.        3266.394      -2423.700        228.396    0.000  -0.087   0.239   0.
  2017 352  1 48 30 513 352.075353160       6.22      6.10     10.49  0.        3268.162      -2422.824        231.655    0.000  -0.087   0.239   0.
  2017 352  1 48 31 513 352.075364734       3.82      6.51     10.50  0.        3269.929      -2421.948        234.913    0.000  -0.087   0.239   0.
  2017 352  1 48 32 513 352.075376308      -1.30     10.39     13.01  0.        3271.693      -2421.069        238.171    0.000  -0.087   0.240   0.
  2017 352  1 48 33 513 352.075387882       0.26      5.21     10.46  0.        3273.455      -2420.189        241.429    0.000  -0.087   0.240   0.
  2017 352  1 48 34 512 352.075399456       5.03      3.55      7.29  0.        3275.216      -2419.308        244.687    0.000  -0.087   0.239   0.
  2017 352  1 48 35 512 352.075411030       3.74      4.73      7.51  0.        3276.974      -2418.425        247.944    0.000  -0.087   0.239   0.
  2017 352  1 48 36 512 352.075422604       3.46      5.92      7.71  0.        3278.730      -2417.541        251.202    0.000  -0.087   0.239   0.
  2017 352  1 48 37 512 352.075434178       2.19      6.13     10.07  0.        3280.484      -2416.655        254.459    0.000  -0.087   0.239   0.
  2017 352  1 48 38 512 352.075445752       2.46      4.23      8.35  0.        3282.236      -2415.767        257.716    0.000  -0.087   0.239   0.
  2017 352  1 48 39 513 352.075457326      -1.05      5.09      8.54  0.        3283.986      -2414.878        260.974    0.000  -0.087   0.239   0.
  2017 352  1 48 40 513 352.075468898      -2.02      4.68      8.23  0.        3285.734      -2413.988        264.230    0.000  -0.087   0.239   0.
  2017 352  1 48 41 512 352.075480472       2.27      3.31      7.75  0.        3287.479      -2413.096        267.487    0.000  -0.087   0.239   0.
  2017 352  1 48 42 512 352.075492046       5.53      5.50      6.46  0.        3289.223      -2412.202        270.743    0.000  -0.087   0.240   0.
  2017 352  1 48 43 512 352.075503620       7.17      4.95      4.43  0.        3290.965      -2411.307        274.000    0.000  -0.087   0.240   0.
  2017 352  1 48 44 512 352.075515194       4.04      3.95      3.44  0.        3292.704      -2410.411        277.256    0.000  -0.087   0.239   0.
  2017 352  1 48 45 512 352.075526768      -2.58     10.26      9.80  0.        3294.442      -2409.512        280.512    0.000  -0.087   0.239   0.
  2017 352  1 48 46 512 352.075538342       1.99      4.75     11.51  0.        3296.177      -2408.613        283.768    0.000  -0.087   0.240   0.
  2017 352  1 48 47 512 352.075549916       4.96      2.06      7.67  0.        3297.911      -2407.712        287.023    0.000  -0.087   0.240   0.
  2017 352  1 48 48 512 352.075561490       5.49      3.07     13.42  0.        3299.642      -2406.809        290.279    0.000  -0.087   0.239   0.
  2017 352  1 48 49 512 352.075573064       5.32      5.98     14.66  0.        3301.371      -2405.905        293.534    0.000  -0.087   0.239   0.
  2017 352  1 48 50 512 352.075584638       3.86      8.55     14.63  0.        3303.098      -2404.999        296.789    0.000  -0.087   0.239   0.
  2017 352  1 48 51 512 352.075596212       0.51     11.52     17.75  0.        3304.823      -2404.092        300.044    0.000  -0.087   0.239   0.
  2017 352  1 48 52 512 352.075607786       1.14      7.16     13.93  0.        3306.546      -2403.184        303.299    0.000  -0.087   0.239   0.
  2017 352  1 48 53 512 352.075619361      -0.24      0.96      2.11  0.        3308.267      -2402.273        306.553    0.000  -0.087   0.239   0.
  2017 352  1 48 54 512 352.075630935       1.64      4.62      6.25  0.        3309.986      -2401.362        309.807    0.000  -0.087   0.239   0.
  2017 352  1 48 55 512 352.075642509       3.47      7.01     11.82  0.        3311.703      -2400.449        313.061    0.000  -0.087   0.239   0.
  2017 352  1 48 56 512 352.075654083       6.79      4.00     16.18  0.        3313.418      -2399.534        316.315    0.000  -0.087   0.239   0.
  2017 352  1 48 57 512 352.075665657       5.94      6.11     14.04  0.        3315.131      -2398.618        319.569    0.000  -0.087   0.239   0.
  2017 352  1 48 58 512 352.075677231       6.06      8.26     10.59  0.        3316.842      -2397.701        322.822    0.000  -0.087   0.239   0.
  2017 352  1 48 59 512 352.075688805       5.47      7.57      7.78  0.        3318.550      -2396.782        326.076    0.000  -0.087   0.239   0.
  2017 352  1 49  0 512 352.075700379       6.32      4.57      9.94  0.        3320.257      -2395.861        329.329    0.000  -0.087   0.239   0.
  2017 352  1 49  1 512 352.075711953       5.64      6.10     10.49  0.        3321.961      -2394.939        332.582    0.000  -0.087   0.239   0.
  2017 352  1 49  2 512 352.075723527       5.23      5.89      8.47  0.        3323.664      -2394.016        335.834    0.000  -0.087   0.239   0.
  2017 352  1 49  3 512 352.075735101       5.04      7.83      8.99  0.        3325.364      -2393.091        339.087    0.000  -0.087   0.239   0.
  2017 352  1 49  4 512 352.075746675       3.16      9.55      8.34  0.        3327.063      -2392.164        342.339    0.000  -0.087   0.239   0.
  2017 352  1 49  5 512 352.075758249       5.29     10.84      8.10  0.        3328.759      -2391.236        345.591    0.000  -0.087   0.239   0.
  2017 352  1 49  6 512 352.075769823       9.49     10.92     11.11  0.        3330.453      -2390.307        348.843    0.000  -0.087   0.239   0.
  2017 352  1 49  7 512 352.075781398       7.07     10.29     12.98  0.        3332.146      -2389.376        352.094    0.000  -0.087   0.239   0.
  2017 352  1 49  8 512 352.075792972       8.45     13.26     11.13  0.        3333.836      -2388.444        355.346    0.000  -0.087   0.240   0.
  2017 352  1 49  9 512 352.075804546       8.01     11.77      8.51  0.        3335.524      -2387.510        358.597    0.000  -0.087   0.240   0.
  2017 352  1 49 10 512 352.075816118       5.49      6.50      8.12  0.        3337.210      -2386.575        361.848    0.000  -0.087   0.240   0.
  2017 352  1 49 11 512 352.075827691       4.06      6.48      7.98  0.        3338.894      -2385.638        365.098    0.000  -0.087   0.240   0.
  2017 352  1 49 12 512 352.075839265       5.56      7.25     10.25  0.        3340.576      -2384.700        368.349    0.000  -0.087   0.240   0.
  2017 352  1 49 13 512 352.075850839       2.73      9.82     10.37  0.        3342.256      -2383.760        371.599    0.000  -0.087   0.240   0.
  2017 352  1 49 14 512 352.075862413       0.11      8.21     13.37  0.        3343.934      -2382.819        374.849    0.000  -0.087   0.239   0.
  2017 352  1 49 15 512 352.075873987       1.92     12.44     11.12  0.        3345.610      -2381.877        378.099    0.000  -0.087   0.239   0.
  2017 352  1 49 16 512 352.075885561       3.05      9.83      8.54  0.        3347.284      -2380.933        381.348    0.000  -0.087   0.240   0.
  2017 352  1 49 17 512 352.075897135       8.80      9.58      7.78  0.        3348.955      -2379.987        384.598    0.000  -0.087   0.240   0.
  2017 352  1 49 18 512 352.075908710       6.22      6.50      6.22  0.        3350.625      -2379.040        387.847    0.000  -0.087   0.240   0.
  2017 352  1 49 19 512 352.075920284       3.70      5.62      7.07  0.        3352.293      -2378.092        391.095    0.000  -0.087   0.240   0.
  2017 352  1 49 20 512 352.075931858       3.28      4.99      4.26  0.        3353.958      -2377.142        394.344    0.000  -0.087   0.240   0.
  2017 352  1 49 21 512 352.075943432       2.80      3.99      5.24  0.        3355.622      -2376.191        397.593    0.000  -0.087   0.240   0.
  2017 352  1 49 22 512 352.075955006       4.19      2.55      9.46  0.        3357.284      -2375.238        400.841    0.000  -0.087   0.240   0.
  2017 352  1 49 23 512 352.075966580       3.53      2.40      2.43  0.        3358.943      -2374.284        404.088    0.000  -0.087   0.240   0.
  2017 352  1 49 24 512 352.075978154       2.88      3.57      4.89  0.        3360.600      -2373.328        407.336    0.000  -0.087   0.240   0.
  2017 352  1 49 25 512 352.075989728       4.15      3.79      7.55  0.        3362.256      -2372.371        410.583    0.000  -0.087   0.240   0.
  2017 352  1 49 26 512 352.076001302       4.73     -1.05     13.56  0.        3363.909      -2371.413        413.830    0.000  -0.087   0.240   0.
  2017 352  1 49 27 512 352.076012876       1.22      2.02     14.06  0.        3365.561      -2370.453        417.077    0.000  -0.087   0.240   0.
  2017 352  1 49 28 512 352.076024450       1.58     11.19     12.15  0.        3367.210      -2369.492        420.324    0.000  -0.087   0.240   0.
  2017 352  1 49 29 512 352.076036024       1.79     14.64     10.69  0.        3368.857      -2368.529        423.570    0.000  -0.087   0.240   0.
  2017 352  1 49 30 512 352.076047598      -0.40     10.13      7.76  0.        3370.502      -2367.565        426.816    0.000  -0.087   0.240   0.
  2017 352  1 49 31 512 352.076059172       4.47     11.47      5.52  0.        3372.146      -2366.599        430.062    0.000  -0.087   0.240   0.
  2017 352  1 49 32 512 352.076070747       3.82     10.87      2.27  0.        3373.787      -2365.632        433.307    0.000  -0.087   0.240   0.
  2017 352  1 49 33 512 352.076082321       1.87      5.49      2.24  0.        3375.426      -2364.664        436.552    0.000  -0.087   0.240   0.
  2017 352  1 49 34 512 352.076093895       3.07      6.04      3.26  0.        3377.063      -2363.694        439.797    0.000  -0.087   0.240   0.
  2017 352  1 49 35 512 352.076105469       2.24      7.90      4.83  0.        3378.698      -2362.723        443.042    0.000  -0.087   0.240   0.
  2017 352  1 49 36 512 352.076117043       1.73      5.27      8.30  0.        3380.331      -2361.750        446.286    0.000  -0.087   0.240   0.
  2017 352  1 49 37 512 352.076128617      -0.59      5.09      7.15  0.        3381.962      -2360.776        449.531    0.000  -0.087   0.240   0.
  2017 352  1 49 38 512 352.076140191      -1.42      7.59     11.60  0.        3383.591      -2359.800        452.775    0.000  -0.087   0.240   0.
  2017 352  1 49 39 512 352.076151763      -1.05     14.06     16.46  0.        3385.218      -2358.823        456.018    0.000  -0.087   0.240   0.
  2017 352  1 49 40 512 352.076163336       3.42     13.82      9.26  0.        3386.843      -2357.845        459.262    0.000  -0.087   0.240   0.
  2017 352  1 49 41 512 352.076174910       6.36      7.60      5.77  0.        3388.466      -2356.865        462.505    0.000  -0.087   0.240   0.
  2017 352  1 49 42 512 352.076186484       4.93      7.41      4.79  0.        3390.087      -2355.884        465.747    0.000  -0.087   0.240   0.
  2017 352  1 49 43 512 352.076198058       1.91      6.05      3.11  0.        3391.705      -2354.901        468.990    0.000  -0.087   0.240   0.
  2017 352  1 49 44 512 352.076209633       0.83      8.05      6.94  0.        3393.322      -2353.917        472.232    0.000  -0.087   0.240   0.
  2017 352  1 49 45 512 352.076221207      -0.42      6.88      9.94  0.        3394.937      -2352.932        475.474    0.000  -0.087   0.240   0.
  2017 352  1 49 46 512 352.076232781       1.20      5.26     10.22  0.        3396.550      -2351.945        478.716    0.000  -0.087   0.240   0.
  2017 352  1 49 47 512 352.076244355       1.55      5.17      9.31  0.        3398.161      -2350.957        481.957    0.000  -0.087   0.240   0.
  2017 352  1 49 48 512 352.076255929       0.52      6.16      6.82  0.        3399.769      -2349.967        485.198    0.000  -0.087   0.240   0.
  2017 352  1 49 49 512 352.076267503       1.52      6.90      6.68  0.        3401.376      -2348.976        488.439    0.000  -0.087   0.240   0.
  2017 352  1 49 50 512 352.076279077       3.75      6.06      8.49  0.        3402.981      -2347.984        491.679    0.000  -0.087   0.240   0.
  2017 352  1 49 51 512 352.076290651       2.66      2.49      6.96  0.        3404.583      -2346.990        494.919    0.000  -0.087   0.240   0.
  2017 352  1 49 52 512 352.076302225       0.01      5.32      8.70  0.        3406.184      -2345.995        498.159    0.000  -0.087   0.240   0.
  2017 352  1 49 53 512 352.076313799      -2.36      7.81      9.87  0.        3407.782      -2344.998        501.399    0.000  -0.087   0.240   0.
  2017 352  1 49 54 512 352.076325373      -1.84     13.44     11.74  0.        3409.379      -2344.000        504.638    0.000  -0.087   0.240   0.
  2017 352  1 49 55 512 352.076336947       0.33     11.06     12.44  0.        3410.973      -2343.001        507.877    0.000  -0.087   0.240   0.
  2017 352  1 49 56 512 352.076348521       4.96      9.17      9.69  0.        3412.566      -2342.000        511.116    0.000  -0.087   0.240   0.
  2017 352  1 49 57 512 352.076360096       5.01      7.06     10.07  0.        3414.156      -2340.998        514.354    0.000  -0.087   0.240   0.
  2017 352  1 49 58 512 352.076371670       4.65      5.97     14.12  0.        3415.745      -2339.994        517.592    0.000  -0.087   0.240   0.
  2017 352  1 49 59 512 352.076383244       3.48      4.44     13.85  0.        3417.332      -2338.990        520.830    0.000  -0.087   0.240   0.
  2017 352  1 50  0 512 352.076394818       2.60     10.42     12.08  0.        3418.916      -2337.983        524.067    0.000  -0.087   0.240   0.
  2017 352  1 50  1 512 352.076406392       3.16      6.94      9.14  0.        3420.498      -2336.976        527.304    0.000  -0.087   0.240   0.
  2017 352  1 50  2 512 352.076417966       1.94      1.80      8.75  0.        3422.079      -2335.967        530.541    0.000  -0.087   0.240   0.
  2017 352  1 50  3 512 352.076429540       0.34      0.40      1.15  0.        3423.657      -2334.956        533.777    0.000  -0.087   0.240   0.
  2017 352  1 50  4 512 352.076441114      -0.30     -0.63     -1.06  0.        3425.234      -2333.945        537.014    0.000  -0.087   0.240   0.
  2017 352  1 50  5 512 352.076452688      -1.21      2.56     -1.61  0.        3426.808      -2332.931        540.249    0.000  -0.087   0.240   0.
  2017 352  1 50  6 512 352.076464262       0.19      2.36      4.55  0.        3428.381      -2331.917        543.485    0.000  -0.087   0.240   0.
  2017 352  1 50  7 512 352.076475836       0.42      2.44      8.45  0.        3429.951      -2330.901        546.720    0.000  -0.087   0.240   0.
  2017 352  1 50  8 512 352.076487408      -0.11      2.04      7.92  0.        3431.519      -2329.884        549.955    0.000  -0.087   0.240   0.
  2017 352  1 50  9 512 352.076498981      -0.02      4.14      8.32  0.        3433.086      -2328.865        553.189    0.000  -0.087   0.240   0.
  2017 352  1 50 10 511 352.076510556       0.84      7.18      8.90  0.        3434.650      -2327.845        556.424    0.000  -0.087   0.240   0.
  2017 352  1 50 11 511 352.076522130       3.89      9.42      5.87  0.        3436.212      -2326.824        559.658    0.000  -0.087   0.240   0.
  2017 352  1 50 12 512 352.076533704       4.47      5.06      4.59  0.        3437.773      -2325.801        562.891    0.000  -0.087   0.240   0.
  2017 352  1 50 13 512 352.076545278       3.55      4.82      6.95  0.        3439.331      -2324.777        566.124    0.000  -0.087   0.240   0.
  2017 352  1 50 14 512 352.076556852       2.09      3.51     11.25  0.        3440.887      -2323.752        569.357    0.000  -0.087   0.240   0.
  2017 352  1 50 15 512 352.076568426       0.66      4.22     10.31  0.        3442.442      -2322.725        572.590    0.000  -0.087   0.240   0.
  2017 352  1 50 16 512 352.076580000      -3.36      2.78      5.29  0.        3443.994      -2321.697        575.822    0.000  -0.087   0.240   0.
  2017 352  1 50 17 511 352.076591574       1.91      5.35      9.98  0.        3445.544      -2320.668        579.054    0.000  -0.087   0.240   0.
  2017 352  1 50 18 511 352.076603148       2.02      5.35     14.66  0.        3447.093      -2319.637        582.286    0.000  -0.087   0.240   0.
  2017 352  1 50 19 511 352.076614722       1.87      7.20     10.16  0.        3448.639      -2318.605        585.517    0.000  -0.087   0.240   0.
  2017 352  1 50 20 511 352.076626296       2.93      4.19      9.93  0.        3450.183      -2317.571        588.747    0.000  -0.087   0.240   0.
  2017 352  1 50 21 512 352.076637870       1.84      2.49     10.62  0.        3451.726      -2316.537        591.978    0.000  -0.087   0.240   0.
  2017 352  1 50 22 512 352.076649444       1.08      4.73     12.08  0.        3453.266      -2315.501        595.208    0.000  -0.087   0.240   0.
  2017 352  1 50 23 511 352.076661019       0.37      3.60      9.33  0.        3454.804      -2314.463        598.438    0.000  -0.087   0.240   0.
  2017 352  1 50 24 511 352.076672593       2.78      1.99     11.87  0.        3456.341      -2313.424        601.667    0.000  -0.087   0.240   0.
  2017 352  1 50 25 512 352.076684167       1.26      5.47      8.78  0.        3457.875      -2312.384        604.896    0.000  -0.087   0.240   0.
  2017 352  1 50 26 512 352.076695741      -2.28      7.51     13.54  0.        3459.407      -2311.343        608.125    0.000  -0.087   0.240   0.
  2017 352  1 50 27 512 352.076707315       3.11      3.72     11.20  0.        3460.938      -2310.300        611.353    0.000  -0.087   0.240   0.
  2017 352  1 50 28 512 352.076718889       2.42      3.19     10.07  0.        3462.466      -2309.256        614.581    0.000  -0.087   0.240   0.
  2017 352  1 50 29 512 352.076730463      -0.81      2.06     10.33  0.        3463.992      -2308.210        617.809    0.000  -0.087   0.240   0.
  2017 352  1 50 30 511 352.076742037      -3.72      0.95     12.90  0.        3465.517      -2307.164        621.037    0.000  -0.087   0.240   0.
  2017 352  1 50 31 511 352.076753611      -4.40     -0.01      9.64  0.        3467.039      -2306.115        624.263    0.000  -0.087   0.240   0.
  2017 352  1 50 32 511 352.076765185      -4.56     -1.86      8.13  0.        3468.559      -2305.066        627.490    0.000  -0.087   0.240   0.
  2017 352  1 50 33 511 352.076776759      -1.37     -2.31      8.72  0.        3470.078      -2304.015        630.716    0.000  -0.087   0.240   0.
  2017 352  1 50 34 511 352.076788333       3.76     -0.96      5.51  0.        3471.594      -2302.963        633.942    0.000  -0.087   0.240   0.
  2017 352  1 50 35 512 352.076799907       0.80     -3.89      5.29  0.        3473.109      -2301.910        637.168    0.000  -0.087   0.240   0.
  2017 352  1 50 36 512 352.076811481       0.63     -2.70      8.52  0.        3474.621      -2300.855        640.393    0.000  -0.087   0.240   0.
  2017 352  1 50 37 511 352.076823056      -0.85     -2.21      8.36  0.        3476.132      -2299.799        643.617    0.000  -0.087   0.240   0.
  2017 352  1 50 38 511 352.076834627      -5.94      3.06     10.50  0.        3477.640      -2298.742        646.842    0.000  -0.087   0.240   0.
  2017 352  1 50 39 511 352.076846201      -4.58      8.71      4.94  0.        3479.147      -2297.683        650.066    0.000  -0.087   0.240   0.
  2017 352  1 50 40 511 352.076857775       1.87      4.11      0.50  0.        3480.651      -2296.623        653.289    0.000  -0.087   0.240   0.
  2017 352  1 50 41 511 352.076869349       3.49      6.18      8.62  0.        3482.154      -2295.562        656.513    0.000  -0.087   0.240   0.
  2017 352  1 50 42 511 352.076880923       0.25      5.84     10.70  0.        3483.654      -2294.499        659.736    0.000  -0.087   0.240   0.
  2017 352  1 50 43 511 352.076892497       0.43      3.41      1.78  0.        3485.153      -2293.435        662.958    0.000  -0.087   0.240   0.
  2017 352  1 50 44 511 352.076904071       2.77      3.66      2.63  0.        3486.649      -2292.370        666.180    0.000  -0.087   0.240   0.
  2017 352  1 50 45 511 352.076915645       4.74      6.62      2.25  0.        3488.144      -2291.304        669.402    0.000  -0.087   0.240   0.
  2017 352  1 50 46 511 352.076927219       3.26      5.37      2.85  0.        3489.636      -2290.236        672.623    0.000  -0.087   0.240   0.
  2017 352  1 50 47 511 352.076938793       1.39      9.07      4.37  0.        3491.127      -2289.167        675.844    0.000  -0.087   0.240   0.
  2017 352  1 50 48 511 352.076950367       2.83      4.22      1.89  0.        3492.615      -2288.097        679.065    0.000  -0.087   0.240   0.
  2017 352  1 50 49 511 352.076961942       6.61      3.68     -1.63  0.        3494.102      -2287.025        682.285    0.000  -0.087   0.240   0.
  2017 352  1 50 50 511 352.076973516       1.32      6.16      3.39  0.        3495.587      -2285.952        685.505    0.000  -0.087   0.240   0.
  2017 352  1 50 51 511 352.076985090      -1.45      6.81      3.87  0.        3497.070      -2284.878        688.724    0.000  -0.087   0.240   0.
  2017 352  1 50 52 511 352.076996664       0.53      2.56      5.82  0.        3498.550      -2283.802        691.943    0.000  -0.087   0.240   0.
  2017 352  1 50 53 511 352.077008238       3.61      1.35      3.75  0.        3500.029      -2282.725        695.162    0.000  -0.087   0.240   0.
  2017 352  1 50 54 511 352.077019812       3.64      1.56     -2.46  0.        3501.506      -2281.647        698.380    0.000  -0.088   0.241   0.
  2017 352  1 50 55 511 352.077031386       1.42      3.62     -0.27  0.        3502.981      -2280.568        701.598    0.000  -0.088   0.241   0.
  2017 352  1 50 56 511 352.077042960       0.42      4.45      6.29  0.        3504.453      -2279.487        704.815    0.000  -0.088   0.241   0.
  2017 352  1 50 57 511 352.077054534      -2.84      3.72      5.14  0.        3505.924      -2278.405        708.032    0.000  -0.088   0.241   0.
  2017 352  1 50 58 511 352.077066108      -2.92      1.93      4.28  0.        3507.393      -2277.322        711.249    0.000  -0.088   0.241   0.
  2017 352  1 50 59 511 352.077077682       1.06     -1.48      3.41  0.        3508.860      -2276.238        714.465    0.000  -0.088   0.241   0.
  2017 352  1 51  0 511 352.077089256       1.66     -0.25      3.80  0.        3510.325      -2275.152        717.681    0.000  -0.088   0.241   0.
  2017 352  1 51  1 511 352.077100830       1.87     -0.55      2.48  0.        3511.788      -2274.065        720.896    0.000  -0.088   0.241   0.
  2017 352  1 51  2 511 352.077112405       2.91      0.16      0.91  0.        3513.249      -2272.976        724.111    0.000  -0.088   0.242   0.
  2017 352  1 51  3 511 352.077123979       1.16      1.50      1.92  0.        3514.708      -2271.887        727.326    0.000  -0.088   0.242   0.
  2017 352  1 51  4 511 352.077135553      -2.64      0.07      5.85  0.        3516.165      -2270.796        730.540    0.000  -0.088   0.242   0.
  2017 352  1 51  5 511 352.077147127       0.49     -3.27      5.54  0.        3517.620      -2269.704        733.754    0.000  -0.088   0.242   0.
  2017 352  1 51  6 511 352.077158701       0.34      1.68      6.52  0.        3519.074      -2268.610        736.967    0.000  -0.088   0.242   0.
  2017 352  1 51  7 511 352.077170275       0.60      3.51     -1.01  0.        3520.525      -2267.516        740.180    0.000  -0.088   0.242   0.
  2017 352  1 51  8 511 352.077181847       1.87      3.48      1.49  0.        3521.974      -2266.420        743.392    0.000  -0.088   0.243   0.
  2017 352  1 51  9 511 352.077193420      -2.05      2.11      4.94  0.        3523.421      -2265.323        746.605    0.000  -0.088   0.243   0.
  2017 352  1 51 10 511 352.077204994      -0.61     -1.23      6.53  0.        3524.867      -2264.224        749.816    0.000  -0.088   0.243   0.
  2017 352  1 51 11 511 352.077216568       0.29      3.13      8.92  0.        3526.310      -2263.125        753.027    0.000  -0.089   0.243   0.
  2017 352  1 51 12 511 352.077228142       9.25      2.50      1.53  0.        3527.751      -2262.024        756.238    0.000  -0.089   0.243   0.
  2017 352  1 51 13 511 352.077239716       2.89     -0.53      2.93  0.        3529.191      -2260.921        759.449    0.000  -0.089   0.243   0.
  2017 352  1 51 14 511 352.077251290       1.56     -0.98      1.77  0.        3530.628      -2259.818        762.659    0.000  -0.089   0.244   0.
  2017 352  1 51 15 511 352.077262865       1.58     -2.14      1.29  0.        3532.064      -2258.713        765.868    0.000  -0.089   0.244   0.
  2017 352  1 51 16 511 352.077274439      -7.22      2.35      7.66  0.        3533.497      -2257.607        769.077    0.000  -0.089   0.244   0.
  2017 352  1 51 17 511 352.077286013      -6.18      2.31     11.57  0.        3534.929      -2256.500        772.286    0.000  -0.089   0.244   0.
  2017 352  1 51 18 511 352.077297587       2.21      2.08      5.59  0.        3536.359      -2255.392        775.494    0.000  -0.089   0.245   0.
  2017 352  1 51 19 511 352.077309161       2.67      1.09      2.58  0.        3537.786      -2254.282        778.702    0.000  -0.089   0.245   0.
  2017 352  1 51 20 511 352.077320735       2.95     -0.48      4.39  0.        3539.212      -2253.171        781.909    0.000  -0.089   0.245   0.
  2017 352  1 51 21 511 352.077332309       4.34      2.04      5.59  0.        3540.636      -2252.059        785.116    0.000  -0.089   0.245   0.
  2017 352  1 51 22 511 352.077343883       3.56      3.30      4.49  0.        3542.058      -2250.945        788.323    0.000  -0.089   0.246   0.
  2017 352  1 51 23 511 352.077355457       1.96      3.45      3.83  0.        3543.478      -2249.831        791.529    0.000  -0.089   0.246   0.
  2017 352  1 51 24 511 352.077367031       0.50      1.20      4.77  0.        3544.896      -2248.715        794.735    0.000  -0.090   0.246   0.
  2017 352  1 51 25 511 352.077378605      -0.96      2.18      5.71  0.        3546.312      -2247.598        797.940    0.000  -0.090   0.246   0.
  2017 352  1 51 26 511 352.077390179      -1.41      0.73      7.50  0.        3547.726      -2246.479        801.145    0.000  -0.090   0.247   0.
  2017 352  1 51 27 511 352.077401753      -2.58      2.60      9.92  0.        3549.138      -2245.359        804.349    0.000  -0.090   0.247   0.
  2017 352  1 51 28 511 352.077413328      -2.95      3.38      4.94  0.        3550.548      -2244.239        807.553    0.000  -0.090   0.248   0.
  2017 352  1 51 29 511 352.077424902      -1.13      6.27      3.98  0.        3551.956      -2243.117        810.756    0.000  -0.090   0.248   0.
  2017 352  1 51 30 511 352.077436476       5.53      8.66      6.53  0.        3553.363      -2241.994        813.959    0.000  -0.090   0.248   0.
  2017 352  1 51 31 511 352.077448050       5.73      4.75      3.68  0.        3554.767      -2240.869        817.162    0.000  -0.090   0.248   0.
  2017 352  1 51 32 511 352.077459624       4.77      6.06      2.64  0.        3556.169      -2239.743        820.364    0.000  -0.091   0.249   0.
  2017 352  1 51 33 511 352.077471198       2.86      5.88      6.64  0.        3557.570      -2238.616        823.565    0.000  -0.091   0.249   0.
  2017 352  1 51 34 511 352.077482772       2.96      4.70      8.35  0.        3558.968      -2237.488        826.767    0.000  -0.091   0.249   0.
  2017 352  1 51 35 511 352.077494346       4.29      5.97      4.76  0.        3560.365      -2236.359        829.967    0.000  -0.091   0.249   0.
  2017 352  1 51 36 511 352.077505918       6.82      7.51      5.81  0.        3561.759      -2235.228        833.168    0.000  -0.091   0.250   0.
  2017 352  1 51 37 511 352.077517491       5.26      8.12      4.84  0.        3563.152      -2234.097        836.367    0.000  -0.091   0.250   0.
  2017 352  1 51 38 511 352.077529065       4.57      7.27      6.39  0.        3564.543      -2232.964        839.567    0.000  -0.091   0.250   0.
  2017 352  1 51 39 511 352.077540639       2.49      3.57      8.65  0.        3565.932      -2231.829        842.766    0.000  -0.091   0.250   0.
  2017 352  1 51 40 511 352.077552214       0.25      2.85      8.27  0.        3567.319      -2230.694        845.964    0.000  -0.091   0.251   0.
  2017 352  1 51 41 511 352.077563788      -3.63      1.88      7.92  0.        3568.704      -2229.557        849.162    0.000  -0.091   0.251   0.
  2017 352  1 51 42 511 352.077575362      -4.07      5.89     10.82  0.        3570.087      -2228.419        852.359    0.000  -0.092   0.252   0.
  2017 352  1 51 43 511 352.077586936      -1.65      6.16      3.01  0.        3571.468      -2227.280        855.557    0.000  -0.092   0.252   0.
  2017 352  1 51 44 511 352.077598510      -0.64     10.05      2.47  0.        3572.847      -2226.140        858.753    0.000  -0.092   0.252   0.
  2017 352  1 51 45 511 352.077610084       0.88      3.95      4.70  0.        3574.224      -2224.999        861.949    0.000  -0.092   0.253   0.
  2017 352  1 51 46 511 352.077621658       3.41      3.03      3.65  0.        3575.600      -2223.856        865.145    0.000  -0.092   0.253   0.
  2017 352  1 51 47 511 352.077633232       4.26      3.93      1.62  0.        3576.973      -2222.712        868.340    0.000  -0.092   0.253   0.
  2017 352  1 51 48 511 352.077644806       5.80      4.77      4.36  0.        3578.344      -2221.567        871.535    0.000  -0.092   0.254   0.
  2017 352  1 51 49 511 352.077656380       4.49      4.64      5.90  0.        3579.714      -2220.421        874.729    0.000  -0.092   0.254   0.
  2017 352  1 51 50 511 352.077667954       1.34      6.03      4.89  0.        3581.082      -2219.273        877.922    0.000  -0.093   0.254   0.
  2017 352  1 51 51 511 352.077679528       3.23      4.38      6.21  0.        3582.447      -2218.125        881.116    0.000  -0.093   0.254   0.
  2017 352  1 51 52 511 352.077691102      -2.49      8.24      3.68  0.        3583.811      -2216.975        884.309    0.000  -0.093   0.255   0.
  2017 352  1 51 53 511 352.077702677      -2.84      9.32      2.39  0.        3585.173      -2215.824        887.501    0.000  -0.093   0.255   0.
  2017 352  1 51 54 511 352.077714251      -1.41      5.45      5.92  0.        3586.533      -2214.672        890.693    0.000  -0.093   0.255   0.
  2017 352  1 51 55 511 352.077725825       1.79      4.51      1.34  0.        3587.891      -2213.518        893.884    0.000  -0.093   0.255   0.
  2017 352  1 51 56 511 352.077737399       2.39      5.05     -0.50  0.        3589.247      -2212.364        897.075    0.000  -0.093   0.256   0.
  2017 352  1 51 57 511 352.077748973       1.27      7.00     -0.07  0.        3590.601      -2211.208        900.265    0.000  -0.093   0.256   0.
  2017 352  1 51 58 511 352.077760547       1.52      5.38     -0.01  0.        3591.953      -2210.051        903.455    0.000  -0.093   0.256   0.
  2017 352  1 51 59 511 352.077772121       1.24      2.73      0.41  0.        3593.304      -2208.893        906.644    0.000  -0.093   0.256   0.
  2017 352  1 52  0 511 352.077783695       1.89      3.08      1.68  0.        3594.652      -2207.734        909.833    0.000  -0.094   0.257   0.
  2017 352  1 52  1 511 352.077795269       4.05      7.34      3.46  0.        3595.999      -2206.573        913.022    0.000  -0.094   0.257   0.
  2017 352  1 52  2 511 352.077806843       2.97      6.59      4.06  0.        3597.343      -2205.412        916.210    0.000  -0.094   0.258   0.
  2017 352  1 52  3 511 352.077818417       3.32      7.17      2.50  0.        3598.686      -2204.249        919.397    0.000  -0.094   0.258   0.
  2017 352  1 52  4 511 352.077829991       5.02      7.95      3.71  0.        3600.026      -2203.085        922.584    0.000  -0.094   0.258   0.
  2017 352  1 52  5 511 352.077841565       3.61      5.25      3.67  0.        3601.365      -2201.920        925.770    0.000  -0.094   0.258   0.
  2017 352  1 52  6 510 352.077853137       1.79      3.55      1.29  0.        3602.702      -2200.754        928.956    0.000  -0.094   0.259   0.
  2017 352  1 52  7 511 352.077864711       2.13      4.59      1.06  0.        3604.037      -2199.586        932.142    0.000  -0.094   0.259   0.
  2017 352  1 52  8 511 352.077876285       2.99      5.65      0.40  0.        3605.370      -2198.417        935.327    0.000  -0.095   0.260   0.
  2017 352  1 52  9 511 352.077887859       2.75      7.01      1.90  0.        3606.701      -2197.248        938.511    0.000  -0.095   0.260   0.
  2017 352  1 52 10 511 352.077899433       0.28      4.82      1.54  0.        3608.031      -2196.077        941.695    0.000  -0.095   0.260   0.
  2017 352  1 52 11 511 352.077911007      -0.43      3.56      2.30  0.        3609.358      -2194.904        944.879    0.000  -0.095   0.260   0.
  2017 352  1 52 12 510 352.077922581       0.31     -0.39      6.94  0.        3610.684      -2193.731        948.062    0.000  -0.095   0.261   0.
  2017 352  1 52 13 510 352.077934155      -0.50      1.57      7.10  0.        3612.007      -2192.557        951.244    0.000  -0.095   0.261   0.
  2017 352  1 52 14 510 352.077945729      -0.80      1.79     10.27  0.        3613.329      -2191.381        954.426    0.000  -0.095   0.261   0.
  2017 352  1 52 15 510 352.077957303       0.30      2.01      3.00  0.        3614.649      -2190.205        957.608    0.000  -0.095   0.261   0.
  2017 352  1 52 16 510 352.077968877       2.12      1.49      0.63  0.        3615.966      -2189.027        960.788    0.000  -0.095   0.262   0.
  2017 352  1 52 17 511 352.077980451       1.73      0.01      2.33  0.        3617.282      -2187.848        963.969    0.000  -0.095   0.262   0.
  2017 352  1 52 18 511 352.077992025       0.26      0.25      2.57  0.        3618.596      -2186.667        967.149    0.000  -0.096   0.263   0.
  2017 352  1 52 19 510 352.078003600      -1.63      1.70      2.70  0.        3619.908      -2185.486        970.328    0.000  -0.096   0.263   0.
  2017 352  1 52 20 510 352.078015174      -3.13      2.48      3.14  0.        3621.219      -2184.304        973.507    0.000  -0.096   0.263   0.
  2017 352  1 52 21 511 352.078026748      -4.21      1.46      4.44  0.        3622.527      -2183.120        976.685    0.000  -0.096   0.263   0.
  2017 352  1 52 22 511 352.078038322      -6.53      2.86      9.10  0.        3623.834      -2181.935        979.863    0.000  -0.096   0.264   0.
  2017 352  1 52 23 511 352.078049896      -6.13      3.47      9.17  0.        3625.138      -2180.749        983.041    0.000  -0.096   0.264   0.
  2017 352  1 52 24 511 352.078061470      -4.90      2.08      6.90  0.        3626.441      -2179.562        986.217    0.000  -0.096   0.265   0.
  2017 352  1 52 25 511 352.078073044      -1.12      1.95      1.92  0.        3627.742      -2178.374        989.394    0.000  -0.096   0.265   0.
  2017 352  1 52 26 510 352.078084618      -0.53      3.54      2.99  0.        3629.040      -2177.185        992.569    0.000  -0.096   0.265   0.
  2017 352  1 52 27 510 352.078096192      -3.55      3.58      4.87  0.        3630.338      -2175.994        995.745    0.000  -0.096   0.265   0.
  2017 352  1 52 28 510 352.078107766      -2.63      0.37      6.18  0.        3631.633      -2174.803        998.919    0.000  -0.097   0.266   0.
  2017 352  1 52 29 510 352.078119340      -0.23     -0.69      3.04  0.        3632.926      -2173.610       1002.094    0.000  -0.097   0.266   0.
  2017 352  1 52 30 510 352.078130914      -1.73      0.96      4.50  0.        3634.217      -2172.416       1005.267    0.000  -0.097   0.266   0.
  2017 352  1 52 31 511 352.078142488       0.33      3.98      3.82  0.        3635.506      -2171.221       1008.440    0.000  -0.097   0.266   0.
  2017 352  1 52 32 511 352.078154063      -1.55      0.38      8.93  0.        3636.794      -2170.025       1011.613    0.000  -0.097   0.267   0.
  2017 352  1 52 33 510 352.078165637      -5.31      1.45     10.95  0.        3638.080      -2168.828       1014.785    0.000  -0.097   0.267   0.
  2017 352  1 52 34 511 352.078177211      -6.10      1.07      6.94  0.        3639.363      -2167.630       1017.957    0.000  -0.097   0.267   0.
  2017 352  1 52 35 511 352.078188785      -3.78      1.10      4.95  0.        3640.645      -2166.430       1021.128    0.000  -0.097   0.267   0.
  2017 352  1 52 36 511 352.078200357      -1.95      1.04      3.51  0.        3641.925      -2165.230       1024.298    0.000  -0.098   0.268   0.
  2017 352  1 52 37 510 352.078211930      -0.57      5.31      3.11  0.        3643.203      -2164.028       1027.468    0.000  -0.098   0.268   0.
  2017 352  1 52 38 510 352.078223504      -3.77      6.59      2.32  0.        3644.480      -2162.825       1030.638    0.000  -0.098   0.269   0.
  2017 352  1 52 39 510 352.078235078      -3.40      3.93      0.73  0.        3645.754      -2161.621       1033.806    0.000  -0.098   0.269   0.
  2017 352  1 52 40 510 352.078246652      -3.45      5.36      6.06  0.        3647.026      -2160.416       1036.975    0.000  -0.098   0.269   0.
  2017 352  1 52 41 510 352.078258226       2.11      4.89      5.52  0.        3648.297      -2159.210       1040.143    0.000  -0.098   0.269   0.
  2017 352  1 52 42 510 352.078269800       2.18      0.99      3.09  0.        3649.566      -2158.003       1043.310    0.000  -0.098   0.270   0.
  2017 352  1 52 43 510 352.078281374       0.68     -0.31      4.00  0.        3650.833      -2156.794       1046.477    0.000  -0.098   0.270   0.
  2017 352  1 52 44 510 352.078292948       1.48     -5.93     -1.13  0.        3652.098      -2155.585       1049.643    0.000  -0.098   0.270   0.
  2017 352  1 52 45 510 352.078304523       0.34     -0.58     -2.22  0.        3653.361      -2154.374       1052.809    0.000  -0.098   0.270   0.
  2017 352  1 52 46 510 352.078316097       0.91      5.08     -2.38  0.        3654.622      -2153.162       1055.974    0.000  -0.099   0.271   0.
  2017 352  1 52 47 510 352.078327671       3.34      3.76     -0.31  0.        3655.881      -2151.950       1059.138    0.000  -0.099   0.271   0.
  2017 352  1 52 48 510 352.078339245       2.02      0.87     -2.92  0.        3657.139      -2150.736       1062.302    0.000  -0.099   0.272   0.
  2017 352  1 52 49 510 352.078350819      -2.95      1.11     -1.59  0.        3658.394      -2149.521       1065.466    0.000  -0.099   0.272   0.
  2017 352  1 52 50 510 352.078362393      -1.58      5.65      1.67  0.        3659.648      -2148.305       1068.629    0.000  -0.099   0.272   0.
  2017 352  1 52 51 510 352.078373967      -2.29      4.01      3.33  0.        3660.900      -2147.088       1071.791    0.000  -0.099   0.272   0.
  2017 352  1 52 52 510 352.078385541       2.74      0.91      1.21  0.        3662.150      -2145.869       1074.953    0.000  -0.099   0.273   0.
  2017 352  1 52 53 510 352.078397115       6.67      0.80     -0.82  0.        3663.398      -2144.650       1078.114    0.000  -0.099   0.273   0.
  2017 352  1 52 54 510 352.078408689       4.17      1.84     -1.13  0.        3664.644      -2143.429       1081.275    0.000  -0.099   0.273   0.
  2017 352  1 52 55 510 352.078420263      -0.73      3.37      4.42  0.        3665.889      -2142.208       1084.435    0.000  -0.099   0.273   0.
  2017 352  1 52 56 510 352.078431837      -2.25      4.73      5.89  0.        3667.131      -2140.985       1087.594    0.000  -0.100   0.274   0.
  2017 352  1 52 57 510 352.078443411      -2.29      3.80      5.25  0.        3668.372      -2139.761       1090.753    0.000  -0.100   0.274   0.
  2017 352  1 52 58 510 352.078454986      -1.87      3.43      5.54  0.        3669.610      -2138.537       1093.912    0.000  -0.100   0.275   0.
  2017 352  1 52 59 510 352.078466560       1.78      4.97      1.03  0.        3670.847      -2137.311       1097.070    0.000  -0.100   0.275   0.
  2017 352  1 53  0 510 352.078478134       3.91      1.48      1.14  0.        3672.082      -2136.084       1100.227    0.000  -0.100   0.275   0.
  2017 352  1 53  1 510 352.078489708      -0.44     -1.01      2.93  0.        3673.316      -2134.856       1103.384    0.000  -0.100   0.275   0.
  2017 352  1 53  2 510 352.078501282       0.09     -1.24      6.34  0.        3674.547      -2133.626       1106.540    0.000  -0.100   0.276   0.
  2017 352  1 53  3 510 352.078512856      -2.12      0.21      6.61  0.        3675.776      -2132.396       1109.696    0.000  -0.100   0.276   0.
  2017 352  1 53  4 510 352.078524428      -3.19      1.30      1.39  0.        3677.004      -2131.165       1112.851    0.000  -0.101   0.276   0.
  2017 352  1 53  5 510 352.078536001      -3.44     -0.52      1.26  0.        3678.230      -2129.933       1116.006    0.000  -0.101   0.276   0.
  2017 352  1 53  6 510 352.078547575      -0.34      0.53      1.57  0.        3679.454      -2128.699       1119.159    0.000  -0.101   0.277   0.
  2017 352  1 53  7 510 352.078559149      -0.25      1.94      1.49  0.        3680.676      -2127.464       1122.313    0.000  -0.101   0.277   0.
  2017 352  1 53  8 510 352.078570723      -2.32      3.88      4.51  0.        3681.896      -2126.229       1125.466    0.000  -0.101   0.277   0.
  2017 352  1 53  9 510 352.078582297      -3.61     10.33      7.77  0.        3683.114      -2124.992       1128.618    0.000  -0.101   0.277   0.
  2017 352  1 53 10 510 352.078593871      -2.64      4.28      6.09  0.        3684.331      -2123.755       1131.770    0.000  -0.101   0.278   0.
  2017 352  1 53 11 510 352.078605446       0.24      1.52      7.56  0.        3685.545      -2122.516       1134.921    0.000  -0.101   0.278   0.
  2017 352  1 53 12 510 352.078617020      -1.29      3.47      5.81  0.        3686.758      -2121.276       1138.071    0.000  -0.101   0.279   0.
  2017 352  1 53 13 510 352.078628594      -3.42      4.11      2.32  0.        3687.969      -2120.035       1141.221    0.000  -0.101   0.279   0.
  2017 352  1 53 14 510 352.078640168      -2.14      5.29      4.75  0.        3689.178      -2118.793       1144.371    0.000  -0.102   0.279   0.
  2017 352  1 53 15 510 352.078651742      -2.30      2.81      7.88  0.        3690.385      -2117.550       1147.520    0.000  -0.102   0.279   0.
  2017 352  1 53 16 510 352.078663316      -2.59     -0.07     10.68  0.        3691.591      -2116.306       1150.668    0.000  -0.102   0.280   0.
  2017 352  1 53 17 510 352.078674890      -2.78      1.02      8.77  0.        3692.794      -2115.061       1153.815    0.000  -0.102   0.280   0.
  2017 352  1 53 18 510 352.078686464      -0.94      6.98     -1.44  0.        3693.996      -2113.814       1156.963    0.000  -0.102   0.281   0.
  2017 352  1 53 19 510 352.078698038       3.31      8.77     -1.81  0.        3695.196      -2112.568       1160.109    0.000  -0.102   0.281   0.
  2017 352  1 53 20 510 352.078709612       6.99      7.34     -1.68  0.        3696.394      -2111.319       1163.255    0.000  -0.102   0.281   0.
  2017 352  1 53 21 510 352.078721186       4.19      3.58     -2.56  0.        3697.590      -2110.069       1166.400    0.000  -0.102   0.281   0.
  2017 352  1 53 22 510 352.078732760       1.67      0.53      0.55  0.        3698.785      -2108.819       1169.545    0.000  -0.102   0.281   0.
  2017 352  1 53 23 510 352.078744335      -0.49      4.47      3.94  0.        3699.977      -2107.568       1172.689    0.000  -0.102   0.281   0.
  2017 352  1 53 24 510 352.078755909      -3.06      4.45      2.57  0.        3701.168      -2106.315       1175.833    0.000  -0.103   0.282   0.
  2017 352  1 53 25 510 352.078767483       0.41      2.99      5.63  0.        3702.356      -2105.062       1178.976    0.000  -0.103   0.282   0.
  2017 352  1 53 26 510 352.078779057       5.75      0.41     -2.66  0.        3703.543      -2103.807       1182.118    0.000  -0.103   0.282   0.
  2017 352  1 53 27 510 352.078790631       7.50     -6.11     -6.38  0.        3704.729      -2102.551       1185.260    0.000  -0.103   0.282   0.
  2017 352  1 53 28 510 352.078802205       3.34     -4.89     -7.85  0.        3705.912      -2101.295       1188.401    0.000  -0.103   0.283   0.
  2017 352  1 53 29 510 352.078813779       4.71     -2.78     -6.35  0.        3707.093      -2100.037       1191.542    0.000  -0.103   0.284   0.
  2017 352  1 53 30 510 352.078825353      -1.32     -0.86     -2.23  0.        3708.273      -2098.778       1194.682    0.000  -0.103   0.284   0.
  2017 352  1 53 31 510 352.078836927      -2.11      0.22      0.51  0.        3709.451      -2097.518       1197.821    0.000  -0.103   0.284   0.
  2017 352  1 53 32 510 352.078848501      -4.80     -0.78      5.10  0.        3710.627      -2096.257       1200.960    0.000  -0.104   0.285   0.
  2017 352  1 53 33 510 352.078860075      -1.62      5.61      1.18  0.        3711.801      -2094.996       1204.098    0.000  -0.104   0.285   0.
  2017 352  1 53 34 510 352.078871649       2.65     -0.36      5.21  0.        3712.973      -2093.733       1207.236    0.000  -0.104   0.285   0.
  2017 352  1 53 35 510 352.078883223       3.79     -1.87      1.55  0.        3714.144      -2092.469       1210.373    0.000  -0.104   0.285   0.
  2017 352  1 53 36 510 352.078894795       2.83     -3.15     -0.25  0.        3715.312      -2091.204       1213.509    0.000  -0.104   0.286   0.
  2017 352  1 53 37 510 352.078906369       0.25     -0.47     -1.22  0.        3716.479      -2089.938       1216.645    0.000  -0.104   0.286   0.
  2017 352  1 53 38 510 352.078917943       2.07      5.36     -1.40  0.        3717.644      -2088.671       1219.781    0.000  -0.104   0.287   0.
  2017 352  1 53 39 510 352.078929517       4.26      7.43     -0.29  0.        3718.808      -2087.403       1222.915    0.000  -0.104   0.287   0.
  2017 352  1 53 40 510 352.078941091       3.05      5.47      0.83  0.        3719.969      -2086.134       1226.049    0.000  -0.104   0.287   0.
  2017 352  1 53 41 510 352.078952665       1.66      9.90      3.10  0.        3721.129      -2084.864       1229.183    0.000  -0.104   0.287   0.
  2017 352  1 53 42 510 352.078964239       7.54      6.95      5.81  0.        3722.286      -2083.593       1232.315    0.000  -0.105   0.287   0.
  2017 352  1 53 43 510 352.078975813       5.71      4.79      3.71  0.        3723.442      -2082.321       1235.448    0.000  -0.105   0.287   0.
  2017 352  1 53 44 510 352.078987387       3.53      9.82      2.65  0.        3724.596      -2081.047       1238.579    0.000  -0.105   0.288   0.
  2017 352  1 53 45 510 352.078998961       7.21      8.80      5.64  0.        3725.749      -2079.773       1241.710    0.000  -0.105   0.288   0.
  2017 352  1 53 46 510 352.079010535       8.58      7.60      3.05  0.        3726.899      -2078.498       1244.841    0.000  -0.105   0.289   0.
  2017 352  1 53 47 510 352.079022109       8.00      6.02      3.66  0.        3728.048      -2077.222       1247.970    0.000  -0.105   0.289   0.
  2017 352  1 53 48 510 352.079033683       3.92      7.33     -0.00  0.        3729.194      -2075.945       1251.100    0.000  -0.105   0.289   0.
  2017 352  1 53 49 510 352.079045258       3.57     10.03      2.06  0.        3730.339      -2074.667       1254.228    0.000  -0.105   0.289   0.
  2017 352  1 53 50 510 352.079056832       5.52      3.49      2.42  0.        3731.483      -2073.388       1257.356    0.000  -0.105   0.290   0.
  2017 352  1 53 51 510 352.079068406       3.93      4.48      1.81  0.        3732.624      -2072.107       1260.483    0.000  -0.105   0.290   0.
  2017 352  1 53 52 510 352.079079980       3.29      5.09      1.81  0.        3733.764      -2070.826       1263.610    0.000  -0.106   0.290   0.
  2017 352  1 53 53 510 352.079091554       1.96      4.16     -0.39  0.        3734.901      -2069.544       1266.736    0.000  -0.106   0.290   0.
  2017 352  1 53 54 510 352.079103128      -2.43      5.45     -2.12  0.        3736.037      -2068.261       1269.862    0.000  -0.106   0.291   0.
  2017 352  1 53 55 510 352.079114702      -5.92      7.52      3.09  0.        3737.171      -2066.977       1272.987    0.000  -0.106   0.291   0.
  2017 352  1 53 56 510 352.079126276       2.77      1.16      0.94  0.        3738.304      -2065.691       1276.111    0.000  -0.106   0.292   0.
  2017 352  1 53 57 510 352.079137850       7.00     -1.70      1.60  0.        3739.434      -2064.405       1279.234    0.000  -0.106   0.292   0.
  2017 352  1 53 58 510 352.079149424       3.00      3.13     -3.87  0.        3740.563      -2063.118       1282.357    0.000  -0.106   0.292   0.
  2017 352  1 53 59 510 352.079160998      -0.57     10.97     -2.28  0.        3741.690      -2061.830       1285.480    0.000  -0.106   0.292   0.
  2017 352  1 54  0 510 352.079172572       2.98     11.12     -0.41  0.        3742.815      -2060.541       1288.601    0.000  -0.106   0.292   0.
  2017 352  1 54  1 510 352.079184146       4.57      2.94     -0.44  0.        3743.938      -2059.250       1291.723    0.000  -0.107   0.293   0.
  2017 352  1 54  2 510 352.079195721       6.29      0.11      7.25  0.        3745.060      -2057.959       1294.843    0.000  -0.107   0.293   0.
  2017 352  1 54  3 510 352.079207295       7.70      1.35      8.45  0.        3746.180      -2056.667       1297.963    0.000  -0.107   0.293   0.
  2017 352  1 54  4 510 352.079218869       6.26      1.12      6.42  0.        3747.298      -2055.374       1301.082    0.000  -0.107   0.294   0.
  2017 352  1 54  5 510 352.079230443       2.75      1.24     -0.84  0.        3748.414      -2054.080       1304.201    0.000  -0.107   0.294   0.
  2017 352  1 54  6 510 352.079242015      -3.56      6.82     -2.83  0.        3749.528      -2052.785       1307.319    0.000  -0.107   0.295   0.
  2017 352  1 54  7 510 352.079253588      -5.81      9.56      7.00  0.        3750.640      -2051.489       1310.436    0.000  -0.107   0.295   0.
  2017 352  1 54  8 509 352.079265162       1.71      2.38      3.10  0.        3751.751      -2050.192       1313.553    0.000  -0.107   0.295   0.
  2017 352  1 54  9 509 352.079276736       2.70     -2.86     -1.42  0.        3752.860      -2048.893       1316.669    0.000  -0.107   0.295   0.
  2017 352  1 54 10 509 352.079288310       3.28     -4.02     -1.40  0.        3753.967      -2047.594       1319.784    0.000  -0.107   0.295   0.
  2017 352  1 54 11 509 352.079299884       1.40     -2.87      2.72  0.        3755.072      -2046.294       1322.899    0.000  -0.107   0.295   0.
  2017 352  1 54 12 509 352.079311458       2.92     -1.54      0.48  0.        3756.176      -2044.994       1326.013    0.000  -0.108   0.296   0.
  2017 352  1 54 13 510 352.079323032       0.61      5.19     -0.72  0.        3757.278      -2043.692       1329.127    0.000  -0.108   0.296   0.
  2017 352  1 54 14 510 352.079334606       0.73     10.26      4.49  0.        3758.378      -2042.389       1332.240    0.000  -0.108   0.297   0.
  2017 352  1 54 15 509 352.079346181       0.29      8.41     -0.78  0.        3759.476      -2041.085       1335.352    0.000  -0.108   0.297   0.
  2017 352  1 54 16 509 352.079357755      -1.12      4.77      5.80  0.        3760.572      -2039.780       1338.464    0.000  -0.108   0.297   0.
  2017 352  1 54 17 510 352.079369329       4.79      2.22      5.14  0.        3761.667      -2038.474       1341.575    0.000  -0.108   0.297   0.
  2017 352  1 54 18 510 352.079380903       8.58      2.49      2.06  0.        3762.760      -2037.167       1344.685    0.000  -0.108   0.298   0.
  2017 352  1 54 19 510 352.079392477       4.95      9.17      3.11  0.        3763.851      -2035.860       1347.795    0.000  -0.108   0.298   0.
  2017 352  1 54 20 510 352.079404051       9.91      8.69      4.13  0.        3764.940      -2034.551       1350.904    0.000  -0.109   0.298   0.
  2017 352  1 54 21 510 352.079415625       7.51      3.46      1.06  0.        3766.028      -2033.241       1354.012    0.000  -0.109   0.298   0.
  2017 352  1 54 22 509 352.079427199      -1.31      3.38      0.76  0.        3767.113      -2031.930       1357.120    0.000  -0.109   0.299   0.
  2017 352  1 54 23 509 352.079438773      -1.57      6.52      5.38  0.        3768.197      -2030.618       1360.227    0.000  -0.109   0.299   0.
  2017 352  1 54 24 509 352.079450347      -2.21     13.92      5.71  0.        3769.279      -2029.306       1363.334    0.000  -0.109   0.299   0.
  2017 352  1 54 25 509 352.079461921       4.44      4.05      4.05  0.        3770.360      -2027.993       1366.440    0.000  -0.109   0.299   0.
  2017 352  1 54 26 510 352.079473495       4.32      2.50      3.42  0.        3771.438      -2026.678       1369.545    0.000  -0.109   0.300   0.
  2017 352  1 54 27 510 352.079485069       2.79      4.04      4.10  0.        3772.515      -2025.363       1372.650    0.000  -0.109   0.300   0.
  2017 352  1 54 28 509 352.079496644       3.77     11.67      7.48  0.        3773.590      -2024.046       1375.753    0.000  -0.109   0.301   0.
  2017 352  1 54 29 509 352.079508218       4.47      7.75      9.99  0.        3774.663      -2022.729       1378.856    0.000  -0.109   0.301   0.
  2017 352  1 54 30 510 352.079519792       6.66      4.63      6.71  0.        3775.735      -2021.411       1381.959    0.000  -0.110   0.301   0.
  2017 352  1 54 31 510 352.079531366       4.93      3.60      2.30  0.        3776.804      -2020.092       1385.061    0.000  -0.110   0.301   0.
  2017 352  1 54 32 510 352.079542940      -0.21      2.39      3.48  0.        3777.872      -2018.771       1388.162    0.000  -0.110   0.301   0.
  2017 352  1 54 33 510 352.079554514      -0.25      3.95      3.93  0.        3778.938      -2017.450       1391.263    0.000  -0.110   0.301   0.
  2017 352  1 54 34 510 352.079566086      -1.36      7.01      2.98  0.        3780.003      -2016.128       1394.363    0.000  -0.110   0.302   0.
  2017 352  1 54 35 509 352.079577659      -4.96      9.04      4.20  0.        3781.065      -2014.805       1397.462    0.000  -0.110   0.302   0.
  2017 352  1 54 36 509 352.079589233      -6.44      5.86      9.47  0.        3782.126      -2013.481       1400.561    0.000  -0.110   0.303   0.
  2017 352  1 54 37 509 352.079600807       3.12      4.17      5.70  0.        3783.185      -2012.156       1403.659    0.000  -0.110   0.303   0.
  2017 352  1 54 38 509 352.079612381      10.04     -0.17     -6.55  0.        3784.242      -2010.830       1406.756    0.000  -0.110   0.304   0.
  2017 352  1 54 39 509 352.079623955       6.09      0.29     -6.52  0.        3785.298      -2009.504       1409.853    0.000  -0.110   0.304   0.
  2017 352  1 54 40 509 352.079635530       3.31      6.70     -4.78  0.        3786.352      -2008.176       1412.949    0.000  -0.111   0.304   0.
  2017 352  1 54 41 509 352.079647104       4.57     12.46     -1.41  0.        3787.404      -2006.847       1416.044    0.000  -0.111   0.304   0.
  2017 352  1 54 42 509 352.079658678       6.21      9.57      2.04  0.        3788.454      -2005.518       1419.139    0.000  -0.111   0.304   0.
  2017 352  1 54 43 509 352.079670252       3.64      5.94      4.47  0.        3789.503      -2004.187       1422.233    0.000  -0.111   0.304   0.
  2017 352  1 54 44 509 352.079681826       3.10      5.28      5.85  0.        3790.550      -2002.856       1425.326    0.000  -0.111   0.305   0.
  2017 352  1 54 45 509 352.079693400       2.81      6.39      4.20  0.        3791.594      -2001.524       1428.419    0.000  -0.111   0.305   0.
  2017 352  1 54 46 509 352.079704974      -0.26      6.73      0.56  0.        3792.638      -2000.190       1431.511    0.000  -0.111   0.305   0.
  2017 352  1 54 47 509 352.079716548      -6.00     10.72      1.94  0.        3793.679      -1998.856       1434.602    0.000  -0.111   0.305   0.
  2017 352  1 54 48 509 352.079728122      -5.92     12.51      8.42  0.        3794.719      -1997.521       1437.693    0.000  -0.111   0.306   0.
  2017 352  1 54 49 509 352.079739696       3.98      2.91     -0.29  0.        3795.757      -1996.185       1440.783    0.000  -0.112   0.307   0.
  2017 352  1 54 50 509 352.079751270       6.40     -0.37      1.58  0.        3796.793      -1994.848       1443.872    0.000  -0.112   0.307   0.
  2017 352  1 54 51 509 352.079762844       4.96      1.67      2.73  0.        3797.827      -1993.510       1446.961    0.000  -0.112   0.307   0.
  2017 352  1 54 52 509 352.079774418       1.26      5.99      1.09  0.        3798.860      -1992.171       1450.049    0.000  -0.112   0.307   0.
  2017 352  1 54 53 509 352.079785992      -3.61     10.03      2.74  0.        3799.891      -1990.831       1453.136    0.000  -0.112   0.307   0.
  2017 352  1 54 54 509 352.079797567      -5.24      9.55      0.51  0.        3800.920      -1989.491       1456.223    0.000  -0.112   0.308   0.
  2017 352  1 54 55 509 352.079809141      -0.85      1.93     -4.05  0.        3801.948      -1988.149       1459.309    0.000  -0.112   0.308   0.
  2017 352  1 54 56 509 352.079820715       1.65     -1.02     -3.23  0.        3802.973      -1986.807       1462.394    0.000  -0.112   0.308   0.
  2017 352  1 54 57 509 352.079832289       4.33      0.42     -3.65  0.        3803.997      -1985.463       1465.479    0.000  -0.112   0.308   0.
  2017 352  1 54 58 509 352.079843863       7.03      2.77      2.94  0.        3805.019      -1984.119       1468.563    0.000  -0.112   0.309   0.
  2017 352  1 54 59 509 352.079855437       5.83      3.39     -0.46  0.        3806.040      -1982.774       1471.646    0.000  -0.112   0.309   0.
  2017 352  1 55  0 509 352.079867011       3.76      3.69      0.04  0.        3807.059      -1981.428       1474.729    0.000  -0.113   0.310   0.
  2017 352  1 55  1 509 352.079878585       1.16      6.47     -0.03  0.        3808.076      -1980.081       1477.811    0.000  -0.113   0.310   0.
  2017 352  1 55  2 509 352.079890159      -0.69      9.79      0.01  0.        3809.091      -1978.733       1480.892    0.000  -0.113   0.310   0.
  2017 352  1 55  3 509 352.079901733      -1.53     10.16     -2.37  0.        3810.104      -1977.384       1483.973    0.000  -0.113   0.310   0.
  2017 352  1 55  4 509 352.079913305      -1.26      8.23     -4.18  0.        3811.116      -1976.034       1487.053    0.000  -0.113   0.311   0.
  2017 352  1 55  5 509 352.079924878      -0.80     10.31      0.40  0.        3812.126      -1974.684       1490.132    0.000  -0.113   0.311   0.
  2017 352  1 55  6 509 352.079936453       0.40      5.45      1.33  0.        3813.134      -1973.332       1493.210    0.000  -0.113   0.311   0.
  2017 352  1 55  7 509 352.079948027       0.25      2.30      1.21  0.        3814.141      -1971.980       1496.288    0.000  -0.113   0.311   0.
  2017 352  1 55  8 509 352.079959601      -1.42      7.81      6.59  0.        3815.146      -1970.626       1499.365    0.000  -0.113   0.312   0.
  2017 352  1 55  9 509 352.079971175       2.26      2.44      4.01  0.        3816.149      -1969.272       1502.442    0.000  -0.113   0.312   0.
  2017 352  1 55 10 509 352.079982749       4.42      1.02      1.34  0.        3817.150      -1967.917       1505.518    0.000  -0.114   0.313   0.
  2017 352  1 55 11 509 352.079994323       2.47      2.61      0.41  0.        3818.150      -1966.561       1508.593    0.000  -0.114   0.313   0.
  2017 352  1 55 12 509 352.080005897      -1.53      6.66      0.35  0.        3819.147      -1965.204       1511.667    0.000  -0.114   0.313   0.
  2017 352  1 55 13 509 352.080017471      -7.20      9.69      5.43  0.        3820.143      -1963.846       1514.741    0.000  -0.114   0.313   0.
  2017 352  1 55 14 509 352.080029045      -1.82      5.06     -0.73  0.        3821.138      -1962.488       1517.814    0.000  -0.114   0.313   0.
  2017 352  1 55 15 509 352.080040619       4.68      3.97     -0.93  0.        3822.131      -1961.128       1520.886    0.000  -0.114   0.313   0.
  2017 352  1 55 16 509 352.080052193       9.41      8.40      1.49  0.        3823.122      -1959.768       1523.958    0.000  -0.114   0.314   0.
  2017 352  1 55 17 509 352.080063767       7.08      6.49      4.05  0.        3824.111      -1958.406       1527.029    0.000  -0.114   0.314   0.
  2017 352  1 55 18 509 352.080075341       5.88      7.93      3.62  0.        3825.098      -1957.044       1530.099    0.000  -0.114   0.314   0.
  2017 352  1 55 19 509 352.080086916       4.00      8.58     -0.01  0.        3826.084      -1955.681       1533.169    0.000  -0.114   0.314   0.
  2017 352  1 55 20 509 352.080098490       3.61     10.42      0.27  0.        3827.068      -1954.317       1536.237    0.000  -0.115   0.315   0.
  2017 352  1 55 21 509 352.080110064       2.84     11.21      0.09  0.        3828.050      -1952.952       1539.306    0.000  -0.115   0.315   0.
  2017 352  1 55 22 509 352.080121638       1.44     10.70      2.56  0.        3829.031      -1951.586       1542.373    0.000  -0.115   0.315   0.
  2017 352  1 55 23 509 352.080133212       3.11      7.88      2.55  0.        3830.010      -1950.220       1545.440    0.000  -0.115   0.316   0.
  2017 352  1 55 24 509 352.080144786       6.63     10.81      4.40  0.        3830.987      -1948.852       1548.506    0.000  -0.115   0.316   0.
  2017 352  1 55 25 509 352.080156360       9.21      8.58      2.27  0.        3831.962      -1947.484       1551.571    0.000  -0.115   0.316   0.
  2017 352  1 55 26 509 352.080167934       6.44      9.23      3.46  0.        3832.936      -1946.115       1554.636    0.000  -0.115   0.317   0.
  2017 352  1 55 27 509 352.080179508       1.46      8.06     -0.87  0.        3833.908      -1944.745       1557.700    0.000  -0.115   0.317   0.
  2017 352  1 55 28 509 352.080191082      -0.75      3.65     -0.12  0.        3834.878      -1943.374       1560.763    0.000  -0.115   0.317   0.
  2017 352  1 55 29 509 352.080202656      -1.72      5.75     -1.29  0.        3835.847      -1942.002       1563.826    0.000  -0.115   0.317   0.
  2017 352  1 55 30 509 352.080214230      -1.54      2.39     -1.17  0.        3836.814      -1940.629       1566.888    0.000  -0.116   0.318   0.
  2017 352  1 55 31 509 352.080225804      -0.27      1.56     -0.00  0.        3837.779      -1939.256       1569.949    0.000  -0.116   0.318   0.
  2017 352  1 55 32 509 352.080237379      -1.33      2.12      1.71  0.        3838.742      -1937.881       1573.009    0.000  -0.116   0.318   0.
  2017 352  1 55 33 509 352.080248953      -3.82      5.10      5.41  0.        3839.704      -1936.506       1576.069    0.000  -0.116   0.318   0.
  2017 352  1 55 34 509 352.080260525      -0.76      2.62      4.42  0.        3840.664      -1935.130       1579.128    0.000  -0.116   0.319   0.
  2017 352  1 55 35 509 352.080272098       2.00      3.07     -1.14  0.        3841.622      -1933.753       1582.187    0.000  -0.116   0.319   0.
  2017 352  1 55 36 509 352.080283672      -1.70      3.70     -3.28  0.        3842.579      -1932.375       1585.244    0.000  -0.116   0.319   0.
  2017 352  1 55 37 509 352.080295246      -3.46      5.15      2.29  0.        3843.534      -1930.996       1588.301    0.000  -0.116   0.319   0.
  2017 352  1 55 38 509 352.080306820      -3.20      7.20      1.61  0.        3844.487      -1929.616       1591.358    0.000  -0.116   0.320   0.
  2017 352  1 55 39 509 352.080318394      -4.55      3.11     -1.10  0.        3845.439      -1928.236       1594.413    0.000  -0.116   0.320   0.
  2017 352  1 55 40 509 352.080329968      -2.45      2.54     -2.23  0.        3846.388      -1926.855       1597.468    0.000  -0.117   0.320   0.
  2017 352  1 55 41 509 352.080341542      -2.99      4.73      3.00  0.        3847.336      -1925.473       1600.522    0.000  -0.117   0.320   0.
  2017 352  1 55 42 509 352.080353116       1.89      1.71      0.34  0.        3848.283      -1924.090       1603.575    0.000  -0.117   0.320   0.
  2017 352  1 55 43 509 352.080364690      10.42      2.84     -3.16  0.        3849.227      -1922.706       1606.628    0.000  -0.117   0.320   0.
  2017 352  1 55 44 509 352.080376264       5.19      4.18     -1.29  0.        3850.170      -1921.321       1609.680    0.000  -0.117   0.321   0.
  2017 352  1 55 45 509 352.080387839      -0.11      4.20      4.57  0.        3851.112      -1919.935       1612.731    0.000  -0.117   0.322   0.
  2017 352  1 55 46 509 352.080399413      -4.65      5.63      2.48  0.        3852.051      -1918.549       1615.782    0.000  -0.117   0.322   0.
  2017 352  1 55 47 509 352.080410987      -6.39      3.44      4.67  0.        3852.989      -1917.162       1618.832    0.000  -0.117   0.322   0.
  2017 352  1 55 48 509 352.080422561      -0.30      1.30      3.87  0.        3853.925      -1915.774       1621.881    0.000  -0.117   0.322   0.
  2017 352  1 55 49 509 352.080434135       3.60      5.43     -1.30  0.        3854.860      -1914.385       1624.929    0.000  -0.117   0.322   0.
  2017 352  1 55 50 509 352.080445709      10.54      8.27     -3.37  0.        3855.792      -1912.995       1627.977    0.000  -0.118   0.323   0.
  2017 352  1 55 51 509 352.080457283      11.13      6.92      1.20  0.        3856.724      -1911.604       1631.024    0.000  -0.118   0.323   0.
  2017 352  1 55 52 509 352.080468857       7.66      8.47      4.85  0.        3857.653      -1910.213       1634.070    0.000  -0.118   0.323   0.
  2017 352  1 55 53 509 352.080480431       4.05      8.56      3.74  0.        3858.581      -1908.821       1637.115    0.000  -0.118   0.323   0.
  2017 352  1 55 54 509 352.080492005       0.99      7.55      1.90  0.        3859.507      -1907.428       1640.160    0.000  -0.118   0.324   0.
  2017 352  1 55 55 509 352.080503579      -2.01      7.09      2.76  0.        3860.431      -1906.034       1643.204    0.000  -0.118   0.324   0.
  2017 352  1 55 56 509 352.080515153      -3.66      3.77      6.17  0.        3861.354      -1904.639       1646.248    0.000  -0.118   0.324   0.
  2017 352  1 55 57 509 352.080526727      -3.40      5.06      4.66  0.        3862.275      -1903.243       1649.290    0.000  -0.118   0.324   0.
  2017 352  1 55 58 509 352.080538302      -1.51      8.11      0.54  0.        3863.194      -1901.847       1652.332    0.000  -0.118   0.325   0.
  2017 352  1 55 59 509 352.080549876       0.80      4.31      1.17  0.        3864.112      -1900.450       1655.373    0.000  -0.118   0.325   0.
  2017 352  1 56  0 509 352.080561450       5.58      3.04      1.81  0.        3865.027      -1899.052       1658.414    0.000  -0.119   0.326   0.
  2017 352  1 56  1 509 352.080573024       5.93      7.34     -0.55  0.        3865.942      -1897.653       1661.454    0.000  -0.119   0.326   0.
  2017 352  1 56  2 509 352.080584596       5.31      5.66     -1.28  0.        3866.854      -1896.253       1664.492    0.000  -0.119   0.326   0.
  2017 352  1 56  3 509 352.080596169       3.18      5.30      0.09  0.        3867.765      -1894.852       1667.531    0.000  -0.119   0.326   0.
  2017 352  1 56  4 508 352.080607743       5.41      5.82      1.48  0.        3868.674      -1893.451       1670.568    0.000  -0.119   0.326   0.
  2017 352  1 56  5 508 352.080619317       2.50      3.56      0.55  0.        3869.582      -1892.049       1673.605    0.000  -0.119   0.326   0.
  2017 352  1 56  6 508 352.080630891       3.91      1.89      0.53  0.        3870.488      -1890.646       1676.641    0.000  -0.119   0.327   0.
  2017 352  1 56  7 508 352.080642465       3.85      1.19      0.12  0.        3871.392      -1889.242       1679.677    0.000  -0.119   0.327   0.
  2017 352  1 56  8 509 352.080654039       4.35      2.62     -2.84  0.        3872.294      -1887.837       1682.711    0.000  -0.119   0.328   0.
  2017 352  1 56  9 509 352.080665613      -0.43      7.20     -0.60  0.        3873.195      -1886.432       1685.745    0.000  -0.119   0.328   0.
  2017 352  1 56 10 508 352.080677188       2.16      4.23      5.12  0.        3874.094      -1885.026       1688.778    0.000  -0.119   0.328   0.
  2017 352  1 56 11 508 352.080688762       6.68      3.00      2.13  0.        3874.992      -1883.619       1691.811    0.000  -0.119   0.328   0.
  2017 352  1 56 12 508 352.080700336       5.28      3.46      2.25  0.        3875.887      -1882.211       1694.842    0.000  -0.120   0.329   0.
  2017 352  1 56 13 509 352.080711910       2.98      4.93      1.18  0.        3876.782      -1880.802       1697.873    0.000  -0.120   0.329   0.
  2017 352  1 56 14 509 352.080723484       2.37      4.62      1.06  0.        3877.674      -1879.392       1700.904    0.000  -0.120   0.329   0.
  2017 352  1 56 15 509 352.080735058      -0.42      3.71     -0.36  0.        3878.565      -1877.982       1703.933    0.000  -0.120   0.329   0.
  2017 352  1 56 16 509 352.080746632      -2.89      6.45     -0.28  0.        3879.454      -1876.571       1706.962    0.000  -0.120   0.330   0.
  2017 352  1 56 17 508 352.080758206      -3.51      6.32      1.62  0.        3880.341      -1875.159       1709.990    0.000  -0.120   0.330   0.
  2017 352  1 56 18 508 352.080769780       0.42      3.66      0.59  0.        3881.227      -1873.746       1713.017    0.000  -0.120   0.330   0.
  2017 352  1 56 19 508 352.080781354       4.88      4.19      0.02  0.        3882.111      -1872.333       1716.044    0.000  -0.120   0.330   0.
  2017 352  1 56 20 508 352.080792928       9.32      5.79      0.43  0.        3882.994      -1870.918       1719.069    0.000  -0.120   0.331   0.
  2017 352  1 56 21 508 352.080804502       7.69      7.86      1.23  0.        3883.875      -1869.503       1722.094    0.000  -0.120   0.331   0.
  2017 352  1 56 22 509 352.080816076       4.68     10.68      1.17  0.        3884.754      -1868.087       1725.119    0.000  -0.121   0.331   0.
  2017 352  1 56 23 509 352.080827650       4.44      8.73     -3.38  0.        3885.631      -1866.670       1728.142    0.000  -0.121   0.331   0.
  2017 352  1 56 24 508 352.080839225       0.67      2.88     -1.49  0.        3886.507      -1865.253       1731.165    0.000  -0.121   0.331   0.
  2017 352  1 56 25 508 352.080850799       0.19      3.33      2.60  0.        3887.381      -1863.835       1734.187    0.000  -0.121   0.331   0.
  2017 352  1 56 26 509 352.080862373       5.13      4.64      2.07  0.        3888.253      -1862.415       1737.209    0.000  -0.121   0.332   0.
  2017 352  1 56 27 509 352.080873947       1.68      3.05      2.44  0.        3889.124      -1860.995       1740.229    0.000  -0.121   0.332   0.
  2017 352  1 56 28 509 352.080885521       0.77      4.95      3.13  0.        3889.994      -1859.575       1743.249    0.000  -0.121   0.333   0.
  2017 352  1 56 29 509 352.080897095      -3.36      7.29      1.73  0.        3890.861      -1858.153       1746.268    0.000  -0.121   0.333   0.
  2017 352  1 56 30 509 352.080908669      -5.07      8.10     -2.75  0.        3891.727      -1856.731       1749.287    0.000  -0.121   0.333   0.
  2017 352  1 56 31 508 352.080920243       1.01      2.56     -3.02  0.        3892.591      -1855.308       1752.304    0.000  -0.121   0.333   0.
  2017 352  1 56 32 508 352.080931815       2.78      2.09     -2.49  0.        3893.454      -1853.884       1755.321    0.000  -0.122   0.334   0.
  2017 352  1 56 33 508 352.080943388       3.07      1.85     -1.88  0.        3894.315      -1852.459       1758.337    0.000  -0.122   0.334   0.
  2017 352  1 56 34 508 352.080954962       1.35      1.19      1.45  0.        3895.174      -1851.034       1761.353    0.000  -0.122   0.334   0.
  2017 352  1 56 35 508 352.080966536      -1.33      1.15      2.63  0.        3896.032      -1849.608       1764.367    0.000  -0.122   0.334   0.
  2017 352  1 56 36 508 352.080978111       0.00     -3.85      3.63  0.        3896.888      -1848.181       1767.381    0.000  -0.122   0.335   0.
  2017 352  1 56 37 508 352.080989685       0.89      0.75      0.19  0.        3897.742      -1846.753       1770.394    0.000  -0.122   0.335   0.
  2017 352  1 56 38 508 352.081001259       1.25      4.72      2.10  0.        3898.595      -1845.324       1773.407    0.000  -0.122   0.335   0.
  2017 352  1 56 39 508 352.081012833      -4.54      4.55      0.95  0.        3899.446      -1843.895       1776.418    0.000  -0.122   0.335   0.
  2017 352  1 56 40 508 352.081024407      -3.12      2.84     -0.33  0.        3900.295      -1842.465       1779.429    0.000  -0.122   0.336   0.
  2017 352  1 56 41 508 352.081035981       0.27      1.84      0.15  0.        3901.143      -1841.034       1782.439    0.000  -0.122   0.336   0.
  2017 352  1 56 42 508 352.081047555       2.77      0.72     -1.37  0.        3901.989      -1839.602       1785.449    0.000  -0.122   0.336   0.
  2017 352  1 56 43 508 352.081059129       2.29      3.18     -2.50  0.        3902.833      -1838.170       1788.457    0.000  -0.122   0.336   0.
  2017 352  1 56 44 508 352.081070703      -0.01      2.90     -0.34  0.        3903.676      -1836.737       1791.465    0.000  -0.123   0.337   0.
  2017 352  1 56 45 508 352.081082277      -1.07      3.40      1.90  0.        3904.517      -1835.303       1794.472    0.000  -0.123   0.337   0.
  2017 352  1 56 46 508 352.081093851       5.01     -1.72      0.85  0.        3905.357      -1833.868       1797.479    0.000  -0.123   0.337   0.
  2017 352  1 56 47 508 352.081105425       5.39     -1.93      2.91  0.        3906.195      -1832.433       1800.484    0.000  -0.123   0.337   0.
  2017 352  1 56 48 508 352.081116999       4.79     -1.55     -2.81  0.        3907.031      -1830.996       1803.489    0.000  -0.123   0.337   0.
  2017 352  1 56 49 508 352.081128573       0.44      5.81     -1.60  0.        3907.866      -1829.559       1806.493    0.000  -0.123   0.337   0.
  2017 352  1 56 50 508 352.081140148      -6.89      6.19      2.70  0.        3908.699      -1828.121       1809.497    0.000  -0.123   0.338   0.
  2017 352  1 56 51 508 352.081151722       3.35      1.34     -0.57  0.        3909.530      -1826.683       1812.499    0.000  -0.123   0.338   0.
  2017 352  1 56 52 508 352.081163296       4.55     -0.88     -3.46  0.        3910.360      -1825.244       1815.501    0.000  -0.123   0.339   0.
  2017 352  1 56 53 508 352.081174870      -0.31      2.09     -0.33  0.        3911.188      -1823.803       1818.502    0.000  -0.123   0.339   0.
  2017 352  1 56 54 508 352.081186444      -2.49      6.03      2.88  0.        3912.015      -1822.363       1821.502    0.000  -0.123   0.339   0.
  2017 352  1 56 55 508 352.081198018       2.48     -0.37     -0.59  0.        3912.839      -1820.921       1824.502    0.000  -0.123   0.339   0.
  2017 352  1 56 56 508 352.081209592       1.00      1.12     -0.74  0.        3913.663      -1819.479       1827.501    0.000  -0.123   0.339   0.
  2017 352  1 56 57 508 352.081221166      -0.66      3.81      1.22  0.        3914.484      -1818.036       1830.499    0.000  -0.123   0.339   0.
  2017 352  1 56 58 508 352.081232740       3.28      0.79      0.77  0.        3915.304      -1816.592       1833.496    0.000  -0.124   0.340   0.
  2017 352  1 56 59 508 352.081244314       3.05     -0.54      0.56  0.        3916.123      -1815.147       1836.492    0.000  -0.124   0.340   0.
  2017 352  1 57  0 508 352.081255888       3.57     -2.73     -0.43  0.        3916.939      -1813.702       1839.488    0.000  -0.124   0.340   0.
  2017 352  1 57  1 508 352.081267462       1.24      0.48      0.30  0.        3917.755      -1812.256       1842.483    0.000  -0.124   0.340   0.
  2017 352  1 57  2 508 352.081279036      -2.64      7.62      0.97  0.        3918.568      -1810.809       1845.477    0.000  -0.124   0.341   0.
  2017 352  1 57  3 508 352.081290611      -3.53      6.93      2.30  0.        3919.380      -1809.361       1848.471    0.000  -0.124   0.341   0.
  2017 352  1 57  4 508 352.081302182       2.79     -2.03     -1.26  0.        3920.190      -1807.913       1851.463    0.000  -0.124   0.341   0.
  2017 352  1 57  5 508 352.081313756       1.29     -1.89     -6.56  0.        3920.999      -1806.464       1854.455    0.000  -0.124   0.342   0.
  2017 352  1 57  6 508 352.081325330       1.00      6.05     -2.26  0.        3921.806      -1805.014       1857.446    0.000  -0.124   0.342   0.
  2017 352  1 57  7 508 352.081336904       2.44      2.53      0.93  0.        3922.612      -1803.563       1860.437    0.000  -0.124   0.342   0.
  2017 352  1 57  8 508 352.081348478      -0.10      4.04     -0.48  0.        3923.415      -1802.112       1863.426    0.000  -0.125   0.342   0.
  2017 352  1 57  9 508 352.081360052       4.59      1.19      0.90  0.        3924.217      -1800.660       1866.415    0.000  -0.125   0.342   0.
  2017 352  1 57 10 508 352.081371626       6.46     -1.23     -2.00  0.        3925.018      -1799.207       1869.403    0.000  -0.125   0.342   0.
  2017 352  1 57 11 508 352.081383200       3.54      3.50     -0.53  0.        3925.817      -1797.753       1872.390    0.000  -0.125   0.342   0.
  2017 352  1 57 12 508 352.081394774       4.12      2.05      4.27  0.        3926.614      -1796.299       1875.377    0.000  -0.125   0.343   0.
  2017 352  1 57 13 508 352.081406348       0.90     -5.19     -1.17  0.        3927.410      -1794.844       1878.362    0.000  -0.125   0.343   0.
  2017 352  1 57 14 508 352.081417923      -0.79     -0.48      1.50  0.        3928.204      -1793.388       1881.347    0.000  -0.125   0.343   0.
  2017 352  1 57 15 508 352.081429497      -0.47      3.94      2.09  0.        3928.997      -1791.932       1884.332    0.000  -0.125   0.343   0.
  2017 352  1 57 16 508 352.081441071      -0.17      6.03     -0.51  0.        3929.788      -1790.475       1887.315    0.000  -0.125   0.344   0.
  2017 352  1 57 17 508 352.081452645       2.20      1.65     -0.00  0.        3930.577      -1789.017       1890.298    0.000  -0.125   0.344   0.
  2017 352  1 57 18 508 352.081464219       1.74      1.70      0.25  0.        3931.365      -1787.558       1893.279    0.000  -0.125   0.345   0.
  2017 352  1 57 19 508 352.081475793       0.52      0.13      1.57  0.        3932.151      -1786.099       1896.261    0.000  -0.125   0.345   0.
  2017 352  1 57 20 508 352.081487367       0.26      1.05      1.48  0.        3932.935      -1784.638       1899.241    0.000  -0.126   0.345   0.
  2017 352  1 57 21 508 352.081498941       1.91      0.74      0.96  0.        3933.718      -1783.177       1902.220    0.000  -0.126   0.345   0.
  2017 352  1 57 22 508 352.081510515      -1.51      0.95      2.58  0.        3934.500      -1781.716       1905.199    0.000  -0.126   0.345   0.
  2017 352  1 57 23 508 352.081522089       0.14      1.23      4.59  0.        3935.279      -1780.254       1908.177    0.000  -0.126   0.345   0.
  2017 352  1 57 24 508 352.081533663       2.48      0.58     -0.97  0.        3936.058      -1778.791       1911.154    0.000  -0.126   0.346   0.
  2017 352  1 57 25 508 352.081545237       1.97     -0.55      0.98  0.        3936.834      -1777.327       1914.130    0.000  -0.126   0.346   0.
  2017 352  1 57 26 508 352.081556811      -0.65     -1.61      1.94  0.        3937.609      -1775.862       1917.106    0.000  -0.126   0.346   0.
  2017 352  1 57 27 508 352.081568385       0.89     -2.00      1.31  0.        3938.382      -1774.397       1920.081    0.000  -0.126   0.346   0.
  2017 352  1 57 28 508 352.081579960       1.05      0.41      4.62  0.        3939.154      -1772.931       1923.055    0.000  -0.126   0.347   0.
  2017 352  1 57 29 508 352.081591534      -0.14      0.77      3.43  0.        3939.924      -1771.465       1926.028    0.000  -0.126   0.347   0.
  2017 352  1 57 30 508 352.081603108      -1.10      0.90      0.48  0.        3940.693      -1769.997       1929.001    0.000  -0.126   0.348   0.
  2017 352  1 57 31 508 352.081614682       1.83      0.02     -0.30  0.        3941.460      -1768.529       1931.973    0.000  -0.126   0.348   0.
  2017 352  1 57 32 508 352.081626254       0.75      1.58      0.33  0.        3942.225      -1767.061       1934.944    0.000  -0.127   0.348   0.
  2017 352  1 57 33 508 352.081637827       2.98     -2.29      0.60  0.        3942.989      -1765.591       1937.914    0.000  -0.127   0.348   0.
  2017 352  1 57 34 508 352.081649401       0.59     -2.14     -0.39  0.        3943.751      -1764.121       1940.883    0.000  -0.127   0.349   0.
  2017 352  1 57 35 508 352.081660975      -0.86      0.24     -0.12  0.        3944.512      -1762.650       1943.852    0.000  -0.127   0.349   0.
  2017 352  1 57 36 508 352.081672549      -0.34      3.70      2.56  0.        3945.271      -1761.178       1946.819    0.000  -0.127   0.349   0.
  2017 352  1 57 37 508 352.081684123       2.69     -1.35     -2.73  0.        3946.028      -1759.706       1949.786    0.000  -0.127   0.349   0.
  2017 352  1 57 38 508 352.081695697       0.17      0.95     -2.01  0.        3946.784      -1758.233       1952.753    0.000  -0.127   0.349   0.
  2017 352  1 57 39 508 352.081707271      -3.94      4.40      4.02  0.        3947.538      -1756.759       1955.718    0.000  -0.127   0.349   0.
  2017 352  1 57 40 508 352.081718846       4.93     -1.18     -0.20  0.        3948.291      -1755.285       1958.683    0.000  -0.127   0.350   0.
  2017 352  1 57 41 508 352.081730420       4.29     -1.71     -0.76  0.        3949.042      -1753.810       1961.647    0.000  -0.127   0.350   0.
  2017 352  1 57 42 508 352.081741994      -1.29      0.18      0.05  0.        3949.792      -1752.334       1964.610    0.000  -0.127   0.350   0.
  2017 352  1 57 43 508 352.081753568       0.67      1.34      1.39  0.        3950.539      -1750.857       1967.572    0.000  -0.127   0.350   0.
  2017 352  1 57 44 508 352.081765142       5.22     -1.94     -0.19  0.        3951.286      -1749.380       1970.534    0.000  -0.128   0.351   0.
  2017 352  1 57 45 508 352.081776716       2.53     -3.27     -3.40  0.        3952.031      -1747.902       1973.494    0.000  -0.128   0.351   0.
  2017 352  1 57 46 508 352.081788290      -1.45      0.62     -3.22  0.        3952.774      -1746.424       1976.454    0.000  -0.128   0.351   0.
  2017 352  1 57 47 508 352.081799864      -2.33      2.86     -1.92  0.        3953.515      -1744.944       1979.413    0.000  -0.128   0.351   0.
  2017 352  1 57 48 508 352.081811438       2.44     -0.45      3.36  0.        3954.255      -1743.464       1982.372    0.000  -0.128   0.352   0.
  2017 352  1 57 49 508 352.081823012       2.39      0.31      2.96  0.        3954.994      -1741.984       1985.329    0.000  -0.128   0.351   0.
  2017 352  1 57 50 508 352.081834586       2.40     -0.44      1.71  0.        3955.730      -1740.502       1988.286    0.000  -0.128   0.352   0.
  2017 352  1 57 51 508 352.081846160       3.79     -0.02      4.57  0.        3956.466      -1739.020       1991.242    0.000  -0.128   0.352   0.
  2017 352  1 57 52 508 352.081857734      -1.96      1.78      2.01  0.        3957.200      -1737.537       1994.197    0.000  -0.128   0.352   0.
  2017 352  1 57 53 508 352.081869308       4.29     -1.28      0.31  0.        3957.932      -1736.054       1997.151    0.000  -0.128   0.352   0.
  2017 352  1 57 54 508 352.081880883       3.34     -5.44     -4.52  0.        3958.663      -1734.570       2000.105    0.000  -0.129   0.353   0.
  2017 352  1 57 55 508 352.081892457      -1.11     -2.67     -4.41  0.        3959.392      -1733.085       2003.058    0.000  -0.129   0.353   0.
  2017 352  1 57 56 508 352.081904031      -3.09      1.32     -2.92  0.        3960.119      -1731.599       2006.010    0.000  -0.129   0.353   0.
  2017 352  1 57 57 508 352.081915605      -1.91      6.98     -0.08  0.        3960.845      -1730.113       2008.961    0.000  -0.129   0.353   0.
  2017 352  1 57 58 508 352.081927179       1.99      4.13      1.68  0.        3961.570      -1728.626       2011.911    0.000  -0.129   0.354   0.
  2017 352  1 57 59 508 352.081938753       1.67      2.25      2.52  0.        3962.293      -1727.139       2014.861    0.000  -0.129   0.354   0.
  2017 352  1 58  0 508 352.081950327       2.21     -2.13     -0.93  0.        3963.014      -1725.650       2017.810    0.000  -0.129   0.354   0.
  2017 352  1 58  1 508 352.081961901       2.43      0.16      4.26  0.        3963.733      -1724.161       2020.758    0.000  -0.129   0.354   0.
  2017 352  1 58  2 507 352.081973473       2.36      4.94     -2.87  0.        3964.452      -1722.672       2023.705    0.000  -0.129   0.355   0.
  2017 352  1 58  3 507 352.081985046       2.44      3.08      2.52  0.        3965.168      -1721.182       2026.651    0.000  -0.129   0.355   0.
  2017 352  1 58  4 508 352.081996620       2.63     -0.64      2.38  0.        3965.883      -1719.691       2029.597    0.000  -0.129   0.355   0.
  2017 352  1 58  5 508 352.082008194       0.47     -1.99     -1.00  0.        3966.597      -1718.199       2032.542    0.000  -0.129   0.355   0.
  2017 352  1 58  6 507 352.082019769      -1.46      1.22     -0.47  0.        3967.308      -1716.707       2035.486    0.000  -0.129   0.356   0.
  2017 352  1 58  7 507 352.082031343      -0.02      2.02     -0.38  0.        3968.019      -1715.214       2038.429    0.000  -0.129   0.356   0.
  2017 352  1 58  8 508 352.082042917      -2.15      2.95     -0.21  0.        3968.728      -1713.720       2041.371    0.000  -0.129   0.356   0.
  2017 352  1 58  9 508 352.082054491       0.48      0.49     -0.28  0.        3969.435      -1712.226       2044.313    0.000  -0.129   0.356   0.
  2017 352  1 58 10 508 352.082066065       3.33     -0.21      1.35  0.        3970.141      -1710.731       2047.254    0.000  -0.130   0.356   0.
  2017 352  1 58 11 508 352.082077639       1.70      1.83      3.07  0.        3970.845      -1709.235       2050.194    0.000  -0.130   0.356   0.
  2017 352  1 58 12 508 352.082089213       3.59     -2.95      2.93  0.        3971.547      -1707.739       2053.133    0.000  -0.130   0.357   0.
  2017 352  1 58 13 507 352.082100787       2.52     -3.44     -2.87  0.        3972.248      -1706.242       2056.071    0.000  -0.130   0.357   0.
  2017 352  1 58 14 507 352.082112361       1.08      6.77     -1.52  0.        3972.948      -1704.744       2059.009    0.000  -0.130   0.357   0.
  2017 352  1 58 15 507 352.082123935      -0.38      3.36      1.14  0.        3973.646      -1703.246       2061.946    0.000  -0.130   0.357   0.
  2017 352  1 58 16 507 352.082135509      -0.05      1.79      4.12  0.        3974.342      -1701.747       2064.882    0.000  -0.130   0.358   0.
  2017 352  1 58 17 507 352.082147083       0.51     -0.71      7.45  0.        3975.037      -1700.247       2067.817    0.000  -0.130   0.358   0.
  2017 352  1 58 18 508 352.082158657       0.67      1.57      2.24  0.        3975.730      -1698.747       2070.751    0.000  -0.130   0.358   0.
  2017 352  1 58 19 508 352.082170232       1.94     -1.21     -0.10  0.        3976.422      -1697.246       2073.685    0.000  -0.130   0.358   0.
  2017 352  1 58 20 507 352.082181806       4.48     -2.43     -0.94  0.        3977.112      -1695.744       2076.617    0.000  -0.131   0.359   0.
  2017 352  1 58 21 507 352.082193380       1.24     -0.51      1.47  0.        3977.801      -1694.242       2079.549    0.000  -0.131   0.359   0.
  2017 352  1 58 22 508 352.082204954       0.26     -1.21      0.60  0.        3978.488      -1692.739       2082.480    0.000  -0.131   0.359   0.
  2017 352  1 58 23 508 352.082216528       1.50      0.58      4.22  0.        3979.174      -1691.235       2085.411    0.000  -0.131   0.360   0.
  2017 352  1 58 24 508 352.082228102      -0.42      4.35      5.05  0.        3979.858      -1689.731       2088.340    0.000  -0.131   0.359   0.
  2017 352  1 58 25 508 352.082239676      -1.61      4.29      3.59  0.        3980.540      -1688.226       2091.269    0.000  -0.131   0.359   0.
  2017 352  1 58 26 508 352.082251250      -2.25      2.07      1.96  0.        3981.221      -1686.721       2094.197    0.000  -0.131   0.360   0.
  2017 352  1 58 27 507 352.082262824       3.54     -0.05      2.94  0.        3981.901      -1685.215       2097.124    0.000  -0.131   0.360   0.
  2017 352  1 58 28 507 352.082274398       7.68     -0.83     -2.84  0.        3982.579      -1683.708       2100.050    0.000  -0.131   0.360   0.
  2017 352  1 58 29 507 352.082285972      -2.43      1.25     -7.06  0.        3983.255      -1682.200       2102.975    0.000  -0.131   0.360   0.
  2017 352  1 58 30 507 352.082297546      -3.26      6.23     -0.03  0.        3983.930      -1680.692       2105.900    0.000  -0.131   0.360   0.
  2017 352  1 58 31 508 352.082309118       2.97     -0.99     -1.98  0.        3984.603      -1679.184       2108.824    0.000  -0.131   0.361   0.
  2017 352  1 58 32 507 352.082320692       5.74      0.33     -1.32  0.        3985.275      -1677.674       2111.747    0.000  -0.131   0.361   0.
  2017 352  1 58 33 507 352.082332266       5.15     -1.23     -2.16  0.        3985.945      -1676.164       2114.669    0.000  -0.131   0.361   0.
  2017 352  1 58 34 507 352.082343840       4.02     -1.43     -4.65  0.        3986.614      -1674.653       2117.591    0.000  -0.132   0.362   0.
  2017 352  1 58 35 507 352.082355414      -1.29      0.64     -1.24  0.        3987.281      -1673.142       2120.511    0.000  -0.132   0.362   0.
  2017 352  1 58 36 507 352.082366988      -0.54      3.51      3.17  0.        3987.947      -1671.630       2123.431    0.000  -0.132   0.362   0.
  2017 352  1 58 37 507 352.082378562       3.51      0.08      1.10  0.        3988.611      -1670.117       2126.350    0.000  -0.132   0.362   0.
  2017 352  1 58 38 507 352.082390136       0.65     -1.99     -3.19  0.        3989.274      -1668.604       2129.268    0.000  -0.132   0.362   0.
  2017 352  1 58 39 507 352.082401710       2.71     -2.19     -2.41  0.        3989.935      -1667.090       2132.185    0.000  -0.132   0.362   0.
  2017 352  1 58 40 507 352.082413284      -0.56      0.59      0.61  0.        3990.594      -1665.576       2135.102    0.000  -0.132   0.363   0.
  2017 352  1 58 41 507 352.082424858      -0.26      1.03      1.57  0.        3991.253      -1664.061       2138.017    0.000  -0.132   0.363   0.
  2017 352  1 58 42 507 352.082436432       1.01      0.06      0.77  0.        3991.909      -1662.545       2140.932    0.000  -0.132   0.363   0.
  2017 352  1 58 43 507 352.082448006       1.34      1.06      0.61  0.        3992.564      -1661.028       2143.846    0.000  -0.132   0.363   0.
  2017 352  1 58 44 507 352.082459580       1.55      1.59      3.29  0.        3993.218      -1659.511       2146.760    0.000  -0.132   0.363   0.
  2017 352  1 58 45 507 352.082471154       1.02     -2.82      2.57  0.        3993.870      -1657.994       2149.671    0.000  -0.132   0.363   0.
  2017 352  1 58 46 507 352.082482729       1.48     -1.16      0.30  0.        3994.520      -1656.475       2152.584    0.000  -0.133   0.364   0.
  2017 352  1 58 47 507 352.082494303       1.02     -0.23     -0.12  0.        3995.169      -1654.956       2155.494    0.000  -0.133   0.364   0.
  2017 352  1 58 48 507 352.082505877       0.44     -0.12     -0.34  0.        3995.817      -1653.437       2158.404    0.000  -0.133   0.364   0.
  2017 352  1 58 49 507 352.082517451       0.65     -0.03     -0.30  0.        3996.462      -1651.917       2161.313    0.000  -0.133   0.364   0.
  2017 352  1 58 50 507 352.082529025       1.10     -1.11      0.78  0.        3997.107      -1650.396       2164.222    0.000  -0.133   0.365   0.
  2017 352  1 58 51 507 352.082540599       1.46     -0.60      2.95  0.        3997.750      -1648.874       2167.129    0.000  -0.133   0.365   0.
  2017 352  1 58 52 507 352.082552173      -2.15      3.01      2.85  0.        3998.391      -1647.352       2170.036    0.000  -0.133   0.365   0.
  2017 352  1 58 53 507 352.082563747      -1.75      4.48      4.64  0.        3999.031      -1645.830       2172.942    0.000  -0.133   0.365   0.
  2017 352  1 58 54 507 352.082575321       4.64     -0.64      2.24  0.        3999.669      -1644.306       2175.847    0.000  -0.133   0.366   0.
  2017 352  1 58 55 507 352.082586895       3.92     -0.34      2.25  0.        4000.306      -1642.782       2178.751    0.000  -0.133   0.366   0.
  2017 352  1 58 56 507 352.082598469       0.65     -2.25     -6.15  0.        4000.942      -1641.258       2181.654    0.000  -0.133   0.366   0.
  2017 352  1 58 57 507 352.082610043       1.15     -0.32     -1.63  0.        4001.576      -1639.733       2184.557    0.000  -0.133   0.366   0.
  2017 352  1 58 58 507 352.082621617       0.03      4.08     -0.15  0.        4002.208      -1638.207       2187.458    0.000  -0.133   0.366   0.
  2017 352  1 58 59 507 352.082633192       0.22      5.65      3.23  0.        4002.839      -1636.681       2190.359    0.000  -0.134   0.367   0.
  2017 352  1 59  0 507 352.082644763       6.46     -0.24      3.15  0.        4003.468      -1635.154       2193.259    0.000  -0.134   0.367   0.
  2017 352  1 59  1 507 352.082656337       2.09      0.25      1.51  0.        4004.096      -1633.626       2196.159    0.000  -0.134   0.367   0.
  2017 352  1 59  2 507 352.082667911      -1.41      4.28      0.75  0.        4004.722      -1632.098       2199.057    0.000  -0.134   0.368   0.
  2017 352  1 59  3 507 352.082679485      -3.59      0.73     -1.29  0.        4005.347      -1630.569       2201.955    0.000  -0.134   0.368   0.
  2017 352  1 59  4 507 352.082691059      -1.80      2.83     -0.76  0.        4005.971      -1629.039       2204.851    0.000  -0.134   0.368   0.
  2017 352  1 59  5 507 352.082702633      -0.76      1.50     -1.77  0.        4006.593      -1627.509       2207.747    0.000  -0.134   0.368   0.
  2017 352  1 59  6 507 352.082714207      -0.03      1.22     -0.50  0.        4007.213      -1625.979       2210.642    0.000  -0.134   0.368   0.
  2017 352  1 59  7 507 352.082725781       2.83      1.35     -0.31  0.        4007.832      -1624.447       2213.537    0.000  -0.134   0.368   0.
  2017 352  1 59  8 507 352.082737355       2.22      1.36     -0.10  0.        4008.449      -1622.915       2216.430    0.000  -0.134   0.369   0.
  2017 352  1 59  9 507 352.082748929       0.79      1.50     -0.32  0.        4009.065      -1621.383       2219.323    0.000  -0.134   0.369   0.
  2017 352  1 59 10 507 352.082760504      -0.74      3.33      0.47  0.        4009.679      -1619.850       2222.215    0.000  -0.134   0.369   0.
  2017 352  1 59 11 507 352.082772077       2.81      0.32      0.73  0.        4010.292      -1618.316       2225.105    0.000  -0.134   0.369   0.
  2017 352  1 59 12 507 352.082783652       2.30      0.06     -2.54  0.        4010.904      -1616.782       2227.996    0.000  -0.134   0.369   0.
  2017 352  1 59 13 507 352.082795226      -1.16      2.11     -0.46  0.        4011.514      -1615.247       2230.885    0.000  -0.134   0.369   0.
  2017 352  1 59 14 507 352.082806800      -1.49      3.90      2.82  0.        4012.122      -1613.712       2233.774    0.000  -0.135   0.370   0.
  2017 352  1 59 15 507 352.082818374       3.68      1.72     -0.42  0.        4012.729      -1612.176       2236.661    0.000  -0.135   0.370   0.
  2017 352  1 59 16 507 352.082829948       2.93      2.74      0.31  0.        4013.335      -1610.639       2239.548    0.000  -0.134   0.369   0.
  2017 352  1 59 17 507 352.082841522       4.65      1.80      1.12  0.        4013.939      -1609.102       2242.434    0.000  -0.134   0.369   0.
  2017 352  1 59 18 507 352.082853096       6.49     -1.62      0.37  0.        4014.541      -1607.564       2245.319    0.000  -0.135   0.371   0.
  2017 352  1 59 19 507 352.082864670       3.84      0.36     -2.52  0.        4015.142      -1606.025       2248.203    0.000  -0.135   0.371   0.
  2017 352  1 59 20 507 352.082876244      -0.08      5.48     -4.71  0.        4015.742      -1604.486       2251.087    0.000  -0.135   0.371   0.
  2017 352  1 59 21 507 352.082887818       0.55      3.27     -0.80  0.        4016.340      -1602.947       2253.969    0.000  -0.135   0.371   0.
  2017 352  1 59 22 507 352.082899392       4.73     -0.75      0.67  0.        4016.936      -1601.406       2256.851    0.000  -0.135   0.371   0.
  2017 352  1 59 23 507 352.082910966       5.02      0.39     -1.72  0.        4017.531      -1599.866       2259.732    0.000  -0.135   0.371   0.
  2017 352  1 59 24 507 352.082922541       2.21      5.30     -2.17  0.        4018.125      -1598.324       2262.612    0.000  -0.135   0.372   0.
  2017 352  1 59 25 507 352.082934115      -0.24      4.72     -1.77  0.        4018.717      -1596.782       2265.492    0.000  -0.135   0.372   0.
  2017 352  1 59 26 507 352.082945689       1.22      3.50      0.79  0.        4019.308      -1595.240       2268.370    0.000  -0.135   0.372   0.
  2017 352  1 59 27 507 352.082957263       2.38      4.96     -0.00  0.        4019.897      -1593.696       2271.248    0.000  -0.135   0.372   0.
  2017 352  1 59 28 507 352.082968837       5.02      2.21      1.41  0.        4020.484      -1592.153       2274.125    0.000  -0.135   0.372   0.
  2017 352  1 59 29 507 352.082980411       6.14      2.54     -2.40  0.        4021.071      -1590.608       2277.001    0.000  -0.135   0.372   0.
  2017 352  1 59 30 507 352.082991983       5.42      0.78     -7.21  0.        4021.655      -1589.063       2279.876    0.000  -0.135   0.372   0.
  2017 352  1 59 31 507 352.083003556      -0.84      7.02     -9.32  0.        4022.239      -1587.518       2282.750    0.000  -0.135   0.372   0.
  2017 352  1 59 32 507 352.083015130       2.98     10.76     -2.85  0.        4022.821      -1585.972       2285.623    0.000  -0.136   0.373   0.
  2017 352  1 59 33 507 352.083026704       4.37      2.85      1.23  0.        4023.401      -1584.425       2288.496    0.000  -0.136   0.373   0.
  2017 352  1 59 34 507 352.083038278       1.62     -2.00      0.00  0.        4023.980      -1582.878       2291.368    0.000  -0.136   0.373   0.
  2017 352  1 59 35 507 352.083049852       1.51      4.85     -1.75  0.        4024.557      -1581.330       2294.239    0.000  -0.136   0.374   0.
  2017 352  1 59 36 507 352.083061427       3.32     -0.19      1.36  0.        4025.133      -1579.782       2297.109    0.000  -0.136   0.374   0.
  2017 352  1 59 37 507 352.083073001       2.03     -0.84     -2.67  0.        4025.708      -1578.233       2299.978    0.000  -0.136   0.374   0.
  2017 352  1 59 38 507 352.083084575      -2.86      3.58     -2.79  0.        4026.281      -1576.683       2302.847    0.000  -0.136   0.374   0.
  2017 352  1 59 39 507 352.083096149       4.24      0.80      1.52  0.        4026.852      -1575.133       2305.714    0.000  -0.136   0.374   0.
  2017 352  1 59 40 507 352.083107723       1.46      1.27     -1.29  0.        4027.422      -1573.582       2308.581    0.000  -0.136   0.374   0.
  2017 352  1 59 41 507 352.083119297       0.58      2.64      1.49  0.        4027.991      -1572.031       2311.447    0.000  -0.136   0.374   0.
  2017 352  1 59 42 507 352.083130871       3.45      0.21      1.26  0.        4028.558      -1570.480       2314.312    0.000  -0.136   0.375   0.
  2017 352  1 59 43 507 352.083142445       1.45      1.67     -0.26  0.        4029.124      -1568.927       2317.176    0.000  -0.136   0.375   0.
  2017 352  1 59 44 507 352.083154019       2.91      0.61      0.66  0.        4029.688      -1567.374       2320.039    0.000  -0.136   0.375   0.
  2017 352  1 59 45 507 352.083165593       0.66      0.92     -0.06  0.        4030.251      -1565.821       2322.902    0.000  -0.136   0.375   0.
  2017 352  1 59 46 507 352.083177167      -0.17      1.29      0.78  0.        4030.812      -1564.267       2325.764    0.000  -0.137   0.375   0.
  2017 352  1 59 47 507 352.083188741       0.57      0.96     -0.38  0.        4031.372      -1562.712       2328.624    0.000  -0.137   0.375   0.
  2017 352  1 59 48 507 352.083200315       2.80      0.11     -0.73  0.        4031.930      -1561.157       2331.484    0.000  -0.137   0.376   0.
  2017 352  1 59 49 507 352.083211889       2.26      0.75      0.38  0.        4032.487      -1559.601       2334.344    0.000  -0.137   0.376   0.
  2017 352  1 59 50 507 352.083223464       1.13      0.84      0.66  0.        4033.043      -1558.045       2337.202    0.000  -0.137   0.376   0.
  2017 352  1 59 51 507 352.083235038       1.37      0.78      0.32  0.        4033.597      -1556.488       2340.059    0.000  -0.137   0.376   0.
  2017 352  1 59 52 507 352.083246612       1.63     -0.00      0.93  0.        4034.150      -1554.930       2342.916    0.000  -0.137   0.377   0.
  2017 352  1 59 53 507 352.083258186       1.00      1.08      0.98  0.        4034.701      -1553.372       2345.772    0.000  -0.137   0.377   0.
  2017 352  1 59 54 507 352.083269760       0.39      1.38      1.91  0.        4035.251      -1551.814       2348.627    0.000  -0.137   0.377   0.
  2017 352  1 59 55 507 352.083281334       0.83      0.54      0.12  0.        4035.799      -1550.255       2351.481    0.000  -0.137   0.377   0.
  2017 352  1 59 56 507 352.083292908       0.60     -0.49     -1.69  0.        4036.346      -1548.695       2354.334    0.000  -0.137   0.377   0.
  2017 352  1 59 57 507 352.083304482       1.89      0.02     -0.51  0.        4036.891      -1547.135       2357.186    0.000  -0.137   0.377   0.
  2017 352  1 59 58 507 352.083316056      -0.28      2.38      1.54  0.        4037.435      -1545.574       2360.038    0.000  -0.137   0.377   0.
  2017 352  1 59 59 507 352.083327630       0.42      0.84      1.00  0.        4037.977      -1544.012       2362.889    0.000  -0.137   0.377   0.
  2017 352  2  0  0 507 352.083339202       3.92     -0.21     -0.99  0.        4038.518      -1542.451       2365.739    0.000  -0.137   0.378   0.
  2017 352  2  0  1 507 352.083350775       4.49     -1.11     -0.49  0.        4039.058      -1540.888       2368.587    0.000  -0.137   0.378   0.
  2017 352  2  0  2 506 352.083362350       0.11      1.20      0.80  0.        4039.596      -1539.325       2371.436    0.000  -0.138   0.378   0.
  2017 352  2  0  3 506 352.083373924      -1.52      3.94      1.61  0.        4040.133      -1537.762       2374.283    0.000  -0.138   0.378   0.
  2017 352  2  0  4 507 352.083385498       2.22     -0.68      1.35  0.        4040.668      -1536.197       2377.129    0.000  -0.138   0.378   0.
  2017 352  2  0  5 507 352.083397072       0.16      0.48      0.88  0.        4041.202      -1534.633       2379.975    0.000  -0.138   0.378   0.
  2017 352  2  0  6 507 352.083408646       0.19      0.92      0.67  0.        4041.734      -1533.068       2382.820    0.000  -0.138   0.378   0.
  2017 352  2  0  7 507 352.083420220       2.96      0.63      0.52  0.        4042.265      -1531.502       2385.664    0.000  -0.138   0.378   0.
  2017 352  2  0  8 507 352.083431794       0.79      0.36     -0.41  0.        4042.795      -1529.936       2388.507    0.000  -0.138   0.378   0.
  2017 352  2  0  9 506 352.083443368       1.56      2.18      2.01  0.        4043.323      -1528.369       2391.349    0.000  -0.138   0.378   0.
  2017 352  2  0 10 506 352.083454942       0.03      2.87     -0.49  0.        4043.850      -1526.802       2394.190    0.000  -0.138   0.378   0.
  2017 352  2  0 11 506 352.083466516      -1.14      1.03      0.55  0.        4044.375      -1525.234       2397.031    0.000  -0.138   0.378   0.
  2017 352  2  0 12 506 352.083478090      -0.97      2.21      1.13  0.        4044.899      -1523.665       2399.871    0.000  -0.138   0.378   0.
  2017 352  2  0 13 506 352.083489664       2.16      0.28      1.81  0.        4045.421      -1522.096       2402.709    0.000  -0.138   0.378   0.
  2017 352  2  0 14 507 352.083501238       1.06      2.36      1.35  0.        4045.942      -1520.527       2405.547    0.000  -0.138   0.379   0.
  2017 352  2  0 15 506 352.083512812       0.57     -2.02      0.44  0.        4046.462      -1518.957       2408.384    0.000  -0.138   0.379   0.
  2017 352  2  0 16 506 352.083524387       1.88     -0.77      2.32  0.        4046.980      -1517.386       2411.221    0.000  -0.138   0.378   0.
  2017 352  2  0 17 506 352.083535961       2.72      2.42      0.09  0.        4047.496      -1515.815       2414.056    0.000  -0.138   0.378   0.
  2017 352  2  0 18 507 352.083547535       3.00     -0.56      0.39  0.        4048.011      -1514.243       2416.891    0.000  -0.138   0.379   0.
  2017 352  2  0 19 507 352.083559109       3.09     -1.21      0.65  0.        4048.525      -1512.671       2419.724    0.000  -0.138   0.379   0.
  2017 352  2  0 20 507 352.083570683      -0.99      1.74      0.51  0.        4049.038      -1511.098       2422.557    0.000  -0.138   0.379   0.
  2017 352  2  0 21 507 352.083582257       3.83     -0.46      0.27  0.        4049.549      -1509.525       2425.389    0.000  -0.138   0.379   0.
  2017 352  2  0 22 506 352.083593831       4.52     -0.11     -0.14  0.        4050.058      -1507.951       2428.220    0.000  -0.138   0.379   0.
  2017 352  2  0 23 506 352.083605405       1.94      0.33     -1.79  0.        4050.566      -1506.377       2431.050    0.000  -0.138   0.379   0.
  2017 352  2  0 24 506 352.083616979      -1.97      1.69     -0.34  0.        4051.073      -1504.802       2433.880    0.000  -0.138   0.379   0.
  2017 352  2  0 25 506 352.083628553      -1.67      1.50      5.36  0.        4051.578      -1503.227       2436.708    0.000  -0.138   0.379   0.
  2017 352  2  0 26 506 352.083640127       3.97     -0.88      2.45  0.        4052.082      -1501.651       2439.536    0.000  -0.138   0.379   0.
  2017 352  2  0 27 507 352.083651701       5.53     -1.23      2.20  0.        4052.584      -1500.075       2442.363    0.000  -0.138   0.379   0.
  2017 352  2  0 28 507 352.083663273       2.64     -1.39     -4.21  0.        4053.086      -1498.498       2445.189    0.000  -0.138   0.380   0.
  2017 352  2  0 29 506 352.083674847      -3.57      1.91     -3.49  0.        4053.585      -1496.920       2448.014    0.000  -0.138   0.380   0.
  2017 352  2  0 30 506 352.083686421      -2.18      4.32      3.07  0.        4054.083      -1495.342       2450.838    0.000  -0.138   0.379   0.
  2017 352  2  0 31 506 352.083697995       3.61     -1.31      1.28  0.        4054.580      -1493.764       2453.662    0.000  -0.138   0.379   0.
  2017 352  2  0 32 506 352.083709569       2.07     -1.03      0.15  0.        4055.076      -1492.185       2456.484    0.000  -0.138   0.380   0.
  2017 352  2  0 33 506 352.083721143       0.22     -0.89      2.67  0.        4055.569      -1490.605       2459.306    0.000  -0.138   0.380   0.
  2017 352  2  0 34 506 352.083732717       0.26      1.97      0.97  0.        4056.062      -1489.025       2462.127    0.000  -0.138   0.379   0.
  2017 352  2  0 35 506 352.083744291       3.07      3.65     -2.33  0.        4056.553      -1487.445       2464.947    0.000  -0.138   0.379   0.
  2017 352  2  0 36 506 352.083755865       2.03      1.30     -0.86  0.        4057.043      -1485.864       2467.766    0.000  -0.138   0.380   0.
  2017 352  2  0 37 506 352.083767439       0.52      1.68      2.24  0.        4057.531      -1484.282       2470.584    0.000  -0.138   0.380   0.
  2017 352  2  0 38 506 352.083779013       3.15     -0.62      1.48  0.        4058.018      -1482.700       2473.402    0.000  -0.138   0.380   0.
  2017 352  2  0 39 506 352.083790587       3.30     -1.85      1.48  0.        4058.504      -1481.117       2476.218    0.000  -0.138   0.380   0.
  2017 352  2  0 40 506 352.083802161       1.91     -0.58     -0.04  0.        4058.988      -1479.534       2479.034    0.000  -0.138   0.379   0.
  2017 352  2  0 41 506 352.083813736      -0.22     -1.40      0.61  0.        4059.470      -1477.950       2481.849    0.000  -0.138   0.379   0.
  2017 352  2  0 42 506 352.083825310       2.96     -1.80      6.38  0.        4059.951      -1476.366       2484.663    0.000  -0.138   0.379   0.
  2017 352  2  0 43 506 352.083836884       1.67      0.45      4.13  0.        4060.432      -1474.782       2487.476    0.000  -0.138   0.379   0.
  2017 352  2  0 44 506 352.083848458      -0.66      3.71     -0.79  0.        4060.910      -1473.197       2490.288    0.000  -0.138   0.379   0.
  2017 352  2  0 45 506 352.083860032       4.73      1.19      0.99  0.        4061.387      -1471.611       2493.099    0.000  -0.138   0.379   0.
  2017 352  2  0 46 506 352.083871606       1.48      0.71     -0.96  0.        4061.863      -1470.025       2495.910    0.000  -0.138   0.379   0.
  2017 352  2  0 47 506 352.083883180      -1.66      1.93     -4.16  0.        4062.337      -1468.438       2498.720    0.000  -0.138   0.379   0.
  2017 352  2  0 48 506 352.083894754      -2.17      2.00     -3.12  0.        4062.810      -1466.851       2501.528    0.000  -0.138   0.380   0.
  2017 352  2  0 49 506 352.083906328       1.81      1.15      0.69  0.        4063.282      -1465.263       2504.336    0.000  -0.138   0.380   0.
  2017 352  2  0 50 506 352.083917902       2.64      0.34      0.48  0.        4063.752      -1463.675       2507.143    0.000  -0.138   0.380   0.
  2017 352  2  0 51 506 352.083929476       1.48      1.07     -0.03  0.        4064.220      -1462.086       2509.950    0.000  -0.138   0.380   0.
  2017 352  2  0 52 506 352.083941050       1.21      1.75      0.41  0.        4064.688      -1460.497       2512.755    0.000  -0.138   0.380   0.
  2017 352  2  0 53 506 352.083952624      -0.46      1.56      0.98  0.        4065.154      -1458.907       2515.560    0.000  -0.138   0.380   0.
  2017 352  2  0 54 506 352.083964198      -0.10      0.97      1.32  0.        4065.618      -1457.317       2518.363    0.000  -0.138   0.379   0.
  2017 352  2  0 55 506 352.083975773       3.94      1.66     -0.32  0.        4066.081      -1455.726       2521.166    0.000  -0.138   0.379   0.
  2017 352  2  0 56 506 352.083987347       5.64      1.90      0.93  0.        4066.543      -1454.135       2523.968    0.000  -0.138   0.380   0.
  2017 352  2  0 57 506 352.083998921       5.15      2.57      0.97  0.        4067.004      -1452.543       2526.769    0.000  -0.138   0.380   0.
  2017 352  2  0 58 506 352.084010495       5.26      5.11      1.75  0.        4067.462      -1450.951       2529.569    0.000  -0.138   0.380   0.
  2017 352  2  0 59 506 352.084022069       5.07      3.21     -3.10  0.        4067.920      -1449.359       2532.368    0.000  -0.138   0.380   0.
  2017 352  2  1  0 506 352.084033641       0.22      5.34     -2.69  0.        4068.376      -1447.765       2535.167    0.000  -0.138   0.379   0.
  2017 352  2  1  1 506 352.084045214       1.33      1.16     -0.15  0.        4068.831      -1446.172       2537.964    0.000  -0.138   0.379   0.
  2017 352  2  1  2 506 352.084056788       0.73      0.65     -1.51  0.        4069.285      -1444.578       2540.761    0.000  -0.138   0.380   0.
  2017 352  2  1  3 506 352.084068362       1.00      1.54     -1.03  0.        4069.737      -1442.983       2543.557    0.000  -0.138   0.380   0.
  2017 352  2  1  4 506 352.084079936       1.54      0.27      0.20  0.        4070.187      -1441.388       2546.352    0.000  -0.138   0.380   0.
  2017 352  2  1  5 506 352.084091510       1.52      1.86      0.61  0.        4070.637      -1439.792       2549.146    0.000  -0.138   0.380   0.
  2017 352  2  1  6 506 352.084103085       2.98      0.05      0.47  0.        4071.085      -1438.196       2551.939    0.000  -0.138   0.379   0.
  2017 352  2  1  7 506 352.084114659       2.51     -0.68     -0.63  0.        4071.531      -1436.599       2554.732    0.000  -0.138   0.379   0.
  2017 352  2  1  8 506 352.084126233       1.12      1.87      0.17  0.        4071.976      -1435.002       2557.523    0.000  -0.138   0.379   0.
  2017 352  2  1  9 506 352.084137807       2.50      1.38      0.90  0.        4072.420      -1433.405       2560.314    0.000  -0.138   0.379   0.
  2017 352  2  1 10 506 352.084149381       0.22      1.19      1.01  0.        4072.862      -1431.807       2563.103    0.000  -0.138   0.380   0.
  2017 352  2  1 11 506 352.084160955       0.12      1.80      0.29  0.        4073.304      -1430.208       2565.892    0.000  -0.138   0.380   0.
  2017 352  2  1 12 506 352.084172529      -0.61      0.72     -0.68  0.        4073.743      -1428.609       2568.680    0.000  -0.138   0.379   0.
  2017 352  2  1 13 506 352.084184103       1.82      0.98      0.74  0.        4074.181      -1427.010       2571.467    0.000  -0.138   0.379   0.
  2017 352  2  1 14 506 352.084195677       2.75      0.30      1.32  0.        4074.618      -1425.410       2574.254    0.000  -0.138   0.379   0.
  2017 352  2  1 15 506 352.084207251       2.36      0.11      1.27  0.        4075.054      -1423.809       2577.039    0.000  -0.138   0.379   0.
  2017 352  2  1 16 506 352.084218825       0.55      2.31      1.01  0.        4075.488      -1422.208       2579.823    0.000  -0.138   0.380   0.
  2017 352  2  1 17 506 352.084230399       0.27      1.58      2.30  0.        4075.921      -1420.607       2582.607    0.000  -0.138   0.380   0.
  2017 352  2  1 18 506 352.084241973       1.47      1.69      1.32  0.        4076.352      -1419.005       2585.390    0.000  -0.138   0.379   0.
  2017 352  2  1 19 506 352.084253547       2.40      0.42      0.61  0.        4076.782      -1417.403       2588.172    0.000  -0.138   0.379   0.
  2017 352  2  1 20 506 352.084265122      -0.41      1.15     -0.65  0.        4077.211      -1415.800       2590.953    0.000  -0.138   0.379   0.
  2017 352  2  1 21 506 352.084276696      -2.94      4.20      2.63  0.        4077.638      -1414.196       2593.733    0.000  -0.138   0.379   0.
  2017 352  2  1 22 506 352.084288270       3.82      0.26      1.30  0.        4078.064      -1412.593       2596.513    0.000  -0.138   0.380   0.
  2017 352  2  1 23 506 352.084299844       2.68     -1.36      1.21  0.        4078.489      -1410.988       2599.291    0.000  -0.138   0.380   0.
  2017 352  2  1 24 506 352.084311418      -2.21     -1.28     -0.10  0.        4078.912      -1409.384       2602.069    0.000  -0.138   0.379   0.
  2017 352  2  1 25 506 352.084322992      -1.49      3.47      0.11  0.        4079.334      -1407.778       2604.845    0.000  -0.138   0.379   0.
  2017 352  2  1 26 506 352.084334566       0.51      0.79     -0.11  0.        4079.755      -1406.173       2607.621    0.000  -0.138   0.379   0.
  2017 352  2  1 27 506 352.084346140       1.81      0.90      0.96  0.        4080.174      -1404.567       2610.396    0.000  -0.138   0.379   0.
  2017 352  2  1 28 506 352.084357714       3.28      0.50     -1.70  0.        4080.592      -1402.960       2613.170    0.000  -0.138   0.380   0.
  2017 352  2  1 29 506 352.084369288       3.26      1.77     -1.20  0.        4081.008      -1401.353       2615.944    0.000  -0.138   0.380   0.
  2017 352  2  1 30 506 352.084380860       3.52      2.07     -0.27  0.        4081.423      -1399.745       2618.716    0.000  -0.138   0.379   0.
  2017 352  2  1 31 506 352.084392433       0.71      3.59     -1.40  0.        4081.837      -1398.137       2621.487    0.000  -0.138   0.379   0.
  2017 352  2  1 32 506 352.084404008      -4.24      4.43      1.05  0.        4082.249      -1396.529       2624.258    0.000  -0.138   0.380   0.
  2017 352  2  1 33 506 352.084415582       1.31      2.65     -0.79  0.        4082.660      -1394.920       2627.028    0.000  -0.138   0.380   0.
  2017 352  2  1 34 506 352.084427156       4.92      1.46     -3.49  0.        4083.070      -1393.311       2629.797    0.000  -0.138   0.379   0.
  2017 352  2  1 35 506 352.084438730       5.35      4.44     -3.29  0.        4083.478      -1391.701       2632.565    0.000  -0.138   0.380   0.
  2017 352  2  1 36 506 352.084450304       4.34      1.13     -0.90  0.        4083.885      -1390.091       2635.332    0.000  -0.138   0.379   0.
  2017 352  2  1 37 506 352.084461878       2.67      0.15     -0.19  0.        4084.291      -1388.480       2638.098    0.000  -0.138   0.379   0.
  2017 352  2  1 38 506 352.084473452      -0.93      2.50      0.69  0.        4084.695      -1386.868       2640.863    0.000  -0.138   0.380   0.
  2017 352  2  1 39 506 352.084485026       1.89      0.68      1.72  0.        4085.098      -1385.257       2643.628    0.000  -0.138   0.380   0.
  2017 352  2  1 40 506 352.084496600       0.51     -0.57      2.03  0.        4085.500      -1383.645       2646.391    0.000  -0.138   0.380   0.
  2017 352  2  1 41 506 352.084508174      -0.94      0.73      0.98  0.        4085.900      -1382.032       2649.154    0.000  -0.138   0.380   0.
  2017 352  2  1 42 506 352.084519748       1.42      1.30     -0.23  0.        4086.299      -1380.419       2651.916    0.000  -0.138   0.380   0.
  2017 352  2  1 43 506 352.084531322       1.84      1.52     -1.64  0.        4086.696      -1378.805       2654.677    0.000  -0.138   0.380   0.
  2017 352  2  1 44 506 352.084542896       0.08      0.99      0.05  0.        4087.092      -1377.191       2657.437    0.000  -0.138   0.379   0.
  2017 352  2  1 45 506 352.084554470      -1.18      2.17      1.13  0.        4087.487      -1375.577       2660.196    0.000  -0.138   0.379   0.
  2017 352  2  1 46 506 352.084566045      -0.28      2.77      2.45  0.        4087.881      -1373.962       2662.955    0.000  -0.138   0.380   0.
  2017 352  2  1 47 506 352.084577619       3.94     -0.05      0.05  0.        4088.273      -1372.347       2665.712    0.000  -0.138   0.380   0.
  2017 352  2  1 48 506 352.084589193       2.66      0.99      0.09  0.        4088.664      -1370.731       2668.469    0.000  -0.138   0.380   0.
  2017 352  2  1 49 506 352.084600767       0.48      2.90      0.86  0.        4089.053      -1369.115       2671.225    0.000  -0.138   0.380   0.
  2017 352  2  1 50 506 352.084612341       1.60      1.38      0.06  0.        4089.441      -1367.498       2673.979    0.000  -0.138   0.380   0.
  2017 352  2  1 51 506 352.084623915       1.69      0.92     -0.04  0.        4089.828      -1365.881       2676.733    0.000  -0.138   0.380   0.
  2017 352  2  1 52 506 352.084635489       0.29      1.70      1.62  0.        4090.214      -1364.264       2679.487    0.000  -0.138   0.380   0.
  2017 352  2  1 53 506 352.084647063       0.70      0.88      2.42  0.        4090.598      -1362.646       2682.239    0.000  -0.138   0.380   0.
  2017 352  2  1 54 506 352.084658637       2.02      2.70      0.05  0.        4090.981      -1361.027       2684.990    0.000  -0.138   0.380   0.
  2017 352  2  1 55 506 352.084670211       1.98      2.27      0.39  0.        4091.362      -1359.408       2687.741    0.000  -0.138   0.380   0.
  2017 352  2  1 56 506 352.084681785       3.51      1.22      0.48  0.        4091.742      -1357.789       2690.490    0.000  -0.138   0.380   0.
  2017 352  2  1 57 506 352.084693359       1.33      1.34     -0.25  0.        4092.121      -1356.169       2693.239    0.000  -0.138   0.380   0.
  2017 352  2  1 58 505 352.084704931       1.15      1.09      0.57  0.        4092.498      -1354.549       2695.987    0.000  -0.138   0.380   0.
  2017 352  2  1 59 505 352.084716505       1.23      0.87      0.72  0.        4092.875      -1352.928       2698.734    0.000  -0.138   0.380   0.
  2017 352  2  2  0 506 352.084728079       1.57      1.55      1.17  0.        4093.249      -1351.307       2701.480    0.000  -0.138   0.380   0.
  2017 352  2  2  1 506 352.084739653       0.03      2.14     -0.50  0.        4093.623      -1349.686       2704.225    0.000  -0.138   0.380   0.
  2017 352  2  2  2 506 352.084751227       0.54      1.28      0.59  0.        4093.995      -1348.064       2706.969    0.000  -0.138   0.380   0.
  2017 352  2  2  3 506 352.084762801      -0.47      1.71      0.50  0.        4094.366      -1346.441       2709.713    0.000  -0.138   0.380   0.
  2017 352  2  2  4 505 352.084774375       0.08      2.36      2.25  0.        4094.735      -1344.818       2712.455    0.000  -0.138   0.380   0.
  2017 352  2  2  5 505 352.084785949       4.41      0.37     -0.38  0.        4095.103      -1343.195       2715.197    0.000  -0.138   0.380   0.
  2017 352  2  2  6 505 352.084797523       3.94      0.27     -0.20  0.        4095.470      -1341.571       2717.938    0.000  -0.138   0.380   0.
  2017 352  2  2  7 505 352.084809097       0.67      1.56      0.15  0.        4095.836      -1339.947       2720.678    0.000  -0.138   0.380   0.
  2017 352  2  2  8 505 352.084820671      -2.14      2.81     -0.10  0.        4096.200      -1338.323       2723.417    0.000  -0.138   0.380   0.
  2017 352  2  2  9 506 352.084832245      -0.56      2.63      2.11  0.        4096.563      -1336.698       2726.155    0.000  -0.138   0.380   0.
  2017 352  2  2 10 506 352.084843819       4.24      0.61     -0.06  0.        4096.924      -1335.072       2728.892    0.000  -0.138   0.380   0.
  2017 352  2  2 11 505 352.084855394       2.66      2.20      1.09  0.        4097.285      -1333.446       2731.628    0.000  -0.138   0.380   0.
  2017 352  2  2 12 505 352.084866968       2.51      1.46      0.43  0.        4097.644      -1331.820       2734.364    0.000  -0.138   0.380   0.
  2017 352  2  2 13 506 352.084878542       2.31      0.68      0.59  0.        4098.001      -1330.193       2737.098    0.000  -0.138   0.380   0.
  2017 352  2  2 14 506 352.084890116       2.46      0.94     -0.48  0.        4098.357      -1328.566       2739.832    0.000  -0.138   0.380   0.
  2017 352  2  2 15 506 352.084901690       4.79      3.08     -2.00  0.        4098.712      -1326.939       2742.565    0.000  -0.138   0.380   0.
  2017 352  2  2 16 506 352.084913264      -0.46      5.41     -2.18  0.        4099.066      -1325.311       2745.297    0.000  -0.138   0.380   0.
  2017 352  2  2 17 506 352.084924838       2.11      1.14      0.49  0.        4099.418      -1323.682       2748.028    0.000  -0.138   0.380   0.
  2017 352  2  2 18 505 352.084936412       2.83      0.90      0.59  0.        4099.769      -1322.053       2750.758    0.000  -0.138   0.380   0.
  2017 352  2  2 19 505 352.084947986       2.51      1.53      0.50  0.        4100.119      -1320.424       2753.488    0.000  -0.138   0.380   0.
  2017 352  2  2 20 505 352.084959560       3.14      0.34      1.28  0.        4100.468      -1318.794       2756.216    0.000  -0.138   0.380   0.
  2017 352  2  2 21 505 352.084971134       5.06     -1.77      0.03  0.        4100.815      -1317.164       2758.944    0.000  -0.138   0.380   0.
  2017 352  2  2 22 505 352.084982708      -0.96      1.90     -3.47  0.        4101.160      -1315.534       2761.670    0.000  -0.138   0.380   0.
  2017 352  2  2 23 506 352.084994282       2.96      4.24      1.21  0.        4101.505      -1313.903       2764.396    0.000  -0.138   0.380   0.
  2017 352  2  2 24 506 352.085005856       2.78      0.44      0.16  0.        4101.848      -1312.271       2767.121    0.000  -0.138   0.380   0.
  2017 352  2  2 25 505 352.085017431       0.47      1.01     -0.31  0.        4102.190      -1310.640       2769.845    0.000  -0.138   0.380   0.
  2017 352  2  2 26 505 352.085029005      -1.32      1.96      0.35  0.        4102.530      -1309.007       2772.568    0.000  -0.138   0.380   0.
  2017 352  2  2 27 506 352.085040579      -2.82      4.67      2.27  0.        4102.870      -1307.375       2775.290    0.000  -0.138   0.380   0.
  2017 352  2  2 28 506 352.085052151       2.52      0.80      0.79  0.        4103.208      -1305.742       2778.012    0.000  -0.138   0.380   0.
  2017 352  2  2 29 505 352.085063724       5.09     -0.85     -0.65  0.        4103.544      -1304.108       2780.732    0.000  -0.138   0.380   0.
  2017 352  2  2 30 505 352.085075298       2.60      2.64     -1.00  0.        4103.880      -1302.474       2783.452    0.000  -0.138   0.380   0.
  2017 352  2  2 31 505 352.085086872       0.28      1.39      1.28  0.        4104.214      -1300.840       2786.171    0.000  -0.138   0.380   0.
  2017 352  2  2 32 505 352.085098446       1.45     -2.88     -5.91  0.        4104.547      -1299.205       2788.888    0.000  -0.138   0.380   0.
  2017 352  2  2 33 505 352.085110020      -1.39     -1.49     -7.44  0.        4104.878      -1297.570       2791.605    0.000  -0.138   0.380   0.
  2017 352  2  2 34 505 352.085121594      -4.42      3.96     -5.19  0.        4105.208      -1295.935       2794.321    0.000  -0.138   0.380   0.
  2017 352  2  2 35 505 352.085133168       2.56      3.15     -1.18  0.        4105.537      -1294.299       2797.037    0.000  -0.138   0.380   0.
  2017 352  2  2 36 505 352.085144742       5.37      1.90     -0.71  0.        4105.865      -1292.662       2799.751    0.000  -0.138   0.380   0.
  2017 352  2  2 37 505 352.085156317       5.96     -0.39      2.91  0.        4106.191      -1291.026       2802.464    0.000  -0.138   0.380   0.
  2017 352  2  2 38 505 352.085167891       1.00     -1.17     -2.27  0.        4106.516      -1289.389       2805.177    0.000  -0.138   0.380   0.
  2017 352  2  2 39 505 352.085179465       4.66     -0.42     -1.51  0.        4106.839      -1287.751       2807.889    0.000  -0.138   0.380   0.
  2017 352  2  2 40 505 352.085191039       1.00     -1.76     -3.71  0.        4107.162      -1286.113       2810.599    0.000  -0.138   0.380   0.
  2017 352  2  2 41 505 352.085202613      -2.01      1.07     -3.13  0.        4107.483      -1284.475       2813.309    0.000  -0.138   0.380   0.
  2017 352  2  2 42 505 352.085214187      -4.06      5.63     -1.15  0.        4107.803      -1282.836       2816.018    0.000  -0.138   0.380   0.
  2017 352  2  2 43 505 352.085225761       2.53      1.89      1.57  0.        4108.121      -1281.197       2818.726    0.000  -0.138   0.380   0.
  2017 352  2  2 44 505 352.085237335       2.82     -1.99      0.30  0.        4108.438      -1279.557       2821.433    0.000  -0.138   0.380   0.
  2017 352  2  2 45 505 352.085248909      -0.14      3.08     -2.82  0.        4108.754      -1277.917       2824.140    0.000  -0.138   0.380   0.
  2017 352  2  2 46 505 352.085260483       3.38      2.36      1.11  0.        4109.069      -1276.277       2826.845    0.000  -0.138   0.380   0.
  2017 352  2  2 47 505 352.085272057       5.95      1.72      0.13  0.        4109.382      -1274.636       2829.549    0.000  -0.138   0.380   0.
  2017 352  2  2 48 505 352.085283631       4.16      1.51     -0.52  0.        4109.694      -1272.995       2832.253    0.000  -0.138   0.380   0.
  2017 352  2  2 49 505 352.085295205       1.05      2.43     -1.11  0.        4110.005      -1271.353       2834.956    0.000  -0.138   0.380   0.
  2017 352  2  2 50 505 352.085306779       0.95      6.70     -0.59  0.        4110.315      -1269.711       2837.658    0.000  -0.138   0.380   0.
  2017 352  2  2 51 505 352.085318354       2.29      1.41      0.07  0.        4110.623      -1268.069       2840.359    0.000  -0.138   0.380   0.
  2017 352  2  2 52 505 352.085329928       3.43      1.04      0.11  0.        4110.930      -1266.426       2843.059    0.000  -0.138   0.380   0.
  2017 352  2  2 53 505 352.085341502       4.21      3.29     -2.38  0.        4111.235      -1264.783       2845.758    0.000  -0.138   0.380   0.
  2017 352  2  2 54 505 352.085353076       1.80      2.71     -2.72  0.        4111.540      -1263.140       2848.456    0.000  -0.138   0.380   0.
  2017 352  2  2 55 505 352.085364650      -1.98      3.13      0.99  0.        4111.843      -1261.496       2851.154    0.000  -0.138   0.380   0.
  2017 352  2  2 56 505 352.085376224       0.85      2.61      1.33  0.        4112.145      -1259.851       2853.850    0.000  -0.138   0.380   0.
  2017 352  2  2 57 505 352.085387798       3.04      2.40      0.22  0.        4112.445      -1258.207       2856.546    0.000  -0.138   0.380   0.
  2017 352  2  2 58 505 352.085399370       2.32      2.59      0.03  0.        4112.744      -1256.562       2859.241    0.000  -0.138   0.380   0.
  2017 352  2  2 59 505 352.085410943       2.42      1.26     -2.38  0.        4113.042      -1254.916       2861.935    0.000  -0.138   0.380   0.
  2017 352  2  3  0 505 352.085422517      -0.07      0.15     -0.49  0.        4113.339      -1253.270       2864.628    0.000  -0.138   0.380   0.
  2017 352  2  3  1 505 352.085434091      -0.98      2.04      0.49  0.        4113.635      -1251.624       2867.320    0.000  -0.138   0.380   0.
  2017 352  2  3  2 505 352.085445666       0.97      1.74      0.68  0.        4113.929      -1249.977       2870.011    0.000  -0.138   0.380   0.
  2017 352  2  3  3 505 352.085457240       2.53      1.55     -0.18  0.        4114.222      -1248.330       2872.701    0.000  -0.138   0.380   0.
  2017 352  2  3  4 505 352.085468814       1.61      0.99      0.07  0.        4114.513      -1246.683       2875.391    0.000  -0.138   0.380   0.
  2017 352  2  3  5 505 352.085480388       2.39      1.00     -1.15  0.        4114.804      -1245.035       2878.079    0.000  -0.138   0.380   0.
  2017 352  2  3  6 505 352.085491962       3.44      0.40      0.52  0.        4115.092      -1243.387       2880.767    0.000  -0.138   0.380   0.
  2017 352  2  3  7 505 352.085503536       3.92      1.44     -0.26  0.        4115.380      -1241.738       2883.454    0.000  -0.138   0.380   0.
  2017 352  2  3  8 505 352.085515110       2.70      3.19     -2.08  0.        4115.667      -1240.089       2886.139    0.000  -0.138   0.380   0.
  2017 352  2  3  9 505 352.085526684       0.30      0.99     -0.00  0.        4115.952      -1238.440       2888.824    0.000  -0.138   0.380   0.
  2017 352  2  3 10 505 352.085538258       1.78      1.96      1.03  0.        4116.236      -1236.790       2891.508    0.000  -0.138   0.380   0.
  2017 352  2  3 11 505 352.085549832       1.54      0.94     -0.75  0.        4116.519      -1235.140       2894.192    0.000  -0.138   0.380   0.
  2017 352  2  3 12 505 352.085561406      -0.20      1.50     -0.36  0.        4116.801      -1233.490       2896.874    0.000  -0.138   0.380   0.
  2017 352  2  3 13 505 352.085572980       1.24      1.35      0.43  0.        4117.081      -1231.839       2899.555    0.000  -0.138   0.380   0.
  2017 352  2  3 14 505 352.085584554       2.18      0.91     -0.85  0.        4117.360      -1230.187       2902.236    0.000  -0.138   0.380   0.
  2017 352  2  3 15 505 352.085596129       0.44      1.46      0.06  0.        4117.637      -1228.536       2904.915    0.000  -0.138   0.380   0.
  2017 352  2  3 16 505 352.085607703       0.39      2.42      1.16  0.        4117.914      -1226.884       2907.594    0.000  -0.138   0.380   0.
  2017 352  2  3 17 505 352.085619277       1.77     -0.12     -0.11  0.        4118.189      -1225.231       2910.272    0.000  -0.138   0.380   0.
  2017 352  2  3 18 505 352.085630851       2.14     -0.30      0.07  0.        4118.463      -1223.579       2912.949    0.000  -0.138   0.380   0.
  2017 352  2  3 19 505 352.085642425       0.70      0.10     -0.26  0.        4118.736      -1221.926       2915.625    0.000  -0.138   0.380   0.
  2017 352  2  3 20 505 352.085653999       0.68      1.98     -0.14  0.        4119.007      -1220.272       2918.300    0.000  -0.138   0.380   0.
  2017 352  2  3 21 505 352.085665573       1.02      1.14     -0.36  0.        4119.277      -1218.618       2920.974    0.000  -0.138   0.380   0.
  2017 352  2  3 22 505 352.085677147       0.67      1.54      0.09  0.        4119.546      -1216.964       2923.648    0.000  -0.138   0.380   0.
  2017 352  2  3 23 505 352.085688721       1.59      0.68      0.09  0.        4119.814      -1215.309       2926.320    0.000  -0.138   0.380   0.
  2017 352  2  3 24 505 352.085700295       1.93      0.71     -0.46  0.        4120.080      -1213.654       2928.992    0.000  -0.138   0.380   0.
  2017 352  2  3 25 505 352.085711869       0.50      1.41     -0.01  0.        4120.345      -1211.999       2931.663    0.000  -0.138   0.380   0.
  2017 352  2  3 26 505 352.085723441       1.55      0.54      0.28  0.        4120.609      -1210.343       2934.332    0.000  -0.138   0.380   0.
  2017 352  2  3 27 505 352.085735014       2.44      0.41      0.60  0.        4120.872      -1208.687       2937.001    0.000  -0.138   0.380   0.
  2017 352  2  3 28 505 352.085746589       2.02      0.22     -0.32  0.        4121.133      -1207.031       2939.669    0.000  -0.138   0.380   0.
  2017 352  2  3 29 505 352.085758163      -1.71      3.40     -1.50  0.        4121.393      -1205.374       2942.336    0.000  -0.138   0.380   0.
  2017 352  2  3 30 505 352.085769737       2.47      0.83      0.82  0.        4121.652      -1203.717       2945.003    0.000  -0.138   0.380   0.
  2017 352  2  3 31 505 352.085781311       2.40      0.09      0.17  0.        4121.910      -1202.059       2947.668    0.000  -0.138   0.380   0.
  2017 352  2  3 32 505 352.085792885       1.03      0.55     -0.21  0.        4122.166      -1200.401       2950.332    0.000  -0.138   0.380   0.
  2017 352  2  3 33 505 352.085804459       0.51      0.89      0.03  0.        4122.421      -1198.743       2952.996    0.000  -0.138   0.380   0.
  2017 352  2  3 34 505 352.085816033       0.41      3.87      0.46  0.        4122.675      -1197.085       2955.659    0.000  -0.138   0.380   0.
  2017 352  2  3 35 505 352.085827607       3.85      0.30     -0.37  0.        4122.928      -1195.426       2958.320    0.000  -0.138   0.380   0.
  2017 352  2  3 36 505 352.085839181       1.94      1.09     -1.20  0.        4123.179      -1193.766       2960.981    0.000  -0.138   0.380   0.
  2017 352  2  3 37 505 352.085850755       2.18      1.20     -0.22  0.        4123.429      -1192.107       2963.641    0.000  -0.138   0.380   0.
  2017 352  2  3 38 505 352.085862329       0.48      1.41     -0.48  0.        4123.678      -1190.446       2966.300    0.000  -0.138   0.380   0.
  2017 352  2  3 39 505 352.085873903      -0.65      1.53     -0.01  0.        4123.926      -1188.786       2968.958    0.000  -0.138   0.380   0.
  2017 352  2  3 40 505 352.085885477       1.60      2.05      1.72  0.        4124.172      -1187.125       2971.616    0.000  -0.138   0.380   0.
  2017 352  2  3 41 505 352.085897052       4.12      1.47      4.42  0.        4124.417      -1185.464       2974.273    0.000  -0.138   0.380   0.
  2017 352  2  3 42 505 352.085908626       6.29     -2.02      3.02  0.        4124.661      -1183.803       2976.928    0.000  -0.138   0.380   0.
  2017 352  2  3 43 505 352.085920200       2.73      1.06      0.49  0.        4124.904      -1182.141       2979.582    0.000  -0.138   0.380   0.
  2017 352  2  3 44 505 352.085931774      -0.47      3.00      0.74  0.        4125.146      -1180.479       2982.236    0.000  -0.138   0.380   0.
  2017 352  2  3 45 505 352.085943348       2.63     -1.09      3.85  0.        4125.386      -1178.816       2984.889    0.000  -0.138   0.380   0.
  2017 352  2  3 46 505 352.085954922       0.41     -4.63      2.07  0.        4125.625      -1177.153       2987.541    0.000  -0.138   0.380   0.
  2017 352  2  3 47 505 352.085966496      -1.62     -0.35     -1.40  0.        4125.863      -1175.490       2990.192    0.000  -0.138   0.380   0.
  2017 352  2  3 48 505 352.085978070      -3.67      2.44     -2.56  0.        4126.099      -1173.826       2992.842    0.000  -0.138   0.380   0.
  2017 352  2  3 49 505 352.085989644       2.37      1.09      0.60  0.        4126.335      -1172.162       2995.491    0.000  -0.138   0.380   0.
  2017 352  2  3 50 505 352.086001218       2.47     -2.03     -1.60  0.        4126.569      -1170.498       2998.139    0.000  -0.138   0.380   0.
  2017 352  2  3 51 505 352.086012792      -0.14      1.33     -3.48  0.        4126.801      -1168.833       3000.787    0.000  -0.138   0.380   0.
  2017 352  2  3 52 505 352.086024366       2.99      1.27     -0.18  0.        4127.033      -1167.168       3003.433    0.000  -0.138   0.380   0.
  2017 352  2  3 53 505 352.086035940       2.46      1.00     -1.00  0.        4127.263      -1165.503       3006.079    0.000  -0.138   0.380   0.
  2017 352  2  3 54 505 352.086047514       2.30      1.89     -0.26  0.        4127.493      -1163.837       3008.724    0.000  -0.138   0.380   0.
  2017 352  2  3 55 505 352.086059089       3.07     -0.30      0.26  0.        4127.721      -1162.171       3011.367    0.000  -0.138   0.380   0.
  2017 352  2  3 56 505 352.086070660       1.13      2.32     -0.17  0.        4127.947      -1160.505       3014.010    0.000  -0.138   0.380   0.
  2017 352  2  3 57 505 352.086082234       2.63      1.67      0.13  0.        4128.173      -1158.838       3016.653    0.000  -0.138   0.380   0.
  2017 352  2  3 58 505 352.086093808       2.26      0.10     -1.70  0.        4128.397      -1157.171       3019.294    0.000  -0.138   0.380   0.
  2017 352  2  3 59 505 352.086105382       1.11      1.86     -1.84  0.        4128.620      -1155.504       3021.934    0.000  -0.138   0.380   0.
  2017 352  2  4  0 504 352.086116956       1.59     -0.92     -0.77  0.        4128.842      -1153.836       3024.573    0.000  -0.138   0.380   0.
  2017 352  2  4  1 504 352.086128530       0.15      1.24     -0.59  0.        4129.063      -1152.168       3027.212    0.000  -0.138   0.380   0.
  2017 352  2  4  2 504 352.086140104       3.05      1.68     -0.48  0.        4129.282      -1150.499       3029.849    0.000  -0.138   0.380   0.
  2017 352  2  4  3 504 352.086151678       1.53      0.60     -1.57  0.        4129.500      -1148.831       3032.486    0.000  -0.138   0.380   0.
  2017 352  2  4  4 504 352.086163252       2.96      0.53      0.04  0.        4129.717      -1147.162       3035.122    0.000  -0.138   0.380   0.
  2017 352  2  4  5 505 352.086174826       3.46      1.08      0.11  0.        4129.933      -1145.492       3037.757    0.000  -0.138   0.380   0.
  2017 352  2  4  6 505 352.086186400       5.84     -0.58     -3.82  0.        4130.147      -1143.822       3040.391    0.000  -0.138   0.380   0.
  2017 352  2  4  7 504 352.086197975       3.27      2.39     -3.18  0.        4130.361      -1142.152       3043.024    0.000  -0.138   0.380   0.
  2017 352  2  4  8 504 352.086209549       5.38      1.75     -0.86  0.        4130.573      -1140.482       3045.656    0.000  -0.138   0.380   0.
  2017 352  2  4  9 505 352.086221123       0.46      3.54     -1.18  0.        4130.784      -1138.811       3048.287    0.000  -0.138   0.380   0.
  2017 352  2  4 10 505 352.086232697      -0.78      3.24      0.29  0.        4130.993      -1137.140       3050.918    0.000  -0.138   0.380   0.
  2017 352  2  4 11 505 352.086244271       3.30      0.03     -1.28  0.        4131.202      -1135.468       3053.547    0.000  -0.138   0.380   0.
  2017 352  2  4 12 505 352.086255845       2.07      1.44     -0.02  0.        4131.409      -1133.796       3056.176    0.000  -0.138   0.380   0.
  2017 352  2  4 13 505 352.086267419       1.21      2.95      0.25  0.        4131.615      -1132.124       3058.803    0.000  -0.138   0.380   0.
  2017 352  2  4 14 504 352.086278993       1.08     -0.37      0.16  0.        4131.820      -1130.452       3061.430    0.000  -0.138   0.380   0.
  2017 352  2  4 15 504 352.086290567       0.30      2.28     -0.57  0.        4132.023      -1128.779       3064.056    0.000  -0.138   0.380   0.
  2017 352  2  4 16 504 352.086302141       1.40      0.91      0.47  0.        4132.226      -1127.106       3066.681    0.000  -0.138   0.380   0.
  2017 352  2  4 17 504 352.086313715      -0.13      0.12     -1.39  0.        4132.427      -1125.433       3069.305    0.000  -0.138   0.380   0.
  2017 352  2  4 18 505 352.086325289       0.52      2.48     -0.54  0.        4132.627      -1123.759       3071.928    0.000  -0.138   0.380   0.
  2017 352  2  4 19 505 352.086336863       2.50      0.28     -0.62  0.        4132.826      -1122.085       3074.551    0.000  -0.138   0.380   0.
  2017 352  2  4 20 504 352.086348437       1.47      1.21     -0.54  0.        4133.023      -1120.410       3077.172    0.000  -0.138   0.380   0.
  2017 352  2  4 21 504 352.086360012      -0.15      1.05      0.80  0.        4133.220      -1118.735       3079.793    0.000  -0.138   0.380   0.
  2017 352  2  4 22 504 352.086371586       1.24      1.04     -0.68  0.        4133.415      -1117.060       3082.412    0.000  -0.138   0.380   0.
  2017 352  2  4 23 505 352.086383160       0.65      1.22     -1.80  0.        4133.609      -1115.385       3085.031    0.000  -0.138   0.380   0.
  2017 352  2  4 24 505 352.086394734      -0.24      0.89     -0.20  0.        4133.802      -1113.709       3087.649    0.000  -0.138   0.380   0.
  2017 352  2  4 25 505 352.086406308       1.52      1.83      0.91  0.        4133.993      -1112.033       3090.266    0.000  -0.138   0.380   0.
  2017 352  2  4 26 505 352.086417880       1.73      1.56     -0.13  0.        4134.183      -1110.357       3092.882    0.000  -0.138   0.380   0.
  2017 352  2  4 27 504 352.086429453       1.05      2.40      0.89  0.        4134.373      -1108.680       3095.497    0.000  -0.138   0.380   0.
  2017 352  2  4 28 504 352.086441027       3.46      1.14      0.05  0.        4134.561      -1107.003       3098.111    0.000  -0.138   0.380   0.
  2017 352  2  4 29 504 352.086452601       0.85      1.93     -0.73  0.        4134.747      -1105.326       3100.724    0.000  -0.138   0.380   0.
  2017 352  2  4 30 504 352.086464175       2.21      0.85      0.21  0.        4134.933      -1103.648       3103.337    0.000  -0.138   0.380   0.
  2017 352  2  4 31 504 352.086475749       4.29      1.70     -1.10  0.        4135.117      -1101.970       3105.948    0.000  -0.138   0.380   0.
  2017 352  2  4 32 504 352.086487323       2.87      3.04     -0.88  0.        4135.300      -1100.292       3108.559    0.000  -0.138   0.380   0.
  2017 352  2  4 33 504 352.086498898       0.37      3.15      0.33  0.        4135.482      -1098.613       3111.169    0.000  -0.138   0.380   0.
  2017 352  2  4 34 504 352.086510472       2.10      1.07      0.34  0.        4135.663      -1096.934       3113.777    0.000  -0.138   0.380   0.
  2017 352  2  4 35 504 352.086522046       2.90      1.22     -1.44  0.        4135.843      -1095.255       3116.385    0.000  -0.138   0.380   0.
  2017 352  2  4 36 504 352.086533620       0.72      1.49     -0.51  0.        4136.021      -1093.575       3118.992    0.000  -0.138   0.380   0.
  2017 352  2  4 37 504 352.086545194       1.09      0.84     -0.74  0.        4136.198      -1091.895       3121.598    0.000  -0.138   0.380   0.
  2017 352  2  4 38 504 352.086556768       2.25      0.14     -0.74  0.        4136.374      -1090.215       3124.204    0.000  -0.138   0.380   0.
  2017 352  2  4 39 504 352.086568342       0.33      1.93     -0.60  0.        4136.549      -1088.535       3126.808    0.000  -0.138   0.380   0.
  2017 352  2  4 40 504 352.086579916       0.94      1.28      0.20  0.        4136.723      -1086.854       3129.411    0.000  -0.138   0.380   0.
  2017 352  2  4 41 504 352.086591490       2.52      1.48     -0.06  0.        4136.895      -1085.173       3132.014    0.000  -0.138   0.380   0.
  2017 352  2  4 42 504 352.086603064       4.88      1.23     -2.03  0.        4137.067      -1083.491       3134.615    0.000  -0.138   0.380   0.
  2017 352  2  4 43 504 352.086614638       3.06      2.15     -1.70  0.        4137.237      -1081.810       3137.216    0.000  -0.138   0.380   0.
  2017 352  2  4 44 504 352.086626212       0.95      2.23     -0.98  0.        4137.406      -1080.128       3139.816    0.000  -0.138   0.380   0.
  2017 352  2  4 45 504 352.086637786       1.85      0.32      0.46  0.        4137.573      -1078.445       3142.415    0.000  -0.138   0.380   0.
  2017 352  2  4 46 504 352.086649361       3.03     -0.13      1.14  0.        4137.740      -1076.762       3145.013    0.000  -0.138   0.380   0.
  2017 352  2  4 47 504 352.086660935       2.00     -0.46     -0.88  0.        4137.905      -1075.080       3147.610    0.000  -0.138   0.380   0.
  2017 352  2  4 48 504 352.086672509      -1.20      4.82     -2.60  0.        4138.069      -1073.396       3150.206    0.000  -0.138   0.380   0.
  2017 352  2  4 49 504 352.086684083       3.14     -0.37     -0.66  0.        4138.232      -1071.713       3152.802    0.000  -0.138   0.380   0.
  2017 352  2  4 50 504 352.086695657       4.61     -0.69      0.38  0.        4138.394      -1070.029       3155.396    0.000  -0.138   0.380   0.
  2017 352  2  4 51 504 352.086707231       2.88     -0.56     -0.55  0.        4138.555      -1068.345       3157.989    0.000  -0.138   0.380   0.
  2017 352  2  4 52 504 352.086718805       1.09     -0.10     -1.82  0.        4138.714      -1066.660       3160.582    0.000  -0.138   0.380   0.
  2017 352  2  4 53 504 352.086730379      -1.17      3.47      0.62  0.        4138.873      -1064.975       3163.174    0.000  -0.138   0.380   0.
  2017 352  2  4 54 504 352.086741953       2.76      0.03     -0.26  0.        4139.030      -1063.290       3165.765    0.000  -0.138   0.380   0.
  2017 352  2  4 55 504 352.086753527       2.49      1.55     -0.92  0.        4139.186      -1061.605       3168.355    0.000  -0.138   0.380   0.
  2017 352  2  4 56 504 352.086765099       1.66      1.83      0.12  0.        4139.340      -1059.919       3170.943    0.000  -0.138   0.380   0.
  2017 352  2  4 57 504 352.086776672       3.27      2.02     -1.11  0.        4139.494      -1058.233       3173.532    0.000  -0.138   0.380   0.
  2017 352  2  4 58 504 352.086788247       3.20      2.33     -3.39  0.        4139.646      -1056.547       3176.119    0.000  -0.138   0.380   0.
  2017 352  2  4 59 504 352.086799821      -0.74      0.45     -0.38  0.        4139.798      -1054.860       3178.705    0.000  -0.138   0.380   0.
  2017 352  2  5  0 504 352.086811395       3.07      2.03      0.37  0.        4139.948      -1053.173       3181.290    0.000  -0.138   0.380   0.
  2017 352  2  5  1 504 352.086822969       6.64      1.91     -1.38  0.        4140.096      -1051.486       3183.875    0.000  -0.138   0.380   0.
  2017 352  2  5  2 504 352.086834543       4.84      3.95     -0.67  0.        4140.244      -1049.798       3186.459    0.000  -0.138   0.380   0.
  2017 352  2  5  3 504 352.086846117       6.48      2.58     -0.58  0.        4140.391      -1048.111       3189.041    0.000  -0.138   0.380   0.
  2017 352  2  5  4 504 352.086857691       5.55      3.85     -0.87  0.        4140.536      -1046.422       3191.623    0.000  -0.138   0.380   0.
  2017 352  2  5  5 504 352.086869265       2.59      4.61     -0.63  0.        4140.680      -1044.734       3194.204    0.000  -0.138   0.380   0.
  2017 352  2  5  6 504 352.086880839      -0.16      6.53     -2.18  0.        4140.823      -1043.045       3196.784    0.000  -0.138   0.380   0.
  2017 352  2  5  7 504 352.086892413      -2.57      4.56     -2.27  0.        4140.965      -1041.356       3199.363    0.000  -0.138   0.380   0.
  2017 352  2  5  8 504 352.086903987       0.26      3.21     -1.55  0.        4141.106      -1039.667       3201.941    0.000  -0.138   0.380   0.
  2017 352  2  5  9 504 352.086915561       2.00     -0.08     -0.14  0.        4141.246      -1037.977       3204.518    0.000  -0.138   0.380   0.
  2017 352  2  5 10 504 352.086927135      -0.12      1.77     -0.07  0.        4141.384      -1036.288       3207.095    0.000  -0.138   0.380   0.
  2017 352  2  5 11 504 352.086938709       1.48      1.13      0.28  0.        4141.521      -1034.597       3209.670    0.000  -0.138   0.380   0.
  2017 352  2  5 12 504 352.086950284       2.73      0.38      0.10  0.        4141.657      -1032.907       3212.245    0.000  -0.138   0.380   0.
  2017 352  2  5 13 504 352.086961858       1.87      1.14      0.41  0.        4141.792      -1031.216       3214.819    0.000  -0.138   0.380   0.
  2017 352  2  5 14 504 352.086973432       0.63      2.36      0.47  0.        4141.926      -1029.525       3217.391    0.000  -0.138   0.380   0.
  2017 352  2  5 15 504 352.086985006       4.69      1.08     -1.17  0.        4142.059      -1027.834       3219.963    0.000  -0.138   0.380   0.
  2017 352  2  5 16 504 352.086996580       2.24      1.31     -0.78  0.        4142.190      -1026.142       3222.534    0.000  -0.138   0.380   0.
  2017 352  2  5 17 504 352.087008154       1.46      2.09      0.06  0.        4142.320      -1024.450       3225.104    0.000  -0.138   0.380   0.
  2017 352  2  5 18 504 352.087019728       0.14      1.18     -0.74  0.        4142.449      -1022.758       3227.673    0.000  -0.138   0.380   0.
  2017 352  2  5 19 504 352.087031302      -2.48      1.42     -2.04  0.        4142.577      -1021.066       3230.242    0.000  -0.138   0.380   0.
  2017 352  2  5 20 504 352.087042876      -1.22      3.03      0.37  0.        4142.704      -1019.373       3232.809    0.000  -0.138   0.380   0.
  2017 352  2  5 21 504 352.087054450       4.67      0.81     -0.18  0.        4142.830      -1017.680       3235.375    0.000  -0.138   0.380   0.
  2017 352  2  5 22 504 352.087066024       6.51      1.04      0.45  0.        4142.954      -1015.987       3237.941    0.000  -0.138   0.380   0.
  2017 352  2  5 23 504 352.087077598       5.45      0.43     -1.30  0.        4143.078      -1014.293       3240.506    0.000  -0.138   0.380   0.
  2017 352  2  5 24 504 352.087089172       2.67      0.54     -2.08  0.        4143.200      -1012.599       3243.069    0.000  -0.138   0.380   0.
  2017 352  2  5 25 504 352.087100747      -0.11      1.04     -2.52  0.        4143.321      -1010.905       3245.632    0.000  -0.138   0.380   0.
  2017 352  2  5 26 504 352.087112318      -4.48      2.60     -3.62  0.        4143.441      -1009.211       3248.194    0.000  -0.138   0.380   0.
  2017 352  2  5 27 504 352.087123892       0.43      1.79     -0.20  0.        4143.560      -1007.516       3250.755    0.000  -0.138   0.380   0.
  2017 352  2  5 28 504 352.087135466       4.75      0.28      1.48  0.        4143.677      -1005.821       3253.315    0.000  -0.138   0.380   0.
  2017 352  2  5 29 504 352.087147040       3.15      4.17      1.06  0.        4143.794      -1004.125       3255.875    0.000  -0.138   0.380   0.
  2017 352  2  5 30 504 352.087158614       4.06     -0.61      0.62  0.        4143.909      -1002.430       3258.433    0.000  -0.138   0.380   0.
  2017 352  2  5 31 504 352.087170188       1.26      0.01     -4.44  0.        4144.023      -1000.734       3260.990    0.000  -0.138   0.380   0.
  2017 352  2  5 32 504 352.087181762       0.53      3.43     -1.82  0.        4144.136       -999.038       3263.547    0.000  -0.138   0.380   0.
  2017 352  2  5 33 504 352.087193336       0.51      3.72      0.29  0.        4144.248       -997.342       3266.102    0.000  -0.138   0.380   0.
  2017 352  2  5 34 504 352.087204910      -0.14      3.15     -0.44  0.        4144.359       -995.645       3268.657    0.000  -0.138   0.380   0.
  2017 352  2  5 35 504 352.087216484      -0.63      3.13     -3.20  0.        4144.468       -993.948       3271.211    0.000  -0.138   0.380   0.
  2017 352  2  5 36 504 352.087228058       1.44      1.49     -0.50  0.        4144.577       -992.251       3273.764    0.000  -0.138   0.380   0.
  2017 352  2  5 37 504 352.087239633       1.23      2.46      0.29  0.        4144.684       -990.554       3276.316    0.000  -0.138   0.380   0.
  2017 352  2  5 38 504 352.087251207       0.05      1.49      0.59  0.        4144.790       -988.856       3278.867    0.000  -0.138   0.380   0.
  2017 352  2  5 39 504 352.087262781      -0.39      0.82      0.07  0.        4144.895       -987.158       3281.417    0.000  -0.138   0.380   0.
  2017 352  2  5 40 504 352.087274355       2.90      2.58     -0.25  0.        4144.999       -985.460       3283.966    0.000  -0.138   0.380   0.
  2017 352  2  5 41 504 352.087285929       3.14      1.70     -0.14  0.        4145.102       -983.761       3286.515    0.000  -0.138   0.380   0.
  2017 352  2  5 42 504 352.087297503       3.39      0.10     -0.23  0.        4145.204       -982.062       3289.062    0.000  -0.138   0.380   0.
  2017 352  2  5 43 504 352.087309077       2.04      0.46     -0.34  0.        4145.304       -980.363       3291.609    0.000  -0.138   0.380   0.
  2017 352  2  5 44 504 352.087320651      -1.28      2.32     -0.55  0.        4145.403       -978.664       3294.155    0.000  -0.138   0.380   0.
  2017 352  2  5 45 504 352.087332225      -0.38      2.55     -0.24  0.        4145.502       -976.964       3296.699    0.000  -0.138   0.380   0.
  2017 352  2  5 46 504 352.087343799       2.47      1.17     -0.21  0.        4145.598       -975.264       3299.243    0.000  -0.138   0.380   0.
  2017 352  2  5 47 504 352.087355373       0.81      1.90      0.19  0.        4145.695       -973.564       3301.786    0.000  -0.138   0.380   0.
  2017 352  2  5 48 504 352.087366947       2.74      1.04      0.11  0.        4145.789       -971.864       3304.328    0.000  -0.138   0.380   0.
  2017 352  2  5 49 504 352.087378521       1.89      1.71     -0.21  0.        4145.883       -970.163       3306.869    0.000  -0.138   0.380   0.
  2017 352  2  5 50 504 352.087390095       1.22      0.08     -1.01  0.        4145.976       -968.462       3309.410    0.000  -0.138   0.380   0.
  2017 352  2  5 51 504 352.087401670       0.11      0.82     -1.09  0.        4146.067       -966.761       3311.949    0.000  -0.138   0.380   0.
  2017 352  2  5 52 504 352.087413244       0.82      0.46     -0.58  0.        4146.157       -965.059       3314.488    0.000  -0.138   0.380   0.
  2017 352  2  5 53 504 352.087424818       3.19     -0.05     -0.42  0.        4146.247       -963.357       3317.025    0.000  -0.138   0.380   0.
  2017 352  2  5 54 504 352.087436392       1.68      1.02     -0.59  0.        4146.335       -961.656       3319.562    0.000  -0.138   0.380   0.
  2017 352  2  5 55 504 352.087447966       2.50      0.75     -0.69  0.        4146.422       -959.953       3322.097    0.000  -0.138   0.380   0.
  2017 352  2  5 56 503 352.087459538       1.65      0.95      0.01  0.        4146.507       -958.251       3324.632    0.000  -0.138   0.380   0.
  2017 352  2  5 57 503 352.087471111       1.43      1.61      0.04  0.        4146.592       -956.548       3327.166    0.000  -0.138   0.380   0.
  2017 352  2  5 58 503 352.087482685       1.56      1.78     -0.61  0.        4146.675       -954.845       3329.699    0.000  -0.138   0.380   0.
  2017 352  2  5 59 503 352.087494259       2.40      0.80     -1.20  0.        4146.758       -953.142       3332.231    0.000  -0.138   0.380   0.
  2017 352  2  6  0 503 352.087505833       1.65      1.14     -0.71  0.        4146.839       -951.438       3334.763    0.000  -0.138   0.380   0.
  2017 352  2  6  1 504 352.087517407       3.79      0.39      1.20  0.        4146.919       -949.734       3337.293    0.000  -0.138   0.380   0.
  2017 352  2  6  2 504 352.087528981       3.47     -2.48     -1.07  0.        4146.998       -948.030       3339.822    0.000  -0.138   0.380   0.
  2017 352  2  6  3 503 352.087540556      -0.85     -1.21     -5.40  0.        4147.076       -946.326       3342.351    0.000  -0.138   0.380   0.
  2017 352  2  6  4 503 352.087552130      -0.34      3.36     -1.93  0.        4147.153       -944.621       3344.879    0.000  -0.138   0.380   0.
  2017 352  2  6  5 504 352.087563704       2.44     -2.49     -1.03  0.        4147.229       -942.916       3347.405    0.000  -0.138   0.380   0.
  2017 352  2  6  6 504 352.087575278      -0.50      2.03     -1.60  0.        4147.303       -941.211       3349.931    0.000  -0.138   0.380   0.
  2017 352  2  6  7 504 352.087586852       3.17      0.17      0.26  0.        4147.377       -939.506       3352.456    0.000  -0.138   0.380   0.
  2017 352  2  6  8 504 352.087598426       2.78     -0.25      0.04  0.        4147.449       -937.800       3354.980    0.000  -0.138   0.380   0.
  2017 352  2  6  9 504 352.087610000      -0.16      1.42     -1.30  0.        4147.521       -936.094       3357.503    0.000  -0.138   0.380   0.
  2017 352  2  6 10 503 352.087621574       0.38      3.00     -0.22  0.        4147.591       -934.388       3360.025    0.000  -0.138   0.380   0.
  2017 352  2  6 11 503 352.087633148       3.84      3.39     -3.81  0.        4147.660       -932.682       3362.546    0.000  -0.138   0.380   0.
  2017 352  2  6 12 503 352.087644722       1.75      0.62     -1.72  0.        4147.728       -930.975       3365.067    0.000  -0.138   0.380   0.
  2017 352  2  6 13 503 352.087656296       0.73      0.26     -1.38  0.        4147.794       -929.268       3367.586    0.000  -0.138   0.380   0.
  2017 352  2  6 14 504 352.087667870       5.63     -0.23      0.09  0.        4147.860       -927.561       3370.105    0.000  -0.138   0.380   0.
  2017 352  2  6 15 504 352.087679444      -0.04     -0.40     -5.92  0.        4147.925       -925.854       3372.623    0.000  -0.138   0.380   0.
  2017 352  2  6 16 503 352.087691018      -0.41      3.06     -1.58  0.        4147.988       -924.146       3375.139    0.000  -0.138   0.380   0.
  2017 352  2  6 17 503 352.087702593       2.36      0.57     -0.55  0.        4148.050       -922.439       3377.655    0.000  -0.138   0.380   0.
  2017 352  2  6 18 504 352.087714167       1.58      0.80     -0.80  0.        4148.112       -920.730       3380.170    0.000  -0.138   0.380   0.
  2017 352  2  6 19 504 352.087725741       1.80      1.52     -0.38  0.        4148.172       -919.022       3382.684    0.000  -0.138   0.380   0.
  2017 352  2  6 20 504 352.087737315       2.45     -0.24     -0.05  0.        4148.231       -917.314       3385.197    0.000  -0.138   0.380   0.
  2017 352  2  6 21 504 352.087748889       0.25      1.16     -1.43  0.        4148.289       -915.605       3387.709    0.000  -0.138   0.380   0.
  2017 352  2  6 22 504 352.087760463       1.28      1.91     -0.19  0.        4148.345       -913.896       3390.221    0.000  -0.138   0.380   0.
  2017 352  2  6 23 503 352.087772037       2.21      0.54     -0.46  0.        4148.401       -912.186       3392.731    0.000  -0.138   0.380   0.
  2017 352  2  6 24 503 352.087783611       0.99      1.01     -0.49  0.        4148.456       -910.477       3395.241    0.000  -0.138   0.380   0.
  2017 352  2  6 25 503 352.087795185       1.83      1.31     -0.21  0.        4148.509       -908.767       3397.749    0.000  -0.138   0.380   0.
  2017 352  2  6 26 503 352.087806757       2.53      0.03     -0.28  0.        4148.562       -907.057       3400.257    0.000  -0.138   0.380   0.
  2017 352  2  6 27 503 352.087818330       0.43      1.45     -0.88  0.        4148.613       -905.347       3402.764    0.000  -0.138   0.380   0.
  2017 352  2  6 28 503 352.087829904       1.54      1.27     -0.03  0.        4148.663       -903.636       3405.270    0.000  -0.138   0.380   0.
  2017 352  2  6 29 503 352.087841479       3.21     -0.01      0.20  0.        4148.712       -901.925       3407.775    0.000  -0.138   0.380   0.
  2017 352  2  6 30 503 352.087853053       2.06      1.94     -0.57  0.        4148.760       -900.214       3410.279    0.000  -0.138   0.380   0.
  2017 352  2  6 31 503 352.087864627      -0.15      2.02     -1.32  0.        4148.807       -898.503       3412.782    0.000  -0.138   0.380   0.
  2017 352  2  6 32 503 352.087876201       2.56      0.90     -0.71  0.        4148.853       -896.792       3415.285    0.000  -0.138   0.380   0.
  2017 352  2  6 33 503 352.087887775       1.59      1.09     -0.45  0.        4148.898       -895.080       3417.786    0.000  -0.138   0.380   0.
  2017 352  2  6 34 503 352.087899349       0.57      0.94     -0.27  0.        4148.941       -893.368       3420.286    0.000  -0.138   0.380   0.
  2017 352  2  6 35 503 352.087910923       0.60      0.86     -0.71  0.        4148.984       -891.656       3422.786    0.000  -0.138   0.380   0.
  2017 352  2  6 36 503 352.087922497       1.45      1.82     -1.11  0.        4149.025       -889.943       3425.285    0.000  -0.138   0.380   0.
  2017 352  2  6 37 503 352.087934071       0.85      0.68     -1.03  0.        4149.066       -888.231       3427.782    0.000  -0.138   0.380   0.
  2017 352  2  6 38 503 352.087945645       1.28      2.00      0.16  0.        4149.105       -886.518       3430.279    0.000  -0.138   0.380   0.
  2017 352  2  6 39 503 352.087957219       1.92      1.65     -0.15  0.        4149.143       -884.805       3432.775    0.000  -0.138   0.380   0.
  2017 352  2  6 40 503 352.087968793       1.54      1.27     -0.58  0.        4149.180       -883.091       3435.270    0.000  -0.138   0.380   0.
  2017 352  2  6 41 503 352.087980367       1.77      1.26     -0.32  0.        4149.216       -881.378       3437.764    0.000  -0.138   0.380   0.
  2017 352  2  6 42 503 352.087991942       3.05      0.62     -1.16  0.        4149.251       -879.664       3440.258    0.000  -0.138   0.380   0.
  2017 352  2  6 43 503 352.088003516       3.13      0.92     -0.96  0.        4149.285       -877.950       3442.750    0.000  -0.138   0.380   0.
  2017 352  2  6 44 503 352.088015090       1.90      0.08     -0.77  0.        4149.318       -876.236       3445.242    0.000  -0.138   0.380   0.
  2017 352  2  6 45 503 352.088026664       0.14      1.62     -1.28  0.        4149.349       -874.521       3447.732    0.000  -0.138   0.380   0.
  2017 352  2  6 46 503 352.088038238      -1.60      2.41     -1.58  0.        4149.380       -872.806       3450.222    0.000  -0.138   0.380   0.
  2017 352  2  6 47 503 352.088049812       1.28      1.37      0.81  0.        4149.409       -871.091       3452.710    0.000  -0.138   0.380   0.
  2017 352  2  6 48 503 352.088061386       3.75      0.40     -1.17  0.        4149.437       -869.376       3455.198    0.000  -0.138   0.380   0.
  2017 352  2  6 49 503 352.088072960       3.51      1.27     -0.96  0.        4149.465       -867.661       3457.685    0.000  -0.138   0.380   0.
  2017 352  2  6 50 503 352.088084534       1.65      1.79     -0.71  0.        4149.491       -865.945       3460.171    0.000  -0.138   0.380   0.
  2017 352  2  6 51 503 352.088096108       0.79      1.29      0.20  0.        4149.516       -864.229       3462.656    0.000  -0.138   0.380   0.
  2017 352  2  6 52 503 352.088107682      -0.54      2.74     -0.18  0.        4149.540       -862.513       3465.140    0.000  -0.138   0.380   0.
  2017 352  2  6 53 503 352.088119256       5.73      0.63     -0.81  0.        4149.563       -860.797       3467.624    0.000  -0.138   0.380   0.
  2017 352  2  6 54 503 352.088130828       8.10      0.70     -2.09  0.        4149.585       -859.080       3470.106    0.000  -0.138   0.380   0.
  2017 352  2  6 55 503 352.088142402       3.92      0.05     -0.88  0.        4149.606       -857.364       3472.588    0.000  -0.138   0.380   0.
  2017 352  2  6 56 503 352.088153976       0.61      0.12     -2.08  0.        4149.625       -855.647       3475.068    0.000  -0.138   0.380   0.
  2017 352  2  6 57 503 352.088165550      -2.47      0.86     -4.33  0.        4149.644       -853.930       3477.548    0.000  -0.138   0.380   0.
  2017 352  2  6 58 503 352.088177124       0.75      3.78      0.33  0.        4149.662       -852.212       3480.027    0.000  -0.138   0.380   0.
  2017 352  2  6 59 503 352.088188698       6.07     -0.94      0.70  0.        4149.678       -850.494       3482.505    0.000  -0.138   0.380   0.
  2017 352  2  7  0 503 352.088200272       1.38     -1.95     -2.54  0.        4149.694       -848.776       3484.982    0.000  -0.138   0.380   0.
  2017 352  2  7  1 503 352.088211846      -1.45      3.08     -3.90  0.        4149.708       -847.058       3487.458    0.000  -0.138   0.380   0.
  2017 352  2  7  2 503 352.088223420       3.31      0.35     -0.29  0.        4149.721       -845.340       3489.933    0.000  -0.138   0.380   0.
  2017 352  2  7  3 503 352.088234994       4.49      2.09     -4.17  0.        4149.733       -843.622       3492.407    0.000  -0.138   0.380   0.
  2017 352  2  7  4 503 352.088246568       0.69      3.19     -1.47  0.        4149.744       -841.903       3494.881    0.000  -0.138   0.380   0.
  2017 352  2  7  5 503 352.088258142       2.31      0.95     -0.41  0.        4149.755       -840.184       3497.353    0.000  -0.138   0.380   0.
  2017 352  2  7  6 503 352.088269716       3.00      0.60     -1.93  0.        4149.764       -838.465       3499.825    0.000  -0.138   0.380   0.
  2017 352  2  7  7 503 352.088281290       1.58      1.24     -1.05  0.        4149.772       -836.745       3502.295    0.000  -0.138   0.380   0.
  2017 352  2  7  8 503 352.088292865       1.56      0.58     -1.22  0.        4149.778       -835.026       3504.765    0.000  -0.138   0.380   0.
  2017 352  2  7  9 503 352.088304439       2.61      0.65     -0.38  0.        4149.784       -833.306       3507.234    0.000  -0.138   0.380   0.
  2017 352  2  7 10 503 352.088316013       2.73      1.19     -0.18  0.        4149.789       -831.586       3509.702    0.000  -0.138   0.380   0.
  2017 352  2  7 11 503 352.088327587       1.50      0.90     -1.72  0.        4149.792       -829.865       3512.169    0.000  -0.138   0.380   0.
  2017 352  2  7 12 503 352.088339161       1.38      1.80     -0.61  0.        4149.795       -828.145       3514.635    0.000  -0.138   0.380   0.
  2017 352  2  7 13 503 352.088350735       0.22      1.39     -0.24  0.        4149.797       -826.424       3517.100    0.000  -0.138   0.380   0.
  2017 352  2  7 14 503 352.088362309       0.76      1.19      0.27  0.        4149.797       -824.703       3519.565    0.000  -0.138   0.380   0.
  2017 352  2  7 15 503 352.088373883       1.29      0.49     -0.89  0.        4149.796       -822.982       3522.028    0.000  -0.138   0.380   0.
  2017 352  2  7 16 503 352.088385457       1.14      2.43     -0.22  0.        4149.795       -821.261       3524.490    0.000  -0.138   0.380   0.
  2017 352  2  7 17 503 352.088397031       1.27      1.28     -0.19  0.        4149.792       -819.539       3526.952    0.000  -0.138   0.380   0.
  2017 352  2  7 18 503 352.088408605       1.34     -0.40     -1.37  0.        4149.788       -817.818       3529.413    0.000  -0.138   0.380   0.
  2017 352  2  7 19 503 352.088420179       2.13     -0.05     -1.42  0.        4149.783       -816.096       3531.873    0.000  -0.138   0.380   0.
  2017 352  2  7 20 503 352.088431754       0.57      0.74     -0.87  0.        4149.777       -814.374       3534.331    0.000  -0.138   0.380   0.
  2017 352  2  7 21 503 352.088443327       1.74      0.43     -0.41  0.        4149.770       -812.651       3536.789    0.000  -0.138   0.380   0.
  2017 352  2  7 22 503 352.088454902       2.07      1.83     -0.86  0.        4149.762       -810.929       3539.247    0.000  -0.138   0.380   0.
  2017 352  2  7 23 503 352.088466476       0.50      1.19     -1.59  0.        4149.753       -809.206       3541.703    0.000  -0.138   0.380   0.
  2017 352  2  7 24 503 352.088478048       0.76     -0.74     -0.87  0.        4149.743       -807.483       3544.158    0.000  -0.138   0.380   0.
  2017 352  2  7 25 503 352.088489621      -1.79      0.97     -0.37  0.        4149.732       -805.760       3546.612    0.000  -0.138   0.380   0.
  2017 352  2  7 26 503 352.088501195      -0.45      2.62     -0.30  0.        4149.720       -804.036       3549.066    0.000  -0.138   0.380   0.
  2017 352  2  7 27 503 352.088512769       0.60      1.30     -0.58  0.        4149.706       -802.313       3551.518    0.000  -0.138   0.380   0.
  2017 352  2  7 28 503 352.088524343       1.10      1.03     -0.37  0.        4149.692       -800.589       3553.970    0.000  -0.138   0.380   0.
  2017 352  2  7 29 503 352.088535917      -0.67      1.68      0.00  0.        4149.677       -798.865       3556.421    0.000  -0.138   0.380   0.
  2017 352  2  7 30 503 352.088547491       1.19      1.03     -0.45  0.        4149.660       -797.141       3558.871    0.000  -0.138   0.380   0.
  2017 352  2  7 31 503 352.088559065       3.44      0.43     -1.30  0.        4149.643       -795.416       3561.320    0.000  -0.138   0.380   0.
  2017 352  2  7 32 503 352.088570639       2.58      1.40     -0.87  0.        4149.624       -793.692       3563.768    0.000  -0.138   0.380   0.
  2017 352  2  7 33 503 352.088582214       0.91      1.54     -0.61  0.        4149.604       -791.967       3566.215    0.000  -0.138   0.380   0.
  2017 352  2  7 34 503 352.088593788      -0.14      1.80     -1.06  0.        4149.584       -790.242       3568.661    0.000  -0.138   0.380   0.
  2017 352  2  7 35 503 352.088605362       1.54      0.71     -0.00  0.        4149.562       -788.517       3571.107    0.000  -0.138   0.380   0.
  2017 352  2  7 36 503 352.088616936       2.27      0.25     -0.33  0.        4149.539       -786.791       3573.551    0.000  -0.138   0.380   0.
  2017 352  2  7 37 503 352.088628510       1.38      1.08     -0.03  0.        4149.515       -785.066       3575.995    0.000  -0.138   0.380   0.
  2017 352  2  7 38 503 352.088640084       0.16      1.25      0.04  0.        4149.491       -783.340       3578.437    0.000  -0.138   0.380   0.
  2017 352  2  7 39 503 352.088651658       0.04      1.96     -0.84  0.        4149.465       -781.614       3580.879    0.000  -0.138   0.380   0.
  2017 352  2  7 40 503 352.088663232       3.03      0.18     -0.90  0.        4149.438       -779.888       3583.320    0.000  -0.138   0.380   0.
  2017 352  2  7 41 503 352.088674806       3.19      0.45     -0.56  0.        4149.410       -778.161       3585.760    0.000  -0.138   0.380   0.
  2017 352  2  7 42 503 352.088686380       0.29      1.29     -0.54  0.        4149.381       -776.435       3588.199    0.000  -0.138   0.380   0.
  2017 352  2  7 43 503 352.088697954       0.49      1.55      0.21  0.        4149.351       -774.708       3590.637    0.000  -0.138   0.380   0.
  2017 352  2  7 44 503 352.088709528       3.06     -0.56     -0.57  0.        4149.319       -772.981       3593.074    0.000  -0.138   0.380   0.
  2017 352  2  7 45 503 352.088721102       2.66      1.33     -0.63  0.        4149.287       -771.254       3595.510    0.000  -0.138   0.380   0.
  2017 352  2  7 46 503 352.088732677       2.28      3.70     -1.39  0.        4149.254       -769.527       3597.946    0.000  -0.138   0.380   0.
  2017 352  2  7 47 503 352.088744251       0.71      0.68     -0.33  0.        4149.220       -767.799       3600.380    0.000  -0.138   0.380   0.
  2017 352  2  7 48 503 352.088755825       0.95      1.70     -0.15  0.        4149.185       -766.071       3602.814    0.000  -0.138   0.380   0.
  2017 352  2  7 49 503 352.088767399       2.06      1.37     -0.99  0.        4149.148       -764.343       3605.247    0.000  -0.138   0.380   0.
  2017 352  2  7 50 503 352.088778973       0.77      1.35     -1.29  0.        4149.111       -762.615       3607.678    0.000  -0.138   0.380   0.
  2017 352  2  7 51 503 352.088790547       1.34      1.58     -0.59  0.        4149.073       -760.887       3610.109    0.000  -0.138   0.380   0.
  2017 352  2  7 52 503 352.088802121       1.41      0.31     -0.42  0.        4149.033       -759.158       3612.539    0.000  -0.138   0.380   0.
  2017 352  2  7 53 503 352.088813695       2.10      1.36     -0.82  0.        4148.993       -757.430       3614.968    0.000  -0.138   0.380   0.
  2017 352  2  7 54 502 352.088825267       2.59      0.52     -0.58  0.        4148.951       -755.701       3617.397    0.000  -0.138   0.380   0.
  2017 352  2  7 55 502 352.088836840       1.92      0.93     -0.09  0.        4148.909       -753.972       3619.824    0.000  -0.138   0.380   0.
  2017 352  2  7 56 502 352.088848414       0.98      1.46     -0.85  0.        4148.865       -752.242       3622.250    0.000  -0.138   0.380   0.
  2017 352  2  7 57 503 352.088859988       1.73      0.45     -0.53  0.        4148.820       -750.513       3624.676    0.000  -0.138   0.380   0.
  2017 352  2  7 58 503 352.088871563       1.34      1.05      0.14  0.        4148.775       -748.783       3627.100    0.000  -0.138   0.380   0.
  2017 352  2  7 59 502 352.088883137       1.41      1.80     -0.04  0.        4148.728       -747.054       3629.524    0.000  -0.138   0.380   0.
  2017 352  2  8  0 502 352.088894711       2.90      0.72     -0.06  0.        4148.681       -745.323       3631.947    0.000  -0.138   0.380   0.
  2017 352  2  8  1 503 352.088906285       2.61      0.36     -0.83  0.        4148.632       -743.593       3634.369    0.000  -0.138   0.380   0.
  2017 352  2  8  2 503 352.088917859       0.96      2.01     -2.29  0.        4148.582       -741.863       3636.790    0.000  -0.138   0.380   0.
  2017 352  2  8  3 503 352.088929433       0.82      0.92     -0.98  0.        4148.531       -740.132       3639.210    0.000  -0.138   0.380   0.
  2017 352  2  8  4 503 352.088941007       2.05      0.04     -1.04  0.        4148.480       -738.402       3641.629    0.000  -0.138   0.380   0.
  2017 352  2  8  5 502 352.088952581       1.95     -0.09     -1.52  0.        4148.427       -736.671       3644.047    0.000  -0.138   0.380   0.
  2017 352  2  8  6 502 352.088964155       0.66      2.65     -0.05  0.        4148.373       -734.940       3646.465    0.000  -0.138   0.380   0.
  2017 352  2  8  7 502 352.088975729       1.10      1.70     -0.52  0.        4148.318       -733.208       3648.881    0.000  -0.138   0.380   0.
  2017 352  2  8  8 502 352.088987303       0.92      0.56     -0.30  0.        4148.262       -731.477       3651.297    0.000  -0.138   0.380   0.
  2017 352  2  8  9 502 352.088998877       1.95      0.63     -0.40  0.        4148.205       -729.745       3653.711    0.000  -0.138   0.380   0.
  2017 352  2  8 10 503 352.089010451       1.20      0.65     -0.42  0.        4148.147       -728.013       3656.125    0.000  -0.138   0.380   0.
  2017 352  2  8 11 503 352.089022025       1.22      1.47     -0.53  0.        4148.088       -726.281       3658.538    0.000  -0.138   0.380   0.
  2017 352  2  8 12 502 352.089033600       1.20      0.74     -0.50  0.        4148.028       -724.549       3660.950    0.000  -0.138   0.380   0.
  2017 352  2  8 13 502 352.089045174       2.67      0.91     -0.11  0.        4147.967       -722.817       3663.361    0.000  -0.138   0.380   0.
  2017 352  2  8 14 503 352.089056748       1.84      1.06      0.62  0.        4147.905       -721.084       3665.771    0.000  -0.138   0.380   0.
  2017 352  2  8 15 503 352.089068322       0.13      2.07     -0.68  0.        4147.842       -719.352       3668.180    0.000  -0.138   0.380   0.
  2017 352  2  8 16 503 352.089079896       3.60      0.40     -1.68  0.        4147.778       -717.619       3670.588    0.000  -0.138   0.380   0.
  2017 352  2  8 17 503 352.089091470       3.12      0.85     -1.23  0.        4147.713       -715.886       3672.996    0.000  -0.138   0.380   0.
  2017 352  2  8 18 503 352.089103044       2.90      0.82     -0.38  0.        4147.647       -714.152       3675.403    0.000  -0.138   0.380   0.
  2017 352  2  8 19 502 352.089114618       2.26     -0.19      0.47  0.        4147.580       -712.419       3677.808    0.000  -0.138   0.380   0.
  2017 352  2  8 20 502 352.089126192       1.54      1.51      0.77  0.        4147.512       -710.685       3680.213    0.000  -0.138   0.380   0.
  2017 352  2  8 21 502 352.089137766      -0.85      0.72      0.31  0.        4147.443       -708.952       3682.617    0.000  -0.138   0.380   0.
  2017 352  2  8 22 502 352.089149338       1.04      0.39     -0.32  0.        4147.373       -707.218       3685.020    0.000  -0.138   0.380   0.
  2017 352  2  8 23 502 352.089160911       0.57      1.36      0.93  0.        4147.301       -705.483       3687.422    0.000  -0.138   0.380   0.
  2017 352  2  8 24 502 352.089172486       0.71      0.37     -0.77  0.        4147.229       -703.749       3689.823    0.000  -0.138   0.380   0.
  2017 352  2  8 25 502 352.089184060       2.51      1.21     -0.58  0.        4147.156       -702.015       3692.223    0.000  -0.138   0.380   0.
  2017 352  2  8 26 502 352.089195634       0.71      1.01     -0.31  0.        4147.082       -700.280       3694.622    0.000  -0.138   0.380   0.
  2017 352  2  8 27 502 352.089207208       3.81     -0.60      0.59  0.        4147.007       -698.545       3697.021    0.000  -0.138   0.380   0.
  2017 352  2  8 28 502 352.089218782       1.68     -0.80     -5.41  0.        4146.930       -696.810       3699.418    0.000  -0.138   0.380   0.
  2017 352  2  8 29 502 352.089230356       0.30      2.88     -1.31  0.        4146.853       -695.075       3701.815    0.000  -0.138   0.380   0.
  2017 352  2  8 30 502 352.089241930      -2.04      3.11      0.38  0.        4146.775       -693.340       3704.211    0.000  -0.138   0.380   0.
  2017 352  2  8 31 502 352.089253504       1.37      0.34      0.29  0.        4146.696       -691.604       3706.605    0.000  -0.138   0.380   0.
  2017 352  2  8 32 502 352.089265078       1.78      0.87     -0.29  0.        4146.616       -689.869       3708.999    0.000  -0.138   0.380   0.
  2017 352  2  8 33 502 352.089276652       3.13      0.77     -2.84  0.        4146.534       -688.133       3711.392    0.000  -0.138   0.380   0.
  2017 352  2  8 34 502 352.089288226       3.36      2.04     -1.29  0.        4146.452       -686.397       3713.785    0.000  -0.138   0.380   0.
  2017 352  2  8 35 502 352.089299800       2.13      0.60     -0.85  0.        4146.369       -684.661       3716.176    0.000  -0.138   0.380   0.
  2017 352  2  8 36 502 352.089311374       1.66      0.81     -1.11  0.        4146.285       -682.924       3718.566    0.000  -0.138   0.380   0.
  2017 352  2  8 37 502 352.089322948       2.31      0.99     -0.15  0.        4146.199       -681.188       3720.956    0.000  -0.138   0.380   0.
  2017 352  2  8 38 502 352.089334523       1.09      1.66     -0.16  0.        4146.113       -679.451       3723.344    0.000  -0.138   0.380   0.
  2017 352  2  8 39 502 352.089346097       1.48      1.11      0.08  0.        4146.026       -677.714       3725.732    0.000  -0.138   0.380   0.
  2017 352  2  8 40 502 352.089357671       2.36      1.56      0.75  0.        4145.938       -675.978       3728.118    0.000  -0.138   0.380   0.
  2017 352  2  8 41 502 352.089369245       5.69     -0.83      1.13  0.        4145.848       -674.240       3730.504    0.000  -0.138   0.380   0.
  2017 352  2  8 42 502 352.089380819       2.09     -4.78     -1.83  0.        4145.758       -672.503       3732.889    0.000  -0.138   0.380   0.
  2017 352  2  8 43 502 352.089392393      -2.57     -3.27     -6.00  0.        4145.667       -670.766       3735.273    0.000  -0.138   0.380   0.
  2017 352  2  8 44 502 352.089403967      -2.74      3.15     -3.64  0.        4145.575       -669.028       3737.656    0.000  -0.138   0.380   0.
  2017 352  2  8 45 502 352.089415541       3.29     -0.07     -0.30  0.        4145.481       -667.290       3740.038    0.000  -0.138   0.380   0.
  2017 352  2  8 46 502 352.089427115       2.37      1.51     -0.06  0.        4145.387       -665.552       3742.420    0.000  -0.138   0.380   0.
  2017 352  2  8 47 502 352.089438689       2.18      0.23     -0.16  0.        4145.292       -663.814       3744.800    0.000  -0.138   0.380   0.
  2017 352  2  8 48 502 352.089450263       0.76      1.81     -0.50  0.        4145.196       -662.076       3747.180    0.000  -0.138   0.380   0.
  2017 352  2  8 49 502 352.089461837       2.82      1.17     -0.28  0.        4145.098       -660.337       3749.558    0.000  -0.138   0.380   0.
  2017 352  2  8 50 502 352.089473411       3.03      1.60     -1.75  0.        4145.000       -658.599       3751.936    0.000  -0.138   0.380   0.
  2017 352  2  8 51 502 352.089484986       0.28      0.78     -1.05  0.        4144.901       -656.860       3754.313    0.000  -0.138   0.380   0.
  2017 352  2  8 52 502 352.089496560       2.00      0.86     -0.28  0.        4144.801       -655.121       3756.689    0.000  -0.138   0.380   0.
  2017 352  2  8 53 502 352.089508134       0.45      1.68     -0.29  0.        4144.700       -653.382       3759.064    0.000  -0.138   0.380   0.
  2017 352  2  8 54 502 352.089519706       2.65      2.23      0.35  0.        4144.597       -651.643       3761.438    0.000  -0.138   0.380   0.
  2017 352  2  8 55 502 352.089531279       6.91      0.45     -1.21  0.        4144.494       -649.904       3763.811    0.000  -0.138   0.380   0.
  2017 352  2  8 56 502 352.089542853       8.06      1.31     -2.13  0.        4144.390       -648.164       3766.183    0.000  -0.138   0.380   0.
  2017 352  2  8 57 502 352.089554427       6.12     -0.39     -2.18  0.        4144.285       -646.425       3768.555    0.000  -0.138   0.380   0.
  2017 352  2  8 58 502 352.089566001       1.12     -0.47     -3.06  0.        4144.179       -644.685       3770.925    0.000  -0.138   0.380   0.
  2017 352  2  8 59 502 352.089577575      -3.87      3.16     -3.90  0.        4144.072       -642.945       3773.295    0.000  -0.138   0.380   0.
  2017 352  2  9  0 502 352.089589149      -0.17      0.40     -1.21  0.        4143.963       -641.205       3775.664    0.000  -0.138   0.380   0.
  2017 352  2  9  1 502 352.089600723       2.51      0.55     -0.51  0.        4143.854       -639.464       3778.031    0.000  -0.138   0.380   0.
  2017 352  2  9  2 502 352.089612297       2.42      1.67     -0.85  0.        4143.744       -637.724       3780.398    0.000  -0.138   0.380   0.
  2017 352  2  9  3 502 352.089623872       1.93      0.36     -0.29  0.        4143.633       -635.983       3782.764    0.000  -0.138   0.380   0.
  2017 352  2  9  4 502 352.089635446       2.86      1.28      0.01  0.        4143.521       -634.243       3785.129    0.000  -0.138   0.380   0.
  2017 352  2  9  5 502 352.089647020       0.94      1.66     -0.49  0.        4143.408       -632.502       3787.494    0.000  -0.138   0.380   0.
  2017 352  2  9  6 502 352.089658594       2.02      0.54     -0.43  0.        4143.294       -630.761       3789.857    0.000  -0.138   0.380   0.
  2017 352  2  9  7 502 352.089670168       2.28      0.55     -0.06  0.        4143.179       -629.020       3792.219    0.000  -0.138   0.380   0.
  2017 352  2  9  8 502 352.089681742       2.16      1.34     -0.38  0.        4143.063       -627.278       3794.581    0.000  -0.138   0.380   0.
  2017 352  2  9  9 502 352.089693316       1.59      1.25     -0.01  0.        4142.946       -625.537       3796.942    0.000  -0.138   0.380   0.
  2017 352  2  9 10 502 352.089704890       2.79      1.25     -0.81  0.        4142.828       -623.795       3799.301    0.000  -0.138   0.380   0.
  2017 352  2  9 11 502 352.089716464       4.37      0.16     -1.69  0.        4142.709       -622.053       3801.660    0.000  -0.138   0.380   0.
  2017 352  2  9 12 502 352.089728038       2.17      1.83     -0.97  0.        4142.589       -620.311       3804.018    0.000  -0.138   0.380   0.
  2017 352  2  9 13 502 352.089739612       2.81      0.70      0.55  0.        4142.469       -618.569       3806.375    0.000  -0.138   0.380   0.
  2017 352  2  9 14 502 352.089751186       1.25      1.74     -1.36  0.        4142.347       -616.827       3808.731    0.000  -0.138   0.380   0.
  2017 352  2  9 15 502 352.089762760       2.41      0.78      0.18  0.        4142.224       -615.085       3811.086    0.000  -0.138   0.380   0.
  2017 352  2  9 16 502 352.089774335       2.19      0.99     -0.38  0.        4142.100       -613.342       3813.441    0.000  -0.138   0.380   0.
  2017 352  2  9 17 502 352.089785909       1.25      1.82     -0.83  0.        4141.975       -611.600       3815.794    0.000  -0.138   0.380   0.
  2017 352  2  9 18 502 352.089797483       1.65      1.27     -0.67  0.        4141.850       -609.857       3818.147    0.000  -0.138   0.380   0.
  2017 352  2  9 19 502 352.089809057       1.53      1.48     -0.27  0.        4141.723       -608.114       3820.498    0.000  -0.138   0.380   0.
  2017 352  2  9 20 502 352.089820631       0.86      1.95     -0.68  0.        4141.595       -606.371       3822.849    0.000  -0.138   0.380   0.
  2017 352  2  9 21 502 352.089832205       3.72     -0.07      0.32  0.        4141.467       -604.628       3825.199    0.000  -0.138   0.380   0.
  2017 352  2  9 22 502 352.089843779       2.71      1.72     -3.33  0.        4141.337       -602.884       3827.548    0.000  -0.138   0.380   0.
  2017 352  2  9 23 502 352.089855353       1.28      1.39     -0.85  0.        4141.206       -601.141       3829.896    0.000  -0.138   0.380   0.
  2017 352  2  9 24 502 352.089866925       1.24      1.37     -0.22  0.        4141.075       -599.397       3832.243    0.000  -0.138   0.380   0.
  2017 352  2  9 25 502 352.089878498       2.49      0.72     -0.55  0.        4140.942       -597.653       3834.589    0.000  -0.138   0.380   0.
  2017 352  2  9 26 502 352.089890072       1.22      1.22     -0.56  0.        4140.809       -595.909       3836.935    0.000  -0.138   0.380   0.
  2017 352  2  9 27 502 352.089901646       2.35      0.77     -0.13  0.        4140.674       -594.165       3839.279    0.000  -0.138   0.380   0.
  2017 352  2  9 28 502 352.089913220       1.83      0.06     -0.12  0.        4140.539       -592.421       3841.623    0.000  -0.138   0.380   0.
  2017 352  2  9 29 502 352.089924795       0.69      1.48     -0.71  0.        4140.402       -590.677       3843.965    0.000  -0.138   0.380   0.
  2017 352  2  9 30 502 352.089936369       1.74      0.84     -0.64  0.        4140.265       -588.932       3846.307    0.000  -0.138   0.380   0.
  2017 352  2  9 31 502 352.089947943       2.18      0.93     -0.06  0.        4140.127       -587.188       3848.648    0.000  -0.138   0.380   0.
  2017 352  2  9 32 502 352.089959517       1.55      1.08     -0.94  0.        4139.988       -585.443       3850.988    0.000  -0.138   0.380   0.
  2017 352  2  9 33 502 352.089971091       2.46      1.40     -0.58  0.        4139.847       -583.698       3853.327    0.000  -0.138   0.380   0.
  2017 352  2  9 34 502 352.089982665       5.48      0.32     -1.26  0.        4139.706       -581.953       3855.665    0.000  -0.138   0.380   0.
  2017 352  2  9 35 502 352.089994239       2.44      0.45     -1.84  0.        4139.564       -580.208       3858.002    0.000  -0.138   0.380   0.
  2017 352  2  9 36 502 352.090005813       0.57      2.05     -2.05  0.        4139.421       -578.463       3860.339    0.000  -0.138   0.380   0.
  2017 352  2  9 37 502 352.090017387       0.66      1.51     -0.70  0.        4139.277       -576.717       3862.674    0.000  -0.138   0.380   0.
  2017 352  2  9 38 502 352.090028961       1.37      1.67     -0.21  0.        4139.132       -574.972       3865.009    0.000  -0.138   0.380   0.
  2017 352  2  9 39 502 352.090040535       2.34      0.74     -0.39  0.        4138.986       -573.226       3867.343    0.000  -0.138   0.380   0.
  2017 352  2  9 40 502 352.090052109       1.62      0.74     -0.84  0.        4138.839       -571.480       3869.675    0.000  -0.138   0.380   0.
  2017 352  2  9 41 502 352.090063683       0.81      1.12     -0.70  0.        4138.691       -569.734       3872.007    0.000  -0.138   0.380   0.
  2017 352  2  9 42 502 352.090075258       0.85      1.07     -0.58  0.        4138.542       -567.988       3874.338    0.000  -0.138   0.380   0.
  2017 352  2  9 43 502 352.090086832       0.31      1.23     -0.37  0.        4138.392       -566.242       3876.668    0.000  -0.138   0.380   0.
  2017 352  2  9 44 502 352.090098406       1.97      0.95     -1.25  0.        4138.241       -564.495       3878.998    0.000  -0.138   0.380   0.
  2017 352  2  9 45 502 352.090109980       1.87     -0.15     -0.77  0.        4138.089       -562.749       3881.326    0.000  -0.138   0.380   0.
  2017 352  2  9 46 502 352.090121554       1.31      0.55     -0.37  0.        4137.937       -561.002       3883.653    0.000  -0.138   0.380   0.
  2017 352  2  9 47 502 352.090133128       0.92      1.00     -0.46  0.        4137.783       -559.256       3885.980    0.000  -0.138   0.380   0.
  2017 352  2  9 48 502 352.090144702       1.00      1.25     -0.27  0.        4137.628       -557.509       3888.305    0.000  -0.138   0.380   0.
  2017 352  2  9 49 502 352.090156276       1.57      0.95     -0.69  0.        4137.473       -555.762       3890.630    0.000  -0.138   0.380   0.
  2017 352  2  9 50 502 352.090167850       2.18      0.71     -0.06  0.        4137.316       -554.014       3892.954    0.000  -0.138   0.380   0.
  2017 352  2  9 51 502 352.090179424       1.99      0.68     -0.14  0.        4137.159       -552.267       3895.277    0.000  -0.138   0.380   0.
  2017 352  2  9 52 502 352.090190996       0.97      1.19     -0.70  0.        4137.000       -550.520       3897.599    0.000  -0.138   0.380   0.
  2017 352  2  9 53 502 352.090202569       1.98      1.13      0.28  0.        4136.841       -548.772       3899.920    0.000  -0.138   0.380   0.
  2017 352  2  9 54 501 352.090214144       2.24      0.28     -0.48  0.        4136.681       -547.025       3902.240    0.000  -0.138   0.380   0.
  2017 352  2  9 55 501 352.090225718       1.29      0.58     -0.54  0.        4136.520       -545.277       3904.560    0.000  -0.138   0.380   0.
  2017 352  2  9 56 502 352.090237292       1.37      1.21     -0.05  0.        4136.357       -543.529       3906.878    0.000  -0.138   0.380   0.
  2017 352  2  9 57 502 352.090248866       1.85     -0.14     -0.27  0.        4136.194       -541.781       3909.196    0.000  -0.138   0.380   0.
  2017 352  2  9 58 502 352.090260440       0.92      0.84     -0.65  0.        4136.030       -540.033       3911.512    0.000  -0.138   0.380   0.
  2017 352  2  9 59 502 352.090272014       1.91      0.84      0.01  0.        4135.865       -538.285       3913.828    0.000  -0.138   0.380   0.
  2017 352  2 10  0 502 352.090283588       2.65      0.18     -0.57  0.        4135.699       -536.536       3916.143    0.000  -0.138   0.380   0.
  2017 352  2 10  1 501 352.090295162       1.46      0.61     -1.18  0.        4135.532       -534.788       3918.457    0.000  -0.138   0.380   0.
  2017 352  2 10  2 501 352.090306736       0.36      0.88     -0.46  0.        4135.364       -533.039       3920.770    0.000  -0.138   0.380   0.
  2017 352  2 10  3 501 352.090318310       1.95      1.05     -0.23  0.        4135.195       -531.291       3923.082    0.000  -0.138   0.380   0.
  2017 352  2 10  4 501 352.090329884       2.05      1.36     -0.10  0.        4135.026       -529.542       3925.394    0.000  -0.138   0.380   0.
  2017 352  2 10  5 501 352.090341458       2.75     -1.51     -0.12  0.        4134.855       -527.793       3927.704    0.000  -0.138   0.380   0.
  2017 352  2 10  6 502 352.090353032       1.41      0.67     -1.68  0.        4134.683       -526.044       3930.013    0.000  -0.138   0.380   0.
  2017 352  2 10  7 502 352.090364606       0.90      0.86     -0.43  0.        4134.511       -524.294       3932.322    0.000  -0.138   0.380   0.
  2017 352  2 10  8 501 352.090376181       1.30      0.62     -0.48  0.        4134.337       -522.545       3934.630    0.000  -0.138   0.380   0.
  2017 352  2 10  9 501 352.090387755       0.80      1.50     -0.59  0.        4134.163       -520.795       3936.937    0.000  -0.138   0.380   0.
  2017 352  2 10 10 502 352.090399329       3.62     -0.06     -0.21  0.        4133.988       -519.046       3939.243    0.000  -0.138   0.380   0.
  2017 352  2 10 11 502 352.090410903       3.02     -1.52     -3.51  0.        4133.811       -517.296       3941.548    0.000  -0.138   0.380   0.
  2017 352  2 10 12 502 352.090422477       0.65      1.97     -3.67  0.        4133.634       -515.546       3943.852    0.000  -0.138   0.380   0.
  2017 352  2 10 13 502 352.090434051       1.87      1.30     -0.40  0.        4133.456       -513.796       3946.155    0.000  -0.138   0.380   0.
  2017 352  2 10 14 502 352.090445625       1.60      0.53     -0.66  0.        4133.277       -512.046       3948.457    0.000  -0.138   0.380   0.
  2017 352  2 10 15 501 352.090457199       1.56      0.36     -0.26  0.        4133.097       -510.296       3950.759    0.000  -0.138   0.380   0.
  2017 352  2 10 16 501 352.090468773      -0.79      1.70     -0.62  0.        4132.915       -508.546       3953.059    0.000  -0.138   0.380   0.
  2017 352  2 10 17 501 352.090480347       2.09      1.23      0.80  0.        4132.734       -506.796       3955.359    0.000  -0.138   0.380   0.
  2017 352  2 10 18 501 352.090491921       3.59      0.17      0.08  0.        4132.551       -505.045       3957.658    0.000  -0.139   0.381   0.
  2017 352  2 10 19 502 352.090503495       1.12      0.03     -2.48  0.        4132.367       -503.294       3959.956    0.000  -0.139   0.381   0.
  2017 352  2 10 20 502 352.090515069      -0.22      2.12     -1.86  0.        4132.182       -501.544       3962.253    0.000  -0.138   0.380   0.
  2017 352  2 10 21 501 352.090526644       0.85      0.68     -0.73  0.        4131.997       -499.793       3964.549    0.000  -0.138   0.380   0.
  2017 352  2 10 22 501 352.090538215       1.34      1.13      0.09  0.        4131.810       -498.042       3966.844    0.000  -0.138   0.380   0.
  2017 352  2 10 23 501 352.090549789       0.67      1.04     -0.22  0.        4131.622       -496.291       3969.138    0.000  -0.138   0.380   0.
  2017 352  2 10 24 501 352.090561363       0.94      1.24      0.13  0.        4131.434       -494.540       3971.432    0.000  -0.138   0.380   0.
  2017 352  2 10 25 501 352.090572937       1.26      1.01     -0.27  0.        4131.245       -492.788       3973.724    0.000  -0.138   0.380   0.
  2017 352  2 10 26 501 352.090584511       1.89      0.67      0.02  0.        4131.054       -491.037       3976.016    0.000  -0.138   0.380   0.
  2017 352  2 10 27 501 352.090596085       1.82      0.44     -0.20  0.        4130.863       -489.285       3978.307    0.000  -0.138   0.380   0.
  2017 352  2 10 28 501 352.090607659       1.52      1.05     -0.11  0.        4130.671       -487.534       3980.597    0.000  -0.138   0.380   0.
  2017 352  2 10 29 501 352.090619233       2.16      1.28     -0.32  0.        4130.478       -485.782       3982.885    0.000  -0.138   0.380   0.
  2017 352  2 10 30 501 352.090630807       2.28      0.96     -0.37  0.        4130.284       -484.030       3985.173    0.000  -0.138   0.380   0.
  2017 352  2 10 31 501 352.090642381       2.52      0.22     -0.36  0.        4130.089       -482.278       3987.461    0.000  -0.138   0.380   0.
  2017 352  2 10 32 501 352.090653955       1.42      0.85     -0.71  0.        4129.893       -480.526       3989.747    0.000  -0.138   0.380   0.
  2017 352  2 10 33 501 352.090665529       1.80      0.67     -0.74  0.        4129.696       -478.774       3992.032    0.000  -0.138   0.380   0.
  2017 352  2 10 34 501 352.090677104       1.16      1.35     -0.02  0.        4129.499       -477.022       3994.317    0.000  -0.138   0.380   0.
  2017 352  2 10 35 501 352.090688678       1.86      1.06     -0.47  0.        4129.300       -475.269       3996.600    0.000  -0.138   0.380   0.
  2017 352  2 10 36 501 352.090700252       1.64      0.32     -0.45  0.        4129.101       -473.517       3998.883    0.000  -0.138   0.380   0.
  2017 352  2 10 37 501 352.090711826       1.91      0.47     -0.30  0.        4128.900       -471.764       4001.165    0.000  -0.138   0.380   0.
  2017 352  2 10 38 501 352.090723400       1.89      0.48     -0.20  0.        4128.699       -470.012       4003.446    0.000  -0.138   0.380   0.
  2017 352  2 10 39 501 352.090734974       2.58      0.35     -1.02  0.        4128.496       -468.259       4005.726    0.000  -0.138   0.380   0.
  2017 352  2 10 40 501 352.090746548       0.68      0.48     -0.80  0.        4128.293       -466.506       4008.005    0.000  -0.138   0.380   0.
  2017 352  2 10 41 501 352.090758122       0.50      1.76     -0.71  0.        4128.089       -464.753       4010.283    0.000  -0.138   0.380   0.
  2017 352  2 10 42 501 352.090769696       2.05      0.23     -0.71  0.        4127.884       -463.000       4012.561    0.000  -0.138   0.380   0.
  2017 352  2 10 43 501 352.090781270       0.52      1.56     -0.39  0.        4127.678       -461.247       4014.837    0.000  -0.138   0.380   0.
  2017 352  2 10 44 501 352.090792844       1.70     -0.13     -0.46  0.        4127.471       -459.493       4017.113    0.000  -0.138   0.380   0.
  2017 352  2 10 45 501 352.090804418       1.94      0.84     -0.49  0.        4127.263       -457.740       4019.387    0.000  -0.138   0.380   0.
  2017 352  2 10 46 501 352.090815992       1.76      0.82     -0.20  0.        4127.055       -455.986       4021.661    0.000  -0.138   0.380   0.
  2017 352  2 10 47 501 352.090827567       0.19      1.81     -0.89  0.        4126.845       -454.233       4023.934    0.000  -0.138   0.380   0.
  2017 352  2 10 48 501 352.090839141       2.00      1.28     -0.12  0.        4126.635       -452.479       4026.206    0.000  -0.138   0.380   0.
  2017 352  2 10 49 501 352.090850715       1.84     -0.20     -0.55  0.        4126.423       -450.725       4028.477    0.000  -0.138   0.380   0.
  2017 352  2 10 50 501 352.090862289       1.33      2.08      0.12  0.        4126.211       -448.971       4030.747    0.000  -0.138   0.380   0.
  2017 352  2 10 51 501 352.090873863       2.61     -3.24     -1.46  0.        4125.998       -447.217       4033.017    0.000  -0.138   0.380   0.
  2017 352  2 10 52 501 352.090885435      -1.07     -3.11     -3.84  0.        4125.784       -445.463       4035.285    0.000  -0.138   0.380   0.
  2017 352  2 10 53 501 352.090897008       2.13      3.63     -1.96  0.        4125.569       -443.709       4037.553    0.000  -0.138   0.380   0.
  2017 352  2 10 54 501 352.090908582       0.46      2.61     -1.69  0.        4125.353       -441.955       4039.819    0.000  -0.138   0.380   0.
  2017 352  2 10 55 501 352.090920156       2.64     -0.32     -0.03  0.        4125.136       -440.200       4042.085    0.000  -0.138   0.380   0.
  2017 352  2 10 56 501 352.090931730       1.73      1.06      0.43  0.        4124.918       -438.446       4044.350    0.000  -0.138   0.380   0.
  2017 352  2 10 57 501 352.090943304       2.40      1.52     -0.53  0.        4124.699       -436.691       4046.614    0.000  -0.138   0.380   0.
  2017 352  2 10 58 501 352.090954879       3.94      0.59     -0.21  0.        4124.480       -434.936       4048.877    0.000  -0.138   0.380   0.
  2017 352  2 10 59 501 352.090966453       4.92     -0.85     -3.37  0.        4124.259       -433.182       4051.140    0.000  -0.138   0.380   0.
  2017 352  2 11  0 501 352.090978027       3.06      1.64     -3.51  0.        4124.038       -431.427       4053.401    0.000  -0.138   0.380   0.
  2017 352  2 11  1 501 352.090989601       1.62      2.12     -1.04  0.        4123.815       -429.672       4055.661    0.000  -0.138   0.380   0.
  2017 352  2 11  2 501 352.091001175       0.25      1.09     -0.92  0.        4123.592       -427.917       4057.921    0.000  -0.138   0.380   0.
  2017 352  2 11  3 501 352.091012749       3.06      1.12     -0.16  0.        4123.368       -426.161       4060.180    0.000  -0.138   0.380   0.
  2017 352  2 11  4 501 352.091024323       4.21      0.23     -1.60  0.        4123.143       -424.406       4062.437    0.000  -0.138   0.380   0.
  2017 352  2 11  5 501 352.091035897       1.91      1.75     -2.15  0.        4122.917       -422.651       4064.694    0.000  -0.138   0.380   0.
  2017 352  2 11  6 501 352.091047471       1.14      0.86     -0.28  0.        4122.690       -420.895       4066.950    0.000  -0.138   0.380   0.
  2017 352  2 11  7 501 352.091059045       1.54      0.14     -0.43  0.        4122.463       -419.140       4069.205    0.000  -0.138   0.380   0.
  2017 352  2 11  8 501 352.091070619       1.98      0.76     -0.57  0.        4122.234       -417.384       4071.459    0.000  -0.138   0.380   0.
  2017 352  2 11  9 501 352.091082193       1.59      0.98     -0.51  0.        4122.004       -415.628       4073.713    0.000  -0.138   0.380   0.
  2017 352  2 11 10 501 352.091093767       1.65      0.94     -0.27  0.        4121.774       -413.873       4075.965    0.000  -0.138   0.380   0.
  2017 352  2 11 11 501 352.091105341       1.51      0.71     -0.49  0.        4121.543       -412.117       4078.217    0.000  -0.138   0.380   0.
  2017 352  2 11 12 501 352.091116915       1.69      0.52     -0.08  0.        4121.311       -410.361       4080.467    0.000  -0.138   0.380   0.
  2017 352  2 11 13 501 352.091128490       1.62      1.04      0.06  0.        4121.077       -408.605       4082.717    0.000  -0.138   0.380   0.
  2017 352  2 11 14 501 352.091140064       2.04      0.52     -0.35  0.        4120.843       -406.849       4084.966    0.000  -0.138   0.380   0.
  2017 352  2 11 15 501 352.091151638       2.07      0.82      0.06  0.        4120.609       -405.092       4087.214    0.000  -0.138   0.380   0.
  2017 352  2 11 16 501 352.091163212       1.66      0.69     -0.76  0.        4120.373       -403.336       4089.461    0.000  -0.138   0.380   0.
  2017 352  2 11 17 501 352.091174786       1.77      1.01      0.31  0.        4120.136       -401.579       4091.707    0.000  -0.138   0.380   0.
  2017 352  2 11 18 501 352.091186360       1.02      0.98     -0.71  0.        4119.899       -399.823       4093.953    0.000  -0.138   0.380   0.
  2017 352  2 11 19 501 352.091197934       1.59     -0.06     -0.32  0.        4119.660       -398.066       4096.197    0.000  -0.138   0.380   0.
  2017 352  2 11 20 501 352.091209508       1.83      0.33     -0.78  0.        4119.421       -396.310       4098.441    0.000  -0.138   0.380   0.
  2017 352  2 11 21 501 352.091221082       1.61      0.29     -0.55  0.        4119.180       -394.553       4100.683    0.000  -0.138   0.380   0.
  2017 352  2 11 22 501 352.091232654       2.19      1.29     -0.10  0.        4118.939       -392.796       4102.925    0.000  -0.138   0.380   0.
  2017 352  2 11 23 501 352.091244227       2.64      0.18     -0.33  0.        4118.697       -391.039       4105.166    0.000  -0.138   0.380   0.
  2017 352  2 11 24 501 352.091255802       2.49      1.75     -0.84  0.        4118.454       -389.282       4107.406    0.000  -0.138   0.380   0.
  2017 352  2 11 25 501 352.091267376       2.44      1.04     -0.80  0.        4118.211       -387.525       4109.645    0.000  -0.138   0.380   0.
  2017 352  2 11 26 501 352.091278950       1.13      0.17     -1.23  0.        4117.966       -385.768       4111.883    0.000  -0.138   0.380   0.
  2017 352  2 11 27 501 352.091290524       1.59      1.65      0.04  0.        4117.720       -384.010       4114.121    0.000  -0.138   0.380   0.
  2017 352  2 11 28 501 352.091302098       2.03      1.90     -0.42  0.        4117.474       -382.253       4116.357    0.000  -0.138   0.380   0.
  2017 352  2 11 29 501 352.091313672       1.86      0.49      0.25  0.        4117.227       -380.496       4118.593    0.000  -0.138   0.380   0.
  2017 352  2 11 30 501 352.091325246       2.46      0.01      0.09  0.        4116.978       -378.738       4120.828    0.000  -0.138   0.380   0.
  2017 352  2 11 31 501 352.091336820       1.96      1.09     -0.11  0.        4116.729       -376.980       4123.061    0.000  -0.138   0.380   0.
  2017 352  2 11 32 501 352.091348394      -0.04      0.83     -1.30  0.        4116.479       -375.223       4125.294    0.000  -0.138   0.380   0.
  2017 352  2 11 33 501 352.091359968       0.49      0.89     -0.24  0.        4116.228       -373.465       4127.526    0.000  -0.138   0.380   0.
  2017 352  2 11 34 501 352.091371542       2.17     -0.19     -0.83  0.        4115.977       -371.707       4129.757    0.000  -0.138   0.380   0.
  2017 352  2 11 35 501 352.091383116       1.25      1.05     -1.59  0.        4115.724       -369.949       4131.988    0.000  -0.138   0.380   0.
  2017 352  2 11 36 501 352.091394690       1.48      1.01     -0.26  0.        4115.470       -368.191       4134.217    0.000  -0.138   0.380   0.
  2017 352  2 11 37 501 352.091406264       3.85     -0.39     -1.01  0.        4115.216       -366.433       4136.446    0.000  -0.138   0.380   0.
  2017 352  2 11 38 501 352.091417839       2.31      1.68     -2.00  0.        4114.961       -364.675       4138.673    0.000  -0.138   0.380   0.
  2017 352  2 11 39 501 352.091429413       3.32      1.16     -0.79  0.        4114.705       -362.917       4140.900    0.000  -0.138   0.380   0.
  2017 352  2 11 40 501 352.091440987       2.44      0.77     -0.91  0.        4114.448       -361.158       4143.126    0.000  -0.138   0.380   0.
  2017 352  2 11 41 501 352.091452561       2.28      0.68     -0.48  0.        4114.190       -359.400       4145.351    0.000  -0.138   0.380   0.
  2017 352  2 11 42 501 352.091464135       2.51      0.64     -0.50  0.        4113.931       -357.641       4147.575    0.000  -0.138   0.380   0.
  2017 352  2 11 43 501 352.091475709       1.78      1.06     -0.95  0.        4113.671       -355.883       4149.798    0.000  -0.138   0.380   0.
  2017 352  2 11 44 501 352.091487283       2.39      0.98     -0.31  0.        4113.411       -354.124       4152.020    0.000  -0.138   0.380   0.
  2017 352  2 11 45 501 352.091498857       2.12      0.88     -0.37  0.        4113.149       -352.365       4154.242    0.000  -0.138   0.380   0.
  2017 352  2 11 46 501 352.091510431       0.15      0.71     -0.81  0.        4112.887       -350.607       4156.462    0.000  -0.138   0.380   0.
  2017 352  2 11 47 501 352.091522005       1.09      0.22     -0.62  0.        4112.624       -348.848       4158.682    0.000  -0.138   0.380   0.
  2017 352  2 11 48 501 352.091533579       0.40      1.72     -0.42  0.        4112.360       -347.089       4160.901    0.000  -0.138   0.380   0.
  2017 352  2 11 49 501 352.091545153       0.08      1.44     -0.74  0.        4112.095       -345.330       4163.118    0.000  -0.138   0.380   0.
  2017 352  2 11 50 500 352.091556725       1.83      0.93      0.39  0.        4111.829       -343.571       4165.335    0.000  -0.138   0.380   0.
  2017 352  2 11 51 500 352.091568299       1.87      0.59     -0.69  0.        4111.562       -341.811       4167.551    0.000  -0.138   0.380   0.
  2017 352  2 11 52 501 352.091579873       1.39      0.98     -0.82  0.        4111.295       -340.052       4169.767    0.000  -0.138   0.380   0.
  2017 352  2 11 53 501 352.091591447       2.27      0.37     -0.39  0.        4111.026       -338.293       4171.981    0.000  -0.138   0.380   0.
  2017 352  2 11 54 501 352.091603021       1.90      0.87     -0.27  0.        4110.757       -336.534       4174.194    0.000  -0.138   0.380   0.
  2017 352  2 11 55 501 352.091614595      -0.13      1.47     -0.60  0.        4110.487       -334.774       4176.407    0.000  -0.138   0.380   0.
  2017 352  2 11 56 501 352.091626169       0.11      0.75     -0.78  0.        4110.216       -333.015       4178.619    0.000  -0.138   0.380   0.
  2017 352  2 11 57 500 352.091637743       1.86      1.46     -2.15  0.        4109.944       -331.255       4180.830    0.000  -0.138   0.380   0.
  2017 352  2 11 58 500 352.091649317       5.14      1.44     -1.60  0.        4109.671       -329.495       4183.039    0.000  -0.138   0.380   0.
  2017 352  2 11 59 500 352.091660891       2.29      1.24     -2.42  0.        4109.398       -327.735       4185.249    0.000  -0.138   0.380   0.
  2017 352  2 12  0 500 352.091672465       2.39     -0.14     -1.20  0.        4109.123       -325.976       4187.457    0.000  -0.138   0.380   0.
  2017 352  2 12  1 500 352.091684039       2.93      1.80     -1.72  0.        4108.848       -324.216       4189.664    0.000  -0.138   0.380   0.
  2017 352  2 12  2 501 352.091695613       2.33      0.44     -0.08  0.        4108.572       -322.457       4191.870    0.000  -0.138   0.380   0.
  2017 352  2 12  3 500 352.091707187       2.23      1.10     -1.07  0.        4108.295       -320.696       4194.076    0.000  -0.138   0.380   0.
  2017 352  2 12  4 500 352.091718762       2.47      0.68     -1.10  0.        4108.017       -318.937       4196.280    0.000  -0.138   0.380   0.
  2017 352  2 12  5 500 352.091730336       1.54      0.89     -0.98  0.        4107.738       -317.176       4198.484    0.000  -0.138   0.380   0.
  2017 352  2 12  6 501 352.091741910       0.82      1.04     -0.93  0.        4107.458       -315.415       4200.687    0.000  -0.138   0.380   0.
  2017 352  2 12  7 501 352.091753484       1.36      1.22     -0.92  0.        4107.178       -313.656       4202.889    0.000  -0.138   0.380   0.
  2017 352  2 12  8 501 352.091765058       1.59      1.16     -0.66  0.        4106.896       -311.896       4205.090    0.000  -0.138   0.380   0.
  2017 352  2 12  9 501 352.091776632       2.36      0.37     -0.88  0.        4106.614       -310.135       4207.290    0.000  -0.138   0.380   0.
  2017 352  2 12 10 500 352.091788206       2.13      1.43     -0.73  0.        4106.331       -308.375       4209.489    0.000  -0.138   0.380   0.
  2017 352  2 12 11 500 352.091799780       2.38      0.57     -0.41  0.        4106.047       -306.614       4211.688    0.000  -0.138   0.380   0.
  2017 352  2 12 12 500 352.091811354       2.17      1.15     -0.86  0.        4105.762       -304.853       4213.886    0.000  -0.138   0.380   0.
  2017 352  2 12 13 500 352.091822928       2.33      0.40     -0.29  0.        4105.477       -303.093       4216.082    0.000  -0.138   0.380   0.
  2017 352  2 12 14 500 352.091834502       1.02      1.18     -1.60  0.        4105.190       -301.332       4218.278    0.000  -0.138   0.380   0.
  2017 352  2 12 15 501 352.091846076       1.20      1.06     -0.39  0.        4104.903       -299.571       4220.473    0.000  -0.138   0.380   0.
  2017 352  2 12 16 501 352.091857650       1.79      1.22     -0.72  0.        4104.614       -297.810       4222.667    0.000  -0.138   0.380   0.
  2017 352  2 12 17 500 352.091869225       1.65      1.30     -0.96  0.        4104.325       -296.049       4224.860    0.000  -0.138   0.380   0.
  2017 352  2 12 18 500 352.091880799       0.83      1.22     -1.06  0.        4104.035       -294.288       4227.052    0.000  -0.138   0.380   0.
  2017 352  2 12 19 501 352.091892373       1.70      0.45     -0.57  0.        4103.745       -292.527       4229.244    0.000  -0.138   0.380   0.
  2017 352  2 12 20 501 352.091903945       2.03      1.07     -0.90  0.        4103.453       -290.766       4231.434    0.000  -0.138   0.380   0.
  2017 352  2 12 21 500 352.091915518       2.14      0.58     -0.74  0.        4103.160       -289.005       4233.624    0.000  -0.138   0.380   0.
  2017 352  2 12 22 500 352.091927092       0.89      1.03     -0.86  0.        4102.867       -287.244       4235.813    0.000  -0.138   0.380   0.
  2017 352  2 12 23 500 352.091938666       2.38      0.92     -0.69  0.        4102.573       -285.483       4238.000    0.000  -0.138   0.380   0.
  2017 352  2 12 24 500 352.091950240       1.36      0.88     -0.84  0.        4102.278       -283.721       4240.187    0.000  -0.138   0.380   0.
  2017 352  2 12 25 500 352.091961814       2.07      0.06     -1.35  0.        4101.982       -281.960       4242.373    0.000  -0.138   0.380   0.
  2017 352  2 12 26 500 352.091973388       0.69      0.88     -1.09  0.        4101.685       -280.198       4244.559    0.000  -0.138   0.380   0.
  2017 352  2 12 27 500 352.091984962       1.85      0.74     -0.14  0.        4101.387       -278.437       4246.743    0.000  -0.138   0.380   0.
  2017 352  2 12 28 500 352.091996536       2.28      0.31     -1.08  0.        4101.089       -276.675       4248.927    0.000  -0.138   0.380   0.
  2017 352  2 12 29 500 352.092008111       1.64      0.83     -1.07  0.        4100.790       -274.914       4251.109    0.000  -0.138   0.380   0.
  2017 352  2 12 30 500 352.092019685       1.65      0.54     -0.22  0.        4100.490       -273.152       4253.291    0.000  -0.138   0.380   0.
  2017 352  2 12 31 500 352.092031259       0.88      1.46     -0.98  0.        4100.188       -271.390       4255.472    0.000  -0.138   0.380   0.
  2017 352  2 12 32 500 352.092042833       1.31      0.79     -0.61  0.        4099.887       -269.629       4257.652    0.000  -0.138   0.380   0.
  2017 352  2 12 33 500 352.092054407       0.79      0.55     -0.70  0.        4099.584       -267.867       4259.831    0.000  -0.138   0.380   0.
  2017 352  2 12 34 500 352.092065981       2.04      0.89     -0.46  0.        4099.280       -266.105       4262.009    0.000  -0.138   0.380   0.
  2017 352  2 12 35 500 352.092077555       1.63      0.94     -1.24  0.        4098.976       -264.343       4264.186    0.000  -0.138   0.380   0.
  2017 352  2 12 36 500 352.092089129       1.78      0.10     -1.25  0.        4098.671       -262.581       4266.363    0.000  -0.138   0.380   0.
  2017 352  2 12 37 500 352.092100703       1.33      1.29     -1.08  0.        4098.365       -260.819       4268.538    0.000  -0.138   0.380   0.
  2017 352  2 12 38 500 352.092112277       1.25      1.14     -1.48  0.        4098.058       -259.057       4270.713    0.000  -0.138   0.380   0.
  2017 352  2 12 39 500 352.092123851       1.10      0.69     -0.98  0.        4097.750       -257.295       4272.887    0.000  -0.138   0.380   0.
  2017 352  2 12 40 500 352.092135425       1.23      1.01     -0.93  0.        4097.441       -255.532       4275.060    0.000  -0.138   0.380   0.
  2017 352  2 12 41 500 352.092146999       1.23      0.68     -1.07  0.        4097.132       -253.770       4277.232    0.000  -0.138   0.380   0.
  2017 352  2 12 42 500 352.092158573       1.18      1.29     -0.85  0.        4096.822       -252.008       4279.403    0.000  -0.138   0.380   0.
  2017 352  2 12 43 500 352.092170148       2.19      0.64     -0.83  0.        4096.511       -250.245       4281.573    0.000  -0.138   0.380   0.
  2017 352  2 12 44 500 352.092181722       1.44      0.98     -1.12  0.        4096.199       -248.483       4283.742    0.000  -0.138   0.380   0.
  2017 352  2 12 45 500 352.092193296       1.36      0.93     -1.03  0.        4095.886       -246.720       4285.911    0.000  -0.138   0.380   0.
  2017 352  2 12 46 500 352.092204870       1.42      0.76     -0.84  0.        4095.572       -244.958       4288.078    0.000  -0.138   0.380   0.
  2017 352  2 12 47 500 352.092216444       1.83      0.78      0.09  0.        4095.258       -243.195       4290.245    0.000  -0.138   0.380   0.
  2017 352  2 12 48 500 352.092228018       1.28      1.33     -0.80  0.        4094.942       -241.433       4292.411    0.000  -0.138   0.380   0.
  2017 352  2 12 49 500 352.092239592       1.56      1.20     -0.81  0.        4094.626       -239.670       4294.576    0.000  -0.138   0.380   0.
  2017 352  2 12 50 500 352.092251166       2.49      0.92     -0.71  0.        4094.309       -237.907       4296.740    0.000  -0.138   0.380   0.
  2017 352  2 12 51 500 352.092262740       1.83      0.65     -0.64  0.        4093.992       -236.144       4298.904    0.000  -0.138   0.380   0.
  2017 352  2 12 52 500 352.092274312       1.65      0.35     -0.58  0.        4093.673       -234.382       4301.066    0.000  -0.138   0.380   0.
  2017 352  2 12 53 500 352.092285885       1.98      0.18     -0.66  0.        4093.353       -232.619       4303.227    0.000  -0.138   0.380   0.
  2017 352  2 12 54 500 352.092297460       2.03      0.61     -0.85  0.        4093.033       -230.856       4305.388    0.000  -0.138   0.380   0.
  2017 352  2 12 55 500 352.092309034       1.60      0.86     -0.46  0.        4092.712       -229.093       4307.548    0.000  -0.138   0.380   0.
  2017 352  2 12 56 500 352.092320608       1.98      0.85     -0.44  0.        4092.390       -227.330       4309.707    0.000  -0.138   0.380   0.
  2017 352  2 12 57 500 352.092332182       1.98      1.03     -0.34  0.        4092.067       -225.567       4311.865    0.000  -0.138   0.380   0.
  2017 352  2 12 58 500 352.092343756       2.57      0.52     -1.09  0.        4091.744       -223.804       4314.022    0.000  -0.138   0.380   0.
  2017 352  2 12 59 500 352.092355330       2.01      0.98     -0.38  0.        4091.419       -222.040       4316.178    0.000  -0.138   0.380   0.
  2017 352  2 13  0 500 352.092366904       1.78      1.05     -0.03  0.        4091.094       -220.277       4318.333    0.000  -0.138   0.380   0.
  2017 352  2 13  1 500 352.092378478       1.77      1.19     -1.24  0.        4090.768       -218.514       4320.488    0.000  -0.138   0.380   0.
  2017 352  2 13  2 500 352.092390052       1.98      0.70     -0.57  0.        4090.441       -216.751       4322.642    0.000  -0.138   0.380   0.
  2017 352  2 13  3 500 352.092401626       1.88      0.64     -0.99  0.        4090.113       -214.987       4324.794    0.000  -0.138   0.380   0.
  2017 352  2 13  4 500 352.092413200       1.66      1.67     -0.53  0.        4089.784       -213.224       4326.946    0.000  -0.138   0.380   0.
  2017 352  2 13  5 500 352.092424774       2.01      0.80     -0.55  0.        4089.455       -211.461       4329.097    0.000  -0.138   0.380   0.
  2017 352  2 13  6 500 352.092436348       2.05      1.17     -0.89  0.        4089.125       -209.697       4331.247    0.000  -0.138   0.380   0.
  2017 352  2 13  7 500 352.092447922       1.70      1.04     -0.52  0.        4088.794       -207.934       4333.397    0.000  -0.138   0.380   0.
  2017 352  2 13  8 500 352.092459496       1.04      1.19     -1.14  0.        4088.462       -206.170       4335.545    0.000  -0.138   0.380   0.
  2017 352  2 13  9 500 352.092471071       2.06      0.37     -0.86  0.        4088.129       -204.407       4337.692    0.000  -0.138   0.380   0.
  2017 352  2 13 10 500 352.092482645       1.13      1.45     -0.50  0.        4087.795       -202.643       4339.839    0.000  -0.139   0.381   0.
  2017 352  2 13 11 500 352.092494219       1.12      0.75     -1.36  0.        4087.461       -200.879       4341.985    0.000  -0.139   0.381   0.
  2017 352  2 13 12 500 352.092505793       1.92     -0.09     -0.12  0.        4087.126       -199.116       4344.130    0.000  -0.138   0.380   0.
  2017 352  2 13 13 500 352.092517367       1.30      0.82     -0.77  0.        4086.790       -197.352       4346.274    0.000  -0.138   0.380   0.
  2017 352  2 13 14 500 352.092528941       0.69      1.67     -0.63  0.        4086.453       -195.588       4348.417    0.000  -0.138   0.380   0.
  2017 352  2 13 15 500 352.092540515       3.04     -0.03     -1.05  0.        4086.115       -193.824       4350.559    0.000  -0.138   0.380   0.
  2017 352  2 13 16 500 352.092552089       1.17      1.58     -1.04  0.        4085.777       -192.060       4352.700    0.000  -0.138   0.380   0.
  2017 352  2 13 17 500 352.092563663       0.88      0.89     -0.45  0.        4085.438       -190.296       4354.841    0.000  -0.138   0.380   0.
  2017 352  2 13 18 500 352.092575237       1.52      0.63     -0.09  0.        4085.097       -188.532       4356.980    0.000  -0.138   0.380   0.
  2017 352  2 13 19 500 352.092586811       1.30      1.18     -0.78  0.        4084.756       -186.768       4359.119    0.000  -0.138   0.380   0.
  2017 352  2 13 20 500 352.092598383       2.15      0.46     -0.77  0.        4084.415       -185.004       4361.257    0.000  -0.138   0.380   0.
  2017 352  2 13 21 500 352.092609957       1.27      0.42     -0.66  0.        4084.072       -183.240       4363.394    0.000  -0.138   0.380   0.
  2017 352  2 13 22 500 352.092621531       0.14      0.58     -0.68  0.        4083.729       -181.476       4365.530    0.000  -0.138   0.380   0.
  2017 352  2 13 23 500 352.092633105       1.40      0.75     -0.32  0.        4083.385       -179.712       4367.665    0.000  -0.138   0.380   0.
  2017 352  2 13 24 500 352.092644679       2.02      1.13     -0.20  0.        4083.040       -177.948       4369.800    0.000  -0.138   0.380   0.
  2017 352  2 13 25 500 352.092656253       2.60      0.80     -1.07  0.        4082.694       -176.184       4371.933    0.000  -0.138   0.380   0.
  2017 352  2 13 26 500 352.092667827       1.89      1.24     -0.47  0.        4082.347       -174.419       4374.066    0.000  -0.138   0.380   0.
  2017 352  2 13 27 500 352.092679401       2.53      0.78     -0.87  0.        4082.000       -172.655       4376.198    0.000  -0.138   0.380   0.
  2017 352  2 13 28 500 352.092690975       2.51      0.42     -1.47  0.        4081.651       -170.891       4378.329    0.000  -0.138   0.380   0.
  2017 352  2 13 29 500 352.092702549       2.27      0.93     -0.62  0.        4081.302       -169.127       4380.459    0.000  -0.138   0.380   0.
  2017 352  2 13 30 500 352.092714123       3.59      0.02     -1.44  0.        4080.952       -167.362       4382.588    0.000  -0.138   0.380   0.
  2017 352  2 13 31 500 352.092725697       1.64      1.78     -0.88  0.        4080.602       -165.598       4384.716    0.000  -0.138   0.380   0.
  2017 352  2 13 32 500 352.092737271       1.90      0.54     -0.84  0.        4080.250       -163.833       4386.843    0.000  -0.138   0.380   0.
  2017 352  2 13 33 500 352.092748845       1.63      1.98     -1.01  0.        4079.898       -162.069       4388.970    0.000  -0.138   0.380   0.
  2017 352  2 13 34 500 352.092760420       2.94     -0.26     -0.62  0.        4079.545       -160.304       4391.096    0.000  -0.138   0.380   0.
  2017 352  2 13 35 500 352.092771994       2.24      0.53     -1.06  0.        4079.191       -158.540       4393.220    0.000  -0.138   0.380   0.
  2017 352  2 13 36 500 352.092783568       1.32      0.96     -0.52  0.        4078.836       -156.775       4395.344    0.000  -0.138   0.380   0.
  2017 352  2 13 37 500 352.092795142       1.60      0.78     -0.77  0.        4078.480       -155.011       4397.467    0.000  -0.138   0.380   0.
  2017 352  2 13 38 500 352.092806716       1.20      1.02     -0.76  0.        4078.124       -153.246       4399.590    0.000  -0.138   0.380   0.
  2017 352  2 13 39 500 352.092818290       1.83      0.53     -0.60  0.        4077.767       -151.481       4401.711    0.000  -0.138   0.380   0.
  2017 352  2 13 40 500 352.092829864       1.51      0.64      0.13  0.        4077.409       -149.717       4403.831    0.000  -0.138   0.380   0.
  2017 352  2 13 41 500 352.092841438       2.28      1.24     -1.03  0.        4077.050       -147.952       4405.951    0.000  -0.138   0.380   0.
  2017 352  2 13 42 500 352.092853012       0.65      0.06     -1.18  0.        4076.691       -146.187       4408.070    0.000  -0.138   0.380   0.
  2017 352  2 13 43 500 352.092864586       0.56      1.09     -0.42  0.        4076.330       -144.422       4410.187    0.000  -0.138   0.380   0.
  2017 352  2 13 44 500 352.092876160       1.47      0.35     -0.80  0.        4075.969       -142.658       4412.304    0.000  -0.138   0.380   0.
  2017 352  2 13 45 500 352.092887734       2.15      0.71     -0.96  0.        4075.607       -140.893       4414.420    0.000  -0.138   0.380   0.
  2017 352  2 13 46 500 352.092899308       2.11      0.10     -1.00  0.        4075.244       -139.128       4416.536    0.000  -0.138   0.380   0.
  2017 352  2 13 47 500 352.092910883       2.83     -0.00     -1.04  0.        4074.881       -137.363       4418.650    0.000  -0.138   0.380   0.
  2017 352  2 13 48 500 352.092922457       0.53      1.25     -1.22  0.        4074.516       -135.598       4420.763    0.000  -0.138   0.380   0.
  2017 352  2 13 49 500 352.092934031       1.57      0.36     -0.34  0.        4074.151       -133.833       4422.876    0.000  -0.138   0.380   0.
  2017 352  2 13 50 500 352.092945603       1.96      1.14     -0.24  0.        4073.785       -132.068       4424.988    0.000  -0.138   0.380   0.
  2017 352  2 13 51 500 352.092957176       2.20      1.07     -0.59  0.        4073.418       -130.303       4427.099    0.000  -0.138   0.380   0.
  2017 352  2 13 52 500 352.092968750       1.87      0.82     -1.16  0.        4073.050       -128.538       4429.209    0.000  -0.138   0.380   0.
  2017 352  2 13 53 499 352.092980324       1.43      0.94     -0.37  0.        4072.682       -126.773       4431.318    0.000  -0.138   0.380   0.
  2017 352  2 13 54 499 352.092991898       2.47      0.31     -0.77  0.        4072.313       -125.008       4433.426    0.000  -0.138   0.380   0.
  2017 352  2 13 55 499 352.093003472       2.29      0.77     -0.32  0.        4071.943       -123.243       4435.533    0.000  -0.138   0.380   0.
  2017 352  2 13 56 499 352.093015046       1.52      0.86     -0.89  0.        4071.572       -121.478       4437.640    0.000  -0.138   0.380   0.
  2017 352  2 13 57 500 352.093026620       1.21      1.24     -0.56  0.        4071.201       -119.713       4439.746    0.000  -0.138   0.380   0.
  2017 352  2 13 58 500 352.093038194       1.19      1.29     -0.18  0.        4070.828       -117.948       4441.850    0.000  -0.138   0.380   0.
  2017 352  2 13 59 499 352.093049768       1.82      0.81     -0.68  0.        4070.455       -116.182       4443.954    0.000  -0.138   0.380   0.
  2017 352  2 14  0 499 352.093061343       1.22      1.29      0.05  0.        4070.081       -114.417       4446.057    0.000  -0.138   0.380   0.
  2017 352  2 14  1 500 352.093072917       1.64      0.93     -0.82  0.        4069.706       -112.652       4448.159    0.000  -0.138   0.380   0.
  2017 352  2 14  2 500 352.093084491       1.48      1.17     -0.02  0.        4069.331       -110.887       4450.261    0.000  -0.138   0.380   0.
  2017 352  2 14  3 500 352.093096065       1.72      0.69     -0.61  0.        4068.955       -109.121       4452.361    0.000  -0.138   0.380   0.
  2017 352  2 14  4 500 352.093107639       1.78      0.75     -0.10  0.        4068.577       -107.356       4454.461    0.000  -0.138   0.380   0.
  2017 352  2 14  5 500 352.093119213       1.44      0.92     -0.26  0.        4068.200       -105.591       4456.560    0.000  -0.138   0.380   0.
  2017 352  2 14  6 499 352.093130787       1.30      1.61     -0.36  0.        4067.821       -103.825       4458.657    0.000  -0.138   0.380   0.
  2017 352  2 14  7 499 352.093142361       1.72      0.87     -0.11  0.        4067.441       -102.060       4460.754    0.000  -0.138   0.380   0.
  2017 352  2 14  8 499 352.093153935       1.89      1.01      0.03  0.        4067.061       -100.295       4462.850    0.000  -0.138   0.380   0.
  2017 352  2 14  9 499 352.093165509       1.76      0.92     -0.41  0.        4066.680        -98.529       4464.946    0.000  -0.138   0.380   0.
  2017 352  2 14 10 499 352.093177083       2.62      0.90     -1.02  0.        4066.298        -96.764       4467.040    0.000  -0.138   0.380   0.
  2017 352  2 14 11 500 352.093188657       2.06      0.95     -0.51  0.        4065.915        -94.998       4469.134    0.000  -0.138   0.380   0.
  2017 352  2 14 12 500 352.093200231       1.67      1.92     -0.38  0.        4065.532        -93.233       4471.226    0.000  -0.138   0.380   0.
  2017 352  2 14 13 499 352.093211806       1.38      2.32     -0.72  0.        4065.148        -91.467       4473.318    0.000  -0.138   0.380   0.
  2017 352  2 14 14 499 352.093223380       2.71      0.80     -1.34  0.        4064.763        -89.702       4475.409    0.000  -0.138   0.380   0.
  2017 352  2 14 15 500 352.093234954       2.43      0.96     -0.28  0.        4064.377        -87.936       4477.499    0.000  -0.138   0.380   0.
  2017 352  2 14 16 500 352.093246528       0.87      1.68     -0.61  0.        4063.990        -86.171       4479.588    0.000  -0.138   0.380   0.
  2017 352  2 14 17 500 352.093258102       0.75      1.67     -0.20  0.        4063.603        -84.405       4481.676    0.000  -0.138   0.380   0.
  2017 352  2 14 18 500 352.093269676       0.59      2.08     -0.73  0.        4063.215        -82.640       4483.764    0.000  -0.138   0.380   0.
  2017 352  2 14 19 500 352.093281250       1.97      1.24     -0.48  0.        4062.826        -80.874       4485.850    0.000  -0.138   0.380   0.
  2017 352  2 14 20 499 352.093292822       2.19      1.04     -1.01  0.        4062.436        -79.109       4487.936    0.000  -0.138   0.380   0.
  2017 352  2 14 21 499 352.093304395       1.82      1.06     -0.88  0.        4062.046        -77.343       4490.021    0.000  -0.138   0.380   0.
  2017 352  2 14 22 499 352.093315969       1.19      1.19     -0.76  0.        4061.654        -75.577       4492.105    0.000  -0.138   0.380   0.
  2017 352  2 14 23 499 352.093327543       2.02      0.26     -0.17  0.        4061.262        -73.812       4494.188    0.000  -0.138   0.380   0.
  2017 352  2 14 24 499 352.093339117       0.64      0.93     -1.15  0.        4060.869        -72.046       4496.270    0.000  -0.138   0.380   0.
  2017 352  2 14 25 499 352.093350692       2.00      0.11     -0.73  0.        4060.476        -70.280       4498.352    0.000  -0.138   0.380   0.
  2017 352  2 14 26 499 352.093362266       2.45      1.24     -1.29  0.        4060.081        -68.515       4500.432    0.000  -0.138   0.380   0.
  2017 352  2 14 27 499 352.093373840       2.39      1.04     -0.72  0.        4059.686        -66.749       4502.512    0.000  -0.138   0.380   0.
  2017 352  2 14 28 499 352.093385414       1.88      0.75     -0.21  0.        4059.290        -64.983       4504.591    0.000  -0.138   0.380   0.
  2017 352  2 14 29 499 352.093396988       1.94      0.70     -0.88  0.        4058.893        -63.217       4506.669    0.000  -0.138   0.380   0.
  2017 352  2 14 30 499 352.093408562       1.83      1.03      0.03  0.        4058.496        -61.452       4508.746    0.000  -0.138   0.380   0.
  2017 352  2 14 31 499 352.093420136       1.76      0.69     -0.37  0.        4058.098        -59.686       4510.822    0.000  -0.138   0.380   0.
  2017 352  2 14 32 499 352.093431710       1.43      0.80     -0.64  0.        4057.699        -57.920       4512.897    0.000  -0.138   0.380   0.
  2017 352  2 14 33 499 352.093443284       1.51      1.32     -0.04  0.        4057.299        -56.155       4514.972    0.000  -0.138   0.380   0.
  2017 352  2 14 34 499 352.093454858       2.04      1.18     -1.28  0.        4056.898        -54.389       4517.045    0.000  -0.138   0.380   0.
  2017 352  2 14 35 499 352.093466432       1.95      0.82     -0.64  0.        4056.497        -52.623       4519.118    0.000  -0.138   0.380   0.
  2017 352  2 14 36 499 352.093478006       1.44      1.29     -0.15  0.        4056.095        -50.857       4521.190    0.000  -0.138   0.380   0.
  2017 352  2 14 37 499 352.093489580       1.76      1.30     -0.42  0.        4055.692        -49.091       4523.261    0.000  -0.138   0.380   0.
  2017 352  2 14 38 499 352.093501154       2.02      1.18     -0.07  0.        4055.288        -47.325       4525.331    0.000  -0.138   0.380   0.
  2017 352  2 14 39 499 352.093512729       1.64      1.30      0.05  0.        4054.883        -45.560       4527.400    0.000  -0.138   0.380   0.
  2017 352  2 14 40 499 352.093524303       1.13      1.29     -0.05  0.        4054.478        -43.794       4529.469    0.000  -0.138   0.380   0.
  2017 352  2 14 41 499 352.093535877       0.82      1.52     -0.62  0.        4054.072        -42.028       4531.536    0.000  -0.138   0.380   0.
  2017 352  2 14 42 499 352.093547451       0.21      1.30     -0.13  0.        4053.665        -40.262       4533.603    0.000  -0.138   0.380   0.
  2017 352  2 14 43 499 352.093559025       0.78      1.37     -0.40  0.        4053.258        -38.496       4535.669    0.000  -0.138   0.380   0.
  2017 352  2 14 44 499 352.093570599       1.92      0.99     -0.66  0.        4052.849        -36.730       4537.734    0.000  -0.138   0.380   0.
  2017 352  2 14 45 499 352.093582173       1.48      0.85     -0.73  0.        4052.440        -34.964       4539.798    0.000  -0.138   0.380   0.
  2017 352  2 14 46 499 352.093593747       1.95      0.48     -0.42  0.        4052.030        -33.199       4541.861    0.000  -0.138   0.380   0.
  2017 352  2 14 47 499 352.093605321       1.42      0.62     -0.91  0.        4051.620        -31.433       4543.924    0.000  -0.138   0.380   0.
  2017 352  2 14 48 499 352.093616893       1.69      1.19      0.25  0.        4051.208        -29.667       4545.985    0.000  -0.138   0.380   0.
  2017 352  2 14 49 499 352.093628466       2.60      1.27     -0.87  0.        4050.796        -27.901       4548.046    0.000  -0.138   0.380   0.
  2017 352  2 14 50 499 352.093640041       2.23      0.22     -1.17  0.        4050.383        -26.135       4550.106    0.000  -0.138   0.380   0.
  2017 352  2 14 51 499 352.093651615       0.95      1.07      0.05  0.        4049.970        -24.369       4552.165    0.000  -0.138   0.380   0.
  2017 352  2 14 52 499 352.093663189       1.46      0.74     -0.78  0.        4049.555        -22.603       4554.223    0.000  -0.138   0.380   0.
  2017 352  2 14 53 499 352.093674763       1.98      1.24     -0.34  0.        4049.139        -20.837       4556.280    0.000  -0.138   0.380   0.
  2017 352  2 14 54 499 352.093686337       2.40      0.77     -0.83  0.        4048.724        -19.071       4558.336    0.000  -0.138   0.380   0.
  2017 352  2 14 55 499 352.093697911       2.03      0.82     -0.58  0.        4048.307        -17.305       4560.392    0.000  -0.138   0.380   0.
  2017 352  2 14 56 499 352.093709485       2.38     -0.07     -0.52  0.        4047.890        -15.539       4562.446    0.000  -0.138   0.380   0.
  2017 352  2 14 57 499 352.093721059       1.51      1.14     -0.55  0.        4047.471        -13.773       4564.500    0.000  -0.138   0.380   0.
  2017 352  2 14 58 499 352.093732633       2.70      1.02      0.09  0.        4047.052        -12.008       4566.553    0.000  -0.138   0.380   0.
  2017 352  2 14 59 499 352.093744207       2.26      1.53     -0.96  0.        4046.632        -10.242       4568.605    0.000  -0.138   0.380   0.
  2017 352  2 15  0 499 352.093755781       2.65      1.36     -0.72  0.        4046.212         -8.476       4570.656    0.000  -0.138   0.380   0.
  2017 352  2 15  1 499 352.093767355       3.27      0.82     -1.23  0.        4045.790         -6.710       4572.707    0.000  -0.138   0.380   0.
  2017 352  2 15  2 499 352.093778929       2.09      1.32     -0.44  0.        4045.368         -4.944       4574.756    0.000  -0.138   0.380   0.
  2017 352  2 15  3 499 352.093790504       3.39     -0.18     -1.38  0.        4044.946         -3.178       4576.805    0.000  -0.138   0.380   0.
  2017 352  2 15  4 499 352.093802077       3.13      0.22      0.10  0.        4044.522         -1.412       4578.853    0.000  -0.138   0.380   0.
  2017 352  2 15  5 499 352.093813652       2.39      1.77     -1.18  0.        4044.098          0.354       4580.900    0.000  -0.138   0.380   0.
  2017 352  2 15  6 499 352.093825226       1.85      0.87     -1.07  0.        4043.672          2.120       4582.946    0.000  -0.138   0.380   0.
  2017 352  2 15  7 499 352.093836800       1.30      0.54     -0.81  0.        4043.247          3.886       4584.991    0.000  -0.138   0.380   0.
  2017 352  2 15  8 499 352.093848374       1.42      1.00     -0.72  0.        4042.820          5.652       4587.035    0.000  -0.138   0.380   0.
  2017 352  2 15  9 499 352.093859948       2.47      0.85     -0.08  0.        4042.393          7.418       4589.079    0.000  -0.138   0.380   0.
  2017 352  2 15 10 499 352.093871522       2.01      1.14     -0.34  0.        4041.964          9.184       4591.121    0.000  -0.138   0.380   0.
  2017 352  2 15 11 499 352.093883096       1.64      0.79     -0.38  0.        4041.535         10.950       4593.163    0.000  -0.138   0.380   0.
  2017 352  2 15 12 499 352.093894670       1.74      0.95     -0.01  0.        4041.106         12.716       4595.204    0.000  -0.138   0.380   0.
  2017 352  2 15 13 499 352.093906244       1.02      1.66     -0.79  0.        4040.675         14.482       4597.244    0.000  -0.138   0.380   0.
  2017 352  2 15 14 499 352.093917818       1.99      1.15      0.05  0.        4040.244         16.248       4599.283    0.000  -0.138   0.380   0.
  2017 352  2 15 15 499 352.093929392       1.96      0.81     -0.64  0.        4039.812         18.014       4601.322    0.000  -0.138   0.380   0.
  2017 352  2 15 16 499 352.093940966       1.60      1.20     -0.80  0.        4039.380         19.780       4603.359    0.000  -0.138   0.380   0.
  2017 352  2 15 17 499 352.093952541       2.42      0.35      0.33  0.        4038.946         21.545       4605.396    0.000  -0.138   0.380   0.
  2017 352  2 15 18 499 352.093964112       2.05      0.53     -1.08  0.        4038.512         23.311       4607.431    0.000  -0.138   0.380   0.
  2017 352  2 15 19 499 352.093975686       0.85      1.67     -1.14  0.        4038.077         25.077       4609.466    0.000  -0.138   0.380   0.
  2017 352  2 15 20 499 352.093987260       2.00      1.11     -0.11  0.        4037.642         26.843       4611.500    0.000  -0.138   0.380   0.
  2017 352  2 15 21 499 352.093998834       2.23      0.58     -0.57  0.        4037.205         28.609       4613.534    0.000  -0.138   0.380   0.
  2017 352  2 15 22 499 352.094010408       1.74      0.65     -0.60  0.        4036.768         30.375       4615.566    0.000  -0.138   0.380   0.
  2017 352  2 15 23 499 352.094021982       1.36      0.54     -1.25  0.        4036.330         32.141       4617.597    0.000  -0.138   0.380   0.
  2017 352  2 15 24 499 352.094033556       1.00      0.76     -0.54  0.        4035.891         33.907       4619.628    0.000  -0.138   0.380   0.
  2017 352  2 15 25 499 352.094045130       1.63      1.41     -0.20  0.        4035.452         35.673       4621.658    0.000  -0.138   0.380   0.
  2017 352  2 15 26 499 352.094056704       1.28      1.68     -0.16  0.        4035.012         37.439       4623.687    0.000  -0.138   0.380   0.
  2017 352  2 15 27 499 352.094068278       2.10      1.22     -0.77  0.        4034.571         39.204       4625.715    0.000  -0.138   0.380   0.
  2017 352  2 15 28 499 352.094079852       1.49      0.39     -0.81  0.        4034.129         40.970       4627.742    0.000  -0.138   0.380   0.
  2017 352  2 15 29 499 352.094091427       2.00      0.54      0.82  0.        4033.687         42.736       4629.768    0.000  -0.138   0.380   0.
  2017 352  2 15 30 499 352.094103001       1.31      1.62     -0.50  0.        4033.244         44.502       4631.794    0.000  -0.138   0.380   0.
  2017 352  2 15 31 499 352.094114575       1.75      1.01     -0.51  0.        4032.800         46.268       4633.818    0.000  -0.138   0.380   0.
  2017 352  2 15 32 499 352.094126149       1.74      0.93     -0.89  0.        4032.355         48.034       4635.842    0.000  -0.138   0.380   0.
  2017 352  2 15 33 499 352.094137723       1.75      0.84     -0.48  0.        4031.910         49.800       4637.865    0.000  -0.138   0.380   0.
  2017 352  2 15 34 499 352.094149297       2.42      0.78     -0.46  0.        4031.464         51.565       4639.887    0.000  -0.138   0.380   0.
  2017 352  2 15 35 499 352.094160871       2.54      1.31     -0.68  0.        4031.017         53.331       4641.908    0.000  -0.138   0.380   0.
  2017 352  2 15 36 499 352.094172445       2.63      0.24     -0.72  0.        4030.569         55.097       4643.929    0.000  -0.138   0.380   0.
  2017 352  2 15 37 499 352.094184019       0.93      1.30     -1.05  0.        4030.121         56.863       4645.948    0.000  -0.138   0.380   0.
  2017 352  2 15 38 499 352.094195593       1.65      0.91      0.19  0.        4029.672         58.629       4647.967    0.000  -0.138   0.380   0.
  2017 352  2 15 39 499 352.094207167       2.51      0.98     -0.50  0.        4029.222         60.394       4649.985    0.000  -0.138   0.380   0.
  2017 352  2 15 40 499 352.094218741       1.92      0.71     -1.27  0.        4028.772         62.160       4652.002    0.000  -0.138   0.380   0.
  2017 352  2 15 41 499 352.094230315       1.56      1.77     -0.52  0.        4028.320         63.926       4654.018    0.000  -0.138   0.380   0.
  2017 352  2 15 42 499 352.094241889       2.18      1.68     -0.62  0.        4027.868         65.692       4656.033    0.000  -0.138   0.380   0.
  2017 352  2 15 43 499 352.094253464       2.31      1.59     -0.58  0.        4027.416         67.457       4658.047    0.000  -0.138   0.380   0.
  2017 352  2 15 44 499 352.094265038       2.77      0.39     -0.92  0.        4026.962         69.223       4660.061    0.000  -0.138   0.380   0.
  2017 352  2 15 45 499 352.094276612       2.98      0.94     -1.19  0.        4026.508         70.989       4662.073    0.000  -0.138   0.380   0.
  2017 352  2 15 46 499 352.094288186       1.08      2.36     -1.21  0.        4026.053         72.754       4664.085    0.000  -0.138   0.380   0.
  2017 352  2 15 47 499 352.094299760       1.11      1.22     -0.41  0.        4025.597         74.520       4666.096    0.000  -0.138   0.380   0.
  2017 352  2 15 48 498 352.094311332       1.30      1.38     -0.35  0.        4025.141         76.286       4668.106    0.000  -0.138   0.380   0.
  2017 352  2 15 49 498 352.094322905       1.32      0.55     -0.69  0.        4024.684         78.051       4670.116    0.000  -0.138   0.380   0.
  2017 352  2 15 50 498 352.094334479       0.93     -0.12     -0.90  0.        4024.226         79.817       4672.124    0.000  -0.138   0.380   0.
  2017 352  2 15 51 498 352.094346053       0.82      1.18     -0.58  0.        4023.767         81.583       4674.132    0.000  -0.138   0.380   0.
  2017 352  2 15 52 498 352.094357627       1.20      0.84     -0.22  0.        4023.308         83.348       4676.138    0.000  -0.138   0.380   0.
  2017 352  2 15 53 499 352.094369201       0.64      1.08     -0.62  0.        4022.848         85.114       4678.144    0.000  -0.138   0.380   0.
  2017 352  2 15 54 499 352.094380775       0.73      0.57     -0.44  0.        4022.387         86.879       4680.149    0.000  -0.138   0.380   0.
  2017 352  2 15 55 498 352.094392350       0.93      0.76     -0.32  0.        4021.925         88.645       4682.153    0.000  -0.138   0.380   0.
  2017 352  2 15 56 498 352.094403924       1.40      0.97     -0.53  0.        4021.463         90.411       4684.157    0.000  -0.138   0.380   0.
  2017 352  2 15 57 499 352.094415498       1.47      0.77     -0.82  0.        4021.000         92.176       4686.159    0.000  -0.138   0.380   0.
  2017 352  2 15 58 499 352.094427072       1.41      1.01     -0.40  0.        4020.536         93.942       4688.161    0.000  -0.138   0.380   0.
  2017 352  2 15 59 499 352.094438646       1.95      0.69     -0.27  0.        4020.072         95.707       4690.161    0.000  -0.138   0.380   0.
  2017 352  2 16  0 499 352.094450220       1.88      0.60     -0.71  0.        4019.606         97.473       4692.161    0.000  -0.138   0.380   0.
  2017 352  2 16  1 499 352.094461794       1.76      0.79     -0.26  0.        4019.141         99.238       4694.160    0.000  -0.138   0.380   0.
  2017 352  2 16  2 498 352.094473368       1.55      0.77     -0.76  0.        4018.674        101.003       4696.159    0.000  -0.138   0.380   0.
  2017 352  2 16  3 498 352.094484942       1.56      0.71     -0.52  0.        4018.206        102.769       4698.156    0.000  -0.138   0.380   0.
  2017 352  2 16  4 498 352.094496516       1.44      0.89     -0.47  0.        4017.738        104.534       4700.152    0.000  -0.138   0.380   0.
  2017 352  2 16  5 498 352.094508090       1.45      1.09     -0.62  0.        4017.270        106.300       4702.148    0.000  -0.138   0.380   0.
  2017 352  2 16  6 498 352.094519664       1.72      0.66     -0.27  0.        4016.800        108.065       4704.143    0.000  -0.138   0.380   0.
  2017 352  2 16  7 499 352.094531238       1.68      1.20     -0.55  0.        4016.330        109.830       4706.137    0.000  -0.138   0.380   0.
  2017 352  2 16  8 498 352.094542812       1.96      0.46     -0.30  0.        4015.859        111.596       4708.130    0.000  -0.138   0.380   0.
  2017 352  2 16  9 498 352.094554387       1.94      1.00     -0.48  0.        4015.387        113.361       4710.122    0.000  -0.138   0.380   0.
  2017 352  2 16 10 498 352.094565961       2.67      0.89     -0.75  0.        4014.914        115.126       4712.114    0.000  -0.138   0.380   0.
  2017 352  2 16 11 499 352.094577535       1.32      1.33     -0.94  0.        4014.441        116.892       4714.104    0.000  -0.138   0.380   0.
  2017 352  2 16 12 499 352.094589109       1.31      0.94     -1.07  0.        4013.967        118.657       4716.094    0.000  -0.138   0.380   0.
  2017 352  2 16 13 499 352.094600683       1.51      0.31      0.00  0.        4013.493        120.422       4718.083    0.000  -0.138   0.380   0.
  2017 352  2 16 14 499 352.094612257       1.78      1.41     -1.18  0.        4013.017        122.187       4720.071    0.000  -0.138   0.380   0.
  2017 352  2 16 15 498 352.094623831       1.91      0.63     -0.60  0.        4012.541        123.952       4722.058    0.000  -0.138   0.380   0.
  2017 352  2 16 16 498 352.094635405       2.10      0.97     -0.42  0.        4012.065        125.718       4724.044    0.000  -0.138   0.380   0.
  2017 352  2 16 17 498 352.094646979       1.50      1.74     -1.55  0.        4011.587        127.483       4726.030    0.000  -0.138   0.380   0.
  2017 352  2 16 18 498 352.094658551       1.41      1.63     -0.70  0.        4011.109        129.248       4728.014    0.000  -0.138   0.380   0.
  2017 352  2 16 19 498 352.094670124       2.06      0.90     -0.22  0.        4010.630        131.013       4729.998    0.000  -0.138   0.380   0.
  2017 352  2 16 20 498 352.094681698       2.11      0.76     -0.71  0.        4010.151        132.778       4731.981    0.000  -0.138   0.380   0.
  2017 352  2 16 21 498 352.094693273       1.82      1.36     -0.21  0.        4009.670        134.543       4733.963    0.000  -0.138   0.380   0.
  2017 352  2 16 22 498 352.094704847       1.73      1.09     -0.50  0.        4009.189        136.308       4735.944    0.000  -0.138   0.380   0.
  2017 352  2 16 23 498 352.094716421       1.48      1.38     -0.50  0.        4008.707        138.073       4737.924    0.000  -0.138   0.380   0.
  2017 352  2 16 24 498 352.094727995       1.89      1.40     -0.44  0.        4008.224        139.838       4739.904    0.000  -0.138   0.380   0.
  2017 352  2 16 25 498 352.094739569       2.05      0.47     -0.64  0.        4007.741        141.603       4741.883    0.000  -0.138   0.380   0.
  2017 352  2 16 26 498 352.094751143       1.95      1.03      0.01  0.        4007.257        143.368       4743.860    0.000  -0.138   0.380   0.
  2017 352  2 16 27 498 352.094762717       2.11      0.97     -0.89  0.        4006.772        145.133       4745.837    0.000  -0.138   0.380   0.
  2017 352  2 16 28 498 352.094774291       1.98      0.73     -0.67  0.        4006.287        146.898       4747.814    0.000  -0.138   0.380   0.
  2017 352  2 16 29 498 352.094785865       1.08      1.03     -0.46  0.        4005.801        148.663       4749.789    0.000  -0.138   0.380   0.
  2017 352  2 16 30 498 352.094797439       1.66      0.86     -0.81  0.        4005.314        150.427       4751.763    0.000  -0.138   0.380   0.
  2017 352  2 16 31 498 352.094809013       1.88      0.50     -0.46  0.        4004.827        152.192       4753.737    0.000  -0.138   0.380   0.
  2017 352  2 16 32 498 352.094820587       2.29      0.78     -0.93  0.        4004.338        153.957       4755.710    0.000  -0.138   0.380   0.
  2017 352  2 16 33 498 352.094832161       1.94      0.85     -0.95  0.        4003.849        155.722       4757.682    0.000  -0.138   0.380   0.
  2017 352  2 16 34 498 352.094843736       2.30      0.24     -0.34  0.        4003.360        157.486       4759.653    0.000  -0.138   0.380   0.
  2017 352  2 16 35 498 352.094855310       1.05      0.91     -1.13  0.        4002.869        159.251       4761.623    0.000  -0.138   0.380   0.
  2017 352  2 16 36 498 352.094866884       1.54      0.75     -0.67  0.        4002.378        161.016       4763.592    0.000  -0.138   0.380   0.
  2017 352  2 16 37 498 352.094878458       1.71      0.94     -0.30  0.        4001.886        162.780       4765.561    0.000  -0.138   0.380   0.
  2017 352  2 16 38 498 352.094890032       1.85      0.78     -0.51  0.        4001.394        164.545       4767.528    0.000  -0.138   0.380   0.
  2017 352  2 16 39 498 352.094901606       1.63      0.71     -0.75  0.        4000.901        166.309       4769.495    0.000  -0.138   0.380   0.
  2017 352  2 16 40 498 352.094913180       1.44      1.23     -0.55  0.        4000.407        168.074       4771.461    0.000  -0.138   0.380   0.
  2017 352  2 16 41 498 352.094924754       1.80      1.03     -0.59  0.        3999.912        169.839       4773.426    0.000  -0.138   0.380   0.
  2017 352  2 16 42 498 352.094936328       1.81      0.48     -0.93  0.        3999.417        171.603       4775.391    0.000  -0.138   0.380   0.
  2017 352  2 16 43 498 352.094947902       1.76      0.95     -0.73  0.        3998.921        173.367       4777.354    0.000  -0.138   0.380   0.
  2017 352  2 16 44 498 352.094959476       1.68      0.64     -0.23  0.        3998.424        175.132       4779.317    0.000  -0.138   0.380   0.
  2017 352  2 16 45 498 352.094971050       1.54      0.78     -0.86  0.        3997.927        176.896       4781.278    0.000  -0.138   0.380   0.
  2017 352  2 16 46 498 352.094982624       1.86      0.85     -0.36  0.        3997.429        178.661       4783.239    0.000  -0.138   0.380   0.
  2017 352  2 16 47 498 352.094994198       1.35      0.45     -1.14  0.        3996.930        180.425       4785.199    0.000  -0.138   0.380   0.
  2017 352  2 16 48 498 352.095005770       2.01      0.79     -0.25  0.        3996.430        182.189       4787.159    0.000  -0.138   0.380   0.
  2017 352  2 16 49 498 352.095017344       2.22      0.11     -0.71  0.        3995.930        183.954       4789.117    0.000  -0.138   0.380   0.
  2017 352  2 16 50 498 352.095028918       1.63      1.11     -0.52  0.        3995.429        185.718       4791.075    0.000  -0.138   0.380   0.
  2017 352  2 16 51 498 352.095040492       1.56      1.27     -1.05  0.        3994.927        187.482       4793.031    0.000  -0.138   0.380   0.
  2017 352  2 16 52 498 352.095052066       2.11      0.66     -0.57  0.        3994.425        189.246       4794.987    0.000  -0.138   0.380   0.
  2017 352  2 16 53 498 352.095063640       1.59      0.63     -0.39  0.        3993.922        191.010       4796.942    0.000  -0.138   0.380   0.
  2017 352  2 16 54 498 352.095075214       1.52     -0.07     -0.95  0.        3993.418        192.774       4798.896    0.000  -0.138   0.380   0.
  2017 352  2 16 55 498 352.095086788       1.47      1.46     -0.02  0.        3992.914        194.538       4800.850    0.000  -0.138   0.380   0.
  2017 352  2 16 56 498 352.095098362       1.56      1.28     -0.58  0.        3992.408        196.302       4802.802    0.000  -0.138   0.380   0.
  2017 352  2 16 57 498 352.095109936       2.06      1.75     -0.52  0.        3991.903        198.066       4804.754    0.000  -0.138   0.380   0.
  2017 352  2 16 58 498 352.095121510       2.81      0.78     -0.56  0.        3991.396        199.830       4806.705    0.000  -0.138   0.380   0.
  2017 352  2 16 59 498 352.095133085       1.35      2.08     -0.67  0.        3990.889        201.594       4808.655    0.000  -0.138   0.380   0.
  2017 352  2 17  0 498 352.095144659       2.04      0.44     -0.60  0.        3990.381        203.358       4810.604    0.000  -0.138   0.380   0.
  2017 352  2 17  1 498 352.095156233       0.61      0.42     -1.44  0.        3989.872        205.122       4812.552    0.000  -0.138   0.380   0.
  2017 352  2 17  2 498 352.095167807       0.55      1.02     -0.12  0.        3989.363        206.886       4814.500    0.000  -0.138   0.380   0.
  2017 352  2 17  3 498 352.095179381       3.06      0.13     -0.52  0.        3988.853        208.650       4816.446    0.000  -0.138   0.380   0.
  2017 352  2 17  4 498 352.095190955       2.40      0.66     -0.37  0.        3988.342        210.413       4818.392    0.000  -0.138   0.380   0.
  2017 352  2 17  5 498 352.095202529       0.49      1.14     -1.05  0.        3987.831        212.177       4820.337    0.000  -0.138   0.380   0.
  2017 352  2 17  6 498 352.095214103       1.29      1.24     -0.45  0.        3987.318        213.941       4822.281    0.000  -0.138   0.380   0.
  2017 352  2 17  7 498 352.095225677       1.73      0.64     -0.56  0.        3986.806        215.705       4824.224    0.000  -0.138   0.380   0.
  2017 352  2 17  8 498 352.095237251       1.87      0.71     -0.81  0.        3986.292        217.468       4826.166    0.000  -0.138   0.380   0.
  2017 352  2 17  9 498 352.095248825       1.39      1.15     -0.94  0.        3985.778        219.232       4828.108    0.000  -0.138   0.380   0.
  2017 352  2 17 10 498 352.095260399       1.72      0.83     -0.42  0.        3985.263        220.995       4830.049    0.000  -0.138   0.380   0.
  2017 352  2 17 11 498 352.095271973       2.33      0.47     -0.55  0.        3984.747        222.759       4831.989    0.000  -0.138   0.380   0.
  2017 352  2 17 12 498 352.095283547       1.69      1.01     -0.84  0.        3984.231        224.522       4833.928    0.000  -0.138   0.380   0.
  2017 352  2 17 13 498 352.095295122       0.99      1.06     -0.85  0.        3983.714        226.286       4835.866    0.000  -0.138   0.380   0.
  2017 352  2 17 14 498 352.095306696       1.50      0.73     -0.34  0.        3983.196        228.049       4837.803    0.000  -0.138   0.380   0.
  2017 352  2 17 15 498 352.095318270       1.47      0.87     -0.66  0.        3982.678        229.812       4839.740    0.000  -0.138   0.380   0.
  2017 352  2 17 16 498 352.095329844       2.03      0.80     -0.06  0.        3982.159        231.576       4841.675    0.000  -0.138   0.380   0.
  2017 352  2 17 17 498 352.095341418       1.65      0.47     -0.93  0.        3981.639        233.339       4843.610    0.000  -0.138   0.380   0.
  2017 352  2 17 18 498 352.095352990       1.38      1.00     -0.80  0.        3981.119        235.102       4845.544    0.000  -0.138   0.380   0.
  2017 352  2 17 19 498 352.095364563       2.10      0.32     -0.67  0.        3980.598        236.865       4847.477    0.000  -0.138   0.380   0.
  2017 352  2 17 20 498 352.095376137       1.80      0.19     -0.43  0.        3980.076        238.628       4849.410    0.000  -0.138   0.380   0.
  2017 352  2 17 21 498 352.095387711       1.77      0.94     -0.81  0.        3979.553        240.391       4851.341    0.000  -0.138   0.380   0.
  2017 352  2 17 22 498 352.095399285       2.20      0.29     -0.54  0.        3979.030        242.154       4853.272    0.000  -0.138   0.380   0.
  2017 352  2 17 23 498 352.095410859       1.24      0.99     -0.78  0.        3978.506        243.918       4855.202    0.000  -0.138   0.380   0.
  2017 352  2 17 24 498 352.095422433       1.56      0.71     -0.26  0.        3977.982        245.680       4857.131    0.000  -0.138   0.380   0.
  2017 352  2 17 25 498 352.095434008       1.41      0.89     -0.39  0.        3977.456        247.443       4859.059    0.000  -0.138   0.380   0.
  2017 352  2 17 26 498 352.095445582       1.38      0.81     -0.60  0.        3976.930        249.206       4860.986    0.000  -0.138   0.380   0.
  2017 352  2 17 27 498 352.095457156       1.15      1.27     -0.38  0.        3976.404        250.969       4862.913    0.000  -0.138   0.380   0.
  2017 352  2 17 28 498 352.095468730       1.73      0.84     -0.51  0.        3975.876        252.732       4864.838    0.000  -0.138   0.380   0.
  2017 352  2 17 29 498 352.095480304       1.45      0.64     -0.75  0.        3975.348        254.495       4866.763    0.000  -0.138   0.380   0.
  2017 352  2 17 30 498 352.095491878       1.48      0.99     -0.30  0.        3974.820        256.257       4868.687    0.000  -0.138   0.380   0.
  2017 352  2 17 31 498 352.095503452       1.38      1.12     -0.65  0.        3974.291        258.020       4870.610    0.000  -0.138   0.380   0.
  2017 352  2 17 32 498 352.095515026       0.82      1.28     -0.37  0.        3973.761        259.783       4872.532    0.000  -0.138   0.380   0.
  2017 352  2 17 33 498 352.095526600       1.94      1.39     -0.14  0.        3973.230        261.545       4874.454    0.000  -0.138   0.380   0.
  2017 352  2 17 34 498 352.095538174       2.11      0.88     -0.04  0.        3972.699        263.308       4876.374    0.000  -0.138   0.380   0.
  2017 352  2 17 35 498 352.095549748       2.06      0.76     -0.47  0.        3972.166        265.070       4878.294    0.000  -0.138   0.380   0.
  2017 352  2 17 36 498 352.095561322       1.62      1.28     -0.91  0.        3971.634        266.833       4880.213    0.000  -0.138   0.380   0.
  2017 352  2 17 37 498 352.095572896       1.65      0.95     -0.79  0.        3971.100        268.595       4882.131    0.000  -0.138   0.380   0.
  2017 352  2 17 38 498 352.095584470       1.69      0.34     -0.74  0.        3970.566        270.357       4884.048    0.000  -0.138   0.380   0.
  2017 352  2 17 39 498 352.095596045       1.05      0.84     -0.80  0.        3970.031        272.120       4885.965    0.000  -0.138   0.380   0.
  2017 352  2 17 40 498 352.095607619       1.46      1.41     -0.19  0.        3969.496        273.882       4887.880    0.000  -0.138   0.380   0.
  2017 352  2 17 41 498 352.095619193       1.99      0.66     -0.83  0.        3968.960        275.644       4889.795    0.000  -0.138   0.380   0.
  2017 352  2 17 42 498 352.095630767       1.11      1.08     -0.10  0.        3968.423        277.406       4891.709    0.000  -0.138   0.380   0.
  2017 352  2 17 43 498 352.095642341       1.44      0.60     -0.62  0.        3967.886        279.169       4893.622    0.000  -0.138   0.380   0.
  2017 352  2 17 44 498 352.095653915       1.60      0.49     -0.51  0.        3967.347        280.931       4895.534    0.000  -0.138   0.380   0.
  2017 352  2 17 45 498 352.095665489       1.79      0.37     -0.65  0.        3966.808        282.693       4897.446    0.000  -0.138   0.380   0.
  2017 352  2 17 46 498 352.095677063       1.95      0.70     -0.77  0.        3966.269        284.455       4899.356    0.000  -0.138   0.380   0.
  2017 352  2 17 47 498 352.095688637       1.66      0.58     -1.22  0.        3965.729        286.217       4901.266    0.000  -0.138   0.380   0.
  2017 352  2 17 48 497 352.095700209       1.80      0.67     -0.56  0.        3965.188        287.978       4903.175    0.000  -0.138   0.380   0.
  2017 352  2 17 49 498 352.095711782       1.25      1.08     -0.99  0.        3964.646        289.740       4905.083    0.000  -0.138   0.380   0.
  2017 352  2 17 50 498 352.095723356       1.51      0.80     -0.17  0.        3964.104        291.502       4906.990    0.000  -0.138   0.380   0.
  2017 352  2 17 51 497 352.095734931       1.66      1.09     -1.19  0.        3963.561        293.264       4908.897    0.000  -0.138   0.380   0.
  2017 352  2 17 52 497 352.095746505       1.58      0.77     -0.94  0.        3963.017        295.025       4910.802    0.000  -0.138   0.380   0.
  2017 352  2 17 53 498 352.095758079       1.57      0.87     -0.75  0.        3962.474        296.787       4912.707    0.000  -0.138   0.380   0.
  2017 352  2 17 54 498 352.095769653       2.00      0.77     -1.01  0.        3961.929        298.549       4914.611    0.000  -0.138   0.380   0.
  2017 352  2 17 55 498 352.095781227       2.31      1.23     -0.57  0.        3961.383        300.310       4916.514    0.000  -0.138   0.380   0.
  2017 352  2 17 56 498 352.095792801       2.10      0.31     -0.73  0.        3960.837        302.072       4918.416    0.000  -0.138   0.380   0.
  2017 352  2 17 57 498 352.095804375       1.36      0.87     -0.78  0.        3960.290        303.833       4920.318    0.000  -0.138   0.380   0.
  2017 352  2 17 58 497 352.095815949       2.23      0.98     -1.22  0.        3959.742        305.595       4922.218    0.000  -0.138   0.380   0.
  2017 352  2 17 59 497 352.095827523       1.51      0.30     -1.08  0.        3959.194        307.356       4924.118    0.000  -0.138   0.380   0.
  2017 352  2 18  0 497 352.095839097       1.87      0.56     -0.23  0.        3958.645        309.117       4926.017    0.000  -0.138   0.380   0.
  2017 352  2 18  1 497 352.095850671       1.05      1.14     -1.18  0.        3958.096        310.878       4927.915    0.000  -0.138   0.380   0.
  2017 352  2 18  2 498 352.095862245       1.08      0.77     -0.98  0.        3957.545        312.640       4929.812    0.000  -0.138   0.380   0.
  2017 352  2 18  3 498 352.095873819       1.76      1.43     -0.66  0.        3956.994        314.401       4931.709    0.000  -0.138   0.380   0.
  2017 352  2 18  4 497 352.095885394       1.82      0.51     -0.59  0.        3956.443        316.162       4933.604    0.000  -0.138   0.380   0.
  2017 352  2 18  5 497 352.095896968       1.44      1.10     -0.66  0.        3955.891        317.923       4935.499    0.000  -0.138   0.380   0.
  2017 352  2 18  6 498 352.095908542       1.06      1.24     -0.83  0.        3955.338        319.684       4937.393    0.000  -0.138   0.380   0.
  2017 352  2 18  7 498 352.095920116       0.86      0.21     -0.85  0.        3954.784        321.445       4939.286    0.000  -0.138   0.380   0.
  2017 352  2 18  8 498 352.095931690       0.75      1.16     -0.43  0.        3954.230        323.206       4941.178    0.000  -0.138   0.380   0.
  2017 352  2 18  9 498 352.095943264       1.45      0.85     -0.60  0.        3953.675        324.966       4943.070    0.000  -0.138   0.380   0.
  2017 352  2 18 10 498 352.095954838       1.16      0.91     -0.28  0.        3953.119        326.727       4944.961    0.000  -0.138   0.380   0.
  2017 352  2 18 11 497 352.095966412       1.28      1.16     -0.24  0.        3952.563        328.488       4946.850    0.000  -0.138   0.380   0.
  2017 352  2 18 12 497 352.095977986       1.39      1.15     -0.32  0.        3952.006        330.248       4948.739    0.000  -0.138   0.380   0.
  2017 352  2 18 13 497 352.095989560       1.47      0.94     -0.55  0.        3951.449        332.009       4950.627    0.000  -0.138   0.380   0.
  2017 352  2 18 14 497 352.096001134       1.68      0.93     -0.18  0.        3950.890        333.769       4952.515    0.000  -0.138   0.380   0.
  2017 352  2 18 15 497 352.096012708       1.50      1.16     -0.14  0.        3950.332        335.530       4954.401    0.000  -0.138   0.380   0.
  2017 352  2 18 16 498 352.096024280       1.54      0.64      0.09  0.        3949.772        337.290       4956.287    0.000  -0.138   0.380   0.
  2017 352  2 18 17 497 352.096035854       2.01      1.18     -0.64  0.        3949.212        339.050       4958.172    0.000  -0.138   0.380   0.
  2017 352  2 18 18 497 352.096047428       1.92      0.66     -1.18  0.        3948.651        340.811       4960.056    0.000  -0.138   0.380   0.
  2017 352  2 18 19 497 352.096059002       2.25      0.43     -0.18  0.        3948.089        342.572       4961.939    0.000  -0.138   0.380   0.
  2017 352  2 18 20 497 352.096070576       1.67      0.62     -0.33  0.        3947.527        344.332       4963.821    0.000  -0.138   0.380   0.
  2017 352  2 18 21 497 352.096082150       1.75      0.75     -0.59  0.        3946.964        346.091       4965.702    0.000  -0.138   0.380   0.
  2017 352  2 18 22 497 352.096093724       1.69      1.28     -0.14  0.        3946.401        347.851       4967.583    0.000  -0.138   0.380   0.
  2017 352  2 18 23 497 352.096105298       1.14      1.04     -0.42  0.        3945.837        349.611       4969.463    0.000  -0.138   0.380   0.
  2017 352  2 18 24 497 352.096116872       2.31      0.59     -0.37  0.        3945.272        351.372       4971.342    0.000  -0.138   0.380   0.
  2017 352  2 18 25 497 352.096128446       1.64      0.86     -0.60  0.        3944.707        353.132       4973.220    0.000  -0.138   0.380   0.
  2017 352  2 18 26 497 352.096140020       1.59      0.97     -0.78  0.        3944.140        354.891       4975.097    0.000  -0.138   0.380   0.
  2017 352  2 18 27 497 352.096151594       1.21      0.14     -0.57  0.        3943.574        356.652       4976.974    0.000  -0.138   0.380   0.
  2017 352  2 18 28 497 352.096163168       2.21      0.67     -0.37  0.        3943.006        358.411       4978.850    0.000  -0.138   0.380   0.
  2017 352  2 18 29 497 352.096174742       1.75      0.89     -0.14  0.        3942.438        360.171       4980.724    0.000  -0.138   0.380   0.
  2017 352  2 18 30 497 352.096186317       1.69      1.06     -0.34  0.        3941.869        361.930       4982.599    0.000  -0.138   0.380   0.
  2017 352  2 18 31 497 352.096197891       0.12      1.41     -0.54  0.        3941.300        363.689       4984.472    0.000  -0.138   0.380   0.
  2017 352  2 18 32 497 352.096209465       1.34      1.17     -0.72  0.        3940.730        365.449       4986.344    0.000  -0.138   0.380   0.
  2017 352  2 18 33 497 352.096221039       1.74      0.87     -0.34  0.        3940.159        367.208       4988.216    0.000  -0.138   0.380   0.
  2017 352  2 18 34 497 352.096232613       1.89      1.13     -0.77  0.        3939.588        368.968       4990.086    0.000  -0.138   0.380   0.
  2017 352  2 18 35 497 352.096244187       1.25      0.74     -1.34  0.        3939.016        370.727       4991.956    0.000  -0.138   0.380   0.
  2017 352  2 18 36 497 352.096255761       1.52      0.83     -0.27  0.        3938.443        372.486       4993.825    0.000  -0.138   0.380   0.
  2017 352  2 18 37 497 352.096267335       2.17      1.17     -0.72  0.        3937.870        374.246       4995.694    0.000  -0.138   0.380   0.
  2017 352  2 18 38 497 352.096278909       2.23      1.32     -0.75  0.        3937.296        376.005       4997.561    0.000  -0.138   0.380   0.
  2017 352  2 18 39 497 352.096290483       1.63      0.07     -0.21  0.        3936.721        377.764       4999.428    0.000  -0.138   0.380   0.
  2017 352  2 18 40 497 352.096302057       1.89      1.35     -0.53  0.        3936.146        379.523       5001.293    0.000  -0.138   0.380   0.
  2017 352  2 18 41 497 352.096313631       1.94      0.78     -0.69  0.        3935.570        381.282       5003.158    0.000  -0.138   0.380   0.
  2017 352  2 18 42 497 352.096325205       1.42      0.71     -0.84  0.        3934.994        383.041       5005.022    0.000  -0.138   0.380   0.
  2017 352  2 18 43 497 352.096336779       1.26      1.08     -0.54  0.        3934.417        384.799       5006.886    0.000  -0.138   0.380   0.
  2017 352  2 18 44 497 352.096348354       2.02      0.32     -0.72  0.        3933.839        386.558       5008.748    0.000  -0.138   0.380   0.
  2017 352  2 18 45 497 352.096359928       1.51      1.16     -1.25  0.        3933.260        388.317       5010.610    0.000  -0.138   0.380   0.
  2017 352  2 18 46 497 352.096371500       1.72      1.10     -0.85  0.        3932.681        390.076       5012.471    0.000  -0.138   0.380   0.
  2017 352  2 18 47 497 352.096383073       2.02      0.03     -0.32  0.        3932.101        391.834       5014.331    0.000  -0.138   0.380   0.
  2017 352  2 18 48 497 352.096394647       2.24      1.10     -1.05  0.        3931.521        393.593       5016.190    0.000  -0.138   0.380   0.
  2017 352  2 18 49 497 352.096406221       1.77      0.13     -0.35  0.        3930.940        395.351       5018.048    0.000  -0.138   0.380   0.
  2017 352  2 18 50 497 352.096417795       1.58      1.76     -0.92  0.        3930.358        397.109       5019.906    0.000  -0.138   0.380   0.
  2017 352  2 18 51 497 352.096429369       1.74      1.24     -0.75  0.        3929.776        398.868       5021.762    0.000  -0.138   0.380   0.
  2017 352  2 18 52 497 352.096440943       1.97      1.32     -0.23  0.        3929.193        400.626       5023.618    0.000  -0.138   0.380   0.
  2017 352  2 18 53 497 352.096452517       2.04      0.62     -0.78  0.        3928.609        402.384       5025.473    0.000  -0.138   0.380   0.
  2017 352  2 18 54 497 352.096464091       2.21      0.68     -0.29  0.        3928.025        404.142       5027.327    0.000  -0.138   0.380   0.
  2017 352  2 18 55 497 352.096475665       1.67      1.37     -0.57  0.        3927.440        405.900       5029.181    0.000  -0.138   0.380   0.
  2017 352  2 18 56 497 352.096487240       2.11      0.71     -0.78  0.        3926.854        407.658       5031.034    0.000  -0.138   0.380   0.
  2017 352  2 18 57 497 352.096498814       2.17      1.17     -1.02  0.        3926.268        409.416       5032.885    0.000  -0.138   0.380   0.
  2017 352  2 18 58 497 352.096510388       2.14      0.33     -0.82  0.        3925.681        411.174       5034.736    0.000  -0.138   0.380   0.
  2017 352  2 18 59 497 352.096521962       1.49      0.89     -1.04  0.        3925.094        412.932       5036.586    0.000  -0.138   0.380   0.
  2017 352  2 19  0 497 352.096533536       1.77      1.01     -0.49  0.        3924.505        414.689       5038.436    0.000  -0.138   0.380   0.
  2017 352  2 19  1 497 352.096545110       1.63      1.02     -1.41  0.        3923.917        416.447       5040.284    0.000  -0.138   0.380   0.
  2017 352  2 19  2 497 352.096556684       1.05      1.25     -0.69  0.        3923.327        418.205       5042.132    0.000  -0.138   0.380   0.
  2017 352  2 19  3 497 352.096568258       0.92      0.81     -0.94  0.        3922.737        419.962       5043.979    0.000  -0.138   0.380   0.
  2017 352  2 19  4 497 352.096579832       1.67      0.44     -0.50  0.        3922.146        421.720       5045.824    0.000  -0.138   0.380   0.
  2017 352  2 19  5 497 352.096591406       1.74      0.61     -0.26  0.        3921.555        423.477       5047.670    0.000  -0.138   0.380   0.
  2017 352  2 19  6 497 352.096602980       1.76      1.15     -0.84  0.        3920.963        425.234       5049.514    0.000  -0.138   0.380   0.
  2017 352  2 19  7 497 352.096614554       1.66      1.53     -0.77  0.        3920.371        426.991       5051.358    0.000  -0.138   0.380   0.
  2017 352  2 19  8 497 352.096626129       1.54      1.14     -0.78  0.        3919.777        428.749       5053.200    0.000  -0.138   0.380   0.
  2017 352  2 19  9 497 352.096637703       1.18      1.62     -0.61  0.        3919.183        430.506       5055.042    0.000  -0.138   0.380   0.
  2017 352  2 19 10 497 352.096649277       1.31      0.97     -1.04  0.        3918.589        432.263       5056.883    0.000  -0.138   0.380   0.
  2017 352  2 19 11 497 352.096660851       1.27      1.05     -0.69  0.        3917.994        434.020       5058.724    0.000  -0.138   0.380   0.
  2017 352  2 19 12 497 352.096672425       1.53      1.00     -0.59  0.        3917.398        435.776       5060.563    0.000  -0.138   0.380   0.
  2017 352  2 19 13 497 352.096683999       1.31      1.22     -0.64  0.        3916.802        437.533       5062.402    0.000  -0.138   0.380   0.
  2017 352  2 19 14 497 352.096695573       1.15      1.33     -0.83  0.        3916.205        439.290       5064.239    0.000  -0.138   0.380   0.
  2017 352  2 19 15 497 352.096707147       1.48      1.10     -0.96  0.        3915.607        441.047       5066.076    0.000  -0.138   0.380   0.
  2017 352  2 19 16 497 352.096718719       2.40      0.34     -0.79  0.        3915.008        442.803       5067.913    0.000  -0.138   0.380   0.
  2017 352  2 19 17 497 352.096730292       1.51      0.86     -1.07  0.        3914.410        444.560       5069.748    0.000  -0.138   0.380   0.
  2017 352  2 19 18 497 352.096741866       1.59      1.01     -0.64  0.        3913.810        446.316       5071.582    0.000  -0.138   0.380   0.
  2017 352  2 19 19 497 352.096753440       1.90      0.58     -1.21  0.        3913.210        448.073       5073.416    0.000  -0.138   0.380   0.
  2017 352  2 19 20 497 352.096765014       2.32      0.16     -0.54  0.        3912.609        449.829       5075.249    0.000  -0.138   0.380   0.
  2017 352  2 19 21 497 352.096776589       1.31      1.45     -0.95  0.        3912.007        451.585       5077.081    0.000  -0.138   0.380   0.
  2017 352  2 19 22 497 352.096788163       1.68      1.11     -0.77  0.        3911.405        453.341       5078.912    0.000  -0.138   0.380   0.
  2017 352  2 19 23 497 352.096799737       1.57      0.76     -0.70  0.        3910.803        455.097       5080.743    0.000  -0.138   0.380   0.
  2017 352  2 19 24 497 352.096811311       2.24      0.72     -0.67  0.        3910.199        456.853       5082.572    0.000  -0.138   0.380   0.
  2017 352  2 19 25 497 352.096822885       1.57      0.07     -0.77  0.        3909.595        458.609       5084.401    0.000  -0.138   0.380   0.
  2017 352  2 19 26 497 352.096834459       1.76      0.80     -1.27  0.        3908.991        460.365       5086.229    0.000  -0.138   0.380   0.
  2017 352  2 19 27 497 352.096846033       2.04      0.59     -1.25  0.        3908.385        462.121       5088.056    0.000  -0.138   0.380   0.
  2017 352  2 19 28 497 352.096857607       1.94      0.63     -0.91  0.        3907.779        463.877       5089.883    0.000  -0.138   0.380   0.
  2017 352  2 19 29 497 352.096869181       2.08      0.81     -0.29  0.        3907.173        465.632       5091.708    0.000  -0.138   0.380   0.
  2017 352  2 19 30 497 352.096880755       0.94      0.92     -0.95  0.        3906.566        467.388       5093.532    0.000  -0.138   0.380   0.
  2017 352  2 19 31 497 352.096892329       1.50      0.81     -0.71  0.        3905.958        469.144       5095.356    0.000  -0.138   0.380   0.
  2017 352  2 19 32 497 352.096903903       1.64      0.97     -0.53  0.        3905.349        470.899       5097.180    0.000  -0.138   0.380   0.
  2017 352  2 19 33 497 352.096915477       1.57      0.97     -0.67  0.        3904.741        472.654       5099.002    0.000  -0.138   0.380   0.
  2017 352  2 19 34 497 352.096927052       1.79      0.70     -0.62  0.        3904.131        474.410       5100.823    0.000  -0.138   0.380   0.
  2017 352  2 19 35 497 352.096938626       1.64      1.16     -0.60  0.        3903.521        476.165       5102.644    0.000  -0.138   0.380   0.
  2017 352  2 19 36 497 352.096950200       1.22      0.78     -0.94  0.        3902.910        477.920       5104.464    0.000  -0.138   0.380   0.
  2017 352  2 19 37 497 352.096961774       0.74      0.83     -0.73  0.        3902.298        479.675       5106.283    0.000  -0.138   0.380   0.
  2017 352  2 19 38 497 352.096973348       2.43      0.33     -0.67  0.        3901.686        481.430       5108.101    0.000  -0.138   0.380   0.
  2017 352  2 19 39 497 352.096984922       1.55      1.03     -0.82  0.        3901.073        483.185       5109.918    0.000  -0.138   0.380   0.
  2017 352  2 19 40 497 352.096996496       1.59      0.83     -0.81  0.        3900.460        484.940       5111.735    0.000  -0.138   0.380   0.
  2017 352  2 19 41 497 352.097008070       1.66      0.92     -0.63  0.        3899.846        486.694       5113.551    0.000  -0.138   0.380   0.
  2017 352  2 19 42 497 352.097019644       1.53      0.85     -0.85  0.        3899.232        488.449       5115.365    0.000  -0.138   0.380   0.
  2017 352  2 19 43 497 352.097031218       1.65      1.00     -0.77  0.        3898.616        490.204       5117.179    0.000  -0.138   0.380   0.
  2017 352  2 19 44 497 352.097042792       1.71      0.87     -0.32  0.        3898.000        491.958       5118.993    0.000  -0.138   0.380   0.
  2017 352  2 19 45 497 352.097054366       1.67      0.75     -0.89  0.        3897.384        493.713       5120.805    0.000  -0.138   0.380   0.
  2017 352  2 19 46 497 352.097065938       1.83      0.97     -0.44  0.        3896.767        495.467       5122.617    0.000  -0.138   0.380   0.
  2017 352  2 19 47 496 352.097077512       1.86      0.63     -0.82  0.        3896.149        497.221       5124.428    0.000  -0.138   0.380   0.
  2017 352  2 19 48 496 352.097089086       1.00      1.66     -0.50  0.        3895.531        498.975       5126.238    0.000  -0.138   0.380   0.
  2017 352  2 19 49 497 352.097100660       1.95      0.19     -0.67  0.        3894.912        500.729       5128.047    0.000  -0.138   0.380   0.
  2017 352  2 19 50 497 352.097112234       1.30      0.96     -0.55  0.        3894.292        502.484       5129.855    0.000  -0.138   0.380   0.
  2017 352  2 19 51 497 352.097123808       1.53      0.81     -0.56  0.        3893.672        504.238       5131.663    0.000  -0.138   0.380   0.
  2017 352  2 19 52 497 352.097135382       1.38      0.66     -0.80  0.        3893.051        505.991       5133.470    0.000  -0.138   0.380   0.
  2017 352  2 19 53 496 352.097146956       1.20      1.03     -0.80  0.        3892.430        507.745       5135.276    0.000  -0.138   0.380   0.
  2017 352  2 19 54 496 352.097158530       1.49      0.76     -0.48  0.        3891.808        509.499       5137.081    0.000  -0.138   0.380   0.
  2017 352  2 19 55 496 352.097170104       1.22      1.20     -0.57  0.        3891.185        511.253       5138.885    0.000  -0.138   0.380   0.
  2017 352  2 19 56 496 352.097181678       1.67      0.96     -0.44  0.        3890.562        513.006       5140.688    0.000  -0.138   0.380   0.
  2017 352  2 19 57 496 352.097193252       2.04      0.63     -0.85  0.        3889.938        514.760       5142.491    0.000  -0.138   0.380   0.
  2017 352  2 19 58 497 352.097204826       1.56      0.63     -0.93  0.        3889.314        516.513       5144.293    0.000  -0.138   0.380   0.
  2017 352  2 19 59 497 352.097216400       1.36      1.19     -1.01  0.        3888.688        518.266       5146.094    0.000  -0.138   0.380   0.
  2017 352  2 20  0 496 352.097227975       1.72      1.13     -1.21  0.        3888.063        520.020       5147.894    0.000  -0.138   0.380   0.
  2017 352  2 20  1 496 352.097239549       2.01      0.71     -0.93  0.        3887.436        521.773       5149.694    0.000  -0.138   0.380   0.
  2017 352  2 20  2 497 352.097251123       1.82      0.07     -0.67  0.        3886.809        523.526       5151.492    0.000  -0.138   0.380   0.
  2017 352  2 20  3 497 352.097262697       1.55      1.12     -0.53  0.        3886.182        525.279       5153.290    0.000  -0.138   0.380   0.
  2017 352  2 20  4 497 352.097274271       1.62      0.69     -1.03  0.        3885.554        527.032       5155.087    0.000  -0.138   0.380   0.
  2017 352  2 20  5 497 352.097285845       1.90      0.58     -0.59  0.        3884.925        528.784       5156.883    0.000  -0.138   0.380   0.
  2017 352  2 20  6 497 352.097297419       1.64      0.20     -0.77  0.        3884.296        530.537       5158.679    0.000  -0.138   0.380   0.
  2017 352  2 20  7 496 352.097308993       1.57      0.60     -1.02  0.        3883.666        532.290       5160.473    0.000  -0.138   0.380   0.
  2017 352  2 20  8 496 352.097320567       1.56      0.64     -0.84  0.        3883.035        534.042       5162.267    0.000  -0.138   0.380   0.
  2017 352  2 20  9 496 352.097332141       1.26      0.70     -0.82  0.        3882.404        535.795       5164.060    0.000  -0.138   0.380   0.
  2017 352  2 20 10 496 352.097343715       1.53      0.61     -0.86  0.        3881.772        537.547       5165.852    0.000  -0.138   0.380   0.
  2017 352  2 20 11 497 352.097355289       2.44      0.31     -0.78  0.        3881.140        539.300       5167.644    0.000  -0.138   0.380   0.
  2017 352  2 20 12 497 352.097366863       1.58      0.46     -0.72  0.        3880.506        541.052       5169.434    0.000  -0.138   0.380   0.
  2017 352  2 20 13 496 352.097378438       1.81      0.83     -0.79  0.        3879.873        542.804       5171.224    0.000  -0.138   0.380   0.
  2017 352  2 20 14 496 352.097390012       1.53      0.90     -0.60  0.        3879.238        544.556       5173.013    0.000  -0.138   0.380   0.
  2017 352  2 20 15 496 352.097401586       1.39      0.74     -0.63  0.        3878.604        546.308       5174.801    0.000  -0.138   0.380   0.
  2017 352  2 20 16 497 352.097413158       1.81      0.76     -0.42  0.        3877.968        548.060       5176.588    0.000  -0.138   0.380   0.
  2017 352  2 20 17 496 352.097424731       1.92      0.51     -1.06  0.        3877.332        549.812       5178.375    0.000  -0.138   0.380   0.
  2017 352  2 20 18 496 352.097436305       1.38      0.79     -0.58  0.        3876.695        551.563       5180.160    0.000  -0.138   0.380   0.
  2017 352  2 20 19 496 352.097447879       1.49      0.49     -0.32  0.        3876.058        553.315       5181.945    0.000  -0.138   0.380   0.
  2017 352  2 20 20 496 352.097459453       1.39      1.04     -0.55  0.        3875.420        555.067       5183.729    0.000  -0.138   0.380   0.
  2017 352  2 20 21 496 352.097471027       1.39      0.90     -0.66  0.        3874.782        556.818       5185.512    0.000  -0.138   0.380   0.
  2017 352  2 20 22 496 352.097482601       1.51      0.70     -0.78  0.        3874.143        558.569       5187.295    0.000  -0.138   0.380   0.
  2017 352  2 20 23 496 352.097494175       1.33      0.75     -0.86  0.        3873.503        560.321       5189.076    0.000  -0.138   0.380   0.
  2017 352  2 20 24 496 352.097505749       1.27      0.65     -0.60  0.        3872.863        562.072       5190.857    0.000  -0.138   0.380   0.
  2017 352  2 20 25 496 352.097517323       1.34      0.67     -0.58  0.        3872.222        563.823       5192.637    0.000  -0.138   0.380   0.
  2017 352  2 20 26 496 352.097528898       1.30      0.71     -0.78  0.        3871.580        565.574       5194.416    0.000  -0.138   0.380   0.
  2017 352  2 20 27 496 352.097540472       1.44      0.55     -0.83  0.        3870.938        567.325       5196.195    0.000  -0.138   0.380   0.
  2017 352  2 20 28 496 352.097552046       1.40      0.58     -0.99  0.        3870.295        569.076       5197.972    0.000  -0.138   0.380   0.
  2017 352  2 20 29 496 352.097563620       1.42      0.57     -0.74  0.        3869.652        570.827       5199.749    0.000  -0.138   0.380   0.
  2017 352  2 20 30 496 352.097575194       1.41      0.65     -1.18  0.        3869.008        572.577       5201.525    0.000  -0.138   0.380   0.
  2017 352  2 20 31 496 352.097586768       2.03      0.46     -0.87  0.        3868.364        574.328       5203.300    0.000  -0.138   0.380   0.
  2017 352  2 20 32 496 352.097598342       2.18      0.29     -0.99  0.        3867.719        576.078       5205.075    0.000  -0.138   0.380   0.
  2017 352  2 20 33 496 352.097609916       1.75      0.23     -0.35  0.        3867.073        577.829       5206.848    0.000  -0.138   0.380   0.
  2017 352  2 20 34 496 352.097621490       1.91      0.64     -0.18  0.        3866.426        579.579       5208.621    0.000  -0.138   0.380   0.
  2017 352  2 20 35 496 352.097633064       1.57      0.98     -0.94  0.        3865.780        581.329       5210.393    0.000  -0.138   0.380   0.
  2017 352  2 20 36 496 352.097644638       1.39      0.83     -0.97  0.        3865.132        583.080       5212.164    0.000  -0.138   0.380   0.
  2017 352  2 20 37 496 352.097656212       2.07      0.82     -0.73  0.        3864.484        584.830       5213.934    0.000  -0.138   0.380   0.
  2017 352  2 20 38 496 352.097667786       1.59      0.39     -1.34  0.        3863.835        586.580       5215.704    0.000  -0.138   0.380   0.
  2017 352  2 20 39 496 352.097679361       1.39      0.95     -0.68  0.        3863.186        588.330       5217.472    0.000  -0.138   0.380   0.
  2017 352  2 20 40 496 352.097690935       1.54      1.29     -1.68  0.        3862.536        590.079       5219.240    0.000  -0.138   0.380   0.
  2017 352  2 20 41 496 352.097702509       1.38      0.88     -0.49  0.        3861.886        591.829       5221.007    0.000  -0.138   0.380   0.
  2017 352  2 20 42 496 352.097714083       0.95      1.07     -1.44  0.        3861.235        593.579       5222.774    0.000  -0.138   0.380   0.
  2017 352  2 20 43 496 352.097725657       1.51      0.65     -1.03  0.        3860.583        595.328       5224.539    0.000  -0.138   0.380   0.
  2017 352  2 20 44 496 352.097737231       1.66      0.24     -0.33  0.        3859.931        597.078       5226.304    0.000  -0.138   0.380   0.
  2017 352  2 20 45 496 352.097748805       1.43      1.01     -1.13  0.        3859.278        598.827       5228.068    0.000  -0.138   0.380   0.
  2017 352  2 20 46 496 352.097760377       1.16      0.86     -0.73  0.        3858.624        600.576       5229.831    0.000  -0.138   0.380   0.
  2017 352  2 20 47 496 352.097771950       1.82      0.95     -0.52  0.        3857.970        602.325       5231.593    0.000  -0.138   0.380   0.
  2017 352  2 20 48 496 352.097783524       1.73      0.82     -1.05  0.        3857.316        604.074       5233.354    0.000  -0.138   0.380   0.
  2017 352  2 20 49 496 352.097795098       1.97      0.91     -0.52  0.        3856.660        605.823       5235.115    0.000  -0.138   0.380   0.
  2017 352  2 20 50 496 352.097806672       1.75      1.04     -0.98  0.        3856.005        607.572       5236.875    0.000  -0.138   0.380   0.
  2017 352  2 20 51 496 352.097818246       1.31      1.36     -0.60  0.        3855.348        609.321       5238.634    0.000  -0.138   0.380   0.
  2017 352  2 20 52 496 352.097829821       1.07      0.83     -0.84  0.        3854.691        611.070       5240.392    0.000  -0.138   0.380   0.
  2017 352  2 20 53 496 352.097841395       1.98      0.38     -0.58  0.        3854.033        612.818       5242.150    0.000  -0.138   0.380   0.
  2017 352  2 20 54 496 352.097852969       1.87      0.52     -0.67  0.        3853.375        614.567       5243.906    0.000  -0.138   0.380   0.
  2017 352  2 20 55 496 352.097864543       1.38      0.55     -1.09  0.        3852.716        616.315       5245.662    0.000  -0.138   0.380   0.
  2017 352  2 20 56 496 352.097876117       2.06      0.53     -0.63  0.        3852.057        618.063       5247.417    0.000  -0.138   0.380   0.
  2017 352  2 20 57 496 352.097887691       1.36      0.95     -0.81  0.        3851.397        619.812       5249.171    0.000  -0.138   0.380   0.
  2017 352  2 20 58 496 352.097899265       1.43      0.97     -0.78  0.        3850.737        621.560       5250.925    0.000  -0.138   0.380   0.
  2017 352  2 20 59 496 352.097910839       1.42      0.64     -1.12  0.        3850.076        623.308       5252.677    0.000  -0.138   0.380   0.
  2017 352  2 21  0 496 352.097922413       1.58      0.77     -0.71  0.        3849.414        625.056       5254.429    0.000  -0.138   0.380   0.
  2017 352  2 21  1 496 352.097933987       1.36      0.56     -0.96  0.        3848.752        626.804       5256.180    0.000  -0.138   0.380   0.
  2017 352  2 21  2 496 352.097945561       1.56      0.59     -0.71  0.        3848.089        628.551       5257.930    0.000  -0.138   0.380   0.
  2017 352  2 21  3 496 352.097957135       1.89      0.60     -0.68  0.        3847.425        630.299       5259.680    0.000  -0.138   0.380   0.
  2017 352  2 21  4 496 352.097968709       1.69      0.29     -0.86  0.        3846.761        632.046       5261.428    0.000  -0.138   0.380   0.
  2017 352  2 21  5 496 352.097980284       1.16      0.98     -0.80  0.        3846.096        633.794       5263.176    0.000  -0.138   0.380   0.
  2017 352  2 21  6 496 352.097991858       1.81      0.93     -0.48  0.        3845.431        635.541       5264.923    0.000  -0.138   0.380   0.
  2017 352  2 21  7 496 352.098003432       1.84      0.22     -0.66  0.        3844.765        637.289       5266.669    0.000  -0.138   0.380   0.
  2017 352  2 21  8 496 352.098015006       1.73      1.06     -0.61  0.        3844.099        639.036       5268.415    0.000  -0.138   0.380   0.
  2017 352  2 21  9 496 352.098026580       1.89      0.59     -0.78  0.        3843.432        640.783       5270.159    0.000  -0.138   0.380   0.
  2017 352  2 21 10 496 352.098038154       1.95      0.91     -0.69  0.        3842.764        642.530       5271.903    0.000  -0.138   0.380   0.
  2017 352  2 21 11 496 352.098049728       1.65      0.85     -0.72  0.        3842.096        644.277       5273.646    0.000  -0.138   0.380   0.
  2017 352  2 21 12 496 352.098061302       1.95      0.26     -0.71  0.        3841.428        646.023       5275.388    0.000  -0.138   0.380   0.
  2017 352  2 21 13 496 352.098072876       1.95      0.91     -0.85  0.        3840.758        647.770       5277.130    0.000  -0.138   0.380   0.
  2017 352  2 21 14 496 352.098084450       1.56      1.11     -0.77  0.        3840.088        649.517       5278.870    0.000  -0.138   0.380   0.
  2017 352  2 21 15 496 352.098096024       1.42      0.89     -0.85  0.        3839.418        651.263       5280.610    0.000  -0.138   0.380   0.
  2017 352  2 21 16 496 352.098107596       1.94      0.52     -0.51  0.        3838.747        653.009       5282.349    0.000  -0.138   0.380   0.
  2017 352  2 21 17 496 352.098119170       1.98      0.56     -0.70  0.        3838.075        654.756       5284.087    0.000  -0.138   0.380   0.
  2017 352  2 21 18 496 352.098130744       1.45      0.91     -0.83  0.        3837.403        656.502       5285.825    0.000  -0.138   0.380   0.
  2017 352  2 21 19 496 352.098142318       1.55      0.73     -0.64  0.        3836.730        658.248       5287.561    0.000  -0.138   0.380   0.
  2017 352  2 21 20 496 352.098153892       1.66      0.79     -0.73  0.        3836.057        659.994       5289.297    0.000  -0.138   0.380   0.
  2017 352  2 21 21 496 352.098165466       1.27      1.16     -0.63  0.        3835.383        661.740       5291.032    0.000  -0.138   0.380   0.
  2017 352  2 21 22 496 352.098177040       1.55      0.65     -0.73  0.        3834.708        663.486       5292.766    0.000  -0.138   0.380   0.
  2017 352  2 21 23 496 352.098188614       1.32      0.91     -0.96  0.        3834.033        665.231       5294.500    0.000  -0.138   0.380   0.
  2017 352  2 21 24 496 352.098200188       1.50      0.35     -0.59  0.        3833.357        666.977       5296.232    0.000  -0.138   0.380   0.
  2017 352  2 21 25 496 352.098211762       1.31      0.98     -0.77  0.        3832.681        668.722       5297.964    0.000  -0.138   0.380   0.
  2017 352  2 21 26 496 352.098223336       1.12      0.57     -0.88  0.        3832.004        670.468       5299.695    0.000  -0.138   0.380   0.
  2017 352  2 21 27 496 352.098234910       1.38      0.63     -0.73  0.        3831.327        672.213       5301.425    0.000  -0.138   0.380   0.
  2017 352  2 21 28 496 352.098246484       0.97      0.97     -0.96  0.        3830.649        673.958       5303.155    0.000  -0.138   0.380   0.
  2017 352  2 21 29 496 352.098258058       1.43      0.60     -0.75  0.        3829.970        675.703       5304.883    0.000  -0.138   0.380   0.
  2017 352  2 21 30 496 352.098269633       1.50      0.97     -0.36  0.        3829.291        677.448       5306.611    0.000  -0.138   0.380   0.
  2017 352  2 21 31 496 352.098281207       1.65      0.76     -0.93  0.        3828.611        679.193       5308.338    0.000  -0.138   0.380   0.
  2017 352  2 21 32 496 352.098292781       1.23      1.23     -0.44  0.        3827.931        680.938       5310.064    0.000  -0.138   0.380   0.
  2017 352  2 21 33 496 352.098304355       1.08      0.93     -0.56  0.        3827.250        682.683       5311.790    0.000  -0.138   0.380   0.
  2017 352  2 21 34 496 352.098315929       1.24      0.78     -0.61  0.        3826.569        684.427       5313.515    0.000  -0.138   0.380   0.
  2017 352  2 21 35 496 352.098327503       1.58      0.90     -1.09  0.        3825.887        686.172       5315.238    0.000  -0.138   0.380   0.
  2017 352  2 21 36 496 352.098339077       1.23      0.87     -0.75  0.        3825.204        687.916       5316.961    0.000  -0.138   0.380   0.
  2017 352  2 21 37 496 352.098350651       1.64      0.45     -1.04  0.        3824.521        689.661       5318.684    0.000  -0.138   0.380   0.
  2017 352  2 21 38 496 352.098362225       1.55      0.27     -0.40  0.        3823.837        691.404       5320.405    0.000  -0.138   0.380   0.
  2017 352  2 21 39 496 352.098373799       0.69      0.72     -1.13  0.        3823.153        693.149       5322.126    0.000  -0.138   0.380   0.
  2017 352  2 21 40 496 352.098385373       1.49      0.99     -0.81  0.        3822.468        694.893       5323.846    0.000  -0.138   0.380   0.
  2017 352  2 21 41 496 352.098396947       1.34      1.00     -1.13  0.        3821.783        696.636       5325.565    0.000  -0.138   0.380   0.
  2017 352  2 21 42 496 352.098408521       1.61      1.17     -1.09  0.        3821.097        698.380       5327.283    0.000  -0.138   0.380   0.
  2017 352  2 21 43 496 352.098420096       1.95      1.08     -1.15  0.        3820.410        700.124       5329.000    0.000  -0.138   0.380   0.
  2017 352  2 21 44 496 352.098431667       1.88      1.16     -1.30  0.        3819.723        701.867       5330.717    0.000  -0.138   0.380   0.
  2017 352  2 21 45 496 352.098443241       1.66      0.29     -0.99  0.        3819.035        703.611       5332.433    0.000  -0.138   0.380   0.
  2017 352  2 21 46 496 352.098454815       1.25      0.62     -1.02  0.        3818.347        705.354       5334.148    0.000  -0.138   0.380   0.
  2017 352  2 21 47 496 352.098466389       1.92      1.19     -0.86  0.        3817.658        707.097       5335.862    0.000  -0.138   0.380   0.
  2017 352  2 21 48 496 352.098477963       2.02      0.95     -1.52  0.        3816.969        708.841       5337.576    0.000  -0.138   0.380   0.
  2017 352  2 21 49 495 352.098489537       2.08      0.34     -1.16  0.        3816.278        710.584       5339.288    0.000  -0.138   0.380   0.
  2017 352  2 21 50 495 352.098501111       1.52      1.31     -0.99  0.        3815.588        712.327       5341.000    0.000  -0.138   0.380   0.
  2017 352  2 21 51 495 352.098512685       1.55      1.07     -1.34  0.        3814.897        714.069       5342.712    0.000  -0.138   0.380   0.
  2017 352  2 21 52 495 352.098524259       1.67      0.86     -1.31  0.        3814.205        715.812       5344.422    0.000  -0.138   0.380   0.
  2017 352  2 21 53 495 352.098535833       1.58      0.57     -0.43  0.        3813.513        717.555       5346.131    0.000  -0.138   0.380   0.
  2017 352  2 21 54 496 352.098547407       1.76      0.60     -0.64  0.        3812.820        719.297       5347.840    0.000  -0.138   0.380   0.
  2017 352  2 21 55 496 352.098558981       1.42      0.94     -0.59  0.        3812.127        721.040       5349.548    0.000  -0.138   0.380   0.
  2017 352  2 21 56 495 352.098570556       2.03      0.58     -0.40  0.        3811.433        722.782       5351.255    0.000  -0.138   0.380   0.
  2017 352  2 21 57 495 352.098582130       1.36      0.97     -0.60  0.        3810.738        724.524       5352.962    0.000  -0.138   0.380   0.
  2017 352  2 21 58 496 352.098593704       1.33      0.99     -0.71  0.        3810.043        726.266       5354.667    0.000  -0.138   0.380   0.
  2017 352  2 21 59 496 352.098605278       1.71      0.67     -0.39  0.        3809.347        728.008       5356.372    0.000  -0.138   0.380   0.
  2017 352  2 22  0 496 352.098616852       1.55      1.06     -0.42  0.        3808.651        729.750       5358.076    0.000  -0.138   0.380   0.
  2017 352  2 22  1 496 352.098628426       1.90      1.01     -0.65  0.        3807.954        731.492       5359.779    0.000  -0.138   0.380   0.
  2017 352  2 22  2 495 352.098640000       1.95      0.62     -0.43  0.        3807.257        733.233       5361.481    0.000  -0.138   0.380   0.
  2017 352  2 22  3 495 352.098651574       1.54      0.94     -0.60  0.        3806.559        734.975       5363.183    0.000  -0.138   0.380   0.
  2017 352  2 22  4 495 352.098663148       1.35      1.16     -0.69  0.        3805.861        736.716       5364.884    0.000  -0.138   0.380   0.
  2017 352  2 22  5 495 352.098674722       1.60      0.69     -0.83  0.        3805.162        738.457       5366.584    0.000  -0.138   0.380   0.
  2017 352  2 22  6 495 352.098686296       1.40      0.93     -0.41  0.        3804.462        740.199       5368.283    0.000  -0.138   0.380   0.
  2017 352  2 22  7 496 352.098697870       1.23      1.32     -0.79  0.        3803.762        741.940       5369.982    0.000  -0.138   0.380   0.
  2017 352  2 22  8 496 352.098709444       1.41      1.02     -0.39  0.        3803.061        743.681       5371.679    0.000  -0.138   0.380   0.
  2017 352  2 22  9 495 352.098721018       1.00      1.25     -0.96  0.        3802.360        745.422       5373.376    0.000  -0.138   0.380   0.
  2017 352  2 22 10 495 352.098732593       1.57      0.48      0.15  0.        3801.658        747.162       5375.072    0.000  -0.138   0.380   0.
  2017 352  2 22 11 496 352.098744167       0.84      1.75     -0.64  0.        3800.956        748.903       5376.767    0.000  -0.138   0.380   0.
  2017 352  2 22 12 496 352.098755741       0.72      1.03     -0.09  0.        3800.253        750.644       5378.462    0.000  -0.138   0.380   0.
  2017 352  2 22 13 496 352.098767315       1.74      2.06     -0.69  0.        3799.549        752.384       5380.156    0.000  -0.138   0.380   0.
  2017 352  2 22 14 496 352.098778887       1.30      1.52     -0.66  0.        3798.845        754.124       5381.849    0.000  -0.138   0.380   0.
  2017 352  2 22 15 495 352.098790460       1.31      1.50     -0.73  0.        3798.141        755.865       5383.541    0.000  -0.138   0.380   0.
  2017 352  2 22 16 495 352.098802034       1.20      1.44     -0.45  0.        3797.436        757.605       5385.232    0.000  -0.138   0.380   0.
  2017 352  2 22 17 495 352.098813608       1.71      1.35     -0.59  0.        3796.730        759.345       5386.922    0.000  -0.138   0.380   0.
  2017 352  2 22 18 495 352.098825182       1.31      1.37     -0.56  0.        3796.024        761.085       5388.612    0.000  -0.138   0.380   0.
  2017 352  2 22 19 495 352.098836756       2.21      1.26     -0.55  0.        3795.317        762.824       5390.301    0.000  -0.138   0.380   0.
  2017 352  2 22 20 495 352.098848330       1.99      0.79     -0.13  0.        3794.609        764.564       5391.989    0.000  -0.138   0.380   0.
  2017 352  2 22 21 495 352.098859904       1.85      1.25      0.23  0.        3793.902        766.304       5393.677    0.000  -0.138   0.380   0.
  2017 352  2 22 22 495 352.098871479       2.04      1.36     -0.45  0.        3793.193        768.043       5395.363    0.000  -0.138   0.380   0.
  2017 352  2 22 23 495 352.098883053       1.44      1.41     -0.53  0.        3792.484        769.782       5397.049    0.000  -0.138   0.380   0.
  2017 352  2 22 24 495 352.098894627       1.91      1.20     -0.73  0.        3791.774        771.522       5398.734    0.000  -0.138   0.380   0.
  2017 352  2 22 25 495 352.098906201       2.10      0.98     -0.79  0.        3791.064        773.261       5400.418    0.000  -0.138   0.380   0.
  2017 352  2 22 26 495 352.098917775       1.80      0.37     -1.01  0.        3790.354        775.000       5402.102    0.000  -0.138   0.380   0.
  2017 352  2 22 27 495 352.098929349       2.41      1.11     -0.20  0.        3789.642        776.739       5403.785    0.000  -0.138   0.380   0.
  2017 352  2 22 28 495 352.098940923       1.61      1.39     -1.52  0.        3788.930        778.477       5405.466    0.000  -0.138   0.380   0.
  2017 352  2 22 29 495 352.098952497       1.77      0.55     -0.49  0.        3788.218        780.216       5407.147    0.000  -0.138   0.380   0.
  2017 352  2 22 30 495 352.098964071       0.98      2.08     -0.62  0.        3787.505        781.955       5408.828    0.000  -0.138   0.380   0.
  2017 352  2 22 31 495 352.098975645       1.16      1.90     -0.55  0.        3786.792        783.693       5410.507    0.000  -0.138   0.380   0.
  2017 352  2 22 32 495 352.098987219       1.42      1.98     -0.41  0.        3786.078        785.431       5412.186    0.000  -0.138   0.380   0.
  2017 352  2 22 33 495 352.098998793       0.87      2.49     -0.29  0.        3785.363        787.170       5413.864    0.000  -0.138   0.380   0.
  2017 352  2 22 34 495 352.099010367       0.93      1.48     -0.57  0.        3784.648        788.908       5415.541    0.000  -0.138   0.380   0.
  2017 352  2 22 35 495 352.099021942       1.25      1.81     -0.67  0.        3783.932        790.646       5417.217    0.000  -0.138   0.380   0.
  2017 352  2 22 36 495 352.099033516       1.50      1.52     -0.29  0.        3783.216        792.383       5418.893    0.000  -0.138   0.380   0.
  2017 352  2 22 37 495 352.099045090       0.89      1.37      0.35  0.        3782.499        794.121       5420.568    0.000  -0.138   0.380   0.
  2017 352  2 22 38 495 352.099056664       1.61      1.63      1.19  0.        3781.782        795.859       5422.242    0.000  -0.138   0.380   0.
  2017 352  2 22 39 495 352.099068238       2.88      1.00      0.73  0.        3781.064        797.596       5423.915    0.000  -0.138   0.380   0.
  2017 352  2 22 40 495 352.099079812       1.37      1.91      0.49  0.        3780.346        799.334       5425.587    0.000  -0.138   0.380   0.
  2017 352  2 22 41 495 352.099091386       0.73      1.66      0.02  0.        3779.627        801.071       5427.259    0.000  -0.138   0.380   0.
  2017 352  2 22 42 495 352.099102960       0.93      1.29      0.19  0.        3778.908        802.808       5428.930    0.000  -0.138   0.380   0.
  2017 352  2 22 43 495 352.099114534       0.67      1.41     -0.31  0.        3778.187        804.545       5430.600    0.000  -0.138   0.380   0.
  2017 352  2 22 44 495 352.099126106       1.84      1.08     -0.19  0.        3777.467        806.282       5432.269    0.000  -0.138   0.380   0.
  2017 352  2 22 45 495 352.099137679       1.76      1.81     -0.30  0.        3776.746        808.019       5433.938    0.000  -0.138   0.380   0.
  2017 352  2 22 46 495 352.099149254       1.70      1.36     -0.36  0.        3776.024        809.756       5435.605    0.000  -0.138   0.380   0.
  2017 352  2 22 47 495 352.099160827       1.78      1.45     -0.36  0.        3775.302        811.492       5437.272    0.000  -0.138   0.380   0.
  2017 352  2 22 48 495 352.099172402       1.50      0.56     -0.77  0.        3774.579        813.229       5438.939    0.000  -0.138   0.380   0.
  2017 352  2 22 49 495 352.099183976       1.16      0.87     -0.42  0.        3773.856        814.965       5440.604    0.000  -0.138   0.380   0.
  2017 352  2 22 50 495 352.099195550       1.60      0.70     -0.32  0.        3773.132        816.701       5442.268    0.000  -0.138   0.380   0.
  2017 352  2 22 51 495 352.099207124       1.42      0.68     -0.34  0.        3772.407        818.438       5443.932    0.000  -0.138   0.380   0.
  2017 352  2 22 52 495 352.099218698       2.38      0.68     -1.08  0.        3771.683        820.173       5445.595    0.000  -0.138   0.380   0.
  2017 352  2 22 53 495 352.099230272       1.70      1.41     -0.47  0.        3770.957        821.909       5447.257    0.000  -0.138   0.380   0.
  2017 352  2 22 54 495 352.099241846       0.93      1.39     -0.87  0.        3770.231        823.645       5448.919    0.000  -0.138   0.380   0.
  2017 352  2 22 55 495 352.099253420       1.37      1.17     -0.80  0.        3769.505        825.381       5450.580    0.000  -0.138   0.380   0.
  2017 352  2 22 56 495 352.099264994       1.38      1.17     -0.41  0.        3768.777        827.116       5452.239    0.000  -0.138   0.380   0.
  2017 352  2 22 57 495 352.099276568       1.72      0.74     -0.63  0.        3768.050        828.852       5453.899    0.000  -0.138   0.380   0.
  2017 352  2 22 58 495 352.099288142       1.51      1.31     -0.60  0.        3767.322        830.587       5455.557    0.000  -0.138   0.380   0.
  2017 352  2 22 59 495 352.099299716       1.44      1.05     -1.06  0.        3766.593        832.322       5457.214    0.000  -0.138   0.380   0.
  2017 352  2 23  0 495 352.099311291       2.97      0.40     -0.77  0.        3765.864        834.057       5458.871    0.000  -0.138   0.380   0.
  2017 352  2 23  1 495 352.099322865       2.38      1.24     -0.87  0.        3765.134        835.792       5460.527    0.000  -0.138   0.380   0.
  2017 352  2 23  2 495 352.099334439       1.39      1.88     -0.62  0.        3764.404        837.527       5462.182    0.000  -0.138   0.380   0.
  2017 352  2 23  3 495 352.099346013       0.68      2.43     -0.93  0.        3763.673        839.262       5463.837    0.000  -0.138   0.380   0.
  2017 352  2 23  4 495 352.099357587       1.38      1.94     -0.80  0.        3762.941        840.996       5465.490    0.000  -0.138   0.380   0.
  2017 352  2 23  5 495 352.099369161       1.95      2.18     -0.90  0.        3762.209        842.731       5467.143    0.000  -0.138   0.380   0.
  2017 352  2 23  6 495 352.099380735       1.84      1.71     -0.55  0.        3761.477        844.465       5468.795    0.000  -0.138   0.380   0.
  2017 352  2 23  7 495 352.099392309       0.90      1.87     -1.48  0.        3760.744        846.199       5470.447    0.000  -0.138   0.380   0.
  2017 352  2 23  8 495 352.099403883       0.99      1.93     -1.13  0.        3760.010        847.933       5472.097    0.000  -0.138   0.380   0.
  2017 352  2 23  9 495 352.099415457       0.72      2.12     -0.80  0.        3759.276        849.667       5473.747    0.000  -0.138   0.380   0.
  2017 352  2 23 10 495 352.099427031       1.06      1.20     -1.16  0.        3758.541        851.401       5475.396    0.000  -0.138   0.380   0.
  2017 352  2 23 11 495 352.099438605       0.28      2.36     -1.31  0.        3757.806        853.135       5477.044    0.000  -0.138   0.380   0.
  2017 352  2 23 12 495 352.099450179      -0.70      1.77     -1.79  0.        3757.070        854.869       5478.691    0.000  -0.138   0.380   0.
  2017 352  2 23 13 495 352.099461754       0.59      1.70     -1.31  0.        3756.334        856.602       5480.338    0.000  -0.138   0.380   0.
  2017 352  2 23 14 495 352.099473325       0.64      1.41     -1.01  0.        3755.598        858.335       5481.984    0.000  -0.138   0.380   0.
  2017 352  2 23 15 495 352.099484899       0.78      0.87     -1.03  0.        3754.860        860.069       5483.629    0.000  -0.138   0.380   0.
  2017 352  2 23 16 495 352.099496473       0.69      1.03     -0.67  0.        3754.123        861.802       5485.273    0.000  -0.138   0.380   0.
  2017 352  2 23 17 495 352.099508047       0.94      1.32     -0.91  0.        3753.384        863.535       5486.916    0.000  -0.138   0.380   0.
  2017 352  2 23 18 495 352.099519621       1.27      1.09     -1.15  0.        3752.645        865.268       5488.559    0.000  -0.138   0.380   0.
  2017 352  2 23 19 495 352.099531195       1.70      0.81     -0.99  0.        3751.906        867.000       5490.201    0.000  -0.138   0.380   0.
  2017 352  2 23 20 495 352.099542769       1.93      0.80     -0.84  0.        3751.166        868.733       5491.842    0.000  -0.138   0.380   0.
  2017 352  2 23 21 495 352.099554343       1.92      0.68     -1.09  0.        3750.425        870.466       5493.483    0.000  -0.138   0.380   0.
  2017 352  2 23 22 495 352.099565917       1.64      1.09     -0.31  0.        3749.684        872.198       5495.122    0.000  -0.138   0.380   0.
  2017 352  2 23 23 495 352.099577491       2.06      0.46     -0.59  0.        3748.943        873.930       5496.761    0.000  -0.138   0.380   0.
  2017 352  2 23 24 495 352.099589065       1.41      1.10     -0.15  0.        3748.201        875.662       5498.399    0.000  -0.138   0.380   0.
  2017 352  2 23 25 495 352.099600639       1.32      1.38     -0.42  0.        3747.458        877.394       5500.036    0.000  -0.138   0.380   0.
  2017 352  2 23 26 495 352.099612214       1.82      0.48     -0.51  0.        3746.715        879.126       5501.673    0.000  -0.138   0.380   0.
  2017 352  2 23 27 495 352.099623788       1.74      0.82      0.32  0.        3745.971        880.858       5503.308    0.000  -0.138   0.380   0.
  2017 352  2 23 28 495 352.099635362       1.67      1.27     -0.87  0.        3745.227        882.590       5504.943    0.000  -0.138   0.380   0.
  2017 352  2 23 29 495 352.099646936       2.18      0.33     -0.41  0.        3744.482        884.321       5506.578    0.000  -0.138   0.380   0.
  2017 352  2 23 30 495 352.099658510       1.50      1.56      0.07  0.        3743.737        886.053       5508.211    0.000  -0.138   0.380   0.
  2017 352  2 23 31 495 352.099670084       1.41      1.31     -0.86  0.        3742.991        887.784       5509.843    0.000  -0.138   0.380   0.
  2017 352  2 23 32 495 352.099681658       1.52      1.13      0.69  0.        3742.245        889.515       5511.475    0.000  -0.138   0.380   0.
  2017 352  2 23 33 495 352.099693232       1.17      1.62     -0.04  0.        3741.498        891.246       5513.106    0.000  -0.138   0.380   0.
  2017 352  2 23 34 495 352.099704806       1.15      1.63      0.31  0.        3740.751        892.977       5514.737    0.000  -0.138   0.380   0.
  2017 352  2 23 35 495 352.099716380       0.73      1.86     -1.10  0.        3740.003        894.708       5516.366    0.000  -0.138   0.380   0.
  2017 352  2 23 36 495 352.099727954       1.22      0.98     -0.68  0.        3739.254        896.439       5517.995    0.000  -0.138   0.380   0.
  2017 352  2 23 37 495 352.099739528       2.18      0.56     -0.88  0.        3738.506        898.169       5519.623    0.000  -0.138   0.380   0.
  2017 352  2 23 38 495 352.099751102       2.02      1.00     -1.14  0.        3737.756        899.899       5521.250    0.000  -0.138   0.380   0.
  2017 352  2 23 39 495 352.099762677       1.82      0.96     -0.61  0.        3737.006        901.630       5522.876    0.000  -0.138   0.380   0.
  2017 352  2 23 40 495 352.099774251       1.49      1.19     -1.07  0.        3736.256        903.360       5524.502    0.000  -0.138   0.379   0.
  2017 352  2 23 41 495 352.099785825       1.65      1.28     -0.77  0.        3735.505        905.090       5526.127    0.000  -0.138   0.379   0.
  2017 352  2 23 42 495 352.099797397       1.33      1.20     -0.51  0.        3734.753        906.820       5527.751    0.000  -0.138   0.380   0.
  2017 352  2 23 43 495 352.099808970       1.69      1.32     -0.78  0.        3734.001        908.550       5529.374    0.000  -0.138   0.380   0.
  2017 352  2 23 44 495 352.099820544       1.39      1.17     -0.51  0.        3733.248        910.279       5530.996    0.000  -0.138   0.380   0.
  2017 352  2 23 45 494 352.099832118       1.20      0.92     -0.75  0.        3732.495        912.009       5532.618    0.000  -0.138   0.380   0.
  2017 352  2 23 46 494 352.099843692       1.64      0.75     -0.93  0.        3731.742        913.738       5534.239    0.000  -0.138   0.380   0.
  2017 352  2 23 47 494 352.099855266       2.02      0.24     -0.70  0.        3730.987        915.467       5535.859    0.000  -0.138   0.380   0.
  2017 352  2 23 48 494 352.099866840       1.78      0.62     -0.51  0.        3730.233        917.196       5537.479    0.000  -0.138   0.380   0.
  2017 352  2 23 49 494 352.099878414       2.43      0.54     -0.72  0.        3729.477        918.926       5539.097    0.000  -0.138   0.380   0.
  2017 352  2 23 50 495 352.099889988       1.52      0.49     -0.54  0.        3728.722        920.654       5540.715    0.000  -0.138   0.380   0.
  2017 352  2 23 51 495 352.099901562       1.70      1.06     -0.17  0.        3727.965        922.383       5542.332    0.000  -0.138   0.380   0.
  2017 352  2 23 52 494 352.099913137       1.47      1.18     -0.67  0.        3727.209        924.112       5543.949    0.000  -0.138   0.380   0.
  2017 352  2 23 53 494 352.099924711       1.45      0.81     -0.10  0.        3726.451        925.840       5545.564    0.000  -0.138   0.380   0.
  2017 352  2 23 54 495 352.099936285       1.13      1.86     -0.63  0.        3725.694        927.569       5547.179    0.000  -0.138   0.380   0.
  2017 352  2 23 55 495 352.099947859       1.45      0.47     -0.16  0.        3724.935        929.297       5548.793    0.000  -0.138   0.380   0.
  2017 352  2 23 56 495 352.099959433       1.76      0.75     -0.97  0.        3724.176        931.025       5550.406    0.000  -0.138   0.380   0.
  2017 352  2 23 57 495 352.099971007       1.93      0.43     -0.91  0.        3723.417        932.753       5552.019    0.000  -0.138   0.380   0.
  2017 352  2 23 58 494 352.099982581       1.77      0.46     -0.14  0.        3722.657        934.481       5553.630    0.000  -0.138   0.380   0.
  2017 352  2 23 59 494 352.099994155       2.06      1.10     -0.20  0.        3721.897        936.209       5555.241    0.000  -0.138   0.380   0.
  2017 352  2 24  0 494 352.100005729       2.25      0.75     -0.43  0.        3721.136        937.936       5556.851    0.000  -0.138   0.380   0.
  2017 352  2 24  1 494 352.100017303       1.79      1.61     -0.33  0.        3720.374        939.664       5558.461    0.000  -0.138   0.380   0.
  2017 352  2 24  2 494 352.100028877       1.52      1.41     -0.50  0.        3719.612        941.391       5560.069    0.000  -0.138   0.380   0.
  2017 352  2 24  3 495 352.100040451       0.98      1.23     -0.77  0.        3718.850        943.118       5561.677    0.000  -0.138   0.380   0.
  2017 352  2 24  4 495 352.100052025       1.36      1.18     -0.57  0.        3718.087        944.845       5563.284    0.000  -0.138   0.380   0.
  2017 352  2 24  5 494 352.100063600       1.23      1.36     -0.61  0.        3717.323        946.572       5564.891    0.000  -0.138   0.380   0.
  2017 352  2 24  6 494 352.100075174       1.20      1.00      0.05  0.        3716.559        948.299       5566.496    0.000  -0.138   0.380   0.
  2017 352  2 24  7 495 352.100086748       1.16      1.19     -0.06  0.        3715.795        950.026       5568.101    0.000  -0.138   0.380   0.
  2017 352  2 24  8 495 352.100098322       1.26      1.10     -0.46  0.        3715.030        951.752       5569.705    0.000  -0.138   0.380   0.
  2017 352  2 24  9 495 352.100109896       1.65      0.74      0.02  0.        3714.264        953.479       5571.308    0.000  -0.138   0.380   0.
  2017 352  2 24 10 495 352.100121470       1.68      1.18     -0.23  0.        3713.498        955.205       5572.910    0.000  -0.138   0.380   0.
  2017 352  2 24 11 495 352.100133044       1.56      1.04     -0.10  0.        3712.732        956.931       5574.512    0.000  -0.138   0.380   0.
  2017 352  2 24 12 494 352.100144618       1.28      1.43     -0.07  0.        3711.965        958.657       5576.113    0.000  -0.138   0.380   0.
  2017 352  2 24 13 494 352.100156192       1.15      1.21     -0.50  0.        3711.197        960.383       5577.713    0.000  -0.138   0.380   0.
  2017 352  2 24 14 494 352.100167764       1.49      0.82     -0.57  0.        3710.429        962.109       5579.312    0.000  -0.138   0.380   0.
  2017 352  2 24 15 494 352.100179337       1.94      0.75     -0.50  0.        3709.660        963.834       5580.911    0.000  -0.138   0.380   0.
  2017 352  2 24 16 494 352.100190911       2.36      0.64      0.25  0.        3708.891        965.560       5582.509    0.000  -0.138   0.380   0.
  2017 352  2 24 17 494 352.100202486       2.42      0.58     -0.77  0.        3708.121        967.285       5584.106    0.000  -0.138   0.380   0.
  2017 352  2 24 18 494 352.100214060       2.13      0.78     -0.34  0.        3707.351        969.010       5585.702    0.000  -0.138   0.380   0.
  2017 352  2 24 19 494 352.100225634       1.82      0.98     -0.70  0.        3706.581        970.735       5587.297    0.000  -0.138   0.380   0.
  2017 352  2 24 20 494 352.100237208       2.19      0.69     -0.47  0.        3705.809        972.460       5588.892    0.000  -0.138   0.380   0.
  2017 352  2 24 21 494 352.100248782       2.28      1.19      0.03  0.        3705.038        974.185       5590.486    0.000  -0.138   0.380   0.
  2017 352  2 24 22 494 352.100260356       2.29      1.37     -0.67  0.        3704.266        975.910       5592.079    0.000  -0.138   0.380   0.
  2017 352  2 24 23 494 352.100271930       1.90      1.39     -0.36  0.        3703.493        977.634       5593.672    0.000  -0.138   0.380   0.
  2017 352  2 24 24 494 352.100283504       1.57      1.87     -0.98  0.        3702.720        979.359       5595.263    0.000  -0.138   0.380   0.
  2017 352  2 24 25 494 352.100295078       1.55      0.85     -0.31  0.        3701.946        981.083       5596.854    0.000  -0.138   0.380   0.
  2017 352  2 24 26 494 352.100306652       1.46      1.50      0.10  0.        3701.172        982.807       5598.444    0.000  -0.138   0.380   0.
  2017 352  2 24 27 494 352.100318226       1.50      1.28     -0.44  0.        3700.397        984.531       5600.034    0.000  -0.138   0.380   0.
  2017 352  2 24 28 494 352.100329800       1.16      1.44      0.30  0.        3699.622        986.255       5601.622    0.000  -0.138   0.380   0.
  2017 352  2 24 29 494 352.100341374       1.06      1.37      0.35  0.        3698.846        987.979       5603.210    0.000  -0.138   0.380   0.
  2017 352  2 24 30 494 352.100352948       0.90      1.61     -0.44  0.        3698.070        989.703       5604.797    0.000  -0.138   0.380   0.
  2017 352  2 24 31 494 352.100364523       1.41      1.41     -0.75  0.        3697.293        991.426       5606.384    0.000  -0.138   0.380   0.
  2017 352  2 24 32 494 352.100376097       1.92      0.77     -1.08  0.        3696.516        993.149       5607.969    0.000  -0.138   0.380   0.
  2017 352  2 24 33 494 352.100387671       1.44      0.84     -0.08  0.        3695.738        994.873       5609.554    0.000  -0.138   0.380   0.
  2017 352  2 24 34 494 352.100399245       1.36      0.93     -0.38  0.        3694.960        996.596       5611.138    0.000  -0.138   0.380   0.
  2017 352  2 24 35 494 352.100410819       1.58      0.79     -0.05  0.        3694.181        998.319       5612.721    0.000  -0.138   0.380   0.
  2017 352  2 24 36 494 352.100422393       1.53      1.34     -0.10  0.        3693.402       1000.041       5614.303    0.000  -0.138   0.380   0.
  2017 352  2 24 37 494 352.100433967       2.08      0.62     -0.29  0.        3692.622       1001.764       5615.885    0.000  -0.138   0.380   0.
  2017 352  2 24 38 494 352.100445541       1.48      1.28     -0.32  0.        3691.842       1003.487       5617.466    0.000  -0.138   0.380   0.
  2017 352  2 24 39 494 352.100457115       1.57      1.33     -0.41  0.        3691.061       1005.209       5619.046    0.000  -0.138   0.380   0.
  2017 352  2 24 40 494 352.100468689       1.58      0.84     -0.49  0.        3690.280       1006.931       5620.626    0.000  -0.138   0.380   0.
  2017 352  2 24 41 494 352.100480263       1.98      1.29     -0.64  0.        3689.498       1008.653       5622.204    0.000  -0.138   0.380   0.
  2017 352  2 24 42 494 352.100491837       1.47      1.25      0.27  0.        3688.715       1010.375       5623.782    0.000  -0.138   0.380   0.
  2017 352  2 24 43 494 352.100503411       1.34      1.32     -0.25  0.        3687.933       1012.097       5625.359    0.000  -0.138   0.380   0.
  2017 352  2 24 44 494 352.100514983       1.63      1.25      0.14  0.        3687.149       1013.819       5626.935    0.000  -0.138   0.380   0.
  2017 352  2 24 45 494 352.100526557       1.21      0.86      0.03  0.        3686.366       1015.541       5628.511    0.000  -0.138   0.380   0.
  2017 352  2 24 46 494 352.100538131       1.38      1.21      0.21  0.        3685.581       1017.262       5630.086    0.000  -0.138   0.380   0.
  2017 352  2 24 47 494 352.100549705       1.62      1.16      0.20  0.        3684.797       1018.983       5631.660    0.000  -0.138   0.380   0.
  2017 352  2 24 48 494 352.100561279       1.46      0.63     -0.47  0.        3684.011       1020.705       5633.233    0.000  -0.138   0.380   0.
  2017 352  2 24 49 494 352.100572853       1.79      0.49      0.18  0.        3683.225       1022.426       5634.806    0.000  -0.138   0.380   0.
  2017 352  2 24 50 494 352.100584427       1.60      1.02      0.46  0.        3682.439       1024.146       5636.377    0.000  -0.138   0.380   0.
  2017 352  2 24 51 494 352.100596001       0.95      1.11     -0.17  0.        3681.652       1025.867       5637.949    0.000  -0.138   0.380   0.
  2017 352  2 24 52 494 352.100607575       1.87      0.81      0.37  0.        3680.865       1027.588       5639.519    0.000  -0.138   0.380   0.
  2017 352  2 24 53 494 352.100619149       2.29      1.02     -0.05  0.        3680.077       1029.308       5641.088    0.000  -0.138   0.380   0.
  2017 352  2 24 54 494 352.100630723       1.13      1.47     -0.02  0.        3679.289       1031.029       5642.657    0.000  -0.138   0.380   0.
  2017 352  2 24 55 494 352.100642297       1.45      1.25      0.14  0.        3678.500       1032.749       5644.224    0.000  -0.138   0.380   0.
  2017 352  2 24 56 494 352.100653872       2.01      1.21      0.19  0.        3677.711       1034.469       5645.792    0.000  -0.138   0.380   0.
  2017 352  2 24 57 494 352.100665446       1.33      1.88      0.13  0.        3676.921       1036.189       5647.358    0.000  -0.138   0.380   0.
  2017 352  2 24 58 494 352.100677020       1.09      1.39     -0.74  0.        3676.131       1037.909       5648.924    0.000  -0.138   0.380   0.
  2017 352  2 24 59 494 352.100688594       1.06      1.22     -0.58  0.        3675.340       1039.628       5650.489    0.000  -0.138   0.380   0.
  2017 352  2 25  0 494 352.100700168       1.34      0.99     -0.31  0.        3674.549       1041.348       5652.053    0.000  -0.138   0.380   0.
  2017 352  2 25  1 494 352.100711742       1.24      0.96     -0.60  0.        3673.757       1043.067       5653.616    0.000  -0.138   0.380   0.
  2017 352  2 25  2 494 352.100723316       1.56      0.79     -0.61  0.        3672.965       1044.786       5655.179    0.000  -0.138   0.380   0.
  2017 352  2 25  3 494 352.100734890       1.37      1.36     -0.39  0.        3672.172       1046.505       5656.741    0.000  -0.138   0.380   0.
  2017 352  2 25  4 494 352.100746464       1.49      1.09     -0.64  0.        3671.379       1048.224       5658.302    0.000  -0.138   0.380   0.
  2017 352  2 25  5 494 352.100758038       1.25      1.10     -0.70  0.        3670.585       1049.943       5659.862    0.000  -0.138   0.380   0.
  2017 352  2 25  6 494 352.100769612       1.24      0.79     -0.38  0.        3669.791       1051.662       5661.422    0.000  -0.138   0.380   0.
  2017 352  2 25  7 494 352.100781186       1.08      1.15     -0.77  0.        3668.996       1053.380       5662.981    0.000  -0.138   0.380   0.
  2017 352  2 25  8 494 352.100792760       1.99      0.63     -0.59  0.        3668.201       1055.099       5664.539    0.000  -0.138   0.380   0.
  2017 352  2 25  9 494 352.100804335       1.53      0.91     -0.36  0.        3667.405       1056.817       5666.096    0.000  -0.138   0.380   0.
  2017 352  2 25 10 494 352.100815909       1.71      0.82     -0.68  0.        3666.609       1058.535       5667.652    0.000  -0.138   0.380   0.
  2017 352  2 25 11 494 352.100827483       1.61      0.97     -0.45  0.        3665.813       1060.253       5669.208    0.000  -0.138   0.380   0.
  2017 352  2 25 12 494 352.100839055       1.61      1.04     -0.43  0.        3665.015       1061.971       5670.763    0.000  -0.138   0.380   0.
  2017 352  2 25 13 494 352.100850628       1.93      0.77     -0.36  0.        3664.218       1063.688       5672.317    0.000  -0.138   0.380   0.
  2017 352  2 25 14 494 352.100862202       2.06      0.71     -0.53  0.        3663.420       1065.406       5673.871    0.000  -0.138   0.380   0.
  2017 352  2 25 15 494 352.100873776       1.46      1.34     -0.20  0.        3662.621       1067.123       5675.423    0.000  -0.138   0.380   0.
  2017 352  2 25 16 494 352.100885350       1.33      1.03     -0.21  0.        3661.822       1068.840       5676.975    0.000  -0.138   0.380   0.
  2017 352  2 25 17 494 352.100896924       1.76      1.04     -0.50  0.        3661.023       1070.557       5678.527    0.000  -0.138   0.380   0.
  2017 352  2 25 18 494 352.100908498       1.27      1.17      0.30  0.        3660.222       1072.274       5680.077    0.000  -0.138   0.380   0.
  2017 352  2 25 19 494 352.100920072       1.57      1.63     -0.36  0.        3659.421       1073.991       5681.627    0.000  -0.138   0.380   0.
  2017 352  2 25 20 494 352.100931646       1.66      1.15     -0.42  0.        3658.620       1075.708       5683.176    0.000  -0.138   0.380   0.
  2017 352  2 25 21 494 352.100943220       1.14      1.35      0.05  0.        3657.819       1077.425       5684.724    0.000  -0.138   0.380   0.
  2017 352  2 25 22 494 352.100954795       1.12      0.84     -0.69  0.        3657.017       1079.141       5686.271    0.000  -0.138   0.380   0.
  2017 352  2 25 23 494 352.100966369       0.84      1.66     -0.34  0.        3656.214       1080.857       5687.818    0.000  -0.138   0.380   0.
  2017 352  2 25 24 494 352.100977943       1.17      0.82     -0.91  0.        3655.411       1082.573       5689.364    0.000  -0.138   0.380   0.
  2017 352  2 25 25 494 352.100989517       1.42      0.99      0.16  0.        3654.608       1084.289       5690.909    0.000  -0.138   0.380   0.
  2017 352  2 25 26 494 352.101001091       1.60      1.27     -0.26  0.        3653.804       1086.005       5692.453    0.000  -0.138   0.380   0.
  2017 352  2 25 27 494 352.101012665       1.84      0.97     -0.39  0.        3652.999       1087.721       5693.997    0.000  -0.138   0.380   0.
  2017 352  2 25 28 494 352.101024239       1.39      1.12      0.01  0.        3652.194       1089.436       5695.540    0.000  -0.138   0.380   0.
  2017 352  2 25 29 494 352.101035813       1.12      1.45     -0.74  0.        3651.389       1091.152       5697.082    0.000  -0.138   0.380   0.
  2017 352  2 25 30 494 352.101047387       1.09      1.73     -0.15  0.        3650.583       1092.867       5698.623    0.000  -0.138   0.380   0.
  2017 352  2 25 31 494 352.101058961       1.08      1.30     -0.54  0.        3649.776       1094.582       5700.164    0.000  -0.138   0.380   0.
  2017 352  2 25 32 494 352.101070535       1.47      1.32     -0.50  0.        3648.969       1096.297       5701.704    0.000  -0.138   0.380   0.
  2017 352  2 25 33 494 352.101082109       1.13      1.22     -0.72  0.        3648.162       1098.012       5703.243    0.000  -0.138   0.380   0.
  2017 352  2 25 34 494 352.101093683      -0.11      1.38     -0.91  0.        3647.354       1099.726       5704.781    0.000  -0.138   0.380   0.
  2017 352  2 25 35 494 352.101105258       1.01      1.12     -0.52  0.        3646.546       1101.441       5706.319    0.000  -0.138   0.380   0.
  2017 352  2 25 36 494 352.101116832       1.13      1.13     -0.45  0.        3645.737       1103.155       5707.855    0.000  -0.138   0.380   0.
  2017 352  2 25 37 494 352.101128406       1.18      1.00     -0.71  0.        3644.928       1104.869       5709.392    0.000  -0.138   0.380   0.
  2017 352  2 25 38 494 352.101139980       1.51      0.53     -0.78  0.        3644.118       1106.583       5710.927    0.000  -0.138   0.380   0.
  2017 352  2 25 39 494 352.101151554       1.63      0.74     -0.15  0.        3643.308       1108.297       5712.461    0.000  -0.138   0.380   0.
  2017 352  2 25 40 494 352.101163128       1.56      1.15     -0.70  0.        3642.497       1110.011       5713.995    0.000  -0.138   0.380   0.
  2017 352  2 25 41 494 352.101174702       1.16      1.09     -0.18  0.        3641.686       1111.725       5715.528    0.000  -0.138   0.380   0.
  2017 352  2 25 42 493 352.101186274       1.28      1.11     -0.19  0.        3640.874       1113.438       5717.060    0.000  -0.138   0.380   0.
  2017 352  2 25 43 493 352.101197847       1.48      0.84     -0.40  0.        3640.062       1115.151       5718.592    0.000  -0.138   0.380   0.
  2017 352  2 25 44 493 352.101209421       1.29      1.23     -0.41  0.        3639.249       1116.865       5720.123    0.000  -0.138   0.380   0.
  2017 352  2 25 45 494 352.101220995       1.04      1.10     -0.62  0.        3638.436       1118.578       5721.653    0.000  -0.138   0.380   0.
  2017 352  2 25 46 494 352.101232569       1.25      0.91     -0.18  0.        3637.622       1120.291       5723.182    0.000  -0.138   0.380   0.
  2017 352  2 25 47 493 352.101244144       1.59      0.94     -0.87  0.        3636.808       1122.003       5724.711    0.000  -0.138   0.380   0.
  2017 352  2 25 48 493 352.101255718       1.32      1.25     -0.08  0.        3635.993       1123.716       5726.238    0.000  -0.138   0.380   0.
  2017 352  2 25 49 494 352.101267292       1.76      0.86     -0.84  0.        3635.178       1125.428       5727.765    0.000  -0.138   0.380   0.
  2017 352  2 25 50 494 352.101278866       1.35      1.10     -0.25  0.        3634.363       1127.141       5729.291    0.000  -0.138   0.380   0.
  2017 352  2 25 51 494 352.101290440       0.94      1.30     -0.29  0.        3633.547       1128.853       5730.817    0.000  -0.138   0.380   0.
  2017 352  2 25 52 494 352.101302014       1.21      1.26     -0.27  0.        3632.730       1130.565       5732.342    0.000  -0.138   0.380   0.
  2017 352  2 25 53 494 352.101313588       1.48      1.00     -0.41  0.        3631.913       1132.277       5733.866    0.000  -0.138   0.380   0.
  2017 352  2 25 54 493 352.101325162       1.42      1.02      0.23  0.        3631.096       1133.988       5735.389    0.000  -0.138   0.380   0.
  2017 352  2 25 55 493 352.101336736       1.65      1.06     -0.11  0.        3630.278       1135.700       5736.911    0.000  -0.138   0.380   0.
  2017 352  2 25 56 493 352.101348310       1.17      1.21      0.02  0.        3629.459       1137.411       5738.433    0.000  -0.138   0.380   0.
  2017 352  2 25 57 493 352.101359884       1.37      1.01     -0.65  0.        3628.640       1139.123       5739.954    0.000  -0.138   0.380   0.
  2017 352  2 25 58 493 352.101371458       1.18      1.07     -0.26  0.        3627.821       1140.834       5741.474    0.000  -0.138   0.380   0.
  2017 352  2 25 59 494 352.101383032       1.00      0.76      0.01  0.        3627.001       1142.545       5742.994    0.000  -0.138   0.380   0.
  2017 352  2 26  0 494 352.101394606       0.75      1.08     -0.74  0.        3626.181       1144.256       5744.512    0.000  -0.138   0.380   0.
  2017 352  2 26  1 493 352.101406181       1.36      1.00     -0.74  0.        3625.360       1145.966       5746.030    0.000  -0.138   0.380   0.
  2017 352  2 26  2 493 352.101417755       1.46      0.74     -0.18  0.        3624.539       1147.677       5747.548    0.000  -0.138   0.380   0.
  2017 352  2 26  3 494 352.101429329       1.15      1.25     -0.46  0.        3623.717       1149.387       5749.064    0.000  -0.138   0.380   0.
  2017 352  2 26  4 494 352.101440903       1.60      0.83     -0.49  0.        3622.895       1151.097       5750.580    0.000  -0.138   0.380   0.
  2017 352  2 26  5 494 352.101452477       1.29      0.97     -0.24  0.        3622.072       1152.807       5752.095    0.000  -0.138   0.380   0.
  2017 352  2 26  6 494 352.101464051       1.63      0.58      0.18  0.        3621.249       1154.517       5753.609    0.000  -0.138   0.380   0.
  2017 352  2 26  7 494 352.101475625       1.04      1.34     -0.24  0.        3620.425       1156.227       5755.123    0.000  -0.138   0.380   0.
  2017 352  2 26  8 493 352.101487199       1.57      0.84      0.44  0.        3619.601       1157.937       5756.635    0.000  -0.138   0.380   0.
  2017 352  2 26  9 493 352.101498773       1.16      1.05      0.01  0.        3618.777       1159.646       5758.147    0.000  -0.138   0.380   0.
  2017 352  2 26 10 493 352.101510347       1.07      1.60     -0.61  0.        3617.952       1161.356       5759.658    0.000  -0.138   0.380   0.
  2017 352  2 26 11 493 352.101521921       0.75      1.05     -0.80  0.        3617.126       1163.065       5761.169    0.000  -0.138   0.380   0.
  2017 352  2 26 12 494 352.101533493       1.58      1.03     -0.28  0.        3616.300       1164.774       5762.679    0.000  -0.138   0.380   0.
  2017 352  2 26 13 493 352.101545067       1.68      0.44      0.65  0.        3615.474       1166.483       5764.188    0.000  -0.138   0.380   0.
  2017 352  2 26 14 493 352.101556641       0.97      1.32     -0.92  0.        3614.647       1168.191       5765.696    0.000  -0.138   0.380   0.
  2017 352  2 26 15 493 352.101568215       0.57      1.33      0.21  0.        3613.819       1169.900       5767.203    0.000  -0.138   0.380   0.
  2017 352  2 26 16 493 352.101579789       1.18      0.51     -0.66  0.        3612.992       1171.608       5768.710    0.000  -0.138   0.380   0.
  2017 352  2 26 17 493 352.101591363       1.31      1.04     -0.45  0.        3612.163       1173.317       5770.216    0.000  -0.138   0.380   0.
  2017 352  2 26 18 493 352.101602937       2.07      0.86     -0.85  0.        3611.334       1175.025       5771.721    0.000  -0.138   0.380   0.
  2017 352  2 26 19 493 352.101614511       1.97      0.51     -0.21  0.        3610.505       1176.733       5773.226    0.000  -0.138   0.380   0.
  2017 352  2 26 20 493 352.101626085       1.06      1.23     -0.29  0.        3609.675       1178.441       5774.729    0.000  -0.138   0.380   0.
  2017 352  2 26 21 493 352.101637659       1.41      1.61     -0.55  0.        3608.845       1180.148       5776.232    0.000  -0.138   0.380   0.
  2017 352  2 26 22 493 352.101649233       1.00      1.60      0.29  0.        3608.014       1181.856       5777.734    0.000  -0.138   0.380   0.
  2017 352  2 26 23 493 352.101660807       1.19      0.93     -0.18  0.        3607.183       1183.563       5779.236    0.000  -0.138   0.380   0.
  2017 352  2 26 24 493 352.101672381       1.26      0.70      0.17  0.        3606.352       1185.270       5780.737    0.000  -0.138   0.380   0.
  2017 352  2 26 25 493 352.101683955       1.10      1.11     -0.08  0.        3605.520       1186.977       5782.237    0.000  -0.138   0.380   0.
  2017 352  2 26 26 493 352.101695530       1.18      0.84      0.02  0.        3604.687       1188.684       5783.736    0.000  -0.138   0.380   0.
  2017 352  2 26 27 493 352.101707104       1.10      0.99     -0.15  0.        3603.854       1190.391       5785.234    0.000  -0.138   0.380   0.
  2017 352  2 26 28 493 352.101718678       0.97      1.14     -0.16  0.        3603.021       1192.097       5786.732    0.000  -0.138   0.380   0.
  2017 352  2 26 29 493 352.101730252       1.02      1.31     -0.70  0.        3602.187       1193.804       5788.229    0.000  -0.138   0.380   0.
  2017 352  2 26 30 493 352.101741826       0.89      1.07     -0.07  0.        3601.352       1195.510       5789.725    0.000  -0.138   0.380   0.
  2017 352  2 26 31 493 352.101753400       1.35      0.78     -0.76  0.        3600.517       1197.216       5791.221    0.000  -0.138   0.380   0.
  2017 352  2 26 32 493 352.101764974       1.23      0.73     -0.17  0.        3599.682       1198.922       5792.715    0.000  -0.138   0.380   0.
  2017 352  2 26 33 493 352.101776548       0.37      1.52     -0.34  0.        3598.846       1200.628       5794.209    0.000  -0.138   0.380   0.
  2017 352  2 26 34 493 352.101788122       0.93      1.13     -1.24  0.        3598.010       1202.334       5795.703    0.000  -0.138   0.380   0.
  2017 352  2 26 35 493 352.101799696       2.05      0.40     -0.60  0.        3597.173       1204.039       5797.195    0.000  -0.138   0.380   0.
  2017 352  2 26 36 493 352.101811270       1.17      1.13      0.30  0.        3596.336       1205.745       5798.687    0.000  -0.138   0.380   0.
  2017 352  2 26 37 493 352.101822844       1.85      1.09     -0.21  0.        3595.499       1207.450       5800.178    0.000  -0.138   0.380   0.
  2017 352  2 26 38 493 352.101834418       2.99      1.22      0.25  0.        3594.660       1209.155       5801.668    0.000  -0.138   0.380   0.
  2017 352  2 26 39 493 352.101845992       2.22      1.39     -0.31  0.        3593.822       1210.860       5803.158    0.000  -0.138   0.380   0.
  2017 352  2 26 40 493 352.101857567       1.63      1.34     -0.56  0.        3592.983       1212.564       5804.647    0.000  -0.138   0.380   0.
  2017 352  2 26 41 493 352.101869141       0.98      1.27     -0.80  0.        3592.143       1214.269       5806.135    0.000  -0.138   0.380   0.
  2017 352  2 26 42 493 352.101880713       2.28      0.48     -1.04  0.        3591.303       1215.973       5807.622    0.000  -0.138   0.380   0.
  2017 352  2 26 43 493 352.101892286       1.40      0.64     -0.66  0.        3590.463       1217.678       5809.109    0.000  -0.138   0.380   0.
  2017 352  2 26 44 493 352.101903860       0.31      1.31     -1.45  0.        3589.622       1219.382       5810.594    0.000  -0.138   0.380   0.
  2017 352  2 26 45 493 352.101915434       1.45      1.26     -2.15  0.        3588.781       1221.086       5812.079    0.000  -0.138   0.380   0.
  2017 352  2 26 46 493 352.101927008       1.83      0.67     -1.64  0.        3587.939       1222.790       5813.564    0.000  -0.138   0.380   0.
  2017 352  2 26 47 493 352.101938582       0.65      1.29     -0.91  0.        3587.097       1224.493       5815.047    0.000  -0.138   0.380   0.
  2017 352  2 26 48 493 352.101950156       1.29      0.78     -0.36  0.        3586.254       1226.197       5816.530    0.000  -0.138   0.380   0.
  2017 352  2 26 49 493 352.101961730       1.54      1.14     -0.97  0.        3585.411       1227.900       5818.012    0.000  -0.138   0.380   0.
  2017 352  2 26 50 493 352.101973304       2.03      0.98     -0.01  0.        3584.567       1229.603       5819.493    0.000  -0.138   0.379   0.
  2017 352  2 26 51 493 352.101984878       2.28      1.30     -0.36  0.        3583.723       1231.306       5820.974    0.000  -0.138   0.379   0.
  2017 352  2 26 52 493 352.101996453       2.15      0.78     -0.41  0.        3582.879       1233.009       5822.454    0.000  -0.138   0.380   0.
  2017 352  2 26 53 493 352.102008027       2.04      0.91      0.30  0.        3582.034       1234.712       5823.933    0.000  -0.138   0.380   0.
  2017 352  2 26 54 493 352.102019601       2.17      0.83     -0.64  0.        3581.188       1236.414       5825.411    0.000  -0.138   0.380   0.
  2017 352  2 26 55 493 352.102031175       1.70      1.39     -0.18  0.        3580.342       1238.117       5826.889    0.000  -0.138   0.380   0.
  2017 352  2 26 56 493 352.102042749       1.33      0.90     -0.31  0.        3579.496       1239.819       5828.366    0.000  -0.138   0.380   0.
  2017 352  2 26 57 493 352.102054323       1.46      0.89     -0.44  0.        3578.649       1241.521       5829.842    0.000  -0.138   0.380   0.
  2017 352  2 26 58 493 352.102065897       1.61      0.82     -0.66  0.        3577.802       1243.223       5831.317    0.000  -0.138   0.380   0.
  2017 352  2 26 59 493 352.102077471       1.57      0.68     -0.48  0.        3576.954       1244.925       5832.792    0.000  -0.138   0.380   0.
  2017 352  2 27  0 493 352.102089045       1.53      0.93     -0.77  0.        3576.106       1246.626       5834.266    0.000  -0.138   0.380   0.
  2017 352  2 27  1 493 352.102100619       1.23      1.18     -0.88  0.        3575.258       1248.328       5835.739    0.000  -0.138   0.380   0.
  2017 352  2 27  2 493 352.102112193       1.30      1.12     -0.52  0.        3574.408       1250.029       5837.212    0.000  -0.138   0.380   0.
  2017 352  2 27  3 493 352.102123767       1.62      0.77     -0.68  0.        3573.559       1251.730       5838.683    0.000  -0.138   0.380   0.
  2017 352  2 27  4 493 352.102135341       1.71      0.98     -0.71  0.        3572.709       1253.431       5840.154    0.000  -0.138   0.380   0.
  2017 352  2 27  5 493 352.102146916       1.72      1.44     -1.03  0.        3571.858       1255.132       5841.624    0.000  -0.138   0.380   0.
  2017 352  2 27  6 493 352.102158490       1.43      1.24     -1.14  0.        3571.008       1256.833       5843.094    0.000  -0.138   0.380   0.
  2017 352  2 27  7 493 352.102170064       1.18      1.30     -0.18  0.        3570.156       1258.533       5844.563    0.000  -0.138   0.380   0.
  2017 352  2 27  8 493 352.102181638       1.25      1.36     -0.60  0.        3569.304       1260.234       5846.031    0.000  -0.138   0.380   0.
  2017 352  2 27  9 493 352.102193212       1.19      0.96     -1.06  0.        3568.452       1261.934       5847.498    0.000  -0.138   0.380   0.
  2017 352  2 27 10 493 352.102204784       1.38      0.65     -0.48  0.        3567.600       1263.634       5848.964    0.000  -0.138   0.380   0.
  2017 352  2 27 11 493 352.102216357       0.81      1.10      0.06  0.        3566.746       1265.334       5850.430    0.000  -0.138   0.380   0.
  2017 352  2 27 12 493 352.102227931       0.75      1.32     -0.47  0.        3565.893       1267.033       5851.895    0.000  -0.138   0.380   0.
  2017 352  2 27 13 493 352.102239505       0.93      1.67     -0.02  0.        3565.039       1268.733       5853.359    0.000  -0.138   0.380   0.
  2017 352  2 27 14 493 352.102251079       0.91      1.22     -1.05  0.        3564.184       1270.432       5854.823    0.000  -0.138   0.380   0.
  2017 352  2 27 15 493 352.102262653       1.31      1.02     -0.53  0.        3563.329       1272.131       5856.286    0.000  -0.138   0.380   0.
  2017 352  2 27 16 493 352.102274227       1.57      1.04     -0.80  0.        3562.474       1273.830       5857.748    0.000  -0.138   0.380   0.
  2017 352  2 27 17 493 352.102285802       0.85      1.81     -0.44  0.        3561.618       1275.529       5859.209    0.000  -0.138   0.380   0.
  2017 352  2 27 18 493 352.102297376       0.77      1.70     -0.63  0.        3560.762       1277.228       5860.670    0.000  -0.138   0.380   0.
  2017 352  2 27 19 493 352.102308950       1.04      1.10     -0.54  0.        3559.905       1278.927       5862.130    0.000  -0.138   0.380   0.
  2017 352  2 27 20 493 352.102320524       0.82      1.47      0.01  0.        3559.048       1280.625       5863.589    0.000  -0.138   0.380   0.
  2017 352  2 27 21 493 352.102332098       0.97      0.85     -0.59  0.        3558.190       1282.323       5865.047    0.000  -0.138   0.380   0.
  2017 352  2 27 22 493 352.102343672       1.11      0.95     -1.18  0.        3557.332       1284.021       5866.505    0.000  -0.138   0.380   0.
  2017 352  2 27 23 493 352.102355246       1.42      1.41     -0.86  0.        3556.473       1285.719       5867.962    0.000  -0.138   0.380   0.
  2017 352  2 27 24 493 352.102366820       2.02      0.83     -0.73  0.        3555.614       1287.417       5869.418    0.000  -0.138   0.380   0.
  2017 352  2 27 25 493 352.102378394       2.01      0.48     -1.02  0.        3554.755       1289.115       5870.873    0.000  -0.138   0.380   0.
  2017 352  2 27 26 493 352.102389968       1.19      1.63     -0.62  0.        3553.895       1290.812       5872.328    0.000  -0.138   0.380   0.
  2017 352  2 27 27 493 352.102401542       1.45      0.49     -1.55  0.        3553.035       1292.509       5873.782    0.000  -0.138   0.380   0.
  2017 352  2 27 28 493 352.102413116       1.30      1.40     -1.77  0.        3552.174       1294.207       5875.235    0.000  -0.138   0.380   0.
  2017 352  2 27 29 493 352.102424690       1.73      0.80     -0.47  0.        3551.313       1295.903       5876.688    0.000  -0.138   0.380   0.
  2017 352  2 27 30 493 352.102436264       1.75      0.94     -0.60  0.        3550.451       1297.600       5878.139    0.000  -0.138   0.380   0.
  2017 352  2 27 31 493 352.102447839       1.40      1.23     -0.32  0.        3549.589       1299.297       5879.590    0.000  -0.138   0.380   0.
  2017 352  2 27 32 493 352.102459413       0.87      1.14     -1.18  0.        3548.727       1300.994       5881.041    0.000  -0.138   0.380   0.
  2017 352  2 27 33 493 352.102470987       0.83      1.18     -0.39  0.        3547.863       1302.689       5882.490    0.000  -0.138   0.380   0.
  2017 352  2 27 34 493 352.102482561       0.54      1.59      0.07  0.        3547.000       1304.386       5883.939    0.000  -0.138   0.380   0.
  2017 352  2 27 35 493 352.102494135       0.76      1.81      0.37  0.        3546.136       1306.081       5885.387    0.000  -0.138   0.380   0.
  2017 352  2 27 36 493 352.102505709       1.12      1.44      0.05  0.        3545.272       1307.778       5886.834    0.000  -0.138   0.380   0.
  2017 352  2 27 37 493 352.102517283       0.78      1.62     -0.03  0.        3544.407       1309.473       5888.281    0.000  -0.138   0.380   0.
  2017 352  2 27 38 493 352.102528857       1.42      1.70     -0.07  0.        3543.542       1311.169       5889.727    0.000  -0.138   0.380   0.
  2017 352  2 27 39 493 352.102540431       1.45      1.02     -0.55  0.        3542.676       1312.864       5891.172    0.000  -0.138   0.380   0.
  2017 352  2 27 40 493 352.102552005       1.49      1.24     -0.26  0.        3541.810       1314.559       5892.616    0.000  -0.138   0.380   0.
  2017 352  2 27 41 493 352.102563579       2.08      0.20     -0.40  0.        3540.944       1316.254       5894.060    0.000  -0.138   0.380   0.
  2017 352  2 27 42 493 352.102575151       2.03      1.36     -1.42  0.        3540.077       1317.949       5895.503    0.000  -0.138   0.379   0.
  2017 352  2 27 43 492 352.102586725       1.43      1.39     -1.14  0.        3539.209       1319.644       5896.945    0.000  -0.138   0.379   0.
  2017 352  2 27 44 492 352.102598299       0.78      2.25     -0.24  0.        3538.342       1321.338       5898.386    0.000  -0.138   0.380   0.
  2017 352  2 27 45 493 352.102609873       0.54      2.10      0.66  0.        3537.473       1323.033       5899.827    0.000  -0.138   0.380   0.
  2017 352  2 27 46 493 352.102621447       0.82      2.23     -0.40  0.        3536.604       1324.727       5901.267    0.000  -0.138   0.380   0.
  2017 352  2 27 47 493 352.102633021       1.48      0.83     -0.83  0.        3535.735       1326.421       5902.706    0.000  -0.138   0.380   0.
  2017 352  2 27 48 493 352.102644595       1.21      1.37     -0.24  0.        3534.866       1328.115       5904.145    0.000  -0.138   0.380   0.
  2017 352  2 27 49 493 352.102656169       1.62      1.49     -0.30  0.        3533.996       1329.809       5905.583    0.000  -0.138   0.380   0.
  2017 352  2 27 50 492 352.102667743       1.52      1.18      0.56  0.        3533.125       1331.502       5907.020    0.000  -0.138   0.380   0.
  2017 352  2 27 51 492 352.102679317       1.50      0.74      0.62  0.        3532.254       1333.195       5908.456    0.000  -0.138   0.380   0.
  2017 352  2 27 52 492 352.102690891       1.16      1.66      0.42  0.        3531.383       1334.889       5909.891    0.000  -0.138   0.380   0.
  2017 352  2 27 53 492 352.102702465       0.91      1.29      0.02  0.        3530.511       1336.582       5911.326    0.000  -0.138   0.380   0.
  2017 352  2 27 54 492 352.102714039       1.86      0.77     -0.26  0.        3529.639       1338.275       5912.760    0.000  -0.138   0.380   0.
  2017 352  2 27 55 493 352.102725613       1.96      0.86      0.29  0.        3528.766       1339.967       5914.194    0.000  -0.138   0.380   0.
  2017 352  2 27 56 492 352.102737188       1.40      0.85     -0.26  0.        3527.893       1341.660       5915.626    0.000  -0.138   0.380   0.
  2017 352  2 27 57 492 352.102748762       0.29      1.65     -0.64  0.        3527.019       1343.352       5917.058    0.000  -0.138   0.380   0.
  2017 352  2 27 58 493 352.102760336       1.66      0.33     -1.18  0.        3526.146       1345.044       5918.489    0.000  -0.138   0.380   0.
  2017 352  2 27 59 493 352.102771910       2.13      0.23     -0.55  0.        3525.271       1346.736       5919.920    0.000  -0.138   0.380   0.
  2017 352  2 28  0 493 352.102783484       0.75      0.31     -0.77  0.        3524.396       1348.428       5921.350    0.000  -0.138   0.379   0.
  2017 352  2 28  1 493 352.102795058       0.23      1.55     -0.18  0.        3523.521       1350.120       5922.779    0.000  -0.138   0.379   0.
  2017 352  2 28  2 493 352.102806632       1.58      1.42     -1.68  0.        3522.645       1351.812       5924.207    0.000  -0.138   0.380   0.
  2017 352  2 28  3 492 352.102818206       2.48      1.42     -0.38  0.        3521.769       1353.503       5925.634    0.000  -0.138   0.380   0.
  2017 352  2 28  4 492 352.102829780       1.59      1.14     -0.94  0.        3520.893       1355.194       5927.061    0.000  -0.138   0.379   0.
  2017 352  2 28  5 492 352.102841354      -0.03      1.39     -0.50  0.        3520.015       1356.885       5928.487    0.000  -0.138   0.379   0.
  2017 352  2 28  6 492 352.102852928      -0.08      1.35     -0.60  0.        3519.138       1358.576       5929.912    0.000  -0.138   0.380   0.
  2017 352  2 28  7 492 352.102864502       1.49      1.16     -1.03  0.        3518.260       1360.267       5931.337    0.000  -0.138   0.380   0.
  2017 352  2 28  8 493 352.102876076       1.67      1.07     -0.47  0.        3517.382       1361.957       5932.761    0.000  -0.138   0.380   0.
  2017 352  2 28  9 493 352.102887650       1.42      1.55     -0.66  0.        3516.503       1363.648       5934.184    0.000  -0.138   0.380   0.
  2017 352  2 28 10 492 352.102899225       1.27      1.34     -0.58  0.        3515.624       1365.338       5935.606    0.000  -0.138   0.379   0.
  2017 352  2 28 11 492 352.102910799       1.33      1.62     -0.35  0.        3514.744       1367.028       5937.028    0.000  -0.138   0.379   0.
  2017 352  2 28 12 493 352.102922371       1.87      1.11     -0.72  0.        3513.864       1368.718       5938.449    0.000  -0.138   0.380   0.
  2017 352  2 28 13 492 352.102933944       1.19      1.46     -1.06  0.        3512.984       1370.408       5939.869    0.000  -0.138   0.380   0.
  2017 352  2 28 14 492 352.102945518       1.07      1.25     -0.46  0.        3512.103       1372.097       5941.289    0.000  -0.138   0.380   0.
  2017 352  2 28 15 492 352.102957092       1.23      1.15     -0.10  0.        3511.221       1373.786       5942.707    0.000  -0.138   0.380   0.
  2017 352  2 28 16 492 352.102968666       1.60      0.80     -0.09  0.        3510.340       1375.476       5944.125    0.000  -0.138   0.379   0.
  2017 352  2 28 17 492 352.102980240       1.33      1.08      0.10  0.        3509.457       1377.165       5945.543    0.000  -0.138   0.379   0.
  2017 352  2 28 18 492 352.102991814       1.23      1.16      0.18  0.        3508.575       1378.854       5946.959    0.000  -0.138   0.380   0.
  2017 352  2 28 19 492 352.103003388       1.43      1.15     -0.08  0.        3507.692       1380.542       5948.375    0.000  -0.138   0.380   0.
  2017 352  2 28 20 492 352.103014962       1.33      0.80     -0.26  0.        3506.808       1382.231       5949.790    0.000  -0.138   0.380   0.
  2017 352  2 28 21 492 352.103026536       1.39      0.90     -0.57  0.        3505.924       1383.919       5951.205    0.000  -0.138   0.380   0.
  2017 352  2 28 22 492 352.103038111       1.54      1.08     -0.77  0.        3505.040       1385.607       5952.618    0.000  -0.138   0.380   0.
  2017 352  2 28 23 492 352.103049685       0.78      1.64     -0.25  0.        3504.155       1387.295       5954.031    0.000  -0.138   0.380   0.
  2017 352  2 28 24 492 352.103061259       0.90      1.18     -0.28  0.        3503.270       1388.983       5955.443    0.000  -0.138   0.380   0.
  2017 352  2 28 25 492 352.103072833       0.83      1.44     -0.42  0.        3502.384       1390.671       5956.855    0.000  -0.138   0.380   0.
  2017 352  2 28 26 492 352.103084407       0.80      1.44      0.36  0.        3501.498       1392.358       5958.266    0.000  -0.138   0.380   0.
  2017 352  2 28 27 492 352.103095981       0.80      1.51     -0.32  0.        3500.612       1394.046       5959.676    0.000  -0.138   0.380   0.
  2017 352  2 28 28 492 352.103107555       1.09      0.96     -0.72  0.        3499.725       1395.733       5961.085    0.000  -0.138   0.380   0.
  2017 352  2 28 29 492 352.103119129       0.55      1.20     -0.15  0.        3498.837       1397.420       5962.493    0.000  -0.138   0.380   0.
  2017 352  2 28 30 492 352.103130703       0.92      1.21      0.05  0.        3497.950       1399.107       5963.901    0.000  -0.138   0.380   0.
  2017 352  2 28 31 492 352.103142277       1.78      0.54     -0.06  0.        3497.061       1400.793       5965.308    0.000  -0.138   0.380   0.
  2017 352  2 28 32 492 352.103153851       1.34      1.07     -0.30  0.        3496.173       1402.480       5966.715    0.000  -0.138   0.380   0.
  2017 352  2 28 33 492 352.103165425       1.76      0.37     -0.87  0.        3495.284       1404.166       5968.120    0.000  -0.138   0.380   0.
  2017 352  2 28 34 492 352.103176999       1.21      1.46      0.67  0.        3494.394       1405.852       5969.525    0.000  -0.138   0.380   0.
  2017 352  2 28 35 492 352.103188573       1.23      0.91     -0.04  0.        3493.504       1407.538       5970.929    0.000  -0.138   0.380   0.
  2017 352  2 28 36 492 352.103200148       0.32      1.67      0.06  0.        3492.614       1409.224       5972.333    0.000  -0.138   0.379   0.
  2017 352  2 28 37 492 352.103211722       1.08      0.80      0.37  0.        3491.723       1410.910       5973.736    0.000  -0.138   0.379   0.
  2017 352  2 28 38 492 352.103223296       0.73      1.50      0.15  0.        3490.832       1412.595       5975.138    0.000  -0.138   0.380   0.
  2017 352  2 28 39 492 352.103234870       0.49      1.68     -0.43  0.        3489.940       1414.281       5976.539    0.000  -0.138   0.380   0.
  2017 352  2 28 40 492 352.103246442       0.70      1.20     -0.42  0.        3489.048       1415.966       5977.939    0.000  -0.138   0.380   0.
  2017 352  2 28 41 492 352.103258015       0.04      1.71     -0.63  0.        3488.156       1417.651       5979.339    0.000  -0.138   0.380   0.
  2017 352  2 28 42 492 352.103269589       2.49      0.68      0.08  0.        3487.263       1419.335       5980.738    0.000  -0.138   0.380   0.
  2017 352  2 28 43 492 352.103281163       2.21      0.43     -0.02  0.        3486.370       1421.020       5982.137    0.000  -0.138   0.380   0.
  2017 352  2 28 44 492 352.103292737       1.55      1.09      0.73  0.        3485.476       1422.704       5983.534    0.000  -0.138   0.380   0.
  2017 352  2 28 45 492 352.103304311       0.81      1.11     -0.05  0.        3484.582       1424.389       5984.932    0.000  -0.138   0.380   0.
  2017 352  2 28 46 492 352.103315885       0.82      1.40     -1.39  0.        3483.687       1426.073       5986.328    0.000  -0.138   0.380   0.
  2017 352  2 28 47 492 352.103327459       1.33      0.23     -0.33  0.        3482.792       1427.757       5987.723    0.000  -0.138   0.380   0.
  2017 352  2 28 48 492 352.103339034       1.33      1.14     -0.11  0.        3481.897       1429.441       5989.118    0.000  -0.138   0.380   0.
  2017 352  2 28 49 492 352.103350608       1.44      1.72     -0.83  0.        3481.001       1431.124       5990.512    0.000  -0.138   0.380   0.
  2017 352  2 28 50 492 352.103362182       1.32      1.63     -0.62  0.        3480.105       1432.807       5991.905    0.000  -0.138   0.380   0.
  2017 352  2 28 51 492 352.103373756       1.78      1.14      0.15  0.        3479.208       1434.491       5993.298    0.000  -0.138   0.380   0.
  2017 352  2 28 52 492 352.103385330       1.35      1.48      0.08  0.        3478.311       1436.174       5994.690    0.000  -0.138   0.380   0.
  2017 352  2 28 53 492 352.103396904       1.09      1.55     -0.53  0.        3477.414       1437.857       5996.081    0.000  -0.138   0.380   0.
  2017 352  2 28 54 492 352.103408478       1.17      1.14     -0.56  0.        3476.516       1439.539       5997.471    0.000  -0.138   0.380   0.
  2017 352  2 28 55 492 352.103420052       0.53      1.04     -1.00  0.        3475.618       1441.222       5998.861    0.000  -0.138   0.380   0.
  2017 352  2 28 56 492 352.103431626       1.01      1.47     -0.48  0.        3474.719       1442.904       6000.250    0.000  -0.138   0.380   0.
  2017 352  2 28 57 492 352.103443200       1.17      1.38     -0.80  0.        3473.820       1444.587       6001.638    0.000  -0.138   0.380   0.
  2017 352  2 28 58 492 352.103454774       1.39      1.13     -0.03  0.        3472.920       1446.269       6003.026    0.000  -0.138   0.380   0.
  2017 352  2 28 59 492 352.103466348       1.46      1.03     -0.52  0.        3472.020       1447.950       6004.413    0.000  -0.138   0.380   0.
  2017 352  2 29  0 492 352.103477922       1.43      1.09     -0.25  0.        3471.120       1449.632       6005.799    0.000  -0.138   0.380   0.
  2017 352  2 29  1 492 352.103489497       1.03      1.44      0.08  0.        3470.219       1451.314       6007.184    0.000  -0.138   0.380   0.
  2017 352  2 29  2 492 352.103501071       0.88      1.38     -1.07  0.        3469.318       1452.995       6008.569    0.000  -0.138   0.380   0.
  2017 352  2 29  3 492 352.103512645       1.08      1.13     -1.12  0.        3468.416       1454.676       6009.953    0.000  -0.138   0.380   0.
  2017 352  2 29  4 492 352.103524219       0.77      1.61     -0.98  0.        3467.514       1456.357       6011.336    0.000  -0.138   0.379   0.
  2017 352  2 29  5 492 352.103535793       0.97      1.46     -0.72  0.        3466.611       1458.038       6012.718    0.000  -0.138   0.379   0.
  2017 352  2 29  6 492 352.103547367       0.61      1.25     -1.27  0.        3465.708       1459.718       6014.100    0.000  -0.138   0.380   0.
  2017 352  2 29  7 492 352.103558941       0.74      0.98     -1.31  0.        3464.805       1461.399       6015.481    0.000  -0.138   0.380   0.
  2017 352  2 29  8 492 352.103570515       1.58      1.00     -1.00  0.        3463.901       1463.079       6016.861    0.000  -0.138   0.380   0.
  2017 352  2 29  9 492 352.103582089       1.77      0.53     -1.07  0.        3462.997       1464.759       6018.241    0.000  -0.138   0.380   0.
  2017 352  2 29 10 492 352.103593661       1.70      1.30     -0.76  0.        3462.092       1466.439       6019.620    0.000  -0.138   0.380   0.
  2017 352  2 29 11 492 352.103605234       1.85      0.24      0.55  0.        3461.188       1468.119       6020.998    0.000  -0.138   0.380   0.
  2017 352  2 29 12 492 352.103616808       0.66      1.77     -0.02  0.        3460.282       1469.799       6022.376    0.000  -0.138   0.379   0.
  2017 352  2 29 13 492 352.103628383       1.67      1.15     -1.18  0.        3459.376       1471.478       6023.752    0.000  -0.138   0.379   0.
  2017 352  2 29 14 492 352.103639957       1.41      1.39      0.13  0.        3458.470       1473.157       6025.128    0.000  -0.138   0.380   0.
  2017 352  2 29 15 492 352.103651531       1.31      0.98      0.46  0.        3457.563       1474.836       6026.504    0.000  -0.138   0.380   0.
  2017 352  2 29 16 492 352.103663105       0.72      1.34      0.07  0.        3456.656       1476.515       6027.878    0.000  -0.138   0.379   0.
  2017 352  2 29 17 492 352.103674679       1.10      1.04     -0.57  0.        3455.749       1478.194       6029.252    0.000  -0.138   0.379   0.
  2017 352  2 29 18 492 352.103686253       1.61      1.36     -0.28  0.        3454.841       1479.872       6030.625    0.000  -0.138   0.380   0.
  2017 352  2 29 19 492 352.103697827       2.19      0.86     -0.28  0.        3453.933       1481.551       6031.997    0.000  -0.138   0.380   0.
  2017 352  2 29 20 492 352.103709401       1.92      1.11     -0.93  0.        3453.024       1483.229       6033.369    0.000  -0.138   0.380   0.
  2017 352  2 29 21 492 352.103720975       1.39      1.31     -0.52  0.        3452.115       1484.907       6034.740    0.000  -0.138   0.380   0.
  2017 352  2 29 22 492 352.103732549       1.90      1.19     -0.62  0.        3451.205       1486.585       6036.110    0.000  -0.138   0.379   0.
  2017 352  2 29 23 492 352.103744123       1.44      0.95     -0.37  0.        3450.295       1488.262       6037.480    0.000  -0.138   0.379   0.
  2017 352  2 29 24 492 352.103755697       0.77      1.28     -0.54  0.        3449.385       1489.940       6038.849    0.000  -0.138   0.379   0.
  2017 352  2 29 25 492 352.103767271       0.86      1.66     -0.80  0.        3448.474       1491.617       6040.217    0.000  -0.138   0.379   0.
  2017 352  2 29 26 492 352.103778845       0.48      1.50     -0.03  0.        3447.563       1493.294       6041.584    0.000  -0.138   0.380   0.
  2017 352  2 29 27 492 352.103790420       0.62      1.35     -0.59  0.        3446.651       1494.971       6042.951    0.000  -0.138   0.380   0.
  2017 352  2 29 28 492 352.103801994       0.62      1.58     -0.34  0.        3445.740       1496.648       6044.317    0.000  -0.138   0.379   0.
  2017 352  2 29 29 492 352.103813568       1.08      0.86     -0.68  0.        3444.827       1498.325       6045.682    0.000  -0.138   0.379   0.
  2017 352  2 29 30 492 352.103825142       0.70      1.63     -0.57  0.        3443.914       1500.001       6047.047    0.000  -0.138   0.380   0.
  2017 352  2 29 31 492 352.103836716       0.86      1.00     -0.84  0.        3443.001       1501.677       6048.410    0.000  -0.138   0.380   0.
  2017 352  2 29 32 492 352.103848290       0.95      1.08     -0.16  0.        3442.088       1503.353       6049.773    0.000  -0.138   0.380   0.
  2017 352  2 29 33 492 352.103859864       0.88      1.15      0.14  0.        3441.174       1505.029       6051.136    0.000  -0.138   0.380   0.
  2017 352  2 29 34 492 352.103871438       0.58      1.93      0.63  0.        3440.259       1506.705       6052.497    0.000  -0.138   0.380   0.
  2017 352  2 29 35 492 352.103883012       0.35      1.63     -0.89  0.        3439.344       1508.380       6053.858    0.000  -0.138   0.380   0.
  2017 352  2 29 36 492 352.103894586       1.73      0.75     -0.37  0.        3438.429       1510.056       6055.218    0.000  -0.138   0.380   0.
  2017 352  2 29 37 492 352.103906160       0.79      1.55     -0.55  0.        3437.513       1511.731       6056.578    0.000  -0.138   0.380   0.
  2017 352  2 29 38 492 352.103917734       0.59      1.39     -1.03  0.        3436.597       1513.406       6057.937    0.000  -0.138   0.379   0.
  2017 352  2 29 39 492 352.103929308       0.31      1.93     -0.57  0.        3435.681       1515.081       6059.295    0.000  -0.138   0.379   0.
  2017 352  2 29 40 491 352.103940880       0.37      1.43     -0.77  0.        3434.764       1516.755       6060.652    0.000  -0.138   0.380   0.
  2017 352  2 29 41 492 352.103952454       0.53      1.40     -0.86  0.        3433.847       1518.430       6062.009    0.000  -0.138   0.380   0.
  2017 352  2 29 42 492 352.103964028       0.59      1.72     -0.99  0.        3432.929       1520.104       6063.365    0.000  -0.138   0.380   0.
  2017 352  2 29 43 492 352.103975602       0.52      1.37     -0.53  0.        3432.011       1521.778       6064.720    0.000  -0.138   0.380   0.
  2017 352  2 29 44 492 352.103987176       0.38      1.66     -0.04  0.        3431.093       1523.452       6066.074    0.000  -0.138   0.380   0.
  2017 352  2 29 45 491 352.103998750       0.85      1.35     -0.37  0.        3430.174       1525.126       6067.428    0.000  -0.138   0.380   0.
  2017 352  2 29 46 491 352.104010324       1.00      1.27     -0.33  0.        3429.254       1526.799       6068.781    0.000  -0.138   0.380   0.
  2017 352  2 29 47 491 352.104021898       1.39      1.48     -0.07  0.        3428.335       1528.473       6070.134    0.000  -0.138   0.380   0.
  2017 352  2 29 48 491 352.104033472       1.68      1.64     -0.66  0.        3427.415       1530.146       6071.485    0.000  -0.138   0.380   0.
  2017 352  2 29 49 491 352.104045046       2.05      0.93     -0.96  0.        3426.494       1531.819       6072.836    0.000  -0.138   0.380   0.
  2017 352  2 29 50 492 352.104056620       1.68      1.14     -0.07  0.        3425.573       1533.492       6074.186    0.000  -0.138   0.379   0.
  2017 352  2 29 51 492 352.104068194       2.13      0.91      0.01  0.        3424.652       1535.164       6075.536    0.000  -0.138   0.379   0.
  2017 352  2 29 52 491 352.104079769       1.16      1.93     -0.32  0.        3423.730       1536.837       6076.884    0.000  -0.138   0.380   0.
  2017 352  2 29 53 491 352.104091343       1.19      1.28     -0.14  0.        3422.808       1538.509       6078.232    0.000  -0.138   0.380   0.
  2017 352  2 29 54 492 352.104102917       1.51      1.17     -0.40  0.        3421.885       1540.181       6079.580    0.000  -0.138   0.380   0.
  2017 352  2 29 55 492 352.104114491       1.65      1.02     -0.22  0.        3420.963       1541.853       6080.926    0.000  -0.138   0.380   0.
  2017 352  2 29 56 492 352.104126065       1.12      1.18     -0.33  0.        3420.039       1543.525       6082.272    0.000  -0.138   0.379   0.
  2017 352  2 29 57 492 352.104137639       1.04      1.38     -0.06  0.        3419.116       1545.197       6083.618    0.000  -0.138   0.379   0.
  2017 352  2 29 58 492 352.104149213       1.38      1.16     -0.01  0.        3418.191       1546.868       6084.962    0.000  -0.138   0.380   0.
  2017 352  2 29 59 491 352.104160787       1.53      1.08     -0.17  0.        3417.267       1548.539       6086.306    0.000  -0.138   0.380   0.
  2017 352  2 30  0 491 352.104172361       1.60      0.84     -0.27  0.        3416.342       1550.210       6087.649    0.000  -0.138   0.380   0.
  2017 352  2 30  1 491 352.104183935       1.80      1.56     -1.49  0.        3415.417       1551.881       6088.991    0.000  -0.138   0.380   0.
  2017 352  2 30  2 491 352.104195509       1.05      1.08     -0.70  0.        3414.491       1553.552       6090.333    0.000  -0.138   0.380   0.
  2017 352  2 30  3 491 352.104207083       0.99      1.61     -0.23  0.        3413.565       1555.222       6091.674    0.000  -0.138   0.380   0.
  2017 352  2 30  4 492 352.104218657       0.36      1.72     -0.02  0.        3412.638       1556.893       6093.014    0.000  -0.138   0.380   0.
  2017 352  2 30  5 492 352.104230231       0.96      1.35     -1.62  0.        3411.712       1558.563       6094.353    0.000  -0.138   0.380   0.
  2017 352  2 30  6 491 352.104241806       1.92      1.85     -0.89  0.        3410.784       1560.233       6095.692    0.000  -0.138   0.380   0.
  2017 352  2 30  7 491 352.104253380       1.43      1.95     -0.76  0.        3409.857       1561.902       6097.030    0.000  -0.138   0.380   0.
  2017 352  2 30  8 492 352.104264954       0.96      1.50     -0.80  0.        3408.929       1563.572       6098.368    0.000  -0.138   0.379   0.
  2017 352  2 30  9 492 352.104276528      -0.20      1.91     -0.80  0.        3408.000       1565.241       6099.704    0.000  -0.138   0.379   0.
  2017 352  2 30 10 492 352.104288100       0.35      1.77     -0.23  0.        3407.071       1566.911       6101.040    0.000  -0.138   0.379   0.
  2017 352  2 30 11 491 352.104299673       0.85      1.20     -0.33  0.        3406.142       1568.580       6102.376    0.000  -0.138   0.379   0.
  2017 352  2 30 12 491 352.104311247       0.37      1.70     -1.19  0.        3405.212       1570.249       6103.710    0.000  -0.138   0.380   0.
  2017 352  2 30 13 491 352.104322821       0.92      1.29     -0.52  0.        3404.282       1571.917       6105.044    0.000  -0.138   0.380   0.
  2017 352  2 30 14 491 352.104334395       0.94      1.33     -0.74  0.        3403.351       1573.586       6106.377    0.000  -0.138   0.380   0.
  2017 352  2 30 15 491 352.104345969       1.40      0.68      0.02  0.        3402.421       1575.254       6107.709    0.000  -0.138   0.380   0.
  2017 352  2 30 16 491 352.104357543       1.28      0.84     -0.88  0.        3401.489       1576.922       6109.041    0.000  -0.138   0.379   0.
  2017 352  2 30 17 491 352.104369117       0.76      1.26     -1.07  0.        3400.558       1578.590       6110.372    0.000  -0.138   0.379   0.
  2017 352  2 30 18 491 352.104380692       0.64      1.07     -0.84  0.        3399.626       1580.258       6111.702    0.000  -0.138   0.380   0.
  2017 352  2 30 19 491 352.104392266       1.44      1.05     -0.57  0.        3398.693       1581.926       6113.032    0.000  -0.138   0.380   0.
  2017 352  2 30 20 491 352.104403840       1.33      1.01     -0.47  0.        3397.760       1583.593       6114.361    0.000  -0.138   0.380   0.
  2017 352  2 30 21 491 352.104415414       0.78      1.40     -0.63  0.        3396.827       1585.260       6115.689    0.000  -0.138   0.380   0.
  2017 352  2 30 22 491 352.104426988       0.88      1.34     -1.62  0.        3395.893       1586.927       6117.016    0.000  -0.138   0.380   0.
  2017 352  2 30 23 491 352.104438562       1.07      1.00     -0.16  0.        3394.959       1588.594       6118.343    0.000  -0.138   0.380   0.
  2017 352  2 30 24 491 352.104450136       0.58      1.70     -0.78  0.        3394.025       1590.261       6119.669    0.000  -0.138   0.380   0.
  2017 352  2 30 25 491 352.104461710       1.07      0.82     -0.57  0.        3393.090       1591.927       6120.994    0.000  -0.138   0.380   0.
  2017 352  2 30 26 491 352.104473284       0.82      1.97     -0.24  0.        3392.155       1593.593       6122.319    0.000  -0.138   0.380   0.
  2017 352  2 30 27 491 352.104484858       1.25      1.07     -0.56  0.        3391.219       1595.260       6123.643    0.000  -0.138   0.380   0.
  2017 352  2 30 28 491 352.104496432       0.64      1.46     -0.83  0.        3390.283       1596.925       6124.966    0.000  -0.138   0.380   0.
  2017 352  2 30 29 491 352.104508006       0.85      1.42     -0.74  0.        3389.347       1598.591       6126.288    0.000  -0.138   0.380   0.
  2017 352  2 30 30 491 352.104519580       1.05      1.20     -0.84  0.        3388.410       1600.257       6127.610    0.000  -0.138   0.379   0.
  2017 352  2 30 31 491 352.104531154       0.72      1.83     -1.06  0.        3387.473       1601.922       6128.931    0.000  -0.138   0.379   0.
  2017 352  2 30 32 491 352.104542729       0.79      2.00     -0.69  0.        3386.535       1603.587       6130.251    0.000  -0.138   0.380   0.
  2017 352  2 30 33 491 352.104554303       0.44      1.82     -0.19  0.        3385.598       1605.252       6131.571    0.000  -0.138   0.380   0.
  2017 352  2 30 34 491 352.104565877       1.17      0.98      0.50  0.        3384.659       1606.917       6132.890    0.000  -0.138   0.380   0.
  2017 352  2 30 35 491 352.104577451       1.61      1.28     -0.63  0.        3383.720       1608.582       6134.208    0.000  -0.138   0.380   0.
  2017 352  2 30 36 491 352.104589025       1.79      1.32     -0.89  0.        3382.781       1610.246       6135.526    0.000  -0.138   0.380   0.
  2017 352  2 30 37 491 352.104600599       2.54      0.65     -1.16  0.        3381.842       1611.910       6136.843    0.000  -0.138   0.380   0.
  2017 352  2 30 38 491 352.104612171       1.70      1.52     -1.19  0.        3380.902       1613.575       6138.159    0.000  -0.138   0.379   0.
  2017 352  2 30 39 491 352.104623744       0.06      2.69     -1.15  0.        3379.962       1615.238       6139.474    0.000  -0.138   0.379   0.
  2017 352  2 30 40 491 352.104635318      -0.21      1.91     -0.30  0.        3379.021       1616.902       6140.789    0.000  -0.138   0.380   0.
  2017 352  2 30 41 491 352.104646892      -0.22      1.95     -0.67  0.        3378.080       1618.566       6142.103    0.000  -0.138   0.380   0.
  2017 352  2 30 42 491 352.104658466       0.53      1.23     -1.51  0.        3377.139       1620.229       6143.416    0.000  -0.138   0.380   0.
  2017 352  2 30 43 491 352.104670040       1.11      1.60     -0.76  0.        3376.197       1621.892       6144.729    0.000  -0.138   0.380   0.
  2017 352  2 30 44 491 352.104681615       1.48      1.30     -0.31  0.        3375.254       1623.555       6146.040    0.000  -0.138   0.380   0.
  2017 352  2 30 45 491 352.104693189       0.88      1.57     -0.57  0.        3374.312       1625.218       6147.352    0.000  -0.138   0.380   0.
  2017 352  2 30 46 491 352.104704763       0.33      1.51      0.09  0.        3373.369       1626.880       6148.662    0.000  -0.138   0.380   0.
  2017 352  2 30 47 491 352.104716337       0.60      1.22      0.66  0.        3372.426       1628.543       6149.972    0.000  -0.138   0.380   0.
  2017 352  2 30 48 491 352.104727911       0.88      1.20      0.69  0.        3371.482       1630.205       6151.281    0.000  -0.138   0.380   0.
  2017 352  2 30 49 491 352.104739485       1.29      0.88     -0.03  0.        3370.538       1631.867       6152.589    0.000  -0.138   0.380   0.
  2017 352  2 30 50 491 352.104751059       0.89      1.16      0.31  0.        3369.593       1633.529       6153.897    0.000  -0.138   0.379   0.
  2017 352  2 30 51 491 352.104762633       0.92      1.22      0.42  0.        3368.648       1635.191       6155.204    0.000  -0.138   0.379   0.
  2017 352  2 30 52 491 352.104774207       1.27      1.17      0.07  0.        3367.703       1636.852       6156.510    0.000  -0.138   0.380   0.
  2017 352  2 30 53 491 352.104785781       1.85      1.51     -0.11  0.        3366.757       1638.513       6157.816    0.000  -0.138   0.380   0.
  2017 352  2 30 54 491 352.104797355       1.97      0.58     -0.62  0.        3365.811       1640.175       6159.121    0.000  -0.138   0.380   0.
  2017 352  2 30 55 491 352.104808929       0.84      1.36     -0.38  0.        3364.865       1641.836       6160.425    0.000  -0.138   0.380   0.
  2017 352  2 30 56 491 352.104820504       1.52      1.15     -0.47  0.        3363.918       1643.496       6161.728    0.000  -0.138   0.380   0.
  2017 352  2 30 57 491 352.104832078       1.10      1.67     -1.43  0.        3362.971       1645.157       6163.031    0.000  -0.138   0.380   0.
  2017 352  2 30 58 491 352.104843652       0.70      1.43      0.24  0.        3362.023       1646.817       6164.333    0.000  -0.138   0.380   0.
  2017 352  2 30 59 491 352.104855226       0.54      2.21     -0.48  0.        3361.075       1648.477       6165.634    0.000  -0.138   0.380   0.
  2017 352  2 31  0 491 352.104866800       1.77      0.62     -0.11  0.        3360.127       1650.137       6166.935    0.000  -0.138   0.380   0.
  2017 352  2 31  1 491 352.104878374       0.91      1.73      0.50  0.        3359.178       1651.797       6168.235    0.000  -0.138   0.380   0.
  2017 352  2 31  2 491 352.104889948       1.41      0.66      0.26  0.        3358.229       1653.457       6169.534    0.000  -0.138   0.379   0.
  2017 352  2 31  3 491 352.104901522       0.75      1.41      0.86  0.        3357.279       1655.116       6170.832    0.000  -0.138   0.379   0.
  2017 352  2 31  4 491 352.104913096       1.12      1.20     -0.31  0.        3356.329       1656.775       6172.130    0.000  -0.138   0.380   0.
  2017 352  2 31  5 491 352.104924670       1.57      0.52     -0.20  0.        3355.379       1658.434       6173.427    0.000  -0.138   0.380   0.
  2017 352  2 31  6 491 352.104936244       1.84      0.66     -0.17  0.        3354.428       1660.093       6174.724    0.000  -0.138   0.380   0.
  2017 352  2 31  7 491 352.104947818       1.14      0.57      0.22  0.        3353.477       1661.752       6176.019    0.000  -0.138   0.380   0.
  2017 352  2 31  8 491 352.104959390       0.49      1.85     -0.27  0.        3352.526       1663.410       6177.314    0.000  -0.138   0.379   0.
  2017 352  2 31  9 491 352.104970964       0.26      2.00     -1.18  0.        3351.574       1665.069       6178.609    0.000  -0.138   0.379   0.
  2017 352  2 31 10 491 352.104982538       1.25      0.83     -1.85  0.        3350.622       1666.727       6179.902    0.000  -0.138   0.379   0.
  2017 352  2 31 11 491 352.104994112       0.87      1.85     -0.87  0.        3349.669       1668.385       6181.195    0.000  -0.138   0.379   0.
  2017 352  2 31 12 491 352.105005686       1.72      1.24     -1.67  0.        3348.716       1670.042       6182.487    0.000  -0.138   0.379   0.
  2017 352  2 31 13 491 352.105017260       1.37      1.39     -0.81  0.        3347.763       1671.700       6183.779    0.000  -0.138   0.379   0.
  2017 352  2 31 14 491 352.105028834       0.39      1.88      0.23  0.        3346.809       1673.357       6185.069    0.000  -0.138   0.380   0.
  2017 352  2 31 15 491 352.105040408       1.15      1.08      0.74  0.        3345.855       1675.014       6186.360    0.000  -0.138   0.380   0.
  2017 352  2 31 16 491 352.105051982       1.62      1.08     -0.24  0.        3344.901       1676.671       6187.649    0.000  -0.138   0.379   0.
  2017 352  2 31 17 491 352.105063556       1.75      0.71     -0.18  0.        3343.946       1678.328       6188.938    0.000  -0.138   0.379   0.
  2017 352  2 31 18 491 352.105075130       0.97      1.63     -1.36  0.        3342.991       1679.985       6190.226    0.000  -0.138   0.380   0.
  2017 352  2 31 19 491 352.105086704       1.32      1.01     -0.58  0.        3342.035       1681.641       6191.513    0.000  -0.138   0.380   0.
  2017 352  2 31 20 491 352.105098278       0.82      1.38     -0.19  0.        3341.079       1683.297       6192.799    0.000  -0.138   0.379   0.
  2017 352  2 31 21 491 352.105109852       0.64      1.40     -0.49  0.        3340.123       1684.953       6194.085    0.000  -0.138   0.379   0.
  2017 352  2 31 22 491 352.105121427       1.34      1.02     -0.44  0.        3339.166       1686.609       6195.371    0.000  -0.138   0.380   0.
  2017 352  2 31 23 491 352.105133001       0.85      1.21      0.62  0.        3338.209       1688.265       6196.655    0.000  -0.138   0.380   0.
  2017 352  2 31 24 491 352.105144575      -0.08      2.12     -0.24  0.        3337.251       1689.920       6197.939    0.000  -0.138   0.379   0.
  2017 352  2 31 25 491 352.105156149       0.95      0.79     -0.23  0.        3336.294       1691.576       6199.222    0.000  -0.138   0.379   0.
  2017 352  2 31 26 491 352.105167723       1.91      0.62      0.04  0.        3335.335       1693.231       6200.504    0.000  -0.138   0.380   0.
  2017 352  2 31 27 491 352.105179297       1.10      1.32     -0.03  0.        3334.377       1694.886       6201.786    0.000  -0.138   0.380   0.
  2017 352  2 31 28 491 352.105190871       1.19      0.78     -0.94  0.        3333.418       1696.540       6203.067    0.000  -0.138   0.379   0.
  2017 352  2 31 29 491 352.105202445       1.19      0.98     -0.25  0.        3332.458       1698.195       6204.347    0.000  -0.138   0.379   0.
  2017 352  2 31 30 491 352.105214019       1.02      1.21     -0.69  0.        3331.499       1699.849       6205.627    0.000  -0.138   0.380   0.
  2017 352  2 31 31 491 352.105225593       1.08      1.24     -0.39  0.        3330.539       1701.503       6206.906    0.000  -0.138   0.380   0.
  2017 352  2 31 32 491 352.105237167       1.24      0.79     -0.07  0.        3329.578       1703.157       6208.184    0.000  -0.138   0.379   0.
  2017 352  2 31 33 491 352.105248741       1.42      0.98     -0.63  0.        3328.617       1704.811       6209.461    0.000  -0.138   0.379   0.
  2017 352  2 31 34 491 352.105260315       0.97      1.38     -1.34  0.        3327.656       1706.464       6210.738    0.000  -0.138   0.379   0.
  2017 352  2 31 35 491 352.105271889       0.85      1.25     -0.56  0.        3326.694       1708.118       6212.014    0.000  -0.138   0.379   0.
  2017 352  2 31 36 491 352.105283464       1.15      1.19     -0.56  0.        3325.732       1709.771       6213.290    0.000  -0.138   0.380   0.
  2017 352  2 31 37 491 352.105295038       1.14      0.95     -0.80  0.        3324.770       1711.424       6214.564    0.000  -0.138   0.380   0.
  2017 352  2 31 38 491 352.105306612       1.15      0.66     -0.99  0.        3323.807       1713.077       6215.838    0.000  -0.138   0.379   0.
  2017 352  2 31 39 491 352.105318186       1.11      0.65      0.12  0.        3322.844       1714.729       6217.112    0.000  -0.138   0.379   0.
  2017 352  2 31 40 491 352.105329758       1.58      0.65      0.42  0.        3321.881       1716.382       6218.384    0.000  -0.138   0.379   0.
  2017 352  2 31 41 490 352.105341331       0.73      1.25      0.32  0.        3320.917       1718.034       6219.656    0.000  -0.138   0.379   0.
  2017 352  2 31 42 490 352.105352905       0.50      1.42     -0.29  0.        3319.953       1719.686       6220.928    0.000  -0.138   0.380   0.
  2017 352  2 31 43 490 352.105364479       0.64      1.25     -0.05  0.        3318.988       1721.338       6222.198    0.000  -0.138   0.380   0.
  2017 352  2 31 44 490 352.105376053       0.71      1.54     -0.57  0.        3318.023       1722.989       6223.468    0.000  -0.138   0.380   0.
  2017 352  2 31 45 490 352.105387627       1.07      0.90     -0.04  0.        3317.058       1724.641       6224.737    0.000  -0.138   0.380   0.
  2017 352  2 31 46 491 352.105399201       0.85      1.42     -0.68  0.        3316.092       1726.292       6226.005    0.000  -0.138   0.380   0.
  2017 352  2 31 47 491 352.105410775       0.90      1.25     -1.10  0.        3315.126       1727.943       6227.273    0.000  -0.138   0.380   0.
  2017 352  2 31 48 490 352.105422350       0.70      1.31     -0.10  0.        3314.160       1729.594       6228.540    0.000  -0.138   0.380   0.
  2017 352  2 31 49 490 352.105433924       0.64      1.41     -0.92  0.        3313.193       1731.245       6229.807    0.000  -0.138   0.380   0.
  2017 352  2 31 50 491 352.105445498       1.32      0.94     -0.65  0.        3312.226       1732.895       6231.072    0.000  -0.138   0.380   0.
  2017 352  2 31 51 491 352.105457072       0.96      1.41     -0.49  0.        3311.258       1734.545       6232.337    0.000  -0.138   0.380   0.
  2017 352  2 31 52 491 352.105468646       0.70      1.80     -1.07  0.        3310.290       1736.195       6233.602    0.000  -0.138   0.379   0.
  2017 352  2 31 53 491 352.105480220       2.37      0.25      0.15  0.        3309.322       1737.845       6234.865    0.000  -0.138   0.379   0.
  2017 352  2 31 54 491 352.105491794       0.95      1.89     -0.22  0.        3308.353       1739.495       6236.128    0.000  -0.138   0.380   0.
  2017 352  2 31 55 490 352.105503368       0.66      1.47     -0.38  0.        3307.384       1741.144       6237.390    0.000  -0.138   0.380   0.
  2017 352  2 31 56 490 352.105514942       1.13      1.64     -0.31  0.        3306.415       1742.794       6238.652    0.000  -0.138   0.379   0.
  2017 352  2 31 57 490 352.105526516       1.83      0.90     -0.07  0.        3305.445       1744.443       6239.913    0.000  -0.138   0.379   0.
  2017 352  2 31 58 490 352.105538090       1.82      0.87      0.15  0.        3304.475       1746.092       6241.173    0.000  -0.138   0.380   0.
  2017 352  2 31 59 491 352.105549664       1.78      1.28     -0.30  0.        3303.505       1747.741       6242.432    0.000  -0.138   0.380   0.
  2017 352  2 32  0 491 352.105561238       1.27      0.53     -0.43  0.        3302.534       1749.389       6243.691    0.000  -0.138   0.380   0.
  2017 352  2 32  1 490 352.105572813       0.64      1.04      0.25  0.        3301.563       1751.038       6244.949    0.000  -0.138   0.380   0.
  2017 352  2 32  2 490 352.105584387       1.75      0.66     -0.92  0.        3300.591       1752.685       6246.206    0.000  -0.138   0.379   0.
  2017 352  2 32  3 490 352.105595961       1.76      0.52     -0.69  0.        3299.619       1754.334       6247.463    0.000  -0.138   0.379   0.
  2017 352  2 32  4 491 352.105607535       1.57      0.66     -0.17  0.        3298.647       1755.981       6248.719    0.000  -0.138   0.380   0.
  2017 352  2 32  5 491 352.105619109       1.20      0.83      0.17  0.        3297.674       1757.629       6249.974    0.000  -0.138   0.380   0.
  2017 352  2 32  6 491 352.105630683       1.24      1.09      0.77  0.        3296.701       1759.276       6251.229    0.000  -0.138   0.380   0.
  2017 352  2 32  7 491 352.105642257       1.85      1.54     -0.78  0.        3295.728       1760.923       6252.482    0.000  -0.138   0.380   0.
  2017 352  2 32  8 490 352.105653829       0.06      1.89     -1.57  0.        3294.754       1762.570       6253.736    0.000  -0.138   0.380   0.
  2017 352  2 32  9 490 352.105665402       0.58      1.20     -1.84  0.        3293.780       1764.217       6254.988    0.000  -0.138   0.380   0.
  2017 352  2 32 10 490 352.105676976       0.89      1.18     -0.91  0.        3292.805       1765.864       6256.240    0.000  -0.138   0.380   0.
  2017 352  2 32 11 490 352.105688550       0.41      1.07      1.01  0.        3291.830       1767.510       6257.491    0.000  -0.138   0.380   0.
  2017 352  2 32 12 490 352.105700124       1.41      0.51      1.20  0.        3290.855       1769.156       6258.741    0.000  -0.138   0.380   0.
  2017 352  2 32 13 490 352.105711698       1.38      0.44      1.36  0.        3289.879       1770.803       6259.991    0.000  -0.138   0.380   0.
  2017 352  2 32 14 490 352.105723273       1.36      0.80      1.25  0.        3288.904       1772.448       6261.240    0.000  -0.138   0.380   0.
  2017 352  2 32 15 490 352.105734847       1.17      0.95      1.05  0.        3287.927       1774.094       6262.489    0.000  -0.138   0.380   0.
  2017 352  2 32 16 490 352.105746421       1.40      0.90      0.14  0.        3286.951       1775.739       6263.736    0.000  -0.138   0.380   0.
  2017 352  2 32 17 490 352.105757995       1.42      0.99     -0.03  0.        3285.974       1777.385       6264.983    0.000  -0.138   0.380   0.
  2017 352  2 32 18 490 352.105769569       1.08      1.02      0.26  0.        3284.996       1779.030       6266.229    0.000  -0.138   0.379   0.
  2017 352  2 32 19 490 352.105781143       1.16      1.24     -0.15  0.        3284.018       1780.675       6267.475    0.000  -0.138   0.379   0.
  2017 352  2 32 20 490 352.105792717       0.68      1.90      0.13  0.        3283.040       1782.319       6268.720    0.000  -0.138   0.379   0.
  2017 352  2 32 21 490 352.105804291      -0.16      2.39      0.11  0.        3282.062       1783.964       6269.964    0.000  -0.138   0.379   0.
  2017 352  2 32 22 490 352.105815865       0.17      2.22      0.17  0.        3281.083       1785.608       6271.208    0.000  -0.138   0.380   0.
  2017 352  2 32 23 490 352.105827439       0.54      1.82     -0.53  0.        3280.104       1787.252       6272.450    0.000  -0.138   0.380   0.
  2017 352  2 32 24 490 352.105839013       0.45      1.63     -0.26  0.        3279.124       1788.896       6273.692    0.000  -0.138   0.379   0.
  2017 352  2 32 25 490 352.105850587       1.13      1.49     -0.44  0.        3278.144       1790.539       6274.934    0.000  -0.138   0.379   0.
  2017 352  2 32 26 490 352.105862161       0.72      1.46     -0.13  0.        3277.164       1792.183       6276.175    0.000  -0.138   0.380   0.
  2017 352  2 32 27 490 352.105873736       1.01      1.09     -0.22  0.        3276.183       1793.826       6277.415    0.000  -0.138   0.380   0.
  2017 352  2 32 28 490 352.105885310       1.17      1.36      0.27  0.        3275.202       1795.469       6278.654    0.000  -0.138   0.379   0.
  2017 352  2 32 29 490 352.105896884       1.26      1.18      0.43  0.        3274.221       1797.112       6279.893    0.000  -0.138   0.379   0.
  2017 352  2 32 30 490 352.105908458       1.36      1.38     -0.15  0.        3273.239       1798.755       6281.131    0.000  -0.138   0.379   0.
  2017 352  2 32 31 490 352.105920032       1.67      1.43     -1.07  0.        3272.257       1800.397       6282.368    0.000  -0.138   0.379   0.
  2017 352  2 32 32 490 352.105931606       1.50      0.79     -0.40  0.        3271.275       1802.040       6283.605    0.000  -0.138   0.380   0.
  2017 352  2 32 33 490 352.105943180       0.69      1.40     -0.47  0.        3270.292       1803.682       6284.841    0.000  -0.138   0.380   0.
  2017 352  2 32 34 490 352.105954754       0.40      1.00     -0.60  0.        3269.309       1805.324       6286.076    0.000  -0.138   0.379   0.
  2017 352  2 32 35 490 352.105966328       0.69      1.50     -0.41  0.        3268.325       1806.965       6287.310    0.000  -0.138   0.379   0.
  2017 352  2 32 36 490 352.105977902       0.48      1.66     -0.05  0.        3267.341       1808.607       6288.544    0.000  -0.138   0.379   0.
  2017 352  2 32 37 490 352.105989476       0.91      1.58     -0.41  0.        3266.357       1810.248       6289.777    0.000  -0.138   0.379   0.
  2017 352  2 32 38 490 352.106001048       0.41      2.06     -0.23  0.        3265.372       1811.889       6291.010    0.000  -0.138   0.380   0.
  2017 352  2 32 39 490 352.106012622       0.13      1.79      1.04  0.        3264.388       1813.530       6292.242    0.000  -0.138   0.380   0.
  2017 352  2 32 40 490 352.106024196       1.19      1.09      0.53  0.        3263.402       1815.171       6293.473    0.000  -0.138   0.379   0.
  2017 352  2 32 41 490 352.106035770       2.50      0.17     -0.73  0.        3262.417       1816.811       6294.703    0.000  -0.138   0.379   0.
  2017 352  2 32 42 490 352.106047344       1.78      1.12     -1.33  0.        3261.431       1818.452       6295.933    0.000  -0.138   0.379   0.
  2017 352  2 32 43 490 352.106058918       1.25      1.37     -1.12  0.        3260.444       1820.092       6297.162    0.000  -0.138   0.379   0.
  2017 352  2 32 44 490 352.106070492       0.58      1.86     -0.30  0.        3259.457       1821.732       6298.390    0.000  -0.138   0.380   0.
  2017 352  2 32 45 490 352.106082066       1.10      1.38     -0.03  0.        3258.470       1823.371       6299.618    0.000  -0.138   0.380   0.
  2017 352  2 32 46 490 352.106093640       1.79      0.68      0.24  0.        3257.483       1825.011       6300.845    0.000  -0.138   0.379   0.
  2017 352  2 32 47 490 352.106105214       1.76      0.72     -0.38  0.        3256.495       1826.650       6302.071    0.000  -0.138   0.379   0.
  2017 352  2 32 48 490 352.106116788       1.71     -0.29      0.23  0.        3255.507       1828.289       6303.297    0.000  -0.138   0.380   0.
  2017 352  2 32 49 490 352.106128362       1.57      0.72      0.47  0.        3254.519       1829.928       6304.522    0.000  -0.138   0.380   0.
  2017 352  2 32 50 490 352.106139936       1.12      1.19     -0.64  0.        3253.530       1831.567       6305.746    0.000  -0.138   0.380   0.
  2017 352  2 32 51 490 352.106151510       1.24      0.97     -0.21  0.        3252.541       1833.206       6306.970    0.000  -0.138   0.380   0.
  2017 352  2 32 52 490 352.106163085       2.01      0.73     -0.32  0.        3251.551       1834.844       6308.193    0.000  -0.138   0.380   0.
  2017 352  2 32 53 490 352.106174659       1.36      0.34      0.23  0.        3250.561       1836.482       6309.415    0.000  -0.138   0.380   0.
  2017 352  2 32 54 490 352.106186233       1.12      1.15      0.28  0.        3249.571       1838.120       6310.636    0.000  -0.138   0.380   0.
  2017 352  2 32 55 490 352.106197807       2.29      0.57     -0.33  0.        3248.580       1839.758       6311.857    0.000  -0.138   0.380   0.
  2017 352  2 32 56 490 352.106209381       2.88      0.10     -0.85  0.        3247.589       1841.395       6313.077    0.000  -0.138   0.380   0.
  2017 352  2 32 57 490 352.106220955       1.95      0.40     -0.54  0.        3246.598       1843.033       6314.297    0.000  -0.138   0.380   0.
  2017 352  2 32 58 490 352.106232529       1.26      1.31      0.47  0.        3245.607       1844.670       6315.515    0.000  -0.138   0.380   0.
  2017 352  2 32 59 490 352.106244103       1.59      0.82      0.22  0.        3244.615       1846.307       6316.734    0.000  -0.138   0.380   0.
  2017 352  2 33  0 490 352.106255677       1.86      1.05      0.56  0.        3243.622       1847.943       6317.951    0.000  -0.138   0.379   0.
  2017 352  2 33  1 490 352.106267251       2.12      1.41     -1.09  0.        3242.629       1849.580       6319.168    0.000  -0.138   0.379   0.
  2017 352  2 33  2 490 352.106278825       2.20      0.13     -0.17  0.        3241.636       1851.216       6320.384    0.000  -0.138   0.380   0.
  2017 352  2 33  3 490 352.106290399       0.15      2.35      0.38  0.        3240.643       1852.852       6321.599    0.000  -0.138   0.380   0.
  2017 352  2 33  4 490 352.106301973       0.85      2.40     -1.39  0.        3239.649       1854.488       6322.814    0.000  -0.138   0.380   0.
  2017 352  2 33  5 490 352.106313547       1.41      0.91     -0.91  0.        3238.655       1856.124       6324.028    0.000  -0.138   0.380   0.
  2017 352  2 33  6 490 352.106325122       1.30      1.08     -1.41  0.        3237.660       1857.760       6325.241    0.000  -0.138   0.379   0.
  2017 352  2 33  7 490 352.106336696       1.79      1.42     -1.33  0.        3236.665       1859.395       6326.454    0.000  -0.138   0.379   0.
  2017 352  2 33  8 490 352.106348268       1.10      1.51     -0.79  0.        3235.670       1861.030       6327.665    0.000  -0.138   0.380   0.
  2017 352  2 33  9 490 352.106359841       0.69      1.71     -0.56  0.        3234.675       1862.665       6328.877    0.000  -0.138   0.380   0.
  2017 352  2 33 10 490 352.106371415       0.83      1.39     -1.13  0.        3233.679       1864.300       6330.087    0.000  -0.138   0.379   0.
  2017 352  2 33 11 490 352.106382989       1.08      1.39     -0.48  0.        3232.683       1865.934       6331.297    0.000  -0.138   0.379   0.
  2017 352  2 33 12 490 352.106394563       0.70      1.63     -0.30  0.        3231.686       1867.569       6332.506    0.000  -0.138   0.380   0.
  2017 352  2 33 13 490 352.106406137       1.38      0.82      0.39  0.        3230.689       1869.203       6333.715    0.000  -0.138   0.380   0.
  2017 352  2 33 14 490 352.106417711       1.82      0.71      0.13  0.        3229.692       1870.837       6334.923    0.000  -0.138   0.380   0.
  2017 352  2 33 15 490 352.106429285       1.06      1.34      0.40  0.        3228.694       1872.471       6336.130    0.000  -0.138   0.380   0.
  2017 352  2 33 16 490 352.106440859       0.60      1.77      0.41  0.        3227.696       1874.104       6337.336    0.000  -0.138   0.379   0.
  2017 352  2 33 17 490 352.106452433       1.66      1.07      0.77  0.        3226.698       1875.737       6338.542    0.000  -0.138   0.379   0.
  2017 352  2 33 18 490 352.106464008       2.04      0.69      0.10  0.        3225.699       1877.371       6339.747    0.000  -0.138   0.379   0.
  2017 352  2 33 19 490 352.106475582       1.85      0.85     -0.77  0.        3224.700       1879.004       6340.952    0.000  -0.138   0.379   0.
  2017 352  2 33 20 490 352.106487156       1.71      0.99     -0.57  0.        3223.701       1880.636       6342.155    0.000  -0.138   0.380   0.
  2017 352  2 33 21 490 352.106498730       2.87      0.25     -0.69  0.        3222.701       1882.268       6343.359    0.000  -0.138   0.380   0.
  2017 352  2 33 22 490 352.106510304       2.33      0.74     -0.06  0.        3221.701       1883.901       6344.561    0.000  -0.138   0.380   0.
  2017 352  2 33 23 490 352.106521878       2.26      1.27     -1.02  0.        3220.701       1885.534       6345.763    0.000  -0.138   0.380   0.
  2017 352  2 33 24 490 352.106533452       1.86      1.20     -1.01  0.        3219.700       1887.165       6346.964    0.000  -0.138   0.379   0.
  2017 352  2 33 25 490 352.106545026       1.38      1.48     -1.21  0.        3218.699       1888.797       6348.164    0.000  -0.138   0.379   0.
  2017 352  2 33 26 490 352.106556600       1.97      1.25     -1.04  0.        3217.698       1890.428       6349.364    0.000  -0.138   0.380   0.
  2017 352  2 33 27 490 352.106568174       1.44      1.06      0.14  0.        3216.696       1892.060       6350.563    0.000  -0.138   0.380   0.
  2017 352  2 33 28 490 352.106579748       1.22      1.37      0.84  0.        3215.694       1893.691       6351.761    0.000  -0.138   0.380   0.
  2017 352  2 33 29 490 352.106591322       0.81      2.00      0.22  0.        3214.692       1895.322       6352.959    0.000  -0.138   0.380   0.
  2017 352  2 33 30 490 352.106602896       0.94      1.38     -0.03  0.        3213.689       1896.952       6354.155    0.000  -0.138   0.379   0.
  2017 352  2 33 31 490 352.106614470       0.67      1.23      0.68  0.        3212.686       1898.583       6355.352    0.000  -0.138   0.379   0.
  2017 352  2 33 32 490 352.106626045       1.01      0.97      0.15  0.        3211.682       1900.213       6356.547    0.000  -0.138   0.380   0.
  2017 352  2 33 33 490 352.106637619       1.29      1.00     -0.39  0.        3210.678       1901.843       6357.742    0.000  -0.138   0.380   0.
  2017 352  2 33 34 490 352.106649193       0.95      0.80      1.02  0.        3209.674       1903.473       6358.936    0.000  -0.138   0.380   0.
  2017 352  2 33 35 490 352.106660767       1.08      1.20      0.58  0.        3208.670       1905.103       6360.130    0.000  -0.138   0.380   0.
  2017 352  2 33 36 490 352.106672341       1.05      1.34      0.56  0.        3207.665       1906.732       6361.323    0.000  -0.138   0.379   0.
  2017 352  2 33 37 490 352.106683915       0.26      1.80      0.78  0.        3206.660       1908.362       6362.515    0.000  -0.138   0.379   0.
  2017 352  2 33 38 489 352.106695487       0.13      1.88      0.67  0.        3205.654       1909.991       6363.707    0.000  -0.138   0.380   0.
  2017 352  2 33 39 489 352.106707060      -0.08      1.95     -0.59  0.        3204.648       1911.620       6364.897    0.000  -0.138   0.380   0.
  2017 352  2 33 40 489 352.106718634       0.05      1.33     -0.28  0.        3203.642       1913.248       6366.088    0.000  -0.138   0.380   0.
  2017 352  2 33 41 489 352.106730208       0.78      1.39      0.56  0.        3202.635       1914.877       6367.277    0.000  -0.138   0.380   0.
  2017 352  2 33 42 490 352.106741782       1.94      0.57      0.14  0.        3201.629       1916.505       6368.466    0.000  -0.138   0.380   0.
  2017 352  2 33 43 490 352.106753356       1.57      0.61     -0.08  0.        3200.621       1918.133       6369.654    0.000  -0.138   0.380   0.
  2017 352  2 33 44 489 352.106764931       1.03      0.69      0.63  0.        3199.614       1919.761       6370.841    0.000  -0.138   0.380   0.
  2017 352  2 33 45 489 352.106776505       1.26      0.79      0.38  0.        3198.606       1921.389       6372.028    0.000  -0.138   0.380   0.
  2017 352  2 33 46 490 352.106788079       1.28      0.94     -0.88  0.        3197.598       1923.016       6373.214    0.000  -0.138   0.380   0.
  2017 352  2 33 47 490 352.106799653       1.19      0.93     -0.42  0.        3196.589       1924.644       6374.400    0.000  -0.138   0.380   0.
  2017 352  2 33 48 490 352.106811227       0.92      1.79     -0.50  0.        3195.580       1926.271       6375.584    0.000  -0.138   0.380   0.
  2017 352  2 33 49 490 352.106822801       0.41      2.12     -0.64  0.        3194.571       1927.897       6376.769    0.000  -0.138   0.380   0.
  2017 352  2 33 50 490 352.106834375       0.60      1.81     -0.60  0.        3193.561       1929.524       6377.952    0.000  -0.138   0.379   0.
  2017 352  2 33 51 489 352.106845949       0.90      0.95     -0.24  0.        3192.551       1931.151       6379.135    0.000  -0.138   0.379   0.
  2017 352  2 33 52 489 352.106857523       0.76      1.17      0.34  0.        3191.541       1932.777       6380.317    0.000  -0.138   0.379   0.
  2017 352  2 33 53 489 352.106869097       1.00      1.53     -0.20  0.        3190.530       1934.403       6381.498    0.000  -0.138   0.379   0.
  2017 352  2 33 54 489 352.106880671       1.27      1.09     -0.65  0.        3189.519       1936.029       6382.679    0.000  -0.138   0.379   0.
  2017 352  2 33 55 490 352.106892245       1.35      0.77      0.07  0.        3188.508       1937.654       6383.859    0.000  -0.138   0.379   0.
  2017 352  2 33 56 490 352.106903819       1.66      0.44     -0.04  0.        3187.497       1939.280       6385.038    0.000  -0.138   0.380   0.
  2017 352  2 33 57 489 352.106915394       1.68      0.61      0.27  0.        3186.485       1940.905       6386.217    0.000  -0.138   0.380   0.
  2017 352  2 33 58 489 352.106926968       1.39      0.99      0.19  0.        3185.472       1942.530       6387.395    0.000  -0.138   0.380   0.
  2017 352  2 33 59 490 352.106938542       1.47      1.10     -0.25  0.        3184.460       1944.155       6388.572    0.000  -0.138   0.380   0.
  2017 352  2 34  0 490 352.106950116       1.12      1.69     -1.70  0.        3183.447       1945.779       6389.749    0.000  -0.138   0.380   0.
  2017 352  2 34  1 490 352.106961690       0.84      2.17     -1.82  0.        3182.433       1947.404       6390.925    0.000  -0.138   0.380   0.
  2017 352  2 34  2 490 352.106973264       0.85      1.98     -1.73  0.        3181.420       1949.028       6392.100    0.000  -0.138   0.379   0.
  2017 352  2 34  3 490 352.106984838       0.31      1.66     -1.78  0.        3180.406       1950.652       6393.274    0.000  -0.138   0.379   0.
  2017 352  2 34  4 489 352.106996412       1.17      1.19     -1.26  0.        3179.391       1952.276       6394.448    0.000  -0.138   0.380   0.
  2017 352  2 34  5 489 352.107007986       1.06      0.96     -1.47  0.        3178.377       1953.899       6395.622    0.000  -0.138   0.380   0.
  2017 352  2 34  6 489 352.107019558       1.14      1.15     -0.79  0.        3177.362       1955.523       6396.794    0.000  -0.138   0.380   0.
  2017 352  2 34  7 489 352.107031131       1.02      1.17      0.02  0.        3176.346       1957.146       6397.966    0.000  -0.138   0.380   0.
  2017 352  2 34  8 489 352.107042705       0.82      1.42      0.08  0.        3175.331       1958.769       6399.137    0.000  -0.138   0.379   0.
  2017 352  2 34  9 489 352.107054279       1.31      0.85     -0.06  0.        3174.315       1960.391       6400.308    0.000  -0.138   0.379   0.
  2017 352  2 34 10 489 352.107065854       1.56      0.84      0.07  0.        3173.298       1962.014       6401.478    0.000  -0.138   0.379   0.
  2017 352  2 34 11 489 352.107077428       1.33      1.13     -0.19  0.        3172.282       1963.636       6402.647    0.000  -0.138   0.379   0.
  2017 352  2 34 12 489 352.107089002       1.32      1.02     -0.24  0.        3171.265       1965.259       6403.815    0.000  -0.138   0.380   0.
  2017 352  2 34 13 489 352.107100576       0.99      1.23     -0.30  0.        3170.247       1966.880       6404.983    0.000  -0.138   0.380   0.
  2017 352  2 34 14 489 352.107112150       0.72      1.68     -0.26  0.        3169.230       1968.502       6406.151    0.000  -0.138   0.380   0.
  2017 352  2 34 15 489 352.107123724       0.79      1.42     -0.10  0.        3168.212       1970.124       6407.317    0.000  -0.138   0.380   0.
  2017 352  2 34 16 489 352.107135298       1.55      1.05      0.12  0.        3167.193       1971.745       6408.483    0.000  -0.138   0.380   0.
  2017 352  2 34 17 489 352.107146872       1.74      1.55     -0.21  0.        3166.175       1973.366       6409.648    0.000  -0.138   0.380   0.
  2017 352  2 34 18 489 352.107158446       0.73      1.58     -0.74  0.        3165.156       1974.987       6410.813    0.000  -0.138   0.380   0.
  2017 352  2 34 19 489 352.107170020       1.11      0.92     -1.39  0.        3164.137       1976.608       6411.977    0.000  -0.138   0.380   0.
  2017 352  2 34 20 489 352.107181594       1.52      0.61     -0.39  0.        3163.117       1978.228       6413.140    0.000  -0.138   0.379   0.
  2017 352  2 34 21 489 352.107193168       1.48      0.80     -0.04  0.        3162.097       1979.848       6414.302    0.000  -0.138   0.379   0.
  2017 352  2 34 22 489 352.107204742       1.55      0.92      0.12  0.        3161.077       1981.469       6415.464    0.000  -0.138   0.380   0.
  2017 352  2 34 23 489 352.107216317       1.72      1.09      0.19  0.        3160.056       1983.088       6416.625    0.000  -0.138   0.380   0.
  2017 352  2 34 24 489 352.107227891       1.53      1.72     -0.96  0.        3159.035       1984.708       6417.785    0.000  -0.138   0.380   0.
  2017 352  2 34 25 489 352.107239465       1.67      0.76     -0.30  0.        3158.014       1986.327       6418.945    0.000  -0.138   0.380   0.
  2017 352  2 34 26 489 352.107251039       1.39      1.27      0.05  0.        3156.992       1987.947       6420.104    0.000  -0.138   0.380   0.
  2017 352  2 34 27 489 352.107262613       1.54      1.20     -0.54  0.        3155.970       1989.566       6421.263    0.000  -0.138   0.380   0.
  2017 352  2 34 28 489 352.107274187       0.98      1.32     -1.24  0.        3154.948       1991.185       6422.421    0.000  -0.138   0.379   0.
  2017 352  2 34 29 489 352.107285761       0.43      1.75     -0.09  0.        3153.925       1992.803       6423.578    0.000  -0.138   0.379   0.
  2017 352  2 34 30 489 352.107297335       0.84      1.44     -0.61  0.        3152.902       1994.422       6424.734    0.000  -0.138   0.380   0.
  2017 352  2 34 31 489 352.107308909       0.46      2.23      0.02  0.        3151.879       1996.040       6425.890    0.000  -0.138   0.380   0.
  2017 352  2 34 32 489 352.107320483       0.59      1.53      0.17  0.        3150.855       1997.658       6427.045    0.000  -0.138   0.380   0.
  2017 352  2 34 33 489 352.107332057       0.71      1.65      0.06  0.        3149.831       1999.276       6428.200    0.000  -0.138   0.380   0.
  2017 352  2 34 34 489 352.107343631       1.31      0.94     -0.21  0.        3148.807       2000.893       6429.353    0.000  -0.138   0.380   0.
  2017 352  2 34 35 489 352.107355205       0.87      1.34     -0.97  0.        3147.783       2002.511       6430.507    0.000  -0.138   0.380   0.
  2017 352  2 34 36 489 352.107366777       1.58      0.69     -0.60  0.        3146.758       2004.128       6431.659    0.000  -0.138   0.379   0.
  2017 352  2 34 37 489 352.107378351       1.12      1.11     -1.03  0.        3145.732       2005.745       6432.811    0.000  -0.138   0.379   0.
  2017 352  2 34 38 489 352.107389925       0.68      1.59     -0.29  0.        3144.707       2007.361       6433.962    0.000  -0.138   0.379   0.
  2017 352  2 34 39 489 352.107401499       1.03      1.44     -0.63  0.        3143.681       2008.978       6435.112    0.000  -0.138   0.379   0.
  2017 352  2 34 40 489 352.107413073       1.08      1.20     -0.34  0.        3142.655       2010.594       6436.262    0.000  -0.138   0.380   0.
  2017 352  2 34 41 489 352.107424647       0.94      0.92     -0.80  0.        3141.628       2012.210       6437.411    0.000  -0.138   0.380   0.
  2017 352  2 34 42 489 352.107436221       1.17      0.70     -0.94  0.        3140.601       2013.827       6438.559    0.000  -0.138   0.379   0.
  2017 352  2 34 43 489 352.107447795       1.13      0.95     -0.73  0.        3139.574       2015.442       6439.707    0.000  -0.138   0.379   0.
  2017 352  2 34 44 489 352.107459369       1.26      0.77     -0.38  0.        3138.546       2017.058       6440.854    0.000  -0.138   0.380   0.
  2017 352  2 34 45 489 352.107470943       1.34      0.78     -1.21  0.        3137.519       2018.673       6442.001    0.000  -0.138   0.380   0.
  2017 352  2 34 46 489 352.107482517       0.92      1.28     -0.28  0.        3136.490       2020.288       6443.146    0.000  -0.138   0.379   0.
  2017 352  2 34 47 489 352.107494091       0.89      1.72     -0.49  0.        3135.462       2021.903       6444.291    0.000  -0.138   0.379   0.
  2017 352  2 34 48 489 352.107505666       1.53      1.06     -0.83  0.        3134.433       2023.518       6445.436    0.000  -0.138   0.379   0.
  2017 352  2 34 49 489 352.107517240       1.72      0.90     -0.32  0.        3133.404       2025.132       6446.580    0.000  -0.138   0.379   0.
  2017 352  2 34 50 489 352.107528814       1.46      0.71      0.17  0.        3132.374       2026.746       6447.723    0.000  -0.138   0.380   0.
  2017 352  2 34 51 489 352.107540388       1.05      1.34     -0.64  0.        3131.345       2028.360       6448.865    0.000  -0.138   0.380   0.
  2017 352  2 34 52 489 352.107551962       1.06      1.34     -0.46  0.        3130.314       2029.974       6450.007    0.000  -0.138   0.379   0.
  2017 352  2 34 53 489 352.107563536       1.07      1.49      0.08  0.        3129.284       2031.588       6451.148    0.000  -0.138   0.379   0.
  2017 352  2 34 54 489 352.107575110       1.22      1.08     -0.15  0.        3128.253       2033.201       6452.288    0.000  -0.138   0.379   0.
  2017 352  2 34 55 489 352.107586684       0.33      1.53      0.22  0.        3127.222       2034.814       6453.428    0.000  -0.138   0.379   0.
  2017 352  2 34 56 489 352.107598258       0.63      1.59      0.13  0.        3126.191       2036.427       6454.567    0.000  -0.138   0.379   0.
  2017 352  2 34 57 489 352.107609832       1.09      1.32     -0.04  0.        3125.159       2038.040       6455.705    0.000  -0.138   0.379   0.
  2017 352  2 34 58 489 352.107621406       0.90      1.52      0.22  0.        3124.127       2039.653       6456.843    0.000  -0.138   0.379   0.
  2017 352  2 34 59 489 352.107632980       0.24      1.43      0.02  0.        3123.095       2041.265       6457.980    0.000  -0.138   0.379   0.
  2017 352  2 35  0 489 352.107644554       0.42      1.59     -0.34  0.        3122.062       2042.877       6459.116    0.000  -0.138   0.379   0.
  2017 352  2 35  1 489 352.107656128       0.93      1.25     -0.00  0.        3121.029       2044.489       6460.252    0.000  -0.138   0.379   0.
  2017 352  2 35  2 489 352.107667702       0.75      1.38     -0.67  0.        3119.996       2046.101       6461.388    0.000  -0.138   0.379   0.
  2017 352  2 35  3 489 352.107679277       0.87      1.15     -0.35  0.        3118.962       2047.712       6462.522    0.000  -0.138   0.379   0.
  2017 352  2 35  4 489 352.107690851       1.11      0.78     -0.13  0.        3117.928       2049.324       6463.656    0.000  -0.138   0.379   0.
  2017 352  2 35  5 489 352.107702425       1.45      0.85     -0.10  0.        3116.894       2050.935       6464.789    0.000  -0.138   0.379   0.
  2017 352  2 35  6 489 352.107713999       1.36      0.78     -0.70  0.        3115.859       2052.546       6465.921    0.000  -0.138   0.379   0.
  2017 352  2 35  7 489 352.107725573       1.07      1.04      0.14  0.        3114.824       2054.156       6467.053    0.000  -0.138   0.379   0.
  2017 352  2 35  8 489 352.107737145       1.58      0.80      0.26  0.        3113.789       2055.767       6468.184    0.000  -0.138   0.380   0.
  2017 352  2 35  9 489 352.107748718       1.65      0.49      0.30  0.        3112.753       2057.377       6469.314    0.000  -0.138   0.380   0.
  2017 352  2 35 10 489 352.107760292       1.66      1.13      0.02  0.        3111.717       2058.987       6470.444    0.000  -0.138   0.379   0.
  2017 352  2 35 11 489 352.107771866       1.69      0.80      0.41  0.        3110.681       2060.597       6471.573    0.000  -0.138   0.379   0.
  2017 352  2 35 12 489 352.107783440       1.28      0.87      0.13  0.        3109.644       2062.206       6472.702    0.000  -0.138   0.379   0.
  2017 352  2 35 13 489 352.107795014       0.95      0.90     -0.36  0.        3108.608       2063.816       6473.829    0.000  -0.138   0.379   0.
  2017 352  2 35 14 489 352.107806589       0.62      1.40     -0.85  0.        3107.570       2065.425       6474.957    0.000  -0.138   0.380   0.
  2017 352  2 35 15 489 352.107818163       1.05      1.10     -1.26  0.        3106.533       2067.034       6476.083    0.000  -0.138   0.380   0.
  2017 352  2 35 16 489 352.107829737       0.88      1.37     -0.40  0.        3105.495       2068.643       6477.209    0.000  -0.138   0.380   0.
  2017 352  2 35 17 489 352.107841311       1.17      1.16     -0.82  0.        3104.457       2070.251       6478.334    0.000  -0.138   0.380   0.
  2017 352  2 35 18 489 352.107852885       1.25      0.62     -0.33  0.        3103.418       2071.860       6479.458    0.000  -0.138   0.379   0.
  2017 352  2 35 19 489 352.107864459       1.65      1.10     -0.65  0.        3102.380       2073.468       6480.582    0.000  -0.138   0.379   0.
  2017 352  2 35 20 489 352.107876033       1.42      0.95     -0.87  0.        3101.341       2075.076       6481.705    0.000  -0.138   0.380   0.
  2017 352  2 35 21 489 352.107887607       1.03      0.73     -0.65  0.        3100.301       2076.684       6482.828    0.000  -0.138   0.380   0.
  2017 352  2 35 22 489 352.107899181       1.27      0.81     -0.60  0.        3099.262       2078.291       6483.949    0.000  -0.138   0.380   0.
  2017 352  2 35 23 489 352.107910755       1.20      0.91     -0.55  0.        3098.221       2079.898       6485.071    0.000  -0.138   0.380   0.
  2017 352  2 35 24 489 352.107922329       1.22      0.71     -0.44  0.        3097.181       2081.505       6486.191    0.000  -0.138   0.380   0.
  2017 352  2 35 25 489 352.107933903       1.33      0.65     -0.53  0.        3096.140       2083.112       6487.310    0.000  -0.138   0.380   0.
  2017 352  2 35 26 489 352.107945477       1.11      0.73     -0.86  0.        3095.099       2084.719       6488.430    0.000  -0.138   0.380   0.
  2017 352  2 35 27 489 352.107957052       1.40      0.53     -0.58  0.        3094.058       2086.325       6489.548    0.000  -0.138   0.380   0.
  2017 352  2 35 28 489 352.107968626       1.40      0.61     -0.36  0.        3093.016       2087.932       6490.666    0.000  -0.138   0.380   0.
  2017 352  2 35 29 489 352.107980200       1.41      1.13     -0.66  0.        3091.974       2089.538       6491.783    0.000  -0.138   0.380   0.
  2017 352  2 35 30 489 352.107991774       1.59      0.69     -0.26  0.        3090.932       2091.143       6492.900    0.000  -0.138   0.380   0.
  2017 352  2 35 31 489 352.108003348       1.27      0.53     -0.97  0.        3089.890       2092.749       6494.016    0.000  -0.138   0.380   0.
  2017 352  2 35 32 489 352.108014922       1.40      0.89     -0.45  0.        3088.847       2094.354       6495.131    0.000  -0.138   0.380   0.
  2017 352  2 35 33 489 352.108026496       1.58      0.46     -0.40  0.        3087.803       2095.960       6496.245    0.000  -0.138   0.380   0.
  2017 352  2 35 34 489 352.108038070       1.41      1.03     -0.86  0.        3086.760       2097.565       6497.359    0.000  -0.138   0.379   0.
  2017 352  2 35 35 489 352.108049644       1.84      0.70     -0.45  0.        3085.716       2099.169       6498.472    0.000  -0.138   0.379   0.
  2017 352  2 35 36 488 352.108061216       1.54      0.87     -0.26  0.        3084.672       2100.774       6499.585    0.000  -0.138   0.380   0.
  2017 352  2 35 37 488 352.108072789       1.66      0.63     -0.78  0.        3083.628       2102.378       6500.697    0.000  -0.138   0.380   0.
  2017 352  2 35 38 489 352.108084363       1.94      0.67     -0.89  0.        3082.583       2103.982       6501.808    0.000  -0.138   0.379   0.
  2017 352  2 35 39 489 352.108095938       2.08      0.79     -0.92  0.        3081.538       2105.586       6502.918    0.000  -0.138   0.379   0.
  2017 352  2 35 40 488 352.108107512       1.71      0.90     -0.43  0.        3080.492       2107.190       6504.028    0.000  -0.138   0.380   0.
  2017 352  2 35 41 488 352.108119086       1.26      1.03     -0.73  0.        3079.447       2108.793       6505.138    0.000  -0.138   0.380   0.
  2017 352  2 35 42 489 352.108130660       1.35      0.80     -1.18  0.        3078.401       2110.397       6506.246    0.000  -0.138   0.380   0.
  2017 352  2 35 43 489 352.108142234       1.12      0.33     -0.67  0.        3077.354       2112.000       6507.354    0.000  -0.138   0.380   0.
  2017 352  2 35 44 489 352.108153808       1.24      0.53     -0.74  0.        3076.308       2113.602       6508.461    0.000  -0.138   0.379   0.
  2017 352  2 35 45 489 352.108165382       1.43      0.69     -0.65  0.        3075.261       2115.205       6509.568    0.000  -0.138   0.379   0.
  2017 352  2 35 46 488 352.108176956       1.28      0.80     -0.66  0.        3074.213       2116.807       6510.674    0.000  -0.138   0.380   0.
  2017 352  2 35 47 488 352.108188530       1.21      0.67     -0.47  0.        3073.166       2118.410       6511.779    0.000  -0.138   0.380   0.
  2017 352  2 35 48 488 352.108200104       1.41      0.65     -0.32  0.        3072.118       2120.012       6512.883    0.000  -0.138   0.380   0.
  2017 352  2 35 49 488 352.108211678       1.59      0.46     -0.70  0.        3071.070       2121.613       6513.988    0.000  -0.138   0.380   0.
  2017 352  2 35 50 488 352.108223252       1.41      0.74     -0.51  0.        3070.021       2123.215       6515.091    0.000  -0.138   0.379   0.
  2017 352  2 35 51 489 352.108234826       1.65      0.58     -0.91  0.        3068.972       2124.816       6516.194    0.000  -0.138   0.379   0.
  2017 352  2 35 52 489 352.108246400       1.34      0.86     -0.46  0.        3067.923       2126.417       6517.296    0.000  -0.138   0.380   0.
  2017 352  2 35 53 488 352.108257975       1.22      0.65     -0.39  0.        3066.874       2128.018       6518.397    0.000  -0.138   0.380   0.
  2017 352  2 35 54 488 352.108269549       1.38      0.73     -0.58  0.        3065.824       2129.619       6519.497    0.000  -0.138   0.380   0.
  2017 352  2 35 55 489 352.108281123       1.31      0.65      0.05  0.        3064.774       2131.219       6520.597    0.000  -0.138   0.380   0.
  2017 352  2 35 56 489 352.108292697       1.61      0.59     -0.55  0.        3063.724       2132.820       6521.697    0.000  -0.138   0.379   0.
  2017 352  2 35 57 489 352.108304271       1.25     -0.08     -0.34  0.        3062.673       2134.420       6522.795    0.000  -0.138   0.379   0.
  2017 352  2 35 58 489 352.108315845       1.30      0.92     -0.75  0.        3061.622       2136.019       6523.894    0.000  -0.138   0.380   0.
  2017 352  2 35 59 489 352.108327419       1.40      0.81     -0.40  0.        3060.571       2137.619       6524.991    0.000  -0.138   0.380   0.
  2017 352  2 36  0 488 352.108338993       0.99      0.78     -1.11  0.        3059.519       2139.218       6526.088    0.000  -0.138   0.380   0.
  2017 352  2 36  1 488 352.108350567       1.74      0.47     -0.56  0.        3058.467       2140.818       6527.184    0.000  -0.138   0.380   0.
  2017 352  2 36  2 488 352.108362141       1.59      0.47     -0.47  0.        3057.415       2142.417       6528.279    0.000  -0.138   0.379   0.
  2017 352  2 36  3 488 352.108373715       1.38      0.87     -0.87  0.        3056.363       2144.015       6529.374    0.000  -0.138   0.379   0.
  2017 352  2 36  4 488 352.108385289       1.62      0.73     -0.74  0.        3055.310       2145.614       6530.468    0.000  -0.138   0.380   0.
  2017 352  2 36  5 489 352.108396863       1.66      1.02     -0.64  0.        3054.257       2147.212       6531.561    0.000  -0.138   0.380   0.
  2017 352  2 36  6 488 352.108408435       1.34      0.61     -0.68  0.        3053.203       2148.810       6532.654    0.000  -0.138   0.380   0.
  2017 352  2 36  7 488 352.108420009       1.71      0.88     -0.83  0.        3052.150       2150.408       6533.746    0.000  -0.138   0.380   0.
  2017 352  2 36  8 488 352.108431583       1.51      0.81     -0.43  0.        3051.095       2152.006       6534.838    0.000  -0.138   0.380   0.
  2017 352  2 36  9 488 352.108443157       1.31      0.09     -0.79  0.        3050.041       2153.603       6535.928    0.000  -0.138   0.380   0.
  2017 352  2 36 10 488 352.108454731       1.07      0.75     -0.77  0.        3048.986       2155.201       6537.019    0.000  -0.138   0.379   0.
  2017 352  2 36 11 488 352.108466305       1.02      0.82     -0.87  0.        3047.931       2156.798       6538.108    0.000  -0.138   0.379   0.
  2017 352  2 36 12 488 352.108477879       1.48      0.83     -0.72  0.        3046.876       2158.394       6539.197    0.000  -0.138   0.380   0.
  2017 352  2 36 13 488 352.108489453       1.51      0.54     -0.45  0.        3045.820       2159.991       6540.285    0.000  -0.138   0.380   0.
  2017 352  2 36 14 488 352.108501027       1.22      0.58     -0.81  0.        3044.765       2161.587       6541.373    0.000  -0.138   0.380   0.
  2017 352  2 36 15 488 352.108512601       1.34      0.68     -0.70  0.        3043.708       2163.184       6542.459    0.000  -0.138   0.380   0.
  2017 352  2 36 16 488 352.108524175       1.08      0.80     -0.62  0.        3042.652       2164.780       6543.546    0.000  -0.138   0.380   0.
  2017 352  2 36 17 488 352.108535749       1.14      1.28     -0.33  0.        3041.595       2166.375       6544.631    0.000  -0.138   0.380   0.
  2017 352  2 36 18 488 352.108547323       1.36      0.93     -0.73  0.        3040.538       2167.971       6545.716    0.000  -0.138   0.380   0.
  2017 352  2 36 19 488 352.108558898       1.47      1.00     -0.74  0.        3039.481       2169.566       6546.800    0.000  -0.138   0.380   0.
  2017 352  2 36 20 488 352.108570472       1.00      0.65     -0.65  0.        3038.423       2171.161       6547.884    0.000  -0.138   0.380   0.
  2017 352  2 36 21 488 352.108582046       1.11      0.32     -0.89  0.        3037.365       2172.756       6548.967    0.000  -0.138   0.380   0.
  2017 352  2 36 22 488 352.108593620       1.05      0.49     -0.75  0.        3036.307       2174.351       6550.049    0.000  -0.138   0.380   0.
  2017 352  2 36 23 488 352.108605194       1.39      0.86     -0.52  0.        3035.248       2175.945       6551.131    0.000  -0.138   0.380   0.
  2017 352  2 36 24 488 352.108616768       0.91      0.48     -0.83  0.        3034.189       2177.539       6552.212    0.000  -0.138   0.380   0.
  2017 352  2 36 25 488 352.108628342       1.00      0.88     -0.76  0.        3033.130       2179.133       6553.292    0.000  -0.138   0.380   0.
  2017 352  2 36 26 488 352.108639916       1.28      0.58     -0.60  0.        3032.071       2180.727       6554.372    0.000  -0.138   0.380   0.
  2017 352  2 36 27 488 352.108651490       1.01      0.99     -0.56  0.        3031.011       2182.321       6555.451    0.000  -0.138   0.380   0.
  2017 352  2 36 28 488 352.108663064       0.96      0.63     -0.50  0.        3029.951       2183.914       6556.529    0.000  -0.138   0.379   0.
  2017 352  2 36 29 488 352.108674638       1.08      0.98     -0.36  0.        3028.890       2185.507       6557.607    0.000  -0.138   0.379   0.
  2017 352  2 36 30 488 352.108686212       1.31      1.00     -0.32  0.        3027.829       2187.100       6558.684    0.000  -0.138   0.379   0.
  2017 352  2 36 31 488 352.108697786       1.20      0.93     -0.50  0.        3026.768       2188.693       6559.760    0.000  -0.138   0.379   0.
  2017 352  2 36 32 488 352.108709361       1.02      0.76     -0.66  0.        3025.707       2190.285       6560.836    0.000  -0.138   0.379   0.
  2017 352  2 36 33 488 352.108720935       1.27      0.85     -0.52  0.        3024.645       2191.878       6561.911    0.000  -0.138   0.379   0.
  2017 352  2 36 34 488 352.108732509       0.95      1.04     -0.75  0.        3023.584       2193.470       6562.986    0.000  -0.138   0.379   0.
  2017 352  2 36 35 488 352.108744083       1.32      0.56     -0.79  0.        3022.521       2195.061       6564.059    0.000  -0.138   0.379   0.
  2017 352  2 36 36 488 352.108755655       1.22      0.53     -0.62  0.        3021.459       2196.653       6565.133    0.000  -0.138   0.380   0.
  2017 352  2 36 37 488 352.108767228       1.40      0.55     -0.26  0.        3020.396       2198.244       6566.205    0.000  -0.138   0.380   0.
  2017 352  2 36 38 488 352.108778802       1.25      0.75     -0.97  0.        3019.333       2199.836       6567.277    0.000  -0.138   0.379   0.
  2017 352  2 36 39 488 352.108790376       1.06      0.68     -0.81  0.        3018.269       2201.427       6568.348    0.000  -0.138   0.379   0.
  2017 352  2 36 40 488 352.108801950       0.84      0.66     -0.62  0.        3017.206       2203.017       6569.419    0.000  -0.138   0.380   0.
  2017 352  2 36 41 488 352.108813524       1.43      0.36     -0.56  0.        3016.142       2204.608       6570.489    0.000  -0.138   0.380   0.
  2017 352  2 36 42 488 352.108825098       1.33      1.08     -0.29  0.        3015.077       2206.198       6571.558    0.000  -0.138   0.379   0.
  2017 352  2 36 43 488 352.108836672       1.24      0.84     -0.72  0.        3014.013       2207.788       6572.626    0.000  -0.138   0.379   0.
  2017 352  2 36 44 488 352.108848247       1.16      0.55     -0.41  0.        3012.948       2209.378       6573.694    0.000  -0.138   0.379   0.
  2017 352  2 36 45 488 352.108859821       1.29      0.73     -0.60  0.        3011.883       2210.968       6574.762    0.000  -0.138   0.379   0.
  2017 352  2 36 46 488 352.108871395       1.17      0.62     -0.56  0.        3010.817       2212.557       6575.828    0.000  -0.138   0.380   0.
  2017 352  2 36 47 488 352.108882969       1.22      0.79     -0.44  0.        3009.751       2214.146       6576.894    0.000  -0.138   0.380   0.
  2017 352  2 36 48 488 352.108894543       1.23      0.71     -0.18  0.        3008.685       2215.735       6577.960    0.000  -0.138   0.379   0.
  2017 352  2 36 49 488 352.108906117       1.24      0.74     -0.42  0.        3007.619       2217.324       6579.024    0.000  -0.138   0.379   0.
  2017 352  2 36 50 488 352.108917691       1.43      0.91     -0.35  0.        3006.552       2218.913       6580.088    0.000  -0.138   0.379   0.
  2017 352  2 36 51 488 352.108929265       1.76      0.69     -0.27  0.        3005.485       2220.501       6581.152    0.000  -0.138   0.379   0.
  2017 352  2 36 52 488 352.108940839       1.62      0.41     -0.21  0.        3004.418       2222.089       6582.214    0.000  -0.138   0.379   0.
  2017 352  2 36 53 488 352.108952413       1.57      0.47     -0.25  0.        3003.350       2223.677       6583.277    0.000  -0.138   0.379   0.
  2017 352  2 36 54 488 352.108963987       1.39      0.47     -0.26  0.        3002.282       2225.265       6584.338    0.000  -0.138   0.380   0.
  2017 352  2 36 55 488 352.108975561       1.35      0.77     -0.35  0.        3001.214       2226.852       6585.399    0.000  -0.138   0.380   0.
  2017 352  2 36 56 488 352.108987135       1.17      0.71     -0.67  0.        3000.146       2228.440       6586.459    0.000  -0.138   0.379   0.
  2017 352  2 36 57 488 352.108998709       1.43      0.70     -0.34  0.        2999.077       2230.027       6587.518    0.000  -0.138   0.379   0.
  2017 352  2 36 58 488 352.109010284       1.30      0.61     -0.67  0.        2998.008       2231.613       6588.577    0.000  -0.138   0.379   0.
  2017 352  2 36 59 488 352.109021858       1.22      0.45     -0.57  0.        2996.938       2233.200       6589.635    0.000  -0.138   0.379   0.
  2017 352  2 37  0 488 352.109033432       1.21      0.63     -0.60  0.        2995.869       2234.786       6590.693    0.000  -0.138   0.380   0.
  2017 352  2 37  1 488 352.109045006       1.10      0.66     -0.58  0.        2994.799       2236.372       6591.750    0.000  -0.138   0.380   0.
  2017 352  2 37  2 488 352.109056580       1.13      0.73     -0.50  0.        2993.728       2237.958       6592.806    0.000  -0.138   0.379   0.
  2017 352  2 37  3 488 352.109068154       1.44      0.36     -0.07  0.        2992.658       2239.544       6593.862    0.000  -0.138   0.379   0.
  2017 352  2 37  4 488 352.109079728       1.31      0.81     -0.68  0.        2991.587       2241.130       6594.917    0.000  -0.138   0.380   0.
  2017 352  2 37  5 488 352.109091302       1.26      0.67     -0.32  0.        2990.516       2242.715       6595.971    0.000  -0.138   0.380   0.
  2017 352  2 37  6 488 352.109102874       1.22      0.44     -0.47  0.        2989.444       2244.300       6597.025    0.000  -0.138   0.380   0.
  2017 352  2 37  7 488 352.109114447       1.12      0.69     -0.43  0.        2988.373       2245.885       6598.078    0.000  -0.138   0.380   0.
  2017 352  2 37  8 488 352.109126021       0.97      1.02     -0.53  0.        2987.301       2247.469       6599.130    0.000  -0.138   0.380   0.
  2017 352  2 37  9 488 352.109137596       1.39      0.62     -0.57  0.        2986.228       2249.054       6600.182    0.000  -0.138   0.380   0.
  2017 352  2 37 10 488 352.109149170       1.08      1.20     -0.32  0.        2985.156       2250.638       6601.233    0.000  -0.138   0.379   0.
  2017 352  2 37 11 488 352.109160744       1.18      0.68     -0.89  0.        2984.083       2252.222       6602.283    0.000  -0.138   0.379   0.
  2017 352  2 37 12 488 352.109172318       1.28      0.65     -0.91  0.        2983.010       2253.806       6603.333    0.000  -0.138   0.380   0.
  2017 352  2 37 13 488 352.109183892       1.39      1.01     -0.33  0.        2981.936       2255.389       6604.382    0.000  -0.138   0.380   0.
  2017 352  2 37 14 488 352.109195466       1.14      0.50     -1.24  0.        2980.863       2256.972       6605.431    0.000  -0.138   0.379   0.
  2017 352  2 37 15 488 352.109207040       1.26      0.97     -0.56  0.        2979.788       2258.555       6606.478    0.000  -0.138   0.379   0.
  2017 352  2 37 16 488 352.109218614       1.17      0.63     -0.69  0.        2978.714       2260.138       6607.526    0.000  -0.138   0.380   0.
  2017 352  2 37 17 488 352.109230188       1.50      0.74     -0.77  0.        2977.639       2261.721       6608.572    0.000  -0.138   0.380   0.
  2017 352  2 37 18 488 352.109241762       0.93      0.76     -0.66  0.        2976.565       2263.303       6609.618    0.000  -0.138   0.380   0.
  2017 352  2 37 19 488 352.109253336       1.00      0.94     -0.39  0.        2975.489       2264.886       6610.663    0.000  -0.138   0.380   0.
  2017 352  2 37 20 488 352.109264910       0.88      0.61     -0.93  0.        2974.414       2266.467       6611.708    0.000  -0.138   0.379   0.
  2017 352  2 37 21 488 352.109276484       1.28      0.55     -0.40  0.        2973.338       2268.049       6612.752    0.000  -0.138   0.379   0.
  2017 352  2 37 22 488 352.109288058       1.23      0.86     -0.48  0.        2972.262       2269.631       6613.795    0.000  -0.138   0.380   0.
  2017 352  2 37 23 488 352.109299633       1.17      0.81     -0.43  0.        2971.185       2271.212       6614.838    0.000  -0.138   0.380   0.
  2017 352  2 37 24 488 352.109311207       1.49      0.74     -0.29  0.        2970.109       2272.793       6615.880    0.000  -0.138   0.379   0.
  2017 352  2 37 25 488 352.109322781       1.55      0.88     -0.18  0.        2969.032       2274.374       6616.921    0.000  -0.138   0.379   0.
  2017 352  2 37 26 488 352.109334355       1.23      0.90     -0.17  0.        2967.954       2275.955       6617.962    0.000  -0.138   0.380   0.
  2017 352  2 37 27 488 352.109345929       1.14      0.66     -0.44  0.        2966.877       2277.535       6619.002    0.000  -0.138   0.380   0.
  2017 352  2 37 28 488 352.109357503       1.23      0.50     -0.55  0.        2965.799       2279.115       6620.041    0.000  -0.138   0.380   0.
  2017 352  2 37 29 488 352.109369077       0.92      0.93     -0.50  0.        2964.721       2280.695       6621.080    0.000  -0.138   0.380   0.
  2017 352  2 37 30 488 352.109380651       1.17      0.95     -0.25  0.        2963.643       2282.275       6622.118    0.000  -0.138   0.379   0.
  2017 352  2 37 31 488 352.109392225       1.32      0.82     -0.36  0.        2962.564       2283.855       6623.156    0.000  -0.138   0.379   0.
  2017 352  2 37 32 488 352.109403799       1.47      0.74     -0.20  0.        2961.485       2285.434       6624.193    0.000  -0.138   0.379   0.
  2017 352  2 37 33 488 352.109415373       1.11      0.92     -0.16  0.        2960.406       2287.013       6625.229    0.000  -0.138   0.379   0.
  2017 352  2 37 34 488 352.109426945       1.06      0.64     -0.91  0.        2959.326       2288.592       6626.265    0.000  -0.138   0.380   0.
  2017 352  2 37 35 487 352.109438519       1.21      0.56     -0.48  0.        2958.247       2290.170       6627.300    0.000  -0.138   0.380   0.
  2017 352  2 37 36 487 352.109450093       1.51      0.54     -0.64  0.        2957.166       2291.749       6628.334    0.000  -0.138   0.379   0.
  2017 352  2 37 37 488 352.109461667       1.61      0.60     -0.27  0.        2956.086       2293.327       6629.367    0.000  -0.138   0.379   0.
  2017 352  2 37 38 488 352.109473241       1.43      0.53     -0.45  0.        2955.005       2294.905       6630.400    0.000  -0.138   0.380   0.
  2017 352  2 37 39 488 352.109484815       1.48      0.68     -0.45  0.        2953.924       2296.483       6631.433    0.000  -0.138   0.380   0.
  2017 352  2 37 40 488 352.109496389       1.40      0.45     -0.29  0.        2952.843       2298.060       6632.465    0.000  -0.138   0.379   0.
  2017 352  2 37 41 488 352.109507963       1.12      0.78     -0.95  0.        2951.761       2299.638       6633.496    0.000  -0.138   0.379   0.
  2017 352  2 37 42 487 352.109519537       1.31      0.52     -0.31  0.        2950.680       2301.215       6634.526    0.000  -0.138   0.380   0.
  2017 352  2 37 43 487 352.109531111       1.20      0.80     -0.36  0.        2949.597       2302.792       6635.556    0.000  -0.138   0.380   0.
  2017 352  2 37 44 487 352.109542685       0.35      1.06     -0.63  0.        2948.515       2304.368       6636.585    0.000  -0.138   0.380   0.
  2017 352  2 37 45 487 352.109554259       1.28      0.89     -0.30  0.        2947.432       2305.945       6637.614    0.000  -0.138   0.380   0.
  2017 352  2 37 46 487 352.109565833       1.34      0.67     -0.73  0.        2946.349       2307.521       6638.641    0.000  -0.138   0.379   0.
  2017 352  2 37 47 488 352.109577407       1.59      0.45     -0.60  0.        2945.266       2309.097       6639.669    0.000  -0.138   0.379   0.
  2017 352  2 37 48 488 352.109588982       1.35      0.62     -0.62  0.        2944.182       2310.673       6640.695    0.000  -0.138   0.380   0.
  2017 352  2 37 49 487 352.109600556       1.29      0.89     -0.32  0.        2943.099       2312.248       6641.721    0.000  -0.138   0.380   0.
  2017 352  2 37 50 487 352.109612130       1.33      0.60     -0.24  0.        2942.014       2313.824       6642.746    0.000  -0.138   0.380   0.
  2017 352  2 37 51 488 352.109623704       1.42      0.37     -0.40  0.        2940.930       2315.399       6643.771    0.000  -0.138   0.380   0.
  2017 352  2 37 52 488 352.109635278       1.29      0.73     -0.56  0.        2939.845       2316.974       6644.795    0.000  -0.138   0.379   0.
  2017 352  2 37 53 488 352.109646852       1.38      0.72     -0.19  0.        2938.760       2318.548       6645.819    0.000  -0.138   0.379   0.
  2017 352  2 37 54 488 352.109658426       1.20      0.49     -0.10  0.        2937.675       2320.123       6646.841    0.000  -0.138   0.380   0.
  2017 352  2 37 55 487 352.109670000       1.69      0.20     -0.41  0.        2936.590       2321.697       6647.863    0.000  -0.138   0.380   0.
  2017 352  2 37 56 487 352.109681574       0.95      0.87     -0.16  0.        2935.504       2323.271       6648.885    0.000  -0.138   0.379   0.
  2017 352  2 37 57 487 352.109693148       1.34      0.76      0.15  0.        2934.418       2324.844       6649.906    0.000  -0.138   0.379   0.
  2017 352  2 37 58 487 352.109704722       0.90      0.83     -0.64  0.        2933.331       2326.418       6650.926    0.000  -0.138   0.379   0.
  2017 352  2 37 59 487 352.109716296       0.89      0.94     -0.45  0.        2932.245       2327.991       6651.945    0.000  -0.138   0.379   0.
  2017 352  2 38  0 488 352.109727870       1.19      0.66     -0.93  0.        2931.158       2329.564       6652.964    0.000  -0.138   0.380   0.
  2017 352  2 38  1 488 352.109739444       1.25      0.79     -0.73  0.        2930.070       2331.137       6653.982    0.000  -0.138   0.380   0.
  2017 352  2 38  2 487 352.109751018       1.12      0.81     -0.45  0.        2928.983       2332.710       6655.000    0.000  -0.138   0.379   0.
  2017 352  2 38  3 487 352.109762593       1.48      0.82     -0.27  0.        2927.895       2334.282       6656.017    0.000  -0.138   0.379   0.
  2017 352  2 38  4 488 352.109774165       1.83      0.77     -0.51  0.        2926.807       2335.854       6657.033    0.000  -0.138   0.380   0.
  2017 352  2 38  5 487 352.109785738       1.34      0.26     -0.80  0.        2925.719       2337.426       6658.049    0.000  -0.138   0.380   0.
  2017 352  2 38  6 487 352.109797312       0.89      1.08     -0.73  0.        2924.630       2338.998       6659.064    0.000  -0.138   0.380   0.
  2017 352  2 38  7 487 352.109808886       1.29      0.52     -0.34  0.        2923.541       2340.570       6660.079    0.000  -0.138   0.380   0.
  2017 352  2 38  8 487 352.109820460       1.14      0.90     -0.45  0.        2922.452       2342.141       6661.092    0.000  -0.138   0.379   0.
  2017 352  2 38  9 487 352.109832034       1.24      0.78     -0.32  0.        2921.362       2343.712       6662.105    0.000  -0.138   0.379   0.
  2017 352  2 38 10 487 352.109843608       1.13      0.84     -0.35  0.        2920.273       2345.283       6663.118    0.000  -0.138   0.380   0.
  2017 352  2 38 11 487 352.109855182       1.32      0.42     -0.49  0.        2919.183       2346.854       6664.130    0.000  -0.138   0.380   0.
  2017 352  2 38 12 487 352.109866756       1.12      0.59     -0.48  0.        2918.092       2348.424       6665.141    0.000  -0.138   0.379   0.
  2017 352  2 38 13 487 352.109878330       1.30      0.46     -0.48  0.        2917.002       2349.994       6666.152    0.000  -0.138   0.379   0.
  2017 352  2 38 14 487 352.109889905       1.60      0.63     -0.42  0.        2915.911       2351.564       6667.162    0.000  -0.138   0.380   0.
  2017 352  2 38 15 487 352.109901479       1.62      0.87     -0.39  0.        2914.820       2353.134       6668.171    0.000  -0.138   0.380   0.
  2017 352  2 38 16 487 352.109913053       1.50      0.81     -0.43  0.        2913.728       2354.703       6669.179    0.000  -0.138   0.380   0.
  2017 352  2 38 17 487 352.109924627       1.47      0.55     -0.19  0.        2912.637       2356.273       6670.188    0.000  -0.138   0.380   0.
  2017 352  2 38 18 487 352.109936201       1.84      0.78     -0.09  0.        2911.545       2357.842       6671.195    0.000  -0.138   0.379   0.
  2017 352  2 38 19 487 352.109947775       1.78      1.00     -0.14  0.        2910.452       2359.410       6672.202    0.000  -0.138   0.379   0.
  2017 352  2 38 20 487 352.109959349       1.89      0.62     -0.34  0.        2909.360       2360.979       6673.208    0.000  -0.138   0.380   0.
  2017 352  2 38 21 487 352.109970923       1.43      0.95     -0.09  0.        2908.267       2362.548       6674.213    0.000  -0.138   0.380   0.
  2017 352  2 38 22 487 352.109982497       1.24      1.05     -0.30  0.        2907.174       2364.115       6675.218    0.000  -0.138   0.380   0.
  2017 352  2 38 23 487 352.109994071       1.14      0.93     -0.15  0.        2906.080       2365.683       6676.222    0.000  -0.138   0.380   0.
  2017 352  2 38 24 487 352.110005645       0.99      1.03     -0.38  0.        2904.987       2367.251       6677.226    0.000  -0.138   0.379   0.
  2017 352  2 38 25 487 352.110017219       1.28      0.90     -0.17  0.        2903.893       2368.818       6678.229    0.000  -0.138   0.379   0.
  2017 352  2 38 26 487 352.110028793       1.05      1.08     -0.31  0.        2902.799       2370.386       6679.231    0.000  -0.138   0.379   0.
  2017 352  2 38 27 487 352.110040367       1.14      1.05     -0.21  0.        2901.704       2371.953       6680.233    0.000  -0.138   0.379   0.
  2017 352  2 38 28 487 352.110051942       1.05      1.05     -0.70  0.        2900.609       2373.520       6681.234    0.000  -0.138   0.379   0.
  2017 352  2 38 29 487 352.110063516       1.06      0.68     -0.62  0.        2899.514       2375.086       6682.234    0.000  -0.138   0.379   0.
  2017 352  2 38 30 487 352.110075090       1.04      0.89     -0.40  0.        2898.419       2376.653       6683.234    0.000  -0.138   0.379   0.
  2017 352  2 38 31 487 352.110086664       1.02      0.69     -0.29  0.        2897.324       2378.219       6684.233    0.000  -0.138   0.379   0.
  2017 352  2 38 32 487 352.110098238       1.33      0.53     -0.38  0.        2896.228       2379.785       6685.232    0.000  -0.138   0.379   0.
  2017 352  2 38 33 487 352.110109812       1.70      0.49     -0.33  0.        2895.131       2381.350       6686.230    0.000  -0.138   0.379   0.
  2017 352  2 38 34 487 352.110121384       1.63      0.21     -0.38  0.        2894.035       2382.916       6687.227    0.000  -0.138   0.379   0.
  2017 352  2 38 35 487 352.110132957       1.61      0.48     -0.20  0.        2892.938       2384.481       6688.223    0.000  -0.138   0.379   0.
  2017 352  2 38 36 487 352.110144531       1.69      0.38     -0.01  0.        2891.841       2386.046       6689.219    0.000  -0.138   0.379   0.
  2017 352  2 38 37 487 352.110156105       1.56      0.78     -0.04  0.        2890.744       2387.611       6690.215    0.000  -0.138   0.379   0.
  2017 352  2 38 38 487 352.110167679       1.49      0.70     -0.27  0.        2889.647       2389.175       6691.209    0.000  -0.138   0.379   0.
  2017 352  2 38 39 487 352.110179254       1.67      0.60      0.03  0.        2888.549       2390.740       6692.203    0.000  -0.138   0.379   0.
  2017 352  2 38 40 487 352.110190827       1.40      0.83      0.05  0.        2887.451       2392.304       6693.197    0.000  -0.138   0.380   0.
  2017 352  2 38 41 487 352.110202402       0.94      1.02     -0.50  0.        2886.352       2393.867       6694.190    0.000  -0.138   0.380   0.
  2017 352  2 38 42 487 352.110213976       1.25      0.71     -0.61  0.        2885.254       2395.431       6695.182    0.000  -0.138   0.379   0.
  2017 352  2 38 43 487 352.110225550       1.30      0.64     -0.77  0.        2884.155       2396.994       6696.173    0.000  -0.138   0.379   0.
  2017 352  2 38 44 487 352.110237124       1.37      1.01     -0.67  0.        2883.056       2398.558       6697.164    0.000  -0.138   0.380   0.
  2017 352  2 38 45 487 352.110248698       1.29      0.88     -0.32  0.        2881.956       2400.121       6698.154    0.000  -0.138   0.380   0.
  2017 352  2 38 46 487 352.110260272       1.49      0.67     -0.74  0.        2880.857       2401.683       6699.144    0.000  -0.138   0.380   0.
  2017 352  2 38 47 487 352.110271846       1.69      0.59     -0.43  0.        2879.757       2403.246       6700.133    0.000  -0.138   0.380   0.
  2017 352  2 38 48 487 352.110283420       1.64      0.73     -0.41  0.        2878.657       2404.808       6701.121    0.000  -0.138   0.379   0.
  2017 352  2 38 49 487 352.110294994       2.00      0.58     -0.50  0.        2877.556       2406.370       6702.109    0.000  -0.138   0.379   0.
  2017 352  2 38 50 487 352.110306568       1.52      0.53     -0.30  0.        2876.455       2407.932       6703.096    0.000  -0.138   0.379   0.
  2017 352  2 38 51 487 352.110318142       1.09      0.69     -0.57  0.        2875.354       2409.494       6704.082    0.000  -0.138   0.379   0.
  2017 352  2 38 52 487 352.110329716       0.98      0.95     -0.24  0.        2874.253       2411.055       6705.068    0.000  -0.138   0.380   0.
  2017 352  2 38 53 487 352.110341291       1.56      0.47     -0.13  0.        2873.151       2412.616       6706.053    0.000  -0.138   0.380   0.
  2017 352  2 38 54 487 352.110352865       1.11      0.91     -0.01  0.        2872.049       2414.177       6707.038    0.000  -0.138   0.379   0.
  2017 352  2 38 55 487 352.110364439       0.77      0.94     -0.61  0.        2870.947       2415.738       6708.022    0.000  -0.138   0.379   0.
  2017 352  2 38 56 487 352.110376013       0.98      0.94     -0.08  0.        2869.845       2417.298       6709.005    0.000  -0.138   0.380   0.
  2017 352  2 38 57 487 352.110387587       1.03      0.66     -0.53  0.        2868.742       2418.858       6709.988    0.000  -0.138   0.380   0.
  2017 352  2 38 58 487 352.110399161       0.93      0.97     -0.16  0.        2867.639       2420.418       6710.970    0.000  -0.138   0.380   0.
  2017 352  2 38 59 487 352.110410735       1.16      0.55     -0.33  0.        2866.536       2421.978       6711.951    0.000  -0.138   0.380   0.
  2017 352  2 39  0 487 352.110422309       1.34      0.66     -0.43  0.        2865.432       2423.538       6712.932    0.000  -0.138   0.380   0.
  2017 352  2 39  1 487 352.110433883       1.13      0.98     -0.20  0.        2864.329       2425.097       6713.912    0.000  -0.138   0.380   0.
  2017 352  2 39  2 487 352.110445457       1.47      0.84     -0.26  0.        2863.225       2426.656       6714.892    0.000  -0.138   0.379   0.
  2017 352  2 39  3 487 352.110457031       1.22      0.66     -0.19  0.        2862.120       2428.215       6715.870    0.000  -0.138   0.379   0.
  2017 352  2 39  4 487 352.110468603       1.45      0.81     -0.12  0.        2861.016       2429.774       6716.849    0.000  -0.138   0.380   0.
  2017 352  2 39  5 487 352.110480177       1.25      0.90     -0.34  0.        2859.911       2431.332       6717.826    0.000  -0.138   0.380   0.
  2017 352  2 39  6 487 352.110491751       1.40      0.73     -0.60  0.        2858.806       2432.890       6718.803    0.000  -0.138   0.379   0.
  2017 352  2 39  7 487 352.110503325       1.40      0.72     -0.46  0.        2857.701       2434.448       6719.779    0.000  -0.138   0.379   0.
  2017 352  2 39  8 487 352.110514899       1.36      0.75     -0.52  0.        2856.595       2436.006       6720.755    0.000  -0.138   0.380   0.
  2017 352  2 39  9 487 352.110526473       1.37      0.61     -0.43  0.        2855.489       2437.563       6721.730    0.000  -0.138   0.380   0.
  2017 352  2 39 10 487 352.110538047       1.28      0.66     -0.54  0.        2854.383       2439.121       6722.705    0.000  -0.138   0.379   0.
  2017 352  2 39 11 487 352.110549621       1.35      0.62     -0.65  0.        2853.276       2440.678       6723.678    0.000  -0.138   0.379   0.
  2017 352  2 39 12 487 352.110561195       1.28      0.69     -0.49  0.        2852.170       2442.235       6724.652    0.000  -0.138   0.379   0.
  2017 352  2 39 13 487 352.110572769       1.14      0.55     -0.65  0.        2851.063       2443.791       6725.624    0.000  -0.138   0.379   0.
  2017 352  2 39 14 487 352.110584343       1.16      0.53     -0.55  0.        2849.956       2445.347       6726.596    0.000  -0.138   0.380   0.
  2017 352  2 39 15 487 352.110595917       1.16      0.33     -0.48  0.        2848.848       2446.904       6727.567    0.000  -0.138   0.380   0.
  2017 352  2 39 16 487 352.110607491       1.06      0.53     -0.42  0.        2847.740       2448.459       6728.538    0.000  -0.138   0.379   0.
  2017 352  2 39 17 487 352.110619065       1.41      0.68     -0.32  0.        2846.632       2450.015       6729.508    0.000  -0.138   0.379   0.
  2017 352  2 39 18 487 352.110630639       1.30      0.57     -0.23  0.        2845.524       2451.571       6730.478    0.000  -0.138   0.380   0.
  2017 352  2 39 19 487 352.110642214       1.15      0.66     -0.55  0.        2844.415       2453.126       6731.446    0.000  -0.138   0.380   0.
  2017 352  2 39 20 487 352.110653788       1.11      0.74     -0.29  0.        2843.307       2454.681       6732.414    0.000  -0.138   0.379   0.
  2017 352  2 39 21 487 352.110665362       1.06      0.67     -0.74  0.        2842.198       2456.236       6733.382    0.000  -0.138   0.379   0.
  2017 352  2 39 22 487 352.110676936       1.20      0.46     -0.51  0.        2841.088       2457.790       6734.349    0.000  -0.138   0.380   0.
  2017 352  2 39 23 487 352.110688510       0.93      0.73     -0.71  0.        2839.979       2459.344       6735.315    0.000  -0.138   0.380   0.
  2017 352  2 39 24 487 352.110700084       1.11      0.74     -0.43  0.        2838.869       2460.898       6736.281    0.000  -0.138   0.379   0.
  2017 352  2 39 25 487 352.110711658       1.33      0.70     -0.62  0.        2837.758       2462.452       6737.246    0.000  -0.138   0.379   0.
  2017 352  2 39 26 487 352.110723232       0.89      0.85     -0.66  0.        2836.648       2464.006       6738.210    0.000  -0.138   0.380   0.
  2017 352  2 39 27 487 352.110734806       1.28      0.93     -0.69  0.        2835.537       2465.559       6739.174    0.000  -0.138   0.380   0.
  2017 352  2 39 28 487 352.110746380       1.18      0.65     -0.88  0.        2834.426       2467.112       6740.137    0.000  -0.138   0.380   0.
  2017 352  2 39 29 487 352.110757954       0.80      0.74     -0.88  0.        2833.315       2468.665       6741.099    0.000  -0.138   0.380   0.
  2017 352  2 39 30 487 352.110769528       1.14      0.55     -0.37  0.        2832.204       2470.218       6742.061    0.000  -0.138   0.379   0.
  2017 352  2 39 31 487 352.110781102       1.41      0.63     -0.49  0.        2831.092       2471.770       6743.023    0.000  -0.138   0.379   0.
  2017 352  2 39 32 487 352.110792677       1.55      0.85     -0.62  0.        2829.980       2473.323       6743.983    0.000  -0.138   0.380   0.
  2017 352  2 39 33 487 352.110804251       1.42      0.63     -0.87  0.        2828.868       2474.875       6744.943    0.000  -0.138   0.380   0.
  2017 352  2 39 34 487 352.110815822       1.18      0.74     -0.20  0.        2827.755       2476.426       6745.903    0.000  -0.138   0.379   0.
  2017 352  2 39 35 487 352.110827396       1.24      0.56     -0.20  0.        2826.642       2477.978       6746.861    0.000  -0.138   0.379   0.
  2017 352  2 39 36 487 352.110838970       0.84      0.72     -0.34  0.        2825.529       2479.529       6747.819    0.000  -0.138   0.380   0.
  2017 352  2 39 37 487 352.110850544       0.49      0.78     -0.49  0.        2824.416       2481.081       6748.777    0.000  -0.138   0.380   0.
  2017 352  2 39 38 486 352.110862118       0.62      0.60     -0.78  0.        2823.302       2482.631       6749.734    0.000  -0.138   0.379   0.
  2017 352  2 39 39 486 352.110873692       1.09      0.48     -0.71  0.        2822.189       2484.182       6750.690    0.000  -0.138   0.379   0.
  2017 352  2 39 40 486 352.110885266       1.01      0.46     -0.75  0.        2821.075       2485.732       6751.645    0.000  -0.138   0.379   0.
  2017 352  2 39 41 486 352.110896840       1.23      0.78     -0.72  0.        2819.960       2487.283       6752.600    0.000  -0.138   0.379   0.
  2017 352  2 39 42 487 352.110908414       1.06      0.55     -0.87  0.        2818.845       2488.832       6753.555    0.000  -0.138   0.380   0.
  2017 352  2 39 43 487 352.110919988       1.37      0.40     -0.77  0.        2817.731       2490.382       6754.508    0.000  -0.138   0.380   0.
  2017 352  2 39 44 487 352.110931563       1.67      0.61     -0.48  0.        2816.615       2491.932       6755.462    0.000  -0.138   0.380   0.
  2017 352  2 39 45 486 352.110943137       1.53      0.56     -0.73  0.        2815.500       2493.481       6756.414    0.000  -0.138   0.380   0.
  2017 352  2 39 46 486 352.110954711       1.27      0.44     -0.62  0.        2814.384       2495.030       6757.366    0.000  -0.138   0.379   0.
  2017 352  2 39 47 487 352.110966285       0.92      0.50     -0.90  0.        2813.268       2496.579       6758.317    0.000  -0.138   0.379   0.
  2017 352  2 39 48 487 352.110977859       1.33      0.39     -0.48  0.        2812.152       2498.127       6759.268    0.000  -0.138   0.379   0.
  2017 352  2 39 49 487 352.110989433       1.44      0.73     -0.60  0.        2811.036       2499.676       6760.218    0.000  -0.138   0.379   0.
  2017 352  2 39 50 487 352.111001007       1.25      0.56     -0.59  0.        2809.919       2501.224       6761.167    0.000  -0.138   0.379   0.
  2017 352  2 39 51 486 352.111012581       1.46      0.44     -0.42  0.        2808.802       2502.772       6762.116    0.000  -0.138   0.379   0.
  2017 352  2 39 52 486 352.111024155       1.43      0.49     -0.51  0.        2807.685       2504.319       6763.064    0.000  -0.138   0.380   0.
  2017 352  2 39 53 486 352.111035729       1.36      0.35     -0.56  0.        2806.567       2505.867       6764.011    0.000  -0.138   0.380   0.
  2017 352  2 39 54 486 352.111047303       1.41      0.38     -0.55  0.        2805.450       2507.414       6764.958    0.000  -0.138   0.379   0.
  2017 352  2 39 55 486 352.111058877       1.47      0.44     -0.41  0.        2804.332       2508.961       6765.904    0.000  -0.138   0.379   0.
  2017 352  2 39 56 487 352.111070451       1.41      0.44     -0.58  0.        2803.213       2510.507       6766.850    0.000  -0.138   0.379   0.
  2017 352  2 39 57 487 352.111082025       1.37      0.45     -0.49  0.        2802.095       2512.054       6767.795    0.000  -0.138   0.379   0.
  2017 352  2 39 58 486 352.111093600       1.39      0.42     -0.58  0.        2800.976       2513.600       6768.739    0.000  -0.138   0.380   0.
  2017 352  2 39 59 486 352.111105174       1.37      0.49     -0.51  0.        2799.857       2515.146       6769.683    0.000  -0.138   0.380   0.
  2017 352  2 40  0 487 352.111116748       1.18      0.61     -0.60  0.        2798.738       2516.692       6770.626    0.000  -0.138   0.379   0.
  2017 352  2 40  1 487 352.111128322       1.19      0.50     -0.48  0.        2797.619       2518.238       6771.569    0.000  -0.138   0.379   0.
  2017 352  2 40  2 487 352.111139896       1.11      0.61     -0.56  0.        2796.498       2519.783       6772.510    0.000  -0.138   0.380   0.
  2017 352  2 40  3 487 352.111151470       1.32      0.48     -0.57  0.        2795.378       2521.328       6773.452    0.000  -0.138   0.380   0.
  2017 352  2 40  4 487 352.111163042       1.67      0.30     -0.45  0.        2794.258       2522.873       6774.392    0.000  -0.138   0.379   0.
  2017 352  2 40  5 486 352.111174615       1.44      0.46     -0.64  0.        2793.138       2524.418       6775.332    0.000  -0.138   0.379   0.
  2017 352  2 40  6 486 352.111186189       1.46      0.51     -0.52  0.        2792.017       2525.962       6776.272    0.000  -0.138   0.380   0.
  2017 352  2 40  7 486 352.111197763       1.53      0.17     -0.40  0.        2790.896       2527.506       6777.210    0.000  -0.138   0.380   0.
  2017 352  2 40  8 486 352.111209337       1.32      0.53     -0.57  0.        2789.774       2529.050       6778.149    0.000  -0.138   0.380   0.
  2017 352  2 40  9 486 352.111220911       1.35      0.50     -0.43  0.        2788.653       2530.594       6779.086    0.000  -0.138   0.380   0.
  2017 352  2 40 10 486 352.111232486       1.39      0.46     -0.44  0.        2787.531       2532.137       6780.023    0.000  -0.138   0.379   0.
  2017 352  2 40 11 486 352.111244060       1.33      0.58     -0.36  0.        2786.409       2533.680       6780.959    0.000  -0.138   0.379   0.
  2017 352  2 40 12 486 352.111255634       1.46      0.60     -0.46  0.        2785.286       2535.223       6781.895    0.000  -0.138   0.379   0.
  2017 352  2 40 13 486 352.111267208       1.66      0.45     -0.54  0.        2784.164       2536.766       6782.830    0.000  -0.138   0.379   0.
  2017 352  2 40 14 486 352.111278782       1.48      0.36     -0.57  0.        2783.041       2538.309       6783.764    0.000  -0.138   0.380   0.
  2017 352  2 40 15 486 352.111290356       1.40      0.49     -0.38  0.        2781.918       2539.851       6784.698    0.000  -0.138   0.380   0.
  2017 352  2 40 16 486 352.111301930       1.42      0.48     -0.38  0.        2780.794       2541.393       6785.631    0.000  -0.138   0.379   0.
  2017 352  2 40 17 486 352.111313504       1.29      0.54     -0.39  0.        2779.671       2542.935       6786.564    0.000  -0.138   0.379   0.
  2017 352  2 40 18 486 352.111325078       1.31      0.74     -0.25  0.        2778.547       2544.477       6787.496    0.000  -0.138   0.380   0.
  2017 352  2 40 19 486 352.111336652       1.52      0.53     -0.29  0.        2777.423       2546.018       6788.427    0.000  -0.138   0.380   0.
  2017 352  2 40 20 486 352.111348226       1.25      0.58     -0.45  0.        2776.298       2547.559       6789.358    0.000  -0.138   0.379   0.
  2017 352  2 40 21 486 352.111359800       1.17      0.46     -0.44  0.        2775.174       2549.100       6790.288    0.000  -0.138   0.379   0.
  2017 352  2 40 22 486 352.111371374       1.12      0.52     -0.37  0.        2774.049       2550.641       6791.217    0.000  -0.138   0.380   0.
  2017 352  2 40 23 486 352.111382948       1.27      0.46     -0.34  0.        2772.924       2552.181       6792.146    0.000  -0.138   0.380   0.
  2017 352  2 40 24 486 352.111394523       1.36      0.61     -0.39  0.        2771.798       2553.721       6793.073    0.000  -0.138   0.379   0.
  2017 352  2 40 25 486 352.111406097       1.53      0.32     -0.49  0.        2770.672       2555.261       6794.002    0.000  -0.138   0.379   0.
  2017 352  2 40 26 486 352.111417671       1.36      0.28     -0.49  0.        2769.546       2556.801       6794.928    0.000  -0.138   0.380   0.
  2017 352  2 40 27 486 352.111429245       1.23      0.56     -0.51  0.        2768.420       2558.341       6795.855    0.000  -0.138   0.380   0.
  2017 352  2 40 28 486 352.111440819       1.37      0.47     -0.44  0.        2767.294       2559.880       6796.780    0.000  -0.138   0.380   0.
  2017 352  2 40 29 486 352.111452393       1.38      0.50     -0.46  0.        2766.167       2561.419       6797.706    0.000  -0.138   0.380   0.
  2017 352  2 40 30 486 352.111463967       1.35      0.50     -0.51  0.        2765.040       2562.958       6798.630    0.000  -0.138   0.380   0.
  2017 352  2 40 31 486 352.111475541       1.40      0.33     -0.51  0.        2763.913       2564.496       6799.554    0.000  -0.138   0.380   0.
  2017 352  2 40 32 486 352.111487115       1.23      0.41     -0.55  0.        2762.786       2566.035       6800.477    0.000  -0.138   0.379   0.
  2017 352  2 40 33 486 352.111498689       1.23      0.47     -0.53  0.        2761.658       2567.573       6801.400    0.000  -0.138   0.379   0.
  2017 352  2 40 34 486 352.111510261       1.38      0.54     -0.58  0.        2760.530       2569.111       6802.322    0.000  -0.138   0.379   0.
  2017 352  2 40 35 486 352.111521835       1.53      0.47     -0.44  0.        2759.402       2570.649       6803.243    0.000  -0.138   0.379   0.
  2017 352  2 40 36 486 352.111533409       1.51      0.41     -0.52  0.        2758.273       2572.186       6804.164    0.000  -0.138   0.380   0.
  2017 352  2 40 37 486 352.111544983       1.44      0.40     -0.43  0.        2757.145       2573.723       6805.084    0.000  -0.138   0.380   0.
  2017 352  2 40 38 486 352.111556557       1.27      0.57     -0.49  0.        2756.016       2575.260       6806.003    0.000  -0.138   0.379   0.
  2017 352  2 40 39 486 352.111568131       1.57      0.56     -0.43  0.        2754.887       2576.797       6806.922    0.000  -0.138   0.379   0.
  2017 352  2 40 40 486 352.111579705       1.40      0.54     -0.50  0.        2753.757       2578.333       6807.841    0.000  -0.138   0.380   0.
  2017 352  2 40 41 486 352.111591279       1.38      0.73     -0.43  0.        2752.627       2579.870       6808.758    0.000  -0.138   0.380   0.
  2017 352  2 40 42 486 352.111602853       1.47      0.22     -0.43  0.        2751.498       2581.406       6809.675    0.000  -0.138   0.380   0.
  2017 352  2 40 43 486 352.111614427       1.46      0.61     -0.53  0.        2750.367       2582.941       6810.592    0.000  -0.138   0.380   0.
  2017 352  2 40 44 486 352.111626001       1.64      0.39     -0.69  0.        2749.237       2584.477       6811.508    0.000  -0.138   0.379   0.
  2017 352  2 40 45 486 352.111637575       1.45      0.47     -0.74  0.        2748.106       2586.012       6812.423    0.000  -0.138   0.379   0.
  2017 352  2 40 46 486 352.111649149       1.73      0.63     -0.32  0.        2746.975       2587.547       6813.337    0.000  -0.138   0.380   0.
  2017 352  2 40 47 486 352.111660723       1.77      0.39     -0.44  0.        2745.844       2589.082       6814.251    0.000  -0.138   0.380   0.
  2017 352  2 40 48 486 352.111672297       1.54      0.51     -0.77  0.        2744.713       2590.617       6815.165    0.000  -0.138   0.380   0.
  2017 352  2 40 49 486 352.111683871       1.58      0.45     -0.69  0.        2743.581       2592.151       6816.077    0.000  -0.138   0.380   0.
  2017 352  2 40 50 486 352.111695446       1.49      0.41     -0.64  0.        2742.449       2593.685       6816.990    0.000  -0.138   0.380   0.
  2017 352  2 40 51 486 352.111707020       1.41      0.42     -0.67  0.        2741.317       2595.219       6817.901    0.000  -0.138   0.380   0.
  2017 352  2 40 52 486 352.111718594       1.35      0.47     -0.63  0.        2740.184       2596.753       6818.812    0.000  -0.138   0.380   0.
  2017 352  2 40 53 486 352.111730168       1.70      0.39     -0.54  0.        2739.052       2598.286       6819.722    0.000  -0.138   0.380   0.
  2017 352  2 40 54 486 352.111741742       1.73      0.44     -0.51  0.        2737.919       2599.820       6820.632    0.000  -0.138   0.380   0.
  2017 352  2 40 55 486 352.111753316       1.45      0.42     -0.63  0.        2736.786       2601.353       6821.541    0.000  -0.138   0.380   0.
  2017 352  2 40 56 486 352.111764890       1.59      0.72     -0.53  0.        2735.652       2602.885       6822.449    0.000  -0.138   0.380   0.
  2017 352  2 40 57 486 352.111776464       1.59      0.46     -0.51  0.        2734.519       2604.418       6823.357    0.000  -0.138   0.380   0.
  2017 352  2 40 58 486 352.111788038       1.36      0.37     -0.69  0.        2733.385       2605.950       6824.264    0.000  -0.138   0.380   0.
  2017 352  2 40 59 486 352.111799612       1.39      0.60     -0.53  0.        2732.251       2607.482       6825.171    0.000  -0.138   0.380   0.
  2017 352  2 41  0 486 352.111811186       1.63      0.57     -0.41  0.        2731.116       2609.014       6826.077    0.000  -0.138   0.379   0.
  2017 352  2 41  1 486 352.111822760       1.84      0.43     -0.70  0.        2729.982       2610.546       6826.982    0.000  -0.138   0.379   0.
  2017 352  2 41  2 486 352.111834332       1.49      0.67     -0.53  0.        2728.847       2612.077       6827.887    0.000  -0.138   0.380   0.
  2017 352  2 41  3 486 352.111845906       1.36      0.60     -0.64  0.        2727.712       2613.608       6828.791    0.000  -0.138   0.380   0.
  2017 352  2 41  4 486 352.111857480       1.24      0.28     -0.69  0.        2726.576       2615.139       6829.694    0.000  -0.138   0.379   0.
  2017 352  2 41  5 486 352.111869054       1.18      0.61     -0.68  0.        2725.441       2616.670       6830.597    0.000  -0.138   0.379   0.
  2017 352  2 41  6 486 352.111880628       1.71      0.41     -0.55  0.        2724.304       2618.200       6831.499    0.000  -0.138   0.380   0.
  2017 352  2 41  7 486 352.111892202       0.99      0.53     -0.93  0.        2723.169       2619.730       6832.401    0.000  -0.138   0.380   0.
  2017 352  2 41  8 486 352.111903776       1.30      0.53     -0.59  0.        2722.032       2621.260       6833.302    0.000  -0.138   0.380   0.
  2017 352  2 41  9 486 352.111915350       1.31      0.34     -0.54  0.        2720.896       2622.790       6834.202    0.000  -0.138   0.380   0.
  2017 352  2 41 10 486 352.111926924       1.34      0.30     -0.48  0.        2719.759       2624.319       6835.102    0.000  -0.138   0.379   0.
  2017 352  2 41 11 486 352.111938498       1.46      0.46     -0.60  0.        2718.622       2625.849       6836.001    0.000  -0.138   0.379   0.
  2017 352  2 41 12 486 352.111950072       1.65      0.38     -0.49  0.        2717.484       2627.377       6836.900    0.000  -0.138   0.380   0.
  2017 352  2 41 13 486 352.111961646       1.31      0.43     -0.81  0.        2716.347       2628.906       6837.798    0.000  -0.138   0.380   0.
  2017 352  2 41 14 486 352.111973220       1.45      0.43     -0.63  0.        2715.209       2630.435       6838.695    0.000  -0.138   0.380   0.
  2017 352  2 41 15 486 352.111984795       1.44      0.49     -0.61  0.        2714.071       2631.963       6839.592    0.000  -0.138   0.380   0.
  2017 352  2 41 16 486 352.111996369       1.43      0.44     -0.58  0.        2712.933       2633.491       6840.488    0.000  -0.138   0.379   0.
  2017 352  2 41 17 486 352.112007943       1.55      0.48     -0.45  0.        2711.794       2635.019       6841.384    0.000  -0.138   0.379   0.
  2017 352  2 41 18 486 352.112019517       1.57      0.49     -0.55  0.        2710.655       2636.546       6842.278    0.000  -0.138   0.379   0.
  2017 352  2 41 19 486 352.112031091       1.44      0.40     -0.48  0.        2709.516       2638.074       6843.173    0.000  -0.138   0.379   0.
  2017 352  2 41 20 486 352.112042665       1.51      0.42     -0.48  0.        2708.377       2639.601       6844.066    0.000  -0.138   0.380   0.
  2017 352  2 41 21 486 352.112054239       1.45      0.50     -0.51  0.        2707.237       2641.128       6844.959    0.000  -0.138   0.380   0.
  2017 352  2 41 22 486 352.112065813       1.37      0.50     -0.53  0.        2706.098       2642.654       6845.852    0.000  -0.138   0.379   0.
  2017 352  2 41 23 486 352.112077387       1.44      0.39     -0.56  0.        2704.958       2644.181       6846.744    0.000  -0.138   0.379   0.
  2017 352  2 41 24 486 352.112088961       1.46      0.47     -0.60  0.        2703.817       2645.707       6847.635    0.000  -0.138   0.380   0.
  2017 352  2 41 25 486 352.112100535       1.38      0.40     -0.58  0.        2702.677       2647.233       6848.526    0.000  -0.138   0.380   0.
  2017 352  2 41 26 486 352.112112109       1.34      0.30     -0.62  0.        2701.536       2648.759       6849.415    0.000  -0.138   0.379   0.
  2017 352  2 41 27 486 352.112123683       1.38      0.39     -0.62  0.        2700.395       2650.284       6850.305    0.000  -0.138   0.379   0.
  2017 352  2 41 28 486 352.112135258       1.39      0.45     -0.82  0.        2699.254       2651.809       6851.194    0.000  -0.138   0.379   0.
  2017 352  2 41 29 486 352.112146832       1.22      0.20     -0.60  0.        2698.112       2653.334       6852.082    0.000  -0.138   0.379   0.
  2017 352  2 41 30 486 352.112158406       1.47      0.61     -0.63  0.        2696.971       2654.859       6852.969    0.000  -0.138   0.380   0.
  2017 352  2 41 31 486 352.112169980       1.60      0.49     -0.72  0.        2695.829       2656.384       6853.856    0.000  -0.138   0.380   0.
  2017 352  2 41 32 486 352.112181552       1.43      0.54     -0.51  0.        2694.687       2657.908       6854.743    0.000  -0.138   0.379   0.
  2017 352  2 41 33 485 352.112193125       1.54      0.23     -0.75  0.        2693.544       2659.432       6855.628    0.000  -0.138   0.379   0.
  2017 352  2 41 34 485 352.112204699       1.36      0.66     -0.50  0.        2692.402       2660.956       6856.513    0.000  -0.138   0.380   0.
  2017 352  2 41 35 485 352.112216273       1.20      0.71     -0.56  0.        2691.259       2662.479       6857.398    0.000  -0.138   0.380   0.
  2017 352  2 41 36 485 352.112227847       1.17      0.81     -0.40  0.        2690.116       2664.003       6858.282    0.000  -0.138   0.380   0.
  2017 352  2 41 37 485 352.112239421       1.26      0.66     -0.47  0.        2688.972       2665.526       6859.165    0.000  -0.138   0.380   0.
  2017 352  2 41 38 486 352.112250995       1.37      0.62     -0.45  0.        2687.829       2667.048       6860.048    0.000  -0.138   0.379   0.
  2017 352  2 41 39 486 352.112262569       1.45      0.79     -0.35  0.        2686.685       2668.571       6860.930    0.000  -0.138   0.379   0.
  2017 352  2 41 40 485 352.112274144       1.30      0.66     -0.36  0.        2685.541       2670.093       6861.811    0.000  -0.138   0.380   0.
  2017 352  2 41 41 485 352.112285718       1.55      0.62     -0.52  0.        2684.396       2671.616       6862.692    0.000  -0.138   0.380   0.
  2017 352  2 41 42 486 352.112297292       1.44      0.31     -0.44  0.        2683.252       2673.138       6863.572    0.000  -0.138   0.379   0.
  2017 352  2 41 43 486 352.112308866       1.34      0.59     -0.62  0.        2682.107       2674.659       6864.452    0.000  -0.138   0.379   0.
  2017 352  2 41 44 486 352.112320440       1.29      0.50     -0.66  0.        2680.962       2676.181       6865.331    0.000  -0.138   0.379   0.
  2017 352  2 41 45 486 352.112332014       1.37      0.64     -0.49  0.        2679.817       2677.702       6866.209    0.000  -0.138   0.379   0.
  2017 352  2 41 46 486 352.112343588       1.41      0.75     -0.32  0.        2678.671       2679.223       6867.087    0.000  -0.138   0.380   0.
  2017 352  2 41 47 485 352.112355162       1.55      0.54     -0.52  0.        2677.525       2680.744       6867.964    0.000  -0.138   0.380   0.
  2017 352  2 41 48 485 352.112366736       1.52      0.65     -0.56  0.        2676.379       2682.264       6868.841    0.000  -0.138   0.380   0.
  2017 352  2 41 49 485 352.112378310       1.44      0.49     -0.40  0.        2675.233       2683.784       6869.717    0.000  -0.138   0.380   0.
  2017 352  2 41 50 485 352.112389884       1.29      0.61     -0.56  0.        2674.087       2685.304       6870.592    0.000  -0.138   0.379   0.
  2017 352  2 41 51 485 352.112401458       1.18      0.66     -0.48  0.        2672.940       2686.824       6871.467    0.000  -0.138   0.379   0.
  2017 352  2 41 52 486 352.112413032       1.21      0.59     -0.41  0.        2671.793       2688.344       6872.341    0.000  -0.138   0.380   0.
  2017 352  2 41 53 486 352.112424606       1.03      0.56     -0.65  0.        2670.646       2689.863       6873.214    0.000  -0.138   0.380   0.
  2017 352  2 41 54 485 352.112436181       1.15      0.54     -0.39  0.        2669.499       2691.382       6874.087    0.000  -0.138   0.380   0.
  2017 352  2 41 55 485 352.112447755       1.21      0.86     -0.30  0.        2668.351       2692.901       6874.960    0.000  -0.138   0.380   0.
  2017 352  2 41 56 486 352.112459329       1.34      0.77     -0.34  0.        2667.203       2694.419       6875.831    0.000  -0.138   0.379   0.
  2017 352  2 41 57 486 352.112470903       1.33      0.74     -0.31  0.        2666.055       2695.938       6876.702    0.000  -0.138   0.379   0.
  2017 352  2 41 58 486 352.112482477       1.29      0.66     -0.40  0.        2664.907       2697.456       6877.573    0.000  -0.138   0.380   0.
  2017 352  2 41 59 486 352.112494051       1.52      0.79     -0.45  0.        2663.758       2698.974       6878.443    0.000  -0.138   0.380   0.
  2017 352  2 42  0 486 352.112505625       1.06      0.74     -0.83  0.        2662.609       2700.491       6879.312    0.000  -0.138   0.379   0.
  2017 352  2 42  1 485 352.112517199       1.33      0.76     -0.53  0.        2661.460       2702.009       6880.181    0.000  -0.138   0.379   0.
  2017 352  2 42  2 485 352.112528771       1.68      0.69     -0.48  0.        2660.311       2703.526       6881.049    0.000  -0.138   0.379   0.
  2017 352  2 42  3 485 352.112540344       1.34      0.54     -0.44  0.        2659.161       2705.043       6881.916    0.000  -0.138   0.379   0.
  2017 352  2 42  4 485 352.112551918       1.21      0.60     -0.49  0.        2658.011       2706.559       6882.783    0.000  -0.138   0.379   0.
  2017 352  2 42  5 485 352.112563492       1.37      0.74     -0.39  0.        2656.861       2708.076       6883.649    0.000  -0.138   0.379   0.
  2017 352  2 42  6 485 352.112575067       1.35      0.59     -0.54  0.        2655.711       2709.592       6884.515    0.000  -0.138   0.380   0.
  2017 352  2 42  7 485 352.112586641       1.50      0.43     -0.60  0.        2654.561       2711.108       6885.380    0.000  -0.138   0.380   0.
  2017 352  2 42  8 485 352.112598215       1.41      0.64     -0.48  0.        2653.410       2712.624       6886.245    0.000  -0.138   0.380   0.
  2017 352  2 42  9 485 352.112609789       1.28      0.80     -0.44  0.        2652.259       2714.139       6887.108    0.000  -0.138   0.380   0.
  2017 352  2 42 10 485 352.112621363       1.37      0.66     -0.48  0.        2651.108       2715.655       6887.971    0.000  -0.138   0.379   0.
  2017 352  2 42 11 485 352.112632937       1.28      0.50     -0.53  0.        2649.957       2717.170       6888.834    0.000  -0.138   0.379   0.
  2017 352  2 42 12 485 352.112644511       1.10      0.70     -0.30  0.        2648.805       2718.684       6889.696    0.000  -0.138   0.380   0.
  2017 352  2 42 13 485 352.112656085       0.97      0.61     -0.52  0.        2647.653       2720.199       6890.557    0.000  -0.138   0.380   0.
  2017 352  2 42 14 485 352.112667659       0.96      0.67     -0.54  0.        2646.501       2721.713       6891.418    0.000  -0.138   0.380   0.
  2017 352  2 42 15 485 352.112679233       1.10      0.56     -0.48  0.        2645.349       2723.227       6892.278    0.000  -0.138   0.380   0.
  2017 352  2 42 16 485 352.112690807       1.26      0.60     -0.43  0.        2644.196       2724.741       6893.138    0.000  -0.138   0.379   0.
  2017 352  2 42 17 485 352.112702381       1.35      0.54     -0.50  0.        2643.043       2726.255       6893.997    0.000  -0.138   0.379   0.
  2017 352  2 42 18 485 352.112713955       1.38      0.32     -0.41  0.        2641.890       2727.768       6894.855    0.000  -0.138   0.380   0.
  2017 352  2 42 19 485 352.112725529       1.27      0.52     -0.51  0.        2640.737       2729.281       6895.713    0.000  -0.138   0.380   0.
  2017 352  2 42 20 485 352.112737104       1.21      0.28     -0.78  0.        2639.584       2730.794       6896.570    0.000  -0.138   0.379   0.
  2017 352  2 42 21 485 352.112748678       0.82      0.37     -0.86  0.        2638.430       2732.307       6897.426    0.000  -0.138   0.379   0.
  2017 352  2 42 22 485 352.112760252       0.88      0.45     -0.70  0.        2637.276       2733.819       6898.282    0.000  -0.138   0.379   0.
  2017 352  2 42 23 485 352.112771826       0.98      0.53     -0.60  0.        2636.122       2735.331       6899.138    0.000  -0.138   0.379   0.
  2017 352  2 42 24 485 352.112783400       1.39      0.40     -0.59  0.        2634.967       2736.843       6899.992    0.000  -0.138   0.380   0.
  2017 352  2 42 25 485 352.112794974       1.18      0.60     -0.59  0.        2633.813       2738.355       6900.847    0.000  -0.138   0.380   0.
  2017 352  2 42 26 485 352.112806548       1.32      0.24     -0.51  0.        2632.658       2739.866       6901.700    0.000  -0.138   0.380   0.
  2017 352  2 42 27 485 352.112818122       1.29      0.04     -0.66  0.        2631.503       2741.377       6902.553    0.000  -0.138   0.380   0.
  2017 352  2 42 28 485 352.112829696       1.34      0.19     -0.45  0.        2630.347       2742.888       6903.405    0.000  -0.138   0.379   0.
  2017 352  2 42 29 485 352.112841270       1.46      0.59     -0.76  0.        2629.192       2744.399       6904.257    0.000  -0.138   0.379   0.
  2017 352  2 42 30 485 352.112852844       1.69      0.58     -0.73  0.        2628.036       2745.909       6905.108    0.000  -0.138   0.380   0.
  2017 352  2 42 31 485 352.112864418       2.23      0.23     -0.62  0.        2626.880       2747.420       6905.959    0.000  -0.138   0.380   0.
  2017 352  2 42 32 485 352.112875992       2.10      0.53     -0.94  0.        2625.724       2748.930       6906.808    0.000  -0.138   0.379   0.
  2017 352  2 42 33 485 352.112887567       2.04      0.86     -0.77  0.        2624.567       2750.439       6907.658    0.000  -0.138   0.379   0.
  2017 352  2 42 34 485 352.112899138       2.00      1.01     -0.52  0.        2623.411       2751.949       6908.506    0.000  -0.138   0.379   0.
  2017 352  2 42 35 485 352.112910712       1.80      1.12     -0.60  0.        2622.254       2753.458       6909.355    0.000  -0.138   0.379   0.
  2017 352  2 42 36 485 352.112922286       2.05      1.01     -0.38  0.        2621.096       2754.967       6910.202    0.000  -0.138   0.380   0.
  2017 352  2 42 37 485 352.112933860       1.93      1.22     -0.34  0.        2619.939       2756.476       6911.049    0.000  -0.138   0.380   0.
  2017 352  2 42 38 485 352.112945434       1.74      1.45     -0.09  0.        2618.781       2757.985       6911.895    0.000  -0.138   0.379   0.
  2017 352  2 42 39 485 352.112957008       1.44      1.67     -0.26  0.        2617.624       2759.493       6912.741    0.000  -0.138   0.379   0.
  2017 352  2 42 40 485 352.112968582       1.39      1.42     -0.27  0.        2616.465       2761.001       6913.586    0.000  -0.138   0.380   0.
  2017 352  2 42 41 485 352.112980156       1.09      1.39     -0.31  0.        2615.307       2762.509       6914.430    0.000  -0.138   0.380   0.
  2017 352  2 42 42 485 352.112991730       0.97      1.09     -0.40  0.        2614.149       2764.016       6915.274    0.000  -0.138   0.380   0.
  2017 352  2 42 43 485 352.113003304       1.05      1.08     -0.37  0.        2612.990       2765.524       6916.117    0.000  -0.138   0.380   0.
  2017 352  2 42 44 485 352.113014878       1.19      1.08     -0.48  0.        2611.831       2767.031       6916.960    0.000  -0.138   0.379   0.
  2017 352  2 42 45 485 352.113026452       1.39      0.97     -0.43  0.        2610.672       2768.538       6917.802    0.000  -0.138   0.379   0.
  2017 352  2 42 46 485 352.113038027       1.32      0.85     -0.56  0.        2609.512       2770.044       6918.644    0.000  -0.138   0.380   0.
  2017 352  2 42 47 485 352.113049601       1.36      0.93     -0.50  0.        2608.352       2771.551       6919.484    0.000  -0.138   0.380   0.
  2017 352  2 42 48 485 352.113061175       1.28      0.90     -0.39  0.        2607.193       2773.057       6920.325    0.000  -0.138   0.380   0.
  2017 352  2 42 49 485 352.113072749       1.18      0.93     -0.46  0.        2606.033       2774.563       6921.164    0.000  -0.138   0.380   0.
  2017 352  2 42 50 485 352.113084323       1.20      0.87     -0.47  0.        2604.872       2776.069       6922.003    0.000  -0.138   0.379   0.
  2017 352  2 42 51 485 352.113095897       1.31      0.80     -0.46  0.        2603.712       2777.574       6922.842    0.000  -0.138   0.379   0.
  2017 352  2 42 52 485 352.113107471       1.47      0.75     -0.60  0.        2602.551       2779.079       6923.680    0.000  -0.138   0.380   0.
  2017 352  2 42 53 485 352.113119045       1.52      0.42     -0.53  0.        2601.390       2780.584       6924.517    0.000  -0.138   0.380   0.
  2017 352  2 42 54 485 352.113130619       1.70      0.46     -0.78  0.        2600.229       2782.089       6925.354    0.000  -0.138   0.380   0.
  2017 352  2 42 55 485 352.113142193       1.75      0.73     -0.84  0.        2599.067       2783.593       6926.190    0.000  -0.138   0.380   0.
  2017 352  2 42 56 485 352.113153767       1.66      0.70     -0.93  0.        2597.905       2785.097       6927.025    0.000  -0.138   0.379   0.
  2017 352  2 42 57 485 352.113165341       1.50      0.24     -0.78  0.        2596.743       2786.601       6927.860    0.000  -0.138   0.379   0.
  2017 352  2 42 58 485 352.113176915       1.41      0.71     -0.64  0.        2595.581       2788.106       6928.694    0.000  -0.138   0.379   0.
  2017 352  2 42 59 485 352.113188490       1.63      0.76     -0.81  0.        2594.419       2789.609       6929.528    0.000  -0.138   0.379   0.
  2017 352  2 43  0 485 352.113200064       1.97      0.75     -1.14  0.        2593.256       2791.112       6930.361    0.000  -0.138   0.380   0.
  2017 352  2 43  1 485 352.113211638       2.12      0.36     -1.01  0.        2592.093       2792.615       6931.193    0.000  -0.138   0.380   0.
  2017 352  2 43  2 485 352.113223210       1.89      0.53     -0.59  0.        2590.930       2794.118       6932.025    0.000  -0.138   0.380   0.
  2017 352  2 43  3 485 352.113234783       1.74      0.82     -0.56  0.        2589.767       2795.620       6932.857    0.000  -0.138   0.380   0.
  2017 352  2 43  4 485 352.113246357       1.66      0.71     -0.61  0.        2588.604       2797.123       6933.687    0.000  -0.138   0.379   0.
  2017 352  2 43  5 485 352.113257931       1.83      0.28     -1.06  0.        2587.440       2798.625       6934.517    0.000  -0.138   0.379   0.
  2017 352  2 43  6 485 352.113269505       1.49      0.56     -0.81  0.        2586.276       2800.127       6935.347    0.000  -0.138   0.380   0.
  2017 352  2 43  7 485 352.113281079       1.36      0.69     -0.71  0.        2585.112       2801.628       6936.176    0.000  -0.138   0.380   0.
  2017 352  2 43  8 485 352.113292653       1.62      0.55     -0.65  0.        2583.947       2803.129       6937.004    0.000  -0.138   0.380   0.
  2017 352  2 43  9 485 352.113304227       1.44      0.42     -0.94  0.        2582.783       2804.631       6937.831    0.000  -0.138   0.380   0.
  2017 352  2 43 10 485 352.113315802       1.29      0.66     -0.81  0.        2581.618       2806.131       6938.659    0.000  -0.138   0.379   0.
  2017 352  2 43 11 485 352.113327376       1.64      0.52     -0.74  0.        2580.453       2807.632       6939.485    0.000  -0.138   0.379   0.
  2017 352  2 43 12 485 352.113338950       1.34      0.78     -0.74  0.        2579.288       2809.132       6940.311    0.000  -0.138   0.380   0.
  2017 352  2 43 13 485 352.113350524       1.31      1.08     -0.43  0.        2578.122       2810.632       6941.136    0.000  -0.138   0.380   0.
  2017 352  2 43 14 485 352.113362098       1.40      1.08     -0.51  0.        2576.956       2812.132       6941.961    0.000  -0.138   0.380   0.
  2017 352  2 43 15 485 352.113373672       1.42      0.85     -0.71  0.        2575.791       2813.632       6942.785    0.000  -0.138   0.380   0.
  2017 352  2 43 16 485 352.113385246       1.21      0.92     -0.64  0.        2574.624       2815.131       6943.608    0.000  -0.138   0.379   0.
  2017 352  2 43 17 485 352.113396820       0.98      0.80     -0.68  0.        2573.458       2816.631       6944.431    0.000  -0.138   0.379   0.
  2017 352  2 43 18 485 352.113408394       1.09      0.85     -0.50  0.        2572.291       2818.130       6945.253    0.000  -0.138   0.379   0.
  2017 352  2 43 19 485 352.113419968       1.12      0.88     -0.16  0.        2571.125       2819.628       6946.075    0.000  -0.138   0.379   0.
  2017 352  2 43 20 485 352.113431542       0.67      0.94     -0.45  0.        2569.957       2821.127       6946.896    0.000  -0.138   0.380   0.
  2017 352  2 43 21 485 352.113443116       0.60      1.02     -0.33  0.        2568.790       2822.625       6947.717    0.000  -0.138   0.380   0.
  2017 352  2 43 22 485 352.113454690       0.78      1.25     -0.23  0.        2567.623       2824.123       6948.537    0.000  -0.138   0.379   0.
  2017 352  2 43 23 485 352.113466264       0.93      0.90      0.08  0.        2566.455       2825.620       6949.356    0.000  -0.138   0.379   0.
  2017 352  2 43 24 485 352.113477839       0.68      1.38     -0.15  0.        2565.287       2827.118       6950.175    0.000  -0.138   0.380   0.
  2017 352  2 43 25 485 352.113489413       0.55      1.17     -0.26  0.        2564.119       2828.615       6950.993    0.000  -0.138   0.380   0.
  2017 352  2 43 26 485 352.113500987       0.68      1.12      0.01  0.        2562.951       2830.112       6951.810    0.000  -0.138   0.380   0.
  2017 352  2 43 27 485 352.113512561       0.67      1.18     -0.11  0.        2561.782       2831.609       6952.627    0.000  -0.138   0.380   0.
  2017 352  2 43 28 485 352.113524135       0.65      1.05     -0.07  0.        2560.613       2833.105       6953.444    0.000  -0.138   0.379   0.
  2017 352  2 43 29 485 352.113535709       0.78      0.76     -0.31  0.        2559.444       2834.602       6954.259    0.000  -0.138   0.379   0.
  2017 352  2 43 30 485 352.113547283       1.50      0.57      0.10  0.        2558.275       2836.098       6955.074    0.000  -0.138   0.380   0.
  2017 352  2 43 31 485 352.113558857       1.00      0.22     -0.22  0.        2557.105       2837.593       6955.889    0.000  -0.138   0.380   0.
  2017 352  2 43 32 484 352.113570429       0.90      0.83     -0.74  0.        2555.936       2839.089       6956.703    0.000  -0.138   0.379   0.
  2017 352  2 43 33 484 352.113582002       1.16      0.72     -0.03  0.        2554.766       2840.584       6957.516    0.000  -0.138   0.379   0.
  2017 352  2 43 34 485 352.113593576       0.94      0.81     -0.14  0.        2553.596       2842.079       6958.329    0.000  -0.138   0.380   0.
  2017 352  2 43 35 485 352.113605150       0.85      0.50      0.21  0.        2552.425       2843.574       6959.141    0.000  -0.138   0.380   0.
  2017 352  2 43 36 484 352.113616725       0.02      0.87      0.12  0.        2551.255       2845.069       6959.952    0.000  -0.138   0.379   0.
  2017 352  2 43 37 484 352.113628299       0.04      0.87      0.38  0.        2550.084       2846.563       6960.763    0.000  -0.138   0.379   0.
  2017 352  2 43 38 485 352.113639873      -0.31      1.44      0.39  0.        2548.913       2848.057       6961.574    0.000  -0.138   0.380   0.
  2017 352  2 43 39 485 352.113651447      -0.27      1.41      0.48  0.        2547.742       2849.551       6962.383    0.000  -0.138   0.380   0.
  2017 352  2 43 40 485 352.113663021       0.15      1.06      0.62  0.        2546.570       2851.044       6963.193    0.000  -0.138   0.379   0.
  2017 352  2 43 41 485 352.113674595      -0.16      1.05      0.54  0.        2545.399       2852.538       6964.001    0.000  -0.138   0.379   0.
  2017 352  2 43 42 485 352.113686169      -0.41      1.02      0.73  0.        2544.227       2854.031       6964.809    0.000  -0.138   0.380   0.
  2017 352  2 43 43 484 352.113697743      -0.69      1.16      0.65  0.        2543.055       2855.524       6965.617    0.000  -0.138   0.380   0.
  2017 352  2 43 44 484 352.113709317      -0.74      1.39      0.76  0.        2541.883       2857.016       6966.423    0.000  -0.138   0.380   0.
  2017 352  2 43 45 484 352.113720891      -0.19      1.37      0.89  0.        2540.710       2858.509       6967.230    0.000  -0.138   0.380   0.
  2017 352  2 43 46 484 352.113732465       0.07      1.24      1.00  0.        2539.537       2860.001       6968.035    0.000  -0.138   0.379   0.
  2017 352  2 43 47 484 352.113744039      -0.14      1.27      0.79  0.        2538.364       2861.493       6968.840    0.000  -0.138   0.379   0.
  2017 352  2 43 48 485 352.113755613      -0.10      1.34      0.81  0.        2537.191       2862.984       6969.645    0.000  -0.138   0.380   0.
  2017 352  2 43 49 485 352.113767187       0.32      1.27      0.80  0.        2536.018       2864.476       6970.448    0.000  -0.138   0.380   0.
  2017 352  2 43 50 484 352.113778762       0.92      0.98      0.68  0.        2534.844       2865.967       6971.252    0.000  -0.138   0.379   0.
  2017 352  2 43 51 485 352.113790336       1.41      0.55      0.20  0.        2533.670       2867.458       6972.054    0.000  -0.138   0.379   0.
  2017 352  2 43 52 485 352.113801910       1.45      0.45     -0.00  0.        2532.496       2868.949       6972.856    0.000  -0.138   0.380   0.
  2017 352  2 43 53 485 352.113813484       1.51      0.49     -0.01  0.        2531.322       2870.439       6973.658    0.000  -0.138   0.380   0.
  2017 352  2 43 54 485 352.113825058       1.59      0.55      0.17  0.        2530.148       2871.929       6974.459    0.000  -0.138   0.380   0.
  2017 352  2 43 55 485 352.113836632       1.31      0.57     -0.26  0.        2528.973       2873.419       6975.259    0.000  -0.138   0.380   0.
  2017 352  2 43 56 484 352.113848206       1.15      0.52     -0.20  0.        2527.798       2874.909       6976.059    0.000  -0.138   0.379   0.
  2017 352  2 43 57 484 352.113859780       1.28      0.76      0.03  0.        2526.623       2876.398       6976.858    0.000  -0.138   0.379   0.
  2017 352  2 43 58 484 352.113871354       0.66      0.54     -0.37  0.        2525.448       2877.887       6977.656    0.000  -0.138   0.380   0.
  2017 352  2 43 59 484 352.113882928       1.10      0.66     -0.25  0.        2524.272       2879.376       6978.454    0.000  -0.138   0.380   0.
  2017 352  2 44  0 484 352.113894502       0.45      0.87     -0.56  0.        2523.096       2880.865       6979.251    0.000  -0.138   0.379   0.
  2017 352  2 44  1 485 352.113906076       2.52      0.18     -0.20  0.        2521.921       2882.354       6980.048    0.000  -0.138   0.379   0.
  2017 352  2 44  2 485 352.113917648       1.49      1.36     -1.14  0.        2520.744       2883.842       6980.844    0.000  -0.138   0.379   0.
  2017 352  2 44  3 484 352.113929222       1.33      0.92     -0.97  0.        2519.568       2885.330       6981.640    0.000  -0.138   0.379   0.
  2017 352  2 44  4 484 352.113940796       1.51      1.56     -0.15  0.        2518.391       2886.818       6982.435    0.000  -0.138   0.380   0.
  2017 352  2 44  5 484 352.113952370       1.74      1.34      0.00  0.        2517.214       2888.305       6983.229    0.000  -0.138   0.380   0.
  2017 352  2 44  6 484 352.113963944       1.42      1.05     -0.58  0.        2516.037       2889.792       6984.023    0.000  -0.138   0.379   0.
  2017 352  2 44  7 484 352.113975518       1.08      1.49     -0.16  0.        2514.860       2891.279       6984.816    0.000  -0.138   0.379   0.
  2017 352  2 44  8 484 352.113987092       1.51      1.16     -0.46  0.        2513.683       2892.766       6985.608    0.000  -0.138   0.380   0.
  2017 352  2 44  9 484 352.113998666       1.14      1.33     -0.54  0.        2512.505       2894.253       6986.400    0.000  -0.138   0.380   0.
  2017 352  2 44 10 484 352.114010240       0.85      1.06     -0.80  0.        2511.327       2895.739       6987.192    0.000  -0.138   0.380   0.
  2017 352  2 44 11 484 352.114021814       0.84      1.32     -0.73  0.        2510.149       2897.225       6987.983    0.000  -0.138   0.380   0.
  2017 352  2 44 12 484 352.114033388       1.55      0.82     -0.82  0.        2508.971       2898.711       6988.773    0.000  -0.138   0.380   0.
  2017 352  2 44 13 484 352.114044962       1.09      1.27     -1.18  0.        2507.792       2900.196       6989.562    0.000  -0.138   0.380   0.
  2017 352  2 44 14 484 352.114056536       1.23      0.71     -0.57  0.        2506.614       2901.682       6990.351    0.000  -0.138   0.380   0.
  2017 352  2 44 15 484 352.114068111       1.12      1.25     -1.38  0.        2505.435       2903.167       6991.140    0.000  -0.138   0.380   0.
  2017 352  2 44 16 484 352.114079685       1.28      0.68     -1.14  0.        2504.256       2904.651       6991.928    0.000  -0.138   0.379   0.
  2017 352  2 44 17 484 352.114091259       1.04      1.18     -0.78  0.        2503.076       2906.136       6992.715    0.000  -0.138   0.379   0.
  2017 352  2 44 18 484 352.114102833       1.12      1.29     -1.04  0.        2501.897       2907.620       6993.502    0.000  -0.138   0.380   0.
  2017 352  2 44 19 484 352.114114407       1.03      1.17     -1.08  0.        2500.717       2909.104       6994.288    0.000  -0.138   0.380   0.
  2017 352  2 44 20 484 352.114125981       0.81      1.21     -1.26  0.        2499.537       2910.588       6995.073    0.000  -0.138   0.380   0.
  2017 352  2 44 21 484 352.114137555       0.59      1.36     -0.94  0.        2498.357       2912.072       6995.858    0.000  -0.138   0.380   0.
  2017 352  2 44 22 484 352.114149129       0.55      1.11     -0.95  0.        2497.176       2913.555       6996.642    0.000  -0.138   0.379   0.
  2017 352  2 44 23 484 352.114160703       0.96      0.76     -0.68  0.        2495.996       2915.038       6997.426    0.000  -0.138   0.379   0.
  2017 352  2 44 24 484 352.114172277       1.35      1.12     -0.52  0.        2494.815       2916.521       6998.209    0.000  -0.138   0.379   0.
  2017 352  2 44 25 484 352.114183851       1.56      0.52     -0.58  0.        2493.634       2918.004       6998.992    0.000  -0.138   0.379   0.
  2017 352  2 44 26 484 352.114195425       0.64      1.67     -0.06  0.        2492.453       2919.486       6999.774    0.000  -0.138   0.380   0.
  2017 352  2 44 27 484 352.114206999       0.17      1.54     -0.05  0.        2491.271       2920.968       7000.555    0.000  -0.138   0.380   0.
  2017 352  2 44 28 484 352.114218573       0.10      1.52     -0.11  0.        2490.089       2922.450       7001.336    0.000  -0.138   0.379   0.
  2017 352  2 44 29 484 352.114230148       0.74      1.40     -0.14  0.        2488.908       2923.932       7002.116    0.000  -0.138   0.379   0.
  2017 352  2 44 30 484 352.114241722       1.08      1.20      0.04  0.        2487.725       2925.413       7002.895    0.000  -0.138   0.380   0.
  2017 352  2 44 31 484 352.114253296       0.70      1.34     -0.46  0.        2486.543       2926.894       7003.674    0.000  -0.138   0.380   0.
  2017 352  2 44 32 484 352.114264868       1.36      1.19     -0.45  0.        2485.361       2928.375       7004.453    0.000  -0.138   0.379   0.
  2017 352  2 44 33 484 352.114276441       1.77      0.99      0.08  0.        2484.178       2929.856       7005.231    0.000  -0.138   0.379   0.
  2017 352  2 44 34 484 352.114288015       1.50      1.52     -0.02  0.        2482.995       2931.336       7006.008    0.000  -0.138   0.379   0.
  2017 352  2 44 35 484 352.114299589       1.73      0.94     -0.54  0.        2481.812       2932.816       7006.785    0.000  -0.138   0.379   0.
  2017 352  2 44 36 484 352.114311163       1.77      0.98     -0.28  0.        2480.628       2934.296       7007.561    0.000  -0.138   0.380   0.
  2017 352  2 44 37 484 352.114322737       1.62      0.84     -0.30  0.        2479.445       2935.776       7008.336    0.000  -0.138   0.380   0.
  2017 352  2 44 38 484 352.114334311       1.27      0.97     -0.56  0.        2478.262       2937.255       7009.111    0.000  -0.138   0.379   0.
  2017 352  2 44 39 484 352.114345885       1.35      0.93     -0.61  0.        2477.077       2938.734       7009.885    0.000  -0.138   0.379   0.
  2017 352  2 44 40 484 352.114357460       1.67      0.55     -0.77  0.        2475.894       2940.213       7010.659    0.000  -0.138   0.379   0.
  2017 352  2 44 41 484 352.114369034       1.69      0.82     -0.61  0.        2474.709       2941.692       7011.432    0.000  -0.138   0.379   0.
  2017 352  2 44 42 484 352.114380608       1.36      0.89     -0.54  0.        2473.524       2943.170       7012.205    0.000  -0.138   0.380   0.
  2017 352  2 44 43 484 352.114392182       1.28      0.89     -0.55  0.        2472.339       2944.649       7012.977    0.000  -0.138   0.380   0.
  2017 352  2 44 44 484 352.114403756       1.65      1.03      0.10  0.        2471.154       2946.127       7013.748    0.000  -0.138   0.379   0.
  2017 352  2 44 45 484 352.114415330       1.35      1.11     -0.21  0.        2469.969       2947.604       7014.519    0.000  -0.138   0.379   0.
  2017 352  2 44 46 484 352.114426904       1.17      1.13     -0.43  0.        2468.784       2949.082       7015.289    0.000  -0.138   0.380   0.
  2017 352  2 44 47 484 352.114438478       1.67      0.88     -0.28  0.        2467.598       2950.559       7016.059    0.000  -0.138   0.380   0.
  2017 352  2 44 48 484 352.114450052       1.69      0.99     -0.54  0.        2466.412       2952.036       7016.828    0.000  -0.138   0.380   0.
  2017 352  2 44 49 484 352.114461626       1.65      0.90     -0.81  0.        2465.226       2953.513       7017.596    0.000  -0.138   0.380   0.
  2017 352  2 44 50 484 352.114473200       1.62      0.93     -0.25  0.        2464.040       2954.989       7018.364    0.000  -0.138   0.379   0.
  2017 352  2 44 51 484 352.114484774       1.08      1.38     -0.52  0.        2462.854       2956.465       7019.131    0.000  -0.138   0.379   0.
  2017 352  2 44 52 484 352.114496348       1.25      1.03     -0.34  0.        2461.667       2957.941       7019.898    0.000  -0.138   0.380   0.
  2017 352  2 44 53 484 352.114507922       1.12      1.35     -0.41  0.        2460.480       2959.417       7020.664    0.000  -0.138   0.380   0.
  2017 352  2 44 54 484 352.114519496       1.02      1.29     -0.01  0.        2459.293       2960.892       7021.429    0.000  -0.138   0.380   0.
  2017 352  2 44 55 484 352.114531071       1.47      0.69      0.24  0.        2458.106       2962.368       7022.194    0.000  -0.138   0.380   0.
  2017 352  2 44 56 484 352.114542645       1.83      1.16     -0.67  0.        2456.918       2963.843       7022.959    0.000  -0.138   0.379   0.
  2017 352  2 44 57 484 352.114554219       0.29      2.16     -1.06  0.        2455.731       2965.317       7023.722    0.000  -0.138   0.379   0.
  2017 352  2 44 58 484 352.114565793       0.21      2.11     -0.70  0.        2454.543       2966.792       7024.486    0.000  -0.138   0.379   0.
  2017 352  2 44 59 484 352.114577367       0.19      1.78     -0.49  0.        2453.355       2968.266       7025.248    0.000  -0.138   0.379   0.
  2017 352  2 45  0 484 352.114588939       0.80      1.46      0.04  0.        2452.167       2969.740       7026.010    0.000  -0.138   0.380   0.
  2017 352  2 45  1 484 352.114600512       0.40      1.88      0.36  0.        2450.978       2971.214       7026.772    0.000  -0.138   0.380   0.
  2017 352  2 45  2 484 352.114612086       0.26      2.40      0.38  0.        2449.789       2972.687       7027.532    0.000  -0.138   0.379   0.
  2017 352  2 45  3 484 352.114623660       0.35      2.05     -0.15  0.        2448.601       2974.161       7028.293    0.000  -0.138   0.379   0.
  2017 352  2 45  4 484 352.114635234       0.51      1.58     -0.30  0.        2447.411       2975.634       7029.052    0.000  -0.138   0.380   0.
  2017 352  2 45  5 484 352.114646808       1.35      0.60     -0.94  0.        2446.222       2977.106       7029.811    0.000  -0.138   0.380   0.
  2017 352  2 45  6 484 352.114658383       1.56      0.69     -0.52  0.        2445.033       2978.579       7030.570    0.000  -0.138   0.379   0.
  2017 352  2 45  7 484 352.114669957       1.77      1.01     -0.75  0.        2443.843       2980.051       7031.328    0.000  -0.138   0.379   0.
  2017 352  2 45  8 484 352.114681531       1.56      0.68     -0.07  0.        2442.653       2981.523       7032.085    0.000  -0.138   0.380   0.
  2017 352  2 45  9 484 352.114693105       1.30      0.85      0.06  0.        2441.463       2982.995       7032.842    0.000  -0.138   0.380   0.
  2017 352  2 45 10 484 352.114704679       1.11      1.28     -0.65  0.        2440.273       2984.467       7033.598    0.000  -0.138   0.379   0.
  2017 352  2 45 11 484 352.114716253       1.04      1.23     -0.31  0.        2439.082       2985.938       7034.354    0.000  -0.138   0.379   0.
  2017 352  2 45 12 484 352.114727827       0.68      1.38     -0.15  0.        2437.891       2987.409       7035.109    0.000  -0.138   0.379   0.
  2017 352  2 45 13 484 352.114739401       0.91      1.15     -0.04  0.        2436.700       2988.880       7035.863    0.000  -0.138   0.379   0.
  2017 352  2 45 14 484 352.114750975       0.69      1.24     -0.10  0.        2435.509       2990.350       7036.617    0.000  -0.138   0.380   0.
  2017 352  2 45 15 484 352.114762549       0.48      1.35     -0.61  0.        2434.318       2991.821       7037.370    0.000  -0.138   0.380   0.
  2017 352  2 45 16 484 352.114774123       0.78      1.49      0.16  0.        2433.127       2993.291       7038.123    0.000  -0.138   0.379   0.
  2017 352  2 45 17 484 352.114785697       1.30      1.52     -0.08  0.        2431.935       2994.760       7038.875    0.000  -0.138   0.379   0.
  2017 352  2 45 18 484 352.114797271       1.21      1.34     -0.49  0.        2430.743       2996.230       7039.626    0.000  -0.138   0.379   0.
  2017 352  2 45 19 484 352.114808845       1.63      0.78     -0.88  0.        2429.551       2997.699       7040.377    0.000  -0.138   0.379   0.
  2017 352  2 45 20 484 352.114820420       1.47      0.89     -0.39  0.        2428.358       2999.168       7041.127    0.000  -0.138   0.380   0.
  2017 352  2 45 21 484 352.114831994       1.20      1.05     -0.26  0.        2427.166       3000.637       7041.877    0.000  -0.138   0.380   0.
  2017 352  2 45 22 484 352.114843568       1.87      0.81     -0.07  0.        2425.973       3002.106       7042.626    0.000  -0.138   0.380   0.
  2017 352  2 45 23 484 352.114855142       1.56      0.96     -0.01  0.        2424.780       3003.574       7043.375    0.000  -0.138   0.380   0.
  2017 352  2 45 24 484 352.114866716       0.94      1.84     -0.63  0.        2423.587       3005.042       7044.123    0.000  -0.138   0.380   0.
  2017 352  2 45 25 484 352.114878290       0.96      1.29     -0.36  0.        2422.394       3006.510       7044.870    0.000  -0.138   0.380   0.
  2017 352  2 45 26 484 352.114889864       1.39      0.71     -0.85  0.        2421.200       3007.977       7045.617    0.000  -0.138   0.379   0.
  2017 352  2 45 27 484 352.114901438       1.94      1.13     -1.12  0.        2420.007       3009.445       7046.363    0.000  -0.138   0.379   0.
  2017 352  2 45 28 484 352.114913012       1.77      0.89     -1.18  0.        2418.813       3010.912       7047.109    0.000  -0.138   0.379   0.
  2017 352  2 45 29 484 352.114924586       1.50      0.51     -1.13  0.        2417.619       3012.379       7047.854    0.000  -0.138   0.379   0.
  2017 352  2 45 30 484 352.114936158       1.68      0.54     -0.91  0.        2416.424       3013.845       7048.599    0.000  -0.138   0.380   0.
  2017 352  2 45 31 484 352.114947731       1.57      0.76     -0.78  0.        2415.230       3015.312       7049.343    0.000  -0.138   0.380   0.
  2017 352  2 45 32 483 352.114959306       1.30      1.02     -0.94  0.        2414.035       3016.778       7050.086    0.000  -0.138   0.379   0.
  2017 352  2 45 33 483 352.114970880       1.40      0.97     -0.82  0.        2412.840       3018.244       7050.829    0.000  -0.138   0.379   0.
  2017 352  2 45 34 484 352.114982454       0.45      1.08     -1.25  0.        2411.645       3019.709       7051.571    0.000  -0.138   0.380   0.
  2017 352  2 45 35 484 352.114994028       0.63      1.06     -0.76  0.        2410.450       3021.175       7052.313    0.000  -0.138   0.380   0.
  2017 352  2 45 36 484 352.115005602       0.33      1.52     -0.24  0.        2409.254       3022.640       7053.054    0.000  -0.138   0.380   0.
  2017 352  2 45 37 484 352.115017176       0.42      1.39      0.41  0.        2408.058       3024.104       7053.794    0.000  -0.138   0.380   0.
  2017 352  2 45 38 483 352.115028750       1.23      0.94      0.62  0.        2406.863       3025.569       7054.534    0.000  -0.138   0.379   0.
  2017 352  2 45 39 483 352.115040324       1.47      0.75      0.39  0.        2405.666       3027.033       7055.273    0.000  -0.138   0.379   0.
  2017 352  2 45 40 483 352.115051898       0.88      1.31      0.64  0.        2404.470       3028.498       7056.012    0.000  -0.138   0.379   0.
  2017 352  2 45 41 483 352.115063472       0.48      1.31      0.99  0.        2403.274       3029.961       7056.750    0.000  -0.138   0.379   0.
  2017 352  2 45 42 483 352.115075046       0.57      1.45      0.56  0.        2402.077       3031.425       7057.488    0.000  -0.138   0.380   0.
  2017 352  2 45 43 484 352.115086620       1.02      1.12      0.30  0.        2400.880       3032.888       7058.225    0.000  -0.138   0.380   0.
  2017 352  2 45 44 484 352.115098194       1.02      1.11      0.44  0.        2399.683       3034.351       7058.961    0.000  -0.138   0.379   0.
  2017 352  2 45 45 483 352.115109769       0.34      1.57      0.18  0.        2398.486       3035.814       7059.697    0.000  -0.138   0.379   0.
  2017 352  2 45 46 483 352.115121343       0.61      1.30     -0.24  0.        2397.288       3037.277       7060.432    0.000  -0.138   0.379   0.
  2017 352  2 45 47 484 352.115132917       0.17      1.30     -0.21  0.        2396.090       3038.739       7061.167    0.000  -0.138   0.379   0.
  2017 352  2 45 48 484 352.115144491       0.20      1.52     -0.88  0.        2394.893       3040.201       7061.901    0.000  -0.138   0.380   0.
  2017 352  2 45 49 484 352.115156065       1.47      0.66     -0.37  0.        2393.694       3041.663       7062.634    0.000  -0.138   0.380   0.
  2017 352  2 45 50 484 352.115167639       0.96      1.47     -0.28  0.        2392.496       3043.125       7063.367    0.000  -0.138   0.379   0.
  2017 352  2 45 51 484 352.115179213       0.83      1.19     -0.54  0.        2391.298       3044.586       7064.100    0.000  -0.138   0.379   0.
  2017 352  2 45 52 483 352.115190787       0.69      1.13     -0.78  0.        2390.099       3046.047       7064.831    0.000  -0.138   0.380   0.
  2017 352  2 45 53 483 352.115202361       0.94      1.01     -0.94  0.        2388.900       3047.508       7065.562    0.000  -0.138   0.380   0.
  2017 352  2 45 54 483 352.115213935       0.91      0.97     -0.69  0.        2387.701       3048.969       7066.293    0.000  -0.138   0.379   0.
  2017 352  2 45 55 483 352.115225509       0.40      1.22     -0.87  0.        2386.502       3050.429       7067.023    0.000  -0.138   0.379   0.
  2017 352  2 45 56 483 352.115237083       0.32      1.00     -0.83  0.        2385.302       3051.889       7067.753    0.000  -0.138   0.380   0.
  2017 352  2 45 57 484 352.115248657       0.52      0.75     -1.37  0.        2384.103       3053.349       7068.481    0.000  -0.138   0.380   0.
  2017 352  2 45 58 484 352.115260231       0.91      0.74     -0.47  0.        2382.903       3054.809       7069.210    0.000  -0.138   0.379   0.
  2017 352  2 45 59 483 352.115271806       0.38      1.80     -0.29  0.        2381.703       3056.268       7069.937    0.000  -0.138   0.379   0.
  2017 352  2 46  0 499 352.115283558       0.76      1.41     -0.89  0.        2380.484       3057.750       7070.676    0.000  -0.138   0.379   0.
  2017 352  2 46  1 514 352.115295313       0.44      1.14     -0.45  0.        2379.265       3059.232       7071.414    0.000  -0.138   0.379   0.
  2017 352  2 46  2 514 352.115306887       0.78      0.91      0.24  0.        2378.064       3060.690       7072.140    0.000  -0.138   0.380   0.
  2017 352  2 46  3 514 352.115318461       0.74      0.93     -0.27  0.        2376.863       3062.149       7072.865    0.000  -0.138   0.380   0.
  2017 352  2 46  4 515 352.115330035       1.42      0.60     -0.31  0.        2375.662       3063.607       7073.590    0.000  -0.138   0.380   0.
  2017 352  2 46  5 515 352.115341609       1.11      0.96     -0.51  0.        2374.461       3065.065       7074.314    0.000  -0.138   0.380   0.
  2017 352  2 46  6 515 352.115353183       1.13      1.20     -0.14  0.        2373.260       3066.522       7075.038    0.000  -0.138   0.379   0.
  2017 352  2 46  7 515 352.115364757       1.04      1.21     -0.76  0.        2372.058       3067.980       7075.761    0.000  -0.138   0.379   0.
  2017 352  2 46  8 514 352.115376331       1.20      0.73     -0.05  0.        2370.856       3069.437       7076.483    0.000  -0.138   0.379   0.
  2017 352  2 46  9 514 352.115387905       0.42      1.31     -0.62  0.        2369.654       3070.894       7077.205    0.000  -0.138   0.379   0.
  2017 352  2 46 10 514 352.115399479       0.28      1.47     -1.10  0.        2368.452       3072.350       7077.927    0.000  -0.138   0.379   0.
  2017 352  2 46 11 514 352.115411053       1.19      0.78     -0.56  0.        2367.250       3073.807       7078.647    0.000  -0.138   0.379   0.
  2017 352  2 46 12 514 352.115422627       1.15      1.28     -0.49  0.        2366.047       3075.263       7079.368    0.000  -0.138   0.380   0.
  2017 352  2 46 13 515 352.115434201       0.61      1.23      0.25  0.        2364.845       3076.719       7080.087    0.000  -0.138   0.380   0.
  2017 352  2 46 14 515 352.115445775       0.58      1.60      0.36  0.        2363.642       3078.174       7080.806    0.000  -0.138   0.379   0.
  2017 352  2 46 15 514 352.115457350       0.18      1.49     -0.47  0.        2362.439       3079.630       7081.525    0.000  -0.138   0.379   0.
  2017 352  2 46 16 514 352.115468924       1.29      1.04     -0.81  0.        2361.235       3081.085       7082.243    0.000  -0.138   0.379   0.
  2017 352  2 46 17 515 352.115480498       1.35      0.77     -0.23  0.        2360.032       3082.540       7082.960    0.000  -0.138   0.379   0.
  2017 352  2 46 18 515 352.115492072       1.26      1.28     -0.49  0.        2358.828       3083.995       7083.677    0.000  -0.138   0.379   0.
  2017 352  2 46 19 515 352.115503646       1.79      0.48     -0.09  0.        2357.624       3085.449       7084.393    0.000  -0.138   0.379   0.
  2017 352  2 46 20 515 352.115515220       0.59      1.57      0.13  0.        2356.420       3086.903       7085.108    0.000  -0.138   0.380   0.
  2017 352  2 46 21 515 352.115526794      -0.04      1.72     -0.32  0.        2355.216       3088.357       7085.823    0.000  -0.138   0.380   0.
  2017 352  2 46 22 514 352.115538368       0.86      0.98     -0.12  0.        2354.011       3089.810       7086.538    0.000  -0.138   0.379   0.
  2017 352  2 46 23 514 352.115549942       0.60      1.17      0.65  0.        2352.807       3091.264       7087.252    0.000  -0.138   0.379   0.
  2017 352  2 46 24 514 352.115561516       0.68      1.22      0.44  0.        2351.602       3092.717       7087.965    0.000  -0.138   0.379   0.
  2017 352  2 46 25 514 352.115573090       0.44      1.56      0.20  0.        2350.397       3094.170       7088.678    0.000  -0.138   0.379   0.
  2017 352  2 46 26 514 352.115584664       0.62      1.20     -0.71  0.        2349.191       3095.623       7089.390    0.000  -0.138   0.380   0.
  2017 352  2 46 27 515 352.115596238       0.97      0.85     -0.52  0.        2347.986       3097.075       7090.102    0.000  -0.138   0.380   0.
  2017 352  2 46 28 515 352.115607813       1.08      1.08     -1.13  0.        2346.781       3098.527       7090.813    0.000  -0.138   0.379   0.
  2017 352  2 46 29 514 352.115619387       1.04      1.39     -0.30  0.        2345.575       3099.979       7091.523    0.000  -0.138   0.379   0.
  2017 352  2 46 30 514 352.115630958       0.57      1.57     -0.74  0.        2344.369       3101.431       7092.233    0.000  -0.138   0.379   0.
  2017 352  2 46 31 514 352.115642532       1.14      1.01     -1.20  0.        2343.163       3102.882       7092.942    0.000  -0.138   0.379   0.
  2017 352  2 46 32 514 352.115654106       1.26      1.04     -0.35  0.        2341.956       3104.333       7093.651    0.000  -0.138   0.380   0.
  2017 352  2 46 33 514 352.115665680       0.60      1.35     -0.25  0.        2340.750       3105.784       7094.359    0.000  -0.138   0.380   0.
  2017 352  2 46 34 514 352.115677254       0.44      1.10      0.02  0.        2339.543       3107.235       7095.066    0.000  -0.138   0.379   0.
  2017 352  2 46 35 514 352.115688828       0.93      0.82      0.24  0.        2338.336       3108.685       7095.773    0.000  -0.138   0.379   0.
  2017 352  2 46 36 514 352.115700402       0.27      1.44     -0.55  0.        2337.129       3110.135       7096.480    0.000  -0.138   0.380   0.
  2017 352  2 46 37 514 352.115711976       0.96      0.83     -0.74  0.        2335.922       3111.585       7097.186    0.000  -0.138   0.380   0.
  2017 352  2 46 38 514 352.115723550       2.07      0.00     -0.23  0.        2334.714       3113.034       7097.891    0.000  -0.138   0.380   0.
  2017 352  2 46 39 514 352.115735124       0.91      1.24     -0.22  0.        2333.506       3114.484       7098.596    0.000  -0.138   0.380   0.
  2017 352  2 46 40 514 352.115746698       0.83      1.08     -1.34  0.        2332.299       3115.933       7099.300    0.000  -0.138   0.380   0.
  2017 352  2 46 41 514 352.115758273       1.64      0.70     -0.19  0.        2331.091       3117.382       7100.003    0.000  -0.138   0.380   0.
  2017 352  2 46 42 514 352.115769847       1.04      1.22     -1.01  0.        2329.882       3118.830       7100.706    0.000  -0.138   0.380   0.
  2017 352  2 46 43 514 352.115781421       1.24      1.38     -1.06  0.        2328.674       3120.279       7101.409    0.000  -0.138   0.380   0.
  2017 352  2 46 44 514 352.115792995       1.47      1.25     -0.97  0.        2327.465       3121.727       7102.110    0.000  -0.138   0.380   0.
  2017 352  2 46 45 514 352.115804569       1.39      0.98     -0.35  0.        2326.256       3123.175       7102.812    0.000  -0.138   0.380   0.
  2017 352  2 46 46 514 352.115816143       0.52      1.57      0.52  0.        2325.047       3124.622       7103.512    0.000  -0.138   0.380   0.
  2017 352  2 46 47 514 352.115827717       0.33      1.46     -0.61  0.        2323.838       3126.070       7104.213    0.000  -0.138   0.380   0.
  2017 352  2 46 48 514 352.115839291       0.65      1.21     -0.12  0.        2322.629       3127.517       7104.912    0.000  -0.138   0.379   0.
  2017 352  2 46 49 514 352.115850865       1.10      0.95     -0.20  0.        2321.419       3128.964       7105.611    0.000  -0.138   0.379   0.
  2017 352  2 46 50 514 352.115862439       1.04      1.30     -0.32  0.        2320.210       3130.410       7106.309    0.000  -0.138   0.380   0.
  2017 352  2 46 51 514 352.115874013       0.74      1.53     -0.30  0.        2319.000       3131.857       7107.007    0.000  -0.138   0.380   0.
  2017 352  2 46 52 514 352.115885587       0.81      1.29     -0.10  0.        2317.789       3133.303       7107.705    0.000  -0.138   0.380   0.
  2017 352  2 46 53 514 352.115897161       0.20      1.43      0.00  0.        2316.579       3134.749       7108.401    0.000  -0.138   0.380   0.
  2017 352  2 46 54 514 352.115908736       0.52      1.09     -0.17  0.        2315.369       3136.194       7109.097    0.000  -0.138   0.379   0.
  2017 352  2 46 55 514 352.115920310       0.43      1.60     -0.06  0.        2314.158       3137.640       7109.793    0.000  -0.138   0.379   0.
  2017 352  2 46 56 514 352.115931884       0.76      1.16      0.15  0.        2312.947       3139.085       7110.488    0.000  -0.138   0.380   0.
  2017 352  2 46 57 514 352.115943458       0.60      1.35      0.39  0.        2311.736       3140.530       7111.182    0.000  -0.138   0.380   0.
  2017 352  2 46 58 514 352.115955032       0.56      1.47     -0.18  0.        2310.525       3141.974       7111.876    0.000  -0.138   0.379   0.
  2017 352  2 46 59 514 352.115966606       0.97      1.12     -0.43  0.        2309.313       3143.419       7112.569    0.000  -0.138   0.379   0.
  2017 352  2 47  0 514 352.115978178       1.17      0.84     -0.62  0.        2308.102       3144.863       7113.262    0.000  -0.138   0.380   0.
  2017 352  2 47  1 514 352.115989751       1.22      0.85     -0.85  0.        2306.890       3146.307       7113.954    0.000  -0.138   0.380   0.
  2017 352  2 47  2 514 352.116001325       1.01      1.01     -0.64  0.        2305.678       3147.750       7114.646    0.000  -0.138   0.380   0.
  2017 352  2 47  3 514 352.116012899       1.17      0.73     -1.00  0.        2304.466       3149.193       7115.337    0.000  -0.138   0.380   0.
  2017 352  2 47  4 514 352.116024473       1.51      0.44     -0.22  0.        2303.254       3150.637       7116.027    0.000  -0.138   0.379   0.
  2017 352  2 47  5 514 352.116036047       0.88      1.37     -0.19  0.        2302.041       3152.079       7116.717    0.000  -0.138   0.379   0.
  2017 352  2 47  6 514 352.116047622       0.95      1.09     -1.05  0.        2300.828       3153.522       7117.406    0.000  -0.138   0.380   0.
  2017 352  2 47  7 514 352.116059196       0.95      1.14     -1.12  0.        2299.615       3154.964       7118.095    0.000  -0.138   0.380   0.
  2017 352  2 47  8 514 352.116070770       0.34      1.70     -0.73  0.        2298.402       3156.406       7118.783    0.000  -0.138   0.380   0.
  2017 352  2 47  9 514 352.116082344       0.72      1.70     -0.39  0.        2297.189       3157.848       7119.471    0.000  -0.138   0.380   0.
  2017 352  2 47 10 514 352.116093918       0.32      1.85     -0.48  0.        2295.976       3159.290       7120.158    0.000  -0.138   0.379   0.
  2017 352  2 47 11 514 352.116105492       0.05      1.65      0.16  0.        2294.762       3160.731       7120.844    0.000  -0.138   0.379   0.
  2017 352  2 47 12 514 352.116117066       0.93      1.09     -0.03  0.        2293.548       3162.172       7121.530    0.000  -0.138   0.380   0.
  2017 352  2 47 13 514 352.116128640       1.24      0.79      0.08  0.        2292.334       3163.613       7122.215    0.000  -0.138   0.380   0.
  2017 352  2 47 14 514 352.116140214       1.26      1.04      0.04  0.        2291.120       3165.054       7122.900    0.000  -0.138   0.380   0.
  2017 352  2 47 15 514 352.116151788       1.01      1.00      0.25  0.        2289.906       3166.494       7123.584    0.000  -0.138   0.380   0.
  2017 352  2 47 16 514 352.116163362       0.76      1.29      0.49  0.        2288.691       3167.934       7124.268    0.000  -0.138   0.380   0.
  2017 352  2 47 17 514 352.116174936       1.81      0.63     -0.07  0.        2287.477       3169.373       7124.951    0.000  -0.138   0.380   0.
  2017 352  2 47 18 514 352.116186510       1.34      0.97     -0.52  0.        2286.262       3170.814       7125.633    0.000  -0.138   0.379   0.
  2017 352  2 47 19 514 352.116198085       1.18      0.87     -0.54  0.        2285.046       3172.253       7126.315    0.000  -0.138   0.379   0.
  2017 352  2 47 20 514 352.116209659       1.36      1.05     -0.55  0.        2283.831       3173.692       7126.996    0.000  -0.138   0.379   0.
  2017 352  2 47 21 514 352.116221233       1.19      1.30      0.50  0.        2282.616       3175.131       7127.677    0.000  -0.138   0.379   0.
  2017 352  2 47 22 514 352.116232807       1.13      1.36     -0.65  0.        2281.400       3176.569       7128.357    0.000  -0.138   0.380   0.
  2017 352  2 47 23 514 352.116244381       1.03      1.12     -0.60  0.        2280.184       3178.007       7129.037    0.000  -0.138   0.380   0.
  2017 352  2 47 24 514 352.116255955       0.58      1.42     -0.13  0.        2278.968       3179.445       7129.716    0.000  -0.138   0.379   0.
  2017 352  2 47 25 514 352.116267529       1.05      0.93     -0.78  0.        2277.752       3180.883       7130.394    0.000  -0.138   0.379   0.
  2017 352  2 47 26 514 352.116279103       0.59      1.06     -0.67  0.        2276.536       3182.321       7131.072    0.000  -0.138   0.379   0.
  2017 352  2 47 27 514 352.116290677       0.99      1.33     -1.49  0.        2275.319       3183.758       7131.749    0.000  -0.138   0.379   0.
  2017 352  2 47 28 514 352.116302251      -0.07      1.50     -0.61  0.        2274.103       3185.195       7132.426    0.000  -0.138   0.380   0.
  2017 352  2 47 29 514 352.116313825       1.30      0.60     -0.06  0.        2272.886       3186.632       7133.102    0.000  -0.138   0.380   0.
  2017 352  2 47 30 514 352.116325397       1.00      1.23      0.04  0.        2271.669       3188.068       7133.778    0.000  -0.138   0.379   0.
  2017 352  2 47 31 514 352.116336970       0.23      1.54     -0.25  0.        2270.451       3189.505       7134.453    0.000  -0.138   0.379   0.
  2017 352  2 47 32 514 352.116348545       0.46      1.61     -0.50  0.        2269.234       3190.941       7135.128    0.000  -0.138   0.379   0.
  2017 352  2 47 33 514 352.116360119       0.16      0.94     -0.34  0.        2268.016       3192.377       7135.802    0.000  -0.138   0.379   0.
  2017 352  2 47 34 514 352.116371693       0.38      1.01     -0.21  0.        2266.798       3193.812       7136.475    0.000  -0.138   0.379   0.
  2017 352  2 47 35 514 352.116383267       0.48      1.45     -0.38  0.        2265.580       3195.247       7137.147    0.000  -0.138   0.379   0.
  2017 352  2 47 36 514 352.116394841      -0.27      1.71     -0.02  0.        2264.362       3196.682       7137.820    0.000  -0.138   0.380   0.
  2017 352  2 47 37 514 352.116406415       0.37      1.03     -0.57  0.        2263.144       3198.117       7138.492    0.000  -0.138   0.380   0.
  2017 352  2 47 38 514 352.116417989      -0.27      1.58     -0.49  0.        2261.925       3199.552       7139.163    0.000  -0.138   0.379   0.
  2017 352  2 47 39 514 352.116429563       0.62      0.85      0.19  0.        2260.707       3200.986       7139.833    0.000  -0.138   0.379   0.
  2017 352  2 47 40 514 352.116441137       0.83      1.15      0.17  0.        2259.488       3202.420       7140.503    0.000  -0.138   0.380   0.
  2017 352  2 47 41 514 352.116452711       1.08      0.88     -0.70  0.        2258.269       3203.854       7141.173    0.000  -0.138   0.380   0.
  2017 352  2 47 42 514 352.116464285       0.95      1.03     -1.14  0.        2257.050       3205.287       7141.841    0.000  -0.138   0.380   0.
  2017 352  2 47 43 514 352.116475859       0.48      1.48     -0.47  0.        2255.830       3206.720       7142.510    0.000  -0.138   0.380   0.
  2017 352  2 47 44 514 352.116487433       0.69      1.43      0.98  0.        2254.611       3208.153       7143.177    0.000  -0.138   0.379   0.
  2017 352  2 47 45 514 352.116499008       1.14      0.88      1.09  0.        2253.391       3209.586       7143.845    0.000  -0.138   0.379   0.
  2017 352  2 47 46 514 352.116510582       1.41      1.03      0.44  0.        2252.171       3211.018       7144.511    0.000  -0.138   0.380   0.
  2017 352  2 47 47 514 352.116522156       1.23      0.72     -0.12  0.        2250.951       3212.451       7145.177    0.000  -0.138   0.380   0.
  2017 352  2 47 48 514 352.116533730       0.55      1.25      0.88  0.        2249.730       3213.883       7145.843    0.000  -0.138   0.379   0.
  2017 352  2 47 49 514 352.116545304       0.34      1.76     -0.58  0.        2248.510       3215.314       7146.508    0.000  -0.138   0.379   0.
  2017 352  2 47 50 514 352.116556878       0.66      1.60     -0.49  0.        2247.289       3216.746       7147.172    0.000  -0.138   0.380   0.
  2017 352  2 47 51 514 352.116568452       0.42      1.78     -0.38  0.        2246.068       3218.177       7147.836    0.000  -0.138   0.380   0.
  2017 352  2 47 52 514 352.116580026      -0.07      2.01     -0.89  0.        2244.847       3219.608       7148.499    0.000  -0.138   0.379   0.
  2017 352  2 47 53 514 352.116591600       0.47      1.42     -1.60  0.        2243.626       3221.039       7149.161    0.000  -0.138   0.379   0.
  2017 352  2 47 54 514 352.116603174       1.15      0.78     -0.93  0.        2242.405       3222.469       7149.824    0.000  -0.138   0.380   0.
  2017 352  2 47 55 514 352.116614748       0.64      1.62     -1.01  0.        2241.183       3223.899       7150.485    0.000  -0.138   0.380   0.
  2017 352  2 47 56 514 352.116626322       0.32      1.34      0.36  0.        2239.962       3225.329       7151.146    0.000  -0.138   0.379   0.
  2017 352  2 47 57 514 352.116637896       1.10      1.36     -0.45  0.        2238.740       3226.759       7151.806    0.000  -0.138   0.379   0.
  2017 352  2 47 58 514 352.116649470       0.54      1.48     -1.21  0.        2237.518       3228.188       7152.466    0.000  -0.138   0.379   0.
  2017 352  2 47 59 514 352.116661045       0.80      0.73     -0.50  0.        2236.295       3229.618       7153.125    0.000  -0.138   0.379   0.
  2017 352  2 48  0 514 352.116672616       0.31      1.45     -0.60  0.        2235.073       3231.047       7153.784    0.000  -0.138   0.380   0.
  2017 352  2 48  1 514 352.116684190       1.19      1.13     -0.33  0.        2233.850       3232.475       7154.442    0.000  -0.138   0.380   0.
  2017 352  2 48  2 514 352.116695764       1.14      0.54     -1.14  0.        2232.628       3233.904       7155.100    0.000  -0.138   0.379   0.
  2017 352  2 48  3 514 352.116707338       0.96      0.52     -0.92  0.        2231.405       3235.332       7155.757    0.000  -0.138   0.379   0.
  2017 352  2 48  4 513 352.116718912       1.03      0.75     -0.52  0.        2230.181       3236.760       7156.413    0.000  -0.138   0.379   0.
  2017 352  2 48  5 513 352.116730486       0.93      1.21     -0.60  0.        2228.958       3238.187       7157.069    0.000  -0.138   0.379   0.
  2017 352  2 48  6 513 352.116742060       1.47      1.12     -0.39  0.        2227.735       3239.615       7157.724    0.000  -0.138   0.380   0.
  2017 352  2 48  7 513 352.116753634       1.54      0.19     -0.12  0.        2226.511       3241.042       7158.379    0.000  -0.138   0.380   0.
  2017 352  2 48  8 513 352.116765208       0.87      0.94     -0.80  0.        2225.287       3242.469       7159.033    0.000  -0.138   0.380   0.
  2017 352  2 48  9 514 352.116776782       0.60      0.92      0.08  0.        2224.063       3243.896       7159.687    0.000  -0.138   0.380   0.
  2017 352  2 48 10 514 352.116788357       0.36      1.70      0.01  0.        2222.839       3245.322       7160.340    0.000  -0.138   0.379   0.
  2017 352  2 48 11 513 352.116799931       0.77      1.27     -0.64  0.        2221.615       3246.748       7160.992    0.000  -0.138   0.379   0.
  2017 352  2 48 12 513 352.116811505       1.35      0.63     -0.90  0.        2220.390       3248.174       7161.644    0.000  -0.138   0.379   0.
  2017 352  2 48 13 514 352.116823079       1.43      1.07     -0.06  0.        2219.165       3249.600       7162.296    0.000  -0.138   0.379   0.
  2017 352  2 48 14 514 352.116834653       1.34      0.85     -0.22  0.        2217.941       3251.025       7162.946    0.000  -0.138   0.380   0.
  2017 352  2 48 15 514 352.116846227       0.85      1.36     -0.70  0.        2216.716       3252.450       7163.597    0.000  -0.138   0.380   0.
  2017 352  2 48 16 514 352.116857801       0.33      1.60     -1.05  0.        2215.490       3253.875       7164.246    0.000  -0.138   0.379   0.
  2017 352  2 48 17 513 352.116869375       0.38      1.21     -0.99  0.        2214.265       3255.299       7164.896    0.000  -0.138   0.379   0.
  2017 352  2 48 18 513 352.116880949       0.52      0.79     -0.90  0.        2213.039       3256.724       7165.544    0.000  -0.138   0.380   0.
  2017 352  2 48 19 513 352.116892523       0.53      1.02     -1.14  0.        2211.814       3258.148       7166.192    0.000  -0.138   0.380   0.
  2017 352  2 48 20 513 352.116904097       0.35      1.40     -0.22  0.        2210.588       3259.572       7166.840    0.000  -0.138   0.379   0.
  2017 352  2 48 21 513 352.116915671       0.54      1.42      0.47  0.        2209.362       3260.995       7167.486    0.000  -0.138   0.379   0.
  2017 352  2 48 22 514 352.116927245       0.42      2.03      0.40  0.        2208.135       3262.419       7168.133    0.000  -0.138   0.379   0.
  2017 352  2 48 23 514 352.116938819       0.50      1.72     -0.55  0.        2206.909       3263.842       7168.779    0.000  -0.138   0.379   0.
  2017 352  2 48 24 513 352.116950394       0.75      1.30      0.26  0.        2205.682       3265.265       7169.424    0.000  -0.138   0.380   0.
  2017 352  2 48 25 513 352.116961968       0.63      1.55     -0.92  0.        2204.456       3266.687       7170.068    0.000  -0.138   0.380   0.
  2017 352  2 48 26 514 352.116973542       0.88      1.13     -1.29  0.        2203.229       3268.110       7170.712    0.000  -0.138   0.379   0.
  2017 352  2 48 27 514 352.116985116       0.65      1.44      0.14  0.        2202.002       3269.532       7171.356    0.000  -0.138   0.379   0.
  2017 352  2 48 28 514 352.116996688       0.63      1.98     -1.13  0.        2200.774       3270.953       7171.999    0.000  -0.138   0.380   0.
  2017 352  2 48 29 513 352.117008261       0.84      1.43     -1.09  0.        2199.547       3272.375       7172.641    0.000  -0.138   0.380   0.
  2017 352  2 48 30 513 352.117019835       0.35      1.31     -1.22  0.        2198.319       3273.796       7173.283    0.000  -0.138   0.379   0.
  2017 352  2 48 31 513 352.117031409       1.37      0.88     -1.20  0.        2197.091       3275.217       7173.925    0.000  -0.138   0.379   0.
  2017 352  2 48 32 513 352.117042983       1.32      0.86     -0.16  0.        2195.863       3276.638       7174.565    0.000  -0.138   0.380   0.
  2017 352  2 48 33 513 352.117054557       1.26      0.91     -0.34  0.        2194.635       3278.059       7175.205    0.000  -0.138   0.380   0.
  2017 352  2 48 34 513 352.117066131       1.30      1.14     -0.65  0.        2193.407       3279.479       7175.845    0.000  -0.138   0.379   0.
  2017 352  2 48 35 513 352.117077705       1.00      1.10     -0.23  0.        2192.178       3280.899       7176.484    0.000  -0.138   0.379   0.
  2017 352  2 48 36 513 352.117089279       0.50      1.55     -0.13  0.        2190.950       3282.319       7177.123    0.000  -0.138   0.379   0.
  2017 352  2 48 37 513 352.117100854       1.59      0.61     -0.26  0.        2189.721       3283.738       7177.760    0.000  -0.138   0.379   0.
  2017 352  2 48 38 513 352.117112428       1.57      0.64     -0.42  0.        2188.492       3285.157       7178.398    0.000  -0.138   0.380   0.
  2017 352  2 48 39 513 352.117124002       0.78      1.31     -0.38  0.        2187.263       3286.576       7179.035    0.000  -0.138   0.380   0.
  2017 352  2 48 40 513 352.117135576       1.04      1.05     -0.77  0.        2186.033       3287.995       7179.671    0.000  -0.138   0.379   0.
  2017 352  2 48 41 513 352.117147150       1.20      0.85     -0.22  0.        2184.804       3289.414       7180.307    0.000  -0.138   0.379   0.
  2017 352  2 48 42 513 352.117158724       0.62      1.30     -0.04  0.        2183.574       3290.832       7180.942    0.000  -0.138   0.379   0.
  2017 352  2 48 43 513 352.117170298       0.75      1.06     -0.14  0.        2182.344       3292.250       7181.576    0.000  -0.138   0.379   0.
  2017 352  2 48 44 513 352.117181872       2.01      0.35     -0.75  0.        2181.114       3293.668       7182.210    0.000  -0.138   0.379   0.
  2017 352  2 48 45 513 352.117193446       0.95      1.05     -1.34  0.        2179.884       3295.085       7182.844    0.000  -0.138   0.379   0.
  2017 352  2 48 46 513 352.117205020       1.23      0.53     -1.40  0.        2178.654       3296.502       7183.477    0.000  -0.138   0.380   0.
  2017 352  2 48 47 513 352.117216594       1.18      0.74     -0.18  0.        2177.423       3297.919       7184.109    0.000  -0.138   0.380   0.
  2017 352  2 48 48 513 352.117228168       0.79      1.27     -0.25  0.        2176.193       3299.336       7184.741    0.000  -0.138   0.379   0.
  2017 352  2 48 49 513 352.117239742       0.96      1.19     -0.32  0.        2174.962       3300.752       7185.372    0.000  -0.138   0.379   0.
  2017 352  2 48 50 513 352.117251317       0.65      1.53      0.36  0.        2173.731       3302.168       7186.003    0.000  -0.138   0.380   0.
  2017 352  2 48 51 513 352.117262891       1.10      1.12     -0.24  0.        2172.499       3303.584       7186.633    0.000  -0.138   0.380   0.
  2017 352  2 48 52 513 352.117274465       0.76      0.89      0.72  0.        2171.268       3305.000       7187.262    0.000  -0.138   0.379   0.
  2017 352  2 48 53 513 352.117286039       0.06      1.70      0.50  0.        2170.036       3306.416       7187.891    0.000  -0.138   0.379   0.
  2017 352  2 48 54 513 352.117297613       0.26      1.35     -0.20  0.        2168.805       3307.831       7188.520    0.000  -0.138   0.379   0.
  2017 352  2 48 55 513 352.117309187      -0.11      1.75      0.08  0.        2167.573       3309.246       7189.147    0.000  -0.138   0.379   0.
  2017 352  2 48 56 513 352.117320761       0.36      1.70     -0.15  0.        2166.341       3310.660       7189.775    0.000  -0.138   0.380   0.
  2017 352  2 48 57 513 352.117332335       0.51      0.80      0.20  0.        2165.109       3312.075       7190.402    0.000  -0.138   0.380   0.
  2017 352  2 48 58 513 352.117343907       0.88      1.11     -0.15  0.        2163.876       3313.489       7191.028    0.000  -0.138   0.379   0.
  2017 352  2 48 59 513 352.117355480       1.20      1.28     -0.02  0.        2162.644       3314.903       7191.653    0.000  -0.138   0.379   0.
  2017 352  2 49  0 513 352.117367054       1.16      0.93     -0.41  0.        2161.411       3316.316       7192.279    0.000  -0.138   0.380   0.
  2017 352  2 49  1 513 352.117378628       0.31      1.66      0.08  0.        2160.178       3317.730       7192.903    0.000  -0.138   0.380   0.
  2017 352  2 49  2 513 352.117390203       0.68      1.02     -0.13  0.        2158.945       3319.143       7193.527    0.000  -0.138   0.380   0.
  2017 352  2 49  3 513 352.117401777       1.04      0.92     -0.81  0.        2157.712       3320.556       7194.150    0.000  -0.138   0.380   0.
  2017 352  2 49  4 513 352.117413351       0.91      1.11     -0.81  0.        2156.479       3321.968       7194.773    0.000  -0.138   0.379   0.
  2017 352  2 49  5 513 352.117424925       0.00      1.41      0.44  0.        2155.245       3323.381       7195.396    0.000  -0.138   0.379   0.
  2017 352  2 49  6 513 352.117436499       1.42      0.71      0.48  0.        2154.011       3324.793       7196.017    0.000  -0.138   0.380   0.
  2017 352  2 49  7 513 352.117448073       1.35      0.80      0.33  0.        2152.777       3326.205       7196.639    0.000  -0.138   0.380   0.
  2017 352  2 49  8 513 352.117459647       1.25      1.39     -0.62  0.        2151.543       3327.616       7197.259    0.000  -0.138   0.379   0.
  2017 352  2 49  9 513 352.117471221       0.77      1.28     -1.45  0.        2150.309       3329.028       7197.879    0.000  -0.138   0.379   0.
  2017 352  2 49 10 513 352.117482795       0.25      1.55     -1.32  0.        2149.075       3330.439       7198.499    0.000  -0.138   0.379   0.
  2017 352  2 49 11 513 352.117494369       0.64      1.48     -0.68  0.        2147.840       3331.849       7199.118    0.000  -0.138   0.379   0.
  2017 352  2 49 12 513 352.117505943       1.25      0.68     -1.27  0.        2146.605       3333.260       7199.736    0.000  -0.138   0.380   0.
  2017 352  2 49 13 513 352.117517517       1.27      1.28     -1.56  0.        2145.371       3334.670       7200.354    0.000  -0.138   0.380   0.
  2017 352  2 49 14 513 352.117529091       0.49      1.54     -1.57  0.        2144.136       3336.080       7200.971    0.000  -0.138   0.379   0.
  2017 352  2 49 15 513 352.117540666       0.70      1.04     -1.11  0.        2142.900       3337.490       7201.588    0.000  -0.138   0.379   0.
  2017 352  2 49 16 513 352.117552240       1.29      0.74      0.20  0.        2141.665       3338.900       7202.204    0.000  -0.138   0.379   0.
  2017 352  2 49 17 513 352.117563814       0.55      1.44     -0.04  0.        2140.429       3340.309       7202.820    0.000  -0.138   0.379   0.
  2017 352  2 49 18 513 352.117575388       0.83      1.26     -0.22  0.        2139.194       3341.718       7203.435    0.000  -0.138   0.380   0.
  2017 352  2 49 19 513 352.117586962       1.20      1.30     -0.77  0.        2137.958       3343.127       7204.050    0.000  -0.138   0.380   0.
  2017 352  2 49 20 513 352.117598536       1.31      1.06     -0.32  0.        2136.722       3344.535       7204.664    0.000  -0.138   0.379   0.
  2017 352  2 49 21 513 352.117610110       1.00      1.25     -0.59  0.        2135.486       3345.943       7205.277    0.000  -0.138   0.379   0.
  2017 352  2 49 22 513 352.117621684       1.25      0.85     -0.34  0.        2134.249       3347.351       7205.890    0.000  -0.138   0.379   0.
  2017 352  2 49 23 513 352.117633258       1.33      0.82     -0.74  0.        2133.013       3348.759       7206.502    0.000  -0.138   0.379   0.
  2017 352  2 49 24 513 352.117644832       1.36      0.83     -0.57  0.        2131.776       3350.167       7207.114    0.000  -0.138   0.380   0.
  2017 352  2 49 25 513 352.117656406       0.88      1.13     -0.69  0.        2130.539       3351.574       7207.725    0.000  -0.138   0.380   0.
  2017 352  2 49 26 513 352.117667980       1.00      1.04      0.02  0.        2129.302       3352.981       7208.336    0.000  -0.138   0.380   0.
  2017 352  2 49 27 513 352.117679554       1.02      1.10     -0.21  0.        2128.065       3354.388       7208.946    0.000  -0.138   0.380   0.
  2017 352  2 49 28 513 352.117691126       0.84      1.39     -0.06  0.        2126.828       3355.794       7209.556    0.000  -0.138   0.379   0.
  2017 352  2 49 29 513 352.117702700       0.37      1.50     -0.44  0.        2125.590       3357.200       7210.164    0.000  -0.138   0.379   0.
  2017 352  2 49 30 513 352.117714274       0.71      1.22     -0.12  0.        2124.353       3358.606       7210.773    0.000  -0.138   0.379   0.
  2017 352  2 49 31 513 352.117725848       1.22      0.90     -0.36  0.        2123.115       3360.012       7211.381    0.000  -0.138   0.379   0.
  2017 352  2 49 32 513 352.117737422       1.39      0.74      0.20  0.        2121.877       3361.417       7211.988    0.000  -0.138   0.380   0.
  2017 352  2 49 33 513 352.117748996       0.60      1.57      0.13  0.        2120.639       3362.822       7212.595    0.000  -0.138   0.380   0.
  2017 352  2 49 34 513 352.117760570       1.08      1.03      0.25  0.        2119.400       3364.227       7213.201    0.000  -0.138   0.380   0.
  2017 352  2 49 35 513 352.117772144       0.91      1.21     -0.12  0.        2118.162       3365.632       7213.807    0.000  -0.138   0.380   0.
  2017 352  2 49 36 513 352.117783718       1.01      1.27      0.10  0.        2116.923       3367.036       7214.412    0.000  -0.138   0.379   0.
  2017 352  2 49 37 513 352.117795292       1.07      1.17      0.15  0.        2115.684       3368.441       7215.017    0.000  -0.138   0.379   0.
  2017 352  2 49 38 513 352.117806866       1.35      0.56      0.10  0.        2114.445       3369.844       7215.621    0.000  -0.138   0.380   0.
  2017 352  2 49 39 513 352.117818440       1.07      0.92     -0.04  0.        2113.206       3371.248       7216.224    0.000  -0.138   0.380   0.
  2017 352  2 49 40 513 352.117830014       1.84      0.36     -0.02  0.        2111.967       3372.651       7216.827    0.000  -0.138   0.380   0.
  2017 352  2 49 41 513 352.117841589       1.78      0.64      0.54  0.        2110.728       3374.054       7217.430    0.000  -0.138   0.380   0.
  2017 352  2 49 42 513 352.117853163       1.85      0.88     -0.15  0.        2109.488       3375.457       7218.031    0.000  -0.138   0.379   0.
  2017 352  2 49 43 513 352.117864737       1.28      0.89     -0.55  0.        2108.248       3376.860       7218.633    0.000  -0.138   0.379   0.
  2017 352  2 49 44 513 352.117876311       1.18      1.19     -0.71  0.        2107.008       3378.262       7219.233    0.000  -0.138   0.379   0.
  2017 352  2 49 45 513 352.117887885       1.56      1.14     -0.88  0.        2105.768       3379.664       7219.834    0.000  -0.138   0.379   0.
  2017 352  2 49 46 513 352.117899459       1.50      1.26     -0.56  0.        2104.528       3381.066       7220.433    0.000  -0.138   0.380   0.
  2017 352  2 49 47 513 352.117911033       1.49      1.40     -1.05  0.        2103.288       3382.468       7221.032    0.000  -0.138   0.380   0.
  2017 352  2 49 48 513 352.117922607       1.69      0.74     -0.40  0.        2102.047       3383.869       7221.631    0.000  -0.138   0.380   0.
  2017 352  2 49 49 513 352.117934181       1.52      0.92     -0.14  0.        2100.806       3385.270       7222.229    0.000  -0.138   0.380   0.
  2017 352  2 49 50 513 352.117945755       1.46      0.70     -0.08  0.        2099.565       3386.671       7222.826    0.000  -0.138   0.379   0.
  2017 352  2 49 51 513 352.117957329       1.06      1.11      0.14  0.        2098.324       3388.071       7223.423    0.000  -0.138   0.379   0.
  2017 352  2 49 52 513 352.117968903       1.42      1.01     -0.63  0.        2097.083       3389.471       7224.019    0.000  -0.138   0.380   0.
  2017 352  2 49 53 513 352.117980477       1.31      0.87     -0.81  0.        2095.842       3390.872       7224.615    0.000  -0.138   0.380   0.
  2017 352  2 49 54 513 352.117992052       1.34      0.93     -0.84  0.        2094.600       3392.271       7225.210    0.000  -0.138   0.379   0.
  2017 352  2 49 55 513 352.118003626       1.63      0.60     -0.80  0.        2093.359       3393.671       7225.805    0.000  -0.138   0.379   0.
  2017 352  2 49 56 513 352.118015200       1.63      0.82     -0.34  0.        2092.117       3395.070       7226.399    0.000  -0.138   0.379   0.
  2017 352  2 49 57 513 352.118026774       1.69      0.98     -1.19  0.        2090.875       3396.469       7226.993    0.000  -0.138   0.379   0.
  2017 352  2 49 58 513 352.118038345       1.98      0.76     -0.62  0.        2089.633       3397.868       7227.586    0.000  -0.138   0.380   0.
  2017 352  2 49 59 513 352.118049919       1.32      1.60     -1.02  0.        2088.390       3399.266       7228.178    0.000  -0.138   0.380   0.
  2017 352  2 50  0 512 352.118061493       0.63      2.18     -0.81  0.        2087.148       3400.664       7228.770    0.000  -0.138   0.379   0.
  2017 352  2 50  1 512 352.118073067       1.31      1.26     -1.16  0.        2085.905       3402.062       7229.361    0.000  -0.138   0.379   0.
  2017 352  2 50  2 512 352.118084641       1.64      0.77      0.15  0.        2084.662       3403.460       7229.952    0.000  -0.138   0.379   0.
  2017 352  2 50  3 512 352.118096215       1.08      1.20     -0.01  0.        2083.419       3404.858       7230.542    0.000  -0.138   0.379   0.
  2017 352  2 50  4 512 352.118107789       0.66      1.49     -0.10  0.        2082.176       3406.255       7231.132    0.000  -0.138   0.380   0.
  2017 352  2 50  5 513 352.118119363       0.32      1.51     -0.36  0.        2080.933       3407.652       7231.721    0.000  -0.138   0.380   0.
  2017 352  2 50  6 512 352.118130938       1.03      1.08      0.00  0.        2079.689       3409.048       7232.310    0.000  -0.138   0.379   0.
  2017 352  2 50  7 512 352.118142512       1.54      0.68     -0.29  0.        2078.446       3410.445       7232.898    0.000  -0.138   0.379   0.
  2017 352  2 50  8 512 352.118154086       1.08      1.41     -0.58  0.        2077.202       3411.841       7233.485    0.000  -0.138   0.379   0.
  2017 352  2 50  9 513 352.118165660       0.29      1.89     -0.25  0.        2075.958       3413.237       7234.072    0.000  -0.138   0.379   0.
  2017 352  2 50 10 513 352.118177234       0.36      1.63     -0.85  0.        2074.714       3414.632       7234.659    0.000  -0.138   0.380   0.
  2017 352  2 50 11 513 352.118188808       0.76      1.18     -0.52  0.        2073.470       3416.028       7235.245    0.000  -0.138   0.380   0.
  2017 352  2 50 12 513 352.118200382       0.45      1.58     -0.18  0.        2072.226       3417.423       7235.830    0.000  -0.138   0.380   0.
  2017 352  2 50 13 512 352.118211956       0.68      1.30      0.56  0.        2070.981       3418.818       7236.415    0.000  -0.138   0.380   0.
  2017 352  2 50 14 512 352.118223530       1.00      1.09      0.57  0.        2069.736       3420.212       7236.999    0.000  -0.138   0.380   0.
  2017 352  2 50 15 512 352.118235104       0.41      1.36      0.30  0.        2068.491       3421.607       7237.583    0.000  -0.138   0.380   0.
  2017 352  2 50 16 512 352.118246678       0.71      1.22     -0.81  0.        2067.246       3423.001       7238.166    0.000  -0.138   0.380   0.
  2017 352  2 50 17 512 352.118258252       0.10      1.45      0.00  0.        2066.001       3424.394       7238.748    0.000  -0.138   0.380   0.
  2017 352  2 50 18 513 352.118269826      -0.02      1.71     -0.65  0.        2064.756       3425.788       7239.331    0.000  -0.138   0.379   0.
  2017 352  2 50 19 513 352.118281400       0.98      0.76     -0.89  0.        2063.511       3427.181       7239.912    0.000  -0.138   0.379   0.
  2017 352  2 50 20 512 352.118292975       1.34      0.62     -0.32  0.        2062.265       3428.574       7240.493    0.000  -0.138   0.380   0.
  2017 352  2 50 21 512 352.118304549       1.23      1.03      0.66  0.        2061.019       3429.967       7241.073    0.000  -0.138   0.380   0.
  2017 352  2 50 22 513 352.118316123       0.92      1.57     -0.03  0.        2059.773       3431.360       7241.653    0.000  -0.138   0.379   0.
  2017 352  2 50 23 513 352.118327697       1.31      1.03      0.28  0.        2058.527       3432.752       7242.232    0.000  -0.138   0.379   0.
  2017 352  2 50 24 513 352.118339271       0.66      1.21      0.72  0.        2057.281       3434.144       7242.811    0.000  -0.138   0.379   0.
  2017 352  2 50 25 513 352.118350845       0.50      1.69      0.74  0.        2056.034       3435.536       7243.389    0.000  -0.138   0.379   0.
  2017 352  2 50 26 513 352.118362419       0.41      1.80      0.40  0.        2054.788       3436.927       7243.967    0.000  -0.138   0.380   0.
  2017 352  2 50 27 512 352.118373993       0.39      1.62     -0.48  0.        2053.541       3438.318       7244.544    0.000  -0.138   0.380   0.
  2017 352  2 50 28 512 352.118385565       0.39      1.52     -1.10  0.        2052.294       3439.709       7245.121    0.000  -0.138   0.380   0.
  2017 352  2 50 29 512 352.118397138       0.19      1.52     -0.89  0.        2051.047       3441.100       7245.697    0.000  -0.138   0.380   0.
  2017 352  2 50 30 512 352.118408712       0.51      1.31     -0.31  0.        2049.800       3442.490       7246.272    0.000  -0.138   0.379   0.
  2017 352  2 50 31 512 352.118420286       0.53      1.36     -0.29  0.        2048.553       3443.881       7246.847    0.000  -0.138   0.379   0.
  2017 352  2 50 32 512 352.118431861       0.48      1.29     -0.53  0.        2047.305       3445.271       7247.422    0.000  -0.138   0.379   0.
  2017 352  2 50 33 512 352.118443435       0.73      1.10     -0.45  0.        2046.057       3446.660       7247.995    0.000  -0.138   0.379   0.
  2017 352  2 50 34 512 352.118455009       0.64      1.39     -0.79  0.        2044.810       3448.050       7248.569    0.000  -0.138   0.380   0.
  2017 352  2 50 35 512 352.118466583       1.41      0.70     -0.71  0.        2043.562       3449.439       7249.141    0.000  -0.138   0.380   0.
  2017 352  2 50 36 512 352.118478157       0.95      1.03     -0.22  0.        2042.313       3450.828       7249.713    0.000  -0.138   0.380   0.
  2017 352  2 50 37 512 352.118489731       1.15      0.91     -0.51  0.        2041.066       3452.216       7250.285    0.000  -0.138   0.380   0.
  2017 352  2 50 38 512 352.118501305       1.59      0.61      0.09  0.        2039.817       3453.605       7250.856    0.000  -0.138   0.379   0.
  2017 352  2 50 39 512 352.118512879       0.99      1.33     -0.38  0.        2038.568       3454.993       7251.427    0.000  -0.138   0.379   0.
  2017 352  2 50 40 512 352.118524453       0.68      1.54     -0.73  0.        2037.320       3456.381       7251.997    0.000  -0.138   0.380   0.
  2017 352  2 50 41 512 352.118536027       1.22      0.68     -1.27  0.        2036.071       3457.768       7252.566    0.000  -0.138   0.380   0.
  2017 352  2 50 42 512 352.118547601       1.48      0.43     -0.35  0.        2034.822       3459.156       7253.135    0.000  -0.138   0.380   0.
  2017 352  2 50 43 512 352.118559175       1.54      0.65     -0.15  0.        2033.573       3460.543       7253.704    0.000  -0.138   0.380   0.
  2017 352  2 50 44 512 352.118570749       1.32      0.64      0.53  0.        2032.323       3461.929       7254.271    0.000  -0.138   0.379   0.
  2017 352  2 50 45 512 352.118582323       0.73      1.47      0.23  0.        2031.074       3463.316       7254.839    0.000  -0.138   0.379   0.
  2017 352  2 50 46 512 352.118593898       0.76      1.29      0.00  0.        2029.824       3464.702       7255.405    0.000  -0.138   0.380   0.
  2017 352  2 50 47 512 352.118605472       0.55      1.71     -0.51  0.        2028.574       3466.088       7255.972    0.000  -0.138   0.380   0.
  2017 352  2 50 48 512 352.118617046       1.04      1.54     -0.68  0.        2027.325       3467.474       7256.537    0.000  -0.138   0.380   0.
  2017 352  2 50 49 512 352.118628620       1.70      0.86     -0.91  0.        2026.074       3468.860       7257.102    0.000  -0.138   0.380   0.
  2017 352  2 50 50 512 352.118640194       1.73      0.80     -0.96  0.        2024.824       3470.245       7257.667    0.000  -0.138   0.379   0.
  2017 352  2 50 51 512 352.118651768       0.69      1.45     -1.66  0.        2023.574       3471.630       7258.231    0.000  -0.138   0.379   0.
  2017 352  2 50 52 512 352.118663342       0.46      1.50     -0.71  0.        2022.323       3473.015       7258.794    0.000  -0.138   0.379   0.
  2017 352  2 50 53 512 352.118674916       0.38      1.38     -0.23  0.        2021.073       3474.399       7259.357    0.000  -0.138   0.379   0.
  2017 352  2 50 54 512 352.118686490       1.38      0.68      0.21  0.        2019.822       3475.783       7259.920    0.000  -0.138   0.380   0.
  2017 352  2 50 55 512 352.118698064       1.99      0.76     -1.07  0.        2018.571       3477.167       7260.482    0.000  -0.138   0.380   0.
  2017 352  2 50 56 512 352.118709638       1.73      0.49     -0.13  0.        2017.320       3478.551       7261.043    0.000  -0.138   0.379   0.
  2017 352  2 50 57 512 352.118721212       1.27      1.22      1.24  0.        2016.068       3479.935       7261.604    0.000  -0.138   0.379   0.
  2017 352  2 50 58 512 352.118732784       0.61      1.81      0.75  0.        2014.817       3481.318       7262.164    0.000  -0.138   0.380   0.
  2017 352  2 50 59 512 352.118744358       0.79      1.37      0.16  0.        2013.565       3482.701       7262.724    0.000  -0.138   0.380   0.
  2017 352  2 51  0 512 352.118755932       1.54      1.04      0.75  0.        2012.313       3484.083       7263.283    0.000  -0.138   0.379   0.
  2017 352  2 51  1 512 352.118767506       1.60      0.77      0.27  0.        2011.061       3485.466       7263.841    0.000  -0.138   0.379   0.
  2017 352  2 51  2 512 352.118779080       1.46      0.90      0.44  0.        2009.810       3486.848       7264.399    0.000  -0.138   0.380   0.
  2017 352  2 51  3 512 352.118790654       1.15      1.37      0.42  0.        2008.557       3488.230       7264.957    0.000  -0.138   0.380   0.
  2017 352  2 51  4 512 352.118802228       1.78      0.80      0.61  0.        2007.305       3489.611       7265.514    0.000  -0.138   0.380   0.
  2017 352  2 51  5 512 352.118813802       1.34      1.26     -0.16  0.        2006.052       3490.993       7266.070    0.000  -0.138   0.380   0.
  2017 352  2 51  6 512 352.118825376       1.39      1.06      0.22  0.        2004.800       3492.374       7266.626    0.000  -0.138   0.379   0.
  2017 352  2 51  7 512 352.118836950       0.59      1.45     -0.16  0.        2003.547       3493.755       7267.181    0.000  -0.138   0.379   0.
  2017 352  2 51  8 512 352.118848524       1.10      1.38     -0.98  0.        2002.294       3495.135       7267.736    0.000  -0.138   0.380   0.
  2017 352  2 51  9 512 352.118860098       1.45      0.80     -0.48  0.        2001.041       3496.515       7268.290    0.000  -0.138   0.380   0.
  2017 352  2 51 10 512 352.118871672       1.41      0.80     -0.20  0.        1999.788       3497.896       7268.844    0.000  -0.138   0.379   0.
  2017 352  2 51 11 512 352.118883246       0.94      1.40      0.14  0.        1998.534       3499.275       7269.397    0.000  -0.138   0.379   0.
  2017 352  2 51 12 512 352.118894821       1.05      1.20      0.24  0.        1997.281       3500.655       7269.950    0.000  -0.138   0.379   0.
  2017 352  2 51 13 512 352.118906395       0.52      1.50      0.23  0.        1996.027       3502.034       7270.502    0.000  -0.138   0.379   0.
  2017 352  2 51 14 512 352.118917969       0.36      1.43     -0.29  0.        1994.773       3503.413       7271.053    0.000  -0.138   0.380   0.
  2017 352  2 51 15 512 352.118929543       0.38      1.39     -0.32  0.        1993.519       3504.792       7271.604    0.000  -0.138   0.380   0.
  2017 352  2 51 16 512 352.118941117       0.51      1.08     -0.76  0.        1992.265       3506.170       7272.155    0.000  -0.138   0.379   0.
  2017 352  2 51 17 512 352.118952691       0.93      0.70     -0.80  0.        1991.011       3507.549       7272.705    0.000  -0.138   0.379   0.
  2017 352  2 51 18 512 352.118964265       0.99      0.99     -0.51  0.        1989.756       3508.927       7273.254    0.000  -0.138   0.380   0.
  2017 352  2 51 19 512 352.118975839       1.59      0.60     -0.48  0.        1988.502       3510.304       7273.803    0.000  -0.138   0.380   0.
  2017 352  2 51 20 512 352.118987413       1.16      1.06     -0.16  0.        1987.247       3511.682       7274.351    0.000  -0.138   0.379   0.
  2017 352  2 51 21 512 352.118998987       0.14      1.60     -0.81  0.        1985.992       3513.059       7274.899    0.000  -0.138   0.379   0.
  2017 352  2 51 22 512 352.119010561       0.54      1.59     -1.85  0.        1984.737       3514.436       7275.446    0.000  -0.138   0.379   0.
  2017 352  2 51 23 512 352.119022135       1.10      0.99     -1.07  0.        1983.482       3515.813       7275.993    0.000  -0.138   0.379   0.
  2017 352  2 51 24 512 352.119033710       0.84      1.22     -0.49  0.        1982.227       3517.189       7276.539    0.000  -0.138   0.379   0.
  2017 352  2 51 25 512 352.119045284       0.59      1.35     -0.38  0.        1980.971       3518.566       7277.084    0.000  -0.138   0.379   0.
  2017 352  2 51 26 512 352.119056858       0.76      1.29     -0.45  0.        1979.715       3519.941       7277.630    0.000  -0.138   0.379   0.
  2017 352  2 51 27 512 352.119068432       0.55      1.20      0.05  0.        1978.460       3521.317       7278.174    0.000  -0.138   0.379   0.
  2017 352  2 51 28 512 352.119080004       0.67      1.14     -0.15  0.        1977.204       3522.692       7278.718    0.000  -0.138   0.380   0.
  2017 352  2 51 29 512 352.119091577       0.77      1.21      0.04  0.        1975.948       3524.067       7279.261    0.000  -0.138   0.380   0.
  2017 352  2 51 30 512 352.119103151       0.37      1.70     -0.08  0.        1974.692       3525.442       7279.804    0.000  -0.138   0.379   0.
  2017 352  2 51 31 512 352.119114725       0.60      1.45     -0.92  0.        1973.435       3526.817       7280.347    0.000  -0.138   0.379   0.
  2017 352  2 51 32 512 352.119126299       1.13      0.83     -0.18  0.        1972.179       3528.191       7280.888    0.000  -0.138   0.379   0.
  2017 352  2 51 33 512 352.119137873       0.83      1.31      0.02  0.        1970.922       3529.565       7281.430    0.000  -0.138   0.379   0.
  2017 352  2 51 34 512 352.119149447       1.14      1.08     -0.74  0.        1969.665       3530.939       7281.970    0.000  -0.138   0.380   0.
  2017 352  2 51 35 512 352.119161021       0.89      0.99     -0.56  0.        1968.408       3532.312       7282.511    0.000  -0.138   0.380   0.
  2017 352  2 51 36 512 352.119172595       1.12      1.06     -0.59  0.        1967.151       3533.686       7283.050    0.000  -0.138   0.379   0.
  2017 352  2 51 37 512 352.119184170       0.81      1.18     -0.84  0.        1965.894       3535.059       7283.589    0.000  -0.138   0.379   0.
  2017 352  2 51 38 512 352.119195744       0.86      0.86     -0.69  0.        1964.637       3536.431       7284.128    0.000  -0.138   0.379   0.
  2017 352  2 51 39 512 352.119207318       0.57      1.25     -0.63  0.        1963.379       3537.804       7284.666    0.000  -0.138   0.379   0.
  2017 352  2 51 40 512 352.119218892       0.59      0.68     -1.70  0.        1962.121       3539.176       7285.203    0.000  -0.138   0.379   0.
  2017 352  2 51 41 512 352.119230466       1.10      0.80     -0.32  0.        1960.864       3540.548       7285.740    0.000  -0.138   0.379   0.
  2017 352  2 51 42 512 352.119242040       1.38      0.71     -0.57  0.        1959.606       3541.920       7286.277    0.000  -0.138   0.379   0.
  2017 352  2 51 43 512 352.119253614       0.96      1.03     -0.59  0.        1958.348       3543.291       7286.813    0.000  -0.138   0.379   0.
  2017 352  2 51 44 512 352.119265188       1.17      0.92     -0.12  0.        1957.089       3544.662       7287.348    0.000  -0.138   0.379   0.
  2017 352  2 51 45 512 352.119276762       0.97      1.18     -0.72  0.        1955.831       3546.033       7287.883    0.000  -0.138   0.379   0.
  2017 352  2 51 46 512 352.119288336       1.49      0.49     -0.72  0.        1954.572       3547.404       7288.417    0.000  -0.138   0.380   0.
  2017 352  2 51 47 512 352.119299910       0.94      1.20     -0.15  0.        1953.314       3548.774       7288.951    0.000  -0.138   0.380   0.
  2017 352  2 51 48 512 352.119311484       1.19      1.39     -0.83  0.        1952.055       3550.145       7289.484    0.000  -0.138   0.379   0.
  2017 352  2 51 49 512 352.119323058       1.58      0.62     -0.44  0.        1950.796       3551.514       7290.017    0.000  -0.138   0.379   0.
  2017 352  2 51 50 512 352.119334633       1.51      0.44      0.17  0.        1949.537       3552.884       7290.549    0.000  -0.138   0.379   0.
  2017 352  2 51 51 512 352.119346207       0.75      1.54      0.21  0.        1948.278       3554.253       7291.080    0.000  -0.138   0.379   0.
  2017 352  2 51 52 512 352.119357781       0.22      1.32      0.11  0.        1947.018       3555.623       7291.611    0.000  -0.138   0.380   0.
  2017 352  2 51 53 512 352.119369355       0.53      1.63     -0.58  0.        1945.759       3556.991       7292.142    0.000  -0.138   0.380   0.
  2017 352  2 51 54 512 352.119380929       0.26      1.54     -0.27  0.        1944.499       3558.360       7292.672    0.000  -0.138   0.379   0.
  2017 352  2 51 55 512 352.119392503       0.56      1.10     -1.47  0.        1943.239       3559.728       7293.201    0.000  -0.138   0.379   0.
  2017 352  2 51 56 511 352.119404074       1.50      0.60     -0.78  0.        1941.979       3561.096       7293.730    0.000  -0.138   0.380   0.
  2017 352  2 51 57 511 352.119415648       1.36      0.46     -0.16  0.        1940.719       3562.464       7294.258    0.000  -0.138   0.380   0.
  2017 352  2 51 58 511 352.119427222       0.72      1.07     -1.00  0.        1939.459       3563.832       7294.786    0.000  -0.138   0.380   0.
  2017 352  2 51 59 511 352.119438796       1.09      0.75     -1.10  0.        1938.199       3565.199       7295.313    0.000  -0.138   0.380   0.
  2017 352  2 52  0 512 352.119450370       1.24      0.67     -0.19  0.        1936.938       3566.566       7295.840    0.000  -0.138   0.380   0.
  2017 352  2 52  1 512 352.119461944       1.30      1.24     -0.33  0.        1935.677       3567.933       7296.366    0.000  -0.138   0.380   0.
  2017 352  2 52  2 511 352.119473519       1.15      1.50     -1.31  0.        1934.417       3569.299       7296.892    0.000  -0.138   0.379   0.
  2017 352  2 52  3 511 352.119485093       1.14      0.72     -0.67  0.        1933.155       3570.665       7297.417    0.000  -0.138   0.379   0.
  2017 352  2 52  4 512 352.119496667       0.78      1.27      0.54  0.        1931.894       3572.031       7297.942    0.000  -0.138   0.379   0.
  2017 352  2 52  5 512 352.119508241       1.07      0.95      0.14  0.        1930.633       3573.397       7298.466    0.000  -0.138   0.379   0.
  2017 352  2 52  6 512 352.119519815       0.19      1.63      0.12  0.        1929.372       3574.762       7298.989    0.000  -0.138   0.380   0.
  2017 352  2 52  7 512 352.119531389       0.41      1.14     -0.64  0.        1928.110       3576.128       7299.512    0.000  -0.138   0.380   0.
  2017 352  2 52  8 512 352.119542963       0.83      0.82     -0.21  0.        1926.849       3577.492       7300.035    0.000  -0.138   0.379   0.
  2017 352  2 52  9 511 352.119554537       0.94      1.11     -0.23  0.        1925.587       3578.857       7300.557    0.000  -0.138   0.379   0.
  2017 352  2 52 10 511 352.119566111       1.12      1.07     -0.36  0.        1924.325       3580.221       7301.078    0.000  -0.138   0.379   0.
  2017 352  2 52 11 511 352.119577685       0.83      1.55     -0.34  0.        1923.063       3581.586       7301.599    0.000  -0.138   0.379   0.
  2017 352  2 52 12 511 352.119589259       0.64      1.24     -0.09  0.        1921.800       3582.949       7302.119    0.000  -0.138   0.380   0.
  2017 352  2 52 13 511 352.119600833       0.37      1.87     -0.28  0.        1920.538       3584.313       7302.639    0.000  -0.138   0.380   0.
  2017 352  2 52 14 512 352.119612407       0.71      1.69     -0.48  0.        1919.276       3585.676       7303.158    0.000  -0.138   0.379   0.
  2017 352  2 52 15 512 352.119623981       1.25      0.97      0.06  0.        1918.013       3587.039       7303.677    0.000  -0.138   0.379   0.
  2017 352  2 52 16 511 352.119635556       0.26      1.46     -0.26  0.        1916.750       3588.402       7304.195    0.000  -0.138   0.380   0.
  2017 352  2 52 17 511 352.119647130       0.71      1.42     -0.26  0.        1915.487       3589.765       7304.712    0.000  -0.138   0.380   0.
  2017 352  2 52 18 512 352.119658704       0.78      1.56      0.16  0.        1914.224       3591.127       7305.230    0.000  -0.138   0.380   0.
  2017 352  2 52 19 512 352.119670278       0.89      1.30     -0.45  0.        1912.961       3592.489       7305.746    0.000  -0.138   0.380   0.
  2017 352  2 52 20 512 352.119681852       0.96      1.07     -0.20  0.        1911.698       3593.851       7306.262    0.000  -0.138   0.380   0.
  2017 352  2 52 21 512 352.119693426       1.00      1.09      0.13  0.        1910.434       3595.212       7306.778    0.000  -0.138   0.380   0.
  2017 352  2 52 22 512 352.119705000       0.74      1.29      0.09  0.        1909.170       3596.574       7307.293    0.000  -0.138   0.380   0.
  2017 352  2 52 23 511 352.119716574       0.79      1.19      0.01  0.        1907.906       3597.935       7307.807    0.000  -0.138   0.380   0.
  2017 352  2 52 24 511 352.119728148       0.71      1.24     -0.18  0.        1906.642       3599.295       7308.321    0.000  -0.138   0.380   0.
  2017 352  2 52 25 511 352.119739722       0.19      1.43     -0.32  0.        1905.379       3600.656       7308.834    0.000  -0.138   0.380   0.
  2017 352  2 52 26 511 352.119751294      -0.10      1.45     -0.39  0.        1904.115       3602.016       7309.347    0.000  -0.138   0.380   0.
  2017 352  2 52 27 511 352.119762867      -0.02      1.55     -0.13  0.        1902.850       3603.376       7309.859    0.000  -0.138   0.380   0.
  2017 352  2 52 28 511 352.119774442       0.39      1.49     -0.00  0.        1901.586       3604.735       7310.371    0.000  -0.138   0.379   0.
  2017 352  2 52 29 511 352.119786016       0.71      1.44      0.02  0.        1900.321       3606.095       7310.882    0.000  -0.138   0.379   0.
  2017 352  2 52 30 511 352.119797590       0.49      1.36     -0.06  0.        1899.056       3607.454       7311.393    0.000  -0.138   0.380   0.
  2017 352  2 52 31 511 352.119809164       0.40      1.47      0.08  0.        1897.791       3608.813       7311.903    0.000  -0.138   0.380   0.
  2017 352  2 52 32 511 352.119820738       0.30      1.39     -0.06  0.        1896.526       3610.172       7312.413    0.000  -0.138   0.380   0.
  2017 352  2 52 33 511 352.119832312       0.30      1.33     -0.09  0.        1895.261       3611.530       7312.922    0.000  -0.138   0.380   0.
  2017 352  2 52 34 511 352.119843886       0.30      1.59     -0.17  0.        1893.996       3612.888       7313.430    0.000  -0.138   0.379   0.
  2017 352  2 52 35 511 352.119855460      -0.03      1.76     -0.39  0.        1892.730       3614.246       7313.938    0.000  -0.138   0.379   0.
  2017 352  2 52 36 511 352.119867034      -0.22      1.83     -0.25  0.        1891.465       3615.603       7314.446    0.000  -0.138   0.380   0.
  2017 352  2 52 37 511 352.119878608      -0.12      1.57     -0.31  0.        1890.199       3616.961       7314.953    0.000  -0.138   0.380   0.
  2017 352  2 52 38 511 352.119890182       0.04      1.31     -0.39  0.        1888.933       3618.318       7315.459    0.000  -0.138   0.380   0.
  2017 352  2 52 39 511 352.119901756      -0.11      1.54     -0.73  0.        1887.667       3619.674       7315.965    0.000  -0.138   0.380   0.
  2017 352  2 52 40 511 352.119913330      -0.22      1.45     -0.95  0.        1886.401       3621.031       7316.470    0.000  -0.138   0.380   0.
  2017 352  2 52 41 511 352.119924904      -0.19      1.66     -1.02  0.        1885.135       3622.387       7316.975    0.000  -0.138   0.380   0.
  2017 352  2 52 42 511 352.119936479       0.43      1.13     -0.44  0.        1883.869       3623.743       7317.479    0.000  -0.138   0.379   0.
  2017 352  2 52 43 511 352.119948053       0.44      1.15     -1.05  0.        1882.602       3625.099       7317.983    0.000  -0.138   0.379   0.
  2017 352  2 52 44 511 352.119959627      -0.35      1.47     -0.78  0.        1881.335       3626.454       7318.486    0.000  -0.138   0.380   0.
  2017 352  2 52 45 511 352.119971201      -0.37      1.39     -0.53  0.        1880.068       3627.809       7318.989    0.000  -0.138   0.380   0.
  2017 352  2 52 46 511 352.119982775       0.14      1.31     -0.47  0.        1878.802       3629.165       7319.491    0.000  -0.138   0.380   0.
  2017 352  2 52 47 511 352.119994349       0.24      1.40     -0.36  0.        1877.534       3630.519       7319.993    0.000  -0.138   0.380   0.
  2017 352  2 52 48 511 352.120005923       0.16      1.34     -0.56  0.        1876.267       3631.873       7320.494    0.000  -0.138   0.379   0.
  2017 352  2 52 49 511 352.120017497       0.40      1.34     -0.44  0.        1875.000       3633.228       7320.994    0.000  -0.138   0.379   0.
  2017 352  2 52 50 511 352.120029071       0.59      1.38      0.38  0.        1873.732       3634.581       7321.494    0.000  -0.138   0.380   0.
  2017 352  2 52 51 511 352.120040645       0.65      1.40      0.26  0.        1872.465       3635.935       7321.994    0.000  -0.138   0.380   0.
  2017 352  2 52 52 511 352.120052219       0.27      1.60      0.38  0.        1871.197       3637.288       7322.493    0.000  -0.138   0.380   0.
  2017 352  2 52 53 511 352.120063793       0.10      1.63     -0.02  0.        1869.929       3638.642       7322.991    0.000  -0.138   0.380   0.
  2017 352  2 52 54 511 352.120075367       0.34      1.33      0.01  0.        1868.661       3639.994       7323.489    0.000  -0.138   0.379   0.
  2017 352  2 52 55 511 352.120086942       0.29      1.43     -0.73  0.        1867.393       3641.347       7323.987    0.000  -0.138   0.379   0.
  2017 352  2 52 56 511 352.120098513       0.14      1.43     -0.70  0.        1866.125       3642.699       7324.483    0.000  -0.138   0.380   0.
  2017 352  2 52 57 511 352.120110087      -0.02      1.64     -0.16  0.        1864.856       3644.051       7324.980    0.000  -0.138   0.380   0.
  2017 352  2 52 58 511 352.120121661      -0.01      1.63      0.12  0.        1863.588       3645.403       7325.475    0.000  -0.138   0.379   0.
  2017 352  2 52 59 511 352.120133235       0.46      1.27     -0.11  0.        1862.319       3646.755       7325.971    0.000  -0.138   0.379   0.
  2017 352  2 53  0 511 352.120144809       0.14      1.49     -0.07  0.        1861.050       3648.106       7326.465    0.000  -0.138   0.380   0.
  2017 352  2 53  1 511 352.120156383       0.54      1.52      0.01  0.        1859.781       3649.457       7326.960    0.000  -0.138   0.380   0.
  2017 352  2 53  2 511 352.120167957       0.43      1.55     -0.17  0.        1858.512       3650.807       7327.453    0.000  -0.138   0.380   0.
  2017 352  2 53  3 511 352.120179531       0.28      1.47      0.05  0.        1857.242       3652.158       7327.946    0.000  -0.138   0.380   0.
  2017 352  2 53  4 511 352.120191105       0.39      1.33      0.12  0.        1855.973       3653.508       7328.439    0.000  -0.138   0.379   0.
  2017 352  2 53  5 511 352.120202679       0.43      1.39      0.10  0.        1854.704       3654.858       7328.931    0.000  -0.138   0.379   0.
  2017 352  2 53  6 511 352.120214254      -0.29      1.73     -0.12  0.        1853.434       3656.208       7329.423    0.000  -0.138   0.380   0.
  2017 352  2 53  7 511 352.120225828      -0.20      1.50     -0.08  0.        1852.164       3657.557       7329.914    0.000  -0.138   0.380   0.
  2017 352  2 53  8 511 352.120237402       0.02      1.49     -0.23  0.        1850.894       3658.906       7330.404    0.000  -0.138   0.380   0.
  2017 352  2 53  9 511 352.120248976       0.07      1.42     -0.20  0.        1849.624       3660.255       7330.894    0.000  -0.138   0.380   0.
  2017 352  2 53 10 511 352.120260550       0.05      1.32     -0.03  0.        1848.354       3661.604       7331.383    0.000  -0.138   0.379   0.
  2017 352  2 53 11 511 352.120272124       0.43      1.43      0.25  0.        1847.084       3662.952       7331.872    0.000  -0.138   0.379   0.
  2017 352  2 53 12 511 352.120283698       0.35      1.53     -0.13  0.        1845.813       3664.300       7332.361    0.000  -0.138   0.380   0.
  2017 352  2 53 13 511 352.120295272       0.18      1.50     -0.13  0.        1844.543       3665.648       7332.848    0.000  -0.138   0.380   0.
  2017 352  2 53 14 511 352.120306846      -0.13      1.55      0.02  0.        1843.272       3666.995       7333.336    0.000  -0.138   0.379   0.
  2017 352  2 53 15 511 352.120318420       0.07      1.28      0.10  0.        1842.001       3668.343       7333.823    0.000  -0.138   0.379   0.
  2017 352  2 53 16 511 352.120329994       0.02      1.38     -0.28  0.        1840.730       3669.690       7334.309    0.000  -0.138   0.379   0.
  2017 352  2 53 17 511 352.120341568      -0.27      1.59     -0.43  0.        1839.459       3671.036       7334.794    0.000  -0.138   0.379   0.
  2017 352  2 53 18 511 352.120353142      -0.33      1.54     -0.03  0.        1838.188       3672.383       7335.280    0.000  -0.138   0.380   0.
  2017 352  2 53 19 511 352.120364716       0.26      1.31     -0.00  0.        1836.916       3673.729       7335.764    0.000  -0.138   0.380   0.
  2017 352  2 53 20 511 352.120376290      -0.10      1.60     -0.13  0.        1835.645       3675.075       7336.248    0.000  -0.138   0.380   0.
  2017 352  2 53 21 511 352.120387865       0.22      1.41      0.12  0.        1834.373       3676.421       7336.732    0.000  -0.138   0.380   0.
  2017 352  2 53 22 511 352.120399439       0.10      1.34      0.18  0.        1833.102       3677.766       7337.215    0.000  -0.138   0.379   0.
  2017 352  2 53 23 511 352.120411013       0.30      1.28     -0.04  0.        1831.829       3679.111       7337.698    0.000  -0.138   0.379   0.
  2017 352  2 53 24 511 352.120422587      -0.09      1.29     -0.44  0.        1830.557       3680.456       7338.180    0.000  -0.138   0.380   0.
  2017 352  2 53 25 511 352.120434161       0.08      1.24      0.15  0.        1829.285       3681.801       7338.661    0.000  -0.138   0.380   0.
  2017 352  2 53 26 511 352.120445733       0.84      1.21      0.35  0.        1828.013       3683.145       7339.142    0.000  -0.138   0.380   0.
  2017 352  2 53 27 511 352.120457306       1.02      1.41     -0.24  0.        1826.741       3684.489       7339.623    0.000  -0.138   0.380   0.
  2017 352  2 53 28 511 352.120468880       0.45      1.49     -0.64  0.        1825.468       3685.833       7340.103    0.000  -0.138   0.379   0.
  2017 352  2 53 29 511 352.120480454      -0.08      1.54     -0.29  0.        1824.195       3687.177       7340.582    0.000  -0.138   0.379   0.
  2017 352  2 53 30 511 352.120492028       0.20      1.35     -0.17  0.        1822.923       3688.520       7341.061    0.000  -0.138   0.379   0.
  2017 352  2 53 31 511 352.120503602      -0.09      1.60     -0.23  0.        1821.650       3689.863       7341.539    0.000  -0.138   0.379   0.
  2017 352  2 53 32 511 352.120515177      -0.18      1.56     -0.07  0.        1820.377       3691.206       7342.017    0.000  -0.138   0.379   0.
  2017 352  2 53 33 511 352.120526751       0.05      1.54     -0.12  0.        1819.103       3692.549       7342.494    0.000  -0.138   0.379   0.
  2017 352  2 53 34 511 352.120538325      -0.11      1.52      0.01  0.        1817.830       3693.891       7342.971    0.000  -0.138   0.380   0.
  2017 352  2 53 35 511 352.120549899       0.21      1.43      0.03  0.        1816.557       3695.233       7343.447    0.000  -0.138   0.380   0.
  2017 352  2 53 36 511 352.120561473       0.13      1.46     -0.32  0.        1815.283       3696.574       7343.923    0.000  -0.138   0.379   0.
  2017 352  2 53 37 511 352.120573047      -0.15      1.45     -0.25  0.        1814.009       3697.916       7344.398    0.000  -0.138   0.379   0.
  2017 352  2 53 38 511 352.120584621      -0.15      1.47     -0.05  0.        1812.735       3699.257       7344.872    0.000  -0.138   0.379   0.
  2017 352  2 53 39 511 352.120596195      -0.18      1.52      0.17  0.        1811.461       3700.598       7345.347    0.000  -0.138   0.379   0.
  2017 352  2 53 40 511 352.120607769       0.20      1.44     -0.03  0.        1810.187       3701.939       7345.820    0.000  -0.138   0.380   0.
  2017 352  2 53 41 511 352.120619343       0.28      1.53     -0.20  0.        1808.913       3703.279       7346.293    0.000  -0.138   0.380   0.
  2017 352  2 53 42 511 352.120630917       0.29      1.50     -0.07  0.        1807.638       3704.619       7346.766    0.000  -0.138   0.379   0.
  2017 352  2 53 43 511 352.120642491       0.20      1.52     -0.09  0.        1806.364       3705.959       7347.238    0.000  -0.138   0.379   0.
  2017 352  2 53 44 511 352.120654065       0.29      1.54     -0.07  0.        1805.089       3707.299       7347.709    0.000  -0.138   0.379   0.
  2017 352  2 53 45 511 352.120665639       0.41      1.49     -0.15  0.        1803.814       3708.638       7348.180    0.000  -0.138   0.379   0.
  2017 352  2 53 46 511 352.120677214       0.43      1.48     -0.37  0.        1802.540       3709.977       7348.651    0.000  -0.138   0.380   0.
  2017 352  2 53 47 511 352.120688788       0.40      1.40     -0.59  0.        1801.265       3711.316       7349.120    0.000  -0.138   0.380   0.
  2017 352  2 53 48 511 352.120700362       0.01      1.65     -0.51  0.        1799.989       3712.655       7349.590    0.000  -0.138   0.380   0.
  2017 352  2 53 49 511 352.120711936      -0.01      1.53     -0.28  0.        1798.714       3713.993       7350.059    0.000  -0.138   0.380   0.
  2017 352  2 53 50 511 352.120723510       0.16      1.43     -0.21  0.        1797.439       3715.331       7350.527    0.000  -0.138   0.380   0.
  2017 352  2 53 51 511 352.120735084       0.29      1.42     -0.20  0.        1796.163       3716.669       7350.995    0.000  -0.138   0.380   0.
  2017 352  2 53 52 511 352.120746658       0.18      1.44     -0.16  0.        1794.887       3718.006       7351.462    0.000  -0.138   0.379   0.
  2017 352  2 53 53 511 352.120758232       0.13      1.44     -0.17  0.        1793.612       3719.343       7351.929    0.000  -0.138   0.379   0.
  2017 352  2 53 54 511 352.120769806       0.24      1.49     -0.27  0.        1792.336       3720.680       7352.395    0.000  -0.138   0.380   0.
  2017 352  2 53 55 511 352.120781380       0.09      1.55     -0.19  0.        1791.060       3722.017       7352.861    0.000  -0.138   0.380   0.
  2017 352  2 53 56 511 352.120792952       0.02      1.49     -0.29  0.        1789.783       3723.353       7353.326    0.000  -0.138   0.380   0.
  2017 352  2 53 57 511 352.120804525       0.17      1.55     -0.46  0.        1788.507       3724.689       7353.791    0.000  -0.138   0.380   0.
  2017 352  2 53 58 510 352.120816100      -0.16      1.49     -0.34  0.        1787.231       3726.025       7354.254    0.000  -0.138   0.379   0.
  2017 352  2 53 59 510 352.120827674      -0.00      1.49     -0.01  0.        1785.954       3727.361       7354.718    0.000  -0.138   0.379   0.
  2017 352  2 54  0 511 352.120839248       0.23      1.57     -0.03  0.        1784.677       3728.696       7355.181    0.000  -0.138   0.380   0.
  2017 352  2 54  1 511 352.120850822       0.23      1.41     -0.05  0.        1783.401       3730.032       7355.644    0.000  -0.138   0.380   0.
  2017 352  2 54  2 511 352.120862396       0.37      1.32     -0.05  0.        1782.124       3731.366       7356.106    0.000  -0.138   0.380   0.
  2017 352  2 54  3 511 352.120873970       0.27      1.49     -0.36  0.        1780.847       3732.701       7356.567    0.000  -0.138   0.380   0.
  2017 352  2 54  4 511 352.120885544       0.28      1.46     -0.14  0.        1779.569       3734.035       7357.028    0.000  -0.138   0.379   0.
  2017 352  2 54  5 510 352.120897118       0.56      1.40     -0.22  0.        1778.292       3735.369       7357.489    0.000  -0.138   0.379   0.
  2017 352  2 54  6 510 352.120908692       0.29      1.59     -0.51  0.        1777.015       3736.703       7357.949    0.000  -0.138   0.380   0.
  2017 352  2 54  7 510 352.120920266       0.24      1.52     -0.23  0.        1775.737       3738.037       7358.408    0.000  -0.138   0.380   0.
  2017 352  2 54  8 510 352.120931840       0.20      1.56     -0.34  0.        1774.459       3739.370       7358.867    0.000  -0.138   0.380   0.
  2017 352  2 54  9 511 352.120943414       0.23      1.55      0.10  0.        1773.181       3740.703       7359.325    0.000  -0.138   0.380   0.
  2017 352  2 54 10 511 352.120954988       0.42      1.64     -0.15  0.        1771.903       3742.036       7359.783    0.000  -0.138   0.379   0.
  2017 352  2 54 11 511 352.120966563       0.38      1.44     -0.31  0.        1770.625       3743.368       7360.241    0.000  -0.138   0.379   0.
  2017 352  2 54 12 510 352.120978137      -0.03      1.50     -0.53  0.        1769.347       3744.700       7360.697    0.000  -0.138   0.380   0.
  2017 352  2 54 13 510 352.120989711      -0.18      1.43     -0.35  0.        1768.069       3746.032       7361.154    0.000  -0.138   0.380   0.
  2017 352  2 54 14 511 352.121001285       0.08      1.49     -0.28  0.        1766.790       3747.364       7361.609    0.000  -0.138   0.380   0.
  2017 352  2 54 15 511 352.121012859       0.06      1.58     -0.28  0.        1765.512       3748.695       7362.065    0.000  -0.138   0.380   0.
  2017 352  2 54 16 511 352.121024433      -0.06      1.48      0.18  0.        1764.233       3750.026       7362.519    0.000  -0.138   0.379   0.
  2017 352  2 54 17 511 352.121036007      -0.10      1.55      0.06  0.        1762.954       3751.357       7362.973    0.000  -0.138   0.379   0.
  2017 352  2 54 18 510 352.121047581      -0.33      1.52      0.26  0.        1761.675       3752.688       7363.427    0.000  -0.138   0.380   0.
  2017 352  2 54 19 510 352.121059155      -0.30      1.44      0.20  0.        1760.396       3754.018       7363.880    0.000  -0.138   0.380   0.
  2017 352  2 54 20 510 352.121070729      -0.17      1.45      0.08  0.        1759.117       3755.348       7364.333    0.000  -0.138   0.380   0.
  2017 352  2 54 21 510 352.121082303      -0.09      1.51      0.02  0.        1757.838       3756.678       7364.785    0.000  -0.138   0.380   0.
  2017 352  2 54 22 510 352.121093877       0.20      1.53     -0.16  0.        1756.558       3758.007       7365.236    0.000  -0.138   0.379   0.
  2017 352  2 54 23 511 352.121105451       0.10      1.50      0.02  0.        1755.279       3759.337       7365.688    0.000  -0.138   0.379   0.
  2017 352  2 54 24 511 352.121117025       0.05      1.66      0.01  0.        1753.999       3760.666       7366.138    0.000  -0.138   0.380   0.
  2017 352  2 54 25 510 352.121128600       0.19      1.59      0.06  0.        1752.719       3761.994       7366.588    0.000  -0.138   0.380   0.
  2017 352  2 54 26 510 352.121140171       0.27      1.58     -0.34  0.        1751.439       3763.323       7367.038    0.000  -0.138   0.380   0.
  2017 352  2 54 27 510 352.121151745       0.18      1.51      0.04  0.        1750.159       3764.651       7367.487    0.000  -0.138   0.380   0.
  2017 352  2 54 28 510 352.121163319       0.27      1.57     -0.19  0.        1748.879       3765.979       7367.935    0.000  -0.138   0.379   0.
  2017 352  2 54 29 510 352.121174893       0.20      1.52     -0.09  0.        1747.598       3767.307       7368.383    0.000  -0.138   0.379   0.
  2017 352  2 54 30 510 352.121186467       0.21      1.59     -0.25  0.        1746.318       3768.634       7368.830    0.000  -0.138   0.380   0.
  2017 352  2 54 31 510 352.121198041       0.19      1.54     -0.17  0.        1745.037       3769.961       7369.277    0.000  -0.138   0.380   0.
  2017 352  2 54 32 510 352.121209615       0.33      1.53     -0.29  0.        1743.757       3771.288       7369.723    0.000  -0.138   0.380   0.
  2017 352  2 54 33 510 352.121221189       0.29      1.55     -0.35  0.        1742.476       3772.615       7370.169    0.000  -0.138   0.380   0.
  2017 352  2 54 34 510 352.121232763       0.10      1.63     -0.24  0.        1741.195       3773.941       7370.615    0.000  -0.138   0.379   0.
  2017 352  2 54 35 510 352.121244337       0.05      1.66     -0.25  0.        1739.914       3775.267       7371.059    0.000  -0.138   0.379   0.
  2017 352  2 54 36 510 352.121255911      -0.08      1.53     -0.25  0.        1738.633       3776.593       7371.504    0.000  -0.138   0.380   0.
  2017 352  2 54 37 510 352.121267486      -0.12      1.56     -0.22  0.        1737.351       3777.918       7371.947    0.000  -0.138   0.380   0.
  2017 352  2 54 38 510 352.121279060       0.12      1.50     -0.05  0.        1736.070       3779.244       7372.391    0.000  -0.138   0.380   0.
  2017 352  2 54 39 510 352.121290634       0.26      1.71     -0.09  0.        1734.788       3780.569       7372.833    0.000  -0.138   0.380   0.
  2017 352  2 54 40 510 352.121302208       0.31      1.62     -0.03  0.        1733.507       3781.893       7373.275    0.000  -0.138   0.380   0.
  2017 352  2 54 41 510 352.121313782       0.11      1.63     -0.12  0.        1732.225       3783.218       7373.717    0.000  -0.138   0.380   0.
  2017 352  2 54 42 510 352.121325356       0.13      1.60     -0.15  0.        1730.943       3784.542       7374.158    0.000  -0.138   0.379   0.
  2017 352  2 54 43 510 352.121336930       0.13      1.57     -0.22  0.        1729.661       3785.866       7374.599    0.000  -0.138   0.379   0.
  2017 352  2 54 44 510 352.121348504      -0.09      1.49     -0.28  0.        1728.379       3787.190       7375.039    0.000  -0.138   0.380   0.
  2017 352  2 54 45 510 352.121360078      -0.01      1.62     -0.58  0.        1727.096       3788.513       7375.479    0.000  -0.138   0.380   0.
  2017 352  2 54 46 510 352.121371652       0.04      1.69     -0.08  0.        1725.814       3789.836       7375.918    0.000  -0.138   0.379   0.
  2017 352  2 54 47 510 352.121383226       0.20      1.72     -0.25  0.        1724.531       3791.159       7376.356    0.000  -0.138   0.379   0.
  2017 352  2 54 48 510 352.121394800       0.48      1.80     -0.16  0.        1723.249       3792.482       7376.794    0.000  -0.138   0.379   0.
  2017 352  2 54 49 510 352.121406374       0.38      1.79     -0.51  0.        1721.966       3793.804       7377.232    0.000  -0.138   0.379   0.
  2017 352  2 54 50 510 352.121417948       0.03      1.60     -0.32  0.        1720.683       3795.126       7377.669    0.000  -0.138   0.379   0.
  2017 352  2 54 51 510 352.121429523       0.05      1.53     -0.24  0.        1719.400       3796.448       7378.105    0.000  -0.138   0.379   0.
  2017 352  2 54 52 510 352.121441097       0.18      1.57     -0.35  0.        1718.117       3797.769       7378.541    0.000  -0.138   0.379   0.
  2017 352  2 54 53 510 352.121452671       0.20      1.43     -0.19  0.        1716.834       3799.091       7378.977    0.000  -0.138   0.379   0.
  2017 352  2 54 54 510 352.121464245       0.16      1.52     -0.18  0.        1715.550       3800.412       7379.411    0.000  -0.138   0.379   0.
  2017 352  2 54 55 510 352.121475819       0.25      1.60     -0.26  0.        1714.267       3801.733       7379.846    0.000  -0.138   0.379   0.
  2017 352  2 54 56 510 352.121487391       0.21      1.58     -0.19  0.        1712.983       3803.053       7380.280    0.000  -0.138   0.380   0.
  2017 352  2 54 57 510 352.121498964       0.30      1.60     -0.28  0.        1711.699       3804.373       7380.713    0.000  -0.138   0.380   0.
  2017 352  2 54 58 510 352.121510538       0.35      1.56     -0.12  0.        1710.415       3805.693       7381.146    0.000  -0.138   0.380   0.
  2017 352  2 54 59 510 352.121522112       0.34      1.42      0.10  0.        1709.131       3807.013       7381.578    0.000  -0.138   0.380   0.
  2017 352  2 55  0 510 352.121533686       0.26      1.62     -0.44  0.        1707.847       3808.332       7382.010    0.000  -0.138   0.380   0.
  2017 352  2 55  1 510 352.121545260       0.19      1.78     -0.16  0.        1706.563       3809.651       7382.441    0.000  -0.138   0.380   0.
  2017 352  2 55  2 510 352.121556834       0.20      1.51     -0.31  0.        1705.279       3810.970       7382.872    0.000  -0.138   0.380   0.
  2017 352  2 55  3 510 352.121568409       0.20      1.57     -0.09  0.        1703.994       3812.289       7383.302    0.000  -0.138   0.380   0.
  2017 352  2 55  4 510 352.121579983       0.33      1.56     -0.26  0.        1702.710       3813.607       7383.732    0.000  -0.138   0.379   0.
  2017 352  2 55  5 510 352.121591557       0.26      1.58     -0.31  0.        1701.425       3814.925       7384.161    0.000  -0.138   0.379   0.
  2017 352  2 55  6 510 352.121603131       0.34      1.50     -0.32  0.        1700.140       3816.243       7384.590    0.000  -0.138   0.379   0.
  2017 352  2 55  7 510 352.121614705       0.44      1.45     -0.30  0.        1698.855       3817.561       7385.018    0.000  -0.138   0.379   0.
  2017 352  2 55  8 510 352.121626279       0.40      1.51     -0.34  0.        1697.570       3818.878       7385.446    0.000  -0.138   0.379   0.
  2017 352  2 55  9 510 352.121637853       0.32      1.43     -0.20  0.        1696.285       3820.195       7385.873    0.000  -0.138   0.379   0.
  2017 352  2 55 10 510 352.121649427       0.52      1.39     -0.13  0.        1695.000       3821.512       7386.300    0.000  -0.138   0.380   0.
  2017 352  2 55 11 510 352.121661001       0.67      1.56     -0.22  0.        1693.714       3822.828       7386.726    0.000  -0.138   0.380   0.
  2017 352  2 55 12 510 352.121672575       0.48      1.53     -0.32  0.        1692.429       3824.144       7387.151    0.000  -0.138   0.379   0.
  2017 352  2 55 13 510 352.121684149       0.41      1.61     -0.29  0.        1691.143       3825.460       7387.576    0.000  -0.138   0.379   0.
  2017 352  2 55 14 510 352.121695723       0.63      1.45     -0.12  0.        1689.857       3826.776       7388.001    0.000  -0.138   0.380   0.
  2017 352  2 55 15 510 352.121707297       0.73      1.45     -0.24  0.        1688.571       3828.091       7388.425    0.000  -0.138   0.380   0.
  2017 352  2 55 16 510 352.121718871       0.74      1.47     -0.16  0.        1687.285       3829.406       7388.848    0.000  -0.138   0.379   0.
  2017 352  2 55 17 510 352.121730446       1.00      1.29     -0.27  0.        1685.999       3830.721       7389.271    0.000  -0.138   0.379   0.
  2017 352  2 55 18 510 352.121742020       0.80      1.39     -0.24  0.        1684.713       3832.036       7389.694    0.000  -0.138   0.380   0.
  2017 352  2 55 19 510 352.121753594       0.72      1.40     -0.14  0.        1683.427       3833.350       7390.116    0.000  -0.138   0.380   0.
  2017 352  2 55 20 510 352.121765168       0.72      1.44     -0.27  0.        1682.140       3834.664       7390.537    0.000  -0.138   0.380   0.
  2017 352  2 55 21 510 352.121776742       0.66      1.36     -0.16  0.        1680.854       3835.978       7390.958    0.000  -0.138   0.380   0.
  2017 352  2 55 22 510 352.121788316       0.61      1.41     -0.16  0.        1679.567       3837.292       7391.379    0.000  -0.138   0.379   0.
  2017 352  2 55 23 510 352.121799890       0.54      1.42     -0.08  0.        1678.280       3838.605       7391.799    0.000  -0.138   0.379   0.
  2017 352  2 55 24 510 352.121811464       0.61      1.42     -0.24  0.        1676.993       3839.918       7392.218    0.000  -0.138   0.380   0.
  2017 352  2 55 25 510 352.121823038       0.41      1.49     -0.07  0.        1675.706       3841.231       7392.637    0.000  -0.138   0.380   0.
  2017 352  2 55 26 510 352.121834610       0.45      1.43      0.11  0.        1674.419       3842.543       7393.055    0.000  -0.138   0.379   0.
  2017 352  2 55 27 510 352.121846183       0.64      1.40     -0.07  0.        1673.132       3843.856       7393.473    0.000  -0.138   0.379   0.
  2017 352  2 55 28 510 352.121857758       0.53      1.45     -0.39  0.        1671.844       3845.167       7393.890    0.000  -0.138   0.379   0.
  2017 352  2 55 29 510 352.121869332       0.32      1.47     -0.28  0.        1670.557       3846.478       7394.307    0.000  -0.138   0.379   0.
  2017 352  2 55 30 510 352.121880906       0.45      1.50     -0.44  0.        1669.269       3847.790       7394.723    0.000  -0.138   0.380   0.
  2017 352  2 55 31 510 352.121892480       0.28      1.42     -0.23  0.        1667.981       3849.101       7395.139    0.000  -0.138   0.380   0.
  2017 352  2 55 32 510 352.121904054       0.45      1.47     -0.43  0.        1666.693       3850.412       7395.554    0.000  -0.138   0.379   0.
  2017 352  2 55 33 510 352.121915628       0.13      1.51     -0.25  0.        1665.405       3851.723       7395.969    0.000  -0.138   0.379   0.
  2017 352  2 55 34 510 352.121927202       0.52      1.46     -0.37  0.        1664.117       3853.033       7396.383    0.000  -0.138   0.380   0.
  2017 352  2 55 35 510 352.121938776       0.46      1.78     -0.62  0.        1662.829       3854.343       7396.797    0.000  -0.138   0.380   0.
  2017 352  2 55 36 510 352.121950350       0.35      1.49     -0.31  0.        1661.541       3855.653       7397.210    0.000  -0.138   0.379   0.
  2017 352  2 55 37 510 352.121961924       0.38      1.55     -0.14  0.        1660.252       3856.962       7397.623    0.000  -0.138   0.379   0.
  2017 352  2 55 38 510 352.121973498       0.40      1.54     -0.21  0.        1658.964       3858.272       7398.035    0.000  -0.138   0.379   0.
  2017 352  2 55 39 510 352.121985072       0.25      1.59     -0.08  0.        1657.675       3859.581       7398.447    0.000  -0.138   0.379   0.
  2017 352  2 55 40 510 352.121996646       0.33      1.66     -0.04  0.        1656.386       3860.889       7398.858    0.000  -0.138   0.380   0.
  2017 352  2 55 41 510 352.122008220       0.32      1.52      0.03  0.        1655.097       3862.198       7399.269    0.000  -0.138   0.380   0.
  2017 352  2 55 42 510 352.122019795       0.34      1.43     -0.19  0.        1653.808       3863.506       7399.679    0.000  -0.138   0.379   0.
  2017 352  2 55 43 510 352.122031369       0.38      1.53     -0.22  0.        1652.519       3864.814       7400.088    0.000  -0.138   0.379   0.
  2017 352  2 55 44 510 352.122042943       0.31      1.57     -0.33  0.        1651.230       3866.121       7400.498    0.000  -0.138   0.380   0.
  2017 352  2 55 45 510 352.122054517       0.22      1.67     -0.40  0.        1649.940       3867.429       7400.906    0.000  -0.138   0.380   0.
  2017 352  2 55 46 510 352.122066091      -0.03      1.55     -0.21  0.        1648.651       3868.736       7401.314    0.000  -0.138   0.379   0.
  2017 352  2 55 47 510 352.122077665       0.23      1.50     -0.30  0.        1647.361       3870.043       7401.722    0.000  -0.138   0.379   0.
  2017 352  2 55 48 510 352.122089239       0.22      1.58     -0.31  0.        1646.072       3871.349       7402.129    0.000  -0.138   0.379   0.
  2017 352  2 55 49 510 352.122100813       0.39      1.69     -0.21  0.        1644.782       3872.656       7402.535    0.000  -0.138   0.379   0.
  2017 352  2 55 50 510 352.122112387       0.49      1.56     -0.14  0.        1643.492       3873.962       7402.941    0.000  -0.138   0.380   0.
  2017 352  2 55 51 510 352.122123961       0.31      1.52     -0.31  0.        1642.202       3875.267       7403.347    0.000  -0.138   0.380   0.
  2017 352  2 55 52 510 352.122135535       0.29      1.49     -0.36  0.        1640.911       3876.573       7403.752    0.000  -0.138   0.379   0.
  2017 352  2 55 53 510 352.122147109       0.51      1.69     -0.31  0.        1639.621       3877.878       7404.156    0.000  -0.138   0.379   0.
  2017 352  2 55 54 509 352.122158681       0.54      1.54     -0.13  0.        1638.331       3879.183       7404.560    0.000  -0.138   0.379   0.
  2017 352  2 55 55 509 352.122170255       0.58      1.59     -0.09  0.        1637.040       3880.488       7404.964    0.000  -0.138   0.379   0.
  2017 352  2 55 56 510 352.122181829       0.65      1.51     -0.10  0.        1635.750       3881.792       7405.367    0.000  -0.138   0.380   0.
  2017 352  2 55 57 510 352.122193403       0.67      1.63     -0.05  0.        1634.459       3883.096       7405.769    0.000  -0.138   0.380   0.
  2017 352  2 55 58 510 352.122204977       0.60      1.60     -0.24  0.        1633.168       3884.400       7406.171    0.000  -0.138   0.379   0.
  2017 352  2 55 59 510 352.122216551       0.49      1.62     -0.24  0.        1631.877       3885.704       7406.572    0.000  -0.138   0.379   0.
  2017 352  2 56  0 509 352.122228125       0.63      1.45     -0.09  0.        1630.586       3887.007       7406.973    0.000  -0.138   0.379   0.
  2017 352  2 56  1 509 352.122239699       0.52      1.52     -0.70  0.        1629.295       3888.310       7407.373    0.000  -0.138   0.379   0.
  2017 352  2 56  2 509 352.122251273       0.33      1.42     -0.44  0.        1628.004       3889.613       7407.773    0.000  -0.138   0.380   0.
  2017 352  2 56  3 509 352.122262847       0.46      1.55     -0.44  0.        1626.712       3890.916       7408.173    0.000  -0.138   0.380   0.
  2017 352  2 56  4 509 352.122274421       0.98      1.37     -0.24  0.        1625.421       3892.218       7408.572    0.000  -0.138   0.380   0.
  2017 352  2 56  5 510 352.122285995       0.76      1.59     -0.78  0.        1624.129       3893.520       7408.970    0.000  -0.138   0.380   0.
  2017 352  2 56  6 510 352.122297569       0.49      1.61     -0.63  0.        1622.837       3894.822       7409.368    0.000  -0.138   0.379   0.
  2017 352  2 56  7 509 352.122309143       0.45      1.50     -0.38  0.        1621.545       3896.123       7409.765    0.000  -0.138   0.379   0.
  2017 352  2 56  8 509 352.122320718       0.35      1.53     -0.48  0.        1620.253       3897.424       7410.162    0.000  -0.138   0.380   0.
  2017 352  2 56  9 510 352.122332292       0.43      1.48     -0.31  0.        1618.961       3898.725       7410.558    0.000  -0.138   0.380   0.
  2017 352  2 56 10 510 352.122343866       0.45      1.51     -0.18  0.        1617.669       3900.026       7410.954    0.000  -0.138   0.380   0.
  2017 352  2 56 11 510 352.122355440       0.46      1.49     -0.11  0.        1616.377       3901.326       7411.349    0.000  -0.138   0.380   0.
  2017 352  2 56 12 510 352.122367014       0.51      1.47     -0.23  0.        1615.084       3902.626       7411.744    0.000  -0.138   0.379   0.
  2017 352  2 56 13 510 352.122378588       0.78      1.34     -0.13  0.        1613.792       3903.926       7412.138    0.000  -0.138   0.379   0.
  2017 352  2 56 14 509 352.122390162       0.57      1.49     -0.40  0.        1612.499       3905.226       7412.532    0.000  -0.138   0.379   0.
  2017 352  2 56 15 509 352.122401736       0.71      1.43     -0.25  0.        1611.206       3906.525       7412.925    0.000  -0.138   0.379   0.
  2017 352  2 56 16 509 352.122413310       0.79      1.30     -0.31  0.        1609.913       3907.824       7413.318    0.000  -0.138   0.380   0.
  2017 352  2 56 17 509 352.122424884       0.71      1.42     -0.44  0.        1608.620       3909.123       7413.710    0.000  -0.138   0.380   0.
  2017 352  2 56 18 509 352.122436458       0.57      1.46     -0.08  0.        1607.327       3910.422       7414.102    0.000  -0.138   0.379   0.
  2017 352  2 56 19 510 352.122448032       0.88      1.34     -0.08  0.        1606.034       3911.720       7414.493    0.000  -0.138   0.379   0.
  2017 352  2 56 20 510 352.122459606       0.54      1.60     -0.50  0.        1604.741       3913.018       7414.883    0.000  -0.138   0.379   0.
  2017 352  2 56 21 509 352.122471181       0.57      1.50     -0.20  0.        1603.447       3914.315       7415.274    0.000  -0.138   0.379   0.
  2017 352  2 56 22 509 352.122482755       0.75      1.38     -0.17  0.        1602.154       3915.613       7415.663    0.000  -0.138   0.380   0.
  2017 352  2 56 23 510 352.122494329       0.60      1.39      0.05  0.        1600.860       3916.910       7416.052    0.000  -0.138   0.380   0.
  2017 352  2 56 24 510 352.122505901       0.86      1.39     -0.28  0.        1599.566       3918.207       7416.441    0.000  -0.138   0.379   0.
  2017 352  2 56 25 509 352.122517474       0.58      1.56     -0.29  0.        1598.273       3919.504       7416.829    0.000  -0.138   0.379   0.
  2017 352  2 56 26 509 352.122529048       0.51      1.61     -0.50  0.        1596.979       3920.800       7417.217    0.000  -0.138   0.379   0.
  2017 352  2 56 27 509 352.122540622       0.53      1.54     -0.61  0.        1595.685       3922.096       7417.604    0.000  -0.138   0.379   0.
  2017 352  2 56 28 509 352.122552196       0.28      1.58     -0.21  0.        1594.390       3923.392       7417.990    0.000  -0.138   0.380   0.
  2017 352  2 56 29 509 352.122563770       0.45      1.46     -0.42  0.        1593.096       3924.687       7418.376    0.000  -0.138   0.380   0.
  2017 352  2 56 30 509 352.122575344       0.56      1.56     -0.40  0.        1591.802       3925.983       7418.762    0.000  -0.138   0.379   0.
  2017 352  2 56 31 509 352.122586918       0.36      1.64     -0.41  0.        1590.507       3927.278       7419.147    0.000  -0.138   0.379   0.
  2017 352  2 56 32 509 352.122598492       0.41      1.56     -0.29  0.        1589.213       3928.573       7419.532    0.000  -0.138   0.379   0.
  2017 352  2 56 33 509 352.122610067       0.24      1.54     -0.61  0.        1587.918       3929.867       7419.916    0.000  -0.138   0.379   0.
  2017 352  2 56 34 509 352.122621641       0.14      1.54     -0.20  0.        1586.623       3931.161       7420.299    0.000  -0.138   0.380   0.
  2017 352  2 56 35 509 352.122633215       0.39      1.56     -0.27  0.        1585.328       3932.455       7420.682    0.000  -0.138   0.380   0.
  2017 352  2 56 36 509 352.122644789       0.32      1.47     -0.18  0.        1584.033       3933.749       7421.065    0.000  -0.138   0.380   0.
  2017 352  2 56 37 509 352.122656363       0.18      1.44     -0.26  0.        1582.738       3935.042       7421.447    0.000  -0.138   0.380   0.
  2017 352  2 56 38 509 352.122667937       0.14      1.42     -0.43  0.        1581.442       3936.335       7421.828    0.000  -0.138   0.380   0.
  2017 352  2 56 39 509 352.122679511       0.21      1.50     -0.45  0.        1580.147       3937.628       7422.209    0.000  -0.138   0.380   0.
  2017 352  2 56 40 509 352.122691085      -0.02      1.52     -0.48  0.        1578.852       3938.921       7422.590    0.000  -0.138   0.380   0.
  2017 352  2 56 41 509 352.122702659       0.06      1.50     -0.24  0.        1577.556       3940.213       7422.969    0.000  -0.138   0.380   0.
  2017 352  2 56 42 509 352.122714233       0.13      1.55     -0.13  0.        1576.260       3941.505       7423.349    0.000  -0.138   0.380   0.
  2017 352  2 56 43 509 352.122725807       0.27      1.51     -0.23  0.        1574.965       3942.797       7423.728    0.000  -0.138   0.380   0.
  2017 352  2 56 44 509 352.122737381       0.22      1.65     -0.41  0.        1573.668       3944.088       7424.106    0.000  -0.138   0.379   0.
  2017 352  2 56 45 509 352.122748955      -0.17      1.74     -0.37  0.        1572.373       3945.380       7424.484    0.000  -0.138   0.379   0.
  2017 352  2 56 46 509 352.122760529      -0.30      1.76      0.07  0.        1571.076       3946.671       7424.862    0.000  -0.138   0.379   0.
  2017 352  2 56 47 509 352.122772104      -0.01      1.82     -0.20  0.        1569.780       3947.961       7425.239    0.000  -0.138   0.379   0.
  2017 352  2 56 48 509 352.122783678       0.06      1.87     -0.54  0.        1568.484       3949.252       7425.615    0.000  -0.138   0.379   0.
  2017 352  2 56 49 509 352.122795252      -0.16      1.73     -0.60  0.        1567.187       3950.542       7425.991    0.000  -0.138   0.379   0.
  2017 352  2 56 50 509 352.122806826      -0.28      1.71     -0.60  0.        1565.891       3951.832       7426.366    0.000  -0.138   0.379   0.
  2017 352  2 56 51 509 352.122818400      -0.03      1.84     -0.34  0.        1564.594       3953.122       7426.741    0.000  -0.138   0.379   0.
  2017 352  2 56 52 509 352.122829974       0.13      1.57     -0.24  0.        1563.297       3954.411       7427.115    0.000  -0.138   0.380   0.
  2017 352  2 56 53 509 352.122841548       0.11      1.51     -0.13  0.        1562.000       3955.700       7427.489    0.000  -0.138   0.380   0.
  2017 352  2 56 54 509 352.122853120       0.18      1.53     -0.09  0.        1560.703       3956.989       7427.863    0.000  -0.138   0.379   0.
  2017 352  2 56 55 509 352.122864693      -0.04      1.49     -0.33  0.        1559.406       3958.277       7428.236    0.000  -0.138   0.379   0.
  2017 352  2 56 56 509 352.122876267       0.01      1.44     -0.39  0.        1558.109       3959.566       7428.608    0.000  -0.138   0.380   0.
  2017 352  2 56 57 509 352.122887841      -0.08      1.53     -0.11  0.        1556.812       3960.854       7428.980    0.000  -0.138   0.380   0.
  2017 352  2 56 58 509 352.122899416       0.05      1.56      0.03  0.        1555.514       3962.141       7429.351    0.000  -0.138   0.379   0.
  2017 352  2 56 59 509 352.122910990       0.38      1.46     -0.04  0.        1554.217       3963.429       7429.722    0.000  -0.138   0.379   0.
  2017 352  2 57  0 509 352.122922564       0.34      1.51     -0.14  0.        1552.919       3964.716       7430.092    0.000  -0.138   0.380   0.
  2017 352  2 57  1 509 352.122934138       0.22      1.47     -0.31  0.        1551.621       3966.003       7430.462    0.000  -0.138   0.380   0.
  2017 352  2 57  2 509 352.122945712       0.14      1.44     -0.43  0.        1550.323       3967.290       7430.831    0.000  -0.138   0.380   0.
  2017 352  2 57  3 509 352.122957286       0.15      1.50     -0.40  0.        1549.025       3968.576       7431.200    0.000  -0.138   0.380   0.
  2017 352  2 57  4 509 352.122968860       0.28      1.56     -0.24  0.        1547.727       3969.862       7431.569    0.000  -0.138   0.380   0.
  2017 352  2 57  5 509 352.122980434       0.50      1.54     -0.34  0.        1546.429       3971.148       7431.936    0.000  -0.138   0.380   0.
  2017 352  2 57  6 509 352.122992008       0.30      1.47     -0.60  0.        1545.131       3972.434       7432.304    0.000  -0.138   0.380   0.
  2017 352  2 57  7 509 352.123003582       0.02      1.52     -0.60  0.        1543.833       3973.719       7432.670    0.000  -0.138   0.380   0.
  2017 352  2 57  8 509 352.123015156       0.17      1.54     -0.36  0.        1542.534       3975.004       7433.037    0.000  -0.138   0.380   0.
  2017 352  2 57  9 509 352.123026730       0.33      1.53     -0.28  0.        1541.236       3976.289       7433.402    0.000  -0.138   0.380   0.
  2017 352  2 57 10 509 352.123038304       0.33      1.56     -0.36  0.        1539.937       3977.573       7433.768    0.000  -0.138   0.380   0.
  2017 352  2 57 11 509 352.123049879       0.22      1.56     -0.39  0.        1538.638       3978.858       7434.132    0.000  -0.138   0.380   0.
  2017 352  2 57 12 509 352.123061452       0.16      1.61     -0.39  0.        1537.339       3980.141       7434.497    0.000  -0.138   0.380   0.
  2017 352  2 57 13 509 352.123073027       0.15      1.59     -0.40  0.        1536.040       3981.425       7434.860    0.000  -0.138   0.380   0.
  2017 352  2 57 14 509 352.123084601       0.29      1.64     -0.42  0.        1534.741       3982.709       7435.224    0.000  -0.138   0.380   0.
  2017 352  2 57 15 509 352.123096175       0.46      1.70     -0.60  0.        1533.442       3983.992       7435.586    0.000  -0.138   0.380   0.
  2017 352  2 57 16 509 352.123107749       0.37      1.68     -0.65  0.        1532.143       3985.275       7435.948    0.000  -0.138   0.379   0.
  2017 352  2 57 17 509 352.123119323       0.80      1.67     -0.62  0.        1530.843       3986.557       7436.310    0.000  -0.138   0.379   0.
  2017 352  2 57 18 509 352.123130897       0.75      1.57     -0.60  0.        1529.544       3987.840       7436.671    0.000  -0.138   0.380   0.
  2017 352  2 57 19 509 352.123142471       0.84      1.48     -0.56  0.        1528.244       3989.122       7437.032    0.000  -0.138   0.380   0.
  2017 352  2 57 20 509 352.123154045       0.75      1.44     -0.48  0.        1526.944       3990.403       7437.392    0.000  -0.138   0.380   0.
  2017 352  2 57 21 509 352.123165619       0.71      1.38     -0.37  0.        1525.644       3991.685       7437.752    0.000  -0.138   0.380   0.
  2017 352  2 57 22 509 352.123177193       0.74      1.35     -0.27  0.        1524.345       3992.966       7438.111    0.000  -0.138   0.380   0.
  2017 352  2 57 23 509 352.123188767       0.65      1.36     -0.35  0.        1523.044       3994.247       7438.470    0.000  -0.138   0.380   0.
  2017 352  2 57 24 509 352.123200339       0.66      1.34     -0.22  0.        1521.744       3995.528       7438.828    0.000  -0.138   0.379   0.
  2017 352  2 57 25 509 352.123211913       0.84      1.42     -0.16  0.        1520.444       3996.808       7439.186    0.000  -0.138   0.379   0.
  2017 352  2 57 26 509 352.123223487       0.80      1.46     -0.30  0.        1519.144       3998.089       7439.543    0.000  -0.138   0.380   0.
  2017 352  2 57 27 509 352.123235061       0.84      1.40     -0.44  0.        1517.843       3999.369       7439.900    0.000  -0.138   0.380   0.
  2017 352  2 57 28 509 352.123246635       0.65      1.40     -0.57  0.        1516.543       4000.648       7440.256    0.000  -0.138   0.380   0.
  2017 352  2 57 29 509 352.123258209       0.45      1.45     -0.54  0.        1515.242       4001.928       7440.612    0.000  -0.138   0.380   0.
  2017 352  2 57 30 509 352.123269783       0.51      1.40     -0.36  0.        1513.941       4003.207       7440.967    0.000  -0.138   0.379   0.
  2017 352  2 57 31 509 352.123281357       0.56      1.29     -0.60  0.        1512.640       4004.485       7441.321    0.000  -0.138   0.379   0.
  2017 352  2 57 32 509 352.123292931       0.43      1.43     -0.39  0.        1511.340       4005.764       7441.676    0.000  -0.138   0.380   0.
  2017 352  2 57 33 509 352.123304505       0.73      1.34     -0.47  0.        1510.038       4007.042       7442.029    0.000  -0.138   0.380   0.
  2017 352  2 57 34 509 352.123316079       0.43      1.53     -0.53  0.        1508.737       4008.320       7442.382    0.000  -0.138   0.380   0.
  2017 352  2 57 35 509 352.123327653       0.18      1.54     -0.36  0.        1507.436       4009.598       7442.735    0.000  -0.138   0.380   0.
  2017 352  2 57 36 509 352.123339227       0.47      1.40     -0.19  0.        1506.135       4010.876       7443.088    0.000  -0.138   0.379   0.
  2017 352  2 57 37 509 352.123350802       0.33      1.46     -0.27  0.        1504.833       4012.153       7443.439    0.000  -0.138   0.379   0.
  2017 352  2 57 38 509 352.123362376       0.31      1.72     -0.21  0.        1503.532       4013.430       7443.790    0.000  -0.138   0.380   0.
  2017 352  2 57 39 509 352.123373950       0.21      1.51     -0.16  0.        1502.230       4014.706       7444.140    0.000  -0.138   0.380   0.
  2017 352  2 57 40 509 352.123385524       0.38      1.44     -0.15  0.        1500.928       4015.983       7444.491    0.000  -0.138   0.380   0.
  2017 352  2 57 41 509 352.123397098       0.57      1.51     -0.14  0.        1499.626       4017.259       7444.840    0.000  -0.138   0.380   0.
  2017 352  2 57 42 509 352.123408672       0.56      1.43     -0.20  0.        1498.324       4018.535       7445.189    0.000  -0.138   0.379   0.
  2017 352  2 57 43 509 352.123420246       0.55      1.53     -0.37  0.        1497.022       4019.810       7445.538    0.000  -0.138   0.379   0.
  2017 352  2 57 44 509 352.123431820       0.66      1.59     -0.44  0.        1495.720       4021.086       7445.886    0.000  -0.138   0.379   0.
  2017 352  2 57 45 509 352.123443394       0.58      1.54     -0.48  0.        1494.418       4022.361       7446.234    0.000  -0.138   0.379   0.
  2017 352  2 57 46 509 352.123454968       0.54      1.53     -0.38  0.        1493.115       4023.635       7446.581    0.000  -0.138   0.380   0.
  2017 352  2 57 47 509 352.123466542       0.68      1.44     -0.32  0.        1491.813       4024.910       7446.928    0.000  -0.138   0.380   0.
  2017 352  2 57 48 509 352.123478116       0.52      1.41     -0.39  0.        1490.510       4026.184       7447.274    0.000  -0.138   0.379   0.
  2017 352  2 57 49 509 352.123489690       0.50      1.44     -0.29  0.        1489.208       4027.458       7447.619    0.000  -0.138   0.379   0.
  2017 352  2 57 50 509 352.123501264       0.60      1.51     -0.18  0.        1487.905       4028.732       7447.964    0.000  -0.138   0.379   0.
  2017 352  2 57 51 509 352.123512839       0.51      1.53     -0.29  0.        1486.602       4030.005       7448.309    0.000  -0.138   0.379   0.
  2017 352  2 57 52 509 352.123524413       0.39      1.63     -0.21  0.        1485.299       4031.278       7448.653    0.000  -0.138   0.380   0.
  2017 352  2 57 53 509 352.123535987       0.39      1.60     -0.31  0.        1483.996       4032.551       7448.997    0.000  -0.138   0.380   0.
  2017 352  2 57 54 509 352.123547558       0.46      1.55     -0.37  0.        1482.693       4033.824       7449.340    0.000  -0.138   0.379   0.
  2017 352  2 57 55 509 352.123559132       0.51      1.51     -0.39  0.        1481.389       4035.096       7449.682    0.000  -0.138   0.379   0.
  2017 352  2 57 56 508 352.123570706       0.66      1.41     -0.53  0.        1480.086       4036.368       7450.025    0.000  -0.138   0.379   0.
  2017 352  2 57 57 508 352.123582280       0.61      1.41     -0.57  0.        1478.782       4037.640       7450.366    0.000  -0.138   0.379   0.
  2017 352  2 57 58 508 352.123593854       0.65      1.38     -0.58  0.        1477.479       4038.911       7450.707    0.000  -0.138   0.379   0.
  2017 352  2 57 59 508 352.123605428       0.67      1.34     -0.40  0.        1476.175       4040.183       7451.048    0.000  -0.138   0.379   0.
  2017 352  2 58  0 508 352.123617002       0.63      1.33     -0.43  0.        1474.871       4041.454       7451.388    0.000  -0.138   0.380   0.
  2017 352  2 58  1 509 352.123628576       0.59      1.32     -0.37  0.        1473.568       4042.724       7451.727    0.000  -0.138   0.380   0.
  2017 352  2 58  2 509 352.123640150       0.59      1.40     -0.45  0.        1472.264       4043.995       7452.067    0.000  -0.138   0.379   0.
  2017 352  2 58  3 508 352.123651725       0.62      1.45     -0.24  0.        1470.959       4045.265       7452.405    0.000  -0.138   0.379   0.
  2017 352  2 58  4 508 352.123663299       0.87      1.48     -0.24  0.        1469.655       4046.535       7452.743    0.000  -0.138   0.379   0.
  2017 352  2 58  5 509 352.123674873       0.76      1.41     -0.38  0.        1468.351       4047.804       7453.081    0.000  -0.138   0.379   0.
  2017 352  2 58  6 509 352.123686447       0.73      1.45     -0.42  0.        1467.047       4049.074       7453.418    0.000  -0.138   0.380   0.
  2017 352  2 58  7 509 352.123698021       0.69      1.41     -0.41  0.        1465.742       4050.343       7453.754    0.000  -0.138   0.380   0.
  2017 352  2 58  8 509 352.123709595       0.60      1.36     -0.37  0.        1464.438       4051.612       7454.090    0.000  -0.138   0.380   0.
  2017 352  2 58  9 509 352.123721169       0.66      1.33     -0.34  0.        1463.133       4052.880       7454.426    0.000  -0.138   0.380   0.
  2017 352  2 58 10 508 352.123732743       0.83      1.29     -0.38  0.        1461.828       4054.149       7454.761    0.000  -0.138   0.380   0.
  2017 352  2 58 11 508 352.123744317       0.78      1.31     -0.51  0.        1460.523       4055.416       7455.096    0.000  -0.138   0.380   0.
  2017 352  2 58 12 508 352.123755891       0.81      1.36     -0.50  0.        1459.218       4056.684       7455.430    0.000  -0.138   0.380   0.
  2017 352  2 58 13 508 352.123767465       0.66      1.38     -0.51  0.        1457.913       4057.952       7455.764    0.000  -0.138   0.380   0.
  2017 352  2 58 14 508 352.123779039       0.67      1.34     -0.50  0.        1456.608       4059.219       7456.097    0.000  -0.138   0.380   0.
  2017 352  2 58 15 509 352.123790613       0.67      1.28     -0.44  0.        1455.303       4060.486       7456.429    0.000  -0.138   0.380   0.
  2017 352  2 58 16 509 352.123802187       0.84      1.30     -0.45  0.        1453.998       4061.752       7456.761    0.000  -0.138   0.380   0.
  2017 352  2 58 17 508 352.123813762       0.85      1.34     -0.57  0.        1452.692       4063.019       7457.093    0.000  -0.138   0.380   0.
  2017 352  2 58 18 508 352.123825336       0.86      1.37     -0.45  0.        1451.387       4064.285       7457.424    0.000  -0.138   0.380   0.
  2017 352  2 58 19 509 352.123836910       0.93      1.33     -0.45  0.        1450.081       4065.551       7457.755    0.000  -0.138   0.380   0.
  2017 352  2 58 20 509 352.123848484       0.90      1.26     -0.37  0.        1448.775       4066.816       7458.085    0.000  -0.138   0.380   0.
  2017 352  2 58 21 509 352.123860058       1.12      1.28     -0.36  0.        1447.469       4068.081       7458.414    0.000  -0.138   0.380   0.
  2017 352  2 58 22 509 352.123871632       0.84      1.35     -0.56  0.        1446.163       4069.346       7458.743    0.000  -0.138   0.380   0.
  2017 352  2 58 23 508 352.123883206       0.55      1.26     -0.57  0.        1444.857       4070.611       7459.072    0.000  -0.138   0.380   0.
  2017 352  2 58 24 508 352.123894778       0.46      1.32     -0.55  0.        1443.551       4071.876       7459.400    0.000  -0.138   0.379   0.
  2017 352  2 58 25 508 352.123906351       0.51      1.38     -0.22  0.        1442.245       4073.140       7459.728    0.000  -0.138   0.379   0.
  2017 352  2 58 26 508 352.123917925       0.54      1.56     -0.61  0.        1440.939       4074.404       7460.055    0.000  -0.138   0.379   0.
  2017 352  2 58 27 508 352.123929499       0.65      1.35     -0.62  0.        1439.632       4075.667       7460.382    0.000  -0.138   0.379   0.
  2017 352  2 58 28 508 352.123941073       0.51      1.35     -0.45  0.        1438.326       4076.931       7460.708    0.000  -0.138   0.380   0.
  2017 352  2 58 29 508 352.123952648       0.72      1.35     -0.33  0.        1437.019       4078.194       7461.033    0.000  -0.138   0.380   0.
  2017 352  2 58 30 508 352.123964222       0.72      1.31     -0.20  0.        1435.712       4079.457       7461.358    0.000  -0.138   0.379   0.
  2017 352  2 58 31 508 352.123975796       0.70      1.28     -0.22  0.        1434.406       4080.719       7461.683    0.000  -0.138   0.379   0.
  2017 352  2 58 32 508 352.123987370       0.75      1.26     -0.32  0.        1433.099       4081.982       7462.007    0.000  -0.138   0.379   0.
  2017 352  2 58 33 508 352.123998944       0.93      1.32     -0.33  0.        1431.792       4083.244       7462.331    0.000  -0.138   0.379   0.
  2017 352  2 58 34 508 352.124010518       0.92      1.39     -0.42  0.        1430.485       4084.505       7462.654    0.000  -0.138   0.380   0.
  2017 352  2 58 35 508 352.124022092       1.13      1.57     -0.47  0.        1429.177       4085.767       7462.976    0.000  -0.138   0.380   0.
  2017 352  2 58 36 508 352.124033666       0.73      1.51     -0.52  0.        1427.870       4087.028       7463.299    0.000  -0.138   0.379   0.
  2017 352  2 58 37 508 352.124045240       0.97      1.42     -0.38  0.        1426.563       4088.289       7463.620    0.000  -0.138   0.379   0.
  2017 352  2 58 38 508 352.124056814       0.77      1.25     -0.55  0.        1425.255       4089.550       7463.941    0.000  -0.138   0.379   0.
  2017 352  2 58 39 508 352.124068388       0.83      1.24     -0.68  0.        1423.948       4090.810       7464.262    0.000  -0.138   0.379   0.
  2017 352  2 58 40 508 352.124079962       0.79      1.38     -0.59  0.        1422.640       4092.070       7464.582    0.000  -0.138   0.380   0.
  2017 352  2 58 41 508 352.124091536       0.88      1.37     -0.61  0.        1421.332       4093.330       7464.902    0.000  -0.138   0.380   0.
  2017 352  2 58 42 508 352.124103111       0.54      1.33     -0.57  0.        1420.025       4094.589       7465.221    0.000  -0.138   0.379   0.
  2017 352  2 58 43 508 352.124114685       0.66      1.40     -0.35  0.        1418.717       4095.849       7465.540    0.000  -0.138   0.379   0.
  2017 352  2 58 44 508 352.124126259       0.85      1.38     -0.20  0.        1417.409       4097.108       7465.858    0.000  -0.138   0.379   0.
  2017 352  2 58 45 508 352.124137833       0.88      1.24     -0.35  0.        1416.100       4098.367       7466.175    0.000  -0.138   0.379   0.
  2017 352  2 58 46 508 352.124149407       0.85      1.22     -0.36  0.        1414.792       4099.625       7466.493    0.000  -0.138   0.380   0.
  2017 352  2 58 47 508 352.124160981       0.64      1.22     -0.43  0.        1413.484       4100.883       7466.809    0.000  -0.138   0.380   0.
  2017 352  2 58 48 508 352.124172555       0.59      1.43     -0.29  0.        1412.175       4102.141       7467.125    0.000  -0.138   0.379   0.
  2017 352  2 58 49 508 352.124184129       0.70      1.32      0.20  0.        1410.867       4103.399       7467.441    0.000  -0.138   0.379   0.
  2017 352  2 58 50 508 352.124195703       1.08      1.31     -0.30  0.        1409.558       4104.656       7467.756    0.000  -0.138   0.380   0.
  2017 352  2 58 51 508 352.124207277       0.93      0.89      0.20  0.        1408.250       4105.913       7468.071    0.000  -0.138   0.380   0.
  2017 352  2 58 52 508 352.124218851       1.47      0.82     -0.22  0.        1406.941       4107.170       7468.385    0.000  -0.138   0.380   0.
  2017 352  2 58 53 508 352.124230425       0.91      1.39     -0.79  0.        1405.632       4108.427       7468.699    0.000  -0.138   0.380   0.
  2017 352  2 58 54 508 352.124241997       0.70      1.20     -0.16  0.        1404.323       4109.683       7469.012    0.000  -0.138   0.380   0.
  2017 352  2 58 55 508 352.124253571       1.15      1.27     -0.44  0.        1403.014       4110.939       7469.325    0.000  -0.138   0.380   0.
  2017 352  2 58 56 508 352.124265145       0.57      1.67     -0.45  0.        1401.705       4112.195       7469.637    0.000  -0.138   0.380   0.
  2017 352  2 58 57 508 352.124276719       0.69      1.35     -0.21  0.        1400.396       4113.450       7469.948    0.000  -0.138   0.380   0.
  2017 352  2 58 58 508 352.124288293       0.90      1.18     -0.16  0.        1399.086       4114.706       7470.260    0.000  -0.138   0.379   0.
  2017 352  2 58 59 508 352.124299867       0.88      1.27     -0.30  0.        1397.777       4115.960       7470.570    0.000  -0.138   0.379   0.
  2017 352  2 59  0 508 352.124311441       1.01      1.20     -0.41  0.        1396.467       4117.215       7470.881    0.000  -0.138   0.380   0.
  2017 352  2 59  1 508 352.124323015       0.96      1.30     -0.70  0.        1395.158       4118.469       7471.190    0.000  -0.138   0.380   0.
  2017 352  2 59  2 508 352.124334589       0.84      1.34     -0.48  0.        1393.848       4119.724       7471.500    0.000  -0.138   0.379   0.
  2017 352  2 59  3 508 352.124346163       1.22      1.20     -0.33  0.        1392.538       4120.977       7471.808    0.000  -0.138   0.379   0.
  2017 352  2 59  4 508 352.124357737       1.07      1.26     -0.61  0.        1391.228       4122.231       7472.117    0.000  -0.138   0.380   0.
  2017 352  2 59  5 508 352.124369311       0.92      1.50     -0.37  0.        1389.918       4123.484       7472.424    0.000  -0.138   0.380   0.
  2017 352  2 59  6 508 352.124380885       1.09      1.58     -0.34  0.        1388.608       4124.737       7472.732    0.000  -0.138   0.380   0.
  2017 352  2 59  7 508 352.124392460       1.21      1.29     -0.46  0.        1387.298       4125.990       7473.038    0.000  -0.138   0.380   0.
  2017 352  2 59  8 508 352.124404034       0.94      1.17     -0.73  0.        1385.988       4127.243       7473.344    0.000  -0.138   0.379   0.
  2017 352  2 59  9 508 352.124415608       0.42      1.32     -0.65  0.        1384.677       4128.495       7473.650    0.000  -0.138   0.379   0.
  2017 352  2 59 10 508 352.124427182       0.59      1.34     -0.93  0.        1383.367       4129.747       7473.956    0.000  -0.138   0.379   0.
  2017 352  2 59 11 508 352.124438756       0.56      1.37     -0.62  0.        1382.056       4130.998       7474.260    0.000  -0.138   0.379   0.
  2017 352  2 59 12 508 352.124450330       0.38      1.44     -0.35  0.        1380.746       4132.250       7474.564    0.000  -0.138   0.380   0.
  2017 352  2 59 13 508 352.124461904       0.58      1.32     -0.34  0.        1379.435       4133.501       7474.868    0.000  -0.138   0.380   0.
  2017 352  2 59 14 508 352.124473478       0.48      1.33     -0.26  0.        1378.124       4134.752       7475.172    0.000  -0.138   0.380   0.
  2017 352  2 59 15 508 352.124485052       0.88      1.31     -0.22  0.        1376.813       4136.002       7475.474    0.000  -0.138   0.380   0.
  2017 352  2 59 16 508 352.124496626       0.68      1.45     -0.36  0.        1375.502       4137.253       7475.777    0.000  -0.138   0.379   0.
  2017 352  2 59 17 508 352.124508200       0.73      1.49     -0.22  0.        1374.191       4138.503       7476.079    0.000  -0.138   0.379   0.
  2017 352  2 59 18 508 352.124519774       0.60      1.37     -0.51  0.        1372.880       4139.752       7476.380    0.000  -0.138   0.380   0.
  2017 352  2 59 19 508 352.124531348       0.78      1.41     -0.36  0.        1371.569       4141.002       7476.681    0.000  -0.138   0.380   0.
  2017 352  2 59 20 508 352.124542922       0.74      1.37     -0.39  0.        1370.257       4142.251       7476.981    0.000  -0.138   0.380   0.
  2017 352  2 59 21 508 352.124554496       0.67      1.46     -0.46  0.        1368.946       4143.500       7477.281    0.000  -0.138   0.380   0.
  2017 352  2 59 22 508 352.124566068       0.45      1.55     -0.56  0.        1367.635       4144.748       7477.580    0.000  -0.138   0.379   0.
  2017 352  2 59 23 508 352.124577642       0.60      1.43     -0.43  0.        1366.323       4145.997       7477.879    0.000  -0.138   0.379   0.
  2017 352  2 59 24 508 352.124589216       0.54      1.52     -0.60  0.        1365.011       4147.245       7478.177    0.000  -0.138   0.380   0.
  2017 352  2 59 25 508 352.124600790       0.48      1.50     -0.40  0.        1363.699       4148.493       7478.475    0.000  -0.138   0.380   0.
  2017 352  2 59 26 508 352.124612364       0.66      1.54     -0.55  0.        1362.387       4149.740       7478.773    0.000  -0.138   0.380   0.
  2017 352  2 59 27 508 352.124623938       0.67      1.50     -0.62  0.        1361.075       4150.988       7479.069    0.000  -0.138   0.380   0.
  2017 352  2 59 28 508 352.124635512       0.60      1.49     -0.81  0.        1359.763       4152.235       7479.366    0.000  -0.138   0.379   0.
  2017 352  2 59 29 508 352.124647086       0.56      1.52     -1.10  0.        1358.451       4153.482       7479.662    0.000  -0.138   0.379   0.
  2017 352  2 59 30 508 352.124658660      -0.08      1.51     -1.04  0.        1357.139       4154.728       7479.957    0.000  -0.138   0.380   0.
  2017 352  2 59 31 508 352.124670234       0.20      1.41     -0.79  0.        1355.826       4155.974       7480.252    0.000  -0.138   0.380   0.
  2017 352  2 59 32 508 352.124681808       0.07      1.39     -0.71  0.        1354.514       4157.220       7480.546    0.000  -0.138   0.379   0.
  2017 352  2 59 33 508 352.124693383       0.20      1.45     -0.79  0.        1353.201       4158.466       7480.840    0.000  -0.138   0.379   0.
  2017 352  2 59 34 508 352.124704957       0.06      1.55     -0.87  0.        1351.889       4159.711       7481.134    0.000  -0.138   0.380   0.
  2017 352  2 59 35 508 352.124716531      -0.01      1.60     -0.44  0.        1350.576       4160.957       7481.427    0.000  -0.138   0.380   0.
  2017 352  2 59 36 508 352.124728105       0.05      1.56     -0.10  0.        1349.263       4162.201       7481.719    0.000  -0.138   0.379   0.
  2017 352  2 59 37 508 352.124739679       0.40      1.51     -0.18  0.        1347.951       4163.446       7482.011    0.000  -0.138   0.379   0.
  2017 352  2 59 38 508 352.124751253       0.30      1.64     -0.26  0.        1346.638       4164.690       7482.303    0.000  -0.138   0.379   0.
  2017 352  2 59 39 508 352.124762827       0.33      1.58     -0.20  0.        1345.325       4165.934       7482.594    0.000  -0.138   0.379   0.
  2017 352  2 59 40 508 352.124774401       0.42      1.46     -0.22  0.        1344.011       4167.178       7482.884    0.000  -0.138   0.380   0.
  2017 352  2 59 41 508 352.124785975       0.31      1.62     -0.33  0.        1342.698       4168.421       7483.174    0.000  -0.138   0.380   0.
  2017 352  2 59 42 508 352.124797549       0.27      1.59     -0.13  0.        1341.385       4169.665       7483.463    0.000  -0.138   0.379   0.
  2017 352  2 59 43 508 352.124809123       0.82      1.38     -0.21  0.        1340.071       4170.908       7483.752    0.000  -0.138   0.379   0.
  2017 352  2 59 44 508 352.124820697       0.50      1.56     -0.88  0.        1338.758       4172.150       7484.041    0.000  -0.138   0.379   0.
  2017 352  2 59 45 508 352.124832271      -0.02      1.77     -0.45  0.        1337.444       4173.393       7484.329    0.000  -0.138   0.379   0.
  2017 352  2 59 46 508 352.124843845       0.49      1.56     -0.08  0.        1336.131       4174.635       7484.616    0.000  -0.138   0.380   0.
  2017 352  2 59 47 508 352.124855420       0.80      1.37     -0.38  0.        1334.817       4175.877       7484.904    0.000  -0.138   0.380   0.
  2017 352  2 59 48 508 352.124866994       0.76      1.32     -0.62  0.        1333.503       4177.118       7485.190    0.000  -0.138   0.379   0.
  2017 352  2 59 49 508 352.124878568       0.68      1.55     -0.94  0.        1332.189       4178.359       7485.476    0.000  -0.138   0.379   0.
  2017 352  2 59 50 508 352.124890142       0.49      1.71     -0.84  0.        1330.875       4179.600       7485.762    0.000  -0.138   0.379   0.
  2017 352  2 59 51 508 352.124901716       0.31      1.88     -0.96  0.        1329.561       4180.841       7486.047    0.000  -0.138   0.379   0.
  2017 352  2 59 52 507 352.124913287       0.20      1.92     -0.95  0.        1328.247       4182.082       7486.331    0.000  -0.138   0.380   0.
  2017 352  2 59 53 507 352.124924861      -0.18      1.84     -0.72  0.        1326.933       4183.322       7486.615    0.000  -0.138   0.380   0.
  2017 352  2 59 54 507 352.124936435       0.19      1.73     -0.48  0.        1325.618       4184.562       7486.899    0.000  -0.138   0.379   0.
  2017 352  2 59 55 507 352.124948009       0.45      1.76     -0.84  0.        1324.304       4185.801       7487.182    0.000  -0.138   0.379   0.
  2017 352  2 59 56 507 352.124959583       0.34      1.47     -0.93  0.        1322.989       4187.041       7487.465    0.000  -0.138   0.379   0.
  2017 352  2 59 57 508 352.124971157       0.40      1.26     -0.58  0.        1321.675       4188.280       7487.747    0.000  -0.138   0.379   0.
  2017 352  2 59 58 508 352.124982731       0.44      1.55     -0.63  0.        1320.360       4189.519       7488.029    0.000  -0.138   0.380   0.
  2017 352  2 59 59 507 352.124994306       0.41      1.57     -0.40  0.        1319.045       4190.757       7488.310    0.000  -0.138   0.380   0.
  2017 352  3  0  0 507 352.125005880       0.58      1.38     -0.68  0.        1317.730       4191.996       7488.590    0.000  -0.138   0.379   0.
  2017 352  3  0  1 508 352.125017454       0.42      1.41     -0.67  0.        1316.415       4193.234       7488.870    0.000  -0.138   0.379   0.
  2017 352  3  0  2 508 352.125029028       0.81      1.29     -0.79  0.        1315.100       4194.471       7489.150    0.000  -0.138   0.379   0.
  2017 352  3  0  3 508 352.125040602       0.36      1.20     -0.55  0.        1313.785       4195.709       7489.429    0.000  -0.138   0.379   0.
  2017 352  3  0  4 508 352.125052176       0.45      1.47     -0.46  0.        1312.470       4196.946       7489.708    0.000  -0.138   0.380   0.
  2017 352  3  0  5 507 352.125063750       0.68      1.48     -0.42  0.        1311.154       4198.183       7489.986    0.000  -0.138   0.380   0.
  2017 352  3  0  6 507 352.125075324       0.49      1.51     -0.64  0.        1309.839       4199.419       7490.264    0.000  -0.138   0.379   0.
  2017 352  3  0  7 507 352.125086898       0.36      1.49     -0.56  0.        1308.524       4200.656       7490.541    0.000  -0.138   0.379   0.
  2017 352  3  0  8 507 352.125098472       0.59      1.60     -0.58  0.        1307.208       4201.892       7490.818    0.000  -0.138   0.379   0.
  2017 352  3  0  9 507 352.125110046       0.37      1.59     -0.75  0.        1305.892       4203.128       7491.094    0.000  -0.138   0.379   0.
  2017 352  3  0 10 508 352.125121620       0.43      1.45     -0.52  0.        1304.577       4204.363       7491.370    0.000  -0.138   0.380   0.
  2017 352  3  0 11 508 352.125133194       0.68      1.38     -1.01  0.        1303.261       4205.599       7491.645    0.000  -0.138   0.380   0.
  2017 352  3  0 12 507 352.125144769       0.32      1.39     -0.90  0.        1301.945       4206.834       7491.920    0.000  -0.138   0.379   0.
  2017 352  3  0 13 507 352.125156343       0.43      1.57     -0.54  0.        1300.629       4208.068       7492.194    0.000  -0.138   0.379   0.
  2017 352  3  0 14 508 352.125167917       0.49      1.79     -0.64  0.        1299.313       4209.303       7492.468    0.000  -0.138   0.379   0.
  2017 352  3  0 15 508 352.125179491       0.26      1.70     -0.52  0.        1297.997       4210.537       7492.742    0.000  -0.138   0.379   0.
  2017 352  3  0 16 508 352.125191065       0.34      1.50     -0.37  0.        1296.680       4211.771       7493.014    0.000  -0.138   0.379   0.
  2017 352  3  0 17 508 352.125202639       0.52      1.44     -0.54  0.        1295.364       4213.004       7493.287    0.000  -0.138   0.379   0.
  2017 352  3  0 18 508 352.125214213       0.41      1.39     -0.56  0.        1294.048       4214.238       7493.559    0.000  -0.138   0.379   0.
  2017 352  3  0 19 507 352.125225787       0.63      1.42     -0.66  0.        1292.731       4215.471       7493.830    0.000  -0.138   0.379   0.
  2017 352  3  0 20 507 352.125237361       0.41      1.49     -0.63  0.        1291.414       4216.704       7494.101    0.000  -0.138   0.380   0.
  2017 352  3  0 21 507 352.125248935       0.32      1.49     -0.67  0.        1290.098       4217.936       7494.371    0.000  -0.138   0.380   0.
  2017 352  3  0 22 507 352.125260507       0.16      1.80     -1.02  0.        1288.781       4219.168       7494.641    0.000  -0.138   0.380   0.
  2017 352  3  0 23 507 352.125272080      -0.33      1.58     -0.98  0.        1287.464       4220.400       7494.911    0.000  -0.138   0.380   0.
  2017 352  3  0 24 507 352.125283655      -0.27      1.50     -0.82  0.        1286.147       4221.632       7495.180    0.000  -0.138   0.379   0.
  2017 352  3  0 25 507 352.125295229      -0.37      1.51     -0.77  0.        1284.830       4222.864       7495.448    0.000  -0.138   0.379   0.
  2017 352  3  0 26 507 352.125306803       0.11      1.34     -0.52  0.        1283.513       4224.095       7495.716    0.000  -0.138   0.379   0.
  2017 352  3  0 27 507 352.125318377       0.31      1.50     -0.79  0.        1282.196       4225.326       7495.983    0.000  -0.138   0.379   0.
  2017 352  3  0 28 507 352.125329951       0.39      1.54     -0.70  0.        1280.879       4226.556       7496.250    0.000  -0.138   0.379   0.
  2017 352  3  0 29 507 352.125341525       0.33      1.39     -1.00  0.        1279.561       4227.786       7496.517    0.000  -0.138   0.379   0.
  2017 352  3  0 30 507 352.125353099       0.03      1.48     -0.89  0.        1278.244       4229.017       7496.783    0.000  -0.138   0.380   0.
  2017 352  3  0 31 507 352.125364673       0.13      1.53     -0.59  0.        1276.926       4230.246       7497.048    0.000  -0.138   0.380   0.
  2017 352  3  0 32 507 352.125376247       0.15      1.49     -0.62  0.        1275.609       4231.476       7497.313    0.000  -0.138   0.380   0.
  2017 352  3  0 33 507 352.125387821       0.15      1.54     -0.81  0.        1274.291       4232.705       7497.578    0.000  -0.138   0.380   0.
  2017 352  3  0 34 507 352.125399395       0.03      1.76     -0.86  0.        1272.973       4233.934       7497.842    0.000  -0.138   0.379   0.
  2017 352  3  0 35 507 352.125410969      -0.33      1.97     -0.61  0.        1271.656       4235.163       7498.106    0.000  -0.138   0.379   0.
  2017 352  3  0 36 507 352.125422543      -0.51      1.87     -0.30  0.        1270.338       4236.391       7498.369    0.000  -0.138   0.379   0.
  2017 352  3  0 37 507 352.125434117      -0.49      1.76     -0.18  0.        1269.020       4237.619       7498.631    0.000  -0.138   0.379   0.
  2017 352  3  0 38 507 352.125445692      -0.59      1.89     -0.20  0.        1267.702       4238.847       7498.893    0.000  -0.138   0.380   0.
  2017 352  3  0 39 507 352.125457266      -0.66      2.02      0.10  0.        1266.383       4240.075       7499.155    0.000  -0.138   0.380   0.
  2017 352  3  0 40 507 352.125468840       0.07      1.84      0.12  0.        1265.065       4241.302       7499.416    0.000  -0.138   0.380   0.
  2017 352  3  0 41 507 352.125480414       0.10      1.79     -0.16  0.        1263.747       4242.529       7499.677    0.000  -0.138   0.380   0.
  2017 352  3  0 42 507 352.125491988       0.33      1.97     -0.34  0.        1262.428       4243.756       7499.937    0.000  -0.138   0.380   0.
  2017 352  3  0 43 507 352.125503562       0.52      1.84     -0.44  0.        1261.110       4244.982       7500.197    0.000  -0.138   0.380   0.
  2017 352  3  0 44 507 352.125515136       0.29      1.71     -0.79  0.        1259.791       4246.208       7500.456    0.000  -0.138   0.380   0.
  2017 352  3  0 45 507 352.125526710       0.16      1.74     -0.62  0.        1258.473       4247.434       7500.715    0.000  -0.138   0.380   0.
  2017 352  3  0 46 507 352.125538284       0.10      1.65     -0.76  0.        1257.154       4248.660       7500.973    0.000  -0.138   0.379   0.
  2017 352  3  0 47 507 352.125549858       0.36      1.49     -0.82  0.        1255.835       4249.886       7501.230    0.000  -0.138   0.379   0.
  2017 352  3  0 48 507 352.125561432       0.55      1.49     -0.94  0.        1254.516       4251.111       7501.488    0.000  -0.138   0.380   0.
  2017 352  3  0 49 507 352.125573006       0.25      1.55     -1.15  0.        1253.197       4252.335       7501.745    0.000  -0.138   0.380   0.
  2017 352  3  0 50 507 352.125584580       0.26      1.54     -1.08  0.        1251.878       4253.560       7502.001    0.000  -0.138   0.380   0.
  2017 352  3  0 51 507 352.125596155      -0.36      1.74     -1.18  0.        1250.559       4254.784       7502.257    0.000  -0.138   0.380   0.
  2017 352  3  0 52 507 352.125607726      -0.62      1.85     -0.39  0.        1249.240       4256.008       7502.512    0.000  -0.138   0.379   0.
  2017 352  3  0 53 507 352.125619300       0.28      1.53     -0.31  0.        1247.921       4257.232       7502.767    0.000  -0.138   0.379   0.
  2017 352  3  0 54 507 352.125630874       0.12      1.68     -0.33  0.        1246.601       4258.456       7503.021    0.000  -0.138   0.380   0.
  2017 352  3  0 55 507 352.125642448       0.47      1.64      0.12  0.        1245.282       4259.679       7503.275    0.000  -0.138   0.380   0.
  2017 352  3  0 56 507 352.125654022       0.87      1.52      0.21  0.        1243.962       4260.902       7503.528    0.000  -0.138   0.380   0.
  2017 352  3  0 57 507 352.125665596       0.44      1.89      0.09  0.        1242.642       4262.124       7503.781    0.000  -0.138   0.380   0.
  2017 352  3  0 58 507 352.125677170       1.04      1.46     -0.00  0.        1241.323       4263.347       7504.034    0.000  -0.138   0.379   0.
  2017 352  3  0 59 507 352.125688744       0.74      1.58     -1.05  0.        1240.003       4264.569       7504.285    0.000  -0.138   0.379   0.
  2017 352  3  1  0 507 352.125700318       0.28      1.81     -0.77  0.        1238.683       4265.791       7504.537    0.000  -0.138   0.380   0.
  2017 352  3  1  1 507 352.125711892       0.33      1.70     -0.28  0.        1237.363       4267.012       7504.788    0.000  -0.138   0.380   0.
  2017 352  3  1  2 507 352.125723466       0.74      1.45      0.10  0.        1236.043       4268.233       7505.038    0.000  -0.138   0.380   0.
  2017 352  3  1  3 507 352.125735040       0.91      1.43     -0.10  0.        1234.723       4269.454       7505.288    0.000  -0.138   0.380   0.
  2017 352  3  1  4 507 352.125746615       0.82      1.47     -0.46  0.        1233.403       4270.675       7505.538    0.000  -0.138   0.379   0.
  2017 352  3  1  5 507 352.125758189       0.56      1.46     -0.44  0.        1232.083       4271.896       7505.787    0.000  -0.138   0.379   0.
  2017 352  3  1  6 507 352.125769763       0.20      1.66     -0.26  0.        1230.762       4273.116       7506.035    0.000  -0.138   0.379   0.
  2017 352  3  1  7 507 352.125781337       0.72      1.39      0.31  0.        1229.442       4274.336       7506.283    0.000  -0.138   0.379   0.
  2017 352  3  1  8 507 352.125792911       1.04      1.47     -0.28  0.        1228.121       4275.555       7506.531    0.000  -0.138   0.379   0.
  2017 352  3  1  9 507 352.125804485       0.76      1.47     -0.28  0.        1226.801       4276.775       7506.778    0.000  -0.138   0.379   0.
  2017 352  3  1 10 507 352.125816059       0.58      1.64     -0.37  0.        1225.480       4277.994       7507.025    0.000  -0.138   0.379   0.
  2017 352  3  1 11 507 352.125827633       0.62      1.60     -0.40  0.        1224.159       4279.212       7507.271    0.000  -0.138   0.379   0.
  2017 352  3  1 12 507 352.125839207       1.00      1.38     -0.71  0.        1222.839       4280.431       7507.516    0.000  -0.138   0.380   0.
  2017 352  3  1 13 507 352.125850781       1.14      1.27     -0.80  0.        1221.518       4281.649       7507.761    0.000  -0.138   0.380   0.
  2017 352  3  1 14 507 352.125862355       1.05      1.28     -0.93  0.        1220.197       4282.867       7508.006    0.000  -0.138   0.380   0.
  2017 352  3  1 15 507 352.125873929       0.91      1.35     -1.16  0.        1218.876       4284.085       7508.250    0.000  -0.138   0.380   0.
  2017 352  3  1 16 507 352.125885503       0.45      1.27     -1.27  0.        1217.554       4285.302       7508.494    0.000  -0.138   0.379   0.
  2017 352  3  1 17 507 352.125897078       0.44      1.47     -0.83  0.        1216.233       4286.519       7508.737    0.000  -0.138   0.379   0.
  2017 352  3  1 18 507 352.125908652       0.69      1.44     -0.84  0.        1214.912       4287.736       7508.980    0.000  -0.138   0.380   0.
  2017 352  3  1 19 507 352.125920226       0.53      1.45     -0.72  0.        1213.591       4288.953       7509.222    0.000  -0.138   0.380   0.
  2017 352  3  1 20 507 352.125931800       0.25      1.42     -0.89  0.        1212.269       4290.169       7509.464    0.000  -0.138   0.380   0.
  2017 352  3  1 21 507 352.125943374       0.25      1.40     -0.75  0.        1210.948       4291.385       7509.705    0.000  -0.138   0.380   0.
  2017 352  3  1 22 507 352.125954946       0.54      1.41     -0.62  0.        1209.626       4292.601       7509.946    0.000  -0.138   0.380   0.
  2017 352  3  1 23 507 352.125966519       0.61      1.62     -0.98  0.        1208.304       4293.816       7510.186    0.000  -0.138   0.380   0.
  2017 352  3  1 24 507 352.125978093       0.67      1.54     -1.06  0.        1206.983       4295.032       7510.426    0.000  -0.138   0.380   0.
  2017 352  3  1 25 507 352.125989667       0.61      1.44     -0.94  0.        1205.661       4296.247       7510.665    0.000  -0.138   0.380   0.
  2017 352  3  1 26 507 352.126001241       0.51      1.58     -1.08  0.        1204.339       4297.461       7510.904    0.000  -0.138   0.379   0.
  2017 352  3  1 27 507 352.126012815       0.37      1.47     -1.18  0.        1203.017       4298.676       7511.143    0.000  -0.138   0.379   0.
  2017 352  3  1 28 507 352.126024389       0.29      1.43     -1.08  0.        1201.695       4299.890       7511.381    0.000  -0.138   0.380   0.
  2017 352  3  1 29 507 352.126035964       0.28      1.51     -0.97  0.        1200.373       4301.104       7511.618    0.000  -0.138   0.380   0.
  2017 352  3  1 30 507 352.126047538       0.41      1.43     -0.91  0.        1199.050       4302.317       7511.855    0.000  -0.138   0.380   0.
  2017 352  3  1 31 507 352.126059112       0.68      1.31     -0.95  0.        1197.728       4303.530       7512.091    0.000  -0.138   0.380   0.
  2017 352  3  1 32 507 352.126070686       0.70      1.31     -0.99  0.        1196.406       4304.744       7512.327    0.000  -0.138   0.380   0.
  2017 352  3  1 33 507 352.126082260       0.71      1.31     -0.87  0.        1195.083       4305.956       7512.563    0.000  -0.138   0.380   0.
  2017 352  3  1 34 507 352.126093834       0.79      1.33     -0.85  0.        1193.761       4307.169       7512.798    0.000  -0.138   0.379   0.
  2017 352  3  1 35 507 352.126105408       0.83      1.34     -0.84  0.        1192.438       4308.381       7513.032    0.000  -0.138   0.379   0.
  2017 352  3  1 36 507 352.126116982       0.85      1.33     -0.84  0.        1191.115       4309.593       7513.266    0.000  -0.138   0.380   0.
  2017 352  3  1 37 507 352.126128556       0.93      1.27     -0.83  0.        1189.793       4310.804       7513.500    0.000  -0.138   0.380   0.
  2017 352  3  1 38 507 352.126140130       0.97      1.21     -0.95  0.        1188.470       4312.016       7513.733    0.000  -0.138   0.380   0.
  2017 352  3  1 39 507 352.126151704       0.98      1.18     -1.04  0.        1187.147       4313.227       7513.966    0.000  -0.138   0.380   0.
  2017 352  3  1 40 507 352.126163278       0.96      1.27     -1.00  0.        1185.824       4314.438       7514.198    0.000  -0.138   0.379   0.
  2017 352  3  1 41 507 352.126174852       0.88      1.41     -0.94  0.        1184.501       4315.648       7514.429    0.000  -0.138   0.379   0.
  2017 352  3  1 42 507 352.126186427       0.90      1.47     -1.14  0.        1183.178       4316.858       7514.661    0.000  -0.138   0.380   0.
  2017 352  3  1 43 507 352.126198001       0.75      1.54     -1.38  0.        1181.855       4318.068       7514.891    0.000  -0.138   0.380   0.
  2017 352  3  1 44 507 352.126209575       0.58      1.62     -1.19  0.        1180.531       4319.278       7515.121    0.000  -0.138   0.380   0.
  2017 352  3  1 45 507 352.126221149       0.51      1.68     -0.91  0.        1179.208       4320.488       7515.351    0.000  -0.138   0.380   0.
  2017 352  3  1 46 507 352.126232723       0.53      1.68     -0.43  0.        1177.885       4321.697       7515.580    0.000  -0.138   0.379   0.
  2017 352  3  1 47 507 352.126244297       0.78      1.82     -0.10  0.        1176.561       4322.906       7515.809    0.000  -0.138   0.379   0.
  2017 352  3  1 48 507 352.126255871       1.21      1.55     -0.42  0.        1175.237       4324.114       7516.037    0.000  -0.138   0.380   0.
  2017 352  3  1 49 507 352.126267445       0.74      1.41     -1.03  0.        1173.914       4325.322       7516.265    0.000  -0.138   0.380   0.
  2017 352  3  1 50 507 352.126279019       0.58      1.47     -0.91  0.        1172.590       4326.530       7516.493    0.000  -0.138   0.380   0.
  2017 352  3  1 51 507 352.126290593       0.38      1.58     -0.86  0.        1171.266       4327.738       7516.719    0.000  -0.138   0.380   0.
  2017 352  3  1 52 506 352.126302165       0.33      1.51     -0.75  0.        1169.942       4328.946       7516.946    0.000  -0.138   0.380   0.
  2017 352  3  1 53 507 352.126313738       0.51      1.41     -0.88  0.        1168.618       4330.153       7517.172    0.000  -0.138   0.380   0.
  2017 352  3  1 54 507 352.126325312       0.33      1.50     -0.85  0.        1167.294       4331.360       7517.397    0.000  -0.138   0.379   0.
  2017 352  3  1 55 506 352.126336887       0.12      1.46     -0.71  0.        1165.970       4332.567       7517.622    0.000  -0.138   0.379   0.
  2017 352  3  1 56 507 352.126348461      -0.04      1.45     -0.67  0.        1164.646       4333.773       7517.846    0.000  -0.138   0.380   0.
  2017 352  3  1 57 507 352.126360035      -0.14      1.54     -0.37  0.        1163.322       4334.979       7518.070    0.000  -0.138   0.380   0.
  2017 352  3  1 58 507 352.126371609       0.05      1.64     -0.19  0.        1161.997       4336.185       7518.294    0.000  -0.138   0.380   0.
  2017 352  3  1 59 507 352.126383183       0.13      1.64     -0.16  0.        1160.673       4337.390       7518.517    0.000  -0.138   0.380   0.
  2017 352  3  2  0 507 352.126394757       0.32      1.67     -0.23  0.        1159.349       4338.596       7518.739    0.000  -0.138   0.379   0.
  2017 352  3  2  1 506 352.126406331       0.28      1.65     -0.59  0.        1158.024       4339.801       7518.961    0.000  -0.138   0.379   0.
  2017 352  3  2  2 506 352.126417905       0.08      1.66     -0.88  0.        1156.699       4341.006       7519.183    0.000  -0.138   0.379   0.
  2017 352  3  2  3 506 352.126429479      -0.33      1.58     -0.70  0.        1155.375       4342.210       7519.404    0.000  -0.138   0.379   0.
  2017 352  3  2  4 506 352.126441053      -0.22      1.62     -0.26  0.        1154.050       4343.414       7519.625    0.000  -0.138   0.380   0.
  2017 352  3  2  5 506 352.126452627      -0.08      1.59     -0.20  0.        1152.725       4344.618       7519.845    0.000  -0.138   0.380   0.
  2017 352  3  2  6 507 352.126464201       0.03      1.53     -0.19  0.        1151.400       4345.822       7520.064    0.000  -0.138   0.379   0.
  2017 352  3  2  7 507 352.126475775      -0.01      1.57     -0.16  0.        1150.075       4347.025       7520.283    0.000  -0.138   0.379   0.
  2017 352  3  2  8 506 352.126487350       0.23      1.77      0.03  0.        1148.750       4348.228       7520.502    0.000  -0.138   0.379   0.
  2017 352  3  2  9 506 352.126498924       0.28      1.75      0.08  0.        1147.425       4349.431       7520.720    0.000  -0.138   0.379   0.
  2017 352  3  2 10 507 352.126510498       0.44      1.70     -0.16  0.        1146.100       4350.633       7520.938    0.000  -0.138   0.380   0.
  2017 352  3  2 11 507 352.126522072       0.11      1.76     -0.35  0.        1144.774       4351.836       7521.155    0.000  -0.138   0.380   0.
  2017 352  3  2 12 507 352.126533646       0.08      1.61     -0.14  0.        1143.449       4353.038       7521.372    0.000  -0.138   0.379   0.
  2017 352  3  2 13 507 352.126545220       0.07      1.63     -0.16  0.        1142.124       4354.239       7521.588    0.000  -0.138   0.379   0.
  2017 352  3  2 14 507 352.126556794       0.19      1.67     -0.08  0.        1140.798       4355.441       7521.804    0.000  -0.138   0.380   0.
  2017 352  3  2 15 506 352.126568368       0.08      1.73     -0.19  0.        1139.473       4356.642       7522.020    0.000  -0.138   0.380   0.
  2017 352  3  2 16 506 352.126579942       0.27      1.67     -0.03  0.        1138.147       4357.843       7522.234    0.000  -0.138   0.379   0.
  2017 352  3  2 17 506 352.126591516       0.47      1.87     -0.40  0.        1136.821       4359.044       7522.449    0.000  -0.138   0.379   0.
  2017 352  3  2 18 506 352.126603090       0.27      1.66     -0.38  0.        1135.495       4360.244       7522.663    0.000  -0.138   0.380   0.
  2017 352  3  2 19 506 352.126614664       0.24      1.84     -0.81  0.        1134.169       4361.444       7522.876    0.000  -0.138   0.380   0.
  2017 352  3  2 20 507 352.126626238       0.26      1.79     -0.48  0.        1132.844       4362.644       7523.089    0.000  -0.138   0.380   0.
  2017 352  3  2 21 507 352.126637813       0.13      1.77     -0.39  0.        1131.518       4363.843       7523.302    0.000  -0.138   0.380   0.
  2017 352  3  2 22 506 352.126649384       0.29      1.70     -0.14  0.        1130.191       4365.042       7523.514    0.000  -0.138   0.379   0.
  2017 352  3  2 23 506 352.126660958       0.39      1.55      0.05  0.        1128.865       4366.241       7523.725    0.000  -0.138   0.379   0.
  2017 352  3  2 24 506 352.126672532       0.63      1.36     -0.27  0.        1127.539       4367.440       7523.936    0.000  -0.138   0.380   0.
  2017 352  3  2 25 506 352.126684106       0.37      1.53     -0.63  0.        1126.213       4368.638       7524.147    0.000  -0.138   0.380   0.
  2017 352  3  2 26 506 352.126695680       0.28      1.46     -0.47  0.        1124.886       4369.836       7524.357    0.000  -0.138   0.380   0.
  2017 352  3  2 27 506 352.126707254       0.42      1.30     -1.00  0.        1123.560       4371.034       7524.566    0.000  -0.138   0.380   0.
  2017 352  3  2 28 506 352.126718828      -0.24      1.49     -1.01  0.        1122.233       4372.232       7524.775    0.000  -0.138   0.380   0.
  2017 352  3  2 29 506 352.126730402       0.08      1.37     -0.23  0.        1120.907       4373.429       7524.984    0.000  -0.138   0.380   0.
  2017 352  3  2 30 506 352.126741976       0.70      1.46     -0.42  0.        1119.580       4374.626       7525.193    0.000  -0.138   0.379   0.
  2017 352  3  2 31 506 352.126753550       0.47      1.66     -0.30  0.        1118.254       4375.823       7525.400    0.000  -0.138   0.379   0.
  2017 352  3  2 32 506 352.126765124       0.72      1.51     -0.31  0.        1116.927       4377.019       7525.607    0.000  -0.138   0.379   0.
  2017 352  3  2 33 506 352.126776698       1.00      1.25     -0.81  0.        1115.600       4378.215       7525.814    0.000  -0.138   0.379   0.
  2017 352  3  2 34 506 352.126788273       0.64      1.34     -1.28  0.        1114.273       4379.411       7526.020    0.000  -0.138   0.379   0.
  2017 352  3  2 35 506 352.126799847      -0.05      1.80     -1.09  0.        1112.946       4380.607       7526.226    0.000  -0.138   0.379   0.
  2017 352  3  2 36 506 352.126811421      -0.05      1.76     -0.47  0.        1111.619       4381.802       7526.431    0.000  -0.138   0.380   0.
  2017 352  3  2 37 506 352.126822995      -0.13      1.80     -0.19  0.        1110.292       4382.997       7526.636    0.000  -0.138   0.380   0.
  2017 352  3  2 38 506 352.126834569       0.26      1.68      0.33  0.        1108.964       4384.192       7526.841    0.000  -0.138   0.379   0.
  2017 352  3  2 39 506 352.126846143       0.67      1.61      0.12  0.        1107.637       4385.387       7527.044    0.000  -0.138   0.379   0.
  2017 352  3  2 40 506 352.126857717       0.79      1.62     -0.20  0.        1106.310       4386.581       7527.248    0.000  -0.138   0.379   0.
  2017 352  3  2 41 506 352.126869291       0.38      1.77     -0.36  0.        1104.982       4387.775       7527.451    0.000  -0.138   0.379   0.
  2017 352  3  2 42 506 352.126880865       0.20      1.73      0.26  0.        1103.655       4388.968       7527.653    0.000  -0.138   0.380   0.
  2017 352  3  2 43 506 352.126892439       0.58      1.55      0.38  0.        1102.327       4390.162       7527.855    0.000  -0.138   0.380   0.
  2017 352  3  2 44 506 352.126904013       0.74      1.57      0.16  0.        1101.000       4391.355       7528.057    0.000  -0.138   0.379   0.
  2017 352  3  2 45 506 352.126915587       0.88      1.77     -0.28  0.        1099.672       4392.548       7528.258    0.000  -0.138   0.379   0.
  2017 352  3  2 46 506 352.126927161       0.57      1.33     -0.25  0.        1098.344       4393.740       7528.458    0.000  -0.138   0.380   0.
  2017 352  3  2 47 506 352.126938736       0.06      1.63     -0.36  0.        1097.016       4394.933       7528.658    0.000  -0.138   0.380   0.
  2017 352  3  2 48 506 352.126950310       0.16      1.66     -0.13  0.        1095.688       4396.125       7528.858    0.000  -0.138   0.379   0.
  2017 352  3  2 49 506 352.126961884       0.34      1.74     -0.30  0.        1094.361       4397.316       7529.057    0.000  -0.138   0.379   0.
  2017 352  3  2 50 506 352.126973458       0.32      1.75     -0.29  0.        1093.033       4398.508       7529.256    0.000  -0.138   0.380   0.
  2017 352  3  2 51 506 352.126985032       0.19      1.68     -0.26  0.        1091.704       4399.699       7529.454    0.000  -0.138   0.380   0.
  2017 352  3  2 52 506 352.126996604       0.52      1.61     -0.06  0.        1090.376       4400.890       7529.652    0.000  -0.138   0.379   0.
  2017 352  3  2 53 506 352.127008177       0.53      1.64     -0.19  0.        1089.048       4402.081       7529.849    0.000  -0.138   0.379   0.
  2017 352  3  2 54 506 352.127019751       0.39      1.84     -0.51  0.        1087.719       4403.271       7530.046    0.000  -0.138   0.380   0.
  2017 352  3  2 55 506 352.127031325       0.54      1.80     -0.52  0.        1086.391       4404.461       7530.242    0.000  -0.138   0.380   0.
  2017 352  3  2 56 506 352.127042899       0.32      1.56     -0.34  0.        1085.063       4405.651       7530.438    0.000  -0.138   0.380   0.
  2017 352  3  2 57 506 352.127054473       0.50      1.58     -0.46  0.        1083.734       4406.840       7530.633    0.000  -0.138   0.380   0.
  2017 352  3  2 58 506 352.127066047       0.50      1.67     -0.41  0.        1082.406       4408.030       7530.828    0.000  -0.138   0.380   0.
  2017 352  3  2 59 506 352.127077621       0.38      1.67     -0.40  0.        1081.077       4409.218       7531.022    0.000  -0.138   0.380   0.
  2017 352  3  3  0 506 352.127089196       0.20      1.77     -0.42  0.        1079.748       4410.407       7531.216    0.000  -0.138   0.379   0.
  2017 352  3  3  1 506 352.127100770       0.15      1.84     -0.15  0.        1078.419       4411.596       7531.410    0.000  -0.138   0.379   0.
  2017 352  3  3  2 506 352.127112344       0.37      1.63      0.01  0.        1077.091       4412.784       7531.603    0.000  -0.138   0.379   0.
  2017 352  3  3  3 506 352.127123918       0.63      1.73      0.19  0.        1075.762       4413.972       7531.795    0.000  -0.138   0.379   0.
  2017 352  3  3  4 506 352.127135492       0.73      1.85      0.34  0.        1074.433       4415.159       7531.987    0.000  -0.138   0.379   0.
  2017 352  3  3  5 506 352.127147066       1.30      1.60      0.36  0.        1073.103       4416.346       7532.179    0.000  -0.138   0.379   0.
  2017 352  3  3  6 506 352.127158640       0.94      1.58     -0.55  0.        1071.774       4417.533       7532.370    0.000  -0.138   0.379   0.
  2017 352  3  3  7 506 352.127170214       0.39      1.72     -0.48  0.        1070.445       4418.720       7532.560    0.000  -0.138   0.379   0.
  2017 352  3  3  8 506 352.127181788       0.45      1.64     -0.41  0.        1069.116       4419.907       7532.751    0.000  -0.138   0.380   0.
  2017 352  3  3  9 506 352.127193362       0.38      1.51     -0.20  0.        1067.786       4421.093       7532.940    0.000  -0.138   0.380   0.
  2017 352  3  3 10 506 352.127204936       0.68      1.53     -0.40  0.        1066.457       4422.279       7533.129    0.000  -0.138   0.379   0.
  2017 352  3  3 11 506 352.127216510       0.53      1.48     -0.45  0.        1065.128       4423.464       7533.318    0.000  -0.138   0.379   0.
  2017 352  3  3 12 506 352.127228084       0.80      1.38     -0.37  0.        1063.798       4424.650       7533.506    0.000  -0.138   0.379   0.
  2017 352  3  3 13 506 352.127239659       0.68      1.59     -0.67  0.        1062.469       4425.835       7533.694    0.000  -0.138   0.379   0.
  2017 352  3  3 14 506 352.127251233       0.62      1.51     -0.02  0.        1061.139       4427.020       7533.881    0.000  -0.138   0.379   0.
  2017 352  3  3 15 506 352.127262807       0.61      1.57     -0.35  0.        1059.809       4428.204       7534.068    0.000  -0.138   0.379   0.
  2017 352  3  3 16 506 352.127274381       0.70      1.37     -0.35  0.        1058.479       4429.389       7534.255    0.000  -0.138   0.380   0.
  2017 352  3  3 17 506 352.127285955       0.34      1.67     -1.02  0.        1057.149       4430.573       7534.440    0.000  -0.138   0.380   0.
  2017 352  3  3 18 506 352.127297529      -0.15      1.74     -0.79  0.        1055.819       4431.756       7534.626    0.000  -0.138   0.379   0.
  2017 352  3  3 19 506 352.127309103      -0.16      1.95     -0.71  0.        1054.489       4432.939       7534.811    0.000  -0.138   0.379   0.
  2017 352  3  3 20 506 352.127320675      -0.96      2.00      0.13  0.        1053.159       4434.123       7534.995    0.000  -0.138   0.380   0.
  2017 352  3  3 21 506 352.127332248      -0.00      1.47      0.54  0.        1051.829       4435.306       7535.179    0.000  -0.138   0.380   0.
  2017 352  3  3 22 506 352.127343822       0.65      1.45      0.07  0.        1050.499       4436.488       7535.363    0.000  -0.138   0.380   0.
  2017 352  3  3 23 506 352.127355396       0.18      1.36      0.19  0.        1049.169       4437.670       7535.546    0.000  -0.138   0.380   0.
  2017 352  3  3 24 506 352.127366971       0.49      1.45     -0.19  0.        1047.838       4438.853       7535.728    0.000  -0.138   0.380   0.
  2017 352  3  3 25 506 352.127378545      -0.65      1.85     -0.00  0.        1046.508       4440.034       7535.910    0.000  -0.138   0.380   0.
  2017 352  3  3 26 506 352.127390119      -0.02      1.61      0.40  0.        1045.178       4441.216       7536.092    0.000  -0.138   0.380   0.
  2017 352  3  3 27 506 352.127401693       0.09      1.63     -0.11  0.        1043.847       4442.397       7536.273    0.000  -0.138   0.380   0.
  2017 352  3  3 28 506 352.127413267       0.53      1.69     -0.74  0.        1042.516       4443.578       7536.454    0.000  -0.138   0.380   0.
  2017 352  3  3 29 506 352.127424841      -0.32      1.63     -0.00  0.        1041.186       4444.758       7536.634    0.000  -0.138   0.380   0.
  2017 352  3  3 30 506 352.127436415       0.66      1.07      0.22  0.        1039.855       4445.939       7536.814    0.000  -0.138   0.379   0.
  2017 352  3  3 31 506 352.127447989       0.48      1.47     -0.60  0.        1038.524       4447.119       7536.993    0.000  -0.138   0.379   0.
  2017 352  3  3 32 506 352.127459563      -0.11      1.85     -0.52  0.        1037.193       4448.299       7537.172    0.000  -0.138   0.380   0.
  2017 352  3  3 33 506 352.127471137       0.24      1.97     -0.36  0.        1035.862       4449.478       7537.350    0.000  -0.138   0.380   0.
  2017 352  3  3 34 506 352.127482711       0.51      1.76     -0.49  0.        1034.531       4450.658       7537.528    0.000  -0.138   0.379   0.
  2017 352  3  3 35 506 352.127494285       0.29      1.45     -0.11  0.        1033.200       4451.837       7537.705    0.000  -0.138   0.379   0.
  2017 352  3  3 36 506 352.127505859       0.67      1.40     -0.65  0.        1031.869       4453.015       7537.882    0.000  -0.138   0.379   0.
  2017 352  3  3 37 506 352.127517433      -0.20      1.83     -0.70  0.        1030.538       4454.194       7538.059    0.000  -0.138   0.379   0.
  2017 352  3  3 38 506 352.127529008      -0.26      1.80     -0.31  0.        1029.207       4455.372       7538.235    0.000  -0.138   0.380   0.
  2017 352  3  3 39 506 352.127540582      -0.18      1.66     -0.10  0.        1027.876       4456.550       7538.410    0.000  -0.138   0.380   0.
  2017 352  3  3 40 506 352.127552156      -0.24      1.58      0.45  0.        1026.544       4457.727       7538.585    0.000  -0.138   0.380   0.
  2017 352  3  3 41 506 352.127563730       0.83      1.01      0.43  0.        1025.213       4458.905       7538.760    0.000  -0.138   0.380   0.
  2017 352  3  3 42 506 352.127575304       1.18      1.34     -0.88  0.        1023.881       4460.082       7538.934    0.000  -0.138   0.379   0.
  2017 352  3  3 43 506 352.127586878       0.13      1.77     -1.24  0.        1022.550       4461.258       7539.107    0.000  -0.138   0.379   0.
  2017 352  3  3 44 506 352.127598452      -0.07      1.79     -0.47  0.        1021.218       4462.435       7539.280    0.000  -0.138   0.380   0.
  2017 352  3  3 45 506 352.127610026       0.18      1.58     -0.12  0.        1019.886       4463.611       7539.453    0.000  -0.138   0.380   0.
  2017 352  3  3 46 506 352.127621600       0.64      1.34      0.01  0.        1018.555       4464.787       7539.625    0.000  -0.138   0.380   0.
  2017 352  3  3 47 506 352.127633174       0.79      1.53     -0.52  0.        1017.223       4465.963       7539.797    0.000  -0.138   0.380   0.
  2017 352  3  3 48 506 352.127644748       0.54      1.58     -0.61  0.        1015.891       4467.138       7539.968    0.000  -0.138   0.379   0.
  2017 352  3  3 49 506 352.127656322      -0.07      1.60     -0.31  0.        1014.559       4468.313       7540.139    0.000  -0.138   0.379   0.
  2017 352  3  3 50 505 352.127667894       0.17      1.54      0.28  0.        1013.227       4469.488       7540.309    0.000  -0.138   0.379   0.
  2017 352  3  3 51 505 352.127679468       0.57      1.38      0.17  0.        1011.895       4470.662       7540.479    0.000  -0.138   0.379   0.
  2017 352  3  3 52 506 352.127691042       0.83      1.39      0.32  0.        1010.563       4471.837       7540.648    0.000  -0.138   0.380   0.
  2017 352  3  3 53 506 352.127702616       0.96      1.47     -0.12  0.        1009.231       4473.011       7540.817    0.000  -0.138   0.380   0.
  2017 352  3  3 54 506 352.127714190       0.73      1.43     -0.44  0.        1007.898       4474.184       7540.986    0.000  -0.138   0.379   0.
  2017 352  3  3 55 506 352.127725764       0.46      1.77     -0.42  0.        1006.566       4475.358       7541.154    0.000  -0.138   0.379   0.
  2017 352  3  3 56 506 352.127737338       0.37      1.58     -0.17  0.        1005.234       4476.531       7541.321    0.000  -0.138   0.379   0.
  2017 352  3  3 57 505 352.127748912       0.49      1.50      0.08  0.        1003.901       4477.704       7541.488    0.000  -0.138   0.379   0.
  2017 352  3  3 58 505 352.127760486       0.52      1.53     -0.13  0.        1002.569       4478.876       7541.655    0.000  -0.138   0.380   0.
  2017 352  3  3 59 505 352.127772060       0.60      1.52     -0.23  0.        1001.236       4480.049       7541.821    0.000  -0.138   0.380   0.
  2017 352  3  4  0 505 352.127783634       0.59      1.61     -0.26  0.         999.903       4481.221       7541.987    0.000  -0.138   0.379   0.
  2017 352  3  4  1 505 352.127795208       0.67      1.57     -0.56  0.         998.571       4482.392       7542.152    0.000  -0.138   0.379   0.
  2017 352  3  4  2 506 352.127806782       0.60      1.76     -0.43  0.         997.238       4483.564       7542.316    0.000  -0.138   0.380   0.
  2017 352  3  4  3 506 352.127818357       0.65      1.61     -0.33  0.         995.905       4484.735       7542.481    0.000  -0.138   0.380   0.
  2017 352  3  4  4 505 352.127829931       0.60      1.59     -0.36  0.         994.572       4485.906       7542.644    0.000  -0.138   0.380   0.
  2017 352  3  4  5 505 352.127841505       0.53      1.45     -0.34  0.         993.239       4487.077       7542.808    0.000  -0.138   0.380   0.
  2017 352  3  4  6 506 352.127853079       0.44      1.48     -0.49  0.         991.906       4488.247       7542.970    0.000  -0.138   0.379   0.
  2017 352  3  4  7 506 352.127864653       0.45      1.37     -0.57  0.         990.573       4489.417       7543.133    0.000  -0.138   0.379   0.
  2017 352  3  4  8 506 352.127876227       0.10      1.47     -0.46  0.         989.240       4490.587       7543.295    0.000  -0.138   0.380   0.
  2017 352  3  4  9 506 352.127887801       0.61      1.25     -0.19  0.         987.907       4491.756       7543.456    0.000  -0.138   0.380   0.
  2017 352  3  4 10 505 352.127899375       0.74      1.26     -0.48  0.         986.573       4492.926       7543.617    0.000  -0.138   0.379   0.
  2017 352  3  4 11 505 352.127910949       0.34      1.56     -0.75  0.         985.240       4494.094       7543.778    0.000  -0.138   0.379   0.
  2017 352  3  4 12 505 352.127922523       0.08      1.69     -0.67  0.         983.907       4495.263       7543.938    0.000  -0.138   0.380   0.
  2017 352  3  4 13 505 352.127934097       0.12      1.57     -0.36  0.         982.573       4496.432       7544.097    0.000  -0.138   0.380   0.
  2017 352  3  4 14 505 352.127945671       0.34      1.47     -0.09  0.         981.240       4497.600       7544.256    0.000  -0.138   0.380   0.
  2017 352  3  4 15 506 352.127957245       0.25      1.41      0.06  0.         979.906       4498.767       7544.415    0.000  -0.138   0.380   0.
  2017 352  3  4 16 506 352.127968819       0.49      1.25     -0.17  0.         978.573       4499.935       7544.573    0.000  -0.138   0.379   0.
  2017 352  3  4 17 505 352.127980394       0.04      1.34     -0.63  0.         977.239       4501.102       7544.730    0.000  -0.138   0.379   0.
  2017 352  3  4 18 505 352.127991968      -0.07      1.35     -0.40  0.         975.905       4502.269       7544.888    0.000  -0.138   0.380   0.
  2017 352  3  4 19 506 352.128003542       0.10      1.20     -0.02  0.         974.572       4503.436       7545.044    0.000  -0.138   0.380   0.
  2017 352  3  4 20 506 352.128015114       0.78      1.34     -0.31  0.         973.238       4504.603       7545.201    0.000  -0.138   0.380   0.
  2017 352  3  4 21 505 352.128026687       0.37      1.46     -0.12  0.         971.904       4505.769       7545.356    0.000  -0.138   0.380   0.
  2017 352  3  4 22 505 352.128038261      -0.11      1.88     -0.14  0.         970.570       4506.935       7545.512    0.000  -0.138   0.379   0.
  2017 352  3  4 23 505 352.128049835       0.33      1.72     -0.43  0.         969.236       4508.100       7545.667    0.000  -0.138   0.379   0.
  2017 352  3  4 24 505 352.128061409       0.24      1.35     -0.72  0.         967.902       4509.266       7545.821    0.000  -0.138   0.380   0.
  2017 352  3  4 25 505 352.128072983      -0.24      1.75     -0.58  0.         966.568       4510.431       7545.975    0.000  -0.138   0.380   0.
  2017 352  3  4 26 505 352.128084557      -0.01      1.69     -0.28  0.         965.233       4511.595       7546.128    0.000  -0.138   0.379   0.
  2017 352  3  4 27 505 352.128096131       0.13      1.63     -0.43  0.         963.899       4512.760       7546.281    0.000  -0.138   0.379   0.
  2017 352  3  4 28 505 352.128107705      -0.15      1.73     -0.39  0.         962.565       4513.924       7546.434    0.000  -0.138   0.380   0.
  2017 352  3  4 29 505 352.128119279      -0.17      1.64     -0.33  0.         961.230       4515.088       7546.586    0.000  -0.138   0.380   0.
  2017 352  3  4 30 505 352.128130854       0.01      1.70     -0.24  0.         959.896       4516.252       7546.737    0.000  -0.138   0.379   0.
  2017 352  3  4 31 505 352.128142428       0.05      1.51     -0.31  0.         958.561       4517.415       7546.888    0.000  -0.138   0.379   0.
  2017 352  3  4 32 505 352.128154002       0.03      1.48     -0.58  0.         957.227       4518.578       7547.039    0.000  -0.138   0.380   0.
  2017 352  3  4 33 505 352.128165576      -0.18      1.55     -0.59  0.         955.892       4519.741       7547.189    0.000  -0.138   0.380   0.
  2017 352  3  4 34 505 352.128177150       0.15      1.56     -0.46  0.         954.557       4520.904       7547.339    0.000  -0.138   0.379   0.
  2017 352  3  4 35 505 352.128188724       0.26      1.65     -0.25  0.         953.223       4522.066       7547.488    0.000  -0.138   0.379   0.
  2017 352  3  4 36 505 352.128200298       0.24      1.59     -0.33  0.         951.888       4523.228       7547.637    0.000  -0.138   0.379   0.
  2017 352  3  4 37 505 352.128211872       0.12      1.64     -0.36  0.         950.553       4524.390       7547.785    0.000  -0.138   0.379   0.
  2017 352  3  4 38 505 352.128223446       0.16      1.58     -0.56  0.         949.218       4525.551       7547.933    0.000  -0.138   0.380   0.
  2017 352  3  4 39 505 352.128235020       0.15      1.61     -0.55  0.         947.883       4526.712       7548.081    0.000  -0.138   0.380   0.
  2017 352  3  4 40 505 352.128246594       0.17      1.57     -0.34  0.         946.548       4527.873       7548.227    0.000  -0.138   0.379   0.
  2017 352  3  4 41 505 352.128258168       0.45      1.46     -0.38  0.         945.213       4529.034       7548.374    0.000  -0.138   0.379   0.
  2017 352  3  4 42 505 352.128269742       0.38      1.49     -0.43  0.         943.878       4530.194       7548.520    0.000  -0.138   0.379   0.
  2017 352  3  4 43 505 352.128281317       0.48      1.43     -0.37  0.         942.543       4531.354       7548.665    0.000  -0.138   0.379   0.
  2017 352  3  4 44 505 352.128292891       0.46      1.55     -0.63  0.         941.207       4532.514       7548.810    0.000  -0.138   0.380   0.
  2017 352  3  4 45 505 352.128304465       0.14      1.62     -0.70  0.         939.872       4533.673       7548.955    0.000  -0.138   0.380   0.
  2017 352  3  4 46 505 352.128316039       0.23      1.67     -0.39  0.         938.537       4534.833       7549.099    0.000  -0.138   0.379   0.
  2017 352  3  4 47 505 352.128327613       0.07      1.84     -0.42  0.         937.201       4535.992       7549.243    0.000  -0.138   0.379   0.
  2017 352  3  4 48 505 352.128339187      -0.09      1.83     -0.24  0.         935.866       4537.150       7549.386    0.000  -0.138   0.380   0.
  2017 352  3  4 49 505 352.128350761       0.20      1.68     -0.38  0.         934.530       4538.309       7549.529    0.000  -0.138   0.380   0.
  2017 352  3  4 50 505 352.128362333      -0.12      1.83     -0.29  0.         933.194       4539.467       7549.671    0.000  -0.138   0.380   0.
  2017 352  3  4 51 505 352.128373906      -0.05      1.97      0.02  0.         931.859       4540.624       7549.813    0.000  -0.138   0.380   0.
  2017 352  3  4 52 505 352.128385480       0.16      1.87      0.05  0.         930.523       4541.782       7549.954    0.000  -0.138   0.379   0.
  2017 352  3  4 53 505 352.128397054       0.32      1.66     -0.04  0.         929.187       4542.939       7550.095    0.000  -0.138   0.379   0.
  2017 352  3  4 54 505 352.128408628       0.43      1.60     -0.11  0.         927.851       4544.096       7550.235    0.000  -0.138   0.379   0.
  2017 352  3  4 55 505 352.128420203       0.50      1.56     -0.28  0.         926.516       4545.253       7550.375    0.000  -0.138   0.379   0.
  2017 352  3  4 56 505 352.128431777       0.57      1.54     -0.34  0.         925.179       4546.409       7550.515    0.000  -0.138   0.380   0.
  2017 352  3  4 57 505 352.128443351       0.69      1.52     -0.59  0.         923.844       4547.565       7550.654    0.000  -0.138   0.380   0.
  2017 352  3  4 58 505 352.128454925       0.52      1.39     -0.86  0.         922.507       4548.721       7550.792    0.000  -0.138   0.379   0.
  2017 352  3  4 59 505 352.128466499       0.22      1.62     -0.74  0.         921.171       4549.877       7550.930    0.000  -0.138   0.379   0.
  2017 352  3  5  0 505 352.128478073       0.22      1.68     -0.68  0.         919.835       4551.032       7551.068    0.000  -0.138   0.380   0.
  2017 352  3  5  1 505 352.128489647       0.19      1.58     -0.61  0.         918.499       4552.187       7551.205    0.000  -0.138   0.380   0.
  2017 352  3  5  2 505 352.128501221       0.33      1.49     -0.55  0.         917.162       4553.342       7551.342    0.000  -0.138   0.380   0.
  2017 352  3  5  3 505 352.128512795       0.41      1.55     -0.54  0.         915.826       4554.496       7551.478    0.000  -0.138   0.380   0.
  2017 352  3  5  4 505 352.128524369       0.44      1.63     -0.53  0.         914.490       4555.651       7551.614    0.000  -0.138   0.379   0.
  2017 352  3  5  5 505 352.128535943       0.54      1.59     -0.54  0.         913.153       4556.804       7551.749    0.000  -0.138   0.379   0.
  2017 352  3  5  6 505 352.128547517       0.52      1.51     -0.71  0.         911.817       4557.958       7551.884    0.000  -0.138   0.380   0.
  2017 352  3  5  7 505 352.128559091       0.36      1.47     -0.69  0.         910.480       4559.111       7552.018    0.000  -0.138   0.380   0.
  2017 352  3  5  8 505 352.128570665       0.33      1.54     -0.55  0.         909.143       4560.264       7552.152    0.000  -0.138   0.380   0.
  2017 352  3  5  9 505 352.128582240       0.30      1.45     -0.77  0.         907.807       4561.417       7552.286    0.000  -0.138   0.380   0.
  2017 352  3  5 10 505 352.128593814       0.27      1.48     -0.69  0.         906.470       4562.570       7552.419    0.000  -0.138   0.379   0.
  2017 352  3  5 11 505 352.128605388       0.22      1.33     -0.96  0.         905.133       4563.722       7552.551    0.000  -0.138   0.379   0.
  2017 352  3  5 12 505 352.128616962       0.26      1.41     -0.96  0.         903.796       4564.874       7552.683    0.000  -0.138   0.379   0.
  2017 352  3  5 13 505 352.128628536       0.13      1.35     -1.01  0.         902.459       4566.026       7552.815    0.000  -0.138   0.379   0.
  2017 352  3  5 14 505 352.128640110       0.16      1.48     -0.74  0.         901.122       4567.177       7552.946    0.000  -0.138   0.379   0.
  2017 352  3  5 15 505 352.128651684       0.35      1.68     -0.62  0.         899.785       4568.328       7553.077    0.000  -0.138   0.379   0.
  2017 352  3  5 16 505 352.128663258       0.32      1.73     -0.50  0.         898.448       4569.479       7553.207    0.000  -0.138   0.379   0.
  2017 352  3  5 17 505 352.128674832       0.40      1.66     -0.49  0.         897.111       4570.629       7553.337    0.000  -0.138   0.379   0.
  2017 352  3  5 18 505 352.128686406       0.38      1.65     -0.53  0.         895.774       4571.780       7553.466    0.000  -0.138   0.380   0.
  2017 352  3  5 19 505 352.128697980       0.23      1.62     -0.55  0.         894.437       4572.930       7553.595    0.000  -0.138   0.380   0.
  2017 352  3  5 20 505 352.128709552       0.24      1.54     -0.43  0.         893.099       4574.079       7553.723    0.000  -0.138   0.379   0.
  2017 352  3  5 21 505 352.128721126       0.31      1.51     -0.37  0.         891.762       4575.229       7553.851    0.000  -0.138   0.379   0.
  2017 352  3  5 22 505 352.128732700       0.12      1.55     -0.51  0.         890.425       4576.378       7553.978    0.000  -0.138   0.379   0.
  2017 352  3  5 23 505 352.128744274       0.14      1.62     -0.52  0.         889.087       4577.527       7554.105    0.000  -0.138   0.379   0.
  2017 352  3  5 24 505 352.128755848       0.16      1.66     -0.61  0.         887.750       4578.675       7554.232    0.000  -0.138   0.380   0.
  2017 352  3  5 25 505 352.128767422       0.02      1.75     -0.53  0.         886.412       4579.824       7554.358    0.000  -0.138   0.380   0.
  2017 352  3  5 26 505 352.128778996      -0.07      1.59     -0.59  0.         885.074       4580.972       7554.483    0.000  -0.138   0.380   0.
  2017 352  3  5 27 505 352.128790570      -0.24      1.50     -0.69  0.         883.737       4582.120       7554.608    0.000  -0.138   0.380   0.
  2017 352  3  5 28 505 352.128802144      -0.22      1.42     -0.78  0.         882.399       4583.267       7554.733    0.000  -0.138   0.379   0.
  2017 352  3  5 29 505 352.128813718      -0.33      1.38     -0.72  0.         881.061       4584.414       7554.857    0.000  -0.138   0.379   0.
  2017 352  3  5 30 505 352.128825292      -0.30      1.46     -0.74  0.         879.723       4585.561       7554.981    0.000  -0.138   0.380   0.
  2017 352  3  5 31 505 352.128836866      -0.22      1.59     -0.66  0.         878.385       4586.708       7555.104    0.000  -0.138   0.380   0.
  2017 352  3  5 32 505 352.128848440      -0.28      1.71     -1.55  0.         877.047       4587.854       7555.227    0.000  -0.138   0.380   0.
  2017 352  3  5 33 505 352.128860014      -0.26      1.78     -1.20  0.         875.709       4589.000       7555.350    0.000  -0.138   0.380   0.
  2017 352  3  5 34 505 352.128871589       0.18      1.76     -1.01  0.         874.371       4590.146       7555.471    0.000  -0.138   0.379   0.
  2017 352  3  5 35 505 352.128883163       0.13      1.77     -0.77  0.         873.033       4591.291       7555.593    0.000  -0.138   0.379   0.
  2017 352  3  5 36 505 352.128894737       0.50      1.68     -0.49  0.         871.695       4592.437       7555.714    0.000  -0.138   0.380   0.
  2017 352  3  5 37 505 352.128906311       0.70      1.41     -0.31  0.         870.357       4593.582       7555.834    0.000  -0.138   0.380   0.
  2017 352  3  5 38 505 352.128917885       0.95      1.20     -0.64  0.         869.019       4594.726       7555.954    0.000  -0.138   0.380   0.
  2017 352  3  5 39 505 352.128929459       0.47      1.41     -0.48  0.         867.680       4595.871       7556.074    0.000  -0.138   0.380   0.
  2017 352  3  5 40 505 352.128941033       0.09      1.62     -0.70  0.         866.342       4597.015       7556.193    0.000  -0.138   0.379   0.
  2017 352  3  5 41 505 352.128952607       0.16      1.61     -1.07  0.         865.003       4598.159       7556.312    0.000  -0.138   0.379   0.
  2017 352  3  5 42 505 352.128964181      -0.20      1.39     -0.60  0.         863.665       4599.302       7556.430    0.000  -0.138   0.380   0.
  2017 352  3  5 43 505 352.128975755       1.57      0.75     -0.25  0.         862.326       4600.445       7556.548    0.000  -0.138   0.380   0.
  2017 352  3  5 44 505 352.128987329       0.93      1.05     -0.13  0.         860.988       4601.588       7556.665    0.000  -0.138   0.380   0.
  2017 352  3  5 45 505 352.128998903       0.29      1.44     -0.10  0.         859.649       4602.731       7556.782    0.000  -0.138   0.380   0.
  2017 352  3  5 46 505 352.129010477      -0.16      1.76     -0.58  0.         858.311       4603.874       7556.898    0.000  -0.138   0.379   0.
  2017 352  3  5 47 505 352.129022052      -0.41      1.88     -0.51  0.         856.972       4605.016       7557.014    0.000  -0.138   0.379   0.
  2017 352  3  5 48 505 352.129033626      -0.40      1.73      0.31  0.         855.633       4606.158       7557.129    0.000  -0.138   0.380   0.
  2017 352  3  5 49 505 352.129045200       0.37      1.57      0.15  0.         854.294       4607.299       7557.244    0.000  -0.138   0.380   0.
  2017 352  3  5 50 505 352.129056771       0.18      1.90     -0.81  0.         852.955       4608.440       7557.359    0.000  -0.138   0.379   0.
  2017 352  3  5 51 505 352.129068345       0.13      1.98     -0.07  0.         851.616       4609.582       7557.473    0.000  -0.138   0.379   0.
  2017 352  3  5 52 505 352.129079919      -0.37      1.76     -0.07  0.         850.277       4610.722       7557.586    0.000  -0.138   0.379   0.
  2017 352  3  5 53 504 352.129091493       0.18      1.66     -0.06  0.         848.938       4611.863       7557.699    0.000  -0.138   0.379   0.
  2017 352  3  5 54 504 352.129103067       0.79      1.89     -0.77  0.         847.599       4613.003       7557.812    0.000  -0.138   0.380   0.
  2017 352  3  5 55 504 352.129114641       1.43      0.87     -0.05  0.         846.260       4614.143       7557.924    0.000  -0.138   0.380   0.
  2017 352  3  5 56 504 352.129126215       1.58      0.96     -0.22  0.         844.921       4615.282       7558.036    0.000  -0.138   0.380   0.
  2017 352  3  5 57 505 352.129137789       1.70      0.86      0.24  0.         843.581       4616.422       7558.147    0.000  -0.138   0.380   0.
  2017 352  3  5 58 505 352.129149363       1.75      0.82     -0.70  0.         842.242       4617.561       7558.258    0.000  -0.138   0.379   0.
  2017 352  3  5 59 504 352.129160937       0.32      1.38     -1.55  0.         840.903       4618.700       7558.369    0.000  -0.138   0.379   0.
  2017 352  3  6  0 504 352.129172512      -0.12      1.83     -1.22  0.         839.563       4619.838       7558.479    0.000  -0.138   0.380   0.
  2017 352  3  6  1 505 352.129184086       0.19      1.94     -0.80  0.         838.224       4620.976       7558.588    0.000  -0.138   0.380   0.
  2017 352  3  6  2 505 352.129195660       0.22      1.75     -0.44  0.         836.884       4622.114       7558.697    0.000  -0.138   0.379   0.
  2017 352  3  6  3 505 352.129207234       0.50      1.65     -0.71  0.         835.545       4623.252       7558.805    0.000  -0.138   0.379   0.
  2017 352  3  6  4 505 352.129218808       0.10      1.95     -0.88  0.         834.205       4624.389       7558.914    0.000  -0.138   0.380   0.
  2017 352  3  6  5 505 352.129230382      -0.01      1.90     -0.25  0.         832.865       4625.527       7559.021    0.000  -0.138   0.380   0.
  2017 352  3  6  6 504 352.129241956       0.30      1.61     -0.03  0.         831.526       4626.663       7559.128    0.000  -0.138   0.379   0.
  2017 352  3  6  7 504 352.129253530       0.46      1.50     -0.17  0.         830.186       4627.800       7559.235    0.000  -0.138   0.379   0.
  2017 352  3  6  8 504 352.129265104       0.75      1.44     -0.43  0.         828.846       4628.936       7559.341    0.000  -0.138   0.379   0.
  2017 352  3  6  9 504 352.129276678       0.57      1.35     -0.86  0.         827.506       4630.072       7559.447    0.000  -0.138   0.379   0.
  2017 352  3  6 10 504 352.129288252       0.46      1.55     -0.74  0.         826.166       4631.208       7559.552    0.000  -0.138   0.379   0.
  2017 352  3  6 11 505 352.129299826      -0.01      1.87     -0.52  0.         824.826       4632.343       7559.657    0.000  -0.138   0.379   0.
  2017 352  3  6 12 505 352.129311400       0.06      1.75      0.31  0.         823.486       4633.478       7559.762    0.000  -0.138   0.379   0.
  2017 352  3  6 13 504 352.129322975       0.42      1.62      0.07  0.         822.146       4634.613       7559.866    0.000  -0.138   0.379   0.
  2017 352  3  6 14 504 352.129334549       0.64      1.48      0.33  0.         820.806       4635.748       7559.969    0.000  -0.138   0.379   0.
  2017 352  3  6 15 505 352.129346123       0.91      1.34      0.05  0.         819.466       4636.882       7560.072    0.000  -0.138   0.379   0.
  2017 352  3  6 16 505 352.129357697       1.12      1.20     -0.38  0.         818.126       4638.016       7560.175    0.000  -0.138   0.379   0.
  2017 352  3  6 17 505 352.129369271       0.10      1.61     -1.01  0.         816.785       4639.150       7560.277    0.000  -0.138   0.379   0.
  2017 352  3  6 18 505 352.129380845       0.63      1.28      0.22  0.         815.445       4640.283       7560.378    0.000  -0.138   0.379   0.
  2017 352  3  6 19 505 352.129392419       1.27      1.02     -0.75  0.         814.105       4641.417       7560.480    0.000  -0.138   0.379   0.
  2017 352  3  6 20 504 352.129403991       1.94      0.99     -0.93  0.         812.764       4642.550       7560.580    0.000  -0.138   0.379   0.
  2017 352  3  6 21 504 352.129415564       1.49      1.26     -1.41  0.         811.424       4643.682       7560.681    0.000  -0.138   0.379   0.
  2017 352  3  6 22 504 352.129427138       0.24      1.45     -1.70  0.         810.083       4644.814       7560.780    0.000  -0.138   0.380   0.
  2017 352  3  6 23 504 352.129438712      -0.40      1.54     -1.35  0.         808.743       4645.946       7560.880    0.000  -0.138   0.380   0.
  2017 352  3  6 24 504 352.129450286       0.31      1.25     -1.05  0.         807.402       4647.078       7560.979    0.000  -0.138   0.379   0.
  2017 352  3  6 25 504 352.129461861      -0.01      1.60     -0.88  0.         806.062       4648.210       7561.077    0.000  -0.138   0.379   0.
  2017 352  3  6 26 504 352.129473435      -0.66      1.66     -0.64  0.         804.721       4649.341       7561.175    0.000  -0.138   0.379   0.
  2017 352  3  6 27 504 352.129485009      -0.23      1.49     -0.01  0.         803.380       4650.472       7561.273    0.000  -0.138   0.379   0.
  2017 352  3  6 28 504 352.129496583      -0.09      1.57      0.06  0.         802.039       4651.603       7561.370    0.000  -0.138   0.379   0.
  2017 352  3  6 29 504 352.129508157       0.17      1.74     -0.40  0.         800.698       4652.733       7561.466    0.000  -0.138   0.379   0.
  2017 352  3  6 30 504 352.129519731       0.09      1.71     -0.71  0.         799.357       4653.863       7561.563    0.000  -0.138   0.380   0.
  2017 352  3  6 31 504 352.129531305       0.06      1.59     -0.63  0.         798.016       4654.993       7561.658    0.000  -0.138   0.380   0.
  2017 352  3  6 32 504 352.129542879      -0.11      1.60     -0.33  0.         796.675       4656.122       7561.753    0.000  -0.138   0.379   0.
  2017 352  3  6 33 504 352.129554453       0.02      1.68     -0.19  0.         795.334       4657.252       7561.848    0.000  -0.138   0.379   0.
  2017 352  3  6 34 504 352.129566027       0.89      1.30     -0.91  0.         793.993       4658.381       7561.943    0.000  -0.138   0.379   0.
  2017 352  3  6 35 504 352.129577601       0.97      1.28     -1.07  0.         792.652       4659.509       7562.036    0.000  -0.138   0.379   0.
  2017 352  3  6 36 504 352.129589175       0.75      1.45     -1.08  0.         791.311       4660.638       7562.130    0.000  -0.138   0.380   0.
  2017 352  3  6 37 504 352.129600749       1.08      1.19     -0.27  0.         789.970       4661.766       7562.223    0.000  -0.138   0.380   0.
  2017 352  3  6 38 504 352.129612323       1.36      0.94     -0.57  0.         788.628       4662.894       7562.315    0.000  -0.138   0.379   0.
  2017 352  3  6 39 504 352.129623898       1.15      0.96     -1.12  0.         787.287       4664.021       7562.407    0.000  -0.138   0.379   0.
  2017 352  3  6 40 504 352.129635472       0.41      1.25     -0.61  0.         785.946       4665.148       7562.499    0.000  -0.138   0.379   0.
  2017 352  3  6 41 504 352.129647046       0.68      1.69     -0.09  0.         784.604       4666.275       7562.590    0.000  -0.138   0.379   0.
  2017 352  3  6 42 504 352.129658620       0.58      1.71      0.19  0.         783.263       4667.402       7562.681    0.000  -0.138   0.380   0.
  2017 352  3  6 43 504 352.129670194      -0.54      1.83      0.18  0.         781.921       4668.529       7562.771    0.000  -0.138   0.380   0.
  2017 352  3  6 44 504 352.129681768      -0.21      1.88      0.33  0.         780.580       4669.655       7562.861    0.000  -0.138   0.380   0.
  2017 352  3  6 45 504 352.129693342      -0.75      2.13      0.76  0.         779.238       4670.781       7562.950    0.000  -0.138   0.380   0.
  2017 352  3  6 46 504 352.129704916      -0.94      1.51      1.55  0.         777.896       4671.906       7563.039    0.000  -0.138   0.379   0.
  2017 352  3  6 47 504 352.129716490       0.15      1.32      1.12  0.         776.555       4673.032       7563.127    0.000  -0.138   0.379   0.
  2017 352  3  6 48 504 352.129728062      -0.05      1.39      0.14  0.         775.213       4674.157       7563.215    0.000  -0.138   0.380   0.
  2017 352  3  6 49 504 352.129739635       0.54      1.34      0.58  0.         773.871       4675.281       7563.303    0.000  -0.138   0.380   0.
  2017 352  3  6 50 504 352.129751210      -0.12      1.48      0.68  0.         772.529       4676.406       7563.390    0.000  -0.138   0.380   0.
  2017 352  3  6 51 504 352.129762784       0.71      0.79      1.00  0.         771.187       4677.530       7563.476    0.000  -0.138   0.380   0.
  2017 352  3  6 52 504 352.129774358       0.55      1.75     -1.10  0.         769.845       4678.654       7563.563    0.000  -0.138   0.379   0.
  2017 352  3  6 53 504 352.129785932      -0.61      2.33     -1.46  0.         768.503       4679.778       7563.648    0.000  -0.138   0.379   0.
  2017 352  3  6 54 504 352.129797506      -1.28      2.10      0.14  0.         767.161       4680.901       7563.733    0.000  -0.138   0.379   0.
  2017 352  3  6 55 504 352.129809080       0.48      2.19      0.08  0.         765.819       4682.024       7563.818    0.000  -0.138   0.379   0.
  2017 352  3  6 56 504 352.129820654      -0.47      1.75     -0.20  0.         764.477       4683.147       7563.903    0.000  -0.138   0.380   0.
  2017 352  3  6 57 504 352.129832228       0.55      1.14      0.74  0.         763.135       4684.269       7563.986    0.000  -0.138   0.380   0.
  2017 352  3  6 58 504 352.129843802       0.95      1.22      0.10  0.         761.793       4685.391       7564.070    0.000  -0.138   0.379   0.
  2017 352  3  6 59 504 352.129855376       0.70      1.41     -0.08  0.         760.450       4686.513       7564.153    0.000  -0.138   0.379   0.
  2017 352  3  7  0 504 352.129866950       0.29      1.50     -0.33  0.         759.108       4687.635       7564.235    0.000  -0.138   0.379   0.
  2017 352  3  7  1 504 352.129878524       0.12      1.61     -0.50  0.         757.766       4688.756       7564.317    0.000  -0.138   0.379   0.
  2017 352  3  7  2 504 352.129890098       0.00      1.85     -0.74  0.         756.423       4689.878       7564.399    0.000  -0.138   0.380   0.
  2017 352  3  7  3 504 352.129901672      -0.06      1.77     -0.70  0.         755.081       4690.998       7564.480    0.000  -0.138   0.380   0.
  2017 352  3  7  4 504 352.129913246      -0.14      1.97     -1.26  0.         753.738       4692.119       7564.561    0.000  -0.138   0.379   0.
  2017 352  3  7  5 504 352.129924821      -0.42      2.04     -0.62  0.         752.396       4693.240       7564.641    0.000  -0.138   0.379   0.
  2017 352  3  7  6 504 352.129936395       0.04      1.54      0.15  0.         751.053       4694.359       7564.721    0.000  -0.138   0.380   0.
  2017 352  3  7  7 504 352.129947969       0.80      1.59     -0.40  0.         749.711       4695.479       7564.800    0.000  -0.138   0.380   0.
  2017 352  3  7  8 504 352.129959543       0.42      1.67     -0.61  0.         748.368       4696.598       7564.879    0.000  -0.138   0.380   0.
  2017 352  3  7  9 504 352.129971117       0.01      1.75     -0.62  0.         747.025       4697.717       7564.957    0.000  -0.138   0.380   0.
  2017 352  3  7 10 504 352.129982691       0.23      1.81     -0.55  0.         745.683       4698.836       7565.035    0.000  -0.138   0.379   0.
  2017 352  3  7 11 504 352.129994265       0.23      1.78     -0.76  0.         744.340       4699.955       7565.113    0.000  -0.138   0.379   0.
  2017 352  3  7 12 504 352.130005839      -0.36      1.85     -0.42  0.         742.997       4701.073       7565.190    0.000  -0.138   0.380   0.
  2017 352  3  7 13 504 352.130017413      -0.04      1.63     -0.41  0.         741.654       4702.191       7565.266    0.000  -0.138   0.380   0.
  2017 352  3  7 14 504 352.130028987       0.15      1.60     -0.68  0.         740.311       4703.309       7565.342    0.000  -0.138   0.380   0.
  2017 352  3  7 15 504 352.130040561      -0.21      1.74     -0.84  0.         738.968       4704.426       7565.418    0.000  -0.138   0.380   0.
  2017 352  3  7 16 504 352.130052135       0.13      1.67     -0.53  0.         737.625       4705.543       7565.493    0.000  -0.138   0.379   0.
  2017 352  3  7 17 504 352.130063710      -0.02      1.64     -0.45  0.         736.282       4706.660       7565.568    0.000  -0.138   0.379   0.
  2017 352  3  7 18 504 352.130075281       0.28      1.59     -0.12  0.         734.939       4707.777       7565.642    0.000  -0.138   0.379   0.
  2017 352  3  7 19 504 352.130086855       0.38      1.66     -0.58  0.         733.596       4708.893       7565.716    0.000  -0.138   0.379   0.
  2017 352  3  7 20 504 352.130098429      -0.40      2.12     -0.64  0.         732.252       4710.009       7565.790    0.000  -0.138   0.380   0.
  2017 352  3  7 21 504 352.130110003      -0.76      2.13     -0.12  0.         730.909       4711.125       7565.863    0.000  -0.138   0.380   0.
  2017 352  3  7 22 504 352.130121577      -0.18      1.61      0.70  0.         729.566       4712.240       7565.935    0.000  -0.138   0.379   0.
  2017 352  3  7 23 504 352.130133151       0.47      1.45      0.33  0.         728.222       4713.356       7566.007    0.000  -0.138   0.379   0.
  2017 352  3  7 24 504 352.130144725       0.66      1.51      0.14  0.         726.879       4714.470       7566.079    0.000  -0.138   0.379   0.
  2017 352  3  7 25 504 352.130156299       0.79      1.37      0.04  0.         725.536       4715.585       7566.150    0.000  -0.138   0.379   0.
  2017 352  3  7 26 504 352.130167873       0.75      1.44     -0.07  0.         724.192       4716.699       7566.221    0.000  -0.138   0.380   0.
  2017 352  3  7 27 504 352.130179447       0.72      1.51     -0.23  0.         722.849       4717.813       7566.291    0.000  -0.138   0.380   0.
  2017 352  3  7 28 504 352.130191021       0.71      1.49     -0.28  0.         721.505       4718.927       7566.361    0.000  -0.138   0.379   0.
  2017 352  3  7 29 504 352.130202595       0.70      1.44     -0.45  0.         720.162       4720.041       7566.430    0.000  -0.138   0.379   0.
  2017 352  3  7 30 504 352.130214170       0.52      1.59     -0.60  0.         718.818       4721.154       7566.499    0.000  -0.138   0.380   0.
  2017 352  3  7 31 504 352.130225744       0.03      1.98     -0.37  0.         717.474       4722.267       7566.567    0.000  -0.138   0.380   0.
  2017 352  3  7 32 504 352.130237318      -0.04      2.06      0.28  0.         716.130       4723.380       7566.635    0.000  -0.138   0.380   0.
  2017 352  3  7 33 504 352.130248892       0.51      1.50      0.68  0.         714.787       4724.492       7566.703    0.000  -0.138   0.380   0.
  2017 352  3  7 34 504 352.130260466       0.89      1.48      0.04  0.         713.443       4725.604       7566.770    0.000  -0.138   0.380   0.
  2017 352  3  7 35 504 352.130272040       0.75      1.36      0.45  0.         712.099       4726.716       7566.836    0.000  -0.138   0.380   0.
  2017 352  3  7 36 504 352.130283614       1.27      1.30     -0.37  0.         710.755       4727.827       7566.903    0.000  -0.138   0.379   0.
  2017 352  3  7 37 504 352.130295188       1.02      1.46     -1.09  0.         709.411       4728.939       7566.968    0.000  -0.138   0.379   0.
  2017 352  3  7 38 504 352.130306762      -0.07      2.04     -0.89  0.         708.067       4730.050       7567.034    0.000  -0.138   0.380   0.
  2017 352  3  7 39 504 352.130318336      -0.94      2.20      0.20  0.         706.723       4731.160       7567.098    0.000  -0.138   0.380   0.
  2017 352  3  7 40 504 352.130329910       0.18      1.44      1.14  0.         705.379       4732.271       7567.163    0.000  -0.138   0.380   0.
  2017 352  3  7 41 504 352.130341484       1.46      1.16     -0.05  0.         704.035       4733.381       7567.227    0.000  -0.138   0.380   0.
  2017 352  3  7 42 504 352.130353058       1.50      1.45     -0.85  0.         702.691       4734.490       7567.290    0.000  -0.138   0.379   0.
  2017 352  3  7 43 504 352.130364633       1.15      1.95     -1.28  0.         701.347       4735.600       7567.353    0.000  -0.138   0.379   0.
  2017 352  3  7 44 504 352.130376207      -0.45      2.35     -0.80  0.         700.002       4736.709       7567.416    0.000  -0.138   0.379   0.
  2017 352  3  7 45 504 352.130387781      -0.18      1.67      0.70  0.         698.658       4737.818       7567.478    0.000  -0.138   0.379   0.
  2017 352  3  7 46 504 352.130399355       0.70      1.21      0.67  0.         697.314       4738.927       7567.539    0.000  -0.138   0.380   0.
  2017 352  3  7 47 504 352.130410929       1.19      1.36     -0.26  0.         695.969       4740.035       7567.601    0.000  -0.138   0.380   0.
  2017 352  3  7 48 504 352.130422500       0.70      1.90     -0.78  0.         694.625       4741.144       7567.661    0.000  -0.138   0.379   0.
  2017 352  3  7 49 503 352.130434074       0.21      1.89     -0.41  0.         693.281       4742.251       7567.722    0.000  -0.138   0.379   0.
  2017 352  3  7 50 503 352.130445648       0.39      1.60     -0.62  0.         691.936       4743.359       7567.782    0.000  -0.138   0.379   0.
  2017 352  3  7 51 503 352.130457222      -0.42      1.43     -0.88  0.         690.592       4744.466       7567.841    0.000  -0.138   0.379   0.
  2017 352  3  7 52 503 352.130468796       0.19      1.34     -0.39  0.         689.247       4745.573       7567.900    0.000  -0.138   0.380   0.
  2017 352  3  7 53 504 352.130480370      -0.04      1.74     -0.74  0.         687.902       4746.680       7567.958    0.000  -0.138   0.380   0.
  2017 352  3  7 54 504 352.130491944      -0.44      1.79     -0.31  0.         686.558       4747.786       7568.016    0.000  -0.138   0.379   0.
  2017 352  3  7 55 503 352.130503518      -0.29      1.69      0.47  0.         685.213       4748.893       7568.074    0.000  -0.138   0.379   0.
  2017 352  3  7 56 503 352.130515093       0.63      1.71      0.20  0.         683.868       4749.998       7568.131    0.000  -0.138   0.379   0.
  2017 352  3  7 57 504 352.130526667       0.38      1.82      0.25  0.         682.524       4751.104       7568.188    0.000  -0.138   0.379   0.
  2017 352  3  7 58 504 352.130538241       0.17      1.63      0.10  0.         681.179       4752.209       7568.244    0.000  -0.138   0.380   0.
  2017 352  3  7 59 504 352.130549815      -0.01      1.70      0.08  0.         679.834       4753.314       7568.300    0.000  -0.138   0.380   0.
  2017 352  3  8  0 504 352.130561389       0.36      1.45      0.39  0.         678.489       4754.419       7568.355    0.000  -0.138   0.380   0.
  2017 352  3  8  1 504 352.130572963       0.58      1.33     -0.30  0.         677.144       4755.524       7568.410    0.000  -0.138   0.380   0.
  2017 352  3  8  2 503 352.130584537       0.11      1.53     -0.63  0.         675.799       4756.628       7568.465    0.000  -0.138   0.379   0.
  2017 352  3  8  3 503 352.130596111      -0.32      1.69     -0.54  0.         674.454       4757.732       7568.519    0.000  -0.138   0.379   0.
  2017 352  3  8  4 503 352.130607685      -0.75      1.75     -0.81  0.         673.109       4758.835       7568.572    0.000  -0.138   0.380   0.
  2017 352  3  8  5 503 352.130619259      -1.00      1.78     -0.26  0.         671.764       4759.939       7568.625    0.000  -0.138   0.380   0.
  2017 352  3  8  6 503 352.130630833      -0.62      1.94     -0.19  0.         670.419       4761.042       7568.678    0.000  -0.138   0.380   0.
  2017 352  3  8  7 504 352.130642407      -0.04      1.64     -0.26  0.         669.074       4762.145       7568.730    0.000  -0.138   0.380   0.
  2017 352  3  8  8 504 352.130653981       0.34      1.58     -0.75  0.         667.728       4763.247       7568.782    0.000  -0.138   0.380   0.
  2017 352  3  8  9 503 352.130665556       0.43      1.46     -0.91  0.         666.383       4764.349       7568.833    0.000  -0.138   0.380   0.
  2017 352  3  8 10 503 352.130677130       0.43      1.43     -1.18  0.         665.038       4765.451       7568.884    0.000  -0.138   0.379   0.
  2017 352  3  8 11 504 352.130688704       0.48      1.35     -1.08  0.         663.693       4766.553       7568.934    0.000  -0.138   0.379   0.
  2017 352  3  8 12 504 352.130700278       0.23      1.65     -1.05  0.         662.347       4767.654       7568.984    0.000  -0.138   0.380   0.
  2017 352  3  8 13 504 352.130711852       0.24      1.74     -0.80  0.         661.002       4768.755       7569.034    0.000  -0.138   0.380   0.
  2017 352  3  8 14 504 352.130723426       0.31      2.07     -0.80  0.         659.656       4769.856       7569.083    0.000  -0.138   0.380   0.
  2017 352  3  8 15 504 352.130735000       0.61      1.73     -0.86  0.         658.311       4770.957       7569.132    0.000  -0.138   0.380   0.
  2017 352  3  8 16 503 352.130746574       0.30      1.53     -0.87  0.         656.965       4772.057       7569.180    0.000  -0.138   0.379   0.
  2017 352  3  8 17 503 352.130758148       0.44      1.54     -0.87  0.         655.620       4773.157       7569.227    0.000  -0.138   0.379   0.
  2017 352  3  8 18 503 352.130769720       0.46      1.56     -1.22  0.         654.274       4774.256       7569.275    0.000  -0.138   0.380   0.
  2017 352  3  8 19 503 352.130781293       0.04      1.49     -1.15  0.         652.928       4775.356       7569.321    0.000  -0.138   0.380   0.
  2017 352  3  8 20 503 352.130792867       0.07      1.35     -1.08  0.         651.583       4776.455       7569.368    0.000  -0.138   0.380   0.
  2017 352  3  8 21 503 352.130804442      -0.21      1.45     -1.38  0.         650.237       4777.554       7569.414    0.000  -0.138   0.380   0.
  2017 352  3  8 22 503 352.130816016      -0.06      1.50     -1.23  0.         648.891       4778.652       7569.459    0.000  -0.138   0.380   0.
  2017 352  3  8 23 503 352.130827590       0.08      1.29     -1.30  0.         647.546       4779.751       7569.504    0.000  -0.138   0.380   0.
  2017 352  3  8 24 503 352.130839164       0.19      1.31     -0.90  0.         646.200       4780.849       7569.549    0.000  -0.138   0.380   0.
  2017 352  3  8 25 503 352.130850738       0.35      1.51     -0.54  0.         644.854       4781.946       7569.593    0.000  -0.138   0.380   0.
  2017 352  3  8 26 503 352.130862312       0.76      1.45     -0.43  0.         643.508       4783.044       7569.637    0.000  -0.138   0.379   0.
  2017 352  3  8 27 503 352.130873886       0.43      1.55     -0.82  0.         642.162       4784.141       7569.680    0.000  -0.138   0.379   0.
  2017 352  3  8 28 503 352.130885460       0.45      1.48     -0.97  0.         640.816       4785.238       7569.723    0.000  -0.138   0.380   0.
  2017 352  3  8 29 503 352.130897034       0.09      1.57     -1.00  0.         639.470       4786.334       7569.765    0.000  -0.138   0.380   0.
  2017 352  3  8 30 503 352.130908608      -0.39      1.60     -0.57  0.         638.124       4787.431       7569.807    0.000  -0.138   0.380   0.
  2017 352  3  8 31 503 352.130920182       0.06      1.64     -0.23  0.         636.778       4788.526       7569.848    0.000  -0.138   0.380   0.
  2017 352  3  8 32 503 352.130931756       0.23      1.83     -0.25  0.         635.432       4789.622       7569.889    0.000  -0.138   0.380   0.
  2017 352  3  8 33 503 352.130943330       0.34      1.72     -0.24  0.         634.086       4790.718       7569.930    0.000  -0.138   0.380   0.
  2017 352  3  8 34 503 352.130954904       0.23      1.73     -0.26  0.         632.739       4791.813       7569.970    0.000  -0.138   0.379   0.
  2017 352  3  8 35 503 352.130966479       0.39      1.45     -0.10  0.         631.393       4792.908       7570.009    0.000  -0.138   0.379   0.
  2017 352  3  8 36 503 352.130978053       0.68      1.39     -0.61  0.         630.047       4794.002       7570.049    0.000  -0.138   0.380   0.
  2017 352  3  8 37 503 352.130989627       0.28      1.53     -0.84  0.         628.700       4795.097       7570.087    0.000  -0.138   0.380   0.
  2017 352  3  8 38 503 352.131001201       0.30      1.54     -0.98  0.         627.354       4796.191       7570.126    0.000  -0.138   0.379   0.
  2017 352  3  8 39 503 352.131012775      -0.25      1.95     -1.22  0.         626.008       4797.284       7570.164    0.000  -0.138   0.379   0.
  2017 352  3  8 40 503 352.131024349      -0.77      1.86     -0.63  0.         624.661       4798.378       7570.201    0.000  -0.138   0.379   0.
  2017 352  3  8 41 503 352.131035923      -0.11      1.43      0.11  0.         623.315       4799.471       7570.238    0.000  -0.138   0.379   0.
  2017 352  3  8 42 503 352.131047497       0.19      1.57     -1.11  0.         621.968       4800.564       7570.274    0.000  -0.138   0.380   0.
  2017 352  3  8 43 503 352.131059071      -0.51      1.81     -0.13  0.         620.622       4801.656       7570.310    0.000  -0.138   0.380   0.
  2017 352  3  8 44 503 352.131070645       0.35      1.69     -0.25  0.         619.275       4802.749       7570.346    0.000  -0.138   0.379   0.
  2017 352  3  8 45 503 352.131082219       0.05      1.89     -0.70  0.         617.929       4803.841       7570.381    0.000  -0.138   0.379   0.
  2017 352  3  8 46 503 352.131093793      -0.41      1.93     -0.10  0.         616.582       4804.932       7570.416    0.000  -0.138   0.379   0.
  2017 352  3  8 47 503 352.131105367       0.13      1.88     -0.27  0.         615.235       4806.024       7570.450    0.000  -0.138   0.379   0.
  2017 352  3  8 48 503 352.131116939      -0.07      1.80     -0.65  0.         613.888       4807.115       7570.484    0.000  -0.138   0.379   0.
  2017 352  3  8 49 503 352.131128513      -0.06      1.58     -0.50  0.         612.542       4808.206       7570.517    0.000  -0.138   0.379   0.
  2017 352  3  8 50 503 352.131140087      -0.09      1.70     -0.52  0.         611.195       4809.297       7570.551    0.000  -0.138   0.379   0.
  2017 352  3  8 51 503 352.131151661       0.28      1.51     -0.66  0.         609.848       4810.387       7570.583    0.000  -0.138   0.379   0.
  2017 352  3  8 52 503 352.131163235       0.06      1.55     -0.34  0.         608.501       4811.477       7570.615    0.000  -0.138   0.380   0.
  2017 352  3  8 53 503 352.131174809       0.13      1.62     -0.45  0.         607.154       4812.567       7570.647    0.000  -0.138   0.380   0.
  2017 352  3  8 54 503 352.131186383       0.15      1.57      0.10  0.         605.807       4813.656       7570.678    0.000  -0.138   0.379   0.
  2017 352  3  8 55 503 352.131197957       0.34      1.50     -0.08  0.         604.460       4814.746       7570.708    0.000  -0.138   0.379   0.
  2017 352  3  8 56 503 352.131209531       0.32      1.43     -0.06  0.         603.113       4815.834       7570.739    0.000  -0.138   0.379   0.
  2017 352  3  8 57 503 352.131221105       0.56      1.45     -0.25  0.         601.766       4816.923       7570.769    0.000  -0.138   0.379   0.
  2017 352  3  8 58 503 352.131232679       0.16      1.70     -0.53  0.         600.419       4818.011       7570.798    0.000  -0.138   0.380   0.
  2017 352  3  8 59 503 352.131244253      -0.05      1.73     -0.33  0.         599.072       4819.100       7570.827    0.000  -0.138   0.380   0.
  2017 352  3  9  0 503 352.131255828       0.04      1.94     -0.58  0.         597.725       4820.187       7570.855    0.000  -0.138   0.379   0.
  2017 352  3  9  1 503 352.131267402      -0.15      1.72     -0.08  0.         596.378       4821.275       7570.883    0.000  -0.138   0.379   0.
  2017 352  3  9  2 503 352.131278976       0.48      1.46     -0.36  0.         595.030       4822.362       7570.911    0.000  -0.138   0.380   0.
  2017 352  3  9  3 503 352.131290550      -0.02      1.62     -0.51  0.         593.683       4823.449       7570.938    0.000  -0.138   0.380   0.
  2017 352  3  9  4 503 352.131302124       0.46      1.33     -0.06  0.         592.336       4824.536       7570.965    0.000  -0.138   0.379   0.
  2017 352  3  9  5 503 352.131313698       0.44      1.49     -0.45  0.         590.989       4825.622       7570.991    0.000  -0.138   0.379   0.
  2017 352  3  9  6 503 352.131325272      -0.09      1.53     -0.23  0.         589.641       4826.708       7571.017    0.000  -0.138   0.379   0.
  2017 352  3  9  7 503 352.131336846       0.70      1.29     -0.37  0.         588.294       4827.794       7571.042    0.000  -0.138   0.379   0.
  2017 352  3  9  8 503 352.131348420       0.40      1.65     -1.00  0.         586.946       4828.879       7571.067    0.000  -0.138   0.380   0.
  2017 352  3  9  9 503 352.131359994      -0.47      1.82     -0.97  0.         585.599       4829.965       7571.092    0.000  -0.138   0.380   0.
  2017 352  3  9 10 503 352.131371568       0.16      1.43     -0.03  0.         584.251       4831.050       7571.116    0.000  -0.138   0.379   0.
  2017 352  3  9 11 503 352.131383142      -0.05      1.57     -0.65  0.         582.904       4832.134       7571.139    0.000  -0.138   0.379   0.
  2017 352  3  9 12 503 352.131394716      -0.51      1.49     -0.63  0.         581.556       4833.219       7571.162    0.000  -0.138   0.380   0.
  2017 352  3  9 13 503 352.131406291      -0.29      1.68     -0.64  0.         580.209       4834.303       7571.185    0.000  -0.138   0.380   0.
  2017 352  3  9 14 503 352.131417865      -0.43      1.99     -0.81  0.         578.861       4835.387       7571.207    0.000  -0.138   0.380   0.
  2017 352  3  9 15 503 352.131429439      -0.23      1.71     -0.49  0.         577.513       4836.470       7571.229    0.000  -0.138   0.380   0.
  2017 352  3  9 16 503 352.131441013      -0.22      1.67     -0.45  0.         576.166       4837.553       7571.251    0.000  -0.138   0.379   0.
  2017 352  3  9 17 503 352.131452587      -0.60      1.66     -0.42  0.         574.818       4838.636       7571.271    0.000  -0.138   0.379   0.
  2017 352  3  9 18 503 352.131464159      -0.82      1.67      0.10  0.         573.470       4839.719       7571.292    0.000  -0.138   0.380   0.
  2017 352  3  9 19 503 352.131475732       0.00      1.71      0.02  0.         572.122       4840.801       7571.312    0.000  -0.138   0.380   0.
  2017 352  3  9 20 503 352.131487306      -0.06      1.65     -0.66  0.         570.774       4841.884       7571.332    0.000  -0.138   0.380   0.
  2017 352  3  9 21 503 352.131498880      -0.52      1.81     -0.32  0.         569.427       4842.965       7571.351    0.000  -0.138   0.380   0.
  2017 352  3  9 22 503 352.131510454      -0.43      1.90      0.12  0.         568.079       4844.047       7571.369    0.000  -0.138   0.379   0.
  2017 352  3  9 23 503 352.131522028      -0.03      1.81     -0.22  0.         566.731       4845.128       7571.388    0.000  -0.138   0.379   0.
  2017 352  3  9 24 503 352.131533602      -0.32      1.88     -0.30  0.         565.383       4846.209       7571.405    0.000  -0.138   0.380   0.
  2017 352  3  9 25 503 352.131545177       0.25      1.59     -0.02  0.         564.035       4847.290       7571.423    0.000  -0.138   0.380   0.
  2017 352  3  9 26 503 352.131556751       0.11      1.80     -0.51  0.         562.687       4848.370       7571.440    0.000  -0.138   0.380   0.
  2017 352  3  9 27 503 352.131568325       0.25      1.58     -0.13  0.         561.339       4849.450       7571.456    0.000  -0.138   0.380   0.
  2017 352  3  9 28 503 352.131579899       0.56      1.60     -0.63  0.         559.991       4850.530       7571.472    0.000  -0.138   0.379   0.
  2017 352  3  9 29 503 352.131591473       0.62      1.45     -0.44  0.         558.642       4851.610       7571.488    0.000  -0.138   0.379   0.
  2017 352  3  9 30 503 352.131603047       0.44      1.47     -0.43  0.         557.294       4852.689       7571.503    0.000  -0.138   0.380   0.
  2017 352  3  9 31 503 352.131614621      -0.16      1.67     -0.54  0.         555.946       4853.768       7571.518    0.000  -0.138   0.380   0.
  2017 352  3  9 32 503 352.131626195      -0.14      1.63     -0.86  0.         554.598       4854.847       7571.532    0.000  -0.138   0.380   0.
  2017 352  3  9 33 503 352.131637769      -0.48      1.71     -0.53  0.         553.250       4855.925       7571.546    0.000  -0.138   0.380   0.
  2017 352  3  9 34 503 352.131649343      -0.39      1.61     -0.34  0.         551.901       4857.004       7571.559    0.000  -0.138   0.379   0.
  2017 352  3  9 35 503 352.131660917      -0.36      1.62     -0.03  0.         550.553       4858.081       7571.572    0.000  -0.138   0.379   0.
  2017 352  3  9 36 503 352.131672491      -0.24      1.50     -0.29  0.         549.205       4859.159       7571.585    0.000  -0.138   0.379   0.
  2017 352  3  9 37 503 352.131684065       0.37      1.19     -0.02  0.         547.856       4860.236       7571.597    0.000  -0.138   0.379   0.
  2017 352  3  9 38 503 352.131695639       0.86      1.39     -0.66  0.         546.508       4861.313       7571.608    0.000  -0.138   0.380   0.
  2017 352  3  9 39 503 352.131707214       0.32      1.79     -0.63  0.         545.159       4862.390       7571.619    0.000  -0.138   0.380   0.
  2017 352  3  9 40 503 352.131718788       0.20      1.72     -0.65  0.         543.811       4863.467       7571.630    0.000  -0.138   0.379   0.
  2017 352  3  9 41 503 352.131730362      -0.32      1.83     -0.15  0.         542.462       4864.543       7571.640    0.000  -0.138   0.379   0.
  2017 352  3  9 42 503 352.131741936       0.36      1.68     -0.36  0.         541.114       4865.619       7571.650    0.000  -0.138   0.379   0.
  2017 352  3  9 43 503 352.131753510       0.18      1.82     -0.39  0.         539.765       4866.694       7571.660    0.000  -0.138   0.379   0.
  2017 352  3  9 44 503 352.131765084       0.59      1.31      0.39  0.         538.416       4867.770       7571.669    0.000  -0.138   0.380   0.
  2017 352  3  9 45 503 352.131776658       1.16      0.98     -0.01  0.         537.068       4868.845       7571.677    0.000  -0.138   0.380   0.
  2017 352  3  9 46 503 352.131788232       1.02      1.38      0.04  0.         535.719       4869.919       7571.685    0.000  -0.138   0.380   0.
  2017 352  3  9 47 503 352.131799806       1.57      1.45     -0.17  0.         534.370       4870.994       7571.693    0.000  -0.138   0.380   0.
  2017 352  3  9 48 502 352.131811378       1.43      1.49     -1.34  0.         533.022       4872.068       7571.700    0.000  -0.138   0.380   0.
  2017 352  3  9 49 503 352.131822951       0.92      1.37     -1.16  0.         531.673       4873.142       7571.707    0.000  -0.138   0.380   0.
  2017 352  3  9 50 503 352.131834525       0.76      1.28     -1.07  0.         530.324       4874.215       7571.713    0.000  -0.138   0.379   0.
  2017 352  3  9 51 502 352.131846100      -0.09      1.60     -0.92  0.         528.975       4875.289       7571.719    0.000  -0.138   0.379   0.
  2017 352  3  9 52 502 352.131857674       0.56      1.69     -0.36  0.         527.626       4876.362       7571.724    0.000  -0.138   0.379   0.
  2017 352  3  9 53 503 352.131869248       0.32      1.77     -0.02  0.         526.278       4877.435       7571.729    0.000  -0.138   0.379   0.
  2017 352  3  9 54 503 352.131880822       0.69      1.38      0.14  0.         524.929       4878.507       7571.734    0.000  -0.138   0.380   0.
  2017 352  3  9 55 503 352.131892396       1.13      1.45     -0.34  0.         523.580       4879.579       7571.738    0.000  -0.138   0.380   0.
  2017 352  3  9 56 503 352.131903970       0.52      1.63     -0.97  0.         522.231       4880.651       7571.742    0.000  -0.138   0.379   0.
  2017 352  3  9 57 503 352.131915544       0.25      1.57      0.14  0.         520.882       4881.723       7571.745    0.000  -0.138   0.379   0.
  2017 352  3  9 58 502 352.131927118       0.82      1.20      0.22  0.         519.533       4882.794       7571.748    0.000  -0.138   0.379   0.
  2017 352  3  9 59 502 352.131938692       0.81      1.10     -0.12  0.         518.183       4883.865       7571.750    0.000  -0.138   0.379   0.
  2017 352  3 10  0 502 352.131950266       0.51      1.27      0.30  0.         516.834       4884.936       7571.752    0.000  -0.138   0.379   0.
  2017 352  3 10  1 502 352.131961840       0.65      1.38      0.20  0.         515.485       4886.006       7571.753    0.000  -0.138   0.379   0.
  2017 352  3 10  2 503 352.131973414       1.23      1.34     -0.60  0.         514.136       4887.077       7571.754    0.000  -0.138   0.379   0.
  2017 352  3 10  3 503 352.131984988       0.98      1.41     -0.46  0.         512.787       4888.147       7571.755    0.000  -0.138   0.379   0.
  2017 352  3 10  4 503 352.131996563       1.01      1.32     -0.80  0.         511.438       4889.216       7571.755    0.000  -0.138   0.379   0.
  2017 352  3 10  5 502 352.132008137       0.73      1.32     -1.25  0.         510.088       4890.286       7571.755    0.000  -0.138   0.379   0.
  2017 352  3 10  6 502 352.132019711       0.26      1.52     -1.08  0.         508.739       4891.355       7571.754    0.000  -0.138   0.379   0.
  2017 352  3 10  7 503 352.132031285       0.26      1.48     -0.29  0.         507.390       4892.423       7571.753    0.000  -0.138   0.379   0.
  2017 352  3 10  8 503 352.132042859       0.43      1.53     -0.66  0.         506.040       4893.492       7571.751    0.000  -0.138   0.380   0.
  2017 352  3 10  9 503 352.132054433       0.35      1.42     -0.89  0.         504.691       4894.560       7571.749    0.000  -0.138   0.380   0.
  2017 352  3 10 10 503 352.132066007       0.51      1.57      0.05  0.         503.342       4895.628       7571.746    0.000  -0.138   0.380   0.
  2017 352  3 10 11 502 352.132077581       0.69      1.47      0.68  0.         501.992       4896.696       7571.743    0.000  -0.138   0.380   0.
  2017 352  3 10 12 502 352.132089155       1.12      1.32      0.60  0.         500.643       4897.763       7571.740    0.000  -0.138   0.379   0.
  2017 352  3 10 13 502 352.132100729       1.61      1.48     -0.34  0.         499.293       4898.830       7571.736    0.000  -0.138   0.379   0.
  2017 352  3 10 14 502 352.132112303       0.83      1.86     -1.03  0.         497.944       4899.897       7571.732    0.000  -0.138   0.379   0.
  2017 352  3 10 15 502 352.132123877       1.16      1.68     -0.48  0.         496.594       4900.964       7571.727    0.000  -0.138   0.379   0.
  2017 352  3 10 16 503 352.132135451       0.95      1.78     -0.73  0.         495.245       4902.030       7571.722    0.000  -0.138   0.380   0.
  2017 352  3 10 17 503 352.132147025       0.25      2.03     -0.66  0.         493.895       4903.096       7571.716    0.000  -0.138   0.380   0.
  2017 352  3 10 18 502 352.132158597      -0.07      2.16     -0.47  0.         492.545       4904.161       7571.710    0.000  -0.138   0.379   0.
  2017 352  3 10 19 502 352.132170171       0.09      1.88     -0.31  0.         491.196       4905.227       7571.704    0.000  -0.138   0.379   0.
  2017 352  3 10 20 502 352.132181745       0.17      1.78     -0.62  0.         489.846       4906.292       7571.697    0.000  -0.138   0.380   0.
  2017 352  3 10 21 502 352.132193319      -0.00      1.68     -0.75  0.         488.496       4907.357       7571.690    0.000  -0.138   0.380   0.
  2017 352  3 10 22 502 352.132204893       0.13      1.47     -0.26  0.         487.146       4908.421       7571.682    0.000  -0.138   0.380   0.
  2017 352  3 10 23 502 352.132216467       0.14      1.49     -0.41  0.         485.797       4909.485       7571.674    0.000  -0.138   0.380   0.
  2017 352  3 10 24 502 352.132228041      -0.21      1.56     -0.36  0.         484.447       4910.549       7571.665    0.000  -0.138   0.380   0.
  2017 352  3 10 25 502 352.132239615      -0.08      1.45     -0.22  0.         483.097       4911.613       7571.656    0.000  -0.138   0.380   0.
  2017 352  3 10 26 502 352.132251189       0.24      1.39     -0.04  0.         481.747       4912.676       7571.646    0.000  -0.138   0.379   0.
  2017 352  3 10 27 502 352.132262763      -0.09      1.52     -0.01  0.         480.397       4913.739       7571.636    0.000  -0.138   0.379   0.
  2017 352  3 10 28 502 352.132274337      -0.03      1.55     -0.04  0.         479.047       4914.802       7571.626    0.000  -0.138   0.379   0.
  2017 352  3 10 29 502 352.132285911       0.23      1.47     -0.31  0.         477.697       4915.865       7571.615    0.000  -0.138   0.379   0.
  2017 352  3 10 30 502 352.132297486       0.48      1.57     -0.48  0.         476.347       4916.927       7571.604    0.000  -0.138   0.380   0.
  2017 352  3 10 31 502 352.132309060      -0.10      1.51     -0.13  0.         474.997       4917.989       7571.592    0.000  -0.138   0.380   0.
  2017 352  3 10 32 502 352.132320634       0.26      1.44      0.35  0.         473.647       4919.051       7571.580    0.000  -0.138   0.380   0.
  2017 352  3 10 33 502 352.132332208       0.26      1.33      0.14  0.         472.297       4920.112       7571.567    0.000  -0.138   0.380   0.
  2017 352  3 10 34 502 352.132343782       0.44      1.40     -0.26  0.         470.947       4921.173       7571.554    0.000  -0.138   0.379   0.
  2017 352  3 10 35 502 352.132355356       0.06      1.82     -0.38  0.         469.597       4922.234       7571.540    0.000  -0.138   0.379   0.
  2017 352  3 10 36 502 352.132366930      -0.79      1.82      0.07  0.         468.247       4923.294       7571.527    0.000  -0.138   0.380   0.
  2017 352  3 10 37 502 352.132378504      -0.72      1.80     -0.03  0.         466.897       4924.355       7571.512    0.000  -0.138   0.380   0.
  2017 352  3 10 38 502 352.132390078      -0.12      1.74      0.28  0.         465.547       4925.415       7571.497    0.000  -0.138   0.380   0.
  2017 352  3 10 39 502 352.132401652      -0.30      1.65     -0.81  0.         464.196       4926.474       7571.482    0.000  -0.138   0.380   0.
  2017 352  3 10 40 502 352.132413226      -0.60      1.70      0.04  0.         462.846       4927.534       7571.466    0.000  -0.138   0.380   0.
  2017 352  3 10 41 502 352.132424800      -1.18      2.12     -0.34  0.         461.496       4928.593       7571.450    0.000  -0.138   0.380   0.
  2017 352  3 10 42 502 352.132436374      -1.04      2.10     -0.38  0.         460.146       4929.652       7571.434    0.000  -0.138   0.380   0.
  2017 352  3 10 43 502 352.132447948      -0.32      1.92     -0.62  0.         458.795       4930.710       7571.417    0.000  -0.138   0.380   0.
  2017 352  3 10 44 502 352.132459523       0.20      1.41     -0.32  0.         457.445       4931.769       7571.399    0.000  -0.138   0.380   0.
  2017 352  3 10 45 502 352.132471097       0.16      1.64     -0.59  0.         456.095       4932.827       7571.381    0.000  -0.138   0.380   0.
  2017 352  3 10 46 502 352.132482669       0.51      1.41     -0.25  0.         454.744       4933.884       7571.363    0.000  -0.138   0.379   0.
  2017 352  3 10 47 502 352.132494242       0.32      1.49     -0.20  0.         453.394       4934.942       7571.344    0.000  -0.138   0.379   0.
  2017 352  3 10 48 502 352.132505816       0.51      1.60     -0.52  0.         452.043       4935.999       7571.325    0.000  -0.138   0.380   0.
  2017 352  3 10 49 502 352.132517390       0.39      1.47     -0.13  0.         450.693       4937.055       7571.305    0.000  -0.138   0.380   0.
  2017 352  3 10 50 502 352.132528964       1.01      1.16     -0.43  0.         449.342       4938.112       7571.285    0.000  -0.138   0.380   0.
  2017 352  3 10 51 502 352.132540538       0.15      1.64     -1.36  0.         447.992       4939.169       7571.265    0.000  -0.138   0.380   0.
  2017 352  3 10 52 502 352.132552112       0.46      1.38     -0.62  0.         446.641       4940.225       7571.244    0.000  -0.138   0.379   0.
  2017 352  3 10 53 502 352.132563686      -0.79      1.76     -0.35  0.         445.291       4941.280       7571.223    0.000  -0.138   0.379   0.
  2017 352  3 10 54 502 352.132575260      -0.42      1.41      0.68  0.         443.940       4942.335       7571.201    0.000  -0.138   0.380   0.
  2017 352  3 10 55 502 352.132586834      -0.11      1.25      0.29  0.         442.589       4943.391       7571.179    0.000  -0.138   0.380   0.
  2017 352  3 10 56 502 352.132598409      -0.52      1.68     -0.39  0.         441.239       4944.445       7571.156    0.000  -0.138   0.379   0.
  2017 352  3 10 57 502 352.132609983      -0.93      2.06     -0.19  0.         439.888       4945.500       7571.133    0.000  -0.138   0.379   0.
  2017 352  3 10 58 502 352.132621557      -0.20      1.73      0.55  0.         438.537       4946.554       7571.109    0.000  -0.138   0.379   0.
  2017 352  3 10 59 502 352.132633131       0.61      1.43     -0.54  0.         437.186       4947.608       7571.085    0.000  -0.138   0.379   0.
  2017 352  3 11  0 502 352.132644705       0.87      1.27     -0.94  0.         435.836       4948.662       7571.061    0.000  -0.138   0.380   0.
  2017 352  3 11  1 502 352.132656279       0.79      1.54     -1.56  0.         434.485       4949.715       7571.036    0.000  -0.138   0.380   0.
  2017 352  3 11  2 502 352.132667853       0.29      1.40     -0.13  0.         433.134       4950.769       7571.010    0.000  -0.138   0.380   0.
  2017 352  3 11  3 502 352.132679427       0.74      1.58     -0.60  0.         431.783       4951.821       7570.985    0.000  -0.138   0.380   0.
  2017 352  3 11  4 502 352.132691001       0.40      1.75     -0.91  0.         430.432       4952.874       7570.959    0.000  -0.138   0.380   0.
  2017 352  3 11  5 502 352.132702575       0.18      1.64     -0.49  0.         429.081       4953.926       7570.932    0.000  -0.138   0.380   0.
  2017 352  3 11  6 502 352.132714149       0.46      1.45     -0.43  0.         427.731       4954.978       7570.905    0.000  -0.138   0.379   0.
  2017 352  3 11  7 502 352.132725723       0.35      1.40     -0.13  0.         426.380       4956.030       7570.877    0.000  -0.138   0.379   0.
  2017 352  3 11  8 502 352.132737297       0.48      1.30     -0.06  0.         425.029       4957.081       7570.849    0.000  -0.138   0.380   0.
  2017 352  3 11  9 502 352.132748871       0.76      1.17     -0.41  0.         423.678       4958.132       7570.821    0.000  -0.138   0.380   0.
  2017 352  3 11 10 502 352.132760446       0.38      1.33     -0.73  0.         422.327       4959.183       7570.792    0.000  -0.138   0.379   0.
  2017 352  3 11 11 502 352.132772020       0.23      1.48     -0.35  0.         420.976       4960.234       7570.763    0.000  -0.138   0.379   0.
  2017 352  3 11 12 502 352.132783594       1.19      1.07     -0.24  0.         419.625       4961.284       7570.733    0.000  -0.138   0.380   0.
  2017 352  3 11 13 502 352.132795168       1.02      1.24     -0.70  0.         418.273       4962.334       7570.703    0.000  -0.138   0.380   0.
  2017 352  3 11 14 502 352.132806742       0.78      1.27     -0.27  0.         416.922       4963.384       7570.673    0.000  -0.138   0.380   0.
  2017 352  3 11 15 502 352.132818316       1.18      1.16     -0.21  0.         415.571       4964.433       7570.642    0.000  -0.138   0.380   0.
  2017 352  3 11 16 502 352.132829888       1.24      1.21     -0.36  0.         414.220       4965.482       7570.610    0.000  -0.138   0.379   0.
  2017 352  3 11 17 502 352.132841461       1.06      1.28     -1.20  0.         412.869       4966.531       7570.578    0.000  -0.138   0.379   0.
  2017 352  3 11 18 502 352.132853035       0.46      1.36     -1.11  0.         411.518       4967.580       7570.546    0.000  -0.138   0.380   0.
  2017 352  3 11 19 502 352.132864609       0.84      1.29     -0.81  0.         410.166       4968.628       7570.513    0.000  -0.138   0.380   0.
  2017 352  3 11 20 502 352.132876183       0.70      1.23     -1.25  0.         408.815       4969.676       7570.480    0.000  -0.138   0.379   0.
  2017 352  3 11 21 502 352.132887758       0.13      1.28     -1.00  0.         407.464       4970.724       7570.447    0.000  -0.138   0.379   0.
  2017 352  3 11 22 502 352.132899332      -0.03      1.35     -0.73  0.         406.113       4971.771       7570.413    0.000  -0.138   0.379   0.
  2017 352  3 11 23 502 352.132910906       0.08      1.30     -0.95  0.         404.761       4972.818       7570.378    0.000  -0.138   0.379   0.
  2017 352  3 11 24 502 352.132922480       0.05      1.22     -0.80  0.         403.410       4973.865       7570.343    0.000  -0.138   0.379   0.
  2017 352  3 11 25 502 352.132934054       0.25      1.38     -0.51  0.         402.059       4974.912       7570.308    0.000  -0.138   0.379   0.
  2017 352  3 11 26 502 352.132945628       0.55      1.40     -0.31  0.         400.707       4975.958       7570.272    0.000  -0.138   0.379   0.
  2017 352  3 11 27 502 352.132957202       0.75      1.23     -0.55  0.         399.356       4977.004       7570.236    0.000  -0.138   0.379   0.
  2017 352  3 11 28 502 352.132968776       0.23      1.62     -0.92  0.         398.004       4978.050       7570.199    0.000  -0.138   0.380   0.
  2017 352  3 11 29 502 352.132980350       0.05      1.65     -0.11  0.         396.653       4979.095       7570.162    0.000  -0.138   0.380   0.
  2017 352  3 11 30 502 352.132991924       1.67      1.13     -0.69  0.         395.301       4980.140       7570.125    0.000  -0.138   0.380   0.
  2017 352  3 11 31 502 352.133003498       0.26      1.61     -1.31  0.         393.950       4981.185       7570.087    0.000  -0.138   0.380   0.
  2017 352  3 11 32 502 352.133015072       1.30      0.94     -0.30  0.         392.598       4982.230       7570.048    0.000  -0.138   0.380   0.
  2017 352  3 11 33 502 352.133026646       2.85      1.09     -1.38  0.         391.247       4983.274       7570.010    0.000  -0.138   0.380   0.
  2017 352  3 11 34 502 352.133038221       1.50      0.56     -1.55  0.         389.895       4984.318       7569.970    0.000  -0.138   0.379   0.
  2017 352  3 11 35 502 352.133049795       0.50      0.87      0.34  0.         388.544       4985.362       7569.931    0.000  -0.138   0.379   0.
  2017 352  3 11 36 502 352.133061369       0.67      1.26     -0.59  0.         387.192       4986.405       7569.890    0.000  -0.138   0.380   0.
  2017 352  3 11 37 502 352.133072943       0.40      1.49     -0.67  0.         385.840       4987.449       7569.850    0.000  -0.138   0.380   0.
  2017 352  3 11 38 502 352.133084517       0.62      1.28     -1.23  0.         384.489       4988.491       7569.809    0.000  -0.138   0.380   0.
  2017 352  3 11 39 502 352.133096091       0.54      1.33     -1.68  0.         383.137       4989.534       7569.768    0.000  -0.138   0.380   0.
  2017 352  3 11 40 502 352.133107665      -0.27      1.83     -1.06  0.         381.785       4990.576       7569.726    0.000  -0.138   0.379   0.
  2017 352  3 11 41 502 352.133119239       0.01      1.64      0.06  0.         380.434       4991.618       7569.683    0.000  -0.138   0.379   0.
  2017 352  3 11 42 502 352.133130813       0.20      1.79     -0.30  0.         379.082       4992.660       7569.641    0.000  -0.138   0.380   0.
  2017 352  3 11 43 502 352.133142387       0.49      1.52     -0.04  0.         377.730       4993.701       7569.598    0.000  -0.138   0.380   0.
  2017 352  3 11 44 502 352.133153961       0.73      1.53     -0.47  0.         376.378       4994.743       7569.554    0.000  -0.138   0.380   0.
  2017 352  3 11 45 502 352.133165535       0.52      1.81     -0.72  0.         375.026       4995.783       7569.510    0.000  -0.138   0.380   0.
  2017 352  3 11 46 502 352.133177107      -0.03      2.07     -0.33  0.         373.675       4996.824       7569.465    0.000  -0.138   0.380   0.
  2017 352  3 11 47 501 352.133188681       0.40      2.14     -0.41  0.         372.323       4997.864       7569.421    0.000  -0.138   0.380   0.
  2017 352  3 11 48 501 352.133200255       0.85      1.40     -0.85  0.         370.971       4998.904       7569.375    0.000  -0.138   0.379   0.
  2017 352  3 11 49 502 352.133211829       0.25      1.63     -0.57  0.         369.619       4999.944       7569.330    0.000  -0.138   0.379   0.
  2017 352  3 11 50 502 352.133223403       0.86      1.57     -0.21  0.         368.267       5000.983       7569.283    0.000  -0.138   0.380   0.
  2017 352  3 11 51 502 352.133234977       0.65      1.81     -0.86  0.         366.915       5002.023       7569.237    0.000  -0.138   0.380   0.
  2017 352  3 11 52 502 352.133246551       0.78      1.99     -0.91  0.         365.563       5003.062       7569.190    0.000  -0.138   0.380   0.
  2017 352  3 11 53 501 352.133258125      -0.13      1.90     -0.45  0.         364.211       5004.100       7569.142    0.000  -0.138   0.380   0.
  2017 352  3 11 54 501 352.133269699      -0.10      2.08     -0.42  0.         362.859       5005.138       7569.094    0.000  -0.138   0.379   0.
  2017 352  3 11 55 501 352.133281273       0.20      1.66     -0.79  0.         361.507       5006.176       7569.046    0.000  -0.138   0.379   0.
  2017 352  3 11 56 501 352.133292847       0.56      1.45     -0.65  0.         360.155       5007.214       7568.997    0.000  -0.138   0.380   0.
  2017 352  3 11 57 501 352.133304421       0.45      1.49     -0.22  0.         358.803       5008.252       7568.948    0.000  -0.138   0.380   0.
  2017 352  3 11 58 502 352.133315995       0.56      1.63     -0.15  0.         357.451       5009.289       7568.898    0.000  -0.138   0.380   0.
  2017 352  3 11 59 502 352.133327569       0.20      2.00      0.01  0.         356.099       5010.326       7568.848    0.000  -0.138   0.380   0.
  2017 352  3 12  0 501 352.133339143      -0.19      2.01     -0.70  0.         354.747       5011.362       7568.798    0.000  -0.138   0.380   0.
  2017 352  3 12  1 501 352.133350718      -0.28      1.54     -0.70  0.         353.394       5012.398       7568.747    0.000  -0.138   0.380   0.
  2017 352  3 12  2 502 352.133362292      -0.09      1.55     -0.01  0.         352.042       5013.434       7568.695    0.000  -0.138   0.380   0.
  2017 352  3 12  3 502 352.133373866       0.04      1.55     -0.03  0.         350.690       5014.470       7568.644    0.000  -0.138   0.380   0.
  2017 352  3 12  4 502 352.133385440       0.49      1.28     -0.20  0.         349.338       5015.506       7568.591    0.000  -0.138   0.380   0.
  2017 352  3 12  5 502 352.133397014       0.95      1.04     -0.27  0.         347.986       5016.541       7568.539    0.000  -0.138   0.380   0.
  2017 352  3 12  6 502 352.133408588       0.51      1.57     -0.94  0.         346.633       5017.575       7568.485    0.000  -0.138   0.379   0.
  2017 352  3 12  7 501 352.133420162      -0.44      2.42     -0.43  0.         345.281       5018.610       7568.432    0.000  -0.138   0.379   0.
  2017 352  3 12  8 501 352.133431736      -0.77      2.25      0.36  0.         343.929       5019.645       7568.378    0.000  -0.138   0.379   0.
  2017 352  3 12  9 501 352.133443310       1.13      1.47      0.43  0.         342.577       5020.679       7568.324    0.000  -0.138   0.379   0.
  2017 352  3 12 10 501 352.133454884       1.67      1.25     -0.30  0.         341.224       5021.712       7568.269    0.000  -0.138   0.379   0.
  2017 352  3 12 11 501 352.133466458       1.04      1.56     -1.14  0.         339.872       5022.746       7568.214    0.000  -0.138   0.379   0.
  2017 352  3 12 12 502 352.133478032       1.01      1.57     -1.11  0.         338.520       5023.779       7568.158    0.000  -0.138   0.379   0.
  2017 352  3 12 13 502 352.133489607       1.10      1.29     -0.67  0.         337.167       5024.812       7568.102    0.000  -0.138   0.379   0.
  2017 352  3 12 14 501 352.133501181       0.59      1.58     -0.61  0.         335.815       5025.844       7568.045    0.000  -0.138   0.379   0.
  2017 352  3 12 15 501 352.133512755       0.01      1.84     -0.88  0.         334.462       5026.877       7567.988    0.000  -0.138   0.379   0.
  2017 352  3 12 16 502 352.133524327       0.13      1.54     -0.67  0.         333.110       5027.908       7567.931    0.000  -0.138   0.380   0.
  2017 352  3 12 17 501 352.133535900       0.80      1.42      0.11  0.         331.758       5028.940       7567.873    0.000  -0.138   0.380   0.
  2017 352  3 12 18 501 352.133547474       0.89      1.34     -0.03  0.         330.405       5029.972       7567.815    0.000  -0.138   0.379   0.
  2017 352  3 12 19 501 352.133559048       0.01      1.80     -0.65  0.         329.053       5031.003       7567.756    0.000  -0.138   0.379   0.
  2017 352  3 12 20 501 352.133570622      -0.21      1.53      0.48  0.         327.700       5032.034       7567.697    0.000  -0.138   0.379   0.
  2017 352  3 12 21 501 352.133582196      -0.98      2.04     -0.19  0.         326.347       5033.064       7567.637    0.000  -0.138   0.379   0.
  2017 352  3 12 22 501 352.133593770      -0.58      1.77     -1.85  0.         324.995       5034.095       7567.577    0.000  -0.138   0.380   0.
  2017 352  3 12 23 501 352.133605344       0.12      1.46     -0.43  0.         323.642       5035.125       7567.517    0.000  -0.138   0.380   0.
  2017 352  3 12 24 501 352.133616918       0.38      1.34      0.70  0.         322.290       5036.154       7567.456    0.000  -0.138   0.379   0.
  2017 352  3 12 25 501 352.133628492       0.23      1.53      0.46  0.         320.937       5037.184       7567.395    0.000  -0.138   0.379   0.
  2017 352  3 12 26 501 352.133640067       0.73      1.44     -0.71  0.         319.585       5038.213       7567.333    0.000  -0.138   0.380   0.
  2017 352  3 12 27 501 352.133651641       1.57      1.37     -0.50  0.         318.232       5039.242       7567.271    0.000  -0.138   0.380   0.
  2017 352  3 12 28 501 352.133663215       1.64      1.25     -0.82  0.         316.879       5040.270       7567.208    0.000  -0.138   0.379   0.
  2017 352  3 12 29 501 352.133674789       1.08      1.15     -1.04  0.         315.527       5041.299       7567.145    0.000  -0.138   0.379   0.
  2017 352  3 12 30 501 352.133686363       0.89      1.14     -0.41  0.         314.174       5042.327       7567.082    0.000  -0.138   0.380   0.
  2017 352  3 12 31 501 352.133697937       0.56      1.38     -1.22  0.         312.821       5043.354       7567.018    0.000  -0.138   0.380   0.
  2017 352  3 12 32 501 352.133709511       1.22      1.13     -0.94  0.         311.468       5044.382       7566.953    0.000  -0.138   0.380   0.
  2017 352  3 12 33 501 352.133721085       1.40      1.26     -0.61  0.         310.116       5045.409       7566.889    0.000  -0.138   0.380   0.
  2017 352  3 12 34 501 352.133732659       1.18      1.14     -0.61  0.         308.763       5046.436       7566.824    0.000  -0.138   0.380   0.
  2017 352  3 12 35 501 352.133744233       0.52      1.29     -0.67  0.         307.410       5047.462       7566.758    0.000  -0.138   0.380   0.
  2017 352  3 12 36 501 352.133755807       0.51      1.24     -0.72  0.         306.057       5048.489       7566.692    0.000  -0.138   0.379   0.
  2017 352  3 12 37 501 352.133767381       0.43      1.24     -0.95  0.         304.704       5049.515       7566.625    0.000  -0.138   0.379   0.
  2017 352  3 12 38 501 352.133778955       0.88      1.15     -0.41  0.         303.352       5050.540       7566.559    0.000  -0.138   0.379   0.
  2017 352  3 12 39 501 352.133790529       1.42      1.01      0.17  0.         301.999       5051.566       7566.491    0.000  -0.138   0.379   0.
  2017 352  3 12 40 501 352.133802104       1.68      1.28     -0.81  0.         300.646       5052.591       7566.424    0.000  -0.138   0.379   0.
  2017 352  3 12 41 501 352.133813678       0.70      1.50     -2.21  0.         299.293       5053.616       7566.355    0.000  -0.138   0.379   0.
  2017 352  3 12 42 501 352.133825252      -0.39      2.13     -2.74  0.         297.940       5054.640       7566.287    0.000  -0.138   0.380   0.
  2017 352  3 12 43 501 352.133836826      -0.34      1.94     -0.66  0.         296.587       5055.665       7566.218    0.000  -0.138   0.380   0.
  2017 352  3 12 44 501 352.133848400      -0.26      1.64     -0.77  0.         295.234       5056.689       7566.148    0.000  -0.138   0.379   0.
  2017 352  3 12 45 501 352.133859974       0.68      1.17     -0.22  0.         293.881       5057.712       7566.078    0.000  -0.138   0.379   0.
  2017 352  3 12 46 501 352.133871546       0.95      0.99     -0.10  0.         292.528       5058.736       7566.008    0.000  -0.138   0.379   0.
  2017 352  3 12 47 501 352.133883119       1.21      0.79     -0.80  0.         291.175       5059.759       7565.937    0.000  -0.138   0.379   0.
  2017 352  3 12 48 501 352.133894693       0.98      1.13     -1.26  0.         289.822       5060.782       7565.866    0.000  -0.138   0.380   0.
  2017 352  3 12 49 501 352.133906267       0.91      1.67     -0.16  0.         288.469       5061.804       7565.794    0.000  -0.138   0.380   0.
  2017 352  3 12 50 501 352.133917841       1.28      1.20     -0.55  0.         287.116       5062.826       7565.722    0.000  -0.138   0.379   0.
  2017 352  3 12 51 501 352.133929415       0.49      1.23     -1.22  0.         285.763       5063.848       7565.650    0.000  -0.138   0.379   0.
  2017 352  3 12 52 501 352.133940990       0.20      1.27     -0.63  0.         284.410       5064.870       7565.577    0.000  -0.138   0.379   0.
  2017 352  3 12 53 501 352.133952564      -0.41      1.57     -0.71  0.         283.057       5065.892       7565.504    0.000  -0.138   0.379   0.
  2017 352  3 12 54 501 352.133964138      -0.18      1.27     -0.93  0.         281.704       5066.913       7565.430    0.000  -0.138   0.380   0.
  2017 352  3 12 55 501 352.133975712      -0.02      1.34     -0.92  0.         280.351       5067.934       7565.356    0.000  -0.138   0.380   0.
  2017 352  3 12 56 501 352.133987286       0.32      1.23     -0.51  0.         278.998       5068.954       7565.281    0.000  -0.138   0.379   0.
  2017 352  3 12 57 501 352.133998860       0.82      0.98     -0.71  0.         277.644       5069.974       7565.206    0.000  -0.138   0.379   0.
  2017 352  3 12 58 501 352.134010434       0.63      1.37     -0.53  0.         276.291       5070.994       7565.131    0.000  -0.138   0.379   0.
  2017 352  3 12 59 501 352.134022008       0.36      1.68     -0.42  0.         274.938       5072.014       7565.055    0.000  -0.138   0.379   0.
  2017 352  3 13  0 501 352.134033582       0.86      1.43     -0.33  0.         273.585       5073.033       7564.978    0.000  -0.138   0.380   0.
  2017 352  3 13  1 501 352.134045156       0.57      1.56     -1.00  0.         272.232       5074.053       7564.902    0.000  -0.138   0.380   0.
  2017 352  3 13  2 501 352.134056730       0.01      1.60     -0.04  0.         270.879       5075.071       7564.824    0.000  -0.138   0.379   0.
  2017 352  3 13  3 501 352.134068304       0.54      1.42      0.18  0.         269.525       5076.090       7564.747    0.000  -0.138   0.379   0.
  2017 352  3 13  4 501 352.134079878       1.16      1.14      0.08  0.         268.172       5077.108       7564.669    0.000  -0.138   0.379   0.
  2017 352  3 13  5 501 352.134091453       1.25      1.16      0.49  0.         266.819       5078.126       7564.590    0.000  -0.138   0.379   0.
  2017 352  3 13  6 501 352.134103027       0.62      1.53     -0.12  0.         265.465       5079.144       7564.511    0.000  -0.138   0.380   0.
  2017 352  3 13  7 501 352.134114601       0.73      1.36     -1.08  0.         264.112       5080.161       7564.432    0.000  -0.138   0.380   0.
  2017 352  3 13  8 501 352.134126175       1.19      1.07     -1.06  0.         262.759       5081.178       7564.352    0.000  -0.138   0.379   0.
  2017 352  3 13  9 501 352.134137749       0.54      1.81     -0.42  0.         261.405       5082.195       7564.272    0.000  -0.138   0.379   0.
  2017 352  3 13 10 501 352.134149323       0.03      1.92     -0.09  0.         260.052       5083.212       7564.192    0.000  -0.138   0.379   0.
  2017 352  3 13 11 501 352.134160897       0.13      1.82      0.78  0.         258.699       5084.228       7564.111    0.000  -0.138   0.379   0.
  2017 352  3 13 12 501 352.134172471       0.62      1.54      0.12  0.         257.345       5085.244       7564.029    0.000  -0.138   0.380   0.
  2017 352  3 13 13 501 352.134184045       0.32      1.63     -0.12  0.         255.992       5086.260       7563.947    0.000  -0.138   0.380   0.
  2017 352  3 13 14 501 352.134195619       1.10      1.38     -0.29  0.         254.639       5087.275       7563.865    0.000  -0.138   0.380   0.
  2017 352  3 13 15 501 352.134207193       1.32      1.26     -0.03  0.         253.285       5088.290       7563.782    0.000  -0.138   0.380   0.
  2017 352  3 13 16 501 352.134218765       0.88      1.50      0.74  0.         251.932       5089.305       7563.699    0.000  -0.138   0.380   0.
  2017 352  3 13 17 501 352.134230339       0.86      1.56      0.60  0.         250.578       5090.319       7563.615    0.000  -0.138   0.380   0.
  2017 352  3 13 18 501 352.134241913       0.90      1.48      0.08  0.         249.225       5091.334       7563.531    0.000  -0.138   0.379   0.
  2017 352  3 13 19 501 352.134253487      -0.17      2.00     -0.01  0.         247.871       5092.348       7563.447    0.000  -0.138   0.379   0.
  2017 352  3 13 20 501 352.134265061      -0.72      2.25     -0.32  0.         246.518       5093.361       7563.362    0.000  -0.138   0.380   0.
  2017 352  3 13 21 501 352.134276635      -0.38      2.19     -0.00  0.         245.164       5094.375       7563.277    0.000  -0.138   0.380   0.
  2017 352  3 13 22 501 352.134288209      -0.60      2.28      0.24  0.         243.811       5095.388       7563.191    0.000  -0.138   0.380   0.
  2017 352  3 13 23 501 352.134299783       0.03      1.91      0.71  0.         242.457       5096.401       7563.105    0.000  -0.138   0.380   0.
  2017 352  3 13 24 501 352.134311357      -0.24      2.03      0.27  0.         241.104       5097.413       7563.018    0.000  -0.138   0.380   0.
  2017 352  3 13 25 501 352.134322931      -0.27      1.57     -0.99  0.         239.750       5098.425       7562.931    0.000  -0.138   0.380   0.
  2017 352  3 13 26 501 352.134334505       0.11      1.31     -1.29  0.         238.397       5099.437       7562.844    0.000  -0.138   0.380   0.
  2017 352  3 13 27 501 352.134346079       0.17      1.19     -1.30  0.         237.043       5100.449       7562.756    0.000  -0.138   0.380   0.
  2017 352  3 13 28 501 352.134357653       0.46      1.17     -1.31  0.         235.689       5101.460       7562.668    0.000  -0.138   0.380   0.
  2017 352  3 13 29 501 352.134369227       1.05      0.87     -1.10  0.         234.336       5102.471       7562.579    0.000  -0.138   0.380   0.
  2017 352  3 13 30 501 352.134380802       0.69      1.11     -1.30  0.         232.982       5103.482       7562.490    0.000  -0.138   0.379   0.
  2017 352  3 13 31 501 352.134392376       0.43      1.05     -1.25  0.         231.629       5104.493       7562.400    0.000  -0.138   0.379   0.
  2017 352  3 13 32 501 352.134403950       1.17      1.10     -0.90  0.         230.275       5105.503       7562.310    0.000  -0.138   0.380   0.
  2017 352  3 13 33 501 352.134415524       1.07      1.53     -0.89  0.         228.921       5106.513       7562.220    0.000  -0.138   0.380   0.
  2017 352  3 13 34 501 352.134427098       0.08      1.75      0.02  0.         227.568       5107.523       7562.129    0.000  -0.138   0.380   0.
  2017 352  3 13 35 501 352.134438672       0.09      1.71      0.57  0.         226.214       5108.532       7562.038    0.000  -0.138   0.380   0.
  2017 352  3 13 36 501 352.134450246       0.06      1.94      0.47  0.         224.860       5109.541       7561.946    0.000  -0.138   0.379   0.
  2017 352  3 13 37 501 352.134461820       0.07      2.15     -0.01  0.         223.506       5110.550       7561.854    0.000  -0.138   0.379   0.
  2017 352  3 13 38 501 352.134473394       0.59      2.57     -0.64  0.         222.153       5111.558       7561.761    0.000  -0.138   0.380   0.
  2017 352  3 13 39 501 352.134484968      -0.35      2.81     -1.52  0.         220.799       5112.566       7561.668    0.000  -0.138   0.380   0.
  2017 352  3 13 40 501 352.134496542      -0.59      1.94     -1.62  0.         219.445       5113.574       7561.575    0.000  -0.138   0.379   0.
  2017 352  3 13 41 501 352.134508116      -0.30      1.81     -1.09  0.         218.091       5114.582       7561.481    0.000  -0.138   0.379   0.
  2017 352  3 13 42 501 352.134519690       0.03      1.78     -0.71  0.         216.738       5115.589       7561.387    0.000  -0.138   0.380   0.
  2017 352  3 13 43 501 352.134531264       0.25      1.68     -0.79  0.         215.384       5116.596       7561.292    0.000  -0.138   0.380   0.
  2017 352  3 13 44 501 352.134542839       0.43      1.53     -0.76  0.         214.030       5117.603       7561.197    0.000  -0.138   0.379   0.
  2017 352  3 13 45 501 352.134554413       0.27      1.39     -0.41  0.         212.676       5118.610       7561.101    0.000  -0.138   0.379   0.
  2017 352  3 13 46 501 352.134565984       0.37      1.48     -0.70  0.         211.322       5119.616       7561.005    0.000  -0.138   0.380   0.
  2017 352  3 13 47 501 352.134577558       0.24      1.60     -1.31  0.         209.969       5120.622       7560.910    0.000  -0.138   0.380   0.
  2017 352  3 13 48 501 352.134589132      -0.26      1.66     -0.77  0.         208.615       5121.627       7560.813    0.000  -0.138   0.380   0.
  2017 352  3 13 49 500 352.134600706       0.23      1.46      0.07  0.         207.261       5122.633       7560.715    0.000  -0.138   0.380   0.
  2017 352  3 13 50 500 352.134612280       0.94      1.16     -0.17  0.         205.907       5123.638       7560.618    0.000  -0.138   0.380   0.
  2017 352  3 13 51 500 352.134623854       1.23      0.98     -1.35  0.         204.553       5124.643       7560.520    0.000  -0.138   0.380   0.
  2017 352  3 13 52 500 352.134635428       1.00      1.08     -1.72  0.         203.199       5125.647       7560.421    0.000  -0.138   0.379   0.
  2017 352  3 13 53 500 352.134647002       0.33      1.09     -2.32  0.         201.845       5126.651       7560.322    0.000  -0.138   0.379   0.
  2017 352  3 13 54 501 352.134658576      -0.65      1.52     -1.71  0.         200.491       5127.655       7560.223    0.000  -0.138   0.380   0.
  2017 352  3 13 55 501 352.134670150      -0.58      1.48     -1.23  0.         199.137       5128.659       7560.123    0.000  -0.138   0.380   0.
  2017 352  3 13 56 500 352.134681725      -0.19      1.40     -1.40  0.         197.784       5129.662       7560.023    0.000  -0.138   0.380   0.
  2017 352  3 13 57 500 352.134693299      -0.33      1.57     -1.33  0.         196.430       5130.665       7559.922    0.000  -0.138   0.380   0.
  2017 352  3 13 58 501 352.134704873      -0.74      1.86     -1.04  0.         195.076       5131.668       7559.821    0.000  -0.138   0.379   0.
  2017 352  3 13 59 501 352.134716447      -0.33      1.62      0.15  0.         193.722       5132.670       7559.720    0.000  -0.138   0.379   0.
  2017 352  3 14  0 501 352.134728021       0.62      1.32      0.15  0.         192.368       5133.673       7559.618    0.000  -0.138   0.380   0.
  2017 352  3 14  1 501 352.134739595       0.75      1.24      0.30  0.         191.014       5134.675       7559.516    0.000  -0.138   0.380   0.
  2017 352  3 14  2 501 352.134751169      -0.06      1.67      0.52  0.         189.660       5135.676       7559.413    0.000  -0.138   0.380   0.
  2017 352  3 14  3 500 352.134762743       0.33      1.79      0.14  0.         188.306       5136.677       7559.310    0.000  -0.138   0.380   0.
  2017 352  3 14  4 500 352.134774317       0.14      1.84      0.57  0.         186.952       5137.679       7559.206    0.000  -0.138   0.379   0.
  2017 352  3 14  5 500 352.134785891      -0.22      2.02      0.11  0.         185.598       5138.679       7559.102    0.000  -0.138   0.379   0.
  2017 352  3 14  6 500 352.134797465      -0.12      1.68      0.51  0.         184.243       5139.680       7558.998    0.000  -0.138   0.380   0.
  2017 352  3 14  7 500 352.134809039       0.74      1.25      0.58  0.         182.889       5140.680       7558.893    0.000  -0.138   0.380   0.
  2017 352  3 14  8 501 352.134820613       1.04      1.02      0.94  0.         181.535       5141.680       7558.787    0.000  -0.138   0.380   0.
  2017 352  3 14  9 501 352.134832188       1.29      1.13      1.28  0.         180.181       5142.679       7558.682    0.000  -0.138   0.380   0.
  2017 352  3 14 10 500 352.134843762       1.35      1.18      1.02  0.         178.827       5143.679       7558.576    0.000  -0.138   0.380   0.
  2017 352  3 14 11 500 352.134855336       0.71      1.86      0.98  0.         177.473       5144.678       7558.469    0.000  -0.138   0.380   0.
  2017 352  3 14 12 501 352.134866910       0.70      1.61     -0.09  0.         176.119       5145.676       7558.362    0.000  -0.138   0.380   0.
  2017 352  3 14 13 501 352.134878484       1.26      1.31     -0.29  0.         174.765       5146.675       7558.255    0.000  -0.138   0.380   0.
  2017 352  3 14 14 501 352.134890056       0.89      1.36     -0.76  0.         173.411       5147.673       7558.147    0.000  -0.138   0.379   0.
  2017 352  3 14 15 500 352.134901629       1.30      1.13      0.20  0.         172.057       5148.671       7558.039    0.000  -0.138   0.379   0.
  2017 352  3 14 16 500 352.134913203       2.04      1.07      0.02  0.         170.702       5149.668       7557.930    0.000  -0.138   0.380   0.
  2017 352  3 14 17 500 352.134924777       1.25      1.24      0.16  0.         169.348       5150.666       7557.821    0.000  -0.138   0.380   0.
  2017 352  3 14 18 500 352.134936351       0.74      1.44      0.24  0.         167.994       5151.663       7557.711    0.000  -0.138   0.379   0.
  2017 352  3 14 19 500 352.134947925       0.36      1.53      0.21  0.         166.640       5152.659       7557.602    0.000  -0.138   0.379   0.
  2017 352  3 14 20 500 352.134959499      -0.26      1.87     -0.25  0.         165.286       5153.656       7557.491    0.000  -0.138   0.379   0.
  2017 352  3 14 21 500 352.134971073       0.16      1.49     -0.30  0.         163.932       5154.652       7557.380    0.000  -0.138   0.379   0.
  2017 352  3 14 22 500 352.134982648       0.68      1.24     -0.42  0.         162.577       5155.648       7557.269    0.000  -0.138   0.380   0.
  2017 352  3 14 23 500 352.134994222       0.69      1.34     -0.99  0.         161.223       5156.643       7557.157    0.000  -0.138   0.380   0.
  2017 352  3 14 24 500 352.135005796      -0.04      1.67     -1.17  0.         159.869       5157.639       7557.046    0.000  -0.138   0.380   0.
  2017 352  3 14 25 500 352.135017370      -0.24      1.76     -0.62  0.         158.515       5158.634       7556.933    0.000  -0.138   0.380   0.
  2017 352  3 14 26 500 352.135028944      -0.19      1.74     -0.61  0.         157.160       5159.628       7556.820    0.000  -0.138   0.379   0.
  2017 352  3 14 27 500 352.135040518      -0.31      1.36     -0.85  0.         155.806       5160.623       7556.707    0.000  -0.138   0.379   0.
  2017 352  3 14 28 500 352.135052092      -0.28      1.51     -0.38  0.         154.452       5161.617       7556.593    0.000  -0.138   0.379   0.
  2017 352  3 14 29 500 352.135063666       0.18      1.58      0.21  0.         153.098       5162.611       7556.479    0.000  -0.138   0.379   0.
  2017 352  3 14 30 500 352.135075240       1.06      1.39     -0.70  0.         151.743       5163.604       7556.364    0.000  -0.138   0.380   0.
  2017 352  3 14 31 500 352.135086814       0.27      1.59     -0.85  0.         150.389       5164.598       7556.249    0.000  -0.138   0.380   0.
  2017 352  3 14 32 500 352.135098388       0.30      1.11      0.65  0.         149.035       5165.591       7556.134    0.000  -0.138   0.379   0.
  2017 352  3 14 33 500 352.135109962       0.71      1.27      0.21  0.         147.681       5166.583       7556.018    0.000  -0.138   0.379   0.
  2017 352  3 14 34 500 352.135121536       0.61      1.74     -0.73  0.         146.326       5167.576       7555.902    0.000  -0.138   0.379   0.
  2017 352  3 14 35 500 352.135133111       0.62      1.46     -2.13  0.         144.972       5168.568       7555.785    0.000  -0.138   0.379   0.
  2017 352  3 14 36 500 352.135144685       0.57      1.56     -1.21  0.         143.618       5169.559       7555.668    0.000  -0.138   0.380   0.
  2017 352  3 14 37 500 352.135156259       1.02      1.36     -1.43  0.         142.263       5170.551       7555.550    0.000  -0.138   0.380   0.
  2017 352  3 14 38 500 352.135167833       0.92      1.38     -1.68  0.         140.909       5171.542       7555.433    0.000  -0.138   0.380   0.
  2017 352  3 14 39 500 352.135179407       0.35      1.51     -1.29  0.         139.555       5172.533       7555.314    0.000  -0.138   0.380   0.
  2017 352  3 14 40 500 352.135190981       0.14      1.52     -1.05  0.         138.200       5173.524       7555.195    0.000  -0.138   0.379   0.
  2017 352  3 14 41 500 352.135202555      -0.06      1.49     -1.22  0.         136.846       5174.514       7555.076    0.000  -0.138   0.379   0.
  2017 352  3 14 42 500 352.135214129      -0.39      1.54     -1.35  0.         135.492       5175.504       7554.956    0.000  -0.138   0.380   0.
  2017 352  3 14 43 500 352.135225703       0.40      1.21     -1.64  0.         134.137       5176.494       7554.836    0.000  -0.138   0.380   0.
  2017 352  3 14 44 500 352.135237275       0.79      1.53     -0.49  0.         132.783       5177.484       7554.716    0.000  -0.138   0.380   0.
  2017 352  3 14 45 500 352.135248848       0.84      1.47     -0.56  0.         131.428       5178.473       7554.595    0.000  -0.138   0.380   0.
  2017 352  3 14 46 500 352.135260422       0.45      1.25     -1.17  0.         130.074       5179.462       7554.474    0.000  -0.138   0.379   0.
  2017 352  3 14 47 500 352.135271997       1.04      1.06     -0.94  0.         128.720       5180.451       7554.352    0.000  -0.138   0.379   0.
  2017 352  3 14 48 500 352.135283571       1.29      1.03     -0.13  0.         127.365       5181.439       7554.230    0.000  -0.138   0.380   0.
  2017 352  3 14 49 500 352.135295145       1.26      1.17     -0.35  0.         126.011       5182.427       7554.107    0.000  -0.138   0.380   0.
  2017 352  3 14 50 500 352.135306719       1.09      1.41     -0.41  0.         124.656       5183.415       7553.984    0.000  -0.138   0.380   0.
  2017 352  3 14 51 500 352.135318293       0.92      1.56     -0.73  0.         123.302       5184.402       7553.861    0.000  -0.138   0.380   0.
  2017 352  3 14 52 500 352.135329867       0.35      1.72     -0.39  0.         121.947       5185.390       7553.737    0.000  -0.138   0.379   0.
  2017 352  3 14 53 500 352.135341441       0.35      1.56     -0.12  0.         120.593       5186.376       7553.613    0.000  -0.138   0.379   0.
  2017 352  3 14 54 500 352.135353015       0.34      1.64      0.00  0.         119.238       5187.363       7553.488    0.000  -0.138   0.379   0.
  2017 352  3 14 55 500 352.135364589       0.58      1.57     -0.02  0.         117.884       5188.350       7553.363    0.000  -0.138   0.379   0.
  2017 352  3 14 56 500 352.135376163       0.70      1.53     -0.29  0.         116.530       5189.336       7553.237    0.000  -0.138   0.380   0.
  2017 352  3 14 57 500 352.135387737       0.42      1.61     -0.42  0.         115.175       5190.321       7553.111    0.000  -0.138   0.380   0.
  2017 352  3 14 58 500 352.135399311       0.00      1.76     -0.52  0.         113.821       5191.307       7552.985    0.000  -0.138   0.380   0.
  2017 352  3 14 59 500 352.135410885      -0.23      1.79     -0.50  0.         112.466       5192.292       7552.858    0.000  -0.138   0.380   0.
  2017 352  3 15  0 500 352.135422460       0.10      1.70     -0.60  0.         111.112       5193.277       7552.731    0.000  -0.138   0.380   0.
  2017 352  3 15  1 500 352.135434034      -0.08      1.88     -0.71  0.         109.757       5194.261       7552.603    0.000  -0.138   0.380   0.
  2017 352  3 15  2 500 352.135445608       0.30      1.81     -0.03  0.         108.403       5195.246       7552.475    0.000  -0.138   0.380   0.
  2017 352  3 15  3 500 352.135457182       0.68      1.53      0.11  0.         107.048       5196.230       7552.347    0.000  -0.138   0.380   0.
  2017 352  3 15  4 500 352.135468756       0.97      1.40     -0.27  0.         105.694       5197.214       7552.218    0.000  -0.138   0.380   0.
  2017 352  3 15  5 500 352.135480330       0.72      1.38     -0.64  0.         104.339       5198.197       7552.089    0.000  -0.138   0.380   0.
  2017 352  3 15  6 500 352.135491904       0.51      1.20     -1.08  0.         102.984       5199.180       7551.959    0.000  -0.138   0.380   0.
  2017 352  3 15  7 500 352.135503478      -0.05      1.07     -1.46  0.         101.630       5200.163       7551.829    0.000  -0.138   0.380   0.
  2017 352  3 15  8 500 352.135515052      -0.09      1.19     -0.92  0.         100.276       5201.146       7551.698    0.000  -0.138   0.380   0.
  2017 352  3 15  9 500 352.135526626       0.22      1.40     -0.50  0.          98.921       5202.128       7551.567    0.000  -0.138   0.380   0.
  2017 352  3 15 10 500 352.135538200       0.38      1.37     -0.35  0.          97.566       5203.110       7551.436    0.000  -0.138   0.380   0.
  2017 352  3 15 11 500 352.135549774       0.22      1.27     -0.27  0.          96.212       5204.092       7551.304    0.000  -0.138   0.380   0.
  2017 352  3 15 12 500 352.135561348      -0.11      1.27     -0.67  0.          94.857       5205.073       7551.172    0.000  -0.138   0.380   0.
  2017 352  3 15 13 500 352.135572923       0.15      1.49     -0.91  0.          93.503       5206.054       7551.039    0.000  -0.138   0.380   0.
  2017 352  3 15 14 500 352.135584494       0.32      1.55     -1.18  0.          92.148       5207.035       7550.906    0.000  -0.138   0.379   0.
  2017 352  3 15 15 500 352.135596068       0.85      1.03     -0.78  0.          90.794       5208.016       7550.773    0.000  -0.138   0.379   0.
  2017 352  3 15 16 500 352.135607642       0.82      1.13     -0.93  0.          89.439       5208.996       7550.639    0.000  -0.138   0.380   0.
  2017 352  3 15 17 500 352.135619216       1.18      1.54     -0.47  0.          88.084       5209.976       7550.504    0.000  -0.138   0.380   0.
  2017 352  3 15 18 500 352.135630790       1.22      1.64     -0.45  0.          86.730       5210.956       7550.370    0.000  -0.138   0.379   0.
  2017 352  3 15 19 500 352.135642364       1.22      1.42     -0.28  0.          85.375       5211.935       7550.234    0.000  -0.138   0.379   0.
  2017 352  3 15 20 500 352.135653938       1.47      1.54     -0.12  0.          84.021       5212.914       7550.099    0.000  -0.138   0.379   0.
  2017 352  3 15 21 500 352.135665512       1.41      1.37     -0.20  0.          82.666       5213.893       7549.963    0.000  -0.138   0.379   0.
  2017 352  3 15 22 500 352.135677086       0.85      1.30     -0.52  0.          81.311       5214.872       7549.826    0.000  -0.138   0.379   0.
  2017 352  3 15 23 500 352.135688660       0.16      1.50     -1.59  0.          79.957       5215.850       7549.689    0.000  -0.138   0.379   0.
  2017 352  3 15 24 500 352.135700234       0.29      1.66     -0.61  0.          78.602       5216.828       7549.552    0.000  -0.138   0.379   0.
  2017 352  3 15 25 500 352.135711808       0.65      1.55      0.08  0.          77.247       5217.806       7549.415    0.000  -0.138   0.379   0.
  2017 352  3 15 26 500 352.135723383       0.45      1.85     -0.16  0.          75.893       5218.783       7549.276    0.000  -0.138   0.380   0.
  2017 352  3 15 27 500 352.135734957       1.26      1.00     -0.31  0.          74.538       5219.760       7549.138    0.000  -0.138   0.380   0.
  2017 352  3 15 28 500 352.135746531       0.69      1.39      0.80  0.          73.184       5220.737       7548.999    0.000  -0.138   0.380   0.
  2017 352  3 15 29 500 352.135758105       0.02      1.96      0.56  0.          71.829       5221.714       7548.860    0.000  -0.138   0.380   0.
  2017 352  3 15 30 500 352.135769679       0.48      2.02      0.47  0.          70.475       5222.690       7548.720    0.000  -0.138   0.379   0.
  2017 352  3 15 31 500 352.135781253      -0.88      2.10      0.43  0.          69.120       5223.666       7548.580    0.000  -0.138   0.379   0.
  2017 352  3 15 32 500 352.135792827      -1.25      2.24     -0.58  0.          67.765       5224.642       7548.439    0.000  -0.138   0.379   0.
  2017 352  3 15 33 500 352.135804401      -1.24      2.01     -0.44  0.          66.410       5225.617       7548.298    0.000  -0.138   0.379   0.
  2017 352  3 15 34 500 352.135815975      -0.14      1.92     -1.08  0.          65.056       5226.592       7548.156    0.000  -0.138   0.380   0.
  2017 352  3 15 35 500 352.135827549      -0.28      1.79     -0.17  0.          63.701       5227.567       7548.015    0.000  -0.138   0.380   0.
  2017 352  3 15 36 500 352.135839123       0.52      1.55      0.10  0.          62.346       5228.541       7547.872    0.000  -0.138   0.379   0.
  2017 352  3 15 37 500 352.135850697       0.36      1.37      0.94  0.          60.992       5229.516       7547.730    0.000  -0.138   0.379   0.
  2017 352  3 15 38 500 352.135862271       1.35      1.08      0.97  0.          59.637       5230.490       7547.587    0.000  -0.138   0.380   0.
  2017 352  3 15 39 500 352.135873846       1.60      1.27     -0.70  0.          58.282       5231.463       7547.443    0.000  -0.138   0.380   0.
  2017 352  3 15 40 500 352.135885420       1.03      1.05     -0.01  0.          56.928       5232.437       7547.299    0.000  -0.138   0.380   0.
  2017 352  3 15 41 500 352.135896994       0.86      1.58     -1.45  0.          55.573       5233.410       7547.155    0.000  -0.138   0.380   0.
  2017 352  3 15 42 500 352.135908568       0.15      2.01     -1.25  0.          54.218       5234.382       7547.010    0.000  -0.138   0.380   0.
  2017 352  3 15 43 500 352.135920142      -0.43      2.59      0.31  0.          52.864       5235.355       7546.865    0.000  -0.138   0.380   0.
  2017 352  3 15 44 500 352.135931713      -0.03      1.88      0.94  0.          51.509       5236.327       7546.719    0.000  -0.138   0.379   0.
  2017 352  3 15 45 499 352.135943287      -0.11      2.52      0.89  0.          50.154       5237.299       7546.573    0.000  -0.138   0.379   0.
  2017 352  3 15 46 499 352.135954861      -0.31      2.39     -0.21  0.          48.800       5238.271       7546.427    0.000  -0.138   0.380   0.
  2017 352  3 15 47 499 352.135966435       0.50      2.62     -0.21  0.          47.445       5239.242       7546.280    0.000  -0.138   0.380   0.
  2017 352  3 15 48 499 352.135978009       0.62      2.24     -0.81  0.          46.090       5240.213       7546.132    0.000  -0.138   0.379   0.
  2017 352  3 15 49 499 352.135989583       0.47      1.86     -0.51  0.          44.735       5241.184       7545.985    0.000  -0.138   0.379   0.
  2017 352  3 15 50 500 352.136001157       0.83      1.71     -0.68  0.          43.381       5242.154       7545.837    0.000  -0.138   0.379   0.
  2017 352  3 15 51 500 352.136012732       0.63      1.74     -0.63  0.          42.026       5243.125       7545.688    0.000  -0.138   0.379   0.
  2017 352  3 15 52 499 352.136024306      -0.20      2.25     -0.26  0.          40.671       5244.094       7545.539    0.000  -0.138   0.380   0.
  2017 352  3 15 53 499 352.136035880      -0.35      1.73      0.91  0.          39.316       5245.064       7545.390    0.000  -0.138   0.380   0.
  2017 352  3 15 54 500 352.136047454      -0.57      1.96      0.80  0.          37.962       5246.033       7545.240    0.000  -0.138   0.380   0.
  2017 352  3 15 55 500 352.136059028      -1.11      2.19     -0.04  0.          36.607       5247.002       7545.090    0.000  -0.138   0.380   0.
  2017 352  3 15 56 500 352.136070602       0.30      1.86      1.17  0.          35.252       5247.971       7544.939    0.000  -0.138   0.379   0.
  2017 352  3 15 57 500 352.136082176       1.81      2.26     -0.83  0.          33.898       5248.940       7544.788    0.000  -0.138   0.379   0.
  2017 352  3 15 58 499 352.136093750       1.37      2.11     -0.53  0.          32.543       5249.908       7544.637    0.000  -0.138   0.379   0.
  2017 352  3 15 59 499 352.136105324       0.86      1.48     -0.85  0.          31.188       5250.876       7544.485    0.000  -0.138   0.379   0.
  2017 352  3 16  0 499 352.136116898       1.29      1.19     -0.91  0.          29.833       5251.843       7544.332    0.000  -0.138   0.380   0.
  2017 352  3 16  1 499 352.136128472       0.93      1.13     -0.51  0.          28.479       5252.811       7544.180    0.000  -0.138   0.380   0.
  2017 352  3 16  2 499 352.136140046       0.99      1.29     -1.71  0.          27.124       5253.778       7544.027    0.000  -0.138   0.379   0.
  2017 352  3 16  3 500 352.136151620       1.13      1.10     -0.53  0.          25.769       5254.744       7543.873    0.000  -0.138   0.379   0.
  2017 352  3 16  4 500 352.136163194       1.33      1.01     -0.45  0.          24.415       5255.711       7543.719    0.000  -0.138   0.379   0.
  2017 352  3 16  5 499 352.136174769       1.26      1.28     -0.50  0.          23.060       5256.677       7543.565    0.000  -0.138   0.379   0.
  2017 352  3 16  6 499 352.136186343       1.76      0.94     -0.71  0.          21.705       5257.643       7543.410    0.000  -0.138   0.380   0.
  2017 352  3 16  7 500 352.136197917       1.84      1.23     -1.78  0.          20.351       5258.608       7543.255    0.000  -0.138   0.380   0.
  2017 352  3 16  8 500 352.136209491       0.56      1.77     -1.64  0.          18.996       5259.573       7543.099    0.000  -0.138   0.379   0.
  2017 352  3 16  9 500 352.136221065       0.53      1.70     -1.40  0.          17.641       5260.538       7542.943    0.000  -0.138   0.379   0.
  2017 352  3 16 10 500 352.136232639       0.98      1.42     -1.54  0.          16.286       5261.503       7542.787    0.000  -0.138   0.379   0.
  2017 352  3 16 11 500 352.136244213       1.29      1.31     -1.10  0.          14.931       5262.468       7542.630    0.000  -0.138   0.379   0.
  2017 352  3 16 12 499 352.136255787       0.22      1.64     -0.28  0.          13.577       5263.432       7542.473    0.000  -0.138   0.380   0.
  2017 352  3 16 13 499 352.136267361       0.24      1.60     -0.80  0.          12.222       5264.395       7542.315    0.000  -0.138   0.380   0.
  2017 352  3 16 14 499 352.136278933       0.82      1.22     -0.95  0.          10.867       5265.359       7542.157    0.000  -0.138   0.379   0.
  2017 352  3 16 15 499 352.136290506       0.91      1.35     -1.06  0.           9.512       5266.322       7541.998    0.000  -0.138   0.379   0.
  2017 352  3 16 16 499 352.136302080       0.06      1.83     -1.42  0.           8.158       5267.285       7541.839    0.000  -0.138   0.379   0.
  2017 352  3 16 17 499 352.136313655      -0.91      2.20     -0.50  0.           6.803       5268.248       7541.680    0.000  -0.138   0.379   0.
  2017 352  3 16 18 499 352.136325229      -0.54      2.14      0.43  0.           5.448       5269.210       7541.520    0.000  -0.138   0.380   0.
  2017 352  3 16 19 499 352.136336803      -0.53      1.79      0.29  0.           4.094       5270.172       7541.360    0.000  -0.138   0.380   0.
  2017 352  3 16 20 499 352.136348377       0.46      1.28      1.01  0.           2.739       5271.134       7541.199    0.000  -0.138   0.380   0.
  2017 352  3 16 21 499 352.136359951       2.05      0.53     -0.02  0.           1.384       5272.096       7541.038    0.000  -0.138   0.380   0.
  2017 352  3 16 22 499 352.136371525       1.53      1.03     -0.85  0.           0.029       5273.057       7540.877    0.000  -0.138   0.380   0.
  2017 352  3 16 23 499 352.136383099       1.34      1.01     -0.51  0.          -1.325       5274.018       7540.715    0.000  -0.138   0.380   0.
  2017 352  3 16 24 499 352.136394673       1.35      0.98     -0.21  0.          -2.680       5274.978       7540.553    0.000  -0.138   0.379   0.
  2017 352  3 16 25 499 352.136406247       1.35      1.15     -0.16  0.          -4.035       5275.939       7540.390    0.000  -0.138   0.379   0.
  2017 352  3 16 26 499 352.136417821       1.33      1.69     -0.02  0.          -5.390       5276.899       7540.227    0.000  -0.138   0.379   0.
  2017 352  3 16 27 499 352.136429395      -0.14      2.10     -0.15  0.          -6.745       5277.859       7540.064    0.000  -0.138   0.379   0.
  2017 352  3 16 28 499 352.136440969       0.77      1.85     -0.93  0.          -8.099       5278.818       7539.900    0.000  -0.138   0.380   0.
  2017 352  3 16 29 499 352.136452543       0.29      1.59     -1.27  0.          -9.454       5279.777       7539.736    0.000  -0.138   0.380   0.
  2017 352  3 16 30 499 352.136464117       0.81      1.36     -0.24  0.         -10.809       5280.736       7539.571    0.000  -0.138   0.380   0.
  2017 352  3 16 31 499 352.136475692       0.97      1.34     -1.28  0.         -12.164       5281.695       7539.406    0.000  -0.138   0.380   0.
  2017 352  3 16 32 499 352.136487266       0.80      1.36     -1.50  0.         -13.518       5282.653       7539.240    0.000  -0.138   0.379   0.
  2017 352  3 16 33 499 352.136498840       1.23      1.23     -1.20  0.         -14.873       5283.611       7539.074    0.000  -0.138   0.379   0.
  2017 352  3 16 34 499 352.136510414       1.78      0.76     -1.71  0.         -16.227       5284.569       7538.908    0.000  -0.138   0.380   0.
  2017 352  3 16 35 499 352.136521988       1.01      1.77     -1.96  0.         -17.582       5285.526       7538.741    0.000  -0.138   0.380   0.
  2017 352  3 16 36 499 352.136533562       1.63      1.29     -2.34  0.         -18.937       5286.484       7538.574    0.000  -0.138   0.380   0.
  2017 352  3 16 37 499 352.136545136       0.82      1.95     -1.85  0.         -20.292       5287.440       7538.406    0.000  -0.138   0.380   0.
  2017 352  3 16 38 499 352.136556710      -0.30      2.04     -0.49  0.         -21.647       5288.397       7538.238    0.000  -0.138   0.379   0.
  2017 352  3 16 39 499 352.136568284       0.25      1.57     -0.90  0.         -23.001       5289.353       7538.070    0.000  -0.138   0.379   0.
  2017 352  3 16 40 499 352.136579858       0.66      1.45     -1.20  0.         -24.356       5290.309       7537.901    0.000  -0.138   0.379   0.
  2017 352  3 16 41 499 352.136591432       0.18      1.63     -0.82  0.         -25.711       5291.265       7537.731    0.000  -0.138   0.379   0.
  2017 352  3 16 42 499 352.136603006       0.98      1.01     -0.42  0.         -27.065       5292.220       7537.562    0.000  -0.138   0.380   0.
  2017 352  3 16 43 499 352.136614580       1.31      0.93     -0.93  0.         -28.420       5293.176       7537.392    0.000  -0.138   0.380   0.
  2017 352  3 16 44 499 352.136626152       0.84      1.20     -1.17  0.         -29.775       5294.130       7537.221    0.000  -0.138   0.379   0.
  2017 352  3 16 45 499 352.136637726       0.52      1.09     -1.10  0.         -31.130       5295.085       7537.050    0.000  -0.138   0.379   0.
  2017 352  3 16 46 499 352.136649300       0.30      1.23     -0.43  0.         -32.485       5296.039       7536.879    0.000  -0.138   0.379   0.
  2017 352  3 16 47 499 352.136660874       0.17      1.43     -0.39  0.         -33.839       5296.993       7536.707    0.000  -0.138   0.379   0.
  2017 352  3 16 48 499 352.136672448       0.96      1.22     -0.77  0.         -35.194       5297.947       7536.535    0.000  -0.138   0.380   0.
  2017 352  3 16 49 499 352.136684022       1.01      1.21     -0.58  0.         -36.548       5298.900       7536.362    0.000  -0.138   0.380   0.
  2017 352  3 16 50 499 352.136695596       1.10      1.54     -0.22  0.         -37.903       5299.853       7536.189    0.000  -0.138   0.380   0.
  2017 352  3 16 51 499 352.136707170       1.35      1.58     -1.07  0.         -39.258       5300.806       7536.016    0.000  -0.138   0.380   0.
  2017 352  3 16 52 499 352.136718744       1.11      1.53     -1.15  0.         -40.613       5301.759       7535.842    0.000  -0.138   0.380   0.
  2017 352  3 16 53 499 352.136730318       0.68      1.15     -2.38  0.         -41.967       5302.711       7535.668    0.000  -0.138   0.380   0.
  2017 352  3 16 54 499 352.136741892       0.84      0.61     -1.97  0.         -43.322       5303.663       7535.493    0.000  -0.138   0.379   0.
  2017 352  3 16 55 499 352.136753466       1.51      1.00     -0.17  0.         -44.677       5304.615       7535.318    0.000  -0.138   0.379   0.
  2017 352  3 16 56 499 352.136765041       1.03      1.54     -0.39  0.         -46.032       5305.566       7535.142    0.000  -0.138   0.380   0.
  2017 352  3 16 57 499 352.136776615       0.64      1.49      0.22  0.         -47.386       5306.517       7534.966    0.000  -0.138   0.380   0.
  2017 352  3 16 58 499 352.136788189       0.49      2.05     -0.07  0.         -48.741       5307.468       7534.790    0.000  -0.138   0.380   0.
  2017 352  3 16 59 499 352.136799763       0.51      1.86     -0.63  0.         -50.096       5308.418       7534.614    0.000  -0.138   0.380   0.
  2017 352  3 17  0 499 352.136811337       0.22      1.79     -0.26  0.         -51.450       5309.369       7534.436    0.000  -0.138   0.379   0.
  2017 352  3 17  1 499 352.136822911       0.74      1.35      0.12  0.         -52.805       5310.319       7534.259    0.000  -0.138   0.379   0.
  2017 352  3 17  2 499 352.136834485       0.38      1.52     -0.28  0.         -54.160       5311.268       7534.081    0.000  -0.138   0.380   0.
  2017 352  3 17  3 499 352.136846059       0.10      1.76     -0.63  0.         -55.514       5312.217       7533.903    0.000  -0.138   0.380   0.
  2017 352  3 17  4 499 352.136857633       0.43      1.52     -1.26  0.         -56.869       5313.167       7533.724    0.000  -0.138   0.380   0.
  2017 352  3 17  5 499 352.136869207       0.57      1.33     -1.21  0.         -58.224       5314.115       7533.545    0.000  -0.138   0.380   0.
  2017 352  3 17  6 499 352.136880781       0.87      1.23     -1.09  0.         -59.578       5315.064       7533.365    0.000  -0.138   0.380   0.
  2017 352  3 17  7 499 352.136892355       1.03      1.23     -0.86  0.         -60.933       5316.012       7533.185    0.000  -0.138   0.380   0.
  2017 352  3 17  8 499 352.136903929       1.39      1.12     -0.58  0.         -62.288       5316.960       7533.005    0.000  -0.138   0.380   0.
  2017 352  3 17  9 499 352.136915504       2.13      1.04     -0.90  0.         -63.642       5317.908       7532.824    0.000  -0.138   0.380   0.
  2017 352  3 17 10 499 352.136927077       2.36      0.60     -0.54  0.         -64.997       5318.855       7532.642    0.000  -0.138   0.380   0.
  2017 352  3 17 11 499 352.136938652       2.31      1.03     -0.72  0.         -66.352       5319.802       7532.461    0.000  -0.138   0.380   0.
  2017 352  3 17 12 499 352.136950226       2.13      0.94     -0.82  0.         -67.706       5320.749       7532.279    0.000  -0.138   0.380   0.
  2017 352  3 17 13 499 352.136961800       1.67      0.97     -1.79  0.         -69.061       5321.695       7532.096    0.000  -0.138   0.380   0.
  2017 352  3 17 14 499 352.136973372       0.82      1.01     -1.29  0.         -70.415       5322.641       7531.913    0.000  -0.138   0.380   0.
  2017 352  3 17 15 499 352.136984945       1.12      0.82     -1.01  0.         -71.770       5323.587       7531.730    0.000  -0.138   0.380   0.
  2017 352  3 17 16 499 352.136996519       0.88      1.13     -0.64  0.         -73.125       5324.533       7531.547    0.000  -0.138   0.379   0.
  2017 352  3 17 17 499 352.137008093       1.06      1.23     -0.00  0.         -74.479       5325.478       7531.362    0.000  -0.138   0.379   0.
  2017 352  3 17 18 499 352.137019667       0.65      1.42      0.25  0.         -75.834       5326.423       7531.178    0.000  -0.138   0.380   0.
  2017 352  3 17 19 499 352.137031241       0.23      1.60     -0.32  0.         -77.189       5327.368       7530.993    0.000  -0.138   0.380   0.
  2017 352  3 17 20 499 352.137042815       0.80      1.35     -0.13  0.         -78.543       5328.312       7530.807    0.000  -0.138   0.380   0.
  2017 352  3 17 21 499 352.137054389       1.28      1.62      0.08  0.         -79.898       5329.256       7530.622    0.000  -0.138   0.380   0.
  2017 352  3 17 22 499 352.137065964       0.92      1.96     -0.18  0.         -81.253       5330.200       7530.436    0.000  -0.138   0.380   0.
  2017 352  3 17 23 499 352.137077538       1.33      1.50      0.06  0.         -82.607       5331.143       7530.249    0.000  -0.138   0.380   0.
  2017 352  3 17 24 499 352.137089112       1.42      1.16     -0.05  0.         -83.962       5332.087       7530.062    0.000  -0.138   0.380   0.
  2017 352  3 17 25 499 352.137100686       1.42      1.20     -0.67  0.         -85.316       5333.030       7529.875    0.000  -0.138   0.380   0.
  2017 352  3 17 26 499 352.137112260       1.59      0.92     -0.45  0.         -86.671       5333.972       7529.687    0.000  -0.138   0.380   0.
  2017 352  3 17 27 499 352.137123834       1.49      1.72     -0.02  0.         -88.025       5334.915       7529.498    0.000  -0.138   0.380   0.
  2017 352  3 17 28 499 352.137135408       1.04      1.63     -0.38  0.         -89.380       5335.857       7529.310    0.000  -0.138   0.379   0.
  2017 352  3 17 29 499 352.137146982       0.67      1.23     -1.38  0.         -90.735       5336.799       7529.121    0.000  -0.138   0.379   0.
  2017 352  3 17 30 499 352.137158556       1.44      1.12     -0.88  0.         -92.089       5337.740       7528.931    0.000  -0.138   0.380   0.
  2017 352  3 17 31 499 352.137170130       1.26      1.11     -0.23  0.         -93.444       5338.681       7528.742    0.000  -0.138   0.380   0.
  2017 352  3 17 32 499 352.137181704       1.79      1.30     -1.17  0.         -94.798       5339.622       7528.551    0.000  -0.138   0.380   0.
  2017 352  3 17 33 499 352.137193278       0.68      1.48     -1.45  0.         -96.153       5340.563       7528.361    0.000  -0.138   0.380   0.
  2017 352  3 17 34 499 352.137204852       1.41      1.28     -1.65  0.         -97.508       5341.503       7528.169    0.000  -0.138   0.380   0.
  2017 352  3 17 35 499 352.137216427       1.42      0.92     -1.20  0.         -98.862       5342.443       7527.978    0.000  -0.138   0.380   0.
  2017 352  3 17 36 499 352.137228001       1.79      0.78     -0.63  0.        -100.217       5343.383       7527.786    0.000  -0.138   0.380   0.
  2017 352  3 17 37 499 352.137239575       0.60      1.32     -1.16  0.        -101.571       5344.323       7527.594    0.000  -0.138   0.380   0.
  2017 352  3 17 38 499 352.137251149       0.49      1.30     -0.84  0.        -102.926       5345.262       7527.401    0.000  -0.138   0.379   0.
  2017 352  3 17 39 499 352.137262723       0.68      1.13     -1.03  0.        -104.280       5346.201       7527.208    0.000  -0.138   0.379   0.
  2017 352  3 17 40 499 352.137274297       0.84      1.21     -0.89  0.        -105.635       5347.139       7527.014    0.000  -0.138   0.380   0.
  2017 352  3 17 41 499 352.137285871       0.56      1.50      0.04  0.        -106.989       5348.078       7526.820    0.000  -0.138   0.380   0.
  2017 352  3 17 42 499 352.137297445       0.90      1.56     -0.48  0.        -108.344       5349.016       7526.626    0.000  -0.138   0.379   0.
  2017 352  3 17 43 499 352.137309019       0.99      1.59     -1.23  0.        -109.698       5349.953       7526.431    0.000  -0.138   0.379   0.
  2017 352  3 17 44 498 352.137320591       0.74      1.79     -0.78  0.        -111.053       5350.891       7526.236    0.000  -0.138   0.380   0.
  2017 352  3 17 45 498 352.137332164       0.38      2.03      0.04  0.        -112.407       5351.828       7526.040    0.000  -0.138   0.380   0.
  2017 352  3 17 46 499 352.137343738       0.02      1.97      0.45  0.        -113.762       5352.765       7525.844    0.000  -0.138   0.379   0.
  2017 352  3 17 47 499 352.137355313       0.12      1.84      0.18  0.        -115.116       5353.701       7525.648    0.000  -0.138   0.379   0.
  2017 352  3 17 48 498 352.137366887       0.92      1.60     -0.78  0.        -116.471       5354.638       7525.451    0.000  -0.138   0.380   0.
  2017 352  3 17 49 499 352.137378461       1.54      1.82     -0.95  0.        -117.825       5355.574       7525.254    0.000  -0.138   0.380   0.
  2017 352  3 17 50 499 352.137390035       0.37      1.78      0.12  0.        -119.180       5356.509       7525.056    0.000  -0.138   0.380   0.
  2017 352  3 17 51 499 352.137401609       0.93      1.60      0.78  0.        -120.534       5357.445       7524.858    0.000  -0.138   0.380   0.
  2017 352  3 17 52 499 352.137413183       1.45      1.26      0.05  0.        -121.889       5358.380       7524.660    0.000  -0.138   0.380   0.
  2017 352  3 17 53 499 352.137424757       1.97      1.14     -0.46  0.        -123.243       5359.315       7524.461    0.000  -0.138   0.380   0.
  2017 352  3 17 54 498 352.137436331       1.75      1.22     -0.42  0.        -124.597       5360.249       7524.261    0.000  -0.138   0.379   0.
  2017 352  3 17 55 498 352.137447905       1.73      0.91     -0.13  0.        -125.952       5361.183       7524.062    0.000  -0.138   0.379   0.
  2017 352  3 17 56 498 352.137459479       0.92      1.44     -0.09  0.        -127.306       5362.117       7523.862    0.000  -0.138   0.379   0.
  2017 352  3 17 57 498 352.137471053       0.73      1.54     -0.25  0.        -128.661       5363.051       7523.661    0.000  -0.138   0.379   0.
  2017 352  3 17 58 498 352.137482627       1.03      1.45     -0.26  0.        -130.015       5363.984       7523.460    0.000  -0.138   0.380   0.
  2017 352  3 17 59 499 352.137494201       1.10      1.53     -0.45  0.        -131.369       5364.917       7523.259    0.000  -0.138   0.380   0.
  2017 352  3 18  0 499 352.137505775       0.93      1.39     -0.11  0.        -132.724       5365.850       7523.057    0.000  -0.138   0.380   0.
  2017 352  3 18  1 498 352.137517350       0.70      1.27     -0.59  0.        -134.078       5366.783       7522.855    0.000  -0.138   0.380   0.
  2017 352  3 18  2 498 352.137528924       0.55      1.23     -0.63  0.        -135.433       5367.715       7522.653    0.000  -0.138   0.380   0.
  2017 352  3 18  3 499 352.137540498       0.49      1.41     -0.23  0.        -136.787       5368.647       7522.450    0.000  -0.138   0.380   0.
  2017 352  3 18  4 499 352.137552072       0.68      1.52     -0.46  0.        -138.141       5369.579       7522.246    0.000  -0.138   0.380   0.
  2017 352  3 18  5 499 352.137563646       0.62      1.45     -0.28  0.        -139.496       5370.510       7522.042    0.000  -0.138   0.380   0.
  2017 352  3 18  6 499 352.137575220       0.06      1.53     -0.30  0.        -140.850       5371.441       7521.838    0.000  -0.138   0.380   0.
  2017 352  3 18  7 499 352.137586794       0.23      1.57     -0.37  0.        -142.204       5372.372       7521.634    0.000  -0.138   0.380   0.
  2017 352  3 18  8 498 352.137598368       0.43      1.64     -0.22  0.        -143.559       5373.302       7521.429    0.000  -0.138   0.380   0.
  2017 352  3 18  9 498 352.137609942       0.63      1.77     -0.40  0.        -144.913       5374.232       7521.223    0.000  -0.138   0.380   0.
  2017 352  3 18 10 498 352.137621516       0.88      1.83     -0.25  0.        -146.267       5375.162       7521.017    0.000  -0.138   0.380   0.
  2017 352  3 18 11 498 352.137633090       0.56      1.62     -0.77  0.        -147.622       5376.092       7520.811    0.000  -0.138   0.380   0.
  2017 352  3 18 12 498 352.137644662       0.89      1.44     -0.67  0.        -148.976       5377.021       7520.605    0.000  -0.138   0.380   0.
  2017 352  3 18 13 498 352.137656236       0.82      1.84     -0.43  0.        -150.330       5377.950       7520.398    0.000  -0.138   0.380   0.
  2017 352  3 18 14 498 352.137667810       1.02      1.41     -0.28  0.        -151.685       5378.879       7520.190    0.000  -0.138   0.380   0.
  2017 352  3 18 15 498 352.137679384       0.87      1.17     -0.94  0.        -153.039       5379.808       7519.982    0.000  -0.138   0.380   0.
  2017 352  3 18 16 498 352.137690958       0.93      1.24     -0.74  0.        -154.393       5380.735       7519.774    0.000  -0.138   0.380   0.
  2017 352  3 18 17 498 352.137702532       1.48      1.27     -0.40  0.        -155.747       5381.664       7519.565    0.000  -0.138   0.380   0.
  2017 352  3 18 18 498 352.137714106       1.44      1.29     -0.68  0.        -157.102       5382.591       7519.356    0.000  -0.138   0.379   0.
  2017 352  3 18 19 498 352.137725680       0.69      1.25     -0.26  0.        -158.456       5383.518       7519.147    0.000  -0.138   0.379   0.
  2017 352  3 18 20 498 352.137737254       1.69      1.36     -0.83  0.        -159.810       5384.445       7518.937    0.000  -0.138   0.380   0.
  2017 352  3 18 21 498 352.137748828       0.16      1.69     -0.90  0.        -161.164       5385.372       7518.727    0.000  -0.138   0.380   0.
  2017 352  3 18 22 498 352.137760402      -0.00      1.87      0.49  0.        -162.518       5386.298       7518.516    0.000  -0.138   0.380   0.
  2017 352  3 18 23 498 352.137771976       0.09      1.86     -0.68  0.        -163.873       5387.224       7518.305    0.000  -0.138   0.380   0.
  2017 352  3 18 24 498 352.137783550       0.59      1.19     -1.24  0.        -165.227       5388.150       7518.093    0.000  -0.138   0.380   0.
  2017 352  3 18 25 498 352.137795124       1.00      0.87     -0.56  0.        -166.581       5389.076       7517.881    0.000  -0.138   0.380   0.
  2017 352  3 18 26 498 352.137806698       1.49      0.81     -0.20  0.        -167.935       5390.001       7517.669    0.000  -0.138   0.380   0.
  2017 352  3 18 27 498 352.137818273       1.57      1.22     -0.20  0.        -169.289       5390.926       7517.456    0.000  -0.138   0.380   0.
  2017 352  3 18 28 498 352.137829847       1.33      1.01     -0.53  0.        -170.644       5391.850       7517.243    0.000  -0.138   0.380   0.
  2017 352  3 18 29 498 352.137841421       0.87      1.34     -0.81  0.        -171.998       5392.775       7517.030    0.000  -0.138   0.380   0.
  2017 352  3 18 30 498 352.137852995       1.08      1.11     -0.80  0.        -173.352       5393.699       7516.816    0.000  -0.138   0.380   0.
  2017 352  3 18 31 498 352.137864569       0.68      1.31     -1.34  0.        -174.706       5394.623       7516.601    0.000  -0.138   0.380   0.
  2017 352  3 18 32 498 352.137876143       0.56      1.62     -0.44  0.        -176.060       5395.546       7516.386    0.000  -0.138   0.380   0.
  2017 352  3 18 33 498 352.137887717       0.86      1.57      0.46  0.        -177.414       5396.469       7516.171    0.000  -0.138   0.380   0.
  2017 352  3 18 34 498 352.137899291       0.30      2.29      0.79  0.        -178.768       5397.392       7515.956    0.000  -0.138   0.380   0.
  2017 352  3 18 35 498 352.137910865       0.41      2.21      0.02  0.        -180.122       5398.315       7515.740    0.000  -0.138   0.380   0.
  2017 352  3 18 36 498 352.137922439       0.74      1.50     -0.49  0.        -181.477       5399.237       7515.523    0.000  -0.138   0.380   0.
  2017 352  3 18 37 498 352.137934013       0.38      1.57     -0.20  0.        -182.831       5400.159       7515.307    0.000  -0.138   0.380   0.
  2017 352  3 18 38 498 352.137945587       0.11      1.87     -0.57  0.        -184.185       5401.081       7515.089    0.000  -0.138   0.380   0.
  2017 352  3 18 39 498 352.137957161       0.10      1.86     -0.88  0.        -185.539       5402.002       7514.872    0.000  -0.138   0.380   0.
  2017 352  3 18 40 498 352.137968736      -0.44      2.04     -0.49  0.        -186.893       5402.923       7514.654    0.000  -0.138   0.380   0.
  2017 352  3 18 41 498 352.137980310      -0.13      1.96     -0.14  0.        -188.247       5403.844       7514.435    0.000  -0.138   0.380   0.
  2017 352  3 18 42 498 352.137991881      -0.10      1.83     -0.69  0.        -189.601       5404.765       7514.216    0.000  -0.138   0.380   0.
  2017 352  3 18 43 498 352.138003455       0.39      1.40     -1.05  0.        -190.955       5405.685       7513.997    0.000  -0.138   0.380   0.
  2017 352  3 18 44 498 352.138015029       0.94      0.95     -1.29  0.        -192.309       5406.605       7513.778    0.000  -0.138   0.380   0.
  2017 352  3 18 45 498 352.138026603       0.38      1.41     -1.03  0.        -193.663       5407.525       7513.558    0.000  -0.138   0.380   0.
  2017 352  3 18 46 498 352.138038177       0.55      1.33     -0.16  0.        -195.017       5408.444       7513.337    0.000  -0.138   0.380   0.
  2017 352  3 18 47 498 352.138049751       1.13      1.18     -0.31  0.        -196.371       5409.363       7513.116    0.000  -0.138   0.380   0.
  2017 352  3 18 48 498 352.138061325       0.84      1.00     -0.01  0.        -197.725       5410.282       7512.895    0.000  -0.138   0.380   0.
  2017 352  3 18 49 498 352.138072899       0.71      1.09      0.53  0.        -199.079       5411.201       7512.673    0.000  -0.138   0.380   0.
  2017 352  3 18 50 498 352.138084473       1.11      0.69      0.54  0.        -200.433       5412.119       7512.451    0.000  -0.138   0.380   0.
  2017 352  3 18 51 498 352.138096047       1.96      0.79      0.33  0.        -201.787       5413.037       7512.229    0.000  -0.138   0.380   0.
  2017 352  3 18 52 498 352.138107622       2.73      1.12     -0.82  0.        -203.141       5413.955       7512.006    0.000  -0.138   0.380   0.
  2017 352  3 18 53 498 352.138119196       1.90      0.93     -1.56  0.        -204.494       5414.872       7511.783    0.000  -0.138   0.380   0.
  2017 352  3 18 54 498 352.138130770       2.01      0.70     -1.93  0.        -205.848       5415.789       7511.559    0.000  -0.138   0.379   0.
  2017 352  3 18 55 498 352.138142344       2.45      0.83     -1.37  0.        -207.202       5416.706       7511.335    0.000  -0.138   0.379   0.
  2017 352  3 18 56 498 352.138153918       1.77      1.30     -0.24  0.        -208.556       5417.622       7511.110    0.000  -0.138   0.380   0.
  2017 352  3 18 57 498 352.138165492       0.87      1.60     -0.81  0.        -209.910       5418.538       7510.885    0.000  -0.138   0.380   0.
  2017 352  3 18 58 498 352.138177066       0.14      1.96     -0.94  0.        -211.264       5419.454       7510.660    0.000  -0.138   0.380   0.
  2017 352  3 18 59 498 352.138188640       0.23      1.71     -0.57  0.        -212.618       5420.370       7510.435    0.000  -0.138   0.380   0.
  2017 352  3 19  0 498 352.138200214       0.81      1.38     -0.48  0.        -213.971       5421.285       7510.208    0.000  -0.138   0.379   0.
  2017 352  3 19  1 498 352.138211788       0.71      1.39     -0.37  0.        -215.325       5422.200       7509.982    0.000  -0.138   0.379   0.
  2017 352  3 19  2 498 352.138223362       0.22      1.96     -0.15  0.        -216.679       5423.115       7509.755    0.000  -0.138   0.380   0.
  2017 352  3 19  3 498 352.138234936       0.40      2.24      0.26  0.        -218.033       5424.030       7509.528    0.000  -0.138   0.380   0.
  2017 352  3 19  4 498 352.138246510       1.04      1.75      0.94  0.        -219.387       5424.944       7509.300    0.000  -0.138   0.380   0.
  2017 352  3 19  5 498 352.138258085       1.45      1.65      0.26  0.        -220.740       5425.858       7509.072    0.000  -0.138   0.380   0.
  2017 352  3 19  6 498 352.138269659       1.27      1.55     -0.89  0.        -222.094       5426.771       7508.843    0.000  -0.138   0.379   0.
  2017 352  3 19  7 498 352.138281233       2.30      1.39     -0.78  0.        -223.448       5427.684       7508.614    0.000  -0.138   0.379   0.
  2017 352  3 19  8 498 352.138292807       2.11      1.31      0.60  0.        -224.802       5428.597       7508.385    0.000  -0.138   0.380   0.
  2017 352  3 19  9 498 352.138304381       1.00      2.38      0.34  0.        -226.155       5429.510       7508.155    0.000  -0.138   0.380   0.
  2017 352  3 19 10 498 352.138315955       0.22      2.25      0.00  0.        -227.509       5430.423       7507.925    0.000  -0.138   0.380   0.
  2017 352  3 19 11 498 352.138327529       0.03      2.41     -0.60  0.        -228.863       5431.334       7507.694    0.000  -0.138   0.380   0.
  2017 352  3 19 12 498 352.138339101       0.73      1.50     -1.16  0.        -230.216       5432.247       7507.463    0.000  -0.138   0.380   0.
  2017 352  3 19 13 498 352.138350674       0.89      1.34     -0.76  0.        -231.570       5433.158       7507.232    0.000  -0.138   0.380   0.
  2017 352  3 19 14 498 352.138362248       0.72      1.33     -1.21  0.        -232.924       5434.069       7507.000    0.000  -0.138   0.380   0.
  2017 352  3 19 15 498 352.138373822       0.82      0.99     -1.25  0.        -234.277       5434.980       7506.768    0.000  -0.138   0.380   0.
  2017 352  3 19 16 498 352.138385396       0.16      1.39     -0.85  0.        -235.631       5435.891       7506.536    0.000  -0.138   0.380   0.
  2017 352  3 19 17 498 352.138396971       0.45      1.16     -1.07  0.        -236.985       5436.801       7506.303    0.000  -0.138   0.380   0.
  2017 352  3 19 18 498 352.138408545       0.92      0.84      0.02  0.        -238.338       5437.711       7506.069    0.000  -0.138   0.380   0.
  2017 352  3 19 19 498 352.138420119       0.41      1.58      0.11  0.        -239.692       5438.621       7505.835    0.000  -0.138   0.380   0.
  2017 352  3 19 20 498 352.138431693       0.58      1.78      0.36  0.        -241.046       5439.531       7505.601    0.000  -0.138   0.380   0.
  2017 352  3 19 21 498 352.138443267       0.78      1.57      0.22  0.        -242.399       5440.440       7505.367    0.000  -0.138   0.380   0.
  2017 352  3 19 22 498 352.138454841       0.66      1.46      0.42  0.        -243.753       5441.349       7505.132    0.000  -0.138   0.380   0.
  2017 352  3 19 23 498 352.138466415       0.84      1.73      0.99  0.        -245.106       5442.257       7504.896    0.000  -0.138   0.380   0.
  2017 352  3 19 24 498 352.138477989       0.21      2.04      0.65  0.        -246.460       5443.166       7504.660    0.000  -0.138   0.380   0.
  2017 352  3 19 25 498 352.138489563      -0.35      1.84      0.04  0.        -247.813       5444.074       7504.424    0.000  -0.138   0.380   0.
  2017 352  3 19 26 498 352.138501137      -0.24      1.79     -0.17  0.        -249.167       5444.981       7504.188    0.000  -0.138   0.380   0.
  2017 352  3 19 27 498 352.138512711      -0.22      1.66     -0.72  0.        -250.520       5445.889       7503.951    0.000  -0.138   0.380   0.
  2017 352  3 19 28 498 352.138524285      -0.59      1.90     -0.64  0.        -251.874       5446.796       7503.713    0.000  -0.138   0.380   0.
  2017 352  3 19 29 498 352.138535859      -0.32      1.69     -0.31  0.        -253.227       5447.703       7503.475    0.000  -0.138   0.380   0.
  2017 352  3 19 30 498 352.138547433       0.87      1.09      1.15  0.        -254.581       5448.609       7503.237    0.000  -0.138   0.380   0.
  2017 352  3 19 31 498 352.138559008       0.11      1.93      1.38  0.        -255.934       5449.516       7502.999    0.000  -0.138   0.380   0.
  2017 352  3 19 32 498 352.138570582       0.71      1.81      0.37  0.        -257.287       5450.422       7502.760    0.000  -0.138   0.380   0.
  2017 352  3 19 33 498 352.138582156       2.03      1.04      0.50  0.        -258.641       5451.327       7502.520    0.000  -0.138   0.380   0.
  2017 352  3 19 34 498 352.138593730       1.58      1.42      0.77  0.        -259.994       5452.233       7502.280    0.000  -0.138   0.380   0.
  2017 352  3 19 35 498 352.138605304       0.74      1.66      0.09  0.        -261.348       5453.138       7502.040    0.000  -0.138   0.380   0.
  2017 352  3 19 36 498 352.138616878       2.06      0.63     -0.13  0.        -262.701       5454.043       7501.799    0.000  -0.138   0.380   0.
  2017 352  3 19 37 498 352.138628452       1.64      1.11     -0.13  0.        -264.054       5454.947       7501.558    0.000  -0.138   0.380   0.
  2017 352  3 19 38 498 352.138640026       1.32      1.37     -1.23  0.        -265.408       5455.851       7501.317    0.000  -0.138   0.379   0.
  2017 352  3 19 39 498 352.138651600       0.49      1.73     -1.12  0.        -266.761       5456.755       7501.075    0.000  -0.138   0.379   0.
  2017 352  3 19 40 498 352.138663174       0.17      1.75     -1.19  0.        -268.114       5457.659       7500.833    0.000  -0.138   0.380   0.
  2017 352  3 19 41 498 352.138674748       0.27      1.39     -1.65  0.        -269.468       5458.563       7500.590    0.000  -0.138   0.380   0.
  2017 352  3 19 42 498 352.138686322       1.40      0.81     -1.27  0.        -270.821       5459.466       7500.347    0.000  -0.138   0.380   0.
  2017 352  3 19 43 498 352.138697896       1.87      0.80     -0.90  0.        -272.174       5460.368       7500.104    0.000  -0.138   0.380   0.
  2017 352  3 19 44 497 352.138709468       1.11      1.00     -1.70  0.        -273.527       5461.271       7499.860    0.000  -0.138   0.380   0.
  2017 352  3 19 45 498 352.138721042       0.87      0.99     -1.06  0.        -274.881       5462.173       7499.616    0.000  -0.138   0.380   0.
  2017 352  3 19 46 498 352.138732616       0.68      1.21     -1.10  0.        -276.234       5463.075       7499.371    0.000  -0.138   0.380   0.
  2017 352  3 19 47 498 352.138744190       0.56      1.39     -1.11  0.        -277.587       5463.977       7499.126    0.000  -0.138   0.380   0.
  2017 352  3 19 48 498 352.138755764      -0.06      1.84     -0.61  0.        -278.940       5464.878       7498.880    0.000  -0.138   0.380   0.
  2017 352  3 19 49 498 352.138767338      -0.37      2.43     -0.05  0.        -280.293       5465.779       7498.635    0.000  -0.138   0.380   0.
  2017 352  3 19 50 497 352.138778912       0.96      1.17      0.33  0.        -281.647       5466.680       7498.388    0.000  -0.138   0.380   0.
  2017 352  3 19 51 497 352.138790486       1.04      0.80      0.22  0.        -283.000       5467.580       7498.142    0.000  -0.138   0.380   0.
  2017 352  3 19 52 497 352.138802060       0.84      0.93      0.74  0.        -284.353       5468.480       7497.895    0.000  -0.138   0.380   0.
  2017 352  3 19 53 497 352.138813634      -0.29      1.38      0.49  0.        -285.706       5469.380       7497.647    0.000  -0.138   0.380   0.
  2017 352  3 19 54 497 352.138825208      -0.18      1.44     -0.25  0.        -287.059       5470.280       7497.399    0.000  -0.138   0.380   0.
  2017 352  3 19 55 498 352.138836782       1.11      0.62     -0.26  0.        -288.412       5471.179       7497.151    0.000  -0.138   0.380   0.
  2017 352  3 19 56 498 352.138848356       0.44      1.79     -0.22  0.        -289.765       5472.078       7496.902    0.000  -0.138   0.380   0.
  2017 352  3 19 57 497 352.138859931       0.20      1.78     -0.83  0.        -291.118       5472.977       7496.653    0.000  -0.138   0.380   0.
  2017 352  3 19 58 497 352.138871505      -0.28      1.77     -1.35  0.        -292.471       5473.875       7496.404    0.000  -0.138   0.380   0.
  2017 352  3 19 59 498 352.138883079       0.26      1.04     -0.06  0.        -293.824       5474.773       7496.154    0.000  -0.138   0.380   0.
  2017 352  3 20  0 498 352.138894653      -0.39      1.93      0.98  0.        -295.177       5475.671       7495.904    0.000  -0.138   0.380   0.
  2017 352  3 20  1 498 352.138906227       0.09      1.82      1.35  0.        -296.530       5476.568       7495.653    0.000  -0.138   0.380   0.
  2017 352  3 20  2 498 352.138917801       1.02      1.26      1.31  0.        -297.883       5477.466       7495.402    0.000  -0.138   0.380   0.
  2017 352  3 20  3 497 352.138929375       0.50      1.96      0.77  0.        -299.236       5478.363       7495.150    0.000  -0.138   0.380   0.
  2017 352  3 20  4 497 352.138940949      -0.64      2.30     -0.20  0.        -300.589       5479.259       7494.899    0.000  -0.138   0.380   0.
  2017 352  3 20  5 497 352.138952523       0.42      1.54     -1.32  0.        -301.942       5480.156       7494.646    0.000  -0.138   0.380   0.
  2017 352  3 20  6 497 352.138964097       0.83      0.43     -2.03  0.        -303.295       5481.052       7494.394    0.000  -0.138   0.380   0.
  2017 352  3 20  7 497 352.138975671       0.76      0.79     -1.94  0.        -304.648       5481.947       7494.141    0.000  -0.138   0.380   0.
  2017 352  3 20  8 498 352.138987245       1.84      0.44     -1.45  0.        -306.001       5482.843       7493.887    0.000  -0.138   0.380   0.
  2017 352  3 20  9 498 352.138998819       2.00      0.46     -1.94  0.        -307.354       5483.738       7493.633    0.000  -0.138   0.380   0.
  2017 352  3 20 10 497 352.139010394       1.71      0.58     -1.73  0.        -308.707       5484.633       7493.379    0.000  -0.138   0.380   0.
  2017 352  3 20 11 497 352.139021968       1.92      0.22     -1.11  0.        -310.059       5485.528       7493.124    0.000  -0.138   0.380   0.
  2017 352  3 20 12 498 352.139033540       0.87      1.10     -0.05  0.        -311.412       5486.422       7492.869    0.000  -0.138   0.380   0.
  2017 352  3 20 13 497 352.139045113       1.31      1.42     -0.11  0.        -312.765       5487.316       7492.614    0.000  -0.138   0.380   0.
  2017 352  3 20 14 497 352.139056687       1.59      1.00     -0.73  0.        -314.118       5488.210       7492.358    0.000  -0.138   0.380   0.
  2017 352  3 20 15 497 352.139068261       2.04      0.80     -0.54  0.        -315.471       5489.103       7492.102    0.000  -0.138   0.380   0.
  2017 352  3 20 16 497 352.139079835       1.84      1.31      0.26  0.        -316.823       5489.996       7491.845    0.000  -0.138   0.380   0.
  2017 352  3 20 17 497 352.139091409       0.85      1.58     -0.37  0.        -318.176       5490.889       7491.588    0.000  -0.138   0.380   0.
  2017 352  3 20 18 497 352.139102983       0.29      1.86     -1.31  0.        -319.529       5491.782       7491.330    0.000  -0.138   0.380   0.
  2017 352  3 20 19 497 352.139114557       0.98      1.17     -1.54  0.        -320.881       5492.674       7491.072    0.000  -0.138   0.380   0.
  2017 352  3 20 20 497 352.139126131       1.47      1.17     -0.83  0.        -322.234       5493.566       7490.814    0.000  -0.138   0.380   0.
  2017 352  3 20 21 497 352.139137705       1.31      1.45      0.30  0.        -323.587       5494.457       7490.555    0.000  -0.138   0.380   0.
  2017 352  3 20 22 497 352.139149280       1.49      1.70     -0.46  0.        -324.939       5495.349       7490.296    0.000  -0.138   0.380   0.
  2017 352  3 20 23 497 352.139160854       0.95      1.62     -0.71  0.        -326.292       5496.240       7490.037    0.000  -0.138   0.380   0.
  2017 352  3 20 24 497 352.139172428      -0.18      1.87     -1.37  0.        -327.645       5497.131       7489.777    0.000  -0.138   0.380   0.
  2017 352  3 20 25 497 352.139184002      -0.56      2.06     -1.10  0.        -328.997       5498.021       7489.517    0.000  -0.138   0.380   0.
  2017 352  3 20 26 497 352.139195576       0.75      1.17     -0.98  0.        -330.350       5498.911       7489.256    0.000  -0.138   0.380   0.
  2017 352  3 20 27 497 352.139207150       1.45      0.94     -0.15  0.        -331.702       5499.801       7488.995    0.000  -0.138   0.380   0.
  2017 352  3 20 28 497 352.139218724       0.82      1.29     -1.00  0.        -333.055       5500.691       7488.734    0.000  -0.138   0.380   0.
  2017 352  3 20 29 497 352.139230298       0.52      1.34     -1.58  0.        -334.408       5501.580       7488.472    0.000  -0.138   0.380   0.
  2017 352  3 20 30 497 352.139241872       0.54      1.46     -1.40  0.        -335.760       5502.469       7488.209    0.000  -0.138   0.380   0.
  2017 352  3 20 31 497 352.139253446      -0.05      1.74     -1.14  0.        -337.112       5503.358       7487.947    0.000  -0.138   0.380   0.
  2017 352  3 20 32 497 352.139265020       0.30      1.58     -1.37  0.        -338.465       5504.246       7487.684    0.000  -0.138   0.380   0.
  2017 352  3 20 33 497 352.139276594      -0.06      1.71     -0.64  0.        -339.817       5505.134       7487.420    0.000  -0.138   0.380   0.
  2017 352  3 20 34 497 352.139288168       0.63      1.84      0.49  0.        -341.170       5506.022       7487.157    0.000  -0.138   0.380   0.
  2017 352  3 20 35 497 352.139299742       1.22      1.24      0.15  0.        -342.522       5506.910       7486.892    0.000  -0.138   0.380   0.
  2017 352  3 20 36 497 352.139311317       1.48      0.83      0.55  0.        -343.875       5507.797       7486.628    0.000  -0.138   0.380   0.
  2017 352  3 20 37 497 352.139322891       0.65      1.82      0.40  0.        -345.227       5508.684       7486.363    0.000  -0.138   0.380   0.
  2017 352  3 20 38 497 352.139334465       1.62      1.15     -0.30  0.        -346.579       5509.571       7486.097    0.000  -0.138   0.380   0.
  2017 352  3 20 39 497 352.139346039       1.36      1.31      0.94  0.        -347.932       5510.457       7485.831    0.000  -0.138   0.380   0.
  2017 352  3 20 40 497 352.139357613       1.64      1.46     -0.05  0.        -349.284       5511.343       7485.565    0.000  -0.138   0.380   0.
  2017 352  3 20 41 497 352.139369187       0.22      1.80      0.51  0.        -350.636       5512.229       7485.298    0.000  -0.138   0.380   0.
  2017 352  3 20 42 497 352.139380759      -0.08      1.41     -0.11  0.        -351.989       5513.115       7485.031    0.000  -0.138   0.380   0.
  2017 352  3 20 43 497 352.139392332       0.17      1.73      0.04  0.        -353.341       5514.000       7484.764    0.000  -0.138   0.380   0.
  2017 352  3 20 44 497 352.139403906      -0.04      1.73     -0.56  0.        -354.693       5514.885       7484.496    0.000  -0.138   0.380   0.
  2017 352  3 20 45 497 352.139415480       0.27      1.03      0.10  0.        -356.045       5515.770       7484.228    0.000  -0.138   0.380   0.
  2017 352  3 20 46 497 352.139427054       1.26      0.96     -0.14  0.        -357.398       5516.654       7483.959    0.000  -0.138   0.380   0.
  2017 352  3 20 47 497 352.139438629       1.76      1.38      0.11  0.        -358.750       5517.538       7483.690    0.000  -0.138   0.380   0.
  2017 352  3 20 48 497 352.139450203       0.56      1.81      0.56  0.        -360.102       5518.422       7483.421    0.000  -0.138   0.380   0.
  2017 352  3 20 49 497 352.139461777       1.20      1.83      0.58  0.        -361.454       5519.305       7483.151    0.000  -0.138   0.380   0.
  2017 352  3 20 50 497 352.139473351       0.47      1.36     -1.01  0.        -362.806       5520.188       7482.881    0.000  -0.138   0.380   0.
  2017 352  3 20 51 497 352.139484925       0.62      1.08     -1.79  0.        -364.158       5521.071       7482.610    0.000  -0.138   0.380   0.
  2017 352  3 20 52 497 352.139496499       1.15      0.82     -1.45  0.        -365.511       5521.954       7482.339    0.000  -0.138   0.380   0.
  2017 352  3 20 53 497 352.139508073       1.81      1.27      0.25  0.        -366.863       5522.836       7482.067    0.000  -0.138   0.380   0.
  2017 352  3 20 54 497 352.139519647       0.86      2.06      0.72  0.        -368.215       5523.718       7481.796    0.000  -0.138   0.380   0.
  2017 352  3 20 55 497 352.139531221       0.70      2.31      0.30  0.        -369.566       5524.600       7481.523    0.000  -0.138   0.380   0.
  2017 352  3 20 56 497 352.139542795       0.80      1.82      0.15  0.        -370.918       5525.481       7481.251    0.000  -0.138   0.380   0.
  2017 352  3 20 57 497 352.139554369       1.34      1.11     -0.10  0.        -372.270       5526.363       7480.978    0.000  -0.138   0.380   0.
  2017 352  3 20 58 497 352.139565943       1.65      1.01      0.31  0.        -373.623       5527.243       7480.704    0.000  -0.138   0.380   0.
  2017 352  3 20 59 497 352.139577517       1.96      1.15     -0.21  0.        -374.974       5528.124       7480.431    0.000  -0.138   0.380   0.
  2017 352  3 21  0 497 352.139589091       1.17      1.32     -0.68  0.        -376.327       5529.004       7480.156    0.000  -0.138   0.380   0.
  2017 352  3 21  1 497 352.139600665       0.88      1.67     -0.65  0.        -377.678       5529.884       7479.882    0.000  -0.138   0.380   0.
  2017 352  3 21  2 497 352.139612240       1.01      1.46      0.10  0.        -379.030       5530.764       7479.607    0.000  -0.138   0.380   0.
  2017 352  3 21  3 497 352.139623814       0.71      1.25      0.53  0.        -380.382       5531.643       7479.331    0.000  -0.138   0.380   0.
  2017 352  3 21  4 497 352.139635388       0.98      1.46      0.73  0.        -381.734       5532.522       7479.056    0.000  -0.138   0.380   0.
  2017 352  3 21  5 497 352.139646962       1.79      1.37      0.82  0.        -383.086       5533.401       7478.779    0.000  -0.138   0.380   0.
  2017 352  3 21  6 497 352.139658536       1.77      1.16      0.27  0.        -384.438       5534.279       7478.503    0.000  -0.138   0.380   0.
  2017 352  3 21  7 497 352.139670110       1.19      1.48      0.33  0.        -385.789       5535.158       7478.226    0.000  -0.138   0.380   0.
  2017 352  3 21  8 497 352.139681684       1.21      1.44     -0.09  0.        -387.141       5536.036       7477.948    0.000  -0.138   0.380   0.
  2017 352  3 21  9 497 352.139693258       0.66      1.57     -0.24  0.        -388.493       5536.913       7477.671    0.000  -0.138   0.380   0.
  2017 352  3 21 10 497 352.139704832       0.43      1.73     -0.58  0.        -389.845       5537.790       7477.392    0.000  -0.138   0.380   0.
  2017 352  3 21 11 497 352.139716406       0.14      1.85     -0.93  0.        -391.196       5538.668       7477.114    0.000  -0.138   0.380   0.
  2017 352  3 21 12 497 352.139727978       0.35      1.53     -0.98  0.        -392.548       5539.544       7476.835    0.000  -0.138   0.380   0.
  2017 352  3 21 13 497 352.139739552       0.68      1.51     -0.05  0.        -393.900       5540.421       7476.556    0.000  -0.138   0.380   0.
  2017 352  3 21 14 497 352.139751126       0.16      1.63     -1.08  0.        -395.251       5541.297       7476.276    0.000  -0.138   0.380   0.
  2017 352  3 21 15 497 352.139762700       0.24      1.50     -0.86  0.        -396.603       5542.173       7475.996    0.000  -0.138   0.380   0.
  2017 352  3 21 16 497 352.139774274       0.62      1.75     -0.08  0.        -397.955       5543.048       7475.715    0.000  -0.138   0.380   0.
  2017 352  3 21 17 497 352.139785848       1.09      1.46      0.13  0.        -399.306       5543.924       7475.434    0.000  -0.138   0.380   0.
  2017 352  3 21 18 497 352.139797422       0.59      1.44     -0.04  0.        -400.658       5544.798       7475.153    0.000  -0.138   0.380   0.
  2017 352  3 21 19 497 352.139808996       0.61      1.60      0.40  0.        -402.009       5545.673       7474.871    0.000  -0.138   0.380   0.
  2017 352  3 21 20 497 352.139820570       0.28      1.82      0.66  0.        -403.361       5546.548       7474.589    0.000  -0.138   0.380   0.
  2017 352  3 21 21 497 352.139832144      -0.38      2.45      0.63  0.        -404.712       5547.422       7474.306    0.000  -0.138   0.380   0.
  2017 352  3 21 22 497 352.139843718      -0.62      2.37      0.13  0.        -406.064       5548.295       7474.024    0.000  -0.138   0.380   0.
  2017 352  3 21 23 497 352.139855292       0.09      2.03     -0.47  0.        -407.415       5549.169       7473.740    0.000  -0.138   0.380   0.
  2017 352  3 21 24 497 352.139866866       0.11      1.62     -0.87  0.        -408.767       5550.042       7473.456    0.000  -0.138   0.380   0.
  2017 352  3 21 25 497 352.139878440       0.86      1.19     -0.94  0.        -410.118       5550.915       7473.172    0.000  -0.138   0.380   0.
  2017 352  3 21 26 497 352.139890014       1.05      1.19     -0.58  0.        -411.470       5551.788       7472.888    0.000  -0.138   0.380   0.
  2017 352  3 21 27 497 352.139901589       1.18      1.21     -0.31  0.        -412.821       5552.660       7472.603    0.000  -0.138   0.380   0.
  2017 352  3 21 28 497 352.139913163       0.98      1.35     -0.30  0.        -414.172       5553.532       7472.318    0.000  -0.138   0.380   0.
  2017 352  3 21 29 497 352.139924737       0.71      1.46     -0.43  0.        -415.524       5554.404       7472.032    0.000  -0.138   0.380   0.
  2017 352  3 21 30 497 352.139936311       0.63      1.57     -0.25  0.        -416.875       5555.275       7471.746    0.000  -0.138   0.380   0.
  2017 352  3 21 31 497 352.139947885       0.69      1.68      0.06  0.        -418.226       5556.146       7471.459    0.000  -0.138   0.380   0.
  2017 352  3 21 32 497 352.139959459       1.13      1.24      0.04  0.        -419.577       5557.017       7471.172    0.000  -0.138   0.380   0.
  2017 352  3 21 33 497 352.139971033       2.11      0.88     -0.72  0.        -420.929       5557.888       7470.885    0.000  -0.138   0.380   0.
  2017 352  3 21 34 497 352.139982607       1.81      0.77     -1.66  0.        -422.280       5558.758       7470.597    0.000  -0.138   0.380   0.
  2017 352  3 21 35 497 352.139994181       0.64      1.56     -2.67  0.        -423.631       5559.628       7470.310    0.000  -0.138   0.380   0.
  2017 352  3 21 36 497 352.140005755      -0.28      1.51     -2.12  0.        -424.982       5560.498       7470.021    0.000  -0.138   0.380   0.
  2017 352  3 21 37 497 352.140017329      -0.55      2.21     -1.14  0.        -426.333       5561.367       7469.732    0.000  -0.138   0.380   0.
  2017 352  3 21 38 497 352.140028903      -0.22      1.83      0.24  0.        -427.685       5562.236       7469.443    0.000  -0.138   0.380   0.
  2017 352  3 21 39 497 352.140040477       0.71      1.72      1.02  0.        -429.036       5563.105       7469.153    0.000  -0.138   0.380   0.
  2017 352  3 21 40 497 352.140052052       1.82      1.30     -0.08  0.        -430.387       5563.974       7468.863    0.000  -0.138   0.380   0.
  2017 352  3 21 41 497 352.140063626       1.22      1.67     -0.60  0.        -431.738       5564.842       7468.573    0.000  -0.138   0.380   0.
  2017 352  3 21 42 497 352.140075197       0.65      1.54     -0.75  0.        -433.089       5565.710       7468.282    0.000  -0.138   0.380   0.
  2017 352  3 21 43 497 352.140086771       0.06      1.66     -0.81  0.        -434.440       5566.577       7467.991    0.000  -0.138   0.380   0.
  2017 352  3 21 44 497 352.140098345       0.01      1.59     -0.37  0.        -435.791       5567.445       7467.699    0.000  -0.138   0.380   0.
  2017 352  3 21 45 497 352.140109919       0.57      1.59      0.08  0.        -437.142       5568.312       7467.407    0.000  -0.138   0.380   0.
  2017 352  3 21 46 496 352.140121493       0.76      1.49     -0.16  0.        -438.493       5569.179       7467.115    0.000  -0.138   0.380   0.
  2017 352  3 21 47 496 352.140133067       0.98      1.49     -0.14  0.        -439.844       5570.045       7466.822    0.000  -0.138   0.380   0.
  2017 352  3 21 48 496 352.140144641       1.12      1.47     -0.21  0.        -441.195       5570.911       7466.529    0.000  -0.138   0.380   0.
  2017 352  3 21 49 496 352.140156215       1.02      1.52     -0.37  0.        -442.546       5571.777       7466.235    0.000  -0.138   0.380   0.
  2017 352  3 21 50 497 352.140167789       1.05      1.34     -0.94  0.        -443.896       5572.643       7465.941    0.000  -0.138   0.380   0.
  2017 352  3 21 51 497 352.140179363       0.69      1.18     -1.60  0.        -445.247       5573.508       7465.647    0.000  -0.138   0.380   0.
  2017 352  3 21 52 496 352.140190937       0.71      1.17     -1.47  0.        -446.598       5574.373       7465.352    0.000  -0.138   0.380   0.
  2017 352  3 21 53 496 352.140202512       0.53      1.48     -1.29  0.        -447.949       5575.238       7465.057    0.000  -0.138   0.380   0.
  2017 352  3 21 54 497 352.140214086       0.18      1.47     -0.85  0.        -449.299       5576.102       7464.761    0.000  -0.138   0.380   0.
  2017 352  3 21 55 497 352.140225660       0.25      1.39     -0.91  0.        -450.650       5576.967       7464.465    0.000  -0.138   0.380   0.
  2017 352  3 21 56 497 352.140237234      -0.08      1.54     -1.00  0.        -452.001       5577.830       7464.169    0.000  -0.138   0.380   0.
  2017 352  3 21 57 497 352.140248808       0.52      1.83     -1.25  0.        -453.352       5578.694       7463.872    0.000  -0.138   0.380   0.
  2017 352  3 21 58 497 352.140260382       0.32      1.83     -1.44  0.        -454.702       5579.557       7463.575    0.000  -0.138   0.380   0.
  2017 352  3 21 59 496 352.140271956       0.03      2.25     -1.33  0.        -456.053       5580.420       7463.277    0.000  -0.138   0.380   0.
  2017 352  3 22  0 496 352.140283530       0.27      1.95     -0.26  0.        -457.404       5581.282       7462.980    0.000  -0.138   0.380   0.
  2017 352  3 22  1 496 352.140295104       0.11      1.89     -0.91  0.        -458.754       5582.145       7462.681    0.000  -0.138   0.380   0.
  2017 352  3 22  2 496 352.140306678      -0.31      1.78     -1.20  0.        -460.105       5583.007       7462.383    0.000  -0.138   0.380   0.
  2017 352  3 22  3 496 352.140318252      -0.44      2.16     -1.05  0.        -461.455       5583.868       7462.083    0.000  -0.138   0.380   0.
  2017 352  3 22  4 497 352.140329826      -0.48      2.04      0.17  0.        -462.806       5584.730       7461.784    0.000  -0.138   0.380   0.
  2017 352  3 22  5 497 352.140341400      -0.16      1.96      0.42  0.        -464.156       5585.591       7461.484    0.000  -0.138   0.380   0.
  2017 352  3 22  6 496 352.140352975       0.58      1.76      0.11  0.        -465.507       5586.452       7461.184    0.000  -0.138   0.380   0.
  2017 352  3 22  7 496 352.140364549       0.60      1.69      0.06  0.        -466.857       5587.312       7460.883    0.000  -0.138   0.380   0.
  2017 352  3 22  8 497 352.140376123       0.71      1.71     -0.16  0.        -468.208       5588.173       7460.582    0.000  -0.138   0.380   0.
  2017 352  3 22  9 497 352.140387697       0.53      1.81     -0.22  0.        -469.558       5589.033       7460.281    0.000  -0.138   0.380   0.
  2017 352  3 22 10 497 352.140399269       0.45      1.71     -0.03  0.        -470.908       5589.892       7459.979    0.000  -0.138   0.380   0.
  2017 352  3 22 11 496 352.140410842       0.60      1.53     -0.19  0.        -472.259       5590.752       7459.676    0.000  -0.138   0.380   0.
  2017 352  3 22 12 496 352.140422416       0.49      1.45     -0.41  0.        -473.609       5591.611       7459.374    0.000  -0.138   0.380   0.
  2017 352  3 22 13 496 352.140433990       0.53      1.44     -0.58  0.        -474.959       5592.470       7459.071    0.000  -0.138   0.380   0.
  2017 352  3 22 14 496 352.140445564       0.50      1.58     -0.37  0.        -476.310       5593.328       7458.767    0.000  -0.138   0.380   0.
  2017 352  3 22 15 496 352.140457138       0.44      1.73     -0.10  0.        -477.660       5594.187       7458.463    0.000  -0.138   0.380   0.
  2017 352  3 22 16 496 352.140468712       0.41      1.67     -0.20  0.        -479.010       5595.044       7458.159    0.000  -0.138   0.380   0.
  2017 352  3 22 17 496 352.140480286       0.38      1.58     -0.53  0.        -480.360       5595.902       7457.855    0.000  -0.138   0.380   0.
  2017 352  3 22 18 496 352.140491861       0.51      1.61     -0.76  0.        -481.710       5596.760       7457.550    0.000  -0.138   0.380   0.
  2017 352  3 22 19 496 352.140503435       0.52      1.58     -0.83  0.        -483.061       5597.617       7457.244    0.000  -0.138   0.380   0.
  2017 352  3 22 20 496 352.140515009       0.33      1.58     -0.75  0.        -484.411       5598.473       7456.939    0.000  -0.138   0.380   0.
  2017 352  3 22 21 496 352.140526583       0.39      1.59     -0.90  0.        -485.761       5599.330       7456.632    0.000  -0.138   0.380   0.
  2017 352  3 22 22 496 352.140538157       0.18      1.75     -0.57  0.        -487.111       5600.186       7456.326    0.000  -0.138   0.380   0.
  2017 352  3 22 23 496 352.140549731       0.14      1.75     -0.08  0.        -488.461       5601.042       7456.019    0.000  -0.138   0.380   0.
  2017 352  3 22 24 496 352.140561305       0.78      1.49     -0.03  0.        -489.811       5601.897       7455.711    0.000  -0.138   0.380   0.
  2017 352  3 22 25 496 352.140572879       0.75      1.34      0.18  0.        -491.161       5602.753       7455.404    0.000  -0.138   0.380   0.
  2017 352  3 22 26 496 352.140584453       0.70      1.46      0.01  0.        -492.511       5603.608       7455.096    0.000  -0.138   0.380   0.
  2017 352  3 22 27 496 352.140596027       1.03      1.31     -0.54  0.        -493.861       5604.462       7454.787    0.000  -0.138   0.380   0.
  2017 352  3 22 28 496 352.140607601       0.62      1.32     -1.35  0.        -495.211       5605.317       7454.478    0.000  -0.138   0.380   0.
  2017 352  3 22 29 496 352.140619175       0.08      1.16     -1.44  0.        -496.561       5606.171       7454.169    0.000  -0.138   0.380   0.
  2017 352  3 22 30 496 352.140630749      -0.25      1.21     -1.40  0.        -497.910       5607.025       7453.859    0.000  -0.138   0.380   0.
  2017 352  3 22 31 496 352.140642323      -0.34      1.38     -0.89  0.        -499.260       5607.878       7453.549    0.000  -0.138   0.380   0.
  2017 352  3 22 32 496 352.140653898      -0.01      1.33     -1.13  0.        -500.610       5608.731       7453.239    0.000  -0.138   0.380   0.
  2017 352  3 22 33 496 352.140665472      -0.94      1.71     -1.66  0.        -501.960       5609.584       7452.928    0.000  -0.138   0.380   0.
  2017 352  3 22 34 496 352.140677046      -0.80      1.97     -1.23  0.        -503.310       5610.437       7452.616    0.000  -0.138   0.380   0.
  2017 352  3 22 35 496 352.140688620      -0.43      1.93     -1.09  0.        -504.659       5611.289       7452.305    0.000  -0.138   0.380   0.
  2017 352  3 22 36 496 352.140700194      -0.55      1.86     -1.11  0.        -506.009       5612.141       7451.993    0.000  -0.138   0.379   0.
  2017 352  3 22 37 496 352.140711768      -0.99      2.01     -0.77  0.        -507.359       5612.993       7451.680    0.000  -0.138   0.379   0.
  2017 352  3 22 38 496 352.140723342      -1.10      2.03     -0.52  0.        -508.708       5613.845       7451.367    0.000  -0.138   0.380   0.
  2017 352  3 22 39 496 352.140734916      -0.90      2.04     -0.33  0.        -510.058       5614.696       7451.054    0.000  -0.138   0.380   0.
  2017 352  3 22 40 496 352.140746488      -0.04      1.82     -0.24  0.        -511.408       5615.547       7450.741    0.000  -0.138   0.380   0.
  2017 352  3 22 41 496 352.140758061       0.06      1.77     -0.49  0.        -512.757       5616.397       7450.427    0.000  -0.138   0.380   0.
  2017 352  3 22 42 496 352.140769635      -0.23      1.99     -0.82  0.        -514.107       5617.248       7450.112    0.000  -0.138   0.380   0.
  2017 352  3 22 43 496 352.140781210      -0.68      2.19     -1.00  0.        -515.456       5618.098       7449.797    0.000  -0.138   0.380   0.
  2017 352  3 22 44 496 352.140792784      -0.83      2.15     -0.49  0.        -516.806       5618.947       7449.482    0.000  -0.138   0.380   0.
  2017 352  3 22 45 496 352.140804358      -0.76      1.93     -0.82  0.        -518.155       5619.797       7449.167    0.000  -0.138   0.380   0.
  2017 352  3 22 46 496 352.140815932      -0.83      2.02     -0.78  0.        -519.505       5620.646       7448.851    0.000  -0.138   0.380   0.
  2017 352  3 22 47 496 352.140827506      -0.94      2.10     -0.84  0.        -520.854       5621.495       7448.534    0.000  -0.138   0.380   0.
  2017 352  3 22 48 496 352.140839080      -0.64      2.01     -0.78  0.        -522.203       5622.343       7448.218    0.000  -0.138   0.380   0.
  2017 352  3 22 49 496 352.140850654      -0.17      1.58     -0.81  0.        -523.553       5623.192       7447.900    0.000  -0.138   0.380   0.
  2017 352  3 22 50 496 352.140862228      -0.34      1.51     -0.77  0.        -524.902       5624.039       7447.583    0.000  -0.138   0.380   0.
  2017 352  3 22 51 496 352.140873802      -0.07      1.47     -1.09  0.        -526.251       5624.887       7447.265    0.000  -0.138   0.380   0.
  2017 352  3 22 52 496 352.140885376       0.31      1.60     -0.84  0.        -527.601       5625.734       7446.947    0.000  -0.138   0.380   0.
  2017 352  3 22 53 496 352.140896950       0.86      1.61     -0.33  0.        -528.950       5626.581       7446.628    0.000  -0.138   0.380   0.
  2017 352  3 22 54 496 352.140908524       1.35      1.49     -0.21  0.        -530.299       5627.428       7446.309    0.000  -0.138   0.380   0.
  2017 352  3 22 55 496 352.140920098       1.73      1.75      0.36  0.        -531.648       5628.275       7445.989    0.000  -0.138   0.380   0.
  2017 352  3 22 56 496 352.140931672       0.52      2.44      0.25  0.        -532.997       5629.121       7445.670    0.000  -0.138   0.380   0.
  2017 352  3 22 57 496 352.140943247      -0.25      2.23     -0.73  0.        -534.346       5629.966       7445.349    0.000  -0.138   0.380   0.
  2017 352  3 22 58 496 352.140954821      -0.10      1.65     -0.42  0.        -535.696       5630.812       7445.029    0.000  -0.138   0.380   0.
  2017 352  3 22 59 496 352.140966395       0.55      1.42     -0.40  0.        -537.045       5631.657       7444.708    0.000  -0.138   0.380   0.
  2017 352  3 23  0 496 352.140977969       1.15      0.96     -0.32  0.        -538.394       5632.502       7444.386    0.000  -0.138   0.380   0.
  2017 352  3 23  1 496 352.140989543       1.64      0.74     -1.88  0.        -539.743       5633.347       7444.064    0.000  -0.138   0.380   0.
  2017 352  3 23  2 496 352.141001117       1.36      0.40     -2.84  0.        -541.092       5634.191       7443.742    0.000  -0.138   0.380   0.
  2017 352  3 23  3 496 352.141012691       1.53      0.03     -3.16  0.        -542.441       5635.036       7443.420    0.000  -0.138   0.380   0.
  2017 352  3 23  4 496 352.141024265       1.59      0.29     -2.78  0.        -543.790       5635.879       7443.097    0.000  -0.138   0.380   0.
  2017 352  3 23  5 496 352.141035839       1.25      0.72     -2.81  0.        -545.138       5636.723       7442.773    0.000  -0.138   0.380   0.
  2017 352  3 23  6 496 352.141047413       1.01      0.79     -2.63  0.        -546.487       5637.566       7442.449    0.000  -0.138   0.380   0.
  2017 352  3 23  7 496 352.141058987       0.65      0.72     -2.29  0.        -547.836       5638.409       7442.125    0.000  -0.138   0.380   0.
  2017 352  3 23  8 496 352.141070561       0.19      0.86     -1.70  0.        -549.185       5639.252       7441.801    0.000  -0.138   0.380   0.
  2017 352  3 23  9 496 352.141082135       0.09      1.27     -0.97  0.        -550.534       5640.094       7441.476    0.000  -0.138   0.380   0.
  2017 352  3 23 10 496 352.141093709       0.67      1.45     -1.11  0.        -551.883       5640.936       7441.150    0.000  -0.138   0.380   0.
  2017 352  3 23 11 496 352.141105284       0.77      1.12     -1.44  0.        -553.231       5641.778       7440.825    0.000  -0.138   0.380   0.
  2017 352  3 23 12 496 352.141116856       0.97      0.96     -1.35  0.        -554.580       5642.619       7440.499    0.000  -0.138   0.380   0.
  2017 352  3 23 13 496 352.141128429       1.09      0.95     -1.32  0.        -555.929       5643.460       7440.172    0.000  -0.138   0.380   0.
  2017 352  3 23 14 496 352.141140003       1.30      0.86     -1.33  0.        -557.277       5644.301       7439.845    0.000  -0.138   0.380   0.
  2017 352  3 23 15 496 352.141151577       1.38      0.75     -1.07  0.        -558.626       5645.142       7439.518    0.000  -0.138   0.380   0.
  2017 352  3 23 16 496 352.141163151       1.42      0.90     -1.01  0.        -559.975       5645.982       7439.190    0.000  -0.138   0.380   0.
  2017 352  3 23 17 496 352.141174725       1.55      1.06     -1.04  0.        -561.323       5646.822       7438.862    0.000  -0.138   0.380   0.
  2017 352  3 23 18 496 352.141186299       1.86      0.97     -0.74  0.        -562.672       5647.662       7438.534    0.000  -0.138   0.380   0.
  2017 352  3 23 19 496 352.141197873       2.13      0.97     -0.63  0.        -564.020       5648.501       7438.205    0.000  -0.138   0.380   0.
  2017 352  3 23 20 496 352.141209447       2.00      1.20     -0.64  0.        -565.369       5649.340       7437.876    0.000  -0.138   0.380   0.
  2017 352  3 23 21 496 352.141221021       2.02      1.20     -0.38  0.        -566.717       5650.179       7437.546    0.000  -0.138   0.380   0.
  2017 352  3 23 22 496 352.141232595       1.02      1.80     -0.80  0.        -568.065       5651.017       7437.216    0.000  -0.138   0.380   0.
  2017 352  3 23 23 496 352.141244170       0.90      1.71     -1.05  0.        -569.414       5651.856       7436.886    0.000  -0.138   0.380   0.
  2017 352  3 23 24 496 352.141255744       0.88      1.61     -0.97  0.        -570.762       5652.694       7436.555    0.000  -0.138   0.380   0.
  2017 352  3 23 25 496 352.141267318       0.76      1.25     -0.42  0.        -572.110       5653.531       7436.224    0.000  -0.138   0.380   0.
  2017 352  3 23 26 496 352.141278892       0.47      1.15     -0.30  0.        -573.459       5654.369       7435.892    0.000  -0.138   0.380   0.
  2017 352  3 23 27 496 352.141290466       0.18      0.96     -0.90  0.        -574.807       5655.206       7435.560    0.000  -0.138   0.380   0.
  2017 352  3 23 28 496 352.141302040       0.01      0.84     -0.81  0.        -576.155       5656.042       7435.228    0.000  -0.138   0.380   0.
  2017 352  3 23 29 496 352.141313614       0.11      0.83     -1.47  0.        -577.503       5656.879       7434.895    0.000  -0.138   0.380   0.
  2017 352  3 23 30 496 352.141325188       0.81      0.47     -1.57  0.        -578.852       5657.715       7434.562    0.000  -0.138   0.380   0.
  2017 352  3 23 31 496 352.141336762       1.16      0.55     -1.73  0.        -580.200       5658.551       7434.229    0.000  -0.138   0.380   0.
  2017 352  3 23 32 496 352.141348336       1.09      0.81     -1.47  0.        -581.548       5659.386       7433.895    0.000  -0.138   0.380   0.
  2017 352  3 23 33 496 352.141359910       1.21      0.98     -1.06  0.        -582.896       5660.221       7433.561    0.000  -0.138   0.380   0.
  2017 352  3 23 34 496 352.141371484       0.65      1.48     -0.67  0.        -584.244       5661.056       7433.226    0.000  -0.138   0.380   0.
  2017 352  3 23 35 496 352.141383058       0.20      1.60     -1.38  0.        -585.592       5661.891       7432.891    0.000  -0.138   0.380   0.
  2017 352  3 23 36 496 352.141394633       0.98      0.74     -0.97  0.        -586.940       5662.725       7432.555    0.000  -0.138   0.380   0.
  2017 352  3 23 37 496 352.141406207       1.08      0.60     -1.45  0.        -588.288       5663.560       7432.220    0.000  -0.138   0.380   0.
  2017 352  3 23 38 496 352.141417781       1.12      0.60     -1.36  0.        -589.636       5664.393       7431.883    0.000  -0.138   0.380   0.
  2017 352  3 23 39 496 352.141429355       2.14      0.82     -0.23  0.        -590.984       5665.227       7431.547    0.000  -0.138   0.380   0.
  2017 352  3 23 40 496 352.141440929       1.91      0.99      0.01  0.        -592.332       5666.060       7431.210    0.000  -0.138   0.380   0.
  2017 352  3 23 41 496 352.141452503       2.01      1.07     -0.06  0.        -593.679       5666.893       7430.872    0.000  -0.138   0.380   0.
  2017 352  3 23 42 495 352.141464074       2.00      1.19     -0.14  0.        -595.027       5667.725       7430.535    0.000  -0.138   0.380   0.
  2017 352  3 23 43 495 352.141475648       1.53      1.11      0.06  0.        -596.375       5668.558       7430.197    0.000  -0.138   0.380   0.
  2017 352  3 23 44 495 352.141487222       0.82      1.14     -0.10  0.        -597.723       5669.390       7429.858    0.000  -0.138   0.380   0.
  2017 352  3 23 45 495 352.141498796       0.19      1.63     -0.60  0.        -599.070       5670.222       7429.519    0.000  -0.138   0.380   0.
  2017 352  3 23 46 496 352.141510370       0.83      1.26     -0.93  0.        -600.418       5671.053       7429.180    0.000  -0.138   0.380   0.
  2017 352  3 23 47 496 352.141521944       0.57      1.26     -0.79  0.        -601.766       5671.884       7428.840    0.000  -0.138   0.380   0.
  2017 352  3 23 48 495 352.141533519       0.75      1.32     -0.55  0.        -603.113       5672.715       7428.500    0.000  -0.138   0.380   0.
  2017 352  3 23 49 495 352.141545093       0.84      1.34     -0.88  0.        -604.461       5673.545       7428.160    0.000  -0.138   0.380   0.
  2017 352  3 23 50 496 352.141556667       0.62      1.23     -0.67  0.        -605.809       5674.376       7427.819    0.000  -0.138   0.380   0.
  2017 352  3 23 51 496 352.141568241       0.86      1.07     -0.55  0.        -607.156       5675.206       7427.477    0.000  -0.138   0.380   0.
  2017 352  3 23 52 496 352.141579815       0.79      1.03     -0.74  0.        -608.504       5676.035       7427.136    0.000  -0.138   0.380   0.
  2017 352  3 23 53 496 352.141591389       1.00      0.98     -0.80  0.        -609.851       5676.865       7426.794    0.000  -0.138   0.380   0.
  2017 352  3 23 54 496 352.141602963       1.11      0.95     -0.67  0.        -611.198       5677.694       7426.451    0.000  -0.138   0.380   0.
  2017 352  3 23 55 495 352.141614537       0.81      1.13     -1.01  0.        -612.546       5678.522       7426.109    0.000  -0.138   0.380   0.
  2017 352  3 23 56 495 352.141626111       0.39      1.28     -1.04  0.        -613.893       5679.351       7425.765    0.000  -0.138   0.380   0.
  2017 352  3 23 57 495 352.141637685       0.42      1.19     -1.01  0.        -615.240       5680.179       7425.422    0.000  -0.138   0.380   0.
  2017 352  3 23 58 495 352.141649259       0.46      1.05     -0.83  0.        -616.588       5681.007       7425.078    0.000  -0.138   0.380   0.
  2017 352  3 23 59 495 352.141660833       0.63      0.99     -0.71  0.        -617.935       5681.834       7424.734    0.000  -0.138   0.380   0.
  2017 352  3 24  0 496 352.141672407       0.81      1.05     -0.89  0.        -619.282       5682.662       7424.389    0.000  -0.138   0.380   0.
  2017 352  3 24  1 496 352.141683981       0.72      1.23     -0.81  0.        -620.629       5683.489       7424.044    0.000  -0.138   0.380   0.
  2017 352  3 24  2 495 352.141695556       0.63      1.36     -0.94  0.        -621.977       5684.315       7423.698    0.000  -0.138   0.380   0.
  2017 352  3 24  3 495 352.141707130       1.52      1.44     -1.32  0.        -623.324       5685.142       7423.352    0.000  -0.138   0.380   0.
  2017 352  3 24  4 496 352.141718704       0.25      1.65     -1.37  0.        -624.671       5685.968       7423.006    0.000  -0.138   0.380   0.
  2017 352  3 24  5 496 352.141730278       0.55      1.47     -1.05  0.        -626.018       5686.794       7422.659    0.000  -0.138   0.380   0.
  2017 352  3 24  6 496 352.141741852       0.53      1.27     -0.89  0.        -627.365       5687.619       7422.312    0.000  -0.138   0.380   0.
  2017 352  3 24  7 496 352.141753426       0.60      1.34     -1.07  0.        -628.712       5688.444       7421.965    0.000  -0.138   0.380   0.
  2017 352  3 24  8 495 352.141765000       0.92      1.10     -0.59  0.        -630.059       5689.269       7421.617    0.000  -0.138   0.380   0.
  2017 352  3 24  9 495 352.141776574       1.44      0.96      0.47  0.        -631.406       5690.094       7421.269    0.000  -0.138   0.380   0.
  2017 352  3 24 10 495 352.141788146       1.48      1.04      0.69  0.        -632.753       5690.918       7420.920    0.000  -0.138   0.380   0.
  2017 352  3 24 11 495 352.141799719       2.01      0.79      0.11  0.        -634.100       5691.742       7420.571    0.000  -0.138   0.380   0.
  2017 352  3 24 12 495 352.141811293       0.87      1.10     -0.51  0.        -635.446       5692.566       7420.222    0.000  -0.138   0.380   0.
  2017 352  3 24 13 495 352.141822867       1.12      1.35     -0.32  0.        -636.793       5693.390       7419.872    0.000  -0.138   0.380   0.
  2017 352  3 24 14 495 352.141834442       1.72      1.28     -0.63  0.        -638.140       5694.213       7419.522    0.000  -0.138   0.380   0.
  2017 352  3 24 15 495 352.141846016       0.97      1.47     -1.23  0.        -639.487       5695.036       7419.172    0.000  -0.138   0.380   0.
  2017 352  3 24 16 495 352.141857590       0.57      1.38     -0.89  0.        -640.833       5695.858       7418.821    0.000  -0.138   0.380   0.
  2017 352  3 24 17 495 352.141869164       0.72      1.28     -1.00  0.        -642.180       5696.680       7418.469    0.000  -0.138   0.380   0.
  2017 352  3 24 18 495 352.141880738       0.68      1.23     -1.22  0.        -643.527       5697.502       7418.118    0.000  -0.138   0.380   0.
  2017 352  3 24 19 495 352.141892312       0.43      1.28     -1.14  0.        -644.873       5698.324       7417.765    0.000  -0.138   0.380   0.
  2017 352  3 24 20 495 352.141903886       0.29      1.60     -0.82  0.        -646.220       5699.145       7417.413    0.000  -0.138   0.380   0.
  2017 352  3 24 21 495 352.141915460       0.37      1.67     -0.70  0.        -647.567       5699.966       7417.060    0.000  -0.138   0.380   0.
  2017 352  3 24 22 495 352.141927034       0.48      1.73     -0.78  0.        -648.913       5700.787       7416.707    0.000  -0.138   0.380   0.
  2017 352  3 24 23 495 352.141938608       0.38      1.96     -0.40  0.        -650.260       5701.608       7416.354    0.000  -0.138   0.380   0.
  2017 352  3 24 24 495 352.141950182       1.09      1.61      0.23  0.        -651.606       5702.428       7416.000    0.000  -0.138   0.380   0.
  2017 352  3 24 25 495 352.141961756       0.96      1.82     -1.30  0.        -652.952       5703.248       7415.645    0.000  -0.138   0.380   0.
  2017 352  3 24 26 495 352.141973330       0.74      1.91     -1.19  0.        -654.299       5704.067       7415.290    0.000  -0.138   0.380   0.
  2017 352  3 24 27 495 352.141984904       2.63      0.90     -2.03  0.        -655.645       5704.887       7414.935    0.000  -0.138   0.380   0.
  2017 352  3 24 28 495 352.141996479       0.42      1.39     -3.59  0.        -656.991       5705.706       7414.580    0.000  -0.138   0.380   0.
  2017 352  3 24 29 495 352.142008053      -0.39      1.80     -3.10  0.        -658.338       5706.524       7414.224    0.000  -0.138   0.380   0.
  2017 352  3 24 30 495 352.142019627       0.95      1.46     -3.39  0.        -659.684       5707.343       7413.868    0.000  -0.138   0.380   0.
  2017 352  3 24 31 495 352.142031201       1.77      0.76     -3.17  0.        -661.030       5708.161       7413.511    0.000  -0.138   0.380   0.
  2017 352  3 24 32 495 352.142042775       1.14      0.79     -1.81  0.        -662.376       5708.979       7413.154    0.000  -0.138   0.380   0.
  2017 352  3 24 33 495 352.142054349       0.82      1.47     -1.22  0.        -663.722       5709.796       7412.796    0.000  -0.138   0.380   0.
  2017 352  3 24 34 495 352.142065923       0.87      1.39     -0.93  0.        -665.068       5710.613       7412.439    0.000  -0.138   0.380   0.
  2017 352  3 24 35 495 352.142077497       0.65      1.47     -0.72  0.        -666.415       5711.430       7412.080    0.000  -0.138   0.380   0.
  2017 352  3 24 36 495 352.142089071       0.66      1.63     -0.49  0.        -667.761       5712.247       7411.722    0.000  -0.138   0.380   0.
  2017 352  3 24 37 495 352.142100645       0.93      1.64     -0.30  0.        -669.107       5713.064       7411.363    0.000  -0.138   0.380   0.
  2017 352  3 24 38 495 352.142112219       0.80      1.43     -0.58  0.        -670.452       5713.880       7411.003    0.000  -0.138   0.380   0.
  2017 352  3 24 39 495 352.142123793       0.57      1.44     -0.65  0.        -671.798       5714.695       7410.644    0.000  -0.138   0.380   0.
  2017 352  3 24 40 495 352.142135365       0.76      1.31     -0.46  0.        -673.144       5715.511       7410.283    0.000  -0.138   0.380   0.
  2017 352  3 24 41 495 352.142146939       1.01      1.26     -0.69  0.        -674.490       5716.326       7409.923    0.000  -0.138   0.380   0.
  2017 352  3 24 42 495 352.142158513       1.01      1.44     -1.03  0.        -675.836       5717.141       7409.562    0.000  -0.138   0.380   0.
  2017 352  3 24 43 495 352.142170087       0.92      1.27     -1.36  0.        -677.182       5717.955       7409.201    0.000  -0.138   0.380   0.
  2017 352  3 24 44 495 352.142181661       0.35      1.08     -1.52  0.        -678.527       5718.769       7408.839    0.000  -0.138   0.380   0.
  2017 352  3 24 45 495 352.142193235       0.12      1.13     -1.64  0.        -679.873       5719.583       7408.477    0.000  -0.138   0.380   0.
  2017 352  3 24 46 495 352.142204809       0.03      1.22     -1.62  0.        -681.219       5720.397       7408.115    0.000  -0.138   0.380   0.
  2017 352  3 24 47 495 352.142216383      -0.00      1.27     -1.39  0.        -682.565       5721.211       7407.752    0.000  -0.138   0.380   0.
  2017 352  3 24 48 495 352.142227957       0.07      1.47     -1.21  0.        -683.910       5722.024       7407.388    0.000  -0.138   0.380   0.
  2017 352  3 24 49 495 352.142239531      -0.20      1.58     -0.87  0.        -685.256       5722.836       7407.025    0.000  -0.138   0.380   0.
  2017 352  3 24 50 495 352.142251105      -0.01      1.56     -0.96  0.        -686.601       5723.649       7406.661    0.000  -0.138   0.380   0.
  2017 352  3 24 51 495 352.142262679      -0.22      1.50     -0.54  0.        -687.947       5724.461       7406.297    0.000  -0.138   0.380   0.
  2017 352  3 24 52 495 352.142274253       0.42      1.25     -0.49  0.        -689.292       5725.273       7405.932    0.000  -0.138   0.380   0.
  2017 352  3 24 53 495 352.142285828      -0.54      1.32     -1.01  0.        -690.638       5726.085       7405.567    0.000  -0.138   0.380   0.
  2017 352  3 24 54 495 352.142297402      -0.67      2.03     -0.36  0.        -691.983       5726.896       7405.201    0.000  -0.138   0.380   0.
  2017 352  3 24 55 495 352.142308976      -0.31      2.18     -0.23  0.        -693.328       5727.707       7404.835    0.000  -0.138   0.380   0.
  2017 352  3 24 56 495 352.142320550      -0.37      2.12     -0.50  0.        -694.674       5728.518       7404.469    0.000  -0.138   0.380   0.
  2017 352  3 24 57 495 352.142332124      -0.43      1.93     -0.09  0.        -696.019       5729.328       7404.102    0.000  -0.138   0.380   0.
  2017 352  3 24 58 495 352.142343698      -0.41      1.87     -0.12  0.        -697.364       5730.138       7403.735    0.000  -0.138   0.380   0.
  2017 352  3 24 59 495 352.142355272      -0.23      1.92     -0.64  0.        -698.710       5730.948       7403.368    0.000  -0.138   0.380   0.
  2017 352  3 25  0 495 352.142366846      -0.00      1.81     -0.88  0.        -700.055       5731.757       7403.000    0.000  -0.138   0.380   0.
  2017 352  3 25  1 495 352.142378420      -0.24      1.54     -1.67  0.        -701.400       5732.567       7402.632    0.000  -0.138   0.380   0.
  2017 352  3 25  2 495 352.142389994      -0.80      2.02     -1.24  0.        -702.745       5733.376       7402.263    0.000  -0.138   0.380   0.
  2017 352  3 25  3 495 352.142401568      -0.41      1.96     -1.44  0.        -704.090       5734.184       7401.894    0.000  -0.138   0.380   0.
  2017 352  3 25  4 495 352.142413142      -0.60      1.78     -1.09  0.        -705.435       5734.993       7401.525    0.000  -0.138   0.380   0.
  2017 352  3 25  5 495 352.142424716      -0.66      1.74     -0.18  0.        -706.780       5735.801       7401.155    0.000  -0.138   0.380   0.
  2017 352  3 25  6 495 352.142436290      -0.26      1.61     -0.20  0.        -708.125       5736.608       7400.785    0.000  -0.138   0.380   0.
  2017 352  3 25  7 495 352.142447865      -0.21      1.49     -0.37  0.        -709.470       5737.416       7400.415    0.000  -0.138   0.380   0.
  2017 352  3 25  8 495 352.142459439      -0.16      1.32     -0.52  0.        -710.815       5738.223       7400.044    0.000  -0.138   0.380   0.
  2017 352  3 25  9 495 352.142471013      -0.23      1.36     -0.63  0.        -712.160       5739.030       7399.672    0.000  -0.138   0.380   0.
  2017 352  3 25 10 495 352.142482585      -0.12      1.79     -0.38  0.        -713.504       5739.837       7399.301    0.000  -0.138   0.380   0.
  2017 352  3 25 11 495 352.142494158      -0.35      1.85     -0.38  0.        -714.849       5740.643       7398.929    0.000  -0.138   0.380   0.
  2017 352  3 25 12 495 352.142505732      -0.50      1.77     -0.15  0.        -716.194       5741.449       7398.556    0.000  -0.138   0.380   0.
  2017 352  3 25 13 495 352.142517306      -0.20      1.69     -1.50  0.        -717.539       5742.254       7398.183    0.000  -0.138   0.380   0.
  2017 352  3 25 14 495 352.142528880       0.56      1.45     -1.77  0.        -718.883       5743.060       7397.810    0.000  -0.138   0.380   0.
  2017 352  3 25 15 495 352.142540454       0.64      1.42     -1.42  0.        -720.228       5743.865       7397.437    0.000  -0.138   0.380   0.
  2017 352  3 25 16 495 352.142552028       0.39      1.52     -0.26  0.        -721.573       5744.670       7397.063    0.000  -0.138   0.380   0.
  2017 352  3 25 17 495 352.142563602       0.83      1.56     -0.20  0.        -722.917       5745.474       7396.689    0.000  -0.138   0.380   0.
  2017 352  3 25 18 495 352.142575177       0.49      1.60     -0.28  0.        -724.262       5746.278       7396.314    0.000  -0.138   0.380   0.
  2017 352  3 25 19 495 352.142586751       0.12      1.52     -0.17  0.        -725.606       5747.082       7395.939    0.000  -0.138   0.380   0.
  2017 352  3 25 20 495 352.142598325       0.15      1.51     -0.29  0.        -726.951       5747.886       7395.563    0.000  -0.138   0.380   0.
  2017 352  3 25 21 495 352.142609899       0.01      1.67     -0.48  0.        -728.295       5748.689       7395.188    0.000  -0.138   0.380   0.
  2017 352  3 25 22 495 352.142621473      -0.15      1.78     -0.53  0.        -729.639       5749.492       7394.811    0.000  -0.138   0.380   0.
  2017 352  3 25 23 495 352.142633047      -0.44      1.98      0.19  0.        -730.984       5750.295       7394.435    0.000  -0.138   0.380   0.
  2017 352  3 25 24 495 352.142644621       0.03      1.72      0.51  0.        -732.328       5751.097       7394.058    0.000  -0.138   0.380   0.
  2017 352  3 25 25 495 352.142656195       0.61      1.54      0.36  0.        -733.672       5751.900       7393.680    0.000  -0.138   0.380   0.
  2017 352  3 25 26 495 352.142667769       0.73      1.43      0.42  0.        -735.016       5752.701       7393.302    0.000  -0.138   0.380   0.
  2017 352  3 25 27 495 352.142679343       0.62      1.41     -0.26  0.        -736.361       5753.503       7392.924    0.000  -0.138   0.380   0.
  2017 352  3 25 28 495 352.142690917       0.06      1.10     -1.18  0.        -737.705       5754.304       7392.546    0.000  -0.138   0.380   0.
  2017 352  3 25 29 495 352.142702491      -0.44      1.27     -1.15  0.        -739.049       5755.105       7392.167    0.000  -0.138   0.380   0.
  2017 352  3 25 30 495 352.142714065      -0.22      1.30     -1.14  0.        -740.393       5755.905       7391.788    0.000  -0.138   0.380   0.
  2017 352  3 25 31 495 352.142725639      -0.01      1.41     -1.28  0.        -741.737       5756.706       7391.408    0.000  -0.138   0.380   0.
  2017 352  3 25 32 495 352.142737214      -0.17      1.70     -1.19  0.        -743.081       5757.506       7391.028    0.000  -0.138   0.380   0.
  2017 352  3 25 33 495 352.142748788      -0.05      1.62     -1.30  0.        -744.425       5758.306       7390.647    0.000  -0.138   0.380   0.
  2017 352  3 25 34 495 352.142760362       0.07      1.65     -1.22  0.        -745.769       5759.105       7390.267    0.000  -0.138   0.380   0.
  2017 352  3 25 35 495 352.142771936       0.49      1.22     -0.60  0.        -747.113       5759.904       7389.885    0.000  -0.138   0.380   0.
  2017 352  3 25 36 495 352.142783510       0.72      1.24     -1.01  0.        -748.456       5760.703       7389.504    0.000  -0.138   0.380   0.
  2017 352  3 25 37 495 352.142795084       0.65      1.21     -1.05  0.        -749.800       5761.502       7389.122    0.000  -0.138   0.380   0.
  2017 352  3 25 38 495 352.142806658       0.23      1.19     -0.96  0.        -751.144       5762.300       7388.740    0.000  -0.138   0.380   0.
  2017 352  3 25 39 495 352.142818232       0.31      1.20     -0.96  0.        -752.488       5763.098       7388.357    0.000  -0.138   0.380   0.
  2017 352  3 25 40 494 352.142829804       0.78      1.28     -0.31  0.        -753.831       5763.896       7387.974    0.000  -0.138   0.380   0.
  2017 352  3 25 41 494 352.142841377       0.73      1.31     -0.91  0.        -755.175       5764.693       7387.590    0.000  -0.138   0.380   0.
  2017 352  3 25 42 495 352.142852951       0.74      1.11     -1.08  0.        -756.519       5765.490       7387.206    0.000  -0.138   0.380   0.
  2017 352  3 25 43 495 352.142864525       0.36      1.24     -1.01  0.        -757.862       5766.287       7386.822    0.000  -0.138   0.380   0.
  2017 352  3 25 44 494 352.142876100       0.30      1.22     -0.87  0.        -759.206       5767.083       7386.438    0.000  -0.138   0.380   0.
  2017 352  3 25 45 494 352.142887674       0.48      1.30     -0.61  0.        -760.549       5767.880       7386.053    0.000  -0.138   0.380   0.
  2017 352  3 25 46 495 352.142899248       0.81      1.41     -0.99  0.        -761.893       5768.676       7385.667    0.000  -0.138   0.380   0.
  2017 352  3 25 47 495 352.142910822       0.39      1.55     -1.62  0.        -763.236       5769.471       7385.281    0.000  -0.138   0.380   0.
  2017 352  3 25 48 495 352.142922396       0.20      1.23     -1.16  0.        -764.579       5770.266       7384.895    0.000  -0.138   0.380   0.
  2017 352  3 25 49 495 352.142933970       0.61      1.10     -1.22  0.        -765.923       5771.061       7384.509    0.000  -0.138   0.380   0.
  2017 352  3 25 50 495 352.142945544       0.20      0.77     -2.04  0.        -767.266       5771.856       7384.122    0.000  -0.138   0.380   0.
  2017 352  3 25 51 494 352.142957118       0.19      0.81     -2.23  0.        -768.609       5772.651       7383.735    0.000  -0.138   0.380   0.
  2017 352  3 25 52 494 352.142968692       0.28      0.76     -2.22  0.        -769.952       5773.445       7383.347    0.000  -0.138   0.380   0.
  2017 352  3 25 53 494 352.142980266      -0.24      1.34     -1.45  0.        -771.296       5774.238       7382.959    0.000  -0.138   0.380   0.
  2017 352  3 25 54 494 352.142991840      -0.48      1.43     -0.05  0.        -772.639       5775.032       7382.570    0.000  -0.138   0.380   0.
  2017 352  3 25 55 494 352.143003414       1.17      0.96     -0.34  0.        -773.982       5775.825       7382.182    0.000  -0.138   0.380   0.
  2017 352  3 25 56 495 352.143014988       0.76      0.89     -1.70  0.        -775.325       5776.618       7381.792    0.000  -0.138   0.380   0.
  2017 352  3 25 57 494 352.143026562      -0.61      1.40     -1.26  0.        -776.668       5777.411       7381.403    0.000  -0.138   0.380   0.
  2017 352  3 25 58 494 352.143038137       0.10      1.50      0.31  0.        -778.011       5778.203       7381.013    0.000  -0.138   0.380   0.
  2017 352  3 25 59 494 352.143049711       1.40      1.35      0.04  0.        -779.354       5778.995       7380.623    0.000  -0.138   0.380   0.
  2017 352  3 26  0 495 352.143061285       0.73      1.56     -0.56  0.        -780.697       5779.787       7380.232    0.000  -0.138   0.380   0.
  2017 352  3 26  1 495 352.143072859       0.44      1.47     -0.24  0.        -782.039       5780.578       7379.841    0.000  -0.138   0.380   0.
  2017 352  3 26  2 495 352.143084433       0.51      1.93     -0.79  0.        -783.382       5781.369       7379.449    0.000  -0.138   0.380   0.
  2017 352  3 26  3 495 352.143096007       1.12      2.01     -1.54  0.        -784.725       5782.160       7379.058    0.000  -0.138   0.380   0.
  2017 352  3 26  4 494 352.143107581       1.33      1.69     -1.63  0.        -786.068       5782.951       7378.665    0.000  -0.138   0.380   0.
  2017 352  3 26  5 494 352.143119155       1.63      1.06     -1.05  0.        -787.410       5783.741       7378.273    0.000  -0.138   0.380   0.
  2017 352  3 26  6 494 352.143130729       1.15      1.29     -0.77  0.        -788.753       5784.531       7377.880    0.000  -0.138   0.380   0.
  2017 352  3 26  7 494 352.143142303       1.54      1.32     -0.47  0.        -790.096       5785.321       7377.486    0.000  -0.138   0.380   0.
  2017 352  3 26  8 494 352.143153875       1.27      0.98     -0.94  0.        -791.438       5786.110       7377.093    0.000  -0.138   0.380   0.
  2017 352  3 26  9 494 352.143165448       0.58      1.20     -0.78  0.        -792.781       5786.899       7376.698    0.000  -0.138   0.380   0.
  2017 352  3 26 10 494 352.143177023       0.37      1.44     -0.98  0.        -794.123       5787.688       7376.304    0.000  -0.138   0.380   0.
  2017 352  3 26 11 494 352.143188597       0.38      1.42     -1.11  0.        -795.466       5788.476       7375.909    0.000  -0.138   0.380   0.
  2017 352  3 26 12 494 352.143200171      -0.01      1.30     -0.95  0.        -796.808       5789.265       7375.514    0.000  -0.138   0.380   0.
  2017 352  3 26 13 494 352.143211745      -0.09      1.54     -0.21  0.        -798.150       5790.052       7375.118    0.000  -0.138   0.380   0.
  2017 352  3 26 14 494 352.143223319       0.29      1.49     -0.17  0.        -799.493       5790.840       7374.722    0.000  -0.138   0.380   0.
  2017 352  3 26 15 494 352.143234893       0.06      1.74     -0.32  0.        -800.835       5791.627       7374.326    0.000  -0.138   0.380   0.
  2017 352  3 26 16 494 352.143246467       0.14      1.74      0.13  0.        -802.177       5792.414       7373.929    0.000  -0.138   0.380   0.
  2017 352  3 26 17 494 352.143258041       0.46      1.57     -0.08  0.        -803.519       5793.201       7373.532    0.000  -0.138   0.380   0.
  2017 352  3 26 18 494 352.143269615       0.60      1.54     -0.26  0.        -804.862       5793.987       7373.134    0.000  -0.138   0.380   0.
  2017 352  3 26 19 494 352.143281189       0.51      1.57     -0.17  0.        -806.204       5794.773       7372.736    0.000  -0.138   0.380   0.
  2017 352  3 26 20 494 352.143292763       0.50      1.57     -0.21  0.        -807.546       5795.559       7372.338    0.000  -0.138   0.380   0.
  2017 352  3 26 21 494 352.143304337       0.84      1.53     -0.28  0.        -808.888       5796.345       7371.939    0.000  -0.138   0.380   0.
  2017 352  3 26 22 494 352.143315911       0.57      1.37     -1.04  0.        -810.230       5797.130       7371.540    0.000  -0.138   0.380   0.
  2017 352  3 26 23 494 352.143327486      -0.44      1.79     -1.24  0.        -811.572       5797.915       7371.141    0.000  -0.138   0.380   0.
  2017 352  3 26 24 494 352.143339060      -0.64      2.52     -0.63  0.        -812.914       5798.699       7370.741    0.000  -0.138   0.380   0.
  2017 352  3 26 25 494 352.143350634      -0.04      1.92     -0.39  0.        -814.256       5799.484       7370.341    0.000  -0.138   0.380   0.
  2017 352  3 26 26 494 352.143362208      -0.25      1.95     -0.70  0.        -815.597       5800.267       7369.940    0.000  -0.138   0.380   0.
  2017 352  3 26 27 494 352.143373782       0.37      1.72     -0.74  0.        -816.939       5801.051       7369.540    0.000  -0.138   0.380   0.
  2017 352  3 26 28 494 352.143385356      -0.07      1.68     -0.89  0.        -818.281       5801.835       7369.138    0.000  -0.138   0.380   0.
  2017 352  3 26 29 494 352.143396930       0.00      1.48     -0.91  0.        -819.623       5802.618       7368.736    0.000  -0.138   0.380   0.
  2017 352  3 26 30 494 352.143408504      -0.52      1.79     -1.03  0.        -820.964       5803.401       7368.334    0.000  -0.138   0.380   0.
  2017 352  3 26 31 494 352.143420078      -0.61      1.87     -0.68  0.        -822.306       5804.183       7367.932    0.000  -0.138   0.380   0.
  2017 352  3 26 32 494 352.143431652      -0.01      1.42      0.06  0.        -823.647       5804.965       7367.529    0.000  -0.138   0.380   0.
  2017 352  3 26 33 494 352.143443226       0.17      1.50     -0.06  0.        -824.989       5805.747       7367.126    0.000  -0.138   0.380   0.
  2017 352  3 26 34 494 352.143454800       0.72      1.45     -0.39  0.        -826.330       5806.529       7366.722    0.000  -0.138   0.380   0.
  2017 352  3 26 35 494 352.143466374       1.14      1.57     -1.25  0.        -827.672       5807.310       7366.318    0.000  -0.138   0.380   0.
  2017 352  3 26 36 494 352.143477948       0.98      1.75     -1.00  0.        -829.013       5808.091       7365.914    0.000  -0.138   0.380   0.
  2017 352  3 26 37 494 352.143489523      -0.32      1.79     -0.90  0.        -830.355       5808.872       7365.509    0.000  -0.138   0.380   0.
  2017 352  3 26 38 494 352.143501094       0.39      1.46      0.07  0.        -831.696       5809.652       7365.104    0.000  -0.138   0.380   0.
  2017 352  3 26 39 494 352.143512668       1.53      0.99     -0.70  0.        -833.037       5810.433       7364.699    0.000  -0.138   0.380   0.
  2017 352  3 26 40 494 352.143524242       1.12      1.85     -2.02  0.        -834.378       5811.212       7364.293    0.000  -0.138   0.380   0.
  2017 352  3 26 41 494 352.143535816       0.62      1.74     -1.21  0.        -835.720       5811.992       7363.887    0.000  -0.138   0.380   0.
  2017 352  3 26 42 494 352.143547390       0.90      1.82     -0.97  0.        -837.061       5812.771       7363.480    0.000  -0.138   0.380   0.
  2017 352  3 26 43 494 352.143558964       0.91      1.92     -0.23  0.        -838.402       5813.550       7363.073    0.000  -0.138   0.380   0.
  2017 352  3 26 44 494 352.143570538       1.23      1.74     -0.52  0.        -839.743       5814.329       7362.666    0.000  -0.138   0.380   0.
  2017 352  3 26 45 494 352.143582112       0.81      2.01     -0.92  0.        -841.084       5815.107       7362.258    0.000  -0.138   0.380   0.
  2017 352  3 26 46 494 352.143593686       0.33      1.69     -0.11  0.        -842.425       5815.885       7361.850    0.000  -0.138   0.380   0.
  2017 352  3 26 47 494 352.143605260       0.31      1.68     -0.19  0.        -843.766       5816.663       7361.441    0.000  -0.138   0.380   0.
  2017 352  3 26 48 494 352.143616834       0.23      1.58      0.21  0.        -845.107       5817.441       7361.032    0.000  -0.138   0.380   0.
  2017 352  3 26 49 494 352.143628409       1.00      1.20     -0.47  0.        -846.448       5818.218       7360.623    0.000  -0.138   0.380   0.
  2017 352  3 26 50 494 352.143639983       0.45      1.34     -1.23  0.        -847.788       5818.995       7360.214    0.000  -0.138   0.380   0.
  2017 352  3 26 51 494 352.143651557       0.17      1.22     -0.31  0.        -849.129       5819.771       7359.804    0.000  -0.138   0.380   0.
  2017 352  3 26 52 494 352.143663131       0.97      0.96     -0.50  0.        -850.470       5820.547       7359.393    0.000  -0.138   0.380   0.
  2017 352  3 26 53 494 352.143674705       0.97      1.12     -1.00  0.        -851.810       5821.323       7358.982    0.000  -0.138   0.380   0.
  2017 352  3 26 54 494 352.143686279       1.66      0.86     -0.86  0.        -853.151       5822.099       7358.571    0.000  -0.138   0.380   0.
  2017 352  3 26 55 494 352.143697853       2.12      0.93     -1.50  0.        -854.492       5822.874       7358.160    0.000  -0.138   0.380   0.
  2017 352  3 26 56 494 352.143709427       1.38      0.97     -2.31  0.        -855.832       5823.649       7357.748    0.000  -0.138   0.380   0.
  2017 352  3 26 57 494 352.143721001       0.15      1.52     -2.23  0.        -857.173       5824.424       7357.336    0.000  -0.138   0.380   0.
  2017 352  3 26 58 494 352.143732575      -0.37      1.65     -1.65  0.        -858.513       5825.199       7356.923    0.000  -0.138   0.380   0.
  2017 352  3 26 59 494 352.143744149      -0.28      1.62     -1.06  0.        -859.854       5825.973       7356.510    0.000  -0.138   0.380   0.
  2017 352  3 27  0 494 352.143755723      -0.28      1.51     -0.79  0.        -861.194       5826.747       7356.097    0.000  -0.138   0.380   0.
  2017 352  3 27  1 494 352.143767298      -0.13      1.79     -0.92  0.        -862.534       5827.520       7355.683    0.000  -0.138   0.380   0.
  2017 352  3 27  2 494 352.143778871      -0.81      1.71     -0.94  0.        -863.875       5828.294       7355.269    0.000  -0.138   0.380   0.
  2017 352  3 27  3 494 352.143790446      -0.66      1.71     -1.09  0.        -865.215       5829.067       7354.854    0.000  -0.138   0.380   0.
  2017 352  3 27  4 494 352.143802020      -0.55      1.53     -0.34  0.        -866.555       5829.839       7354.439    0.000  -0.138   0.380   0.
  2017 352  3 27  5 494 352.143813594       0.22      1.40     -0.12  0.        -867.895       5830.612       7354.024    0.000  -0.138   0.380   0.
  2017 352  3 27  6 494 352.143825168       0.37      1.35     -0.45  0.        -869.235       5831.384       7353.609    0.000  -0.138   0.380   0.
  2017 352  3 27  7 494 352.143836742       0.03      1.31     -1.13  0.        -870.575       5832.156       7353.193    0.000  -0.138   0.380   0.
  2017 352  3 27  8 494 352.143848316      -0.15      1.32     -1.33  0.        -871.915       5832.927       7352.776    0.000  -0.138   0.380   0.
  2017 352  3 27  9 494 352.143859890      -0.24      1.10     -1.21  0.        -873.255       5833.698       7352.359    0.000  -0.138   0.380   0.
  2017 352  3 27 10 494 352.143871462      -0.59      1.08     -1.60  0.        -874.595       5834.469       7351.942    0.000  -0.138   0.380   0.
  2017 352  3 27 11 494 352.143883035      -0.96      1.24     -1.61  0.        -875.935       5835.240       7351.524    0.000  -0.138   0.380   0.
  2017 352  3 27 12 494 352.143894609      -0.78      1.50     -1.35  0.        -877.275       5836.010       7351.107    0.000  -0.138   0.380   0.
  2017 352  3 27 13 494 352.143906183      -0.86      1.72     -1.04  0.        -878.615       5836.780       7350.688    0.000  -0.138   0.380   0.
  2017 352  3 27 14 494 352.143917758      -0.56      1.65     -0.58  0.        -879.954       5837.550       7350.270    0.000  -0.138   0.380   0.
  2017 352  3 27 15 494 352.143929332       0.10      1.62     -1.20  0.        -881.294       5838.319       7349.851    0.000  -0.138   0.380   0.
  2017 352  3 27 16 494 352.143940906       0.39      1.64     -1.39  0.        -882.634       5839.089       7349.431    0.000  -0.138   0.380   0.
  2017 352  3 27 17 494 352.143952480       0.41      1.56     -1.98  0.        -883.973       5839.857       7349.011    0.000  -0.138   0.380   0.
  2017 352  3 27 18 494 352.143964054      -0.08      1.64     -1.80  0.        -885.313       5840.626       7348.591    0.000  -0.138   0.380   0.
  2017 352  3 27 19 494 352.143975628       0.03      1.43     -1.59  0.        -886.652       5841.394       7348.171    0.000  -0.138   0.380   0.
  2017 352  3 27 20 494 352.143987202      -0.32      1.42     -1.39  0.        -887.992       5842.162       7347.750    0.000  -0.138   0.380   0.
  2017 352  3 27 21 494 352.143998776      -0.43      1.51     -1.08  0.        -889.331       5842.930       7347.328    0.000  -0.138   0.380   0.
  2017 352  3 27 22 494 352.144010350      -0.68      1.85     -0.89  0.        -890.671       5843.697       7346.907    0.000  -0.138   0.380   0.
  2017 352  3 27 23 494 352.144021924      -0.05      1.54      0.10  0.        -892.010       5844.464       7346.485    0.000  -0.138   0.380   0.
  2017 352  3 27 24 494 352.144033498       1.24      1.46     -1.23  0.        -893.349       5845.231       7346.062    0.000  -0.138   0.380   0.
  2017 352  3 27 25 494 352.144045072      -0.23      2.07     -1.98  0.        -894.688       5845.997       7345.640    0.000  -0.138   0.380   0.
  2017 352  3 27 26 494 352.144056646      -0.24      1.62     -1.06  0.        -896.028       5846.763       7345.216    0.000  -0.138   0.380   0.
  2017 352  3 27 27 494 352.144068221       0.22      1.25     -0.82  0.        -897.367       5847.529       7344.793    0.000  -0.138   0.380   0.
  2017 352  3 27 28 494 352.144079795       0.24      1.35     -1.27  0.        -898.706       5848.295       7344.369    0.000  -0.138   0.380   0.
  2017 352  3 27 29 494 352.144091369      -0.22      1.73     -1.17  0.        -900.045       5849.060       7343.945    0.000  -0.138   0.380   0.
  2017 352  3 27 30 494 352.144102943      -0.61      2.10     -0.50  0.        -901.384       5849.825       7343.520    0.000  -0.138   0.380   0.
  2017 352  3 27 31 494 352.144114517      -0.39      1.80     -0.75  0.        -902.723       5850.590       7343.095    0.000  -0.138   0.380   0.
  2017 352  3 27 32 494 352.144126091       0.06      1.47     -1.05  0.        -904.062       5851.354       7342.669    0.000  -0.138   0.380   0.
  2017 352  3 27 33 494 352.144137665       0.45      1.30     -1.38  0.        -905.401       5852.118       7342.244    0.000  -0.138   0.380   0.
  2017 352  3 27 34 494 352.144149239       0.84      1.49     -1.57  0.        -906.740       5852.882       7341.818    0.000  -0.138   0.380   0.
  2017 352  3 27 35 494 352.144160813       0.14      2.06     -1.28  0.        -908.078       5853.645       7341.391    0.000  -0.138   0.380   0.
  2017 352  3 27 36 494 352.144172387       0.15      1.88     -0.83  0.        -909.417       5854.408       7340.964    0.000  -0.138   0.380   0.
  2017 352  3 27 37 494 352.144183961       0.60      1.33     -0.18  0.        -910.756       5855.171       7340.537    0.000  -0.138   0.380   0.
  2017 352  3 27 38 494 352.144195535       0.81      1.22     -1.42  0.        -912.094       5855.934       7340.109    0.000  -0.138   0.380   0.
  2017 352  3 27 39 494 352.144207109       0.65      2.00     -2.13  0.        -913.433       5856.696       7339.681    0.000  -0.138   0.380   0.
  2017 352  3 27 40 493 352.144218681       0.81      3.07     -2.68  0.        -914.772       5857.458       7339.253    0.000  -0.138   0.380   0.
  2017 352  3 27 41 493 352.144230255       0.87      2.66     -2.28  0.        -916.110       5858.220       7338.824    0.000  -0.138   0.380   0.
  2017 352  3 27 42 494 352.144241829       0.84      2.15     -2.01  0.        -917.448       5858.981       7338.395    0.000  -0.138   0.380   0.
  2017 352  3 27 43 494 352.144253403       0.38      1.91     -1.61  0.        -918.787       5859.742       7337.965    0.000  -0.138   0.380   0.
  2017 352  3 27 44 494 352.144264977       0.40      1.86     -0.74  0.        -920.125       5860.503       7337.535    0.000  -0.138   0.380   0.
  2017 352  3 27 45 494 352.144276551       0.88      1.76     -0.40  0.        -921.464       5861.263       7337.105    0.000  -0.138   0.380   0.
  2017 352  3 27 46 494 352.144288125       1.04      1.58     -0.26  0.        -922.802       5862.023       7336.674    0.000  -0.138   0.380   0.
  2017 352  3 27 47 493 352.144299699       0.89      1.44     -0.19  0.        -924.140       5862.783       7336.243    0.000  -0.138   0.380   0.
  2017 352  3 27 48 493 352.144311273       0.93      1.38     -0.52  0.        -925.478       5863.543       7335.812    0.000  -0.138   0.380   0.
  2017 352  3 27 49 493 352.144322847       0.83      1.35     -0.46  0.        -926.816       5864.302       7335.380    0.000  -0.138   0.380   0.
  2017 352  3 27 50 493 352.144334421       0.99      1.36     -0.51  0.        -928.154       5865.061       7334.948    0.000  -0.138   0.380   0.
  2017 352  3 27 51 494 352.144345995       0.85      1.45     -0.84  0.        -929.492       5865.820       7334.515    0.000  -0.138   0.380   0.
  2017 352  3 27 52 494 352.144357569       0.61      1.22     -0.49  0.        -930.830       5866.578       7334.083    0.000  -0.138   0.380   0.
  2017 352  3 27 53 493 352.144369143       1.42      1.03     -1.30  0.        -932.168       5867.336       7333.649    0.000  -0.138   0.380   0.
  2017 352  3 27 54 493 352.144380718       0.29      1.44     -1.76  0.        -933.506       5868.094       7333.216    0.000  -0.138   0.380   0.
  2017 352  3 27 55 494 352.144392292       0.59      1.75     -1.78  0.        -934.844       5868.852       7332.782    0.000  -0.138   0.380   0.
  2017 352  3 27 56 494 352.144403866      -0.43      1.84     -1.03  0.        -936.182       5869.609       7332.347    0.000  -0.138   0.380   0.
  2017 352  3 27 57 494 352.144415440       0.60      1.69     -0.33  0.        -937.520       5870.366       7331.912    0.000  -0.138   0.380   0.
  2017 352  3 27 58 494 352.144427014      -0.09      2.08     -1.37  0.        -938.857       5871.122       7331.477    0.000  -0.138   0.380   0.
  2017 352  3 27 59 494 352.144438588      -0.87      2.48     -0.97  0.        -940.195       5871.879       7331.042    0.000  -0.138   0.380   0.
  2017 352  3 28  0 493 352.144450162      -1.57      2.63     -0.65  0.        -941.533       5872.635       7330.606    0.000  -0.138   0.380   0.
  2017 352  3 28  1 493 352.144461736      -2.38      3.05     -0.48  0.        -942.870       5873.390       7330.170    0.000  -0.138   0.380   0.
  2017 352  3 28  2 493 352.144473310      -2.33      2.52     -0.15  0.        -944.208       5874.146       7329.733    0.000  -0.138   0.380   0.
  2017 352  3 28  3 493 352.144484884      -1.61      2.52      0.51  0.        -945.545       5874.901       7329.296    0.000  -0.138   0.380   0.
  2017 352  3 28  4 493 352.144496458      -0.11      2.31      1.13  0.        -946.882       5875.656       7328.859    0.000  -0.138   0.380   0.
  2017 352  3 28  5 494 352.144508032       0.50      1.67      0.61  0.        -948.220       5876.410       7328.421    0.000  -0.138   0.380   0.
  2017 352  3 28  6 494 352.144519606       0.96      1.34      0.06  0.        -949.557       5877.164       7327.983    0.000  -0.138   0.380   0.
  2017 352  3 28  7 493 352.144531181       1.51      1.31     -0.26  0.        -950.894       5877.918       7327.544    0.000  -0.138   0.380   0.
  2017 352  3 28  8 493 352.144542752       1.27      1.23     -0.89  0.        -952.232       5878.672       7327.105    0.000  -0.138   0.380   0.
  2017 352  3 28  9 493 352.144554326       1.32      1.40     -0.60  0.        -953.569       5879.425       7326.666    0.000  -0.138   0.380   0.
  2017 352  3 28 10 493 352.144565900       1.12      1.60     -0.08  0.        -954.906       5880.178       7326.227    0.000  -0.138   0.380   0.
  2017 352  3 28 11 493 352.144577474       1.27      1.96      0.25  0.        -956.243       5880.931       7325.787    0.000  -0.138   0.380   0.
  2017 352  3 28 12 493 352.144589048       1.14      2.24      0.48  0.        -957.580       5881.684       7325.346    0.000  -0.138   0.380   0.
  2017 352  3 28 13 493 352.144600622       1.27      2.21      0.17  0.        -958.917       5882.435       7324.905    0.000  -0.138   0.380   0.
  2017 352  3 28 14 493 352.144612196       1.28      2.25     -0.09  0.        -960.254       5883.187       7324.464    0.000  -0.138   0.380   0.
  2017 352  3 28 15 493 352.144623770       0.66      2.37     -0.39  0.        -961.591       5883.939       7324.023    0.000  -0.138   0.380   0.
  2017 352  3 28 16 493 352.144635344      -0.12      2.32     -0.11  0.        -962.928       5884.690       7323.581    0.000  -0.138   0.380   0.
  2017 352  3 28 17 493 352.144646918       0.06      2.17      0.48  0.        -964.264       5885.441       7323.139    0.000  -0.138   0.380   0.
  2017 352  3 28 18 493 352.144658492       0.63      1.61      0.30  0.        -965.601       5886.192       7322.696    0.000  -0.138   0.380   0.
  2017 352  3 28 19 493 352.144670067       1.01      1.25      0.02  0.        -966.938       5886.942       7322.253    0.000  -0.138   0.380   0.
  2017 352  3 28 20 493 352.144681641       1.13      1.12     -0.17  0.        -968.274       5887.692       7321.810    0.000  -0.138   0.380   0.
  2017 352  3 28 21 493 352.144693215       1.16      1.32     -0.45  0.        -969.611       5888.442       7321.366    0.000  -0.138   0.380   0.
  2017 352  3 28 22 493 352.144704789       1.04      1.66     -0.91  0.        -970.947       5889.191       7320.922    0.000  -0.138   0.380   0.
  2017 352  3 28 23 493 352.144716363       0.15      1.59     -0.89  0.        -972.284       5889.940       7320.478    0.000  -0.138   0.380   0.
  2017 352  3 28 24 493 352.144727937       0.13      1.23     -1.34  0.        -973.620       5890.689       7320.033    0.000  -0.138   0.380   0.
  2017 352  3 28 25 493 352.144739511      -0.43      1.26     -1.17  0.        -974.957       5891.438       7319.588    0.000  -0.138   0.380   0.
  2017 352  3 28 26 493 352.144751085      -0.59      1.51     -1.19  0.        -976.293       5892.186       7319.142    0.000  -0.138   0.380   0.
  2017 352  3 28 27 493 352.144762659      -1.09      1.70     -0.85  0.        -977.629       5892.934       7318.696    0.000  -0.138   0.380   0.
  2017 352  3 28 28 493 352.144774233      -0.56      1.81      0.17  0.        -978.966       5893.681       7318.250    0.000  -0.138   0.380   0.
  2017 352  3 28 29 493 352.144785807       0.17      1.71      0.40  0.        -980.302       5894.429       7317.803    0.000  -0.138   0.380   0.
  2017 352  3 28 30 493 352.144797381       0.43      1.70      0.17  0.        -981.638       5895.176       7317.356    0.000  -0.138   0.380   0.
  2017 352  3 28 31 493 352.144808955       0.86      1.49      0.18  0.        -982.974       5895.922       7316.909    0.000  -0.138   0.380   0.
  2017 352  3 28 32 493 352.144820529       1.23      1.22     -0.43  0.        -984.310       5896.669       7316.461    0.000  -0.138   0.380   0.
  2017 352  3 28 33 493 352.144832104       1.11      1.34     -1.75  0.        -985.646       5897.415       7316.013    0.000  -0.138   0.380   0.
  2017 352  3 28 34 493 352.144843678      -0.11      1.51     -2.47  0.        -986.982       5898.161       7315.564    0.000  -0.138   0.380   0.
  2017 352  3 28 35 493 352.144855252      -0.64      1.70     -2.27  0.        -988.318       5898.906       7315.115    0.000  -0.138   0.380   0.
  2017 352  3 28 36 493 352.144866826      -1.22      1.74     -1.96  0.        -989.654       5899.652       7314.666    0.000  -0.138   0.380   0.
  2017 352  3 28 37 493 352.144878400      -1.79      1.83     -0.65  0.        -990.989       5900.397       7314.216    0.000  -0.138   0.380   0.
  2017 352  3 28 38 493 352.144889972      -0.96      1.87      0.48  0.        -992.325       5901.141       7313.766    0.000  -0.138   0.380   0.
  2017 352  3 28 39 493 352.144901545      -0.71      1.92      0.37  0.        -993.661       5901.886       7313.316    0.000  -0.138   0.380   0.
  2017 352  3 28 40 493 352.144913119      -0.80      1.95     -0.05  0.        -994.997       5902.630       7312.865    0.000  -0.138   0.380   0.
  2017 352  3 28 41 493 352.144924693       0.32      1.51     -0.20  0.        -996.332       5903.373       7312.414    0.000  -0.138   0.380   0.
  2017 352  3 28 42 493 352.144936267       0.73      1.63     -0.95  0.        -997.668       5904.117       7311.962    0.000  -0.138   0.380   0.
  2017 352  3 28 43 493 352.144947841       0.19      1.38     -1.05  0.        -999.003       5904.860       7311.510    0.000  -0.138   0.380   0.
  2017 352  3 28 44 493 352.144959416      -0.47      1.57     -1.02  0.       -1000.339       5905.603       7311.058    0.000  -0.138   0.380   0.
  2017 352  3 28 45 493 352.144970990      -0.82      1.75     -0.50  0.       -1001.674       5906.345       7310.606    0.000  -0.138   0.380   0.
  2017 352  3 28 46 493 352.144982564      -0.47      1.81      0.09  0.       -1003.009       5907.088       7310.153    0.000  -0.138   0.380   0.
  2017 352  3 28 47 493 352.144994138       0.34      1.74      0.17  0.       -1004.345       5907.829       7309.699    0.000  -0.138   0.380   0.
  2017 352  3 28 48 493 352.145005712       0.87      1.58     -0.04  0.       -1005.680       5908.571       7309.245    0.000  -0.138   0.380   0.
  2017 352  3 28 49 493 352.145017286       1.08      1.57     -0.32  0.       -1007.015       5909.312       7308.791    0.000  -0.138   0.380   0.
  2017 352  3 28 50 493 352.145028860       1.03      1.68     -0.24  0.       -1008.350       5910.054       7308.337    0.000  -0.138   0.380   0.
  2017 352  3 28 51 493 352.145040434       0.67      1.71     -0.15  0.       -1009.685       5910.794       7307.882    0.000  -0.138   0.380   0.
  2017 352  3 28 52 493 352.145052008       0.40      1.71     -0.34  0.       -1011.020       5911.535       7307.427    0.000  -0.138   0.380   0.
  2017 352  3 28 53 493 352.145063582       0.14      1.71     -0.52  0.       -1012.355       5912.275       7306.971    0.000  -0.138   0.380   0.
  2017 352  3 28 54 493 352.145075156       0.12      1.79     -0.29  0.       -1013.690       5913.015       7306.515    0.000  -0.138   0.380   0.
  2017 352  3 28 55 493 352.145086730      -0.14      1.63     -0.74  0.       -1015.025       5913.754       7306.059    0.000  -0.138   0.380   0.
  2017 352  3 28 56 493 352.145098304      -0.12      1.61     -0.61  0.       -1016.360       5914.494       7305.602    0.000  -0.138   0.380   0.
  2017 352  3 28 57 493 352.145109879      -0.19      1.71     -0.08  0.       -1017.695       5915.233       7305.145    0.000  -0.138   0.380   0.
  2017 352  3 28 58 493 352.145121452       0.08      1.82      0.20  0.       -1019.029       5915.971       7304.688    0.000  -0.138   0.380   0.
  2017 352  3 28 59 493 352.145133027       0.20      1.76      0.04  0.       -1020.364       5916.710       7304.230    0.000  -0.138   0.380   0.
  2017 352  3 29  0 493 352.145144601       0.21      1.68     -0.22  0.       -1021.699       5917.448       7303.772    0.000  -0.138   0.380   0.
  2017 352  3 29  1 493 352.145156175       0.08      1.68      0.06  0.       -1023.033       5918.185       7303.313    0.000  -0.138   0.380   0.
  2017 352  3 29  2 493 352.145167749       0.54      1.47     -0.10  0.       -1024.368       5918.923       7302.854    0.000  -0.138   0.380   0.
  2017 352  3 29  3 493 352.145179323      -0.03      1.81     -1.17  0.       -1025.702       5919.660       7302.395    0.000  -0.138   0.380   0.
  2017 352  3 29  4 493 352.145190897      -0.67      1.83      0.59  0.       -1027.036       5920.397       7301.935    0.000  -0.138   0.380   0.
  2017 352  3 29  5 493 352.145202471       0.51      1.39      1.04  0.       -1028.371       5921.134       7301.475    0.000  -0.138   0.380   0.
  2017 352  3 29  6 493 352.145214045       1.72      1.53      0.81  0.       -1029.705       5921.869       7301.015    0.000  -0.138   0.380   0.
  2017 352  3 29  7 493 352.145225619       1.77      0.94      0.29  0.       -1031.039       5922.605       7300.554    0.000  -0.138   0.380   0.
  2017 352  3 29  8 493 352.145237191       1.59      1.07     -0.39  0.       -1032.374       5923.341       7300.093    0.000  -0.138   0.380   0.
  2017 352  3 29  9 493 352.145248764       0.64      1.46      0.76  0.       -1033.708       5924.077       7299.631    0.000  -0.138   0.380   0.
  2017 352  3 29 10 493 352.145260339      -0.45      1.82      0.66  0.       -1035.042       5924.812       7299.169    0.000  -0.138   0.380   0.
  2017 352  3 29 11 493 352.145271913      -0.71      1.88      1.10  0.       -1036.376       5925.546       7298.707    0.000  -0.138   0.380   0.
  2017 352  3 29 12 493 352.145283487       0.64      1.31      0.77  0.       -1037.710       5926.281       7298.245    0.000  -0.138   0.380   0.
  2017 352  3 29 13 493 352.145295061       0.99      1.44     -0.23  0.       -1039.044       5927.015       7297.782    0.000  -0.138   0.380   0.
  2017 352  3 29 14 493 352.145306635       0.65      1.60     -0.96  0.       -1040.378       5927.749       7297.318    0.000  -0.138   0.380   0.
  2017 352  3 29 15 493 352.145318209       0.63      1.78     -1.55  0.       -1041.711       5928.482       7296.855    0.000  -0.138   0.380   0.
  2017 352  3 29 16 493 352.145329783       0.52      1.52     -2.47  0.       -1043.045       5929.216       7296.390    0.000  -0.138   0.380   0.
  2017 352  3 29 17 493 352.145341357      -1.19      1.90     -2.70  0.       -1044.379       5929.949       7295.926    0.000  -0.138   0.380   0.
  2017 352  3 29 18 493 352.145352931      -1.41      1.65     -0.81  0.       -1045.713       5930.681       7295.461    0.000  -0.138   0.380   0.
  2017 352  3 29 19 493 352.145364505      -0.80      1.80      0.10  0.       -1047.046       5931.414       7294.996    0.000  -0.138   0.380   0.
  2017 352  3 29 20 493 352.145376079       0.44      1.75      0.95  0.       -1048.380       5932.146       7294.530    0.000  -0.138   0.380   0.
  2017 352  3 29 21 493 352.145387653       0.32      1.79      0.53  0.       -1049.713       5932.878       7294.064    0.000  -0.138   0.380   0.
  2017 352  3 29 22 493 352.145399227       0.76      1.87      0.26  0.       -1051.047       5933.609       7293.598    0.000  -0.138   0.380   0.
  2017 352  3 29 23 493 352.145410802       0.78      1.69     -0.25  0.       -1052.380       5934.340       7293.131    0.000  -0.138   0.380   0.
  2017 352  3 29 24 493 352.145422376       0.87      1.51     -0.49  0.       -1053.714       5935.071       7292.664    0.000  -0.138   0.380   0.
  2017 352  3 29 25 493 352.145433950       0.65      1.47     -0.50  0.       -1055.047       5935.802       7292.197    0.000  -0.138   0.380   0.
  2017 352  3 29 26 493 352.145445524       0.87      1.28     -0.55  0.       -1056.380       5936.532       7291.729    0.000  -0.138   0.380   0.
  2017 352  3 29 27 493 352.145457098       0.92      1.10     -0.40  0.       -1057.713       5937.262       7291.261    0.000  -0.138   0.380   0.
  2017 352  3 29 28 493 352.145468672       0.87      1.26     -0.76  0.       -1059.046       5937.992       7290.792    0.000  -0.138   0.380   0.
  2017 352  3 29 29 493 352.145480246       0.05      1.38     -1.43  0.       -1060.380       5938.721       7290.323    0.000  -0.138   0.380   0.
  2017 352  3 29 30 493 352.145491820      -0.42      1.41     -1.39  0.       -1061.713       5939.450       7289.854    0.000  -0.138   0.380   0.
  2017 352  3 29 31 493 352.145503394       0.13      1.49     -1.05  0.       -1063.046       5940.179       7289.385    0.000  -0.138   0.380   0.
  2017 352  3 29 32 493 352.145514968      -0.64      1.59     -0.89  0.       -1064.378       5940.907       7288.915    0.000  -0.138   0.380   0.
  2017 352  3 29 33 493 352.145526542       0.45      1.44      0.42  0.       -1065.711       5941.635       7288.444    0.000  -0.138   0.380   0.
  2017 352  3 29 34 493 352.145538116       0.99      1.51      0.64  0.       -1067.044       5942.363       7287.973    0.000  -0.138   0.380   0.
  2017 352  3 29 35 493 352.145549690       0.87      1.92     -0.17  0.       -1068.377       5943.091       7287.502    0.000  -0.138   0.380   0.
  2017 352  3 29 36 493 352.145561264      -0.06      2.47     -0.27  0.       -1069.710       5943.818       7287.031    0.000  -0.138   0.380   0.
  2017 352  3 29 37 493 352.145572839      -0.60      2.24     -0.22  0.       -1071.042       5944.545       7286.559    0.000  -0.138   0.380   0.
  2017 352  3 29 38 493 352.145584410      -0.01      1.98     -0.61  0.       -1072.375       5945.272       7286.087    0.000  -0.138   0.380   0.
  2017 352  3 29 39 493 352.145595984       0.28      1.51     -0.95  0.       -1073.707       5945.998       7285.614    0.000  -0.138   0.380   0.
  2017 352  3 29 40 493 352.145607558       0.19      1.24     -1.41  0.       -1075.040       5946.724       7285.141    0.000  -0.138   0.380   0.
  2017 352  3 29 41 493 352.145619132      -0.04      1.56      0.41  0.       -1076.372       5947.450       7284.668    0.000  -0.138   0.380   0.
  2017 352  3 29 42 492 352.145630706       1.69      1.22      0.02  0.       -1077.705       5948.175       7284.194    0.000  -0.138   0.380   0.
  2017 352  3 29 43 492 352.145642280       1.70      0.96     -1.47  0.       -1079.037       5948.901       7283.720    0.000  -0.138   0.380   0.
  2017 352  3 29 44 492 352.145653854       0.69      1.05     -2.15  0.       -1080.369       5949.625       7283.246    0.000  -0.138   0.380   0.
  2017 352  3 29 45 492 352.145665428      -0.28      1.15     -2.22  0.       -1081.702       5950.350       7282.771    0.000  -0.138   0.380   0.
  2017 352  3 29 46 492 352.145677002      -0.80      1.70     -2.04  0.       -1083.034       5951.074       7282.296    0.000  -0.138   0.380   0.
  2017 352  3 29 47 493 352.145688576      -0.75      1.72     -1.44  0.       -1084.366       5951.798       7281.820    0.000  -0.138   0.380   0.
  2017 352  3 29 48 493 352.145700150      -0.68      1.72     -0.55  0.       -1085.698       5952.522       7281.344    0.000  -0.138   0.380   0.
  2017 352  3 29 49 492 352.145711725      -0.62      1.82     -0.23  0.       -1087.030       5953.245       7280.868    0.000  -0.138   0.380   0.
  2017 352  3 29 50 492 352.145723299      -0.40      2.04      0.24  0.       -1088.362       5953.968       7280.392    0.000  -0.138   0.380   0.
  2017 352  3 29 51 493 352.145734873      -0.16      2.04      0.31  0.       -1089.694       5954.691       7279.915    0.000  -0.138   0.380   0.
  2017 352  3 29 52 493 352.145746447       0.49      2.01     -0.05  0.       -1091.025       5955.414       7279.437    0.000  -0.138   0.380   0.
  2017 352  3 29 53 493 352.145758021       0.57      2.08     -0.36  0.       -1092.357       5956.136       7278.959    0.000  -0.138   0.380   0.
  2017 352  3 29 54 493 352.145769595       0.57      2.03     -0.09  0.       -1093.689       5956.858       7278.481    0.000  -0.138   0.380   0.
  2017 352  3 29 55 493 352.145781169       0.56      2.94     -0.61  0.       -1095.021       5957.579       7278.003    0.000  -0.138   0.380   0.
  2017 352  3 29 56 492 352.145792743      -0.37      3.08     -1.00  0.       -1096.352       5958.300       7277.524    0.000  -0.138   0.380   0.
  2017 352  3 29 57 492 352.145804317      -0.27      2.38     -1.14  0.       -1097.684       5959.021       7277.045    0.000  -0.138   0.380   0.
  2017 352  3 29 58 492 352.145815891       0.27      1.79     -0.83  0.       -1099.015       5959.742       7276.566    0.000  -0.138   0.380   0.
  2017 352  3 29 59 492 352.145827465       0.66      1.68     -0.46  0.       -1100.347       5960.462       7276.086    0.000  -0.138   0.380   0.
  2017 352  3 30  0 492 352.145839039       0.50      1.64     -0.09  0.       -1101.678       5961.183       7275.605    0.000  -0.138   0.380   0.
  2017 352  3 30  1 493 352.145850613       0.72      1.85      0.16  0.       -1103.010       5961.902       7275.124    0.000  -0.138   0.380   0.
  2017 352  3 30  2 493 352.145862187       0.36      1.70      0.39  0.       -1104.341       5962.622       7274.643    0.000  -0.138   0.380   0.
  2017 352  3 30  3 492 352.145873762       1.18      1.40      0.56  0.       -1105.672       5963.341       7274.162    0.000  -0.138   0.380   0.
  2017 352  3 30  4 492 352.145885336       2.21      1.23      0.53  0.       -1107.003       5964.060       7273.680    0.000  -0.138   0.380   0.
  2017 352  3 30  5 493 352.145896910       2.64      2.04     -0.93  0.       -1108.334       5964.778       7273.198    0.000  -0.138   0.380   0.
  2017 352  3 30  6 493 352.145908484       0.47      2.41     -0.79  0.       -1109.665       5965.497       7272.716    0.000  -0.138   0.380   0.
  2017 352  3 30  7 493 352.145920058      -0.14      1.98     -0.26  0.       -1110.996       5966.215       7272.233    0.000  -0.138   0.380   0.
  2017 352  3 30  8 493 352.145931630      -0.11      2.05     -0.66  0.       -1112.327       5966.932       7271.750    0.000  -0.138   0.380   0.
  2017 352  3 30  9 492 352.145943203      -0.08      1.96     -1.09  0.       -1113.658       5967.650       7271.266    0.000  -0.138   0.380   0.
  2017 352  3 30 10 492 352.145954777      -0.63      1.92     -0.65  0.       -1114.989       5968.367       7270.782    0.000  -0.138   0.380   0.
  2017 352  3 30 11 492 352.145966351      -0.63      1.97     -0.40  0.       -1116.320       5969.083       7270.298    0.000  -0.138   0.380   0.
  2017 352  3 30 12 492 352.145977925      -0.57      1.77     -0.14  0.       -1117.651       5969.800       7269.813    0.000  -0.138   0.380   0.
  2017 352  3 30 13 492 352.145989499       0.56      1.54     -0.27  0.       -1118.981       5970.516       7269.328    0.000  -0.138   0.380   0.
  2017 352  3 30 14 492 352.146001073       0.69      1.52     -0.52  0.       -1120.312       5971.232       7268.842    0.000  -0.138   0.380   0.
  2017 352  3 30 15 492 352.146012648       0.17      1.68     -0.61  0.       -1121.642       5971.947       7268.357    0.000  -0.138   0.380   0.
  2017 352  3 30 16 492 352.146024222       0.48      1.49     -0.03  0.       -1122.973       5972.663       7267.870    0.000  -0.138   0.380   0.
  2017 352  3 30 17 492 352.146035796       0.89      1.47      0.26  0.       -1124.303       5973.378       7267.384    0.000  -0.138   0.380   0.
  2017 352  3 30 18 492 352.146047370       1.90      1.18      0.24  0.       -1125.634       5974.092       7266.897    0.000  -0.138   0.380   0.
  2017 352  3 30 19 492 352.146058944       1.43      1.67     -0.63  0.       -1126.964       5974.807       7266.410    0.000  -0.138   0.380   0.
  2017 352  3 30 20 492 352.146070518       0.24      1.83     -0.15  0.       -1128.294       5975.521       7265.922    0.000  -0.138   0.380   0.
  2017 352  3 30 21 492 352.146082092       0.95      1.77     -0.29  0.       -1129.625       5976.234       7265.434    0.000  -0.138   0.380   0.
  2017 352  3 30 22 492 352.146093666       0.01      2.17     -0.10  0.       -1130.955       5976.948       7264.946    0.000  -0.138   0.380   0.
  2017 352  3 30 23 492 352.146105240       0.80      1.79      0.36  0.       -1132.285       5977.661       7264.457    0.000  -0.138   0.380   0.
  2017 352  3 30 24 492 352.146116814       0.15      1.77      0.92  0.       -1133.615       5978.374       7263.968    0.000  -0.138   0.380   0.
  2017 352  3 30 25 492 352.146128388       0.96      1.62      0.69  0.       -1134.945       5979.087       7263.479    0.000  -0.138   0.380   0.
  2017 352  3 30 26 492 352.146139962       1.44      1.18     -0.28  0.       -1136.275       5979.799       7262.989    0.000  -0.138   0.380   0.
  2017 352  3 30 27 492 352.146151536       0.62      1.08     -0.71  0.       -1137.605       5980.511       7262.499    0.000  -0.138   0.380   0.
  2017 352  3 30 28 492 352.146163111       0.50      1.71     -2.31  0.       -1138.934       5981.222       7262.008    0.000  -0.138   0.380   0.
  2017 352  3 30 29 492 352.146174685      -0.34      2.18     -2.09  0.       -1140.264       5981.934       7261.517    0.000  -0.138   0.380   0.
  2017 352  3 30 30 492 352.146186259      -0.51      1.60     -1.41  0.       -1141.594       5982.645       7261.026    0.000  -0.138   0.380   0.
  2017 352  3 30 31 492 352.146197833       0.49      2.19     -0.44  0.       -1142.923       5983.356       7260.534    0.000  -0.138   0.380   0.
  2017 352  3 30 32 492 352.146209407      -0.42      2.24     -0.41  0.       -1144.253       5984.066       7260.042    0.000  -0.138   0.380   0.
  2017 352  3 30 33 492 352.146220981       1.42      1.60      0.20  0.       -1145.583       5984.776       7259.550    0.000  -0.138   0.380   0.
  2017 352  3 30 34 492 352.146232555       1.32      1.62     -0.75  0.       -1146.912       5985.486       7259.057    0.000  -0.138   0.380   0.
  2017 352  3 30 35 492 352.146244129       0.62      1.76     -1.52  0.       -1148.242       5986.195       7258.564    0.000  -0.138   0.380   0.
  2017 352  3 30 36 492 352.146255703      -0.41      2.16     -1.09  0.       -1149.571       5986.905       7258.070    0.000  -0.138   0.380   0.
  2017 352  3 30 37 492 352.146267277      -0.06      1.64      0.47  0.       -1150.900       5987.614       7257.577    0.000  -0.138   0.380   0.
  2017 352  3 30 38 492 352.146278849       1.15      1.20      0.61  0.       -1152.229       5988.322       7257.082    0.000  -0.138   0.380   0.
  2017 352  3 30 39 492 352.146290423       1.39      0.96     -1.34  0.       -1153.559       5989.031       7256.588    0.000  -0.138   0.380   0.
  2017 352  3 30 40 492 352.146301997       0.20      1.76     -1.73  0.       -1154.888       5989.739       7256.093    0.000  -0.138   0.380   0.
  2017 352  3 30 41 492 352.146313571      -0.75      1.98      0.15  0.       -1156.217       5990.446       7255.598    0.000  -0.138   0.380   0.
  2017 352  3 30 42 492 352.146325145       0.41      1.84      0.91  0.       -1157.546       5991.154       7255.102    0.000  -0.138   0.380   0.
  2017 352  3 30 43 492 352.146336719      -0.18      1.43     -0.59  0.       -1158.875       5991.861       7254.606    0.000  -0.138   0.380   0.
  2017 352  3 30 44 492 352.146348293      -1.41      1.68     -1.57  0.       -1160.204       5992.568       7254.109    0.000  -0.138   0.380   0.
  2017 352  3 30 45 492 352.146359867      -0.40      0.94     -2.60  0.       -1161.532       5993.274       7253.613    0.000  -0.138   0.380   0.
  2017 352  3 30 46 492 352.146371441       0.91      0.62     -1.83  0.       -1162.861       5993.981       7253.116    0.000  -0.138   0.380   0.
  2017 352  3 30 47 492 352.146383015       0.77      1.40     -1.01  0.       -1164.190       5994.687       7252.618    0.000  -0.138   0.380   0.
  2017 352  3 30 48 492 352.146394589       0.35      1.92     -0.44  0.       -1165.519       5995.392       7252.120    0.000  -0.138   0.380   0.
  2017 352  3 30 49 492 352.146406163       0.93      1.62     -0.58  0.       -1166.847       5996.098       7251.622    0.000  -0.138   0.380   0.
  2017 352  3 30 50 492 352.146417737       1.29      1.17     -0.68  0.       -1168.176       5996.803       7251.123    0.000  -0.138   0.380   0.
  2017 352  3 30 51 492 352.146429311       1.03      1.24     -0.70  0.       -1169.504       5997.507       7250.625    0.000  -0.138   0.380   0.
  2017 352  3 30 52 492 352.146440885       0.90      1.45     -0.57  0.       -1170.833       5998.212       7250.125    0.000  -0.138   0.380   0.
  2017 352  3 30 53 492 352.146452459       0.37      1.59     -0.94  0.       -1172.161       5998.916       7249.626    0.000  -0.138   0.380   0.
  2017 352  3 30 54 492 352.146464034       0.31      1.57     -0.57  0.       -1173.489       5999.620       7249.125    0.000  -0.138   0.380   0.
  2017 352  3 30 55 492 352.146475608       0.82      1.37     -0.54  0.       -1174.818       6000.323       7248.625    0.000  -0.138   0.380   0.
  2017 352  3 30 56 492 352.146487182       1.11      1.27     -0.41  0.       -1176.145       6001.027       7248.124    0.000  -0.138   0.380   0.
  2017 352  3 30 57 492 352.146498756       1.02      1.30     -0.24  0.       -1177.474       6001.730       7247.623    0.000  -0.138   0.380   0.
  2017 352  3 30 58 492 352.146510330       0.78      1.61      0.19  0.       -1178.802       6002.432       7247.122    0.000  -0.138   0.380   0.
  2017 352  3 30 59 492 352.146521904       1.02      1.79     -0.02  0.       -1180.130       6003.135       7246.620    0.000  -0.138   0.380   0.
  2017 352  3 31  0 492 352.146533478       1.03      1.51     -0.04  0.       -1181.458       6003.837       7246.118    0.000  -0.138   0.380   0.
  2017 352  3 31  1 492 352.146545052       0.85      1.44      0.20  0.       -1182.786       6004.538       7245.615    0.000  -0.138   0.380   0.
  2017 352  3 31  2 492 352.146556626       0.40      1.40      0.34  0.       -1184.113       6005.240       7245.112    0.000  -0.138   0.380   0.
  2017 352  3 31  3 492 352.146568200       0.75      1.15      0.28  0.       -1185.441       6005.941       7244.609    0.000  -0.138   0.380   0.
  2017 352  3 31  4 492 352.146579774       0.84      1.18      0.08  0.       -1186.769       6006.642       7244.105    0.000  -0.138   0.380   0.
  2017 352  3 31  5 492 352.146591348       0.32      1.34     -0.10  0.       -1188.097       6007.342       7243.601    0.000  -0.138   0.380   0.
  2017 352  3 31  6 492 352.146602922       0.38      1.31     -0.69  0.       -1189.424       6008.042       7243.097    0.000  -0.138   0.380   0.
  2017 352  3 31  7 492 352.146614497       0.91      1.18     -1.10  0.       -1190.752       6008.742       7242.592    0.000  -0.138   0.380   0.
  2017 352  3 31  8 492 352.146626068       1.17      0.84     -0.99  0.       -1192.079       6009.442       7242.087    0.000  -0.138   0.380   0.
  2017 352  3 31  9 492 352.146637642       1.06      0.95     -0.69  0.       -1193.407       6010.141       7241.581    0.000  -0.138   0.380   0.
  2017 352  3 31 10 492 352.146649216       0.71      1.09     -0.83  0.       -1194.734       6010.840       7241.075    0.000  -0.138   0.380   0.
  2017 352  3 31 11 492 352.146660790       0.79      1.16     -0.61  0.       -1196.061       6011.539       7240.569    0.000  -0.138   0.380   0.
  2017 352  3 31 12 492 352.146672364       0.79      1.18     -0.32  0.       -1197.389       6012.237       7240.063    0.000  -0.138   0.380   0.
  2017 352  3 31 13 492 352.146683938       0.91      1.19     -0.44  0.       -1198.716       6012.935       7239.556    0.000  -0.138   0.380   0.
  2017 352  3 31 14 492 352.146695512       1.00      1.44     -0.63  0.       -1200.043       6013.633       7239.048    0.000  -0.138   0.380   0.
  2017 352  3 31 15 492 352.146707086       0.98      1.71     -0.72  0.       -1201.370       6014.331       7238.541    0.000  -0.138   0.380   0.
  2017 352  3 31 16 492 352.146718660       0.88      1.76     -0.83  0.       -1202.697       6015.028       7238.033    0.000  -0.138   0.380   0.
  2017 352  3 31 17 492 352.146730234       0.43      1.73     -0.79  0.       -1204.024       6015.725       7237.524    0.000  -0.138   0.380   0.
  2017 352  3 31 18 492 352.146741808       0.48      1.46     -0.63  0.       -1205.351       6016.422       7237.015    0.000  -0.138   0.380   0.
  2017 352  3 31 19 492 352.146753383       0.44      1.24     -0.64  0.       -1206.678       6017.118       7236.506    0.000  -0.138   0.380   0.
  2017 352  3 31 20 492 352.146764957       0.43      1.33     -0.50  0.       -1208.004       6017.814       7235.997    0.000  -0.138   0.380   0.
  2017 352  3 31 21 492 352.146776531       0.62      1.45     -0.50  0.       -1209.331       6018.510       7235.487    0.000  -0.138   0.380   0.
  2017 352  3 31 22 492 352.146788105       0.77      1.25     -0.79  0.       -1210.658       6019.205       7234.977    0.000  -0.138   0.380   0.
  2017 352  3 31 23 492 352.146799679       0.64      1.32     -0.70  0.       -1211.984       6019.900       7234.466    0.000  -0.138   0.380   0.
  2017 352  3 31 24 492 352.146811253       0.37      1.47     -0.77  0.       -1213.311       6020.595       7233.955    0.000  -0.138   0.380   0.
  2017 352  3 31 25 492 352.146822827       0.33      1.35     -0.76  0.       -1214.637       6021.289       7233.444    0.000  -0.138   0.380   0.
  2017 352  3 31 26 492 352.146834401       0.32      1.30     -0.49  0.       -1215.963       6021.984       7232.932    0.000  -0.138   0.380   0.
  2017 352  3 31 27 492 352.146845975       0.34      1.39     -0.29  0.       -1217.290       6022.677       7232.420    0.000  -0.138   0.380   0.
  2017 352  3 31 28 492 352.146857549       0.36      1.33     -0.29  0.       -1218.616       6023.371       7231.908    0.000  -0.138   0.380   0.
  2017 352  3 31 29 492 352.146869123       0.29      1.41     -0.38  0.       -1219.942       6024.064       7231.395    0.000  -0.138   0.380   0.
  2017 352  3 31 30 492 352.146880697       0.33      1.49     -0.21  0.       -1221.268       6024.757       7230.882    0.000  -0.138   0.380   0.
  2017 352  3 31 31 492 352.146892271       0.28      1.55     -0.05  0.       -1222.594       6025.450       7230.369    0.000  -0.138   0.380   0.
  2017 352  3 31 32 492 352.146903846       0.44      1.55      0.02  0.       -1223.921       6026.142       7229.855    0.000  -0.138   0.380   0.
  2017 352  3 31 33 492 352.146915420       0.49      1.64     -0.01  0.       -1225.246       6026.834       7229.341    0.000  -0.138   0.380   0.
  2017 352  3 31 34 492 352.146926994       0.67      1.63      0.04  0.       -1226.572       6027.526       7228.826    0.000  -0.138   0.380   0.
  2017 352  3 31 35 492 352.146938568       0.70      1.69      0.06  0.       -1227.898       6028.218       7228.311    0.000  -0.138   0.380   0.
  2017 352  3 31 36 492 352.146950142       1.02      1.64     -0.06  0.       -1229.224       6028.909       7227.796    0.000  -0.138   0.380   0.
  2017 352  3 31 37 492 352.146961716       0.86      1.53     -0.17  0.       -1230.550       6029.600       7227.280    0.000  -0.138   0.380   0.
  2017 352  3 31 38 491 352.146973287       1.19      1.75      0.06  0.       -1231.875       6030.290       7226.764    0.000  -0.138   0.380   0.
  2017 352  3 31 39 491 352.146984861       0.98      1.65     -0.87  0.       -1233.201       6030.981       7226.248    0.000  -0.138   0.380   0.
  2017 352  3 31 40 491 352.146996435       0.40      1.52     -0.97  0.       -1234.526       6031.671       7225.731    0.000  -0.138   0.380   0.
  2017 352  3 31 41 491 352.147008009      -0.03      1.53     -0.46  0.       -1235.852       6032.360       7225.214    0.000  -0.138   0.380   0.
  2017 352  3 31 42 491 352.147019583       0.05      1.59     -0.04  0.       -1237.177       6033.050       7224.696    0.000  -0.138   0.380   0.
  2017 352  3 31 43 492 352.147031157       0.26      1.75      0.63  0.       -1238.503       6033.739       7224.179    0.000  -0.138   0.380   0.
  2017 352  3 31 44 492 352.147042731       0.98      1.60      0.67  0.       -1239.828       6034.427       7223.660    0.000  -0.138   0.380   0.
  2017 352  3 31 45 491 352.147054306       1.05      1.25     -0.77  0.       -1241.153       6035.116       7223.142    0.000  -0.138   0.380   0.
  2017 352  3 31 46 491 352.147065880       0.38      0.95     -1.72  0.       -1242.478       6035.804       7222.623    0.000  -0.138   0.380   0.
  2017 352  3 31 47 492 352.147077454       0.74      1.11     -1.00  0.       -1243.803       6036.492       7222.104    0.000  -0.138   0.380   0.
  2017 352  3 31 48 492 352.147089028       0.73      1.61     -0.44  0.       -1245.128       6037.180       7221.584    0.000  -0.138   0.380   0.
  2017 352  3 31 49 492 352.147100602       0.88      1.81     -0.66  0.       -1246.453       6037.867       7221.064    0.000  -0.138   0.380   0.
  2017 352  3 31 50 492 352.147112176       0.49      1.67     -0.06  0.       -1247.778       6038.554       7220.544    0.000  -0.138   0.380   0.
  2017 352  3 31 51 491 352.147123750       0.75      1.47      0.40  0.       -1249.103       6039.240       7220.023    0.000  -0.138   0.380   0.
  2017 352  3 31 52 491 352.147135324       0.75      1.19     -0.12  0.       -1250.428       6039.927       7219.502    0.000  -0.138   0.380   0.
  2017 352  3 31 53 491 352.147146898       0.79      1.05     -0.85  0.       -1251.753       6040.613       7218.981    0.000  -0.138   0.380   0.
  2017 352  3 31 54 491 352.147158472       0.25      1.05     -1.40  0.       -1253.077       6041.299       7218.459    0.000  -0.138   0.380   0.
  2017 352  3 31 55 491 352.147170046       0.09      1.12     -0.93  0.       -1254.402       6041.984       7217.937    0.000  -0.138   0.380   0.
  2017 352  3 31 56 492 352.147181620       0.49      0.91     -0.77  0.       -1255.726       6042.669       7217.414    0.000  -0.138   0.380   0.
  2017 352  3 31 57 492 352.147193194       1.25      0.76     -0.40  0.       -1257.051       6043.354       7216.891    0.000  -0.138   0.380   0.
  2017 352  3 31 58 491 352.147204769       1.20      0.72     -0.35  0.       -1258.375       6044.039       7216.368    0.000  -0.138   0.380   0.
  2017 352  3 31 59 491 352.147216343       0.42      1.25      0.30  0.       -1259.700       6044.723       7215.844    0.000  -0.138   0.380   0.
  2017 352  3 32  0 492 352.147227917       0.27      1.29      0.38  0.       -1261.024       6045.407       7215.320    0.000  -0.138   0.380   0.
  2017 352  3 32  1 492 352.147239491       0.52      1.20      0.33  0.       -1262.348       6046.090       7214.796    0.000  -0.138   0.380   0.
  2017 352  3 32  2 492 352.147251065       0.43      1.34      0.17  0.       -1263.672       6046.774       7214.271    0.000  -0.138   0.380   0.
  2017 352  3 32  3 492 352.147262639       0.99      1.30     -0.38  0.       -1264.996       6047.457       7213.746    0.000  -0.138   0.380   0.
  2017 352  3 32  4 492 352.147274213       1.06      1.05     -0.67  0.       -1266.320       6048.139       7213.221    0.000  -0.138   0.380   0.
  2017 352  3 32  5 491 352.147285787       0.91      1.13     -0.57  0.       -1267.644       6048.822       7212.695    0.000  -0.138   0.380   0.
  2017 352  3 32  6 491 352.147297361       0.85      1.25     -0.54  0.       -1268.968       6049.504       7212.169    0.000  -0.138   0.380   0.
  2017 352  3 32  7 491 352.147308935       0.57      1.44     -0.25  0.       -1270.292       6050.186       7211.643    0.000  -0.138   0.380   0.
  2017 352  3 32  8 491 352.147320507       0.56      1.39     -0.35  0.       -1271.616       6050.867       7211.116    0.000  -0.138   0.380   0.
  2017 352  3 32  9 491 352.147332080       0.60      1.42     -0.59  0.       -1272.940       6051.549       7210.589    0.000  -0.138   0.380   0.
  2017 352  3 32 10 491 352.147343655       0.54      1.27     -0.89  0.       -1274.263       6052.229       7210.061    0.000  -0.138   0.380   0.
  2017 352  3 32 11 491 352.147355229       0.26      1.31     -0.75  0.       -1275.587       6052.910       7209.533    0.000  -0.138   0.380   0.
  2017 352  3 32 12 491 352.147366803       0.20      1.43     -0.50  0.       -1276.910       6053.590       7209.005    0.000  -0.138   0.380   0.
  2017 352  3 32 13 491 352.147378377       0.60      1.29     -0.38  0.       -1278.234       6054.270       7208.476    0.000  -0.138   0.380   0.
  2017 352  3 32 14 491 352.147389951       0.81      1.16     -0.21  0.       -1279.557       6054.950       7207.947    0.000  -0.138   0.380   0.
  2017 352  3 32 15 491 352.147401525       0.88      1.05     -0.58  0.       -1280.880       6055.630       7207.418    0.000  -0.138   0.380   0.
  2017 352  3 32 16 491 352.147413099       0.76      1.10     -0.65  0.       -1282.204       6056.309       7206.888    0.000  -0.138   0.380   0.
  2017 352  3 32 17 491 352.147424673       1.23      1.10     -0.25  0.       -1283.527       6056.988       7206.358    0.000  -0.138   0.380   0.
  2017 352  3 32 18 491 352.147436247       1.33      1.20     -0.25  0.       -1284.850       6057.666       7205.827    0.000  -0.138   0.380   0.
  2017 352  3 32 19 491 352.147447821       1.53      1.22      0.55  0.       -1286.173       6058.344       7205.297    0.000  -0.138   0.380   0.
  2017 352  3 32 20 491 352.147459395       1.45      1.68      1.18  0.       -1287.496       6059.022       7204.765    0.000  -0.138   0.380   0.
  2017 352  3 32 21 491 352.147470969       1.44      1.96      1.03  0.       -1288.819       6059.700       7204.234    0.000  -0.138   0.380   0.
  2017 352  3 32 22 491 352.147482543       1.60      1.24      0.76  0.       -1290.142       6060.377       7203.702    0.000  -0.138   0.380   0.
  2017 352  3 32 23 491 352.147494117       1.97      0.86      0.61  0.       -1291.465       6061.054       7203.170    0.000  -0.138   0.380   0.
  2017 352  3 32 24 491 352.147505692       1.31      1.23     -0.16  0.       -1292.788       6061.731       7202.637    0.000  -0.138   0.380   0.
  2017 352  3 32 25 491 352.147517266       0.80      1.18     -0.72  0.       -1294.110       6062.407       7202.104    0.000  -0.138   0.380   0.
  2017 352  3 32 26 491 352.147528840       0.11      1.39     -0.88  0.       -1295.433       6063.083       7201.571    0.000  -0.138   0.380   0.
  2017 352  3 32 27 491 352.147540414      -0.01      1.44     -1.17  0.       -1296.755       6063.759       7201.037    0.000  -0.138   0.380   0.
  2017 352  3 32 28 491 352.147551988      -0.08      1.45     -0.86  0.       -1298.078       6064.434       7200.503    0.000  -0.138   0.380   0.
  2017 352  3 32 29 491 352.147563562       0.11      1.49     -0.31  0.       -1299.400       6065.110       7199.969    0.000  -0.138   0.380   0.
  2017 352  3 32 30 491 352.147575136       0.36      1.56     -0.02  0.       -1300.723       6065.784       7199.434    0.000  -0.138   0.380   0.
  2017 352  3 32 31 491 352.147586710       0.66      1.68      0.11  0.       -1302.045       6066.459       7198.899    0.000  -0.138   0.380   0.
  2017 352  3 32 32 491 352.147598284       0.79      1.71      0.09  0.       -1303.367       6067.133       7198.363    0.000  -0.138   0.380   0.
  2017 352  3 32 33 491 352.147609858       0.97      1.36     -0.26  0.       -1304.689       6067.807       7197.827    0.000  -0.138   0.380   0.
  2017 352  3 32 34 491 352.147621432       1.13      1.17     -0.20  0.       -1306.012       6068.481       7197.291    0.000  -0.138   0.380   0.
  2017 352  3 32 35 491 352.147633006       1.23      1.10     -0.62  0.       -1307.334       6069.154       7196.755    0.000  -0.138   0.380   0.
  2017 352  3 32 36 491 352.147644578       1.07      1.00     -0.62  0.       -1308.656       6069.827       7196.218    0.000  -0.138   0.380   0.
  2017 352  3 32 37 491 352.147656152       1.37      1.15     -0.51  0.       -1309.977       6070.500       7195.681    0.000  -0.138   0.380   0.
  2017 352  3 32 38 491 352.147667726       1.81      0.87     -0.77  0.       -1311.299       6071.172       7195.143    0.000  -0.138   0.380   0.
  2017 352  3 32 39 491 352.147679300       1.69      0.91     -0.88  0.       -1312.621       6071.845       7194.605    0.000  -0.138   0.380   0.
  2017 352  3 32 40 491 352.147690874       1.37      1.16     -0.84  0.       -1313.943       6072.517       7194.067    0.000  -0.138   0.380   0.
  2017 352  3 32 41 491 352.147702448       1.34      1.29     -0.41  0.       -1315.264       6073.188       7193.528    0.000  -0.138   0.380   0.
  2017 352  3 32 42 491 352.147714022       1.46      1.51     -0.44  0.       -1316.586       6073.859       7192.989    0.000  -0.138   0.380   0.
  2017 352  3 32 43 491 352.147725596       1.37      1.23     -0.57  0.       -1317.907       6074.530       7192.449    0.000  -0.138   0.380   0.
  2017 352  3 32 44 491 352.147737170       1.05      1.12     -1.09  0.       -1319.229       6075.201       7191.910    0.000  -0.138   0.380   0.
  2017 352  3 32 45 491 352.147748744       1.36      1.39     -0.91  0.       -1320.550       6075.871       7191.370    0.000  -0.138   0.380   0.
  2017 352  3 32 46 491 352.147760318       1.05      1.67     -0.37  0.       -1321.872       6076.541       7190.829    0.000  -0.138   0.380   0.
  2017 352  3 32 47 491 352.147771892       0.96      1.49     -0.71  0.       -1323.193       6077.211       7190.288    0.000  -0.138   0.380   0.
  2017 352  3 32 48 491 352.147783466       1.10      1.63     -0.80  0.       -1324.514       6077.881       7189.747    0.000  -0.138   0.380   0.
  2017 352  3 32 49 491 352.147795040       1.48      1.08     -0.72  0.       -1325.835       6078.550       7189.205    0.000  -0.138   0.380   0.
  2017 352  3 32 50 491 352.147806615       1.42      1.12     -0.27  0.       -1327.156       6079.218       7188.663    0.000  -0.138   0.380   0.
  2017 352  3 32 51 491 352.147818189       1.02      1.68     -0.00  0.       -1328.477       6079.887       7188.121    0.000  -0.138   0.380   0.
  2017 352  3 32 52 491 352.147829763       0.82      1.84     -0.16  0.       -1329.798       6080.555       7187.578    0.000  -0.138   0.380   0.
  2017 352  3 32 53 491 352.147841337       0.70      2.00     -0.44  0.       -1331.119       6081.223       7187.035    0.000  -0.138   0.380   0.
  2017 352  3 32 54 491 352.147852911       0.72      1.49     -0.66  0.       -1332.440       6081.891       7186.492    0.000  -0.138   0.380   0.
  2017 352  3 32 55 491 352.147864485       0.83      1.54     -0.46  0.       -1333.760       6082.558       7185.948    0.000  -0.138   0.380   0.
  2017 352  3 32 56 491 352.147876059       0.84      1.74     -0.36  0.       -1335.081       6083.225       7185.404    0.000  -0.138   0.380   0.
  2017 352  3 32 57 491 352.147887633       0.84      1.62     -0.42  0.       -1336.402       6083.892       7184.860    0.000  -0.138   0.380   0.
  2017 352  3 32 58 491 352.147899207       0.88      1.54     -0.42  0.       -1337.722       6084.558       7184.315    0.000  -0.138   0.380   0.
  2017 352  3 32 59 491 352.147910781       0.67      1.38     -0.53  0.       -1339.043       6085.224       7183.770    0.000  -0.138   0.380   0.
  2017 352  3 33  0 491 352.147922355       0.66      1.10     -0.81  0.       -1340.363       6085.890       7183.224    0.000  -0.138   0.380   0.
  2017 352  3 33  1 491 352.147933929       0.76      1.00     -0.63  0.       -1341.683       6086.556       7182.678    0.000  -0.138   0.380   0.
  2017 352  3 33  2 491 352.147945503       1.06      1.01     -0.58  0.       -1343.004       6087.221       7182.132    0.000  -0.138   0.380   0.
  2017 352  3 33  3 491 352.147957078       0.99      1.15     -0.44  0.       -1344.324       6087.886       7181.586    0.000  -0.138   0.380   0.
  2017 352  3 33  4 491 352.147968652       1.12      1.31     -0.47  0.       -1345.644       6088.550       7181.039    0.000  -0.138   0.380   0.
  2017 352  3 33  5 491 352.147980226       1.10      1.31     -0.38  0.       -1346.964       6089.215       7180.491    0.000  -0.138   0.380   0.
  2017 352  3 33  6 491 352.147991798       0.87      1.39     -0.54  0.       -1348.284       6089.879       7179.944    0.000  -0.138   0.380   0.
  2017 352  3 33  7 491 352.148003371       0.64      1.09     -1.20  0.       -1349.604       6090.542       7179.396    0.000  -0.138   0.380   0.
  2017 352  3 33  8 491 352.148014945       0.82      1.06     -0.96  0.       -1350.924       6091.206       7178.847    0.000  -0.138   0.380   0.
  2017 352  3 33  9 491 352.148026519       0.75      1.13     -0.90  0.       -1352.244       6091.869       7178.299    0.000  -0.138   0.380   0.
  2017 352  3 33 10 491 352.148038093       0.78      1.41     -0.73  0.       -1353.563       6092.531       7177.750    0.000  -0.138   0.380   0.
  2017 352  3 33 11 491 352.148049667       0.77      1.51     -0.57  0.       -1354.883       6093.194       7177.200    0.000  -0.138   0.380   0.
  2017 352  3 33 12 491 352.148061241       0.64      1.31     -0.59  0.       -1356.203       6093.856       7176.650    0.000  -0.138   0.380   0.
  2017 352  3 33 13 491 352.148072815       0.44      1.45     -0.67  0.       -1357.522       6094.518       7176.100    0.000  -0.138   0.380   0.
  2017 352  3 33 14 491 352.148084389       0.13      1.55     -0.23  0.       -1358.841       6095.179       7175.550    0.000  -0.138   0.380   0.
  2017 352  3 33 15 491 352.148095964       0.48      1.77     -0.67  0.       -1360.161       6095.841       7174.999    0.000  -0.138   0.380   0.
  2017 352  3 33 16 491 352.148107538       0.68      1.72     -0.31  0.       -1361.480       6096.502       7174.447    0.000  -0.138   0.380   0.
  2017 352  3 33 17 491 352.148119112       0.44      1.64     -0.46  0.       -1362.799       6097.162       7173.896    0.000  -0.138   0.380   0.
  2017 352  3 33 18 491 352.148130686       0.21      1.47     -0.72  0.       -1364.119       6097.823       7173.344    0.000  -0.138   0.380   0.
  2017 352  3 33 19 491 352.148142260       0.51      1.17     -0.95  0.       -1365.438       6098.483       7172.792    0.000  -0.138   0.380   0.
  2017 352  3 33 20 491 352.148153834       0.71      1.18     -0.89  0.       -1366.757       6099.142       7172.239    0.000  -0.138   0.380   0.
  2017 352  3 33 21 491 352.148165408       0.83      1.08     -0.88  0.       -1368.076       6099.802       7171.686    0.000  -0.138   0.380   0.
  2017 352  3 33 22 491 352.148176982       0.83      1.20     -0.89  0.       -1369.395       6100.461       7171.133    0.000  -0.138   0.380   0.
  2017 352  3 33 23 491 352.148188556       1.09      1.32     -0.50  0.       -1370.713       6101.120       7170.579    0.000  -0.138   0.380   0.
  2017 352  3 33 24 491 352.148200130       1.03      1.21     -0.70  0.       -1372.032       6101.778       7170.025    0.000  -0.138   0.380   0.
  2017 352  3 33 25 491 352.148211704       0.82      0.99     -1.03  0.       -1373.351       6102.437       7169.470    0.000  -0.138   0.380   0.
  2017 352  3 33 26 491 352.148223278       1.09      1.22     -0.78  0.       -1374.669       6103.095       7168.915    0.000  -0.138   0.380   0.
  2017 352  3 33 27 491 352.148234852       1.18      1.58     -0.55  0.       -1375.988       6103.752       7168.360    0.000  -0.138   0.380   0.
  2017 352  3 33 28 491 352.148246427       0.69      1.57     -0.65  0.       -1377.307       6104.410       7167.805    0.000  -0.138   0.380   0.
  2017 352  3 33 29 491 352.148258001       0.88      1.07     -0.65  0.       -1378.625       6105.067       7167.249    0.000  -0.138   0.380   0.
  2017 352  3 33 30 491 352.148269575       0.81      1.12     -0.74  0.       -1379.943       6105.723       7166.693    0.000  -0.138   0.380   0.
  2017 352  3 33 31 491 352.148281149       1.08      1.01     -1.22  0.       -1381.262       6106.380       7166.136    0.000  -0.138   0.380   0.
  2017 352  3 33 32 491 352.148292723       0.90      1.37     -0.88  0.       -1382.580       6107.036       7165.579    0.000  -0.138   0.380   0.
  2017 352  3 33 33 491 352.148304297       0.79      1.56     -1.05  0.       -1383.898       6107.691       7165.022    0.000  -0.138   0.380   0.
  2017 352  3 33 34 491 352.148315871       0.60      1.79     -0.46  0.       -1385.216       6108.347       7164.464    0.000  -0.138   0.380   0.
  2017 352  3 33 35 491 352.148327445       0.72      1.71     -0.29  0.       -1386.534       6109.002       7163.906    0.000  -0.138   0.380   0.
  2017 352  3 33 36 490 352.148339017       0.96      1.52     -0.22  0.       -1387.852       6109.657       7163.348    0.000  -0.138   0.380   0.
  2017 352  3 33 37 490 352.148350590       0.77      1.39     -0.51  0.       -1389.170       6110.312       7162.789    0.000  -0.138   0.380   0.
  2017 352  3 33 38 490 352.148362164       0.61      1.66     -0.61  0.       -1390.488       6110.966       7162.230    0.000  -0.138   0.380   0.
  2017 352  3 33 39 491 352.148373738       0.64      1.73     -0.59  0.       -1391.805       6111.620       7161.670    0.000  -0.138   0.380   0.
  2017 352  3 33 40 491 352.148385313       1.03      1.34     -0.88  0.       -1393.123       6112.274       7161.111    0.000  -0.138   0.380   0.
  2017 352  3 33 41 490 352.148396887       1.15      1.43     -0.81  0.       -1394.441       6112.927       7160.551    0.000  -0.138   0.380   0.
  2017 352  3 33 42 491 352.148408461       1.13      1.76     -0.34  0.       -1395.758       6113.580       7159.990    0.000  -0.138   0.380   0.
  2017 352  3 33 43 491 352.148420035       0.98      1.25     -0.83  0.       -1397.076       6114.233       7159.429    0.000  -0.138   0.380   0.
  2017 352  3 33 44 491 352.148431609       1.19      1.09     -0.69  0.       -1398.393       6114.885       7158.868    0.000  -0.138   0.380   0.
  2017 352  3 33 45 491 352.148443183       1.03      0.87     -0.79  0.       -1399.711       6115.537       7158.306    0.000  -0.138   0.380   0.
  2017 352  3 33 46 491 352.148454757       0.47      0.47     -1.13  0.       -1401.028       6116.189       7157.745    0.000  -0.138   0.380   0.
  2017 352  3 33 47 490 352.148466331       0.90      0.15     -1.55  0.       -1402.345       6116.841       7157.182    0.000  -0.138   0.380   0.
  2017 352  3 33 48 490 352.148477905       0.45      0.92     -1.52  0.       -1403.662       6117.492       7156.620    0.000  -0.138   0.380   0.
  2017 352  3 33 49 490 352.148489479       0.06      1.74     -1.19  0.       -1404.979       6118.143       7156.057    0.000  -0.138   0.380   0.
  2017 352  3 33 50 490 352.148501053       0.49      2.92     -0.71  0.       -1406.296       6118.794       7155.493    0.000  -0.138   0.380   0.
  2017 352  3 33 51 490 352.148512627       1.21      2.41     -0.37  0.       -1407.613       6119.444       7154.930    0.000  -0.138   0.380   0.
  2017 352  3 33 52 491 352.148524201       0.96      1.89     -0.92  0.       -1408.930       6120.094       7154.366    0.000  -0.138   0.380   0.
  2017 352  3 33 53 491 352.148535775       1.29      1.64     -1.09  0.       -1410.247       6120.744       7153.801    0.000  -0.138   0.380   0.
  2017 352  3 33 54 490 352.148547350       1.34      1.71     -1.08  0.       -1411.563       6121.393       7153.236    0.000  -0.138   0.380   0.
  2017 352  3 33 55 490 352.148558924       1.90      0.98     -0.32  0.       -1412.880       6122.042       7152.671    0.000  -0.138   0.380   0.
  2017 352  3 33 56 491 352.148570498       1.66      1.53      0.22  0.       -1414.196       6122.691       7152.106    0.000  -0.138   0.380   0.
  2017 352  3 33 57 491 352.148582072       1.55      1.22     -0.39  0.       -1415.513       6123.340       7151.540    0.000  -0.138   0.380   0.
  2017 352  3 33 58 491 352.148593646       1.71      1.03     -0.15  0.       -1416.829       6123.988       7150.974    0.000  -0.138   0.380   0.
  2017 352  3 33 59 491 352.148605220       1.76      1.49      0.65  0.       -1418.146       6124.636       7150.407    0.000  -0.138   0.380   0.
  2017 352  3 34  0 491 352.148616794       1.60      1.12      0.22  0.       -1419.462       6125.284       7149.840    0.000  -0.138   0.380   0.
  2017 352  3 34  1 490 352.148628368       1.73      1.59     -0.19  0.       -1420.778       6125.931       7149.273    0.000  -0.138   0.380   0.
  2017 352  3 34  2 490 352.148639942       0.34      1.48     -0.99  0.       -1422.094       6126.578       7148.705    0.000  -0.138   0.380   0.
  2017 352  3 34  3 490 352.148651516      -0.33      1.81     -0.95  0.       -1423.410       6127.225       7148.137    0.000  -0.138   0.380   0.
  2017 352  3 34  4 490 352.148663090      -0.54      1.64     -0.33  0.       -1424.726       6127.871       7147.569    0.000  -0.138   0.380   0.
  2017 352  3 34  5 491 352.148674664      -0.41      1.79      0.01  0.       -1426.042       6128.517       7147.000    0.000  -0.138   0.380   0.
  2017 352  3 34  6 491 352.148686238      -0.22      1.96      0.35  0.       -1427.358       6129.163       7146.431    0.000  -0.138   0.380   0.
  2017 352  3 34  7 491 352.148697813       0.21      1.88      0.17  0.       -1428.674       6129.808       7145.862    0.000  -0.138   0.380   0.
  2017 352  3 34  8 490 352.148709384       0.48      1.52      0.11  0.       -1429.990       6130.454       7145.292    0.000  -0.138   0.380   0.
  2017 352  3 34  9 490 352.148720958       0.98      1.11      0.10  0.       -1431.305       6131.098       7144.722    0.000  -0.138   0.380   0.
  2017 352  3 34 10 490 352.148732532       0.99      1.26     -0.25  0.       -1432.621       6131.743       7144.152    0.000  -0.138   0.380   0.
  2017 352  3 34 11 490 352.148744106       1.39      1.08      0.10  0.       -1433.936       6132.387       7143.581    0.000  -0.138   0.380   0.
  2017 352  3 34 12 490 352.148755680       0.66      1.16     -0.72  0.       -1435.252       6133.031       7143.010    0.000  -0.138   0.380   0.
  2017 352  3 34 13 490 352.148767254      -0.52      1.73     -0.53  0.       -1436.567       6133.675       7142.438    0.000  -0.138   0.380   0.
  2017 352  3 34 14 490 352.148778828      -1.29      1.71      0.35  0.       -1437.882       6134.318       7141.867    0.000  -0.138   0.380   0.
  2017 352  3 34 15 490 352.148790402      -0.38      0.89      1.02  0.       -1439.197       6134.961       7141.294    0.000  -0.138   0.380   0.
  2017 352  3 34 16 490 352.148801976       1.20      1.05      0.43  0.       -1440.513       6135.604       7140.722    0.000  -0.138   0.380   0.
  2017 352  3 34 17 490 352.148813550       1.53      1.51     -0.05  0.       -1441.828       6136.247       7140.149    0.000  -0.138   0.380   0.
  2017 352  3 34 18 490 352.148825124       1.52      2.20     -0.27  0.       -1443.143       6136.889       7139.576    0.000  -0.138   0.380   0.
  2017 352  3 34 19 490 352.148836698       1.47      1.03     -0.47  0.       -1444.458       6137.530       7139.002    0.000  -0.138   0.380   0.
  2017 352  3 34 20 490 352.148848273       1.06      1.63     -0.33  0.       -1445.773       6138.172       7138.428    0.000  -0.138   0.380   0.
  2017 352  3 34 21 490 352.148859847      -0.05      1.77     -1.10  0.       -1447.087       6138.813       7137.854    0.000  -0.138   0.380   0.
  2017 352  3 34 22 490 352.148871421       0.54      1.42     -1.06  0.       -1448.402       6139.454       7137.279    0.000  -0.138   0.380   0.
  2017 352  3 34 23 490 352.148882995       0.59      1.59     -0.88  0.       -1449.717       6140.095       7136.704    0.000  -0.138   0.380   0.
  2017 352  3 34 24 490 352.148894569       0.74      1.55     -1.29  0.       -1451.031       6140.735       7136.128    0.000  -0.138   0.380   0.
  2017 352  3 34 25 490 352.148906143      -0.24      1.37     -0.93  0.       -1452.346       6141.375       7135.553    0.000  -0.138   0.380   0.
  2017 352  3 34 26 490 352.148917717      -0.10      1.47     -0.10  0.       -1453.660       6142.015       7134.977    0.000  -0.138   0.380   0.
  2017 352  3 34 27 490 352.148929291      -0.16      1.39     -0.44  0.       -1454.974       6142.654       7134.400    0.000  -0.138   0.380   0.
  2017 352  3 34 28 490 352.148940865       0.06      1.90     -0.73  0.       -1456.289       6143.293       7133.823    0.000  -0.138   0.380   0.
  2017 352  3 34 29 490 352.148952439      -0.21      1.76     -1.22  0.       -1457.603       6143.932       7133.246    0.000  -0.138   0.380   0.
  2017 352  3 34 30 490 352.148964013      -0.39      1.68     -1.30  0.       -1458.917       6144.571       7132.669    0.000  -0.138   0.380   0.
  2017 352  3 34 31 490 352.148975587      -0.77      1.69      0.11  0.       -1460.231       6145.209       7132.091    0.000  -0.138   0.380   0.
  2017 352  3 34 32 490 352.148987161       0.35      1.47      0.81  0.       -1461.545       6145.847       7131.512    0.000  -0.138   0.380   0.
  2017 352  3 34 33 490 352.148998736       1.67      1.03      0.16  0.       -1462.859       6146.484       7130.934    0.000  -0.138   0.380   0.
  2017 352  3 34 34 490 352.149010310       1.82      0.88     -0.34  0.       -1464.173       6147.122       7130.355    0.000  -0.138   0.380   0.
  2017 352  3 34 35 490 352.149021884       1.16      1.23     -0.13  0.       -1465.487       6147.759       7129.776    0.000  -0.138   0.380   0.
  2017 352  3 34 36 490 352.149033456       1.00      1.37     -0.00  0.       -1466.800       6148.395       7129.196    0.000  -0.138   0.380   0.
  2017 352  3 34 37 490 352.149045029       0.57      1.78     -0.36  0.       -1468.114       6149.032       7128.616    0.000  -0.138   0.380   0.
  2017 352  3 34 38 490 352.149056603       0.10      1.50     -0.34  0.       -1469.428       6149.668       7128.036    0.000  -0.138   0.380   0.
  2017 352  3 34 39 490 352.149068177       0.37      1.57      0.06  0.       -1470.741       6150.303       7127.455    0.000  -0.138   0.380   0.
  2017 352  3 34 40 490 352.149079751       1.16      1.33     -0.73  0.       -1472.054       6150.939       7126.874    0.000  -0.138   0.380   0.
  2017 352  3 34 41 490 352.149091325       1.40      1.00     -0.61  0.       -1473.368       6151.574       7126.293    0.000  -0.138   0.380   0.
  2017 352  3 34 42 490 352.149102899       1.49      2.31     -1.30  0.       -1474.681       6152.209       7125.711    0.000  -0.138   0.380   0.
  2017 352  3 34 43 490 352.149114473       1.01      2.23     -2.04  0.       -1475.994       6152.843       7125.129    0.000  -0.138   0.380   0.
  2017 352  3 34 44 490 352.149126047      -0.63      1.66     -1.17  0.       -1477.307       6153.478       7124.546    0.000  -0.138   0.380   0.
  2017 352  3 34 45 490 352.149137621       0.33      0.99      0.48  0.       -1478.620       6154.112       7123.963    0.000  -0.138   0.380   0.
  2017 352  3 34 46 490 352.149149196       0.16      0.84      0.60  0.       -1479.933       6154.745       7123.380    0.000  -0.138   0.380   0.
  2017 352  3 34 47 490 352.149160770      -0.10      1.40      0.80  0.       -1481.246       6155.379       7122.797    0.000  -0.138   0.380   0.
  2017 352  3 34 48 490 352.149172344       0.29      1.50      0.55  0.       -1482.559       6156.012       7122.213    0.000  -0.138   0.380   0.
  2017 352  3 34 49 490 352.149183918       1.64      0.88     -0.72  0.       -1483.872       6156.644       7121.629    0.000  -0.138   0.380   0.
  2017 352  3 34 50 490 352.149195492       1.20      1.06     -1.46  0.       -1485.185       6157.277       7121.044    0.000  -0.138   0.380   0.
  2017 352  3 34 51 490 352.149207066       1.12      1.24     -1.27  0.       -1486.497       6157.909       7120.459    0.000  -0.138   0.380   0.
  2017 352  3 34 52 490 352.149218640       0.26      1.62     -1.20  0.       -1487.810       6158.541       7119.874    0.000  -0.138   0.380   0.
  2017 352  3 34 53 490 352.149230214       0.74      1.54     -0.72  0.       -1489.122       6159.172       7119.288    0.000  -0.138   0.380   0.
  2017 352  3 34 54 490 352.149241788       0.54      1.46     -0.66  0.       -1490.435       6159.803       7118.702    0.000  -0.138   0.380   0.
  2017 352  3 34 55 490 352.149253362       0.42      1.84     -0.80  0.       -1491.746       6160.434       7118.116    0.000  -0.138   0.380   0.
  2017 352  3 34 56 490 352.149264936       0.75      1.69     -0.09  0.       -1493.059       6161.065       7117.529    0.000  -0.138   0.380   0.
  2017 352  3 34 57 490 352.149276510       1.23      1.46     -1.99  0.       -1494.371       6161.695       7116.942    0.000  -0.138   0.380   0.
  2017 352  3 34 58 490 352.149288084      -0.64      1.30     -0.94  0.       -1495.684       6162.325       7116.355    0.000  -0.138   0.380   0.
  2017 352  3 34 59 490 352.149299659       0.94      1.45     -0.17  0.       -1496.995       6162.955       7115.767    0.000  -0.138   0.380   0.
  2017 352  3 35  0 490 352.149311233       1.28      1.50     -1.70  0.       -1498.308       6163.584       7115.179    0.000  -0.138   0.380   0.
  2017 352  3 35  1 490 352.149322807       0.28      1.61     -2.31  0.       -1499.620       6164.213       7114.590    0.000  -0.138   0.380   0.
  2017 352  3 35  2 490 352.149334381      -1.26      2.11     -1.80  0.       -1500.931       6164.842       7114.002    0.000  -0.138   0.380   0.
  2017 352  3 35  3 490 352.149345955      -1.50      1.69      0.22  0.       -1502.242       6165.470       7113.412    0.000  -0.138   0.380   0.
  2017 352  3 35  4 490 352.149357529      -0.07      1.38      1.11  0.       -1503.555       6166.099       7112.823    0.000  -0.138   0.380   0.
  2017 352  3 35  5 490 352.149369103       1.21      1.11      0.27  0.       -1504.866       6166.726       7112.233    0.000  -0.138   0.380   0.
  2017 352  3 35  6 490 352.149380675       1.35      1.25     -0.71  0.       -1506.178       6167.354       7111.643    0.000  -0.138   0.380   0.
  2017 352  3 35  7 490 352.149392248       0.47      1.31     -1.66  0.       -1507.489       6167.981       7111.052    0.000  -0.138   0.380   0.
  2017 352  3 35  8 490 352.149403822       0.07      0.93     -1.65  0.       -1508.800       6168.608       7110.461    0.000  -0.138   0.380   0.
  2017 352  3 35  9 490 352.149415396      -0.12      0.74     -1.75  0.       -1510.111       6169.235       7109.870    0.000  -0.138   0.380   0.
  2017 352  3 35 10 490 352.149426971      -0.05      1.03     -1.50  0.       -1511.423       6169.861       7109.279    0.000  -0.138   0.380   0.
  2017 352  3 35 11 490 352.149438545      -0.49      1.33     -0.62  0.       -1512.734       6170.487       7108.686    0.000  -0.138   0.380   0.
  2017 352  3 35 12 490 352.149450119       0.23      1.56      0.11  0.       -1514.045       6171.113       7108.094    0.000  -0.138   0.380   0.
  2017 352  3 35 13 490 352.149461693       0.86      1.46     -0.24  0.       -1515.356       6171.738       7107.502    0.000  -0.138   0.380   0.
  2017 352  3 35 14 490 352.149473267       0.90      1.60     -0.59  0.       -1516.667       6172.363       7106.909    0.000  -0.138   0.380   0.
  2017 352  3 35 15 490 352.149484841       0.23      1.74     -0.66  0.       -1517.977       6172.988       7106.315    0.000  -0.138   0.380   0.
  2017 352  3 35 16 490 352.149496415       0.92      1.55      0.42  0.       -1519.288       6173.613       7105.721    0.000  -0.138   0.380   0.
  2017 352  3 35 17 490 352.149507989       1.31      1.45     -0.80  0.       -1520.599       6174.237       7105.127    0.000  -0.138   0.380   0.
  2017 352  3 35 18 490 352.149519563       0.22      1.68     -1.36  0.       -1521.909       6174.861       7104.533    0.000  -0.138   0.380   0.
  2017 352  3 35 19 490 352.149531137       0.66      1.41     -1.43  0.       -1523.220       6175.484       7103.938    0.000  -0.138   0.380   0.
  2017 352  3 35 20 490 352.149542711      -0.72      2.03     -1.33  0.       -1524.530       6176.108       7103.343    0.000  -0.138   0.380   0.
  2017 352  3 35 21 490 352.149554285      -0.51      1.75     -0.24  0.       -1525.841       6176.731       7102.748    0.000  -0.138   0.380   0.
  2017 352  3 35 22 490 352.149565859       0.72      1.43     -0.47  0.       -1527.151       6177.353       7102.152    0.000  -0.138   0.380   0.
  2017 352  3 35 23 490 352.149577433      -0.03      1.82     -0.51  0.       -1528.461       6177.976       7101.556    0.000  -0.138   0.380   0.
  2017 352  3 35 24 490 352.149589008      -0.46      1.79     -0.43  0.       -1529.771       6178.598       7100.959    0.000  -0.138   0.380   0.
  2017 352  3 35 25 490 352.149600582       1.40      2.25     -0.13  0.       -1531.081       6179.219       7100.362    0.000  -0.138   0.380   0.
  2017 352  3 35 26 490 352.149612156       0.21      2.87     -1.71  0.       -1532.391       6179.841       7099.765    0.000  -0.138   0.380   0.
  2017 352  3 35 27 490 352.149623730      -0.70      1.96      1.12  0.       -1533.701       6180.462       7099.167    0.000  -0.138   0.380   0.
  2017 352  3 35 28 490 352.149635304       0.29      0.95      1.17  0.       -1535.011       6181.083       7098.569    0.000  -0.138   0.380   0.
  2017 352  3 35 29 490 352.149646878      -0.17      0.97      1.32  0.       -1536.321       6181.703       7097.971    0.000  -0.138   0.380   0.
  2017 352  3 35 30 490 352.149658452       0.86      1.45      0.23  0.       -1537.631       6182.324       7097.372    0.000  -0.138   0.380   0.
  2017 352  3 35 31 490 352.149670026       1.05      1.51     -0.66  0.       -1538.940       6182.944       7096.774    0.000  -0.138   0.380   0.
  2017 352  3 35 32 490 352.149681600      -0.06      1.18     -1.52  0.       -1540.250       6183.563       7096.174    0.000  -0.138   0.380   0.
  2017 352  3 35 33 490 352.149693174      -1.16      1.50     -0.85  0.       -1541.559       6184.182       7095.574    0.000  -0.138   0.380   0.
  2017 352  3 35 34 490 352.149704748      -1.18      2.02     -0.61  0.       -1542.869       6184.801       7094.974    0.000  -0.138   0.380   0.
  2017 352  3 35 35 490 352.149716322      -1.04      2.30     -0.40  0.       -1544.178       6185.420       7094.374    0.000  -0.138   0.380   0.
  2017 352  3 35 36 489 352.149727894      -0.32      1.92      0.27  0.       -1545.487       6186.039       7093.773    0.000  -0.138   0.380   0.
  2017 352  3 35 37 489 352.149739468      -0.12      1.64     -0.59  0.       -1546.796       6186.657       7093.172    0.000  -0.138   0.380   0.
  2017 352  3 35 38 490 352.149751042       0.43      1.77     -0.52  0.       -1548.105       6187.274       7092.571    0.000  -0.138   0.380   0.
  2017 352  3 35 39 490 352.149762616      -0.31      1.55     -0.81  0.       -1549.414       6187.892       7091.969    0.000  -0.138   0.380   0.
  2017 352  3 35 40 490 352.149774190      -0.13      1.69      0.26  0.       -1550.723       6188.509       7091.367    0.000  -0.138   0.380   0.
  2017 352  3 35 41 490 352.149785764       1.03      1.51      0.79  0.       -1552.032       6189.126       7090.764    0.000  -0.138   0.380   0.
  2017 352  3 35 42 490 352.149797338       1.39      2.04     -0.93  0.       -1553.341       6189.743       7090.162    0.000  -0.138   0.380   0.
  2017 352  3 35 43 489 352.149808912      -0.83      2.17     -0.70  0.       -1554.650       6190.359       7089.558    0.000  -0.138   0.380   0.
  2017 352  3 35 44 489 352.149820486       0.09      1.46      0.47  0.       -1555.958       6190.975       7088.955    0.000  -0.138   0.380   0.
  2017 352  3 35 45 489 352.149832060       0.63      1.81     -0.03  0.       -1557.267       6191.590       7088.351    0.000  -0.138   0.380   0.
  2017 352  3 35 46 489 352.149843634       0.49      2.09     -0.12  0.       -1558.575       6192.206       7087.747    0.000  -0.138   0.380   0.
  2017 352  3 35 47 489 352.149855208       0.65      1.56     -0.41  0.       -1559.884       6192.821       7087.142    0.000  -0.138   0.380   0.
  2017 352  3 35 48 490 352.149866782       0.85      1.57     -0.63  0.       -1561.192       6193.436       7086.537    0.000  -0.138   0.380   0.
  2017 352  3 35 49 490 352.149878356      -0.56      1.47     -1.02  0.       -1562.500       6194.050       7085.932    0.000  -0.138   0.380   0.
  2017 352  3 35 50 489 352.149889931      -0.84      1.78      0.11  0.       -1563.808       6194.664       7085.326    0.000  -0.138   0.380   0.
  2017 352  3 35 51 489 352.149901505      -0.76      1.62      0.35  0.       -1565.116       6195.278       7084.720    0.000  -0.138   0.380   0.
  2017 352  3 35 52 490 352.149913079       0.15      1.52      0.66  0.       -1566.425       6195.891       7084.114    0.000  -0.138   0.380   0.
  2017 352  3 35 53 490 352.149924653       1.02      1.43     -0.13  0.       -1567.732       6196.505       7083.507    0.000  -0.138   0.380   0.
  2017 352  3 35 54 490 352.149936227       0.37      1.87     -0.56  0.       -1569.040       6197.118       7082.900    0.000  -0.138   0.380   0.
  2017 352  3 35 55 490 352.149947801       0.15      2.09      0.25  0.       -1570.348       6197.730       7082.293    0.000  -0.138   0.380   0.
  2017 352  3 35 56 489 352.149959375      -0.22      1.88      0.05  0.       -1571.656       6198.342       7081.686    0.000  -0.138   0.380   0.
  2017 352  3 35 57 489 352.149970949       0.61      1.81      0.29  0.       -1572.963       6198.954       7081.077    0.000  -0.138   0.380   0.
  2017 352  3 35 58 489 352.149982523       0.87      1.50     -0.35  0.       -1574.271       6199.566       7080.469    0.000  -0.138   0.380   0.
  2017 352  3 35 59 489 352.149994097      -0.10      1.65     -1.48  0.       -1575.578       6200.178       7079.860    0.000  -0.138   0.380   0.
  2017 352  3 36  0 489 352.150005671       0.47      1.67     -0.69  0.       -1576.886       6200.789       7079.251    0.000  -0.138   0.380   0.
  2017 352  3 36  1 490 352.150017245       0.69      1.74     -0.97  0.       -1578.193       6201.399       7078.641    0.000  -0.138   0.380   0.
  2017 352  3 36  2 490 352.150028819       0.76      1.46     -0.55  0.       -1579.500       6202.010       7078.031    0.000  -0.138   0.380   0.
  2017 352  3 36  3 489 352.150040394       0.26      1.24     -1.02  0.       -1580.807       6202.620       7077.421    0.000  -0.138   0.380   0.
  2017 352  3 36  4 489 352.150051968       0.37      1.62     -0.71  0.       -1582.115       6203.230       7076.811    0.000  -0.138   0.380   0.
  2017 352  3 36  5 490 352.150063542       0.39      2.07     -1.12  0.       -1583.422       6203.839       7076.200    0.000  -0.138   0.380   0.
  2017 352  3 36  6 490 352.150075114      -0.26      2.15     -0.86  0.       -1584.728       6204.449       7075.589    0.000  -0.138   0.380   0.
  2017 352  3 36  7 489 352.150086687       0.20      1.86      0.15  0.       -1586.035       6205.058       7074.977    0.000  -0.138   0.380   0.
  2017 352  3 36  8 489 352.150098261       0.18      1.52     -0.08  0.       -1587.342       6205.667       7074.365    0.000  -0.138   0.380   0.
  2017 352  3 36  9 489 352.150109835      -0.02      1.61     -0.29  0.       -1588.649       6206.274       7073.753    0.000  -0.138   0.380   0.
  2017 352  3 36 10 489 352.150121409       0.38      1.46     -0.05  0.       -1589.955       6206.882       7073.140    0.000  -0.138   0.380   0.
  2017 352  3 36 11 489 352.150132983       0.69      1.73     -0.32  0.       -1591.262       6207.491       7072.527    0.000  -0.138   0.380   0.
  2017 352  3 36 12 489 352.150144557       0.16      2.09     -0.94  0.       -1592.568       6208.098       7071.914    0.000  -0.138   0.380   0.
  2017 352  3 36 13 489 352.150156131       0.02      1.90     -0.79  0.       -1593.875       6208.705       7071.300    0.000  -0.138   0.380   0.
  2017 352  3 36 14 489 352.150167705       0.40      1.50      0.24  0.       -1595.181       6209.312       7070.686    0.000  -0.138   0.380   0.
  2017 352  3 36 15 489 352.150179280       0.41      1.86      0.35  0.       -1596.487       6209.918       7070.072    0.000  -0.138   0.380   0.
  2017 352  3 36 16 489 352.150190854       0.93      2.17     -0.51  0.       -1597.793       6210.524       7069.457    0.000  -0.138   0.380   0.
  2017 352  3 36 17 489 352.150202428       0.28      2.01     -0.06  0.       -1599.099       6211.130       7068.842    0.000  -0.138   0.380   0.
  2017 352  3 36 18 489 352.150214002       0.05      1.67     -0.68  0.       -1600.405       6211.736       7068.227    0.000  -0.138   0.380   0.
  2017 352  3 36 19 489 352.150225576      -0.29      1.59     -0.27  0.       -1601.711       6212.341       7067.611    0.000  -0.138   0.380   0.
  2017 352  3 36 20 489 352.150237150      -0.39      1.44     -0.28  0.       -1603.017       6212.946       7066.995    0.000  -0.138   0.380   0.
  2017 352  3 36 21 489 352.150248724       0.27      1.37      0.30  0.       -1604.323       6213.551       7066.378    0.000  -0.138   0.380   0.
  2017 352  3 36 22 489 352.150260298       0.42      1.58     -0.10  0.       -1605.629       6214.155       7065.762    0.000  -0.138   0.380   0.
  2017 352  3 36 23 489 352.150271872      -0.01      1.93     -0.25  0.       -1606.934       6214.759       7065.144    0.000  -0.138   0.380   0.
  2017 352  3 36 24 489 352.150283446       0.15      2.04     -0.32  0.       -1608.240       6215.363       7064.527    0.000  -0.138   0.380   0.
  2017 352  3 36 25 489 352.150295020       0.35      1.72      0.33  0.       -1609.545       6215.966       7063.909    0.000  -0.138   0.380   0.
  2017 352  3 36 26 489 352.150306594      -0.58      1.59     -1.08  0.       -1610.850       6216.569       7063.291    0.000  -0.138   0.380   0.
  2017 352  3 36 27 489 352.150318168       0.75      1.98      0.08  0.       -1612.156       6217.172       7062.672    0.000  -0.138   0.380   0.
  2017 352  3 36 28 489 352.150329742       0.28      1.71     -0.58  0.       -1613.461       6217.775       7062.054    0.000  -0.138   0.380   0.
  2017 352  3 36 29 489 352.150341317      -0.38      1.83     -1.06  0.       -1614.766       6218.377       7061.434    0.000  -0.138   0.380   0.
  2017 352  3 36 30 489 352.150352891      -0.34      1.71     -0.62  0.       -1616.071       6218.979       7060.815    0.000  -0.138   0.380   0.
  2017 352  3 36 31 489 352.150364465      -0.49      1.69     -0.80  0.       -1617.376       6219.580       7060.195    0.000  -0.138   0.380   0.
  2017 352  3 36 32 489 352.150376039      -0.55      1.83     -1.25  0.       -1618.681       6220.182       7059.575    0.000  -0.138   0.380   0.
  2017 352  3 36 33 489 352.150387613      -0.76      2.10     -0.29  0.       -1619.986       6220.783       7058.954    0.000  -0.138   0.380   0.
  2017 352  3 36 34 489 352.150399185       0.16      2.16     -0.96  0.       -1621.290       6221.383       7058.333    0.000  -0.138   0.380   0.
  2017 352  3 36 35 489 352.150410758      -0.53      2.68     -0.34  0.       -1622.595       6221.984       7057.712    0.000  -0.138   0.380   0.
  2017 352  3 36 36 489 352.150422332       0.50      2.28     -0.63  0.       -1623.900       6222.584       7057.090    0.000  -0.138   0.380   0.
  2017 352  3 36 37 489 352.150433906      -0.31      2.37     -0.87  0.       -1625.204       6223.184       7056.468    0.000  -0.138   0.380   0.
  2017 352  3 36 38 489 352.150445480      -0.33      1.82     -1.11  0.       -1626.508       6223.783       7055.846    0.000  -0.138   0.380   0.
  2017 352  3 36 39 489 352.150457054      -0.22      1.62     -1.40  0.       -1627.813       6224.382       7055.223    0.000  -0.138   0.380   0.
  2017 352  3 36 40 489 352.150468628       0.09      1.85     -0.53  0.       -1629.117       6224.981       7054.600    0.000  -0.138   0.380   0.
  2017 352  3 36 41 489 352.150480202       0.11      2.14     -0.43  0.       -1630.421       6225.580       7053.976    0.000  -0.138   0.380   0.
  2017 352  3 36 42 489 352.150491777       1.29      1.41     -1.02  0.       -1631.725       6226.178       7053.352    0.000  -0.138   0.380   0.
  2017 352  3 36 43 489 352.150503351      -0.41      1.71     -0.85  0.       -1633.029       6226.776       7052.729    0.000  -0.138   0.380   0.
  2017 352  3 36 44 489 352.150514925       0.52      2.02     -1.29  0.       -1634.333       6227.374       7052.104    0.000  -0.138   0.380   0.
  2017 352  3 36 45 489 352.150526499      -1.30      1.50      0.57  0.       -1635.637       6227.971       7051.479    0.000  -0.138   0.380   0.
  2017 352  3 36 46 489 352.150538073       0.17      1.22      1.42  0.       -1636.941       6228.568       7050.854    0.000  -0.138   0.380   0.
  2017 352  3 36 47 489 352.150549647       0.81      1.65      0.69  0.       -1638.244       6229.165       7050.229    0.000  -0.138   0.380   0.
  2017 352  3 36 48 489 352.150561221       0.38      1.82      0.40  0.       -1639.548       6229.761       7049.603    0.000  -0.138   0.380   0.
  2017 352  3 36 49 489 352.150572795       0.45      1.41      0.60  0.       -1640.851       6230.357       7048.977    0.000  -0.138   0.380   0.
  2017 352  3 36 50 489 352.150584369       0.54      1.77      0.14  0.       -1642.155       6230.953       7048.350    0.000  -0.138   0.380   0.
  2017 352  3 36 51 489 352.150595943       0.39      1.87      0.20  0.       -1643.458       6231.548       7047.723    0.000  -0.138   0.380   0.
  2017 352  3 36 52 489 352.150607517       0.86      1.94     -0.05  0.       -1644.761       6232.143       7047.096    0.000  -0.138   0.380   0.
  2017 352  3 36 53 489 352.150619091       0.31      1.89     -0.27  0.       -1646.065       6232.738       7046.469    0.000  -0.138   0.380   0.
  2017 352  3 36 54 489 352.150630666       0.97      1.96     -0.38  0.       -1647.368       6233.333       7045.841    0.000  -0.138   0.380   0.
  2017 352  3 36 55 489 352.150642240       0.39      1.99     -0.61  0.       -1648.671       6233.927       7045.212    0.000  -0.138   0.380   0.
  2017 352  3 36 56 489 352.150653814       0.42      1.77     -0.21  0.       -1649.974       6234.521       7044.584    0.000  -0.138   0.380   0.
  2017 352  3 36 57 489 352.150665388       0.38      1.82     -0.13  0.       -1651.277       6235.115       7043.955    0.000  -0.138   0.380   0.
  2017 352  3 36 58 489 352.150676962       0.70      1.69     -0.05  0.       -1652.579       6235.708       7043.325    0.000  -0.138   0.380   0.
  2017 352  3 36 59 489 352.150688536       0.58      1.67     -0.16  0.       -1653.882       6236.301       7042.696    0.000  -0.138   0.380   0.
  2017 352  3 37  0 489 352.150700110       0.75      1.71     -0.89  0.       -1655.185       6236.894       7042.066    0.000  -0.138   0.380   0.
  2017 352  3 37  1 489 352.150711684      -1.35      1.79     -0.31  0.       -1656.487       6237.486       7041.436    0.000  -0.138   0.380   0.
  2017 352  3 37  2 489 352.150723258       0.53      1.62      0.73  0.       -1657.790       6238.078       7040.805    0.000  -0.138   0.380   0.
  2017 352  3 37  3 489 352.150734832       0.33      1.50      0.11  0.       -1659.092       6238.670       7040.174    0.000  -0.138   0.380   0.
  2017 352  3 37  4 489 352.150746404       0.89      1.78     -0.70  0.       -1660.394       6239.262       7039.543    0.000  -0.138   0.380   0.
  2017 352  3 37  5 489 352.150757977       0.07      1.62     -0.38  0.       -1661.696       6239.853       7038.911    0.000  -0.138   0.380   0.
  2017 352  3 37  6 489 352.150769552      -0.03      1.51     -0.21  0.       -1662.999       6240.444       7038.279    0.000  -0.138   0.380   0.
  2017 352  3 37  7 489 352.150781126       1.35      1.05      0.11  0.       -1664.301       6241.034       7037.646    0.000  -0.138   0.380   0.
  2017 352  3 37  8 489 352.150792700       0.10      1.92     -1.05  0.       -1665.603       6241.625       7037.014    0.000  -0.138   0.380   0.
  2017 352  3 37  9 489 352.150804274       0.41      1.57      0.02  0.       -1666.905       6242.215       7036.381    0.000  -0.138   0.380   0.
  2017 352  3 37 10 489 352.150815848      -0.21      2.25     -1.29  0.       -1668.206       6242.804       7035.747    0.000  -0.138   0.380   0.
  2017 352  3 37 11 489 352.150827422      -0.01      1.90     -0.38  0.       -1669.508       6243.394       7035.113    0.000  -0.138   0.380   0.
  2017 352  3 37 12 489 352.150838996       0.51      1.80     -1.08  0.       -1670.810       6243.983       7034.479    0.000  -0.138   0.380   0.
  2017 352  3 37 13 489 352.150850570      -0.44      1.63     -0.91  0.       -1672.111       6244.572       7033.845    0.000  -0.138   0.380   0.
  2017 352  3 37 14 489 352.150862144      -0.47      1.84     -0.49  0.       -1673.413       6245.160       7033.210    0.000  -0.138   0.380   0.
  2017 352  3 37 15 489 352.150873718      -0.72      1.96      0.05  0.       -1674.714       6245.748       7032.575    0.000  -0.138   0.380   0.
  2017 352  3 37 16 489 352.150885292       0.12      1.87     -0.34  0.       -1676.015       6246.336       7031.939    0.000  -0.138   0.380   0.
  2017 352  3 37 17 489 352.150896866      -0.07      1.47     -0.76  0.       -1677.317       6246.923       7031.303    0.000  -0.138   0.380   0.
  2017 352  3 37 18 489 352.150908440       0.17      1.58     -0.30  0.       -1678.618       6247.511       7030.667    0.000  -0.138   0.380   0.
  2017 352  3 37 19 489 352.150920014       0.29      1.68     -0.40  0.       -1679.919       6248.097       7030.031    0.000  -0.138   0.380   0.
  2017 352  3 37 20 489 352.150931589       0.28      1.19      0.07  0.       -1681.220       6248.684       7029.394    0.000  -0.138   0.380   0.
  2017 352  3 37 21 489 352.150943163      -0.55      1.63     -0.70  0.       -1682.521       6249.271       7028.756    0.000  -0.138   0.380   0.
  2017 352  3 37 22 489 352.150954737      -0.33      1.73      0.48  0.       -1683.821       6249.857       7028.119    0.000  -0.138   0.380   0.
  2017 352  3 37 23 489 352.150966311       0.37      1.81     -0.43  0.       -1685.122       6250.442       7027.481    0.000  -0.138   0.380   0.
  2017 352  3 37 24 489 352.150977885       0.35      1.77     -0.63  0.       -1686.423       6251.028       7026.843    0.000  -0.138   0.380   0.
  2017 352  3 37 25 489 352.150989459      -0.14      2.26     -1.35  0.       -1687.723       6251.613       7026.204    0.000  -0.138   0.380   0.
  2017 352  3 37 26 489 352.151001033      -0.39      1.74      0.39  0.       -1689.024       6252.197       7025.565    0.000  -0.138   0.380   0.
  2017 352  3 37 27 489 352.151012607       0.02      1.83     -0.53  0.       -1690.324       6252.782       7024.926    0.000  -0.138   0.380   0.
  2017 352  3 37 28 489 352.151024181       0.85      2.05     -1.17  0.       -1691.625       6253.366       7024.286    0.000  -0.138   0.380   0.
  2017 352  3 37 29 489 352.151035755      -0.27      2.66     -0.93  0.       -1692.925       6253.950       7023.646    0.000  -0.138   0.380   0.
  2017 352  3 37 30 489 352.151047329      -0.90      2.16     -0.15  0.       -1694.225       6254.533       7023.006    0.000  -0.138   0.380   0.
  2017 352  3 37 31 489 352.151058903      -1.10      1.93      0.68  0.       -1695.525       6255.117       7022.365    0.000  -0.138   0.380   0.
  2017 352  3 37 32 489 352.151070477      -1.44      2.37     -0.02  0.       -1696.825       6255.700       7021.724    0.000  -0.138   0.380   0.
  2017 352  3 37 33 489 352.151082052      -0.83      2.24     -0.24  0.       -1698.125       6256.282       7021.083    0.000  -0.138   0.380   0.
  2017 352  3 37 34 489 352.151093623      -0.17      1.69     -0.25  0.       -1699.425       6256.864       7020.441    0.000  -0.138   0.380   0.
  2017 352  3 37 35 489 352.151105197      -0.11      1.43      0.02  0.       -1700.725       6257.446       7019.799    0.000  -0.138   0.380   0.
  2017 352  3 37 36 489 352.151116771       0.08      1.36      0.01  0.       -1702.024       6258.028       7019.156    0.000  -0.138   0.380   0.
  2017 352  3 37 37 489 352.151128345      -0.17      1.32      0.30  0.       -1703.324       6258.610       7018.514    0.000  -0.138   0.380   0.
  2017 352  3 37 38 489 352.151139919      -0.09      1.58     -0.20  0.       -1704.623       6259.191       7017.870    0.000  -0.138   0.380   0.
  2017 352  3 37 39 488 352.151151493       0.01      1.45     -0.39  0.       -1705.923       6259.771       7017.227    0.000  -0.138   0.380   0.
  2017 352  3 37 40 488 352.151163067      -0.51      1.53     -0.16  0.       -1707.222       6260.352       7016.583    0.000  -0.138   0.380   0.
  2017 352  3 37 41 488 352.151174641      -0.40      1.33      0.38  0.       -1708.521       6260.932       7015.939    0.000  -0.138   0.380   0.
  2017 352  3 37 42 488 352.151186215      -0.29      1.47     -0.02  0.       -1709.820       6261.512       7015.295    0.000  -0.138   0.380   0.
  2017 352  3 37 43 489 352.151197789      -0.23      1.49     -0.02  0.       -1711.119       6262.091       7014.650    0.000  -0.138   0.380   0.
  2017 352  3 37 44 489 352.151209363      -0.28      1.43      0.11  0.       -1712.418       6262.671       7014.005    0.000  -0.138   0.380   0.
  2017 352  3 37 45 488 352.151220937      -0.30      1.60     -0.28  0.       -1713.717       6263.250       7013.359    0.000  -0.138   0.380   0.
  2017 352  3 37 46 488 352.151232512      -0.08      1.48      0.04  0.       -1715.016       6263.828       7012.713    0.000  -0.138   0.380   0.
  2017 352  3 37 47 489 352.151244086      -0.43      1.52     -0.48  0.       -1716.315       6264.407       7012.067    0.000  -0.138   0.380   0.
  2017 352  3 37 48 489 352.151255660      -0.10      1.83      0.01  0.       -1717.613       6264.985       7011.420    0.000  -0.138   0.380   0.
  2017 352  3 37 49 489 352.151267234       0.18      1.57      0.30  0.       -1718.912       6265.562       7010.774    0.000  -0.138   0.380   0.
  2017 352  3 37 50 489 352.151278808       0.12      1.57     -0.29  0.       -1720.210       6266.140       7010.126    0.000  -0.138   0.380   0.
  2017 352  3 37 51 489 352.151290382      -0.21      1.48     -0.39  0.       -1721.509       6266.717       7009.479    0.000  -0.138   0.380   0.
  2017 352  3 37 52 488 352.151301956      -0.47      1.42     -0.15  0.       -1722.807       6267.294       7008.831    0.000  -0.138   0.380   0.
  2017 352  3 37 53 488 352.151313530      -0.00      1.40      0.11  0.       -1724.105       6267.870       7008.183    0.000  -0.138   0.380   0.
  2017 352  3 37 54 488 352.151325104      -0.01      2.12     -0.65  0.       -1725.403       6268.446       7007.534    0.000  -0.138   0.380   0.
  2017 352  3 37 55 488 352.151336678      -0.05      1.70      0.34  0.       -1726.702       6269.022       7006.885    0.000  -0.138   0.380   0.
  2017 352  3 37 56 488 352.151348252      -0.13      1.88     -0.26  0.       -1728.000       6269.598       7006.236    0.000  -0.138   0.380   0.
  2017 352  3 37 57 489 352.151359826      -0.07      1.42      0.01  0.       -1729.297       6270.173       7005.586    0.000  -0.138   0.380   0.
  2017 352  3 37 58 489 352.151371400      -0.04      1.48     -0.47  0.       -1730.595       6270.748       7004.936    0.000  -0.138   0.380   0.
  2017 352  3 37 59 488 352.151382975       0.35      1.58     -0.55  0.       -1731.893       6271.323       7004.286    0.000  -0.138   0.380   0.
  2017 352  3 38  0 488 352.151394549      -0.44      2.13     -0.49  0.       -1733.191       6271.897       7003.635    0.000  -0.138   0.380   0.
  2017 352  3 38  1 489 352.151406123      -0.08      1.60     -0.58  0.       -1734.488       6272.471       7002.984    0.000  -0.138   0.380   0.
  2017 352  3 38  2 489 352.151417697       0.28      1.43     -0.12  0.       -1735.786       6273.045       7002.333    0.000  -0.138   0.380   0.
  2017 352  3 38  3 489 352.151429271      -0.14      1.50     -0.15  0.       -1737.083       6273.618       7001.681    0.000  -0.138   0.380   0.
  2017 352  3 38  4 489 352.151440845      -0.15      1.61     -0.27  0.       -1738.380       6274.191       7001.029    0.000  -0.138   0.380   0.
  2017 352  3 38  5 489 352.151452419       0.25      1.57     -0.24  0.       -1739.677       6274.764       7000.377    0.000  -0.138   0.380   0.
  2017 352  3 38  6 488 352.151463991      -0.46      1.70     -0.46  0.       -1740.975       6275.336       6999.724    0.000  -0.138   0.380   0.
  2017 352  3 38  7 488 352.151475564      -0.69      2.08     -0.66  0.       -1742.272       6275.908       6999.071    0.000  -0.138   0.380   0.
  2017 352  3 38  8 488 352.151487138      -0.43      2.20     -0.32  0.       -1743.569       6276.480       6998.417    0.000  -0.138   0.380   0.
  2017 352  3 38  9 488 352.151498712      -0.11      2.11     -0.01  0.       -1744.865       6277.052       6997.764    0.000  -0.138   0.380   0.
  2017 352  3 38 10 488 352.151510286      -0.16      1.74     -0.04  0.       -1746.162       6277.623       6997.109    0.000  -0.138   0.380   0.
  2017 352  3 38 11 488 352.151521861      -0.10      2.18     -0.61  0.       -1747.459       6278.194       6996.455    0.000  -0.138   0.380   0.
  2017 352  3 38 12 488 352.151533435      -0.90      2.22      0.14  0.       -1748.755       6278.765       6995.800    0.000  -0.138   0.380   0.
  2017 352  3 38 13 488 352.151545009       1.45      2.49     -0.44  0.       -1750.052       6279.335       6995.145    0.000  -0.138   0.380   0.
  2017 352  3 38 14 488 352.151556583       0.17      1.31      0.78  0.       -1751.348       6279.905       6994.490    0.000  -0.138   0.380   0.
  2017 352  3 38 15 488 352.151568157       0.87      1.79      0.09  0.       -1752.645       6280.475       6993.834    0.000  -0.138   0.380   0.
  2017 352  3 38 16 488 352.151579731       0.41      1.92      0.18  0.       -1753.941       6281.044       6993.177    0.000  -0.138   0.380   0.
  2017 352  3 38 17 488 352.151591305       0.47      2.10     -1.22  0.       -1755.237       6281.613       6992.521    0.000  -0.138   0.380   0.
  2017 352  3 38 18 488 352.151602879      -0.71      1.92     -0.14  0.       -1756.534       6282.182       6991.864    0.000  -0.138   0.380   0.
  2017 352  3 38 19 488 352.151614453       0.98      1.46      0.13  0.       -1757.830       6282.751       6991.207    0.000  -0.138   0.380   0.
  2017 352  3 38 20 488 352.151626027      -0.75      3.10     -0.45  0.       -1759.125       6283.319       6990.550    0.000  -0.138   0.380   0.
  2017 352  3 38 21 488 352.151637601       0.24      2.36      0.15  0.       -1760.421       6283.887       6989.892    0.000  -0.138   0.380   0.
  2017 352  3 38 22 488 352.151649175       0.13      2.16      0.13  0.       -1761.717       6284.454       6989.233    0.000  -0.138   0.380   0.
  2017 352  3 38 23 488 352.151660749       0.40      1.91     -0.28  0.       -1763.013       6285.022       6988.575    0.000  -0.138   0.380   0.
  2017 352  3 38 24 488 352.151672323      -0.13      1.74     -0.86  0.       -1764.308       6285.589       6987.916    0.000  -0.138   0.380   0.
  2017 352  3 38 25 488 352.151683898       0.21      1.70     -0.04  0.       -1765.604       6286.155       6987.257    0.000  -0.138   0.380   0.
  2017 352  3 38 26 488 352.151695472      -1.13      1.50     -0.84  0.       -1766.899       6286.722       6986.597    0.000  -0.138   0.380   0.
  2017 352  3 38 27 488 352.151707046      -0.21      1.55     -0.34  0.       -1768.194       6287.288       6985.937    0.000  -0.138   0.380   0.
  2017 352  3 38 28 488 352.151718620       0.13      1.97     -0.60  0.       -1769.489       6287.853       6985.277    0.000  -0.138   0.380   0.
  2017 352  3 38 29 488 352.151730194       0.06      1.95     -0.66  0.       -1770.785       6288.419       6984.616    0.000  -0.138   0.380   0.
  2017 352  3 38 30 488 352.151741768       0.12      1.75      0.13  0.       -1772.080       6288.984       6983.955    0.000  -0.138   0.380   0.
  2017 352  3 38 31 488 352.151753342      -0.45      1.58     -0.55  0.       -1773.375       6289.549       6983.294    0.000  -0.138   0.380   0.
  2017 352  3 38 32 488 352.151764916      -0.42      2.21     -1.02  0.       -1774.669       6290.113       6982.632    0.000  -0.138   0.380   0.
  2017 352  3 38 33 488 352.151776490      -0.10      1.07      0.78  0.       -1775.964       6290.677       6981.970    0.000  -0.138   0.380   0.
  2017 352  3 38 34 488 352.151788064       0.47      1.29      0.14  0.       -1777.259       6291.241       6981.308    0.000  -0.138   0.380   0.
  2017 352  3 38 35 488 352.151799638      -0.87      2.08     -0.30  0.       -1778.554       6291.805       6980.645    0.000  -0.138   0.380   0.
  2017 352  3 38 36 488 352.151811210       0.50      1.79     -0.25  0.       -1779.848       6292.368       6979.983    0.000  -0.138   0.380   0.
  2017 352  3 38 37 488 352.151822784      -0.11      1.59     -0.36  0.       -1781.143       6292.931       6979.319    0.000  -0.138   0.380   0.
  2017 352  3 38 38 488 352.151834358       0.03      1.88      0.59  0.       -1782.437       6293.494       6978.655    0.000  -0.138   0.380   0.
  2017 352  3 38 39 488 352.151845932       0.29      2.12     -0.21  0.       -1783.731       6294.056       6977.991    0.000  -0.138   0.380   0.
  2017 352  3 38 40 488 352.151857506       0.30      1.48     -0.41  0.       -1785.025       6294.618       6977.327    0.000  -0.138   0.380   0.
  2017 352  3 38 41 488 352.151869080      -0.14      1.23      0.65  0.       -1786.320       6295.180       6976.662    0.000  -0.138   0.380   0.
  2017 352  3 38 42 488 352.151880654      -1.01      2.06     -0.14  0.       -1787.614       6295.741       6975.997    0.000  -0.138   0.380   0.
  2017 352  3 38 43 488 352.151892228       0.02      1.25      0.04  0.       -1788.907       6296.302       6975.332    0.000  -0.138   0.380   0.
  2017 352  3 38 44 488 352.151903802      -0.81      1.84     -0.76  0.       -1790.201       6296.863       6974.666    0.000  -0.138   0.380   0.
  2017 352  3 38 45 488 352.151915376      -0.06      1.76     -0.16  0.       -1791.495       6297.423       6974.000    0.000  -0.138   0.380   0.
  2017 352  3 38 46 488 352.151926950       0.06      1.86     -0.79  0.       -1792.789       6297.983       6973.334    0.000  -0.138   0.380   0.
  2017 352  3 38 47 488 352.151938524      -0.32      2.26     -0.58  0.       -1794.082       6298.543       6972.667    0.000  -0.138   0.380   0.
  2017 352  3 38 48 488 352.151950098       0.37      2.13      0.11  0.       -1795.376       6299.103       6972.000    0.000  -0.138   0.380   0.
  2017 352  3 38 49 488 352.151961672      -0.21      2.15     -0.49  0.       -1796.669       6299.662       6971.332    0.000  -0.138   0.380   0.
  2017 352  3 38 50 488 352.151973247      -0.73      2.19     -0.50  0.       -1797.962       6300.221       6970.664    0.000  -0.138   0.380   0.
  2017 352  3 38 51 488 352.151984821       0.19      2.12     -0.04  0.       -1799.256       6300.780       6969.996    0.000  -0.138   0.380   0.
  2017 352  3 38 52 488 352.151996395       0.01      2.01     -0.50  0.       -1800.549       6301.338       6969.328    0.000  -0.138   0.380   0.
  2017 352  3 38 53 488 352.152007969      -0.07      1.70     -0.57  0.       -1801.842       6301.896       6968.659    0.000  -0.138   0.380   0.
  2017 352  3 38 54 488 352.152019543      -0.44      1.52     -0.80  0.       -1803.135       6302.454       6967.990    0.000  -0.138   0.380   0.
  2017 352  3 38 55 488 352.152031117       0.02      2.41     -1.47  0.       -1804.428       6303.012       6967.320    0.000  -0.138   0.380   0.
  2017 352  3 38 56 488 352.152042691      -0.05      1.47      0.01  0.       -1805.720       6303.569       6966.651    0.000  -0.138   0.380   0.
  2017 352  3 38 57 488 352.152054265      -0.74      1.77     -0.62  0.       -1807.013       6304.125       6965.980    0.000  -0.138   0.380   0.
  2017 352  3 38 58 488 352.152065839       0.04      1.92     -0.28  0.       -1808.306       6304.682       6965.310    0.000  -0.138   0.380   0.
  2017 352  3 38 59 488 352.152077413       0.72      2.53     -0.38  0.       -1809.598       6305.238       6964.639    0.000  -0.138   0.380   0.
  2017 352  3 39  0 488 352.152088987       0.13      2.57     -0.15  0.       -1810.891       6305.794       6963.968    0.000  -0.138   0.380   0.
  2017 352  3 39  1 488 352.152100561      -0.86      2.82     -0.29  0.       -1812.183       6306.350       6963.296    0.000  -0.138   0.380   0.
  2017 352  3 39  2 488 352.152112135      -0.41      1.91      0.23  0.       -1813.475       6306.905       6962.624    0.000  -0.138   0.380   0.
  2017 352  3 39  3 488 352.152123710       0.81      1.79     -0.05  0.       -1814.767       6307.460       6961.953    0.000  -0.138   0.380   0.
  2017 352  3 39  4 488 352.152135281       0.19      2.24     -0.66  0.       -1816.059       6308.014       6961.280    0.000  -0.138   0.380   0.
  2017 352  3 39  5 488 352.152146855      -0.96      2.73     -0.52  0.       -1817.351       6308.569       6960.607    0.000  -0.138   0.380   0.
  2017 352  3 39  6 488 352.152158429      -0.38      1.55      0.50  0.       -1818.643       6309.123       6959.934    0.000  -0.138   0.380   0.
  2017 352  3 39  7 488 352.152170003      -0.38      1.59     -0.47  0.       -1819.935       6309.677       6959.260    0.000  -0.138   0.380   0.
  2017 352  3 39  8 488 352.152181577      -1.16      1.98      0.26  0.       -1821.227       6310.230       6958.586    0.000  -0.138   0.380   0.
  2017 352  3 39  9 488 352.152193151       0.63      1.59     -0.20  0.       -1822.519       6310.783       6957.912    0.000  -0.138   0.380   0.
  2017 352  3 39 10 488 352.152204725       0.08      1.80     -0.07  0.       -1823.810       6311.336       6957.237    0.000  -0.138   0.380   0.
  2017 352  3 39 11 488 352.152216299      -0.42      1.94     -0.71  0.       -1825.101       6311.888       6956.562    0.000  -0.138   0.380   0.
  2017 352  3 39 12 488 352.152227873       0.49      1.99     -0.70  0.       -1826.393       6312.441       6955.887    0.000  -0.138   0.380   0.
  2017 352  3 39 13 488 352.152239447      -0.59      2.58     -0.58  0.       -1827.684       6312.992       6955.211    0.000  -0.138   0.380   0.
  2017 352  3 39 14 488 352.152251021      -0.23      2.74     -0.13  0.       -1828.975       6313.544       6954.535    0.000  -0.138   0.380   0.
  2017 352  3 39 15 488 352.152262595      -0.94      3.02     -0.66  0.       -1830.266       6314.095       6953.859    0.000  -0.138   0.380   0.
  2017 352  3 39 16 488 352.152274170      -1.23      3.58      0.49  0.       -1831.557       6314.646       6953.183    0.000  -0.138   0.380   0.
  2017 352  3 39 17 488 352.152285744      -0.27      3.98     -0.35  0.       -1832.848       6315.197       6952.506    0.000  -0.138   0.380   0.
  2017 352  3 39 18 488 352.152297318      -1.51      3.05     -0.52  0.       -1834.139       6315.747       6951.828    0.000  -0.138   0.380   0.
  2017 352  3 39 19 488 352.152308892       0.43      2.59     -0.65  0.       -1835.430       6316.297       6951.151    0.000  -0.138   0.380   0.
  2017 352  3 39 20 488 352.152320466      -1.69      2.75     -0.30  0.       -1836.721       6316.847       6950.473    0.000  -0.138   0.380   0.
  2017 352  3 39 21 488 352.152332040      -0.78      2.17     -0.99  0.       -1838.011       6317.396       6949.794    0.000  -0.138   0.380   0.
  2017 352  3 39 22 488 352.152343614      -0.82      2.40     -0.24  0.       -1839.302       6317.945       6949.116    0.000  -0.138   0.380   0.
  2017 352  3 39 23 488 352.152355188      -1.12      3.23     -0.85  0.       -1840.592       6318.494       6948.437    0.000  -0.138   0.380   0.
  2017 352  3 39 24 488 352.152366762       0.30      1.47      0.59  0.       -1841.882       6319.043       6947.757    0.000  -0.138   0.380   0.
  2017 352  3 39 25 488 352.152378336      -0.63      2.56      0.11  0.       -1843.172       6319.591       6947.078    0.000  -0.138   0.380   0.
  2017 352  3 39 26 488 352.152389910       0.87      2.16      0.29  0.       -1844.462       6320.139       6946.397    0.000  -0.138   0.380   0.
  2017 352  3 39 27 488 352.152401484      -1.05      2.14     -0.21  0.       -1845.753       6320.686       6945.717    0.000  -0.138   0.380   0.
  2017 352  3 39 28 488 352.152413058      -0.94      2.53     -0.36  0.       -1847.042       6321.233       6945.036    0.000  -0.138   0.380   0.
  2017 352  3 39 29 488 352.152424633      -1.17      2.51     -1.41  0.       -1848.332       6321.780       6944.355    0.000  -0.138   0.380   0.
  2017 352  3 39 30 488 352.152436207      -0.72      1.89     -1.78  0.       -1849.622       6322.327       6943.674    0.000  -0.138   0.380   0.
  2017 352  3 39 31 488 352.152447781      -0.99      2.30     -0.76  0.       -1850.912       6322.873       6942.992    0.000  -0.138   0.380   0.
  2017 352  3 39 32 488 352.152459355       0.05      1.34     -0.15  0.       -1852.201       6323.419       6942.310    0.000  -0.138   0.380   0.
  2017 352  3 39 33 488 352.152470929       0.42      2.83     -0.70  0.       -1853.491       6323.965       6941.628    0.000  -0.138   0.380   0.
  2017 352  3 39 34 488 352.152482500       0.43      1.88     -2.02  0.       -1854.780       6324.510       6940.945    0.000  -0.138   0.380   0.
  2017 352  3 39 35 487 352.152494074      -0.21      1.48     -1.49  0.       -1856.069       6325.055       6940.262    0.000  -0.138   0.380   0.
  2017 352  3 39 36 487 352.152505648      -0.73      2.30     -0.58  0.       -1857.359       6325.600       6939.578    0.000  -0.138   0.380   0.
  2017 352  3 39 37 487 352.152517222      -0.74      3.54     -0.14  0.       -1858.648       6326.145       6938.895    0.000  -0.138   0.380   0.
  2017 352  3 39 38 487 352.152528796      -0.27      4.09     -0.48  0.       -1859.937       6326.689       6938.211    0.000  -0.138   0.380   0.
  2017 352  3 39 39 488 352.152540370      -0.37      3.20     -0.85  0.       -1861.226       6327.232       6937.526    0.000  -0.138   0.380   0.
  2017 352  3 39 40 488 352.152551944      -1.39      2.05      0.96  0.       -1862.514       6327.776       6936.841    0.000  -0.138   0.380   0.
  2017 352  3 39 41 487 352.152563519      -0.34      1.87      0.41  0.       -1863.803       6328.319       6936.156    0.000  -0.138   0.380   0.
  2017 352  3 39 42 487 352.152575093       0.28      1.95      0.48  0.       -1865.092       6328.862       6935.471    0.000  -0.138   0.380   0.
  2017 352  3 39 43 488 352.152586667      -1.72      1.45     -0.28  0.       -1866.380       6329.405       6934.785    0.000  -0.138   0.380   0.
  2017 352  3 39 44 488 352.152598241      -0.09      1.34     -0.36  0.       -1867.669       6329.947       6934.099    0.000  -0.138   0.380   0.
  2017 352  3 39 45 488 352.152609815       0.06      1.03      1.12  0.       -1868.957       6330.489       6933.412    0.000  -0.138   0.380   0.
  2017 352  3 39 46 488 352.152621389      -0.81      1.77      0.05  0.       -1870.246       6331.031       6932.726    0.000  -0.138   0.380   0.
  2017 352  3 39 47 488 352.152632963      -0.61      1.23      0.33  0.       -1871.534       6331.572       6932.038    0.000  -0.138   0.380   0.
  2017 352  3 39 48 487 352.152644537      -0.14      1.35      0.06  0.       -1872.822       6332.113       6931.351    0.000  -0.138   0.380   0.
  2017 352  3 39 49 487 352.152656111       0.64      1.38      0.55  0.       -1874.110       6332.654       6930.663    0.000  -0.138   0.380   0.
  2017 352  3 39 50 487 352.152667685      -0.50      1.80     -0.57  0.       -1875.398       6333.195       6929.975    0.000  -0.138   0.380   0.
  2017 352  3 39 51 487 352.152679259      -0.05      1.52     -0.15  0.       -1876.686       6333.735       6929.286    0.000  -0.138   0.380   0.
  2017 352  3 39 52 487 352.152690833      -0.94      1.54     -0.07  0.       -1877.973       6334.275       6928.598    0.000  -0.138   0.380   0.
  2017 352  3 39 53 488 352.152702407      -1.23      1.82     -0.10  0.       -1879.261       6334.814       6927.908    0.000  -0.138   0.380   0.
  2017 352  3 39 54 488 352.152713981      -0.71      2.38     -0.47  0.       -1880.549       6335.353       6927.219    0.000  -0.138   0.380   0.
  2017 352  3 39 55 487 352.152725556      -0.42      2.28     -0.38  0.       -1881.836       6335.892       6926.529    0.000  -0.138   0.380   0.
  2017 352  3 39 56 487 352.152737130      -0.48      1.77     -0.77  0.       -1883.124       6336.431       6925.839    0.000  -0.138   0.380   0.
  2017 352  3 39 57 488 352.152748704      -0.33      1.64     -0.17  0.       -1884.411       6336.969       6925.148    0.000  -0.138   0.380   0.
  2017 352  3 39 58 488 352.152760278      -0.22      2.12     -0.38  0.       -1885.698       6337.507       6924.457    0.000  -0.138   0.380   0.
  2017 352  3 39 59 488 352.152771852      -0.28      1.81     -0.51  0.       -1886.985       6338.045       6923.766    0.000  -0.138   0.380   0.
  2017 352  3 40  0 488 352.152783426      -1.00      2.79     -0.31  0.       -1888.272       6338.582       6923.075    0.000  -0.138   0.380   0.
  2017 352  3 40  1 487 352.152795000       0.47      3.59     -0.49  0.       -1889.559       6339.119       6922.383    0.000  -0.138   0.380   0.
  2017 352  3 40  2 487 352.152806574      -0.77      1.48     -1.06  0.       -1890.846       6339.656       6921.691    0.000  -0.138   0.380   0.
  2017 352  3 40  3 487 352.152818148      -1.02      2.64     -0.51  0.       -1892.133       6340.192       6920.998    0.000  -0.138   0.380   0.
  2017 352  3 40  4 487 352.152829720       1.47      2.21     -1.31  0.       -1893.419       6340.729       6920.305    0.000  -0.138   0.380   0.
  2017 352  3 40  5 487 352.152841293      -1.58      2.22     -1.13  0.       -1894.706       6341.264       6919.612    0.000  -0.138   0.380   0.
  2017 352  3 40  6 487 352.152852867      -1.37      3.23     -1.57  0.       -1895.992       6341.800       6918.918    0.000  -0.138   0.380   0.
  2017 352  3 40  7 487 352.152864442      -1.59      3.97      0.07  0.       -1897.279       6342.335       6918.224    0.000  -0.138   0.380   0.
  2017 352  3 40  8 487 352.152876016      -0.68      3.58     -0.20  0.       -1898.565       6342.870       6917.530    0.000  -0.138   0.380   0.
  2017 352  3 40  9 487 352.152887590      -1.05      2.09     -0.11  0.       -1899.851       6343.405       6916.836    0.000  -0.138   0.380   0.
  2017 352  3 40 10 487 352.152899164      -0.16      2.23      0.07  0.       -1901.137       6343.939       6916.141    0.000  -0.138   0.380   0.
  2017 352  3 40 11 487 352.152910738      -0.06      2.30     -0.08  0.       -1902.423       6344.473       6915.445    0.000  -0.138   0.380   0.
  2017 352  3 40 12 487 352.152922312      -1.12      1.91     -0.47  0.       -1903.709       6345.006       6914.750    0.000  -0.138   0.380   0.
  2017 352  3 40 13 487 352.152933886      -1.28      2.10     -0.41  0.       -1904.995       6345.540       6914.054    0.000  -0.138   0.380   0.
  2017 352  3 40 14 487 352.152945460      -2.08      2.33     -0.21  0.       -1906.280       6346.073       6913.357    0.000  -0.138   0.380   0.
  2017 352  3 40 15 487 352.152957034      -1.81      4.41     -0.91  0.       -1907.566       6346.606       6912.661    0.000  -0.138   0.380   0.
  2017 352  3 40 16 487 352.152968608      -0.97      2.10      0.42  0.       -1908.852       6347.138       6911.964    0.000  -0.138   0.380   0.
  2017 352  3 40 17 487 352.152980182      -1.09      1.07     -0.51  0.       -1910.137       6347.670       6911.267    0.000  -0.138   0.380   0.
  2017 352  3 40 18 487 352.152991756      -0.14      2.85     -0.51  0.       -1911.422       6348.202       6910.569    0.000  -0.138   0.380   0.
  2017 352  3 40 19 487 352.153003330      -0.61      2.57     -0.45  0.       -1912.708       6348.733       6909.871    0.000  -0.138   0.380   0.
  2017 352  3 40 20 487 352.153014904      -0.94      2.73     -0.35  0.       -1913.993       6349.265       6909.173    0.000  -0.138   0.380   0.
  2017 352  3 40 21 487 352.153026479      -0.63      2.16     -0.09  0.       -1915.278       6349.796       6908.474    0.000  -0.138   0.380   0.
  2017 352  3 40 22 487 352.153038053      -0.63      1.92      0.03  0.       -1916.563       6350.326       6907.775    0.000  -0.138   0.380   0.
  2017 352  3 40 23 487 352.153049627      -0.99      2.50     -0.44  0.       -1917.848       6350.856       6907.076    0.000  -0.138   0.380   0.
  2017 352  3 40 24 487 352.153061201      -0.49      2.20     -0.79  0.       -1919.132       6351.386       6906.376    0.000  -0.138   0.380   0.
  2017 352  3 40 25 487 352.153072775       0.04      1.92      0.97  0.       -1920.417       6351.916       6905.676    0.000  -0.138   0.380   0.
  2017 352  3 40 26 487 352.153084349      -1.15      3.25     -0.12  0.       -1921.702       6352.445       6904.976    0.000  -0.138   0.380   0.
  2017 352  3 40 27 487 352.153095923       0.17      2.11      0.42  0.       -1922.986       6352.974       6904.275    0.000  -0.138   0.380   0.
  2017 352  3 40 28 487 352.153107497      -1.18      1.49     -0.39  0.       -1924.271       6353.503       6903.574    0.000  -0.138   0.380   0.
  2017 352  3 40 29 487 352.153119071      -1.51      2.69     -0.10  0.       -1925.555       6354.031       6902.873    0.000  -0.138   0.380   0.
  2017 352  3 40 30 487 352.153130645      -1.41      3.71      0.66  0.       -1926.839       6354.560       6902.171    0.000  -0.138   0.380   0.
  2017 352  3 40 31 487 352.153142219       0.47      2.45     -0.25  0.       -1928.123       6355.087       6901.469    0.000  -0.138   0.380   0.
  2017 352  3 40 32 487 352.153153793      -1.31      2.83     -0.24  0.       -1929.407       6355.615       6900.767    0.000  -0.138   0.380   0.
  2017 352  3 40 33 487 352.153165367       0.22      2.52      0.53  0.       -1930.691       6356.142       6900.064    0.000  -0.138   0.380   0.
  2017 352  3 40 34 487 352.153176939      -0.01      2.18      0.27  0.       -1931.975       6356.669       6899.361    0.000  -0.138   0.380   0.
  2017 352  3 40 35 487 352.153188513      -0.77      2.34     -1.55  0.       -1933.259       6357.195       6898.658    0.000  -0.138   0.380   0.
  2017 352  3 40 36 487 352.153200087      -1.81      3.97     -0.71  0.       -1934.543       6357.721       6897.954    0.000  -0.138   0.380   0.
  2017 352  3 40 37 487 352.153211661       0.05      1.34      1.22  0.       -1935.826       6358.247       6897.250    0.000  -0.138   0.380   0.
  2017 352  3 40 38 487 352.153223235      -0.40      2.04      0.44  0.       -1937.110       6358.773       6896.546    0.000  -0.138   0.380   0.
  2017 352  3 40 39 487 352.153234809      -0.46      2.09     -0.53  0.       -1938.393       6359.298       6895.841    0.000  -0.138   0.380   0.
  2017 352  3 40 40 487 352.153246383      -0.94      1.89     -0.52  0.       -1939.676       6359.823       6895.136    0.000  -0.138   0.380   0.
  2017 352  3 40 41 487 352.153257957      -0.73      3.68     -0.74  0.       -1940.959       6360.348       6894.431    0.000  -0.138   0.380   0.
  2017 352  3 40 42 487 352.153269531      -2.17      2.52     -0.00  0.       -1942.242       6360.872       6893.725    0.000  -0.138   0.380   0.
  2017 352  3 40 43 487 352.153281105      -0.14      2.29     -0.60  0.       -1943.525       6361.396       6893.019    0.000  -0.138   0.380   0.
  2017 352  3 40 44 487 352.153292679      -1.59      1.87     -0.62  0.       -1944.808       6361.920       6892.313    0.000  -0.138   0.380   0.
  2017 352  3 40 45 487 352.153304253      -0.83      2.84     -0.79  0.       -1946.091       6362.444       6891.606    0.000  -0.138   0.380   0.
  2017 352  3 40 46 487 352.153315828      -0.36      1.98      0.38  0.       -1947.374       6362.967       6890.899    0.000  -0.138   0.380   0.
  2017 352  3 40 47 487 352.153327402      -0.01      2.21      0.26  0.       -1948.656       6363.489       6890.192    0.000  -0.138   0.380   0.
  2017 352  3 40 48 487 352.153338976      -1.38      3.11     -0.15  0.       -1949.939       6364.012       6889.484    0.000  -0.138   0.380   0.
  2017 352  3 40 49 487 352.153350550      -1.43      2.65      0.56  0.       -1951.221       6364.534       6888.776    0.000  -0.138   0.380   0.
  2017 352  3 40 50 487 352.153362124      -0.77      3.52     -0.62  0.       -1952.504       6365.056       6888.067    0.000  -0.138   0.380   0.
  2017 352  3 40 51 487 352.153373698      -1.12      2.50      0.33  0.       -1953.786       6365.578       6887.359    0.000  -0.138   0.380   0.
  2017 352  3 40 52 487 352.153385272      -0.48      2.32      0.31  0.       -1955.068       6366.099       6886.649    0.000  -0.138   0.380   0.
  2017 352  3 40 53 487 352.153396846      -0.88      1.89     -0.16  0.       -1956.350       6366.620       6885.940    0.000  -0.138   0.380   0.
  2017 352  3 40 54 487 352.153408420      -0.32      2.01     -0.22  0.       -1957.632       6367.141       6885.230    0.000  -0.138   0.380   0.
  2017 352  3 40 55 487 352.153419994       0.40      2.48     -0.77  0.       -1958.914       6367.661       6884.520    0.000  -0.138   0.380   0.
  2017 352  3 40 56 487 352.153431568      -1.05      2.25     -0.57  0.       -1960.196       6368.181       6883.810    0.000  -0.138   0.380   0.
  2017 352  3 40 57 487 352.153443142      -1.26      2.08     -0.69  0.       -1961.477       6368.701       6883.099    0.000  -0.138   0.380   0.
  2017 352  3 40 58 487 352.153454716      -0.71      2.19     -0.70  0.       -1962.759       6369.220       6882.388    0.000  -0.138   0.380   0.
  2017 352  3 40 59 487 352.153466290       1.14      3.19     -0.15  0.       -1964.040       6369.739       6881.677    0.000  -0.138   0.380   0.
  2017 352  3 41  0 487 352.153477865      -0.33      2.12     -0.07  0.       -1965.322       6370.258       6880.965    0.000  -0.138   0.380   0.
  2017 352  3 41  1 487 352.153489439      -0.12      2.66     -0.01  0.       -1966.603       6370.776       6880.253    0.000  -0.138   0.380   0.
  2017 352  3 41  2 487 352.153501013      -1.47      2.36     -0.40  0.       -1967.884       6371.295       6879.540    0.000  -0.138   0.380   0.
  2017 352  3 41  3 487 352.153512587      -1.41      2.16     -0.20  0.       -1969.165       6371.813       6878.828    0.000  -0.138   0.380   0.
  2017 352  3 41  4 487 352.153524159       0.01      2.56     -0.35  0.       -1970.446       6372.330       6878.115    0.000  -0.138   0.380   0.
  2017 352  3 41  5 487 352.153535732      -0.71      2.10     -0.27  0.       -1971.727       6372.847       6877.401    0.000  -0.138   0.380   0.
  2017 352  3 41  6 487 352.153547306      -1.01      2.22      0.47  0.       -1973.008       6373.364       6876.688    0.000  -0.138   0.380   0.
  2017 352  3 41  7 487 352.153558880      -0.14      2.94     -0.03  0.       -1974.289       6373.881       6875.973    0.000  -0.138   0.380   0.
  2017 352  3 41  8 487 352.153570454      -1.71      2.08     -0.90  0.       -1975.569       6374.397       6875.259    0.000  -0.138   0.380   0.
  2017 352  3 41  9 487 352.153582028      -0.58      2.41     -0.44  0.       -1976.850       6374.913       6874.544    0.000  -0.138   0.380   0.
  2017 352  3 41 10 487 352.153593602      -1.57      2.56     -1.25  0.       -1978.130       6375.429       6873.829    0.000  -0.138   0.380   0.
  2017 352  3 41 11 487 352.153605177      -2.07      1.76     -1.19  0.       -1979.411       6375.944       6873.114    0.000  -0.138   0.380   0.
  2017 352  3 41 12 487 352.153616751      -0.76      3.63     -0.11  0.       -1980.691       6376.459       6872.398    0.000  -0.138   0.380   0.
  2017 352  3 41 13 487 352.153628325      -1.10      2.33      0.96  0.       -1981.971       6376.974       6871.682    0.000  -0.138   0.380   0.
  2017 352  3 41 14 487 352.153639899      -1.11      3.26     -1.13  0.       -1983.251       6377.489       6870.965    0.000  -0.138   0.380   0.
  2017 352  3 41 15 487 352.153651473      -1.00      1.65      0.51  0.       -1984.531       6378.003       6870.249    0.000  -0.138   0.380   0.
  2017 352  3 41 16 487 352.153663047      -0.17      2.69     -0.53  0.       -1985.811       6378.517       6869.532    0.000  -0.138   0.380   0.
  2017 352  3 41 17 487 352.153674621       0.16      2.51      0.20  0.       -1987.090       6379.030       6868.814    0.000  -0.138   0.380   0.
  2017 352  3 41 18 487 352.153686195      -1.15      2.29     -0.31  0.       -1988.370       6379.543       6868.096    0.000  -0.138   0.380   0.
  2017 352  3 41 19 487 352.153697769      -0.14      1.48      0.36  0.       -1989.650       6380.056       6867.378    0.000  -0.138   0.380   0.
  2017 352  3 41 20 487 352.153709343      -0.64      2.66     -1.07  0.       -1990.929       6380.569       6866.660    0.000  -0.138   0.380   0.
  2017 352  3 41 21 487 352.153720917      -2.00      2.64      0.51  0.       -1992.208       6381.081       6865.941    0.000  -0.138   0.380   0.
  2017 352  3 41 22 487 352.153732491       0.09      2.21      0.77  0.       -1993.488       6381.593       6865.222    0.000  -0.138   0.380   0.
  2017 352  3 41 23 487 352.153744065      -0.74      3.11      0.42  0.       -1994.767       6382.105       6864.502    0.000  -0.138   0.380   0.
  2017 352  3 41 24 487 352.153755639      -0.79      1.92      1.74  0.       -1996.046       6382.616       6863.783    0.000  -0.138   0.380   0.
  2017 352  3 41 25 487 352.153767214      -0.60      2.22      0.08  0.       -1997.325       6383.127       6863.063    0.000  -0.138   0.380   0.
  2017 352  3 41 26 487 352.153778788      -0.75      3.51      0.25  0.       -1998.604       6383.638       6862.342    0.000  -0.138   0.380   0.
  2017 352  3 41 27 487 352.153790362      -0.66      2.44     -0.27  0.       -1999.883       6384.148       6861.621    0.000  -0.138   0.380   0.
  2017 352  3 41 28 487 352.153801936      -0.37      2.44     -0.47  0.       -2001.161       6384.659       6860.900    0.000  -0.138   0.380   0.
  2017 352  3 41 29 487 352.153813510      -0.95      1.93     -1.20  0.       -2002.440       6385.168       6860.179    0.000  -0.138   0.380   0.
  2017 352  3 41 30 487 352.153825084      -0.33      2.95     -0.89  0.       -2003.718       6385.678       6859.457    0.000  -0.138   0.380   0.
  2017 352  3 41 31 487 352.153836658      -0.71      2.68     -0.73  0.       -2004.997       6386.187       6858.735    0.000  -0.138   0.380   0.
  2017 352  3 41 32 487 352.153848232      -0.63      2.88     -1.04  0.       -2006.275       6386.696       6858.012    0.000  -0.138   0.380   0.
  2017 352  3 41 33 487 352.153859806      -0.66      2.26     -1.50  0.       -2007.553       6387.204       6857.290    0.000  -0.138   0.380   0.
  2017 352  3 41 34 486 352.153871378      -1.75      3.24     -1.34  0.       -2008.831       6387.713       6856.567    0.000  -0.138   0.380   0.
  2017 352  3 41 35 487 352.153882951      -2.41      3.78     -2.56  0.       -2010.109       6388.221       6855.843    0.000  -0.138   0.380   0.
  2017 352  3 41 36 487 352.153894525      -1.92      4.33     -2.08  0.       -2011.387       6388.728       6855.119    0.000  -0.138   0.380   0.
  2017 352  3 41 37 486 352.153906100      -2.23      5.44     -2.69  0.       -2012.665       6389.236       6854.395    0.000  -0.138   0.380   0.
  2017 352  3 41 38 486 352.153917674      -2.23      4.39     -1.79  0.       -2013.943       6389.743       6853.671    0.000  -0.138   0.380   0.
  2017 352  3 41 39 487 352.153929248      -0.45      2.96     -1.28  0.       -2015.220       6390.249       6852.946    0.000  -0.138   0.380   0.
  2017 352  3 41 40 487 352.153940822       0.10      4.77     -0.77  0.       -2016.498       6390.756       6852.221    0.000  -0.138   0.380   0.
  2017 352  3 41 41 487 352.153952396      -1.52      2.59     -0.73  0.       -2017.775       6391.262       6851.495    0.000  -0.138   0.380   0.
  2017 352  3 41 42 487 352.153963970      -1.31      3.10     -1.56  0.       -2019.052       6391.767       6850.770    0.000  -0.138   0.380   0.
  2017 352  3 41 43 487 352.153975544      -1.32      4.36      0.32  0.       -2020.330       6392.273       6850.044    0.000  -0.138   0.380   0.
  2017 352  3 41 44 486 352.153987118      -0.47      4.23      0.52  0.       -2021.607       6392.778       6849.317    0.000  -0.138   0.380   0.
  2017 352  3 41 45 486 352.153998692       0.68      3.36     -0.50  0.       -2022.884       6393.283       6848.590    0.000  -0.138   0.380   0.
  2017 352  3 41 46 486 352.154010266       0.38      3.52      0.53  0.       -2024.161       6393.787       6847.863    0.000  -0.138   0.380   0.
  2017 352  3 41 47 486 352.154021840      -0.54      3.62      1.03  0.       -2025.437       6394.292       6847.136    0.000  -0.138   0.380   0.
  2017 352  3 41 48 486 352.154033414      -0.45      3.34     -0.86  0.       -2026.714       6394.796       6846.408    0.000  -0.138   0.380   0.
  2017 352  3 41 49 487 352.154044988      -1.94      3.20     -1.37  0.       -2027.991       6395.299       6845.680    0.000  -0.138   0.380   0.
  2017 352  3 41 50 486 352.154056562      -1.57      4.08     -0.63  0.       -2029.267       6395.802       6844.951    0.000  -0.138   0.380   0.
  2017 352  3 41 51 486 352.154068137      -1.24      1.62     -2.23  0.       -2030.544       6396.305       6844.223    0.000  -0.138   0.380   0.
  2017 352  3 41 52 487 352.154079711      -1.37      3.80     -1.42  0.       -2031.820       6396.808       6843.494    0.000  -0.138   0.380   0.
  2017 352  3 41 53 487 352.154091285      -1.09      7.05     -0.27  0.       -2033.096       6397.310       6842.764    0.000  -0.138   0.380   0.
  2017 352  3 41 54 487 352.154102859      -2.91      4.05     -2.28  0.       -2034.372       6397.812       6842.034    0.000  -0.138   0.380   0.
  2017 352  3 41 55 487 352.154114433      -1.75      3.84     -2.79  0.       -2035.648       6398.314       6841.304    0.000  -0.138   0.380   0.
  2017 352  3 41 56 487 352.154126007      -0.06      4.89      1.05  0.       -2036.924       6398.815       6840.574    0.000  -0.138   0.380   0.
  2017 352  3 41 57 486 352.154137581       0.03      3.51      1.10  0.       -2038.200       6399.317       6839.843    0.000  -0.138   0.380   0.
  2017 352  3 41 58 486 352.154149155      -2.23      2.70     -1.45  0.       -2039.476       6399.818       6839.112    0.000  -0.138   0.380   0.
  2017 352  3 41 59 486 352.154160729      -1.44      4.06     -0.85  0.       -2040.751       6400.318       6838.380    0.000  -0.138   0.380   0.
  2017 352  3 42  0 486 352.154172303      -0.72      2.97     -0.36  0.       -2042.027       6400.818       6837.649    0.000  -0.138   0.380   0.
  2017 352  3 42  1 486 352.154183877      -1.27      2.71     -0.67  0.       -2043.302       6401.318       6836.917    0.000  -0.138   0.380   0.
  2017 352  3 42  2 487 352.154195451      -0.82      2.77     -0.20  0.       -2044.578       6401.818       6836.184    0.000  -0.138   0.380   0.
  2017 352  3 42  3 487 352.154207025      -0.53      2.93     -1.20  0.       -2045.853       6402.317       6835.451    0.000  -0.138   0.380   0.
  2017 352  3 42  4 486 352.154218597      -0.94      2.99     -1.33  0.       -2047.128       6402.816       6834.718    0.000  -0.138   0.380   0.
  2017 352  3 42  5 486 352.154230171      -0.77      2.82     -1.14  0.       -2048.403       6403.314       6833.985    0.000  -0.138   0.380   0.
  2017 352  3 42  6 486 352.154241745      -1.63      4.16     -2.71  0.       -2049.678       6403.813       6833.251    0.000  -0.138   0.380   0.
  2017 352  3 42  7 486 352.154253319      -1.74      3.81     -0.83  0.       -2050.953       6404.311       6832.517    0.000  -0.138   0.380   0.
  2017 352  3 42  8 486 352.154264893      -1.00      3.15      0.09  0.       -2052.228       6404.808       6831.782    0.000  -0.138   0.380   0.
  2017 352  3 42  9 486 352.154276467      -0.42      2.33     -0.45  0.       -2053.502       6405.306       6831.048    0.000  -0.138   0.380   0.
  2017 352  3 42 10 486 352.154288041      -1.33      2.34     -0.58  0.       -2054.777       6405.803       6830.312    0.000  -0.138   0.380   0.
  2017 352  3 42 11 486 352.154299615      -1.56      3.79      0.06  0.       -2056.051       6406.300       6829.577    0.000  -0.138   0.380   0.
  2017 352  3 42 12 486 352.154311189      -2.69      3.88     -1.46  0.       -2057.326       6406.796       6828.842    0.000  -0.138   0.380   0.
  2017 352  3 42 13 486 352.154322763      -4.03      4.80     -3.45  0.       -2058.600       6407.292       6828.105    0.000  -0.138   0.380   0.
  2017 352  3 42 14 486 352.154334337      -4.06      7.09     -1.82  0.       -2059.874       6407.788       6827.369    0.000  -0.138   0.380   0.
  2017 352  3 42 15 486 352.154345911      -3.19      4.03     -2.89  0.       -2061.148       6408.283       6826.632    0.000  -0.138   0.380   0.
  2017 352  3 42 16 486 352.154357486      -3.55      5.92     -2.85  0.       -2062.422       6408.779       6825.895    0.000  -0.138   0.380   0.
  2017 352  3 42 17 486 352.154369060      -3.86      8.02     -0.96  0.       -2063.696       6409.274       6825.158    0.000  -0.138   0.380   0.
  2017 352  3 42 18 486 352.154380634      -1.97      6.22      0.73  0.       -2064.969       6409.768       6824.420    0.000  -0.138   0.380   0.
  2017 352  3 42 19 486 352.154392208      -1.06      2.70     -0.83  0.       -2066.243       6410.262       6823.682    0.000  -0.138   0.380   0.
  2017 352  3 42 20 486 352.154403782      -1.46      4.07     -1.39  0.       -2067.517       6410.756       6822.943    0.000  -0.138   0.380   0.
  2017 352  3 42 21 486 352.154415356      -2.91      2.09     -2.21  0.       -2068.790       6411.250       6822.205    0.000  -0.138   0.380   0.
  2017 352  3 42 22 486 352.154426930      -3.26      5.07      0.55  0.       -2070.063       6411.743       6821.466    0.000  -0.138   0.380   0.
  2017 352  3 42 23 486 352.154438504      -4.07      6.48      0.51  0.       -2071.337       6412.236       6820.726    0.000  -0.138   0.380   0.
  2017 352  3 42 24 486 352.154450078      -3.32      6.01     -1.76  0.       -2072.610       6412.729       6819.986    0.000  -0.138   0.380   0.
  2017 352  3 42 25 486 352.154461652      -2.80      5.49     -2.13  0.       -2073.883       6413.221       6819.246    0.000  -0.138   0.380   0.
  2017 352  3 42 26 486 352.154473226      -3.39      5.34     -1.57  0.       -2075.156       6413.713       6818.506    0.000  -0.138   0.380   0.
  2017 352  3 42 27 486 352.154484800      -2.90      6.34      0.74  0.       -2076.429       6414.205       6817.765    0.000  -0.138   0.380   0.
  2017 352  3 42 28 486 352.154496374      -3.35      5.23      1.38  0.       -2077.701       6414.697       6817.024    0.000  -0.138   0.380   0.
  2017 352  3 42 29 486 352.154507948      -1.37      5.27      1.83  0.       -2078.974       6415.188       6816.283    0.000  -0.138   0.380   0.
  2017 352  3 42 30 486 352.154519523      -3.91      4.89     -0.61  0.       -2080.246       6415.679       6815.541    0.000  -0.138   0.380   0.
  2017 352  3 42 31 486 352.154531097      -2.83      6.58      1.46  0.       -2081.519       6416.169       6814.799    0.000  -0.138   0.380   0.
  2017 352  3 42 32 486 352.154542671      -3.71      4.92      0.42  0.       -2082.791       6416.659       6814.057    0.000  -0.138   0.380   0.
  2017 352  3 42 33 486 352.154554245      -4.16      6.44      1.77  0.       -2084.063       6417.149       6813.314    0.000  -0.138   0.380   0.
  2017 352  3 42 34 486 352.154565817      -2.46      5.20     -0.87  0.       -2085.336       6417.639       6812.571    0.000  -0.138   0.380   0.
  2017 352  3 42 35 486 352.154577390      -2.34      4.81     -1.22  0.       -2086.608       6418.128       6811.827    0.000  -0.138   0.380   0.
  2017 352  3 42 36 486 352.154588964      -3.77      4.88      0.52  0.       -2087.879       6418.617       6811.084    0.000  -0.138   0.380   0.
  2017 352  3 42 37 486 352.154600538      -3.60      4.99      1.20  0.       -2089.151       6419.106       6810.340    0.000  -0.138   0.380   0.
  2017 352  3 42 38 486 352.154612112      -3.36      4.82      0.83  0.       -2090.423       6419.594       6809.595    0.000  -0.138   0.380   0.
  2017 352  3 42 39 486 352.154623686      -2.15      4.47      1.00  0.       -2091.695       6420.082       6808.851    0.000  -0.138   0.380   0.
  2017 352  3 42 40 486 352.154635260      -2.36      4.61      1.10  0.       -2092.966       6420.570       6808.106    0.000  -0.138   0.380   0.
  2017 352  3 42 41 486 352.154646834      -2.83      4.09     -0.72  0.       -2094.237       6421.057       6807.360    0.000  -0.138   0.380   0.
  2017 352  3 42 42 486 352.154658409      -1.44      3.05     -0.75  0.       -2095.509       6421.544       6806.614    0.000  -0.138   0.380   0.
  2017 352  3 42 43 486 352.154669983      -2.29      3.33      0.08  0.       -2096.780       6422.031       6805.868    0.000  -0.138   0.380   0.
  2017 352  3 42 44 486 352.154681557      -2.04      2.98     -0.92  0.       -2098.051       6422.518       6805.122    0.000  -0.138   0.380   0.
  2017 352  3 42 45 486 352.154693131      -3.24      4.24     -1.16  0.       -2099.322       6423.004       6804.375    0.000  -0.138   0.380   0.
  2017 352  3 42 46 486 352.154704705      -3.28      5.64     -0.99  0.       -2100.593       6423.490       6803.628    0.000  -0.138   0.380   0.
  2017 352  3 42 47 486 352.154716279      -2.64      5.60      0.22  0.       -2101.864       6423.975       6802.881    0.000  -0.138   0.380   0.
  2017 352  3 42 48 486 352.154727853      -3.31      5.16     -2.15  0.       -2103.135       6424.461       6802.133    0.000  -0.138   0.380   0.
  2017 352  3 42 49 486 352.154739427      -3.54      6.26     -1.99  0.       -2104.405       6424.945       6801.385    0.000  -0.138   0.380   0.
  2017 352  3 42 50 486 352.154751001      -2.99      5.44     -1.37  0.       -2105.676       6425.430       6800.637    0.000  -0.138   0.380   0.
  2017 352  3 42 51 486 352.154762575      -2.25      5.34     -0.59  0.       -2106.946       6425.914       6799.888    0.000  -0.138   0.380   0.
  2017 352  3 42 52 486 352.154774149      -4.05      4.31     -1.77  0.       -2108.216       6426.398       6799.139    0.000  -0.138   0.380   0.
  2017 352  3 42 53 486 352.154785723      -4.24      5.90     -2.47  0.       -2109.486       6426.882       6798.390    0.000  -0.138   0.380   0.
  2017 352  3 42 54 486 352.154797297      -4.32      5.51     -1.16  0.       -2110.757       6427.365       6797.640    0.000  -0.138   0.380   0.
  2017 352  3 42 55 486 352.154808871      -3.78      4.55      1.15  0.       -2112.027       6427.848       6796.890    0.000  -0.138   0.380   0.
  2017 352  3 42 56 486 352.154820446      -4.45      5.22      3.56  0.       -2113.296       6428.331       6796.140    0.000  -0.138   0.380   0.
  2017 352  3 42 57 486 352.154832020      -3.50      6.76      3.20  0.       -2114.566       6428.814       6795.389    0.000  -0.138   0.380   0.
  2017 352  3 42 58 486 352.154843594      -2.01      5.51      0.57  0.       -2115.836       6429.296       6794.638    0.000  -0.138   0.380   0.
  2017 352  3 42 59 486 352.154855168      -1.39      5.61      1.94  0.       -2117.105       6429.778       6793.887    0.000  -0.138   0.380   0.
  2017 352  3 43  0 486 352.154866742      -1.28      6.22      1.80  0.       -2118.375       6430.259       6793.135    0.000  -0.138   0.380   0.
  2017 352  3 43  1 486 352.154878316      -2.06      4.62      0.22  0.       -2119.644       6430.740       6792.383    0.000  -0.138   0.380   0.
  2017 352  3 43  2 486 352.154889890      -2.07      5.30      1.35  0.       -2120.914       6431.221       6791.631    0.000  -0.138   0.380   0.
  2017 352  3 43  3 486 352.154901464      -1.95      5.41      0.64  0.       -2122.183       6431.702       6790.878    0.000  -0.138   0.380   0.
  2017 352  3 43  4 486 352.154913036      -3.43      4.29     -0.87  0.       -2123.452       6432.181       6790.125    0.000  -0.138   0.380   0.
  2017 352  3 43  5 486 352.154924609      -2.70      6.30     -0.80  0.       -2124.721       6432.661       6789.372    0.000  -0.138   0.380   0.
  2017 352  3 43  6 486 352.154936183      -2.10      5.45     -0.53  0.       -2125.990       6433.142       6788.619    0.000  -0.138   0.380   0.
  2017 352  3 43  7 486 352.154947758      -4.85      5.57     -0.21  0.       -2127.258       6433.621       6787.865    0.000  -0.138   0.380   0.
  2017 352  3 43  8 486 352.154959332      -4.37      5.25      1.25  0.       -2128.527       6434.100       6787.110    0.000  -0.138   0.380   0.
  2017 352  3 43  9 486 352.154970906      -2.05      3.99      0.05  0.       -2129.795       6434.578       6786.356    0.000  -0.138   0.380   0.
  2017 352  3 43 10 486 352.154982480      -1.82      3.05     -0.03  0.       -2131.064       6435.057       6785.601    0.000  -0.138   0.380   0.
  2017 352  3 43 11 486 352.154994054      -1.19      3.67      0.37  0.       -2132.332       6435.535       6784.845    0.000  -0.138   0.380   0.
  2017 352  3 43 12 486 352.155005628      -2.45      4.92      0.45  0.       -2133.600       6436.013       6784.090    0.000  -0.138   0.380   0.
  2017 352  3 43 13 486 352.155017202      -3.55      2.57      0.21  0.       -2134.869       6436.490       6783.334    0.000  -0.138   0.380   0.
  2017 352  3 43 14 486 352.155028776      -4.30      4.77     -0.87  0.       -2136.137       6436.967       6782.578    0.000  -0.138   0.380   0.
  2017 352  3 43 15 486 352.155040350      -5.15      7.04      0.34  0.       -2137.405       6437.444       6781.821    0.000  -0.138   0.380   0.
  2017 352  3 43 16 486 352.155051924      -3.87      7.14      0.28  0.       -2138.672       6437.920       6781.064    0.000  -0.138   0.380   0.
  2017 352  3 43 17 486 352.155063498      -2.24      4.89      0.65  0.       -2139.940       6438.397       6780.307    0.000  -0.138   0.380   0.
  2017 352  3 43 18 486 352.155075072      -2.61      3.64     -0.03  0.       -2141.208       6438.872       6779.549    0.000  -0.138   0.380   0.
  2017 352  3 43 19 486 352.155086646      -0.78      3.95     -0.80  0.       -2142.475       6439.348       6778.791    0.000  -0.138   0.380   0.
  2017 352  3 43 20 486 352.155098221      -2.63      3.68     -0.21  0.       -2143.743       6439.823       6778.033    0.000  -0.138   0.380   0.
  2017 352  3 43 21 486 352.155109795      -3.93      4.59     -0.87  0.       -2145.010       6440.298       6777.275    0.000  -0.138   0.380   0.
  2017 352  3 43 22 486 352.155121369      -3.91      4.47     -0.22  0.       -2146.277       6440.773       6776.516    0.000  -0.138   0.380   0.
  2017 352  3 43 23 486 352.155132943      -3.35      5.44      0.83  0.       -2147.544       6441.247       6775.757    0.000  -0.138   0.380   0.
  2017 352  3 43 24 486 352.155144517      -2.85      5.03      1.12  0.       -2148.811       6441.721       6774.997    0.000  -0.138   0.380   0.
  2017 352  3 43 25 486 352.155156091      -2.20      3.43      0.38  0.       -2150.078       6442.195       6774.237    0.000  -0.138   0.380   0.
  2017 352  3 43 26 486 352.155167665      -2.36      3.05      0.04  0.       -2151.345       6442.668       6773.477    0.000  -0.138   0.380   0.
  2017 352  3 43 27 486 352.155179239      -1.86      5.67      0.25  0.       -2152.611       6443.141       6772.716    0.000  -0.138   0.380   0.
  2017 352  3 43 28 486 352.155190813      -1.91      3.40     -0.55  0.       -2153.878       6443.614       6771.956    0.000  -0.138   0.380   0.
  2017 352  3 43 29 486 352.155202387      -2.19      5.67      1.21  0.       -2155.144       6444.086       6771.194    0.000  -0.138   0.380   0.
  2017 352  3 43 30 486 352.155213961      -2.48      6.16     -0.28  0.       -2156.411       6444.559       6770.433    0.000  -0.138   0.380   0.
  2017 352  3 43 31 486 352.155225535      -2.49      2.68     -0.00  0.       -2157.677       6445.030       6769.671    0.000  -0.138   0.380   0.
  2017 352  3 43 32 486 352.155237107      -2.07      2.36     -0.88  0.       -2158.943       6445.502       6768.909    0.000  -0.138   0.380   0.
  2017 352  3 43 33 485 352.155248681      -0.47      4.38     -0.17  0.       -2160.209       6445.973       6768.146    0.000  -0.138   0.380   0.
  2017 352  3 43 34 485 352.155260255      -2.25      4.55     -0.40  0.       -2161.475       6446.444       6767.383    0.000  -0.138   0.380   0.
  2017 352  3 43 35 486 352.155271829      -3.08      2.40     -0.21  0.       -2162.741       6446.914       6766.620    0.000  -0.138   0.380   0.
  2017 352  3 43 36 486 352.155283403      -2.57      3.03     -0.32  0.       -2164.007       6447.385       6765.857    0.000  -0.138   0.380   0.
  2017 352  3 43 37 486 352.155294977      -2.51      3.96     -0.28  0.       -2165.272       6447.855       6765.093    0.000  -0.138   0.380   0.
  2017 352  3 43 38 486 352.155306551      -2.57      4.39     -0.04  0.       -2166.538       6448.324       6764.329    0.000  -0.138   0.380   0.
  2017 352  3 43 39 486 352.155318125      -3.06      4.20     -0.10  0.       -2167.803       6448.794       6763.564    0.000  -0.138   0.380   0.
  2017 352  3 43 40 485 352.155329699      -2.33      6.96     -0.76  0.       -2169.069       6449.263       6762.799    0.000  -0.138   0.380   0.
  2017 352  3 43 41 485 352.155341273      -2.23      6.39      0.16  0.       -2170.334       6449.731       6762.034    0.000  -0.138   0.380   0.
  2017 352  3 43 42 485 352.155352847      -0.29      6.50     -1.12  0.       -2171.599       6450.200       6761.269    0.000  -0.138   0.380   0.
  2017 352  3 43 43 485 352.155364421      -1.49      2.10     -1.20  0.       -2172.864       6450.668       6760.503    0.000  -0.138   0.380   0.
  2017 352  3 43 44 486 352.155375995      -2.03      3.76     -2.51  0.       -2174.129       6451.136       6759.737    0.000  -0.138   0.380   0.
  2017 352  3 43 45 486 352.155387569      -1.75      4.23     -2.32  0.       -2175.394       6451.603       6758.971    0.000  -0.138   0.380   0.
  2017 352  3 43 46 485 352.155399144      -0.68      3.11     -0.74  0.       -2176.658       6452.070       6758.204    0.000  -0.138   0.380   0.
  2017 352  3 43 47 485 352.155410718      -0.86      2.93     -1.34  0.       -2177.923       6452.537       6757.437    0.000  -0.138   0.380   0.
  2017 352  3 43 48 486 352.155422292       0.39      3.43     -1.07  0.       -2179.187       6453.003       6756.669    0.000  -0.138   0.380   0.
  2017 352  3 43 49 486 352.155433866      -1.20      4.76     -1.46  0.       -2180.452       6453.470       6755.901    0.000  -0.138   0.380   0.
  2017 352  3 43 50 486 352.155445440      -1.16      3.13     -0.33  0.       -2181.716       6453.935       6755.133    0.000  -0.138   0.380   0.
  2017 352  3 43 51 486 352.155457014      -0.34      2.71     -0.44  0.       -2182.980       6454.401       6754.365    0.000  -0.138   0.380   0.
  2017 352  3 43 52 486 352.155468588      -1.29      3.51     -0.88  0.       -2184.244       6454.866       6753.596    0.000  -0.138   0.380   0.
  2017 352  3 43 53 485 352.155480162      -0.10      4.57     -0.98  0.       -2185.508       6455.331       6752.827    0.000  -0.138   0.380   0.
  2017 352  3 43 54 485 352.155491736      -1.01      2.38      0.25  0.       -2186.772       6455.796       6752.058    0.000  -0.138   0.380   0.
  2017 352  3 43 55 485 352.155503310       2.07      4.31     -0.75  0.       -2188.036       6456.260       6751.288    0.000  -0.138   0.380   0.
  2017 352  3 43 56 485 352.155514884      -2.19      1.77     -1.93  0.       -2189.299       6456.724       6750.518    0.000  -0.138   0.380   0.
  2017 352  3 43 57 485 352.155526458      -3.46      1.50     -2.79  0.       -2190.563       6457.188       6749.748    0.000  -0.138   0.380   0.
  2017 352  3 43 58 486 352.155538032      -2.75      2.75     -1.67  0.       -2191.826       6457.651       6748.977    0.000  -0.138   0.380   0.
  2017 352  3 43 59 486 352.155549607      -2.67      6.40     -1.28  0.       -2193.089       6458.114       6748.206    0.000  -0.138   0.380   0.
  2017 352  3 44  0 485 352.155561181      -2.46      7.56      0.12  0.       -2194.353       6458.577       6747.434    0.000  -0.138   0.380   0.
  2017 352  3 44  1 485 352.155572755      -1.38      5.94      0.66  0.       -2195.616       6459.039       6746.663    0.000  -0.138   0.380   0.
  2017 352  3 44  2 486 352.155584327      -1.05      3.38     -1.56  0.       -2196.879       6459.502       6745.891    0.000  -0.138   0.380   0.
  2017 352  3 44  3 485 352.155595900      -1.05      3.20     -0.33  0.       -2198.142       6459.963       6745.118    0.000  -0.138   0.380   0.
  2017 352  3 44  4 485 352.155607474      -1.53      3.90     -0.51  0.       -2199.404       6460.425       6744.346    0.000  -0.138   0.380   0.
  2017 352  3 44  5 485 352.155619048      -1.68      1.81     -1.55  0.       -2200.667       6460.886       6743.573    0.000  -0.138   0.380   0.
  2017 352  3 44  6 485 352.155630622      -2.89      4.09     -0.91  0.       -2201.930       6461.347       6742.799    0.000  -0.138   0.380   0.
  2017 352  3 44  7 485 352.155642196      -2.47      5.45     -0.87  0.       -2203.192       6461.807       6742.026    0.000  -0.138   0.380   0.
  2017 352  3 44  8 485 352.155653770      -2.76      3.08     -2.20  0.       -2204.454       6462.268       6741.252    0.000  -0.138   0.380   0.
  2017 352  3 44  9 485 352.155665344      -2.41      3.45     -0.45  0.       -2205.716       6462.728       6740.478    0.000  -0.138   0.380   0.
  2017 352  3 44 10 485 352.155676918      -0.58      5.43     -0.21  0.       -2206.979       6463.187       6739.703    0.000  -0.138   0.380   0.
  2017 352  3 44 11 485 352.155688492      -1.35      4.53     -1.15  0.       -2208.241       6463.647       6738.928    0.000  -0.138   0.380   0.
  2017 352  3 44 12 485 352.155700067      -5.20      3.34     -1.67  0.       -2209.503       6464.105       6738.153    0.000  -0.138   0.380   0.
  2017 352  3 44 13 485 352.155711641      -4.88      5.39     -0.62  0.       -2210.764       6464.564       6737.377    0.000  -0.138   0.380   0.
  2017 352  3 44 14 485 352.155723215      -5.23      4.97      0.60  0.       -2212.026       6465.023       6736.601    0.000  -0.138   0.380   0.
  2017 352  3 44 15 485 352.155734789      -4.14      3.62      0.44  0.       -2213.288       6465.481       6735.825    0.000  -0.138   0.380   0.
  2017 352  3 44 16 485 352.155746363      -2.79      1.62      0.68  0.       -2214.549       6465.938       6735.048    0.000  -0.138   0.380   0.
  2017 352  3 44 17 485 352.155757937      -2.56      1.75     -0.34  0.       -2215.811       6466.396       6734.271    0.000  -0.138   0.380   0.
  2017 352  3 44 18 485 352.155769511      -2.94      3.44      0.25  0.       -2217.072       6466.853       6733.494    0.000  -0.138   0.380   0.
  2017 352  3 44 19 485 352.155781085      -0.65      5.31     -0.06  0.       -2218.333       6467.310       6732.717    0.000  -0.138   0.380   0.
  2017 352  3 44 20 485 352.155792659      -0.99      4.43     -0.56  0.       -2219.594       6467.766       6731.939    0.000  -0.138   0.380   0.
  2017 352  3 44 21 485 352.155804233      -2.11      3.29      0.60  0.       -2220.855       6468.222       6731.160    0.000  -0.138   0.380   0.
  2017 352  3 44 22 485 352.155815807      -2.07      4.21     -0.66  0.       -2222.116       6468.678       6730.382    0.000  -0.138   0.380   0.
  2017 352  3 44 23 485 352.155827381      -1.94      4.86      0.60  0.       -2223.376       6469.134       6729.603    0.000  -0.138   0.380   0.
  2017 352  3 44 24 485 352.155838955      -1.89      3.92     -0.87  0.       -2224.637       6469.589       6728.824    0.000  -0.138   0.380   0.
  2017 352  3 44 25 485 352.155850529      -2.10      5.59      0.78  0.       -2225.898       6470.044       6728.044    0.000  -0.138   0.380   0.
  2017 352  3 44 26 485 352.155862104      -2.13      3.83     -1.79  0.       -2227.158       6470.499       6727.264    0.000  -0.138   0.380   0.
  2017 352  3 44 27 485 352.155873678       0.03      2.66     -0.61  0.       -2228.418       6470.953       6726.484    0.000  -0.138   0.380   0.
  2017 352  3 44 28 485 352.155885252      -2.26      4.18     -0.34  0.       -2229.679       6471.407       6725.704    0.000  -0.138   0.380   0.
  2017 352  3 44 29 485 352.155896826      -0.75      3.07      0.15  0.       -2230.939       6471.860       6724.923    0.000  -0.138   0.380   0.
  2017 352  3 44 30 485 352.155908400      -1.20      3.57     -0.61  0.       -2232.199       6472.314       6724.142    0.000  -0.138   0.380   0.
  2017 352  3 44 31 485 352.155919974      -3.39      2.89     -0.91  0.       -2233.459       6472.767       6723.360    0.000  -0.138   0.380   0.
  2017 352  3 44 32 485 352.155931546      -2.20      3.43     -1.61  0.       -2234.718       6473.220       6722.578    0.000  -0.138   0.380   0.
  2017 352  3 44 33 485 352.155943119       0.16      4.50     -1.02  0.       -2235.978       6473.672       6721.796    0.000  -0.138   0.380   0.
  2017 352  3 44 34 485 352.155954693      -0.57      2.36     -0.95  0.       -2237.237       6474.124       6721.014    0.000  -0.138   0.380   0.
  2017 352  3 44 35 485 352.155966267      -1.28      2.75     -0.82  0.       -2238.497       6474.576       6720.231    0.000  -0.138   0.380   0.
  2017 352  3 44 36 485 352.155977841      -2.21      4.21     -0.34  0.       -2239.756       6475.027       6719.448    0.000  -0.138   0.380   0.
  2017 352  3 44 37 485 352.155989416      -1.16      4.41      1.31  0.       -2241.015       6475.478       6718.664    0.000  -0.138   0.380   0.
  2017 352  3 44 38 485 352.156000990      -0.29      3.20      0.15  0.       -2242.275       6475.929       6717.880    0.000  -0.138   0.380   0.
  2017 352  3 44 39 485 352.156012564      -0.20      1.69      0.03  0.       -2243.534       6476.380       6717.097    0.000  -0.138   0.380   0.
  2017 352  3 44 40 485 352.156024138      -2.27      3.45     -2.17  0.       -2244.792       6476.830       6716.312    0.000  -0.138   0.380   0.
  2017 352  3 44 41 485 352.156035712      -3.45      3.91     -0.59  0.       -2246.051       6477.280       6715.527    0.000  -0.138   0.380   0.
  2017 352  3 44 42 485 352.156047286      -1.42      3.18     -0.11  0.       -2247.310       6477.730       6714.742    0.000  -0.138   0.380   0.
  2017 352  3 44 43 485 352.156058860      -1.87      3.29      0.00  0.       -2248.568       6478.179       6713.957    0.000  -0.138   0.380   0.
  2017 352  3 44 44 485 352.156070434      -0.57      2.44     -1.03  0.       -2249.827       6478.628       6713.171    0.000  -0.138   0.380   0.
  2017 352  3 44 45 485 352.156082008      -0.56      2.64      0.24  0.       -2251.085       6479.077       6712.385    0.000  -0.138   0.380   0.
  2017 352  3 44 46 485 352.156093582      -1.61      3.12     -0.66  0.       -2252.343       6479.525       6711.599    0.000  -0.138   0.380   0.
  2017 352  3 44 47 485 352.156105156      -1.09      2.00     -1.58  0.       -2253.602       6479.973       6710.812    0.000  -0.138   0.380   0.
  2017 352  3 44 48 485 352.156116730      -0.29      4.40     -0.51  0.       -2254.860       6480.421       6710.025    0.000  -0.138   0.380   0.
  2017 352  3 44 49 485 352.156128304      -2.28      2.77      0.41  0.       -2256.117       6480.868       6709.238    0.000  -0.138   0.380   0.
  2017 352  3 44 50 485 352.156139879      -2.03      4.41      0.28  0.       -2257.375       6481.315       6708.450    0.000  -0.138   0.380   0.
  2017 352  3 44 51 485 352.156151453      -0.48      3.31      0.66  0.       -2258.633       6481.762       6707.662    0.000  -0.138   0.380   0.
  2017 352  3 44 52 485 352.156163027       0.76      3.61     -1.50  0.       -2259.891       6482.208       6706.874    0.000  -0.138   0.380   0.
  2017 352  3 44 53 485 352.156174601      -0.74      1.58     -0.91  0.       -2261.148       6482.654       6706.085    0.000  -0.138   0.380   0.
  2017 352  3 44 54 485 352.156186175      -1.67      1.88     -1.39  0.       -2262.405       6483.100       6705.296    0.000  -0.138   0.380   0.
  2017 352  3 44 55 485 352.156197749      -0.36      5.83     -0.04  0.       -2263.663       6483.546       6704.507    0.000  -0.138   0.380   0.
  2017 352  3 44 56 485 352.156209323      -0.90      2.50     -0.64  0.       -2264.920       6483.991       6703.717    0.000  -0.138   0.380   0.
  2017 352  3 44 57 485 352.156220897      -0.56      2.96      0.63  0.       -2266.177       6484.436       6702.927    0.000  -0.138   0.380   0.
  2017 352  3 44 58 485 352.156232471       1.88      4.47     -0.56  0.       -2267.434       6484.880       6702.137    0.000  -0.138   0.380   0.
  2017 352  3 44 59 485 352.156244045      -2.70      1.15     -0.21  0.       -2268.691       6485.325       6701.346    0.000  -0.138   0.380   0.
  2017 352  3 45  0 485 352.156255619      -1.95      2.14     -0.95  0.       -2269.947       6485.769       6700.555    0.000  -0.138   0.380   0.
  2017 352  3 45  1 485 352.156267193       0.63      3.89      0.23  0.       -2271.204       6486.212       6699.764    0.000  -0.138   0.380   0.
  2017 352  3 45  2 485 352.156278767       1.06      3.52      1.00  0.       -2272.460       6486.656       6698.973    0.000  -0.138   0.380   0.
  2017 352  3 45  3 485 352.156290341       0.10      2.29     -1.10  0.       -2273.717       6487.099       6698.181    0.000  -0.138   0.380   0.
  2017 352  3 45  4 485 352.156301913      -0.70      2.67     -1.66  0.       -2274.973       6487.541       6697.389    0.000  -0.138   0.380   0.
  2017 352  3 45  5 485 352.156313487      -0.93      1.90     -1.04  0.       -2276.229       6487.984       6696.596    0.000  -0.138   0.380   0.
  2017 352  3 45  6 485 352.156325061      -1.09      2.31     -1.25  0.       -2277.485       6488.426       6695.803    0.000  -0.138   0.380   0.
  2017 352  3 45  7 485 352.156336635      -2.19      2.50     -0.24  0.       -2278.741       6488.867       6695.010    0.000  -0.138   0.380   0.
  2017 352  3 45  8 485 352.156348209      -1.94      3.17     -0.72  0.       -2279.997       6489.309       6694.216    0.000  -0.138   0.380   0.
  2017 352  3 45  9 485 352.156359783      -1.57      3.54     -1.26  0.       -2281.253       6489.750       6693.423    0.000  -0.138   0.380   0.
  2017 352  3 45 10 485 352.156371357      -1.48      3.75     -2.11  0.       -2282.508       6490.191       6692.628    0.000  -0.138   0.380   0.
  2017 352  3 45 11 485 352.156382931      -1.36      2.97      0.39  0.       -2283.764       6490.631       6691.834    0.000  -0.138   0.380   0.
  2017 352  3 45 12 485 352.156394505       0.35      2.48      1.29  0.       -2285.019       6491.072       6691.039    0.000  -0.138   0.380   0.
  2017 352  3 45 13 485 352.156406079       0.03      2.82      0.54  0.       -2286.274       6491.511       6690.244    0.000  -0.138   0.380   0.
  2017 352  3 45 14 485 352.156417653      -0.30      1.82      0.25  0.       -2287.530       6491.951       6689.449    0.000  -0.138   0.380   0.
  2017 352  3 45 15 485 352.156429227      -2.07      2.52      0.30  0.       -2288.785       6492.390       6688.653    0.000  -0.138   0.380   0.
  2017 352  3 45 16 485 352.156440802      -0.22      4.14      0.18  0.       -2290.040       6492.829       6687.857    0.000  -0.138   0.380   0.
  2017 352  3 45 17 485 352.156452376      -0.86      3.71     -1.01  0.       -2291.294       6493.268       6687.060    0.000  -0.138   0.380   0.
  2017 352  3 45 18 485 352.156463950      -2.04      2.40      0.24  0.       -2292.549       6493.706       6686.263    0.000  -0.138   0.380   0.
  2017 352  3 45 19 485 352.156475524      -2.55      1.74     -1.47  0.       -2293.804       6494.144       6685.466    0.000  -0.138   0.380   0.
  2017 352  3 45 20 485 352.156487098      -2.50      3.01     -0.10  0.       -2295.058       6494.582       6684.669    0.000  -0.138   0.380   0.
  2017 352  3 45 21 485 352.156498672      -0.91      5.13      0.12  0.       -2296.313       6495.019       6683.871    0.000  -0.138   0.380   0.
  2017 352  3 45 22 485 352.156510246      -0.59      5.67     -0.68  0.       -2297.567       6495.456       6683.073    0.000  -0.138   0.380   0.
  2017 352  3 45 23 485 352.156521820      -1.99      4.15     -0.31  0.       -2298.821       6495.893       6682.275    0.000  -0.138   0.380   0.
  2017 352  3 45 24 485 352.156533394      -1.96      3.87      0.00  0.       -2300.075       6496.329       6681.476    0.000  -0.138   0.380   0.
  2017 352  3 45 25 485 352.156544968      -2.89      1.66     -2.19  0.       -2301.329       6496.765       6680.677    0.000  -0.138   0.380   0.
  2017 352  3 45 26 485 352.156556542      -2.78      4.08     -2.11  0.       -2302.583       6497.201       6679.878    0.000  -0.138   0.380   0.
  2017 352  3 45 27 485 352.156568116      -3.35      6.71      0.46  0.       -2303.837       6497.636       6679.078    0.000  -0.138   0.380   0.
  2017 352  3 45 28 485 352.156579690      -3.78      5.01      2.00  0.       -2305.090       6498.072       6678.278    0.000  -0.138   0.380   0.
  2017 352  3 45 29 485 352.156591264      -3.87      4.57      1.12  0.       -2306.344       6498.506       6677.478    0.000  -0.138   0.380   0.
  2017 352  3 45 30 485 352.156602839      -5.69      4.57      0.34  0.       -2307.597       6498.941       6676.677    0.000  -0.138   0.380   0.
  2017 352  3 45 31 485 352.156614413      -5.03      4.50      1.04  0.       -2308.850       6499.375       6675.876    0.000  -0.138   0.380   0.
  2017 352  3 45 32 485 352.156625984      -4.42      6.25      1.09  0.       -2310.103       6499.809       6675.075    0.000  -0.138   0.380   0.
  2017 352  3 45 33 485 352.156637558      -4.14      7.32      0.98  0.       -2311.357       6500.243       6674.273    0.000  -0.138   0.380   0.
  2017 352  3 45 34 485 352.156649132      -2.18      3.58     -0.54  0.       -2312.609       6500.676       6673.471    0.000  -0.138   0.380   0.
  2017 352  3 45 35 484 352.156660706       0.26      3.39     -0.86  0.       -2313.862       6501.109       6672.669    0.000  -0.138   0.380   0.
  2017 352  3 45 36 484 352.156672280      -2.14      2.95     -0.95  0.       -2315.115       6501.541       6671.867    0.000  -0.138   0.380   0.
  2017 352  3 45 37 484 352.156683854      -5.10      4.43     -0.17  0.       -2316.368       6501.973       6671.064    0.000  -0.138   0.380   0.
  2017 352  3 45 38 484 352.156695428      -2.96      5.85      1.48  0.       -2317.620       6502.405       6670.260    0.000  -0.138   0.380   0.
  2017 352  3 45 39 484 352.156707002      -2.68      3.93      0.59  0.       -2318.872       6502.837       6669.457    0.000  -0.138   0.380   0.
  2017 352  3 45 40 485 352.156718576      -2.18      4.87      0.41  0.       -2320.125       6503.269       6668.653    0.000  -0.138   0.380   0.
  2017 352  3 45 41 485 352.156730150      -1.37      3.96     -0.18  0.       -2321.377       6503.700       6667.849    0.000  -0.138   0.380   0.
  2017 352  3 45 42 484 352.156741725      -2.68      3.35     -0.23  0.       -2322.629       6504.131       6667.044    0.000  -0.138   0.380   0.
  2017 352  3 45 43 484 352.156753299      -4.91      3.36     -0.20  0.       -2323.881       6504.561       6666.239    0.000  -0.138   0.380   0.
  2017 352  3 45 44 485 352.156764873      -5.38      5.35     -1.02  0.       -2325.133       6504.991       6665.434    0.000  -0.138   0.380   0.
  2017 352  3 45 45 485 352.156776447      -4.64      4.55     -0.37  0.       -2326.384       6505.421       6664.629    0.000  -0.138   0.380   0.
  2017 352  3 45 46 485 352.156788021      -3.27      2.17      0.54  0.       -2327.636       6505.850       6663.823    0.000  -0.138   0.380   0.
  2017 352  3 45 47 485 352.156799595      -3.31      3.50      2.08  0.       -2328.887       6506.280       6663.017    0.000  -0.138   0.380   0.
  2017 352  3 45 48 485 352.156811169      -3.84      3.33      1.17  0.       -2330.139       6506.708       6662.210    0.000  -0.138   0.380   0.
  2017 352  3 45 49 484 352.156822743      -4.64      1.86     -0.88  0.       -2331.390       6507.137       6661.404    0.000  -0.138   0.380   0.
  2017 352  3 45 50 484 352.156834317      -2.93      2.24     -0.67  0.       -2332.641       6507.565       6660.596    0.000  -0.138   0.380   0.
  2017 352  3 45 51 484 352.156845891      -1.56      4.02      2.31  0.       -2333.892       6507.993       6659.789    0.000  -0.138   0.380   0.
  2017 352  3 45 52 484 352.156857465      -1.81      6.54      2.42  0.       -2335.143       6508.421       6658.981    0.000  -0.138   0.380   0.
  2017 352  3 45 53 485 352.156869039      -1.61      5.34      1.34  0.       -2336.394       6508.848       6658.173    0.000  -0.138   0.380   0.
  2017 352  3 45 54 485 352.156880613      -1.21      4.05      2.36  0.       -2337.644       6509.275       6657.365    0.000  -0.138   0.380   0.
  2017 352  3 45 55 485 352.156892187      -0.48      3.43      0.15  0.       -2338.895       6509.702       6656.556    0.000  -0.138   0.380   0.
  2017 352  3 45 56 484 352.156903762      -2.19      1.85      0.64  0.       -2340.146       6510.128       6655.747    0.000  -0.138   0.380   0.
  2017 352  3 45 57 484 352.156915336      -2.07      3.38      1.11  0.       -2341.396       6510.554       6654.938    0.000  -0.138   0.380   0.
  2017 352  3 45 58 485 352.156926910      -3.36      4.48     -0.16  0.       -2342.646       6510.980       6654.128    0.000  -0.138   0.380   0.
  2017 352  3 45 59 485 352.156938484      -1.51      2.20      0.99  0.       -2343.896       6511.405       6653.318    0.000  -0.138   0.380   0.
  2017 352  3 46  0 485 352.156950058      -0.29      3.03      0.86  0.       -2345.146       6511.830       6652.508    0.000  -0.138   0.380   0.
  2017 352  3 46  1 485 352.156961632       0.54      2.97     -0.37  0.       -2346.396       6512.255       6651.697    0.000  -0.138   0.380   0.
  2017 352  3 46  2 484 352.156973204      -3.69      0.98     -2.26  0.       -2347.646       6512.679       6650.886    0.000  -0.138   0.380   0.
  2017 352  3 46  3 484 352.156984777      -3.64      3.12     -1.43  0.       -2348.896       6513.104       6650.075    0.000  -0.138   0.380   0.
  2017 352  3 46  4 484 352.156996351      -2.60      3.61      0.21  0.       -2350.145       6513.527       6649.263    0.000  -0.138   0.380   0.
  2017 352  3 46  5 484 352.157007925      -1.39      2.97      0.39  0.       -2351.395       6513.951       6648.451    0.000  -0.138   0.380   0.
  2017 352  3 46  6 484 352.157019499      -3.31      3.58      0.61  0.       -2352.644       6514.374       6647.639    0.000  -0.138   0.380   0.
  2017 352  3 46  7 484 352.157031073      -0.87      1.95      0.48  0.       -2353.893       6514.797       6646.826    0.000  -0.138   0.380   0.
  2017 352  3 46  8 484 352.157042648      -0.93      2.80      0.18  0.       -2355.142       6515.219       6646.013    0.000  -0.138   0.380   0.
  2017 352  3 46  9 484 352.157054222      -0.74      1.95      0.01  0.       -2356.391       6515.642       6645.200    0.000  -0.138   0.380   0.
  2017 352  3 46 10 484 352.157065796      -0.54      3.00     -0.60  0.       -2357.640       6516.064       6644.387    0.000  -0.138   0.380   0.
  2017 352  3 46 11 484 352.157077370      -0.93      0.95     -0.72  0.       -2358.889       6516.485       6643.573    0.000  -0.138   0.380   0.
  2017 352  3 46 12 484 352.157088944      -1.29      1.73      0.80  0.       -2360.137       6516.906       6642.759    0.000  -0.138   0.380   0.
  2017 352  3 46 13 484 352.157100518      -0.70      4.33      0.56  0.       -2361.386       6517.327       6641.944    0.000  -0.138   0.380   0.
  2017 352  3 46 14 484 352.157112092      -1.12      1.28      0.53  0.       -2362.635       6517.748       6641.129    0.000  -0.138   0.380   0.
  2017 352  3 46 15 484 352.157123666      -0.66      3.57      0.33  0.       -2363.882       6518.168       6640.314    0.000  -0.138   0.380   0.
  2017 352  3 46 16 484 352.157135240      -0.10      1.89     -0.38  0.       -2365.131       6518.588       6639.499    0.000  -0.138   0.380   0.
  2017 352  3 46 17 484 352.157146814      -1.25      1.95      0.35  0.       -2366.378       6519.008       6638.683    0.000  -0.138   0.380   0.
  2017 352  3 46 18 484 352.157158388      -0.46      1.94      1.27  0.       -2367.627       6519.428       6637.867    0.000  -0.138   0.380   0.
  2017 352  3 46 19 484 352.157169962      -0.04      3.04      0.63  0.       -2368.874       6519.847       6637.050    0.000  -0.138   0.380   0.
  2017 352  3 46 20 484 352.157181536      -0.09      3.02      0.67  0.       -2370.122       6520.265       6636.234    0.000  -0.138   0.380   0.
  2017 352  3 46 21 484 352.157193111      -0.55      1.92      0.55  0.       -2371.370       6520.684       6635.417    0.000  -0.138   0.380   0.
  2017 352  3 46 22 484 352.157204685       0.15      1.42     -0.56  0.       -2372.617       6521.102       6634.599    0.000  -0.138   0.380   0.
  2017 352  3 46 23 484 352.157216259      -1.17      1.52      0.36  0.       -2373.865       6521.520       6633.781    0.000  -0.138   0.380   0.
  2017 352  3 46 24 484 352.157227833      -1.09      2.15      0.51  0.       -2375.112       6521.937       6632.963    0.000  -0.138   0.380   0.
  2017 352  3 46 25 484 352.157239407      -1.66      2.12     -0.38  0.       -2376.359       6522.355       6632.145    0.000  -0.138   0.380   0.
  2017 352  3 46 26 484 352.157250981      -0.36      1.09      0.26  0.       -2377.606       6522.771       6631.326    0.000  -0.138   0.380   0.
  2017 352  3 46 27 484 352.157262555      -0.58      1.05     -0.17  0.       -2378.853       6523.188       6630.507    0.000  -0.138   0.380   0.
  2017 352  3 46 28 484 352.157274129       0.61      2.13     -0.64  0.       -2380.100       6523.604       6629.688    0.000  -0.138   0.380   0.
  2017 352  3 46 29 484 352.157285703      -0.11      0.56     -0.14  0.       -2381.347       6524.021       6628.868    0.000  -0.138   0.380   0.
  2017 352  3 46 30 484 352.157297277      -0.28      2.39     -0.01  0.       -2382.593       6524.436       6628.048    0.000  -0.138   0.380   0.
  2017 352  3 46 31 484 352.157308851      -0.42      1.49      0.26  0.       -2383.840       6524.851       6627.228    0.000  -0.138   0.380   0.
  2017 352  3 46 32 484 352.157320423      -1.36      1.99      0.09  0.       -2385.086       6525.266       6626.407    0.000  -0.138   0.380   0.
  2017 352  3 46 33 484 352.157331997      -0.66      3.13      0.58  0.       -2386.332       6525.681       6625.587    0.000  -0.138   0.380   0.
  2017 352  3 46 34 484 352.157343571      -0.27      2.08      0.57  0.       -2387.578       6526.095       6624.765    0.000  -0.138   0.380   0.
  2017 352  3 46 35 484 352.157355145      -1.89      1.91     -0.38  0.       -2388.824       6526.509       6623.944    0.000  -0.138   0.380   0.
  2017 352  3 46 36 484 352.157366719      -0.98      2.61     -0.11  0.       -2390.070       6526.923       6623.122    0.000  -0.138   0.380   0.
  2017 352  3 46 37 484 352.157378293      -2.02      3.36     -0.10  0.       -2391.316       6527.336       6622.300    0.000  -0.138   0.380   0.
  2017 352  3 46 38 484 352.157389867      -1.12      3.75     -0.24  0.       -2392.562       6527.749       6621.477    0.000  -0.138   0.380   0.
  2017 352  3 46 39 484 352.157401441      -1.07      2.99     -1.10  0.       -2393.807       6528.162       6620.654    0.000  -0.138   0.380   0.
  2017 352  3 46 40 484 352.157413015      -0.27      3.22     -0.28  0.       -2395.053       6528.575       6619.831    0.000  -0.138   0.380   0.
  2017 352  3 46 41 484 352.157424589      -1.75      3.25     -0.51  0.       -2396.298       6528.987       6619.008    0.000  -0.138   0.380   0.
  2017 352  3 46 42 484 352.157436163      -2.34      2.99     -1.23  0.       -2397.543       6529.399       6618.184    0.000  -0.138   0.380   0.
  2017 352  3 46 43 484 352.157447737      -3.01      5.62     -0.02  0.       -2398.788       6529.810       6617.360    0.000  -0.138   0.380   0.
  2017 352  3 46 44 484 352.157459311      -1.45      4.47      0.77  0.       -2400.033       6530.221       6616.535    0.000  -0.138   0.380   0.
  2017 352  3 46 45 484 352.157470885      -0.46      3.22     -1.43  0.       -2401.278       6530.632       6615.710    0.000  -0.138   0.380   0.
  2017 352  3 46 46 484 352.157482460      -0.26      1.09     -1.12  0.       -2402.523       6531.043       6614.885    0.000  -0.138   0.380   0.
  2017 352  3 46 47 484 352.157494034      -2.34      2.76      0.60  0.       -2403.767       6531.453       6614.060    0.000  -0.138   0.380   0.
  2017 352  3 46 48 484 352.157505608      -1.63      2.84      0.42  0.       -2405.012       6531.863       6613.234    0.000  -0.138   0.380   0.
  2017 352  3 46 49 484 352.157517182      -1.94      2.66      0.11  0.       -2406.256       6532.273       6612.408    0.000  -0.138   0.380   0.
  2017 352  3 46 50 484 352.157528756      -0.17      2.55      0.49  0.       -2407.500       6532.682       6611.582    0.000  -0.138   0.380   0.
  2017 352  3 46 51 484 352.157540330      -1.17      2.34     -0.84  0.       -2408.745       6533.091       6610.755    0.000  -0.138   0.380   0.
  2017 352  3 46 52 484 352.157551904       0.01      1.74      0.43  0.       -2409.989       6533.500       6609.928    0.000  -0.138   0.380   0.
  2017 352  3 46 53 484 352.157563478      -0.88      2.84     -0.09  0.       -2411.232       6533.908       6609.101    0.000  -0.138   0.380   0.
  2017 352  3 46 54 484 352.157575052       0.46      2.89      0.47  0.       -2412.476       6534.316       6608.273    0.000  -0.138   0.380   0.
  2017 352  3 46 55 484 352.157586626      -0.16      1.87     -0.86  0.       -2413.720       6534.724       6607.445    0.000  -0.138   0.380   0.
  2017 352  3 46 56 484 352.157598200      -2.05      3.07     -0.53  0.       -2414.963       6535.131       6606.617    0.000  -0.138   0.380   0.
  2017 352  3 46 57 484 352.157609774      -1.48      3.67      0.61  0.       -2416.207       6535.538       6605.788    0.000  -0.138   0.380   0.
  2017 352  3 46 58 484 352.157621348      -0.25      1.70     -0.75  0.       -2417.450       6535.945       6604.959    0.000  -0.139   0.381   0.
  2017 352  3 46 59 484 352.157632922      -0.00      0.60     -0.76  0.       -2418.693       6536.352       6604.130    0.000  -0.139   0.381   0.
  2017 352  3 47  0 484 352.157644496      -1.01      3.07      0.46  0.       -2419.937       6536.758       6603.300    0.000  -0.138   0.380   0.
  2017 352  3 47  1 484 352.157656071      -0.01      1.52      0.30  0.       -2421.180       6537.164       6602.470    0.000  -0.138   0.380   0.
  2017 352  3 47  2 484 352.157667643      -0.36      1.83     -0.61  0.       -2422.422       6537.569       6601.640    0.000  -0.138   0.380   0.
  2017 352  3 47  3 484 352.157679216       0.46      2.27     -0.38  0.       -2423.665       6537.974       6600.810    0.000  -0.138   0.380   0.
  2017 352  3 47  4 484 352.157690790      -0.10      0.97      0.34  0.       -2424.908       6538.379       6599.979    0.000  -0.138   0.380   0.
  2017 352  3 47  5 484 352.157702364      -0.76      1.35     -0.04  0.       -2426.150       6538.784       6599.148    0.000  -0.138   0.380   0.
  2017 352  3 47  6 484 352.157713938       0.06      1.57      0.02  0.       -2427.393       6539.188       6598.316    0.000  -0.138   0.380   0.
  2017 352  3 47  7 484 352.157725512      -0.23      1.65      0.49  0.       -2428.635       6539.592       6597.484    0.000  -0.138   0.380   0.
  2017 352  3 47  8 484 352.157737086       1.69      2.33     -0.90  0.       -2429.877       6539.996       6596.652    0.000  -0.138   0.380   0.
  2017 352  3 47  9 484 352.157748660       0.01      3.05     -0.13  0.       -2431.119       6540.399       6595.820    0.000  -0.138   0.380   0.
  2017 352  3 47 10 484 352.157760234      -1.17      1.85     -1.99  0.       -2432.361       6540.802       6594.987    0.000  -0.138   0.380   0.
  2017 352  3 47 11 484 352.157771808      -0.45      2.88     -0.23  0.       -2433.603       6541.205       6594.154    0.000  -0.138   0.380   0.
  2017 352  3 47 12 484 352.157783383      -1.47      2.61     -0.42  0.       -2434.844       6541.607       6593.320    0.000  -0.138   0.380   0.
  2017 352  3 47 13 484 352.157794957      -3.45      1.44     -1.43  0.       -2436.086       6542.009       6592.487    0.000  -0.138   0.380   0.
  2017 352  3 47 14 484 352.157806531      -2.30      4.29     -0.80  0.       -2437.327       6542.411       6591.653    0.000  -0.138   0.380   0.
  2017 352  3 47 15 484 352.157818105      -2.32      6.47      0.24  0.       -2438.569       6542.812       6590.818    0.000  -0.138   0.380   0.
  2017 352  3 47 16 484 352.157829679      -0.62      5.57      0.71  0.       -2439.810       6543.213       6589.984    0.000  -0.138   0.380   0.
  2017 352  3 47 17 484 352.157841253      -0.73      5.50     -1.16  0.       -2441.051       6543.614       6589.149    0.000  -0.138   0.380   0.
  2017 352  3 47 18 484 352.157852827      -2.67      3.86     -1.88  0.       -2442.292       6544.014       6588.313    0.000  -0.138   0.380   0.
  2017 352  3 47 19 484 352.157864401      -2.84      2.84     -0.68  0.       -2443.533       6544.415       6587.478    0.000  -0.138   0.380   0.
  2017 352  3 47 20 484 352.157875975      -4.68      4.06      0.13  0.       -2444.774       6544.814       6586.642    0.000  -0.138   0.380   0.
  2017 352  3 47 21 484 352.157887549      -3.23      2.88     -0.18  0.       -2446.014       6545.214       6585.805    0.000  -0.138   0.380   0.
  2017 352  3 47 22 484 352.157899123      -2.61      2.55     -2.00  0.       -2447.255       6545.613       6584.969    0.000  -0.138   0.380   0.
  2017 352  3 47 23 484 352.157910697      -3.25      5.36     -1.48  0.       -2448.495       6546.012       6584.132    0.000  -0.138   0.380   0.
  2017 352  3 47 24 484 352.157922271      -3.10      7.61     -1.17  0.       -2449.735       6546.410       6583.295    0.000  -0.138   0.380   0.
  2017 352  3 47 25 484 352.157933845      -2.74      4.52     -0.61  0.       -2450.976       6546.809       6582.457    0.000  -0.138   0.380   0.
  2017 352  3 47 26 484 352.157945420      -4.99      4.50     -0.90  0.       -2452.216       6547.207       6581.619    0.000  -0.138   0.380   0.
  2017 352  3 47 27 484 352.157956994      -5.40      4.29     -0.42  0.       -2453.456       6547.604       6580.781    0.000  -0.138   0.380   0.
  2017 352  3 47 28 484 352.157968568      -3.18      3.02     -0.76  0.       -2454.695       6548.002       6579.943    0.000  -0.138   0.380   0.
  2017 352  3 47 29 484 352.157980142      -2.47      4.12     -1.22  0.       -2455.935       6548.399       6579.104    0.000  -0.138   0.380   0.
  2017 352  3 47 30 484 352.157991716      -3.09      4.35     -0.33  0.       -2457.174       6548.795       6578.265    0.000  -0.138   0.380   0.
  2017 352  3 47 31 484 352.158003290      -2.77      2.80     -0.69  0.       -2458.414       6549.192       6577.425    0.000  -0.138   0.380   0.
  2017 352  3 47 32 483 352.158014861      -3.22      3.40     -1.42  0.       -2459.653       6549.588       6576.585    0.000  -0.138   0.380   0.
  2017 352  3 47 33 483 352.158026435      -3.26      4.09     -1.86  0.       -2460.892       6549.983       6575.745    0.000  -0.138   0.380   0.
  2017 352  3 47 34 483 352.158038009      -2.36      4.28     -1.81  0.       -2462.131       6550.379       6574.905    0.000  -0.138   0.380   0.
  2017 352  3 47 35 483 352.158049583      -2.98      3.73     -1.14  0.       -2463.370       6550.774       6574.064    0.000  -0.138   0.380   0.
  2017 352  3 47 36 484 352.158061157      -3.11      4.96     -0.03  0.       -2464.609       6551.168       6573.223    0.000  -0.138   0.380   0.
  2017 352  3 47 37 484 352.158072731      -3.70      5.37      1.90  0.       -2465.848       6551.563       6572.382    0.000  -0.138   0.380   0.
  2017 352  3 47 38 483 352.158084306      -2.11      4.97      0.98  0.       -2467.087       6551.957       6571.540    0.000  -0.138   0.380   0.
  2017 352  3 47 39 483 352.158095880      -1.52      4.11      1.72  0.       -2468.325       6552.351       6570.698    0.000  -0.138   0.380   0.
  2017 352  3 47 40 484 352.158107454      -1.69      3.90      0.51  0.       -2469.563       6552.744       6569.856    0.000  -0.138   0.380   0.
  2017 352  3 47 41 484 352.158119028      -1.78      2.19     -0.68  0.       -2470.802       6553.138       6569.013    0.000  -0.138   0.380   0.
  2017 352  3 47 42 484 352.158130602      -1.48      4.78     -1.15  0.       -2472.040       6553.530       6568.170    0.000  -0.138   0.380   0.
  2017 352  3 47 43 484 352.158142176      -2.07      5.48      0.66  0.       -2473.278       6553.923       6567.327    0.000  -0.138   0.380   0.
  2017 352  3 47 44 483 352.158153750      -2.29      5.30      0.38  0.       -2474.516       6554.315       6566.483    0.000  -0.138   0.380   0.
  2017 352  3 47 45 483 352.158165324      -3.59      2.11     -0.45  0.       -2475.753       6554.707       6565.639    0.000  -0.138   0.380   0.
  2017 352  3 47 46 483 352.158176898      -3.32      3.81      0.67  0.       -2476.991       6555.099       6564.795    0.000  -0.138   0.380   0.
  2017 352  3 47 47 483 352.158188472      -1.93      3.84     -0.37  0.       -2478.229       6555.490       6563.950    0.000  -0.138   0.380   0.
  2017 352  3 47 48 483 352.158200046      -1.04      3.59      0.86  0.       -2479.466       6555.881       6563.106    0.000  -0.138   0.380   0.
  2017 352  3 47 49 484 352.158211620      -1.30      2.89      0.54  0.       -2480.703       6556.272       6562.260    0.000  -0.138   0.380   0.
  2017 352  3 47 50 484 352.158223194       0.88      1.42      0.53  0.       -2481.940       6556.662       6561.415    0.000  -0.138   0.380   0.
  2017 352  3 47 51 483 352.158234768       0.40      1.44      0.30  0.       -2483.177       6557.052       6560.569    0.000  -0.138   0.380   0.
  2017 352  3 47 52 483 352.158246343       0.63      1.23      0.06  0.       -2484.414       6557.442       6559.723    0.000  -0.138   0.380   0.
  2017 352  3 47 53 484 352.158257917      -0.21      1.63     -0.73  0.       -2485.651       6557.831       6558.876    0.000  -0.138   0.380   0.
  2017 352  3 47 54 484 352.158269491      -0.56      1.60      0.13  0.       -2486.888       6558.220       6558.030    0.000  -0.138   0.380   0.
  2017 352  3 47 55 484 352.158281065      -0.49      1.38      0.58  0.       -2488.124       6558.609       6557.183    0.000  -0.138   0.380   0.
  2017 352  3 47 56 484 352.158292639      -0.42      1.76     -0.63  0.       -2489.361       6558.997       6556.335    0.000  -0.138   0.380   0.
  2017 352  3 47 57 484 352.158304213      -0.62      2.11     -0.06  0.       -2490.597       6559.385       6555.487    0.000  -0.138   0.380   0.
  2017 352  3 47 58 483 352.158315787      -0.34      2.77     -0.73  0.       -2491.833       6559.773       6554.640    0.000  -0.138   0.380   0.
  2017 352  3 47 59 483 352.158327361      -1.96      1.25     -1.02  0.       -2493.070       6560.161       6553.791    0.000  -0.138   0.380   0.
  2017 352  3 48  0 483 352.158338935      -1.74      2.65      0.44  0.       -2494.305       6560.548       6552.942    0.000  -0.138   0.380   0.
  2017 352  3 48  1 483 352.158350509      -0.73      2.34     -0.57  0.       -2495.541       6560.935       6552.093    0.000  -0.138   0.380   0.
  2017 352  3 48  2 499 352.158362262      -0.47      2.32     -0.45  0.       -2496.796       6561.327       6551.231    0.000  -0.138   0.380   0.
  2017 352  3 48  3 514 352.158374016      -0.94      1.40     -0.13  0.       -2498.051       6561.719       6550.368    0.000  -0.138   0.380   0.
  2017 352  3 48  4 514 352.158385590      -0.35      2.91     -0.55  0.       -2499.287       6562.105       6549.518    0.000  -0.138   0.380   0.
  2017 352  3 48  5 515 352.158397164      -1.28      1.92     -0.92  0.       -2500.522       6562.491       6548.668    0.000  -0.138   0.380   0.
  2017 352  3 48  6 515 352.158408738      -1.35      3.28     -1.49  0.       -2501.757       6562.876       6547.817    0.000  -0.139   0.381   0.
  2017 352  3 48  7 514 352.158420312      -4.76      4.43     -1.67  0.       -2502.992       6563.261       6546.966    0.000  -0.139   0.381   0.
  2017 352  3 48  8 514 352.158431887      -5.15      4.43     -2.56  0.       -2504.227       6563.646       6546.115    0.000  -0.138   0.380   0.
  2017 352  3 48  9 515 352.158443461      -3.77      5.70     -3.32  0.       -2505.462       6564.030       6545.263    0.000  -0.138   0.380   0.
  2017 352  3 48 10 515 352.158455035      -3.51      6.22     -1.46  0.       -2506.697       6564.414       6544.412    0.000  -0.138   0.380   0.
  2017 352  3 48 11 515 352.158466609      -3.78      5.05     -0.11  0.       -2507.932       6564.798       6543.559    0.000  -0.138   0.380   0.
  2017 352  3 48 12 515 352.158478183      -3.85      3.96     -0.35  0.       -2509.166       6565.181       6542.707    0.000  -0.138   0.380   0.
  2017 352  3 48 13 515 352.158489757      -3.84      4.79     -0.03  0.       -2510.400       6565.564       6541.854    0.000  -0.138   0.380   0.
  2017 352  3 48 14 514 352.158501331      -3.22      3.68     -0.03  0.       -2511.635       6565.947       6541.001    0.000  -0.138   0.380   0.
  2017 352  3 48 15 514 352.158512905      -3.70      2.45     -1.24  0.       -2512.869       6566.329       6540.147    0.000  -0.138   0.380   0.
  2017 352  3 48 16 514 352.158524479      -2.04      2.88     -1.78  0.       -2514.103       6566.711       6539.294    0.000  -0.138   0.380   0.
  2017 352  3 48 17 514 352.158536053      -1.35      3.65     -1.21  0.       -2515.337       6567.093       6538.440    0.000  -0.138   0.380   0.
  2017 352  3 48 18 514 352.158547627      -2.50      3.83      0.60  0.       -2516.571       6567.474       6537.585    0.000  -0.138   0.380   0.
  2017 352  3 48 19 515 352.158559201      -3.48      5.47      0.01  0.       -2517.804       6567.855       6536.731    0.000  -0.138   0.380   0.
  2017 352  3 48 20 515 352.158570775      -3.05      3.99      0.75  0.       -2519.038       6568.236       6535.876    0.000  -0.138   0.380   0.
  2017 352  3 48 21 514 352.158582350      -2.49      3.13     -0.70  0.       -2520.271       6568.617       6535.020    0.000  -0.138   0.380   0.
  2017 352  3 48 22 514 352.158593924      -2.18      2.64     -1.77  0.       -2521.504       6568.997       6534.164    0.000  -0.138   0.380   0.
  2017 352  3 48 23 515 352.158605498      -2.67      2.20     -1.64  0.       -2522.738       6569.377       6533.308    0.000  -0.138   0.380   0.
  2017 352  3 48 24 515 352.158617072      -2.57      4.24     -1.20  0.       -2523.971       6569.756       6532.452    0.000  -0.139   0.381   0.
  2017 352  3 48 25 515 352.158628646      -1.58      6.11     -0.41  0.       -2525.204       6570.135       6531.596    0.000  -0.139   0.381   0.
  2017 352  3 48 26 515 352.158640220      -2.38      6.16     -0.81  0.       -2526.436       6570.514       6530.739    0.000  -0.138   0.380   0.
  2017 352  3 48 27 515 352.158651794      -2.72      3.94     -1.35  0.       -2527.669       6570.893       6529.882    0.000  -0.138   0.380   0.
  2017 352  3 48 28 514 352.158663368      -1.11      2.92     -1.33  0.       -2528.902       6571.271       6529.024    0.000  -0.138   0.380   0.
  2017 352  3 48 29 514 352.158674942      -0.96      1.43     -2.63  0.       -2530.134       6571.649       6528.166    0.000  -0.138   0.380   0.
  2017 352  3 48 30 514 352.158686516      -0.14      2.55     -2.30  0.       -2531.366       6572.027       6527.308    0.000  -0.138   0.380   0.
  2017 352  3 48 31 514 352.158698090      -0.71      3.93     -0.88  0.       -2532.599       6572.404       6526.450    0.000  -0.138   0.380   0.
  2017 352  3 48 32 515 352.158709662      -1.69      3.87     -0.34  0.       -2533.831       6572.781       6525.591    0.000  -0.138   0.380   0.
  2017 352  3 48 33 514 352.158721236      -2.69      3.10      0.98  0.       -2535.062       6573.158       6524.732    0.000  -0.138   0.380   0.
  2017 352  3 48 34 514 352.158732810      -1.55      3.67      0.48  0.       -2536.294       6573.534       6523.872    0.000  -0.138   0.380   0.
  2017 352  3 48 35 514 352.158744384      -1.79      5.04     -1.09  0.       -2537.526       6573.910       6523.012    0.000  -0.138   0.380   0.
  2017 352  3 48 36 514 352.158755958      -2.45      3.04     -0.60  0.       -2538.758       6574.286       6522.152    0.000  -0.138   0.380   0.
  2017 352  3 48 37 514 352.158767532      -1.74      4.37     -0.89  0.       -2539.989       6574.661       6521.292    0.000  -0.138   0.380   0.
  2017 352  3 48 38 514 352.158779106      -1.41      6.10     -0.06  0.       -2541.220       6575.036       6520.431    0.000  -0.138   0.380   0.
  2017 352  3 48 39 514 352.158790680      -3.55      3.43     -1.91  0.       -2542.452       6575.411       6519.570    0.000  -0.138   0.380   0.
  2017 352  3 48 40 514 352.158802254      -3.23      4.17     -1.89  0.       -2543.683       6575.785       6518.709    0.000  -0.139   0.381   0.
  2017 352  3 48 41 514 352.158813828      -2.38      4.63     -0.50  0.       -2544.914       6576.160       6517.847    0.000  -0.139   0.381   0.
  2017 352  3 48 42 514 352.158825402      -1.50      4.76      0.94  0.       -2546.144       6576.533       6516.985    0.000  -0.138   0.380   0.
  2017 352  3 48 43 514 352.158836976      -2.06      5.38     -0.20  0.       -2547.375       6576.907       6516.123    0.000  -0.138   0.380   0.
  2017 352  3 48 44 514 352.158848550      -3.60      3.07     -2.53  0.       -2548.606       6577.280       6515.260    0.000  -0.138   0.380   0.
  2017 352  3 48 45 514 352.158860124      -4.15      4.38     -2.23  0.       -2549.836       6577.653       6514.397    0.000  -0.138   0.380   0.
  2017 352  3 48 46 514 352.158871698      -4.28      3.15     -2.63  0.       -2551.067       6578.025       6513.534    0.000  -0.138   0.380   0.
  2017 352  3 48 47 514 352.158883273      -3.81      2.41     -1.62  0.       -2552.297       6578.398       6512.670    0.000  -0.138   0.380   0.
  2017 352  3 48 48 514 352.158894847      -2.99      3.72     -0.85  0.       -2553.527       6578.770       6511.806    0.000  -0.138   0.380   0.
  2017 352  3 48 49 514 352.158906421      -2.54      6.23     -1.06  0.       -2554.757       6579.141       6510.943    0.000  -0.138   0.380   0.
  2017 352  3 48 50 514 352.158917995      -3.62      3.64      1.25  0.       -2555.987       6579.512       6510.078    0.000  -0.138   0.380   0.
  2017 352  3 48 51 514 352.158929569      -3.17      2.40      2.04  0.       -2557.216       6579.883       6509.213    0.000  -0.138   0.380   0.
  2017 352  3 48 52 514 352.158941143      -2.18      4.95      1.92  0.       -2558.446       6580.254       6508.348    0.000  -0.139   0.381   0.
  2017 352  3 48 53 514 352.158952717      -2.58      5.45      0.87  0.       -2559.676       6580.624       6507.483    0.000  -0.139   0.381   0.
  2017 352  3 48 54 514 352.158964291      -3.21      4.52      0.23  0.       -2560.905       6580.994       6506.617    0.000  -0.138   0.380   0.
  2017 352  3 48 55 514 352.158975865      -5.06      3.42     -0.63  0.       -2562.134       6581.364       6505.751    0.000  -0.138   0.380   0.
  2017 352  3 48 56 514 352.158987439      -3.72      3.00     -0.06  0.       -2563.363       6581.733       6504.885    0.000  -0.138   0.380   0.
  2017 352  3 48 57 514 352.158999013      -2.53      2.58     -0.48  0.       -2564.592       6582.102       6504.018    0.000  -0.138   0.380   0.
  2017 352  3 48 58 514 352.159010587      -1.46      2.50      0.55  0.       -2565.821       6582.471       6503.151    0.000  -0.138   0.380   0.
  2017 352  3 48 59 514 352.159022161      -0.57      3.33      1.70  0.       -2567.050       6582.840       6502.283    0.000  -0.138   0.380   0.
  2017 352  3 49  0 514 352.159033736      -1.94      3.67     -0.08  0.       -2568.278       6583.208       6501.416    0.000  -0.138   0.380   0.
  2017 352  3 49  1 514 352.159045310      -2.00      4.59     -1.34  0.       -2569.507       6583.575       6500.548    0.000  -0.138   0.380   0.
  2017 352  3 49  2 514 352.159056881      -0.93      5.25     -1.52  0.       -2570.735       6583.943       6499.680    0.000  -0.138   0.380   0.
  2017 352  3 49  3 514 352.159068455      -3.81      3.43     -1.68  0.       -2571.963       6584.310       6498.811    0.000  -0.138   0.380   0.
  2017 352  3 49  4 514 352.159080029      -3.70      4.15     -1.63  0.       -2573.192       6584.677       6497.942    0.000  -0.139   0.381   0.
  2017 352  3 49  5 514 352.159091603      -2.86      4.18      1.02  0.       -2574.420       6585.043       6497.073    0.000  -0.139   0.381   0.
  2017 352  3 49  6 514 352.159103177      -1.87      1.39      1.03  0.       -2575.647       6585.410       6496.203    0.000  -0.138   0.380   0.
  2017 352  3 49  7 514 352.159114751      -1.19      3.53     -0.43  0.       -2576.875       6585.775       6495.334    0.000  -0.138   0.380   0.
  2017 352  3 49  8 514 352.159126325      -2.51      5.05     -0.44  0.       -2578.103       6586.141       6494.463    0.000  -0.138   0.380   0.
  2017 352  3 49  9 514 352.159137899      -2.39      5.32     -0.83  0.       -2579.330       6586.506       6493.593    0.000  -0.138   0.380   0.
  2017 352  3 49 10 514 352.159149473      -2.64      5.21     -0.92  0.       -2580.558       6586.871       6492.722    0.000  -0.138   0.380   0.
  2017 352  3 49 11 514 352.159161047      -3.35      4.42     -1.48  0.       -2581.785       6587.236       6491.851    0.000  -0.138   0.380   0.
  2017 352  3 49 12 514 352.159172621      -4.34      3.07     -0.51  0.       -2583.012       6587.600       6490.980    0.000  -0.139   0.381   0.
  2017 352  3 49 13 514 352.159184196      -3.80      4.40     -2.23  0.       -2584.239       6587.964       6490.108    0.000  -0.139   0.381   0.
  2017 352  3 49 14 514 352.159195770      -3.06      5.48     -0.89  0.       -2585.466       6588.327       6489.236    0.000  -0.139   0.381   0.
  2017 352  3 49 15 514 352.159207344      -3.80      3.42      0.09  0.       -2586.693       6588.691       6488.363    0.000  -0.139   0.381   0.
  2017 352  3 49 16 514 352.159218918      -2.58      3.40      0.21  0.       -2587.919       6589.054       6487.491    0.000  -0.138   0.380   0.
  2017 352  3 49 17 514 352.159230492      -1.27      2.80      0.93  0.       -2589.146       6589.416       6486.618    0.000  -0.138   0.380   0.
  2017 352  3 49 18 514 352.159242066      -1.23      4.52     -0.16  0.       -2590.372       6589.779       6485.745    0.000  -0.138   0.380   0.
  2017 352  3 49 19 514 352.159253640      -2.71      2.82     -0.30  0.       -2591.598       6590.141       6484.871    0.000  -0.138   0.380   0.
  2017 352  3 49 20 514 352.159265214      -0.07      4.39     -1.16  0.       -2592.824       6590.503       6483.997    0.000  -0.138   0.380   0.
  2017 352  3 49 21 514 352.159276788      -2.09      2.87     -1.51  0.       -2594.050       6590.864       6483.123    0.000  -0.138   0.380   0.
  2017 352  3 49 22 514 352.159288362      -4.24      5.07     -1.26  0.       -2595.276       6591.225       6482.248    0.000  -0.138   0.380   0.
  2017 352  3 49 23 514 352.159299936      -3.70      7.20     -2.82  0.       -2596.502       6591.586       6481.373    0.000  -0.138   0.380   0.
  2017 352  3 49 24 514 352.159311510      -3.56      4.88     -1.31  0.       -2597.728       6591.946       6480.498    0.000  -0.138   0.380   0.
  2017 352  3 49 25 514 352.159323085      -3.71      2.77     -1.09  0.       -2598.953       6592.306       6479.623    0.000  -0.138   0.380   0.
  2017 352  3 49 26 514 352.159334659      -3.64      3.55     -2.29  0.       -2600.179       6592.666       6478.747    0.000  -0.138   0.380   0.
  2017 352  3 49 27 514 352.159346233      -3.72      4.20     -1.57  0.       -2601.404       6593.026       6477.871    0.000  -0.138   0.380   0.
  2017 352  3 49 28 514 352.159357807      -1.81      5.11     -0.20  0.       -2602.629       6593.385       6476.994    0.000  -0.139   0.381   0.
  2017 352  3 49 29 514 352.159369381      -1.76      4.92     -0.26  0.       -2603.854       6593.744       6476.118    0.000  -0.139   0.381   0.
  2017 352  3 49 30 514 352.159380955      -3.06      3.29      0.24  0.       -2605.079       6594.102       6475.241    0.000  -0.138   0.380   0.
  2017 352  3 49 31 514 352.159392529      -1.30      3.12      0.20  0.       -2606.303       6594.461       6474.363    0.000  -0.138   0.380   0.
  2017 352  3 49 32 514 352.159404100      -1.24      2.25      0.56  0.       -2607.528       6594.818       6473.486    0.000  -0.138   0.380   0.
  2017 352  3 49 33 514 352.159415674      -5.34      3.60     -0.69  0.       -2608.752       6595.176       6472.608    0.000  -0.138   0.380   0.
  2017 352  3 49 34 514 352.159427248      -5.57      4.77      0.62  0.       -2609.977       6595.533       6471.729    0.000  -0.138   0.380   0.
  2017 352  3 49 35 514 352.159438822      -2.55      4.74      0.68  0.       -2611.201       6595.890       6470.851    0.000  -0.138   0.380   0.
  2017 352  3 49 36 514 352.159450396      -2.36      3.42     -1.44  0.       -2612.425       6596.247       6469.972    0.000  -0.138   0.380   0.
  2017 352  3 49 37 514 352.159461971      -4.29      2.09     -1.86  0.       -2613.649       6596.603       6469.092    0.000  -0.138   0.380   0.
  2017 352  3 49 38 514 352.159473545      -2.37      4.51      0.27  0.       -2614.873       6596.959       6468.213    0.000  -0.138   0.380   0.
  2017 352  3 49 39 514 352.159485119      -1.85      4.76      1.32  0.       -2616.097       6597.315       6467.333    0.000  -0.138   0.380   0.
  2017 352  3 49 40 514 352.159496693      -3.49      4.00     -0.58  0.       -2617.320       6597.670       6466.453    0.000  -0.138   0.380   0.
  2017 352  3 49 41 514 352.159508267      -3.97      4.73     -0.63  0.       -2618.544       6598.025       6465.572    0.000  -0.138   0.380   0.
  2017 352  3 49 42 514 352.159519841      -4.43      5.06     -1.60  0.       -2619.767       6598.380       6464.691    0.000  -0.138   0.380   0.
  2017 352  3 49 43 514 352.159531415      -3.93      3.04     -1.58  0.       -2620.990       6598.734       6463.810    0.000  -0.138   0.380   0.
  2017 352  3 49 44 514 352.159542989      -2.25      2.30     -0.70  0.       -2622.213       6599.088       6462.929    0.000  -0.138   0.380   0.
  2017 352  3 49 45 514 352.159554563      -2.08      2.00     -1.35  0.       -2623.436       6599.442       6462.047    0.000  -0.138   0.380   0.
  2017 352  3 49 46 514 352.159566137      -2.01      2.35     -0.90  0.       -2624.659       6599.795       6461.165    0.000  -0.138   0.380   0.
  2017 352  3 49 47 514 352.159577711      -1.46      4.34     -0.68  0.       -2625.882       6600.148       6460.283    0.000  -0.138   0.380   0.
  2017 352  3 49 48 514 352.159589285      -1.95      4.67      1.09  0.       -2627.104       6600.501       6459.400    0.000  -0.138   0.380   0.
  2017 352  3 49 49 514 352.159600859      -1.46      2.26      2.27  0.       -2628.327       6600.854       6458.517    0.000  -0.138   0.380   0.
  2017 352  3 49 50 514 352.159612433       0.49      2.78      1.21  0.       -2629.549       6601.205       6457.634    0.000  -0.138   0.380   0.
  2017 352  3 49 51 514 352.159624008      -0.03      4.01      0.32  0.       -2630.772       6601.558       6456.750    0.000  -0.138   0.380   0.
  2017 352  3 49 52 514 352.159635582      -0.69      2.54     -0.79  0.       -2631.994       6601.909       6455.866    0.000  -0.138   0.380   0.
  2017 352  3 49 53 514 352.159647156      -2.73      2.27     -0.27  0.       -2633.216       6602.260       6454.982    0.000  -0.138   0.380   0.
  2017 352  3 49 54 514 352.159658730      -2.85      2.89     -0.76  0.       -2634.437       6602.611       6454.097    0.000  -0.138   0.380   0.
  2017 352  3 49 55 514 352.159670304      -1.96      4.27      0.22  0.       -2635.659       6602.962       6453.212    0.000  -0.138   0.380   0.
  2017 352  3 49 56 514 352.159681878      -2.61      3.54      0.20  0.       -2636.881       6603.312       6452.327    0.000  -0.138   0.380   0.
  2017 352  3 49 57 514 352.159693452      -2.20      3.74     -1.04  0.       -2638.102       6603.662       6451.442    0.000  -0.138   0.380   0.
  2017 352  3 49 58 514 352.159705026      -0.94      4.34     -1.69  0.       -2639.323       6604.012       6450.556    0.000  -0.138   0.380   0.
  2017 352  3 49 59 514 352.159716600      -1.21      4.06     -2.00  0.       -2640.545       6604.361       6449.670    0.000  -0.138   0.380   0.
  2017 352  3 50  0 514 352.159728174      -4.08      3.54      0.92  0.       -2641.766       6604.710       6448.783    0.000  -0.139   0.381   0.
  2017 352  3 50  1 514 352.159739748      -3.83      4.12     -1.31  0.       -2642.987       6605.059       6447.897    0.000  -0.139   0.381   0.
  2017 352  3 50  2 514 352.159751320      -3.49      4.00     -0.54  0.       -2644.207       6605.407       6447.009    0.000  -0.138   0.380   0.
  2017 352  3 50  3 513 352.159762894      -2.88      4.13     -0.56  0.       -2645.428       6605.755       6446.122    0.000  -0.138   0.380   0.
  2017 352  3 50  4 513 352.159774468      -2.67      3.60      0.95  0.       -2646.649       6606.103       6445.234    0.000  -0.139   0.381   0.
  2017 352  3 50  5 514 352.159786042      -2.40      2.99     -0.32  0.       -2647.869       6606.450       6444.347    0.000  -0.139   0.381   0.
  2017 352  3 50  6 514 352.159797616      -0.84      5.09     -2.46  0.       -2649.089       6606.797       6443.458    0.000  -0.138   0.380   0.
  2017 352  3 50  7 514 352.159809190      -4.12      5.26     -0.07  0.       -2650.309       6607.144       6442.570    0.000  -0.138   0.380   0.
  2017 352  3 50  8 514 352.159820764      -4.54      2.52     -1.52  0.       -2651.529       6607.490       6441.681    0.000  -0.138   0.380   0.
  2017 352  3 50  9 514 352.159832338      -3.14      2.72     -0.69  0.       -2652.749       6607.836       6440.791    0.000  -0.138   0.380   0.
  2017 352  3 50 10 513 352.159843912      -3.26      5.46      0.60  0.       -2653.969       6608.182       6439.902    0.000  -0.139   0.381   0.
  2017 352  3 50 11 513 352.159855486      -3.68      3.50     -0.35  0.       -2655.189       6608.528       6439.012    0.000  -0.139   0.381   0.
  2017 352  3 50 12 513 352.159867060      -2.77      2.14      0.21  0.       -2656.408       6608.873       6438.122    0.000  -0.139   0.381   0.
  2017 352  3 50 13 513 352.159878634      -2.41      2.77      0.65  0.       -2657.628       6609.217       6437.231    0.000  -0.139   0.381   0.
  2017 352  3 50 14 513 352.159890208      -2.28      4.68     -0.53  0.       -2658.847       6609.562       6436.340    0.000  -0.138   0.380   0.
  2017 352  3 50 15 514 352.159901782      -2.73      4.83     -1.94  0.       -2660.066       6609.906       6435.449    0.000  -0.138   0.380   0.
  2017 352  3 50 16 514 352.159913356      -2.75      3.82     -1.88  0.       -2661.285       6610.250       6434.558    0.000  -0.139   0.381   0.
  2017 352  3 50 17 513 352.159924931      -3.15      3.44     -0.60  0.       -2662.504       6610.593       6433.666    0.000  -0.139   0.381   0.
  2017 352  3 50 18 513 352.159936505      -3.78      3.38      0.29  0.       -2663.723       6610.937       6432.774    0.000  -0.138   0.380   0.
  2017 352  3 50 19 514 352.159948079      -4.07      3.21     -0.08  0.       -2664.941       6611.280       6431.882    0.000  -0.138   0.380   0.
  2017 352  3 50 20 514 352.159959653      -3.45      2.75     -0.31  0.       -2666.160       6611.622       6430.989    0.000  -0.138   0.380   0.
  2017 352  3 50 21 514 352.159971227      -3.01      3.00     -0.29  0.       -2667.378       6611.964       6430.096    0.000  -0.138   0.380   0.
  2017 352  3 50 22 514 352.159982801      -2.53      3.13     -1.25  0.       -2668.596       6612.306       6429.203    0.000  -0.138   0.380   0.
  2017 352  3 50 23 513 352.159994375      -2.70      3.59     -1.92  0.       -2669.814       6612.648       6428.309    0.000  -0.138   0.380   0.
  2017 352  3 50 24 513 352.160005949      -3.27      3.39      0.60  0.       -2671.032       6612.989       6427.415    0.000  -0.138   0.380   0.
  2017 352  3 50 25 513 352.160017523      -2.99      2.12      1.42  0.       -2672.250       6613.330       6426.521    0.000  -0.138   0.380   0.
  2017 352  3 50 26 513 352.160029097      -2.57      2.14      1.06  0.       -2673.468       6613.671       6425.626    0.000  -0.138   0.380   0.
  2017 352  3 50 27 513 352.160040671      -2.57      2.42      0.50  0.       -2674.686       6614.011       6424.732    0.000  -0.138   0.380   0.
  2017 352  3 50 28 514 352.160052245      -2.58      2.87      0.30  0.       -2675.903       6614.351       6423.836    0.000  -0.138   0.380   0.
  2017 352  3 50 29 514 352.160063819      -2.30      3.11      0.01  0.       -2677.120       6614.691       6422.941    0.000  -0.138   0.380   0.
  2017 352  3 50 30 513 352.160075391      -2.71      4.18      0.01  0.       -2678.337       6615.030       6422.045    0.000  -0.138   0.380   0.
  2017 352  3 50 31 513 352.160086965      -2.61      4.17     -1.37  0.       -2679.555       6615.369       6421.149    0.000  -0.138   0.380   0.
  2017 352  3 50 32 513 352.160098539      -2.15      4.08     -1.31  0.       -2680.771       6615.708       6420.253    0.000  -0.138   0.380   0.
  2017 352  3 50 33 513 352.160110113      -2.17      3.32      0.32  0.       -2681.988       6616.047       6419.356    0.000  -0.138   0.380   0.
  2017 352  3 50 34 513 352.160121687      -2.26      2.40      0.80  0.       -2683.205       6616.385       6418.459    0.000  -0.138   0.380   0.
  2017 352  3 50 35 513 352.160133261      -2.72      1.69     -0.97  0.       -2684.421       6616.722       6417.562    0.000  -0.138   0.380   0.
  2017 352  3 50 36 513 352.160144835      -2.81      0.79     -0.06  0.       -2685.638       6617.060       6416.664    0.000  -0.138   0.380   0.
  2017 352  3 50 37 513 352.160156409      -2.13      2.66      0.44  0.       -2686.854       6617.397       6415.766    0.000  -0.138   0.380   0.
  2017 352  3 50 38 513 352.160167983      -2.09      3.60      0.79  0.       -2688.070       6617.734       6414.868    0.000  -0.139   0.381   0.
  2017 352  3 50 39 513 352.160179557      -1.65      4.82      0.69  0.       -2689.286       6618.070       6413.969    0.000  -0.139   0.381   0.
  2017 352  3 50 40 513 352.160191131      -2.87      3.64      1.03  0.       -2690.502       6618.407       6413.070    0.000  -0.138   0.380   0.
  2017 352  3 50 41 513 352.160202705      -3.15      1.55      1.01  0.       -2691.718       6618.742       6412.171    0.000  -0.138   0.380   0.
  2017 352  3 50 42 513 352.160214280      -2.57      2.16      0.73  0.       -2692.934       6619.078       6411.271    0.000  -0.138   0.380   0.
  2017 352  3 50 43 513 352.160225854      -2.11      2.17     -0.42  0.       -2694.149       6619.413       6410.372    0.000  -0.138   0.380   0.
  2017 352  3 50 44 513 352.160237428      -2.40      2.77     -0.44  0.       -2695.365       6619.748       6409.472    0.000  -0.139   0.381   0.
  2017 352  3 50 45 513 352.160249002      -3.04      3.60     -0.81  0.       -2696.580       6620.083       6408.571    0.000  -0.139   0.381   0.
  2017 352  3 50 46 513 352.160260576      -2.87      4.02     -0.58  0.       -2697.795       6620.417       6407.670    0.000  -0.138   0.380   0.
  2017 352  3 50 47 513 352.160272150      -3.05      2.95     -1.88  0.       -2699.010       6620.751       6406.769    0.000  -0.138   0.380   0.
  2017 352  3 50 48 513 352.160283724      -2.75      2.27     -0.57  0.       -2700.225       6621.084       6405.868    0.000  -0.138   0.380   0.
  2017 352  3 50 49 513 352.160295298      -2.63      3.09      0.50  0.       -2701.439       6621.418       6404.966    0.000  -0.138   0.380   0.
  2017 352  3 50 50 513 352.160306872      -2.95      4.01      0.50  0.       -2702.654       6621.751       6404.064    0.000  -0.138   0.380   0.
  2017 352  3 50 51 513 352.160318446      -3.91      3.79      1.43  0.       -2703.868       6622.083       6403.162    0.000  -0.138   0.380   0.
  2017 352  3 50 52 513 352.160330020      -4.64      3.42      0.92  0.       -2705.083       6622.416       6402.259    0.000  -0.138   0.380   0.
  2017 352  3 50 53 513 352.160341594      -4.18      2.78     -0.37  0.       -2706.297       6622.748       6401.356    0.000  -0.138   0.380   0.
  2017 352  3 50 54 513 352.160353168      -3.23      1.89      0.20  0.       -2707.511       6623.079       6400.453    0.000  -0.138   0.380   0.
  2017 352  3 50 55 513 352.160364742      -3.68      2.69      0.21  0.       -2708.725       6623.411       6399.550    0.000  -0.138   0.380   0.
  2017 352  3 50 56 513 352.160376317      -2.66      3.00     -0.01  0.       -2709.939       6623.742       6398.646    0.000  -0.138   0.380   0.
  2017 352  3 50 57 513 352.160387891      -2.07      2.74      0.51  0.       -2711.152       6624.073       6397.742    0.000  -0.138   0.380   0.
  2017 352  3 50 58 513 352.160399465      -1.86      2.52      0.24  0.       -2712.366       6624.403       6396.837    0.000  -0.138   0.380   0.
  2017 352  3 50 59 513 352.160411039      -1.74      2.26      2.00  0.       -2713.579       6624.733       6395.932    0.000  -0.138   0.380   0.
  2017 352  3 51  0 513 352.160422611      -1.16      0.92      2.20  0.       -2714.793       6625.063       6395.027    0.000  -0.138   0.380   0.
  2017 352  3 51  1 513 352.160434184      -1.16      2.20     -1.00  0.       -2716.006       6625.392       6394.122    0.000  -0.138   0.380   0.
  2017 352  3 51  2 513 352.160445758      -1.65      1.51     -0.87  0.       -2717.219       6625.721       6393.216    0.000  -0.139   0.381   0.
  2017 352  3 51  3 513 352.160457332      -1.10      2.83     -0.34  0.       -2718.432       6626.050       6392.310    0.000  -0.139   0.381   0.
  2017 352  3 51  4 513 352.160468906      -1.17      3.20     -1.38  0.       -2719.645       6626.379       6391.404    0.000  -0.138   0.380   0.
  2017 352  3 51  5 513 352.160480480      -1.82      2.29      1.24  0.       -2720.857       6626.707       6390.497    0.000  -0.138   0.380   0.
  2017 352  3 51  6 513 352.160492054      -1.55      1.73      0.78  0.       -2722.070       6627.035       6389.590    0.000  -0.139   0.381   0.
  2017 352  3 51  7 513 352.160503629      -1.67      1.97     -0.05  0.       -2723.282       6627.362       6388.683    0.000  -0.139   0.381   0.
  2017 352  3 51  8 513 352.160515203      -1.10      3.01     -0.65  0.       -2724.494       6627.689       6387.775    0.000  -0.138   0.380   0.
  2017 352  3 51  9 513 352.160526777      -1.80      2.86      1.16  0.       -2725.706       6628.016       6386.867    0.000  -0.138   0.380   0.
  2017 352  3 51 10 513 352.160538351      -2.51      2.70      1.89  0.       -2726.918       6628.343       6385.959    0.000  -0.138   0.380   0.
  2017 352  3 51 11 513 352.160549925      -2.64      2.90      1.15  0.       -2728.130       6628.669       6385.051    0.000  -0.138   0.380   0.
  2017 352  3 51 12 513 352.160561499      -2.74      1.55      0.01  0.       -2729.342       6628.995       6384.142    0.000  -0.138   0.380   0.
  2017 352  3 51 13 513 352.160573073      -1.97      2.78      1.54  0.       -2730.553       6629.320       6383.233    0.000  -0.138   0.380   0.
  2017 352  3 51 14 513 352.160584647      -1.70      4.14      1.54  0.       -2731.765       6629.646       6382.323    0.000  -0.139   0.381   0.
  2017 352  3 51 15 513 352.160596221      -1.37      4.90     -0.96  0.       -2732.976       6629.971       6381.414    0.000  -0.139   0.381   0.
  2017 352  3 51 16 513 352.160607795      -3.62      2.99     -0.51  0.       -2734.187       6630.295       6380.504    0.000  -0.138   0.380   0.
  2017 352  3 51 17 513 352.160619369      -2.82      2.18     -0.14  0.       -2735.398       6630.620       6379.593    0.000  -0.138   0.380   0.
  2017 352  3 51 18 513 352.160630943      -3.17      3.09     -0.91  0.       -2736.609       6630.944       6378.683    0.000  -0.138   0.380   0.
  2017 352  3 51 19 513 352.160642517      -2.93      2.58     -1.08  0.       -2737.820       6631.267       6377.772    0.000  -0.138   0.380   0.
  2017 352  3 51 20 513 352.160654091      -2.82      2.79     -1.37  0.       -2739.031       6631.591       6376.860    0.000  -0.138   0.380   0.
  2017 352  3 51 21 513 352.160665666      -2.22      4.27     -0.86  0.       -2740.241       6631.914       6375.949    0.000  -0.138   0.380   0.
  2017 352  3 51 22 513 352.160677240      -2.07      3.10     -0.93  0.       -2741.452       6632.237       6375.037    0.000  -0.139   0.381   0.
  2017 352  3 51 23 513 352.160688814      -2.24      3.93     -0.04  0.       -2742.662       6632.559       6374.125    0.000  -0.139   0.381   0.
  2017 352  3 51 24 513 352.160700388      -2.11      3.31     -0.52  0.       -2743.872       6632.881       6373.212    0.000  -0.138   0.380   0.
  2017 352  3 51 25 513 352.160711962      -1.98      2.73     -0.61  0.       -2745.082       6633.203       6372.299    0.000  -0.138   0.380   0.
  2017 352  3 51 26 513 352.160723536      -1.58      2.04     -0.32  0.       -2746.292       6633.524       6371.386    0.000  -0.138   0.380   0.
  2017 352  3 51 27 513 352.160735110      -0.65      3.04     -1.18  0.       -2747.501       6633.845       6370.473    0.000  -0.138   0.380   0.
  2017 352  3 51 28 513 352.160746684      -0.83      4.33     -2.56  0.       -2748.711       6634.166       6369.559    0.000  -0.138   0.380   0.
  2017 352  3 51 29 513 352.160758258      -0.74      3.69     -2.44  0.       -2749.920       6634.487       6368.645    0.000  -0.138   0.380   0.
  2017 352  3 51 30 513 352.160769830      -1.27      3.33     -0.52  0.       -2751.130       6634.807       6367.731    0.000  -0.139   0.381   0.
  2017 352  3 51 31 513 352.160781403      -1.54      3.41      0.28  0.       -2752.339       6635.127       6366.816    0.000  -0.139   0.381   0.
  2017 352  3 51 32 513 352.160792977      -2.58      3.56     -0.89  0.       -2753.548       6635.446       6365.901    0.000  -0.138   0.380   0.
  2017 352  3 51 33 513 352.160804552      -2.57      2.49     -1.00  0.       -2754.757       6635.765       6364.986    0.000  -0.138   0.380   0.
  2017 352  3 51 34 513 352.160816126      -1.99      2.68      0.29  0.       -2755.966       6636.084       6364.070    0.000  -0.139   0.381   0.
  2017 352  3 51 35 513 352.160827700      -2.32      3.33      0.28  0.       -2757.174       6636.403       6363.154    0.000  -0.139   0.381   0.
  2017 352  3 51 36 513 352.160839274      -3.24      1.77      0.39  0.       -2758.383       6636.721       6362.238    0.000  -0.138   0.380   0.
  2017 352  3 51 37 513 352.160850848      -2.36      2.05      0.55  0.       -2759.591       6637.039       6361.321    0.000  -0.138   0.380   0.
  2017 352  3 51 38 513 352.160862422      -2.15      3.85      0.19  0.       -2760.799       6637.356       6360.405    0.000  -0.138   0.380   0.
  2017 352  3 51 39 513 352.160873996      -2.36      4.00     -1.11  0.       -2762.007       6637.674       6359.487    0.000  -0.138   0.380   0.
  2017 352  3 51 40 513 352.160885570      -2.05      4.06     -1.79  0.       -2763.216       6637.991       6358.570    0.000  -0.139   0.381   0.
  2017 352  3 51 41 513 352.160897144      -3.00      4.41     -1.19  0.       -2764.423       6638.307       6357.652    0.000  -0.139   0.381   0.
  2017 352  3 51 42 513 352.160908718      -3.62      3.54     -0.37  0.       -2765.631       6638.623       6356.734    0.000  -0.138   0.380   0.
  2017 352  3 51 43 513 352.160920292      -3.22      1.72      0.83  0.       -2766.839       6638.939       6355.816    0.000  -0.138   0.380   0.
  2017 352  3 51 44 513 352.160931866      -2.87      0.51      1.44  0.       -2768.046       6639.255       6354.897    0.000  -0.139   0.381   0.
  2017 352  3 51 45 513 352.160943440      -2.36      3.38      1.67  0.       -2769.253       6639.570       6353.978    0.000  -0.139   0.381   0.
  2017 352  3 51 46 513 352.160955014      -1.93      3.81     -1.54  0.       -2770.461       6639.885       6353.059    0.000  -0.139   0.381   0.
  2017 352  3 51 47 513 352.160966589      -2.08      3.65     -0.30  0.       -2771.668       6640.200       6352.139    0.000  -0.139   0.381   0.
  2017 352  3 51 48 513 352.160978163      -2.97      4.26      1.42  0.       -2772.874       6640.514       6351.219    0.000  -0.138   0.380   0.
  2017 352  3 51 49 513 352.160989737      -3.25      4.36      1.41  0.       -2774.081       6640.828       6350.299    0.000  -0.138   0.380   0.
  2017 352  3 51 50 513 352.161001311      -2.81      3.02      1.73  0.       -2775.288       6641.142       6349.379    0.000  -0.138   0.380   0.
  2017 352  3 51 51 513 352.161012885      -2.75      1.50      0.49  0.       -2776.494       6641.456       6348.458    0.000  -0.138   0.380   0.
  2017 352  3 51 52 513 352.161024459      -1.64      1.55     -0.60  0.       -2777.701       6641.769       6347.536    0.000  -0.138   0.380   0.
  2017 352  3 51 53 513 352.161036033      -2.07      2.98     -0.50  0.       -2778.907       6642.081       6346.615    0.000  -0.138   0.380   0.
  2017 352  3 51 54 513 352.161047607      -3.76      3.73      0.33  0.       -2780.113       6642.394       6345.693    0.000  -0.138   0.380   0.
  2017 352  3 51 55 513 352.161059181      -4.30      3.11     -0.22  0.       -2781.319       6642.706       6344.771    0.000  -0.138   0.380   0.
  2017 352  3 51 56 513 352.161070755      -3.87      3.07     -0.22  0.       -2782.525       6643.018       6343.849    0.000  -0.138   0.380   0.
  2017 352  3 51 57 513 352.161082329      -3.04      4.20      0.60  0.       -2783.731       6643.329       6342.926    0.000  -0.138   0.380   0.
  2017 352  3 51 58 513 352.161093903      -2.79      4.49      0.43  0.       -2784.936       6643.640       6342.003    0.000  -0.139   0.381   0.
  2017 352  3 51 59 513 352.161105477      -2.79      4.00      0.48  0.       -2786.141       6643.951       6341.080    0.000  -0.139   0.381   0.
  2017 352  3 52  0 513 352.161117052      -2.30      2.23      1.93  0.       -2787.347       6644.262       6340.156    0.000  -0.138   0.380   0.
  2017 352  3 52  1 513 352.161128626      -2.23      1.53      1.92  0.       -2788.552       6644.572       6339.232    0.000  -0.138   0.380   0.
  2017 352  3 52  2 513 352.161140197      -2.24      1.57      0.64  0.       -2789.757       6644.882       6338.308    0.000  -0.138   0.380   0.
  2017 352  3 52  3 513 352.161151771      -2.16      1.92     -0.89  0.       -2790.962       6645.191       6337.384    0.000  -0.138   0.380   0.
  2017 352  3 52  4 513 352.161163345      -2.67      2.42     -0.58  0.       -2792.167       6645.501       6336.459    0.000  -0.138   0.380   0.
  2017 352  3 52  5 513 352.161174919      -3.02      2.57      1.37  0.       -2793.371       6645.809       6335.534    0.000  -0.138   0.380   0.
  2017 352  3 52  6 512 352.161186493      -2.43      2.01      2.37  0.       -2794.576       6646.118       6334.608    0.000  -0.139   0.381   0.
  2017 352  3 52  7 512 352.161198067      -2.46      3.49      1.53  0.       -2795.780       6646.426       6333.682    0.000  -0.139   0.381   0.
  2017 352  3 52  8 512 352.161209641      -2.91      2.84      0.61  0.       -2796.984       6646.734       6332.756    0.000  -0.139   0.381   0.
  2017 352  3 52  9 512 352.161221215      -2.33      1.71      0.97  0.       -2798.188       6647.042       6331.830    0.000  -0.139   0.381   0.
  2017 352  3 52 10 513 352.161232789      -1.32      0.48      1.25  0.       -2799.392       6647.349       6330.903    0.000  -0.138   0.380   0.
  2017 352  3 52 11 513 352.161244363      -1.50      2.78     -0.63  0.       -2800.596       6647.656       6329.976    0.000  -0.138   0.380   0.
  2017 352  3 52 12 513 352.161255938      -2.43      4.15     -1.21  0.       -2801.800       6647.963       6329.049    0.000  -0.138   0.380   0.
  2017 352  3 52 13 512 352.161267512      -4.20      3.40      1.55  0.       -2803.003       6648.269       6328.121    0.000  -0.138   0.380   0.
  2017 352  3 52 14 512 352.161279086      -3.72      2.17      1.99  0.       -2804.207       6648.575       6327.193    0.000  -0.138   0.380   0.
  2017 352  3 52 15 513 352.161290660      -3.59      3.54      0.65  0.       -2805.410       6648.881       6326.265    0.000  -0.138   0.380   0.
  2017 352  3 52 16 513 352.161302234      -4.47      3.85      0.76  0.       -2806.613       6649.186       6325.337    0.000  -0.138   0.380   0.
  2017 352  3 52 17 513 352.161313808      -4.15      2.80      1.18  0.       -2807.816       6649.491       6324.408    0.000  -0.138   0.380   0.
  2017 352  3 52 18 513 352.161325382      -2.75      1.89      0.93  0.       -2809.019       6649.796       6323.479    0.000  -0.138   0.380   0.
  2017 352  3 52 19 512 352.161336956      -2.40      0.87      0.68  0.       -2810.222       6650.100       6322.550    0.000  -0.138   0.380   0.
  2017 352  3 52 20 512 352.161348530      -2.52      1.15      1.06  0.       -2811.424       6650.404       6321.620    0.000  -0.138   0.380   0.
  2017 352  3 52 21 512 352.161360104      -2.01      2.59      0.21  0.       -2812.627       6650.708       6320.690    0.000  -0.138   0.380   0.
  2017 352  3 52 22 512 352.161371678      -1.80      4.14      0.80  0.       -2813.829       6651.011       6319.759    0.000  -0.139   0.381   0.
  2017 352  3 52 23 512 352.161383252      -1.70      3.64     -0.13  0.       -2815.031       6651.315       6318.829    0.000  -0.139   0.381   0.
  2017 352  3 52 24 513 352.161394826      -2.73      3.10     -0.06  0.       -2816.233       6651.617       6317.898    0.000  -0.139   0.381   0.
  2017 352  3 52 25 513 352.161406400      -2.49      1.86      1.07  0.       -2817.435       6651.920       6316.966    0.000  -0.139   0.381   0.
  2017 352  3 52 26 512 352.161417975      -1.87      2.46      0.74  0.       -2818.637       6652.222       6316.035    0.000  -0.139   0.381   0.
  2017 352  3 52 27 512 352.161429549      -2.85      4.30      0.56  0.       -2819.838       6652.524       6315.103    0.000  -0.139   0.381   0.
  2017 352  3 52 28 513 352.161441123      -2.89      3.82      1.35  0.       -2821.040       6652.825       6314.171    0.000  -0.138   0.380   0.
  2017 352  3 52 29 513 352.161452697      -3.85      2.52      1.10  0.       -2822.241       6653.126       6313.238    0.000  -0.138   0.380   0.
  2017 352  3 52 30 513 352.161464271      -2.31      1.00      0.57  0.       -2823.442       6653.427       6312.306    0.000  -0.138   0.380   0.
  2017 352  3 52 31 513 352.161475845      -1.34      1.55     -1.77  0.       -2824.643       6653.728       6311.372    0.000  -0.138   0.380   0.
  2017 352  3 52 32 513 352.161487417      -2.21      2.59     -0.26  0.       -2825.844       6654.028       6310.439    0.000  -0.139   0.381   0.
  2017 352  3 52 33 512 352.161498990      -3.14      3.70      1.48  0.       -2827.045       6654.328       6309.505    0.000  -0.139   0.381   0.
  2017 352  3 52 34 512 352.161510564      -3.28      3.33      0.43  0.       -2828.246       6654.627       6308.571    0.000  -0.138   0.380   0.
  2017 352  3 52 35 512 352.161522138      -4.29      3.24      0.63  0.       -2829.446       6654.927       6307.637    0.000  -0.138   0.380   0.
  2017 352  3 52 36 512 352.161533712      -3.79      2.65      1.72  0.       -2830.647       6655.226       6306.702    0.000  -0.138   0.380   0.
  2017 352  3 52 37 512 352.161545286      -3.38      3.84      0.74  0.       -2831.847       6655.524       6305.767    0.000  -0.138   0.380   0.
  2017 352  3 52 38 512 352.161556861      -4.03      4.07      0.63  0.       -2833.047       6655.822       6304.832    0.000  -0.138   0.380   0.
  2017 352  3 52 39 512 352.161568435      -4.22      3.63      0.39  0.       -2834.247       6656.120       6303.896    0.000  -0.138   0.380   0.
  2017 352  3 52 40 512 352.161580009      -2.36      1.29      1.35  0.       -2835.447       6656.418       6302.961    0.000  -0.139   0.381   0.
  2017 352  3 52 41 512 352.161591583      -1.91      1.88      0.87  0.       -2836.647       6656.715       6302.024    0.000  -0.139   0.381   0.
  2017 352  3 52 42 512 352.161603157      -2.60      2.61     -0.59  0.       -2837.846       6657.012       6301.088    0.000  -0.138   0.380   0.
  2017 352  3 52 43 512 352.161614731      -1.92      2.56     -0.27  0.       -2839.046       6657.309       6300.151    0.000  -0.138   0.380   0.
  2017 352  3 52 44 512 352.161626305      -2.30      2.65      0.62  0.       -2840.245       6657.605       6299.214    0.000  -0.138   0.380   0.
  2017 352  3 52 45 512 352.161637879      -3.14      2.74      1.56  0.       -2841.444       6657.901       6298.277    0.000  -0.138   0.380   0.
  2017 352  3 52 46 512 352.161649453      -2.90      3.51      2.06  0.       -2842.643       6658.197       6297.339    0.000  -0.139   0.381   0.
  2017 352  3 52 47 512 352.161661027      -3.07      3.14      1.80  0.       -2843.842       6658.492       6296.401    0.000  -0.139   0.381   0.
  2017 352  3 52 48 512 352.161672601      -3.04      1.93      2.03  0.       -2845.041       6658.787       6295.463    0.000  -0.138   0.380   0.
  2017 352  3 52 49 512 352.161684175      -2.29      2.33      0.06  0.       -2846.239       6659.082       6294.524    0.000  -0.138   0.380   0.
  2017 352  3 52 50 512 352.161695749      -1.47      2.69     -1.21  0.       -2847.438       6659.377       6293.585    0.000  -0.138   0.380   0.
  2017 352  3 52 51 512 352.161707323      -1.76      3.63     -1.12  0.       -2848.636       6659.671       6292.646    0.000  -0.138   0.380   0.
  2017 352  3 52 52 512 352.161718898      -1.78      3.74     -0.06  0.       -2849.834       6659.964       6291.707    0.000  -0.139   0.381   0.
  2017 352  3 52 53 512 352.161730472      -2.39      3.29      1.64  0.       -2851.032       6660.258       6290.767    0.000  -0.139   0.381   0.
  2017 352  3 52 54 512 352.161742046      -3.11      2.74      1.28  0.       -2852.230       6660.551       6289.827    0.000  -0.139   0.381   0.
  2017 352  3 52 55 512 352.161753620      -3.12      1.86      0.69  0.       -2853.428       6660.844       6288.886    0.000  -0.139   0.381   0.
  2017 352  3 52 56 512 352.161765194      -3.00      1.84      0.63  0.       -2854.626       6661.136       6287.945    0.000  -0.139   0.381   0.
  2017 352  3 52 57 512 352.161776768      -2.26      2.25      0.53  0.       -2855.823       6661.428       6287.004    0.000  -0.139   0.381   0.
  2017 352  3 52 58 512 352.161788342      -2.17      2.26      1.14  0.       -2857.021       6661.720       6286.063    0.000  -0.138   0.380   0.
  2017 352  3 52 59 512 352.161799916      -2.44      0.98      0.28  0.       -2858.218       6662.012       6285.121    0.000  -0.138   0.380   0.
  2017 352  3 53  0 512 352.161811488      -2.32      2.27     -0.32  0.       -2859.415       6662.303       6284.179    0.000  -0.138   0.380   0.
  2017 352  3 53  1 512 352.161823061      -2.25      3.16     -0.06  0.       -2860.612       6662.594       6283.237    0.000  -0.138   0.380   0.
  2017 352  3 53  2 512 352.161834635      -2.44      2.16      1.66  0.       -2861.809       6662.884       6282.294    0.000  -0.139   0.381   0.
  2017 352  3 53  3 512 352.161846210      -2.95      2.16      1.01  0.       -2863.005       6663.174       6281.352    0.000  -0.139   0.381   0.
  2017 352  3 53  4 512 352.161857784      -3.32      3.17     -0.85  0.       -2864.202       6663.464       6280.408    0.000  -0.138   0.380   0.
  2017 352  3 53  5 512 352.161869358      -4.06      2.89      0.28  0.       -2865.398       6663.754       6279.465    0.000  -0.138   0.380   0.
  2017 352  3 53  6 512 352.161880932      -4.19      1.08      2.07  0.       -2866.594       6664.043       6278.521    0.000  -0.139   0.381   0.
  2017 352  3 53  7 512 352.161892506      -2.74      1.28      1.12  0.       -2867.791       6664.332       6277.577    0.000  -0.139   0.381   0.
  2017 352  3 53  8 512 352.161904080      -1.83      3.86     -0.16  0.       -2868.987       6664.620       6276.633    0.000  -0.139   0.381   0.
  2017 352  3 53  9 512 352.161915654      -2.99      3.82     -0.12  0.       -2870.182       6664.908       6275.688    0.000  -0.139   0.381   0.
  2017 352  3 53 10 512 352.161927228      -2.43      2.99      0.67  0.       -2871.378       6665.197       6274.743    0.000  -0.139   0.381   0.
  2017 352  3 53 11 512 352.161938802      -2.44      3.16      0.04  0.       -2872.574       6665.484       6273.798    0.000  -0.139   0.381   0.
  2017 352  3 53 12 512 352.161950376      -2.01      2.14     -0.14  0.       -2873.769       6665.772       6272.852    0.000  -0.139   0.381   0.
  2017 352  3 53 13 512 352.161961950      -2.54      2.46      0.42  0.       -2874.964       6666.059       6271.906    0.000  -0.139   0.381   0.
  2017 352  3 53 14 512 352.161973524      -2.57      4.29      0.27  0.       -2876.159       6666.345       6270.960    0.000  -0.139   0.381   0.
  2017 352  3 53 15 512 352.161985098      -3.76      4.42      0.11  0.       -2877.354       6666.632       6270.013    0.000  -0.139   0.381   0.
  2017 352  3 53 16 512 352.161996672      -3.11      1.32      0.16  0.       -2878.549       6666.918       6269.066    0.000  -0.139   0.381   0.
  2017 352  3 53 17 512 352.162008247      -1.73      0.67      0.62  0.       -2879.744       6667.203       6268.119    0.000  -0.139   0.381   0.
  2017 352  3 53 18 512 352.162019821      -0.71      0.32      1.03  0.       -2880.939       6667.489       6267.172    0.000  -0.139   0.381   0.
  2017 352  3 53 19 512 352.162031395      -1.22      3.31     -0.42  0.       -2882.133       6667.774       6266.224    0.000  -0.139   0.381   0.
  2017 352  3 53 20 512 352.162042969      -2.83      3.60      0.58  0.       -2883.327       6668.058       6265.276    0.000  -0.139   0.381   0.
  2017 352  3 53 21 512 352.162054543      -3.60      2.64      0.57  0.       -2884.521       6668.343       6264.328    0.000  -0.139   0.381   0.
  2017 352  3 53 22 512 352.162066117      -3.36      3.41      0.07  0.       -2885.715       6668.627       6263.379    0.000  -0.139   0.381   0.
  2017 352  3 53 23 512 352.162077691      -3.26      3.51     -0.20  0.       -2886.909       6668.911       6262.430    0.000  -0.139   0.381   0.
  2017 352  3 53 24 512 352.162089265      -3.30      2.19      1.47  0.       -2888.103       6669.194       6261.481    0.000  -0.139   0.381   0.
  2017 352  3 53 25 512 352.162100839      -3.18      1.73      0.94  0.       -2889.297       6669.477       6260.531    0.000  -0.139   0.381   0.
  2017 352  3 53 26 512 352.162112413      -2.50      1.32     -0.53  0.       -2890.490       6669.760       6259.581    0.000  -0.139   0.381   0.
  2017 352  3 53 27 512 352.162123987      -1.79      2.40     -0.57  0.       -2891.683       6670.042       6258.631    0.000  -0.139   0.381   0.
  2017 352  3 53 28 512 352.162135561      -1.74      3.19      0.17  0.       -2892.877       6670.325       6257.681    0.000  -0.139   0.381   0.
  2017 352  3 53 29 512 352.162147135      -2.20      2.60      1.78  0.       -2894.070       6670.606       6256.730    0.000  -0.139   0.381   0.
  2017 352  3 53 30 512 352.162158707      -2.27      2.97      1.03  0.       -2895.263       6670.888       6255.779    0.000  -0.139   0.381   0.
  2017 352  3 53 31 512 352.162170281      -1.45      2.65     -0.12  0.       -2896.455       6671.169       6254.827    0.000  -0.139   0.381   0.
  2017 352  3 53 32 512 352.162181855      -0.75      1.89      2.13  0.       -2897.648       6671.450       6253.876    0.000  -0.139   0.381   0.
  2017 352  3 53 33 512 352.162193429      -1.34      3.76      1.99  0.       -2898.840       6671.730       6252.924    0.000  -0.139   0.381   0.
  2017 352  3 53 34 512 352.162205003      -3.06      2.82      2.36  0.       -2900.033       6672.011       6251.971    0.000  -0.138   0.380   0.
  2017 352  3 53 35 512 352.162216577      -3.86      2.87      1.35  0.       -2901.225       6672.290       6251.019    0.000  -0.138   0.380   0.
  2017 352  3 53 36 512 352.162228151      -3.61      3.29      2.23  0.       -2902.417       6672.570       6250.066    0.000  -0.138   0.380   0.
  2017 352  3 53 37 512 352.162239725      -2.76      1.57      1.02  0.       -2903.609       6672.849       6249.113    0.000  -0.138   0.380   0.
  2017 352  3 53 38 512 352.162251299      -2.12      0.01      0.64  0.       -2904.801       6673.128       6248.159    0.000  -0.138   0.380   0.
  2017 352  3 53 39 512 352.162262873      -1.43      2.80      0.68  0.       -2905.992       6673.407       6247.205    0.000  -0.138   0.380   0.
  2017 352  3 53 40 512 352.162274447      -1.56      2.83      1.55  0.       -2907.184       6673.685       6246.251    0.000  -0.139   0.381   0.
  2017 352  3 53 41 512 352.162286021      -2.38      2.42      1.02  0.       -2908.375       6673.963       6245.297    0.000  -0.139   0.381   0.
  2017 352  3 53 42 512 352.162297595      -3.14      1.52      1.47  0.       -2909.566       6674.240       6244.342    0.000  -0.138   0.380   0.
  2017 352  3 53 43 512 352.162309170      -2.04      0.57      0.72  0.       -2910.757       6674.518       6243.387    0.000  -0.138   0.380   0.
  2017 352  3 53 44 512 352.162320744      -1.79      1.97      1.69  0.       -2911.948       6674.795       6242.432    0.000  -0.138   0.380   0.
  2017 352  3 53 45 512 352.162332318      -1.81      1.00      2.48  0.       -2913.139       6675.071       6241.476    0.000  -0.138   0.380   0.
  2017 352  3 53 46 512 352.162343892      -2.52      3.58      0.04  0.       -2914.330       6675.347       6240.520    0.000  -0.139   0.381   0.
  2017 352  3 53 47 512 352.162355466      -3.53      3.62     -0.15  0.       -2915.520       6675.623       6239.564    0.000  -0.139   0.381   0.
  2017 352  3 53 48 512 352.162367040      -3.34      2.66      0.10  0.       -2916.711       6675.899       6238.607    0.000  -0.138   0.380   0.
  2017 352  3 53 49 512 352.162378614      -2.50      2.23      0.61  0.       -2917.901       6676.175       6237.650    0.000  -0.138   0.380   0.
  2017 352  3 53 50 512 352.162390188      -1.65      3.46     -0.47  0.       -2919.091       6676.449       6236.693    0.000  -0.138   0.380   0.
  2017 352  3 53 51 512 352.162401762      -2.42      4.58     -0.57  0.       -2920.281       6676.724       6235.736    0.000  -0.138   0.380   0.
  2017 352  3 53 52 512 352.162413336      -3.48      4.11      0.27  0.       -2921.471       6676.998       6234.778    0.000  -0.139   0.381   0.
  2017 352  3 53 53 512 352.162424910      -3.65      1.86      0.05  0.       -2922.660       6677.273       6233.820    0.000  -0.139   0.381   0.
  2017 352  3 53 54 512 352.162436484      -2.26      1.45      0.44  0.       -2923.850       6677.546       6232.862    0.000  -0.139   0.381   0.
  2017 352  3 53 55 512 352.162448058      -2.86      3.23     -0.83  0.       -2925.039       6677.820       6231.903    0.000  -0.139   0.381   0.
  2017 352  3 53 56 512 352.162459633      -3.22      3.84      0.76  0.       -2926.228       6678.093       6230.944    0.000  -0.138   0.380   0.
  2017 352  3 53 57 512 352.162471207      -3.59      4.17      0.86  0.       -2927.418       6678.365       6229.985    0.000  -0.138   0.380   0.
  2017 352  3 53 58 512 352.162482781      -4.63      3.84     -1.32  0.       -2928.606       6678.638       6229.025    0.000  -0.138   0.380   0.
  2017 352  3 53 59 512 352.162494355      -3.08      3.05     -0.33  0.       -2929.795       6678.910       6228.065    0.000  -0.138   0.380   0.
  2017 352  3 54  0 512 352.162505926      -2.88      4.11      0.86  0.       -2930.984       6679.182       6227.105    0.000  -0.139   0.381   0.
  2017 352  3 54  1 512 352.162517500      -3.73      2.12      2.22  0.       -2932.172       6679.453       6226.144    0.000  -0.139   0.381   0.
  2017 352  3 54  2 511 352.162529074      -3.18      0.99      1.56  0.       -2933.361       6679.724       6225.184    0.000  -0.139   0.381   0.
  2017 352  3 54  3 511 352.162540648      -2.62      1.68      0.25  0.       -2934.549       6679.995       6224.223    0.000  -0.139   0.381   0.
  2017 352  3 54  4 511 352.162552222      -2.47      3.69      0.90  0.       -2935.737       6680.266       6223.261    0.000  -0.138   0.380   0.
  2017 352  3 54  5 511 352.162563796      -2.90      3.56      0.16  0.       -2936.925       6680.536       6222.299    0.000  -0.138   0.380   0.
  2017 352  3 54  6 512 352.162575370      -2.94      2.51     -1.43  0.       -2938.113       6680.806       6221.337    0.000  -0.139   0.381   0.
  2017 352  3 54  7 512 352.162586944      -2.83      2.27     -1.75  0.       -2939.300       6681.075       6220.375    0.000  -0.139   0.381   0.
  2017 352  3 54  8 511 352.162598519      -2.36      2.70     -2.72  0.       -2940.488       6681.344       6219.413    0.000  -0.138   0.380   0.
  2017 352  3 54  9 511 352.162610093      -2.29      3.53     -0.30  0.       -2941.675       6681.613       6218.450    0.000  -0.138   0.380   0.
  2017 352  3 54 10 512 352.162621667      -2.44      3.29      2.57  0.       -2942.863       6681.882       6217.486    0.000  -0.138   0.380   0.
  2017 352  3 54 11 512 352.162633241      -3.03      0.88      3.25  0.       -2944.050       6682.150       6216.523    0.000  -0.138   0.380   0.
  2017 352  3 54 12 512 352.162644815      -2.90      0.71      0.06  0.       -2945.237       6682.418       6215.559    0.000  -0.139   0.381   0.
  2017 352  3 54 13 512 352.162656389      -1.90      2.49      0.31  0.       -2946.423       6682.685       6214.595    0.000  -0.139   0.381   0.
  2017 352  3 54 14 512 352.162667963      -2.07      3.19      0.89  0.       -2947.610       6682.952       6213.631    0.000  -0.139   0.381   0.
  2017 352  3 54 15 511 352.162679537      -2.11      3.19     -0.32  0.       -2948.797       6683.219       6212.666    0.000  -0.139   0.381   0.
  2017 352  3 54 16 511 352.162691111      -2.16      1.76     -0.16  0.       -2949.983       6683.486       6211.701    0.000  -0.139   0.381   0.
  2017 352  3 54 17 511 352.162702685      -2.07      2.63     -1.50  0.       -2951.169       6683.752       6210.736    0.000  -0.139   0.381   0.
  2017 352  3 54 18 511 352.162714259      -2.92      4.56     -0.83  0.       -2952.355       6684.018       6209.770    0.000  -0.139   0.381   0.
  2017 352  3 54 19 511 352.162725833      -2.27      4.79      1.33  0.       -2953.541       6684.284       6208.804    0.000  -0.139   0.381   0.
  2017 352  3 54 20 512 352.162737407      -3.66      3.50      0.44  0.       -2954.727       6684.549       6207.838    0.000  -0.139   0.381   0.
  2017 352  3 54 21 512 352.162748981      -3.22      1.80      0.06  0.       -2955.913       6684.814       6206.871    0.000  -0.139   0.381   0.
  2017 352  3 54 22 511 352.162760556      -2.93      3.27     -0.30  0.       -2957.098       6685.079       6205.904    0.000  -0.139   0.381   0.
  2017 352  3 54 23 511 352.162772130      -2.29      0.67     -1.54  0.       -2958.284       6685.343       6204.937    0.000  -0.139   0.381   0.
  2017 352  3 54 24 512 352.162783704      -2.51      1.66      0.24  0.       -2959.469       6685.607       6203.970    0.000  -0.139   0.381   0.
  2017 352  3 54 25 512 352.162795278      -3.04      3.19      1.38  0.       -2960.654       6685.871       6203.002    0.000  -0.139   0.381   0.
  2017 352  3 54 26 512 352.162806852      -3.29      3.36      1.68  0.       -2961.839       6686.134       6202.034    0.000  -0.138   0.380   0.
  2017 352  3 54 27 512 352.162818426      -2.10      2.57     -0.31  0.       -2963.023       6686.397       6201.066    0.000  -0.138   0.380   0.
  2017 352  3 54 28 511 352.162830000      -0.85      3.04     -0.66  0.       -2964.209       6686.659       6200.097    0.000  -0.138   0.380   0.
  2017 352  3 54 29 511 352.162841574      -1.56      2.29      1.83  0.       -2965.393       6686.922       6199.128    0.000  -0.138   0.380   0.
  2017 352  3 54 30 511 352.162853146      -2.06      2.89      1.08  0.       -2966.577       6687.184       6198.159    0.000  -0.139   0.381   0.
  2017 352  3 54 31 511 352.162864719      -2.12      1.61      1.34  0.       -2967.762       6687.446       6197.189    0.000  -0.139   0.381   0.
  2017 352  3 54 32 511 352.162876293      -2.07      1.74     -0.88  0.       -2968.946       6687.707       6196.220    0.000  -0.139   0.381   0.
  2017 352  3 54 33 511 352.162887867      -2.42      1.28     -0.48  0.       -2970.129       6687.968       6195.249    0.000  -0.139   0.381   0.
  2017 352  3 54 34 511 352.162899442      -1.25      1.80      1.98  0.       -2971.314       6688.229       6194.279    0.000  -0.138   0.380   0.
  2017 352  3 54 35 511 352.162911016      -2.02      2.31      1.83  0.       -2972.497       6688.489       6193.308    0.000  -0.138   0.380   0.
  2017 352  3 54 36 511 352.162922590      -2.97      1.64      0.59  0.       -2973.680       6688.749       6192.337    0.000  -0.139   0.381   0.
  2017 352  3 54 37 511 352.162934164      -2.76      2.74      0.17  0.       -2974.863       6689.009       6191.366    0.000  -0.139   0.381   0.
  2017 352  3 54 38 511 352.162945738      -2.91      4.14      2.49  0.       -2976.047       6689.269       6190.394    0.000  -0.139   0.381   0.
  2017 352  3 54 39 511 352.162957312      -3.16      2.36      0.93  0.       -2977.230       6689.528       6189.422    0.000  -0.139   0.381   0.
  2017 352  3 54 40 511 352.162968886      -1.93      0.69     -0.10  0.       -2978.413       6689.786       6188.450    0.000  -0.138   0.380   0.
  2017 352  3 54 41 511 352.162980460      -1.46      0.47     -0.08  0.       -2979.596       6690.045       6187.477    0.000  -0.138   0.380   0.
  2017 352  3 54 42 511 352.162992034      -1.03      2.91     -0.89  0.       -2980.778       6690.303       6186.505    0.000  -0.139   0.381   0.
  2017 352  3 54 43 511 352.163003608      -1.77      2.57      1.35  0.       -2981.961       6690.561       6185.531    0.000  -0.139   0.381   0.
  2017 352  3 54 44 511 352.163015182      -1.94      1.33      0.83  0.       -2983.143       6690.818       6184.558    0.000  -0.139   0.381   0.
  2017 352  3 54 45 511 352.163026756      -1.21      3.79     -0.11  0.       -2984.325       6691.076       6183.584    0.000  -0.139   0.381   0.
  2017 352  3 54 46 511 352.163038330      -1.99      4.09      1.48  0.       -2985.507       6691.332       6182.610    0.000  -0.138   0.380   0.
  2017 352  3 54 47 511 352.163049905      -3.33      3.79      1.31  0.       -2986.689       6691.589       6181.636    0.000  -0.138   0.380   0.
  2017 352  3 54 48 511 352.163061479      -4.29      2.64      2.43  0.       -2987.871       6691.845       6180.661    0.000  -0.138   0.380   0.
  2017 352  3 54 49 511 352.163073053      -4.11      1.96      1.62  0.       -2989.053       6692.101       6179.686    0.000  -0.138   0.380   0.
  2017 352  3 54 50 511 352.163084627      -4.24      2.16      0.24  0.       -2990.234       6692.356       6178.711    0.000  -0.138   0.380   0.
  2017 352  3 54 51 511 352.163096201      -3.03      3.00     -0.95  0.       -2991.415       6692.612       6177.735    0.000  -0.138   0.380   0.
  2017 352  3 54 52 511 352.163107775      -1.90      3.52     -1.02  0.       -2992.597       6692.867       6176.760    0.000  -0.138   0.380   0.
  2017 352  3 54 53 511 352.163119349      -1.85      3.00      1.24  0.       -2993.778       6693.121       6175.783    0.000  -0.138   0.380   0.
  2017 352  3 54 54 511 352.163130923      -1.98      1.91      2.52  0.       -2994.958       6693.375       6174.807    0.000  -0.138   0.380   0.
  2017 352  3 54 55 511 352.163142497      -2.04      1.22     -0.11  0.       -2996.139       6693.629       6173.830    0.000  -0.138   0.380   0.
  2017 352  3 54 56 511 352.163154071      -1.88      1.86      1.14  0.       -2997.320       6693.883       6172.853    0.000  -0.138   0.380   0.
  2017 352  3 54 57 511 352.163165645      -1.98      1.98      0.96  0.       -2998.500       6694.136       6171.876    0.000  -0.138   0.380   0.
  2017 352  3 54 58 511 352.163177219      -2.76      2.15      0.99  0.       -2999.681       6694.389       6170.898    0.000  -0.139   0.381   0.
  2017 352  3 54 59 511 352.163188793      -2.45      3.04      1.52  0.       -3000.861       6694.642       6169.920    0.000  -0.139   0.381   0.
  2017 352  3 55  0 511 352.163200365      -1.96      1.92      1.17  0.       -3002.041       6694.894       6168.942    0.000  -0.138   0.380   0.
  2017 352  3 55  1 511 352.163211939      -2.76      1.28      0.66  0.       -3003.221       6695.146       6167.963    0.000  -0.138   0.380   0.
  2017 352  3 55  2 511 352.163223513      -1.95      2.46     -0.29  0.       -3004.400       6695.398       6166.984    0.000  -0.138   0.380   0.
  2017 352  3 55  3 511 352.163235087      -0.74      3.92      0.38  0.       -3005.580       6695.649       6166.005    0.000  -0.138   0.380   0.
  2017 352  3 55  4 511 352.163246661      -2.37      3.55      1.84  0.       -3006.759       6695.900       6165.026    0.000  -0.139   0.381   0.
  2017 352  3 55  5 511 352.163258235      -3.35      0.01      1.58  0.       -3007.939       6696.151       6164.046    0.000  -0.139   0.381   0.
  2017 352  3 55  6 511 352.163269809      -1.27      0.62      1.47  0.       -3009.118       6696.401       6163.066    0.000  -0.139   0.381   0.
  2017 352  3 55  7 511 352.163281383      -1.33      2.12     -0.49  0.       -3010.297       6696.651       6162.086    0.000  -0.139   0.381   0.
  2017 352  3 55  8 511 352.163292957      -1.96      2.63     -0.16  0.       -3011.476       6696.900       6161.105    0.000  -0.138   0.380   0.
  2017 352  3 55  9 511 352.163304531      -2.45      3.94      1.20  0.       -3012.654       6697.150       6160.124    0.000  -0.138   0.380   0.
  2017 352  3 55 10 511 352.163316105      -1.56      3.14      2.84  0.       -3013.833       6697.399       6159.143    0.000  -0.138   0.380   0.
  2017 352  3 55 11 511 352.163327679      -0.75      2.45      1.65  0.       -3015.011       6697.648       6158.161    0.000  -0.138   0.380   0.
  2017 352  3 55 12 511 352.163339253      -3.07      1.81     -0.16  0.       -3016.189       6697.896       6157.179    0.000  -0.138   0.380   0.
  2017 352  3 55 13 511 352.163350828      -2.54      0.53     -0.41  0.       -3017.368       6698.144       6156.197    0.000  -0.138   0.380   0.
  2017 352  3 55 14 511 352.163362402      -2.23      2.01     -1.07  0.       -3018.546       6698.392       6155.215    0.000  -0.138   0.380   0.
  2017 352  3 55 15 511 352.163373976      -1.75      3.13     -1.02  0.       -3019.723       6698.639       6154.232    0.000  -0.138   0.380   0.
  2017 352  3 55 16 511 352.163385550      -2.25      3.14      0.07  0.       -3020.901       6698.886       6153.249    0.000  -0.138   0.380   0.
  2017 352  3 55 17 511 352.163397124      -2.67      2.89      0.55  0.       -3022.079       6699.133       6152.266    0.000  -0.138   0.380   0.
  2017 352  3 55 18 511 352.163408698      -1.85      2.62     -0.20  0.       -3023.256       6699.380       6151.282    0.000  -0.138   0.380   0.
  2017 352  3 55 19 511 352.163420272      -2.57      2.33      1.64  0.       -3024.433       6699.626       6150.298    0.000  -0.138   0.380   0.
  2017 352  3 55 20 511 352.163431846      -2.12      0.88      1.53  0.       -3025.610       6699.871       6149.314    0.000  -0.139   0.381   0.
  2017 352  3 55 21 511 352.163443420      -2.03      3.59     -0.47  0.       -3026.787       6700.117       6148.329    0.000  -0.139   0.381   0.
  2017 352  3 55 22 511 352.163454994      -4.00      3.28      0.46  0.       -3027.964       6700.362       6147.344    0.000  -0.138   0.380   0.
  2017 352  3 55 23 511 352.163466568      -3.42      2.34      0.37  0.       -3029.141       6700.607       6146.359    0.000  -0.138   0.380   0.
  2017 352  3 55 24 511 352.163478142      -1.55      1.69      1.50  0.       -3030.317       6700.851       6145.374    0.000  -0.138   0.380   0.
  2017 352  3 55 25 511 352.163489716      -0.95      3.36      0.27  0.       -3031.493       6701.095       6144.388    0.000  -0.138   0.380   0.
  2017 352  3 55 26 511 352.163501290      -2.03      3.78      1.51  0.       -3032.670       6701.339       6143.402    0.000  -0.138   0.380   0.
  2017 352  3 55 27 511 352.163512865      -1.96      1.05      1.01  0.       -3033.846       6701.583       6142.416    0.000  -0.138   0.380   0.
  2017 352  3 55 28 511 352.163524439      -1.94      0.39      0.08  0.       -3035.022       6701.826       6141.429    0.000  -0.138   0.380   0.
  2017 352  3 55 29 511 352.163536013      -3.77      4.33      0.83  0.       -3036.197       6702.069       6140.442    0.000  -0.138   0.380   0.
  2017 352  3 55 30 511 352.163547584      -5.06      3.40     -0.12  0.       -3037.373       6702.311       6139.455    0.000  -0.138   0.380   0.
  2017 352  3 55 31 511 352.163559158      -4.02      3.24     -0.97  0.       -3038.548       6702.553       6138.467    0.000  -0.138   0.380   0.
  2017 352  3 55 32 511 352.163570732      -2.51      4.61     -0.57  0.       -3039.724       6702.795       6137.479    0.000  -0.138   0.380   0.
  2017 352  3 55 33 511 352.163582306      -1.77      3.07     -0.06  0.       -3040.899       6703.037       6136.491    0.000  -0.138   0.380   0.
  2017 352  3 55 34 511 352.163593880      -0.98      2.54      0.51  0.       -3042.074       6703.278       6135.503    0.000  -0.139   0.381   0.
  2017 352  3 55 35 511 352.163605454      -2.40      2.88      0.58  0.       -3043.249       6703.519       6134.514    0.000  -0.139   0.381   0.
  2017 352  3 55 36 511 352.163617028      -3.57      1.84     -0.43  0.       -3044.423       6703.759       6133.525    0.000  -0.138   0.380   0.
  2017 352  3 55 37 511 352.163628602      -3.46      2.50     -1.05  0.       -3045.598       6704.000       6132.536    0.000  -0.138   0.380   0.
  2017 352  3 55 38 511 352.163640177      -2.93      1.75      0.65  0.       -3046.772       6704.240       6131.546    0.000  -0.138   0.380   0.
  2017 352  3 55 39 511 352.163651751      -2.65      0.74      2.49  0.       -3047.947       6704.479       6130.556    0.000  -0.138   0.380   0.
  2017 352  3 55 40 511 352.163663325      -2.32      1.76      1.76  0.       -3049.121       6704.718       6129.566    0.000  -0.139   0.381   0.
  2017 352  3 55 41 511 352.163674899      -2.05      2.88      0.64  0.       -3050.295       6704.957       6128.575    0.000  -0.139   0.381   0.
  2017 352  3 55 42 511 352.163686473      -1.83      1.81      0.28  0.       -3051.469       6705.196       6127.584    0.000  -0.138   0.380   0.
  2017 352  3 55 43 511 352.163698047      -1.41      1.98      0.39  0.       -3052.642       6705.434       6126.593    0.000  -0.138   0.380   0.
  2017 352  3 55 44 511 352.163709621      -1.93      1.90     -0.41  0.       -3053.816       6705.672       6125.602    0.000  -0.138   0.380   0.
  2017 352  3 55 45 511 352.163721195      -2.74      2.23      1.21  0.       -3054.989       6705.910       6124.610    0.000  -0.138   0.380   0.
  2017 352  3 55 46 511 352.163732769      -1.86      1.21      2.23  0.       -3056.163       6706.147       6123.618    0.000  -0.139   0.381   0.
  2017 352  3 55 47 511 352.163744343      -0.99      2.97      1.82  0.       -3057.336       6706.384       6122.626    0.000  -0.139   0.381   0.
  2017 352  3 55 48 511 352.163755917      -2.15      1.86     -1.26  0.       -3058.509       6706.621       6121.633    0.000  -0.138   0.380   0.
  2017 352  3 55 49 511 352.163767491      -1.67      1.34     -0.51  0.       -3059.681       6706.857       6120.640    0.000  -0.138   0.380   0.
  2017 352  3 55 50 511 352.163779065      -1.68      1.11     -0.20  0.       -3060.854       6707.093       6119.647    0.000  -0.138   0.380   0.
  2017 352  3 55 51 511 352.163790639      -1.42      1.12      2.03  0.       -3062.027       6707.329       6118.654    0.000  -0.138   0.380   0.
  2017 352  3 55 52 511 352.163802214      -1.83      2.70      1.91  0.       -3063.199       6707.564       6117.660    0.000  -0.139   0.381   0.
  2017 352  3 55 53 511 352.163813788      -2.01      3.93      2.45  0.       -3064.371       6707.799       6116.666    0.000  -0.139   0.381   0.
  2017 352  3 55 54 511 352.163825362      -2.32      1.80      2.98  0.       -3065.543       6708.034       6115.671    0.000  -0.138   0.380   0.
  2017 352  3 55 55 511 352.163836936      -1.22      1.81      0.37  0.       -3066.715       6708.268       6114.677    0.000  -0.138   0.380   0.
  2017 352  3 55 56 511 352.163848510      -1.27      1.31     -1.50  0.       -3067.887       6708.502       6113.682    0.000  -0.138   0.380   0.
  2017 352  3 55 57 511 352.163860084      -1.36      3.87      0.65  0.       -3069.058       6708.736       6112.686    0.000  -0.138   0.380   0.
  2017 352  3 55 58 511 352.163871658      -1.07      1.94     -0.38  0.       -3070.230       6708.969       6111.691    0.000  -0.139   0.381   0.
  2017 352  3 55 59 511 352.163883232      -1.13      2.81     -0.53  0.       -3071.401       6709.202       6110.695    0.000  -0.139   0.381   0.
  2017 352  3 56  0 510 352.163894804      -1.74      4.16      3.71  0.       -3072.572       6709.435       6109.699    0.000  -0.139   0.381   0.
  2017 352  3 56  1 510 352.163906377      -1.86      2.52      1.73  0.       -3073.743       6709.668       6108.702    0.000  -0.139   0.381   0.
  2017 352  3 56  2 511 352.163917951      -2.58     -0.97      0.78  0.       -3074.914       6709.900       6107.705    0.000  -0.138   0.380   0.
  2017 352  3 56  3 511 352.163929525      -2.05      2.47      3.21  0.       -3076.085       6710.131       6106.708    0.000  -0.138   0.380   0.
  2017 352  3 56  4 510 352.163941100      -2.34      1.92      1.22  0.       -3077.255       6710.363       6105.711    0.000  -0.138   0.380   0.
  2017 352  3 56  5 510 352.163952674      -0.18      1.55     -2.13  0.       -3078.426       6710.594       6104.713    0.000  -0.138   0.380   0.
  2017 352  3 56  6 511 352.163964248      -1.21      1.88     -2.92  0.       -3079.596       6710.825       6103.715    0.000  -0.139   0.381   0.
  2017 352  3 56  7 511 352.163975822      -1.67      4.54     -0.39  0.       -3080.766       6711.055       6102.717    0.000  -0.139   0.381   0.
  2017 352  3 56  8 511 352.163987396      -2.25      3.90      1.57  0.       -3081.936       6711.285       6101.718    0.000  -0.139   0.381   0.
  2017 352  3 56  9 511 352.163998970      -2.96      2.43      1.75  0.       -3083.106       6711.515       6100.720    0.000  -0.139   0.381   0.
  2017 352  3 56 10 511 352.164010544      -1.77      2.64      0.03  0.       -3084.275       6711.744       6099.720    0.000  -0.138   0.380   0.
  2017 352  3 56 11 510 352.164022118      -3.00      0.98     -1.81  0.       -3085.445       6711.974       6098.721    0.000  -0.138   0.380   0.
  2017 352  3 56 12 510 352.164033692      -2.57      0.14     -0.60  0.       -3086.614       6712.203       6097.721    0.000  -0.139   0.381   0.
  2017 352  3 56 13 510 352.164045266      -1.61      0.05     -0.70  0.       -3087.784       6712.431       6096.721    0.000  -0.139   0.381   0.
  2017 352  3 56 14 510 352.164056840      -1.34      2.11     -0.47  0.       -3088.953       6712.659       6095.721    0.000  -0.138   0.380   0.
  2017 352  3 56 15 510 352.164068414      -2.17      3.62     -0.83  0.       -3090.121       6712.887       6094.720    0.000  -0.138   0.380   0.
  2017 352  3 56 16 511 352.164079988      -2.43      3.88      1.22  0.       -3091.290       6713.114       6093.719    0.000  -0.139   0.381   0.
  2017 352  3 56 17 511 352.164091563      -1.71      3.40      1.52  0.       -3092.459       6713.342       6092.718    0.000  -0.139   0.381   0.
  2017 352  3 56 18 510 352.164103137      -2.94      2.81      0.89  0.       -3093.627       6713.568       6091.716    0.000  -0.139   0.381   0.
  2017 352  3 56 19 511 352.164114711      -2.63      1.56     -0.70  0.       -3094.796       6713.795       6090.714    0.000  -0.139   0.381   0.
  2017 352  3 56 20 511 352.164126285      -1.77      2.05     -1.15  0.       -3095.963       6714.021       6089.712    0.000  -0.138   0.380   0.
  2017 352  3 56 21 511 352.164137859      -1.73      1.87     -0.09  0.       -3097.131       6714.247       6088.710    0.000  -0.138   0.380   0.
  2017 352  3 56 22 511 352.164149433      -1.09      2.43     -1.37  0.       -3098.300       6714.473       6087.707    0.000  -0.139   0.381   0.
  2017 352  3 56 23 511 352.164161007      -1.73      1.26     -0.69  0.       -3099.467       6714.698       6086.704    0.000  -0.139   0.381   0.
  2017 352  3 56 24 510 352.164172581      -1.55      1.64      1.54  0.       -3100.635       6714.923       6085.701    0.000  -0.138   0.380   0.
  2017 352  3 56 25 510 352.164184155      -1.49      2.69      0.66  0.       -3101.802       6715.147       6084.697    0.000  -0.138   0.380   0.
  2017 352  3 56 26 510 352.164195729      -1.36      1.93      0.40  0.       -3102.969       6715.372       6083.693    0.000  -0.139   0.381   0.
  2017 352  3 56 27 510 352.164207303      -1.42      2.34     -0.73  0.       -3104.136       6715.596       6082.689    0.000  -0.139   0.381   0.
  2017 352  3 56 28 510 352.164218877      -1.04      2.53      0.04  0.       -3105.303       6715.819       6081.685    0.000  -0.139   0.381   0.
  2017 352  3 56 29 511 352.164230451      -0.43      1.50      1.87  0.       -3106.470       6716.042       6080.680    0.000  -0.139   0.381   0.
  2017 352  3 56 30 511 352.164242023      -2.24      3.46      0.42  0.       -3107.637       6716.265       6079.675    0.000  -0.139   0.381   0.
  2017 352  3 56 31 510 352.164253597      -3.36      2.68     -1.43  0.       -3108.803       6716.488       6078.669    0.000  -0.139   0.381   0.
  2017 352  3 56 32 510 352.164265171      -3.01      1.65     -0.51  0.       -3109.970       6716.710       6077.664    0.000  -0.139   0.381   0.
  2017 352  3 56 33 510 352.164276745      -2.58      1.72      0.48  0.       -3111.136       6716.932       6076.658    0.000  -0.139   0.381   0.
  2017 352  3 56 34 510 352.164288319      -2.16      1.32      1.26  0.       -3112.302       6717.154       6075.651    0.000  -0.138   0.380   0.
  2017 352  3 56 35 510 352.164299893      -1.22      2.71     -1.19  0.       -3113.468       6717.375       6074.645    0.000  -0.138   0.380   0.
  2017 352  3 56 36 510 352.164311467      -1.06      2.90     -0.83  0.       -3114.633       6717.596       6073.638    0.000  -0.139   0.381   0.
  2017 352  3 56 37 510 352.164323041      -1.28      0.49      1.19  0.       -3115.799       6717.817       6072.631    0.000  -0.139   0.381   0.
  2017 352  3 56 38 510 352.164334615      -1.88      1.26      0.32  0.       -3116.964       6718.037       6071.623    0.000  -0.139   0.381   0.
  2017 352  3 56 39 510 352.164346189      -2.00      3.05     -1.63  0.       -3118.130       6718.257       6070.615    0.000  -0.139   0.381   0.
  2017 352  3 56 40 510 352.164357763      -2.74      3.55     -0.50  0.       -3119.295       6718.476       6069.607    0.000  -0.138   0.380   0.
  2017 352  3 56 41 510 352.164369337      -2.43      4.15     -0.94  0.       -3120.460       6718.696       6068.599    0.000  -0.138   0.380   0.
  2017 352  3 56 42 510 352.164380911      -3.08      4.21     -1.02  0.       -3121.625       6718.915       6067.590    0.000  -0.139   0.381   0.
  2017 352  3 56 43 510 352.164392486      -2.81      3.01     -0.50  0.       -3122.789       6719.133       6066.581    0.000  -0.139   0.381   0.
  2017 352  3 56 44 510 352.164404060      -2.25      1.13      0.15  0.       -3123.954       6719.352       6065.572    0.000  -0.139   0.381   0.
  2017 352  3 56 45 510 352.164415634      -2.69     -0.40      1.85  0.       -3125.118       6719.570       6064.563    0.000  -0.139   0.381   0.
  2017 352  3 56 46 510 352.164427208      -1.60      1.49      0.07  0.       -3126.282       6719.788       6063.553    0.000  -0.138   0.380   0.
  2017 352  3 56 47 510 352.164438782      -0.38      2.84     -0.49  0.       -3127.446       6720.005       6062.543    0.000  -0.138   0.380   0.
  2017 352  3 56 48 510 352.164450356      -1.73      1.29      0.63  0.       -3128.610       6720.222       6061.532    0.000  -0.138   0.380   0.
  2017 352  3 56 49 510 352.164461930      -1.37      1.79     -0.06  0.       -3129.774       6720.439       6060.521    0.000  -0.138   0.380   0.
  2017 352  3 56 50 510 352.164473504      -1.18      2.81      0.13  0.       -3130.938       6720.655       6059.510    0.000  -0.139   0.381   0.
  2017 352  3 56 51 510 352.164485078      -1.49      4.03     -0.78  0.       -3132.101       6720.871       6058.499    0.000  -0.139   0.381   0.
  2017 352  3 56 52 510 352.164496652      -1.13      4.75     -0.64  0.       -3133.264       6721.087       6057.487    0.000  -0.138   0.380   0.
  2017 352  3 56 53 510 352.164508226      -2.12      3.31      1.71  0.       -3134.427       6721.302       6056.475    0.000  -0.138   0.380   0.
  2017 352  3 56 54 510 352.164519800      -1.58      0.12      2.77  0.       -3135.590       6721.517       6055.463    0.000  -0.139   0.381   0.
  2017 352  3 56 55 510 352.164531374      -0.89      0.80      1.58  0.       -3136.753       6721.732       6054.451    0.000  -0.139   0.381   0.
  2017 352  3 56 56 510 352.164542948      -0.96      2.89      0.88  0.       -3137.916       6721.946       6053.438    0.000  -0.139   0.381   0.
  2017 352  3 56 57 510 352.164554523      -2.68      2.10      0.87  0.       -3139.078       6722.160       6052.425    0.000  -0.139   0.381   0.
  2017 352  3 56 58 510 352.164566097      -2.23      1.96     -0.21  0.       -3140.241       6722.374       6051.411    0.000  -0.138   0.380   0.
  2017 352  3 56 59 510 352.164577671      -2.63      2.91     -2.63  0.       -3141.403       6722.588       6050.398    0.000  -0.138   0.380   0.
  2017 352  3 57  0 510 352.164589243      -3.06      2.04     -1.75  0.       -3142.565       6722.801       6049.384    0.000  -0.138   0.380   0.
  2017 352  3 57  1 510 352.164600816      -2.31      2.94     -1.49  0.       -3143.727       6723.014       6048.370    0.000  -0.138   0.380   0.
  2017 352  3 57  2 510 352.164612390      -1.87      2.23     -0.26  0.       -3144.889       6723.226       6047.355    0.000  -0.139   0.381   0.
  2017 352  3 57  3 510 352.164623964      -1.98      1.67      0.67  0.       -3146.050       6723.438       6046.340    0.000  -0.139   0.381   0.
  2017 352  3 57  4 510 352.164635538      -1.65      1.35      0.13  0.       -3147.212       6723.650       6045.325    0.000  -0.138   0.380   0.
  2017 352  3 57  5 510 352.164647112      -1.61      1.78      0.54  0.       -3148.373       6723.861       6044.309    0.000  -0.138   0.380   0.
  2017 352  3 57  6 510 352.164658686      -2.21      2.27      0.27  0.       -3149.534       6724.072       6043.294    0.000  -0.138   0.380   0.
  2017 352  3 57  7 510 352.164670260      -2.84      3.32     -0.75  0.       -3150.695       6724.283       6042.278    0.000  -0.138   0.380   0.
  2017 352  3 57  8 510 352.164681835      -2.16      3.47     -0.10  0.       -3151.856       6724.494       6041.261    0.000  -0.139   0.381   0.
  2017 352  3 57  9 510 352.164693409      -1.22      3.52     -0.22  0.       -3153.017       6724.704       6040.245    0.000  -0.139   0.381   0.
  2017 352  3 57 10 510 352.164704983      -2.40      1.87      0.76  0.       -3154.177       6724.914       6039.228    0.000  -0.138   0.380   0.
  2017 352  3 57 11 510 352.164716557      -1.94      1.02      1.27  0.       -3155.338       6725.123       6038.211    0.000  -0.138   0.380   0.
  2017 352  3 57 12 510 352.164728131      -2.36      2.39     -0.30  0.       -3156.498       6725.332       6037.193    0.000  -0.139   0.381   0.
  2017 352  3 57 13 510 352.164739705      -2.98      3.37     -0.09  0.       -3157.658       6725.541       6036.175    0.000  -0.139   0.381   0.
  2017 352  3 57 14 510 352.164751279      -2.22      2.22      1.47  0.       -3158.818       6725.750       6035.157    0.000  -0.138   0.380   0.
  2017 352  3 57 15 510 352.164762853      -1.97      1.38      1.00  0.       -3159.978       6725.958       6034.139    0.000  -0.138   0.380   0.
  2017 352  3 57 16 510 352.164774427      -2.10      1.54      0.96  0.       -3161.137       6726.166       6033.120    0.000  -0.138   0.380   0.
  2017 352  3 57 17 510 352.164786001      -2.46      2.39     -0.42  0.       -3162.297       6726.373       6032.101    0.000  -0.138   0.380   0.
  2017 352  3 57 18 510 352.164797575      -1.36      1.67      0.23  0.       -3163.456       6726.580       6031.082    0.000  -0.139   0.381   0.
  2017 352  3 57 19 510 352.164809149      -0.90      0.80      1.66  0.       -3164.615       6726.787       6030.062    0.000  -0.139   0.381   0.
  2017 352  3 57 20 510 352.164820723      -1.46      1.08      0.56  0.       -3165.774       6726.994       6029.042    0.000  -0.139   0.381   0.
  2017 352  3 57 21 510 352.164832297      -2.00      1.86      0.60  0.       -3166.933       6727.200       6028.022    0.000  -0.139   0.381   0.
  2017 352  3 57 22 510 352.164843872      -2.07      2.73      0.26  0.       -3168.091       6727.406       6027.002    0.000  -0.138   0.380   0.
  2017 352  3 57 23 510 352.164855446      -2.30      2.15     -1.52  0.       -3169.250       6727.612       6025.981    0.000  -0.138   0.380   0.
  2017 352  3 57 24 510 352.164867020      -2.39      0.50      0.62  0.       -3170.408       6727.817       6024.960    0.000  -0.139   0.381   0.
  2017 352  3 57 25 510 352.164878594      -1.28      0.79      1.77  0.       -3171.567       6728.022       6023.938    0.000  -0.139   0.381   0.
  2017 352  3 57 26 510 352.164890168      -0.50      0.82      1.61  0.       -3172.725       6728.226       6022.917    0.000  -0.139   0.381   0.
  2017 352  3 57 27 510 352.164901742      -1.11      1.33      1.00  0.       -3173.883       6728.430       6021.895    0.000  -0.139   0.381   0.
  2017 352  3 57 28 510 352.164913316      -1.81      2.24     -0.53  0.       -3175.040       6728.634       6020.873    0.000  -0.138   0.380   0.
  2017 352  3 57 29 510 352.164924890      -1.09      3.78     -0.55  0.       -3176.198       6728.838       6019.850    0.000  -0.138   0.380   0.
  2017 352  3 57 30 510 352.164936462      -1.78      2.10      2.08  0.       -3177.355       6729.041       6018.827    0.000  -0.138   0.380   0.
  2017 352  3 57 31 510 352.164948035      -2.23      1.18      2.06  0.       -3178.513       6729.244       6017.804    0.000  -0.138   0.380   0.
  2017 352  3 57 32 510 352.164959609      -2.60      1.09     -0.07  0.       -3179.670       6729.447       6016.781    0.000  -0.139   0.381   0.
  2017 352  3 57 33 510 352.164971183      -1.78      2.19     -1.05  0.       -3180.827       6729.649       6015.757    0.000  -0.139   0.381   0.
  2017 352  3 57 34 510 352.164982758      -2.67      2.49      0.32  0.       -3181.984       6729.851       6014.733    0.000  -0.138   0.380   0.
  2017 352  3 57 35 510 352.164994332      -3.45      2.87      1.40  0.       -3183.140       6730.053       6013.709    0.000  -0.138   0.380   0.
  2017 352  3 57 36 510 352.165005906      -3.78      2.42      0.52  0.       -3184.297       6730.254       6012.684    0.000  -0.138   0.380   0.
  2017 352  3 57 37 510 352.165017480      -2.66      1.94      0.02  0.       -3185.453       6730.455       6011.659    0.000  -0.138   0.380   0.
  2017 352  3 57 38 510 352.165029054      -2.10      1.87      0.14  0.       -3186.609       6730.655       6010.634    0.000  -0.139   0.381   0.
  2017 352  3 57 39 510 352.165040628      -1.87      1.24      0.33  0.       -3187.765       6730.856       6009.609    0.000  -0.139   0.381   0.
  2017 352  3 57 40 510 352.165052202      -1.41      2.03      0.74  0.       -3188.921       6731.056       6008.583    0.000  -0.139   0.381   0.
  2017 352  3 57 41 510 352.165063776      -1.32      2.94      0.18  0.       -3190.077       6731.255       6007.557    0.000  -0.139   0.381   0.
  2017 352  3 57 42 510 352.165075350      -2.39      1.96     -0.51  0.       -3191.232       6731.455       6006.530    0.000  -0.138   0.380   0.
  2017 352  3 57 43 510 352.165086924      -2.08      3.11     -0.47  0.       -3192.388       6731.654       6005.504    0.000  -0.138   0.380   0.
  2017 352  3 57 44 510 352.165098498      -1.80      3.56     -0.26  0.       -3193.543       6731.852       6004.477    0.000  -0.138   0.380   0.
  2017 352  3 57 45 510 352.165110072      -3.18      2.57      0.11  0.       -3194.698       6732.051       6003.450    0.000  -0.138   0.380   0.
  2017 352  3 57 46 510 352.165121646      -3.27      1.56      1.00  0.       -3195.853       6732.249       6002.422    0.000  -0.139   0.381   0.
  2017 352  3 57 47 510 352.165133221      -2.77      1.91      1.01  0.       -3197.008       6732.446       6001.394    0.000  -0.139   0.381   0.
  2017 352  3 57 48 510 352.165144795      -3.13      1.94      0.55  0.       -3198.163       6732.644       6000.366    0.000  -0.138   0.380   0.
  2017 352  3 57 49 510 352.165156369      -2.40      1.49     -0.18  0.       -3199.317       6732.841       5999.338    0.000  -0.138   0.380   0.
  2017 352  3 57 50 510 352.165167943      -2.06      1.81     -0.33  0.       -3200.471       6733.037       5998.309    0.000  -0.138   0.380   0.
  2017 352  3 57 51 510 352.165179517      -1.88      2.13      0.02  0.       -3201.626       6733.234       5997.280    0.000  -0.138   0.380   0.
  2017 352  3 57 52 510 352.165191091      -1.44      1.34      1.88  0.       -3202.780       6733.430       5996.251    0.000  -0.139   0.381   0.
  2017 352  3 57 53 510 352.165202665      -1.49      0.60      2.30  0.       -3203.933       6733.625       5995.221    0.000  -0.139   0.381   0.
  2017 352  3 57 54 510 352.165214239      -1.65      0.93      1.49  0.       -3205.087       6733.821       5994.191    0.000  -0.138   0.380   0.
  2017 352  3 57 55 510 352.165225813      -0.88      2.07      1.23  0.       -3206.241       6734.016       5993.161    0.000  -0.138   0.380   0.
  2017 352  3 57 56 510 352.165237387      -1.97      1.86     -0.31  0.       -3207.394       6734.211       5992.131    0.000  -0.139   0.381   0.
  2017 352  3 57 57 510 352.165248961      -1.59      2.09      1.16  0.       -3208.547       6734.405       5991.100    0.000  -0.139   0.381   0.
  2017 352  3 57 58 510 352.165260535      -1.22      1.54     -0.46  0.       -3209.700       6734.599       5990.069    0.000  -0.138   0.380   0.
  2017 352  3 57 59 510 352.165272109      -1.27      1.27      0.41  0.       -3210.853       6734.793       5989.038    0.000  -0.138   0.380   0.
  2017 352  3 58  0 509 352.165283681      -2.33      2.87      1.13  0.       -3212.006       6734.986       5988.006    0.000  -0.139   0.381   0.
  2017 352  3 58  1 509 352.165295255      -1.52      1.87      2.39  0.       -3213.159       6735.179       5986.974    0.000  -0.139   0.381   0.
  2017 352  3 58  2 510 352.165306829      -2.63      1.65      2.90  0.       -3214.311       6735.372       5985.942    0.000  -0.138   0.380   0.
  2017 352  3 58  3 510 352.165318403      -3.11      0.80      1.19  0.       -3215.463       6735.564       5984.909    0.000  -0.138   0.380   0.
  2017 352  3 58  4 510 352.165329977      -2.50      0.68      0.25  0.       -3216.615       6735.756       5983.876    0.000  -0.139   0.381   0.
  2017 352  3 58  5 510 352.165341551      -1.79      1.51     -1.41  0.       -3217.767       6735.948       5982.843    0.000  -0.139   0.381   0.
  2017 352  3 58  6 510 352.165353125      -1.64      1.93     -1.46  0.       -3218.919       6736.140       5981.810    0.000  -0.139   0.381   0.
  2017 352  3 58  7 509 352.165364699      -1.19      2.69     -0.19  0.       -3220.071       6736.331       5980.776    0.000  -0.139   0.381   0.
  2017 352  3 58  8 509 352.165376273      -1.67      2.49      0.92  0.       -3221.222       6736.521       5979.742    0.000  -0.138   0.380   0.
  2017 352  3 58  9 509 352.165387847      -1.56      1.86      1.46  0.       -3222.374       6736.712       5978.708    0.000  -0.138   0.380   0.
  2017 352  3 58 10 509 352.165399421      -2.10      1.46      0.59  0.       -3223.525       6736.902       5977.673    0.000  -0.139   0.381   0.
  2017 352  3 58 11 510 352.165410995      -1.13      0.93      0.39  0.       -3224.676       6737.092       5976.639    0.000  -0.139   0.381   0.
  2017 352  3 58 12 510 352.165422569      -0.72      2.64     -1.15  0.       -3225.827       6737.281       5975.604    0.000  -0.138   0.380   0.
  2017 352  3 58 13 509 352.165434144      -1.89      3.41      0.37  0.       -3226.977       6737.470       5974.568    0.000  -0.138   0.380   0.
  2017 352  3 58 14 509 352.165445718      -2.39      1.15      2.42  0.       -3228.128       6737.659       5973.532    0.000  -0.138   0.380   0.
  2017 352  3 58 15 510 352.165457292      -2.39      0.74      0.82  0.       -3229.278       6737.847       5972.496    0.000  -0.138   0.380   0.
  2017 352  3 58 16 510 352.165468866      -2.12      2.08     -1.30  0.       -3230.429       6738.035       5971.460    0.000  -0.139   0.381   0.
  2017 352  3 58 17 510 352.165480440      -3.17      1.80     -0.62  0.       -3231.579       6738.223       5970.423    0.000  -0.139   0.381   0.
  2017 352  3 58 18 510 352.165492014      -2.99      1.86      0.21  0.       -3232.729       6738.411       5969.387    0.000  -0.138   0.380   0.
  2017 352  3 58 19 510 352.165503588      -2.83      2.44      0.97  0.       -3233.878       6738.598       5968.349    0.000  -0.138   0.380   0.
  2017 352  3 58 20 509 352.165515162      -2.34      2.63      1.24  0.       -3235.028       6738.785       5967.312    0.000  -0.138   0.380   0.
  2017 352  3 58 21 509 352.165526736      -1.87      3.08      0.43  0.       -3236.177       6738.971       5966.274    0.000  -0.138   0.380   0.
  2017 352  3 58 22 509 352.165538310      -2.20      2.83      0.15  0.       -3237.327       6739.157       5965.236    0.000  -0.139   0.381   0.
  2017 352  3 58 23 509 352.165549884      -1.78      1.02      0.79  0.       -3238.476       6739.343       5964.198    0.000  -0.139   0.381   0.
  2017 352  3 58 24 509 352.165561458      -1.93      2.17      0.87  0.       -3239.625       6739.529       5963.159    0.000  -0.139   0.381   0.
  2017 352  3 58 25 510 352.165573032      -1.78      2.54      0.19  0.       -3240.774       6739.714       5962.120    0.000  -0.139   0.381   0.
  2017 352  3 58 26 510 352.165584606      -1.19      1.50      0.44  0.       -3241.922       6739.899       5961.081    0.000  -0.139   0.381   0.
  2017 352  3 58 27 509 352.165596181      -0.75      1.21      0.13  0.       -3243.071       6740.083       5960.041    0.000  -0.139   0.381   0.
  2017 352  3 58 28 509 352.165607752      -0.60      2.06     -1.10  0.       -3244.219       6740.267       5959.001    0.000  -0.139   0.381   0.
  2017 352  3 58 29 509 352.165619326      -2.44      2.39      0.65  0.       -3245.367       6740.451       5957.961    0.000  -0.139   0.381   0.
  2017 352  3 58 30 509 352.165630900      -2.45      2.82     -0.71  0.       -3246.515       6740.635       5956.921    0.000  -0.139   0.381   0.
  2017 352  3 58 31 509 352.165642474      -1.85      2.82      0.07  0.       -3247.663       6740.818       5955.880    0.000  -0.139   0.381   0.
  2017 352  3 58 32 509 352.165654048      -2.48      3.56      0.67  0.       -3248.811       6741.001       5954.839    0.000  -0.138   0.380   0.
  2017 352  3 58 33 509 352.165665622      -3.44      2.66     -0.03  0.       -3249.958       6741.183       5953.798    0.000  -0.138   0.380   0.
  2017 352  3 58 34 509 352.165677196      -3.12      1.69     -0.28  0.       -3251.106       6741.365       5952.756    0.000  -0.139   0.381   0.
  2017 352  3 58 35 509 352.165688770      -2.26      1.33     -0.45  0.       -3252.253       6741.547       5951.715    0.000  -0.139   0.381   0.
  2017 352  3 58 36 509 352.165700344      -1.49      0.90     -0.04  0.       -3253.400       6741.729       5950.672    0.000  -0.139   0.381   0.
  2017 352  3 58 37 509 352.165711918      -1.33      1.78     -0.50  0.       -3254.547       6741.910       5949.630    0.000  -0.139   0.381   0.
  2017 352  3 58 38 509 352.165723492      -1.22      2.66     -0.00  0.       -3255.694       6742.091       5948.587    0.000  -0.139   0.381   0.
  2017 352  3 58 39 509 352.165735067      -1.34      4.01      1.11  0.       -3256.840       6742.271       5947.544    0.000  -0.139   0.381   0.
  2017 352  3 58 40 509 352.165746641      -2.07      2.12      0.85  0.       -3257.987       6742.452       5946.501    0.000  -0.138   0.380   0.
  2017 352  3 58 41 509 352.165758215      -2.29      0.80      0.84  0.       -3259.133       6742.631       5945.457    0.000  -0.138   0.380   0.
  2017 352  3 58 42 509 352.165769789      -2.57      2.16     -0.31  0.       -3260.279       6742.811       5944.413    0.000  -0.139   0.381   0.
  2017 352  3 58 43 509 352.165781363      -2.69      3.11     -0.44  0.       -3261.425       6742.990       5943.369    0.000  -0.139   0.381   0.
  2017 352  3 58 44 509 352.165792937      -2.67      3.15      0.46  0.       -3262.571       6743.169       5942.325    0.000  -0.139   0.381   0.
  2017 352  3 58 45 509 352.165804511      -1.96      1.47      0.94  0.       -3263.716       6743.348       5941.280    0.000  -0.139   0.381   0.
  2017 352  3 58 46 509 352.165816085      -1.19      1.60     -0.53  0.       -3264.862       6743.526       5940.235    0.000  -0.139   0.381   0.
  2017 352  3 58 47 509 352.165827659      -2.10      2.96     -0.69  0.       -3266.007       6743.704       5939.190    0.000  -0.139   0.381   0.
  2017 352  3 58 48 509 352.165839233      -2.19      2.48     -0.24  0.       -3267.152       6743.881       5938.144    0.000  -0.139   0.381   0.
  2017 352  3 58 49 509 352.165850807      -2.24      1.89      0.42  0.       -3268.297       6744.059       5937.098    0.000  -0.139   0.381   0.
  2017 352  3 58 50 509 352.165862381      -1.24      0.66      0.09  0.       -3269.442       6744.235       5936.052    0.000  -0.138   0.380   0.
  2017 352  3 58 51 509 352.165873955      -0.86      1.87      0.43  0.       -3270.587       6744.412       5935.005    0.000  -0.138   0.380   0.
  2017 352  3 58 52 509 352.165885530      -1.87      1.00      1.35  0.       -3271.731       6744.588       5933.958    0.000  -0.139   0.381   0.
  2017 352  3 58 53 509 352.165897104      -2.21      1.40     -1.00  0.       -3272.876       6744.764       5932.911    0.000  -0.139   0.381   0.
  2017 352  3 58 54 509 352.165908678      -2.07      1.21     -0.94  0.       -3274.020       6744.940       5931.864    0.000  -0.138   0.380   0.
  2017 352  3 58 55 509 352.165920252      -1.76      2.13     -0.56  0.       -3275.164       6745.115       5930.816    0.000  -0.138   0.380   0.
  2017 352  3 58 56 509 352.165931826      -2.06      2.24      0.86  0.       -3276.308       6745.290       5929.768    0.000  -0.138   0.380   0.
  2017 352  3 58 57 509 352.165943400      -2.90      2.14      1.17  0.       -3277.451       6745.465       5928.720    0.000  -0.138   0.380   0.
  2017 352  3 58 58 509 352.165954974      -2.39      2.02      1.19  0.       -3278.595       6745.639       5927.671    0.000  -0.139   0.381   0.
  2017 352  3 58 59 509 352.165966548      -1.67      1.71      1.48  0.       -3279.738       6745.813       5926.623    0.000  -0.139   0.381   0.
  2017 352  3 59  0 509 352.165978120      -1.69      2.49      1.03  0.       -3280.881       6745.986       5925.573    0.000  -0.139   0.381   0.
  2017 352  3 59  1 509 352.165989693      -1.78      2.53     -0.82  0.       -3282.025       6746.160       5924.524    0.000  -0.139   0.381   0.
  2017 352  3 59  2 509 352.166001267      -1.93      2.20     -0.72  0.       -3283.167       6746.332       5923.474    0.000  -0.139   0.381   0.
  2017 352  3 59  3 509 352.166012841      -1.73      2.08     -1.25  0.       -3284.310       6746.505       5922.424    0.000  -0.139   0.381   0.
  2017 352  3 59  4 509 352.166024416      -1.06      2.06     -0.58  0.       -3285.453       6746.677       5921.374    0.000  -0.138   0.380   0.
  2017 352  3 59  5 509 352.166035990      -1.54      2.19     -0.24  0.       -3286.595       6746.849       5920.323    0.000  -0.138   0.380   0.
  2017 352  3 59  6 509 352.166047564      -1.93      2.60     -0.84  0.       -3287.737       6747.021       5919.273    0.000  -0.138   0.380   0.
  2017 352  3 59  7 509 352.166059138      -2.43      2.25     -0.26  0.       -3288.879       6747.192       5918.221    0.000  -0.138   0.380   0.
  2017 352  3 59  8 509 352.166070712      -2.08      2.09      0.77  0.       -3290.021       6747.363       5917.170    0.000  -0.139   0.381   0.
  2017 352  3 59  9 509 352.166082286      -2.00      2.43      2.04  0.       -3291.163       6747.534       5916.118    0.000  -0.139   0.381   0.
  2017 352  3 59 10 509 352.166093860      -1.75      0.78      2.18  0.       -3292.305       6747.704       5915.066    0.000  -0.138   0.380   0.
  2017 352  3 59 11 509 352.166105434      -2.16      1.51      0.15  0.       -3293.446       6747.874       5914.014    0.000  -0.138   0.380   0.
  2017 352  3 59 12 509 352.166117008      -1.80      2.00     -1.20  0.       -3294.588       6748.044       5912.961    0.000  -0.139   0.381   0.
  2017 352  3 59 13 509 352.166128582      -1.06      2.81     -0.06  0.       -3295.729       6748.213       5911.908    0.000  -0.139   0.381   0.
  2017 352  3 59 14 509 352.166140156      -1.21      2.02      2.50  0.       -3296.870       6748.382       5910.855    0.000  -0.139   0.381   0.
  2017 352  3 59 15 509 352.166151730      -1.96      1.59      1.55  0.       -3298.010       6748.551       5909.802    0.000  -0.139   0.381   0.
  2017 352  3 59 16 509 352.166163304      -2.01      3.76     -1.57  0.       -3299.151       6748.719       5908.748    0.000  -0.139   0.381   0.
  2017 352  3 59 17 509 352.166174879      -3.12      3.54     -1.47  0.       -3300.292       6748.887       5907.694    0.000  -0.139   0.381   0.
  2017 352  3 59 18 509 352.166186453      -2.96      2.11     -0.95  0.       -3301.432       6749.055       5906.639    0.000  -0.138   0.380   0.
  2017 352  3 59 19 509 352.166198027      -2.64      1.50     -0.15  0.       -3302.572       6749.222       5905.585    0.000  -0.138   0.380   0.
  2017 352  3 59 20 509 352.166209601      -2.59      2.27     -0.23  0.       -3303.712       6749.389       5904.530    0.000  -0.139   0.381   0.
  2017 352  3 59 21 509 352.166221175      -2.33      2.42     -0.16  0.       -3304.852       6749.556       5903.475    0.000  -0.139   0.381   0.
  2017 352  3 59 22 509 352.166232749      -1.26      2.36     -0.27  0.       -3305.991       6749.722       5902.419    0.000  -0.138   0.380   0.
  2017 352  3 59 23 509 352.166244323      -0.45      2.90     -0.97  0.       -3307.131       6749.888       5901.364    0.000  -0.138   0.380   0.
  2017 352  3 59 24 509 352.166255897      -1.33      2.47      0.45  0.       -3308.270       6750.053       5900.307    0.000  -0.139   0.381   0.
  2017 352  3 59 25 509 352.166267471      -1.55      1.12      2.15  0.       -3309.410       6750.219       5899.251    0.000  -0.139   0.381   0.
  2017 352  3 59 26 509 352.166279045      -2.25      1.33      0.78  0.       -3310.549       6750.384       5898.194    0.000  -0.139   0.381   0.
  2017 352  3 59 27 509 352.166290619      -2.44      1.80      0.29  0.       -3311.687       6750.548       5897.137    0.000  -0.139   0.381   0.
  2017 352  3 59 28 509 352.166302193      -1.69      2.19     -0.20  0.       -3312.826       6750.713       5896.080    0.000  -0.138   0.380   0.
  2017 352  3 59 29 509 352.166313767      -2.32      2.42     -1.10  0.       -3313.965       6750.877       5895.022    0.000  -0.138   0.380   0.
  2017 352  3 59 30 509 352.166325339      -3.20      2.14     -0.44  0.       -3315.103       6751.041       5893.964    0.000  -0.139   0.381   0.
  2017 352  3 59 31 509 352.166336913      -2.98      2.77      0.67  0.       -3316.241       6751.204       5892.906    0.000  -0.139   0.381   0.
  2017 352  3 59 32 509 352.166348487      -1.72      2.07      0.92  0.       -3317.379       6751.367       5891.848    0.000  -0.139   0.381   0.
  2017 352  3 59 33 509 352.166360061      -1.67      2.61      0.38  0.       -3318.517       6751.530       5890.789    0.000  -0.139   0.381   0.
  2017 352  3 59 34 509 352.166371635      -2.52      1.69      1.81  0.       -3319.655       6751.692       5889.730    0.000  -0.138   0.380   0.
  2017 352  3 59 35 509 352.166383209      -2.64      1.36      1.78  0.       -3320.792       6751.854       5888.671    0.000  -0.138   0.380   0.
  2017 352  3 59 36 509 352.166394783      -1.38      1.96     -0.04  0.       -3321.930       6752.016       5887.611    0.000  -0.139   0.381   0.
  2017 352  3 59 37 509 352.166406357      -1.96      1.50      0.11  0.       -3323.067       6752.177       5886.551    0.000  -0.139   0.381   0.
  2017 352  3 59 38 509 352.166417931      -1.96      1.40     -0.52  0.       -3324.204       6752.338       5885.491    0.000  -0.139   0.381   0.
  2017 352  3 59 39 509 352.166429505      -1.07      1.62     -1.44  0.       -3325.341       6752.498       5884.431    0.000  -0.139   0.381   0.
  2017 352  3 59 40 509 352.166441079      -0.72      2.73     -2.04  0.       -3326.478       6752.659       5883.370    0.000  -0.138   0.380   0.
  2017 352  3 59 41 509 352.166452653      -2.04      3.35      0.03  0.       -3327.614       6752.819       5882.309    0.000  -0.138   0.380   0.
  2017 352  3 59 42 509 352.166464227      -3.46      3.29     -0.05  0.       -3328.751       6752.979       5881.248    0.000  -0.139   0.381   0.
  2017 352  3 59 43 509 352.166475802      -4.26      1.96     -0.02  0.       -3329.887       6753.138       5880.186    0.000  -0.139   0.381   0.
  2017 352  3 59 44 509 352.166487376      -3.45      1.58      0.99  0.       -3331.023       6753.297       5879.124    0.000  -0.139   0.381   0.
  2017 352  3 59 45 509 352.166498950      -1.80      1.17     -0.00  0.       -3332.159       6753.456       5878.062    0.000  -0.139   0.381   0.
  2017 352  3 59 46 509 352.166510524      -1.80      1.39     -0.10  0.       -3333.295       6753.614       5877.000    0.000  -0.138   0.380   0.
  2017 352  3 59 47 509 352.166522098      -2.38      2.43      0.27  0.       -3334.430       6753.772       5875.937    0.000  -0.138   0.380   0.
  2017 352  3 59 48 509 352.166533672      -2.65      2.67      0.56  0.       -3335.566       6753.930       5874.874    0.000  -0.139   0.381   0.
  2017 352  3 59 49 509 352.166545246      -2.37      2.15      0.76  0.       -3336.701       6754.087       5873.810    0.000  -0.139   0.381   0.
  2017 352  3 59 50 509 352.166556820      -2.13      2.76      0.27  0.       -3337.836       6754.244       5872.747    0.000  -0.139   0.381   0.
  2017 352  3 59 51 509 352.166568394      -2.33      2.24     -1.00  0.       -3338.971       6754.401       5871.683    0.000  -0.139   0.381   0.
  2017 352  3 59 52 509 352.166579968      -2.21      1.30     -0.74  0.       -3340.106       6754.558       5870.619    0.000  -0.138   0.380   0.
  2017 352  3 59 53 509 352.166591542      -1.34      1.19     -0.38  0.       -3341.240       6754.714       5869.554    0.000  -0.138   0.380   0.
  2017 352  3 59 54 509 352.166603116      -1.16      1.84     -0.27  0.       -3342.375       6754.869       5868.489    0.000  -0.139   0.381   0.
  2017 352  3 59 55 509 352.166614690      -1.41      2.30      0.28  0.       -3343.509       6755.025       5867.424    0.000  -0.139   0.381   0.
  2017 352  3 59 56 509 352.166626264      -1.75      3.11      0.47  0.       -3344.643       6755.180       5866.359    0.000  -0.139   0.381   0.
  2017 352  3 59 57 509 352.166637839      -2.15      3.01      0.06  0.       -3345.777       6755.334       5865.293    0.000  -0.139   0.381   0.
  2017 352  3 59 58 509 352.166649413      -1.55      1.90     -0.06  0.       -3346.911       6755.489       5864.228    0.000  -0.139   0.381   0.
  2017 352  3 59 59 509 352.166660987      -1.44      2.31      0.17  0.       -3348.045       6755.643       5863.161    0.000  -0.139   0.381   0.
  2017 352  4  0  0 509 352.166672558      -2.22      2.96     -1.38  0.       -3349.178       6755.797       5862.095    0.000  -0.138   0.380   0.
  2017 352  4  0  1 509 352.166684132      -2.69      2.41     -0.97  0.       -3350.311       6755.950       5861.028    0.000  -0.138   0.380   0.
  2017 352  4  0  2 508 352.166695706      -2.44      2.47     -0.34  0.       -3351.444       6756.103       5859.961    0.000  -0.139   0.381   0.
  2017 352  4  0  3 508 352.166707280      -2.42      2.24     -0.92  0.       -3352.577       6756.256       5858.894    0.000  -0.139   0.381   0.
  2017 352  4  0  4 508 352.166718854      -2.52      2.02     -0.46  0.       -3353.710       6756.408       5857.826    0.000  -0.138   0.380   0.
  2017 352  4  0  5 508 352.166730428      -2.03      1.30      0.25  0.       -3354.843       6756.560       5856.758    0.000  -0.138   0.380   0.
  2017 352  4  0  6 508 352.166742002      -1.75      1.47     -0.14  0.       -3355.975       6756.712       5855.690    0.000  -0.138   0.380   0.
  2017 352  4  0  7 509 352.166753576      -2.03      1.67      0.23  0.       -3357.108       6756.863       5854.621    0.000  -0.138   0.380   0.
  2017 352  4  0  8 509 352.166765150      -2.81      2.13      0.46  0.       -3358.240       6757.015       5853.552    0.000  -0.139   0.381   0.
  2017 352  4  0  9 508 352.166776725      -2.85      2.29     -0.96  0.       -3359.372       6757.165       5852.483    0.000  -0.139   0.381   0.
  2017 352  4  0 10 508 352.166788299      -2.34      2.46     -2.16  0.       -3360.504       6757.316       5851.414    0.000  -0.138   0.380   0.
  2017 352  4  0 11 509 352.166799873      -2.37      3.57     -1.18  0.       -3361.635       6757.466       5850.344    0.000  -0.138   0.380   0.
  2017 352  4  0 12 509 352.166811447      -2.72      2.86      0.11  0.       -3362.767       6757.615       5849.274    0.000  -0.138   0.380   0.
  2017 352  4  0 13 509 352.166823021      -2.51      2.99      0.06  0.       -3363.898       6757.765       5848.204    0.000  -0.138   0.380   0.
  2017 352  4  0 14 509 352.166834595      -2.39      2.81      0.03  0.       -3365.029       6757.914       5847.133    0.000  -0.138   0.380   0.
  2017 352  4  0 15 509 352.166846169      -3.17      2.90     -0.02  0.       -3366.160       6758.063       5846.063    0.000  -0.138   0.380   0.
  2017 352  4  0 16 508 352.166857743      -2.74      2.04      0.19  0.       -3367.291       6758.211       5844.992    0.000  -0.139   0.381   0.
  2017 352  4  0 17 508 352.166869317      -2.18      1.53     -0.45  0.       -3368.422       6758.359       5843.920    0.000  -0.139   0.381   0.
  2017 352  4  0 18 508 352.166880891      -1.74      2.32     -0.68  0.       -3369.552       6758.507       5842.849    0.000  -0.138   0.380   0.
  2017 352  4  0 19 508 352.166892465      -0.62      1.79     -0.97  0.       -3370.682       6758.654       5841.777    0.000  -0.138   0.380   0.
  2017 352  4  0 20 509 352.166904039      -1.30      1.62      0.48  0.       -3371.813       6758.801       5840.704    0.000  -0.138   0.380   0.
  2017 352  4  0 21 509 352.166915613      -1.66      3.03      0.84  0.       -3372.943       6758.948       5839.632    0.000  -0.138   0.380   0.
  2017 352  4  0 22 508 352.166927187      -2.29      2.57      1.18  0.       -3374.072       6759.095       5838.559    0.000  -0.139   0.381   0.
  2017 352  4  0 23 508 352.166938762      -2.68      2.22      1.30  0.       -3375.202       6759.241       5837.486    0.000  -0.139   0.381   0.
  2017 352  4  0 24 509 352.166950336      -2.81      1.81      0.63  0.       -3376.332       6759.386       5836.412    0.000  -0.138   0.380   0.
  2017 352  4  0 25 509 352.166961910      -2.81      1.51     -0.29  0.       -3377.461       6759.532       5835.339    0.000  -0.138   0.380   0.
  2017 352  4  0 26 509 352.166973484      -2.45      2.39     -1.45  0.       -3378.590       6759.677       5834.265    0.000  -0.138   0.380   0.
  2017 352  4  0 27 509 352.166985058      -1.35      2.63     -0.48  0.       -3379.719       6759.822       5833.190    0.000  -0.138   0.380   0.
  2017 352  4  0 28 509 352.166996632      -1.76      1.58      0.24  0.       -3380.848       6759.966       5832.116    0.000  -0.139   0.381   0.
  2017 352  4  0 29 508 352.167008206      -1.76      1.13      0.99  0.       -3381.976       6760.110       5831.041    0.000  -0.139   0.381   0.
  2017 352  4  0 30 508 352.167019778      -1.75      1.28      1.07  0.       -3383.105       6760.254       5829.966    0.000  -0.138   0.380   0.
  2017 352  4  0 31 508 352.167031351      -1.90      1.90      0.84  0.       -3384.233       6760.397       5828.890    0.000  -0.138   0.380   0.
  2017 352  4  0 32 508 352.167042925      -1.70      1.58      1.39  0.       -3385.361       6760.541       5827.815    0.000  -0.138   0.380   0.
  2017 352  4  0 33 508 352.167054499      -1.90      2.30      0.65  0.       -3386.489       6760.683       5826.739    0.000  -0.138   0.380   0.
  2017 352  4  0 34 508 352.167066073      -1.99      2.19      1.18  0.       -3387.617       6760.826       5825.662    0.000  -0.139   0.381   0.
  2017 352  4  0 35 508 352.167077648      -1.84      1.23      2.34  0.       -3388.745       6760.968       5824.586    0.000  -0.139   0.381   0.
  2017 352  4  0 36 508 352.167089222      -1.92     -0.37      2.82  0.       -3389.872       6761.110       5823.509    0.000  -0.139   0.381   0.
  2017 352  4  0 37 508 352.167100796      -1.61     -0.27      2.22  0.       -3391.000       6761.251       5822.432    0.000  -0.139   0.381   0.
  2017 352  4  0 38 508 352.167112370      -1.56      0.20      1.23  0.       -3392.127       6761.392       5821.354    0.000  -0.138   0.380   0.
  2017 352  4  0 39 508 352.167123944      -2.52      2.17      1.39  0.       -3393.254       6761.533       5820.277    0.000  -0.138   0.380   0.
  2017 352  4  0 40 508 352.167135518      -2.84      1.47      3.15  0.       -3394.381       6761.673       5819.199    0.000  -0.138   0.380   0.
  2017 352  4  0 41 508 352.167147092      -2.54      0.59      2.74  0.       -3395.507       6761.813       5818.120    0.000  -0.138   0.380   0.
  2017 352  4  0 42 508 352.167158666      -2.39      0.49      1.79  0.       -3396.634       6761.953       5817.042    0.000  -0.139   0.381   0.
  2017 352  4  0 43 508 352.167170240      -2.62     -0.46      1.46  0.       -3397.760       6762.093       5815.963    0.000  -0.139   0.381   0.
  2017 352  4  0 44 508 352.167181814      -2.63      0.57      0.99  0.       -3398.886       6762.232       5814.884    0.000  -0.138   0.380   0.
  2017 352  4  0 45 508 352.167193388      -2.44      2.09      1.97  0.       -3400.012       6762.370       5813.804    0.000  -0.138   0.380   0.
  2017 352  4  0 46 508 352.167204962      -2.16      1.11      2.19  0.       -3401.138       6762.509       5812.725    0.000  -0.138   0.380   0.
  2017 352  4  0 47 508 352.167216536      -1.47     -0.76      2.27  0.       -3402.264       6762.647       5811.645    0.000  -0.138   0.380   0.
  2017 352  4  0 48 508 352.167228111      -1.64     -0.14      2.07  0.       -3403.389       6762.785       5810.564    0.000  -0.138   0.380   0.
  2017 352  4  0 49 508 352.167239685      -1.78      0.44      1.02  0.       -3404.515       6762.922       5809.484    0.000  -0.138   0.380   0.
  2017 352  4  0 50 508 352.167251259      -1.43      0.63      1.20  0.       -3405.640       6763.059       5808.403    0.000  -0.139   0.381   0.
  2017 352  4  0 51 508 352.167262833      -1.16      1.16      1.85  0.       -3406.765       6763.196       5807.322    0.000  -0.139   0.381   0.
  2017 352  4  0 52 508 352.167274407      -1.75      1.20      1.21  0.       -3407.890       6763.333       5806.240    0.000  -0.138   0.380   0.
  2017 352  4  0 53 508 352.167285981      -2.01      0.25      1.20  0.       -3409.014       6763.469       5805.159    0.000  -0.138   0.380   0.
  2017 352  4  0 54 508 352.167297555      -1.10      0.00      1.54  0.       -3410.139       6763.605       5804.077    0.000  -0.138   0.380   0.
  2017 352  4  0 55 508 352.167309129      -1.00      0.60      1.65  0.       -3411.263       6763.740       5802.994    0.000  -0.138   0.380   0.
  2017 352  4  0 56 508 352.167320703      -1.16      0.68      1.21  0.       -3412.387       6763.875       5801.912    0.000  -0.139   0.381   0.
  2017 352  4  0 57 508 352.167332277      -1.25      0.53      0.71  0.       -3413.511       6764.010       5800.829    0.000  -0.139   0.381   0.
  2017 352  4  0 58 508 352.167343849      -0.65      1.98     -0.51  0.       -3414.635       6764.144       5799.746    0.000  -0.139   0.381   0.
  2017 352  4  0 59 508 352.167355423      -1.07      2.62     -0.04  0.       -3415.759       6764.278       5798.662    0.000  -0.139   0.381   0.
  2017 352  4  1  0 508 352.167366997      -1.57      2.28      1.75  0.       -3416.882       6764.412       5797.578    0.000  -0.139   0.381   0.
  2017 352  4  1  1 508 352.167378571      -0.95      2.18      0.95  0.       -3418.005       6764.546       5796.494    0.000  -0.139   0.381   0.
  2017 352  4  1  2 508 352.167390145      -1.60      2.32     -0.78  0.       -3419.128       6764.679       5795.410    0.000  -0.139   0.381   0.
  2017 352  4  1  3 508 352.167401719      -2.07      2.16      0.19  0.       -3420.251       6764.811       5794.325    0.000  -0.139   0.381   0.
  2017 352  4  1  4 508 352.167413293      -2.18      1.79     -0.48  0.       -3421.374       6764.944       5793.241    0.000  -0.138   0.380   0.
  2017 352  4  1  5 508 352.167424867      -2.04      1.58      0.33  0.       -3422.497       6765.076       5792.155    0.000  -0.138   0.380   0.
  2017 352  4  1  6 508 352.167436441      -2.24      2.86      0.36  0.       -3423.619       6765.208       5791.070    0.000  -0.139   0.381   0.
  2017 352  4  1  7 508 352.167448015      -2.66      2.83     -0.64  0.       -3424.742       6765.339       5789.984    0.000  -0.139   0.381   0.
  2017 352  4  1  8 508 352.167459589      -2.33      3.28     -0.64  0.       -3425.864       6765.470       5788.898    0.000  -0.139   0.381   0.
  2017 352  4  1  9 508 352.167471163      -2.74      2.10      0.94  0.       -3426.986       6765.601       5787.812    0.000  -0.139   0.381   0.
  2017 352  4  1 10 508 352.167482737      -2.44      1.77      0.75  0.       -3428.107       6765.732       5786.725    0.000  -0.138   0.380   0.
  2017 352  4  1 11 508 352.167494311      -2.68      1.54      0.11  0.       -3429.229       6765.862       5785.639    0.000  -0.138   0.380   0.
  2017 352  4  1 12 508 352.167505885      -2.06      1.47      0.13  0.       -3430.351       6765.991       5784.551    0.000  -0.139   0.381   0.
  2017 352  4  1 13 508 352.167517460      -2.23      1.59      0.02  0.       -3431.472       6766.121       5783.464    0.000  -0.139   0.381   0.
  2017 352  4  1 14 508 352.167529034      -2.66      2.43     -0.33  0.       -3432.593       6766.250       5782.376    0.000  -0.139   0.381   0.
  2017 352  4  1 15 508 352.167540608      -3.02      1.94      0.81  0.       -3433.714       6766.379       5781.288    0.000  -0.139   0.381   0.
  2017 352  4  1 16 508 352.167552182      -2.70      2.40      1.01  0.       -3434.834       6766.507       5780.200    0.000  -0.138   0.380   0.
  2017 352  4  1 17 508 352.167563756      -2.31      2.70     -0.55  0.       -3435.955       6766.635       5779.111    0.000  -0.138   0.380   0.
  2017 352  4  1 18 508 352.167575330      -2.23      2.44     -0.50  0.       -3437.075       6766.763       5778.022    0.000  -0.139   0.381   0.
  2017 352  4  1 19 508 352.167586904      -2.08      0.92     -0.18  0.       -3438.196       6766.890       5776.933    0.000  -0.139   0.381   0.
  2017 352  4  1 20 508 352.167598478      -1.71      0.93      0.82  0.       -3439.316       6767.018       5775.844    0.000  -0.139   0.381   0.
  2017 352  4  1 21 508 352.167610052      -1.51      1.93      0.76  0.       -3440.436       6767.144       5774.754    0.000  -0.139   0.381   0.
  2017 352  4  1 22 508 352.167621626      -1.58      1.49      0.46  0.       -3441.555       6767.271       5773.664    0.000  -0.138   0.380   0.
  2017 352  4  1 23 508 352.167633200      -1.94      1.92     -0.18  0.       -3442.676       6767.397       5772.574    0.000  -0.138   0.380   0.
  2017 352  4  1 24 508 352.167644774      -1.50      2.66      0.98  0.       -3443.795       6767.523       5771.483    0.000  -0.138   0.380   0.
  2017 352  4  1 25 508 352.167656348      -1.46      3.29      1.00  0.       -3444.914       6767.648       5770.392    0.000  -0.138   0.380   0.
  2017 352  4  1 26 508 352.167667923      -1.97      2.97      0.88  0.       -3446.033       6767.773       5769.301    0.000  -0.139   0.381   0.
  2017 352  4  1 27 508 352.167679496      -2.24      1.69      0.74  0.       -3447.152       6767.898       5768.210    0.000  -0.139   0.381   0.
  2017 352  4  1 28 508 352.167691068      -2.03      0.63      0.60  0.       -3448.271       6768.022       5767.118    0.000  -0.138   0.380   0.
  2017 352  4  1 29 508 352.167702642      -1.27      1.48     -0.39  0.       -3449.389       6768.146       5766.026    0.000  -0.138   0.380   0.
  2017 352  4  1 30 508 352.167714216      -0.61      2.62      0.06  0.       -3450.508       6768.270       5764.934    0.000  -0.138   0.380   0.
  2017 352  4  1 31 508 352.167725790      -1.40      2.32      1.29  0.       -3451.626       6768.394       5763.841    0.000  -0.138   0.380   0.
  2017 352  4  1 32 508 352.167737364      -2.08      0.42      0.85  0.       -3452.744       6768.517       5762.748    0.000  -0.139   0.381   0.
  2017 352  4  1 33 508 352.167748938      -1.79      0.12     -0.27  0.       -3453.862       6768.640       5761.655    0.000  -0.139   0.381   0.
  2017 352  4  1 34 508 352.167760512      -1.35      2.61     -0.00  0.       -3454.979       6768.762       5760.562    0.000  -0.139   0.381   0.
  2017 352  4  1 35 508 352.167772086      -1.78      2.93     -0.81  0.       -3456.097       6768.884       5759.468    0.000  -0.139   0.381   0.
  2017 352  4  1 36 508 352.167783660      -2.23      2.84     -0.29  0.       -3457.214       6769.006       5758.374    0.000  -0.138   0.380   0.
  2017 352  4  1 37 508 352.167795234      -1.91      1.66      1.61  0.       -3458.332       6769.127       5757.280    0.000  -0.138   0.380   0.
  2017 352  4  1 38 508 352.167806808      -1.79      0.84      1.63  0.       -3459.449       6769.248       5756.185    0.000  -0.139   0.381   0.
  2017 352  4  1 39 508 352.167818383      -2.04      1.15      1.15  0.       -3460.565       6769.369       5755.090    0.000  -0.139   0.381   0.
  2017 352  4  1 40 508 352.167829957      -2.33      1.77     -0.02  0.       -3461.682       6769.489       5753.995    0.000  -0.139   0.381   0.
  2017 352  4  1 41 508 352.167841531      -2.58      2.45     -0.21  0.       -3462.799       6769.610       5752.900    0.000  -0.139   0.381   0.
  2017 352  4  1 42 508 352.167853105      -2.16      1.91     -0.70  0.       -3463.915       6769.729       5751.804    0.000  -0.138   0.380   0.
  2017 352  4  1 43 508 352.167864679      -2.18      2.42     -0.60  0.       -3465.031       6769.849       5750.708    0.000  -0.138   0.380   0.
  2017 352  4  1 44 508 352.167876253      -1.82      3.08      0.08  0.       -3466.147       6769.968       5749.612    0.000  -0.138   0.380   0.
  2017 352  4  1 45 508 352.167887827      -2.07      3.04      0.17  0.       -3467.263       6770.087       5748.515    0.000  -0.138   0.380   0.
  2017 352  4  1 46 508 352.167899401      -1.77      2.22     -0.20  0.       -3468.379       6770.205       5747.418    0.000  -0.139   0.381   0.
  2017 352  4  1 47 508 352.167910975      -1.51      2.29     -0.56  0.       -3469.494       6770.323       5746.321    0.000  -0.139   0.381   0.
  2017 352  4  1 48 508 352.167922549      -1.43      1.76     -0.06  0.       -3470.609       6770.441       5745.224    0.000  -0.138   0.380   0.
  2017 352  4  1 49 508 352.167934123      -1.14      1.26     -0.12  0.       -3471.725       6770.558       5744.126    0.000  -0.138   0.380   0.
  2017 352  4  1 50 508 352.167945697      -0.99      0.50      0.01  0.       -3472.840       6770.675       5743.028    0.000  -0.138   0.380   0.
  2017 352  4  1 51 508 352.167957271      -0.72      2.23      0.11  0.       -3473.954       6770.792       5741.930    0.000  -0.138   0.380   0.
  2017 352  4  1 52 508 352.167968845      -1.46      3.27      0.43  0.       -3475.069       6770.909       5740.831    0.000  -0.139   0.381   0.
  2017 352  4  1 53 508 352.167980420      -1.85      2.10      0.93  0.       -3476.183       6771.025       5739.732    0.000  -0.139   0.381   0.
  2017 352  4  1 54 508 352.167991994      -2.24      2.50      1.00  0.       -3477.298       6771.140       5738.633    0.000  -0.139   0.381   0.
  2017 352  4  1 55 508 352.168003568      -2.16      1.85     -0.71  0.       -3478.412       6771.256       5737.534    0.000  -0.139   0.381   0.
  2017 352  4  1 56 508 352.168015142      -2.01      2.10     -0.18  0.       -3479.526       6771.371       5736.434    0.000  -0.138   0.380   0.
  2017 352  4  1 57 508 352.168026716      -2.36      2.59      0.54  0.       -3480.640       6771.486       5735.334    0.000  -0.138   0.380   0.
  2017 352  4  1 58 507 352.168038287      -1.44      2.31     -0.61  0.       -3481.753       6771.600       5734.234    0.000  -0.139   0.381   0.
  2017 352  4  1 59 507 352.168049861      -1.65      1.59      0.04  0.       -3482.867       6771.714       5733.134    0.000  -0.139   0.381   0.
  2017 352  4  2  0 507 352.168061435      -2.04      1.50      0.66  0.       -3483.980       6771.828       5732.033    0.000  -0.139   0.381   0.
  2017 352  4  2  1 507 352.168073009      -1.70      1.39     -0.07  0.       -3485.093       6771.941       5730.932    0.000  -0.139   0.381   0.
  2017 352  4  2  2 507 352.168084583      -1.07      1.45      0.01  0.       -3486.206       6772.054       5729.830    0.000  -0.138   0.380   0.
  2017 352  4  2  3 508 352.168096157      -1.28      0.63      1.21  0.       -3487.319       6772.167       5728.729    0.000  -0.138   0.380   0.
  2017 352  4  2  4 508 352.168107732      -1.11      1.76      0.66  0.       -3488.431       6772.279       5727.627    0.000  -0.138   0.380   0.
  2017 352  4  2  5 507 352.168119306      -1.85      3.35      0.19  0.       -3489.543       6772.391       5726.524    0.000  -0.138   0.380   0.
  2017 352  4  2  6 507 352.168130880      -2.52      2.49      0.35  0.       -3490.656       6772.503       5725.422    0.000  -0.139   0.381   0.
  2017 352  4  2  7 508 352.168142454      -2.56      1.98      0.56  0.       -3491.768       6772.614       5724.319    0.000  -0.139   0.381   0.
  2017 352  4  2  8 508 352.168154028      -2.47      1.89      0.51  0.       -3492.880       6772.726       5723.216    0.000  -0.139   0.381   0.
  2017 352  4  2  9 508 352.168165602      -2.60      1.55      0.11  0.       -3493.991       6772.836       5722.113    0.000  -0.139   0.381   0.
  2017 352  4  2 10 508 352.168177176      -2.65      1.03      0.50  0.       -3495.103       6772.947       5721.009    0.000  -0.138   0.380   0.
  2017 352  4  2 11 508 352.168188750      -2.03      1.79      0.59  0.       -3496.214       6773.057       5719.905    0.000  -0.138   0.380   0.
  2017 352  4  2 12 507 352.168200324      -2.06      2.17      0.61  0.       -3497.325       6773.166       5718.801    0.000  -0.139   0.381   0.
  2017 352  4  2 13 507 352.168211898      -1.86      1.55      1.61  0.       -3498.436       6773.276       5717.696    0.000  -0.139   0.381   0.
  2017 352  4  2 14 507 352.168223472      -1.56      0.97      1.13  0.       -3499.547       6773.385       5716.592    0.000  -0.138   0.380   0.
  2017 352  4  2 15 507 352.168235046      -1.31      2.09      0.74  0.       -3500.658       6773.494       5715.486    0.000  -0.138   0.380   0.
  2017 352  4  2 16 508 352.168246620      -1.52      2.29      0.78  0.       -3501.768       6773.602       5714.381    0.000  -0.139   0.381   0.
  2017 352  4  2 17 508 352.168258194      -1.60      2.23      1.16  0.       -3502.879       6773.710       5713.275    0.000  -0.139   0.381   0.
  2017 352  4  2 18 507 352.168269769      -1.60      2.16      0.65  0.       -3503.989       6773.818       5712.170    0.000  -0.138   0.380   0.
  2017 352  4  2 19 507 352.168281343      -2.75      2.33      0.74  0.       -3505.099       6773.925       5711.063    0.000  -0.138   0.380   0.
  2017 352  4  2 20 508 352.168292917      -2.76      1.65      0.56  0.       -3506.209       6774.032       5709.957    0.000  -0.139   0.381   0.
  2017 352  4  2 21 508 352.168304491      -2.03      1.43      0.77  0.       -3507.318       6774.139       5708.850    0.000  -0.139   0.381   0.
  2017 352  4  2 22 508 352.168316065      -0.97      1.34      0.22  0.       -3508.428       6774.245       5707.743    0.000  -0.138   0.380   0.
  2017 352  4  2 23 508 352.168327639      -1.19      1.60     -0.33  0.       -3509.537       6774.351       5706.636    0.000  -0.138   0.380   0.
  2017 352  4  2 24 508 352.168339213      -1.84      1.91      0.24  0.       -3510.646       6774.457       5705.528    0.000  -0.138   0.380   0.
  2017 352  4  2 25 507 352.168350787      -2.94      1.42      0.49  0.       -3511.755       6774.562       5704.420    0.000  -0.138   0.380   0.
  2017 352  4  2 26 507 352.168362361      -3.23      1.93      0.22  0.       -3512.864       6774.667       5703.312    0.000  -0.138   0.380   0.
  2017 352  4  2 27 507 352.168373935      -2.75      2.64     -0.07  0.       -3513.972       6774.772       5702.204    0.000  -0.138   0.380   0.
  2017 352  4  2 28 507 352.168385509      -1.88      2.35     -0.36  0.       -3515.081       6774.876       5701.095    0.000  -0.139   0.381   0.
  2017 352  4  2 29 507 352.168397083      -1.20      1.92     -0.06  0.       -3516.189       6774.980       5699.986    0.000  -0.139   0.381   0.
  2017 352  4  2 30 508 352.168408655      -1.16      1.94      0.39  0.       -3517.297       6775.084       5698.876    0.000  -0.138   0.380   0.
  2017 352  4  2 31 507 352.168420229      -1.48      1.87     -0.92  0.       -3518.405       6775.187       5697.767    0.000  -0.138   0.380   0.
  2017 352  4  2 32 507 352.168431803      -1.27      1.97     -1.20  0.       -3519.513       6775.290       5696.657    0.000  -0.139   0.381   0.
  2017 352  4  2 33 507 352.168443377      -2.01      2.63     -0.66  0.       -3520.620       6775.393       5695.547    0.000  -0.139   0.381   0.
  2017 352  4  2 34 507 352.168454951      -2.44      2.69      0.41  0.       -3521.728       6775.495       5694.436    0.000  -0.138   0.380   0.
  2017 352  4  2 35 507 352.168466525      -1.96      2.24     -0.01  0.       -3522.835       6775.597       5693.326    0.000  -0.138   0.380   0.
  2017 352  4  2 36 507 352.168478099      -1.73      1.65     -0.35  0.       -3523.942       6775.699       5692.215    0.000  -0.139   0.381   0.
  2017 352  4  2 37 507 352.168489673      -2.11      0.96     -0.72  0.       -3525.048       6775.800       5691.103    0.000  -0.139   0.381   0.
  2017 352  4  2 38 507 352.168501247      -1.55      1.69     -0.70  0.       -3526.155       6775.901       5689.992    0.000  -0.139   0.381   0.
  2017 352  4  2 39 507 352.168512821      -0.89      2.43     -0.88  0.       -3527.262       6776.002       5688.880    0.000  -0.139   0.381   0.
  2017 352  4  2 40 507 352.168524395      -0.92      2.15     -1.07  0.       -3528.368       6776.102       5687.768    0.000  -0.138   0.380   0.
  2017 352  4  2 41 507 352.168535969      -1.81      1.71     -0.59  0.       -3529.474       6776.202       5686.655    0.000  -0.138   0.380   0.
  2017 352  4  2 42 507 352.168547543      -1.54      1.97     -0.37  0.       -3530.580       6776.302       5685.543    0.000  -0.138   0.380   0.
  2017 352  4  2 43 507 352.168559117      -1.40      2.00      0.39  0.       -3531.686       6776.401       5684.430    0.000  -0.138   0.380   0.
  2017 352  4  2 44 507 352.168570692      -1.24      1.35      0.98  0.       -3532.791       6776.500       5683.317    0.000  -0.138   0.380   0.
  2017 352  4  2 45 507 352.168582266      -1.82      1.29      0.58  0.       -3533.897       6776.599       5682.203    0.000  -0.138   0.380   0.
  2017 352  4  2 46 507 352.168593840      -2.89      1.85     -0.62  0.       -3535.002       6776.697       5681.089    0.000  -0.139   0.381   0.
  2017 352  4  2 47 507 352.168605414      -2.72      2.99     -1.17  0.       -3536.107       6776.795       5679.975    0.000  -0.139   0.381   0.
  2017 352  4  2 48 507 352.168616988      -1.91      3.19     -1.12  0.       -3537.212       6776.893       5678.861    0.000  -0.138   0.380   0.
  2017 352  4  2 49 507 352.168628562      -1.36      2.23     -0.71  0.       -3538.317       6776.990       5677.746    0.000  -0.138   0.380   0.
  2017 352  4  2 50 507 352.168640136      -1.81      1.13      0.13  0.       -3539.421       6777.087       5676.631    0.000  -0.139   0.381   0.
  2017 352  4  2 51 507 352.168651710      -2.45      1.39      0.41  0.       -3540.526       6777.184       5675.516    0.000  -0.139   0.381   0.
  2017 352  4  2 52 507 352.168663284      -2.11      1.36      0.81  0.       -3541.630       6777.280       5674.400    0.000  -0.138   0.380   0.
  2017 352  4  2 53 507 352.168674858      -2.14      2.08      0.76  0.       -3542.734       6777.376       5673.285    0.000  -0.138   0.380   0.
  2017 352  4  2 54 507 352.168686432      -1.73      2.08      0.12  0.       -3543.838       6777.472       5672.168    0.000  -0.138   0.380   0.
  2017 352  4  2 55 507 352.168698006      -1.46      1.75     -0.24  0.       -3544.942       6777.567       5671.052    0.000  -0.138   0.380   0.
  2017 352  4  2 56 507 352.168709580      -1.26      1.49      0.19  0.       -3546.045       6777.662       5669.935    0.000  -0.139   0.381   0.
  2017 352  4  2 57 507 352.168721154      -1.63      1.20     -0.02  0.       -3547.148       6777.756       5668.819    0.000  -0.139   0.381   0.
  2017 352  4  2 58 507 352.168732729      -1.53      0.90     -0.11  0.       -3548.252       6777.851       5667.701    0.000  -0.138   0.380   0.
  2017 352  4  2 59 507 352.168744303      -0.94      1.31     -0.05  0.       -3549.355       6777.945       5666.584    0.000  -0.138   0.380   0.
  2017 352  4  3  0 507 352.168755875      -1.04      1.43      0.03  0.       -3550.457       6778.038       5665.466    0.000  -0.138   0.380   0.
  2017 352  4  3  1 507 352.168767448      -0.82      1.87      0.27  0.       -3551.560       6778.132       5664.348    0.000  -0.138   0.380   0.
  2017 352  4  3  2 507 352.168779022      -1.03      1.94      0.43  0.       -3552.662       6778.225       5663.230    0.000  -0.139   0.381   0.
  2017 352  4  3  3 507 352.168790596      -1.64      0.95      0.33  0.       -3553.765       6778.317       5662.111    0.000  -0.139   0.381   0.
  2017 352  4  3  4 507 352.168802170      -0.54      0.56      2.45  0.       -3554.867       6778.409       5660.992    0.000  -0.138   0.380   0.
  2017 352  4  3  5 507 352.168813744      -1.57      0.43      1.28  0.       -3555.969       6778.501       5659.873    0.000  -0.138   0.380   0.
  2017 352  4  3  6 507 352.168825318      -1.55      0.85     -0.82  0.       -3557.070       6778.593       5658.753    0.000  -0.138   0.380   0.
  2017 352  4  3  7 507 352.168836892      -0.97      0.85     -1.09  0.       -3558.172       6778.684       5657.633    0.000  -0.138   0.380   0.
  2017 352  4  3  8 507 352.168848466      -0.94      1.61     -1.93  0.       -3559.273       6778.775       5656.513    0.000  -0.138   0.380   0.
  2017 352  4  3  9 507 352.168860041      -1.90      2.79     -0.98  0.       -3560.375       6778.866       5655.394    0.000  -0.138   0.380   0.
  2017 352  4  3 10 507 352.168871615      -2.52      3.04      0.84  0.       -3561.476       6778.956       5654.273    0.000  -0.139   0.381   0.
  2017 352  4  3 11 507 352.168883189      -2.20      1.73      2.40  0.       -3562.576       6779.046       5653.152    0.000  -0.139   0.381   0.
  2017 352  4  3 12 507 352.168894763      -2.12      0.86      1.27  0.       -3563.677       6779.135       5652.031    0.000  -0.138   0.380   0.
  2017 352  4  3 13 507 352.168906337      -1.66      0.19      0.94  0.       -3564.778       6779.225       5650.910    0.000  -0.138   0.380   0.
  2017 352  4  3 14 507 352.168917911      -0.73      0.54      0.34  0.       -3565.878       6779.313       5649.788    0.000  -0.138   0.380   0.
  2017 352  4  3 15 507 352.168929485      -1.03      1.21      0.39  0.       -3566.978       6779.402       5648.666    0.000  -0.138   0.380   0.
  2017 352  4  3 16 507 352.168941059      -1.57      2.16      0.25  0.       -3568.078       6779.490       5647.544    0.000  -0.139   0.381   0.
  2017 352  4  3 17 507 352.168952633      -1.83      2.17      0.11  0.       -3569.178       6779.578       5646.421    0.000  -0.139   0.381   0.
  2017 352  4  3 18 507 352.168964207      -2.19      2.65      0.32  0.       -3570.278       6779.666       5645.298    0.000  -0.139   0.381   0.
  2017 352  4  3 19 507 352.168975781      -1.74      1.68     -0.70  0.       -3571.377       6779.753       5644.175    0.000  -0.139   0.381   0.
  2017 352  4  3 20 507 352.168987355      -1.19      1.17     -0.95  0.       -3572.476       6779.840       5643.052    0.000  -0.138   0.380   0.
  2017 352  4  3 21 507 352.168998929      -2.02      1.70     -1.21  0.       -3573.575       6779.926       5641.928    0.000  -0.138   0.380   0.
  2017 352  4  3 22 507 352.169010504      -2.24      2.63     -0.69  0.       -3574.674       6780.013       5640.804    0.000  -0.139   0.381   0.
  2017 352  4  3 23 507 352.169022078      -2.51      2.37      0.00  0.       -3575.773       6780.098       5639.680    0.000  -0.139   0.381   0.
  2017 352  4  3 24 507 352.169033652      -2.39      1.40      1.37  0.       -3576.872       6780.184       5638.555    0.000  -0.139   0.381   0.
  2017 352  4  3 25 507 352.169045226      -1.57      0.51      2.73  0.       -3577.970       6780.269       5637.431    0.000  -0.139   0.381   0.
  2017 352  4  3 26 507 352.169056800      -1.00      1.78      2.44  0.       -3579.068       6780.354       5636.306    0.000  -0.139   0.381   0.
  2017 352  4  3 27 507 352.169068374      -1.92      0.74     -0.08  0.       -3580.166       6780.439       5635.180    0.000  -0.139   0.381   0.
  2017 352  4  3 28 507 352.169079945      -1.09      0.67      1.01  0.       -3581.264       6780.523       5634.055    0.000  -0.138   0.380   0.
  2017 352  4  3 29 507 352.169091519      -1.53      1.97      0.37  0.       -3582.362       6780.607       5632.929    0.000  -0.138   0.380   0.
  2017 352  4  3 30 507 352.169103093      -1.90      1.45     -0.07  0.       -3583.459       6780.690       5631.803    0.000  -0.139   0.381   0.
  2017 352  4  3 31 507 352.169114667      -1.83      2.34      0.75  0.       -3584.556       6780.773       5630.676    0.000  -0.139   0.381   0.
  2017 352  4  3 32 507 352.169126241      -1.42      2.81      0.06  0.       -3585.654       6780.856       5629.549    0.000  -0.139   0.381   0.
  2017 352  4  3 33 507 352.169137815      -1.50      2.36      0.65  0.       -3586.751       6780.939       5628.422    0.000  -0.139   0.381   0.
  2017 352  4  3 34 507 352.169149389      -0.91      1.10      1.40  0.       -3587.847       6781.021       5627.295    0.000  -0.138   0.380   0.
  2017 352  4  3 35 507 352.169160964      -1.48      0.46      0.72  0.       -3588.944       6781.103       5626.167    0.000  -0.138   0.380   0.
  2017 352  4  3 36 507 352.169172538      -1.71      1.35     -0.50  0.       -3590.040       6781.184       5625.039    0.000  -0.138   0.380   0.
  2017 352  4  3 37 507 352.169184112      -2.16      2.04     -0.01  0.       -3591.137       6781.265       5623.911    0.000  -0.138   0.380   0.
  2017 352  4  3 38 507 352.169195686      -3.01      1.86      0.04  0.       -3592.233       6781.346       5622.783    0.000  -0.138   0.380   0.
  2017 352  4  3 39 507 352.169207260      -2.67      2.36     -0.67  0.       -3593.328       6781.427       5621.654    0.000  -0.138   0.380   0.
  2017 352  4  3 40 507 352.169218834      -2.05      2.57     -0.52  0.       -3594.424       6781.506       5620.525    0.000  -0.139   0.381   0.
  2017 352  4  3 41 507 352.169230408      -1.96      2.20      0.54  0.       -3595.520       6781.586       5619.396    0.000  -0.139   0.381   0.
  2017 352  4  3 42 507 352.169241982      -1.70      1.17      0.87  0.       -3596.615       6781.666       5618.266    0.000  -0.138   0.380   0.
  2017 352  4  3 43 507 352.169253556      -1.76      1.43      0.58  0.       -3597.710       6781.745       5617.137    0.000  -0.138   0.380   0.
  2017 352  4  3 44 507 352.169265130      -1.72      1.70      0.39  0.       -3598.805       6781.824       5616.007    0.000  -0.138   0.380   0.
  2017 352  4  3 45 507 352.169276704      -1.63      1.28     -0.94  0.       -3599.900       6781.902       5614.876    0.000  -0.138   0.380   0.
  2017 352  4  3 46 507 352.169288278      -1.32      1.87     -0.06  0.       -3600.995       6781.980       5613.746    0.000  -0.139   0.381   0.
  2017 352  4  3 47 507 352.169299852      -1.66      1.54      0.08  0.       -3602.089       6782.058       5612.615    0.000  -0.139   0.381   0.
  2017 352  4  3 48 507 352.169311427      -1.85      1.16     -0.50  0.       -3603.183       6782.136       5611.483    0.000  -0.138   0.380   0.
  2017 352  4  3 49 507 352.169323001      -1.83      1.35      0.53  0.       -3604.278       6782.213       5610.352    0.000  -0.138   0.380   0.
  2017 352  4  3 50 507 352.169334575      -1.54      1.81      0.76  0.       -3605.371       6782.289       5609.220    0.000  -0.138   0.380   0.
  2017 352  4  3 51 507 352.169346149      -0.76      2.19     -0.63  0.       -3606.465       6782.366       5608.088    0.000  -0.138   0.380   0.
  2017 352  4  3 52 507 352.169357723      -1.24      1.89     -0.25  0.       -3607.559       6782.442       5606.956    0.000  -0.139   0.381   0.
  2017 352  4  3 53 507 352.169369297      -1.01      2.05      1.04  0.       -3608.652       6782.518       5605.823    0.000  -0.139   0.381   0.
  2017 352  4  3 54 507 352.169380871      -1.82      2.19      1.89  0.       -3609.745       6782.593       5604.690    0.000  -0.138   0.380   0.
  2017 352  4  3 55 507 352.169392445      -2.84      1.70      0.67  0.       -3610.838       6782.668       5603.557    0.000  -0.138   0.380   0.
  2017 352  4  3 56 507 352.169404019      -2.29      2.12      0.53  0.       -3611.931       6782.743       5602.424    0.000  -0.138   0.380   0.
  2017 352  4  3 57 507 352.169415593      -2.04      2.07      0.69  0.       -3613.024       6782.817       5601.290    0.000  -0.138   0.380   0.
  2017 352  4  3 58 507 352.169427165      -2.41      2.10      1.12  0.       -3614.116       6782.891       5600.156    0.000  -0.138   0.380   0.
  2017 352  4  3 59 507 352.169438738      -2.69      2.67      0.16  0.       -3615.209       6782.965       5599.022    0.000  -0.138   0.380   0.
  2017 352  4  4  0 506 352.169450312      -2.62      1.68     -0.18  0.       -3616.301       6783.039       5597.887    0.000  -0.139   0.381   0.
  2017 352  4  4  1 506 352.169461887      -2.52      0.71     -0.40  0.       -3617.393       6783.112       5596.752    0.000  -0.139   0.381   0.
  2017 352  4  4  2 507 352.169473461      -1.67      1.00      0.72  0.       -3618.484       6783.184       5595.617    0.000  -0.139   0.381   0.
  2017 352  4  4  3 507 352.169485035      -1.74      1.29      0.58  0.       -3619.576       6783.257       5594.482    0.000  -0.139   0.381   0.
  2017 352  4  4  4 507 352.169496609      -0.94      1.91     -0.12  0.       -3620.667       6783.329       5593.346    0.000  -0.138   0.380   0.
  2017 352  4  4  5 507 352.169508183      -0.92      2.34      2.28  0.       -3621.759       6783.400       5592.210    0.000  -0.138   0.380   0.
  2017 352  4  4  6 507 352.169519757      -1.53      1.07      1.72  0.       -3622.850       6783.472       5591.074    0.000  -0.138   0.380   0.
  2017 352  4  4  7 506 352.169531331      -1.78      0.80      1.03  0.       -3623.940       6783.543       5589.937    0.000  -0.138   0.380   0.
  2017 352  4  4  8 506 352.169542905      -2.46      1.60     -0.16  0.       -3625.031       6783.613       5588.800    0.000  -0.139   0.381   0.
  2017 352  4  4  9 506 352.169554479      -2.82      2.10     -0.06  0.       -3626.122       6783.684       5587.663    0.000  -0.139   0.381   0.
  2017 352  4  4 10 506 352.169566053      -2.46      3.35      0.19  0.       -3627.212       6783.754       5586.526    0.000  -0.138   0.380   0.
  2017 352  4  4 11 506 352.169577627      -1.92      3.80      0.35  0.       -3628.302       6783.824       5585.388    0.000  -0.138   0.380   0.
  2017 352  4  4 12 507 352.169589201      -1.75      1.63      1.04  0.       -3629.392       6783.893       5584.250    0.000  -0.139   0.381   0.
  2017 352  4  4 13 507 352.169600775      -0.94      0.73      1.48  0.       -3630.482       6783.962       5583.112    0.000  -0.139   0.381   0.
  2017 352  4  4 14 506 352.169612350      -1.23      1.16      0.04  0.       -3631.571       6784.031       5581.974    0.000  -0.139   0.381   0.
  2017 352  4  4 15 506 352.169623924      -0.80      1.69     -0.06  0.       -3632.661       6784.099       5580.835    0.000  -0.139   0.381   0.
  2017 352  4  4 16 507 352.169635498      -0.96      1.42     -0.07  0.       -3633.750       6784.167       5579.696    0.000  -0.138   0.380   0.
  2017 352  4  4 17 507 352.169647072      -1.62      1.62     -0.14  0.       -3634.839       6784.235       5578.557    0.000  -0.138   0.380   0.
  2017 352  4  4 18 507 352.169658646      -1.40      2.46     -0.85  0.       -3635.928       6784.302       5577.417    0.000  -0.139   0.381   0.
  2017 352  4  4 19 507 352.169670220      -1.07      3.41      0.70  0.       -3637.017       6784.369       5576.277    0.000  -0.139   0.381   0.
  2017 352  4  4 20 507 352.169681794      -1.55      2.25      1.94  0.       -3638.105       6784.435       5575.137    0.000  -0.138   0.380   0.
  2017 352  4  4 21 506 352.169693368      -1.65     -0.12      0.80  0.       -3639.193       6784.502       5573.997    0.000  -0.138   0.380   0.
  2017 352  4  4 22 506 352.169704942      -0.92      0.03      0.44  0.       -3640.282       6784.568       5572.856    0.000  -0.138   0.380   0.
  2017 352  4  4 23 506 352.169716516      -0.79      0.96     -0.11  0.       -3641.370       6784.633       5571.715    0.000  -0.138   0.380   0.
  2017 352  4  4 24 506 352.169728090      -1.40      1.55     -1.48  0.       -3642.457       6784.699       5570.573    0.000  -0.139   0.381   0.
  2017 352  4  4 25 507 352.169739664      -2.19      1.56     -0.80  0.       -3643.545       6784.764       5569.432    0.000  -0.139   0.381   0.
  2017 352  4  4 26 507 352.169751238      -1.49      2.24      0.86  0.       -3644.632       6784.828       5568.290    0.000  -0.138   0.380   0.
  2017 352  4  4 27 506 352.169762812      -1.88      2.80      0.94  0.       -3645.720       6784.892       5567.148    0.000  -0.138   0.380   0.
  2017 352  4  4 28 506 352.169774384      -2.87      2.47      0.35  0.       -3646.807       6784.956       5566.006    0.000  -0.138   0.380   0.
  2017 352  4  4 29 506 352.169785958      -2.83      2.42      0.39  0.       -3647.893       6785.020       5564.863    0.000  -0.138   0.380   0.
  2017 352  4  4 30 506 352.169797532      -2.57      2.41      0.71  0.       -3648.980       6785.083       5563.720    0.000  -0.138   0.380   0.
  2017 352  4  4 31 506 352.169809106      -2.00      2.24      0.67  0.       -3650.067       6785.146       5562.577    0.000  -0.138   0.380   0.
  2017 352  4  4 32 506 352.169820680      -2.03      1.35     -0.05  0.       -3651.153       6785.209       5561.434    0.000  -0.138   0.380   0.
  2017 352  4  4 33 506 352.169832254      -2.26      1.13     -0.15  0.       -3652.239       6785.271       5560.290    0.000  -0.138   0.380   0.
  2017 352  4  4 34 506 352.169843828      -1.55      1.80     -0.27  0.       -3653.325       6785.333       5559.146    0.000  -0.138   0.380   0.
  2017 352  4  4 35 506 352.169855402      -1.35      2.45     -0.50  0.       -3654.411       6785.394       5558.002    0.000  -0.138   0.380   0.
  2017 352  4  4 36 506 352.169866976      -2.07      2.91      1.06  0.       -3655.496       6785.456       5556.857    0.000  -0.138   0.380   0.
  2017 352  4  4 37 506 352.169878550      -2.94      2.65      1.72  0.       -3656.582       6785.516       5555.712    0.000  -0.138   0.380   0.
  2017 352  4  4 38 506 352.169890124      -2.46      2.16      1.01  0.       -3657.667       6785.577       5554.567    0.000  -0.138   0.380   0.
  2017 352  4  4 39 506 352.169901698      -1.87      2.03      1.34  0.       -3658.752       6785.637       5553.422    0.000  -0.138   0.380   0.
  2017 352  4  4 40 506 352.169913273      -0.99      1.53     -0.67  0.       -3659.837       6785.697       5552.276    0.000  -0.138   0.380   0.
  2017 352  4  4 41 506 352.169924847      -1.12      1.52     -1.08  0.       -3660.922       6785.757       5551.130    0.000  -0.138   0.380   0.
  2017 352  4  4 42 506 352.169936421      -2.05      3.27     -1.26  0.       -3662.006       6785.816       5549.984    0.000  -0.138   0.380   0.
  2017 352  4  4 43 506 352.169947995      -3.40      2.64      0.51  0.       -3663.090       6785.875       5548.837    0.000  -0.138   0.380   0.
  2017 352  4  4 44 506 352.169959569      -4.20      1.78      0.26  0.       -3664.175       6785.933       5547.690    0.000  -0.138   0.380   0.
  2017 352  4  4 45 506 352.169971143      -3.81      2.42     -0.17  0.       -3665.259       6785.991       5546.543    0.000  -0.138   0.380   0.
  2017 352  4  4 46 506 352.169982717      -2.47      2.44      0.21  0.       -3666.342       6786.049       5545.396    0.000  -0.139   0.381   0.
  2017 352  4  4 47 506 352.169994291      -1.55      1.22      1.60  0.       -3667.426       6786.107       5544.248    0.000  -0.139   0.381   0.
  2017 352  4  4 48 506 352.170005865      -0.72      0.24      1.27  0.       -3668.509       6786.164       5543.100    0.000  -0.138   0.380   0.
  2017 352  4  4 49 506 352.170017439      -1.33      1.61      0.24  0.       -3669.593       6786.221       5541.952    0.000  -0.138   0.380   0.
  2017 352  4  4 50 506 352.170029013      -1.97      1.63      0.42  0.       -3670.675       6786.277       5540.804    0.000  -0.138   0.380   0.
  2017 352  4  4 51 506 352.170040587      -1.49      2.24     -0.57  0.       -3671.758       6786.333       5539.655    0.000  -0.138   0.380   0.
  2017 352  4  4 52 506 352.170052161      -1.87      2.27     -1.00  0.       -3672.841       6786.389       5538.506    0.000  -0.139   0.381   0.
  2017 352  4  4 53 506 352.170063736      -2.02      1.94      0.26  0.       -3673.924       6786.444       5537.356    0.000  -0.139   0.381   0.
  2017 352  4  4 54 506 352.170075310      -1.99      2.03     -0.21  0.       -3675.006       6786.500       5536.207    0.000  -0.138   0.380   0.
  2017 352  4  4 55 506 352.170086884      -1.96      2.66     -1.19  0.       -3676.088       6786.554       5535.057    0.000  -0.138   0.380   0.
  2017 352  4  4 56 506 352.170098458      -2.48      2.83     -1.11  0.       -3677.170       6786.609       5533.907    0.000  -0.138   0.380   0.
  2017 352  4  4 57 506 352.170110032      -2.31      2.74     -0.52  0.       -3678.252       6786.663       5532.757    0.000  -0.138   0.380   0.
  2017 352  4  4 58 506 352.170121604      -1.68      2.44     -0.17  0.       -3679.333       6786.717       5531.606    0.000  -0.139   0.381   0.
  2017 352  4  4 59 506 352.170133177      -1.33      1.74      0.72  0.       -3680.415       6786.770       5530.455    0.000  -0.139   0.381   0.
  2017 352  4  5  0 506 352.170144751      -1.44      1.84      0.49  0.       -3681.496       6786.823       5529.304    0.000  -0.138   0.380   0.
  2017 352  4  5  1 506 352.170156325      -0.62      1.43      0.21  0.       -3682.577       6786.876       5528.152    0.000  -0.138   0.380   0.
  2017 352  4  5  2 506 352.170167899      -0.81      1.76     -1.08  0.       -3683.658       6786.928       5527.000    0.000  -0.138   0.380   0.
  2017 352  4  5  3 506 352.170179473      -1.36      1.72     -1.26  0.       -3684.738       6786.980       5525.848    0.000  -0.138   0.380   0.
  2017 352  4  5  4 506 352.170191048      -1.57      1.71     -0.28  0.       -3685.819       6787.032       5524.696    0.000  -0.139   0.381   0.
  2017 352  4  5  5 506 352.170202622      -1.61      1.69     -0.10  0.       -3686.899       6787.083       5523.543    0.000  -0.139   0.381   0.
  2017 352  4  5  6 506 352.170214196      -2.05      2.29      0.28  0.       -3687.979       6787.135       5522.390    0.000  -0.139   0.381   0.
  2017 352  4  5  7 506 352.170225770      -2.36      1.97      0.75  0.       -3689.059       6787.185       5521.237    0.000  -0.139   0.381   0.
  2017 352  4  5  8 506 352.170237344      -1.92      0.80      1.30  0.       -3690.139       6787.236       5520.084    0.000  -0.139   0.381   0.
  2017 352  4  5  9 506 352.170248918      -1.63      0.96      1.28  0.       -3691.218       6787.286       5518.930    0.000  -0.139   0.381   0.
  2017 352  4  5 10 506 352.170260492      -1.59      1.47      0.14  0.       -3692.298       6787.335       5517.776    0.000  -0.138   0.380   0.
  2017 352  4  5 11 506 352.170272066      -1.64      1.42     -0.90  0.       -3693.377       6787.385       5516.622    0.000  -0.138   0.380   0.
  2017 352  4  5 12 506 352.170283640      -0.78      1.43     -0.47  0.       -3694.456       6787.434       5515.467    0.000  -0.139   0.381   0.
  2017 352  4  5 13 506 352.170295214      -1.35      2.86      0.04  0.       -3695.535       6787.482       5514.312    0.000  -0.139   0.381   0.
  2017 352  4  5 14 506 352.170306788      -2.17      2.47     -0.01  0.       -3696.613       6787.531       5513.157    0.000  -0.138   0.380   0.
  2017 352  4  5 15 506 352.170318362      -2.28      2.49     -0.00  0.       -3697.691       6787.578       5512.002    0.000  -0.138   0.380   0.
  2017 352  4  5 16 506 352.170329936      -2.15      1.48      0.23  0.       -3698.770       6787.626       5510.846    0.000  -0.139   0.381   0.
  2017 352  4  5 17 506 352.170341510      -1.48      1.34     -0.58  0.       -3699.848       6787.674       5509.690    0.000  -0.139   0.381   0.
  2017 352  4  5 18 506 352.170353084      -1.55      1.51     -1.32  0.       -3700.926       6787.721       5508.534    0.000  -0.139   0.381   0.
  2017 352  4  5 19 506 352.170364659      -1.62      2.16     -0.92  0.       -3702.003       6787.767       5507.378    0.000  -0.139   0.381   0.
  2017 352  4  5 20 506 352.170376233      -1.53      2.56     -0.70  0.       -3703.081       6787.813       5506.221    0.000  -0.139   0.381   0.
  2017 352  4  5 21 506 352.170387807      -2.40      3.42     -0.13  0.       -3704.158       6787.859       5505.064    0.000  -0.139   0.381   0.
  2017 352  4  5 22 506 352.170399381      -2.40      3.07      0.22  0.       -3705.235       6787.905       5503.907    0.000  -0.139   0.381   0.
  2017 352  4  5 23 506 352.170410955      -2.44      2.37      1.22  0.       -3706.312       6787.950       5502.749    0.000  -0.139   0.381   0.
  2017 352  4  5 24 506 352.170422529      -1.93      2.15      1.71  0.       -3707.389       6787.995       5501.591    0.000  -0.138   0.380   0.
  2017 352  4  5 25 506 352.170434103      -1.86      2.09      1.99  0.       -3708.466       6788.040       5500.433    0.000  -0.138   0.380   0.
  2017 352  4  5 26 506 352.170445677      -2.33      1.32      0.27  0.       -3709.542       6788.084       5499.274    0.000  -0.138   0.380   0.
  2017 352  4  5 27 506 352.170457251      -2.12      1.81     -2.41  0.       -3710.618       6788.128       5498.116    0.000  -0.138   0.380   0.
  2017 352  4  5 28 506 352.170468825      -2.02      1.19     -1.24  0.       -3711.694       6788.172       5496.957    0.000  -0.139   0.381   0.
  2017 352  4  5 29 506 352.170480399      -2.04      1.73      0.34  0.       -3712.770       6788.215       5495.798    0.000  -0.139   0.381   0.
  2017 352  4  5 30 506 352.170491971      -1.79      1.50      0.69  0.       -3713.846       6788.258       5494.638    0.000  -0.139   0.381   0.
  2017 352  4  5 31 506 352.170503545      -1.90      0.34      0.90  0.       -3714.921       6788.300       5493.478    0.000  -0.139   0.381   0.
  2017 352  4  5 32 506 352.170515119      -2.02      0.68     -0.07  0.       -3715.996       6788.343       5492.318    0.000  -0.138   0.380   0.
  2017 352  4  5 33 506 352.170526693      -1.37      1.75     -0.28  0.       -3717.071       6788.384       5491.158    0.000  -0.138   0.380   0.
  2017 352  4  5 34 506 352.170538267      -0.11      1.58     -0.60  0.       -3718.146       6788.426       5489.997    0.000  -0.139   0.381   0.
  2017 352  4  5 35 506 352.170549841      -0.54      2.07      0.47  0.       -3719.221       6788.467       5488.836    0.000  -0.139   0.381   0.
  2017 352  4  5 36 506 352.170561415      -0.98      1.39      2.08  0.       -3720.296       6788.508       5487.675    0.000  -0.139   0.381   0.
  2017 352  4  5 37 506 352.170572989      -1.04      0.62      0.51  0.       -3721.370       6788.549       5486.514    0.000  -0.139   0.381   0.
  2017 352  4  5 38 506 352.170584563      -1.68      1.27     -0.69  0.       -3722.444       6788.589       5485.352    0.000  -0.139   0.381   0.
  2017 352  4  5 39 506 352.170596137      -1.31      2.41     -0.52  0.       -3723.518       6788.629       5484.190    0.000  -0.139   0.381   0.
  2017 352  4  5 40 506 352.170607711      -1.42      2.45      1.03  0.       -3724.592       6788.668       5483.028    0.000  -0.139   0.381   0.
  2017 352  4  5 41 506 352.170619285      -1.54      2.73      0.98  0.       -3725.665       6788.707       5481.865    0.000  -0.139   0.381   0.
  2017 352  4  5 42 506 352.170630859      -1.97      2.36      0.04  0.       -3726.739       6788.746       5480.702    0.000  -0.138   0.380   0.
  2017 352  4  5 43 506 352.170642433      -2.22      1.69      0.29  0.       -3727.812       6788.784       5479.539    0.000  -0.138   0.380   0.
  2017 352  4  5 44 506 352.170654008      -1.54      1.06      0.95  0.       -3728.885       6788.823       5478.376    0.000  -0.139   0.381   0.
  2017 352  4  5 45 506 352.170665582      -1.30      1.76      1.11  0.       -3729.958       6788.860       5477.212    0.000  -0.139   0.381   0.
  2017 352  4  5 46 506 352.170677156      -1.88      1.47     -0.00  0.       -3731.031       6788.898       5476.048    0.000  -0.139   0.381   0.
  2017 352  4  5 47 506 352.170688730      -1.70      0.51     -0.51  0.       -3732.103       6788.935       5474.884    0.000  -0.139   0.381   0.
  2017 352  4  5 48 506 352.170700304      -1.68      1.72     -1.45  0.       -3733.176       6788.972       5473.720    0.000  -0.138   0.380   0.
  2017 352  4  5 49 506 352.170711878      -1.83      2.44     -1.38  0.       -3734.248       6789.008       5472.555    0.000  -0.138   0.380   0.
  2017 352  4  5 50 506 352.170723452      -1.26      2.57      0.42  0.       -3735.320       6789.044       5471.390    0.000  -0.138   0.380   0.
  2017 352  4  5 51 506 352.170735026      -0.48      2.03      1.71  0.       -3736.391       6789.080       5470.225    0.000  -0.138   0.380   0.
  2017 352  4  5 52 506 352.170746600      -1.28      0.94      1.04  0.       -3737.463       6789.115       5469.059    0.000  -0.139   0.381   0.
  2017 352  4  5 53 506 352.170758174      -0.26      0.24      1.10  0.       -3738.534       6789.151       5467.893    0.000  -0.139   0.381   0.
  2017 352  4  5 54 506 352.170769748      -0.86      1.51     -0.19  0.       -3739.605       6789.185       5466.727    0.000  -0.138   0.380   0.
  2017 352  4  5 55 506 352.170781322      -1.38      2.03     -1.12  0.       -3740.676       6789.220       5465.561    0.000  -0.138   0.380   0.
  2017 352  4  5 56 506 352.170792896      -1.32      2.22      0.45  0.       -3741.747       6789.254       5464.394    0.000  -0.138   0.380   0.
  2017 352  4  5 57 506 352.170804471      -1.18      1.28     -0.09  0.       -3742.818       6789.287       5463.227    0.000  -0.138   0.380   0.
  2017 352  4  5 58 506 352.170816045      -1.39      2.73     -1.28  0.       -3743.888       6789.321       5462.060    0.000  -0.139   0.381   0.
  2017 352  4  5 59 506 352.170827619      -1.62      2.52      0.52  0.       -3744.958       6789.354       5460.892    0.000  -0.139   0.381   0.
  2017 352  4  6  0 506 352.170839190      -1.69      2.23     -0.35  0.       -3746.028       6789.387       5459.725    0.000  -0.138   0.380   0.
  2017 352  4  6  1 506 352.170850764      -1.42      2.16      0.16  0.       -3747.098       6789.419       5458.557    0.000  -0.138   0.380   0.
  2017 352  4  6  2 506 352.170862338      -2.13      2.54      1.48  0.       -3748.168       6789.450       5457.388    0.000  -0.138   0.380   0.
  2017 352  4  6  3 505 352.170873912      -2.44      0.53      1.32  0.       -3749.237       6789.483       5456.220    0.000  -0.138   0.380   0.
  2017 352  4  6  4 505 352.170885486      -1.91     -0.33     -0.19  0.       -3750.306       6789.514       5455.051    0.000  -0.139   0.381   0.
  2017 352  4  6  5 505 352.170897060      -1.47      2.66     -1.53  0.       -3751.376       6789.545       5453.882    0.000  -0.139   0.381   0.
  2017 352  4  6  6 505 352.170908634      -1.70      3.06     -1.21  0.       -3752.445       6789.575       5452.712    0.000  -0.138   0.380   0.
  2017 352  4  6  7 505 352.170920208      -2.05      3.03      0.36  0.       -3753.513       6789.606       5451.543    0.000  -0.138   0.380   0.
  2017 352  4  6  8 506 352.170931782      -2.05      1.95      0.80  0.       -3754.582       6789.636       5450.373    0.000  -0.139   0.381   0.
  2017 352  4  6  9 506 352.170943357      -1.14      1.10      0.43  0.       -3755.650       6789.665       5449.202    0.000  -0.139   0.381   0.
  2017 352  4  6 10 505 352.170954931      -1.91      1.61     -0.67  0.       -3756.718       6789.695       5448.032    0.000  -0.138   0.380   0.
  2017 352  4  6 11 505 352.170966505      -1.93      3.01     -0.57  0.       -3757.786       6789.724       5446.861    0.000  -0.138   0.380   0.
  2017 352  4  6 12 506 352.170978079      -2.48      3.46      0.19  0.       -3758.854       6789.752       5445.690    0.000  -0.139   0.381   0.
  2017 352  4  6 13 506 352.170989653      -3.09      2.49      1.03  0.       -3759.921       6789.780       5444.519    0.000  -0.139   0.381   0.
  2017 352  4  6 14 506 352.171001227      -3.23      1.44      1.45  0.       -3760.989       6789.808       5443.347    0.000  -0.139   0.381   0.
  2017 352  4  6 15 506 352.171012801      -2.21     -0.07      1.83  0.       -3762.056       6789.836       5442.175    0.000  -0.139   0.381   0.
  2017 352  4  6 16 506 352.171024375      -1.58      0.34      0.16  0.       -3763.123       6789.863       5441.003    0.000  -0.138   0.380   0.
  2017 352  4  6 17 505 352.171035949      -1.38      1.12     -0.84  0.       -3764.190       6789.890       5439.831    0.000  -0.138   0.380   0.
  2017 352  4  6 18 505 352.171047523      -1.45      2.69     -0.47  0.       -3765.257       6789.917       5438.658    0.000  -0.138   0.380   0.
  2017 352  4  6 19 505 352.171059097      -1.44      2.29     -0.27  0.       -3766.323       6789.943       5437.485    0.000  -0.138   0.380   0.
  2017 352  4  6 20 505 352.171070671      -1.18      2.20     -0.50  0.       -3767.389       6789.969       5436.312    0.000  -0.139   0.381   0.
  2017 352  4  6 21 506 352.171082245      -1.83      1.74      0.29  0.       -3768.455       6789.994       5435.138    0.000  -0.139   0.381   0.
  2017 352  4  6 22 506 352.171093819      -2.23      1.46      0.02  0.       -3769.521       6790.019       5433.965    0.000  -0.138   0.380   0.
  2017 352  4  6 23 505 352.171105393      -1.78      1.84     -0.29  0.       -3770.587       6790.044       5432.790    0.000  -0.138   0.380   0.
  2017 352  4  6 24 505 352.171116968      -1.41      3.10      0.09  0.       -3771.652       6790.069       5431.616    0.000  -0.138   0.380   0.
  2017 352  4  6 25 506 352.171128542      -1.52      3.49      0.58  0.       -3772.718       6790.093       5430.441    0.000  -0.138   0.380   0.
  2017 352  4  6 26 506 352.171140116      -2.17      2.71      0.58  0.       -3773.783       6790.117       5429.267    0.000  -0.138   0.380   0.
  2017 352  4  6 27 506 352.171151690      -2.58      2.58     -1.60  0.       -3774.848       6790.140       5428.091    0.000  -0.138   0.380   0.
  2017 352  4  6 28 506 352.171163262      -2.66      2.35     -1.72  0.       -3775.912       6790.163       5426.916    0.000  -0.139   0.381   0.
  2017 352  4  6 29 505 352.171174835      -2.72      1.64     -0.19  0.       -3776.977       6790.186       5425.740    0.000  -0.139   0.381   0.
  2017 352  4  6 30 505 352.171186409      -2.30      1.04      0.52  0.       -3778.041       6790.209       5424.564    0.000  -0.138   0.380   0.
  2017 352  4  6 31 505 352.171197983      -2.13      1.25      0.57  0.       -3779.106       6790.231       5423.388    0.000  -0.138   0.380   0.
  2017 352  4  6 32 505 352.171209557      -1.90      1.51      0.55  0.       -3780.170       6790.252       5422.212    0.000  -0.139   0.381   0.
  2017 352  4  6 33 505 352.171221131      -1.64      1.27      0.26  0.       -3781.233       6790.274       5421.035    0.000  -0.139   0.381   0.
  2017 352  4  6 34 505 352.171232705      -1.58      1.03     -0.38  0.       -3782.297       6790.295       5419.858    0.000  -0.138   0.380   0.
  2017 352  4  6 35 505 352.171244280      -0.95      2.14     -1.19  0.       -3783.360       6790.316       5418.680    0.000  -0.138   0.380   0.
  2017 352  4  6 36 505 352.171255854      -1.00      2.12     -0.84  0.       -3784.424       6790.336       5417.503    0.000  -0.139   0.381   0.
  2017 352  4  6 37 505 352.171267428      -1.39      1.91     -0.16  0.       -3785.487       6790.356       5416.325    0.000  -0.139   0.381   0.
  2017 352  4  6 38 505 352.171279002      -1.29      1.97     -0.12  0.       -3786.549       6790.376       5415.147    0.000  -0.139   0.381   0.
  2017 352  4  6 39 505 352.171290576      -1.80      2.22      0.04  0.       -3787.612       6790.395       5413.968    0.000  -0.139   0.381   0.
  2017 352  4  6 40 505 352.171302150      -1.69      1.23      0.53  0.       -3788.675       6790.414       5412.790    0.000  -0.138   0.380   0.
  2017 352  4  6 41 505 352.171313724      -1.44      1.49     -0.11  0.       -3789.737       6790.433       5411.611    0.000  -0.138   0.380   0.
  2017 352  4  6 42 505 352.171325298      -1.93      2.05     -0.67  0.       -3790.799       6790.451       5410.431    0.000  -0.138   0.380   0.
  2017 352  4  6 43 505 352.171336872      -1.82      2.12     -0.01  0.       -3791.861       6790.469       5409.252    0.000  -0.138   0.380   0.
  2017 352  4  6 44 505 352.171348446      -1.25      1.99      0.48  0.       -3792.923       6790.487       5408.072    0.000  -0.139   0.381   0.
  2017 352  4  6 45 505 352.171360020      -1.69      1.86      0.43  0.       -3793.984       6790.504       5406.892    0.000  -0.139   0.381   0.
  2017 352  4  6 46 505 352.171371594      -1.69      1.26      0.35  0.       -3795.045       6790.521       5405.712    0.000  -0.138   0.380   0.
  2017 352  4  6 47 505 352.171383168      -1.14      2.10      0.11  0.       -3796.106       6790.538       5404.531    0.000  -0.138   0.380   0.
  2017 352  4  6 48 505 352.171394742      -2.00      1.61     -0.86  0.       -3797.167       6790.554       5403.350    0.000  -0.138   0.380   0.
  2017 352  4  6 49 505 352.171406317      -2.56      0.62      0.17  0.       -3798.228       6790.570       5402.169    0.000  -0.138   0.380   0.
  2017 352  4  6 50 505 352.171417891      -1.93      1.20     -0.08  0.       -3799.289       6790.586       5400.988    0.000  -0.139   0.381   0.
  2017 352  4  6 51 505 352.171429465      -2.07      2.43     -0.29  0.       -3800.349       6790.601       5399.806    0.000  -0.139   0.381   0.
  2017 352  4  6 52 505 352.171441039      -2.24      2.38     -0.66  0.       -3801.409       6790.616       5398.624    0.000  -0.138   0.380   0.
  2017 352  4  6 53 505 352.171452613      -2.33      1.47     -0.71  0.       -3802.469       6790.631       5397.442    0.000  -0.138   0.380   0.
  2017 352  4  6 54 505 352.171464187      -2.23      1.04     -0.57  0.       -3803.529       6790.645       5396.259    0.000  -0.138   0.380   0.
  2017 352  4  6 55 505 352.171475761      -2.11      1.95      0.93  0.       -3804.589       6790.659       5395.076    0.000  -0.138   0.380   0.
  2017 352  4  6 56 505 352.171487335      -1.97      2.56      1.64  0.       -3805.648       6790.672       5393.893    0.000  -0.138   0.380   0.
  2017 352  4  6 57 505 352.171498909      -2.18      1.96      1.41  0.       -3806.707       6790.686       5392.710    0.000  -0.138   0.380   0.
  2017 352  4  6 58 505 352.171510481      -1.83      1.95      0.29  0.       -3807.766       6790.698       5391.527    0.000  -0.139   0.381   0.
  2017 352  4  6 59 505 352.171522054      -1.52      1.85     -0.56  0.       -3808.825       6790.711       5390.342    0.000  -0.139   0.381   0.
  2017 352  4  7  0 505 352.171533629      -1.34      1.64     -0.56  0.       -3809.884       6790.723       5389.158    0.000  -0.138   0.380   0.
  2017 352  4  7  1 505 352.171545203      -0.79      1.38     -1.49  0.       -3810.942       6790.735       5387.974    0.000  -0.138   0.380   0.
  2017 352  4  7  2 505 352.171556777      -0.81      1.97     -0.85  0.       -3812.000       6790.746       5386.789    0.000  -0.139   0.381   0.
  2017 352  4  7  3 505 352.171568351      -1.31      2.03      0.34  0.       -3813.058       6790.758       5385.604    0.000  -0.139   0.381   0.
  2017 352  4  7  4 505 352.171579925      -1.58      1.48      0.94  0.       -3814.116       6790.768       5384.419    0.000  -0.139   0.381   0.
  2017 352  4  7  5 505 352.171591499      -2.17      0.83      0.75  0.       -3815.174       6790.779       5383.233    0.000  -0.139   0.381   0.
  2017 352  4  7  6 505 352.171603073      -2.11      1.08      0.12  0.       -3816.231       6790.789       5382.048    0.000  -0.138   0.380   0.
  2017 352  4  7  7 505 352.171614647      -2.00      1.98     -0.92  0.       -3817.289       6790.799       5380.862    0.000  -0.138   0.380   0.
  2017 352  4  7  8 505 352.171626221      -2.59      3.59     -0.39  0.       -3818.346       6790.808       5379.675    0.000  -0.139   0.381   0.
  2017 352  4  7  9 505 352.171637795      -2.78      3.29      1.73  0.       -3819.403       6790.817       5378.489    0.000  -0.139   0.381   0.
  2017 352  4  7 10 505 352.171649369      -1.31      1.36     -0.31  0.       -3820.459       6790.826       5377.302    0.000  -0.139   0.381   0.
  2017 352  4  7 11 505 352.171660943      -1.75      1.46     -0.02  0.       -3821.516       6790.835       5376.115    0.000  -0.139   0.381   0.
  2017 352  4  7 12 505 352.171672517      -1.87      1.12      0.38  0.       -3822.573       6790.843       5374.927    0.000  -0.138   0.380   0.
  2017 352  4  7 13 505 352.171684091      -2.10      1.33      0.41  0.       -3823.628       6790.850       5373.740    0.000  -0.138   0.380   0.
  2017 352  4  7 14 505 352.171695666      -2.20      1.70      0.13  0.       -3824.684       6790.858       5372.552    0.000  -0.138   0.380   0.
  2017 352  4  7 15 505 352.171707240      -2.41      2.55     -0.17  0.       -3825.740       6790.865       5371.363    0.000  -0.138   0.380   0.
  2017 352  4  7 16 505 352.171718814      -2.65      2.62     -0.58  0.       -3826.795       6790.872       5370.175    0.000  -0.139   0.381   0.
  2017 352  4  7 17 505 352.171730388      -2.43      2.69     -0.22  0.       -3827.851       6790.878       5368.986    0.000  -0.139   0.381   0.
  2017 352  4  7 18 505 352.171741962      -1.75      2.32     -0.48  0.       -3828.906       6790.884       5367.797    0.000  -0.138   0.380   0.
  2017 352  4  7 19 505 352.171753536      -1.60      1.83     -0.47  0.       -3829.961       6790.890       5366.608    0.000  -0.138   0.380   0.
  2017 352  4  7 20 505 352.171765110      -1.74      2.30     -0.15  0.       -3831.016       6790.895       5365.418    0.000  -0.139   0.381   0.
  2017 352  4  7 21 505 352.171776684      -2.08      2.82     -0.33  0.       -3832.070       6790.900       5364.228    0.000  -0.139   0.381   0.
  2017 352  4  7 22 505 352.171788258      -2.31      3.23     -0.91  0.       -3833.125       6790.905       5363.038    0.000  -0.139   0.381   0.
  2017 352  4  7 23 505 352.171799832      -2.64      2.79     -0.15  0.       -3834.179       6790.909       5361.848    0.000  -0.139   0.381   0.
  2017 352  4  7 24 505 352.171811406      -2.41      1.54      0.89  0.       -3835.233       6790.913       5360.657    0.000  -0.139   0.381   0.
  2017 352  4  7 25 505 352.171822980      -1.83      2.10      0.69  0.       -3836.287       6790.917       5359.466    0.000  -0.139   0.381   0.
  2017 352  4  7 26 505 352.171834554      -2.18      3.08      0.15  0.       -3837.340       6790.920       5358.275    0.000  -0.138   0.380   0.
  2017 352  4  7 27 505 352.171846128      -3.41      2.76     -0.01  0.       -3838.394       6790.923       5357.084    0.000  -0.138   0.380   0.
  2017 352  4  7 28 505 352.171857700      -3.41      2.45     -0.33  0.       -3839.447       6790.925       5355.892    0.000  -0.138   0.380   0.
  2017 352  4  7 29 505 352.171869274      -3.05      2.68     -0.93  0.       -3840.500       6790.928       5354.700    0.000  -0.138   0.380   0.
  2017 352  4  7 30 505 352.171880848      -2.79      2.56     -1.72  0.       -3841.553       6790.930       5353.508    0.000  -0.138   0.380   0.
  2017 352  4  7 31 505 352.171892422      -1.86      2.21     -1.80  0.       -3842.606       6790.931       5352.315    0.000  -0.138   0.380   0.
  2017 352  4  7 32 505 352.171903996      -1.69      2.46     -0.61  0.       -3843.658       6790.932       5351.122    0.000  -0.138   0.380   0.
  2017 352  4  7 33 505 352.171915570      -2.27      2.44     -0.76  0.       -3844.710       6790.933       5349.929    0.000  -0.138   0.380   0.
  2017 352  4  7 34 505 352.171927144      -2.72      1.98     -0.75  0.       -3845.762       6790.934       5348.736    0.000  -0.138   0.380   0.
  2017 352  4  7 35 505 352.171938718      -2.34      1.56     -0.76  0.       -3846.814       6790.934       5347.542    0.000  -0.138   0.380   0.
  2017 352  4  7 36 505 352.171950292      -2.11      2.51     -1.08  0.       -3847.866       6790.934       5346.348    0.000  -0.138   0.380   0.
  2017 352  4  7 37 505 352.171961866      -2.35      3.17     -0.48  0.       -3848.917       6790.933       5345.154    0.000  -0.138   0.380   0.
  2017 352  4  7 38 505 352.171973440      -2.28      2.70     -0.15  0.       -3849.969       6790.933       5343.959    0.000  -0.138   0.380   0.
  2017 352  4  7 39 505 352.171985014      -2.09      1.85     -0.05  0.       -3851.020       6790.931       5342.765    0.000  -0.138   0.380   0.
  2017 352  4  7 40 505 352.171996589      -2.14      1.80     -0.30  0.       -3852.071       6790.930       5341.570    0.000  -0.138   0.380   0.
  2017 352  4  7 41 505 352.172008163      -2.25      1.35     -0.54  0.       -3853.121       6790.928       5340.374    0.000  -0.138   0.380   0.
  2017 352  4  7 42 505 352.172019737      -2.36      1.03     -0.32  0.       -3854.172       6790.926       5339.179    0.000  -0.138   0.380   0.
  2017 352  4  7 43 505 352.172031311      -1.82      1.71     -0.13  0.       -3855.222       6790.923       5337.983    0.000  -0.138   0.380   0.
  2017 352  4  7 44 505 352.172042885      -1.51      1.37     -0.21  0.       -3856.272       6790.920       5336.787    0.000  -0.138   0.380   0.
  2017 352  4  7 45 505 352.172054459      -0.65      2.01     -1.01  0.       -3857.322       6790.917       5335.591    0.000  -0.138   0.380   0.
  2017 352  4  7 46 505 352.172066033      -0.90      2.02     -0.61  0.       -3858.372       6790.914       5334.394    0.000  -0.139   0.381   0.
  2017 352  4  7 47 505 352.172077607      -1.41      1.53     -0.51  0.       -3859.421       6790.910       5333.197    0.000  -0.139   0.381   0.
  2017 352  4  7 48 505 352.172089181      -1.62      1.47     -1.07  0.       -3860.471       6790.905       5332.000    0.000  -0.138   0.380   0.
  2017 352  4  7 49 505 352.172100755      -1.59      1.37     -1.35  0.       -3861.520       6790.901       5330.803    0.000  -0.138   0.380   0.
  2017 352  4  7 50 505 352.172112329      -1.15      1.80     -0.55  0.       -3862.569       6790.896       5329.605    0.000  -0.139   0.381   0.
  2017 352  4  7 51 505 352.172123903      -1.00      2.33      0.76  0.       -3863.617       6790.891       5328.407    0.000  -0.139   0.381   0.
  2017 352  4  7 52 505 352.172135477      -0.83      2.22      0.73  0.       -3864.666       6790.885       5327.209    0.000  -0.139   0.381   0.
  2017 352  4  7 53 505 352.172147052      -0.97      2.01      0.81  0.       -3865.714       6790.879       5326.010    0.000  -0.139   0.381   0.
  2017 352  4  7 54 505 352.172158626      -0.91      1.76     -0.08  0.       -3866.762       6790.873       5324.811    0.000  -0.138   0.380   0.
  2017 352  4  7 55 505 352.172170200      -1.77      1.54      0.60  0.       -3867.811       6790.866       5323.612    0.000  -0.138   0.380   0.
  2017 352  4  7 56 505 352.172181774      -1.29      2.10     -0.17  0.       -3868.858       6790.859       5322.413    0.000  -0.138   0.380   0.
  2017 352  4  7 57 505 352.172193348      -1.17      2.24     -0.53  0.       -3869.906       6790.851       5321.213    0.000  -0.138   0.380   0.
  2017 352  4  7 58 505 352.172204919      -1.92      1.73      0.87  0.       -3870.953       6790.844       5320.014    0.000  -0.139   0.381   0.
  2017 352  4  7 59 504 352.172216493      -2.22      1.10      0.65  0.       -3872.000       6790.836       5318.814    0.000  -0.139   0.381   0.
  2017 352  4  8  0 504 352.172228067      -1.92      0.72     -0.25  0.       -3873.047       6790.827       5317.613    0.000  -0.138   0.380   0.
  2017 352  4  8  1 504 352.172239641      -1.68      2.03     -0.92  0.       -3874.094       6790.819       5316.412    0.000  -0.138   0.380   0.
  2017 352  4  8  2 504 352.172251215      -1.36      3.01     -0.94  0.       -3875.141       6790.809       5315.211    0.000  -0.138   0.380   0.
  2017 352  4  8  3 505 352.172262789      -1.60      2.56      0.41  0.       -3876.187       6790.800       5314.010    0.000  -0.138   0.380   0.
  2017 352  4  8  4 505 352.172274363      -1.09      0.82      1.38  0.       -3877.233       6790.790       5312.809    0.000  -0.139   0.381   0.
  2017 352  4  8  5 504 352.172285937      -1.08      0.81      0.32  0.       -3878.279       6790.780       5311.607    0.000  -0.139   0.381   0.
  2017 352  4  8  6 504 352.172297512      -2.03      0.97     -0.42  0.       -3879.325       6790.770       5310.405    0.000  -0.138   0.380   0.
  2017 352  4  8  7 504 352.172309086      -1.89      1.00      0.11  0.       -3880.371       6790.759       5309.203    0.000  -0.138   0.380   0.
  2017 352  4  8  8 505 352.172320660      -1.59      1.02      0.24  0.       -3881.416       6790.748       5308.000    0.000  -0.138   0.380   0.
  2017 352  4  8  9 505 352.172332234      -1.16      1.46     -0.82  0.       -3882.461       6790.736       5306.797    0.000  -0.138   0.380   0.
  2017 352  4  8 10 505 352.172343808      -1.08      1.63     -1.38  0.       -3883.506       6790.724       5305.594    0.000  -0.139   0.381   0.
  2017 352  4  8 11 505 352.172355382      -1.73      2.55     -0.04  0.       -3884.551       6790.712       5304.391    0.000  -0.139   0.381   0.
  2017 352  4  8 12 504 352.172366956      -1.55      2.77      0.53  0.       -3885.596       6790.700       5303.187    0.000  -0.138   0.380   0.
  2017 352  4  8 13 504 352.172378530      -1.84      1.90      1.38  0.       -3886.640       6790.687       5301.983    0.000  -0.138   0.380   0.
  2017 352  4  8 14 504 352.172390104      -1.82      0.89      0.92  0.       -3887.685       6790.674       5300.779    0.000  -0.138   0.380   0.
  2017 352  4  8 15 504 352.172401678      -2.00      1.27     -0.29  0.       -3888.728       6790.660       5299.575    0.000  -0.138   0.380   0.
  2017 352  4  8 16 504 352.172413252      -2.16      1.66     -0.35  0.       -3889.772       6790.646       5298.370    0.000  -0.139   0.381   0.
  2017 352  4  8 17 505 352.172424826      -1.69      1.56     -0.15  0.       -3890.816       6790.632       5297.165    0.000  -0.139   0.381   0.
  2017 352  4  8 18 505 352.172436400      -1.20      1.88     -0.45  0.       -3891.860       6790.617       5295.960    0.000  -0.138   0.380   0.
  2017 352  4  8 19 504 352.172447975      -1.40      1.43      0.90  0.       -3892.903       6790.602       5294.754    0.000  -0.138   0.380   0.
  2017 352  4  8 20 504 352.172459549      -1.66      1.81      1.28  0.       -3893.946       6790.587       5293.549    0.000  -0.138   0.380   0.
  2017 352  4  8 21 505 352.172471123      -1.41      1.63      1.04  0.       -3894.989       6790.572       5292.343    0.000  -0.138   0.380   0.
  2017 352  4  8 22 505 352.172482697      -1.41      1.32      0.49  0.       -3896.031       6790.556       5291.136    0.000  -0.138   0.380   0.
  2017 352  4  8 23 505 352.172494271      -1.34      1.79      0.33  0.       -3897.074       6790.539       5289.930    0.000  -0.138   0.380   0.
  2017 352  4  8 24 505 352.172505845      -1.34      1.54     -0.14  0.       -3898.116       6790.523       5288.723    0.000  -0.138   0.380   0.
  2017 352  4  8 25 505 352.172517419      -1.84      1.39     -0.88  0.       -3899.158       6790.506       5287.516    0.000  -0.138   0.380   0.
  2017 352  4  8 26 504 352.172528993      -1.43      1.35     -1.05  0.       -3900.200       6790.488       5286.308    0.000  -0.138   0.380   0.
  2017 352  4  8 27 504 352.172540567      -1.61      2.03     -0.67  0.       -3901.242       6790.471       5285.101    0.000  -0.138   0.380   0.
  2017 352  4  8 28 504 352.172552139      -2.70      1.84     -0.49  0.       -3902.283       6790.453       5283.893    0.000  -0.138   0.380   0.
  2017 352  4  8 29 504 352.172563712      -3.11      2.01     -0.66  0.       -3903.324       6790.434       5282.684    0.000  -0.138   0.380   0.
  2017 352  4  8 30 504 352.172575286      -2.58      2.56     -0.27  0.       -3904.365       6790.415       5281.476    0.000  -0.138   0.380   0.
  2017 352  4  8 31 504 352.172586861      -1.63      2.45      0.42  0.       -3905.406       6790.396       5280.267    0.000  -0.138   0.380   0.
  2017 352  4  8 32 504 352.172598435      -1.23      3.07      0.29  0.       -3906.447       6790.377       5279.058    0.000  -0.138   0.380   0.
  2017 352  4  8 33 504 352.172610009      -1.79      3.01     -0.30  0.       -3907.487       6790.357       5277.849    0.000  -0.138   0.380   0.
  2017 352  4  8 34 504 352.172621583      -1.85      1.88     -0.57  0.       -3908.528       6790.337       5276.639    0.000  -0.138   0.380   0.
  2017 352  4  8 35 504 352.172633157      -1.65      1.66     -0.27  0.       -3909.567       6790.317       5275.430    0.000  -0.138   0.380   0.
  2017 352  4  8 36 504 352.172644731      -1.78      1.88     -0.09  0.       -3910.608       6790.296       5274.220    0.000  -0.139   0.381   0.
  2017 352  4  8 37 504 352.172656305      -2.34      1.48      0.35  0.       -3911.647       6790.275       5273.009    0.000  -0.139   0.381   0.
  2017 352  4  8 38 504 352.172667879      -2.06      1.35      0.28  0.       -3912.687       6790.253       5271.799    0.000  -0.138   0.380   0.
  2017 352  4  8 39 504 352.172679453      -2.09      1.65     -0.45  0.       -3913.726       6790.231       5270.588    0.000  -0.138   0.380   0.
  2017 352  4  8 40 504 352.172691027      -2.05      1.83     -0.57  0.       -3914.765       6790.209       5269.377    0.000  -0.138   0.380   0.
  2017 352  4  8 41 504 352.172702601      -2.28      2.02     -0.70  0.       -3915.804       6790.187       5268.165    0.000  -0.138   0.380   0.
  2017 352  4  8 42 504 352.172714175      -2.41      2.09     -0.36  0.       -3916.843       6790.164       5266.954    0.000  -0.139   0.381   0.
  2017 352  4  8 43 504 352.172725749      -2.19      1.93     -0.29  0.       -3917.881       6790.141       5265.742    0.000  -0.139   0.381   0.
  2017 352  4  8 44 504 352.172737323      -1.84      1.60      0.03  0.       -3918.919       6790.117       5264.529    0.000  -0.138   0.380   0.
  2017 352  4  8 45 504 352.172748898      -1.29      1.47     -0.01  0.       -3919.957       6790.093       5263.317    0.000  -0.138   0.380   0.
  2017 352  4  8 46 504 352.172760472      -1.54      1.12     -0.96  0.       -3920.995       6790.069       5262.104    0.000  -0.138   0.380   0.
  2017 352  4  8 47 504 352.172772046      -1.48      1.35     -1.05  0.       -3922.033       6790.044       5260.891    0.000  -0.138   0.380   0.
  2017 352  4  8 48 504 352.172783620      -1.07      1.66      0.59  0.       -3923.071       6790.019       5259.678    0.000  -0.139   0.381   0.
  2017 352  4  8 49 504 352.172795194      -1.93      1.41      0.83  0.       -3924.108       6789.994       5258.464    0.000  -0.139   0.381   0.
  2017 352  4  8 50 504 352.172806768      -2.00      1.50      0.11  0.       -3925.145       6789.968       5257.250    0.000  -0.139   0.381   0.
  2017 352  4  8 51 504 352.172818342      -1.89      1.64     -0.26  0.       -3926.182       6789.943       5256.036    0.000  -0.139   0.381   0.
  2017 352  4  8 52 504 352.172829916      -1.31      2.13     -0.09  0.       -3927.218       6789.916       5254.822    0.000  -0.138   0.380   0.
  2017 352  4  8 53 504 352.172841490      -1.02      2.86     -0.23  0.       -3928.255       6789.889       5253.607    0.000  -0.138   0.380   0.
  2017 352  4  8 54 504 352.172853064      -1.98      2.65      0.93  0.       -3929.291       6789.862       5252.392    0.000  -0.139   0.381   0.
  2017 352  4  8 55 504 352.172864638      -2.19      2.20      0.46  0.       -3930.327       6789.835       5251.177    0.000  -0.139   0.381   0.
  2017 352  4  8 56 504 352.172876212      -1.39      1.33     -0.30  0.       -3931.363       6789.807       5249.962    0.000  -0.139   0.381   0.
  2017 352  4  8 57 504 352.172887786      -0.75      1.49      0.11  0.       -3932.399       6789.779       5248.746    0.000  -0.139   0.381   0.
  2017 352  4  8 58 504 352.172899361      -0.95      1.20      0.46  0.       -3933.434       6789.751       5247.530    0.000  -0.139   0.381   0.
  2017 352  4  8 59 504 352.172910935      -2.00      1.00     -0.57  0.       -3934.470       6789.722       5246.314    0.000  -0.139   0.381   0.
  2017 352  4  9  0 504 352.172922506      -2.00      0.27     -1.01  0.       -3935.505       6789.693       5245.097    0.000  -0.139   0.381   0.
  2017 352  4  9  1 504 352.172934080      -1.81      1.21     -0.39  0.       -3936.540       6789.664       5243.881    0.000  -0.139   0.381   0.
  2017 352  4  9  2 504 352.172945654      -1.78      2.53      0.90  0.       -3937.574       6789.634       5242.664    0.000  -0.139   0.381   0.
  2017 352  4  9  3 504 352.172957228      -1.72      1.31      1.47  0.       -3938.609       6789.604       5241.446    0.000  -0.139   0.381   0.
  2017 352  4  9  4 504 352.172968802      -1.64      1.76      0.22  0.       -3939.643       6789.573       5240.229    0.000  -0.139   0.381   0.
  2017 352  4  9  5 504 352.172980376      -1.93      1.70     -0.64  0.       -3940.677       6789.543       5239.011    0.000  -0.139   0.381   0.
  2017 352  4  9  6 504 352.172991950      -2.08      1.65      0.18  0.       -3941.711       6789.512       5237.793    0.000  -0.139   0.381   0.
  2017 352  4  9  7 504 352.173003524      -2.18      1.70      1.02  0.       -3942.745       6789.480       5236.574    0.000  -0.139   0.381   0.
  2017 352  4  9  8 504 352.173015098      -2.05      1.50      1.18  0.       -3943.778       6789.448       5235.356    0.000  -0.138   0.380   0.
  2017 352  4  9  9 504 352.173026672      -2.14      1.33      1.31  0.       -3944.812       6789.416       5234.137    0.000  -0.138   0.380   0.
  2017 352  4  9 10 504 352.173038247      -1.83      1.03      0.80  0.       -3945.845       6789.383       5232.918    0.000  -0.139   0.381   0.
  2017 352  4  9 11 504 352.173049821      -1.99      1.35      0.01  0.       -3946.877       6789.350       5231.698    0.000  -0.139   0.381   0.
  2017 352  4  9 12 504 352.173061395      -2.56      1.51     -0.34  0.       -3947.910       6789.317       5230.479    0.000  -0.139   0.381   0.
  2017 352  4  9 13 504 352.173072969      -2.35      1.76     -0.02  0.       -3948.943       6789.284       5229.259    0.000  -0.139   0.381   0.
  2017 352  4  9 14 504 352.173084543      -2.24      2.21     -0.11  0.       -3949.975       6789.250       5228.038    0.000  -0.138   0.380   0.
  2017 352  4  9 15 504 352.173096117      -2.18      1.91      0.41  0.       -3951.007       6789.216       5226.818    0.000  -0.138   0.380   0.
  2017 352  4  9 16 504 352.173107691      -1.52      1.90      0.69  0.       -3952.039       6789.181       5225.597    0.000  -0.139   0.381   0.
  2017 352  4  9 17 504 352.173119265      -1.01      1.40      0.11  0.       -3953.071       6789.146       5224.376    0.000  -0.139   0.381   0.
  2017 352  4  9 18 504 352.173130839      -0.79      1.14     -1.14  0.       -3954.102       6789.111       5223.155    0.000  -0.138   0.380   0.
  2017 352  4  9 19 504 352.173142413      -1.14      1.79     -1.61  0.       -3955.133       6789.075       5221.933    0.000  -0.138   0.380   0.
  2017 352  4  9 20 504 352.173153987      -0.83      1.78     -0.98  0.       -3956.164       6789.039       5220.711    0.000  -0.138   0.380   0.
  2017 352  4  9 21 504 352.173165561      -0.37      2.44      0.07  0.       -3957.195       6789.003       5219.489    0.000  -0.138   0.380   0.
  2017 352  4  9 22 504 352.173177135      -0.64      2.36      0.34  0.       -3958.226       6788.966       5218.267    0.000  -0.139   0.381   0.
  2017 352  4  9 23 504 352.173188709      -1.63      1.49      0.74  0.       -3959.256       6788.929       5217.044    0.000  -0.139   0.381   0.
  2017 352  4  9 24 504 352.173200284      -1.01      0.79      0.97  0.       -3960.287       6788.891       5215.821    0.000  -0.138   0.380   0.
  2017 352  4  9 25 504 352.173211858      -0.60      0.66      1.32  0.       -3961.317       6788.854       5214.598    0.000  -0.138   0.380   0.
  2017 352  4  9 26 504 352.173223432      -1.22      0.72      1.29  0.       -3962.347       6788.816       5213.375    0.000  -0.138   0.380   0.
  2017 352  4  9 27 504 352.173235006      -1.48      0.46      0.22  0.       -3963.376       6788.777       5212.151    0.000  -0.138   0.380   0.
  2017 352  4  9 28 504 352.173246577      -1.27      1.59     -1.18  0.       -3964.406       6788.739       5210.927    0.000  -0.139   0.381   0.
  2017 352  4  9 29 504 352.173258151      -0.77      2.99     -0.29  0.       -3965.435       6788.699       5209.703    0.000  -0.139   0.381   0.
  2017 352  4  9 30 504 352.173269725      -0.58      2.76      0.23  0.       -3966.464       6788.660       5208.478    0.000  -0.139   0.381   0.
  2017 352  4  9 31 504 352.173281299      -0.77      1.85      1.38  0.       -3967.493       6788.620       5207.254    0.000  -0.139   0.381   0.
  2017 352  4  9 32 504 352.173292873      -1.51      1.01      1.13  0.       -3968.521       6788.580       5206.029    0.000  -0.138   0.380   0.
  2017 352  4  9 33 504 352.173304447      -1.44      0.02      1.36  0.       -3969.550       6788.539       5204.803    0.000  -0.138   0.380   0.
  2017 352  4  9 34 504 352.173316021      -0.80     -0.14      1.07  0.       -3970.578       6788.499       5203.578    0.000  -0.139   0.381   0.
  2017 352  4  9 35 504 352.173327596      -0.47      0.53     -0.53  0.       -3971.606       6788.457       5202.352    0.000  -0.139   0.381   0.
  2017 352  4  9 36 504 352.173339170      -0.99      2.04     -0.61  0.       -3972.634       6788.416       5201.126    0.000  -0.139   0.381   0.
  2017 352  4  9 37 504 352.173350744      -1.85      1.94     -0.83  0.       -3973.662       6788.374       5199.900    0.000  -0.139   0.381   0.
  2017 352  4  9 38 504 352.173362318      -2.17      1.72     -0.66  0.       -3974.689       6788.332       5198.673    0.000  -0.138   0.380   0.
  2017 352  4  9 39 504 352.173373892      -2.04      1.58     -0.35  0.       -3975.716       6788.289       5197.446    0.000  -0.138   0.380   0.
  2017 352  4  9 40 504 352.173385466      -2.09      1.90     -0.38  0.       -3976.743       6788.246       5196.219    0.000  -0.139   0.381   0.
  2017 352  4  9 41 504 352.173397040      -2.28      2.39      0.62  0.       -3977.770       6788.203       5194.991    0.000  -0.139   0.381   0.
  2017 352  4  9 42 504 352.173408614      -2.00      2.41      1.95  0.       -3978.797       6788.159       5193.764    0.000  -0.138   0.380   0.
  2017 352  4  9 43 504 352.173420188      -1.83      1.36      1.27  0.       -3979.823       6788.115       5192.536    0.000  -0.138   0.380   0.
  2017 352  4  9 44 504 352.173431762      -1.57      1.24      0.52  0.       -3980.849       6788.071       5191.307    0.000  -0.138   0.380   0.
  2017 352  4  9 45 504 352.173443336      -1.59      2.05     -0.16  0.       -3981.875       6788.026       5190.079    0.000  -0.138   0.380   0.
  2017 352  4  9 46 504 352.173454910      -1.42      2.11      0.16  0.       -3982.901       6787.981       5188.850    0.000  -0.139   0.381   0.
  2017 352  4  9 47 504 352.173466484      -1.43      1.57      0.40  0.       -3983.927       6787.936       5187.621    0.000  -0.139   0.381   0.
  2017 352  4  9 48 504 352.173478058      -2.02      1.27      0.52  0.       -3984.952       6787.890       5186.392    0.000  -0.138   0.380   0.
  2017 352  4  9 49 504 352.173489633      -2.04      1.34      1.05  0.       -3985.977       6787.844       5185.162    0.000  -0.138   0.380   0.
  2017 352  4  9 50 504 352.173501207      -1.77      1.46      1.38  0.       -3987.002       6787.798       5183.933    0.000  -0.139   0.381   0.
  2017 352  4  9 51 504 352.173512781      -1.39      1.07      1.91  0.       -3988.027       6787.751       5182.703    0.000  -0.139   0.381   0.
  2017 352  4  9 52 504 352.173524355      -1.06      0.74      1.38  0.       -3989.052       6787.704       5181.472    0.000  -0.138   0.380   0.
  2017 352  4  9 53 504 352.173535929      -1.64      1.36      0.52  0.       -3990.076       6787.657       5180.242    0.000  -0.138   0.380   0.
  2017 352  4  9 54 504 352.173547503      -2.74      2.32     -0.66  0.       -3991.100       6787.609       5179.011    0.000  -0.139   0.381   0.
  2017 352  4  9 55 504 352.173559077      -2.86      2.26     -0.69  0.       -3992.124       6787.561       5177.780    0.000  -0.139   0.381   0.
  2017 352  4  9 56 504 352.173570651      -2.65      1.96     -0.78  0.       -3993.148       6787.512       5176.548    0.000  -0.139   0.381   0.
  2017 352  4  9 57 504 352.173582225      -1.76      2.06     -0.35  0.       -3994.171       6787.463       5175.316    0.000  -0.139   0.381   0.
  2017 352  4  9 58 503 352.173593797      -1.22      2.03      0.28  0.       -3995.195       6787.414       5174.085    0.000  -0.138   0.380   0.
  2017 352  4  9 59 504 352.173605370      -1.38      1.63      0.13  0.       -3996.218       6787.365       5172.852    0.000  -0.138   0.380   0.
  2017 352  4 10  0 504 352.173616944      -1.70      1.12      0.26  0.       -3997.241       6787.315       5171.620    0.000  -0.139   0.381   0.
  2017 352  4 10  1 503 352.173628519      -1.65      0.89      0.25  0.       -3998.264       6787.265       5170.387    0.000  -0.139   0.381   0.
  2017 352  4 10  2 503 352.173640093      -1.72      0.90     -0.72  0.       -3999.286       6787.214       5169.154    0.000  -0.139   0.381   0.
  2017 352  4 10  3 504 352.173651667      -1.16      1.88     -1.35  0.       -4000.308       6787.163       5167.921    0.000  -0.139   0.381   0.
  2017 352  4 10  4 504 352.173663241      -0.95      2.01     -0.73  0.       -4001.331       6787.112       5166.687    0.000  -0.138   0.380   0.
  2017 352  4 10  5 504 352.173674815      -1.14      1.54      0.39  0.       -4002.352       6787.060       5165.454    0.000  -0.138   0.380   0.
  2017 352  4 10  6 504 352.173686389      -1.11      1.21      0.53  0.       -4003.374       6787.008       5164.220    0.000  -0.139   0.381   0.
  2017 352  4 10  7 504 352.173697963      -1.98      1.84      0.97  0.       -4004.396       6786.956       5162.985    0.000  -0.139   0.381   0.
  2017 352  4 10  8 503 352.173709537      -2.52      1.54      0.87  0.       -4005.417       6786.903       5161.751    0.000  -0.138   0.380   0.
  2017 352  4 10  9 503 352.173721111      -1.60      1.27     -0.54  0.       -4006.438       6786.850       5160.516    0.000  -0.138   0.380   0.
  2017 352  4 10 10 503 352.173732685      -1.56      1.57     -0.71  0.       -4007.459       6786.797       5159.281    0.000  -0.139   0.381   0.
  2017 352  4 10 11 503 352.173744259      -1.96      1.97     -0.93  0.       -4008.480       6786.743       5158.045    0.000  -0.139   0.381   0.
  2017 352  4 10 12 503 352.173755833      -1.85      2.15     -1.53  0.       -4009.500       6786.689       5156.810    0.000  -0.139   0.381   0.
  2017 352  4 10 13 504 352.173767407      -1.21      2.15     -1.26  0.       -4010.520       6786.635       5155.574    0.000  -0.139   0.381   0.
  2017 352  4 10 14 504 352.173778981      -1.38      1.62     -0.70  0.       -4011.541       6786.580       5154.338    0.000  -0.139   0.381   0.
  2017 352  4 10 15 503 352.173790556      -1.57      1.20      0.01  0.       -4012.560       6786.525       5153.101    0.000  -0.139   0.381   0.
  2017 352  4 10 16 503 352.173802130      -1.80      0.91      0.17  0.       -4013.580       6786.470       5151.865    0.000  -0.138   0.380   0.
  2017 352  4 10 17 504 352.173813704      -1.54      1.32      0.36  0.       -4014.599       6786.414       5150.628    0.000  -0.138   0.380   0.
  2017 352  4 10 18 504 352.173825278      -1.34      1.74      0.65  0.       -4015.619       6786.358       5149.390    0.000  -0.138   0.380   0.
  2017 352  4 10 19 504 352.173836852      -1.05      0.68      1.16  0.       -4016.638       6786.301       5148.153    0.000  -0.138   0.380   0.
  2017 352  4 10 20 504 352.173848426      -0.88      1.52     -0.32  0.       -4017.657       6786.245       5146.915    0.000  -0.139   0.381   0.
  2017 352  4 10 21 503 352.173860000      -1.27      1.69      0.22  0.       -4018.675       6786.187       5145.677    0.000  -0.139   0.381   0.
  2017 352  4 10 22 503 352.173871574      -1.32      1.44      1.03  0.       -4019.694       6786.130       5144.439    0.000  -0.138   0.380   0.
  2017 352  4 10 23 503 352.173883148      -1.51      1.19      1.06  0.       -4020.712       6786.072       5143.200    0.000  -0.138   0.380   0.
  2017 352  4 10 24 503 352.173894722      -1.48      1.09      0.75  0.       -4021.730       6786.014       5141.962    0.000  -0.139   0.381   0.
  2017 352  4 10 25 503 352.173906296      -1.62      1.32     -0.48  0.       -4022.748       6785.955       5140.722    0.000  -0.139   0.381   0.
  2017 352  4 10 26 504 352.173917870      -1.85      1.77     -1.11  0.       -4023.765       6785.896       5139.483    0.000  -0.138   0.380   0.
  2017 352  4 10 27 504 352.173929444      -1.82      1.87     -0.94  0.       -4024.783       6785.837       5138.243    0.000  -0.138   0.380   0.
  2017 352  4 10 28 503 352.173941016      -1.54      1.71     -0.15  0.       -4025.800       6785.777       5137.004    0.000  -0.138   0.380   0.
  2017 352  4 10 29 503 352.173952590      -1.70      2.31      0.47  0.       -4026.817       6785.717       5135.763    0.000  -0.138   0.380   0.
  2017 352  4 10 30 503 352.173964164      -1.81      2.59      0.77  0.       -4027.834       6785.657       5134.523    0.000  -0.139   0.381   0.
  2017 352  4 10 31 503 352.173975738      -1.50      2.00      0.31  0.       -4028.850       6785.597       5133.282    0.000  -0.139   0.381   0.
  2017 352  4 10 32 503 352.173987312      -2.10      1.47      0.35  0.       -4029.867       6785.536       5132.042    0.000  -0.139   0.381   0.
  2017 352  4 10 33 503 352.173998886      -2.63      1.01      1.21  0.       -4030.883       6785.474       5130.800    0.000  -0.139   0.381   0.
  2017 352  4 10 34 503 352.174010460      -2.76      0.62      0.66  0.       -4031.899       6785.413       5129.559    0.000  -0.138   0.380   0.
  2017 352  4 10 35 503 352.174022034      -2.54      1.23     -0.53  0.       -4032.914       6785.351       5128.317    0.000  -0.138   0.380   0.
  2017 352  4 10 36 503 352.174033608      -2.25      1.84     -1.05  0.       -4033.930       6785.288       5127.075    0.000  -0.139   0.381   0.
  2017 352  4 10 37 503 352.174045182      -1.89      2.28     -0.08  0.       -4034.945       6785.225       5125.833    0.000  -0.139   0.381   0.
  2017 352  4 10 38 503 352.174056756      -1.60      2.47      0.33  0.       -4035.960       6785.162       5124.591    0.000  -0.138   0.380   0.
  2017 352  4 10 39 503 352.174068330      -1.09      2.13      0.96  0.       -4036.975       6785.099       5123.348    0.000  -0.138   0.380   0.
  2017 352  4 10 40 503 352.174079905      -0.79      1.86      0.51  0.       -4037.990       6785.035       5122.105    0.000  -0.139   0.381   0.
  2017 352  4 10 41 503 352.174091479      -1.61      1.52      0.82  0.       -4039.005       6784.971       5120.861    0.000  -0.139   0.381   0.
  2017 352  4 10 42 503 352.174103053      -1.87      1.18      0.82  0.       -4040.019       6784.906       5119.618    0.000  -0.139   0.381   0.
  2017 352  4 10 43 503 352.174114627      -1.80      0.78      0.73  0.       -4041.033       6784.842       5118.374    0.000  -0.139   0.381   0.
  2017 352  4 10 44 503 352.174126201      -1.26      1.08      0.74  0.       -4042.047       6784.776       5117.130    0.000  -0.139   0.381   0.
  2017 352  4 10 45 503 352.174137775      -1.27      1.07      0.32  0.       -4043.060       6784.711       5115.886    0.000  -0.139   0.381   0.
  2017 352  4 10 46 503 352.174149349      -0.54      1.50     -0.50  0.       -4044.074       6784.645       5114.641    0.000  -0.139   0.381   0.
  2017 352  4 10 47 503 352.174160923      -0.88      1.31     -0.70  0.       -4045.087       6784.579       5113.396    0.000  -0.139   0.381   0.
  2017 352  4 10 48 503 352.174172497      -1.55      1.43      0.27  0.       -4046.100       6784.512       5112.151    0.000  -0.138   0.380   0.
  2017 352  4 10 49 503 352.174184071      -1.44      1.12      0.19  0.       -4047.113       6784.445       5110.906    0.000  -0.138   0.380   0.
  2017 352  4 10 50 503 352.174195645      -0.81      1.69     -0.03  0.       -4048.126       6784.378       5109.660    0.000  -0.138   0.380   0.
  2017 352  4 10 51 503 352.174207219      -0.14      2.31      0.02  0.       -4049.138       6784.310       5108.414    0.000  -0.138   0.380   0.
  2017 352  4 10 52 503 352.174218793      -0.73      1.29      0.71  0.       -4050.150       6784.242       5107.168    0.000  -0.139   0.381   0.
  2017 352  4 10 53 503 352.174230367      -1.30      1.11      0.66  0.       -4051.162       6784.174       5105.921    0.000  -0.139   0.381   0.
  2017 352  4 10 54 503 352.174241942      -1.40      1.12      0.38  0.       -4052.174       6784.106       5104.675    0.000  -0.138   0.380   0.
  2017 352  4 10 55 503 352.174253516      -0.86      0.97     -0.22  0.       -4053.186       6784.036       5103.428    0.000  -0.138   0.380   0.
  2017 352  4 10 56 503 352.174265090       0.07      1.80     -0.88  0.       -4054.197       6783.967       5102.181    0.000  -0.138   0.380   0.
  2017 352  4 10 57 503 352.174276664      -0.67      1.38      0.03  0.       -4055.208       6783.897       5100.933    0.000  -0.138   0.380   0.
  2017 352  4 10 58 503 352.174288236      -1.43      0.93     -0.30  0.       -4056.219       6783.827       5099.685    0.000  -0.139   0.381   0.
  2017 352  4 10 59 503 352.174299809      -1.96      0.95     -0.16  0.       -4057.230       6783.757       5098.438    0.000  -0.139   0.381   0.
  2017 352  4 11  0 503 352.174311383      -2.24      1.33      0.08  0.       -4058.240       6783.686       5097.189    0.000  -0.138   0.380   0.
  2017 352  4 11  1 503 352.174322957      -2.32      1.74      0.18  0.       -4059.251       6783.615       5095.940    0.000  -0.138   0.380   0.
  2017 352  4 11  2 503 352.174334531      -2.47      1.40      0.11  0.       -4060.261       6783.544       5094.692    0.000  -0.138   0.380   0.
  2017 352  4 11  3 503 352.174346105      -2.09      1.04      0.10  0.       -4061.271       6783.472       5093.443    0.000  -0.138   0.380   0.
  2017 352  4 11  4 503 352.174357679      -1.69      1.58      0.45  0.       -4062.280       6783.400       5092.193    0.000  -0.139   0.381   0.
  2017 352  4 11  5 503 352.174369254      -1.64      1.64      0.99  0.       -4063.290       6783.327       5090.944    0.000  -0.139   0.381   0.
  2017 352  4 11  6 503 352.174380828      -1.90      1.28      1.19  0.       -4064.299       6783.254       5089.694    0.000  -0.139   0.381   0.
  2017 352  4 11  7 503 352.174392402      -2.15      0.71      1.26  0.       -4065.308       6783.181       5088.444    0.000  -0.139   0.381   0.
  2017 352  4 11  8 503 352.174403976      -2.36      0.78      0.48  0.       -4066.317       6783.108       5087.193    0.000  -0.138   0.380   0.
  2017 352  4 11  9 503 352.174415550      -2.53      1.24     -0.08  0.       -4067.326       6783.034       5085.943    0.000  -0.138   0.380   0.
  2017 352  4 11 10 503 352.174427124      -2.60      2.03     -0.36  0.       -4068.334       6782.959       5084.692    0.000  -0.139   0.381   0.
  2017 352  4 11 11 503 352.174438698      -2.19      2.26     -0.84  0.       -4069.343       6782.885       5083.441    0.000  -0.139   0.381   0.
  2017 352  4 11 12 503 352.174450272      -1.65      1.75     -1.06  0.       -4070.350       6782.810       5082.189    0.000  -0.139   0.381   0.
  2017 352  4 11 13 503 352.174461846      -1.20      1.69     -1.02  0.       -4071.358       6782.735       5080.937    0.000  -0.139   0.381   0.
  2017 352  4 11 14 503 352.174473420      -0.47      1.25     -0.95  0.       -4072.366       6782.659       5079.686    0.000  -0.138   0.380   0.
  2017 352  4 11 15 503 352.174484994      -0.21      1.38     -0.40  0.       -4073.373       6782.583       5078.433    0.000  -0.138   0.380   0.
  2017 352  4 11 16 503 352.174496568      -0.80      1.45     -0.58  0.       -4074.381       6782.507       5077.181    0.000  -0.139   0.381   0.
  2017 352  4 11 17 503 352.174508142      -0.98      1.62      0.27  0.       -4075.388       6782.430       5075.928    0.000  -0.139   0.381   0.
  2017 352  4 11 18 503 352.174519716      -1.04      1.96      0.72  0.       -4076.394       6782.353       5074.675    0.000  -0.138   0.380   0.
  2017 352  4 11 19 503 352.174531290      -1.23      2.31      0.72  0.       -4077.401       6782.276       5073.422    0.000  -0.138   0.380   0.
  2017 352  4 11 20 503 352.174542865      -1.60      2.09      0.78  0.       -4078.407       6782.198       5072.168    0.000  -0.138   0.380   0.
  2017 352  4 11 21 503 352.174554439      -1.82      1.39      0.94  0.       -4079.413       6782.120       5070.914    0.000  -0.138   0.380   0.
  2017 352  4 11 22 503 352.174566013      -2.06      0.53      1.35  0.       -4080.419       6782.041       5069.660    0.000  -0.139   0.381   0.
  2017 352  4 11 23 503 352.174577587      -1.82      0.96      1.38  0.       -4081.425       6781.962       5068.406    0.000  -0.139   0.381   0.
  2017 352  4 11 24 503 352.174589161      -1.92      1.66      1.00  0.       -4082.431       6781.883       5067.152    0.000  -0.138   0.380   0.
  2017 352  4 11 25 503 352.174600735      -1.97      1.84      0.38  0.       -4083.436       6781.804       5065.897    0.000  -0.138   0.380   0.
  2017 352  4 11 26 503 352.174612309      -2.70      1.87      0.83  0.       -4084.441       6781.724       5064.642    0.000  -0.138   0.380   0.
  2017 352  4 11 27 503 352.174623883      -3.32      1.88      0.87  0.       -4085.446       6781.644       5063.386    0.000  -0.138   0.380   0.
  2017 352  4 11 28 503 352.174635455      -3.34      1.92      0.69  0.       -4086.451       6781.563       5062.131    0.000  -0.139   0.381   0.
  2017 352  4 11 29 503 352.174647028      -2.89      2.06      0.61  0.       -4087.455       6781.482       5060.875    0.000  -0.139   0.381   0.
  2017 352  4 11 30 503 352.174658602      -2.86      2.28      0.61  0.       -4088.459       6781.401       5059.619    0.000  -0.139   0.381   0.
  2017 352  4 11 31 503 352.174670177      -2.67      2.08      0.50  0.       -4089.463       6781.319       5058.362    0.000  -0.139   0.381   0.
  2017 352  4 11 32 503 352.174681751      -2.51      1.62      0.54  0.       -4090.467       6781.238       5057.106    0.000  -0.138   0.380   0.
  2017 352  4 11 33 503 352.174693325      -2.03      1.03      0.46  0.       -4091.471       6781.155       5055.849    0.000  -0.138   0.380   0.
  2017 352  4 11 34 503 352.174704899      -1.60      1.12     -0.24  0.       -4092.474       6781.073       5054.592    0.000  -0.138   0.380   0.
  2017 352  4 11 35 503 352.174716473      -1.37      1.50     -0.32  0.       -4093.477       6780.990       5053.334    0.000  -0.138   0.380   0.
  2017 352  4 11 36 503 352.174728047      -1.55      1.49     -0.28  0.       -4094.480       6780.906       5052.076    0.000  -0.139   0.381   0.
  2017 352  4 11 37 503 352.174739621      -1.44      1.32      0.49  0.       -4095.483       6780.823       5050.818    0.000  -0.139   0.381   0.
  2017 352  4 11 38 503 352.174751195      -1.45      1.46      0.44  0.       -4096.486       6780.739       5049.560    0.000  -0.138   0.380   0.
  2017 352  4 11 39 503 352.174762769      -1.98      1.59      0.18  0.       -4097.488       6780.654       5048.302    0.000  -0.138   0.380   0.
  2017 352  4 11 40 503 352.174774343      -2.03      1.18      0.25  0.       -4098.490       6780.569       5047.043    0.000  -0.138   0.380   0.
  2017 352  4 11 41 503 352.174785917      -2.14      0.84      0.47  0.       -4099.492       6780.484       5045.784    0.000  -0.138   0.380   0.
  2017 352  4 11 42 503 352.174797491      -1.92      1.41      0.50  0.       -4100.494       6780.399       5044.525    0.000  -0.138   0.380   0.
  2017 352  4 11 43 503 352.174809065      -1.70      2.39      0.45  0.       -4101.495       6780.313       5043.265    0.000  -0.138   0.380   0.
  2017 352  4 11 44 503 352.174820639      -1.24      2.56     -0.84  0.       -4102.496       6780.227       5042.005    0.000  -0.138   0.380   0.
  2017 352  4 11 45 503 352.174832214      -1.41      2.29     -0.99  0.       -4103.498       6780.141       5040.745    0.000  -0.138   0.380   0.
  2017 352  4 11 46 503 352.174843788      -1.56      2.29     -0.56  0.       -4104.498       6780.054       5039.485    0.000  -0.138   0.380   0.
  2017 352  4 11 47 503 352.174855362      -1.15      2.37     -0.31  0.       -4105.499       6779.966       5038.224    0.000  -0.138   0.380   0.
  2017 352  4 11 48 503 352.174866936      -0.91      1.51     -0.01  0.       -4106.500       6779.879       5036.964    0.000  -0.138   0.380   0.
  2017 352  4 11 49 503 352.174878510      -1.26      1.27      0.79  0.       -4107.500       6779.791       5035.702    0.000  -0.138   0.380   0.
  2017 352  4 11 50 503 352.174890084      -1.94      1.47      1.26  0.       -4108.500       6779.703       5034.441    0.000  -0.138   0.380   0.
  2017 352  4 11 51 503 352.174901658      -2.11      1.52      0.95  0.       -4109.500       6779.614       5033.180    0.000  -0.138   0.380   0.
  2017 352  4 11 52 503 352.174913232      -1.72      1.38      0.45  0.       -4110.499       6779.525       5031.918    0.000  -0.139   0.381   0.
  2017 352  4 11 53 503 352.174924806      -1.07      1.38     -0.64  0.       -4111.499       6779.436       5030.655    0.000  -0.139   0.381   0.
  2017 352  4 11 54 503 352.174936380      -0.53      2.12     -0.71  0.       -4112.498       6779.346       5029.393    0.000  -0.138   0.380   0.
  2017 352  4 11 55 503 352.174947954      -1.39      1.78     -0.73  0.       -4113.497       6779.256       5028.130    0.000  -0.138   0.380   0.
  2017 352  4 11 56 503 352.174959528      -1.83      1.82     -0.20  0.       -4114.495       6779.166       5026.868    0.000  -0.138   0.380   0.
  2017 352  4 11 57 503 352.174971102      -2.48      1.54     -0.16  0.       -4115.494       6779.075       5025.604    0.000  -0.138   0.380   0.
  2017 352  4 11 58 502 352.174982674      -2.61      1.48     -0.22  0.       -4116.492       6778.984       5024.341    0.000  -0.139   0.381   0.
  2017 352  4 11 59 503 352.174994248      -2.62      1.65     -0.29  0.       -4117.490       6778.893       5023.077    0.000  -0.139   0.381   0.
  2017 352  4 12  0 503 352.175005822      -1.78      1.75      0.12  0.       -4118.488       6778.801       5021.813    0.000  -0.138   0.380   0.
  2017 352  4 12  1 503 352.175017396      -0.79      2.34      0.49  0.       -4119.486       6778.709       5020.549    0.000  -0.138   0.380   0.
  2017 352  4 12  2 503 352.175028970      -0.70      1.85      0.20  0.       -4120.483       6778.617       5019.285    0.000  -0.138   0.380   0.
  2017 352  4 12  3 503 352.175040544      -1.13      1.23      0.52  0.       -4121.481       6778.524       5018.020    0.000  -0.138   0.380   0.
  2017 352  4 12  4 502 352.175052118      -1.36      1.03      0.55  0.       -4122.478       6778.431       5016.755    0.000  -0.139   0.381   0.
  2017 352  4 12  5 502 352.175063692      -1.79      1.34      0.40  0.       -4123.474       6778.337       5015.490    0.000  -0.139   0.381   0.
  2017 352  4 12  6 502 352.175075266      -2.17      1.66      0.65  0.       -4124.471       6778.243       5014.224    0.000  -0.138   0.380   0.
  2017 352  4 12  7 502 352.175086840      -2.21      1.75      0.33  0.       -4125.467       6778.149       5012.958    0.000  -0.138   0.380   0.
  2017 352  4 12  8 502 352.175098414      -1.53      1.40     -0.26  0.       -4126.464       6778.054       5011.692    0.000  -0.138   0.380   0.
  2017 352  4 12  9 503 352.175109988      -1.20      1.27     -0.49  0.       -4127.460       6777.960       5010.426    0.000  -0.138   0.380   0.
  2017 352  4 12 10 503 352.175121563      -1.24      1.34     -0.46  0.       -4128.455       6777.864       5009.159    0.000  -0.138   0.380   0.
  2017 352  4 12 11 502 352.175133137      -1.05      1.53     -0.76  0.       -4129.451       6777.769       5007.893    0.000  -0.138   0.380   0.
  2017 352  4 12 12 503 352.175144711      -0.55      1.53     -0.79  0.       -4130.446       6777.672       5006.626    0.000  -0.138   0.380   0.
  2017 352  4 12 13 503 352.175156285      -0.87      2.03     -0.36  0.       -4131.441       6777.576       5005.358    0.000  -0.138   0.380   0.
  2017 352  4 12 14 503 352.175167859      -1.14      1.92     -0.37  0.       -4132.436       6777.480       5004.091    0.000  -0.138   0.380   0.
  2017 352  4 12 15 503 352.175179433      -1.18      1.77     -0.12  0.       -4133.431       6777.383       5002.823    0.000  -0.138   0.380   0.
  2017 352  4 12 16 503 352.175191007      -0.92      1.53      0.29  0.       -4134.425       6777.285       5001.555    0.000  -0.139   0.381   0.
  2017 352  4 12 17 502 352.175202581      -1.69      1.70      0.24  0.       -4135.420       6777.188       5000.286    0.000  -0.139   0.381   0.
  2017 352  4 12 18 502 352.175214155      -2.01      1.61     -0.28  0.       -4136.414       6777.090       4999.018    0.000  -0.138   0.380   0.
  2017 352  4 12 19 502 352.175225729      -1.83      1.61     -0.64  0.       -4137.407       6776.991       4997.749    0.000  -0.138   0.380   0.
  2017 352  4 12 20 502 352.175237303      -1.28      1.52     -0.28  0.       -4138.401       6776.892       4996.480    0.000  -0.138   0.380   0.
  2017 352  4 12 21 502 352.175248877      -0.85      1.55     -0.46  0.       -4139.394       6776.793       4995.210    0.000  -0.138   0.380   0.
  2017 352  4 12 22 503 352.175260451      -0.98      1.06     -0.61  0.       -4140.388       6776.694       4993.940    0.000  -0.139   0.381   0.
  2017 352  4 12 23 503 352.175272025      -1.37      1.29      0.12  0.       -4141.381       6776.594       4992.671    0.000  -0.139   0.381   0.
  2017 352  4 12 24 502 352.175283600      -1.93      1.86     -0.06  0.       -4142.373       6776.494       4991.400    0.000  -0.138   0.380   0.
  2017 352  4 12 25 502 352.175295174      -2.06      2.48     -1.30  0.       -4143.366       6776.393       4990.130    0.000  -0.138   0.380   0.
  2017 352  4 12 26 503 352.175306748      -2.02      2.66     -1.49  0.       -4144.359       6776.292       4988.859    0.000  -0.138   0.380   0.
  2017 352  4 12 27 503 352.175318322      -2.29      2.25     -0.73  0.       -4145.351       6776.191       4987.588    0.000  -0.138   0.380   0.
  2017 352  4 12 28 503 352.175329894      -2.29      1.76     -0.18  0.       -4146.342       6776.090       4986.317    0.000  -0.139   0.381   0.
  2017 352  4 12 29 502 352.175341467      -2.40      1.36     -0.00  0.       -4147.334       6775.988       4985.046    0.000  -0.139   0.381   0.
  2017 352  4 12 30 502 352.175353041      -2.08      1.25      0.36  0.       -4148.326       6775.885       4983.774    0.000  -0.138   0.380   0.
  2017 352  4 12 31 502 352.175364615      -2.05      1.18      0.58  0.       -4149.316       6775.783       4982.502    0.000  -0.138   0.380   0.
  2017 352  4 12 32 502 352.175376189      -2.13      1.47      0.26  0.       -4150.308       6775.680       4981.230    0.000  -0.138   0.380   0.
  2017 352  4 12 33 502 352.175387763      -2.10      1.85      0.24  0.       -4151.298       6775.576       4979.957    0.000  -0.138   0.380   0.
  2017 352  4 12 34 502 352.175399337      -1.74      1.93     -0.06  0.       -4152.289       6775.473       4978.684    0.000  -0.138   0.380   0.
  2017 352  4 12 35 502 352.175410911      -1.86      1.66     -0.35  0.       -4153.279       6775.369       4977.411    0.000  -0.138   0.380   0.
  2017 352  4 12 36 502 352.175422486      -2.41      1.32     -0.12  0.       -4154.270       6775.264       4976.138    0.000  -0.138   0.380   0.
  2017 352  4 12 37 502 352.175434060      -2.59      1.77     -0.10  0.       -4155.260       6775.160       4974.864    0.000  -0.138   0.380   0.
  2017 352  4 12 38 502 352.175445634      -2.52      2.24     -0.01  0.       -4156.249       6775.054       4973.591    0.000  -0.139   0.381   0.
  2017 352  4 12 39 502 352.175457208      -2.29      2.53     -0.29  0.       -4157.239       6774.949       4972.316    0.000  -0.139   0.381   0.
  2017 352  4 12 40 502 352.175468782      -2.56      2.39     -0.08  0.       -4158.228       6774.843       4971.042    0.000  -0.138   0.380   0.
  2017 352  4 12 41 502 352.175480356      -2.65      2.36     -0.36  0.       -4159.217       6774.737       4969.767    0.000  -0.138   0.380   0.
  2017 352  4 12 42 502 352.175491930      -2.92      2.02     -0.54  0.       -4160.206       6774.631       4968.493    0.000  -0.138   0.380   0.
  2017 352  4 12 43 502 352.175503504      -2.33      1.48     -0.45  0.       -4161.195       6774.524       4967.218    0.000  -0.138   0.380   0.
  2017 352  4 12 44 502 352.175515078      -1.33      1.37     -1.13  0.       -4162.183       6774.416       4965.942    0.000  -0.139   0.381   0.
  2017 352  4 12 45 502 352.175526652      -1.12      1.33     -1.37  0.       -4163.171       6774.309       4964.667    0.000  -0.139   0.381   0.
  2017 352  4 12 46 502 352.175538226      -1.17      1.93     -0.58  0.       -4164.159       6774.201       4963.391    0.000  -0.138   0.380   0.
  2017 352  4 12 47 502 352.175549800      -1.62      2.48     -0.15  0.       -4165.147       6774.093       4962.115    0.000  -0.138   0.380   0.
  2017 352  4 12 48 502 352.175561374      -2.00      1.47     -0.26  0.       -4166.135       6773.984       4960.838    0.000  -0.139   0.381   0.
  2017 352  4 12 49 502 352.175572948      -2.62      1.04     -0.68  0.       -4167.122       6773.875       4959.562    0.000  -0.139   0.381   0.
  2017 352  4 12 50 502 352.175584523      -2.59      1.24     -0.35  0.       -4168.109       6773.766       4958.285    0.000  -0.139   0.381   0.
  2017 352  4 12 51 502 352.175596097      -1.87      1.75     -0.54  0.       -4169.096       6773.656       4957.007    0.000  -0.139   0.381   0.
  2017 352  4 12 52 502 352.175607671      -1.73      2.16     -0.95  0.       -4170.083       6773.546       4955.730    0.000  -0.139   0.381   0.
  2017 352  4 12 53 502 352.175619245      -2.08      1.87     -0.86  0.       -4171.069       6773.436       4954.452    0.000  -0.139   0.381   0.
  2017 352  4 12 54 502 352.175630819      -2.23      1.68     -0.43  0.       -4172.056       6773.325       4953.174    0.000  -0.138   0.380   0.
  2017 352  4 12 55 502 352.175642393      -2.24      2.04     -0.38  0.       -4173.042       6773.214       4951.896    0.000  -0.138   0.380   0.
  2017 352  4 12 56 502 352.175653967      -2.25      1.89     -0.90  0.       -4174.028       6773.103       4950.618    0.000  -0.139   0.381   0.
  2017 352  4 12 57 502 352.175665541      -2.12      1.97     -1.06  0.       -4175.013       6772.990       4949.339    0.000  -0.139   0.381   0.
  2017 352  4 12 58 502 352.175677113      -2.34      1.62     -0.72  0.       -4175.999       6772.879       4948.060    0.000  -0.138   0.380   0.
  2017 352  4 12 59 502 352.175688686      -2.73      1.75      0.34  0.       -4176.984       6772.766       4946.781    0.000  -0.138   0.380   0.
  2017 352  4 13  0 502 352.175700260      -3.07      1.58      1.11  0.       -4177.969       6772.653       4945.501    0.000  -0.138   0.380   0.
  2017 352  4 13  1 502 352.175711835      -3.15      1.57      1.11  0.       -4178.953       6772.540       4944.222    0.000  -0.138   0.380   0.
  2017 352  4 13  2 502 352.175723409      -2.59      1.17      0.81  0.       -4179.938       6772.426       4942.942    0.000  -0.139   0.381   0.
  2017 352  4 13  3 502 352.175734983      -2.22      1.35      0.73  0.       -4180.922       6772.313       4941.661    0.000  -0.139   0.381   0.
  2017 352  4 13  4 502 352.175746557      -2.10      2.58     -0.01  0.       -4181.906       6772.198       4940.381    0.000  -0.139   0.381   0.
  2017 352  4 13  5 502 352.175758131      -2.22      3.23     -0.94  0.       -4182.890       6772.084       4939.100    0.000  -0.139   0.381   0.
  2017 352  4 13  6 502 352.175769705      -2.48      3.02     -0.82  0.       -4183.874       6771.969       4937.819    0.000  -0.138   0.380   0.
  2017 352  4 13  7 502 352.175781279      -2.18      2.22     -0.84  0.       -4184.857       6771.853       4936.538    0.000  -0.138   0.380   0.
  2017 352  4 13  8 502 352.175792853      -1.56      1.76     -1.22  0.       -4185.841       6771.738       4935.256    0.000  -0.138   0.380   0.
  2017 352  4 13  9 502 352.175804427      -1.50      2.17     -1.51  0.       -4186.824       6771.622       4933.974    0.000  -0.138   0.380   0.
  2017 352  4 13 10 502 352.175816001      -1.01      2.12     -1.12  0.       -4187.806       6771.505       4932.692    0.000  -0.139   0.381   0.
  2017 352  4 13 11 502 352.175827575      -0.76      1.73     -0.70  0.       -4188.789       6771.389       4931.410    0.000  -0.139   0.381   0.
  2017 352  4 13 12 502 352.175839149      -0.96      1.63     -1.28  0.       -4189.771       6771.271       4930.127    0.000  -0.138   0.380   0.
  2017 352  4 13 13 502 352.175850723      -1.09      1.64     -0.50  0.       -4190.753       6771.154       4928.845    0.000  -0.138   0.380   0.
  2017 352  4 13 14 502 352.175862297      -1.57      1.70      0.29  0.       -4191.735       6771.036       4927.562    0.000  -0.138   0.380   0.
  2017 352  4 13 15 502 352.175873872      -2.02      1.40      0.54  0.       -4192.717       6770.918       4926.278    0.000  -0.138   0.380   0.
  2017 352  4 13 16 502 352.175885446      -2.10      1.18      1.21  0.       -4193.699       6770.800       4924.995    0.000  -0.139   0.381   0.
  2017 352  4 13 17 502 352.175897020      -1.90      1.14      1.24  0.       -4194.680       6770.681       4923.711    0.000  -0.139   0.381   0.
  2017 352  4 13 18 502 352.175908594      -1.65      0.88      0.89  0.       -4195.661       6770.562       4922.427    0.000  -0.139   0.381   0.
  2017 352  4 13 19 502 352.175920168      -1.54      1.11      0.36  0.       -4196.642       6770.442       4921.142    0.000  -0.139   0.381   0.
  2017 352  4 13 20 502 352.175931742      -1.86      1.90     -0.51  0.       -4197.622       6770.322       4919.858    0.000  -0.138   0.380   0.
  2017 352  4 13 21 502 352.175943316      -2.47      2.42     -0.22  0.       -4198.603       6770.202       4918.573    0.000  -0.138   0.380   0.
  2017 352  4 13 22 502 352.175954890      -2.44      2.15      0.31  0.       -4199.583       6770.081       4917.287    0.000  -0.139   0.381   0.
  2017 352  4 13 23 502 352.175966464      -2.57      2.47      0.67  0.       -4200.563       6769.960       4916.002    0.000  -0.139   0.381   0.
  2017 352  4 13 24 502 352.175978038      -2.61      2.42      1.19  0.       -4201.543       6769.839       4914.716    0.000  -0.138   0.380   0.
  2017 352  4 13 25 502 352.175989612      -2.32      1.95      0.77  0.       -4202.522       6769.717       4913.430    0.000  -0.138   0.380   0.
  2017 352  4 13 26 502 352.176001186      -2.33      1.30     -0.44  0.       -4203.501       6769.595       4912.144    0.000  -0.139   0.381   0.
  2017 352  4 13 27 502 352.176012760      -2.38      1.46     -1.06  0.       -4204.480       6769.473       4910.858    0.000  -0.139   0.381   0.
  2017 352  4 13 28 502 352.176024332      -2.15      1.63     -1.14  0.       -4205.459       6769.350       4909.571    0.000  -0.138   0.380   0.
  2017 352  4 13 29 502 352.176035906      -2.18      1.68      0.06  0.       -4206.438       6769.227       4908.284    0.000  -0.138   0.380   0.
  2017 352  4 13 30 502 352.176047480      -2.70      1.25      1.64  0.       -4207.416       6769.104       4906.997    0.000  -0.139   0.381   0.
  2017 352  4 13 31 502 352.176059054      -2.96      0.73      1.75  0.       -4208.394       6768.980       4905.710    0.000  -0.139   0.381   0.
  2017 352  4 13 32 502 352.176070628      -2.77      0.57      1.54  0.       -4209.372       6768.856       4904.422    0.000  -0.139   0.381   0.
  2017 352  4 13 33 502 352.176082202      -2.28      0.96      1.32  0.       -4210.350       6768.731       4903.134    0.000  -0.139   0.381   0.
  2017 352  4 13 34 502 352.176093776      -2.36      1.37      1.21  0.       -4211.328       6768.606       4901.846    0.000  -0.138   0.380   0.
  2017 352  4 13 35 502 352.176105350      -2.10      0.93      0.79  0.       -4212.305       6768.481       4900.557    0.000  -0.138   0.380   0.
  2017 352  4 13 36 502 352.176116924      -2.00      0.67      0.88  0.       -4213.282       6768.356       4899.268    0.000  -0.138   0.380   0.
  2017 352  4 13 37 502 352.176128498      -2.33      0.92      0.50  0.       -4214.259       6768.230       4897.979    0.000  -0.138   0.380   0.
  2017 352  4 13 38 502 352.176140072      -2.47      1.12     -0.01  0.       -4215.236       6768.103       4896.690    0.000  -0.139   0.381   0.
  2017 352  4 13 39 502 352.176151646      -2.53      1.18     -0.30  0.       -4216.212       6767.977       4895.401    0.000  -0.139   0.381   0.
  2017 352  4 13 40 502 352.176163221      -2.06      1.52     -0.30  0.       -4217.188       6767.850       4894.111    0.000  -0.138   0.380   0.
  2017 352  4 13 41 502 352.176174795      -1.71      1.92     -0.21  0.       -4218.164       6767.723       4892.821    0.000  -0.138   0.380   0.
  2017 352  4 13 42 502 352.176186369      -1.83      2.00      0.09  0.       -4219.140       6767.595       4891.531    0.000  -0.138   0.380   0.
  2017 352  4 13 43 502 352.176197943      -2.21      2.18      0.52  0.       -4220.116       6767.467       4890.240    0.000  -0.138   0.380   0.
  2017 352  4 13 44 502 352.176209517      -2.52      1.91      0.81  0.       -4221.091       6767.338       4888.949    0.000  -0.139   0.381   0.
  2017 352  4 13 45 502 352.176221091      -2.24      1.30      1.48  0.       -4222.066       6767.210       4887.658    0.000  -0.139   0.381   0.
  2017 352  4 13 46 502 352.176232665      -2.47      0.93      0.84  0.       -4223.041       6767.081       4886.367    0.000  -0.138   0.380   0.
  2017 352  4 13 47 502 352.176244239      -2.55      1.16     -0.30  0.       -4224.016       6766.951       4885.075    0.000  -0.138   0.380   0.
  2017 352  4 13 48 502 352.176255813      -3.03      0.94     -0.52  0.       -4224.990       6766.821       4883.784    0.000  -0.138   0.380   0.
  2017 352  4 13 49 502 352.176267387      -2.19      1.96     -0.82  0.       -4225.964       6766.691       4882.492    0.000  -0.138   0.380   0.
  2017 352  4 13 50 502 352.176278961      -1.11      2.54     -1.28  0.       -4226.938       6766.561       4881.199    0.000  -0.139   0.381   0.
  2017 352  4 13 51 502 352.176290535      -1.29      2.59     -0.41  0.       -4227.912       6766.430       4879.907    0.000  -0.139   0.381   0.
  2017 352  4 13 52 502 352.176302109      -1.35      1.55      0.30  0.       -4228.886       6766.299       4878.614    0.000  -0.139   0.381   0.
  2017 352  4 13 53 502 352.176313683      -1.22      1.26     -0.53  0.       -4229.859       6766.167       4877.321    0.000  -0.139   0.381   0.
  2017 352  4 13 54 502 352.176325258      -1.48      1.87     -0.92  0.       -4230.832       6766.035       4876.027    0.000  -0.138   0.380   0.
  2017 352  4 13 55 502 352.176336832      -1.77      2.10     -0.86  0.       -4231.805       6765.903       4874.734    0.000  -0.138   0.380   0.
  2017 352  4 13 56 502 352.176348406      -2.54      1.89     -0.72  0.       -4232.778       6765.770       4873.440    0.000  -0.138   0.380   0.
  2017 352  4 13 57 502 352.176359980      -3.03      2.07     -0.05  0.       -4233.750       6765.637       4872.146    0.000  -0.138   0.380   0.
  2017 352  4 13 58 502 352.176371551      -2.94      2.26      0.49  0.       -4234.722       6765.504       4870.851    0.000  -0.139   0.381   0.
  2017 352  4 13 59 502 352.176383125      -2.49      1.74      0.79  0.       -4235.694       6765.370       4869.557    0.000  -0.139   0.381   0.
  2017 352  4 14  0 501 352.176394699      -2.37      1.90      0.52  0.       -4236.666       6765.236       4868.262    0.000  -0.138   0.380   0.
  2017 352  4 14  1 501 352.176406273      -2.14      2.00      0.12  0.       -4237.638       6765.102       4866.967    0.000  -0.138   0.380   0.
  2017 352  4 14  2 501 352.176417847      -1.53      1.89     -0.52  0.       -4238.609       6764.967       4865.671    0.000  -0.138   0.380   0.
  2017 352  4 14  3 501 352.176429421      -1.75      2.00     -0.74  0.       -4239.580       6764.832       4864.376    0.000  -0.138   0.380   0.
  2017 352  4 14  4 502 352.176440995      -1.80      1.71     -0.99  0.       -4240.551       6764.696       4863.080    0.000  -0.139   0.381   0.
  2017 352  4 14  5 502 352.176452569      -1.81      1.53     -0.38  0.       -4241.522       6764.561       4861.784    0.000  -0.139   0.381   0.
  2017 352  4 14  6 501 352.176464144      -1.71      1.39      0.38  0.       -4242.492       6764.424       4860.487    0.000  -0.139   0.381   0.
  2017 352  4 14  7 501 352.176475718      -1.62      1.53      0.22  0.       -4243.462       6764.288       4859.191    0.000  -0.139   0.381   0.
  2017 352  4 14  8 502 352.176487292      -1.55      1.81     -0.69  0.       -4244.432       6764.151       4857.894    0.000  -0.138   0.380   0.
  2017 352  4 14  9 502 352.176498866      -1.64      1.42     -1.11  0.       -4245.402       6764.014       4856.597    0.000  -0.138   0.380   0.
  2017 352  4 14 10 502 352.176510440      -1.56      1.62     -0.51  0.       -4246.372       6763.876       4855.299    0.000  -0.139   0.381   0.
  2017 352  4 14 11 502 352.176522014      -1.75      2.29      0.30  0.       -4247.341       6763.738       4854.001    0.000  -0.139   0.381   0.
  2017 352  4 14 12 502 352.176533588      -2.22      1.65      0.22  0.       -4248.310       6763.600       4852.704    0.000  -0.138   0.380   0.
  2017 352  4 14 13 501 352.176545162      -2.33      1.80     -0.46  0.       -4249.279       6763.461       4851.405    0.000  -0.138   0.380   0.
  2017 352  4 14 14 501 352.176556736      -1.91      2.40     -0.52  0.       -4250.248       6763.322       4850.107    0.000  -0.138   0.380   0.
  2017 352  4 14 15 501 352.176568310      -2.02      2.50      0.32  0.       -4251.216       6763.183       4848.808    0.000  -0.138   0.380   0.
  2017 352  4 14 16 501 352.176579884      -2.46      1.94      0.83  0.       -4252.184       6763.043       4847.509    0.000  -0.139   0.381   0.
  2017 352  4 14 17 501 352.176591458      -2.68      1.70      0.58  0.       -4253.152       6762.903       4846.210    0.000  -0.139   0.381   0.
  2017 352  4 14 18 502 352.176603032      -2.70      1.43      0.19  0.       -4254.120       6762.762       4844.911    0.000  -0.139   0.381   0.
  2017 352  4 14 19 502 352.176614606      -2.40      1.47      0.14  0.       -4255.088       6762.622       4843.611    0.000  -0.139   0.381   0.
  2017 352  4 14 20 501 352.176626181      -2.20      1.71      0.21  0.       -4256.055       6762.480       4842.311    0.000  -0.139   0.381   0.
  2017 352  4 14 21 501 352.176637755      -2.57      1.48      0.43  0.       -4257.022       6762.339       4841.011    0.000  -0.139   0.381   0.
  2017 352  4 14 22 502 352.176649329      -2.11      0.87      0.54  0.       -4257.989       6762.197       4839.710    0.000  -0.138   0.380   0.
  2017 352  4 14 23 502 352.176660903      -1.66      0.74      0.48  0.       -4258.956       6762.055       4838.410    0.000  -0.138   0.380   0.
  2017 352  4 14 24 502 352.176672477      -1.58      1.35      0.08  0.       -4259.922       6761.912       4837.109    0.000  -0.138   0.380   0.
  2017 352  4 14 25 502 352.176684051      -1.95      2.27      0.16  0.       -4260.888       6761.769       4835.807    0.000  -0.138   0.380   0.
  2017 352  4 14 26 501 352.176695625      -2.07      2.67      0.58  0.       -4261.854       6761.626       4834.506    0.000  -0.139   0.381   0.
  2017 352  4 14 27 501 352.176707199      -2.17      2.81      0.23  0.       -4262.820       6761.483       4833.204    0.000  -0.139   0.381   0.
  2017 352  4 14 28 501 352.176718771      -2.36      2.34     -0.15  0.       -4263.786       6761.338       4831.902    0.000  -0.138   0.380   0.
  2017 352  4 14 29 501 352.176730344      -2.51      1.78     -0.37  0.       -4264.751       6761.194       4830.600    0.000  -0.138   0.380   0.
  2017 352  4 14 30 501 352.176741918      -2.08      1.33     -0.10  0.       -4265.716       6761.049       4829.297    0.000  -0.138   0.380   0.
  2017 352  4 14 31 501 352.176753492      -1.35      1.14      0.32  0.       -4266.681       6760.904       4827.995    0.000  -0.138   0.380   0.
  2017 352  4 14 32 501 352.176765067      -1.16      1.35      0.44  0.       -4267.646       6760.759       4826.691    0.000  -0.138   0.380   0.
  2017 352  4 14 33 501 352.176776641      -1.19      1.29      0.25  0.       -4268.610       6760.613       4825.388    0.000  -0.138   0.380   0.
  2017 352  4 14 34 501 352.176788215      -0.96      1.55      0.07  0.       -4269.574       6760.467       4824.085    0.000  -0.139   0.381   0.
  2017 352  4 14 35 501 352.176799789      -1.41      1.92     -0.15  0.       -4270.538       6760.321       4822.781    0.000  -0.139   0.381   0.
  2017 352  4 14 36 501 352.176811363      -2.04      2.49     -0.39  0.       -4271.502       6760.174       4821.477    0.000  -0.139   0.381   0.
  2017 352  4 14 37 501 352.176822937      -1.89      2.28     -0.73  0.       -4272.465       6760.027       4820.173    0.000  -0.139   0.381   0.
  2017 352  4 14 38 501 352.176834511      -1.80      2.12     -0.90  0.       -4273.429       6759.879       4818.868    0.000  -0.139   0.381   0.
  2017 352  4 14 39 501 352.176846085      -1.94      2.23     -0.96  0.       -4274.392       6759.731       4817.563    0.000  -0.139   0.381   0.
  2017 352  4 14 40 501 352.176857659      -2.10      2.36     -0.51  0.       -4275.355       6759.583       4816.258    0.000  -0.139   0.381   0.
  2017 352  4 14 41 501 352.176869233      -1.46      1.93     -0.11  0.       -4276.317       6759.434       4814.953    0.000  -0.139   0.381   0.
  2017 352  4 14 42 501 352.176880807      -1.06      1.52     -0.15  0.       -4277.280       6759.285       4813.647    0.000  -0.138   0.380   0.
  2017 352  4 14 43 501 352.176892381      -1.11      1.26     -0.13  0.       -4278.242       6759.136       4812.341    0.000  -0.138   0.380   0.
  2017 352  4 14 44 501 352.176903955      -1.25      1.04     -0.63  0.       -4279.204       6758.986       4811.035    0.000  -0.138   0.380   0.
  2017 352  4 14 45 501 352.176915530      -1.37      1.58     -1.13  0.       -4280.166       6758.836       4809.729    0.000  -0.138   0.380   0.
  2017 352  4 14 46 501 352.176927104      -1.47      2.14     -1.45  0.       -4281.127       6758.686       4808.423    0.000  -0.139   0.381   0.
  2017 352  4 14 47 501 352.176938678      -1.58      2.73     -1.18  0.       -4282.088       6758.535       4807.116    0.000  -0.139   0.381   0.
  2017 352  4 14 48 501 352.176950252      -1.91      2.28     -0.50  0.       -4283.049       6758.384       4805.809    0.000  -0.139   0.381   0.
  2017 352  4 14 49 501 352.176961826      -2.42      2.25     -0.69  0.       -4284.010       6758.233       4804.501    0.000  -0.139   0.381   0.
  2017 352  4 14 50 501 352.176973400      -1.94      2.04     -1.13  0.       -4284.971       6758.081       4803.194    0.000  -0.138   0.380   0.
  2017 352  4 14 51 501 352.176984974      -1.50      2.16     -1.19  0.       -4285.931       6757.929       4801.886    0.000  -0.138   0.380   0.
  2017 352  4 14 52 501 352.176996548      -1.70      1.72     -0.62  0.       -4286.891       6757.776       4800.578    0.000  -0.138   0.380   0.
  2017 352  4 14 53 501 352.177008122      -1.95      1.35     -0.20  0.       -4287.851       6757.623       4799.269    0.000  -0.138   0.380   0.
  2017 352  4 14 54 501 352.177019696      -1.59      1.22      0.33  0.       -4288.811       6757.470       4797.961    0.000  -0.139   0.381   0.
  2017 352  4 14 55 501 352.177031270      -1.73      1.41     -0.22  0.       -4289.770       6757.316       4796.652    0.000  -0.139   0.381   0.
  2017 352  4 14 56 501 352.177042844      -2.16      1.91     -0.25  0.       -4290.730       6757.162       4795.343    0.000  -0.139   0.381   0.
  2017 352  4 14 57 501 352.177054418      -2.47      1.89      0.33  0.       -4291.689       6757.008       4794.034    0.000  -0.139   0.381   0.
  2017 352  4 14 58 501 352.177065990      -2.72      1.34      0.52  0.       -4292.647       6756.853       4792.724    0.000  -0.139   0.381   0.
  2017 352  4 14 59 501 352.177077564      -2.60      0.85      0.82  0.       -4293.606       6756.698       4791.414    0.000  -0.139   0.381   0.
  2017 352  4 15  0 501 352.177089138      -2.45      1.38      0.59  0.       -4294.564       6756.543       4790.104    0.000  -0.138   0.380   0.
  2017 352  4 15  1 501 352.177100712      -1.98      2.38     -0.64  0.       -4295.522       6756.387       4788.794    0.000  -0.138   0.380   0.
  2017 352  4 15  2 501 352.177112286      -1.77      2.69     -1.32  0.       -4296.480       6756.231       4787.483    0.000  -0.138   0.380   0.
  2017 352  4 15  3 501 352.177123860      -1.65      2.03     -0.80  0.       -4297.438       6756.075       4786.172    0.000  -0.138   0.380   0.
  2017 352  4 15  4 501 352.177135434      -1.18      1.17      0.09  0.       -4298.395       6755.918       4784.861    0.000  -0.139   0.381   0.
  2017 352  4 15  5 501 352.177147008      -1.23      0.74      0.24  0.       -4299.353       6755.761       4783.550    0.000  -0.139   0.381   0.
  2017 352  4 15  6 501 352.177158582      -1.64      0.64      0.91  0.       -4300.310       6755.603       4782.238    0.000  -0.138   0.380   0.
  2017 352  4 15  7 501 352.177170156      -2.07      0.61      1.36  0.       -4301.266       6755.445       4780.926    0.000  -0.138   0.380   0.
  2017 352  4 15  8 501 352.177181730      -1.95      0.77      1.06  0.       -4302.223       6755.287       4779.614    0.000  -0.138   0.380   0.
  2017 352  4 15  9 501 352.177193304      -2.19      1.12      0.94  0.       -4303.179       6755.129       4778.301    0.000  -0.138   0.380   0.
  2017 352  4 15 10 501 352.177204878      -2.22      0.95      0.82  0.       -4304.135       6754.970       4776.989    0.000  -0.139   0.381   0.
  2017 352  4 15 11 501 352.177216453      -2.17      0.94      0.45  0.       -4305.091       6754.810       4775.676    0.000  -0.139   0.381   0.
  2017 352  4 15 12 501 352.177228027      -2.16      0.92      0.08  0.       -4306.047       6754.651       4774.363    0.000  -0.138   0.380   0.
  2017 352  4 15 13 501 352.177239601      -2.15      0.78     -0.16  0.       -4307.002       6754.490       4773.049    0.000  -0.138   0.380   0.
  2017 352  4 15 14 501 352.177251175      -2.27      0.97     -0.24  0.       -4307.957       6754.331       4771.736    0.000  -0.139   0.381   0.
  2017 352  4 15 15 501 352.177262749      -2.13      0.81      0.04  0.       -4308.912       6754.170       4770.422    0.000  -0.139   0.381   0.
  2017 352  4 15 16 501 352.177274323      -1.85      0.78      0.45  0.       -4309.867       6754.009       4769.108    0.000  -0.139   0.381   0.
  2017 352  4 15 17 501 352.177285897      -1.56      1.58      0.16  0.       -4310.821       6753.847       4767.793    0.000  -0.139   0.381   0.
  2017 352  4 15 18 501 352.177297471      -1.52      2.20      0.26  0.       -4311.776       6753.685       4766.479    0.000  -0.138   0.380   0.
  2017 352  4 15 19 501 352.177309045      -1.58      2.52      0.37  0.       -4312.730       6753.523       4765.164    0.000  -0.138   0.380   0.
  2017 352  4 15 20 501 352.177320619      -2.02      2.97     -0.37  0.       -4313.683       6753.361       4763.849    0.000  -0.139   0.381   0.
  2017 352  4 15 21 501 352.177332193      -2.20      2.39     -0.19  0.       -4314.637       6753.198       4762.533    0.000  -0.139   0.381   0.
  2017 352  4 15 22 501 352.177343767      -2.31      2.21     -0.64  0.       -4315.590       6753.035       4761.218    0.000  -0.138   0.380   0.
  2017 352  4 15 23 501 352.177355341      -2.04      1.84     -1.02  0.       -4316.543       6752.871       4759.902    0.000  -0.138   0.380   0.
  2017 352  4 15 24 501 352.177366916      -2.01      1.95     -0.12  0.       -4317.496       6752.707       4758.585    0.000  -0.139   0.381   0.
  2017 352  4 15 25 501 352.177378490      -1.49      1.83      0.61  0.       -4318.449       6752.543       4757.269    0.000  -0.139   0.381   0.
  2017 352  4 15 26 501 352.177390064      -1.27      1.76     -0.11  0.       -4319.401       6752.378       4755.952    0.000  -0.139   0.381   0.
  2017 352  4 15 27 501 352.177401638      -1.36      1.93     -0.45  0.       -4320.354       6752.213       4754.635    0.000  -0.139   0.381   0.
  2017 352  4 15 28 501 352.177413209      -2.08      1.86     -0.54  0.       -4321.305       6752.048       4753.318    0.000  -0.138   0.380   0.
  2017 352  4 15 29 501 352.177424783      -2.28      1.58      0.45  0.       -4322.257       6751.882       4752.001    0.000  -0.138   0.380   0.
  2017 352  4 15 30 501 352.177436357      -1.51      1.17      1.47  0.       -4323.209       6751.716       4750.683    0.000  -0.139   0.381   0.
  2017 352  4 15 31 501 352.177447931      -0.75      1.11      1.26  0.       -4324.160       6751.550       4749.365    0.000  -0.139   0.381   0.
  2017 352  4 15 32 501 352.177459505      -0.69      0.57      0.86  0.       -4325.111       6751.383       4748.047    0.000  -0.138   0.380   0.
  2017 352  4 15 33 501 352.177471079      -1.34      0.61     -0.33  0.       -4326.062       6751.216       4746.729    0.000  -0.138   0.380   0.
  2017 352  4 15 34 501 352.177482653      -2.05      0.61     -0.44  0.       -4327.013       6751.048       4745.410    0.000  -0.139   0.381   0.
  2017 352  4 15 35 501 352.177494227      -2.55      1.03     -0.30  0.       -4327.963       6750.880       4744.091    0.000  -0.139   0.381   0.
  2017 352  4 15 36 501 352.177505802      -2.91      1.17     -0.21  0.       -4328.913       6750.712       4742.772    0.000  -0.139   0.381   0.
  2017 352  4 15 37 501 352.177517376      -3.00      1.34     -0.21  0.       -4329.863       6750.544       4741.452    0.000  -0.139   0.381   0.
  2017 352  4 15 38 501 352.177528950      -2.73      1.85     -0.55  0.       -4330.813       6750.375       4740.133    0.000  -0.138   0.380   0.
  2017 352  4 15 39 501 352.177540524      -2.66      2.22     -0.79  0.       -4331.762       6750.205       4738.813    0.000  -0.138   0.380   0.
  2017 352  4 15 40 501 352.177552098      -2.98      2.22     -0.86  0.       -4332.711       6750.036       4737.493    0.000  -0.138   0.380   0.
  2017 352  4 15 41 501 352.177563672      -2.56      2.06      0.21  0.       -4333.660       6749.866       4736.172    0.000  -0.138   0.380   0.
  2017 352  4 15 42 501 352.177575246      -2.46      2.83      1.33  0.       -4334.609       6749.695       4734.851    0.000  -0.138   0.380   0.
  2017 352  4 15 43 501 352.177586820      -2.46      2.72      1.16  0.       -4335.558       6749.525       4733.530    0.000  -0.138   0.380   0.
  2017 352  4 15 44 501 352.177598394      -2.61      2.10      0.83  0.       -4336.506       6749.353       4732.209    0.000  -0.138   0.380   0.
  2017 352  4 15 45 501 352.177609968      -2.79      1.77     -0.02  0.       -4337.454       6749.182       4730.888    0.000  -0.138   0.380   0.
  2017 352  4 15 46 501 352.177621542      -2.90      1.21      0.05  0.       -4338.402       6749.010       4729.566    0.000  -0.139   0.381   0.
  2017 352  4 15 47 501 352.177633116      -2.94      1.19      0.27  0.       -4339.349       6748.838       4728.244    0.000  -0.139   0.381   0.
  2017 352  4 15 48 501 352.177644690      -3.18      1.03      0.09  0.       -4340.297       6748.666       4726.922    0.000  -0.138   0.380   0.
  2017 352  4 15 49 501 352.177656264      -2.78      1.48     -0.17  0.       -4341.244       6748.493       4725.600    0.000  -0.138   0.380   0.
  2017 352  4 15 50 501 352.177667839      -2.57      1.74     -0.26  0.       -4342.191       6748.319       4724.277    0.000  -0.138   0.380   0.
  2017 352  4 15 51 501 352.177679413      -2.65      1.73     -0.50  0.       -4343.138       6748.146       4722.954    0.000  -0.138   0.380   0.
  2017 352  4 15 52 501 352.177690987      -2.92      1.48     -0.46  0.       -4344.084       6747.972       4721.631    0.000  -0.139   0.381   0.
  2017 352  4 15 53 501 352.177702561      -2.99      1.37     -0.60  0.       -4345.030       6747.798       4720.307    0.000  -0.139   0.381   0.
  2017 352  4 15 54 501 352.177714135      -2.35      1.67     -0.81  0.       -4345.976       6747.623       4718.983    0.000  -0.138   0.380   0.
  2017 352  4 15 55 501 352.177725709      -1.60      2.24     -0.51  0.       -4346.922       6747.448       4717.659    0.000  -0.138   0.380   0.
  2017 352  4 15 56 501 352.177737283      -1.57      1.70     -0.32  0.       -4347.868       6747.273       4716.335    0.000  -0.139   0.381   0.
  2017 352  4 15 57 501 352.177748857      -2.21      1.30      0.08  0.       -4348.813       6747.097       4715.011    0.000  -0.139   0.381   0.
  2017 352  4 15 58 500 352.177760429      -2.01      1.26      0.14  0.       -4349.758       6746.921       4713.686    0.000  -0.138   0.380   0.
  2017 352  4 15 59 500 352.177772002      -1.58      1.39      0.37  0.       -4350.703       6746.744       4712.361    0.000  -0.138   0.380   0.
  2017 352  4 16  0 501 352.177783576      -1.04      1.79     -0.33  0.       -4351.647       6746.568       4711.036    0.000  -0.138   0.380   0.
  2017 352  4 16  1 501 352.177795150      -0.59      2.40     -0.30  0.       -4352.592       6746.390       4709.711    0.000  -0.138   0.380   0.
  2017 352  4 16  2 500 352.177806725      -0.46      2.93      0.55  0.       -4353.536       6746.213       4708.385    0.000  -0.139   0.381   0.
  2017 352  4 16  3 500 352.177818299      -1.13      2.18      0.14  0.       -4354.480       6746.035       4707.059    0.000  -0.139   0.381   0.
  2017 352  4 16  4 501 352.177829873      -1.96      1.99     -0.51  0.       -4355.423       6745.857       4705.733    0.000  -0.138   0.380   0.
  2017 352  4 16  5 501 352.177841447      -2.20      2.03     -0.50  0.       -4356.367       6745.678       4704.406    0.000  -0.138   0.380   0.
  2017 352  4 16  6 501 352.177853021      -2.35      1.74     -0.40  0.       -4357.310       6745.499       4703.080    0.000  -0.138   0.380   0.
  2017 352  4 16  7 501 352.177864595      -1.94      1.67     -0.28  0.       -4358.253       6745.320       4701.753    0.000  -0.138   0.380   0.
  2017 352  4 16  8 501 352.177876169      -1.50      2.03     -0.05  0.       -4359.196       6745.140       4700.425    0.000  -0.139   0.381   0.
  2017 352  4 16  9 500 352.177887743      -1.67      1.99     -0.49  0.       -4360.139       6744.960       4699.098    0.000  -0.139   0.381   0.
  2017 352  4 16 10 500 352.177899317      -2.32      2.11     -0.74  0.       -4361.081       6744.780       4697.770    0.000  -0.138   0.380   0.
  2017 352  4 16 11 500 352.177910891      -2.80      1.37     -0.43  0.       -4362.023       6744.599       4696.442    0.000  -0.138   0.380   0.
  2017 352  4 16 12 500 352.177922465      -2.72      1.11      0.08  0.       -4362.965       6744.418       4695.114    0.000  -0.139   0.381   0.
  2017 352  4 16 13 501 352.177934039      -2.63      1.16      0.42  0.       -4363.906       6744.236       4693.786    0.000  -0.139   0.381   0.
  2017 352  4 16 14 501 352.177945613      -2.67      1.19      0.53  0.       -4364.848       6744.055       4692.457    0.000  -0.139   0.381   0.
  2017 352  4 16 15 500 352.177957187      -2.64      1.35      0.81  0.       -4365.789       6743.872       4691.128    0.000  -0.139   0.381   0.
  2017 352  4 16 16 500 352.177968762      -2.24      1.48      0.98  0.       -4366.730       6743.690       4689.799    0.000  -0.138   0.380   0.
  2017 352  4 16 17 501 352.177980336      -2.57      1.73      0.63  0.       -4367.670       6743.507       4688.469    0.000  -0.138   0.380   0.
  2017 352  4 16 18 501 352.177991910      -2.70      1.89      0.45  0.       -4368.611       6743.324       4687.140    0.000  -0.139   0.381   0.
  2017 352  4 16 19 501 352.178003484      -2.83      1.95      0.09  0.       -4369.551       6743.140       4685.810    0.000  -0.139   0.381   0.
  2017 352  4 16 20 501 352.178015058      -2.89      1.84     -0.38  0.       -4370.491       6742.956       4684.479    0.000  -0.139   0.381   0.
  2017 352  4 16 21 501 352.178026632      -2.69      1.87     -0.56  0.       -4371.431       6742.772       4683.149    0.000  -0.139   0.381   0.
  2017 352  4 16 22 500 352.178038206      -2.59      2.23     -0.12  0.       -4372.370       6742.587       4681.818    0.000  -0.139   0.381   0.
  2017 352  4 16 23 500 352.178049780      -2.26      2.01      0.68  0.       -4373.310       6742.402       4680.487    0.000  -0.139   0.381   0.
  2017 352  4 16 24 500 352.178061354      -1.79      1.37      1.19  0.       -4374.249       6742.217       4679.156    0.000  -0.139   0.381   0.
  2017 352  4 16 25 500 352.178072928      -1.40      1.58      0.54  0.       -4375.187       6742.031       4677.825    0.000  -0.139   0.381   0.
  2017 352  4 16 26 500 352.178084502      -1.55      1.28     -0.17  0.       -4376.126       6741.845       4676.493    0.000  -0.139   0.381   0.
  2017 352  4 16 27 501 352.178096076      -1.36      1.45     -0.18  0.       -4377.064       6741.658       4675.161    0.000  -0.139   0.381   0.
  2017 352  4 16 28 501 352.178107648      -0.96      1.57     -0.15  0.       -4378.003       6741.472       4673.829    0.000  -0.138   0.380   0.
  2017 352  4 16 29 500 352.178119222      -1.18      1.74     -0.10  0.       -4378.940       6741.284       4672.496    0.000  -0.138   0.380   0.
  2017 352  4 16 30 500 352.178130796      -1.30      1.19      0.23  0.       -4379.878       6741.097       4671.164    0.000  -0.139   0.381   0.
  2017 352  4 16 31 500 352.178142370      -1.70      1.03     -0.30  0.       -4380.815       6740.909       4669.831    0.000  -0.139   0.381   0.
  2017 352  4 16 32 500 352.178153944      -2.02      1.08     -0.79  0.       -4381.753       6740.721       4668.497    0.000  -0.139   0.381   0.
  2017 352  4 16 33 500 352.178165518      -2.09      0.81     -0.56  0.       -4382.690       6740.532       4667.164    0.000  -0.139   0.381   0.
  2017 352  4 16 34 500 352.178177092      -1.97      1.10     -0.32  0.       -4383.626       6740.343       4665.830    0.000  -0.138   0.380   0.
  2017 352  4 16 35 500 352.178188666      -1.82      1.26     -0.01  0.       -4384.563       6740.154       4664.496    0.000  -0.138   0.380   0.
  2017 352  4 16 36 500 352.178200240      -1.83      1.63      0.01  0.       -4385.499       6739.964       4663.162    0.000  -0.138   0.380   0.
  2017 352  4 16 37 500 352.178211814      -2.14      1.80      0.33  0.       -4386.435       6739.774       4661.828    0.000  -0.138   0.380   0.
  2017 352  4 16 38 500 352.178223388      -2.59      1.77      0.98  0.       -4387.371       6739.583       4660.493    0.000  -0.139   0.381   0.
  2017 352  4 16 39 500 352.178234962      -3.31      1.95      1.03  0.       -4388.306       6739.393       4659.158    0.000  -0.139   0.381   0.
  2017 352  4 16 40 500 352.178246536      -3.45      1.66      0.30  0.       -4389.242       6739.201       4657.823    0.000  -0.138   0.380   0.
  2017 352  4 16 41 500 352.178258111      -3.00      1.81     -0.41  0.       -4390.177       6739.010       4656.488    0.000  -0.138   0.380   0.
  2017 352  4 16 42 500 352.178269685      -2.94      1.85     -0.60  0.       -4391.112       6738.818       4655.152    0.000  -0.139   0.381   0.
  2017 352  4 16 43 500 352.178281259      -2.23      1.96     -0.76  0.       -4392.046       6738.626       4653.816    0.000  -0.139   0.381   0.
  2017 352  4 16 44 500 352.178292833      -1.95      1.93     -0.58  0.       -4392.981       6738.433       4652.480    0.000  -0.139   0.381   0.
  2017 352  4 16 45 500 352.178304407      -2.27      1.73     -0.23  0.       -4393.915       6738.240       4651.143    0.000  -0.139   0.381   0.
  2017 352  4 16 46 500 352.178315981      -2.89      1.36     -0.27  0.       -4394.849       6738.047       4649.807    0.000  -0.138   0.380   0.
  2017 352  4 16 47 500 352.178327555      -3.29      1.06      0.23  0.       -4395.782       6737.853       4648.470    0.000  -0.138   0.380   0.
  2017 352  4 16 48 500 352.178339129      -3.17      0.76      1.34  0.       -4396.716       6737.659       4647.133    0.000  -0.139   0.381   0.
  2017 352  4 16 49 500 352.178350703      -3.11      0.79      2.11  0.       -4397.649       6737.465       4645.795    0.000  -0.139   0.381   0.
  2017 352  4 16 50 500 352.178362277      -3.37      1.11      1.83  0.       -4398.582       6737.270       4644.457    0.000  -0.139   0.381   0.
  2017 352  4 16 51 500 352.178373851      -3.37      1.48      0.78  0.       -4399.515       6737.075       4643.120    0.000  -0.139   0.381   0.
  2017 352  4 16 52 500 352.178385425      -3.06      1.96      0.07  0.       -4400.447       6736.879       4641.781    0.000  -0.138   0.380   0.
  2017 352  4 16 53 500 352.178396999      -2.81      1.84     -0.14  0.       -4401.379       6736.684       4640.443    0.000  -0.138   0.380   0.
  2017 352  4 16 54 500 352.178408573      -2.57      1.70      0.08  0.       -4402.311       6736.487       4639.104    0.000  -0.139   0.381   0.
  2017 352  4 16 55 500 352.178420148      -2.26      0.99      0.46  0.       -4403.243       6736.291       4637.765    0.000  -0.139   0.381   0.
  2017 352  4 16 56 500 352.178431722      -1.75      0.83      0.76  0.       -4404.175       6736.094       4636.426    0.000  -0.138   0.380   0.
  2017 352  4 16 57 500 352.178443296      -1.71      1.36      0.83  0.       -4405.106       6735.897       4635.087    0.000  -0.138   0.380   0.
  2017 352  4 16 58 500 352.178454868      -2.15      1.80      0.59  0.       -4406.037       6735.699       4633.747    0.000  -0.138   0.380   0.
  2017 352  4 16 59 500 352.178466441      -2.48      1.71      0.14  0.       -4406.968       6735.501       4632.407    0.000  -0.138   0.380   0.
  2017 352  4 17  0 500 352.178478015      -2.30      1.70     -0.53  0.       -4407.899       6735.303       4631.067    0.000  -0.139   0.381   0.
  2017 352  4 17  1 500 352.178489589      -2.13      1.70     -1.10  0.       -4408.829       6735.104       4629.727    0.000  -0.139   0.381   0.
  2017 352  4 17  2 500 352.178501163      -2.29      2.07     -1.13  0.       -4409.759       6734.905       4628.386    0.000  -0.138   0.380   0.
  2017 352  4 17  3 500 352.178512737      -2.37      1.92     -0.58  0.       -4410.689       6734.706       4627.045    0.000  -0.138   0.380   0.
  2017 352  4 17  4 500 352.178524311      -2.47      1.62     -0.04  0.       -4411.619       6734.506       4625.704    0.000  -0.138   0.380   0.
  2017 352  4 17  5 500 352.178535885      -2.48      1.37      0.35  0.       -4412.548       6734.306       4624.363    0.000  -0.138   0.380   0.
  2017 352  4 17  6 500 352.178547460      -2.24      1.33     -0.03  0.       -4413.477       6734.105       4623.021    0.000  -0.139   0.381   0.
  2017 352  4 17  7 500 352.178559034      -2.10      2.23     -1.08  0.       -4414.406       6733.904       4621.679    0.000  -0.139   0.381   0.
  2017 352  4 17  8 500 352.178570608      -1.91      2.64     -0.02  0.       -4415.335       6733.703       4620.337    0.000  -0.138   0.380   0.
  2017 352  4 17  9 500 352.178582182      -2.66      2.08      0.33  0.       -4416.264       6733.501       4618.995    0.000  -0.138   0.380   0.
  2017 352  4 17 10 500 352.178593756      -2.52      2.02     -0.33  0.       -4417.191       6733.299       4617.652    0.000  -0.138   0.380   0.
  2017 352  4 17 11 500 352.178605330      -2.44      1.67     -0.18  0.       -4418.119       6733.097       4616.309    0.000  -0.138   0.380   0.
  2017 352  4 17 12 500 352.178616904      -2.24      1.18      0.17  0.       -4419.047       6732.894       4614.966    0.000  -0.139   0.381   0.
  2017 352  4 17 13 500 352.178628478      -2.40      1.32      0.14  0.       -4419.975       6732.691       4613.623    0.000  -0.139   0.381   0.
  2017 352  4 17 14 500 352.178640052      -1.91      1.42      0.32  0.       -4420.903       6732.488       4612.279    0.000  -0.139   0.381   0.
  2017 352  4 17 15 500 352.178651626      -1.48      1.61      0.30  0.       -4421.830       6732.284       4610.935    0.000  -0.139   0.381   0.
  2017 352  4 17 16 500 352.178663200      -1.41      1.69     -0.48  0.       -4422.756       6732.080       4609.591    0.000  -0.138   0.380   0.
  2017 352  4 17 17 500 352.178674774      -1.27      1.41     -1.26  0.       -4423.683       6731.876       4608.247    0.000  -0.138   0.380   0.
  2017 352  4 17 18 500 352.178686348      -1.38      1.81     -0.14  0.       -4424.609       6731.671       4606.902    0.000  -0.139   0.381   0.
  2017 352  4 17 19 500 352.178697922      -1.54      1.81      0.05  0.       -4425.535       6731.466       4605.557    0.000  -0.139   0.381   0.
  2017 352  4 17 20 500 352.178709497      -2.23      1.66      0.30  0.       -4426.461       6731.260       4604.212    0.000  -0.139   0.381   0.
  2017 352  4 17 21 500 352.178721071      -1.69      0.86      0.72  0.       -4427.387       6731.054       4602.867    0.000  -0.139   0.381   0.
  2017 352  4 17 22 500 352.178732645      -1.58      0.90      0.59  0.       -4428.312       6730.848       4601.521    0.000  -0.138   0.380   0.
  2017 352  4 17 23 500 352.178744219      -1.92      0.86      0.64  0.       -4429.238       6730.641       4600.176    0.000  -0.138   0.380   0.
  2017 352  4 17 24 500 352.178755793      -1.89      0.74      0.58  0.       -4430.163       6730.434       4598.829    0.000  -0.139   0.381   0.
  2017 352  4 17 25 500 352.178767367      -1.80      0.75      0.47  0.       -4431.087       6730.227       4597.483    0.000  -0.139   0.381   0.
  2017 352  4 17 26 500 352.178778941      -1.99      1.27      0.14  0.       -4432.012       6730.019       4596.136    0.000  -0.139   0.381   0.
  2017 352  4 17 27 500 352.178790515      -2.14      1.26     -0.32  0.       -4432.936       6729.811       4594.790    0.000  -0.139   0.381   0.
  2017 352  4 17 28 500 352.178802087      -2.19      1.14     -0.47  0.       -4433.860       6729.603       4593.443    0.000  -0.139   0.381   0.
  2017 352  4 17 29 500 352.178813660      -1.99      1.50     -0.64  0.       -4434.784       6729.394       4592.095    0.000  -0.139   0.381   0.
  2017 352  4 17 30 500 352.178825234      -1.90      2.14     -0.57  0.       -4435.707       6729.185       4590.748    0.000  -0.139   0.381   0.
  2017 352  4 17 31 500 352.178836808      -2.45      2.50     -0.10  0.       -4436.631       6728.975       4589.400    0.000  -0.139   0.381   0.
  2017 352  4 17 32 500 352.178848383      -2.63      2.28      0.02  0.       -4437.554       6728.765       4588.052    0.000  -0.139   0.381   0.
  2017 352  4 17 33 500 352.178859957      -2.36      2.39     -0.24  0.       -4438.476       6728.555       4586.704    0.000  -0.139   0.381   0.
  2017 352  4 17 34 500 352.178871531      -1.92      2.63     -0.73  0.       -4439.399       6728.344       4585.355    0.000  -0.138   0.380   0.
  2017 352  4 17 35 500 352.178883105      -1.42      2.48     -0.58  0.       -4440.321       6728.133       4584.006    0.000  -0.138   0.380   0.
  2017 352  4 17 36 500 352.178894679      -1.40      2.05     -0.38  0.       -4441.243       6727.922       4582.657    0.000  -0.139   0.381   0.
  2017 352  4 17 37 500 352.178906253      -1.73      1.02      0.06  0.       -4442.165       6727.710       4581.308    0.000  -0.139   0.381   0.
  2017 352  4 17 38 500 352.178917827      -1.78      0.46      0.61  0.       -4443.087       6727.498       4579.958    0.000  -0.139   0.381   0.
  2017 352  4 17 39 500 352.178929401      -1.44      1.17      0.52  0.       -4444.008       6727.286       4578.609    0.000  -0.139   0.381   0.
  2017 352  4 17 40 500 352.178940975      -1.55      1.86     -0.48  0.       -4444.929       6727.073       4577.259    0.000  -0.139   0.381   0.
  2017 352  4 17 41 500 352.178952549      -1.78      2.17     -0.99  0.       -4445.850       6726.860       4575.908    0.000  -0.139   0.381   0.
  2017 352  4 17 42 500 352.178964123      -1.89      2.08     -0.65  0.       -4446.771       6726.646       4574.558    0.000  -0.138   0.380   0.
  2017 352  4 17 43 500 352.178975697      -1.26      1.68     -0.73  0.       -4447.691       6726.433       4573.207    0.000  -0.138   0.380   0.
  2017 352  4 17 44 500 352.178987271      -1.37      1.58     -0.71  0.       -4448.611       6726.218       4571.856    0.000  -0.139   0.381   0.
  2017 352  4 17 45 500 352.178998845      -1.18      1.42      0.04  0.       -4449.531       6726.004       4570.505    0.000  -0.139   0.381   0.
  2017 352  4 17 46 500 352.179010420      -0.96      1.76      0.37  0.       -4450.451       6725.789       4569.153    0.000  -0.139   0.381   0.
  2017 352  4 17 47 500 352.179021994      -1.56      2.13      0.05  0.       -4451.370       6725.574       4567.802    0.000  -0.139   0.381   0.
  2017 352  4 17 48 500 352.179033568      -1.77      1.72      0.04  0.       -4452.290       6725.358       4566.450    0.000  -0.138   0.380   0.
  2017 352  4 17 49 500 352.179045142      -1.95      1.46      0.23  0.       -4453.209       6725.142       4565.097    0.000  -0.138   0.380   0.
  2017 352  4 17 50 500 352.179056716      -2.04      1.07      0.55  0.       -4454.127       6724.925       4563.745    0.000  -0.139   0.381   0.
  2017 352  4 17 51 500 352.179068290      -1.84      1.12      0.52  0.       -4455.046       6724.709       4562.392    0.000  -0.139   0.381   0.
  2017 352  4 17 52 500 352.179079864      -1.81      1.35      0.54  0.       -4455.964       6724.492       4561.039    0.000  -0.139   0.381   0.
  2017 352  4 17 53 500 352.179091438      -2.12      1.38      0.40  0.       -4456.882       6724.274       4559.686    0.000  -0.139   0.381   0.
  2017 352  4 17 54 500 352.179103012      -2.39      1.68     -0.12  0.       -4457.800       6724.056       4558.332    0.000  -0.138   0.380   0.
  2017 352  4 17 55 500 352.179114586      -2.05      1.74     -0.64  0.       -4458.717       6723.838       4556.979    0.000  -0.138   0.380   0.
  2017 352  4 17 56 500 352.179126160      -2.36      1.81     -0.94  0.       -4459.635       6723.619       4555.625    0.000  -0.139   0.381   0.
  2017 352  4 17 57 500 352.179137734      -3.01      2.43     -0.63  0.       -4460.552       6723.400       4554.271    0.000  -0.139   0.381   0.
  2017 352  4 17 58 499 352.179149306      -3.00      2.30     -0.91  0.       -4461.469       6723.181       4552.916    0.000  -0.139   0.381   0.
  2017 352  4 17 59 499 352.179160880      -2.52      1.52     -0.25  0.       -4462.385       6722.962       4551.561    0.000  -0.139   0.381   0.
  2017 352  4 18  0 500 352.179172454      -1.67      1.07      0.31  0.       -4463.302       6722.742       4550.206    0.000  -0.139   0.381   0.
  2017 352  4 18  1 500 352.179184028      -0.53      1.16      0.11  0.       -4464.218       6722.521       4548.851    0.000  -0.139   0.381   0.
  2017 352  4 18  2 500 352.179195602      -0.94      1.90      0.48  0.       -4465.133       6722.300       4547.496    0.000  -0.138   0.380   0.
  2017 352  4 18  3 500 352.179207176      -1.96      1.05     -0.13  0.       -4466.049       6722.079       4546.140    0.000  -0.138   0.380   0.
  2017 352  4 18  4 500 352.179218750      -1.85      0.76     -0.85  0.       -4466.965       6721.858       4544.784    0.000  -0.139   0.381   0.
  2017 352  4 18  5 499 352.179230324      -1.21      1.31     -0.91  0.       -4467.880       6721.636       4543.428    0.000  -0.139   0.381   0.
  2017 352  4 18  6 499 352.179241898      -1.23      1.69     -0.59  0.       -4468.794       6721.414       4542.072    0.000  -0.139   0.381   0.
  2017 352  4 18  7 499 352.179253472      -0.79      1.76      0.03  0.       -4469.709       6721.191       4540.715    0.000  -0.139   0.381   0.
  2017 352  4 18  8 499 352.179265046      -0.50      1.75     -0.14  0.       -4470.624       6720.968       4539.358    0.000  -0.139   0.381   0.
  2017 352  4 18  9 500 352.179276620      -0.13      1.81      0.47  0.       -4471.538       6720.745       4538.001    0.000  -0.139   0.381   0.
  2017 352  4 18 10 500 352.179288194      -1.14      0.35      0.97  0.       -4472.452       6720.521       4536.644    0.000  -0.139   0.381   0.
  2017 352  4 18 11 499 352.179299769      -2.13      1.10      0.45  0.       -4473.365       6720.297       4535.286    0.000  -0.139   0.381   0.
  2017 352  4 18 12 499 352.179311343      -2.35      1.77     -0.03  0.       -4474.279       6720.073       4533.928    0.000  -0.139   0.381   0.
  2017 352  4 18 13 500 352.179322917      -1.98      1.34     -0.22  0.       -4475.192       6719.848       4532.570    0.000  -0.139   0.381   0.
  2017 352  4 18 14 500 352.179334491      -1.41      0.92      0.37  0.       -4476.105       6719.623       4531.212    0.000  -0.139   0.381   0.
  2017 352  4 18 15 500 352.179346065      -0.94      0.29      0.66  0.       -4477.018       6719.398       4529.853    0.000  -0.139   0.381   0.
  2017 352  4 18 16 500 352.179357639      -0.76      0.87      0.30  0.       -4477.930       6719.172       4528.494    0.000  -0.139   0.381   0.
  2017 352  4 18 17 500 352.179369213      -1.68      1.68     -0.39  0.       -4478.842       6718.946       4527.135    0.000  -0.139   0.381   0.
  2017 352  4 18 18 499 352.179380787      -2.21      1.19     -0.99  0.       -4479.755       6718.719       4525.776    0.000  -0.139   0.381   0.
  2017 352  4 18 19 499 352.179392361      -1.87      0.89     -1.17  0.       -4480.666       6718.492       4524.416    0.000  -0.139   0.381   0.
  2017 352  4 18 20 499 352.179403935      -1.36      1.39     -0.61  0.       -4481.578       6718.265       4523.056    0.000  -0.138   0.380   0.
  2017 352  4 18 21 499 352.179415509      -1.34      1.88      0.61  0.       -4482.489       6718.038       4521.696    0.000  -0.138   0.380   0.
  2017 352  4 18 22 499 352.179427083      -2.04      1.64      0.82  0.       -4483.400       6717.810       4520.336    0.000  -0.139   0.381   0.
  2017 352  4 18 23 500 352.179438657      -2.17      1.20      1.45  0.       -4484.311       6717.581       4518.975    0.000  -0.139   0.381   0.
  2017 352  4 18 24 500 352.179450231      -2.26      1.58      0.81  0.       -4485.221       6717.352       4517.614    0.000  -0.138   0.380   0.
  2017 352  4 18 25 499 352.179461806      -2.13      1.67      0.46  0.       -4486.132       6717.123       4516.253    0.000  -0.138   0.380   0.
  2017 352  4 18 26 499 352.179473380      -1.84      1.49     -0.20  0.       -4487.042       6716.894       4514.892    0.000  -0.139   0.381   0.
  2017 352  4 18 27 500 352.179484954      -1.61      1.50     -0.91  0.       -4487.952       6716.664       4513.531    0.000  -0.139   0.381   0.
  2017 352  4 18 28 500 352.179496526      -1.83      1.74     -0.78  0.       -4488.861       6716.434       4512.169    0.000  -0.139   0.381   0.
  2017 352  4 18 29 499 352.179508099      -1.84      1.10     -0.08  0.       -4489.770       6716.204       4510.807    0.000  -0.139   0.381   0.
  2017 352  4 18 30 499 352.179519673      -1.28      0.48      1.12  0.       -4490.679       6715.973       4509.445    0.000  -0.138   0.380   0.
  2017 352  4 18 31 499 352.179531247      -1.47      1.17      1.58  0.       -4491.588       6715.741       4508.082    0.000  -0.138   0.380   0.
  2017 352  4 18 32 499 352.179542821      -1.94      1.08      0.81  0.       -4492.497       6715.510       4506.719    0.000  -0.138   0.380   0.
  2017 352  4 18 33 499 352.179554395      -1.70      1.63      0.12  0.       -4493.405       6715.278       4505.356    0.000  -0.138   0.380   0.
  2017 352  4 18 34 499 352.179565969      -1.72      1.69     -0.80  0.       -4494.313       6715.045       4503.993    0.000  -0.139   0.381   0.
  2017 352  4 18 35 499 352.179577543      -2.15      1.92     -0.17  0.       -4495.221       6714.813       4502.629    0.000  -0.139   0.381   0.
  2017 352  4 18 36 499 352.179589117      -2.28      1.90     -0.31  0.       -4496.129       6714.580       4501.266    0.000  -0.138   0.380   0.
  2017 352  4 18 37 499 352.179600692      -2.63      1.61     -0.70  0.       -4497.036       6714.346       4499.902    0.000  -0.138   0.380   0.
  2017 352  4 18 38 499 352.179612266      -2.48      1.52     -0.84  0.       -4497.943       6714.112       4498.538    0.000  -0.138   0.380   0.
  2017 352  4 18 39 499 352.179623840      -2.09      1.90     -1.17  0.       -4498.850       6713.878       4497.173    0.000  -0.138   0.380   0.
  2017 352  4 18 40 499 352.179635414      -1.66      1.87     -0.11  0.       -4499.757       6713.644       4495.808    0.000  -0.139   0.381   0.
  2017 352  4 18 41 499 352.179646988      -1.85      0.91      1.47  0.       -4500.663       6713.409       4494.443    0.000  -0.139   0.381   0.
  2017 352  4 18 42 499 352.179658562      -1.53      0.56      1.65  0.       -4501.570       6713.174       4493.078    0.000  -0.138   0.380   0.
  2017 352  4 18 43 499 352.179670136      -1.32      0.36      0.01  0.       -4502.476       6712.938       4491.713    0.000  -0.138   0.380   0.
  2017 352  4 18 44 499 352.179681710      -1.10      0.66      0.14  0.       -4503.381       6712.702       4490.347    0.000  -0.139   0.381   0.
  2017 352  4 18 45 499 352.179693284      -1.64      0.78      1.57  0.       -4504.287       6712.466       4488.981    0.000  -0.139   0.381   0.
  2017 352  4 18 46 499 352.179704858      -1.48      0.68      1.74  0.       -4505.192       6712.229       4487.615    0.000  -0.139   0.381   0.
  2017 352  4 18 47 499 352.179716432      -2.15      0.16      1.06  0.       -4506.097       6711.992       4486.249    0.000  -0.139   0.381   0.
  2017 352  4 18 48 499 352.179728006      -2.93      0.21      0.84  0.       -4507.002       6711.754       4484.882    0.000  -0.138   0.380   0.
  2017 352  4 18 49 499 352.179739580      -2.42      1.12      0.31  0.       -4507.906       6711.517       4483.515    0.000  -0.138   0.380   0.
  2017 352  4 18 50 499 352.179751154      -1.71      1.15      0.16  0.       -4508.810       6711.278       4482.148    0.000  -0.139   0.381   0.
  2017 352  4 18 51 499 352.179762729      -1.26      1.62     -0.65  0.       -4509.714       6711.040       4480.780    0.000  -0.139   0.381   0.
  2017 352  4 18 52 499 352.179774303      -1.23      2.35     -0.93  0.       -4510.618       6710.801       4479.413    0.000  -0.139   0.381   0.
  2017 352  4 18 53 499 352.179785877      -0.99      1.95     -0.08  0.       -4511.521       6710.562       4478.045    0.000  -0.139   0.381   0.
  2017 352  4 18 54 499 352.179797451      -0.51      1.22      1.01  0.       -4512.425       6710.322       4476.677    0.000  -0.138   0.380   0.
  2017 352  4 18 55 499 352.179809025      -1.44      0.88      0.85  0.       -4513.328       6710.082       4475.308    0.000  -0.138   0.380   0.
  2017 352  4 18 56 499 352.179820599      -1.44      1.05      0.63  0.       -4514.230       6709.842       4473.940    0.000  -0.139   0.381   0.
  2017 352  4 18 57 499 352.179832173      -1.39      0.59      0.89  0.       -4515.133       6709.601       4472.571    0.000  -0.139   0.381   0.
  2017 352  4 18 58 499 352.179843747      -1.22      0.05      0.68  0.       -4516.035       6709.360       4471.202    0.000  -0.139   0.381   0.
  2017 352  4 18 59 499 352.179855321      -0.92     -0.26      1.11  0.       -4516.937       6709.119       4469.833    0.000  -0.139   0.381   0.
  2017 352  4 19  0 499 352.179866893      -1.46      1.17      0.64  0.       -4517.839       6708.877       4468.463    0.000  -0.138   0.380   0.
  2017 352  4 19  1 499 352.179878466      -1.53      1.39     -0.35  0.       -4518.740       6708.635       4467.093    0.000  -0.138   0.380   0.
  2017 352  4 19  2 499 352.179890041      -1.08      1.84     -0.92  0.       -4519.642       6708.392       4465.723    0.000  -0.138   0.380   0.
  2017 352  4 19  3 499 352.179901615      -0.87      1.48     -1.02  0.       -4520.543       6708.149       4464.353    0.000  -0.138   0.380   0.
  2017 352  4 19  4 499 352.179913189      -0.72      1.04     -0.19  0.       -4521.444       6707.906       4462.982    0.000  -0.139   0.381   0.
  2017 352  4 19  5 499 352.179924763      -1.45      0.91     -0.39  0.       -4522.344       6707.662       4461.611    0.000  -0.139   0.381   0.
  2017 352  4 19  6 499 352.179936337      -1.32      0.29      0.61  0.       -4523.244       6707.418       4460.240    0.000  -0.138   0.380   0.
  2017 352  4 19  7 499 352.179947911      -0.66      0.83      0.29  0.       -4524.145       6707.174       4458.869    0.000  -0.138   0.380   0.
  2017 352  4 19  8 499 352.179959485      -1.39      0.08     -0.18  0.       -4525.044       6706.929       4457.498    0.000  -0.138   0.380   0.
  2017 352  4 19  9 499 352.179971059      -1.36      0.36      0.80  0.       -4525.944       6706.684       4456.126    0.000  -0.138   0.380   0.
  2017 352  4 19 10 499 352.179982633      -0.88      1.66      0.85  0.       -4526.843       6706.439       4454.754    0.000  -0.139   0.381   0.
  2017 352  4 19 11 499 352.179994207      -0.45      1.57     -0.30  0.       -4527.742       6706.193       4453.382    0.000  -0.139   0.381   0.
  2017 352  4 19 12 499 352.180005781      -0.97      1.07     -0.24  0.       -4528.641       6705.947       4452.009    0.000  -0.138   0.380   0.
  2017 352  4 19 13 499 352.180017355      -1.01      1.32      0.05  0.       -4529.540       6705.700       4450.636    0.000  -0.138   0.380   0.
  2017 352  4 19 14 499 352.180028929      -0.65      1.25     -0.85  0.       -4530.438       6705.453       4449.263    0.000  -0.139   0.381   0.
  2017 352  4 19 15 499 352.180040504      -0.41      1.66     -0.53  0.       -4531.336       6705.206       4447.890    0.000  -0.139   0.381   0.
  2017 352  4 19 16 499 352.180052078      -0.91      1.32     -0.70  0.       -4532.234       6704.959       4446.517    0.000  -0.138   0.380   0.
  2017 352  4 19 17 499 352.180063652      -1.30      0.68     -0.42  0.       -4533.131       6704.711       4445.143    0.000  -0.138   0.380   0.
  2017 352  4 19 18 499 352.180075226      -1.17      1.07      0.22  0.       -4534.029       6704.462       4443.769    0.000  -0.138   0.380   0.
  2017 352  4 19 19 499 352.180086800      -1.03      1.36      0.69  0.       -4534.926       6704.214       4442.395    0.000  -0.138   0.380   0.
  2017 352  4 19 20 499 352.180098374      -1.01      1.17      1.03  0.       -4535.823       6703.964       4441.021    0.000  -0.139   0.381   0.
  2017 352  4 19 21 499 352.180109948      -1.83      1.17      1.48  0.       -4536.719       6703.715       4439.646    0.000  -0.139   0.381   0.
  2017 352  4 19 22 499 352.180121522      -2.27      1.37      1.60  0.       -4537.616       6703.465       4438.271    0.000  -0.138   0.380   0.
  2017 352  4 19 23 499 352.180133096      -2.12      1.52      0.81  0.       -4538.512       6703.215       4436.896    0.000  -0.138   0.380   0.
  2017 352  4 19 24 499 352.180144670      -1.97      1.51      0.15  0.       -4539.408       6702.964       4435.520    0.000  -0.139   0.381   0.
  2017 352  4 19 25 499 352.180156244      -1.74      1.96     -1.06  0.       -4540.303       6702.714       4434.145    0.000  -0.139   0.381   0.
  2017 352  4 19 26 499 352.180167818      -1.65      1.41     -0.77  0.       -4541.199       6702.462       4432.769    0.000  -0.138   0.380   0.
  2017 352  4 19 27 499 352.180179392      -1.63      0.30     -0.20  0.       -4542.094       6702.211       4431.392    0.000  -0.138   0.380   0.
  2017 352  4 19 28 499 352.180190964      -0.60      0.70     -0.24  0.       -4542.989       6701.959       4430.017    0.000  -0.139   0.381   0.
  2017 352  4 19 29 499 352.180202538      -0.56      1.24     -0.75  0.       -4543.883       6701.706       4428.640    0.000  -0.139   0.381   0.
  2017 352  4 19 30 499 352.180214112      -0.02      1.01     -0.25  0.       -4544.778       6701.454       4427.263    0.000  -0.139   0.381   0.
  2017 352  4 19 31 499 352.180225686      -0.56      1.37      0.67  0.       -4545.672       6701.200       4425.886    0.000  -0.139   0.381   0.
  2017 352  4 19 32 499 352.180237260      -1.91      1.40      0.88  0.       -4546.566       6700.947       4424.509    0.000  -0.138   0.380   0.
  2017 352  4 19 33 499 352.180248834      -2.13      1.06      0.54  0.       -4547.459       6700.693       4423.131    0.000  -0.138   0.380   0.
  2017 352  4 19 34 499 352.180260408      -1.90      1.40      0.15  0.       -4548.353       6700.439       4421.753    0.000  -0.138   0.380   0.
  2017 352  4 19 35 499 352.180271982      -1.24      1.22     -0.18  0.       -4549.246       6700.184       4420.375    0.000  -0.138   0.380   0.
  2017 352  4 19 36 499 352.180283556      -1.22      0.88     -0.14  0.       -4550.139       6699.929       4418.997    0.000  -0.139   0.381   0.
  2017 352  4 19 37 499 352.180295130      -1.02      0.74      0.23  0.       -4551.031       6699.674       4417.618    0.000  -0.139   0.381   0.
  2017 352  4 19 38 499 352.180306704      -0.77      0.66      0.60  0.       -4551.924       6699.418       4416.240    0.000  -0.138   0.380   0.
  2017 352  4 19 39 499 352.180318278      -1.11      0.49      0.76  0.       -4552.816       6699.162       4414.861    0.000  -0.138   0.380   0.
  2017 352  4 19 40 499 352.180329852      -1.49      1.01     -0.22  0.       -4553.708       6698.906       4413.481    0.000  -0.138   0.380   0.
  2017 352  4 19 41 499 352.180341427      -0.90      0.99      0.87  0.       -4554.600       6698.649       4412.102    0.000  -0.138   0.380   0.
  2017 352  4 19 42 499 352.180353001      -1.00      1.65     -0.85  0.       -4555.491       6698.392       4410.722    0.000  -0.139   0.381   0.
  2017 352  4 19 43 499 352.180364575      -1.36      1.54     -0.76  0.       -4556.382       6698.135       4409.342    0.000  -0.139   0.381   0.
  2017 352  4 19 44 499 352.180376149      -1.29      1.51     -0.05  0.       -4557.273       6697.877       4407.962    0.000  -0.139   0.381   0.
  2017 352  4 19 45 499 352.180387723      -1.51      0.99      0.42  0.       -4558.164       6697.619       4406.582    0.000  -0.139   0.381   0.
  2017 352  4 19 46 499 352.180399297      -1.48      0.55      0.96  0.       -4559.054       6697.360       4405.201    0.000  -0.139   0.381   0.
  2017 352  4 19 47 499 352.180410871      -1.59      1.17      0.71  0.       -4559.944       6697.101       4403.820    0.000  -0.139   0.381   0.
  2017 352  4 19 48 499 352.180422445      -2.02      1.58     -0.12  0.       -4560.834       6696.842       4402.439    0.000  -0.139   0.381   0.
  2017 352  4 19 49 499 352.180434019      -2.61      1.14     -0.39  0.       -4561.724       6696.582       4401.057    0.000  -0.139   0.381   0.
  2017 352  4 19 50 499 352.180445593      -2.93      1.31      0.54  0.       -4562.613       6696.322       4399.676    0.000  -0.139   0.381   0.
  2017 352  4 19 51 499 352.180457167      -2.43      1.30      0.70  0.       -4563.502       6696.062       4398.294    0.000  -0.139   0.381   0.
  2017 352  4 19 52 499 352.180468741      -1.44      1.15      0.22  0.       -4564.391       6695.801       4396.912    0.000  -0.139   0.381   0.
  2017 352  4 19 53 499 352.180480315      -1.12      1.16      0.37  0.       -4565.280       6695.540       4395.529    0.000  -0.139   0.381   0.
  2017 352  4 19 54 499 352.180491889      -1.37      0.61      0.91  0.       -4566.168       6695.278       4394.147    0.000  -0.138   0.380   0.
  2017 352  4 19 55 499 352.180503464      -0.81      0.58      1.44  0.       -4567.057       6695.016       4392.764    0.000  -0.138   0.380   0.
  2017 352  4 19 56 499 352.180515038      -1.13      1.04      0.66  0.       -4567.944       6694.754       4391.381    0.000  -0.139   0.381   0.
  2017 352  4 19 57 499 352.180526612      -1.79      1.14      0.04  0.       -4568.832       6694.492       4389.997    0.000  -0.139   0.381   0.
  2017 352  4 19 58 499 352.180538183      -1.72      0.88      0.05  0.       -4569.720       6694.229       4388.614    0.000  -0.139   0.381   0.
  2017 352  4 19 59 499 352.180549757      -1.73      1.59      0.24  0.       -4570.607       6693.965       4387.230    0.000  -0.139   0.381   0.
  2017 352  4 20  0 498 352.180561331      -1.27      1.17      0.69  0.       -4571.494       6693.701       4385.846    0.000  -0.138   0.380   0.
  2017 352  4 20  1 498 352.180572905      -1.27      0.84     -0.04  0.       -4572.380       6693.437       4384.462    0.000  -0.138   0.380   0.
  2017 352  4 20  2 498 352.180584479      -1.02      0.95      0.98  0.       -4573.267       6693.173       4383.077    0.000  -0.139   0.381   0.
  2017 352  4 20  3 498 352.180596053      -0.79      1.35      0.96  0.       -4574.153       6692.908       4381.692    0.000  -0.139   0.381   0.
  2017 352  4 20  4 498 352.180607627      -1.69      1.29      0.52  0.       -4575.039       6692.643       4380.307    0.000  -0.139   0.381   0.
  2017 352  4 20  5 499 352.180619201      -2.09      0.79      0.44  0.       -4575.925       6692.378       4378.922    0.000  -0.139   0.381   0.
  2017 352  4 20  6 499 352.180630775      -2.26      0.99      0.13  0.       -4576.810       6692.112       4377.537    0.000  -0.138   0.380   0.
  2017 352  4 20  7 498 352.180642350      -2.41      1.16      0.12  0.       -4577.695       6691.845       4376.151    0.000  -0.138   0.380   0.
  2017 352  4 20  8 498 352.180653924      -1.69      1.03     -0.03  0.       -4578.580       6691.579       4374.765    0.000  -0.139   0.381   0.
  2017 352  4 20  9 499 352.180665498      -0.50      0.73      0.08  0.       -4579.465       6691.312       4373.379    0.000  -0.139   0.381   0.
  2017 352  4 20 10 499 352.180677072      -0.52      0.40     -0.47  0.       -4580.349       6691.044       4371.992    0.000  -0.138   0.380   0.
  2017 352  4 20 11 499 352.180688646      -1.12      0.86      0.59  0.       -4581.233       6690.777       4370.606    0.000  -0.138   0.380   0.
  2017 352  4 20 12 499 352.180700220      -0.45      0.83     -0.53  0.       -4582.117       6690.508       4369.219    0.000  -0.139   0.381   0.
  2017 352  4 20 13 499 352.180711794      -0.45      0.94      0.39  0.       -4583.001       6690.240       4367.831    0.000  -0.139   0.381   0.
  2017 352  4 20 14 498 352.180723368      -1.32      1.35      0.42  0.       -4583.884       6689.971       4366.444    0.000  -0.139   0.381   0.
  2017 352  4 20 15 498 352.180734942      -1.50      1.27      0.20  0.       -4584.767       6689.702       4365.056    0.000  -0.139   0.381   0.
  2017 352  4 20 16 498 352.180746516      -1.64      1.82     -0.24  0.       -4585.650       6689.432       4363.669    0.000  -0.138   0.380   0.
  2017 352  4 20 17 498 352.180758090      -1.33      1.51     -0.65  0.       -4586.533       6689.163       4362.280    0.000  -0.138   0.380   0.
  2017 352  4 20 18 499 352.180769664      -1.59      1.43      0.29  0.       -4587.415       6688.892       4360.892    0.000  -0.139   0.381   0.
  2017 352  4 20 19 499 352.180781238      -1.18      0.42      0.98  0.       -4588.298       6688.622       4359.503    0.000  -0.139   0.381   0.
  2017 352  4 20 20 498 352.180792812      -0.09     -0.28      0.49  0.       -4589.179       6688.351       4358.114    0.000  -0.138   0.380   0.
  2017 352  4 20 21 498 352.180804387      -1.94      0.54     -0.12  0.       -4590.061       6688.079       4356.725    0.000  -0.138   0.380   0.
  2017 352  4 20 22 499 352.180815961      -1.83      0.80      0.26  0.       -4590.942       6687.807       4355.336    0.000  -0.139   0.381   0.
  2017 352  4 20 23 499 352.180827535      -1.38      0.40      0.59  0.       -4591.824       6687.535       4353.947    0.000  -0.139   0.381   0.
  2017 352  4 20 24 499 352.180839109      -1.31      0.67      0.77  0.       -4592.704       6687.263       4352.557    0.000  -0.139   0.381   0.
  2017 352  4 20 25 499 352.180850683      -1.37      1.01      0.62  0.       -4593.585       6686.990       4351.167    0.000  -0.139   0.381   0.
  2017 352  4 20 26 499 352.180862257      -0.89      1.29      0.25  0.       -4594.466       6686.717       4349.776    0.000  -0.138   0.380   0.
  2017 352  4 20 27 498 352.180873831      -0.78      0.51      0.65  0.       -4595.346       6686.443       4348.386    0.000  -0.138   0.380   0.
  2017 352  4 20 28 498 352.180885403      -1.10      0.42      1.67  0.       -4596.225       6686.169       4346.995    0.000  -0.138   0.380   0.
  2017 352  4 20 29 498 352.180896976      -1.76      0.85      1.30  0.       -4597.105       6685.895       4345.604    0.000  -0.138   0.380   0.
  2017 352  4 20 30 498 352.180908550      -1.37      0.84      0.78  0.       -4597.985       6685.620       4344.213    0.000  -0.138   0.380   0.
  2017 352  4 20 31 498 352.180920124      -0.86      1.17     -0.30  0.       -4598.864       6685.345       4342.821    0.000  -0.138   0.380   0.
  2017 352  4 20 32 498 352.180931698      -0.89      1.61     -0.16  0.       -4599.743       6685.070       4341.430    0.000  -0.138   0.380   0.
  2017 352  4 20 33 498 352.180943273      -1.05      0.95      0.74  0.       -4600.621       6684.794       4340.038    0.000  -0.138   0.380   0.
  2017 352  4 20 34 498 352.180954847      -1.73      0.54      0.88  0.       -4601.500       6684.518       4338.646    0.000  -0.138   0.380   0.
  2017 352  4 20 35 498 352.180966421      -1.56      0.74      1.54  0.       -4602.378       6684.241       4337.253    0.000  -0.138   0.380   0.
  2017 352  4 20 36 498 352.180977995      -1.91      1.57      1.12  0.       -4603.256       6683.964       4335.860    0.000  -0.138   0.380   0.
  2017 352  4 20 37 498 352.180989569      -1.64      1.98     -0.05  0.       -4604.133       6683.687       4334.468    0.000  -0.138   0.380   0.
  2017 352  4 20 38 498 352.181001143      -1.61      1.34     -0.93  0.       -4605.011       6683.409       4333.074    0.000  -0.139   0.381   0.
  2017 352  4 20 39 498 352.181012717      -1.44      1.23     -0.79  0.       -4605.888       6683.131       4331.681    0.000  -0.139   0.381   0.
  2017 352  4 20 40 498 352.181024291      -0.87     -0.37     -0.41  0.       -4606.765       6682.853       4330.287    0.000  -0.139   0.381   0.
  2017 352  4 20 41 498 352.181035865      -0.18     -0.02      1.31  0.       -4607.641       6682.574       4328.893    0.000  -0.139   0.381   0.
  2017 352  4 20 42 498 352.181047439       0.46     -0.27      0.06  0.       -4608.517       6682.295       4327.499    0.000  -0.138   0.380   0.
  2017 352  4 20 43 498 352.181059013      -0.10     -0.40      0.74  0.       -4609.394       6682.015       4326.105    0.000  -0.138   0.380   0.
  2017 352  4 20 44 498 352.181070587      -0.90      0.22      0.85  0.       -4610.269       6681.736       4324.711    0.000  -0.139   0.381   0.
  2017 352  4 20 45 498 352.181082161      -1.22      0.72      0.41  0.       -4611.145       6681.455       4323.316    0.000  -0.139   0.381   0.
  2017 352  4 20 46 498 352.181093736      -1.05      0.83     -0.01  0.       -4612.020       6681.175       4321.921    0.000  -0.138   0.380   0.
  2017 352  4 20 47 498 352.181105310      -0.95      0.46      0.15  0.       -4612.895       6680.894       4320.525    0.000  -0.138   0.380   0.
  2017 352  4 20 48 498 352.181116884      -1.21      0.82     -0.23  0.       -4613.770       6680.613       4319.130    0.000  -0.139   0.381   0.
  2017 352  4 20 49 498 352.181128458      -1.72      0.85     -0.05  0.       -4614.645       6680.331       4317.734    0.000  -0.139   0.381   0.
  2017 352  4 20 50 498 352.181140032      -1.67      0.54      0.46  0.       -4615.519       6680.049       4316.338    0.000  -0.139   0.381   0.
  2017 352  4 20 51 498 352.181151606      -1.43      0.49      0.13  0.       -4616.393       6679.766       4314.942    0.000  -0.139   0.381   0.
  2017 352  4 20 52 498 352.181163180      -1.55      0.81     -0.77  0.       -4617.267       6679.484       4313.545    0.000  -0.139   0.381   0.
  2017 352  4 20 53 498 352.181174754      -1.09      1.09      0.07  0.       -4618.140       6679.200       4312.149    0.000  -0.139   0.381   0.
  2017 352  4 20 54 498 352.181186328      -1.05      1.07     -0.27  0.       -4619.014       6678.917       4310.752    0.000  -0.138   0.380   0.
  2017 352  4 20 55 498 352.181197902      -1.05      0.45      0.44  0.       -4619.887       6678.633       4309.354    0.000  -0.138   0.380   0.
  2017 352  4 20 56 498 352.181209476      -0.84     -0.15      1.27  0.       -4620.760       6678.349       4307.957    0.000  -0.138   0.380   0.
  2017 352  4 20 57 498 352.181221050      -1.12     -0.10      0.15  0.       -4621.632       6678.064       4306.559    0.000  -0.138   0.380   0.
  2017 352  4 20 58 498 352.181232622      -1.40     -0.11      0.35  0.       -4622.504       6677.779       4305.161    0.000  -0.139   0.381   0.
  2017 352  4 20 59 498 352.181244196      -1.20      1.21      0.36  0.       -4623.376       6677.494       4303.763    0.000  -0.139   0.381   0.
  2017 352  4 21  0 498 352.181255770      -1.78      1.69     -0.25  0.       -4624.248       6677.208       4302.365    0.000  -0.138   0.380   0.
  2017 352  4 21  1 498 352.181267344      -1.91      1.46     -0.51  0.       -4625.120       6676.922       4300.966    0.000  -0.138   0.380   0.
  2017 352  4 21  2 498 352.181278918      -1.76      1.08      0.21  0.       -4625.991       6676.635       4299.567    0.000  -0.139   0.381   0.
  2017 352  4 21  3 498 352.181290492      -1.84      1.66     -0.03  0.       -4626.862       6676.349       4298.168    0.000  -0.139   0.381   0.
  2017 352  4 21  4 498 352.181302066      -2.33      1.54     -0.37  0.       -4627.733       6676.061       4296.769    0.000  -0.138   0.380   0.
  2017 352  4 21  5 498 352.181313640      -2.40      1.16     -0.45  0.       -4628.603       6675.774       4295.369    0.000  -0.138   0.380   0.
  2017 352  4 21  6 498 352.181325214      -1.70      2.01     -0.46  0.       -4629.473       6675.485       4293.970    0.000  -0.139   0.381   0.
  2017 352  4 21  7 498 352.181336788      -0.95      1.55     -0.22  0.       -4630.343       6675.198       4292.570    0.000  -0.139   0.381   0.
  2017 352  4 21  8 498 352.181348362      -0.80      0.75      0.42  0.       -4631.213       6674.909       4291.169    0.000  -0.139   0.381   0.
  2017 352  4 21  9 498 352.181359936      -0.46      0.12     -0.04  0.       -4632.083       6674.620       4289.769    0.000  -0.139   0.381   0.
  2017 352  4 21 10 498 352.181371510      -0.31      0.23      0.16  0.       -4632.952       6674.330       4288.368    0.000  -0.139   0.381   0.
  2017 352  4 21 11 498 352.181383085      -1.21      1.00      0.03  0.       -4633.821       6674.041       4286.967    0.000  -0.139   0.381   0.
  2017 352  4 21 12 498 352.181394659      -1.54      0.76      0.13  0.       -4634.689       6673.751       4285.566    0.000  -0.138   0.380   0.
  2017 352  4 21 13 498 352.181406233      -0.44      0.66      0.56  0.       -4635.558       6673.460       4284.164    0.000  -0.138   0.380   0.
  2017 352  4 21 14 498 352.181417807      -1.16      1.29      0.34  0.       -4636.426       6673.169       4282.763    0.000  -0.139   0.381   0.
  2017 352  4 21 15 498 352.181429381      -1.47      1.46      0.75  0.       -4637.294       6672.878       4281.361    0.000  -0.139   0.381   0.
  2017 352  4 21 16 498 352.181440955      -1.39      1.48      1.04  0.       -4638.162       6672.586       4279.959    0.000  -0.138   0.380   0.
  2017 352  4 21 17 498 352.181452529      -0.90      0.76      1.03  0.       -4639.029       6672.294       4278.556    0.000  -0.138   0.380   0.
  2017 352  4 21 18 498 352.181464103      -0.88      0.49      0.28  0.       -4639.896       6672.002       4277.153    0.000  -0.139   0.381   0.
  2017 352  4 21 19 498 352.181475677      -1.56      1.29      0.32  0.       -4640.763       6671.709       4275.751    0.000  -0.139   0.381   0.
  2017 352  4 21 20 498 352.181487251      -1.36      1.73     -0.30  0.       -4641.630       6671.416       4274.347    0.000  -0.139   0.381   0.
  2017 352  4 21 21 498 352.181498825      -1.37      0.31      0.27  0.       -4642.496       6671.123       4272.944    0.000  -0.139   0.381   0.
  2017 352  4 21 22 498 352.181510399      -1.37      0.95      0.52  0.       -4643.362       6670.829       4271.541    0.000  -0.139   0.381   0.
  2017 352  4 21 23 498 352.181521973      -1.57      1.65     -0.39  0.       -4644.228       6670.534       4270.137    0.000  -0.139   0.381   0.
  2017 352  4 21 24 498 352.181533548      -2.08      1.31     -0.21  0.       -4645.094       6670.240       4268.733    0.000  -0.138   0.380   0.
  2017 352  4 21 25 498 352.181545121      -1.99      0.78     -0.23  0.       -4645.959       6669.945       4267.328    0.000  -0.138   0.380   0.
  2017 352  4 21 26 498 352.181556696      -1.55      0.65      0.02  0.       -4646.824       6669.650       4265.924    0.000  -0.139   0.381   0.
  2017 352  4 21 27 498 352.181568270      -1.91      1.10      0.02  0.       -4647.689       6669.354       4264.519    0.000  -0.139   0.381   0.
  2017 352  4 21 28 498 352.181579841      -1.93      0.54     -0.03  0.       -4648.554       6669.058       4263.114    0.000  -0.138   0.380   0.
  2017 352  4 21 29 498 352.181591415      -1.13      0.66      1.51  0.       -4649.419       6668.761       4261.709    0.000  -0.138   0.380   0.
  2017 352  4 21 30 498 352.181602989      -0.90      2.28     -0.49  0.       -4650.283       6668.465       4260.303    0.000  -0.138   0.380   0.
  2017 352  4 21 31 498 352.181614563       0.11     -0.19     -1.18  0.       -4651.146       6668.167       4258.898    0.000  -0.138   0.380   0.
  2017 352  4 21 32 498 352.181626137      -0.03      1.11     -0.37  0.       -4652.010       6667.870       4257.492    0.000  -0.139   0.381   0.
  2017 352  4 21 33 498 352.181637711      -0.80      1.55     -0.05  0.       -4652.873       6667.572       4256.085    0.000  -0.139   0.381   0.
  2017 352  4 21 34 498 352.181649285      -1.70      1.32     -0.02  0.       -4653.736       6667.274       4254.679    0.000  -0.139   0.381   0.
  2017 352  4 21 35 498 352.181660859      -1.42      0.71     -0.57  0.       -4654.599       6666.975       4253.272    0.000  -0.139   0.381   0.
  2017 352  4 21 36 498 352.181672433      -0.59      0.37      0.30  0.       -4655.461       6666.676       4251.865    0.000  -0.139   0.381   0.
  2017 352  4 21 37 498 352.181684008       0.21      0.45      1.31  0.       -4656.324       6666.377       4250.458    0.000  -0.139   0.381   0.
  2017 352  4 21 38 498 352.181695582      -0.61     -0.16      0.94  0.       -4657.186       6666.077       4249.051    0.000  -0.139   0.381   0.
  2017 352  4 21 39 498 352.181707156      -0.99      0.44      0.62  0.       -4658.047       6665.777       4247.643    0.000  -0.139   0.381   0.
  2017 352  4 21 40 498 352.181718730      -1.16      1.09      0.20  0.       -4658.909       6665.476       4246.235    0.000  -0.138   0.380   0.
  2017 352  4 21 41 498 352.181730304      -1.61      1.28     -0.34  0.       -4659.770       6665.176       4244.827    0.000  -0.138   0.380   0.
  2017 352  4 21 42 498 352.181741878      -1.14      1.20     -0.36  0.       -4660.631       6664.874       4243.419    0.000  -0.139   0.381   0.
  2017 352  4 21 43 498 352.181753452      -0.89      0.46      0.06  0.       -4661.492       6664.573       4242.010    0.000  -0.139   0.381   0.
  2017 352  4 21 44 498 352.181765026      -1.47      1.39      0.51  0.       -4662.352       6664.271       4240.602    0.000  -0.139   0.381   0.
  2017 352  4 21 45 498 352.181776600      -1.53      1.06     -0.15  0.       -4663.213       6663.968       4239.193    0.000  -0.139   0.381   0.
  2017 352  4 21 46 498 352.181788174      -1.05      1.06      0.23  0.       -4664.072       6663.666       4237.783    0.000  -0.139   0.381   0.
  2017 352  4 21 47 498 352.181799748      -1.28      0.25      0.62  0.       -4664.932       6663.363       4236.374    0.000  -0.139   0.381   0.
  2017 352  4 21 48 498 352.181811322      -1.74      0.65      1.09  0.       -4665.792       6663.059       4234.964    0.000  -0.138   0.380   0.
  2017 352  4 21 49 498 352.181822896      -1.75      1.34      0.69  0.       -4666.651       6662.755       4233.554    0.000  -0.138   0.380   0.
  2017 352  4 21 50 498 352.181834471      -1.86      1.56     -0.37  0.       -4667.510       6662.451       4232.144    0.000  -0.139   0.381   0.
  2017 352  4 21 51 498 352.181846045      -1.60      1.41     -1.19  0.       -4668.368       6662.147       4230.734    0.000  -0.139   0.381   0.
  2017 352  4 21 52 498 352.181857619      -0.99      0.49      0.15  0.       -4669.227       6661.842       4229.323    0.000  -0.139   0.381   0.
  2017 352  4 21 53 498 352.181869193      -0.57      0.44      0.03  0.       -4670.085       6661.536       4227.912    0.000  -0.139   0.381   0.
  2017 352  4 21 54 498 352.181880767      -0.52      0.65      0.14  0.       -4670.943       6661.231       4226.501    0.000  -0.139   0.381   0.
  2017 352  4 21 55 498 352.181892341      -0.30      1.50      1.32  0.       -4671.800       6660.925       4225.090    0.000  -0.139   0.381   0.
  2017 352  4 21 56 498 352.181903915      -1.29      1.17      0.59  0.       -4672.658       6660.618       4223.678    0.000  -0.138   0.380   0.
  2017 352  4 21 57 498 352.181915489      -1.92      0.85      0.62  0.       -4673.515       6660.311       4222.266    0.000  -0.138   0.380   0.
  2017 352  4 21 58 497 352.181927061      -1.53      0.85     -0.27  0.       -4674.372       6660.004       4220.854    0.000  -0.138   0.380   0.
  2017 352  4 21 59 497 352.181938634      -0.91      0.16     -0.50  0.       -4675.228       6659.697       4219.442    0.000  -0.138   0.380   0.
  2017 352  4 22  0 497 352.181950208      -1.65      0.23      0.12  0.       -4676.085       6659.389       4218.029    0.000  -0.138   0.380   0.
  2017 352  4 22  1 498 352.181961782      -1.05      0.86      0.80  0.       -4676.941       6659.081       4216.616    0.000  -0.138   0.380   0.
  2017 352  4 22  2 498 352.181973357      -0.25      0.83     -0.32  0.       -4677.796       6658.772       4215.203    0.000  -0.138   0.380   0.
  2017 352  4 22  3 497 352.181984931      -0.50      0.50      0.44  0.       -4678.652       6658.463       4213.790    0.000  -0.138   0.380   0.
  2017 352  4 22  4 497 352.181996505      -0.65      0.51     -0.45  0.       -4679.507       6658.154       4212.377    0.000  -0.138   0.380   0.
  2017 352  4 22  5 498 352.182008079      -1.24      0.80     -0.13  0.       -4680.362       6657.844       4210.963    0.000  -0.138   0.380   0.
  2017 352  4 22  6 498 352.182019653      -1.56      1.44     -0.26  0.       -4681.217       6657.534       4209.549    0.000  -0.138   0.380   0.
  2017 352  4 22  7 498 352.182031227      -1.25      0.62      0.58  0.       -4682.071       6657.223       4208.135    0.000  -0.138   0.380   0.
  2017 352  4 22  8 498 352.182042801      -0.63      0.33      0.38  0.       -4682.926       6656.912       4206.720    0.000  -0.139   0.381   0.
  2017 352  4 22  9 498 352.182054375      -1.00      0.60      0.53  0.       -4683.780       6656.601       4205.306    0.000  -0.139   0.381   0.
  2017 352  4 22 10 497 352.182065949      -1.73      1.39      0.04  0.       -4684.633       6656.290       4203.891    0.000  -0.138   0.380   0.
  2017 352  4 22 11 497 352.182077523      -1.94      1.05     -0.23  0.       -4685.487       6655.978       4202.476    0.000  -0.138   0.380   0.
  2017 352  4 22 12 497 352.182089097      -1.69      0.84     -0.37  0.       -4686.340       6655.665       4201.060    0.000  -0.139   0.381   0.
  2017 352  4 22 13 497 352.182100671      -1.30      0.93     -0.36  0.       -4687.193       6655.353       4199.645    0.000  -0.139   0.381   0.
  2017 352  4 22 14 498 352.182112245      -0.83     -0.37     -0.84  0.       -4688.046       6655.040       4198.229    0.000  -0.138   0.380   0.
  2017 352  4 22 15 498 352.182123819      -0.13      0.52     -0.17  0.       -4688.898       6654.726       4196.813    0.000  -0.138   0.380   0.
  2017 352  4 22 16 497 352.182135394      -0.11      0.96      0.89  0.       -4689.750       6654.412       4195.396    0.000  -0.139   0.381   0.
  2017 352  4 22 17 497 352.182146968      -0.55      0.19     -0.27  0.       -4690.602       6654.098       4193.980    0.000  -0.139   0.381   0.
  2017 352  4 22 18 498 352.182158542      -1.30      0.27      0.81  0.       -4691.454       6653.784       4192.563    0.000  -0.139   0.381   0.
  2017 352  4 22 19 498 352.182170116      -1.18      0.90      1.28  0.       -4692.305       6653.469       4191.146    0.000  -0.139   0.381   0.
  2017 352  4 22 20 498 352.182181690      -1.81      1.18      0.67  0.       -4693.156       6653.153       4189.729    0.000  -0.139   0.381   0.
  2017 352  4 22 21 498 352.182193264      -2.15      1.04      0.83  0.       -4694.007       6652.838       4188.311    0.000  -0.139   0.381   0.
  2017 352  4 22 22 498 352.182204838      -1.72      0.61      1.04  0.       -4694.858       6652.522       4186.894    0.000  -0.138   0.380   0.
  2017 352  4 22 23 497 352.182216412      -1.51      1.36      0.59  0.       -4695.708       6652.205       4185.476    0.000  -0.138   0.380   0.
  2017 352  4 22 24 497 352.182227986      -1.44      1.42      0.31  0.       -4696.558       6651.888       4184.058    0.000  -0.138   0.380   0.
  2017 352  4 22 25 497 352.182239560      -1.05      1.87     -0.91  0.       -4697.408       6651.571       4182.639    0.000  -0.138   0.380   0.
  2017 352  4 22 26 497 352.182251134      -1.58      1.19     -1.14  0.       -4698.257       6651.254       4181.221    0.000  -0.138   0.380   0.
  2017 352  4 22 27 497 352.182262708      -0.85      0.53     -0.62  0.       -4699.107       6650.936       4179.802    0.000  -0.138   0.380   0.
  2017 352  4 22 28 498 352.182274282      -0.41      0.75     -0.54  0.       -4699.956       6650.617       4178.383    0.000  -0.139   0.381   0.
  2017 352  4 22 29 498 352.182285857      -0.19      0.74     -0.11  0.       -4700.804       6650.299       4176.963    0.000  -0.139   0.381   0.
  2017 352  4 22 30 497 352.182297428      -0.56      1.29      0.56  0.       -4701.653       6649.980       4175.544    0.000  -0.139   0.381   0.
  2017 352  4 22 31 497 352.182309002      -0.52      1.22      1.06  0.       -4702.501       6649.660       4174.124    0.000  -0.139   0.381   0.
  2017 352  4 22 32 497 352.182320576      -0.26      0.43      1.12  0.       -4703.349       6649.341       4172.704    0.000  -0.138   0.380   0.
  2017 352  4 22 33 497 352.182332150      -0.60     -0.27      0.14  0.       -4704.197       6649.021       4171.284    0.000  -0.138   0.380   0.
  2017 352  4 22 34 497 352.182343724      -0.54     -0.30      0.65  0.       -4705.044       6648.700       4169.863    0.000  -0.139   0.381   0.
  2017 352  4 22 35 497 352.182355298      -0.15      1.65      0.17  0.       -4705.891       6648.379       4168.442    0.000  -0.139   0.381   0.
  2017 352  4 22 36 497 352.182366872      -1.08      2.02     -0.42  0.       -4706.738       6648.058       4167.021    0.000  -0.138   0.380   0.
  2017 352  4 22 37 497 352.182378446      -0.57      1.17     -0.15  0.       -4707.585       6647.736       4165.600    0.000  -0.138   0.380   0.
  2017 352  4 22 38 497 352.182390020      -0.50      0.72      0.95  0.       -4708.431       6647.414       4164.179    0.000  -0.139   0.381   0.
  2017 352  4 22 39 497 352.182401594      -0.85      1.19      0.37  0.       -4709.277       6647.092       4162.757    0.000  -0.139   0.381   0.
  2017 352  4 22 40 497 352.182413168      -1.69      1.22      0.44  0.       -4710.123       6646.769       4161.335    0.000  -0.138   0.380   0.
  2017 352  4 22 41 497 352.182424742      -1.01     -0.06      0.69  0.       -4710.969       6646.446       4159.913    0.000  -0.138   0.380   0.
  2017 352  4 22 42 497 352.182436317      -1.28     -0.09      0.79  0.       -4711.814       6646.123       4158.491    0.000  -0.138   0.380   0.
  2017 352  4 22 43 497 352.182447891      -1.65      0.99      0.93  0.       -4712.659       6645.799       4157.068    0.000  -0.138   0.380   0.
  2017 352  4 22 44 497 352.182459465      -1.24      1.22      0.61  0.       -4713.504       6645.475       4155.645    0.000  -0.139   0.381   0.
  2017 352  4 22 45 497 352.182471039      -1.58      1.35      0.52  0.       -4714.348       6645.150       4154.222    0.000  -0.139   0.381   0.
  2017 352  4 22 46 497 352.182482613      -2.07      1.15      0.03  0.       -4715.193       6644.825       4152.799    0.000  -0.138   0.380   0.
  2017 352  4 22 47 497 352.182494187      -1.25      0.92      0.85  0.       -4716.037       6644.500       4151.375    0.000  -0.138   0.380   0.
  2017 352  4 22 48 497 352.182505761      -0.47      0.72     -0.03  0.       -4716.880       6644.174       4149.952    0.000  -0.138   0.380   0.
  2017 352  4 22 49 497 352.182517335      -1.37      0.60     -0.30  0.       -4717.724       6643.848       4148.528    0.000  -0.138   0.380   0.
  2017 352  4 22 50 497 352.182528909      -1.66      1.10      0.20  0.       -4718.567       6643.521       4147.104    0.000  -0.138   0.380   0.
  2017 352  4 22 51 497 352.182540483      -1.68      1.15     -0.46  0.       -4719.410       6643.195       4145.679    0.000  -0.138   0.380   0.
  2017 352  4 22 52 497 352.182552057      -1.67      0.60     -0.94  0.       -4720.253       6642.867       4144.254    0.000  -0.139   0.381   0.
  2017 352  4 22 53 497 352.182563631      -0.87     -0.11     -0.96  0.       -4721.095       6642.540       4142.829    0.000  -0.139   0.381   0.
  2017 352  4 22 54 497 352.182575205      -1.25      0.92     -0.47  0.       -4721.937       6642.212       4141.404    0.000  -0.139   0.381   0.
  2017 352  4 22 55 497 352.182586780      -1.77      1.22      0.15  0.       -4722.779       6641.884       4139.979    0.000  -0.139   0.381   0.
  2017 352  4 22 56 497 352.182598354      -1.68      0.97      0.41  0.       -4723.621       6641.555       4138.553    0.000  -0.138   0.380   0.
  2017 352  4 22 57 497 352.182609928      -1.82      0.75     -0.01  0.       -4724.462       6641.226       4137.127    0.000  -0.138   0.380   0.
  2017 352  4 22 58 497 352.182621502      -1.34      0.81     -0.15  0.       -4725.303       6640.896       4135.701    0.000  -0.138   0.380   0.
  2017 352  4 22 59 497 352.182633076      -1.33      0.25     -0.06  0.       -4726.144       6640.567       4134.275    0.000  -0.138   0.380   0.
  2017 352  4 23  0 497 352.182644648      -0.20      0.27      0.19  0.       -4726.985       6640.236       4132.848    0.000  -0.139   0.381   0.
  2017 352  4 23  1 497 352.182656221      -0.09      1.69     -0.55  0.       -4727.825       6639.906       4131.422    0.000  -0.139   0.381   0.
  2017 352  4 23  2 497 352.182667795      -0.90      1.88     -0.66  0.       -4728.665       6639.575       4129.995    0.000  -0.139   0.381   0.
  2017 352  4 23  3 497 352.182679369      -0.55      1.40     -0.82  0.       -4729.505       6639.244       4128.567    0.000  -0.139   0.381   0.
  2017 352  4 23  4 497 352.182690943      -1.01      0.37     -1.25  0.       -4730.344       6638.912       4127.140    0.000  -0.139   0.381   0.
  2017 352  4 23  5 497 352.182702517      -1.17      1.06     -0.65  0.       -4731.184       6638.580       4125.712    0.000  -0.139   0.381   0.
  2017 352  4 23  6 497 352.182714091      -1.53      0.87     -1.19  0.       -4732.023       6638.248       4124.284    0.000  -0.139   0.381   0.
  2017 352  4 23  7 497 352.182725666      -1.73      0.58     -1.17  0.       -4732.861       6637.915       4122.856    0.000  -0.139   0.381   0.
  2017 352  4 23  8 497 352.182737240      -0.79      0.92      0.10  0.       -4733.700       6637.582       4121.428    0.000  -0.139   0.381   0.
  2017 352  4 23  9 497 352.182748814      -0.90      2.27      0.44  0.       -4734.538       6637.248       4119.999    0.000  -0.139   0.381   0.
  2017 352  4 23 10 497 352.182760388      -0.52      2.03      0.52  0.       -4735.376       6636.914       4118.570    0.000  -0.139   0.381   0.
  2017 352  4 23 11 497 352.182771962      -0.45      1.46     -0.02  0.       -4736.213       6636.580       4117.141    0.000  -0.139   0.381   0.
  2017 352  4 23 12 497 352.182783536      -0.89      1.01      0.34  0.       -4737.051       6636.245       4115.712    0.000  -0.139   0.381   0.
  2017 352  4 23 13 497 352.182795110      -0.60      0.86      0.89  0.       -4737.888       6635.910       4114.282    0.000  -0.139   0.381   0.
  2017 352  4 23 14 497 352.182806684      -0.92      0.17      0.39  0.       -4738.725       6635.575       4112.852    0.000  -0.138   0.380   0.
  2017 352  4 23 15 497 352.182818258      -1.24      0.39      0.57  0.       -4739.561       6635.239       4111.422    0.000  -0.138   0.380   0.
  2017 352  4 23 16 497 352.182829832      -1.69      0.85      0.66  0.       -4740.398       6634.903       4109.992    0.000  -0.139   0.381   0.
  2017 352  4 23 17 497 352.182841406      -1.30      0.90      0.26  0.       -4741.234       6634.566       4108.562    0.000  -0.139   0.381   0.
  2017 352  4 23 18 497 352.182852980      -0.18      0.79      0.23  0.       -4742.069       6634.229       4107.131    0.000  -0.139   0.381   0.
  2017 352  4 23 19 497 352.182864554      -1.14      0.82     -0.56  0.       -4742.905       6633.892       4105.700    0.000  -0.139   0.381   0.
  2017 352  4 23 20 497 352.182876128      -1.40      0.24     -0.33  0.       -4743.740       6633.555       4104.269    0.000  -0.139   0.381   0.
  2017 352  4 23 21 497 352.182887703      -1.04      1.25     -0.47  0.       -4744.575       6633.217       4102.837    0.000  -0.139   0.381   0.
  2017 352  4 23 22 497 352.182899277      -1.61      1.66      0.14  0.       -4745.410       6632.878       4101.406    0.000  -0.139   0.381   0.
  2017 352  4 23 23 497 352.182910851      -1.67      1.48     -0.13  0.       -4746.244       6632.539       4099.974    0.000  -0.139   0.381   0.
  2017 352  4 23 24 497 352.182922425      -1.72      1.00     -0.07  0.       -4747.078       6632.200       4098.542    0.000  -0.139   0.381   0.
  2017 352  4 23 25 497 352.182933999      -1.29      1.40     -0.33  0.       -4747.912       6631.861       4097.109    0.000  -0.139   0.381   0.
  2017 352  4 23 26 497 352.182945573      -1.36      0.41      0.01  0.       -4748.746       6631.521       4095.677    0.000  -0.138   0.380   0.
  2017 352  4 23 27 497 352.182957147      -1.06      0.17      0.94  0.       -4749.579       6631.181       4094.244    0.000  -0.138   0.380   0.
  2017 352  4 23 28 497 352.182968719      -0.82      1.03     -0.44  0.       -4750.413       6630.840       4092.811    0.000  -0.139   0.381   0.
  2017 352  4 23 29 497 352.182980292      -1.39      0.98     -0.51  0.       -4751.245       6630.499       4091.378    0.000  -0.139   0.381   0.
  2017 352  4 23 30 497 352.182991866      -1.31      1.00     -0.22  0.       -4752.078       6630.158       4089.944    0.000  -0.139   0.381   0.
  2017 352  4 23 31 497 352.183003440      -1.41      1.13      0.27  0.       -4752.910       6629.816       4088.511    0.000  -0.139   0.381   0.
  2017 352  4 23 32 497 352.183015014      -1.90      1.40      0.13  0.       -4753.742       6629.474       4087.077    0.000  -0.138   0.380   0.
  2017 352  4 23 33 497 352.183026589      -1.69      0.83      0.03  0.       -4754.574       6629.131       4085.642    0.000  -0.138   0.380   0.
  2017 352  4 23 34 497 352.183038163      -1.15      0.37     -0.31  0.       -4755.406       6628.788       4084.208    0.000  -0.138   0.380   0.
  2017 352  4 23 35 497 352.183049737      -0.67      0.58     -0.64  0.       -4756.237       6628.445       4082.773    0.000  -0.138   0.380   0.
  2017 352  4 23 36 497 352.183061311      -1.49      0.95     -0.58  0.       -4757.068       6628.102       4081.339    0.000  -0.139   0.381   0.
  2017 352  4 23 37 497 352.183072885      -1.00      0.90     -0.43  0.       -4757.898       6627.758       4079.903    0.000  -0.139   0.381   0.
  2017 352  4 23 38 497 352.183084459      -0.86      1.27     -0.88  0.       -4758.729       6627.413       4078.468    0.000  -0.139   0.381   0.
  2017 352  4 23 39 497 352.183096033      -0.26      1.16     -0.47  0.       -4759.559       6627.069       4077.032    0.000  -0.139   0.381   0.
  2017 352  4 23 40 497 352.183107607      -0.87      1.65      0.35  0.       -4760.389       6626.723       4075.597    0.000  -0.139   0.381   0.
  2017 352  4 23 41 497 352.183119181      -1.50      0.74      0.21  0.       -4761.218       6626.378       4074.161    0.000  -0.139   0.381   0.
  2017 352  4 23 42 497 352.183130755      -1.40      0.69      0.58  0.       -4762.048       6626.032       4072.724    0.000  -0.139   0.381   0.
  2017 352  4 23 43 497 352.183142329      -1.24      1.35      0.10  0.       -4762.877       6625.686       4071.288    0.000  -0.139   0.381   0.
  2017 352  4 23 44 497 352.183153903      -1.92      1.17     -0.06  0.       -4763.706       6625.339       4069.851    0.000  -0.139   0.381   0.
  2017 352  4 23 45 497 352.183165477      -2.93      1.39     -0.15  0.       -4764.534       6624.992       4068.414    0.000  -0.139   0.381   0.
  2017 352  4 23 46 497 352.183177052      -2.92      1.97      0.05  0.       -4765.363       6624.645       4066.977    0.000  -0.138   0.380   0.
  2017 352  4 23 47 497 352.183188626      -2.50      2.23     -0.71  0.       -4766.191       6624.297       4065.540    0.000  -0.138   0.380   0.
  2017 352  4 23 48 497 352.183200200      -2.39      2.27     -0.32  0.       -4767.018       6623.949       4064.102    0.000  -0.139   0.381   0.
  2017 352  4 23 49 497 352.183211774      -2.05      1.80      0.14  0.       -4767.846       6623.601       4062.664    0.000  -0.139   0.381   0.
  2017 352  4 23 50 497 352.183223348      -1.31      0.98      0.43  0.       -4768.673       6623.252       4061.226    0.000  -0.139   0.381   0.
  2017 352  4 23 51 497 352.183234922      -1.19      0.99      0.57  0.       -4769.500       6622.903       4059.788    0.000  -0.139   0.381   0.
  2017 352  4 23 52 497 352.183246496      -2.17      1.31      0.49  0.       -4770.327       6622.553       4058.349    0.000  -0.139   0.381   0.
  2017 352  4 23 53 497 352.183258070      -2.50      0.70      1.23  0.       -4771.153       6622.203       4056.910    0.000  -0.139   0.381   0.
  2017 352  4 23 54 497 352.183269644      -1.91      0.67      0.97  0.       -4771.979       6621.853       4055.472    0.000  -0.139   0.381   0.
  2017 352  4 23 55 497 352.183281218      -2.17      0.66      1.14  0.       -4772.805       6621.502       4054.032    0.000  -0.139   0.381   0.
  2017 352  4 23 56 497 352.183292792      -1.61      0.58      0.78  0.       -4773.630       6621.151       4052.592    0.000  -0.139   0.381   0.
  2017 352  4 23 57 497 352.183304366      -1.15      0.74     -0.40  0.       -4774.456       6620.800       4051.153    0.000  -0.139   0.381   0.
  2017 352  4 23 58 496 352.183315938      -0.79      1.22     -0.63  0.       -4775.281       6620.447       4049.714    0.000  -0.139   0.381   0.
  2017 352  4 23 59 496 352.183327512      -0.50      1.01      0.33  0.       -4776.106       6620.096       4048.273    0.000  -0.139   0.381   0.
  2017 352  4 24  0 496 352.183339086      -1.02      0.77      0.70  0.       -4776.930       6619.743       4046.832    0.000  -0.139   0.381   0.
  2017 352  4 24  1 497 352.183350660      -0.78      1.02      0.46  0.       -4777.754       6619.390       4045.392    0.000  -0.139   0.381   0.
  2017 352  4 24  2 497 352.183362234      -1.81      1.21      0.21  0.       -4778.578       6619.036       4043.951    0.000  -0.139   0.381   0.
  2017 352  4 24  3 497 352.183373808      -1.69      0.83      0.13  0.       -4779.402       6618.683       4042.510    0.000  -0.139   0.381   0.
  2017 352  4 24  4 497 352.183385382      -1.33      0.32      0.50  0.       -4780.225       6618.329       4041.069    0.000  -0.138   0.380   0.
  2017 352  4 24  5 496 352.183396956      -0.92      0.42      0.39  0.       -4781.049       6617.974       4039.627    0.000  -0.138   0.380   0.
  2017 352  4 24  6 496 352.183408530      -1.70      0.95     -0.38  0.       -4781.871       6617.619       4038.185    0.000  -0.139   0.381   0.
  2017 352  4 24  7 496 352.183420104      -1.34      1.60     -0.21  0.       -4782.694       6617.264       4036.743    0.000  -0.139   0.381   0.
  2017 352  4 24  8 496 352.183431678      -0.34      2.22     -0.14  0.       -4783.516       6616.908       4035.301    0.000  -0.139   0.381   0.
  2017 352  4 24  9 496 352.183443252      -1.55      1.14     -1.11  0.       -4784.338       6616.552       4033.859    0.000  -0.139   0.381   0.
  2017 352  4 24 10 497 352.183454826      -1.30      0.56     -0.35  0.       -4785.160       6616.196       4032.416    0.000  -0.139   0.381   0.
  2017 352  4 24 11 497 352.183466400      -1.71      0.41     -0.39  0.       -4785.982       6615.839       4030.973    0.000  -0.139   0.381   0.
  2017 352  4 24 12 496 352.183477975      -2.54      0.70      0.45  0.       -4786.803       6615.482       4029.530    0.000  -0.138   0.380   0.
  2017 352  4 24 13 496 352.183489549      -0.36      1.12      0.82  0.       -4787.624       6615.125       4028.087    0.000  -0.138   0.380   0.
  2017 352  4 24 14 497 352.183501123      -0.76      1.35     -0.52  0.       -4788.445       6614.767       4026.643    0.000  -0.139   0.381   0.
  2017 352  4 24 15 497 352.183512697      -1.99      1.56     -0.01  0.       -4789.265       6614.409       4025.199    0.000  -0.139   0.381   0.
  2017 352  4 24 16 497 352.183524271      -2.19      1.96      0.39  0.       -4790.085       6614.050       4023.755    0.000  -0.139   0.381   0.
  2017 352  4 24 17 497 352.183535845      -1.47      0.59      0.38  0.       -4790.905       6613.691       4022.311    0.000  -0.139   0.381   0.
  2017 352  4 24 18 497 352.183547419      -1.59      0.33      0.60  0.       -4791.725       6613.332       4020.866    0.000  -0.139   0.381   0.
  2017 352  4 24 19 496 352.183558993      -1.47      0.73     -1.16  0.       -4792.544       6612.972       4019.422    0.000  -0.139   0.381   0.
  2017 352  4 24 20 496 352.183570567      -1.82      1.57     -1.21  0.       -4793.363       6612.612       4017.977    0.000  -0.139   0.381   0.
  2017 352  4 24 21 496 352.183582141      -2.43      1.72     -0.52  0.       -4794.182       6612.252       4016.532    0.000  -0.139   0.381   0.
  2017 352  4 24 22 496 352.183593715      -1.84      0.96      0.71  0.       -4795.001       6611.891       4015.086    0.000  -0.138   0.380   0.
  2017 352  4 24 23 497 352.183605289      -1.25      0.60      1.12  0.       -4795.819       6611.529       4013.640    0.000  -0.138   0.380   0.
  2017 352  4 24 24 497 352.183616863      -1.77      1.17      0.80  0.       -4796.637       6611.168       4012.195    0.000  -0.139   0.381   0.
  2017 352  4 24 25 497 352.183628437      -2.48      1.56      1.07  0.       -4797.454       6610.806       4010.748    0.000  -0.139   0.381   0.
  2017 352  4 24 26 496 352.183640012      -3.15      2.24      1.22  0.       -4798.272       6610.444       4009.302    0.000  -0.139   0.381   0.
  2017 352  4 24 27 496 352.183651586      -3.03      2.12      1.43  0.       -4799.089       6610.081       4007.856    0.000  -0.139   0.381   0.
  2017 352  4 24 28 497 352.183663158      -2.18      1.42      1.88  0.       -4799.906       6609.718       4006.409    0.000  -0.139   0.381   0.
  2017 352  4 24 29 496 352.183674731      -1.76      0.77      1.79  0.       -4800.723       6609.354       4004.962    0.000  -0.139   0.381   0.
  2017 352  4 24 30 496 352.183686305      -1.65      0.55      0.92  0.       -4801.539       6608.990       4003.515    0.000  -0.139   0.381   0.
  2017 352  4 24 31 496 352.183697879      -1.36      0.17      0.26  0.       -4802.355       6608.626       4002.067    0.000  -0.139   0.381   0.
  2017 352  4 24 32 496 352.183709453      -0.43      0.03     -0.18  0.       -4803.171       6608.261       4000.619    0.000  -0.139   0.381   0.
  2017 352  4 24 33 496 352.183721027      -0.30     -0.46     -0.14  0.       -4803.986       6607.897       3999.171    0.000  -0.139   0.381   0.
  2017 352  4 24 34 496 352.183732601      -0.46      1.14     -0.36  0.       -4804.802       6607.531       3997.723    0.000  -0.139   0.381   0.
  2017 352  4 24 35 496 352.183744175      -1.74      1.94     -0.71  0.       -4805.617       6607.166       3996.275    0.000  -0.139   0.381   0.
  2017 352  4 24 36 496 352.183755749      -1.86      2.00     -0.39  0.       -4806.431       6606.799       3994.826    0.000  -0.139   0.381   0.
  2017 352  4 24 37 496 352.183767323      -2.24      1.90     -0.07  0.       -4807.246       6606.433       3993.377    0.000  -0.139   0.381   0.
  2017 352  4 24 38 496 352.183778898      -2.22      1.69     -0.01  0.       -4808.060       6606.066       3991.928    0.000  -0.139   0.381   0.
  2017 352  4 24 39 496 352.183790472      -2.09      1.31      0.17  0.       -4808.874       6605.699       3990.479    0.000  -0.139   0.381   0.
  2017 352  4 24 40 496 352.183802046      -2.08      1.63      0.63  0.       -4809.687       6605.331       3989.030    0.000  -0.139   0.381   0.
  2017 352  4 24 41 496 352.183813620      -2.51      2.17      1.24  0.       -4810.501       6604.963       3987.580    0.000  -0.139   0.381   0.
  2017 352  4 24 42 496 352.183825194      -1.76      1.84      1.12  0.       -4811.314       6604.595       3986.130    0.000  -0.139   0.381   0.
  2017 352  4 24 43 496 352.183836768      -0.64      0.36     -0.05  0.       -4812.126       6604.226       3984.680    0.000  -0.139   0.381   0.
  2017 352  4 24 44 496 352.183848342      -0.47      1.03      0.38  0.       -4812.939       6603.857       3983.229    0.000  -0.139   0.381   0.
  2017 352  4 24 45 496 352.183859916      -1.48      2.11      0.21  0.       -4813.751       6603.487       3981.779    0.000  -0.139   0.381   0.
  2017 352  4 24 46 496 352.183871490      -1.81      1.28     -0.34  0.       -4814.563       6603.118       3980.328    0.000  -0.139   0.381   0.
  2017 352  4 24 47 496 352.183883064      -1.71      0.87     -1.08  0.       -4815.375       6602.747       3978.877    0.000  -0.139   0.381   0.
  2017 352  4 24 48 496 352.183894638      -2.25      1.04     -0.95  0.       -4816.186       6602.377       3977.425    0.000  -0.138   0.380   0.
  2017 352  4 24 49 496 352.183906212      -2.75      1.54     -0.31  0.       -4816.997       6602.006       3975.974    0.000  -0.138   0.380   0.
  2017 352  4 24 50 496 352.183917786      -2.66      2.19     -0.08  0.       -4817.808       6601.634       3974.522    0.000  -0.139   0.381   0.
  2017 352  4 24 51 496 352.183929361      -2.51      2.00     -0.02  0.       -4818.619       6601.263       3973.070    0.000  -0.139   0.381   0.
  2017 352  4 24 52 496 352.183940935      -2.07      1.31     -0.27  0.       -4819.429       6600.890       3971.618    0.000  -0.139   0.381   0.
  2017 352  4 24 53 496 352.183952509      -1.18      0.72     -0.76  0.       -4820.239       6600.518       3970.165    0.000  -0.139   0.381   0.
  2017 352  4 24 54 496 352.183964083      -1.81      0.90     -0.89  0.       -4821.049       6600.145       3968.713    0.000  -0.139   0.381   0.
  2017 352  4 24 55 496 352.183975657      -2.46      1.23     -0.12  0.       -4821.859       6599.772       3967.260    0.000  -0.139   0.381   0.
  2017 352  4 24 56 496 352.183987231      -2.67      1.27      0.24  0.       -4822.668       6599.398       3965.806    0.000  -0.139   0.381   0.
  2017 352  4 24 57 496 352.183998805      -2.94      0.77      0.31  0.       -4823.477       6599.024       3964.353    0.000  -0.139   0.381   0.
  2017 352  4 24 58 496 352.184010377      -2.04      0.58      0.06  0.       -4824.285       6598.650       3962.899    0.000  -0.139   0.381   0.
  2017 352  4 24 59 496 352.184021950      -2.12      1.00     -0.72  0.       -4825.094       6598.275       3961.446    0.000  -0.139   0.381   0.
  2017 352  4 25  0 496 352.184033524      -1.88      1.68     -1.33  0.       -4825.902       6597.900       3959.991    0.000  -0.139   0.381   0.
  2017 352  4 25  1 496 352.184045098      -1.84      1.71     -1.19  0.       -4826.710       6597.524       3958.537    0.000  -0.139   0.381   0.
  2017 352  4 25  2 496 352.184056672      -0.72      1.05     -0.48  0.       -4827.517       6597.148       3957.083    0.000  -0.139   0.381   0.
  2017 352  4 25  3 496 352.184068246      -1.63      1.20     -0.69  0.       -4828.325       6596.772       3955.628    0.000  -0.139   0.381   0.
  2017 352  4 25  4 496 352.184079821      -1.62      1.03     -1.12  0.       -4829.132       6596.395       3954.173    0.000  -0.139   0.381   0.
  2017 352  4 25  5 496 352.184091395      -1.39      1.07     -1.41  0.       -4829.938       6596.018       3952.718    0.000  -0.139   0.381   0.
  2017 352  4 25  6 496 352.184102969      -1.61      0.96     -1.21  0.       -4830.745       6595.641       3951.262    0.000  -0.139   0.381   0.
  2017 352  4 25  7 496 352.184114543      -1.63      0.86     -0.95  0.       -4831.551       6595.263       3949.807    0.000  -0.139   0.381   0.
  2017 352  4 25  8 496 352.184126117      -1.79      1.29     -0.20  0.       -4832.357       6594.885       3948.351    0.000  -0.139   0.381   0.
  2017 352  4 25  9 496 352.184137691      -1.90      1.37      0.48  0.       -4833.163       6594.507       3946.895    0.000  -0.139   0.381   0.
  2017 352  4 25 10 496 352.184149265      -1.76      0.74      0.46  0.       -4833.968       6594.128       3945.438    0.000  -0.138   0.380   0.
  2017 352  4 25 11 496 352.184160839      -1.64      0.74     -0.08  0.       -4834.773       6593.748       3943.982    0.000  -0.138   0.380   0.
  2017 352  4 25 12 496 352.184172413      -1.55      1.11      0.50  0.       -4835.578       6593.369       3942.525    0.000  -0.139   0.381   0.
  2017 352  4 25 13 496 352.184183987      -1.34      1.54     -0.23  0.       -4836.382       6592.989       3941.068    0.000  -0.139   0.381   0.
  2017 352  4 25 14 496 352.184195561      -1.65      0.98     -0.78  0.       -4837.187       6592.608       3939.611    0.000  -0.139   0.381   0.
  2017 352  4 25 15 496 352.184207135      -1.53      0.28     -0.64  0.       -4837.990       6592.227       3938.154    0.000  -0.139   0.381   0.
  2017 352  4 25 16 496 352.184218709      -0.72      1.03      0.81  0.       -4838.794       6591.846       3936.696    0.000  -0.139   0.381   0.
  2017 352  4 25 17 496 352.184230284      -0.59      0.95      0.41  0.       -4839.598       6591.465       3935.238    0.000  -0.139   0.381   0.
  2017 352  4 25 18 496 352.184241858      -1.40      0.74      0.51  0.       -4840.401       6591.083       3933.780    0.000  -0.139   0.381   0.
  2017 352  4 25 19 496 352.184253432      -1.72      0.63      0.19  0.       -4841.204       6590.700       3932.321    0.000  -0.139   0.381   0.
  2017 352  4 25 20 496 352.184265006      -1.37      0.32     -0.73  0.       -4842.006       6590.318       3930.863    0.000  -0.139   0.381   0.
  2017 352  4 25 21 496 352.184276580      -0.90      0.60      0.06  0.       -4842.808       6589.935       3929.404    0.000  -0.139   0.381   0.
  2017 352  4 25 22 496 352.184288154      -1.19      0.19      0.14  0.       -4843.611       6589.551       3927.945    0.000  -0.139   0.381   0.
  2017 352  4 25 23 496 352.184299728      -1.11      0.94     -0.52  0.       -4844.412       6589.167       3926.486    0.000  -0.139   0.381   0.
  2017 352  4 25 24 496 352.184311302      -1.52      1.26     -0.96  0.       -4845.214       6588.783       3925.026    0.000  -0.139   0.381   0.
  2017 352  4 25 25 496 352.184322876      -2.07      1.00     -0.82  0.       -4846.015       6588.398       3923.567    0.000  -0.139   0.381   0.
  2017 352  4 25 26 496 352.184334450      -2.09      0.54      0.19  0.       -4846.816       6588.013       3922.107    0.000  -0.139   0.381   0.
  2017 352  4 25 27 496 352.184346024      -2.06      0.97      0.42  0.       -4847.617       6587.628       3920.647    0.000  -0.139   0.381   0.
  2017 352  4 25 28 496 352.184357596      -2.37      1.21      0.19  0.       -4848.417       6587.242       3919.186    0.000  -0.139   0.381   0.
  2017 352  4 25 29 496 352.184369170      -2.68      1.30      0.73  0.       -4849.217       6586.856       3917.726    0.000  -0.139   0.381   0.
  2017 352  4 25 30 496 352.184380744      -1.96      1.38      0.47  0.       -4850.016       6586.470       3916.265    0.000  -0.139   0.381   0.
  2017 352  4 25 31 496 352.184392318      -0.90      1.31     -0.72  0.       -4850.816       6586.083       3914.804    0.000  -0.139   0.381   0.
  2017 352  4 25 32 496 352.184403892      -0.66      1.59     -0.79  0.       -4851.615       6585.696       3913.342    0.000  -0.139   0.381   0.
  2017 352  4 25 33 496 352.184415466      -0.91      1.24     -0.46  0.       -4852.414       6585.308       3911.881    0.000  -0.139   0.381   0.
  2017 352  4 25 34 496 352.184427040      -1.69      1.36     -0.79  0.       -4853.213       6584.920       3910.419    0.000  -0.139   0.381   0.
  2017 352  4 25 35 496 352.184438614      -2.33      1.08     -0.58  0.       -4854.012       6584.532       3908.957    0.000  -0.139   0.381   0.
  2017 352  4 25 36 496 352.184450188      -2.18      0.85     -0.15  0.       -4854.810       6584.143       3907.495    0.000  -0.139   0.381   0.
  2017 352  4 25 37 496 352.184461762      -2.04      0.70     -0.36  0.       -4855.608       6583.754       3906.033    0.000  -0.139   0.381   0.
  2017 352  4 25 38 496 352.184473336      -2.02      1.04     -0.37  0.       -4856.405       6583.364       3904.570    0.000  -0.139   0.381   0.
  2017 352  4 25 39 496 352.184484910      -1.90      1.61      0.15  0.       -4857.202       6582.975       3903.107    0.000  -0.139   0.381   0.
  2017 352  4 25 40 496 352.184496484      -1.70      1.62     -0.02  0.       -4857.999       6582.584       3901.644    0.000  -0.139   0.381   0.
  2017 352  4 25 41 496 352.184508058      -1.52      1.55     -0.37  0.       -4858.796       6582.194       3900.181    0.000  -0.139   0.381   0.
  2017 352  4 25 42 496 352.184519633      -1.73      1.81     -0.15  0.       -4859.593       6581.803       3898.717    0.000  -0.139   0.381   0.
  2017 352  4 25 43 496 352.184531207      -2.10      1.43      0.59  0.       -4860.389       6581.411       3897.253    0.000  -0.139   0.381   0.
  2017 352  4 25 44 496 352.184542781      -1.87      1.00      1.09  0.       -4861.185       6581.020       3895.790    0.000  -0.139   0.381   0.
  2017 352  4 25 45 496 352.184554355      -1.59      0.99      0.61  0.       -4861.980       6580.627       3894.325    0.000  -0.139   0.381   0.
  2017 352  4 25 46 496 352.184565929      -1.20      1.26      0.14  0.       -4862.776       6580.235       3892.861    0.000  -0.139   0.381   0.
  2017 352  4 25 47 496 352.184577503      -1.40      0.51      0.04  0.       -4863.571       6579.842       3891.396    0.000  -0.139   0.381   0.
  2017 352  4 25 48 496 352.184589077      -1.15     -0.07      0.43  0.       -4864.366       6579.449       3889.931    0.000  -0.139   0.381   0.
  2017 352  4 25 49 496 352.184600651      -1.18      0.42      0.74  0.       -4865.160       6579.055       3888.466    0.000  -0.139   0.381   0.
  2017 352  4 25 50 496 352.184612225      -1.74      0.99      0.08  0.       -4865.954       6578.661       3887.001    0.000  -0.139   0.381   0.
  2017 352  4 25 51 496 352.184623799      -2.09      0.68     -0.42  0.       -4866.748       6578.266       3885.535    0.000  -0.139   0.381   0.
  2017 352  4 25 52 496 352.184635373      -2.64      0.76      0.18  0.       -4867.542       6577.872       3884.070    0.000  -0.139   0.381   0.
  2017 352  4 25 53 496 352.184646947      -2.67      0.62     -0.16  0.       -4868.335       6577.476       3882.604    0.000  -0.139   0.381   0.
  2017 352  4 25 54 496 352.184658521      -2.31      0.83     -0.52  0.       -4869.128       6577.081       3881.137    0.000  -0.139   0.381   0.
  2017 352  4 25 55 496 352.184670095      -1.91      1.60     -0.46  0.       -4869.921       6576.685       3879.671    0.000  -0.139   0.381   0.
  2017 352  4 25 56 496 352.184681670      -2.13      1.64      0.18  0.       -4870.714       6576.289       3878.204    0.000  -0.139   0.381   0.
  2017 352  4 25 57 496 352.184693244      -2.17      1.39      0.72  0.       -4871.506       6575.892       3876.737    0.000  -0.139   0.381   0.
  2017 352  4 25 58 496 352.184704818      -2.47      0.92      1.10  0.       -4872.298       6575.495       3875.270    0.000  -0.139   0.381   0.
  2017 352  4 25 59 496 352.184716392      -1.58      0.66      0.75  0.       -4873.090       6575.097       3873.803    0.000  -0.139   0.381   0.
  2017 352  4 26  0 496 352.184727963      -1.62      0.43      0.37  0.       -4873.881       6574.700       3872.335    0.000  -0.139   0.381   0.
  2017 352  4 26  1 495 352.184739537      -1.42      1.11     -0.15  0.       -4874.672       6574.301       3870.868    0.000  -0.139   0.381   0.
  2017 352  4 26  2 495 352.184751111      -1.36      1.58     -0.55  0.       -4875.463       6573.903       3869.400    0.000  -0.139   0.381   0.
  2017 352  4 26  3 495 352.184762685      -1.80      0.95      0.26  0.       -4876.253       6573.504       3867.931    0.000  -0.139   0.381   0.
  2017 352  4 26  4 495 352.184774259      -1.80      1.66      0.97  0.       -4877.044       6573.104       3866.463    0.000  -0.139   0.381   0.
  2017 352  4 26  5 495 352.184785833      -2.36      1.39      0.86  0.       -4877.834       6572.704       3864.994    0.000  -0.139   0.381   0.
  2017 352  4 26  6 496 352.184797407      -2.37      0.88      0.70  0.       -4878.623       6572.305       3863.525    0.000  -0.139   0.381   0.
  2017 352  4 26  7 496 352.184808982      -1.93      0.84      0.42  0.       -4879.413       6571.904       3862.056    0.000  -0.139   0.381   0.
  2017 352  4 26  8 495 352.184820556      -1.97      0.75      0.67  0.       -4880.202       6571.503       3860.587    0.000  -0.139   0.381   0.
  2017 352  4 26  9 495 352.184832130      -1.95      0.73      0.66  0.       -4880.991       6571.102       3859.117    0.000  -0.139   0.381   0.
  2017 352  4 26 10 496 352.184843704      -2.38      1.00      0.79  0.       -4881.780       6570.700       3857.648    0.000  -0.139   0.381   0.
  2017 352  4 26 11 496 352.184855278      -1.17      1.42      0.56  0.       -4882.568       6570.298       3856.178    0.000  -0.139   0.381   0.
  2017 352  4 26 12 496 352.184866852      -1.23      1.51     -0.58  0.       -4883.356       6569.896       3854.707    0.000  -0.139   0.381   0.
  2017 352  4 26 13 496 352.184878426      -2.15      1.03     -0.20  0.       -4884.144       6569.493       3853.237    0.000  -0.139   0.381   0.
  2017 352  4 26 14 495 352.184890000      -2.13      0.84     -0.03  0.       -4884.931       6569.090       3851.766    0.000  -0.139   0.381   0.
  2017 352  4 26 15 495 352.184901574      -1.53      0.76     -0.64  0.       -4885.718       6568.686       3850.295    0.000  -0.139   0.381   0.
  2017 352  4 26 16 495 352.184913148      -1.80      0.61     -0.70  0.       -4886.505       6568.282       3848.824    0.000  -0.139   0.381   0.
  2017 352  4 26 17 495 352.184924722      -1.31      1.01      0.39  0.       -4887.292       6567.878       3847.353    0.000  -0.139   0.381   0.
  2017 352  4 26 18 495 352.184936296      -1.09      1.39      0.20  0.       -4888.078       6567.473       3845.881    0.000  -0.139   0.381   0.
  2017 352  4 26 19 496 352.184947870      -1.15      1.09      0.50  0.       -4888.864       6567.068       3844.409    0.000  -0.139   0.381   0.
  2017 352  4 26 20 496 352.184959444      -1.03      0.48      0.47  0.       -4889.650       6566.663       3842.937    0.000  -0.139   0.381   0.
  2017 352  4 26 21 495 352.184971019      -0.88      0.69      0.44  0.       -4890.435       6566.257       3841.465    0.000  -0.139   0.381   0.
  2017 352  4 26 22 495 352.184982593      -0.87      1.06     -0.11  0.       -4891.221       6565.851       3839.993    0.000  -0.139   0.381   0.
  2017 352  4 26 23 496 352.184994167      -1.43      1.34      0.29  0.       -4892.006       6565.444       3838.520    0.000  -0.139   0.381   0.
  2017 352  4 26 24 496 352.185005741      -1.82      1.18      0.22  0.       -4892.790       6565.037       3837.047    0.000  -0.139   0.381   0.
  2017 352  4 26 25 496 352.185017315      -2.49      0.66      0.42  0.       -4893.574       6564.630       3835.574    0.000  -0.139   0.381   0.
  2017 352  4 26 26 496 352.185028889      -2.11      0.67      0.20  0.       -4894.359       6564.222       3834.101    0.000  -0.139   0.381   0.
  2017 352  4 26 27 496 352.185040463      -1.31      0.18     -0.10  0.       -4895.142       6563.814       3832.627    0.000  -0.139   0.381   0.
  2017 352  4 26 28 495 352.185052037      -1.18      0.58     -0.20  0.       -4895.926       6563.406       3831.153    0.000  -0.139   0.381   0.
  2017 352  4 26 29 495 352.185063611      -1.14      0.89     -0.43  0.       -4896.709       6562.997       3829.679    0.000  -0.139   0.381   0.
  2017 352  4 26 30 495 352.185075183      -0.75      1.30     -0.64  0.       -4897.492       6562.588       3828.205    0.000  -0.139   0.381   0.
  2017 352  4 26 31 495 352.185086756      -1.02      0.99     -1.03  0.       -4898.275       6562.178       3826.731    0.000  -0.139   0.381   0.
  2017 352  4 26 32 495 352.185098330      -1.07      0.40     -0.47  0.       -4899.057       6561.768       3825.256    0.000  -0.139   0.381   0.
  2017 352  4 26 33 495 352.185109905      -0.92      0.79      0.20  0.       -4899.839       6561.358       3823.781    0.000  -0.139   0.381   0.
  2017 352  4 26 34 495 352.185121479      -0.05      0.85     -0.34  0.       -4900.621       6560.947       3822.306    0.000  -0.139   0.381   0.
  2017 352  4 26 35 495 352.185133053      -0.54      0.82     -0.66  0.       -4901.402       6560.536       3820.830    0.000  -0.139   0.381   0.
  2017 352  4 26 36 495 352.185144627      -1.23      0.94     -0.64  0.       -4902.184       6560.124       3819.355    0.000  -0.139   0.381   0.
  2017 352  4 26 37 495 352.185156201      -1.68      1.00      0.01  0.       -4902.965       6559.712       3817.879    0.000  -0.139   0.381   0.
  2017 352  4 26 38 495 352.185167775      -1.18      0.92      0.19  0.       -4903.745       6559.300       3816.403    0.000  -0.139   0.381   0.
  2017 352  4 26 39 495 352.185179349      -1.44      1.39      0.54  0.       -4904.526       6558.887       3814.927    0.000  -0.139   0.381   0.
  2017 352  4 26 40 495 352.185190923      -1.21      1.39     -0.30  0.       -4905.306       6558.475       3813.450    0.000  -0.139   0.381   0.
  2017 352  4 26 41 495 352.185202497      -1.65      0.95     -0.62  0.       -4906.086       6558.061       3811.974    0.000  -0.139   0.381   0.
  2017 352  4 26 42 495 352.185214071      -2.07      1.34     -0.42  0.       -4906.865       6557.647       3810.497    0.000  -0.139   0.381   0.
  2017 352  4 26 43 495 352.185225645      -2.24      0.94     -0.53  0.       -4907.644       6557.233       3809.020    0.000  -0.139   0.381   0.
  2017 352  4 26 44 495 352.185237219      -2.03      1.37     -0.61  0.       -4908.423       6556.818       3807.542    0.000  -0.139   0.381   0.
  2017 352  4 26 45 495 352.185248793      -2.33      1.60     -1.25  0.       -4909.202       6556.403       3806.065    0.000  -0.139   0.381   0.
  2017 352  4 26 46 495 352.185260367      -1.77      1.86     -0.78  0.       -4909.980       6555.988       3804.587    0.000  -0.139   0.381   0.
  2017 352  4 26 47 495 352.185271942      -1.13      1.35      1.48  0.       -4910.758       6555.572       3803.109    0.000  -0.139   0.381   0.
  2017 352  4 26 48 495 352.185283516      -0.65      0.52      1.47  0.       -4911.536       6555.157       3801.631    0.000  -0.139   0.381   0.
  2017 352  4 26 49 495 352.185295090      -0.82      0.82      1.16  0.       -4912.314       6554.740       3800.152    0.000  -0.139   0.381   0.
  2017 352  4 26 50 495 352.185306664      -0.29      1.25      0.79  0.       -4913.091       6554.323       3798.674    0.000  -0.139   0.381   0.
  2017 352  4 26 51 495 352.185318238      -0.39      0.90      0.88  0.       -4913.868       6553.906       3797.195    0.000  -0.139   0.381   0.
  2017 352  4 26 52 495 352.185329812      -0.73      0.82      0.21  0.       -4914.645       6553.488       3795.716    0.000  -0.139   0.381   0.
  2017 352  4 26 53 495 352.185341386      -1.38      0.60     -0.23  0.       -4915.421       6553.070       3794.236    0.000  -0.139   0.381   0.
  2017 352  4 26 54 495 352.185352960      -1.41      0.83      0.18  0.       -4916.197       6552.652       3792.757    0.000  -0.139   0.381   0.
  2017 352  4 26 55 495 352.185364534      -1.87      1.23     -0.07  0.       -4916.973       6552.233       3791.277    0.000  -0.139   0.381   0.
  2017 352  4 26 56 495 352.185376108      -2.62      1.30     -0.81  0.       -4917.748       6551.814       3789.797    0.000  -0.139   0.381   0.
  2017 352  4 26 57 495 352.185387682      -2.83      1.34     -0.56  0.       -4918.524       6551.394       3788.317    0.000  -0.139   0.381   0.
  2017 352  4 26 58 495 352.185399256      -2.21      1.29      0.20  0.       -4919.299       6550.975       3786.836    0.000  -0.139   0.381   0.
  2017 352  4 26 59 495 352.185410830      -2.47      1.32      0.37  0.       -4920.073       6550.554       3785.356    0.000  -0.139   0.381   0.
  2017 352  4 27  0 495 352.185422402      -2.39      1.19      0.53  0.       -4920.848       6550.134       3783.875    0.000  -0.139   0.381   0.
  2017 352  4 27  1 495 352.185433976      -2.10      0.89      0.32  0.       -4921.622       6549.713       3782.394    0.000  -0.139   0.381   0.
  2017 352  4 27  2 495 352.185445550      -1.58      0.77      0.81  0.       -4922.396       6549.291       3780.912    0.000  -0.139   0.381   0.
  2017 352  4 27  3 495 352.185457124      -1.14      1.22      0.67  0.       -4923.169       6548.869       3779.431    0.000  -0.139   0.381   0.
  2017 352  4 27  4 495 352.185468698      -1.45      0.44     -0.29  0.       -4923.942       6548.447       3777.949    0.000  -0.139   0.381   0.
  2017 352  4 27  5 495 352.185480272      -1.51      0.43     -0.64  0.       -4924.715       6548.025       3776.467    0.000  -0.139   0.381   0.
  2017 352  4 27  6 495 352.185491846      -1.59      0.63     -0.36  0.       -4925.488       6547.601       3774.985    0.000  -0.139   0.381   0.
  2017 352  4 27  7 495 352.185503420      -1.75      1.26     -0.20  0.       -4926.260       6547.178       3773.502    0.000  -0.139   0.381   0.
  2017 352  4 27  8 495 352.185514994      -2.70      1.98     -0.00  0.       -4927.032       6546.755       3772.020    0.000  -0.139   0.381   0.
  2017 352  4 27  9 495 352.185526568      -2.73      2.32      0.26  0.       -4927.804       6546.330       3770.537    0.000  -0.139   0.381   0.
  2017 352  4 27 10 495 352.185538142      -2.46      1.97     -0.05  0.       -4928.576       6545.906       3769.054    0.000  -0.139   0.381   0.
  2017 352  4 27 11 495 352.185549716      -1.82      1.30     -0.03  0.       -4929.347       6545.481       3767.570    0.000  -0.139   0.381   0.
  2017 352  4 27 12 495 352.185561291      -1.35      0.64     -0.41  0.       -4930.118       6545.056       3766.087    0.000  -0.139   0.381   0.
  2017 352  4 27 13 495 352.185572865      -0.74      0.54     -0.83  0.       -4930.888       6544.630       3764.603    0.000  -0.139   0.381   0.
  2017 352  4 27 14 495 352.185584439      -1.58      1.01     -1.42  0.       -4931.659       6544.204       3763.119    0.000  -0.139   0.381   0.
  2017 352  4 27 15 495 352.185596013      -2.57      0.59     -0.84  0.       -4932.429       6543.778       3761.635    0.000  -0.139   0.381   0.
  2017 352  4 27 16 495 352.185607587      -2.44      0.96      0.15  0.       -4933.199       6543.351       3760.151    0.000  -0.139   0.381   0.
  2017 352  4 27 17 495 352.185619161      -2.09      1.39      0.56  0.       -4933.968       6542.924       3758.666    0.000  -0.139   0.381   0.
  2017 352  4 27 18 495 352.185630735      -1.92      1.58      0.36  0.       -4934.737       6542.496       3757.181    0.000  -0.139   0.381   0.
  2017 352  4 27 19 495 352.185642309      -1.53      1.18     -0.20  0.       -4935.506       6542.068       3755.696    0.000  -0.139   0.381   0.
  2017 352  4 27 20 495 352.185653883      -1.76      1.30     -0.54  0.       -4936.275       6541.640       3754.211    0.000  -0.139   0.381   0.
  2017 352  4 27 21 495 352.185665457      -2.51      1.21     -0.57  0.       -4937.043       6541.211       3752.725    0.000  -0.139   0.381   0.
  2017 352  4 27 22 495 352.185677031      -2.80      1.43     -0.22  0.       -4937.811       6540.782       3751.240    0.000  -0.139   0.381   0.
  2017 352  4 27 23 495 352.185688605      -2.22      1.51      0.08  0.       -4938.579       6540.353       3749.754    0.000  -0.139   0.381   0.
  2017 352  4 27 24 495 352.185700179      -1.72      1.85      0.24  0.       -4939.346       6539.923       3748.267    0.000  -0.139   0.381   0.
  2017 352  4 27 25 495 352.185711754      -0.93      1.54      0.27  0.       -4940.114       6539.493       3746.781    0.000  -0.139   0.381   0.
  2017 352  4 27 26 495 352.185723328      -0.74      1.18      0.35  0.       -4940.881       6539.062       3745.294    0.000  -0.139   0.381   0.
  2017 352  4 27 27 495 352.185734902      -1.02      1.03      0.21  0.       -4941.647       6538.631       3743.808    0.000  -0.139   0.381   0.
  2017 352  4 27 28 495 352.185746473      -1.60      0.27     -0.21  0.       -4942.413       6538.200       3742.321    0.000  -0.139   0.381   0.
  2017 352  4 27 29 495 352.185758047      -1.59      0.50     -0.08  0.       -4943.179       6537.768       3740.833    0.000  -0.139   0.381   0.
  2017 352  4 27 30 495 352.185769621      -2.00      0.99     -0.19  0.       -4943.945       6537.336       3739.346    0.000  -0.139   0.381   0.
  2017 352  4 27 31 495 352.185781195      -2.40      1.04     -0.39  0.       -4944.711       6536.903       3737.858    0.000  -0.139   0.381   0.
  2017 352  4 27 32 495 352.185792769      -2.71      1.01     -0.21  0.       -4945.476       6536.470       3736.370    0.000  -0.139   0.381   0.
  2017 352  4 27 33 495 352.185804343      -2.74      0.86      0.05  0.       -4946.241       6536.037       3734.882    0.000  -0.139   0.381   0.
  2017 352  4 27 34 495 352.185815917      -2.50      0.77      0.33  0.       -4947.005       6535.603       3733.394    0.000  -0.139   0.381   0.
  2017 352  4 27 35 495 352.185827491      -1.94     -0.04      0.52  0.       -4947.769       6535.169       3731.905    0.000  -0.139   0.381   0.
  2017 352  4 27 36 495 352.185839065      -1.30      0.23      0.78  0.       -4948.533       6534.735       3730.416    0.000  -0.139   0.381   0.
  2017 352  4 27 37 495 352.185850639      -1.96      0.85      0.77  0.       -4949.297       6534.300       3728.927    0.000  -0.139   0.381   0.
  2017 352  4 27 38 495 352.185862214      -2.12      1.20     -0.45  0.       -4950.061       6533.865       3727.438    0.000  -0.139   0.381   0.
  2017 352  4 27 39 495 352.185873788      -2.23      1.36     -0.50  0.       -4950.824       6533.429       3725.949    0.000  -0.139   0.381   0.
  2017 352  4 27 40 495 352.185885362      -2.23      1.57     -0.57  0.       -4951.586       6532.993       3724.459    0.000  -0.139   0.381   0.
  2017 352  4 27 41 495 352.185896936      -2.14      1.26     -0.43  0.       -4952.349       6532.557       3722.969    0.000  -0.139   0.381   0.
  2017 352  4 27 42 495 352.185908510      -1.25      0.64     -0.17  0.       -4953.111       6532.120       3721.479    0.000  -0.139   0.381   0.
  2017 352  4 27 43 495 352.185920084      -1.00      1.61     -0.30  0.       -4953.873       6531.683       3719.989    0.000  -0.139   0.381   0.
  2017 352  4 27 44 495 352.185931658      -1.91      1.27     -0.30  0.       -4954.635       6531.246       3718.498    0.000  -0.139   0.381   0.
  2017 352  4 27 45 495 352.185943232      -2.51      0.88      0.18  0.       -4955.396       6530.808       3717.007    0.000  -0.139   0.381   0.
  2017 352  4 27 46 495 352.185954806      -2.00      1.46     -0.36  0.       -4956.157       6530.369       3715.516    0.000  -0.139   0.381   0.
  2017 352  4 27 47 495 352.185966380      -1.86      1.34     -0.56  0.       -4956.918       6529.931       3714.025    0.000  -0.139   0.381   0.
  2017 352  4 27 48 495 352.185977954      -2.37      0.64     -0.04  0.       -4957.679       6529.492       3712.534    0.000  -0.139   0.381   0.
  2017 352  4 27 49 495 352.185989528      -1.54      1.04      0.95  0.       -4958.439       6529.052       3711.042    0.000  -0.139   0.381   0.
  2017 352  4 27 50 495 352.186001102      -0.59      1.79     -0.06  0.       -4959.199       6528.612       3709.550    0.000  -0.139   0.381   0.
  2017 352  4 27 51 495 352.186012677      -1.61      1.12     -0.41  0.       -4959.959       6528.172       3708.058    0.000  -0.139   0.381   0.
  2017 352  4 27 52 495 352.186024251      -1.75      1.08     -0.07  0.       -4960.718       6527.732       3706.566    0.000  -0.139   0.381   0.
  2017 352  4 27 53 495 352.186035825      -2.05      1.27      0.06  0.       -4961.477       6527.291       3705.073    0.000  -0.139   0.381   0.
  2017 352  4 27 54 495 352.186047399      -2.33      1.07      0.17  0.       -4962.236       6526.849       3703.581    0.000  -0.139   0.381   0.
  2017 352  4 27 55 495 352.186058973      -1.95      0.84     -0.03  0.       -4962.994       6526.408       3702.088    0.000  -0.139   0.381   0.
  2017 352  4 27 56 495 352.186070547      -1.95      1.04      0.34  0.       -4963.752       6525.966       3700.595    0.000  -0.139   0.381   0.
  2017 352  4 27 57 495 352.186082121      -2.66      1.03      0.76  0.       -4964.510       6525.523       3699.101    0.000  -0.139   0.381   0.
  2017 352  4 27 58 494 352.186093692      -2.83      1.40      0.76  0.       -4965.268       6525.080       3697.608    0.000  -0.139   0.381   0.
  2017 352  4 27 59 494 352.186105266      -2.64      1.13      0.52  0.       -4966.025       6524.637       3696.114    0.000  -0.139   0.381   0.
  2017 352  4 28  0 494 352.186116840      -2.44      0.74      0.60  0.       -4966.782       6524.193       3694.620    0.000  -0.139   0.381   0.
  2017 352  4 28  1 495 352.186128414      -1.92      0.73     -0.14  0.       -4967.539       6523.749       3693.126    0.000  -0.139   0.381   0.
  2017 352  4 28  2 495 352.186139988      -2.44      0.86     -0.19  0.       -4968.295       6523.305       3691.631    0.000  -0.139   0.381   0.
  2017 352  4 28  3 495 352.186151563      -2.70      1.08     -0.42  0.       -4969.051       6522.860       3690.136    0.000  -0.139   0.381   0.
  2017 352  4 28  4 494 352.186163137      -2.61      0.70      0.11  0.       -4969.807       6522.415       3688.642    0.000  -0.139   0.381   0.
  2017 352  4 28  5 495 352.186174711      -2.26     -0.16     -0.02  0.       -4970.563       6521.969       3687.146    0.000  -0.139   0.381   0.
  2017 352  4 28  6 495 352.186186285      -0.65     -0.88     -0.66  0.       -4971.318       6521.524       3685.651    0.000  -0.139   0.381   0.
  2017 352  4 28  7 495 352.186197859      -0.26     -0.02     -0.76  0.       -4972.073       6521.077       3684.156    0.000  -0.139   0.381   0.
  2017 352  4 28  8 495 352.186209433      -1.11      0.90     -0.55  0.       -4972.828       6520.631       3682.660    0.000  -0.139   0.381   0.
  2017 352  4 28  9 495 352.186221007      -1.92      0.56     -0.62  0.       -4973.582       6520.183       3681.164    0.000  -0.139   0.381   0.
  2017 352  4 28 10 494 352.186232581      -2.68      0.25     -0.71  0.       -4974.336       6519.736       3679.668    0.000  -0.139   0.381   0.
  2017 352  4 28 11 494 352.186244155      -2.68      0.49     -0.03  0.       -4975.090       6519.288       3678.171    0.000  -0.139   0.381   0.
  2017 352  4 28 12 494 352.186255729      -2.25      1.23      0.50  0.       -4975.843       6518.840       3676.675    0.000  -0.139   0.381   0.
  2017 352  4 28 13 494 352.186267303      -2.29      1.23      0.63  0.       -4976.597       6518.391       3675.178    0.000  -0.139   0.381   0.
  2017 352  4 28 14 494 352.186278877      -1.83      0.68      0.62  0.       -4977.349       6517.942       3673.681    0.000  -0.139   0.381   0.
  2017 352  4 28 15 495 352.186290451      -0.76      0.68     -0.04  0.       -4978.102       6517.493       3672.183    0.000  -0.139   0.381   0.
  2017 352  4 28 16 495 352.186302025      -1.57      0.51     -0.03  0.       -4978.854       6517.043       3670.686    0.000  -0.139   0.381   0.
  2017 352  4 28 17 494 352.186313600      -1.99      0.62      0.69  0.       -4979.606       6516.593       3669.188    0.000  -0.139   0.381   0.
  2017 352  4 28 18 494 352.186325174      -1.74      1.11     -0.04  0.       -4980.358       6516.142       3667.690    0.000  -0.139   0.381   0.
  2017 352  4 28 19 495 352.186336748      -1.86      0.80     -0.28  0.       -4981.110       6515.691       3666.192    0.000  -0.139   0.381   0.
  2017 352  4 28 20 495 352.186348322      -1.34      0.96     -1.07  0.       -4981.861       6515.240       3664.694    0.000  -0.139   0.381   0.
  2017 352  4 28 21 495 352.186359896      -1.86      0.50     -1.57  0.       -4982.611       6514.788       3663.195    0.000  -0.139   0.381   0.
  2017 352  4 28 22 495 352.186371470      -2.74      0.37     -1.07  0.       -4983.362       6514.336       3661.696    0.000  -0.139   0.381   0.
  2017 352  4 28 23 495 352.186383044      -3.08      0.77     -0.68  0.       -4984.112       6513.884       3660.197    0.000  -0.139   0.381   0.
  2017 352  4 28 24 494 352.186394618      -3.10      1.24     -0.98  0.       -4984.862       6513.431       3658.698    0.000  -0.139   0.381   0.
  2017 352  4 28 25 494 352.186406192      -3.12      1.88     -1.21  0.       -4985.612       6512.977       3657.199    0.000  -0.139   0.381   0.
  2017 352  4 28 26 494 352.186417766      -2.99      2.01     -1.23  0.       -4986.361       6512.524       3655.699    0.000  -0.139   0.381   0.
  2017 352  4 28 27 494 352.186429340      -2.57      1.86     -1.07  0.       -4987.110       6512.070       3654.199    0.000  -0.139   0.381   0.
  2017 352  4 28 28 495 352.186440912      -2.18      1.57     -0.12  0.       -4987.859       6511.615       3652.699    0.000  -0.139   0.381   0.
  2017 352  4 28 29 494 352.186452486      -1.98      1.60      0.53  0.       -4988.608       6511.161       3651.199    0.000  -0.139   0.381   0.
  2017 352  4 28 30 494 352.186464060      -2.20      1.85      0.98  0.       -4989.356       6510.705       3649.698    0.000  -0.139   0.381   0.
  2017 352  4 28 31 494 352.186475634      -2.20      1.46      0.58  0.       -4990.104       6510.250       3648.197    0.000  -0.139   0.381   0.
  2017 352  4 28 32 494 352.186487208      -2.08      0.88     -0.52  0.       -4990.851       6509.794       3646.696    0.000  -0.139   0.381   0.
  2017 352  4 28 33 494 352.186498782      -2.15      0.78     -0.80  0.       -4991.599       6509.338       3645.195    0.000  -0.139   0.381   0.
  2017 352  4 28 34 494 352.186510356      -2.24      1.20     -0.68  0.       -4992.346       6508.881       3643.694    0.000  -0.139   0.381   0.
  2017 352  4 28 35 494 352.186521930      -2.15      1.69     -0.92  0.       -4993.092       6508.424       3642.192    0.000  -0.139   0.381   0.
  2017 352  4 28 36 494 352.186533504      -2.36      1.87     -0.57  0.       -4993.839       6507.966       3640.690    0.000  -0.139   0.381   0.
  2017 352  4 28 37 494 352.186545078      -2.71      1.34     -0.57  0.       -4994.585       6507.508       3639.188    0.000  -0.139   0.381   0.
  2017 352  4 28 38 494 352.186556652      -2.70      1.32     -0.57  0.       -4995.331       6507.050       3637.686    0.000  -0.139   0.381   0.
  2017 352  4 28 39 494 352.186568226      -2.41      1.62     -0.50  0.       -4996.076       6506.591       3636.183    0.000  -0.139   0.381   0.
  2017 352  4 28 40 494 352.186579800      -2.40      1.83     -0.12  0.       -4996.822       6506.132       3634.681    0.000  -0.139   0.381   0.
  2017 352  4 28 41 494 352.186591374      -2.26      1.63      0.40  0.       -4997.566       6505.673       3633.178    0.000  -0.139   0.381   0.
  2017 352  4 28 42 494 352.186602948      -2.04      1.27      0.55  0.       -4998.311       6505.213       3631.675    0.000  -0.139   0.381   0.
  2017 352  4 28 43 494 352.186614523      -1.43      0.85      0.23  0.       -4999.055       6504.753       3630.172    0.000  -0.139   0.381   0.
  2017 352  4 28 44 494 352.186626097      -2.19      0.83     -0.12  0.       -4999.800       6504.292       3628.668    0.000  -0.139   0.381   0.
  2017 352  4 28 45 494 352.186637671      -2.40      0.70     -0.09  0.       -5000.543       6503.831       3627.164    0.000  -0.139   0.381   0.
  2017 352  4 28 46 494 352.186649245      -2.59      0.93     -0.13  0.       -5001.287       6503.370       3625.661    0.000  -0.139   0.381   0.
  2017 352  4 28 47 494 352.186660819      -2.81      1.24     -0.05  0.       -5002.030       6502.908       3624.156    0.000  -0.139   0.381   0.
  2017 352  4 28 48 494 352.186672393      -2.52      1.65     -0.08  0.       -5002.773       6502.446       3622.651    0.000  -0.139   0.381   0.
  2017 352  4 28 49 494 352.186683967      -2.14      1.31     -0.15  0.       -5003.515       6501.984       3621.147    0.000  -0.139   0.381   0.
  2017 352  4 28 50 494 352.186695541      -2.19      0.93      0.55  0.       -5004.258       6501.521       3619.642    0.000  -0.139   0.381   0.
  2017 352  4 28 51 494 352.186707115      -2.03      0.76      0.28  0.       -5005.000       6501.057       3618.137    0.000  -0.139   0.381   0.
  2017 352  4 28 52 494 352.186718689      -2.32      0.55     -0.19  0.       -5005.741       6500.594       3616.632    0.000  -0.139   0.381   0.
  2017 352  4 28 53 494 352.186730263      -1.84      0.69     -0.01  0.       -5006.483       6500.130       3615.126    0.000  -0.139   0.381   0.
  2017 352  4 28 54 494 352.186741837      -1.49      1.66     -0.18  0.       -5007.224       6499.665       3613.620    0.000  -0.139   0.381   0.
  2017 352  4 28 55 494 352.186753411      -1.80      1.70     -0.14  0.       -5007.964       6499.201       3612.115    0.000  -0.139   0.381   0.
  2017 352  4 28 56 494 352.186764986      -1.68      2.18      0.28  0.       -5008.705       6498.735       3610.608    0.000  -0.139   0.381   0.
  2017 352  4 28 57 494 352.186776560      -1.43      2.14     -0.20  0.       -5009.445       6498.270       3609.102    0.000  -0.139   0.381   0.
  2017 352  4 28 58 494 352.186788134      -1.39      0.89     -0.64  0.       -5010.185       6497.804       3607.595    0.000  -0.139   0.381   0.
  2017 352  4 28 59 494 352.186799708      -1.49      0.31     -0.51  0.       -5010.925       6497.337       3606.089    0.000  -0.139   0.381   0.
  2017 352  4 29  0 494 352.186811280      -1.44      1.17     -0.94  0.       -5011.664       6496.871       3604.582    0.000  -0.139   0.381   0.
  2017 352  4 29  1 494 352.186822853      -1.76      1.53     -0.74  0.       -5012.403       6496.403       3603.074    0.000  -0.139   0.381   0.
  2017 352  4 29  2 494 352.186834427      -2.20      1.91     -0.89  0.       -5013.142       6495.936       3601.567    0.000  -0.139   0.381   0.
  2017 352  4 29  3 494 352.186846001      -2.64      1.25     -0.47  0.       -5013.880       6495.468       3600.059    0.000  -0.139   0.381   0.
  2017 352  4 29  4 494 352.186857575      -2.55      0.66      0.53  0.       -5014.618       6495.000       3598.551    0.000  -0.139   0.381   0.
  2017 352  4 29  5 494 352.186869149      -1.69      0.75      0.56  0.       -5015.356       6494.531       3597.043    0.000  -0.139   0.381   0.
  2017 352  4 29  6 494 352.186880723      -1.34      0.75     -0.21  0.       -5016.093       6494.062       3595.535    0.000  -0.139   0.381   0.
  2017 352  4 29  7 494 352.186892297      -1.17      1.26     -1.08  0.       -5016.831       6493.592       3594.027    0.000  -0.139   0.381   0.
  2017 352  4 29  8 494 352.186903872      -1.09      1.26     -1.36  0.       -5017.568       6493.123       3592.518    0.000  -0.139   0.381   0.
  2017 352  4 29  9 494 352.186915446      -1.07      1.37     -0.98  0.       -5018.304       6492.652       3591.009    0.000  -0.139   0.381   0.
  2017 352  4 29 10 494 352.186927020      -1.25      1.23     -0.41  0.       -5019.041       6492.182       3589.500    0.000  -0.139   0.381   0.
  2017 352  4 29 11 494 352.186938594      -1.58      0.77     -0.33  0.       -5019.776       6491.711       3587.991    0.000  -0.139   0.381   0.
  2017 352  4 29 12 494 352.186950168      -2.31     -0.02     -0.21  0.       -5020.512       6491.239       3586.481    0.000  -0.139   0.381   0.
  2017 352  4 29 13 494 352.186961742      -2.88      0.22     -0.24  0.       -5021.247       6490.767       3584.971    0.000  -0.139   0.381   0.
  2017 352  4 29 14 494 352.186973316      -3.31      0.33     -0.17  0.       -5021.983       6490.295       3583.461    0.000  -0.139   0.381   0.
  2017 352  4 29 15 494 352.186984890      -2.80      0.98      0.34  0.       -5022.717       6489.823       3581.951    0.000  -0.139   0.381   0.
  2017 352  4 29 16 494 352.186996464      -2.28      0.78      0.07  0.       -5023.452       6489.350       3580.441    0.000  -0.139   0.381   0.
  2017 352  4 29 17 494 352.187008038      -0.92      1.38     -0.39  0.       -5024.186       6488.877       3578.930    0.000  -0.139   0.381   0.
  2017 352  4 29 18 494 352.187019612      -1.69      1.51     -0.37  0.       -5024.920       6488.403       3577.419    0.000  -0.139   0.381   0.
  2017 352  4 29 19 494 352.187031186      -1.39      1.54     -0.31  0.       -5025.654       6487.929       3575.908    0.000  -0.139   0.381   0.
  2017 352  4 29 20 494 352.187042760      -1.68      1.34     -0.49  0.       -5026.387       6487.454       3574.397    0.000  -0.139   0.381   0.
  2017 352  4 29 21 494 352.187054334      -1.60      1.66     -0.61  0.       -5027.120       6486.979       3572.885    0.000  -0.139   0.381   0.
  2017 352  4 29 22 494 352.187065909      -1.69      1.53     -0.83  0.       -5027.853       6486.504       3571.374    0.000  -0.139   0.381   0.
  2017 352  4 29 23 494 352.187077483      -2.42      1.39     -0.64  0.       -5028.585       6486.028       3569.862    0.000  -0.139   0.381   0.
  2017 352  4 29 24 494 352.187089057      -2.83      1.41     -0.12  0.       -5029.317       6485.552       3568.349    0.000  -0.139   0.381   0.
  2017 352  4 29 25 494 352.187100631      -3.09      1.43      0.16  0.       -5030.049       6485.076       3566.837    0.000  -0.139   0.381   0.
  2017 352  4 29 26 494 352.187112205      -2.84      1.46      0.41  0.       -5030.781       6484.599       3565.325    0.000  -0.139   0.381   0.
  2017 352  4 29 27 494 352.187123779      -2.45      1.91     -0.36  0.       -5031.512       6484.122       3563.812    0.000  -0.139   0.381   0.
  2017 352  4 29 28 494 352.187135353      -2.37      1.85     -1.22  0.       -5032.243       6483.644       3562.299    0.000  -0.139   0.381   0.
  2017 352  4 29 29 494 352.187146927      -2.10      1.32     -1.24  0.       -5032.973       6483.166       3560.786    0.000  -0.139   0.381   0.
  2017 352  4 29 30 494 352.187158499      -1.75      1.76     -0.77  0.       -5033.704       6482.688       3559.272    0.000  -0.139   0.381   0.
  2017 352  4 29 31 494 352.187170072      -1.84      0.85     -0.76  0.       -5034.434       6482.209       3557.759    0.000  -0.139   0.381   0.
  2017 352  4 29 32 494 352.187181646      -1.01      0.35     -0.04  0.       -5035.163       6481.730       3556.245    0.000  -0.139   0.381   0.
  2017 352  4 29 33 494 352.187193221      -1.03      0.52      0.24  0.       -5035.893       6481.251       3554.731    0.000  -0.139   0.381   0.
  2017 352  4 29 34 494 352.187204795      -1.39      0.58      0.06  0.       -5036.622       6480.771       3553.217    0.000  -0.139   0.381   0.
  2017 352  4 29 35 494 352.187216369      -1.20      0.77      0.67  0.       -5037.351       6480.290       3551.702    0.000  -0.139   0.381   0.
  2017 352  4 29 36 494 352.187227943      -1.49      0.65      0.98  0.       -5038.079       6479.809       3550.187    0.000  -0.139   0.381   0.
  2017 352  4 29 37 494 352.187239517      -1.59      0.76      0.46  0.       -5038.807       6479.328       3548.672    0.000  -0.139   0.381   0.
  2017 352  4 29 38 494 352.187251091      -2.16      0.81     -0.22  0.       -5039.535       6478.847       3547.157    0.000  -0.139   0.381   0.
  2017 352  4 29 39 494 352.187262665      -2.57      0.67     -0.40  0.       -5040.263       6478.365       3545.642    0.000  -0.139   0.381   0.
  2017 352  4 29 40 494 352.187274239      -1.87      0.63     -0.46  0.       -5040.990       6477.883       3544.126    0.000  -0.139   0.381   0.
  2017 352  4 29 41 494 352.187285813      -1.80      1.59     -0.35  0.       -5041.717       6477.400       3542.611    0.000  -0.139   0.381   0.
  2017 352  4 29 42 494 352.187297387      -2.19      1.92     -0.47  0.       -5042.444       6476.917       3541.095    0.000  -0.139   0.381   0.
  2017 352  4 29 43 494 352.187308961      -2.42      0.78     -0.49  0.       -5043.170       6476.434       3539.579    0.000  -0.139   0.381   0.
  2017 352  4 29 44 494 352.187320535      -2.01      0.94     -0.15  0.       -5043.896       6475.950       3538.062    0.000  -0.139   0.381   0.
  2017 352  4 29 45 494 352.187332109      -1.66      0.59     -0.93  0.       -5044.622       6475.466       3536.546    0.000  -0.139   0.381   0.
  2017 352  4 29 46 494 352.187343683      -1.86     -0.18     -1.24  0.       -5045.348       6474.981       3535.029    0.000  -0.139   0.381   0.
  2017 352  4 29 47 494 352.187355258      -1.98     -0.08     -0.83  0.       -5046.073       6474.496       3533.512    0.000  -0.139   0.381   0.
  2017 352  4 29 48 494 352.187366832      -1.83      0.20     -0.62  0.       -5046.798       6474.011       3531.995    0.000  -0.139   0.381   0.
  2017 352  4 29 49 494 352.187378406      -0.78      0.11     -0.71  0.       -5047.522       6473.525       3530.477    0.000  -0.139   0.381   0.
  2017 352  4 29 50 494 352.187389980      -1.28     -1.08     -0.12  0.       -5048.246       6473.039       3528.959    0.000  -0.139   0.381   0.
  2017 352  4 29 51 494 352.187401554      -2.11     -0.46     -0.11  0.       -5048.970       6472.552       3527.442    0.000  -0.139   0.381   0.
  2017 352  4 29 52 494 352.187413128      -1.70      0.09     -0.26  0.       -5049.694       6472.065       3525.923    0.000  -0.139   0.381   0.
  2017 352  4 29 53 494 352.187424702      -2.22      0.39     -0.24  0.       -5050.417       6471.578       3524.405    0.000  -0.139   0.381   0.
  2017 352  4 29 54 494 352.187436276      -2.54      0.67      0.02  0.       -5051.140       6471.091       3522.887    0.000  -0.139   0.381   0.
  2017 352  4 29 55 494 352.187447850      -2.36      0.09     -0.00  0.       -5051.863       6470.602       3521.368    0.000  -0.139   0.381   0.
  2017 352  4 29 56 494 352.187459424      -2.69      0.18      0.21  0.       -5052.586       6470.114       3519.849    0.000  -0.139   0.381   0.
  2017 352  4 29 57 494 352.187470998      -2.63      1.46      0.54  0.       -5053.308       6469.625       3518.330    0.000  -0.139   0.381   0.
  2017 352  4 29 58 494 352.187482572      -1.92      1.38      0.30  0.       -5054.030       6469.136       3516.810    0.000  -0.139   0.381   0.
  2017 352  4 29 59 494 352.187494146      -1.28      0.84     -0.94  0.       -5054.751       6468.646       3515.291    0.000  -0.139   0.381   0.
  2017 352  4 30  0 493 352.187505718      -1.90      0.41     -1.47  0.       -5055.472       6468.156       3513.771    0.000  -0.139   0.381   0.
  2017 352  4 30  1 494 352.187517292      -2.62      0.54     -1.24  0.       -5056.193       6467.666       3512.251    0.000  -0.139   0.381   0.
  2017 352  4 30  2 494 352.187528866      -3.03     -0.08      0.47  0.       -5056.914       6467.175       3510.731    0.000  -0.139   0.381   0.
  2017 352  4 30  3 494 352.187540440      -2.67     -0.42      0.65  0.       -5057.634       6466.684       3509.211    0.000  -0.139   0.381   0.
  2017 352  4 30  4 494 352.187552014      -2.78     -0.01     -0.34  0.       -5058.354       6466.192       3507.690    0.000  -0.139   0.381   0.
  2017 352  4 30  5 494 352.187563588      -3.32      1.26     -0.31  0.       -5059.074       6465.700       3506.169    0.000  -0.139   0.381   0.
  2017 352  4 30  6 493 352.187575162      -3.10      1.94     -0.38  0.       -5059.793       6465.208       3504.648    0.000  -0.139   0.381   0.
  2017 352  4 30  7 493 352.187586736      -3.02      2.07     -0.39  0.       -5060.512       6464.715       3503.127    0.000  -0.139   0.381   0.
  2017 352  4 30  8 493 352.187598310      -3.40      1.83     -1.07  0.       -5061.231       6464.222       3501.605    0.000  -0.139   0.381   0.
  2017 352  4 30  9 493 352.187609884      -3.49      0.72     -1.18  0.       -5061.950       6463.728       3500.084    0.000  -0.139   0.381   0.
  2017 352  4 30 10 493 352.187621458      -3.42      0.61     -1.18  0.       -5062.668       6463.235       3498.562    0.000  -0.139   0.381   0.
  2017 352  4 30 11 494 352.187633032      -3.65      0.82     -0.77  0.       -5063.386       6462.740       3497.040    0.000  -0.139   0.381   0.
  2017 352  4 30 12 494 352.187644606      -2.60      1.47     -0.03  0.       -5064.103       6462.246       3495.517    0.000  -0.139   0.381   0.
  2017 352  4 30 13 493 352.187656181      -0.94      1.56     -0.62  0.       -5064.821       6461.750       3493.995    0.000  -0.139   0.381   0.
  2017 352  4 30 14 493 352.187667755      -2.03      1.21     -0.91  0.       -5065.538       6461.255       3492.472    0.000  -0.139   0.381   0.
  2017 352  4 30 15 494 352.187679329      -2.31      0.60     -1.56  0.       -5066.254       6460.759       3490.949    0.000  -0.139   0.381   0.
  2017 352  4 30 16 494 352.187690903      -2.54      0.58     -1.21  0.       -5066.971       6460.263       3489.426    0.000  -0.139   0.381   0.
  2017 352  4 30 17 494 352.187702477      -2.53      0.64     -1.32  0.       -5067.687       6459.766       3487.903    0.000  -0.139   0.381   0.
  2017 352  4 30 18 494 352.187714051      -2.29     -0.08     -0.66  0.       -5068.402       6459.269       3486.379    0.000  -0.139   0.381   0.
  2017 352  4 30 19 493 352.187725625      -2.01     -0.78      0.41  0.       -5069.118       6458.772       3484.855    0.000  -0.139   0.381   0.
  2017 352  4 30 20 493 352.187737199      -2.24     -0.23      0.59  0.       -5069.833       6458.274       3483.331    0.000  -0.139   0.381   0.
  2017 352  4 30 21 493 352.187748773      -2.42      0.04     -0.36  0.       -5070.548       6457.776       3481.807    0.000  -0.139   0.381   0.
  2017 352  4 30 22 493 352.187760347      -3.87      0.37     -1.61  0.       -5071.262       6457.277       3480.283    0.000  -0.139   0.381   0.
  2017 352  4 30 23 493 352.187771921      -4.48      0.76     -1.77  0.       -5071.977       6456.778       3478.758    0.000  -0.139   0.381   0.
  2017 352  4 30 24 494 352.187783495      -4.63      0.55     -1.24  0.       -5072.691       6456.279       3477.233    0.000  -0.139   0.381   0.
  2017 352  4 30 25 494 352.187795069      -5.09      1.21     -0.38  0.       -5073.404       6455.779       3475.708    0.000  -0.139   0.381   0.
  2017 352  4 30 26 493 352.187806644      -4.00      2.38      0.05  0.       -5074.117       6455.279       3474.183    0.000  -0.139   0.381   0.
  2017 352  4 30 27 493 352.187818218      -3.22      2.40     -0.68  0.       -5074.830       6454.778       3472.657    0.000  -0.139   0.381   0.
  2017 352  4 30 28 494 352.187829792      -2.99      1.45     -1.22  0.       -5075.543       6454.277       3471.132    0.000  -0.139   0.381   0.
  2017 352  4 30 29 494 352.187841366      -2.99      1.30     -1.06  0.       -5076.255       6453.776       3469.606    0.000  -0.139   0.381   0.
  2017 352  4 30 30 494 352.187852938      -3.13      1.31     -0.52  0.       -5076.968       6453.274       3468.080    0.000  -0.139   0.381   0.
  2017 352  4 30 31 493 352.187864511      -2.84      1.04     -0.51  0.       -5077.679       6452.772       3466.553    0.000  -0.139   0.381   0.
  2017 352  4 30 32 493 352.187876085      -2.94      1.12     -1.20  0.       -5078.391       6452.270       3465.027    0.000  -0.139   0.381   0.
  2017 352  4 30 33 493 352.187887659      -3.73      1.60     -1.07  0.       -5079.102       6451.767       3463.500    0.000  -0.139   0.381   0.
  2017 352  4 30 34 493 352.187899233      -3.77      2.21     -0.89  0.       -5079.813       6451.264       3461.973    0.000  -0.139   0.381   0.
  2017 352  4 30 35 493 352.187910807      -3.22      2.04     -0.95  0.       -5080.523       6450.760       3460.446    0.000  -0.139   0.381   0.
  2017 352  4 30 36 493 352.187922381      -3.49      1.96     -0.52  0.       -5081.233       6450.256       3458.919    0.000  -0.139   0.381   0.
  2017 352  4 30 37 493 352.187933955      -3.68      2.13      0.08  0.       -5081.943       6449.751       3457.391    0.000  -0.139   0.381   0.
  2017 352  4 30 38 493 352.187945530      -3.52      2.08      0.18  0.       -5082.653       6449.247       3455.864    0.000  -0.139   0.381   0.
  2017 352  4 30 39 493 352.187957104      -3.78      2.05      0.29  0.       -5083.362       6448.741       3454.335    0.000  -0.139   0.381   0.
  2017 352  4 30 40 493 352.187968678      -3.25      1.14      0.27  0.       -5084.071       6448.236       3452.807    0.000  -0.139   0.381   0.
  2017 352  4 30 41 493 352.187980252      -2.48      0.70     -0.26  0.       -5084.780       6447.730       3451.279    0.000  -0.139   0.381   0.
  2017 352  4 30 42 493 352.187991826      -1.77      0.27     -1.36  0.       -5085.488       6447.223       3449.750    0.000  -0.139   0.381   0.
  2017 352  4 30 43 493 352.188003400      -1.75      0.26     -1.99  0.       -5086.196       6446.716       3448.222    0.000  -0.139   0.381   0.
  2017 352  4 30 44 493 352.188014974      -1.46     -0.21     -1.64  0.       -5086.904       6446.209       3446.693    0.000  -0.139   0.381   0.
  2017 352  4 30 45 493 352.188026548      -0.79     -0.11     -1.07  0.       -5087.612       6445.702       3445.163    0.000  -0.139   0.381   0.
  2017 352  4 30 46 493 352.188038122      -0.36      0.09     -0.27  0.       -5088.319       6445.194       3443.634    0.000  -0.139   0.381   0.
  2017 352  4 30 47 493 352.188049696      -1.21      1.42      0.19  0.       -5089.026       6444.685       3442.104    0.000  -0.139   0.381   0.
  2017 352  4 30 48 493 352.188061270      -1.85      2.38     -0.12  0.       -5089.732       6444.177       3440.574    0.000  -0.139   0.381   0.
  2017 352  4 30 49 493 352.188072844      -1.07      2.89     -1.31  0.       -5090.438       6443.668       3439.044    0.000  -0.139   0.381   0.
  2017 352  4 30 50 493 352.188084418      -1.20      2.41     -1.70  0.       -5091.144       6443.158       3437.514    0.000  -0.139   0.381   0.
  2017 352  4 30 51 493 352.188095992      -1.26      2.43     -1.37  0.       -5091.850       6442.648       3435.983    0.000  -0.139   0.381   0.
  2017 352  4 30 52 493 352.188107567      -1.29      1.41     -1.30  0.       -5092.555       6442.138       3434.453    0.000  -0.139   0.381   0.
  2017 352  4 30 53 493 352.188119141      -0.90      0.98     -1.09  0.       -5093.260       6441.627       3432.922    0.000  -0.139   0.381   0.
  2017 352  4 30 54 493 352.188130715      -0.76      1.12     -1.79  0.       -5093.965       6441.116       3431.391    0.000  -0.139   0.381   0.
  2017 352  4 30 55 493 352.188142289      -1.19      1.20     -0.70  0.       -5094.669       6440.605       3429.859    0.000  -0.139   0.381   0.
  2017 352  4 30 56 493 352.188153863      -1.45      2.26      0.13  0.       -5095.373       6440.093       3428.328    0.000  -0.139   0.381   0.
  2017 352  4 30 57 493 352.188165437      -2.45      3.43     -0.37  0.       -5096.077       6439.580       3426.796    0.000  -0.139   0.381   0.
  2017 352  4 30 58 493 352.188177011      -3.13      3.32     -1.78  0.       -5096.780       6439.068       3425.264    0.000  -0.139   0.381   0.
  2017 352  4 30 59 493 352.188188585      -2.36      2.51     -1.76  0.       -5097.484       6438.555       3423.732    0.000  -0.139   0.381   0.
  2017 352  4 31  0 493 352.188200157      -2.18      2.22     -1.02  0.       -5098.186       6438.041       3422.200    0.000  -0.139   0.381   0.
  2017 352  4 31  1 493 352.188211730      -2.18      1.73     -0.29  0.       -5098.889       6437.527       3420.667    0.000  -0.139   0.381   0.
  2017 352  4 31  2 493 352.188223304      -1.71      1.74      0.39  0.       -5099.591       6437.013       3419.134    0.000  -0.139   0.381   0.
  2017 352  4 31  3 493 352.188234879      -0.91      1.60      0.22  0.       -5100.293       6436.499       3417.601    0.000  -0.139   0.381   0.
  2017 352  4 31  4 493 352.188246453      -0.73      0.95      0.66  0.       -5100.995       6435.984       3416.068    0.000  -0.139   0.381   0.
  2017 352  4 31  5 493 352.188258027      -0.94      0.60      1.09  0.       -5101.696       6435.468       3414.535    0.000  -0.139   0.381   0.
  2017 352  4 31  6 493 352.188269601      -0.91      0.54      1.59  0.       -5102.397       6434.952       3413.001    0.000  -0.139   0.381   0.
  2017 352  4 31  7 493 352.188281175      -0.49      1.20      3.44  0.       -5103.097       6434.436       3411.467    0.000  -0.139   0.381   0.
  2017 352  4 31  8 493 352.188292749      -1.11      1.86      3.39  0.       -5103.798       6433.920       3409.933    0.000  -0.139   0.381   0.
  2017 352  4 31  9 493 352.188304323      -2.26      2.71      3.02  0.       -5104.498       6433.403       3408.399    0.000  -0.139   0.381   0.
  2017 352  4 31 10 493 352.188315897      -2.80      2.47      2.02  0.       -5105.197       6432.885       3406.865    0.000  -0.139   0.381   0.
  2017 352  4 31 11 493 352.188327471      -3.70      2.27      1.31  0.       -5105.897       6432.368       3405.330    0.000  -0.139   0.381   0.
  2017 352  4 31 12 493 352.188339045      -3.72      1.57      0.69  0.       -5106.596       6431.849       3403.795    0.000  -0.139   0.381   0.
  2017 352  4 31 13 493 352.188350619      -3.19      1.54      1.27  0.       -5107.295       6431.331       3402.260    0.000  -0.139   0.381   0.
  2017 352  4 31 14 493 352.188362193      -3.35      1.73      1.28  0.       -5107.993       6430.812       3400.725    0.000  -0.139   0.381   0.
  2017 352  4 31 15 493 352.188373767      -3.41      2.07      1.23  0.       -5108.691       6430.293       3399.189    0.000  -0.139   0.381   0.
  2017 352  4 31 16 493 352.188385341      -3.32      2.26      1.34  0.       -5109.389       6429.773       3397.654    0.000  -0.139   0.381   0.
  2017 352  4 31 17 493 352.188396915      -3.31      2.38      2.14  0.       -5110.087       6429.253       3396.118    0.000  -0.139   0.381   0.
  2017 352  4 31 18 493 352.188408490      -4.34      2.97      2.58  0.       -5110.784       6428.732       3394.582    0.000  -0.139   0.381   0.
  2017 352  4 31 19 493 352.188420064      -5.25      3.44      1.84  0.       -5111.481       6428.211       3393.045    0.000  -0.139   0.381   0.
  2017 352  4 31 20 493 352.188431638      -5.12      2.97      1.42  0.       -5112.177       6427.690       3391.509    0.000  -0.139   0.381   0.
  2017 352  4 31 21 493 352.188443212      -5.25      3.51      0.14  0.       -5112.874       6427.168       3389.972    0.000  -0.139   0.381   0.
  2017 352  4 31 22 493 352.188454786      -4.97      3.17     -1.39  0.       -5113.570       6426.646       3388.435    0.000  -0.139   0.381   0.
  2017 352  4 31 23 493 352.188466360      -4.13      2.89     -1.59  0.       -5114.265       6426.124       3386.898    0.000  -0.139   0.381   0.
  2017 352  4 31 24 493 352.188477934      -3.06      2.38     -2.02  0.       -5114.961       6425.601       3385.361    0.000  -0.139   0.381   0.
  2017 352  4 31 25 493 352.188489508      -1.60      1.33     -1.25  0.       -5115.656       6425.078       3383.823    0.000  -0.139   0.381   0.
  2017 352  4 31 26 493 352.188501082      -0.91      0.56     -0.02  0.       -5116.350       6424.554       3382.285    0.000  -0.139   0.381   0.
  2017 352  4 31 27 493 352.188512656      -1.14      0.67      0.41  0.       -5117.045       6424.030       3380.747    0.000  -0.139   0.381   0.
  2017 352  4 31 28 493 352.188524230      -1.00      0.50      0.36  0.       -5117.739       6423.506       3379.209    0.000  -0.139   0.381   0.
  2017 352  4 31 29 493 352.188535804      -0.20      0.25      0.59  0.       -5118.433       6422.981       3377.671    0.000  -0.139   0.381   0.
  2017 352  4 31 30 493 352.188547376      -0.29      0.31      1.46  0.       -5119.126       6422.456       3376.132    0.000  -0.139   0.381   0.
  2017 352  4 31 31 493 352.188558950      -0.13      0.27      1.46  0.       -5119.819       6421.930       3374.593    0.000  -0.139   0.381   0.
  2017 352  4 31 32 493 352.188570524       0.80      0.76      1.26  0.       -5120.512       6421.404       3373.054    0.000  -0.139   0.381   0.
  2017 352  4 31 33 493 352.188582098       0.84      0.50      0.87  0.       -5121.205       6420.878       3371.515    0.000  -0.139   0.381   0.
  2017 352  4 31 34 493 352.188593672       1.32      0.13      1.90  0.       -5121.897       6420.351       3369.976    0.000  -0.139   0.381   0.
  2017 352  4 31 35 493 352.188605246       1.17      1.69      2.79  0.       -5122.589       6419.824       3368.436    0.000  -0.139   0.381   0.
  2017 352  4 31 36 493 352.188616820       0.58      1.35      2.94  0.       -5123.280       6419.296       3366.896    0.000  -0.139   0.381   0.
  2017 352  4 31 37 493 352.188628394      -0.53      2.19      1.65  0.       -5123.972       6418.768       3365.356    0.000  -0.139   0.381   0.
  2017 352  4 31 38 493 352.188639968      -0.92      2.79      0.29  0.       -5124.663       6418.240       3363.816    0.000  -0.139   0.381   0.
  2017 352  4 31 39 493 352.188651542      -1.09      3.47     -0.17  0.       -5125.353       6417.711       3362.275    0.000  -0.139   0.381   0.
  2017 352  4 31 40 493 352.188663116      -0.43      3.45     -0.31  0.       -5126.044       6417.182       3360.735    0.000  -0.139   0.381   0.
  2017 352  4 31 41 493 352.188674690       0.31     -0.45      2.45  0.       -5126.734       6416.652       3359.194    0.000  -0.139   0.381   0.
  2017 352  4 31 42 493 352.188686264      -0.18      0.07      3.60  0.       -5127.423       6416.123       3357.653    0.000  -0.139   0.381   0.
  2017 352  4 31 43 493 352.188697839      -1.13      0.23      3.46  0.       -5128.113       6415.592       3356.112    0.000  -0.139   0.381   0.
  2017 352  4 31 44 493 352.188709413      -1.07      1.04      3.44  0.       -5128.802       6415.062       3354.570    0.000  -0.139   0.381   0.
  2017 352  4 31 45 493 352.188720987      -1.24      1.38      1.65  0.       -5129.491       6414.530       3353.029    0.000  -0.139   0.381   0.
  2017 352  4 31 46 493 352.188732561      -0.50      1.31      1.69  0.       -5130.179       6413.999       3351.487    0.000  -0.139   0.381   0.
  2017 352  4 31 47 493 352.188744135      -0.62      1.48      1.55  0.       -5130.867       6413.467       3349.945    0.000  -0.139   0.381   0.
  2017 352  4 31 48 493 352.188755709      -0.71      1.70      0.81  0.       -5131.555       6412.935       3348.402    0.000  -0.139   0.381   0.
  2017 352  4 31 49 493 352.188767283      -0.90      2.25      0.21  0.       -5132.243       6412.402       3346.860    0.000  -0.139   0.381   0.
  2017 352  4 31 50 493 352.188778857      -0.64      1.91     -0.92  0.       -5132.930       6411.869       3345.317    0.000  -0.139   0.381   0.
  2017 352  4 31 51 493 352.188790431      -0.77      1.78     -1.31  0.       -5133.617       6411.336       3343.774    0.000  -0.139   0.381   0.
  2017 352  4 31 52 493 352.188802005      -1.43      1.45      0.13  0.       -5134.303       6410.802       3342.231    0.000  -0.139   0.381   0.
  2017 352  4 31 53 493 352.188813579      -1.88      1.03      0.89  0.       -5134.989       6410.267       3340.688    0.000  -0.139   0.381   0.
  2017 352  4 31 54 493 352.188825153      -2.66      0.66      1.06  0.       -5135.675       6409.733       3339.144    0.000  -0.139   0.381   0.
  2017 352  4 31 55 493 352.188836727      -2.13      0.34      1.29  0.       -5136.361       6409.198       3337.600    0.000  -0.139   0.381   0.
  2017 352  4 31 56 493 352.188848302      -1.68      0.48      1.85  0.       -5137.046       6408.662       3336.056    0.000  -0.139   0.381   0.
  2017 352  4 31 57 493 352.188859876      -1.16      0.93      1.86  0.       -5137.731       6408.126       3334.512    0.000  -0.139   0.381   0.
  2017 352  4 31 58 493 352.188871450      -0.30      1.55      1.25  0.       -5138.416       6407.590       3332.968    0.000  -0.139   0.381   0.
  2017 352  4 31 59 493 352.188883024      -0.22      2.12      1.77  0.       -5139.100       6407.054       3331.423    0.000  -0.139   0.381   0.
  2017 352  4 32  0 493 352.188894595      -1.03      2.45      1.92  0.       -5139.784       6406.517       3329.879    0.000  -0.139   0.381   0.
  2017 352  4 32  1 493 352.188906169      -1.75      1.36      1.55  0.       -5140.468       6405.979       3328.334    0.000  -0.139   0.381   0.
  2017 352  4 32  2 492 352.188917743      -1.98      1.30      3.08  0.       -5141.151       6405.441       3326.789    0.000  -0.139   0.381   0.
  2017 352  4 32  3 492 352.188929317      -1.16      1.88      2.76  0.       -5141.834       6404.903       3325.243    0.000  -0.139   0.381   0.
  2017 352  4 32  4 492 352.188940891      -1.58      0.74      1.32  0.       -5142.517       6404.365       3323.698    0.000  -0.139   0.381   0.
  2017 352  4 32  5 492 352.188952465      -1.67      1.17      1.44  0.       -5143.200       6403.826       3322.152    0.000  -0.139   0.381   0.
  2017 352  4 32  6 493 352.188964039      -1.65      1.77      0.93  0.       -5143.882       6403.286       3320.606    0.000  -0.139   0.381   0.
  2017 352  4 32  7 493 352.188975613      -3.66      1.24      1.18  0.       -5144.564       6402.746       3319.060    0.000  -0.139   0.381   0.
  2017 352  4 32  8 493 352.188987188      -2.19      1.66      2.02  0.       -5145.245       6402.206       3317.513    0.000  -0.139   0.381   0.
  2017 352  4 32  9 492 352.188998762      -2.02      1.38      1.36  0.       -5145.926       6401.666       3315.966    0.000  -0.139   0.381   0.
  2017 352  4 32 10 493 352.189010336      -1.92      1.05      0.80  0.       -5146.607       6401.125       3314.420    0.000  -0.139   0.381   0.
  2017 352  4 32 11 493 352.189021910      -2.43      0.87      0.36  0.       -5147.288       6400.583       3312.873    0.000  -0.139   0.381   0.
  2017 352  4 32 12 493 352.189033484      -3.61      1.36      1.09  0.       -5147.968       6400.042       3311.326    0.000  -0.139   0.381   0.
  2017 352  4 32 13 493 352.189045058      -3.33      1.07      1.79  0.       -5148.648       6399.500       3309.778    0.000  -0.139   0.381   0.
  2017 352  4 32 14 493 352.189056632      -2.35      0.67      3.27  0.       -5149.327       6398.957       3308.231    0.000  -0.139   0.381   0.
  2017 352  4 32 15 492 352.189068206      -1.74      0.70      3.54  0.       -5150.007       6398.414       3306.683    0.000  -0.139   0.381   0.
  2017 352  4 32 16 492 352.189079780      -1.28      0.86      3.13  0.       -5150.686       6397.871       3305.135    0.000  -0.139   0.381   0.
  2017 352  4 32 17 492 352.189091354      -1.88      0.86      2.28  0.       -5151.364       6397.328       3303.586    0.000  -0.139   0.381   0.
  2017 352  4 32 18 492 352.189102928      -2.32      0.73      2.26  0.       -5152.043       6396.783       3302.038    0.000  -0.139   0.381   0.
  2017 352  4 32 19 492 352.189114502      -2.49      0.80      2.13  0.       -5152.721       6396.239       3300.489    0.000  -0.139   0.381   0.
  2017 352  4 32 20 493 352.189126076      -1.29      0.70      1.78  0.       -5153.398       6395.694       3298.941    0.000  -0.139   0.381   0.
  2017 352  4 32 21 493 352.189137650      -0.34      0.73      0.61  0.       -5154.076       6395.148       3297.391    0.000  -0.139   0.381   0.
  2017 352  4 32 22 492 352.189149225      -0.81      0.77      0.27  0.       -5154.753       6394.603       3295.842    0.000  -0.139   0.381   0.
  2017 352  4 32 23 492 352.189160799      -1.63      1.09      0.84  0.       -5155.429       6394.056       3294.293    0.000  -0.139   0.381   0.
  2017 352  4 32 24 493 352.189172373      -2.10      1.24      1.43  0.       -5156.106       6393.510       3292.743    0.000  -0.139   0.381   0.
  2017 352  4 32 25 493 352.189183947      -1.71      1.09      1.95  0.       -5156.782       6392.963       3291.193    0.000  -0.139   0.381   0.
  2017 352  4 32 26 493 352.189195521      -1.71      1.40      1.38  0.       -5157.458       6392.416       3289.643    0.000  -0.139   0.381   0.
  2017 352  4 32 27 493 352.189207095      -1.97      1.83      1.21  0.       -5158.133       6391.868       3288.093    0.000  -0.139   0.381   0.
  2017 352  4 32 28 493 352.189218669      -2.40      1.61      0.89  0.       -5158.808       6391.320       3286.542    0.000  -0.139   0.381   0.
  2017 352  4 32 29 492 352.189230243      -2.60      1.13      1.02  0.       -5159.483       6390.772       3284.992    0.000  -0.139   0.381   0.
  2017 352  4 32 30 492 352.189241815      -2.36      1.83      0.91  0.       -5160.158       6390.223       3283.441    0.000  -0.139   0.381   0.
  2017 352  4 32 31 492 352.189253388      -0.90      0.97      0.33  0.       -5160.832       6389.674       3281.890    0.000  -0.139   0.381   0.
  2017 352  4 32 32 492 352.189264962      -1.29      1.04      0.59  0.       -5161.506       6389.124       3280.338    0.000  -0.139   0.381   0.
  2017 352  4 32 33 492 352.189276536      -2.07      2.29     -1.22  0.       -5162.179       6388.574       3278.787    0.000  -0.139   0.381   0.
  2017 352  4 32 34 492 352.189288111      -1.12      1.07     -1.85  0.       -5162.853       6388.023       3277.235    0.000  -0.139   0.381   0.
  2017 352  4 32 35 492 352.189299685      -1.38      0.38     -1.93  0.       -5163.526       6387.473       3275.684    0.000  -0.139   0.381   0.
  2017 352  4 32 36 492 352.189311259      -1.06      0.23     -2.67  0.       -5164.198       6386.921       3274.131    0.000  -0.139   0.381   0.
  2017 352  4 32 37 492 352.189322833      -1.02      0.11     -1.36  0.       -5164.870       6386.370       3272.579    0.000  -0.139   0.381   0.
  2017 352  4 32 38 492 352.189334407      -0.90     -0.00     -1.88  0.       -5165.543       6385.818       3271.026    0.000  -0.139   0.381   0.
  2017 352  4 32 39 492 352.189345981       0.10      0.22     -1.07  0.       -5166.214       6385.265       3269.474    0.000  -0.139   0.381   0.
  2017 352  4 32 40 492 352.189357555      -0.11      0.85     -0.73  0.       -5166.885       6384.712       3267.921    0.000  -0.139   0.381   0.
  2017 352  4 32 41 492 352.189369129      -1.49      1.06     -0.18  0.       -5167.556       6384.159       3266.368    0.000  -0.139   0.381   0.
  2017 352  4 32 42 492 352.189380703      -0.74      1.30      0.67  0.       -5168.227       6383.606       3264.814    0.000  -0.139   0.381   0.
  2017 352  4 32 43 492 352.189392277      -0.61      1.54      0.73  0.       -5168.897       6383.052       3263.261    0.000  -0.139   0.381   0.
  2017 352  4 32 44 492 352.189403851      -0.43      0.83     -0.31  0.       -5169.567       6382.497       3261.707    0.000  -0.139   0.381   0.
  2017 352  4 32 45 492 352.189415425      -1.66      1.34      0.89  0.       -5170.237       6381.943       3260.153    0.000  -0.139   0.381   0.
  2017 352  4 32 46 492 352.189426999      -1.85      1.59      1.17  0.       -5170.906       6381.387       3258.599    0.000  -0.139   0.381   0.
  2017 352  4 32 47 492 352.189438573      -2.44      2.05      0.75  0.       -5171.575       6380.832       3257.045    0.000  -0.139   0.381   0.
  2017 352  4 32 48 492 352.189450148      -2.47      1.66      0.61  0.       -5172.244       6380.276       3255.490    0.000  -0.139   0.381   0.
  2017 352  4 32 49 492 352.189461722      -2.87      1.20      0.59  0.       -5172.912       6379.719       3253.935    0.000  -0.139   0.381   0.
  2017 352  4 32 50 492 352.189473296      -2.87      0.57      0.37  0.       -5173.581       6379.163       3252.380    0.000  -0.139   0.381   0.
  2017 352  4 32 51 492 352.189484870      -3.27      0.74      0.19  0.       -5174.248       6378.605       3250.825    0.000  -0.139   0.381   0.
  2017 352  4 32 52 492 352.189496444      -3.40      1.29      0.86  0.       -5174.916       6378.048       3249.270    0.000  -0.139   0.381   0.
  2017 352  4 32 53 492 352.189508018      -3.08      1.56      0.80  0.       -5175.583       6377.490       3247.714    0.000  -0.139   0.381   0.
  2017 352  4 32 54 492 352.189519592      -2.92      1.74      0.50  0.       -5176.250       6376.932       3246.159    0.000  -0.139   0.381   0.
  2017 352  4 32 55 492 352.189531166      -2.97      1.76     -0.10  0.       -5176.916       6376.373       3244.603    0.000  -0.139   0.381   0.
  2017 352  4 32 56 492 352.189542740      -2.95      1.24     -0.65  0.       -5177.582       6375.814       3243.047    0.000  -0.139   0.381   0.
  2017 352  4 32 57 492 352.189554314      -1.22     -0.64     -1.24  0.       -5178.248       6375.254       3241.490    0.000  -0.139   0.381   0.
  2017 352  4 32 58 492 352.189565888       1.79     -1.78     -1.22  0.       -5178.914       6374.694       3239.934    0.000  -0.139   0.381   0.
  2017 352  4 32 59 492 352.189577462       0.68     -0.21     -0.76  0.       -5179.579       6374.134       3238.377    0.000  -0.139   0.381   0.
  2017 352  4 33  0 492 352.189589034       0.57      0.52     -0.84  0.       -5180.244       6373.573       3236.820    0.000  -0.139   0.381   0.
  2017 352  4 33  1 492 352.189600608      -1.37      0.99      1.32  0.       -5180.908       6373.012       3235.263    0.000  -0.139   0.381   0.
  2017 352  4 33  2 492 352.189612182      -2.78      2.92      2.00  0.       -5181.573       6372.450       3233.705    0.000  -0.139   0.381   0.
  2017 352  4 33  3 492 352.189623756      -2.92      3.12      1.43  0.       -5182.236       6371.889       3232.148    0.000  -0.139   0.381   0.
  2017 352  4 33  4 492 352.189635330      -3.00      2.96      1.06  0.       -5182.900       6371.326       3230.590    0.000  -0.139   0.381   0.
  2017 352  4 33  5 492 352.189646904      -2.99      3.09      1.30  0.       -5183.563       6370.763       3229.032    0.000  -0.139   0.381   0.
  2017 352  4 33  6 492 352.189658478      -2.96      2.59      1.31  0.       -5184.226       6370.200       3227.474    0.000  -0.139   0.381   0.
  2017 352  4 33  7 492 352.189670052      -3.10      2.49      1.07  0.       -5184.889       6369.637       3225.916    0.000  -0.139   0.381   0.
  2017 352  4 33  8 492 352.189681626      -3.31      2.15      1.10  0.       -5185.551       6369.073       3224.357    0.000  -0.139   0.381   0.
  2017 352  4 33  9 492 352.189693200      -3.32      1.83      1.38  0.       -5186.213       6368.509       3222.798    0.000  -0.139   0.381   0.
  2017 352  4 33 10 492 352.189704774      -2.57      1.32      0.89  0.       -5186.875       6367.944       3221.239    0.000  -0.139   0.381   0.
  2017 352  4 33 11 492 352.189716348      -3.13      1.32      0.76  0.       -5187.536       6367.379       3219.680    0.000  -0.139   0.381   0.
  2017 352  4 33 12 492 352.189727923      -3.46      1.32      0.17  0.       -5188.197       6366.813       3218.121    0.000  -0.139   0.381   0.
  2017 352  4 33 13 492 352.189739497      -3.98      1.68     -0.02  0.       -5188.858       6366.247       3216.561    0.000  -0.139   0.381   0.
  2017 352  4 33 14 492 352.189751071      -4.38      1.74     -0.46  0.       -5189.518       6365.681       3215.001    0.000  -0.139   0.381   0.
  2017 352  4 33 15 492 352.189762645      -3.87      1.84     -0.41  0.       -5190.178       6365.114       3213.441    0.000  -0.139   0.381   0.
  2017 352  4 33 16 492 352.189774219      -3.57      1.54     -0.46  0.       -5190.838       6364.547       3211.881    0.000  -0.139   0.381   0.
  2017 352  4 33 17 492 352.189785793      -2.86      0.87     -0.54  0.       -5191.497       6363.980       3210.321    0.000  -0.139   0.381   0.
  2017 352  4 33 18 492 352.189797367      -1.90      0.98     -0.83  0.       -5192.156       6363.412       3208.760    0.000  -0.139   0.381   0.
  2017 352  4 33 19 492 352.189808941      -1.11     -0.01     -0.51  0.       -5192.815       6362.844       3207.200    0.000  -0.139   0.381   0.
  2017 352  4 33 20 492 352.189820515       0.30      0.19     -0.22  0.       -5193.474       6362.275       3205.639    0.000  -0.139   0.381   0.
  2017 352  4 33 21 492 352.189832089       0.18      0.34      0.42  0.       -5194.132       6361.706       3204.077    0.000  -0.139   0.381   0.
  2017 352  4 33 22 492 352.189843663      -1.20      0.34      0.59  0.       -5194.789       6361.136       3202.516    0.000  -0.139   0.381   0.
  2017 352  4 33 23 492 352.189855237      -2.40      0.71      0.53  0.       -5195.447       6360.567       3200.954    0.000  -0.139   0.381   0.
  2017 352  4 33 24 492 352.189866811      -2.93      0.46      0.25  0.       -5196.104       6359.996       3199.393    0.000  -0.139   0.381   0.
  2017 352  4 33 25 492 352.189878385      -3.03      0.72     -0.31  0.       -5196.761       6359.426       3197.831    0.000  -0.139   0.381   0.
  2017 352  4 33 26 492 352.189889959      -2.75      1.11     -0.94  0.       -5197.417       6358.855       3196.269    0.000  -0.139   0.381   0.
  2017 352  4 33 27 492 352.189901534      -2.81      0.93     -1.31  0.       -5198.074       6358.283       3194.706    0.000  -0.139   0.381   0.
  2017 352  4 33 28 492 352.189913108      -2.92      0.60     -1.37  0.       -5198.729       6357.711       3193.144    0.000  -0.139   0.381   0.
  2017 352  4 33 29 492 352.189924682      -2.97      0.45     -1.07  0.       -5199.385       6357.139       3191.581    0.000  -0.139   0.381   0.
  2017 352  4 33 30 492 352.189936253      -2.42      0.29     -0.96  0.       -5200.040       6356.566       3190.018    0.000  -0.139   0.381   0.
  2017 352  4 33 31 492 352.189947827      -1.70      0.18     -0.89  0.       -5200.695       6355.993       3188.455    0.000  -0.139   0.381   0.
  2017 352  4 33 32 492 352.189959401      -2.51     -0.20     -0.31  0.       -5201.349       6355.420       3186.891    0.000  -0.139   0.381   0.
  2017 352  4 33 33 492 352.189970975      -3.12     -0.32     -0.30  0.       -5202.003       6354.846       3185.328    0.000  -0.139   0.381   0.
  2017 352  4 33 34 492 352.189982549      -3.57     -1.11     -0.12  0.       -5202.657       6354.272       3183.764    0.000  -0.139   0.381   0.
  2017 352  4 33 35 492 352.189994123      -3.39     -1.18     -0.43  0.       -5203.311       6353.697       3182.200    0.000  -0.139   0.381   0.
  2017 352  4 33 36 492 352.190005697      -3.24     -1.14     -0.36  0.       -5203.964       6353.122       3180.636    0.000  -0.139   0.381   0.
  2017 352  4 33 37 492 352.190017271      -2.88     -1.44     -0.76  0.       -5204.617       6352.547       3179.071    0.000  -0.139   0.381   0.
  2017 352  4 33 38 492 352.190028845      -2.47     -1.94     -1.10  0.       -5205.269       6351.971       3177.507    0.000  -0.139   0.381   0.
  2017 352  4 33 39 492 352.190040420      -2.93     -2.50     -1.51  0.       -5205.921       6351.394       3175.942    0.000  -0.139   0.381   0.
  2017 352  4 33 40 492 352.190051994      -2.63     -2.86     -1.80  0.       -5206.573       6350.818       3174.377    0.000  -0.139   0.381   0.
  2017 352  4 33 41 492 352.190063568      -2.71     -2.81     -1.43  0.       -5207.225       6350.241       3172.812    0.000  -0.139   0.381   0.
  2017 352  4 33 42 492 352.190075142      -2.82     -1.20      0.35  0.       -5207.876       6349.663       3171.246    0.000  -0.139   0.381   0.
  2017 352  4 33 43 492 352.190086716      -2.18     -0.30      0.76  0.       -5208.527       6349.085       3169.681    0.000  -0.139   0.381   0.
  2017 352  4 33 44 492 352.190098290      -1.92      0.18      1.09  0.       -5209.178       6348.507       3168.115    0.000  -0.139   0.381   0.
  2017 352  4 33 45 492 352.190109864      -2.45      0.39      1.88  0.       -5209.828       6347.929       3166.549    0.000  -0.139   0.381   0.
  2017 352  4 33 46 492 352.190121438      -2.74      1.00      2.78  0.       -5210.478       6347.350       3164.983    0.000  -0.139   0.381   0.
  2017 352  4 33 47 492 352.190133012      -3.96      1.46      3.88  0.       -5211.128       6346.770       3163.417    0.000  -0.139   0.381   0.
  2017 352  4 33 48 492 352.190144586      -4.07      1.46      3.59  0.       -5211.777       6346.190       3161.850    0.000  -0.139   0.381   0.
  2017 352  4 33 49 492 352.190156160      -2.99      2.18      3.62  0.       -5212.426       6345.610       3160.283    0.000  -0.139   0.381   0.
  2017 352  4 33 50 492 352.190167734      -1.08      3.79      5.35  0.       -5213.074       6345.029       3158.716    0.000  -0.139   0.381   0.
  2017 352  4 33 51 492 352.190179308      -0.98      5.97      7.01  0.       -5213.723       6344.448       3157.149    0.000  -0.139   0.381   0.
  2017 352  4 33 52 492 352.190190883      -2.19      5.18      8.36  0.       -5214.371       6343.867       3155.582    0.000  -0.139   0.381   0.
  2017 352  4 33 53 492 352.190202457      -1.98      4.47      8.62  0.       -5215.018       6343.285       3154.015    0.000  -0.139   0.381   0.
  2017 352  4 33 54 492 352.190214031      -2.21      3.69      7.07  0.       -5215.666       6342.703       3152.447    0.000  -0.139   0.381   0.
  2017 352  4 33 55 492 352.190225605      -1.74      5.30      7.13  0.       -5216.313       6342.120       3150.879    0.000  -0.139   0.381   0.
  2017 352  4 33 56 492 352.190237179      -1.28      4.78      6.60  0.       -5216.959       6341.537       3149.311    0.000  -0.139   0.381   0.
  2017 352  4 33 57 492 352.190248753      -0.99      4.61      5.63  0.       -5217.606       6340.954       3147.742    0.000  -0.139   0.381   0.
  2017 352  4 33 58 492 352.190260327      -1.38      4.22      4.45  0.       -5218.252       6340.370       3146.173    0.000  -0.139   0.381   0.
  2017 352  4 33 59 492 352.190271901      -1.39      4.96      3.80  0.       -5218.897       6339.786       3144.605    0.000  -0.139   0.381   0.
  2017 352  4 34  0 491 352.190283473      -1.27      5.42      2.24  0.       -5219.543       6339.201       3143.036    0.000  -0.139   0.381   0.
  2017 352  4 34  1 491 352.190295046      -1.75      5.49      2.05  0.       -5220.188       6338.616       3141.467    0.000  -0.139   0.381   0.
  2017 352  4 34  2 492 352.190306620      -0.72      4.18      0.82  0.       -5220.832       6338.031       3139.897    0.000  -0.139   0.381   0.
  2017 352  4 34  3 492 352.190318194      -0.76      2.32      1.08  0.       -5221.477       6337.445       3138.328    0.000  -0.139   0.381   0.
  2017 352  4 34  4 491 352.190329769       0.21      3.12      1.86  0.       -5222.121       6336.859       3136.758    0.000  -0.139   0.381   0.
  2017 352  4 34  5 491 352.190341343       0.84      3.22      0.23  0.       -5222.765       6336.272       3135.188    0.000  -0.139   0.381   0.
  2017 352  4 34  6 492 352.190352917       0.41      2.17     -1.17  0.       -5223.408       6335.685       3133.618    0.000  -0.139   0.381   0.
  2017 352  4 34  7 492 352.190364491       0.84      2.88     -1.23  0.       -5224.051       6335.098       3132.048    0.000  -0.139   0.381   0.
  2017 352  4 34  8 492 352.190376065      -0.08      3.70     -1.56  0.       -5224.694       6334.510       3130.477    0.000  -0.139   0.381   0.
  2017 352  4 34  9 492 352.190387639      -1.06      3.56     -2.49  0.       -5225.336       6333.922       3128.906    0.000  -0.139   0.381   0.
  2017 352  4 34 10 492 352.190399213      -1.37      3.64     -1.61  0.       -5225.978       6333.333       3127.335    0.000  -0.139   0.381   0.
  2017 352  4 34 11 491 352.190410787      -1.91      1.59     -0.94  0.       -5226.620       6332.744       3125.764    0.000  -0.139   0.381   0.
  2017 352  4 34 12 491 352.190422361      -1.97      2.96      0.29  0.       -5227.261       6332.155       3124.193    0.000  -0.139   0.381   0.
  2017 352  4 34 13 491 352.190433935      -1.82      3.78      0.52  0.       -5227.902       6331.565       3122.621    0.000  -0.139   0.381   0.
  2017 352  4 34 14 491 352.190445509      -1.94      3.84     -0.16  0.       -5228.543       6330.974       3121.050    0.000  -0.139   0.381   0.
  2017 352  4 34 15 491 352.190457083      -2.04      4.00      0.33  0.       -5229.183       6330.384       3119.478    0.000  -0.139   0.381   0.
  2017 352  4 34 16 492 352.190468657      -2.23      3.56      0.03  0.       -5229.823       6329.793       3117.906    0.000  -0.139   0.381   0.
  2017 352  4 34 17 492 352.190480231      -1.78      2.57     -0.53  0.       -5230.463       6329.201       3116.333    0.000  -0.139   0.381   0.
  2017 352  4 34 18 491 352.190491806      -0.98      1.82     -0.45  0.       -5231.103       6328.609       3114.761    0.000  -0.139   0.381   0.
  2017 352  4 34 19 491 352.190503380      -0.89      2.45     -1.15  0.       -5231.742       6328.017       3113.188    0.000  -0.139   0.381   0.
  2017 352  4 34 20 492 352.190514954      -1.39      2.49     -0.57  0.       -5232.380       6327.425       3111.615    0.000  -0.139   0.381   0.
  2017 352  4 34 21 492 352.190526528      -2.04      2.03     -0.20  0.       -5233.019       6326.832       3110.042    0.000  -0.139   0.381   0.
  2017 352  4 34 22 492 352.190538102      -1.35      1.58      0.72  0.       -5233.657       6326.238       3108.469    0.000  -0.139   0.381   0.
  2017 352  4 34 23 492 352.190549676      -1.99      2.03      0.87  0.       -5234.295       6325.645       3106.895    0.000  -0.139   0.381   0.
  2017 352  4 34 24 491 352.190561250      -1.66      0.59      0.55  0.       -5234.932       6325.050       3105.322    0.000  -0.139   0.381   0.
  2017 352  4 34 25 491 352.190572824      -1.51      0.56      1.76  0.       -5235.569       6324.456       3103.748    0.000  -0.139   0.381   0.
  2017 352  4 34 26 491 352.190584398      -1.97     -0.15      1.81  0.       -5236.206       6323.861       3102.174    0.000  -0.139   0.381   0.
  2017 352  4 34 27 491 352.190595972      -1.13      0.04      0.61  0.       -5236.842       6323.265       3100.599    0.000  -0.139   0.381   0.
  2017 352  4 34 28 491 352.190607546      -0.50      1.02      0.51  0.       -5237.478       6322.669       3099.025    0.000  -0.139   0.381   0.
  2017 352  4 34 29 492 352.190619120      -0.55      1.17      0.58  0.       -5238.114       6322.073       3097.450    0.000  -0.139   0.381   0.
  2017 352  4 34 30 492 352.190630692      -0.76      1.65      1.00  0.       -5238.750       6321.477       3095.875    0.000  -0.139   0.381   0.
  2017 352  4 34 31 491 352.190642266      -1.38      1.08      2.09  0.       -5239.385       6320.880       3094.300    0.000  -0.139   0.381   0.
  2017 352  4 34 32 491 352.190653840      -1.82      1.42      2.59  0.       -5240.020       6320.282       3092.725    0.000  -0.139   0.381   0.
  2017 352  4 34 33 491 352.190665414      -2.99      1.66      2.76  0.       -5240.654       6319.684       3091.150    0.000  -0.139   0.381   0.
  2017 352  4 34 34 491 352.190676988      -3.88      2.47      1.77  0.       -5241.288       6319.086       3089.574    0.000  -0.139   0.381   0.
  2017 352  4 34 35 491 352.190688562      -4.37      2.67      1.29  0.       -5241.922       6318.487       3087.998    0.000  -0.139   0.381   0.
  2017 352  4 34 36 491 352.190700136      -4.70      2.33      0.01  0.       -5242.555       6317.888       3086.422    0.000  -0.139   0.381   0.
  2017 352  4 34 37 491 352.190711710      -4.36      1.89     -0.31  0.       -5243.188       6317.289       3084.846    0.000  -0.139   0.381   0.
  2017 352  4 34 38 491 352.190723284      -3.92      1.90      0.14  0.       -5243.821       6316.689       3083.269    0.000  -0.139   0.381   0.
  2017 352  4 34 39 491 352.190734858      -4.15      2.44      0.27  0.       -5244.454       6316.089       3081.693    0.000  -0.139   0.381   0.
  2017 352  4 34 40 491 352.190746432      -3.65      1.50      0.94  0.       -5245.086       6315.488       3080.116    0.000  -0.139   0.381   0.
  2017 352  4 34 41 491 352.190758006      -3.45     -0.91      2.59  0.       -5245.717       6314.887       3078.539    0.000  -0.139   0.381   0.
  2017 352  4 34 42 491 352.190769580      -2.99     -0.71      2.45  0.       -5246.349       6314.286       3076.962    0.000  -0.139   0.381   0.
  2017 352  4 34 43 491 352.190781155      -2.62     -0.21      1.44  0.       -5246.980       6313.684       3075.384    0.000  -0.139   0.381   0.
  2017 352  4 34 44 491 352.190792729      -2.62     -0.04      1.21  0.       -5247.611       6313.082       3073.807    0.000  -0.139   0.381   0.
  2017 352  4 34 45 491 352.190804303      -2.55      0.08      0.78  0.       -5248.241       6312.479       3072.229    0.000  -0.139   0.381   0.
  2017 352  4 34 46 491 352.190815877      -1.37      0.29      0.90  0.       -5248.871       6311.876       3070.651    0.000  -0.139   0.381   0.
  2017 352  4 34 47 491 352.190827451      -0.55     -0.26      1.27  0.       -5249.501       6311.273       3069.073    0.000  -0.139   0.381   0.
  2017 352  4 34 48 491 352.190839025       0.87     -0.18     -0.18  0.       -5250.131       6310.669       3067.494    0.000  -0.139   0.381   0.
  2017 352  4 34 49 491 352.190850599       0.76     -0.20     -0.21  0.       -5250.760       6310.064       3065.916    0.000  -0.139   0.381   0.
  2017 352  4 34 50 491 352.190862173       1.67      0.05     -0.30  0.       -5251.388       6309.460       3064.337    0.000  -0.139   0.381   0.
  2017 352  4 34 51 491 352.190873747       0.24      0.84     -0.36  0.       -5252.017       6308.855       3062.758    0.000  -0.139   0.381   0.
  2017 352  4 34 52 491 352.190885321      -2.68      3.56      0.97  0.       -5252.645       6308.249       3061.179    0.000  -0.139   0.381   0.
  2017 352  4 34 53 491 352.190896895       0.00      3.26      0.77  0.       -5253.273       6307.643       3059.600    0.000  -0.139   0.381   0.
  2017 352  4 34 54 491 352.190908469      -0.04      0.72      0.22  0.       -5253.900       6307.037       3058.020    0.000  -0.139   0.381   0.
  2017 352  4 34 55 491 352.190920043       0.66      0.40      0.09  0.       -5254.527       6306.431       3056.440    0.000  -0.139   0.381   0.
  2017 352  4 34 56 491 352.190931617       0.78      0.30      0.34  0.       -5255.154       6305.824       3054.860    0.000  -0.139   0.381   0.
  2017 352  4 34 57 491 352.190943192       1.47     -0.19      2.07  0.       -5255.780       6305.216       3053.280    0.000  -0.139   0.381   0.
  2017 352  4 34 58 491 352.190954766       2.89      0.63      3.61  0.       -5256.406       6304.609       3051.700    0.000  -0.139   0.381   0.
  2017 352  4 34 59 491 352.190966340       3.79      1.96      3.66  0.       -5257.032       6304.000       3050.119    0.000  -0.139   0.381   0.
  2017 352  4 35  0 491 352.190977912       2.30      2.63      1.21  0.       -5257.658       6303.391       3048.539    0.000  -0.139   0.381   0.
  2017 352  4 35  1 491 352.190989485       0.42      1.08      0.54  0.       -5258.283       6302.782       3046.958    0.000  -0.139   0.381   0.
  2017 352  4 35  2 491 352.191001059       0.71      0.56      0.69  0.       -5258.907       6302.173       3045.376    0.000  -0.139   0.381   0.
  2017 352  4 35  3 491 352.191012633      -0.13      1.25     -0.07  0.       -5259.532       6301.563       3043.795    0.000  -0.139   0.381   0.
  2017 352  4 35  4 491 352.191024207      -0.53      2.41     -1.01  0.       -5260.156       6300.953       3042.214    0.000  -0.139   0.381   0.
  2017 352  4 35  5 491 352.191035781      -1.09      2.49     -1.29  0.       -5260.780       6300.342       3040.632    0.000  -0.139   0.381   0.
  2017 352  4 35  6 491 352.191047355      -1.88      1.76     -1.33  0.       -5261.403       6299.731       3039.050    0.000  -0.139   0.381   0.
  2017 352  4 35  7 491 352.191058929      -1.69     -0.10     -0.96  0.       -5262.026       6299.119       3037.468    0.000  -0.139   0.381   0.
  2017 352  4 35  8 491 352.191070503      -0.76     -1.74     -0.94  0.       -5262.649       6298.507       3035.886    0.000  -0.139   0.381   0.
  2017 352  4 35  9 491 352.191082078      -0.13     -1.25      0.62  0.       -5263.271       6297.895       3034.303    0.000  -0.139   0.381   0.
  2017 352  4 35 10 491 352.191093652      -1.01      0.08      0.79  0.       -5263.893       6297.282       3032.721    0.000  -0.139   0.381   0.
  2017 352  4 35 11 491 352.191105226      -1.63      0.50      1.06  0.       -5264.515       6296.669       3031.138    0.000  -0.139   0.381   0.
  2017 352  4 35 12 491 352.191116800      -1.67      0.71      1.43  0.       -5265.137       6296.056       3029.555    0.000  -0.138   0.380   0.
  2017 352  4 35 13 491 352.191128374      -1.68      0.87      1.25  0.       -5265.757       6295.442       3027.971    0.000  -0.138   0.380   0.
  2017 352  4 35 14 491 352.191139948      -0.94      0.79      0.68  0.       -5266.378       6294.828       3026.388    0.000  -0.138   0.380   0.
  2017 352  4 35 15 491 352.191151522      -0.81      0.92      0.35  0.       -5266.999       6294.213       3024.804    0.000  -0.138   0.380   0.
  2017 352  4 35 16 491 352.191163096      -2.26      1.09      0.97  0.       -5267.619       6293.598       3023.220    0.000  -0.138   0.380   0.
  2017 352  4 35 17 491 352.191174670      -3.15      1.28      1.64  0.       -5268.238       6292.982       3021.636    0.000  -0.138   0.380   0.
  2017 352  4 35 18 491 352.191186244      -2.27      1.21      0.88  0.       -5268.858       6292.366       3020.052    0.000  -0.139   0.381   0.
  2017 352  4 35 19 491 352.191197818      -1.99      1.49      0.48  0.       -5269.477       6291.750       3018.468    0.000  -0.139   0.381   0.
  2017 352  4 35 20 491 352.191209392      -1.29      1.40      0.87  0.       -5270.096       6291.133       3016.883    0.000  -0.138   0.380   0.
  2017 352  4 35 21 491 352.191220966      -1.11      0.98      1.98  0.       -5270.714       6290.516       3015.298    0.000  -0.138   0.380   0.
  2017 352  4 35 22 491 352.191232541      -2.08      0.80      2.43  0.       -5271.332       6289.899       3013.713    0.000  -0.138   0.380   0.
  2017 352  4 35 23 491 352.191244115      -2.77      0.74      2.54  0.       -5271.950       6289.281       3012.128    0.000  -0.138   0.380   0.
  2017 352  4 35 24 491 352.191255689      -3.25      1.28      2.70  0.       -5272.567       6288.662       3010.543    0.000  -0.138   0.380   0.
  2017 352  4 35 25 491 352.191267263      -3.91      1.49      2.14  0.       -5273.184       6288.044       3008.957    0.000  -0.138   0.380   0.
  2017 352  4 35 26 491 352.191278837      -4.70      1.71      2.41  0.       -5273.801       6287.425       3007.371    0.000  -0.138   0.380   0.
  2017 352  4 35 27 491 352.191290411      -4.80      2.43      2.17  0.       -5274.417       6286.805       3005.785    0.000  -0.138   0.380   0.
  2017 352  4 35 28 491 352.191301985      -4.64      2.37      2.62  0.       -5275.033       6286.185       3004.199    0.000  -0.138   0.380   0.
  2017 352  4 35 29 491 352.191313559      -4.96      1.34      2.77  0.       -5275.649       6285.565       3002.613    0.000  -0.138   0.380   0.
  2017 352  4 35 30 491 352.191325133      -5.30      0.26      2.08  0.       -5276.264       6284.944       3001.026    0.000  -0.138   0.379   0.
  2017 352  4 35 31 491 352.191336707      -5.01      0.28      2.47  0.       -5276.879       6284.323       2999.440    0.000  -0.138   0.379   0.
  2017 352  4 35 32 491 352.191348279      -4.82      1.73      2.84  0.       -5277.493       6283.701       2997.853    0.000  -0.138   0.379   0.
  2017 352  4 35 33 491 352.191359852      -4.43      2.34      2.73  0.       -5278.108       6283.079       2996.266    0.000  -0.138   0.379   0.
  2017 352  4 35 34 491 352.191371427      -4.59      3.12      2.12  0.       -5278.722       6282.457       2994.678    0.000  -0.138   0.379   0.
  2017 352  4 35 35 491 352.191383001      -4.09      3.46      0.83  0.       -5279.335       6281.834       2993.091    0.000  -0.138   0.379   0.
  2017 352  4 35 36 491 352.191394575      -3.73      2.86     -0.14  0.       -5279.949       6281.211       2991.503    0.000  -0.138   0.378   0.
  2017 352  4 35 37 491 352.191406149      -4.01      2.12      0.77  0.       -5280.562       6280.587       2989.915    0.000  -0.138   0.378   0.
  2017 352  4 35 38 491 352.191417723      -4.33      1.36      1.29  0.       -5281.174       6279.964       2988.327    0.000  -0.138   0.378   0.
  2017 352  4 35 39 491 352.191429297      -3.91      1.07      1.38  0.       -5281.786       6279.339       2986.739    0.000  -0.138   0.378   0.
  2017 352  4 35 40 491 352.191440871      -3.96      1.09      1.61  0.       -5282.398       6278.714       2985.151    0.000  -0.138   0.378   0.
  2017 352  4 35 41 491 352.191452445      -3.59      1.65      2.18  0.       -5283.010       6278.089       2983.562    0.000  -0.138   0.378   0.
  2017 352  4 35 42 491 352.191464019      -3.49      1.74      2.60  0.       -5283.621       6277.463       2981.973    0.000  -0.138   0.378   0.
  2017 352  4 35 43 491 352.191475593      -3.26      2.24      2.73  0.       -5284.232       6276.837       2980.384    0.000  -0.138   0.378   0.
  2017 352  4 35 44 491 352.191487167      -3.05      2.08      2.33  0.       -5284.843       6276.211       2978.795    0.000  -0.137   0.378   0.
  2017 352  4 35 45 491 352.191498741      -3.54      2.09      2.53  0.       -5285.453       6275.584       2977.205    0.000  -0.137   0.378   0.
  2017 352  4 35 46 491 352.191510315      -3.96      1.61      2.74  0.       -5286.063       6274.957       2975.616    0.000  -0.138   0.378   0.
  2017 352  4 35 47 491 352.191521889      -4.45      1.64      2.92  0.       -5286.672       6274.329       2974.026    0.000  -0.138   0.378   0.
  2017 352  4 35 48 491 352.191533464      -3.49      2.26      2.50  0.       -5287.281       6273.701       2972.436    0.000  -0.137   0.378   0.
  2017 352  4 35 49 491 352.191545038      -3.02      1.84      2.11  0.       -5287.890       6273.073       2970.846    0.000  -0.137   0.378   0.
  2017 352  4 35 50 491 352.191556612      -2.52      1.38      1.06  0.       -5288.499       6272.444       2969.255    0.000  -0.137   0.377   0.
  2017 352  4 35 51 491 352.191568186      -2.30      1.85      1.62  0.       -5289.107       6271.815       2967.665    0.000  -0.137   0.377   0.
  2017 352  4 35 52 491 352.191579760      -2.24      2.34      1.83  0.       -5289.714       6271.185       2966.074    0.000  -0.137   0.377   0.
  2017 352  4 35 53 491 352.191591334      -3.29      2.61     -0.11  0.       -5290.322       6270.555       2964.483    0.000  -0.137   0.377   0.
  2017 352  4 35 54 491 352.191602908      -2.79      1.97     -1.38  0.       -5290.929       6269.925       2962.892    0.000  -0.137   0.377   0.
  2017 352  4 35 55 491 352.191614482      -1.82      0.82      0.85  0.       -5291.536       6269.294       2961.301    0.000  -0.137   0.377   0.
  2017 352  4 35 56 491 352.191626056      -2.04      0.93      2.23  0.       -5292.143       6268.663       2959.709    0.000  -0.137   0.375   0.
  2017 352  4 35 57 491 352.191637630      -2.35      1.90      1.30  0.       -5292.749       6268.031       2958.117    0.000  -0.137   0.375   0.
  2017 352  4 35 58 491 352.191649204      -2.85      2.04      0.84  0.       -5293.355       6267.399       2956.525    0.000  -0.137   0.376   0.
  2017 352  4 35 59 491 352.191660778      -3.21      1.96      1.44  0.       -5293.960       6266.766       2954.933    0.000  -0.137   0.376   0.
  2017 352  4 36  0 491 352.191672352      -3.81      2.54      2.00  0.       -5294.565       6266.133       2953.341    0.000  -0.137   0.375   0.
  2017 352  4 36  1 491 352.191683927      -3.52      2.75      0.99  0.       -5295.170       6265.500       2951.748    0.000  -0.137   0.375   0.
  2017 352  4 36  2 491 352.191695498      -3.80      3.30      0.41  0.       -5295.774       6264.866       2950.156    0.000  -0.136   0.375   0.
  2017 352  4 36  3 491 352.191707072      -3.41      3.22     -0.61  0.       -5296.378       6264.232       2948.563    0.000  -0.136   0.375   0.
  2017 352  4 36  4 491 352.191718646      -3.07      2.72     -0.90  0.       -5296.982       6263.598       2946.970    0.000  -0.136   0.374   0.
  2017 352  4 36  5 491 352.191730220      -2.65      0.80      0.69  0.       -5297.586       6262.963       2945.377    0.000  -0.136   0.374   0.
  2017 352  4 36  6 491 352.191741794      -1.90      0.11      0.84  0.       -5298.189       6262.328       2943.783    0.000  -0.136   0.374   0.
  2017 352  4 36  7 490 352.191753368      -1.87      0.41      0.62  0.       -5298.791       6261.692       2942.190    0.000  -0.136   0.374   0.
  2017 352  4 36  8 490 352.191764942      -2.39      0.96      0.91  0.       -5299.394       6261.056       2940.596    0.000  -0.136   0.373   0.
  2017 352  4 36  9 490 352.191776516      -1.16      1.33      1.17  0.       -5299.996       6260.419       2939.002    0.000  -0.136   0.373   0.
  2017 352  4 36 10 490 352.191788090      -0.48      1.41      1.74  0.       -5300.597       6259.782       2937.407    0.000  -0.136   0.373   0.
  2017 352  4 36 11 490 352.191799664      -0.49      1.69      0.96  0.       -5301.199       6259.145       2935.813    0.000  -0.136   0.373   0.
  2017 352  4 36 12 491 352.191811238      -1.83      1.45      0.59  0.       -5301.800       6258.507       2934.219    0.000  -0.136   0.373   0.
  2017 352  4 36 13 490 352.191822812      -2.80      1.04      0.42  0.       -5302.400       6257.869       2932.624    0.000  -0.136   0.373   0.
  2017 352  4 36 14 490 352.191834387      -2.60      1.01      0.29  0.       -5303.001       6257.231       2931.029    0.000  -0.135   0.372   0.
  2017 352  4 36 15 491 352.191845961      -1.54      0.96      0.17  0.       -5303.601       6256.592       2929.434    0.000  -0.135   0.372   0.
  2017 352  4 36 16 491 352.191857535      -2.13      1.69      0.85  0.       -5304.200       6255.952       2927.838    0.000  -0.135   0.372   0.
  2017 352  4 36 17 491 352.191869109      -1.88      2.11      1.42  0.       -5304.800       6255.313       2926.243    0.000  -0.135   0.372   0.
  2017 352  4 36 18 491 352.191880683      -1.40      1.13      1.63  0.       -5305.398       6254.672       2924.647    0.000  -0.135   0.371   0.
  2017 352  4 36 19 491 352.191892257      -0.74      1.38      0.63  0.       -5305.997       6254.032       2923.051    0.000  -0.135   0.371   0.
  2017 352  4 36 20 490 352.191903831      -1.11      1.05      1.06  0.       -5306.595       6253.391       2921.455    0.000  -0.135   0.371   0.
  2017 352  4 36 21 490 352.191915405      -0.65      1.12      0.38  0.       -5307.193       6252.749       2919.859    0.000  -0.135   0.371   0.
  2017 352  4 36 22 490 352.191926979      -0.43      0.30      0.66  0.       -5307.791       6252.108       2918.262    0.000  -0.135   0.370   0.
  2017 352  4 36 23 490 352.191938553      -0.51      1.10      0.44  0.       -5308.388       6251.465       2916.666    0.000  -0.135   0.370   0.
  2017 352  4 36 24 490 352.191950127      -0.01      1.33      0.90  0.       -5308.985       6250.823       2915.069    0.000  -0.135   0.370   0.
  2017 352  4 36 25 491 352.191961701      -0.99      1.93      2.40  0.       -5309.581       6250.180       2913.472    0.000  -0.135   0.370   0.
  2017 352  4 36 26 491 352.191973275      -3.38      2.87      2.03  0.       -5310.177       6249.536       2911.874    0.000  -0.134   0.369   0.
  2017 352  4 36 27 490 352.191984850      -3.44      1.26      0.86  0.       -5310.773       6248.892       2910.277    0.000  -0.134   0.369   0.
  2017 352  4 36 28 490 352.191996424      -3.63      1.64      0.15  0.       -5311.369       6248.248       2908.679    0.000  -0.134   0.369   0.
  2017 352  4 36 29 491 352.192007998      -3.61      1.38     -0.05  0.       -5311.964       6247.604       2907.082    0.000  -0.134   0.369   0.
  2017 352  4 36 30 491 352.192019572      -3.18      1.29      1.36  0.       -5312.559       6246.959       2905.484    0.000  -0.134   0.368   0.
  2017 352  4 36 31 491 352.192031146      -1.04      1.74      0.75  0.       -5313.153       6246.313       2903.885    0.000  -0.134   0.368   0.
  2017 352  4 36 32 491 352.192042718      -1.35      1.51      0.72  0.       -5313.747       6245.667       2902.287    0.000  -0.134   0.367   0.
  2017 352  4 36 33 490 352.192054291      -1.99      1.26      1.28  0.       -5314.341       6245.021       2900.689    0.000  -0.134   0.367   0.
  2017 352  4 36 34 490 352.192065865      -1.38      1.66      2.16  0.       -5314.934       6244.374       2899.090    0.000  -0.134   0.367   0.
  2017 352  4 36 35 490 352.192077439      -2.30      2.01      2.32  0.       -5315.527       6243.727       2897.491    0.000  -0.134   0.367   0.
  2017 352  4 36 36 490 352.192089013      -2.96      2.06      2.15  0.       -5316.120       6243.080       2895.892    0.000  -0.133   0.366   0.
  2017 352  4 36 37 490 352.192100587      -3.03      2.03      1.74  0.       -5316.712       6242.432       2894.292    0.000  -0.133   0.366   0.
  2017 352  4 36 38 490 352.192112161      -2.99      1.64      2.04  0.       -5317.305       6241.784       2892.693    0.000  -0.133   0.366   0.
  2017 352  4 36 39 490 352.192123736      -3.07      1.49      2.26  0.       -5317.896       6241.135       2891.093    0.000  -0.133   0.366   0.
  2017 352  4 36 40 490 352.192135310      -3.71      1.63      2.08  0.       -5318.488       6240.486       2889.493    0.000  -0.133   0.365   0.
  2017 352  4 36 41 490 352.192146884      -4.32      1.60      1.85  0.       -5319.079       6239.836       2887.893    0.000  -0.133   0.365   0.
  2017 352  4 36 42 490 352.192158458      -4.46      1.44      1.70  0.       -5319.669       6239.186       2886.293    0.000  -0.133   0.364   0.
  2017 352  4 36 43 490 352.192170032      -4.69      1.88      1.75  0.       -5320.260       6238.536       2884.693    0.000  -0.133   0.364   0.
  2017 352  4 36 44 490 352.192181606      -3.91      1.66      2.15  0.       -5320.849       6237.885       2883.092    0.000  -0.132   0.364   0.
  2017 352  4 36 45 490 352.192193180      -3.95      1.43      3.32  0.       -5321.439       6237.234       2881.491    0.000  -0.132   0.364   0.
  2017 352  4 36 46 490 352.192204754      -5.01      2.00      4.62  0.       -5322.028       6236.582       2879.890    0.000  -0.132   0.363   0.
  2017 352  4 36 47 490 352.192216328      -5.02      4.16      4.38  0.       -5322.617       6235.930       2878.289    0.000  -0.132   0.363   0.
  2017 352  4 36 48 490 352.192227902      -5.12      4.43      3.31  0.       -5323.206       6235.278       2876.688    0.000  -0.132   0.363   0.
  2017 352  4 36 49 490 352.192239476      -6.27      5.40      3.12  0.       -5323.794       6234.625       2875.086    0.000  -0.132   0.363   0.
  2017 352  4 36 50 490 352.192251050      -5.38      6.15      3.16  0.       -5324.382       6233.972       2873.484    0.000  -0.132   0.363   0.
  2017 352  4 36 51 490 352.192262624      -4.22      5.63      1.90  0.       -5324.969       6233.319       2871.882    0.000  -0.132   0.363   0.
  2017 352  4 36 52 490 352.192274198      -3.78      4.54      1.52  0.       -5325.556       6232.665       2870.280    0.000  -0.132   0.362   0.
  2017 352  4 36 53 490 352.192285773      -3.54      3.17      1.24  0.       -5326.143       6232.010       2868.678    0.000  -0.132   0.362   0.
  2017 352  4 36 54 490 352.192297347      -2.59      2.25      1.16  0.       -5326.730       6231.355       2867.075    0.000  -0.131   0.361   0.
  2017 352  4 36 55 490 352.192308921      -2.05      2.17      1.84  0.       -5327.316       6230.700       2865.473    0.000  -0.131   0.361   0.
  2017 352  4 36 56 490 352.192320495      -1.63      1.92      2.54  0.       -5327.902       6230.045       2863.870    0.000  -0.131   0.361   0.
  2017 352  4 36 57 490 352.192332069      -1.91      1.74      2.83  0.       -5328.487       6229.388       2862.267    0.000  -0.131   0.361   0.
  2017 352  4 36 58 490 352.192343643      -2.08      1.64      3.57  0.       -5329.072       6228.732       2860.663    0.000  -0.131   0.360   0.
  2017 352  4 36 59 490 352.192355217      -2.07      1.39      3.52  0.       -5329.657       6228.075       2859.060    0.000  -0.131   0.360   0.
  2017 352  4 37  0 490 352.192366791      -2.22      1.29      3.37  0.       -5330.241       6227.418       2857.456    0.000  -0.131   0.360   0.
  2017 352  4 37  1 490 352.192378365      -2.62      1.65      2.58  0.       -5330.825       6226.760       2855.852    0.000  -0.131   0.360   0.
  2017 352  4 37  2 490 352.192389937      -3.26      2.14      2.28  0.       -5331.409       6226.102       2854.248    0.000  -0.131   0.359   0.
  2017 352  4 37  3 490 352.192401510      -3.34      2.41      2.15  0.       -5331.992       6225.444       2852.644    0.000  -0.131   0.359   0.
  2017 352  4 37  4 490 352.192413085      -3.71      2.34      2.02  0.       -5332.575       6224.785       2851.040    0.000  -0.130   0.358   0.
  2017 352  4 37  5 490 352.192424659      -4.39      2.33      1.89  0.       -5333.158       6224.125       2849.435    0.000  -0.130   0.358   0.
  2017 352  4 37  6 490 352.192436233      -4.78      3.23      2.23  0.       -5333.740       6223.466       2847.831    0.000  -0.130   0.357   0.
  2017 352  4 37  7 490 352.192447807      -5.07      3.77      1.81  0.       -5334.322       6222.806       2846.226    0.000  -0.130   0.357   0.
  2017 352  4 37  8 490 352.192459381      -5.25      4.37      1.45  0.       -5334.904       6222.145       2844.620    0.000  -0.130   0.357   0.
  2017 352  4 37  9 490 352.192470955      -5.04      4.16      1.43  0.       -5335.485       6221.484       2843.015    0.000  -0.130   0.357   0.
  2017 352  4 37 10 490 352.192482529      -4.33      3.83      1.36  0.       -5336.066       6220.823       2841.410    0.000  -0.130   0.356   0.
  2017 352  4 37 11 490 352.192494103      -3.47      3.71      0.38  0.       -5336.646       6220.161       2839.804    0.000  -0.130   0.356   0.
  2017 352  4 37 12 490 352.192505677      -2.73      3.29      0.32  0.       -5337.226       6219.499       2838.198    0.000  -0.129   0.355   0.
  2017 352  4 37 13 490 352.192517251      -2.81      3.06      1.11  0.       -5337.806       6218.836       2836.592    0.000  -0.129   0.355   0.
  2017 352  4 37 14 490 352.192528825      -2.55      2.91      2.12  0.       -5338.386       6218.173       2834.986    0.000  -0.129   0.355   0.
  2017 352  4 37 15 490 352.192540399      -1.88      2.92      1.76  0.       -5338.965       6217.510       2833.379    0.000  -0.129   0.355   0.
  2017 352  4 37 16 490 352.192551973      -2.39      2.82      0.92  0.       -5339.544       6216.846       2831.773    0.000  -0.129   0.354   0.
  2017 352  4 37 17 490 352.192563547      -2.36      2.96      0.13  0.       -5340.122       6216.182       2830.166    0.000  -0.129   0.354   0.
  2017 352  4 37 18 490 352.192575122      -1.11      2.92      0.63  0.       -5340.700       6215.517       2828.559    0.000  -0.129   0.354   0.
  2017 352  4 37 19 490 352.192586696      -0.64      2.81      1.18  0.       -5341.278       6214.852       2826.952    0.000  -0.129   0.354   0.
  2017 352  4 37 20 490 352.192598270      -0.99      2.99      1.04  0.       -5341.855       6214.187       2825.344    0.000  -0.129   0.353   0.
  2017 352  4 37 21 490 352.192609844      -1.36      3.05      1.22  0.       -5342.432       6213.521       2823.737    0.000  -0.129   0.353   0.
  2017 352  4 37 22 490 352.192621418      -1.35      2.82      1.36  0.       -5343.009       6212.855       2822.129    0.000  -0.128   0.352   0.
  2017 352  4 37 23 490 352.192632992      -1.13      2.94      2.14  0.       -5343.585       6212.188       2820.521    0.000  -0.128   0.352   0.
  2017 352  4 37 24 490 352.192644566      -1.80      3.86      1.70  0.       -5344.161       6211.521       2818.913    0.000  -0.128   0.352   0.
  2017 352  4 37 25 490 352.192656140      -1.97      3.61      1.27  0.       -5344.737       6210.854       2817.305    0.000  -0.128   0.352   0.
  2017 352  4 37 26 490 352.192667714      -2.66      3.17      0.97  0.       -5345.312       6210.186       2815.696    0.000  -0.128   0.351   0.
  2017 352  4 37 27 490 352.192679288      -3.01      3.48      0.38  0.       -5345.887       6209.518       2814.088    0.000  -0.128   0.351   0.
  2017 352  4 37 28 490 352.192690862      -2.62      3.33     -0.46  0.       -5346.462       6208.849       2812.479    0.000  -0.127   0.350   0.
  2017 352  4 37 29 490 352.192702436      -2.04      2.61     -0.02  0.       -5347.036       6208.180       2810.870    0.000  -0.127   0.350   0.
  2017 352  4 37 30 490 352.192714010      -2.98      2.72      0.55  0.       -5347.610       6207.510       2809.260    0.000  -0.127   0.349   0.
  2017 352  4 37 31 490 352.192725585      -2.41      3.28      0.97  0.       -5348.183       6206.840       2807.651    0.000  -0.127   0.349   0.
  2017 352  4 37 32 490 352.192737156      -2.37      3.43      1.06  0.       -5348.756       6206.170       2806.042    0.000  -0.127   0.349   0.
  2017 352  4 37 33 490 352.192748730      -2.41      3.36      1.42  0.       -5349.329       6205.499       2804.432    0.000  -0.127   0.349   0.
  2017 352  4 37 34 490 352.192760304      -2.16      3.63      1.82  0.       -5349.902       6204.828       2802.822    0.000  -0.127   0.348   0.
  2017 352  4 37 35 490 352.192771878      -2.62      3.77      1.95  0.       -5350.474       6204.157       2801.212    0.000  -0.127   0.348   0.
  2017 352  4 37 36 490 352.192783452      -3.00      3.79      1.98  0.       -5351.045       6203.484       2799.601    0.000  -0.126   0.348   0.
  2017 352  4 37 37 490 352.192795026      -3.06      3.27      2.18  0.       -5351.617       6202.812       2797.991    0.000  -0.126   0.348   0.
  2017 352  4 37 38 490 352.192806600      -3.45      3.45      1.83  0.       -5352.188       6202.139       2796.380    0.000  -0.126   0.347   0.
  2017 352  4 37 39 490 352.192818174      -3.98      3.91      1.13  0.       -5352.759       6201.466       2794.769    0.000  -0.126   0.347   0.
  2017 352  4 37 40 490 352.192829748      -4.81      4.51      1.53  0.       -5353.329       6200.793       2793.158    0.000  -0.126   0.346   0.
  2017 352  4 37 41 490 352.192841322      -5.40      4.06      0.66  0.       -5353.899       6200.119       2791.547    0.000  -0.126   0.346   0.
  2017 352  4 37 42 490 352.192852896      -5.15      3.75     -0.49  0.       -5354.468       6199.444       2789.935    0.000  -0.126   0.346   0.
  2017 352  4 37 43 490 352.192864471      -4.57      3.48     -1.19  0.       -5355.038       6198.769       2788.324    0.000  -0.126   0.346   0.
  2017 352  4 37 44 490 352.192876045      -4.23      2.85     -1.20  0.       -5355.607       6198.094       2786.712    0.000  -0.125   0.345   0.
  2017 352  4 37 45 490 352.192887619      -3.24      2.71     -1.04  0.       -5356.175       6197.418       2785.100    0.000  -0.125   0.345   0.
  2017 352  4 37 46 490 352.192899193      -3.03      2.68     -0.20  0.       -5356.743       6196.742       2783.488    0.000  -0.125   0.344   0.
  2017 352  4 37 47 490 352.192910767      -3.56      2.27      0.81  0.       -5357.311       6196.066       2781.875    0.000  -0.125   0.344   0.
  2017 352  4 37 48 490 352.192922341      -4.03      2.33      1.23  0.       -5357.879       6195.389       2780.263    0.000  -0.125   0.343   0.
  2017 352  4 37 49 490 352.192933915      -4.14      2.55      1.61  0.       -5358.446       6194.712       2778.650    0.000  -0.125   0.343   0.
  2017 352  4 37 50 490 352.192945489      -3.62      1.78      1.46  0.       -5359.013       6194.034       2777.037    0.000  -0.125   0.342   0.
  2017 352  4 37 51 490 352.192957063      -2.91      1.88      1.54  0.       -5359.579       6193.356       2775.424    0.000  -0.125   0.342   0.
  2017 352  4 37 52 490 352.192968637      -2.97      2.49      1.72  0.       -5360.145       6192.677       2773.811    0.000  -0.124   0.342   0.
  2017 352  4 37 53 490 352.192980211      -3.09      2.72      1.47  0.       -5360.711       6191.998       2772.197    0.000  -0.124   0.342   0.
  2017 352  4 37 54 490 352.192991785      -3.42      2.93      1.17  0.       -5361.276       6191.319       2770.584    0.000  -0.124   0.342   0.
  2017 352  4 37 55 490 352.193003359      -3.35      2.79      1.21  0.       -5361.841       6190.639       2768.970    0.000  -0.124   0.342   0.
  2017 352  4 37 56 490 352.193014933      -3.15      2.75      0.95  0.       -5362.406       6189.959       2767.356    0.000  -0.124   0.340   0.
  2017 352  4 37 57 490 352.193026508      -2.93      2.31      0.46  0.       -5362.970       6189.279       2765.742    0.000  -0.124   0.340   0.
  2017 352  4 37 58 490 352.193038082      -2.80      2.48      0.42  0.       -5363.534       6188.598       2764.127    0.000  -0.124   0.340   0.
  2017 352  4 37 59 490 352.193049656      -3.30      2.48      0.54  0.       -5364.098       6187.916       2762.513    0.000  -0.124   0.340   0.
  2017 352  4 38  0 490 352.193061227      -4.02      2.22      0.54  0.       -5364.661       6187.234       2760.898    0.000  -0.123   0.339   0.
  2017 352  4 38  1 490 352.193072801      -4.98      2.58      0.02  0.       -5365.224       6186.552       2759.283    0.000  -0.123   0.339   0.
  2017 352  4 38  2 490 352.193084375      -4.91      2.73     -0.98  0.       -5365.786       6185.870       2757.668    0.000  -0.123   0.338   0.
  2017 352  4 38  3 489 352.193095949      -4.81      2.66     -1.16  0.       -5366.349       6185.187       2756.053    0.000  -0.123   0.338   0.
  2017 352  4 38  4 489 352.193107523      -4.68      2.54     -0.17  0.       -5366.910       6184.503       2754.437    0.000  -0.123   0.337   0.
  2017 352  4 38  5 489 352.193119097      -4.96      1.97     -0.13  0.       -5367.472       6183.819       2752.822    0.000  -0.123   0.337   0.
  2017 352  4 38  6 489 352.193130671      -4.95      1.44      0.22  0.       -5368.033       6183.135       2751.205    0.000  -0.123   0.337   0.
  2017 352  4 38  7 490 352.193142245      -5.08      1.47      0.74  0.       -5368.594       6182.450       2749.590    0.000  -0.123   0.337   0.
  2017 352  4 38  8 490 352.193153819      -5.24      1.87      0.71  0.       -5369.154       6181.765       2747.973    0.000  -0.122   0.336   0.
  2017 352  4 38  9 489 352.193165394      -5.82      1.64      0.27  0.       -5369.714       6181.080       2746.357    0.000  -0.122   0.336   0.
  2017 352  4 38 10 489 352.193176968      -5.81      0.35     -0.28  0.       -5370.274       6180.394       2744.740    0.000  -0.122   0.335   0.
  2017 352  4 38 11 490 352.193188542      -5.29     -0.36     -0.46  0.       -5370.833       6179.707       2743.124    0.000  -0.122   0.335   0.
  2017 352  4 38 12 490 352.193200116      -5.06     -0.75     -0.61  0.       -5371.392       6179.021       2741.507    0.000  -0.122   0.334   0.
  2017 352  4 38 13 490 352.193211690      -4.87     -0.79     -0.52  0.       -5371.951       6178.333       2739.890    0.000  -0.122   0.334   0.
  2017 352  4 38 14 490 352.193223264      -4.42     -0.44     -0.28  0.       -5372.509       6177.646       2738.272    0.000  -0.122   0.334   0.
  2017 352  4 38 15 490 352.193234838      -3.54     -0.10     -0.10  0.       -5373.067       6176.958       2736.655    0.000  -0.122   0.334   0.
  2017 352  4 38 16 489 352.193246412      -3.28      1.09      0.04  0.       -5373.624       6176.270       2735.037    0.000  -0.121   0.333   0.
  2017 352  4 38 17 489 352.193257986      -3.93      2.20      0.12  0.       -5374.181       6175.581       2733.419    0.000  -0.121   0.333   0.
  2017 352  4 38 18 489 352.193269560      -4.34      2.69      0.04  0.       -5374.738       6174.892       2731.801    0.000  -0.121   0.332   0.
  2017 352  4 38 19 489 352.193281134      -4.56      3.02     -0.49  0.       -5375.295       6174.202       2730.183    0.000  -0.121   0.332   0.
  2017 352  4 38 20 489 352.193292708      -4.89      3.15     -0.57  0.       -5375.851       6173.512       2728.565    0.000  -0.121   0.331   0.
  2017 352  4 38 21 490 352.193304282      -5.05      2.97     -0.33  0.       -5376.407       6172.822       2726.946    0.000  -0.121   0.331   0.
  2017 352  4 38 22 490 352.193315857      -4.85      2.73      0.24  0.       -5376.962       6172.131       2725.327    0.000  -0.120   0.331   0.
  2017 352  4 38 23 489 352.193327431      -4.52      2.59      0.61  0.       -5377.517       6171.439       2723.708    0.000  -0.120   0.331   0.
  2017 352  4 38 24 489 352.193339005      -4.67      1.53      1.52  0.       -5378.072       6170.748       2722.089    0.000  -0.120   0.330   0.
  2017 352  4 38 25 490 352.193350579      -4.93      0.01      1.53  0.       -5378.626       6170.056       2720.470    0.000  -0.120   0.330   0.
  2017 352  4 38 26 490 352.193362153      -4.70      0.93      1.98  0.       -5379.180       6169.363       2718.850    0.000  -0.120   0.329   0.
  2017 352  4 38 27 490 352.193373727      -4.97      1.14      2.15  0.       -5379.733       6168.670       2717.231    0.000  -0.120   0.329   0.
  2017 352  4 38 28 490 352.193385301      -4.74      1.89      2.18  0.       -5380.287       6167.977       2715.611    0.000  -0.120   0.328   0.
  2017 352  4 38 29 489 352.193396875      -4.78      1.87      1.89  0.       -5380.840       6167.283       2713.991    0.000  -0.120   0.328   0.
  2017 352  4 38 30 489 352.193408447      -4.86      1.38      1.25  0.       -5381.392       6166.589       2712.371    0.000  -0.119   0.327   0.
  2017 352  4 38 31 489 352.193420020      -4.93      1.28      0.83  0.       -5381.944       6165.894       2710.750    0.000  -0.119   0.327   0.
  2017 352  4 38 32 489 352.193431594      -4.96      1.47      0.79  0.       -5382.496       6165.199       2709.130    0.000  -0.119   0.327   0.
  2017 352  4 38 33 489 352.193443168      -4.89      1.72      1.08  0.       -5383.047       6164.504       2707.509    0.000  -0.119   0.327   0.
  2017 352  4 38 34 489 352.193454742      -4.43      1.90      1.39  0.       -5383.598       6163.808       2705.888    0.000  -0.119   0.326   0.
  2017 352  4 38 35 489 352.193466317      -3.61      1.67      1.61  0.       -5384.149       6163.112       2704.267    0.000  -0.119   0.326   0.
  2017 352  4 38 36 489 352.193477891      -3.21      1.49      2.11  0.       -5384.699       6162.415       2702.646    0.000  -0.118   0.325   0.
  2017 352  4 38 37 489 352.193489465      -3.37      1.72      2.17  0.       -5385.249       6161.718       2701.024    0.000  -0.118   0.325   0.
  2017 352  4 38 38 489 352.193501039      -3.94      2.11      1.90  0.       -5385.799       6161.021       2699.402    0.000  -0.118   0.324   0.
  2017 352  4 38 39 489 352.193512613      -4.21      2.66      1.93  0.       -5386.348       6160.323       2697.781    0.000  -0.118   0.324   0.
  2017 352  4 38 40 489 352.193524187      -4.13      3.34      1.83  0.       -5386.897       6159.625       2696.159    0.000  -0.118   0.323   0.
  2017 352  4 38 41 489 352.193535761      -4.00      3.82      1.24  0.       -5387.446       6158.926       2694.536    0.000  -0.118   0.323   0.
  2017 352  4 38 42 489 352.193547335      -3.89      3.73      0.82  0.       -5387.994       6158.227       2692.914    0.000  -0.118   0.323   0.
  2017 352  4 38 43 489 352.193558909      -2.85      2.52      0.45  0.       -5388.542       6157.528       2691.291    0.000  -0.118   0.323   0.
  2017 352  4 38 44 489 352.193570483      -1.94      1.28      1.89  0.       -5389.089       6156.828       2689.669    0.000  -0.117   0.322   0.
  2017 352  4 38 45 489 352.193582057      -1.68      1.54      1.01  0.       -5389.636       6156.127       2688.046    0.000  -0.117   0.322   0.
  2017 352  4 38 46 489 352.193593631      -1.77      0.83     -0.64  0.       -5390.183       6155.426       2686.423    0.000  -0.117   0.321   0.
  2017 352  4 38 47 489 352.193605205      -2.42      1.31     -0.67  0.       -5390.729       6154.725       2684.799    0.000  -0.117   0.321   0.
  2017 352  4 38 48 489 352.193616780      -3.08      2.45     -1.53  0.       -5391.275       6154.024       2683.176    0.000  -0.116   0.320   0.
  2017 352  4 38 49 489 352.193628354      -3.32      3.31     -2.65  0.       -5391.821       6153.322       2681.552    0.000  -0.116   0.320   0.
  2017 352  4 38 50 489 352.193639928      -3.35      3.78     -3.07  0.       -5392.366       6152.619       2679.928    0.000  -0.116   0.319   0.
  2017 352  4 38 51 489 352.193651502      -2.43      3.13     -3.64  0.       -5392.911       6151.917       2678.304    0.000  -0.116   0.319   0.
  2017 352  4 38 52 489 352.193663076      -1.01      0.89     -3.41  0.       -5393.456       6151.213       2676.680    0.000  -0.116   0.318   0.
  2017 352  4 38 53 489 352.193674650      -0.48     -0.71     -1.71  0.       -5394.001       6150.510       2675.056    0.000  -0.116   0.318   0.
  2017 352  4 38 54 489 352.193686224      -0.94      0.12     -1.41  0.       -5394.544       6149.806       2673.431    0.000  -0.116   0.317   0.
  2017 352  4 38 55 489 352.193697798      -0.80      1.15     -1.19  0.       -5395.088       6149.101       2671.807    0.000  -0.116   0.317   0.
  2017 352  4 38 56 489 352.193709372       0.02      1.31     -1.25  0.       -5395.631       6148.396       2670.182    0.000  -0.115   0.317   0.
  2017 352  4 38 57 489 352.193720946      -0.70      1.36     -1.25  0.       -5396.173       6147.691       2668.557    0.000  -0.115   0.317   0.
  2017 352  4 38 58 489 352.193732520      -0.64      0.73     -1.11  0.       -5396.716       6146.985       2666.931    0.000  -0.115   0.316   0.
  2017 352  4 38 59 489 352.193744094      -1.29      0.28     -1.29  0.       -5397.258       6146.279       2665.306    0.000  -0.115   0.316   0.
  2017 352  4 39  0 489 352.193755668      -1.88      0.35     -0.79  0.       -5397.799       6145.573       2663.680    0.000  -0.115   0.315   0.
  2017 352  4 39  1 489 352.193767242      -2.07      0.98      0.02  0.       -5398.341       6144.866       2662.054    0.000  -0.115   0.315   0.
  2017 352  4 39  2 489 352.193778814      -2.63      1.91     -0.19  0.       -5398.882       6144.158       2660.428    0.000  -0.114   0.314   0.
  2017 352  4 39  3 489 352.193790388      -3.07      2.94     -0.49  0.       -5399.422       6143.451       2658.802    0.000  -0.114   0.314   0.
  2017 352  4 39  4 489 352.193801962      -2.62      3.92     -1.35  0.       -5399.962       6142.742       2657.176    0.000  -0.114   0.313   0.
  2017 352  4 39  5 489 352.193813536      -1.83      3.23     -2.18  0.       -5400.502       6142.034       2655.549    0.000  -0.114   0.313   0.
  2017 352  4 39  6 489 352.193825110      -0.94      2.35     -2.50  0.       -5401.042       6141.325       2653.923    0.000  -0.114   0.313   0.
  2017 352  4 39  7 489 352.193836684      -0.85      1.57     -2.58  0.       -5401.581       6140.615       2652.296    0.000  -0.114   0.313   0.
  2017 352  4 39  8 489 352.193848258      -0.55      1.28     -2.48  0.       -5402.120       6139.906       2650.669    0.000  -0.113   0.311   0.
  2017 352  4 39  9 489 352.193859832      -0.22      1.09     -2.48  0.       -5402.658       6139.195       2649.042    0.000  -0.113   0.311   0.
  2017 352  4 39 10 489 352.193871406      -0.43      1.51     -2.07  0.       -5403.196       6138.485       2647.414    0.000  -0.113   0.310   0.
  2017 352  4 39 11 489 352.193882980      -1.20      1.46     -1.95  0.       -5403.734       6137.774       2645.787    0.000  -0.113   0.310   0.
  2017 352  4 39 12 489 352.193894554      -1.31      1.69     -1.44  0.       -5404.271       6137.062       2644.159    0.000  -0.113   0.310   0.
  2017 352  4 39 13 489 352.193906128      -1.42      2.05     -0.87  0.       -5404.808       6136.350       2642.531    0.000  -0.113   0.310   0.
  2017 352  4 39 14 489 352.193917703      -1.41      2.03     -1.13  0.       -5405.345       6135.638       2640.903    0.000  -0.112   0.309   0.
  2017 352  4 39 15 489 352.193929277      -1.60      1.68     -1.53  0.       -5405.881       6134.925       2639.274    0.000  -0.112   0.309   0.
  2017 352  4 39 16 489 352.193940851      -1.54      1.19     -1.70  0.       -5406.417       6134.212       2637.646    0.000  -0.112   0.308   0.
  2017 352  4 39 17 489 352.193952425      -1.32      0.35     -1.80  0.       -5406.952       6133.498       2636.017    0.000  -0.112   0.308   0.
  2017 352  4 39 18 489 352.193963999      -1.63      0.35     -0.89  0.       -5407.487       6132.784       2634.388    0.000  -0.112   0.307   0.
  2017 352  4 39 19 489 352.193975573      -2.40      1.00     -0.14  0.       -5408.022       6132.070       2632.759    0.000  -0.112   0.307   0.
  2017 352  4 39 20 489 352.193987147      -3.01      1.32      0.30  0.       -5408.556       6131.355       2631.130    0.000  -0.112   0.307   0.
  2017 352  4 39 21 489 352.193998721      -3.07      2.01      0.86  0.       -5409.090       6130.640       2629.501    0.000  -0.112   0.307   0.
  2017 352  4 39 22 489 352.194010295      -3.20      2.25      1.61  0.       -5409.624       6129.924       2627.871    0.000  -0.111   0.305   0.
  2017 352  4 39 23 489 352.194021869      -3.36      2.46      1.29  0.       -5410.157       6129.208       2626.241    0.000  -0.111   0.305   0.
  2017 352  4 39 24 489 352.194033443      -3.56      2.07      0.94  0.       -5410.690       6128.492       2624.612    0.000  -0.111   0.304   0.
  2017 352  4 39 25 489 352.194045017      -4.24      2.23      1.18  0.       -5411.223       6127.775       2622.981    0.000  -0.111   0.304   0.
  2017 352  4 39 26 489 352.194056591      -4.57      2.04      1.23  0.       -5411.755       6127.058       2621.351    0.000  -0.111   0.304   0.
  2017 352  4 39 27 489 352.194068165      -4.50      1.58      1.14  0.       -5412.287       6126.340       2619.721    0.000  -0.111   0.304   0.
  2017 352  4 39 28 489 352.194079740      -4.67      1.18      1.47  0.       -5412.818       6125.622       2618.090    0.000  -0.110   0.303   0.
  2017 352  4 39 29 489 352.194091314      -4.94      1.08      0.94  0.       -5413.349       6124.903       2616.459    0.000  -0.110   0.303   0.
  2017 352  4 39 30 489 352.194102888      -4.16      1.06      0.48  0.       -5413.880       6124.184       2614.828    0.000  -0.110   0.301   0.
  2017 352  4 39 31 489 352.194114462      -3.44      1.13     -0.17  0.       -5414.410       6123.465       2613.197    0.000  -0.110   0.301   0.
  2017 352  4 39 32 489 352.194126033      -3.47      1.25     -0.35  0.       -5414.940       6122.745       2611.566    0.000  -0.109   0.301   0.
  2017 352  4 39 33 489 352.194137607      -3.71      1.67     -0.74  0.       -5415.470       6122.025       2609.935    0.000  -0.109   0.301   0.
  2017 352  4 39 34 489 352.194149181      -3.32      1.47     -0.91  0.       -5415.999       6121.304       2608.303    0.000  -0.109   0.300   0.
  2017 352  4 39 35 489 352.194160755      -3.10      1.08     -0.86  0.       -5416.528       6120.583       2606.670    0.000  -0.109   0.300   0.
  2017 352  4 39 36 489 352.194172329      -2.85      0.66     -0.62  0.       -5417.057       6119.862       2605.039    0.000  -0.109   0.299   0.
  2017 352  4 39 37 489 352.194183903      -2.68      0.79     -0.27  0.       -5417.584       6119.140       2603.407    0.000  -0.109   0.299   0.
  2017 352  4 39 38 489 352.194195477      -2.91      1.17      0.11  0.       -5418.112       6118.418       2601.774    0.000  -0.108   0.298   0.
  2017 352  4 39 39 489 352.194207052      -3.17      1.43      0.22  0.       -5418.640       6117.695       2600.141    0.000  -0.108   0.298   0.
  2017 352  4 39 40 489 352.194218626      -3.35      2.02      0.13  0.       -5419.167       6116.972       2598.509    0.000  -0.108   0.298   0.
  2017 352  4 39 41 489 352.194230200      -3.59      2.39     -0.55  0.       -5419.694       6116.248       2596.876    0.000  -0.108   0.298   0.
  2017 352  4 39 42 489 352.194241774      -3.63      2.06     -0.94  0.       -5420.220       6115.524       2595.243    0.000  -0.108   0.296   0.
  2017 352  4 39 43 489 352.194253348      -3.53      1.68     -1.23  0.       -5420.746       6114.800       2593.610    0.000  -0.108   0.296   0.
  2017 352  4 39 44 489 352.194264922      -3.62      1.40     -1.59  0.       -5421.271       6114.075       2591.976    0.000  -0.107   0.295   0.
  2017 352  4 39 45 489 352.194276496      -3.67      1.31     -1.47  0.       -5421.797       6113.350       2590.343    0.000  -0.107   0.295   0.
  2017 352  4 39 46 489 352.194288070      -3.53      1.87     -1.26  0.       -5422.322       6112.624       2588.709    0.000  -0.107   0.295   0.
  2017 352  4 39 47 489 352.194299644      -3.59      2.64     -0.15  0.       -5422.846       6111.898       2587.075    0.000  -0.107   0.295   0.
  2017 352  4 39 48 489 352.194311218      -3.55      2.80      0.32  0.       -5423.370       6111.172       2585.441    0.000  -0.107   0.293   0.
  2017 352  4 39 49 489 352.194322792      -2.95      2.38      0.07  0.       -5423.894       6110.445       2583.806    0.000  -0.107   0.293   0.
  2017 352  4 39 50 489 352.194334366      -3.35      2.37     -0.09  0.       -5424.417       6109.718       2582.172    0.000  -0.107   0.293   0.
  2017 352  4 39 51 489 352.194345940      -3.95      2.23     -0.43  0.       -5424.940       6108.990       2580.537    0.000  -0.107   0.293   0.
  2017 352  4 39 52 489 352.194357514      -4.39      1.86     -1.27  0.       -5425.463       6108.262       2578.902    0.000  -0.106   0.291   0.
  2017 352  4 39 53 489 352.194369089      -4.19      1.62     -1.58  0.       -5425.985       6107.533       2577.267    0.000  -0.106   0.291   0.
  2017 352  4 39 54 489 352.194380663      -3.75      1.66     -1.89  0.       -5426.507       6106.804       2575.632    0.000  -0.106   0.291   0.
  2017 352  4 39 55 489 352.194392237      -3.61      1.71     -1.42  0.       -5427.028       6106.075       2573.997    0.000  -0.106   0.291   0.
  2017 352  4 39 56 489 352.194403811      -3.74      1.68     -1.29  0.       -5427.550       6105.345       2572.361    0.000  -0.105   0.290   0.
  2017 352  4 39 57 489 352.194415385      -3.12      1.39     -1.41  0.       -5428.070       6104.615       2570.725    0.000  -0.105   0.290   0.
  2017 352  4 39 58 489 352.194426959      -2.62      0.73     -1.39  0.       -5428.591       6103.885       2569.089    0.000  -0.105   0.289   0.
  2017 352  4 39 59 489 352.194438533      -2.18      1.10     -0.94  0.       -5429.111       6103.154       2567.453    0.000  -0.105   0.289   0.
  2017 352  4 40  0 489 352.194450107      -1.65      2.16      0.05  0.       -5429.630       6102.422       2565.817    0.000  -0.105   0.288   0.
  2017 352  4 40  1 489 352.194461681      -2.10      2.60     -0.89  0.       -5430.150       6101.690       2564.181    0.000  -0.105   0.288   0.
  2017 352  4 40  2 488 352.194473253      -2.48      1.85     -2.61  0.       -5430.669       6100.958       2562.544    0.000  -0.104   0.287   0.
  2017 352  4 40  3 489 352.194484826      -2.54      0.76     -2.01  0.       -5431.187       6100.225       2560.907    0.000  -0.104   0.287   0.
  2017 352  4 40  4 489 352.194496400      -2.64      1.07     -1.46  0.       -5431.705       6099.492       2559.270    0.000  -0.104   0.286   0.
  2017 352  4 40  5 488 352.194507975      -2.94      1.34     -1.37  0.       -5432.223       6098.759       2557.633    0.000  -0.104   0.286   0.
  2017 352  4 40  6 488 352.194519549      -3.04      1.70     -1.34  0.       -5432.741       6098.025       2555.996    0.000  -0.104   0.285   0.
  2017 352  4 40  7 489 352.194531123      -3.10      2.15     -1.70  0.       -5433.258       6097.290       2554.358    0.000  -0.104   0.285   0.
  2017 352  4 40  8 489 352.194542697      -2.68      2.49     -2.06  0.       -5433.774       6096.556       2552.721    0.000  -0.103   0.284   0.
  2017 352  4 40  9 489 352.194554271      -2.23      1.93     -2.79  0.       -5434.291       6095.821       2551.083    0.000  -0.103   0.284   0.
  2017 352  4 40 10 489 352.194565845      -2.05      1.87     -1.89  0.       -5434.807       6095.084       2549.445    0.000  -0.103   0.283   0.
  2017 352  4 40 11 489 352.194577419      -1.81      2.19     -0.89  0.       -5435.322       6094.349       2547.807    0.000  -0.103   0.283   0.
  2017 352  4 40 12 488 352.194588993      -2.16      1.68     -1.53  0.       -5435.837       6093.612       2546.168    0.000  -0.103   0.282   0.
  2017 352  4 40 13 488 352.194600567      -2.53      2.06     -1.49  0.       -5436.352       6092.876       2544.530    0.000  -0.103   0.282   0.
  2017 352  4 40 14 488 352.194612141      -3.63      3.53     -1.27  0.       -5436.867       6092.138       2542.891    0.000  -0.102   0.281   0.
  2017 352  4 40 15 488 352.194623715      -4.45      3.71     -1.02  0.       -5437.381       6091.401       2541.252    0.000  -0.102   0.281   0.
  2017 352  4 40 16 489 352.194635289      -4.04      3.37     -0.81  0.       -5437.895       6090.663       2539.613    0.000  -0.102   0.281   0.
  2017 352  4 40 17 489 352.194646863      -3.90      3.27     -0.98  0.       -5438.408       6089.924       2537.974    0.000  -0.102   0.281   0.
  2017 352  4 40 18 488 352.194658437      -4.62      3.30     -1.91  0.       -5438.921       6089.185       2536.335    0.000  -0.102   0.279   0.
  2017 352  4 40 19 488 352.194670012      -5.61      1.53     -2.82  0.       -5439.433       6088.446       2534.695    0.000  -0.102   0.279   0.
  2017 352  4 40 20 488 352.194681586      -5.41      1.03     -2.83  0.       -5439.946       6087.706       2533.055    0.000  -0.101   0.278   0.
  2017 352  4 40 21 489 352.194693160      -4.83      0.94     -2.39  0.       -5440.458       6086.966       2531.415    0.000  -0.101   0.278   0.
  2017 352  4 40 22 489 352.194704734      -3.68      0.44     -1.89  0.       -5440.969       6086.225       2529.775    0.000  -0.101   0.277   0.
  2017 352  4 40 23 489 352.194716308      -2.49      0.60     -1.49  0.       -5441.480       6085.484       2528.135    0.000  -0.101   0.277   0.
  2017 352  4 40 24 489 352.194727882      -2.14     -0.01     -1.03  0.       -5441.991       6084.743       2526.495    0.000  -0.101   0.276   0.
  2017 352  4 40 25 488 352.194739456      -2.19      1.39     -0.47  0.       -5442.501       6084.001       2524.854    0.000  -0.101   0.276   0.
  2017 352  4 40 26 488 352.194751030      -3.21      2.17     -0.52  0.       -5443.011       6083.259       2523.213    0.000  -0.100   0.275   0.
  2017 352  4 40 27 488 352.194762604      -3.55      2.85     -1.24  0.       -5443.521       6082.516       2521.572    0.000  -0.100   0.275   0.
  2017 352  4 40 28 488 352.194774178      -2.79      1.03     -1.71  0.       -5444.030       6081.773       2519.931    0.000  -0.100   0.275   0.
  2017 352  4 40 29 488 352.194785752      -0.94     -0.39     -1.20  0.       -5444.539       6081.029       2518.290    0.000  -0.100   0.275   0.
  2017 352  4 40 30 489 352.194797326       0.11     -1.05     -0.98  0.       -5445.047       6080.285       2516.648    0.000  -0.099   0.273   0.
  2017 352  4 40 31 489 352.194808900      -0.84     -0.44     -1.10  0.       -5445.556       6079.541       2515.007    0.000  -0.099   0.273   0.
  2017 352  4 40 32 488 352.194820472      -2.82     -0.76     -0.76  0.       -5446.063       6078.796       2513.365    0.000  -0.099   0.272   0.
  2017 352  4 40 33 488 352.194832046      -2.01     -0.40     -0.71  0.       -5446.571       6078.051       2511.723    0.000  -0.099   0.272   0.
  2017 352  4 40 34 488 352.194843620      -1.69      0.51     -1.03  0.       -5447.078       6077.305       2510.081    0.000  -0.099   0.272   0.
  2017 352  4 40 35 488 352.194855194      -1.43      1.34     -1.86  0.       -5447.584       6076.559       2508.438    0.000  -0.099   0.272   0.
  2017 352  4 40 36 488 352.194866768       0.94     -0.78     -3.21  0.       -5448.091       6075.813       2506.796    0.000  -0.098   0.270   0.
  2017 352  4 40 37 488 352.194878342       1.87     -1.00     -3.04  0.       -5448.596       6075.066       2505.153    0.000  -0.098   0.270   0.
  2017 352  4 40 38 488 352.194889916       2.61     -1.91     -2.78  0.       -5449.102       6074.319       2503.510    0.000  -0.098   0.269   0.
  2017 352  4 40 39 488 352.194901490       2.54     -2.24     -1.87  0.       -5449.607       6073.571       2501.867    0.000  -0.098   0.269   0.
  2017 352  4 40 40 488 352.194913064       3.08     -2.57     -1.27  0.       -5450.112       6072.823       2500.224    0.000  -0.098   0.268   0.
  2017 352  4 40 41 488 352.194924638       3.31     -2.99     -1.74  0.       -5450.616       6072.074       2498.581    0.000  -0.098   0.268   0.
  2017 352  4 40 42 488 352.194936212       3.09     -3.41     -2.34  0.       -5451.120       6071.325       2496.937    0.000  -0.097   0.267   0.
  2017 352  4 40 43 488 352.194947786       2.90     -4.51     -2.49  0.       -5451.624       6070.576       2495.293    0.000  -0.097   0.267   0.
  2017 352  4 40 44 488 352.194959361       2.84     -3.90     -0.69  0.       -5452.127       6069.826       2493.649    0.000  -0.097   0.266   0.
  2017 352  4 40 45 488 352.194970935       1.77     -2.22      0.34  0.       -5452.630       6069.076       2492.005    0.000  -0.097   0.266   0.
  2017 352  4 40 46 488 352.194982509      -1.63      0.07      0.76  0.       -5453.132       6068.325       2490.361    0.000  -0.096   0.265   0.
  2017 352  4 40 47 488 352.194994083      -1.99      0.51      0.16  0.       -5453.634       6067.574       2488.717    0.000  -0.096   0.265   0.
  2017 352  4 40 48 488 352.195005657      -1.83      1.11      0.12  0.       -5454.136       6066.823       2487.072    0.000  -0.096   0.264   0.
  2017 352  4 40 49 488 352.195017231       0.64      0.55     -1.29  0.       -5454.637       6066.071       2485.427    0.000  -0.096   0.264   0.
  2017 352  4 40 50 488 352.195028805       0.93     -1.33     -0.59  0.       -5455.139       6065.318       2483.782    0.000  -0.096   0.263   0.
  2017 352  4 40 51 488 352.195040379       1.20     -2.50     -0.50  0.       -5455.639       6064.566       2482.137    0.000  -0.096   0.263   0.
  2017 352  4 40 52 488 352.195051953       1.41     -2.34     -0.09  0.       -5456.139       6063.813       2480.492    0.000  -0.095   0.262   0.
  2017 352  4 40 53 488 352.195063527       1.27     -1.99     -0.59  0.       -5456.639       6063.059       2478.847    0.000  -0.095   0.262   0.
  2017 352  4 40 54 488 352.195075101       2.28     -2.25     -0.59  0.       -5457.139       6062.305       2477.201    0.000  -0.095   0.261   0.
  2017 352  4 40 55 488 352.195086675       2.38     -2.54      0.04  0.       -5457.638       6061.551       2475.555    0.000  -0.095   0.261   0.
  2017 352  4 40 56 488 352.195098249       3.25     -1.53      0.85  0.       -5458.137       6060.796       2473.909    0.000  -0.095   0.260   0.
  2017 352  4 40 57 488 352.195109823       2.04      0.05      1.54  0.       -5458.635       6060.041       2472.263    0.000  -0.095   0.260   0.
  2017 352  4 40 58 488 352.195121398       0.76     -0.13      1.04  0.       -5459.133       6059.285       2470.617    0.000  -0.094   0.259   0.
  2017 352  4 40 59 488 352.195132972       0.89     -0.95      0.68  0.       -5459.630       6058.529       2468.970    0.000  -0.094   0.259   0.
  2017 352  4 41  0 488 352.195144546       0.48     -1.33      1.12  0.       -5460.128       6057.772       2467.324    0.000  -0.094   0.258   0.
  2017 352  4 41  1 488 352.195156120       0.23     -0.58      0.76  0.       -5460.624       6057.015       2465.677    0.000  -0.094   0.258   0.
  2017 352  4 41  2 488 352.195167692       0.43     -0.68      0.29  0.       -5461.121       6056.258       2464.030    0.000  -0.094   0.257   0.
  2017 352  4 41  3 488 352.195179265       0.62     -0.45     -0.56  0.       -5461.617       6055.500       2462.383    0.000  -0.094   0.257   0.
  2017 352  4 41  4 488 352.195190839       1.26      0.88     -0.29  0.       -5462.113       6054.742       2460.735    0.000  -0.093   0.256   0.
  2017 352  4 41  5 488 352.195202413       2.57      0.25      0.12  0.       -5462.608       6053.983       2459.088    0.000  -0.093   0.256   0.
  2017 352  4 41  6 488 352.195213987       2.69     -0.61     -0.35  0.       -5463.103       6053.224       2457.440    0.000  -0.093   0.255   0.
  2017 352  4 41  7 488 352.195225561       2.86     -0.91     -0.48  0.       -5463.598       6052.465       2455.793    0.000  -0.093   0.255   0.
  2017 352  4 41  8 488 352.195237135       3.61     -0.85     -1.78  0.       -5464.092       6051.705       2454.144    0.000  -0.092   0.254   0.
  2017 352  4 41  9 488 352.195248709       4.40     -0.96     -1.86  0.       -5464.586       6050.945       2452.496    0.000  -0.092   0.254   0.
  2017 352  4 41 10 488 352.195260284       4.37      0.12     -2.57  0.       -5465.079       6050.184       2450.848    0.000  -0.092   0.253   0.
  2017 352  4 41 11 488 352.195271858       3.64      0.86     -2.27  0.       -5465.572       6049.423       2449.199    0.000  -0.092   0.253   0.
  2017 352  4 41 12 488 352.195283432       2.74     -0.92     -1.38  0.       -5466.065       6048.661       2447.551    0.000  -0.092   0.252   0.
  2017 352  4 41 13 488 352.195295006       1.81     -0.91     -0.70  0.       -5466.557       6047.899       2445.902    0.000  -0.092   0.252   0.
  2017 352  4 41 14 488 352.195306580       0.08      0.19     -0.29  0.       -5467.049       6047.137       2444.253    0.000  -0.091   0.251   0.
  2017 352  4 41 15 488 352.195318154      -1.21      1.44     -0.74  0.       -5467.540       6046.374       2442.604    0.000  -0.091   0.251   0.
  2017 352  4 41 16 488 352.195329728       0.17      0.19     -1.59  0.       -5468.032       6045.611       2440.954    0.000  -0.091   0.250   0.
  2017 352  4 41 17 488 352.195341302       1.34     -0.06     -1.33  0.       -5468.522       6044.847       2439.305    0.000  -0.091   0.250   0.
  2017 352  4 41 18 488 352.195352876       1.51      0.38     -2.12  0.       -5469.013       6044.083       2437.655    0.000  -0.091   0.249   0.
  2017 352  4 41 19 488 352.195364450       1.56     -0.70     -2.41  0.       -5469.503       6043.319       2436.005    0.000  -0.091   0.249   0.
  2017 352  4 41 20 488 352.195376024       1.47     -0.84     -2.43  0.       -5469.992       6042.554       2434.355    0.000  -0.090   0.248   0.
  2017 352  4 41 21 488 352.195387598       1.42     -0.07     -2.32  0.       -5470.482       6041.789       2432.705    0.000  -0.090   0.248   0.
  2017 352  4 41 22 488 352.195399173       0.68      0.63     -1.51  0.       -5470.970       6041.023       2431.055    0.000  -0.090   0.247   0.
  2017 352  4 41 23 488 352.195410746       0.18      1.33     -0.37  0.       -5471.459       6040.257       2429.404    0.000  -0.090   0.247   0.
  2017 352  4 41 24 488 352.195422321      -1.12      2.39      1.09  0.       -5471.947       6039.490       2427.753    0.000  -0.089   0.246   0.
  2017 352  4 41 25 488 352.195433895      -3.16      4.49      0.95  0.       -5472.435       6038.723       2426.102    0.000  -0.089   0.246   0.
  2017 352  4 41 26 488 352.195445469      -3.39      4.21      1.05  0.       -5472.922       6037.956       2424.451    0.000  -0.089   0.245   0.
  2017 352  4 41 27 488 352.195457043      -4.40      4.01      0.93  0.       -5473.409       6037.188       2422.800    0.000  -0.089   0.245   0.
  2017 352  4 41 28 488 352.195468617      -5.63      4.34      0.77  0.       -5473.896       6036.419       2421.149    0.000  -0.089   0.244   0.
  2017 352  4 41 29 488 352.195480191      -6.30      5.06      0.35  0.       -5474.382       6035.651       2419.497    0.000  -0.089   0.244   0.
  2017 352  4 41 30 488 352.195491765      -6.12      5.47     -0.36  0.       -5474.868       6034.882       2417.845    0.000  -0.088   0.243   0.
  2017 352  4 41 31 488 352.195503339      -5.16      5.08     -1.09  0.       -5475.353       6034.112       2416.194    0.000  -0.088   0.243   0.
  2017 352  4 41 32 488 352.195514913      -4.83      4.55     -0.85  0.       -5475.838       6033.342       2414.542    0.000  -0.088   0.242   0.
  2017 352  4 41 33 488 352.195526487      -4.48      4.22     -0.58  0.       -5476.323       6032.572       2412.889    0.000  -0.088   0.242   0.
  2017 352  4 41 34 488 352.195538059      -3.98      4.20     -1.04  0.       -5476.807       6031.801       2411.237    0.000  -0.088   0.241   0.
  2017 352  4 41 35 488 352.195549633      -3.53      3.88     -1.58  0.       -5477.291       6031.030       2409.584    0.000  -0.088   0.241   0.
  2017 352  4 41 36 488 352.195561207      -3.46      3.67     -1.69  0.       -5477.774       6030.258       2407.932    0.000  -0.087   0.240   0.
  2017 352  4 41 37 488 352.195572781      -3.75      3.17     -1.25  0.       -5478.258       6029.486       2406.279    0.000  -0.087   0.240   0.
  2017 352  4 41 38 488 352.195584355      -3.74      2.76     -0.60  0.       -5478.740       6028.714       2404.625    0.000  -0.087   0.238   0.
  2017 352  4 41 39 488 352.195595929      -3.91      2.37     -0.19  0.       -5479.223       6027.941       2402.972    0.000  -0.087   0.238   0.
  2017 352  4 41 40 488 352.195607503      -3.76      1.72      0.85  0.       -5479.705       6027.167       2401.319    0.000  -0.086   0.237   0.
  2017 352  4 41 41 488 352.195619077      -3.22      1.59      0.85  0.       -5480.186       6026.394       2399.665    0.000  -0.086   0.237   0.
  2017 352  4 41 42 488 352.195630651      -2.86      1.42      0.59  0.       -5480.668       6025.619       2398.012    0.000  -0.086   0.237   0.
  2017 352  4 41 43 488 352.195642225      -3.17      1.36      0.93  0.       -5481.149       6024.845       2396.358    0.000  -0.086   0.237   0.
  2017 352  4 41 44 488 352.195653799      -3.14      1.04      0.68  0.       -5481.629       6024.070       2394.704    0.000  -0.086   0.235   0.
  2017 352  4 41 45 488 352.195665373      -2.78      0.79      0.96  0.       -5482.109       6023.294       2393.049    0.000  -0.086   0.235   0.
  2017 352  4 41 46 488 352.195676947      -3.02      0.83      1.21  0.       -5482.589       6022.518       2391.395    0.000  -0.085   0.234   0.
  2017 352  4 41 47 488 352.195688521      -4.42      0.89      1.67  0.       -5483.068       6021.742       2389.740    0.000  -0.085   0.234   0.
  2017 352  4 41 48 488 352.195700096      -4.08      0.96      2.38  0.       -5483.547       6020.965       2388.086    0.000  -0.085   0.233   0.
  2017 352  4 41 49 488 352.195711670      -3.56      1.02      2.47  0.       -5484.025       6020.188       2386.431    0.000  -0.085   0.233   0.
  2017 352  4 41 50 488 352.195723244      -3.75      1.01      2.32  0.       -5484.504       6019.411       2384.776    0.000  -0.084   0.232   0.
  2017 352  4 41 51 488 352.195734818      -4.15      1.07      2.48  0.       -5484.981       6018.633       2383.120    0.000  -0.084   0.232   0.
  2017 352  4 41 52 488 352.195746392      -4.47      1.37      2.88  0.       -5485.459       6017.854       2381.465    0.000  -0.084   0.231   0.
  2017 352  4 41 53 488 352.195757966      -4.02      1.60      3.18  0.       -5485.936       6017.076       2379.809    0.000  -0.084   0.231   0.
  2017 352  4 41 54 488 352.195769540      -3.50      2.15      2.60  0.       -5486.412       6016.296       2378.153    0.000  -0.084   0.230   0.
  2017 352  4 41 55 488 352.195781114      -3.13      2.19      1.80  0.       -5486.889       6015.517       2376.497    0.000  -0.084   0.230   0.
  2017 352  4 41 56 488 352.195792688      -3.31      1.93      2.02  0.       -5487.364       6014.737       2374.841    0.000  -0.083   0.229   0.
  2017 352  4 41 57 488 352.195804262      -3.68      1.32      2.27  0.       -5487.840       6013.956       2373.185    0.000  -0.083   0.229   0.
  2017 352  4 41 58 488 352.195815836      -3.51      1.74      2.91  0.       -5488.315       6013.175       2371.529    0.000  -0.083   0.228   0.
  2017 352  4 41 59 488 352.195827410      -3.07      2.67      2.65  0.       -5488.790       6012.394       2369.872    0.000  -0.083   0.228   0.
  2017 352  4 42  0 488 352.195838984      -1.94      2.59      1.52  0.       -5489.264       6011.612       2368.215    0.000  -0.083   0.227   0.
  2017 352  4 42  1 488 352.195850558      -2.07      2.29      1.06  0.       -5489.738       6010.830       2366.559    0.000  -0.083   0.227   0.
  2017 352  4 42  2 488 352.195862133      -1.78      2.34      0.64  0.       -5490.211       6010.047       2364.901    0.000  -0.082   0.225   0.
  2017 352  4 42  3 488 352.195873707      -1.54      2.60      0.92  0.       -5490.685       6009.264       2363.244    0.000  -0.082   0.225   0.
  2017 352  4 42  4 488 352.195885278      -1.54      2.84      1.30  0.       -5491.157       6008.481       2361.587    0.000  -0.082   0.225   0.
  2017 352  4 42  5 488 352.195896852      -1.85      3.33      1.87  0.       -5491.630       6007.697       2359.929    0.000  -0.082   0.225   0.
  2017 352  4 42  6 488 352.195908426      -1.63      3.34      1.97  0.       -5492.102       6006.913       2358.271    0.000  -0.081   0.223   0.
  2017 352  4 42  7 488 352.195920000      -1.40      2.66      0.81  0.       -5492.573       6006.128       2356.613    0.000  -0.081   0.223   0.
  2017 352  4 42  8 487 352.195931574      -1.65      2.32      0.37  0.       -5493.044       6005.343       2354.955    0.000  -0.081   0.222   0.
  2017 352  4 42  9 487 352.195943148      -1.49      2.41      0.32  0.       -5493.515       6004.557       2353.297    0.000  -0.081   0.222   0.
  2017 352  4 42 10 487 352.195954722      -1.33      1.95     -2.31  0.       -5493.986       6003.771       2351.639    0.000  -0.081   0.221   0.
  2017 352  4 42 11 487 352.195966296      -1.69      2.11     -3.07  0.       -5494.456       6002.985       2349.980    0.000  -0.081   0.221   0.
  2017 352  4 42 12 488 352.195977870      -1.62      1.52     -2.56  0.       -5494.925       6002.198       2348.321    0.000  -0.080   0.220   0.
  2017 352  4 42 13 488 352.195989444      -1.39      1.34     -1.66  0.       -5495.395       6001.411       2346.662    0.000  -0.080   0.220   0.
  2017 352  4 42 14 487 352.196001019      -1.45      0.91     -1.08  0.       -5495.864       6000.623       2345.003    0.000  -0.080   0.219   0.
  2017 352  4 42 15 487 352.196012593      -1.72      0.94     -0.75  0.       -5496.332       5999.835       2343.344    0.000  -0.080   0.219   0.
  2017 352  4 42 16 488 352.196024167      -2.39      1.20     -0.54  0.       -5496.800       5999.046       2341.685    0.000  -0.079   0.218   0.
  2017 352  4 42 17 488 352.196035741      -2.59      1.43     -0.53  0.       -5497.268       5998.257       2340.025    0.000  -0.079   0.218   0.
  2017 352  4 42 18 488 352.196047315      -1.88      1.34     -0.39  0.       -5497.735       5997.468       2338.365    0.000  -0.079   0.217   0.
  2017 352  4 42 19 488 352.196058889      -1.79      2.18     -0.93  0.       -5498.202       5996.678       2336.705    0.000  -0.079   0.217   0.
  2017 352  4 42 20 488 352.196070463      -1.67      2.25     -1.51  0.       -5498.669       5995.888       2335.045    0.000  -0.079   0.216   0.
  2017 352  4 42 21 487 352.196082037      -1.84      2.24     -1.71  0.       -5499.135       5995.097       2333.385    0.000  -0.079   0.216   0.
  2017 352  4 42 22 487 352.196093611      -1.81      2.26     -1.78  0.       -5499.601       5994.306       2331.725    0.000  -0.078   0.215   0.
  2017 352  4 42 23 487 352.196105185      -1.32      1.68     -1.96  0.       -5500.066       5993.515       2330.064    0.000  -0.078   0.215   0.
  2017 352  4 42 24 487 352.196116759      -0.95      0.92     -2.24  0.       -5500.531       5992.723       2328.403    0.000  -0.078   0.214   0.
  2017 352  4 42 25 487 352.196128333      -0.95      0.92     -1.97  0.       -5500.996       5991.930       2326.743    0.000  -0.078   0.214   0.
  2017 352  4 42 26 488 352.196139907      -1.23      1.05     -2.50  0.       -5501.460       5991.138       2325.081    0.000  -0.077   0.213   0.
  2017 352  4 42 27 488 352.196151481      -0.61      1.50     -2.37  0.       -5501.924       5990.344       2323.420    0.000  -0.077   0.213   0.
  2017 352  4 42 28 487 352.196163056      -0.26      1.21     -2.15  0.       -5502.387       5989.551       2321.759    0.000  -0.077   0.212   0.
  2017 352  4 42 29 487 352.196174630      -0.46      1.16     -1.90  0.       -5502.850       5988.757       2320.097    0.000  -0.077   0.212   0.
  2017 352  4 42 30 488 352.196186204      -1.24      1.55     -1.34  0.       -5503.313       5987.962       2318.436    0.000  -0.077   0.211   0.
  2017 352  4 42 31 488 352.196197778      -2.19      1.90     -1.12  0.       -5503.775       5987.167       2316.774    0.000  -0.077   0.211   0.
  2017 352  4 42 32 488 352.196209352      -2.27      2.31     -1.77  0.       -5504.237       5986.372       2315.112    0.000  -0.076   0.210   0.
  2017 352  4 42 33 488 352.196220926      -2.20      2.37     -2.17  0.       -5504.699       5985.576       2313.449    0.000  -0.076   0.210   0.
  2017 352  4 42 34 488 352.196232498      -2.21      2.01     -2.14  0.       -5505.160       5984.780       2311.787    0.000  -0.076   0.208   0.
  2017 352  4 42 35 487 352.196244071      -2.32      1.82     -2.08  0.       -5505.621       5983.984       2310.124    0.000  -0.076   0.208   0.
  2017 352  4 42 36 487 352.196255645      -2.54      1.90     -2.10  0.       -5506.081       5983.187       2308.462    0.000  -0.075   0.207   0.
  2017 352  4 42 37 487 352.196267219      -2.63      2.05     -2.02  0.       -5506.541       5982.389       2306.799    0.000  -0.075   0.207   0.
  2017 352  4 42 38 487 352.196278793      -2.52      2.23     -2.00  0.       -5507.000       5981.591       2305.136    0.000  -0.075   0.206   0.
  2017 352  4 42 39 487 352.196290367      -2.18      2.33     -1.83  0.       -5507.460       5980.793       2303.473    0.000  -0.075   0.206   0.
  2017 352  4 42 40 487 352.196301942      -1.95      2.48     -1.76  0.       -5507.918       5979.994       2301.809    0.000  -0.075   0.205   0.
  2017 352  4 42 41 487 352.196313516      -1.46      2.35     -1.37  0.       -5508.377       5979.195       2300.146    0.000  -0.075   0.205   0.
  2017 352  4 42 42 487 352.196325090      -0.85      2.26     -1.16  0.       -5508.835       5978.396       2298.482    0.000  -0.074   0.204   0.
  2017 352  4 42 43 487 352.196336664      -0.36      2.43     -1.26  0.       -5509.292       5977.596       2296.818    0.000  -0.074   0.204   0.
  2017 352  4 42 44 487 352.196348238       0.22      1.85     -1.09  0.       -5509.750       5976.795       2295.154    0.000  -0.074   0.203   0.
  2017 352  4 42 45 487 352.196359812       0.41      1.00     -1.23  0.       -5510.206       5975.994       2293.490    0.000  -0.074   0.203   0.
  2017 352  4 42 46 487 352.196371386       0.53      0.49     -1.35  0.       -5510.663       5975.193       2291.826    0.000  -0.073   0.202   0.
  2017 352  4 42 47 487 352.196382960       0.94     -0.01     -0.86  0.       -5511.119       5974.391       2290.161    0.000  -0.073   0.202   0.
  2017 352  4 42 48 487 352.196394534       0.32      0.05     -0.92  0.       -5511.574       5973.589       2288.497    0.000  -0.073   0.201   0.
  2017 352  4 42 49 487 352.196406108      -0.26     -0.37     -1.40  0.       -5512.030       5972.787       2286.832    0.000  -0.073   0.201   0.
  2017 352  4 42 50 487 352.196417682       0.05     -1.29     -1.63  0.       -5512.485       5971.984       2285.167    0.000  -0.073   0.200   0.
  2017 352  4 42 51 487 352.196429256       0.05     -1.25     -1.52  0.       -5512.939       5971.180       2283.502    0.000  -0.073   0.200   0.
  2017 352  4 42 52 487 352.196440830      -0.22     -0.89     -1.13  0.       -5513.393       5970.377       2281.836    0.000  -0.072   0.199   0.
  2017 352  4 42 53 487 352.196452404      -0.61     -0.57     -0.44  0.       -5513.847       5969.572       2280.171    0.000  -0.072   0.199   0.
  2017 352  4 42 54 487 352.196463979      -0.99      1.09      0.17  0.       -5514.300       5968.768       2278.505    0.000  -0.072   0.198   0.
  2017 352  4 42 55 487 352.196475553      -0.88      1.86      0.47  0.       -5514.753       5967.962       2276.839    0.000  -0.072   0.198   0.
  2017 352  4 42 56 487 352.196487127      -0.80      2.12      0.68  0.       -5515.206       5967.157       2275.173    0.000  -0.072   0.197   0.
  2017 352  4 42 57 487 352.196498701      -0.90      2.08      0.67  0.       -5515.658       5966.351       2273.507    0.000  -0.072   0.197   0.
  2017 352  4 42 58 487 352.196510275      -0.46      1.89      0.68  0.       -5516.109       5965.545       2271.841    0.000  -0.071   0.195   0.
  2017 352  4 42 59 487 352.196521849      -0.13      1.74      0.72  0.       -5516.561       5964.738       2270.175    0.000  -0.071   0.195   0.
  2017 352  4 43  0 487 352.196533423      -0.36      1.72      0.51  0.       -5517.012       5963.931       2268.508    0.000  -0.071   0.194   0.
  2017 352  4 43  1 487 352.196544997      -0.25      1.48     -0.03  0.       -5517.462       5963.123       2266.841    0.000  -0.071   0.194   0.
  2017 352  4 43  2 487 352.196556571      -0.60      0.69     -0.35  0.       -5517.912       5962.315       2265.174    0.000  -0.070   0.193   0.
  2017 352  4 43  3 487 352.196568145      -1.04      0.84     -0.12  0.       -5518.362       5961.507       2263.507    0.000  -0.070   0.193   0.
  2017 352  4 43  4 487 352.196579717      -2.02      1.52      0.01  0.       -5518.811       5960.698       2261.840    0.000  -0.070   0.192   0.
  2017 352  4 43  5 487 352.196591291      -2.09      1.57      0.06  0.       -5519.260       5959.888       2260.173    0.000  -0.070   0.192   0.
  2017 352  4 43  6 487 352.196602865      -2.28      1.65     -0.71  0.       -5519.709       5959.078       2258.505    0.000  -0.070   0.191   0.
  2017 352  4 43  7 487 352.196614439      -2.05      1.60     -0.59  0.       -5520.157       5958.268       2256.837    0.000  -0.070   0.191   0.
  2017 352  4 43  8 487 352.196626013      -0.77      0.80     -1.81  0.       -5520.605       5957.458       2255.169    0.000  -0.069   0.190   0.
  2017 352  4 43  9 487 352.196637587       0.45     -0.81     -3.38  0.       -5521.052       5956.647       2253.501    0.000  -0.069   0.190   0.
  2017 352  4 43 10 487 352.196649161       0.33     -0.95     -4.27  0.       -5521.499       5955.835       2251.833    0.000  -0.069   0.189   0.
  2017 352  4 43 11 487 352.196660735      -0.50     -1.25     -4.09  0.       -5521.946       5955.023       2250.165    0.000  -0.069   0.189   0.
  2017 352  4 43 12 487 352.196672309      -1.85     -1.08     -2.35  0.       -5522.392       5954.211       2248.496    0.000  -0.068   0.188   0.
  2017 352  4 43 13 487 352.196683883      -1.84     -0.45     -1.16  0.       -5522.838       5953.398       2246.827    0.000  -0.068   0.188   0.
  2017 352  4 43 14 487 352.196695457      -2.02      0.25     -0.58  0.       -5523.283       5952.585       2245.158    0.000  -0.068   0.187   0.
  2017 352  4 43 15 487 352.196707031      -1.86      0.96     -0.66  0.       -5523.728       5951.771       2243.489    0.000  -0.068   0.187   0.
  2017 352  4 43 16 487 352.196718605      -1.91      0.89     -1.38  0.       -5524.173       5950.957       2241.820    0.000  -0.067   0.185   0.
  2017 352  4 43 17 487 352.196730179      -1.83      0.71     -1.77  0.       -5524.617       5950.143       2240.151    0.000  -0.067   0.185   0.
  2017 352  4 43 18 487 352.196741754      -1.69      0.54     -1.52  0.       -5525.061       5949.328       2238.481    0.000  -0.067   0.184   0.
  2017 352  4 43 19 487 352.196753328      -1.56      0.76     -1.23  0.       -5525.504       5948.513       2236.812    0.000  -0.067   0.184   0.
  2017 352  4 43 20 487 352.196764902      -1.22      0.98     -1.05  0.       -5525.947       5947.697       2235.142    0.000  -0.067   0.183   0.
  2017 352  4 43 21 487 352.196776476      -0.98      1.27     -1.02  0.       -5526.390       5946.881       2233.472    0.000  -0.067   0.183   0.
  2017 352  4 43 22 487 352.196788050      -0.73      1.80     -1.07  0.       -5526.832       5946.064       2231.802    0.000  -0.066   0.182   0.
  2017 352  4 43 23 487 352.196799624      -0.80      1.92     -1.41  0.       -5527.274       5945.247       2230.131    0.000  -0.066   0.182   0.
  2017 352  4 43 24 487 352.196811198      -0.91      1.56     -1.43  0.       -5527.715       5944.430       2228.461    0.000  -0.066   0.181   0.
  2017 352  4 43 25 487 352.196822772      -1.29      1.22     -1.35  0.       -5528.156       5943.612       2226.790    0.000  -0.066   0.181   0.
  2017 352  4 43 26 487 352.196834346      -1.47      1.41     -0.77  0.       -5528.597       5942.794       2225.119    0.000  -0.065   0.180   0.
  2017 352  4 43 27 487 352.196845920      -1.05      1.25     -0.27  0.       -5529.037       5941.975       2223.449    0.000  -0.065   0.180   0.
  2017 352  4 43 28 487 352.196857494      -1.20      0.88      0.29  0.       -5529.477       5941.156       2221.777    0.000  -0.065   0.179   0.
  2017 352  4 43 29 487 352.196869068      -0.84      0.12     -0.09  0.       -5529.917       5940.336       2220.106    0.000  -0.065   0.179   0.
  2017 352  4 43 30 487 352.196880642      -0.57     -0.61     -0.77  0.       -5530.356       5939.516       2218.435    0.000  -0.065   0.177   0.
  2017 352  4 43 31 487 352.196892216      -0.44     -0.68     -0.68  0.       -5530.794       5938.696       2216.763    0.000  -0.065   0.177   0.
  2017 352  4 43 32 487 352.196903791      -0.69     -0.22     -0.46  0.       -5531.233       5937.875       2215.091    0.000  -0.064   0.177   0.
  2017 352  4 43 33 487 352.196915365      -0.58      0.07     -0.51  0.       -5531.670       5937.053       2213.419    0.000  -0.064   0.177   0.
  2017 352  4 43 34 487 352.196926936      -0.17      0.04     -0.55  0.       -5532.108       5936.232       2211.747    0.000  -0.064   0.176   0.
  2017 352  4 43 35 487 352.196938510      -0.04     -0.16     -0.74  0.       -5532.545       5935.410       2210.075    0.000  -0.064   0.176   0.
  2017 352  4 43 36 487 352.196950084      -0.12     -0.41     -0.79  0.       -5532.982       5934.587       2208.403    0.000  -0.064   0.175   0.
  2017 352  4 43 37 487 352.196961658       0.01     -0.06     -0.81  0.       -5533.418       5933.764       2206.730    0.000  -0.064   0.175   0.
  2017 352  4 43 38 487 352.196973232      -0.09     -0.04     -0.92  0.       -5533.854       5932.941       2205.057    0.000  -0.063   0.174   0.
  2017 352  4 43 39 487 352.196984806      -0.08     -0.49     -1.26  0.       -5534.289       5932.117       2203.385    0.000  -0.063   0.174   0.
  2017 352  4 43 40 487 352.196996380       0.23     -0.90     -1.17  0.       -5534.724       5931.292       2201.712    0.000  -0.063   0.172   0.
  2017 352  4 43 41 487 352.197007954       0.21     -1.03     -1.70  0.       -5535.159       5930.468       2200.038    0.000  -0.063   0.172   0.
  2017 352  4 43 42 487 352.197019528       0.12     -0.88     -1.62  0.       -5535.593       5929.643       2198.365    0.000  -0.062   0.171   0.
  2017 352  4 43 43 487 352.197031102       0.26     -0.71     -1.33  0.       -5536.027       5928.817       2196.691    0.000  -0.062   0.171   0.
  2017 352  4 43 44 487 352.197042677       0.34     -1.15     -1.60  0.       -5536.461       5927.991       2195.018    0.000  -0.062   0.170   0.
  2017 352  4 43 45 487 352.197054251       0.56     -1.12     -1.53  0.       -5536.894       5927.165       2193.344    0.000  -0.062   0.170   0.
  2017 352  4 43 46 487 352.197065825      -0.05     -0.95     -1.71  0.       -5537.326       5926.338       2191.670    0.000  -0.062   0.169   0.
  2017 352  4 43 47 487 352.197077399      -0.20      0.33     -2.24  0.       -5537.759       5925.510       2189.996    0.000  -0.062   0.169   0.
  2017 352  4 43 48 487 352.197088973      -0.30      0.48     -3.30  0.       -5538.190       5924.683       2188.322    0.000  -0.061   0.169   0.
  2017 352  4 43 49 487 352.197100547      -0.11      0.48     -3.63  0.       -5538.622       5923.855       2186.647    0.000  -0.061   0.169   0.
  2017 352  4 43 50 487 352.197112121       0.16      0.16     -3.60  0.       -5539.053       5923.026       2184.972    0.000  -0.061   0.168   0.
  2017 352  4 43 51 487 352.197123695       0.28     -0.53     -3.89  0.       -5539.484       5922.197       2183.298    0.000  -0.061   0.168   0.
  2017 352  4 43 52 487 352.197135269       0.02     -1.58     -3.82  0.       -5539.914       5921.368       2181.623    0.000  -0.061   0.167   0.
  2017 352  4 43 53 487 352.197146843       0.31     -1.62     -3.84  0.       -5540.344       5920.538       2179.948    0.000  -0.061   0.167   0.
  2017 352  4 43 54 487 352.197158417       0.38     -1.43     -3.86  0.       -5540.773       5919.708       2178.273    0.000  -0.060   0.166   0.
  2017 352  4 43 55 487 352.197169991       0.09     -1.40     -3.82  0.       -5541.202       5918.877       2176.597    0.000  -0.060   0.166   0.
  2017 352  4 43 56 487 352.197181565      -1.40     -0.87     -3.02  0.       -5541.631       5918.046       2174.922    0.000  -0.060   0.165   0.
  2017 352  4 43 57 487 352.197193139      -1.36     -0.29     -2.34  0.       -5542.060       5917.214       2173.246    0.000  -0.060   0.165   0.
  2017 352  4 43 58 487 352.197204714       0.26      0.65     -2.38  0.       -5542.487       5916.382       2171.570    0.000  -0.060   0.164   0.
  2017 352  4 43 59 487 352.197216288       1.01      0.94     -2.45  0.       -5542.915       5915.550       2169.894    0.000  -0.060   0.164   0.
  2017 352  4 44  0 487 352.197227862       1.54      1.27     -2.89  0.       -5543.342       5914.717       2168.218    0.000  -0.060   0.164   0.
  2017 352  4 44  1 487 352.197239436       1.08      0.40     -3.24  0.       -5543.769       5913.884       2166.541    0.000  -0.060   0.164   0.
  2017 352  4 44  2 487 352.197251010      -0.01     -0.20     -2.18  0.       -5544.195       5913.050       2164.865    0.000  -0.059   0.163   0.
  2017 352  4 44  3 487 352.197262584      -0.85      0.22     -1.62  0.       -5544.621       5912.216       2163.188    0.000  -0.059   0.163   0.
  2017 352  4 44  4 486 352.197274155      -3.43     -0.18     -2.50  0.       -5545.046       5911.381       2161.512    0.000  -0.059   0.162   0.
  2017 352  4 44  5 486 352.197285729      -3.96     -0.10     -2.19  0.       -5545.471       5910.546       2159.835    0.000  -0.059   0.162   0.
  2017 352  4 44  6 486 352.197297303      -3.81      0.04     -1.75  0.       -5545.896       5909.711       2158.157    0.000  -0.059   0.161   0.
  2017 352  4 44  7 486 352.197308877      -4.17      0.23     -1.32  0.       -5546.320       5908.875       2156.480    0.000  -0.059   0.161   0.
  2017 352  4 44  8 487 352.197320451      -4.18      0.30     -0.56  0.       -5546.744       5908.039       2154.803    0.000  -0.059   0.161   0.
  2017 352  4 44  9 487 352.197332025      -4.16      0.29      0.32  0.       -5547.167       5907.202       2153.125    0.000  -0.059   0.161   0.
  2017 352  4 44 10 486 352.197343600      -3.86      0.46      1.20  0.       -5547.590       5906.365       2151.447    0.000  -0.058   0.160   0.
  2017 352  4 44 11 486 352.197355174      -3.72      0.99      2.29  0.       -5548.013       5905.527       2149.769    0.000  -0.058   0.160   0.
  2017 352  4 44 12 487 352.197366748      -3.38      1.76      3.34  0.       -5548.435       5904.689       2148.091    0.000  -0.058   0.160   0.
  2017 352  4 44 13 487 352.197378322      -2.28      2.64      4.61  0.       -5548.857       5903.851       2146.413    0.000  -0.058   0.160   0.
  2017 352  4 44 14 487 352.197389896      -0.37      3.68      5.74  0.       -5549.279       5903.012       2144.735    0.000  -0.058   0.159   0.
  2017 352  4 44 15 487 352.197401470       0.84      4.80      6.33  0.       -5549.700       5902.173       2143.056    0.000  -0.058   0.159   0.
  2017 352  4 44 16 487 352.197413044       1.49      6.56      5.82  0.       -5550.120       5901.333       2141.378    0.000  -0.058   0.158   0.
  2017 352  4 44 17 486 352.197424618       1.51      7.45      3.64  0.       -5550.540       5900.493       2139.699    0.000  -0.058   0.158   0.
  2017 352  4 44 18 486 352.197436192       1.94      6.56      2.49  0.       -5550.960       5899.652       2138.020    0.000  -0.058   0.158   0.
  2017 352  4 44 19 486 352.197447766       1.75      5.31      1.39  0.       -5551.380       5898.811       2136.341    0.000  -0.058   0.158   0.
  2017 352  4 44 20 486 352.197459340       1.34      3.59      0.26  0.       -5551.799       5897.970       2134.661    0.000  -0.057   0.157   0.
  2017 352  4 44 21 487 352.197470914       0.94      3.02      0.22  0.       -5552.217       5897.128       2132.982    0.000  -0.057   0.157   0.
  2017 352  4 44 22 487 352.197482488       0.26      3.47      0.37  0.       -5552.636       5896.286       2131.302    0.000  -0.057   0.157   0.
  2017 352  4 44 23 487 352.197494063       0.49      3.06     -0.74  0.       -5553.053       5895.443       2129.622    0.000  -0.057   0.157   0.
  2017 352  4 44 24 486 352.197505637       0.60      1.90     -2.22  0.       -5553.471       5894.600       2127.943    0.000  -0.057   0.157   0.
  2017 352  4 44 25 487 352.197517211       0.39     -0.47     -3.76  0.       -5553.888       5893.756       2126.262    0.000  -0.057   0.157   0.
  2017 352  4 44 26 487 352.197528785      -0.43     -2.54     -3.68  0.       -5554.304       5892.912       2124.582    0.000  -0.057   0.156   0.
  2017 352  4 44 27 487 352.197540359      -0.83     -2.74     -3.79  0.       -5554.721       5892.068       2122.902    0.000  -0.057   0.156   0.
  2017 352  4 44 28 487 352.197551933      -1.08     -3.34     -2.87  0.       -5555.136       5891.223       2121.221    0.000  -0.057   0.156   0.
  2017 352  4 44 29 487 352.197563507      -2.12     -2.87     -1.95  0.       -5555.551       5890.378       2119.540    0.000  -0.057   0.156   0.
  2017 352  4 44 30 486 352.197575081      -2.91     -2.43     -1.20  0.       -5555.967       5889.532       2117.860    0.000  -0.057   0.155   0.
  2017 352  4 44 31 486 352.197586655      -2.19     -0.34      0.16  0.       -5556.381       5888.686       2116.179    0.000  -0.057   0.155   0.
  2017 352  4 44 32 486 352.197598229      -2.42      1.33      0.59  0.       -5556.795       5887.839       2114.497    0.000  -0.056   0.155   0.
  2017 352  4 44 33 486 352.197609803      -2.01      2.96      0.99  0.       -5557.209       5886.992       2112.816    0.000  -0.056   0.155   0.
  2017 352  4 44 34 486 352.197621375      -0.80      3.33      1.58  0.       -5557.622       5886.144       2111.135    0.000  -0.056   0.155   0.
  2017 352  4 44 35 486 352.197632948      -0.59      3.31      1.66  0.       -5558.035       5885.297       2109.453    0.000  -0.056   0.155   0.
  2017 352  4 44 36 486 352.197644523      -0.70      3.36      1.03  0.       -5558.448       5884.448       2107.771    0.000  -0.056   0.155   0.
  2017 352  4 44 37 486 352.197656097      -0.39      2.75      0.39  0.       -5558.860       5883.600       2106.089    0.000  -0.056   0.155   0.
  2017 352  4 44 38 486 352.197667671       0.31      2.41      0.20  0.       -5559.272       5882.750       2104.407    0.000  -0.056   0.154   0.
  2017 352  4 44 39 486 352.197679245       0.75      1.59     -0.07  0.       -5559.683       5881.901       2102.725    0.000  -0.056   0.154   0.
  2017 352  4 44 40 486 352.197690819       1.51      1.19     -0.76  0.       -5560.094       5881.051       2101.042    0.000  -0.056   0.154   0.
  2017 352  4 44 41 486 352.197702393       2.88      0.28     -1.59  0.       -5560.504       5880.200       2099.360    0.000  -0.056   0.154   0.
  2017 352  4 44 42 486 352.197713967       4.29     -0.37     -2.31  0.       -5560.914       5879.349       2097.677    0.000  -0.056   0.154   0.
  2017 352  4 44 43 486 352.197725541       5.22     -1.71     -2.64  0.       -5561.324       5878.498       2095.994    0.000  -0.056   0.154   0.
  2017 352  4 44 44 486 352.197737115       4.14     -2.16     -2.78  0.       -5561.733       5877.646       2094.311    0.000  -0.056   0.154   0.
  2017 352  4 44 45 486 352.197748689       3.54     -1.61     -2.51  0.       -5562.142       5876.794       2092.628    0.000  -0.056   0.154   0.
  2017 352  4 44 46 486 352.197760263       2.70     -1.62     -2.06  0.       -5562.550       5875.941       2090.945    0.000  -0.056   0.154   0.
  2017 352  4 44 47 486 352.197771837       1.66     -0.83     -1.68  0.       -5562.959       5875.088       2089.261    0.000  -0.056   0.154   0.
  2017 352  4 44 48 486 352.197783411       1.33     -0.62     -1.74  0.       -5563.366       5874.235       2087.578    0.000  -0.056   0.154   0.
  2017 352  4 44 49 486 352.197794986       0.91     -0.26     -1.95  0.       -5563.773       5873.381       2085.894    0.000  -0.056   0.154   0.
  2017 352  4 44 50 486 352.197806560       0.51     -0.14     -2.22  0.       -5564.180       5872.527       2084.210    0.000  -0.056   0.153   0.
  2017 352  4 44 51 486 352.197818134       0.17     -0.34     -3.24  0.       -5564.587       5871.672       2082.526    0.000  -0.056   0.153   0.
  2017 352  4 44 52 486 352.197829708       0.34     -0.58     -3.76  0.       -5564.993       5870.817       2080.842    0.000  -0.056   0.153   0.
  2017 352  4 44 53 486 352.197841282       0.12     -0.27     -3.49  0.       -5565.398       5869.961       2079.157    0.000  -0.056   0.153   0.
  2017 352  4 44 54 486 352.197852856      -0.34      0.10     -3.17  0.       -5565.803       5869.105       2077.473    0.000  -0.056   0.153   0.
  2017 352  4 44 55 486 352.197864430      -0.09      0.30     -2.67  0.       -5566.208       5868.248       2075.788    0.000  -0.056   0.153   0.
  2017 352  4 44 56 486 352.197876004       0.01      0.37     -2.22  0.       -5566.612       5867.391       2074.103    0.000  -0.056   0.153   0.
  2017 352  4 44 57 486 352.197887578      -0.04      0.34     -1.84  0.       -5567.016       5866.534       2072.418    0.000  -0.056   0.153   0.
  2017 352  4 44 58 486 352.197899152      -0.30      0.24     -2.07  0.       -5567.420       5865.676       2070.733    0.000  -0.056   0.153   0.
  2017 352  4 44 59 486 352.197910726      -0.48      0.28     -2.18  0.       -5567.823       5864.818       2069.048    0.000  -0.056   0.153   0.
  2017 352  4 45  0 486 352.197922300      -0.44      0.41     -2.28  0.       -5568.226       5863.959       2067.362    0.000  -0.056   0.154   0.
  2017 352  4 45  1 486 352.197933874      -0.26      0.48     -2.35  0.       -5568.628       5863.100       2065.676    0.000  -0.056   0.154   0.
  2017 352  4 45  2 486 352.197945448      -0.20      0.56     -2.42  0.       -5569.030       5862.241       2063.991    0.000  -0.056   0.153   0.
  2017 352  4 45  3 486 352.197957023      -0.07      0.71     -2.35  0.       -5569.432       5861.381       2062.305    0.000  -0.056   0.153   0.
  2017 352  4 45  4 486 352.197968594       0.01      0.79     -2.80  0.       -5569.833       5860.520       2060.619    0.000  -0.056   0.153   0.
  2017 352  4 45  5 486 352.197980168       0.04      0.62     -2.93  0.       -5570.233       5859.660       2058.932    0.000  -0.056   0.153   0.
  2017 352  4 45  6 486 352.197991742       0.22      0.37     -3.01  0.       -5570.634       5858.798       2057.246    0.000  -0.056   0.153   0.
  2017 352  4 45  7 486 352.198003316       0.23      0.43     -3.47  0.       -5571.033       5857.937       2055.559    0.000  -0.056   0.153   0.
  2017 352  4 45  8 486 352.198014890       0.34      0.62     -3.61  0.       -5571.433       5857.074       2053.873    0.000  -0.056   0.154   0.
  2017 352  4 45  9 486 352.198026464       0.43      0.57     -3.42  0.       -5571.832       5856.212       2052.186    0.000  -0.056   0.154   0.
  2017 352  4 45 10 486 352.198038038       0.41      0.38     -2.99  0.       -5572.230       5855.349       2050.499    0.000  -0.056   0.153   0.
  2017 352  4 45 11 486 352.198049612       0.83     -0.13     -3.06  0.       -5572.629       5854.485       2048.812    0.000  -0.056   0.153   0.
  2017 352  4 45 12 486 352.198061186       0.66     -0.14     -3.11  0.       -5573.026       5853.622       2047.125    0.000  -0.056   0.154   0.
  2017 352  4 45 13 486 352.198072760       0.62     -0.26     -2.99  0.       -5573.424       5852.757       2045.437    0.000  -0.056   0.154   0.
  2017 352  4 45 14 486 352.198084335       0.69     -0.29     -2.68  0.       -5573.821       5851.892       2043.750    0.000  -0.056   0.153   0.
  2017 352  4 45 15 486 352.198095909       0.92     -0.37     -2.45  0.       -5574.217       5851.027       2042.062    0.000  -0.056   0.153   0.
  2017 352  4 45 16 486 352.198107483       1.20     -0.24     -2.19  0.       -5574.613       5850.162       2040.374    0.000  -0.056   0.153   0.
  2017 352  4 45 17 486 352.198119057       1.56     -0.86     -1.75  0.       -5575.009       5849.296       2038.686    0.000  -0.056   0.153   0.
  2017 352  4 45 18 486 352.198130631       2.00     -1.37     -2.12  0.       -5575.404       5848.429       2036.998    0.000  -0.056   0.153   0.
  2017 352  4 45 19 486 352.198142205       2.16     -1.17     -1.93  0.       -5575.800       5847.562       2035.309    0.000  -0.056   0.153   0.
  2017 352  4 45 20 486 352.198153779       3.23     -0.64     -1.31  0.       -5576.194       5846.695       2033.621    0.000  -0.056   0.153   0.
  2017 352  4 45 21 486 352.198165353       3.75      0.10     -0.61  0.       -5576.588       5845.827       2031.932    0.000  -0.056   0.153   0.
  2017 352  4 45 22 486 352.198176927       4.32      0.65     -0.19  0.       -5576.982       5844.959       2030.243    0.000  -0.056   0.153   0.
  2017 352  4 45 23 486 352.198188501       4.60      0.60     -1.29  0.       -5577.375       5844.090       2028.554    0.000  -0.056   0.153   0.
  2017 352  4 45 24 486 352.198200075       4.94      0.44     -2.35  0.       -5577.768       5843.221       2026.865    0.000  -0.056   0.153   0.
  2017 352  4 45 25 486 352.198211649       3.89      0.11     -3.86  0.       -5578.160       5842.352       2025.176    0.000  -0.056   0.153   0.
  2017 352  4 45 26 486 352.198223223       2.39      0.30     -3.41  0.       -5578.552       5841.482       2023.487    0.000  -0.056   0.153   0.
  2017 352  4 45 27 486 352.198234797       2.38      0.72     -3.63  0.       -5578.944       5840.612       2021.797    0.000  -0.056   0.153   0.
  2017 352  4 45 28 486 352.198246371       3.51      1.55     -3.86  0.       -5579.335       5839.741       2020.107    0.000  -0.056   0.153   0.
  2017 352  4 45 29 486 352.198257946       3.09      1.76     -3.61  0.       -5579.726       5838.870       2018.417    0.000  -0.056   0.153   0.
  2017 352  4 45 30 486 352.198269520       3.29      3.62     -1.30  0.       -5580.116       5837.998       2016.727    0.000  -0.056   0.153   0.
  2017 352  4 45 31 486 352.198281094       3.62      5.18     -0.59  0.       -5580.506       5837.126       2015.037    0.000  -0.056   0.153   0.
  2017 352  4 45 32 486 352.198292668       3.21      5.67     -0.64  0.       -5580.895       5836.253       2013.347    0.000  -0.056   0.153   0.
  2017 352  4 45 33 486 352.198304242       3.09      5.80     -0.21  0.       -5581.285       5835.380       2011.657    0.000  -0.056   0.153   0.
  2017 352  4 45 34 486 352.198315813       3.24      5.67      0.19  0.       -5581.673       5834.507       2009.966    0.000  -0.056   0.153   0.
  2017 352  4 45 35 486 352.198327387       3.51      5.57      0.76  0.       -5582.062       5833.633       2008.275    0.000  -0.056   0.153   0.
  2017 352  4 45 36 486 352.198338961       3.54      5.82      1.08  0.       -5582.449       5832.759       2006.584    0.000  -0.056   0.153   0.
  2017 352  4 45 37 486 352.198350535       3.70      6.56      1.34  0.       -5582.837       5831.884       2004.893    0.000  -0.056   0.153   0.
  2017 352  4 45 38 486 352.198362109       4.34      6.94      0.62  0.       -5583.224       5831.009       2003.202    0.000  -0.056   0.153   0.
  2017 352  4 45 39 486 352.198373683       4.07      6.75     -0.42  0.       -5583.611       5830.134       2001.511    0.000  -0.056   0.153   0.
  2017 352  4 45 40 486 352.198385258       3.11      5.12     -1.78  0.       -5583.997       5829.258       1999.819    0.000  -0.056   0.153   0.
  2017 352  4 45 41 486 352.198396832       2.38      3.78     -2.68  0.       -5584.383       5828.381       1998.128    0.000  -0.056   0.153   0.
  2017 352  4 45 42 486 352.198408406       1.87      3.30     -2.73  0.       -5584.768       5827.504       1996.436    0.000  -0.056   0.153   0.
  2017 352  4 45 43 486 352.198419980       0.80      3.34      1.20  0.       -5585.153       5826.627       1994.744    0.000  -0.056   0.153   0.
  2017 352  4 45 44 486 352.198431554      -0.21      4.17     -0.15  0.       -5585.537       5825.749       1993.052    0.000  -0.056   0.153   0.
  2017 352  4 45 45 486 352.198443128      -1.19      3.68     -1.50  0.       -5585.922       5824.871       1991.360    0.000  -0.056   0.153   0.
  2017 352  4 45 46 486 352.198454702      -0.99      2.53     -1.72  0.       -5586.305       5823.993       1989.667    0.000  -0.056   0.153   0.
  2017 352  4 45 47 486 352.198466276      -0.20      0.74     -2.09  0.       -5586.689       5823.114       1987.975    0.000  -0.056   0.153   0.
  2017 352  4 45 48 486 352.198477850      -0.24     -1.19     -0.98  0.       -5587.071       5822.234       1986.282    0.000  -0.056   0.153   0.
  2017 352  4 45 49 486 352.198489424      -0.16     -0.49     -0.87  0.       -5587.454       5821.354       1984.589    0.000  -0.056   0.153   0.
  2017 352  4 45 50 486 352.198500998       0.48      0.76     -0.88  0.       -5587.836       5820.474       1982.896    0.000  -0.056   0.153   0.
  2017 352  4 45 51 486 352.198512572       0.35      0.73     -0.80  0.       -5588.218       5819.593       1981.203    0.000  -0.056   0.153   0.
  2017 352  4 45 52 486 352.198524146      -0.17     -0.15     -1.02  0.       -5588.599       5818.712       1979.510    0.000  -0.056   0.153   0.
  2017 352  4 45 53 486 352.198535721      -0.27      0.40     -0.89  0.       -5588.980       5817.830       1977.816    0.000  -0.056   0.153   0.
  2017 352  4 45 54 486 352.198547295      -0.23      0.47     -0.97  0.       -5589.360       5816.948       1976.123    0.000  -0.056   0.153   0.
  2017 352  4 45 55 486 352.198558869      -0.99     -0.85     -0.84  0.       -5589.740       5816.066       1974.429    0.000  -0.056   0.153   0.
  2017 352  4 45 56 486 352.198570443      -2.35     -2.26     -0.32  0.       -5590.119       5815.183       1972.735    0.000  -0.056   0.153   0.
  2017 352  4 45 57 486 352.198582017      -2.44     -1.52      0.56  0.       -5590.498       5814.299       1971.041    0.000  -0.056   0.153   0.
  2017 352  4 45 58 486 352.198593591      -1.89      0.05      0.39  0.       -5590.877       5813.415       1969.347    0.000  -0.056   0.153   0.
  2017 352  4 45 59 486 352.198605165      -0.42      0.18     -0.26  0.       -5591.256       5812.531       1967.653    0.000  -0.056   0.153   0.
  2017 352  4 46  0 486 352.198616739       0.01      0.02     -0.24  0.       -5591.633       5811.646       1965.958    0.000  -0.056   0.153   0.
  2017 352  4 46  1 486 352.198628313       0.32      0.12     -0.46  0.       -5592.011       5810.761       1964.264    0.000  -0.056   0.153   0.
  2017 352  4 46  2 486 352.198639887      -0.21      0.43     -0.73  0.       -5592.388       5809.876       1962.569    0.000  -0.056   0.153   0.
  2017 352  4 46  3 486 352.198651461      -0.96     -0.30     -1.56  0.       -5592.764       5808.990       1960.874    0.000  -0.056   0.153   0.
  2017 352  4 46  4 486 352.198663033      -0.37     -0.59     -2.09  0.       -5593.140       5808.103       1959.179    0.000  -0.056   0.153   0.
  2017 352  4 46  5 486 352.198674606      -0.52      0.32     -2.61  0.       -5593.516       5807.216       1957.484    0.000  -0.056   0.153   0.
  2017 352  4 46  6 485 352.198686181      -0.09      0.61     -1.93  0.       -5593.892       5806.329       1955.789    0.000  -0.056   0.153   0.
  2017 352  4 46  7 485 352.198697755       0.33      1.03     -1.65  0.       -5594.267       5805.442       1954.093    0.000  -0.056   0.153   0.
  2017 352  4 46  8 486 352.198709329       0.47      1.80     -1.96  0.       -5594.641       5804.553       1952.397    0.000  -0.056   0.153   0.
  2017 352  4 46  9 486 352.198720903       0.82      2.82     -2.94  0.       -5595.015       5803.665       1950.701    0.000  -0.056   0.153   0.
  2017 352  4 46 10 486 352.198732477       1.10      3.08     -3.26  0.       -5595.389       5802.776       1949.005    0.000  -0.056   0.153   0.
  2017 352  4 46 11 486 352.198744051       1.14      3.21     -2.90  0.       -5595.762       5801.886       1947.309    0.000  -0.056   0.153   0.
  2017 352  4 46 12 485 352.198755625       1.18      3.40     -2.57  0.       -5596.135       5800.996       1945.614    0.000  -0.056   0.153   0.
  2017 352  4 46 13 485 352.198767199       1.74      3.21     -2.48  0.       -5596.507       5800.106       1943.917    0.000  -0.056   0.153   0.
  2017 352  4 46 14 485 352.198778773       2.18      3.29     -1.87  0.       -5596.879       5799.215       1942.220    0.000  -0.056   0.153   0.
  2017 352  4 46 15 485 352.198790347       1.95      2.46     -1.44  0.       -5597.251       5798.324       1940.524    0.000  -0.056   0.153   0.
  2017 352  4 46 16 485 352.198801921       2.20      1.58     -2.21  0.       -5597.622       5797.432       1938.827    0.000  -0.056   0.153   0.
  2017 352  4 46 17 486 352.198813495       3.32      0.82     -2.83  0.       -5597.993       5796.540       1937.130    0.000  -0.056   0.153   0.
  2017 352  4 46 18 486 352.198825069       3.92     -0.31     -3.10  0.       -5598.363       5795.648       1935.433    0.000  -0.056   0.153   0.
  2017 352  4 46 19 485 352.198836644       3.98     -1.48     -3.63  0.       -5598.733       5794.755       1933.736    0.000  -0.056   0.153   0.
  2017 352  4 46 20 485 352.198848218       3.39     -1.56     -3.69  0.       -5599.102       5793.861       1932.038    0.000  -0.056   0.153   0.
  2017 352  4 46 21 486 352.198859792       3.51     -2.55     -4.10  0.       -5599.471       5792.967       1930.341    0.000  -0.056   0.153   0.
  2017 352  4 46 22 486 352.198871366       3.43     -2.43     -3.11  0.       -5599.840       5792.073       1928.643    0.000  -0.056   0.153   0.
  2017 352  4 46 23 486 352.198882940       3.08     -2.09     -2.44  0.       -5600.209       5791.178       1926.945    0.000  -0.056   0.153   0.
  2017 352  4 46 24 486 352.198894514       2.47     -2.20     -1.21  0.       -5600.576       5790.283       1925.247    0.000  -0.056   0.153   0.
  2017 352  4 46 25 486 352.198906088       1.16     -1.47     -1.14  0.       -5600.943       5789.388       1923.549    0.000  -0.056   0.153   0.
  2017 352  4 46 26 485 352.198917662       0.87     -0.90     -1.47  0.       -5601.310       5788.492       1921.851    0.000  -0.056   0.153   0.
  2017 352  4 46 27 485 352.198929236       0.51     -0.46     -1.31  0.       -5601.677       5787.595       1920.153    0.000  -0.056   0.153   0.
  2017 352  4 46 28 485 352.198940810       0.40     -0.52     -1.99  0.       -5602.043       5786.698       1918.454    0.000  -0.056   0.153   0.
  2017 352  4 46 29 485 352.198952384       0.08      0.07     -2.02  0.       -5602.409       5785.801       1916.755    0.000  -0.056   0.153   0.
  2017 352  4 46 30 485 352.198963958       0.42      0.80     -2.06  0.       -5602.774       5784.903       1915.056    0.000  -0.056   0.153   0.
  2017 352  4 46 31 486 352.198975532       1.64      0.17     -3.10  0.       -5603.139       5784.005       1913.358    0.000  -0.056   0.153   0.
  2017 352  4 46 32 486 352.198987106       2.03     -1.53     -3.51  0.       -5603.503       5783.106       1911.658    0.000  -0.056   0.153   0.
  2017 352  4 46 33 485 352.198998681       2.25     -1.95     -3.55  0.       -5603.867       5782.207       1909.959    0.000  -0.056   0.153   0.
  2017 352  4 46 34 485 352.199010252       2.09     -1.56     -3.77  0.       -5604.231       5781.308       1908.260    0.000  -0.056   0.153   0.
  2017 352  4 46 35 485 352.199021826       2.07     -2.29     -3.55  0.       -5604.594       5780.408       1906.560    0.000  -0.056   0.153   0.
  2017 352  4 46 36 485 352.199033400       2.39     -2.08     -3.33  0.       -5604.956       5779.507       1904.860    0.000  -0.056   0.153   0.
  2017 352  4 46 37 485 352.199044974       3.43     -1.28     -3.55  0.       -5605.319       5778.607       1903.161    0.000  -0.056   0.153   0.
  2017 352  4 46 38 485 352.199056548       3.58     -1.63     -3.62  0.       -5605.681       5777.705       1901.461    0.000  -0.056   0.153   0.
  2017 352  4 46 39 485 352.199068122       3.50     -1.81     -3.73  0.       -5606.042       5776.804       1899.760    0.000  -0.056   0.153   0.
  2017 352  4 46 40 485 352.199079696       3.67     -2.25     -3.86  0.       -5606.403       5775.901       1898.060    0.000  -0.056   0.153   0.
  2017 352  4 46 41 485 352.199091270       2.87     -2.69     -4.28  0.       -5606.764       5774.999       1896.360    0.000  -0.056   0.153   0.
  2017 352  4 46 42 485 352.199102844       2.56     -2.90     -3.97  0.       -5607.124       5774.096       1894.659    0.000  -0.056   0.153   0.
  2017 352  4 46 43 485 352.199114418       2.72     -2.45     -4.11  0.       -5607.483       5773.192       1892.959    0.000  -0.056   0.153   0.
  2017 352  4 46 44 485 352.199125992       2.89     -2.49     -3.79  0.       -5607.843       5772.289       1891.258    0.000  -0.056   0.153   0.
  2017 352  4 46 45 485 352.199137567       2.72     -2.28     -3.21  0.       -5608.202       5771.384       1889.557    0.000  -0.056   0.153   0.
  2017 352  4 46 46 485 352.199149141       2.14     -2.07     -3.28  0.       -5608.560       5770.479       1887.856    0.000  -0.056   0.153   0.
  2017 352  4 46 47 485 352.199160715       2.35     -1.54     -3.48  0.       -5608.918       5769.574       1886.154    0.000  -0.056   0.153   0.
  2017 352  4 46 48 485 352.199172289       1.96     -1.34     -3.39  0.       -5609.276       5768.669       1884.453    0.000  -0.056   0.153   0.
  2017 352  4 46 49 485 352.199183863       2.18     -0.74     -4.55  0.       -5609.633       5767.762       1882.751    0.000  -0.056   0.153   0.
  2017 352  4 46 50 485 352.199195437       3.96     -1.06     -4.77  0.       -5609.990       5766.856       1881.050    0.000  -0.056   0.153   0.
  2017 352  4 46 51 485 352.199207011       3.24     -0.85     -4.54  0.       -5610.346       5765.949       1879.348    0.000  -0.056   0.153   0.
  2017 352  4 46 52 485 352.199218585       2.36     -0.57     -3.91  0.       -5610.702       5765.042       1877.646    0.000  -0.056   0.153   0.
  2017 352  4 46 53 485 352.199230159       1.99      0.21     -3.86  0.       -5611.057       5764.134       1875.944    0.000  -0.056   0.153   0.
  2017 352  4 46 54 485 352.199241733       1.98      0.18     -3.33  0.       -5611.412       5763.226       1874.241    0.000  -0.056   0.153   0.
  2017 352  4 46 55 485 352.199253307       0.86      0.08     -3.21  0.       -5611.767       5762.317       1872.539    0.000  -0.056   0.153   0.
  2017 352  4 46 56 485 352.199264881       0.49      0.52     -2.56  0.       -5612.121       5761.408       1870.836    0.000  -0.056   0.153   0.
  2017 352  4 46 57 485 352.199276455       0.97      2.38     -2.69  0.       -5612.475       5760.498       1869.134    0.000  -0.056   0.153   0.
  2017 352  4 46 58 485 352.199288030       0.93      3.20     -3.90  0.       -5612.828       5759.588       1867.431    0.000  -0.056   0.153   0.
  2017 352  4 46 59 485 352.199299604       0.02      2.77     -4.14  0.       -5613.181       5758.678       1865.728    0.000  -0.056   0.153   0.
  2017 352  4 47  0 485 352.199311178      -0.17      2.46     -3.30  0.       -5613.534       5757.767       1864.025    0.000  -0.056   0.153   0.
  2017 352  4 47  1 485 352.199322752       0.06      2.48     -2.97  0.       -5613.885       5756.855       1862.321    0.000  -0.056   0.153   0.
  2017 352  4 47  2 485 352.199334326       0.01      2.85     -3.08  0.       -5614.238       5755.944       1860.618    0.000  -0.056   0.153   0.
  2017 352  4 47  3 485 352.199345900       0.19      2.63     -3.23  0.       -5614.588       5755.031       1858.914    0.000  -0.056   0.153   0.
  2017 352  4 47  4 485 352.199357472       0.83      2.14     -3.17  0.       -5614.939       5754.119       1857.211    0.000  -0.056   0.153   0.
  2017 352  4 47  5 485 352.199369045       1.10      1.60     -2.84  0.       -5615.290       5753.206       1855.507    0.000  -0.056   0.153   0.
  2017 352  4 47  6 485 352.199380619       0.92      0.95     -2.75  0.       -5615.640       5752.292       1853.803    0.000  -0.056   0.153   0.
  2017 352  4 47  7 485 352.199392193       1.28      1.04     -2.57  0.       -5615.989       5751.378       1852.099    0.000  -0.056   0.153   0.
  2017 352  4 47  8 485 352.199403767       1.17      0.08     -2.92  0.       -5616.338       5750.464       1850.395    0.000  -0.056   0.153   0.
  2017 352  4 47  9 485 352.199415341       1.26     -1.21     -2.35  0.       -5616.687       5749.549       1848.690    0.000  -0.056   0.153   0.
  2017 352  4 47 10 485 352.199426916       1.16     -1.46     -2.03  0.       -5617.035       5748.634       1846.986    0.000  -0.056   0.153   0.
  2017 352  4 47 11 485 352.199438490       0.98     -1.68     -1.65  0.       -5617.383       5747.718       1845.281    0.000  -0.056   0.153   0.
  2017 352  4 47 12 485 352.199450064       0.59     -1.54     -1.72  0.       -5617.730       5746.802       1843.576    0.000  -0.056   0.153   0.
  2017 352  4 47 13 485 352.199461638       0.47     -1.54     -1.69  0.       -5618.077       5745.885       1841.871    0.000  -0.056   0.153   0.
  2017 352  4 47 14 485 352.199473212       0.02     -1.23     -1.46  0.       -5618.424       5744.968       1840.166    0.000  -0.056   0.153   0.
  2017 352  4 47 15 485 352.199484786      -0.22     -1.26     -1.48  0.       -5618.770       5744.051       1838.461    0.000  -0.056   0.153   0.
  2017 352  4 47 16 485 352.199496360      -0.48     -1.59     -1.51  0.       -5619.115       5743.133       1836.755    0.000  -0.056   0.153   0.
  2017 352  4 47 17 485 352.199507934      -0.54     -1.42     -1.57  0.       -5619.460       5742.214       1835.050    0.000  -0.056   0.153   0.
  2017 352  4 47 18 485 352.199519508      -0.49     -1.82     -1.21  0.       -5619.805       5741.295       1833.344    0.000  -0.056   0.153   0.
  2017 352  4 47 19 485 352.199531082      -0.23     -2.31     -1.11  0.       -5620.149       5740.376       1831.638    0.000  -0.056   0.153   0.
  2017 352  4 47 20 485 352.199542656      -0.34     -2.20     -1.22  0.       -5620.493       5739.457       1829.932    0.000  -0.056   0.153   0.
  2017 352  4 47 21 485 352.199554230      -0.56     -2.31     -1.40  0.       -5620.837       5738.536       1828.226    0.000  -0.056   0.153   0.
  2017 352  4 47 22 485 352.199565804      -0.67     -2.66     -1.41  0.       -5621.180       5737.616       1826.520    0.000  -0.056   0.153   0.
  2017 352  4 47 23 485 352.199577379      -0.98     -3.06     -1.65  0.       -5621.523       5736.695       1824.814    0.000  -0.056   0.153   0.
  2017 352  4 47 24 485 352.199588952      -1.94     -3.32     -2.17  0.       -5621.865       5735.773       1823.107    0.000  -0.056   0.153   0.
  2017 352  4 47 25 485 352.199600527      -2.57     -3.28     -2.53  0.       -5622.206       5734.851       1821.401    0.000  -0.056   0.153   0.
  2017 352  4 47 26 485 352.199612101      -3.09     -3.05     -2.99  0.       -5622.548       5733.929       1819.694    0.000  -0.056   0.153   0.
  2017 352  4 47 27 485 352.199623675      -3.83     -2.56     -3.29  0.       -5622.889       5733.006       1817.987    0.000  -0.056   0.153   0.
  2017 352  4 47 28 485 352.199635249      -4.19     -1.42     -3.14  0.       -5623.229       5732.083       1816.280    0.000  -0.056   0.153   0.
  2017 352  4 47 29 485 352.199646823      -4.09     -0.29     -3.20  0.       -5623.569       5731.160       1814.572    0.000  -0.056   0.153   0.
  2017 352  4 47 30 485 352.199658397      -3.82      0.60     -3.35  0.       -5623.909       5730.236       1812.865    0.000  -0.056   0.153   0.
  2017 352  4 47 31 485 352.199669971      -3.26      1.59     -3.80  0.       -5624.248       5729.311       1811.158    0.000  -0.056   0.153   0.
  2017 352  4 47 32 485 352.199681545      -2.09      2.57     -3.53  0.       -5624.587       5728.386       1809.450    0.000  -0.056   0.153   0.
  2017 352  4 47 33 485 352.199693119      -0.88      2.14     -2.87  0.       -5624.925       5727.461       1807.742    0.000  -0.056   0.153   0.
  2017 352  4 47 34 485 352.199704691      -0.30      1.37     -2.34  0.       -5625.263       5726.535       1806.034    0.000  -0.056   0.153   0.
  2017 352  4 47 35 485 352.199716264       0.20      0.78     -2.14  0.       -5625.600       5725.609       1804.326    0.000  -0.056   0.153   0.
  2017 352  4 47 36 485 352.199727839      -0.22      0.57     -1.62  0.       -5625.937       5724.682       1802.618    0.000  -0.056   0.153   0.
  2017 352  4 47 37 485 352.199739413      -0.59      0.67     -1.33  0.       -5626.274       5723.755       1800.910    0.000  -0.056   0.153   0.
  2017 352  4 47 38 485 352.199750987      -0.65      0.88     -1.62  0.       -5626.610       5722.827       1799.201    0.000  -0.056   0.153   0.
  2017 352  4 47 39 485 352.199762561      -0.55      1.02     -1.78  0.       -5626.946       5721.899       1797.493    0.000  -0.056   0.153   0.
  2017 352  4 47 40 485 352.199774135      -0.30      1.38     -1.50  0.       -5627.281       5720.970       1795.784    0.000  -0.056   0.153   0.
  2017 352  4 47 41 485 352.199785709      -0.03      1.54     -1.16  0.       -5627.616       5720.042       1794.075    0.000  -0.056   0.153   0.
  2017 352  4 47 42 485 352.199797283       1.23      0.81     -1.01  0.       -5627.950       5719.112       1792.366    0.000  -0.056   0.153   0.
  2017 352  4 47 43 485 352.199808857       0.96     -0.49     -0.57  0.       -5628.284       5718.182       1790.657    0.000  -0.056   0.153   0.
  2017 352  4 47 44 485 352.199820431      -0.32     -0.93      0.10  0.       -5628.618       5717.252       1788.948    0.000  -0.056   0.153   0.
  2017 352  4 47 45 485 352.199832005      -1.49     -0.40      0.35  0.       -5628.951       5716.321       1787.238    0.000  -0.056   0.153   0.
  2017 352  4 47 46 485 352.199843579      -2.67      1.07      0.10  0.       -5629.284       5715.390       1785.529    0.000  -0.056   0.153   0.
  2017 352  4 47 47 485 352.199855153      -2.48      2.39     -0.69  0.       -5629.616       5714.459       1783.819    0.000  -0.056   0.153   0.
  2017 352  4 47 48 485 352.199866727      -1.93      2.78     -1.37  0.       -5629.948       5713.527       1782.109    0.000  -0.056   0.153   0.
  2017 352  4 47 49 485 352.199878302      -1.45      3.10     -1.61  0.       -5630.279       5712.594       1780.399    0.000  -0.056   0.153   0.
  2017 352  4 47 50 485 352.199889876      -0.66      3.35     -1.55  0.       -5630.610       5711.661       1778.689    0.000  -0.056   0.153   0.
  2017 352  4 47 51 485 352.199901450       0.10      3.42     -1.74  0.       -5630.940       5710.728       1776.979    0.000  -0.056   0.153   0.
  2017 352  4 47 52 485 352.199913024       0.04      2.50     -1.90  0.       -5631.270       5709.794       1775.268    0.000  -0.056   0.153   0.
  2017 352  4 47 53 485 352.199924598      -0.50      2.19     -1.81  0.       -5631.600       5708.860       1773.558    0.000  -0.056   0.153   0.
  2017 352  4 47 54 485 352.199936172      -0.66      1.87     -1.58  0.       -5631.929       5707.925       1771.847    0.000  -0.056   0.153   0.
  2017 352  4 47 55 485 352.199947746      -0.70      1.68     -1.34  0.       -5632.258       5706.990       1770.136    0.000  -0.056   0.153   0.
  2017 352  4 47 56 485 352.199959320      -1.09      1.84     -1.20  0.       -5632.586       5706.055       1768.426    0.000  -0.056   0.153   0.
  2017 352  4 47 57 485 352.199970894      -1.33      2.35     -0.58  0.       -5632.914       5705.119       1766.714    0.000  -0.056   0.153   0.
  2017 352  4 47 58 485 352.199982468      -1.71      2.61     -0.65  0.       -5633.242       5704.182       1765.003    0.000  -0.056   0.153   0.
  2017 352  4 47 59 485 352.199994042      -2.00      2.77     -1.10  0.       -5633.569       5703.245       1763.292    0.000  -0.056   0.153   0.
  2017 352  4 48  0 485 352.200005616      -1.90      3.30     -2.14  0.       -5633.895       5702.308       1761.580    0.000  -0.056   0.153   0.
  2017 352  4 48  1 485 352.200017190      -1.28      4.01     -3.30  0.       -5634.221       5701.370       1759.869    0.000  -0.056   0.153   0.
  2017 352  4 48  2 485 352.200028764      -0.28      2.65     -3.63  0.       -5634.547       5700.432       1758.157    0.000  -0.056   0.153   0.
  2017 352  4 48  3 485 352.200040339       0.55      1.72     -3.09  0.       -5634.872       5699.494       1756.445    0.000  -0.056   0.153   0.
  2017 352  4 48  4 485 352.200051913       1.11      0.78     -3.10  0.       -5635.197       5698.554       1754.733    0.000  -0.056   0.153   0.
  2017 352  4 48  5 485 352.200063487       1.32     -1.11     -2.81  0.       -5635.522       5697.615       1753.021    0.000  -0.056   0.153   0.
  2017 352  4 48  6 485 352.200075058       0.75     -2.33     -1.76  0.       -5635.845       5696.675       1751.309    0.000  -0.056   0.153   0.
  2017 352  4 48  7 485 352.200086632       0.18     -2.92     -1.18  0.       -5636.169       5695.735       1749.596    0.000  -0.056   0.153   0.
  2017 352  4 48  8 484 352.200098206      -0.85     -2.95     -0.52  0.       -5636.492       5694.794       1747.884    0.000  -0.056   0.153   0.
  2017 352  4 48  9 484 352.200109780      -2.38     -1.58     -0.20  0.       -5636.815       5693.852       1746.171    0.000  -0.056   0.153   0.
  2017 352  4 48 10 484 352.200121354      -3.01     -0.15     -0.87  0.       -5637.137       5692.911       1744.458    0.000  -0.056   0.153   0.
  2017 352  4 48 11 484 352.200132928      -3.00      0.49     -1.55  0.       -5637.459       5691.969       1742.745    0.000  -0.056   0.153   0.
  2017 352  4 48 12 484 352.200144502      -2.68     -0.04     -2.18  0.       -5637.780       5691.026       1741.032    0.000  -0.056   0.153   0.
  2017 352  4 48 13 485 352.200156076      -2.21     -1.14     -1.94  0.       -5638.101       5690.083       1739.319    0.000  -0.056   0.153   0.
  2017 352  4 48 14 485 352.200167650      -2.57     -0.76     -1.78  0.       -5638.421       5689.139       1737.605    0.000  -0.056   0.153   0.
  2017 352  4 48 15 484 352.200179225      -2.82     -0.06     -1.83  0.       -5638.741       5688.196       1735.892    0.000  -0.056   0.153   0.
  2017 352  4 48 16 484 352.200190799      -2.94      0.32     -1.93  0.       -5639.061       5687.251       1734.178    0.000  -0.056   0.153   0.
  2017 352  4 48 17 485 352.200202373      -2.83      0.48     -1.96  0.       -5639.380       5686.306       1732.464    0.000  -0.056   0.153   0.
  2017 352  4 48 18 485 352.200213947      -2.65      0.03     -2.44  0.       -5639.699       5685.361       1730.750    0.000  -0.056   0.153   0.
  2017 352  4 48 19 485 352.200225521      -2.36     -0.86     -2.67  0.       -5640.017       5684.415       1729.036    0.000  -0.056   0.153   0.
  2017 352  4 48 20 485 352.200237095      -2.49     -1.61     -3.13  0.       -5640.335       5683.469       1727.322    0.000  -0.056   0.153   0.
  2017 352  4 48 21 485 352.200248669      -2.29     -2.81     -3.29  0.       -5640.652       5682.522       1725.608    0.000  -0.056   0.153   0.
  2017 352  4 48 22 484 352.200260243      -2.21     -3.62     -3.03  0.       -5640.969       5681.575       1723.893    0.000  -0.056   0.153   0.
  2017 352  4 48 23 484 352.200271817      -2.24     -4.06     -2.84  0.       -5641.286       5680.628       1722.179    0.000  -0.056   0.153   0.
  2017 352  4 48 24 484 352.200283391      -2.06     -4.33     -2.44  0.       -5641.602       5679.680       1720.464    0.000  -0.056   0.153   0.
  2017 352  4 48 25 484 352.200294965      -2.07     -4.73     -1.95  0.       -5641.917       5678.732       1718.749    0.000  -0.056   0.153   0.
  2017 352  4 48 26 485 352.200306539      -2.31     -4.40     -1.20  0.       -5642.233       5677.783       1717.034    0.000  -0.056   0.153   0.
  2017 352  4 48 27 485 352.200318113      -2.34     -3.23     -0.42  0.       -5642.547       5676.833       1715.319    0.000  -0.056   0.153   0.
  2017 352  4 48 28 485 352.200329688      -2.45     -2.18     -0.01  0.       -5642.862       5675.884       1713.604    0.000  -0.056   0.153   0.
  2017 352  4 48 29 484 352.200341262      -2.24     -1.40      0.10  0.       -5643.175       5674.934       1711.888    0.000  -0.056   0.153   0.
  2017 352  4 48 30 485 352.200352836      -1.80     -0.96      0.05  0.       -5643.489       5673.983       1710.173    0.000  -0.056   0.153   0.
  2017 352  4 48 31 485 352.200364410      -2.05     -0.25     -0.13  0.       -5643.802       5673.032       1708.457    0.000  -0.056   0.153   0.
  2017 352  4 48 32 485 352.200375984      -2.05      0.17     -0.60  0.       -5644.114       5672.081       1706.741    0.000  -0.056   0.153   0.
  2017 352  4 48 33 485 352.200387558      -1.77      0.47     -1.23  0.       -5644.426       5671.129       1705.026    0.000  -0.056   0.153   0.
  2017 352  4 48 34 485 352.200399132      -1.42      0.85     -1.94  0.       -5644.738       5670.176       1703.309    0.000  -0.056   0.153   0.
  2017 352  4 48 35 484 352.200410706      -1.73      1.00     -2.54  0.       -5645.049       5669.223       1701.593    0.000  -0.056   0.153   0.
  2017 352  4 48 36 484 352.200422278      -2.21      0.96     -2.32  0.       -5645.360       5668.270       1699.877    0.000  -0.056   0.153   0.
  2017 352  4 48 37 484 352.200433851      -2.46      1.06     -1.65  0.       -5645.670       5667.317       1698.160    0.000  -0.056   0.153   0.
  2017 352  4 48 38 484 352.200445425      -2.36      1.97     -1.22  0.       -5645.980       5666.362       1696.444    0.000  -0.056   0.153   0.
  2017 352  4 48 39 484 352.200456999      -1.72      2.87     -1.13  0.       -5646.290       5665.408       1694.727    0.000  -0.056   0.153   0.
  2017 352  4 48 40 484 352.200468573      -0.32      3.11     -1.57  0.       -5646.599       5664.453       1693.010    0.000  -0.056   0.153   0.
  2017 352  4 48 41 484 352.200480148      -0.07      2.48     -2.06  0.       -5646.907       5663.497       1691.293    0.000  -0.056   0.153   0.
  2017 352  4 48 42 484 352.200491722      -0.51      1.54     -2.23  0.       -5647.215       5662.541       1689.576    0.000  -0.056   0.153   0.
  2017 352  4 48 43 484 352.200503296      -0.84      1.22     -2.24  0.       -5647.523       5661.585       1687.859    0.000  -0.056   0.153   0.
  2017 352  4 48 44 484 352.200514870      -1.39      1.33     -2.25  0.       -5647.830       5660.628       1686.141    0.000  -0.056   0.153   0.
  2017 352  4 48 45 484 352.200526444      -2.10      1.41     -1.76  0.       -5648.137       5659.671       1684.424    0.000  -0.056   0.153   0.
  2017 352  4 48 46 484 352.200538018      -2.07      1.91     -1.36  0.       -5648.443       5658.713       1682.706    0.000  -0.056   0.153   0.
  2017 352  4 48 47 484 352.200549592      -0.94      2.62     -1.29  0.       -5648.749       5657.755       1680.988    0.000  -0.056   0.153   0.
  2017 352  4 48 48 484 352.200561166      -0.03      2.88     -1.33  0.       -5649.055       5656.797       1679.270    0.000  -0.056   0.153   0.
  2017 352  4 48 49 484 352.200572740      -0.07      2.97     -1.35  0.       -5649.360       5655.838       1677.552    0.000  -0.056   0.153   0.
  2017 352  4 48 50 484 352.200584314      -0.01      2.77     -1.53  0.       -5649.664       5654.878       1675.834    0.000  -0.056   0.153   0.
  2017 352  4 48 51 484 352.200595888       0.14      2.35     -1.60  0.       -5649.969       5653.918       1674.116    0.000  -0.056   0.153   0.
  2017 352  4 48 52 484 352.200607462      -0.46      2.34     -1.75  0.       -5650.272       5652.958       1672.397    0.000  -0.056   0.153   0.
  2017 352  4 48 53 484 352.200619036      -1.14      2.44     -1.33  0.       -5650.575       5651.997       1670.679    0.000  -0.056   0.153   0.
  2017 352  4 48 54 484 352.200630611      -1.47      2.74     -0.92  0.       -5650.878       5651.036       1668.960    0.000  -0.056   0.153   0.
  2017 352  4 48 55 484 352.200642185      -1.59      2.58     -1.40  0.       -5651.181       5650.074       1667.241    0.000  -0.056   0.153   0.
  2017 352  4 48 56 484 352.200653759      -1.51      2.67     -2.07  0.       -5651.482       5649.112       1665.522    0.000  -0.056   0.153   0.
  2017 352  4 48 57 484 352.200665333      -1.79      2.90     -2.00  0.       -5651.784       5648.149       1663.803    0.000  -0.056   0.153   0.
  2017 352  4 48 58 484 352.200676907      -1.87      3.25     -1.83  0.       -5652.085       5647.186       1662.084    0.000  -0.056   0.153   0.
  2017 352  4 48 59 484 352.200688481      -1.66      3.50     -1.88  0.       -5652.385       5646.223       1660.365    0.000  -0.056   0.153   0.
  2017 352  4 49  0 484 352.200700055      -1.45      3.13     -2.16  0.       -5652.686       5645.259       1658.645    0.000  -0.056   0.153   0.
  2017 352  4 49  1 484 352.200711629      -1.29      2.68     -1.79  0.       -5652.985       5644.294       1656.925    0.000  -0.056   0.153   0.
  2017 352  4 49  2 484 352.200723203      -1.14      2.59     -1.46  0.       -5653.285       5643.330       1655.206    0.000  -0.056   0.153   0.
  2017 352  4 49  3 484 352.200734777      -0.98      2.35     -1.64  0.       -5653.583       5642.364       1653.486    0.000  -0.056   0.153   0.
  2017 352  4 49  4 484 352.200746351      -1.48      2.44     -2.05  0.       -5653.882       5641.399       1651.766    0.000  -0.056   0.153   0.
  2017 352  4 49  5 484 352.200757925      -1.91      3.25     -2.00  0.       -5654.180       5640.433       1650.046    0.000  -0.056   0.153   0.
  2017 352  4 49  6 484 352.200769497      -1.61      4.30     -2.49  0.       -5654.477       5639.466       1648.325    0.000  -0.056   0.153   0.
  2017 352  4 49  7 484 352.200781071      -0.26      4.42     -2.88  0.       -5654.774       5638.499       1646.605    0.000  -0.056   0.153   0.
  2017 352  4 49  8 484 352.200792645       1.58      3.59     -4.44  0.       -5655.070       5637.531       1644.884    0.000  -0.056   0.153   0.
  2017 352  4 49  9 484 352.200804219       1.62      2.48     -5.16  0.       -5655.367       5636.564       1643.164    0.000  -0.056   0.153   0.
  2017 352  4 49 10 484 352.200815793       1.09      2.00     -5.01  0.       -5655.662       5635.595       1641.443    0.000  -0.056   0.153   0.
  2017 352  4 49 11 484 352.200827367       1.46      1.42     -4.68  0.       -5655.957       5634.626       1639.722    0.000  -0.056   0.153   0.
  2017 352  4 49 12 484 352.200838941       1.84     -0.35     -3.58  0.       -5656.252       5633.657       1638.001    0.000  -0.056   0.153   0.
  2017 352  4 49 13 484 352.200850515       1.50     -1.30     -3.09  0.       -5656.547       5632.687       1636.280    0.000  -0.056   0.153   0.
  2017 352  4 49 14 484 352.200862089       0.40     -1.68     -2.75  0.       -5656.840       5631.717       1634.558    0.000  -0.056   0.153   0.
  2017 352  4 49 15 484 352.200873663      -0.91     -1.28     -3.01  0.       -5657.134       5630.747       1632.837    0.000  -0.056   0.153   0.
  2017 352  4 49 16 484 352.200885237      -1.52     -0.18     -3.57  0.       -5657.427       5629.776       1631.115    0.000  -0.056   0.153   0.
  2017 352  4 49 17 484 352.200896811      -1.88     -0.86     -3.45  0.       -5657.719       5628.804       1629.394    0.000  -0.056   0.153   0.
  2017 352  4 49 18 484 352.200908385      -2.94     -1.60     -3.07  0.       -5658.011       5627.832       1627.672    0.000  -0.056   0.153   0.
  2017 352  4 49 19 484 352.200919960      -3.45     -1.90     -2.39  0.       -5658.303       5626.860       1625.950    0.000  -0.056   0.153   0.
  2017 352  4 49 20 484 352.200931534      -3.62     -1.83     -2.22  0.       -5658.594       5625.887       1624.228    0.000  -0.056   0.153   0.
  2017 352  4 49 21 484 352.200943108      -3.84     -1.74     -1.83  0.       -5658.885       5624.914       1622.506    0.000  -0.056   0.153   0.
  2017 352  4 49 22 484 352.200954682      -4.61     -1.61     -1.51  0.       -5659.175       5623.940       1620.783    0.000  -0.056   0.153   0.
  2017 352  4 49 23 484 352.200966256      -5.10     -1.11     -1.43  0.       -5659.465       5622.966       1619.061    0.000  -0.056   0.153   0.
  2017 352  4 49 24 484 352.200977830      -5.23     -0.37     -1.57  0.       -5659.754       5621.991       1617.338    0.000  -0.056   0.153   0.
  2017 352  4 49 25 484 352.200989404      -5.47      0.26     -2.04  0.       -5660.043       5621.016       1615.615    0.000  -0.056   0.153   0.
  2017 352  4 49 26 484 352.201000978      -5.51      0.48     -2.42  0.       -5660.331       5620.040       1613.892    0.000  -0.056   0.153   0.
  2017 352  4 49 27 484 352.201012552      -5.32      0.57     -2.58  0.       -5660.619       5619.064       1612.169    0.000  -0.056   0.153   0.
  2017 352  4 49 28 484 352.201024126      -5.13      0.78     -2.73  0.       -5660.907       5618.088       1610.446    0.000  -0.056   0.153   0.
  2017 352  4 49 29 484 352.201035700      -5.02      1.08     -2.77  0.       -5661.195       5617.111       1608.723    0.000  -0.056   0.153   0.
  2017 352  4 49 30 484 352.201047274      -4.81      1.45     -2.89  0.       -5661.481       5616.134       1607.000    0.000  -0.056   0.153   0.
  2017 352  4 49 31 484 352.201058848      -4.46      1.49     -3.16  0.       -5661.767       5615.156       1605.276    0.000  -0.056   0.153   0.
  2017 352  4 49 32 484 352.201070423      -4.09      1.11     -3.11  0.       -5662.053       5614.178       1603.553    0.000  -0.056   0.153   0.
  2017 352  4 49 33 484 352.201081996      -4.03      1.08     -2.78  0.       -5662.339       5613.199       1601.829    0.000  -0.056   0.153   0.
  2017 352  4 49 34 484 352.201093571      -3.72      1.11     -2.41  0.       -5662.623       5612.220       1600.105    0.000  -0.056   0.153   0.
  2017 352  4 49 35 484 352.201105145      -3.32      1.26     -2.43  0.       -5662.908       5611.241       1598.381    0.000  -0.056   0.153   0.
  2017 352  4 49 36 484 352.201116716      -3.24      1.14     -2.48  0.       -5663.192       5610.261       1596.657    0.000  -0.056   0.153   0.
  2017 352  4 49 37 484 352.201128290      -3.19      0.80     -2.38  0.       -5663.475       5609.280       1594.932    0.000  -0.056   0.153   0.
  2017 352  4 49 38 484 352.201139864      -3.03      0.73     -2.30  0.       -5663.758       5608.299       1593.208    0.000  -0.056   0.153   0.
  2017 352  4 49 39 484 352.201151438      -3.03      0.79     -2.37  0.       -5664.041       5607.318       1591.484    0.000  -0.056   0.153   0.
  2017 352  4 49 40 484 352.201163012      -3.25      0.92     -2.34  0.       -5664.323       5606.336       1589.759    0.000  -0.056   0.153   0.
  2017 352  4 49 41 484 352.201174586      -3.44      1.58     -2.39  0.       -5664.605       5605.354       1588.034    0.000  -0.056   0.153   0.
  2017 352  4 49 42 484 352.201186160      -3.51      2.13     -2.59  0.       -5664.886       5604.371       1586.309    0.000  -0.056   0.153   0.
  2017 352  4 49 43 484 352.201197734      -3.33      3.14     -3.13  0.       -5665.167       5603.388       1584.584    0.000  -0.056   0.153   0.
  2017 352  4 49 44 484 352.201209308      -3.24      3.28     -3.51  0.       -5665.447       5602.405       1582.859    0.000  -0.056   0.153   0.
  2017 352  4 49 45 484 352.201220883      -3.20      2.49     -3.65  0.       -5665.727       5601.421       1581.134    0.000  -0.056   0.153   0.
  2017 352  4 49 46 484 352.201232457      -2.70      2.15     -3.36  0.       -5666.007       5600.436       1579.408    0.000  -0.056   0.153   0.
  2017 352  4 49 47 484 352.201244031      -2.48      1.84     -3.03  0.       -5666.286       5599.451       1577.683    0.000  -0.056   0.153   0.
  2017 352  4 49 48 484 352.201255605      -2.31      1.38     -3.05  0.       -5666.564       5598.466       1575.957    0.000  -0.056   0.153   0.
  2017 352  4 49 49 484 352.201267179      -2.39      1.28     -3.15  0.       -5666.842       5597.480       1574.231    0.000  -0.056   0.153   0.
  2017 352  4 49 50 484 352.201278753      -2.36      1.71     -3.36  0.       -5667.120       5596.494       1572.505    0.000  -0.056   0.153   0.
  2017 352  4 49 51 484 352.201290327      -1.71      1.97     -3.97  0.       -5667.397       5595.507       1570.779    0.000  -0.056   0.153   0.
  2017 352  4 49 52 484 352.201301901      -1.08      2.14     -4.43  0.       -5667.674       5594.520       1569.053    0.000  -0.056   0.153   0.
  2017 352  4 49 53 484 352.201313475      -0.18      1.96     -4.51  0.       -5667.950       5593.532       1567.327    0.000  -0.056   0.153   0.
  2017 352  4 49 54 484 352.201325049       1.02      1.05     -4.34  0.       -5668.226       5592.544       1565.601    0.000  -0.056   0.153   0.
  2017 352  4 49 55 484 352.201336623       1.43     -0.60     -3.74  0.       -5668.502       5591.556       1563.874    0.000  -0.056   0.153   0.
  2017 352  4 49 56 484 352.201348197       1.17     -1.29     -2.68  0.       -5668.776       5590.567       1562.147    0.000  -0.056   0.153   0.
  2017 352  4 49 57 484 352.201359771      -0.23      0.09     -2.14  0.       -5669.051       5589.578       1560.421    0.000  -0.056   0.153   0.
  2017 352  4 49 58 484 352.201371346      -0.37      0.31     -3.26  0.       -5669.325       5588.588       1558.694    0.000  -0.056   0.153   0.
  2017 352  4 49 59 484 352.201382920      -0.22      0.52     -4.47  0.       -5669.598       5587.597       1556.967    0.000  -0.056   0.153   0.
  2017 352  4 50  0 484 352.201394494      -0.43      0.67     -5.17  0.       -5669.872       5586.607       1555.239    0.000  -0.056   0.153   0.
  2017 352  4 50  1 484 352.201406068      -0.44      0.69     -6.20  0.       -5670.144       5585.616       1553.512    0.000  -0.056   0.153   0.
  2017 352  4 50  2 484 352.201417642      -0.20      0.45     -5.97  0.       -5670.416       5584.623       1551.785    0.000  -0.056   0.153   0.
  2017 352  4 50  3 484 352.201429216      -0.06      0.24     -5.59  0.       -5670.688       5583.632       1550.057    0.000  -0.056   0.153   0.
  2017 352  4 50  4 484 352.201440790       0.11      0.07     -5.22  0.       -5670.959       5582.639       1548.329    0.000  -0.056   0.153   0.
  2017 352  4 50  5 484 352.201452364      -0.57      0.63     -4.55  0.       -5671.230       5581.646       1546.602    0.000  -0.056   0.153   0.
  2017 352  4 50  6 483 352.201463935      -1.49      2.19     -4.72  0.       -5671.501       5580.653       1544.874    0.000  -0.056   0.153   0.
  2017 352  4 50  7 483 352.201475509      -1.42      3.03     -5.89  0.       -5671.770       5579.659       1543.146    0.000  -0.056   0.153   0.
  2017 352  4 50  8 483 352.201487083      -1.25      3.78     -5.76  0.       -5672.040       5578.665       1541.418    0.000  -0.056   0.153   0.
  2017 352  4 50  9 484 352.201498657       0.22      1.39     -5.51  0.       -5672.309       5577.670       1539.689    0.000  -0.056   0.153   0.
  2017 352  4 50 10 484 352.201510231      -0.36     -0.97     -3.30  0.       -5672.577       5576.675       1537.961    0.000  -0.056   0.153   0.
  2017 352  4 50 11 483 352.201521806      -1.05     -0.93     -1.05  0.       -5672.846       5575.679       1536.232    0.000  -0.056   0.153   0.
  2017 352  4 50 12 483 352.201533380      -1.89     -0.04     -0.27  0.       -5673.113       5574.683       1534.504    0.000  -0.056   0.153   0.
  2017 352  4 50 13 484 352.201544954      -2.45      0.58     -0.31  0.       -5673.380       5573.686       1532.775    0.000  -0.056   0.153   0.
  2017 352  4 50 14 484 352.201556528      -2.85      1.12     -0.54  0.       -5673.647       5572.689       1531.046    0.000  -0.056   0.153   0.
  2017 352  4 50 15 484 352.201568102      -2.75      1.55     -0.81  0.       -5673.913       5571.692       1529.317    0.000  -0.056   0.153   0.
  2017 352  4 50 16 484 352.201579676      -2.60      2.10     -1.01  0.       -5674.179       5570.694       1527.588    0.000  -0.056   0.153   0.
  2017 352  4 50 17 483 352.201591250      -2.55      2.43     -1.34  0.       -5674.444       5569.696       1525.858    0.000  -0.056   0.153   0.
  2017 352  4 50 18 483 352.201602824      -2.58      2.43     -2.08  0.       -5674.709       5568.697       1524.129    0.000  -0.056   0.153   0.
  2017 352  4 50 19 483 352.201614398      -2.69      2.76     -3.01  0.       -5674.974       5567.697       1522.400    0.000  -0.056   0.153   0.
  2017 352  4 50 20 483 352.201625972      -3.22      3.29     -3.83  0.       -5675.238       5566.698       1520.670    0.000  -0.056   0.153   0.
  2017 352  4 50 21 483 352.201637546      -3.62      3.22     -4.52  0.       -5675.501       5565.698       1518.940    0.000  -0.056   0.153   0.
  2017 352  4 50 22 484 352.201649120      -3.15      2.86     -5.05  0.       -5675.764       5564.697       1517.210    0.000  -0.056   0.153   0.
  2017 352  4 50 23 484 352.201660694      -2.76      1.99     -5.17  0.       -5676.027       5563.696       1515.480    0.000  -0.056   0.153   0.
  2017 352  4 50 24 483 352.201672269      -2.39      1.25     -4.80  0.       -5676.289       5562.694       1513.750    0.000  -0.056   0.153   0.
  2017 352  4 50 25 483 352.201683843      -2.56      0.96     -3.75  0.       -5676.551       5561.692       1512.020    0.000  -0.056   0.153   0.
  2017 352  4 50 26 484 352.201695417      -3.01      0.77     -3.53  0.       -5676.812       5560.690       1510.289    0.000  -0.056   0.153   0.
  2017 352  4 50 27 484 352.201706991      -3.33      0.73     -3.62  0.       -5677.073       5559.687       1508.559    0.000  -0.056   0.153   0.
  2017 352  4 50 28 484 352.201718565      -3.71      0.77     -3.65  0.       -5677.333       5558.684       1506.828    0.000  -0.056   0.153   0.
  2017 352  4 50 29 484 352.201730139      -4.00      1.03     -3.68  0.       -5677.593       5557.680       1505.098    0.000  -0.056   0.153   0.
  2017 352  4 50 30 484 352.201741713      -4.08      1.36     -3.78  0.       -5677.852       5556.676       1503.367    0.000  -0.056   0.153   0.
  2017 352  4 50 31 483 352.201753287      -4.01      1.52     -3.80  0.       -5678.111       5555.671       1501.636    0.000  -0.056   0.153   0.
  2017 352  4 50 32 483 352.201764861      -3.87      1.78     -3.65  0.       -5678.369       5554.666       1499.905    0.000  -0.056   0.153   0.
  2017 352  4 50 33 483 352.201776435      -4.06      2.03     -3.94  0.       -5678.628       5553.660       1498.173    0.000  -0.056   0.153   0.
  2017 352  4 50 34 483 352.201788009      -3.83      1.93     -4.29  0.       -5678.885       5552.654       1496.442    0.000  -0.056   0.153   0.
  2017 352  4 50 35 483 352.201799583      -3.71      1.36     -4.61  0.       -5679.142       5551.648       1494.711    0.000  -0.056   0.153   0.
  2017 352  4 50 36 499 352.201811336      -3.62      0.55     -4.95  0.       -5679.403       5550.625       1492.952    0.000  -0.056   0.153   0.
  2017 352  4 50 37 514 352.201823090      -3.55      0.17     -4.76  0.       -5679.663       5549.602       1491.193    0.000  -0.056   0.153   0.
  2017 352  4 50 38 515 352.201834664      -3.08      0.04     -4.89  0.       -5679.919       5548.594       1489.461    0.000  -0.056   0.153   0.
  2017 352  4 50 39 515 352.201846238      -2.06     -0.12     -5.54  0.       -5680.174       5547.586       1487.729    0.000  -0.056   0.153   0.
  2017 352  4 50 40 515 352.201857813      -0.67     -1.11     -6.11  0.       -5680.429       5546.577       1485.997    0.000  -0.056   0.153   0.
  2017 352  4 50 41 514 352.201869387       1.06     -2.49     -5.56  0.       -5680.683       5545.568       1484.265    0.000  -0.056   0.153   0.
  2017 352  4 50 42 515 352.201880961       1.80     -2.80     -4.81  0.       -5680.937       5544.558       1482.533    0.000  -0.056   0.153   0.
  2017 352  4 50 43 515 352.201892535       1.60     -2.65     -4.69  0.       -5681.190       5543.548       1480.800    0.000  -0.056   0.153   0.
  2017 352  4 50 44 515 352.201904109       1.89     -2.55     -3.70  0.       -5681.443       5542.538       1479.068    0.000  -0.056   0.153   0.
  2017 352  4 50 45 515 352.201915683       1.99     -2.58     -2.92  0.       -5681.695       5541.527       1477.335    0.000  -0.056   0.153   0.
  2017 352  4 50 46 515 352.201927257       1.84     -2.82     -2.77  0.       -5681.947       5540.515       1475.602    0.000  -0.056   0.153   0.
  2017 352  4 50 47 514 352.201938831       1.58     -2.64     -2.31  0.       -5682.199       5539.503       1473.869    0.000  -0.056   0.153   0.
  2017 352  4 50 48 514 352.201950405       1.13     -2.42     -2.07  0.       -5682.450       5538.491       1472.136    0.000  -0.056   0.153   0.
  2017 352  4 50 49 514 352.201961979       0.69     -2.13     -1.99  0.       -5682.701       5537.478       1470.403    0.000  -0.056   0.153   0.
  2017 352  4 50 50 514 352.201973553       0.30     -2.07     -1.81  0.       -5682.951       5536.465       1468.670    0.000  -0.056   0.153   0.
  2017 352  4 50 51 514 352.201985127      -0.20     -1.68     -2.09  0.       -5683.200       5535.451       1466.936    0.000  -0.056   0.153   0.
  2017 352  4 50 52 515 352.201996701       0.09     -1.25     -1.41  0.       -5683.450       5534.437       1465.203    0.000  -0.056   0.153   0.
  2017 352  4 50 53 515 352.202008275       0.35     -0.67     -1.22  0.       -5683.698       5533.423       1463.469    0.000  -0.056   0.153   0.
  2017 352  4 50 54 514 352.202019850       0.65      0.05     -0.75  0.       -5683.946       5532.408       1461.735    0.000  -0.056   0.153   0.
  2017 352  4 50 55 514 352.202031424       1.07      1.04     -0.48  0.       -5684.194       5531.392       1460.001    0.000  -0.056   0.153   0.
  2017 352  4 50 56 515 352.202042998       1.36      1.37     -0.60  0.       -5684.442       5530.376       1458.268    0.000  -0.056   0.153   0.
  2017 352  4 50 57 515 352.202054572       1.84      1.63     -0.79  0.       -5684.689       5529.360       1456.533    0.000  -0.056   0.153   0.
  2017 352  4 50 58 515 352.202066146       2.22      1.79     -1.14  0.       -5684.935       5528.343       1454.799    0.000  -0.056   0.153   0.
  2017 352  4 50 59 515 352.202077720       1.90      1.99     -1.22  0.       -5685.181       5527.325       1453.065    0.000  -0.056   0.153   0.
  2017 352  4 51  0 515 352.202089294       1.45      2.47     -1.54  0.       -5685.427       5526.308       1451.330    0.000  -0.056   0.153   0.
  2017 352  4 51  1 514 352.202100868       0.98      2.82     -2.31  0.       -5685.671       5525.289       1449.596    0.000  -0.056   0.153   0.
  2017 352  4 51  2 514 352.202112442       0.26      3.14     -3.09  0.       -5685.916       5524.271       1447.861    0.000  -0.056   0.153   0.
  2017 352  4 51  3 514 352.202124016      -0.50      3.52     -3.96  0.       -5686.160       5523.252       1446.126    0.000  -0.056   0.153   0.
  2017 352  4 51  4 514 352.202135590      -0.85      3.22     -4.40  0.       -5686.404       5522.232       1444.391    0.000  -0.056   0.153   0.
  2017 352  4 51  5 515 352.202147164      -1.02      3.53     -4.22  0.       -5686.647       5521.212       1442.656    0.000  -0.056   0.153   0.
  2017 352  4 51  6 515 352.202158738      -0.95      3.93     -3.84  0.       -5686.890       5520.192       1440.921    0.000  -0.056   0.153   0.
  2017 352  4 51  7 515 352.202170313      -0.63      4.29     -3.52  0.       -5687.132       5519.171       1439.186    0.000  -0.056   0.153   0.
  2017 352  4 51  8 514 352.202181884      -0.34      4.58     -3.60  0.       -5687.374       5518.149       1437.450    0.000  -0.056   0.153   0.
  2017 352  4 51  9 514 352.202193458      -0.33      4.29     -3.90  0.       -5687.615       5517.127       1435.715    0.000  -0.056   0.153   0.
  2017 352  4 51 10 514 352.202205032      -0.59      3.79     -3.88  0.       -5687.856       5516.105       1433.979    0.000  -0.056   0.153   0.
  2017 352  4 51 11 514 352.202216606      -0.77      3.18     -3.73  0.       -5688.096       5515.082       1432.243    0.000  -0.056   0.153   0.
  2017 352  4 51 12 514 352.202228180      -0.79      2.86     -3.95  0.       -5688.336       5514.059       1430.507    0.000  -0.056   0.153   0.
  2017 352  4 51 13 514 352.202239754      -0.82      2.84     -4.01  0.       -5688.575       5513.036       1428.771    0.000  -0.056   0.153   0.
  2017 352  4 51 14 514 352.202251328      -0.34      3.26     -4.15  0.       -5688.814       5512.011       1427.035    0.000  -0.056   0.153   0.
  2017 352  4 51 15 514 352.202262902      -0.13      2.71     -3.82  0.       -5689.053       5510.987       1425.299    0.000  -0.056   0.153   0.
  2017 352  4 51 16 514 352.202274476       1.20      2.81     -3.74  0.       -5689.291       5509.962       1423.563    0.000  -0.056   0.153   0.
  2017 352  4 51 17 514 352.202286050       1.08      2.94     -3.63  0.       -5689.528       5508.936       1421.826    0.000  -0.056   0.153   0.
  2017 352  4 51 18 514 352.202297624       1.27      2.87     -3.41  0.       -5689.766       5507.910       1420.089    0.000  -0.056   0.153   0.
  2017 352  4 51 19 514 352.202309198       0.71      2.77     -3.75  0.       -5690.002       5506.884       1418.353    0.000  -0.056   0.153   0.
  2017 352  4 51 20 514 352.202320773      -0.15      3.77     -4.05  0.       -5690.238       5505.857       1416.616    0.000  -0.056   0.153   0.
  2017 352  4 51 21 514 352.202332347      -0.71      3.04     -4.69  0.       -5690.474       5504.830       1414.879    0.000  -0.056   0.153   0.
  2017 352  4 51 22 514 352.202343921      -0.89      3.12     -4.81  0.       -5690.709       5503.802       1413.142    0.000  -0.056   0.153   0.
  2017 352  4 51 23 514 352.202355495      -0.67      2.97     -4.75  0.       -5690.944       5502.774       1411.405    0.000  -0.056   0.153   0.
  2017 352  4 51 24 514 352.202367069       0.43      4.09     -3.90  0.       -5691.178       5501.745       1409.667    0.000  -0.056   0.153   0.
  2017 352  4 51 25 514 352.202378643       1.26      4.01     -3.55  0.       -5691.412       5500.716       1407.930    0.000  -0.056   0.153   0.
  2017 352  4 51 26 514 352.202390217       1.33      3.52     -3.76  0.       -5691.646       5499.687       1406.193    0.000  -0.056   0.153   0.
  2017 352  4 51 27 514 352.202401791       1.84      2.95     -3.85  0.       -5691.878       5498.657       1404.455    0.000  -0.056   0.153   0.
  2017 352  4 51 28 514 352.202413365       2.36      2.63     -3.84  0.       -5692.111       5497.626       1402.717    0.000  -0.056   0.153   0.
  2017 352  4 51 29 514 352.202424939       2.15      2.76     -3.65  0.       -5692.343       5496.595       1400.979    0.000  -0.056   0.153   0.
  2017 352  4 51 30 514 352.202436513       1.51      2.32     -3.78  0.       -5692.574       5495.564       1399.241    0.000  -0.056   0.153   0.
  2017 352  4 51 31 514 352.202448087       0.85      2.68     -3.95  0.       -5692.805       5494.532       1397.503    0.000  -0.056   0.153   0.
  2017 352  4 51 32 514 352.202459661       0.53      2.97     -3.98  0.       -5693.036       5493.500       1395.765    0.000  -0.056   0.153   0.
  2017 352  4 51 33 514 352.202471236       0.12      3.14     -4.30  0.       -5693.266       5492.467       1394.027    0.000  -0.056   0.153   0.
  2017 352  4 51 34 514 352.202482810      -0.14      2.98     -4.55  0.       -5693.495       5491.434       1392.288    0.000  -0.056   0.153   0.
  2017 352  4 51 35 514 352.202494384      -0.16      2.65     -3.89  0.       -5693.724       5490.401       1390.550    0.000  -0.056   0.153   0.
  2017 352  4 51 36 514 352.202505958       0.08      2.59     -3.61  0.       -5693.953       5489.366       1388.811    0.000  -0.056   0.153   0.
  2017 352  4 51 37 514 352.202517532       0.75      2.63     -2.91  0.       -5694.181       5488.332       1387.072    0.000  -0.056   0.153   0.
  2017 352  4 51 38 514 352.202529103       1.33      3.11     -2.45  0.       -5694.409       5487.297       1385.333    0.000  -0.056   0.153   0.
  2017 352  4 51 39 514 352.202540677       1.18      4.28     -2.47  0.       -5694.636       5486.261       1383.594    0.000  -0.056   0.153   0.
  2017 352  4 51 40 514 352.202552251       0.65      4.94     -1.56  0.       -5694.863       5485.226       1381.855    0.000  -0.056   0.153   0.
  2017 352  4 51 41 514 352.202563825      -0.02      4.85     -1.44  0.       -5695.089       5484.189       1380.116    0.000  -0.056   0.153   0.
  2017 352  4 51 42 514 352.202575399      -0.70      4.20     -1.66  0.       -5695.315       5483.152       1378.376    0.000  -0.056   0.153   0.
  2017 352  4 51 43 514 352.202586973      -1.30      3.40     -2.44  0.       -5695.540       5482.115       1376.637    0.000  -0.056   0.153   0.
  2017 352  4 51 44 514 352.202598547      -1.99      3.06     -3.20  0.       -5695.765       5481.077       1374.897    0.000  -0.056   0.153   0.
  2017 352  4 51 45 514 352.202610122      -2.30      1.99     -3.00  0.       -5695.989       5480.039       1373.158    0.000  -0.056   0.153   0.
  2017 352  4 51 46 514 352.202621696      -2.37      2.08     -2.74  0.       -5696.213       5479.001       1371.418    0.000  -0.056   0.153   0.
  2017 352  4 51 47 514 352.202633270      -2.24      2.15     -1.81  0.       -5696.437       5477.961       1369.678    0.000  -0.056   0.153   0.
  2017 352  4 51 48 514 352.202644844      -1.59      2.04     -1.06  0.       -5696.660       5476.922       1367.938    0.000  -0.056   0.153   0.
  2017 352  4 51 49 514 352.202656418      -1.27      1.91     -1.01  0.       -5696.883       5475.882       1366.198    0.000  -0.056   0.153   0.
  2017 352  4 51 50 514 352.202667992      -0.79      2.60     -0.69  0.       -5697.105       5474.842       1364.457    0.000  -0.056   0.153   0.
  2017 352  4 51 51 514 352.202679566      -0.38      3.34     -0.52  0.       -5697.326       5473.801       1362.717    0.000  -0.056   0.153   0.
  2017 352  4 51 52 514 352.202691140      -0.05      4.26     -0.82  0.       -5697.547       5472.759       1360.976    0.000  -0.056   0.153   0.
  2017 352  4 51 53 514 352.202702714      -0.13      4.73     -1.25  0.       -5697.768       5471.717       1359.236    0.000  -0.056   0.153   0.
  2017 352  4 51 54 514 352.202714288       0.22      4.50     -1.84  0.       -5697.988       5470.675       1357.495    0.000  -0.056   0.153   0.
  2017 352  4 51 55 514 352.202725862      -0.26      5.60     -1.18  0.       -5698.208       5469.632       1355.754    0.000  -0.056   0.153   0.
  2017 352  4 51 56 514 352.202737436      -0.51      4.92     -2.85  0.       -5698.427       5468.589       1354.013    0.000  -0.056   0.153   0.
  2017 352  4 51 57 514 352.202749010      -0.95      4.33     -3.22  0.       -5698.646       5467.546       1352.272    0.000  -0.056   0.153   0.
  2017 352  4 51 58 514 352.202760584      -0.61      3.32     -4.29  0.       -5698.864       5466.502       1350.531    0.000  -0.056   0.153   0.
  2017 352  4 51 59 514 352.202772159      -0.03      1.91     -4.28  0.       -5699.082       5465.457       1348.790    0.000  -0.056   0.153   0.
  2017 352  4 52  0 514 352.202783733       0.31     -0.26     -4.71  0.       -5699.299       5464.412       1347.048    0.000  -0.056   0.153   0.
  2017 352  4 52  1 514 352.202795307      -0.21     -1.82     -4.18  0.       -5699.516       5463.367       1345.307    0.000  -0.056   0.153   0.
  2017 352  4 52  2 514 352.202806881      -1.37     -2.86     -3.64  0.       -5699.732       5462.321       1343.565    0.000  -0.056   0.153   0.
  2017 352  4 52  3 514 352.202818455      -1.98     -2.69     -2.25  0.       -5699.948       5461.274       1341.823    0.000  -0.056   0.153   0.
  2017 352  4 52  4 514 352.202830029      -3.44     -0.79     -1.07  0.       -5700.163       5460.228       1340.082    0.000  -0.056   0.153   0.
  2017 352  4 52  5 514 352.202841603      -3.46      0.34     -1.54  0.       -5700.378       5459.180       1338.340    0.000  -0.056   0.153   0.
  2017 352  4 52  6 514 352.202853177      -3.19      0.62     -1.51  0.       -5700.593       5458.132       1336.598    0.000  -0.056   0.153   0.
  2017 352  4 52  7 514 352.202864751      -3.31      0.68     -1.98  0.       -5700.807       5457.084       1334.855    0.000  -0.056   0.153   0.
  2017 352  4 52  8 514 352.202876323      -3.01      0.83     -3.00  0.       -5701.020       5456.036       1333.113    0.000  -0.056   0.153   0.
  2017 352  4 52  9 514 352.202887896      -2.24      0.91     -3.14  0.       -5701.233       5454.987       1331.371    0.000  -0.056   0.153   0.
  2017 352  4 52 10 514 352.202899471      -1.86      1.50     -2.93  0.       -5701.446       5453.937       1329.628    0.000  -0.056   0.153   0.
  2017 352  4 52 11 514 352.202911045      -0.88      2.73     -3.92  0.       -5701.658       5452.887       1327.886    0.000  -0.056   0.153   0.
  2017 352  4 52 12 514 352.202922619      -0.30      3.13     -4.61  0.       -5701.870       5451.837       1326.143    0.000  -0.056   0.153   0.
  2017 352  4 52 13 514 352.202934193       0.02      2.99     -3.13  0.       -5702.081       5450.786       1324.400    0.000  -0.056   0.153   0.
  2017 352  4 52 14 514 352.202945767       1.40      2.74     -1.93  0.       -5702.291       5449.734       1322.657    0.000  -0.056   0.153   0.
  2017 352  4 52 15 514 352.202957341       3.09      2.91     -1.21  0.       -5702.501       5448.682       1320.914    0.000  -0.056   0.153   0.
  2017 352  4 52 16 514 352.202968915       4.81      1.44     -1.21  0.       -5702.711       5447.630       1319.171    0.000  -0.056   0.153   0.
  2017 352  4 52 17 514 352.202980489       4.14     -0.09     -0.96  0.       -5702.920       5446.577       1317.427    0.000  -0.056   0.153   0.
  2017 352  4 52 18 514 352.202992063       4.06     -0.55     -0.74  0.       -5703.129       5445.524       1315.684    0.000  -0.056   0.153   0.
  2017 352  4 52 19 514 352.203003637       4.68     -0.83     -0.18  0.       -5703.337       5444.470       1313.940    0.000  -0.056   0.153   0.
  2017 352  4 52 20 514 352.203015211       4.29     -1.16     -0.45  0.       -5703.545       5443.416       1312.197    0.000  -0.056   0.153   0.
  2017 352  4 52 21 514 352.203026785       4.16     -0.72     -0.52  0.       -5703.752       5442.362       1310.453    0.000  -0.056   0.153   0.
  2017 352  4 52 22 514 352.203038359       3.88     -0.45     -0.36  0.       -5703.959       5441.307       1308.709    0.000  -0.056   0.153   0.
  2017 352  4 52 23 514 352.203049933       3.45     -0.63     -0.70  0.       -5704.165       5440.251       1306.966    0.000  -0.056   0.153   0.
  2017 352  4 52 24 514 352.203061508       2.88     -0.27     -1.52  0.       -5704.371       5439.195       1305.221    0.000  -0.056   0.153   0.
  2017 352  4 52 25 514 352.203073082       2.32      0.39     -2.12  0.       -5704.577       5438.139       1303.477    0.000  -0.056   0.153   0.
  2017 352  4 52 26 514 352.203084656       1.43      1.14     -2.98  0.       -5704.782       5437.082       1301.733    0.000  -0.056   0.153   0.
  2017 352  4 52 27 514 352.203096230       0.66      1.66     -2.47  0.       -5704.986       5436.025       1299.988    0.000  -0.056   0.153   0.
  2017 352  4 52 28 514 352.203107804       0.50      2.40     -2.38  0.       -5705.190       5434.967       1298.244    0.000  -0.056   0.153   0.
  2017 352  4 52 29 514 352.203119378      -0.32      2.55     -1.99  0.       -5705.393       5433.909       1296.499    0.000  -0.056   0.153   0.
  2017 352  4 52 30 514 352.203130952       0.10      2.45     -1.43  0.       -5705.596       5432.850       1294.755    0.000  -0.056   0.153   0.
  2017 352  4 52 31 514 352.203142526       0.29      2.19     -1.26  0.       -5705.799       5431.791       1293.010    0.000  -0.056   0.153   0.
  2017 352  4 52 32 514 352.203154100       0.16      2.19     -1.38  0.       -5706.001       5430.731       1291.265    0.000  -0.056   0.153   0.
  2017 352  4 52 33 514 352.203165674      -0.01      2.55     -1.36  0.       -5706.202       5429.671       1289.520    0.000  -0.056   0.153   0.
  2017 352  4 52 34 514 352.203177248      -0.07      2.84     -1.72  0.       -5706.403       5428.611       1287.775    0.000  -0.056   0.153   0.
  2017 352  4 52 35 514 352.203188822       0.01      2.92     -1.82  0.       -5706.604       5427.550       1286.029    0.000  -0.056   0.153   0.
  2017 352  4 52 36 514 352.203200396       0.08      2.92     -1.80  0.       -5706.804       5426.488       1284.284    0.000  -0.056   0.153   0.
  2017 352  4 52 37 514 352.203211971      -0.23      2.89     -1.75  0.       -5707.004       5425.426       1282.538    0.000  -0.056   0.153   0.
  2017 352  4 52 38 514 352.203223542      -0.11      3.04     -1.36  0.       -5707.203       5424.364       1280.793    0.000  -0.056   0.153   0.
  2017 352  4 52 39 514 352.203235116      -0.05      2.87     -1.15  0.       -5707.401       5423.301       1279.047    0.000  -0.056   0.153   0.
  2017 352  4 52 40 514 352.203246690      -0.21      2.62     -1.00  0.       -5707.600       5422.238       1277.301    0.000  -0.056   0.153   0.
  2017 352  4 52 41 514 352.203258264      -0.22      2.91     -0.90  0.       -5707.797       5421.174       1275.555    0.000  -0.056   0.153   0.
  2017 352  4 52 42 514 352.203269838      -0.08      3.47     -0.95  0.       -5707.995       5420.110       1273.809    0.000  -0.056   0.153   0.
  2017 352  4 52 43 513 352.203281412      -0.21      4.02     -1.62  0.       -5708.191       5419.045       1272.063    0.000  -0.056   0.153   0.
  2017 352  4 52 44 513 352.203292986      -0.30      4.40     -1.68  0.       -5708.387       5417.980       1270.317    0.000  -0.056   0.153   0.
  2017 352  4 52 45 513 352.203304560      -0.21      4.83     -1.38  0.       -5708.583       5416.915       1268.571    0.000  -0.056   0.153   0.
  2017 352  4 52 46 513 352.203316134      -0.74      5.49     -1.97  0.       -5708.779       5415.849       1266.824    0.000  -0.056   0.153   0.
  2017 352  4 52 47 513 352.203327708      -1.19      5.19     -4.21  0.       -5708.973       5414.782       1265.078    0.000  -0.056   0.153   0.
  2017 352  4 52 48 514 352.203339282      -0.74      4.99     -4.03  0.       -5709.168       5413.715       1263.331    0.000  -0.056   0.153   0.
  2017 352  4 52 49 514 352.203350856      -0.76      5.19     -3.38  0.       -5709.361       5412.648       1261.584    0.000  -0.056   0.153   0.
  2017 352  4 52 50 513 352.203362431      -1.06      5.12     -2.87  0.       -5709.555       5411.580       1259.837    0.000  -0.056   0.153   0.
  2017 352  4 52 51 513 352.203374005      -1.17      4.53     -2.95  0.       -5709.748       5410.512       1258.090    0.000  -0.056   0.153   0.
  2017 352  4 52 52 514 352.203385579      -1.08      4.13     -2.42  0.       -5709.940       5409.443       1256.343    0.000  -0.056   0.153   0.
  2017 352  4 52 53 514 352.203397153      -0.87      4.24     -0.67  0.       -5710.132       5408.374       1254.596    0.000  -0.056   0.153   0.
  2017 352  4 52 54 514 352.203408727      -1.05      4.60     -1.75  0.       -5710.323       5407.304       1252.849    0.000  -0.056   0.153   0.
  2017 352  4 52 55 514 352.203420301      -1.14      4.39     -1.34  0.       -5710.514       5406.234       1251.101    0.000  -0.056   0.153   0.
  2017 352  4 52 56 513 352.203431875      -1.29      4.27     -1.46  0.       -5710.705       5405.163       1249.354    0.000  -0.056   0.153   0.
  2017 352  4 52 57 513 352.203443449      -1.70      4.16     -1.51  0.       -5710.895       5404.092       1247.606    0.000  -0.056   0.153   0.
  2017 352  4 52 58 513 352.203455023      -1.31      4.30     -1.45  0.       -5711.084       5403.021       1245.859    0.000  -0.056   0.153   0.
  2017 352  4 52 59 513 352.203466597      -1.55      4.74     -1.21  0.       -5711.273       5401.949       1244.111    0.000  -0.056   0.153   0.
  2017 352  4 53  0 513 352.203478171      -1.23      4.88     -1.39  0.       -5711.462       5400.876       1242.363    0.000  -0.056   0.153   0.
  2017 352  4 53  1 514 352.203489745      -0.93      5.05     -1.65  0.       -5711.650       5399.804       1240.615    0.000  -0.056   0.153   0.
  2017 352  4 53  2 514 352.203501319      -0.79      5.02     -1.74  0.       -5711.837       5398.730       1238.867    0.000  -0.056   0.153   0.
  2017 352  4 53  3 513 352.203512894      -0.78      5.22     -1.44  0.       -5712.024       5397.656       1237.118    0.000  -0.056   0.153   0.
  2017 352  4 53  4 513 352.203524468      -0.44      4.88     -1.84  0.       -5712.211       5396.582       1235.370    0.000  -0.056   0.153   0.
  2017 352  4 53  5 514 352.203536042      -0.32      4.60     -1.83  0.       -5712.397       5395.507       1233.621    0.000  -0.056   0.153   0.
  2017 352  4 53  6 514 352.203547616      -0.30      4.49     -1.81  0.       -5712.582       5394.432       1231.873    0.000  -0.056   0.153   0.
  2017 352  4 53  7 514 352.203559190       0.35      4.70     -1.68  0.       -5712.767       5393.356       1230.124    0.000  -0.056   0.153   0.
  2017 352  4 53  8 514 352.203570762       0.03      5.67     -1.78  0.       -5712.952       5392.280       1228.375    0.000  -0.056   0.153   0.
  2017 352  4 53  9 513 352.203582335      -0.43      5.77     -2.56  0.       -5713.136       5391.204       1226.627    0.000  -0.056   0.153   0.
  2017 352  4 53 10 513 352.203593909      -0.31      5.69     -2.52  0.       -5713.320       5390.127       1224.878    0.000  -0.056   0.153   0.
  2017 352  4 53 11 513 352.203605483      -0.68      5.76     -2.91  0.       -5713.503       5389.049       1223.128    0.000  -0.056   0.153   0.
  2017 352  4 53 12 513 352.203617057      -1.62      5.76     -3.14  0.       -5713.686       5387.971       1221.379    0.000  -0.056   0.153   0.
  2017 352  4 53 13 513 352.203628631      -2.11      5.51     -2.98  0.       -5713.868       5386.893       1219.630    0.000  -0.056   0.153   0.
  2017 352  4 53 14 513 352.203640205      -2.30      5.05     -3.22  0.       -5714.050       5385.814       1217.881    0.000  -0.056   0.153   0.
  2017 352  4 53 15 513 352.203651780      -1.91      4.81     -3.25  0.       -5714.231       5384.735       1216.131    0.000  -0.056   0.153   0.
  2017 352  4 53 16 513 352.203663354      -1.80      4.46     -3.22  0.       -5714.411       5383.655       1214.381    0.000  -0.056   0.153   0.
  2017 352  4 53 17 513 352.203674928      -1.23      4.23     -3.03  0.       -5714.592       5382.575       1212.632    0.000  -0.056   0.153   0.
  2017 352  4 53 18 513 352.203686502      -0.85      3.82     -3.00  0.       -5714.771       5381.494       1210.882    0.000  -0.056   0.153   0.
  2017 352  4 53 19 513 352.203698076      -0.94      3.49     -2.17  0.       -5714.951       5380.413       1209.132    0.000  -0.056   0.153   0.
  2017 352  4 53 20 513 352.203709650      -1.36      2.95     -1.68  0.       -5715.129       5379.331       1207.382    0.000  -0.056   0.153   0.
  2017 352  4 53 21 513 352.203721224      -2.03      2.94     -1.26  0.       -5715.308       5378.249       1205.632    0.000  -0.056   0.153   0.
  2017 352  4 53 22 513 352.203732798      -3.54      1.83     -2.08  0.       -5715.485       5377.167       1203.882    0.000  -0.056   0.153   0.
  2017 352  4 53 23 513 352.203744372      -3.91      1.54     -1.93  0.       -5715.663       5376.084       1202.131    0.000  -0.056   0.153   0.
  2017 352  4 53 24 513 352.203755946      -2.74      1.09     -1.17  0.       -5715.840       5375.000       1200.381    0.000  -0.055   0.152   0.
  2017 352  4 53 25 513 352.203767520      -0.10      0.85     -0.75  0.       -5716.016       5373.916       1198.630    0.000  -0.055   0.152   0.
  2017 352  4 53 26 513 352.203779094       0.17      0.19     -0.72  0.       -5716.192       5372.832       1196.880    0.000  -0.056   0.153   0.
  2017 352  4 53 27 513 352.203790668       0.57      0.47     -0.54  0.       -5716.367       5371.747       1195.129    0.000  -0.056   0.153   0.
  2017 352  4 53 28 513 352.203802242       2.35      3.32     -0.30  0.       -5716.542       5370.662       1193.378    0.000  -0.056   0.153   0.
  2017 352  4 53 29 513 352.203813817       4.47      4.39     -2.89  0.       -5716.716       5369.576       1191.627    0.000  -0.056   0.153   0.
  2017 352  4 53 30 513 352.203825391       5.16      3.27     -4.63  0.       -5716.890       5368.490       1189.876    0.000  -0.056   0.153   0.
  2017 352  4 53 31 513 352.203836965       4.09      1.76     -4.15  0.       -5717.063       5367.403       1188.125    0.000  -0.056   0.153   0.
  2017 352  4 53 32 513 352.203848539       2.10      0.54     -2.80  0.       -5717.236       5366.316       1186.374    0.000  -0.056   0.153   0.
  2017 352  4 53 33 513 352.203860113       1.21      1.50     -1.17  0.       -5717.409       5365.228       1184.622    0.000  -0.056   0.153   0.
  2017 352  4 53 34 513 352.203871687       0.90      1.66     -2.26  0.       -5717.581       5364.140       1182.871    0.000  -0.056   0.153   0.
  2017 352  4 53 35 513 352.203883261      -0.05      1.63     -3.41  0.       -5717.752       5363.052       1181.119    0.000  -0.056   0.153   0.
  2017 352  4 53 36 513 352.203894835      -0.92      0.37     -3.18  0.       -5717.923       5361.963       1179.368    0.000  -0.056   0.153   0.
  2017 352  4 53 37 513 352.203906409      -1.14     -0.09     -2.71  0.       -5718.093       5360.873       1177.616    0.000  -0.056   0.153   0.
  2017 352  4 53 38 513 352.203917981      -1.35     -0.76     -3.32  0.       -5718.263       5359.783       1175.864    0.000  -0.056   0.153   0.
  2017 352  4 53 39 513 352.203929554      -1.49     -1.72     -4.11  0.       -5718.433       5358.693       1174.112    0.000  -0.056   0.153   0.
  2017 352  4 53 40 513 352.203941128      -1.18     -2.62     -4.23  0.       -5718.602       5357.602       1172.360    0.000  -0.056   0.153   0.
  2017 352  4 53 41 513 352.203952703      -0.58     -3.23     -3.41  0.       -5718.770       5356.511       1170.608    0.000  -0.056   0.153   0.
  2017 352  4 53 42 513 352.203964277      -0.37     -3.13     -2.71  0.       -5718.938       5355.419       1168.856    0.000  -0.056   0.153   0.
  2017 352  4 53 43 513 352.203975851      -0.30     -3.50     -2.62  0.       -5719.106       5354.327       1167.103    0.000  -0.056   0.153   0.
  2017 352  4 53 44 513 352.203987425      -0.52     -3.24     -2.68  0.       -5719.273       5353.234       1165.351    0.000  -0.056   0.153   0.
  2017 352  4 53 45 513 352.203998999       0.01     -3.08     -3.53  0.       -5719.439       5352.141       1163.598    0.000  -0.056   0.153   0.
  2017 352  4 53 46 513 352.204010573      -0.99     -2.41     -4.63  0.       -5719.605       5351.047       1161.845    0.000  -0.056   0.153   0.
  2017 352  4 53 47 513 352.204022147      -2.45     -0.24     -4.07  0.       -5719.771       5349.953       1160.093    0.000  -0.056   0.153   0.
  2017 352  4 53 48 513 352.204033721      -3.87      1.05     -3.33  0.       -5719.936       5348.859       1158.340    0.000  -0.056   0.153   0.
  2017 352  4 53 49 513 352.204045295      -4.54      1.98     -2.58  0.       -5720.100       5347.764       1156.587    0.000  -0.056   0.153   0.
  2017 352  4 53 50 513 352.204056869      -4.56      1.94     -2.38  0.       -5720.264       5346.668       1154.834    0.000  -0.056   0.153   0.
  2017 352  4 53 51 513 352.204068443      -5.32      1.67     -2.44  0.       -5720.428       5345.572       1153.081    0.000  -0.056   0.153   0.
  2017 352  4 53 52 513 352.204080017      -5.71      2.55     -2.24  0.       -5720.591       5344.476       1151.327    0.000  -0.056   0.153   0.
  2017 352  4 53 53 513 352.204091591      -5.99      3.46     -2.01  0.       -5720.753       5343.379       1149.574    0.000  -0.056   0.153   0.
  2017 352  4 53 54 513 352.204103165      -5.78      3.39     -1.59  0.       -5720.915       5342.282       1147.820    0.000  -0.056   0.153   0.
  2017 352  4 53 55 513 352.204114740      -5.15      3.47     -1.30  0.       -5721.077       5341.184       1146.067    0.000  -0.056   0.153   0.
  2017 352  4 53 56 513 352.204126314      -5.24      4.20     -1.57  0.       -5721.238       5340.086       1144.313    0.000  -0.056   0.153   0.
  2017 352  4 53 57 513 352.204137888      -3.28      5.88     -2.88  0.       -5721.398       5338.987       1142.560    0.000  -0.056   0.153   0.
  2017 352  4 53 58 513 352.204149462       1.68      6.14     -4.07  0.       -5721.559       5337.888       1140.806    0.000  -0.056   0.153   0.
  2017 352  4 53 59 513 352.204161036       1.35      4.48     -3.46  0.       -5721.718       5336.788       1139.052    0.000  -0.056   0.153   0.
  2017 352  4 54  0 513 352.204172610       1.04      4.25     -3.75  0.       -5721.877       5335.688       1137.298    0.000  -0.056   0.153   0.
  2017 352  4 54  1 513 352.204184184       1.14      5.07     -3.03  0.       -5722.036       5334.588       1135.543    0.000  -0.056   0.153   0.
  2017 352  4 54  2 513 352.204195758       1.27      5.71     -2.79  0.       -5722.194       5333.487       1133.789    0.000  -0.056   0.153   0.
  2017 352  4 54  3 513 352.204207332       0.60      4.65     -2.50  0.       -5722.351       5332.385       1132.035    0.000  -0.056   0.153   0.
  2017 352  4 54  4 513 352.204218906      -0.21      3.82     -3.05  0.       -5722.508       5331.283       1130.280    0.000  -0.056   0.153   0.
  2017 352  4 54  5 513 352.204230480      -1.06      2.57     -2.68  0.       -5722.665       5330.181       1128.526    0.000  -0.056   0.153   0.
  2017 352  4 54  6 513 352.204242054      -0.79      2.41     -2.48  0.       -5722.821       5329.078       1126.771    0.000  -0.056   0.153   0.
  2017 352  4 54  7 513 352.204253628      -0.71      2.24     -2.88  0.       -5722.977       5327.974       1125.016    0.000  -0.056   0.153   0.
  2017 352  4 54  8 513 352.204265203      -1.00      1.47     -2.37  0.       -5723.132       5326.871       1123.262    0.000  -0.056   0.153   0.
  2017 352  4 54  9 513 352.204276777      -1.32      1.60     -1.61  0.       -5723.286       5325.767       1121.507    0.000  -0.056   0.153   0.
  2017 352  4 54 10 513 352.204288348      -1.77      2.08     -1.32  0.       -5723.441       5324.662       1119.752    0.000  -0.056   0.153   0.
  2017 352  4 54 11 513 352.204299922      -1.89      3.02     -1.49  0.       -5723.594       5323.557       1117.997    0.000  -0.056   0.153   0.
  2017 352  4 54 12 513 352.204311496      -1.77      4.25     -1.89  0.       -5723.747       5322.451       1116.241    0.000  -0.056   0.153   0.
  2017 352  4 54 13 513 352.204323070      -1.64      4.55     -2.38  0.       -5723.900       5321.345       1114.486    0.000  -0.056   0.153   0.
  2017 352  4 54 14 513 352.204334644      -1.27      3.61     -2.81  0.       -5724.052       5320.238       1112.730    0.000  -0.056   0.153   0.
  2017 352  4 54 15 513 352.204346218      -0.95      3.11     -3.11  0.       -5724.204       5319.131       1110.975    0.000  -0.056   0.153   0.
  2017 352  4 54 16 513 352.204357792      -0.74      2.43     -2.82  0.       -5724.355       5318.024       1109.219    0.000  -0.056   0.153   0.
  2017 352  4 54 17 513 352.204369366      -1.12      2.06     -2.43  0.       -5724.505       5316.916       1107.464    0.000  -0.056   0.153   0.
  2017 352  4 54 18 513 352.204380940      -2.00      2.64     -1.87  0.       -5724.655       5315.807       1105.708    0.000  -0.056   0.153   0.
  2017 352  4 54 19 513 352.204392514      -2.86      3.47     -2.29  0.       -5724.805       5314.699       1103.952    0.000  -0.056   0.153   0.
  2017 352  4 54 20 513 352.204404089      -2.05      3.89     -3.65  0.       -5724.954       5313.589       1102.196    0.000  -0.056   0.153   0.
  2017 352  4 54 21 513 352.204415663      -1.23      3.54     -4.55  0.       -5725.103       5312.479       1100.440    0.000  -0.056   0.153   0.
  2017 352  4 54 22 513 352.204427237      -0.74      3.06     -4.07  0.       -5725.251       5311.369       1098.684    0.000  -0.056   0.153   0.
  2017 352  4 54 23 513 352.204438811      -0.30      2.17     -2.92  0.       -5725.398       5310.258       1096.927    0.000  -0.056   0.153   0.
  2017 352  4 54 24 513 352.204450385      -0.11      1.54     -1.98  0.       -5725.546       5309.147       1095.171    0.000  -0.056   0.153   0.
  2017 352  4 54 25 513 352.204461959      -0.38      1.57     -2.04  0.       -5725.692       5308.035       1093.414    0.000  -0.056   0.153   0.
  2017 352  4 54 26 513 352.204473533      -0.49      1.57     -2.50  0.       -5725.838       5306.923       1091.658    0.000  -0.056   0.153   0.
  2017 352  4 54 27 513 352.204485107      -0.28      1.79     -2.73  0.       -5725.984       5305.811       1089.901    0.000  -0.056   0.153   0.
  2017 352  4 54 28 513 352.204496681      -0.02      1.87     -2.44  0.       -5726.129       5304.698       1088.144    0.000  -0.056   0.153   0.
  2017 352  4 54 29 513 352.204508255       0.08      1.59     -1.94  0.       -5726.274       5303.584       1086.388    0.000  -0.056   0.153   0.
  2017 352  4 54 30 513 352.204519829       0.03      0.06     -0.50  0.       -5726.418       5302.470       1084.631    0.000  -0.056   0.153   0.
  2017 352  4 54 31 513 352.204531403      -1.79     -0.25      0.88  0.       -5726.561       5301.356       1082.874    0.000  -0.056   0.153   0.
  2017 352  4 54 32 513 352.204542977      -3.06      0.88      0.90  0.       -5726.705       5300.241       1081.116    0.000  -0.056   0.153   0.
  2017 352  4 54 33 513 352.204554552      -4.60      2.23      0.09  0.       -5726.847       5299.125       1079.359    0.000  -0.056   0.153   0.
  2017 352  4 54 34 513 352.204566126      -5.52      3.44     -0.88  0.       -5726.989       5298.010       1077.602    0.000  -0.056   0.153   0.
  2017 352  4 54 35 513 352.204577700      -5.54      4.03     -1.70  0.       -5727.131       5296.893       1075.844    0.000  -0.056   0.153   0.
  2017 352  4 54 36 513 352.204589274      -4.74      4.15     -2.57  0.       -5727.272       5295.777       1074.087    0.000  -0.056   0.153   0.
  2017 352  4 54 37 513 352.204600848      -4.54      4.73     -3.53  0.       -5727.413       5294.659       1072.329    0.000  -0.056   0.153   0.
  2017 352  4 54 38 513 352.204612422      -4.58      4.61     -3.49  0.       -5727.553       5293.542       1070.572    0.000  -0.056   0.153   0.
  2017 352  4 54 39 513 352.204623996      -4.62      4.48     -3.46  0.       -5727.692       5292.423       1068.814    0.000  -0.056   0.153   0.
  2017 352  4 54 40 512 352.204635567      -4.29      4.32     -3.41  0.       -5727.831       5291.305       1067.056    0.000  -0.056   0.153   0.
  2017 352  4 54 41 512 352.204647141      -3.98      4.34     -3.25  0.       -5727.970       5290.186       1065.298    0.000  -0.056   0.153   0.
  2017 352  4 54 42 512 352.204658715      -3.64      4.22     -3.38  0.       -5728.108       5289.066       1063.540    0.000  -0.056   0.153   0.
  2017 352  4 54 43 513 352.204670289      -3.14      3.42     -3.31  0.       -5728.246       5287.946       1061.782    0.000  -0.056   0.153   0.
  2017 352  4 54 44 513 352.204681863      -3.20      3.20     -2.42  0.       -5728.383       5286.825       1060.023    0.000  -0.056   0.153   0.
  2017 352  4 54 45 512 352.204693438      -3.87      3.69     -1.71  0.       -5728.519       5285.705       1058.265    0.000  -0.056   0.153   0.
  2017 352  4 54 46 512 352.204705012      -4.07      4.44     -1.63  0.       -5728.655       5284.583       1056.506    0.000  -0.056   0.153   0.
  2017 352  4 54 47 513 352.204716586      -4.63      4.48     -1.79  0.       -5728.791       5283.461       1054.748    0.000  -0.056   0.153   0.
  2017 352  4 54 48 513 352.204728160      -5.11      4.22     -1.83  0.       -5728.926       5282.339       1052.989    0.000  -0.056   0.153   0.
  2017 352  4 54 49 513 352.204739734      -5.20      3.91     -1.96  0.       -5729.061       5281.216       1051.230    0.000  -0.056   0.153   0.
  2017 352  4 54 50 513 352.204751308      -4.93      4.00     -1.98  0.       -5729.195       5280.093       1049.472    0.000  -0.056   0.153   0.
  2017 352  4 54 51 513 352.204762882      -4.88      4.23     -1.85  0.       -5729.328       5278.969       1047.713    0.000  -0.056   0.153   0.
  2017 352  4 54 52 512 352.204774456      -4.76      4.28     -1.83  0.       -5729.461       5277.845       1045.954    0.000  -0.056   0.153   0.
  2017 352  4 54 53 512 352.204786030      -4.79      4.38     -1.85  0.       -5729.594       5276.720       1044.195    0.000  -0.056   0.153   0.
  2017 352  4 54 54 512 352.204797604      -4.70      4.56     -1.95  0.       -5729.726       5275.595       1042.435    0.000  -0.056   0.153   0.
  2017 352  4 54 55 512 352.204809178      -4.51      4.62     -2.22  0.       -5729.857       5274.469       1040.676    0.000  -0.056   0.153   0.
  2017 352  4 54 56 512 352.204820752      -4.12      4.68     -2.45  0.       -5729.988       5273.343       1038.917    0.000  -0.056   0.153   0.
  2017 352  4 54 57 513 352.204832326      -3.82      4.59     -2.47  0.       -5730.119       5272.217       1037.157    0.000  -0.056   0.153   0.
  2017 352  4 54 58 513 352.204843900      -3.38      4.46     -2.67  0.       -5730.249       5271.090       1035.397    0.000  -0.056   0.153   0.
  2017 352  4 54 59 512 352.204855475      -3.10      4.33     -2.55  0.       -5730.378       5269.962       1033.638    0.000  -0.056   0.153   0.
  2017 352  4 55  0 512 352.204867049      -2.89      4.10     -2.36  0.       -5730.507       5268.834       1031.878    0.000  -0.056   0.153   0.
  2017 352  4 55  1 513 352.204878623      -2.40      3.82     -2.50  0.       -5730.636       5267.706       1030.119    0.000  -0.056   0.153   0.
  2017 352  4 55  2 513 352.204890197      -2.08      3.95     -2.16  0.       -5730.764       5266.577       1028.359    0.000  -0.056   0.153   0.
  2017 352  4 55  3 513 352.204901771      -1.96      4.03     -2.54  0.       -5730.891       5265.448       1026.598    0.000  -0.056   0.153   0.
  2017 352  4 55  4 513 352.204913345      -1.22      3.29     -3.10  0.       -5731.018       5264.318       1024.839    0.000  -0.056   0.153   0.
  2017 352  4 55  5 513 352.204924919      -0.56      2.14     -3.96  0.       -5731.145       5263.188       1023.078    0.000  -0.056   0.153   0.
  2017 352  4 55  6 512 352.204936493      -0.57      1.48     -3.89  0.       -5731.271       5262.057       1021.317    0.000  -0.056   0.153   0.
  2017 352  4 55  7 512 352.204948067      -0.98      0.86     -3.49  0.       -5731.396       5260.926       1019.557    0.000  -0.056   0.153   0.
  2017 352  4 55  8 512 352.204959641      -1.42      0.61     -3.25  0.       -5731.521       5259.794       1017.797    0.000  -0.056   0.153   0.
  2017 352  4 55  9 512 352.204971215      -2.19      0.47     -2.59  0.       -5731.645       5258.662       1016.037    0.000  -0.056   0.153   0.
  2017 352  4 55 10 513 352.204982787      -2.64      0.72     -2.11  0.       -5731.769       5257.529       1014.276    0.000  -0.056   0.153   0.
  2017 352  4 55 11 512 352.204994361      -2.51      1.15     -2.10  0.       -5731.893       5256.396       1012.515    0.000  -0.056   0.153   0.
  2017 352  4 55 12 512 352.205005935      -2.37      1.76     -2.12  0.       -5732.016       5255.263       1010.754    0.000  -0.056   0.153   0.
  2017 352  4 55 13 512 352.205017509      -2.07      2.37     -2.21  0.       -5732.138       5254.129       1008.993    0.000  -0.056   0.153   0.
  2017 352  4 55 14 512 352.205029083      -2.10      2.34     -2.66  0.       -5732.260       5252.994       1007.232    0.000  -0.056   0.153   0.
  2017 352  4 55 15 512 352.205040657      -2.06      2.01     -3.14  0.       -5732.381       5251.859       1005.471    0.000  -0.056   0.153   0.
  2017 352  4 55 16 512 352.205052231      -1.83      1.81     -3.39  0.       -5732.502       5250.724       1003.710    0.000  -0.056   0.153   0.
  2017 352  4 55 17 512 352.205063805      -1.65      1.75     -3.43  0.       -5732.623       5249.588       1001.949    0.000  -0.056   0.153   0.
  2017 352  4 55 18 512 352.205075379      -1.62      1.53     -3.39  0.       -5732.742       5248.452       1000.187    0.000  -0.056   0.153   0.
  2017 352  4 55 19 512 352.205086953      -1.61      1.51     -3.32  0.       -5732.862       5247.315        998.426    0.000  -0.056   0.153   0.
  2017 352  4 55 20 512 352.205098527      -1.49      1.44     -3.46  0.       -5732.981       5246.178        996.664    0.000  -0.056   0.153   0.
  2017 352  4 55 21 512 352.205110101      -1.62      1.28     -3.36  0.       -5733.099       5245.040        994.903    0.000  -0.056   0.153   0.
  2017 352  4 55 22 512 352.205121675      -1.82      1.33     -3.29  0.       -5733.217       5243.902        993.141    0.000  -0.056   0.153   0.
  2017 352  4 55 23 512 352.205133249      -1.73      1.28     -3.30  0.       -5733.334       5242.763        991.379    0.000  -0.056   0.153   0.
  2017 352  4 55 24 512 352.205144823      -1.95      1.13     -2.99  0.       -5733.451       5241.624        989.617    0.000  -0.056   0.153   0.
  2017 352  4 55 25 512 352.205156398      -2.27      0.96     -2.84  0.       -5733.567       5240.484        987.855    0.000  -0.056   0.153   0.
  2017 352  4 55 26 512 352.205167972      -2.44      0.90     -2.77  0.       -5733.683       5239.344        986.093    0.000  -0.056   0.153   0.
  2017 352  4 55 27 512 352.205179546      -2.65      0.93     -2.63  0.       -5733.798       5238.204        984.331    0.000  -0.056   0.153   0.
  2017 352  4 55 28 512 352.205191120      -2.74      0.99     -2.71  0.       -5733.913       5237.063        982.569    0.000  -0.056   0.153   0.
  2017 352  4 55 29 512 352.205202694      -2.52      1.11     -2.82  0.       -5734.027       5235.921        980.806    0.000  -0.056   0.153   0.
  2017 352  4 55 30 512 352.205214268      -2.40      1.18     -2.97  0.       -5734.141       5234.779        979.044    0.000  -0.056   0.153   0.
  2017 352  4 55 31 512 352.205225842      -2.48      0.96     -2.80  0.       -5734.254       5233.637        977.281    0.000  -0.056   0.153   0.
  2017 352  4 55 32 512 352.205237416      -2.61      0.97     -2.68  0.       -5734.367       5232.494        975.519    0.000  -0.056   0.153   0.
  2017 352  4 55 33 512 352.205248990      -2.84      1.13     -2.67  0.       -5734.479       5231.350        973.756    0.000  -0.056   0.153   0.
  2017 352  4 55 34 512 352.205260564      -3.16      1.25     -2.66  0.       -5734.590       5230.207        971.993    0.000  -0.056   0.153   0.
  2017 352  4 55 35 512 352.205272138      -3.07      1.45     -2.76  0.       -5734.702       5229.062        970.230    0.000  -0.056   0.153   0.
  2017 352  4 55 36 512 352.205283712      -2.96      1.46     -2.87  0.       -5734.812       5227.918        968.468    0.000  -0.056   0.153   0.
  2017 352  4 55 37 512 352.205295286      -3.16      1.44     -2.90  0.       -5734.922       5226.772        966.704    0.000  -0.056   0.153   0.
  2017 352  4 55 38 512 352.205306861      -3.43      1.59     -3.07  0.       -5735.032       5225.627        964.941    0.000  -0.056   0.153   0.
  2017 352  4 55 39 512 352.205318435      -3.43      1.78     -3.16  0.       -5735.141       5224.480        963.178    0.000  -0.056   0.153   0.
  2017 352  4 55 40 512 352.205330006      -3.32      1.95     -3.37  0.       -5735.250       5223.334        961.415    0.000  -0.056   0.153   0.
  2017 352  4 55 41 512 352.205341580      -3.36      1.83     -3.46  0.       -5735.358       5222.187        959.651    0.000  -0.056   0.153   0.
  2017 352  4 55 42 512 352.205353154      -3.35      1.85     -3.42  0.       -5735.465       5221.039        957.888    0.000  -0.056   0.153   0.
  2017 352  4 55 43 512 352.205364728      -3.50      2.17     -3.14  0.       -5735.572       5219.891        956.124    0.000  -0.056   0.153   0.
  2017 352  4 55 44 512 352.205376302      -3.80      2.53     -2.96  0.       -5735.679       5218.743        954.361    0.000  -0.056   0.153   0.
  2017 352  4 55 45 512 352.205387876      -3.65      2.83     -3.21  0.       -5735.785       5217.594        952.597    0.000  -0.056   0.153   0.
  2017 352  4 55 46 512 352.205399450      -3.31      3.21     -3.48  0.       -5735.890       5216.444        950.833    0.000  -0.056   0.153   0.
  2017 352  4 55 47 512 352.205411024      -3.25      3.19     -3.58  0.       -5735.995       5215.294        949.069    0.000  -0.056   0.153   0.
  2017 352  4 55 48 512 352.205422598      -3.28      3.12     -3.61  0.       -5736.100       5214.144        947.305    0.000  -0.056   0.153   0.
  2017 352  4 55 49 512 352.205434173      -3.26      3.36     -3.70  0.       -5736.204       5212.993        945.541    0.000  -0.056   0.153   0.
  2017 352  4 55 50 512 352.205445747      -3.11      3.64     -3.84  0.       -5736.307       5211.842        943.777    0.000  -0.056   0.153   0.
  2017 352  4 55 51 512 352.205457321      -2.82      3.85     -3.81  0.       -5736.410       5210.690        942.013    0.000  -0.056   0.153   0.
  2017 352  4 55 52 512 352.205468895      -2.34      3.79     -4.15  0.       -5736.512       5209.538        940.249    0.000  -0.056   0.153   0.
  2017 352  4 55 53 512 352.205480469      -1.79      3.47     -4.94  0.       -5736.614       5208.385        938.484    0.000  -0.056   0.153   0.
  2017 352  4 55 54 512 352.205492043      -1.30      3.56     -4.99  0.       -5736.716       5207.232        936.720    0.000  -0.056   0.153   0.
  2017 352  4 55 55 512 352.205503617      -0.87      3.35     -4.96  0.       -5736.816       5206.078        934.955    0.000  -0.056   0.153   0.
  2017 352  4 55 56 512 352.205515191      -0.81      3.14     -4.90  0.       -5736.917       5204.924        933.190    0.000  -0.056   0.153   0.
  2017 352  4 55 57 512 352.205526765      -1.01      3.17     -4.78  0.       -5737.017       5203.769        931.426    0.000  -0.056   0.153   0.
  2017 352  4 55 58 512 352.205538339      -1.09      2.99     -4.85  0.       -5737.116       5202.614        929.661    0.000  -0.056   0.153   0.
  2017 352  4 55 59 512 352.205549913      -0.90      2.71     -4.78  0.       -5737.215       5201.459        927.896    0.000  -0.056   0.153   0.
  2017 352  4 56  0 512 352.205561487      -0.82      2.34     -4.80  0.       -5737.313       5200.303        926.131    0.000  -0.056   0.153   0.
  2017 352  4 56  1 512 352.205573061      -1.09      2.34     -4.59  0.       -5737.411       5199.146        924.366    0.000  -0.056   0.153   0.
  2017 352  4 56  2 512 352.205584635      -1.31      2.34     -4.26  0.       -5737.508       5197.989        922.601    0.000  -0.056   0.153   0.
  2017 352  4 56  3 512 352.205596210      -1.32      2.38     -4.14  0.       -5737.604       5196.832        920.835    0.000  -0.056   0.153   0.
  2017 352  4 56  4 512 352.205607784      -1.33      2.39     -3.89  0.       -5737.700       5195.674        919.070    0.000  -0.056   0.153   0.
  2017 352  4 56  5 512 352.205619358      -1.13      2.31     -3.82  0.       -5737.796       5194.515        917.305    0.000  -0.056   0.153   0.
  2017 352  4 56  6 512 352.205630932      -1.31      1.82     -3.41  0.       -5737.892       5193.357        915.539    0.000  -0.056   0.153   0.
  2017 352  4 56  7 512 352.205642506      -1.81      2.00     -3.41  0.       -5737.986       5192.197        913.774    0.000  -0.056   0.153   0.
  2017 352  4 56  8 512 352.205654080      -2.54      2.33     -3.82  0.       -5738.080       5191.038        912.008    0.000  -0.056   0.153   0.
  2017 352  4 56  9 512 352.205665654      -2.65      2.78     -4.18  0.       -5738.174       5189.877        910.242    0.000  -0.056   0.153   0.
  2017 352  4 56 10 512 352.205677225      -2.29      3.13     -4.67  0.       -5738.267       5188.717        908.476    0.000  -0.056   0.153   0.
  2017 352  4 56 11 512 352.205688799      -1.68      3.02     -4.83  0.       -5738.360       5187.555        906.711    0.000  -0.056   0.153   0.
  2017 352  4 56 12 512 352.205700373      -1.40      2.82     -4.76  0.       -5738.452       5186.394        904.945    0.000  -0.056   0.153   0.
  2017 352  4 56 13 512 352.205711947      -1.59      2.68     -4.70  0.       -5738.543       5185.232        903.178    0.000  -0.056   0.153   0.
  2017 352  4 56 14 512 352.205723521      -1.71      2.59     -4.62  0.       -5738.634       5184.069        901.412    0.000  -0.056   0.153   0.
  2017 352  4 56 15 512 352.205735095      -1.76      2.47     -4.40  0.       -5738.725       5182.906        899.646    0.000  -0.056   0.153   0.
  2017 352  4 56 16 512 352.205746670      -1.77      2.29     -4.06  0.       -5738.815       5181.742        897.880    0.000  -0.056   0.153   0.
  2017 352  4 56 17 512 352.205758244      -1.84      2.04     -3.80  0.       -5738.904       5180.578        896.113    0.000  -0.056   0.153   0.
  2017 352  4 56 18 512 352.205769818      -2.00      2.07     -3.86  0.       -5738.993       5179.414        894.347    0.000  -0.056   0.153   0.
  2017 352  4 56 19 512 352.205781392      -1.91      2.08     -4.11  0.       -5739.081       5178.249        892.580    0.000  -0.056   0.153   0.
  2017 352  4 56 20 512 352.205792966      -1.62      1.94     -4.09  0.       -5739.169       5177.084        890.814    0.000  -0.056   0.153   0.
  2017 352  4 56 21 512 352.205804540      -2.00      1.51     -3.98  0.       -5739.256       5175.918        889.047    0.000  -0.056   0.153   0.
  2017 352  4 56 22 512 352.205816114      -2.36      1.45     -3.83  0.       -5739.343       5174.751        887.280    0.000  -0.056   0.153   0.
  2017 352  4 56 23 512 352.205827688      -2.51      1.71     -3.76  0.       -5739.430       5173.584        885.513    0.000  -0.056   0.153   0.
  2017 352  4 56 24 512 352.205839262      -2.71      1.76     -3.78  0.       -5739.515       5172.417        883.746    0.000  -0.056   0.153   0.
  2017 352  4 56 25 512 352.205850836      -2.76      1.53     -3.50  0.       -5739.601       5171.249        881.979    0.000  -0.056   0.153   0.
  2017 352  4 56 26 512 352.205862410      -2.85      1.58     -3.41  0.       -5739.685       5170.081        880.212    0.000  -0.056   0.153   0.
  2017 352  4 56 27 512 352.205873984      -2.98      1.84     -3.35  0.       -5739.769       5168.912        878.445    0.000  -0.056   0.153   0.
  2017 352  4 56 28 512 352.205885558      -3.20      2.15     -3.50  0.       -5739.853       5167.743        876.678    0.000  -0.056   0.153   0.
  2017 352  4 56 29 512 352.205897133      -2.94      2.54     -3.59  0.       -5739.936       5166.573        874.910    0.000  -0.056   0.153   0.
  2017 352  4 56 30 512 352.205908707      -2.42      2.94     -3.60  0.       -5740.019       5165.403        873.143    0.000  -0.056   0.153   0.
  2017 352  4 56 31 512 352.205920281      -1.56      2.57     -3.26  0.       -5740.101       5164.233        871.375    0.000  -0.056   0.153   0.
  2017 352  4 56 32 512 352.205931855      -1.87      2.22     -3.17  0.       -5740.183       5163.062        869.608    0.000  -0.056   0.153   0.
  2017 352  4 56 33 512 352.205943429      -2.43      2.10     -3.29  0.       -5740.264       5161.890        867.840    0.000  -0.056   0.153   0.
  2017 352  4 56 34 512 352.205955003      -2.65      2.31     -3.24  0.       -5740.344       5160.718        866.072    0.000  -0.056   0.153   0.
  2017 352  4 56 35 512 352.205966577      -2.77      2.69     -3.38  0.       -5740.424       5159.546        864.305    0.000  -0.056   0.153   0.
  2017 352  4 56 36 512 352.205978151      -2.54      3.16     -3.60  0.       -5740.504       5158.373        862.537    0.000  -0.056   0.153   0.
  2017 352  4 56 37 512 352.205989725      -2.28      3.21     -3.88  0.       -5740.583       5157.199        860.769    0.000  -0.056   0.153   0.
  2017 352  4 56 38 512 352.206001299      -2.30      3.10     -3.76  0.       -5740.661       5156.025        859.000    0.000  -0.056   0.153   0.
  2017 352  4 56 39 512 352.206012873      -2.29      2.82     -3.75  0.       -5740.739       5154.851        857.232    0.000  -0.056   0.153   0.
  2017 352  4 56 40 512 352.206024445      -2.44      2.37     -3.73  0.       -5740.816       5153.676        855.464    0.000  -0.056   0.153   0.
  2017 352  4 56 41 511 352.206036019      -2.63      1.89     -3.57  0.       -5740.893       5152.501        853.696    0.000  -0.056   0.153   0.
  2017 352  4 56 42 511 352.206047593      -2.73      1.83     -3.24  0.       -5740.970       5151.325        851.927    0.000  -0.056   0.153   0.
  2017 352  4 56 43 512 352.206059167      -3.53      2.16     -2.94  0.       -5741.045       5150.149        850.159    0.000  -0.056   0.153   0.
  2017 352  4 56 44 512 352.206070741      -4.05      2.43     -3.17  0.       -5741.121       5148.972        848.390    0.000  -0.056   0.153   0.
  2017 352  4 56 45 512 352.206082315      -4.50      3.03     -3.72  0.       -5741.195       5147.795        846.622    0.000  -0.056   0.153   0.
  2017 352  4 56 46 512 352.206093889      -4.92      3.64     -4.34  0.       -5741.270       5146.617        844.853    0.000  -0.056   0.153   0.
  2017 352  4 56 47 512 352.206105463      -4.95      3.86     -4.53  0.       -5741.343       5145.439        843.084    0.000  -0.056   0.153   0.
  2017 352  4 56 48 511 352.206117037      -4.96      4.23     -5.05  0.       -5741.417       5144.260        841.316    0.000  -0.056   0.153   0.
  2017 352  4 56 49 511 352.206128611      -4.60      4.51     -5.45  0.       -5741.489       5143.081        839.547    0.000  -0.056   0.153   0.
  2017 352  4 56 50 511 352.206140185      -4.18      4.64     -5.56  0.       -5741.561       5141.901        837.778    0.000  -0.056   0.153   0.
  2017 352  4 56 51 511 352.206151759      -3.73      4.40     -5.88  0.       -5741.633       5140.721        836.008    0.000  -0.056   0.153   0.
  2017 352  4 56 52 511 352.206163333      -3.49      3.93     -6.02  0.       -5741.704       5139.541        834.239    0.000  -0.056   0.153   0.
  2017 352  4 56 53 512 352.206174907      -3.24      3.55     -5.90  0.       -5741.775       5138.360        832.470    0.000  -0.056   0.153   0.
  2017 352  4 56 54 512 352.206186482      -2.89      3.23     -5.57  0.       -5741.845       5137.178        830.701    0.000  -0.056   0.153   0.
  2017 352  4 56 55 511 352.206198056      -2.85      3.33     -5.05  0.       -5741.914       5135.996        828.931    0.000  -0.056   0.153   0.
  2017 352  4 56 56 511 352.206209630      -2.71      3.43     -4.74  0.       -5741.983       5134.814        827.162    0.000  -0.056   0.153   0.
  2017 352  4 56 57 512 352.206221204      -2.52      3.13     -4.39  0.       -5742.051       5133.631        825.392    0.000  -0.056   0.153   0.
  2017 352  4 56 58 512 352.206232778      -2.69      2.91     -4.05  0.       -5742.119       5132.448        823.623    0.000  -0.056   0.153   0.
  2017 352  4 56 59 512 352.206244352      -3.09      2.84     -3.99  0.       -5742.187       5131.264        821.853    0.000  -0.056   0.153   0.
  2017 352  4 57  0 512 352.206255926      -3.41      2.94     -3.95  0.       -5742.254       5130.079        820.083    0.000  -0.056   0.153   0.
  2017 352  4 57  1 511 352.206267500      -3.65      3.19     -4.05  0.       -5742.320       5128.895        818.314    0.000  -0.056   0.153   0.
  2017 352  4 57  2 511 352.206279074      -3.72      3.55     -4.26  0.       -5742.386       5127.710        816.544    0.000  -0.056   0.153   0.
  2017 352  4 57  3 511 352.206290648      -3.78      3.72     -4.35  0.       -5742.451       5126.524        814.774    0.000  -0.056   0.153   0.
  2017 352  4 57  4 511 352.206302222      -3.90      3.77     -4.41  0.       -5742.516       5125.338        813.004    0.000  -0.056   0.153   0.
  2017 352  4 57  5 511 352.206313796      -3.92      3.75     -4.57  0.       -5742.580       5124.151        811.233    0.000  -0.056   0.153   0.
  2017 352  4 57  6 512 352.206325370      -3.68      3.63     -4.61  0.       -5742.643       5122.964        809.463    0.000  -0.056   0.153   0.
  2017 352  4 57  7 512 352.206336944      -3.46      3.31     -4.77  0.       -5742.707       5121.776        807.693    0.000  -0.056   0.153   0.
  2017 352  4 57  8 511 352.206348519      -3.22      3.01     -4.62  0.       -5742.769       5120.588        805.923    0.000  -0.056   0.153   0.
  2017 352  4 57  9 511 352.206360093      -3.23      2.69     -4.32  0.       -5742.831       5119.399        804.152    0.000  -0.056   0.153   0.
  2017 352  4 57 10 512 352.206371665      -3.11      2.43     -4.15  0.       -5742.893       5118.210        802.382    0.000  -0.056   0.153   0.
  2017 352  4 57 11 511 352.206383238      -3.06      2.22     -3.97  0.       -5742.954       5117.021        800.611    0.000  -0.056   0.153   0.
  2017 352  4 57 12 511 352.206394812      -3.11      2.17     -3.69  0.       -5743.014       5115.831        798.840    0.000  -0.056   0.153   0.
  2017 352  4 57 13 511 352.206406386      -3.25      2.16     -3.42  0.       -5743.074       5114.640        797.070    0.000  -0.056   0.153   0.
  2017 352  4 57 14 511 352.206417960      -3.42      2.13     -3.12  0.       -5743.134       5113.450        795.299    0.000  -0.056   0.153   0.
  2017 352  4 57 15 511 352.206429534      -3.56      1.92     -2.88  0.       -5743.193       5112.258        793.528    0.000  -0.056   0.153   0.
  2017 352  4 57 16 511 352.206441108      -3.54      1.79     -2.89  0.       -5743.251       5111.066        791.757    0.000  -0.056   0.153   0.
  2017 352  4 57 17 511 352.206452682      -3.42      1.72     -2.88  0.       -5743.309       5109.874        789.986    0.000  -0.056   0.153   0.
  2017 352  4 57 18 511 352.206464256      -3.33      1.59     -2.79  0.       -5743.366       5108.681        788.215    0.000  -0.056   0.153   0.
  2017 352  4 57 19 511 352.206475830      -3.39      1.36     -2.74  0.       -5743.423       5107.488        786.444    0.000  -0.056   0.153   0.
  2017 352  4 57 20 511 352.206487404      -3.46      1.24     -2.67  0.       -5743.479       5106.294        784.672    0.000  -0.056   0.153   0.
  2017 352  4 57 21 511 352.206498979      -3.52      1.23     -2.63  0.       -5743.534       5105.100        782.901    0.000  -0.056   0.153   0.
  2017 352  4 57 22 511 352.206510553      -3.55      1.32     -2.54  0.       -5743.590       5103.905        781.130    0.000  -0.056   0.153   0.
  2017 352  4 57 23 511 352.206522127      -3.58      1.37     -2.46  0.       -5743.644       5102.710        779.358    0.000  -0.056   0.153   0.
  2017 352  4 57 24 511 352.206533701      -3.52      1.20     -2.49  0.       -5743.698       5101.514        777.587    0.000  -0.056   0.153   0.
  2017 352  4 57 25 511 352.206545275      -3.48      1.19     -2.40  0.       -5743.752       5100.318        775.815    0.000  -0.056   0.153   0.
  2017 352  4 57 26 511 352.206556849      -3.48      1.20     -2.35  0.       -5743.805       5099.121        774.043    0.000  -0.056   0.153   0.
  2017 352  4 57 27 511 352.206568423      -3.60      1.11     -2.36  0.       -5743.857       5097.924        772.272    0.000  -0.056   0.153   0.
  2017 352  4 57 28 511 352.206579997      -3.68      1.10     -2.24  0.       -5743.909       5096.727        770.500    0.000  -0.056   0.153   0.
  2017 352  4 57 29 511 352.206591571      -3.72      1.21     -2.12  0.       -5743.961       5095.528        768.728    0.000  -0.056   0.153   0.
  2017 352  4 57 30 511 352.206603145      -3.77      1.36     -2.13  0.       -5744.012       5094.330        766.956    0.000  -0.056   0.153   0.
  2017 352  4 57 31 511 352.206614719      -3.69      1.55     -2.12  0.       -5744.062       5093.131        765.184    0.000  -0.056   0.153   0.
  2017 352  4 57 32 511 352.206626293      -3.66      1.77     -2.04  0.       -5744.112       5091.931        763.412    0.000  -0.056   0.153   0.
  2017 352  4 57 33 511 352.206637867      -3.62      1.97     -2.06  0.       -5744.161       5090.731        761.640    0.000  -0.056   0.153   0.
  2017 352  4 57 34 511 352.206649442      -3.57      2.07     -2.16  0.       -5744.210       5089.531        759.867    0.000  -0.056   0.153   0.
  2017 352  4 57 35 511 352.206661016      -3.54      2.11     -2.27  0.       -5744.258       5088.330        758.095    0.000  -0.056   0.153   0.
  2017 352  4 57 36 511 352.206672590      -3.65      2.29     -2.46  0.       -5744.305       5087.129        756.323    0.000  -0.056   0.153   0.
  2017 352  4 57 37 511 352.206684164      -3.78      2.45     -2.67  0.       -5744.353       5085.927        754.550    0.000  -0.056   0.153   0.
  2017 352  4 57 38 511 352.206695738      -3.85      2.65     -2.86  0.       -5744.399       5084.725        752.778    0.000  -0.056   0.153   0.
  2017 352  4 57 39 511 352.206707312      -3.83      2.72     -2.99  0.       -5744.445       5083.522        751.005    0.000  -0.056   0.153   0.
  2017 352  4 57 40 511 352.206718883      -3.96      2.95     -3.31  0.       -5744.491       5082.318        749.232    0.000  -0.056   0.153   0.
  2017 352  4 57 41 511 352.206730457      -3.82      3.13     -3.32  0.       -5744.536       5081.115        747.459    0.000  -0.056   0.153   0.
  2017 352  4 57 42 511 352.206742031      -3.86      3.07     -3.52  0.       -5744.580       5079.910        745.687    0.000  -0.056   0.153   0.
  2017 352  4 57 43 511 352.206753605      -3.89      3.26     -3.55  0.       -5744.624       5078.706        743.914    0.000  -0.056   0.153   0.
  2017 352  4 57 44 511 352.206765179      -3.82      3.43     -3.41  0.       -5744.667       5077.501        742.141    0.000  -0.056   0.153   0.
  2017 352  4 57 45 511 352.206776754      -3.67      3.44     -3.43  0.       -5744.710       5076.295        740.368    0.000  -0.056   0.153   0.
  2017 352  4 57 46 511 352.206788328      -3.47      3.59     -3.37  0.       -5744.752       5075.089        738.595    0.000  -0.056   0.153   0.
  2017 352  4 57 47 511 352.206799902      -3.55      3.12     -3.87  0.       -5744.794       5073.882        736.822    0.000  -0.056   0.153   0.
  2017 352  4 57 48 511 352.206811476      -3.45      3.24     -4.15  0.       -5744.835       5072.675        735.048    0.000  -0.056   0.153   0.
  2017 352  4 57 49 511 352.206823050      -3.35      3.14     -4.24  0.       -5744.876       5071.467        733.275    0.000  -0.056   0.153   0.
  2017 352  4 57 50 511 352.206834624      -3.49      2.89     -4.37  0.       -5744.916       5070.259        731.502    0.000  -0.056   0.153   0.
  2017 352  4 57 51 511 352.206846198      -3.82      2.68     -4.68  0.       -5744.956       5069.051        729.728    0.000  -0.056   0.153   0.
  2017 352  4 57 52 511 352.206857772      -3.87      2.63     -4.90  0.       -5744.995       5067.842        727.955    0.000  -0.056   0.153   0.
  2017 352  4 57 53 511 352.206869346      -3.95      2.90     -5.09  0.       -5745.033       5066.632        726.181    0.000  -0.056   0.153   0.
  2017 352  4 57 54 511 352.206880920      -3.92      3.20     -5.62  0.       -5745.071       5065.422        724.408    0.000  -0.056   0.153   0.
  2017 352  4 57 55 511 352.206892494      -3.06      3.23     -5.91  0.       -5745.109       5064.212        722.634    0.000  -0.056   0.153   0.
  2017 352  4 57 56 511 352.206904068      -2.45      3.02     -5.70  0.       -5745.145       5063.001        720.860    0.000  -0.056   0.153   0.
  2017 352  4 57 57 511 352.206915642      -2.02      2.66     -5.35  0.       -5745.182       5061.790        719.086    0.000  -0.056   0.153   0.
  2017 352  4 57 58 511 352.206927216      -1.90      2.18     -4.92  0.       -5745.218       5060.578        717.312    0.000  -0.056   0.153   0.
  2017 352  4 57 59 511 352.206938790      -2.30      1.57     -4.36  0.       -5745.253       5059.365        715.538    0.000  -0.056   0.153   0.
  2017 352  4 58  0 511 352.206950365      -3.06      1.50     -3.85  0.       -5745.288       5058.153        713.764    0.000  -0.056   0.153   0.
  2017 352  4 58  1 511 352.206961939      -3.90      1.84     -3.84  0.       -5745.322       5056.939        711.990    0.000  -0.056   0.153   0.
  2017 352  4 58  2 511 352.206973513      -4.47      2.31     -4.13  0.       -5745.355       5055.726        710.216    0.000  -0.056   0.153   0.
  2017 352  4 58  3 511 352.206985087      -4.57      2.44     -4.19  0.       -5745.388       5054.511        708.442    0.000  -0.056   0.153   0.
  2017 352  4 58  4 511 352.206996661      -4.46      2.46     -4.27  0.       -5745.421       5053.297        706.667    0.000  -0.056   0.153   0.
  2017 352  4 58  5 511 352.207008235      -4.50      2.86     -4.66  0.       -5745.453       5052.081        704.893    0.000  -0.056   0.153   0.
  2017 352  4 58  6 511 352.207019809      -4.59      3.36     -4.99  0.       -5745.485       5050.866        703.119    0.000  -0.056   0.153   0.
  2017 352  4 58  7 511 352.207031383      -4.45      3.69     -5.50  0.       -5745.515       5049.650        701.344    0.000  -0.056   0.153   0.
  2017 352  4 58  8 511 352.207042957      -4.06      3.81     -6.01  0.       -5745.546       5048.433        699.569    0.000  -0.056   0.153   0.
  2017 352  4 58  9 511 352.207054531      -3.59      3.64     -6.30  0.       -5745.576       5047.216        697.795    0.000  -0.056   0.153   0.
  2017 352  4 58 10 511 352.207066103      -3.17      3.27     -6.46  0.       -5745.605       5045.998        696.020    0.000  -0.056   0.153   0.
  2017 352  4 58 11 511 352.207077677      -3.16      3.12     -6.44  0.       -5745.634       5044.780        694.245    0.000  -0.056   0.153   0.
  2017 352  4 58 12 511 352.207089251      -3.43      3.05     -6.39  0.       -5745.662       5043.562        692.471    0.000  -0.056   0.153   0.
  2017 352  4 58 13 511 352.207100825      -3.37      2.75     -6.36  0.       -5745.689       5042.343        690.696    0.000  -0.056   0.153   0.
  2017 352  4 58 14 511 352.207112399      -3.23      2.43     -6.20  0.       -5745.717       5041.123        688.921    0.000  -0.056   0.153   0.
  2017 352  4 58 15 511 352.207123973      -3.20      2.25     -6.12  0.       -5745.743       5039.903        687.146    0.000  -0.056   0.153   0.
  2017 352  4 58 16 511 352.207135547      -3.18      2.00     -5.87  0.       -5745.769       5038.683        685.370    0.000  -0.056   0.153   0.
  2017 352  4 58 17 511 352.207147121      -3.10      1.86     -5.71  0.       -5745.795       5037.462        683.595    0.000  -0.056   0.153   0.
  2017 352  4 58 18 511 352.207158695      -3.07      1.64     -5.60  0.       -5745.820       5036.240        681.820    0.000  -0.056   0.153   0.
  2017 352  4 58 19 511 352.207170269      -3.17      1.52     -5.46  0.       -5745.844       5035.018        680.045    0.000  -0.056   0.153   0.
  2017 352  4 58 20 511 352.207181843      -3.06      1.51     -5.27  0.       -5745.868       5033.796        678.269    0.000  -0.056   0.153   0.
  2017 352  4 58 21 511 352.207193417      -2.72      1.48     -5.08  0.       -5745.891       5032.573        676.494    0.000  -0.056   0.153   0.
  2017 352  4 58 22 511 352.207204991      -2.34      1.18     -4.93  0.       -5745.914       5031.350        674.719    0.000  -0.056   0.153   0.
  2017 352  4 58 23 511 352.207216565      -1.55      1.13     -5.03  0.       -5745.936       5030.126        672.943    0.000  -0.056   0.153   0.
  2017 352  4 58 24 511 352.207228139      -1.16      1.01     -4.75  0.       -5745.958       5028.902        671.167    0.000  -0.056   0.153   0.
  2017 352  4 58 25 511 352.207239714      -1.25      0.79     -4.50  0.       -5745.979       5027.677        669.392    0.000  -0.056   0.153   0.
  2017 352  4 58 26 511 352.207251288      -1.56      0.68     -4.16  0.       -5745.999       5026.452        667.616    0.000  -0.056   0.153   0.
  2017 352  4 58 27 511 352.207262862      -1.93      0.77     -4.03  0.       -5746.019       5025.226        665.840    0.000  -0.056   0.153   0.
  2017 352  4 58 28 511 352.207274436      -2.54      0.93     -3.94  0.       -5746.039       5024.000        664.064    0.000  -0.056   0.153   0.
  2017 352  4 58 29 511 352.207286010      -3.30      1.07     -3.81  0.       -5746.058       5022.773        662.288    0.000  -0.056   0.153   0.
  2017 352  4 58 30 511 352.207297584      -3.76      1.20     -3.90  0.       -5746.076       5021.546        660.513    0.000  -0.056   0.153   0.
  2017 352  4 58 31 511 352.207309158      -4.19      1.46     -4.41  0.       -5746.094       5020.318        658.736    0.000  -0.056   0.153   0.
  2017 352  4 58 32 511 352.207320732      -4.49      1.70     -5.03  0.       -5746.111       5019.090        656.960    0.000  -0.056   0.153   0.
  2017 352  4 58 33 511 352.207332306      -4.66      1.88     -5.51  0.       -5746.128       5017.862        655.184    0.000  -0.056   0.153   0.
  2017 352  4 58 34 511 352.207343880      -4.68      2.25     -5.85  0.       -5746.144       5016.633        653.408    0.000  -0.056   0.153   0.
  2017 352  4 58 35 511 352.207355454      -4.55      2.63     -5.99  0.       -5746.160       5015.403        651.631    0.000  -0.056   0.153   0.
  2017 352  4 58 36 511 352.207367028      -4.54      2.83     -6.47  0.       -5746.175       5014.173        649.855    0.000  -0.056   0.153   0.
  2017 352  4 58 37 511 352.207378602      -4.33      2.88     -6.82  0.       -5746.190       5012.943        648.079    0.000  -0.056   0.153   0.
  2017 352  4 58 38 511 352.207390177      -4.08      3.00     -7.10  0.       -5746.204       5011.712        646.302    0.000  -0.056   0.153   0.
  2017 352  4 58 39 511 352.207401751      -3.97      3.10     -7.33  0.       -5746.217       5010.480        644.525    0.000  -0.056   0.153   0.
  2017 352  4 58 40 511 352.207413322      -3.98      3.18     -7.34  0.       -5746.230       5009.248        642.749    0.000  -0.056   0.153   0.
  2017 352  4 58 41 511 352.207424896      -3.76      3.31     -7.46  0.       -5746.242       5008.016        640.972    0.000  -0.056   0.153   0.
  2017 352  4 58 42 511 352.207436470      -3.25      3.08     -7.79  0.       -5746.254       5006.783        639.195    0.000  -0.056   0.153   0.
  2017 352  4 58 43 511 352.207448044      -3.17      2.84     -7.85  0.       -5746.265       5005.550        637.419    0.000  -0.056   0.153   0.
  2017 352  4 58 44 510 352.207459618      -3.28      2.58     -7.64  0.       -5746.276       5004.316        635.642    0.000  -0.056   0.153   0.
  2017 352  4 58 45 510 352.207471192      -3.14      2.44     -7.64  0.       -5746.286       5003.081        633.865    0.000  -0.056   0.153   0.
  2017 352  4 58 46 510 352.207482766      -2.90      2.38     -7.68  0.       -5746.296       5001.847        632.088    0.000  -0.056   0.153   0.
  2017 352  4 58 47 510 352.207494340      -2.80      2.34     -7.71  0.       -5746.305       5000.611        630.311    0.000  -0.056   0.153   0.
  2017 352  4 58 48 510 352.207505914      -2.57      2.15     -7.53  0.       -5746.313       4999.376        628.534    0.000  -0.056   0.153   0.
  2017 352  4 58 49 511 352.207517488      -2.39      1.99     -7.17  0.       -5746.321       4998.139        626.757    0.000  -0.056   0.153   0.
  2017 352  4 58 50 510 352.207529062      -2.46      2.05     -6.96  0.       -5746.329       4996.903        624.979    0.000  -0.056   0.153   0.
  2017 352  4 58 51 510 352.207540637      -2.54      1.95     -6.93  0.       -5746.335       4995.665        623.202    0.000  -0.056   0.153   0.
  2017 352  4 58 52 510 352.207552211      -2.57      1.80     -6.85  0.       -5746.342       4994.428        621.425    0.000  -0.056   0.153   0.
  2017 352  4 58 53 511 352.207563785      -2.74      1.87     -6.80  0.       -5746.347       4993.189        619.647    0.000  -0.056   0.153   0.
  2017 352  4 58 54 511 352.207575359      -2.73      1.82     -6.84  0.       -5746.353       4991.951        617.870    0.000  -0.056   0.153   0.
  2017 352  4 58 55 511 352.207586933      -2.69      1.76     -6.82  0.       -5746.357       4990.712        616.092    0.000  -0.056   0.153   0.
  2017 352  4 58 56 511 352.207598507      -2.66      1.61     -6.77  0.       -5746.361       4989.472        614.315    0.000  -0.056   0.153   0.
  2017 352  4 58 57 510 352.207610081      -2.69      1.36     -6.47  0.       -5746.365       4988.232        612.537    0.000  -0.056   0.153   0.
  2017 352  4 58 58 510 352.207621655      -2.85      1.20     -6.14  0.       -5746.368       4986.991        610.759    0.000  -0.056   0.153   0.
  2017 352  4 58 59 510 352.207633229      -3.03      1.26     -5.97  0.       -5746.370       4985.750        608.982    0.000  -0.056   0.153   0.
  2017 352  4 59  0 510 352.207644803      -3.23      1.36     -6.09  0.       -5746.372       4984.509        607.204    0.000  -0.056   0.153   0.
  2017 352  4 59  1 510 352.207656377      -3.29      1.43     -6.22  0.       -5746.373       4983.267        605.426    0.000  -0.056   0.153   0.
  2017 352  4 59  2 511 352.207667951      -3.27      1.44     -6.17  0.       -5746.374       4982.024        603.648    0.000  -0.056   0.153   0.
  2017 352  4 59  3 511 352.207679525      -3.34      1.55     -5.99  0.       -5746.374       4980.781        601.870    0.000  -0.056   0.153   0.
  2017 352  4 59  4 510 352.207691100      -3.44      1.72     -5.90  0.       -5746.374       4979.538        600.092    0.000  -0.056   0.153   0.
  2017 352  4 59  5 510 352.207702674      -3.39      1.81     -6.04  0.       -5746.373       4978.294        598.314    0.000  -0.056   0.153   0.
  2017 352  4 59  6 511 352.207714248      -3.31      1.86     -6.11  0.       -5746.372       4977.049        596.536    0.000  -0.056   0.153   0.
  2017 352  4 59  7 511 352.207725822      -3.24      1.91     -6.22  0.       -5746.370       4975.805        594.757    0.000  -0.056   0.153   0.
  2017 352  4 59  8 511 352.207737396      -3.01      1.91     -6.30  0.       -5746.367       4974.559        592.979    0.000  -0.056   0.153   0.
  2017 352  4 59  9 511 352.207748970      -2.73      1.85     -6.15  0.       -5746.364       4973.313        591.201    0.000  -0.056   0.153   0.
  2017 352  4 59 10 511 352.207760542      -2.60      1.67     -5.95  0.       -5746.360       4972.067        589.423    0.000  -0.055   0.152   0.
  2017 352  4 59 11 510 352.207772115      -2.62      1.58     -5.88  0.       -5746.356       4970.820        587.644    0.000  -0.055   0.152   0.
  2017 352  4 59 12 510 352.207783689      -2.69      1.60     -5.76  0.       -5746.351       4969.573        585.866    0.000  -0.056   0.153   0.
  2017 352  4 59 13 510 352.207795263      -2.65      1.64     -5.65  0.       -5746.346       4968.325        584.087    0.000  -0.056   0.153   0.
  2017 352  4 59 14 510 352.207806837      -2.65      1.65     -5.59  0.       -5746.340       4967.077        582.308    0.000  -0.056   0.153   0.
  2017 352  4 59 15 510 352.207818411      -2.65      1.70     -5.57  0.       -5746.333       4965.828        580.530    0.000  -0.056   0.153   0.
  2017 352  4 59 16 510 352.207829986      -2.75      1.70     -5.52  0.       -5746.326       4964.579        578.751    0.000  -0.056   0.153   0.
  2017 352  4 59 17 510 352.207841560      -2.78      1.65     -5.47  0.       -5746.319       4963.329        576.972    0.000  -0.056   0.153   0.
  2017 352  4 59 18 510 352.207853134      -2.82      1.70     -5.45  0.       -5746.311       4962.079        575.193    0.000  -0.056   0.153   0.
  2017 352  4 59 19 510 352.207864708      -2.83      1.69     -5.53  0.       -5746.302       4960.828        573.414    0.000  -0.056   0.153   0.
  2017 352  4 59 20 510 352.207876282      -2.69      1.69     -5.53  0.       -5746.293       4959.577        571.636    0.000  -0.056   0.153   0.
  2017 352  4 59 21 510 352.207887856      -2.61      1.67     -5.46  0.       -5746.283       4958.325        569.856    0.000  -0.056   0.153   0.
  2017 352  4 59 22 510 352.207899430      -2.75      1.70     -5.64  0.       -5746.272       4957.073        568.077    0.000  -0.056   0.153   0.
  2017 352  4 59 23 510 352.207911004      -2.75      1.81     -5.94  0.       -5746.262       4955.821        566.298    0.000  -0.056   0.153   0.
  2017 352  4 59 24 510 352.207922578      -2.55      1.78     -6.21  0.       -5746.250       4954.568        564.519    0.000  -0.056   0.153   0.
  2017 352  4 59 25 510 352.207934152      -2.33      1.72     -6.43  0.       -5746.238       4953.314        562.740    0.000  -0.056   0.153   0.
  2017 352  4 59 26 510 352.207945726      -2.12      1.69     -6.61  0.       -5746.226       4952.060        560.961    0.000  -0.056   0.153   0.
  2017 352  4 59 27 510 352.207957300      -1.91      1.60     -6.63  0.       -5746.212       4950.805        559.181    0.000  -0.056   0.153   0.
  2017 352  4 59 28 510 352.207968874      -1.44      1.50     -6.61  0.       -5746.199       4949.550        557.402    0.000  -0.056   0.153   0.
  2017 352  4 59 29 510 352.207980448      -1.08      1.11     -6.42  0.       -5746.184       4948.295        555.622    0.000  -0.056   0.153   0.
  2017 352  4 59 30 510 352.207992023      -1.01      0.81     -5.94  0.       -5746.170       4947.039        553.843    0.000  -0.056   0.153   0.
  2017 352  4 59 31 510 352.208003597      -1.20      0.65     -5.41  0.       -5746.154       4945.782        552.063    0.000  -0.056   0.153   0.
  2017 352  4 59 32 510 352.208015171      -1.52      0.41     -5.17  0.       -5746.138       4944.525        550.284    0.000  -0.056   0.153   0.
  2017 352  4 59 33 510 352.208026745      -1.97      0.19     -4.81  0.       -5746.122       4943.268        548.504    0.000  -0.056   0.153   0.
  2017 352  4 59 34 510 352.208038319      -2.75      0.26     -4.51  0.       -5746.105       4942.010        546.724    0.000  -0.056   0.153   0.
  2017 352  4 59 35 510 352.208049893      -3.06      0.69     -4.59  0.       -5746.087       4940.752        544.945    0.000  -0.056   0.153   0.
  2017 352  4 59 36 510 352.208061467      -3.35      0.78     -4.87  0.       -5746.069       4939.493        543.165    0.000  -0.056   0.153   0.
  2017 352  4 59 37 510 352.208073041      -3.58      0.79     -5.01  0.       -5746.050       4938.233        541.385    0.000  -0.056   0.153   0.
  2017 352  4 59 38 510 352.208084615      -3.70      1.37     -5.28  0.       -5746.031       4936.974        539.605    0.000  -0.056   0.153   0.
  2017 352  4 59 39 510 352.208096189      -4.02      2.18     -5.81  0.       -5746.011       4935.713        537.825    0.000  -0.056   0.153   0.
  2017 352  4 59 40 510 352.208107761      -4.40      2.57     -6.32  0.       -5745.990       4934.453        536.045    0.000  -0.056   0.153   0.
  2017 352  4 59 41 510 352.208119335      -4.94      2.80     -6.64  0.       -5745.969       4933.191        534.265    0.000  -0.056   0.153   0.
  2017 352  4 59 42 510 352.208130909      -5.45      3.45     -6.86  0.       -5745.948       4931.929        532.485    0.000  -0.056   0.153   0.
  2017 352  4 59 43 510 352.208142483      -5.89      4.00     -7.37  0.       -5745.926       4930.667        530.705    0.000  -0.056   0.153   0.
  2017 352  4 59 44 510 352.208154057      -5.79      3.96     -8.51  0.       -5745.903       4929.405        528.924    0.000  -0.056   0.153   0.
  2017 352  4 59 45 510 352.208165631      -4.79      3.83    -10.09  0.       -5745.880       4928.141        527.144    0.000  -0.056   0.153   0.
  2017 352  4 59 46 510 352.208177205      -4.23      3.35    -10.64  0.       -5745.856       4926.878        525.364    0.000  -0.056   0.153   0.
  2017 352  4 59 47 510 352.208188779      -3.42      2.93    -10.68  0.       -5745.831       4925.613        523.583    0.000  -0.056   0.153   0.
  2017 352  4 59 48 510 352.208200353      -3.01      2.52    -10.13  0.       -5745.806       4924.349        521.803    0.000  -0.056   0.153   0.
  2017 352  4 59 49 510 352.208211927      -3.10      2.31     -9.67  0.       -5745.781       4923.084        520.022    0.000  -0.056   0.153   0.
  2017 352  4 59 50 510 352.208223501      -3.27      2.24     -9.31  0.       -5745.755       4921.818        518.242    0.000  -0.056   0.153   0.
  2017 352  4 59 51 510 352.208235075      -3.34      2.05     -8.93  0.       -5745.728       4920.552        516.461    0.000  -0.056   0.153   0.
  2017 352  4 59 52 510 352.208246649      -3.19      1.76     -9.06  0.       -5745.701       4919.285        514.681    0.000  -0.056   0.153   0.
  2017 352  4 59 53 510 352.208258223      -3.28      1.52     -8.80  0.       -5745.673       4918.018        512.900    0.000  -0.056   0.153   0.
  2017 352  4 59 54 510 352.208269797      -3.56      1.55     -8.35  0.       -5745.645       4916.751        511.119    0.000  -0.056   0.153   0.
  2017 352  4 59 55 510 352.208281371      -3.76      1.70     -8.18  0.       -5745.616       4915.482        509.338    0.000  -0.056   0.153   0.
  2017 352  4 59 56 510 352.208292946      -3.70      1.81     -8.04  0.       -5745.587       4914.214        507.558    0.000  -0.056   0.153   0.
  2017 352  4 59 57 510 352.208304520      -3.51      1.88     -7.99  0.       -5745.557       4912.945        505.777    0.000  -0.056   0.153   0.
  2017 352  4 59 58 510 352.208316094      -3.53      1.79     -7.86  0.       -5745.526       4911.675        503.996    0.000  -0.056   0.153   0.
  2017 352  4 59 59 510 352.208327668      -3.55      1.90     -7.75  0.       -5745.494       4910.405        502.215    0.000  -0.056   0.153   0.
  2017 352  5  0  0 510 352.208339242      -3.42      2.10     -7.51  0.       -5745.463       4909.135        500.434    0.000  -0.056   0.153   0.
  2017 352  5  0  1 510 352.208350816      -3.06      2.14     -7.31  0.       -5745.431       4907.864        498.653    0.000  -0.056   0.153   0.
  2017 352  5  0  2 510 352.208362390      -2.76      2.07     -7.37  0.       -5745.398       4906.593        496.872    0.000  -0.056   0.153   0.
  2017 352  5  0  3 510 352.208373964      -2.68      1.96     -7.53  0.       -5745.364       4905.321        495.090    0.000  -0.056   0.153   0.
  2017 352  5  0  4 510 352.208385538      -2.46      1.77     -7.72  0.       -5745.330       4904.048        493.309    0.000  -0.056   0.153   0.
  2017 352  5  0  5 510 352.208397112      -2.22      1.57     -7.62  0.       -5745.296       4902.775        491.528    0.000  -0.056   0.153   0.
  2017 352  5  0  6 510 352.208408686      -2.19      1.33     -7.40  0.       -5745.261       4901.502        489.747    0.000  -0.056   0.153   0.
  2017 352  5  0  7 510 352.208420260      -2.08      1.47     -7.51  0.       -5745.225       4900.228        487.965    0.000  -0.056   0.153   0.
  2017 352  5  0  8 510 352.208431834      -1.63      1.61     -7.65  0.       -5745.189       4898.954        486.184    0.000  -0.056   0.153   0.
  2017 352  5  0  9 510 352.208443409      -1.26      1.46     -7.78  0.       -5745.152       4897.679        484.402    0.000  -0.056   0.153   0.
  2017 352  5  0 10 510 352.208454983      -0.98      1.22     -7.67  0.       -5745.115       4896.404        482.621    0.000  -0.056   0.153   0.
  2017 352  5  0 11 510 352.208466557      -0.60      1.13     -7.65  0.       -5745.077       4895.128        480.839    0.000  -0.056   0.153   0.
  2017 352  5  0 12 510 352.208478128       0.24      1.48     -7.37  0.       -5745.038       4893.851        479.057    0.000  -0.056   0.153   0.
  2017 352  5  0 13 510 352.208489702       0.73      0.73     -6.98  0.       -5744.999       4892.575        477.276    0.000  -0.056   0.153   0.
  2017 352  5  0 14 510 352.208501276       1.26     -0.40     -5.66  0.       -5744.959       4891.297        475.494    0.000  -0.056   0.153   0.
  2017 352  5  0 15 510 352.208512850       1.05     -0.85     -4.57  0.       -5744.919       4890.020        473.712    0.000  -0.056   0.153   0.
  2017 352  5  0 16 510 352.208524424       0.49     -0.99     -3.66  0.       -5744.878       4888.741        471.930    0.000  -0.056   0.153   0.
  2017 352  5  0 17 510 352.208535998      -0.54     -1.18     -2.93  0.       -5744.837       4887.463        470.149    0.000  -0.056   0.153   0.
  2017 352  5  0 18 510 352.208547572      -2.30     -0.57     -2.57  0.       -5744.795       4886.184        468.367    0.000  -0.056   0.153   0.
  2017 352  5  0 19 510 352.208559146      -3.23      0.26     -3.06  0.       -5744.752       4884.904        466.585    0.000  -0.056   0.153   0.
  2017 352  5  0 20 510 352.208570720      -3.62      0.64     -4.04  0.       -5744.709       4883.624        464.803    0.000  -0.056   0.153   0.
  2017 352  5  0 21 510 352.208582295      -3.55      0.93     -4.85  0.       -5744.666       4882.343        463.021    0.000  -0.056   0.153   0.
  2017 352  5  0 22 510 352.208593869      -3.50      0.96     -5.44  0.       -5744.621       4881.062        461.239    0.000  -0.056   0.153   0.
  2017 352  5  0 23 510 352.208605443      -3.30      0.50     -5.80  0.       -5744.576       4879.780        459.457    0.000  -0.056   0.153   0.
  2017 352  5  0 24 510 352.208617017      -3.08      0.41     -5.81  0.       -5744.531       4878.498        457.674    0.000  -0.056   0.153   0.
  2017 352  5  0 25 510 352.208628591      -2.87      0.27     -5.65  0.       -5744.485       4877.216        455.892    0.000  -0.056   0.153   0.
  2017 352  5  0 26 510 352.208640165      -2.69      0.03     -5.51  0.       -5744.439       4875.932        454.110    0.000  -0.056   0.153   0.
  2017 352  5  0 27 510 352.208651739      -3.09      0.03     -5.26  0.       -5744.391       4874.649        452.327    0.000  -0.056   0.153   0.
  2017 352  5  0 28 510 352.208663313      -3.47     -0.04     -4.93  0.       -5744.344       4873.365        450.545    0.000  -0.056   0.153   0.
  2017 352  5  0 29 510 352.208674887      -3.84     -0.08     -4.75  0.       -5744.296       4872.080        448.763    0.000  -0.056   0.153   0.
  2017 352  5  0 30 510 352.208686461      -4.25     -0.09     -4.87  0.       -5744.247       4870.795        446.980    0.000  -0.055   0.152   0.
  2017 352  5  0 31 510 352.208698035      -4.55      0.26     -5.11  0.       -5744.197       4869.510        445.198    0.000  -0.055   0.152   0.
  2017 352  5  0 32 510 352.208709609      -5.05      0.48     -5.41  0.       -5744.147       4868.224        443.415    0.000  -0.056   0.153   0.
  2017 352  5  0 33 510 352.208721183      -5.60      0.57     -5.84  0.       -5744.097       4866.937        441.633    0.000  -0.056   0.153   0.
  2017 352  5  0 34 510 352.208732758      -5.74      0.71     -6.41  0.       -5744.046       4865.650        439.850    0.000  -0.056   0.153   0.
  2017 352  5  0 35 510 352.208744332      -5.55      1.08     -6.71  0.       -5743.994       4864.363        438.067    0.000  -0.056   0.153   0.
  2017 352  5  0 36 510 352.208755906      -5.30      1.39     -6.87  0.       -5743.942       4863.075        436.285    0.000  -0.056   0.153   0.
  2017 352  5  0 37 510 352.208767480      -4.89      1.66     -7.43  0.       -5743.889       4861.786        434.502    0.000  -0.056   0.153   0.
  2017 352  5  0 38 510 352.208779054      -4.25      1.54     -7.99  0.       -5743.836       4860.498        432.719    0.000  -0.056   0.153   0.
  2017 352  5  0 39 510 352.208790628      -3.60      1.55     -8.03  0.       -5743.782       4859.208        430.936    0.000  -0.056   0.153   0.
  2017 352  5  0 40 510 352.208802202      -3.31      1.49     -7.52  0.       -5743.727       4857.918        429.153    0.000  -0.056   0.153   0.
  2017 352  5  0 41 510 352.208813776      -3.20      1.44     -7.00  0.       -5743.672       4856.628        427.371    0.000  -0.056   0.153   0.
  2017 352  5  0 42 509 352.208825348      -3.28      1.37     -6.96  0.       -5743.616       4855.337        425.588    0.000  -0.056   0.153   0.
  2017 352  5  0 43 509 352.208836921      -3.15      1.38     -6.96  0.       -5743.560       4854.046        423.805    0.000  -0.056   0.153   0.
  2017 352  5  0 44 510 352.208848495      -2.86      1.29     -6.95  0.       -5743.503       4852.754        422.021    0.000  -0.056   0.153   0.
  2017 352  5  0 45 510 352.208860069      -2.52      1.21     -6.73  0.       -5743.446       4851.461        420.238    0.000  -0.056   0.153   0.
  2017 352  5  0 46 509 352.208871644      -2.41      1.15     -6.43  0.       -5743.388       4850.169        418.455    0.000  -0.056   0.153   0.
  2017 352  5  0 47 509 352.208883218      -2.18      1.06     -6.22  0.       -5743.329       4848.875        416.672    0.000  -0.056   0.153   0.
  2017 352  5  0 48 510 352.208894792      -2.06      0.83     -5.89  0.       -5743.270       4847.582        414.889    0.000  -0.056   0.153   0.
  2017 352  5  0 49 510 352.208906366      -2.05      0.57     -5.59  0.       -5743.210       4846.287        413.106    0.000  -0.056   0.153   0.
  2017 352  5  0 50 510 352.208917940      -2.22      0.21     -5.40  0.       -5743.150       4844.993        411.322    0.000  -0.056   0.153   0.
  2017 352  5  0 51 510 352.208929514      -2.34      0.02     -5.27  0.       -5743.089       4843.697        409.539    0.000  -0.056   0.153   0.
  2017 352  5  0 52 510 352.208941088      -2.48     -0.01     -5.01  0.       -5743.028       4842.402        407.756    0.000  -0.056   0.153   0.
  2017 352  5  0 53 509 352.208952662      -2.74     -0.04     -4.87  0.       -5742.966       4841.105        405.972    0.000  -0.056   0.153   0.
  2017 352  5  0 54 509 352.208964236      -2.98      0.01     -4.77  0.       -5742.903       4839.809        404.189    0.000  -0.056   0.153   0.
  2017 352  5  0 55 509 352.208975810      -3.12      0.13     -4.76  0.       -5742.840       4838.512        402.405    0.000  -0.056   0.153   0.
  2017 352  5  0 56 509 352.208987384      -3.18      0.26     -4.77  0.       -5742.776       4837.214        400.622    0.000  -0.056   0.153   0.
  2017 352  5  0 57 509 352.208998958      -3.12      0.28     -4.75  0.       -5742.712       4835.916        398.838    0.000  -0.056   0.153   0.
  2017 352  5  0 58 510 352.209010532      -3.03      0.28     -4.74  0.       -5742.647       4834.617        397.054    0.000  -0.056   0.153   0.
  2017 352  5  0 59 510 352.209022106      -2.97      0.24     -4.70  0.       -5742.581       4833.318        395.271    0.000  -0.056   0.153   0.
  2017 352  5  1  0 509 352.209033681      -2.84      0.14     -4.64  0.       -5742.515       4832.018        393.487    0.000  -0.055   0.152   0.
  2017 352  5  1  1 509 352.209045255      -2.78      0.09     -4.56  0.       -5742.448       4830.718        391.703    0.000  -0.055   0.152   0.
  2017 352  5  1  2 510 352.209056829      -2.73      0.09     -4.59  0.       -5742.381       4829.418        389.920    0.000  -0.056   0.153   0.
  2017 352  5  1  3 510 352.209068403      -2.62     -0.00     -4.53  0.       -5742.313       4828.116        388.136    0.000  -0.056   0.153   0.
  2017 352  5  1  4 510 352.209079977      -2.59     -0.19     -4.18  0.       -5742.245       4826.815        386.352    0.000  -0.056   0.153   0.
  2017 352  5  1  5 510 352.209091551      -2.78     -0.37     -3.81  0.       -5742.176       4825.513        384.568    0.000  -0.056   0.153   0.
  2017 352  5  1  6 510 352.209103125      -3.01     -0.45     -3.58  0.       -5742.106       4824.210        382.784    0.000  -0.056   0.153   0.
  2017 352  5  1  7 509 352.209114699      -3.18     -0.40     -3.57  0.       -5742.036       4822.907        381.000    0.000  -0.056   0.153   0.
  2017 352  5  1  8 509 352.209126273      -3.36     -0.38     -3.62  0.       -5741.965       4821.604        379.216    0.000  -0.056   0.153   0.
  2017 352  5  1  9 509 352.209137847      -3.59     -0.32     -3.77  0.       -5741.894       4820.300        377.432    0.000  -0.056   0.153   0.
  2017 352  5  1 10 509 352.209149421      -3.76     -0.05     -3.95  0.       -5741.822       4818.995        375.648    0.000  -0.056   0.153   0.
  2017 352  5  1 11 510 352.209160995      -3.87      0.08     -4.10  0.       -5741.750       4817.690        373.864    0.000  -0.056   0.153   0.
  2017 352  5  1 12 510 352.209172567      -3.98      0.24     -4.24  0.       -5741.677       4816.385        372.080    0.000  -0.055   0.152   0.
  2017 352  5  1 13 509 352.209184141      -3.93      0.43     -4.39  0.       -5741.603       4815.079        370.295    0.000  -0.055   0.152   0.
  2017 352  5  1 14 509 352.209195715      -3.91      0.57     -4.55  0.       -5741.529       4813.772        368.511    0.000  -0.056   0.153   0.
  2017 352  5  1 15 509 352.209207289      -3.82      0.63     -4.72  0.       -5741.454       4812.465        366.727    0.000  -0.056   0.153   0.
  2017 352  5  1 16 509 352.209218863      -3.64      0.76     -4.97  0.       -5741.379       4811.158        364.943    0.000  -0.056   0.153   0.
  2017 352  5  1 17 509 352.209230437      -3.37      0.62     -5.01  0.       -5741.303       4809.850        363.158    0.000  -0.056   0.153   0.
  2017 352  5  1 18 509 352.209242011      -3.25      0.43     -4.91  0.       -5741.226       4808.541        361.374    0.000  -0.055   0.152   0.
  2017 352  5  1 19 509 352.209253585      -3.23      0.19     -4.85  0.       -5741.149       4807.233        359.589    0.000  -0.055   0.152   0.
  2017 352  5  1 20 509 352.209265159      -3.31      0.17     -4.86  0.       -5741.071       4805.923        357.805    0.000  -0.056   0.153   0.
  2017 352  5  1 21 509 352.209276733      -3.36      0.25     -4.89  0.       -5740.993       4804.613        356.020    0.000  -0.056   0.153   0.
  2017 352  5  1 22 509 352.209288307      -3.32      0.26     -4.97  0.       -5740.914       4803.303        354.236    0.000  -0.056   0.153   0.
  2017 352  5  1 23 509 352.209299881      -3.25      0.24     -4.96  0.       -5740.835       4801.992        352.451    0.000  -0.056   0.153   0.
  2017 352  5  1 24 509 352.209311455      -3.17      0.18     -4.96  0.       -5740.754       4800.681        350.667    0.000  -0.056   0.153   0.
  2017 352  5  1 25 509 352.209323029      -3.11      0.17     -4.95  0.       -5740.674       4799.369        348.882    0.000  -0.056   0.153   0.
  2017 352  5  1 26 509 352.209334604      -3.06      0.28     -4.90  0.       -5740.593       4798.057        347.097    0.000  -0.055   0.152   0.
  2017 352  5  1 27 509 352.209346178      -2.96      0.24     -4.87  0.       -5740.511       4796.744        345.313    0.000  -0.055   0.152   0.
  2017 352  5  1 28 509 352.209357752      -2.89      0.18     -4.83  0.       -5740.428       4795.430        343.528    0.000  -0.056   0.153   0.
  2017 352  5  1 29 509 352.209369326      -2.84      0.01     -4.79  0.       -5740.345       4794.117        341.743    0.000  -0.056   0.153   0.
  2017 352  5  1 30 509 352.209380900      -2.83     -0.16     -4.63  0.       -5740.262       4792.802        339.958    0.000  -0.056   0.153   0.
  2017 352  5  1 31 509 352.209392474      -2.85     -0.25     -4.47  0.       -5740.178       4791.487        338.173    0.000  -0.056   0.153   0.
  2017 352  5  1 32 509 352.209404048      -2.91     -0.29     -4.38  0.       -5740.093       4790.172        336.389    0.000  -0.056   0.153   0.
  2017 352  5  1 33 509 352.209415622      -2.97     -0.27     -4.31  0.       -5740.008       4788.857        334.604    0.000  -0.056   0.153   0.
  2017 352  5  1 34 509 352.209427196      -3.10     -0.29     -4.27  0.       -5739.922       4787.540        332.819    0.000  -0.056   0.153   0.
  2017 352  5  1 35 509 352.209438770      -3.20     -0.14     -4.12  0.       -5739.835       4786.224        331.034    0.000  -0.056   0.153   0.
  2017 352  5  1 36 509 352.209450344      -3.25     -0.03     -4.18  0.       -5739.748       4784.906        329.249    0.000  -0.056   0.153   0.
  2017 352  5  1 37 509 352.209461918      -3.18      0.02     -4.24  0.       -5739.660       4783.589        327.464    0.000  -0.056   0.153   0.
  2017 352  5  1 38 509 352.209473492      -3.08     -0.08     -4.26  0.       -5739.572       4782.270        325.679    0.000  -0.055   0.152   0.
  2017 352  5  1 39 509 352.209485067      -3.21     -0.12     -4.12  0.       -5739.483       4780.952        323.893    0.000  -0.055   0.152   0.
  2017 352  5  1 40 509 352.209496641      -3.44     -0.06     -4.00  0.       -5739.394       4779.632        322.108    0.000  -0.056   0.153   0.
  2017 352  5  1 41 509 352.209508215      -3.57      0.03     -3.96  0.       -5739.304       4778.313        320.323    0.000  -0.056   0.153   0.
  2017 352  5  1 42 509 352.209519786      -3.67      0.02     -4.00  0.       -5739.213       4776.993        318.538    0.000  -0.056   0.153   0.
  2017 352  5  1 43 509 352.209531360      -3.96     -0.03     -3.91  0.       -5739.122       4775.672        316.753    0.000  -0.056   0.153   0.
  2017 352  5  1 44 509 352.209542934      -4.33      0.02     -3.96  0.       -5739.030       4774.351        314.967    0.000  -0.055   0.152   0.
  2017 352  5  1 45 509 352.209554508      -4.69      0.46     -4.12  0.       -5738.938       4773.029        313.182    0.000  -0.055   0.152   0.
  2017 352  5  1 46 509 352.209566082      -4.65      0.92     -4.51  0.       -5738.845       4771.707        311.397    0.000  -0.056   0.153   0.
  2017 352  5  1 47 509 352.209577656      -4.18      1.14     -4.79  0.       -5738.751       4770.384        309.611    0.000  -0.056   0.153   0.
  2017 352  5  1 48 509 352.209589230      -3.78      1.09     -4.88  0.       -5738.657       4769.061        307.826    0.000  -0.055   0.152   0.
  2017 352  5  1 49 509 352.209600804      -3.46      1.12     -4.89  0.       -5738.562       4767.738        306.040    0.000  -0.055   0.152   0.
  2017 352  5  1 50 509 352.209612379      -3.28      1.19     -5.05  0.       -5738.467       4766.414        304.255    0.000  -0.056   0.153   0.
  2017 352  5  1 51 509 352.209623953      -3.31      1.23     -4.87  0.       -5738.371       4765.089        302.470    0.000  -0.056   0.153   0.
  2017 352  5  1 52 509 352.209635527      -3.26      0.92     -4.90  0.       -5738.275       4763.764        300.684    0.000  -0.056   0.153   0.
  2017 352  5  1 53 509 352.209647101      -3.23      0.39     -4.89  0.       -5738.177       4762.438        298.898    0.000  -0.056   0.153   0.
  2017 352  5  1 54 509 352.209658675      -3.31      0.10     -4.83  0.       -5738.080       4761.112        297.113    0.000  -0.056   0.153   0.
  2017 352  5  1 55 509 352.209670249      -3.30     -0.15     -4.78  0.       -5737.982       4759.786        295.327    0.000  -0.056   0.153   0.
  2017 352  5  1 56 509 352.209681823      -3.33     -0.35     -4.71  0.       -5737.883       4758.459        293.541    0.000  -0.056   0.153   0.
  2017 352  5  1 57 509 352.209693397      -3.45     -0.60     -4.58  0.       -5737.783       4757.131        291.756    0.000  -0.056   0.153   0.
  2017 352  5  1 58 509 352.209704971      -3.60     -0.72     -4.39  0.       -5737.683       4755.803        289.970    0.000  -0.056   0.153   0.
  2017 352  5  1 59 509 352.209716545      -3.87     -0.69     -4.21  0.       -5737.582       4754.475        288.184    0.000  -0.056   0.153   0.
  2017 352  5  2  0 509 352.209728119      -4.02     -0.51     -4.03  0.       -5737.481       4753.146        286.399    0.000  -0.056   0.153   0.
  2017 352  5  2  1 509 352.209739693      -4.28     -0.25     -3.90  0.       -5737.379       4751.816        284.613    0.000  -0.056   0.153   0.
  2017 352  5  2  2 509 352.209751267      -4.38      0.03     -3.90  0.       -5737.277       4750.486        282.827    0.000  -0.055   0.152   0.
  2017 352  5  2  3 509 352.209762841      -4.35      0.25     -3.97  0.       -5737.174       4749.156        281.041    0.000  -0.055   0.152   0.
  2017 352  5  2  4 509 352.209774415      -4.43      0.40     -4.05  0.       -5737.070       4747.825        279.255    0.000  -0.056   0.153   0.
  2017 352  5  2  5 509 352.209785990      -4.33      0.36     -4.25  0.       -5736.966       4746.493        277.469    0.000  -0.056   0.153   0.
  2017 352  5  2  6 509 352.209797564      -4.26      0.16     -4.19  0.       -5736.861       4745.161        275.683    0.000  -0.056   0.153   0.
  2017 352  5  2  7 509 352.209809138      -4.27      0.03     -4.07  0.       -5736.756       4743.829        273.897    0.000  -0.056   0.153   0.
  2017 352  5  2  8 509 352.209820712      -4.31      0.09     -4.19  0.       -5736.650       4742.496        272.111    0.000  -0.055   0.152   0.
  2017 352  5  2  9 509 352.209832286      -4.09      0.08     -4.24  0.       -5736.543       4741.163        270.325    0.000  -0.055   0.152   0.
  2017 352  5  2 10 509 352.209843860      -3.75     -0.01     -4.37  0.       -5736.436       4739.829        268.539    0.000  -0.056   0.153   0.
  2017 352  5  2 11 509 352.209855434      -3.46     -0.20     -4.50  0.       -5736.328       4738.494        266.753    0.000  -0.056   0.153   0.
  2017 352  5  2 12 509 352.209867006      -3.32     -0.65     -4.45  0.       -5736.220       4737.159        264.967    0.000  -0.055   0.152   0.
  2017 352  5  2 13 509 352.209878579      -3.16     -1.05     -4.31  0.       -5736.111       4735.824        263.181    0.000  -0.055   0.152   0.
  2017 352  5  2 14 509 352.209890153      -3.12     -1.33     -4.03  0.       -5736.001       4734.488        261.395    0.000  -0.056   0.153   0.
  2017 352  5  2 15 509 352.209901727      -3.17     -1.66     -3.82  0.       -5735.891       4733.152        259.609    0.000  -0.056   0.153   0.
  2017 352  5  2 16 509 352.209913302      -3.31     -1.95     -3.66  0.       -5735.780       4731.815        257.822    0.000  -0.055   0.152   0.
  2017 352  5  2 17 509 352.209924876      -3.41     -2.17     -3.42  0.       -5735.669       4730.478        256.036    0.000  -0.055   0.152   0.
  2017 352  5  2 18 509 352.209936450      -3.54     -2.08     -3.17  0.       -5735.557       4729.140        254.250    0.000  -0.055   0.152   0.
  2017 352  5  2 19 509 352.209948024      -3.95     -1.93     -2.81  0.       -5735.445       4727.801        252.463    0.000  -0.055   0.152   0.
  2017 352  5  2 20 509 352.209959598      -4.14     -1.87     -2.55  0.       -5735.331       4726.463        250.677    0.000  -0.055   0.152   0.
  2017 352  5  2 21 509 352.209971172      -4.25     -1.56     -2.41  0.       -5735.218       4725.123        248.891    0.000  -0.055   0.152   0.
  2017 352  5  2 22 509 352.209982746      -4.52     -1.17     -2.40  0.       -5735.103       4723.783        247.104    0.000  -0.056   0.153   0.
  2017 352  5  2 23 509 352.209994320      -4.57     -0.94     -2.25  0.       -5734.988       4722.443        245.318    0.000  -0.056   0.153   0.
  2017 352  5  2 24 509 352.210005894      -4.55     -0.67     -2.16  0.       -5734.873       4721.102        243.532    0.000  -0.056   0.153   0.
  2017 352  5  2 25 509 352.210017468      -4.62     -0.64     -2.08  0.       -5734.757       4719.761        241.745    0.000  -0.056   0.153   0.
  2017 352  5  2 26 509 352.210029042      -4.82     -0.48     -2.00  0.       -5734.640       4718.419        239.959    0.000  -0.055   0.152   0.
  2017 352  5  2 27 509 352.210040616      -4.90     -0.34     -2.03  0.       -5734.523       4717.077        238.172    0.000  -0.055   0.152   0.
  2017 352  5  2 28 509 352.210052190      -5.09     -0.20     -2.13  0.       -5734.405       4715.734        236.386    0.000  -0.055   0.152   0.
  2017 352  5  2 29 509 352.210063764      -5.26     -0.02     -2.33  0.       -5734.286       4714.391        234.599    0.000  -0.055   0.152   0.
  2017 352  5  2 30 509 352.210075339      -5.30      0.27     -2.61  0.       -5734.167       4713.047        232.812    0.000  -0.056   0.153   0.
  2017 352  5  2 31 509 352.210086913      -5.01      0.46     -3.04  0.       -5734.047       4711.703        231.026    0.000  -0.056   0.153   0.
  2017 352  5  2 32 509 352.210098487      -4.56      0.47     -3.50  0.       -5733.927       4710.358        229.239    0.000  -0.056   0.153   0.
  2017 352  5  2 33 509 352.210110061      -4.14      0.37     -3.60  0.       -5733.806       4709.013        227.453    0.000  -0.056   0.153   0.
  2017 352  5  2 34 509 352.210121635      -3.84      0.16     -3.63  0.       -5733.685       4707.667        225.666    0.000  -0.055   0.152   0.
  2017 352  5  2 35 509 352.210133209      -3.51      0.06     -3.57  0.       -5733.562       4706.321        223.879    0.000  -0.055   0.152   0.
  2017 352  5  2 36 509 352.210144783      -3.42     -0.06     -3.55  0.       -5733.440       4704.974        222.093    0.000  -0.055   0.152   0.
  2017 352  5  2 37 509 352.210156357      -3.37     -0.24     -3.52  0.       -5733.316       4703.627        220.306    0.000  -0.055   0.152   0.
  2017 352  5  2 38 509 352.210167931      -3.29     -0.54     -3.47  0.       -5733.193       4702.279        218.519    0.000  -0.056   0.153   0.
  2017 352  5  2 39 509 352.210179505      -3.44     -0.81     -3.40  0.       -5733.068       4700.931        216.732    0.000  -0.056   0.153   0.
  2017 352  5  2 40 509 352.210191079      -3.58     -1.05     -3.24  0.       -5732.943       4699.582        214.945    0.000  -0.056   0.153   0.
  2017 352  5  2 41 509 352.210202653      -3.75     -1.26     -3.01  0.       -5732.817       4698.233        213.159    0.000  -0.056   0.153   0.
  2017 352  5  2 42 508 352.210214225      -4.02     -1.42     -2.91  0.       -5732.691       4696.884        211.372    0.000  -0.056   0.153   0.
  2017 352  5  2 43 508 352.210225799      -4.27     -1.43     -2.96  0.       -5732.564       4695.533        209.585    0.000  -0.056   0.153   0.
  2017 352  5  2 44 509 352.210237373      -4.58     -1.28     -2.87  0.       -5732.436       4694.183        207.798    0.000  -0.056   0.153   0.
  2017 352  5  2 45 509 352.210248947      -4.79     -1.16     -2.83  0.       -5732.308       4692.832        206.011    0.000  -0.056   0.153   0.
  2017 352  5  2 46 509 352.210260521      -4.77     -1.13     -2.80  0.       -5732.179       4691.480        204.224    0.000  -0.055   0.152   0.
  2017 352  5  2 47 509 352.210272095      -4.75     -1.10     -2.81  0.       -5732.050       4690.128        202.437    0.000  -0.055   0.152   0.
  2017 352  5  2 48 509 352.210283669      -4.70     -0.97     -2.80  0.       -5731.920       4688.775        200.650    0.000  -0.056   0.153   0.
  2017 352  5  2 49 508 352.210295243      -4.68     -0.88     -2.82  0.       -5731.789       4687.422        198.863    0.000  -0.056   0.153   0.
  2017 352  5  2 50 508 352.210306817      -4.71     -0.76     -2.84  0.       -5731.658       4686.068        197.076    0.000  -0.055   0.152   0.
  2017 352  5  2 51 508 352.210318391      -4.73     -0.63     -2.89  0.       -5731.527       4684.714        195.289    0.000  -0.055   0.152   0.
  2017 352  5  2 52 508 352.210329965      -4.66     -0.47     -2.84  0.       -5731.394       4683.359        193.502    0.000  -0.055   0.152   0.
  2017 352  5  2 53 508 352.210341539      -4.76     -0.26     -2.94  0.       -5731.261       4682.004        191.715    0.000  -0.055   0.152   0.
  2017 352  5  2 54 509 352.210353113      -4.73     -0.10     -3.05  0.       -5731.128       4680.649        189.928    0.000  -0.056   0.153   0.
  2017 352  5  2 55 509 352.210364687      -4.61     -0.01     -3.10  0.       -5730.993       4679.293        188.141    0.000  -0.056   0.153   0.
  2017 352  5  2 56 508 352.210376262      -4.51     -0.07     -3.12  0.       -5730.859       4677.936        186.354    0.000  -0.055   0.152   0.
  2017 352  5  2 57 508 352.210387836      -4.54      0.11     -3.04  0.       -5730.723       4676.579        184.566    0.000  -0.055   0.152   0.
  2017 352  5  2 58 509 352.210399410      -4.49      0.33     -3.15  0.       -5730.587       4675.221        182.779    0.000  -0.056   0.153   0.
  2017 352  5  2 59 509 352.210410984      -4.39      0.37     -3.46  0.       -5730.451       4673.863        180.992    0.000  -0.056   0.153   0.
  2017 352  5  3  0 509 352.210422558      -4.32      0.38     -3.66  0.       -5730.313       4672.505        179.205    0.000  -0.056   0.153   0.
  2017 352  5  3  1 509 352.210434132      -4.26      0.38     -3.84  0.       -5730.176       4671.146        177.418    0.000  -0.056   0.153   0.
  2017 352  5  3  2 508 352.210445706      -3.99      0.25     -4.01  0.       -5730.037       4669.786        175.630    0.000  -0.056   0.153   0.
  2017 352  5  3  3 508 352.210457280      -3.87      0.16     -4.10  0.       -5729.898       4668.426        173.843    0.000  -0.056   0.153   0.
  2017 352  5  3  4 508 352.210468854      -3.73      0.12     -4.11  0.       -5729.758       4667.065        172.056    0.000  -0.055   0.152   0.
  2017 352  5  3  5 508 352.210480428      -3.54     -0.02     -4.14  0.       -5729.618       4665.704        170.268    0.000  -0.055   0.152   0.
  2017 352  5  3  6 508 352.210492002      -3.37     -0.20     -4.18  0.       -5729.477       4664.343        168.481    0.000  -0.055   0.152   0.
  2017 352  5  3  7 509 352.210503576      -3.23     -0.37     -4.20  0.       -5729.336       4662.981        166.694    0.000  -0.055   0.152   0.
  2017 352  5  3  8 509 352.210515150      -3.08     -0.33     -4.15  0.       -5729.194       4661.618        164.906    0.000  -0.056   0.153   0.
  2017 352  5  3  9 508 352.210526725      -3.08     -0.38     -4.24  0.       -5729.051       4660.255        163.119    0.000  -0.056   0.153   0.
  2017 352  5  3 10 508 352.210538299      -3.14     -0.42     -4.14  0.       -5728.908       4658.892        161.332    0.000  -0.056   0.153   0.
  2017 352  5  3 11 509 352.210549873      -2.94     -0.42     -4.00  0.       -5728.764       4657.528        159.544    0.000  -0.056   0.153   0.
  2017 352  5  3 12 509 352.210561447      -2.71     -0.51     -3.77  0.       -5728.619       4656.163        157.757    0.000  -0.056   0.153   0.
  2017 352  5  3 13 509 352.210573021      -2.81     -0.72     -3.53  0.       -5728.474       4654.798        155.969    0.000  -0.056   0.153   0.
  2017 352  5  3 14 509 352.210584593      -2.79     -0.80     -3.43  0.       -5728.329       4653.433        154.182    0.000  -0.055   0.152   0.
  2017 352  5  3 15 508 352.210596166      -2.78     -0.73     -3.36  0.       -5728.182       4652.067        152.394    0.000  -0.055   0.152   0.
  2017 352  5  3 16 508 352.210607740      -2.74     -0.78     -3.27  0.       -5728.035       4650.700        150.607    0.000  -0.056   0.153   0.
  2017 352  5  3 17 508 352.210619314      -2.78     -0.81     -3.14  0.       -5727.888       4649.333        148.819    0.000  -0.056   0.153   0.
  2017 352  5  3 18 508 352.210630888      -2.83     -0.77     -2.85  0.       -5727.740       4647.966        147.032    0.000  -0.056   0.153   0.
  2017 352  5  3 19 508 352.210642462      -2.90     -0.74     -2.62  0.       -5727.591       4646.598        145.244    0.000  -0.056   0.153   0.
  2017 352  5  3 20 508 352.210654036      -3.00     -0.69     -2.53  0.       -5727.441       4645.229        143.457    0.000  -0.056   0.153   0.
  2017 352  5  3 21 508 352.210665611      -3.15     -0.59     -2.48  0.       -5727.291       4643.860        141.669    0.000  -0.056   0.153   0.
  2017 352  5  3 22 508 352.210677185      -3.25     -0.60     -2.56  0.       -5727.141       4642.491        139.882    0.000  -0.056   0.153   0.
  2017 352  5  3 23 508 352.210688759      -3.32     -0.73     -2.64  0.       -5726.990       4641.121        138.094    0.000  -0.056   0.153   0.
  2017 352  5  3 24 508 352.210700333      -3.38     -0.73     -2.81  0.       -5726.838       4639.750        136.306    0.000  -0.056   0.153   0.
  2017 352  5  3 25 508 352.210711907      -3.57     -0.69     -2.96  0.       -5726.685       4638.379        134.519    0.000  -0.056   0.153   0.
  2017 352  5  3 26 508 352.210723481      -3.68     -0.61     -2.97  0.       -5726.532       4637.008        132.731    0.000  -0.055   0.152   0.
  2017 352  5  3 27 508 352.210735055      -3.65     -0.54     -3.02  0.       -5726.379       4635.636        130.943    0.000  -0.055   0.152   0.
  2017 352  5  3 28 508 352.210746629      -3.56     -0.55     -3.01  0.       -5726.224       4634.263        129.156    0.000  -0.055   0.152   0.
  2017 352  5  3 29 508 352.210758203      -3.37     -0.56     -3.10  0.       -5726.069       4632.890        127.368    0.000  -0.055   0.152   0.
  2017 352  5  3 30 508 352.210769777      -3.26     -0.64     -3.19  0.       -5725.914       4631.517        125.580    0.000  -0.056   0.153   0.
  2017 352  5  3 31 508 352.210781351      -3.20     -0.70     -3.20  0.       -5725.758       4630.143        123.793    0.000  -0.056   0.153   0.
  2017 352  5  3 32 508 352.210792925      -3.12     -0.71     -3.03  0.       -5725.601       4628.769        122.005    0.000  -0.055   0.152   0.
  2017 352  5  3 33 508 352.210804499      -3.20     -0.71     -2.92  0.       -5725.444       4627.394        120.217    0.000  -0.055   0.152   0.
  2017 352  5  3 34 508 352.210816073      -3.30     -0.79     -2.84  0.       -5725.286       4626.019        118.429    0.000  -0.056   0.153   0.
  2017 352  5  3 35 508 352.210827648      -3.41     -0.70     -2.74  0.       -5725.127       4624.643        116.642    0.000  -0.056   0.153   0.
  2017 352  5  3 36 508 352.210839222      -3.59     -0.75     -2.61  0.       -5724.968       4623.266        114.854    0.000  -0.055   0.152   0.
  2017 352  5  3 37 508 352.210850796      -3.66     -0.78     -2.52  0.       -5724.808       4621.889        113.066    0.000  -0.055   0.152   0.
  2017 352  5  3 38 508 352.210862370      -3.59     -0.86     -2.54  0.       -5724.647       4620.512        111.278    0.000  -0.056   0.153   0.
  2017 352  5  3 39 508 352.210873944      -3.70     -0.74     -2.55  0.       -5724.487       4619.134        109.490    0.000  -0.056   0.153   0.
  2017 352  5  3 40 508 352.210885518      -3.98     -0.62     -2.53  0.       -5724.325       4617.755        107.703    0.000  -0.055   0.152   0.
  2017 352  5  3 41 508 352.210897092      -4.20     -0.61     -2.54  0.       -5724.163       4616.376        105.915    0.000  -0.055   0.152   0.
  2017 352  5  3 42 508 352.210908666      -4.28     -0.56     -2.53  0.       -5724.000       4614.997        104.127    0.000  -0.055   0.152   0.
  2017 352  5  3 43 508 352.210920240      -4.29     -0.42     -2.69  0.       -5723.836       4613.617        102.339    0.000  -0.055   0.152   0.
  2017 352  5  3 44 508 352.210931812      -4.41     -0.46     -2.78  0.       -5723.672       4612.237        100.551    0.000  -0.055   0.152   0.
  2017 352  5  3 45 508 352.210943385      -4.52     -0.47     -2.84  0.       -5723.507       4610.856         98.763    0.000  -0.055   0.152   0.
  2017 352  5  3 46 508 352.210954959      -4.55     -0.43     -2.84  0.       -5723.342       4609.474         96.975    0.000  -0.055   0.152   0.
  2017 352  5  3 47 508 352.210966534      -4.43     -0.37     -2.85  0.       -5723.176       4608.092         95.188    0.000  -0.055   0.152   0.
  2017 352  5  3 48 508 352.210978108      -4.28     -0.29     -2.83  0.       -5723.009       4606.710         93.400    0.000  -0.055   0.152   0.
  2017 352  5  3 49 508 352.210989682      -4.22     -0.22     -2.85  0.       -5722.842       4605.327         91.612    0.000  -0.055   0.152   0.
  2017 352  5  3 50 508 352.211001256      -4.31     -0.20     -2.92  0.       -5722.674       4603.944         89.824    0.000  -0.056   0.153   0.
  2017 352  5  3 51 508 352.211012830      -4.32     -0.15     -2.90  0.       -5722.506       4602.560         88.036    0.000  -0.056   0.153   0.
  2017 352  5  3 52 508 352.211024404      -4.31     -0.16     -2.86  0.       -5722.337       4601.176         86.248    0.000  -0.056   0.153   0.
  2017 352  5  3 53 508 352.211035978      -4.25     -0.15     -2.79  0.       -5722.167       4599.791         84.460    0.000  -0.056   0.153   0.
  2017 352  5  3 54 508 352.211047552      -4.13     -0.13     -2.68  0.       -5721.997       4598.405         82.672    0.000  -0.056   0.153   0.
  2017 352  5  3 55 508 352.211059126      -4.05     -0.13     -2.56  0.       -5721.826       4597.019         80.884    0.000  -0.056   0.153   0.
  2017 352  5  3 56 508 352.211070700      -3.98     -0.14     -2.48  0.       -5721.654       4595.633         79.096    0.000  -0.055   0.152   0.
  2017 352  5  3 57 508 352.211082274      -4.04     -0.12     -2.44  0.       -5721.482       4594.246         77.308    0.000  -0.055   0.152   0.
  2017 352  5  3 58 508 352.211093848      -4.14     -0.15     -2.37  0.       -5721.309       4592.859         75.520    0.000  -0.056   0.153   0.
  2017 352  5  3 59 508 352.211105422      -4.17     -0.15     -2.41  0.       -5721.136       4591.471         73.732    0.000  -0.056   0.153   0.
  2017 352  5  4  0 508 352.211116997      -4.08     -0.21     -2.46  0.       -5720.962       4590.082         71.944    0.000  -0.055   0.152   0.
  2017 352  5  4  1 508 352.211128571      -3.99     -0.23     -2.44  0.       -5720.787       4588.694         70.156    0.000  -0.055   0.152   0.
  2017 352  5  4  2 508 352.211140145      -4.02     -0.24     -2.42  0.       -5720.612       4587.304         68.368    0.000  -0.056   0.153   0.
  2017 352  5  4  3 508 352.211151719      -4.03     -0.27     -2.45  0.       -5720.436       4585.914         66.580    0.000  -0.056   0.153   0.
  2017 352  5  4  4 508 352.211163293      -4.00     -0.27     -2.38  0.       -5720.260       4584.524         64.792    0.000  -0.055   0.152   0.
  2017 352  5  4  5 508 352.211174867      -3.95     -0.26     -2.32  0.       -5720.083       4583.133         63.004    0.000  -0.055   0.152   0.
  2017 352  5  4  6 508 352.211186441      -3.92     -0.32     -2.25  0.       -5719.905       4581.742         61.216    0.000  -0.055   0.152   0.
  2017 352  5  4  7 508 352.211198015      -4.00     -0.33     -2.03  0.       -5719.726       4580.350         59.428    0.000  -0.055   0.152   0.
  2017 352  5  4  8 508 352.211209589      -4.13     -0.25     -1.96  0.       -5719.547       4578.958         57.640    0.000  -0.055   0.152   0.
  2017 352  5  4  9 508 352.211221163      -4.20     -0.27     -2.01  0.       -5719.368       4577.565         55.852    0.000  -0.055   0.152   0.
  2017 352  5  4 10 508 352.211232737      -4.28     -0.20     -2.00  0.       -5719.188       4576.171         54.064    0.000  -0.056   0.153   0.
  2017 352  5  4 11 508 352.211244311      -4.30     -0.15     -2.02  0.       -5719.007       4574.778         52.275    0.000  -0.056   0.153   0.
  2017 352  5  4 12 508 352.211255885      -4.36     -0.06     -2.08  0.       -5718.825       4573.383         50.487    0.000  -0.055   0.152   0.
  2017 352  5  4 13 508 352.211267460      -4.49     -0.02     -2.12  0.       -5718.643       4571.988         48.699    0.000  -0.055   0.152   0.
  2017 352  5  4 14 508 352.211279031      -4.56      0.08     -2.22  0.       -5718.460       4570.593         46.911    0.000  -0.055   0.152   0.
  2017 352  5  4 15 508 352.211290605      -4.61      0.12     -2.41  0.       -5718.277       4569.197         45.123    0.000  -0.055   0.152   0.
  2017 352  5  4 16 508 352.211302179      -4.59      0.11     -2.44  0.       -5718.093       4567.801         43.335    0.000  -0.056   0.153   0.
  2017 352  5  4 17 508 352.211313753      -4.67      0.06     -2.41  0.       -5717.908       4566.404         41.547    0.000  -0.056   0.153   0.
  2017 352  5  4 18 508 352.211325327      -4.86      0.02     -2.36  0.       -5717.723       4565.006         39.759    0.000  -0.056   0.153   0.
  2017 352  5  4 19 508 352.211336901      -5.00      0.05     -2.33  0.       -5717.537       4563.609         37.971    0.000  -0.056   0.153   0.
  2017 352  5  4 20 508 352.211348475      -5.00      0.08     -2.36  0.       -5717.351       4562.210         36.182    0.000  -0.055   0.152   0.
  2017 352  5  4 21 508 352.211360049      -4.89      0.10     -2.46  0.       -5717.164       4560.812         34.394    0.000  -0.055   0.152   0.
  2017 352  5  4 22 508 352.211371623      -4.82      0.07     -2.55  0.       -5716.976       4559.412         32.606    0.000  -0.056   0.153   0.
  2017 352  5  4 23 508 352.211383197      -4.77      0.08     -2.60  0.       -5716.788       4558.012         30.818    0.000  -0.056   0.153   0.
  2017 352  5  4 24 508 352.211394771      -4.78      0.09     -2.68  0.       -5716.599       4556.612         29.030    0.000  -0.056   0.153   0.
  2017 352  5  4 25 508 352.211406345      -4.70      0.09     -2.75  0.       -5716.409       4555.211         27.242    0.000  -0.056   0.153   0.
  2017 352  5  4 26 508 352.211417920      -4.65      0.08     -2.88  0.       -5716.219       4553.810         25.454    0.000  -0.055   0.152   0.
  2017 352  5  4 27 508 352.211429494      -4.68      0.12     -2.99  0.       -5716.028       4552.408         23.665    0.000  -0.055   0.152   0.
  2017 352  5  4 28 508 352.211441068      -4.78      0.09     -3.12  0.       -5715.836       4551.006         21.877    0.000  -0.056   0.153   0.
  2017 352  5  4 29 508 352.211452642      -4.74      0.04     -3.33  0.       -5715.644       4549.603         20.089    0.000  -0.056   0.153   0.
  2017 352  5  4 30 508 352.211464216      -4.55     -0.09     -3.58  0.       -5715.452       4548.199         18.301    0.000  -0.056   0.153   0.
  2017 352  5  4 31 508 352.211475790      -4.42     -0.27     -3.76  0.       -5715.258       4546.796         16.513    0.000  -0.056   0.153   0.
  2017 352  5  4 32 508 352.211487364      -4.33     -0.34     -3.80  0.       -5715.064       4545.391         14.725    0.000  -0.056   0.153   0.
  2017 352  5  4 33 508 352.211498938      -4.37     -0.40     -3.82  0.       -5714.869       4543.986         12.937    0.000  -0.056   0.153   0.
  2017 352  5  4 34 508 352.211510512      -4.45     -0.38     -3.63  0.       -5714.674       4542.581         11.148    0.000  -0.056   0.153   0.
  2017 352  5  4 35 508 352.211522086      -4.37     -0.27     -3.59  0.       -5714.478       4541.175          9.360    0.000  -0.056   0.153   0.
  2017 352  5  4 36 508 352.211533660      -4.30     -0.21     -3.72  0.       -5714.282       4539.769          7.572    0.000  -0.056   0.153   0.
  2017 352  5  4 37 508 352.211545234      -4.40     -0.21     -3.68  0.       -5714.085       4538.362          5.784    0.000  -0.056   0.153   0.
  2017 352  5  4 38 508 352.211556808      -4.46     -0.21     -3.61  0.       -5713.887       4536.955          3.996    0.000  -0.056   0.153   0.
  2017 352  5  4 39 508 352.211568383      -4.40     -0.23     -3.67  0.       -5713.688       4535.547          2.208    0.000  -0.056   0.153   0.
  2017 352  5  4 40 508 352.211579957      -4.35     -0.31     -3.72  0.       -5713.489       4534.139          0.419    0.000  -0.055   0.152   0.
  2017 352  5  4 41 508 352.211591531      -4.42     -0.26     -3.70  0.       -5713.290       4532.730         -1.369    0.000  -0.055   0.152   0.
  2017 352  5  4 42 508 352.211603105      -4.39     -0.26     -3.53  0.       -5713.089       4531.320         -3.157    0.000  -0.055   0.152   0.
  2017 352  5  4 43 508 352.211614679      -4.36     -0.26     -3.43  0.       -5712.889       4529.910         -4.945    0.000  -0.055   0.152   0.
  2017 352  5  4 44 507 352.211626250      -4.43     -0.19     -3.50  0.       -5712.687       4528.500         -6.733    0.000  -0.056   0.153   0.
  2017 352  5  4 45 507 352.211637824      -4.44     -0.13     -3.60  0.       -5712.485       4527.089         -8.521    0.000  -0.056   0.153   0.
  2017 352  5  4 46 507 352.211649398      -4.53     -0.14     -3.63  0.       -5712.282       4525.678        -10.309    0.000  -0.055   0.152   0.
  2017 352  5  4 47 507 352.211660972      -4.54     -0.05     -3.75  0.       -5712.078       4524.266        -12.098    0.000  -0.055   0.152   0.
  2017 352  5  4 48 507 352.211672546      -4.48      0.01     -3.82  0.       -5711.874       4522.854        -13.886    0.000  -0.056   0.153   0.
  2017 352  5  4 49 508 352.211684120      -4.49     -0.05     -3.83  0.       -5711.670       4521.441        -15.674    0.000  -0.056   0.153   0.
  2017 352  5  4 50 508 352.211695694      -4.49     -0.00     -3.80  0.       -5711.464       4520.028        -17.462    0.000  -0.056   0.153   0.
  2017 352  5  4 51 507 352.211707268      -4.59     -0.02     -3.75  0.       -5711.258       4518.614        -19.250    0.000  -0.056   0.153   0.
  2017 352  5  4 52 507 352.211718843      -4.68     -0.03     -3.72  0.       -5711.052       4517.199        -21.038    0.000  -0.055   0.152   0.
  2017 352  5  4 53 508 352.211730417      -4.63      0.03     -3.66  0.       -5710.844       4515.784        -22.827    0.000  -0.055   0.152   0.
  2017 352  5  4 54 508 352.211741991      -4.60     -0.04     -3.55  0.       -5710.636       4514.369        -24.615    0.000  -0.055   0.152   0.
  2017 352  5  4 55 508 352.211753565      -4.64     -0.09     -3.55  0.       -5710.428       4512.953        -26.403    0.000  -0.055   0.152   0.
  2017 352  5  4 56 508 352.211765139      -4.69     -0.11     -3.41  0.       -5710.219       4511.537        -28.191    0.000  -0.056   0.153   0.
  2017 352  5  4 57 508 352.211776713      -4.61     -0.15     -3.31  0.       -5710.009       4510.120        -29.979    0.000  -0.056   0.153   0.
  2017 352  5  4 58 507 352.211788287      -4.55     -0.21     -3.24  0.       -5709.799       4508.703        -31.767    0.000  -0.056   0.153   0.
  2017 352  5  4 59 507 352.211799861      -4.47     -0.22     -3.15  0.       -5709.587       4507.285        -33.555    0.000  -0.056   0.153   0.
  2017 352  5  5  0 507 352.211811435      -4.46     -0.24     -3.06  0.       -5709.376       4505.866        -35.343    0.000  -0.056   0.153   0.
  2017 352  5  5  1 507 352.211823009      -4.36     -0.21     -3.06  0.       -5709.163       4504.448        -37.132    0.000  -0.056   0.153   0.
  2017 352  5  5  2 507 352.211834583      -4.27     -0.23     -2.97  0.       -5708.951       4503.028        -38.920    0.000  -0.055   0.152   0.
  2017 352  5  5  3 508 352.211846157      -4.26     -0.29     -2.89  0.       -5708.737       4501.608        -40.708    0.000  -0.055   0.152   0.
  2017 352  5  5  4 508 352.211857732      -4.26     -0.28     -2.81  0.       -5708.523       4500.188        -42.496    0.000  -0.055   0.152   0.
  2017 352  5  5  5 507 352.211869306      -4.17     -0.25     -2.78  0.       -5708.308       4498.767        -44.284    0.000  -0.055   0.152   0.
  2017 352  5  5  6 507 352.211880880      -4.15     -0.24     -2.75  0.       -5708.092       4497.346        -46.072    0.000  -0.055   0.152   0.
  2017 352  5  5  7 508 352.211892454      -4.21     -0.23     -2.70  0.       -5707.876       4495.924        -47.860    0.000  -0.055   0.152   0.
  2017 352  5  5  8 508 352.211904028      -4.13     -0.09     -2.66  0.       -5707.659       4494.501        -49.648    0.000  -0.055   0.152   0.
  2017 352  5  5  9 508 352.211915602      -3.99     -0.01     -2.70  0.       -5707.442       4493.079        -51.436    0.000  -0.055   0.152   0.
  2017 352  5  5 10 508 352.211927176      -3.89      0.02     -2.80  0.       -5707.224       4491.655        -53.224    0.000  -0.055   0.152   0.
  2017 352  5  5 11 508 352.211938750      -3.87     -0.01     -2.75  0.       -5707.005       4490.231        -55.012    0.000  -0.055   0.152   0.
  2017 352  5  5 12 507 352.211950324      -3.88      0.00     -2.66  0.       -5706.786       4488.807        -56.800    0.000  -0.055   0.152   0.
  2017 352  5  5 13 507 352.211961898      -3.90      0.02     -2.55  0.       -5706.566       4487.382        -58.588    0.000  -0.055   0.152   0.
  2017 352  5  5 14 507 352.211973470      -3.89      0.09     -2.51  0.       -5706.345       4485.957        -60.377    0.000  -0.056   0.153   0.
  2017 352  5  5 15 507 352.211985043      -4.00      0.15     -2.43  0.       -5706.124       4484.531        -62.165    0.000  -0.056   0.153   0.
  2017 352  5  5 16 507 352.211996617      -4.17      0.23     -2.45  0.       -5705.902       4483.104        -63.953    0.000  -0.055   0.152   0.
  2017 352  5  5 17 507 352.212008192      -4.16      0.25     -2.51  0.       -5705.679       4481.677        -65.741    0.000  -0.055   0.152   0.
  2017 352  5  5 18 507 352.212019766      -4.10      0.16     -2.60  0.       -5705.457       4480.250        -67.529    0.000  -0.056   0.153   0.
  2017 352  5  5 19 507 352.212031340      -4.09      0.11     -2.55  0.       -5705.233       4478.822        -69.317    0.000  -0.056   0.153   0.
  2017 352  5  5 20 507 352.212042914      -4.10      0.15     -2.56  0.       -5705.008       4477.394        -71.105    0.000  -0.056   0.153   0.
  2017 352  5  5 21 507 352.212054488      -4.04      0.19     -2.59  0.       -5704.783       4475.965        -72.893    0.000  -0.056   0.153   0.
  2017 352  5  5 22 507 352.212066062      -3.98      0.23     -2.58  0.       -5704.557       4474.535        -74.681    0.000  -0.056   0.153   0.
  2017 352  5  5 23 507 352.212077636      -4.08      0.23     -2.62  0.       -5704.331       4473.105        -76.468    0.000  -0.056   0.153   0.
  2017 352  5  5 24 507 352.212089210      -4.13      0.15     -2.65  0.       -5704.104       4471.675        -78.256    0.000  -0.055   0.152   0.
  2017 352  5  5 25 507 352.212100784      -4.06      0.14     -2.70  0.       -5703.876       4470.244        -80.044    0.000  -0.055   0.152   0.
  2017 352  5  5 26 507 352.212112358      -4.08      0.03     -2.73  0.       -5703.648       4468.813        -81.832    0.000  -0.055   0.152   0.
  2017 352  5  5 27 507 352.212123932      -4.12      0.00     -2.65  0.       -5703.419       4467.381        -83.620    0.000  -0.055   0.152   0.
  2017 352  5  5 28 507 352.212135506      -4.03     -0.01     -2.57  0.       -5703.189       4465.948        -85.408    0.000  -0.056   0.153   0.
  2017 352  5  5 29 507 352.212147080      -3.94     -0.09     -2.44  0.       -5702.959       4464.515        -87.196    0.000  -0.056   0.153   0.
  2017 352  5  5 30 507 352.212158654      -4.01     -0.16     -2.41  0.       -5702.728       4463.082        -88.984    0.000  -0.055   0.152   0.
  2017 352  5  5 31 507 352.212170229      -3.97     -0.18     -2.31  0.       -5702.497       4461.648        -90.772    0.000  -0.055   0.152   0.
  2017 352  5  5 32 507 352.212181803      -3.94     -0.21     -2.26  0.       -5702.265       4460.214        -92.560    0.000  -0.055   0.152   0.
  2017 352  5  5 33 507 352.212193377      -3.88     -0.28     -2.26  0.       -5702.032       4458.779        -94.348    0.000  -0.055   0.152   0.
  2017 352  5  5 34 507 352.212204951      -3.90     -0.33     -2.16  0.       -5701.798       4457.343        -96.136    0.000  -0.055   0.152   0.
  2017 352  5  5 35 507 352.212216525      -3.90     -0.42     -2.07  0.       -5701.564       4455.907        -97.923    0.000  -0.055   0.152   0.
  2017 352  5  5 36 507 352.212228099      -3.92     -0.32     -1.99  0.       -5701.330       4454.471        -99.711    0.000  -0.055   0.152   0.
  2017 352  5  5 37 507 352.212239673      -4.06     -0.29     -1.97  0.       -5701.094       4453.034       -101.499    0.000  -0.055   0.152   0.
  2017 352  5  5 38 507 352.212251247      -4.26     -0.17     -2.01  0.       -5700.858       4451.596       -103.287    0.000  -0.055   0.152   0.
  2017 352  5  5 39 507 352.212262821      -4.38     -0.08     -2.04  0.       -5700.621       4450.158       -105.075    0.000  -0.055   0.152   0.
  2017 352  5  5 40 507 352.212274395      -4.43     -0.11     -2.22  0.       -5700.384       4448.720       -106.862    0.000  -0.055   0.152   0.
  2017 352  5  5 41 507 352.212285969      -4.34     -0.05     -2.31  0.       -5700.146       4447.281       -108.650    0.000  -0.055   0.152   0.
  2017 352  5  5 42 507 352.212297543      -4.41     -0.11     -2.35  0.       -5699.908       4445.842       -110.438    0.000  -0.056   0.153   0.
  2017 352  5  5 43 507 352.212309117      -4.36     -0.10     -2.47  0.       -5699.668       4444.402       -112.226    0.000  -0.056   0.153   0.
  2017 352  5  5 44 507 352.212320689      -4.29      0.08     -2.45  0.       -5699.428       4442.961       -114.013    0.000  -0.055   0.152   0.
  2017 352  5  5 45 507 352.212332263      -4.37      0.32     -2.43  0.       -5699.188       4441.520       -115.801    0.000  -0.055   0.152   0.
  2017 352  5  5 46 507 352.212343837      -4.29      0.37     -2.56  0.       -5698.947       4440.078       -117.589    0.000  -0.055   0.152   0.
  2017 352  5  5 47 507 352.212355411      -4.11      0.38     -2.73  0.       -5698.705       4438.636       -119.377    0.000  -0.055   0.152   0.
  2017 352  5  5 48 507 352.212366985      -4.05      0.47     -2.87  0.       -5698.462       4437.194       -121.164    0.000  -0.055   0.152   0.
  2017 352  5  5 49 507 352.212378559      -4.01      0.63     -2.78  0.       -5698.219       4435.751       -122.952    0.000  -0.055   0.152   0.
  2017 352  5  5 50 507 352.212390133      -3.95      0.63     -2.82  0.       -5697.975       4434.307       -124.740    0.000  -0.056   0.153   0.
  2017 352  5  5 51 507 352.212401707      -4.00      0.65     -2.78  0.       -5697.731       4432.863       -126.527    0.000  -0.056   0.153   0.
  2017 352  5  5 52 507 352.212413281      -4.04      0.65     -2.73  0.       -5697.486       4431.419       -128.315    0.000  -0.055   0.152   0.
  2017 352  5  5 53 507 352.212424855      -3.94      0.76     -2.67  0.       -5697.240       4429.974       -130.102    0.000  -0.055   0.152   0.
  2017 352  5  5 54 507 352.212436429      -3.92      0.70     -2.69  0.       -5696.994       4428.528       -131.890    0.000  -0.055   0.152   0.
  2017 352  5  5 55 507 352.212448003      -4.06      0.64     -2.61  0.       -5696.747       4427.082       -133.678    0.000  -0.055   0.152   0.
  2017 352  5  5 56 507 352.212459578      -4.22      0.64     -2.70  0.       -5696.499       4425.636       -135.465    0.000  -0.056   0.153   0.
  2017 352  5  5 57 507 352.212471152      -4.33      0.60     -2.75  0.       -5696.251       4424.188       -137.253    0.000  -0.056   0.153   0.
  2017 352  5  5 58 507 352.212482726      -4.40      0.62     -2.76  0.       -5696.002       4422.741       -139.040    0.000  -0.055   0.152   0.
  2017 352  5  5 59 507 352.212494300      -4.47      0.63     -2.76  0.       -5695.752       4421.293       -140.828    0.000  -0.055   0.152   0.
  2017 352  5  6  0 507 352.212505874      -4.43      0.65     -2.85  0.       -5695.502       4419.844       -142.615    0.000  -0.055   0.152   0.
  2017 352  5  6  1 507 352.212517448      -4.43      0.65     -2.86  0.       -5695.251       4418.395       -144.403    0.000  -0.055   0.152   0.
  2017 352  5  6  2 507 352.212529022      -4.55      0.74     -2.88  0.       -5695.000       4416.946       -146.190    0.000  -0.055   0.152   0.
  2017 352  5  6  3 507 352.212540596      -4.48      0.76     -3.04  0.       -5694.747       4415.496       -147.978    0.000  -0.055   0.152   0.
  2017 352  5  6  4 507 352.212552170      -4.45      0.84     -3.23  0.       -5694.494       4414.045       -149.765    0.000  -0.055   0.152   0.
  2017 352  5  6  5 507 352.212563744      -4.39      1.02     -3.12  0.       -5694.241       4412.594       -151.553    0.000  -0.055   0.152   0.
  2017 352  5  6  6 507 352.212575318      -4.39      1.07     -3.10  0.       -5693.987       4411.142       -153.340    0.000  -0.055   0.152   0.
  2017 352  5  6  7 507 352.212586892      -4.42      0.99     -3.11  0.       -5693.732       4409.690       -155.127    0.000  -0.055   0.152   0.
  2017 352  5  6  8 507 352.212598466      -4.54      1.03     -2.95  0.       -5693.477       4408.237       -156.915    0.000  -0.055   0.152   0.
  2017 352  5  6  9 507 352.212610041      -4.51      1.10     -2.89  0.       -5693.220       4406.784       -158.702    0.000  -0.055   0.152   0.
  2017 352  5  6 10 507 352.212621615      -4.43      0.98     -2.88  0.       -5692.964       4405.331       -160.489    0.000  -0.056   0.153   0.
  2017 352  5  6 11 507 352.212633189      -4.48      0.90     -2.85  0.       -5692.706       4403.877       -162.277    0.000  -0.056   0.153   0.
  2017 352  5  6 12 507 352.212644763      -4.41      0.86     -2.80  0.       -5692.448       4402.422       -164.064    0.000  -0.056   0.153   0.
  2017 352  5  6 13 507 352.212656337      -4.26      0.89     -2.84  0.       -5692.189       4400.967       -165.851    0.000  -0.056   0.153   0.
  2017 352  5  6 14 507 352.212667911      -4.22      0.84     -2.81  0.       -5691.930       4399.511       -167.638    0.000  -0.056   0.153   0.
  2017 352  5  6 15 507 352.212679485      -4.25      0.87     -2.64  0.       -5691.670       4398.055       -169.426    0.000  -0.056   0.153   0.
  2017 352  5  6 16 507 352.212691056      -4.20      0.94     -2.59  0.       -5691.409       4396.598       -171.213    0.000  -0.056   0.153   0.
  2017 352  5  6 17 507 352.212702630      -4.19      0.93     -2.55  0.       -5691.148       4395.141       -173.000    0.000  -0.056   0.153   0.
  2017 352  5  6 18 507 352.212714204      -4.22      0.95     -2.49  0.       -5690.886       4393.684       -174.787    0.000  -0.055   0.152   0.
  2017 352  5  6 19 507 352.212725778      -4.17      0.90     -2.51  0.       -5690.623       4392.225       -176.574    0.000  -0.055   0.152   0.
  2017 352  5  6 20 507 352.212737352      -4.16      0.81     -2.49  0.       -5690.360       4390.767       -178.361    0.000  -0.055   0.152   0.
  2017 352  5  6 21 507 352.212748927      -4.22      0.79     -2.46  0.       -5690.096       4389.308       -180.148    0.000  -0.055   0.152   0.
  2017 352  5  6 22 507 352.212760501      -4.17      0.83     -2.39  0.       -5689.831       4387.848       -181.936    0.000  -0.055   0.152   0.
  2017 352  5  6 23 507 352.212772075      -4.14      0.84     -2.42  0.       -5689.566       4386.388       -183.723    0.000  -0.055   0.152   0.
  2017 352  5  6 24 507 352.212783649      -4.20      0.90     -2.35  0.       -5689.300       4384.927       -185.510    0.000  -0.055   0.152   0.
  2017 352  5  6 25 507 352.212795223      -4.17      0.96     -2.29  0.       -5689.033       4383.466       -187.297    0.000  -0.055   0.152   0.
  2017 352  5  6 26 507 352.212806797      -4.12      1.03     -2.35  0.       -5688.766       4382.004       -189.084    0.000  -0.055   0.152   0.
  2017 352  5  6 27 507 352.212818371      -4.16      0.97     -2.34  0.       -5688.498       4380.542       -190.871    0.000  -0.055   0.152   0.
  2017 352  5  6 28 507 352.212829945      -4.07      1.03     -2.29  0.       -5688.230       4379.079       -192.658    0.000  -0.055   0.152   0.
  2017 352  5  6 29 507 352.212841519      -4.08      0.97     -2.28  0.       -5687.960       4377.616       -194.445    0.000  -0.055   0.152   0.
  2017 352  5  6 30 507 352.212853093      -4.17      0.98     -2.24  0.       -5687.690       4376.152       -196.231    0.000  -0.055   0.152   0.
  2017 352  5  6 31 507 352.212864667      -4.16      0.98     -2.28  0.       -5687.420       4374.688       -198.018    0.000  -0.055   0.152   0.
  2017 352  5  6 32 507 352.212876241      -4.14      0.87     -2.34  0.       -5687.149       4373.223       -199.805    0.000  -0.055   0.152   0.
  2017 352  5  6 33 507 352.212887815      -4.21      0.88     -2.40  0.       -5686.877       4371.758       -201.592    0.000  -0.055   0.152   0.
  2017 352  5  6 34 507 352.212899389      -4.25      0.91     -2.42  0.       -5686.604       4370.292       -203.379    0.000  -0.055   0.152   0.
  2017 352  5  6 35 507 352.212910964      -4.27      0.86     -2.36  0.       -5686.331       4368.826       -205.166    0.000  -0.055   0.152   0.
  2017 352  5  6 36 507 352.212922538      -4.26      0.83     -2.30  0.       -5686.057       4367.359       -206.952    0.000  -0.055   0.152   0.
  2017 352  5  6 37 507 352.212934112      -4.20      0.72     -2.30  0.       -5685.783       4365.892       -208.739    0.000  -0.055   0.152   0.
  2017 352  5  6 38 507 352.212945686      -4.11      0.70     -2.19  0.       -5685.508       4364.424       -210.526    0.000  -0.055   0.152   0.
  2017 352  5  6 39 507 352.212957260      -4.12      0.68     -2.19  0.       -5685.232       4362.956       -212.313    0.000  -0.055   0.152   0.
  2017 352  5  6 40 507 352.212968834      -4.13      0.64     -2.23  0.       -5684.955       4361.487       -214.099    0.000  -0.055   0.152   0.
  2017 352  5  6 41 507 352.212980408      -4.10      0.58     -2.27  0.       -5684.678       4360.017       -215.886    0.000  -0.055   0.152   0.
  2017 352  5  6 42 507 352.212991982      -4.10      0.57     -2.21  0.       -5684.400       4358.548       -217.672    0.000  -0.055   0.152   0.
  2017 352  5  6 43 507 352.213003556      -4.01      0.61     -2.16  0.       -5684.122       4357.077       -219.459    0.000  -0.055   0.152   0.
  2017 352  5  6 44 507 352.213015130      -3.94      0.57     -2.17  0.       -5683.843       4355.607       -221.246    0.000  -0.055   0.152   0.
  2017 352  5  6 45 507 352.213026704      -3.95      0.53     -2.11  0.       -5683.563       4354.135       -223.032    0.000  -0.055   0.152   0.
  2017 352  5  6 46 507 352.213038276      -3.83      0.60     -2.11  0.       -5683.282       4352.663       -224.819    0.000  -0.055   0.152   0.
  2017 352  5  6 47 506 352.213049850      -3.78      0.55     -2.10  0.       -5683.001       4351.191       -226.605    0.000  -0.055   0.152   0.
  2017 352  5  6 48 506 352.213061424      -3.81      0.53     -2.07  0.       -5682.720       4349.718       -228.391    0.000  -0.055   0.152   0.
  2017 352  5  6 49 507 352.213072998      -3.72      0.50     -2.06  0.       -5682.437       4348.245       -230.178    0.000  -0.055   0.152   0.
  2017 352  5  6 50 507 352.213084572      -3.69      0.44     -2.03  0.       -5682.154       4346.771       -231.964    0.000  -0.055   0.152   0.
  2017 352  5  6 51 507 352.213096146      -3.70      0.41     -1.96  0.       -5681.870       4345.296       -233.751    0.000  -0.055   0.152   0.
  2017 352  5  6 52 507 352.213107720      -3.62      0.38     -1.93  0.       -5681.586       4343.821       -235.537    0.000  -0.055   0.152   0.
  2017 352  5  6 53 507 352.213119294      -3.66      0.27     -1.90  0.       -5681.301       4342.346       -237.323    0.000  -0.055   0.152   0.
  2017 352  5  6 54 506 352.213130868      -3.66      0.22     -1.87  0.       -5681.015       4340.870       -239.110    0.000  -0.055   0.152   0.
  2017 352  5  6 55 506 352.213142442      -3.59      0.25     -1.87  0.       -5680.728       4339.394       -240.896    0.000  -0.055   0.152   0.
  2017 352  5  6 56 506 352.213154016      -3.64      0.28     -1.81  0.       -5680.441       4337.917       -242.682    0.000  -0.055   0.152   0.
  2017 352  5  6 57 506 352.213165590      -3.64      0.35     -1.82  0.       -5680.153       4336.439       -244.468    0.000  -0.055   0.152   0.
  2017 352  5  6 58 506 352.213177164      -3.59      0.41     -1.80  0.       -5679.865       4334.961       -246.254    0.000  -0.056   0.153   0.
  2017 352  5  6 59 507 352.213188738      -3.66      0.44     -1.72  0.       -5679.576       4333.483       -248.041    0.000  -0.056   0.153   0.
  2017 352  5  7  0 507 352.213200313      -3.70      0.44     -1.83  0.       -5679.286       4332.004       -249.827    0.000  -0.055   0.152   0.
  2017 352  5  7  1 506 352.213211887      -3.73      0.44     -1.83  0.       -5678.996       4330.524       -251.613    0.000  -0.055   0.152   0.
  2017 352  5  7  2 506 352.213223461      -3.82      0.50     -1.75  0.       -5678.705       4329.044       -253.399    0.000  -0.055   0.152   0.
  2017 352  5  7  3 507 352.213235035      -3.81      0.51     -1.74  0.       -5678.413       4327.564       -255.185    0.000  -0.055   0.152   0.
  2017 352  5  7  4 507 352.213246609      -3.90      0.47     -1.73  0.       -5678.121       4326.083       -256.971    0.000  -0.055   0.152   0.
  2017 352  5  7  5 507 352.213258183      -3.96      0.51     -1.66  0.       -5677.828       4324.602       -258.757    0.000  -0.055   0.152   0.
  2017 352  5  7  6 507 352.213269757      -3.96      0.43     -1.65  0.       -5677.534       4323.119       -260.543    0.000  -0.055   0.152   0.
  2017 352  5  7  7 506 352.213281331      -4.05      0.46     -1.57  0.       -5677.239       4321.637       -262.329    0.000  -0.055   0.152   0.
  2017 352  5  7  8 506 352.213292905      -4.09      0.46     -1.59  0.       -5676.944       4320.154       -264.115    0.000  -0.055   0.152   0.
  2017 352  5  7  9 506 352.213304479      -4.09      0.47     -1.58  0.       -5676.649       4318.670       -265.900    0.000  -0.055   0.152   0.
  2017 352  5  7 10 506 352.213316053      -4.19      0.48     -1.55  0.       -5676.352       4317.186       -267.686    0.000  -0.055   0.152   0.
  2017 352  5  7 11 506 352.213327627      -4.16      0.47     -1.54  0.       -5676.055       4315.702       -269.472    0.000  -0.055   0.152   0.
  2017 352  5  7 12 507 352.213339201      -4.19      0.44     -1.51  0.       -5675.757       4314.217       -271.258    0.000  -0.055   0.152   0.
  2017 352  5  7 13 507 352.213350775      -4.23      0.50     -1.48  0.       -5675.459       4312.731       -273.043    0.000  -0.055   0.152   0.
  2017 352  5  7 14 506 352.213362350      -4.20      0.48     -1.48  0.       -5675.160       4311.245       -274.829    0.000  -0.055   0.152   0.
  2017 352  5  7 15 506 352.213373924      -4.24      0.56     -1.42  0.       -5674.860       4309.758       -276.615    0.000  -0.055   0.152   0.
  2017 352  5  7 16 507 352.213385496      -4.28      0.59     -1.46  0.       -5674.560       4308.271       -278.400    0.000  -0.055   0.152   0.
  2017 352  5  7 17 506 352.213397069      -4.27      0.57     -1.48  0.       -5674.258       4306.784       -280.186    0.000  -0.055   0.152   0.
  2017 352  5  7 18 506 352.213408643      -4.39      0.63     -1.44  0.       -5673.957       4305.296       -281.972    0.000  -0.056   0.153   0.
  2017 352  5  7 19 506 352.213420217      -4.41      0.61     -1.45  0.       -5673.654       4303.807       -283.757    0.000  -0.056   0.153   0.
  2017 352  5  7 20 506 352.213431791      -4.49      0.55     -1.46  0.       -5673.351       4302.318       -285.542    0.000  -0.055   0.152   0.
  2017 352  5  7 21 506 352.213443365      -4.51      0.58     -1.37  0.       -5673.047       4300.828       -287.328    0.000  -0.055   0.152   0.
  2017 352  5  7 22 506 352.213454939      -4.47      0.61     -1.37  0.       -5672.743       4299.338       -289.113    0.000  -0.055   0.152   0.
  2017 352  5  7 23 506 352.213466513      -4.55      0.63     -1.30  0.       -5672.438       4297.847       -290.899    0.000  -0.055   0.152   0.
  2017 352  5  7 24 506 352.213478087      -4.52      0.69     -1.32  0.       -5672.132       4296.356       -292.684    0.000  -0.056   0.153   0.
  2017 352  5  7 25 506 352.213489661      -4.54      0.67     -1.29  0.       -5671.825       4294.864       -294.469    0.000  -0.056   0.153   0.
  2017 352  5  7 26 506 352.213501236      -4.59      0.71     -1.29  0.       -5671.518       4293.372       -296.255    0.000  -0.055   0.152   0.
  2017 352  5  7 27 506 352.213512810      -4.56      0.74     -1.34  0.       -5671.210       4291.880       -298.040    0.000  -0.055   0.152   0.
  2017 352  5  7 28 506 352.213524384      -4.61      0.77     -1.26  0.       -5670.902       4290.386       -299.825    0.000  -0.055   0.152   0.
  2017 352  5  7 29 506 352.213535958      -4.62      0.76     -1.27  0.       -5670.593       4288.893       -301.610    0.000  -0.055   0.152   0.
  2017 352  5  7 30 506 352.213547532      -4.61      0.73     -1.22  0.       -5670.283       4287.398       -303.395    0.000  -0.055   0.152   0.
  2017 352  5  7 31 506 352.213559106      -4.66      0.78     -1.19  0.       -5669.972       4285.904       -305.180    0.000  -0.055   0.152   0.
  2017 352  5  7 32 506 352.213570680      -4.61      0.82     -1.23  0.       -5669.661       4284.408       -306.965    0.000  -0.055   0.152   0.
  2017 352  5  7 33 506 352.213582254      -4.66      0.86     -1.23  0.       -5669.349       4282.912       -308.750    0.000  -0.055   0.152   0.
  2017 352  5  7 34 506 352.213593828      -4.71      0.88     -1.34  0.       -5669.037       4281.416       -310.535    0.000  -0.056   0.153   0.
  2017 352  5  7 35 506 352.213605402      -4.70      0.90     -1.39  0.       -5668.724       4279.919       -312.320    0.000  -0.056   0.153   0.
  2017 352  5  7 36 506 352.213616976      -4.76      0.90     -1.41  0.       -5668.410       4278.422       -314.105    0.000  -0.055   0.152   0.
  2017 352  5  7 37 506 352.213628550      -4.69      0.92     -1.46  0.       -5668.095       4276.924       -315.890    0.000  -0.055   0.152   0.
  2017 352  5  7 38 506 352.213640124      -4.74      0.93     -1.43  0.       -5667.780       4275.426       -317.675    0.000  -0.055   0.152   0.
  2017 352  5  7 39 506 352.213651698      -4.73      0.95     -1.46  0.       -5667.464       4273.927       -319.460    0.000  -0.055   0.152   0.
  2017 352  5  7 40 506 352.213663273      -4.72      0.95     -1.46  0.       -5667.147       4272.428       -321.245    0.000  -0.055   0.152   0.
  2017 352  5  7 41 506 352.213674847      -4.78      0.95     -1.44  0.       -5666.830       4270.928       -323.029    0.000  -0.055   0.152   0.
  2017 352  5  7 42 506 352.213686421      -4.74      0.97     -1.48  0.       -5666.512       4269.428       -324.814    0.000  -0.055   0.152   0.
  2017 352  5  7 43 506 352.213697995      -4.77      0.99     -1.47  0.       -5666.193       4267.927       -326.599    0.000  -0.055   0.152   0.
  2017 352  5  7 44 506 352.213709569      -4.72      1.00     -1.49  0.       -5665.874       4266.425       -328.383    0.000  -0.055   0.152   0.
  2017 352  5  7 45 506 352.213721143      -4.69      1.01     -1.47  0.       -5665.554       4264.924       -330.168    0.000  -0.055   0.152   0.
  2017 352  5  7 46 506 352.213732714      -4.71      1.04     -1.47  0.       -5665.233       4263.421       -331.952    0.000  -0.055   0.152   0.
  2017 352  5  7 47 506 352.213744288      -4.66      1.04     -1.50  0.       -5664.912       4261.918       -333.737    0.000  -0.055   0.152   0.
  2017 352  5  7 48 506 352.213755862      -4.69      1.09     -1.47  0.       -5664.590       4260.414       -335.521    0.000  -0.055   0.152   0.
  2017 352  5  7 49 506 352.213767436      -4.64      1.15     -1.51  0.       -5664.267       4258.910       -337.305    0.000  -0.055   0.152   0.
  2017 352  5  7 50 506 352.213779010      -4.63      1.15     -1.47  0.       -5663.944       4257.406       -339.090    0.000  -0.056   0.153   0.
  2017 352  5  7 51 506 352.213790584      -4.60      1.21     -1.43  0.       -5663.620       4255.901       -340.874    0.000  -0.056   0.153   0.
  2017 352  5  7 52 506 352.213802159      -4.55      1.22     -1.41  0.       -5663.295       4254.396       -342.658    0.000  -0.055   0.152   0.
  2017 352  5  7 53 506 352.213813733      -4.58      1.21     -1.36  0.       -5662.970       4252.890       -344.443    0.000  -0.055   0.152   0.
  2017 352  5  7 54 506 352.213825307      -4.49      1.19     -1.39  0.       -5662.644       4251.384       -346.227    0.000  -0.055   0.152   0.
  2017 352  5  7 55 506 352.213836881      -4.50      1.19     -1.36  0.       -5662.317       4249.876       -348.011    0.000  -0.055   0.152   0.
  2017 352  5  7 56 506 352.213848455      -4.42      1.17     -1.33  0.       -5661.989       4248.369       -349.795    0.000  -0.055   0.152   0.
  2017 352  5  7 57 506 352.213860029      -4.38      1.17     -1.28  0.       -5661.661       4246.861       -351.579    0.000  -0.055   0.152   0.
  2017 352  5  7 58 506 352.213871603      -4.37      1.24     -1.23  0.       -5661.332       4245.352       -353.363    0.000  -0.055   0.152   0.
  2017 352  5  7 59 506 352.213883177      -4.27      1.30     -1.24  0.       -5661.003       4243.843       -355.147    0.000  -0.055   0.152   0.
  2017 352  5  8  0 506 352.213894751      -4.29      1.29     -1.21  0.       -5660.673       4242.334       -356.931    0.000  -0.055   0.152   0.
  2017 352  5  8  1 506 352.213906325      -4.18      1.37     -1.24  0.       -5660.342       4240.824       -358.715    0.000  -0.055   0.152   0.
  2017 352  5  8  2 506 352.213917899      -4.22      1.37     -1.22  0.       -5660.010       4239.313       -360.499    0.000  -0.055   0.152   0.
  2017 352  5  8  3 506 352.213929473      -4.19      1.35     -1.24  0.       -5659.678       4237.802       -362.283    0.000  -0.055   0.152   0.
  2017 352  5  8  4 506 352.213941047      -4.14      1.42     -1.22  0.       -5659.345       4236.290       -364.066    0.000  -0.055   0.152   0.
  2017 352  5  8  5 506 352.213952621      -4.16      1.44     -1.20  0.       -5659.012       4234.778       -365.850    0.000  -0.055   0.152   0.
  2017 352  5  8  6 506 352.213964196      -4.08      1.48     -1.24  0.       -5658.677       4233.266       -367.634    0.000  -0.055   0.152   0.
  2017 352  5  8  7 506 352.213975770      -4.13      1.48     -1.21  0.       -5658.342       4231.753       -369.417    0.000  -0.055   0.152   0.
  2017 352  5  8  8 506 352.213987344      -4.06      1.52     -1.23  0.       -5658.006       4230.239       -371.201    0.000  -0.055   0.152   0.
  2017 352  5  8  9 506 352.213998918      -4.11      1.52     -1.26  0.       -5657.670       4228.725       -372.984    0.000  -0.055   0.152   0.
  2017 352  5  8 10 506 352.214010492      -4.11      1.55     -1.21  0.       -5657.333       4227.210       -374.768    0.000  -0.055   0.152   0.
  2017 352  5  8 11 506 352.214022066      -4.07      1.56     -1.20  0.       -5656.996       4225.695       -376.551    0.000  -0.055   0.152   0.
  2017 352  5  8 12 506 352.214033640      -4.10      1.58     -1.25  0.       -5656.657       4224.179       -378.335    0.000  -0.055   0.152   0.
  2017 352  5  8 13 506 352.214045214      -4.09      1.58     -1.32  0.       -5656.318       4222.663       -380.118    0.000  -0.055   0.152   0.
  2017 352  5  8 14 506 352.214056788      -4.14      1.61     -1.34  0.       -5655.978       4221.146       -381.901    0.000  -0.056   0.153   0.
  2017 352  5  8 15 506 352.214068362      -4.11      1.61     -1.41  0.       -5655.638       4219.629       -383.685    0.000  -0.056   0.153   0.
  2017 352  5  8 16 506 352.214079934      -4.18      1.61     -1.40  0.       -5655.297       4218.111       -385.468    0.000  -0.055   0.152   0.
  2017 352  5  8 17 506 352.214091508      -4.15      1.68     -1.42  0.       -5654.955       4216.593       -387.251    0.000  -0.055   0.152   0.
  2017 352  5  8 18 506 352.214103082      -4.18      1.66     -1.47  0.       -5654.612       4215.074       -389.034    0.000  -0.055   0.152   0.
  2017 352  5  8 19 506 352.214114656      -4.16      1.69     -1.51  0.       -5654.269       4213.555       -390.817    0.000  -0.055   0.152   0.
  2017 352  5  8 20 506 352.214126230      -4.17      1.67     -1.60  0.       -5653.925       4212.035       -392.600    0.000  -0.055   0.152   0.
  2017 352  5  8 21 506 352.214137804      -4.17      1.69     -1.64  0.       -5653.581       4210.515       -394.383    0.000  -0.055   0.152   0.
  2017 352  5  8 22 506 352.214149378      -4.14      1.66     -1.67  0.       -5653.236       4208.994       -396.166    0.000  -0.055   0.152   0.
  2017 352  5  8 23 506 352.214160952      -4.17      1.69     -1.65  0.       -5652.890       4207.473       -397.949    0.000  -0.055   0.152   0.
  2017 352  5  8 24 506 352.214172526      -4.18      1.64     -1.75  0.       -5652.543       4205.951       -399.732    0.000  -0.055   0.152   0.
  2017 352  5  8 25 506 352.214184100      -4.29      1.63     -1.76  0.       -5652.196       4204.428       -401.514    0.000  -0.055   0.152   0.
  2017 352  5  8 26 506 352.214195674      -4.29      1.63     -1.85  0.       -5651.848       4202.906       -403.297    0.000  -0.055   0.152   0.
  2017 352  5  8 27 506 352.214207248      -4.35      1.67     -1.83  0.       -5651.499       4201.382       -405.080    0.000  -0.055   0.152   0.
  2017 352  5  8 28 506 352.214218822      -4.35      1.67     -1.81  0.       -5651.150       4199.858       -406.862    0.000  -0.055   0.152   0.
  2017 352  5  8 29 506 352.214230396      -4.38      1.70     -1.77  0.       -5650.799       4198.334       -408.645    0.000  -0.055   0.152   0.
  2017 352  5  8 30 506 352.214241970      -4.40      1.77     -1.80  0.       -5650.449       4196.809       -410.428    0.000  -0.055   0.152   0.
  2017 352  5  8 31 506 352.214253545      -4.46      1.74     -1.83  0.       -5650.097       4195.284       -412.210    0.000  -0.055   0.152   0.
  2017 352  5  8 32 506 352.214265119      -4.50      1.81     -1.82  0.       -5649.745       4193.758       -413.992    0.000  -0.055   0.152   0.
  2017 352  5  8 33 506 352.214276693      -4.49      1.87     -1.78  0.       -5649.392       4192.231       -415.775    0.000  -0.055   0.152   0.
  2017 352  5  8 34 506 352.214288267      -4.53      1.97     -1.64  0.       -5649.039       4190.704       -417.557    0.000  -0.055   0.152   0.
  2017 352  5  8 35 506 352.214299841      -4.49      1.99     -1.57  0.       -5648.685       4189.177       -419.339    0.000  -0.055   0.152   0.
  2017 352  5  8 36 506 352.214311415      -4.50      2.11     -1.38  0.       -5648.330       4187.649       -421.122    0.000  -0.055   0.152   0.
  2017 352  5  8 37 506 352.214322989      -4.44      2.23     -1.29  0.       -5647.974       4186.120       -422.904    0.000  -0.055   0.152   0.
  2017 352  5  8 38 506 352.214334563      -4.54      2.25     -1.19  0.       -5647.618       4184.591       -424.686    0.000  -0.056   0.153   0.
  2017 352  5  8 39 506 352.214346137      -4.50      2.33     -1.13  0.       -5647.261       4183.062       -426.468    0.000  -0.056   0.153   0.
  2017 352  5  8 40 506 352.214357711      -4.49      2.34     -1.03  0.       -5646.903       4181.532       -428.250    0.000  -0.055   0.152   0.
  2017 352  5  8 41 506 352.214369285      -4.43      2.37     -0.98  0.       -5646.545       4180.001       -430.032    0.000  -0.055   0.152   0.
  2017 352  5  8 42 506 352.214380859      -4.43      2.32     -0.96  0.       -5646.186       4178.470       -431.814    0.000  -0.056   0.153   0.
  2017 352  5  8 43 506 352.214392433      -4.38      2.37     -0.93  0.       -5645.826       4176.938       -433.596    0.000  -0.056   0.153   0.
  2017 352  5  8 44 506 352.214404008      -4.28      2.36     -0.83  0.       -5645.465       4175.406       -435.377    0.000  -0.055   0.152   0.
  2017 352  5  8 45 506 352.214415582      -4.21      2.36     -0.83  0.       -5645.104       4173.874       -437.159    0.000  -0.055   0.152   0.
  2017 352  5  8 46 506 352.214427153      -4.16      2.34     -0.91  0.       -5644.742       4172.340       -438.941    0.000  -0.055   0.152   0.
  2017 352  5  8 47 506 352.214438727      -4.09      2.41     -0.81  0.       -5644.380       4170.807       -440.722    0.000  -0.055   0.152   0.
  2017 352  5  8 48 506 352.214450301      -3.95      2.46     -0.79  0.       -5644.017       4169.273       -442.504    0.000  -0.056   0.153   0.
  2017 352  5  8 49 505 352.214461875      -3.98      2.45     -0.78  0.       -5643.653       4167.738       -444.286    0.000  -0.056   0.153   0.
  2017 352  5  8 50 505 352.214473449      -3.92      2.42     -0.89  0.       -5643.288       4166.203       -446.067    0.000  -0.055   0.152   0.
  2017 352  5  8 51 505 352.214485023      -3.95      2.40     -0.88  0.       -5642.923       4164.667       -447.849    0.000  -0.055   0.152   0.
  2017 352  5  8 52 505 352.214496597      -3.89      2.37     -0.93  0.       -5642.557       4163.131       -449.630    0.000  -0.055   0.152   0.
  2017 352  5  8 53 505 352.214508171      -3.92      2.39     -0.89  0.       -5642.190       4161.594       -451.411    0.000  -0.055   0.152   0.
  2017 352  5  8 54 506 352.214519745      -3.83      2.44     -0.79  0.       -5641.822       4160.057       -453.192    0.000  -0.056   0.153   0.
  2017 352  5  8 55 506 352.214531319      -3.85      2.43     -0.74  0.       -5641.454       4158.519       -454.974    0.000  -0.056   0.153   0.
  2017 352  5  8 56 505 352.214542893      -3.80      2.39     -0.78  0.       -5641.086       4156.981       -456.755    0.000  -0.055   0.152   0.
  2017 352  5  8 57 505 352.214554468      -3.82      2.41     -0.76  0.       -5640.716       4155.442       -458.536    0.000  -0.055   0.152   0.
  2017 352  5  8 58 506 352.214566042      -3.81      2.41     -0.72  0.       -5640.346       4153.903       -460.317    0.000  -0.055   0.152   0.
  2017 352  5  8 59 506 352.214577616      -3.84      2.44     -0.68  0.       -5639.975       4152.363       -462.098    0.000  -0.055   0.152   0.
  2017 352  5  9  0 506 352.214589190      -3.83      2.44     -0.62  0.       -5639.603       4150.822       -463.879    0.000  -0.055   0.152   0.
  2017 352  5  9  1 506 352.214600764      -3.92      2.32     -0.54  0.       -5639.231       4149.282       -465.659    0.000  -0.055   0.152   0.
  2017 352  5  9  2 506 352.214612338      -3.87      2.32     -0.53  0.       -5638.858       4147.740       -467.440    0.000  -0.055   0.152   0.
  2017 352  5  9  3 505 352.214623912      -3.90      2.25     -0.46  0.       -5638.484       4146.198       -469.221    0.000  -0.055   0.152   0.
  2017 352  5  9  4 505 352.214635486      -3.88      2.29     -0.44  0.       -5638.110       4144.656       -471.002    0.000  -0.055   0.152   0.
  2017 352  5  9  5 505 352.214647060      -3.89      2.24     -0.39  0.       -5637.735       4143.113       -472.782    0.000  -0.055   0.152   0.
  2017 352  5  9  6 505 352.214658634      -3.86      2.22     -0.38  0.       -5637.359       4141.570       -474.563    0.000  -0.055   0.152   0.
  2017 352  5  9  7 505 352.214670208      -3.85      2.18     -0.30  0.       -5636.983       4140.026       -476.343    0.000  -0.055   0.152   0.
  2017 352  5  9  8 506 352.214681782      -3.75      2.27     -0.28  0.       -5636.605       4138.481       -478.124    0.000  -0.055   0.152   0.
  2017 352  5  9  9 506 352.214693356      -3.75      2.24     -0.25  0.       -5636.228       4136.936       -479.904    0.000  -0.055   0.152   0.
  2017 352  5  9 10 505 352.214704931      -3.70      2.18     -0.27  0.       -5635.849       4135.391       -481.684    0.000  -0.055   0.152   0.
  2017 352  5  9 11 505 352.214716505      -3.68      2.16     -0.26  0.       -5635.470       4133.845       -483.464    0.000  -0.055   0.152   0.
  2017 352  5  9 12 506 352.214728079      -3.60      2.11     -0.29  0.       -5635.090       4132.298       -485.245    0.000  -0.055   0.152   0.
  2017 352  5  9 13 506 352.214739653      -3.59      2.04     -0.26  0.       -5634.709       4130.751       -487.025    0.000  -0.055   0.152   0.
  2017 352  5  9 14 506 352.214751227      -3.52      2.03     -0.28  0.       -5634.328       4129.204       -488.805    0.000  -0.055   0.152   0.
  2017 352  5  9 15 506 352.214762801      -3.50      1.93     -0.25  0.       -5633.945       4127.656       -490.585    0.000  -0.055   0.152   0.
  2017 352  5  9 16 505 352.214774375      -3.45      1.89     -0.23  0.       -5633.563       4126.107       -492.365    0.000  -0.055   0.152   0.
  2017 352  5  9 17 505 352.214785949      -3.48      1.81     -0.17  0.       -5633.179       4124.558       -494.145    0.000  -0.055   0.152   0.
  2017 352  5  9 18 505 352.214797521      -3.48      1.73     -0.13  0.       -5632.795       4123.008       -495.924    0.000  -0.055   0.152   0.
  2017 352  5  9 19 505 352.214809094      -3.64      1.53     -0.20  0.       -5632.410       4121.458       -497.704    0.000  -0.055   0.152   0.
  2017 352  5  9 20 505 352.214820668      -3.57      1.53     -0.17  0.       -5632.024       4119.908       -499.484    0.000  -0.056   0.153   0.
  2017 352  5  9 21 505 352.214832242      -3.65      1.50     -0.20  0.       -5631.638       4118.356       -501.264    0.000  -0.056   0.153   0.
  2017 352  5  9 22 505 352.214843817      -3.63      1.45     -0.23  0.       -5631.251       4116.805       -503.043    0.000  -0.055   0.152   0.
  2017 352  5  9 23 505 352.214855391      -3.67      1.47     -0.14  0.       -5630.863       4115.253       -504.823    0.000  -0.055   0.152   0.
  2017 352  5  9 24 505 352.214866965      -3.66      1.47     -0.17  0.       -5630.475       4113.700       -506.602    0.000  -0.055   0.152   0.
  2017 352  5  9 25 505 352.214878539      -3.71      1.41     -0.15  0.       -5630.086       4112.147       -508.381    0.000  -0.055   0.152   0.
  2017 352  5  9 26 505 352.214890113      -3.65      1.48     -0.09  0.       -5629.696       4110.593       -510.161    0.000  -0.056   0.153   0.
  2017 352  5  9 27 505 352.214901687      -3.71      1.50     -0.09  0.       -5629.305       4109.039       -511.940    0.000  -0.056   0.153   0.
  2017 352  5  9 28 505 352.214913261      -3.62      1.65     -0.09  0.       -5628.914       4107.484       -513.719    0.000  -0.055   0.152   0.
  2017 352  5  9 29 505 352.214924835      -3.67      1.77      0.00  0.       -5628.522       4105.929       -515.498    0.000  -0.055   0.152   0.
  2017 352  5  9 30 505 352.214936409      -3.61      1.85      0.05  0.       -5628.129       4104.373       -517.277    0.000  -0.055   0.152   0.
  2017 352  5  9 31 505 352.214947983      -3.67      1.88      0.13  0.       -5627.736       4102.817       -519.056    0.000  -0.055   0.152   0.
  2017 352  5  9 32 505 352.214959557      -3.56      1.85      0.13  0.       -5627.342       4101.260       -520.835    0.000  -0.055   0.152   0.
  2017 352  5  9 33 505 352.214971131      -3.62      1.87      0.15  0.       -5626.947       4099.702       -522.614    0.000  -0.055   0.152   0.
  2017 352  5  9 34 505 352.214982705      -3.59      1.91      0.19  0.       -5626.551       4098.145       -524.393    0.000  -0.055   0.152   0.
  2017 352  5  9 35 505 352.214994280      -3.60      1.97      0.18  0.       -5626.155       4096.586       -526.172    0.000  -0.055   0.152   0.
  2017 352  5  9 36 505 352.215005854      -3.60      1.98      0.16  0.       -5625.758       4095.027       -527.950    0.000  -0.055   0.152   0.
  2017 352  5  9 37 505 352.215017428      -3.58      2.08      0.22  0.       -5625.361       4093.468       -529.729    0.000  -0.055   0.152   0.
  2017 352  5  9 38 505 352.215029002      -3.57      2.11      0.30  0.       -5624.962       4091.908       -531.507    0.000  -0.056   0.153   0.
  2017 352  5  9 39 505 352.215040576      -3.56      2.18      0.35  0.       -5624.563       4090.348       -533.286    0.000  -0.056   0.153   0.
  2017 352  5  9 40 505 352.215052150      -3.53      2.18      0.43  0.       -5624.164       4088.787       -535.064    0.000  -0.055   0.152   0.
  2017 352  5  9 41 505 352.215063724      -3.44      2.28      0.49  0.       -5623.763       4087.225       -536.843    0.000  -0.055   0.152   0.
  2017 352  5  9 42 505 352.215075298      -3.40      2.28      0.62  0.       -5623.362       4085.663       -538.621    0.000  -0.055   0.152   0.
  2017 352  5  9 43 505 352.215086872      -3.37      2.26      0.72  0.       -5622.960       4084.101       -540.399    0.000  -0.055   0.152   0.
  2017 352  5  9 44 505 352.215098446      -3.29      2.26      0.87  0.       -5622.557       4082.538       -542.177    0.000  -0.056   0.153   0.
  2017 352  5  9 45 505 352.215110020      -3.18      2.25      0.90  0.       -5622.154       4080.974       -543.955    0.000  -0.056   0.153   0.
  2017 352  5  9 46 505 352.215121594      -3.07      2.26      0.96  0.       -5621.750       4079.410       -545.733    0.000  -0.055   0.152   0.
  2017 352  5  9 47 505 352.215133168      -2.94      2.27      0.94  0.       -5621.345       4077.845       -547.511    0.000  -0.055   0.152   0.
  2017 352  5  9 48 505 352.215144740      -2.88      2.41      1.01  0.       -5620.940       4076.280       -549.289    0.000  -0.056   0.153   0.
  2017 352  5  9 49 505 352.215156314      -2.59      2.52      1.12  0.       -5620.534       4074.715       -551.066    0.000  -0.056   0.153   0.
  2017 352  5  9 50 505 352.215167888      -2.40      2.53      1.14  0.       -5620.127       4073.149       -552.844    0.000  -0.055   0.152   0.
  2017 352  5  9 51 505 352.215179462      -2.22      2.53      1.16  0.       -5619.719       4071.582       -554.622    0.000  -0.055   0.152   0.
  2017 352  5  9 52 505 352.215191036      -2.03      2.49      1.18  0.       -5619.311       4070.015       -556.399    0.000  -0.056   0.153   0.
  2017 352  5  9 53 505 352.215202610      -1.86      2.36      1.17  0.       -5618.902       4068.448       -558.177    0.000  -0.056   0.153   0.
  2017 352  5  9 54 505 352.215214184      -1.75      2.26      1.10  0.       -5618.492       4066.879       -559.954    0.000  -0.055   0.152   0.
  2017 352  5  9 55 505 352.215225758      -1.68      2.14      1.08  0.       -5618.082       4065.310       -561.732    0.000  -0.055   0.152   0.
  2017 352  5  9 56 505 352.215237332      -1.64      2.02      0.96  0.       -5617.671       4063.741       -563.509    0.000  -0.055   0.152   0.
  2017 352  5  9 57 505 352.215248906      -1.58      1.94      1.02  0.       -5617.259       4062.171       -565.286    0.000  -0.055   0.152   0.
  2017 352  5  9 58 505 352.215260480      -1.37      1.81      0.95  0.       -5616.846       4060.601       -567.063    0.000  -0.055   0.152   0.
  2017 352  5  9 59 505 352.215272054      -1.22      1.66      0.97  0.       -5616.433       4059.030       -568.840    0.000  -0.055   0.152   0.
  2017 352  5 10  0 505 352.215283629      -1.08      1.48      1.00  0.       -5616.019       4057.459       -570.617    0.000  -0.055   0.152   0.
  2017 352  5 10  1 505 352.215295202      -0.99      1.42      0.98  0.       -5615.604       4055.887       -572.394    0.000  -0.055   0.152   0.
  2017 352  5 10  2 505 352.215306777      -0.94      1.30      0.90  0.       -5615.189       4054.315       -574.171    0.000  -0.055   0.152   0.
  2017 352  5 10  3 505 352.215318351      -0.83      1.16      0.74  0.       -5614.773       4052.742       -575.948    0.000  -0.055   0.152   0.
  2017 352  5 10  4 505 352.215329925      -0.84      1.10      0.61  0.       -5614.355       4051.169       -577.724    0.000  -0.055   0.152   0.
  2017 352  5 10  5 505 352.215341499      -0.83      1.15      0.51  0.       -5613.938       4049.595       -579.501    0.000  -0.055   0.152   0.
  2017 352  5 10  6 505 352.215353073      -0.80      1.11      0.48  0.       -5613.520       4048.020       -581.277    0.000  -0.055   0.152   0.
  2017 352  5 10  7 505 352.215364647      -0.68      0.95      0.35  0.       -5613.101       4046.446       -583.054    0.000  -0.055   0.152   0.
  2017 352  5 10  8 505 352.215376221      -0.73      0.84      0.24  0.       -5612.681       4044.870       -584.830    0.000  -0.056   0.153   0.
  2017 352  5 10  9 505 352.215387795      -0.61      0.75      0.09  0.       -5612.260       4043.294       -586.606    0.000  -0.056   0.153   0.
  2017 352  5 10 10 505 352.215399369      -0.47      0.50     -0.11  0.       -5611.839       4041.718       -588.383    0.000  -0.056   0.153   0.
  2017 352  5 10 11 505 352.215410943      -0.39      0.32     -0.30  0.       -5611.417       4040.141       -590.159    0.000  -0.056   0.153   0.
  2017 352  5 10 12 505 352.215422517      -0.39      0.14     -0.53  0.       -5610.995       4038.563       -591.935    0.000  -0.055   0.152   0.
  2017 352  5 10 13 505 352.215434091      -0.53      0.01     -0.82  0.       -5610.571       4036.985       -593.711    0.000  -0.055   0.152   0.
  2017 352  5 10 14 505 352.215445665      -0.49     -0.15     -1.18  0.       -5610.147       4035.407       -595.487    0.000  -0.055   0.152   0.
  2017 352  5 10 15 505 352.215457240      -0.56     -0.37     -1.45  0.       -5609.722       4033.828       -597.263    0.000  -0.055   0.152   0.
  2017 352  5 10 16 505 352.215468814      -0.46     -0.63     -1.81  0.       -5609.297       4032.248       -599.039    0.000  -0.056   0.153   0.
  2017 352  5 10 17 505 352.215480388      -0.18     -0.87     -2.18  0.       -5608.871       4030.668       -600.814    0.000  -0.056   0.153   0.
  2017 352  5 10 18 505 352.215491959       0.10     -1.09     -2.36  0.       -5608.444       4029.087       -602.590    0.000  -0.055   0.152   0.
  2017 352  5 10 19 505 352.215503533       0.40     -1.34     -2.55  0.       -5608.016       4027.506       -604.365    0.000  -0.055   0.152   0.
  2017 352  5 10 20 505 352.215515107       0.71     -1.56     -2.70  0.       -5607.588       4025.925       -606.141    0.000  -0.055   0.152   0.
  2017 352  5 10 21 505 352.215526681       1.03     -1.75     -2.83  0.       -5607.159       4024.342       -607.916    0.000  -0.055   0.152   0.
  2017 352  5 10 22 505 352.215538255       1.49     -1.85     -2.79  0.       -5606.729       4022.760       -609.692    0.000  -0.056   0.153   0.
  2017 352  5 10 23 505 352.215549829       1.97     -2.02     -2.68  0.       -5606.298       4021.176       -611.467    0.000  -0.056   0.153   0.
  2017 352  5 10 24 505 352.215561403       2.29     -2.15     -2.66  0.       -5605.867       4019.593       -613.242    0.000  -0.055   0.152   0.
  2017 352  5 10 25 505 352.215572977       2.49     -2.22     -2.68  0.       -5605.435       4018.009       -615.017    0.000  -0.055   0.152   0.
  2017 352  5 10 26 505 352.215584552       2.69     -2.17     -2.64  0.       -5605.002       4016.424       -616.792    0.000  -0.055   0.152   0.
  2017 352  5 10 27 505 352.215596126       2.77     -2.24     -2.60  0.       -5604.569       4014.838       -618.567    0.000  -0.055   0.152   0.
  2017 352  5 10 28 505 352.215607700       2.86     -2.42     -2.58  0.       -5604.135       4013.253       -620.342    0.000  -0.055   0.152   0.
  2017 352  5 10 29 505 352.215619274       3.01     -2.43     -2.56  0.       -5603.700       4011.666       -622.116    0.000  -0.055   0.152   0.
  2017 352  5 10 30 505 352.215630848       3.22     -2.43     -2.51  0.       -5603.264       4010.080       -623.891    0.000  -0.055   0.152   0.
  2017 352  5 10 31 505 352.215642422       3.27     -2.55     -2.33  0.       -5602.828       4008.492       -625.666    0.000  -0.055   0.152   0.
  2017 352  5 10 32 505 352.215653996       3.32     -2.76     -2.13  0.       -5602.391       4006.904       -627.440    0.000  -0.055   0.152   0.
  2017 352  5 10 33 505 352.215665570       3.39     -3.00     -2.01  0.       -5601.953       4005.316       -629.214    0.000  -0.055   0.152   0.
  2017 352  5 10 34 505 352.215677144       3.53     -3.11     -1.94  0.       -5601.514       4003.727       -630.989    0.000  -0.055   0.152   0.
  2017 352  5 10 35 505 352.215688718       3.78     -3.12     -1.77  0.       -5601.075       4002.138       -632.763    0.000  -0.055   0.152   0.
  2017 352  5 10 36 505 352.215700292       3.96     -3.06     -1.53  0.       -5600.635       4000.548       -634.537    0.000  -0.055   0.152   0.
  2017 352  5 10 37 505 352.215711866       4.00     -2.96     -1.53  0.       -5600.195       3998.957       -636.311    0.000  -0.055   0.152   0.
  2017 352  5 10 38 505 352.215723440       4.12     -2.97     -1.53  0.       -5599.753       3997.366       -638.085    0.000  -0.055   0.152   0.
  2017 352  5 10 39 505 352.215735014       4.15     -2.97     -1.54  0.       -5599.311       3995.775       -639.859    0.000  -0.055   0.152   0.
  2017 352  5 10 40 505 352.215746589       4.25     -2.94     -1.42  0.       -5598.868       3994.183       -641.633    0.000  -0.055   0.152   0.
  2017 352  5 10 41 505 352.215758163       4.24     -2.99     -1.30  0.       -5598.424       3992.590       -643.407    0.000  -0.055   0.152   0.
  2017 352  5 10 42 505 352.215769737       4.32     -3.04     -1.25  0.       -5597.980       3990.997       -645.180    0.000  -0.056   0.153   0.
  2017 352  5 10 43 505 352.215781311       4.41     -2.97     -1.12  0.       -5597.535       3989.404       -646.954    0.000  -0.056   0.153   0.
  2017 352  5 10 44 505 352.215792885       4.37     -2.92     -1.06  0.       -5597.089       3987.810       -648.728    0.000  -0.055   0.152   0.
  2017 352  5 10 45 505 352.215804459       4.38     -2.78     -1.03  0.       -5596.643       3986.215       -650.501    0.000  -0.055   0.152   0.
  2017 352  5 10 46 505 352.215816033       4.40     -2.65     -0.87  0.       -5596.196       3984.620       -652.274    0.000  -0.055   0.152   0.
  2017 352  5 10 47 505 352.215827607       4.43     -2.74     -0.74  0.       -5595.748       3983.024       -654.048    0.000  -0.055   0.152   0.
  2017 352  5 10 48 504 352.215839179       4.53     -2.84     -0.61  0.       -5595.299       3981.428       -655.821    0.000  -0.055   0.152   0.
  2017 352  5 10 49 504 352.215850752       4.56     -2.77     -0.38  0.       -5594.850       3979.831       -657.594    0.000  -0.055   0.152   0.
  2017 352  5 10 50 505 352.215862326       4.59     -2.73     -0.20  0.       -5594.399       3978.234       -659.367    0.000  -0.055   0.152   0.
  2017 352  5 10 51 505 352.215873900       4.62     -2.47      0.05  0.       -5593.948       3976.636       -661.140    0.000  -0.055   0.152   0.
  2017 352  5 10 52 504 352.215885475       4.59     -2.42      0.08  0.       -5593.497       3975.038       -662.912    0.000  -0.055   0.152   0.
  2017 352  5 10 53 504 352.215897049       4.58     -2.38      0.11  0.       -5593.044       3973.439       -664.685    0.000  -0.055   0.152   0.
  2017 352  5 10 54 505 352.215908623       4.56     -2.41      0.15  0.       -5592.591       3971.840       -666.458    0.000  -0.055   0.152   0.
  2017 352  5 10 55 505 352.215920197       4.63     -2.40      0.12  0.       -5592.138       3970.240       -668.230    0.000  -0.055   0.152   0.
  2017 352  5 10 56 505 352.215931771       4.71     -2.35      0.17  0.       -5591.683       3968.640       -670.003    0.000  -0.055   0.152   0.
  2017 352  5 10 57 505 352.215943345       4.72     -2.50      0.30  0.       -5591.228       3967.039       -671.775    0.000  -0.055   0.152   0.
  2017 352  5 10 58 505 352.215954919       4.71     -2.65      0.32  0.       -5590.772       3965.438       -673.547    0.000  -0.055   0.152   0.
  2017 352  5 10 59 504 352.215966493       4.72     -2.73      0.30  0.       -5590.315       3963.836       -675.320    0.000  -0.055   0.152   0.
  2017 352  5 11  0 504 352.215978067       4.70     -2.89      0.29  0.       -5589.858       3962.233       -677.092    0.000  -0.056   0.153   0.
  2017 352  5 11  1 504 352.215989641       4.68     -2.88      0.40  0.       -5589.399       3960.630       -678.864    0.000  -0.056   0.153   0.
  2017 352  5 11  2 504 352.216001215       4.62     -2.90      0.47  0.       -5588.940       3959.027       -680.636    0.000  -0.055   0.152   0.
  2017 352  5 11  3 504 352.216012789       4.66     -2.95      0.46  0.       -5588.481       3957.423       -682.408    0.000  -0.055   0.152   0.
  2017 352  5 11  4 505 352.216024363       4.55     -3.01      0.43  0.       -5588.020       3955.818       -684.179    0.000  -0.055   0.152   0.
  2017 352  5 11  5 505 352.216035938       4.53     -3.04      0.31  0.       -5587.559       3954.213       -685.951    0.000  -0.055   0.152   0.
  2017 352  5 11  6 504 352.216047512       4.57     -3.05      0.28  0.       -5587.097       3952.608       -687.723    0.000  -0.055   0.152   0.
  2017 352  5 11  7 504 352.216059086       4.46     -3.06      0.32  0.       -5586.635       3951.002       -689.494    0.000  -0.055   0.152   0.
  2017 352  5 11  8 505 352.216070660       4.42     -3.10      0.33  0.       -5586.171       3949.395       -691.265    0.000  -0.056   0.153   0.
  2017 352  5 11  9 505 352.216082234       4.32     -3.07      0.35  0.       -5585.707       3947.788       -693.037    0.000  -0.056   0.153   0.
  2017 352  5 11 10 505 352.216093808       4.25     -3.14      0.40  0.       -5585.242       3946.180       -694.808    0.000  -0.056   0.153   0.
  2017 352  5 11 11 505 352.216105382       4.31     -3.23      0.38  0.       -5584.777       3944.572       -696.579    0.000  -0.056   0.153   0.
  2017 352  5 11 12 504 352.216116956       4.31     -3.20      0.33  0.       -5584.311       3942.964       -698.350    0.000  -0.055   0.152   0.
  2017 352  5 11 13 504 352.216128530       4.30     -3.26      0.28  0.       -5583.843       3941.355       -700.121    0.000  -0.055   0.152   0.
  2017 352  5 11 14 504 352.216140104       4.33     -3.36      0.34  0.       -5583.376       3939.745       -701.892    0.000  -0.055   0.152   0.
  2017 352  5 11 15 504 352.216151678       4.32     -3.45      0.39  0.       -5582.907       3938.135       -703.662    0.000  -0.055   0.152   0.
  2017 352  5 11 16 504 352.216163252       4.31     -3.50      0.38  0.       -5582.438       3936.524       -705.433    0.000  -0.055   0.152   0.
  2017 352  5 11 17 505 352.216174826       4.42     -3.57      0.37  0.       -5581.968       3934.913       -707.204    0.000  -0.055   0.152   0.
  2017 352  5 11 18 505 352.216186398       4.35     -3.86      0.23  0.       -5581.497       3933.301       -708.974    0.000  -0.056   0.153   0.
  2017 352  5 11 19 504 352.216197972       4.24     -4.17      0.25  0.       -5581.026       3931.689       -710.744    0.000  -0.056   0.153   0.
  2017 352  5 11 20 504 352.216209546       4.23     -4.28      0.30  0.       -5580.554       3930.076       -712.515    0.000  -0.056   0.153   0.
  2017 352  5 11 21 504 352.216221120       4.23     -4.41      0.22  0.       -5580.081       3928.462       -714.285    0.000  -0.056   0.153   0.
  2017 352  5 11 22 504 352.216232694       4.40     -4.49      0.16  0.       -5579.607       3926.849       -716.055    0.000  -0.056   0.153   0.
  2017 352  5 11 23 504 352.216244268       4.49     -4.48      0.08  0.       -5579.133       3925.234       -717.825    0.000  -0.056   0.153   0.
  2017 352  5 11 24 504 352.216255842       4.55     -4.52     -0.07  0.       -5578.657       3923.619       -719.595    0.000  -0.056   0.153   0.
  2017 352  5 11 25 504 352.216267416       4.64     -4.50     -0.22  0.       -5578.182       3922.004       -721.365    0.000  -0.056   0.153   0.
  2017 352  5 11 26 504 352.216278990       4.69     -4.40     -0.42  0.       -5577.705       3920.388       -723.134    0.000  -0.056   0.153   0.
  2017 352  5 11 27 504 352.216290564       4.63     -4.51     -0.53  0.       -5577.228       3918.771       -724.904    0.000  -0.056   0.153   0.
  2017 352  5 11 28 504 352.216302138       4.47     -4.80     -0.71  0.       -5576.749       3917.155       -726.673    0.000  -0.056   0.153   0.
  2017 352  5 11 29 504 352.216313712       4.55     -4.86     -0.68  0.       -5576.271       3915.537       -728.443    0.000  -0.056   0.153   0.
  2017 352  5 11 30 504 352.216325286       4.71     -4.69     -0.67  0.       -5575.790       3913.919       -730.212    0.000  -0.055   0.152   0.
  2017 352  5 11 31 504 352.216336861       4.86     -4.53     -0.56  0.       -5575.310       3912.300       -731.981    0.000  -0.055   0.152   0.
  2017 352  5 11 32 504 352.216348435       4.83     -4.42     -0.49  0.       -5574.829       3910.681       -733.750    0.000  -0.055   0.152   0.
  2017 352  5 11 33 504 352.216360009       4.83     -4.46     -0.41  0.       -5574.348       3909.062       -735.519    0.000  -0.055   0.152   0.
  2017 352  5 11 34 504 352.216371583       4.81     -4.51     -0.36  0.       -5573.865       3907.442       -737.288    0.000  -0.056   0.153   0.
  2017 352  5 11 35 504 352.216383157       4.81     -4.60     -0.38  0.       -5573.382       3905.821       -739.057    0.000  -0.056   0.153   0.
  2017 352  5 11 36 504 352.216394731       4.90     -4.68     -0.34  0.       -5572.898       3904.200       -740.826    0.000  -0.055   0.152   0.
  2017 352  5 11 37 504 352.216406305       4.95     -4.76     -0.20  0.       -5572.413       3902.578       -742.594    0.000  -0.055   0.152   0.
  2017 352  5 11 38 504 352.216417879       4.96     -4.85     -0.04  0.       -5571.927       3900.956       -744.363    0.000  -0.056   0.153   0.
  2017 352  5 11 39 504 352.216429453       5.00     -4.96     -0.00  0.       -5571.441       3899.333       -746.131    0.000  -0.056   0.153   0.
  2017 352  5 11 40 504 352.216441027       5.01     -5.01      0.01  0.       -5570.954       3897.710       -747.900    0.000  -0.056   0.153   0.
  2017 352  5 11 41 504 352.216452601       4.96     -5.02      0.05  0.       -5570.466       3896.086       -749.668    0.000  -0.056   0.153   0.
  2017 352  5 11 42 504 352.216464175       4.99     -4.95      0.05  0.       -5569.978       3894.462       -751.436    0.000  -0.055   0.152   0.
  2017 352  5 11 43 504 352.216475749       5.08     -4.90      0.06  0.       -5569.488       3892.837       -753.204    0.000  -0.055   0.152   0.
  2017 352  5 11 44 504 352.216487323       5.12     -4.88      0.16  0.       -5568.998       3891.212       -754.972    0.000  -0.056   0.153   0.
  2017 352  5 11 45 504 352.216498898       5.24     -4.90      0.20  0.       -5568.508       3889.586       -756.740    0.000  -0.056   0.153   0.
  2017 352  5 11 46 504 352.216510472       5.37     -4.82      0.25  0.       -5568.016       3887.959       -758.507    0.000  -0.055   0.152   0.
  2017 352  5 11 47 504 352.216522046       5.48     -4.81      0.24  0.       -5567.524       3886.333       -760.275    0.000  -0.055   0.152   0.
  2017 352  5 11 48 504 352.216533617       5.49     -4.87      0.21  0.       -5567.031       3884.705       -762.042    0.000  -0.055   0.152   0.
  2017 352  5 11 49 504 352.216545191       5.48     -4.76      0.17  0.       -5566.537       3883.077       -763.810    0.000  -0.055   0.152   0.
  2017 352  5 11 50 504 352.216556765       5.36     -4.71      0.17  0.       -5566.043       3881.449       -765.577    0.000  -0.056   0.153   0.
  2017 352  5 11 51 504 352.216568339       5.35     -4.70      0.06  0.       -5565.547       3879.820       -767.344    0.000  -0.056   0.153   0.
  2017 352  5 11 52 504 352.216579913       5.38     -4.62      0.05  0.       -5565.051       3878.190       -769.111    0.000  -0.055   0.152   0.
  2017 352  5 11 53 504 352.216591487       5.31     -4.59      0.06  0.       -5564.555       3876.560       -770.878    0.000  -0.055   0.152   0.
  2017 352  5 11 54 504 352.216603061       5.36     -4.62      0.12  0.       -5564.057       3874.930       -772.645    0.000  -0.056   0.153   0.
  2017 352  5 11 55 504 352.216614635       5.40     -4.60      0.13  0.       -5563.559       3873.298       -774.412    0.000  -0.056   0.153   0.
  2017 352  5 11 56 504 352.216626210       5.39     -4.63      0.20  0.       -5563.060       3871.667       -776.179    0.000  -0.055   0.152   0.
  2017 352  5 11 57 504 352.216637784       5.37     -4.60      0.23  0.       -5562.560       3870.035       -777.945    0.000  -0.055   0.152   0.
  2017 352  5 11 58 504 352.216649358       5.39     -4.66      0.25  0.       -5562.060       3868.402       -779.712    0.000  -0.056   0.153   0.
  2017 352  5 11 59 504 352.216660932       5.37     -4.67      0.32  0.       -5561.558       3866.769       -781.478    0.000  -0.056   0.153   0.
  2017 352  5 12  0 504 352.216672506       5.39     -4.65      0.39  0.       -5561.056       3865.135       -783.244    0.000  -0.055   0.152   0.
  2017 352  5 12  1 504 352.216684080       5.41     -4.70      0.39  0.       -5560.554       3863.501       -785.010    0.000  -0.055   0.152   0.
  2017 352  5 12  2 504 352.216695654       5.40     -4.70      0.36  0.       -5560.050       3861.867       -786.777    0.000  -0.055   0.152   0.
  2017 352  5 12  3 504 352.216707228       5.36     -4.77      0.32  0.       -5559.546       3860.231       -788.542    0.000  -0.055   0.152   0.
  2017 352  5 12  4 504 352.216718802       5.34     -4.81      0.27  0.       -5559.041       3858.596       -790.308    0.000  -0.056   0.153   0.
  2017 352  5 12  5 504 352.216730376       5.36     -4.81      0.24  0.       -5558.535       3856.959       -792.074    0.000  -0.056   0.153   0.
  2017 352  5 12  6 504 352.216741950       5.38     -4.78      0.24  0.       -5558.029       3855.322       -793.840    0.000  -0.056   0.153   0.
  2017 352  5 12  7 504 352.216753524       5.41     -4.82      0.16  0.       -5557.521       3853.685       -795.605    0.000  -0.056   0.153   0.
  2017 352  5 12  8 504 352.216765098       5.40     -4.81      0.09  0.       -5557.013       3852.047       -797.370    0.000  -0.056   0.153   0.
  2017 352  5 12  9 504 352.216776672       5.37     -4.82      0.03  0.       -5556.504       3850.409       -799.136    0.000  -0.056   0.153   0.
  2017 352  5 12 10 504 352.216788247       5.39     -4.84     -0.01  0.       -5555.995       3848.770       -800.901    0.000  -0.055   0.152   0.
  2017 352  5 12 11 504 352.216799821       5.38     -4.83     -0.01  0.       -5555.485       3847.130       -802.666    0.000  -0.055   0.152   0.
  2017 352  5 12 12 504 352.216811395       5.31     -4.84     -0.03  0.       -5554.974       3845.490       -804.431    0.000  -0.056   0.153   0.
  2017 352  5 12 13 504 352.216822969       5.35     -4.86     -0.10  0.       -5554.462       3843.850       -806.196    0.000  -0.056   0.153   0.
  2017 352  5 12 14 504 352.216834543       5.41     -4.83     -0.16  0.       -5553.949       3842.209       -807.960    0.000  -0.056   0.153   0.
  2017 352  5 12 15 504 352.216846117       5.44     -4.84     -0.14  0.       -5553.436       3840.567       -809.725    0.000  -0.056   0.153   0.
  2017 352  5 12 16 504 352.216857691       5.44     -4.84     -0.15  0.       -5552.922       3838.925       -811.490    0.000  -0.055   0.152   0.
  2017 352  5 12 17 504 352.216869265       5.52     -4.83     -0.13  0.       -5552.407       3837.283       -813.254    0.000  -0.055   0.152   0.
  2017 352  5 12 18 504 352.216880839       5.52     -4.90     -0.11  0.       -5551.892       3835.640       -815.018    0.000  -0.056   0.153   0.
  2017 352  5 12 19 504 352.216892413       5.47     -4.99     -0.12  0.       -5551.375       3833.996       -816.782    0.000  -0.056   0.153   0.
  2017 352  5 12 20 504 352.216903985       5.45     -5.13     -0.09  0.       -5550.858       3832.352       -818.546    0.000  -0.056   0.153   0.
  2017 352  5 12 21 504 352.216915558       5.52     -5.15     -0.06  0.       -5550.340       3830.707       -820.310    0.000  -0.056   0.153   0.
  2017 352  5 12 22 504 352.216927133       5.55     -5.13      0.06  0.       -5549.822       3829.062       -822.074    0.000  -0.056   0.153   0.
  2017 352  5 12 23 504 352.216938707       5.58     -5.14      0.16  0.       -5549.302       3827.416       -823.838    0.000  -0.056   0.153   0.
  2017 352  5 12 24 504 352.216950281       5.56     -5.14      0.22  0.       -5548.782       3825.770       -825.602    0.000  -0.056   0.153   0.
  2017 352  5 12 25 504 352.216961855       5.50     -5.16      0.22  0.       -5548.261       3824.123       -827.365    0.000  -0.056   0.153   0.
  2017 352  5 12 26 504 352.216973429       5.48     -5.19      0.16  0.       -5547.740       3822.476       -829.128    0.000  -0.056   0.153   0.
  2017 352  5 12 27 504 352.216985003       5.48     -5.17      0.12  0.       -5547.217       3820.828       -830.892    0.000  -0.056   0.153   0.
  2017 352  5 12 28 504 352.216996577       5.49     -5.14      0.00  0.       -5546.694       3819.180       -832.655    0.000  -0.055   0.152   0.
  2017 352  5 12 29 504 352.217008151       5.51     -5.10     -0.02  0.       -5546.170       3817.531       -834.418    0.000  -0.055   0.152   0.
  2017 352  5 12 30 504 352.217019725       5.59     -5.13     -0.05  0.       -5545.646       3815.882       -836.181    0.000  -0.056   0.153   0.
  2017 352  5 12 31 504 352.217031299       5.59     -5.17     -0.14  0.       -5545.120       3814.232       -837.944    0.000  -0.056   0.153   0.
  2017 352  5 12 32 504 352.217042873       5.62     -5.13     -0.11  0.       -5544.594       3812.581       -839.706    0.000  -0.056   0.153   0.
  2017 352  5 12 33 504 352.217054447       5.60     -5.10     -0.09  0.       -5544.067       3810.930       -841.469    0.000  -0.056   0.153   0.
  2017 352  5 12 34 504 352.217066021       5.60     -5.08     -0.15  0.       -5543.539       3809.279       -843.231    0.000  -0.056   0.153   0.
  2017 352  5 12 35 504 352.217077595       5.63     -5.01     -0.21  0.       -5543.011       3807.627       -844.994    0.000  -0.056   0.153   0.
  2017 352  5 12 36 504 352.217089170       5.67     -5.00     -0.24  0.       -5542.481       3805.974       -846.756    0.000  -0.055   0.152   0.
  2017 352  5 12 37 504 352.217100744       5.72     -4.99     -0.21  0.       -5541.951       3804.322       -848.518    0.000  -0.055   0.152   0.
  2017 352  5 12 38 504 352.217112318       5.79     -5.01     -0.20  0.       -5541.421       3802.668       -850.280    0.000  -0.056   0.153   0.
  2017 352  5 12 39 504 352.217123892       5.82     -5.04     -0.15  0.       -5540.889       3801.014       -852.042    0.000  -0.056   0.153   0.
  2017 352  5 12 40 504 352.217135466       5.83     -5.01     -0.10  0.       -5540.357       3799.359       -853.804    0.000  -0.056   0.153   0.
  2017 352  5 12 41 504 352.217147040       5.86     -4.96     -0.05  0.       -5539.824       3797.704       -855.565    0.000  -0.056   0.153   0.
  2017 352  5 12 42 504 352.217158614       5.82     -4.95     -0.05  0.       -5539.290       3796.048       -857.327    0.000  -0.056   0.153   0.
  2017 352  5 12 43 504 352.217170188       5.79     -4.96     -0.01  0.       -5538.755       3794.392       -859.088    0.000  -0.056   0.153   0.
  2017 352  5 12 44 504 352.217181762       5.79     -4.98      0.08  0.       -5538.220       3792.735       -860.849    0.000  -0.056   0.153   0.
  2017 352  5 12 45 504 352.217193336       5.76     -5.04      0.09  0.       -5537.684       3791.078       -862.611    0.000  -0.056   0.153   0.
  2017 352  5 12 46 504 352.217204910       5.76     -5.10      0.09  0.       -5537.147       3789.420       -864.372    0.000  -0.056   0.153   0.
  2017 352  5 12 47 504 352.217216484       5.77     -5.09      0.06  0.       -5536.609       3787.762       -866.133    0.000  -0.056   0.153   0.
  2017 352  5 12 48 504 352.217228058       5.76     -5.12      0.10  0.       -5536.071       3786.103       -867.893    0.000  -0.056   0.153   0.
  2017 352  5 12 49 504 352.217239633       5.77     -5.14      0.11  0.       -5535.532       3784.444       -869.654    0.000  -0.056   0.153   0.
  2017 352  5 12 50 504 352.217251204       5.80     -5.10      0.12  0.       -5534.992       3782.784       -871.414    0.000  -0.056   0.153   0.
  2017 352  5 12 51 504 352.217262778       5.82     -5.08      0.13  0.       -5534.451       3781.124       -873.175    0.000  -0.056   0.153   0.
  2017 352  5 12 52 504 352.217274352       5.81     -5.09      0.03  0.       -5533.910       3779.463       -874.936    0.000  -0.056   0.153   0.
  2017 352  5 12 53 504 352.217285926       5.85     -5.10     -0.06  0.       -5533.367       3777.801       -876.695    0.000  -0.056   0.153   0.
  2017 352  5 12 54 503 352.217297500       5.87     -5.02     -0.09  0.       -5532.824       3776.139       -878.456    0.000  -0.056   0.153   0.
  2017 352  5 12 55 503 352.217309074       5.91     -4.96     -0.12  0.       -5532.281       3774.477       -880.216    0.000  -0.056   0.153   0.
  2017 352  5 12 56 503 352.217320648       5.88     -4.97     -0.18  0.       -5531.736       3772.814       -881.976    0.000  -0.056   0.153   0.
  2017 352  5 12 57 503 352.217332222       5.89     -4.96     -0.24  0.       -5531.191       3771.150       -883.735    0.000  -0.056   0.153   0.
  2017 352  5 12 58 503 352.217343796       5.93     -5.04     -0.29  0.       -5530.645       3769.486       -885.495    0.000  -0.056   0.153   0.
  2017 352  5 12 59 504 352.217355370       5.97     -5.09     -0.31  0.       -5530.098       3767.822       -887.254    0.000  -0.056   0.153   0.
  2017 352  5 13  0 504 352.217366944       6.01     -5.11     -0.37  0.       -5529.550       3766.157       -889.014    0.000  -0.055   0.152   0.
  2017 352  5 13  1 503 352.217378519       6.05     -5.12     -0.45  0.       -5529.002       3764.491       -890.773    0.000  -0.055   0.152   0.
  2017 352  5 13  2 503 352.217390093       6.04     -5.10     -0.56  0.       -5528.453       3762.825       -892.532    0.000  -0.056   0.153   0.
  2017 352  5 13  3 504 352.217401667       6.05     -5.06     -0.61  0.       -5527.903       3761.158       -894.291    0.000  -0.056   0.153   0.
  2017 352  5 13  4 504 352.217413241       6.08     -5.07     -0.64  0.       -5527.352       3759.491       -896.050    0.000  -0.055   0.152   0.
  2017 352  5 13  5 504 352.217424815       6.15     -5.07     -0.64  0.       -5526.800       3757.823       -897.808    0.000  -0.055   0.152   0.
  2017 352  5 13  6 504 352.217436389       6.16     -5.06     -0.63  0.       -5526.248       3756.155       -899.567    0.000  -0.056   0.153   0.
  2017 352  5 13  7 504 352.217447963       6.15     -5.02     -0.64  0.       -5525.695       3754.486       -901.325    0.000  -0.056   0.153   0.
  2017 352  5 13  8 503 352.217459537       6.15     -5.00     -0.65  0.       -5525.141       3752.817       -903.084    0.000  -0.056   0.153   0.
  2017 352  5 13  9 503 352.217471111       6.15     -4.96     -0.71  0.       -5524.587       3751.147       -904.842    0.000  -0.056   0.153   0.
  2017 352  5 13 10 503 352.217482685       6.14     -4.97     -0.79  0.       -5524.031       3749.477       -906.600    0.000  -0.056   0.153   0.
  2017 352  5 13 11 503 352.217494259       6.14     -5.01     -0.83  0.       -5523.475       3747.806       -908.358    0.000  -0.056   0.153   0.
  2017 352  5 13 12 503 352.217505833       6.16     -4.99     -0.85  0.       -5522.918       3746.134       -910.116    0.000  -0.056   0.153   0.
  2017 352  5 13 13 504 352.217517407       6.17     -5.04     -0.89  0.       -5522.361       3744.462       -911.873    0.000  -0.056   0.153   0.
  2017 352  5 13 14 504 352.217528981       6.14     -5.04     -0.92  0.       -5521.802       3742.790       -913.631    0.000  -0.056   0.153   0.
  2017 352  5 13 15 503 352.217540556       6.14     -5.01     -1.01  0.       -5521.243       3741.117       -915.388    0.000  -0.056   0.153   0.
  2017 352  5 13 16 503 352.217552130       6.20     -5.03     -1.13  0.       -5520.683       3739.444       -917.146    0.000  -0.056   0.153   0.
  2017 352  5 13 17 504 352.217563704       6.23     -5.12     -1.28  0.       -5520.122       3737.770       -918.903    0.000  -0.056   0.153   0.
  2017 352  5 13 18 504 352.217575278       6.31     -5.09     -1.37  0.       -5519.561       3736.095       -920.660    0.000  -0.056   0.153   0.
  2017 352  5 13 19 504 352.217586852       6.34     -5.14     -1.45  0.       -5518.998       3734.420       -922.417    0.000  -0.056   0.153   0.
  2017 352  5 13 20 504 352.217598424       6.32     -5.08     -1.52  0.       -5518.435       3732.744       -924.173    0.000  -0.056   0.153   0.
  2017 352  5 13 21 503 352.217609997       6.31     -5.00     -1.55  0.       -5517.871       3731.068       -925.930    0.000  -0.056   0.153   0.
  2017 352  5 13 22 503 352.217621571       6.21     -5.01     -1.56  0.       -5517.307       3729.392       -927.687    0.000  -0.056   0.153   0.
  2017 352  5 13 23 503 352.217633145       6.26     -5.06     -1.66  0.       -5516.741       3727.714       -929.443    0.000  -0.056   0.153   0.
  2017 352  5 13 24 503 352.217644719       6.27     -5.02     -1.72  0.       -5516.175       3726.037       -931.199    0.000  -0.056   0.153   0.
  2017 352  5 13 25 503 352.217656293       6.32     -4.98     -1.74  0.       -5515.608       3724.358       -932.955    0.000  -0.056   0.153   0.
  2017 352  5 13 26 503 352.217667867       6.29     -4.96     -1.78  0.       -5515.041       3722.680       -934.711    0.000  -0.056   0.153   0.
  2017 352  5 13 27 503 352.217679442       6.29     -4.89     -1.81  0.       -5514.472       3721.000       -936.467    0.000  -0.056   0.153   0.
  2017 352  5 13 28 503 352.217691016       6.27     -4.92     -1.86  0.       -5513.903       3719.320       -938.223    0.000  -0.056   0.153   0.
  2017 352  5 13 29 503 352.217702590       6.30     -4.91     -1.84  0.       -5513.332       3717.640       -939.979    0.000  -0.056   0.153   0.
  2017 352  5 13 30 503 352.217714164       6.38     -4.92     -1.88  0.       -5512.762       3715.959       -941.734    0.000  -0.056   0.153   0.
  2017 352  5 13 31 503 352.217725738       6.51     -4.97     -1.90  0.       -5512.190       3714.278       -943.489    0.000  -0.056   0.153   0.
  2017 352  5 13 32 503 352.217737312       6.57     -4.99     -1.87  0.       -5511.618       3712.596       -945.245    0.000  -0.056   0.153   0.
  2017 352  5 13 33 503 352.217748886       6.58     -5.04     -1.91  0.       -5511.044       3710.914       -947.000    0.000  -0.056   0.153   0.
  2017 352  5 13 34 503 352.217760460       6.69     -5.12     -1.95  0.       -5510.470       3709.231       -948.755    0.000  -0.056   0.153   0.
  2017 352  5 13 35 503 352.217772034       6.94     -4.87     -2.01  0.       -5509.896       3707.547       -950.509    0.000  -0.056   0.153   0.
  2017 352  5 13 36 503 352.217783608       7.06     -4.83     -2.05  0.       -5509.320       3705.863       -952.264    0.000  -0.056   0.153   0.
  2017 352  5 13 37 503 352.217795182       7.16     -4.78     -2.02  0.       -5508.744       3704.179       -954.018    0.000  -0.056   0.153   0.
  2017 352  5 13 38 503 352.217806756       7.21     -4.82     -2.01  0.       -5508.167       3702.494       -955.773    0.000  -0.056   0.153   0.
  2017 352  5 13 39 503 352.217818330       7.31     -4.70     -1.98  0.       -5507.589       3700.808       -957.527    0.000  -0.056   0.153   0.
  2017 352  5 13 40 503 352.217829904       7.43     -4.57     -1.97  0.       -5507.010       3699.122       -959.281    0.000  -0.056   0.153   0.
  2017 352  5 13 41 503 352.217841479       7.50     -4.56     -1.95  0.       -5506.431       3697.435       -961.035    0.000  -0.056   0.153   0.
  2017 352  5 13 42 503 352.217853053       7.55     -4.49     -1.86  0.       -5505.850       3695.748       -962.789    0.000  -0.056   0.153   0.
  2017 352  5 13 43 503 352.217864627       7.59     -4.47     -1.80  0.       -5505.269       3694.060       -964.543    0.000  -0.056   0.153   0.
  2017 352  5 13 44 503 352.217876201       7.54     -4.42     -1.72  0.       -5504.687       3692.372       -966.296    0.000  -0.056   0.153   0.
  2017 352  5 13 45 503 352.217887775       7.56     -4.36     -1.74  0.       -5504.105       3690.683       -968.050    0.000  -0.056   0.153   0.
  2017 352  5 13 46 503 352.217899349       7.55     -4.38     -1.78  0.       -5503.521       3688.994       -969.803    0.000  -0.056   0.153   0.
  2017 352  5 13 47 503 352.217910923       7.56     -4.38     -1.81  0.       -5502.937       3687.304       -971.556    0.000  -0.056   0.153   0.
  2017 352  5 13 48 503 352.217922497       7.62     -4.32     -1.76  0.       -5502.352       3685.614       -973.309    0.000  -0.056   0.153   0.
  2017 352  5 13 49 503 352.217934071       7.64     -4.30     -1.70  0.       -5501.767       3683.923       -975.062    0.000  -0.056   0.153   0.
  2017 352  5 13 50 503 352.217945643       7.66     -4.31     -1.66  0.       -5501.180       3682.232       -976.815    0.000  -0.056   0.153   0.
  2017 352  5 13 51 503 352.217957216       7.63     -4.28     -1.70  0.       -5500.593       3680.540       -978.567    0.000  -0.056   0.153   0.
  2017 352  5 13 52 503 352.217968791       7.67     -4.23     -1.69  0.       -5500.005       3678.847       -980.320    0.000  -0.056   0.153   0.
  2017 352  5 13 53 503 352.217980365       7.63     -4.25     -1.73  0.       -5499.416       3677.154       -982.072    0.000  -0.056   0.153   0.
  2017 352  5 13 54 503 352.217991939       7.61     -4.27     -1.75  0.       -5498.826       3675.461       -983.824    0.000  -0.056   0.153   0.
  2017 352  5 13 55 503 352.218003513       7.60     -4.32     -1.80  0.       -5498.236       3673.767       -985.576    0.000  -0.056   0.153   0.
  2017 352  5 13 56 503 352.218015087       7.62     -4.30     -1.86  0.       -5497.644       3672.072       -987.328    0.000  -0.056   0.153   0.
  2017 352  5 13 57 503 352.218026661       7.61     -4.24     -1.88  0.       -5497.052       3670.377       -989.080    0.000  -0.056   0.153   0.
  2017 352  5 13 58 503 352.218038235       7.65     -4.26     -1.86  0.       -5496.460       3668.681       -990.831    0.000  -0.056   0.153   0.
  2017 352  5 13 59 503 352.218049809       7.64     -4.23     -1.85  0.       -5495.866       3666.986       -992.583    0.000  -0.056   0.153   0.
  2017 352  5 14  0 503 352.218061383       7.65     -4.25     -1.89  0.       -5495.272       3665.289       -994.334    0.000  -0.056   0.153   0.
  2017 352  5 14  1 503 352.218072957       7.62     -4.23     -1.95  0.       -5494.676       3663.592       -996.085    0.000  -0.056   0.153   0.
  2017 352  5 14  2 503 352.218084531       7.64     -4.15     -1.93  0.       -5494.080       3661.894       -997.836    0.000  -0.056   0.153   0.
  2017 352  5 14  3 503 352.218096105       7.63     -4.13     -1.92  0.       -5493.484       3660.196       -999.587    0.000  -0.056   0.153   0.
  2017 352  5 14  4 503 352.218107679       7.54     -4.23     -1.94  0.       -5492.886       3658.497      -1001.338    0.000  -0.056   0.153   0.
  2017 352  5 14  5 503 352.218119253       7.55     -4.24     -1.91  0.       -5492.288       3656.798      -1003.089    0.000  -0.056   0.153   0.
  2017 352  5 14  6 503 352.218130827       7.59     -4.20     -1.86  0.       -5491.689       3655.098      -1004.839    0.000  -0.056   0.153   0.
  2017 352  5 14  7 503 352.218142402       7.58     -4.26     -1.83  0.       -5491.089       3653.398      -1006.589    0.000  -0.056   0.153   0.
  2017 352  5 14  8 503 352.218153976       7.58     -4.32     -1.83  0.       -5490.488       3651.697      -1008.339    0.000  -0.056   0.153   0.
  2017 352  5 14  9 503 352.218165550       7.53     -4.37     -1.81  0.       -5489.886       3649.995      -1010.089    0.000  -0.056   0.153   0.
  2017 352  5 14 10 503 352.218177124       7.55     -4.42     -1.85  0.       -5489.284       3648.293      -1011.839    0.000  -0.056   0.153   0.
  2017 352  5 14 11 503 352.218188698       7.59     -4.42     -1.85  0.       -5488.681       3646.591      -1013.589    0.000  -0.056   0.153   0.
  2017 352  5 14 12 503 352.218200272       7.65     -4.46     -1.85  0.       -5488.077       3644.888      -1015.339    0.000  -0.056   0.153   0.
  2017 352  5 14 13 503 352.218211846       7.72     -4.53     -1.88  0.       -5487.473       3643.184      -1017.088    0.000  -0.056   0.153   0.
  2017 352  5 14 14 503 352.218223420       7.71     -4.55     -1.89  0.       -5486.867       3641.480      -1018.837    0.000  -0.056   0.153   0.
  2017 352  5 14 15 503 352.218234994       7.71     -4.58     -1.91  0.       -5486.261       3639.776      -1020.586    0.000  -0.056   0.153   0.
  2017 352  5 14 16 503 352.218246568       7.64     -4.64     -1.98  0.       -5485.653       3638.071      -1022.335    0.000  -0.056   0.153   0.
  2017 352  5 14 17 503 352.218258142       7.68     -4.65     -2.08  0.       -5485.045       3636.365      -1024.084    0.000  -0.056   0.153   0.
  2017 352  5 14 18 503 352.218269716       7.72     -4.61     -2.13  0.       -5484.437       3634.659      -1025.833    0.000  -0.056   0.153   0.
  2017 352  5 14 19 503 352.218281291       7.80     -4.62     -2.18  0.       -5483.828       3632.952      -1027.581    0.000  -0.056   0.153   0.
  2017 352  5 14 20 503 352.218292862       7.82     -4.61     -2.24  0.       -5483.217       3631.245      -1029.330    0.000  -0.056   0.153   0.
  2017 352  5 14 21 503 352.218304436       7.83     -4.52     -2.24  0.       -5482.606       3629.538      -1031.078    0.000  -0.056   0.153   0.
  2017 352  5 14 22 503 352.218316010       7.83     -4.52     -2.24  0.       -5481.995       3627.829      -1032.826    0.000  -0.056   0.153   0.
  2017 352  5 14 23 503 352.218327584       7.88     -4.49     -2.20  0.       -5481.382       3626.120      -1034.574    0.000  -0.056   0.153   0.
  2017 352  5 14 24 503 352.218339158       7.91     -4.51     -2.19  0.       -5480.769       3624.411      -1036.322    0.000  -0.055   0.152   0.
  2017 352  5 14 25 503 352.218350732       7.99     -4.49     -2.20  0.       -5480.154       3622.701      -1038.069    0.000  -0.055   0.152   0.
  2017 352  5 14 26 503 352.218362306       8.00     -4.53     -2.18  0.       -5479.539       3620.991      -1039.817    0.000  -0.055   0.152   0.
  2017 352  5 14 27 503 352.218373880       8.06     -4.47     -2.09  0.       -5478.923       3619.280      -1041.564    0.000  -0.055   0.152   0.
  2017 352  5 14 28 503 352.218385454       8.05     -4.49     -2.09  0.       -5478.307       3617.569      -1043.311    0.000  -0.056   0.153   0.
  2017 352  5 14 29 503 352.218397028       8.10     -4.47     -2.07  0.       -5477.689       3615.857      -1045.058    0.000  -0.056   0.153   0.
  2017 352  5 14 30 503 352.218408602       8.09     -4.49     -2.04  0.       -5477.071       3614.144      -1046.805    0.000  -0.056   0.153   0.
  2017 352  5 14 31 503 352.218420177       8.06     -4.48     -1.99  0.       -5476.452       3612.431      -1048.552    0.000  -0.056   0.153   0.
  2017 352  5 14 32 503 352.218431751       8.05     -4.53     -2.00  0.       -5475.832       3610.718      -1050.298    0.000  -0.056   0.153   0.
  2017 352  5 14 33 503 352.218443325       8.09     -4.49     -1.99  0.       -5475.212       3609.004      -1052.045    0.000  -0.056   0.153   0.
  2017 352  5 14 34 503 352.218454899       8.11     -4.47     -1.95  0.       -5474.590       3607.289      -1053.791    0.000  -0.056   0.153   0.
  2017 352  5 14 35 503 352.218466473       8.14     -4.48     -1.95  0.       -5473.968       3605.574      -1055.537    0.000  -0.056   0.153   0.
  2017 352  5 14 36 503 352.218478047       8.14     -4.52     -1.99  0.       -5473.345       3603.859      -1057.283    0.000  -0.056   0.153   0.
  2017 352  5 14 37 503 352.218489621       8.15     -4.50     -2.02  0.       -5472.721       3602.142      -1059.029    0.000  -0.056   0.153   0.
  2017 352  5 14 38 503 352.218501195       8.13     -4.48     -1.98  0.       -5472.097       3600.426      -1060.774    0.000  -0.056   0.153   0.
  2017 352  5 14 39 503 352.218512769       8.11     -4.43     -1.97  0.       -5471.471       3598.708      -1062.520    0.000  -0.056   0.153   0.
  2017 352  5 14 40 503 352.218524343       8.15     -4.39     -2.02  0.       -5470.845       3596.991      -1064.265    0.000  -0.056   0.153   0.
  2017 352  5 14 41 503 352.218535917       8.19     -4.27     -2.07  0.       -5470.218       3595.272      -1066.010    0.000  -0.056   0.153   0.
  2017 352  5 14 42 503 352.218547491       8.26     -4.27     -2.08  0.       -5469.590       3593.554      -1067.755    0.000  -0.056   0.153   0.
  2017 352  5 14 43 503 352.218559065       8.31     -4.25     -2.07  0.       -5468.962       3591.834      -1069.500    0.000  -0.056   0.153   0.
  2017 352  5 14 44 503 352.218570639       8.36     -4.23     -2.06  0.       -5468.332       3590.115      -1071.245    0.000  -0.056   0.153   0.
  2017 352  5 14 45 503 352.218582214       8.30     -4.32     -2.11  0.       -5467.702       3588.394      -1072.989    0.000  -0.056   0.153   0.
  2017 352  5 14 46 503 352.218593788       8.28     -4.26     -2.09  0.       -5467.071       3586.673      -1074.734    0.000  -0.056   0.153   0.
  2017 352  5 14 47 503 352.218605362       8.24     -4.26     -2.15  0.       -5466.439       3584.952      -1076.478    0.000  -0.056   0.153   0.
  2017 352  5 14 48 503 352.218616936       8.25     -4.25     -2.18  0.       -5465.806       3583.230      -1078.222    0.000  -0.055   0.152   0.
  2017 352  5 14 49 503 352.218628510       8.27     -4.22     -2.17  0.       -5465.173       3581.507      -1079.966    0.000  -0.055   0.152   0.
  2017 352  5 14 50 502 352.218640081       8.29     -4.19     -2.15  0.       -5464.539       3579.784      -1081.709    0.000  -0.056   0.153   0.
  2017 352  5 14 51 502 352.218651655       8.33     -4.20     -2.13  0.       -5463.904       3578.061      -1083.453    0.000  -0.056   0.153   0.
  2017 352  5 14 52 502 352.218663229       8.33     -4.20     -2.06  0.       -5463.268       3576.337      -1085.196    0.000  -0.056   0.153   0.
  2017 352  5 14 53 502 352.218674803       8.34     -4.15     -1.97  0.       -5462.631       3574.612      -1086.940    0.000  -0.056   0.153   0.
  2017 352  5 14 54 502 352.218686377       8.39     -4.21     -1.95  0.       -5461.994       3572.887      -1088.683    0.000  -0.056   0.153   0.
  2017 352  5 14 55 503 352.218697951       8.49     -4.23     -1.89  0.       -5461.355       3571.161      -1090.426    0.000  -0.056   0.153   0.
  2017 352  5 14 56 503 352.218709525       8.55     -4.29     -1.83  0.       -5460.716       3569.435      -1092.168    0.000  -0.056   0.153   0.
  2017 352  5 14 57 502 352.218721100       8.60     -4.33     -1.81  0.       -5460.076       3567.708      -1093.911    0.000  -0.056   0.153   0.
  2017 352  5 14 58 502 352.218732674       8.65     -4.35     -1.80  0.       -5459.436       3565.981      -1095.654    0.000  -0.056   0.153   0.
  2017 352  5 14 59 503 352.218744248       8.68     -4.34     -1.76  0.       -5458.794       3564.253      -1097.396    0.000  -0.056   0.153   0.
  2017 352  5 15  0 503 352.218755822       8.71     -4.35     -1.74  0.       -5458.152       3562.525      -1099.138    0.000  -0.056   0.153   0.
  2017 352  5 15  1 503 352.218767396       8.74     -4.32     -1.72  0.       -5457.508       3560.796      -1100.880    0.000  -0.056   0.153   0.
  2017 352  5 15  2 503 352.218778970       8.72     -4.36     -1.74  0.       -5456.865       3559.067      -1102.622    0.000  -0.056   0.153   0.
  2017 352  5 15  3 503 352.218790544       8.76     -4.32     -1.74  0.       -5456.220       3557.337      -1104.363    0.000  -0.056   0.153   0.
  2017 352  5 15  4 502 352.218802118       8.78     -4.32     -1.72  0.       -5455.574       3555.607      -1106.105    0.000  -0.056   0.153   0.
  2017 352  5 15  5 502 352.218813692       8.76     -4.34     -1.75  0.       -5454.928       3553.876      -1107.846    0.000  -0.056   0.153   0.
  2017 352  5 15  6 502 352.218825266       8.75     -4.38     -1.75  0.       -5454.281       3552.144      -1109.587    0.000  -0.056   0.153   0.
  2017 352  5 15  7 502 352.218836840       8.73     -4.37     -1.75  0.       -5453.633       3550.412      -1111.328    0.000  -0.056   0.153   0.
  2017 352  5 15  8 502 352.218848414       8.71     -4.37     -1.72  0.       -5452.984       3548.680      -1113.069    0.000  -0.056   0.153   0.
  2017 352  5 15  9 503 352.218859988       8.75     -4.33     -1.73  0.       -5452.334       3546.947      -1114.809    0.000  -0.056   0.153   0.
  2017 352  5 15 10 502 352.218871562       8.75     -4.37     -1.72  0.       -5451.684       3545.213      -1116.550    0.000  -0.056   0.153   0.
  2017 352  5 15 11 502 352.218883137       8.76     -4.38     -1.71  0.       -5451.033       3543.479      -1118.290    0.000  -0.056   0.153   0.
  2017 352  5 15 12 503 352.218894711       8.75     -4.41     -1.72  0.       -5450.380       3541.744      -1120.030    0.000  -0.056   0.153   0.
  2017 352  5 15 13 503 352.218906285       8.78     -4.36     -1.70  0.       -5449.728       3540.009      -1121.770    0.000  -0.056   0.153   0.
  2017 352  5 15 14 503 352.218917859       8.74     -4.40     -1.77  0.       -5449.074       3538.273      -1123.510    0.000  -0.056   0.153   0.
  2017 352  5 15 15 503 352.218929433       8.78     -4.34     -1.79  0.       -5448.419       3536.537      -1125.250    0.000  -0.056   0.153   0.
  2017 352  5 15 16 503 352.218941007       8.82     -4.32     -1.86  0.       -5447.764       3534.800      -1126.989    0.000  -0.056   0.153   0.
  2017 352  5 15 17 502 352.218952581       8.85     -4.32     -1.90  0.       -5447.108       3533.063      -1128.728    0.000  -0.056   0.153   0.
  2017 352  5 15 18 502 352.218964155       8.89     -4.27     -1.97  0.       -5446.451       3531.325      -1130.467    0.000  -0.056   0.153   0.
  2017 352  5 15 19 502 352.218975729       8.91     -4.19     -2.05  0.       -5445.793       3529.587      -1132.206    0.000  -0.056   0.153   0.
  2017 352  5 15 20 502 352.218987303       8.87     -4.16     -2.14  0.       -5445.135       3527.848      -1133.945    0.000  -0.056   0.153   0.
  2017 352  5 15 21 502 352.218998877       8.85     -4.10     -2.14  0.       -5444.475       3526.109      -1135.684    0.000  -0.056   0.153   0.
  2017 352  5 15 22 503 352.219010449       8.83     -4.06     -2.13  0.       -5443.815       3524.369      -1137.422    0.000  -0.056   0.153   0.
  2017 352  5 15 23 502 352.219022023       8.86     -4.00     -2.13  0.       -5443.154       3522.628      -1139.160    0.000  -0.056   0.153   0.
  2017 352  5 15 24 502 352.219033597       8.86     -3.96     -2.10  0.       -5442.492       3520.887      -1140.899    0.000  -0.056   0.153   0.
  2017 352  5 15 25 502 352.219045171       8.86     -4.01     -2.03  0.       -5441.829       3519.146      -1142.636    0.000  -0.056   0.153   0.
  2017 352  5 15 26 502 352.219056745       8.85     -4.04     -1.84  0.       -5441.166       3517.404      -1144.374    0.000  -0.055   0.152   0.
  2017 352  5 15 27 502 352.219068319       8.85     -4.11     -1.73  0.       -5440.502       3515.661      -1146.112    0.000  -0.055   0.152   0.
  2017 352  5 15 28 502 352.219079893       8.85     -4.08     -1.65  0.       -5439.837       3513.918      -1147.849    0.000  -0.056   0.153   0.
  2017 352  5 15 29 502 352.219091467       8.83     -4.06     -1.69  0.       -5439.171       3512.175      -1149.586    0.000  -0.056   0.153   0.
  2017 352  5 15 30 502 352.219103041       8.92     -3.88     -1.74  0.       -5438.504       3510.430      -1151.323    0.000  -0.056   0.153   0.
  2017 352  5 15 31 502 352.219114615       8.95     -3.81     -1.85  0.       -5437.836       3508.686      -1153.060    0.000  -0.056   0.153   0.
  2017 352  5 15 32 502 352.219126189       9.01     -3.75     -1.91  0.       -5437.168       3506.940      -1154.797    0.000  -0.056   0.153   0.
  2017 352  5 15 33 502 352.219137763       9.08     -3.61     -1.98  0.       -5436.499       3505.195      -1156.533    0.000  -0.056   0.153   0.
  2017 352  5 15 34 502 352.219149337       9.13     -3.50     -2.05  0.       -5435.829       3503.448      -1158.270    0.000  -0.056   0.153   0.
  2017 352  5 15 35 502 352.219160911       9.15     -3.45     -2.12  0.       -5435.158       3501.701      -1160.006    0.000  -0.056   0.153   0.
  2017 352  5 15 36 502 352.219172486       9.15     -3.41     -2.20  0.       -5434.486       3499.954      -1161.742    0.000  -0.056   0.153   0.
  2017 352  5 15 37 502 352.219184060       9.17     -3.38     -2.24  0.       -5433.814       3498.206      -1163.478    0.000  -0.056   0.153   0.
  2017 352  5 15 38 502 352.219195634       9.19     -3.30     -2.31  0.       -5433.140       3496.458      -1165.213    0.000  -0.056   0.153   0.
  2017 352  5 15 39 502 352.219207208       9.25     -3.21     -2.26  0.       -5432.466       3494.709      -1166.949    0.000  -0.056   0.153   0.
  2017 352  5 15 40 502 352.219218782       9.25     -3.08     -2.28  0.       -5431.791       3492.960      -1168.684    0.000  -0.056   0.153   0.
  2017 352  5 15 41 502 352.219230356       9.27     -2.96     -2.27  0.       -5431.116       3491.210      -1170.419    0.000  -0.056   0.153   0.
  2017 352  5 15 42 502 352.219241930       9.28     -2.82     -2.26  0.       -5430.439       3489.459      -1172.154    0.000  -0.056   0.153   0.
  2017 352  5 15 43 502 352.219253504       9.26     -2.70     -2.22  0.       -5429.761       3487.708      -1173.889    0.000  -0.056   0.153   0.
  2017 352  5 15 44 502 352.219265078       9.21     -2.60     -2.21  0.       -5429.083       3485.956      -1175.624    0.000  -0.056   0.153   0.
  2017 352  5 15 45 502 352.219276652       9.17     -2.51     -2.22  0.       -5428.404       3484.204      -1177.358    0.000  -0.056   0.153   0.
  2017 352  5 15 46 502 352.219288226       9.15     -2.39     -2.22  0.       -5427.724       3482.452      -1179.092    0.000  -0.056   0.153   0.
  2017 352  5 15 47 502 352.219299800       9.16     -2.25     -2.20  0.       -5427.044       3480.699      -1180.826    0.000  -0.056   0.153   0.
  2017 352  5 15 48 502 352.219311374       9.12     -2.16     -2.26  0.       -5426.362       3478.945      -1182.560    0.000  -0.056   0.153   0.
  2017 352  5 15 49 502 352.219322948       9.08     -2.05     -2.30  0.       -5425.680       3477.191      -1184.294    0.000  -0.056   0.153   0.
  2017 352  5 15 50 502 352.219334523       8.98     -2.03     -2.44  0.       -5424.996       3475.436      -1186.027    0.000  -0.056   0.153   0.
  2017 352  5 15 51 502 352.219346097       8.88     -2.02     -2.57  0.       -5424.312       3473.681      -1187.761    0.000  -0.056   0.153   0.
  2017 352  5 15 52 502 352.219357668       8.85     -1.98     -2.63  0.       -5423.628       3471.925      -1189.494    0.000  -0.056   0.153   0.
  2017 352  5 15 53 502 352.219369242       8.82     -1.99     -2.71  0.       -5422.942       3470.168      -1191.227    0.000  -0.056   0.153   0.
  2017 352  5 15 54 502 352.219380816       8.80     -2.03     -2.74  0.       -5422.255       3468.412      -1192.959    0.000  -0.056   0.153   0.
  2017 352  5 15 55 502 352.219392390       8.78     -2.05     -2.73  0.       -5421.568       3466.654      -1194.692    0.000  -0.056   0.153   0.
  2017 352  5 15 56 502 352.219403964       8.77     -2.03     -2.75  0.       -5420.880       3464.896      -1196.424    0.000  -0.056   0.153   0.
  2017 352  5 15 57 502 352.219415538       8.76     -2.01     -2.76  0.       -5420.191       3463.138      -1198.156    0.000  -0.056   0.153   0.
  2017 352  5 15 58 502 352.219427112       8.72     -1.98     -2.73  0.       -5419.501       3461.379      -1199.889    0.000  -0.056   0.153   0.
  2017 352  5 15 59 502 352.219438686       8.70     -1.97     -2.71  0.       -5418.810       3459.619      -1201.620    0.000  -0.056   0.153   0.
  2017 352  5 16  0 502 352.219450260       8.64     -1.96     -2.72  0.       -5418.119       3457.860      -1203.352    0.000  -0.056   0.153   0.
  2017 352  5 16  1 502 352.219461835       8.57     -2.00     -2.80  0.       -5417.427       3456.099      -1205.084    0.000  -0.056   0.153   0.
  2017 352  5 16  2 502 352.219473409       8.52     -2.05     -2.80  0.       -5416.733       3454.338      -1206.815    0.000  -0.056   0.153   0.
  2017 352  5 16  3 502 352.219484983       8.45     -2.14     -2.86  0.       -5416.040       3452.576      -1208.546    0.000  -0.056   0.153   0.
  2017 352  5 16  4 502 352.219496557       8.46     -2.10     -2.83  0.       -5415.345       3450.814      -1210.277    0.000  -0.056   0.153   0.
  2017 352  5 16  5 502 352.219508131       8.42     -2.12     -2.88  0.       -5414.649       3449.051      -1212.008    0.000  -0.056   0.153   0.
  2017 352  5 16  6 502 352.219519705       8.42     -2.11     -2.92  0.       -5413.953       3447.288      -1213.738    0.000  -0.056   0.153   0.
  2017 352  5 16  7 502 352.219531279       8.41     -2.06     -2.95  0.       -5413.255       3445.524      -1215.468    0.000  -0.056   0.153   0.
  2017 352  5 16  8 502 352.219542853       8.43     -2.03     -2.94  0.       -5412.557       3443.760      -1217.199    0.000  -0.056   0.153   0.
  2017 352  5 16  9 502 352.219554427       8.46     -2.00     -2.92  0.       -5411.858       3441.995      -1218.929    0.000  -0.056   0.153   0.
  2017 352  5 16 10 502 352.219566001       8.44     -2.03     -2.95  0.       -5411.159       3440.230      -1220.658    0.000  -0.056   0.153   0.
  2017 352  5 16 11 502 352.219577575       8.46     -2.00     -2.92  0.       -5410.458       3438.464      -1222.388    0.000  -0.056   0.153   0.
  2017 352  5 16 12 502 352.219589149       8.51     -1.95     -2.85  0.       -5409.756       3436.697      -1224.117    0.000  -0.056   0.153   0.
  2017 352  5 16 13 502 352.219600723       8.51     -1.98     -2.80  0.       -5409.054       3434.930      -1225.847    0.000  -0.056   0.153   0.
  2017 352  5 16 14 502 352.219612297       8.52     -2.01     -2.78  0.       -5408.351       3433.163      -1227.576    0.000  -0.056   0.153   0.
  2017 352  5 16 15 502 352.219623871       8.48     -2.05     -2.79  0.       -5407.647       3431.395      -1229.305    0.000  -0.056   0.153   0.
  2017 352  5 16 16 502 352.219635446       8.47     -1.98     -2.75  0.       -5406.942       3429.627      -1231.033    0.000  -0.056   0.153   0.
  2017 352  5 16 17 502 352.219647020       8.45     -1.99     -2.73  0.       -5406.237       3427.857      -1232.762    0.000  -0.056   0.153   0.
  2017 352  5 16 18 502 352.219658594       8.43     -2.02     -2.74  0.       -5405.530       3426.088      -1234.490    0.000  -0.056   0.153   0.
  2017 352  5 16 19 502 352.219670168       8.40     -2.00     -2.74  0.       -5404.823       3424.318      -1236.218    0.000  -0.056   0.153   0.
  2017 352  5 16 20 502 352.219681742       8.38     -1.99     -2.77  0.       -5404.115       3422.547      -1237.946    0.000  -0.056   0.153   0.
  2017 352  5 16 21 502 352.219693316       8.37     -2.02     -2.75  0.       -5403.406       3420.776      -1239.674    0.000  -0.056   0.153   0.
  2017 352  5 16 22 502 352.219704888       8.38     -2.06     -2.73  0.       -5402.696       3419.004      -1241.401    0.000  -0.056   0.153   0.
  2017 352  5 16 23 502 352.219716461       8.39     -2.00     -2.75  0.       -5401.986       3417.232      -1243.128    0.000  -0.056   0.153   0.
  2017 352  5 16 24 502 352.219728035       8.35     -1.96     -2.73  0.       -5401.274       3415.459      -1244.856    0.000  -0.056   0.153   0.
  2017 352  5 16 25 502 352.219739609       8.35     -1.93     -2.66  0.       -5400.562       3413.686      -1246.583    0.000  -0.056   0.153   0.
  2017 352  5 16 26 502 352.219751183       8.36     -1.87     -2.60  0.       -5399.849       3411.912      -1248.309    0.000  -0.056   0.153   0.
  2017 352  5 16 27 502 352.219762758       8.37     -1.85     -2.55  0.       -5399.134       3410.138      -1250.036    0.000  -0.056   0.153   0.
  2017 352  5 16 28 502 352.219774332       8.42     -1.87     -2.55  0.       -5398.420       3408.363      -1251.762    0.000  -0.056   0.153   0.
  2017 352  5 16 29 502 352.219785906       8.41     -1.95     -2.60  0.       -5397.704       3406.587      -1253.488    0.000  -0.056   0.153   0.
  2017 352  5 16 30 502 352.219797480       8.40     -1.96     -2.59  0.       -5396.988       3404.812      -1255.214    0.000  -0.056   0.153   0.
  2017 352  5 16 31 502 352.219809054       8.33     -1.96     -2.62  0.       -5396.270       3403.035      -1256.940    0.000  -0.056   0.153   0.
  2017 352  5 16 32 502 352.219820628       8.31     -1.96     -2.59  0.       -5395.552       3401.258      -1258.666    0.000  -0.056   0.153   0.
  2017 352  5 16 33 502 352.219832202       8.37     -1.92     -2.63  0.       -5394.833       3399.481      -1260.391    0.000  -0.056   0.153   0.
  2017 352  5 16 34 502 352.219843776       8.45     -1.92     -2.67  0.       -5394.113       3397.703      -1262.116    0.000  -0.056   0.153   0.
  2017 352  5 16 35 502 352.219855350       8.48     -1.95     -2.64  0.       -5393.392       3395.924      -1263.841    0.000  -0.056   0.153   0.
  2017 352  5 16 36 502 352.219866924       8.50     -2.01     -2.63  0.       -5392.671       3394.145      -1265.566    0.000  -0.056   0.153   0.
  2017 352  5 16 37 502 352.219878498       8.51     -1.97     -2.62  0.       -5391.949       3392.365      -1267.290    0.000  -0.056   0.153   0.
  2017 352  5 16 38 502 352.219890072       8.45     -1.97     -2.62  0.       -5391.225       3390.585      -1269.015    0.000  -0.056   0.153   0.
  2017 352  5 16 39 502 352.219901646       8.44     -1.90     -2.67  0.       -5390.501       3388.804      -1270.739    0.000  -0.056   0.153   0.
  2017 352  5 16 40 502 352.219913220       8.50     -1.87     -2.69  0.       -5389.776       3387.023      -1272.463    0.000  -0.056   0.153   0.
  2017 352  5 16 41 502 352.219924795       8.52     -1.84     -2.71  0.       -5389.050       3385.241      -1274.187    0.000  -0.056   0.153   0.
  2017 352  5 16 42 502 352.219936369       8.51     -1.80     -2.68  0.       -5388.324       3383.459      -1275.910    0.000  -0.056   0.153   0.
  2017 352  5 16 43 502 352.219947943       8.54     -1.74     -2.67  0.       -5387.596       3381.676      -1277.634    0.000  -0.056   0.153   0.
  2017 352  5 16 44 502 352.219959517       8.53     -1.74     -2.67  0.       -5386.868       3379.893      -1279.357    0.000  -0.056   0.153   0.
  2017 352  5 16 45 502 352.219971091       8.58     -1.72     -2.67  0.       -5386.139       3378.109      -1281.080    0.000  -0.056   0.153   0.
  2017 352  5 16 46 502 352.219982665       8.62     -1.67     -2.70  0.       -5385.409       3376.325      -1282.803    0.000  -0.056   0.153   0.
  2017 352  5 16 47 502 352.219994239       8.68     -1.69     -2.70  0.       -5384.678       3374.540      -1284.525    0.000  -0.056   0.153   0.
  2017 352  5 16 48 502 352.220005813       8.71     -1.72     -2.69  0.       -5383.946       3372.754      -1286.247    0.000  -0.056   0.153   0.
  2017 352  5 16 49 502 352.220017387       8.74     -1.75     -2.70  0.       -5383.214       3370.968      -1287.970    0.000  -0.056   0.153   0.
  2017 352  5 16 50 502 352.220028961       8.81     -1.72     -2.66  0.       -5382.481       3369.182      -1289.692    0.000  -0.056   0.153   0.
  2017 352  5 16 51 502 352.220040535       8.87     -1.60     -2.55  0.       -5381.746       3367.394      -1291.413    0.000  -0.056   0.153   0.
  2017 352  5 16 52 502 352.220052107       8.88     -1.60     -2.46  0.       -5381.011       3365.607      -1293.135    0.000  -0.056   0.153   0.
  2017 352  5 16 53 501 352.220063681       8.83     -1.68     -2.46  0.       -5380.275       3363.819      -1294.856    0.000  -0.056   0.153   0.
  2017 352  5 16 54 501 352.220075255       8.84     -1.73     -2.48  0.       -5379.539       3362.030      -1296.577    0.000  -0.056   0.153   0.
  2017 352  5 16 55 502 352.220086829       8.80     -1.75     -2.48  0.       -5378.801       3360.241      -1298.298    0.000  -0.056   0.153   0.
  2017 352  5 16 56 502 352.220098403       8.79     -1.74     -2.47  0.       -5378.063       3358.451      -1300.019    0.000  -0.056   0.153   0.
  2017 352  5 16 57 502 352.220109977       8.84     -1.70     -2.43  0.       -5377.323       3356.661      -1301.739    0.000  -0.056   0.153   0.
  2017 352  5 16 58 502 352.220121551       8.83     -1.68     -2.42  0.       -5376.583       3354.870      -1303.460    0.000  -0.056   0.153   0.
  2017 352  5 16 59 501 352.220133125       8.82     -1.66     -2.38  0.       -5375.842       3353.079      -1305.180    0.000  -0.056   0.153   0.
  2017 352  5 17  0 501 352.220144699       8.82     -1.64     -2.35  0.       -5375.100       3351.287      -1306.900    0.000  -0.056   0.153   0.
  2017 352  5 17  1 501 352.220156273       8.81     -1.59     -2.36  0.       -5374.358       3349.495      -1308.620    0.000  -0.056   0.153   0.
  2017 352  5 17  2 501 352.220167847       8.78     -1.57     -2.33  0.       -5373.614       3347.702      -1310.339    0.000  -0.056   0.153   0.
  2017 352  5 17  3 501 352.220179421       8.78     -1.58     -2.32  0.       -5372.870       3345.908      -1312.058    0.000  -0.056   0.153   0.
  2017 352  5 17  4 502 352.220190995       8.70     -1.62     -2.34  0.       -5372.124       3344.114      -1313.777    0.000  -0.056   0.153   0.
  2017 352  5 17  5 502 352.220202569       8.69     -1.67     -2.34  0.       -5371.378       3342.320      -1315.496    0.000  -0.056   0.153   0.
  2017 352  5 17  6 501 352.220214144       8.65     -1.72     -2.43  0.       -5370.631       3340.525      -1317.215    0.000  -0.056   0.153   0.
  2017 352  5 17  7 501 352.220225718       8.62     -1.75     -2.45  0.       -5369.884       3338.729      -1318.933    0.000  -0.056   0.153   0.
  2017 352  5 17  8 502 352.220237292       8.63     -1.74     -2.44  0.       -5369.135       3336.933      -1320.651    0.000  -0.056   0.153   0.
  2017 352  5 17  9 502 352.220248866       8.64     -1.76     -2.42  0.       -5368.385       3335.136      -1322.370    0.000  -0.056   0.153   0.
  2017 352  5 17 10 502 352.220260440       8.61     -1.73     -2.41  0.       -5367.635       3333.339      -1324.087    0.000  -0.056   0.153   0.
  2017 352  5 17 11 502 352.220272014       8.58     -1.75     -2.43  0.       -5366.884       3331.542      -1325.805    0.000  -0.056   0.153   0.
  2017 352  5 17 12 502 352.220283588       8.54     -1.73     -2.44  0.       -5366.132       3329.743      -1327.522    0.000  -0.056   0.153   0.
  2017 352  5 17 13 501 352.220295162       8.55     -1.67     -2.41  0.       -5365.379       3327.945      -1329.240    0.000  -0.056   0.153   0.
  2017 352  5 17 14 501 352.220306736       8.53     -1.62     -2.43  0.       -5364.625       3326.145      -1330.956    0.000  -0.056   0.153   0.
  2017 352  5 17 15 501 352.220318310       8.57     -1.58     -2.45  0.       -5363.870       3324.345      -1332.673    0.000  -0.056   0.153   0.
  2017 352  5 17 16 501 352.220329884       8.61     -1.54     -2.43  0.       -5363.115       3322.545      -1334.390    0.000  -0.056   0.153   0.
  2017 352  5 17 17 501 352.220341458       8.67     -1.53     -2.42  0.       -5362.358       3320.744      -1336.106    0.000  -0.056   0.153   0.
  2017 352  5 17 18 502 352.220353032       8.66     -1.53     -2.41  0.       -5361.601       3318.943      -1337.822    0.000  -0.056   0.153   0.
  2017 352  5 17 19 502 352.220364606       8.63     -1.53     -2.38  0.       -5360.843       3317.141      -1339.538    0.000  -0.056   0.153   0.
  2017 352  5 17 20 501 352.220376181       8.67     -1.54     -2.36  0.       -5360.084       3315.338      -1341.254    0.000  -0.056   0.153   0.
  2017 352  5 17 21 501 352.220387755       8.71     -1.59     -2.37  0.       -5359.324       3313.536      -1342.969    0.000  -0.056   0.153   0.
  2017 352  5 17 22 502 352.220399327       8.73     -1.62     -2.38  0.       -5358.564       3311.732      -1344.684    0.000  -0.056   0.153   0.
  2017 352  5 17 23 501 352.220410900       8.74     -1.68     -2.40  0.       -5357.802       3309.928      -1346.399    0.000  -0.056   0.153   0.
  2017 352  5 17 24 501 352.220422474       8.75     -1.66     -2.40  0.       -5357.040       3308.123      -1348.114    0.000  -0.056   0.153   0.
  2017 352  5 17 25 501 352.220434048       8.79     -1.62     -2.33  0.       -5356.277       3306.318      -1349.829    0.000  -0.056   0.153   0.
  2017 352  5 17 26 501 352.220445622       8.81     -1.61     -2.29  0.       -5355.513       3304.513      -1351.543    0.000  -0.056   0.153   0.
  2017 352  5 17 27 501 352.220457196       8.81     -1.59     -2.29  0.       -5354.748       3302.706      -1353.257    0.000  -0.056   0.153   0.
  2017 352  5 17 28 501 352.220468770       8.75     -1.63     -2.30  0.       -5353.982       3300.900      -1354.971    0.000  -0.056   0.153   0.
  2017 352  5 17 29 501 352.220480344       8.68     -1.64     -2.30  0.       -5353.215       3299.093      -1356.685    0.000  -0.056   0.153   0.
  2017 352  5 17 30 501 352.220491918       8.64     -1.64     -2.36  0.       -5352.448       3297.285      -1358.399    0.000  -0.056   0.153   0.
  2017 352  5 17 31 501 352.220503492       8.66     -1.60     -2.37  0.       -5351.679       3295.476      -1360.112    0.000  -0.056   0.153   0.
  2017 352  5 17 32 501 352.220515067       8.68     -1.55     -2.34  0.       -5350.910       3293.668      -1361.825    0.000  -0.056   0.153   0.
  2017 352  5 17 33 501 352.220526641       8.63     -1.52     -2.36  0.       -5350.140       3291.858      -1363.538    0.000  -0.056   0.153   0.
  2017 352  5 17 34 501 352.220538215       8.60     -1.48     -2.31  0.       -5349.369       3290.048      -1365.250    0.000  -0.056   0.153   0.
  2017 352  5 17 35 501 352.220549789       8.55     -1.45     -2.28  0.       -5348.597       3288.238      -1366.963    0.000  -0.056   0.153   0.
  2017 352  5 17 36 501 352.220561363       8.50     -1.50     -2.22  0.       -5347.824       3286.427      -1368.675    0.000  -0.056   0.153   0.
  2017 352  5 17 37 501 352.220572937       8.44     -1.46     -2.18  0.       -5347.051       3284.616      -1370.387    0.000  -0.056   0.153   0.
  2017 352  5 17 38 501 352.220584511       8.45     -1.39     -2.09  0.       -5346.277       3282.804      -1372.099    0.000  -0.056   0.153   0.
  2017 352  5 17 39 501 352.220596085       8.41     -1.41     -2.10  0.       -5345.501       3280.991      -1373.810    0.000  -0.056   0.153   0.
  2017 352  5 17 40 501 352.220607659       8.39     -1.43     -2.12  0.       -5344.725       3279.178      -1375.521    0.000  -0.056   0.153   0.
  2017 352  5 17 41 501 352.220619233       8.41     -1.46     -2.16  0.       -5343.948       3277.364      -1377.232    0.000  -0.056   0.153   0.
  2017 352  5 17 42 501 352.220630807       8.43     -1.43     -2.15  0.       -5343.170       3275.550      -1378.943    0.000  -0.056   0.153   0.
  2017 352  5 17 43 501 352.220642381       8.44     -1.46     -2.12  0.       -5342.391       3273.736      -1380.654    0.000  -0.056   0.153   0.
  2017 352  5 17 44 501 352.220653955       8.42     -1.49     -2.08  0.       -5341.612       3271.920      -1382.364    0.000  -0.056   0.153   0.
  2017 352  5 17 45 501 352.220665529       8.42     -1.41     -2.03  0.       -5340.831       3270.105      -1384.074    0.000  -0.056   0.153   0.
  2017 352  5 17 46 501 352.220677104       8.43     -1.35     -2.01  0.       -5340.050       3268.288      -1385.784    0.000  -0.056   0.153   0.
  2017 352  5 17 47 501 352.220688678       8.38     -1.37     -2.03  0.       -5339.268       3266.472      -1387.494    0.000  -0.056   0.153   0.
  2017 352  5 17 48 501 352.220700252       8.40     -1.35     -2.02  0.       -5338.485       3264.654      -1389.204    0.000  -0.056   0.153   0.
  2017 352  5 17 49 501 352.220711826       8.41     -1.33     -2.04  0.       -5337.701       3262.836      -1390.913    0.000  -0.056   0.153   0.
  2017 352  5 17 50 501 352.220723400       8.39     -1.34     -2.04  0.       -5336.916       3261.018      -1392.622    0.000  -0.056   0.153   0.
  2017 352  5 17 51 501 352.220734974       8.39     -1.26     -2.01  0.       -5336.130       3259.199      -1394.331    0.000  -0.056   0.153   0.
  2017 352  5 17 52 501 352.220746545       8.38     -1.20     -1.99  0.       -5335.344       3257.380      -1396.039    0.000  -0.056   0.153   0.
  2017 352  5 17 53 501 352.220758119       8.36     -1.18     -1.92  0.       -5334.556       3255.560      -1397.748    0.000  -0.056   0.153   0.
  2017 352  5 17 54 501 352.220769693       8.35     -1.12     -1.91  0.       -5333.768       3253.739      -1399.456    0.000  -0.056   0.153   0.
  2017 352  5 17 55 501 352.220781267       8.34     -1.08     -1.85  0.       -5332.979       3251.918      -1401.164    0.000  -0.056   0.153   0.
  2017 352  5 17 56 501 352.220792841       8.31     -1.03     -1.83  0.       -5332.189       3250.097      -1402.871    0.000  -0.056   0.153   0.
  2017 352  5 17 57 501 352.220804416       8.27     -0.96     -1.85  0.       -5331.398       3248.274      -1404.579    0.000  -0.056   0.153   0.
  2017 352  5 17 58 501 352.220815990       8.29     -0.90     -1.82  0.       -5330.606       3246.452      -1406.286    0.000  -0.056   0.153   0.
  2017 352  5 17 59 501 352.220827564       8.28     -0.83     -1.79  0.       -5329.814       3244.628      -1407.993    0.000  -0.056   0.153   0.
  2017 352  5 18  0 501 352.220839138       8.25     -0.83     -1.79  0.       -5329.020       3242.805      -1409.700    0.000  -0.056   0.153   0.
  2017 352  5 18  1 501 352.220850712       8.24     -0.80     -1.78  0.       -5328.226       3240.980      -1411.406    0.000  -0.056   0.153   0.
  2017 352  5 18  2 501 352.220862286       8.26     -0.74     -1.75  0.       -5327.430       3239.156      -1413.112    0.000  -0.056   0.153   0.
  2017 352  5 18  3 501 352.220873860       8.26     -0.75     -1.74  0.       -5326.634       3237.331      -1414.819    0.000  -0.056   0.153   0.
  2017 352  5 18  4 501 352.220885434       8.25     -0.72     -1.69  0.       -5325.837       3235.505      -1416.524    0.000  -0.056   0.153   0.
  2017 352  5 18  5 501 352.220897008       8.20     -0.69     -1.66  0.       -5325.039       3233.679      -1418.230    0.000  -0.056   0.153   0.
  2017 352  5 18  6 501 352.220908582       8.14     -0.55     -1.64  0.       -5324.241       3231.852      -1419.935    0.000  -0.056   0.153   0.
  2017 352  5 18  7 501 352.220920156       8.11     -0.49     -1.59  0.       -5323.441       3230.024      -1421.640    0.000  -0.056   0.153   0.
  2017 352  5 18  8 501 352.220931730       8.14     -0.45     -1.55  0.       -5322.641       3228.196      -1423.345    0.000  -0.056   0.153   0.
  2017 352  5 18  9 501 352.220943304       8.15     -0.36     -1.57  0.       -5321.839       3226.368      -1425.050    0.000  -0.056   0.153   0.
  2017 352  5 18 10 501 352.220954879       8.14     -0.36     -1.65  0.       -5321.037       3224.539      -1426.754    0.000  -0.056   0.153   0.
  2017 352  5 18 11 501 352.220966452       8.11     -0.21     -1.67  0.       -5320.234       3222.709      -1428.459    0.000  -0.056   0.153   0.
  2017 352  5 18 12 501 352.220978027       8.03     -0.21     -1.69  0.       -5319.430       3220.879      -1430.162    0.000  -0.056   0.153   0.
  2017 352  5 18 13 501 352.220989601       8.01     -0.14     -1.70  0.       -5318.625       3219.049      -1431.866    0.000  -0.056   0.153   0.
  2017 352  5 18 14 501 352.221001175       7.98     -0.11     -1.70  0.       -5317.819       3217.218      -1433.570    0.000  -0.056   0.153   0.
  2017 352  5 18 15 501 352.221012749       8.02      0.03     -1.68  0.       -5317.013       3215.386      -1435.273    0.000  -0.056   0.153   0.
  2017 352  5 18 16 501 352.221024323       7.97      0.22     -1.66  0.       -5316.205       3213.554      -1436.976    0.000  -0.056   0.153   0.
  2017 352  5 18 17 501 352.221035897       7.98      0.35     -1.56  0.       -5315.397       3211.721      -1438.679    0.000  -0.056   0.153   0.
  2017 352  5 18 18 501 352.221047471       7.98      0.24     -1.49  0.       -5314.588       3209.888      -1440.381    0.000  -0.056   0.153   0.
  2017 352  5 18 19 501 352.221059045       7.95     -0.03     -1.34  0.       -5313.777       3208.054      -1442.083    0.000  -0.056   0.153   0.
  2017 352  5 18 20 501 352.221070619       7.86     -0.09     -1.28  0.       -5312.966       3206.220      -1443.785    0.000  -0.056   0.153   0.
  2017 352  5 18 21 501 352.221082193       7.79     -0.05     -1.23  0.       -5312.155       3204.385      -1445.487    0.000  -0.056   0.153   0.
  2017 352  5 18 22 501 352.221093767       7.79     -0.01     -1.24  0.       -5311.342       3202.549      -1447.189    0.000  -0.056   0.153   0.
  2017 352  5 18 23 501 352.221105341       7.76      0.04     -1.12  0.       -5310.528       3200.714      -1448.890    0.000  -0.056   0.153   0.
  2017 352  5 18 24 501 352.221116913       7.70     -0.04     -0.87  0.       -5309.714       3198.877      -1450.591    0.000  -0.056   0.153   0.
  2017 352  5 18 25 501 352.221128487       7.66     -0.10     -0.64  0.       -5308.898       3197.040      -1452.292    0.000  -0.056   0.153   0.
  2017 352  5 18 26 501 352.221140061       7.66     -0.09     -0.52  0.       -5308.082       3195.203      -1453.993    0.000  -0.056   0.153   0.
  2017 352  5 18 27 501 352.221151635       7.60     -0.22     -0.33  0.       -5307.265       3193.365      -1455.693    0.000  -0.056   0.153   0.
  2017 352  5 18 28 501 352.221163209       7.57     -0.30     -0.31  0.       -5306.447       3191.526      -1457.393    0.000  -0.056   0.153   0.
  2017 352  5 18 29 501 352.221174783       7.48     -0.39     -0.21  0.       -5305.628       3189.687      -1459.093    0.000  -0.056   0.153   0.
  2017 352  5 18 30 501 352.221186357       7.40     -0.41     -0.19  0.       -5304.808       3187.848      -1460.792    0.000  -0.056   0.153   0.
  2017 352  5 18 31 501 352.221197931       7.46     -0.33     -0.24  0.       -5303.987       3186.007      -1462.492    0.000  -0.056   0.153   0.
  2017 352  5 18 32 501 352.221209505       7.50     -0.29     -0.26  0.       -5303.166       3184.167      -1464.191    0.000  -0.056   0.153   0.
  2017 352  5 18 33 501 352.221221079       7.49     -0.24     -0.30  0.       -5302.343       3182.325      -1465.890    0.000  -0.056   0.153   0.
  2017 352  5 18 34 501 352.221232653       7.52     -0.30     -0.28  0.       -5301.520       3180.484      -1467.589    0.000  -0.056   0.153   0.
  2017 352  5 18 35 501 352.221244227       7.60     -0.44     -0.19  0.       -5300.695       3178.641      -1469.287    0.000  -0.056   0.153   0.
  2017 352  5 18 36 501 352.221255802       7.67     -0.68     -0.10  0.       -5299.870       3176.799      -1470.985    0.000  -0.056   0.153   0.
  2017 352  5 18 37 501 352.221267376       7.76     -0.88     -0.08  0.       -5299.044       3174.955      -1472.683    0.000  -0.056   0.153   0.
  2017 352  5 18 38 501 352.221278950       7.74     -0.99      0.03  0.       -5298.217       3173.111      -1474.381    0.000  -0.056   0.153   0.
  2017 352  5 18 39 501 352.221290524       7.62     -1.09      0.02  0.       -5297.390       3171.267      -1476.078    0.000  -0.056   0.153   0.
  2017 352  5 18 40 501 352.221302098       7.59     -1.06     -0.05  0.       -5296.561       3169.422      -1477.775    0.000  -0.056   0.153   0.
  2017 352  5 18 41 501 352.221313672       7.62     -1.00     -0.05  0.       -5295.731       3167.577      -1479.472    0.000  -0.056   0.153   0.
  2017 352  5 18 42 501 352.221325246       7.60     -1.01     -0.04  0.       -5294.901       3165.731      -1481.168    0.000  -0.056   0.153   0.
  2017 352  5 18 43 501 352.221336820       7.53     -0.90     -0.15  0.       -5294.070       3163.884      -1482.865    0.000  -0.056   0.153   0.
  2017 352  5 18 44 501 352.221348394       7.47     -0.88     -0.23  0.       -5293.237       3162.037      -1484.562    0.000  -0.056   0.153   0.
  2017 352  5 18 45 501 352.221359968       7.45     -0.85     -0.31  0.       -5292.404       3160.189      -1486.257    0.000  -0.056   0.153   0.
  2017 352  5 18 46 501 352.221371542       7.40     -0.83     -0.38  0.       -5291.570       3158.341      -1487.953    0.000  -0.056   0.153   0.
  2017 352  5 18 47 501 352.221383116       7.45     -0.78     -0.34  0.       -5290.735       3156.493      -1489.648    0.000  -0.056   0.153   0.
  2017 352  5 18 48 501 352.221394690       7.48     -0.81     -0.36  0.       -5289.900       3154.643      -1491.343    0.000  -0.056   0.153   0.
  2017 352  5 18 49 501 352.221406264       7.41     -0.83     -0.41  0.       -5289.063       3152.794      -1493.038    0.000  -0.056   0.153   0.
  2017 352  5 18 50 501 352.221417839       7.39     -0.79     -0.39  0.       -5288.225       3150.944      -1494.733    0.000  -0.056   0.153   0.
  2017 352  5 18 51 501 352.221429413       7.38     -0.73     -0.38  0.       -5287.387       3149.093      -1496.427    0.000  -0.056   0.153   0.
  2017 352  5 18 52 501 352.221440987       7.31     -0.64     -0.48  0.       -5286.548       3147.241      -1498.122    0.000  -0.056   0.153   0.
  2017 352  5 18 53 501 352.221452561       7.21     -0.60     -0.51  0.       -5285.707       3145.390      -1499.815    0.000  -0.056   0.153   0.
  2017 352  5 18 54 501 352.221464132       7.20     -0.53     -0.54  0.       -5284.866       3143.537      -1501.509    0.000  -0.056   0.153   0.
  2017 352  5 18 55 500 352.221475706       7.20     -0.49     -0.50  0.       -5284.024       3141.684      -1503.203    0.000  -0.056   0.153   0.
  2017 352  5 18 56 500 352.221487280       7.16     -0.48     -0.49  0.       -5283.181       3139.831      -1504.896    0.000  -0.056   0.153   0.
  2017 352  5 18 57 500 352.221498854       7.12     -0.45     -0.47  0.       -5282.338       3137.977      -1506.588    0.000  -0.056   0.153   0.
  2017 352  5 18 58 500 352.221510428       7.08     -0.47     -0.52  0.       -5281.493       3136.123      -1508.281    0.000  -0.056   0.153   0.
  2017 352  5 18 59 500 352.221522002       7.05     -0.45     -0.50  0.       -5280.647       3134.268      -1509.973    0.000  -0.056   0.153   0.
  2017 352  5 19  0 501 352.221533576       7.05     -0.41     -0.48  0.       -5279.801       3132.412      -1511.666    0.000  -0.056   0.153   0.
  2017 352  5 19  1 501 352.221545150       7.02     -0.40     -0.43  0.       -5278.954       3130.556      -1513.357    0.000  -0.056   0.153   0.
  2017 352  5 19  2 500 352.221556725       6.97     -0.36     -0.46  0.       -5278.105       3128.699      -1515.049    0.000  -0.056   0.153   0.
  2017 352  5 19  3 500 352.221568299       6.94     -0.29     -0.36  0.       -5277.256       3126.842      -1516.740    0.000  -0.056   0.153   0.
  2017 352  5 19  4 501 352.221579873       6.85     -0.30     -0.34  0.       -5276.406       3124.985      -1518.431    0.000  -0.056   0.153   0.
  2017 352  5 19  5 501 352.221591447       6.88     -0.27     -0.30  0.       -5275.555       3123.126      -1520.122    0.000  -0.056   0.153   0.
  2017 352  5 19  6 501 352.221603021       6.84     -0.27     -0.30  0.       -5274.703       3121.268      -1521.813    0.000  -0.056   0.153   0.
  2017 352  5 19  7 501 352.221614595       6.83     -0.28     -0.30  0.       -5273.851       3119.408      -1523.503    0.000  -0.056   0.153   0.
  2017 352  5 19  8 501 352.221626169       6.88     -0.29     -0.30  0.       -5272.997       3117.549      -1525.193    0.000  -0.056   0.153   0.
  2017 352  5 19  9 500 352.221637743       6.92     -0.27     -0.23  0.       -5272.142       3115.688      -1526.883    0.000  -0.056   0.153   0.
  2017 352  5 19 10 500 352.221649317       7.01     -0.27     -0.21  0.       -5271.287       3113.827      -1528.572    0.000  -0.056   0.153   0.
  2017 352  5 19 11 500 352.221660891       7.08     -0.24     -0.12  0.       -5270.431       3111.966      -1530.262    0.000  -0.056   0.153   0.
  2017 352  5 19 12 500 352.221672465       7.12     -0.26      0.07  0.       -5269.573       3110.104      -1531.951    0.000  -0.056   0.153   0.
  2017 352  5 19 13 500 352.221684039       7.16     -0.29      0.23  0.       -5268.715       3108.242      -1533.639    0.000  -0.056   0.153   0.
  2017 352  5 19 14 501 352.221695613       7.16     -0.32      0.49  0.       -5267.856       3106.379      -1535.328    0.000  -0.056   0.153   0.
  2017 352  5 19 15 500 352.221707187       7.13     -0.33      0.71  0.       -5266.996       3104.515      -1537.016    0.000  -0.056   0.153   0.
  2017 352  5 19 16 500 352.221718762       7.09     -0.35      0.83  0.       -5266.135       3102.651      -1538.704    0.000  -0.056   0.153   0.
  2017 352  5 19 17 500 352.221730336       6.96     -0.42      0.91  0.       -5265.274       3100.787      -1540.392    0.000  -0.056   0.153   0.
  2017 352  5 19 18 501 352.221741910       6.87     -0.49      1.06  0.       -5264.411       3098.921      -1542.079    0.000  -0.056   0.153   0.
  2017 352  5 19 19 501 352.221753484       6.84     -0.53      1.07  0.       -5263.547       3097.056      -1543.766    0.000  -0.056   0.153   0.
  2017 352  5 19 20 501 352.221765058       6.88     -0.50      1.03  0.       -5262.683       3095.190      -1545.453    0.000  -0.056   0.153   0.
  2017 352  5 19 21 501 352.221776632       6.98     -0.48      1.02  0.       -5261.818       3093.323      -1547.140    0.000  -0.056   0.153   0.
  2017 352  5 19 22 500 352.221788206       7.00     -0.49      0.97  0.       -5260.952       3091.456      -1548.826    0.000  -0.056   0.153   0.
  2017 352  5 19 23 500 352.221799780       7.00     -0.45      0.92  0.       -5260.084       3089.588      -1550.512    0.000  -0.056   0.153   0.
  2017 352  5 19 24 500 352.221811352       7.00     -0.43      0.88  0.       -5259.216       3087.720      -1552.198    0.000  -0.056   0.153   0.
  2017 352  5 19 25 500 352.221822925       7.02     -0.41      0.86  0.       -5258.347       3085.851      -1553.884    0.000  -0.056   0.153   0.
  2017 352  5 19 26 500 352.221834499       7.01     -0.39      0.86  0.       -5257.478       3083.982      -1555.569    0.000  -0.055   0.152   0.
  2017 352  5 19 27 500 352.221846073       7.02     -0.36      0.86  0.       -5256.607       3082.112      -1557.254    0.000  -0.055   0.152   0.
  2017 352  5 19 28 500 352.221857648       7.06     -0.38      0.87  0.       -5255.735       3080.241      -1558.939    0.000  -0.055   0.152   0.
  2017 352  5 19 29 500 352.221869222       7.09     -0.37      0.86  0.       -5254.863       3078.370      -1560.623    0.000  -0.055   0.152   0.
  2017 352  5 19 30 500 352.221880796       7.08     -0.33      0.80  0.       -5253.989       3076.499      -1562.307    0.000  -0.055   0.152   0.
  2017 352  5 19 31 500 352.221892370       7.07     -0.30      0.77  0.       -5253.115       3074.627      -1563.991    0.000  -0.055   0.152   0.
  2017 352  5 19 32 500 352.221903944       7.11     -0.24      0.76  0.       -5252.240       3072.754      -1565.675    0.000  -0.055   0.152   0.
  2017 352  5 19 33 500 352.221915518       7.14     -0.23      0.75  0.       -5251.363       3070.881      -1567.358    0.000  -0.055   0.152   0.
  2017 352  5 19 34 500 352.221927092       7.17     -0.18      0.75  0.       -5250.486       3069.008      -1569.041    0.000  -0.055   0.152   0.
  2017 352  5 19 35 500 352.221938666       7.21     -0.11      0.72  0.       -5249.608       3067.134      -1570.724    0.000  -0.055   0.152   0.
  2017 352  5 19 36 500 352.221950240       7.22     -0.10      0.69  0.       -5248.729       3065.259      -1572.407    0.000  -0.055   0.151   0.
  2017 352  5 19 37 500 352.221961814       7.22     -0.09      0.69  0.       -5247.849       3063.384      -1574.089    0.000  -0.055   0.151   0.
  2017 352  5 19 38 500 352.221973388       7.21     -0.07      0.67  0.       -5246.969       3061.508      -1575.771    0.000  -0.055   0.151   0.
  2017 352  5 19 39 500 352.221984962       7.21     -0.02      0.58  0.       -5246.087       3059.632      -1577.453    0.000  -0.055   0.151   0.
  2017 352  5 19 40 500 352.221996536       7.22      0.07      0.55  0.       -5245.205       3057.755      -1579.135    0.000  -0.055   0.151   0.
  2017 352  5 19 41 500 352.222008111       7.23      0.13      0.53  0.       -5244.321       3055.878      -1580.816    0.000  -0.055   0.151   0.
  2017 352  5 19 42 500 352.222019685       7.18      0.11      0.44  0.       -5243.437       3054.000      -1582.497    0.000  -0.054   0.149   0.
  2017 352  5 19 43 500 352.222031259       7.16      0.22      0.42  0.       -5242.552       3052.122      -1584.177    0.000  -0.054   0.149   0.
  2017 352  5 19 44 500 352.222042833       7.07      0.29      0.41  0.       -5241.666       3050.243      -1585.858    0.000  -0.054   0.147   0.
  2017 352  5 19 45 500 352.222054407       6.92      0.32      0.42  0.       -5240.779       3048.363      -1587.538    0.000  -0.054   0.147   0.
  2017 352  5 19 46 500 352.222065981       6.85      0.37      0.43  0.       -5239.891       3046.483      -1589.218    0.000  -0.053   0.145   0.
  2017 352  5 19 47 500 352.222077555       6.88      0.37      0.52  0.       -5239.002       3044.603      -1590.897    0.000  -0.053   0.145   0.
  2017 352  5 19 48 500 352.222089129       6.89      0.37      0.58  0.       -5238.112       3042.722      -1592.576    0.000  -0.052   0.142   0.
  2017 352  5 19 49 500 352.222100703       6.85      0.40      0.61  0.       -5237.221       3040.840      -1594.255    0.000  -0.052   0.142   0.
  2017 352  5 19 50 500 352.222112277       6.84      0.39      0.61  0.       -5236.329       3038.958      -1595.934    0.000  -0.050   0.139   0.
  2017 352  5 19 51 500 352.222123851       6.86      0.38      0.60  0.       -5235.437       3037.076      -1597.613    0.000  -0.050   0.138   0.
  2017 352  5 19 52 500 352.222135425       6.88      0.43      0.66  0.       -5234.543       3035.193      -1599.291    0.000  -0.049   0.135   0.
  2017 352  5 19 53 500 352.222146999       6.85      0.44      0.60  0.       -5233.649       3033.309      -1600.969    0.000  -0.049   0.135   0.
  2017 352  5 19 54 500 352.222158571       6.82      0.46      0.52  0.       -5232.754       3031.425      -1602.646    0.000  -0.048   0.132   0.
  2017 352  5 19 55 500 352.222170145       6.83      0.46      0.50  0.       -5231.858       3029.540      -1604.324    0.000  -0.048   0.131   0.
  2017 352  5 19 56 500 352.222181719       6.86      0.52      0.52  0.       -5230.961       3027.655      -1606.001    0.000  -0.046   0.128   0.
  2017 352  5 19 57 500 352.222193293       6.92      0.61      0.62  0.       -5230.062       3025.769      -1607.677    0.000  -0.046   0.128   0.
  2017 352  5 19 58 500 352.222204867       6.94      0.62      0.61  0.       -5229.163       3023.883      -1609.354    0.000  -0.045   0.125   0.
  2017 352  5 19 59 500 352.222216441       6.93      0.65      0.65  0.       -5228.264       3021.996      -1611.030    0.000  -0.045   0.124   0.
  2017 352  5 20  0 500 352.222228015       6.83      0.70      0.64  0.       -5227.363       3020.109      -1612.706    0.000  -0.044   0.121   0.
  2017 352  5 20  1 500 352.222239589       6.75      0.69      0.66  0.       -5226.461       3018.221      -1614.382    0.000  -0.044   0.121   0.
  2017 352  5 20  2 500 352.222251163       6.74      0.73      0.72  0.       -5225.559       3016.332      -1616.057    0.000  -0.043   0.119   0.
  2017 352  5 20  3 500 352.222262737       6.74      0.75      0.77  0.       -5224.655       3014.443      -1617.732    0.000  -0.043   0.119   0.
  2017 352  5 20  4 500 352.222274311       6.75      0.79      0.81  0.       -5223.750       3012.554      -1619.407    0.000  -0.042   0.116   0.
  2017 352  5 20  5 500 352.222285885       6.76      0.81      0.87  0.       -5222.845       3010.664      -1621.081    0.000  -0.042   0.116   0.
  2017 352  5 20  6 500 352.222297459       6.72      0.82      0.88  0.       -5221.939       3008.773      -1622.755    0.000  -0.041   0.113   0.
  2017 352  5 20  7 500 352.222309034       6.68      0.87      0.87  0.       -5221.032       3006.882      -1624.429    0.000  -0.041   0.113   0.
  2017 352  5 20  8 500 352.222320608       6.67      0.89      0.90  0.       -5220.124       3004.990      -1626.103    0.000  -0.040   0.110   0.
  2017 352  5 20  9 500 352.222332182       6.63      0.86      0.91  0.       -5219.214       3003.098      -1627.776    0.000  -0.040   0.110   0.
  2017 352  5 20 10 500 352.222343756       6.62      0.90      0.94  0.       -5218.304       3001.206      -1629.449    0.000  -0.038   0.107   0.
  2017 352  5 20 11 500 352.222355330       6.58      0.90      0.93  0.       -5217.394       2999.312      -1631.122    0.000  -0.038   0.106   0.
  2017 352  5 20 12 500 352.222366904       6.58      0.93      0.96  0.       -5216.482       2997.419      -1632.794    0.000  -0.037   0.102   0.
  2017 352  5 20 13 500 352.222378478       6.52      0.99      1.00  0.       -5215.569       2995.524      -1634.467    0.000  -0.037   0.101   0.
  2017 352  5 20 14 500 352.222390052       6.48      1.00      0.94  0.       -5214.655       2993.630      -1636.139    0.000  -0.035   0.097   0.
  2017 352  5 20 15 500 352.222401626       6.49      1.07      0.91  0.       -5213.741       2991.734      -1637.810    0.000  -0.035   0.096   0.
  2017 352  5 20 16 500 352.222413200       6.44      1.02      0.92  0.       -5212.825       2989.839      -1639.481    0.000  -0.033   0.091   0.
  2017 352  5 20 17 500 352.222424774       6.39      1.00      0.82  0.       -5211.909       2987.942      -1641.153    0.000  -0.033   0.090   0.
  2017 352  5 20 18 500 352.222436348       6.41      1.06      0.74  0.       -5210.992       2986.045      -1642.823    0.000  -0.031   0.085   0.
  2017 352  5 20 19 500 352.222447922       6.42      1.08      0.74  0.       -5210.073       2984.148      -1644.494    0.000  -0.031   0.084   0.
  2017 352  5 20 20 500 352.222459497       6.35      1.08      0.78  0.       -5209.154       2982.250      -1646.164    0.000  -0.028   0.078   0.
  2017 352  5 20 21 500 352.222471071       6.35      1.16      0.80  0.       -5208.234       2980.351      -1647.834    0.000  -0.028   0.077   0.
  2017 352  5 20 22 500 352.222482645       6.36      1.17      0.87  0.       -5207.313       2978.452      -1649.503    0.000  -0.026   0.071   0.
  2017 352  5 20 23 500 352.222494219       6.30      1.17      0.88  0.       -5206.391       2976.553      -1651.172    0.000  -0.026   0.070   0.
  2017 352  5 20 24 500 352.222505790       6.25      1.21      0.87  0.       -5205.468       2974.653      -1652.841    0.000  -0.023   0.064   0.
  2017 352  5 20 25 500 352.222517364       6.21      1.23      0.81  0.       -5204.544       2972.752      -1654.510    0.000  -0.023   0.063   0.
  2017 352  5 20 26 500 352.222528938       6.22      1.30      0.82  0.       -5203.620       2970.851      -1656.178    0.000  -0.020   0.055   0.
  2017 352  5 20 27 500 352.222540512       6.21      1.26      0.80  0.       -5202.694       2968.949      -1657.847    0.000  -0.020   0.054   0.
  2017 352  5 20 28 500 352.222552086       6.26      1.30      0.82  0.       -5201.767       2967.047      -1659.514    0.000  -0.017   0.047   0.
  2017 352  5 20 29 500 352.222563660       6.31      1.33      0.80  0.       -5200.840       2965.144      -1661.182    0.000  -0.017   0.046   0.
  2017 352  5 20 30 500 352.222575234       6.31      1.32      0.79  0.       -5199.911       2963.241      -1662.849    0.000  -0.014   0.039   0.
  2017 352  5 20 31 500 352.222586808       6.29      1.38      0.77  0.       -5198.982       2961.337      -1664.516    0.000  -0.014   0.038   0.
  2017 352  5 20 32 500 352.222598383       6.28      1.42      0.75  0.       -5198.052       2959.433      -1666.182    0.000  -0.011   0.032   0.
  2017 352  5 20 33 500 352.222609957       6.30      1.39      0.74  0.       -5197.120       2957.528      -1667.849    0.000  -0.011   0.031   0.
  2017 352  5 20 34 500 352.222621531       6.30      1.44      0.75  0.       -5196.188       2955.623      -1669.515    0.000  -0.009   0.025   0.
  2017 352  5 20 35 500 352.222633105       6.31      1.56      0.73  0.       -5195.255       2953.717      -1671.180    0.000  -0.009   0.024   0.
  2017 352  5 20 36 500 352.222644679       6.33      1.60      0.75  0.       -5194.321       2951.810      -1672.846    0.000  -0.006   0.019   0.
  2017 352  5 20 37 500 352.222656253       6.26      1.60      0.72  0.       -5193.386       2949.903      -1674.511    0.000  -0.006   0.018   0.
  2017 352  5 20 38 500 352.222667827       6.29      1.68      0.73  0.       -5192.450       2947.996      -1676.176    0.000  -0.005   0.014   0.
  2017 352  5 20 39 500 352.222679401       6.30      1.68      0.76  0.       -5191.513       2946.088      -1677.840    0.000  -0.005   0.013   0.
  2017 352  5 20 40 500 352.222690975       6.27      1.70      0.76  0.       -5190.576       2944.179      -1679.504    0.000  -0.003   0.010   0.
  2017 352  5 20 41 500 352.222702549       6.15      1.79      0.70  0.       -5189.637       2942.270      -1681.168    0.000  -0.003   0.009   0.
  2017 352  5 20 42 500 352.222714123       6.17      1.82      0.67  0.       -5188.697       2940.361      -1682.832    0.000  -0.002   0.007   0.
  2017 352  5 20 43 500 352.222725697       6.12      1.84      0.67  0.       -5187.757       2938.450      -1684.495    0.000  -0.002   0.007   0.
  2017 352  5 20 44 500 352.222737271       6.02      1.88      0.73  0.       -5186.815       2936.540      -1686.158    0.000  -0.002   0.005   0.
  2017 352  5 20 45 500 352.222748845       6.00      1.90      0.79  0.       -5185.873       2934.629      -1687.821    0.000  -0.002   0.005   0.
  2017 352  5 20 46 500 352.222760420       5.97      1.86      0.89  0.       -5184.929       2932.717      -1689.483    0.000  -0.001   0.003   0.
  2017 352  5 20 47 500 352.222771994       5.89      1.89      0.99  0.       -5183.985       2930.805      -1691.145    0.000  -0.001   0.003   0.
  2017 352  5 20 48 500 352.222783568       5.86      1.97      1.06  0.       -5183.040       2928.892      -1692.807    0.000  -0.001   0.002   0.
  2017 352  5 20 49 500 352.222795142       5.85      2.00      1.18  0.       -5182.094       2926.979      -1694.468    0.000  -0.001   0.002   0.
  2017 352  5 20 50 500 352.222806716       5.79      2.04      1.15  0.       -5181.147       2925.065      -1696.129    0.000  -0.000   0.001   0.
  2017 352  5 20 51 500 352.222818290       5.80      2.03      1.06  0.       -5180.199       2923.150      -1697.790    0.000   0.000   0.001   0.
  2017 352  5 20 52 500 352.222829864       5.88      2.02      1.02  0.       -5179.250       2921.235      -1699.451    0.000   0.000   0.001   0.
  2017 352  5 20 53 500 352.222841438       5.90      1.98      1.05  0.       -5178.300       2919.320      -1701.111    0.000   0.000   0.001   0.
  2017 352  5 20 54 499 352.222853010       5.88      1.95      0.99  0.       -5177.349       2917.404      -1702.771    0.000   0.000   0.000   0.
  2017 352  5 20 55 499 352.222864583       5.92      1.91      0.99  0.       -5176.397       2915.488      -1704.430    0.000   0.000   0.000   0.
  2017 352  5 20 56 500 352.222876157       5.84      1.84      0.92  0.       -5175.444       2913.570      -1706.090    0.000   0.000   0.000   0.
  2017 352  5 20 57 500 352.222887732       5.82      1.83      0.85  0.       -5174.491       2911.653      -1707.749    0.000   0.000   0.000   0.
  2017 352  5 20 58 499 352.222899306       5.83      1.87      0.76  0.       -5173.536       2909.735      -1709.407    0.000   0.000   0.000   0.
  2017 352  5 20 59 499 352.222910880       5.75      1.85      0.61  0.       -5172.581       2907.816      -1711.066    0.000   0.000   0.000   0.
  2017 352  5 21  0 500 352.222922454       5.75      1.98      0.54  0.       -5171.624       2905.897      -1712.724    0.000   0.000   0.000   0.
  2017 352  5 21  1 500 352.222934028       5.79      2.01      0.45  0.       -5170.667       2903.977      -1714.381    0.000   0.000   0.000   0.
  2017 352  5 21  2 500 352.222945602       5.82      2.03      0.46  0.       -5169.708       2902.057      -1716.039    0.000   0.000   0.000   0.
  2017 352  5 21  3 500 352.222957176       5.83      2.12      0.37  0.       -5168.749       2900.137      -1717.696    0.000   0.000   0.000   0.
  2017 352  5 21  4 500 352.222968750       5.80      2.11      0.32  0.       -5167.789       2898.215      -1719.353    0.000   0.000   0.000   0.
  2017 352  5 21  5 499 352.222980324       5.75      2.10      0.30  0.       -5166.828       2896.294      -1721.009    0.000   0.000   0.000   0.
  2017 352  5 21  6 499 352.222991898       5.68      2.10      0.23  0.       -5165.865       2894.371      -1722.666    0.000   0.000   0.000   0.
  2017 352  5 21  7 499 352.223003472       5.69      2.04      0.26  0.       -5164.902       2892.448      -1724.321    0.000   0.000   0.000   0.
  2017 352  5 21  8 499 352.223015046       5.69      2.02      0.22  0.       -5163.938       2890.525      -1725.977    0.000   0.000   0.000   0.
  2017 352  5 21  9 500 352.223026620       5.69      2.05      0.19  0.       -5162.973       2888.601      -1727.632    0.000   0.000   0.000   0.
  2017 352  5 21 10 500 352.223038194       5.73      2.05      0.22  0.       -5162.008       2886.677      -1729.287    0.000   0.000   0.000   0.
  2017 352  5 21 11 499 352.223049769       5.63      2.06      0.18  0.       -5161.041       2884.752      -1730.941    0.000   0.000   0.000   0.
  2017 352  5 21 12 499 352.223061343       5.49      2.03      0.20  0.       -5160.073       2882.826      -1732.596    0.000   0.000   0.000   0.
  2017 352  5 21 13 500 352.223072917       5.44      2.00      0.18  0.       -5159.104       2880.900      -1734.250    0.000   0.000   0.000   0.
  2017 352  5 21 14 500 352.223084491       5.36      1.94      0.29  0.       -5158.135       2878.974      -1735.903    0.000   0.000   0.000   0.
  2017 352  5 21 15 500 352.223096065       5.38      1.93      0.39  0.       -5157.164       2877.047      -1737.556    0.000   0.000   0.000   0.
  2017 352  5 21 16 500 352.223107639       5.48      1.96      0.37  0.       -5156.192       2875.119      -1739.209    0.000   0.000   0.000   0.
  2017 352  5 21 17 500 352.223119213       5.55      1.93      0.31  0.       -5155.220       2873.191      -1740.862    0.000   0.000   0.000   0.
  2017 352  5 21 18 499 352.223130787       5.39      1.85      0.28  0.       -5154.246       2871.262      -1742.515    0.000   0.000   0.000   0.
  2017 352  5 21 19 499 352.223142361       5.31      1.80      0.29  0.       -5153.272       2869.333      -1744.166    0.000   0.000   0.000   0.
  2017 352  5 21 20 499 352.223153935       5.30      1.74      0.25  0.       -5152.297       2867.404      -1745.818    0.000   0.000   0.000   0.
  2017 352  5 21 21 499 352.223165509       5.38      1.75      0.32  0.       -5151.320       2865.473      -1747.470    0.000   0.000   0.000   0.
  2017 352  5 21 22 499 352.223177083       5.41      1.94      0.33  0.       -5150.343       2863.543      -1749.121    0.000   0.000   0.000   0.
  2017 352  5 21 23 500 352.223188657       5.40      1.98      0.43  0.       -5149.365       2861.611      -1750.771    0.000   0.000   0.000   0.
  2017 352  5 21 24 500 352.223200231       5.35      2.02      0.39  0.       -5148.386       2859.680      -1752.422    0.000   0.000   0.000   0.
  2017 352  5 21 25 499 352.223211806       5.31      1.97      0.27  0.       -5147.406       2857.747      -1754.072    0.000   0.000   0.000   0.
  2017 352  5 21 26 499 352.223223377       5.33      1.99      0.19  0.       -5146.425       2855.814      -1755.722    0.000   0.000   0.000   0.
  2017 352  5 21 27 499 352.223234951       5.35      2.04      0.21  0.       -5145.443       2853.881      -1757.371    0.000   0.000   0.000   0.
  2017 352  5 21 28 499 352.223246525       5.48      2.14      0.25  0.       -5144.460       2851.947      -1759.020    0.000   0.000   0.000   0.
  2017 352  5 21 29 499 352.223258099       5.43      2.03      0.16  0.       -5143.476       2850.013      -1760.669    0.000   0.000   0.000   0.
  2017 352  5 21 30 499 352.223269673       5.34      2.03      0.03  0.       -5142.491       2848.078      -1762.317    0.000   0.000   0.000   0.
  2017 352  5 21 31 499 352.223281247       5.36      2.09      0.03  0.       -5141.505       2846.142      -1763.966    0.000   0.000   0.000   0.
  2017 352  5 21 32 499 352.223292821       5.39      2.06      0.01  0.       -5140.518       2844.206      -1765.613    0.000   0.000   0.000   0.
  2017 352  5 21 33 499 352.223304395       5.33      2.11     -0.10  0.       -5139.531       2842.269      -1767.261    0.000   0.000   0.000   0.
  2017 352  5 21 34 499 352.223315969       5.22      2.09     -0.07  0.       -5138.542       2840.332      -1768.908    0.000   0.000   0.000   0.
  2017 352  5 21 35 499 352.223327543       5.16      2.05      0.00  0.       -5137.552       2838.395      -1770.555    0.000   0.000   0.000   0.
  2017 352  5 21 36 499 352.223339117       5.13      2.08     -0.02  0.       -5136.562       2836.457      -1772.201    0.000   0.000   0.000   0.
  2017 352  5 21 37 499 352.223350692       5.02      2.10      0.00  0.       -5135.570       2834.518      -1773.847    0.000   0.000   0.000   0.
  2017 352  5 21 38 499 352.223362266       4.84      2.08      0.08  0.       -5134.578       2832.579      -1775.493    0.000   0.000   0.000   0.
  2017 352  5 21 39 499 352.223373840       4.80      2.02      0.14  0.       -5133.584       2830.639      -1777.139    0.000   0.000   0.000   0.
  2017 352  5 21 40 499 352.223385414       4.75      1.95      0.19  0.       -5132.590       2828.699      -1778.784    0.000   0.000   0.000   0.
  2017 352  5 21 41 499 352.223396988       4.66      1.86      0.25  0.       -5131.595       2826.758      -1780.429    0.000   0.000   0.000   0.
  2017 352  5 21 42 499 352.223408562       4.72      1.78      0.31  0.       -5130.598       2824.817      -1782.073    0.000   0.000   0.000   0.
  2017 352  5 21 43 499 352.223420136       4.75      1.69      0.31  0.       -5129.601       2822.875      -1783.717    0.000   0.000   0.000   0.
  2017 352  5 21 44 499 352.223431710       4.68      1.58      0.28  0.       -5128.603       2820.933      -1785.361    0.000   0.000   0.000   0.
  2017 352  5 21 45 499 352.223443284       4.72      1.54      0.29  0.       -5127.604       2818.990      -1787.004    0.000   0.000   0.000   0.
  2017 352  5 21 46 499 352.223454858       4.65      1.35      0.01  0.       -5126.604       2817.046      -1788.648    0.000   0.000   0.000   0.
  2017 352  5 21 47 499 352.223466432       4.41      1.30     -0.12  0.       -5125.602       2815.102      -1790.290    0.000   0.000   0.000   0.
  2017 352  5 21 48 499 352.223478006       4.35      1.37     -0.09  0.       -5124.600       2813.158      -1791.933    0.000   0.000   0.000   0.
  2017 352  5 21 49 499 352.223489580       4.24      1.64      0.04  0.       -5123.597       2811.213      -1793.575    0.000   0.000   0.000   0.
  2017 352  5 21 50 499 352.223501154       4.06      1.72      0.14  0.       -5122.593       2809.267      -1795.217    0.000   0.000   0.000   0.
  2017 352  5 21 51 499 352.223512729       4.04      1.65      0.20  0.       -5121.588       2807.321      -1796.858    0.000   0.000   0.000   0.
  2017 352  5 21 52 499 352.223524303       4.01      1.65      0.06  0.       -5120.583       2805.375      -1798.499    0.000   0.000   0.000   0.
  2017 352  5 21 53 499 352.223535877       3.81      1.64      0.07  0.       -5119.576       2803.428      -1800.140    0.000   0.000   0.000   0.
  2017 352  5 21 54 499 352.223547451       3.72      1.45      0.12  0.       -5118.568       2801.480      -1801.781    0.000   0.000   0.000   0.
  2017 352  5 21 55 499 352.223559025       3.55      1.35      0.18  0.       -5117.559       2799.532      -1803.421    0.000   0.000   0.000   0.
  2017 352  5 21 56 499 352.223570596       3.41      1.02      0.15  0.       -5116.549       2797.583      -1805.061    0.000   0.000   0.000   0.
  2017 352  5 21 57 499 352.223582170       3.36      0.43     -0.02  0.       -5115.539       2795.634      -1806.700    0.000   0.000   0.000   0.
  2017 352  5 21 58 499 352.223593744       3.40      0.19     -0.24  0.       -5114.527       2793.684      -1808.339    0.000   0.000   0.000   0.
  2017 352  5 21 59 499 352.223605318       3.53      0.23     -0.26  0.       -5113.514       2791.734      -1809.978    0.000   0.000   0.000   0.
  2017 352  5 22  0 499 352.223616892       3.56     -0.13     -0.37  0.       -5112.501       2789.783      -1811.616    0.000   0.000   0.000   0.
  2017 352  5 22  1 499 352.223628466       3.64      0.09     -0.59  0.       -5111.486       2787.832      -1813.254    0.000   0.000   0.000   0.
  2017 352  5 22  2 499 352.223640040       3.52      0.31     -0.37  0.       -5110.471       2785.880      -1814.892    0.000   0.000   0.000   0.
  2017 352  5 22  3 499 352.223651615       3.49      0.03     -0.19  0.       -5109.454       2783.927      -1816.529    0.000   0.000   0.000   0.
  2017 352  5 22  4 499 352.223663189       3.42     -0.06     -0.33  0.       -5108.437       2781.975      -1818.166    0.000   0.000   0.000   0.
  2017 352  5 22  5 499 352.223674763       3.57      0.14     -0.12  0.       -5107.418       2780.021      -1819.803    0.000   0.000   0.000   0.
  2017 352  5 22  6 499 352.223686337       3.78      0.24     -0.15  0.       -5106.399       2778.067      -1821.439    0.000   0.000   0.000   0.
  2017 352  5 22  7 499 352.223697911       3.56      0.21     -0.27  0.       -5105.379       2776.113      -1823.075    0.000   0.000   0.000   0.
  2017 352  5 22  8 499 352.223709485       3.39      0.34     -0.38  0.       -5104.357       2774.158      -1824.711    0.000   0.000   0.000   0.
  2017 352  5 22  9 499 352.223721059       3.38      0.46     -0.30  0.       -5103.335       2772.202      -1826.346    0.000   0.000   0.000   0.
  2017 352  5 22 10 499 352.223732633       3.26      0.90     -0.35  0.       -5102.312       2770.246      -1827.981    0.000   0.000   0.000   0.
  2017 352  5 22 11 499 352.223744207       2.87      1.34     -0.52  0.       -5101.288       2768.290      -1829.616    0.000   0.000   0.000   0.
  2017 352  5 22 12 499 352.223755781       3.32      2.30     -0.75  0.       -5100.262       2766.333      -1831.250    0.000   0.000   0.000   0.
  2017 352  5 22 13 499 352.223767355       3.41      2.52     -0.90  0.       -5099.236       2764.375      -1832.884    0.000   0.000   0.000   0.
  2017 352  5 22 14 499 352.223778929       3.39      2.31     -1.04  0.       -5098.209       2762.417      -1834.518    0.000   0.000   0.000   0.
  2017 352  5 22 15 499 352.223790503       3.39      2.25     -0.95  0.       -5097.181       2760.458      -1836.151    0.000   0.000   0.000   0.
  2017 352  5 22 16 499 352.223802078       3.41      2.22     -0.71  0.       -5096.152       2758.499      -1837.784    0.000   0.000   0.000   0.
  2017 352  5 22 17 499 352.223813652       3.66      2.26     -0.69  0.       -5095.122       2756.539      -1839.416    0.000   0.000   0.000   0.
  2017 352  5 22 18 499 352.223825226       3.86      2.13     -0.71  0.       -5094.091       2754.579      -1841.048    0.000   0.000   0.000   0.
  2017 352  5 22 19 499 352.223836800       3.94      2.01     -0.87  0.       -5093.059       2752.618      -1842.680    0.000   0.000   0.000   0.
  2017 352  5 22 20 499 352.223848374       3.96      1.80     -1.23  0.       -5092.026       2750.657      -1844.312    0.000   0.000   0.000   0.
  2017 352  5 22 21 499 352.223859948       3.94      1.68     -1.30  0.       -5090.992       2748.695      -1845.943    0.000   0.000   0.000   0.
  2017 352  5 22 22 499 352.223871522       3.94      1.54     -1.12  0.       -5089.957       2746.733      -1847.573    0.000   0.000   0.000   0.
  2017 352  5 22 23 499 352.223883096       4.00      1.25     -1.02  0.       -5088.921       2744.770      -1849.204    0.000   0.000   0.000   0.
  2017 352  5 22 24 499 352.223894670       3.98      0.96     -1.07  0.       -5087.885       2742.806      -1850.834    0.000   0.000   0.000   0.
  2017 352  5 22 25 499 352.223906244       3.81      0.71     -1.16  0.       -5086.847       2740.843      -1852.464    0.000   0.000   0.000   0.
  2017 352  5 22 26 499 352.223917816       3.80      0.67     -1.13  0.       -5085.808       2738.878      -1854.093    0.000   0.000   0.000   0.
  2017 352  5 22 27 499 352.223929389       3.79      0.77     -1.06  0.       -5084.768       2736.913      -1855.722    0.000   0.000   0.000   0.
  2017 352  5 22 28 499 352.223940964       3.85      0.91     -0.96  0.       -5083.728       2734.948      -1857.350    0.000   0.000   0.000   0.
  2017 352  5 22 29 499 352.223952538       3.84      0.87     -0.74  0.       -5082.686       2732.982      -1858.979    0.000   0.000   0.000   0.
  2017 352  5 22 30 499 352.223964112       3.81      0.62     -0.65  0.       -5081.643       2731.015      -1860.607    0.000   0.000   0.000   0.
  2017 352  5 22 31 499 352.223975686       3.77      0.42     -0.63  0.       -5080.599       2729.048      -1862.234    0.000   0.000   0.000   0.
  2017 352  5 22 32 499 352.223987260       3.59      0.48     -0.63  0.       -5079.555       2727.080      -1863.861    0.000   0.000   0.000   0.
  2017 352  5 22 33 499 352.223998834       3.51      0.64     -0.58  0.       -5078.509       2725.112      -1865.488    0.000   0.000   0.000   0.
  2017 352  5 22 34 499 352.224010408       3.39      0.83     -0.56  0.       -5077.463       2723.144      -1867.115    0.000   0.000   0.000   0.
  2017 352  5 22 35 499 352.224021982       3.32      1.09     -0.66  0.       -5076.415       2721.174      -1868.741    0.000   0.000   0.000   0.
  2017 352  5 22 36 499 352.224033556       3.22      1.18     -0.52  0.       -5075.367       2719.205      -1870.366    0.000   0.000   0.000   0.
  2017 352  5 22 37 499 352.224045130       3.00      1.28     -0.34  0.       -5074.317       2717.234      -1871.992    0.000   0.000   0.000   0.
  2017 352  5 22 38 499 352.224056704       3.05      1.42     -0.15  0.       -5073.267       2715.264      -1873.617    0.000   0.000   0.000   0.
  2017 352  5 22 39 499 352.224068278       3.47      1.15     -0.15  0.       -5072.215       2713.292      -1875.241    0.000   0.000   0.000   0.
  2017 352  5 22 40 499 352.224079852       3.67      0.72     -0.21  0.       -5071.163       2711.321      -1876.866    0.000   0.000   0.000   0.
  2017 352  5 22 41 499 352.224091427       3.46      0.60     -0.32  0.       -5070.109       2709.348      -1878.490    0.000   0.000   0.000   0.
  2017 352  5 22 42 499 352.224103001       3.30      0.57     -0.50  0.       -5069.055       2707.375      -1880.113    0.000   0.000   0.000   0.
  2017 352  5 22 43 499 352.224114575       3.19      0.88     -0.59  0.       -5067.999       2705.402      -1881.736    0.000   0.000   0.000   0.
  2017 352  5 22 44 499 352.224126149       2.96      1.27     -0.65  0.       -5066.943       2703.428      -1883.359    0.000   0.000   0.000   0.
  2017 352  5 22 45 499 352.224137723       2.57      1.71     -0.76  0.       -5065.886       2701.454      -1884.982    0.000   0.000   0.000   0.
  2017 352  5 22 46 499 352.224149297       2.84      1.84     -0.99  0.       -5064.827       2699.479      -1886.604    0.000   0.000   0.000   0.
  2017 352  5 22 47 499 352.224160871       3.36      1.60     -1.16  0.       -5063.768       2697.503      -1888.225    0.000   0.000   0.000   0.
  2017 352  5 22 48 499 352.224172445       3.60      1.36     -1.24  0.       -5062.708       2695.527      -1889.847    0.000   0.000   0.000   0.
  2017 352  5 22 49 499 352.224184019       3.76      1.10     -0.94  0.       -5061.646       2693.551      -1891.468    0.000   0.000   0.000   0.
  2017 352  5 22 50 499 352.224195593       3.45      0.49     -0.77  0.       -5060.584       2691.574      -1893.088    0.000   0.000   0.000   0.
  2017 352  5 22 51 499 352.224207167       3.23      0.11     -0.67  0.       -5059.521       2689.596      -1894.709    0.000   0.000   0.000   0.
  2017 352  5 22 52 499 352.224218741       3.12     -0.18     -0.76  0.       -5058.456       2687.618      -1896.329    0.000   0.000   0.000   0.
  2017 352  5 22 53 499 352.224230315       2.89     -0.53     -0.93  0.       -5057.391       2685.639      -1897.948    0.000   0.000   0.000   0.
  2017 352  5 22 54 499 352.224241889       2.78     -0.77     -1.15  0.       -5056.325       2683.660      -1899.567    0.000   0.000   0.000   0.
  2017 352  5 22 55 499 352.224253464       2.72     -1.03     -1.23  0.       -5055.258       2681.681      -1901.186    0.000   0.000   0.000   0.
  2017 352  5 22 56 499 352.224265035       2.57     -1.07     -1.17  0.       -5054.190       2679.700      -1902.804    0.000   0.000   0.000   0.
  2017 352  5 22 57 499 352.224276609       2.34     -1.14     -1.27  0.       -5053.120       2677.720      -1904.422    0.000   0.000   0.000   0.
  2017 352  5 22 58 499 352.224288183       2.23     -1.09     -1.53  0.       -5052.050       2675.739      -1906.040    0.000   0.000   0.000   0.
  2017 352  5 22 59 499 352.224299757       2.24     -1.10     -1.65  0.       -5050.979       2673.757      -1907.657    0.000   0.000   0.000   0.
  2017 352  5 23  0 498 352.224311331       2.26     -0.86     -1.71  0.       -5049.907       2671.775      -1909.274    0.000   0.000   0.000   0.
  2017 352  5 23  1 498 352.224322905       2.33     -0.75     -1.63  0.       -5048.834       2669.792      -1910.891    0.000   0.000   0.000   0.
  2017 352  5 23  2 498 352.224334479       2.32     -0.56     -1.44  0.       -5047.760       2667.808      -1912.507    0.000   0.000   0.000   0.
  2017 352  5 23  3 498 352.224346053       2.26     -0.54     -1.56  0.       -5046.685       2665.825      -1914.123    0.000   0.000   0.000   0.
  2017 352  5 23  4 498 352.224357627       2.03     -0.50     -1.76  0.       -5045.609       2663.840      -1915.738    0.000   0.000   0.000   0.
  2017 352  5 23  5 499 352.224369201       1.90     -0.13     -1.73  0.       -5044.531       2661.855      -1917.353    0.000   0.000   0.000   0.
  2017 352  5 23  6 499 352.224380775       1.94      0.07     -1.79  0.       -5043.453       2659.870      -1918.968    0.000   0.000   0.000   0.
  2017 352  5 23  7 498 352.224392350       2.03      0.21     -1.89  0.       -5042.374       2657.884      -1920.582    0.000   0.000   0.000   0.
  2017 352  5 23  8 498 352.224403924       2.12      0.27     -1.94  0.       -5041.294       2655.897      -1922.196    0.000   0.000   0.000   0.
  2017 352  5 23  9 499 352.224415498       2.21      0.17     -1.83  0.       -5040.213       2653.910      -1923.809    0.000   0.000   0.000   0.
  2017 352  5 23 10 499 352.224427072       2.34      0.30     -1.83  0.       -5039.131       2651.923      -1925.422    0.000   0.000   0.000   0.
  2017 352  5 23 11 499 352.224438646       2.52      0.39     -1.78  0.       -5038.048       2649.935      -1927.035    0.000   0.000   0.000   0.
  2017 352  5 23 12 499 352.224450220       2.73      0.55     -1.68  0.       -5036.964       2647.946      -1928.647    0.000   0.000   0.000   0.
  2017 352  5 23 13 499 352.224461794       2.72      0.62     -1.58  0.       -5035.879       2645.957      -1930.259    0.000   0.000   0.000   0.
  2017 352  5 23 14 498 352.224473368       2.61      0.55     -1.46  0.       -5034.793       2643.968      -1931.871    0.000   0.000   0.000   0.
  2017 352  5 23 15 498 352.224484942       2.62      0.49     -1.39  0.       -5033.706       2641.978      -1933.482    0.000   0.000   0.000   0.
  2017 352  5 23 16 498 352.224496516       2.73      0.56     -1.35  0.       -5032.618       2639.987      -1935.093    0.000   0.000   0.000   0.
  2017 352  5 23 17 498 352.224508090       2.73      0.46     -1.38  0.       -5031.529       2637.996      -1936.704    0.000   0.000   0.000   0.
  2017 352  5 23 18 498 352.224519664       2.80      0.35     -1.32  0.       -5030.439       2636.004      -1938.314    0.000   0.000   0.000   0.
  2017 352  5 23 19 499 352.224531238       2.84      0.30     -1.33  0.       -5029.348       2634.012      -1939.923    0.000   0.000   0.000   0.
  2017 352  5 23 20 498 352.224542813       2.76      0.28     -1.38  0.       -5028.256       2632.019      -1941.533    0.000   0.000   0.000   0.
  2017 352  5 23 21 498 352.224554387       2.60      0.25     -1.23  0.       -5027.163       2630.026      -1943.142    0.000   0.000   0.000   0.
  2017 352  5 23 22 498 352.224565961       2.83      0.14     -1.17  0.       -5026.069       2628.032      -1944.750    0.000   0.000   0.000   0.
  2017 352  5 23 23 499 352.224577535       3.22      0.13     -1.23  0.       -5024.974       2626.038      -1946.358    0.000   0.000   0.000   0.
  2017 352  5 23 24 499 352.224589109       3.40      0.11     -1.40  0.       -5023.878       2624.043      -1947.966    0.000   0.000   0.000   0.
  2017 352  5 23 25 499 352.224600683       3.37      0.33     -1.55  0.       -5022.781       2622.048      -1949.573    0.000   0.000   0.000   0.
  2017 352  5 23 26 499 352.224612255       3.26      0.30     -1.43  0.       -5021.683       2620.052      -1951.180    0.000   0.000   0.000   0.
  2017 352  5 23 27 498 352.224623828       3.29      0.65     -1.52  0.       -5020.584       2618.055      -1952.787    0.000   0.000   0.000   0.
  2017 352  5 23 28 498 352.224635402       3.00      1.13     -1.24  0.       -5019.484       2616.058      -1954.393    0.000   0.000   0.000   0.
  2017 352  5 23 29 498 352.224646976       2.75      1.32     -0.78  0.       -5018.383       2614.061      -1955.999    0.000   0.000   0.000   0.
  2017 352  5 23 30 498 352.224658550       2.55      1.27     -0.44  0.       -5017.281       2612.063      -1957.604    0.000   0.000   0.000   0.
  2017 352  5 23 31 498 352.224670124       2.86      1.33     -0.24  0.       -5016.178       2610.065      -1959.209    0.000   0.000   0.000   0.
  2017 352  5 23 32 498 352.224681698       3.51      0.76     -0.09  0.       -5015.074       2608.066      -1960.814    0.000   0.000   0.000   0.
  2017 352  5 23 33 498 352.224693273       3.82      0.11     -0.52  0.       -5013.969       2606.066      -1962.418    0.000   0.000   0.000   0.
  2017 352  5 23 34 498 352.224704847       3.85     -0.12     -0.82  0.       -5012.863       2604.066      -1964.022    0.000   0.000   0.000   0.
  2017 352  5 23 35 498 352.224716421       3.52     -0.24     -1.17  0.       -5011.756       2602.065      -1965.625    0.000   0.000   0.000   0.
  2017 352  5 23 36 498 352.224727995       3.17     -0.09     -1.27  0.       -5010.648       2600.064      -1967.228    0.000   0.000   0.000   0.
  2017 352  5 23 37 498 352.224739569       2.90      0.28     -0.89  0.       -5009.539       2598.063      -1968.831    0.000   0.000   0.000   0.
  2017 352  5 23 38 498 352.224751143       2.87      0.42     -0.69  0.       -5008.429       2596.061      -1970.433    0.000   0.000   0.000   0.
  2017 352  5 23 39 498 352.224762717       2.96      0.33     -0.48  0.       -5007.318       2594.058      -1972.035    0.000   0.000   0.000   0.
  2017 352  5 23 40 498 352.224774291       2.83      0.38     -0.43  0.       -5006.206       2592.055      -1973.637    0.000   0.000   0.000   0.
  2017 352  5 23 41 498 352.224785865       2.86      0.46     -0.46  0.       -5005.093       2590.051      -1975.238    0.000   0.000   0.000   0.
  2017 352  5 23 42 498 352.224797439       3.08      0.56     -0.55  0.       -5003.979       2588.047      -1976.838    0.000   0.000   0.000   0.
  2017 352  5 23 43 498 352.224809013       3.23      0.36     -0.52  0.       -5002.864       2586.042      -1978.439    0.000   0.000   0.000   0.
  2017 352  5 23 44 498 352.224820587       3.27      0.40     -0.62  0.       -5001.748       2584.037      -1980.038    0.000   0.000   0.000   0.
  2017 352  5 23 45 498 352.224832161       3.29      0.56     -0.70  0.       -5000.631       2582.031      -1981.638    0.000   0.000   0.000   0.
  2017 352  5 23 46 498 352.224843736       3.49      0.42     -0.85  0.       -4999.513       2580.025      -1983.237    0.000   0.000   0.000   0.
  2017 352  5 23 47 498 352.224855310       3.54      0.53     -1.32  0.       -4998.394       2578.018      -1984.836    0.000   0.000   0.000   0.
  2017 352  5 23 48 498 352.224866884       3.23      0.74     -1.62  0.       -4997.274       2576.011      -1986.434    0.000   0.000   0.000   0.
  2017 352  5 23 49 498 352.224878458       2.85      1.37     -1.63  0.       -4996.153       2574.003      -1988.032    0.000   0.000   0.000   0.
  2017 352  5 23 50 498 352.224890032       2.62      1.84     -1.33  0.       -4995.031       2571.995      -1989.629    0.000   0.000   0.000   0.
  2017 352  5 23 51 498 352.224901606       2.39      2.01     -1.15  0.       -4993.908       2569.986      -1991.226    0.000   0.000   0.000   0.
  2017 352  5 23 52 498 352.224913180       2.22      2.01     -0.95  0.       -4992.784       2567.976      -1992.823    0.000   0.000   0.000   0.
  2017 352  5 23 53 498 352.224924754       2.30      1.92     -0.55  0.       -4991.659       2565.966      -1994.419    0.000   0.000   0.000   0.
  2017 352  5 23 54 498 352.224936328       2.38      1.99     -0.27  0.       -4990.532       2563.956      -1996.015    0.000   0.000   0.000   0.
  2017 352  5 23 55 498 352.224947902       2.53      1.90      0.12  0.       -4989.405       2561.945      -1997.610    0.000   0.000   0.000   0.
  2017 352  5 23 56 498 352.224959474       2.82      1.84     -0.02  0.       -4988.277       2559.933      -1999.206    0.000   0.000   0.000   0.
  2017 352  5 23 57 498 352.224971047       3.01      1.84     -0.42  0.       -4987.148       2557.921      -2000.800    0.000   0.000   0.000   0.
  2017 352  5 23 58 498 352.224982621       2.95      1.99     -0.81  0.       -4986.018       2555.909      -2002.394    0.000   0.000   0.000   0.
  2017 352  5 23 59 498 352.224994196       2.67      1.93     -0.82  0.       -4984.887       2553.896      -2003.988    0.000   0.000   0.000   0.
  2017 352  5 24  0 498 352.225005770       2.68      1.70     -0.71  0.       -4983.755       2551.882      -2005.582    0.000   0.000   0.000   0.
  2017 352  5 24  1 498 352.225017344       2.72      1.52     -0.92  0.       -4982.621       2549.868      -2007.175    0.000   0.000   0.000   0.
  2017 352  5 24  2 498 352.225028918       2.63      1.76     -1.08  0.       -4981.487       2547.854      -2008.767    0.000   0.000   0.000   0.
  2017 352  5 24  3 498 352.225040492       2.47      2.31     -1.16  0.       -4980.352       2545.838      -2010.359    0.000   0.000   0.000   0.
  2017 352  5 24  4 498 352.225052066       2.32      2.55     -0.89  0.       -4979.216       2543.822      -2011.951    0.000   0.000   0.000   0.
  2017 352  5 24  5 498 352.225063640       2.27      2.48     -0.66  0.       -4978.078       2541.807      -2013.542    0.000   0.000   0.000   0.
  2017 352  5 24  6 498 352.225075214       2.25      2.21     -0.81  0.       -4976.940       2539.790      -2015.133    0.000   0.000   0.000   0.
  2017 352  5 24  7 498 352.225086788       2.19      2.26     -1.05  0.       -4975.801       2537.773      -2016.724    0.000   0.000   0.000   0.
  2017 352  5 24  8 498 352.225098362       2.11      2.15     -1.09  0.       -4974.661       2535.755      -2018.314    0.000   0.000   0.000   0.
  2017 352  5 24  9 498 352.225109936       2.05      2.08     -1.12  0.       -4973.519       2533.737      -2019.904    0.000   0.000   0.000   0.
  2017 352  5 24 10 498 352.225121510       2.01      1.94     -1.11  0.       -4972.377       2531.718      -2021.493    0.000   0.000   0.000   0.
  2017 352  5 24 11 498 352.225133084       1.99      2.03     -1.10  0.       -4971.233       2529.699      -2023.082    0.000   0.000   0.000   0.
  2017 352  5 24 12 498 352.225144659       2.22      2.08     -0.99  0.       -4970.089       2527.679      -2024.670    0.000   0.000   0.000   0.
  2017 352  5 24 13 498 352.225156233       2.29      2.24     -1.00  0.       -4968.944       2525.659      -2026.258    0.000   0.000   0.000   0.
  2017 352  5 24 14 498 352.225167807       2.40      2.50     -0.90  0.       -4967.797       2523.638      -2027.846    0.000   0.000   0.000   0.
  2017 352  5 24 15 498 352.225179381       2.35      2.70     -0.97  0.       -4966.650       2521.616      -2029.433    0.000   0.000   0.000   0.
  2017 352  5 24 16 498 352.225190955       2.36      2.90     -1.02  0.       -4965.501       2519.595      -2031.020    0.000   0.000   0.000   0.
  2017 352  5 24 17 498 352.225202529       2.18      3.00     -1.12  0.       -4964.352       2517.572      -2032.606    0.000   0.000   0.000   0.
  2017 352  5 24 18 498 352.225214103       2.06      3.09     -1.18  0.       -4963.202       2515.549      -2034.192    0.000   0.000   0.000   0.
  2017 352  5 24 19 498 352.225225677       1.92      3.22     -1.24  0.       -4962.050       2513.526      -2035.778    0.000   0.000   0.000   0.
  2017 352  5 24 20 498 352.225237251       1.96      3.39     -1.30  0.       -4960.897       2511.502      -2037.363    0.000   0.000   0.000   0.
  2017 352  5 24 21 498 352.225248825       1.97      3.37     -1.55  0.       -4959.744       2509.478      -2038.947    0.000   0.000   0.000   0.
  2017 352  5 24 22 498 352.225260399       2.02      3.48     -1.74  0.       -4958.589       2507.453      -2040.532    0.000   0.000   0.000   0.
  2017 352  5 24 23 498 352.225271973       2.08      3.33     -2.03  0.       -4957.434       2505.427      -2042.116    0.000   0.000   0.000   0.
  2017 352  5 24 24 498 352.225283547       2.17      3.16     -2.36  0.       -4956.277       2503.401      -2043.699    0.000   0.000   0.000   0.
  2017 352  5 24 25 498 352.225295121       2.11      2.83     -2.55  0.       -4955.119       2501.375      -2045.282    0.000   0.000   0.000   0.
  2017 352  5 24 26 498 352.225306696       2.00      2.55     -2.66  0.       -4953.961       2499.347      -2046.865    0.000   0.000   0.000   0.
  2017 352  5 24 27 498 352.225318270       1.75      2.29     -2.50  0.       -4952.801       2497.320      -2048.447    0.000   0.000   0.000   0.
  2017 352  5 24 28 498 352.225329841       1.62      2.12     -2.26  0.       -4951.640       2495.292      -2050.028    0.000   0.000   0.000   0.
  2017 352  5 24 29 498 352.225341415       1.69      1.93     -1.95  0.       -4950.479       2493.263      -2051.610    0.000   0.000   0.000   0.
  2017 352  5 24 30 498 352.225352989       1.76      1.93     -1.89  0.       -4949.316       2491.234      -2053.191    0.000   0.000   0.000   0.
  2017 352  5 24 31 498 352.225364563       1.88      1.96     -1.88  0.       -4948.152       2489.205      -2054.771    0.000   0.000   0.000   0.
  2017 352  5 24 32 498 352.225376137       1.83      1.97     -1.99  0.       -4946.987       2487.174      -2056.351    0.000   0.000   0.000   0.
  2017 352  5 24 33 498 352.225387711       1.80      2.00     -1.82  0.       -4945.821       2485.144      -2057.931    0.000   0.000   0.000   0.
  2017 352  5 24 34 498 352.225399285       1.95      2.05     -1.75  0.       -4944.654       2483.113      -2059.510    0.000   0.000   0.000   0.
  2017 352  5 24 35 498 352.225410859       1.90      2.01     -1.78  0.       -4943.486       2481.081      -2061.089    0.000   0.000   0.000   0.
  2017 352  5 24 36 498 352.225422433       1.69      1.83     -1.63  0.       -4942.318       2479.049      -2062.667    0.000   0.000   0.000   0.
  2017 352  5 24 37 498 352.225434008       1.64      1.63     -1.48  0.       -4941.148       2477.016      -2064.245    0.000   0.000   0.000   0.
  2017 352  5 24 38 498 352.225445582       1.43      1.72     -1.39  0.       -4939.977       2474.983      -2065.822    0.000   0.000   0.000   0.
  2017 352  5 24 39 498 352.225457156       1.49      1.85     -1.26  0.       -4938.805       2472.949      -2067.399    0.000   0.000   0.000   0.
  2017 352  5 24 40 498 352.225468730       1.20      1.85     -1.34  0.       -4937.632       2470.915      -2068.976    0.000   0.000   0.000   0.
  2017 352  5 24 41 498 352.225480304       1.04      1.79     -1.23  0.       -4936.458       2468.880      -2070.552    0.000   0.000   0.000   0.
  2017 352  5 24 42 498 352.225491878       0.50      1.74     -1.26  0.       -4935.282       2466.845      -2072.128    0.000   0.000   0.000   0.
  2017 352  5 24 43 498 352.225503452       0.29      1.75     -0.90  0.       -4934.106       2464.809      -2073.703    0.000   0.000   0.000   0.
  2017 352  5 24 44 498 352.225515026       0.82      1.79     -0.22  0.       -4932.929       2462.772      -2075.278    0.000   0.000   0.000   0.
  2017 352  5 24 45 498 352.225526600       1.80      1.05      0.15  0.       -4931.751       2460.736      -2076.852    0.000   0.000   0.000   0.
  2017 352  5 24 46 498 352.225538174       1.73      1.54     -0.02  0.       -4930.572       2458.698      -2078.426    0.000   0.000   0.000   0.
  2017 352  5 24 47 498 352.225549748       1.90      1.75      0.51  0.       -4929.391       2456.660      -2079.999    0.000   0.000   0.000   0.
  2017 352  5 24 48 498 352.225561322       2.51      1.00      0.42  0.       -4928.210       2454.622      -2081.573    0.000   0.000   0.000   0.
  2017 352  5 24 49 498 352.225572896       3.19      0.54     -0.24  0.       -4927.028       2452.583      -2083.145    0.000   0.000   0.000   0.
  2017 352  5 24 50 498 352.225584470       3.24      0.58     -0.83  0.       -4925.845       2450.544      -2084.718    0.000   0.000   0.000   0.
  2017 352  5 24 51 498 352.225596045       3.48      0.75     -1.03  0.       -4924.660       2448.504      -2086.289    0.000   0.000   0.000   0.
  2017 352  5 24 52 498 352.225607619       4.01      0.61     -1.66  0.       -4923.475       2446.463      -2087.861    0.000   0.000   0.000   0.
  2017 352  5 24 53 498 352.225619193       3.82      0.79     -2.97  0.       -4922.288       2444.422      -2089.432    0.000   0.000   0.000   0.
  2017 352  5 24 54 498 352.225630767       2.62      1.38     -3.72  0.       -4921.101       2442.381      -2091.002    0.000   0.000   0.000   0.
  2017 352  5 24 55 498 352.225642341       1.06      2.01     -2.81  0.       -4919.912       2440.339      -2092.572    0.000   0.000   0.000   0.
  2017 352  5 24 56 498 352.225653915       0.29      2.09     -1.98  0.       -4918.722       2438.296      -2094.141    0.000   0.000   0.000   0.
  2017 352  5 24 57 498 352.225665489       0.67      2.02     -1.37  0.       -4917.532       2436.253      -2095.711    0.000   0.000   0.000   0.
  2017 352  5 24 58 497 352.225677061       1.25      1.67     -1.65  0.       -4916.340       2434.210      -2097.280    0.000   0.000   0.000   0.
  2017 352  5 24 59 497 352.225688634       0.62      1.89     -1.98  0.       -4915.147       2432.166      -2098.847    0.000   0.000   0.000   0.
  2017 352  5 25  0 497 352.225700208       0.28      1.91     -1.45  0.       -4913.954       2430.121      -2100.416    0.000   0.000   0.000   0.
  2017 352  5 25  1 498 352.225711782       1.27      1.36     -0.35  0.       -4912.759       2428.076      -2101.983    0.000   0.000   0.000   0.
  2017 352  5 25  2 498 352.225723356       1.75      0.64     -0.21  0.       -4911.563       2426.030      -2103.550    0.000   0.000   0.000   0.
  2017 352  5 25  3 497 352.225734931       2.07      0.63     -0.43  0.       -4910.366       2423.984      -2105.116    0.000   0.000   0.000   0.
  2017 352  5 25  4 497 352.225746505       2.98      0.77     -0.83  0.       -4909.168       2421.938      -2106.682    0.000   0.000   0.000   0.
  2017 352  5 25  5 498 352.225758079       4.25      0.39     -1.55  0.       -4907.969       2419.890      -2108.248    0.000   0.000   0.000   0.
  2017 352  5 25  6 498 352.225769653       4.04      0.57     -3.24  0.       -4906.769       2417.843      -2109.813    0.000   0.000   0.000   0.
  2017 352  5 25  7 498 352.225781227       3.13      1.06     -4.10  0.       -4905.568       2415.795      -2111.377    0.000   0.000   0.000   0.
  2017 352  5 25  8 498 352.225792801       2.25      1.47     -3.45  0.       -4904.366       2413.746      -2112.942    0.000   0.000   0.000   0.
  2017 352  5 25  9 497 352.225804375       2.47      1.57     -2.75  0.       -4903.163       2411.697      -2114.505    0.000   0.000   0.000   0.
  2017 352  5 25 10 497 352.225815949       3.39      1.64     -2.95  0.       -4901.959       2409.647      -2116.069    0.000   0.000   0.000   0.
  2017 352  5 25 11 497 352.225827523       3.43      1.88     -4.29  0.       -4900.754       2407.597      -2117.632    0.000   0.000   0.000   0.
  2017 352  5 25 12 497 352.225839097       2.50      1.81     -4.84  0.       -4899.548       2405.546      -2119.194    0.000   0.000   0.000   0.
  2017 352  5 25 13 497 352.225850671       1.50      1.36     -4.40  0.       -4898.340       2403.495      -2120.756    0.000   0.000   0.000   0.
  2017 352  5 25 14 498 352.225862245       0.65      1.68     -3.67  0.       -4897.132       2401.443      -2122.317    0.000   0.000   0.000   0.
  2017 352  5 25 15 498 352.225873819       1.35      1.73     -2.78  0.       -4895.923       2399.391      -2123.878    0.000   0.000   0.000   0.
  2017 352  5 25 16 497 352.225885393       2.14      2.08     -3.11  0.       -4894.712       2397.338      -2125.439    0.000   0.000   0.000   0.
  2017 352  5 25 17 497 352.225896968       2.48      2.10     -3.50  0.       -4893.501       2395.285      -2126.999    0.000   0.000   0.000   0.
  2017 352  5 25 18 498 352.225908542       2.61      2.11     -3.93  0.       -4892.288       2393.231      -2128.559    0.000   0.000   0.000   0.
  2017 352  5 25 19 498 352.225920116       2.34      1.77     -4.48  0.       -4891.075       2391.176      -2130.118    0.000   0.000   0.000   0.
  2017 352  5 25 20 498 352.225931690       1.76      1.55     -4.81  0.       -4889.860       2389.122      -2131.677    0.000   0.000   0.000   0.
  2017 352  5 25 21 498 352.225943264       1.27      1.26     -4.76  0.       -4888.645       2387.066      -2133.235    0.000   0.000   0.000   0.
  2017 352  5 25 22 498 352.225954838       0.76      1.30     -4.45  0.       -4887.428       2385.010      -2134.793    0.000   0.000   0.000   0.
  2017 352  5 25 23 497 352.225966412      -0.41      1.71     -3.72  0.       -4886.210       2382.954      -2136.350    0.000   0.000   0.000   0.
  2017 352  5 25 24 497 352.225977986      -0.84      1.97     -2.71  0.       -4884.991       2380.897      -2137.907    0.000   0.000   0.000   0.
  2017 352  5 25 25 497 352.225989560      -1.20      1.89     -2.01  0.       -4883.771       2378.840      -2139.464    0.000   0.000   0.000   0.
  2017 352  5 25 26 497 352.226001134      -1.33      1.49     -1.43  0.       -4882.551       2376.782      -2141.020    0.000   0.000   0.000   0.
  2017 352  5 25 27 497 352.226012708      -1.40      1.24     -0.95  0.       -4881.329       2374.724      -2142.575    0.000   0.000   0.000   0.
  2017 352  5 25 28 498 352.226024280      -1.20      1.20     -0.36  0.       -4880.106       2372.664      -2144.130    0.000   0.000   0.000   0.
  2017 352  5 25 29 497 352.226035854      -0.87      1.26     -0.19  0.       -4878.882       2370.605      -2145.685    0.000   0.000   0.000   0.
  2017 352  5 25 30 497 352.226047428      -0.87      1.10     -0.15  0.       -4877.657       2368.545      -2147.239    0.000   0.000   0.000   0.
  2017 352  5 25 31 497 352.226059002      -1.21      1.11      0.35  0.       -4876.431       2366.485      -2148.793    0.000   0.000   0.000   0.
  2017 352  5 25 32 497 352.226070576      -1.08      0.81      0.88  0.       -4875.203       2364.424      -2150.346    0.000   0.000   0.000   0.
  2017 352  5 25 33 497 352.226082150      -0.53      0.64      0.74  0.       -4873.975       2362.362      -2151.899    0.000   0.000   0.000   0.
  2017 352  5 25 34 497 352.226093724      -0.03      0.86      0.78  0.       -4872.746       2360.300      -2153.451    0.000   0.000   0.000   0.
  2017 352  5 25 35 497 352.226105298       1.06      1.35      0.35  0.       -4871.515       2358.238      -2155.003    0.000   0.000   0.000   0.
  2017 352  5 25 36 497 352.226116872       1.75      1.08     -0.63  0.       -4870.284       2356.175      -2156.554    0.000   0.000   0.000   0.
  2017 352  5 25 37 497 352.226128446       1.78      0.95     -1.43  0.       -4869.051       2354.111      -2158.105    0.000   0.000   0.000   0.
  2017 352  5 25 38 497 352.226140020       1.31      1.03     -1.95  0.       -4867.818       2352.047      -2159.656    0.000   0.000   0.000   0.
  2017 352  5 25 39 497 352.226151594       0.80      1.48     -1.90  0.       -4866.583       2349.983      -2161.206    0.000   0.000   0.000   0.
  2017 352  5 25 40 497 352.226163168       0.59      1.33     -1.54  0.       -4865.348       2347.918      -2162.755    0.000   0.000   0.000   0.
  2017 352  5 25 41 497 352.226174742       0.41      1.17     -1.28  0.       -4864.111       2345.852      -2164.304    0.000   0.000   0.000   0.
  2017 352  5 25 42 497 352.226186317       0.92      0.80     -1.26  0.       -4862.873       2343.786      -2165.852    0.000   0.000   0.000   0.
  2017 352  5 25 43 497 352.226197891       1.26      0.63     -1.74  0.       -4861.635       2341.719      -2167.401    0.000   0.000   0.000   0.
  2017 352  5 25 44 497 352.226209465       1.54      0.71     -2.77  0.       -4860.395       2339.652      -2168.948    0.000   0.000   0.000   0.
  2017 352  5 25 45 497 352.226221039       1.16      0.71     -3.54  0.       -4859.154       2337.584      -2170.495    0.000   0.000   0.000   0.
  2017 352  5 25 46 497 352.226232613       0.49      0.77     -4.28  0.       -4857.912       2335.516      -2172.042    0.000   0.000   0.000   0.
  2017 352  5 25 47 497 352.226244187       0.00      0.58     -4.28  0.       -4856.669       2333.448      -2173.588    0.000   0.000   0.000   0.
  2017 352  5 25 48 497 352.226255761      -0.47      0.73     -4.49  0.       -4855.425       2331.379      -2175.134    0.000   0.000   0.000   0.
  2017 352  5 25 49 497 352.226267335      -0.97      0.59     -4.23  0.       -4854.180       2329.309      -2176.679    0.000   0.000   0.000   0.
  2017 352  5 25 50 497 352.226278909      -1.79      0.64     -3.63  0.       -4852.933       2327.239      -2178.224    0.000   0.000   0.000   0.
  2017 352  5 25 51 497 352.226290483      -2.71      0.96     -1.99  0.       -4851.686       2325.168      -2179.768    0.000   0.000   0.000   0.
  2017 352  5 25 52 497 352.226302057      -2.75      1.53     -0.21  0.       -4850.438       2323.097      -2181.312    0.000   0.000   0.000   0.
  2017 352  5 25 53 497 352.226313631      -1.72      1.13      0.51  0.       -4849.188       2321.025      -2182.855    0.000   0.000   0.000   0.
  2017 352  5 25 54 497 352.226325205      -0.59      0.09      0.26  0.       -4847.938       2318.953      -2184.398    0.000   0.000   0.000   0.
  2017 352  5 25 55 497 352.226336779      -0.56     -0.02     -0.01  0.       -4846.686       2316.880      -2185.940    0.000   0.000   0.000   0.
  2017 352  5 25 56 497 352.226348354      -0.19      0.37      0.70  0.       -4845.434       2314.807      -2187.482    0.000   0.000   0.000   0.
  2017 352  5 25 57 497 352.226359928       1.32      1.54     -0.24  0.       -4844.180       2312.733      -2189.023    0.000   0.000   0.000   0.
  2017 352  5 25 58 497 352.226371499       1.85      1.64     -1.13  0.       -4842.925       2310.659      -2190.564    0.000   0.000   0.000   0.
  2017 352  5 25 59 497 352.226383073       1.68      1.43     -2.00  0.       -4841.670       2308.585      -2192.105    0.000   0.000   0.000   0.
  2017 352  5 26  0 497 352.226394647       1.19      1.32     -2.76  0.       -4840.413       2306.509      -2193.645    0.000   0.000   0.000   0.
  2017 352  5 26  1 497 352.226406221       1.03      1.00     -3.03  0.       -4839.155       2304.434      -2195.184    0.000   0.000   0.000   0.
  2017 352  5 26  2 497 352.226417795       0.89      0.62     -3.66  0.       -4837.896       2302.357      -2196.723    0.000   0.000   0.000   0.
  2017 352  5 26  3 497 352.226429369      -0.14      0.70     -3.53  0.       -4836.636       2300.281      -2198.262    0.000   0.000   0.000   0.
  2017 352  5 26  4 497 352.226440943      -1.46      1.07     -2.71  0.       -4835.375       2298.203      -2199.800    0.000   0.000   0.000   0.
  2017 352  5 26  5 497 352.226452517      -1.04      1.77     -1.95  0.       -4834.113       2296.125      -2201.337    0.000   0.000   0.000   0.
  2017 352  5 26  6 497 352.226464091      -0.19      1.53     -2.26  0.       -4832.849       2294.047      -2202.874    0.000   0.000   0.000   0.
  2017 352  5 26  7 497 352.226475666       0.39      1.48     -2.83  0.       -4831.585       2291.968      -2204.411    0.000   0.000   0.000   0.
  2017 352  5 26  8 497 352.226487240       0.70      1.66     -3.16  0.       -4830.320       2289.889      -2205.947    0.000   0.000   0.000   0.
  2017 352  5 26  9 497 352.226498814       0.68      1.82     -3.46  0.       -4829.053       2287.809      -2207.482    0.000   0.000   0.000   0.
  2017 352  5 26 10 497 352.226510388       0.58      1.99     -3.57  0.       -4827.786       2285.729      -2209.017    0.000   0.000   0.000   0.
  2017 352  5 26 11 497 352.226521962       0.53      2.20     -3.68  0.       -4826.517       2283.648      -2210.552    0.000   0.000   0.000   0.
  2017 352  5 26 12 497 352.226533536       0.36      2.16     -3.73  0.       -4825.248       2281.567      -2212.086    0.000   0.000   0.000   0.
  2017 352  5 26 13 497 352.226545110       0.22      2.03     -3.71  0.       -4823.977       2279.485      -2213.620    0.000   0.000   0.000   0.
  2017 352  5 26 14 497 352.226556684       0.20      1.94     -3.57  0.       -4822.705       2277.403      -2215.153    0.000   0.000   0.000   0.
  2017 352  5 26 15 497 352.226568258       0.19      1.84     -3.59  0.       -4821.432       2275.320      -2216.685    0.000   0.000   0.000   0.
  2017 352  5 26 16 497 352.226579832      -0.14      1.57     -3.87  0.       -4820.158       2273.236      -2218.217    0.000   0.000   0.000   0.
  2017 352  5 26 17 497 352.226591406      -0.45      1.79     -4.35  0.       -4818.883       2271.153      -2219.749    0.000   0.000   0.000   0.
  2017 352  5 26 18 497 352.226602980      -0.93      2.59     -4.07  0.       -4817.607       2269.068      -2221.280    0.000   0.000   0.000   0.
  2017 352  5 26 19 497 352.226614554      -1.19      2.55     -2.66  0.       -4816.330       2266.983      -2222.811    0.000   0.000   0.000   0.
  2017 352  5 26 20 497 352.226626129      -1.20      1.73     -1.74  0.       -4815.052       2264.898      -2224.341    0.000   0.000   0.000   0.
  2017 352  5 26 21 497 352.226637702      -0.90      0.96     -1.16  0.       -4813.773       2262.812      -2225.870    0.000   0.000   0.000   0.
  2017 352  5 26 22 497 352.226649277      -0.18      0.77     -1.16  0.       -4812.493       2260.726      -2227.400    0.000   0.000   0.000   0.
  2017 352  5 26 23 497 352.226660851       0.37      0.87     -1.21  0.       -4811.211       2258.639      -2228.928    0.000   0.000   0.000   0.
  2017 352  5 26 24 497 352.226672425       0.69      0.85     -1.39  0.       -4809.929       2256.551      -2230.456    0.000   0.000   0.000   0.
  2017 352  5 26 25 497 352.226683999       0.62      0.85     -1.66  0.       -4808.645       2254.464      -2231.984    0.000   0.000   0.000   0.
  2017 352  5 26 26 497 352.226695573       0.64      0.77     -1.80  0.       -4807.360       2252.375      -2233.511    0.000   0.000   0.000   0.
  2017 352  5 26 27 497 352.226707147       0.74      0.83     -2.13  0.       -4806.074       2250.286      -2235.038    0.000   0.000   0.000   0.
  2017 352  5 26 28 497 352.226718719       0.75      0.74     -2.36  0.       -4804.788       2248.197      -2236.564    0.000   0.000   0.000   0.
  2017 352  5 26 29 497 352.226730292       1.11      0.81     -2.93  0.       -4803.500       2246.107      -2238.089    0.000   0.000   0.000   0.
  2017 352  5 26 30 497 352.226741866       1.25      0.97     -3.74  0.       -4802.211       2244.017      -2239.615    0.000   0.000   0.000   0.
  2017 352  5 26 31 497 352.226753440       0.94      1.35     -4.68  0.       -4800.921       2241.926      -2241.139    0.000   0.000   0.000   0.
  2017 352  5 26 32 497 352.226765014       0.30      1.62     -4.74  0.       -4799.630       2239.834      -2242.663    0.000   0.000   0.000   0.
  2017 352  5 26 33 497 352.226776589      -0.25      1.73     -4.63  0.       -4798.338       2237.742      -2244.187    0.000   0.000   0.000   0.
  2017 352  5 26 34 497 352.226788163      -0.91      2.26     -4.55  0.       -4797.044       2235.650      -2245.710    0.000   0.000   0.000   0.
  2017 352  5 26 35 497 352.226799737      -1.37      2.76     -4.16  0.       -4795.750       2233.557      -2247.233    0.000   0.000   0.000   0.
  2017 352  5 26 36 497 352.226811311      -1.46      3.06     -3.60  0.       -4794.454       2231.463      -2248.755    0.000   0.000   0.000   0.
  2017 352  5 26 37 497 352.226822885      -1.70      2.92     -2.77  0.       -4793.158       2229.369      -2250.276    0.000   0.000   0.000   0.
  2017 352  5 26 38 497 352.226834459      -1.64      2.42     -2.05  0.       -4791.860       2227.275      -2251.797    0.000   0.000   0.000   0.
  2017 352  5 26 39 497 352.226846033      -1.55      2.07     -1.41  0.       -4790.562       2225.180      -2253.318    0.000   0.000   0.000   0.
  2017 352  5 26 40 497 352.226857607      -1.23      1.68     -1.08  0.       -4789.262       2223.085      -2254.838    0.000   0.000   0.000   0.
  2017 352  5 26 41 497 352.226869181      -1.06      1.79     -1.29  0.       -4787.961       2220.989      -2256.358    0.000   0.000   0.000   0.
  2017 352  5 26 42 497 352.226880755      -0.73      1.69     -1.53  0.       -4786.659       2218.892      -2257.877    0.000   0.000   0.000   0.
  2017 352  5 26 43 497 352.226892329      -1.02      1.64     -1.80  0.       -4785.356       2216.795      -2259.395    0.000   0.000   0.000   0.
  2017 352  5 26 44 497 352.226903903      -1.01      1.77     -1.84  0.       -4784.052       2214.698      -2260.913    0.000   0.000   0.000   0.
  2017 352  5 26 45 497 352.226915477      -1.20      2.06     -1.97  0.       -4782.747       2212.600      -2262.431    0.000   0.000   0.000   0.
  2017 352  5 26 46 497 352.226927052      -1.44      2.19     -1.75  0.       -4781.441       2210.501      -2263.948    0.000   0.000   0.000   0.
  2017 352  5 26 47 497 352.226938626      -1.22      2.14     -1.30  0.       -4780.133       2208.402      -2265.464    0.000   0.000   0.000   0.
  2017 352  5 26 48 497 352.226950200      -0.53      2.20     -1.20  0.       -4778.825       2206.303      -2266.980    0.000   0.000   0.000   0.
  2017 352  5 26 49 497 352.226961774       0.16      2.04     -0.90  0.       -4777.515       2204.203      -2268.495    0.000   0.000   0.000   0.
  2017 352  5 26 50 497 352.226973348       0.75      1.65     -1.40  0.       -4776.205       2202.102      -2270.010    0.000   0.000   0.000   0.
  2017 352  5 26 51 497 352.226984922       0.51      1.57     -2.08  0.       -4774.893       2200.001      -2271.525    0.000   0.000   0.000   0.
  2017 352  5 26 52 497 352.226996496      -0.02      1.40     -2.24  0.       -4773.580       2197.900      -2273.039    0.000   0.000   0.000   0.
  2017 352  5 26 53 497 352.227008070      -0.43      1.10     -2.00  0.       -4772.266       2195.798      -2274.552    0.000   0.000   0.000   0.
  2017 352  5 26 54 497 352.227019644      -0.92      1.26     -1.58  0.       -4770.951       2193.696      -2276.065    0.000   0.000   0.000   0.
  2017 352  5 26 55 497 352.227031218      -0.90      1.51     -1.67  0.       -4769.635       2191.593      -2277.577    0.000   0.000   0.000   0.
  2017 352  5 26 56 497 352.227042792      -1.24      1.47     -0.92  0.       -4768.318       2189.489      -2279.089    0.000   0.000   0.000   0.
  2017 352  5 26 57 497 352.227054366       0.32      1.58      0.12  0.       -4767.000       2187.385      -2280.600    0.000   0.000   0.000   0.
  2017 352  5 26 58 497 352.227065938       1.58      1.19     -0.52  0.       -4765.681       2185.281      -2282.111    0.000   0.000   0.000   0.
  2017 352  5 26 59 496 352.227077512       1.54      1.06     -1.28  0.       -4764.360       2183.176      -2283.621    0.000   0.000   0.000   0.
  2017 352  5 27  0 496 352.227089086       1.52      0.92     -2.04  0.       -4763.039       2181.070      -2285.131    0.000   0.000   0.000   0.
  2017 352  5 27  1 497 352.227100660       0.99      1.01     -2.47  0.       -4761.716       2178.964      -2286.640    0.000   0.000   0.000   0.
  2017 352  5 27  2 497 352.227112234       0.74      1.17     -2.15  0.       -4760.393       2176.858      -2288.149    0.000   0.000   0.000   0.
  2017 352  5 27  3 497 352.227123808       0.68      1.01     -2.07  0.       -4759.068       2174.751      -2289.657    0.000   0.000   0.000   0.
  2017 352  5 27  4 497 352.227135382       1.02      1.20     -2.00  0.       -4757.742       2172.643      -2291.164    0.000   0.000   0.000   0.
  2017 352  5 27  5 496 352.227146956       1.34      1.32     -2.40  0.       -4756.415       2170.535      -2292.671    0.000   0.000   0.000   0.
  2017 352  5 27  6 496 352.227158530       1.25      1.43     -3.52  0.       -4755.087       2168.427      -2294.178    0.000   0.000   0.000   0.
  2017 352  5 27  7 496 352.227170104       0.41      1.62     -4.20  0.       -4753.758       2166.318      -2295.684    0.000   0.000   0.000   0.
  2017 352  5 27  8 496 352.227181678      -0.64      1.78     -4.24  0.       -4752.428       2164.208      -2297.189    0.000   0.000   0.000   0.
  2017 352  5 27  9 496 352.227193252      -1.61      1.80     -4.17  0.       -4751.096       2162.098      -2298.694    0.000   0.000   0.000   0.
  2017 352  5 27 10 497 352.227204826      -2.12      1.76     -3.80  0.       -4749.764       2159.988      -2300.198    0.000   0.000   0.000   0.
  2017 352  5 27 11 497 352.227216400      -2.29      1.60     -3.25  0.       -4748.430       2157.877      -2301.702    0.000   0.000   0.000   0.
  2017 352  5 27 12 496 352.227227975      -2.23      1.44     -2.46  0.       -4747.096       2155.765      -2303.206    0.000   0.000   0.000   0.
  2017 352  5 27 13 496 352.227239549      -1.87      1.55     -1.69  0.       -4745.760       2153.653      -2304.709    0.000   0.000   0.000   0.
  2017 352  5 27 14 497 352.227251123      -1.50      1.72     -1.26  0.       -4744.423       2151.541      -2306.211    0.000   0.000   0.000   0.
  2017 352  5 27 15 497 352.227262697      -1.23      1.88     -1.05  0.       -4743.085       2149.428      -2307.713    0.000   0.000   0.000   0.
  2017 352  5 27 16 497 352.227274271      -0.44      2.07     -0.86  0.       -4741.746       2147.315      -2309.214    0.000   0.000   0.000   0.
  2017 352  5 27 17 497 352.227285845       0.82      1.83     -0.87  0.       -4740.406       2145.201      -2310.715    0.000   0.000   0.000   0.
  2017 352  5 27 18 497 352.227297419       0.91      1.32     -1.70  0.       -4739.065       2143.086      -2312.215    0.000   0.000   0.000   0.
  2017 352  5 27 19 496 352.227308993       0.55      1.23     -2.33  0.       -4737.723       2140.971      -2313.714    0.000   0.000   0.000   0.
  2017 352  5 27 20 496 352.227320567       0.30      1.20     -2.78  0.       -4736.379       2138.856      -2315.213    0.000   0.000   0.000   0.
  2017 352  5 27 21 496 352.227332141      -0.38      1.24     -3.19  0.       -4735.035       2136.740      -2316.712    0.000   0.000   0.000   0.
  2017 352  5 27 22 496 352.227343715      -1.23      1.07     -3.18  0.       -4733.689       2134.623      -2318.210    0.000   0.000   0.000   0.
  2017 352  5 27 23 497 352.227355289      -1.34      1.00     -2.67  0.       -4732.343       2132.506      -2319.707    0.000   0.000   0.000   0.
  2017 352  5 27 24 497 352.227366863      -0.99      1.00     -2.50  0.       -4730.995       2130.389      -2321.204    0.000   0.000   0.000   0.
  2017 352  5 27 25 496 352.227378438      -0.89      0.95     -2.50  0.       -4729.646       2128.271      -2322.701    0.000   0.000   0.000   0.
  2017 352  5 27 26 496 352.227390012      -0.90      1.15     -2.46  0.       -4728.296       2126.153      -2324.196    0.000   0.000   0.000   0.
  2017 352  5 27 27 496 352.227401586      -1.04      0.99     -2.62  0.       -4726.945       2124.034      -2325.692    0.000   0.000   0.000   0.
  2017 352  5 27 28 497 352.227413160      -1.01      0.73     -2.41  0.       -4725.593       2121.914      -2327.186    0.000   0.000   0.000   0.
  2017 352  5 27 29 497 352.227424734      -0.84      0.82     -2.27  0.       -4724.239       2119.794      -2328.681    0.000   0.000   0.000   0.
  2017 352  5 27 30 497 352.227436306      -0.59      0.66     -2.27  0.       -4722.885       2117.674      -2330.174    0.000   0.000   0.000   0.
  2017 352  5 27 31 496 352.227447879      -0.48      0.57     -2.33  0.       -4721.529       2115.553      -2331.667    0.000   0.000   0.000   0.
  2017 352  5 27 32 496 352.227459453      -0.54      0.45     -2.42  0.       -4720.173       2113.432      -2333.160    0.000   0.000   0.000   0.
  2017 352  5 27 33 496 352.227471027      -0.85      0.55     -2.51  0.       -4718.815       2111.310      -2334.652    0.000   0.000   0.000   0.
  2017 352  5 27 34 496 352.227482601      -1.15      0.67     -2.44  0.       -4717.456       2109.187      -2336.143    0.000   0.000   0.000   0.
  2017 352  5 27 35 496 352.227494175      -1.47      0.67     -2.33  0.       -4716.096       2107.064      -2337.634    0.000   0.000   0.000   0.
  2017 352  5 27 36 496 352.227505749      -1.66      0.52     -2.13  0.       -4714.735       2104.941      -2339.125    0.000   0.000   0.000   0.
  2017 352  5 27 37 496 352.227517323      -1.47      0.52     -1.96  0.       -4713.373       2102.817      -2340.614    0.000   0.000   0.000   0.
  2017 352  5 27 38 496 352.227528898      -1.17      0.56     -1.84  0.       -4712.010       2100.693      -2342.104    0.000   0.000   0.000   0.
  2017 352  5 27 39 496 352.227540472      -0.85      0.46     -1.83  0.       -4710.646       2098.568      -2343.592    0.000   0.000   0.000   0.
  2017 352  5 27 40 496 352.227552046      -0.77      0.40     -1.89  0.       -4709.280       2096.443      -2345.081    0.000   0.000   0.000   0.
  2017 352  5 27 41 496 352.227563620      -0.80      0.34     -1.94  0.       -4707.913       2094.317      -2346.568    0.000   0.000   0.000   0.
  2017 352  5 27 42 496 352.227575194      -0.78      0.50     -2.19  0.       -4706.546       2092.190      -2348.055    0.000   0.000   0.000   0.
  2017 352  5 27 43 496 352.227586768      -1.03      0.65     -2.33  0.       -4705.177       2090.063      -2349.542    0.000   0.000   0.000   0.
  2017 352  5 27 44 496 352.227598342      -1.38      0.63     -2.12  0.       -4703.807       2087.936      -2351.027    0.000   0.000   0.000   0.
  2017 352  5 27 45 496 352.227609916      -1.46      0.62     -1.88  0.       -4702.436       2085.808      -2352.513    0.000   0.000   0.000   0.
  2017 352  5 27 46 496 352.227621490      -1.50      0.66     -1.88  0.       -4701.064       2083.680      -2353.998    0.000   0.000   0.000   0.
  2017 352  5 27 47 496 352.227633064      -1.46      0.72     -1.74  0.       -4699.691       2081.551      -2355.482    0.000   0.000   0.000   0.
  2017 352  5 27 48 496 352.227644638      -1.30      0.76     -1.47  0.       -4698.316       2079.422      -2356.966    0.000   0.000   0.000   0.
  2017 352  5 27 49 496 352.227656212      -1.24      0.74     -1.32  0.       -4696.940       2077.292      -2358.449    0.000   0.000   0.000   0.
  2017 352  5 27 50 496 352.227667786      -1.07      0.59     -1.32  0.       -4695.564       2075.162      -2359.931    0.000   0.000   0.000   0.
  2017 352  5 27 51 496 352.227679361      -0.90      0.64     -1.40  0.       -4694.187       2073.031      -2361.413    0.000   0.000   0.000   0.
  2017 352  5 27 52 496 352.227690935      -0.78      0.82     -1.43  0.       -4692.808       2070.900      -2362.895    0.000   0.000   0.000   0.
  2017 352  5 27 53 496 352.227702509      -0.66      0.75     -1.39  0.       -4691.428       2068.768      -2364.376    0.000   0.000   0.000   0.
  2017 352  5 27 54 496 352.227714083      -0.42      0.72     -1.41  0.       -4690.047       2066.636      -2365.856    0.000   0.000   0.000   0.
  2017 352  5 27 55 496 352.227725657      -0.33      0.66     -1.42  0.       -4688.665       2064.503      -2367.336    0.000   0.000   0.000   0.
  2017 352  5 27 56 496 352.227737231      -0.09      0.68     -1.36  0.       -4687.281       2062.370      -2368.815    0.000   0.000   0.000   0.
  2017 352  5 27 57 496 352.227748805       0.18      0.70     -1.46  0.       -4685.897       2060.236      -2370.293    0.000   0.000   0.000   0.
  2017 352  5 27 58 496 352.227760379       0.31      0.54     -1.60  0.       -4684.512       2058.102      -2371.772    0.000   0.000   0.000   0.
  2017 352  5 27 59 496 352.227771953       0.40      0.28     -1.55  0.       -4683.125       2055.967      -2373.249    0.000   0.000   0.000   0.
  2017 352  5 28  0 496 352.227783525       0.42      0.26     -1.48  0.       -4681.737       2053.832      -2374.726    0.000   0.000   0.000   0.
  2017 352  5 28  1 496 352.227795098       0.42      0.19     -1.50  0.       -4680.348       2051.696      -2376.202    0.000   0.000   0.000   0.
  2017 352  5 28  2 496 352.227806672       0.42      0.15     -1.46  0.       -4678.958       2049.560      -2377.678    0.000   0.000   0.000   0.
  2017 352  5 28  3 496 352.227818247       0.55      0.10     -1.47  0.       -4677.567       2047.423      -2379.153    0.000   0.000   0.000   0.
  2017 352  5 28  4 496 352.227829821       0.49      0.02     -1.52  0.       -4676.175       2045.286      -2380.628    0.000   0.000   0.000   0.
  2017 352  5 28  5 496 352.227841395       0.44     -0.08     -1.53  0.       -4674.782       2043.148      -2382.102    0.000   0.000   0.000   0.
  2017 352  5 28  6 496 352.227852969       0.44     -0.10     -1.60  0.       -4673.387       2041.010      -2383.576    0.000   0.000   0.000   0.
  2017 352  5 28  7 496 352.227864543       0.36     -0.08     -1.74  0.       -4671.992       2038.871      -2385.048    0.000   0.000   0.000   0.
  2017 352  5 28  8 496 352.227876117       0.38     -0.10     -1.85  0.       -4670.595       2036.732      -2386.521    0.000   0.000   0.000   0.
  2017 352  5 28  9 496 352.227887691       0.41     -0.13     -2.01  0.       -4669.197       2034.593      -2387.993    0.000   0.000   0.000   0.
  2017 352  5 28 10 496 352.227899265       0.39     -0.13     -2.12  0.       -4667.798       2032.453      -2389.464    0.000   0.000   0.000   0.
  2017 352  5 28 11 496 352.227910839       0.45     -0.15     -2.16  0.       -4666.398       2030.312      -2390.934    0.000   0.000   0.000   0.
  2017 352  5 28 12 496 352.227922413       0.54     -0.31     -2.08  0.       -4664.997       2028.171      -2392.404    0.000   0.000   0.000   0.
  2017 352  5 28 13 496 352.227933987       0.55     -0.43     -2.16  0.       -4663.595       2026.029      -2393.874    0.000   0.000   0.000   0.
  2017 352  5 28 14 496 352.227945561       0.52     -0.57     -2.28  0.       -4662.191       2023.887      -2395.343    0.000   0.000   0.000   0.
  2017 352  5 28 15 496 352.227957135       0.54     -0.75     -2.39  0.       -4660.787       2021.745      -2396.811    0.000   0.000   0.000   0.
  2017 352  5 28 16 496 352.227968710       0.62     -0.84     -2.59  0.       -4659.381       2019.601      -2398.279    0.000   0.000   0.000   0.
  2017 352  5 28 17 496 352.227980284       0.71     -0.90     -2.72  0.       -4657.974       2017.458      -2399.746    0.000   0.000   0.000   0.
  2017 352  5 28 18 496 352.227991858       0.78     -0.89     -2.69  0.       -4656.567       2015.314      -2401.213    0.000   0.000   0.000   0.
  2017 352  5 28 19 496 352.228003432       0.89     -0.78     -2.67  0.       -4655.158       2013.169      -2402.679    0.000   0.000   0.000   0.
  2017 352  5 28 20 496 352.228015006       0.96     -0.69     -2.71  0.       -4653.747       2011.025      -2404.144    0.000   0.000   0.000   0.
  2017 352  5 28 21 496 352.228026580       0.97     -0.90     -2.85  0.       -4652.336       2008.879      -2405.609    0.000   0.000   0.000   0.
  2017 352  5 28 22 496 352.228038154       1.17     -0.85     -3.30  0.       -4650.924       2006.733      -2407.073    0.000   0.000   0.000   0.
  2017 352  5 28 23 496 352.228049728       1.30     -0.73     -3.87  0.       -4649.510       2004.587      -2408.537    0.000   0.000   0.000   0.
  2017 352  5 28 24 496 352.228061302       1.25     -0.69     -3.84  0.       -4648.095       2002.440      -2410.000    0.000   0.000   0.000   0.
  2017 352  5 28 25 496 352.228072876       1.23     -0.85     -3.64  0.       -4646.680       2000.292      -2411.462    0.000   0.000   0.000   0.
  2017 352  5 28 26 496 352.228084450       1.18     -0.98     -3.28  0.       -4645.263       1998.144      -2412.924    0.000   0.000   0.000   0.
  2017 352  5 28 27 496 352.228096024       1.41     -0.95     -3.05  0.       -4643.845       1995.996      -2414.385    0.000   0.000   0.000   0.
  2017 352  5 28 28 496 352.228107598       1.59     -1.02     -2.97  0.       -4642.425       1993.847      -2415.846    0.000   0.000   0.000   0.
  2017 352  5 28 29 496 352.228119172       1.70     -1.09     -2.96  0.       -4641.005       1991.698      -2417.306    0.000   0.000   0.000   0.
  2017 352  5 28 30 496 352.228130744       1.90     -1.23     -2.78  0.       -4639.584       1989.548      -2418.766    0.000   0.000   0.000   0.
  2017 352  5 28 31 496 352.228142318       1.86     -1.40     -2.57  0.       -4638.161       1987.398      -2420.225    0.000   0.000   0.000   0.
  2017 352  5 28 32 496 352.228153892       1.83     -1.43     -2.55  0.       -4636.737       1985.247      -2421.683    0.000   0.000   0.000   0.
  2017 352  5 28 33 496 352.228165466       1.69     -1.42     -2.57  0.       -4635.313       1983.095      -2423.141    0.000   0.000   0.000   0.
  2017 352  5 28 34 496 352.228177040       1.69     -1.50     -2.65  0.       -4633.886       1980.944      -2424.598    0.000   0.000   0.000   0.
  2017 352  5 28 35 496 352.228188614       1.75     -1.62     -2.62  0.       -4632.459       1978.791      -2426.054    0.000   0.000   0.000   0.
  2017 352  5 28 36 496 352.228200188       1.75     -1.67     -2.72  0.       -4631.031       1976.638      -2427.510    0.000   0.000   0.000   0.
  2017 352  5 28 37 496 352.228211762       1.72     -1.68     -2.82  0.       -4629.602       1974.485      -2428.966    0.000   0.000   0.000   0.
  2017 352  5 28 38 496 352.228223336       1.67     -1.58     -2.76  0.       -4628.171       1972.331      -2430.421    0.000   0.000   0.000   0.
  2017 352  5 28 39 496 352.228234910       1.64     -1.37     -2.64  0.       -4626.740       1970.177      -2431.875    0.000   0.000   0.000   0.
  2017 352  5 28 40 496 352.228246484       1.54     -1.31     -2.58  0.       -4625.307       1968.023      -2433.328    0.000   0.000   0.000   0.
  2017 352  5 28 41 496 352.228258058       1.52     -1.47     -2.67  0.       -4623.873       1965.867      -2434.781    0.000   0.000   0.000   0.
  2017 352  5 28 42 496 352.228269633       1.39     -1.37     -2.63  0.       -4622.438       1963.712      -2436.234    0.000   0.000   0.000   0.
  2017 352  5 28 43 496 352.228281207       1.20     -1.27     -2.63  0.       -4621.002       1961.556      -2437.686    0.000   0.000   0.000   0.
  2017 352  5 28 44 496 352.228292781       1.15     -1.31     -2.67  0.       -4619.564       1959.399      -2439.137    0.000   0.000   0.000   0.
  2017 352  5 28 45 496 352.228304355       1.18     -1.30     -2.60  0.       -4618.126       1957.242      -2440.587    0.000   0.000   0.000   0.
  2017 352  5 28 46 496 352.228315929       1.23     -1.22     -2.71  0.       -4616.686       1955.084      -2442.037    0.000   0.000   0.000   0.
  2017 352  5 28 47 496 352.228327503       1.20     -1.13     -2.77  0.       -4615.246       1952.926      -2443.487    0.000   0.000   0.000   0.
  2017 352  5 28 48 496 352.228339077       1.25     -1.10     -2.84  0.       -4613.804       1950.768      -2444.936    0.000   0.000   0.000   0.
  2017 352  5 28 49 496 352.228350651       1.31     -1.01     -2.87  0.       -4612.361       1948.608      -2446.384    0.000   0.000   0.000   0.
  2017 352  5 28 50 496 352.228362225       1.32     -0.92     -2.87  0.       -4610.917       1946.449      -2447.831    0.000   0.000   0.000   0.
  2017 352  5 28 51 496 352.228373799       1.39     -0.92     -2.85  0.       -4609.471       1944.289      -2449.278    0.000   0.000   0.000   0.
  2017 352  5 28 52 496 352.228385373       1.51     -0.91     -2.87  0.       -4608.025       1942.128      -2450.725    0.000   0.000   0.000   0.
  2017 352  5 28 53 496 352.228396947       1.57     -0.92     -2.90  0.       -4606.577       1939.968      -2452.170    0.000   0.000   0.000   0.
  2017 352  5 28 54 496 352.228408521       1.57     -1.02     -2.96  0.       -4605.129       1937.806      -2453.615    0.000   0.000   0.000   0.
  2017 352  5 28 55 496 352.228420095       1.59     -1.19     -3.06  0.       -4603.679       1935.644      -2455.060    0.000   0.000   0.000   0.
  2017 352  5 28 56 496 352.228431670       1.62     -1.27     -3.11  0.       -4602.228       1933.482      -2456.504    0.000   0.000   0.000   0.
  2017 352  5 28 57 496 352.228443244       1.66     -1.23     -3.23  0.       -4600.776       1931.319      -2457.947    0.000   0.000   0.000   0.
  2017 352  5 28 58 496 352.228454818       1.73     -1.15     -3.28  0.       -4599.322       1929.155      -2459.390    0.000   0.000   0.000   0.
  2017 352  5 28 59 496 352.228466392       1.76     -1.14     -3.24  0.       -4597.868       1926.992      -2460.832    0.000   0.000   0.000   0.
  2017 352  5 29  0 496 352.228477963       1.81     -0.89     -3.02  0.       -4596.412       1924.827      -2462.273    0.000   0.000   0.000   0.
  2017 352  5 29  1 495 352.228489537       1.68     -0.79     -2.88  0.       -4594.956       1922.662      -2463.714    0.000   0.000   0.000   0.
  2017 352  5 29  2 495 352.228501111       1.67     -0.88     -2.70  0.       -4593.498       1920.497      -2465.155    0.000   0.000   0.000   0.
  2017 352  5 29  3 495 352.228512685       1.57     -0.85     -2.70  0.       -4592.039       1918.331      -2466.594    0.000   0.000   0.000   0.
  2017 352  5 29  4 495 352.228524259       1.50     -0.69     -2.68  0.       -4590.579       1916.165      -2468.033    0.000   0.000   0.000   0.
  2017 352  5 29  5 495 352.228535833       1.54     -0.54     -2.65  0.       -4589.117       1913.998      -2469.471    0.000   0.000   0.000   0.
  2017 352  5 29  6 496 352.228547407       1.67     -0.40     -2.64  0.       -4587.655       1911.831      -2470.909    0.000   0.000   0.000   0.
  2017 352  5 29  7 496 352.228558981       1.91     -0.42     -2.76  0.       -4586.191       1909.663      -2472.346    0.000   0.000   0.000   0.
  2017 352  5 29  8 495 352.228570556       2.25     -0.25     -2.99  0.       -4584.726       1907.495      -2473.783    0.000   0.000   0.000   0.
  2017 352  5 29  9 495 352.228582130       2.46      0.07     -3.07  0.       -4583.261       1905.327      -2475.219    0.000   0.000   0.000   0.
  2017 352  5 29 10 496 352.228593704       2.68      0.06     -3.07  0.       -4581.794       1903.157      -2476.654    0.000   0.000   0.000   0.
  2017 352  5 29 11 496 352.228605278       2.88      0.13     -3.26  0.       -4580.325       1900.988      -2478.089    0.000   0.000   0.000   0.
  2017 352  5 29 12 496 352.228616852       2.88      0.13     -3.29  0.       -4578.856       1898.818      -2479.523    0.000   0.000   0.000   0.
  2017 352  5 29 13 496 352.228628426       2.80      0.14     -3.39  0.       -4577.386       1896.647      -2480.956    0.000   0.000   0.000   0.
  2017 352  5 29 14 495 352.228640000       2.69      0.05     -3.55  0.       -4575.914       1894.476      -2482.389    0.000   0.000   0.000   0.
  2017 352  5 29 15 495 352.228651574       2.39     -0.40     -3.72  0.       -4574.441       1892.305      -2483.821    0.000   0.000   0.000   0.
  2017 352  5 29 16 495 352.228663148       2.29     -0.33     -3.76  0.       -4572.967       1890.133      -2485.252    0.000   0.000   0.000   0.
  2017 352  5 29 17 495 352.228674722       2.45     -0.19     -3.90  0.       -4571.492       1887.960      -2486.683    0.000   0.000   0.000   0.
  2017 352  5 29 18 495 352.228686296       2.49     -0.33     -3.95  0.       -4570.016       1885.787      -2488.114    0.000   0.000   0.000   0.
  2017 352  5 29 19 496 352.228697870       2.55     -0.46     -3.91  0.       -4568.539       1883.614      -2489.543    0.000   0.000   0.000   0.
  2017 352  5 29 20 496 352.228709444       2.55     -0.34     -3.74  0.       -4567.060       1881.440      -2490.972    0.000   0.000   0.000   0.
  2017 352  5 29 21 495 352.228721018       2.42     -0.30     -3.66  0.       -4565.580       1879.266      -2492.401    0.000   0.000   0.000   0.
  2017 352  5 29 22 495 352.228732593       2.18     -0.25     -3.47  0.       -4564.099       1877.091      -2493.828    0.000   0.000   0.000   0.
  2017 352  5 29 23 496 352.228744167       2.03     -0.11     -3.22  0.       -4562.617       1874.916      -2495.256    0.000   0.000   0.000   0.
  2017 352  5 29 24 496 352.228755741       2.00     -0.01     -3.07  0.       -4561.134       1872.740      -2496.682    0.000   0.000   0.000   0.
  2017 352  5 29 25 496 352.228767315       2.08      0.02     -2.96  0.       -4559.650       1870.563      -2498.108    0.000   0.000   0.000   0.
  2017 352  5 29 26 496 352.228778889       2.23     -0.06     -3.05  0.       -4558.164       1868.387      -2499.533    0.000   0.000   0.000   0.
  2017 352  5 29 27 496 352.228790463       2.23     -0.15     -3.02  0.       -4556.678       1866.209      -2500.957    0.000   0.000   0.000   0.
  2017 352  5 29 28 495 352.228802035       2.10     -0.25     -3.02  0.       -4555.190       1864.032      -2502.381    0.000   0.000   0.000   0.
  2017 352  5 29 29 495 352.228813608       2.00     -0.30     -3.06  0.       -4553.701       1861.854      -2503.805    0.000   0.000   0.000   0.
  2017 352  5 29 30 495 352.228825182       1.98     -0.41     -3.03  0.       -4552.211       1859.675      -2505.228    0.000   0.000   0.000   0.
  2017 352  5 29 31 495 352.228836756       1.92     -0.49     -3.03  0.       -4550.720       1857.496      -2506.649    0.000   0.000   0.000   0.
  2017 352  5 29 32 495 352.228848330       1.87     -0.48     -3.08  0.       -4549.227       1855.316      -2508.071    0.000   0.000   0.000   0.
  2017 352  5 29 33 495 352.228859904       1.77     -0.51     -3.15  0.       -4547.734       1853.136      -2509.492    0.000   0.000   0.000   0.
  2017 352  5 29 34 495 352.228871479       1.65     -0.59     -3.16  0.       -4546.239       1850.956      -2510.912    0.000   0.000   0.000   0.
  2017 352  5 29 35 495 352.228883053       1.59     -0.59     -3.23  0.       -4544.743       1848.775      -2512.331    0.000   0.000   0.000   0.
  2017 352  5 29 36 495 352.228894627       1.47     -0.61     -3.25  0.       -4543.246       1846.593      -2513.750    0.000   0.000   0.000   0.
  2017 352  5 29 37 495 352.228906201       1.37     -0.61     -3.16  0.       -4541.748       1844.411      -2515.168    0.000   0.000   0.000   0.
  2017 352  5 29 38 495 352.228917775       1.31     -0.62     -3.04  0.       -4540.249       1842.229      -2516.586    0.000   0.000   0.000   0.
  2017 352  5 29 39 495 352.228929349       1.25     -0.66     -2.93  0.       -4538.748       1840.046      -2518.003    0.000   0.000   0.000   0.
  2017 352  5 29 40 495 352.228940923       1.33     -0.62     -2.75  0.       -4537.246       1837.863      -2519.419    0.000   0.000   0.000   0.
  2017 352  5 29 41 495 352.228952497       1.35     -0.51     -2.54  0.       -4535.744       1835.679      -2520.834    0.000   0.000   0.000   0.
  2017 352  5 29 42 495 352.228964071       1.42     -0.55     -2.42  0.       -4534.239       1833.495      -2522.249    0.000   0.000   0.000   0.
  2017 352  5 29 43 495 352.228975645       1.52     -0.72     -2.37  0.       -4532.734       1831.310      -2523.664    0.000   0.000   0.000   0.
  2017 352  5 29 44 495 352.228987219       1.65     -0.89     -2.30  0.       -4531.228       1829.124      -2525.077    0.000   0.000   0.000   0.
  2017 352  5 29 45 495 352.228998793       1.85     -1.07     -2.27  0.       -4529.720       1826.939      -2526.490    0.000   0.000   0.000   0.
  2017 352  5 29 46 495 352.229010367       2.02     -1.12     -2.27  0.       -4528.212       1824.753      -2527.903    0.000   0.000   0.000   0.
  2017 352  5 29 47 495 352.229021942       1.98     -1.18     -2.18  0.       -4526.702       1822.566      -2529.314    0.000   0.000   0.000   0.
  2017 352  5 29 48 495 352.229033516       1.97     -1.07     -1.97  0.       -4525.191       1820.379      -2530.725    0.000   0.000   0.000   0.
  2017 352  5 29 49 495 352.229045090       2.17     -0.94     -1.74  0.       -4523.679       1818.191      -2532.136    0.000   0.000   0.000   0.
  2017 352  5 29 50 495 352.229056664       2.25     -0.79     -1.70  0.       -4522.165       1816.003      -2533.545    0.000   0.000   0.000   0.
  2017 352  5 29 51 495 352.229068238       2.23     -0.92     -1.85  0.       -4520.651       1813.815      -2534.955    0.000   0.000   0.000   0.
  2017 352  5 29 52 495 352.229079812       2.15     -1.05     -1.73  0.       -4519.135       1811.626      -2536.363    0.000   0.000   0.000   0.
  2017 352  5 29 53 495 352.229091386       2.07     -1.08     -1.50  0.       -4517.618       1809.436      -2537.771    0.000   0.000   0.000   0.
  2017 352  5 29 54 495 352.229102960       1.92     -1.03     -1.31  0.       -4516.100       1807.246      -2539.178    0.000   0.000   0.000   0.
  2017 352  5 29 55 495 352.229114534       1.77     -0.93     -1.24  0.       -4514.581       1805.056      -2540.584    0.000   0.000   0.000   0.
  2017 352  5 29 56 495 352.229126108       1.67     -0.83     -1.21  0.       -4513.061       1802.865      -2541.990    0.000   0.000   0.000   0.
  2017 352  5 29 57 495 352.229137682       1.64     -0.86     -1.19  0.       -4511.539       1800.674      -2543.395    0.000   0.000   0.000   0.
  2017 352  5 29 58 495 352.229149254       1.77     -0.89     -1.19  0.       -4510.017       1798.482      -2544.800    0.000   0.000   0.000   0.
  2017 352  5 29 59 495 352.229160828       1.70     -0.92     -1.16  0.       -4508.493       1796.290      -2546.203    0.000   0.000   0.000   0.
  2017 352  5 30  0 495 352.229172402       1.46     -0.82     -1.04  0.       -4506.968       1794.097      -2547.606    0.000   0.000   0.000   0.
  2017 352  5 30  1 495 352.229183976       1.26     -0.68     -1.08  0.       -4505.442       1791.904      -2549.009    0.000   0.000   0.000   0.
  2017 352  5 30  2 495 352.229195550       1.12     -0.42     -0.97  0.       -4503.914       1789.710      -2550.411    0.000   0.000   0.000   0.
  2017 352  5 30  3 495 352.229207124       1.10     -0.26     -0.87  0.       -4502.386       1787.516      -2551.812    0.000   0.000   0.000   0.
  2017 352  5 30  4 495 352.229218698       1.21     -0.01     -0.70  0.       -4500.856       1785.321      -2553.212    0.000   0.000   0.000   0.
  2017 352  5 30  5 495 352.229230272       1.33      0.08     -0.62  0.       -4499.325       1783.126      -2554.612    0.000   0.000   0.000   0.
  2017 352  5 30  6 495 352.229241846       1.40      0.04     -0.66  0.       -4497.793       1780.931      -2556.011    0.000   0.000   0.000   0.
  2017 352  5 30  7 495 352.229253420       1.62      0.12     -0.72  0.       -4496.260       1778.735      -2557.410    0.000   0.000   0.000   0.
  2017 352  5 30  8 495 352.229264994       1.73      0.01     -0.76  0.       -4494.725       1776.538      -2558.807    0.000   0.000   0.000   0.
  2017 352  5 30  9 495 352.229276568       1.88     -0.22     -0.87  0.       -4493.190       1774.341      -2560.205    0.000   0.000   0.000   0.
  2017 352  5 30 10 495 352.229288142       1.92     -0.27     -1.02  0.       -4491.653       1772.144      -2561.601    0.000   0.000   0.000   0.
  2017 352  5 30 11 495 352.229299716       1.98     -0.31     -1.08  0.       -4490.115       1769.946      -2562.997    0.000   0.000   0.000   0.
  2017 352  5 30 12 495 352.229311290       2.05     -0.42     -1.11  0.       -4488.576       1767.748      -2564.392    0.000   0.000   0.000   0.
  2017 352  5 30 13 495 352.229322865       2.17     -0.43     -1.14  0.       -4487.036       1765.549      -2565.786    0.000   0.000   0.000   0.
  2017 352  5 30 14 495 352.229334439       2.18     -0.46     -1.13  0.       -4485.494       1763.349      -2567.180    0.000   0.000   0.000   0.
  2017 352  5 30 15 495 352.229346013       2.01     -0.47     -1.22  0.       -4483.952       1761.150      -2568.573    0.000   0.000   0.000   0.
  2017 352  5 30 16 495 352.229357587       1.95     -0.41     -1.28  0.       -4482.408       1758.950      -2569.966    0.000   0.000   0.000   0.
  2017 352  5 30 17 495 352.229369161       1.91     -0.45     -1.35  0.       -4480.863       1756.749      -2571.357    0.000   0.000   0.000   0.
  2017 352  5 30 18 495 352.229380735       1.95     -0.51     -1.40  0.       -4479.317       1754.548      -2572.749    0.000   0.000   0.000   0.
  2017 352  5 30 19 495 352.229392309       2.03     -0.52     -1.44  0.       -4477.769       1752.346      -2574.139    0.000   0.000   0.000   0.
  2017 352  5 30 20 495 352.229403883       2.09     -0.56     -1.48  0.       -4476.221       1750.144      -2575.529    0.000   0.000   0.000   0.
  2017 352  5 30 21 495 352.229415457       2.11     -0.62     -1.53  0.       -4474.671       1747.942      -2576.918    0.000   0.000   0.000   0.
  2017 352  5 30 22 495 352.229427031       2.15     -0.70     -1.56  0.       -4473.120       1745.739      -2578.306    0.000   0.000   0.000   0.
  2017 352  5 30 23 495 352.229438605       2.22     -0.78     -1.66  0.       -4471.568       1743.535      -2579.694    0.000   0.000   0.000   0.
  2017 352  5 30 24 495 352.229450179       2.31     -0.83     -1.76  0.       -4470.015       1741.332      -2581.081    0.000   0.000   0.000   0.
  2017 352  5 30 25 495 352.229461754       2.51     -0.76     -1.66  0.       -4468.460       1739.127      -2582.467    0.000   0.000   0.000   0.
  2017 352  5 30 26 495 352.229473328       2.57     -0.67     -1.60  0.       -4466.905       1736.922      -2583.852    0.000   0.000   0.000   0.
  2017 352  5 30 27 495 352.229484902       2.63     -0.63     -1.60  0.       -4465.348       1734.717      -2585.237    0.000   0.000   0.000   0.
  2017 352  5 30 28 495 352.229496476       2.72     -0.71     -1.57  0.       -4463.790       1732.511      -2586.622    0.000   0.000   0.000   0.
  2017 352  5 30 29 495 352.229508050       2.76     -0.84     -1.51  0.       -4462.231       1730.305      -2588.005    0.000   0.000   0.000   0.
  2017 352  5 30 30 495 352.229519621       2.81     -0.94     -1.46  0.       -4460.671       1728.099      -2589.388    0.000   0.000   0.000   0.
  2017 352  5 30 31 495 352.229531195       2.80     -0.82     -1.31  0.       -4459.109       1725.892      -2590.770    0.000   0.000   0.000   0.
  2017 352  5 30 32 495 352.229542769       2.65     -0.80     -1.36  0.       -4457.546       1723.684      -2592.151    0.000   0.000   0.000   0.
  2017 352  5 30 33 495 352.229554343       2.60     -0.80     -1.25  0.       -4455.982       1721.476      -2593.532    0.000   0.000   0.000   0.
  2017 352  5 30 34 495 352.229565917       2.55     -0.73     -1.09  0.       -4454.417       1719.268      -2594.912    0.000   0.000   0.000   0.
  2017 352  5 30 35 495 352.229577491       2.41     -0.70     -0.95  0.       -4452.851       1717.059      -2596.292    0.000   0.000   0.000   0.
  2017 352  5 30 36 495 352.229589065       2.29     -0.70     -0.83  0.       -4451.284       1714.849      -2597.670    0.000   0.000   0.000   0.
  2017 352  5 30 37 495 352.229600639       2.10     -0.67     -0.85  0.       -4449.715       1712.639      -2599.048    0.000   0.000   0.000   0.
  2017 352  5 30 38 495 352.229612214       1.94     -0.61     -0.82  0.       -4448.145       1710.429      -2600.426    0.000   0.000   0.000   0.
  2017 352  5 30 39 495 352.229623788       1.80     -0.57     -0.78  0.       -4446.574       1708.218      -2601.803    0.000   0.000   0.000   0.
  2017 352  5 30 40 495 352.229635362       1.66     -0.51     -0.81  0.       -4445.002       1706.007      -2603.178    0.000   0.000   0.000   0.
  2017 352  5 30 41 495 352.229646936       1.61     -0.61     -0.81  0.       -4443.428       1703.795      -2604.553    0.000   0.000   0.000   0.
  2017 352  5 30 42 495 352.229658510       1.65     -0.50     -0.79  0.       -4441.854       1701.583      -2605.928    0.000   0.000   0.000   0.
  2017 352  5 30 43 495 352.229670084       1.67     -0.39     -0.68  0.       -4440.278       1699.371      -2607.302    0.000   0.000   0.000   0.
  2017 352  5 30 44 495 352.229681658       1.63     -0.45     -0.60  0.       -4438.701       1697.158      -2608.675    0.000   0.000   0.000   0.
  2017 352  5 30 45 495 352.229693232       1.65     -0.47     -0.53  0.       -4437.123       1694.944      -2610.047    0.000   0.000   0.000   0.
  2017 352  5 30 46 495 352.229704806       1.59     -0.54     -0.54  0.       -4435.543       1692.730      -2611.419    0.000   0.000   0.000   0.
  2017 352  5 30 47 495 352.229716380       1.55     -0.56     -0.65  0.       -4433.963       1690.516      -2612.790    0.000   0.000   0.000   0.
  2017 352  5 30 48 495 352.229727954       1.52     -0.59     -0.63  0.       -4432.381       1688.301      -2614.160    0.000   0.000   0.000   0.
  2017 352  5 30 49 495 352.229739528       1.47     -0.59     -0.61  0.       -4430.798       1686.086      -2615.530    0.000   0.000   0.000   0.
  2017 352  5 30 50 495 352.229751102       1.55     -0.50     -0.65  0.       -4429.214       1683.870      -2616.899    0.000   0.000   0.000   0.
  2017 352  5 30 51 495 352.229762677       1.67     -0.46     -0.66  0.       -4427.629       1681.654      -2618.267    0.000   0.000   0.000   0.
  2017 352  5 30 52 495 352.229774251       1.78     -0.36     -0.51  0.       -4426.042       1679.437      -2619.634    0.000   0.000   0.000   0.
  2017 352  5 30 53 495 352.229785825       1.82     -0.36     -0.45  0.       -4424.455       1677.220      -2621.001    0.000   0.000   0.000   0.
  2017 352  5 30 54 495 352.229797399       1.87     -0.44     -0.38  0.       -4422.866       1675.002      -2622.367    0.000   0.000   0.000   0.
  2017 352  5 30 55 495 352.229808973       1.93     -0.52     -0.35  0.       -4421.276       1672.784      -2623.733    0.000   0.000   0.000   0.
  2017 352  5 30 56 495 352.229820547       1.88     -0.70     -0.44  0.       -4419.684       1670.566      -2625.097    0.000   0.000   0.000   0.
  2017 352  5 30 57 495 352.229832121       1.89     -0.88     -0.62  0.       -4418.092       1668.347      -2626.461    0.000   0.000   0.000   0.
  2017 352  5 30 58 495 352.229843695       2.13     -0.89     -0.66  0.       -4416.498       1666.127      -2627.824    0.000   0.000   0.000   0.
  2017 352  5 30 59 495 352.229855269       2.14     -0.89     -0.57  0.       -4414.903       1663.907      -2629.187    0.000   0.000   0.000   0.
  2017 352  5 31  0 494 352.229866841       2.02     -0.81     -0.56  0.       -4413.307       1661.687      -2630.549    0.000   0.000   0.000   0.
  2017 352  5 31  1 494 352.229878414       1.67     -0.52     -0.47  0.       -4411.710       1659.466      -2631.910    0.000   0.000   0.000   0.
  2017 352  5 31  2 495 352.229889988       1.24     -0.42     -0.32  0.       -4410.111       1657.245      -2633.270    0.000   0.000   0.000   0.
  2017 352  5 31  3 495 352.229901563       0.80     -0.46     -0.23  0.       -4408.512       1655.023      -2634.630    0.000   0.000   0.000   0.
  2017 352  5 31  4 494 352.229913137       0.19     -0.60     -0.85  0.       -4406.911       1652.801      -2635.988    0.000   0.000   0.000   0.
  2017 352  5 31  5 495 352.229924711      -0.26     -0.70     -1.28  0.       -4405.309       1650.579      -2637.347    0.000   0.000   0.000   0.
  2017 352  5 31  6 495 352.229936285      -0.51     -0.76     -1.70  0.       -4403.705       1648.356      -2638.704    0.000   0.000   0.000   0.
  2017 352  5 31  7 495 352.229947859      -0.55     -0.85     -2.18  0.       -4402.101       1646.132      -2640.061    0.000   0.000   0.000   0.
  2017 352  5 31  8 495 352.229959433      -0.60     -0.98     -2.58  0.       -4400.495       1643.908      -2641.417    0.000   0.000   0.000   0.
  2017 352  5 31  9 495 352.229971007      -0.49     -1.11     -2.56  0.       -4398.888       1641.684      -2642.772    0.000   0.000   0.000   0.
  2017 352  5 31 10 494 352.229982581      -0.14     -1.37     -2.84  0.       -4397.280       1639.459      -2644.127    0.000   0.000   0.000   0.
  2017 352  5 31 11 494 352.229994155      -0.00     -1.49     -2.89  0.       -4395.671       1637.234      -2645.481    0.000   0.000   0.000   0.
  2017 352  5 31 12 494 352.230005729      -0.22     -1.55     -2.78  0.       -4394.061       1635.008      -2646.834    0.000   0.000   0.000   0.
  2017 352  5 31 13 494 352.230017303      -0.49     -1.55     -2.67  0.       -4392.449       1632.782      -2648.186    0.000   0.000   0.000   0.
  2017 352  5 31 14 494 352.230028877      -0.70     -1.58     -2.68  0.       -4390.836       1630.556      -2649.538    0.000   0.000   0.000   0.
  2017 352  5 31 15 495 352.230040451      -0.67     -1.50     -2.38  0.       -4389.222       1628.328      -2650.889    0.000   0.000   0.000   0.
  2017 352  5 31 16 495 352.230052025      -0.97     -1.22     -2.55  0.       -4387.607       1626.101      -2652.239    0.000   0.000   0.000   0.
  2017 352  5 31 17 494 352.230063600      -1.33     -1.12     -2.74  0.       -4385.990       1623.873      -2653.588    0.000   0.000   0.000   0.
  2017 352  5 31 18 494 352.230075174      -1.41     -0.95     -2.63  0.       -4384.372       1621.645      -2654.937    0.000   0.000   0.000   0.
  2017 352  5 31 19 495 352.230086748      -1.30     -0.75     -2.44  0.       -4382.753       1619.416      -2656.285    0.000   0.000   0.000   0.
  2017 352  5 31 20 495 352.230098322      -1.21     -0.18     -1.77  0.       -4381.133       1617.186      -2657.632    0.000   0.000   0.000   0.
  2017 352  5 31 21 495 352.230109896      -1.16      0.09     -1.55  0.       -4379.512       1614.957      -2658.979    0.000   0.000   0.000   0.
  2017 352  5 31 22 495 352.230121470      -0.96      0.34     -1.49  0.       -4377.889       1612.727      -2660.325    0.000   0.000   0.000   0.
  2017 352  5 31 23 495 352.230133044      -0.57      0.46     -1.57  0.       -4376.266       1610.496      -2661.670    0.000   0.000   0.000   0.
  2017 352  5 31 24 494 352.230144618      -0.11      0.45     -1.76  0.       -4374.641       1608.265      -2663.014    0.000   0.000   0.000   0.
  2017 352  5 31 25 494 352.230156192       0.29      0.19     -1.93  0.       -4373.014       1606.033      -2664.358    0.000   0.000   0.000   0.
  2017 352  5 31 26 494 352.230167766       0.49     -0.13     -2.07  0.       -4371.387       1603.802      -2665.701    0.000   0.000   0.000   0.
  2017 352  5 31 27 494 352.230179340       0.54     -0.49     -2.33  0.       -4369.759       1601.569      -2667.043    0.000   0.000   0.000   0.
  2017 352  5 31 28 494 352.230190914       0.56     -0.60     -2.51  0.       -4368.129       1599.336      -2668.384    0.000   0.000   0.000   0.
  2017 352  5 31 29 495 352.230202488       0.53     -0.58     -2.68  0.       -4366.497       1597.103      -2669.725    0.000   0.000   0.000   0.
  2017 352  5 31 30 495 352.230214060       0.65     -0.46     -2.67  0.       -4364.865       1594.869      -2671.065    0.000   0.000   0.000   0.
  2017 352  5 31 31 494 352.230225634       0.71     -0.57     -2.82  0.       -4363.232       1592.635      -2672.404    0.000   0.000   0.000   0.
  2017 352  5 31 32 494 352.230237208       0.71     -0.58     -2.88  0.       -4361.597       1590.400      -2673.742    0.000   0.000   0.000   0.
  2017 352  5 31 33 494 352.230248782       0.50     -0.60     -2.81  0.       -4359.962       1588.165      -2675.080    0.000   0.000   0.000   0.
  2017 352  5 31 34 494 352.230260356       0.27     -0.28     -2.84  0.       -4358.325       1585.930      -2676.417    0.000   0.000   0.000   0.
  2017 352  5 31 35 494 352.230271930       0.10     -0.14     -2.75  0.       -4356.686       1583.694      -2677.753    0.000   0.000   0.000   0.
  2017 352  5 31 36 494 352.230283504      -0.07     -0.08     -2.68  0.       -4355.047       1581.458      -2679.088    0.000   0.000   0.000   0.
  2017 352  5 31 37 494 352.230295078      -0.19      0.02     -2.59  0.       -4353.406       1579.221      -2680.423    0.000   0.000   0.000   0.
  2017 352  5 31 38 494 352.230306652      -0.28      0.02     -2.52  0.       -4351.764       1576.983      -2681.757    0.000   0.000   0.000   0.
  2017 352  5 31 39 494 352.230318226      -0.39     -0.13     -2.42  0.       -4350.121       1574.746      -2683.090    0.000   0.000   0.000   0.
  2017 352  5 31 40 494 352.230329800      -0.53     -0.12     -2.34  0.       -4348.477       1572.508      -2684.422    0.000   0.000   0.000   0.
  2017 352  5 31 41 494 352.230341374      -0.71     -0.10     -2.33  0.       -4346.831       1570.269      -2685.754    0.000   0.000   0.000   0.
  2017 352  5 31 42 494 352.230352948      -0.91     -0.02     -2.23  0.       -4345.184       1568.030      -2687.085    0.000   0.000   0.000   0.
  2017 352  5 31 43 494 352.230364523      -1.10      0.13     -2.07  0.       -4343.536       1565.791      -2688.415    0.000   0.000   0.000   0.
  2017 352  5 31 44 494 352.230376097      -1.25      0.16     -1.93  0.       -4341.887       1563.551      -2689.745    0.000   0.000   0.000   0.
  2017 352  5 31 45 494 352.230387671      -1.38      0.17     -1.87  0.       -4340.237       1561.310      -2691.073    0.000   0.000   0.000   0.
  2017 352  5 31 46 494 352.230399245      -1.44      0.25     -1.75  0.       -4338.585       1559.070      -2692.401    0.000   0.000   0.000   0.
  2017 352  5 31 47 494 352.230410819      -1.39      0.21     -1.70  0.       -4336.932       1556.828      -2693.728    0.000   0.000   0.000   0.
  2017 352  5 31 48 494 352.230422393      -1.35      0.19     -1.77  0.       -4335.278       1554.587      -2695.055    0.000   0.000   0.000   0.
  2017 352  5 31 49 494 352.230433967      -1.34      0.29     -1.84  0.       -4333.623       1552.345      -2696.380    0.000   0.000   0.000   0.
  2017 352  5 31 50 494 352.230445541      -1.34      0.27     -1.74  0.       -4331.966       1550.102      -2697.705    0.000   0.000   0.000   0.
  2017 352  5 31 51 494 352.230457115      -1.18      0.26     -1.64  0.       -4330.309       1547.859      -2699.029    0.000   0.000   0.000   0.
  2017 352  5 31 52 494 352.230468689      -1.04      0.33     -1.55  0.       -4328.650       1545.616      -2700.353    0.000   0.000   0.000   0.
  2017 352  5 31 53 494 352.230480263      -0.91      0.35     -1.36  0.       -4326.989       1543.372      -2701.675    0.000   0.000   0.000   0.
  2017 352  5 31 54 494 352.230491837      -0.81      0.35     -1.26  0.       -4325.328       1541.127      -2702.997    0.000   0.000   0.000   0.
  2017 352  5 31 55 494 352.230503411      -0.82      0.45     -1.22  0.       -4323.665       1538.883      -2704.318    0.000   0.000   0.000   0.
  2017 352  5 31 56 494 352.230514986      -0.84      0.59     -1.27  0.       -4322.002       1536.638      -2705.638    0.000   0.000   0.000   0.
  2017 352  5 31 57 494 352.230526560      -0.95      0.58     -1.20  0.       -4320.336       1534.392      -2706.958    0.000   0.000   0.000   0.
  2017 352  5 31 58 494 352.230538134      -0.98      0.53     -1.06  0.       -4318.670       1532.146      -2708.276    0.000   0.000   0.000   0.
  2017 352  5 31 59 494 352.230549708      -1.06      0.66     -0.95  0.       -4317.003       1529.900      -2709.594    0.000   0.000   0.000   0.
  2017 352  5 32  0 494 352.230561279      -1.00      0.79     -0.92  0.       -4315.334       1527.653      -2710.912    0.000   0.000   0.000   0.
  2017 352  5 32  1 494 352.230572853      -0.96      0.95     -0.86  0.       -4313.664       1525.405      -2712.228    0.000   0.000   0.000   0.
  2017 352  5 32  2 494 352.230584427      -1.04      1.06     -0.79  0.       -4311.993       1523.158      -2713.544    0.000   0.000   0.000   0.
  2017 352  5 32  3 494 352.230596001      -0.98      1.10     -0.61  0.       -4310.320       1520.909      -2714.859    0.000   0.000   0.000   0.
  2017 352  5 32  4 494 352.230607575      -0.83      1.22     -0.48  0.       -4308.647       1518.661      -2716.173    0.000   0.000   0.000   0.
  2017 352  5 32  5 494 352.230619149      -0.62      1.38     -0.37  0.       -4306.972       1516.412      -2717.486    0.000   0.000   0.000   0.
  2017 352  5 32  6 494 352.230630723      -0.41      1.42     -0.29  0.       -4305.296       1514.162      -2718.799    0.000   0.000   0.000   0.
  2017 352  5 32  7 494 352.230642297      -0.27      1.45     -0.21  0.       -4303.618       1511.912      -2720.110    0.000   0.000   0.000   0.
  2017 352  5 32  8 494 352.230653872      -0.04      1.44     -0.16  0.       -4301.940       1509.662      -2721.421    0.000   0.000   0.000   0.
  2017 352  5 32  9 494 352.230665446       0.20      1.38     -0.18  0.       -4300.260       1507.411      -2722.731    0.000   0.000   0.000   0.
  2017 352  5 32 10 494 352.230677020       0.27      1.32     -0.23  0.       -4298.579       1505.160      -2724.041    0.000   0.000   0.000   0.
  2017 352  5 32 11 494 352.230688594       0.46      1.29     -0.29  0.       -4296.897       1502.908      -2725.350    0.000   0.000   0.000   0.
  2017 352  5 32 12 494 352.230700168       0.74      1.27     -0.32  0.       -4295.213       1500.656      -2726.657    0.000   0.000   0.000   0.
  2017 352  5 32 13 494 352.230711742       0.96      1.23     -0.39  0.       -4293.529       1498.404      -2727.965    0.000   0.000   0.000   0.
  2017 352  5 32 14 494 352.230723316       1.21      1.10     -0.52  0.       -4291.843       1496.151      -2729.271    0.000   0.000   0.000   0.
  2017 352  5 32 15 494 352.230734890       1.46      1.08     -0.63  0.       -4290.155       1493.897      -2730.576    0.000   0.000   0.000   0.
  2017 352  5 32 16 494 352.230746464       1.71      0.99     -0.71  0.       -4288.467       1491.644      -2731.881    0.000   0.000   0.000   0.
  2017 352  5 32 17 494 352.230758038       1.82      0.81     -0.80  0.       -4286.777       1489.389      -2733.185    0.000   0.000   0.000   0.
  2017 352  5 32 18 494 352.230769612       2.01      0.73     -0.87  0.       -4285.087       1487.135      -2734.488    0.000   0.000   0.000   0.
  2017 352  5 32 19 494 352.230781186       2.12      0.63     -0.90  0.       -4283.394       1484.880      -2735.790    0.000   0.000   0.000   0.
  2017 352  5 32 20 494 352.230792760       2.18      0.41     -0.91  0.       -4281.701       1482.624      -2737.092    0.000   0.000   0.000   0.
  2017 352  5 32 21 494 352.230804335       2.24      0.31     -0.99  0.       -4280.006       1480.368      -2738.393    0.000   0.000   0.000   0.
  2017 352  5 32 22 494 352.230815909       2.22      0.19     -0.99  0.       -4278.310       1478.112      -2739.693    0.000   0.000   0.000   0.
  2017 352  5 32 23 494 352.230827483       2.13      0.03     -0.99  0.       -4276.614       1475.855      -2740.992    0.000   0.000   0.000   0.
  2017 352  5 32 24 494 352.230839057       2.13      0.02     -1.02  0.       -4274.916       1473.598      -2742.290    0.000   0.000   0.000   0.
  2017 352  5 32 25 494 352.230850631       2.09      0.05     -1.02  0.       -4273.216       1471.340      -2743.588    0.000   0.000   0.000   0.
  2017 352  5 32 26 494 352.230862205       2.12     -0.07     -1.06  0.       -4271.515       1469.082      -2744.885    0.000   0.000   0.000   0.
  2017 352  5 32 27 494 352.230873779       2.15     -0.10     -1.05  0.       -4269.813       1466.824      -2746.181    0.000   0.000   0.000   0.
  2017 352  5 32 28 494 352.230885353       1.95     -0.02     -0.74  0.       -4268.110       1464.565      -2747.476    0.000   0.000   0.000   0.
  2017 352  5 32 29 494 352.230896927       1.87     -0.04     -0.66  0.       -4266.406       1462.305      -2748.771    0.000   0.000   0.000   0.
  2017 352  5 32 30 494 352.230908499       1.73     -0.07     -0.56  0.       -4264.700       1460.046      -2750.064    0.000   0.000   0.000   0.
  2017 352  5 32 31 494 352.230920072       1.58     -0.37     -0.56  0.       -4262.993       1457.785      -2751.357    0.000   0.000   0.000   0.
  2017 352  5 32 32 494 352.230931646       1.39     -0.67     -0.64  0.       -4261.285       1455.525      -2752.649    0.000   0.000   0.000   0.
  2017 352  5 32 33 494 352.230943220       1.06     -0.96     -0.84  0.       -4259.576       1453.264      -2753.940    0.000   0.000   0.000   0.
  2017 352  5 32 34 494 352.230954795       0.88     -0.90     -0.95  0.       -4257.865       1451.002      -2755.231    0.000   0.000   0.000   0.
  2017 352  5 32 35 494 352.230966369       0.68     -0.97     -0.96  0.       -4256.153       1448.740      -2756.520    0.000   0.000   0.000   0.
  2017 352  5 32 36 494 352.230977943       0.62     -0.98     -1.07  0.       -4254.440       1446.478      -2757.809    0.000   0.000   0.000   0.
  2017 352  5 32 37 494 352.230989517       0.52     -0.98     -1.26  0.       -4252.726       1444.215      -2759.097    0.000   0.000   0.000   0.
  2017 352  5 32 38 494 352.231001091       0.34     -0.81     -1.26  0.       -4251.010       1441.952      -2760.384    0.000   0.000   0.000   0.
  2017 352  5 32 39 494 352.231012665       0.31     -0.73     -1.26  0.       -4249.293       1439.689      -2761.671    0.000   0.000   0.000   0.
  2017 352  5 32 40 494 352.231024239       0.28     -0.86     -1.23  0.       -4247.575       1437.425      -2762.956    0.000   0.000   0.000   0.
  2017 352  5 32 41 494 352.231035813       0.18     -1.13     -1.31  0.       -4245.856       1435.160      -2764.241    0.000   0.000   0.000   0.
  2017 352  5 32 42 494 352.231047387       0.00     -1.24     -1.35  0.       -4244.135       1432.895      -2765.525    0.000   0.000   0.000   0.
  2017 352  5 32 43 494 352.231058961      -0.08     -1.27     -1.35  0.       -4242.413       1430.630      -2766.808    0.000   0.000   0.000   0.
  2017 352  5 32 44 494 352.231070535      -0.31     -1.24     -1.44  0.       -4240.690       1428.364      -2768.091    0.000   0.000   0.000   0.
  2017 352  5 32 45 494 352.231082109      -0.49     -1.20     -1.49  0.       -4238.966       1426.098      -2769.372    0.000   0.000   0.000   0.
  2017 352  5 32 46 494 352.231093683      -0.65     -1.19     -1.57  0.       -4237.241       1423.832      -2770.653    0.000   0.000   0.000   0.
  2017 352  5 32 47 494 352.231105258      -0.76     -1.22     -1.61  0.       -4235.514       1421.565      -2771.933    0.000   0.000   0.000   0.
  2017 352  5 32 48 494 352.231116832      -0.86     -1.16     -1.56  0.       -4233.786       1419.298      -2773.212    0.000   0.000   0.000   0.
  2017 352  5 32 49 494 352.231128406      -0.90     -1.17     -1.53  0.       -4232.057       1417.030      -2774.490    0.000   0.000   0.000   0.
  2017 352  5 32 50 494 352.231139980      -1.03     -1.10     -1.49  0.       -4230.326       1414.762      -2775.767    0.000   0.000   0.000   0.
  2017 352  5 32 51 494 352.231151554      -1.11     -1.01     -1.47  0.       -4228.594       1412.493      -2777.044    0.000   0.000   0.000   0.
  2017 352  5 32 52 494 352.231163128      -1.25     -0.91     -1.43  0.       -4226.861       1410.224      -2778.320    0.000   0.000   0.000   0.
  2017 352  5 32 53 494 352.231174702      -1.39     -0.83     -1.46  0.       -4225.127       1407.954      -2779.595    0.000   0.000   0.000   0.
  2017 352  5 32 54 494 352.231186276      -1.52     -0.76     -1.50  0.       -4223.391       1405.685      -2780.869    0.000   0.000   0.000   0.
  2017 352  5 32 55 494 352.231197850      -1.59     -0.63     -1.40  0.       -4221.655       1403.414      -2782.142    0.000   0.000   0.000   0.
  2017 352  5 32 56 494 352.231209424      -1.59     -0.53     -1.30  0.       -4219.917       1401.144      -2783.415    0.000   0.000   0.000   0.
  2017 352  5 32 57 494 352.231220998      -1.36     -0.52     -1.19  0.       -4218.178       1398.872      -2784.686    0.000   0.000   0.000   0.
  2017 352  5 32 58 494 352.231232572      -1.28     -0.81     -1.00  0.       -4216.437       1396.601      -2785.957    0.000   0.000   0.000   0.
  2017 352  5 32 59 494 352.231244146      -1.34     -0.84     -0.88  0.       -4214.695       1394.329      -2787.227    0.000   0.000   0.000   0.
  2017 352  5 33  0 493 352.231255718      -1.29     -0.77     -0.88  0.       -4212.952       1392.057      -2788.496    0.000   0.000   0.000   0.
  2017 352  5 33  1 494 352.231267292      -1.32     -0.63     -0.93  0.       -4211.208       1389.784      -2789.765    0.000   0.000   0.000   0.
  2017 352  5 33  2 494 352.231278866      -1.38     -0.60     -0.98  0.       -4209.463       1387.511      -2791.032    0.000   0.000   0.000   0.
  2017 352  5 33  3 494 352.231290440      -1.46     -0.55     -1.07  0.       -4207.716       1385.237      -2792.299    0.000   0.000   0.000   0.
  2017 352  5 33  4 494 352.231302014      -1.58     -0.54     -1.01  0.       -4205.968       1382.963      -2793.565    0.000   0.000   0.000   0.
  2017 352  5 33  5 494 352.231313588      -1.70     -0.51     -1.07  0.       -4204.219       1380.689      -2794.830    0.000   0.000   0.000   0.
  2017 352  5 33  6 493 352.231325162      -1.77     -0.42     -1.04  0.       -4202.468       1378.414      -2796.094    0.000   0.000   0.000   0.
  2017 352  5 33  7 493 352.231336736      -1.85     -0.47     -0.99  0.       -4200.716       1376.139      -2797.357    0.000   0.000   0.000   0.
  2017 352  5 33  8 493 352.231348310      -1.84     -0.50     -0.87  0.       -4198.963       1373.863      -2798.620    0.000   0.000   0.000   0.
  2017 352  5 33  9 493 352.231359884      -1.85     -0.43     -0.90  0.       -4197.209       1371.587      -2799.882    0.000   0.000   0.000   0.
  2017 352  5 33 10 493 352.231371458      -1.86     -0.30     -0.96  0.       -4195.453       1369.311      -2801.142    0.000   0.000   0.000   0.
  2017 352  5 33 11 494 352.231383032      -1.80     -0.36     -1.02  0.       -4193.697       1367.034      -2802.402    0.000   0.000   0.000   0.
  2017 352  5 33 12 494 352.231394606      -1.73     -0.32     -1.09  0.       -4191.939       1364.756      -2803.662    0.000   0.000   0.000   0.
  2017 352  5 33 13 493 352.231406181      -1.65     -0.21     -1.09  0.       -4190.180       1362.479      -2804.920    0.000   0.000   0.000   0.
  2017 352  5 33 14 493 352.231417755      -1.60     -0.15     -1.09  0.       -4188.419       1360.201      -2806.177    0.000   0.000   0.000   0.
  2017 352  5 33 15 494 352.231429329      -1.60     -0.09     -1.12  0.       -4186.657       1357.922      -2807.434    0.000   0.000   0.000   0.
  2017 352  5 33 16 494 352.231440903      -1.62      0.02     -1.27  0.       -4184.894       1355.643      -2808.690    0.000   0.000   0.000   0.
  2017 352  5 33 17 494 352.231452477      -1.54      0.17     -1.38  0.       -4183.130       1353.364      -2809.945    0.000   0.000   0.000   0.
  2017 352  5 33 18 494 352.231464051      -1.49      0.20     -1.36  0.       -4181.364       1351.084      -2811.199    0.000   0.000   0.000   0.
  2017 352  5 33 19 494 352.231475625      -1.56      0.18     -1.43  0.       -4179.597       1348.804      -2812.452    0.000   0.000   0.000   0.
  2017 352  5 33 20 493 352.231487199      -1.46      0.27     -1.41  0.       -4177.829       1346.523      -2813.705    0.000   0.000   0.000   0.
  2017 352  5 33 21 493 352.231498773      -1.31      0.29     -1.59  0.       -4176.060       1344.242      -2814.956    0.000   0.000   0.000   0.
  2017 352  5 33 22 493 352.231510347      -1.19      0.29     -1.73  0.       -4174.289       1341.961      -2816.207    0.000   0.000   0.000   0.
  2017 352  5 33 23 493 352.231521921      -1.15      0.36     -1.87  0.       -4172.517       1339.679      -2817.457    0.000   0.000   0.000   0.
  2017 352  5 33 24 494 352.231533495      -1.11      0.38     -1.89  0.       -4170.744       1337.397      -2818.706    0.000   0.000   0.000   0.
  2017 352  5 33 25 494 352.231545069      -0.97      0.37     -2.00  0.       -4168.970       1335.115      -2819.954    0.000   0.000   0.000   0.
  2017 352  5 33 26 493 352.231556644      -0.75      0.40     -2.16  0.       -4167.194       1332.832      -2821.201    0.000   0.000   0.000   0.
  2017 352  5 33 27 493 352.231568218      -0.47      0.38     -2.17  0.       -4165.417       1330.548      -2822.447    0.000   0.000   0.000   0.
  2017 352  5 33 28 494 352.231579792      -0.17      0.35     -2.25  0.       -4163.639       1328.264      -2823.693    0.000   0.000   0.000   0.
  2017 352  5 33 29 494 352.231591366       0.34      0.22     -2.24  0.       -4161.860       1325.980      -2824.938    0.000   0.000   0.000   0.
  2017 352  5 33 30 494 352.231602940       0.86      0.03     -2.01  0.       -4160.079       1323.696      -2826.182    0.000   0.000   0.000   0.
  2017 352  5 33 31 494 352.231614514       1.22     -0.13     -1.67  0.       -4158.297       1321.411      -2827.424    0.000   0.000   0.000   0.
  2017 352  5 33 32 494 352.231626086       1.34     -0.22     -1.45  0.       -4156.514       1319.125      -2828.667    0.000   0.000   0.000   0.
  2017 352  5 33 33 493 352.231637659       1.49     -0.32     -1.17  0.       -4154.729       1316.839      -2829.908    0.000   0.000   0.000   0.
  2017 352  5 33 34 493 352.231649233       1.41     -0.43     -0.94  0.       -4152.944       1314.553      -2831.148    0.000   0.000   0.000   0.
  2017 352  5 33 35 493 352.231660807       1.39     -0.50     -0.69  0.       -4151.156       1312.267      -2832.388    0.000   0.000   0.000   0.
  2017 352  5 33 36 493 352.231672381       1.36     -0.51     -0.56  0.       -4149.368       1309.980      -2833.626    0.000   0.000   0.000   0.
  2017 352  5 33 37 493 352.231683955       1.36     -0.42     -0.52  0.       -4147.579       1307.692      -2834.864    0.000   0.000   0.000   0.
  2017 352  5 33 38 493 352.231695529       1.40     -0.46     -0.47  0.       -4145.788       1305.404      -2836.101    0.000   0.000   0.000   0.
  2017 352  5 33 39 493 352.231707104       1.42     -0.54     -0.50  0.       -4143.996       1303.116      -2837.337    0.000   0.000   0.000   0.
  2017 352  5 33 40 493 352.231718678       1.63     -0.59     -0.43  0.       -4142.202       1300.827      -2838.572    0.000   0.000   0.000   0.
  2017 352  5 33 41 493 352.231730252       1.79     -0.50     -0.27  0.       -4140.408       1298.538      -2839.807    0.000   0.000   0.000   0.
  2017 352  5 33 42 493 352.231741826       1.68     -0.35     -0.20  0.       -4138.612       1296.249      -2841.040    0.000   0.000   0.000   0.
  2017 352  5 33 43 493 352.231753400       1.50     -0.19     -0.10  0.       -4136.815       1293.959      -2842.273    0.000   0.000   0.000   0.
  2017 352  5 33 44 493 352.231764974       1.24      0.00     -0.16  0.       -4135.016       1291.669      -2843.504    0.000   0.000   0.000   0.
  2017 352  5 33 45 493 352.231776548       1.07      0.16     -0.13  0.       -4133.217       1289.378      -2844.735    0.000   0.000   0.000   0.
  2017 352  5 33 46 493 352.231788122       0.98      0.19     -0.04  0.       -4131.416       1287.087      -2845.965    0.000   0.000   0.000   0.
  2017 352  5 33 47 493 352.231799696       0.88      0.04      0.09  0.       -4129.613       1284.796      -2847.194    0.000   0.000   0.000   0.
  2017 352  5 33 48 493 352.231811270       1.09     -0.23      0.08  0.       -4127.810       1282.504      -2848.422    0.000   0.000   0.000   0.
  2017 352  5 33 49 493 352.231822844       1.01     -0.58      0.23  0.       -4126.005       1280.212      -2849.650    0.000   0.000   0.000   0.
  2017 352  5 33 50 493 352.231834418       0.98     -0.94      0.40  0.       -4124.199       1277.920      -2850.876    0.000   0.000   0.000   0.
  2017 352  5 33 51 493 352.231845992       1.18     -1.16      0.29  0.       -4122.392       1275.627      -2852.102    0.000   0.000   0.000   0.
  2017 352  5 33 52 493 352.231857567       1.03     -1.31      0.07  0.       -4120.583       1273.333      -2853.326    0.000   0.000   0.000   0.
  2017 352  5 33 53 493 352.231869141       0.95     -1.34      0.02  0.       -4118.773       1271.039      -2854.550    0.000   0.000   0.000   0.
  2017 352  5 33 54 493 352.231880715       0.90     -1.29     -0.17  0.       -4116.962       1268.745      -2855.773    0.000   0.000   0.000   0.
  2017 352  5 33 55 493 352.231892289       0.99     -1.16     -0.27  0.       -4115.150       1266.451      -2856.995    0.000   0.000   0.000   0.
  2017 352  5 33 56 493 352.231903863       1.17     -1.02     -0.19  0.       -4113.336       1264.156      -2858.216    0.000   0.000   0.000   0.
  2017 352  5 33 57 493 352.231915437       1.05     -0.91     -0.32  0.       -4111.521       1261.860      -2859.436    0.000   0.000   0.000   0.
  2017 352  5 33 58 493 352.231927011       1.18     -0.82     -0.33  0.       -4109.705       1259.565      -2860.656    0.000   0.000   0.000   0.
  2017 352  5 33 59 493 352.231938585       1.27     -0.71     -0.24  0.       -4107.887       1257.269      -2861.874    0.000   0.000   0.000   0.
  2017 352  5 34  0 493 352.231950159       1.21     -0.73     -0.24  0.       -4106.069       1254.972      -2863.092    0.000   0.000   0.000   0.
  2017 352  5 34  1 493 352.231961733       1.10     -0.79     -0.14  0.       -4104.248       1252.675      -2864.308    0.000   0.000   0.000   0.
  2017 352  5 34  2 493 352.231973305       0.99     -0.88     -0.20  0.       -4102.427       1250.378      -2865.524    0.000   0.000   0.000   0.
  2017 352  5 34  3 493 352.231984879       0.88     -1.00     -0.22  0.       -4100.604       1248.080      -2866.739    0.000   0.000   0.000   0.
  2017 352  5 34  4 493 352.231996453       0.87     -0.98     -0.36  0.       -4098.781       1245.782      -2867.953    0.000   0.000   0.000   0.
  2017 352  5 34  5 493 352.232008027       0.77     -0.96     -0.34  0.       -4096.955       1243.484      -2869.166    0.000   0.000   0.000   0.
  2017 352  5 34  6 493 352.232019601       0.74     -1.02     -0.36  0.       -4095.129       1241.185      -2870.378    0.000   0.000   0.000   0.
  2017 352  5 34  7 493 352.232031175       0.82     -0.85     -0.38  0.       -4093.301       1238.886      -2871.590    0.000   0.000   0.000   0.
  2017 352  5 34  8 493 352.232042749       0.85     -0.72     -0.46  0.       -4091.472       1236.586      -2872.800    0.000   0.000   0.000   0.
  2017 352  5 34  9 493 352.232054323       0.88     -0.76     -0.56  0.       -4089.642       1234.286      -2874.010    0.000   0.000   0.000   0.
  2017 352  5 34 10 493 352.232065897       0.88     -0.76     -0.45  0.       -4087.810       1231.986      -2875.218    0.000   0.000   0.000   0.
  2017 352  5 34 11 493 352.232077471       0.83     -0.82     -0.39  0.       -4085.977       1229.685      -2876.426    0.000   0.000   0.000   0.
  2017 352  5 34 12 493 352.232089045       0.86     -0.77     -0.31  0.       -4084.143       1227.384      -2877.633    0.000   0.000   0.000   0.
  2017 352  5 34 13 493 352.232100619       0.87     -0.71     -0.23  0.       -4082.308       1225.082      -2878.838    0.000   0.000   0.000   0.
  2017 352  5 34 14 493 352.232112193       0.90     -0.68     -0.25  0.       -4080.471       1222.780      -2880.043    0.000   0.000   0.000   0.
  2017 352  5 34 15 493 352.232123767       0.94     -0.56     -0.28  0.       -4078.633       1220.478      -2881.247    0.000   0.000   0.000   0.
  2017 352  5 34 16 493 352.232135341       1.02     -0.37     -0.29  0.       -4076.794       1218.175      -2882.451    0.000   0.000   0.000   0.
  2017 352  5 34 17 493 352.232146916       1.28     -0.30     -0.21  0.       -4074.953       1215.872      -2883.653    0.000   0.000   0.000   0.
  2017 352  5 34 18 493 352.232158490       1.48     -0.25     -0.59  0.       -4073.112       1213.569      -2884.854    0.000   0.000   0.000   0.
  2017 352  5 34 19 493 352.232170064       0.93     -0.10     -1.11  0.       -4071.268       1211.265      -2886.055    0.000   0.000   0.000   0.
  2017 352  5 34 20 493 352.232181638       0.27      0.10     -0.67  0.       -4069.424       1208.961      -2887.254    0.000   0.000   0.000   0.
  2017 352  5 34 21 493 352.232193212       0.20     -0.02     -0.09  0.       -4067.578       1206.656      -2888.453    0.000   0.000   0.000   0.
  2017 352  5 34 22 493 352.232204786       0.52     -0.22      0.14  0.       -4065.731       1204.351      -2889.650    0.000   0.000   0.000   0.
  2017 352  5 34 23 493 352.232216360       0.99     -0.37     -0.18  0.       -4063.883       1202.045      -2890.847    0.000   0.000   0.000   0.
  2017 352  5 34 24 493 352.232227934       1.25     -0.11     -0.53  0.       -4062.034       1199.740      -2892.043    0.000   0.000   0.000   0.
  2017 352  5 34 25 493 352.232239508       1.04      0.32     -0.93  0.       -4060.183       1197.434      -2893.238    0.000   0.000   0.000   0.
  2017 352  5 34 26 493 352.232251082       0.62      0.56     -1.04  0.       -4058.331       1195.127      -2894.432    0.000   0.000   0.000   0.
  2017 352  5 34 27 493 352.232262656       0.65      0.74     -0.73  0.       -4056.477       1192.820      -2895.625    0.000   0.000   0.000   0.
  2017 352  5 34 28 493 352.232274230       0.88      0.88     -0.30  0.       -4054.623       1190.513      -2896.817    0.000   0.000   0.000   0.
  2017 352  5 34 29 493 352.232285804       0.68      0.93      0.30  0.       -4052.767       1188.205      -2898.009    0.000   0.000   0.000   0.
  2017 352  5 34 30 493 352.232297378       0.45      0.48      0.88  0.       -4050.909       1185.897      -2899.199    0.000   0.000   0.000   0.
  2017 352  5 34 31 493 352.232308953       0.81     -0.01      1.21  0.       -4049.051       1183.589      -2900.388    0.000   0.000   0.000   0.
  2017 352  5 34 32 493 352.232320524       1.19     -0.11      1.45  0.       -4047.191       1181.280      -2901.577    0.000   0.000   0.000   0.
  2017 352  5 34 33 493 352.232332098       1.57     -0.14      1.67  0.       -4045.330       1178.971      -2902.764    0.000   0.000   0.000   0.
  2017 352  5 34 34 493 352.232343672       1.91      0.08      1.85  0.       -4043.468       1176.661      -2903.951    0.000   0.000   0.000   0.
  2017 352  5 34 35 493 352.232355246       1.94      0.05      1.77  0.       -4041.604       1174.351      -2905.137    0.000   0.000   0.000   0.
  2017 352  5 34 36 493 352.232366820       1.89      0.06      1.57  0.       -4039.739       1172.041      -2906.322    0.000   0.000   0.000   0.
  2017 352  5 34 37 493 352.232378394       1.96      0.27      1.45  0.       -4037.872       1169.730      -2907.505    0.000   0.000   0.000   0.
  2017 352  5 34 38 493 352.232389968       1.97      0.39      1.33  0.       -4036.005       1167.419      -2908.688    0.000   0.000   0.000   0.
  2017 352  5 34 39 493 352.232401542       2.14      0.49      1.43  0.       -4034.136       1165.108      -2909.870    0.000   0.000   0.000   0.
  2017 352  5 34 40 493 352.232413116       2.59      0.52      0.85  0.       -4032.266       1162.796      -2911.051    0.000   0.000   0.000   0.
  2017 352  5 34 41 493 352.232424690       2.76      0.70      1.18  0.       -4030.394       1160.484      -2912.231    0.000   0.000   0.000   0.
  2017 352  5 34 42 493 352.232436264       3.21      1.00      1.40  0.       -4028.522       1158.171      -2913.410    0.000   0.000   0.000   0.
  2017 352  5 34 43 493 352.232447839       3.42      1.21      1.15  0.       -4026.648       1155.858      -2914.589    0.000   0.000   0.000   0.
  2017 352  5 34 44 493 352.232459413       3.54      1.42      0.98  0.       -4024.772       1153.545      -2915.766    0.000   0.000   0.000   0.
  2017 352  5 34 45 493 352.232470987       3.66      1.38      0.65  0.       -4022.896       1151.232      -2916.942    0.000   0.000   0.000   0.
  2017 352  5 34 46 493 352.232482561       3.72      1.28      0.25  0.       -4021.018       1148.917      -2918.118    0.000   0.000   0.000   0.
  2017 352  5 34 47 493 352.232494135       3.48      0.99     -0.07  0.       -4019.138       1146.603      -2919.292    0.000   0.000   0.000   0.
  2017 352  5 34 48 493 352.232505709       3.24      0.80     -0.66  0.       -4017.258       1144.288      -2920.466    0.000   0.000   0.000   0.
  2017 352  5 34 49 493 352.232517283       2.92      0.65     -1.82  0.       -4015.376       1141.973      -2921.638    0.000   0.000   0.000   0.
  2017 352  5 34 50 493 352.232528857       2.96      0.43     -2.28  0.       -4013.493       1139.658      -2922.810    0.000   0.000   0.000   0.
  2017 352  5 34 51 493 352.232540431       3.11      0.32     -2.01  0.       -4011.609       1137.342      -2923.980    0.000   0.000   0.000   0.
  2017 352  5 34 52 493 352.232552005       2.83      0.17     -1.75  0.       -4009.723       1135.025      -2925.150    0.000   0.000   0.000   0.
  2017 352  5 34 53 493 352.232563579       2.64     -0.10     -1.68  0.       -4007.836       1132.709      -2926.319    0.000   0.000   0.000   0.
  2017 352  5 34 54 493 352.232575153       2.76     -0.33     -1.61  0.       -4005.948       1130.392      -2927.487    0.000   0.000   0.000   0.
  2017 352  5 34 55 493 352.232586727       2.60     -0.45     -1.50  0.       -4004.058       1128.075      -2928.654    0.000   0.000   0.000   0.
  2017 352  5 34 56 493 352.232598302       2.40     -0.75     -1.03  0.       -4002.167       1125.757      -2929.819    0.000   0.000   0.000   0.
  2017 352  5 34 57 493 352.232609876       2.66     -0.90     -0.53  0.       -4000.275       1123.439      -2930.984    0.000   0.000   0.000   0.
  2017 352  5 34 58 493 352.232621450       2.85     -1.10     -0.28  0.       -3998.382       1121.120      -2932.148    0.000   0.000   0.000   0.
  2017 352  5 34 59 493 352.232633024       3.17     -1.25     -0.27  0.       -3996.487       1118.801      -2933.312    0.000   0.000   0.000   0.
  2017 352  5 35  0 493 352.232644598       3.47     -1.33     -0.43  0.       -3994.591       1116.482      -2934.474    0.000   0.000   0.000   0.
  2017 352  5 35  1 493 352.232656172       3.27     -1.43     -0.57  0.       -3992.693       1114.163      -2935.635    0.000   0.000   0.000   0.
  2017 352  5 35  2 492 352.232667743       2.97     -1.21     -0.60  0.       -3990.794       1111.843      -2936.795    0.000   0.000   0.000   0.
  2017 352  5 35  3 492 352.232679317       2.82     -1.13     -0.31  0.       -3988.894       1109.523      -2937.954    0.000   0.000   0.000   0.
  2017 352  5 35  4 492 352.232690891       2.85     -1.00     -0.19  0.       -3986.993       1107.202      -2939.112    0.000   0.000   0.000   0.
  2017 352  5 35  5 492 352.232702465       2.79     -1.15      0.01  0.       -3985.091       1104.881      -2940.270    0.000   0.000   0.000   0.
  2017 352  5 35  6 492 352.232714039       2.98     -1.25      0.26  0.       -3983.187       1102.560      -2941.426    0.000   0.000   0.000   0.
  2017 352  5 35  7 493 352.232725613       3.06     -1.19      0.32  0.       -3981.282       1100.238      -2942.581    0.000   0.000   0.000   0.
  2017 352  5 35  8 492 352.232737187       3.09     -1.18      0.19  0.       -3979.375       1097.916      -2943.736    0.000   0.000   0.000   0.
  2017 352  5 35  9 492 352.232748762       3.02     -1.23      0.05  0.       -3977.467       1095.593      -2944.889    0.000   0.000   0.000   0.
  2017 352  5 35 10 492 352.232760336       2.89     -1.07     -0.06  0.       -3975.558       1093.271      -2946.042    0.000   0.000   0.000   0.
  2017 352  5 35 11 493 352.232771910       2.74     -1.03     -0.01  0.       -3973.648       1090.947      -2947.193    0.000   0.000   0.000   0.
  2017 352  5 35 12 493 352.232783484       2.70     -1.11      0.10  0.       -3971.736       1088.624      -2948.344    0.000   0.000   0.000   0.
  2017 352  5 35 13 493 352.232795058       2.80     -1.11      0.18  0.       -3969.823       1086.300      -2949.493    0.000   0.000   0.000   0.
  2017 352  5 35 14 493 352.232806632       2.83     -1.15      0.05  0.       -3967.909       1083.976      -2950.642    0.000   0.000   0.000   0.
  2017 352  5 35 15 492 352.232818206       2.96     -1.07      0.17  0.       -3965.993       1081.651      -2951.790    0.000   0.000   0.000   0.
  2017 352  5 35 16 492 352.232829780       3.00     -0.95      0.00  0.       -3964.076       1079.326      -2952.936    0.000   0.000   0.000   0.
  2017 352  5 35 17 492 352.232841354       3.08     -0.97      0.01  0.       -3962.158       1077.001      -2954.082    0.000   0.000   0.000   0.
  2017 352  5 35 18 492 352.232852928       3.38     -0.95      0.03  0.       -3960.238       1074.675      -2955.227    0.000   0.000   0.000   0.
  2017 352  5 35 19 492 352.232864502       3.53     -0.86     -0.36  0.       -3958.317       1072.349      -2956.370    0.000   0.000   0.000   0.
  2017 352  5 35 20 493 352.232876076       3.52     -0.81     -0.67  0.       -3956.395       1070.023      -2957.513    0.000   0.000   0.000   0.
  2017 352  5 35 21 493 352.232887650       3.44     -0.59     -1.09  0.       -3954.472       1067.696      -2958.655    0.000   0.000   0.000   0.
  2017 352  5 35 22 492 352.232899225       3.85     -0.19     -0.72  0.       -3952.547       1065.369      -2959.795    0.000   0.000   0.000   0.
  2017 352  5 35 23 492 352.232910799       4.34      0.14     -0.50  0.       -3950.621       1063.042      -2960.935    0.000   0.000   0.000   0.
  2017 352  5 35 24 493 352.232922373       4.87      0.44     -0.65  0.       -3948.693       1060.714      -2962.074    0.000   0.000   0.000   0.
  2017 352  5 35 25 493 352.232933947       5.38      0.69     -0.94  0.       -3946.764       1058.386      -2963.212    0.000   0.000   0.000   0.
  2017 352  5 35 26 493 352.232945521       5.79      0.51     -0.94  0.       -3944.834       1056.057      -2964.349    0.000   0.000   0.000   0.
  2017 352  5 35 27 493 352.232957095       6.22      0.36     -1.01  0.       -3942.903       1053.728      -2965.484    0.000   0.000   0.000   0.
  2017 352  5 35 28 493 352.232968669       5.88      0.64     -1.16  0.       -3940.970       1051.399      -2966.619    0.000   0.000   0.000   0.
  2017 352  5 35 29 492 352.232980243       4.82      0.02     -1.29  0.       -3939.036       1049.070      -2967.753    0.000   0.000   0.000   0.
  2017 352  5 35 30 492 352.232991817       4.88     -0.39     -1.10  0.       -3937.101       1046.740      -2968.886    0.000   0.000   0.000   0.
  2017 352  5 35 31 492 352.233003391       4.48     -0.89     -0.36  0.       -3935.165       1044.409      -2970.018    0.000   0.000   0.000   0.
  2017 352  5 35 32 492 352.233014963       4.75     -1.16      0.54  0.       -3933.227       1042.079      -2971.149    0.000   0.000   0.000   0.
  2017 352  5 35 33 492 352.233026536       5.20     -0.49      0.51  0.       -3931.287       1039.748      -2972.279    0.000   0.000   0.000   0.
  2017 352  5 35 34 492 352.233038111       5.39     -0.87      0.70  0.       -3929.347       1037.417      -2973.407    0.000   0.000   0.000   0.
  2017 352  5 35 35 492 352.233049685       5.41     -0.68      0.41  0.       -3927.405       1035.085      -2974.535    0.000   0.000   0.000   0.
  2017 352  5 35 36 492 352.233061259       5.89     -0.57      0.48  0.       -3925.462       1032.753      -2975.662    0.000   0.000   0.000   0.
  2017 352  5 35 37 492 352.233072833       6.55     -0.44      0.39  0.       -3923.517       1030.421      -2976.788    0.000   0.000   0.000   0.
  2017 352  5 35 38 492 352.233084407       6.64     -0.27      0.18  0.       -3921.572       1028.088      -2977.913    0.000   0.000   0.000   0.
  2017 352  5 35 39 492 352.233095981       6.56     -0.22      0.34  0.       -3919.624       1025.755      -2979.037    0.000   0.000   0.000   0.
  2017 352  5 35 40 492 352.233107555       6.80     -0.54      0.46  0.       -3917.676       1023.422      -2980.160    0.000   0.000   0.000   0.
  2017 352  5 35 41 492 352.233119129       7.22     -0.88      0.75  0.       -3915.726       1021.088      -2981.282    0.000   0.000   0.000   0.
  2017 352  5 35 42 492 352.233130703       7.67     -0.62      1.04  0.       -3913.775       1018.754      -2982.402    0.000   0.000   0.000   0.
  2017 352  5 35 43 492 352.233142277       7.72     -0.94      1.31  0.       -3911.823       1016.420      -2983.523    0.000   0.000   0.000   0.
  2017 352  5 35 44 492 352.233153851       8.01     -0.94      1.59  0.       -3909.869       1014.085      -2984.641    0.000   0.000   0.000   0.
  2017 352  5 35 45 492 352.233165425       8.24     -0.84      2.01  0.       -3907.914       1011.750      -2985.759    0.000   0.000   0.000   0.
  2017 352  5 35 46 492 352.233176999       8.32     -0.81      2.40  0.       -3905.958       1009.414      -2986.876    0.000   0.000   0.000   0.
  2017 352  5 35 47 492 352.233188573       8.09     -0.81      2.70  0.       -3904.000       1007.079      -2987.992    0.000   0.000   0.000   0.
  2017 352  5 35 48 492 352.233200148       8.14     -0.86      2.95  0.       -3902.041       1004.743      -2989.107    0.000   0.000   0.000   0.
  2017 352  5 35 49 492 352.233211722       7.93     -1.00      2.96  0.       -3900.081       1002.406      -2990.220    0.000   0.000   0.000   0.
  2017 352  5 35 50 492 352.233223296       7.80     -0.95      2.98  0.       -3898.119       1000.069      -2991.333    0.000   0.000   0.000   0.
  2017 352  5 35 51 492 352.233234870       7.94     -0.92      3.18  0.       -3896.156        997.732      -2992.445    0.000   0.000   0.000   0.
  2017 352  5 35 52 492 352.233246444       8.14     -0.92      3.10  0.       -3894.192        995.395      -2993.556    0.000   0.000   0.000   0.
  2017 352  5 35 53 492 352.233258018       8.07     -0.91      3.15  0.       -3892.226        993.057      -2994.666    0.000   0.000   0.000   0.
  2017 352  5 35 54 492 352.233269592       8.07     -0.85      3.12  0.       -3890.259        990.719      -2995.774    0.000   0.000   0.000   0.
  2017 352  5 35 55 492 352.233281166       7.94     -0.73      3.08  0.       -3888.291        988.380      -2996.882    0.000   0.000   0.000   0.
  2017 352  5 35 56 492 352.233292740       7.87     -0.75      3.10  0.       -3886.322        986.041      -2997.989    0.000   0.000   0.000   0.
  2017 352  5 35 57 492 352.233304314       7.94     -0.67      3.22  0.       -3884.351        983.702      -2999.094    0.000   0.000   0.000   0.
  2017 352  5 35 58 492 352.233315888       8.00     -0.47      3.44  0.       -3882.379        981.363      -3000.199    0.000   0.000   0.000   0.
  2017 352  5 35 59 492 352.233327462       7.91     -0.41      3.57  0.       -3880.405        979.023      -3001.303    0.000   0.000   0.000   0.
  2017 352  5 36  0 492 352.233339036       7.79     -0.52      3.66  0.       -3878.430        976.683      -3002.405    0.000   0.000   0.000   0.
  2017 352  5 36  1 492 352.233350611       7.67     -0.75      3.65  0.       -3876.454        974.342      -3003.507    0.000   0.000   0.000   0.
  2017 352  5 36  2 492 352.233362182       7.76     -0.76      3.71  0.       -3874.477        972.001      -3004.607    0.000   0.000   0.000   0.
  2017 352  5 36  3 492 352.233373756       7.91     -0.73      3.44  0.       -3872.498        969.660      -3005.707    0.000   0.000   0.000   0.
  2017 352  5 36  4 492 352.233385330       8.05     -1.03      3.14  0.       -3870.518        967.319      -3006.805    0.000   0.000   0.000   0.
  2017 352  5 36  5 492 352.233396904       8.13     -1.20      2.89  0.       -3868.536        964.977      -3007.903    0.000   0.000   0.000   0.
  2017 352  5 36  6 492 352.233408478       8.28     -1.35      2.85  0.       -3866.554        962.635      -3008.999    0.000   0.000   0.000   0.
  2017 352  5 36  7 492 352.233420052       8.16     -1.47      2.86  0.       -3864.569        960.292      -3010.094    0.000   0.000   0.000   0.
  2017 352  5 36  8 492 352.233431626       8.11     -1.75      2.76  0.       -3862.584        957.949      -3011.189    0.000   0.000   0.000   0.
  2017 352  5 36  9 492 352.233443200       8.09     -1.85      2.74  0.       -3860.597        955.606      -3012.282    0.000   0.000   0.000   0.
  2017 352  5 36 10 492 352.233454774       8.08     -1.99      2.85  0.       -3858.609        953.263      -3013.374    0.000   0.000   0.000   0.
  2017 352  5 36 11 492 352.233466348       7.96     -2.22      2.84  0.       -3856.620        950.919      -3014.465    0.000   0.000   0.000   0.
  2017 352  5 36 12 492 352.233477922       7.75     -2.31      2.64  0.       -3854.629        948.575      -3015.556    0.000   0.000   0.000   0.
  2017 352  5 36 13 492 352.233489496       7.57     -2.20      2.52  0.       -3852.637        946.230      -3016.645    0.000   0.000   0.000   0.
  2017 352  5 36 14 492 352.233501071       7.44     -2.04      2.50  0.       -3850.643        943.886      -3017.733    0.000   0.000   0.000   0.
  2017 352  5 36 15 492 352.233512645       7.36     -1.76      2.49  0.       -3848.649        941.540      -3018.820    0.000   0.000   0.000   0.
  2017 352  5 36 16 492 352.233524219       7.24     -1.53      2.47  0.       -3846.653        939.195      -3019.906    0.000   0.000   0.000   0.
  2017 352  5 36 17 492 352.233535793       7.09     -1.46      2.62  0.       -3844.655        936.849      -3020.991    0.000   0.000   0.000   0.
  2017 352  5 36 18 492 352.233547367       7.04     -1.59      2.76  0.       -3842.656        934.503      -3022.075    0.000   0.000   0.000   0.
  2017 352  5 36 19 492 352.233558941       7.06     -1.76      2.94  0.       -3840.656        932.157      -3023.157    0.000   0.000   0.000   0.
  2017 352  5 36 20 492 352.233570515       7.11     -1.79      3.02  0.       -3838.655        929.810      -3024.239    0.000   0.000   0.000   0.
  2017 352  5 36 21 492 352.233582089       7.18     -1.86      3.02  0.       -3836.652        927.463      -3025.320    0.000   0.000   0.000   0.
  2017 352  5 36 22 492 352.233593663       7.10     -1.97      3.19  0.       -3834.648        925.116      -3026.400    0.000   0.000   0.000   0.
  2017 352  5 36 23 492 352.233605237       7.00     -2.03      3.32  0.       -3832.643        922.768      -3027.478    0.000   0.000   0.000   0.
  2017 352  5 36 24 492 352.233616811       6.81     -1.96      3.21  0.       -3830.636        920.420      -3028.556    0.000   0.000   0.000   0.
  2017 352  5 36 25 492 352.233628385       6.59     -1.85      3.27  0.       -3828.628        918.072      -3029.632    0.000   0.000   0.000   0.
  2017 352  5 36 26 492 352.233639959       6.55     -1.92      3.08  0.       -3826.619        915.723      -3030.708    0.000   0.000   0.000   0.
  2017 352  5 36 27 492 352.233651534       6.52     -1.91      3.01  0.       -3824.608        913.374      -3031.782    0.000   0.000   0.000   0.
  2017 352  5 36 28 492 352.233663108       6.51     -1.77      2.90  0.       -3822.596        911.025      -3032.856    0.000   0.000   0.000   0.
  2017 352  5 36 29 492 352.233674682       6.49     -1.61      2.76  0.       -3820.583        908.675      -3033.928    0.000   0.000   0.000   0.
  2017 352  5 36 30 492 352.233686256       6.39     -1.60      2.58  0.       -3818.568        906.325      -3034.999    0.000   0.000   0.000   0.
  2017 352  5 36 31 492 352.233697830       6.27     -1.59      2.59  0.       -3816.552        903.975      -3036.069    0.000   0.000   0.000   0.
  2017 352  5 36 32 492 352.233709401       6.29     -1.36      2.65  0.       -3814.535        901.624      -3037.138    0.000   0.000   0.000   0.
  2017 352  5 36 33 492 352.233720975       6.29     -1.20      2.65  0.       -3812.516        899.273      -3038.206    0.000   0.000   0.000   0.
  2017 352  5 36 34 492 352.233732549       6.28     -1.26      2.75  0.       -3810.496        896.922      -3039.273    0.000   0.000   0.000   0.
  2017 352  5 36 35 492 352.233744123       6.19     -1.63      2.85  0.       -3808.474        894.571      -3040.339    0.000   0.000   0.000   0.
  2017 352  5 36 36 492 352.233755697       6.15     -1.91      3.12  0.       -3806.452        892.218      -3041.404    0.000   0.000   0.000   0.
  2017 352  5 36 37 492 352.233767271       6.13     -2.11      3.31  0.       -3804.428        889.866      -3042.468    0.000   0.000   0.000   0.
  2017 352  5 36 38 492 352.233778845       6.12     -2.20      3.17  0.       -3802.402        887.514      -3043.531    0.000   0.000   0.000   0.
  2017 352  5 36 39 492 352.233790420       6.05     -2.36      3.13  0.       -3800.375        885.161      -3044.592    0.000   0.000   0.000   0.
  2017 352  5 36 40 492 352.233801994       5.97     -2.51      3.00  0.       -3798.347        882.808      -3045.653    0.000   0.000   0.000   0.
  2017 352  5 36 41 492 352.233813568       6.01     -2.42      2.93  0.       -3796.318        880.455      -3046.712    0.000   0.000   0.000   0.
  2017 352  5 36 42 492 352.233825142       6.00     -2.35      2.91  0.       -3794.287        878.101      -3047.771    0.000   0.000   0.000   0.
  2017 352  5 36 43 492 352.233836716       5.91     -2.41      2.75  0.       -3792.255        875.747      -3048.828    0.000   0.000   0.000   0.
  2017 352  5 36 44 492 352.233848290       5.82     -2.42      2.70  0.       -3790.222        873.393      -3049.884    0.000   0.000   0.000   0.
  2017 352  5 36 45 492 352.233859864       5.71     -2.48      2.73  0.       -3788.187        871.038      -3050.939    0.000   0.000   0.000   0.
  2017 352  5 36 46 492 352.233871438       5.70     -2.40      2.67  0.       -3786.151        868.683      -3051.993    0.000   0.000   0.000   0.
  2017 352  5 36 47 492 352.233883012       5.81     -2.34      2.56  0.       -3784.113        866.328      -3053.046    0.000   0.000   0.000   0.
  2017 352  5 36 48 492 352.233894586       5.82     -2.34      2.62  0.       -3782.074        863.972      -3054.098    0.000   0.000   0.000   0.
  2017 352  5 36 49 492 352.233906160       5.72     -2.44      2.72  0.       -3780.034        861.616      -3055.149    0.000   0.000   0.000   0.
  2017 352  5 36 50 492 352.233917734       5.68     -2.52      2.74  0.       -3777.993        859.260      -3056.199    0.000   0.000   0.000   0.
  2017 352  5 36 51 492 352.233929308       5.63     -2.62      2.74  0.       -3775.950        856.904      -3057.247    0.000   0.000   0.000   0.
  2017 352  5 36 52 492 352.233940883       5.60     -2.74      2.71  0.       -3773.906        854.547      -3058.295    0.000   0.000   0.000   0.
  2017 352  5 36 53 492 352.233952457       5.58     -3.03      2.70  0.       -3771.860        852.190      -3059.341    0.000   0.000   0.000   0.
  2017 352  5 36 54 492 352.233964031       5.52     -3.21      2.56  0.       -3769.813        849.832      -3060.387    0.000   0.000   0.000   0.
  2017 352  5 36 55 492 352.233975605       5.41     -3.18      2.69  0.       -3767.765        847.475      -3061.431    0.000   0.000   0.000   0.
  2017 352  5 36 56 492 352.233987179       5.28     -3.17      2.67  0.       -3765.716        845.117      -3062.474    0.000   0.000   0.000   0.
  2017 352  5 36 57 492 352.233998753       5.37     -3.16      2.68  0.       -3763.665        842.758      -3063.516    0.000   0.000   0.000   0.
  2017 352  5 36 58 492 352.234010327       5.40     -3.09      2.74  0.       -3761.612        840.400      -3064.557    0.000   0.000   0.000   0.
  2017 352  5 36 59 492 352.234021901       5.19     -3.05      2.71  0.       -3759.559        838.041      -3065.597    0.000   0.000   0.000   0.
  2017 352  5 37  0 492 352.234033475       4.91     -3.01      2.60  0.       -3757.504        835.682      -3066.636    0.000   0.000   0.000   0.
  2017 352  5 37  1 492 352.234045049       4.85     -3.04      2.58  0.       -3755.448        833.322      -3067.673    0.000   0.000   0.000   0.
  2017 352  5 37  2 492 352.234056621       4.93     -3.01      2.63  0.       -3753.390        830.962      -3068.710    0.000   0.000   0.000   0.
  2017 352  5 37  3 492 352.234068194       4.90     -2.95      2.82  0.       -3751.331        828.602      -3069.745    0.000   0.000   0.000   0.
  2017 352  5 37  4 491 352.234079769       4.88     -2.92      2.81  0.       -3749.271        826.242      -3070.780    0.000   0.000   0.000   0.
  2017 352  5 37  5 491 352.234091343       4.90     -3.01      2.74  0.       -3747.209        823.881      -3071.813    0.000   0.000   0.000   0.
  2017 352  5 37  6 492 352.234102917       4.91     -3.05      2.70  0.       -3745.146        821.520      -3072.845    0.000   0.000   0.000   0.
  2017 352  5 37  7 492 352.234114491       4.96     -3.12      2.56  0.       -3743.082        819.159      -3073.876    0.000   0.000   0.000   0.
  2017 352  5 37  8 492 352.234126065       4.89     -3.04      2.46  0.       -3741.016        816.797      -3074.906    0.000   0.000   0.000   0.
  2017 352  5 37  9 492 352.234137639       4.80     -3.00      2.46  0.       -3738.949        814.435      -3075.935    0.000   0.000   0.000   0.
  2017 352  5 37 10 492 352.234149213       4.80     -3.03      2.43  0.       -3736.881        812.073      -3076.963    0.000   0.000   0.000   0.
  2017 352  5 37 11 491 352.234160787       4.91     -2.95      2.38  0.       -3734.811        809.710      -3077.989    0.000   0.000   0.000   0.
  2017 352  5 37 12 491 352.234172361       4.96     -2.90      2.25  0.       -3732.740        807.348      -3079.015    0.000   0.000   0.000   0.
  2017 352  5 37 13 491 352.234183935       4.94     -2.86      2.16  0.       -3730.667        804.985      -3080.039    0.000   0.000   0.000   0.
  2017 352  5 37 14 491 352.234195509       4.94     -2.86      2.08  0.       -3728.594        802.621      -3081.062    0.000   0.000   0.000   0.
  2017 352  5 37 15 491 352.234207083       5.09     -2.83      2.21  0.       -3726.518        800.258      -3082.084    0.000   0.000   0.000   0.
  2017 352  5 37 16 492 352.234218657       5.01     -2.79      2.18  0.       -3724.442        797.894      -3083.105    0.000   0.000   0.000   0.
  2017 352  5 37 17 492 352.234230232       5.01     -2.66      2.08  0.       -3722.364        795.529      -3084.125    0.000   0.000   0.000   0.
  2017 352  5 37 18 491 352.234241806       5.00     -2.51      1.96  0.       -3720.285        793.165      -3085.144    0.000   0.000   0.000   0.
  2017 352  5 37 19 491 352.234253380       5.10     -2.44      1.96  0.       -3718.204        790.800      -3086.162    0.000   0.000   0.000   0.
  2017 352  5 37 20 492 352.234264954       5.16     -2.34      1.94  0.       -3716.122        788.435      -3087.178    0.000   0.000   0.000   0.
  2017 352  5 37 21 492 352.234276528       5.22     -2.29      2.01  0.       -3714.039        786.070      -3088.193    0.000   0.000   0.000   0.
  2017 352  5 37 22 492 352.234288102       5.34     -2.27      2.02  0.       -3711.955        783.704      -3089.208    0.000   0.000   0.000   0.
  2017 352  5 37 23 492 352.234299676       5.48     -2.27      2.08  0.       -3709.869        781.338      -3090.221    0.000   0.000   0.000   0.
  2017 352  5 37 24 492 352.234311250       5.51     -2.26      2.15  0.       -3707.781        778.972      -3091.233    0.000   0.000   0.000   0.
  2017 352  5 37 25 491 352.234322824       5.52     -2.30      2.24  0.       -3705.693        776.605      -3092.244    0.000   0.000   0.000   0.
  2017 352  5 37 26 491 352.234334398       5.44     -2.29      2.28  0.       -3703.603        774.238      -3093.253    0.000   0.000   0.000   0.
  2017 352  5 37 27 491 352.234345972       5.40     -2.24      2.39  0.       -3701.511        771.871      -3094.262    0.000   0.000   0.000   0.
  2017 352  5 37 28 491 352.234357546       5.46     -2.20      2.46  0.       -3699.418        769.504      -3095.269    0.000   0.000   0.000   0.
  2017 352  5 37 29 492 352.234369120       5.34     -2.09      2.61  0.       -3697.324        767.136      -3096.276    0.000   0.000   0.000   0.
  2017 352  5 37 30 492 352.234380694       5.16     -2.05      2.72  0.       -3695.229        764.768      -3097.281    0.000   0.000   0.000   0.
  2017 352  5 37 31 491 352.234392269       5.04     -2.05      2.74  0.       -3693.132        762.400      -3098.285    0.000   0.000   0.000   0.
  2017 352  5 37 32 491 352.234403840       4.88     -2.06      2.88  0.       -3691.034        760.032      -3099.288    0.000   0.000   0.000   0.
  2017 352  5 37 33 491 352.234415414       4.54     -1.93      2.80  0.       -3688.934        757.663      -3100.290    0.000   0.000   0.000   0.
  2017 352  5 37 34 491 352.234426988       4.48     -1.74      2.74  0.       -3686.834        755.294      -3101.290    0.000   0.000   0.000   0.
  2017 352  5 37 35 491 352.234438562       4.47     -1.75      2.76  0.       -3684.731        752.924      -3102.290    0.000   0.000   0.000   0.
  2017 352  5 37 36 491 352.234450136       4.51     -1.72      2.77  0.       -3682.628        750.555      -3103.288    0.000   0.000   0.000   0.
  2017 352  5 37 37 491 352.234461710       4.52     -1.56      2.96  0.       -3680.523        748.185      -3104.285    0.000   0.000   0.000   0.
  2017 352  5 37 38 491 352.234473284       4.53     -1.39      3.09  0.       -3678.416        745.815      -3105.281    0.000   0.000   0.000   0.
  2017 352  5 37 39 491 352.234484858       4.53     -1.27      3.08  0.       -3676.309        743.444      -3106.276    0.000   0.000   0.000   0.
  2017 352  5 37 40 491 352.234496432       4.69     -1.22      3.07  0.       -3674.200        741.073      -3107.270    0.000   0.000   0.000   0.
  2017 352  5 37 41 491 352.234508006       4.83     -1.26      3.04  0.       -3672.090        738.702      -3108.262    0.000   0.000   0.000   0.
  2017 352  5 37 42 491 352.234519580       4.89     -1.13      3.06  0.       -3669.978        736.331      -3109.254    0.000   0.000   0.000   0.
  2017 352  5 37 43 491 352.234531154       4.80     -0.95      3.03  0.       -3667.865        733.960      -3110.244    0.000   0.000   0.000   0.
  2017 352  5 37 44 491 352.234542729       4.57     -1.13      2.96  0.       -3665.750        731.588      -3111.233    0.000   0.000   0.000   0.
  2017 352  5 37 45 491 352.234554303       4.54     -1.18      2.91  0.       -3663.634        729.216      -3112.221    0.000   0.000   0.000   0.
  2017 352  5 37 46 491 352.234565877       4.60     -1.20      2.95  0.       -3661.517        726.843      -3113.208    0.000   0.000   0.000   0.
  2017 352  5 37 47 491 352.234577451       4.62     -1.17      2.94  0.       -3659.399        724.471      -3114.194    0.000   0.000   0.000   0.
  2017 352  5 37 48 491 352.234589025       4.62     -1.20      2.95  0.       -3657.279        722.098      -3115.178    0.000   0.000   0.000   0.
  2017 352  5 37 49 491 352.234600599       4.64     -1.25      2.97  0.       -3655.157        719.725      -3116.161    0.000   0.000   0.000   0.
  2017 352  5 37 50 491 352.234612173       4.64     -1.20      3.01  0.       -3653.035        717.351      -3117.144    0.000   0.000   0.000   0.
  2017 352  5 37 51 491 352.234623747       4.63     -1.18      3.06  0.       -3650.911        714.977      -3118.125    0.000   0.000   0.000   0.
  2017 352  5 37 52 491 352.234635321       4.56     -1.14      3.13  0.       -3648.786        712.603      -3119.104    0.000   0.000   0.000   0.
  2017 352  5 37 53 491 352.234646895       4.54     -1.19      3.21  0.       -3646.659        710.229      -3120.083    0.000   0.000   0.000   0.
  2017 352  5 37 54 491 352.234658469       4.60     -1.17      3.32  0.       -3644.531        707.855      -3121.061    0.000   0.000   0.000   0.
  2017 352  5 37 55 491 352.234670043       4.64     -1.17      3.40  0.       -3642.401        705.480      -3122.037    0.000   0.000   0.000   0.
  2017 352  5 37 56 491 352.234681617       4.60     -1.11      3.50  0.       -3640.270        703.105      -3123.012    0.000   0.000   0.000   0.
  2017 352  5 37 57 491 352.234693192       4.47     -1.10      3.62  0.       -3638.138        700.729      -3123.986    0.000   0.000   0.000   0.
  2017 352  5 37 58 491 352.234704766       4.52     -1.28      3.72  0.       -3636.005        698.354      -3124.959    0.000   0.000   0.000   0.
  2017 352  5 37 59 491 352.234716340       4.60     -1.18      3.82  0.       -3633.870        695.978      -3125.930    0.000   0.000   0.000   0.
  2017 352  5 38  0 491 352.234727914       4.58     -1.22      3.83  0.       -3631.734        693.602      -3126.901    0.000   0.000   0.000   0.
  2017 352  5 38  1 491 352.234739488       4.63     -1.35      3.92  0.       -3629.596        691.225      -3127.870    0.000   0.000   0.000   0.
  2017 352  5 38  2 491 352.234751059       4.74     -1.40      4.02  0.       -3627.457        688.849      -3128.838    0.000   0.000   0.000   0.
  2017 352  5 38  3 491 352.234762633       4.81     -1.43      4.07  0.       -3625.317        686.472      -3129.805    0.000   0.000   0.000   0.
  2017 352  5 38  4 491 352.234774207       4.87     -1.41      4.14  0.       -3623.175        684.095      -3130.771    0.000   0.000   0.000   0.
  2017 352  5 38  5 491 352.234785781       4.93     -1.39      4.24  0.       -3621.031        681.717      -3131.735    0.000   0.000   0.000   0.
  2017 352  5 38  6 491 352.234797355       5.12     -1.48      4.44  0.       -3618.887        679.340      -3132.699    0.000   0.000   0.000   0.
  2017 352  5 38  7 491 352.234808929       5.41     -1.43      4.70  0.       -3616.742        676.962      -3133.661    0.000   0.000   0.000   0.
  2017 352  5 38  8 491 352.234820504       5.56     -1.32      4.77  0.       -3614.594        674.584      -3134.622    0.000   0.000   0.000   0.
  2017 352  5 38  9 491 352.234832077       5.68     -1.08      4.68  0.       -3612.446        672.205      -3135.582    0.000   0.000   0.000   0.
  2017 352  5 38 10 491 352.234843652       5.83     -0.75      4.65  0.       -3610.296        669.827      -3136.540    0.000   0.000   0.000   0.
  2017 352  5 38 11 491 352.234855226       5.74     -0.54      4.66  0.       -3608.145        667.448      -3137.498    0.000   0.000   0.000   0.
  2017 352  5 38 12 491 352.234866800       5.65     -0.37      4.61  0.       -3605.992        665.068      -3138.454    0.000   0.000   0.000   0.
  2017 352  5 38 13 491 352.234878374       5.48     -0.58      4.69  0.       -3603.838        662.689      -3139.409    0.000   0.000   0.000   0.
  2017 352  5 38 14 491 352.234889948       5.38     -0.80      4.68  0.       -3601.683        660.309      -3140.363    0.000   0.000   0.000   0.
  2017 352  5 38 15 491 352.234901522       5.33     -0.74      4.70  0.       -3599.526        657.929      -3141.315    0.000   0.000   0.000   0.
  2017 352  5 38 16 491 352.234913096       5.38     -0.78      4.84  0.       -3597.368        655.549      -3142.267    0.000   0.000   0.000   0.
  2017 352  5 38 17 491 352.234924670       5.66     -0.79      4.96  0.       -3595.208        653.169      -3143.217    0.000   0.000   0.000   0.
  2017 352  5 38 18 491 352.234936244       5.93     -1.03      5.33  0.       -3593.047        650.788      -3144.166    0.000   0.000   0.000   0.
  2017 352  5 38 19 491 352.234947818       6.14     -1.32      5.47  0.       -3590.885        648.407      -3145.114    0.000   0.000   0.000   0.
  2017 352  5 38 20 491 352.234959392       6.24     -1.45      5.81  0.       -3588.721        646.026      -3146.060    0.000   0.000   0.000   0.
  2017 352  5 38 21 491 352.234970966       6.22     -1.44      5.97  0.       -3586.556        643.644      -3147.006    0.000   0.000   0.000   0.
  2017 352  5 38 22 491 352.234982540       6.10     -1.41      5.99  0.       -3584.390        641.263      -3147.950    0.000   0.000   0.000   0.
  2017 352  5 38 23 491 352.234994115       6.03     -1.53      6.01  0.       -3582.222        638.881      -3148.893    0.000   0.000   0.000   0.
  2017 352  5 38 24 491 352.235005689       6.13     -1.45      6.02  0.       -3580.053        636.498      -3149.835    0.000   0.000   0.000   0.
  2017 352  5 38 25 491 352.235017263       6.24     -1.27      5.95  0.       -3577.883        634.116      -3150.775    0.000   0.000   0.000   0.
  2017 352  5 38 26 491 352.235028837       6.36     -1.24      5.82  0.       -3575.711        631.733      -3151.715    0.000   0.000   0.000   0.
  2017 352  5 38 27 491 352.235040411       6.44     -1.38      5.78  0.       -3573.538        629.350      -3152.653    0.000   0.000   0.000   0.
  2017 352  5 38 28 491 352.235051985       6.49     -1.48      5.82  0.       -3571.363        626.967      -3153.590    0.000   0.000   0.000   0.
  2017 352  5 38 29 491 352.235063559       6.59     -1.38      5.81  0.       -3569.187        624.584      -3154.525    0.000   0.000   0.000   0.
  2017 352  5 38 30 491 352.235075133       6.63     -1.35      5.76  0.       -3567.010        622.200      -3155.460    0.000   0.000   0.000   0.
  2017 352  5 38 31 491 352.235086707       6.55     -1.37      5.69  0.       -3564.831        619.816      -3156.393    0.000   0.000   0.000   0.
  2017 352  5 38 32 491 352.235098279       6.64     -1.40      5.66  0.       -3562.651        617.432      -3157.325    0.000   0.000   0.000   0.
  2017 352  5 38 33 491 352.235109852       6.77     -1.33      5.62  0.       -3560.469        615.048      -3158.256    0.000   0.000   0.000   0.
  2017 352  5 38 34 491 352.235121427       6.82     -1.31      5.54  0.       -3558.287        612.663      -3159.186    0.000   0.000   0.000   0.
  2017 352  5 38 35 491 352.235133001       6.75     -1.28      5.40  0.       -3556.102        610.278      -3160.115    0.000   0.000   0.000   0.
  2017 352  5 38 36 491 352.235144575       6.71     -1.38      5.43  0.       -3553.917        607.893      -3161.041    0.000   0.000   0.000   0.
  2017 352  5 38 37 491 352.235156149       6.68     -1.36      5.52  0.       -3551.730        605.508      -3161.967    0.000   0.000   0.000   0.
  2017 352  5 38 38 491 352.235167723       6.69     -1.30      5.52  0.       -3549.541        603.122      -3162.892    0.000   0.000   0.000   0.
  2017 352  5 38 39 491 352.235179297       6.71     -1.16      5.48  0.       -3547.352        600.737      -3163.816    0.000   0.000   0.000   0.
  2017 352  5 38 40 491 352.235190871       6.63     -1.11      5.47  0.       -3545.160        598.351      -3164.738    0.000   0.000   0.000   0.
  2017 352  5 38 41 491 352.235202445       6.60     -1.14      5.59  0.       -3542.968        595.964      -3165.659    0.000   0.000   0.000   0.
  2017 352  5 38 42 491 352.235214019       6.69     -0.87      5.61  0.       -3540.774        593.578      -3166.579    0.000   0.000   0.000   0.
  2017 352  5 38 43 491 352.235225593       6.69     -0.57      5.55  0.       -3538.579        591.191      -3167.497    0.000   0.000   0.000   0.
  2017 352  5 38 44 491 352.235237167       6.59     -0.49      5.64  0.       -3536.382        588.804      -3168.414    0.000   0.000   0.000   0.
  2017 352  5 38 45 491 352.235248741       6.55     -0.50      5.75  0.       -3534.184        586.417      -3169.331    0.000   0.000   0.000   0.
  2017 352  5 38 46 491 352.235260315       6.65     -0.44      5.82  0.       -3531.985        584.030      -3170.245    0.000   0.000   0.000   0.
  2017 352  5 38 47 491 352.235271889       6.70     -0.32      5.85  0.       -3529.784        581.642      -3171.159    0.000   0.000   0.000   0.
  2017 352  5 38 48 491 352.235283464       6.68     -0.20      5.85  0.       -3527.582        579.254      -3172.071    0.000   0.000   0.000   0.
  2017 352  5 38 49 491 352.235295038       6.73     -0.01      5.84  0.       -3525.379        576.866      -3172.982    0.000   0.000   0.000   0.
  2017 352  5 38 50 491 352.235306612       6.68      0.05      5.99  0.       -3523.174        574.478      -3173.892    0.000   0.000   0.000   0.
  2017 352  5 38 51 491 352.235318186       6.57      0.03      6.24  0.       -3520.967        572.089      -3174.801    0.000   0.000   0.000   0.
  2017 352  5 38 52 491 352.235329760       6.58      0.09      6.29  0.       -3518.760        569.700      -3175.708    0.000   0.000   0.000   0.
  2017 352  5 38 53 491 352.235341334       6.61      0.16      6.34  0.       -3516.551        567.311      -3176.614    0.000   0.000   0.000   0.
  2017 352  5 38 54 491 352.235352908       6.75      0.26      6.33  0.       -3514.341        564.922      -3177.519    0.000   0.000   0.000   0.
  2017 352  5 38 55 491 352.235364482       6.87      0.53      6.27  0.       -3512.129        562.533      -3178.423    0.000   0.000   0.000   0.
  2017 352  5 38 56 491 352.235376056       6.97      0.74      6.29  0.       -3509.916        560.143      -3179.325    0.000   0.000   0.000   0.
  2017 352  5 38 57 491 352.235387630       6.92      0.67      6.41  0.       -3507.701        557.753      -3180.226    0.000   0.000   0.000   0.
  2017 352  5 38 58 491 352.235399204       7.02      0.62      6.49  0.       -3505.485        555.363      -3181.126    0.000   0.000   0.000   0.
  2017 352  5 38 59 491 352.235410778       7.20      0.64      6.45  0.       -3503.268        552.973      -3182.025    0.000   0.000   0.000   0.
  2017 352  5 39  0 491 352.235422352       7.30      0.53      6.42  0.       -3501.049        550.582      -3182.922    0.000   0.000   0.000   0.
  2017 352  5 39  1 491 352.235433927       7.36      0.29      6.42  0.       -3498.829        548.191      -3183.818    0.000   0.000   0.000   0.
  2017 352  5 39  2 491 352.235445498       7.39      0.03      6.49  0.       -3496.608        545.800      -3184.713    0.000   0.000   0.000   0.
  2017 352  5 39  3 491 352.235457072       7.45     -0.17      6.53  0.       -3494.385        543.409      -3185.607    0.000   0.000   0.000   0.
  2017 352  5 39  4 491 352.235468646       7.50     -0.31      6.50  0.       -3492.161        541.018      -3186.499    0.000   0.000   0.000   0.
  2017 352  5 39  5 491 352.235480220       7.47     -0.55      6.45  0.       -3489.935        538.626      -3187.390    0.000   0.000   0.000   0.
  2017 352  5 39  6 491 352.235491794       7.41     -0.91      6.46  0.       -3487.708        536.234      -3188.280    0.000   0.000   0.000   0.
  2017 352  5 39  7 490 352.235503368       7.40     -1.30      6.49  0.       -3485.479        533.842      -3189.168    0.000   0.000   0.000   0.
  2017 352  5 39  8 490 352.235514942       7.34     -1.54      6.44  0.       -3483.250        531.450      -3190.056    0.000   0.000   0.000   0.
  2017 352  5 39  9 490 352.235526516       7.24     -1.71      6.43  0.       -3481.019        529.057      -3190.941    0.000   0.000   0.000   0.
  2017 352  5 39 10 490 352.235538090       7.13     -1.87      6.48  0.       -3478.786        526.665      -3191.826    0.000   0.000   0.000   0.
  2017 352  5 39 11 490 352.235549664       7.08     -1.89      6.50  0.       -3476.552        524.272      -3192.710    0.000   0.000   0.000   0.
  2017 352  5 39 12 491 352.235561238       7.05     -1.75      6.50  0.       -3474.317        521.879      -3193.592    0.000   0.000   0.000   0.
  2017 352  5 39 13 490 352.235572812       6.97     -1.51      6.42  0.       -3472.080        519.485      -3194.473    0.000   0.000   0.000   0.
  2017 352  5 39 14 490 352.235584387       6.84     -1.01      6.47  0.       -3469.842        517.092      -3195.352    0.000   0.000   0.000   0.
  2017 352  5 39 15 490 352.235595961       6.78     -0.74      6.45  0.       -3467.603        514.698      -3196.231    0.000   0.000   0.000   0.
  2017 352  5 39 16 491 352.235607535       6.82     -0.68      6.42  0.       -3465.362        512.304      -3197.108    0.000   0.000   0.000   0.
  2017 352  5 39 17 491 352.235619109       6.82     -0.70      6.36  0.       -3463.120        509.910      -3197.983    0.000   0.000   0.000   0.
  2017 352  5 39 18 491 352.235630683       6.76     -0.68      6.35  0.       -3460.876        507.516      -3198.858    0.000   0.000   0.000   0.
  2017 352  5 39 19 491 352.235642257       6.72     -0.59      6.31  0.       -3458.631        505.121      -3199.731    0.000   0.000   0.000   0.
  2017 352  5 39 20 490 352.235653831       6.77     -0.43      6.18  0.       -3456.385        502.726      -3200.603    0.000   0.000   0.000   0.
  2017 352  5 39 21 490 352.235665405       6.77     -0.56      6.12  0.       -3454.137        500.331      -3201.474    0.000   0.000   0.000   0.
  2017 352  5 39 22 490 352.235676979       6.69     -0.63      6.08  0.       -3451.888        497.936      -3202.343    0.000   0.000   0.000   0.
  2017 352  5 39 23 490 352.235688553       6.73     -0.53      6.11  0.       -3449.637        495.541      -3203.211    0.000   0.000   0.000   0.
  2017 352  5 39 24 490 352.235700127       6.75     -0.44      6.10  0.       -3447.385        493.145      -3204.078    0.000   0.000   0.000   0.
  2017 352  5 39 25 491 352.235711701       6.88     -0.12      6.17  0.       -3445.132        490.750      -3204.943    0.000   0.000   0.000   0.
  2017 352  5 39 26 491 352.235723275       6.93     -0.32      6.24  0.       -3442.877        488.354      -3205.807    0.000   0.000   0.000   0.
  2017 352  5 39 27 490 352.235734850       7.04     -0.49      6.15  0.       -3440.621        485.957      -3206.670    0.000   0.000   0.000   0.
  2017 352  5 39 28 490 352.235746424       7.18     -0.64      6.13  0.       -3438.364        483.561      -3207.532    0.000   0.000   0.000   0.
  2017 352  5 39 29 491 352.235757998       7.22     -0.71      5.97  0.       -3436.105        481.165      -3208.392    0.000   0.000   0.000   0.
  2017 352  5 39 30 491 352.235769572       7.17     -0.66      5.86  0.       -3433.845        478.768      -3209.251    0.000   0.000   0.000   0.
  2017 352  5 39 31 491 352.235781146       7.10     -0.64      5.80  0.       -3431.583        476.371      -3210.108    0.000   0.000   0.000   0.
  2017 352  5 39 32 491 352.235792718       7.14     -0.58      5.78  0.       -3429.320        473.974      -3210.965    0.000   0.000   0.000   0.
  2017 352  5 39 33 490 352.235804291       7.25     -0.40      5.69  0.       -3427.055        471.576      -3211.820    0.000   0.000   0.000   0.
  2017 352  5 39 34 490 352.235815865       7.25     -0.26      5.58  0.       -3424.790        469.179      -3212.673    0.000   0.000   0.000   0.
  2017 352  5 39 35 490 352.235827439       7.22     -0.29      5.59  0.       -3422.522        466.781      -3213.526    0.000   0.000   0.000   0.
  2017 352  5 39 36 490 352.235839013       7.20     -0.45      5.64  0.       -3420.254        464.383      -3214.377    0.000   0.000   0.000   0.
  2017 352  5 39 37 490 352.235850587       7.28     -0.52      5.64  0.       -3417.984        461.985      -3215.227    0.000   0.000   0.000   0.
  2017 352  5 39 38 490 352.235862161       7.33     -0.54      5.56  0.       -3415.713        459.587      -3216.075    0.000   0.000   0.000   0.
  2017 352  5 39 39 490 352.235873736       7.30     -0.53      5.55  0.       -3413.440        457.188      -3216.922    0.000   0.000   0.000   0.
  2017 352  5 39 40 490 352.235885310       7.35     -0.52      5.57  0.       -3411.165        454.790      -3217.768    0.000   0.000   0.000   0.
  2017 352  5 39 41 490 352.235896884       7.56     -0.38      5.44  0.       -3408.890        452.391      -3218.613    0.000   0.000   0.000   0.
  2017 352  5 39 42 490 352.235908458       7.77     -0.18      5.25  0.       -3406.613        449.992      -3219.456    0.000   0.000   0.000   0.
  2017 352  5 39 43 490 352.235920032       7.91     -0.02      5.13  0.       -3404.335        447.592      -3220.298    0.000   0.000   0.000   0.
  2017 352  5 39 44 490 352.235931606       7.92     -0.27      5.29  0.       -3402.055        445.193      -3221.139    0.000   0.000   0.000   0.
  2017 352  5 39 45 490 352.235943180       7.84     -0.89      5.54  0.       -3399.774        442.794      -3221.978    0.000   0.000   0.000   0.
  2017 352  5 39 46 490 352.235954754       7.65     -0.88      5.88  0.       -3397.491        440.394      -3222.816    0.000   0.000   0.000   0.
  2017 352  5 39 47 490 352.235966328       7.41     -0.82      6.19  0.       -3395.207        437.994      -3223.652    0.000   0.000   0.000   0.
  2017 352  5 39 48 490 352.235977902       7.29     -0.84      6.36  0.       -3392.922        435.594      -3224.488    0.000   0.000   0.000   0.
  2017 352  5 39 49 490 352.235989476       7.45     -0.90      6.27  0.       -3390.635        433.194      -3225.322    0.000   0.000   0.000   0.
  2017 352  5 39 50 490 352.236001050       7.63     -1.02      6.09  0.       -3388.347        430.793      -3226.154    0.000   0.000   0.000   0.
  2017 352  5 39 51 490 352.236012624       7.63     -1.14      5.99  0.       -3386.058        428.392      -3226.986    0.000   0.000   0.000   0.
  2017 352  5 39 52 490 352.236024198       7.57     -1.22      5.95  0.       -3383.767        425.991      -3227.816    0.000   0.000   0.000   0.
  2017 352  5 39 53 490 352.236035773       7.50     -1.32      5.94  0.       -3381.474        423.590      -3228.644    0.000   0.000   0.000   0.
  2017 352  5 39 54 490 352.236047347       7.45     -1.34      5.93  0.       -3379.181        421.189      -3229.472    0.000   0.000   0.000   0.
  2017 352  5 39 55 490 352.236058921       7.46     -1.27      5.88  0.       -3376.886        418.788      -3230.298    0.000   0.000   0.000   0.
  2017 352  5 39 56 490 352.236070495       7.40     -1.18      5.82  0.       -3374.589        416.386      -3231.122    0.000   0.000   0.000   0.
  2017 352  5 39 57 490 352.236082069       7.31     -1.22      5.74  0.       -3372.291        413.985      -3231.945    0.000   0.000   0.000   0.
  2017 352  5 39 58 490 352.236093643       7.25     -1.24      5.71  0.       -3369.992        411.583      -3232.767    0.000   0.000   0.000   0.
  2017 352  5 39 59 490 352.236105217       7.11     -1.14      5.74  0.       -3367.691        409.181      -3233.588    0.000   0.000   0.000   0.
  2017 352  5 40  0 490 352.236116791       6.92     -1.05      5.67  0.       -3365.389        406.778      -3234.407    0.000   0.000   0.000   0.
  2017 352  5 40  1 490 352.236128365       6.78     -0.86      5.59  0.       -3363.086        404.376      -3235.225    0.000   0.000   0.000   0.
  2017 352  5 40  2 490 352.236139939       6.74     -0.64      5.56  0.       -3360.781        401.973      -3236.042    0.000   0.000   0.000   0.
  2017 352  5 40  3 490 352.236151513       6.69     -0.52      5.51  0.       -3358.475        399.571      -3236.857    0.000   0.000   0.000   0.
  2017 352  5 40  4 490 352.236163085       6.74     -0.35      5.40  0.       -3356.167        397.168      -3237.671    0.000   0.000   0.000   0.
  2017 352  5 40  5 490 352.236174659       6.77     -0.39      5.24  0.       -3353.858        394.765      -3238.483    0.000   0.000   0.000   0.
  2017 352  5 40  6 490 352.236186233       6.82     -0.44      5.11  0.       -3351.548        392.361      -3239.295    0.000   0.000   0.000   0.
  2017 352  5 40  7 490 352.236197807       6.92     -0.55      4.99  0.       -3349.236        389.958      -3240.104    0.000   0.000   0.000   0.
  2017 352  5 40  8 490 352.236209381       6.98     -0.53      4.80  0.       -3346.923        387.554      -3240.913    0.000   0.000   0.000   0.
  2017 352  5 40  9 490 352.236220955       7.16     -0.30      4.54  0.       -3344.608        385.151      -3241.720    0.000   0.000   0.000   0.
  2017 352  5 40 10 490 352.236232529       7.42      0.04      4.24  0.       -3342.292        382.747      -3242.526    0.000   0.000   0.000   0.
  2017 352  5 40 11 490 352.236244103       7.33      0.79      4.08  0.       -3339.975        380.343      -3243.330    0.000   0.000   0.000   0.
  2017 352  5 40 12 490 352.236255677       7.23      0.99      3.79  0.       -3337.656        377.938      -3244.133    0.000   0.000   0.000   0.
  2017 352  5 40 13 490 352.236267251       7.25      0.93      3.72  0.       -3335.336        375.534      -3244.935    0.000   0.000   0.000   0.
  2017 352  5 40 14 490 352.236278825       7.28      0.88      3.54  0.       -3333.014        373.130      -3245.735    0.000   0.000   0.000   0.
  2017 352  5 40 15 490 352.236290399       7.37      0.79      3.40  0.       -3330.691        370.725      -3246.534    0.000   0.000   0.000   0.
  2017 352  5 40 16 490 352.236301973       7.40      0.85      3.26  0.       -3328.367        368.320      -3247.332    0.000   0.000   0.000   0.
  2017 352  5 40 17 490 352.236313547       7.36      0.99      3.19  0.       -3326.041        365.915      -3248.128    0.000   0.000   0.000   0.
  2017 352  5 40 18 490 352.236325121       7.25      0.96      3.21  0.       -3323.713        363.510      -3248.923    0.000   0.000   0.000   0.
  2017 352  5 40 19 490 352.236336696       7.16      0.83      3.45  0.       -3321.385        361.105      -3249.716    0.000   0.000   0.000   0.
  2017 352  5 40 20 490 352.236348270       7.09      0.69      3.73  0.       -3319.055        358.699      -3250.508    0.000   0.000   0.000   0.
  2017 352  5 40 21 490 352.236359844       7.07      0.59      3.91  0.       -3316.723        356.293      -3251.299    0.000   0.000   0.000   0.
  2017 352  5 40 22 490 352.236371418       7.01      0.51      4.00  0.       -3314.391        353.888      -3252.088    0.000   0.000   0.000   0.
  2017 352  5 40 23 490 352.236382992       7.02      0.43      4.06  0.       -3312.056        351.482      -3252.876    0.000   0.000   0.000   0.
  2017 352  5 40 24 490 352.236394566       6.96      0.36      4.13  0.       -3309.721        349.076      -3253.663    0.000   0.000   0.000   0.
  2017 352  5 40 25 490 352.236406140       6.85      0.43      4.38  0.       -3307.384        346.670      -3254.448    0.000   0.000   0.000   0.
  2017 352  5 40 26 490 352.236417714       6.78      0.42      4.49  0.       -3305.045        344.263      -3255.232    0.000   0.000   0.000   0.
  2017 352  5 40 27 490 352.236429288       6.71      0.25      4.59  0.       -3302.706        341.857      -3256.014    0.000   0.000   0.000   0.
  2017 352  5 40 28 490 352.236440862       6.70      0.07      4.71  0.       -3300.364        339.450      -3256.795    0.000   0.000   0.000   0.
  2017 352  5 40 29 490 352.236452436       6.71      0.00      4.74  0.       -3298.022        337.043      -3257.575    0.000   0.000   0.000   0.
  2017 352  5 40 30 490 352.236464010       6.65     -0.16      4.75  0.       -3295.678        334.636      -3258.353    0.000   0.000   0.000   0.
  2017 352  5 40 31 490 352.236475584       6.65     -0.31      4.78  0.       -3293.332        332.229      -3259.130    0.000   0.000   0.000   0.
  2017 352  5 40 32 490 352.236487156       6.69     -0.53      4.76  0.       -3290.986        329.822      -3259.906    0.000   0.000   0.000   0.
  2017 352  5 40 33 490 352.236498730       6.72     -0.70      4.70  0.       -3288.637        327.415      -3260.680    0.000   0.000   0.000   0.
  2017 352  5 40 34 490 352.236510304       6.72     -0.82      4.64  0.       -3286.288        325.007      -3261.453    0.000   0.000   0.000   0.
  2017 352  5 40 35 490 352.236521878       6.71     -0.92      4.63  0.       -3283.937        322.599      -3262.224    0.000   0.000   0.000   0.
  2017 352  5 40 36 490 352.236533452       6.63     -0.97      4.62  0.       -3281.584        320.192      -3262.994    0.000   0.000   0.000   0.
  2017 352  5 40 37 490 352.236545026       6.55     -0.97      4.55  0.       -3279.230        317.784      -3263.762    0.000   0.000   0.000   0.
  2017 352  5 40 38 490 352.236556600       6.43     -0.97      4.53  0.       -3276.875        315.376      -3264.530    0.000   0.000   0.000   0.
  2017 352  5 40 39 490 352.236568174       6.26     -0.88      4.54  0.       -3274.518        312.967      -3265.295    0.000   0.000   0.000   0.
  2017 352  5 40 40 490 352.236579748       6.16     -0.86      4.57  0.       -3272.161        310.559      -3266.060    0.000   0.000   0.000   0.
  2017 352  5 40 41 490 352.236591322       6.16     -0.96      4.67  0.       -3269.801        308.151      -3266.822    0.000   0.000   0.000   0.
  2017 352  5 40 42 490 352.236602896       6.14     -1.33      4.57  0.       -3267.440        305.742      -3267.584    0.000   0.000   0.000   0.
  2017 352  5 40 43 490 352.236614470       6.19     -1.69      4.46  0.       -3265.078        303.333      -3268.344    0.000   0.000   0.000   0.
  2017 352  5 40 44 490 352.236626045       6.16     -2.04      4.40  0.       -3262.714        300.924      -3269.103    0.000   0.000   0.000   0.
  2017 352  5 40 45 490 352.236637619       6.22     -2.31      4.29  0.       -3260.349        298.515      -3269.860    0.000   0.000   0.000   0.
  2017 352  5 40 46 490 352.236649193       6.39     -2.07      4.10  0.       -3257.983        296.106      -3270.616    0.000   0.000   0.000   0.
  2017 352  5 40 47 490 352.236660767       6.47     -1.78      4.09  0.       -3255.615        293.697      -3271.370    0.000   0.000   0.000   0.
  2017 352  5 40 48 490 352.236672341       6.58     -1.72      3.98  0.       -3253.246        291.288      -3272.123    0.000   0.000   0.000   0.
  2017 352  5 40 49 490 352.236683915       6.69     -1.55      3.89  0.       -3250.875        288.878      -3272.875    0.000   0.000   0.000   0.
  2017 352  5 40 50 490 352.236695489       6.69     -1.37      3.95  0.       -3248.503        286.468      -3273.625    0.000   0.000   0.000   0.
  2017 352  5 40 51 490 352.236707063       6.61     -1.36      4.07  0.       -3246.129        284.059      -3274.374    0.000   0.000   0.000   0.
  2017 352  5 40 52 490 352.236718637       6.64     -1.31      4.08  0.       -3243.755        281.649      -3275.121    0.000   0.000   0.000   0.
  2017 352  5 40 53 490 352.236730211       6.73     -1.33      3.97  0.       -3241.378        279.239      -3275.867    0.000   0.000   0.000   0.
  2017 352  5 40 54 490 352.236741785       6.80     -1.25      3.94  0.       -3239.001        276.829      -3276.612    0.000   0.000   0.000   0.
  2017 352  5 40 55 490 352.236753359       6.72     -1.27      3.91  0.       -3236.622        274.418      -3277.355    0.000   0.000   0.000   0.
  2017 352  5 40 56 490 352.236764933       6.60     -1.32      3.98  0.       -3234.241        272.008      -3278.097    0.000   0.000   0.000   0.
  2017 352  5 40 57 490 352.236776508       6.51     -1.30      4.08  0.       -3231.859        269.597      -3278.837    0.000   0.000   0.000   0.
  2017 352  5 40 58 490 352.236788082       6.48     -1.12      4.13  0.       -3229.476        267.187      -3279.576    0.000   0.000   0.000   0.
  2017 352  5 40 59 490 352.236799656       6.50     -0.87      4.17  0.       -3227.091        264.776      -3280.313    0.000   0.000   0.000   0.
  2017 352  5 41  0 490 352.236811230       6.56     -0.65      4.12  0.       -3224.705        262.365      -3281.049    0.000   0.000   0.000   0.
  2017 352  5 41  1 490 352.236822804       6.73     -0.62      4.13  0.       -3222.317        259.954      -3281.784    0.000   0.000   0.000   0.
  2017 352  5 41  2 490 352.236834375       6.92     -0.58      4.11  0.       -3219.928        257.543      -3282.517    0.000   0.000   0.000   0.
  2017 352  5 41  3 489 352.236845949       7.03     -0.37      3.97  0.       -3217.538        255.132      -3283.248    0.000   0.000   0.000   0.
  2017 352  5 41  4 489 352.236857523       7.12     -0.28      3.81  0.       -3215.146        252.721      -3283.979    0.000   0.000   0.000   0.
  2017 352  5 41  5 489 352.236869097       7.17     -0.29      3.70  0.       -3212.753        250.309      -3284.707    0.000   0.000   0.000   0.
  2017 352  5 41  6 489 352.236880671       7.26     -0.11      3.64  0.       -3210.359        247.898      -3285.435    0.000   0.000   0.000   0.
  2017 352  5 41  7 490 352.236892245       7.33     -0.11      3.72  0.       -3207.963        245.486      -3286.161    0.000   0.000   0.000   0.
  2017 352  5 41  8 490 352.236903819       7.39     -0.20      3.82  0.       -3205.565        243.074      -3286.885    0.000   0.000   0.000   0.
  2017 352  5 41  9 489 352.236915393       7.42     -0.27      3.96  0.       -3203.167        240.663      -3287.608    0.000   0.000   0.000   0.
  2017 352  5 41 10 489 352.236926968       7.51     -0.38      4.06  0.       -3200.766        238.251      -3288.330    0.000   0.000   0.000   0.
  2017 352  5 41 11 490 352.236938542       7.63     -0.48      4.12  0.       -3198.365        235.839      -3289.050    0.000   0.000   0.000   0.
  2017 352  5 41 12 490 352.236950116       7.57     -0.51      4.12  0.       -3195.962        233.426      -3289.768    0.000   0.000   0.000   0.
  2017 352  5 41 13 490 352.236961690       7.43     -0.44      4.05  0.       -3193.557        231.014      -3290.486    0.000   0.000   0.000   0.
  2017 352  5 41 14 490 352.236973264       7.33     -0.44      4.15  0.       -3191.151        228.602      -3291.201    0.000   0.000   0.000   0.
  2017 352  5 41 15 490 352.236984838       7.28     -0.59      4.22  0.       -3188.744        226.189      -3291.916    0.000   0.000   0.000   0.
  2017 352  5 41 16 489 352.236996412       7.17     -0.44      4.33  0.       -3186.336        223.777      -3292.628    0.000   0.000   0.000   0.
  2017 352  5 41 17 489 352.237007986       7.15     -0.40      4.58  0.       -3183.925        221.364      -3293.340    0.000   0.000   0.000   0.
  2017 352  5 41 18 489 352.237019560       7.13     -0.50      4.80  0.       -3181.514        218.951      -3294.050    0.000   0.000   0.000   0.
  2017 352  5 41 19 489 352.237031134       7.19     -0.53      5.02  0.       -3179.101        216.538      -3294.758    0.000   0.000   0.000   0.
  2017 352  5 41 20 489 352.237042708       7.15     -0.40      5.13  0.       -3176.687        214.125      -3295.465    0.000   0.000   0.000   0.
  2017 352  5 41 21 490 352.237054282       7.07     -0.36      5.27  0.       -3174.271        211.712      -3296.171    0.000   0.000   0.000   0.
  2017 352  5 41 22 490 352.237065856       6.91     -0.41      5.55  0.       -3171.854        209.299      -3296.875    0.000   0.000   0.000   0.
  2017 352  5 41 23 489 352.237077431       6.63     -0.58      5.91  0.       -3169.436        206.886      -3297.577    0.000   0.000   0.000   0.
  2017 352  5 41 24 489 352.237089005       6.51     -0.64      5.99  0.       -3167.016        204.473      -3298.279    0.000   0.000   0.000   0.
  2017 352  5 41 25 490 352.237100579       6.42     -0.81      6.00  0.       -3164.594        202.059      -3298.978    0.000   0.000   0.000   0.
  2017 352  5 41 26 490 352.237112153       6.41     -0.95      6.05  0.       -3162.172        199.646      -3299.676    0.000   0.000   0.000   0.
  2017 352  5 41 27 490 352.237123727       6.39     -1.06      6.03  0.       -3159.748        197.232      -3300.373    0.000   0.000   0.000   0.
  2017 352  5 41 28 490 352.237135301       6.37     -0.98      6.05  0.       -3157.322        194.818      -3301.068    0.000   0.000   0.000   0.
  2017 352  5 41 29 490 352.237146875       6.30     -1.00      6.06  0.       -3154.895        192.404      -3301.762    0.000   0.000   0.000   0.
  2017 352  5 41 30 489 352.237158449       6.22     -1.04      6.12  0.       -3152.467        189.991      -3302.454    0.000   0.000   0.000   0.
  2017 352  5 41 31 489 352.237170023       6.28     -1.23      6.13  0.       -3150.037        187.577      -3303.145    0.000   0.000   0.000   0.
  2017 352  5 41 32 489 352.237181595       6.30     -1.21      6.05  0.       -3147.606        185.163      -3303.834    0.000   0.000   0.000   0.
  2017 352  5 41 33 489 352.237193168       6.31     -1.24      5.93  0.       -3145.173        182.748      -3304.522    0.000   0.000   0.000   0.
  2017 352  5 41 34 489 352.237204742       6.35     -1.41      5.86  0.       -3142.739        180.334      -3305.209    0.000   0.000   0.000   0.
  2017 352  5 41 35 489 352.237216317       6.42     -1.50      5.82  0.       -3140.304        177.920      -3305.893    0.000   0.000   0.000   0.
  2017 352  5 41 36 489 352.237227891       6.46     -1.63      5.83  0.       -3137.867        175.505      -3306.577    0.000   0.000   0.000   0.
  2017 352  5 41 37 489 352.237239465       6.49     -1.64      5.82  0.       -3135.429        173.091      -3307.259    0.000   0.000   0.000   0.
  2017 352  5 41 38 489 352.237251039       6.48     -1.56      5.85  0.       -3132.989        170.676      -3307.939    0.000   0.000   0.000   0.
  2017 352  5 41 39 489 352.237262613       6.50     -1.57      5.84  0.       -3130.548        168.262      -3308.618    0.000   0.000   0.000   0.
  2017 352  5 41 40 489 352.237274187       6.51     -1.76      5.76  0.       -3128.105        165.847      -3309.295    0.000   0.000   0.000   0.
  2017 352  5 41 41 489 352.237285761       6.51     -1.74      5.70  0.       -3125.662        163.432      -3309.971    0.000   0.000   0.000   0.
  2017 352  5 41 42 489 352.237297335       6.47     -1.67      5.74  0.       -3123.216        161.017      -3310.646    0.000   0.000   0.000   0.
  2017 352  5 41 43 489 352.237308909       6.45     -1.66      5.82  0.       -3120.770        158.603      -3311.319    0.000   0.000   0.000   0.
  2017 352  5 41 44 489 352.237320483       6.51     -1.61      5.88  0.       -3118.321        156.188      -3311.990    0.000   0.000   0.000   0.
  2017 352  5 41 45 489 352.237332057       6.50     -1.56      5.92  0.       -3115.872        153.772      -3312.660    0.000   0.000   0.000   0.
  2017 352  5 41 46 489 352.237343631       6.41     -1.52      6.01  0.       -3113.421        151.357      -3313.328    0.000   0.000   0.000   0.
  2017 352  5 41 47 489 352.237355205       6.27     -1.65      6.16  0.       -3110.969        148.942      -3313.995    0.000   0.000   0.000   0.
  2017 352  5 41 48 489 352.237366779       6.22     -1.71      6.34  0.       -3108.515        146.527      -3314.661    0.000   0.000   0.000   0.
  2017 352  5 41 49 489 352.237378354       6.15     -1.65      6.43  0.       -3106.060        144.111      -3315.325    0.000   0.000   0.000   0.
  2017 352  5 41 50 489 352.237389928       6.07     -1.60      6.48  0.       -3103.603        141.696      -3315.987    0.000   0.000   0.000   0.
  2017 352  5 41 51 489 352.237401502       6.14     -1.61      6.53  0.       -3101.145        139.281      -3316.648    0.000   0.000   0.000   0.
  2017 352  5 41 52 489 352.237413076       6.17     -1.62      6.54  0.       -3098.686        136.865      -3317.307    0.000   0.000   0.000   0.
  2017 352  5 41 53 489 352.237424650       6.17     -1.50      6.50  0.       -3096.225        134.450      -3317.965    0.000   0.000   0.000   0.
  2017 352  5 41 54 489 352.237436224       6.11     -1.41      6.52  0.       -3093.763        132.034      -3318.621    0.000   0.000   0.000   0.
  2017 352  5 41 55 489 352.237447798       6.04     -1.46      6.58  0.       -3091.299        129.618      -3319.276    0.000   0.000   0.000   0.
  2017 352  5 41 56 489 352.237459372       5.95     -1.48      6.64  0.       -3088.834        127.202      -3319.930    0.000   0.000   0.000   0.
  2017 352  5 41 57 489 352.237470946       5.89     -1.52      6.66  0.       -3086.368        124.786      -3320.581    0.000   0.000   0.000   0.
  2017 352  5 41 58 489 352.237482520       5.82     -1.55      6.70  0.       -3083.900        122.370      -3321.232    0.000   0.000   0.000   0.
  2017 352  5 41 59 489 352.237494094       5.75     -1.60      6.69  0.       -3081.431        119.954      -3321.880    0.000   0.000   0.000   0.
  2017 352  5 42  0 489 352.237505668       5.72     -1.66      6.74  0.       -3078.960        117.538      -3322.528    0.000   0.000   0.000   0.
  2017 352  5 42  1 489 352.237517242       5.70     -1.71      6.77  0.       -3076.488        115.123      -3323.173    0.000   0.000   0.000   0.
  2017 352  5 42  2 489 352.237528814       5.68     -1.70      6.75  0.       -3074.014        112.706      -3323.817    0.000   0.000   0.000   0.
  2017 352  5 42  3 489 352.237540388       5.76     -1.77      6.68  0.       -3071.539        110.290      -3324.460    0.000   0.000   0.000   0.
  2017 352  5 42  4 489 352.237551962       5.88     -1.81      6.49  0.       -3069.063        107.874      -3325.101    0.000   0.000   0.000   0.
  2017 352  5 42  5 489 352.237563536       6.00     -1.68      6.45  0.       -3066.585        105.457      -3325.741    0.000   0.000   0.000   0.
  2017 352  5 42  6 489 352.237575110       6.01     -1.62      6.48  0.       -3064.106        103.041      -3326.379    0.000   0.000   0.000   0.
  2017 352  5 42  7 489 352.237586684       5.86     -1.58      6.56  0.       -3061.626        100.625      -3327.015    0.000   0.000   0.000   0.
  2017 352  5 42  8 489 352.237598258       5.65     -1.64      6.81  0.       -3059.144         98.208      -3327.650    0.000   0.000   0.000   0.
  2017 352  5 42  9 489 352.237609832       5.51     -1.75      6.87  0.       -3056.660         95.792      -3328.284    0.000   0.000   0.000   0.
  2017 352  5 42 10 489 352.237621406       5.44     -1.61      6.87  0.       -3054.176         93.375      -3328.915    0.000   0.000   0.000   0.
  2017 352  5 42 11 489 352.237632980       5.37     -1.51      6.95  0.       -3051.689         90.959      -3329.546    0.000   0.000   0.000   0.
  2017 352  5 42 12 489 352.237644554       5.15     -1.71      7.07  0.       -3049.202         88.542      -3330.174    0.000   0.000   0.000   0.
  2017 352  5 42 13 489 352.237656129       4.96     -1.76      7.07  0.       -3046.713         86.126      -3330.802    0.000   0.000   0.000   0.
  2017 352  5 42 14 489 352.237667703       4.75     -1.88      7.03  0.       -3044.222         83.709      -3331.427    0.000   0.000   0.000   0.
  2017 352  5 42 15 489 352.237679277       4.59     -1.87      7.03  0.       -3041.730         81.292      -3332.051    0.000   0.000   0.000   0.
  2017 352  5 42 16 489 352.237690851       4.67     -1.76      7.07  0.       -3039.237         78.875      -3332.674    0.000   0.000   0.000   0.
  2017 352  5 42 17 489 352.237702425       4.67     -1.68      7.20  0.       -3036.742         76.458      -3333.295    0.000   0.000   0.000   0.
  2017 352  5 42 18 489 352.237713999       4.61     -1.61      7.27  0.       -3034.246         74.042      -3333.915    0.000   0.000   0.000   0.
  2017 352  5 42 19 489 352.237725573       4.50     -1.66      7.29  0.       -3031.749         71.625      -3334.533    0.000   0.000   0.000   0.
  2017 352  5 42 20 489 352.237737147       4.45     -1.70      7.34  0.       -3029.250         69.208      -3335.149    0.000   0.000   0.000   0.
  2017 352  5 42 21 489 352.237748721       4.32     -1.70      7.35  0.       -3026.750         66.791      -3335.764    0.000   0.000   0.000   0.
  2017 352  5 42 22 489 352.237760295       4.30     -1.69      7.43  0.       -3024.248         64.374      -3336.377    0.000   0.000   0.000   0.
  2017 352  5 42 23 489 352.237771869       4.29     -1.60      7.48  0.       -3021.745         61.957      -3336.989    0.000   0.000   0.000   0.
  2017 352  5 42 24 489 352.237783443       4.28     -1.51      7.49  0.       -3019.240         59.540      -3337.599    0.000   0.000   0.000   0.
  2017 352  5 42 25 489 352.237795017       4.35     -1.41      7.53  0.       -3016.734         57.123      -3338.208    0.000   0.000   0.000   0.
  2017 352  5 42 26 489 352.237806591       4.33     -1.32      7.66  0.       -3014.227         54.706      -3338.814    0.000   0.000   0.000   0.
  2017 352  5 42 27 489 352.237818166       4.33     -1.28      7.70  0.       -3011.718         52.288      -3339.420    0.000   0.000   0.000   0.
  2017 352  5 42 28 489 352.237829740       4.32     -1.23      7.81  0.       -3009.208         49.871      -3340.024    0.000   0.000   0.000   0.
  2017 352  5 42 29 489 352.237841314       4.31     -1.17      7.92  0.       -3006.696         47.454      -3340.626    0.000   0.000   0.000   0.
  2017 352  5 42 30 489 352.237852888       4.25     -1.09      8.01  0.       -3004.183         45.037      -3341.227    0.000   0.000   0.000   0.
  2017 352  5 42 31 489 352.237864462       4.20     -1.00      8.05  0.       -3001.669         42.620      -3341.826    0.000   0.000   0.000   0.
  2017 352  5 42 32 489 352.237876033       4.16     -0.97      8.08  0.       -2999.153         40.202      -3342.423    0.000   0.000   0.000   0.
  2017 352  5 42 33 489 352.237887607       4.16     -0.92      8.12  0.       -2996.635         37.785      -3343.019    0.000   0.000   0.000   0.
  2017 352  5 42 34 489 352.237899181       4.21     -0.80      8.22  0.       -2994.117         35.368      -3343.614    0.000   0.000   0.000   0.
  2017 352  5 42 35 489 352.237910755       4.16     -0.73      8.25  0.       -2991.597         32.951      -3344.206    0.000   0.000   0.000   0.
  2017 352  5 42 36 489 352.237922329       4.11     -0.73      8.30  0.       -2989.075         30.533      -3344.798    0.000   0.000   0.000   0.
  2017 352  5 42 37 489 352.237933903       4.13     -0.72      8.36  0.       -2986.552         28.116      -3345.388    0.000   0.000   0.000   0.
  2017 352  5 42 38 489 352.237945477       4.22     -0.68      8.45  0.       -2984.028         25.698      -3345.976    0.000   0.000   0.000   0.
  2017 352  5 42 39 489 352.237957052       4.24     -0.62      8.53  0.       -2981.502         23.281      -3346.562    0.000   0.000   0.000   0.
  2017 352  5 42 40 489 352.237968626       4.18     -0.71      8.55  0.       -2978.975         20.864      -3347.147    0.000   0.000   0.000   0.
  2017 352  5 42 41 489 352.237980200       4.21     -0.80      8.48  0.       -2976.446         18.446      -3347.730    0.000   0.000   0.000   0.
  2017 352  5 42 42 489 352.237991774       4.19     -0.73      8.40  0.       -2973.916         16.029      -3348.312    0.000   0.000   0.000   0.
  2017 352  5 42 43 489 352.238003348       4.17     -0.64      8.39  0.       -2971.385         13.611      -3348.892    0.000   0.000   0.000   0.
  2017 352  5 42 44 489 352.238014922       4.15     -0.56      8.37  0.       -2968.852         11.194      -3349.471    0.000   0.000   0.000   0.
  2017 352  5 42 45 489 352.238026496       4.17     -0.48      8.55  0.       -2966.318          8.777      -3350.048    0.000   0.000   0.000   0.
  2017 352  5 42 46 489 352.238038070       4.21     -0.43      8.65  0.       -2963.782          6.359      -3350.623    0.000   0.000   0.000   0.
  2017 352  5 42 47 489 352.238049644       4.22     -0.36      8.70  0.       -2961.245          3.942      -3351.197    0.000   0.000   0.000   0.
  2017 352  5 42 48 489 352.238061218       4.19     -0.59      8.66  0.       -2958.707          1.524      -3351.769    0.000   0.000   0.000   0.
  2017 352  5 42 49 489 352.238072792       4.08     -0.79      8.82  0.       -2956.167         -0.893      -3352.339    0.000   0.000   0.000   0.
  2017 352  5 42 50 489 352.238084366       3.81     -1.07      9.05  0.       -2953.626         -3.311      -3352.908    0.000   0.000   0.000   0.
  2017 352  5 42 51 489 352.238095940       3.73     -1.32      9.25  0.       -2951.083         -5.728      -3353.476    0.000   0.000   0.000   0.
  2017 352  5 42 52 489 352.238107514       3.68     -1.58      9.44  0.       -2948.539         -8.145      -3354.041    0.000   0.000   0.000   0.
  2017 352  5 42 53 489 352.238119089       3.49     -1.73      9.58  0.       -2945.993        -10.563      -3354.605    0.000   0.000   0.000   0.
  2017 352  5 42 54 489 352.238130663       3.30     -1.77      9.51  0.       -2943.446        -12.980      -3355.168    0.000   0.000   0.000   0.
  2017 352  5 42 55 489 352.238142237       3.16     -1.80      9.48  0.       -2940.898        -15.398      -3355.729    0.000   0.000   0.000   0.
  2017 352  5 42 56 489 352.238153811       2.92     -1.95      9.41  0.       -2938.348        -17.815      -3356.288    0.000   0.000   0.000   0.
  2017 352  5 42 57 489 352.238165385       2.73     -1.98      9.39  0.       -2935.797        -20.233      -3356.846    0.000   0.000   0.000   0.
  2017 352  5 42 58 489 352.238176959       2.71     -1.93      9.32  0.       -2933.245        -22.650      -3357.402    0.000   0.000   0.000   0.
  2017 352  5 42 59 489 352.238188533       2.60     -1.97      9.20  0.       -2930.691        -25.067      -3357.956    0.000   0.000   0.000   0.
  2017 352  5 43  0 489 352.238200107       2.38     -2.00      9.03  0.       -2928.135        -27.485      -3358.509    0.000   0.000   0.000   0.
  2017 352  5 43  1 489 352.238211681       2.27     -1.98      8.90  0.       -2925.578        -29.902      -3359.060    0.000   0.000   0.000   0.
  2017 352  5 43  2 489 352.238223255       2.08     -2.05      8.85  0.       -2923.020        -32.319      -3359.610    0.000   0.000   0.000   0.
  2017 352  5 43  3 489 352.238234829       1.83     -2.13      8.93  0.       -2920.461        -34.737      -3360.158    0.000   0.000   0.000   0.
  2017 352  5 43  4 489 352.238246401       1.53     -2.08      8.90  0.       -2917.900        -37.154      -3360.704    0.000   0.000   0.000   0.
  2017 352  5 43  5 488 352.238257975       1.33     -2.01      8.79  0.       -2915.337        -39.572      -3361.248    0.000   0.000   0.000   0.
  2017 352  5 43  6 488 352.238269549       1.39     -1.84      8.65  0.       -2912.773        -41.989      -3361.792    0.000   0.000   0.000   0.
  2017 352  5 43  7 489 352.238281123       1.43     -1.89      8.38  0.       -2910.208        -44.406      -3362.333    0.000   0.000   0.000   0.
  2017 352  5 43  8 489 352.238292697       1.25     -1.96      8.25  0.       -2907.641        -46.823      -3362.873    0.000   0.000   0.000   0.
  2017 352  5 43  9 489 352.238304271       0.87     -1.90      8.19  0.       -2905.073        -49.241      -3363.411    0.000   0.000   0.000   0.
  2017 352  5 43 10 489 352.238315845       0.63     -1.86      8.05  0.       -2902.504        -51.658      -3363.947    0.000   0.000   0.000   0.
  2017 352  5 43 11 489 352.238327419       0.16     -1.86      7.82  0.       -2899.933        -54.075      -3364.482    0.000   0.000   0.000   0.
  2017 352  5 43 12 488 352.238338993      -0.15     -1.87      7.93  0.       -2897.360        -56.492      -3365.015    0.000   0.000   0.000   0.
  2017 352  5 43 13 488 352.238350567       0.04     -1.65      8.03  0.       -2894.786        -58.909      -3365.547    0.000   0.000   0.000   0.
  2017 352  5 43 14 488 352.238362141       0.42     -1.39      8.12  0.       -2892.211        -61.326      -3366.077    0.000   0.000   0.000   0.
  2017 352  5 43 15 488 352.238373715       0.65     -1.47      8.04  0.       -2889.635        -63.744      -3366.605    0.000   0.000   0.000   0.
  2017 352  5 43 16 489 352.238385289       0.64     -1.39      7.85  0.       -2887.057        -66.161      -3367.132    0.000   0.000   0.000   0.
  2017 352  5 43 17 489 352.238396863       0.81     -1.41      7.87  0.       -2884.477        -68.578      -3367.657    0.000   0.000   0.000   0.
  2017 352  5 43 18 488 352.238408438       0.79     -1.53      7.77  0.       -2881.897        -70.995      -3368.180    0.000   0.000   0.000   0.
  2017 352  5 43 19 488 352.238420012       0.80     -1.27      7.62  0.       -2879.314        -73.412      -3368.702    0.000   0.000   0.000   0.
  2017 352  5 43 20 488 352.238431586       0.85     -0.76      7.40  0.       -2876.731        -75.829      -3369.222    0.000   0.000   0.000   0.
  2017 352  5 43 21 489 352.238443160       0.54     -0.84      7.34  0.       -2874.146        -78.245      -3369.740    0.000   0.000   0.000   0.
  2017 352  5 43 22 489 352.238454734       0.41     -0.92      7.10  0.       -2871.559        -80.662      -3370.257    0.000   0.000   0.000   0.
  2017 352  5 43 23 489 352.238466308      -0.10     -1.03      6.95  0.       -2868.971        -83.079      -3370.772    0.000   0.000   0.000   0.
  2017 352  5 43 24 489 352.238477882      -0.46     -1.12      6.84  0.       -2866.382        -85.496      -3371.285    0.000   0.000   0.000   0.
  2017 352  5 43 25 488 352.238489456      -0.70     -1.06      6.73  0.       -2863.792        -87.913      -3371.797    0.000   0.000   0.000   0.
  2017 352  5 43 26 488 352.238501030      -0.83     -1.12      6.57  0.       -2861.199        -90.329      -3372.307    0.000   0.000   0.000   0.
  2017 352  5 43 27 488 352.238512604      -1.33     -1.18      6.59  0.       -2858.606        -92.746      -3372.816    0.000   0.000   0.000   0.
  2017 352  5 43 28 488 352.238524178      -1.52     -1.20      6.54  0.       -2856.011        -95.163      -3373.322    0.000   0.000   0.000   0.
  2017 352  5 43 29 488 352.238535752      -1.51     -1.18      6.41  0.       -2853.415        -97.579      -3373.827    0.000   0.000   0.000   0.
  2017 352  5 43 30 489 352.238547326      -1.73     -1.22      6.49  0.       -2850.817        -99.996      -3374.331    0.000   0.000   0.000   0.
  2017 352  5 43 31 489 352.238558900      -1.89     -1.26      6.40  0.       -2848.218       -102.412      -3374.832    0.000   0.000   0.000   0.
  2017 352  5 43 32 488 352.238570475      -1.88     -0.90      6.30  0.       -2845.617       -104.828      -3375.333    0.000   0.000   0.000   0.
  2017 352  5 43 33 488 352.238582049      -2.04     -0.91      6.49  0.       -2843.015       -107.245      -3375.831    0.000   0.000   0.000   0.
  2017 352  5 43 34 489 352.238593621      -2.21     -1.00      6.38  0.       -2840.412       -109.661      -3376.327    0.000   0.000   0.000   0.
  2017 352  5 43 35 488 352.238605194      -2.74     -0.99      6.41  0.       -2837.807       -112.078      -3376.823    0.000   0.000   0.000   0.
  2017 352  5 43 36 488 352.238616768      -2.60     -1.32      6.46  0.       -2835.201       -114.494      -3377.316    0.000   0.000   0.001   0.
  2017 352  5 43 37 488 352.238628342      -2.66     -1.16      6.41  0.       -2832.593       -116.910      -3377.808    0.000   0.000   0.001   0.
  2017 352  5 43 38 488 352.238639916      -2.68     -1.06      6.18  0.       -2829.985       -119.326      -3378.298    0.000  -0.001   0.002   0.
  2017 352  5 43 39 488 352.238651490      -2.51     -1.10      6.02  0.       -2827.374       -121.742      -3378.786    0.000  -0.001   0.002   0.
  2017 352  5 43 40 488 352.238663064      -2.57     -1.05      5.94  0.       -2824.762       -124.158      -3379.273    0.000  -0.001   0.004   0.
  2017 352  5 43 41 488 352.238674638      -2.73     -0.97      5.64  0.       -2822.149       -126.574      -3379.757    0.000  -0.001   0.004   0.
  2017 352  5 43 42 488 352.238686212      -2.67     -1.04      5.62  0.       -2819.535       -128.990      -3380.241    0.000  -0.002   0.007   0.
  2017 352  5 43 43 488 352.238697786      -2.86     -1.09      5.69  0.       -2816.918       -131.406      -3380.722    0.000  -0.002   0.007   0.
  2017 352  5 43 44 488 352.238709361      -3.00     -1.14      5.69  0.       -2814.301       -133.821      -3381.202    0.000  -0.004   0.010   0.
  2017 352  5 43 45 488 352.238720935      -3.11     -1.23      5.77  0.       -2811.682       -136.237      -3381.680    0.000  -0.004   0.010   0.
  2017 352  5 43 46 488 352.238732509      -3.06     -0.87      5.63  0.       -2809.062       -138.653      -3382.157    0.000  -0.005   0.013   0.
  2017 352  5 43 47 488 352.238744083      -2.75     -0.36      5.47  0.       -2806.440       -141.068      -3382.632    0.000  -0.005   0.014   0.
  2017 352  5 43 48 488 352.238755657      -2.92     -0.57      5.29  0.       -2803.817       -143.484      -3383.104    0.000  -0.007   0.018   0.
  2017 352  5 43 49 488 352.238767231      -3.68     -0.57      5.09  0.       -2801.193       -145.899      -3383.576    0.000  -0.007   0.019   0.
  2017 352  5 43 50 488 352.238778805      -4.22     -0.41      4.76  0.       -2798.567       -148.314      -3384.046    0.000  -0.009   0.024   0.
  2017 352  5 43 51 488 352.238790379      -4.68     -0.42      4.21  0.       -2795.939       -150.729      -3384.513    0.000  -0.009   0.025   0.
  2017 352  5 43 52 488 352.238801953      -5.14     -0.68      4.08  0.       -2793.311       -153.145      -3384.980    0.000  -0.011   0.029   0.
  2017 352  5 43 53 488 352.238813527      -5.39     -0.61      4.01  0.       -2790.681       -155.560      -3385.444    0.000  -0.011   0.030   0.
  2017 352  5 43 54 488 352.238825101      -5.59     -0.46      3.82  0.       -2788.049       -157.975      -3385.907    0.000  -0.014   0.036   0.
  2017 352  5 43 55 488 352.238836675      -5.61     -0.53      3.62  0.       -2785.416       -160.390      -3386.368    0.000  -0.014   0.037   0.
  2017 352  5 43 56 488 352.238848249      -5.64     -0.54      3.47  0.       -2782.782       -162.805      -3386.828    0.000  -0.016   0.043   0.
  2017 352  5 43 57 488 352.238859823      -5.91     -0.42      3.11  0.       -2780.146       -165.219      -3387.285    0.000  -0.016   0.044   0.
  2017 352  5 43 58 488 352.238871398      -6.14     -0.68      2.97  0.       -2777.509       -167.634      -3387.741    0.000  -0.018   0.048   0.
  2017 352  5 43 59 488 352.238882972      -6.16     -0.78      2.94  0.       -2774.871       -170.049      -3388.196    0.000  -0.018   0.049   0.
  2017 352  5 44  0 488 352.238894546      -6.34     -0.71      3.04  0.       -2772.231       -172.463      -3388.648    0.000  -0.021   0.056   0.
  2017 352  5 44  1 488 352.238906120      -6.41     -0.82      3.41  0.       -2769.589       -174.878      -3389.099    0.000  -0.021   0.057   0.
  2017 352  5 44  2 488 352.238917691      -6.44     -0.67      3.80  0.       -2766.947       -177.292      -3389.548    0.000  -0.023   0.062   0.
  2017 352  5 44  3 488 352.238929265      -6.30     -0.65      4.24  0.       -2764.302       -179.706      -3389.995    0.000  -0.023   0.063   0.
  2017 352  5 44  4 488 352.238940839      -6.29     -0.80      4.16  0.       -2761.657       -182.120      -3390.441    0.000  -0.025   0.067   0.
  2017 352  5 44  5 488 352.238952413      -6.07     -0.87      4.12  0.       -2759.010       -184.535      -3390.885    0.000  -0.025   0.068   0.
  2017 352  5 44  6 488 352.238963987      -6.18     -1.17      4.02  0.       -2756.361       -186.949      -3391.327    0.000  -0.027   0.074   0.
  2017 352  5 44  7 488 352.238975561      -6.08     -1.27      3.80  0.       -2753.712       -189.362      -3391.767    0.000  -0.027   0.075   0.
  2017 352  5 44  8 488 352.238987135      -6.19     -1.14      3.97  0.       -2751.060       -191.776      -3392.206    0.000  -0.029   0.080   0.
  2017 352  5 44  9 488 352.238998710      -6.27     -1.17      3.89  0.       -2748.408       -194.190      -3392.643    0.000  -0.029   0.081   0.
  2017 352  5 44 10 488 352.239010284      -6.29     -1.29      3.71  0.       -2745.754       -196.604      -3393.078    0.000  -0.031   0.085   0.
  2017 352  5 44 11 488 352.239021858      -6.36     -1.26      3.70  0.       -2743.099       -199.017      -3393.512    0.000  -0.031   0.086   0.
  2017 352  5 44 12 488 352.239033432      -6.47     -1.33      3.45  0.       -2740.442       -201.430      -3393.944    0.000  -0.034   0.092   0.
  2017 352  5 44 13 488 352.239045006      -6.29     -1.37      3.14  0.       -2737.783       -203.844      -3394.374    0.000  -0.034   0.093   0.
  2017 352  5 44 14 488 352.239056580      -6.19     -1.41      3.29  0.       -2735.124       -206.257      -3394.802    0.000  -0.036   0.099   0.
  2017 352  5 44 15 488 352.239068154      -6.52     -1.16      3.55  0.       -2732.463       -208.670      -3395.228    0.000  -0.036   0.100   0.
  2017 352  5 44 16 488 352.239079728      -6.51     -1.13      3.45  0.       -2729.800       -211.083      -3395.653    0.000  -0.038   0.104   0.
  2017 352  5 44 17 488 352.239091302      -6.46     -1.30      3.41  0.       -2727.137       -213.496      -3396.076    0.000  -0.038   0.105   0.
  2017 352  5 44 18 488 352.239102876      -6.29     -1.33      3.55  0.       -2724.471       -215.909      -3396.498    0.000  -0.041   0.113   0.
  2017 352  5 44 19 488 352.239114450      -6.46     -1.26      3.70  0.       -2721.805       -218.322      -3396.917    0.000  -0.042   0.114   0.
  2017 352  5 44 20 488 352.239126024      -6.50     -1.29      3.86  0.       -2719.137       -220.734      -3397.335    0.000  -0.044   0.120   0.
  2017 352  5 44 21 488 352.239137598      -6.59     -1.27      3.80  0.       -2716.467       -223.147      -3397.751    0.000  -0.044   0.121   0.
  2017 352  5 44 22 488 352.239149172      -6.54     -1.26      3.77  0.       -2713.796       -225.559      -3398.165    0.000  -0.046   0.126   0.
  2017 352  5 44 23 488 352.239160747      -6.57     -1.25      3.67  0.       -2711.124       -227.971      -3398.578    0.000  -0.046   0.127   0.
  2017 352  5 44 24 488 352.239172321      -6.52     -1.18      3.59  0.       -2708.451       -230.383      -3398.989    0.000  -0.049   0.133   0.
  2017 352  5 44 25 488 352.239183895      -6.61     -1.02      3.40  0.       -2705.776       -232.795      -3399.397    0.000  -0.049   0.134   0.
  2017 352  5 44 26 488 352.239195469      -6.74     -1.06      3.06  0.       -2703.099       -235.207      -3399.805    0.000  -0.051   0.139   0.
  2017 352  5 44 27 488 352.239207043      -6.76     -1.16      2.81  0.       -2700.421       -237.619      -3400.210    0.000  -0.051   0.140   0.
  2017 352  5 44 28 488 352.239218617      -6.86     -1.16      2.77  0.       -2697.742       -240.030      -3400.614    0.000  -0.053   0.143   0.
  2017 352  5 44 29 488 352.239230191      -6.83     -1.23      2.86  0.       -2695.061       -242.442      -3401.016    0.000  -0.053   0.144   0.
  2017 352  5 44 30 488 352.239241765      -6.78     -1.17      2.80  0.       -2692.380       -244.853      -3401.416    0.000  -0.054   0.149   0.
  2017 352  5 44 31 488 352.239253339      -6.69     -1.02      2.44  0.       -2689.696       -247.265      -3401.814    0.000  -0.054   0.150   0.
  2017 352  5 44 32 488 352.239264911      -6.66     -0.94      2.26  0.       -2687.011       -249.676      -3402.211    0.000  -0.055   0.152   0.
  2017 352  5 44 33 488 352.239276484      -6.74     -1.03      1.99  0.       -2684.325       -252.087      -3402.606    0.000  -0.055   0.152   0.
  2017 352  5 44 34 488 352.239288058      -6.66     -1.10      1.70  0.       -2681.637       -254.498      -3402.999    0.000  -0.056   0.153   0.
  2017 352  5 44 35 488 352.239299633      -6.64     -1.17      1.35  0.       -2678.948       -256.908      -3403.390    0.000  -0.056   0.153   0.
  2017 352  5 44 36 488 352.239311207      -6.75     -1.14      1.10  0.       -2676.258       -259.319      -3403.780    0.000  -0.056   0.154   0.
  2017 352  5 44 37 488 352.239322781      -7.01     -1.14      1.12  0.       -2673.566       -261.730      -3404.167    0.000  -0.056   0.154   0.
  2017 352  5 44 38 488 352.239334355      -7.18     -1.11      1.17  0.       -2670.873       -264.140      -3404.553    0.000  -0.056   0.154   0.
  2017 352  5 44 39 488 352.239345929      -7.23     -1.04      1.14  0.       -2668.178       -266.550      -3404.938    0.000  -0.056   0.154   0.
  2017 352  5 44 40 488 352.239357503      -7.22     -0.95      1.14  0.       -2665.482       -268.960      -3405.320    0.000  -0.056   0.154   0.
  2017 352  5 44 41 488 352.239369077      -7.29     -1.01      1.05  0.       -2662.785       -271.370      -3405.700    0.000  -0.056   0.154   0.
  2017 352  5 44 42 488 352.239380651      -7.34     -1.03      0.88  0.       -2660.086       -273.780      -3406.079    0.000  -0.056   0.154   0.
  2017 352  5 44 43 488 352.239392225      -7.33     -0.96      0.75  0.       -2657.386       -276.190      -3406.456    0.000  -0.056   0.154   0.
  2017 352  5 44 44 488 352.239403799      -7.43     -0.91      0.90  0.       -2654.684       -278.599      -3406.831    0.000  -0.056   0.154   0.
  2017 352  5 44 45 488 352.239415373      -7.48     -1.03      0.88  0.       -2651.981       -281.008      -3407.205    0.000  -0.056   0.154   0.
  2017 352  5 44 46 488 352.239426947      -7.41     -1.11      0.81  0.       -2649.277       -283.418      -3407.576    0.000  -0.056   0.154   0.
  2017 352  5 44 47 488 352.239438521      -7.51     -1.12      0.72  0.       -2646.571       -285.827      -3407.946    0.000  -0.056   0.154   0.
  2017 352  5 44 48 488 352.239450096      -7.50     -1.08      0.57  0.       -2643.864       -288.236      -3408.314    0.000  -0.056   0.154   0.
  2017 352  5 44 49 488 352.239461670      -7.54     -0.93      0.52  0.       -2641.155       -290.644      -3408.680    0.000  -0.056   0.154   0.
  2017 352  5 44 50 488 352.239473244      -7.63     -1.03      0.41  0.       -2638.445       -293.053      -3409.045    0.000  -0.056   0.154   0.
  2017 352  5 44 51 488 352.239484818      -7.65     -1.02      0.49  0.       -2635.734       -295.461      -3409.407    0.000  -0.056   0.154   0.
  2017 352  5 44 52 488 352.239496392      -7.76     -1.04      0.48  0.       -2633.021       -297.870      -3409.768    0.000  -0.056   0.153   0.
  2017 352  5 44 53 488 352.239507966      -7.76     -1.03      0.48  0.       -2630.307       -300.278      -3410.127    0.000  -0.056   0.153   0.
  2017 352  5 44 54 488 352.239519540      -7.84     -1.11      0.34  0.       -2627.591       -302.686      -3410.484    0.000  -0.056   0.153   0.
  2017 352  5 44 55 488 352.239531114      -7.97     -0.84      0.31  0.       -2624.875       -305.094      -3410.840    0.000  -0.056   0.153   0.
  2017 352  5 44 56 488 352.239542688      -8.02     -0.74      0.27  0.       -2622.156       -307.501      -3411.193    0.000  -0.056   0.153   0.
  2017 352  5 44 57 488 352.239554262      -8.06     -0.65      0.16  0.       -2619.436       -309.909      -3411.545    0.000  -0.056   0.153   0.
  2017 352  5 44 58 488 352.239565836      -7.99     -0.61      0.31  0.       -2616.715       -312.316      -3411.895    0.000  -0.056   0.153   0.
  2017 352  5 44 59 488 352.239577410      -7.98     -0.74      0.28  0.       -2613.993       -314.723      -3412.243    0.000  -0.056   0.153   0.
  2017 352  5 45  0 488 352.239588984      -8.07     -0.82      0.25  0.       -2611.269       -317.130      -3412.589    0.000  -0.056   0.153   0.
  2017 352  5 45  1 488 352.239600558      -8.08     -0.80      0.24  0.       -2608.544       -319.537      -3412.934    0.000  -0.056   0.153   0.
  2017 352  5 45  2 487 352.239612130      -8.08     -0.77      0.24  0.       -2605.817       -321.944      -3413.276    0.000  -0.055   0.152   0.
  2017 352  5 45  3 488 352.239623704      -8.17     -0.77      0.28  0.       -2603.089       -324.350      -3413.617    0.000  -0.055   0.152   0.
  2017 352  5 45  4 488 352.239635278      -8.23     -0.70      0.30  0.       -2600.359       -326.757      -3413.956    0.000  -0.055   0.152   0.
  2017 352  5 45  5 488 352.239646852      -8.29     -0.67      0.27  0.       -2597.628       -329.163      -3414.293    0.000  -0.055   0.152   0.
  2017 352  5 45  6 488 352.239658426      -8.30     -0.69      0.25  0.       -2594.896       -331.569      -3414.628    0.000  -0.055   0.152   0.
  2017 352  5 45  7 487 352.239670000      -8.37     -0.80      0.16  0.       -2592.162       -333.975      -3414.962    0.000  -0.055   0.152   0.
  2017 352  5 45  8 487 352.239681574      -8.43     -0.89      0.10  0.       -2589.427       -336.380      -3415.294    0.000  -0.055   0.151   0.
  2017 352  5 45  9 487 352.239693148      -8.50     -0.93      0.03  0.       -2586.691       -338.786      -3415.623    0.000  -0.055   0.151   0.
  2017 352  5 45 10 487 352.239704722      -8.52     -0.95     -0.04  0.       -2583.953       -341.191      -3415.951    0.000  -0.055   0.151   0.
  2017 352  5 45 11 487 352.239716296      -8.56     -0.75     -0.06  0.       -2581.214       -343.596      -3416.277    0.000  -0.055   0.151   0.
  2017 352  5 45 12 488 352.239727870      -8.59     -0.57     -0.01  0.       -2578.473       -346.001      -3416.602    0.000  -0.055   0.151   0.
  2017 352  5 45 13 488 352.239739444      -8.60     -0.54      0.03  0.       -2575.731       -348.406      -3416.924    0.000  -0.055   0.151   0.
  2017 352  5 45 14 487 352.239751018      -8.64     -0.48      0.01  0.       -2572.988       -350.810      -3417.245    0.000  -0.055   0.150   0.
  2017 352  5 45 15 487 352.239762593      -8.66     -0.48     -0.03  0.       -2570.243       -353.215      -3417.563    0.000  -0.055   0.150   0.
  2017 352  5 45 16 488 352.239774167      -8.68     -0.57     -0.07  0.       -2567.497       -355.619      -3417.880    0.000  -0.055   0.150   0.
  2017 352  5 45 17 488 352.239785741      -8.69     -0.64     -0.12  0.       -2564.750       -358.023      -3418.195    0.000  -0.055   0.150   0.
  2017 352  5 45 18 488 352.239797315      -8.73     -0.65     -0.22  0.       -2562.001       -360.427      -3418.509    0.000  -0.054   0.150   0.
  2017 352  5 45 19 488 352.239808889      -8.75     -0.58     -0.29  0.       -2559.250       -362.830      -3418.820    0.000  -0.054   0.150   0.
  2017 352  5 45 20 488 352.239820463      -8.78     -0.58     -0.29  0.       -2556.499       -365.234      -3419.129    0.000  -0.054   0.149   0.
  2017 352  5 45 21 487 352.239832037      -8.83     -0.48     -0.29  0.       -2553.746       -367.637      -3419.437    0.000  -0.054   0.149   0.
  2017 352  5 45 22 487 352.239843611      -8.86     -0.43     -0.31  0.       -2550.991       -370.040      -3419.743    0.000  -0.054   0.149   0.
  2017 352  5 45 23 487 352.239855185      -8.89     -0.44     -0.33  0.       -2548.235       -372.443      -3420.047    0.000  -0.054   0.149   0.
  2017 352  5 45 24 487 352.239866759      -8.92     -0.43     -0.35  0.       -2545.478       -374.845      -3420.349    0.000  -0.054   0.149   0.
  2017 352  5 45 25 487 352.239878333      -8.93     -0.36     -0.36  0.       -2542.719       -377.248      -3420.649    0.000  -0.054   0.149   0.
  2017 352  5 45 26 488 352.239889907      -8.97     -0.23     -0.32  0.       -2539.959       -379.650      -3420.947    0.000  -0.054   0.148   0.
  2017 352  5 45 27 488 352.239901481      -8.96      0.02     -0.30  0.       -2537.198       -382.052      -3421.244    0.000  -0.054   0.148   0.
  2017 352  5 45 28 487 352.239913056      -9.00     -0.01     -0.35  0.       -2534.435       -384.454      -3421.538    0.000  -0.054   0.148   0.
  2017 352  5 45 29 487 352.239924630      -8.99     -0.08     -0.47  0.       -2531.671       -386.855      -3421.831    0.000  -0.054   0.148   0.
  2017 352  5 45 30 488 352.239936204      -9.01     -0.16     -0.52  0.       -2528.906       -389.257      -3422.122    0.000  -0.054   0.147   0.
  2017 352  5 45 31 488 352.239947778      -9.04     -0.16     -0.57  0.       -2526.139       -391.658      -3422.410    0.000  -0.054   0.147   0.
  2017 352  5 45 32 488 352.239959350      -9.12     -0.11     -0.59  0.       -2523.370       -394.059      -3422.698    0.000  -0.053   0.147   0.
  2017 352  5 45 33 487 352.239970923      -9.11      0.09     -0.47  0.       -2520.601       -396.460      -3422.983    0.000  -0.053   0.147   0.
  2017 352  5 45 34 487 352.239982497      -9.13      0.10     -0.47  0.       -2517.830       -398.860      -3423.266    0.000  -0.053   0.146   0.
  2017 352  5 45 35 487 352.239994071      -9.14      0.04     -0.38  0.       -2515.057       -401.261      -3423.548    0.000  -0.053   0.146   0.
  2017 352  5 45 36 487 352.240005645      -9.14      0.08     -0.50  0.       -2512.283       -403.660      -3423.828    0.000  -0.053   0.146   0.
  2017 352  5 45 37 487 352.240017219      -9.15      0.16     -0.50  0.       -2509.508       -406.060      -3424.105    0.000  -0.053   0.146   0.
  2017 352  5 45 38 487 352.240028793      -9.18      0.25     -0.51  0.       -2506.732       -408.460      -3424.381    0.000  -0.053   0.145   0.
  2017 352  5 45 39 487 352.240040367      -9.18      0.20     -0.58  0.       -2503.954       -410.860      -3424.655    0.000  -0.053   0.145   0.
  2017 352  5 45 40 487 352.240051942      -9.20      0.23     -0.64  0.       -2501.174       -413.259      -3424.927    0.000  -0.053   0.145   0.
  2017 352  5 45 41 487 352.240063516      -9.21      0.30     -0.74  0.       -2498.394       -415.658      -3425.197    0.000  -0.053   0.145   0.
  2017 352  5 45 42 487 352.240075090      -9.27      0.31     -0.82  0.       -2495.611       -418.056      -3425.465    0.000  -0.053   0.144   0.
  2017 352  5 45 43 487 352.240086664      -9.26      0.41     -0.81  0.       -2492.828       -420.455      -3425.732    0.000  -0.053   0.144   0.
  2017 352  5 45 44 487 352.240098238      -9.30      0.46     -0.80  0.       -2490.043       -422.853      -3425.996    0.000  -0.052   0.144   0.
  2017 352  5 45 45 487 352.240109812      -9.37      0.47     -0.79  0.       -2487.257       -425.251      -3426.259    0.000  -0.052   0.144   0.
  2017 352  5 45 46 487 352.240121386      -9.42      0.58     -0.76  0.       -2484.469       -427.649      -3426.519    0.000  -0.052   0.143   0.
  2017 352  5 45 47 487 352.240132960      -9.48      0.77     -0.70  0.       -2481.680       -430.047      -3426.778    0.000  -0.052   0.143   0.
  2017 352  5 45 48 487 352.240144534      -9.48      0.87     -0.63  0.       -2478.890       -432.444      -3427.035    0.000  -0.052   0.143   0.
  2017 352  5 45 49 487 352.240156108      -9.46      0.61     -0.58  0.       -2476.098       -434.841      -3427.290    0.000  -0.052   0.143   0.
  2017 352  5 45 50 487 352.240167682      -9.46      0.52     -0.61  0.       -2473.305       -437.238      -3427.543    0.000  -0.052   0.142   0.
  2017 352  5 45 51 487 352.240179256      -9.50      0.46     -0.66  0.       -2470.511       -439.635      -3427.794    0.000  -0.052   0.142   0.
  2017 352  5 45 52 487 352.240190830      -9.53      0.44     -0.61  0.       -2467.715       -442.031      -3428.043    0.000  -0.051   0.141   0.
  2017 352  5 45 53 487 352.240202404      -9.54      0.43     -0.62  0.       -2464.918       -444.427      -3428.291    0.000  -0.051   0.141   0.
  2017 352  5 45 54 487 352.240213979      -9.60      0.48     -0.65  0.       -2462.119       -446.823      -3428.536    0.000  -0.051   0.141   0.
  2017 352  5 45 55 487 352.240225553      -9.66      0.56     -0.66  0.       -2459.319       -449.219      -3428.779    0.000  -0.051   0.141   0.
  2017 352  5 45 56 487 352.240237127      -9.72      0.62     -0.66  0.       -2456.518       -451.614      -3429.021    0.000  -0.051   0.140   0.
  2017 352  5 45 57 487 352.240248701      -9.79      0.62     -0.64  0.       -2453.715       -454.009      -3429.261    0.000  -0.051   0.140   0.
  2017 352  5 45 58 487 352.240260275      -9.81      0.64     -0.63  0.       -2450.911       -456.404      -3429.498    0.000  -0.051   0.140   0.
  2017 352  5 45 59 487 352.240271849      -9.84      0.66     -0.64  0.       -2448.105       -458.799      -3429.734    0.000  -0.051   0.140   0.
  2017 352  5 46  0 487 352.240283423      -9.89      0.67     -0.66  0.       -2445.299       -461.193      -3429.968    0.000  -0.050   0.139   0.
  2017 352  5 46  1 487 352.240294997      -9.87      0.70     -0.68  0.       -2442.490       -463.587      -3430.200    0.000  -0.050   0.139   0.
  2017 352  5 46  2 487 352.240306569      -9.88      0.65     -0.62  0.       -2439.681       -465.981      -3430.430    0.000  -0.050   0.138   0.
  2017 352  5 46  3 487 352.240318142      -9.86      0.71     -0.61  0.       -2436.870       -468.375      -3430.658    0.000  -0.050   0.138   0.
  2017 352  5 46  4 487 352.240329716      -9.90      0.70     -0.65  0.       -2434.058       -470.768      -3430.884    0.000  -0.050   0.138   0.
  2017 352  5 46  5 487 352.240341290      -9.88      0.69     -0.68  0.       -2431.244       -473.161      -3431.109    0.000  -0.050   0.138   0.
  2017 352  5 46  6 487 352.240352865      -9.86      0.71     -0.66  0.       -2428.429       -475.554      -3431.331    0.000  -0.050   0.137   0.
  2017 352  5 46  7 487 352.240364439      -9.87      0.70     -0.64  0.       -2425.612       -477.947      -3431.551    0.000  -0.050   0.137   0.
  2017 352  5 46  8 487 352.240376013      -9.94      0.73     -0.68  0.       -2422.795       -480.339      -3431.770    0.000  -0.049   0.136   0.
  2017 352  5 46  9 487 352.240387587      -9.99      0.66     -0.67  0.       -2419.975       -482.731      -3431.986    0.000  -0.049   0.136   0.
  2017 352  5 46 10 487 352.240399161     -10.00      0.71     -0.62  0.       -2417.155       -485.123      -3432.201    0.000  -0.049   0.135   0.
  2017 352  5 46 11 487 352.240410735     -10.04      0.72     -0.58  0.       -2414.333       -487.514      -3432.413    0.000  -0.049   0.135   0.
  2017 352  5 46 12 487 352.240422309     -10.17      0.75     -0.57  0.       -2411.510       -489.906      -3432.624    0.000  -0.049   0.134   0.
  2017 352  5 46 13 487 352.240433883     -10.24      0.79     -0.58  0.       -2408.685       -492.296      -3432.832    0.000  -0.049   0.134   0.
  2017 352  5 46 14 487 352.240445457     -10.22      0.84     -0.61  0.       -2405.859       -494.687      -3433.039    0.000  -0.049   0.134   0.
  2017 352  5 46 15 487 352.240457031     -10.27      0.90     -0.63  0.       -2403.032       -497.078      -3433.244    0.000  -0.049   0.134   0.
  2017 352  5 46 16 487 352.240468605     -10.31      0.93     -0.69  0.       -2400.203       -499.468      -3433.447    0.000  -0.048   0.133   0.
  2017 352  5 46 17 487 352.240480179     -10.32      0.98     -0.69  0.       -2397.373       -501.857      -3433.648    0.000  -0.048   0.133   0.
  2017 352  5 46 18 487 352.240491753     -10.41      1.00     -0.73  0.       -2394.541       -504.247      -3433.847    0.000  -0.048   0.132   0.
  2017 352  5 46 19 487 352.240503327     -10.44      1.06     -0.79  0.       -2391.709       -506.636      -3434.044    0.000  -0.048   0.132   0.
  2017 352  5 46 20 487 352.240514902     -10.52      1.09     -0.81  0.       -2388.875       -509.025      -3434.239    0.000  -0.048   0.131   0.
  2017 352  5 46 21 487 352.240526476     -10.55      1.14     -0.82  0.       -2386.039       -511.414      -3434.432    0.000  -0.048   0.131   0.
  2017 352  5 46 22 487 352.240538050     -10.60      1.19     -0.80  0.       -2383.202       -513.802      -3434.623    0.000  -0.048   0.131   0.
  2017 352  5 46 23 487 352.240549624     -10.65      1.20     -0.82  0.       -2380.364       -516.190      -3434.812    0.000  -0.048   0.131   0.
  2017 352  5 46 24 487 352.240561198     -10.68      1.25     -0.81  0.       -2377.525       -518.578      -3435.000    0.000  -0.047   0.130   0.
  2017 352  5 46 25 487 352.240572772     -10.74      1.30     -0.80  0.       -2374.684       -520.966      -3435.185    0.000  -0.047   0.130   0.
  2017 352  5 46 26 487 352.240584346     -10.76      1.35     -0.80  0.       -2371.841       -523.353      -3435.368    0.000  -0.047   0.129   0.
  2017 352  5 46 27 487 352.240595920     -10.79      1.35     -0.78  0.       -2368.998       -525.740      -3435.549    0.000  -0.047   0.129   0.
  2017 352  5 46 28 487 352.240607494     -10.79      1.41     -0.77  0.       -2366.153       -528.127      -3435.729    0.000  -0.047   0.128   0.
  2017 352  5 46 29 487 352.240619068     -10.83      1.48     -0.79  0.       -2363.306       -530.513      -3435.906    0.000  -0.047   0.128   0.
  2017 352  5 46 30 487 352.240630642     -10.87      1.50     -0.79  0.       -2360.458       -532.899      -3436.081    0.000  -0.046   0.127   0.
  2017 352  5 46 31 487 352.240642216     -10.90      1.57     -0.85  0.       -2357.609       -535.285      -3436.255    0.000  -0.046   0.127   0.
  2017 352  5 46 32 487 352.240653788     -10.93      1.61     -0.95  0.       -2354.759       -537.670      -3436.426    0.000  -0.046   0.126   0.
  2017 352  5 46 33 487 352.240665362     -10.98      1.70     -0.99  0.       -2351.907       -540.055      -3436.595    0.000  -0.046   0.126   0.
  2017 352  5 46 34 487 352.240676936     -11.09      1.75     -1.04  0.       -2349.054       -542.440      -3436.763    0.000  -0.046   0.125   0.
  2017 352  5 46 35 487 352.240688510     -11.17      1.80     -1.07  0.       -2346.199       -544.824      -3436.928    0.000  -0.046   0.125   0.
  2017 352  5 46 36 487 352.240700084     -11.21      1.93     -1.10  0.       -2343.344       -547.209      -3437.092    0.000  -0.045   0.124   0.
  2017 352  5 46 37 487 352.240711658     -11.29      2.02     -1.12  0.       -2340.486       -549.592      -3437.253    0.000  -0.045   0.124   0.
  2017 352  5 46 38 487 352.240723232     -11.31      1.97     -0.95  0.       -2337.628       -551.976      -3437.413    0.000  -0.045   0.123   0.
  2017 352  5 46 39 487 352.240734806     -11.40      1.85     -0.65  0.       -2334.768       -554.359      -3437.570    0.000  -0.045   0.123   0.
  2017 352  5 46 40 487 352.240746380     -11.57      1.74     -0.29  0.       -2331.907       -556.742      -3437.726    0.000  -0.045   0.123   0.
  2017 352  5 46 41 487 352.240757954     -11.73      1.64     -0.05  0.       -2329.044       -559.125      -3437.879    0.000  -0.045   0.123   0.
  2017 352  5 46 42 487 352.240769528     -11.75      1.72      0.11  0.       -2326.180       -561.507      -3438.031    0.000  -0.044   0.121   0.
  2017 352  5 46 43 487 352.240781102     -11.71      1.89      0.06  0.       -2323.315       -563.889      -3438.180    0.000  -0.044   0.121   0.
  2017 352  5 46 44 487 352.240792677     -11.67      2.08     -0.22  0.       -2320.448       -566.271      -3438.328    0.000  -0.044   0.120   0.
  2017 352  5 46 45 487 352.240804251     -11.67      2.24     -0.36  0.       -2317.580       -568.652      -3438.473    0.000  -0.044   0.120   0.
  2017 352  5 46 46 487 352.240815825     -11.61      2.29     -0.49  0.       -2314.711       -571.033      -3438.617    0.000  -0.044   0.120   0.
  2017 352  5 46 47 487 352.240827399     -11.61      2.17     -0.58  0.       -2311.840       -573.413      -3438.758    0.000  -0.044   0.120   0.
  2017 352  5 46 48 487 352.240838973     -11.62      2.02     -0.58  0.       -2308.968       -575.794      -3438.898    0.000  -0.043   0.119   0.
  2017 352  5 46 49 487 352.240850547     -11.58      1.86     -0.51  0.       -2306.094       -578.174      -3439.035    0.000  -0.043   0.119   0.
  2017 352  5 46 50 487 352.240862121     -11.52      1.88     -0.51  0.       -2303.220       -580.553      -3439.171    0.000  -0.043   0.117   0.
  2017 352  5 46 51 487 352.240873695     -11.53      1.90     -0.50  0.       -2300.344       -582.933      -3439.304    0.000  -0.043   0.117   0.
  2017 352  5 46 52 487 352.240885269     -11.56      1.95     -0.49  0.       -2297.466       -585.312      -3439.436    0.000  -0.042   0.117   0.
  2017 352  5 46 53 487 352.240896843     -11.61      2.00     -0.49  0.       -2294.587       -587.690      -3439.565    0.000  -0.042   0.117   0.
  2017 352  5 46 54 487 352.240908417     -11.73      2.05     -0.50  0.       -2291.707       -590.069      -3439.693    0.000  -0.042   0.115   0.
  2017 352  5 46 55 487 352.240919991     -11.79      2.11     -0.49  0.       -2288.826       -592.447      -3439.818    0.000  -0.042   0.115   0.
  2017 352  5 46 56 487 352.240931565     -11.88      2.13     -0.42  0.       -2285.943       -594.824      -3439.942    0.000  -0.042   0.114   0.
  2017 352  5 46 57 487 352.240943139     -11.98      2.09     -0.32  0.       -2283.059       -597.201      -3440.063    0.000  -0.042   0.114   0.
  2017 352  5 46 58 487 352.240954714     -12.08      2.03     -0.21  0.       -2280.173       -599.578      -3440.182    0.000  -0.041   0.114   0.
  2017 352  5 46 59 487 352.240966288     -12.16      2.00     -0.19  0.       -2277.286       -601.955      -3440.300    0.000  -0.041   0.114   0.
  2017 352  5 47  0 487 352.240977862     -12.24      1.96     -0.18  0.       -2274.398       -604.331      -3440.415    0.000  -0.041   0.112   0.
  2017 352  5 47  1 487 352.240989436     -12.30      1.99     -0.22  0.       -2271.509       -606.707      -3440.528    0.000  -0.041   0.112   0.
  2017 352  5 47  2 487 352.241001007     -12.33      2.01     -0.27  0.       -2268.618       -609.082      -3440.639    0.000  -0.041   0.111   0.
  2017 352  5 47  3 486 352.241012581     -12.41      2.01     -0.22  0.       -2265.726       -611.457      -3440.749    0.000  -0.041   0.111   0.
  2017 352  5 47  4 486 352.241024155     -12.49      1.99     -0.22  0.       -2262.832       -613.832      -3440.856    0.000  -0.040   0.110   0.
  2017 352  5 47  5 486 352.241035729     -12.60      1.97     -0.24  0.       -2259.937       -616.207      -3440.961    0.000  -0.040   0.110   0.
  2017 352  5 47  6 486 352.241047303     -12.75      2.02     -0.40  0.       -2257.041       -618.581      -3441.064    0.000  -0.040   0.109   0.
  2017 352  5 47  7 486 352.241058877     -12.80      2.16     -0.59  0.       -2254.144       -620.954      -3441.165    0.000  -0.040   0.109   0.
  2017 352  5 47  8 487 352.241070451     -12.87      2.25     -0.70  0.       -2251.245       -623.328      -3441.264    0.000  -0.039   0.108   0.
  2017 352  5 47  9 487 352.241082025     -13.00      2.28     -0.60  0.       -2248.344       -625.701      -3441.361    0.000  -0.039   0.108   0.
  2017 352  5 47 10 486 352.241093600     -13.09      2.27     -0.55  0.       -2245.443       -628.073      -3441.456    0.000  -0.039   0.107   0.
  2017 352  5 47 11 486 352.241105174     -13.18      2.27     -0.54  0.       -2242.540       -630.445      -3441.549    0.000  -0.039   0.107   0.
  2017 352  5 47 12 487 352.241116748     -13.25      2.34     -0.58  0.       -2239.636       -632.817      -3441.640    0.000  -0.038   0.106   0.
  2017 352  5 47 13 487 352.241128322     -13.33      2.36     -0.61  0.       -2236.730       -635.189      -3441.728    0.000  -0.038   0.106   0.
  2017 352  5 47 14 487 352.241139896     -13.42      2.41     -0.67  0.       -2233.824       -637.560      -3441.815    0.000  -0.038   0.105   0.
  2017 352  5 47 15 487 352.241151470     -13.47      2.60     -0.75  0.       -2230.915       -639.931      -3441.900    0.000  -0.038   0.105   0.
  2017 352  5 47 16 487 352.241163044     -13.57      2.75     -0.82  0.       -2228.006       -642.301      -3441.982    0.000  -0.038   0.104   0.
  2017 352  5 47 17 486 352.241174618     -13.62      2.79     -0.75  0.       -2225.094       -644.671      -3442.063    0.000  -0.038   0.104   0.
  2017 352  5 47 18 486 352.241186192     -13.74      2.73     -0.67  0.       -2222.183       -647.040      -3442.142    0.000  -0.037   0.102   0.
  2017 352  5 47 19 486 352.241197766     -13.88      2.81     -0.63  0.       -2219.269       -649.410      -3442.218    0.000  -0.037   0.102   0.
  2017 352  5 47 20 486 352.241209340     -14.03      2.85     -0.54  0.       -2216.354       -651.778      -3442.292    0.000  -0.037   0.101   0.
  2017 352  5 47 21 486 352.241220914     -14.22      2.85     -0.50  0.       -2213.438       -654.147      -3442.365    0.000  -0.037   0.101   0.
  2017 352  5 47 22 487 352.241232488     -14.31      2.97     -0.52  0.       -2210.521       -656.515      -3442.435    0.000  -0.036   0.100   0.
  2017 352  5 47 23 487 352.241244063     -14.30      3.08     -0.52  0.       -2207.602       -658.883      -3442.503    0.000  -0.036   0.100   0.
  2017 352  5 47 24 486 352.241255637     -14.35      3.10     -0.46  0.       -2204.682       -661.250      -3442.569    0.000  -0.036   0.099   0.
  2017 352  5 47 25 486 352.241267211     -14.48      3.08     -0.32  0.       -2201.760       -663.617      -3442.633    0.000  -0.036   0.099   0.
  2017 352  5 47 26 487 352.241278785     -14.58      3.03     -0.26  0.       -2198.837       -665.983      -3442.695    0.000  -0.035   0.097   0.
  2017 352  5 47 27 487 352.241290359     -14.72      3.02     -0.25  0.       -2195.913       -668.349      -3442.755    0.000  -0.035   0.097   0.
  2017 352  5 47 28 487 352.241301933     -14.79      2.95     -0.27  0.       -2192.988       -670.715      -3442.813    0.000  -0.035   0.096   0.
  2017 352  5 47 29 487 352.241313507     -14.91      3.05     -0.15  0.       -2190.061       -673.080      -3442.869    0.000  -0.035   0.096   0.
  2017 352  5 47 30 486 352.241325081     -14.97      3.24      0.03  0.       -2187.133       -675.445      -3442.922    0.000  -0.035   0.095   0.
  2017 352  5 47 31 486 352.241336655     -14.99      3.68      0.28  0.       -2184.204       -677.809      -3442.974    0.000  -0.035   0.095   0.
  2017 352  5 47 32 486 352.241348227     -14.90      4.09      0.42  0.       -2181.273       -680.173      -3443.023    0.000  -0.034   0.094   0.
  2017 352  5 47 33 486 352.241359800     -14.91      4.46      0.51  0.       -2178.341       -682.537      -3443.071    0.000  -0.034   0.094   0.
  2017 352  5 47 34 486 352.241371374     -14.79      4.96     -0.17  0.       -2175.408       -684.900      -3443.116    0.000  -0.034   0.093   0.
  2017 352  5 47 35 486 352.241382948     -14.76      4.80      0.02  0.       -2172.473       -687.263      -3443.160    0.000  -0.034   0.093   0.
  2017 352  5 47 36 486 352.241394523     -14.78      4.78      0.16  0.       -2169.537       -689.625      -3443.201    0.000  -0.033   0.091   0.
  2017 352  5 47 37 486 352.241406097     -14.86      4.73      0.18  0.       -2166.600       -691.987      -3443.240    0.000  -0.033   0.091   0.
  2017 352  5 47 38 486 352.241417671     -15.03      4.86      0.09  0.       -2163.661       -694.349      -3443.277    0.000  -0.033   0.090   0.
  2017 352  5 47 39 486 352.241429245     -15.13      5.11      0.16  0.       -2160.721       -696.710      -3443.312    0.000  -0.033   0.090   0.
  2017 352  5 47 40 486 352.241440819     -15.22      5.34      0.25  0.       -2157.780       -699.071      -3443.344    0.000  -0.032   0.089   0.
  2017 352  5 47 41 486 352.241452393     -15.30      5.47      0.35  0.       -2154.837       -701.431      -3443.375    0.000  -0.032   0.089   0.
  2017 352  5 47 42 486 352.241463967     -15.35      5.70      0.39  0.       -2151.894       -703.791      -3443.404    0.000  -0.032   0.088   0.
  2017 352  5 47 43 486 352.241475541     -15.41      5.86      0.31  0.       -2148.948       -706.150      -3443.430    0.000  -0.032   0.088   0.
  2017 352  5 47 44 486 352.241487115     -15.54      6.03      0.24  0.       -2146.002       -708.509      -3443.455    0.000  -0.031   0.086   0.
  2017 352  5 47 45 486 352.241498689     -15.56      6.12      0.16  0.       -2143.054       -710.868      -3443.477    0.000  -0.031   0.086   0.
  2017 352  5 47 46 486 352.241510263     -15.63      6.13      0.02  0.       -2140.105       -713.226      -3443.497    0.000  -0.031   0.085   0.
  2017 352  5 47 47 486 352.241521837     -15.64      6.06     -0.13  0.       -2137.155       -715.584      -3443.515    0.000  -0.031   0.085   0.
  2017 352  5 47 48 486 352.241533411     -15.69      5.93     -0.18  0.       -2134.203       -717.941      -3443.531    0.000  -0.030   0.084   0.
  2017 352  5 47 49 486 352.241544986     -15.76      5.93     -0.19  0.       -2131.250       -720.298      -3443.545    0.000  -0.030   0.084   0.
  2017 352  5 47 50 486 352.241556560     -15.83      5.87     -0.15  0.       -2128.295       -722.654      -3443.557    0.000  -0.030   0.082   0.
  2017 352  5 47 51 486 352.241568134     -15.87      5.90     -0.13  0.       -2125.340       -725.010      -3443.566    0.000  -0.030   0.082   0.
  2017 352  5 47 52 486 352.241579708     -15.96      5.85     -0.17  0.       -2122.383       -727.366      -3443.574    0.000  -0.029   0.081   0.
  2017 352  5 47 53 486 352.241591282     -16.01      5.83     -0.24  0.       -2119.425       -729.721      -3443.579    0.000  -0.029   0.081   0.
  2017 352  5 47 54 486 352.241602856     -16.02      5.80     -0.26  0.       -2116.465       -732.076      -3443.582    0.000  -0.029   0.080   0.
  2017 352  5 47 55 486 352.241614430     -16.04      5.91     -0.24  0.       -2113.504       -734.430      -3443.584    0.000  -0.029   0.080   0.
  2017 352  5 47 56 486 352.241626004     -16.04      5.95     -0.15  0.       -2110.542       -736.784      -3443.583    0.000  -0.028   0.078   0.
  2017 352  5 47 57 486 352.241637578     -16.05      5.92     -0.21  0.       -2107.579       -739.137      -3443.579    0.000  -0.028   0.078   0.
  2017 352  5 47 58 486 352.241649152     -16.07      5.98     -0.34  0.       -2104.614       -741.490      -3443.574    0.000  -0.028   0.077   0.
  2017 352  5 47 59 486 352.241660726     -16.06      6.09     -0.50  0.       -2101.648       -743.842      -3443.567    0.000  -0.028   0.077   0.
  2017 352  5 48  0 486 352.241672300     -16.05      6.16     -0.59  0.       -2098.680       -746.194      -3443.557    0.000  -0.027   0.075   0.
  2017 352  5 48  1 486 352.241683874     -16.09      6.17     -0.74  0.       -2095.712       -748.546      -3443.546    0.000  -0.027   0.075   0.
  2017 352  5 48  2 486 352.241695446     -15.98      6.18     -0.88  0.       -2092.742       -750.897      -3443.532    0.000  -0.027   0.074   0.
  2017 352  5 48  3 486 352.241707020     -15.96      6.20     -0.98  0.       -2089.771       -753.247      -3443.516    0.000  -0.027   0.074   0.
  2017 352  5 48  4 486 352.241718594     -16.00      6.23     -1.08  0.       -2086.798       -755.597      -3443.498    0.000  -0.027   0.073   0.
  2017 352  5 48  5 486 352.241730168     -16.03      6.26     -1.08  0.       -2083.824       -757.947      -3443.478    0.000  -0.027   0.073   0.
  2017 352  5 48  6 486 352.241741742     -15.98      6.29     -1.20  0.       -2080.849       -760.296      -3443.456    0.000  -0.026   0.071   0.
  2017 352  5 48  7 486 352.241753316     -15.99      6.28     -1.30  0.       -2077.873       -762.645      -3443.431    0.000  -0.026   0.071   0.
  2017 352  5 48  8 486 352.241764890     -16.10      6.35     -1.36  0.       -2074.895       -764.993      -3443.405    0.000  -0.025   0.070   0.
  2017 352  5 48  9 486 352.241776464     -16.07      6.34     -1.34  0.       -2071.916       -767.341      -3443.376    0.000  -0.025   0.070   0.
  2017 352  5 48 10 486 352.241788038     -16.06      6.31     -1.45  0.       -2068.936       -769.688      -3443.345    0.000  -0.025   0.069   0.
  2017 352  5 48 11 486 352.241799612     -16.12      6.32     -1.45  0.       -2065.954       -772.035      -3443.312    0.000  -0.025   0.069   0.
  2017 352  5 48 12 486 352.241811186     -16.07      6.35     -1.54  0.       -2062.971       -774.381      -3443.277    0.000  -0.024   0.067   0.
  2017 352  5 48 13 486 352.241822760     -16.09      6.25     -1.51  0.       -2059.987       -776.727      -3443.239    0.000  -0.024   0.067   0.
  2017 352  5 48 14 486 352.241834335     -16.13      6.34     -1.58  0.       -2057.002       -779.072      -3443.200    0.000  -0.024   0.066   0.
  2017 352  5 48 15 486 352.241845909     -16.18      6.38     -1.66  0.       -2054.015       -781.417      -3443.158    0.000  -0.024   0.066   0.
  2017 352  5 48 16 486 352.241857483     -16.18      6.40     -1.64  0.       -2051.027       -783.762      -3443.114    0.000  -0.023   0.065   0.
  2017 352  5 48 17 486 352.241869057     -16.21      6.37     -1.62  0.       -2048.038       -786.105      -3443.068    0.000  -0.023   0.065   0.
  2017 352  5 48 18 486 352.241880631     -16.28      6.39     -1.64  0.       -2045.047       -788.449      -3443.020    0.000  -0.023   0.063   0.
  2017 352  5 48 19 486 352.241892205     -16.35      6.34     -1.66  0.       -2042.055       -790.792      -3442.970    0.000  -0.023   0.063   0.
  2017 352  5 48 20 486 352.241903779     -16.35      6.32     -1.66  0.       -2039.062       -793.134      -3442.917    0.000  -0.022   0.062   0.
  2017 352  5 48 21 486 352.241915353     -16.44      6.27     -1.61  0.       -2036.068       -795.476      -3442.863    0.000  -0.022   0.062   0.
  2017 352  5 48 22 486 352.241926927     -16.52      6.02     -1.55  0.       -2033.072       -797.817      -3442.806    0.000  -0.022   0.061   0.
  2017 352  5 48 23 486 352.241938501     -16.50      5.98     -1.53  0.       -2030.075       -800.158      -3442.747    0.000  -0.022   0.061   0.
  2017 352  5 48 24 486 352.241950075     -16.49      5.96     -1.67  0.       -2027.077       -802.499      -3442.686    0.000  -0.021   0.059   0.
  2017 352  5 48 25 486 352.241961649     -16.53      5.82     -1.67  0.       -2024.077       -804.839      -3442.623    0.000  -0.021   0.059   0.
  2017 352  5 48 26 486 352.241973223     -16.56      5.80     -1.69  0.       -2021.076       -807.178      -3442.557    0.000  -0.021   0.058   0.
  2017 352  5 48 27 486 352.241984797     -16.54      5.80     -1.75  0.       -2018.074       -809.517      -3442.490    0.000  -0.021   0.058   0.
  2017 352  5 48 28 486 352.241996372     -16.53      5.80     -1.88  0.       -2015.071       -811.855      -3442.420    0.000  -0.021   0.056   0.
  2017 352  5 48 29 486 352.242007946     -16.56      5.77     -1.92  0.       -2012.066       -814.193      -3442.348    0.000  -0.021   0.056   0.
  2017 352  5 48 30 486 352.242019520     -16.68      5.69     -1.93  0.       -2009.060       -816.531      -3442.274    0.000  -0.020   0.055   0.
  2017 352  5 48 31 486 352.242031094     -16.83      5.59     -1.94  0.       -2006.053       -818.867      -3442.197    0.000  -0.020   0.055   0.
  2017 352  5 48 32 486 352.242042665     -16.89      5.50     -1.87  0.       -2003.045       -821.204      -3442.119    0.000  -0.019   0.053   0.
  2017 352  5 48 33 486 352.242054239     -16.99      5.47     -1.76  0.       -2000.035       -823.539      -3442.038    0.000  -0.019   0.053   0.
  2017 352  5 48 34 486 352.242065813     -17.12      5.47     -1.72  0.       -1997.024       -825.875      -3441.955    0.000  -0.019   0.052   0.
  2017 352  5 48 35 486 352.242077387     -17.27      5.40     -1.59  0.       -1994.012       -828.210      -3441.870    0.000  -0.019   0.052   0.
  2017 352  5 48 36 486 352.242088961     -17.41      5.33     -1.56  0.       -1990.998       -830.544      -3441.782    0.000  -0.018   0.050   0.
  2017 352  5 48 37 486 352.242100535     -17.55      5.29     -1.61  0.       -1987.983       -832.878      -3441.693    0.000  -0.018   0.050   0.
  2017 352  5 48 38 486 352.242112109     -17.74      5.14     -1.69  0.       -1984.967       -835.211      -3441.601    0.000  -0.018   0.049   0.
  2017 352  5 48 39 486 352.242123683     -17.86      5.13     -1.74  0.       -1981.950       -837.544      -3441.507    0.000  -0.018   0.049   0.
  2017 352  5 48 40 486 352.242135258     -17.98      5.04     -1.94  0.       -1978.931       -839.876      -3441.411    0.000  -0.017   0.048   0.
  2017 352  5 48 41 486 352.242146832     -18.07      4.95     -2.05  0.       -1975.911       -842.208      -3441.313    0.000  -0.017   0.048   0.
  2017 352  5 48 42 486 352.242158406     -18.16      4.98     -2.25  0.       -1972.890       -844.539      -3441.212    0.000  -0.017   0.046   0.
  2017 352  5 48 43 486 352.242169980     -18.19      4.97     -2.45  0.       -1969.868       -846.869      -3441.110    0.000  -0.017   0.046   0.
  2017 352  5 48 44 486 352.242181554     -18.24      4.91     -2.54  0.       -1966.844       -849.199      -3441.005    0.000  -0.016   0.045   0.
  2017 352  5 48 45 486 352.242193128     -18.32      4.88     -2.61  0.       -1963.819       -851.529      -3440.898    0.000  -0.016   0.045   0.
  2017 352  5 48 46 486 352.242204702     -18.39      4.81     -2.69  0.       -1960.793       -853.858      -3440.788    0.000  -0.016   0.043   0.
  2017 352  5 48 47 486 352.242216276     -18.45      4.76     -2.74  0.       -1957.766       -856.186      -3440.677    0.000  -0.016   0.043   0.
  2017 352  5 48 48 486 352.242227850     -18.50      4.77     -2.93  0.       -1954.737       -858.514      -3440.563    0.000  -0.015   0.042   0.
  2017 352  5 48 49 486 352.242239424     -18.60      4.78     -3.09  0.       -1951.707       -860.841      -3440.447    0.000  -0.015   0.042   0.
  2017 352  5 48 50 486 352.242250998     -18.63      4.78     -3.24  0.       -1948.676       -863.168      -3440.329    0.000  -0.015   0.040   0.
  2017 352  5 48 51 486 352.242262572     -18.64      4.74     -3.36  0.       -1945.644       -865.494      -3440.209    0.000  -0.015   0.040   0.
  2017 352  5 48 52 486 352.242274146     -18.65      4.68     -3.56  0.       -1942.610       -867.820      -3440.086    0.000  -0.014   0.039   0.
  2017 352  5 48 53 486 352.242285721     -18.69      4.61     -3.84  0.       -1939.575       -870.145      -3439.961    0.000  -0.014   0.039   0.
  2017 352  5 48 54 486 352.242297295     -18.67      4.56     -4.15  0.       -1936.539       -872.469      -3439.834    0.000  -0.014   0.037   0.
  2017 352  5 48 55 486 352.242308869     -18.68      4.51     -4.34  0.       -1933.501       -874.793      -3439.705    0.000  -0.014   0.037   0.
  2017 352  5 48 56 486 352.242320443     -18.71      4.46     -4.52  0.       -1930.462       -877.117      -3439.573    0.000  -0.013   0.036   0.
  2017 352  5 48 57 486 352.242332017     -18.71      4.46     -4.74  0.       -1927.422       -879.439      -3439.440    0.000  -0.013   0.036   0.
  2017 352  5 48 58 486 352.242343591     -18.72      4.48     -5.01  0.       -1924.381       -881.762      -3439.304    0.000  -0.013   0.035   0.
  2017 352  5 48 59 486 352.242355165     -18.67      4.46     -5.24  0.       -1921.339       -884.083      -3439.165    0.000  -0.013   0.035   0.
  2017 352  5 49  0 486 352.242366739     -18.72      4.50     -5.45  0.       -1918.295       -886.405      -3439.025    0.000  -0.012   0.034   0.
  2017 352  5 49  1 486 352.242378313     -18.71      4.60     -5.64  0.       -1915.250       -888.725      -3438.882    0.000  -0.012   0.034   0.
  2017 352  5 49  2 485 352.242389885     -18.67      4.78     -5.93  0.       -1912.204       -891.045      -3438.738    0.000  -0.012   0.032   0.
  2017 352  5 49  3 485 352.242401458     -18.72      4.77     -6.17  0.       -1909.157       -893.365      -3438.590    0.000  -0.012   0.032   0.
  2017 352  5 49  4 486 352.242413032     -18.78      4.72     -6.38  0.       -1906.108       -895.683      -3438.441    0.000  -0.011   0.031   0.
  2017 352  5 49  5 486 352.242424606     -18.83      4.71     -6.53  0.       -1903.058       -898.002      -3438.289    0.000  -0.011   0.031   0.
  2017 352  5 49  6 485 352.242436181     -18.90      4.68     -6.58  0.       -1900.007       -900.319      -3438.136    0.000  -0.011   0.030   0.
  2017 352  5 49  7 485 352.242447755     -18.99      4.66     -6.65  0.       -1896.955       -902.636      -3437.979    0.000  -0.011   0.030   0.
  2017 352  5 49  8 486 352.242459329     -19.11      4.63     -6.63  0.       -1893.901       -904.953      -3437.821    0.000  -0.010   0.028   0.
  2017 352  5 49  9 486 352.242470903     -19.22      4.65     -6.72  0.       -1890.846       -907.269      -3437.661    0.000  -0.010   0.028   0.
  2017 352  5 49 10 486 352.242482477     -19.29      4.71     -6.71  0.       -1887.790       -909.584      -3437.498    0.000  -0.010   0.027   0.
  2017 352  5 49 11 486 352.242494051     -19.37      4.85     -6.86  0.       -1884.733       -911.899      -3437.333    0.000  -0.010   0.027   0.
  2017 352  5 49 12 486 352.242505625     -19.33      4.87     -7.20  0.       -1881.674       -914.213      -3437.165    0.000  -0.009   0.025   0.
  2017 352  5 49 13 485 352.242517199     -19.33      4.76     -7.57  0.       -1878.615       -916.527      -3436.996    0.000  -0.009   0.025   0.
  2017 352  5 49 14 485 352.242528773     -19.29      4.79     -7.87  0.       -1875.553       -918.840      -3436.824    0.000  -0.009   0.024   0.
  2017 352  5 49 15 485 352.242540347     -19.15      5.12     -8.21  0.       -1872.491       -921.152      -3436.650    0.000  -0.009   0.024   0.
  2017 352  5 49 16 485 352.242551921     -19.25      5.13     -8.26  0.       -1869.428       -923.464      -3436.474    0.000  -0.008   0.023   0.
  2017 352  5 49 17 486 352.242563495     -19.26      5.08     -8.38  0.       -1866.363       -925.775      -3436.295    0.000  -0.008   0.023   0.
  2017 352  5 49 18 486 352.242575069     -19.24      5.08     -8.57  0.       -1863.297       -928.085      -3436.114    0.000  -0.008   0.022   0.
  2017 352  5 49 19 485 352.242586644     -19.20      5.16     -8.81  0.       -1860.230       -930.395      -3435.931    0.000  -0.008   0.022   0.
  2017 352  5 49 20 485 352.242598218     -19.20      5.18     -8.94  0.       -1857.162       -932.705      -3435.746    0.000  -0.007   0.021   0.
  2017 352  5 49 21 486 352.242609792     -19.26      5.08     -9.04  0.       -1854.092       -935.013      -3435.558    0.000  -0.007   0.021   0.
  2017 352  5 49 22 486 352.242621366     -19.24      5.20     -9.20  0.       -1851.021       -937.321      -3435.368    0.000  -0.007   0.020   0.
  2017 352  5 49 23 486 352.242632940     -19.20      5.28     -9.43  0.       -1847.949       -939.629      -3435.176    0.000  -0.007   0.020   0.
  2017 352  5 49 24 486 352.242644514     -19.15      5.40     -9.76  0.       -1844.876       -941.936      -3434.981    0.000  -0.006   0.018   0.
  2017 352  5 49 25 486 352.242656088     -19.04      5.47    -10.14  0.       -1841.801       -944.242      -3434.785    0.000  -0.006   0.018   0.
  2017 352  5 49 26 485 352.242667662     -18.98      5.48    -10.47  0.       -1838.726       -946.548      -3434.585    0.000  -0.006   0.017   0.
  2017 352  5 49 27 485 352.242679236     -18.99      5.50    -10.67  0.       -1835.649       -948.853      -3434.384    0.000  -0.006   0.017   0.
  2017 352  5 49 28 485 352.242690810     -19.00      5.50    -10.81  0.       -1832.571       -951.157      -3434.181    0.000  -0.006   0.016   0.
  2017 352  5 49 29 485 352.242702384     -19.02      5.49    -10.92  0.       -1829.491       -953.461      -3433.975    0.000  -0.006   0.016   0.
  2017 352  5 49 30 485 352.242713956     -19.08      5.46    -11.06  0.       -1826.411       -955.764      -3433.767    0.000  -0.005   0.014   0.
  2017 352  5 49 31 485 352.242725530     -19.07      5.33    -11.20  0.       -1823.329       -958.066      -3433.556    0.000  -0.005   0.014   0.
  2017 352  5 49 32 485 352.242737104     -19.12      5.27    -11.31  0.       -1820.246       -960.368      -3433.344    0.000  -0.005   0.014   0.
  2017 352  5 49 33 485 352.242748678     -19.17      5.27    -11.42  0.       -1817.162       -962.669      -3433.128    0.000  -0.005   0.014   0.
  2017 352  5 49 34 485 352.242760252     -19.18      5.29    -11.51  0.       -1814.076       -964.970      -3432.911    0.000  -0.005   0.013   0.
  2017 352  5 49 35 485 352.242771826     -19.17      5.34    -11.68  0.       -1810.990       -967.270      -3432.692    0.000  -0.005   0.013   0.
  2017 352  5 49 36 485 352.242783400     -19.12      5.37    -11.83  0.       -1807.902       -969.569      -3432.470    0.000  -0.004   0.011   0.
  2017 352  5 49 37 485 352.242794974     -19.11      5.40    -11.98  0.       -1804.813       -971.868      -3432.246    0.000  -0.004   0.011   0.
  2017 352  5 49 38 485 352.242806548     -19.06      5.41    -12.13  0.       -1801.723       -974.166      -3432.019    0.000  -0.004   0.010   0.
  2017 352  5 49 39 485 352.242818122     -19.04      5.38    -12.31  0.       -1798.631       -976.463      -3431.791    0.000  -0.004   0.010   0.
  2017 352  5 49 40 485 352.242829696     -19.00      5.34    -12.50  0.       -1795.539       -978.760      -3431.559    0.000  -0.003   0.010   0.
  2017 352  5 49 41 485 352.242841270     -19.00      5.29    -12.58  0.       -1792.445       -981.056      -3431.326    0.000  -0.003   0.010   0.
  2017 352  5 49 42 485 352.242852844     -18.94      5.27    -12.76  0.       -1789.350       -983.352      -3431.090    0.000  -0.003   0.008   0.
  2017 352  5 49 43 485 352.242864418     -18.91      5.29    -12.93  0.       -1786.254       -985.646      -3430.853    0.000  -0.003   0.008   0.
  2017 352  5 49 44 485 352.242875992     -18.90      5.30    -13.13  0.       -1783.156       -987.940      -3430.612    0.000  -0.003   0.008   0.
  2017 352  5 49 45 485 352.242887567     -18.91      5.29    -13.35  0.       -1780.057       -990.234      -3430.370    0.000  -0.003   0.008   0.
  2017 352  5 49 46 485 352.242899141     -18.87      5.27    -13.52  0.       -1776.958       -992.527      -3430.125    0.000  -0.002   0.007   0.
  2017 352  5 49 47 485 352.242910715     -18.86      5.32    -13.75  0.       -1773.857       -994.819      -3429.878    0.000  -0.002   0.007   0.
  2017 352  5 49 48 485 352.242922289     -18.84      5.35    -13.94  0.       -1770.754       -997.110      -3429.628    0.000  -0.002   0.006   0.
  2017 352  5 49 49 485 352.242933863     -18.84      5.33    -14.09  0.       -1767.651       -999.401      -3429.377    0.000  -0.002   0.006   0.
  2017 352  5 49 50 485 352.242945437     -18.83      5.40    -14.29  0.       -1764.546      -1001.691      -3429.123    0.000  -0.002   0.005   0.
  2017 352  5 49 51 485 352.242957011     -18.81      5.43    -14.50  0.       -1761.441      -1003.981      -3428.866    0.000  -0.002   0.005   0.
  2017 352  5 49 52 485 352.242968585     -18.79      5.41    -14.57  0.       -1758.334      -1006.269      -3428.607    0.000  -0.001   0.004   0.
  2017 352  5 49 53 485 352.242980159     -18.79      5.44    -14.72  0.       -1755.225      -1008.558      -3428.346    0.000  -0.001   0.004   0.
  2017 352  5 49 54 485 352.242991733     -18.77      5.48    -14.94  0.       -1752.116      -1010.845      -3428.083    0.000  -0.001   0.003   0.
  2017 352  5 49 55 485 352.243003307     -18.71      5.60    -15.18  0.       -1749.005      -1013.132      -3427.817    0.000  -0.001   0.003   0.
  2017 352  5 49 56 485 352.243014881     -18.67      5.67    -15.42  0.       -1745.894      -1015.418      -3427.549    0.000  -0.001   0.002   0.
  2017 352  5 49 57 485 352.243026455     -18.63      5.74    -15.58  0.       -1742.781      -1017.703      -3427.279    0.000  -0.001   0.002   0.
  2017 352  5 49 58 485 352.243038030     -18.59      5.82    -15.73  0.       -1739.667      -1019.988      -3427.006    0.000  -0.001   0.002   0.
  2017 352  5 49 59 485 352.243049604     -18.53      5.87    -15.93  0.       -1736.552      -1022.272      -3426.731    0.000  -0.001   0.002   0.
  2017 352  5 50  0 485 352.243061175     -18.47      5.87    -16.20  0.       -1733.435      -1024.555      -3426.454    0.000  -0.000   0.001   0.
  2017 352  5 50  1 485 352.243072749     -18.41      5.86    -16.37  0.       -1730.317      -1026.838      -3426.174    0.000   0.000   0.001   0.
  2017 352  5 50  2 485 352.243084323     -18.35      5.89    -16.60  0.       -1727.199      -1029.120      -3425.892    0.000   0.000   0.001   0.
  2017 352  5 50  3 485 352.243095897     -18.33      5.99    -16.77  0.       -1724.079      -1031.401      -3425.608    0.000   0.000   0.001   0.
  2017 352  5 50  4 485 352.243107471     -18.30      6.00    -16.93  0.       -1720.957      -1033.681      -3425.321    0.000   0.000   0.001   0.
  2017 352  5 50  5 485 352.243119045     -18.29      6.04    -17.11  0.       -1717.835      -1035.961      -3425.032    0.000   0.000   0.001   0.
  2017 352  5 50  6 485 352.243130619     -18.20      6.14    -17.30  0.       -1714.712      -1038.240      -3424.741    0.000   0.000   0.000   0.
  2017 352  5 50  7 485 352.243142193     -18.14      6.20    -17.48  0.       -1711.587      -1040.519      -3424.447    0.000   0.000   0.000   0.
  2017 352  5 50  8 485 352.243153767     -18.07      6.31    -17.64  0.       -1708.461      -1042.797      -3424.151    0.000   0.000   0.000   0.
  2017 352  5 50  9 485 352.243165341     -18.06      6.42    -17.77  0.       -1705.334      -1045.074      -3423.853    0.000   0.000   0.000   0.
  2017 352  5 50 10 485 352.243176916     -18.02      6.50    -17.96  0.       -1702.206      -1047.350      -3423.552    0.000   0.000   0.000   0.
  2017 352  5 50 11 485 352.243188490     -17.96      6.61    -18.09  0.       -1699.077      -1049.625      -3423.249    0.000   0.000   0.000   0.
  2017 352  5 50 12 485 352.243200064     -17.87      6.64    -18.24  0.       -1695.946      -1051.900      -3422.944    0.000   0.000   0.000   0.
  2017 352  5 50 13 485 352.243211638     -17.82      6.65    -18.42  0.       -1692.814      -1054.174      -3422.636    0.000   0.000   0.000   0.
  2017 352  5 50 14 485 352.243223212     -17.76      6.64    -18.57  0.       -1689.682      -1056.448      -3422.326    0.000   0.000   0.000   0.
  2017 352  5 50 15 485 352.243234786     -17.71      6.59    -18.75  0.       -1686.548      -1058.721      -3422.013    0.000   0.000   0.000   0.
  2017 352  5 50 16 485 352.243246360     -17.67      6.59    -18.86  0.       -1683.412      -1060.993      -3421.699    0.000   0.000   0.000   0.
  2017 352  5 50 17 485 352.243257934     -17.56      6.59    -19.01  0.       -1680.276      -1063.264      -3421.381    0.000   0.000   0.000   0.
  2017 352  5 50 18 485 352.243269508     -17.48      6.64    -19.17  0.       -1677.139      -1065.534      -3421.062    0.000   0.000   0.000   0.
  2017 352  5 50 19 485 352.243281082     -17.43      6.70    -19.29  0.       -1674.000      -1067.804      -3420.740    0.000   0.000   0.000   0.
  2017 352  5 50 20 485 352.243292656     -17.42      6.78    -19.40  0.       -1670.860      -1070.073      -3420.416    0.000   0.000   0.000   0.
  2017 352  5 50 21 485 352.243304230     -17.44      6.82    -19.46  0.       -1667.719      -1072.341      -3420.089    0.000   0.000   0.000   0.
  2017 352  5 50 22 485 352.243315804     -17.44      6.88    -19.59  0.       -1664.577      -1074.609      -3419.760    0.000   0.000   0.000   0.
  2017 352  5 50 23 485 352.243327379     -17.39      6.97    -19.68  0.       -1661.434      -1076.876      -3419.429    0.000   0.000   0.000   0.
  2017 352  5 50 24 485 352.243338953     -17.37      7.01    -19.73  0.       -1658.290      -1079.142      -3419.095    0.000   0.000   0.000   0.
  2017 352  5 50 25 485 352.243350527     -17.42      6.99    -19.80  0.       -1655.144      -1081.407      -3418.759    0.000   0.000   0.000   0.
  2017 352  5 50 26 485 352.243362101     -17.45      6.94    -19.85  0.       -1651.997      -1083.672      -3418.421    0.000   0.000   0.000   0.
  2017 352  5 50 27 485 352.243373675     -17.39      6.92    -19.98  0.       -1648.850      -1085.936      -3418.080    0.000   0.000   0.000   0.
  2017 352  5 50 28 485 352.243385249     -17.28      6.93    -20.12  0.       -1645.701      -1088.199      -3417.737    0.000   0.000   0.000   0.
  2017 352  5 50 29 485 352.243396823     -17.27      6.87    -20.23  0.       -1642.550      -1090.461      -3417.391    0.000   0.000   0.000   0.
  2017 352  5 50 30 485 352.243408397     -17.28      6.81    -20.35  0.       -1639.399      -1092.723      -3417.043    0.000   0.000   0.000   0.
  2017 352  5 50 31 485 352.243419971     -17.18      6.83    -20.46  0.       -1636.247      -1094.984      -3416.693    0.000   0.000   0.000   0.
  2017 352  5 50 32 485 352.243431543     -17.09      6.80    -20.58  0.       -1633.093      -1097.244      -3416.340    0.000   0.000   0.000   0.
  2017 352  5 50 33 485 352.243443116     -17.01      6.74    -20.69  0.       -1629.939      -1099.503      -3415.985    0.000   0.000   0.000   0.
  2017 352  5 50 34 485 352.243454690     -16.94      6.67    -20.81  0.       -1626.783      -1101.762      -3415.628    0.000   0.000   0.000   0.
  2017 352  5 50 35 485 352.243466264     -16.88      6.64    -21.08  0.       -1623.626      -1104.020      -3415.268    0.000   0.000   0.000   0.
  2017 352  5 50 36 485 352.243477839     -16.82      6.61    -21.19  0.       -1620.468      -1106.277      -3414.906    0.000   0.000   0.000   0.
  2017 352  5 50 37 485 352.243489413     -16.70      6.61    -21.25  0.       -1617.309      -1108.533      -3414.541    0.000   0.000   0.000   0.
  2017 352  5 50 38 485 352.243500987     -16.64      6.63    -21.36  0.       -1614.148      -1110.789      -3414.174    0.000   0.000   0.000   0.
  2017 352  5 50 39 485 352.243512561     -16.61      6.60    -21.47  0.       -1610.987      -1113.044      -3413.805    0.000   0.000   0.000   0.
  2017 352  5 50 40 485 352.243524135     -16.60      6.53    -21.59  0.       -1607.824      -1115.298      -3413.433    0.000   0.000   0.000   0.
  2017 352  5 50 41 485 352.243535709     -16.48      6.46    -21.72  0.       -1604.660      -1117.551      -3413.059    0.000   0.000   0.000   0.
  2017 352  5 50 42 485 352.243547283     -16.30      6.46    -21.82  0.       -1601.496      -1119.803      -3412.682    0.000   0.000   0.000   0.
  2017 352  5 50 43 485 352.243558857     -16.12      6.49    -21.96  0.       -1598.330      -1122.055      -3412.303    0.000   0.000   0.000   0.
  2017 352  5 50 44 485 352.243570431     -15.99      6.51    -22.09  0.       -1595.163      -1124.306      -3411.922    0.000   0.000   0.000   0.
  2017 352  5 50 45 485 352.243582005     -15.87      6.50    -22.36  0.       -1591.994      -1126.556      -3411.538    0.000   0.000   0.000   0.
  2017 352  5 50 46 485 352.243593579     -15.73      6.55    -22.47  0.       -1588.825      -1128.805      -3411.152    0.000   0.000   0.000   0.
  2017 352  5 50 47 485 352.243605153     -15.62      6.58    -22.64  0.       -1585.655      -1131.053      -3410.763    0.000   0.000   0.000   0.
  2017 352  5 50 48 485 352.243616727     -15.47      6.53    -22.75  0.       -1582.483      -1133.301      -3410.372    0.000   0.000   0.000   0.
  2017 352  5 50 49 485 352.243628302     -15.29      6.54    -22.84  0.       -1579.310      -1135.548      -3409.979    0.000   0.000   0.000   0.
  2017 352  5 50 50 485 352.243639876     -15.15      6.55    -23.06  0.       -1576.137      -1137.794      -3409.583    0.000   0.000   0.000   0.
  2017 352  5 50 51 485 352.243651450     -14.97      6.63    -23.18  0.       -1572.962      -1140.040      -3409.185    0.000   0.000   0.000   0.
  2017 352  5 50 52 485 352.243663024     -14.80      6.57    -23.28  0.       -1569.786      -1142.284      -3408.784    0.000   0.000   0.000   0.
  2017 352  5 50 53 485 352.243674598     -14.62      6.47    -23.46  0.       -1566.608      -1144.528      -3408.381    0.000   0.000   0.000   0.
  2017 352  5 50 54 485 352.243686172     -14.42      6.38    -23.69  0.       -1563.430      -1146.771      -3407.976    0.000   0.000   0.000   0.
  2017 352  5 50 55 485 352.243697746     -14.23      6.33    -23.99  0.       -1560.251      -1149.013      -3407.568    0.000   0.000   0.000   0.
  2017 352  5 50 56 485 352.243709320     -14.05      6.15    -24.14  0.       -1557.070      -1151.254      -3407.158    0.000   0.000   0.000   0.
  2017 352  5 50 57 485 352.243720894     -13.92      5.95    -24.32  0.       -1553.889      -1153.494      -3406.745    0.000   0.000   0.000   0.
  2017 352  5 50 58 485 352.243732468     -13.79      5.78    -24.49  0.       -1550.706      -1155.734      -3406.329    0.000   0.000   0.000   0.
  2017 352  5 50 59 485 352.243744042     -13.65      5.67    -24.59  0.       -1547.522      -1157.973      -3405.912    0.000   0.000   0.000   0.
  2017 352  5 51  0 485 352.243755616     -13.51      5.61    -24.61  0.       -1544.338      -1160.211      -3405.492    0.000   0.000   0.000   0.
  2017 352  5 51  1 485 352.243767190     -13.41      5.59    -24.74  0.       -1541.152      -1162.448      -3405.070    0.000   0.000   0.000   0.
  2017 352  5 51  2 484 352.243778762     -13.32      5.49    -24.91  0.       -1537.965      -1164.685      -3404.645    0.000   0.000   0.000   0.
  2017 352  5 51  3 484 352.243790336     -13.22      5.26    -24.93  0.       -1534.776      -1166.920      -3404.218    0.000   0.000   0.000   0.
  2017 352  5 51  4 485 352.243801910     -13.08      5.04    -25.04  0.       -1531.587      -1169.155      -3403.788    0.000   0.000   0.000   0.
  2017 352  5 51  5 485 352.243813484     -12.91      4.83    -25.17  0.       -1528.397      -1171.389      -3403.356    0.000   0.000   0.000   0.
  2017 352  5 51  6 485 352.243825058     -12.70      4.69    -25.27  0.       -1525.205      -1173.622      -3402.922    0.000   0.000   0.000   0.
  2017 352  5 51  7 485 352.243836632     -12.44      4.60    -25.44  0.       -1522.013      -1175.854      -3402.485    0.000   0.000   0.000   0.
  2017 352  5 51  8 484 352.243848206     -12.20      4.56    -25.53  0.       -1518.819      -1178.085      -3402.045    0.000   0.000   0.000   0.
  2017 352  5 51  9 484 352.243859780     -11.93      4.48    -25.65  0.       -1515.625      -1180.316      -3401.604    0.000   0.000   0.000   0.
  2017 352  5 51 10 484 352.243871354     -11.68      4.39    -25.75  0.       -1512.429      -1182.546      -3401.159    0.000   0.000   0.000   0.
  2017 352  5 51 11 484 352.243882928     -11.42      4.33    -25.86  0.       -1509.232      -1184.775      -3400.713    0.000   0.000   0.000   0.
  2017 352  5 51 12 484 352.243894502     -11.17      4.30    -25.92  0.       -1506.034      -1187.003      -3400.263    0.000   0.000   0.000   0.
  2017 352  5 51 13 485 352.243906076     -10.95      4.26    -26.00  0.       -1502.835      -1189.230      -3399.812    0.000   0.000   0.000   0.
  2017 352  5 51 14 485 352.243917650     -10.73      4.20    -26.08  0.       -1499.635      -1191.456      -3399.358    0.000   0.000   0.000   0.
  2017 352  5 51 15 484 352.243929225     -10.50      4.11    -26.13  0.       -1496.434      -1193.682      -3398.902    0.000   0.000   0.000   0.
  2017 352  5 51 16 484 352.243940799     -10.26      4.02    -26.17  0.       -1493.231      -1195.906      -3398.443    0.000   0.000   0.000   0.
  2017 352  5 51 17 485 352.243952373     -10.00      3.87    -26.18  0.       -1490.028      -1198.130      -3397.981    0.000   0.000   0.000   0.
  2017 352  5 51 18 485 352.243963947      -9.71      3.77    -26.27  0.       -1486.824      -1200.353      -3397.517    0.000   0.000   0.000   0.
  2017 352  5 51 19 485 352.243975521      -9.42      3.76    -26.33  0.       -1483.618      -1202.575      -3397.051    0.000   0.000   0.000   0.
  2017 352  5 51 20 485 352.243987095      -9.18      3.68    -26.41  0.       -1480.412      -1204.796      -3396.583    0.000   0.000   0.000   0.
  2017 352  5 51 21 485 352.243998669      -8.92      3.64    -26.45  0.       -1477.204      -1207.017      -3396.111    0.000   0.000   0.000   0.
  2017 352  5 51 22 484 352.244010243      -8.61      3.63    -26.58  0.       -1473.995      -1209.236      -3395.638    0.000   0.000   0.000   0.
  2017 352  5 51 23 484 352.244021817      -8.31      3.62    -26.63  0.       -1470.786      -1211.455      -3395.162    0.000   0.000   0.000   0.
  2017 352  5 51 24 484 352.244033391      -8.01      3.63    -26.65  0.       -1467.575      -1213.672      -3394.683    0.000   0.000   0.000   0.
  2017 352  5 51 25 484 352.244044965      -7.72      3.64    -26.72  0.       -1464.363      -1215.889      -3394.202    0.000   0.000   0.000   0.
  2017 352  5 51 26 484 352.244056539      -7.45      3.66    -26.75  0.       -1461.150      -1218.105      -3393.719    0.000   0.000   0.000   0.
  2017 352  5 51 27 485 352.244068113      -7.13      3.59    -26.81  0.       -1457.936      -1220.320      -3393.233    0.000   0.000   0.000   0.
  2017 352  5 51 28 485 352.244079687      -6.78      3.52    -26.83  0.       -1454.721      -1222.535      -3392.744    0.000   0.000   0.000   0.
  2017 352  5 51 29 484 352.244091262      -6.40      3.41    -26.88  0.       -1451.505      -1224.748      -3392.254    0.000   0.000   0.000   0.
  2017 352  5 51 30 484 352.244102833      -6.00      3.33    -26.92  0.       -1448.288      -1226.960      -3391.760    0.000   0.000   0.000   0.
  2017 352  5 51 31 484 352.244114407      -5.62      3.25    -26.94  0.       -1445.069      -1229.172      -3391.265    0.000   0.000   0.000   0.
  2017 352  5 51 32 484 352.244125981      -5.23      3.22    -26.99  0.       -1441.850      -1231.383      -3390.766    0.000   0.000   0.000   0.
  2017 352  5 51 33 484 352.244137555      -4.88      3.12    -27.06  0.       -1438.630      -1233.592      -3390.266    0.000   0.000   0.000   0.
  2017 352  5 51 34 484 352.244149129      -4.47      3.03    -27.13  0.       -1435.409      -1235.801      -3389.763    0.000   0.000   0.000   0.
  2017 352  5 51 35 484 352.244160703      -4.08      2.93    -27.12  0.       -1432.186      -1238.010      -3389.257    0.000   0.000   0.000   0.
  2017 352  5 51 36 484 352.244172277      -3.65      2.84    -27.16  0.       -1428.963      -1240.216      -3388.749    0.000   0.000   0.000   0.
  2017 352  5 51 37 484 352.244183851      -3.26      2.72    -27.19  0.       -1425.738      -1242.423      -3388.238    0.000   0.000   0.000   0.
  2017 352  5 51 38 484 352.244195425      -2.80      2.68    -27.15  0.       -1422.513      -1244.628      -3387.725    0.000   0.000   0.000   0.
  2017 352  5 51 39 484 352.244206999      -2.31      2.64    -27.13  0.       -1419.286      -1246.832      -3387.210    0.000   0.000   0.000   0.
  2017 352  5 51 40 484 352.244218573      -1.84      2.70    -27.15  0.       -1416.058      -1249.036      -3386.692    0.000   0.000   0.000   0.
  2017 352  5 51 41 484 352.244230148      -1.32      2.90    -27.11  0.       -1412.830      -1251.238      -3386.171    0.000   0.000   0.000   0.
  2017 352  5 51 42 484 352.244241722      -0.87      3.09    -27.08  0.       -1409.600      -1253.440      -3385.648    0.000   0.000   0.000   0.
  2017 352  5 51 43 484 352.244253296      -0.39      3.25    -27.02  0.       -1406.369      -1255.641      -3385.123    0.000   0.000   0.000   0.
  2017 352  5 51 44 484 352.244264870       0.04      3.35    -26.99  0.       -1403.137      -1257.841      -3384.595    0.000   0.000   0.000   0.
  2017 352  5 51 45 484 352.244276444       0.49      3.43    -26.99  0.       -1399.905      -1260.039      -3384.064    0.000   0.000   0.000   0.
  2017 352  5 51 46 484 352.244288018       0.95      3.48    -26.97  0.       -1396.671      -1262.238      -3383.531    0.000   0.000   0.000   0.
  2017 352  5 51 47 484 352.244299592       1.38      3.50    -26.92  0.       -1393.436      -1264.435      -3382.996    0.000   0.000   0.000   0.
  2017 352  5 51 48 484 352.244311166       1.79      3.54    -26.90  0.       -1390.200      -1266.631      -3382.458    0.000   0.000   0.000   0.
  2017 352  5 51 49 484 352.244322740       2.21      3.56    -26.84  0.       -1386.963      -1268.826      -3381.917    0.000   0.000   0.000   0.
  2017 352  5 51 50 484 352.244334314       2.60      3.59    -26.78  0.       -1383.725      -1271.020      -3381.375    0.000   0.000   0.000   0.
  2017 352  5 51 51 484 352.244345888       2.98      3.53    -26.78  0.       -1380.486      -1273.214      -3380.829    0.000   0.000   0.000   0.
  2017 352  5 51 52 484 352.244357462       3.36      3.46    -26.73  0.       -1377.246      -1275.406      -3380.281    0.000   0.000   0.000   0.
  2017 352  5 51 53 484 352.244369036       3.79      3.40    -26.66  0.       -1374.005      -1277.597      -3379.731    0.000   0.000   0.000   0.
  2017 352  5 51 54 484 352.244380611       4.19      3.24    -26.56  0.       -1370.764      -1279.788      -3379.178    0.000   0.000   0.000   0.
  2017 352  5 51 55 484 352.244392185       4.55      3.17    -26.48  0.       -1367.520      -1281.978      -3378.623    0.000   0.000   0.000   0.
  2017 352  5 51 56 484 352.244403759       5.02      2.91    -26.27  0.       -1364.276      -1284.166      -3378.065    0.000   0.000   0.000   0.
  2017 352  5 51 57 484 352.244415333       5.52      2.38    -26.19  0.       -1361.031      -1286.354      -3377.504    0.000   0.000   0.000   0.
  2017 352  5 51 58 484 352.244426907       6.09      1.94    -26.28  0.       -1357.785      -1288.541      -3376.941    0.000   0.000   0.000   0.
  2017 352  5 51 59 484 352.244438481       6.64      1.67    -26.28  0.       -1354.538      -1290.727      -3376.376    0.000   0.000   0.000   0.
  2017 352  5 52  0 484 352.244450052       7.16      1.58    -26.20  0.       -1351.290      -1292.911      -3375.808    0.000   0.000   0.000   0.
  2017 352  5 52  1 484 352.244461626       7.71      1.63    -26.03  0.       -1348.041      -1295.095      -3375.238    0.000   0.000   0.000   0.
  2017 352  5 52  2 484 352.244473200       8.26      1.68    -25.95  0.       -1344.791      -1297.278      -3374.665    0.000   0.000   0.000   0.
  2017 352  5 52  3 484 352.244484774       8.76      1.82    -25.82  0.       -1341.540      -1299.460      -3374.089    0.000   0.000   0.000   0.
  2017 352  5 52  4 484 352.244496348       9.24      1.92    -25.69  0.       -1338.288      -1301.641      -3373.511    0.000   0.000   0.000   0.
  2017 352  5 52  5 484 352.244507922       9.71      2.04    -25.60  0.       -1335.035      -1303.821      -3372.931    0.000   0.000   0.000   0.
  2017 352  5 52  6 484 352.244519497      10.20      2.20    -25.51  0.       -1331.781      -1306.000      -3372.348    0.000   0.000   0.000   0.
  2017 352  5 52  7 484 352.244531071      10.67      2.36    -25.34  0.       -1328.526      -1308.179      -3371.762    0.000   0.000   0.000   0.
  2017 352  5 52  8 484 352.244542645      11.13      2.52    -25.16  0.       -1325.270      -1310.356      -3371.174    0.000   0.000   0.000   0.
  2017 352  5 52  9 484 352.244554219      11.59      2.67    -24.98  0.       -1322.013      -1312.532      -3370.584    0.000   0.000   0.000   0.
  2017 352  5 52 10 484 352.244565793      12.04      2.87    -24.81  0.       -1318.755      -1314.707      -3369.991    0.000   0.000   0.000   0.
  2017 352  5 52 11 484 352.244577367      12.50      3.05    -24.66  0.       -1315.496      -1316.881      -3369.395    0.000   0.000   0.000   0.
  2017 352  5 52 12 484 352.244588941      12.93      3.25    -24.59  0.       -1312.236      -1319.055      -3368.797    0.000   0.000   0.000   0.
  2017 352  5 52 13 484 352.244600515      13.36      3.44    -24.44  0.       -1308.975      -1321.227      -3368.196    0.000   0.000   0.000   0.
  2017 352  5 52 14 484 352.244612089      13.76      3.64    -24.21  0.       -1305.713      -1323.398      -3367.593    0.000   0.000   0.000   0.
  2017 352  5 52 15 484 352.244623663      14.17      3.86    -24.05  0.       -1302.450      -1325.568      -3366.987    0.000   0.000   0.000   0.
  2017 352  5 52 16 484 352.244635237      14.61      4.09    -23.79  0.       -1299.186      -1327.738      -3366.379    0.000   0.000   0.000   0.
  2017 352  5 52 17 484 352.244646811      15.02      4.31    -23.57  0.       -1295.921      -1329.906      -3365.768    0.000   0.000   0.000   0.
  2017 352  5 52 18 484 352.244658385      15.42      4.55    -23.41  0.       -1292.655      -1332.073      -3365.155    0.000   0.000   0.000   0.
  2017 352  5 52 19 484 352.244669960      15.84      4.76    -23.20  0.       -1289.388      -1334.240      -3364.539    0.000   0.000   0.000   0.
  2017 352  5 52 20 484 352.244681534      16.27      5.01    -23.00  0.       -1286.121      -1336.405      -3363.921    0.000   0.000   0.000   0.
  2017 352  5 52 21 484 352.244693108      16.68      5.24    -22.79  0.       -1282.852      -1338.569      -3363.300    0.000   0.000   0.000   0.
  2017 352  5 52 22 484 352.244704682      17.06      5.46    -22.59  0.       -1279.582      -1340.733      -3362.677    0.000   0.000   0.000   0.
  2017 352  5 52 23 484 352.244716256      17.47      5.74    -22.39  0.       -1276.311      -1342.895      -3362.051    0.000   0.000   0.000   0.
  2017 352  5 52 24 484 352.244727830      17.84      5.98    -22.15  0.       -1273.040      -1345.056      -3361.422    0.000   0.000   0.000   0.
  2017 352  5 52 25 484 352.244739404      18.20      6.23    -21.97  0.       -1269.767      -1347.216      -3360.791    0.000   0.000   0.000   0.
  2017 352  5 52 26 484 352.244750978      18.58      6.51    -21.73  0.       -1266.493      -1349.376      -3360.158    0.000   0.000   0.000   0.
  2017 352  5 52 27 484 352.244762552      18.95      6.81    -21.49  0.       -1263.219      -1351.534      -3359.521    0.000   0.000   0.000   0.
  2017 352  5 52 28 484 352.244774126      19.31      7.08    -21.29  0.       -1259.943      -1353.691      -3358.883    0.000   0.000   0.000   0.
  2017 352  5 52 29 484 352.244785700      19.68      7.36    -21.04  0.       -1256.667      -1355.848      -3358.241    0.000   0.000   0.000   0.
  2017 352  5 52 30 484 352.244797272      20.04      7.66    -20.80  0.       -1253.389      -1358.003      -3357.598    0.000   0.000   0.000   0.
  2017 352  5 52 31 484 352.244808845      20.39      7.96    -20.61  0.       -1250.111      -1360.157      -3356.951    0.000   0.000   0.000   0.
  2017 352  5 52 32 484 352.244820420      20.74      8.26    -20.37  0.       -1246.832      -1362.310      -3356.303    0.000   0.000   0.000   0.
  2017 352  5 52 33 484 352.244831994      21.07      8.55    -20.19  0.       -1243.551      -1364.462      -3355.651    0.000   0.000   0.000   0.
  2017 352  5 52 34 484 352.244843568      21.39      8.86    -19.92  0.       -1240.270      -1366.613      -3354.997    0.000   0.000   0.000   0.
  2017 352  5 52 35 484 352.244855142      21.73      9.17    -19.70  0.       -1236.988      -1368.763      -3354.341    0.000   0.000   0.000   0.
  2017 352  5 52 36 484 352.244866716      22.04      9.48    -19.48  0.       -1233.705      -1370.912      -3353.682    0.000   0.000   0.000   0.
  2017 352  5 52 37 484 352.244878290      22.36      9.80    -19.28  0.       -1230.421      -1373.061      -3353.020    0.000   0.000   0.000   0.
  2017 352  5 52 38 484 352.244889864      22.68     10.15    -19.04  0.       -1227.136      -1375.207      -3352.356    0.000   0.000   0.000   0.
  2017 352  5 52 39 484 352.244901438      22.98     10.49    -18.78  0.       -1223.850      -1377.353      -3351.689    0.000   0.000   0.000   0.
  2017 352  5 52 40 484 352.244913012      23.31     10.83    -18.54  0.       -1220.563      -1379.498      -3351.020    0.000   0.000   0.000   0.
  2017 352  5 52 41 484 352.244924586      23.61     11.18    -18.28  0.       -1217.275      -1381.642      -3350.348    0.000   0.000   0.000   0.
  2017 352  5 52 42 484 352.244936160      23.89     11.56    -18.04  0.       -1213.987      -1383.785      -3349.673    0.000   0.000   0.000   0.
  2017 352  5 52 43 484 352.244947734      24.18     11.93    -17.82  0.       -1210.697      -1385.927      -3348.997    0.000   0.000   0.000   0.
  2017 352  5 52 44 484 352.244959308      24.47     12.30    -17.56  0.       -1207.406      -1388.067      -3348.317    0.000   0.000   0.000   0.
  2017 352  5 52 45 484 352.244970883      24.77     12.71    -17.34  0.       -1204.115      -1390.207      -3347.635    0.000   0.000   0.000   0.
  2017 352  5 52 46 484 352.244982457      25.04     13.07    -17.08  0.       -1200.823      -1392.345      -3346.950    0.000   0.000   0.000   0.
  2017 352  5 52 47 484 352.244994031      25.27     13.44    -16.91  0.       -1197.529      -1394.483      -3346.263    0.000   0.000   0.000   0.
  2017 352  5 52 48 484 352.245005605      25.53     13.85    -16.62  0.       -1194.235      -1396.619      -3345.573    0.000   0.000   0.000   0.
  2017 352  5 52 49 484 352.245017179      25.78     14.24    -16.32  0.       -1190.940      -1398.755      -3344.881    0.000   0.000   0.000   0.
  2017 352  5 52 50 484 352.245028753      26.01     14.63    -16.08  0.       -1187.643      -1400.889      -3344.186    0.000   0.000   0.000   0.
  2017 352  5 52 51 484 352.245040327      26.27     15.04    -15.76  0.       -1184.347      -1403.022      -3343.488    0.000   0.000   0.000   0.
  2017 352  5 52 52 484 352.245051901      26.53     15.46    -15.47  0.       -1181.049      -1405.154      -3342.788    0.000   0.000   0.000   0.
  2017 352  5 52 53 484 352.245063475      26.80     15.89    -15.12  0.       -1177.750      -1407.285      -3342.085    0.000   0.000   0.000   0.
  2017 352  5 52 54 484 352.245075049      27.04     16.32    -14.81  0.       -1174.450      -1409.415      -3341.380    0.000   0.000   0.000   0.
  2017 352  5 52 55 484 352.245086623      27.26     16.77    -14.51  0.       -1171.149      -1411.544      -3340.672    0.000   0.000   0.000   0.
  2017 352  5 52 56 484 352.245098197      27.50     17.20    -14.17  0.       -1167.848      -1413.672      -3339.962    0.000   0.000   0.000   0.
  2017 352  5 52 57 484 352.245109771      27.74     17.65    -13.81  0.       -1164.545      -1415.799      -3339.249    0.000   0.000   0.000   0.
  2017 352  5 52 58 484 352.245121345      27.94     18.08    -13.50  0.       -1161.242      -1417.924      -3338.533    0.000   0.000   0.000   0.
  2017 352  5 52 59 484 352.245132920      28.15     18.55    -13.17  0.       -1157.938      -1420.049      -3337.815    0.000   0.000   0.000   0.
  2017 352  5 53  0 484 352.245144491      28.35     18.97    -12.77  0.       -1154.633      -1422.172      -3337.094    0.000   0.000   0.000   0.
  2017 352  5 53  1 484 352.245156065      28.57     19.45    -12.35  0.       -1151.327      -1424.295      -3336.371    0.000   0.000   0.000   0.
  2017 352  5 53  2 484 352.245167639      28.78     19.92    -11.92  0.       -1148.020      -1426.416      -3335.645    0.000   0.000   0.000   0.
  2017 352  5 53  3 484 352.245179213      28.98     20.42    -11.48  0.       -1144.712      -1428.536      -3334.917    0.000   0.000   0.000   0.
  2017 352  5 53  4 483 352.245190787      29.16     20.91    -11.14  0.       -1141.403      -1430.655      -3334.186    0.000   0.000   0.000   0.
  2017 352  5 53  5 483 352.245202361      29.32     21.38    -10.71  0.       -1138.094      -1432.773      -3333.452    0.000   0.000   0.000   0.
  2017 352  5 53  6 483 352.245213935      29.48     21.87    -10.37  0.       -1134.783      -1434.890      -3332.716    0.000   0.000   0.000   0.
  2017 352  5 53  7 483 352.245225509      29.65     22.38     -9.97  0.       -1131.472      -1437.006      -3331.977    0.000   0.000   0.000   0.
  2017 352  5 53  8 483 352.245237083      29.80     22.92     -9.54  0.       -1128.159      -1439.120      -3331.235    0.000   0.000   0.000   0.
  2017 352  5 53  9 484 352.245248657      29.96     23.44     -9.09  0.       -1124.846      -1441.234      -3330.491    0.000   0.000   0.000   0.
  2017 352  5 53 10 484 352.245260231      30.09     23.97     -8.63  0.       -1121.532      -1443.346      -3329.745    0.000   0.000   0.000   0.
  2017 352  5 53 11 483 352.245271806      30.24     24.54     -8.12  0.       -1118.217      -1445.458      -3328.995    0.000   0.000   0.000   0.
  2017 352  5 53 12 483 352.245283380      30.39     25.09     -7.64  0.       -1114.902      -1447.568      -3328.244    0.000   0.000   0.000   0.
  2017 352  5 53 13 484 352.245294954      30.52     25.68     -7.14  0.       -1111.585      -1449.677      -3327.489    0.000   0.000   0.000   0.
  2017 352  5 53 14 484 352.245306528      30.60     26.24     -6.63  0.       -1108.268      -1451.785      -3326.732    0.000   0.000   0.000   0.
  2017 352  5 53 15 484 352.245318102      30.69     26.83     -6.18  0.       -1104.949      -1453.891      -3325.973    0.000   0.000   0.000   0.
  2017 352  5 53 16 484 352.245329676      30.73     27.46     -5.72  0.       -1101.630      -1455.997      -3325.210    0.000   0.000   0.000   0.
  2017 352  5 53 17 484 352.245341250      30.80     28.09     -5.23  0.       -1098.310      -1458.102      -3324.445    0.000   0.000   0.000   0.
  2017 352  5 53 18 483 352.245352824      30.83     28.76     -4.74  0.       -1094.989      -1460.205      -3323.678    0.000   0.000   0.000   0.
  2017 352  5 53 19 483 352.245364398      30.86     29.43     -4.20  0.       -1091.667      -1462.307      -3322.908    0.000   0.000   0.000   0.
  2017 352  5 53 20 483 352.245375972      30.86     30.10     -3.67  0.       -1088.344      -1464.408      -3322.135    0.000   0.000   0.000   0.
  2017 352  5 53 21 483 352.245387546      30.85     30.80     -3.11  0.       -1085.021      -1466.508      -3321.360    0.000   0.000   0.000   0.
  2017 352  5 53 22 484 352.245399120      30.79     31.50     -2.59  0.       -1081.697      -1468.607      -3320.582    0.000   0.000   0.000   0.
  2017 352  5 53 23 484 352.245410694      30.76     32.27     -2.00  0.       -1078.371      -1470.705      -3319.802    0.000   0.000   0.000   0.
  2017 352  5 53 24 483 352.245422269      30.69     33.02     -1.53  0.       -1075.045      -1472.801      -3319.019    0.000   0.000   0.000   0.
  2017 352  5 53 25 483 352.245433843      30.64     33.84     -1.10  0.       -1071.718      -1474.897      -3318.233    0.000   0.000   0.000   0.
  2017 352  5 53 26 484 352.245445417      30.47     34.68     -0.74  0.       -1068.391      -1476.991      -3317.445    0.000   0.000   0.000   0.
  2017 352  5 53 27 484 352.245456991      30.31     35.49     -0.32  0.       -1065.062      -1479.084      -3316.654    0.000   0.000   0.000   0.
  2017 352  5 53 28 499 352.245468743      30.16     36.30      0.31  0.       -1061.680      -1481.209      -3315.848    0.000   0.000   0.000   0.
  2017 352  5 53 29 515 352.245480498      29.99     37.12      0.92  0.       -1058.298      -1483.332      -3315.039    0.000   0.000   0.000   0.
  2017 352  5 53 30 515 352.245492072      29.79     37.92      1.56  0.       -1054.967      -1485.421      -3314.240    0.000   0.000   0.000   0.
  2017 352  5 53 31 515 352.245503646      29.62     38.77      2.18  0.       -1051.635      -1487.510      -3313.439    0.000   0.000   0.000   0.
  2017 352  5 53 32 515 352.245515220      29.46     39.67      2.78  0.       -1048.302      -1489.597      -3312.635    0.000   0.000   0.000   0.
  2017 352  5 53 33 515 352.245526794      29.25     40.59      3.35  0.       -1044.969      -1491.683      -3311.828    0.000   0.000   0.000   0.
  2017 352  5 53 34 514 352.245538368      28.96     41.50      3.88  0.       -1041.634      -1493.768      -3311.019    0.000   0.000   0.000   0.
  2017 352  5 53 35 514 352.245549942      28.69     42.41      4.47  0.       -1038.299      -1495.852      -3310.207    0.000   0.000   0.000   0.
  2017 352  5 53 36 514 352.245561516      28.38     43.37      5.06  0.       -1034.963      -1497.934      -3309.392    0.000   0.000   0.000   0.
  2017 352  5 53 37 514 352.245573090      28.00     44.32      5.51  0.       -1031.626      -1500.015      -3308.575    0.000   0.000   0.000   0.
  2017 352  5 53 38 514 352.245584664      27.62     45.24      6.03  0.       -1028.288      -1502.096      -3307.755    0.000   0.000   0.000   0.
  2017 352  5 53 39 515 352.245596238      27.23     46.23      6.58  0.       -1024.949      -1504.175      -3306.933    0.000   0.000   0.000   0.
  2017 352  5 53 40 514 352.245607812      26.84     47.19      7.16  0.       -1021.610      -1506.252      -3306.108    0.000   0.000   0.000   0.
  2017 352  5 53 41 514 352.245619387      26.43     48.19      7.71  0.       -1018.270      -1508.329      -3305.280    0.000   0.000   0.000   0.
  2017 352  5 53 42 514 352.245630961      25.98     49.17      8.32  0.       -1014.929      -1510.404      -3304.450    0.000   0.000   0.000   0.
  2017 352  5 53 43 515 352.245642535      25.53     50.19      8.91  0.       -1011.587      -1512.478      -3303.616    0.000   0.000   0.000   0.
  2017 352  5 53 44 515 352.245654109      25.04     51.19      9.41  0.       -1008.244      -1514.551      -3302.781    0.000   0.000   0.000   0.
  2017 352  5 53 45 515 352.245665683      24.49     52.22      9.99  0.       -1004.901      -1516.623      -3301.943    0.000   0.000   0.000   0.
  2017 352  5 53 46 515 352.245677257      23.90     53.22     10.43  0.       -1001.557      -1518.694      -3301.102    0.000   0.000   0.000   0.
  2017 352  5 53 47 514 352.245688831      23.32     54.28     10.91  0.        -998.212      -1520.763      -3300.258    0.000   0.000   0.000   0.
  2017 352  5 53 48 514 352.245700405      22.65     55.31     11.35  0.        -994.866      -1522.831      -3299.412    0.000   0.000   0.000   0.
  2017 352  5 53 49 514 352.245711979      21.97     56.39     11.76  0.        -991.519      -1524.898      -3298.563    0.000   0.000   0.000   0.
  2017 352  5 53 50 514 352.245723553      21.23     57.48     12.10  0.        -988.172      -1526.964      -3297.712    0.000   0.000   0.000   0.
  2017 352  5 53 51 514 352.245735127      20.40     58.58     12.44  0.        -984.823      -1529.028      -3296.858    0.000   0.000   0.000   0.
  2017 352  5 53 52 515 352.245746701      19.55     59.70     12.78  0.        -981.474      -1531.092      -3296.001    0.000   0.000   0.000   0.
  2017 352  5 53 53 515 352.245758275      18.69     60.83     13.13  0.        -978.125      -1533.154      -3295.142    0.000   0.000   0.000   0.
  2017 352  5 53 54 514 352.245769850      17.83     61.97     13.45  0.        -974.774      -1535.215      -3294.280    0.000   0.000   0.000   0.
  2017 352  5 53 55 514 352.245781424      16.94     63.08     13.83  0.        -971.423      -1537.274      -3293.415    0.000   0.000   0.000   0.
  2017 352  5 53 56 515 352.245792998      16.01     64.21     14.14  0.        -968.071      -1539.333      -3292.548    0.000   0.000   0.000   0.
  2017 352  5 53 57 515 352.245804572      15.01     65.40     14.32  0.        -964.718      -1541.390      -3291.678    0.000   0.000   0.000   0.
  2017 352  5 53 58 515 352.245816146      13.96     66.56     14.54  0.        -961.364      -1543.446      -3290.806    0.000   0.000   0.000   0.
  2017 352  5 53 59 515 352.245827720      12.89     67.72     14.72  0.        -958.009      -1545.501      -3289.930    0.000   0.000   0.000   0.
  2017 352  5 54  0 515 352.245839291      11.77     68.87     14.84  0.        -954.654      -1547.554      -3289.053    0.000   0.000   0.000   0.
  2017 352  5 54  1 514 352.245850865      10.64     70.01     14.97  0.        -951.298      -1549.607      -3288.172    0.000   0.000   0.000   0.
  2017 352  5 54  2 514 352.245862439       9.41     71.17     15.03  0.        -947.941      -1551.658      -3287.289    0.000   0.000   0.000   0.
  2017 352  5 54  3 514 352.245874013       8.17     72.32     15.02  0.        -944.584      -1553.707      -3286.403    0.000   0.000   0.000   0.
  2017 352  5 54  4 514 352.245885587       6.89     73.46     15.05  0.        -941.225      -1555.756      -3285.515    0.000   0.000   0.000   0.
  2017 352  5 54  5 514 352.245897161       5.59     74.55     15.05  0.        -937.867      -1557.803      -3284.624    0.000   0.000   0.000   0.
  2017 352  5 54  6 514 352.245908736       4.25     75.67     15.05  0.        -934.507      -1559.849      -3283.730    0.000   0.000   0.000   0.
  2017 352  5 54  7 514 352.245920310       2.86     76.77     14.93  0.        -931.146      -1561.894      -3282.833    0.000   0.000   0.000   0.
  2017 352  5 54  8 514 352.245931884       1.49     77.93     14.76  0.        -927.785      -1563.937      -3281.934    0.000   0.000   0.000   0.
  2017 352  5 54  9 514 352.245943458       0.02     79.01     14.55  0.        -924.423      -1565.980      -3281.033    0.000   0.000   0.000   0.
  2017 352  5 54 10 514 352.245955032      -1.45     80.11     14.27  0.        -921.060      -1568.021      -3280.128    0.000   0.000   0.000   0.
  2017 352  5 54 11 514 352.245966606      -3.00     81.27     13.98  0.        -917.696      -1570.060      -3279.221    0.000   0.000   0.000   0.
  2017 352  5 54 12 514 352.245978180      -4.53     82.33     13.71  0.        -914.332      -1572.099      -3278.312    0.000   0.000   0.000   0.
  2017 352  5 54 13 514 352.245989754      -6.11     83.36     13.36  0.        -910.967      -1574.136      -3277.399    0.000   0.000   0.000   0.
  2017 352  5 54 14 514 352.246001328      -7.73     84.39     12.95  0.        -907.601      -1576.172      -3276.484    0.000   0.000   0.000   0.
  2017 352  5 54 15 514 352.246012902      -9.41     85.40     12.54  0.        -904.234      -1578.207      -3275.566    0.000   0.000   0.000   0.
  2017 352  5 54 16 514 352.246024476     -11.06     86.36     12.04  0.        -900.867      -1580.240      -3274.646    0.000   0.000   0.000   0.
  2017 352  5 54 17 514 352.246036050     -12.80     87.33     11.53  0.        -897.499      -1582.272      -3273.723    0.000   0.000   0.000   0.
  2017 352  5 54 18 514 352.246047624     -14.54     88.28     10.94  0.        -894.130      -1584.303      -3272.797    0.000   0.000   0.000   0.
  2017 352  5 54 19 514 352.246059198     -16.28     89.19     10.33  0.        -890.761      -1586.332      -3271.869    0.000   0.000   0.000   0.
  2017 352  5 54 20 514 352.246070773     -18.09     90.13      9.59  0.        -887.391      -1588.361      -3270.938    0.000   0.000   0.000   0.
  2017 352  5 54 21 514 352.246082347     -19.89     91.03      8.86  0.        -884.020      -1590.388      -3270.005    0.000   0.000   0.000   0.
  2017 352  5 54 22 514 352.246093921     -21.71     91.87      8.06  0.        -880.648      -1592.413      -3269.068    0.000   0.000   0.000   0.
  2017 352  5 54 23 514 352.246105495     -23.65     92.71      7.13  0.        -877.275      -1594.438      -3268.129    0.000   0.000   0.000   0.
  2017 352  5 54 24 514 352.246117069     -25.56     93.53      6.18  0.        -873.902      -1596.461      -3267.188    0.000   0.000   0.000   0.
  2017 352  5 54 25 514 352.246128643     -27.48     94.34      5.16  0.        -870.529      -1598.483      -3266.243    0.000   0.000   0.000   0.
  2017 352  5 54 26 514 352.246140217     -29.45     95.01      4.16  0.        -867.154      -1600.503      -3265.296    0.000   0.000   0.000   0.
  2017 352  5 54 27 514 352.246151791     -31.37     95.69      3.10  0.        -863.779      -1602.522      -3264.347    0.000   0.000   0.000   0.
  2017 352  5 54 28 514 352.246163365     -33.38     96.33      1.93  0.        -860.403      -1604.540      -3263.394    0.000   0.000   0.000   0.
  2017 352  5 54 29 514 352.246174939     -35.39     96.96      0.68  0.        -857.026      -1606.557      -3262.439    0.000   0.000   0.000   0.
  2017 352  5 54 30 514 352.246186511     -37.40     97.53     -0.49  0.        -853.649      -1608.572      -3261.482    0.000   0.000   0.000   0.
  2017 352  5 54 31 514 352.246198085     -39.38     98.02     -1.79  0.        -850.271      -1610.586      -3260.521    0.000   0.000   0.000   0.
  2017 352  5 54 32 514 352.246209659     -41.37     98.50     -3.08  0.        -846.892      -1612.599      -3259.558    0.000   0.000   0.000   0.
  2017 352  5 54 33 514 352.246221233     -43.41     98.95     -4.52  0.        -843.513      -1614.610      -3258.592    0.000   0.000   0.000   0.
  2017 352  5 54 34 514 352.246232807     -45.48     99.34     -5.99  0.        -840.133      -1616.620      -3257.624    0.000   0.000   0.000   0.
  2017 352  5 54 35 514 352.246244381     -47.54     99.70     -7.50  0.        -836.751      -1618.629      -3256.653    0.000   0.000   0.000   0.
  2017 352  5 54 36 514 352.246255955     -49.55    100.04     -9.06  0.        -833.370      -1620.636      -3255.679    0.000   0.000   0.000   0.
  2017 352  5 54 37 514 352.246267529     -51.60    100.28    -10.67  0.        -829.988      -1622.642      -3254.703    0.000   0.000   0.000   0.
  2017 352  5 54 38 514 352.246279103     -53.70    100.46    -12.38  0.        -826.605      -1624.647      -3253.724    0.000   0.000   0.000   0.
  2017 352  5 54 39 514 352.246290677     -55.83    100.69    -14.16  0.        -823.221      -1626.650      -3252.742    0.000   0.000   0.000   0.
  2017 352  5 54 40 514 352.246302251     -57.84    100.82    -15.93  0.        -819.837      -1628.652      -3251.757    0.000   0.000   0.000   0.
  2017 352  5 54 41 514 352.246313825     -59.89    100.82    -17.71  0.        -816.452      -1630.653      -3250.770    0.000   0.000   0.000   0.
  2017 352  5 54 42 514 352.246325399     -61.94    100.89    -19.64  0.        -813.067      -1632.652      -3249.780    0.000   0.000   0.000   0.
  2017 352  5 54 43 514 352.246336973     -63.98    100.77    -21.53  0.        -809.680      -1634.650      -3248.788    0.000   0.000   0.000   0.
  2017 352  5 54 44 514 352.246348547     -65.98    100.62    -23.54  0.        -806.293      -1636.647      -3247.793    0.000   0.000   0.000   0.
  2017 352  5 54 45 514 352.246360122     -67.94    100.43    -25.54  0.        -802.906      -1638.642      -3246.795    0.000   0.000   0.000   0.
  2017 352  5 54 46 514 352.246371696     -69.89    100.17    -27.60  0.        -799.517      -1640.636      -3245.794    0.000   0.000   0.000   0.
  2017 352  5 54 47 514 352.246383270     -71.93     99.84    -29.81  0.        -796.128      -1642.629      -3244.791    0.000   0.000   0.000   0.
  2017 352  5 54 48 514 352.246394844     -73.91     99.53    -32.02  0.        -792.739      -1644.620      -3243.785    0.000   0.000   0.000   0.
  2017 352  5 54 49 514 352.246406418     -75.85     99.08    -34.26  0.        -789.349      -1646.610      -3242.776    0.000   0.000   0.000   0.
  2017 352  5 54 50 514 352.246417992     -77.76     98.52    -36.54  0.        -785.958      -1648.599      -3241.765    0.000   0.000   0.000   0.
  2017 352  5 54 51 514 352.246429566     -79.63     97.92    -38.82  0.        -782.566      -1650.586      -3240.751    0.000   0.000   0.000   0.
  2017 352  5 54 52 514 352.246441140     -81.51     97.27    -41.15  0.        -779.174      -1652.572      -3239.734    0.000   0.000   0.000   0.
  2017 352  5 54 53 514 352.246452714     -83.36     96.57    -43.60  0.        -775.781      -1654.556      -3238.715    0.000   0.000   0.000   0.
  2017 352  5 54 54 514 352.246464288     -85.18     95.76    -46.04  0.        -772.387      -1656.539      -3237.693    0.000   0.000   0.000   0.
  2017 352  5 54 55 514 352.246475862     -86.92     94.85    -48.56  0.        -768.993      -1658.521      -3236.668    0.000   0.000   0.000   0.
  2017 352  5 54 56 514 352.246487436     -88.66     93.89    -51.10  0.        -765.598      -1660.501      -3235.640    0.000   0.000   0.000   0.
  2017 352  5 54 57 514 352.246499010     -90.32     92.91    -53.73  0.        -762.203      -1662.480      -3234.610    0.000   0.000   0.000   0.
  2017 352  5 54 58 514 352.246510585     -92.02     91.78    -56.27  0.        -758.807      -1664.458      -3233.577    0.000   0.000   0.000   0.
  2017 352  5 54 59 514 352.246522159     -93.61     90.58    -58.87  0.        -755.410      -1666.434      -3232.542    0.000   0.000   0.000   0.
  2017 352  5 55  0 514 352.246533730     -95.16     89.34    -61.48  0.        -752.013      -1668.409      -3231.503    0.000   0.000   0.000   0.
  2017 352  5 55  1 514 352.246545304     -96.69     87.93    -64.17  0.        -748.615      -1670.382      -3230.462    0.000   0.000   0.000   0.
  2017 352  5 55  2 514 352.246556878     -98.15     86.51    -66.86  0.        -745.216      -1672.355      -3229.419    0.000   0.000   0.000   0.
  2017 352  5 55  3 514 352.246568452     -99.56     85.03    -69.61  0.        -741.817      -1674.325      -3228.372    0.000   0.000   0.000   0.
  2017 352  5 55  4 514 352.246580026    -100.94     83.45    -72.34  0.        -738.417      -1676.294      -3227.323    0.000   0.000   0.000   0.
  2017 352  5 55  5 514 352.246591600    -102.25     81.79    -75.11  0.        -735.016      -1678.262      -3226.272    0.000   0.000   0.000   0.
  2017 352  5 55  6 514 352.246603174    -103.52     80.07    -77.90  0.        -731.615      -1680.229      -3225.217    0.000   0.000   0.000   0.
  2017 352  5 55  7 514 352.246614748    -104.73     78.26    -80.70  0.        -728.214      -1682.194      -3224.160    0.000   0.000   0.000   0.
  2017 352  5 55  8 514 352.246626322    -105.88     76.42    -83.51  0.        -724.811      -1684.158      -3223.100    0.000   0.000   0.000   0.
  2017 352  5 55  9 514 352.246637896    -106.98     74.42    -86.37  0.        -721.408      -1686.120      -3222.037    0.000   0.000   0.000   0.
  2017 352  5 55 10 514 352.246649470    -108.00     72.42    -89.23  0.        -718.005      -1688.081      -3220.972    0.000   0.000   0.000   0.
  2017 352  5 55 11 514 352.246661045    -108.99     70.32    -92.13  0.        -714.601      -1690.040      -3219.904    0.000   0.000   0.000   0.
  2017 352  5 55 12 514 352.246672619    -109.90     68.18    -94.98  0.        -711.196      -1691.998      -3218.833    0.000   0.000   0.000   0.
  2017 352  5 55 13 514 352.246684193    -110.75     65.92    -97.83  0.        -707.790      -1693.955      -3217.760    0.000   0.000   0.000   0.
  2017 352  5 55 14 514 352.246695767    -111.49     63.57   -100.63  0.        -704.385      -1695.910      -3216.684    0.000   0.000   0.000   0.
  2017 352  5 55 15 514 352.246707341    -112.14     61.12   -103.49  0.        -700.978      -1697.864      -3215.605    0.000   0.000   0.000   0.
  2017 352  5 55 16 514 352.246718915    -112.72     58.62   -106.27  0.        -697.571      -1699.817      -3214.524    0.000   0.000   0.000   0.
  2017 352  5 55 17 514 352.246730489    -113.21     56.03   -109.06  0.        -694.163      -1701.768      -3213.439    0.000   0.000   0.000   0.
  2017 352  5 55 18 514 352.246742063    -113.65     53.37   -111.76  0.        -690.755      -1703.717      -3212.352    0.000   0.000   0.000   0.
  2017 352  5 55 19 514 352.246753637    -113.95     50.60   -114.51  0.        -687.346      -1705.665      -3211.263    0.000   0.000   0.000   0.
  2017 352  5 55 20 514 352.246765211    -114.20     47.74   -117.19  0.        -683.936      -1707.612      -3210.170    0.000   0.000   0.000   0.
  2017 352  5 55 21 514 352.246776785    -114.32     44.84   -119.80  0.        -680.526      -1709.557      -3209.075    0.000   0.000   0.000   0.
  2017 352  5 55 22 514 352.246788359    -114.35     41.84   -122.40  0.        -677.116      -1711.501      -3207.978    0.000   0.000   0.000   0.
  2017 352  5 55 23 514 352.246799933    -114.29     38.73   -124.98  0.        -673.704      -1713.443      -3206.877    0.000   0.000   0.000   0.
  2017 352  5 55 24 514 352.246811508    -114.11     35.59   -127.57  0.        -670.293      -1715.384      -3205.774    0.000   0.000   0.000   0.
  2017 352  5 55 25 514 352.246823082    -113.86     32.41   -130.04  0.        -666.880      -1717.324      -3204.668    0.000   0.000   0.000   0.
  2017 352  5 55 26 514 352.246834656    -113.58     29.17   -132.47  0.        -663.467      -1719.262      -3203.559    0.000   0.000   0.000   0.
  2017 352  5 55 27 514 352.246846230    -113.17     25.88   -134.91  0.        -660.054      -1721.198      -3202.448    0.000   0.000   0.000   0.
  2017 352  5 55 28 514 352.246857801    -112.63     22.53   -137.33  0.        -656.640      -1723.133      -3201.334    0.000   0.000   0.000   0.
  2017 352  5 55 29 513 352.246869375    -111.96     19.03   -139.52  0.        -653.225      -1725.067      -3200.217    0.000   0.000   0.000   0.
  2017 352  5 55 30 513 352.246880949    -111.17     15.48   -141.69  0.        -649.810      -1726.999      -3199.097    0.000   0.000   0.000   0.
  2017 352  5 55 31 513 352.246892523    -110.25     11.95   -143.81  0.        -646.395      -1728.930      -3197.975    0.000   0.000   0.000   0.
  2017 352  5 55 32 513 352.246904097    -109.37      8.33   -145.85  0.        -642.978      -1730.860      -3196.850    0.000   0.000   0.000   0.
  2017 352  5 55 33 513 352.246915671    -108.27      4.65   -147.72  0.        -639.561      -1732.787      -3195.723    0.000   0.000   0.000   0.
  2017 352  5 55 34 514 352.246927245    -107.05      0.92   -149.53  0.        -636.144      -1734.714      -3194.592    0.000   0.000   0.000   0.
  2017 352  5 55 35 514 352.246938819    -105.82     -2.84   -151.28  0.        -632.726      -1736.639      -3193.459    0.000   0.000   0.000   0.
  2017 352  5 55 36 513 352.246950394    -104.47     -6.61   -152.91  0.        -629.308      -1738.562      -3192.324    0.000   0.000   0.000   0.
  2017 352  5 55 37 513 352.246961968    -102.96    -10.46   -154.42  0.        -625.889      -1740.484      -3191.185    0.000   0.000   0.000   0.
  2017 352  5 55 38 514 352.246973542    -101.37    -14.36   -155.85  0.        -622.469      -1742.405      -3190.044    0.000   0.000   0.000   0.
  2017 352  5 55 39 514 352.246985116     -99.67    -18.26   -157.13  0.        -619.049      -1744.324      -3188.900    0.000   0.000   0.000   0.
  2017 352  5 55 40 514 352.246996690     -97.84    -22.16   -158.31  0.        -615.629      -1746.241      -3187.753    0.000   0.000   0.000   0.
  2017 352  5 55 41 514 352.247008264     -95.93    -26.09   -159.37  0.        -612.207      -1748.157      -3186.604    0.000   0.000   0.000   0.
  2017 352  5 55 42 514 352.247019838     -93.97    -30.06   -160.33  0.        -608.786      -1750.072      -3185.452    0.000   0.000   0.000   0.
  2017 352  5 55 43 513 352.247031412     -91.84    -33.98   -161.14  0.        -605.364      -1751.985      -3184.297    0.000   0.000   0.000   0.
  2017 352  5 55 44 513 352.247042986     -89.64    -37.94   -161.82  0.        -601.941      -1753.896      -3183.139    0.000   0.000   0.000   0.
  2017 352  5 55 45 513 352.247054560     -87.37    -41.90   -162.36  0.        -598.518      -1755.807      -3181.979    0.000   0.000   0.000   0.
  2017 352  5 55 46 513 352.247066134     -84.96    -45.92   -162.73  0.        -595.094      -1757.715      -3180.816    0.000   0.000   0.000   0.
  2017 352  5 55 47 513 352.247077708     -82.47    -49.88   -162.92  0.        -591.670      -1759.622      -3179.650    0.000   0.000   0.000   0.
  2017 352  5 55 48 514 352.247089282     -79.91    -53.81   -162.97  0.        -588.245      -1761.528      -3178.482    0.000   0.000   0.000   0.
  2017 352  5 55 49 514 352.247100856     -77.26    -57.73   -162.92  0.        -584.820      -1763.432      -3177.311    0.000   0.000   0.000   0.
  2017 352  5 55 50 513 352.247112431     -74.55    -61.67   -162.65  0.        -581.394      -1765.335      -3176.137    0.000   0.000   0.000   0.
  2017 352  5 55 51 513 352.247124005     -71.77    -65.52   -162.20  0.        -577.968      -1767.236      -3174.960    0.000   0.000   0.000   0.
  2017 352  5 55 52 514 352.247135579     -68.95    -69.34   -161.66  0.        -574.541      -1769.135      -3173.781    0.000   0.000   0.000   0.
  2017 352  5 55 53 514 352.247147153     -66.05    -73.12   -160.87  0.        -571.114      -1771.033      -3172.599    0.000   0.000   0.000   0.
  2017 352  5 55 54 514 352.247158727     -63.11    -76.85   -159.81  0.        -567.686      -1772.930      -3171.414    0.000   0.000   0.000   0.
  2017 352  5 55 55 514 352.247170301     -60.34    -80.62   -158.51  0.        -564.258      -1774.825      -3170.226    0.000   0.000   0.000   0.
  2017 352  5 55 56 514 352.247181875     -57.67    -84.45   -156.95  0.        -560.829      -1776.718      -3169.036    0.000   0.000   0.000   0.
  2017 352  5 55 57 513 352.247193449     -54.62    -87.99   -155.46  0.        -557.400      -1778.610      -3167.843    0.000   0.000   0.000   0.
  2017 352  5 55 58 513 352.247205021     -51.00    -91.26   -154.03  0.        -553.970      -1780.501      -3166.647    0.000   0.000   0.000   0.
  2017 352  5 55 59 513 352.247216594     -47.49    -94.63   -152.37  0.        -550.540      -1782.390      -3165.449    0.000   0.000   0.000   0.
  2017 352  5 56  0 513 352.247228168     -44.63    -98.01   -150.17  0.        -547.110      -1784.277      -3164.248    0.000   0.000   0.000   0.
  2017 352  5 56  1 513 352.247239742     -41.25   -101.28   -147.91  0.        -543.679      -1786.163      -3163.044    0.000   0.000   0.000   0.
  2017 352  5 56  2 513 352.247251317     -37.57   -104.25   -145.85  0.        -540.247      -1788.048      -3161.837    0.000   0.000   0.000   0.
  2017 352  5 56  3 513 352.247262891     -34.04   -106.89   -143.69  0.        -536.815      -1789.930      -3160.628    0.000   0.000   0.000   0.
  2017 352  5 56  4 513 352.247274465     -30.50   -109.45   -141.28  0.        -533.383      -1791.812      -3159.415    0.000   0.000   0.000   0.
  2017 352  5 56  5 513 352.247286039     -26.72   -111.82   -138.83  0.        -529.949      -1793.691      -3158.201    0.000   0.000   0.000   0.
  2017 352  5 56  6 513 352.247297613     -22.69   -114.07   -136.24  0.        -526.516      -1795.570      -3156.983    0.000   0.000   0.000   0.
  2017 352  5 56  7 513 352.247309187     -18.96   -116.11   -133.52  0.        -523.082      -1797.446      -3155.763    0.000   0.000   0.000   0.
  2017 352  5 56  8 513 352.247320761     -15.41   -118.14   -130.43  0.        -519.648      -1799.321      -3154.540    0.000   0.000   0.000   0.
  2017 352  5 56  9 513 352.247332335     -11.87   -120.06   -127.19  0.        -516.213      -1801.195      -3153.314    0.000   0.000   0.000   0.
  2017 352  5 56 10 513 352.247343909      -8.36   -121.85   -123.80  0.        -512.778      -1803.067      -3152.085    0.000   0.000   0.000   0.
  2017 352  5 56 11 513 352.247355483      -4.99   -123.49   -120.16  0.        -509.342      -1804.937      -3150.854    0.000   0.000   0.000   0.
  2017 352  5 56 12 513 352.247367057      -1.72   -124.96   -116.56  0.        -505.906      -1806.806      -3149.620    0.000   0.000   0.000   0.
  2017 352  5 56 13 513 352.247378631       1.81   -126.25   -112.90  0.        -502.469      -1808.673      -3148.383    0.000   0.000   0.000   0.
  2017 352  5 56 14 513 352.247390205       4.79   -127.63   -108.98  0.        -499.032      -1810.539      -3147.144    0.000   0.000   0.000   0.
  2017 352  5 56 15 513 352.247401779       7.42   -128.97   -104.78  0.        -495.595      -1812.403      -3145.902    0.000   0.000   0.000   0.
  2017 352  5 56 16 513 352.247413354       9.84   -130.11   -100.52  0.        -492.157      -1814.266      -3144.657    0.000   0.000   0.000   0.
  2017 352  5 56 17 513 352.247424928      12.22   -131.07    -96.20  0.        -488.719      -1816.127      -3143.409    0.000   0.000   0.000   0.
  2017 352  5 56 18 513 352.247436502      14.52   -131.80    -91.79  0.        -485.280      -1817.987      -3142.159    0.000   0.000   0.000   0.
  2017 352  5 56 19 513 352.247448076      16.78   -132.35    -87.41  0.        -481.841      -1819.845      -3140.906    0.000   0.000   0.000   0.
  2017 352  5 56 20 513 352.247459650      18.82   -132.75    -82.98  0.        -478.401      -1821.701      -3139.650    0.000   0.000   0.000   0.
  2017 352  5 56 21 513 352.247471224      20.69   -132.94    -78.47  0.        -474.961      -1823.556      -3138.391    0.000   0.000   0.000   0.
  2017 352  5 56 22 513 352.247482798      22.49   -132.98    -73.87  0.        -471.521      -1825.409      -3137.130    0.000   0.000   0.000   0.
  2017 352  5 56 23 513 352.247494372      24.17   -132.89    -69.35  0.        -468.080      -1827.260      -3135.866    0.000   0.000   0.000   0.
  2017 352  5 56 24 513 352.247505946      25.76   -132.63    -64.79  0.        -464.639      -1829.110      -3134.599    0.000   0.000   0.000   0.
  2017 352  5 56 25 513 352.247517520      27.16   -132.24    -60.17  0.        -461.197      -1830.959      -3133.329    0.000   0.000   0.000   0.
  2017 352  5 56 26 513 352.247529094      28.36   -131.70    -55.57  0.        -457.755      -1832.806      -3132.057    0.000   0.000   0.000   0.
  2017 352  5 56 27 513 352.247540668      29.44   -130.98    -51.03  0.        -454.312      -1834.651      -3130.782    0.000   0.000   0.000   0.
  2017 352  5 56 28 513 352.247552240      30.32   -130.16    -46.54  0.        -450.870      -1836.494      -3129.505    0.000   0.000   0.000   0.
  2017 352  5 56 29 513 352.247563814      31.05   -129.24    -42.10  0.        -447.426      -1838.336      -3128.224    0.000   0.000   0.000   0.
  2017 352  5 56 30 513 352.247575388      31.63   -128.17    -37.68  0.        -443.983      -1840.177      -3126.941    0.000   0.000   0.000   0.
  2017 352  5 56 31 513 352.247586962      32.02   -127.04    -33.36  0.        -440.538      -1842.016      -3125.655    0.000   0.000   0.000   0.
  2017 352  5 56 32 513 352.247598536      32.26   -125.83    -29.12  0.        -437.094      -1843.853      -3124.366    0.000   0.000   0.000   0.
  2017 352  5 56 33 513 352.247610110      32.30   -124.56    -24.95  0.        -433.649      -1845.689      -3123.075    0.000   0.000   0.000   0.
  2017 352  5 56 34 513 352.247621684      32.21   -123.20    -20.83  0.        -430.204      -1847.522      -3121.780    0.000   0.000   0.000   0.
  2017 352  5 56 35 513 352.247633258      31.87   -121.79    -16.87  0.        -426.758      -1849.355      -3120.483    0.000   0.000   0.000   0.
  2017 352  5 56 36 513 352.247644832      31.39   -120.31    -13.01  0.        -423.312      -1851.186      -3119.184    0.000   0.000   0.000   0.
  2017 352  5 56 37 513 352.247656406      30.73   -118.83     -9.19  0.        -419.866      -1853.015      -3117.881    0.000   0.000   0.000   0.
  2017 352  5 56 38 513 352.247667980      29.97   -117.28     -5.50  0.        -416.419      -1854.842      -3116.576    0.000   0.000   0.000   0.
  2017 352  5 56 39 513 352.247679554      29.07   -115.73     -1.97  0.        -412.972      -1856.668      -3115.268    0.000   0.000   0.000   0.
  2017 352  5 56 40 513 352.247691129      28.02   -114.22      1.45  0.        -409.525      -1858.493      -3113.957    0.000   0.000   0.000   0.
  2017 352  5 56 41 513 352.247702703      26.80   -112.67      4.73  0.        -406.077      -1860.315      -3112.644    0.000   0.000   0.000   0.
  2017 352  5 56 42 513 352.247714277      25.49   -111.17      7.86  0.        -402.629      -1862.136      -3111.328    0.000   0.000   0.000   0.
  2017 352  5 56 43 513 352.247725851      24.04   -109.64     10.90  0.        -399.180      -1863.956      -3110.009    0.000   0.000   0.000   0.
  2017 352  5 56 44 513 352.247737425      22.47   -108.19     13.88  0.        -395.731      -1865.773      -3108.688    0.000   0.000   0.000   0.
  2017 352  5 56 45 513 352.247748999      20.78   -106.80     16.68  0.        -392.282      -1867.590      -3107.363    0.000   0.000   0.000   0.
  2017 352  5 56 46 513 352.247760573      19.00   -105.42     19.42  0.        -388.833      -1869.404      -3106.036    0.000   0.000   0.000   0.
  2017 352  5 56 47 513 352.247772147      17.13   -104.15     22.04  0.        -385.383      -1871.217      -3104.706    0.000   0.000   0.000   0.
  2017 352  5 56 48 513 352.247783721      15.19   -102.94     24.59  0.        -381.932      -1873.028      -3103.374    0.000   0.000   0.000   0.
  2017 352  5 56 49 513 352.247795295      13.20   -101.79     26.95  0.        -378.482      -1874.838      -3102.038    0.000   0.000   0.000   0.
  2017 352  5 56 50 513 352.247806869      11.12   -100.74     29.13  0.        -375.031      -1876.645      -3100.700    0.000   0.000   0.000   0.
  2017 352  5 56 51 513 352.247818443       8.90    -99.78     31.20  0.        -371.579      -1878.452      -3099.359    0.000   0.000   0.000   0.
  2017 352  5 56 52 513 352.247830017       6.53    -99.00     33.06  0.        -368.128      -1880.256      -3098.016    0.000   0.000   0.000   0.
  2017 352  5 56 53 513 352.247841591       4.16    -98.29     34.86  0.        -364.676      -1882.059      -3096.670    0.000   0.000   0.000   0.
  2017 352  5 56 54 513 352.247853166       1.75    -97.73     36.46  0.        -361.224      -1883.860      -3095.320    0.000   0.000   0.000   0.
  2017 352  5 56 55 513 352.247864740      -0.65    -97.20     37.98  0.        -357.771      -1885.660      -3093.969    0.000   0.000   0.000   0.
  2017 352  5 56 56 513 352.247876314      -3.10    -96.79     39.43  0.        -354.318      -1887.458      -3092.614    0.000   0.000   0.000   0.
  2017 352  5 56 57 513 352.247887888      -5.63    -96.59     40.62  0.        -350.865      -1889.254      -3091.257    0.000   0.000   0.000   0.
  2017 352  5 56 58 513 352.247899459      -8.26    -96.47     41.48  0.        -347.411      -1891.049      -3089.897    0.000   0.000   0.000   0.
  2017 352  5 56 59 513 352.247911033     -10.72    -96.59     42.28  0.        -343.958      -1892.842      -3088.534    0.000   0.000   0.000   0.
  2017 352  5 57  0 513 352.247922607     -13.31    -97.01     42.90  0.        -340.503      -1894.633      -3087.169    0.000   0.000   0.000   0.
  2017 352  5 57  1 513 352.247934181     -15.89    -97.46     43.53  0.        -337.049      -1896.423      -3085.800    0.000   0.000   0.000   0.
  2017 352  5 57  2 513 352.247945755     -18.37    -97.99     44.13  0.        -333.594      -1898.211      -3084.429    0.000   0.000   0.000   0.
  2017 352  5 57  3 513 352.247957329     -20.80    -98.64     44.65  0.        -330.139      -1899.997      -3083.055    0.000   0.000   0.000   0.
  2017 352  5 57  4 513 352.247968903     -23.17    -99.44     45.14  0.        -326.684      -1901.781      -3081.679    0.000   0.000   0.000   0.
  2017 352  5 57  5 513 352.247980477     -25.46   -100.41     45.64  0.        -323.228      -1903.564      -3080.300    0.000   0.000   0.000   0.
  2017 352  5 57  6 513 352.247992052     -27.69   -101.57     46.06  0.        -319.772      -1905.346      -3078.918    0.000   0.000   0.000   0.
  2017 352  5 57  7 513 352.248003626     -29.86   -102.79     46.44  0.        -316.316      -1907.125      -3077.533    0.000   0.000   0.000   0.
  2017 352  5 57  8 513 352.248015200     -31.99   -104.12     46.77  0.        -312.859      -1908.903      -3076.146    0.000   0.000   0.000   0.
  2017 352  5 57  9 513 352.248026774     -34.07   -105.59     47.05  0.        -309.402      -1910.679      -3074.755    0.000   0.000   0.000   0.
  2017 352  5 57 10 513 352.248038348     -36.07   -107.18     47.26  0.        -305.945      -1912.453      -3073.363    0.000   0.000   0.000   0.
  2017 352  5 57 11 513 352.248049922     -38.01   -108.95     47.38  0.        -302.488      -1914.226      -3071.967    0.000   0.000   0.000   0.
  2017 352  5 57 12 513 352.248061496     -39.90   -110.88     47.38  0.        -299.030      -1915.997      -3070.569    0.000   0.000   0.000   0.
  2017 352  5 57 13 513 352.248073070     -41.59   -112.92     47.36  0.        -295.572      -1917.766      -3069.167    0.000   0.000   0.000   0.
  2017 352  5 57 14 513 352.248084644     -43.19   -115.05     47.40  0.        -292.114      -1919.534      -3067.763    0.000   0.000   0.000   0.
  2017 352  5 57 15 513 352.248096218     -44.69   -117.33     47.21  0.        -288.656      -1921.300      -3066.357    0.000   0.000   0.000   0.
  2017 352  5 57 16 513 352.248107792     -46.05   -119.76     47.04  0.        -285.197      -1923.064      -3064.947    0.000   0.000   0.000   0.
  2017 352  5 57 17 513 352.248119366     -47.24   -122.35     46.89  0.        -281.738      -1924.827      -3063.535    0.000   0.000   0.000   0.
  2017 352  5 57 18 513 352.248130940     -48.30   -125.05     46.66  0.        -278.279      -1926.588      -3062.120    0.000   0.000   0.000   0.
  2017 352  5 57 19 513 352.248142514     -49.21   -127.78     46.48  0.        -274.819      -1928.346      -3060.703    0.000   0.000   0.000   0.
  2017 352  5 57 20 513 352.248154089     -50.02   -130.65     46.25  0.        -271.360      -1930.104      -3059.282    0.000   0.000   0.000   0.
  2017 352  5 57 21 513 352.248165663     -50.61   -133.60     45.99  0.        -267.900      -1931.859      -3057.859    0.000   0.000   0.000   0.
  2017 352  5 57 22 513 352.248177237     -51.06   -136.68     45.67  0.        -264.439      -1933.613      -3056.433    0.000   0.000   0.000   0.
  2017 352  5 57 23 513 352.248188811     -51.33   -139.86     45.39  0.        -260.979      -1935.365      -3055.005    0.000   0.000   0.000   0.
  2017 352  5 57 24 513 352.248200385     -51.45   -143.15     45.18  0.        -257.518      -1937.116      -3053.573    0.000   0.000   0.000   0.
  2017 352  5 57 25 513 352.248211959     -51.36   -146.44     44.87  0.        -254.057      -1938.864      -3052.139    0.000   0.000   0.000   0.
  2017 352  5 57 26 513 352.248223533     -51.08   -149.87     44.59  0.        -250.596      -1940.611      -3050.702    0.000   0.000   0.000   0.
  2017 352  5 57 27 513 352.248235107     -50.60   -153.33     44.32  0.        -247.135      -1942.357      -3049.263    0.000   0.000   0.000   0.
  2017 352  5 57 28 512 352.248246679     -49.93   -156.84     44.03  0.        -243.673      -1944.100      -3047.820    0.000   0.000   0.000   0.
  2017 352  5 57 29 512 352.248258252     -49.03   -160.41     43.80  0.        -240.211      -1945.842      -3046.375    0.000   0.000   0.000   0.
  2017 352  5 57 30 513 352.248269826     -47.90   -164.10     43.60  0.        -236.749      -1947.582      -3044.928    0.000   0.000   0.000   0.
  2017 352  5 57 31 513 352.248281400     -46.48   -167.75     43.48  0.        -233.287      -1949.320      -3043.477    0.000   0.000   0.000   0.
  2017 352  5 57 32 512 352.248292975     -44.84   -171.45     43.46  0.        -229.824      -1951.057      -3042.024    0.000   0.000   0.000   0.
  2017 352  5 57 33 512 352.248304549     -43.01   -175.19     43.46  0.        -226.362      -1952.791      -3040.568    0.000   0.000   0.000   0.
  2017 352  5 57 34 513 352.248316123     -40.91   -178.97     43.47  0.        -222.899      -1954.524      -3039.109    0.000   0.000   0.000   0.
  2017 352  5 57 35 513 352.248327697     -38.54   -182.76     43.49  0.        -219.436      -1956.256      -3037.647    0.000   0.000   0.000   0.
  2017 352  5 57 36 513 352.248339271     -35.89   -186.59     43.74  0.        -215.972      -1957.985      -3036.183    0.000   0.000   0.000   0.
  2017 352  5 57 37 513 352.248350845     -33.00   -190.31     44.04  0.        -212.509      -1959.713      -3034.716    0.000   0.000   0.000   0.
  2017 352  5 57 38 513 352.248362419     -29.83   -194.09     44.36  0.        -209.045      -1961.439      -3033.246    0.000   0.000   0.000   0.
  2017 352  5 57 39 512 352.248373993     -26.34   -197.69     44.90  0.        -205.581      -1963.163      -3031.774    0.000   0.000   0.000   0.
  2017 352  5 57 40 512 352.248385567     -22.69   -201.41     45.66  0.        -202.117      -1964.885      -3030.298    0.000   0.000   0.000   0.
  2017 352  5 57 41 512 352.248397141     -18.69   -204.99     46.34  0.        -198.653      -1966.606      -3028.821    0.000   0.000   0.000   0.
  2017 352  5 57 42 512 352.248408715     -14.48   -208.20     47.36  0.        -195.188      -1968.325      -3027.340    0.000   0.000   0.000   0.
  2017 352  5 57 43 512 352.248420289     -10.18   -211.29     49.00  0.        -191.724      -1970.042      -3025.856    0.000   0.000   0.000   0.
  2017 352  5 57 44 513 352.248431863      -5.37   -214.48     50.38  0.        -188.259      -1971.757      -3024.370    0.000   0.000   0.000   0.
  2017 352  5 57 45 512 352.248443437      -0.29   -217.56     51.94  0.        -184.794      -1973.471      -3022.881    0.000   0.000   0.000   0.
  2017 352  5 57 46 512 352.248455012       5.05   -220.47     53.76  0.        -181.329      -1975.183      -3021.390    0.000   0.000   0.000   0.
  2017 352  5 57 47 512 352.248466586      10.64   -223.13     55.76  0.        -177.864      -1976.893      -3019.895    0.000   0.000   0.000   0.
  2017 352  5 57 48 513 352.248478160      16.48   -225.39     58.01  0.        -174.398      -1978.601      -3018.398    0.000   0.000   0.000   0.
  2017 352  5 57 49 513 352.248489734      22.49   -227.38     60.40  0.        -170.932      -1980.307      -3016.898    0.000   0.000   0.000   0.
  2017 352  5 57 50 513 352.248501308      28.68   -229.14     63.09  0.        -167.467      -1982.012      -3015.396    0.000   0.000   0.000   0.
  2017 352  5 57 51 513 352.248512882      35.12   -230.68     65.95  0.        -164.001      -1983.715      -3013.890    0.000   0.000   0.000   0.
  2017 352  5 57 52 512 352.248524456      41.77   -231.99     69.13  0.        -160.535      -1985.416      -3012.382    0.000   0.000   0.000   0.
  2017 352  5 57 53 512 352.248536030      48.68   -232.99     72.62  0.        -157.068      -1987.115      -3010.871    0.000   0.000   0.000   0.
  2017 352  5 57 54 512 352.248547604      55.72   -233.57     76.36  0.        -153.602      -1988.812      -3009.357    0.000   0.000   0.000   0.
  2017 352  5 57 55 512 352.248559178      62.79   -233.66     80.28  0.        -150.135      -1990.508      -3007.841    0.000   0.000   0.000   0.
  2017 352  5 57 56 512 352.248570752      69.87   -233.20     84.44  0.        -146.668      -1992.202      -3006.322    0.000   0.000   0.000   0.
  2017 352  5 57 57 513 352.248582326      77.01   -232.21     88.94  0.        -143.202      -1993.894      -3004.800    0.000   0.000   0.000   0.
  2017 352  5 57 58 513 352.248593898      84.15   -230.92     93.71  0.        -139.735      -1995.585      -3003.276    0.000   0.000   0.000   0.
  2017 352  5 57 59 512 352.248605472      91.38   -229.30     98.70  0.        -136.268      -1997.273      -3001.748    0.000   0.000   0.000   0.
  2017 352  5 58  0 512 352.248617046      98.63   -227.14    103.90  0.        -132.800      -1998.960      -3000.218    0.000   0.000   0.000   0.
  2017 352  5 58  1 512 352.248628620     105.78   -224.35    109.31  0.        -129.333      -2000.644      -2998.686    0.000   0.000   0.000   0.
  2017 352  5 58  2 512 352.248640194     112.78   -221.01    114.89  0.        -125.866      -2002.327      -2997.150    0.000   0.000   0.000   0.
  2017 352  5 58  3 512 352.248651768     119.60   -217.09    120.65  0.        -122.398      -2004.009      -2995.612    0.000   0.000   0.000   0.
  2017 352  5 58  4 512 352.248663342     126.24   -212.63    126.59  0.        -118.930      -2005.688      -2994.071    0.000   0.000   0.000   0.
  2017 352  5 58  5 512 352.248674916     132.68   -207.57    132.67  0.        -115.462      -2007.366      -2992.527    0.000   0.000   0.000   0.
  2017 352  5 58  6 512 352.248686490     138.85   -202.03    138.77  0.        -111.995      -2009.041      -2990.981    0.000   0.000   0.000   0.
  2017 352  5 58  7 512 352.248698064     144.74   -195.89    145.02  0.        -108.527      -2010.715      -2989.432    0.000   0.000   0.000   0.
  2017 352  5 58  8 512 352.248709638     150.27   -189.21    151.29  0.        -105.058      -2012.387      -2987.880    0.000   0.000   0.001   0.
  2017 352  5 58  9 512 352.248721212     155.46   -181.99    157.61  0.        -101.590      -2014.057      -2986.325    0.000   0.000   0.001   0.
  2017 352  5 58 10 512 352.248732786     160.23   -174.16    163.77  0.         -98.122      -2015.726      -2984.768    0.000   0.000   0.001   0.
  2017 352  5 58 11 512 352.248744361     164.57   -165.79    169.87  0.         -94.653      -2017.392      -2983.208    0.000   0.000   0.001   0.
  2017 352  5 58 12 512 352.248755935     168.44   -156.97    175.84  0.         -91.185      -2019.057      -2981.645    0.000   0.000   0.001   0.
  2017 352  5 58 13 512 352.248767509     171.82   -147.62    181.75  0.         -87.716      -2020.720      -2980.079    0.000   0.000   0.001   0.
  2017 352  5 58 14 512 352.248779083     174.65   -137.76    187.36  0.         -84.248      -2022.381      -2978.511    0.000   0.000   0.001   0.
  2017 352  5 58 15 512 352.248790657     176.94   -127.54    192.72  0.         -80.779      -2024.040      -2976.940    0.000   0.000   0.001   0.
  2017 352  5 58 16 512 352.248802231     178.64   -116.92    197.80  0.         -77.310      -2025.697      -2975.366    0.000   0.000   0.001   0.
  2017 352  5 58 17 512 352.248813805     179.81   -105.98    202.51  0.         -73.841      -2027.353      -2973.790    0.000   0.000   0.001   0.
  2017 352  5 58 18 512 352.248825379     180.36    -94.77    206.89  0.         -70.372      -2029.007      -2972.210    0.000   0.000   0.001   0.
  2017 352  5 58 19 512 352.248836953     180.34    -83.29    210.76  0.         -66.903      -2030.658      -2970.628    0.000   0.000   0.001   0.
  2017 352  5 58 20 512 352.248848527     179.70    -71.61    214.18  0.         -63.434      -2032.308      -2969.044    0.000  -0.001   0.002   0.
  2017 352  5 58 21 512 352.248860101     178.48    -59.80    217.05  0.         -59.965      -2033.956      -2967.456    0.000  -0.001   0.002   0.
  2017 352  5 58 22 512 352.248871675     176.67    -47.82    219.37  0.         -56.495      -2035.602      -2965.866    0.000  -0.001   0.002   0.
  2017 352  5 58 23 512 352.248883249     174.24    -35.83    221.17  0.         -53.026      -2037.247      -2964.273    0.000  -0.001   0.002   0.
  2017 352  5 58 24 512 352.248894823     171.22    -23.93    222.44  0.         -49.557      -2038.889      -2962.678    0.000  -0.001   0.002   0.
  2017 352  5 58 25 512 352.248906398     167.67    -12.19    223.04  0.         -46.087      -2040.530      -2961.079    0.000  -0.001   0.002   0.
  2017 352  5 58 26 512 352.248917972     163.62     -0.63    222.89  0.         -42.618      -2042.169      -2959.478    0.000  -0.001   0.002   0.
  2017 352  5 58 27 512 352.248929546     159.10     10.80    221.99  0.         -39.148      -2043.806      -2957.875    0.000  -0.001   0.002   0.
  2017 352  5 58 28 512 352.248941117     154.06     21.94    220.42  0.         -35.679      -2045.440      -2956.268    0.000  -0.001   0.002   0.
  2017 352  5 58 29 512 352.248952691     148.63     32.71    218.24  0.         -32.209      -2047.073      -2954.659    0.000  -0.001   0.002   0.
  2017 352  5 58 30 512 352.248964265     142.83     43.02    215.39  0.         -28.740      -2048.705      -2953.047    0.000  -0.001   0.002   0.
  2017 352  5 58 31 512 352.248975839     136.70     52.87    211.94  0.         -25.270      -2050.334      -2951.432    0.000  -0.001   0.002   0.
  2017 352  5 58 32 512 352.248987413     130.27     62.17    207.81  0.         -21.800      -2051.962      -2949.815    0.000  -0.001   0.002   0.
  2017 352  5 58 33 512 352.248998987     123.57     70.85    202.95  0.         -18.331      -2053.587      -2948.195    0.000  -0.001   0.002   0.
  2017 352  5 58 34 512 352.249010561     116.65     78.90    197.39  0.         -14.861      -2055.211      -2946.572    0.000  -0.001   0.002   0.
  2017 352  5 58 35 512 352.249022135     109.58     86.20    191.21  0.         -11.391      -2056.833      -2944.946    0.000  -0.001   0.002   0.
  2017 352  5 58 36 512 352.249033709     102.45     92.75    184.45  0.          -7.921      -2058.453      -2943.318    0.000  -0.001   0.003   0.
  2017 352  5 58 37 512 352.249045284      95.33     98.56    177.27  0.          -4.452      -2060.071      -2941.687    0.000  -0.001   0.003   0.
  2017 352  5 58 38 512 352.249056858      88.27    103.68    169.61  0.          -0.982      -2061.687      -2940.053    0.000  -0.001   0.003   0.
  2017 352  5 58 39 512 352.249068432      81.20    107.89    161.45  0.           2.488      -2063.301      -2938.417    0.000  -0.001   0.003   0.
  2017 352  5 58 40 512 352.249080006      74.26    111.17    152.78  0.           5.958      -2064.913      -2936.778    0.000  -0.001   0.003   0.
  2017 352  5 58 41 512 352.249091580      67.48    113.55    143.75  0.           9.427      -2066.524      -2935.136    0.000  -0.001   0.003   0.
  2017 352  5 58 42 512 352.249103154      60.91    115.05    134.52  0.          12.897      -2068.132      -2933.491    0.000  -0.001   0.004   0.
  2017 352  5 58 43 512 352.249114728      54.67    115.63    125.10  0.          16.367      -2069.739      -2931.844    0.000  -0.001   0.004   0.
  2017 352  5 58 44 512 352.249126302      48.77    115.31    115.53  0.          19.837      -2071.344      -2930.194    0.000  -0.001   0.004   0.
  2017 352  5 58 45 512 352.249137876      43.25    114.11    105.89  0.          23.306      -2072.946      -2928.541    0.000  -0.001   0.004   0.
  2017 352  5 58 46 512 352.249149450      38.13    112.02     96.14  0.          26.776      -2074.547      -2926.886    0.000  -0.001   0.004   0.
  2017 352  5 58 47 512 352.249161024      33.40    108.98     86.44  0.          30.246      -2076.146      -2925.227    0.000  -0.001   0.004   0.
  2017 352  5 58 48 512 352.249172598      29.12    105.05     76.86  0.          33.715      -2077.743      -2923.566    0.000  -0.002   0.005   0.
  2017 352  5 58 49 512 352.249184172      25.38    100.32     67.56  0.          37.185      -2079.338      -2921.903    0.000  -0.002   0.005   0.
  2017 352  5 58 50 512 352.249195746      22.18     94.80     58.53  0.          40.655      -2080.932      -2920.236    0.000  -0.002   0.005   0.
  2017 352  5 58 51 512 352.249207321      19.57     88.51     49.88  0.          44.124      -2082.523      -2918.567    0.000  -0.002   0.005   0.
  2017 352  5 58 52 512 352.249218895      17.53     81.48     41.52  0.          47.594      -2084.112      -2916.896    0.000  -0.002   0.005   0.
  2017 352  5 58 53 512 352.249230469      16.00     73.83     33.69  0.          51.063      -2085.700      -2915.221    0.000  -0.002   0.005   0.
  2017 352  5 58 54 512 352.249242043      14.96     65.57     26.39  0.          54.533      -2087.285      -2913.544    0.000  -0.002   0.005   0.
  2017 352  5 58 55 512 352.249253617      14.51     56.80     19.78  0.          58.002      -2088.869      -2911.864    0.000  -0.002   0.005   0.
  2017 352  5 58 56 512 352.249265188      14.62     47.69     13.86  0.          61.471      -2090.450      -2910.181    0.000  -0.002   0.005   0.
  2017 352  5 58 57 512 352.249276762      15.45     38.21      8.64  0.          64.941      -2092.030      -2908.496    0.000  -0.002   0.005   0.
  2017 352  5 58 58 512 352.249288336      17.28     28.37      3.81  0.          68.410      -2093.608      -2906.808    0.000  -0.002   0.005   0.
  2017 352  5 58 59 512 352.249299910      20.29     17.76     -1.22  0.          71.879      -2095.183      -2905.117    0.000  -0.002   0.005   0.
  2017 352  5 59  0 512 352.249311484      23.06      1.32     -9.91  0.          75.348      -2096.757      -2903.424    0.000  -0.002   0.006   0.
  2017 352  5 59  1 512 352.249323058      23.93    -13.75    -11.92  0.          78.817      -2098.329      -2901.728    0.000  -0.002   0.006   0.
  2017 352  5 59  2 512 352.249334633      26.75    -25.42    -12.35  0.          82.286      -2099.899      -2900.029    0.000  -0.002   0.006   0.
  2017 352  5 59  3 512 352.249346207      30.68    -36.39    -12.41  0.          85.755      -2101.467      -2898.327    0.000  -0.002   0.006   0.
  2017 352  5 59  4 512 352.249357781      35.20    -47.23    -11.73  0.          89.224      -2103.033      -2896.623    0.000  -0.002   0.007   0.
  2017 352  5 59  5 512 352.249369355      40.09    -58.16    -10.23  0.          92.693      -2104.597      -2894.916    0.000  -0.002   0.007   0.
  2017 352  5 59  6 512 352.249380929      45.22    -69.00     -7.91  0.          96.162      -2106.160      -2893.206    0.000  -0.002   0.007   0.
  2017 352  5 59  7 512 352.249392503      50.53    -79.64     -4.74  0.          99.630      -2107.720      -2891.494    0.000  -0.002   0.007   0.
  2017 352  5 59  8 512 352.249404077      56.05    -90.05     -0.59  0.         103.099      -2109.278      -2889.779    0.000  -0.003   0.007   0.
  2017 352  5 59  9 512 352.249415651      61.70   -100.23      4.40  0.         106.567      -2110.834      -2888.061    0.000  -0.003   0.007   0.
  2017 352  5 59 10 512 352.249427225      67.48   -110.07     10.28  0.         110.035      -2112.389      -2886.341    0.000  -0.003   0.007   0.
  2017 352  5 59 11 512 352.249438799      73.32   -119.49     17.10  0.         113.504      -2113.941      -2884.618    0.000  -0.003   0.007   0.
  2017 352  5 59 12 512 352.249450373      79.16   -128.44     24.68  0.         116.972      -2115.491      -2882.892    0.000  -0.003   0.008   0.
  2017 352  5 59 13 512 352.249461947      85.00   -136.84     33.17  0.         120.440      -2117.040      -2881.163    0.000  -0.003   0.008   0.
  2017 352  5 59 14 512 352.249473521      90.77   -144.67     42.45  0.         123.908      -2118.586      -2879.432    0.000  -0.003   0.008   0.
  2017 352  5 59 15 512 352.249485095      96.40   -151.92     52.51  0.         127.375      -2120.131      -2877.698    0.000  -0.003   0.008   0.
  2017 352  5 59 16 512 352.249496670     101.85   -158.46     63.26  0.         130.843      -2121.673      -2875.961    0.000  -0.003   0.008   0.
  2017 352  5 59 17 512 352.249508244     107.14   -164.32     74.61  0.         134.311      -2123.214      -2874.222    0.000  -0.003   0.008   0.
  2017 352  5 59 18 512 352.249519818     112.17   -169.49     86.54  0.         137.778      -2124.752      -2872.480    0.000  -0.003   0.008   0.
  2017 352  5 59 19 512 352.249531392     116.91   -173.87     98.95  0.         141.245      -2126.289      -2870.735    0.000  -0.003   0.008   0.
  2017 352  5 59 20 512 352.249542966     121.35   -177.46    111.82  0.         144.713      -2127.823      -2868.988    0.000  -0.003   0.009   0.
  2017 352  5 59 21 512 352.249554540     125.48   -180.24    125.07  0.         148.180      -2129.356      -2867.238    0.000  -0.003   0.009   0.
  2017 352  5 59 22 512 352.249566114     129.21   -182.26    138.69  0.         151.647      -2130.886      -2865.485    0.000  -0.003   0.009   0.
  2017 352  5 59 23 512 352.249577688     132.55   -183.48    152.65  0.         155.114      -2132.415      -2863.729    0.000  -0.003   0.009   0.
  2017 352  5 59 24 512 352.249589262     135.43   -183.89    166.87  0.         158.580      -2133.942      -2861.971    0.000  -0.003   0.009   0.
  2017 352  5 59 25 512 352.249600836     137.86   -183.46    181.26  0.         162.047      -2135.466      -2860.210    0.000  -0.003   0.009   0.
  2017 352  5 59 26 512 352.249612408     139.81   -182.17    195.66  0.         165.513      -2136.989      -2858.447    0.000  -0.003   0.010   0.
  2017 352  5 59 27 512 352.249623981     141.28   -180.11    210.09  0.         168.979      -2138.509      -2856.680    0.000  -0.003   0.010   0.
  2017 352  5 59 28 511 352.249635556     142.31   -177.35    224.55  0.         172.445      -2140.028      -2854.911    0.000  -0.004   0.010   0.
  2017 352  5 59 29 511 352.249647130     142.81   -173.91    238.88  0.         175.911      -2141.545      -2853.140    0.000  -0.004   0.010   0.
  2017 352  5 59 30 512 352.249658704     142.83   -169.70    253.00  0.         179.377      -2143.059      -2851.365    0.000  -0.004   0.010   0.
  2017 352  5 59 31 512 352.249670278     142.30   -164.77    266.98  0.         182.842      -2144.572      -2849.589    0.000  -0.004   0.010   0.
  2017 352  5 59 32 512 352.249681852     141.26   -159.21    280.60  0.         186.308      -2146.082      -2847.809    0.000  -0.004   0.011   0.
  2017 352  5 59 33 512 352.249693426     139.71   -152.96    293.97  0.         189.773      -2147.591      -2846.027    0.000  -0.004   0.011   0.
  2017 352  5 59 34 512 352.249705000     137.65   -146.13    306.96  0.         193.238      -2149.098      -2844.242    0.000  -0.004   0.011   0.
  2017 352  5 59 35 511 352.249716574     135.13   -138.75    319.57  0.         196.703      -2150.602      -2842.454    0.000  -0.004   0.011   0.
  2017 352  5 59 36 511 352.249728148     132.10   -130.87    331.76  0.         200.167      -2152.105      -2840.663    0.000  -0.004   0.011   0.
  2017 352  5 59 37 511 352.249739722     128.57   -122.50    343.48  0.         203.632      -2153.605      -2838.870    0.000  -0.004   0.011   0.
  2017 352  5 59 38 511 352.249751296     124.45   -113.73    354.69  0.         207.096      -2155.104      -2837.075    0.000  -0.004   0.011   0.
  2017 352  5 59 39 512 352.249762870     119.72   -104.57    365.36  0.         210.561      -2156.600      -2835.276    0.000  -0.004   0.011   0.
  2017 352  5 59 40 512 352.249774444     114.52    -95.04    375.54  0.         214.024      -2158.095      -2833.475    0.000  -0.004   0.012   0.
  2017 352  5 59 41 511 352.249786019     109.64    -84.92    384.90  0.         217.488      -2159.587      -2831.671    0.000  -0.004   0.012   0.
  2017 352  5 59 42 511 352.249797593     103.09    -75.12    393.94  0.         220.952      -2161.077      -2829.865    0.000  -0.004   0.012   0.
  2017 352  5 59 43 512 352.249809167      97.56    -64.60    402.01  0.         224.415      -2162.566      -2828.056    0.000  -0.004   0.012   0.
  2017 352  5 59 44 512 352.249820741      91.66    -53.90    409.43  0.         227.878      -2164.052      -2826.244    0.000  -0.005   0.013   0.
  2017 352  5 59 45 512 352.249832315      85.39    -43.12    416.22  0.         231.341      -2165.536      -2824.430    0.000  -0.005   0.013   0.
  2017 352  5 59 46 512 352.249843889      78.96    -32.13    422.21  0.         234.804      -2167.019      -2822.612    0.000  -0.005   0.013   0.
  2017 352  5 59 47 512 352.249855463      72.29    -21.11    427.53  0.         238.266      -2168.499      -2820.793    0.000  -0.005   0.013   0.
  2017 352  5 59 48 511 352.249867037      65.33    -10.09    432.37  0.         241.728      -2169.977      -2818.970    0.000  -0.005   0.013   0.
  2017 352  5 59 49 511 352.249878611      58.20      0.82    436.54  0.         245.190      -2171.453      -2817.145    0.000  -0.005   0.013   0.
  2017 352  5 59 50 511 352.249890185      50.99     11.82    439.91  0.         248.652      -2172.927      -2815.317    0.000  -0.005   0.014   0.
  2017 352  5 59 51 511 352.249901759      43.68     22.72    442.73  0.         252.114      -2174.399      -2813.487    0.000  -0.005   0.014   0.
  2017 352  5 59 52 511 352.249913333      36.36     33.53    444.83  0.         255.575      -2175.869      -2811.654    0.000  -0.005   0.014   0.
  2017 352  5 59 53 512 352.249924907      29.06     44.30    446.31  0.         259.036      -2177.337      -2809.818    0.000  -0.005   0.014   0.
  2017 352  5 59 54 512 352.249936481      21.68     54.82    447.24  0.         262.497      -2178.803      -2807.979    0.000  -0.005   0.014   0.
  2017 352  5 59 55 511 352.249948056      14.26     65.08    447.67  0.         265.958      -2180.267      -2806.138    0.000  -0.005   0.014   0.
  2017 352  5 59 56 511 352.249959627       6.90     75.09    447.43  0.         269.418      -2181.729      -2804.295    0.000  -0.005   0.014   0.
  2017 352  5 59 57 511 352.249971201      -0.35     84.99    446.62  0.         272.878      -2183.188      -2802.448    0.000  -0.005   0.014   0.
  2017 352  5 59 58 511 352.249982775      -7.53     94.64    445.32  0.         276.338      -2184.646      -2800.599    0.000  -0.005   0.015   0.
  2017 352  5 59 59 511 352.249994349     -14.57    103.98    443.59  0.         279.798      -2186.102      -2798.747    0.000  -0.005   0.015   0.
  2017 352  6  0  0 511 352.250005923     -21.48    113.10    441.34  0.         283.257      -2187.555      -2796.893    0.000  -0.006   0.016   0.
  2017 352  6  0  1 511 352.250017497     -28.19    122.02    438.61  0.         286.716      -2189.007      -2795.036    0.000  -0.006   0.016   0.
  2017 352  6  0  2 511 352.250029071     -34.65    130.74    435.33  0.         290.175      -2190.456      -2793.176    0.000  -0.006   0.016   0.
  2017 352  6  0  3 511 352.250040645     -40.80    139.28    431.76  0.         293.633      -2191.903      -2791.314    0.000  -0.006   0.016   0.
  2017 352  6  0  4 511 352.250052219     -46.61    147.59    427.70  0.         297.092      -2193.349      -2789.449    0.000  -0.006   0.016   0.
  2017 352  6  0  5 511 352.250063793     -52.42    155.42    423.35  0.         300.550      -2194.792      -2787.581    0.000  -0.006   0.016   0.
  2017 352  6  0  6 511 352.250075367     -58.06    162.91    418.69  0.         304.007      -2196.232      -2785.711    0.000  -0.006   0.017   0.
  2017 352  6  0  7 511 352.250086942     -63.49    170.23    413.77  0.         307.465      -2197.672      -2783.838    0.000  -0.006   0.017   0.
  2017 352  6  0  8 511 352.250098516     -68.67    177.28    408.46  0.         310.922      -2199.109      -2781.963    0.000  -0.006   0.017   0.
  2017 352  6  0  9 511 352.250110090     -73.91    183.83    402.83  0.         314.379      -2200.544      -2780.084    0.000  -0.006   0.017   0.
  2017 352  6  0 10 511 352.250121664     -79.11    189.94    397.09  0.         317.835      -2201.976      -2778.204    0.000  -0.006   0.017   0.
  2017 352  6  0 11 511 352.250133238     -83.99    195.70    391.08  0.         321.292      -2203.407      -2776.320    0.000  -0.006   0.017   0.
  2017 352  6  0 12 511 352.250144812     -88.38    201.32    384.85  0.         324.748      -2204.836      -2774.434    0.000  -0.006   0.018   0.
  2017 352  6  0 13 511 352.250156386     -91.99    207.11    378.20  0.         328.203      -2206.262      -2772.545    0.000  -0.006   0.018   0.
  2017 352  6  0 14 511 352.250167960     -94.48    213.64    370.88  0.         331.659      -2207.687      -2770.654    0.000  -0.006   0.018   0.
  2017 352  6  0 15 511 352.250179534     -95.52    221.50    363.01  0.         335.114      -2209.109      -2768.760    0.000  -0.006   0.018   0.
  2017 352  6  0 16 511 352.250191108     -95.63    229.10    355.09  0.         338.568      -2210.529      -2766.863    0.000  -0.007   0.018   0.
  2017 352  6  0 17 511 352.250202682     -97.13    233.90    347.79  0.         342.023      -2211.947      -2764.964    0.000  -0.007   0.018   0.
  2017 352  6  0 18 511 352.250214256    -102.22    234.08    342.51  0.         345.477      -2213.364      -2763.062    0.000  -0.007   0.019   0.
  2017 352  6  0 19 511 352.250225830    -105.37    236.35    336.35  0.         348.931      -2214.777      -2761.157    0.000  -0.007   0.019   0.
  2017 352  6  0 20 511 352.250237404    -107.72    239.09    329.67  0.         352.384      -2216.189      -2759.250    0.000  -0.007   0.019   0.
  2017 352  6  0 21 511 352.250248979    -109.72    242.19    322.61  0.         355.837      -2217.599      -2757.340    0.000  -0.007   0.019   0.
  2017 352  6  0 22 511 352.250260553    -111.53    245.33    315.28  0.         359.290      -2219.007      -2755.428    0.000  -0.007   0.020   0.
  2017 352  6  0 23 511 352.250272127    -112.89    247.96    308.26  0.         362.742      -2220.412      -2753.513    0.000  -0.007   0.020   0.
  2017 352  6  0 24 511 352.250283701    -113.84    249.97    301.82  0.         366.194      -2221.816      -2751.595    0.000  -0.007   0.020   0.
  2017 352  6  0 25 511 352.250295275    -115.07    250.88    295.92  0.         369.646      -2223.217      -2749.674    0.000  -0.007   0.020   0.
  2017 352  6  0 26 511 352.250306846    -115.95    251.85    289.96  0.         373.097      -2224.616      -2747.751    0.000  -0.007   0.020   0.
  2017 352  6  0 27 511 352.250318420    -116.51    252.80    284.14  0.         376.549      -2226.013      -2745.826    0.000  -0.007   0.020   0.
  2017 352  6  0 28 511 352.250329994    -117.14    252.92    278.91  0.         379.999      -2227.408      -2743.898    0.000  -0.007   0.021   0.
  2017 352  6  0 29 511 352.250341568    -117.54    252.92    274.01  0.         383.450      -2228.801      -2741.967    0.000  -0.007   0.021   0.
  2017 352  6  0 30 511 352.250353142    -117.51    253.15    269.15  0.         386.900      -2230.192      -2740.033    0.000  -0.008   0.021   0.
  2017 352  6  0 31 511 352.250364716    -117.29    253.31    264.63  0.         390.349      -2231.580      -2738.097    0.000  -0.008   0.021   0.
  2017 352  6  0 32 511 352.250376291    -117.04    253.32    260.33  0.         393.798      -2232.967      -2736.158    0.000  -0.008   0.022   0.
  2017 352  6  0 33 511 352.250387865    -116.72    253.20    256.27  0.         397.247      -2234.351      -2734.217    0.000  -0.008   0.022   0.
  2017 352  6  0 34 511 352.250399439    -116.34    253.09    252.59  0.         400.696      -2235.734      -2732.273    0.000  -0.008   0.022   0.
  2017 352  6  0 35 511 352.250411013    -115.80    253.01    249.10  0.         404.144      -2237.114      -2730.327    0.000  -0.008   0.022   0.
  2017 352  6  0 36 511 352.250422587    -115.12    253.06    245.91  0.         407.592      -2238.491      -2728.377    0.000  -0.008   0.023   0.
  2017 352  6  0 37 511 352.250434161    -114.37    253.19    242.85  0.         411.039      -2239.867      -2726.426    0.000  -0.008   0.023   0.
  2017 352  6  0 38 511 352.250445735    -113.86    253.40    240.04  0.         414.486      -2241.241      -2724.471    0.000  -0.008   0.023   0.
  2017 352  6  0 39 511 352.250457309    -113.29    253.77    237.38  0.         417.932      -2242.613      -2722.514    0.000  -0.008   0.023   0.
  2017 352  6  0 40 511 352.250468883    -112.64    254.38    234.83  0.         421.379      -2243.982      -2720.555    0.000  -0.008   0.023   0.
  2017 352  6  0 41 511 352.250480457    -111.91    255.12    232.55  0.         424.824      -2245.350      -2718.593    0.000  -0.008   0.023   0.
  2017 352  6  0 42 511 352.250492031    -111.08    256.03    230.38  0.         428.270      -2246.715      -2716.628    0.000  -0.009   0.024   0.
  2017 352  6  0 43 511 352.250503605    -110.17    257.06    228.41  0.         431.715      -2248.078      -2714.660    0.000  -0.009   0.024   0.
  2017 352  6  0 44 511 352.250515179    -109.32    258.23    226.50  0.         435.159      -2249.439      -2712.690    0.000  -0.009   0.024   0.
  2017 352  6  0 45 511 352.250526754    -108.39    259.69    224.62  0.         438.603      -2250.798      -2710.718    0.000  -0.009   0.024   0.
  2017 352  6  0 46 511 352.250538328    -107.61    260.20    224.14  0.         442.047      -2252.154      -2708.743    0.000  -0.009   0.024   0.
  2017 352  6  0 47 511 352.250549902    -109.29    260.50    222.92  0.         445.490      -2253.509      -2706.765    0.000  -0.009   0.024   0.
  2017 352  6  0 48 511 352.250561476    -110.41    261.79    220.92  0.         448.933      -2254.861      -2704.784    0.000  -0.009   0.025   0.
  2017 352  6  0 49 511 352.250573050    -111.25    262.92    219.33  0.         452.376      -2256.211      -2702.802    0.000  -0.009   0.025   0.
  2017 352  6  0 50 511 352.250584624    -113.37    264.17    217.06  0.         455.818      -2257.559      -2700.816    0.000  -0.009   0.025   0.
  2017 352  6  0 51 511 352.250596198    -115.36    265.62    214.86  0.         459.259      -2258.905      -2698.828    0.000  -0.009   0.025   0.
  2017 352  6  0 52 511 352.250607772    -116.44    266.96    213.13  0.         462.701      -2260.249      -2696.837    0.000  -0.009   0.026   0.
  2017 352  6  0 53 511 352.250619346    -117.93    268.36    211.11  0.         466.141      -2261.590      -2694.844    0.000  -0.009   0.026   0.
  2017 352  6  0 54 511 352.250630918    -119.90    269.66    208.77  0.         469.582      -2262.929      -2692.848    0.000  -0.010   0.026   0.
  2017 352  6  0 55 511 352.250642491    -122.26    270.90    206.21  0.         473.021      -2264.266      -2690.849    0.000  -0.010   0.026   0.
  2017 352  6  0 56 511 352.250654065    -124.84    271.98    203.40  0.         476.461      -2265.601      -2688.848    0.000  -0.010   0.027   0.
  2017 352  6  0 57 511 352.250665639    -127.57    272.89    200.35  0.         479.900      -2266.934      -2686.845    0.000  -0.010   0.027   0.
  2017 352  6  0 58 511 352.250677214    -130.41    273.72    197.05  0.         483.338      -2268.265      -2684.838    0.000  -0.010   0.027   0.
  2017 352  6  0 59 511 352.250688788    -133.36    274.34    193.45  0.         486.776      -2269.593      -2682.829    0.000  -0.010   0.027   0.
  2017 352  6  1  0 511 352.250700362    -136.43    274.73    189.62  0.         490.214      -2270.920      -2680.818    0.000  -0.010   0.028   0.
  2017 352  6  1  1 511 352.250711936    -139.54    274.92    185.44  0.         493.651      -2272.244      -2678.804    0.000  -0.010   0.028   0.
  2017 352  6  1  2 511 352.250723510    -142.74    274.84    180.96  0.         497.088      -2273.566      -2676.787    0.000  -0.010   0.028   0.
  2017 352  6  1  3 511 352.250735084    -146.03    274.43    176.13  0.         500.524      -2274.886      -2674.768    0.000  -0.010   0.028   0.
  2017 352  6  1  4 511 352.250746658    -149.32    273.70    171.02  0.         503.959      -2276.204      -2672.747    0.000  -0.010   0.028   0.
  2017 352  6  1  5 511 352.250758232    -152.61    272.57    165.55  0.         507.395      -2277.519      -2670.722    0.000  -0.010   0.028   0.
  2017 352  6  1  6 511 352.250769806    -155.80    271.02    159.74  0.         510.829      -2278.832      -2668.695    0.000  -0.011   0.029   0.
  2017 352  6  1  7 511 352.250781380    -158.89    269.11    153.73  0.         514.263      -2280.143      -2666.666    0.000  -0.011   0.029   0.
  2017 352  6  1  8 511 352.250792954    -161.80    266.83    147.51  0.         517.697      -2281.452      -2664.634    0.000  -0.011   0.029   0.
  2017 352  6  1  9 511 352.250804528    -164.46    264.09    141.28  0.         521.130      -2282.759      -2662.599    0.000  -0.011   0.029   0.
  2017 352  6  1 10 511 352.250816102    -166.82    261.00    134.90  0.         524.563      -2284.064      -2660.562    0.000  -0.011   0.030   0.
  2017 352  6  1 11 511 352.250827677    -168.72    257.68    128.51  0.         527.995      -2285.366      -2658.523    0.000  -0.011   0.030   0.
  2017 352  6  1 12 511 352.250839251    -170.30    254.16    121.91  0.         531.427      -2286.666      -2656.481    0.000  -0.011   0.030   0.
  2017 352  6  1 13 511 352.250850825    -171.56    250.36    115.16  0.         534.858      -2287.964      -2654.436    0.000  -0.011   0.030   0.
  2017 352  6  1 14 511 352.250862399    -172.52    246.21    108.57  0.         538.289      -2289.260      -2652.389    0.000  -0.011   0.031   0.
  2017 352  6  1 15 511 352.250873973    -172.96    241.47    103.05  0.         541.719      -2290.554      -2650.339    0.000  -0.011   0.031   0.
  2017 352  6  1 16 511 352.250885547    -172.52    236.19     99.14  0.         545.149      -2291.845      -2648.286    0.000  -0.011   0.031   0.
  2017 352  6  1 17 511 352.250897121    -171.25    230.66     96.28  0.         548.578      -2293.134      -2646.231    0.000  -0.011   0.031   0.
  2017 352  6  1 18 511 352.250908695    -169.47    225.44     92.86  0.         552.007      -2294.421      -2644.173    0.000  -0.011   0.031   0.
  2017 352  6  1 19 511 352.250920269    -168.05    219.02     90.37  0.         555.435      -2295.706      -2642.113    0.000  -0.011   0.031   0.
  2017 352  6  1 20 511 352.250931843    -166.75    214.00     86.24  0.         558.863      -2296.988      -2640.051    0.000  -0.012   0.032   0.
  2017 352  6  1 21 511 352.250943417    -165.75    208.97     81.16  0.         562.290      -2298.269      -2637.986    0.000  -0.012   0.032   0.
  2017 352  6  1 22 511 352.250954991    -164.65    203.92     76.14  0.         565.716      -2299.547      -2635.918    0.000  -0.012   0.032   0.
  2017 352  6  1 23 511 352.250966565    -163.32    198.78     71.51  0.         569.142      -2300.823      -2633.848    0.000  -0.012   0.032   0.
  2017 352  6  1 24 511 352.250978139    -161.74    193.50     67.71  0.         572.568      -2302.097      -2631.775    0.000  -0.012   0.033   0.
  2017 352  6  1 25 511 352.250989714    -159.75    187.98     65.13  0.         575.993      -2303.368      -2629.699    0.000  -0.012   0.033   0.
  2017 352  6  1 26 511 352.251001285    -157.57    182.39     63.17  0.         579.417      -2304.638      -2627.621    0.000  -0.012   0.034   0.
  2017 352  6  1 27 511 352.251012859    -155.31    177.01     61.32  0.         582.841      -2305.905      -2625.541    0.000  -0.012   0.034   0.
  2017 352  6  1 28 511 352.251024433    -153.03    171.71     59.86  0.         586.264      -2307.169      -2623.458    0.000  -0.012   0.034   0.
  2017 352  6  1 29 511 352.251036007    -150.73    166.54     58.77  0.         589.687      -2308.432      -2621.373    0.000  -0.012   0.034   0.
  2017 352  6  1 30 510 352.251047581    -148.45    161.43     58.06  0.         593.109      -2309.693      -2619.285    0.000  -0.012   0.034   0.
  2017 352  6  1 31 510 352.251059155    -146.23    156.46     57.73  0.         596.530      -2310.951      -2617.194    0.000  -0.012   0.034   0.
  2017 352  6  1 32 510 352.251070729    -144.02    151.70     57.55  0.         599.951      -2312.207      -2615.101    0.000  -0.013   0.035   0.
  2017 352  6  1 33 510 352.251082303    -141.92    147.21     57.50  0.         603.372      -2313.461      -2613.005    0.000  -0.013   0.035   0.
  2017 352  6  1 34 510 352.251093877    -139.98    142.97     57.73  0.         606.791      -2314.712      -2610.907    0.000  -0.013   0.035   0.
  2017 352  6  1 35 511 352.251105451    -138.23    138.90     58.26  0.         610.211      -2315.961      -2608.806    0.000  -0.013   0.035   0.
  2017 352  6  1 36 511 352.251117025    -136.78    134.94     58.98  0.         613.629      -2317.209      -2606.703    0.000  -0.013   0.036   0.
  2017 352  6  1 37 510 352.251128600    -135.49    131.14     60.06  0.         617.047      -2318.454      -2604.598    0.000  -0.013   0.036   0.
  2017 352  6  1 38 510 352.251140174    -134.40    127.44     61.31  0.         620.465      -2319.696      -2602.489    0.000  -0.013   0.036   0.
  2017 352  6  1 39 511 352.251151748    -133.59    123.94     62.64  0.         623.882      -2320.937      -2600.379    0.000  -0.013   0.036   0.
  2017 352  6  1 40 511 352.251163322    -132.94    120.62     63.97  0.         627.298      -2322.175      -2598.265    0.000  -0.013   0.037   0.
  2017 352  6  1 41 511 352.251174896    -132.45    117.32     65.42  0.         630.714      -2323.411      -2596.150    0.000  -0.013   0.037   0.
  2017 352  6  1 42 511 352.251186470    -132.11    113.88     67.18  0.         634.129      -2324.644      -2594.031    0.000  -0.014   0.037   0.
  2017 352  6  1 43 511 352.251198044    -131.84    110.46     69.04  0.         637.543      -2325.876      -2591.911    0.000  -0.014   0.037   0.
  2017 352  6  1 44 510 352.251209618    -131.70    107.32     70.51  0.         640.957      -2327.105      -2589.787    0.000  -0.014   0.037   0.
  2017 352  6  1 45 510 352.251221192    -131.62    104.65     71.36  0.         644.370      -2328.332      -2587.662    0.000  -0.014   0.037   0.
  2017 352  6  1 46 510 352.251232766    -131.60    102.31     71.74  0.         647.783      -2329.557      -2585.533    0.000  -0.014   0.038   0.
  2017 352  6  1 47 510 352.251244340    -131.61    100.16     71.96  0.         651.195      -2330.779      -2583.402    0.000  -0.014   0.038   0.
  2017 352  6  1 48 510 352.251255914    -131.64     98.10     72.28  0.         654.606      -2332.000      -2581.269    0.000  -0.014   0.039   0.
  2017 352  6  1 49 511 352.251267488    -131.62     96.13     72.81  0.         658.017      -2333.218      -2579.133    0.000  -0.014   0.039   0.
  2017 352  6  1 50 510 352.251279063    -131.53     94.34     73.52  0.         661.427      -2334.434      -2576.995    0.000  -0.014   0.039   0.
  2017 352  6  1 51 510 352.251290637    -131.44     92.71     74.26  0.         664.837      -2335.647      -2574.854    0.000  -0.014   0.039   0.
  2017 352  6  1 52 510 352.251302211    -131.38     91.24     75.05  0.         668.246      -2336.858      -2572.711    0.000  -0.014   0.040   0.
  2017 352  6  1 53 511 352.251313785    -131.39     89.96     75.85  0.         671.654      -2338.067      -2570.565    0.000  -0.014   0.040   0.
  2017 352  6  1 54 511 352.251325359    -131.50     88.76     76.54  0.         675.061      -2339.274      -2568.417    0.000  -0.015   0.040   0.
  2017 352  6  1 55 511 352.251336933    -131.71     87.54     77.07  0.         678.468      -2340.478      -2566.266    0.000  -0.015   0.040   0.
  2017 352  6  1 56 511 352.251348504    -132.02     86.25     77.51  0.         681.875      -2341.681      -2564.113    0.000  -0.015   0.040   0.
  2017 352  6  1 57 510 352.251360078    -132.35     84.90     77.78  0.         685.280      -2342.881      -2561.957    0.000  -0.015   0.040   0.
  2017 352  6  1 58 510 352.251371652    -132.63     83.58     77.79  0.         688.685      -2344.078      -2559.799    0.000  -0.015   0.041   0.
  2017 352  6  1 59 510 352.251383226    -132.95     82.25     77.80  0.         692.089      -2345.274      -2557.639    0.000  -0.015   0.041   0.
  2017 352  6  2  0 510 352.251394800    -133.18     80.90     77.59  0.         695.493      -2346.467      -2555.475    0.000  -0.015   0.042   0.
  2017 352  6  2  1 510 352.251406374    -133.35     79.54     77.23  0.         698.896      -2347.658      -2553.310    0.000  -0.015   0.042   0.
  2017 352  6  2  2 510 352.251417948    -133.38     78.19     76.78  0.         702.298      -2348.847      -2551.142    0.000  -0.015   0.042   0.
  2017 352  6  2  3 510 352.251429523    -133.31     76.88     76.25  0.         705.700      -2350.033      -2548.971    0.000  -0.015   0.042   0.
  2017 352  6  2  4 510 352.251441097    -133.11     75.59     75.56  0.         709.101      -2351.217      -2546.798    0.000  -0.015   0.042   0.
  2017 352  6  2  5 510 352.251452671    -132.80     74.24     74.80  0.         712.501      -2352.399      -2544.623    0.000  -0.015   0.042   0.
  2017 352  6  2  6 510 352.251464245    -132.40     72.82     74.01  0.         715.901      -2353.579      -2542.445    0.000  -0.016   0.043   0.
  2017 352  6  2  7 510 352.251475819    -131.91     71.35     73.13  0.         719.299      -2354.756      -2540.264    0.000  -0.016   0.043   0.
  2017 352  6  2  8 510 352.251487393    -131.31     69.79     72.29  0.         722.698      -2355.931      -2538.081    0.000  -0.016   0.043   0.
  2017 352  6  2  9 510 352.251498967    -130.54     68.12     71.39  0.         726.095      -2357.104      -2535.896    0.000  -0.016   0.043   0.
  2017 352  6  2 10 510 352.251510541    -129.64     66.40     70.50  0.         729.492      -2358.274      -2533.708    0.000  -0.016   0.044   0.
  2017 352  6  2 11 510 352.251522115    -128.55     64.67     69.64  0.         732.888      -2359.442      -2531.518    0.000  -0.016   0.044   0.
  2017 352  6  2 12 510 352.251533689    -127.24     62.95     68.75  0.         736.283      -2360.608      -2529.325    0.000  -0.016   0.045   0.
  2017 352  6  2 13 510 352.251545263    -125.74     61.16     67.80  0.         739.678      -2361.772      -2527.130    0.000  -0.016   0.045   0.
  2017 352  6  2 14 510 352.251556837    -124.05     59.30     66.90  0.         743.072      -2362.933      -2524.932    0.000  -0.016   0.045   0.
  2017 352  6  2 15 510 352.251568411    -122.11     57.45     66.09  0.         746.465      -2364.092      -2522.732    0.000  -0.016   0.045   0.
  2017 352  6  2 16 510 352.251579986    -119.93     55.60     65.42  0.         749.858      -2365.249      -2520.530    0.000  -0.017   0.046   0.
  2017 352  6  2 17 510 352.251591560    -117.45     53.77     64.85  0.         753.250      -2366.404      -2518.325    0.000  -0.017   0.046   0.
  2017 352  6  2 18 510 352.251603134    -114.77     52.09     64.46  0.         756.641      -2367.556      -2516.117    0.000  -0.017   0.046   0.
  2017 352  6  2 19 510 352.251614708    -111.85     50.55     64.22  0.         760.031      -2368.706      -2513.907    0.000  -0.017   0.046   0.
  2017 352  6  2 20 510 352.251626282    -108.74     49.20     64.19  0.         763.421      -2369.854      -2511.695    0.000  -0.017   0.046   0.
  2017 352  6  2 21 510 352.251637856    -105.43     48.07     64.35  0.         766.810      -2370.999      -2509.480    0.000  -0.017   0.046   0.
  2017 352  6  2 22 510 352.251649430    -101.96     47.21     64.77  0.         770.198      -2372.142      -2507.263    0.000  -0.017   0.047   0.
  2017 352  6  2 23 510 352.251661004     -98.36     46.56     65.35  0.         773.585      -2373.283      -2505.043    0.000  -0.017   0.047   0.
  2017 352  6  2 24 510 352.251672576     -94.68     46.19     66.12  0.         776.972      -2374.421      -2502.821    0.000  -0.017   0.048   0.
  2017 352  6  2 25 510 352.251684149     -90.95     46.06     67.09  0.         780.358      -2375.557      -2500.597    0.000  -0.017   0.048   0.
  2017 352  6  2 26 510 352.251695723     -87.19     46.20     68.11  0.         783.743      -2376.691      -2498.370    0.000  -0.017   0.048   0.
  2017 352  6  2 27 510 352.251707297     -83.47     46.63     69.32  0.         787.127      -2377.823      -2496.141    0.000  -0.017   0.048   0.
  2017 352  6  2 28 510 352.251718872     -79.83     47.31     70.65  0.         790.511      -2378.952      -2493.909    0.000  -0.018   0.048   0.
  2017 352  6  2 29 510 352.251730446     -76.29     48.29     72.15  0.         793.894      -2380.079      -2491.675    0.000  -0.018   0.048   0.
  2017 352  6  2 30 510 352.251742020     -72.86     49.49     73.66  0.         797.276      -2381.204      -2489.438    0.000  -0.018   0.049   0.
  2017 352  6  2 31 510 352.251753594     -69.62     50.91     75.33  0.         800.657      -2382.326      -2487.199    0.000  -0.018   0.049   0.
  2017 352  6  2 32 510 352.251765168     -66.53     52.52     77.00  0.         804.038      -2383.446      -2484.958    0.000  -0.018   0.049   0.
  2017 352  6  2 33 510 352.251776742     -63.61     54.24     78.70  0.         807.418      -2384.564      -2482.714    0.000  -0.018   0.049   0.
  2017 352  6  2 34 510 352.251788316     -60.90     56.02     80.40  0.         810.797      -2385.680      -2480.468    0.000  -0.018   0.050   0.
  2017 352  6  2 35 510 352.251799890     -58.29     57.88     82.03  0.         814.175      -2386.793      -2478.219    0.000  -0.018   0.050   0.
  2017 352  6  2 36 510 352.251811464     -55.79     59.83     83.55  0.         817.552      -2387.904      -2475.968    0.000  -0.018   0.051   0.
  2017 352  6  2 37 510 352.251823038     -53.39     61.80     85.01  0.         820.929      -2389.012      -2473.714    0.000  -0.018   0.051   0.
  2017 352  6  2 38 510 352.251834612     -51.09     63.81     86.39  0.         824.305      -2390.118      -2471.458    0.000  -0.019   0.051   0.
  2017 352  6  2 39 510 352.251846186     -48.85     65.89     87.74  0.         827.680      -2391.222      -2469.200    0.000  -0.019   0.051   0.
  2017 352  6  2 40 510 352.251857760     -46.67     68.06     89.09  0.         831.054      -2392.324      -2466.940    0.000  -0.019   0.051   0.
  2017 352  6  2 41 510 352.251869335     -44.58     70.30     90.52  0.         834.428      -2393.423      -2464.676    0.000  -0.019   0.051   0.
  2017 352  6  2 42 510 352.251880909     -42.55     72.60     92.13  0.         837.800      -2394.520      -2462.411    0.000  -0.019   0.052   0.
  2017 352  6  2 43 510 352.251892483     -40.61     74.94     93.87  0.         841.172      -2395.615      -2460.143    0.000  -0.019   0.052   0.
  2017 352  6  2 44 510 352.251904057     -38.74     77.32     95.77  0.         844.543      -2396.707      -2457.872    0.000  -0.019   0.053   0.
  2017 352  6  2 45 510 352.251915631     -37.00     79.79     97.82  0.         847.913      -2397.797      -2455.600    0.000  -0.019   0.053   0.
  2017 352  6  2 46 510 352.251927205     -35.55     82.23    100.06  0.         851.283      -2398.885      -2453.325    0.000  -0.019   0.053   0.
  2017 352  6  2 47 510 352.251938779     -34.43     84.54    102.35  0.         854.651      -2399.970      -2451.048    0.000  -0.019   0.053   0.
  2017 352  6  2 48 510 352.251950353     -33.62     86.74    104.59  0.         858.019      -2401.053      -2448.768    0.000  -0.020   0.054   0.
  2017 352  6  2 49 510 352.251961927     -32.97     88.96    106.77  0.         861.386      -2402.134      -2446.486    0.000  -0.020   0.054   0.
  2017 352  6  2 50 510 352.251973501     -32.38     91.27    108.88  0.         864.752      -2403.212      -2444.201    0.000  -0.020   0.054   0.
  2017 352  6  2 51 510 352.251985075     -31.86     93.77    110.89  0.         868.117      -2404.288      -2441.914    0.000  -0.020   0.054   0.
  2017 352  6  2 52 510 352.251996649     -31.45     96.38    112.95  0.         871.482      -2405.362      -2439.625    0.000  -0.020   0.055   0.
  2017 352  6  2 53 510 352.252008223     -31.12     99.19    115.02  0.         874.846      -2406.433      -2437.333    0.000  -0.020   0.055   0.
  2017 352  6  2 54 510 352.252019795     -30.90    102.09    117.09  0.         878.208      -2407.502      -2435.039    0.000  -0.020   0.055   0.
  2017 352  6  2 55 510 352.252031369     -30.86    105.07    119.06  0.         881.570      -2408.569      -2432.743    0.000  -0.020   0.055   0.
  2017 352  6  2 56 510 352.252042943     -31.17    108.12    121.00  0.         884.931      -2409.634      -2430.444    0.000  -0.020   0.056   0.
  2017 352  6  2 57 510 352.252054517     -31.97    111.24    122.88  0.         888.291      -2410.696      -2428.143    0.000  -0.020   0.056   0.
  2017 352  6  2 58 510 352.252066091     -33.21    114.42    124.78  0.         891.651      -2411.755      -2425.839    0.000  -0.020   0.056   0.
  2017 352  6  2 59 510 352.252077665     -34.86    117.77    126.63  0.         895.009      -2412.812      -2423.533    0.000  -0.020   0.056   0.
  2017 352  6  3  0 510 352.252089239     -36.70    121.33    128.45  0.         898.367      -2413.868      -2421.225    0.000  -0.021   0.057   0.
  2017 352  6  3  1 510 352.252100813     -38.65    125.05    130.12  0.         901.724      -2414.920      -2418.915    0.000  -0.021   0.057   0.
  2017 352  6  3  2 510 352.252112387     -40.93    128.79    131.50  0.         905.079      -2415.971      -2416.602    0.000  -0.021   0.057   0.
  2017 352  6  3  3 510 352.252123961     -43.83    132.33    132.61  0.         908.434      -2417.019      -2414.286    0.000  -0.021   0.057   0.
  2017 352  6  3  4 510 352.252135535     -47.52    135.61    133.47  0.         911.789      -2418.065      -2411.969    0.000  -0.021   0.058   0.
  2017 352  6  3  5 510 352.252147109     -52.02    138.67    134.17  0.         915.142      -2419.108      -2409.649    0.000  -0.021   0.058   0.
  2017 352  6  3  6 510 352.252158683     -57.00    141.76    134.47  0.         918.494      -2420.149      -2407.327    0.000  -0.021   0.058   0.
  2017 352  6  3  7 510 352.252170258     -62.16    145.01    134.23  0.         921.846      -2421.188      -2405.002    0.000  -0.021   0.058   0.
  2017 352  6  3  8 510 352.252181832     -67.56    147.44    133.01  0.         925.196      -2422.224      -2402.675    0.000  -0.021   0.059   0.
  2017 352  6  3  9 510 352.252193406     -75.47    147.82    132.64  0.         928.546      -2423.258      -2400.346    0.000  -0.021   0.059   0.
  2017 352  6  3 10 510 352.252204980     -83.11    150.01    131.76  0.         931.895      -2424.290      -2398.014    0.000  -0.022   0.059   0.
  2017 352  6  3 11 510 352.252216554     -90.15    153.24    129.16  0.         935.243      -2425.319      -2395.680    0.000  -0.022   0.059   0.
  2017 352  6  3 12 510 352.252228128     -97.70    154.87    125.80  0.         938.589      -2426.346      -2393.344    0.000  -0.022   0.060   0.
  2017 352  6  3 13 510 352.252239702    -105.59    155.91    121.89  0.         941.936      -2427.371      -2391.005    0.000  -0.022   0.060   0.
  2017 352  6  3 14 510 352.252251276    -113.38    156.48    117.16  0.         945.281      -2428.393      -2388.664    0.000  -0.022   0.060   0.
  2017 352  6  3 15 510 352.252262850    -121.05    156.38    111.63  0.         948.625      -2429.413      -2386.321    0.000  -0.022   0.060   0.
  2017 352  6  3 16 510 352.252274424    -128.53    155.36    105.41  0.         951.968      -2430.430      -2383.975    0.000  -0.022   0.061   0.
  2017 352  6  3 17 510 352.252285998    -135.86    153.44     98.64  0.         955.311      -2431.445      -2381.627    0.000  -0.022   0.061   0.
  2017 352  6  3 18 510 352.252297572    -142.74    150.70     91.24  0.         958.652      -2432.458      -2379.277    0.000  -0.022   0.061   0.
  2017 352  6  3 19 510 352.252309146    -149.35    146.96     83.48  0.         961.993      -2433.469      -2376.924    0.000  -0.022   0.061   0.
  2017 352  6  3 20 510 352.252320721    -155.62    142.53     75.39  0.         965.332      -2434.477      -2374.570    0.000  -0.022   0.062   0.
  2017 352  6  3 21 510 352.252332295    -161.38    137.61     67.07  0.         968.671      -2435.482      -2372.212    0.000  -0.022   0.062   0.
  2017 352  6  3 22 510 352.252343869    -166.47    132.34     58.50  0.         972.009      -2436.486      -2369.853    0.000  -0.023   0.063   0.
  2017 352  6  3 23 510 352.252355443    -170.83    126.63     49.69  0.         975.346      -2437.487      -2367.491    0.000  -0.023   0.063   0.
  2017 352  6  3 24 510 352.252367014    -174.57    120.39     40.96  0.         978.682      -2438.485      -2365.127    0.000  -0.023   0.063   0.
  2017 352  6  3 25 510 352.252378588    -177.72    113.62     32.25  0.         982.017      -2439.482      -2362.761    0.000  -0.023   0.063   0.
  2017 352  6  3 26 509 352.252390162    -180.29    106.43     23.62  0.         985.350      -2440.476      -2360.392    0.000  -0.023   0.064   0.
  2017 352  6  3 27 509 352.252401736    -182.29     98.97     15.26  0.         988.684      -2441.467      -2358.021    0.000  -0.023   0.064   0.
  2017 352  6  3 28 509 352.252413310    -183.73     91.31      7.16  0.         992.016      -2442.457      -2355.648    0.000  -0.023   0.064   0.
  2017 352  6  3 29 509 352.252424884    -184.57     83.59     -0.69  0.         995.347      -2443.443      -2353.272    0.000  -0.023   0.064   0.
  2017 352  6  3 30 509 352.252436458    -184.83     75.81     -8.30  0.         998.677      -2444.428      -2350.894    0.000  -0.023   0.065   0.
  2017 352  6  3 31 510 352.252448032    -184.57     68.05    -15.60  0.        1002.006      -2445.410      -2348.514    0.000  -0.023   0.065   0.
  2017 352  6  3 32 510 352.252459607    -183.84     60.37    -22.56  0.        1005.334      -2446.390      -2346.132    0.000  -0.024   0.065   0.
  2017 352  6  3 33 509 352.252471181    -182.67     52.75    -29.12  0.        1008.662      -2447.367      -2343.747    0.000  -0.024   0.065   0.
  2017 352  6  3 34 509 352.252482755    -181.17     45.21    -35.32  0.        1011.988      -2448.342      -2341.360    0.000  -0.024   0.066   0.
  2017 352  6  3 35 510 352.252494329    -179.41     37.83    -41.08  0.        1015.313      -2449.315      -2338.971    0.000  -0.024   0.066   0.
  2017 352  6  3 36 510 352.252505903    -177.37     30.57    -46.44  0.        1018.637      -2450.285      -2336.579    0.000  -0.024   0.066   0.
  2017 352  6  3 37 510 352.252517477    -175.13     23.55    -51.39  0.        1021.961      -2451.253      -2334.185    0.000  -0.024   0.066   0.
  2017 352  6  3 38 510 352.252529051    -172.74     16.75    -55.96  0.        1025.283      -2452.218      -2331.789    0.000  -0.024   0.067   0.
  2017 352  6  3 39 509 352.252540625    -170.26     10.13    -60.19  0.        1028.605      -2453.182      -2329.391    0.000  -0.024   0.067   0.
  2017 352  6  3 40 509 352.252552199    -167.72      3.77    -64.05  0.        1031.925      -2454.142      -2326.990    0.000  -0.024   0.067   0.
  2017 352  6  3 41 509 352.252563773    -165.16     -2.33    -67.59  0.        1035.244      -2455.101      -2324.588    0.000  -0.024   0.067   0.
  2017 352  6  3 42 509 352.252575347    -162.64     -8.16    -70.79  0.        1038.563      -2456.057      -2322.182    0.000  -0.025   0.068   0.
  2017 352  6  3 43 509 352.252586921    -160.18    -13.72    -73.70  0.        1041.880      -2457.010      -2319.775    0.000  -0.025   0.068   0.
  2017 352  6  3 44 510 352.252598495    -157.81    -19.07    -76.37  0.        1045.196      -2457.962      -2317.366    0.000  -0.025   0.068   0.
  2017 352  6  3 45 510 352.252610069    -155.56    -24.26    -78.80  0.        1048.512      -2458.910      -2314.954    0.000  -0.025   0.068   0.
  2017 352  6  3 46 509 352.252621644    -153.45    -29.24    -81.03  0.        1051.826      -2459.857      -2312.539    0.000  -0.025   0.069   0.
  2017 352  6  3 47 509 352.252633218    -151.49    -34.10    -83.18  0.        1055.139      -2460.801      -2310.123    0.000  -0.025   0.069   0.
  2017 352  6  3 48 510 352.252644792    -149.69    -38.89    -85.20  0.        1058.451      -2461.743      -2307.704    0.000  -0.025   0.070   0.
  2017 352  6  3 49 510 352.252656366    -148.03    -43.63    -87.11  0.        1061.763      -2462.682      -2305.284    0.000  -0.025   0.070   0.
  2017 352  6  3 50 510 352.252667940    -146.47    -48.30    -88.98  0.        1065.073      -2463.619      -2302.860    0.000  -0.025   0.070   0.
  2017 352  6  3 51 510 352.252679514    -145.00    -53.03    -90.77  0.        1068.382      -2464.554      -2300.435    0.000  -0.025   0.070   0.
  2017 352  6  3 52 510 352.252691085    -143.63    -57.78    -92.58  0.        1071.691      -2465.486      -2298.008    0.000  -0.026   0.071   0.
  2017 352  6  3 53 509 352.252702659    -142.33    -62.54    -94.34  0.        1074.998      -2466.416      -2295.578    0.000  -0.026   0.071   0.
  2017 352  6  3 54 509 352.252714233    -141.03    -67.34    -96.11  0.        1078.304      -2467.343      -2293.146    0.000  -0.026   0.071   0.
  2017 352  6  3 55 509 352.252725807    -139.78    -72.16    -97.82  0.        1081.609      -2468.268      -2290.711    0.000  -0.026   0.071   0.
  2017 352  6  3 56 509 352.252737381    -138.55    -77.10    -99.59  0.        1084.913      -2469.191      -2288.275    0.000  -0.026   0.072   0.
  2017 352  6  3 57 509 352.252748955    -137.36    -82.13   -101.26  0.        1088.216      -2470.111      -2285.836    0.000  -0.026   0.072   0.
  2017 352  6  3 58 509 352.252760530    -136.18    -87.21   -102.91  0.        1091.518      -2471.029      -2283.395    0.000  -0.026   0.072   0.
  2017 352  6  3 59 509 352.252772104    -134.99    -92.48   -104.57  0.        1094.819      -2471.944      -2280.952    0.000  -0.026   0.072   0.
  2017 352  6  4  0 509 352.252783678    -133.80    -97.88   -106.17  0.        1098.118      -2472.857      -2278.507    0.000  -0.026   0.073   0.
  2017 352  6  4  1 509 352.252795252    -132.49   -103.39   -107.78  0.        1101.417      -2473.768      -2276.059    0.000  -0.026   0.073   0.
  2017 352  6  4  2 509 352.252806826    -131.04   -108.95   -109.39  0.        1104.715      -2474.676      -2273.610    0.000  -0.027   0.073   0.
  2017 352  6  4  3 509 352.252818400    -129.44   -114.62   -110.97  0.        1108.012      -2475.582      -2271.158    0.000  -0.027   0.073   0.
  2017 352  6  4  4 509 352.252829974    -127.59   -120.33   -112.57  0.        1111.307      -2476.486      -2268.703    0.000  -0.027   0.074   0.
  2017 352  6  4  5 509 352.252841548    -125.45   -126.09   -114.14  0.        1114.602      -2477.387      -2266.247    0.000  -0.027   0.074   0.
  2017 352  6  4  6 509 352.252853122    -123.00   -131.83   -115.67  0.        1117.895      -2478.286      -2263.788    0.000  -0.027   0.074   0.
  2017 352  6  4  7 509 352.252864696    -120.32   -137.55   -117.13  0.        1121.187      -2479.182      -2261.328    0.000  -0.027   0.074   0.
  2017 352  6  4  8 509 352.252876270    -117.41   -143.22   -118.47  0.        1124.479      -2480.076      -2258.865    0.000  -0.027   0.075   0.
  2017 352  6  4  9 509 352.252887844    -114.34   -148.89   -119.64  0.        1127.769      -2480.968      -2256.399    0.000  -0.027   0.075   0.
  2017 352  6  4 10 509 352.252899418    -111.06   -154.51   -120.63  0.        1131.058      -2481.857      -2253.932    0.000  -0.027   0.075   0.
  2017 352  6  4 11 509 352.252910992    -107.61   -160.11   -121.39  0.        1134.346      -2482.743      -2251.463    0.000  -0.027   0.075   0.
  2017 352  6  4 12 509 352.252922567    -104.04   -165.66   -121.97  0.        1137.633      -2483.628      -2248.991    0.000  -0.028   0.076   0.
  2017 352  6  4 13 509 352.252934141    -100.32   -171.16   -122.27  0.        1140.918      -2484.510      -2246.517    0.000  -0.028   0.076   0.
  2017 352  6  4 14 509 352.252945715     -96.41   -176.59   -122.37  0.        1144.203      -2485.389      -2244.041    0.000  -0.028   0.077   0.
  2017 352  6  4 15 509 352.252957289     -92.26   -181.99   -122.23  0.        1147.487      -2486.266      -2241.562    0.000  -0.028   0.077   0.
  2017 352  6  4 16 509 352.252968863     -87.90   -187.35   -121.87  0.        1150.769      -2487.141      -2239.082    0.000  -0.028   0.077   0.
  2017 352  6  4 17 509 352.252980437     -83.31   -192.58   -121.23  0.        1154.051      -2488.013      -2236.599    0.000  -0.028   0.077   0.
  2017 352  6  4 18 509 352.252992011     -78.49   -197.75   -120.42  0.        1157.331      -2488.883      -2234.115    0.000  -0.028   0.078   0.
  2017 352  6  4 19 509 352.253003585     -73.41   -202.77   -119.37  0.        1160.610      -2489.751      -2231.628    0.000  -0.028   0.078   0.
  2017 352  6  4 20 509 352.253015159     -68.03   -207.60   -118.16  0.        1163.888      -2490.616      -2229.139    0.000  -0.028   0.078   0.
  2017 352  6  4 21 509 352.253026733     -62.50   -212.22   -116.74  0.        1167.165      -2491.479      -2226.647    0.000  -0.028   0.078   0.
  2017 352  6  4 22 509 352.253038305     -56.80   -216.63   -115.06  0.        1170.441      -2492.339      -2224.154    0.000  -0.029   0.078   0.
  2017 352  6  4 23 509 352.253049878     -50.97   -220.78   -113.11  0.        1173.715      -2493.197      -2221.658    0.000  -0.029   0.078   0.
  2017 352  6  4 24 509 352.253061453     -44.97   -224.73   -110.82  0.        1176.989      -2494.052      -2219.161    0.000  -0.029   0.079   0.
  2017 352  6  4 25 509 352.253073027     -38.76   -228.46   -108.24  0.        1180.261      -2494.905      -2216.661    0.000  -0.029   0.079   0.
  2017 352  6  4 26 509 352.253084601     -32.32   -232.00   -105.30  0.        1183.532      -2495.756      -2214.159    0.000  -0.029   0.080   0.
  2017 352  6  4 27 509 352.253096175     -25.77   -235.35   -101.88  0.        1186.802      -2496.604      -2211.655    0.000  -0.029   0.080   0.
  2017 352  6  4 28 509 352.253107749     -18.99   -238.47    -98.12  0.        1190.071      -2497.450      -2209.148    0.000  -0.029   0.080   0.
  2017 352  6  4 29 509 352.253119323     -11.84   -241.23    -94.43  0.        1193.339      -2498.294      -2206.640    0.000  -0.029   0.080   0.
  2017 352  6  4 30 509 352.253130897      -4.18   -243.55    -91.13  0.        1196.606      -2499.135      -2204.129    0.000  -0.029   0.081   0.
  2017 352  6  4 31 509 352.253142471       3.89   -245.18    -88.27  0.        1199.871      -2499.973      -2201.616    0.000  -0.029   0.081   0.
  2017 352  6  4 32 509 352.253154045      12.30   -245.94    -85.84  0.        1203.136      -2500.809      -2199.102    0.000  -0.030   0.081   0.
  2017 352  6  4 33 509 352.253165619      20.84   -245.80    -83.73  0.        1206.399      -2501.643      -2196.585    0.000  -0.030   0.081   0.
  2017 352  6  4 34 509 352.253177193      29.04   -244.88    -81.17  0.        1209.661      -2502.475      -2194.065    0.000  -0.030   0.082   0.
  2017 352  6  4 35 509 352.253188767      36.62   -243.31    -78.16  0.        1212.922      -2503.303      -2191.544    0.000  -0.030   0.082   0.
  2017 352  6  4 36 509 352.253200341      41.55   -241.45    -72.02  0.        1216.182      -2504.130      -2189.021    0.000  -0.030   0.083   0.
  2017 352  6  4 37 509 352.253211916      42.43   -240.94    -60.11  0.        1219.440      -2504.954      -2186.495    0.000  -0.030   0.083   0.
  2017 352  6  4 38 509 352.253223490      47.44   -239.98    -54.50  0.        1222.697      -2505.776      -2183.968    0.000  -0.030   0.083   0.
  2017 352  6  4 39 509 352.253235064      52.67   -238.06    -49.13  0.        1225.954      -2506.595      -2181.438    0.000  -0.030   0.083   0.
  2017 352  6  4 40 509 352.253246638      57.08   -235.95    -42.71  0.        1229.209      -2507.412      -2178.906    0.000  -0.030   0.084   0.
  2017 352  6  4 41 509 352.253258212      61.52   -233.60    -36.46  0.        1232.462      -2508.227      -2176.372    0.000  -0.030   0.084   0.
  2017 352  6  4 42 509 352.253269786      65.61   -230.81    -29.98  0.        1235.715      -2509.039      -2173.836    0.000  -0.031   0.084   0.
  2017 352  6  4 43 509 352.253281360      69.16   -227.94    -22.94  0.        1238.966      -2509.848      -2171.298    0.000  -0.031   0.084   0.
  2017 352  6  4 44 509 352.253292934      72.88   -224.65    -16.38  0.        1242.217      -2510.655      -2168.758    0.000  -0.031   0.084   0.
  2017 352  6  4 45 509 352.253304508      76.65   -220.97    -10.18  0.        1245.466      -2511.460      -2166.216    0.000  -0.031   0.084   0.
  2017 352  6  4 46 509 352.253316082      80.23   -217.00     -4.10  0.        1248.713      -2512.262      -2163.671    0.000  -0.031   0.085   0.
  2017 352  6  4 47 509 352.253327656      83.54   -212.93      1.95  0.        1251.960      -2513.062      -2161.125    0.000  -0.031   0.085   0.
  2017 352  6  4 48 509 352.253339230      86.59   -208.71      7.82  0.        1255.206      -2513.860      -2158.576    0.000  -0.031   0.086   0.
  2017 352  6  4 49 509 352.253350804      89.44   -204.30     13.65  0.        1258.450      -2514.655      -2156.026    0.000  -0.031   0.086   0.
  2017 352  6  4 50 509 352.253362379      92.16   -199.72     19.23  0.        1261.693      -2515.448      -2153.473    0.000  -0.031   0.086   0.
  2017 352  6  4 51 509 352.253373953      94.70   -195.03     24.57  0.        1264.935      -2516.238      -2150.918    0.000  -0.031   0.086   0.
  2017 352  6  4 52 509 352.253385527      96.95   -190.09     29.88  0.        1268.175      -2517.026      -2148.361    0.000  -0.032   0.087   0.
  2017 352  6  4 53 509 352.253397101      98.98   -185.03     35.13  0.        1271.415      -2517.811      -2145.802    0.000  -0.032   0.087   0.
  2017 352  6  4 54 509 352.253408672     100.77   -179.94     40.39  0.        1274.653      -2518.594      -2143.241    0.000  -0.032   0.088   0.
  2017 352  6  4 55 509 352.253420246     102.35   -174.74     45.61  0.        1277.890      -2519.375      -2140.678    0.000  -0.032   0.088   0.
  2017 352  6  4 56 509 352.253431820     103.75   -169.51     50.70  0.        1281.125      -2520.153      -2138.113    0.000  -0.032   0.088   0.
  2017 352  6  4 57 509 352.253443394     104.94   -164.26     55.71  0.        1284.360      -2520.929      -2135.545    0.000  -0.032   0.088   0.
  2017 352  6  4 58 509 352.253454968     105.99   -158.91     60.57  0.        1287.593      -2521.702      -2132.976    0.000  -0.032   0.088   0.
  2017 352  6  4 59 509 352.253466542     106.98   -153.47     65.38  0.        1290.825      -2522.473      -2130.405    0.000  -0.032   0.088   0.
  2017 352  6  5  0 509 352.253478116     107.92   -148.06     70.09  0.        1294.056      -2523.242      -2127.831    0.000  -0.032   0.089   0.
  2017 352  6  5  1 509 352.253489690     108.77   -142.55     74.76  0.        1297.285      -2524.008      -2125.256    0.000  -0.032   0.089   0.
  2017 352  6  5  2 509 352.253501264     109.48   -136.91     79.41  0.        1300.514      -2524.771      -2122.678    0.000  -0.033   0.090   0.
  2017 352  6  5  3 509 352.253512839     110.06   -131.12     83.97  0.        1303.741      -2525.532      -2120.099    0.000  -0.033   0.090   0.
  2017 352  6  5  4 509 352.253524413     110.55   -125.21     88.49  0.        1306.966      -2526.291      -2117.517    0.000  -0.033   0.090   0.
  2017 352  6  5  5 509 352.253535987     110.97   -119.22     92.95  0.        1310.191      -2527.047      -2114.933    0.000  -0.033   0.090   0.
  2017 352  6  5  6 509 352.253547561     111.26   -113.12     97.36  0.        1313.414      -2527.801      -2112.348    0.000  -0.033   0.091   0.
  2017 352  6  5  7 509 352.253559135     111.47   -106.91    101.67  0.        1316.636      -2528.553      -2109.760    0.000  -0.033   0.091   0.
  2017 352  6  5  8 509 352.253570709     111.51   -100.60    105.84  0.        1319.857      -2529.302      -2107.170    0.000  -0.033   0.091   0.
  2017 352  6  5  9 509 352.253582283     111.42    -94.16    110.00  0.        1323.076      -2530.048      -2104.578    0.000  -0.033   0.091   0.
  2017 352  6  5 10 509 352.253593857     111.12    -87.62    114.09  0.        1326.295      -2530.792      -2101.984    0.000  -0.033   0.092   0.
  2017 352  6  5 11 509 352.253605431     110.69    -81.02    118.07  0.        1329.511      -2531.534      -2099.389    0.000  -0.033   0.092   0.
  2017 352  6  5 12 509 352.253617005     109.99    -74.30    121.92  0.        1332.727      -2532.274      -2096.791    0.000  -0.034   0.092   0.
  2017 352  6  5 13 509 352.253628579     108.98    -67.45    125.66  0.        1335.941      -2533.010      -2094.191    0.000  -0.034   0.092   0.
  2017 352  6  5 14 509 352.253640153     107.74    -60.45    129.30  0.        1339.155      -2533.745      -2091.589    0.000  -0.034   0.093   0.
  2017 352  6  5 15 509 352.253651727     106.20    -53.41    132.86  0.        1342.366      -2534.477      -2088.985    0.000  -0.034   0.093   0.
  2017 352  6  5 16 509 352.253663302     104.36    -46.29    136.36  0.        1345.577      -2535.206      -2086.379    0.000  -0.034   0.093   0.
  2017 352  6  5 17 509 352.253674876     102.20    -39.11    139.73  0.        1348.786      -2535.934      -2083.771    0.000  -0.034   0.093   0.
  2017 352  6  5 18 509 352.253686450      99.65    -31.83    143.03  0.        1351.994      -2536.658      -2081.161    0.000  -0.034   0.094   0.
  2017 352  6  5 19 509 352.253698024      96.73    -24.55    146.07  0.        1355.201      -2537.381      -2078.549    0.000  -0.034   0.094   0.
  2017 352  6  5 20 509 352.253709598      93.36    -17.21    148.84  0.        1358.406      -2538.101      -2075.935    0.000  -0.034   0.095   0.
  2017 352  6  5 21 509 352.253721172      89.57     -9.90    151.40  0.        1361.610      -2538.818      -2073.319    0.000  -0.034   0.095   0.
  2017 352  6  5 22 508 352.253732743      85.38     -2.66    153.62  0.        1364.813      -2539.533      -2070.701    0.000  -0.035   0.095   0.
  2017 352  6  5 23 508 352.253744317      80.83      4.54    155.58  0.        1368.014      -2540.245      -2068.081    0.000  -0.035   0.095   0.
  2017 352  6  5 24 508 352.253755891      75.88     11.60    157.23  0.        1371.214      -2540.956      -2065.460    0.000  -0.035   0.096   0.
  2017 352  6  5 25 508 352.253767465      70.59     18.55    158.44  0.        1374.413      -2541.663      -2062.836    0.000  -0.035   0.096   0.
  2017 352  6  5 26 509 352.253779039      64.95     25.36    159.27  0.        1377.611      -2542.369      -2060.210    0.000  -0.035   0.096   0.
  2017 352  6  5 27 509 352.253790613      59.05     31.99    159.67  0.        1380.807      -2543.071      -2057.582    0.000  -0.035   0.096   0.
  2017 352  6  5 28 509 352.253802188      52.85     38.30    159.64  0.        1384.002      -2543.772      -2054.952    0.000  -0.035   0.097   0.
  2017 352  6  5 29 508 352.253813762      46.46     44.30    159.29  0.        1387.195      -2544.470      -2052.320    0.000  -0.035   0.097   0.
  2017 352  6  5 30 509 352.253825336      39.92     49.97    158.63  0.        1390.387      -2545.165      -2049.686    0.000  -0.035   0.097   0.
  2017 352  6  5 31 509 352.253836910      33.32     55.33    157.60  0.        1393.578      -2545.858      -2047.051    0.000  -0.035   0.097   0.
  2017 352  6  5 32 509 352.253848484      26.69     60.38    156.17  0.        1396.768      -2546.549      -2044.413    0.000  -0.036   0.098   0.
  2017 352  6  5 33 509 352.253860058      20.02     65.13    154.36  0.        1399.956      -2547.237      -2041.773    0.000  -0.036   0.098   0.
  2017 352  6  5 34 509 352.253871632      13.21     69.62    152.08  0.        1403.143      -2547.923      -2039.132    0.000  -0.036   0.098   0.
  2017 352  6  5 35 508 352.253883206       6.37     73.80    149.33  0.        1406.328      -2548.606      -2036.488    0.000  -0.036   0.098   0.
  2017 352  6  5 36 508 352.253894780      -0.40     77.71    146.24  0.        1409.513      -2549.287      -2033.843    0.000  -0.036   0.099   0.
  2017 352  6  5 37 508 352.253906354      -7.08     81.38    142.79  0.        1412.696      -2549.966      -2031.195    0.000  -0.036   0.099   0.
  2017 352  6  5 38 508 352.253917928     -13.63     84.69    138.92  0.        1415.877      -2550.642      -2028.546    0.000  -0.036   0.100   0.
  2017 352  6  5 39 508 352.253929502     -19.93     87.61    134.76  0.        1419.057      -2551.315      -2025.894    0.000  -0.036   0.100   0.
  2017 352  6  5 40 509 352.253941076     -25.92     90.06    130.40  0.        1422.236      -2551.986      -2023.241    0.000  -0.036   0.100   0.
  2017 352  6  5 41 509 352.253952650     -31.68     92.00    125.98  0.        1425.413      -2552.655      -2020.585    0.000  -0.036   0.100   0.
  2017 352  6  5 42 508 352.253964225     -37.37     93.19    121.44  0.        1428.589      -2553.321      -2017.929    0.000  -0.037   0.101   0.
  2017 352  6  5 43 508 352.253975799     -42.96     93.79    116.73  0.        1431.764      -2553.985      -2015.269    0.000  -0.037   0.101   0.
  2017 352  6  5 44 509 352.253987373     -48.13     94.32    111.68  0.        1434.938      -2554.647      -2012.608    0.000  -0.037   0.101   0.
  2017 352  6  5 45 509 352.253998947     -52.74     94.98    106.05  0.        1438.110      -2555.306      -2009.945    0.000  -0.037   0.101   0.
  2017 352  6  5 46 509 352.254010521     -57.16     95.17    100.30  0.        1441.280      -2555.962      -2007.281    0.000  -0.037   0.102   0.
  2017 352  6  5 47 509 352.254022095     -61.58     94.55     94.68  0.        1444.449      -2556.616      -2004.614    0.000  -0.037   0.102   0.
  2017 352  6  5 48 509 352.254033669     -65.42     94.01     88.70  0.        1447.617      -2557.268      -2001.945    0.000  -0.037   0.102   0.
  2017 352  6  5 49 508 352.254045243     -68.47     92.89     82.36  0.        1450.784      -2557.917      -1999.274    0.000  -0.037   0.102   0.
  2017 352  6  5 50 508 352.254056817     -72.59     87.59     78.78  0.        1453.949      -2558.564      -1996.602    0.000  -0.038   0.103   0.
  2017 352  6  5 51 508 352.254068391     -75.78     84.56     74.15  0.        1457.112      -2559.208      -1993.927    0.000  -0.038   0.103   0.
  2017 352  6  5 52 508 352.254079963     -78.07     82.18     68.94  0.        1460.275      -2559.850      -1991.251    0.000  -0.038   0.103   0.
  2017 352  6  5 53 508 352.254091536     -79.92     79.58     63.80  0.        1463.436      -2560.490      -1988.573    0.000  -0.038   0.103   0.
  2017 352  6  5 54 508 352.254103111     -81.36     76.97     58.70  0.        1466.595      -2561.127      -1985.892    0.000  -0.038   0.104   0.
  2017 352  6  5 55 508 352.254114685     -82.38     74.34     53.59  0.        1469.753      -2561.761      -1983.210    0.000  -0.038   0.104   0.
  2017 352  6  5 56 508 352.254126259     -83.13     71.38     48.73  0.        1472.910      -2562.393      -1980.526    0.000  -0.038   0.104   0.
  2017 352  6  5 57 508 352.254137833     -83.60     67.95     44.34  0.        1476.065      -2563.023      -1977.841    0.000  -0.038   0.104   0.
  2017 352  6  5 58 508 352.254149407     -83.88     64.23     40.32  0.        1479.219      -2563.650      -1975.153    0.000  -0.038   0.105   0.
  2017 352  6  5 59 508 352.254160981     -83.91     60.26     36.55  0.        1482.372      -2564.275      -1972.463    0.000  -0.038   0.105   0.
  2017 352  6  6  0 508 352.254172555     -83.83     55.87     33.23  0.        1485.523      -2564.898      -1969.772    0.000  -0.038   0.106   0.
  2017 352  6  6  1 508 352.254184129     -83.57     51.19     30.24  0.        1488.673      -2565.518      -1967.078    0.000  -0.038   0.106   0.
  2017 352  6  6  2 508 352.254195703     -83.40     46.16     27.77  0.        1491.821      -2566.135      -1964.383    0.000  -0.039   0.106   0.
  2017 352  6  6  3 508 352.254207277     -83.09     42.04     25.02  0.        1494.968      -2566.750      -1961.686    0.000  -0.039   0.106   0.
  2017 352  6  6  4 508 352.254218851     -82.48     38.21     22.37  0.        1498.113      -2567.363      -1958.987    0.000  -0.039   0.107   0.
  2017 352  6  6  5 508 352.254230425     -81.65     34.50     19.82  0.        1501.257      -2567.973      -1956.286    0.000  -0.039   0.107   0.
  2017 352  6  6  6 508 352.254241999     -80.63     30.60     17.75  0.        1504.400      -2568.581      -1953.583    0.000  -0.039   0.107   0.
  2017 352  6  6  7 508 352.254253573     -79.56     26.84     15.89  0.        1507.541      -2569.186      -1950.879    0.000  -0.039   0.107   0.
  2017 352  6  6  8 508 352.254265148     -78.37     23.42     14.09  0.        1510.681      -2569.789      -1948.172    0.000  -0.039   0.108   0.
  2017 352  6  6  9 508 352.254276722     -77.04     19.90     12.60  0.        1513.819      -2570.389      -1945.464    0.000  -0.039   0.108   0.
  2017 352  6  6 10 508 352.254288296     -75.63     16.14     11.48  0.        1516.956      -2570.987      -1942.754    0.000  -0.039   0.108   0.
  2017 352  6  6 11 508 352.254299870     -74.18     12.33     10.65  0.        1520.092      -2571.583      -1940.042    0.000  -0.039   0.108   0.
  2017 352  6  6 12 508 352.254311444     -72.67      8.51     10.12  0.        1523.226      -2572.176      -1937.328    0.000  -0.040   0.109   0.
  2017 352  6  6 13 508 352.254323018     -71.15      4.81      9.76  0.        1526.358      -2572.767      -1934.612    0.000  -0.040   0.109   0.
  2017 352  6  6 14 508 352.254334592     -69.60      1.43      9.44  0.        1529.489      -2573.355      -1931.895    0.000  -0.040   0.109   0.
  2017 352  6  6 15 508 352.254346166     -68.00     -1.78      9.21  0.        1532.619      -2573.941      -1929.176    0.000  -0.040   0.109   0.
  2017 352  6  6 16 508 352.254357740     -66.31     -4.88      9.07  0.        1535.747      -2574.524      -1926.454    0.000  -0.040   0.110   0.
  2017 352  6  6 17 508 352.254369314     -64.57     -7.82      9.10  0.        1538.874      -2575.105      -1923.731    0.000  -0.040   0.110   0.
  2017 352  6  6 18 508 352.254380888     -62.81    -10.75      9.25  0.        1541.999      -2575.683      -1921.006    0.000  -0.040   0.110   0.
  2017 352  6  6 19 508 352.254392462     -61.05    -13.58      9.43  0.        1545.123      -2576.259      -1918.280    0.000  -0.040   0.110   0.
  2017 352  6  6 20 508 352.254404036     -59.32    -16.33      9.75  0.        1548.245      -2576.833      -1915.551    0.000  -0.040   0.111   0.
  2017 352  6  6 21 508 352.254415611     -57.53    -18.87     10.07  0.        1551.366      -2577.404      -1912.821    0.000  -0.040   0.111   0.
  2017 352  6  6 22 508 352.254427182     -55.76    -21.21     10.45  0.        1554.486      -2577.973      -1910.089    0.000  -0.041   0.111   0.
  2017 352  6  6 23 508 352.254438756     -54.02    -23.46     10.91  0.        1557.604      -2578.539      -1907.355    0.000  -0.041   0.111   0.
  2017 352  6  6 24 508 352.254450330     -52.32    -25.55     11.55  0.        1560.720      -2579.103      -1904.619    0.000  -0.041   0.112   0.
  2017 352  6  6 25 508 352.254461904     -50.69    -27.47     12.49  0.        1563.835      -2579.664      -1901.882    0.000  -0.041   0.112   0.
  2017 352  6  6 26 508 352.254473478     -49.08    -29.24     13.74  0.        1566.949      -2580.223      -1899.142    0.000  -0.041   0.113   0.
  2017 352  6  6 27 508 352.254485052     -47.43    -30.79     15.17  0.        1570.061      -2580.780      -1896.401    0.000  -0.041   0.113   0.
  2017 352  6  6 28 508 352.254496626     -45.81    -32.14     16.65  0.        1573.172      -2581.334      -1893.658    0.000  -0.041   0.113   0.
  2017 352  6  6 29 508 352.254508200     -44.16    -33.34     18.05  0.        1576.281      -2581.886      -1890.913    0.000  -0.041   0.113   0.
  2017 352  6  6 30 508 352.254519774     -42.57    -34.45     19.32  0.        1579.388      -2582.435      -1888.167    0.000  -0.042   0.114   0.
  2017 352  6  6 31 508 352.254531348     -41.03    -35.52     20.38  0.        1582.494      -2582.982      -1885.418    0.000  -0.042   0.114   0.
  2017 352  6  6 32 508 352.254542922     -39.53    -36.58     21.28  0.        1585.599      -2583.526      -1882.668    0.000  -0.042   0.114   0.
  2017 352  6  6 33 508 352.254554496     -38.07    -37.69     21.90  0.        1588.702      -2584.068      -1879.917    0.000  -0.042   0.114   0.
  2017 352  6  6 34 508 352.254566071     -36.67    -38.89     22.27  0.        1591.804      -2584.607      -1877.163    0.000  -0.042   0.115   0.
  2017 352  6  6 35 508 352.254577645     -35.33    -40.18     22.35  0.        1594.904      -2585.144      -1874.407    0.000  -0.042   0.115   0.
  2017 352  6  6 36 508 352.254589219     -34.20    -41.54     22.05  0.        1598.003      -2585.679      -1871.650    0.000  -0.042   0.116   0.
  2017 352  6  6 37 508 352.254600793     -33.13    -42.83     21.29  0.        1601.100      -2586.211      -1868.891    0.000  -0.042   0.116   0.
  2017 352  6  6 38 508 352.254612367     -32.03    -43.66     20.95  0.        1604.195      -2586.741      -1866.130    0.000  -0.042   0.116   0.
  2017 352  6  6 39 508 352.254623941     -31.01    -44.30     21.39  0.        1607.290      -2587.268      -1863.368    0.000  -0.042   0.116   0.
  2017 352  6  6 40 508 352.254635515     -29.92    -44.72     21.90  0.        1610.382      -2587.793      -1860.604    0.000  -0.042   0.116   0.
  2017 352  6  6 41 508 352.254647089     -28.88    -45.13     22.49  0.        1613.473      -2588.315      -1857.838    0.000  -0.042   0.116   0.
  2017 352  6  6 42 508 352.254658663     -27.91    -45.55     23.31  0.        1616.563      -2588.835      -1855.070    0.000  -0.043   0.117   0.
  2017 352  6  6 43 508 352.254670237     -27.01    -46.05     24.28  0.        1619.651      -2589.353      -1852.300    0.000  -0.043   0.117   0.
  2017 352  6  6 44 508 352.254681811     -26.07    -46.46     25.24  0.        1622.737      -2589.868      -1849.529    0.000  -0.043   0.118   0.
  2017 352  6  6 45 508 352.254693385     -25.21    -46.80     26.29  0.        1625.822      -2590.380      -1846.756    0.000  -0.043   0.118   0.
  2017 352  6  6 46 508 352.254704960     -24.41    -47.07     27.35  0.        1628.906      -2590.891      -1843.981    0.000  -0.043   0.118   0.
  2017 352  6  6 47 508 352.254716534     -23.63    -47.23     28.28  0.        1631.988      -2591.398      -1841.205    0.000  -0.043   0.118   0.
  2017 352  6  6 48 508 352.254728108     -22.77    -47.12     29.13  0.        1635.068      -2591.904      -1838.427    0.000  -0.043   0.119   0.
  2017 352  6  6 49 508 352.254739682     -21.95    -46.94     29.96  0.        1638.147      -2592.407      -1835.647    0.000  -0.043   0.119   0.
  2017 352  6  6 50 508 352.254751253     -21.22    -46.77     30.70  0.        1641.224      -2592.907      -1832.865    0.000  -0.043   0.119   0.
  2017 352  6  6 51 508 352.254762827     -20.49    -46.49     31.39  0.        1644.300      -2593.405      -1830.082    0.000  -0.043   0.119   0.
  2017 352  6  6 52 508 352.254774401     -19.81    -46.13     32.02  0.        1647.374      -2593.901      -1827.296    0.000  -0.044   0.120   0.
  2017 352  6  6 53 508 352.254785975     -19.06    -45.67     32.60  0.        1650.447      -2594.394      -1824.509    0.000  -0.044   0.120   0.
  2017 352  6  6 54 508 352.254797549     -18.36    -45.24     33.36  0.        1653.518      -2594.885      -1821.721    0.000  -0.044   0.120   0.
  2017 352  6  6 55 508 352.254809123     -17.88    -44.91     34.21  0.        1656.588      -2595.373      -1818.931    0.000  -0.044   0.120   0.
  2017 352  6  6 56 508 352.254820697     -17.53    -44.60     34.90  0.        1659.656      -2595.859      -1816.139    0.000  -0.044   0.121   0.
  2017 352  6  6 57 508 352.254832271     -17.17    -44.19     35.49  0.        1662.722      -2596.342      -1813.345    0.000  -0.044   0.121   0.
  2017 352  6  6 58 508 352.254843846     -16.77    -43.82     36.12  0.        1665.787      -2596.823      -1810.550    0.000  -0.044   0.121   0.
  2017 352  6  6 59 508 352.254855420     -16.35    -43.48     36.89  0.        1668.851      -2597.302      -1807.752    0.000  -0.044   0.121   0.
  2017 352  6  7  0 508 352.254866994     -16.01    -43.18     37.80  0.        1671.912      -2597.778      -1804.953    0.000  -0.044   0.122   0.
  2017 352  6  7  1 508 352.254878568     -15.77    -42.79     38.70  0.        1674.973      -2598.252      -1802.153    0.000  -0.044   0.122   0.
  2017 352  6  7  2 508 352.254890142     -15.58    -42.43     39.56  0.        1678.031      -2598.723      -1799.351    0.000  -0.044   0.122   0.
  2017 352  6  7  3 508 352.254901716     -15.54    -41.99     40.43  0.        1681.088      -2599.192      -1796.547    0.000  -0.044   0.122   0.
  2017 352  6  7  4 508 352.254913290     -15.57    -41.45     41.10  0.        1684.144      -2599.658      -1793.741    0.000  -0.045   0.123   0.
  2017 352  6  7  5 508 352.254924864     -15.66    -40.82     41.60  0.        1687.198      -2600.122      -1790.934    0.000  -0.045   0.123   0.
  2017 352  6  7  6 508 352.254936438     -15.85    -40.28     42.08  0.        1690.250      -2600.584      -1788.125    0.000  -0.045   0.124   0.
  2017 352  6  7  7 508 352.254948012     -16.07    -39.66     42.75  0.        1693.301      -2601.043      -1785.315    0.000  -0.045   0.124   0.
  2017 352  6  7  8 508 352.254959586     -16.32    -38.83     43.33  0.        1696.350      -2601.499      -1782.502    0.000  -0.045   0.124   0.
  2017 352  6  7  9 508 352.254971160     -16.55    -38.02     43.92  0.        1699.398      -2601.954      -1779.689    0.000  -0.045   0.124   0.
  2017 352  6  7 10 508 352.254982734     -16.76    -37.26     44.63  0.        1702.444      -2602.406      -1776.873    0.000  -0.045   0.124   0.
  2017 352  6  7 11 508 352.254994308     -16.96    -36.39     45.28  0.        1705.489      -2602.855      -1774.056    0.000  -0.045   0.124   0.
  2017 352  6  7 12 508 352.255005883     -17.15    -35.40     45.79  0.        1708.532      -2603.302      -1771.237    0.000  -0.046   0.125   0.
  2017 352  6  7 13 508 352.255017457     -17.29    -34.45     46.23  0.        1711.573      -2603.746      -1768.416    0.000  -0.046   0.125   0.
  2017 352  6  7 14 508 352.255029031     -17.34    -33.51     46.71  0.        1714.612      -2604.189      -1765.594    0.000  -0.046   0.126   0.
  2017 352  6  7 15 508 352.255040605     -17.56    -32.33     47.54  0.        1717.651      -2604.628      -1762.770    0.000  -0.046   0.126   0.
  2017 352  6  7 16 508 352.255052179     -17.82    -30.90     48.49  0.        1720.687      -2605.066      -1759.944    0.000  -0.046   0.126   0.
  2017 352  6  7 17 508 352.255063753     -18.16    -29.08     49.69  0.        1723.722      -2605.500      -1757.117    0.000  -0.046   0.126   0.
  2017 352  6  7 18 508 352.255075327     -18.68    -26.26     51.26  0.        1726.755      -2605.933      -1754.289    0.000  -0.046   0.127   0.
  2017 352  6  7 19 508 352.255086901     -19.45    -21.89     52.88  0.        1729.787      -2606.363      -1751.458    0.000  -0.046   0.127   0.
  2017 352  6  7 20 507 352.255098473     -20.37    -16.81     54.01  0.        1732.817      -2606.790      -1748.626    0.000  -0.046   0.127   0.
  2017 352  6  7 21 507 352.255110046     -20.94    -12.98     54.28  0.        1735.846      -2607.215      -1745.792    0.000  -0.046   0.127   0.
  2017 352  6  7 22 508 352.255121620     -21.04    -10.90     54.12  0.        1738.872      -2607.638      -1742.957    0.000  -0.046   0.128   0.
  2017 352  6  7 23 508 352.255133194     -21.07     -9.71     53.95  0.        1741.897      -2608.058      -1740.120    0.000  -0.046   0.128   0.
  2017 352  6  7 24 507 352.255144769     -20.94     -8.77     53.92  0.        1744.921      -2608.476      -1737.282    0.000  -0.047   0.128   0.
  2017 352  6  7 25 507 352.255156343     -20.85     -7.96     53.89  0.        1747.943      -2608.892      -1734.441    0.000  -0.047   0.128   0.
  2017 352  6  7 26 508 352.255167917     -20.68     -7.74     53.88  0.        1750.964      -2609.305      -1731.599    0.000  -0.047   0.129   0.
  2017 352  6  7 27 508 352.255179491     -20.34     -7.71     53.97  0.        1753.982      -2609.715      -1728.756    0.000  -0.047   0.129   0.
  2017 352  6  7 28 508 352.255191065     -20.00     -7.73     54.16  0.        1756.999      -2610.123      -1725.911    0.000  -0.047   0.130   0.
  2017 352  6  7 29 508 352.255202639     -19.70     -7.84     54.16  0.        1760.015      -2610.529      -1723.064    0.000  -0.047   0.130   0.
  2017 352  6  7 30 508 352.255214213     -19.38     -8.06     54.14  0.        1763.029      -2610.932      -1720.216    0.000  -0.047   0.130   0.
  2017 352  6  7 31 507 352.255225787     -19.05     -8.02     54.14  0.        1766.041      -2611.333      -1717.366    0.000  -0.047   0.130   0.
  2017 352  6  7 32 507 352.255237361     -18.67     -8.37     53.96  0.        1769.051      -2611.732      -1714.515    0.000  -0.048   0.131   0.
  2017 352  6  7 33 507 352.255248935     -18.16     -8.57     54.05  0.        1772.060      -2612.128      -1711.662    0.000  -0.048   0.131   0.
  2017 352  6  7 34 507 352.255260509     -17.66     -8.56     54.22  0.        1775.068      -2612.521      -1708.807    0.000  -0.048   0.131   0.
  2017 352  6  7 35 507 352.255272083     -17.35     -8.57     54.30  0.        1778.073      -2612.913      -1705.951    0.000  -0.048   0.131   0.
  2017 352  6  7 36 508 352.255283657     -16.89     -8.59     54.65  0.        1781.077      -2613.302      -1703.093    0.000  -0.048   0.132   0.
  2017 352  6  7 37 508 352.255295231     -16.55     -8.46     55.11  0.        1784.080      -2613.688      -1700.234    0.000  -0.048   0.132   0.
  2017 352  6  7 38 507 352.255306806     -16.25     -8.23     55.65  0.        1787.080      -2614.072      -1697.373    0.000  -0.048   0.132   0.
  2017 352  6  7 39 507 352.255318380     -16.16     -7.91     56.17  0.        1790.079      -2614.453      -1694.510    0.000  -0.048   0.132   0.
  2017 352  6  7 40 508 352.255329954     -16.08     -7.69     56.56  0.        1793.077      -2614.832      -1691.646    0.000  -0.048   0.133   0.
  2017 352  6  7 41 508 352.255341528     -16.01     -7.37     56.75  0.        1796.072      -2615.209      -1688.781    0.000  -0.048   0.133   0.
  2017 352  6  7 42 508 352.255353102     -16.07     -7.40     56.98  0.        1799.067      -2615.583      -1685.913    0.000  -0.049   0.133   0.
  2017 352  6  7 43 508 352.255364676     -15.95     -7.49     57.46  0.        1802.059      -2615.955      -1683.045    0.000  -0.049   0.133   0.
  2017 352  6  7 44 508 352.255376250     -15.67     -7.31     58.16  0.        1805.050      -2616.325      -1680.174    0.000  -0.049   0.134   0.
  2017 352  6  7 45 507 352.255387824     -15.61     -6.99     58.63  0.        1808.039      -2616.692      -1677.303    0.000  -0.049   0.134   0.
  2017 352  6  7 46 507 352.255399398     -15.53     -6.46     59.06  0.        1811.026      -2617.056      -1674.429    0.000  -0.049   0.134   0.
  2017 352  6  7 47 507 352.255410972     -15.65     -5.98     59.29  0.        1814.012      -2617.419      -1671.554    0.000  -0.049   0.134   0.
  2017 352  6  7 48 507 352.255422546     -15.73     -5.50     59.63  0.        1816.996      -2617.779      -1668.678    0.000  -0.049   0.135   0.
  2017 352  6  7 49 508 352.255434120     -15.94     -5.09     59.97  0.        1819.978      -2618.136      -1665.800    0.000  -0.049   0.135   0.
  2017 352  6  7 50 508 352.255445692     -16.07     -4.77     60.38  0.        1822.959      -2618.491      -1662.920    0.000  -0.049   0.135   0.
  2017 352  6  7 51 507 352.255457266     -16.17     -4.26     60.84  0.        1825.938      -2618.843      -1660.039    0.000  -0.049   0.135   0.
  2017 352  6  7 52 507 352.255468840     -16.39     -3.73     61.13  0.        1828.916      -2619.193      -1657.156    0.000  -0.049   0.136   0.
  2017 352  6  7 53 507 352.255480414     -16.57     -3.41     61.47  0.        1831.891      -2619.541      -1654.272    0.000  -0.049   0.136   0.
  2017 352  6  7 54 507 352.255491988     -16.65     -2.90     61.86  0.        1834.865      -2619.887      -1651.386    0.000  -0.050   0.136   0.
  2017 352  6  7 55 507 352.255503562     -16.94     -2.57     62.18  0.        1837.838      -2620.230      -1648.499    0.000  -0.050   0.136   0.
  2017 352  6  7 56 507 352.255515136     -16.99     -2.39     62.98  0.        1840.808      -2620.570      -1645.610    0.000  -0.050   0.137   0.
  2017 352  6  7 57 507 352.255526710     -16.91     -1.73     63.96  0.        1843.777      -2620.908      -1642.720    0.000  -0.050   0.137   0.
  2017 352  6  7 58 507 352.255538284     -17.15     -0.60     64.70  0.        1846.744      -2621.244      -1639.828    0.000  -0.050   0.137   0.
  2017 352  6  7 59 507 352.255549858     -17.65      0.40     65.32  0.        1849.710      -2621.577      -1636.935    0.000  -0.050   0.137   0.
  2017 352  6  8  0 507 352.255561432     -18.35      1.28     65.89  0.        1852.674      -2621.908      -1634.040    0.000  -0.050   0.138   0.
  2017 352  6  8  1 507 352.255573006     -19.03      2.21     66.50  0.        1855.636      -2622.236      -1631.144    0.000  -0.050   0.138   0.
  2017 352  6  8  2 507 352.255584580     -19.82      3.10     66.77  0.        1858.596      -2622.563      -1628.246    0.000  -0.050   0.139   0.
  2017 352  6  8  3 507 352.255596154     -20.70      3.80     67.04  0.        1861.555      -2622.886      -1625.347    0.000  -0.050   0.139   0.
  2017 352  6  8  4 507 352.255607729     -21.72      4.45     67.22  0.        1864.512      -2623.207      -1622.446    0.000  -0.051   0.139   0.
  2017 352  6  8  5 507 352.255619303     -22.64      4.78     67.77  0.        1867.467      -2623.526      -1619.544    0.000  -0.051   0.139   0.
  2017 352  6  8  6 507 352.255630877     -23.47      5.64     68.71  0.        1870.421      -2623.843      -1616.640    0.000  -0.051   0.140   0.
  2017 352  6  8  7 507 352.255642451     -24.65      6.47     69.21  0.        1873.373      -2624.157      -1613.735    0.000  -0.051   0.140   0.
  2017 352  6  8  8 507 352.255654025     -25.83      7.21     70.01  0.        1876.323      -2624.468      -1610.828    0.000  -0.051   0.140   0.
  2017 352  6  8  9 507 352.255665599     -27.07      8.11     70.52  0.        1879.272      -2624.778      -1607.920    0.000  -0.051   0.140   0.
  2017 352  6  8 10 507 352.255677173     -28.30      8.79     70.84  0.        1882.218      -2625.084      -1605.010    0.000  -0.051   0.141   0.
  2017 352  6  8 11 507 352.255688747     -29.45      9.51     71.05  0.        1885.163      -2625.389      -1602.099    0.000  -0.051   0.141   0.
  2017 352  6  8 12 507 352.255700321     -30.55     10.02     71.23  0.        1888.107      -2625.691      -1599.186    0.000  -0.051   0.141   0.
  2017 352  6  8 13 507 352.255711895     -31.58     10.51     71.54  0.        1891.048      -2625.991      -1596.272    0.000  -0.051   0.141   0.
  2017 352  6  8 14 507 352.255723469     -32.59     11.27     71.76  0.        1893.988      -2626.288      -1593.357    0.000  -0.052   0.142   0.
  2017 352  6  8 15 507 352.255735043     -33.73     11.91     71.79  0.        1896.926      -2626.583      -1590.440    0.000  -0.052   0.142   0.
  2017 352  6  8 16 507 352.255746617     -34.94     12.27     71.79  0.        1899.862      -2626.875      -1587.521    0.000  -0.052   0.142   0.
  2017 352  6  8 17 507 352.255758192     -36.05     12.49     72.01  0.        1902.797      -2627.165      -1584.601    0.000  -0.052   0.142   0.
  2017 352  6  8 18 507 352.255769763     -36.97     12.74     72.40  0.        1905.730      -2627.453      -1581.680    0.000  -0.052   0.143   0.
  2017 352  6  8 19 507 352.255781337     -37.93     13.21     72.74  0.        1908.661      -2627.738      -1578.757    0.000  -0.052   0.143   0.
  2017 352  6  8 20 507 352.255792911     -38.87     13.68     73.08  0.        1911.591      -2628.021      -1575.833    0.000  -0.052   0.143   0.
  2017 352  6  8 21 507 352.255804485     -39.84     14.40     73.19  0.        1914.518      -2628.302      -1572.907    0.000  -0.052   0.143   0.
  2017 352  6  8 22 507 352.255816059     -41.02     14.86     73.07  0.        1917.444      -2628.580      -1569.980    0.000  -0.052   0.144   0.
  2017 352  6  8 23 507 352.255827633     -42.13     15.12     72.92  0.        1920.369      -2628.855      -1567.052    0.000  -0.052   0.144   0.
  2017 352  6  8 24 507 352.255839207     -43.17     15.29     72.83  0.        1923.291      -2629.129      -1564.122    0.000  -0.053   0.144   0.
  2017 352  6  8 25 507 352.255850781     -44.09     15.42     72.76  0.        1926.212      -2629.400      -1561.190    0.000  -0.053   0.144   0.
  2017 352  6  8 26 507 352.255862355     -44.95     15.53     72.89  0.        1929.131      -2629.668      -1558.257    0.000  -0.053   0.145   0.
  2017 352  6  8 27 507 352.255873929     -45.77     15.78     72.77  0.        1932.048      -2629.934      -1555.323    0.000  -0.053   0.145   0.
  2017 352  6  8 28 507 352.255885504     -46.59     16.01     72.44  0.        1934.963      -2630.198      -1552.388    0.000  -0.053   0.145   0.
  2017 352  6  8 29 507 352.255897077     -47.40     16.10     71.92  0.        1937.877      -2630.459      -1549.451    0.000  -0.053   0.145   0.
  2017 352  6  8 30 507 352.255908652     -48.15     16.10     71.21  0.        1940.789      -2630.718      -1546.512    0.000  -0.053   0.146   0.
  2017 352  6  8 31 507 352.255920226     -48.80     15.90     70.32  0.        1943.699      -2630.975      -1543.572    0.000  -0.053   0.146   0.
  2017 352  6  8 32 507 352.255931800     -49.41     15.64     69.57  0.        1946.608      -2631.229      -1540.631    0.000  -0.053   0.147   0.
  2017 352  6  8 33 507 352.255943374     -49.96     15.33     68.89  0.        1949.514      -2631.481      -1537.688    0.000  -0.053   0.147   0.
  2017 352  6  8 34 507 352.255954948     -50.36     14.94     68.10  0.        1952.419      -2631.730      -1534.745    0.000  -0.054   0.147   0.
  2017 352  6  8 35 507 352.255966522     -50.64     14.52     67.34  0.        1955.322      -2631.977      -1531.799    0.000  -0.054   0.147   0.
  2017 352  6  8 36 507 352.255978096     -50.80     14.13     66.59  0.        1958.224      -2632.222      -1528.852    0.000  -0.054   0.148   0.
  2017 352  6  8 37 507 352.255989670     -50.83     13.76     65.83  0.        1961.123      -2632.464      -1525.904    0.000  -0.054   0.148   0.
  2017 352  6  8 38 507 352.256001244     -50.71     13.41     64.82  0.        1964.021      -2632.704      -1522.954    0.000  -0.054   0.148   0.
  2017 352  6  8 39 507 352.256012818     -50.67     13.19     63.82  0.        1966.917      -2632.942      -1520.003    0.000  -0.054   0.148   0.
  2017 352  6  8 40 507 352.256024392     -50.64     12.91     62.77  0.        1969.811      -2633.177      -1517.051    0.000  -0.054   0.148   0.
  2017 352  6  8 41 507 352.256035966     -50.61     12.52     61.72  0.        1972.704      -2633.410      -1514.097    0.000  -0.054   0.148   0.
  2017 352  6  8 42 507 352.256047541     -50.41     12.03     60.71  0.        1975.595      -2633.640      -1511.142    0.000  -0.054   0.149   0.
  2017 352  6  8 43 507 352.256059115     -50.15     11.57     59.70  0.        1978.483      -2633.868      -1508.186    0.000  -0.054   0.149   0.
  2017 352  6  8 44 507 352.256070689     -49.77     11.07     58.75  0.        1981.371      -2634.094      -1505.228    0.000  -0.054   0.150   0.
  2017 352  6  8 45 507 352.256082263     -49.45     10.67     57.88  0.        1984.256      -2634.317      -1502.269    0.000  -0.054   0.150   0.
  2017 352  6  8 46 507 352.256093837     -48.96     10.36     57.05  0.        1987.139      -2634.538      -1499.308    0.000  -0.055   0.150   0.
  2017 352  6  8 47 507 352.256105411     -48.44     10.11     56.01  0.        1990.021      -2634.756      -1496.346    0.000  -0.055   0.150   0.
  2017 352  6  8 48 507 352.256116982     -48.00      9.84     54.95  0.        1992.901      -2634.973      -1493.383    0.000  -0.055   0.151   0.
  2017 352  6  8 49 507 352.256128556     -47.52      9.56     54.12  0.        1995.779      -2635.186      -1490.419    0.000  -0.055   0.151   0.
  2017 352  6  8 50 507 352.256140130     -47.14      9.26     53.35  0.        1998.656      -2635.398      -1487.453    0.000  -0.055   0.151   0.
  2017 352  6  8 51 507 352.256151704     -46.67      9.05     52.57  0.        2001.530      -2635.607      -1484.485    0.000  -0.055   0.151   0.
  2017 352  6  8 52 507 352.256163278     -46.19      8.77     51.83  0.        2004.403      -2635.813      -1481.517    0.000  -0.055   0.152   0.
  2017 352  6  8 53 507 352.256174852     -45.46      8.52     51.05  0.        2007.274      -2636.018      -1478.547    0.000  -0.055   0.152   0.
  2017 352  6  8 54 507 352.256186427     -44.71      8.42     50.37  0.        2010.143      -2636.220      -1475.576    0.000  -0.055   0.152   0.
  2017 352  6  8 55 507 352.256198001     -44.07      8.39     49.62  0.        2013.011      -2636.419      -1472.603    0.000  -0.055   0.152   0.
  2017 352  6  8 56 507 352.256209575     -43.46      8.32     48.93  0.        2015.876      -2636.616      -1469.629    0.000  -0.056   0.153   0.
  2017 352  6  8 57 507 352.256221149     -42.81      8.13     48.42  0.        2018.740      -2636.811      -1466.654    0.000  -0.056   0.153   0.
  2017 352  6  8 58 507 352.256232723     -42.16      8.09     48.10  0.        2021.602      -2637.004      -1463.677    0.000  -0.056   0.153   0.
  2017 352  6  8 59 507 352.256244297     -41.37      8.00     47.85  0.        2024.462      -2637.194      -1460.699    0.000  -0.056   0.153   0.
  2017 352  6  9  0 507 352.256255871     -40.31      7.94     47.46  0.        2027.320      -2637.381      -1457.720    0.000  -0.056   0.154   0.
  2017 352  6  9  1 507 352.256267445     -39.26      7.96     47.16  0.        2030.177      -2637.567      -1454.740    0.000  -0.056   0.154   0.
  2017 352  6  9  2 507 352.256279019     -38.15      7.83     46.88  0.        2033.031      -2637.750      -1451.758    0.000  -0.056   0.154   0.
  2017 352  6  9  3 507 352.256290593     -37.04      7.69     46.78  0.        2035.884      -2637.930      -1448.775    0.000  -0.056   0.154   0.
  2017 352  6  9  4 507 352.256302167     -35.92      7.49     46.98  0.        2038.735      -2638.109      -1445.791    0.000  -0.056   0.155   0.
  2017 352  6  9  5 507 352.256313741     -34.70      7.62     47.43  0.        2041.585      -2638.285      -1442.805    0.000  -0.056   0.155   0.
  2017 352  6  9  6 507 352.256325315     -33.28      7.87     47.60  0.        2044.432      -2638.458      -1439.818    0.000  -0.057   0.155   0.
  2017 352  6  9  7 507 352.256336889     -31.61      8.09     47.52  0.        2047.278      -2638.629      -1436.830    0.000  -0.057   0.155   0.
  2017 352  6  9  8 507 352.256348464     -30.03      8.25     47.58  0.        2050.121      -2638.798      -1433.840    0.000  -0.057   0.156   0.
  2017 352  6  9  9 507 352.256360038     -28.53      8.46     47.86  0.        2052.963      -2638.965      -1430.849    0.000  -0.057   0.156   0.
  2017 352  6  9 10 507 352.256371612     -26.95      8.63     47.87  0.        2055.803      -2639.129      -1427.857    0.000  -0.057   0.156   0.
  2017 352  6  9 11 507 352.256383186     -25.62     10.60     46.50  0.        2058.641      -2639.291      -1424.864    0.000  -0.057   0.156   0.
  2017 352  6  9 12 507 352.256394760     -25.14     14.03     45.46  0.        2061.478      -2639.450      -1421.869    0.000  -0.057   0.157   0.
  2017 352  6  9 13 507 352.256406334     -24.18     15.74     45.30  0.        2064.312      -2639.607      -1418.873    0.000  -0.057   0.157   0.
  2017 352  6  9 14 507 352.256417908     -23.11     17.04     44.98  0.        2067.145      -2639.762      -1415.876    0.000  -0.057   0.157   0.
  2017 352  6  9 15 507 352.256429482     -22.16     18.14     44.78  0.        2069.976      -2639.914      -1412.878    0.000  -0.057   0.157   0.
  2017 352  6  9 16 507 352.256441056     -21.55     19.17     44.65  0.        2072.805      -2640.064      -1409.878    0.000  -0.057   0.158   0.
  2017 352  6  9 17 507 352.256452630     -21.40     20.71     46.04  0.        2075.632      -2640.212      -1406.877    0.000  -0.057   0.158   0.
  2017 352  6  9 18 507 352.256464202     -21.21     22.66     47.75  0.        2078.458      -2640.357      -1403.875    0.000  -0.058   0.158   0.
  2017 352  6  9 19 507 352.256475775     -20.39     24.57     48.68  0.        2081.281      -2640.501      -1400.872    0.000  -0.058   0.158   0.
  2017 352  6  9 20 506 352.256487350     -20.17     27.35     49.99  0.        2084.103      -2640.641      -1397.867    0.000  -0.058   0.159   0.
  2017 352  6  9 21 506 352.256498924     -19.72     29.35     50.25  0.        2086.923      -2640.779      -1394.861    0.000  -0.058   0.159   0.
  2017 352  6  9 22 507 352.256510498     -18.78     30.50     49.62  0.        2089.741      -2640.915      -1391.854    0.000  -0.058   0.159   0.
  2017 352  6  9 23 507 352.256522072     -18.19     31.75     49.63  0.        2092.557      -2641.049      -1388.846    0.000  -0.058   0.159   0.
  2017 352  6  9 24 507 352.256533646     -17.74     32.53     49.64  0.        2095.371      -2641.180      -1385.836    0.000  -0.058   0.160   0.
  2017 352  6  9 25 507 352.256545220     -17.28     33.00     49.20  0.        2098.183      -2641.309      -1382.825    0.000  -0.058   0.160   0.
  2017 352  6  9 26 507 352.256556794     -16.79     33.84     49.91  0.        2100.994      -2641.436      -1379.813    0.000  -0.058   0.160   0.
  2017 352  6  9 27 506 352.256568368     -15.72     35.61     51.05  0.        2103.803      -2641.560      -1376.800    0.000  -0.058   0.160   0.
  2017 352  6  9 28 506 352.256579942     -14.73     37.65     51.54  0.        2106.609      -2641.682      -1373.785    0.000  -0.059   0.161   0.
  2017 352  6  9 29 506 352.256591516     -13.89     39.25     51.17  0.        2109.414      -2641.802      -1370.769    0.000  -0.059   0.161   0.
  2017 352  6  9 30 506 352.256603090     -13.79     40.74     50.83  0.        2112.217      -2641.919      -1367.752    0.000  -0.059   0.161   0.
  2017 352  6  9 31 507 352.256614664     -14.35     42.14     50.57  0.        2115.019      -2642.034      -1364.734    0.000  -0.059   0.161   0.
  2017 352  6  9 32 507 352.256626238     -15.23     43.60     51.47  0.        2117.818      -2642.146      -1361.715    0.000  -0.059   0.162   0.
  2017 352  6  9 33 507 352.256637813     -15.35     45.28     52.83  0.        2120.616      -2642.257      -1358.694    0.000  -0.059   0.162   0.
  2017 352  6  9 34 506 352.256649387     -15.43     46.07     52.02  0.        2123.411      -2642.365      -1355.673    0.000  -0.059   0.162   0.
  2017 352  6  9 35 507 352.256660961     -15.35     46.18     50.79  0.        2126.205      -2642.470      -1352.650    0.000  -0.059   0.162   0.
  2017 352  6  9 36 507 352.256672535     -15.59     46.98     50.29  0.        2128.997      -2642.574      -1349.625    0.000  -0.059   0.163   0.
  2017 352  6  9 37 507 352.256684109     -16.83     48.17     49.75  0.        2131.787      -2642.675      -1346.600    0.000  -0.059   0.163   0.
  2017 352  6  9 38 507 352.256695683     -18.49     50.34     50.85  0.        2134.575      -2642.773      -1343.574    0.000  -0.060   0.164   0.
  2017 352  6  9 39 507 352.256707257     -19.42     52.45     51.48  0.        2137.361      -2642.869      -1340.546    0.000  -0.060   0.164   0.
  2017 352  6  9 40 506 352.256718831     -21.72     52.91     50.86  0.        2140.146      -2642.963      -1337.517    0.000  -0.060   0.164   0.
  2017 352  6  9 41 506 352.256730405     -23.52     54.60     52.01  0.        2142.928      -2643.055      -1334.487    0.000  -0.060   0.164   0.
  2017 352  6  9 42 506 352.256741979     -23.26     55.95     52.61  0.        2145.709      -2643.144      -1331.456    0.000  -0.060   0.164   0.
  2017 352  6  9 43 506 352.256753553     -22.44     57.60     52.40  0.        2148.487      -2643.231      -1328.423    0.000  -0.060   0.164   0.
  2017 352  6  9 44 506 352.256765127     -22.69     58.02     51.53  0.        2151.264      -2643.316      -1325.390    0.000  -0.060   0.165   0.
  2017 352  6  9 45 507 352.256776701     -22.42     59.16     51.54  0.        2154.039      -2643.398      -1322.355    0.000  -0.060   0.165   0.
  2017 352  6  9 46 507 352.256788275     -21.88     59.86     51.36  0.        2156.812      -2643.479      -1319.319    0.000  -0.060   0.165   0.
  2017 352  6  9 47 506 352.256799850     -21.67     60.94     51.01  0.        2159.583      -2643.556      -1316.282    0.000  -0.060   0.165   0.
  2017 352  6  9 48 506 352.256811421     -21.21     61.79     50.30  0.        2162.352      -2643.632      -1313.244    0.000  -0.060   0.166   0.
  2017 352  6  9 49 506 352.256822995     -21.64     61.74     48.90  0.        2165.120      -2643.705      -1310.204    0.000  -0.060   0.166   0.
  2017 352  6  9 50 506 352.256834569     -21.92     62.46     48.53  0.        2167.885      -2643.776      -1307.164    0.000  -0.061   0.166   0.
  2017 352  6  9 51 506 352.256846143     -22.71     64.57     49.42  0.        2170.649      -2643.844      -1304.122    0.000  -0.061   0.166   0.
  2017 352  6  9 52 506 352.256857717     -23.40     66.79     49.74  0.        2173.410      -2643.910      -1301.079    0.000  -0.061   0.167   0.
  2017 352  6  9 53 506 352.256869291     -23.45     66.93     47.47  0.        2176.170      -2643.974      -1298.036    0.000  -0.061   0.167   0.
  2017 352  6  9 54 506 352.256880865     -23.37     66.38     46.20  0.        2178.928      -2644.036      -1294.991    0.000  -0.061   0.167   0.
  2017 352  6  9 55 506 352.256892439     -22.91     66.61     44.99  0.        2181.684      -2644.095      -1291.944    0.000  -0.061   0.167   0.
  2017 352  6  9 56 506 352.256904013     -22.38     66.04     42.61  0.        2184.438      -2644.152      -1288.897    0.000  -0.061   0.168   0.
  2017 352  6  9 57 506 352.256915587     -22.83     64.84     40.38  0.        2187.190      -2644.206      -1285.848    0.000  -0.061   0.168   0.
  2017 352  6  9 58 506 352.256927161     -24.64     65.27     40.35  0.        2189.941      -2644.259      -1282.799    0.000  -0.061   0.168   0.
  2017 352  6  9 59 506 352.256938736     -26.03     67.62     40.90  0.        2192.689      -2644.309      -1279.748    0.000  -0.061   0.168   0.
  2017 352  6 10  0 506 352.256950310     -27.04     69.16     40.26  0.        2195.435      -2644.356      -1276.696    0.000  -0.062   0.169   0.
  2017 352  6 10  1 506 352.256961884     -28.79     69.49     38.82  0.        2198.180      -2644.402      -1273.644    0.000  -0.062   0.169   0.
  2017 352  6 10  2 506 352.256973458     -30.23     69.13     37.69  0.        2200.922      -2644.445      -1270.590    0.000  -0.062   0.169   0.
  2017 352  6 10  3 506 352.256985032     -31.31     68.61     36.47  0.        2203.663      -2644.486      -1267.534    0.000  -0.062   0.169   0.
  2017 352  6 10  4 506 352.256996606     -31.77     68.68     35.91  0.        2206.402      -2644.524      -1264.478    0.000  -0.062   0.170   0.
  2017 352  6 10  5 506 352.257008180     -32.23     69.25     34.80  0.        2209.139      -2644.560      -1261.421    0.000  -0.062   0.170   0.
  2017 352  6 10  6 506 352.257019754     -32.81     70.40     33.95  0.        2211.874      -2644.594      -1258.362    0.000  -0.062   0.170   0.
  2017 352  6 10  7 506 352.257031328     -33.56     70.67     32.84  0.        2214.607      -2644.626      -1255.303    0.000  -0.062   0.170   0.
  2017 352  6 10  8 506 352.257042902     -34.48     71.22     32.49  0.        2217.338      -2644.655      -1252.242    0.000  -0.062   0.171   0.
  2017 352  6 10  9 506 352.257054476     -34.22     71.13     32.07  0.        2220.067      -2644.682      -1249.181    0.000  -0.062   0.171   0.
  2017 352  6 10 10 506 352.257066050     -33.90     70.53     30.91  0.        2222.794      -2644.707      -1246.118    0.000  -0.062   0.171   0.
  2017 352  6 10 11 506 352.257077624     -33.28     69.37     29.53  0.        2225.519      -2644.729      -1243.054    0.000  -0.062   0.171   0.
  2017 352  6 10 12 506 352.257089198     -33.33     68.61     28.27  0.        2228.243      -2644.749      -1239.989    0.000  -0.063   0.172   0.
  2017 352  6 10 13 506 352.257100773     -32.74     67.53     27.21  0.        2230.964      -2644.767      -1236.923    0.000  -0.063   0.172   0.
  2017 352  6 10 14 506 352.257112347     -32.56     67.38     26.17  0.        2233.684      -2644.783      -1233.856    0.000  -0.063   0.172   0.
  2017 352  6 10 15 506 352.257123921     -32.19     66.69     25.46  0.        2236.401      -2644.796      -1230.788    0.000  -0.063   0.172   0.
  2017 352  6 10 16 506 352.257135495     -32.22     65.90     24.10  0.        2239.117      -2644.807      -1227.719    0.000  -0.063   0.173   0.
  2017 352  6 10 17 506 352.257147069     -32.11     65.31     23.24  0.        2241.831      -2644.816      -1224.648    0.000  -0.063   0.173   0.
  2017 352  6 10 18 506 352.257158640     -31.98     65.01     22.16  0.        2244.543      -2644.822      -1221.577    0.000  -0.063   0.173   0.
  2017 352  6 10 19 506 352.257170214     -32.46     64.86     21.82  0.        2247.253      -2644.826      -1218.505    0.000  -0.063   0.173   0.
  2017 352  6 10 20 506 352.257181788     -32.47     64.62     21.58  0.        2249.960      -2644.828      -1215.431    0.000  -0.063   0.174   0.
  2017 352  6 10 21 506 352.257193362     -32.54     64.14     21.45  0.        2252.666      -2644.828      -1212.357    0.000  -0.063   0.174   0.
  2017 352  6 10 22 506 352.257204936     -32.84     63.95     21.43  0.        2255.370      -2644.825      -1209.281    0.000  -0.063   0.174   0.
  2017 352  6 10 23 506 352.257216510     -33.01     63.83     21.72  0.        2258.072      -2644.820      -1206.205    0.000  -0.063   0.174   0.
  2017 352  6 10 24 506 352.257228085     -32.69     62.97     21.71  0.        2260.773      -2644.813      -1203.127    0.000  -0.064   0.175   0.
  2017 352  6 10 25 506 352.257239659     -31.57     61.83     22.31  0.        2263.471      -2644.804      -1200.049    0.000  -0.064   0.175   0.
  2017 352  6 10 26 506 352.257251233     -30.39     60.50     21.29  0.        2266.167      -2644.792      -1196.969    0.000  -0.064   0.175   0.
  2017 352  6 10 27 506 352.257262807     -30.35     60.29     20.58  0.        2268.862      -2644.778      -1193.888    0.000  -0.064   0.175   0.
  2017 352  6 10 28 506 352.257274381     -30.66     60.58     20.06  0.        2271.554      -2644.761      -1190.807    0.000  -0.064   0.176   0.
  2017 352  6 10 29 506 352.257285955     -30.21     60.41     19.78  0.        2274.244      -2644.743      -1187.724    0.000  -0.064   0.176   0.
  2017 352  6 10 30 506 352.257297529     -29.50     60.24     19.21  0.        2276.933      -2644.722      -1184.640    0.000  -0.064   0.176   0.
  2017 352  6 10 31 506 352.257309103     -28.73     59.99     18.87  0.        2279.619      -2644.699      -1181.555    0.000  -0.064   0.176   0.
  2017 352  6 10 32 506 352.257320677     -27.36     60.01     18.44  0.        2282.304      -2644.673      -1178.470    0.000  -0.064   0.177   0.
  2017 352  6 10 33 506 352.257332251     -26.65     59.20     16.89  0.        2284.986      -2644.646      -1175.383    0.000  -0.064   0.177   0.
  2017 352  6 10 34 506 352.257343825     -25.76     58.01     15.62  0.        2287.667      -2644.616      -1172.295    0.000  -0.065   0.177   0.
  2017 352  6 10 35 506 352.257355399     -25.24     57.10     14.26  0.        2290.346      -2644.584      -1169.206    0.000  -0.065   0.177   0.
  2017 352  6 10 36 506 352.257366973     -24.75     55.75     13.29  0.        2293.022      -2644.549      -1166.117    0.000  -0.065   0.178   0.
  2017 352  6 10 37 506 352.257378547     -25.66     55.46     12.11  0.        2295.697      -2644.513      -1163.026    0.000  -0.065   0.178   0.
  2017 352  6 10 38 506 352.257390122     -26.23     54.96     11.51  0.        2298.370      -2644.474      -1159.934    0.000  -0.065   0.178   0.
  2017 352  6 10 39 506 352.257401696     -26.13     55.14     10.26  0.        2301.041      -2644.432      -1156.841    0.000  -0.065   0.178   0.
  2017 352  6 10 40 506 352.257413270     -26.04     54.89      9.75  0.        2303.710      -2644.389      -1153.747    0.000  -0.065   0.179   0.
  2017 352  6 10 41 506 352.257424844     -25.54     53.79      8.94  0.        2306.377      -2644.343      -1150.653    0.000  -0.065   0.179   0.
  2017 352  6 10 42 506 352.257436418     -25.30     52.66      7.82  0.        2309.042      -2644.295      -1147.557    0.000  -0.065   0.179   0.
  2017 352  6 10 43 506 352.257447992     -25.89     51.16      6.43  0.        2311.705      -2644.245      -1144.460    0.000  -0.065   0.179   0.
  2017 352  6 10 44 506 352.257459566     -26.57     49.94      5.67  0.        2314.366      -2644.192      -1141.363    0.000  -0.065   0.180   0.
  2017 352  6 10 45 506 352.257471140     -26.30     48.73      5.32  0.        2317.025      -2644.138      -1138.264    0.000  -0.065   0.180   0.
  2017 352  6 10 46 506 352.257482712     -25.17     47.96      4.77  0.        2319.681      -2644.081      -1135.164    0.000  -0.065   0.180   0.
  2017 352  6 10 47 506 352.257494285     -23.92     47.92      3.87  0.        2322.337      -2644.022      -1132.064    0.000  -0.065   0.180   0.
  2017 352  6 10 48 506 352.257505859     -22.52     47.53      3.12  0.        2324.990      -2643.960      -1128.962    0.000  -0.066   0.181   0.
  2017 352  6 10 49 506 352.257517433     -21.80     47.14      2.02  0.        2327.641      -2643.896      -1125.860    0.000  -0.066   0.181   0.
  2017 352  6 10 50 506 352.257529008     -21.57     46.84      0.85  0.        2330.290      -2643.830      -1122.756    0.000  -0.066   0.181   0.
  2017 352  6 10 51 506 352.257540582     -21.75     46.37     -0.03  0.        2332.938      -2643.762      -1119.652    0.000  -0.066   0.181   0.
  2017 352  6 10 52 506 352.257552156     -21.65     45.94     -0.32  0.        2335.583      -2643.692      -1116.547    0.000  -0.066   0.182   0.
  2017 352  6 10 53 506 352.257563730     -20.33     45.43     -1.00  0.        2338.226      -2643.619      -1113.440    0.000  -0.066   0.182   0.
  2017 352  6 10 54 506 352.257575304     -19.55     45.07     -1.58  0.        2340.868      -2643.544      -1110.333    0.000  -0.066   0.182   0.
  2017 352  6 10 55 506 352.257586878     -18.72     44.26     -1.72  0.        2343.507      -2643.467      -1107.225    0.000  -0.066   0.182   0.
  2017 352  6 10 56 506 352.257598452     -18.29     42.63     -1.82  0.        2346.144      -2643.387      -1104.116    0.000  -0.066   0.183   0.
  2017 352  6 10 57 506 352.257610026     -17.63     41.80     -2.41  0.        2348.779      -2643.306      -1101.006    0.000  -0.066   0.183   0.
  2017 352  6 10 58 506 352.257621600     -17.13     40.97     -3.30  0.        2351.413      -2643.222      -1097.895    0.000  -0.067   0.183   0.
  2017 352  6 10 59 506 352.257633174     -16.34     40.60     -3.27  0.        2354.044      -2643.136      -1094.783    0.000  -0.067   0.183   0.
  2017 352  6 11  0 506 352.257644748     -15.47     40.07     -3.47  0.        2356.674      -2643.048      -1091.670    0.000  -0.067   0.184   0.
  2017 352  6 11  1 506 352.257656322     -13.82     39.89     -3.84  0.        2359.301      -2642.957      -1088.557    0.000  -0.067   0.184   0.
  2017 352  6 11  2 506 352.257667896     -12.51     38.96     -4.17  0.        2361.926      -2642.864      -1085.442    0.000  -0.067   0.184   0.
  2017 352  6 11  3 506 352.257679470     -10.54     38.00     -5.06  0.        2364.550      -2642.769      -1082.326    0.000  -0.067   0.184   0.
  2017 352  6 11  4 506 352.257691045      -9.68     37.11     -5.47  0.        2367.171      -2642.672      -1079.210    0.000  -0.067   0.184   0.
  2017 352  6 11  5 506 352.257702619      -9.16     36.30     -5.29  0.        2369.791      -2642.573      -1076.093    0.000  -0.067   0.184   0.
  2017 352  6 11  6 506 352.257714193      -7.88     35.97     -5.45  0.        2372.408      -2642.471      -1072.974    0.000  -0.067   0.185   0.
  2017 352  6 11  7 506 352.257725767      -6.95     35.47     -6.08  0.        2375.023      -2642.367      -1069.855    0.000  -0.067   0.185   0.
  2017 352  6 11  8 506 352.257737341      -6.01     34.66     -6.48  0.        2377.637      -2642.261      -1066.735    0.000  -0.068   0.186   0.
  2017 352  6 11  9 506 352.257748915      -5.19     34.04     -6.78  0.        2380.248      -2642.153      -1063.614    0.000  -0.068   0.186   0.
  2017 352  6 11 10 506 352.257760489      -3.92     33.35     -6.90  0.        2382.858      -2642.042      -1060.492    0.000  -0.068   0.186   0.
  2017 352  6 11 11 506 352.257772063      -2.59     31.98     -6.25  0.        2385.465      -2641.929      -1057.369    0.000  -0.068   0.186   0.
  2017 352  6 11 12 506 352.257783637      -0.43     30.65     -6.43  0.        2388.071      -2641.814      -1054.246    0.000  -0.068   0.187   0.
  2017 352  6 11 13 506 352.257795211       0.62     29.60     -7.55  0.        2390.674      -2641.697      -1051.121    0.000  -0.068   0.187   0.
  2017 352  6 11 14 506 352.257806785       0.66     28.52     -8.29  0.        2393.276      -2641.578      -1047.996    0.000  -0.068   0.187   0.
  2017 352  6 11 15 506 352.257818359       0.47     27.63     -8.54  0.        2395.875      -2641.456      -1044.870    0.000  -0.068   0.187   0.
  2017 352  6 11 16 505 352.257829931       1.10     26.55     -8.64  0.        2398.472      -2641.332      -1041.742    0.000  -0.068   0.187   0.
  2017 352  6 11 17 505 352.257841505       1.69     25.53     -9.19  0.        2401.068      -2641.206      -1038.614    0.000  -0.068   0.187   0.
  2017 352  6 11 18 506 352.257853079       1.23     24.16     -9.38  0.        2403.661      -2641.078      -1035.486    0.000  -0.068   0.188   0.
  2017 352  6 11 19 506 352.257864653       1.00     22.53     -8.69  0.        2406.253      -2640.948      -1032.356    0.000  -0.068   0.188   0.
  2017 352  6 11 20 506 352.257876227       0.52     22.00     -8.58  0.        2408.842      -2640.815      -1029.225    0.000  -0.069   0.188   0.
  2017 352  6 11 21 506 352.257887801      -0.09     22.28     -8.53  0.        2411.429      -2640.680      -1026.094    0.000  -0.069   0.188   0.
  2017 352  6 11 22 505 352.257899375      -0.59     21.69     -7.64  0.        2414.015      -2640.543      -1022.961    0.000  -0.069   0.189   0.
  2017 352  6 11 23 505 352.257910949      -0.44     21.61     -6.39  0.        2416.598      -2640.404      -1019.828    0.000  -0.069   0.189   0.
  2017 352  6 11 24 505 352.257922523      -0.10     21.90     -5.50  0.        2419.180      -2640.262      -1016.694    0.000  -0.069   0.190   0.
  2017 352  6 11 25 505 352.257934097       0.31     22.20     -5.67  0.        2421.759      -2640.119      -1013.559    0.000  -0.069   0.190   0.
  2017 352  6 11 26 505 352.257945671       1.32     22.53     -4.70  0.        2424.336      -2639.973      -1010.424    0.000  -0.069   0.190   0.
  2017 352  6 11 27 506 352.257957245       3.44     22.15     -4.27  0.        2426.912      -2639.825      -1007.287    0.000  -0.069   0.190   0.
  2017 352  6 11 28 506 352.257968819       6.09     22.48     -4.24  0.        2429.485      -2639.675      -1004.150    0.000  -0.069   0.190   0.
  2017 352  6 11 29 505 352.257980394       7.98     21.38     -5.55  0.        2432.056      -2639.522      -1001.012    0.000  -0.069   0.190   0.
  2017 352  6 11 30 505 352.257991968       8.21     19.98     -6.75  0.        2434.626      -2639.368       -997.873    0.000  -0.069   0.191   0.
  2017 352  6 11 31 506 352.258003542       7.55     18.28     -7.94  0.        2437.193      -2639.211       -994.733    0.000  -0.069   0.191   0.
  2017 352  6 11 32 506 352.258015116       7.41     17.57     -8.03  0.        2439.758      -2639.052       -991.592    0.000  -0.070   0.191   0.
  2017 352  6 11 33 506 352.258026690       7.05     16.34     -8.16  0.        2442.321      -2638.891       -988.451    0.000  -0.070   0.191   0.
  2017 352  6 11 34 506 352.258038264       5.75     15.89     -7.32  0.        2444.883      -2638.728       -985.308    0.000  -0.070   0.192   0.
  2017 352  6 11 35 506 352.258049838       6.14     18.55     -6.40  0.        2447.442      -2638.562       -982.165    0.000  -0.070   0.192   0.
  2017 352  6 11 36 505 352.258061412       8.11     20.77     -7.00  0.        2449.999      -2638.394       -979.021    0.000  -0.070   0.192   0.
  2017 352  6 11 37 505 352.258072986       9.32     20.98     -7.79  0.        2452.554      -2638.224       -975.876    0.000  -0.070   0.192   0.
  2017 352  6 11 38 505 352.258084560       9.65     20.27     -7.78  0.        2455.107      -2638.052       -972.731    0.000  -0.070   0.193   0.
  2017 352  6 11 39 505 352.258096134       8.98     19.25     -7.94  0.        2457.658      -2637.878       -969.585    0.000  -0.070   0.193   0.
  2017 352  6 11 40 505 352.258107708       8.55     19.04     -7.61  0.        2460.207      -2637.702       -966.437    0.000  -0.070   0.193   0.
  2017 352  6 11 41 506 352.258119282       9.34     19.76     -6.58  0.        2462.754      -2637.523       -963.289    0.000  -0.070   0.193   0.
  2017 352  6 11 42 506 352.258130856      10.43     20.23     -6.49  0.        2465.299      -2637.342       -960.141    0.000  -0.070   0.194   0.
  2017 352  6 11 43 505 352.258142431      10.91     20.80     -6.84  0.        2467.842      -2637.159       -956.991    0.000  -0.070   0.194   0.
  2017 352  6 11 44 505 352.258154005      11.56     21.78     -7.65  0.        2470.383      -2636.974       -953.841    0.000  -0.071   0.194   0.
  2017 352  6 11 45 506 352.258165579      11.79     21.84     -8.76  0.        2472.922      -2636.787       -950.690    0.000  -0.071   0.194   0.
  2017 352  6 11 46 506 352.258177150      11.94     21.90     -9.17  0.        2475.459      -2636.598       -947.538    0.000  -0.071   0.194   0.
  2017 352  6 11 47 505 352.258188724      11.88     20.71     -9.42  0.        2477.994      -2636.406       -944.385    0.000  -0.071   0.194   0.
  2017 352  6 11 48 505 352.258200298      11.07     19.02    -10.15  0.        2480.526      -2636.212       -941.232    0.000  -0.071   0.195   0.
  2017 352  6 11 49 505 352.258211872       9.62     18.52     -9.97  0.        2483.057      -2636.017       -938.078    0.000  -0.071   0.195   0.
  2017 352  6 11 50 505 352.258223446       9.79     19.06     -8.88  0.        2485.586      -2635.818       -934.923    0.000  -0.071   0.196   0.
  2017 352  6 11 51 505 352.258235020       9.86     19.15     -7.34  0.        2488.113      -2635.618       -931.767    0.000  -0.071   0.196   0.
  2017 352  6 11 52 505 352.258246594      10.26     19.51     -6.06  0.        2490.637      -2635.416       -928.611    0.000  -0.071   0.196   0.
  2017 352  6 11 53 505 352.258258168      11.20     20.55     -5.88  0.        2493.160      -2635.211       -925.453    0.000  -0.071   0.196   0.
  2017 352  6 11 54 505 352.258269742      12.18     21.11     -6.10  0.        2495.681      -2635.004       -922.295    0.000  -0.071   0.196   0.
  2017 352  6 11 55 505 352.258281317      13.25     21.72     -6.71  0.        2498.199      -2634.796       -919.137    0.000  -0.071   0.196   0.
  2017 352  6 11 56 505 352.258292891      13.63     21.69     -7.16  0.        2500.716      -2634.585       -915.977    0.000  -0.072   0.197   0.
  2017 352  6 11 57 505 352.258304465      13.63     21.25     -7.35  0.        2503.230      -2634.372       -912.817    0.000  -0.072   0.197   0.
  2017 352  6 11 58 505 352.258316039      13.77     20.68     -6.68  0.        2505.742      -2634.156       -909.656    0.000  -0.072   0.197   0.
  2017 352  6 11 59 505 352.258327613      13.94     20.33     -6.26  0.        2508.253      -2633.939       -906.494    0.000  -0.072   0.197   0.
  2017 352  6 12  0 505 352.258339187      13.71     19.59     -5.71  0.        2510.761      -2633.719       -903.332    0.000  -0.072   0.198   0.
  2017 352  6 12  1 505 352.258350761      13.58     19.38     -5.54  0.        2513.268      -2633.497       -900.168    0.000  -0.072   0.198   0.
  2017 352  6 12  2 505 352.258362335      13.39     19.87     -4.96  0.        2515.772      -2633.273       -897.005    0.000  -0.072   0.198   0.
  2017 352  6 12  3 505 352.258373909      13.62     20.02     -4.50  0.        2518.274      -2633.048       -893.840    0.000  -0.072   0.198   0.
  2017 352  6 12  4 505 352.258385483      14.03     20.09     -4.36  0.        2520.774      -2632.819       -890.675    0.000  -0.072   0.199   0.
  2017 352  6 12  5 505 352.258397057      13.94     19.95     -4.00  0.        2523.272      -2632.589       -887.508    0.000  -0.072   0.199   0.
  2017 352  6 12  6 505 352.258408631      13.95     20.36     -3.76  0.        2525.768      -2632.357       -884.341    0.000  -0.072   0.199   0.
  2017 352  6 12  7 505 352.258420205      14.32     21.05     -3.05  0.        2528.262      -2632.122       -881.174    0.000  -0.072   0.199   0.
  2017 352  6 12  8 505 352.258431779      15.06     20.85     -3.04  0.        2530.754      -2631.886       -878.006    0.000  -0.073   0.200   0.
  2017 352  6 12  9 505 352.258443354      15.06     20.52     -3.00  0.        2533.244      -2631.647       -874.837    0.000  -0.073   0.200   0.
  2017 352  6 12 10 505 352.258454928      14.33     19.20     -2.96  0.        2535.732      -2631.406       -871.667    0.000  -0.073   0.200   0.
  2017 352  6 12 11 505 352.258466502      13.96     17.86     -3.22  0.        2538.218      -2631.163       -868.497    0.000  -0.073   0.200   0.
  2017 352  6 12 12 505 352.258478076      13.54     17.57     -3.63  0.        2540.701      -2630.917       -865.326    0.000  -0.073   0.201   0.
  2017 352  6 12 13 505 352.258489650      13.27     17.43     -3.54  0.        2543.183      -2630.670       -862.154    0.000  -0.073   0.201   0.
  2017 352  6 12 14 505 352.258501221      13.27     17.60     -2.82  0.        2545.663      -2630.421       -858.982    0.000  -0.073   0.201   0.
  2017 352  6 12 15 505 352.258512795      14.93     19.58     -3.12  0.        2548.140      -2630.169       -855.808    0.000  -0.073   0.201   0.
  2017 352  6 12 16 505 352.258524369      17.14     20.78     -3.61  0.        2550.616      -2629.915       -852.635    0.000  -0.073   0.201   0.
  2017 352  6 12 17 505 352.258535943      18.16     21.76     -4.13  0.        2553.089      -2629.660       -849.460    0.000  -0.073   0.201   0.
  2017 352  6 12 18 505 352.258547517      17.99     22.24     -4.35  0.        2555.561      -2629.402       -846.285    0.000  -0.074   0.202   0.
  2017 352  6 12 19 505 352.258559091      17.77     21.97     -3.99  0.        2558.030      -2629.141       -843.109    0.000  -0.074   0.202   0.
  2017 352  6 12 20 505 352.258570666      18.05     21.50     -3.52  0.        2560.497      -2628.879       -839.932    0.000  -0.074   0.202   0.
  2017 352  6 12 21 505 352.258582240      17.69     21.09     -2.73  0.        2562.962      -2628.615       -836.755    0.000  -0.074   0.202   0.
  2017 352  6 12 22 505 352.258593814      17.30     20.64     -2.39  0.        2565.426      -2628.349       -833.577    0.000  -0.074   0.203   0.
  2017 352  6 12 23 505 352.258605388      16.40     20.02     -2.53  0.        2567.887      -2628.080       -830.399    0.000  -0.074   0.203   0.
  2017 352  6 12 24 505 352.258616962      16.64     20.27     -2.92  0.        2570.346      -2627.809       -827.219    0.000  -0.074   0.203   0.
  2017 352  6 12 25 505 352.258628536      17.82     21.19     -3.42  0.        2572.803      -2627.537       -824.040    0.000  -0.074   0.203   0.
  2017 352  6 12 26 505 352.258640110      18.78     22.57     -3.53  0.        2575.258      -2627.262       -820.859    0.000  -0.074   0.204   0.
  2017 352  6 12 27 505 352.258651684      19.90     22.95     -3.77  0.        2577.711      -2626.985       -817.678    0.000  -0.074   0.204   0.
  2017 352  6 12 28 505 352.258663258      20.15     22.86     -3.16  0.        2580.162      -2626.706       -814.496    0.000  -0.074   0.204   0.
  2017 352  6 12 29 505 352.258674832      20.08     21.98     -2.73  0.        2582.610      -2626.425       -811.313    0.000  -0.074   0.204   0.
  2017 352  6 12 30 505 352.258686406      19.50     20.74     -2.49  0.        2585.057      -2626.141       -808.130    0.000  -0.075   0.205   0.
  2017 352  6 12 31 505 352.258697980      19.23     19.81     -2.28  0.        2587.502      -2625.856       -804.947    0.000  -0.075   0.205   0.
  2017 352  6 12 32 505 352.258709554      19.16     18.89     -2.37  0.        2589.944      -2625.569       -801.762    0.000  -0.075   0.205   0.
  2017 352  6 12 33 505 352.258721128      18.27     17.86     -2.12  0.        2592.385      -2625.279       -798.577    0.000  -0.075   0.205   0.
  2017 352  6 12 34 505 352.258732703      18.55     17.47     -1.89  0.        2594.823      -2624.988       -795.391    0.000  -0.075   0.205   0.
  2017 352  6 12 35 505 352.258744277      18.39     17.53     -1.98  0.        2597.259      -2624.694       -792.205    0.000  -0.075   0.205   0.
  2017 352  6 12 36 505 352.258755851      18.39     17.23     -2.13  0.        2599.694      -2624.398       -789.018    0.000  -0.075   0.206   0.
  2017 352  6 12 37 505 352.258767425      18.81     17.28     -1.65  0.        2602.126      -2624.100       -785.830    0.000  -0.075   0.206   0.
  2017 352  6 12 38 505 352.258778999      18.47     16.57     -1.82  0.        2604.556      -2623.800       -782.642    0.000  -0.075   0.206   0.
  2017 352  6 12 39 505 352.258790573      18.15     16.21     -2.05  0.        2606.984      -2623.498       -779.453    0.000  -0.075   0.206   0.
  2017 352  6 12 40 505 352.258802147      18.17     16.91     -0.90  0.        2609.410      -2623.194       -776.264    0.000  -0.075   0.207   0.
  2017 352  6 12 41 505 352.258813721      18.55     16.65     -0.55  0.        2611.834      -2622.888       -773.074    0.000  -0.075   0.207   0.
  2017 352  6 12 42 505 352.258825295      18.20     16.15     -1.17  0.        2614.256      -2622.579       -769.883    0.000  -0.075   0.207   0.
  2017 352  6 12 43 505 352.258836869      18.50     16.29     -1.65  0.        2616.675      -2622.269       -766.692    0.000  -0.075   0.207   0.
  2017 352  6 12 44 505 352.258848441      18.89     16.84     -1.88  0.        2619.093      -2621.956       -763.500    0.000  -0.076   0.208   0.
  2017 352  6 12 45 505 352.258860014      19.18     16.51     -2.06  0.        2621.509      -2621.642       -760.307    0.000  -0.076   0.208   0.
  2017 352  6 12 46 505 352.258871589      18.66     15.48     -2.79  0.        2623.922      -2621.325       -757.114    0.000  -0.076   0.208   0.
  2017 352  6 12 47 505 352.258883163      18.35     15.39     -2.17  0.        2626.334      -2621.007       -753.921    0.000  -0.076   0.208   0.
  2017 352  6 12 48 505 352.258894737      18.47     15.33     -1.13  0.        2628.743      -2620.686       -750.726    0.000  -0.076   0.209   0.
  2017 352  6 12 49 505 352.258906311      18.42     14.94     -1.61  0.        2631.150      -2620.363       -747.531    0.000  -0.076   0.209   0.
  2017 352  6 12 50 505 352.258917885      17.63     14.18     -2.02  0.        2633.556      -2620.038       -744.336    0.000  -0.076   0.209   0.
  2017 352  6 12 51 505 352.258929459      17.57     14.66     -1.85  0.        2635.959      -2619.711       -741.140    0.000  -0.076   0.209   0.
  2017 352  6 12 52 505 352.258941033      17.27     13.99     -2.64  0.        2638.360      -2619.382       -737.943    0.000  -0.076   0.209   0.
  2017 352  6 12 53 505 352.258952607      17.64     14.08     -3.40  0.        2640.759      -2619.051       -734.746    0.000  -0.076   0.209   0.
  2017 352  6 12 54 505 352.258964181      18.00     14.47     -3.04  0.        2643.156      -2618.718       -731.548    0.000  -0.076   0.210   0.
  2017 352  6 12 55 505 352.258975755      18.67     15.05     -2.58  0.        2645.551      -2618.382       -728.350    0.000  -0.076   0.210   0.
  2017 352  6 12 56 505 352.258987329      18.90     15.93     -1.49  0.        2647.943      -2618.045       -725.151    0.000  -0.077   0.210   0.
  2017 352  6 12 57 505 352.258998903      19.31     14.44     -1.65  0.        2650.334      -2617.706       -721.951    0.000  -0.077   0.210   0.
  2017 352  6 12 58 505 352.259010477      19.80     14.26     -2.49  0.        2652.723      -2617.365       -718.751    0.000  -0.077   0.211   0.
  2017 352  6 12 59 505 352.259022052      20.34     14.22     -3.51  0.        2655.109      -2617.021       -715.551    0.000  -0.077   0.211   0.
  2017 352  6 13  0 505 352.259033626      20.58     14.82     -4.38  0.        2657.493      -2616.676       -712.350    0.000  -0.077   0.211   0.
  2017 352  6 13  1 505 352.259045200      20.20     14.87     -4.87  0.        2659.876      -2616.328       -709.148    0.000  -0.077   0.211   0.
  2017 352  6 13  2 505 352.259056774      19.95     15.53     -5.27  0.        2662.256      -2615.978       -705.945    0.000  -0.077   0.212   0.
  2017 352  6 13  3 505 352.259068348      20.61     16.41     -6.29  0.        2664.634      -2615.627       -702.743    0.000  -0.077   0.212   0.
  2017 352  6 13  4 505 352.259079922      21.46     16.74     -7.12  0.        2667.010      -2615.273       -699.539    0.000  -0.077   0.212   0.
  2017 352  6 13  5 505 352.259091496      21.68     15.78     -5.94  0.        2669.384      -2614.918       -696.335    0.000  -0.077   0.212   0.
  2017 352  6 13  6 505 352.259103070      21.79     14.59     -4.04  0.        2671.756      -2614.560       -693.131    0.000  -0.077   0.213   0.
  2017 352  6 13  7 505 352.259114644      21.40     13.85     -4.75  0.        2674.126      -2614.200       -689.926    0.000  -0.077   0.213   0.
  2017 352  6 13  8 505 352.259126218      20.88     13.15     -6.15  0.        2676.494      -2613.838       -686.720    0.000  -0.078   0.213   0.
  2017 352  6 13  9 505 352.259137792      20.49     13.45     -6.20  0.        2678.860      -2613.474       -683.514    0.000  -0.078   0.213   0.
  2017 352  6 13 10 505 352.259149366      19.50     13.62     -4.60  0.        2681.223      -2613.108       -680.308    0.000  -0.078   0.213   0.
  2017 352  6 13 11 505 352.259160940      19.61     12.34     -4.85  0.        2683.585      -2612.740       -677.100    0.000  -0.078   0.213   0.
  2017 352  6 13 12 504 352.259172512      20.01     12.65     -5.32  0.        2685.944      -2612.370       -673.893    0.000  -0.078   0.214   0.
  2017 352  6 13 13 504 352.259184086      20.87     15.56     -3.39  0.        2688.301      -2611.998       -670.685    0.000  -0.078   0.214   0.
  2017 352  6 13 14 505 352.259195660      19.03     12.70     -0.98  0.        2690.656      -2611.624       -667.476    0.000  -0.078   0.214   0.
  2017 352  6 13 15 505 352.259207234      18.84     12.33     -4.02  0.        2693.010      -2611.248       -664.267    0.000  -0.078   0.214   0.
  2017 352  6 13 16 505 352.259218808      18.96     12.76     -4.83  0.        2695.361      -2610.870       -661.057    0.000  -0.078   0.215   0.
  2017 352  6 13 17 505 352.259230382      18.60     12.22     -5.46  0.        2697.710      -2610.490       -657.847    0.000  -0.078   0.215   0.
  2017 352  6 13 18 504 352.259241956      17.76     11.24     -5.93  0.        2700.056      -2610.108       -654.636    0.000  -0.078   0.215   0.
  2017 352  6 13 19 504 352.259253530      16.66     11.14     -7.25  0.        2702.401      -2609.724       -651.425    0.000  -0.078   0.215   0.
  2017 352  6 13 20 504 352.259265104      16.35     11.31     -7.70  0.        2704.744      -2609.337       -648.213    0.000  -0.079   0.216   0.
  2017 352  6 13 21 504 352.259276678      16.65     11.83     -8.06  0.        2707.084      -2608.949       -645.001    0.000  -0.079   0.216   0.
  2017 352  6 13 22 504 352.259288252      16.83     12.47     -8.18  0.        2709.423      -2608.559       -641.788    0.000  -0.079   0.216   0.
  2017 352  6 13 23 505 352.259299826      17.00     13.54     -8.40  0.        2711.759      -2608.167       -638.575    0.000  -0.079   0.216   0.
  2017 352  6 13 24 505 352.259311400      17.03     14.69     -8.44  0.        2714.094      -2607.772       -635.361    0.000  -0.079   0.217   0.
  2017 352  6 13 25 504 352.259322975      17.36     15.78     -8.46  0.        2716.426      -2607.376       -632.147    0.000  -0.079   0.217   0.
  2017 352  6 13 26 504 352.259334549      17.89     16.56     -8.08  0.        2718.756      -2606.978       -628.932    0.000  -0.079   0.217   0.
  2017 352  6 13 27 505 352.259346123      18.02     16.79     -7.78  0.        2721.084      -2606.578       -625.717    0.000  -0.079   0.217   0.
  2017 352  6 13 28 505 352.259357697      17.84     16.86     -7.42  0.        2723.410      -2606.175       -622.501    0.000  -0.079   0.217   0.
  2017 352  6 13 29 505 352.259369271      17.63     17.06     -7.27  0.        2725.734      -2605.771       -619.285    0.000  -0.079   0.217   0.
  2017 352  6 13 30 505 352.259380845      17.14     17.25     -7.39  0.        2728.055      -2605.365       -616.068    0.000  -0.079   0.218   0.
  2017 352  6 13 31 505 352.259392419      16.63     16.60     -6.98  0.        2730.375      -2604.957       -612.851    0.000  -0.079   0.218   0.
  2017 352  6 13 32 504 352.259403993      16.94     16.36     -6.32  0.        2732.693      -2604.546       -609.634    0.000  -0.080   0.218   0.
  2017 352  6 13 33 504 352.259415567      16.28     16.51     -5.74  0.        2735.008      -2604.134       -606.416    0.000  -0.080   0.218   0.
  2017 352  6 13 34 504 352.259427141      16.16     16.95     -6.09  0.        2737.321      -2603.720       -603.197    0.000  -0.080   0.219   0.
  2017 352  6 13 35 504 352.259438715      16.39     15.73     -5.03  0.        2739.633      -2603.303       -599.978    0.000  -0.080   0.219   0.
  2017 352  6 13 36 504 352.259450289      15.22     14.60     -4.32  0.        2741.942      -2602.885       -596.759    0.000  -0.080   0.219   0.
  2017 352  6 13 37 505 352.259461863      14.54     13.87     -4.02  0.        2744.249      -2602.465       -593.539    0.000  -0.080   0.219   0.
  2017 352  6 13 38 504 352.259473437      14.46     14.22     -4.64  0.        2746.554      -2602.043       -590.319    0.000  -0.080   0.220   0.
  2017 352  6 13 39 504 352.259485012      14.77     14.24     -4.43  0.        2748.857      -2601.618       -587.098    0.000  -0.080   0.220   0.
  2017 352  6 13 40 505 352.259496586      14.32     13.47     -3.96  0.        2751.157      -2601.192       -583.877    0.000  -0.080   0.220   0.
  2017 352  6 13 41 505 352.259508160      14.94     13.57     -4.38  0.        2753.456      -2600.764       -580.655    0.000  -0.080   0.220   0.
  2017 352  6 13 42 505 352.259519734      15.93     13.72     -3.91  0.        2755.753      -2600.334       -577.433    0.000  -0.080   0.220   0.
  2017 352  6 13 43 505 352.259531308      16.66     14.52     -3.90  0.        2758.047      -2599.902       -574.211    0.000  -0.080   0.220   0.
  2017 352  6 13 44 505 352.259542879      17.01     14.82     -4.17  0.        2760.339      -2599.467       -570.988    0.000  -0.080   0.221   0.
  2017 352  6 13 45 504 352.259554453      17.65     15.26     -4.38  0.        2762.630      -2599.031       -567.764    0.000  -0.080   0.221   0.
  2017 352  6 13 46 504 352.259566027      16.97     14.89     -2.14  0.        2764.918      -2598.593       -564.541    0.000  -0.081   0.221   0.
  2017 352  6 13 47 504 352.259577601      15.14     13.23     -1.83  0.        2767.204      -2598.153       -561.316    0.000  -0.081   0.221   0.
  2017 352  6 13 48 504 352.259589175      15.15     13.97     -4.72  0.        2769.488      -2597.711       -558.092    0.000  -0.081   0.222   0.
  2017 352  6 13 49 504 352.259600749      16.86     15.38     -4.39  0.        2771.770      -2597.267       -554.867    0.000  -0.081   0.222   0.
  2017 352  6 13 50 504 352.259612323      17.21     15.58     -3.82  0.        2774.049      -2596.821       -551.641    0.000  -0.081   0.222   0.
  2017 352  6 13 51 504 352.259623898      17.05     15.37     -3.63  0.        2776.327      -2596.373       -548.415    0.000  -0.081   0.222   0.
  2017 352  6 13 52 504 352.259635472      16.94     15.50     -3.64  0.        2778.603      -2595.923       -545.189    0.000  -0.081   0.222   0.
  2017 352  6 13 53 504 352.259647046      17.74     17.43     -3.86  0.        2780.876      -2595.471       -541.962    0.000  -0.081   0.222   0.
  2017 352  6 13 54 504 352.259658620      17.77     16.67     -2.15  0.        2783.147      -2595.017       -538.735    0.000  -0.081   0.223   0.
  2017 352  6 13 55 504 352.259670194      16.00     15.51     -1.78  0.        2785.417      -2594.562       -535.507    0.000  -0.081   0.223   0.
  2017 352  6 13 56 504 352.259681768      14.94     14.65     -1.57  0.        2787.684      -2594.104       -532.279    0.000  -0.081   0.223   0.
  2017 352  6 13 57 504 352.259693342      14.94     15.12     -1.38  0.        2789.949      -2593.644       -529.051    0.000  -0.081   0.223   0.
  2017 352  6 13 58 504 352.259704916      15.23     16.18     -1.76  0.        2792.212      -2593.183       -525.822    0.000  -0.081   0.224   0.
  2017 352  6 13 59 504 352.259716490      15.47     16.57     -2.51  0.        2794.472      -2592.719       -522.593    0.000  -0.081   0.224   0.
  2017 352  6 14  0 504 352.259728064      14.39     16.89     -4.97  0.        2796.731      -2592.253       -519.364    0.000  -0.082   0.225   0.
  2017 352  6 14  1 504 352.259739638      14.21     17.47     -6.15  0.        2798.988      -2591.786       -516.134    0.000  -0.082   0.225   0.
  2017 352  6 14  2 504 352.259751212      14.22     17.85     -8.06  0.        2801.242      -2591.316       -512.904    0.000  -0.082   0.225   0.
  2017 352  6 14  3 504 352.259762786      13.56     17.71    -10.63  0.        2803.495      -2590.845       -509.673    0.000  -0.082   0.225   0.
  2017 352  6 14  4 504 352.259774361      13.77     17.86     -9.78  0.        2805.745      -2590.372       -506.442    0.000  -0.082   0.225   0.
  2017 352  6 14  5 504 352.259785935      14.04     18.38     -8.61  0.        2807.993      -2589.896       -503.210    0.000  -0.082   0.225   0.
  2017 352  6 14  6 504 352.259797509      14.99     19.13     -7.10  0.        2810.239      -2589.419       -499.978    0.000  -0.082   0.225   0.
  2017 352  6 14  7 504 352.259809083      15.96     20.12     -7.36  0.        2812.483      -2588.939       -496.747    0.000  -0.082   0.225   0.
  2017 352  6 14  8 504 352.259820657      17.11     20.52     -6.87  0.        2814.725      -2588.459       -493.514    0.000  -0.082   0.226   0.
  2017 352  6 14  9 504 352.259832231      17.88     19.40     -5.99  0.        2816.965      -2587.976       -490.281    0.000  -0.082   0.226   0.
  2017 352  6 14 10 504 352.259843805      18.37     19.58     -6.05  0.        2819.202      -2587.491       -487.048    0.000  -0.082   0.226   0.
  2017 352  6 14 11 504 352.259855379      18.26     19.71     -5.52  0.        2821.438      -2587.004       -483.814    0.000  -0.082   0.226   0.
  2017 352  6 14 12 504 352.259866953      19.04     20.54     -5.38  0.        2823.671      -2586.515       -480.580    0.000  -0.083   0.227   0.
  2017 352  6 14 13 504 352.259878527      18.94     21.01     -4.46  0.        2825.903      -2586.024       -477.346    0.000  -0.083   0.227   0.
  2017 352  6 14 14 504 352.259890099      19.68     22.74     -2.56  0.        2828.132      -2585.531       -474.111    0.000  -0.083   0.227   0.
  2017 352  6 14 15 504 352.259901672      19.41     22.22     -1.42  0.        2830.359      -2585.036       -470.876    0.000  -0.083   0.227   0.
  2017 352  6 14 16 504 352.259913247      20.29     20.48     -1.54  0.        2832.584      -2584.540       -467.641    0.000  -0.083   0.228   0.
  2017 352  6 14 17 504 352.259924821      19.57     17.81     -3.66  0.        2834.807      -2584.042       -464.405    0.000  -0.083   0.228   0.
  2017 352  6 14 18 504 352.259936395      17.62     18.52     -2.55  0.        2837.028      -2583.541       -461.169    0.000  -0.083   0.228   0.
  2017 352  6 14 19 504 352.259947969      18.67     17.87     -1.34  0.        2839.246      -2583.039       -457.932    0.000  -0.083   0.228   0.
  2017 352  6 14 20 504 352.259959543      16.51     16.12     -1.51  0.        2841.463      -2582.535       -454.695    0.000  -0.083   0.228   0.
  2017 352  6 14 21 504 352.259971117      15.14     16.51     -4.37  0.        2843.677      -2582.028       -451.458    0.000  -0.083   0.228   0.
  2017 352  6 14 22 504 352.259982691      15.22     18.58     -2.63  0.        2845.890      -2581.520       -448.221    0.000  -0.083   0.229   0.
  2017 352  6 14 23 504 352.259994265      17.21     20.01      1.20  0.        2848.100      -2581.010       -444.983    0.000  -0.083   0.229   0.
  2017 352  6 14 24 504 352.260005839      18.99     17.71      1.97  0.        2850.308      -2580.498       -441.745    0.000  -0.084   0.229   0.
  2017 352  6 14 25 504 352.260017413      16.66     15.09      0.34  0.        2852.514      -2579.985       -438.507    0.000  -0.084   0.229   0.
  2017 352  6 14 26 504 352.260028987      13.95     14.43     -4.15  0.        2854.718      -2579.469       -435.268    0.000  -0.084   0.230   0.
  2017 352  6 14 27 504 352.260040561      13.80     16.43     -3.72  0.        2856.920      -2578.951       -432.029    0.000  -0.084   0.230   0.
  2017 352  6 14 28 504 352.260052135      14.15     17.84     -2.19  0.        2859.120      -2578.432       -428.790    0.000  -0.084   0.230   0.
  2017 352  6 14 29 504 352.260063710      14.23     18.33     -3.20  0.        2861.317      -2577.910       -425.550    0.000  -0.084   0.230   0.
  2017 352  6 14 30 504 352.260075284      15.98     18.15     -2.77  0.        2863.513      -2577.387       -422.310    0.000  -0.084   0.231   0.
  2017 352  6 14 31 504 352.260086858      17.15     18.82     -4.05  0.        2865.706      -2576.862       -419.070    0.000  -0.084   0.231   0.
  2017 352  6 14 32 504 352.260098432      17.55     16.48     -3.53  0.        2867.897      -2576.334       -415.829    0.000  -0.084   0.231   0.
  2017 352  6 14 33 504 352.260110006      14.92     17.65     -6.25  0.        2870.086      -2575.806       -412.588    0.000  -0.084   0.231   0.
  2017 352  6 14 34 504 352.260121580      14.63     19.96     -7.45  0.        2872.274      -2575.275       -409.347    0.000  -0.084   0.231   0.
  2017 352  6 14 35 504 352.260133154      15.77     21.77     -7.58  0.        2874.458      -2574.742       -406.105    0.000  -0.084   0.231   0.
  2017 352  6 14 36 504 352.260144728      17.79     22.89     -6.55  0.        2876.641      -2574.207       -402.864    0.000  -0.084   0.232   0.
  2017 352  6 14 37 504 352.260156302      18.04     19.91     -4.50  0.        2878.822      -2573.671       -399.621    0.000  -0.084   0.232   0.
  2017 352  6 14 38 504 352.260167876      16.66     19.25     -6.62  0.        2881.001      -2573.132       -396.379    0.000  -0.084   0.232   0.
  2017 352  6 14 39 504 352.260179450      15.62     19.55     -6.39  0.        2883.177      -2572.592       -393.136    0.000  -0.084   0.232   0.
  2017 352  6 14 40 504 352.260191024      15.07     20.56     -4.65  0.        2885.351      -2572.049       -389.894    0.000  -0.085   0.232   0.
  2017 352  6 14 41 504 352.260202598      15.11     20.12     -5.33  0.        2887.524      -2571.505       -386.650    0.000  -0.085   0.232   0.
  2017 352  6 14 42 504 352.260214170      15.09     19.79     -5.32  0.        2889.694      -2570.960       -383.407    0.000  -0.085   0.233   0.
  2017 352  6 14 43 504 352.260225744      16.55     20.43     -5.46  0.        2891.862      -2570.412       -380.163    0.000  -0.085   0.233   0.
  2017 352  6 14 44 504 352.260237318      19.08     19.73     -3.16  0.        2894.028      -2569.862       -376.919    0.000  -0.085   0.233   0.
  2017 352  6 14 45 504 352.260248892      16.91     17.29     -1.14  0.        2896.192      -2569.310       -373.675    0.000  -0.085   0.233   0.
  2017 352  6 14 46 504 352.260260466      14.90     14.88     -3.13  0.        2898.353      -2568.757       -370.430    0.000  -0.085   0.234   0.
  2017 352  6 14 47 504 352.260272040      13.15     15.29     -4.99  0.        2900.513      -2568.201       -367.185    0.000  -0.085   0.234   0.
  2017 352  6 14 48 504 352.260283614      14.24     18.05     -5.16  0.        2902.670      -2567.644       -363.940    0.000  -0.085   0.234   0.
  2017 352  6 14 49 504 352.260295188      15.67     19.04     -2.73  0.        2904.826      -2567.085       -360.695    0.000  -0.085   0.234   0.
  2017 352  6 14 50 504 352.260306762      16.59     19.28     -0.55  0.        2906.979      -2566.524       -357.449    0.000  -0.085   0.234   0.
  2017 352  6 14 51 504 352.260318336      18.46     19.28     -1.27  0.        2909.130      -2565.961       -354.203    0.000  -0.085   0.234   0.
  2017 352  6 14 52 504 352.260329910      20.82     18.54     -1.59  0.        2911.279      -2565.397       -350.957    0.000  -0.085   0.235   0.
  2017 352  6 14 53 504 352.260341484      19.31     17.04     -1.05  0.        2913.426      -2564.830       -347.710    0.000  -0.085   0.235   0.
  2017 352  6 14 54 504 352.260353058      19.32     16.71     -1.10  0.        2915.571      -2564.262       -344.464    0.000  -0.086   0.235   0.
  2017 352  6 14 55 504 352.260364633      20.06     16.64     -2.10  0.        2917.714      -2563.692       -341.217    0.000  -0.086   0.235   0.
  2017 352  6 14 56 504 352.260376207      18.70     16.28     -1.23  0.        2919.854      -2563.119       -337.970    0.000  -0.086   0.236   0.
  2017 352  6 14 57 504 352.260387781      17.17     14.60     -1.37  0.        2921.993      -2562.546       -334.722    0.000  -0.086   0.236   0.
  2017 352  6 14 58 504 352.260399355      16.83     12.98     -1.16  0.        2924.129      -2561.970       -331.475    0.000  -0.086   0.236   0.
  2017 352  6 14 59 504 352.260410929      16.78     12.24     -2.19  0.        2926.264      -2561.392       -328.227    0.000  -0.086   0.236   0.
  2017 352  6 15  0 504 352.260422503      17.06     12.18     -2.17  0.        2928.396      -2560.813       -324.979    0.000  -0.086   0.237   0.
  2017 352  6 15  1 504 352.260434077      15.98     12.63     -2.22  0.        2930.526      -2560.231       -321.730    0.000  -0.086   0.237   0.
  2017 352  6 15  2 504 352.260445651      15.34     12.78     -2.48  0.        2932.654      -2559.648       -318.482    0.000  -0.086   0.237   0.
  2017 352  6 15  3 504 352.260457225      15.24     12.56     -3.84  0.        2934.779      -2559.063       -315.233    0.000  -0.086   0.237   0.
  2017 352  6 15  4 504 352.260468799      14.87     13.26     -3.96  0.        2936.903      -2558.476       -311.984    0.000  -0.086   0.237   0.
  2017 352  6 15  5 504 352.260480373      15.14     14.02     -3.35  0.        2939.025      -2557.887       -308.735    0.000  -0.086   0.237   0.
  2017 352  6 15  6 504 352.260491947      15.40     13.56     -2.77  0.        2941.144      -2557.297       -305.485    0.000  -0.086   0.237   0.
  2017 352  6 15  7 504 352.260503521      13.75     11.60     -3.25  0.        2943.262      -2556.705       -302.236    0.000  -0.086   0.237   0.
  2017 352  6 15  8 504 352.260515096      13.12     10.74     -4.47  0.        2945.377      -2556.110       -298.986    0.000  -0.086   0.237   0.
  2017 352  6 15  9 504 352.260526670      11.75     13.93     -6.41  0.        2947.490      -2555.514       -295.736    0.000  -0.086   0.237   0.
  2017 352  6 15 10 504 352.260538244      15.54     14.23     -3.38  0.        2949.601      -2554.916       -292.486    0.000  -0.086   0.237   0.
  2017 352  6 15 11 504 352.260549818      14.37      9.60     -3.95  0.        2951.710      -2554.317       -289.235    0.000  -0.086   0.237   0.
  2017 352  6 15 12 504 352.260561389      11.24      9.81     -4.96  0.        2953.817      -2553.715       -285.984    0.000  -0.086   0.236   0.
  2017 352  6 15 13 504 352.260572963       9.93     12.37     -5.64  0.        2955.921      -2553.112       -282.733    0.000  -0.086   0.236   0.
  2017 352  6 15 14 503 352.260584537      10.88     15.13     -7.61  0.        2958.024      -2552.507       -279.482    0.000  -0.086   0.237   0.
  2017 352  6 15 15 503 352.260596111      13.77     16.80     -7.91  0.        2960.125      -2551.899       -276.231    0.000  -0.086   0.237   0.
  2017 352  6 15 16 503 352.260607685      13.79     16.84     -6.82  0.        2962.223      -2551.291       -272.980    0.000  -0.086   0.237   0.
  2017 352  6 15 17 503 352.260619259      15.83     17.04     -6.02  0.        2964.319      -2550.680       -269.728    0.000  -0.086   0.237   0.
  2017 352  6 15 18 503 352.260630833      15.12     15.26     -5.62  0.        2966.413      -2550.068       -266.476    0.000  -0.086   0.237   0.
  2017 352  6 15 19 504 352.260642407      15.11     15.75     -4.24  0.        2968.505      -2549.453       -263.224    0.000  -0.086   0.237   0.
  2017 352  6 15 20 504 352.260653982      16.28     16.35     -2.79  0.        2970.595      -2548.837       -259.972    0.000  -0.086   0.237   0.
  2017 352  6 15 21 503 352.260665556      16.29     15.38     -3.86  0.        2972.683      -2548.220       -256.719    0.000  -0.086   0.237   0.
  2017 352  6 15 22 503 352.260677130      18.73     18.10     -0.04  0.        2974.769      -2547.600       -253.467    0.000  -0.086   0.237   0.
  2017 352  6 15 23 504 352.260688704      19.78     17.06     -1.94  0.        2976.853      -2546.978       -250.214    0.000  -0.086   0.237   0.
  2017 352  6 15 24 504 352.260700278      18.80     13.22     -4.60  0.        2978.934      -2546.355       -246.961    0.000  -0.086   0.237   0.
  2017 352  6 15 25 504 352.260711852      15.24     13.62     -3.17  0.        2981.013      -2545.730       -243.708    0.000  -0.086   0.237   0.
  2017 352  6 15 26 504 352.260723426      14.55     14.47     -2.80  0.        2983.091      -2545.103       -240.454    0.000  -0.086   0.237   0.
  2017 352  6 15 27 504 352.260735000      14.49     14.59     -2.87  0.        2985.166      -2544.474       -237.201    0.000  -0.086   0.237   0.
  2017 352  6 15 28 503 352.260746574      15.23     14.64     -3.35  0.        2987.239      -2543.844       -233.947    0.000  -0.086   0.237   0.
  2017 352  6 15 29 503 352.260758148      16.17     16.57     -1.66  0.        2989.310      -2543.212       -230.694    0.000  -0.086   0.237   0.
  2017 352  6 15 30 503 352.260769722      17.09     14.72      0.68  0.        2991.379      -2542.577       -227.440    0.000  -0.086   0.237   0.
  2017 352  6 15 31 503 352.260781296      17.06     14.42      0.62  0.        2993.445      -2541.942       -224.186    0.000  -0.086   0.237   0.
  2017 352  6 15 32 504 352.260792870      14.64     13.72     -1.21  0.        2995.510      -2541.304       -220.931    0.000  -0.086   0.237   0.
  2017 352  6 15 33 504 352.260804444      15.07     13.08     -0.65  0.        2997.572      -2540.665       -217.677    0.000  -0.086   0.237   0.
  2017 352  6 15 34 503 352.260816019      13.28     12.66     -2.51  0.        2999.633      -2540.023       -214.422    0.000  -0.086   0.237   0.
  2017 352  6 15 35 503 352.260827593      13.05     13.98     -3.71  0.        3001.691      -2539.380       -211.168    0.000  -0.086   0.237   0.
  2017 352  6 15 36 504 352.260839167      14.24     14.53     -2.19  0.        3003.747      -2538.735       -207.913    0.000  -0.086   0.237   0.
  2017 352  6 15 37 504 352.260850741      15.29     16.05     -0.65  0.        3005.801      -2538.089       -204.658    0.000  -0.086   0.237   0.
  2017 352  6 15 38 504 352.260862315      16.25     16.22      0.67  0.        3007.853      -2537.440       -201.403    0.000  -0.086   0.237   0.
  2017 352  6 15 39 504 352.260873889      16.15     13.73      0.30  0.        3009.903      -2536.790       -198.147    0.000  -0.086   0.237   0.
  2017 352  6 15 40 504 352.260885460      15.43     13.72     -3.16  0.        3011.951      -2536.138       -194.892    0.000  -0.086   0.237   0.
  2017 352  6 15 41 503 352.260897034      15.98     12.24      1.19  0.        3013.997      -2535.485       -191.637    0.000  -0.086   0.237   0.
  2017 352  6 15 42 503 352.260908608      12.33      9.50      1.08  0.        3016.040      -2534.829       -188.381    0.000  -0.086   0.237   0.
  2017 352  6 15 43 503 352.260920182      10.54     11.26     -0.22  0.        3018.082      -2534.172       -185.125    0.000  -0.086   0.237   0.
  2017 352  6 15 44 503 352.260931756      10.47     14.23     -2.19  0.        3020.121      -2533.513       -181.869    0.000  -0.086   0.237   0.
  2017 352  6 15 45 503 352.260943330      12.49     16.14     -2.68  0.        3022.158      -2532.852       -178.613    0.000  -0.086   0.237   0.
  2017 352  6 15 46 503 352.260954905      14.40     16.02     -2.61  0.        3024.193      -2532.190       -175.357    0.000  -0.086   0.237   0.
  2017 352  6 15 47 503 352.260966479      14.86     15.81     -1.82  0.        3026.226      -2531.525       -172.101    0.000  -0.086   0.237   0.
  2017 352  6 15 48 503 352.260978053      15.47     16.21     -0.50  0.        3028.257      -2530.859       -168.844    0.000  -0.086   0.237   0.
  2017 352  6 15 49 503 352.260989627      16.00     15.10     -1.35  0.        3030.286      -2530.191       -165.588    0.000  -0.086   0.237   0.
  2017 352  6 15 50 503 352.261001201      16.91     15.10     -1.03  0.        3032.313      -2529.522       -162.331    0.000  -0.086   0.237   0.
  2017 352  6 15 51 503 352.261012775      17.34     15.40     -2.22  0.        3034.337      -2528.851       -159.075    0.000  -0.086   0.237   0.
  2017 352  6 15 52 503 352.261024349      16.30     14.57     -1.34  0.        3036.360      -2528.178       -155.818    0.000  -0.086   0.237   0.
  2017 352  6 15 53 503 352.261035923      14.58     13.78     -1.44  0.        3038.380      -2527.503       -152.561    0.000  -0.086   0.237   0.
  2017 352  6 15 54 503 352.261047497      14.03     13.39     -0.60  0.        3040.398      -2526.826       -149.304    0.000  -0.086   0.237   0.
  2017 352  6 15 55 503 352.261059071      13.61     12.53      0.04  0.        3042.414      -2526.148       -146.047    0.000  -0.086   0.237   0.
  2017 352  6 15 56 503 352.261070645      13.60     12.48      0.47  0.        3044.428      -2525.468       -142.789    0.000  -0.086   0.237   0.
  2017 352  6 15 57 503 352.261082219      13.28     11.01      0.25  0.        3046.440      -2524.786       -139.532    0.000  -0.086   0.237   0.
  2017 352  6 15 58 503 352.261093793      13.46      9.34     -0.81  0.        3048.450      -2524.102       -136.275    0.000  -0.086   0.237   0.
  2017 352  6 15 59 503 352.261105367      11.94      8.23     -1.07  0.        3050.458      -2523.417       -133.017    0.000  -0.086   0.237   0.
  2017 352  6 16  0 503 352.261116942      10.37      6.91     -4.36  0.        3052.463      -2522.730       -129.759    0.000  -0.086   0.237   0.
  2017 352  6 16  1 503 352.261128516      12.73     15.03     -4.52  0.        3054.467      -2522.041       -126.502    0.000  -0.086   0.237   0.
  2017 352  6 16  2 503 352.261140090      15.73     12.40      2.68  0.        3056.468      -2521.351       -123.244    0.000  -0.086   0.237   0.
  2017 352  6 16  3 503 352.261151664      16.82      9.00      2.08  0.        3058.468      -2520.658       -119.986    0.000  -0.086   0.237   0.
  2017 352  6 16  4 503 352.261163238      17.48      7.57      0.32  0.        3060.465      -2519.964       -116.728    0.000  -0.086   0.237   0.
  2017 352  6 16  5 503 352.261174812      21.64     11.46      0.34  0.        3062.460      -2519.269       -113.470    0.000  -0.086   0.237   0.
  2017 352  6 16  6 503 352.261186386      18.02      9.54      1.85  0.        3064.453      -2518.571       -110.212    0.000  -0.086   0.237   0.
  2017 352  6 16  7 503 352.261197960      18.47     10.41      2.12  0.        3066.444      -2517.872       -106.954    0.000  -0.086   0.237   0.
  2017 352  6 16  8 503 352.261209534      18.55     13.71      4.04  0.        3068.433      -2517.171       -103.696    0.000  -0.086   0.237   0.
  2017 352  6 16  9 503 352.261221108      20.07     16.33      6.51  0.        3070.420      -2516.468       -100.437    0.000  -0.086   0.237   0.
  2017 352  6 16 10 503 352.261232680      16.44      9.65      6.56  0.        3072.404      -2515.764        -97.179    0.000  -0.086   0.237   0.
  2017 352  6 16 11 503 352.261244254      17.73     13.51     -5.77  0.        3074.387      -2515.058        -93.921    0.000  -0.086   0.237   0.
  2017 352  6 16 12 503 352.261255828      13.21     26.00      2.01  0.        3076.367      -2514.350        -90.662    0.000  -0.086   0.237   0.
  2017 352  6 16 13 503 352.261267402       6.51     18.91     12.34  0.        3078.345      -2513.641        -87.404    0.000  -0.086   0.237   0.
  2017 352  6 16 14 503 352.261278976       5.55     15.27     13.04  0.        3080.321      -2512.929        -84.145    0.000  -0.086   0.237   0.
  2017 352  6 16 15 503 352.261290550       4.33     12.57     14.15  0.        3082.295      -2512.217        -80.886    0.000  -0.086   0.237   0.
  2017 352  6 16 16 503 352.261302124       4.62     11.43     15.19  0.        3084.268      -2511.502        -77.628    0.000  -0.086   0.237   0.
  2017 352  6 16 17 503 352.261313698       1.39     10.11     11.26  0.        3086.237      -2510.786        -74.369    0.000  -0.086   0.237   0.
  2017 352  6 16 18 503 352.261325272       1.50      9.96     10.53  0.        3088.205      -2510.067        -71.110    0.000  -0.086   0.237   0.
  2017 352  6 16 19 503 352.261336846       7.46      9.98      7.74  0.        3090.171      -2509.348        -67.851    0.000  -0.086   0.237   0.
  2017 352  6 16 20 503 352.261348420       9.34     11.42      1.44  0.        3092.134      -2508.626        -64.592    0.000  -0.086   0.237   0.
  2017 352  6 16 21 503 352.261359994      12.35     12.32     -3.05  0.        3094.096      -2507.903        -61.334    0.000  -0.086   0.237   0.
  2017 352  6 16 22 503 352.261371568      14.45     15.87     -0.94  0.        3096.055      -2507.178        -58.075    0.000  -0.086   0.237   0.
  2017 352  6 16 23 503 352.261383142      14.55     17.38      4.29  0.        3098.013      -2506.452        -54.816    0.000  -0.086   0.237   0.
  2017 352  6 16 24 503 352.261394716      17.73     17.61      4.93  0.        3099.968      -2505.723        -51.557    0.000  -0.086   0.237   0.
  2017 352  6 16 25 503 352.261406291      17.97     18.35      3.60  0.        3101.920      -2504.993        -48.298    0.000  -0.086   0.237   0.
  2017 352  6 16 26 503 352.261417865      16.50     15.97      4.41  0.        3103.872      -2504.262        -45.038    0.000  -0.086   0.237   0.
  2017 352  6 16 27 503 352.261429439      15.34     14.19      2.64  0.        3105.821      -2503.528        -41.779    0.000  -0.086   0.237   0.
  2017 352  6 16 28 503 352.261441013      14.38     12.48     -1.42  0.        3107.768      -2502.794        -38.520    0.000  -0.086   0.237   0.
  2017 352  6 16 29 503 352.261452587      14.48     13.03     -6.93  0.        3109.712      -2502.057        -35.261    0.000  -0.086   0.237   0.
  2017 352  6 16 30 503 352.261464161      15.48     16.63     -6.67  0.        3111.655      -2501.318        -32.002    0.000  -0.086   0.237   0.
  2017 352  6 16 31 503 352.261475735      13.17     15.24     -0.23  0.        3113.595      -2500.578        -28.743    0.000  -0.086   0.237   0.
  2017 352  6 16 32 503 352.261487309      11.39     13.04     -2.61  0.        3115.534      -2499.836        -25.483    0.000  -0.086   0.237   0.
  2017 352  6 16 33 503 352.261498883      12.79     15.99     -0.99  0.        3117.470      -2499.093        -22.224    0.000  -0.086   0.237   0.
  2017 352  6 16 34 503 352.261510457      12.74     14.85     -1.43  0.        3119.404      -2498.348        -18.965    0.000  -0.086   0.237   0.
  2017 352  6 16 35 503 352.261522031      13.62     17.68     -0.94  0.        3121.336      -2497.601        -15.706    0.000  -0.086   0.237   0.
  2017 352  6 16 36 503 352.261533605      11.09     14.90      0.92  0.        3123.267      -2496.852        -12.446    0.000  -0.086   0.237   0.
  2017 352  6 16 37 503 352.261545179      10.82     15.37     -0.94  0.        3125.195      -2496.102         -9.187    0.000  -0.086   0.237   0.
  2017 352  6 16 38 503 352.261556754      11.24     16.84      2.14  0.        3127.120      -2495.350         -5.928    0.000  -0.086   0.237   0.
  2017 352  6 16 39 503 352.261568328       4.05     14.77      6.84  0.        3129.044      -2494.597         -2.669    0.000  -0.086   0.237   0.
  2017 352  6 16 40 503 352.261579899      -1.13      6.82     11.98  0.        3130.966      -2493.842          0.591    0.000  -0.086   0.237   0.
  2017 352  6 16 41 503 352.261591473       2.68      9.14     11.62  0.        3132.885      -2493.085          3.850    0.000  -0.086   0.237   0.
  2017 352  6 16 42 503 352.261603047       7.50     16.91     18.82  0.        3134.803      -2492.326          7.109    0.000  -0.086   0.237   0.
  2017 352  6 16 43 503 352.261614621       4.98      9.42     14.89  0.        3136.718      -2491.566         10.368    0.000  -0.086   0.237   0.
  2017 352  6 16 44 503 352.261626195       9.69     11.95     15.23  0.        3138.631      -2490.804         13.628    0.000  -0.086   0.237   0.
  2017 352  6 16 45 503 352.261637769      12.73     12.94     18.60  0.        3140.543      -2490.041         16.887    0.000  -0.086   0.237   0.
  2017 352  6 16 46 503 352.261649343      11.34      9.43     12.46  0.        3142.452      -2489.276         20.146    0.000  -0.086   0.237   0.
  2017 352  6 16 47 503 352.261660917      11.13      8.35      8.88  0.        3144.359      -2488.509         23.405    0.000  -0.086   0.237   0.
  2017 352  6 16 48 503 352.261672491      15.47     10.21      6.60  0.        3146.264      -2487.741         26.664    0.000  -0.086   0.237   0.
  2017 352  6 16 49 503 352.261684065      19.71     12.47      7.27  0.        3148.167      -2486.970         29.923    0.000  -0.086   0.237   0.
  2017 352  6 16 50 503 352.261695639      19.32     16.25      8.09  0.        3150.067      -2486.199         33.183    0.000  -0.086   0.237   0.
  2017 352  6 16 51 503 352.261707214      18.31     23.27      8.05  0.        3151.966      -2485.425         36.442    0.000  -0.086   0.237   0.
  2017 352  6 16 52 503 352.261718788      15.75     15.77      6.33  0.        3153.863      -2484.650         39.701    0.000  -0.086   0.237   0.
  2017 352  6 16 53 503 352.261730362      14.64     14.85      5.00  0.        3155.757      -2483.874         42.960    0.000  -0.086   0.237   0.
  2017 352  6 16 54 503 352.261741936      14.06     17.16      4.73  0.        3157.649      -2483.095         46.219    0.000  -0.086   0.237   0.
  2017 352  6 16 55 503 352.261753510      12.44     11.48      7.40  0.        3159.540      -2482.315         49.478    0.000  -0.086   0.237   0.
  2017 352  6 16 56 503 352.261765084      13.49     12.53      7.22  0.        3161.428      -2481.534         52.737    0.000  -0.086   0.237   0.
  2017 352  6 16 57 503 352.261776658      13.10     10.91     11.56  0.        3163.314      -2480.751         55.996    0.000  -0.086   0.237   0.
  2017 352  6 16 58 503 352.261788232      12.19      9.86      5.62  0.        3165.198      -2479.966         59.254    0.000  -0.086   0.237   0.
  2017 352  6 16 59 503 352.261799806      10.26     11.61      3.84  0.        3167.080      -2479.179         62.513    0.000  -0.086   0.237   0.
  2017 352  6 17  0 503 352.261811380       9.33      9.13      2.51  0.        3168.960      -2478.391         65.772    0.000  -0.086   0.237   0.
  2017 352  6 17  1 503 352.261822954       6.33      6.86      5.14  0.        3170.838      -2477.601         69.031    0.000  -0.086   0.237   0.
  2017 352  6 17  2 503 352.261834528       6.44      5.95     10.40  0.        3172.714      -2476.810         72.289    0.000  -0.086   0.237   0.
  2017 352  6 17  3 503 352.261846102       7.68      7.75      9.18  0.        3174.587      -2476.017         75.548    0.000  -0.086   0.237   0.
  2017 352  6 17  4 503 352.261857677       8.62      8.33      9.14  0.        3176.459      -2475.222         78.807    0.000  -0.086   0.237   0.
  2017 352  6 17  5 503 352.261869251       7.00      8.23      6.90  0.        3178.328      -2474.426         82.065    0.000  -0.086   0.237   0.
  2017 352  6 17  6 503 352.261880825       6.38      8.89      4.70  0.        3180.196      -2473.628         85.323    0.000  -0.086   0.237   0.
  2017 352  6 17  7 503 352.261892399       7.09      9.22      4.08  0.        3182.061      -2472.829         88.582    0.000  -0.086   0.237   0.
  2017 352  6 17  8 503 352.261903970       6.12      5.77     -1.14  0.        3183.924      -2472.027         91.840    0.000  -0.086   0.237   0.
  2017 352  6 17  9 503 352.261915544       7.83     10.05      1.50  0.        3185.785      -2471.225         95.098    0.000  -0.086   0.237   0.
  2017 352  6 17 10 502 352.261927118       6.26      7.95      3.46  0.        3187.644      -2470.420         98.357    0.000  -0.086   0.237   0.
  2017 352  6 17 11 502 352.261938692       8.22      7.75      0.17  0.        3189.501      -2469.614        101.615    0.000  -0.086   0.237   0.
  2017 352  6 17 12 502 352.261950266       9.87     10.97      2.68  0.        3191.356      -2468.807        104.873    0.000  -0.086   0.237   0.
  2017 352  6 17 13 502 352.261961840       8.29     13.22      7.53  0.        3193.209      -2467.997        108.131    0.000  -0.086   0.237   0.
  2017 352  6 17 14 503 352.261973414       4.31     14.14     16.80  0.        3195.060      -2467.187        111.389    0.000  -0.086   0.237   0.
  2017 352  6 17 15 503 352.261984988       3.06      2.06     26.01  0.        3196.908      -2466.374        114.647    0.000  -0.086   0.237   0.
  2017 352  6 17 16 503 352.261996562      10.74      5.51     19.11  0.        3198.755      -2465.560        117.904    0.000  -0.086   0.237   0.
  2017 352  6 17 17 502 352.262008137       9.77      4.03     14.63  0.        3200.599      -2464.745        121.162    0.000  -0.086   0.237   0.
  2017 352  6 17 18 502 352.262019711       8.24      3.23      9.16  0.        3202.442      -2463.927        124.420    0.000  -0.086   0.237   0.
  2017 352  6 17 19 503 352.262031285       9.67      6.92      9.50  0.        3204.282      -2463.109        127.677    0.000  -0.086   0.237   0.
  2017 352  6 17 20 503 352.262042859       8.95      6.39     11.31  0.        3206.120      -2462.288        130.935    0.000  -0.086   0.237   0.
  2017 352  6 17 21 503 352.262054433       8.90      4.73      6.16  0.        3207.957      -2461.466        134.192    0.000  -0.086   0.237   0.
  2017 352  6 17 22 503 352.262066007       8.69      6.40     -1.19  0.        3209.791      -2460.643        137.449    0.000  -0.086   0.237   0.
  2017 352  6 17 23 502 352.262077581       9.79      7.77     -2.15  0.        3211.623      -2459.817        140.706    0.000  -0.086   0.237   0.
  2017 352  6 17 24 502 352.262089155      11.88      9.07     -1.58  0.        3213.453      -2458.991        143.963    0.000  -0.086   0.237   0.
  2017 352  6 17 25 502 352.262100729      11.36     13.67      2.78  0.        3215.281      -2458.162        147.220    0.000  -0.086   0.237   0.
  2017 352  6 17 26 502 352.262112303      11.97     14.24      3.19  0.        3217.106      -2457.333        150.477    0.000  -0.086   0.237   0.
  2017 352  6 17 27 502 352.262123877      14.22     19.27      4.36  0.        3218.930      -2456.501        153.734    0.000  -0.086   0.237   0.
  2017 352  6 17 28 503 352.262135451      13.85     17.18      4.68  0.        3220.752      -2455.668        156.990    0.000  -0.086   0.237   0.
  2017 352  6 17 29 503 352.262147025       8.78     15.97      4.91  0.        3222.571      -2454.833        160.247    0.000  -0.086   0.237   0.
  2017 352  6 17 30 502 352.262158600       6.82     17.82      3.14  0.        3224.389      -2453.997        163.504    0.000  -0.086   0.237   0.
  2017 352  6 17 31 502 352.262170174       6.28     13.02      3.41  0.        3226.204      -2453.159        166.760    0.000  -0.086   0.237   0.
  2017 352  6 17 32 503 352.262181748       4.28     12.88      3.35  0.        3228.018      -2452.320        170.016    0.000  -0.086   0.237   0.
  2017 352  6 17 33 503 352.262193322       7.68      8.78      2.31  0.        3229.829      -2451.479        173.272    0.000  -0.086   0.237   0.
  2017 352  6 17 34 503 352.262204896      12.03     11.82     -1.10  0.        3231.638      -2450.636        176.528    0.000  -0.086   0.237   0.
  2017 352  6 17 35 503 352.262216470      14.95     16.88     -0.22  0.        3233.445      -2449.792        179.784    0.000  -0.086   0.237   0.
  2017 352  6 17 36 503 352.262228044      15.66     15.93      2.01  0.        3235.250      -2448.946        183.040    0.000  -0.086   0.237   0.
  2017 352  6 17 37 502 352.262239618      13.80     15.34      1.61  0.        3237.053      -2448.099        186.295    0.000  -0.086   0.237   0.
  2017 352  6 17 38 502 352.262251192      11.84     15.77      2.93  0.        3238.854      -2447.250        189.551    0.000  -0.086   0.237   0.
  2017 352  6 17 39 502 352.262262766       8.63     18.23      8.96  0.        3240.653      -2446.400        192.806    0.000  -0.086   0.237   0.
  2017 352  6 17 40 502 352.262274338       8.46     15.91      9.90  0.        3242.450      -2445.548        196.062    0.000  -0.086   0.237   0.
  2017 352  6 17 41 502 352.262285911       5.90     10.51      5.09  0.        3244.245      -2444.695        199.317    0.000  -0.086   0.237   0.
  2017 352  6 17 42 502 352.262297486       4.08      8.40      3.60  0.        3246.037      -2443.839        202.572    0.000  -0.086   0.237   0.
  2017 352  6 17 43 502 352.262309060      10.19      9.13     13.45  0.        3247.828      -2442.983        205.827    0.000  -0.086   0.237   0.
  2017 352  6 17 44 502 352.262320634       8.22      7.41     13.26  0.        3249.617      -2442.125        209.081    0.000  -0.086   0.237   0.
  2017 352  6 17 45 502 352.262332208       3.48      6.08      9.15  0.        3251.403      -2441.265        212.336    0.000  -0.086   0.237   0.
  2017 352  6 17 46 502 352.262343782       3.66      7.98      9.76  0.        3253.188      -2440.404        215.590    0.000  -0.086   0.237   0.
  2017 352  6 17 47 502 352.262355356       0.89      7.07      6.22  0.        3254.970      -2439.541        218.845    0.000  -0.086   0.237   0.
  2017 352  6 17 48 502 352.262366930       0.59      3.07      5.54  0.        3256.750      -2438.676        222.099    0.000  -0.086   0.237   0.
  2017 352  6 17 49 502 352.262378504       6.78      6.42      5.40  0.        3258.528      -2437.811        225.353    0.000  -0.086   0.237   0.
  2017 352  6 17 50 502 352.262390078       9.50      6.98      5.30  0.        3260.305      -2436.943        228.607    0.000  -0.086   0.237   0.
  2017 352  6 17 51 502 352.262401652       7.04      7.61      3.38  0.        3262.079      -2436.074        231.861    0.000  -0.086   0.237   0.
  2017 352  6 17 52 502 352.262413226      10.22      5.73      4.07  0.        3263.851      -2435.204        235.114    0.000  -0.086   0.237   0.
  2017 352  6 17 53 502 352.262424800      12.29      8.70      3.56  0.        3265.621      -2434.332        238.368    0.000  -0.086   0.237   0.
  2017 352  6 17 54 502 352.262436374      11.99     11.49      4.95  0.        3267.389      -2433.458        241.621    0.000  -0.086   0.237   0.
  2017 352  6 17 55 502 352.262447948      10.65     12.57      3.71  0.        3269.155      -2432.583        244.874    0.000  -0.086   0.237   0.
  2017 352  6 17 56 502 352.262459523       6.65     12.51      1.46  0.        3270.918      -2431.706        248.127    0.000  -0.086   0.237   0.
  2017 352  6 17 57 502 352.262471097       4.90     14.72      4.87  0.        3272.680      -2430.828        251.380    0.000  -0.086   0.237   0.
  2017 352  6 17 58 502 352.262482671       3.27     14.86      7.14  0.        3274.440      -2429.948        254.632    0.000  -0.086   0.238   0.
  2017 352  6 17 59 502 352.262494245       2.37     12.65     10.53  0.        3276.197      -2429.067        257.885    0.000  -0.086   0.238   0.
  2017 352  6 18  0 502 352.262505819       4.82     13.33     10.05  0.        3277.953      -2428.184        261.137    0.000  -0.086   0.237   0.
  2017 352  6 18  1 502 352.262517393       1.03     10.92     17.49  0.        3279.706      -2427.300        264.389    0.000  -0.086   0.237   0.
  2017 352  6 18  2 502 352.262528967      -3.41      5.44     21.53  0.        3281.458      -2426.414        267.641    0.000  -0.086   0.237   0.
  2017 352  6 18  3 502 352.262540541      -1.71      5.77     17.57  0.        3283.207      -2425.527        270.893    0.000  -0.086   0.237   0.
  2017 352  6 18  4 502 352.262552115      -1.20      6.29     13.80  0.        3284.955      -2424.638        274.145    0.000  -0.086   0.237   0.
  2017 352  6 18  5 502 352.262563689       7.15     10.95      4.98  0.        3286.700      -2423.748        277.396    0.000  -0.086   0.237   0.
  2017 352  6 18  6 502 352.262575263      11.75     12.54     -4.88  0.        3288.443      -2422.856        280.647    0.000  -0.086   0.237   0.
  2017 352  6 18  7 502 352.262586837       0.17     11.28     -1.51  0.        3290.184      -2421.963        283.898    0.000  -0.086   0.237   0.
  2017 352  6 18  8 502 352.262598409       2.82      3.99      2.14  0.        3291.924      -2421.068        287.149    0.000  -0.086   0.237   0.
  2017 352  6 18  9 502 352.262609983       5.32      5.60     -1.76  0.        3293.661      -2420.172        290.400    0.000  -0.086   0.237   0.
  2017 352  6 18 10 502 352.262621557       5.51      6.10     -0.64  0.        3295.396      -2419.274        293.651    0.000  -0.086   0.238   0.
  2017 352  6 18 11 502 352.262633131       3.29      4.63     -0.44  0.        3297.129      -2418.374        296.901    0.000  -0.086   0.238   0.
  2017 352  6 18 12 502 352.262644705       5.84      9.38      0.30  0.        3298.860      -2417.473        300.151    0.000  -0.086   0.237   0.
  2017 352  6 18 13 502 352.262656279       7.86     14.40     -0.72  0.        3300.589      -2416.571        303.401    0.000  -0.086   0.237   0.
  2017 352  6 18 14 502 352.262667853       9.83     16.05     -1.16  0.        3302.315      -2415.667        306.651    0.000  -0.086   0.237   0.
  2017 352  6 18 15 502 352.262679427       1.15      4.75      0.92  0.        3304.040      -2414.762        309.901    0.000  -0.086   0.238   0.
  2017 352  6 18 16 502 352.262691001      15.21      8.17     -2.10  0.        3305.763      -2413.855        313.150    0.000  -0.086   0.237   0.
  2017 352  6 18 17 502 352.262702575      12.45     13.62     -3.37  0.        3307.484      -2412.946        316.399    0.000  -0.086   0.237   0.
  2017 352  6 18 18 502 352.262714149       9.84      8.08     -2.11  0.        3309.202      -2412.036        319.648    0.000  -0.086   0.238   0.
  2017 352  6 18 19 502 352.262725723       9.15      5.30      0.56  0.        3310.919      -2411.125        322.897    0.000  -0.086   0.238   0.
  2017 352  6 18 20 502 352.262737297       7.57      6.09      3.42  0.        3312.633      -2410.212        326.146    0.000  -0.086   0.237   0.
  2017 352  6 18 21 502 352.262748871       4.78      6.22      1.55  0.        3314.346      -2409.298        329.394    0.000  -0.086   0.237   0.
  2017 352  6 18 22 502 352.262760446       6.59     10.65      0.74  0.        3316.056      -2408.382        332.642    0.000  -0.086   0.237   0.
  2017 352  6 18 23 502 352.262772020       8.39     14.62      0.97  0.        3317.765      -2407.465        335.890    0.000  -0.086   0.237   0.
  2017 352  6 18 24 502 352.262783594      11.52     14.64      5.79  0.        3319.471      -2406.546        339.138    0.000  -0.086   0.237   0.
  2017 352  6 18 25 502 352.262795168      16.96     11.85      7.76  0.        3321.176      -2405.626        342.385    0.000  -0.086   0.237   0.
  2017 352  6 18 26 502 352.262806742      15.64      9.57      0.27  0.        3322.878      -2404.704        345.633    0.000  -0.086   0.237   0.
  2017 352  6 18 27 502 352.262818316      16.71     13.74      5.53  0.        3324.578      -2403.781        348.880    0.000  -0.086   0.237   0.
  2017 352  6 18 28 502 352.262829890      16.56     10.15      6.98  0.        3326.276      -2402.856        352.127    0.000  -0.086   0.237   0.
  2017 352  6 18 29 502 352.262841464      19.63     13.11      2.88  0.        3327.972      -2401.930        355.374    0.000  -0.086   0.237   0.
  2017 352  6 18 30 502 352.262853038      22.87     12.86      1.24  0.        3329.667      -2401.002        358.620    0.000  -0.086   0.237   0.
  2017 352  6 18 31 502 352.262864612      18.96     12.00     -0.25  0.        3331.359      -2400.073        361.866    0.000  -0.086   0.237   0.
  2017 352  6 18 32 502 352.262876186      17.13     15.84     -1.49  0.        3333.049      -2399.142        365.112    0.000  -0.086   0.237   0.
  2017 352  6 18 33 502 352.262887760      19.37     16.70      0.44  0.        3334.737      -2398.210        368.358    0.000  -0.086   0.237   0.
  2017 352  6 18 34 502 352.262899334      19.27     10.93     -1.21  0.        3336.423      -2397.277        371.604    0.000  -0.086   0.237   0.
  2017 352  6 18 35 502 352.262910909      17.47     12.62     -1.19  0.        3338.107      -2396.342        374.849    0.000  -0.086   0.238   0.
  2017 352  6 18 36 502 352.262922483      18.83     16.48     -3.01  0.        3339.789      -2395.405        378.094    0.000  -0.086   0.238   0.
  2017 352  6 18 37 502 352.262934054      19.11     17.69      1.10  0.        3341.469      -2394.467        381.339    0.000  -0.086   0.238   0.
  2017 352  6 18 38 502 352.262945628      17.57     19.09      0.78  0.        3343.146      -2393.528        384.583    0.000  -0.086   0.237   0.
  2017 352  6 18 39 502 352.262957202      13.24     16.69     -0.13  0.        3344.822      -2392.587        387.828    0.000  -0.086   0.237   0.
  2017 352  6 18 40 502 352.262968776      13.57     15.83      1.18  0.        3346.496      -2391.645        391.072    0.000  -0.086   0.238   0.
  2017 352  6 18 41 502 352.262980350      15.89     15.97      1.74  0.        3348.168      -2390.701        394.316    0.000  -0.086   0.237   0.
  2017 352  6 18 42 502 352.262991924      22.76     16.64     -0.23  0.        3349.837      -2389.756        397.560    0.000  -0.086   0.237   0.
  2017 352  6 18 43 502 352.263003498      24.29     14.02     -2.82  0.        3351.505      -2388.810        400.803    0.000  -0.086   0.237   0.
  2017 352  6 18 44 502 352.263015072      22.70     16.47     -0.57  0.        3353.171      -2387.861        404.046    0.000  -0.086   0.238   0.
  2017 352  6 18 45 502 352.263026646      21.83     17.73     -8.64  0.        3354.834      -2386.912        407.289    0.000  -0.086   0.237   0.
  2017 352  6 18 46 502 352.263038220      17.19     17.77     -8.10  0.        3356.496      -2385.961        410.532    0.000  -0.086   0.238   0.
  2017 352  6 18 47 502 352.263049795      11.26      9.49     -3.20  0.        3358.156      -2385.009        413.774    0.000  -0.086   0.238   0.
  2017 352  6 18 48 502 352.263061369       5.29      2.66     -1.76  0.        3359.813      -2384.055        417.016    0.000  -0.086   0.237   0.
  2017 352  6 18 49 502 352.263072943       4.45      4.47     -2.40  0.        3361.469      -2383.100        420.258    0.000  -0.086   0.238   0.
  2017 352  6 18 50 502 352.263084517      11.07      2.85     -3.31  0.        3363.122      -2382.143        423.500    0.000  -0.086   0.237   0.
  2017 352  6 18 51 502 352.263096091       8.26      6.88     -2.68  0.        3364.774      -2381.185        426.741    0.000  -0.086   0.237   0.
  2017 352  6 18 52 502 352.263107665       5.58      6.70     -1.92  0.        3366.423      -2380.225        429.982    0.000  -0.086   0.238   0.
  2017 352  6 18 53 502 352.263119239      13.41      9.72     -2.36  0.        3368.070      -2379.264        433.223    0.000  -0.086   0.237   0.
  2017 352  6 18 54 502 352.263130813      10.02     17.46     -7.23  0.        3369.716      -2378.302        436.464    0.000  -0.086   0.238   0.
  2017 352  6 18 55 502 352.263142387      10.39     19.47      3.44  0.        3371.359      -2377.338        439.704    0.000  -0.086   0.238   0.
  2017 352  6 18 56 502 352.263153961      10.44     12.67      8.29  0.        3373.000      -2376.373        442.944    0.000  -0.086   0.238   0.
  2017 352  6 18 57 502 352.263165535      17.01     11.27      2.49  0.        3374.640      -2375.406        446.184    0.000  -0.086   0.238   0.
  2017 352  6 18 58 502 352.263177109       9.92     11.84     -3.98  0.        3376.277      -2374.438        449.423    0.000  -0.086   0.238   0.
  2017 352  6 18 59 502 352.263188683       9.93      9.17     -1.18  0.        3377.912      -2373.468        452.663    0.000  -0.086   0.238   0.
  2017 352  6 19  0 502 352.263200258      13.42      8.58      4.29  0.        3379.545      -2372.497        455.902    0.000  -0.086   0.238   0.
  2017 352  6 19  1 502 352.263211832      11.15     11.81      3.34  0.        3381.177      -2371.525        459.140    0.000  -0.086   0.238   0.
  2017 352  6 19  2 502 352.263223406      11.86     12.17      5.50  0.        3382.806      -2370.551        462.379    0.000  -0.086   0.238   0.
  2017 352  6 19  3 502 352.263234980      11.69     11.18      5.73  0.        3384.433      -2369.576        465.617    0.000  -0.086   0.238   0.
  2017 352  6 19  4 502 352.263246554      12.71     11.10      4.30  0.        3386.058      -2368.599        468.855    0.000  -0.086   0.238   0.
  2017 352  6 19  5 502 352.263258128      12.89     13.20      0.35  0.        3387.682      -2367.621        472.093    0.000  -0.086   0.238   0.
  2017 352  6 19  6 502 352.263269702      14.12     15.75      0.79  0.        3389.303      -2366.642        475.330    0.000  -0.086   0.238   0.
  2017 352  6 19  7 502 352.263281276      15.42     15.56      1.56  0.        3390.922      -2365.661        478.567    0.000  -0.086   0.238   0.
  2017 352  6 19  8 501 352.263292848      14.22     12.87      2.11  0.        3392.539      -2364.679        481.803    0.000  -0.086   0.238   0.
  2017 352  6 19  9 501 352.263304421      14.18     12.67      1.57  0.        3394.154      -2363.695        485.040    0.000  -0.086   0.238   0.
  2017 352  6 19 10 502 352.263315995      13.80     17.66      1.49  0.        3395.767      -2362.710        488.276    0.000  -0.087   0.238   0.
  2017 352  6 19 11 502 352.263327569      13.67     20.94      2.07  0.        3397.378      -2361.724        491.512    0.000  -0.087   0.238   0.
  2017 352  6 19 12 501 352.263339144      13.77     19.47      4.93  0.        3398.987      -2360.736        494.747    0.000  -0.086   0.238   0.
  2017 352  6 19 13 501 352.263350718       7.65     20.54      6.87  0.        3400.595      -2359.747        497.983    0.000  -0.086   0.238   0.
  2017 352  6 19 14 502 352.263362292       0.86     15.33      9.97  0.        3402.200      -2358.756        501.218    0.000  -0.086   0.238   0.
  2017 352  6 19 15 502 352.263373866       2.15      1.52      2.77  0.        3403.803      -2357.764        504.452    0.000  -0.086   0.238   0.
  2017 352  6 19 16 502 352.263385440       3.79      5.90      1.68  0.        3405.404      -2356.770        507.687    0.000  -0.086   0.238   0.
  2017 352  6 19 17 502 352.263397014       5.31     10.11      2.69  0.        3407.003      -2355.776        510.921    0.000  -0.086   0.238   0.
  2017 352  6 19 18 502 352.263408588       0.93      4.45      3.06  0.        3408.600      -2354.779        514.154    0.000  -0.086   0.238   0.
  2017 352  6 19 19 501 352.263420162      -2.13      7.19      3.46  0.        3410.195      -2353.782        517.388    0.000  -0.086   0.238   0.
  2017 352  6 19 20 501 352.263431736      -6.10      5.34      7.27  0.        3411.788      -2352.783        520.621    0.000  -0.086   0.238   0.
  2017 352  6 19 21 501 352.263443310      -2.59      5.18      6.25  0.        3413.379      -2351.783        523.854    0.000  -0.086   0.238   0.
  2017 352  6 19 22 501 352.263454884       0.18      5.77      4.43  0.        3414.968      -2350.781        527.086    0.000  -0.086   0.238   0.
  2017 352  6 19 23 501 352.263466458       2.57      9.73      4.84  0.        3416.555      -2349.778        530.319    0.000  -0.086   0.238   0.
  2017 352  6 19 24 502 352.263478032       3.45      7.62      3.95  0.        3418.140      -2348.773        533.551    0.000  -0.086   0.238   0.
  2017 352  6 19 25 502 352.263489606       5.27      6.16      1.46  0.        3419.723      -2347.767        536.782    0.000  -0.086   0.238   0.
  2017 352  6 19 26 501 352.263501181       3.02      7.18      0.62  0.        3421.304      -2346.760        540.013    0.000  -0.086   0.238   0.
  2017 352  6 19 27 501 352.263512755      -8.30      5.85     11.13  0.        3422.883      -2345.752        543.244    0.000  -0.086   0.238   0.
  2017 352  6 19 28 502 352.263524329     -14.88     -1.16     12.80  0.        3424.460      -2344.742        546.475    0.000  -0.086   0.238   0.
  2017 352  6 19 29 502 352.263535903      -7.42      0.14     11.49  0.        3426.035      -2343.730        549.705    0.000  -0.086   0.238   0.
  2017 352  6 19 30 502 352.263547477     -10.25     -1.83      6.87  0.        3427.608      -2342.717        552.935    0.000  -0.086   0.238   0.
  2017 352  6 19 31 502 352.263559051      -1.15     -3.54      4.97  0.        3429.179      -2341.704        556.165    0.000  -0.086   0.238   0.
  2017 352  6 19 32 501 352.263570625       9.18      2.68      7.61  0.        3430.748      -2340.688        559.394    0.000  -0.086   0.238   0.
  2017 352  6 19 33 501 352.263582199       8.58      5.93      6.08  0.        3432.315      -2339.671        562.623    0.000  -0.086   0.238   0.
  2017 352  6 19 34 501 352.263593773       3.93      2.19      4.10  0.        3433.880      -2338.653        565.852    0.000  -0.086   0.238   0.
  2017 352  6 19 35 501 352.263605347      -0.32      2.54      5.01  0.        3435.443      -2337.634        569.080    0.000  -0.086   0.238   0.
  2017 352  6 19 36 501 352.263616919      -1.06      3.23      2.99  0.        3437.004      -2336.613        572.308    0.000  -0.087   0.238   0.
  2017 352  6 19 37 501 352.263628492       1.59      6.50     -2.66  0.        3438.563      -2335.591        575.535    0.000  -0.086   0.238   0.
  2017 352  6 19 38 501 352.263640067      -2.32      6.03     -0.93  0.        3440.120      -2334.567        578.763    0.000  -0.086   0.238   0.
  2017 352  6 19 39 501 352.263651641      -9.10      5.62      0.95  0.        3441.675      -2333.542        581.990    0.000  -0.086   0.238   0.
  2017 352  6 19 40 501 352.263663215      -6.92      2.21     -1.28  0.        3443.228      -2332.516        585.216    0.000  -0.086   0.238   0.
  2017 352  6 19 41 501 352.263674789      -2.16      6.47      2.13  0.        3444.779      -2331.488        588.443    0.000  -0.086   0.238   0.
  2017 352  6 19 42 501 352.263686363      -5.66      2.85      3.03  0.        3446.328      -2330.459        591.669    0.000  -0.087   0.238   0.
  2017 352  6 19 43 501 352.263697937      -6.41      0.60      6.10  0.        3447.875      -2329.429        594.894    0.000  -0.087   0.238   0.
  2017 352  6 19 44 501 352.263709511      -5.99      5.54      3.21  0.        3449.420      -2328.397        598.119    0.000  -0.086   0.238   0.
  2017 352  6 19 45 501 352.263721085     -12.43     10.78      2.86  0.        3450.963      -2327.364        601.344    0.000  -0.086   0.238   0.
  2017 352  6 19 46 501 352.263732659      -3.81      6.31     -0.93  0.        3452.504      -2326.330        604.569    0.000  -0.087   0.238   0.
  2017 352  6 19 47 501 352.263744233      -0.67      8.55     -5.54  0.        3454.044      -2325.294        607.793    0.000  -0.086   0.238   0.
  2017 352  6 19 48 501 352.263755807       3.72     10.42     -7.16  0.        3455.581      -2324.257        611.017    0.000  -0.086   0.238   0.
  2017 352  6 19 49 501 352.263767381       2.09      9.85     -6.73  0.        3457.116      -2323.219        614.240    0.000  -0.087   0.238   0.
  2017 352  6 19 50 501 352.263778955       6.65      9.97     -2.73  0.        3458.649      -2322.179        617.463    0.000  -0.087   0.238   0.
  2017 352  6 19 51 501 352.263790529       0.43     14.43      6.98  0.        3460.180      -2321.138        620.686    0.000  -0.086   0.238   0.
  2017 352  6 19 52 501 352.263802104      -4.55     10.08      6.29  0.        3461.709      -2320.096        623.909    0.000  -0.086   0.238   0.
  2017 352  6 19 53 501 352.263813678      -1.97      0.98     -5.08  0.        3463.237      -2319.052        627.131    0.000  -0.086   0.238   0.
  2017 352  6 19 54 501 352.263825252       5.39      1.43     -7.70  0.        3464.762      -2318.007        630.352    0.000  -0.086   0.238   0.
  2017 352  6 19 55 501 352.263836826       4.54      3.45     -5.88  0.        3466.285      -2316.961        633.574    0.000  -0.086   0.238   0.
  2017 352  6 19 56 501 352.263848400       4.62      8.84     -8.90  0.        3467.807      -2315.913        636.795    0.000  -0.086   0.238   0.
  2017 352  6 19 57 501 352.263859974       6.15     11.77     -9.17  0.        3469.326      -2314.864        640.015    0.000  -0.086   0.238   0.
  2017 352  6 19 58 501 352.263871548      10.55     12.51     -9.26  0.        3470.843      -2313.814        643.236    0.000  -0.086   0.238   0.
  2017 352  6 19 59 501 352.263883122       9.69     12.81     -6.67  0.        3472.359      -2312.762        646.455    0.000  -0.087   0.238   0.
  2017 352  6 20  0 501 352.263894696       8.18      9.80     -8.11  0.        3473.872      -2311.710        649.675    0.000  -0.087   0.238   0.
  2017 352  6 20  1 501 352.263906270       4.49      9.88     -6.56  0.        3475.383      -2310.655        652.894    0.000  -0.087   0.238   0.
  2017 352  6 20  2 501 352.263917844       4.20     11.04      4.07  0.        3476.893      -2309.599        656.113    0.000  -0.087   0.238   0.
  2017 352  6 20  3 501 352.263929418       2.83     13.59      7.65  0.        3478.400      -2308.543        659.331    0.000  -0.087   0.238   0.
  2017 352  6 20  4 501 352.263940992       5.54     15.37      2.60  0.        3479.905      -2307.485        662.549    0.000  -0.087   0.238   0.
  2017 352  6 20  5 501 352.263952564       5.65      8.84      7.88  0.        3481.409      -2306.425        665.767    0.000  -0.087   0.238   0.
  2017 352  6 20  6 501 352.263964138       2.01      3.93      9.13  0.        3482.911      -2305.365        668.984    0.000  -0.087   0.238   0.
  2017 352  6 20  7 501 352.263975712       1.61      4.73      9.20  0.        3484.410      -2304.303        672.201    0.000  -0.087   0.238   0.
  2017 352  6 20  8 501 352.263987286      -5.56     -1.41      8.74  0.        3485.908      -2303.239        675.417    0.000  -0.087   0.238   0.
  2017 352  6 20  9 501 352.263998860       2.06     -3.91      8.35  0.        3487.404      -2302.175        678.633    0.000  -0.087   0.238   0.
  2017 352  6 20 10 501 352.264010434       7.16     -1.11      6.88  0.        3488.897      -2301.109        681.849    0.000  -0.087   0.238   0.
  2017 352  6 20 11 501 352.264022008       1.47      3.28      2.92  0.        3490.389      -2300.041        685.064    0.000  -0.087   0.238   0.
  2017 352  6 20 12 501 352.264033582       1.59      2.52      0.23  0.        3491.879      -2298.973        688.279    0.000  -0.087   0.238   0.
  2017 352  6 20 13 501 352.264045156      -1.02      2.35      2.28  0.        3493.367      -2297.903        691.494    0.000  -0.087   0.238   0.
  2017 352  6 20 14 501 352.264056730      -0.27      4.80      1.97  0.        3494.852      -2296.832        694.708    0.000  -0.087   0.239   0.
  2017 352  6 20 15 501 352.264068304      -3.87     -1.30      3.71  0.        3496.336      -2295.759        697.921    0.000  -0.087   0.239   0.
  2017 352  6 20 16 501 352.264079878      -0.56     -1.28      8.16  0.        3497.818      -2294.686        701.135    0.000  -0.087   0.239   0.
  2017 352  6 20 17 501 352.264091453       5.66      2.96      2.65  0.        3499.298      -2293.611        704.348    0.000  -0.087   0.239   0.
  2017 352  6 20 18 501 352.264103027       5.23      3.36      6.81  0.        3500.776      -2292.534        707.560    0.000  -0.087   0.240   0.
  2017 352  6 20 19 501 352.264114601       5.44      4.71      5.92  0.        3502.252      -2291.457        710.772    0.000  -0.087   0.240   0.
  2017 352  6 20 20 501 352.264126175       6.14      6.74      7.20  0.        3503.726      -2290.378        713.984    0.000  -0.087   0.240   0.
  2017 352  6 20 21 501 352.264137749       5.75      8.54      5.83  0.        3505.198      -2289.298        717.195    0.000  -0.087   0.240   0.
  2017 352  6 20 22 501 352.264149323      10.63      6.64      3.97  0.        3506.668      -2288.216        720.406    0.000  -0.087   0.240   0.
  2017 352  6 20 23 501 352.264160897       8.52      7.54     -0.08  0.        3508.136      -2287.134        723.617    0.000  -0.087   0.240   0.
  2017 352  6 20 24 501 352.264172471       9.49      8.72     -1.79  0.        3509.602      -2286.050        726.827    0.000  -0.087   0.240   0.
  2017 352  6 20 25 501 352.264184045       6.25      5.69     -0.16  0.        3511.067      -2284.965        730.037    0.000  -0.087   0.240   0.
  2017 352  6 20 26 501 352.264195619       3.78      5.72      3.28  0.        3512.529      -2283.878        733.246    0.000  -0.087   0.240   0.
  2017 352  6 20 27 501 352.264207193       3.36      2.37      5.14  0.        3513.989      -2282.790        736.455    0.000  -0.087   0.240   0.
  2017 352  6 20 28 501 352.264218767       0.49      3.10     -0.21  0.        3515.448      -2281.701        739.663    0.000  -0.087   0.240   0.
  2017 352  6 20 29 501 352.264230341      -2.55      2.53      1.44  0.        3516.904      -2280.611        742.871    0.000  -0.087   0.240   0.
  2017 352  6 20 30 501 352.264241915      -0.60      1.25      1.58  0.        3518.359      -2279.519        746.079    0.000  -0.088   0.241   0.
  2017 352  6 20 31 501 352.264253490       1.46      2.12      0.59  0.        3519.811      -2278.427        749.286    0.000  -0.088   0.241   0.
  2017 352  6 20 32 501 352.264265064       5.59      6.87      0.33  0.        3521.262      -2277.332        752.493    0.000  -0.088   0.241   0.
  2017 352  6 20 33 501 352.264276638       8.20     11.13     -1.56  0.        3522.710      -2276.237        755.699    0.000  -0.088   0.241   0.
  2017 352  6 20 34 501 352.264288209       9.25      9.32     -1.07  0.        3524.157      -2275.141        758.905    0.000  -0.088   0.242   0.
  2017 352  6 20 35 501 352.264299783       6.84      8.82      1.43  0.        3525.602      -2274.043        762.111    0.000  -0.088   0.242   0.
  2017 352  6 20 36 501 352.264311357       5.11      9.25      3.45  0.        3527.045      -2272.943        765.316    0.000  -0.088   0.242   0.
  2017 352  6 20 37 501 352.264322931       6.57     10.57      2.65  0.        3528.486      -2271.843        768.520    0.000  -0.088   0.242   0.
  2017 352  6 20 38 501 352.264334505       6.30      8.37      0.18  0.        3529.924      -2270.741        771.725    0.000  -0.088   0.242   0.
  2017 352  6 20 39 501 352.264346079       8.05      5.15      0.24  0.        3531.361      -2269.639        774.929    0.000  -0.088   0.242   0.
  2017 352  6 20 40 501 352.264357653       0.32      3.39      2.13  0.        3532.796      -2268.534        778.132    0.000  -0.088   0.243   0.
  2017 352  6 20 41 501 352.264369227       3.45      6.11      2.31  0.        3534.229      -2267.429        781.335    0.000  -0.088   0.243   0.
  2017 352  6 20 42 501 352.264380802       4.11      5.51      2.07  0.        3535.660      -2266.322        784.537    0.000  -0.089   0.243   0.
  2017 352  6 20 43 501 352.264392376       1.28      3.35     -1.94  0.        3537.090      -2265.215        787.740    0.000  -0.089   0.243   0.
  2017 352  6 20 44 501 352.264403950      -3.47      1.68      2.62  0.        3538.517      -2264.106        790.941    0.000  -0.089   0.244   0.
  2017 352  6 20 45 501 352.264415524       3.10      0.10      8.46  0.        3539.942      -2262.995        794.142    0.000  -0.089   0.244   0.
  2017 352  6 20 46 501 352.264427098       5.30      2.73      3.30  0.        3541.366      -2261.883        797.343    0.000  -0.089   0.244   0.
  2017 352  6 20 47 501 352.264438672       3.17      1.79      6.37  0.        3542.787      -2260.771        800.543    0.000  -0.089   0.244   0.
  2017 352  6 20 48 501 352.264450246      -2.42      0.63     14.93  0.        3544.206      -2259.657        803.743    0.000  -0.089   0.245   0.
  2017 352  6 20 49 501 352.264461820      -3.37     -1.18     18.13  0.        3545.624      -2258.541        806.943    0.000  -0.089   0.245   0.
  2017 352  6 20 50 501 352.264473394      -0.78     -2.63      8.35  0.        3547.040      -2257.425        810.142    0.000  -0.089   0.245   0.
  2017 352  6 20 51 501 352.264484968       3.82      6.49      6.61  0.        3548.453      -2256.307        813.340    0.000  -0.089   0.245   0.
  2017 352  6 20 52 501 352.264496542       1.05      5.16      1.94  0.        3549.865      -2255.188        816.538    0.000  -0.089   0.246   0.
  2017 352  6 20 53 501 352.264508116      -5.29      7.05      4.13  0.        3551.275      -2254.068        819.736    0.000  -0.089   0.246   0.
  2017 352  6 20 54 501 352.264519690      -9.25      5.14      7.27  0.        3552.683      -2252.946        822.933    0.000  -0.090   0.247   0.
  2017 352  6 20 55 501 352.264531264      -2.73     -3.66     11.00  0.        3554.089      -2251.824        826.130    0.000  -0.090   0.247   0.
  2017 352  6 20 56 501 352.264542839       2.95     -2.45      9.62  0.        3555.493      -2250.700        829.326    0.000  -0.090   0.247   0.
  2017 352  6 20 57 501 352.264554413       0.76     -4.76      5.41  0.        3556.895      -2249.575        832.522    0.000  -0.090   0.247   0.
  2017 352  6 20 58 501 352.264565987      -1.96     -1.74      1.96  0.        3558.295      -2248.448        835.718    0.000  -0.090   0.248   0.
  2017 352  6 20 59 501 352.264577561      -4.54     -3.17     -0.35  0.        3559.693      -2247.321        838.913    0.000  -0.090   0.248   0.
  2017 352  6 21  0 501 352.264589135      -6.54     -4.60     -1.16  0.        3561.090      -2246.192        842.107    0.000  -0.090   0.248   0.
  2017 352  6 21  1 501 352.264600709      -6.42     -4.72      0.36  0.        3562.484      -2245.062        845.301    0.000  -0.090   0.248   0.
  2017 352  6 21  2 501 352.264612283      -7.36     -9.52     -0.46  0.        3563.876      -2243.931        848.495    0.000  -0.091   0.249   0.
  2017 352  6 21  3 501 352.264623857      -4.51     -7.65      4.56  0.        3565.267      -2242.799        851.688    0.000  -0.091   0.249   0.
  2017 352  6 21  4 500 352.264635429      -1.53     -3.31      7.81  0.        3566.656      -2241.665        854.880    0.000  -0.091   0.249   0.
  2017 352  6 21  5 500 352.264647002      -1.66     -2.21      6.21  0.        3568.042      -2240.530        858.073    0.000  -0.091   0.249   0.
  2017 352  6 21  6 501 352.264658576      -0.80      3.87      5.42  0.        3569.427      -2239.394        861.264    0.000  -0.091   0.250   0.
  2017 352  6 21  7 501 352.264670150      -3.69      4.29      4.93  0.        3570.810      -2238.257        864.456    0.000  -0.091   0.250   0.
  2017 352  6 21  8 500 352.264681725      -5.40      2.99      2.32  0.        3572.191      -2237.119        867.646    0.000  -0.091   0.251   0.
  2017 352  6 21  9 500 352.264693299      -5.28     -0.15      1.03  0.        3573.570      -2235.979        870.837    0.000  -0.091   0.251   0.
  2017 352  6 21 10 501 352.264704873      -4.15     -0.89      2.43  0.        3574.947      -2234.838        874.027    0.000  -0.091   0.251   0.
  2017 352  6 21 11 501 352.264716447      -1.17      3.22     -0.57  0.        3576.322      -2233.696        877.216    0.000  -0.091   0.251   0.
  2017 352  6 21 12 501 352.264728021      -2.47      3.83      1.31  0.        3577.696      -2232.553        880.405    0.000  -0.092   0.252   0.
  2017 352  6 21 13 501 352.264739595      -3.42      8.82      2.64  0.        3579.067      -2231.408        883.593    0.000  -0.092   0.252   0.
  2017 352  6 21 14 501 352.264751169      -5.00      7.08      1.59  0.        3580.436      -2230.263        886.781    0.000  -0.092   0.252   0.
  2017 352  6 21 15 500 352.264762743      -3.01      4.83     -3.12  0.        3581.804      -2229.116        889.969    0.000  -0.092   0.252   0.
  2017 352  6 21 16 500 352.264774317       0.16      0.77      8.88  0.        3583.169      -2227.968        893.155    0.000  -0.092   0.253   0.
  2017 352  6 21 17 500 352.264785891      -5.20      5.48      1.67  0.        3584.533      -2226.819        896.342    0.000  -0.092   0.253   0.
  2017 352  6 21 18 500 352.264797465      -3.33      3.63     -1.42  0.        3585.895      -2225.669        899.528    0.000  -0.092   0.254   0.
  2017 352  6 21 19 501 352.264809039      -2.94      5.22     -2.76  0.        3587.255      -2224.517        902.714    0.000  -0.092   0.254   0.
  2017 352  6 21 20 501 352.264820613      -0.04      6.35     -2.16  0.        3588.613      -2223.364        905.899    0.000  -0.092   0.254   0.
  2017 352  6 21 21 501 352.264832187       0.29      8.64      0.78  0.        3589.969      -2222.210        909.083    0.000  -0.092   0.254   0.
  2017 352  6 21 22 500 352.264843762      -1.66      8.31     -1.36  0.        3591.323      -2221.055        912.267    0.000  -0.093   0.255   0.
  2017 352  6 21 23 501 352.264855336      -5.58     -1.06      1.37  0.        3592.675      -2219.899        915.451    0.000  -0.093   0.255   0.
  2017 352  6 21 24 501 352.264866910      -9.67      1.20      9.47  0.        3594.026      -2218.742        918.634    0.000  -0.093   0.256   0.
  2017 352  6 21 25 501 352.264878484     -11.65      3.40      1.86  0.        3595.374      -2217.583        921.817    0.000  -0.093   0.256   0.
  2017 352  6 21 26 501 352.264890058      -4.65     -0.81     -0.01  0.        3596.721      -2216.423        924.999    0.000  -0.093   0.256   0.
  2017 352  6 21 27 501 352.264901632      -7.16     -1.70      3.01  0.        3598.065      -2215.262        928.180    0.000  -0.093   0.256   0.
  2017 352  6 21 28 500 352.264913206      -5.26    -10.61      7.49  0.        3599.408      -2214.100        931.361    0.000  -0.093   0.257   0.
  2017 352  6 21 29 500 352.264924780      -2.83     -8.60     11.75  0.        3600.749      -2212.937        934.542    0.000  -0.093   0.257   0.
  2017 352  6 21 30 500 352.264936354      -1.55     -5.15     15.49  0.        3602.088      -2211.772        937.722    0.000  -0.094   0.257   0.
  2017 352  6 21 31 500 352.264947928       3.14      4.36     10.55  0.        3603.425      -2210.607        940.902    0.000  -0.094   0.257   0.
  2017 352  6 21 32 500 352.264959502       7.30      7.64     -2.19  0.        3604.760      -2209.440        944.081    0.000  -0.094   0.258   0.
  2017 352  6 21 33 501 352.264971074       9.08      4.23     -3.14  0.        3606.093      -2208.272        947.260    0.000  -0.094   0.258   0.
  2017 352  6 21 34 500 352.264982648       8.97      4.19      4.33  0.        3607.424      -2207.103        950.438    0.000  -0.094   0.258   0.
  2017 352  6 21 35 500 352.264994222       7.61      5.55      5.40  0.        3608.754      -2205.932        953.615    0.000  -0.094   0.258   0.
  2017 352  6 21 36 500 352.265005796       0.90      1.84     -4.05  0.        3610.081      -2204.761        956.793    0.000  -0.094   0.259   0.
  2017 352  6 21 37 500 352.265017370      -0.69     -1.03     -3.05  0.        3611.407      -2203.588        959.969    0.000  -0.094   0.259   0.
  2017 352  6 21 38 500 352.265028944      -3.46      0.78     -1.21  0.        3612.731      -2202.415        963.145    0.000  -0.094   0.260   0.
  2017 352  6 21 39 500 352.265040518      -0.25      3.67      3.11  0.        3614.053      -2201.240        966.321    0.000  -0.095   0.260   0.
  2017 352  6 21 40 500 352.265052092       5.91      3.76      0.33  0.        3615.373      -2200.064        969.496    0.000  -0.095   0.260   0.
  2017 352  6 21 41 500 352.265063666       4.12      2.82      3.03  0.        3616.691      -2198.887        972.671    0.000  -0.095   0.260   0.
  2017 352  6 21 42 500 352.265075240      -1.87      1.85     -4.65  0.        3618.007      -2197.708        975.845    0.000  -0.095   0.261   0.
  2017 352  6 21 43 500 352.265086814      -5.47     -0.20      8.62  0.        3619.321      -2196.529        979.018    0.000  -0.095   0.261   0.
  2017 352  6 21 44 500 352.265098388      -0.86      0.73     -1.15  0.        3620.634      -2195.348        982.191    0.000  -0.095   0.261   0.
  2017 352  6 21 45 500 352.265109962      -3.09      1.01     -0.72  0.        3621.944      -2194.166        985.364    0.000  -0.095   0.261   0.
  2017 352  6 21 46 500 352.265121536       3.15      6.11     -1.02  0.        3623.253      -2192.983        988.536    0.000  -0.095   0.262   0.
  2017 352  6 21 47 500 352.265133111       1.67      4.51     -0.73  0.        3624.560      -2191.799        991.707    0.000  -0.095   0.262   0.
  2017 352  6 21 48 500 352.265144685       0.61     -1.39      5.19  0.        3625.864      -2190.614        994.878    0.000  -0.096   0.263   0.
  2017 352  6 21 49 500 352.265156259       3.28      0.79      6.55  0.        3627.168      -2189.428        998.049    0.000  -0.096   0.263   0.
  2017 352  6 21 50 500 352.265167833      10.10      9.49      9.95  0.        3628.469      -2188.240       1001.219    0.000  -0.096   0.263   0.
  2017 352  6 21 51 500 352.265179407       4.40      9.23     14.23  0.        3629.768      -2187.052       1004.388    0.000  -0.096   0.263   0.
  2017 352  6 21 52 500 352.265190981      11.08      6.22      4.68  0.        3631.065      -2185.862       1007.557    0.000  -0.096   0.264   0.
  2017 352  6 21 53 500 352.265202555       8.00      5.91     -5.83  0.        3632.361      -2184.671       1010.725    0.000  -0.096   0.264   0.
  2017 352  6 21 54 500 352.265214129       8.14      6.90     -5.69  0.        3633.654      -2183.479       1013.893    0.000  -0.096   0.265   0.
  2017 352  6 21 55 500 352.265225703       8.42      6.61     -4.79  0.        3634.946      -2182.286       1017.060    0.000  -0.096   0.265   0.
  2017 352  6 21 56 500 352.265237277       6.47      3.29     -0.91  0.        3636.236      -2181.092       1020.227    0.000  -0.096   0.265   0.
  2017 352  6 21 57 500 352.265248851       4.51      2.27      1.84  0.        3637.524      -2179.896       1023.394    0.000  -0.096   0.265   0.
  2017 352  6 21 58 500 352.265260425       6.81      2.78      3.32  0.        3638.810      -2178.700       1026.559    0.000  -0.097   0.266   0.
  2017 352  6 21 59 500 352.265271999       6.55      7.24     -0.86  0.        3640.094      -2177.502       1029.724    0.000  -0.097   0.266   0.
  2017 352  6 22  0 500 352.265283573       4.99     11.04     -0.76  0.        3641.376      -2176.303       1032.889    0.000  -0.097   0.266   0.
  2017 352  6 22  1 500 352.265295148       1.79      4.87     -0.25  0.        3642.657      -2175.103       1036.053    0.000  -0.097   0.266   0.
  2017 352  6 22  2 500 352.265306722      -1.03      0.54     -0.77  0.        3643.935      -2173.902       1039.217    0.000  -0.097   0.267   0.
  2017 352  6 22  3 500 352.265318296       7.52      3.95      1.02  0.        3645.212      -2172.700       1042.380    0.000  -0.097   0.267   0.
  2017 352  6 22  4 500 352.265329867       1.35      6.01     -3.72  0.        3646.487      -2171.497       1045.542    0.000  -0.097   0.267   0.
  2017 352  6 22  5 500 352.265341441      -3.73     -6.00     -2.25  0.        3647.760      -2170.293       1048.704    0.000  -0.097   0.267   0.
  2017 352  6 22  6 500 352.265353015      -2.36     -8.13      6.40  0.        3649.031      -2169.087       1051.866    0.000  -0.098   0.268   0.
  2017 352  6 22  7 500 352.265364589      -0.49     -1.28      6.58  0.        3650.300      -2167.881       1055.027    0.000  -0.098   0.269   0.
  2017 352  6 22  8 500 352.265376163       1.38     -0.17      1.67  0.        3651.568      -2166.673       1058.187    0.000  -0.098   0.269   0.
  2017 352  6 22  9 500 352.265387737      -1.10     -0.52     -1.21  0.        3652.833      -2165.464       1061.347    0.000  -0.098   0.269   0.
  2017 352  6 22 10 500 352.265399311       0.02     -1.10     -0.51  0.        3654.097      -2164.255       1064.506    0.000  -0.098   0.269   0.
  2017 352  6 22 11 500 352.265410885       0.81      5.29     -0.57  0.        3655.359      -2163.044       1067.665    0.000  -0.098   0.269   0.
  2017 352  6 22 12 500 352.265422459      -0.57      7.60     -0.99  0.        3656.619      -2161.831       1070.823    0.000  -0.098   0.270   0.
  2017 352  6 22 13 500 352.265434034      -6.64      6.48      1.30  0.        3657.877      -2160.618       1073.980    0.000  -0.098   0.270   0.
  2017 352  6 22 14 500 352.265445608     -11.34      1.44      1.01  0.        3659.133      -2159.404       1077.137    0.000  -0.098   0.270   0.
  2017 352  6 22 15 500 352.265457182      -9.26     -2.70      1.77  0.        3660.387      -2158.189       1080.294    0.000  -0.098   0.270   0.
  2017 352  6 22 16 500 352.265468756      -9.65     -2.49      6.03  0.        3661.640      -2156.972       1083.450    0.000  -0.099   0.271   0.
  2017 352  6 22 17 500 352.265480330      -8.75     -0.04      6.79  0.        3662.890      -2155.755       1086.605    0.000  -0.099   0.271   0.
  2017 352  6 22 18 500 352.265491904     -11.66      0.85      8.28  0.        3664.139      -2154.536       1089.760    0.000  -0.099   0.272   0.
  2017 352  6 22 19 500 352.265503478      -9.95     -0.19      4.09  0.        3665.386      -2153.316       1092.914    0.000  -0.099   0.272   0.
  2017 352  6 22 20 500 352.265515052      -6.76     -0.32      1.75  0.        3666.631      -2152.095       1096.068    0.000  -0.099   0.272   0.
  2017 352  6 22 21 500 352.265526626      -3.72     -1.83      3.27  0.        3667.874      -2150.874       1099.221    0.000  -0.099   0.272   0.
  2017 352  6 22 22 500 352.265538200       0.22     -1.87      6.26  0.        3669.116      -2149.651       1102.374    0.000  -0.099   0.273   0.
  2017 352  6 22 23 500 352.265549774       2.38      3.08      4.25  0.        3670.355      -2148.427       1105.526    0.000  -0.099   0.273   0.
  2017 352  6 22 24 500 352.265561348       2.09      5.38     -0.20  0.        3671.593      -2147.201       1108.677    0.000  -0.100   0.273   0.
  2017 352  6 22 25 500 352.265572923      -1.45      4.40     -0.15  0.        3672.829      -2145.975       1111.828    0.000  -0.100   0.273   0.
  2017 352  6 22 26 500 352.265584496       0.11      2.24     -1.12  0.        3674.063      -2144.748       1114.979    0.000  -0.100   0.274   0.
  2017 352  6 22 27 500 352.265596071       1.36     -0.35     -1.32  0.        3675.295      -2143.519       1118.129    0.000  -0.100   0.274   0.
  2017 352  6 22 28 500 352.265607645       1.08     -1.34     -0.94  0.        3676.525      -2142.290       1121.278    0.000  -0.100   0.275   0.
  2017 352  6 22 29 500 352.265619219      -0.17     -0.20     -0.51  0.        3677.754      -2141.059       1124.426    0.000  -0.100   0.275   0.
  2017 352  6 22 30 500 352.265630793      -3.36     -3.20      0.19  0.        3678.980      -2139.828       1127.575    0.000  -0.100   0.275   0.
  2017 352  6 22 31 500 352.265642367      -3.92     -1.00      2.29  0.        3680.205      -2138.595       1130.722    0.000  -0.100   0.275   0.
  2017 352  6 22 32 500 352.265653941      -1.46     -2.51      5.86  0.        3681.428      -2137.361       1133.869    0.000  -0.100   0.275   0.
  2017 352  6 22 33 500 352.265665513       0.61     -1.57     10.80  0.        3682.649      -2136.126       1137.015    0.000  -0.101   0.276   0.
  2017 352  6 22 34 500 352.265677086      -9.33      3.08     11.64  0.        3683.868      -2134.890       1140.161    0.000  -0.101   0.276   0.
  2017 352  6 22 35 500 352.265688660     -11.93      1.55      5.48  0.        3685.085      -2133.654       1143.307    0.000  -0.101   0.276   0.
  2017 352  6 22 36 500 352.265700234     -11.81      2.60     -3.08  0.        3686.301      -2132.415       1146.451    0.000  -0.101   0.277   0.
  2017 352  6 22 37 500 352.265711808      -5.87      6.14     -2.16  0.        3687.515      -2131.176       1149.595    0.000  -0.101   0.277   0.
  2017 352  6 22 38 500 352.265723383      -6.43      4.16     -5.00  0.        3688.726      -2129.936       1152.739    0.000  -0.101   0.277   0.
  2017 352  6 22 39 500 352.265734957       2.00      2.48      5.62  0.        3689.936      -2128.695       1155.882    0.000  -0.101   0.278   0.
  2017 352  6 22 40 500 352.265746531      -0.62      3.24      4.20  0.        3691.145      -2127.453       1159.024    0.000  -0.101   0.278   0.
  2017 352  6 22 41 500 352.265758105      -4.60      9.12     -0.56  0.        3692.351      -2126.209       1162.166    0.000  -0.101   0.278   0.
  2017 352  6 22 42 500 352.265769679      -6.19     -0.43     -4.28  0.        3693.555      -2124.965       1165.307    0.000  -0.101   0.279   0.
  2017 352  6 22 43 500 352.265781253      -0.43      0.77      1.20  0.        3694.758      -2123.720       1168.448    0.000  -0.101   0.279   0.
  2017 352  6 22 44 500 352.265792827      -3.65      4.44      6.81  0.        3695.959      -2122.473       1171.588    0.000  -0.102   0.279   0.
  2017 352  6 22 45 500 352.265804401      -5.90     -1.92      4.24  0.        3697.158      -2121.226       1174.727    0.000  -0.102   0.279   0.
  2017 352  6 22 46 500 352.265815975       5.50     -1.64      3.35  0.        3698.355      -2119.977       1177.866    0.000  -0.102   0.280   0.
  2017 352  6 22 47 500 352.265827549      10.95      4.81      5.90  0.        3699.551      -2118.727       1181.004    0.000  -0.102   0.280   0.
  2017 352  6 22 48 500 352.265839123       9.98      1.41      0.66  0.        3700.744      -2117.477       1184.142    0.000  -0.102   0.281   0.
  2017 352  6 22 49 500 352.265850697      10.10     10.58      1.43  0.        3701.936      -2116.225       1187.279    0.000  -0.102   0.281   0.
  2017 352  6 22 50 500 352.265862271      -3.46      8.48     -0.71  0.        3703.126      -2114.972       1190.416    0.000  -0.102   0.281   0.
  2017 352  6 22 51 500 352.265873846      -5.52     -3.71      3.40  0.        3704.314      -2113.718       1193.552    0.000  -0.102   0.281   0.
  2017 352  6 22 52 500 352.265885420      -7.76      3.24      4.37  0.        3705.500      -2112.463       1196.687    0.000  -0.103   0.282   0.
  2017 352  6 22 53 500 352.265896994      -8.95      7.66      2.77  0.        3706.684      -2111.207       1199.822    0.000  -0.103   0.282   0.
  2017 352  6 22 54 500 352.265908568     -11.90      2.68      2.14  0.        3707.867      -2109.950       1202.956    0.000  -0.103   0.282   0.
  2017 352  6 22 55 500 352.265920142     -13.14     -3.31      0.88  0.        3709.048      -2108.693       1206.089    0.000  -0.103   0.282   0.
  2017 352  6 22 56 500 352.265931716     -12.58     -8.05     -1.47  0.        3710.227      -2107.433       1209.222    0.000  -0.103   0.283   0.
  2017 352  6 22 57 500 352.265943290     -11.94     -5.52     -3.39  0.        3711.404      -2106.173       1212.355    0.000  -0.103   0.283   0.
  2017 352  6 22 58 500 352.265954864      -8.03     -7.38     -5.07  0.        3712.579      -2104.912       1215.486    0.000  -0.103   0.284   0.
  2017 352  6 22 59 500 352.265966438      -2.62    -10.78      4.59  0.        3713.752      -2103.650       1218.618    0.000  -0.103   0.284   0.
  2017 352  6 23  0 500 352.265978012      -3.38     -5.38     10.38  0.        3714.924      -2102.387       1221.748    0.000  -0.103   0.284   0.
  2017 352  6 23  1 500 352.265989586       1.10      4.16      9.26  0.        3716.094      -2101.123       1224.878    0.000  -0.104   0.284   0.
  2017 352  6 23  2 500 352.266001158       1.13      2.57      6.23  0.        3717.262      -2099.858       1228.007    0.000  -0.104   0.285   0.
  2017 352  6 23  3 500 352.266012731       3.13      3.60      4.51  0.        3718.428      -2098.591       1231.136    0.000  -0.104   0.285   0.
  2017 352  6 23  4 499 352.266024306       3.49      0.54      3.06  0.        3719.593      -2097.324       1234.264    0.000  -0.104   0.285   0.
  2017 352  6 23  5 499 352.266035880       5.49     -0.44      6.75  0.        3720.755      -2096.056       1237.392    0.000  -0.104   0.285   0.
  2017 352  6 23  6 500 352.266047454       9.33      2.63      4.13  0.        3721.916      -2094.787       1240.519    0.000  -0.104   0.286   0.
  2017 352  6 23  7 500 352.266059028       4.32      5.54     -0.67  0.        3723.075      -2093.517       1243.645    0.000  -0.104   0.286   0.
  2017 352  6 23  8 500 352.266070602       0.49      4.07     -1.73  0.        3724.232      -2092.245       1246.771    0.000  -0.104   0.286   0.
  2017 352  6 23  9 500 352.266082176      -0.62     -0.20     -1.33  0.        3725.387      -2090.973       1249.896    0.000  -0.104   0.286   0.
  2017 352  6 23 10 499 352.266093750       6.54     -2.67      4.24  0.        3726.541      -2089.699       1253.021    0.000  -0.105   0.287   0.
  2017 352  6 23 11 499 352.266105324       8.35      2.06      2.32  0.        3727.693      -2088.425       1256.144    0.000  -0.105   0.287   0.
  2017 352  6 23 12 499 352.266116898       4.15      6.55      0.77  0.        3728.843      -2087.150       1259.268    0.000  -0.105   0.288   0.
  2017 352  6 23 13 499 352.266128472       1.50      4.67      2.05  0.        3729.991      -2085.873       1262.390    0.000  -0.105   0.288   0.
  2017 352  6 23 14 499 352.266140046       0.02      0.50      0.80  0.        3731.137      -2084.596       1265.513    0.000  -0.105   0.288   0.
  2017 352  6 23 15 500 352.266151620       0.59      1.38      0.98  0.        3732.282      -2083.318       1268.634    0.000  -0.105   0.288   0.
  2017 352  6 23 16 500 352.266163194      -7.95      3.46      0.14  0.        3733.424      -2082.038       1271.755    0.000  -0.105   0.289   0.
  2017 352  6 23 17 499 352.266174768      -6.32     -1.43     -0.76  0.        3734.565      -2080.758       1274.875    0.000  -0.105   0.289   0.
  2017 352  6 23 18 499 352.266186343      -3.63     -4.52      1.51  0.        3735.704      -2079.476       1277.995    0.000  -0.105   0.289   0.
  2017 352  6 23 19 500 352.266197917       1.62     -1.21      2.21  0.        3736.842      -2078.194       1281.114    0.000  -0.105   0.289   0.
  2017 352  6 23 20 500 352.266209491       3.00      1.43      1.33  0.        3737.977      -2076.911       1284.232    0.000  -0.106   0.290   0.
  2017 352  6 23 21 500 352.266221065       1.92      5.63     -0.19  0.        3739.111      -2075.626       1287.350    0.000  -0.106   0.290   0.
  2017 352  6 23 22 500 352.266232639       5.08      4.44      2.29  0.        3740.243      -2074.341       1290.467    0.000  -0.106   0.290   0.
  2017 352  6 23 23 500 352.266244213       2.70      4.28     -0.68  0.        3741.373      -2073.055       1293.583    0.000  -0.106   0.291   0.
  2017 352  6 23 24 499 352.266255787      -2.49     -1.93      1.42  0.        3742.501      -2071.767       1296.699    0.000  -0.106   0.291   0.
  2017 352  6 23 25 499 352.266267361       0.03      0.91      3.21  0.        3743.628      -2070.479       1299.814    0.000  -0.106   0.291   0.
  2017 352  6 23 26 499 352.266278935      -3.77      1.33      0.04  0.        3744.753      -2069.189       1302.929    0.000  -0.106   0.292   0.
  2017 352  6 23 27 499 352.266290509      -4.91     -1.55      1.01  0.        3745.876      -2067.899       1306.043    0.000  -0.106   0.292   0.
  2017 352  6 23 28 499 352.266302083      -4.15     -4.06      4.48  0.        3746.997      -2066.608       1309.156    0.000  -0.106   0.292   0.
  2017 352  6 23 29 500 352.266313657       0.45     -0.75      6.11  0.        3748.116      -2065.315       1312.269    0.000  -0.106   0.292   0.
  2017 352  6 23 30 500 352.266325231      -0.99      2.11      3.24  0.        3749.234      -2064.022       1315.381    0.000  -0.107   0.293   0.
  2017 352  6 23 31 499 352.266336806      -4.00      0.86      1.86  0.        3750.350      -2062.728       1318.493    0.000  -0.107   0.293   0.
  2017 352  6 23 32 499 352.266348377      -4.74      1.42      2.34  0.        3751.464      -2061.432       1321.603    0.000  -0.107   0.293   0.
  2017 352  6 23 33 499 352.266359951      -1.99      1.76      1.28  0.        3752.576      -2060.136       1324.714    0.000  -0.107   0.293   0.
  2017 352  6 23 34 499 352.266371525       0.76      3.18      3.94  0.        3753.686      -2058.839       1327.823    0.000  -0.107   0.294   0.
  2017 352  6 23 35 499 352.266383099       1.77      4.70      3.43  0.        3754.795      -2057.541       1330.932    0.000  -0.107   0.294   0.
  2017 352  6 23 36 499 352.266394673       5.26      4.93      1.56  0.        3755.902      -2056.242       1334.040    0.000  -0.107   0.295   0.
  2017 352  6 23 37 499 352.266406247       4.85      1.68     -1.70  0.        3757.007      -2054.941       1337.148    0.000  -0.107   0.295   0.
  2017 352  6 23 38 499 352.266417821       1.26     -0.11     -1.26  0.        3758.111      -2053.640       1340.255    0.000  -0.107   0.295   0.
  2017 352  6 23 39 499 352.266429395      -2.67     -0.34      2.39  0.        3759.212      -2052.338       1343.362    0.000  -0.107   0.295   0.
  2017 352  6 23 40 499 352.266440969      -4.85     -0.92      1.01  0.        3760.312      -2051.035       1346.467    0.000  -0.107   0.295   0.
  2017 352  6 23 41 499 352.266452543      -4.29      0.11      1.94  0.        3761.410      -2049.731       1349.572    0.000  -0.107   0.295   0.
  2017 352  6 23 42 499 352.266464117       1.12      1.92      0.25  0.        3762.506      -2048.426       1352.677    0.000  -0.108   0.296   0.
  2017 352  6 23 43 499 352.266475692      -0.22      0.02      1.16  0.        3763.601      -2047.120       1355.780    0.000  -0.108   0.296   0.
  2017 352  6 23 44 499 352.266487266      -1.55      0.36      0.73  0.        3764.693      -2045.813       1358.884    0.000  -0.108   0.297   0.
  2017 352  6 23 45 499 352.266498840      -0.45      0.80     -0.26  0.        3765.784      -2044.505       1361.986    0.000  -0.108   0.297   0.
  2017 352  6 23 46 499 352.266510414      -0.72      0.50      3.54  0.        3766.873      -2043.196       1365.088    0.000  -0.108   0.298   0.
  2017 352  6 23 47 499 352.266521988      -2.41      0.41      4.70  0.        3767.961      -2041.887       1368.190    0.000  -0.108   0.298   0.
  2017 352  6 23 48 499 352.266533562      -3.38      1.27      4.36  0.        3769.046      -2040.576       1371.290    0.000  -0.108   0.298   0.
  2017 352  6 23 49 499 352.266545136      -4.61      2.07      3.08  0.        3770.130      -2039.264       1374.390    0.000  -0.108   0.298   0.
  2017 352  6 23 50 499 352.266556710      -4.63      0.45      1.18  0.        3771.212      -2037.951       1377.490    0.000  -0.109   0.298   0.
  2017 352  6 23 51 499 352.266568284      -6.56      2.77      3.80  0.        3772.292      -2036.638       1380.588    0.000  -0.109   0.298   0.
  2017 352  6 23 52 499 352.266579858      -6.28     -1.14      2.52  0.        3773.371      -2035.323       1383.686    0.000  -0.109   0.299   0.
  2017 352  6 23 53 499 352.266591432      -3.67     -0.68      0.68  0.        3774.448      -2034.008       1386.784    0.000  -0.109   0.299   0.
  2017 352  6 23 54 499 352.266603006      -3.40      0.13      4.25  0.        3775.523      -2032.691       1389.880    0.000  -0.109   0.300   0.
  2017 352  6 23 55 499 352.266614580      -1.30      1.32      1.83  0.        3776.596      -2031.374       1392.976    0.000  -0.109   0.300   0.
  2017 352  6 23 56 499 352.266626155      -1.11      0.90     -1.42  0.        3777.667      -2030.055       1396.072    0.000  -0.109   0.300   0.
  2017 352  6 23 57 499 352.266637729      -0.88      0.17     -1.89  0.        3778.737      -2028.736       1399.167    0.000  -0.109   0.300   0.
  2017 352  6 23 58 499 352.266649303      -4.29      0.35     -0.52  0.        3779.805      -2027.416       1402.261    0.000  -0.109   0.301   0.
  2017 352  6 23 59 499 352.266660877      -1.15     -0.60      0.69  0.        3780.871      -2026.094       1405.354    0.000  -0.109   0.301   0.
  2017 352  6 24  0 499 352.266672448       4.90      4.04     -1.22  0.        3781.936      -2024.772       1408.447    0.000  -0.110   0.301   0.
  2017 352  6 24  1 499 352.266684022       5.34      3.55      1.55  0.        3782.998      -2023.449       1411.539    0.000  -0.110   0.301   0.
  2017 352  6 24  2 499 352.266695596       0.92      5.93     -0.62  0.        3784.059      -2022.125       1414.630    0.000  -0.110   0.302   0.
  2017 352  6 24  3 499 352.266707170      -7.45      0.74     -1.66  0.        3785.119      -2020.800       1417.721    0.000  -0.110   0.302   0.
  2017 352  6 24  4 499 352.266718744      -3.00     -1.77      0.73  0.        3786.176      -2019.474       1420.811    0.000  -0.110   0.302   0.
  2017 352  6 24  5 499 352.266730318       4.19      3.15     -0.49  0.        3787.231      -2018.147       1423.901    0.000  -0.110   0.302   0.
  2017 352  6 24  6 499 352.266741892       4.31      4.95      0.19  0.        3788.285      -2016.819       1426.990    0.000  -0.110   0.304   0.
  2017 352  6 24  7 499 352.266753466       2.28      3.22     -1.97  0.        3789.338      -2015.491       1430.078    0.000  -0.110   0.304   0.
  2017 352  6 24  8 499 352.266765040       0.26      8.25      0.39  0.        3790.388      -2014.161       1433.165    0.000  -0.110   0.304   0.
  2017 352  6 24  9 499 352.266776615      -5.19      4.66     -1.74  0.        3791.437      -2012.830       1436.252    0.000  -0.110   0.304   0.
  2017 352  6 24 10 499 352.266788189      -4.12     -3.48     -0.17  0.        3792.483      -2011.499       1439.338    0.000  -0.111   0.304   0.
  2017 352  6 24 11 499 352.266799763       2.05     -0.44      0.65  0.        3793.529      -2010.166       1442.424    0.000  -0.111   0.304   0.
  2017 352  6 24 12 499 352.266811337      -1.77      3.30     -1.39  0.        3794.572      -2008.833       1445.509    0.000  -0.111   0.305   0.
  2017 352  6 24 13 499 352.266822911      -3.15     -0.95     -0.22  0.        3795.614      -2007.499       1448.593    0.000  -0.111   0.305   0.
  2017 352  6 24 14 499 352.266834485       0.04      3.38     -1.59  0.        3796.654      -2006.164       1451.676    0.000  -0.111   0.305   0.
  2017 352  6 24 15 499 352.266846059      -0.65      3.60     -2.09  0.        3797.692      -2004.827       1454.759    0.000  -0.111   0.305   0.
  2017 352  6 24 16 499 352.266857633      -1.12      1.90     -1.49  0.        3798.728      -2003.490       1457.841    0.000  -0.111   0.306   0.
  2017 352  6 24 17 499 352.266869207      -3.19      2.08     -4.36  0.        3799.763      -2002.152       1460.923    0.000  -0.111   0.306   0.
  2017 352  6 24 18 499 352.266880781       3.11      0.14      4.35  0.        3800.796      -2000.813       1464.004    0.000  -0.112   0.307   0.
  2017 352  6 24 19 499 352.266892355       2.07      3.42      4.01  0.        3801.827      -1999.474       1467.084    0.000  -0.112   0.307   0.
  2017 352  6 24 20 499 352.266903929      -3.17      0.86     -0.48  0.        3802.857      -1998.133       1470.163    0.000  -0.112   0.307   0.
  2017 352  6 24 21 499 352.266915504      -8.22     -5.97     -3.10  0.        3803.884      -1996.791       1473.242    0.000  -0.112   0.307   0.
  2017 352  6 24 22 499 352.266927077      -2.46    -12.59      2.49  0.        3804.910      -1995.449       1476.320    0.000  -0.112   0.308   0.
  2017 352  6 24 23 499 352.266938652       2.96     -5.78      2.20  0.        3805.935      -1994.105       1479.397    0.000  -0.112   0.308   0.
  2017 352  6 24 24 499 352.266950226       2.90     -0.93      2.28  0.        3806.957      -1992.761       1482.474    0.000  -0.112   0.308   0.
  2017 352  6 24 25 499 352.266961800       1.94      0.88      1.42  0.        3807.978      -1991.416       1485.550    0.000  -0.112   0.308   0.
  2017 352  6 24 26 499 352.266973374      -1.99      2.04     -0.59  0.        3808.997      -1990.070       1488.626    0.000  -0.112   0.309   0.
  2017 352  6 24 27 499 352.266984948      -2.37      6.02      0.78  0.        3810.014      -1988.722       1491.700    0.000  -0.112   0.309   0.
  2017 352  6 24 28 499 352.266996522       0.03      1.84      2.67  0.        3811.030      -1987.374       1494.774    0.000  -0.113   0.310   0.
  2017 352  6 24 29 499 352.267008096      -1.49     -1.56      1.80  0.        3812.044      -1986.026       1497.848    0.000  -0.113   0.310   0.
  2017 352  6 24 30 499 352.267019668      -1.75      0.59      1.30  0.        3813.056      -1984.676       1500.920    0.000  -0.113   0.310   0.
  2017 352  6 24 31 499 352.267031241       1.07      2.54     -0.14  0.        3814.066      -1983.325       1503.992    0.000  -0.113   0.310   0.
  2017 352  6 24 32 499 352.267042815      -4.12      1.48     -0.59  0.        3815.075      -1981.974       1507.064    0.000  -0.113   0.310   0.
  2017 352  6 24 33 499 352.267054389      -2.04     -4.97      0.10  0.        3816.082      -1980.621       1510.134    0.000  -0.113   0.310   0.
  2017 352  6 24 34 499 352.267065964       0.77     -3.59     -0.70  0.        3817.087      -1979.268       1513.204    0.000  -0.113   0.311   0.
  2017 352  6 24 35 499 352.267077538       3.34     -7.79      4.36  0.        3818.091      -1977.913       1516.273    0.000  -0.113   0.311   0.
  2017 352  6 24 36 499 352.267089112       0.14     -0.90      7.88  0.        3819.093      -1976.558       1519.342    0.000  -0.113   0.312   0.
  2017 352  6 24 37 499 352.267100686      -0.39     -0.78      0.47  0.        3820.093      -1975.202       1522.410    0.000  -0.113   0.312   0.
  2017 352  6 24 38 499 352.267112260       3.39     -0.65     -0.50  0.        3821.091      -1973.845       1525.477    0.000  -0.114   0.313   0.
  2017 352  6 24 39 499 352.267123834       1.20     -1.51     -1.37  0.        3822.088      -1972.488       1528.544    0.000  -0.114   0.313   0.
  2017 352  6 24 40 499 352.267135408       0.34      3.91     -1.96  0.        3823.083      -1971.129       1531.609    0.000  -0.114   0.313   0.
  2017 352  6 24 41 499 352.267146982      -2.48      1.42      2.81  0.        3824.075      -1969.769       1534.675    0.000  -0.114   0.313   0.
  2017 352  6 24 42 499 352.267158556      -4.20      1.56      5.44  0.        3825.067      -1968.409       1537.739    0.000  -0.114   0.314   0.
  2017 352  6 24 43 499 352.267170130       0.32     -0.30      1.89  0.        3826.057      -1967.047       1540.803    0.000  -0.114   0.314   0.
  2017 352  6 24 44 499 352.267181704       3.14      3.79     -0.11  0.        3827.045      -1965.685       1543.866    0.000  -0.114   0.314   0.
  2017 352  6 24 45 499 352.267193278       2.99      3.90     -0.97  0.        3828.031      -1964.322       1546.928    0.000  -0.114   0.314   0.
  2017 352  6 24 46 499 352.267204852       2.66      4.06      0.87  0.        3829.016      -1962.958       1549.990    0.000  -0.114   0.314   0.
  2017 352  6 24 47 499 352.267216427       4.84      1.68      3.27  0.        3829.999      -1961.593       1553.051    0.000  -0.114   0.314   0.
  2017 352  6 24 48 499 352.267228001       7.04      3.05      1.07  0.        3830.980      -1960.227       1556.111    0.000  -0.115   0.315   0.
  2017 352  6 24 49 499 352.267239575       4.73      3.79     -0.60  0.        3831.960      -1958.861       1559.170    0.000  -0.115   0.315   0.
  2017 352  6 24 50 499 352.267251149       4.94      3.91      0.77  0.        3832.937      -1957.493       1562.229    0.000  -0.115   0.316   0.
  2017 352  6 24 51 499 352.267262723      -0.80      1.52      0.65  0.        3833.913      -1956.125       1565.287    0.000  -0.115   0.316   0.
  2017 352  6 24 52 499 352.267274297       1.92      2.40     -1.70  0.        3834.888      -1954.756       1568.345    0.000  -0.115   0.316   0.
  2017 352  6 24 53 499 352.267285871       0.90      3.24      0.48  0.        3835.861      -1953.385       1571.402    0.000  -0.115   0.316   0.
  2017 352  6 24 54 499 352.267297445      -1.21      3.79      2.61  0.        3836.831      -1952.015       1574.457    0.000  -0.115   0.316   0.
  2017 352  6 24 55 499 352.267309019      -2.59     -0.76      2.98  0.        3837.801      -1950.643       1577.513    0.000  -0.115   0.317   0.
  2017 352  6 24 56 499 352.267320593      -3.20      0.83     -1.20  0.        3838.768      -1949.270       1580.568    0.000  -0.115   0.317   0.
  2017 352  6 24 57 499 352.267332167      -3.55      0.34     -0.52  0.        3839.734      -1947.896       1583.621    0.000  -0.115   0.317   0.
  2017 352  6 24 58 499 352.267343741      -2.66     -0.91      2.90  0.        3840.698      -1946.522       1586.675    0.000  -0.116   0.318   0.
  2017 352  6 24 59 499 352.267355315       0.68     -0.81      0.16  0.        3841.661      -1945.147       1589.727    0.000  -0.116   0.318   0.
  2017 352  6 25  0 498 352.267366887       2.97      1.99     -1.17  0.        3842.622      -1943.771       1592.779    0.000  -0.116   0.319   0.
  2017 352  6 25  1 498 352.267378461      -1.39      1.86      1.04  0.        3843.581      -1942.394       1595.830    0.000  -0.116   0.319   0.
  2017 352  6 25  2 499 352.267390035       0.89     -3.34      7.77  0.        3844.538      -1941.016       1598.881    0.000  -0.116   0.319   0.
  2017 352  6 25  3 499 352.267401609       3.40      2.98      4.96  0.        3845.494      -1939.637       1601.930    0.000  -0.116   0.319   0.
  2017 352  6 25  4 499 352.267413183       1.73      4.45     -0.36  0.        3846.448      -1938.257       1604.979    0.000  -0.116   0.319   0.
  2017 352  6 25  5 499 352.267424757      -1.81      0.54      0.50  0.        3847.400      -1936.877       1608.027    0.000  -0.116   0.320   0.
  2017 352  6 25  6 498 352.267436331      -3.03     -1.53      0.42  0.        3848.350      -1935.496       1611.075    0.000  -0.117   0.320   0.
  2017 352  6 25  7 498 352.267447905       2.45      2.05     -1.02  0.        3849.299      -1934.113       1614.122    0.000  -0.117   0.320   0.
  2017 352  6 25  8 498 352.267459479       2.96      2.97     -1.64  0.        3850.247      -1932.731       1617.168    0.000  -0.117   0.321   0.
  2017 352  6 25  9 498 352.267471053       0.15      2.85     -1.75  0.        3851.192      -1931.347       1620.213    0.000  -0.117   0.321   0.
  2017 352  6 25 10 498 352.267482627      -0.35      2.27     -1.37  0.        3852.136      -1929.962       1623.258    0.000  -0.117   0.321   0.
  2017 352  6 25 11 499 352.267494201      -5.94     -7.72      4.76  0.        3853.078      -1928.576       1626.302    0.000  -0.117   0.321   0.
  2017 352  6 25 12 499 352.267505775       1.41     -7.07      8.32  0.        3854.018      -1927.190       1629.345    0.000  -0.117   0.322   0.
  2017 352  6 25 13 498 352.267517350       5.52      5.45      4.73  0.        3854.957      -1925.803       1632.388    0.000  -0.117   0.322   0.
  2017 352  6 25 14 498 352.267528924      -0.73      0.91     -1.17  0.        3855.894      -1924.415       1635.430    0.000  -0.117   0.322   0.
  2017 352  6 25 15 499 352.267540498       0.50     -2.40     -2.67  0.        3856.830      -1923.026       1638.471    0.000  -0.117   0.322   0.
  2017 352  6 25 16 499 352.267552072       0.94     -3.66      3.05  0.        3857.763      -1921.636       1641.512    0.000  -0.117   0.322   0.
  2017 352  6 25 17 499 352.267563646       0.65      0.16      1.62  0.        3858.695      -1920.246       1644.551    0.000  -0.118   0.323   0.
  2017 352  6 25 18 499 352.267575220      -1.19      0.66      1.51  0.        3859.626      -1918.854       1647.590    0.000  -0.118   0.323   0.
  2017 352  6 25 19 499 352.267586794      -3.46      0.18      1.48  0.        3860.555      -1917.462       1650.628    0.000  -0.118   0.323   0.
  2017 352  6 25 20 498 352.267598368      -0.26      0.53     -1.04  0.        3861.481      -1916.069       1653.666    0.000  -0.118   0.324   0.
  2017 352  6 25 21 498 352.267609942       3.00      1.13     -0.63  0.        3862.407      -1914.675       1656.703    0.000  -0.118   0.324   0.
  2017 352  6 25 22 498 352.267621516       2.02      2.00     -1.52  0.        3863.330      -1913.280       1659.739    0.000  -0.118   0.324   0.
  2017 352  6 25 23 498 352.267633090       2.48      1.80     -0.10  0.        3864.252      -1911.885       1662.774    0.000  -0.118   0.324   0.
  2017 352  6 25 24 498 352.267644664       4.31      4.14     -0.53  0.        3865.173      -1910.488       1665.809    0.000  -0.118   0.325   0.
  2017 352  6 25 25 499 352.267656238       2.73      6.20     -0.96  0.        3866.091      -1909.091       1668.843    0.000  -0.118   0.325   0.
  2017 352  6 25 26 499 352.267667813      -1.44      5.02     -2.47  0.        3867.008      -1907.693       1671.876    0.000  -0.118   0.325   0.
  2017 352  6 25 27 498 352.267679387      -2.96      2.24     -2.82  0.        3867.923      -1906.294       1674.908    0.000  -0.118   0.325   0.
  2017 352  6 25 28 498 352.267690958       1.41      2.46      0.47  0.        3868.837      -1904.895       1677.940    0.000  -0.119   0.326   0.
  2017 352  6 25 29 498 352.267702532       5.28      5.54      0.85  0.        3869.749      -1903.494       1680.971    0.000  -0.119   0.326   0.
  2017 352  6 25 30 498 352.267714106      -0.89      1.93     -1.30  0.        3870.659      -1902.093       1684.001    0.000  -0.119   0.326   0.
  2017 352  6 25 31 498 352.267725680       0.36      1.26     -2.22  0.        3871.568      -1900.691       1687.031    0.000  -0.119   0.326   0.
  2017 352  6 25 32 498 352.267737254       1.35      2.64     -1.41  0.        3872.475      -1899.288       1690.060    0.000  -0.119   0.327   0.
  2017 352  6 25 33 498 352.267748828      -0.25      3.79     -4.54  0.        3873.380      -1897.884       1693.088    0.000  -0.119   0.327   0.
  2017 352  6 25 34 498 352.267760402      -0.21    -10.34     -2.03  0.        3874.284      -1896.479       1696.115    0.000  -0.119   0.328   0.
  2017 352  6 25 35 498 352.267771976       1.60     -6.68      3.08  0.        3875.185      -1895.074       1699.142    0.000  -0.119   0.328   0.
  2017 352  6 25 36 498 352.267783550      -2.45      1.21     -1.51  0.        3876.086      -1893.668       1702.168    0.000  -0.119   0.328   0.
  2017 352  6 25 37 498 352.267795124      -1.22      0.62     -0.92  0.        3876.984      -1892.260       1705.193    0.000  -0.119   0.328   0.
  2017 352  6 25 38 498 352.267806698      -3.78      2.39      4.17  0.        3877.881      -1890.853       1708.217    0.000  -0.120   0.328   0.
  2017 352  6 25 39 498 352.267818273      -5.13      2.32      1.83  0.        3878.777      -1889.444       1711.241    0.000  -0.120   0.328   0.
  2017 352  6 25 40 498 352.267829847      -5.06      1.83      0.23  0.        3879.670      -1888.034       1714.264    0.000  -0.120   0.329   0.
  2017 352  6 25 41 498 352.267841421      -0.61      2.84     -0.23  0.        3880.562      -1886.624       1717.286    0.000  -0.120   0.329   0.
  2017 352  6 25 42 498 352.267852995      -0.00      5.18     -1.92  0.        3881.452      -1885.213       1720.308    0.000  -0.120   0.330   0.
  2017 352  6 25 43 498 352.267864569       1.49      7.33     -1.16  0.        3882.341      -1883.801       1723.328    0.000  -0.120   0.330   0.
  2017 352  6 25 44 498 352.267876143       7.59      7.89     -0.21  0.        3883.228      -1882.389       1726.348    0.000  -0.120   0.330   0.
  2017 352  6 25 45 498 352.267887717       6.99      6.24      0.80  0.        3884.114      -1880.975       1729.368    0.000  -0.120   0.330   0.
  2017 352  6 25 46 498 352.267899291       4.46      3.01      0.49  0.        3884.997      -1879.561       1732.386    0.000  -0.120   0.331   0.
  2017 352  6 25 47 498 352.267910865       0.05      3.13      1.01  0.        3885.879      -1878.146       1735.404    0.000  -0.120   0.331   0.
  2017 352  6 25 48 498 352.267922439       1.00      0.96     -0.56  0.        3886.760      -1876.730       1738.421    0.000  -0.121   0.331   0.
  2017 352  6 25 49 498 352.267934013       4.08     -1.74     -3.37  0.        3887.638      -1875.313       1741.438    0.000  -0.121   0.331   0.
  2017 352  6 25 50 498 352.267945587       1.76     -2.37     -1.53  0.        3888.516      -1873.896       1744.453    0.000  -0.121   0.331   0.
  2017 352  6 25 51 498 352.267957161       1.40      0.44     -0.84  0.        3889.391      -1872.477       1747.468    0.000  -0.121   0.331   0.
  2017 352  6 25 52 498 352.267968736       2.13      4.02     -1.60  0.        3890.265      -1871.058       1750.482    0.000  -0.121   0.332   0.
  2017 352  6 25 53 498 352.267980310       2.21      4.24     -1.43  0.        3891.137      -1869.638       1753.495    0.000  -0.121   0.332   0.
  2017 352  6 25 54 498 352.267991884       1.11      1.87      0.15  0.        3892.007      -1868.218       1756.508    0.000  -0.121   0.333   0.
  2017 352  6 25 55 498 352.268003458      -0.87      1.06     -0.49  0.        3892.876      -1866.796       1759.520    0.000  -0.121   0.333   0.
  2017 352  6 25 56 498 352.268015032      -0.36      2.21     -1.26  0.        3893.744      -1865.374       1762.531    0.000  -0.121   0.333   0.
  2017 352  6 25 57 498 352.268026606       2.89      5.15     -2.06  0.        3894.609      -1863.951       1765.541    0.000  -0.121   0.333   0.
  2017 352  6 25 58 498 352.268038180       5.33      7.17     -2.95  0.        3895.473      -1862.528       1768.551    0.000  -0.121   0.334   0.
  2017 352  6 25 59 498 352.268049754       3.64      7.64     -3.39  0.        3896.335      -1861.103       1771.560    0.000  -0.121   0.334   0.
  2017 352  6 26  0 498 352.268061326       1.98      4.84     -3.99  0.        3897.196      -1859.678       1774.568    0.000  -0.122   0.334   0.
  2017 352  6 26  1 498 352.268072899       1.60      3.55     -4.28  0.        3898.055      -1858.251       1777.575    0.000  -0.122   0.334   0.
  2017 352  6 26  2 498 352.268084473      -1.50      1.12     -1.55  0.        3898.913      -1856.825       1780.582    0.000  -0.122   0.335   0.
  2017 352  6 26  3 498 352.268096048      -1.27     -0.45      2.24  0.        3899.768      -1855.397       1783.588    0.000  -0.122   0.335   0.
  2017 352  6 26  4 498 352.268107622       0.06     -0.03      5.71  0.        3900.622      -1853.968       1786.593    0.000  -0.122   0.335   0.
  2017 352  6 26  5 498 352.268119196       0.70      2.74      4.65  0.        3901.475      -1852.539       1789.597    0.000  -0.122   0.335   0.
  2017 352  6 26  6 498 352.268130770      -3.33      0.35      1.25  0.        3902.326      -1851.109       1792.601    0.000  -0.122   0.336   0.
  2017 352  6 26  7 498 352.268142344      -1.41     -0.96      1.77  0.        3903.175      -1849.678       1795.604    0.000  -0.122   0.336   0.
  2017 352  6 26  8 498 352.268153918       1.81     -0.03      2.56  0.        3904.023      -1848.247       1798.606    0.000  -0.123   0.337   0.
  2017 352  6 26  9 498 352.268165492       4.73      1.36      1.04  0.        3904.868      -1846.814       1801.607    0.000  -0.123   0.337   0.
  2017 352  6 26 10 498 352.268177066       4.99      1.67      1.22  0.        3905.713      -1845.381       1804.608    0.000  -0.123   0.337   0.
  2017 352  6 26 11 498 352.268188640       4.62      0.52      0.94  0.        3906.556      -1843.947       1807.608    0.000  -0.123   0.337   0.
  2017 352  6 26 12 498 352.268200214       6.08      0.79      1.62  0.        3907.397      -1842.513       1810.607    0.000  -0.123   0.337   0.
  2017 352  6 26 13 498 352.268211788       3.46      2.93     -0.57  0.        3908.236      -1841.077       1813.605    0.000  -0.123   0.337   0.
  2017 352  6 26 14 498 352.268223362       3.08      4.11     -1.43  0.        3909.074      -1839.641       1816.603    0.000  -0.123   0.337   0.
  2017 352  6 26 15 498 352.268234936       4.00      6.83     -1.68  0.        3909.910      -1838.204       1819.600    0.000  -0.123   0.337   0.
  2017 352  6 26 16 498 352.268246510       5.68     11.40      3.38  0.        3910.745      -1836.767       1822.596    0.000  -0.123   0.338   0.
  2017 352  6 26 17 498 352.268258084       7.56      8.18      2.09  0.        3911.578      -1835.328       1825.591    0.000  -0.123   0.339   0.
  2017 352  6 26 18 498 352.268269659       4.52      5.58      4.18  0.        3912.409      -1833.889       1828.585    0.000  -0.123   0.339   0.
  2017 352  6 26 19 498 352.268281233       4.71      1.43      6.08  0.        3913.239      -1832.449       1831.579    0.000  -0.123   0.339   0.
  2017 352  6 26 20 498 352.268292807       3.55     -0.77      4.89  0.        3914.067      -1831.008       1834.572    0.000  -0.123   0.339   0.
  2017 352  6 26 21 498 352.268304381      -0.76      2.87     -0.36  0.        3914.893      -1829.567       1837.564    0.000  -0.123   0.339   0.
  2017 352  6 26 22 498 352.268315955      -2.67      1.32     -1.31  0.        3915.718      -1828.124       1840.556    0.000  -0.124   0.340   0.
  2017 352  6 26 23 498 352.268327529      -5.18      2.65      0.62  0.        3916.542      -1826.681       1843.547    0.000  -0.124   0.340   0.
  2017 352  6 26 24 498 352.268339103      -4.50      0.11      0.99  0.        3917.363      -1825.238       1846.537    0.000  -0.124   0.340   0.
  2017 352  6 26 25 498 352.268350677      -1.80      0.41      1.32  0.        3918.183      -1823.793       1849.526    0.000  -0.124   0.340   0.
  2017 352  6 26 26 498 352.268362251      -2.13      4.97     -0.27  0.        3919.002      -1822.348       1852.514    0.000  -0.124   0.340   0.
  2017 352  6 26 27 498 352.268373825      -3.05      6.36     -2.85  0.        3919.818      -1820.902       1855.502    0.000  -0.124   0.340   0.
  2017 352  6 26 28 498 352.268385397      -2.72      5.97     -3.20  0.        3920.634      -1819.455       1858.489    0.000  -0.124   0.341   0.
  2017 352  6 26 29 498 352.268396970      -2.05      4.43     -3.80  0.        3921.447      -1818.008       1861.475    0.000  -0.124   0.341   0.
  2017 352  6 26 30 498 352.268408545      -0.37      1.91     -4.31  0.        3922.259      -1816.559       1864.460    0.000  -0.124   0.342   0.
  2017 352  6 26 31 498 352.268420119      -0.63     -2.03     -1.73  0.        3923.070      -1815.110       1867.445    0.000  -0.124   0.342   0.
  2017 352  6 26 32 498 352.268431693      -0.67     -2.04      0.67  0.        3923.878      -1813.661       1870.429    0.000  -0.125   0.342   0.
  2017 352  6 26 33 498 352.268443267      -1.44     -2.84      3.89  0.        3924.686      -1812.210       1873.412    0.000  -0.125   0.342   0.
  2017 352  6 26 34 498 352.268454841       1.74     -2.35      4.06  0.        3925.491      -1810.759       1876.394    0.000  -0.125   0.342   0.
  2017 352  6 26 35 498 352.268466415       5.41      2.18      2.53  0.        3926.295      -1809.307       1879.376    0.000  -0.125   0.342   0.
  2017 352  6 26 36 498 352.268477989       6.71      2.89      3.82  0.        3927.097      -1807.854       1882.357    0.000  -0.125   0.343   0.
  2017 352  6 26 37 498 352.268489563       7.44      3.62     -0.11  0.        3927.898      -1806.401       1885.337    0.000  -0.125   0.343   0.
  2017 352  6 26 38 498 352.268501137       9.45      4.90     -0.90  0.        3928.697      -1804.947       1888.316    0.000  -0.125   0.343   0.
  2017 352  6 26 39 498 352.268512711       9.54      7.02     -1.04  0.        3929.495      -1803.492       1891.294    0.000  -0.125   0.343   0.
  2017 352  6 26 40 498 352.268524285      12.17      8.81     -0.40  0.        3930.291      -1802.036       1894.272    0.000  -0.125   0.345   0.
  2017 352  6 26 41 498 352.268535859       8.43     11.36      2.78  0.        3931.085      -1800.580       1897.249    0.000  -0.125   0.345   0.
  2017 352  6 26 42 498 352.268547433      -5.75      1.00      5.03  0.        3931.878      -1799.123       1900.225    0.000  -0.125   0.345   0.
  2017 352  6 26 43 498 352.268559008     -13.12     -1.29      2.61  0.        3932.669      -1797.665       1903.200    0.000  -0.126   0.345   0.
  2017 352  6 26 44 498 352.268570582      -5.00     -2.66      5.91  0.        3933.459      -1796.206       1906.175    0.000  -0.126   0.345   0.
  2017 352  6 26 45 498 352.268582156       1.35      1.58      6.60  0.        3934.247      -1794.747       1909.149    0.000  -0.126   0.345   0.
  2017 352  6 26 46 498 352.268593730      -0.18      2.15      5.14  0.        3935.033      -1793.287       1912.122    0.000  -0.126   0.345   0.
  2017 352  6 26 47 498 352.268605304      -3.85      4.79      3.71  0.        3935.818      -1791.826       1915.094    0.000  -0.126   0.346   0.
  2017 352  6 26 48 498 352.268616878      -7.33      1.34     -3.75  0.        3936.601      -1790.365       1918.066    0.000  -0.126   0.346   0.
  2017 352  6 26 49 498 352.268628452      -1.04      3.81      2.42  0.        3937.383      -1788.903       1921.036    0.000  -0.126   0.346   0.
  2017 352  6 26 50 498 352.268640026      -1.81      1.48     -0.35  0.        3938.163      -1787.440       1924.006    0.000  -0.126   0.346   0.
  2017 352  6 26 51 498 352.268651600      -4.57      0.99      0.63  0.        3938.941      -1785.976       1926.975    0.000  -0.126   0.346   0.
  2017 352  6 26 52 498 352.268663174      -2.40      1.45     -0.98  0.        3939.718      -1784.512       1929.944    0.000  -0.126   0.348   0.
  2017 352  6 26 53 498 352.268674748       4.11      4.76      1.77  0.        3940.493      -1783.047       1932.911    0.000  -0.126   0.348   0.
  2017 352  6 26 54 498 352.268686322      -3.36      4.08     -3.48  0.        3941.267      -1781.581       1935.878    0.000  -0.126   0.348   0.
  2017 352  6 26 55 498 352.268697896       0.23      3.81     -3.01  0.        3942.039      -1780.115       1938.844    0.000  -0.126   0.348   0.
  2017 352  6 26 56 498 352.268709471      -1.95     -2.22      5.30  0.        3942.810      -1778.647       1941.810    0.000  -0.127   0.348   0.
  2017 352  6 26 57 498 352.268721045      -6.87     -0.47      4.93  0.        3943.579      -1777.179       1944.774    0.000  -0.127   0.348   0.
  2017 352  6 26 58 498 352.268732616      -1.68      3.64      3.79  0.        3944.346      -1775.711       1947.738    0.000  -0.127   0.348   0.
  2017 352  6 26 59 498 352.268744190       0.56      8.23      6.69  0.        3945.112      -1774.242       1950.701    0.000  -0.127   0.348   0.
  2017 352  6 27  0 498 352.268755764      -2.11      3.59     -1.72  0.        3945.876      -1772.772       1953.663    0.000  -0.127   0.349   0.
  2017 352  6 27  1 498 352.268767338      -1.26      5.74     -3.05  0.        3946.639      -1771.301       1956.624    0.000  -0.127   0.349   0.
  2017 352  6 27  2 497 352.268778912      -1.13      4.56     -2.52  0.        3947.400      -1769.829       1959.584    0.000  -0.127   0.349   0.
  2017 352  6 27  3 497 352.268790486      -1.52      3.00      1.56  0.        3948.159      -1768.357       1962.544    0.000  -0.127   0.349   0.
  2017 352  6 27  4 497 352.268802060       1.40      2.10     -0.14  0.        3948.917      -1766.884       1965.503    0.000  -0.127   0.350   0.
  2017 352  6 27  5 497 352.268813634       0.82      3.48      4.17  0.        3949.673      -1765.411       1968.462    0.000  -0.127   0.350   0.
  2017 352  6 27  6 497 352.268825208      -2.76      1.27     -0.63  0.        3950.428      -1763.936       1971.419    0.000  -0.127   0.350   0.
  2017 352  6 27  7 498 352.268836782      -3.68      3.58      0.63  0.        3951.181      -1762.461       1974.376    0.000  -0.127   0.350   0.
  2017 352  6 27  8 498 352.268848356      -2.86      2.55      3.00  0.        3951.933      -1760.986       1977.331    0.000  -0.128   0.351   0.
  2017 352  6 27  9 497 352.268859931      -3.49      2.79      2.21  0.        3952.683      -1759.509       1980.287    0.000  -0.128   0.351   0.
  2017 352  6 27 10 497 352.268871505      -5.07      4.65     -0.75  0.        3953.431      -1758.032       1983.241    0.000  -0.128   0.351   0.
  2017 352  6 27 11 498 352.268883079      -2.83      2.57     -1.19  0.        3954.178      -1756.554       1986.194    0.000  -0.128   0.351   0.
  2017 352  6 27 12 498 352.268894653      -0.20      3.28      3.05  0.        3954.924      -1755.076       1989.147    0.000  -0.128   0.352   0.
  2017 352  6 27 13 498 352.268906227       0.47      3.13      0.37  0.        3955.667      -1753.597       1992.099    0.000  -0.128   0.352   0.
  2017 352  6 27 14 498 352.268917801     -10.26     -1.10      3.12  0.        3956.410      -1752.117       1995.050    0.000  -0.128   0.352   0.
  2017 352  6 27 15 497 352.268929375      -7.39     -0.47      3.67  0.        3957.150      -1750.636       1998.000    0.000  -0.128   0.352   0.
  2017 352  6 27 16 497 352.268940949      -3.22      2.33     -1.28  0.        3957.889      -1749.155       2000.950    0.000  -0.128   0.352   0.
  2017 352  6 27 17 497 352.268952523      -0.72      0.16     -3.54  0.        3958.627      -1747.673       2003.898    0.000  -0.128   0.352   0.
  2017 352  6 27 18 497 352.268964097       2.22      1.62      0.47  0.        3959.363      -1746.191       2006.846    0.000  -0.129   0.353   0.
  2017 352  6 27 19 497 352.268975671       4.06      0.36      4.98  0.        3960.097      -1744.707       2009.793    0.000  -0.129   0.353   0.
  2017 352  6 27 20 498 352.268987245       1.09      2.48      1.50  0.        3960.830      -1743.223       2012.740    0.000  -0.129   0.354   0.
  2017 352  6 27 21 498 352.268998819      -4.42     -1.56     -1.77  0.        3961.561      -1741.739       2015.685    0.000  -0.129   0.354   0.
  2017 352  6 27 22 497 352.269010394       0.35     -0.11      2.17  0.        3962.291      -1740.253       2018.630    0.000  -0.129   0.354   0.
  2017 352  6 27 23 497 352.269021968       2.04      0.49      4.75  0.        3963.019      -1738.767       2021.574    0.000  -0.129   0.354   0.
  2017 352  6 27 24 498 352.269033542      -1.42     -1.55      4.18  0.        3963.746      -1737.281       2024.517    0.000  -0.129   0.354   0.
  2017 352  6 27 25 498 352.269045116      -2.38      2.64      1.23  0.        3964.471      -1735.793       2027.459    0.000  -0.129   0.354   0.
  2017 352  6 27 26 498 352.269056687      -4.40      0.02     -0.93  0.        3965.195      -1734.305       2030.401    0.000  -0.129   0.355   0.
  2017 352  6 27 27 497 352.269068261       2.48      1.96      0.72  0.        3965.917      -1732.816       2033.342    0.000  -0.129   0.355   0.
  2017 352  6 27 28 497 352.269079835       7.09      4.64     -0.21  0.        3966.637      -1731.327       2036.282    0.000  -0.129   0.355   0.
  2017 352  6 27 29 497 352.269091409      -0.62      1.84      1.50  0.        3967.356      -1729.837       2039.221    0.000  -0.129   0.355   0.
  2017 352  6 27 30 497 352.269102983      -5.24     -1.26     -1.12  0.        3968.073      -1728.346       2042.159    0.000  -0.130   0.356   0.
  2017 352  6 27 31 497 352.269114557      -3.80     -1.50      0.75  0.        3968.789      -1726.855       2045.097    0.000  -0.130   0.356   0.
  2017 352  6 27 32 497 352.269126131      -4.30      4.13      5.36  0.        3969.503      -1725.362       2048.034    0.000  -0.130   0.356   0.
  2017 352  6 27 33 497 352.269137705      -6.05      0.39      1.61  0.        3970.216      -1723.870       2050.970    0.000  -0.130   0.357   0.
  2017 352  6 27 34 497 352.269149279       2.10      1.72      1.85  0.        3970.927      -1722.376       2053.905    0.000  -0.130   0.357   0.
  2017 352  6 27 35 497 352.269160854       1.03      1.50      0.32  0.        3971.637      -1720.882       2056.839    0.000  -0.130   0.357   0.
  2017 352  6 27 36 497 352.269172428      -4.31     -0.69      0.08  0.        3972.345      -1719.387       2059.773    0.000  -0.130   0.357   0.
  2017 352  6 27 37 497 352.269184002      -1.50      0.48      0.42  0.        3973.051      -1717.892       2062.706    0.000  -0.130   0.357   0.
  2017 352  6 27 38 497 352.269195576       3.42      2.62      2.16  0.        3973.756      -1716.396       2065.638    0.000  -0.130   0.357   0.
  2017 352  6 27 39 497 352.269207150       6.11      3.99      2.38  0.        3974.460      -1714.899       2068.569    0.000  -0.130   0.357   0.
  2017 352  6 27 40 497 352.269218724      -0.52     -0.52      1.12  0.        3975.161      -1713.401       2071.499    0.000  -0.130   0.358   0.
  2017 352  6 27 41 497 352.269230298      -5.45     -0.64      0.18  0.        3975.862      -1711.903       2074.429    0.000  -0.130   0.358   0.
  2017 352  6 27 42 497 352.269241872      -2.50      3.31     -1.71  0.        3976.561      -1710.404       2077.357    0.000  -0.130   0.358   0.
  2017 352  6 27 43 497 352.269253446       2.35      4.56     -0.71  0.        3977.258      -1708.905       2080.285    0.000  -0.130   0.358   0.
  2017 352  6 27 44 497 352.269265020       0.59      0.82      0.23  0.        3977.954      -1707.405       2083.212    0.000  -0.131   0.359   0.
  2017 352  6 27 45 497 352.269276594      -3.52     -4.03      1.15  0.        3978.648      -1705.904       2086.139    0.000  -0.131   0.359   0.
  2017 352  6 27 46 497 352.269288168       0.47     -2.97      0.52  0.        3979.341      -1704.403       2089.064    0.000  -0.131   0.360   0.
  2017 352  6 27 47 497 352.269299742       3.14      4.18     -0.15  0.        3980.032      -1702.900       2091.989    0.000  -0.131   0.360   0.
  2017 352  6 27 48 497 352.269311317      -1.13      1.47      0.62  0.        3980.721      -1701.398       2094.913    0.000  -0.131   0.360   0.
  2017 352  6 27 49 497 352.269322891      -1.18      0.28      3.91  0.        3981.409      -1699.894       2097.836    0.000  -0.131   0.360   0.
  2017 352  6 27 50 497 352.269334465       2.00      2.30      0.03  0.        3982.096      -1698.390       2100.758    0.000  -0.131   0.360   0.
  2017 352  6 27 51 497 352.269346039       3.39      2.38      0.52  0.        3982.781      -1696.885       2103.680    0.000  -0.131   0.360   0.
  2017 352  6 27 52 497 352.269357613       5.51     -0.81     -0.35  0.        3983.465      -1695.380       2106.600    0.000  -0.131   0.360   0.
  2017 352  6 27 53 497 352.269369187       4.55      1.53     -0.96  0.        3984.146      -1693.874       2109.520    0.000  -0.131   0.360   0.
  2017 352  6 27 54 497 352.269380761       3.60      3.46     -0.97  0.        3984.827      -1692.368       2112.439    0.000  -0.132   0.362   0.
  2017 352  6 27 55 497 352.269392335       0.43      1.99     -0.29  0.        3985.506      -1690.860       2115.358    0.000  -0.132   0.362   0.
  2017 352  6 27 56 497 352.269403907      -3.29     -1.76      0.63  0.        3986.183      -1689.352       2118.275    0.000  -0.132   0.362   0.
  2017 352  6 27 57 497 352.269415480      -1.95      0.89      1.06  0.        3986.859      -1687.844       2121.192    0.000  -0.132   0.362   0.
  2017 352  6 27 58 497 352.269427054      -0.25      1.75      1.06  0.        3987.534      -1686.334       2124.108    0.000  -0.132   0.362   0.
  2017 352  6 27 59 497 352.269438629       2.10      2.42     -0.23  0.        3988.207      -1684.825       2127.023    0.000  -0.132   0.362   0.
  2017 352  6 28  0 497 352.269450203       3.88      2.98     -1.39  0.        3988.878      -1683.314       2129.937    0.000  -0.132   0.363   0.
  2017 352  6 28  1 497 352.269461777       4.36      2.57     -1.76  0.        3989.548      -1681.803       2132.850    0.000  -0.132   0.363   0.
  2017 352  6 28  2 497 352.269473351       6.34      4.65     -0.82  0.        3990.216      -1680.291       2135.762    0.000  -0.132   0.363   0.
  2017 352  6 28  3 497 352.269484925       7.34      2.89      1.25  0.        3990.883      -1678.779       2138.675    0.000  -0.132   0.363   0.
  2017 352  6 28  4 497 352.269496499       6.92      3.21      0.91  0.        3991.548      -1677.266       2141.585    0.000  -0.132   0.363   0.
  2017 352  6 28  5 497 352.269508073      -2.17      0.82      1.11  0.        3992.212      -1675.752       2144.495    0.000  -0.132   0.363   0.
  2017 352  6 28  6 497 352.269519647      -4.83      1.01     -1.08  0.        3992.874      -1674.238       2147.405    0.000  -0.132   0.364   0.
  2017 352  6 28  7 497 352.269531221      -4.11      0.87     -0.93  0.        3993.535      -1672.723       2150.313    0.000  -0.132   0.364   0.
  2017 352  6 28  8 497 352.269542795      -3.42      2.06     -0.77  0.        3994.194      -1671.207       2153.221    0.000  -0.133   0.364   0.
  2017 352  6 28  9 497 352.269554369       2.15      3.04      0.05  0.        3994.852      -1669.691       2156.128    0.000  -0.133   0.364   0.
  2017 352  6 28 10 497 352.269565943       3.38      1.87      0.06  0.        3995.508      -1668.174       2159.034    0.000  -0.133   0.364   0.
  2017 352  6 28 11 497 352.269577517       2.05      1.50      0.60  0.        3996.162      -1666.656       2161.939    0.000  -0.133   0.364   0.
  2017 352  6 28 12 497 352.269589091      -6.35     -0.53     -1.50  0.        3996.816      -1665.138       2164.843    0.000  -0.133   0.365   0.
  2017 352  6 28 13 497 352.269600665       3.71      2.44      3.23  0.        3997.467      -1663.620       2167.747    0.000  -0.133   0.365   0.
  2017 352  6 28 14 497 352.269612240      -2.29     -0.54      0.43  0.        3998.117      -1662.100       2170.650    0.000  -0.133   0.365   0.
  2017 352  6 28 15 497 352.269623814       2.31     -1.13     -1.49  0.        3998.766      -1660.580       2173.552    0.000  -0.133   0.366   0.
  2017 352  6 28 16 497 352.269635388       5.17      1.75     -1.82  0.        3999.413      -1659.060       2176.453    0.000  -0.133   0.366   0.
  2017 352  6 28 17 497 352.269646962       2.49      6.81     -1.61  0.        4000.059      -1657.538       2179.353    0.000  -0.133   0.366   0.
  2017 352  6 28 18 497 352.269658536       3.51      6.50     -1.34  0.        4000.703      -1656.017       2182.253    0.000  -0.133   0.366   0.
  2017 352  6 28 19 497 352.269670110       4.45      7.21     -0.69  0.        4001.346      -1654.494       2185.151    0.000  -0.133   0.366   0.
  2017 352  6 28 20 497 352.269681684       6.65      4.94      3.96  0.        4001.987      -1652.971       2188.049    0.000  -0.133   0.366   0.
  2017 352  6 28 21 497 352.269693258      -3.18     -1.04     -0.73  0.        4002.627      -1651.447       2190.946    0.000  -0.133   0.366   0.
  2017 352  6 28 22 497 352.269704832      -4.36     -2.43     -1.87  0.        4003.265      -1649.923       2193.842    0.000  -0.134   0.367   0.
  2017 352  6 28 23 497 352.269716406      -1.09     -2.20      0.05  0.        4003.902      -1648.398       2196.738    0.000  -0.134   0.367   0.
  2017 352  6 28 24 497 352.269727980       2.81     -1.13      1.97  0.        4004.537      -1646.872       2199.632    0.000  -0.134   0.367   0.
  2017 352  6 28 25 497 352.269739554       3.29      2.91      1.90  0.        4005.170      -1645.346       2202.526    0.000  -0.134   0.367   0.
  2017 352  6 28 26 497 352.269751126      -2.39      0.49     -1.16  0.        4005.803      -1643.819       2205.419    0.000  -0.134   0.368   0.
  2017 352  6 28 27 497 352.269762700      -1.04     -0.54      0.24  0.        4006.433      -1642.292       2208.311    0.000  -0.134   0.368   0.
  2017 352  6 28 28 497 352.269774274      -0.66      2.76     -0.00  0.        4007.063      -1640.764       2211.202    0.000  -0.134   0.369   0.
  2017 352  6 28 29 497 352.269785848      -6.24     -1.11     -0.87  0.        4007.690      -1639.235       2214.093    0.000  -0.134   0.369   0.
  2017 352  6 28 30 497 352.269797422      -0.48      0.97      1.87  0.        4008.316      -1637.706       2216.982    0.000  -0.134   0.369   0.
  2017 352  6 28 31 497 352.269808996      -1.29      3.13      2.79  0.        4008.941      -1636.176       2219.871    0.000  -0.134   0.369   0.
  2017 352  6 28 32 497 352.269820570      -1.26      0.99      1.89  0.        4009.564      -1634.646       2222.759    0.000  -0.134   0.369   0.
  2017 352  6 28 33 497 352.269832144       1.26      2.01      0.61  0.        4010.186      -1633.115       2225.646    0.000  -0.134   0.369   0.
  2017 352  6 28 34 497 352.269843718      -5.96     -1.38      1.80  0.        4010.806      -1631.583       2228.532    0.000  -0.134   0.369   0.
  2017 352  6 28 35 497 352.269855292      -6.65     -0.53      2.23  0.        4011.425      -1630.051       2231.418    0.000  -0.134   0.369   0.
  2017 352  6 28 36 497 352.269866866      -7.08      2.36      2.90  0.        4012.043      -1628.518       2234.302    0.000  -0.135   0.370   0.
  2017 352  6 28 37 497 352.269878440      -2.93      0.12      4.05  0.        4012.658      -1626.984       2237.186    0.000  -0.135   0.370   0.
  2017 352  6 28 38 497 352.269890014       3.17     -2.67      3.63  0.        4013.273      -1625.450       2240.069    0.000  -0.135   0.370   0.
  2017 352  6 28 39 497 352.269901589       7.14      2.38      3.42  0.        4013.886      -1623.916       2242.951    0.000  -0.135   0.370   0.
  2017 352  6 28 40 497 352.269913163       6.13      6.98      4.11  0.        4014.497      -1622.380       2245.833    0.000  -0.135   0.371   0.
  2017 352  6 28 41 497 352.269924737      -0.87      3.21      0.05  0.        4015.107      -1620.844       2248.713    0.000  -0.135   0.371   0.
  2017 352  6 28 42 497 352.269936311      -1.04     -2.01     -2.69  0.        4015.715      -1619.308       2251.593    0.000  -0.135   0.371   0.
  2017 352  6 28 43 497 352.269947885       0.69      1.31     -0.86  0.        4016.322      -1617.771       2254.472    0.000  -0.135   0.371   0.
  2017 352  6 28 44 497 352.269959459       2.71      1.83      1.61  0.        4016.928      -1616.233       2257.350    0.000  -0.135   0.371   0.
  2017 352  6 28 45 497 352.269971033       0.48      1.97     -0.06  0.        4017.532      -1614.695       2260.227    0.000  -0.135   0.371   0.
  2017 352  6 28 46 497 352.269982607      -0.31     -0.58      0.73  0.        4018.135      -1613.156       2263.103    0.000  -0.135   0.372   0.
  2017 352  6 28 47 497 352.269994181       3.27     -0.04      3.53  0.        4018.736      -1611.617       2265.979    0.000  -0.135   0.372   0.
  2017 352  6 28 48 497 352.270005755       0.94      2.97      0.29  0.        4019.335      -1610.077       2268.853    0.000  -0.135   0.372   0.
  2017 352  6 28 49 497 352.270017329      -0.39      0.65     -0.07  0.        4019.933      -1608.536       2271.727    0.000  -0.135   0.372   0.
  2017 352  6 28 50 497 352.270028903       2.96      2.45      0.79  0.        4020.530      -1606.995       2274.600    0.000  -0.136   0.372   0.
  2017 352  6 28 51 497 352.270040477      -3.34      0.53     -1.99  0.        4021.125      -1605.453       2277.472    0.000  -0.136   0.372   0.
  2017 352  6 28 52 497 352.270052052      -2.91     -2.44     -0.68  0.        4021.719      -1603.911       2280.344    0.000  -0.136   0.372   0.
  2017 352  6 28 53 497 352.270063626      -0.34     -1.21      1.04  0.        4022.311      -1602.368       2283.214    0.000  -0.136   0.372   0.
  2017 352  6 28 54 497 352.270075197       6.04      3.42      2.95  0.        4022.902      -1600.824       2286.084    0.000  -0.136   0.373   0.
  2017 352  6 28 55 497 352.270086771      -0.99     -0.09      1.05  0.        4023.491      -1599.280       2288.953    0.000  -0.136   0.373   0.
  2017 352  6 28 56 497 352.270098345      -1.66      0.60      0.79  0.        4024.079      -1597.735       2291.821    0.000  -0.136   0.374   0.
  2017 352  6 28 57 497 352.270109919       1.59      2.12      0.28  0.        4024.665      -1596.190       2294.688    0.000  -0.136   0.374   0.
  2017 352  6 28 58 496 352.270121493       3.39      2.47      0.19  0.        4025.250      -1594.644       2297.554    0.000  -0.136   0.374   0.
  2017 352  6 28 59 496 352.270133067       5.42      3.73      0.33  0.        4025.834      -1593.098       2300.420    0.000  -0.136   0.374   0.
  2017 352  6 29  0 496 352.270144641       6.49      0.72      1.69  0.        4026.416      -1591.551       2303.284    0.000  -0.136   0.375   0.
  2017 352  6 29  1 496 352.270156215       5.49      2.81     -0.78  0.        4026.996      -1590.003       2306.148    0.000  -0.136   0.375   0.
  2017 352  6 29  2 496 352.270167789      -0.26      0.13     -0.96  0.        4027.576      -1588.455       2309.011    0.000  -0.136   0.375   0.
  2017 352  6 29  3 497 352.270179363      -5.31      1.10      0.11  0.        4028.153      -1586.906       2311.873    0.000  -0.136   0.375   0.
  2017 352  6 29  4 496 352.270190937      -4.57      0.83     -2.53  0.        4028.729      -1585.357       2314.735    0.000  -0.137   0.375   0.
  2017 352  6 29  5 496 352.270202512       2.24      3.62     -0.44  0.        4029.304      -1583.807       2317.595    0.000  -0.137   0.375   0.
  2017 352  6 29  6 497 352.270214086       0.09      2.82     -0.44  0.        4029.877      -1582.257       2320.455    0.000  -0.137   0.375   0.
  2017 352  6 29  7 497 352.270225660      -4.66     -2.62      0.71  0.        4030.449      -1580.705       2323.313    0.000  -0.137   0.376   0.
  2017 352  6 29  8 497 352.270237234      -4.60    -11.55      4.89  0.        4031.020      -1579.154       2326.171    0.000  -0.137   0.376   0.
  2017 352  6 29  9 497 352.270248808       1.33     -3.55      5.38  0.        4031.588      -1577.602       2329.029    0.000  -0.137   0.376   0.
  2017 352  6 29 10 497 352.270260382       2.03      3.05      3.32  0.        4032.156      -1576.049       2331.885    0.000  -0.137   0.376   0.
  2017 352  6 29 11 496 352.270271956      -3.87      0.93      0.46  0.        4032.722      -1574.496       2334.740    0.000  -0.137   0.376   0.
  2017 352  6 29 12 496 352.270283530      -2.30      1.57      0.46  0.        4033.287      -1572.942       2337.595    0.000  -0.137   0.377   0.
  2017 352  6 29 13 496 352.270295104      -2.17      1.83      0.39  0.        4033.850      -1571.387       2340.448    0.000  -0.137   0.377   0.
  2017 352  6 29 14 496 352.270306678      -1.40     -1.45      2.42  0.        4034.411      -1569.832       2343.301    0.000  -0.137   0.377   0.
  2017 352  6 29 15 496 352.270318252       3.26      1.47      2.11  0.        4034.972      -1568.277       2346.154    0.000  -0.137   0.377   0.
  2017 352  6 29 16 497 352.270329826      -4.04      0.31     -0.55  0.        4035.530      -1566.721       2349.005    0.000  -0.137   0.377   0.
  2017 352  6 29 17 497 352.270341400      -2.94     -4.58      0.22  0.        4036.088      -1565.164       2351.855    0.000  -0.137   0.377   0.
  2017 352  6 29 18 496 352.270352975       2.08     -1.21      1.92  0.        4036.644      -1563.607       2354.705    0.000  -0.137   0.377   0.
  2017 352  6 29 19 496 352.270364549       2.13      0.97      1.97  0.        4037.198      -1562.049       2357.553    0.000  -0.137   0.377   0.
  2017 352  6 29 20 497 352.270376123      -1.56     -0.96     -0.42  0.        4037.751      -1560.491       2360.401    0.000  -0.137   0.377   0.
  2017 352  6 29 21 497 352.270387697      -0.67     -0.37     -2.16  0.        4038.303      -1558.932       2363.248    0.000  -0.137   0.377   0.
  2017 352  6 29 22 497 352.270399271       0.96      3.65     -5.43  0.        4038.853      -1557.372       2366.094    0.000  -0.137   0.378   0.
  2017 352  6 29 23 497 352.270410842      -0.22      3.18      2.16  0.        4039.402      -1555.812       2368.940    0.000  -0.137   0.377   0.
  2017 352  6 29 24 496 352.270422416      -1.13      2.20     -0.54  0.        4039.949      -1554.252       2371.784    0.000  -0.137   0.378   0.
  2017 352  6 29 25 496 352.270433990      -1.56      0.90      2.80  0.        4040.495      -1552.690       2374.628    0.000  -0.137   0.378   0.
  2017 352  6 29 26 496 352.270445564       0.57      2.36      2.52  0.        4041.039      -1551.129       2377.470    0.000  -0.138   0.378   0.
  2017 352  6 29 27 496 352.270457138      -1.30      2.78     -0.84  0.        4041.582      -1549.566       2380.312    0.000  -0.138   0.378   0.
  2017 352  6 29 28 496 352.270468712      -2.59     -0.85     -0.71  0.        4042.124      -1548.004       2383.153    0.000  -0.138   0.378   0.
  2017 352  6 29 29 496 352.270480286      -0.92      3.70      3.51  0.        4042.664      -1546.440       2385.994    0.000  -0.138   0.378   0.
  2017 352  6 29 30 496 352.270491861       4.25      3.14      6.77  0.        4043.202      -1544.877       2388.833    0.000  -0.138   0.378   0.
  2017 352  6 29 31 496 352.270503435      -1.41      0.15     -0.87  0.        4043.740      -1543.312       2391.672    0.000  -0.138   0.378   0.
  2017 352  6 29 32 496 352.270515009      -1.04     -2.25     -0.15  0.        4044.275      -1541.747       2394.509    0.000  -0.138   0.378   0.
  2017 352  6 29 33 496 352.270526583      -0.23     -0.83     -1.22  0.        4044.810      -1540.182       2397.346    0.000  -0.138   0.378   0.
  2017 352  6 29 34 496 352.270538157       0.15      1.71     -2.26  0.        4045.343      -1538.616       2400.182    0.000  -0.138   0.379   0.
  2017 352  6 29 35 496 352.270549731       0.05      3.20     -3.16  0.        4045.874      -1537.049       2403.017    0.000  -0.138   0.379   0.
  2017 352  6 29 36 496 352.270561305       0.36      1.23      2.24  0.        4046.404      -1535.482       2405.852    0.000  -0.138   0.378   0.
  2017 352  6 29 37 496 352.270572879       1.48      2.47      5.36  0.        4046.933      -1533.914       2408.685    0.000  -0.138   0.378   0.
  2017 352  6 29 38 496 352.270584453      -1.17      4.00     -0.13  0.        4047.460      -1532.346       2411.517    0.000  -0.138   0.379   0.
  2017 352  6 29 39 496 352.270596027      -0.25      0.82     -1.03  0.        4047.986      -1530.777       2414.349    0.000  -0.138   0.379   0.
  2017 352  6 29 40 496 352.270607601       2.08      1.45     -2.52  0.        4048.511      -1529.208       2417.180    0.000  -0.138   0.378   0.
  2017 352  6 29 41 496 352.270619175       1.73      2.32     -2.61  0.        4049.034      -1527.638       2420.010    0.000  -0.138   0.378   0.
  2017 352  6 29 42 496 352.270630749      -0.05     -1.64      2.57  0.        4049.555      -1526.068       2422.839    0.000  -0.138   0.379   0.
  2017 352  6 29 43 496 352.270642323       1.87     -3.53      2.22  0.        4050.075      -1524.497       2425.668    0.000  -0.138   0.379   0.
  2017 352  6 29 44 496 352.270653898       2.13     -0.02      4.47  0.        4050.594      -1522.925       2428.495    0.000  -0.138   0.379   0.
  2017 352  6 29 45 496 352.270665472       2.67      1.31      3.05  0.        4051.111      -1521.353       2431.322    0.000  -0.138   0.379   0.
  2017 352  6 29 46 496 352.270677046      -0.70      2.01      0.56  0.        4051.627      -1519.781       2434.148    0.000  -0.138   0.379   0.
  2017 352  6 29 47 496 352.270688620      -2.42      1.78     -0.86  0.        4052.142      -1518.208       2436.973    0.000  -0.138   0.379   0.
  2017 352  6 29 48 496 352.270700194       3.61      4.09      2.55  0.        4052.655      -1516.634       2439.797    0.000  -0.138   0.379   0.
  2017 352  6 29 49 496 352.270711768       1.48      5.16      3.28  0.        4053.167      -1515.060       2442.620    0.000  -0.138   0.380   0.
  2017 352  6 29 50 496 352.270723342      -6.22     -1.72     -2.18  0.        4053.677      -1513.486       2445.442    0.000  -0.138   0.380   0.
  2017 352  6 29 51 496 352.270734916      -3.44     -0.86     -2.00  0.        4054.186      -1511.911       2448.264    0.000  -0.138   0.380   0.
  2017 352  6 29 52 496 352.270746488       5.17      5.90     -1.26  0.        4054.693      -1510.335       2451.084    0.000  -0.138   0.380   0.
  2017 352  6 29 53 496 352.270758061       6.97      4.74      3.82  0.        4055.199      -1508.759       2453.904    0.000  -0.138   0.380   0.
  2017 352  6 29 54 496 352.270769635       1.50      0.64      0.82  0.        4055.704      -1507.182       2456.723    0.000  -0.138   0.379   0.
  2017 352  6 29 55 496 352.270781210      -0.15     -2.27      0.88  0.        4056.207      -1505.605       2459.541    0.000  -0.138   0.379   0.
  2017 352  6 29 56 496 352.270792784       1.90      2.09      0.81  0.        4056.709      -1504.027       2462.359    0.000  -0.138   0.380   0.
  2017 352  6 29 57 496 352.270804358      -4.81     -0.24     -0.05  0.        4057.209      -1502.449       2465.175    0.000  -0.138   0.380   0.
  2017 352  6 29 58 496 352.270815932       0.41      1.01      1.94  0.        4057.708      -1500.870       2467.991    0.000  -0.138   0.379   0.
  2017 352  6 29 59 496 352.270827506       1.14      2.04      0.20  0.        4058.206      -1499.291       2470.805    0.000  -0.138   0.379   0.
  2017 352  6 30  0 496 352.270839080      -0.38      1.30     -0.17  0.        4058.702      -1497.711       2473.619    0.000  -0.138   0.379   0.
  2017 352  6 30  1 496 352.270850654       0.71      1.41      0.35  0.        4059.197      -1496.130       2476.432    0.000  -0.138   0.379   0.
  2017 352  6 30  2 496 352.270862228      -0.41      1.23      0.06  0.        4059.690      -1494.550       2479.244    0.000  -0.138   0.379   0.
  2017 352  6 30  3 496 352.270873802       1.63      1.68      0.08  0.        4060.182      -1492.968       2482.055    0.000  -0.138   0.379   0.
  2017 352  6 30  4 496 352.270885376       1.64      2.21      0.29  0.        4060.673      -1491.386       2484.866    0.000  -0.138   0.380   0.
  2017 352  6 30  5 496 352.270896950      -2.61      0.62      0.16  0.        4061.162      -1489.804       2487.675    0.000  -0.138   0.380   0.
  2017 352  6 30  6 496 352.270908524      -1.68      1.87     -1.02  0.        4061.650      -1488.221       2490.484    0.000  -0.138   0.379   0.
  2017 352  6 30  7 496 352.270920098      -1.46     -1.21      0.36  0.        4062.136      -1486.638       2493.292    0.000  -0.138   0.379   0.
  2017 352  6 30  8 496 352.270931672       3.07     -0.72      2.06  0.        4062.621      -1485.053       2496.099    0.000  -0.138   0.380   0.
  2017 352  6 30  9 496 352.270943246       0.69      1.92      0.05  0.        4063.105      -1483.469       2498.905    0.000  -0.138   0.380   0.
  2017 352  6 30 10 496 352.270954821      -4.13     -1.04      0.17  0.        4063.587      -1481.884       2501.710    0.000  -0.138   0.380   0.
  2017 352  6 30 11 496 352.270966395      -3.88     -1.71      1.08  0.        4064.068      -1480.299       2504.514    0.000  -0.138   0.380   0.
  2017 352  6 30 12 496 352.270977969      -1.56     -3.73      1.77  0.        4064.547      -1478.713       2507.318    0.000  -0.138   0.379   0.
  2017 352  6 30 13 496 352.270989543       1.43     -0.94      0.88  0.        4065.025      -1477.126       2510.121    0.000  -0.138   0.379   0.
  2017 352  6 30 14 496 352.271001117       2.18      3.27      0.95  0.        4065.502      -1475.539       2512.922    0.000  -0.138   0.380   0.
  2017 352  6 30 15 496 352.271012691       2.48      4.27      1.20  0.        4065.977      -1473.952       2515.723    0.000  -0.138   0.380   0.
  2017 352  6 30 16 496 352.271024265       2.25      3.04      1.01  0.        4066.451      -1472.364       2518.523    0.000  -0.138   0.380   0.
  2017 352  6 30 17 496 352.271035839      -6.48      2.40     -2.58  0.        4066.924      -1470.775       2521.323    0.000  -0.138   0.380   0.
  2017 352  6 30 18 496 352.271047413      -6.12      0.06     -2.10  0.        4067.395      -1469.186       2524.121    0.000  -0.138   0.379   0.
  2017 352  6 30 19 496 352.271058987      -3.70     -1.18     -0.97  0.        4067.865      -1467.597       2526.918    0.000  -0.138   0.379   0.
  2017 352  6 30 20 496 352.271070561      -0.02     -1.49      1.95  0.        4068.333      -1466.007       2529.715    0.000  -0.138   0.380   0.
  2017 352  6 30 21 496 352.271082135       2.91      0.03      2.57  0.        4068.800      -1464.416       2532.511    0.000  -0.138   0.380   0.
  2017 352  6 30 22 496 352.271093710       5.38      4.08      1.54  0.        4069.265      -1462.825       2535.306    0.000  -0.138   0.379   0.
  2017 352  6 30 23 496 352.271105281      -3.61     -1.10      1.08  0.        4069.730      -1461.234       2538.100    0.000  -0.138   0.380   0.
  2017 352  6 30 24 496 352.271116855      -3.88     -4.19      3.19  0.        4070.193      -1459.642       2540.893    0.000  -0.138   0.379   0.
  2017 352  6 30 25 496 352.271128429      -1.96      1.38      1.37  0.        4070.654      -1458.049       2543.685    0.000  -0.138   0.379   0.
  2017 352  6 30 26 496 352.271140003      -5.16      0.63     -0.12  0.        4071.114      -1456.456       2546.477    0.000  -0.138   0.380   0.
  2017 352  6 30 27 496 352.271151577      -2.20      0.46      0.84  0.        4071.573      -1454.863       2549.267    0.000  -0.138   0.380   0.
  2017 352  6 30 28 496 352.271163151       0.70      2.84      1.71  0.        4072.030      -1453.269       2552.057    0.000  -0.138   0.379   0.
  2017 352  6 30 29 496 352.271174725       2.13      3.76     -0.01  0.        4072.486      -1451.675       2554.846    0.000  -0.138   0.379   0.
  2017 352  6 30 30 496 352.271186299      -1.33      1.28      0.06  0.        4072.941      -1450.080       2557.634    0.000  -0.138   0.380   0.
  2017 352  6 30 31 496 352.271197873       0.03      3.09      1.39  0.        4073.394      -1448.484       2560.421    0.000  -0.138   0.380   0.
  2017 352  6 30 32 496 352.271209447      -8.99      2.11      0.08  0.        4073.846      -1446.888       2563.207    0.000  -0.138   0.379   0.
  2017 352  6 30 33 496 352.271221021      -5.21      4.27     -0.93  0.        4074.296      -1445.292       2565.993    0.000  -0.138   0.379   0.
  2017 352  6 30 34 496 352.271232595      -0.12      3.19      1.03  0.        4074.745      -1443.695       2568.778    0.000  -0.138   0.379   0.
  2017 352  6 30 35 496 352.271244170       5.79      7.35      1.93  0.        4075.193      -1442.098       2571.561    0.000  -0.138   0.379   0.
  2017 352  6 30 36 496 352.271255744      -0.42      3.05     -0.94  0.        4075.639      -1440.500       2574.344    0.000  -0.138   0.380   0.
  2017 352  6 30 37 496 352.271267318      -4.35      1.30     -2.47  0.        4076.084      -1438.902       2577.126    0.000  -0.138   0.380   0.
  2017 352  6 30 38 496 352.271278892      -1.90      2.77     -1.37  0.        4076.528      -1437.303       2579.907    0.000  -0.138   0.379   0.
  2017 352  6 30 39 496 352.271290466      -0.29      1.47      0.58  0.        4076.970      -1435.703       2582.687    0.000  -0.138   0.379   0.
  2017 352  6 30 40 496 352.271302040       1.70      2.18     -0.49  0.        4077.411      -1434.104       2585.466    0.000  -0.138   0.380   0.
  2017 352  6 30 41 496 352.271313614      -1.12      2.28     -1.13  0.        4077.850      -1432.503       2588.245    0.000  -0.138   0.380   0.
  2017 352  6 30 42 496 352.271325188      -3.27      0.68     -1.42  0.        4078.289      -1430.903       2591.023    0.000  -0.138   0.380   0.
  2017 352  6 30 43 496 352.271336762       0.13      2.25      1.76  0.        4078.725      -1429.301       2593.799    0.000  -0.138   0.380   0.
  2017 352  6 30 44 496 352.271348336      -3.83      2.97     -0.67  0.        4079.161      -1427.700       2596.575    0.000  -0.138   0.379   0.
  2017 352  6 30 45 496 352.271359910      -0.64      2.38     -1.12  0.        4079.595      -1426.098       2599.350    0.000  -0.138   0.379   0.
  2017 352  6 30 46 496 352.271371484       2.45      2.22     -1.08  0.        4080.027      -1424.495       2602.124    0.000  -0.138   0.380   0.
  2017 352  6 30 47 496 352.271383058      -0.50      1.31      0.73  0.        4080.459      -1422.892       2604.898    0.000  -0.138   0.380   0.
  2017 352  6 30 48 496 352.271394633       0.93     -0.70      3.67  0.        4080.889      -1421.288       2607.670    0.000  -0.138   0.379   0.
  2017 352  6 30 49 496 352.271406207       1.68      4.06     -1.67  0.        4081.318      -1419.684       2610.442    0.000  -0.138   0.379   0.
  2017 352  6 30 50 496 352.271417781      -2.91      2.31      1.51  0.        4081.745      -1418.080       2613.212    0.000  -0.138   0.380   0.
  2017 352  6 30 51 496 352.271429355      -6.58      2.78     -1.09  0.        4082.171      -1416.475       2615.982    0.000  -0.138   0.380   0.
  2017 352  6 30 52 496 352.271440926      -8.03      0.67     -1.47  0.        4082.595      -1414.869       2618.751    0.000  -0.138   0.379   0.
  2017 352  6 30 53 496 352.271452500      -3.83     -1.84      1.53  0.        4083.019      -1413.263       2621.519    0.000  -0.138   0.379   0.
  2017 352  6 30 54 495 352.271464074       1.65     -1.08      1.92  0.        4083.440      -1411.657       2624.286    0.000  -0.138   0.380   0.
  2017 352  6 30 55 495 352.271475648       7.01      2.35      3.11  0.        4083.861      -1410.050       2627.052    0.000  -0.138   0.380   0.
  2017 352  6 30 56 495 352.271487222       5.14      4.12      1.10  0.        4084.280      -1408.443       2629.818    0.000  -0.138   0.379   0.
  2017 352  6 30 57 495 352.271498796      -5.48     -1.05      2.27  0.        4084.698      -1406.835       2632.582    0.000  -0.138   0.379   0.
  2017 352  6 30 58 496 352.271510370      -7.80      0.64      1.48  0.        4085.115      -1405.227       2635.346    0.000  -0.138   0.380   0.
  2017 352  6 30 59 496 352.271521944      -4.78     -0.23      2.00  0.        4085.530      -1403.618       2638.109    0.000  -0.138   0.380   0.
  2017 352  6 31  0 495 352.271533519      -0.54     -2.30      4.95  0.        4085.943      -1402.009       2640.871    0.000  -0.138   0.380   0.
  2017 352  6 31  1 495 352.271545093       3.29      1.38      4.88  0.        4086.356      -1400.399       2643.632    0.000  -0.138   0.380   0.
  2017 352  6 31  2 496 352.271556667       2.88      4.19      2.54  0.        4086.767      -1398.789       2646.392    0.000  -0.138   0.379   0.
  2017 352  6 31  3 496 352.271568241       5.23      3.67      4.22  0.        4087.177      -1397.178       2649.152    0.000  -0.138   0.379   0.
  2017 352  6 31  4 496 352.271579815      -2.60      0.12      1.01  0.        4087.585      -1395.567       2651.910    0.000  -0.138   0.380   0.
  2017 352  6 31  5 496 352.271591389      -4.03     -0.33      0.68  0.        4087.992      -1393.956       2654.668    0.000  -0.138   0.380   0.
  2017 352  6 31  6 496 352.271602963       0.49      2.45      1.99  0.        4088.398      -1392.344       2657.424    0.000  -0.138   0.379   0.
  2017 352  6 31  7 495 352.271614537      -2.46     -0.10      0.38  0.        4088.802      -1390.731       2660.180    0.000  -0.138   0.379   0.
  2017 352  6 31  8 495 352.271626111      -2.76      3.08     -1.72  0.        4089.205      -1389.119       2662.935    0.000  -0.138   0.379   0.
  2017 352  6 31  9 495 352.271637685      -3.49      4.58      0.41  0.        4089.607      -1387.505       2665.689    0.000  -0.138   0.379   0.
  2017 352  6 31 10 495 352.271649259      -1.35      3.27     -0.71  0.        4090.007      -1385.892       2668.442    0.000  -0.138   0.379   0.
  2017 352  6 31 11 495 352.271660833       1.23      2.60      1.87  0.        4090.407      -1384.277       2671.195    0.000  -0.138   0.379   0.
  2017 352  6 31 12 496 352.271672407      -1.98      1.92     -0.31  0.        4090.804      -1382.663       2673.946    0.000  -0.138   0.379   0.
  2017 352  6 31 13 496 352.271683981      -4.69      0.82      0.44  0.        4091.201      -1381.048       2676.697    0.000  -0.138   0.379   0.
  2017 352  6 31 14 495 352.271695556      -2.09      0.13      3.63  0.        4091.596      -1379.432       2679.447    0.000  -0.138   0.380   0.
  2017 352  6 31 15 495 352.271707130       0.08      2.52      1.81  0.        4091.989      -1377.816       2682.195    0.000  -0.138   0.380   0.
  2017 352  6 31 16 496 352.271718704      -0.93      1.86      0.07  0.        4092.382      -1376.199       2684.943    0.000  -0.138   0.379   0.
  2017 352  6 31 17 496 352.271730278      -2.51      0.26     -0.48  0.        4092.773      -1374.583       2687.691    0.000  -0.138   0.379   0.
  2017 352  6 31 18 496 352.271741852      -1.19     -1.77      1.83  0.        4093.162      -1372.965       2690.437    0.000  -0.138   0.379   0.
  2017 352  6 31 19 496 352.271753426       2.92      1.49      2.82  0.        4093.551      -1371.347       2693.182    0.000  -0.138   0.379   0.
  2017 352  6 31 20 495 352.271765000      -2.40     -1.63      2.54  0.        4093.938      -1369.729       2695.927    0.000  -0.138   0.379   0.
  2017 352  6 31 21 495 352.271776574      -3.20      0.36      0.16  0.        4094.324      -1368.110       2698.670    0.000  -0.138   0.379   0.
  2017 352  6 31 22 495 352.271788146      -2.71     -3.26      1.46  0.        4094.708      -1366.491       2701.413    0.000  -0.138   0.379   0.
  2017 352  6 31 23 495 352.271799719       3.99     -0.51      4.40  0.        4095.091      -1364.872       2704.155    0.000  -0.138   0.379   0.
  2017 352  6 31 24 495 352.271811293       0.01      1.77      0.44  0.        4095.473      -1363.252       2706.896    0.000  -0.138   0.379   0.
  2017 352  6 31 25 495 352.271822867      -2.88      0.12      0.49  0.        4095.853      -1361.631       2709.636    0.000  -0.138   0.379   0.
  2017 352  6 31 26 495 352.271834442      -3.40     -1.98      1.26  0.        4096.232      -1360.010       2712.375    0.000  -0.138   0.380   0.
  2017 352  6 31 27 495 352.271846016       0.31     -2.45      3.11  0.        4096.610      -1358.389       2715.113    0.000  -0.138   0.380   0.
  2017 352  6 31 28 495 352.271857590      -3.24      0.70      3.11  0.        4096.987      -1356.767       2717.851    0.000  -0.138   0.379   0.
  2017 352  6 31 29 495 352.271869164      -3.14      0.86      0.81  0.        4097.362      -1355.145       2720.588    0.000  -0.138   0.379   0.
  2017 352  6 31 30 495 352.271880738       1.61      1.75      1.52  0.        4097.736      -1353.522       2723.323    0.000  -0.138   0.380   0.
  2017 352  6 31 31 495 352.271892312       5.26      2.39      2.54  0.        4098.108      -1351.899       2726.058    0.000  -0.138   0.380   0.
  2017 352  6 31 32 495 352.271903886       5.05      3.32      0.90  0.        4098.479      -1350.276       2728.792    0.000  -0.138   0.380   0.
  2017 352  6 31 33 495 352.271915460      -2.62      0.33      0.47  0.        4098.849      -1348.652       2731.525    0.000  -0.138   0.380   0.
  2017 352  6 31 34 495 352.271927034      -4.46      0.81      0.41  0.        4099.218      -1347.027       2734.257    0.000  -0.138   0.380   0.
  2017 352  6 31 35 495 352.271938608      -2.61      1.90     -0.13  0.        4099.585      -1345.403       2736.989    0.000  -0.138   0.380   0.
  2017 352  6 31 36 495 352.271950182      -1.91      2.05      1.46  0.        4099.951      -1343.777       2739.719    0.000  -0.138   0.380   0.
  2017 352  6 31 37 495 352.271961756       1.57      1.70      2.08  0.        4100.316      -1342.152       2742.449    0.000  -0.138   0.380   0.
  2017 352  6 31 38 495 352.271973330      -0.89      2.63     -1.05  0.        4100.679      -1340.526       2745.177    0.000  -0.138   0.379   0.
  2017 352  6 31 39 495 352.271984905      -2.73     -2.40      1.02  0.        4101.041      -1338.899       2747.905    0.000  -0.138   0.379   0.
  2017 352  6 31 40 495 352.271996479       3.72      0.76      3.29  0.        4101.402      -1337.272       2750.632    0.000  -0.138   0.380   0.
  2017 352  6 31 41 495 352.272008053      -0.32      2.20     -0.05  0.        4101.761      -1335.645       2753.358    0.000  -0.138   0.380   0.
  2017 352  6 31 42 495 352.272019627      -1.17     -0.87     -0.10  0.        4102.119      -1334.017       2756.083    0.000  -0.138   0.380   0.
  2017 352  6 31 43 495 352.272031201       2.25      1.78      0.45  0.        4102.476      -1332.389       2758.807    0.000  -0.138   0.380   0.
  2017 352  6 31 44 495 352.272042775       0.47      2.32      0.82  0.        4102.832      -1330.760       2761.531    0.000  -0.138   0.380   0.
  2017 352  6 31 45 495 352.272054349      -2.67      1.17      1.21  0.        4103.186      -1329.131       2764.253    0.000  -0.138   0.380   0.
  2017 352  6 31 46 495 352.272065923      -4.83     -0.05      1.19  0.        4103.539      -1327.501       2766.975    0.000  -0.138   0.379   0.
  2017 352  6 31 47 495 352.272077497      -2.65      1.60      1.41  0.        4103.890      -1325.871       2769.695    0.000  -0.138   0.379   0.
  2017 352  6 31 48 495 352.272089071       2.01      2.17      1.71  0.        4104.240      -1324.241       2772.416    0.000  -0.138   0.380   0.
  2017 352  6 31 49 495 352.272100645       1.54      2.17      0.53  0.        4104.589      -1322.610       2775.135    0.000  -0.138   0.380   0.
  2017 352  6 31 50 495 352.272112219      -3.38     -0.42     -0.29  0.        4104.937      -1320.979       2777.853    0.000  -0.138   0.380   0.
  2017 352  6 31 51 495 352.272123793      -0.63     -0.43      1.38  0.        4105.283      -1319.347       2780.570    0.000  -0.138   0.380   0.
  2017 352  6 31 52 495 352.272135365       2.03      1.01      3.85  0.        4105.628      -1317.716       2783.286    0.000  -0.138   0.380   0.
  2017 352  6 31 53 495 352.272146939       1.42      2.15      1.10  0.        4105.972      -1316.083       2786.002    0.000  -0.138   0.380   0.
  2017 352  6 31 54 495 352.272158513      -0.44      0.64      0.30  0.        4106.315      -1314.450       2788.716    0.000  -0.138   0.380   0.
  2017 352  6 31 55 495 352.272170087       0.05      1.90     -0.12  0.        4106.656      -1312.817       2791.430    0.000  -0.138   0.380   0.
  2017 352  6 31 56 495 352.272181661      -4.36      0.35      0.67  0.        4106.996      -1311.183       2794.143    0.000  -0.138   0.380   0.
  2017 352  6 31 57 495 352.272193235      -3.59      2.14      2.02  0.        4107.334      -1309.549       2796.855    0.000  -0.138   0.380   0.
  2017 352  6 31 58 495 352.272204809      -0.71      0.59      1.24  0.        4107.672      -1307.915       2799.566    0.000  -0.138   0.380   0.
  2017 352  6 31 59 495 352.272216383       0.18      1.12      0.90  0.        4108.008      -1306.280       2802.276    0.000  -0.138   0.380   0.
  2017 352  6 32  0 495 352.272227957      -2.00      0.68      0.04  0.        4108.342      -1304.644       2804.985    0.000  -0.138   0.380   0.
  2017 352  6 32  1 495 352.272239531      -0.43      0.24      0.27  0.        4108.676      -1303.009       2807.694    0.000  -0.138   0.380   0.
  2017 352  6 32  2 495 352.272251105       1.94      2.60      0.96  0.        4109.008      -1301.373       2810.401    0.000  -0.138   0.380   0.
  2017 352  6 32  3 495 352.272262679      -3.56      0.02      0.93  0.        4109.339      -1299.736       2813.108    0.000  -0.138   0.380   0.
  2017 352  6 32  4 495 352.272274253      -4.29      0.57      0.94  0.        4109.668      -1298.099       2815.814    0.000  -0.138   0.380   0.
  2017 352  6 32  5 495 352.272285828      -3.86      0.33      0.47  0.        4109.997      -1296.462       2818.518    0.000  -0.138   0.380   0.
  2017 352  6 32  6 495 352.272297402      -5.08      1.50      1.71  0.        4110.324      -1294.824       2821.222    0.000  -0.138   0.380   0.
  2017 352  6 32  7 495 352.272308976      -3.77      1.49      2.50  0.        4110.649      -1293.186       2823.926    0.000  -0.138   0.380   0.
  2017 352  6 32  8 495 352.272320550       1.59      1.23      4.09  0.        4110.974      -1291.547       2826.628    0.000  -0.138   0.380   0.
  2017 352  6 32  9 495 352.272332124      -0.92      2.01      0.60  0.        4111.297      -1289.908       2829.329    0.000  -0.138   0.380   0.
  2017 352  6 32 10 495 352.272343698      -4.04      0.65     -2.71  0.        4111.619      -1288.269       2832.029    0.000  -0.138   0.380   0.
  2017 352  6 32 11 495 352.272355272      -0.66     -1.90     -1.55  0.        4111.939      -1286.629       2834.729    0.000  -0.138   0.380   0.
  2017 352  6 32 12 495 352.272366846      -0.05     -0.95      4.76  0.        4112.259      -1284.989       2837.428    0.000  -0.138   0.380   0.
  2017 352  6 32 13 495 352.272378420      -1.46      1.69     -0.68  0.        4112.577      -1283.348       2840.126    0.000  -0.138   0.380   0.
  2017 352  6 32 14 495 352.272389994       3.28      1.40      2.33  0.        4112.893      -1281.707       2842.822    0.000  -0.138   0.380   0.
  2017 352  6 32 15 495 352.272401568       0.32      2.03      0.27  0.        4113.209      -1280.066       2845.518    0.000  -0.138   0.380   0.
  2017 352  6 32 16 495 352.272413142      -8.45      1.15      1.57  0.        4113.523      -1278.424       2848.214    0.000  -0.138   0.380   0.
  2017 352  6 32 17 495 352.272424716      -5.72     -0.09      6.17  0.        4113.836      -1276.782       2850.908    0.000  -0.138   0.380   0.
  2017 352  6 32 18 495 352.272436291       2.10      0.55      5.65  0.        4114.147      -1275.139       2853.601    0.000  -0.138   0.380   0.
  2017 352  6 32 19 495 352.272447865       3.53      3.08      1.38  0.        4114.458      -1273.496       2856.294    0.000  -0.138   0.380   0.
  2017 352  6 32 20 495 352.272459436      -2.47     -0.07      0.41  0.        4114.767      -1271.853       2858.985    0.000  -0.138   0.380   0.
  2017 352  6 32 21 495 352.272471010      -0.21     -0.84      1.38  0.        4115.075      -1270.209       2861.676    0.000  -0.138   0.380   0.
  2017 352  6 32 22 495 352.272482584       1.95      1.87     -0.14  0.        4115.381      -1268.565       2864.366    0.000  -0.138   0.380   0.
  2017 352  6 32 23 495 352.272494158       1.09      2.26     -0.32  0.        4115.686      -1266.920       2867.055    0.000  -0.138   0.380   0.
  2017 352  6 32 24 495 352.272505732       3.33      1.75      0.73  0.        4115.990      -1265.275       2869.743    0.000  -0.138   0.380   0.
  2017 352  6 32 25 495 352.272517306      -3.48      1.48     -0.14  0.        4116.293      -1263.630       2872.430    0.000  -0.138   0.380   0.
  2017 352  6 32 26 495 352.272528880      -8.39      3.26      0.15  0.        4116.594      -1261.984       2875.116    0.000  -0.138   0.380   0.
  2017 352  6 32 27 495 352.272540454      -8.19      2.16      2.33  0.        4116.895      -1260.338       2877.802    0.000  -0.138   0.380   0.
  2017 352  6 32 28 495 352.272552028      -5.84      0.30      7.02  0.        4117.194      -1258.692       2880.486    0.000  -0.138   0.380   0.
  2017 352  6 32 29 495 352.272563602      -1.47      0.95      8.62  0.        4117.491      -1257.045       2883.170    0.000  -0.138   0.380   0.
  2017 352  6 32 30 495 352.272575177       1.63      3.38      2.94  0.        4117.788      -1255.398       2885.852    0.000  -0.138   0.380   0.
  2017 352  6 32 31 495 352.272586751       2.58      2.63      0.66  0.        4118.083      -1253.750       2888.534    0.000  -0.138   0.380   0.
  2017 352  6 32 32 495 352.272598325       0.69      1.42      0.91  0.        4118.377      -1252.102       2891.215    0.000  -0.138   0.380   0.
  2017 352  6 32 33 495 352.272609899      -1.34      0.27      0.22  0.        4118.669      -1250.453       2893.895    0.000  -0.138   0.380   0.
  2017 352  6 32 34 495 352.272621473      -2.08     -0.77      0.25  0.        4118.961      -1248.805       2896.574    0.000  -0.138   0.380   0.
  2017 352  6 32 35 495 352.272633047      -0.40      1.89      0.48  0.        4119.251      -1247.155       2899.253    0.000  -0.138   0.380   0.
  2017 352  6 32 36 495 352.272644621      -1.84     -0.54     -0.67  0.        4119.539      -1245.506       2901.930    0.000  -0.138   0.380   0.
  2017 352  6 32 37 495 352.272656195      -0.06      2.21     -0.17  0.        4119.827      -1243.856       2904.606    0.000  -0.138   0.380   0.
  2017 352  6 32 38 495 352.272667769      -2.13     -1.51     -0.88  0.        4120.113      -1242.206       2907.282    0.000  -0.138   0.380   0.
  2017 352  6 32 39 495 352.272679343       0.67      1.61      1.25  0.        4120.398      -1240.555       2909.957    0.000  -0.138   0.380   0.
  2017 352  6 32 40 495 352.272690917       0.02      0.23     -1.09  0.        4120.682      -1238.904       2912.631    0.000  -0.138   0.380   0.
  2017 352  6 32 41 495 352.272702491       3.08      1.07      1.14  0.        4120.965      -1237.252       2915.304    0.000  -0.138   0.380   0.
  2017 352  6 32 42 495 352.272714065       3.16      2.64      1.89  0.        4121.246      -1235.601       2917.976    0.000  -0.138   0.380   0.
  2017 352  6 32 43 495 352.272725639      -3.24     -0.63     -0.56  0.        4121.526      -1233.948       2920.647    0.000  -0.138   0.380   0.
  2017 352  6 32 44 495 352.272737214       0.76     -0.15      1.41  0.        4121.805      -1232.296       2923.317    0.000  -0.138   0.380   0.
  2017 352  6 32 45 495 352.272748788      -3.22      0.55     -0.18  0.        4122.082      -1230.643       2925.986    0.000  -0.138   0.380   0.
  2017 352  6 32 46 495 352.272760362      -1.96     -0.27      3.09  0.        4122.359      -1228.989       2928.655    0.000  -0.138   0.380   0.
  2017 352  6 32 47 495 352.272771936      -0.56      0.86      2.46  0.        4122.634      -1227.336       2931.323    0.000  -0.138   0.380   0.
  2017 352  6 32 48 495 352.272783510       2.39      2.31      2.27  0.        4122.907      -1225.682       2933.989    0.000  -0.138   0.380   0.
  2017 352  6 32 49 495 352.272795084       0.18      1.72      0.36  0.        4123.180      -1224.027       2936.655    0.000  -0.138   0.380   0.
  2017 352  6 32 50 494 352.272806655      -2.42      0.77      0.08  0.        4123.451      -1222.372       2939.320    0.000  -0.138   0.380   0.
  2017 352  6 32 51 494 352.272818229      -2.98      0.34      0.24  0.        4123.721      -1220.717       2941.984    0.000  -0.138   0.380   0.
  2017 352  6 32 52 494 352.272829803       1.58      2.55      0.27  0.        4123.990      -1219.062       2944.647    0.000  -0.138   0.380   0.
  2017 352  6 32 53 494 352.272841377       1.06      2.22      0.66  0.        4124.258      -1217.406       2947.309    0.000  -0.138   0.380   0.
  2017 352  6 32 54 495 352.272852951       1.34     -0.24      1.33  0.        4124.524      -1215.750       2949.971    0.000  -0.138   0.380   0.
  2017 352  6 32 55 495 352.272864525      -0.90      2.26     -0.53  0.        4124.789      -1214.093       2952.631    0.000  -0.138   0.380   0.
  2017 352  6 32 56 494 352.272876100      -1.91      2.34      1.34  0.        4125.053      -1212.436       2955.291    0.000  -0.138   0.380   0.
  2017 352  6 32 57 494 352.272887674      -0.54      1.68      2.07  0.        4125.315      -1210.778       2957.950    0.000  -0.138   0.380   0.
  2017 352  6 32 58 495 352.272899248       2.01      2.88      0.78  0.        4125.577      -1209.121       2960.607    0.000  -0.138   0.380   0.
  2017 352  6 32 59 495 352.272910822      -2.82     -1.50      0.44  0.        4125.837      -1207.463       2963.264    0.000  -0.138   0.380   0.
  2017 352  6 33  0 495 352.272922396       1.23      1.31      0.91  0.        4126.096      -1205.804       2965.921    0.000  -0.138   0.380   0.
  2017 352  6 33  1 495 352.272933970       0.24      0.32      1.33  0.        4126.353      -1204.145       2968.575    0.000  -0.138   0.380   0.
  2017 352  6 33  2 495 352.272945544      -4.46     -1.17      2.74  0.        4126.610      -1202.486       2971.230    0.000  -0.138   0.380   0.
  2017 352  6 33  3 494 352.272957118      -3.37      0.32      1.66  0.        4126.865      -1200.826       2973.883    0.000  -0.138   0.380   0.
  2017 352  6 33  4 494 352.272968692       1.65      3.32      1.39  0.        4127.119      -1199.167       2976.536    0.000  -0.138   0.380   0.
  2017 352  6 33  5 494 352.272980266       0.61      1.36      0.95  0.        4127.371      -1197.506       2979.187    0.000  -0.138   0.380   0.
  2017 352  6 33  6 494 352.272991840      -1.53     -0.04      0.95  0.        4127.623      -1195.846       2981.838    0.000  -0.138   0.380   0.
  2017 352  6 33  7 495 352.273003414      -4.62      2.42     -0.82  0.        4127.873      -1194.185       2984.488    0.000  -0.138   0.380   0.
  2017 352  6 33  8 495 352.273014988      -6.82     -1.89      2.78  0.        4128.122      -1192.523       2987.136    0.000  -0.138   0.380   0.
  2017 352  6 33  9 495 352.273026562      -2.72     -5.09      0.95  0.        4128.370      -1190.862       2989.784    0.000  -0.138   0.380   0.
  2017 352  6 33 10 494 352.273038137       0.28     -3.73      1.26  0.        4128.616      -1189.200       2992.432    0.000  -0.138   0.380   0.
  2017 352  6 33 11 494 352.273049711      -1.43      3.31      7.52  0.        4128.862      -1187.537       2995.078    0.000  -0.138   0.380   0.
  2017 352  6 33 12 495 352.273061285       1.59      2.83      4.08  0.        4129.106      -1185.874       2997.723    0.000  -0.138   0.380   0.
  2017 352  6 33 13 495 352.273072859      -1.29      0.29      0.47  0.        4129.349      -1184.211       3000.368    0.000  -0.138   0.380   0.
  2017 352  6 33 14 495 352.273084433      -0.77      1.42      0.45  0.        4129.590      -1182.548       3003.011    0.000  -0.138   0.380   0.
  2017 352  6 33 15 495 352.273096007      -1.36      0.74      0.90  0.        4129.831      -1180.884       3005.654    0.000  -0.138   0.380   0.
  2017 352  6 33 16 494 352.273107581       0.07      1.92      0.80  0.        4130.070      -1179.220       3008.295    0.000  -0.138   0.380   0.
  2017 352  6 33 17 494 352.273119155      -1.40      0.92      0.26  0.        4130.308      -1177.555       3010.936    0.000  -0.138   0.380   0.
  2017 352  6 33 18 494 352.273130727      -1.50      0.56      0.22  0.        4130.544      -1175.890       3013.576    0.000  -0.138   0.380   0.
  2017 352  6 33 19 494 352.273142300       0.35      2.04      2.15  0.        4130.780      -1174.225       3016.215    0.000  -0.138   0.380   0.
  2017 352  6 33 20 494 352.273153874      -0.60      1.26      0.93  0.        4131.014      -1172.560       3018.853    0.000  -0.138   0.380   0.
  2017 352  6 33 21 494 352.273165448      -1.67      1.02      0.05  0.        4131.247      -1170.894       3021.491    0.000  -0.138   0.380   0.
  2017 352  6 33 22 494 352.273177023      -0.98      0.32      0.94  0.        4131.479      -1169.227       3024.127    0.000  -0.138   0.380   0.
  2017 352  6 33 23 494 352.273188597      -0.61      1.34      1.64  0.        4131.710      -1167.561       3026.763    0.000  -0.138   0.380   0.
  2017 352  6 33 24 494 352.273200171       0.50      1.21      1.67  0.        4131.939      -1165.894       3029.397    0.000  -0.138   0.380   0.
  2017 352  6 33 25 494 352.273211745      -2.99      1.23     -0.18  0.        4132.167      -1164.227       3032.031    0.000  -0.138   0.380   0.
  2017 352  6 33 26 494 352.273223319      -1.47      0.75      1.37  0.        4132.394      -1162.559       3034.664    0.000  -0.138   0.380   0.
  2017 352  6 33 27 494 352.273234893       1.45      2.16      1.90  0.        4132.620      -1160.891       3037.296    0.000  -0.138   0.380   0.
  2017 352  6 33 28 494 352.273246467      -0.42      0.82      0.10  0.        4132.845      -1159.223       3039.927    0.000  -0.138   0.380   0.
  2017 352  6 33 29 494 352.273258041       1.07      1.56      0.09  0.        4133.068      -1157.554       3042.557    0.000  -0.138   0.380   0.
  2017 352  6 33 30 494 352.273269615      -3.00      0.85     -0.02  0.        4133.290      -1155.885       3045.186    0.000  -0.138   0.380   0.
  2017 352  6 33 31 494 352.273281189      -2.99      1.08     -0.22  0.        4133.511      -1154.216       3047.814    0.000  -0.138   0.380   0.
  2017 352  6 33 32 494 352.273292763       0.60      2.36      1.13  0.        4133.731      -1152.546       3050.442    0.000  -0.138   0.380   0.
  2017 352  6 33 33 494 352.273304337       1.46      2.63      0.21  0.        4133.949      -1150.876       3053.068    0.000  -0.138   0.380   0.
  2017 352  6 33 34 494 352.273315911      -3.54     -0.39      1.03  0.        4134.166      -1149.206       3055.694    0.000  -0.138   0.380   0.
  2017 352  6 33 35 494 352.273327486      -4.16      0.70      1.11  0.        4134.383      -1147.535       3058.319    0.000  -0.138   0.380   0.
  2017 352  6 33 36 494 352.273339060      -0.86      1.36      1.14  0.        4134.597      -1145.864       3060.943    0.000  -0.138   0.380   0.
  2017 352  6 33 37 494 352.273350634       0.17      2.50      0.71  0.        4134.811      -1144.193       3063.565    0.000  -0.138   0.380   0.
  2017 352  6 33 38 494 352.273362208      -0.20      1.93      0.81  0.        4135.023      -1142.521       3066.187    0.000  -0.138   0.380   0.
  2017 352  6 33 39 494 352.273373782       1.36      2.76      0.11  0.        4135.235      -1140.849       3068.809    0.000  -0.138   0.380   0.
  2017 352  6 33 40 494 352.273385356      -3.21     -0.53      1.20  0.        4135.445      -1139.177       3071.429    0.000  -0.138   0.380   0.
  2017 352  6 33 41 494 352.273396930      -3.65      2.02      1.13  0.        4135.654      -1137.504       3074.048    0.000  -0.138   0.380   0.
  2017 352  6 33 42 494 352.273408504      -4.13      2.05      1.90  0.        4135.861      -1135.831       3076.667    0.000  -0.138   0.380   0.
  2017 352  6 33 43 494 352.273420078      -0.75      0.69      1.23  0.        4136.068      -1134.158       3079.284    0.000  -0.138   0.380   0.
  2017 352  6 33 44 494 352.273431652      -1.35      1.58      0.22  0.        4136.273      -1132.484       3081.901    0.000  -0.138   0.380   0.
  2017 352  6 33 45 494 352.273443226      -1.24      1.95     -0.01  0.        4136.477      -1130.810       3084.517    0.000  -0.138   0.380   0.
  2017 352  6 33 46 494 352.273454800      -3.15      1.42      0.63  0.        4136.680      -1129.135       3087.132    0.000  -0.138   0.380   0.
  2017 352  6 33 47 494 352.273466374      -3.79     -0.21      2.37  0.        4136.881      -1127.461       3089.746    0.000  -0.138   0.380   0.
  2017 352  6 33 48 494 352.273477946      -0.58     -0.81      4.19  0.        4137.082      -1125.786       3092.359    0.000  -0.138   0.380   0.
  2017 352  6 33 49 494 352.273489520      -0.22      1.41      2.26  0.        4137.281      -1124.111       3094.971    0.000  -0.138   0.380   0.
  2017 352  6 33 50 494 352.273501094      -0.22      0.14      0.50  0.        4137.479      -1122.435       3097.582    0.000  -0.138   0.380   0.
  2017 352  6 33 51 494 352.273512668       1.06      2.47      0.13  0.        4137.676      -1120.759       3100.193    0.000  -0.138   0.380   0.
  2017 352  6 33 52 494 352.273524242      -4.86     -0.35      0.49  0.        4137.872      -1119.083       3102.802    0.000  -0.138   0.380   0.
  2017 352  6 33 53 494 352.273535816      -3.12      1.92      2.50  0.        4138.066      -1117.406       3105.411    0.000  -0.138   0.380   0.
  2017 352  6 33 54 494 352.273547390      -4.84      3.08      1.09  0.        4138.259      -1115.729       3108.019    0.000  -0.138   0.380   0.
  2017 352  6 33 55 494 352.273558964      -2.76      1.72      1.34  0.        4138.452      -1114.052       3110.626    0.000  -0.138   0.380   0.
  2017 352  6 33 56 494 352.273570538      -0.14      2.00      2.08  0.        4138.642      -1112.374       3113.231    0.000  -0.138   0.380   0.
  2017 352  6 33 57 494 352.273582112      -1.39      0.60      0.52  0.        4138.832      -1110.697       3115.837    0.000  -0.138   0.380   0.
  2017 352  6 33 58 494 352.273593686      -0.74     -0.07      1.41  0.        4139.021      -1109.018       3118.441    0.000  -0.138   0.380   0.
  2017 352  6 33 59 494 352.273605260       1.03      1.91      0.89  0.        4139.208      -1107.340       3121.044    0.000  -0.138   0.380   0.
  2017 352  6 34  0 494 352.273616835      -5.53      1.12     -0.80  0.        4139.394      -1105.661       3123.646    0.000  -0.138   0.380   0.
  2017 352  6 34  1 494 352.273628409      -4.88      1.01      2.13  0.        4139.579      -1103.982       3126.248    0.000  -0.138   0.380   0.
  2017 352  6 34  2 494 352.273639983      -5.66      2.19      2.58  0.        4139.763      -1102.302       3128.848    0.000  -0.138   0.380   0.
  2017 352  6 34  3 494 352.273651557      -1.99      1.09      3.87  0.        4139.945      -1100.622       3131.448    0.000  -0.138   0.380   0.
  2017 352  6 34  4 494 352.273663131      -0.68      2.44      2.28  0.        4140.127      -1098.942       3134.047    0.000  -0.138   0.380   0.
  2017 352  6 34  5 494 352.273674705      -0.83      1.73      0.27  0.        4140.307      -1097.262       3136.644    0.000  -0.138   0.380   0.
  2017 352  6 34  6 494 352.273686279      -1.05      1.47      0.51  0.        4140.486      -1095.581       3139.241    0.000  -0.138   0.380   0.
  2017 352  6 34  7 494 352.273697853      -0.48      1.03      0.37  0.        4140.664      -1093.900       3141.838    0.000  -0.138   0.380   0.
  2017 352  6 34  8 494 352.273709427      -1.50      2.44      1.09  0.        4140.840      -1092.219       3144.433    0.000  -0.138   0.380   0.
  2017 352  6 34  9 494 352.273721001      -1.12      1.73      0.46  0.        4141.016      -1090.537       3147.027    0.000  -0.138   0.380   0.
  2017 352  6 34 10 494 352.273732575      -1.34      1.19      0.61  0.        4141.190      -1088.855       3149.620    0.000  -0.138   0.380   0.
  2017 352  6 34 11 494 352.273744149      -1.50      1.49      0.70  0.        4141.363      -1087.173       3152.213    0.000  -0.138   0.380   0.
  2017 352  6 34 12 494 352.273755723      -0.65      1.83      1.17  0.        4141.535      -1085.491       3154.804    0.000  -0.138   0.380   0.
  2017 352  6 34 13 494 352.273767297       0.09      1.79      1.06  0.        4141.706      -1083.808       3157.395    0.000  -0.138   0.380   0.
  2017 352  6 34 14 494 352.273778872      -0.17      1.29      0.69  0.        4141.876      -1082.124       3159.985    0.000  -0.138   0.380   0.
  2017 352  6 34 15 494 352.273790446      -0.06      1.04      0.61  0.        4142.044      -1080.441       3162.574    0.000  -0.138   0.380   0.
  2017 352  6 34 16 494 352.273802020       0.29      1.20      0.57  0.        4142.212      -1078.757       3165.162    0.000  -0.138   0.380   0.
  2017 352  6 34 17 494 352.273813594       0.35      1.49      0.26  0.        4142.378      -1077.073       3167.749    0.000  -0.138   0.380   0.
  2017 352  6 34 18 494 352.273825165       0.28      1.43      0.18  0.        4142.543      -1075.389       3170.335    0.000  -0.138   0.380   0.
  2017 352  6 34 19 494 352.273836739       0.47      1.51      0.18  0.        4142.706      -1073.704       3172.920    0.000  -0.138   0.380   0.
  2017 352  6 34 20 494 352.273848313       0.24      1.69      0.09  0.        4142.869      -1072.019       3175.504    0.000  -0.138   0.380   0.
  2017 352  6 34 21 494 352.273859887      -0.41      1.67      0.28  0.        4143.030      -1070.333       3178.088    0.000  -0.138   0.380   0.
  2017 352  6 34 22 494 352.273871461      -1.05      1.18      0.54  0.        4143.190      -1068.648       3180.671    0.000  -0.138   0.380   0.
  2017 352  6 34 23 494 352.273883035      -0.79      0.85      1.57  0.        4143.350      -1066.962       3183.252    0.000  -0.138   0.380   0.
  2017 352  6 34 24 494 352.273894609       0.55      1.14      1.45  0.        4143.508      -1065.276       3185.833    0.000  -0.138   0.380   0.
  2017 352  6 34 25 494 352.273906183      -0.00      0.46      1.47  0.        4143.664      -1063.589       3188.413    0.000  -0.138   0.380   0.
  2017 352  6 34 26 494 352.273917758      -0.47      1.20      0.97  0.        4143.820      -1061.902       3190.992    0.000  -0.138   0.380   0.
  2017 352  6 34 27 494 352.273929332      -2.19      0.74      0.86  0.        4143.974      -1060.215       3193.570    0.000  -0.138   0.380   0.
  2017 352  6 34 28 494 352.273940906      -1.31      0.62      1.37  0.        4144.127      -1058.528       3196.147    0.000  -0.138   0.380   0.
  2017 352  6 34 29 494 352.273952480       0.84      1.79      1.44  0.        4144.280      -1056.840       3198.724    0.000  -0.138   0.380   0.
  2017 352  6 34 30 494 352.273964054      -0.07      1.44      0.61  0.        4144.430      -1055.152       3201.299    0.000  -0.138   0.380   0.
  2017 352  6 34 31 494 352.273975628      -1.37      0.68      0.74  0.        4144.580      -1053.463       3203.874    0.000  -0.138   0.380   0.
  2017 352  6 34 32 494 352.273987202      -1.19      0.86      0.91  0.        4144.729      -1051.775       3206.447    0.000  -0.138   0.380   0.
  2017 352  6 34 33 494 352.273998776      -1.46      0.72      1.03  0.        4144.876      -1050.086       3209.020    0.000  -0.138   0.380   0.
  2017 352  6 34 34 494 352.274010350      -1.11      0.89      1.25  0.        4145.023      -1048.397       3211.592    0.000  -0.138   0.380   0.
  2017 352  6 34 35 494 352.274021924      -1.04      1.06      0.70  0.        4145.168      -1046.707       3214.163    0.000  -0.138   0.380   0.
  2017 352  6 34 36 494 352.274033498      -0.66      1.24      0.55  0.        4145.312      -1045.017       3216.733    0.000  -0.138   0.380   0.
  2017 352  6 34 37 494 352.274045072      -0.38      1.74      1.00  0.        4145.454      -1043.327       3219.302    0.000  -0.138   0.380   0.
  2017 352  6 34 38 494 352.274056646      -0.17      1.63      0.65  0.        4145.596      -1041.637       3221.870    0.000  -0.138   0.380   0.
  2017 352  6 34 39 494 352.274068220      -0.09      1.35      0.99  0.        4145.737      -1039.946       3224.437    0.000  -0.138   0.380   0.
  2017 352  6 34 40 494 352.274079795      -0.40      1.77      0.60  0.        4145.876      -1038.255       3227.004    0.000  -0.138   0.380   0.
  2017 352  6 34 41 494 352.274091369      -0.80      0.55      0.89  0.        4146.014      -1036.564       3229.569    0.000  -0.138   0.380   0.
  2017 352  6 34 42 494 352.274102943       0.27      2.12      0.44  0.        4146.151      -1034.873       3232.134    0.000  -0.138   0.380   0.
  2017 352  6 34 43 494 352.274114517      -1.27      0.16      0.90  0.        4146.287      -1033.181       3234.697    0.000  -0.138   0.380   0.
  2017 352  6 34 44 494 352.274126091       0.50      1.44      1.23  0.        4146.422      -1031.489       3237.260    0.000  -0.138   0.380   0.
  2017 352  6 34 45 494 352.274137665      -1.62      0.55      0.89  0.        4146.555      -1029.796       3239.822    0.000  -0.138   0.380   0.
  2017 352  6 34 46 494 352.274149239      -0.75      1.83      1.06  0.        4146.688      -1028.104       3242.383    0.000  -0.138   0.380   0.
  2017 352  6 34 47 494 352.274160813      -1.64     -0.78      0.58  0.        4146.819      -1026.411       3244.943    0.000  -0.138   0.380   0.
  2017 352  6 34 48 493 352.274172385      -0.88      2.77      1.23  0.        4146.949      -1024.717       3247.502    0.000  -0.138   0.380   0.
  2017 352  6 34 49 493 352.274183958      -7.86      2.09      4.12  0.        4147.078      -1023.024       3250.061    0.000  -0.138   0.380   0.
  2017 352  6 34 50 494 352.274195532      -4.79     -0.04      5.19  0.        4147.206      -1021.330       3252.618    0.000  -0.138   0.380   0.
  2017 352  6 34 51 494 352.274207106      -0.79      0.67      1.45  0.        4147.333      -1019.636       3255.175    0.000  -0.138   0.380   0.
  2017 352  6 34 52 493 352.274218681      -0.29      1.40      1.47  0.        4147.458      -1017.942       3257.730    0.000  -0.138   0.380   0.
  2017 352  6 34 53 493 352.274230255      -0.60      1.52      0.47  0.        4147.583      -1016.247       3260.285    0.000  -0.138   0.380   0.
  2017 352  6 34 54 494 352.274241829      -0.58      0.94      0.57  0.        4147.706      -1014.552       3262.839    0.000  -0.138   0.380   0.
  2017 352  6 34 55 494 352.274253403       0.04      1.14      0.95  0.        4147.828      -1012.856       3265.392    0.000  -0.138   0.380   0.
  2017 352  6 34 56 494 352.274264977       0.53      1.74      0.91  0.        4147.949      -1011.161       3267.944    0.000  -0.138   0.380   0.
  2017 352  6 34 57 494 352.274276551      -0.28      1.64      0.33  0.        4148.069      -1009.465       3270.495    0.000  -0.138   0.380   0.
  2017 352  6 34 58 493 352.274288125      -1.08      0.77      0.54  0.        4148.188      -1007.769       3273.045    0.000  -0.138   0.380   0.
  2017 352  6 34 59 493 352.274299699      -0.05      1.13      0.95  0.        4148.305      -1006.073       3275.594    0.000  -0.138   0.380   0.
  2017 352  6 35  0 493 352.274311273      -0.87      0.81      0.82  0.        4148.422      -1004.376       3278.143    0.000  -0.138   0.380   0.
  2017 352  6 35  1 493 352.274322847      -1.48      0.93      0.76  0.        4148.537      -1002.680       3280.690    0.000  -0.138   0.380   0.
  2017 352  6 35  2 493 352.274334421      -2.20      0.91      0.73  0.        4148.651      -1000.982       3283.237    0.000  -0.138   0.380   0.
  2017 352  6 35  3 494 352.274345995      -1.67      0.81      0.77  0.        4148.764       -999.285       3285.783    0.000  -0.138   0.380   0.
  2017 352  6 35  4 494 352.274357569      -1.61      1.14      0.50  0.        4148.876       -997.587       3288.327    0.000  -0.138   0.380   0.
  2017 352  6 35  5 493 352.274369144      -1.01      1.18      0.49  0.        4148.987       -995.889       3290.871    0.000  -0.138   0.380   0.
  2017 352  6 35  6 493 352.274380718      -1.14      1.00      0.34  0.        4149.097       -994.191       3293.414    0.000  -0.138   0.380   0.
  2017 352  6 35  7 494 352.274392292      -1.05      1.21      0.71  0.        4149.205       -992.493       3295.956    0.000  -0.138   0.380   0.
  2017 352  6 35  8 494 352.274403866      -0.88      1.07      0.57  0.        4149.312       -990.794       3298.498    0.000  -0.138   0.380   0.
  2017 352  6 35  9 494 352.274415440      -1.10      1.22      0.53  0.        4149.419       -989.095       3301.038    0.000  -0.138   0.380   0.
  2017 352  6 35 10 494 352.274427014      -1.73      0.61     -0.17  0.        4149.524       -987.395       3303.577    0.000  -0.138   0.380   0.
  2017 352  6 35 11 494 352.274438588       0.47      1.57      1.21  0.        4149.628       -985.696       3306.116    0.000  -0.138   0.380   0.
  2017 352  6 35 12 493 352.274450162      -1.16      1.09      0.55  0.        4149.731       -983.996       3308.653    0.000  -0.138   0.380   0.
  2017 352  6 35 13 493 352.274461736      -1.52      1.71      1.21  0.        4149.832       -982.296       3311.190    0.000  -0.138   0.380   0.
  2017 352  6 35 14 493 352.274473310      -0.44      1.55      0.91  0.        4149.933       -980.595       3313.726    0.000  -0.138   0.380   0.
  2017 352  6 35 15 493 352.274484884      -0.82      1.03      0.05  0.        4150.032       -978.895       3316.261    0.000  -0.138   0.380   0.
  2017 352  6 35 16 493 352.274496458      -0.12      1.56      0.67  0.        4150.131       -977.194       3318.795    0.000  -0.138   0.380   0.
  2017 352  6 35 17 494 352.274508032      -0.84      1.18      0.36  0.        4150.228       -975.493       3321.328    0.000  -0.138   0.380   0.
  2017 352  6 35 18 494 352.274519604      -1.19      0.66      0.65  0.        4150.324       -973.791       3323.860    0.000  -0.138   0.380   0.
  2017 352  6 35 19 493 352.274531178      -0.13      1.39      0.91  0.        4150.419       -972.089       3326.391    0.000  -0.138   0.380   0.
  2017 352  6 35 20 493 352.274542752      -0.79      1.11      0.39  0.        4150.513       -970.387       3328.922    0.000  -0.138   0.380   0.
  2017 352  6 35 21 493 352.274554326      -1.07      1.01      0.41  0.        4150.606       -968.685       3331.451    0.000  -0.138   0.380   0.
  2017 352  6 35 22 493 352.274565900      -0.66      0.93      0.62  0.        4150.697       -966.983       3333.980    0.000  -0.138   0.380   0.
  2017 352  6 35 23 493 352.274577474      -0.14      1.22      0.51  0.        4150.788       -965.280       3336.507    0.000  -0.138   0.380   0.
  2017 352  6 35 24 493 352.274589048      -0.55      0.98      0.50  0.        4150.877       -963.577       3339.034    0.000  -0.138   0.380   0.
  2017 352  6 35 25 493 352.274600622      -0.88      0.97      0.39  0.        4150.965       -961.874       3341.560    0.000  -0.138   0.380   0.
  2017 352  6 35 26 493 352.274612196      -0.83      1.19      0.39  0.        4151.053       -960.170       3344.085    0.000  -0.138   0.380   0.
  2017 352  6 35 27 493 352.274623770      -0.43      1.39      0.80  0.        4151.139       -958.466       3346.609    0.000  -0.138   0.380   0.
  2017 352  6 35 28 493 352.274635344      -0.75      1.21      0.56  0.        4151.223       -956.762       3349.133    0.000  -0.138   0.380   0.
  2017 352  6 35 29 493 352.274646918       0.14      1.73      0.64  0.        4151.307       -955.058       3351.655    0.000  -0.138   0.380   0.
  2017 352  6 35 30 493 352.274658492      -1.19      0.84      0.62  0.        4151.390       -953.353       3354.176    0.000  -0.138   0.380   0.
  2017 352  6 35 31 493 352.274670067       0.49      1.25      0.85  0.        4151.472       -951.648       3356.697    0.000  -0.138   0.380   0.
  2017 352  6 35 32 493 352.274681641       0.59      1.49      0.89  0.        4151.552       -949.943       3359.216    0.000  -0.138   0.380   0.
  2017 352  6 35 33 493 352.274693215      -0.67      0.96      0.38  0.        4151.631       -948.238       3361.735    0.000  -0.138   0.380   0.
  2017 352  6 35 34 493 352.274704789      -0.58      1.02      0.42  0.        4151.710       -946.532       3364.253    0.000  -0.138   0.380   0.
  2017 352  6 35 35 493 352.274716363      -0.55      1.28      0.37  0.        4151.787       -944.827       3366.770    0.000  -0.138   0.380   0.
  2017 352  6 35 36 493 352.274727937      -0.49      1.17      0.48  0.        4151.863       -943.121       3369.286    0.000  -0.138   0.380   0.
  2017 352  6 35 37 493 352.274739511      -0.97      1.01      0.46  0.        4151.938       -941.414       3371.801    0.000  -0.138   0.380   0.
  2017 352  6 35 38 493 352.274751085      -0.22      1.34      0.68  0.        4152.011       -939.708       3374.315    0.000  -0.138   0.380   0.
  2017 352  6 35 39 493 352.274762659      -0.41      1.57      0.19  0.        4152.084       -938.001       3376.828    0.000  -0.138   0.380   0.
  2017 352  6 35 40 493 352.274774233      -0.83      1.02      0.39  0.        4152.156       -936.294       3379.340    0.000  -0.138   0.380   0.
  2017 352  6 35 41 493 352.274785807      -0.55      1.20      0.66  0.        4152.226       -934.586       3381.852    0.000  -0.138   0.380   0.
  2017 352  6 35 42 493 352.274797381      -0.88      1.05      0.56  0.        4152.296       -932.879       3384.363    0.000  -0.138   0.380   0.
  2017 352  6 35 43 493 352.274808955      -0.75      1.50      0.26  0.        4152.364       -931.171       3386.872    0.000  -0.138   0.380   0.
  2017 352  6 35 44 493 352.274820529      -0.29      1.33      0.59  0.        4152.431       -929.463       3389.381    0.000  -0.138   0.380   0.
  2017 352  6 35 45 493 352.274832104       0.26      1.42      0.85  0.        4152.497       -927.754       3391.889    0.000  -0.138   0.380   0.
  2017 352  6 35 46 493 352.274843675      -0.27      0.87      0.93  0.        4152.562       -926.046       3394.396    0.000  -0.138   0.380   0.
  2017 352  6 35 47 493 352.274855249      -0.75      0.76      1.48  0.        4152.626       -924.337       3396.902    0.000  -0.138   0.380   0.
  2017 352  6 35 48 493 352.274866823      -0.66      0.66      0.81  0.        4152.689       -922.628       3399.407    0.000  -0.138   0.380   0.
  2017 352  6 35 49 493 352.274878397      -0.41      1.12      0.55  0.        4152.751       -920.918       3401.911    0.000  -0.138   0.380   0.
  2017 352  6 35 50 493 352.274889971      -1.14      0.64      0.38  0.        4152.811       -919.209       3404.415    0.000  -0.138   0.380   0.
  2017 352  6 35 51 493 352.274901545       0.27      1.40      0.71  0.        4152.871       -917.499       3406.917    0.000  -0.138   0.380   0.
  2017 352  6 35 52 493 352.274913119      -1.93      0.59      0.11  0.        4152.929       -915.789       3409.419    0.000  -0.138   0.380   0.
  2017 352  6 35 53 493 352.274924693      -0.76      1.19      0.49  0.        4152.986       -914.079       3411.919    0.000  -0.138   0.380   0.
  2017 352  6 35 54 493 352.274936267       0.38      1.21      1.18  0.        4153.042       -912.368       3414.419    0.000  -0.138   0.380   0.
  2017 352  6 35 55 493 352.274947841      -0.11      1.17      0.68  0.        4153.098       -910.657       3416.918    0.000  -0.138   0.380   0.
  2017 352  6 35 56 493 352.274959416      -0.91      1.16      0.64  0.        4153.152       -908.946       3419.416    0.000  -0.138   0.380   0.
  2017 352  6 35 57 493 352.274970990      -1.50      1.36      0.30  0.        4153.205       -907.235       3421.913    0.000  -0.138   0.380   0.
  2017 352  6 35 58 493 352.274982564      -1.03      1.06      0.78  0.        4153.256       -905.524       3424.409    0.000  -0.138   0.380   0.
  2017 352  6 35 59 493 352.274994138       0.23      1.16      1.20  0.        4153.307       -903.812       3426.905    0.000  -0.138   0.380   0.
  2017 352  6 36  0 493 352.275005712      -0.64      1.22      0.65  0.        4153.357       -902.100       3429.399    0.000  -0.138   0.380   0.
  2017 352  6 36  1 493 352.275017286      -2.24      1.05     -0.27  0.        4153.405       -900.388       3431.892    0.000  -0.138   0.380   0.
  2017 352  6 36  2 493 352.275028860       0.05      2.15      0.88  0.        4153.453       -898.675       3434.385    0.000  -0.138   0.380   0.
  2017 352  6 36  3 493 352.275040434      -1.12      1.43      0.50  0.        4153.499       -896.963       3436.876    0.000  -0.138   0.380   0.
  2017 352  6 36  4 493 352.275052008      -2.41      1.40      1.21  0.        4153.544       -895.250       3439.367    0.000  -0.138   0.380   0.
  2017 352  6 36  5 493 352.275063582      -1.42      0.34     -0.05  0.        4153.589       -893.537       3441.857    0.000  -0.138   0.380   0.
  2017 352  6 36  6 493 352.275075156      -0.28      1.47      0.56  0.        4153.632       -891.823       3444.346    0.000  -0.138   0.380   0.
  2017 352  6 36  7 493 352.275086730       0.66      1.63      0.71  0.        4153.674       -890.110       3446.834    0.000  -0.138   0.380   0.
  2017 352  6 36  8 493 352.275098304      -0.80      0.33      0.64  0.        4153.715       -888.396       3449.321    0.000  -0.138   0.380   0.
  2017 352  6 36  9 493 352.275109878      -0.80      1.88      0.35  0.        4153.755       -886.682       3451.807    0.000  -0.138   0.380   0.
  2017 352  6 36 10 493 352.275121453      -4.92      0.80      0.06  0.        4153.793       -884.967       3454.293    0.000  -0.138   0.380   0.
  2017 352  6 36 11 493 352.275133027      -1.70      2.16      2.20  0.        4153.831       -883.253       3456.777    0.000  -0.138   0.380   0.
  2017 352  6 36 12 493 352.275144601      -0.58      2.28      2.45  0.        4153.868       -881.538       3459.261    0.000  -0.138   0.380   0.
  2017 352  6 36 13 493 352.275156175      -0.93      0.92      1.06  0.        4153.903       -879.823       3461.743    0.000  -0.138   0.380   0.
  2017 352  6 36 14 493 352.275167749      -0.90      1.34      0.56  0.        4153.938       -878.108       3464.225    0.000  -0.138   0.380   0.
  2017 352  6 36 15 493 352.275179323      -0.40      1.35      0.85  0.        4153.971       -876.392       3466.706    0.000  -0.138   0.380   0.
  2017 352  6 36 16 493 352.275190894      -1.51      1.10      0.75  0.        4154.004       -874.677       3469.186    0.000  -0.138   0.380   0.
  2017 352  6 36 17 493 352.275202468      -1.41      0.87      0.68  0.        4154.035       -872.961       3471.665    0.000  -0.138   0.380   0.
  2017 352  6 36 18 493 352.275214042      -0.18      1.27      1.26  0.        4154.065       -871.245       3474.143    0.000  -0.138   0.380   0.
  2017 352  6 36 19 493 352.275225616      -0.62      1.06      0.90  0.        4154.094       -869.528       3476.620    0.000  -0.138   0.380   0.
  2017 352  6 36 20 493 352.275237190      -0.39      1.37      0.47  0.        4154.122       -867.812       3479.097    0.000  -0.138   0.380   0.
  2017 352  6 36 21 493 352.275248764      -1.28      1.04      0.71  0.        4154.149       -866.095       3481.572    0.000  -0.138   0.380   0.
  2017 352  6 36 22 493 352.275260339      -1.70      0.95      1.34  0.        4154.175       -864.378       3484.047    0.000  -0.138   0.380   0.
  2017 352  6 36 23 493 352.275271913      -1.74      1.22      0.96  0.        4154.200       -862.661       3486.520    0.000  -0.138   0.380   0.
  2017 352  6 36 24 493 352.275283487      -1.65      1.25      0.64  0.        4154.223       -860.943       3488.993    0.000  -0.138   0.380   0.
  2017 352  6 36 25 493 352.275295061      -0.89      1.20      1.09  0.        4154.246       -859.226       3491.465    0.000  -0.138   0.380   0.
  2017 352  6 36 26 493 352.275306635      -0.71      1.18      0.97  0.        4154.268       -857.508       3493.936    0.000  -0.138   0.380   0.
  2017 352  6 36 27 493 352.275318209      -0.98      1.18      0.59  0.        4154.288       -855.789       3496.406    0.000  -0.138   0.380   0.
  2017 352  6 36 28 493 352.275329783      -1.26      1.41      0.64  0.        4154.307       -854.071       3498.875    0.000  -0.138   0.380   0.
  2017 352  6 36 29 493 352.275341357      -1.73      0.97      0.82  0.        4154.326       -852.353       3501.343    0.000  -0.138   0.380   0.
  2017 352  6 36 30 493 352.275352931      -0.83      1.13      0.94  0.        4154.343       -850.634       3503.810    0.000  -0.138   0.380   0.
  2017 352  6 36 31 493 352.275364505       0.25      1.42      1.14  0.        4154.359       -848.915       3506.277    0.000  -0.138   0.380   0.
  2017 352  6 36 32 493 352.275376079      -0.60      0.96      0.93  0.        4154.375       -847.195       3508.742    0.000  -0.138   0.380   0.
  2017 352  6 36 33 493 352.275387653      -1.50      0.81      0.66  0.        4154.389       -845.476       3511.206    0.000  -0.138   0.380   0.
  2017 352  6 36 34 493 352.275399227      -1.50      1.17      0.76  0.        4154.402       -843.756       3513.671    0.000  -0.138   0.380   0.
  2017 352  6 36 35 493 352.275410802      -0.53      1.53      1.23  0.        4154.414       -842.037       3516.133    0.000  -0.138   0.380   0.
  2017 352  6 36 36 493 352.275422376       0.39      1.56      1.67  0.        4154.425       -840.316       3518.595    0.000  -0.138   0.380   0.
  2017 352  6 36 37 493 352.275433950      -1.72      0.79      0.91  0.        4154.435       -838.596       3521.056    0.000  -0.138   0.380   0.
  2017 352  6 36 38 493 352.275445524      -2.14      0.99      0.81  0.        4154.443       -836.876       3523.516    0.000  -0.138   0.380   0.
  2017 352  6 36 39 493 352.275457098      -0.47      1.24      1.05  0.        4154.451       -835.155       3525.976    0.000  -0.138   0.380   0.
  2017 352  6 36 40 493 352.275468672       0.38      1.19      1.14  0.        4154.458       -833.434       3528.434    0.000  -0.138   0.380   0.
  2017 352  6 36 41 493 352.275480246      -1.04      0.91      0.61  0.        4154.463       -831.713       3530.891    0.000  -0.138   0.380   0.
  2017 352  6 36 42 493 352.275491820      -0.90      0.98      0.92  0.        4154.468       -829.991       3533.348    0.000  -0.138   0.380   0.
  2017 352  6 36 43 493 352.275503394      -1.12      0.79      1.00  0.        4154.471       -828.270       3535.804    0.000  -0.138   0.380   0.
  2017 352  6 36 44 492 352.275514966      -0.80      0.88      0.75  0.        4154.474       -826.548       3538.258    0.000  -0.138   0.380   0.
  2017 352  6 36 45 493 352.275526539      -0.62      1.04      0.68  0.        4154.475       -824.826       3540.712    0.000  -0.138   0.380   0.
  2017 352  6 36 46 493 352.275538113      -0.81      0.79      0.68  0.        4154.476       -823.104       3543.165    0.000  -0.138   0.380   0.
  2017 352  6 36 47 493 352.275549687      -1.07      0.83      0.50  0.        4154.475       -821.381       3545.617    0.000  -0.138   0.380   0.
  2017 352  6 36 48 492 352.275561262      -1.16      0.94      0.52  0.        4154.473       -819.659       3548.068    0.000  -0.138   0.380   0.
  2017 352  6 36 49 492 352.275572836      -1.08      1.06      0.79  0.        4154.470       -817.936       3550.518    0.000  -0.138   0.380   0.
  2017 352  6 36 50 493 352.275584410      -1.63      0.71      0.62  0.        4154.466       -816.213       3552.968    0.000  -0.138   0.380   0.
  2017 352  6 36 51 493 352.275595984      -0.97      0.38      1.10  0.        4154.462       -814.489       3555.416    0.000  -0.138   0.380   0.
  2017 352  6 36 52 493 352.275607558       0.27      0.96      1.42  0.        4154.456       -812.766       3557.863    0.000  -0.138   0.380   0.
  2017 352  6 36 53 493 352.275619132      -0.68      0.46      0.79  0.        4154.449       -811.042       3560.310    0.000  -0.138   0.380   0.
  2017 352  6 36 54 492 352.275630706      -1.05      0.73      0.60  0.        4154.440       -809.318       3562.756    0.000  -0.138   0.380   0.
  2017 352  6 36 55 492 352.275642280      -0.56      0.96      0.53  0.        4154.431       -807.594       3565.201    0.000  -0.138   0.380   0.
  2017 352  6 36 56 492 352.275653854      -0.76      0.89      0.53  0.        4154.421       -805.870       3567.644    0.000  -0.138   0.380   0.
  2017 352  6 36 57 492 352.275665428      -1.16      0.79      0.49  0.        4154.410       -804.146       3570.087    0.000  -0.138   0.380   0.
  2017 352  6 36 58 492 352.275677002      -1.51      0.79      0.24  0.        4154.398       -802.421       3572.530    0.000  -0.138   0.380   0.
  2017 352  6 36 59 493 352.275688576      -0.55      1.52      1.00  0.        4154.384       -800.696       3574.971    0.000  -0.138   0.380   0.
  2017 352  6 37  0 493 352.275700150      -0.46      1.09      0.69  0.        4154.370       -798.971       3577.411    0.000  -0.138   0.380   0.
  2017 352  6 37  1 492 352.275711725      -1.08      1.21      0.13  0.        4154.355       -797.246       3579.850    0.000  -0.138   0.380   0.
  2017 352  6 37  2 492 352.275723299      -0.41      1.34      1.40  0.        4154.338       -795.520       3582.289    0.000  -0.138   0.380   0.
  2017 352  6 37  3 493 352.275734873      -0.49      0.78      0.87  0.        4154.321       -793.794       3584.726    0.000  -0.138   0.380   0.
  2017 352  6 37  4 493 352.275746447      -1.48      0.49      0.75  0.        4154.302       -792.068       3587.163    0.000  -0.138   0.380   0.
  2017 352  6 37  5 493 352.275758021      -0.24      0.67      1.07  0.        4154.283       -790.342       3589.599    0.000  -0.138   0.380   0.
  2017 352  6 37  6 493 352.275769595      -0.37      0.64      0.85  0.        4154.262       -788.616       3592.034    0.000  -0.138   0.380   0.
  2017 352  6 37  7 493 352.275781169      -0.09      0.45      0.35  0.        4154.241       -786.890       3594.468    0.000  -0.138   0.380   0.
  2017 352  6 37  8 492 352.275792743      -1.32      0.56      0.45  0.        4154.218       -785.163       3596.901    0.000  -0.138   0.380   0.
  2017 352  6 37  9 492 352.275804317      -1.19      0.57      0.85  0.        4154.194       -783.436       3599.333    0.000  -0.138   0.380   0.
  2017 352  6 37 10 492 352.275815891       0.61      0.65      0.82  0.        4154.169       -781.709       3601.764    0.000  -0.138   0.380   0.
  2017 352  6 37 11 492 352.275827465      -0.24      0.11      0.64  0.        4154.144       -779.982       3604.195    0.000  -0.138   0.380   0.
  2017 352  6 37 12 493 352.275839039      -2.07      0.13      0.48  0.        4154.117       -778.254       3606.624    0.000  -0.138   0.380   0.
  2017 352  6 37 13 493 352.275850613      -0.99      1.04      0.39  0.        4154.089       -776.527       3609.053    0.000  -0.138   0.380   0.
  2017 352  6 37 14 493 352.275862185      -0.07      1.25      0.86  0.        4154.060       -774.799       3611.481    0.000  -0.138   0.380   0.
  2017 352  6 37 15 492 352.275873759      -0.46      0.99      0.74  0.        4154.030       -773.071       3613.907    0.000  -0.138   0.380   0.
  2017 352  6 37 16 492 352.275885333      -1.66      0.51      0.22  0.        4153.999       -771.342       3616.333    0.000  -0.138   0.380   0.
  2017 352  6 37 17 492 352.275896907      -0.04      0.22      1.04  0.        4153.967       -769.614       3618.758    0.000  -0.138   0.380   0.
  2017 352  6 37 18 492 352.275908481       1.12      1.23      1.25  0.        4153.934       -767.885       3621.182    0.000  -0.138   0.380   0.
  2017 352  6 37 19 492 352.275920055      -1.24      0.24      0.40  0.        4153.900       -766.157       3623.606    0.000  -0.138   0.380   0.
  2017 352  6 37 20 492 352.275931629      -1.23      0.34      0.68  0.        4153.865       -764.428       3626.028    0.000  -0.138   0.380   0.
  2017 352  6 37 21 492 352.275943203      -0.91      0.67      0.57  0.        4153.829       -762.698       3628.449    0.000  -0.138   0.380   0.
  2017 352  6 37 22 492 352.275954777      -0.43      0.86      0.72  0.        4153.792       -760.969       3630.870    0.000  -0.138   0.380   0.
  2017 352  6 37 23 492 352.275966351      -0.68      0.38      0.64  0.        4153.754       -759.239       3633.289    0.000  -0.138   0.380   0.
  2017 352  6 37 24 492 352.275977925      -0.21      0.87      0.82  0.        4153.715       -757.510       3635.708    0.000  -0.138   0.380   0.
  2017 352  6 37 25 492 352.275989499      -1.51      0.36      0.48  0.        4153.674       -755.780       3638.126    0.000  -0.138   0.380   0.
  2017 352  6 37 26 492 352.276001073      -1.30      0.69      0.59  0.        4153.633       -754.050       3640.543    0.000  -0.138   0.380   0.
  2017 352  6 37 27 492 352.276012648      -0.72      0.95      0.47  0.        4153.591       -752.319       3642.959    0.000  -0.138   0.380   0.
  2017 352  6 37 28 492 352.276024222      -0.66      0.98      0.36  0.        4153.548       -750.589       3645.374    0.000  -0.138   0.380   0.
  2017 352  6 37 29 492 352.276035796      -1.06      0.36      0.55  0.        4153.503       -748.858       3647.788    0.000  -0.138   0.380   0.
  2017 352  6 37 30 492 352.276047370      -0.93      0.46      0.74  0.        4153.458       -747.127       3650.201    0.000  -0.138   0.380   0.
  2017 352  6 37 31 492 352.276058944      -0.76      0.76      0.65  0.        4153.412       -745.396       3652.614    0.000  -0.138   0.380   0.
  2017 352  6 37 32 492 352.276070518      -1.06      0.94      0.44  0.        4153.364       -743.665       3655.025    0.000  -0.138   0.380   0.
  2017 352  6 37 33 492 352.276082092      -1.35      0.41      0.25  0.        4153.316       -741.934       3657.436    0.000  -0.138   0.380   0.
  2017 352  6 37 34 492 352.276093666      -0.88      0.70      0.48  0.        4153.266       -740.202       3659.846    0.000  -0.138   0.380   0.
  2017 352  6 37 35 492 352.276105240      -0.10      1.12      0.69  0.        4153.216       -738.470       3662.254    0.000  -0.138   0.380   0.
  2017 352  6 37 36 492 352.276116814      -0.77      0.90      0.47  0.        4153.165       -736.738       3664.662    0.000  -0.138   0.380   0.
  2017 352  6 37 37 492 352.276128388      -1.19      0.54      0.56  0.        4153.112       -735.006       3667.069    0.000  -0.138   0.380   0.
  2017 352  6 37 38 492 352.276139962      -1.92      0.15      0.92  0.        4153.059       -733.274       3669.475    0.000  -0.138   0.380   0.
  2017 352  6 37 39 492 352.276151536      -2.44      0.14      0.46  0.        4153.004       -731.541       3671.881    0.000  -0.138   0.380   0.
  2017 352  6 37 40 492 352.276163111      -1.00      0.76      0.51  0.        4152.949       -729.809       3674.285    0.000  -0.138   0.380   0.
  2017 352  6 37 41 492 352.276174685      -0.24      1.14      0.84  0.        4152.892       -728.076       3676.688    0.000  -0.138   0.380   0.
  2017 352  6 37 42 492 352.276186259      -1.44      0.42      0.29  0.        4152.835       -726.343       3679.091    0.000  -0.138   0.380   0.
  2017 352  6 37 43 492 352.276197833      -0.81      0.80      0.49  0.        4152.776       -724.609       3681.492    0.000  -0.138   0.380   0.
  2017 352  6 37 44 492 352.276209404       0.13      1.42      0.74  0.        4152.717       -722.876       3683.894    0.000  -0.138   0.380   0.
  2017 352  6 37 45 492 352.276220978      -0.64      0.74      0.52  0.        4152.656       -721.142       3686.293    0.000  -0.138   0.380   0.
  2017 352  6 37 46 492 352.276232552      -1.66      0.12      0.58  0.        4152.594       -719.409       3688.692    0.000  -0.138   0.380   0.
  2017 352  6 37 47 492 352.276244126      -1.32      0.52      1.01  0.        4152.532       -717.675       3691.090    0.000  -0.138   0.380   0.
  2017 352  6 37 48 492 352.276255700      -1.79      0.43      0.28  0.        4152.468       -715.941       3693.487    0.000  -0.138   0.380   0.
  2017 352  6 37 49 492 352.276267274      -1.55      1.04      0.65  0.        4152.404       -714.206       3695.883    0.000  -0.138   0.380   0.
  2017 352  6 37 50 492 352.276278848      -0.78      0.53      1.03  0.        4152.338       -712.472       3698.279    0.000  -0.138   0.380   0.
  2017 352  6 37 51 492 352.276290422      -0.31      1.48      0.78  0.        4152.271       -710.737       3700.673    0.000  -0.138   0.380   0.
  2017 352  6 37 52 492 352.276301996      -2.32      0.00      0.26  0.        4152.204       -709.003       3703.067    0.000  -0.138   0.380   0.
  2017 352  6 37 53 492 352.276313571      -0.30      0.31      0.95  0.        4152.135       -707.268       3705.459    0.000  -0.138   0.380   0.
  2017 352  6 37 54 492 352.276325145      -0.60      1.10      0.60  0.        4152.065       -705.533       3707.851    0.000  -0.138   0.380   0.
  2017 352  6 37 55 492 352.276336719      -0.90      0.69      0.91  0.        4151.995       -703.797       3710.242    0.000  -0.138   0.380   0.
  2017 352  6 37 56 492 352.276348293      -1.26      0.29      0.56  0.        4151.923       -702.062       3712.632    0.000  -0.138   0.380   0.
  2017 352  6 37 57 492 352.276359867      -0.52      1.14      0.85  0.        4151.851       -700.326       3715.021    0.000  -0.138   0.380   0.
  2017 352  6 37 58 492 352.276371441      -1.79      0.22      0.48  0.        4151.777       -698.590       3717.409    0.000  -0.138   0.380   0.
  2017 352  6 37 59 492 352.276383015      -1.23      0.51      0.71  0.        4151.702       -696.854       3719.796    0.000  -0.138   0.380   0.
  2017 352  6 38  0 492 352.276394589      -0.10      1.21      1.40  0.        4151.627       -695.118       3722.182    0.000  -0.138   0.380   0.
  2017 352  6 38  1 492 352.276406163      -1.47      0.67      0.42  0.        4151.550       -693.382       3724.568    0.000  -0.138   0.380   0.
  2017 352  6 38  2 492 352.276417737      -1.80      0.23      0.56  0.        4151.472       -691.645       3726.952    0.000  -0.138   0.380   0.
  2017 352  6 38  3 492 352.276429311      -1.05      0.22      1.35  0.        4151.394       -689.909       3729.336    0.000  -0.138   0.380   0.
  2017 352  6 38  4 492 352.276440885      -0.25      1.36      0.76  0.        4151.314       -688.172       3731.719    0.000  -0.138   0.380   0.
  2017 352  6 38  5 492 352.276452459      -1.42      0.21      0.81  0.        4151.233       -686.435       3734.101    0.000  -0.138   0.380   0.
  2017 352  6 38  6 492 352.276464034      -1.65      0.78      0.15  0.        4151.152       -684.698       3736.482    0.000  -0.138   0.380   0.
  2017 352  6 38  7 492 352.276475608      -1.33     -1.31      0.62  0.        4151.069       -682.960       3738.862    0.000  -0.138   0.380   0.
  2017 352  6 38  8 492 352.276487182       1.47      1.15      2.90  0.        4150.986       -681.223       3741.241    0.000  -0.138   0.380   0.
  2017 352  6 38  9 492 352.276498756      -1.86      0.17      0.12  0.        4150.901       -679.485       3743.619    0.000  -0.138   0.380   0.
  2017 352  6 38 10 492 352.276510330      -2.10     -1.09      0.28  0.        4150.815       -677.748       3745.996    0.000  -0.138   0.380   0.
  2017 352  6 38 11 492 352.276521904       0.61      0.88      1.58  0.        4150.729       -676.010       3748.373    0.000  -0.138   0.380   0.
  2017 352  6 38 12 492 352.276533475      -1.53      0.55      0.29  0.        4150.641       -674.272       3750.749    0.000  -0.138   0.380   0.
  2017 352  6 38 13 492 352.276545049      -1.16      0.71      1.06  0.        4150.553       -672.533       3753.123    0.000  -0.138   0.380   0.
  2017 352  6 38 14 492 352.276556623      -1.64      0.16     -0.04  0.        4150.463       -670.795       3755.497    0.000  -0.138   0.380   0.
  2017 352  6 38 15 492 352.276568197      -0.16      1.26      1.46  0.        4150.373       -669.056       3757.870    0.000  -0.138   0.380   0.
  2017 352  6 38 16 492 352.276579771      -2.68     -0.38      0.56  0.        4150.281       -667.317       3760.242    0.000  -0.138   0.380   0.
  2017 352  6 38 17 492 352.276591346      -3.06      0.33      1.06  0.        4150.188       -665.578       3762.613    0.000  -0.138   0.380   0.
  2017 352  6 38 18 492 352.276602920      -0.23      1.34      1.61  0.        4150.095       -663.839       3764.983    0.000  -0.138   0.380   0.
  2017 352  6 38 19 492 352.276614494      -0.85      0.13      0.86  0.        4150.000       -662.100       3767.352    0.000  -0.138   0.380   0.
  2017 352  6 38 20 492 352.276626068      -0.47      1.19      1.20  0.        4149.905       -660.361       3769.721    0.000  -0.138   0.380   0.
  2017 352  6 38 21 492 352.276637642      -1.55      0.68      0.43  0.        4149.808       -658.621       3772.088    0.000  -0.138   0.380   0.
  2017 352  6 38 22 492 352.276649216      -1.18      0.08      0.59  0.        4149.711       -656.882       3774.455    0.000  -0.138   0.380   0.
  2017 352  6 38 23 492 352.276660790       0.46      1.15      1.33  0.        4149.612       -655.142       3776.821    0.000  -0.138   0.380   0.
  2017 352  6 38 24 492 352.276672364      -1.38      0.51      0.35  0.        4149.513       -653.402       3779.185    0.000  -0.138   0.380   0.
  2017 352  6 38 25 492 352.276683938      -1.81      0.96      0.58  0.        4149.413       -651.662       3781.549    0.000  -0.138   0.380   0.
  2017 352  6 38 26 492 352.276695512      -0.47      1.24      0.85  0.        4149.311       -649.921       3783.912    0.000  -0.138   0.380   0.
  2017 352  6 38 27 492 352.276707086      -1.54      0.50      0.44  0.        4149.209       -648.181       3786.274    0.000  -0.138   0.380   0.
  2017 352  6 38 28 492 352.276718660      -1.03      0.80      0.82  0.        4149.105       -646.440       3788.636    0.000  -0.138   0.380   0.
  2017 352  6 38 29 492 352.276730234      -1.08      0.86      0.60  0.        4149.001       -644.699       3790.996    0.000  -0.138   0.380   0.
  2017 352  6 38 30 492 352.276741808      -1.91      0.55      0.29  0.        4148.896       -642.958       3793.355    0.000  -0.138   0.380   0.
  2017 352  6 38 31 492 352.276753383      -1.21      0.10      1.28  0.        4148.790       -641.217       3795.714    0.000  -0.138   0.380   0.
  2017 352  6 38 32 492 352.276764957      -1.15      0.84      0.68  0.        4148.682       -639.476       3798.072    0.000  -0.138   0.380   0.
  2017 352  6 38 33 492 352.276776531      -1.48      0.61      0.82  0.        4148.574       -637.735       3800.428    0.000  -0.138   0.380   0.
  2017 352  6 38 34 492 352.276788105      -1.36      0.76      0.73  0.        4148.465       -635.993       3802.784    0.000  -0.138   0.380   0.
  2017 352  6 38 35 492 352.276799679      -2.03      1.05      0.33  0.        4148.355       -634.251       3805.139    0.000  -0.138   0.380   0.
  2017 352  6 38 36 492 352.276811253      -0.78     -0.00      1.65  0.        4148.243       -632.510       3807.493    0.000  -0.138   0.380   0.
  2017 352  6 38 37 492 352.276822827      -2.25      1.34      0.12  0.        4148.131       -630.768       3809.846    0.000  -0.138   0.380   0.
  2017 352  6 38 38 492 352.276834401      -0.34     -0.73      1.44  0.        4148.018       -629.025       3812.199    0.000  -0.138   0.380   0.
  2017 352  6 38 39 492 352.276845975      -0.96      1.49      0.94  0.        4147.904       -627.283       3814.550    0.000  -0.138   0.380   0.
  2017 352  6 38 40 492 352.276857549      -2.77     -1.00     -0.52  0.        4147.789       -625.541       3816.901    0.000  -0.138   0.380   0.
  2017 352  6 38 41 492 352.276869123       0.26     -0.64      2.20  0.        4147.673       -623.798       3819.250    0.000  -0.138   0.380   0.
  2017 352  6 38 42 492 352.276880695      -1.50      1.30      0.63  0.        4147.556       -622.055       3821.599    0.000  -0.138   0.380   0.
  2017 352  6 38 43 491 352.276892269      -1.69     -0.58      0.42  0.        4147.438       -620.313       3823.947    0.000  -0.138   0.380   0.
  2017 352  6 38 44 491 352.276903843       0.22      0.69      2.35  0.        4147.319       -618.569       3826.293    0.000  -0.138   0.380   0.
  2017 352  6 38 45 492 352.276915417      -1.51      1.03      0.19  0.        4147.199       -616.826       3828.639    0.000  -0.138   0.380   0.
  2017 352  6 38 46 492 352.276926991      -1.17     -0.63      0.34  0.        4147.078       -615.083       3830.985    0.000  -0.138   0.380   0.
  2017 352  6 38 47 492 352.276938565       0.41      1.28      1.53  0.        4146.956       -613.340       3833.329    0.000  -0.138   0.380   0.
  2017 352  6 38 48 492 352.276950139      -1.22      0.47      0.33  0.        4146.833       -611.596       3835.672    0.000  -0.138   0.380   0.
  2017 352  6 38 49 492 352.276961713      -1.08      1.43      0.63  0.        4146.710       -609.852       3838.015    0.000  -0.138   0.380   0.
  2017 352  6 38 50 491 352.276973287      -2.33      0.35      0.34  0.        4146.585       -608.108       3840.356    0.000  -0.138   0.380   0.
  2017 352  6 38 51 491 352.276984861      -0.33      0.90      1.76  0.        4146.459       -606.365       3842.697    0.000  -0.138   0.380   0.
  2017 352  6 38 52 491 352.276996435      -0.32      1.24      1.15  0.        4146.333       -604.620       3845.036    0.000  -0.138   0.380   0.
  2017 352  6 38 53 491 352.277008009      -1.99      0.79      0.31  0.        4146.205       -602.876       3847.375    0.000  -0.138   0.380   0.
  2017 352  6 38 54 491 352.277019583      -3.12      0.67      0.75  0.        4146.076       -601.131       3849.713    0.000  -0.138   0.380   0.
  2017 352  6 38 55 492 352.277031157      -0.85     -0.25      1.72  0.        4145.947       -599.387       3852.050    0.000  -0.138   0.380   0.
  2017 352  6 38 56 492 352.277042732      -0.54      0.95      0.88  0.        4145.816       -597.642       3854.387    0.000  -0.138   0.380   0.
  2017 352  6 38 57 491 352.277054306      -1.72      0.64      0.85  0.        4145.685       -595.897       3856.722    0.000  -0.138   0.380   0.
  2017 352  6 38 58 491 352.277065880      -0.69      0.96      0.87  0.        4145.552       -594.152       3859.056    0.000  -0.138   0.380   0.
  2017 352  6 38 59 492 352.277077454      -0.98      0.87      0.67  0.        4145.419       -592.407       3861.390    0.000  -0.138   0.380   0.
  2017 352  6 39  0 492 352.277089028      -0.65      0.90      0.88  0.        4145.285       -590.662       3863.722    0.000  -0.138   0.380   0.
  2017 352  6 39  1 492 352.277100602      -1.15      0.62      0.68  0.        4145.149       -588.916       3866.054    0.000  -0.138   0.380   0.
  2017 352  6 39  2 492 352.277112176      -1.84      0.66      0.35  0.        4145.013       -587.171       3868.385    0.000  -0.138   0.380   0.
  2017 352  6 39  3 491 352.277123750      -0.49      1.01      1.31  0.        4144.876       -585.425       3870.714    0.000  -0.138   0.380   0.
  2017 352  6 39  4 491 352.277135324      -1.36      0.20      0.37  0.        4144.738       -583.679       3873.043    0.000  -0.138   0.380   0.
  2017 352  6 39  5 491 352.277146898      -0.87      1.33      0.84  0.        4144.598       -581.933       3875.372    0.000  -0.138   0.380   0.
  2017 352  6 39  6 491 352.277158472      -1.08      0.29      1.12  0.        4144.458       -580.187       3877.699    0.000  -0.138   0.380   0.
  2017 352  6 39  7 491 352.277170046      -1.75      0.95      0.81  0.        4144.317       -578.441       3880.025    0.000  -0.138   0.380   0.
  2017 352  6 39  8 492 352.277181620      -1.85      1.27      0.68  0.        4144.175       -576.695       3882.351    0.000  -0.138   0.380   0.
  2017 352  6 39  9 492 352.277193194      -1.90     -1.09      2.03  0.        4144.032       -574.948       3884.675    0.000  -0.138   0.380   0.
  2017 352  6 39 10 491 352.277204769      -0.52      0.89      2.18  0.        4143.888       -573.202       3886.999    0.000  -0.138   0.380   0.
  2017 352  6 39 11 491 352.277216343      -1.32      0.38      0.75  0.        4143.744       -571.455       3889.321    0.000  -0.138   0.380   0.
  2017 352  6 39 12 492 352.277227914      -1.00      1.30      0.82  0.        4143.598       -569.708       3891.643    0.000  -0.138   0.380   0.
  2017 352  6 39 13 491 352.277239488      -1.04      0.11      0.62  0.        4143.451       -567.961       3893.964    0.000  -0.138   0.380   0.
  2017 352  6 39 14 491 352.277251062      -0.12      1.23      1.52  0.        4143.303       -566.214       3896.284    0.000  -0.138   0.380   0.
  2017 352  6 39 15 491 352.277262636      -1.18      0.70      0.29  0.        4143.155       -564.467       3898.604    0.000  -0.138   0.380   0.
  2017 352  6 39 16 491 352.277274210      -0.69      1.20      0.81  0.        4143.005       -562.719       3900.922    0.000  -0.138   0.380   0.
  2017 352  6 39 17 491 352.277285784      -1.72      0.51      0.31  0.        4142.854       -560.972       3903.239    0.000  -0.138   0.380   0.
  2017 352  6 39 18 491 352.277297358      -0.37      1.17      1.15  0.        4142.703       -559.224       3905.556    0.000  -0.138   0.380   0.
  2017 352  6 39 19 491 352.277308932      -1.67      0.32      0.38  0.        4142.551       -557.476       3907.871    0.000  -0.138   0.380   0.
  2017 352  6 39 20 491 352.277320506      -1.42      1.08      0.62  0.        4142.397       -555.729       3910.186    0.000  -0.138   0.380   0.
  2017 352  6 39 21 491 352.277332080      -0.87      0.27      1.38  0.        4142.243       -553.980       3912.500    0.000  -0.138   0.380   0.
  2017 352  6 39 22 491 352.277343655      -0.96      1.13      0.95  0.        4142.088       -552.232       3914.813    0.000  -0.138   0.380   0.
  2017 352  6 39 23 491 352.277355229      -1.70      0.81      0.26  0.        4141.931       -550.484       3917.125    0.000  -0.138   0.380   0.
  2017 352  6 39 24 491 352.277366803      -1.22      0.78      1.03  0.        4141.774       -548.736       3919.436    0.000  -0.138   0.380   0.
  2017 352  6 39 25 491 352.277378377      -0.77      0.76      1.04  0.        4141.616       -546.987       3921.746    0.000  -0.138   0.380   0.
  2017 352  6 39 26 491 352.277389951      -0.86      0.69      0.79  0.        4141.457       -545.238       3924.056    0.000  -0.138   0.380   0.
  2017 352  6 39 27 491 352.277401525      -0.77      0.79      0.65  0.        4141.297       -543.490       3926.364    0.000  -0.138   0.380   0.
  2017 352  6 39 28 491 352.277413099      -0.95      0.85      0.51  0.        4141.136       -541.741       3928.672    0.000  -0.138   0.380   0.
  2017 352  6 39 29 491 352.277424673      -1.22      0.71      0.47  0.        4140.974       -539.992       3930.978    0.000  -0.138   0.380   0.
  2017 352  6 39 30 491 352.277436247      -0.63      0.95      0.66  0.        4140.812       -538.243       3933.284    0.000  -0.138   0.380   0.
  2017 352  6 39 31 491 352.277447821      -1.57      0.53      0.35  0.        4140.648       -536.493       3935.589    0.000  -0.138   0.380   0.
  2017 352  6 39 32 491 352.277459395      -0.75      0.98      0.76  0.        4140.483       -534.744       3937.893    0.000  -0.138   0.380   0.
  2017 352  6 39 33 491 352.277470969      -1.00      0.63      0.52  0.        4140.318       -532.994       3940.196    0.000  -0.138   0.380   0.
  2017 352  6 39 34 491 352.277482543      -1.57      0.76     -0.07  0.        4140.151       -531.245       3942.498    0.000  -0.138   0.380   0.
  2017 352  6 39 35 491 352.277494117      -1.09      0.59      1.19  0.        4139.984       -529.495       3944.800    0.000  -0.138   0.380   0.
  2017 352  6 39 36 491 352.277505692      -0.74      0.73      1.11  0.        4139.815       -527.745       3947.100    0.000  -0.138   0.380   0.
  2017 352  6 39 37 491 352.277517266      -1.84      0.85     -0.02  0.        4139.646       -525.995       3949.400    0.000  -0.138   0.380   0.
  2017 352  6 39 38 491 352.277528840      -1.33     -0.26      0.96  0.        4139.476       -524.245       3951.698    0.000  -0.138   0.380   0.
  2017 352  6 39 39 491 352.277540414      -0.14      1.16      1.15  0.        4139.304       -522.495       3953.996    0.000  -0.138   0.380   0.
  2017 352  6 39 40 491 352.277551988      -0.72      0.54      0.60  0.        4139.132       -520.744       3956.293    0.000  -0.138   0.380   0.
  2017 352  6 39 41 491 352.277563562      -0.90      0.94      0.63  0.        4138.959       -518.994       3958.589    0.000  -0.138   0.380   0.
  2017 352  6 39 42 491 352.277575133      -1.19      0.90      0.42  0.        4138.785       -517.243       3960.884    0.000  -0.138   0.380   0.
  2017 352  6 39 43 491 352.277586707      -0.73      1.16      0.54  0.        4138.610       -515.493       3963.178    0.000  -0.138   0.380   0.
  2017 352  6 39 44 491 352.277598281      -2.14      0.67      0.17  0.        4138.435       -513.742       3965.472    0.000  -0.138   0.380   0.
  2017 352  6 39 45 491 352.277609855      -0.57      1.51      1.33  0.        4138.258       -511.991       3967.764    0.000  -0.138   0.380   0.
  2017 352  6 39 46 491 352.277621429      -3.09      1.00      0.33  0.        4138.080       -510.240       3970.056    0.000  -0.138   0.380   0.
  2017 352  6 39 47 491 352.277633004      -2.43      1.72      1.70  0.        4137.901       -508.489       3972.346    0.000  -0.138   0.380   0.
  2017 352  6 39 48 491 352.277644578       0.15      1.42      1.90  0.        4137.722       -506.737       3974.636    0.000  -0.138   0.380   0.
  2017 352  6 39 49 491 352.277656152      -0.92      0.72      0.88  0.        4137.541       -504.986       3976.925    0.000  -0.138   0.380   0.
  2017 352  6 39 50 491 352.277667726      -0.52      1.07      1.04  0.        4137.360       -503.234       3979.213    0.000  -0.138   0.380   0.
  2017 352  6 39 51 491 352.277679300      -0.80      0.91      0.70  0.        4137.178       -501.483       3981.500    0.000  -0.138   0.380   0.
  2017 352  6 39 52 491 352.277690874      -1.75      1.32      0.26  0.        4136.994       -499.731       3983.786    0.000  -0.138   0.380   0.
  2017 352  6 39 53 491 352.277702448      -0.76      0.48      0.72  0.        4136.810       -497.979       3986.072    0.000  -0.138   0.380   0.
  2017 352  6 39 54 491 352.277714022      -0.76      0.70      0.57  0.        4136.625       -496.227       3988.356    0.000  -0.138   0.380   0.
  2017 352  6 39 55 491 352.277725596      -0.09      1.28      1.14  0.        4136.439       -494.475       3990.640    0.000  -0.138   0.380   0.
  2017 352  6 39 56 491 352.277737170      -0.24      1.07      0.58  0.        4136.252       -492.723       3992.922    0.000  -0.138   0.380   0.
  2017 352  6 39 57 491 352.277748744      -2.87      0.37     -0.61  0.        4136.064       -490.971       3995.204    0.000  -0.138   0.380   0.
  2017 352  6 39 58 491 352.277760318      -2.05     -0.56      0.56  0.        4135.876       -489.218       3997.485    0.000  -0.138   0.380   0.
  2017 352  6 39 59 491 352.277771892       1.89      0.03      2.88  0.        4135.686       -487.466       3999.765    0.000  -0.138   0.380   0.
  2017 352  6 40  0 491 352.277783466      -1.30      0.99      0.24  0.        4135.495       -485.713       4002.044    0.000  -0.138   0.380   0.
  2017 352  6 40  1 491 352.277795041      -0.93      1.37      1.41  0.        4135.304       -483.961       4004.322    0.000  -0.138   0.380   0.
  2017 352  6 40  2 491 352.277806615      -0.52      1.06      1.12  0.        4135.111       -482.208       4006.599    0.000  -0.138   0.380   0.
  2017 352  6 40  3 491 352.277818189      -1.04      0.90      0.80  0.        4134.918       -480.455       4008.876    0.000  -0.138   0.380   0.
  2017 352  6 40  4 491 352.277829763      -1.78      1.20      0.44  0.        4134.724       -478.702       4011.151    0.000  -0.138   0.380   0.
  2017 352  6 40  5 491 352.277841337      -2.19      0.65      1.05  0.        4134.529       -476.949       4013.426    0.000  -0.138   0.380   0.
  2017 352  6 40  6 491 352.277852911      -0.38      1.39      1.26  0.        4134.333       -475.196       4015.700    0.000  -0.138   0.380   0.
  2017 352  6 40  7 491 352.277864485      -0.80      1.71      0.96  0.        4134.135       -473.442       4017.972    0.000  -0.138   0.380   0.
  2017 352  6 40  8 491 352.277876059      -0.66      0.92      0.89  0.        4133.938       -471.689       4020.245    0.000  -0.138   0.380   0.
  2017 352  6 40  9 491 352.277887633      -1.25      1.34      0.87  0.        4133.739       -469.935       4022.516    0.000  -0.138   0.380   0.
  2017 352  6 40 10 491 352.277899205      -1.50      0.09      0.74  0.        4133.539       -468.181       4024.786    0.000  -0.138   0.380   0.
  2017 352  6 40 11 491 352.277910778      -0.54      1.83      0.97  0.        4133.338       -466.428       4027.055    0.000  -0.138   0.380   0.
  2017 352  6 40 12 491 352.277922352      -1.18      0.57      0.41  0.        4133.137       -464.674       4029.323    0.000  -0.138   0.380   0.
  2017 352  6 40 13 491 352.277933927      -0.97      0.76      1.04  0.        4132.934       -462.920       4031.591    0.000  -0.138   0.380   0.
  2017 352  6 40 14 491 352.277945501      -0.27      1.25      1.19  0.        4132.731       -461.166       4033.858    0.000  -0.138   0.380   0.
  2017 352  6 40 15 491 352.277957075      -0.25      1.09      0.94  0.        4132.527       -459.412       4036.123    0.000  -0.138   0.380   0.
  2017 352  6 40 16 491 352.277968649      -2.57      0.44      0.70  0.        4132.322       -457.657       4038.388    0.000  -0.138   0.380   0.
  2017 352  6 40 17 491 352.277980223      -1.42      0.31      1.33  0.        4132.115       -455.903       4040.652    0.000  -0.138   0.380   0.
  2017 352  6 40 18 491 352.277991797      -0.35      0.98      0.91  0.        4131.908       -454.148       4042.915    0.000  -0.138   0.380   0.
  2017 352  6 40 19 491 352.278003371      -0.25      1.14      0.69  0.        4131.700       -452.394       4045.178    0.000  -0.138   0.380   0.
  2017 352  6 40 20 491 352.278014945      -1.33      0.58      0.04  0.        4131.492       -450.639       4047.439    0.000  -0.138   0.380   0.
  2017 352  6 40 21 491 352.278026519      -0.89      0.95      0.52  0.        4131.282       -448.884       4049.699    0.000  -0.138   0.380   0.
  2017 352  6 40 22 491 352.278038093      -0.96      0.64      0.10  0.        4131.071       -447.130       4051.959    0.000  -0.138   0.380   0.
  2017 352  6 40 23 491 352.278049667      -0.57      0.78      0.30  0.        4130.860       -445.375       4054.218    0.000  -0.138   0.380   0.
  2017 352  6 40 24 491 352.278061241      -0.66      0.82      0.13  0.        4130.647       -443.620       4056.475    0.000  -0.138   0.380   0.
  2017 352  6 40 25 491 352.278072815      -0.72      0.67      0.07  0.        4130.434       -441.864       4058.732    0.000  -0.138   0.380   0.
  2017 352  6 40 26 491 352.278084389      -0.75      0.73      0.06  0.        4130.220       -440.109       4060.988    0.000  -0.138   0.380   0.
  2017 352  6 40 27 491 352.278095964      -0.72      0.74      0.08  0.        4130.005       -438.354       4063.243    0.000  -0.138   0.380   0.
  2017 352  6 40 28 491 352.278107538      -0.71      0.72      0.16  0.        4129.789       -436.598       4065.498    0.000  -0.138   0.380   0.
  2017 352  6 40 29 491 352.278119112      -0.16      0.99      0.40  0.        4129.572       -434.843       4067.751    0.000  -0.138   0.380   0.
  2017 352  6 40 30 491 352.278130686      -0.85      0.61      0.11  0.        4129.354       -433.087       4070.003    0.000  -0.138   0.380   0.
  2017 352  6 40 31 491 352.278142260      -0.80      0.79      0.17  0.        4129.135       -431.331       4072.255    0.000  -0.138   0.380   0.
  2017 352  6 40 32 491 352.278153834      -0.86      0.82      0.34  0.        4128.916       -429.575       4074.506    0.000  -0.138   0.380   0.
  2017 352  6 40 33 491 352.278165408      -0.69      0.87      0.35  0.        4128.695       -427.820       4076.755    0.000  -0.138   0.380   0.
  2017 352  6 40 34 491 352.278176982      -0.58      0.99      0.53  0.        4128.474       -426.064       4079.004    0.000  -0.138   0.380   0.
  2017 352  6 40 35 491 352.278188556      -1.48      0.39     -0.15  0.        4128.251       -424.307       4081.252    0.000  -0.138   0.380   0.
  2017 352  6 40 36 491 352.278200130      -0.02      1.33      0.84  0.        4128.028       -422.551       4083.500    0.000  -0.138   0.380   0.
  2017 352  6 40 37 491 352.278211704      -1.34      0.49      0.22  0.        4127.804       -420.795       4085.746    0.000  -0.138   0.380   0.
  2017 352  6 40 38 491 352.278223278      -0.75      0.77      0.75  0.        4127.579       -419.039       4087.991    0.000  -0.138   0.380   0.
  2017 352  6 40 39 491 352.278234852      -0.37      1.02      0.63  0.        4127.353       -417.282       4090.236    0.000  -0.138   0.380   0.
  2017 352  6 40 40 490 352.278246424      -0.82      0.88      0.50  0.        4127.126       -415.526       4092.479    0.000  -0.138   0.380   0.
  2017 352  6 40 41 491 352.278257998      -0.42      1.20      0.26  0.        4126.899       -413.769       4094.722    0.000  -0.138   0.380   0.
  2017 352  6 40 42 491 352.278269572      -1.29      0.42      0.28  0.        4126.670       -412.012       4096.964    0.000  -0.138   0.380   0.
  2017 352  6 40 43 491 352.278281146      -0.12      1.25      0.61  0.        4126.441       -410.255       4099.205    0.000  -0.138   0.380   0.
  2017 352  6 40 44 491 352.278292720      -1.00      0.96      0.07  0.        4126.210       -408.498       4101.445    0.000  -0.138   0.380   0.
  2017 352  6 40 45 491 352.278304294      -0.67      1.04      0.69  0.        4125.979       -406.741       4103.684    0.000  -0.138   0.380   0.
  2017 352  6 40 46 490 352.278315868      -0.62      1.12      0.47  0.        4125.747       -404.984       4105.922    0.000  -0.138   0.380   0.
  2017 352  6 40 47 490 352.278327442      -3.13      0.22      0.10  0.        4125.514       -403.227       4108.160    0.000  -0.138   0.380   0.
  2017 352  6 40 48 490 352.278339016       0.21      2.13      3.14  0.        4125.280       -401.470       4110.396    0.000  -0.138   0.380   0.
  2017 352  6 40 49 490 352.278350590      -1.57      0.30     -0.19  0.        4125.045       -399.712       4112.632    0.000  -0.138   0.380   0.
  2017 352  6 40 50 490 352.278362164      -0.85      1.11      0.88  0.        4124.810       -397.955       4114.867    0.000  -0.138   0.380   0.
  2017 352  6 40 51 491 352.278373738      -1.11      1.12      0.34  0.        4124.573       -396.197       4117.100    0.000  -0.138   0.380   0.
  2017 352  6 40 52 491 352.278385313      -3.02     -0.40      0.78  0.        4124.336       -394.440       4119.333    0.000  -0.138   0.380   0.
  2017 352  6 40 53 490 352.278396887      -1.23      1.53      2.00  0.        4124.097       -392.682       4121.566    0.000  -0.138   0.380   0.
  2017 352  6 40 54 491 352.278408461      -0.04      1.61      1.17  0.        4123.858       -390.924       4123.797    0.000  -0.138   0.380   0.
  2017 352  6 40 55 491 352.278420035      -1.67      0.61      0.23  0.        4123.618       -389.167       4126.027    0.000  -0.138   0.380   0.
  2017 352  6 40 56 491 352.278431609      -0.80      1.02      0.40  0.        4123.377       -387.409       4128.257    0.000  -0.138   0.380   0.
  2017 352  6 40 57 491 352.278443183       0.93      1.61      0.71  0.        4123.135       -385.651       4130.485    0.000  -0.138   0.380   0.
  2017 352  6 40 58 491 352.278454757      -2.32      0.28      0.79  0.        4122.893       -383.892       4132.713    0.000  -0.138   0.380   0.
  2017 352  6 40 59 490 352.278466331      -2.20      1.76      1.53  0.        4122.649       -382.134       4134.940    0.000  -0.138   0.380   0.
  2017 352  6 41  0 490 352.278477905      -1.00      0.20      0.21  0.        4122.405       -380.376       4137.166    0.000  -0.138   0.380   0.
  2017 352  6 41  1 490 352.278489479      -0.72      1.04      1.09  0.        4122.159       -378.618       4139.391    0.000  -0.138   0.380   0.
  2017 352  6 41  2 490 352.278501053      -0.85      0.73      1.01  0.        4121.913       -376.859       4141.615    0.000  -0.138   0.380   0.
  2017 352  6 41  3 490 352.278512627      -0.80      0.83      0.66  0.        4121.666       -375.101       4143.838    0.000  -0.138   0.380   0.
  2017 352  6 41  4 491 352.278524201      -1.12      0.67      0.50  0.        4121.418       -373.342       4146.061    0.000  -0.138   0.380   0.
  2017 352  6 41  5 491 352.278535775      -0.72      0.67      0.72  0.        4121.169       -371.583       4148.282    0.000  -0.138   0.380   0.
  2017 352  6 41  6 490 352.278547350      -0.58      0.97      0.56  0.        4120.919       -369.825       4150.503    0.000  -0.138   0.380   0.
  2017 352  6 41  7 490 352.278558924      -0.95      0.77      0.62  0.        4120.669       -368.066       4152.722    0.000  -0.138   0.380   0.
  2017 352  6 41  8 491 352.278570495      -1.57      0.63      0.58  0.        4120.417       -366.307       4154.941    0.000  -0.138   0.380   0.
  2017 352  6 41  9 490 352.278582069      -0.75      0.81      0.92  0.        4120.165       -364.548       4157.159    0.000  -0.138   0.380   0.
  2017 352  6 41 10 490 352.278593643      -0.47      0.67      0.96  0.        4119.912       -362.789       4159.376    0.000  -0.138   0.380   0.
  2017 352  6 41 11 490 352.278605217      -1.04      0.70      0.51  0.        4119.658       -361.030       4161.592    0.000  -0.138   0.380   0.
  2017 352  6 41 12 490 352.278616791      -1.14      0.57      0.68  0.        4119.403       -359.270       4163.808    0.000  -0.138   0.380   0.
  2017 352  6 41 13 490 352.278628365      -0.81      1.02      0.69  0.        4119.147       -357.511       4166.022    0.000  -0.138   0.380   0.
  2017 352  6 41 14 490 352.278639939      -0.93      0.74      0.65  0.        4118.890       -355.752       4168.236    0.000  -0.138   0.380   0.
  2017 352  6 41 15 490 352.278651513      -1.19      0.78      0.64  0.        4118.633       -353.992       4170.449    0.000  -0.138   0.380   0.
  2017 352  6 41 16 490 352.278663087      -1.16      0.48      0.88  0.        4118.374       -352.232       4172.660    0.000  -0.138   0.380   0.
  2017 352  6 41 17 490 352.278674661      -0.94      0.83      0.85  0.        4118.115       -350.473       4174.871    0.000  -0.138   0.380   0.
  2017 352  6 41 18 490 352.278686236      -1.22      0.68      0.61  0.        4117.855       -348.713       4177.081    0.000  -0.138   0.380   0.
  2017 352  6 41 19 490 352.278697810      -1.76      0.76      0.39  0.        4117.594       -346.954       4179.291    0.000  -0.138   0.380   0.
  2017 352  6 41 20 490 352.278709384      -0.98      0.74      1.14  0.        4117.332       -345.194       4181.499    0.000  -0.138   0.380   0.
  2017 352  6 41 21 490 352.278720958      -0.91      0.64      0.87  0.        4117.069       -343.433       4183.706    0.000  -0.138   0.380   0.
  2017 352  6 41 22 490 352.278732532      -0.12      0.84      1.08  0.        4116.805       -341.673       4185.913    0.000  -0.138   0.380   0.
  2017 352  6 41 23 490 352.278744106      -1.23      0.44      0.60  0.        4116.541       -339.914       4188.118    0.000  -0.138   0.380   0.
  2017 352  6 41 24 490 352.278755680      -1.20      0.78      0.36  0.        4116.275       -338.154       4190.323    0.000  -0.138   0.380   0.
  2017 352  6 41 25 490 352.278767254      -0.20      0.97      0.69  0.        4116.009       -336.393       4192.527    0.000  -0.138   0.380   0.
  2017 352  6 41 26 490 352.278778828      -0.77      0.58      0.59  0.        4115.742       -334.634       4194.730    0.000  -0.138   0.380   0.
  2017 352  6 41 27 490 352.278790402      -1.00      0.73      0.39  0.        4115.474       -332.873       4196.932    0.000  -0.138   0.380   0.
  2017 352  6 41 28 490 352.278801976      -1.18      0.71      0.47  0.        4115.205       -331.113       4199.133    0.000  -0.138   0.380   0.
  2017 352  6 41 29 490 352.278813550      -0.95      0.74      0.62  0.        4114.936       -329.352       4201.334    0.000  -0.138   0.380   0.
  2017 352  6 41 30 490 352.278825124      -1.09      0.68      0.63  0.        4114.665       -327.591       4203.533    0.000  -0.138   0.380   0.
  2017 352  6 41 31 490 352.278836698      -1.23      0.71      0.63  0.        4114.393       -325.831       4205.732    0.000  -0.138   0.380   0.
  2017 352  6 41 32 490 352.278848273      -1.03      0.83      0.73  0.        4114.121       -324.070       4207.930    0.000  -0.138   0.380   0.
  2017 352  6 41 33 490 352.278859847      -1.04      0.95      0.82  0.        4113.848       -322.309       4210.126    0.000  -0.138   0.380   0.
  2017 352  6 41 34 490 352.278871421      -1.56      0.73      0.56  0.        4113.574       -320.549       4212.322    0.000  -0.138   0.380   0.
  2017 352  6 41 35 490 352.278882995      -1.08      0.73      1.47  0.        4113.299       -318.788       4214.517    0.000  -0.138   0.380   0.
  2017 352  6 41 36 490 352.278894569      -1.14      0.85      0.61  0.        4113.024       -317.027       4216.712    0.000  -0.138   0.380   0.
  2017 352  6 41 37 490 352.278906143      -1.37      0.85      0.60  0.        4112.747       -315.266       4218.905    0.000  -0.138   0.380   0.
  2017 352  6 41 38 490 352.278917714      -1.87      0.60      1.11  0.        4112.470       -313.505       4221.097    0.000  -0.138   0.380   0.
  2017 352  6 41 39 490 352.278929288      -0.67      1.24      0.92  0.        4112.191       -311.744       4223.289    0.000  -0.138   0.380   0.
  2017 352  6 41 40 490 352.278940862      -1.30      0.68      0.58  0.        4111.912       -309.983       4225.480    0.000  -0.138   0.380   0.
  2017 352  6 41 41 490 352.278952436      -0.50      1.08      1.09  0.        4111.632       -308.221       4227.670    0.000  -0.138   0.380   0.
  2017 352  6 41 42 490 352.278964010      -0.58      0.86      0.97  0.        4111.352       -306.460       4229.858    0.000  -0.138   0.380   0.
  2017 352  6 41 43 490 352.278975584      -1.09      0.78      0.58  0.        4111.070       -304.699       4232.047    0.000  -0.138   0.380   0.
  2017 352  6 41 44 490 352.278987159      -0.37      0.91      0.87  0.        4110.787       -302.937       4234.234    0.000  -0.138   0.380   0.
  2017 352  6 41 45 490 352.278998733      -0.65      1.00      0.76  0.        4110.504       -301.176       4236.420    0.000  -0.138   0.380   0.
  2017 352  6 41 46 490 352.279010307      -1.47      0.85      0.63  0.        4110.220       -299.414       4238.605    0.000  -0.138   0.380   0.
  2017 352  6 41 47 490 352.279021881      -1.73      0.64      0.82  0.        4109.935       -297.652       4240.790    0.000  -0.138   0.380   0.
  2017 352  6 41 48 490 352.279033455      -1.18      0.78      0.81  0.        4109.649       -295.891       4242.974    0.000  -0.138   0.380   0.
  2017 352  6 41 49 490 352.279045029      -0.93      0.87      0.79  0.        4109.362       -294.129       4245.156    0.000  -0.138   0.380   0.
  2017 352  6 41 50 490 352.279056603      -1.08      0.81      0.61  0.        4109.074       -292.367       4247.338    0.000  -0.138   0.380   0.
  2017 352  6 41 51 490 352.279068177      -1.12      0.76      0.70  0.        4108.786       -290.605       4249.519    0.000  -0.138   0.380   0.
  2017 352  6 41 52 490 352.279079751      -1.01      0.75      0.86  0.        4108.497       -288.843       4251.700    0.000  -0.138   0.380   0.
  2017 352  6 41 53 490 352.279091325      -1.07      0.71      0.74  0.        4108.207       -287.081       4253.879    0.000  -0.138   0.380   0.
  2017 352  6 41 54 490 352.279102899      -1.12      0.69      0.72  0.        4107.915       -285.319       4256.057    0.000  -0.138   0.380   0.
  2017 352  6 41 55 490 352.279114473      -1.03      0.77      0.80  0.        4107.624       -283.557       4258.235    0.000  -0.138   0.380   0.
  2017 352  6 41 56 490 352.279126047      -0.96      0.82      0.73  0.        4107.331       -281.795       4260.411    0.000  -0.138   0.380   0.
  2017 352  6 41 57 490 352.279137622      -1.03      0.73      0.69  0.        4107.037       -280.033       4262.587    0.000  -0.138   0.380   0.
  2017 352  6 41 58 490 352.279149196      -0.97      0.72      0.63  0.        4106.743       -278.270       4264.762    0.000  -0.138   0.380   0.
  2017 352  6 41 59 490 352.279160770      -1.04      0.78      0.56  0.        4106.448       -276.508       4266.936    0.000  -0.138   0.380   0.
  2017 352  6 42  0 490 352.279172344      -1.14      0.82      0.59  0.        4106.152       -274.746       4269.109    0.000  -0.138   0.380   0.
  2017 352  6 42  1 490 352.279183918      -1.08      0.84      0.66  0.        4105.855       -272.983       4271.282    0.000  -0.138   0.380   0.
  2017 352  6 42  2 490 352.279195492      -0.98      0.83      0.64  0.        4105.557       -271.221       4273.453    0.000  -0.138   0.380   0.
  2017 352  6 42  3 490 352.279207066      -1.03      0.82      0.64  0.        4105.258       -269.458       4275.623    0.000  -0.138   0.380   0.
  2017 352  6 42  4 490 352.279218640      -1.02      0.77      0.71  0.        4104.959       -267.695       4277.793    0.000  -0.138   0.380   0.
  2017 352  6 42  5 490 352.279230214      -1.03      0.76      0.72  0.        4104.659       -265.933       4279.962    0.000  -0.138   0.380   0.
  2017 352  6 42  6 490 352.279241788      -1.12      0.74      0.76  0.        4104.358       -264.170       4282.130    0.000  -0.138   0.380   0.
  2017 352  6 42  7 490 352.279253362      -1.04      1.04      0.73  0.        4104.056       -262.407       4284.297    0.000  -0.138   0.380   0.
  2017 352  6 42  8 490 352.279264934      -0.92      0.91      1.33  0.        4103.753       -260.644       4286.463    0.000  -0.138   0.380   0.
  2017 352  6 42  9 490 352.279276508      -1.17      0.64      0.49  0.        4103.450       -258.881       4288.628    0.000  -0.138   0.380   0.
  2017 352  6 42 10 490 352.279288082      -1.02      0.67      0.95  0.        4103.145       -257.118       4290.793    0.000  -0.138   0.380   0.
  2017 352  6 42 11 490 352.279299656      -1.21      0.77      0.70  0.        4102.840       -255.355       4292.956    0.000  -0.138   0.380   0.
  2017 352  6 42 12 490 352.279311230      -1.24      0.75      0.88  0.        4102.533       -253.592       4295.119    0.000  -0.138   0.380   0.
  2017 352  6 42 13 490 352.279322804      -1.19      0.61      0.80  0.        4102.227       -251.829       4297.281    0.000  -0.138   0.380   0.
  2017 352  6 42 14 490 352.279334378      -1.19      0.77      0.93  0.        4101.919       -250.066       4299.441    0.000  -0.138   0.380   0.
  2017 352  6 42 15 490 352.279345952      -1.04      0.61      0.87  0.        4101.610       -248.303       4301.601    0.000  -0.138   0.380   0.
  2017 352  6 42 16 490 352.279357526      -0.79      0.86      0.80  0.        4101.301       -246.540       4303.761    0.000  -0.138   0.380   0.
  2017 352  6 42 17 490 352.279369100      -0.95      0.72      0.88  0.        4100.990       -244.776       4305.919    0.000  -0.138   0.380   0.
  2017 352  6 42 18 490 352.279380674      -0.72      0.79      0.81  0.        4100.679       -243.013       4308.076    0.000  -0.138   0.380   0.
  2017 352  6 42 19 490 352.279392248      -0.89      0.73      0.85  0.        4100.367       -241.249       4310.233    0.000  -0.138   0.380   0.
  2017 352  6 42 20 490 352.279403822      -0.84      0.74      0.94  0.        4100.055       -239.486       4312.388    0.000  -0.138   0.380   0.
  2017 352  6 42 21 490 352.279415396      -0.95      0.80      0.73  0.        4099.741       -237.722       4314.543    0.000  -0.138   0.380   0.
  2017 352  6 42 22 490 352.279426970      -1.04      0.79      0.64  0.        4099.426       -235.959       4316.697    0.000  -0.138   0.380   0.
  2017 352  6 42 23 490 352.279438545      -1.08      0.69      0.76  0.        4099.111       -234.195       4318.850    0.000  -0.138   0.380   0.
  2017 352  6 42 24 490 352.279450119      -1.08      0.73      0.70  0.        4098.795       -232.432       4321.002    0.000  -0.138   0.380   0.
  2017 352  6 42 25 490 352.279461693      -1.07      0.85      0.70  0.        4098.478       -230.668       4323.154    0.000  -0.138   0.380   0.
  2017 352  6 42 26 490 352.279473267      -0.99      0.86      1.09  0.        4098.161       -228.904       4325.304    0.000  -0.138   0.380   0.
  2017 352  6 42 27 490 352.279484841      -1.06      0.77      1.10  0.        4097.842       -227.140       4327.454    0.000  -0.138   0.380   0.
  2017 352  6 42 28 490 352.279496415      -1.18      0.84      0.80  0.        4097.523       -225.376       4329.602    0.000  -0.138   0.380   0.
  2017 352  6 42 29 490 352.279507989      -1.03      0.70      0.96  0.        4097.202       -223.613       4331.750    0.000  -0.138   0.380   0.
  2017 352  6 42 30 490 352.279519563      -0.98      0.79      0.87  0.        4096.881       -221.849       4333.897    0.000  -0.138   0.380   0.
  2017 352  6 42 31 490 352.279531137      -1.33      0.51      0.86  0.        4096.559       -220.085       4336.043    0.000  -0.138   0.380   0.
  2017 352  6 42 32 490 352.279542711      -1.04      0.86      0.96  0.        4096.237       -218.321       4338.188    0.000  -0.138   0.380   0.
  2017 352  6 42 33 490 352.279554285      -1.25      0.82      0.55  0.        4095.913       -216.557       4340.333    0.000  -0.138   0.380   0.
  2017 352  6 42 34 490 352.279565859      -1.03      0.83      1.11  0.        4095.589       -214.792       4342.476    0.000  -0.138   0.380   0.
  2017 352  6 42 35 490 352.279577433      -1.21      0.66      0.78  0.        4095.264       -213.028       4344.618    0.000  -0.138   0.380   0.
  2017 352  6 42 36 489 352.279589005      -1.22      0.76      0.86  0.        4094.938       -211.264       4346.760    0.000  -0.138   0.380   0.
  2017 352  6 42 37 490 352.279600579      -1.13      0.89      0.69  0.        4094.611       -209.500       4348.901    0.000  -0.138   0.380   0.
  2017 352  6 42 38 490 352.279612153      -1.26      0.78      0.75  0.        4094.283       -207.736       4351.041    0.000  -0.138   0.380   0.
  2017 352  6 42 39 490 352.279623727      -1.12      0.69      0.78  0.        4093.955       -205.971       4353.180    0.000  -0.138   0.380   0.
  2017 352  6 42 40 490 352.279635301      -1.12      0.87      0.73  0.        4093.626       -204.207       4355.318    0.000  -0.138   0.380   0.
  2017 352  6 42 41 490 352.279646875      -1.24      0.68      0.76  0.        4093.296       -202.442       4357.456    0.000  -0.138   0.380   0.
  2017 352  6 42 42 489 352.279658449      -1.23      0.65      0.76  0.        4092.965       -200.678       4359.592    0.000  -0.138   0.380   0.
  2017 352  6 42 43 489 352.279670023      -1.10      0.89      0.87  0.        4092.633       -198.914       4361.728    0.000  -0.138   0.380   0.
  2017 352  6 42 44 489 352.279681597      -1.22      0.59      0.69  0.        4092.301       -197.149       4363.862    0.000  -0.138   0.380   0.
  2017 352  6 42 45 489 352.279693171      -1.04      0.85      0.86  0.        4091.967       -195.384       4365.996    0.000  -0.138   0.380   0.
  2017 352  6 42 46 490 352.279704745      -1.22      0.79      0.73  0.        4091.633       -193.620       4368.129    0.000  -0.138   0.380   0.
  2017 352  6 42 47 490 352.279716319      -1.35      0.92      0.80  0.        4091.298       -191.855       4370.261    0.000  -0.138   0.380   0.
  2017 352  6 42 48 489 352.279727894      -1.39      0.76      0.90  0.        4090.962       -190.090       4372.392    0.000  -0.138   0.380   0.
  2017 352  6 42 49 489 352.279739468      -0.81      0.73      1.08  0.        4090.626       -188.326       4374.523    0.000  -0.138   0.380   0.
  2017 352  6 42 50 490 352.279751042      -1.04      0.73      0.85  0.        4090.288       -186.561       4376.652    0.000  -0.138   0.380   0.
  2017 352  6 42 51 490 352.279762616      -1.11      0.83      0.83  0.        4089.950       -184.796       4378.781    0.000  -0.138   0.380   0.
  2017 352  6 42 52 490 352.279774190      -0.95      0.90      0.78  0.        4089.611       -183.031       4380.909    0.000  -0.138   0.380   0.
  2017 352  6 42 53 490 352.279785764      -1.37      0.67      0.58  0.        4089.271       -181.267       4383.036    0.000  -0.138   0.380   0.
  2017 352  6 42 54 490 352.279797338      -0.67      0.73      1.05  0.        4088.931       -179.502       4385.162    0.000  -0.138   0.380   0.
  2017 352  6 42 55 489 352.279808912      -1.26      0.84      0.54  0.        4088.589       -177.737       4387.287    0.000  -0.138   0.380   0.
  2017 352  6 42 56 489 352.279820486      -1.40      0.73      0.65  0.        4088.247       -175.972       4389.411    0.000  -0.138   0.380   0.
  2017 352  6 42 57 489 352.279832060      -0.99      0.84      0.86  0.        4087.904       -174.207       4391.534    0.000  -0.138   0.380   0.
  2017 352  6 42 58 489 352.279843634      -1.15      0.83      0.80  0.        4087.560       -172.442       4393.657    0.000  -0.138   0.380   0.
  2017 352  6 42 59 489 352.279855208      -1.32      0.95      0.72  0.        4087.215       -170.677       4395.779    0.000  -0.138   0.380   0.
  2017 352  6 43  0 490 352.279866782      -1.47      0.79      0.81  0.        4086.870       -168.911       4397.899    0.000  -0.138   0.380   0.
  2017 352  6 43  1 490 352.279878357      -1.33      0.73      0.92  0.        4086.524       -167.146       4400.019    0.000  -0.138   0.380   0.
  2017 352  6 43  2 489 352.279889931      -1.16      0.64      0.87  0.        4086.177       -165.381       4402.138    0.000  -0.138   0.380   0.
  2017 352  6 43  3 489 352.279901505      -0.67      0.86      0.88  0.        4085.829       -163.616       4404.257    0.000  -0.138   0.380   0.
  2017 352  6 43  4 490 352.279913079      -1.15      0.76      0.62  0.        4085.480       -161.851       4406.374    0.000  -0.138   0.380   0.
  2017 352  6 43  5 490 352.279924653      -1.40      0.79      0.60  0.        4085.130       -160.085       4408.491    0.000  -0.138   0.380   0.
  2017 352  6 43  6 490 352.279936224      -1.08      0.71      0.79  0.        4084.780       -158.320       4410.606    0.000  -0.138   0.380   0.
  2017 352  6 43  7 489 352.279947798      -0.94      0.68      0.80  0.        4084.429       -156.555       4412.721    0.000  -0.138   0.380   0.
  2017 352  6 43  8 489 352.279959372      -1.03      0.71      0.68  0.        4084.077       -154.789       4414.835    0.000  -0.138   0.380   0.
  2017 352  6 43  9 489 352.279970946      -1.10      0.72      0.65  0.        4083.724       -153.024       4416.948    0.000  -0.138   0.380   0.
  2017 352  6 43 10 489 352.279982520      -0.98      0.69      0.83  0.        4083.371       -151.258       4419.060    0.000  -0.138   0.380   0.
  2017 352  6 43 11 489 352.279994094      -0.88      0.64      0.79  0.        4083.017       -149.493       4421.171    0.000  -0.138   0.380   0.
  2017 352  6 43 12 489 352.280005668      -1.23      0.80      0.66  0.        4082.661       -147.727       4423.282    0.000  -0.138   0.380   0.
  2017 352  6 43 13 489 352.280017242      -1.21      0.62      0.85  0.        4082.306       -145.962       4425.391    0.000  -0.138   0.380   0.
  2017 352  6 43 14 489 352.280028817      -1.09      0.73      0.80  0.        4081.949       -144.196       4427.500    0.000  -0.138   0.380   0.
  2017 352  6 43 15 489 352.280040391      -1.04      0.72      0.81  0.        4081.591       -142.431       4429.608    0.000  -0.138   0.380   0.
  2017 352  6 43 16 489 352.280051965      -1.10      0.77      0.76  0.        4081.233       -140.665       4431.714    0.000  -0.138   0.380   0.
  2017 352  6 43 17 489 352.280063539      -1.27      0.71      0.75  0.        4080.874       -138.900       4433.820    0.000  -0.138   0.380   0.
  2017 352  6 43 18 489 352.280075113      -1.03      0.81      0.85  0.        4080.514       -137.134       4435.926    0.000  -0.138   0.380   0.
  2017 352  6 43 19 489 352.280086687      -0.64      0.92      0.88  0.        4080.153       -135.368       4438.030    0.000  -0.138   0.380   0.
  2017 352  6 43 20 489 352.280098261      -1.03      0.54      0.90  0.        4079.792       -133.602       4440.133    0.000  -0.138   0.380   0.
  2017 352  6 43 21 489 352.280109835      -1.19      0.73      0.71  0.        4079.429       -131.837       4442.236    0.000  -0.138   0.380   0.
  2017 352  6 43 22 489 352.280121409      -1.04      0.69      0.73  0.        4079.066       -130.071       4444.338    0.000  -0.138   0.380   0.
  2017 352  6 43 23 489 352.280132983      -1.14      0.75      0.68  0.        4078.703       -128.305       4446.439    0.000  -0.138   0.380   0.
  2017 352  6 43 24 489 352.280144557      -1.23      0.71      0.76  0.        4078.338       -126.539       4448.539    0.000  -0.138   0.380   0.
  2017 352  6 43 25 489 352.280156131      -0.94      0.54      0.82  0.        4077.972       -124.773       4450.638    0.000  -0.138   0.380   0.
  2017 352  6 43 26 489 352.280167705      -1.11      0.85      0.69  0.        4077.606       -123.008       4452.736    0.000  -0.138   0.380   0.
  2017 352  6 43 27 489 352.280179279      -1.26      0.68      0.69  0.        4077.239       -121.242       4454.834    0.000  -0.138   0.380   0.
  2017 352  6 43 28 489 352.280190854      -1.33      0.86      0.85  0.        4076.871       -119.476       4456.930    0.000  -0.138   0.380   0.
  2017 352  6 43 29 489 352.280202428      -1.52      0.68      0.54  0.        4076.503       -117.710       4459.026    0.000  -0.138   0.380   0.
  2017 352  6 43 30 489 352.280214002      -1.70      0.43      0.09  0.        4076.133       -115.944       4461.121    0.000  -0.138   0.380   0.
  2017 352  6 43 31 489 352.280225576      -0.79      1.07      0.95  0.        4075.763       -114.178       4463.215    0.000  -0.138   0.380   0.
  2017 352  6 43 32 489 352.280237150      -0.77      0.80      0.76  0.        4075.392       -112.412       4465.307    0.000  -0.138   0.380   0.
  2017 352  6 43 33 489 352.280248724      -1.27      0.62      0.55  0.        4075.020       -110.646       4467.400    0.000  -0.138   0.380   0.
  2017 352  6 43 34 489 352.280260296      -0.58      0.89      0.77  0.        4074.648       -108.880       4469.491    0.000  -0.138   0.380   0.
  2017 352  6 43 35 489 352.280271869      -0.95      0.76      0.68  0.        4074.274       -107.114       4471.582    0.000  -0.138   0.380   0.
  2017 352  6 43 36 489 352.280283443      -1.55      0.82      0.48  0.        4073.900       -105.348       4473.671    0.000  -0.138   0.380   0.
  2017 352  6 43 37 489 352.280295017      -0.84      0.98      1.08  0.        4073.525       -103.582       4475.760    0.000  -0.138   0.380   0.
  2017 352  6 43 38 489 352.280306591      -1.45      0.60      0.74  0.        4073.150       -101.815       4477.848    0.000  -0.138   0.380   0.
  2017 352  6 43 39 489 352.280318165      -1.21      0.83      0.67  0.        4072.773       -100.049       4479.935    0.000  -0.138   0.380   0.
  2017 352  6 43 40 489 352.280329740      -0.57      0.85      1.06  0.        4072.396        -98.283       4482.021    0.000  -0.138   0.380   0.
  2017 352  6 43 41 489 352.280341314      -1.29      0.62      0.74  0.        4072.018        -96.517       4484.106    0.000  -0.138   0.380   0.
  2017 352  6 43 42 489 352.280352888      -1.01      1.01      1.04  0.        4071.639        -94.751       4486.191    0.000  -0.138   0.380   0.
  2017 352  6 43 43 489 352.280364462      -1.49      0.49      0.78  0.        4071.259        -92.984       4488.274    0.000  -0.138   0.380   0.
  2017 352  6 43 44 489 352.280376036      -0.71      0.82      1.13  0.        4070.879        -91.218       4490.357    0.000  -0.138   0.380   0.
  2017 352  6 43 45 489 352.280387610      -1.37      0.57      0.81  0.        4070.498        -89.452       4492.439    0.000  -0.138   0.380   0.
  2017 352  6 43 46 489 352.280399184      -0.82      0.63      1.05  0.        4070.116        -87.686       4494.520    0.000  -0.138   0.380   0.
  2017 352  6 43 47 489 352.280410758      -0.94      0.74      0.82  0.        4069.733        -85.919       4496.601    0.000  -0.138   0.380   0.
  2017 352  6 43 48 489 352.280422332      -1.28      0.84      0.65  0.        4069.350        -84.153       4498.679    0.000  -0.138   0.380   0.
  2017 352  6 43 49 489 352.280433906      -1.09      0.83      0.75  0.        4068.965        -82.387       4500.758    0.000  -0.138   0.380   0.
  2017 352  6 43 50 489 352.280445480      -1.02      0.76      0.79  0.        4068.580        -80.620       4502.835    0.000  -0.138   0.380   0.
  2017 352  6 43 51 489 352.280457054      -1.16      0.94      0.79  0.        4068.194        -78.854       4504.912    0.000  -0.138   0.380   0.
  2017 352  6 43 52 489 352.280468628      -1.03      0.83      0.78  0.        4067.808        -77.088       4506.988    0.000  -0.138   0.380   0.
  2017 352  6 43 53 489 352.280480203      -1.00      0.81      0.68  0.        4067.420        -75.321       4509.063    0.000  -0.138   0.380   0.
  2017 352  6 43 54 489 352.280491777      -1.11      0.88      0.59  0.        4067.032        -73.555       4511.137    0.000  -0.138   0.380   0.
  2017 352  6 43 55 489 352.280503351      -1.03      0.75      0.62  0.        4066.643        -71.788       4513.210    0.000  -0.138   0.380   0.
  2017 352  6 43 56 489 352.280514925      -1.12      0.81      0.65  0.        4066.253        -70.022       4515.283    0.000  -0.138   0.380   0.
  2017 352  6 43 57 489 352.280526499      -1.35      0.89      0.57  0.        4065.863        -68.255       4517.354    0.000  -0.138   0.380   0.
  2017 352  6 43 58 489 352.280538073      -1.18      0.69      0.70  0.        4065.472        -66.489       4519.425    0.000  -0.138   0.380   0.
  2017 352  6 43 59 489 352.280549647      -0.99      0.87      0.70  0.        4065.080        -64.723       4521.495    0.000  -0.138   0.380   0.
  2017 352  6 44  0 489 352.280561221      -1.23      0.81      0.62  0.        4064.687        -62.956       4523.564    0.000  -0.138   0.380   0.
  2017 352  6 44  1 489 352.280572795      -1.09      0.79      0.65  0.        4064.293        -61.190       4525.632    0.000  -0.138   0.380   0.
  2017 352  6 44  2 489 352.280584369      -1.20      0.74      0.65  0.        4063.899        -59.423       4527.699    0.000  -0.138   0.380   0.
  2017 352  6 44  3 489 352.280595943      -1.20      0.74      0.79  0.        4063.504        -57.657       4529.765    0.000  -0.138   0.380   0.
  2017 352  6 44  4 489 352.280607517      -0.89      0.74      0.97  0.        4063.108        -55.890       4531.831    0.000  -0.138   0.380   0.
  2017 352  6 44  5 489 352.280619091      -0.98      0.75      0.84  0.        4062.711        -54.123       4533.896    0.000  -0.138   0.380   0.
  2017 352  6 44  6 489 352.280630663      -1.20      0.70      0.72  0.        4062.314        -52.357       4535.959    0.000  -0.138   0.380   0.
  2017 352  6 44  7 489 352.280642237      -1.16      0.86      0.80  0.        4061.916        -50.590       4538.022    0.000  -0.138   0.380   0.
  2017 352  6 44  8 489 352.280653811      -1.31      0.72      0.72  0.        4061.517        -48.824       4540.084    0.000  -0.138   0.380   0.
  2017 352  6 44  9 489 352.280665385      -1.38      0.77      0.79  0.        4061.117        -47.057       4542.145    0.000  -0.138   0.380   0.
  2017 352  6 44 10 489 352.280676959      -1.10      0.85      0.86  0.        4060.716        -45.291       4544.206    0.000  -0.138   0.380   0.
  2017 352  6 44 11 489 352.280688533      -1.26      0.77      0.63  0.        4060.315        -43.524       4546.265    0.000  -0.138   0.380   0.
  2017 352  6 44 12 489 352.280700107      -0.99      0.73      0.93  0.        4059.913        -41.757       4548.324    0.000  -0.138   0.380   0.
  2017 352  6 44 13 489 352.280711681      -0.90      0.66      0.92  0.        4059.510        -39.991       4550.382    0.000  -0.138   0.380   0.
  2017 352  6 44 14 489 352.280723255      -1.21      0.74      0.68  0.        4059.107        -38.224       4552.439    0.000  -0.138   0.380   0.
  2017 352  6 44 15 489 352.280734829      -0.83      0.60      0.90  0.        4058.702        -36.457       4554.495    0.000  -0.138   0.380   0.
  2017 352  6 44 16 489 352.280746403      -0.93      0.65      0.74  0.        4058.297        -34.691       4556.550    0.000  -0.138   0.380   0.
  2017 352  6 44 17 489 352.280757977      -0.90      0.79      0.69  0.        4057.891        -32.924       4558.604    0.000  -0.138   0.380   0.
  2017 352  6 44 18 489 352.280769552      -1.15      0.83      0.77  0.        4057.485        -31.158       4560.658    0.000  -0.138   0.380   0.
  2017 352  6 44 19 489 352.280781126      -1.14      0.93      0.84  0.        4057.077        -29.391       4562.710    0.000  -0.138   0.380   0.
  2017 352  6 44 20 489 352.280792700      -1.11      0.86      0.74  0.        4056.669        -27.624       4564.762    0.000  -0.138   0.380   0.
  2017 352  6 44 21 489 352.280804274      -1.05      1.02      0.78  0.        4056.260        -25.857       4566.813    0.000  -0.138   0.380   0.
  2017 352  6 44 22 489 352.280815848      -1.29      0.63      0.83  0.        4055.850        -24.091       4568.863    0.000  -0.138   0.380   0.
  2017 352  6 44 23 489 352.280827422      -0.93      0.74      1.14  0.        4055.440        -22.324       4570.912    0.000  -0.138   0.380   0.
  2017 352  6 44 24 489 352.280838996      -1.19      0.75      0.72  0.        4055.029        -20.557       4572.960    0.000  -0.138   0.380   0.
  2017 352  6 44 25 489 352.280850570      -0.99      0.70      0.77  0.        4054.617        -18.791       4575.008    0.000  -0.138   0.380   0.
  2017 352  6 44 26 489 352.280862144      -1.36      0.83      0.51  0.        4054.204        -17.024       4577.055    0.000  -0.138   0.380   0.
  2017 352  6 44 27 489 352.280873718      -1.27      0.76      0.75  0.        4053.791        -15.257       4579.100    0.000  -0.138   0.380   0.
  2017 352  6 44 28 489 352.280885292      -0.88      0.83      0.98  0.        4053.376        -13.491       4581.145    0.000  -0.138   0.380   0.
  2017 352  6 44 29 489 352.280896866      -1.54      0.77      0.67  0.        4052.961        -11.724       4583.189    0.000  -0.138   0.380   0.
  2017 352  6 44 30 489 352.280908440      -0.94      0.81      1.00  0.        4052.545         -9.957       4585.233    0.000  -0.138   0.380   0.
  2017 352  6 44 31 489 352.280920014      -1.08      0.58      0.78  0.        4052.129         -8.191       4587.275    0.000  -0.138   0.380   0.
  2017 352  6 44 32 489 352.280931589      -0.75      0.70      1.02  0.        4051.712         -6.424       4589.316    0.000  -0.138   0.380   0.
  2017 352  6 44 33 489 352.280943163      -1.15      0.67      0.61  0.        4051.294         -4.657       4591.357    0.000  -0.138   0.380   0.
  2017 352  6 44 34 489 352.280954734      -1.03      0.72      0.78  0.        4050.875         -2.890       4593.397    0.000  -0.138   0.380   0.
  2017 352  6 44 35 489 352.280966308      -0.83      0.61      0.87  0.        4050.456         -1.124       4595.436    0.000  -0.138   0.380   0.
  2017 352  6 44 36 489 352.280977882      -1.14      0.70      0.71  0.        4050.036          0.643       4597.474    0.000  -0.138   0.380   0.
  2017 352  6 44 37 488 352.280989456      -1.06      0.71      0.89  0.        4049.614          2.410       4599.511    0.000  -0.138   0.380   0.
  2017 352  6 44 38 488 352.281001030      -1.50      0.60      0.72  0.        4049.193          4.176       4601.547    0.000  -0.138   0.380   0.
  2017 352  6 44 39 488 352.281012604      -0.89      0.57      1.06  0.        4048.770          5.943       4603.583    0.000  -0.138   0.380   0.
  2017 352  6 44 40 488 352.281024178      -0.72      0.72      0.97  0.        4048.347          7.710       4605.617    0.000  -0.138   0.380   0.
  2017 352  6 44 41 488 352.281035752      -1.25      0.62      0.65  0.        4047.923          9.477       4607.651    0.000  -0.138   0.380   0.
  2017 352  6 44 42 489 352.281047326      -1.20      0.65      0.74  0.        4047.498         11.243       4609.684    0.000  -0.138   0.380   0.
  2017 352  6 44 43 489 352.281058900      -1.13      0.58      0.78  0.        4047.073         13.010       4611.716    0.000  -0.138   0.380   0.
  2017 352  6 44 44 488 352.281070475      -1.05      0.59      0.83  0.        4046.646         14.777       4613.747    0.000  -0.138   0.380   0.
  2017 352  6 44 45 488 352.281082049      -1.10      0.62      0.88  0.        4046.219         16.543       4615.778    0.000  -0.138   0.380   0.
  2017 352  6 44 46 489 352.281093623      -1.29      0.59      0.80  0.        4045.792         18.310       4617.807    0.000  -0.138   0.380   0.
  2017 352  6 44 47 489 352.281105197      -1.12      0.67      0.94  0.        4045.363         20.077       4619.836    0.000  -0.138   0.380   0.
  2017 352  6 44 48 489 352.281116771      -1.14      0.65      0.89  0.        4044.934         21.843       4621.864    0.000  -0.138   0.380   0.
  2017 352  6 44 49 489 352.281128345      -1.26      0.62      0.85  0.        4044.504         23.610       4623.891    0.000  -0.138   0.380   0.
  2017 352  6 44 50 489 352.281139919      -1.14      0.55      0.86  0.        4044.073         25.377       4625.917    0.000  -0.138   0.380   0.
  2017 352  6 44 51 488 352.281151493      -1.23      0.69      0.82  0.        4043.642         27.144       4627.942    0.000  -0.138   0.380   0.
  2017 352  6 44 52 488 352.281163067      -1.10      0.70      0.89  0.        4043.209         28.910       4629.967    0.000  -0.138   0.380   0.
  2017 352  6 44 53 488 352.281174641      -1.36      0.63      0.79  0.        4042.776         30.677       4631.990    0.000  -0.138   0.380   0.
  2017 352  6 44 54 488 352.281186215      -0.98      0.64      0.96  0.        4042.343         32.444       4634.013    0.000  -0.138   0.380   0.
  2017 352  6 44 55 488 352.281197789      -0.98      0.52      0.86  0.        4041.908         34.210       4636.035    0.000  -0.138   0.380   0.
  2017 352  6 44 56 489 352.281209363      -0.88      0.55      0.92  0.        4041.473         35.977       4638.056    0.000  -0.138   0.380   0.
  2017 352  6 44 57 488 352.281220938      -1.06      0.60      0.75  0.        4041.037         37.744       4640.076    0.000  -0.138   0.380   0.
  2017 352  6 44 58 488 352.281232512      -1.15      0.67      0.70  0.        4040.600         39.510       4642.095    0.000  -0.138   0.380   0.
  2017 352  6 44 59 489 352.281244086      -1.17      0.60      0.76  0.        4040.163         41.277       4644.113    0.000  -0.138   0.380   0.
  2017 352  6 45  0 489 352.281255660      -0.98      0.66      0.93  0.        4039.725         43.043       4646.131    0.000  -0.138   0.380   0.
  2017 352  6 45  1 489 352.281267234      -1.21      0.45      0.70  0.        4039.286         44.810       4648.148    0.000  -0.138   0.380   0.
  2017 352  6 45  2 489 352.281278808      -1.40      0.59      0.79  0.        4038.846         46.577       4650.163    0.000  -0.138   0.380   0.
  2017 352  6 45  3 489 352.281290382      -0.91      0.60      1.05  0.        4038.406         48.343       4652.179    0.000  -0.138   0.380   0.
  2017 352  6 45  4 488 352.281301953      -0.99      0.55      0.84  0.        4037.965         50.110       4654.193    0.000  -0.138   0.380   0.
  2017 352  6 45  5 488 352.281313527      -0.95      0.52      0.89  0.        4037.523         51.877       4656.206    0.000  -0.138   0.380   0.
  2017 352  6 45  6 488 352.281325101      -1.04      0.48      0.85  0.        4037.080         53.643       4658.219    0.000  -0.138   0.380   0.
  2017 352  6 45  7 488 352.281336675      -0.97      0.37      0.82  0.        4036.637         55.410       4660.230    0.000  -0.138   0.380   0.
  2017 352  6 45  8 488 352.281348249      -0.96      0.60      0.81  0.        4036.193         57.176       4662.241    0.000  -0.138   0.380   0.
  2017 352  6 45  9 488 352.281359823      -1.51      0.57      0.56  0.        4035.748         58.943       4664.251    0.000  -0.138   0.380   0.
  2017 352  6 45 10 488 352.281371398      -0.96      0.65      0.99  0.        4035.303         60.709       4666.260    0.000  -0.138   0.380   0.
  2017 352  6 45 11 488 352.281382972      -0.90      0.48      0.89  0.        4034.856         62.476       4668.268    0.000  -0.138   0.380   0.
  2017 352  6 45 12 488 352.281394546      -1.07      0.41      0.84  0.        4034.409         64.242       4670.276    0.000  -0.138   0.380   0.
  2017 352  6 45 13 488 352.281406120      -0.86      0.46      0.99  0.        4033.962         66.009       4672.282    0.000  -0.138   0.380   0.
  2017 352  6 45 14 488 352.281417694      -0.81      0.44      0.84  0.        4033.513         67.775       4674.288    0.000  -0.138   0.380   0.
  2017 352  6 45 15 488 352.281429268      -0.81      0.42      0.73  0.        4033.064         69.542       4676.293    0.000  -0.138   0.380   0.
  2017 352  6 45 16 488 352.281440842      -1.02      0.50      0.69  0.        4032.614         71.308       4678.296    0.000  -0.138   0.380   0.
  2017 352  6 45 17 488 352.281452416      -0.92      0.50      0.77  0.        4032.163         73.075       4680.300    0.000  -0.138   0.380   0.
  2017 352  6 45 18 488 352.281463990      -0.89      0.47      0.67  0.        4031.712         74.841       4682.302    0.000  -0.138   0.380   0.
  2017 352  6 45 19 488 352.281475564      -0.93      0.54      0.73  0.        4031.260         76.608       4684.303    0.000  -0.138   0.380   0.
  2017 352  6 45 20 488 352.281487138      -1.07      0.54      0.78  0.        4030.807         78.374       4686.304    0.000  -0.138   0.380   0.
  2017 352  6 45 21 488 352.281498712      -0.95      0.55      0.88  0.        4030.353         80.140       4688.304    0.000  -0.138   0.380   0.
  2017 352  6 45 22 488 352.281510286      -0.83      0.43      0.93  0.        4029.899         81.907       4690.302    0.000  -0.138   0.380   0.
  2017 352  6 45 23 488 352.281521861      -1.00      0.42      0.82  0.        4029.444         83.673       4692.301    0.000  -0.138   0.380   0.
  2017 352  6 45 24 488 352.281533435      -1.10      0.54      0.91  0.        4028.988         85.440       4694.298    0.000  -0.138   0.380   0.
  2017 352  6 45 25 488 352.281545009      -1.32      0.52      0.87  0.        4028.532         87.206       4696.294    0.000  -0.138   0.380   0.
  2017 352  6 45 26 488 352.281556583      -1.34      0.51      0.91  0.        4028.074         88.972       4698.290    0.000  -0.138   0.380   0.
  2017 352  6 45 27 488 352.281568157      -0.87      0.53      0.96  0.        4027.617         90.739       4700.284    0.000  -0.138   0.380   0.
  2017 352  6 45 28 488 352.281579731      -0.82      0.30      0.93  0.        4027.158         92.505       4702.278    0.000  -0.138   0.380   0.
  2017 352  6 45 29 488 352.281591305      -0.89      0.38      0.86  0.        4026.698         94.271       4704.271    0.000  -0.138   0.380   0.
  2017 352  6 45 30 488 352.281602879      -0.97      0.45      0.80  0.        4026.238         96.037       4706.263    0.000  -0.138   0.380   0.
  2017 352  6 45 31 488 352.281614453      -1.10      0.52      0.79  0.        4025.777         97.804       4708.254    0.000  -0.138   0.380   0.
  2017 352  6 45 32 488 352.281626025      -0.81      0.50      0.92  0.        4025.316         99.570       4710.245    0.000  -0.138   0.380   0.
  2017 352  6 45 33 488 352.281637598      -0.98      0.57      0.85  0.        4024.854        101.336       4712.234    0.000  -0.138   0.380   0.
  2017 352  6 45 34 488 352.281649173      -1.26      0.50      0.75  0.        4024.391        103.102       4714.223    0.000  -0.138   0.380   0.
  2017 352  6 45 35 488 352.281660746      -1.36      0.60      0.60  0.        4023.927        104.868       4716.211    0.000  -0.138   0.380   0.
  2017 352  6 45 36 488 352.281672321      -1.07      0.61      1.02  0.        4023.462        106.635       4718.198    0.000  -0.138   0.380   0.
  2017 352  6 45 37 488 352.281683895      -1.19      0.52      0.83  0.        4022.997        108.401       4720.184    0.000  -0.138   0.380   0.
  2017 352  6 45 38 488 352.281695469      -0.97      0.72      0.94  0.        4022.531        110.167       4722.169    0.000  -0.138   0.380   0.
  2017 352  6 45 39 488 352.281707043      -0.92      0.34      0.94  0.        4022.065        111.933       4724.154    0.000  -0.138   0.380   0.
  2017 352  6 45 40 488 352.281718617      -1.04      0.54      0.80  0.        4021.597        113.699       4726.137    0.000  -0.138   0.380   0.
  2017 352  6 45 41 488 352.281730191      -1.03      0.60      0.79  0.        4021.129        115.465       4728.120    0.000  -0.138   0.380   0.
  2017 352  6 45 42 488 352.281741765      -1.10      0.63      0.75  0.        4020.661        117.231       4730.102    0.000  -0.138   0.380   0.
  2017 352  6 45 43 488 352.281753339      -0.82      0.49      0.91  0.        4020.191        118.997       4732.083    0.000  -0.138   0.380   0.
  2017 352  6 45 44 488 352.281764913      -1.03      0.51      0.77  0.        4019.721        120.763       4734.063    0.000  -0.138   0.380   0.
  2017 352  6 45 45 488 352.281776487      -1.07      0.53      0.86  0.        4019.250        122.529       4736.043    0.000  -0.138   0.380   0.
  2017 352  6 45 46 488 352.281788061      -1.00      0.59      0.95  0.        4018.778        124.295       4738.022    0.000  -0.138   0.380   0.
  2017 352  6 45 47 488 352.281799635      -0.98      0.52      1.09  0.        4018.306        126.061       4739.999    0.000  -0.138   0.380   0.
  2017 352  6 45 48 488 352.281811210      -1.10      0.51      0.93  0.        4017.833        127.827       4741.976    0.000  -0.138   0.380   0.
  2017 352  6 45 49 488 352.281822784      -0.85      0.78      1.05  0.        4017.359        129.593       4743.952    0.000  -0.138   0.380   0.
  2017 352  6 45 50 488 352.281834358      -0.83      0.47      0.92  0.        4016.885        131.359       4745.927    0.000  -0.138   0.380   0.
  2017 352  6 45 51 488 352.281845932      -0.84      0.52      0.96  0.        4016.410        133.124       4747.902    0.000  -0.138   0.380   0.
  2017 352  6 45 52 488 352.281857506      -1.15      0.46      0.90  0.        4015.934        134.890       4749.875    0.000  -0.138   0.380   0.
  2017 352  6 45 53 488 352.281869080      -0.72      0.58      0.90  0.        4015.457        136.656       4751.848    0.000  -0.138   0.380   0.
  2017 352  6 45 54 488 352.281880654      -0.86      0.44      0.90  0.        4014.980        138.422       4753.820    0.000  -0.138   0.380   0.
  2017 352  6 45 55 488 352.281892228      -1.05      0.59      0.69  0.        4014.502        140.188       4755.791    0.000  -0.138   0.380   0.
  2017 352  6 45 56 488 352.281903802      -1.04      0.68      0.72  0.        4014.023        141.953       4757.761    0.000  -0.138   0.380   0.
  2017 352  6 45 57 488 352.281915376      -0.94      0.67      0.92  0.        4013.543        143.719       4759.730    0.000  -0.138   0.380   0.
  2017 352  6 45 58 488 352.281926950      -0.93      0.52      0.81  0.        4013.063        145.485       4761.699    0.000  -0.138   0.380   0.
  2017 352  6 45 59 488 352.281938524      -0.94      0.56      0.84  0.        4012.582        147.250       4763.666    0.000  -0.138   0.380   0.
  2017 352  6 46  0 488 352.281950098      -0.85      0.64      0.89  0.        4012.101        149.016       4765.633    0.000  -0.138   0.380   0.
  2017 352  6 46  1 488 352.281961672      -1.00      0.56      0.66  0.        4011.618        150.781       4767.599    0.000  -0.138   0.380   0.
  2017 352  6 46  2 488 352.281973244      -0.79      0.53      0.95  0.        4011.135        152.547       4769.564    0.000  -0.138   0.380   0.
  2017 352  6 46  3 488 352.281984818      -0.73      0.52      0.86  0.        4010.652        154.313       4771.528    0.000  -0.138   0.380   0.
  2017 352  6 46  4 488 352.281996392      -0.69      0.44      0.79  0.        4010.167        156.078       4773.491    0.000  -0.138   0.380   0.
  2017 352  6 46  5 488 352.282007966      -0.80      0.50      0.83  0.        4009.682        157.844       4775.454    0.000  -0.138   0.380   0.
  2017 352  6 46  6 488 352.282019540      -1.08      0.51      1.00  0.        4009.196        159.609       4777.415    0.000  -0.138   0.380   0.
  2017 352  6 46  7 488 352.282031114      -1.01      0.56      0.79  0.        4008.710        161.374       4779.376    0.000  -0.138   0.380   0.
  2017 352  6 46  8 488 352.282042688      -0.83      0.55      0.88  0.        4008.222        163.140       4781.336    0.000  -0.138   0.380   0.
  2017 352  6 46  9 488 352.282054262      -0.93      0.44      0.86  0.        4007.734        164.905       4783.296    0.000  -0.138   0.380   0.
  2017 352  6 46 10 488 352.282065836      -0.85      0.49      0.86  0.        4007.246        166.671       4785.254    0.000  -0.138   0.380   0.
  2017 352  6 46 11 488 352.282077410      -0.90      0.42      0.79  0.        4006.756        168.436       4787.211    0.000  -0.138   0.380   0.
  2017 352  6 46 12 488 352.282088984      -0.89      0.49      0.85  0.        4006.266        170.201       4789.168    0.000  -0.138   0.380   0.
  2017 352  6 46 13 488 352.282100558      -0.93      0.49      0.82  0.        4005.775        171.966       4791.124    0.000  -0.138   0.380   0.
  2017 352  6 46 14 488 352.282112133      -1.15      0.52      0.80  0.        4005.284        173.732       4793.079    0.000  -0.138   0.380   0.
  2017 352  6 46 15 488 352.282123707      -1.25      0.41      0.83  0.        4004.792        175.497       4795.033    0.000  -0.138   0.380   0.
  2017 352  6 46 16 488 352.282135281      -0.85      0.54      1.01  0.        4004.299        177.262       4796.986    0.000  -0.138   0.380   0.
  2017 352  6 46 17 488 352.282146855      -1.10      0.45      0.91  0.        4003.805        179.027       4798.938    0.000  -0.138   0.380   0.
  2017 352  6 46 18 488 352.282158429      -1.24      0.53      0.93  0.        4003.311        180.792       4800.890    0.000  -0.138   0.380   0.
  2017 352  6 46 19 488 352.282170003      -0.97      0.50      1.23  0.        4002.816        182.557       4802.841    0.000  -0.138   0.380   0.
  2017 352  6 46 20 488 352.282181577      -1.04      0.58      1.03  0.        4002.321        184.322       4804.791    0.000  -0.138   0.380   0.
  2017 352  6 46 21 488 352.282193151      -1.16      0.30      1.00  0.        4001.824        186.087       4806.740    0.000  -0.138   0.380   0.
  2017 352  6 46 22 488 352.282204725      -0.62      0.45      1.12  0.        4001.327        187.852       4808.688    0.000  -0.138   0.380   0.
  2017 352  6 46 23 488 352.282216299      -0.97      0.50      0.75  0.        4000.829        189.617       4810.636    0.000  -0.138   0.380   0.
  2017 352  6 46 24 488 352.282227873      -1.17      0.57      0.74  0.        4000.331        191.382       4812.582    0.000  -0.138   0.380   0.
  2017 352  6 46 25 488 352.282239447      -1.09      0.54      0.78  0.        3999.832        193.147       4814.528    0.000  -0.138   0.380   0.
  2017 352  6 46 26 488 352.282251021      -1.02      0.49      0.83  0.        3999.332        194.912       4816.473    0.000  -0.138   0.380   0.
  2017 352  6 46 27 488 352.282262595      -0.96      0.52      0.87  0.        3998.831        196.677       4818.417    0.000  -0.138   0.380   0.
  2017 352  6 46 28 488 352.282274170      -0.95      0.45      0.81  0.        3998.330        198.442       4820.360    0.000  -0.138   0.380   0.
  2017 352  6 46 29 488 352.282285744      -0.92      0.52      0.81  0.        3997.828        200.206       4822.303    0.000  -0.138   0.380   0.
  2017 352  6 46 30 488 352.282297315      -1.07      0.46      0.74  0.        3997.325        201.971       4824.244    0.000  -0.138   0.380   0.
  2017 352  6 46 31 488 352.282308889      -0.97      0.50      0.81  0.        3996.822        203.736       4826.185    0.000  -0.138   0.380   0.
  2017 352  6 46 32 488 352.282320463      -1.04      0.51      0.77  0.        3996.318        205.500       4828.125    0.000  -0.138   0.380   0.
  2017 352  6 46 33 487 352.282332037      -1.03      0.55      0.74  0.        3995.813        207.265       4830.064    0.000  -0.138   0.380   0.
  2017 352  6 46 34 487 352.282343611      -1.14      0.55      0.69  0.        3995.308        209.029       4832.002    0.000  -0.138   0.380   0.
  2017 352  6 46 35 487 352.282355185      -0.99      0.59      0.88  0.        3994.802        210.794       4833.939    0.000  -0.138   0.380   0.
  2017 352  6 46 36 487 352.282366759      -1.14      0.51      0.80  0.        3994.295        212.559       4835.876    0.000  -0.138   0.380   0.
  2017 352  6 46 37 487 352.282378333      -1.05      0.61      0.75  0.        3993.787        214.323       4837.811    0.000  -0.138   0.380   0.
  2017 352  6 46 38 488 352.282389907      -0.84      0.51      1.05  0.        3993.279        216.087       4839.746    0.000  -0.138   0.380   0.
  2017 352  6 46 39 488 352.282401481      -1.20      0.35      0.75  0.        3992.770        217.852       4841.680    0.000  -0.138   0.380   0.
  2017 352  6 46 40 487 352.282413056      -1.05      0.59      0.62  0.        3992.261        219.616       4843.613    0.000  -0.138   0.380   0.
  2017 352  6 46 41 487 352.282424630      -0.94      0.44      0.87  0.        3991.751        221.380       4845.546    0.000  -0.138   0.380   0.
  2017 352  6 46 42 488 352.282436204      -1.21      0.47      0.76  0.        3991.240        223.145       4847.477    0.000  -0.138   0.380   0.
  2017 352  6 46 43 488 352.282447778      -0.88      0.60      0.81  0.        3990.728        224.909       4849.408    0.000  -0.138   0.380   0.
  2017 352  6 46 44 488 352.282459352      -0.84      0.36      0.89  0.        3990.216        226.673       4851.338    0.000  -0.138   0.380   0.
  2017 352  6 46 45 488 352.282470926      -0.78      0.49      0.98  0.        3989.703        228.437       4853.267    0.000  -0.138   0.380   0.
  2017 352  6 46 46 488 352.282482500      -0.99      0.39      0.70  0.        3989.189        230.201       4855.195    0.000  -0.138   0.380   0.
  2017 352  6 46 47 487 352.282494074      -0.76      0.33      0.85  0.        3988.675        231.965       4857.122    0.000  -0.138   0.380   0.
  2017 352  6 46 48 487 352.282505648      -0.90      0.33      0.92  0.        3988.160        233.730       4859.049    0.000  -0.138   0.380   0.
  2017 352  6 46 49 487 352.282517222      -0.57      0.50      0.89  0.        3987.644        235.493       4860.974    0.000  -0.138   0.380   0.
  2017 352  6 46 50 487 352.282528796      -1.00      0.15      0.74  0.        3987.128        237.258       4862.899    0.000  -0.138   0.380   0.
  2017 352  6 46 51 488 352.282540370      -0.70      0.51      1.00  0.        3986.611        239.021       4864.823    0.000  -0.138   0.380   0.
  2017 352  6 46 52 488 352.282551944      -0.56      0.35      0.84  0.        3986.093        240.785       4866.746    0.000  -0.138   0.380   0.
  2017 352  6 46 53 487 352.282563519      -0.67      0.34      0.77  0.        3985.574        242.549       4868.669    0.000  -0.138   0.380   0.
  2017 352  6 46 54 487 352.282575093      -0.76      0.36      0.79  0.        3985.055        244.313       4870.590    0.000  -0.138   0.380   0.
  2017 352  6 46 55 488 352.282586667      -0.66      0.37      0.73  0.        3984.535        246.077       4872.511    0.000  -0.138   0.380   0.
  2017 352  6 46 56 488 352.282598241      -0.65      0.34      0.72  0.        3984.015        247.840       4874.431    0.000  -0.138   0.380   0.
  2017 352  6 46 57 488 352.282609815      -0.75      0.39      0.67  0.        3983.494        249.604       4876.350    0.000  -0.138   0.380   0.
  2017 352  6 46 58 488 352.282621389      -0.82      0.35      0.69  0.        3982.972        251.368       4878.268    0.000  -0.138   0.380   0.
  2017 352  6 46 59 488 352.282632963      -0.80      0.37      0.86  0.        3982.449        253.131       4880.185    0.000  -0.138   0.380   0.
  2017 352  6 47  0 487 352.282644535      -0.91      0.35      0.95  0.        3981.926        254.895       4882.102    0.000  -0.138   0.380   0.
  2017 352  6 47  1 487 352.282656108      -0.90      0.38      0.96  0.        3981.402        256.658       4884.017    0.000  -0.138   0.380   0.
  2017 352  6 47  2 487 352.282667682      -0.75      0.44      0.99  0.        3980.878        258.422       4885.932    0.000  -0.138   0.380   0.
  2017 352  6 47  3 487 352.282679256      -0.72      0.32      1.00  0.        3980.352        260.185       4887.846    0.000  -0.138   0.380   0.
  2017 352  6 47  4 487 352.282690830      -0.81      0.33      0.83  0.        3979.826        261.949       4889.759    0.000  -0.138   0.380   0.
  2017 352  6 47  5 487 352.282702404      -0.77      0.27      0.91  0.        3979.300        263.712       4891.671    0.000  -0.138   0.380   0.
  2017 352  6 47  6 487 352.282713979      -0.83      0.32      0.89  0.        3978.773        265.475       4893.583    0.000  -0.138   0.380   0.
  2017 352  6 47  7 487 352.282725553      -0.72      0.30      0.99  0.        3978.245        267.238       4895.493    0.000  -0.138   0.380   0.
  2017 352  6 47  8 487 352.282737127      -0.85      0.42      0.96  0.        3977.716        269.002       4897.403    0.000  -0.138   0.380   0.
  2017 352  6 47  9 487 352.282748701      -0.85      0.35      0.96  0.        3977.187        270.765       4899.312    0.000  -0.138   0.380   0.
  2017 352  6 47 10 487 352.282760275      -0.99      0.28      0.93  0.        3976.657        272.528       4901.220    0.000  -0.138   0.380   0.
  2017 352  6 47 11 487 352.282771849      -0.64      0.44      0.97  0.        3976.126        274.291       4903.128    0.000  -0.138   0.380   0.
  2017 352  6 47 12 487 352.282783423      -0.74      0.32      0.89  0.        3975.595        276.054       4905.034    0.000  -0.138   0.380   0.
  2017 352  6 47 13 487 352.282794997      -0.64      0.31      0.88  0.        3975.063        277.817       4906.940    0.000  -0.138   0.380   0.
  2017 352  6 47 14 487 352.282806571      -0.77      0.35      0.80  0.        3974.530        279.580       4908.845    0.000  -0.138   0.380   0.
  2017 352  6 47 15 487 352.282818145      -0.91      0.43      0.74  0.        3973.997        281.343       4910.749    0.000  -0.138   0.380   0.
  2017 352  6 47 16 487 352.282829719      -0.99      0.45      0.79  0.        3973.463        283.105       4912.652    0.000  -0.138   0.380   0.
  2017 352  6 47 17 487 352.282841293      -0.94      0.38      0.89  0.        3972.928        284.868       4914.554    0.000  -0.138   0.380   0.
  2017 352  6 47 18 487 352.282852867      -0.89      0.38      0.88  0.        3972.392        286.631       4916.456    0.000  -0.138   0.380   0.
  2017 352  6 47 19 487 352.282864442      -0.73      0.38      0.94  0.        3971.856        288.394       4918.356    0.000  -0.138   0.380   0.
  2017 352  6 47 20 487 352.282876016      -0.76      0.29      0.92  0.        3971.320        290.156       4920.256    0.000  -0.138   0.380   0.
  2017 352  6 47 21 487 352.282887590      -0.60      0.50      0.91  0.        3970.782        291.919       4922.155    0.000  -0.138   0.380   0.
  2017 352  6 47 22 487 352.282899164      -0.91      0.33      0.68  0.        3970.244        293.681       4924.053    0.000  -0.138   0.380   0.
  2017 352  6 47 23 487 352.282910738      -0.66      0.37      0.85  0.        3969.706        295.444       4925.951    0.000  -0.138   0.380   0.
  2017 352  6 47 24 487 352.282922312      -0.62      0.35      0.89  0.        3969.166        297.206       4927.847    0.000  -0.138   0.380   0.
  2017 352  6 47 25 487 352.282933886      -0.85      0.37      0.82  0.        3968.626        298.969       4929.743    0.000  -0.138   0.380   0.
  2017 352  6 47 26 487 352.282945460      -1.08      0.35      0.84  0.        3968.085        300.731       4931.638    0.000  -0.138   0.380   0.
  2017 352  6 47 27 487 352.282957034      -0.97      0.45      0.98  0.        3967.544        302.493       4933.532    0.000  -0.138   0.380   0.
  2017 352  6 47 28 487 352.282968608      -0.85      0.37      0.90  0.        3967.002        304.255       4935.425    0.000  -0.138   0.380   0.
  2017 352  6 47 29 487 352.282980182      -0.77      0.44      0.91  0.        3966.459        306.018       4937.317    0.000  -0.138   0.380   0.
  2017 352  6 47 30 487 352.282991754      -0.80      0.36      0.86  0.        3965.916        307.780       4939.209    0.000  -0.138   0.380   0.
  2017 352  6 47 31 487 352.283003328      -1.00      0.44      0.79  0.        3965.372        309.542       4941.100    0.000  -0.138   0.380   0.
  2017 352  6 47 32 487 352.283014902      -1.02      0.50      0.80  0.        3964.827        311.304       4942.990    0.000  -0.138   0.380   0.
  2017 352  6 47 33 487 352.283026476      -0.95      0.46      0.81  0.        3964.282        313.066       4944.878    0.000  -0.138   0.380   0.
  2017 352  6 47 34 487 352.283038050      -0.96      0.44      1.01  0.        3963.736        314.828       4946.767    0.000  -0.138   0.380   0.
  2017 352  6 47 35 487 352.283049624      -1.12      0.42      0.99  0.        3963.189        316.590       4948.654    0.000  -0.138   0.380   0.
  2017 352  6 47 36 487 352.283061198      -0.87      0.44      1.01  0.        3962.642        318.351       4950.541    0.000  -0.138   0.380   0.
  2017 352  6 47 37 487 352.283072772      -0.72      0.40      0.92  0.        3962.094        320.113       4952.427    0.000  -0.138   0.380   0.
  2017 352  6 47 38 487 352.283084346      -0.68      0.32      0.82  0.        3961.545        321.875       4954.312    0.000  -0.138   0.380   0.
  2017 352  6 47 39 487 352.283095920      -0.83      0.43      0.76  0.        3960.996        323.637       4956.196    0.000  -0.138   0.380   0.
  2017 352  6 47 40 487 352.283107494      -0.72      0.34      0.87  0.        3960.446        325.398       4958.079    0.000  -0.138   0.380   0.
  2017 352  6 47 41 487 352.283119068      -0.79      0.38      0.79  0.        3959.895        327.160       4959.961    0.000  -0.138   0.380   0.
  2017 352  6 47 42 487 352.283130642      -0.94      0.34      0.78  0.        3959.344        328.921       4961.843    0.000  -0.138   0.380   0.
  2017 352  6 47 43 487 352.283142216      -0.83      0.49      0.80  0.        3958.792        330.683       4963.724    0.000  -0.138   0.380   0.
  2017 352  6 47 44 487 352.283153791      -0.85      0.38      0.71  0.        3958.239        332.444       4965.604    0.000  -0.138   0.380   0.
  2017 352  6 47 45 487 352.283165365      -0.91      0.42      0.83  0.        3957.686        334.205       4967.483    0.000  -0.138   0.380   0.
  2017 352  6 47 46 487 352.283176939      -1.07      0.42      0.80  0.        3957.132        335.967       4969.361    0.000  -0.138   0.380   0.
  2017 352  6 47 47 487 352.283188513      -0.78      0.62      0.84  0.        3956.577        337.728       4971.239    0.000  -0.138   0.380   0.
  2017 352  6 47 48 487 352.283200087      -0.76      0.32      0.97  0.        3956.022        339.489       4973.115    0.000  -0.138   0.380   0.
  2017 352  6 47 49 487 352.283211661      -1.22      0.45      0.73  0.        3955.466        341.250       4974.991    0.000  -0.138   0.380   0.
  2017 352  6 47 50 487 352.283223235      -1.41      0.40      0.94  0.        3954.910        343.011       4976.866    0.000  -0.138   0.380   0.
  2017 352  6 47 51 487 352.283234809      -0.66      0.48      1.03  0.        3954.352        344.772       4978.740    0.000  -0.138   0.380   0.
  2017 352  6 47 52 487 352.283246383      -0.58      0.35      0.96  0.        3953.795        346.533       4980.614    0.000  -0.138   0.380   0.
  2017 352  6 47 53 487 352.283257957      -1.15      0.33      0.90  0.        3953.236        348.294       4982.486    0.000  -0.138   0.380   0.
  2017 352  6 47 54 487 352.283269531      -0.59      0.28      0.97  0.        3952.677        350.055       4984.358    0.000  -0.138   0.380   0.
  2017 352  6 47 55 487 352.283281105      -0.48      0.10      1.02  0.        3952.117        351.816       4986.229    0.000  -0.138   0.380   0.
  2017 352  6 47 56 487 352.283292679      -0.74      0.35      0.72  0.        3951.557        353.577       4988.099    0.000  -0.138   0.380   0.
  2017 352  6 47 57 487 352.283304254      -0.83      0.38      0.71  0.        3950.995        355.337       4989.968    0.000  -0.138   0.380   0.
  2017 352  6 47 58 487 352.283315825      -0.84      0.24      0.72  0.        3950.434        357.098       4991.837    0.000  -0.138   0.380   0.
  2017 352  6 47 59 487 352.283327399      -0.80      0.37      0.82  0.        3949.871        358.858       4993.704    0.000  -0.138   0.380   0.
  2017 352  6 48  0 487 352.283338973      -0.82      0.33      0.88  0.        3949.308        360.619       4995.571    0.000  -0.138   0.380   0.
  2017 352  6 48  1 487 352.283350547      -0.47      0.34      1.00  0.        3948.744        362.379       4997.437    0.000  -0.138   0.380   0.
  2017 352  6 48  2 487 352.283362121      -0.77      0.32      0.73  0.        3948.180        364.140       4999.302    0.000  -0.138   0.380   0.
  2017 352  6 48  3 487 352.283373695      -0.87      0.30      0.73  0.        3947.615        365.900       5001.166    0.000  -0.138   0.380   0.
  2017 352  6 48  4 487 352.283385269      -0.80      0.26      0.80  0.        3947.049        367.659       5003.030    0.000  -0.138   0.380   0.
  2017 352  6 48  5 487 352.283396843      -0.68      0.12      0.90  0.        3946.483        369.420       5004.892    0.000  -0.138   0.380   0.
  2017 352  6 48  6 487 352.283408417      -0.74      0.16      0.85  0.        3945.916        371.180       5006.754    0.000  -0.138   0.380   0.
  2017 352  6 48  7 487 352.283419991      -0.70      0.19      0.82  0.        3945.348        372.940       5008.615    0.000  -0.138   0.380   0.
  2017 352  6 48  8 487 352.283431565      -0.71      0.22      0.81  0.        3944.780        374.701       5010.475    0.000  -0.138   0.380   0.
  2017 352  6 48  9 487 352.283443139      -0.76      0.18      0.81  0.        3944.211        376.460       5012.335    0.000  -0.138   0.380   0.
  2017 352  6 48 10 487 352.283454714      -0.81      0.19      0.79  0.        3943.641        378.220       5014.193    0.000  -0.138   0.380   0.
  2017 352  6 48 11 487 352.283466288      -0.85      0.24      0.88  0.        3943.071        379.979       5016.051    0.000  -0.138   0.380   0.
  2017 352  6 48 12 487 352.283477862      -0.94      0.18      0.83  0.        3942.500        381.740       5017.908    0.000  -0.138   0.380   0.
  2017 352  6 48 13 487 352.283489436      -0.72      0.19      1.03  0.        3941.929        383.500       5019.764    0.000  -0.138   0.380   0.
  2017 352  6 48 14 487 352.283501010      -0.69      0.34      0.94  0.        3941.357        385.259       5021.619    0.000  -0.138   0.380   0.
  2017 352  6 48 15 487 352.283512584      -0.95      0.20      0.94  0.        3940.784        387.019       5023.474    0.000  -0.138   0.380   0.
  2017 352  6 48 16 487 352.283524158      -0.87      0.46      0.87  0.        3940.210        388.778       5025.327    0.000  -0.138   0.380   0.
  2017 352  6 48 17 487 352.283535732      -0.74      0.45      0.91  0.        3939.636        390.537       5027.180    0.000  -0.138   0.380   0.
  2017 352  6 48 18 487 352.283547306      -0.82      0.44      0.85  0.        3939.062        392.297       5029.032    0.000  -0.138   0.380   0.
  2017 352  6 48 19 487 352.283558880      -0.88      0.49      0.82  0.        3938.486        394.056       5030.883    0.000  -0.138   0.380   0.
  2017 352  6 48 20 487 352.283570454      -0.89      0.48      0.76  0.        3937.910        395.815       5032.734    0.000  -0.138   0.380   0.
  2017 352  6 48 21 487 352.283582028      -0.86      0.58      0.85  0.        3937.334        397.574       5034.583    0.000  -0.138   0.380   0.
  2017 352  6 48 22 487 352.283593602      -0.76      0.52      0.81  0.        3936.756        399.334       5036.432    0.000  -0.138   0.380   0.
  2017 352  6 48 23 487 352.283605177      -0.93      0.52      0.66  0.        3936.178        401.093       5038.280    0.000  -0.138   0.380   0.
  2017 352  6 48 24 487 352.283616751      -0.89      0.63      0.78  0.        3935.600        402.852       5040.127    0.000  -0.138   0.380   0.
  2017 352  6 48 25 487 352.283628325      -0.91      0.52      0.72  0.        3935.021        404.611       5041.973    0.000  -0.138   0.380   0.
  2017 352  6 48 26 487 352.283639899      -0.94      0.52      0.77  0.        3934.441        406.369       5043.818    0.000  -0.138   0.380   0.
  2017 352  6 48 27 487 352.283651473      -1.14      0.48      0.74  0.        3933.860        408.128       5045.663    0.000  -0.138   0.380   0.
  2017 352  6 48 28 487 352.283663044      -0.85      0.58      0.96  0.        3933.279        409.887       5047.507    0.000  -0.138   0.380   0.
  2017 352  6 48 29 486 352.283674618      -0.99      0.36      0.82  0.        3932.697        411.646       5049.350    0.000  -0.138   0.380   0.
  2017 352  6 48 30 486 352.283686192      -1.06      0.60      0.88  0.        3932.115        413.404       5051.192    0.000  -0.138   0.380   0.
  2017 352  6 48 31 486 352.283697766      -1.16      0.36      1.05  0.        3931.532        415.163       5053.033    0.000  -0.138   0.380   0.
  2017 352  6 48 32 486 352.283709340      -0.85      0.63      0.98  0.        3930.948        416.921       5054.874    0.000  -0.138   0.380   0.
  2017 352  6 48 33 487 352.283720914      -0.79      0.49      0.97  0.        3930.364        418.680       5056.713    0.000  -0.138   0.380   0.
  2017 352  6 48 34 487 352.283732488      -0.87      0.39      0.91  0.        3929.779        420.438       5058.552    0.000  -0.138   0.380   0.
  2017 352  6 48 35 486 352.283744063      -0.91      0.47      0.77  0.        3929.193        422.196       5060.390    0.000  -0.138   0.380   0.
  2017 352  6 48 36 486 352.283755637      -0.79      0.37      0.91  0.        3928.607        423.954       5062.227    0.000  -0.138   0.380   0.
  2017 352  6 48 37 487 352.283767211      -0.85      0.46      0.89  0.        3928.020        425.712       5064.064    0.000  -0.138   0.380   0.
  2017 352  6 48 38 487 352.283778785      -0.82      0.31      0.91  0.        3927.433        427.470       5065.899    0.000  -0.138   0.380   0.
  2017 352  6 48 39 487 352.283790359      -0.95      0.40      0.89  0.        3926.845        429.228       5067.734    0.000  -0.138   0.380   0.
  2017 352  6 48 40 487 352.283801933      -0.93      0.37      0.90  0.        3926.256        430.986       5069.568    0.000  -0.138   0.380   0.
  2017 352  6 48 41 487 352.283813507      -0.90      0.27      0.93  0.        3925.667        432.744       5071.401    0.000  -0.138   0.380   0.
  2017 352  6 48 42 486 352.283825081      -0.82      0.29      0.97  0.        3925.077        434.502       5073.233    0.000  -0.138   0.380   0.
  2017 352  6 48 43 486 352.283836655      -0.94      0.23      0.96  0.        3924.486        436.260       5075.065    0.000  -0.138   0.380   0.
  2017 352  6 48 44 486 352.283848229      -0.87      0.26      1.08  0.        3923.895        438.017       5076.896    0.000  -0.138   0.380   0.
  2017 352  6 48 45 486 352.283859803      -0.95      0.19      1.02  0.        3923.303        439.775       5078.726    0.000  -0.138   0.380   0.
  2017 352  6 48 46 486 352.283871377      -0.86      0.21      1.07  0.        3922.710        441.532       5080.555    0.000  -0.138   0.380   0.
  2017 352  6 48 47 487 352.283882951      -0.80      0.15      1.06  0.        3922.117        443.290       5082.383    0.000  -0.138   0.380   0.
  2017 352  6 48 48 487 352.283894525      -0.64      0.17      0.98  0.        3921.523        445.047       5084.210    0.000  -0.138   0.380   0.
  2017 352  6 48 49 486 352.283906100      -0.84      0.26      0.95  0.        3920.929        446.805       5086.037    0.000  -0.138   0.380   0.
  2017 352  6 48 50 486 352.283917674      -0.85      0.34      0.95  0.        3920.334        448.562       5087.863    0.000  -0.138   0.380   0.
  2017 352  6 48 51 487 352.283929248      -0.86      0.40      0.92  0.        3919.738        450.319       5089.688    0.000  -0.138   0.380   0.
  2017 352  6 48 52 487 352.283940822      -0.89      0.36      0.89  0.        3919.142        452.076       5091.511    0.000  -0.138   0.380   0.
  2017 352  6 48 53 487 352.283952396      -0.81      0.36      0.95  0.        3918.545        453.833       5093.335    0.000  -0.138   0.380   0.
  2017 352  6 48 54 487 352.283963970      -0.86      0.40      0.86  0.        3917.947        455.590       5095.158    0.000  -0.138   0.380   0.
  2017 352  6 48 55 487 352.283975544      -0.88      0.44      0.81  0.        3917.349        457.347       5096.979    0.000  -0.138   0.380   0.
  2017 352  6 48 56 486 352.283987118      -0.84      0.42      0.81  0.        3916.750        459.103       5098.800    0.000  -0.138   0.380   0.
  2017 352  6 48 57 486 352.283998692      -0.71      0.39      0.85  0.        3916.151        460.860       5100.620    0.000  -0.138   0.380   0.
  2017 352  6 48 58 486 352.284010264      -0.72      0.36      0.82  0.        3915.551        462.617       5102.440    0.000  -0.138   0.380   0.
  2017 352  6 48 59 486 352.284021837      -0.78      0.35      0.78  0.        3914.950        464.373       5104.258    0.000  -0.138   0.380   0.
  2017 352  6 49  0 486 352.284033411      -0.76      0.44      0.83  0.        3914.349        466.130       5106.076    0.000  -0.138   0.380   0.
  2017 352  6 49  1 486 352.284044986      -0.75      0.45      0.90  0.        3913.747        467.886       5107.893    0.000  -0.138   0.380   0.
  2017 352  6 49  2 486 352.284056560      -0.76      0.48      0.86  0.        3913.144        469.643       5109.709    0.000  -0.138   0.380   0.
  2017 352  6 49  3 486 352.284068134      -0.84      0.52      0.85  0.        3912.541        471.399       5111.524    0.000  -0.138   0.380   0.
  2017 352  6 49  4 486 352.284079708      -0.75      0.39      0.89  0.        3911.938        473.155       5113.338    0.000  -0.138   0.380   0.
  2017 352  6 49  5 486 352.284091282      -0.82      0.40      0.87  0.        3911.333        474.911       5115.152    0.000  -0.138   0.380   0.
  2017 352  6 49  6 486 352.284102856      -0.79      0.45      0.90  0.        3910.728        476.667       5116.965    0.000  -0.138   0.380   0.
  2017 352  6 49  7 486 352.284114430      -0.74      0.32      0.95  0.        3910.122        478.423       5118.777    0.000  -0.138   0.380   0.
  2017 352  6 49  8 486 352.284126004      -0.69      0.41      0.99  0.        3909.516        480.179       5120.588    0.000  -0.138   0.380   0.
  2017 352  6 49  9 486 352.284137578      -0.83      0.33      0.95  0.        3908.909        481.935       5122.398    0.000  -0.138   0.380   0.
  2017 352  6 49 10 486 352.284149152      -0.76      0.36      0.99  0.        3908.302        483.691       5124.207    0.000  -0.138   0.380   0.
  2017 352  6 49 11 486 352.284160726      -0.97      0.41      0.84  0.        3907.694        485.446       5126.016    0.000  -0.138   0.380   0.
  2017 352  6 49 12 486 352.284172300      -0.66      0.41      1.03  0.        3907.085        487.202       5127.824    0.000  -0.138   0.380   0.
  2017 352  6 49 13 486 352.284183874      -0.83      0.40      0.93  0.        3906.476        488.957       5129.631    0.000  -0.138   0.380   0.
  2017 352  6 49 14 486 352.284195448      -1.08      0.53      0.83  0.        3905.866        490.713       5131.437    0.000  -0.138   0.380   0.
  2017 352  6 49 15 486 352.284207023      -0.84      0.47      0.86  0.        3905.255        492.468       5133.243    0.000  -0.138   0.380   0.
  2017 352  6 49 16 486 352.284218597      -0.61      0.43      0.96  0.        3904.644        494.223       5135.048    0.000  -0.138   0.380   0.
  2017 352  6 49 17 486 352.284230171      -1.13      0.28      0.85  0.        3904.032        495.979       5136.851    0.000  -0.138   0.380   0.
  2017 352  6 49 18 486 352.284241745      -0.83      0.46      0.89  0.        3903.419        497.734       5138.654    0.000  -0.138   0.380   0.
  2017 352  6 49 19 486 352.284253319      -0.66      0.37      0.92  0.        3902.806        499.489       5140.457    0.000  -0.138   0.380   0.
  2017 352  6 49 20 486 352.284264893      -0.65      0.38      0.84  0.        3902.193        501.244       5142.258    0.000  -0.138   0.380   0.
  2017 352  6 49 21 486 352.284276467      -0.78      0.34      0.74  0.        3901.578        502.999       5144.058    0.000  -0.138   0.380   0.
  2017 352  6 49 22 486 352.284288041      -0.74      0.32      0.81  0.        3900.964        504.753       5145.858    0.000  -0.138   0.380   0.
  2017 352  6 49 23 486 352.284299615      -0.69      0.41      0.79  0.        3900.348        506.508       5147.657    0.000  -0.138   0.380   0.
  2017 352  6 49 24 486 352.284311189      -0.92      0.43      0.73  0.        3899.732        508.263       5149.455    0.000  -0.138   0.380   0.
  2017 352  6 49 25 486 352.284322763      -0.86      0.32      0.81  0.        3899.115        510.017       5151.253    0.000  -0.138   0.380   0.
  2017 352  6 49 26 486 352.284334337      -0.62      0.36      0.90  0.        3898.498        511.772       5153.049    0.000  -0.138   0.380   0.
  2017 352  6 49 27 486 352.284345911      -0.70      0.40      0.74  0.        3897.880        513.526       5154.845    0.000  -0.138   0.380   0.
  2017 352  6 49 28 486 352.284357483      -0.80      0.30      0.61  0.        3897.261        515.280       5156.640    0.000  -0.138   0.380   0.
  2017 352  6 49 29 486 352.284369057      -0.77      0.39      0.77  0.        3896.642        517.035       5158.434    0.000  -0.138   0.380   0.
  2017 352  6 49 30 486 352.284380631      -0.91      0.45      0.72  0.        3896.022        518.789       5160.227    0.000  -0.138   0.380   0.
  2017 352  6 49 31 486 352.284392205      -0.85      0.41      0.76  0.        3895.402        520.543       5162.020    0.000  -0.138   0.380   0.
  2017 352  6 49 32 486 352.284403779      -0.93      0.39      0.74  0.        3894.781        522.297       5163.812    0.000  -0.138   0.380   0.
  2017 352  6 49 33 486 352.284415353      -0.97      0.40      0.70  0.        3894.159        524.051       5165.602    0.000  -0.138   0.380   0.
  2017 352  6 49 34 486 352.284426927      -0.85      0.49      0.77  0.        3893.537        525.805       5167.393    0.000  -0.138   0.380   0.
  2017 352  6 49 35 486 352.284438501      -0.92      0.37      0.74  0.        3892.914        527.559       5169.182    0.000  -0.138   0.380   0.
  2017 352  6 49 36 486 352.284450075      -0.89      0.43      0.73  0.        3892.291        529.312       5170.970    0.000  -0.138   0.380   0.
  2017 352  6 49 37 486 352.284461649      -0.89      0.47      0.78  0.        3891.666        531.066       5172.758    0.000  -0.138   0.380   0.
  2017 352  6 49 38 486 352.284473223      -0.92      0.38      0.75  0.        3891.042        532.819       5174.545    0.000  -0.138   0.380   0.
  2017 352  6 49 39 486 352.284484797      -0.90      0.42      0.83  0.        3890.417        534.573       5176.331    0.000  -0.138   0.380   0.
  2017 352  6 49 40 486 352.284496372      -0.89      0.37      0.86  0.        3889.791        536.326       5178.116    0.000  -0.138   0.380   0.
  2017 352  6 49 41 486 352.284507946      -0.95      0.52      0.85  0.        3889.164        538.079       5179.900    0.000  -0.138   0.380   0.
  2017 352  6 49 42 486 352.284519520      -1.01      0.56      0.77  0.        3888.537        539.832       5181.684    0.000  -0.138   0.380   0.
  2017 352  6 49 43 486 352.284531094      -0.84      0.52      0.87  0.        3887.909        541.586       5183.467    0.000  -0.138   0.380   0.
  2017 352  6 49 44 486 352.284542668      -0.94      0.33      0.74  0.        3887.281        543.339       5185.249    0.000  -0.138   0.380   0.
  2017 352  6 49 45 486 352.284554242      -0.68      0.41      0.91  0.        3886.652        545.091       5187.030    0.000  -0.138   0.380   0.
  2017 352  6 49 46 486 352.284565816      -1.03      0.28      0.75  0.        3886.023        546.844       5188.810    0.000  -0.138   0.380   0.
  2017 352  6 49 47 486 352.284577390      -0.99      0.34      0.85  0.        3885.393        548.597       5190.590    0.000  -0.138   0.380   0.
  2017 352  6 49 48 486 352.284588964      -0.96      0.45      0.84  0.        3884.762        550.350       5192.369    0.000  -0.138   0.380   0.
  2017 352  6 49 49 486 352.284600538      -0.89      0.39      0.90  0.        3884.131        552.102       5194.147    0.000  -0.138   0.380   0.
  2017 352  6 49 50 486 352.284612112      -0.96      0.40      0.74  0.        3883.499        553.855       5195.924    0.000  -0.138   0.380   0.
  2017 352  6 49 51 486 352.284623686      -1.07      0.38      0.71  0.        3882.866        555.607       5197.700    0.000  -0.138   0.380   0.
  2017 352  6 49 52 486 352.284635260      -0.95      0.30      0.80  0.        3882.233        557.360       5199.476    0.000  -0.138   0.380   0.
  2017 352  6 49 53 486 352.284646834      -1.01      0.45      0.76  0.        3881.599        559.112       5201.251    0.000  -0.138   0.380   0.
  2017 352  6 49 54 486 352.284658409      -0.83      0.30      0.80  0.        3880.965        560.864       5203.024    0.000  -0.138   0.380   0.
  2017 352  6 49 55 486 352.284669983      -0.96      0.45      0.74  0.        3880.330        562.616       5204.798    0.000  -0.138   0.380   0.
  2017 352  6 49 56 486 352.284681554      -1.00      0.52      0.69  0.        3879.695        564.368       5206.570    0.000  -0.138   0.380   0.
  2017 352  6 49 57 486 352.284693128      -0.99      0.42      0.67  0.        3879.059        566.120       5208.341    0.000  -0.138   0.380   0.
  2017 352  6 49 58 486 352.284704702      -0.96      0.43      0.69  0.        3878.422        567.872       5210.112    0.000  -0.138   0.380   0.
  2017 352  6 49 59 486 352.284716276      -0.91      0.47      0.74  0.        3877.785        569.624       5211.882    0.000  -0.138   0.380   0.
  2017 352  6 50  0 486 352.284727850      -0.84      0.42      0.71  0.        3877.147        571.375       5213.651    0.000  -0.138   0.380   0.
  2017 352  6 50  1 486 352.284739424      -0.91      0.47      0.68  0.        3876.508        573.127       5215.419    0.000  -0.138   0.380   0.
  2017 352  6 50  2 486 352.284750998      -0.79      0.41      0.74  0.        3875.869        574.878       5217.187    0.000  -0.138   0.380   0.
  2017 352  6 50  3 486 352.284762572      -0.81      0.36      0.73  0.        3875.229        576.630       5218.954    0.000  -0.138   0.380   0.
  2017 352  6 50  4 486 352.284774146      -0.86      0.38      0.65  0.        3874.589        578.381       5220.720    0.000  -0.138   0.380   0.
  2017 352  6 50  5 486 352.284785721      -0.89      0.41      0.63  0.        3873.948        580.132       5222.485    0.000  -0.138   0.380   0.
  2017 352  6 50  6 486 352.284797295      -0.90      0.42      0.64  0.        3873.307        581.883       5224.249    0.000  -0.138   0.380   0.
  2017 352  6 50  7 486 352.284808869      -0.86      0.40      0.67  0.        3872.665        583.634       5226.012    0.000  -0.138   0.380   0.
  2017 352  6 50  8 486 352.284820443      -0.93      0.35      0.66  0.        3872.022        585.385       5227.775    0.000  -0.138   0.380   0.
  2017 352  6 50  9 486 352.284832017      -0.92      0.34      0.72  0.        3871.379        587.136       5229.537    0.000  -0.138   0.380   0.
  2017 352  6 50 10 486 352.284843591      -1.02      0.35      0.74  0.        3870.735        588.887       5231.298    0.000  -0.138   0.380   0.
  2017 352  6 50 11 486 352.284855165      -0.89      0.35      0.80  0.        3870.090        590.637       5233.059    0.000  -0.138   0.380   0.
  2017 352  6 50 12 486 352.284866739      -0.84      0.30      0.79  0.        3869.445        592.388       5234.818    0.000  -0.138   0.380   0.
  2017 352  6 50 13 486 352.284878313      -0.91      0.33      0.74  0.        3868.800        594.138       5236.577    0.000  -0.138   0.380   0.
  2017 352  6 50 14 486 352.284889887      -0.87      0.32      0.75  0.        3868.153        595.889       5238.334    0.000  -0.138   0.380   0.
  2017 352  6 50 15 486 352.284901461      -0.85      0.31      0.74  0.        3867.507        597.639       5240.091    0.000  -0.138   0.380   0.
  2017 352  6 50 16 486 352.284913035      -0.88      0.37      0.73  0.        3866.859        599.389       5241.848    0.000  -0.138   0.380   0.
  2017 352  6 50 17 486 352.284924609      -0.87      0.36      0.70  0.        3866.211        601.139       5243.603    0.000  -0.138   0.380   0.
  2017 352  6 50 18 486 352.284936183      -0.84      0.26      0.71  0.        3865.563        602.889       5245.358    0.000  -0.138   0.380   0.
  2017 352  6 50 19 486 352.284947758      -1.00      0.35      0.71  0.        3864.913        604.639       5247.112    0.000  -0.138   0.380   0.
  2017 352  6 50 20 486 352.284959332      -1.06      0.53      0.77  0.        3864.264        606.389       5248.865    0.000  -0.138   0.380   0.
  2017 352  6 50 21 486 352.284970906      -0.90      0.52      0.73  0.        3863.613        608.139       5250.617    0.000  -0.138   0.380   0.
  2017 352  6 50 22 486 352.284982480      -0.85      0.35      0.70  0.        3862.962        609.889       5252.369    0.000  -0.138   0.380   0.
  2017 352  6 50 23 486 352.284994054      -0.83      0.26      0.77  0.        3862.311        611.638       5254.119    0.000  -0.138   0.380   0.
  2017 352  6 50 24 486 352.285005628      -0.91      0.22      0.74  0.        3861.659        613.388       5255.869    0.000  -0.138   0.380   0.
  2017 352  6 50 25 486 352.285017202      -0.88      0.36      0.83  0.        3861.006        615.137       5257.618    0.000  -0.138   0.380   0.
  2017 352  6 50 26 485 352.285028773      -0.85      0.43      0.78  0.        3860.353        616.886       5259.366    0.000  -0.138   0.380   0.
  2017 352  6 50 27 485 352.285040347      -0.83      0.40      0.74  0.        3859.699        618.636       5261.114    0.000  -0.138   0.380   0.
  2017 352  6 50 28 485 352.285051921      -0.92      0.37      0.80  0.        3859.044        620.385       5262.861    0.000  -0.138   0.380   0.
  2017 352  6 50 29 486 352.285063495      -0.93      0.37      0.87  0.        3858.389        622.134       5264.606    0.000  -0.138   0.380   0.
  2017 352  6 50 30 486 352.285075069      -0.86      0.34      0.90  0.        3857.734        623.882       5266.351    0.000  -0.138   0.380   0.
  2017 352  6 50 31 485 352.285086643      -0.83      0.39      0.88  0.        3857.077        625.631       5268.096    0.000  -0.138   0.380   0.
  2017 352  6 50 32 485 352.285098218      -0.80      0.37      0.86  0.        3856.421        627.380       5269.839    0.000  -0.138   0.380   0.
  2017 352  6 50 33 486 352.285109792      -0.86      0.34      0.81  0.        3855.763        629.129       5271.582    0.000  -0.138   0.380   0.
  2017 352  6 50 34 486 352.285121366      -0.89      0.38      0.83  0.        3855.105        630.877       5273.324    0.000  -0.138   0.380   0.
  2017 352  6 50 35 486 352.285132940      -0.81      0.33      0.79  0.        3854.447        632.626       5275.065    0.000  -0.138   0.380   0.
  2017 352  6 50 36 486 352.285144514      -0.78      0.30      0.77  0.        3853.788        634.374       5276.805    0.000  -0.138   0.380   0.
  2017 352  6 50 37 486 352.285156088      -0.81      0.35      0.77  0.        3853.128        636.122       5278.545    0.000  -0.138   0.380   0.
  2017 352  6 50 38 485 352.285167662      -0.77      0.34      0.81  0.        3852.468        637.870       5280.283    0.000  -0.138   0.380   0.
  2017 352  6 50 39 485 352.285179236      -0.77      0.36      0.78  0.        3851.807        639.618       5282.021    0.000  -0.138   0.380   0.
  2017 352  6 50 40 485 352.285190810      -0.79      0.34      0.76  0.        3851.145        641.366       5283.758    0.000  -0.138   0.380   0.
  2017 352  6 50 41 485 352.285202384      -0.79      0.30      0.74  0.        3850.483        643.114       5285.495    0.000  -0.138   0.380   0.
  2017 352  6 50 42 485 352.285213958      -0.77      0.28      0.74  0.        3849.821        644.862       5287.230    0.000  -0.138   0.380   0.
  2017 352  6 50 43 486 352.285225532      -0.79      0.27      0.75  0.        3849.157        646.610       5288.965    0.000  -0.138   0.380   0.
  2017 352  6 50 44 486 352.285237107      -0.80      0.28      0.74  0.        3848.494        648.357       5290.699    0.000  -0.138   0.380   0.
  2017 352  6 50 45 485 352.285248681      -0.81      0.29      0.78  0.        3847.829        650.105       5292.432    0.000  -0.138   0.380   0.
  2017 352  6 50 46 485 352.285260255      -0.82      0.33      0.76  0.        3847.164        651.852       5294.164    0.000  -0.138   0.379   0.
  2017 352  6 50 47 486 352.285271829      -0.86      0.31      0.75  0.        3846.499        653.599       5295.896    0.000  -0.138   0.379   0.
  2017 352  6 50 48 486 352.285283403      -0.96      0.33      0.77  0.        3845.833        655.347       5297.626    0.000  -0.138   0.380   0.
  2017 352  6 50 49 486 352.285294977      -0.99      0.37      0.80  0.        3845.166        657.094       5299.356    0.000  -0.138   0.380   0.
  2017 352  6 50 50 486 352.285306551      -0.95      0.38      0.83  0.        3844.499        658.841       5301.085    0.000  -0.138   0.380   0.
  2017 352  6 50 51 486 352.285318125      -0.78      0.30      0.89  0.        3843.831        660.588       5302.814    0.000  -0.138   0.380   0.
  2017 352  6 50 52 485 352.285329699      -0.76      0.31      0.85  0.        3843.163        662.334       5304.541    0.000  -0.138   0.380   0.
  2017 352  6 50 53 485 352.285341273      -0.81      0.32      0.82  0.        3842.494        664.081       5306.268    0.000  -0.138   0.380   0.
  2017 352  6 50 54 485 352.285352845      -0.82      0.32      0.84  0.        3841.824        665.828       5307.994    0.000  -0.138   0.380   0.
  2017 352  6 50 55 485 352.285364418      -0.96      0.25      0.82  0.        3841.154        667.574       5309.719    0.000  -0.138   0.380   0.
  2017 352  6 50 56 485 352.285375992      -0.57      0.38      1.05  0.        3840.483        669.320       5311.443    0.000  -0.138   0.380   0.
  2017 352  6 50 57 485 352.285387567      -0.86      0.24      0.88  0.        3839.812        671.067       5313.167    0.000  -0.138   0.380   0.
  2017 352  6 50 58 485 352.285399141      -0.86      0.32      0.89  0.        3839.141        672.813       5314.890    0.000  -0.138   0.380   0.
  2017 352  6 50 59 485 352.285410715      -0.87      0.30      0.87  0.        3838.468        674.559       5316.612    0.000  -0.138   0.380   0.
  2017 352  6 51  0 485 352.285422289      -0.82      0.24      1.03  0.        3837.795        676.305       5318.333    0.000  -0.138   0.380   0.
  2017 352  6 51  1 485 352.285433863      -0.68      0.21      1.01  0.        3837.121        678.051       5320.053    0.000  -0.138   0.380   0.
  2017 352  6 51  2 485 352.285445437      -0.74      0.17      0.90  0.        3836.447        679.797       5321.773    0.000  -0.138   0.380   0.
  2017 352  6 51  3 485 352.285457011      -0.74      0.25      0.91  0.        3835.772        681.542       5323.492    0.000  -0.138   0.380   0.
  2017 352  6 51  4 485 352.285468585      -0.72      0.28      0.85  0.        3835.097        683.288       5325.210    0.000  -0.138   0.380   0.
  2017 352  6 51  5 485 352.285480159      -0.84      0.30      0.83  0.        3834.421        685.033       5326.927    0.000  -0.138   0.380   0.
  2017 352  6 51  6 485 352.285491733      -0.80      0.31      0.79  0.        3833.745        686.779       5328.643    0.000  -0.138   0.380   0.
  2017 352  6 51  7 485 352.285503307      -0.72      0.25      0.82  0.        3833.068        688.524       5330.359    0.000  -0.138   0.380   0.
  2017 352  6 51  8 485 352.285514881      -0.79      0.27      0.83  0.        3832.390        690.269       5332.074    0.000  -0.138   0.380   0.
  2017 352  6 51  9 485 352.285526455      -0.72      0.22      0.94  0.        3831.712        692.014       5333.788    0.000  -0.138   0.380   0.
  2017 352  6 51 10 485 352.285538029      -0.77      0.24      0.84  0.        3831.034        693.759       5335.501    0.000  -0.138   0.380   0.
  2017 352  6 51 11 485 352.285549604      -0.92      0.22      0.85  0.        3830.354        695.504       5337.214    0.000  -0.138   0.380   0.
  2017 352  6 51 12 485 352.285561178      -0.94      0.25      0.87  0.        3829.674        697.249       5338.925    0.000  -0.138   0.380   0.
  2017 352  6 51 13 485 352.285572752      -0.89      0.30      0.90  0.        3828.994        698.994       5340.636    0.000  -0.138   0.380   0.
  2017 352  6 51 14 485 352.285584326      -0.94      0.33      0.88  0.        3828.313        700.738       5342.346    0.000  -0.138   0.380   0.
  2017 352  6 51 15 485 352.285595900      -0.90      0.23      0.98  0.        3827.632        702.483       5344.056    0.000  -0.138   0.380   0.
  2017 352  6 51 16 485 352.285607474      -0.86      0.20      0.89  0.        3826.949        704.227       5345.764    0.000  -0.138   0.380   0.
  2017 352  6 51 17 485 352.285619048      -0.73      0.30      0.97  0.        3826.267        705.971       5347.472    0.000  -0.138   0.380   0.
  2017 352  6 51 18 485 352.285630622      -0.84      0.29      0.85  0.        3825.584        707.716       5349.179    0.000  -0.138   0.380   0.
  2017 352  6 51 19 485 352.285642196      -0.88      0.27      0.78  0.        3824.900        709.459       5350.885    0.000  -0.138   0.380   0.
  2017 352  6 51 20 485 352.285653770      -0.87      0.31      0.81  0.        3824.215        711.204       5352.590    0.000  -0.138   0.380   0.
  2017 352  6 51 21 485 352.285665344      -0.92      0.29      0.73  0.        3823.531        712.947       5354.295    0.000  -0.138   0.380   0.
  2017 352  6 51 22 485 352.285676918      -0.83      0.23      0.81  0.        3822.845        714.691       5355.998    0.000  -0.138   0.380   0.
  2017 352  6 51 23 485 352.285688492      -0.85      0.26      0.81  0.        3822.159        716.435       5357.701    0.000  -0.138   0.380   0.
  2017 352  6 51 24 485 352.285700064      -1.01      0.29      0.74  0.        3821.472        718.178       5359.403    0.000  -0.138   0.380   0.
  2017 352  6 51 25 485 352.285711638      -0.76      0.30      0.91  0.        3820.785        719.922       5361.105    0.000  -0.138   0.380   0.
  2017 352  6 51 26 485 352.285723212      -1.01      0.26      0.71  0.        3820.097        721.665       5362.805    0.000  -0.138   0.380   0.
  2017 352  6 51 27 485 352.285734786      -0.96      0.41      0.88  0.        3819.409        723.408       5364.505    0.000  -0.138   0.380   0.
  2017 352  6 51 28 485 352.285746360      -0.70      0.15      0.84  0.        3818.720        725.151       5366.204    0.000  -0.138   0.380   0.
  2017 352  6 51 29 485 352.285757934      -0.86      0.23      0.84  0.        3818.031        726.894       5367.903    0.000  -0.138   0.380   0.
  2017 352  6 51 30 485 352.285769508      -0.96      0.22      0.81  0.        3817.341        728.637       5369.600    0.000  -0.138   0.379   0.
  2017 352  6 51 31 485 352.285781082      -0.89      0.28      0.79  0.        3816.650        730.380       5371.296    0.000  -0.138   0.379   0.
  2017 352  6 51 32 485 352.285792656      -0.82      0.30      0.80  0.        3815.959        732.122       5372.993    0.000  -0.138   0.380   0.
  2017 352  6 51 33 485 352.285804230      -0.90      0.30      0.78  0.        3815.268        733.865       5374.688    0.000  -0.138   0.380   0.
  2017 352  6 51 34 485 352.285815804      -0.86      0.27      0.75  0.        3814.575        735.608       5376.382    0.000  -0.138   0.380   0.
  2017 352  6 51 35 485 352.285827378      -0.77      0.25      0.73  0.        3813.883        737.350       5378.075    0.000  -0.138   0.380   0.
  2017 352  6 51 36 485 352.285838953      -0.81      0.25      0.75  0.        3813.189        739.092       5379.768    0.000  -0.138   0.380   0.
  2017 352  6 51 37 485 352.285850527      -0.80      0.23      0.78  0.        3812.495        740.834       5381.460    0.000  -0.138   0.380   0.
  2017 352  6 51 38 485 352.285862101      -0.71      0.16      0.76  0.        3811.801        742.576       5383.151    0.000  -0.138   0.380   0.
  2017 352  6 51 39 485 352.285873675      -0.67      0.20      0.73  0.        3811.106        744.318       5384.841    0.000  -0.138   0.380   0.
  2017 352  6 51 40 485 352.285885249      -0.65      0.23      0.74  0.        3810.410        746.060       5386.531    0.000  -0.138   0.380   0.
  2017 352  6 51 41 485 352.285896823      -0.64      0.20      0.70  0.        3809.714        747.802       5388.220    0.000  -0.138   0.380   0.
  2017 352  6 51 42 485 352.285908397      -0.67      0.19      0.73  0.        3809.018        749.543       5389.908    0.000  -0.138   0.380   0.
  2017 352  6 51 43 485 352.285919971      -0.70      0.18      0.72  0.        3808.320        751.285       5391.595    0.000  -0.138   0.380   0.
  2017 352  6 51 44 485 352.285931545      -0.70      0.20      0.72  0.        3807.623        753.026       5393.281    0.000  -0.138   0.380   0.
  2017 352  6 51 45 485 352.285943119      -0.77      0.22      0.74  0.        3806.924        754.767       5394.967    0.000  -0.138   0.380   0.
  2017 352  6 51 46 485 352.285954693      -0.75      0.22      0.74  0.        3806.225        756.509       5396.652    0.000  -0.138   0.380   0.
  2017 352  6 51 47 485 352.285966267      -0.74      0.20      0.74  0.        3805.526        758.250       5398.336    0.000  -0.138   0.380   0.
  2017 352  6 51 48 485 352.285977841      -0.76      0.23      0.76  0.        3804.826        759.991       5400.019    0.000  -0.138   0.380   0.
  2017 352  6 51 49 485 352.285989416      -0.82      0.24      0.76  0.        3804.125        761.731       5401.702    0.000  -0.138   0.380   0.
  2017 352  6 51 50 485 352.286000990      -0.80      0.26      0.75  0.        3803.424        763.472       5403.383    0.000  -0.138   0.380   0.
  2017 352  6 51 51 485 352.286012564      -0.93      0.29      0.78  0.        3802.723        765.213       5405.064    0.000  -0.138   0.380   0.
  2017 352  6 51 52 485 352.286024135      -0.99      0.33      0.76  0.        3802.021        766.953       5406.744    0.000  -0.138   0.380   0.
  2017 352  6 51 53 485 352.286035709      -0.88      0.32      0.81  0.        3801.318        768.694       5408.424    0.000  -0.138   0.380   0.
  2017 352  6 51 54 485 352.286047283      -0.79      0.32      0.80  0.        3800.614        770.434       5410.102    0.000  -0.138   0.380   0.
  2017 352  6 51 55 485 352.286058857      -0.80      0.38      0.71  0.        3799.911        772.174       5411.780    0.000  -0.138   0.380   0.
  2017 352  6 51 56 485 352.286070431      -0.80      0.43      0.75  0.        3799.206        773.914       5413.457    0.000  -0.138   0.380   0.
  2017 352  6 51 57 485 352.286082005      -0.84      0.38      0.77  0.        3798.501        775.654       5415.133    0.000  -0.138   0.380   0.
  2017 352  6 51 58 485 352.286093579      -0.94      0.40      0.72  0.        3797.796        777.394       5416.809    0.000  -0.138   0.380   0.
  2017 352  6 51 59 485 352.286105153      -0.86      0.45      0.73  0.        3797.090        779.134       5418.483    0.000  -0.138   0.380   0.
  2017 352  6 52  0 485 352.286116727      -0.77      0.37      0.77  0.        3796.383        780.873       5420.157    0.000  -0.138   0.380   0.
  2017 352  6 52  1 485 352.286128302      -0.82      0.29      0.80  0.        3795.676        782.613       5421.830    0.000  -0.138   0.380   0.
  2017 352  6 52  2 485 352.286139876      -0.65      0.32      0.90  0.        3794.968        784.352       5423.503    0.000  -0.138   0.380   0.
  2017 352  6 52  3 485 352.286151450      -0.71      0.31      0.88  0.        3794.260        786.091       5425.174    0.000  -0.138   0.380   0.
  2017 352  6 52  4 485 352.286163024      -0.69      0.35      0.86  0.        3793.551        787.830       5426.845    0.000  -0.138   0.380   0.
  2017 352  6 52  5 485 352.286174598      -0.70      0.33      0.78  0.        3792.842        789.569       5428.515    0.000  -0.138   0.380   0.
  2017 352  6 52  6 485 352.286186172      -0.77      0.35      0.69  0.        3792.132        791.308       5430.184    0.000  -0.138   0.380   0.
  2017 352  6 52  7 485 352.286197746      -0.85      0.44      0.78  0.        3791.421        793.047       5431.852    0.000  -0.138   0.380   0.
  2017 352  6 52  8 485 352.286209320      -0.85      0.51      0.69  0.        3790.711        794.786       5433.520    0.000  -0.138   0.380   0.
  2017 352  6 52  9 485 352.286220894      -0.91      0.52      0.67  0.        3789.999        796.525       5435.187    0.000  -0.138   0.380   0.
  2017 352  6 52 10 485 352.286232468      -0.89      0.55      0.66  0.        3789.287        798.263       5436.853    0.000  -0.138   0.380   0.
  2017 352  6 52 11 485 352.286244042      -0.92      0.48      0.63  0.        3788.574        800.001       5438.518    0.000  -0.138   0.380   0.
  2017 352  6 52 12 485 352.286255616      -0.86      0.48      0.68  0.        3787.861        801.740       5440.182    0.000  -0.138   0.380   0.
  2017 352  6 52 13 485 352.286267190      -0.87      0.48      0.66  0.        3787.147        803.478       5441.846    0.000  -0.138   0.380   0.
  2017 352  6 52 14 485 352.286278764      -0.89      0.45      0.64  0.        3786.433        805.216       5443.509    0.000  -0.138   0.380   0.
  2017 352  6 52 15 485 352.286290339      -0.87      0.47      0.67  0.        3785.718        806.954       5445.171    0.000  -0.138   0.380   0.
  2017 352  6 52 16 485 352.286301913      -0.89      0.45      0.61  0.        3785.003        808.691       5446.832    0.000  -0.138   0.380   0.
  2017 352  6 52 17 485 352.286313487      -0.94      0.44      0.65  0.        3784.287        810.429       5448.493    0.000  -0.138   0.380   0.
  2017 352  6 52 18 485 352.286325061      -0.86      0.47      0.64  0.        3783.571        812.166       5450.153    0.000  -0.138   0.380   0.
  2017 352  6 52 19 485 352.286336635      -0.86      0.47      0.61  0.        3782.854        813.904       5451.812    0.000  -0.138   0.380   0.
  2017 352  6 52 20 485 352.286348209      -0.92      0.48      0.62  0.        3782.136        815.641       5453.470    0.000  -0.138   0.380   0.
  2017 352  6 52 21 485 352.286359783      -0.92      0.50      0.56  0.        3781.418        817.378       5455.127    0.000  -0.138   0.380   0.
  2017 352  6 52 22 484 352.286371354      -0.92      0.47      0.56  0.        3780.700        819.116       5456.784    0.000  -0.138   0.380   0.
  2017 352  6 52 23 484 352.286382928      -0.99      0.55      0.55  0.        3779.981        820.852       5458.440    0.000  -0.138   0.380   0.
  2017 352  6 52 24 484 352.286394502      -0.90      0.60      0.53  0.        3779.261        822.589       5460.095    0.000  -0.138   0.380   0.
  2017 352  6 52 25 485 352.286406076      -0.91      0.56      0.49  0.        3778.541        824.326       5461.749    0.000  -0.138   0.380   0.
  2017 352  6 52 26 485 352.286417650      -0.88      0.53      0.46  0.        3777.820        826.063       5463.403    0.000  -0.138   0.380   0.
  2017 352  6 52 27 484 352.286429225      -0.86      0.53      0.53  0.        3777.099        827.799       5465.055    0.000  -0.138   0.380   0.
  2017 352  6 52 28 484 352.286440799      -0.92      0.46      0.47  0.        3776.377        829.536       5466.707    0.000  -0.138   0.380   0.
  2017 352  6 52 29 485 352.286452373      -0.84      0.48      0.57  0.        3775.655        831.272       5468.359    0.000  -0.138   0.380   0.
  2017 352  6 52 30 485 352.286463947      -0.87      0.48      0.53  0.        3774.932        833.008       5470.009    0.000  -0.138   0.380   0.
  2017 352  6 52 31 485 352.286475521      -0.87      0.55      0.46  0.        3774.208        834.744       5471.659    0.000  -0.138   0.380   0.
  2017 352  6 52 32 485 352.286487095      -0.81      0.49      0.53  0.        3773.484        836.480       5473.307    0.000  -0.138   0.380   0.
  2017 352  6 52 33 485 352.286498669      -0.81      0.49      0.49  0.        3772.760        838.216       5474.956    0.000  -0.138   0.380   0.
  2017 352  6 52 34 484 352.286510243      -0.81      0.50      0.54  0.        3772.035        839.951       5476.603    0.000  -0.138   0.380   0.
  2017 352  6 52 35 484 352.286521817      -0.87      0.52      0.48  0.        3771.309        841.687       5478.249    0.000  -0.138   0.380   0.
  2017 352  6 52 36 484 352.286533391      -0.91      0.64      0.50  0.        3770.583        843.422       5479.895    0.000  -0.138   0.380   0.
  2017 352  6 52 37 484 352.286544965      -0.89      0.55      0.48  0.        3769.857        845.158       5481.540    0.000  -0.138   0.380   0.
  2017 352  6 52 38 485 352.286556539      -0.85      0.51      0.47  0.        3769.129        846.893       5483.184    0.000  -0.138   0.380   0.
  2017 352  6 52 39 485 352.286568113      -0.91      0.48      0.45  0.        3768.401        848.628       5484.828    0.000  -0.138   0.380   0.
  2017 352  6 52 40 484 352.286579688      -0.73      0.46      0.53  0.        3767.673        850.363       5486.470    0.000  -0.138   0.380   0.
  2017 352  6 52 41 484 352.286591262      -0.78      0.51      0.51  0.        3766.945        852.098       5488.112    0.000  -0.138   0.380   0.
  2017 352  6 52 42 484 352.286602836      -0.78      0.50      0.52  0.        3766.215        853.832       5489.753    0.000  -0.138   0.380   0.
  2017 352  6 52 43 485 352.286614410      -0.76      0.51      0.53  0.        3765.485        855.567       5491.393    0.000  -0.138   0.380   0.
  2017 352  6 52 44 485 352.286625984      -0.79      0.53      0.56  0.        3764.755        857.301       5493.033    0.000  -0.138   0.380   0.
  2017 352  6 52 45 485 352.286637558      -0.79      0.49      0.54  0.        3764.024        859.036       5494.672    0.000  -0.138   0.380   0.
  2017 352  6 52 46 485 352.286649132      -0.81      0.50      0.54  0.        3763.293        860.770       5496.310    0.000  -0.138   0.380   0.
  2017 352  6 52 47 484 352.286660706      -0.76      0.47      0.57  0.        3762.561        862.504       5497.947    0.000  -0.138   0.380   0.
  2017 352  6 52 48 484 352.286672280      -0.84      0.49      0.58  0.        3761.828        864.238       5499.583    0.000  -0.138   0.380   0.
  2017 352  6 52 49 484 352.286683854      -0.77      0.47      0.57  0.        3761.095        865.972       5501.219    0.000  -0.138   0.380   0.
  2017 352  6 52 50 484 352.286695428      -0.81      0.48      0.56  0.        3760.362        867.706       5502.854    0.000  -0.138   0.380   0.
  2017 352  6 52 51 484 352.286707002      -0.81      0.43      0.59  0.        3759.628        869.439       5504.488    0.000  -0.138   0.380   0.
  2017 352  6 52 52 485 352.286718574      -0.74      0.44      0.67  0.        3758.893        871.173       5506.121    0.000  -0.138   0.380   0.
  2017 352  6 52 53 484 352.286730148      -0.72      0.44      0.60  0.        3758.158        872.906       5507.753    0.000  -0.138   0.380   0.
  2017 352  6 52 54 484 352.286741722      -0.76      0.41      0.59  0.        3757.423        874.639       5509.385    0.000  -0.138   0.380   0.
  2017 352  6 52 55 484 352.286753296      -0.72      0.44      0.55  0.        3756.686        876.373       5511.017    0.000  -0.138   0.380   0.
  2017 352  6 52 56 484 352.286764870      -0.77      0.39      0.56  0.        3755.949        878.106       5512.647    0.000  -0.138   0.380   0.
  2017 352  6 52 57 484 352.286776444      -0.76      0.40      0.63  0.        3755.212        879.839       5514.276    0.000  -0.138   0.380   0.
  2017 352  6 52 58 484 352.286788018      -0.76      0.44      0.64  0.        3754.474        881.571       5515.905    0.000  -0.138   0.380   0.
  2017 352  6 52 59 484 352.286799592      -0.83      0.42      0.54  0.        3753.736        883.304       5517.533    0.000  -0.138   0.380   0.
  2017 352  6 53  0 484 352.286811166      -0.80      0.44      0.62  0.        3752.997        885.036       5519.160    0.000  -0.138   0.380   0.
  2017 352  6 53  1 484 352.286822740      -0.77      0.43      0.66  0.        3752.258        886.769       5520.786    0.000  -0.138   0.380   0.
  2017 352  6 53  2 484 352.286834314      -0.82      0.47      0.59  0.        3751.518        888.501       5522.412    0.000  -0.138   0.380   0.
  2017 352  6 53  3 484 352.286845888      -0.83      0.41      0.59  0.        3750.778        890.233       5524.037    0.000  -0.138   0.380   0.
  2017 352  6 53  4 484 352.286857462      -0.68      0.44      0.61  0.        3750.037        891.965       5525.661    0.000  -0.138   0.380   0.
  2017 352  6 53  5 484 352.286869036      -0.74      0.40      0.55  0.        3749.295        893.697       5527.284    0.000  -0.138   0.380   0.
  2017 352  6 53  6 484 352.286880611      -0.75      0.41      0.55  0.        3748.553        895.429       5528.907    0.000  -0.138   0.380   0.
  2017 352  6 53  7 484 352.286892185      -0.84      0.40      0.55  0.        3747.811        897.161       5530.528    0.000  -0.138   0.380   0.
  2017 352  6 53  8 484 352.286903759      -0.77      0.41      0.64  0.        3747.068        898.892       5532.149    0.000  -0.138   0.380   0.
  2017 352  6 53  9 484 352.286915333      -0.69      0.39      0.63  0.        3746.324        900.623       5533.769    0.000  -0.138   0.380   0.
  2017 352  6 53 10 484 352.286926907      -0.73      0.37      0.60  0.        3745.580        902.355       5535.389    0.000  -0.138   0.380   0.
  2017 352  6 53 11 484 352.286938481      -0.75      0.39      0.57  0.        3744.836        904.086       5537.007    0.000  -0.138   0.380   0.
  2017 352  6 53 12 484 352.286950055      -0.73      0.37      0.62  0.        3744.090        905.817       5538.625    0.000  -0.138   0.380   0.
  2017 352  6 53 13 484 352.286961629      -0.73      0.35      0.65  0.        3743.345        907.548       5540.242    0.000  -0.138   0.380   0.
  2017 352  6 53 14 484 352.286973203      -0.72      0.37      0.69  0.        3742.599        909.279       5541.859    0.000  -0.138   0.380   0.
  2017 352  6 53 15 484 352.286984777      -0.83      0.40      0.65  0.        3741.852        911.009       5543.474    0.000  -0.138   0.380   0.
  2017 352  6 53 16 484 352.286996351      -0.76      0.36      0.69  0.        3741.105        912.740       5545.089    0.000  -0.138   0.380   0.
  2017 352  6 53 17 484 352.287007925      -0.74      0.31      0.72  0.        3740.357        914.470       5546.703    0.000  -0.138   0.380   0.
  2017 352  6 53 18 484 352.287019499      -0.73      0.29      0.67  0.        3739.609        916.200       5548.316    0.000  -0.138   0.380   0.
  2017 352  6 53 19 484 352.287031073      -0.88      0.35      0.62  0.        3738.860        917.931       5549.929    0.000  -0.138   0.380   0.
  2017 352  6 53 20 484 352.287042648      -0.67      0.33      0.75  0.        3738.111        919.661       5551.540    0.000  -0.138   0.380   0.
  2017 352  6 53 21 484 352.287054222      -0.79      0.29      0.70  0.        3737.361        921.390       5553.151    0.000  -0.138   0.380   0.
  2017 352  6 53 22 484 352.287065793      -0.68      0.35      0.77  0.        3736.611        923.120       5554.761    0.000  -0.138   0.380   0.
  2017 352  6 53 23 484 352.287077367      -0.59      0.34      0.65  0.        3735.860        924.850       5556.371    0.000  -0.138   0.380   0.
  2017 352  6 53 24 484 352.287088941      -0.71      0.30      0.66  0.        3735.109        926.579       5557.979    0.000  -0.138   0.380   0.
  2017 352  6 53 25 484 352.287100515      -0.67      0.29      0.67  0.        3734.357        928.309       5559.587    0.000  -0.138   0.380   0.
  2017 352  6 53 26 484 352.287112089      -0.69      0.25      0.63  0.        3733.604        930.038       5561.194    0.000  -0.138   0.380   0.
  2017 352  6 53 27 484 352.287123663      -0.69      0.24      0.63  0.        3732.852        931.767       5562.801    0.000  -0.138   0.380   0.
  2017 352  6 53 28 484 352.287135237      -0.67      0.32      0.64  0.        3732.098        933.496       5564.406    0.000  -0.138   0.380   0.
  2017 352  6 53 29 484 352.287146811      -0.68      0.30      0.61  0.        3731.344        935.225       5566.011    0.000  -0.138   0.380   0.
  2017 352  6 53 30 484 352.287158385      -0.68      0.34      0.58  0.        3730.590        936.954       5567.615    0.000  -0.138   0.380   0.
  2017 352  6 53 31 484 352.287169960      -0.69      0.32      0.57  0.        3729.835        938.682       5569.218    0.000  -0.138   0.380   0.
  2017 352  6 53 32 484 352.287181534      -0.67      0.31      0.59  0.        3729.079        940.411       5570.820    0.000  -0.138   0.380   0.
  2017 352  6 53 33 484 352.287193108      -0.69      0.29      0.59  0.        3728.323        942.139       5572.422    0.000  -0.138   0.380   0.
  2017 352  6 53 34 484 352.287204682      -0.70      0.32      0.60  0.        3727.567        943.867       5574.023    0.000  -0.138   0.380   0.
  2017 352  6 53 35 484 352.287216256      -0.63      0.32      0.60  0.        3726.810        945.595       5575.623    0.000  -0.138   0.380   0.
  2017 352  6 53 36 484 352.287227830      -0.63      0.30      0.59  0.        3726.052        947.323       5577.223    0.000  -0.138   0.380   0.
  2017 352  6 53 37 484 352.287239404      -0.67      0.27      0.57  0.        3725.295        949.051       5578.821    0.000  -0.138   0.380   0.
  2017 352  6 53 38 484 352.287250978      -0.74      0.26      0.60  0.        3724.536        950.779       5580.419    0.000  -0.138   0.380   0.
  2017 352  6 53 39 484 352.287262552      -0.66      0.28      0.65  0.        3723.777        952.506       5582.016    0.000  -0.138   0.380   0.
  2017 352  6 53 40 484 352.287274126      -0.64      0.25      0.64  0.        3723.017        954.234       5583.612    0.000  -0.138   0.380   0.
  2017 352  6 53 41 484 352.287285700      -0.70      0.24      0.72  0.        3722.257        955.961       5585.208    0.000  -0.138   0.380   0.
  2017 352  6 53 42 484 352.287297274      -0.73      0.25      0.71  0.        3721.497        957.688       5586.803    0.000  -0.138   0.380   0.
  2017 352  6 53 43 484 352.287308848      -0.64      0.25      0.76  0.        3720.736        959.415       5588.397    0.000  -0.138   0.380   0.
  2017 352  6 53 44 484 352.287320422      -0.78      0.28      0.72  0.        3719.974        961.142       5589.990    0.000  -0.138   0.380   0.
  2017 352  6 53 45 484 352.287331996      -0.76      0.32      0.71  0.        3719.212        962.869       5591.582    0.000  -0.138   0.380   0.
  2017 352  6 53 46 484 352.287343571      -0.70      0.30      0.70  0.        3718.449        964.596       5593.174    0.000  -0.138   0.380   0.
  2017 352  6 53 47 484 352.287355145      -0.77      0.33      0.72  0.        3717.686        966.322       5594.765    0.000  -0.138   0.380   0.
  2017 352  6 53 48 484 352.287366719      -0.73      0.42      0.65  0.        3716.923        968.049       5596.355    0.000  -0.138   0.380   0.
  2017 352  6 53 49 484 352.287378293      -0.63      0.52      0.53  0.        3716.158        969.775       5597.945    0.000  -0.138   0.380   0.
  2017 352  6 53 50 484 352.287389864      -0.65      0.46      0.59  0.        3715.394        971.501       5599.533    0.000  -0.138   0.380   0.
  2017 352  6 53 51 484 352.287401438      -0.73      0.36      0.57  0.        3714.629        973.227       5601.121    0.000  -0.138   0.380   0.
  2017 352  6 53 52 484 352.287413012      -0.67      0.27      0.61  0.        3713.863        974.953       5602.708    0.000  -0.138   0.380   0.
  2017 352  6 53 53 484 352.287424586      -0.75      0.37      0.59  0.        3713.097        976.678       5604.295    0.000  -0.138   0.380   0.
  2017 352  6 53 54 484 352.287436160      -0.75      0.52      0.60  0.        3712.330        978.404       5605.880    0.000  -0.138   0.380   0.
  2017 352  6 53 55 484 352.287447734      -0.68      0.66      0.49  0.        3711.563        980.130       5607.465    0.000  -0.138   0.380   0.
  2017 352  6 53 56 484 352.287459308      -0.62      0.61      0.49  0.        3710.795        981.855       5609.049    0.000  -0.138   0.380   0.
  2017 352  6 53 57 484 352.287470883      -0.65      0.50      0.52  0.        3710.027        983.580       5610.633    0.000  -0.138   0.380   0.
  2017 352  6 53 58 484 352.287482457      -0.71      0.42      0.49  0.        3709.258        985.305       5612.215    0.000  -0.138   0.380   0.
  2017 352  6 53 59 484 352.287494031      -0.84      0.44      0.51  0.        3708.489        987.030       5613.797    0.000  -0.138   0.380   0.
  2017 352  6 54  0 484 352.287505605      -0.77      0.51      0.48  0.        3707.719        988.755       5615.378    0.000  -0.138   0.380   0.
  2017 352  6 54  1 484 352.287517179      -0.73      0.57      0.53  0.        3706.949        990.479       5616.958    0.000  -0.138   0.380   0.
  2017 352  6 54  2 484 352.287528753      -0.72      0.57      0.55  0.        3706.179        992.204       5618.538    0.000  -0.138   0.380   0.
  2017 352  6 54  3 484 352.287540327      -0.68      0.50      0.60  0.        3705.407        993.928       5620.116    0.000  -0.138   0.380   0.
  2017 352  6 54  4 484 352.287551901      -0.72      0.51      0.54  0.        3704.636        995.653       5621.694    0.000  -0.138   0.380   0.
  2017 352  6 54  5 484 352.287563475      -0.89      0.42      0.57  0.        3703.863        997.377       5623.271    0.000  -0.138   0.380   0.
  2017 352  6 54  6 484 352.287575049      -0.40      0.41      0.81  0.        3703.091        999.101       5624.848    0.000  -0.138   0.380   0.
  2017 352  6 54  7 484 352.287586623      -0.66      0.33      0.63  0.        3702.317       1000.825       5626.423    0.000  -0.138   0.380   0.
  2017 352  6 54  8 484 352.287598197      -0.86      0.44      0.55  0.        3701.544       1002.548       5627.998    0.000  -0.138   0.380   0.
  2017 352  6 54  9 484 352.287609771      -0.89      0.45      0.61  0.        3700.770       1004.272       5629.573    0.000  -0.138   0.380   0.
  2017 352  6 54 10 484 352.287621346      -0.89      0.51      0.57  0.        3699.995       1005.995       5631.146    0.000  -0.138   0.380   0.
  2017 352  6 54 11 484 352.287632920      -0.84      0.24      0.76  0.        3699.220       1007.719       5632.719    0.000  -0.138   0.380   0.
  2017 352  6 54 12 484 352.287644494      -1.10      0.32      0.79  0.        3698.444       1009.442       5634.290    0.000  -0.138   0.380   0.
  2017 352  6 54 13 484 352.287656068      -0.78      0.23      0.94  0.        3697.668       1011.165       5635.862    0.000  -0.138   0.380   0.
  2017 352  6 54 14 484 352.287667642      -0.97      0.10      0.77  0.        3696.891       1012.888       5637.432    0.000  -0.138   0.380   0.
  2017 352  6 54 15 484 352.287679216      -0.81      0.22      0.88  0.        3696.114       1014.610       5639.001    0.000  -0.138   0.380   0.
  2017 352  6 54 16 484 352.287690790      -0.65      0.24      0.86  0.        3695.336       1016.333       5640.570    0.000  -0.138   0.380   0.
  2017 352  6 54 17 484 352.287702364      -0.64      0.09      0.94  0.        3694.558       1018.056       5642.138    0.000  -0.138   0.380   0.
  2017 352  6 54 18 484 352.287713938      -0.65      0.15      0.88  0.        3693.779       1019.778       5643.705    0.000  -0.138   0.380   0.
  2017 352  6 54 19 484 352.287725512      -0.77      0.20      0.79  0.        3693.000       1021.500       5645.272    0.000  -0.138   0.380   0.
  2017 352  6 54 20 483 352.287737084      -0.77      0.22      0.77  0.        3692.220       1023.222       5646.838    0.000  -0.138   0.380   0.
  2017 352  6 54 21 484 352.287748657      -0.81      0.25      0.77  0.        3691.440       1024.944       5648.403    0.000  -0.138   0.380   0.
  2017 352  6 54 22 484 352.287760231      -0.84      0.18      0.78  0.        3690.659       1026.666       5649.967    0.000  -0.138   0.380   0.
  2017 352  6 54 23 483 352.287771806      -0.66      0.19      0.85  0.        3689.878       1028.388       5651.531    0.000  -0.138   0.380   0.
  2017 352  6 54 24 483 352.287783380      -0.73      0.22      0.84  0.        3689.096       1030.109       5653.093    0.000  -0.138   0.380   0.
  2017 352  6 54 25 484 352.287794954      -0.81      0.24      0.79  0.        3688.314       1031.831       5654.655    0.000  -0.138   0.380   0.
  2017 352  6 54 26 484 352.287806528      -0.71      0.14      0.81  0.        3687.532       1033.552       5656.216    0.000  -0.138   0.380   0.
  2017 352  6 54 27 484 352.287818102      -0.58      0.22      0.81  0.        3686.748       1035.273       5657.777    0.000  -0.138   0.380   0.
  2017 352  6 54 28 484 352.287829676      -0.58      0.15      0.75  0.        3685.965       1036.994       5659.337    0.000  -0.138   0.380   0.
  2017 352  6 54 29 483 352.287841250      -0.63      0.17      0.69  0.        3685.181       1038.715       5660.896    0.000  -0.138   0.380   0.
  2017 352  6 54 30 483 352.287852824      -0.65      0.21      0.70  0.        3684.396       1040.435       5662.454    0.000  -0.138   0.380   0.
  2017 352  6 54 31 483 352.287864398      -0.67      0.26      0.68  0.        3683.611       1042.156       5664.011    0.000  -0.138   0.380   0.
  2017 352  6 54 32 483 352.287875972      -0.67      0.24      0.70  0.        3682.825       1043.876       5665.568    0.000  -0.138   0.380   0.
  2017 352  6 54 33 483 352.287887546      -0.71      0.26      0.67  0.        3682.039       1045.597       5667.124    0.000  -0.138   0.380   0.
  2017 352  6 54 34 484 352.287899120      -0.69      0.27      0.71  0.        3681.252       1047.317       5668.679    0.000  -0.138   0.380   0.
  2017 352  6 54 35 484 352.287910694      -0.66      0.28      0.69  0.        3680.465       1049.037       5670.233    0.000  -0.138   0.380   0.
  2017 352  6 54 36 483 352.287922269      -0.63      0.27      0.68  0.        3679.678       1050.757       5671.787    0.000  -0.138   0.380   0.
  2017 352  6 54 37 483 352.287933843      -0.66      0.30      0.69  0.        3678.890       1052.476       5673.340    0.000  -0.138   0.380   0.
  2017 352  6 54 38 484 352.287945417      -0.59      0.31      0.63  0.        3678.101       1054.196       5674.892    0.000  -0.138   0.380   0.
  2017 352  6 54 39 484 352.287956991      -0.54      0.28      0.63  0.        3677.312       1055.915       5676.443    0.000  -0.138   0.380   0.
  2017 352  6 54 40 484 352.287968565      -0.54      0.31      0.63  0.        3676.522       1057.635       5677.994    0.000  -0.138   0.380   0.
  2017 352  6 54 41 484 352.287980139      -0.61      0.34      0.65  0.        3675.732       1059.354       5679.544    0.000  -0.138   0.380   0.
  2017 352  6 54 42 484 352.287991713      -0.65      0.35      0.63  0.        3674.942       1061.073       5681.093    0.000  -0.138   0.380   0.
  2017 352  6 54 43 483 352.288003287      -0.64      0.35      0.66  0.        3674.151       1062.792       5682.641    0.000  -0.138   0.380   0.
  2017 352  6 54 44 483 352.288014861      -0.69      0.32      0.65  0.        3673.359       1064.510       5684.188    0.000  -0.138   0.380   0.
  2017 352  6 54 45 483 352.288026435      -0.71      0.32      0.67  0.        3672.567       1066.229       5685.735    0.000  -0.138   0.380   0.
  2017 352  6 54 46 483 352.288038009      -0.65      0.34      0.70  0.        3671.775       1067.947       5687.281    0.000  -0.138   0.380   0.
  2017 352  6 54 47 483 352.288049583      -0.70      0.32      0.70  0.        3670.982       1069.666       5688.827    0.000  -0.138   0.380   0.
  2017 352  6 54 48 499 352.288061336      -0.67      0.33      0.71  0.        3670.176       1071.411       5690.395    0.000  -0.138   0.380   0.
  2017 352  6 54 49 514 352.288073090      -0.64      0.35      0.71  0.        3669.369       1073.156       5691.963    0.000  -0.138   0.380   0.
  2017 352  6 54 50 515 352.288084664      -0.68      0.37      0.72  0.        3668.575       1074.874       5693.506    0.000  -0.138   0.380   0.
  2017 352  6 54 51 515 352.288096238      -0.68      0.39      0.72  0.        3667.780       1076.591       5695.049    0.000  -0.138   0.380   0.
  2017 352  6 54 52 515 352.288107813      -0.62      0.47      0.68  0.        3666.985       1078.309       5696.590    0.000  -0.138   0.380   0.
  2017 352  6 54 53 514 352.288119387      -0.73      0.59      0.62  0.        3666.189       1080.026       5698.131    0.000  -0.138   0.380   0.
  2017 352  6 54 54 515 352.288130961      -0.67      0.55      0.69  0.        3665.392       1081.744       5699.671    0.000  -0.138   0.380   0.
  2017 352  6 54 55 515 352.288142535      -0.70      0.57      0.71  0.        3664.595       1083.461       5701.210    0.000  -0.138   0.380   0.
  2017 352  6 54 56 515 352.288154109      -0.59      0.46      0.80  0.        3663.798       1085.178       5702.748    0.000  -0.138   0.380   0.
  2017 352  6 54 57 515 352.288165683      -0.65      0.39      0.78  0.        3663.000       1086.895       5704.286    0.000  -0.138   0.380   0.
  2017 352  6 54 58 515 352.288177257      -0.62      0.39      0.82  0.        3662.202       1088.612       5705.823    0.000  -0.138   0.380   0.
  2017 352  6 54 59 514 352.288188831      -0.60      0.36      0.77  0.        3661.403       1090.328       5707.359    0.000  -0.138   0.380   0.
  2017 352  6 55  0 514 352.288200405      -0.77      0.42      0.70  0.        3660.604       1092.045       5708.895    0.000  -0.138   0.380   0.
  2017 352  6 55  1 514 352.288211979      -0.69      0.43      0.78  0.        3659.803       1093.761       5710.430    0.000  -0.138   0.380   0.
  2017 352  6 55  2 514 352.288223553      -0.78      0.37      0.73  0.        3659.004       1095.477       5711.963    0.000  -0.138   0.380   0.
  2017 352  6 55  3 514 352.288235127      -0.52      0.32      0.88  0.        3658.203       1097.193       5713.497    0.000  -0.138   0.380   0.
  2017 352  6 55  4 515 352.288246701      -0.61      0.33      0.78  0.        3657.402       1098.909       5715.029    0.000  -0.138   0.380   0.
  2017 352  6 55  5 515 352.288258275      -0.59      0.30      0.77  0.        3656.600       1100.625       5716.561    0.000  -0.138   0.380   0.
  2017 352  6 55  6 514 352.288269850      -0.53      0.31      0.75  0.        3655.798       1102.340       5718.092    0.000  -0.138   0.380   0.
  2017 352  6 55  7 514 352.288281424      -0.63      0.28      0.63  0.        3654.995       1104.056       5719.622    0.000  -0.138   0.380   0.
  2017 352  6 55  8 515 352.288292998      -0.68      0.31      0.67  0.        3654.192       1105.771       5721.151    0.000  -0.138   0.380   0.
  2017 352  6 55  9 515 352.288304572      -0.51      0.31      0.77  0.        3653.388       1107.486       5722.680    0.000  -0.138   0.380   0.
  2017 352  6 55 10 515 352.288316146      -0.63      0.21      0.77  0.        3652.584       1109.201       5724.208    0.000  -0.138   0.380   0.
  2017 352  6 55 11 515 352.288327720      -0.52      0.23      0.77  0.        3651.779       1110.916       5725.735    0.000  -0.138   0.380   0.
  2017 352  6 55 12 515 352.288339294      -0.59      0.24      0.76  0.        3650.974       1112.631       5727.262    0.000  -0.138   0.380   0.
  2017 352  6 55 13 514 352.288350868      -0.62      0.26      0.79  0.        3650.169       1114.345       5728.787    0.000  -0.138   0.380   0.
  2017 352  6 55 14 514 352.288362442      -0.60      0.28      0.77  0.        3649.363       1116.060       5730.312    0.000  -0.138   0.380   0.
  2017 352  6 55 15 514 352.288374016      -0.63      0.24      0.76  0.        3648.556       1117.774       5731.836    0.000  -0.138   0.380   0.
  2017 352  6 55 16 514 352.288385590      -0.74      0.26      0.73  0.        3647.749       1119.488       5733.360    0.000  -0.138   0.380   0.
  2017 352  6 55 17 515 352.288397164      -0.69      0.24      0.73  0.        3646.942       1121.202       5734.883    0.000  -0.138   0.380   0.
  2017 352  6 55 18 515 352.288408736      -0.71      0.25      0.75  0.        3646.134       1122.916       5736.404    0.000  -0.138   0.380   0.
  2017 352  6 55 19 514 352.288420310      -0.67      0.23      0.75  0.        3645.325       1124.630       5737.926    0.000  -0.138   0.380   0.
  2017 352  6 55 20 514 352.288431884      -0.59      0.27      0.82  0.        3644.516       1126.343       5739.446    0.000  -0.138   0.380   0.
  2017 352  6 55 21 514 352.288443458      -0.61      0.28      0.77  0.        3643.707       1128.057       5740.966    0.000  -0.138   0.380   0.
  2017 352  6 55 22 514 352.288455032      -0.59      0.28      0.79  0.        3642.897       1129.770       5742.485    0.000  -0.138   0.380   0.
  2017 352  6 55 23 514 352.288466606      -0.63      0.27      0.84  0.        3642.087       1131.483       5744.003    0.000  -0.138   0.380   0.
  2017 352  6 55 24 514 352.288478180      -0.71      0.27      0.80  0.        3641.276       1133.196       5745.520    0.000  -0.138   0.380   0.
  2017 352  6 55 25 514 352.288489754      -0.59      0.37      0.79  0.        3640.465       1134.909       5747.037    0.000  -0.138   0.380   0.
  2017 352  6 55 26 514 352.288501328      -0.83      0.35      0.65  0.        3639.653       1136.621       5748.553    0.000  -0.138   0.380   0.
  2017 352  6 55 27 514 352.288512902      -0.61      0.32      0.83  0.        3638.841       1138.334       5750.068    0.000  -0.138   0.380   0.
  2017 352  6 55 28 514 352.288524476      -0.57      0.44      0.71  0.        3638.028       1140.046       5751.583    0.000  -0.138   0.380   0.
  2017 352  6 55 29 514 352.288536050      -0.56      0.60      0.71  0.        3637.215       1141.759       5753.096    0.000  -0.138   0.380   0.
  2017 352  6 55 30 514 352.288547624      -0.54      0.65      0.68  0.        3636.402       1143.470       5754.609    0.000  -0.138   0.380   0.
  2017 352  6 55 31 514 352.288559198      -0.45      0.66      0.66  0.        3635.587       1145.182       5756.121    0.000  -0.138   0.380   0.
  2017 352  6 55 32 514 352.288570773      -0.42      0.75      0.57  0.        3634.773       1146.894       5757.633    0.000  -0.138   0.380   0.
  2017 352  6 55 33 514 352.288582347      -0.33      0.80      0.52  0.        3633.958       1148.606       5759.143    0.000  -0.138   0.380   0.
  2017 352  6 55 34 514 352.288593921      -0.40      0.71      0.55  0.        3633.142       1150.317       5760.653    0.000  -0.138   0.380   0.
  2017 352  6 55 35 514 352.288605495      -0.50      0.49      0.60  0.        3632.326       1152.029       5762.163    0.000  -0.138   0.380   0.
  2017 352  6 55 36 514 352.288617069      -0.60      0.41      0.60  0.        3631.510       1153.740       5763.671    0.000  -0.138   0.380   0.
  2017 352  6 55 37 514 352.288628643      -0.70      0.35      0.62  0.        3630.693       1155.451       5765.179    0.000  -0.138   0.380   0.
  2017 352  6 55 38 514 352.288640217      -0.59      0.27      0.68  0.        3629.875       1157.162       5766.686    0.000  -0.138   0.380   0.
  2017 352  6 55 39 514 352.288651791      -0.67      0.23      0.67  0.        3629.057       1158.873       5768.192    0.000  -0.138   0.380   0.
  2017 352  6 55 40 514 352.288663365      -0.76      0.23      0.73  0.        3628.239       1160.583       5769.697    0.000  -0.138   0.380   0.
  2017 352  6 55 41 514 352.288674939      -0.76      0.26      0.77  0.        3627.420       1162.294       5771.202    0.000  -0.138   0.380   0.
  2017 352  6 55 42 514 352.288686513      -0.65      0.24      0.73  0.        3626.601       1164.004       5772.706    0.000  -0.138   0.380   0.
  2017 352  6 55 43 514 352.288698087      -0.66      0.36      0.77  0.        3625.781       1165.714       5774.209    0.000  -0.138   0.380   0.
  2017 352  6 55 44 514 352.288709661      -0.62      0.42      0.73  0.        3624.961       1167.424       5775.712    0.000  -0.138   0.380   0.
  2017 352  6 55 45 514 352.288721236      -0.57      0.54      0.72  0.        3624.140       1169.134       5777.213    0.000  -0.138   0.380   0.
  2017 352  6 55 46 514 352.288732807      -0.58      0.59      0.65  0.        3623.319       1170.844       5778.714    0.000  -0.138   0.380   0.
  2017 352  6 55 47 514 352.288744381      -0.60      0.53      0.66  0.        3622.498       1172.553       5780.215    0.000  -0.138   0.380   0.
  2017 352  6 55 48 514 352.288755955      -0.49      0.57      0.75  0.        3621.676       1174.263       5781.714    0.000  -0.138   0.380   0.
  2017 352  6 55 49 514 352.288767529      -0.48      0.54      0.69  0.        3620.853       1175.972       5783.213    0.000  -0.138   0.380   0.
  2017 352  6 55 50 514 352.288779103      -0.52      0.56      0.66  0.        3620.030       1177.681       5784.711    0.000  -0.138   0.380   0.
  2017 352  6 55 51 514 352.288790677      -0.80      0.68      0.63  0.        3619.206       1179.390       5786.208    0.000  -0.138   0.380   0.
  2017 352  6 55 52 514 352.288802251      -0.77      0.62      0.61  0.        3618.382       1181.099       5787.705    0.000  -0.138   0.380   0.
  2017 352  6 55 53 514 352.288813825      -0.67      0.65      0.74  0.        3617.558       1182.807       5789.200    0.000  -0.138   0.380   0.
  2017 352  6 55 54 514 352.288825399      -0.68      0.58      0.72  0.        3616.733       1184.516       5790.695    0.000  -0.138   0.380   0.
  2017 352  6 55 55 514 352.288836973      -0.62      0.61      0.63  0.        3615.908       1186.224       5792.190    0.000  -0.138   0.380   0.
  2017 352  6 55 56 514 352.288848547      -0.68      0.48      0.74  0.        3615.082       1187.932       5793.683    0.000  -0.138   0.380   0.
  2017 352  6 55 57 514 352.288860121      -0.68      0.72      0.73  0.        3614.256       1189.640       5795.176    0.000  -0.138   0.380   0.
  2017 352  6 55 58 514 352.288871696      -0.59      0.64      0.71  0.        3613.429       1191.348       5796.668    0.000  -0.138   0.380   0.
  2017 352  6 55 59 514 352.288883270      -0.66      0.46      0.75  0.        3612.602       1193.056       5798.159    0.000  -0.138   0.380   0.
  2017 352  6 56  0 514 352.288894844      -0.65      0.56      0.77  0.        3611.774       1194.763       5799.650    0.000  -0.138   0.380   0.
  2017 352  6 56  1 514 352.288906418      -0.64      0.53      0.75  0.        3610.946       1196.471       5801.140    0.000  -0.138   0.380   0.
  2017 352  6 56  2 514 352.288917992      -0.57      0.58      0.82  0.        3610.117       1198.178       5802.629    0.000  -0.138   0.380   0.
  2017 352  6 56  3 514 352.288929566      -0.63      0.66      0.71  0.        3609.288       1199.885       5804.117    0.000  -0.138   0.380   0.
  2017 352  6 56  4 514 352.288941140      -0.58      0.65      0.71  0.        3608.459       1201.592       5805.604    0.000  -0.138   0.380   0.
  2017 352  6 56  5 514 352.288952714      -0.59      0.60      0.73  0.        3607.629       1203.299       5807.091    0.000  -0.138   0.380   0.
  2017 352  6 56  6 514 352.288964288      -0.50      0.66      0.75  0.        3606.798       1205.005       5808.577    0.000  -0.138   0.380   0.
  2017 352  6 56  7 514 352.288975862      -0.55      0.58      0.72  0.        3605.967       1206.712       5810.063    0.000  -0.138   0.380   0.
  2017 352  6 56  8 514 352.288987436      -0.61      0.62      0.74  0.        3605.136       1208.418       5811.547    0.000  -0.138   0.380   0.
  2017 352  6 56  9 514 352.288999010      -0.62      0.60      0.73  0.        3604.304       1210.124       5813.031    0.000  -0.138   0.380   0.
  2017 352  6 56 10 514 352.289010584      -0.67      0.56      0.78  0.        3603.472       1211.830       5814.514    0.000  -0.138   0.380   0.
  2017 352  6 56 11 514 352.289022159      -0.58      0.53      0.91  0.        3602.639       1213.536       5815.997    0.000  -0.138   0.380   0.
  2017 352  6 56 12 514 352.289033733      -0.51      0.51      0.88  0.        3601.806       1215.242       5817.478    0.000  -0.138   0.380   0.
  2017 352  6 56 13 514 352.289045307      -0.53      0.54      0.84  0.        3600.972       1216.948       5818.959    0.000  -0.138   0.380   0.
  2017 352  6 56 14 514 352.289056881      -0.56      0.50      0.80  0.        3600.138       1218.653       5820.439    0.000  -0.138   0.380   0.
  2017 352  6 56 15 514 352.289068455      -0.58      0.46      0.81  0.        3599.304       1220.358       5821.919    0.000  -0.138   0.380   0.
  2017 352  6 56 16 514 352.289080026      -0.34      0.47      0.92  0.        3598.469       1222.063       5823.397    0.000  -0.138   0.380   0.
  2017 352  6 56 17 514 352.289091600      -0.45      0.42      0.85  0.        3597.633       1223.768       5824.875    0.000  -0.138   0.380   0.
  2017 352  6 56 18 514 352.289103174      -0.50      0.45      0.78  0.        3596.797       1225.473       5826.353    0.000  -0.138   0.380   0.
  2017 352  6 56 19 514 352.289114748      -0.47      0.46      0.81  0.        3595.961       1227.178       5827.829    0.000  -0.138   0.380   0.
  2017 352  6 56 20 514 352.289126322      -0.54      0.52      0.83  0.        3595.124       1228.882       5829.305    0.000  -0.138   0.380   0.
  2017 352  6 56 21 514 352.289137896      -0.46      0.60      0.76  0.        3594.287       1230.587       5830.780    0.000  -0.138   0.380   0.
  2017 352  6 56 22 514 352.289149471      -0.48      0.62      0.75  0.        3593.449       1232.291       5832.254    0.000  -0.138   0.380   0.
  2017 352  6 56 23 514 352.289161045      -0.43      0.60      0.74  0.        3592.611       1233.995       5833.727    0.000  -0.138   0.380   0.
  2017 352  6 56 24 514 352.289172619      -0.40      0.56      0.76  0.        3591.772       1235.699       5835.200    0.000  -0.138   0.380   0.
  2017 352  6 56 25 514 352.289184193      -0.35      0.48      0.78  0.        3590.933       1237.402       5836.672    0.000  -0.138   0.380   0.
  2017 352  6 56 26 514 352.289195767      -0.42      0.49      0.80  0.        3590.093       1239.106       5838.143    0.000  -0.138   0.380   0.
  2017 352  6 56 27 514 352.289207341      -0.42      0.46      0.79  0.        3589.253       1240.809       5839.614    0.000  -0.138   0.380   0.
  2017 352  6 56 28 514 352.289218915      -0.50      0.56      0.71  0.        3588.413       1242.512       5841.084    0.000  -0.138   0.380   0.
  2017 352  6 56 29 514 352.289230489      -0.49      0.52      0.82  0.        3587.572       1244.215       5842.553    0.000  -0.138   0.380   0.
  2017 352  6 56 30 514 352.289242063      -0.42      0.53      0.86  0.        3586.730       1245.918       5844.021    0.000  -0.138   0.380   0.
  2017 352  6 56 31 514 352.289253637      -0.56      0.51      0.81  0.        3585.889       1247.621       5845.489    0.000  -0.138   0.380   0.
  2017 352  6 56 32 514 352.289265211      -0.59      0.57      0.77  0.        3585.046       1249.324       5846.956    0.000  -0.138   0.380   0.
  2017 352  6 56 33 514 352.289276785      -0.61      0.62      0.73  0.        3584.203       1251.026       5848.422    0.000  -0.138   0.380   0.
  2017 352  6 56 34 514 352.289288359      -0.51      0.55      0.83  0.        3583.360       1252.729       5849.887    0.000  -0.138   0.380   0.
  2017 352  6 56 35 514 352.289299933      -0.58      0.48      0.76  0.        3582.517       1254.431       5851.352    0.000  -0.138   0.380   0.
  2017 352  6 56 36 514 352.289311508      -0.59      0.52      0.82  0.        3581.672       1256.133       5852.816    0.000  -0.138   0.380   0.
  2017 352  6 56 37 514 352.289323082      -0.58      0.56      0.82  0.        3580.828       1257.834       5854.279    0.000  -0.138   0.380   0.
  2017 352  6 56 38 514 352.289334656      -0.68      0.69      0.73  0.        3579.983       1259.536       5855.741    0.000  -0.138   0.380   0.
  2017 352  6 56 39 514 352.289346230      -0.67      0.71      0.76  0.        3579.137       1261.238       5857.203    0.000  -0.138   0.380   0.
  2017 352  6 56 40 514 352.289357804      -0.62      0.65      0.71  0.        3578.291       1262.939       5858.664    0.000  -0.138   0.380   0.
  2017 352  6 56 41 514 352.289369378      -0.56      0.57      0.71  0.        3577.445       1264.640       5860.124    0.000  -0.138   0.380   0.
  2017 352  6 56 42 514 352.289380952      -0.53      0.59      0.69  0.        3576.598       1266.341       5861.583    0.000  -0.138   0.380   0.
  2017 352  6 56 43 514 352.289392526      -0.60      0.59      0.69  0.        3575.751       1268.042       5863.042    0.000  -0.138   0.380   0.
  2017 352  6 56 44 514 352.289404100      -0.58      0.62      0.76  0.        3574.903       1269.743       5864.500    0.000  -0.138   0.380   0.
  2017 352  6 56 45 514 352.289415674      -0.77      0.65      0.65  0.        3574.055       1271.443       5865.957    0.000  -0.138   0.380   0.
  2017 352  6 56 46 514 352.289427245      -0.75      0.63      0.63  0.        3573.207       1273.144       5867.414    0.000  -0.138   0.380   0.
  2017 352  6 56 47 514 352.289438819      -0.73      0.62      0.65  0.        3572.357       1274.844       5868.869    0.000  -0.138   0.380   0.
  2017 352  6 56 48 513 352.289450394      -0.78      0.60      0.54  0.        3571.508       1276.544       5870.325    0.000  -0.138   0.380   0.
  2017 352  6 56 49 513 352.289461968      -0.67      0.58      0.57  0.        3570.658       1278.244       5871.779    0.000  -0.138   0.380   0.
  2017 352  6 56 50 514 352.289473542      -0.66      0.53      0.54  0.        3569.808       1279.944       5873.232    0.000  -0.138   0.380   0.
  2017 352  6 56 51 514 352.289485116      -0.74      0.57      0.51  0.        3568.957       1281.643       5874.685    0.000  -0.138   0.380   0.
  2017 352  6 56 52 514 352.289496690      -0.76      0.60      0.45  0.        3568.105       1283.343       5876.137    0.000  -0.138   0.380   0.
  2017 352  6 56 53 514 352.289508264      -0.61      0.66      0.55  0.        3567.254       1285.042       5877.589    0.000  -0.138   0.380   0.
  2017 352  6 56 54 514 352.289519838      -0.58      0.60      0.53  0.        3566.402       1286.741       5879.039    0.000  -0.138   0.380   0.
  2017 352  6 56 55 513 352.289531412      -0.69      0.62      0.52  0.        3565.549       1288.440       5880.489    0.000  -0.138   0.380   0.
  2017 352  6 56 56 513 352.289542986      -0.75      0.64      0.55  0.        3564.696       1290.139       5881.938    0.000  -0.138   0.380   0.
  2017 352  6 56 57 513 352.289554560      -0.80      0.73      0.60  0.        3563.842       1291.837       5883.387    0.000  -0.138   0.380   0.
  2017 352  6 56 58 513 352.289566134      -0.87      0.69      0.54  0.        3562.988       1293.536       5884.835    0.000  -0.138   0.380   0.
  2017 352  6 56 59 513 352.289577708      -0.75      0.80      0.65  0.        3562.134       1295.234       5886.282    0.000  -0.138   0.380   0.
  2017 352  6 57  0 514 352.289589282      -0.74      0.72      0.65  0.        3561.279       1296.932       5887.728    0.000  -0.138   0.380   0.
  2017 352  6 57  1 514 352.289600856      -0.87      0.65      0.48  0.        3560.424       1298.630       5889.173    0.000  -0.138   0.380   0.
  2017 352  6 57  2 513 352.289612431      -0.82      0.65      0.57  0.        3559.568       1300.328       5890.618    0.000  -0.138   0.380   0.
  2017 352  6 57  3 513 352.289624005      -0.76      0.53      0.69  0.        3558.712       1302.026       5892.062    0.000  -0.138   0.380   0.
  2017 352  6 57  4 514 352.289635579      -0.87      0.57      0.62  0.        3557.855       1303.723       5893.505    0.000  -0.138   0.380   0.
  2017 352  6 57  5 514 352.289647153      -0.86      0.51      0.63  0.        3556.998       1305.421       5894.948    0.000  -0.138   0.380   0.
  2017 352  6 57  6 514 352.289658727      -0.78      0.52      0.63  0.        3556.141       1307.118       5896.390    0.000  -0.138   0.380   0.
  2017 352  6 57  7 514 352.289670301      -0.74      0.58      0.68  0.        3555.283       1308.815       5897.831    0.000  -0.138   0.380   0.
  2017 352  6 57  8 513 352.289681875      -0.87      0.46      0.61  0.        3554.424       1310.511       5899.271    0.000  -0.138   0.380   0.
  2017 352  6 57  9 513 352.289693449      -0.70      0.60      0.75  0.        3553.566       1312.208       5900.711    0.000  -0.138   0.380   0.
  2017 352  6 57 10 513 352.289705023      -0.69      0.53      0.66  0.        3552.706       1313.905       5902.150    0.000  -0.138   0.380   0.
  2017 352  6 57 11 513 352.289716597      -0.72      0.54      0.58  0.        3551.847       1315.602       5903.588    0.000  -0.138   0.380   0.
  2017 352  6 57 12 513 352.289728171      -0.66      0.56      0.73  0.        3550.986       1317.297       5905.025    0.000  -0.138   0.380   0.
  2017 352  6 57 13 514 352.289739745      -0.82      0.40      0.56  0.        3550.126       1318.994       5906.462    0.000  -0.138   0.380   0.
  2017 352  6 57 14 514 352.289751319      -0.81      0.48      0.61  0.        3549.265       1320.689       5907.898    0.000  -0.138   0.380   0.
  2017 352  6 57 15 513 352.289762894      -0.65      0.42      0.67  0.        3548.403       1322.385       5909.333    0.000  -0.138   0.380   0.
  2017 352  6 57 16 513 352.289774465      -0.52      0.33      0.73  0.        3547.541       1324.081       5910.768    0.000  -0.138   0.380   0.
  2017 352  6 57 17 513 352.289786039      -0.67      0.40      0.67  0.        3546.679       1325.776       5912.202    0.000  -0.138   0.380   0.
  2017 352  6 57 18 513 352.289797613      -0.73      0.43      0.69  0.        3545.816       1327.471       5913.635    0.000  -0.138   0.380   0.
  2017 352  6 57 19 513 352.289809187      -0.70      0.45      0.77  0.        3544.953       1329.166       5915.067    0.000  -0.138   0.380   0.
  2017 352  6 57 20 513 352.289820761      -0.50      0.43      0.87  0.        3544.090       1330.861       5916.498    0.000  -0.138   0.380   0.
  2017 352  6 57 21 513 352.289832335      -0.70      0.44      0.70  0.        3543.226       1332.556       5917.929    0.000  -0.138   0.380   0.
  2017 352  6 57 22 513 352.289843909      -0.59      0.43      0.80  0.        3542.361       1334.250       5919.359    0.000  -0.138   0.380   0.
  2017 352  6 57 23 513 352.289855483      -0.57      0.42      0.65  0.        3541.496       1335.945       5920.789    0.000  -0.138   0.380   0.
  2017 352  6 57 24 513 352.289867057      -0.81      0.37      0.53  0.        3540.630       1337.639       5922.217    0.000  -0.138   0.380   0.
  2017 352  6 57 25 513 352.289878631      -0.40      0.39      0.78  0.        3539.765       1339.333       5923.645    0.000  -0.138   0.380   0.
  2017 352  6 57 26 513 352.289890205      -0.40      0.29      0.70  0.        3538.898       1341.027       5925.073    0.000  -0.138   0.380   0.
  2017 352  6 57 27 513 352.289901780      -0.49      0.40      0.64  0.        3538.032       1342.721       5926.499    0.000  -0.138   0.380   0.
  2017 352  6 57 28 513 352.289913354      -0.73      0.34      0.63  0.        3537.164       1344.414       5927.925    0.000  -0.138   0.380   0.
  2017 352  6 57 29 513 352.289924928      -0.54      0.41      0.76  0.        3536.297       1346.108       5929.350    0.000  -0.138   0.380   0.
  2017 352  6 57 30 513 352.289936502      -0.46      0.35      0.69  0.        3535.429       1347.801       5930.774    0.000  -0.138   0.380   0.
  2017 352  6 57 31 513 352.289948076      -0.43      0.35      0.69  0.        3534.560       1349.494       5932.198    0.000  -0.138   0.380   0.
  2017 352  6 57 32 513 352.289959650      -0.49      0.31      0.73  0.        3533.692       1351.187       5933.620    0.000  -0.138   0.380   0.
  2017 352  6 57 33 513 352.289971224      -0.42      0.27      0.76  0.        3532.822       1352.880       5935.043    0.000  -0.138   0.380   0.
  2017 352  6 57 34 513 352.289982798      -0.36      0.28      0.71  0.        3531.952       1354.572       5936.464    0.000  -0.138   0.380   0.
  2017 352  6 57 35 513 352.289994372      -0.41      0.27      0.74  0.        3531.082       1356.265       5937.885    0.000  -0.138   0.380   0.
  2017 352  6 57 36 513 352.290005946      -0.43      0.27      0.76  0.        3530.212       1357.957       5939.304    0.000  -0.138   0.380   0.
  2017 352  6 57 37 513 352.290017520      -0.43      0.24      0.71  0.        3529.341       1359.649       5940.724    0.000  -0.138   0.380   0.
  2017 352  6 57 38 513 352.290029094      -0.41      0.24      0.63  0.        3528.469       1361.341       5942.142    0.000  -0.138   0.380   0.
  2017 352  6 57 39 513 352.290040668      -0.47      0.27      0.70  0.        3527.597       1363.033       5943.560    0.000  -0.138   0.380   0.
  2017 352  6 57 40 513 352.290052242      -0.53      0.26      0.70  0.        3526.725       1364.724       5944.977    0.000  -0.138   0.380   0.
  2017 352  6 57 41 513 352.290063817      -0.53      0.31      0.66  0.        3525.852       1366.416       5946.393    0.000  -0.138   0.380   0.
  2017 352  6 57 42 513 352.290075391      -0.60      0.31      0.68  0.        3524.979       1368.107       5947.809    0.000  -0.138   0.380   0.
  2017 352  6 57 43 513 352.290086965      -0.57      0.28      0.64  0.        3524.105       1369.798       5949.224    0.000  -0.138   0.380   0.
  2017 352  6 57 44 513 352.290098536      -0.63      0.32      0.56  0.        3523.231       1371.489       5950.638    0.000  -0.138   0.380   0.
  2017 352  6 57 45 513 352.290110110      -0.65      0.32      0.59  0.        3522.357       1373.180       5952.051    0.000  -0.138   0.380   0.
  2017 352  6 57 46 513 352.290121684      -0.67      0.35      0.58  0.        3521.482       1374.871       5953.464    0.000  -0.138   0.380   0.
  2017 352  6 57 47 513 352.290133258      -0.67      0.35      0.56  0.        3520.606       1376.561       5954.876    0.000  -0.138   0.380   0.
  2017 352  6 57 48 513 352.290144832      -0.68      0.36      0.59  0.        3519.731       1378.251       5956.287    0.000  -0.138   0.380   0.
  2017 352  6 57 49 513 352.290156406      -0.63      0.40      0.59  0.        3518.855       1379.941       5957.697    0.000  -0.138   0.380   0.
  2017 352  6 57 50 513 352.290167980      -0.66      0.40      0.60  0.        3517.978       1381.631       5959.107    0.000  -0.138   0.380   0.
  2017 352  6 57 51 513 352.290179554      -0.71      0.41      0.63  0.        3517.101       1383.321       5960.516    0.000  -0.138   0.380   0.
  2017 352  6 57 52 513 352.290191128      -0.69      0.43      0.60  0.        3516.223       1385.011       5961.924    0.000  -0.138   0.380   0.
  2017 352  6 57 53 513 352.290202702      -0.71      0.44      0.57  0.        3515.345       1386.700       5963.332    0.000  -0.138   0.380   0.
  2017 352  6 57 54 513 352.290214277      -0.73      0.47      0.56  0.        3514.467       1388.389       5964.739    0.000  -0.138   0.380   0.
  2017 352  6 57 55 513 352.290225851      -0.58      0.44      0.73  0.        3513.588       1390.078       5966.145    0.000  -0.138   0.380   0.
  2017 352  6 57 56 513 352.290237425      -0.65      0.48      0.63  0.        3512.709       1391.767       5967.550    0.000  -0.138   0.380   0.
  2017 352  6 57 57 513 352.290248999      -0.71      0.54      0.60  0.        3511.830       1393.456       5968.955    0.000  -0.138   0.380   0.
  2017 352  6 57 58 513 352.290260573      -0.85      0.50      0.62  0.        3510.949       1395.145       5970.359    0.000  -0.138   0.380   0.
  2017 352  6 57 59 513 352.290272147      -0.72      0.49      0.68  0.        3510.069       1396.833       5971.762    0.000  -0.138   0.380   0.
  2017 352  6 58  0 513 352.290283721      -0.77      0.42      0.62  0.        3509.188       1398.521       5973.165    0.000  -0.138   0.380   0.
  2017 352  6 58  1 513 352.290295295      -0.72      0.49      0.64  0.        3508.307       1400.209       5974.566    0.000  -0.138   0.380   0.
  2017 352  6 58  2 513 352.290306869      -0.75      0.41      0.64  0.        3507.425       1401.897       5975.967    0.000  -0.138   0.380   0.
  2017 352  6 58  3 513 352.290318443      -0.77      0.47      0.61  0.        3506.543       1403.585       5977.368    0.000  -0.138   0.380   0.
  2017 352  6 58  4 513 352.290330017      -0.77      0.46      0.60  0.        3505.660       1405.272       5978.767    0.000  -0.138   0.380   0.
  2017 352  6 58  5 513 352.290341591      -0.70      0.44      0.65  0.        3504.777       1406.960       5980.166    0.000  -0.138   0.380   0.
  2017 352  6 58  6 513 352.290353165      -0.71      0.40      0.63  0.        3503.894       1408.647       5981.564    0.000  -0.138   0.380   0.
  2017 352  6 58  7 513 352.290364740      -0.81      0.46      0.60  0.        3503.010       1410.334       5982.962    0.000  -0.138   0.380   0.
  2017 352  6 58  8 513 352.290376314      -0.81      0.41      0.64  0.        3502.126       1412.021       5984.358    0.000  -0.138   0.380   0.
  2017 352  6 58  9 513 352.290387888      -0.76      0.51      0.59  0.        3501.241       1413.708       5985.754    0.000  -0.138   0.380   0.
  2017 352  6 58 10 513 352.290399462      -0.68      0.53      0.60  0.        3500.356       1415.394       5987.150    0.000  -0.138   0.380   0.
  2017 352  6 58 11 513 352.290411036      -0.74      0.47      0.56  0.        3499.470       1417.081       5988.544    0.000  -0.138   0.380   0.
  2017 352  6 58 12 513 352.290422610      -0.75      0.44      0.68  0.        3498.584       1418.767       5989.938    0.000  -0.138   0.380   0.
  2017 352  6 58 13 513 352.290434184      -0.72      0.32      0.58  0.        3497.698       1420.453       5991.331    0.000  -0.138   0.380   0.
  2017 352  6 58 14 513 352.290445756      -0.84      0.32      0.49  0.        3496.811       1422.139       5992.723    0.000  -0.138   0.380   0.
  2017 352  6 58 15 513 352.290457329      -0.73      0.35      0.67  0.        3495.924       1423.824       5994.115    0.000  -0.138   0.380   0.
  2017 352  6 58 16 513 352.290468903      -0.63      0.38      0.60  0.        3495.036       1425.510       5995.506    0.000  -0.138   0.380   0.
  2017 352  6 58 17 513 352.290480477      -0.68      0.42      0.57  0.        3494.148       1427.195       5996.896    0.000  -0.138   0.380   0.
  2017 352  6 58 18 513 352.290492052      -0.68      0.45      0.55  0.        3493.260       1428.880       5998.286    0.000  -0.138   0.380   0.
  2017 352  6 58 19 513 352.290503626      -0.62      0.41      0.57  0.        3492.371       1430.566       5999.675    0.000  -0.138   0.380   0.
  2017 352  6 58 20 513 352.290515200      -0.79      0.42      0.49  0.        3491.481       1432.250       6001.063    0.000  -0.138   0.380   0.
  2017 352  6 58 21 513 352.290526774      -0.69      0.37      0.55  0.        3490.591       1433.935       6002.450    0.000  -0.138   0.380   0.
  2017 352  6 58 22 513 352.290538348      -0.70      0.36      0.58  0.        3489.701       1435.619       6003.837    0.000  -0.138   0.380   0.
  2017 352  6 58 23 513 352.290549922      -0.62      0.48      0.71  0.        3488.811       1437.304       6005.222    0.000  -0.138   0.380   0.
  2017 352  6 58 24 513 352.290561496      -0.88      0.44      0.61  0.        3487.920       1438.988       6006.608    0.000  -0.138   0.380   0.
  2017 352  6 58 25 513 352.290573070      -0.78      0.58      0.67  0.        3487.028       1440.672       6007.992    0.000  -0.138   0.380   0.
  2017 352  6 58 26 513 352.290584644      -0.84      0.54      0.63  0.        3486.136       1442.356       6009.376    0.000  -0.138   0.380   0.
  2017 352  6 58 27 513 352.290596218      -0.59      0.56      0.65  0.        3485.244       1444.039       6010.759    0.000  -0.138   0.380   0.
  2017 352  6 58 28 513 352.290607792      -0.60      0.55      0.63  0.        3484.351       1445.723       6012.141    0.000  -0.138   0.380   0.
  2017 352  6 58 29 513 352.290619366      -0.78      0.45      0.57  0.        3483.458       1447.406       6013.523    0.000  -0.138   0.380   0.
  2017 352  6 58 30 513 352.290630940      -0.77      0.46      0.59  0.        3482.565       1449.089       6014.903    0.000  -0.138   0.380   0.
  2017 352  6 58 31 513 352.290642514      -0.72      0.38      0.60  0.        3481.671       1450.772       6016.284    0.000  -0.138   0.380   0.
  2017 352  6 58 32 513 352.290654089      -0.75      0.37      0.63  0.        3480.777       1452.455       6017.663    0.000  -0.138   0.380   0.
  2017 352  6 58 33 513 352.290665663      -0.77      0.37      0.60  0.        3479.882       1454.138       6019.042    0.000  -0.138   0.380   0.
  2017 352  6 58 34 513 352.290677237      -0.74      0.31      0.61  0.        3478.987       1455.820       6020.420    0.000  -0.138   0.380   0.
  2017 352  6 58 35 513 352.290688811      -0.69      0.26      0.59  0.        3478.091       1457.502       6021.797    0.000  -0.138   0.380   0.
  2017 352  6 58 36 513 352.290700385      -0.64      0.27      0.55  0.        3477.195       1459.184       6023.173    0.000  -0.138   0.380   0.
  2017 352  6 58 37 513 352.290711959      -0.61      0.27      0.58  0.        3476.299       1460.866       6024.549    0.000  -0.138   0.380   0.
  2017 352  6 58 38 513 352.290723533      -0.52      0.16      0.62  0.        3475.402       1462.548       6025.924    0.000  -0.138   0.380   0.
  2017 352  6 58 39 513 352.290735107      -0.52      0.20      0.67  0.        3474.505       1464.229       6027.299    0.000  -0.138   0.380   0.
  2017 352  6 58 40 513 352.290746681      -0.53      0.30      0.62  0.        3473.607       1465.911       6028.672    0.000  -0.138   0.380   0.
  2017 352  6 58 41 513 352.290758255      -0.57      0.36      0.62  0.        3472.709       1467.592       6030.045    0.000  -0.138   0.380   0.
  2017 352  6 58 42 513 352.290769829      -0.61      0.41      0.61  0.        3471.810       1469.273       6031.418    0.000  -0.138   0.380   0.
  2017 352  6 58 43 513 352.290781403      -0.65      0.41      0.56  0.        3470.911       1470.954       6032.789    0.000  -0.138   0.380   0.
  2017 352  6 58 44 512 352.290792975      -0.71      0.38      0.56  0.        3470.012       1472.635       6034.160    0.000  -0.138   0.380   0.
  2017 352  6 58 45 512 352.290804549      -0.72      0.42      0.54  0.        3469.112       1474.315       6035.530    0.000  -0.138   0.380   0.
  2017 352  6 58 46 513 352.290816123      -0.64      0.51      0.57  0.        3468.212       1475.996       6036.899    0.000  -0.138   0.380   0.
  2017 352  6 58 47 513 352.290827697      -0.53      0.60      0.58  0.        3467.312       1477.676       6038.268    0.000  -0.138   0.380   0.
  2017 352  6 58 48 513 352.290839271      -0.56      0.78      0.42  0.        3466.411       1479.356       6039.636    0.000  -0.138   0.380   0.
  2017 352  6 58 49 513 352.290850845      -0.52      0.72      0.43  0.        3465.509       1481.036       6041.003    0.000  -0.138   0.380   0.
  2017 352  6 58 50 513 352.290862419      -0.57      0.61      0.41  0.        3464.608       1482.715       6042.370    0.000  -0.138   0.380   0.
  2017 352  6 58 51 512 352.290873993      -0.60      0.54      0.47  0.        3463.705       1484.395       6043.735    0.000  -0.138   0.380   0.
  2017 352  6 58 52 512 352.290885567      -0.61      0.55      0.51  0.        3462.803       1486.074       6045.100    0.000  -0.138   0.380   0.
  2017 352  6 58 53 512 352.290897141      -0.64      0.43      0.49  0.        3461.900       1487.753       6046.465    0.000  -0.138   0.380   0.
  2017 352  6 58 54 512 352.290908715      -0.76      0.45      0.43  0.        3460.996       1489.432       6047.828    0.000  -0.138   0.380   0.
  2017 352  6 58 55 512 352.290920289      -0.56      0.60      0.62  0.        3460.093       1491.111       6049.191    0.000  -0.138   0.380   0.
  2017 352  6 58 56 513 352.290931863      -0.57      0.50      0.54  0.        3459.188       1492.789       6050.553    0.000  -0.138   0.380   0.
  2017 352  6 58 57 513 352.290943437      -0.54      0.49      0.56  0.        3458.284       1494.468       6051.915    0.000  -0.138   0.380   0.
  2017 352  6 58 58 512 352.290955012      -0.60      0.35      0.51  0.        3457.379       1496.146       6053.276    0.000  -0.138   0.380   0.
  2017 352  6 58 59 512 352.290966586      -0.54      0.33      0.58  0.        3456.473       1497.824       6054.636    0.000  -0.138   0.380   0.
  2017 352  6 59  0 513 352.290978160      -0.80      0.36      0.65  0.        3455.567       1499.502       6055.995    0.000  -0.138   0.380   0.
  2017 352  6 59  1 513 352.290989734      -0.69      0.47      0.72  0.        3454.661       1501.179       6057.354    0.000  -0.138   0.380   0.
  2017 352  6 59  2 513 352.291001308      -0.63      0.48      0.57  0.        3453.754       1502.857       6058.712    0.000  -0.138   0.380   0.
  2017 352  6 59  3 513 352.291012882      -0.57      0.36      0.63  0.        3452.847       1504.534       6060.069    0.000  -0.138   0.380   0.
  2017 352  6 59  4 512 352.291024456      -0.65      0.40      0.60  0.        3451.940       1506.212       6061.425    0.000  -0.138   0.380   0.
  2017 352  6 59  5 512 352.291036030      -0.59      0.38      0.61  0.        3451.032       1507.889       6062.781    0.000  -0.138   0.380   0.
  2017 352  6 59  6 512 352.291047604      -0.61      0.32      0.64  0.        3450.124       1509.565       6064.136    0.000  -0.138   0.380   0.
  2017 352  6 59  7 512 352.291059178      -0.63      0.29      0.61  0.        3449.215       1511.242       6065.491    0.000  -0.138   0.380   0.
  2017 352  6 59  8 512 352.291070752      -0.74      0.28      0.58  0.        3448.306       1512.918       6066.844    0.000  -0.138   0.380   0.
  2017 352  6 59  9 513 352.291082326      -0.65      0.21      0.67  0.        3447.396       1514.595       6068.197    0.000  -0.138   0.380   0.
  2017 352  6 59 10 513 352.291093900      -0.66      0.20      0.62  0.        3446.486       1516.271       6069.549    0.000  -0.138   0.380   0.
  2017 352  6 59 11 512 352.291105475      -0.63      0.21      0.62  0.        3445.576       1517.947       6070.901    0.000  -0.138   0.380   0.
  2017 352  6 59 12 512 352.291117046      -0.73      0.22      0.62  0.        3444.665       1519.623       6072.252    0.000  -0.138   0.380   0.
  2017 352  6 59 13 512 352.291128620      -0.74      0.22      0.56  0.        3443.754       1521.298       6073.602    0.000  -0.138   0.380   0.
  2017 352  6 59 14 512 352.291140194      -0.69      0.19      0.58  0.        3442.843       1522.973       6074.951    0.000  -0.138   0.380   0.
  2017 352  6 59 15 512 352.291151768      -0.74      0.19      0.60  0.        3441.931       1524.649       6076.300    0.000  -0.138   0.380   0.
  2017 352  6 59 16 512 352.291163342      -0.70      0.20      0.60  0.        3441.018       1526.324       6077.648    0.000  -0.138   0.380   0.
  2017 352  6 59 17 512 352.291174916      -0.59      0.16      0.68  0.        3440.106       1527.998       6078.995    0.000  -0.138   0.380   0.
  2017 352  6 59 18 512 352.291186490      -0.72      0.17      0.59  0.        3439.193       1529.673       6080.341    0.000  -0.138   0.380   0.
  2017 352  6 59 19 512 352.291198064      -0.72      0.17      0.62  0.        3438.279       1531.348       6081.687    0.000  -0.138   0.380   0.
  2017 352  6 59 20 512 352.291209638      -0.82      0.17      0.58  0.        3437.365       1533.022       6083.032    0.000  -0.138   0.380   0.
  2017 352  6 59 21 512 352.291221212      -0.90      0.19      0.58  0.        3436.451       1534.696       6084.377    0.000  -0.138   0.380   0.
  2017 352  6 59 22 512 352.291232786      -0.87      0.22      0.58  0.        3435.536       1536.370       6085.720    0.000  -0.138   0.380   0.
  2017 352  6 59 23 512 352.291244361      -0.84      0.25      0.59  0.        3434.621       1538.044       6087.063    0.000  -0.138   0.380   0.
  2017 352  6 59 24 512 352.291255935      -0.85      0.28      0.58  0.        3433.705       1539.718       6088.406    0.000  -0.138   0.380   0.
  2017 352  6 59 25 512 352.291267509      -0.81      0.28      0.56  0.        3432.789       1541.391       6089.747    0.000  -0.138   0.380   0.
  2017 352  6 59 26 512 352.291279083      -0.79      0.32      0.57  0.        3431.873       1543.064       6091.088    0.000  -0.138   0.380   0.
  2017 352  6 59 27 512 352.291290657      -0.81      0.36      0.56  0.        3430.956       1544.737       6092.428    0.000  -0.138   0.380   0.
  2017 352  6 59 28 512 352.291302231      -0.80      0.36      0.53  0.        3430.039       1546.410       6093.767    0.000  -0.138   0.380   0.
  2017 352  6 59 29 512 352.291313805      -0.77      0.34      0.50  0.        3429.122       1548.083       6095.106    0.000  -0.138   0.380   0.
  2017 352  6 59 30 512 352.291325379      -0.81      0.42      0.47  0.        3428.204       1549.756       6096.444    0.000  -0.138   0.380   0.
  2017 352  6 59 31 512 352.291336953      -0.84      0.42      0.48  0.        3427.285       1551.428       6097.781    0.000  -0.138   0.380   0.
  2017 352  6 59 32 512 352.291348527      -0.81      0.48      0.45  0.        3426.366       1553.100       6099.118    0.000  -0.138   0.380   0.
  2017 352  6 59 33 512 352.291360101      -0.75      0.44      0.47  0.        3425.447       1554.772       6100.454    0.000  -0.138   0.380   0.
  2017 352  6 59 34 512 352.291371675      -0.82      0.43      0.48  0.        3424.528       1556.444       6101.789    0.000  -0.138   0.380   0.
  2017 352  6 59 35 512 352.291383249      -0.72      0.32      0.47  0.        3423.608       1558.116       6103.123    0.000  -0.138   0.380   0.
  2017 352  6 59 36 512 352.291394823      -0.76      0.23      0.50  0.        3422.688       1559.787       6104.457    0.000  -0.138   0.380   0.
  2017 352  6 59 37 512 352.291406398      -0.77      0.27      0.53  0.        3421.767       1561.458       6105.790    0.000  -0.138   0.380   0.
  2017 352  6 59 38 512 352.291417972      -0.71      0.28      0.54  0.        3420.846       1563.129       6107.123    0.000  -0.138   0.380   0.
  2017 352  6 59 39 512 352.291429546      -0.71      0.26      0.50  0.        3419.924       1564.800       6108.454    0.000  -0.138   0.380   0.
  2017 352  6 59 40 512 352.291441120      -0.78      0.41      0.43  0.        3419.002       1566.471       6109.785    0.000  -0.138   0.380   0.
  2017 352  6 59 41 512 352.291452694      -0.78      0.46      0.44  0.        3418.080       1568.142       6111.115    0.000  -0.138   0.380   0.
  2017 352  6 59 42 512 352.291464265      -0.71      0.49      0.43  0.        3417.157       1569.812       6112.445    0.000  -0.138   0.380   0.
  2017 352  6 59 43 512 352.291475839      -0.69      0.51      0.46  0.        3416.234       1571.482       6113.773    0.000  -0.138   0.380   0.
  2017 352  6 59 44 512 352.291487413      -0.75      0.52      0.47  0.        3415.311       1573.152       6115.102    0.000  -0.138   0.380   0.
  2017 352  6 59 45 512 352.291498987      -0.74      0.55      0.47  0.        3414.387       1574.822       6116.429    0.000  -0.138   0.380   0.
  2017 352  6 59 46 512 352.291510561      -0.74      0.54      0.47  0.        3413.462       1576.492       6117.756    0.000  -0.138   0.380   0.
  2017 352  6 59 47 512 352.291522135      -0.79      0.54      0.42  0.        3412.538       1578.161       6119.082    0.000  -0.138   0.380   0.
  2017 352  6 59 48 512 352.291533710      -0.81      0.52      0.36  0.        3411.613       1579.830       6120.407    0.000  -0.138   0.380   0.
  2017 352  6 59 49 512 352.291545284      -0.74      0.52      0.39  0.        3410.687       1581.499       6121.731    0.000  -0.138   0.380   0.
  2017 352  6 59 50 512 352.291556858      -0.83      0.56      0.34  0.        3409.761       1583.168       6123.055    0.000  -0.138   0.380   0.
  2017 352  6 59 51 512 352.291568432      -0.79      0.56      0.31  0.        3408.835       1584.837       6124.378    0.000  -0.138   0.380   0.
  2017 352  6 59 52 512 352.291580006      -0.78      0.54      0.27  0.        3407.908       1586.506       6125.701    0.000  -0.138   0.380   0.
  2017 352  6 59 53 512 352.291591580      -0.81      0.60      0.21  0.        3406.981       1588.174       6127.022    0.000  -0.138   0.380   0.
  2017 352  6 59 54 512 352.291603154      -0.75      0.63      0.23  0.        3406.054       1589.842       6128.343    0.000  -0.138   0.380   0.
  2017 352  6 59 55 512 352.291614728      -0.67      0.62      0.20  0.        3405.126       1591.510       6129.664    0.000  -0.138   0.380   0.
  2017 352  6 59 56 512 352.291626302      -0.72      0.65      0.17  0.        3404.198       1593.178       6130.983    0.000  -0.138   0.380   0.
  2017 352  6 59 57 512 352.291637876      -0.73      0.66      0.15  0.        3403.269       1594.846       6132.302    0.000  -0.138   0.380   0.
  2017 352  6 59 58 512 352.291649450      -0.74      0.66      0.15  0.        3402.340       1596.513       6133.620    0.000  -0.138   0.380   0.
  2017 352  6 59 59 512 352.291661024      -0.77      0.71      0.13  0.        3401.411       1598.180       6134.938    0.000  -0.138   0.380   0.
  2017 352  7  0  0 512 352.291672598      -0.72      0.78      0.16  0.        3400.481       1599.847       6136.255    0.000  -0.138   0.380   0.
  2017 352  7  0  1 512 352.291684173      -0.72      0.82      0.16  0.        3399.551       1601.514       6137.571    0.000  -0.138   0.380   0.
  2017 352  7  0  2 512 352.291695747      -0.76      0.85      0.13  0.        3398.620       1603.181       6138.886    0.000  -0.138   0.380   0.
  2017 352  7  0  3 512 352.291707321      -0.68      0.81      0.04  0.        3397.689       1604.848       6140.201    0.000  -0.138   0.380   0.
  2017 352  7  0  4 512 352.291718895      -0.62      0.76      0.10  0.        3396.758       1606.514       6141.515    0.000  -0.138   0.380   0.
  2017 352  7  0  5 512 352.291730469      -0.68      0.76      0.18  0.        3395.826       1608.180       6142.828    0.000  -0.138   0.380   0.
  2017 352  7  0  6 512 352.291742043      -0.64      0.79      0.20  0.        3394.894       1609.846       6144.140    0.000  -0.138   0.380   0.
  2017 352  7  0  7 512 352.291753617      -0.61      0.83      0.17  0.        3393.962       1611.512       6145.453    0.000  -0.138   0.380   0.
  2017 352  7  0  8 512 352.291765191      -0.51      0.81      0.22  0.        3393.029       1613.178       6146.763    0.000  -0.138   0.380   0.
  2017 352  7  0  9 512 352.291776765      -0.49      0.79      0.17  0.        3392.095       1614.843       6148.074    0.000  -0.138   0.380   0.
  2017 352  7  0 10 512 352.291788337      -0.54      0.82      0.12  0.        3391.162       1616.508       6149.384    0.000  -0.138   0.380   0.
  2017 352  7  0 11 512 352.291799910      -0.57      0.84      0.11  0.        3390.228       1618.173       6150.693    0.000  -0.138   0.380   0.
  2017 352  7  0 12 512 352.291811484      -0.55      0.83      0.12  0.        3389.293       1619.838       6152.001    0.000  -0.138   0.380   0.
  2017 352  7  0 13 512 352.291823058      -0.63      0.83      0.13  0.        3388.358       1621.503       6153.309    0.000  -0.138   0.380   0.
  2017 352  7  0 14 512 352.291834633      -0.60      0.81      0.21  0.        3387.423       1623.167       6154.616    0.000  -0.138   0.380   0.
  2017 352  7  0 15 512 352.291846207      -0.64      0.79      0.21  0.        3386.488       1624.832       6155.922    0.000  -0.138   0.380   0.
  2017 352  7  0 16 512 352.291857781      -0.64      0.83      0.17  0.        3385.552       1626.496       6157.227    0.000  -0.138   0.380   0.
  2017 352  7  0 17 512 352.291869355      -0.52      0.87      0.27  0.        3384.615       1628.160       6158.532    0.000  -0.138   0.380   0.
  2017 352  7  0 18 512 352.291880929      -0.59      0.82      0.31  0.        3383.678       1629.824       6159.836    0.000  -0.138   0.380   0.
  2017 352  7  0 19 512 352.291892503      -0.65      0.82      0.35  0.        3382.741       1631.487       6161.140    0.000  -0.138   0.380   0.
  2017 352  7  0 20 512 352.291904077      -0.62      0.77      0.30  0.        3381.804       1633.151       6162.442    0.000  -0.138   0.380   0.
  2017 352  7  0 21 512 352.291915651      -0.51      0.64      0.40  0.        3380.866       1634.814       6163.744    0.000  -0.138   0.380   0.
  2017 352  7  0 22 512 352.291927225      -0.49      0.61      0.49  0.        3379.928       1636.477       6165.046    0.000  -0.138   0.380   0.
  2017 352  7  0 23 512 352.291938799      -0.56      0.68      0.57  0.        3378.989       1638.140       6166.346    0.000  -0.138   0.380   0.
  2017 352  7  0 24 512 352.291950373      -0.62      0.74      0.60  0.        3378.050       1639.802       6167.646    0.000  -0.138   0.380   0.
  2017 352  7  0 25 512 352.291961947      -0.62      0.70      0.56  0.        3377.110       1641.465       6168.945    0.000  -0.138   0.380   0.
  2017 352  7  0 26 512 352.291973521      -0.65      0.68      0.53  0.        3376.171       1643.127       6170.244    0.000  -0.138   0.380   0.
  2017 352  7  0 27 512 352.291985095      -0.63      0.71      0.57  0.        3375.230       1644.789       6171.542    0.000  -0.138   0.380   0.
  2017 352  7  0 28 512 352.291996670      -0.64      0.70      0.62  0.        3374.290       1646.451       6172.839    0.000  -0.138   0.380   0.
  2017 352  7  0 29 512 352.292008244      -0.70      0.67      0.66  0.        3373.349       1648.113       6174.135    0.000  -0.138   0.380   0.
  2017 352  7  0 30 512 352.292019818      -0.69      0.58      0.69  0.        3372.407       1649.774       6175.431    0.000  -0.138   0.380   0.
  2017 352  7  0 31 512 352.292031392      -0.69      0.63      0.67  0.        3371.466       1651.436       6176.726    0.000  -0.138   0.380   0.
  2017 352  7  0 32 512 352.292042966      -0.72      0.54      0.71  0.        3370.523       1653.097       6178.020    0.000  -0.138   0.380   0.
  2017 352  7  0 33 512 352.292054540      -0.73      0.52      0.86  0.        3369.581       1654.758       6179.314    0.000  -0.138   0.380   0.
  2017 352  7  0 34 512 352.292066114      -0.69      0.60      0.83  0.        3368.638       1656.419       6180.607    0.000  -0.138   0.380   0.
  2017 352  7  0 35 512 352.292077688      -0.74      0.66      0.85  0.        3367.695       1658.079       6181.899    0.000  -0.138   0.380   0.
  2017 352  7  0 36 512 352.292089262      -0.58      0.58      0.83  0.        3366.751       1659.740       6183.190    0.000  -0.138   0.380   0.
  2017 352  7  0 37 512 352.292100836      -0.48      0.53      0.82  0.        3365.807       1661.400       6184.481    0.000  -0.138   0.380   0.
  2017 352  7  0 38 512 352.292112410      -0.64      0.62      0.81  0.        3364.863       1663.060       6185.771    0.000  -0.138   0.380   0.
  2017 352  7  0 39 512 352.292123984      -0.75      0.52      0.85  0.        3363.918       1664.720       6187.061    0.000  -0.138   0.380   0.
  2017 352  7  0 40 511 352.292135556      -0.79      0.57      0.81  0.        3362.973       1666.380       6188.349    0.000  -0.138   0.380   0.
  2017 352  7  0 41 511 352.292147130      -0.63      0.59      0.88  0.        3362.027       1668.039       6189.637    0.000  -0.138   0.380   0.
  2017 352  7  0 42 512 352.292158704      -0.58      0.52      0.75  0.        3361.081       1669.698       6190.925    0.000  -0.138   0.380   0.
  2017 352  7  0 43 512 352.292170278      -0.73      0.63      0.59  0.        3360.135       1671.358       6192.211    0.000  -0.138   0.380   0.
  2017 352  7  0 44 512 352.292181852      -0.46      0.63      0.74  0.        3359.188       1673.016       6193.497    0.000  -0.138   0.380   0.
  2017 352  7  0 45 512 352.292193426      -0.50      0.65      0.69  0.        3358.241       1674.675       6194.783    0.000  -0.138   0.380   0.
  2017 352  7  0 46 511 352.292205000      -0.66      0.67      0.72  0.        3357.294       1676.334       6196.067    0.000  -0.138   0.380   0.
  2017 352  7  0 47 511 352.292216574      -0.61      0.62      0.64  0.        3356.346       1677.992       6197.351    0.000  -0.138   0.380   0.
  2017 352  7  0 48 511 352.292228148      -0.51      0.64      0.62  0.        3355.398       1679.650       6198.634    0.000  -0.138   0.380   0.
  2017 352  7  0 49 511 352.292239722      -0.51      0.61      0.66  0.        3354.449       1681.308       6199.916    0.000  -0.138   0.380   0.
  2017 352  7  0 50 511 352.292251296      -0.44      0.63      0.63  0.        3353.500       1682.966       6201.198    0.000  -0.138   0.380   0.
  2017 352  7  0 51 512 352.292262870      -0.41      0.67      0.56  0.        3352.551       1684.624       6202.479    0.000  -0.138   0.380   0.
  2017 352  7  0 52 512 352.292274444      -0.34      0.66      0.56  0.        3351.601       1686.281       6203.760    0.000  -0.138   0.380   0.
  2017 352  7  0 53 511 352.292286019      -0.37      0.68      0.59  0.        3350.651       1687.938       6205.039    0.000  -0.138   0.380   0.
  2017 352  7  0 54 511 352.292297593      -0.43      0.62      0.63  0.        3349.701       1689.595       6206.318    0.000  -0.138   0.380   0.
  2017 352  7  0 55 512 352.292309167      -0.45      0.49      0.63  0.        3348.750       1691.252       6207.596    0.000  -0.138   0.380   0.
  2017 352  7  0 56 512 352.292320741      -0.49      0.53      0.62  0.        3347.799       1692.909       6208.874    0.000  -0.138   0.380   0.
  2017 352  7  0 57 512 352.292332315      -0.48      0.53      0.65  0.        3346.847       1694.565       6210.151    0.000  -0.138   0.380   0.
  2017 352  7  0 58 512 352.292343889      -0.49      0.52      0.68  0.        3345.895       1696.221       6211.427    0.000  -0.138   0.380   0.
  2017 352  7  0 59 512 352.292355463      -0.42      0.52      0.69  0.        3344.943       1697.878       6212.702    0.000  -0.138   0.380   0.
  2017 352  7  1  0 511 352.292367037      -0.25      0.53      0.62  0.        3343.990       1699.534       6213.977    0.000  -0.138   0.380   0.
  2017 352  7  1  1 511 352.292378611      -0.12      0.50      0.61  0.        3343.037       1701.189       6215.251    0.000  -0.138   0.380   0.
  2017 352  7  1  2 511 352.292390185      -0.09      0.48      0.61  0.        3342.083       1702.845       6216.525    0.000  -0.138   0.380   0.
  2017 352  7  1  3 511 352.292401759      -0.16      0.51      0.62  0.        3341.130       1704.500       6217.797    0.000  -0.138   0.380   0.
  2017 352  7  1  4 511 352.292413333      -0.12      0.48      0.64  0.        3340.176       1706.155       6219.069    0.000  -0.138   0.380   0.
  2017 352  7  1  5 512 352.292424907      -0.07      0.38      0.70  0.        3339.221       1707.810       6220.341    0.000  -0.138   0.380   0.
  2017 352  7  1  6 512 352.292436481      -0.12      0.39      0.68  0.        3338.266       1709.465       6221.611    0.000  -0.138   0.380   0.
  2017 352  7  1  7 511 352.292448056      -0.36      0.40      0.58  0.        3337.311       1711.120       6222.881    0.000  -0.138   0.380   0.
  2017 352  7  1  8 511 352.292459627      -0.33      0.51      0.53  0.        3336.355       1712.774       6224.150    0.000  -0.138   0.380   0.
  2017 352  7  1  9 511 352.292471201      -0.46      0.56      0.44  0.        3335.399       1714.428       6225.419    0.000  -0.138   0.380   0.
  2017 352  7  1 10 511 352.292482775      -0.40      0.70      0.48  0.        3334.443       1716.082       6226.687    0.000  -0.138   0.380   0.
  2017 352  7  1 11 511 352.292494349      -0.37      0.62      0.48  0.        3333.486       1717.736       6227.954    0.000  -0.138   0.380   0.
  2017 352  7  1 12 511 352.292505923      -0.51      0.62      0.50  0.        3332.529       1719.390       6229.220    0.000  -0.138   0.380   0.
  2017 352  7  1 13 511 352.292517497      -0.45      0.62      0.54  0.        3331.571       1721.043       6230.486    0.000  -0.138   0.380   0.
  2017 352  7  1 14 511 352.292529071      -0.47      0.64      0.42  0.        3330.613       1722.696       6231.751    0.000  -0.138   0.380   0.
  2017 352  7  1 15 511 352.292540645      -0.52      0.73      0.42  0.        3329.655       1724.349       6233.015    0.000  -0.138   0.380   0.
  2017 352  7  1 16 511 352.292552219      -0.60      0.70      0.52  0.        3328.696       1726.002       6234.279    0.000  -0.138   0.380   0.
  2017 352  7  1 17 511 352.292563793      -0.46      0.64      0.70  0.        3327.737       1727.655       6235.542    0.000  -0.138   0.380   0.
  2017 352  7  1 18 511 352.292575367      -0.44      0.54      0.64  0.        3326.778       1729.307       6236.804    0.000  -0.138   0.380   0.
  2017 352  7  1 19 511 352.292586942      -0.55      0.57      0.62  0.        3325.818       1730.960       6238.066    0.000  -0.138   0.380   0.
  2017 352  7  1 20 511 352.292598516      -0.56      0.61      0.63  0.        3324.858       1732.612       6239.327    0.000  -0.138   0.380   0.
  2017 352  7  1 21 511 352.292610090      -0.59      0.51      0.68  0.        3323.897       1734.264       6240.587    0.000  -0.138   0.380   0.
  2017 352  7  1 22 511 352.292621664      -0.57      0.46      0.66  0.        3322.937       1735.915       6241.847    0.000  -0.138   0.380   0.
  2017 352  7  1 23 511 352.292633238      -0.49      0.40      0.66  0.        3321.975       1737.567       6243.105    0.000  -0.138   0.380   0.
  2017 352  7  1 24 511 352.292644812      -0.60      0.41      0.60  0.        3321.014       1739.218       6244.364    0.000  -0.138   0.380   0.
  2017 352  7  1 25 511 352.292656386      -0.50      0.41      0.67  0.        3320.052       1740.869       6245.621    0.000  -0.138   0.380   0.
  2017 352  7  1 26 511 352.292667960      -0.53      0.37      0.63  0.        3319.089       1742.520       6246.878    0.000  -0.138   0.380   0.
  2017 352  7  1 27 511 352.292679534      -0.47      0.46      0.70  0.        3318.127       1744.171       6248.134    0.000  -0.138   0.380   0.
  2017 352  7  1 28 511 352.292691108      -0.57      0.35      0.64  0.        3317.164       1745.821       6249.389    0.000  -0.138   0.380   0.
  2017 352  7  1 29 511 352.292702682      -0.37      0.23      0.65  0.        3316.200       1747.472       6250.644    0.000  -0.138   0.380   0.
  2017 352  7  1 30 511 352.292714256      -0.27      0.24      0.65  0.        3315.236       1749.122       6251.898    0.000  -0.138   0.380   0.
  2017 352  7  1 31 511 352.292725830      -0.22      0.19      0.67  0.        3314.272       1750.772       6253.151    0.000  -0.138   0.380   0.
  2017 352  7  1 32 511 352.292737404      -0.16      0.10      0.61  0.        3313.308       1752.422       6254.404    0.000  -0.138   0.380   0.
  2017 352  7  1 33 511 352.292748979      -0.09      0.03      0.59  0.        3312.343       1754.071       6255.656    0.000  -0.138   0.380   0.
  2017 352  7  1 34 511 352.292760553      -0.12      0.04      0.52  0.        3311.378       1755.721       6256.907    0.000  -0.138   0.380   0.
  2017 352  7  1 35 511 352.292772127      -0.15      0.09      0.55  0.        3310.412       1757.370       6258.157    0.000  -0.138   0.380   0.
  2017 352  7  1 36 511 352.292783701      -0.16      0.09      0.59  0.        3309.446       1759.019       6259.407    0.000  -0.138   0.380   0.
  2017 352  7  1 37 511 352.292795275      -0.14      0.06      0.61  0.        3308.479       1760.668       6260.656    0.000  -0.138   0.380   0.
  2017 352  7  1 38 511 352.292806846      -0.04      0.10      0.49  0.        3307.513       1762.316       6261.904    0.000  -0.138   0.380   0.
  2017 352  7  1 39 511 352.292818420      -0.11      0.23      0.51  0.        3306.546       1763.965       6263.153    0.000  -0.138   0.380   0.
  2017 352  7  1 40 511 352.292829994      -0.15      0.19      0.64  0.        3305.578       1765.613       6264.400    0.000  -0.138   0.380   0.
  2017 352  7  1 41 511 352.292841568      -0.06      0.09      0.65  0.        3304.611       1767.261       6265.646    0.000  -0.138   0.380   0.
  2017 352  7  1 42 511 352.292853142      -0.05      0.03      0.60  0.        3303.642       1768.909       6266.892    0.000  -0.138   0.380   0.
  2017 352  7  1 43 511 352.292864716      -0.07      0.02      0.59  0.        3302.674       1770.556       6268.137    0.000  -0.138   0.380   0.
  2017 352  7  1 44 511 352.292876290      -0.06     -0.02      0.60  0.        3301.705       1772.204       6269.381    0.000  -0.138   0.380   0.
  2017 352  7  1 45 511 352.292887865       0.02     -0.03      0.61  0.        3300.736       1773.851       6270.625    0.000  -0.138   0.380   0.
  2017 352  7  1 46 511 352.292899439       0.02      0.02      0.59  0.        3299.766       1775.498       6271.868    0.000  -0.138   0.380   0.
  2017 352  7  1 47 511 352.292911013      -0.01     -0.01      0.67  0.        3298.796       1777.145       6273.110    0.000  -0.138   0.380   0.
  2017 352  7  1 48 511 352.292922587      -0.06     -0.00      0.67  0.        3297.826       1778.792       6274.352    0.000  -0.138   0.380   0.
  2017 352  7  1 49 511 352.292934161      -0.14      0.02      0.63  0.        3296.855       1780.438       6275.592    0.000  -0.138   0.380   0.
  2017 352  7  1 50 511 352.292945735      -0.22      0.20      0.60  0.        3295.884       1782.085       6276.833    0.000  -0.138   0.380   0.
  2017 352  7  1 51 511 352.292957309      -0.29      0.39      0.65  0.        3294.912       1783.731       6278.072    0.000  -0.138   0.380   0.
  2017 352  7  1 52 511 352.292968883      -0.25      0.11      0.78  0.        3293.941       1785.377       6279.311    0.000  -0.138   0.380   0.
  2017 352  7  1 53 511 352.292980457      -0.24      0.10      0.75  0.        3292.969       1787.022       6280.549    0.000  -0.138   0.380   0.
  2017 352  7  1 54 511 352.292992031      -0.26      0.08      0.74  0.        3291.996       1788.668       6281.787    0.000  -0.138   0.380   0.
  2017 352  7  1 55 511 352.293003605      -0.25      0.05      0.77  0.        3291.023       1790.313       6283.023    0.000  -0.138   0.380   0.
  2017 352  7  1 56 511 352.293015179      -0.30      0.11      0.74  0.        3290.050       1791.958       6284.259    0.000  -0.138   0.380   0.
  2017 352  7  1 57 511 352.293026754      -0.34      0.20      0.81  0.        3289.076       1793.603       6285.495    0.000  -0.138   0.380   0.
  2017 352  7  1 58 511 352.293038328      -0.38      0.28      0.79  0.        3288.102       1795.248       6286.730    0.000  -0.138   0.380   0.
  2017 352  7  1 59 511 352.293049902      -0.40      0.32      0.82  0.        3287.128       1796.893       6287.964    0.000  -0.138   0.380   0.
  2017 352  7  2  0 511 352.293061476      -0.42      0.31      0.80  0.        3286.153       1798.537       6289.197    0.000  -0.138   0.380   0.
  2017 352  7  2  1 511 352.293073050      -0.43      0.35      0.78  0.        3285.178       1800.181       6290.430    0.000  -0.138   0.380   0.
  2017 352  7  2  2 511 352.293084624      -0.42      0.34      0.79  0.        3284.203       1801.825       6291.662    0.000  -0.138   0.380   0.
  2017 352  7  2  3 511 352.293096198      -0.38      0.35      0.77  0.        3283.227       1803.469       6292.893    0.000  -0.138   0.380   0.
  2017 352  7  2  4 511 352.293107772      -0.41      0.34      0.76  0.        3282.251       1805.112       6294.123    0.000  -0.138   0.380   0.
  2017 352  7  2  5 511 352.293119346      -0.37      0.31      0.76  0.        3281.275       1806.756       6295.353    0.000  -0.138   0.380   0.
  2017 352  7  2  6 511 352.293130920      -0.39      0.31      0.77  0.        3280.298       1808.399       6296.582    0.000  -0.138   0.380   0.
  2017 352  7  2  7 511 352.293142494      -0.28      0.38      0.75  0.        3279.321       1810.042       6297.811    0.000  -0.138   0.380   0.
  2017 352  7  2  8 511 352.293154066      -0.27      0.38      0.73  0.        3278.343       1811.685       6299.039    0.000  -0.138   0.380   0.
  2017 352  7  2  9 511 352.293165639      -0.25      0.34      0.78  0.        3277.365       1813.327       6300.266    0.000  -0.138   0.380   0.
  2017 352  7  2 10 511 352.293177214      -0.23      0.30      0.78  0.        3276.387       1814.970       6301.493    0.000  -0.138   0.380   0.
  2017 352  7  2 11 511 352.293188788      -0.27      0.31      0.80  0.        3275.409       1816.612       6302.718    0.000  -0.138   0.380   0.
  2017 352  7  2 12 511 352.293200362      -0.35      0.36      0.81  0.        3274.430       1818.254       6303.943    0.000  -0.138   0.380   0.
  2017 352  7  2 13 511 352.293211936      -0.39      0.38      0.74  0.        3273.450       1819.895       6305.168    0.000  -0.138   0.380   0.
  2017 352  7  2 14 511 352.293223510      -0.38      0.36      0.72  0.        3272.471       1821.537       6306.392    0.000  -0.138   0.380   0.
  2017 352  7  2 15 511 352.293235084      -0.38      0.41      0.69  0.        3271.491       1823.178       6307.615    0.000  -0.138   0.380   0.
  2017 352  7  2 16 511 352.293246658      -0.45      0.34      0.69  0.        3270.510       1824.820       6308.837    0.000  -0.138   0.380   0.
  2017 352  7  2 17 511 352.293258232      -0.41      0.39      0.66  0.        3269.530       1826.461       6310.059    0.000  -0.138   0.380   0.
  2017 352  7  2 18 511 352.293269806      -0.41      0.37      0.64  0.        3268.549       1828.101       6311.280    0.000  -0.138   0.380   0.
  2017 352  7  2 19 511 352.293281380      -0.40      0.40      0.66  0.        3267.567       1829.742       6312.500    0.000  -0.138   0.380   0.
  2017 352  7  2 20 511 352.293292954      -0.42      0.42      0.66  0.        3266.585       1831.382       6313.720    0.000  -0.138   0.380   0.
  2017 352  7  2 21 511 352.293304528      -0.46      0.45      0.63  0.        3265.603       1833.023       6314.939    0.000  -0.138   0.380   0.
  2017 352  7  2 22 511 352.293316102      -0.48      0.48      0.59  0.        3264.621       1834.663       6316.157    0.000  -0.138   0.380   0.
  2017 352  7  2 23 511 352.293327677      -0.51      0.47      0.64  0.        3263.638       1836.303       6317.375    0.000  -0.138   0.380   0.
  2017 352  7  2 24 511 352.293339251      -0.48      0.48      0.64  0.        3262.655       1837.942       6318.591    0.000  -0.138   0.380   0.
  2017 352  7  2 25 511 352.293350825      -0.41      0.47      0.68  0.        3261.671       1839.582       6319.808    0.000  -0.138   0.380   0.
  2017 352  7  2 26 511 352.293362399      -0.41      0.42      0.69  0.        3260.687       1841.221       6321.023    0.000  -0.138   0.380   0.
  2017 352  7  2 27 511 352.293373973      -0.46      0.42      0.67  0.        3259.703       1842.860       6322.238    0.000  -0.138   0.380   0.
  2017 352  7  2 28 511 352.293385547      -0.47      0.44      0.62  0.        3258.718       1844.499       6323.452    0.000  -0.138   0.380   0.
  2017 352  7  2 29 511 352.293397121      -0.45      0.44      0.66  0.        3257.734       1846.137       6324.666    0.000  -0.138   0.380   0.
  2017 352  7  2 30 511 352.293408695      -0.47      0.43      0.65  0.        3256.748       1847.776       6325.879    0.000  -0.138   0.380   0.
  2017 352  7  2 31 511 352.293420269      -0.46      0.43      0.62  0.        3255.763       1849.414       6327.091    0.000  -0.138   0.380   0.
  2017 352  7  2 32 511 352.293431843      -0.44      0.42      0.60  0.        3254.777       1851.052       6328.302    0.000  -0.138   0.380   0.
  2017 352  7  2 33 511 352.293443417      -0.39      0.37      0.62  0.        3253.790       1852.690       6329.513    0.000  -0.138   0.380   0.
  2017 352  7  2 34 511 352.293454991      -0.43      0.35      0.64  0.        3252.804       1854.327       6330.723    0.000  -0.138   0.380   0.
  2017 352  7  2 35 511 352.293466565      -0.47      0.37      0.67  0.        3251.817       1855.965       6331.932    0.000  -0.138   0.380   0.
  2017 352  7  2 36 511 352.293478139      -0.47      0.45      0.71  0.        3250.829       1857.602       6333.141    0.000  -0.138   0.380   0.
  2017 352  7  2 37 511 352.293489714      -0.54      0.47      0.68  0.        3249.841       1859.239       6334.349    0.000  -0.138   0.380   0.
  2017 352  7  2 38 511 352.293501285      -0.47      0.43      0.70  0.        3248.853       1860.876       6335.557    0.000  -0.138   0.380   0.
  2017 352  7  2 39 511 352.293512859      -0.40      0.43      0.71  0.        3247.865       1862.513       6336.763    0.000  -0.138   0.380   0.
  2017 352  7  2 40 511 352.293524433      -0.49      0.42      0.71  0.        3246.876       1864.149       6337.969    0.000  -0.138   0.380   0.
  2017 352  7  2 41 511 352.293536007      -0.53      0.39      0.75  0.        3245.887       1865.785       6339.175    0.000  -0.138   0.380   0.
  2017 352  7  2 42 510 352.293547581      -0.46      0.43      0.78  0.        3244.897       1867.421       6340.379    0.000  -0.138   0.380   0.
  2017 352  7  2 43 510 352.293559155      -0.66      0.39      0.69  0.        3243.908       1869.057       6341.583    0.000  -0.138   0.380   0.
  2017 352  7  2 44 510 352.293570729      -0.47      0.50      0.81  0.        3242.917       1870.693       6342.787    0.000  -0.138   0.380   0.
  2017 352  7  2 45 510 352.293582303      -0.54      0.43      0.75  0.        3241.927       1872.328       6343.989    0.000  -0.138   0.380   0.
  2017 352  7  2 46 510 352.293593877      -0.51      0.43      0.73  0.        3240.936       1873.963       6345.191    0.000  -0.138   0.380   0.
  2017 352  7  2 47 511 352.293605451      -0.49      0.43      0.75  0.        3239.945       1875.599       6346.392    0.000  -0.138   0.380   0.
  2017 352  7  2 48 511 352.293617025      -0.25      0.36      0.89  0.        3238.954       1877.233       6347.593    0.000  -0.138   0.380   0.
  2017 352  7  2 49 510 352.293628600      -0.41      0.33      0.80  0.        3237.961       1878.868       6348.793    0.000  -0.138   0.380   0.
  2017 352  7  2 50 510 352.293640174      -0.35      0.39      0.86  0.        3236.969       1880.502       6349.992    0.000  -0.138   0.380   0.
  2017 352  7  2 51 511 352.293651748      -0.30      0.35      0.88  0.        3235.977       1882.137       6351.191    0.000  -0.138   0.380   0.
  2017 352  7  2 52 511 352.293663322      -0.25      0.34      0.88  0.        3234.984       1883.771       6352.388    0.000  -0.138   0.380   0.
  2017 352  7  2 53 511 352.293674896      -0.27      0.34      0.84  0.        3233.990       1885.405       6353.586    0.000  -0.138   0.380   0.
  2017 352  7  2 54 511 352.293686470      -0.22      0.30      0.92  0.        3232.997       1887.038       6354.782    0.000  -0.138   0.380   0.
  2017 352  7  2 55 511 352.293698044      -0.31      0.33      0.84  0.        3232.003       1888.672       6355.978    0.000  -0.138   0.380   0.
  2017 352  7  2 56 510 352.293709618      -0.25      0.30      0.85  0.        3231.008       1890.305       6357.173    0.000  -0.138   0.380   0.
  2017 352  7  2 57 510 352.293721192      -0.28      0.33      0.86  0.        3230.014       1891.938       6358.368    0.000  -0.138   0.380   0.
  2017 352  7  2 58 510 352.293732766      -0.30      0.35      0.84  0.        3229.019       1893.571       6359.561    0.000  -0.138   0.380   0.
  2017 352  7  2 59 510 352.293744340      -0.28      0.34      0.86  0.        3228.023       1895.204       6360.755    0.000  -0.138   0.380   0.
  2017 352  7  3  0 511 352.293755914      -0.31      0.36      0.82  0.        3227.028       1896.835       6361.947    0.000  -0.138   0.380   0.
  2017 352  7  3  1 511 352.293767488      -0.30      0.32      0.86  0.        3226.032       1898.468       6363.139    0.000  -0.138   0.380   0.
  2017 352  7  3  2 510 352.293779062      -0.31      0.32      0.82  0.        3225.035       1900.100       6364.330    0.000  -0.138   0.380   0.
  2017 352  7  3  3 510 352.293790637      -0.33      0.34      0.79  0.        3224.038       1901.732       6365.520    0.000  -0.138   0.380   0.
  2017 352  7  3  4 511 352.293802211      -0.30      0.35      0.80  0.        3223.041       1903.363       6366.710    0.000  -0.138   0.380   0.
  2017 352  7  3  5 511 352.293813785      -0.32      0.37      0.79  0.        3222.044       1904.995       6367.899    0.000  -0.138   0.380   0.
  2017 352  7  3  6 511 352.293825356      -0.31      0.35      0.80  0.        3221.046       1906.626       6369.087    0.000  -0.138   0.380   0.
  2017 352  7  3  7 510 352.293836930      -0.29      0.34      0.80  0.        3220.048       1908.257       6370.275    0.000  -0.138   0.380   0.
  2017 352  7  3  8 510 352.293848504      -0.34      0.36      0.77  0.        3219.050       1909.888       6371.462    0.000  -0.138   0.380   0.
  2017 352  7  3  9 510 352.293860078      -0.31      0.44      0.76  0.        3218.051       1911.519       6372.649    0.000  -0.138   0.380   0.
  2017 352  7  3 10 510 352.293871652      -0.34      0.45      0.80  0.        3217.052       1913.149       6373.834    0.000  -0.138   0.380   0.
  2017 352  7  3 11 510 352.293883226      -0.32      0.45      0.82  0.        3216.052       1914.779       6375.019    0.000  -0.138   0.380   0.
  2017 352  7  3 12 510 352.293894800      -0.25      0.47      0.78  0.        3215.053       1916.409       6376.203    0.000  -0.138   0.380   0.
  2017 352  7  3 13 510 352.293906374      -0.30      0.46      0.79  0.        3214.052       1918.039       6377.387    0.000  -0.138   0.380   0.
  2017 352  7  3 14 510 352.293917948      -0.30      0.43      0.82  0.        3213.052       1919.669       6378.570    0.000  -0.138   0.380   0.
  2017 352  7  3 15 510 352.293929523      -0.34      0.43      0.80  0.        3212.051       1921.298       6379.753    0.000  -0.138   0.380   0.
  2017 352  7  3 16 510 352.293941097      -0.37      0.44      0.81  0.        3211.050       1922.927       6380.934    0.000  -0.138   0.380   0.
  2017 352  7  3 17 510 352.293952671      -0.39      0.41      0.84  0.        3210.049       1924.556       6382.115    0.000  -0.138   0.380   0.
  2017 352  7  3 18 510 352.293964245      -0.39      0.47      0.83  0.        3209.047       1926.185       6383.295    0.000  -0.138   0.380   0.
  2017 352  7  3 19 510 352.293975819      -0.40      0.49      0.84  0.        3208.045       1927.814       6384.475    0.000  -0.138   0.380   0.
  2017 352  7  3 20 510 352.293987393      -0.45      0.53      0.88  0.        3207.042       1929.442       6385.654    0.000  -0.138   0.380   0.
  2017 352  7  3 21 510 352.293998967      -0.43      0.50      0.88  0.        3206.039       1931.070       6386.832    0.000  -0.138   0.380   0.
  2017 352  7  3 22 510 352.294010541      -0.39      0.48      0.84  0.        3205.036       1932.698       6388.010    0.000  -0.138   0.380   0.
  2017 352  7  3 23 510 352.294022115      -0.42      0.53      0.86  0.        3204.033       1934.326       6389.187    0.000  -0.138   0.380   0.
  2017 352  7  3 24 510 352.294033689      -0.44      0.49      0.80  0.        3203.029       1935.954       6390.363    0.000  -0.138   0.380   0.
  2017 352  7  3 25 510 352.294045263      -0.45      0.48      0.84  0.        3202.024       1937.581       6391.539    0.000  -0.138   0.380   0.
  2017 352  7  3 26 510 352.294056837      -0.45      0.50      0.85  0.        3201.020       1939.208       6392.713    0.000  -0.138   0.380   0.
  2017 352  7  3 27 510 352.294068411      -0.45      0.47      0.84  0.        3200.015       1940.835       6393.888    0.000  -0.138   0.380   0.
  2017 352  7  3 28 510 352.294079986      -0.47      0.45      0.82  0.        3199.010       1942.462       6395.061    0.000  -0.138   0.380   0.
  2017 352  7  3 29 510 352.294091560      -0.39      0.44      0.87  0.        3198.004       1944.088       6396.234    0.000  -0.138   0.380   0.
  2017 352  7  3 30 510 352.294103134      -0.37      0.41      0.85  0.        3196.998       1945.715       6397.406    0.000  -0.138   0.380   0.
  2017 352  7  3 31 510 352.294114708      -0.39      0.43      0.83  0.        3195.992       1947.341       6398.578    0.000  -0.138   0.380   0.
  2017 352  7  3 32 510 352.294126282      -0.44      0.41      0.85  0.        3194.986       1948.967       6399.749    0.000  -0.138   0.380   0.
  2017 352  7  3 33 510 352.294137856      -0.45      0.38      0.84  0.        3193.979       1950.593       6400.919    0.000  -0.138   0.380   0.
  2017 352  7  3 34 510 352.294149430      -0.42      0.35      0.85  0.        3192.972       1952.218       6402.088    0.000  -0.138   0.380   0.
  2017 352  7  3 35 510 352.294161004      -0.47      0.31      0.87  0.        3191.964       1953.843       6403.257    0.000  -0.138   0.380   0.
  2017 352  7  3 36 510 352.294172576      -0.44      0.32      0.81  0.        3190.956       1955.469       6404.426    0.000  -0.138   0.380   0.
  2017 352  7  3 37 510 352.294184149      -0.46      0.23      0.79  0.        3189.948       1957.093       6405.593    0.000  -0.138   0.380   0.
  2017 352  7  3 38 510 352.294195723      -0.39      0.19      0.84  0.        3188.939       1958.718       6406.760    0.000  -0.138   0.380   0.
  2017 352  7  3 39 510 352.294207298      -0.33      0.22      0.91  0.        3187.930       1960.343       6407.926    0.000  -0.138   0.380   0.
  2017 352  7  3 40 510 352.294218871      -0.38      0.23      0.83  0.        3186.921       1961.967       6409.091    0.000  -0.138   0.380   0.
  2017 352  7  3 41 510 352.294230446      -0.34      0.17      0.84  0.        3185.912       1963.591       6410.256    0.000  -0.138   0.380   0.
  2017 352  7  3 42 510 352.294242020      -0.35      0.13      0.86  0.        3184.902       1965.215       6411.420    0.000  -0.138   0.380   0.
  2017 352  7  3 43 510 352.294253594      -0.38      0.19      0.85  0.        3183.892       1966.839       6412.584    0.000  -0.138   0.380   0.
  2017 352  7  3 44 510 352.294265168      -0.39      0.18      0.84  0.        3182.881       1968.462       6413.747    0.000  -0.138   0.380   0.
  2017 352  7  3 45 510 352.294276742      -0.41      0.16      0.81  0.        3181.870       1970.085       6414.909    0.000  -0.138   0.380   0.
  2017 352  7  3 46 510 352.294288316      -0.39      0.17      0.84  0.        3180.859       1971.709       6416.070    0.000  -0.138   0.380   0.
  2017 352  7  3 47 510 352.294299890      -0.34      0.10      0.83  0.        3179.847       1973.331       6417.231    0.000  -0.138   0.380   0.
  2017 352  7  3 48 510 352.294311464      -0.37      0.13      0.83  0.        3178.835       1974.954       6418.391    0.000  -0.138   0.380   0.
  2017 352  7  3 49 510 352.294323038      -0.40      0.21      0.80  0.        3177.823       1976.577       6419.551    0.000  -0.138   0.380   0.
  2017 352  7  3 50 510 352.294334612      -0.38      0.22      0.79  0.        3176.811       1978.199       6420.710    0.000  -0.138   0.380   0.
  2017 352  7  3 51 510 352.294346186      -0.37      0.25      0.79  0.        3175.798       1979.821       6421.868    0.000  -0.138   0.380   0.
  2017 352  7  3 52 510 352.294357760      -0.39      0.27      0.81  0.        3174.785       1981.443       6423.025    0.000  -0.138   0.380   0.
  2017 352  7  3 53 510 352.294369334      -0.34      0.28      0.82  0.        3173.771       1983.064       6424.182    0.000  -0.138   0.380   0.
  2017 352  7  3 54 510 352.294380909      -0.36      0.25      0.84  0.        3172.757       1984.686       6425.338    0.000  -0.138   0.380   0.
  2017 352  7  3 55 510 352.294392483      -0.39      0.26      0.83  0.        3171.743       1986.307       6426.493    0.000  -0.138   0.380   0.
  2017 352  7  3 56 510 352.294404057      -0.43      0.55      0.67  0.        3170.728       1987.928       6427.648    0.000  -0.138   0.380   0.
  2017 352  7  3 57 510 352.294415631      -0.44      0.62      0.56  0.        3169.714       1989.549       6428.802    0.000  -0.138   0.380   0.
  2017 352  7  3 58 510 352.294427205      -0.42      0.65      0.58  0.        3168.698       1991.169       6429.956    0.000  -0.138   0.380   0.
  2017 352  7  3 59 510 352.294438779      -0.39      0.63      0.62  0.        3167.683       1992.790       6431.108    0.000  -0.138   0.380   0.
  2017 352  7  4  0 510 352.294450353      -0.34      0.57      0.62  0.        3166.667       1994.410       6432.261    0.000  -0.138   0.380   0.
  2017 352  7  4  1 510 352.294461927      -0.32      0.56      0.60  0.        3165.651       1996.030       6433.412    0.000  -0.138   0.380   0.
  2017 352  7  4  2 510 352.294473501      -0.37      0.60      0.62  0.        3164.634       1997.650       6434.563    0.000  -0.138   0.380   0.
  2017 352  7  4  3 510 352.294485075      -0.36      0.59      0.62  0.        3163.618       1999.269       6435.713    0.000  -0.138   0.380   0.
  2017 352  7  4  4 510 352.294496647      -0.37      0.60      0.61  0.        3162.600       2000.889       6436.862    0.000  -0.138   0.380   0.
  2017 352  7  4  5 510 352.294508221      -0.41      0.60      0.68  0.        3161.583       2002.508       6438.011    0.000  -0.138   0.380   0.
  2017 352  7  4  6 510 352.294519795      -0.45      0.64      0.71  0.        3160.565       2004.127       6439.159    0.000  -0.138   0.380   0.
  2017 352  7  4  7 510 352.294531369      -0.50      0.66      0.68  0.        3159.547       2005.746       6440.307    0.000  -0.138   0.380   0.
  2017 352  7  4  8 510 352.294542943      -0.51      0.64      0.70  0.        3158.528       2007.364       6441.453    0.000  -0.138   0.380   0.
  2017 352  7  4  9 510 352.294554517      -0.48      0.65      0.71  0.        3157.510       2008.982       6442.599    0.000  -0.138   0.380   0.
  2017 352  7  4 10 510 352.294566091      -0.43      0.67      0.71  0.        3156.491       2010.601       6443.745    0.000  -0.138   0.380   0.
  2017 352  7  4 11 510 352.294577665      -0.45      0.69      0.74  0.        3155.471       2012.218       6444.890    0.000  -0.138   0.380   0.
  2017 352  7  4 12 510 352.294589239      -0.40      0.65      0.74  0.        3154.451       2013.836       6446.034    0.000  -0.138   0.380   0.
  2017 352  7  4 13 510 352.294600813      -0.37      0.64      0.76  0.        3153.431       2015.454       6447.177    0.000  -0.138   0.380   0.
  2017 352  7  4 14 510 352.294612387      -0.40      0.65      0.74  0.        3152.411       2017.071       6448.320    0.000  -0.138   0.380   0.
  2017 352  7  4 15 510 352.294623961      -0.40      0.55      0.73  0.        3151.390       2018.688       6449.462    0.000  -0.138   0.380   0.
  2017 352  7  4 16 510 352.294635535      -0.39      0.55      0.74  0.        3150.369       2020.305       6450.603    0.000  -0.138   0.380   0.
  2017 352  7  4 17 510 352.294647109      -0.43      0.53      0.76  0.        3149.348       2021.922       6451.744    0.000  -0.138   0.380   0.
  2017 352  7  4 18 510 352.294658683      -0.48      0.52      0.77  0.        3148.326       2023.538       6452.884    0.000  -0.138   0.380   0.
  2017 352  7  4 19 510 352.294670258      -0.47      0.58      0.74  0.        3147.304       2025.155       6454.024    0.000  -0.138   0.380   0.
  2017 352  7  4 20 510 352.294681832      -0.54      0.63      0.74  0.        3146.282       2026.770       6455.163    0.000  -0.138   0.380   0.
  2017 352  7  4 21 510 352.294693406      -0.56      0.61      0.76  0.        3145.259       2028.386       6456.301    0.000  -0.138   0.380   0.
  2017 352  7  4 22 510 352.294704980      -0.53      0.62      0.70  0.        3144.236       2030.002       6457.438    0.000  -0.138   0.380   0.
  2017 352  7  4 23 510 352.294716554      -0.52      0.56      0.67  0.        3143.213       2031.617       6458.575    0.000  -0.138   0.380   0.
  2017 352  7  4 24 510 352.294728128      -0.54      0.56      0.73  0.        3142.189       2033.233       6459.711    0.000  -0.138   0.380   0.
  2017 352  7  4 25 510 352.294739702      -0.53      0.54      0.69  0.        3141.165       2034.848       6460.846    0.000  -0.138   0.380   0.
  2017 352  7  4 26 510 352.294751276      -0.60      0.51      0.70  0.        3140.141       2036.462       6461.981    0.000  -0.138   0.380   0.
  2017 352  7  4 27 510 352.294762850      -0.61      0.52      0.71  0.        3139.116       2038.077       6463.115    0.000  -0.138   0.380   0.
  2017 352  7  4 28 510 352.294774424      -0.57      0.50      0.70  0.        3138.091       2039.691       6464.249    0.000  -0.138   0.380   0.
  2017 352  7  4 29 510 352.294785998      -0.65      0.47      0.67  0.        3137.066       2041.305       6465.382    0.000  -0.138   0.380   0.
  2017 352  7  4 30 510 352.294797572      -0.62      0.41      0.72  0.        3136.040       2042.919       6466.514    0.000  -0.138   0.380   0.
  2017 352  7  4 31 510 352.294809146      -0.68      0.48      0.73  0.        3135.014       2044.533       6467.645    0.000  -0.138   0.380   0.
  2017 352  7  4 32 510 352.294820721      -0.72      0.44      0.75  0.        3133.988       2046.147       6468.776    0.000  -0.138   0.380   0.
  2017 352  7  4 33 510 352.294832295      -0.62      0.44      0.74  0.        3132.961       2047.760       6469.906    0.000  -0.138   0.380   0.
  2017 352  7  4 34 510 352.294843866      -0.64      0.41      0.74  0.        3131.935       2049.373       6471.036    0.000  -0.138   0.380   0.
  2017 352  7  4 35 510 352.294855440      -0.74      0.42      0.72  0.        3130.907       2050.986       6472.164    0.000  -0.138   0.380   0.
  2017 352  7  4 36 510 352.294867014      -0.70      0.37      0.72  0.        3129.880       2052.599       6473.293    0.000  -0.138   0.380   0.
  2017 352  7  4 37 510 352.294878588      -0.68      0.36      0.75  0.        3128.852       2054.211       6474.420    0.000  -0.138   0.380   0.
  2017 352  7  4 38 509 352.294890162      -0.67      0.40      0.73  0.        3127.824       2055.824       6475.547    0.000  -0.138   0.380   0.
  2017 352  7  4 39 509 352.294901736      -0.67      0.45      0.73  0.        3126.795       2057.436       6476.673    0.000  -0.138   0.380   0.
  2017 352  7  4 40 509 352.294913310      -0.47      0.47      0.72  0.        3125.767       2059.048       6477.799    0.000  -0.138   0.380   0.
  2017 352  7  4 41 509 352.294924884      -0.40      0.50      0.70  0.        3124.738       2060.659       6478.923    0.000  -0.138   0.380   0.
  2017 352  7  4 42 509 352.294936458      -0.39      0.50      0.70  0.        3123.708       2062.271       6480.048    0.000  -0.138   0.380   0.
  2017 352  7  4 43 510 352.294948032      -0.53      0.46      0.71  0.        3122.678       2063.882       6481.171    0.000  -0.138   0.380   0.
  2017 352  7  4 44 510 352.294959607      -0.53      0.42      0.70  0.        3121.648       2065.493       6482.294    0.000  -0.138   0.380   0.
  2017 352  7  4 45 509 352.294971181      -0.55      0.47      0.71  0.        3120.618       2067.104       6483.416    0.000  -0.138   0.380   0.
  2017 352  7  4 46 509 352.294982755      -0.50      0.44      0.72  0.        3119.587       2068.714       6484.538    0.000  -0.138   0.380   0.
  2017 352  7  4 47 510 352.294994329      -0.51      0.40      0.72  0.        3118.556       2070.325       6485.659    0.000  -0.138   0.380   0.
  2017 352  7  4 48 510 352.295005903      -0.55      0.40      0.72  0.        3117.525       2071.935       6486.778    0.000  -0.138   0.380   0.
  2017 352  7  4 49 510 352.295017477      -0.53      0.39      0.74  0.        3116.493       2073.545       6487.898    0.000  -0.138   0.380   0.
  2017 352  7  4 50 510 352.295029051      -0.56      0.40      0.74  0.        3115.461       2075.155       6489.017    0.000  -0.138   0.380   0.
  2017 352  7  4 51 510 352.295040625      -0.61      0.43      0.70  0.        3114.429       2076.764       6490.136    0.000  -0.138   0.380   0.
  2017 352  7  4 52 509 352.295052199      -0.62      0.52      0.68  0.        3113.396       2078.374       6491.253    0.000  -0.138   0.380   0.
  2017 352  7  4 53 509 352.295063773      -0.60      0.48      0.64  0.        3112.363       2079.983       6492.370    0.000  -0.138   0.380   0.
  2017 352  7  4 54 509 352.295075347      -0.63      0.45      0.66  0.        3111.330       2081.592       6493.486    0.000  -0.138   0.380   0.
  2017 352  7  4 55 509 352.295086921      -0.68      0.50      0.66  0.        3110.296       2083.200       6494.602    0.000  -0.138   0.380   0.
  2017 352  7  4 56 510 352.295098495      -0.64      0.50      0.64  0.        3109.263       2084.809       6495.717    0.000  -0.138   0.380   0.
  2017 352  7  4 57 510 352.295110069      -0.67      0.50      0.65  0.        3108.228       2086.417       6496.831    0.000  -0.138   0.380   0.
  2017 352  7  4 58 509 352.295121644      -0.62      0.51      0.69  0.        3107.194       2088.025       6497.945    0.000  -0.138   0.379   0.
  2017 352  7  4 59 509 352.295133218      -0.60      0.48      0.67  0.        3106.159       2089.633       6499.058    0.000  -0.138   0.379   0.
  2017 352  7  5  0 510 352.295144792      -0.57      0.50      0.70  0.        3105.124       2091.241       6500.170    0.000  -0.138   0.380   0.
  2017 352  7  5  1 510 352.295156366      -0.56      0.53      0.69  0.        3104.089       2092.848       6501.282    0.000  -0.138   0.380   0.
  2017 352  7  5  2 510 352.295167937      -0.57      0.52      0.64  0.        3103.053       2094.455       6502.392    0.000  -0.138   0.380   0.
  2017 352  7  5  3 509 352.295179511      -0.60      0.55      0.62  0.        3102.017       2096.062       6503.503    0.000  -0.138   0.380   0.
  2017 352  7  5  4 509 352.295191085      -0.60      0.53      0.63  0.        3100.980       2097.669       6504.612    0.000  -0.138   0.380   0.
  2017 352  7  5  5 509 352.295202659      -0.59      0.50      0.62  0.        3099.944       2099.276       6505.721    0.000  -0.138   0.380   0.
  2017 352  7  5  6 509 352.295214233      -0.61      0.50      0.61  0.        3098.907       2100.882       6506.830    0.000  -0.138   0.380   0.
  2017 352  7  5  7 509 352.295225807      -0.66      0.50      0.64  0.        3097.869       2102.488       6507.938    0.000  -0.138   0.380   0.
  2017 352  7  5  8 509 352.295237381      -0.66      0.50      0.68  0.        3096.832       2104.094       6509.045    0.000  -0.138   0.380   0.
  2017 352  7  5  9 509 352.295248955      -0.63      0.53      0.68  0.        3095.794       2105.700       6510.151    0.000  -0.138   0.380   0.
  2017 352  7  5 10 509 352.295260530      -0.73      0.58      0.67  0.        3094.755       2107.305       6511.257    0.000  -0.138   0.380   0.
  2017 352  7  5 11 509 352.295272104      -0.70      0.53      0.69  0.        3093.717       2108.911       6512.362    0.000  -0.138   0.380   0.
  2017 352  7  5 12 509 352.295283678      -0.76      0.61      0.63  0.        3092.678       2110.516       6513.466    0.000  -0.138   0.380   0.
  2017 352  7  5 13 509 352.295295252      -0.79      0.63      0.61  0.        3091.639       2112.121       6514.570    0.000  -0.138   0.380   0.
  2017 352  7  5 14 509 352.295306826      -0.78      0.67      0.59  0.        3090.599       2113.726       6515.673    0.000  -0.138   0.380   0.
  2017 352  7  5 15 509 352.295318400      -0.74      0.69      0.55  0.        3089.559       2115.330       6516.775    0.000  -0.138   0.380   0.
  2017 352  7  5 16 509 352.295329974      -0.70      0.64      0.63  0.        3088.519       2116.934       6517.877    0.000  -0.138   0.380   0.
  2017 352  7  5 17 509 352.295341548      -0.70      0.66      0.62  0.        3087.479       2118.538       6518.978    0.000  -0.138   0.380   0.
  2017 352  7  5 18 509 352.295353122      -0.68      0.67      0.61  0.        3086.438       2120.142       6520.079    0.000  -0.138   0.380   0.
  2017 352  7  5 19 509 352.295364696      -0.64      0.63      0.66  0.        3085.397       2121.746       6521.178    0.000  -0.138   0.380   0.
  2017 352  7  5 20 509 352.295376270      -0.64      0.63      0.69  0.        3084.356       2123.349       6522.277    0.000  -0.138   0.380   0.
  2017 352  7  5 21 509 352.295387844      -0.66      0.60      0.70  0.        3083.314       2124.952       6523.376    0.000  -0.138   0.380   0.
  2017 352  7  5 22 509 352.295399418      -0.50      0.60      0.70  0.        3082.272       2126.555       6524.474    0.000  -0.138   0.380   0.
  2017 352  7  5 23 509 352.295410992      -0.47      0.59      0.65  0.        3081.230       2128.158       6525.571    0.000  -0.138   0.380   0.
  2017 352  7  5 24 509 352.295422567      -0.60      0.62      0.60  0.        3080.187       2129.761       6526.668    0.000  -0.138   0.380   0.
  2017 352  7  5 25 509 352.295434141      -0.59      0.59      0.63  0.        3079.144       2131.363       6527.763    0.000  -0.138   0.380   0.
  2017 352  7  5 26 509 352.295445715      -0.63      0.59      0.63  0.        3078.101       2132.965       6528.859    0.000  -0.138   0.380   0.
  2017 352  7  5 27 509 352.295457289      -0.61      0.61      0.59  0.        3077.057       2134.567       6529.953    0.000  -0.138   0.380   0.
  2017 352  7  5 28 509 352.295468863      -0.65      0.65      0.63  0.        3076.013       2136.169       6531.047    0.000  -0.138   0.380   0.
  2017 352  7  5 29 509 352.295480437      -0.61      0.62      0.64  0.        3074.969       2137.770       6532.140    0.000  -0.138   0.380   0.
  2017 352  7  5 30 509 352.295492011      -0.55      0.54      0.70  0.        3073.925       2139.371       6533.233    0.000  -0.138   0.380   0.
  2017 352  7  5 31 509 352.295503585      -0.58      0.55      0.65  0.        3072.880       2140.973       6534.325    0.000  -0.138   0.380   0.
  2017 352  7  5 32 509 352.295515157      -0.55      0.60      0.59  0.        3071.835       2142.573       6535.416    0.000  -0.138   0.380   0.
  2017 352  7  5 33 509 352.295526730      -0.50      0.60      0.57  0.        3070.790       2144.174       6536.507    0.000  -0.138   0.380   0.
  2017 352  7  5 34 509 352.295538304      -0.60      0.61      0.59  0.        3069.744       2145.774       6537.597    0.000  -0.138   0.380   0.
  2017 352  7  5 35 509 352.295549879      -0.59      0.65      0.59  0.        3068.698       2147.375       6538.686    0.000  -0.138   0.380   0.
  2017 352  7  5 36 509 352.295561453      -0.62      0.59      0.60  0.        3067.652       2148.975       6539.775    0.000  -0.138   0.380   0.
  2017 352  7  5 37 509 352.295573027      -0.59      0.56      0.66  0.        3066.605       2150.574       6540.863    0.000  -0.138   0.380   0.
  2017 352  7  5 38 509 352.295584601      -0.57      0.49      0.72  0.        3065.558       2152.174       6541.950    0.000  -0.138   0.380   0.
  2017 352  7  5 39 509 352.295596175      -0.63      0.47      0.66  0.        3064.511       2153.773       6543.037    0.000  -0.138   0.380   0.
  2017 352  7  5 40 509 352.295607749      -0.65      0.55      0.65  0.        3063.463       2155.372       6544.123    0.000  -0.138   0.380   0.
  2017 352  7  5 41 509 352.295619323      -0.69      0.57      0.66  0.        3062.415       2156.971       6545.208    0.000  -0.138   0.380   0.
  2017 352  7  5 42 509 352.295630897      -0.61      0.59      0.65  0.        3061.367       2158.570       6546.293    0.000  -0.138   0.380   0.
  2017 352  7  5 43 509 352.295642471      -0.62      0.63      0.65  0.        3060.319       2160.168       6547.377    0.000  -0.138   0.380   0.
  2017 352  7  5 44 509 352.295654045      -0.66      0.64      0.66  0.        3059.270       2161.767       6548.461    0.000  -0.138   0.380   0.
  2017 352  7  5 45 509 352.295665619      -0.58      0.62      0.64  0.        3058.221       2163.365       6549.543    0.000  -0.138   0.380   0.
  2017 352  7  5 46 509 352.295677193      -0.59      0.66      0.67  0.        3057.172       2164.963       6550.625    0.000  -0.138   0.380   0.
  2017 352  7  5 47 509 352.295688767      -0.63      0.66      0.64  0.        3056.122       2166.560       6551.707    0.000  -0.138   0.380   0.
  2017 352  7  5 48 509 352.295700341      -0.61      0.61      0.69  0.        3055.072       2168.158       6552.788    0.000  -0.138   0.380   0.
  2017 352  7  5 49 509 352.295711915      -0.60      0.63      0.68  0.        3054.022       2169.755       6553.868    0.000  -0.138   0.380   0.
  2017 352  7  5 50 509 352.295723490      -0.58      0.64      0.63  0.        3052.971       2171.352       6554.947    0.000  -0.138   0.380   0.
  2017 352  7  5 51 509 352.295735064      -0.51      0.60      0.70  0.        3051.920       2172.949       6556.026    0.000  -0.138   0.380   0.
  2017 352  7  5 52 509 352.295746638      -0.53      0.60      0.69  0.        3050.869       2174.545       6557.105    0.000  -0.138   0.380   0.
  2017 352  7  5 53 509 352.295758212      -0.56      0.58      0.66  0.        3049.818       2176.142       6558.182    0.000  -0.138   0.380   0.
  2017 352  7  5 54 509 352.295769786      -0.59      0.59      0.67  0.        3048.766       2177.738       6559.259    0.000  -0.138   0.380   0.
  2017 352  7  5 55 509 352.295781360      -0.56      0.57      0.67  0.        3047.714       2179.334       6560.335    0.000  -0.138   0.380   0.
  2017 352  7  5 56 509 352.295792934      -0.48      0.78      0.61  0.        3046.661       2180.929       6561.411    0.000  -0.138   0.380   0.
  2017 352  7  5 57 509 352.295804508      -0.45      0.81      0.53  0.        3045.609       2182.525       6562.486    0.000  -0.138   0.380   0.
  2017 352  7  5 58 509 352.295816082      -0.53      0.81      0.53  0.        3044.556       2184.120       6563.560    0.000  -0.138   0.380   0.
  2017 352  7  5 59 509 352.295827656      -0.51      0.84      0.56  0.        3043.502       2185.715       6564.634    0.000  -0.138   0.380   0.
  2017 352  7  6  0 509 352.295839228      -0.48      0.78      0.53  0.        3042.449       2187.310       6565.707    0.000  -0.138   0.380   0.
  2017 352  7  6  1 509 352.295850802      -0.54      0.83      0.54  0.        3041.395       2188.904       6566.779    0.000  -0.138   0.380   0.
  2017 352  7  6  2 509 352.295862376      -0.47      0.81      0.55  0.        3040.341       2190.499       6567.851    0.000  -0.138   0.380   0.
  2017 352  7  6  3 509 352.295873950      -0.36      0.77      0.55  0.        3039.286       2192.093       6568.922    0.000  -0.138   0.380   0.
  2017 352  7  6  4 509 352.295885524      -0.40      0.80      0.53  0.        3038.231       2193.687       6569.992    0.000  -0.138   0.380   0.
  2017 352  7  6  5 509 352.295897098      -0.39      0.79      0.50  0.        3037.176       2195.281       6571.062    0.000  -0.138   0.380   0.
  2017 352  7  6  6 509 352.295908672      -0.37      0.78      0.49  0.        3036.120       2196.874       6572.131    0.000  -0.138   0.380   0.
  2017 352  7  6  7 509 352.295920246      -0.48      0.83      0.47  0.        3035.065       2198.467       6573.200    0.000  -0.138   0.380   0.
  2017 352  7  6  8 509 352.295931820      -0.42      0.82      0.47  0.        3034.009       2200.061       6574.268    0.000  -0.138   0.380   0.
  2017 352  7  6  9 509 352.295943394      -0.48      0.86      0.52  0.        3032.952       2201.653       6575.335    0.000  -0.138   0.380   0.
  2017 352  7  6 10 509 352.295954968      -0.55      0.91      0.47  0.        3031.896       2203.246       6576.401    0.000  -0.138   0.380   0.
  2017 352  7  6 11 509 352.295966542      -0.52      0.86      0.47  0.        3030.839       2204.839       6577.467    0.000  -0.138   0.380   0.
  2017 352  7  6 12 509 352.295978116      -0.47      0.85      0.54  0.        3029.782       2206.431       6578.532    0.000  -0.138   0.380   0.
  2017 352  7  6 13 509 352.295989690      -0.53      0.84      0.53  0.        3028.725       2208.023       6579.597    0.000  -0.138   0.380   0.
  2017 352  7  6 14 509 352.296001264      -0.51      0.78      0.52  0.        3027.667       2209.615       6580.661    0.000  -0.138   0.380   0.
  2017 352  7  6 15 509 352.296012839      -0.45      0.81      0.52  0.        3026.609       2211.206       6581.724    0.000  -0.138   0.380   0.
  2017 352  7  6 16 509 352.296024413      -0.52      0.85      0.52  0.        3025.550       2212.797       6582.787    0.000  -0.138   0.380   0.
  2017 352  7  6 17 509 352.296035987      -0.48      0.81      0.60  0.        3024.492       2214.389       6583.849    0.000  -0.138   0.380   0.
  2017 352  7  6 18 509 352.296047561      -0.48      0.82      0.58  0.        3023.433       2215.980       6584.910    0.000  -0.138   0.380   0.
  2017 352  7  6 19 509 352.296059135      -0.48      0.83      0.61  0.        3022.373       2217.570       6585.971    0.000  -0.138   0.380   0.
  2017 352  7  6 20 509 352.296070709      -0.51      0.82      0.58  0.        3021.314       2219.161       6587.031    0.000  -0.138   0.380   0.
  2017 352  7  6 21 509 352.296082283      -0.49      0.83      0.59  0.        3020.254       2220.751       6588.090    0.000  -0.138   0.380   0.
  2017 352  7  6 22 509 352.296093857      -0.53      0.80      0.60  0.        3019.194       2222.341       6589.149    0.000  -0.138   0.380   0.
  2017 352  7  6 23 509 352.296105431      -0.49      0.83      0.58  0.        3018.133       2223.931       6590.207    0.000  -0.138   0.380   0.
  2017 352  7  6 24 509 352.296117005      -0.49      0.82      0.59  0.        3017.072       2225.520       6591.264    0.000  -0.138   0.380   0.
  2017 352  7  6 25 509 352.296128579      -0.55      0.79      0.56  0.        3016.011       2227.110       6592.321    0.000  -0.138   0.380   0.
  2017 352  7  6 26 509 352.296140153      -0.51      0.78      0.63  0.        3014.950       2228.699       6593.378    0.000  -0.138   0.380   0.
  2017 352  7  6 27 509 352.296151727      -0.59      0.78      0.54  0.        3013.888       2230.288       6594.433    0.000  -0.138   0.380   0.
  2017 352  7  6 28 509 352.296163302      -0.60      0.80      0.56  0.        3012.826       2231.877       6595.488    0.000  -0.138   0.380   0.
  2017 352  7  6 29 509 352.296174876      -0.54      0.83      0.58  0.        3011.764       2233.465       6596.542    0.000  -0.138   0.380   0.
  2017 352  7  6 30 509 352.296186447      -0.54      0.82      0.59  0.        3010.702       2235.054       6597.596    0.000  -0.138   0.380   0.
  2017 352  7  6 31 509 352.296198021      -0.51      0.75      0.63  0.        3009.639       2236.642       6598.648    0.000  -0.138   0.380   0.
  2017 352  7  6 32 509 352.296209595      -0.63      0.79      0.53  0.        3008.576       2238.229       6599.701    0.000  -0.138   0.380   0.
  2017 352  7  6 33 509 352.296221169      -0.46      0.79      0.61  0.        3007.512       2239.817       6600.752    0.000  -0.138   0.380   0.
  2017 352  7  6 34 508 352.296232743      -0.44      0.72      0.66  0.        3006.448       2241.405       6601.803    0.000  -0.138   0.380   0.
  2017 352  7  6 35 508 352.296244317      -0.47      0.70      0.62  0.        3005.385       2242.992       6602.854    0.000  -0.138   0.380   0.
  2017 352  7  6 36 508 352.296255891      -0.46      0.72      0.56  0.        3004.320       2244.579       6603.903    0.000  -0.138   0.380   0.
  2017 352  7  6 37 508 352.296267465      -0.42      0.69      0.61  0.        3003.256       2246.166       6604.952    0.000  -0.138   0.380   0.
  2017 352  7  6 38 509 352.296279039      -0.46      0.70      0.59  0.        3002.191       2247.752       6606.001    0.000  -0.138   0.380   0.
  2017 352  7  6 39 509 352.296290613      -0.48      0.70      0.59  0.        3001.126       2249.338       6607.049    0.000  -0.138   0.380   0.
  2017 352  7  6 40 509 352.296302187      -0.44      0.69      0.55  0.        3000.060       2250.925       6608.096    0.000  -0.138   0.380   0.
  2017 352  7  6 41 508 352.296313762      -0.45      0.67      0.53  0.        2998.994       2252.510       6609.142    0.000  -0.138   0.380   0.
  2017 352  7  6 42 508 352.296325336      -0.45      0.69      0.55  0.        2997.928       2254.096       6610.188    0.000  -0.138   0.380   0.
  2017 352  7  6 43 509 352.296336910      -0.43      0.68      0.54  0.        2996.862       2255.682       6611.233    0.000  -0.138   0.380   0.
  2017 352  7  6 44 509 352.296348484      -0.46      0.70      0.57  0.        2995.795       2257.267       6612.278    0.000  -0.138   0.380   0.
  2017 352  7  6 45 509 352.296360058      -0.51      0.71      0.60  0.        2994.728       2258.852       6613.322    0.000  -0.138   0.380   0.
  2017 352  7  6 46 509 352.296371632      -0.53      0.70      0.62  0.        2993.661       2260.437       6614.365    0.000  -0.138   0.380   0.
  2017 352  7  6 47 508 352.296383206      -0.56      0.69      0.63  0.        2992.594       2262.021       6615.407    0.000  -0.138   0.380   0.
  2017 352  7  6 48 508 352.296394780      -0.54      0.69      0.64  0.        2991.526       2263.606       6616.449    0.000  -0.138   0.380   0.
  2017 352  7  6 49 508 352.296406354      -0.53      0.68      0.65  0.        2990.458       2265.190       6617.491    0.000  -0.138   0.380   0.
  2017 352  7  6 50 508 352.296417928      -0.56      0.71      0.65  0.        2989.389       2266.774       6618.531    0.000  -0.138   0.380   0.
  2017 352  7  6 51 508 352.296429502      -0.54      0.71      0.64  0.        2988.321       2268.357       6619.571    0.000  -0.138   0.380   0.
  2017 352  7  6 52 509 352.296441076      -0.57      0.67      0.64  0.        2987.252       2269.941       6620.611    0.000  -0.138   0.380   0.
  2017 352  7  6 53 509 352.296452650      -0.54      0.67      0.66  0.        2986.182       2271.524       6621.649    0.000  -0.138   0.380   0.
  2017 352  7  6 54 508 352.296464225      -0.52      0.68      0.65  0.        2985.113       2273.107       6622.688    0.000  -0.138   0.380   0.
  2017 352  7  6 55 508 352.296475799      -0.48      0.67      0.73  0.        2984.043       2274.690       6623.725    0.000  -0.138   0.380   0.
  2017 352  7  6 56 509 352.296487373      -0.55      0.63      0.71  0.        2982.973       2276.273       6624.762    0.000  -0.138   0.380   0.
  2017 352  7  6 57 509 352.296498947      -0.46      0.65      0.71  0.        2981.903       2277.855       6625.798    0.000  -0.138   0.380   0.
  2017 352  7  6 58 509 352.296510521      -0.46      0.63      0.71  0.        2980.832       2279.437       6626.834    0.000  -0.138   0.380   0.
  2017 352  7  6 59 509 352.296522095      -0.45      0.65      0.73  0.        2979.761       2281.019       6627.868    0.000  -0.138   0.380   0.
  2017 352  7  7  0 509 352.296533666      -0.43      0.63      0.70  0.        2978.690       2282.601       6628.903    0.000  -0.138   0.380   0.
  2017 352  7  7  1 508 352.296545240      -0.41      0.64      0.68  0.        2977.618       2284.182       6629.936    0.000  -0.138   0.380   0.
  2017 352  7  7  2 508 352.296556814      -0.36      0.64      0.72  0.        2976.546       2285.764       6630.969    0.000  -0.138   0.380   0.
  2017 352  7  7  3 508 352.296568388      -0.35      0.59      0.74  0.        2975.474       2287.345       6632.002    0.000  -0.138   0.380   0.
  2017 352  7  7  4 508 352.296579962      -0.42      0.61      0.70  0.        2974.402       2288.926       6633.033    0.000  -0.138   0.380   0.
  2017 352  7  7  5 508 352.296591536      -0.48      0.67      0.72  0.        2973.329       2290.506       6634.064    0.000  -0.138   0.380   0.
  2017 352  7  7  6 508 352.296603111      -0.43      0.59      0.76  0.        2972.256       2292.087       6635.095    0.000  -0.138   0.380   0.
  2017 352  7  7  7 508 352.296614685      -0.44      0.57      0.78  0.        2971.182       2293.667       6636.125    0.000  -0.138   0.380   0.
  2017 352  7  7  8 508 352.296626259      -0.39      0.52      0.84  0.        2970.109       2295.247       6637.154    0.000  -0.138   0.380   0.
  2017 352  7  7  9 508 352.296637833      -0.45      0.50      0.82  0.        2969.035       2296.826       6638.182    0.000  -0.138   0.380   0.
  2017 352  7  7 10 508 352.296649407      -0.38      0.43      0.85  0.        2967.961       2298.406       6639.210    0.000  -0.138   0.380   0.
  2017 352  7  7 11 508 352.296660981      -0.37      0.37      0.84  0.        2966.886       2299.985       6640.237    0.000  -0.138   0.380   0.
  2017 352  7  7 12 508 352.296672555      -0.43      0.45      0.79  0.        2965.812       2301.564       6641.264    0.000  -0.138   0.380   0.
  2017 352  7  7 13 508 352.296684129      -0.42      0.50      0.77  0.        2964.737       2303.143       6642.290    0.000  -0.138   0.380   0.
  2017 352  7  7 14 508 352.296695703      -0.41      0.54      0.74  0.        2963.661       2304.722       6643.315    0.000  -0.138   0.380   0.
  2017 352  7  7 15 508 352.296707277      -0.46      0.55      0.79  0.        2962.586       2306.300       6644.340    0.000  -0.138   0.380   0.
  2017 352  7  7 16 508 352.296718851      -0.40      0.56      0.79  0.        2961.510       2307.878       6645.364    0.000  -0.138   0.380   0.
  2017 352  7  7 17 508 352.296730425      -0.37      0.53      0.77  0.        2960.434       2309.456       6646.387    0.000  -0.138   0.380   0.
  2017 352  7  7 18 508 352.296741999      -0.38      0.50      0.78  0.        2959.358       2311.034       6647.410    0.000  -0.138   0.380   0.
  2017 352  7  7 19 508 352.296753573      -0.40      0.51      0.77  0.        2958.281       2312.612       6648.432    0.000  -0.138   0.380   0.
  2017 352  7  7 20 508 352.296765148      -0.36      0.51      0.78  0.        2957.204       2314.189       6649.453    0.000  -0.138   0.380   0.
  2017 352  7  7 21 508 352.296776722      -0.43      0.57      0.73  0.        2956.127       2315.766       6650.474    0.000  -0.138   0.380   0.
  2017 352  7  7 22 508 352.296788296      -0.39      0.52      0.77  0.        2955.049       2317.343       6651.494    0.000  -0.138   0.380   0.
  2017 352  7  7 23 508 352.296799870      -0.38      0.54      0.77  0.        2953.971       2318.919       6652.514    0.000  -0.138   0.380   0.
  2017 352  7  7 24 508 352.296811444      -0.44      0.58      0.74  0.        2952.893       2320.496       6653.533    0.000  -0.138   0.380   0.
  2017 352  7  7 25 508 352.296823018      -0.43      0.59      0.73  0.        2951.815       2322.072       6654.551    0.000  -0.138   0.380   0.
  2017 352  7  7 26 508 352.296834592      -0.45      0.60      0.67  0.        2950.736       2323.648       6655.568    0.000  -0.138   0.380   0.
  2017 352  7  7 27 508 352.296846166      -0.47      0.57      0.72  0.        2949.657       2325.224       6656.585    0.000  -0.138   0.380   0.
  2017 352  7  7 28 508 352.296857738      -0.48      0.55      0.71  0.        2948.578       2326.799       6657.602    0.000  -0.138   0.380   0.
  2017 352  7  7 29 508 352.296869311      -0.39      0.54      0.75  0.        2947.498       2328.375       6658.617    0.000  -0.138   0.380   0.
  2017 352  7  7 30 508 352.296880885      -0.40      0.56      0.71  0.        2946.418       2329.950       6659.632    0.000  -0.138   0.380   0.
  2017 352  7  7 31 508 352.296892459      -0.38      0.55      0.68  0.        2945.338       2331.524       6660.647    0.000  -0.138   0.380   0.
  2017 352  7  7 32 508 352.296904034      -0.40      0.54      0.73  0.        2944.258       2333.099       6661.661    0.000  -0.138   0.380   0.
  2017 352  7  7 33 508 352.296915608      -0.40      0.56      0.72  0.        2943.177       2334.674       6662.674    0.000  -0.138   0.380   0.
  2017 352  7  7 34 508 352.296927182      -0.33      0.54      0.72  0.        2942.096       2336.248       6663.686    0.000  -0.138   0.380   0.
  2017 352  7  7 35 508 352.296938756      -0.35      0.53      0.71  0.        2941.015       2337.822       6664.698    0.000  -0.138   0.380   0.
  2017 352  7  7 36 508 352.296950330      -0.43      0.53      0.71  0.        2939.933       2339.395       6665.709    0.000  -0.138   0.380   0.
  2017 352  7  7 37 508 352.296961904      -0.39      0.53      0.72  0.        2938.851       2340.969       6666.720    0.000  -0.138   0.380   0.
  2017 352  7  7 38 508 352.296973478      -0.43      0.55      0.68  0.        2937.769       2342.542       6667.730    0.000  -0.138   0.380   0.
  2017 352  7  7 39 508 352.296985052      -0.44      0.56      0.67  0.        2936.687       2344.115       6668.739    0.000  -0.138   0.380   0.
  2017 352  7  7 40 508 352.296996626      -0.35      0.51      0.66  0.        2935.604       2345.688       6669.748    0.000  -0.138   0.380   0.
  2017 352  7  7 41 508 352.297008200      -0.32      0.54      0.69  0.        2934.522       2347.261       6670.756    0.000  -0.138   0.380   0.
  2017 352  7  7 42 508 352.297019774      -0.41      0.59      0.67  0.        2933.438       2348.833       6671.763    0.000  -0.138   0.380   0.
  2017 352  7  7 43 508 352.297031348      -0.43      0.60      0.65  0.        2932.355       2350.405       6672.770    0.000  -0.138   0.380   0.
  2017 352  7  7 44 508 352.297042922      -0.47      0.64      0.62  0.        2931.271       2351.977       6673.776    0.000  -0.138   0.380   0.
  2017 352  7  7 45 508 352.297054497      -0.45      0.58      0.71  0.        2930.187       2353.549       6674.782    0.000  -0.138   0.380   0.
  2017 352  7  7 46 508 352.297066071      -0.38      0.52      0.72  0.        2929.103       2355.120       6675.787    0.000  -0.138   0.380   0.
  2017 352  7  7 47 508 352.297077645      -0.41      0.52      0.68  0.        2928.018       2356.692       6676.791    0.000  -0.138   0.380   0.
  2017 352  7  7 48 508 352.297089219      -0.38      0.50      0.68  0.        2926.933       2358.263       6677.795    0.000  -0.138   0.380   0.
  2017 352  7  7 49 508 352.297100793      -0.36      0.50      0.66  0.        2925.848       2359.834       6678.798    0.000  -0.138   0.380   0.
  2017 352  7  7 50 508 352.297112367      -0.42      0.55      0.65  0.        2924.763       2361.404       6679.800    0.000  -0.138   0.380   0.
  2017 352  7  7 51 508 352.297123941      -0.52      0.56      0.68  0.        2923.677       2362.975       6680.802    0.000  -0.138   0.380   0.
  2017 352  7  7 52 508 352.297135515      -0.52      0.55      0.73  0.        2922.591       2364.545       6681.803    0.000  -0.138   0.380   0.
  2017 352  7  7 53 508 352.297147089      -0.51      0.57      0.73  0.        2921.505       2366.115       6682.803    0.000  -0.138   0.380   0.
  2017 352  7  7 54 508 352.297158663      -0.54      0.58      0.73  0.        2920.418       2367.684       6683.803    0.000  -0.138   0.380   0.
  2017 352  7  7 55 508 352.297170237      -0.50      0.56      0.69  0.        2919.331       2369.254       6684.802    0.000  -0.138   0.380   0.
  2017 352  7  7 56 508 352.297181811      -0.50      0.55      0.75  0.        2918.244       2370.823       6685.801    0.000  -0.138   0.380   0.
  2017 352  7  7 57 508 352.297193385      -0.49      0.58      0.72  0.        2917.157       2372.392       6686.798    0.000  -0.138   0.380   0.
  2017 352  7  7 58 508 352.297204957      -0.49      0.58      0.70  0.        2916.069       2373.961       6687.796    0.000  -0.138   0.380   0.
  2017 352  7  7 59 508 352.297216531      -0.44      0.55      0.70  0.        2914.981       2375.530       6688.792    0.000  -0.138   0.380   0.
  2017 352  7  8  0 508 352.297228105      -0.42      0.54      0.70  0.        2913.893       2377.098       6689.788    0.000  -0.138   0.380   0.
  2017 352  7  8  1 508 352.297239679      -0.42      0.52      0.71  0.        2912.805       2378.666       6690.784    0.000  -0.138   0.380   0.
  2017 352  7  8  2 508 352.297251253      -0.51      0.58      0.68  0.        2911.716       2380.234       6691.778    0.000  -0.138   0.380   0.
  2017 352  7  8  3 508 352.297262827      -0.35      0.54      0.67  0.        2910.627       2381.802       6692.772    0.000  -0.138   0.380   0.
  2017 352  7  8  4 508 352.297274401      -0.34      0.52      0.64  0.        2909.538       2383.370       6693.766    0.000  -0.138   0.380   0.
  2017 352  7  8  5 508 352.297285975      -0.40      0.52      0.63  0.        2908.448       2384.936       6694.759    0.000  -0.138   0.380   0.
  2017 352  7  8  6 508 352.297297549      -0.38      0.49      0.67  0.        2907.358       2386.504       6695.751    0.000  -0.138   0.380   0.
  2017 352  7  8  7 508 352.297309123      -0.40      0.52      0.65  0.        2906.268       2388.070       6696.743    0.000  -0.138   0.380   0.
  2017 352  7  8  8 508 352.297320697      -0.36      0.51      0.68  0.        2905.178       2389.637       6697.733    0.000  -0.138   0.380   0.
  2017 352  7  8  9 508 352.297332271      -0.34      0.51      0.66  0.        2904.087       2391.203       6698.724    0.000  -0.138   0.380   0.
  2017 352  7  8 10 508 352.297343845      -0.40      0.49      0.67  0.        2902.996       2392.769       6699.713    0.000  -0.138   0.380   0.
  2017 352  7  8 11 508 352.297355420      -0.37      0.49      0.66  0.        2901.905       2394.335       6700.702    0.000  -0.138   0.380   0.
  2017 352  7  8 12 508 352.297366994      -0.38      0.51      0.67  0.        2900.814       2395.901       6701.691    0.000  -0.138   0.380   0.
  2017 352  7  8 13 508 352.297378568      -0.45      0.51      0.68  0.        2899.722       2397.466       6702.679    0.000  -0.138   0.380   0.
  2017 352  7  8 14 508 352.297390142      -0.35      0.49      0.73  0.        2898.630       2399.032       6703.666    0.000  -0.138   0.380   0.
  2017 352  7  8 15 508 352.297401716      -0.33      0.48      0.73  0.        2897.537       2400.597       6704.652    0.000  -0.138   0.380   0.
  2017 352  7  8 16 508 352.297413290      -0.35      0.54      0.71  0.        2896.445       2402.161       6705.638    0.000  -0.138   0.380   0.
  2017 352  7  8 17 508 352.297424864      -0.37      0.52      0.70  0.        2895.352       2403.726       6706.623    0.000  -0.138   0.380   0.
  2017 352  7  8 18 508 352.297436438      -0.41      0.53      0.70  0.        2894.259       2405.290       6707.608    0.000  -0.138   0.380   0.
  2017 352  7  8 19 508 352.297448012      -0.42      0.53      0.71  0.        2893.165       2406.854       6708.592    0.000  -0.138   0.380   0.
  2017 352  7  8 20 508 352.297459586      -0.39      0.53      0.68  0.        2892.072       2408.418       6709.575    0.000  -0.138   0.380   0.
  2017 352  7  8 21 508 352.297471160      -0.41      0.54      0.68  0.        2890.978       2409.982       6710.558    0.000  -0.138   0.380   0.
  2017 352  7  8 22 508 352.297482734      -0.44      0.57      0.70  0.        2889.884       2411.545       6711.540    0.000  -0.138   0.380   0.
  2017 352  7  8 23 508 352.297494308      -0.42      0.57      0.73  0.        2888.789       2413.108       6712.522    0.000  -0.138   0.380   0.
  2017 352  7  8 24 508 352.297505883      -0.40      0.54      0.74  0.        2887.694       2414.671       6713.502    0.000  -0.138   0.380   0.
  2017 352  7  8 25 508 352.297517457      -0.45      0.56      0.75  0.        2886.599       2416.234       6714.483    0.000  -0.138   0.380   0.
  2017 352  7  8 26 508 352.297529028      -0.43      0.56      0.73  0.        2885.504       2417.797       6715.462    0.000  -0.138   0.380   0.
  2017 352  7  8 27 508 352.297540602      -0.48      0.55      0.70  0.        2884.408       2419.359       6716.441    0.000  -0.138   0.380   0.
  2017 352  7  8 28 508 352.297552176      -0.54      0.57      0.72  0.        2883.313       2420.921       6717.419    0.000  -0.138   0.380   0.
  2017 352  7  8 29 507 352.297563750      -0.48      0.56      0.72  0.        2882.217       2422.483       6718.397    0.000  -0.138   0.380   0.
  2017 352  7  8 30 507 352.297575324      -0.52      0.60      0.73  0.        2881.120       2424.044       6719.374    0.000  -0.138   0.380   0.
  2017 352  7  8 31 507 352.297586898      -0.53      0.57      0.70  0.        2880.024       2425.606       6720.351    0.000  -0.138   0.380   0.
  2017 352  7  8 32 507 352.297598472      -0.58      0.59      0.69  0.        2878.927       2427.167       6721.326    0.000  -0.138   0.380   0.
  2017 352  7  8 33 507 352.297610046      -0.56      0.58      0.69  0.        2877.829       2428.728       6722.301    0.000  -0.138   0.380   0.
  2017 352  7  8 34 508 352.297621620      -0.51      0.56      0.74  0.        2876.732       2430.289       6723.276    0.000  -0.138   0.380   0.
  2017 352  7  8 35 508 352.297633194      -0.51      0.57      0.74  0.        2875.634       2431.849       6724.250    0.000  -0.138   0.380   0.
  2017 352  7  8 36 507 352.297644768      -0.51      0.54      0.74  0.        2874.536       2433.409       6725.223    0.000  -0.138   0.380   0.
  2017 352  7  8 37 507 352.297656343      -0.49      0.51      0.75  0.        2873.438       2434.969       6726.196    0.000  -0.138   0.380   0.
  2017 352  7  8 38 508 352.297667917      -0.45      0.54      0.73  0.        2872.340       2436.529       6727.168    0.000  -0.138   0.380   0.
  2017 352  7  8 39 508 352.297679491      -0.38      0.55      0.69  0.        2871.241       2438.089       6728.139    0.000  -0.138   0.380   0.
  2017 352  7  8 40 508 352.297691065      -0.38      0.57      0.68  0.        2870.142       2439.648       6729.110    0.000  -0.138   0.380   0.
  2017 352  7  8 41 508 352.297702639      -0.43      0.57      0.71  0.        2869.042       2441.207       6730.080    0.000  -0.138   0.380   0.
  2017 352  7  8 42 508 352.297714213      -0.44      0.61      0.68  0.        2867.943       2442.766       6731.050    0.000  -0.138   0.380   0.
  2017 352  7  8 43 507 352.297725787      -0.46      0.57      0.74  0.        2866.843       2444.325       6732.019    0.000  -0.138   0.380   0.
  2017 352  7  8 44 507 352.297737361      -0.49      0.56      0.67  0.        2865.743       2445.883       6732.987    0.000  -0.138   0.380   0.
  2017 352  7  8 45 507 352.297748935      -0.46      0.54      0.67  0.        2864.642       2447.441       6733.954    0.000  -0.138   0.380   0.
  2017 352  7  8 46 507 352.297760509      -0.48      0.54      0.65  0.        2863.542       2448.999       6734.921    0.000  -0.138   0.380   0.
  2017 352  7  8 47 507 352.297772083      -0.43      0.55      0.73  0.        2862.441       2450.557       6735.888    0.000  -0.138   0.380   0.
  2017 352  7  8 48 508 352.297783657      -0.40      0.53      0.71  0.        2861.340       2452.115       6736.854    0.000  -0.138   0.380   0.
  2017 352  7  8 49 508 352.297795232      -0.39      0.51      0.71  0.        2860.238       2453.672       6737.819    0.000  -0.138   0.380   0.
  2017 352  7  8 50 507 352.297806806      -0.43      0.54      0.69  0.        2859.136       2455.229       6738.783    0.000  -0.138   0.380   0.
  2017 352  7  8 51 507 352.297818380      -0.43      0.53      0.68  0.        2858.034       2456.786       6739.747    0.000  -0.138   0.380   0.
  2017 352  7  8 52 508 352.297829954      -0.40      0.53      0.69  0.        2856.932       2458.342       6740.710    0.000  -0.138   0.380   0.
  2017 352  7  8 53 508 352.297841528      -0.41      0.48      0.74  0.        2855.830       2459.899       6741.673    0.000  -0.138   0.380   0.
  2017 352  7  8 54 508 352.297853102      -0.41      0.47      0.73  0.        2854.727       2461.455       6742.635    0.000  -0.138   0.380   0.
  2017 352  7  8 55 508 352.297864676      -0.47      0.46      0.75  0.        2853.624       2463.011       6743.596    0.000  -0.138   0.380   0.
  2017 352  7  8 56 508 352.297876247      -0.44      0.46      0.76  0.        2852.520       2464.566       6744.557    0.000  -0.138   0.380   0.
  2017 352  7  8 57 507 352.297887821      -0.44      0.46      0.75  0.        2851.417       2466.122       6745.517    0.000  -0.138   0.380   0.
  2017 352  7  8 58 507 352.297899395      -0.46      0.46      0.77  0.        2850.313       2467.677       6746.476    0.000  -0.138   0.380   0.
  2017 352  7  8 59 507 352.297910969      -0.45      0.46      0.77  0.        2849.209       2469.232       6747.435    0.000  -0.138   0.380   0.
  2017 352  7  9  0 507 352.297922543      -0.46      0.45      0.78  0.        2848.105       2470.787       6748.394    0.000  -0.138   0.380   0.
  2017 352  7  9  1 507 352.297934117      -0.38      0.45      0.79  0.        2847.000       2472.341       6749.351    0.000  -0.138   0.380   0.
  2017 352  7  9  2 507 352.297945692      -0.41      0.48      0.75  0.        2845.895       2473.896       6750.308    0.000  -0.138   0.380   0.
  2017 352  7  9  3 507 352.297957266      -0.38      0.51      0.74  0.        2844.790       2475.450       6751.265    0.000  -0.138   0.380   0.
  2017 352  7  9  4 507 352.297968840      -0.38      0.50      0.76  0.        2843.684       2477.004       6752.220    0.000  -0.138   0.380   0.
  2017 352  7  9  5 507 352.297980414      -0.38      0.52      0.75  0.        2842.579       2478.557       6753.175    0.000  -0.138   0.380   0.
  2017 352  7  9  6 507 352.297991988      -0.35      0.51      0.76  0.        2841.473       2480.111       6754.130    0.000  -0.138   0.380   0.
  2017 352  7  9  7 507 352.298003562      -0.37      0.53      0.75  0.        2840.367       2481.664       6755.084    0.000  -0.138   0.380   0.
  2017 352  7  9  8 507 352.298015136      -0.34      0.53      0.78  0.        2839.260       2483.217       6756.037    0.000  -0.138   0.380   0.
  2017 352  7  9  9 507 352.298026710      -0.34      0.53      0.74  0.        2838.153       2484.770       6756.990    0.000  -0.138   0.380   0.
  2017 352  7  9 10 507 352.298038284      -0.33      0.53      0.74  0.        2837.046       2486.322       6757.941    0.000  -0.138   0.380   0.
  2017 352  7  9 11 507 352.298049858      -0.29      0.55      0.80  0.        2835.939       2487.874       6758.893    0.000  -0.138   0.380   0.
  2017 352  7  9 12 507 352.298061432      -0.31      0.53      0.77  0.        2834.832       2489.426       6759.844    0.000  -0.138   0.380   0.
  2017 352  7  9 13 507 352.298073006      -0.29      0.53      0.75  0.        2833.724       2490.978       6760.794    0.000  -0.138   0.380   0.
  2017 352  7  9 14 507 352.298084580      -0.28      0.54      0.77  0.        2832.616       2492.530       6761.743    0.000  -0.138   0.380   0.
  2017 352  7  9 15 507 352.298096155      -0.28      0.54      0.76  0.        2831.508       2494.081       6762.692    0.000  -0.138   0.380   0.
  2017 352  7  9 16 507 352.298107729      -0.32      0.57      0.74  0.        2830.399       2495.632       6763.640    0.000  -0.138   0.380   0.
  2017 352  7  9 17 507 352.298119303      -0.33      0.54      0.78  0.        2829.290       2497.183       6764.588    0.000  -0.138   0.380   0.
  2017 352  7  9 18 507 352.298130877      -0.35      0.55      0.76  0.        2828.181       2498.734       6765.535    0.000  -0.138   0.380   0.
  2017 352  7  9 19 507 352.298142451      -0.35      0.55      0.77  0.        2827.072       2500.284       6766.481    0.000  -0.138   0.380   0.
  2017 352  7  9 20 507 352.298154025      -0.36      0.54      0.76  0.        2825.962       2501.834       6767.427    0.000  -0.138   0.380   0.
  2017 352  7  9 21 507 352.298165599      -0.36      0.54      0.79  0.        2824.852       2503.385       6768.372    0.000  -0.138   0.380   0.
  2017 352  7  9 22 507 352.298177173      -0.35      0.54      0.77  0.        2823.742       2504.934       6769.317    0.000  -0.138   0.380   0.
  2017 352  7  9 23 507 352.298188747      -0.46      0.55      0.78  0.        2822.632       2506.484       6770.261    0.000  -0.138   0.380   0.
  2017 352  7  9 24 507 352.298200321      -0.45      0.54      0.80  0.        2821.521       2508.033       6771.204    0.000  -0.138   0.380   0.
  2017 352  7  9 25 507 352.298211895      -0.48      0.57      0.81  0.        2820.410       2509.582       6772.147    0.000  -0.138   0.380   0.
  2017 352  7  9 26 507 352.298223467      -0.51      0.58      0.79  0.        2819.299       2511.131       6773.089    0.000  -0.138   0.380   0.
  2017 352  7  9 27 507 352.298235041      -0.54      0.62      0.78  0.        2818.188       2512.679       6774.030    0.000  -0.138   0.380   0.
  2017 352  7  9 28 507 352.298246615      -0.48      0.58      0.79  0.        2817.076       2514.228       6774.971    0.000  -0.138   0.380   0.
  2017 352  7  9 29 507 352.298258189      -0.49      0.59      0.73  0.        2815.964       2515.776       6775.911    0.000  -0.138   0.380   0.
  2017 352  7  9 30 507 352.298269763      -0.47      0.58      0.77  0.        2814.852       2517.324       6776.850    0.000  -0.138   0.380   0.
  2017 352  7  9 31 507 352.298281337      -0.43      0.55      0.77  0.        2813.739       2518.872       6777.789    0.000  -0.138   0.380   0.
  2017 352  7  9 32 507 352.298292911      -0.42      0.55      0.77  0.        2812.627       2520.419       6778.728    0.000  -0.138   0.380   0.
  2017 352  7  9 33 507 352.298304485      -0.38      0.54      0.79  0.        2811.514       2521.966       6779.665    0.000  -0.138   0.380   0.
  2017 352  7  9 34 507 352.298316059      -0.38      0.53      0.79  0.        2810.400       2523.513       6780.602    0.000  -0.138   0.380   0.
  2017 352  7  9 35 507 352.298327633      -0.37      0.55      0.76  0.        2809.287       2525.060       6781.539    0.000  -0.138   0.380   0.
  2017 352  7  9 36 507 352.298339207      -0.39      0.53      0.74  0.        2808.173       2526.606       6782.475    0.000  -0.138   0.380   0.
  2017 352  7  9 37 507 352.298350781      -0.42      0.55      0.77  0.        2807.059       2528.153       6783.410    0.000  -0.138   0.380   0.
  2017 352  7  9 38 507 352.298362355      -0.50      0.61      0.76  0.        2805.945       2529.699       6784.344    0.000  -0.138   0.380   0.
  2017 352  7  9 39 507 352.298373929      -0.43      0.58      0.76  0.        2804.830       2531.245       6785.278    0.000  -0.138   0.380   0.
  2017 352  7  9 40 507 352.298385503      -0.38      0.58      0.78  0.        2803.716       2532.790       6786.212    0.000  -0.138   0.380   0.
  2017 352  7  9 41 507 352.298397078      -0.37      0.55      0.76  0.        2802.601       2534.336       6787.144    0.000  -0.138   0.380   0.
  2017 352  7  9 42 507 352.298408652      -0.33      0.56      0.74  0.        2801.485       2535.881       6788.076    0.000  -0.138   0.380   0.
  2017 352  7  9 43 507 352.298420226      -0.33      0.55      0.68  0.        2800.370       2537.426       6789.008    0.000  -0.138   0.380   0.
  2017 352  7  9 44 507 352.298431800      -0.33      0.56      0.75  0.        2799.254       2538.970       6789.939    0.000  -0.138   0.380   0.
  2017 352  7  9 45 507 352.298443374      -0.43      0.52      0.74  0.        2798.138       2540.515       6790.869    0.000  -0.138   0.380   0.
  2017 352  7  9 46 507 352.298454948      -0.32      0.53      0.83  0.        2797.022       2542.059       6791.799    0.000  -0.138   0.380   0.
  2017 352  7  9 47 507 352.298466522      -0.36      0.57      0.78  0.        2795.905       2543.603       6792.727    0.000  -0.138   0.380   0.
  2017 352  7  9 48 507 352.298478096      -0.42      0.51      0.77  0.        2794.788       2545.147       6793.656    0.000  -0.138   0.380   0.
  2017 352  7  9 49 507 352.298489670      -0.28      0.49      0.83  0.        2793.671       2546.690       6794.583    0.000  -0.138   0.380   0.
  2017 352  7  9 50 507 352.298501244      -0.46      0.53      0.67  0.        2792.554       2548.233       6795.511    0.000  -0.138   0.380   0.
  2017 352  7  9 51 507 352.298512818      -0.27      0.54      0.84  0.        2791.437       2549.777       6796.437    0.000  -0.138   0.380   0.
  2017 352  7  9 52 507 352.298524392      -0.32      0.54      0.82  0.        2790.319       2551.319       6797.363    0.000  -0.138   0.380   0.
  2017 352  7  9 53 507 352.298535966      -0.44      0.59      0.75  0.        2789.201       2552.862       6798.289    0.000  -0.138   0.380   0.
  2017 352  7  9 54 507 352.298547538      -0.35      0.51      0.87  0.        2788.082       2554.404       6799.213    0.000  -0.138   0.380   0.
  2017 352  7  9 55 507 352.298559112      -0.31      0.55      0.82  0.        2786.964       2555.946       6800.137    0.000  -0.138   0.380   0.
  2017 352  7  9 56 507 352.298570686      -0.29      0.56      0.79  0.        2785.845       2557.488       6801.061    0.000  -0.138   0.380   0.
  2017 352  7  9 57 507 352.298582260      -0.21      0.57      0.78  0.        2784.726       2559.030       6801.984    0.000  -0.138   0.380   0.
  2017 352  7  9 58 507 352.298593834      -0.25      0.59      0.77  0.        2783.606       2560.571       6802.906    0.000  -0.138   0.380   0.
  2017 352  7  9 59 507 352.298605408      -0.41      0.63      0.79  0.        2782.487       2562.113       6803.827    0.000  -0.138   0.380   0.
  2017 352  7 10  0 507 352.298616982      -0.42      0.59      0.78  0.        2781.368       2563.654       6804.748    0.000  -0.138   0.380   0.
  2017 352  7 10  1 507 352.298628556      -0.36      0.57      0.79  0.        2780.247       2565.194       6805.669    0.000  -0.138   0.380   0.
  2017 352  7 10  2 507 352.298640130      -0.37      0.55      0.82  0.        2779.126       2566.735       6806.588    0.000  -0.138   0.380   0.
  2017 352  7 10  3 507 352.298651704      -0.33      0.54      0.81  0.        2778.006       2568.275       6807.507    0.000  -0.138   0.380   0.
  2017 352  7 10  4 507 352.298663278      -0.35      0.55      0.76  0.        2776.885       2569.815       6808.426    0.000  -0.138   0.380   0.
  2017 352  7 10  5 507 352.298674852      -0.31      0.55      0.79  0.        2775.764       2571.355       6809.344    0.000  -0.138   0.380   0.
  2017 352  7 10  6 507 352.298686427      -0.33      0.56      0.77  0.        2774.643       2572.894       6810.261    0.000  -0.138   0.380   0.
  2017 352  7 10  7 507 352.298698001      -0.34      0.58      0.75  0.        2773.521       2574.434       6811.178    0.000  -0.138   0.380   0.
  2017 352  7 10  8 507 352.298709575      -0.26      0.55      0.79  0.        2772.399       2575.973       6812.094    0.000  -0.138   0.380   0.
  2017 352  7 10  9 507 352.298721149      -0.37      0.53      0.78  0.        2771.277       2577.512       6813.009    0.000  -0.138   0.380   0.
  2017 352  7 10 10 507 352.298732723      -0.36      0.54      0.81  0.        2770.155       2579.050       6813.924    0.000  -0.138   0.380   0.
  2017 352  7 10 11 507 352.298744297      -0.39      0.54      0.85  0.        2769.032       2580.589       6814.838    0.000  -0.138   0.380   0.
  2017 352  7 10 12 507 352.298755871      -0.38      0.54      0.82  0.        2767.909       2582.127       6815.752    0.000  -0.138   0.380   0.
  2017 352  7 10 13 507 352.298767445      -0.41      0.57      0.80  0.        2766.786       2583.665       6816.665    0.000  -0.138   0.380   0.
  2017 352  7 10 14 507 352.298779019      -0.37      0.55      0.82  0.        2765.663       2585.203       6817.577    0.000  -0.138   0.380   0.
  2017 352  7 10 15 507 352.298790593      -0.33      0.57      0.81  0.        2764.539       2586.740       6818.489    0.000  -0.138   0.380   0.
  2017 352  7 10 16 507 352.298802167      -0.36      0.58      0.78  0.        2763.415       2588.277       6819.400    0.000  -0.138   0.380   0.
  2017 352  7 10 17 507 352.298813741      -0.38      0.58      0.79  0.        2762.291       2589.814       6820.310    0.000  -0.138   0.380   0.
  2017 352  7 10 18 507 352.298825315      -0.40      0.54      0.80  0.        2761.167       2591.351       6821.220    0.000  -0.138   0.380   0.
  2017 352  7 10 19 507 352.298836889      -0.31      0.53      0.84  0.        2760.042       2592.888       6822.129    0.000  -0.138   0.380   0.
  2017 352  7 10 20 507 352.298848464      -0.34      0.51      0.80  0.        2758.918       2594.424       6823.038    0.000  -0.138   0.380   0.
  2017 352  7 10 21 507 352.298860038      -0.29      0.50      0.81  0.        2757.793       2595.960       6823.946    0.000  -0.138   0.380   0.
  2017 352  7 10 22 507 352.298871612      -0.32      0.50      0.83  0.        2756.667       2597.496       6824.854    0.000  -0.138   0.380   0.
  2017 352  7 10 23 507 352.298883186      -0.34      0.51      0.80  0.        2755.542       2599.032       6825.760    0.000  -0.138   0.380   0.
  2017 352  7 10 24 507 352.298894757      -0.29      0.48      0.80  0.        2754.416       2600.567       6826.667    0.000  -0.138   0.380   0.
  2017 352  7 10 25 506 352.298906331      -0.28      0.48      0.84  0.        2753.290       2602.102       6827.572    0.000  -0.138   0.380   0.
  2017 352  7 10 26 506 352.298917905      -0.30      0.49      0.84  0.        2752.163       2603.637       6828.477    0.000  -0.138   0.380   0.
  2017 352  7 10 27 506 352.298929479      -0.31      0.48      0.81  0.        2751.037       2605.172       6829.381    0.000  -0.138   0.380   0.
  2017 352  7 10 28 506 352.298941053      -0.32      0.52      0.80  0.        2749.910       2606.706       6830.285    0.000  -0.138   0.380   0.
  2017 352  7 10 29 506 352.298952627      -0.33      0.50      0.80  0.        2748.783       2608.241       6831.188    0.000  -0.138   0.380   0.
  2017 352  7 10 30 507 352.298964201      -0.28      0.48      0.82  0.        2747.656       2609.775       6832.091    0.000  -0.138   0.380   0.
  2017 352  7 10 31 507 352.298975775      -0.23      0.46      0.81  0.        2746.528       2611.308       6832.993    0.000  -0.138   0.380   0.
  2017 352  7 10 32 506 352.298987350      -0.28      0.48      0.79  0.        2745.400       2612.842       6833.894    0.000  -0.138   0.380   0.
  2017 352  7 10 33 506 352.298998924      -0.28      0.49      0.81  0.        2744.272       2614.375       6834.795    0.000  -0.138   0.380   0.
  2017 352  7 10 34 507 352.299010498      -0.25      0.50      0.76  0.        2743.144       2615.908       6835.695    0.000  -0.138   0.380   0.
  2017 352  7 10 35 507 352.299022072      -0.33      0.53      0.76  0.        2742.015       2617.441       6836.594    0.000  -0.138   0.380   0.
  2017 352  7 10 36 507 352.299033646      -0.30      0.54      0.75  0.        2740.886       2618.974       6837.493    0.000  -0.138   0.380   0.
  2017 352  7 10 37 507 352.299045220      -0.32      0.54      0.75  0.        2739.757       2620.506       6838.391    0.000  -0.138   0.380   0.
  2017 352  7 10 38 507 352.299056794      -0.37      0.54      0.78  0.        2738.628       2622.038       6839.289    0.000  -0.138   0.380   0.
  2017 352  7 10 39 506 352.299068368      -0.34      0.50      0.74  0.        2737.499       2623.570       6840.186    0.000  -0.138   0.380   0.
  2017 352  7 10 40 506 352.299079942      -0.32      0.49      0.77  0.        2736.369       2625.101       6841.082    0.000  -0.138   0.380   0.
  2017 352  7 10 41 506 352.299091516      -0.32      0.47      0.77  0.        2735.239       2626.633       6841.978    0.000  -0.138   0.380   0.
  2017 352  7 10 42 506 352.299103090      -0.29      0.47      0.76  0.        2734.109       2628.164       6842.873    0.000  -0.138   0.380   0.
  2017 352  7 10 43 507 352.299114664      -0.33      0.53      0.74  0.        2732.978       2629.695       6843.768    0.000  -0.138   0.380   0.
  2017 352  7 10 44 507 352.299126238      -0.33      0.52      0.75  0.        2731.847       2631.226       6844.662    0.000  -0.138   0.380   0.
  2017 352  7 10 45 507 352.299137813      -0.32      0.52      0.73  0.        2730.716       2632.756       6845.555    0.000  -0.138   0.380   0.
  2017 352  7 10 46 506 352.299149387      -0.36      0.52      0.74  0.        2729.585       2634.286       6846.448    0.000  -0.138   0.380   0.
  2017 352  7 10 47 507 352.299160961      -0.36      0.50      0.74  0.        2728.454       2635.816       6847.340    0.000  -0.138   0.380   0.
  2017 352  7 10 48 507 352.299172535      -0.36      0.49      0.71  0.        2727.322       2637.346       6848.231    0.000  -0.138   0.380   0.
  2017 352  7 10 49 507 352.299184109      -0.38      0.53      0.73  0.        2726.190       2638.876       6849.122    0.000  -0.138   0.380   0.
  2017 352  7 10 50 507 352.299195683      -0.39      0.55      0.75  0.        2725.058       2640.405       6850.012    0.000  -0.138   0.380   0.
  2017 352  7 10 51 507 352.299207257      -0.37      0.54      0.75  0.        2723.925       2641.934       6850.902    0.000  -0.138   0.380   0.
  2017 352  7 10 52 506 352.299218828      -0.34      0.53      0.80  0.        2722.793       2643.463       6851.791    0.000  -0.138   0.380   0.
  2017 352  7 10 53 506 352.299230402      -0.33      0.50      0.79  0.        2721.660       2644.991       6852.679    0.000  -0.138   0.380   0.
  2017 352  7 10 54 506 352.299241976      -0.36      0.49      0.78  0.        2720.526       2646.520       6853.567    0.000  -0.138   0.380   0.
  2017 352  7 10 55 506 352.299253550      -0.39      0.49      0.79  0.        2719.393       2648.048       6854.455    0.000  -0.138   0.380   0.
  2017 352  7 10 56 506 352.299265124      -0.39      0.49      0.81  0.        2718.259       2649.576       6855.341    0.000  -0.138   0.380   0.
  2017 352  7 10 57 506 352.299276698      -0.38      0.44      0.82  0.        2717.125       2651.104       6856.227    0.000  -0.138   0.380   0.
  2017 352  7 10 58 506 352.299288273      -0.36      0.46      0.79  0.        2715.991       2652.631       6857.113    0.000  -0.138   0.380   0.
  2017 352  7 10 59 506 352.299299847      -0.36      0.48      0.77  0.        2714.857       2654.158       6857.997    0.000  -0.138   0.380   0.
  2017 352  7 11  0 506 352.299311421      -0.40      0.44      0.80  0.        2713.722       2655.685       6858.881    0.000  -0.138   0.380   0.
  2017 352  7 11  1 506 352.299322995      -0.43      0.48      0.75  0.        2712.587       2657.212       6859.765    0.000  -0.138   0.380   0.
  2017 352  7 11  2 506 352.299334569      -0.40      0.47      0.79  0.        2711.452       2658.738       6860.648    0.000  -0.138   0.380   0.
  2017 352  7 11  3 506 352.299346143      -0.40      0.51      0.75  0.        2710.317       2660.264       6861.530    0.000  -0.138   0.380   0.
  2017 352  7 11  4 506 352.299357717      -0.43      0.54      0.74  0.        2709.181       2661.790       6862.412    0.000  -0.138   0.380   0.
  2017 352  7 11  5 506 352.299369291      -0.42      0.54      0.71  0.        2708.046       2663.316       6863.293    0.000  -0.138   0.380   0.
  2017 352  7 11  6 506 352.299380865      -0.38      0.51      0.70  0.        2706.910       2664.842       6864.174    0.000  -0.138   0.380   0.
  2017 352  7 11  7 506 352.299392439      -0.50      0.53      0.73  0.        2705.773       2666.367       6865.053    0.000  -0.138   0.380   0.
  2017 352  7 11  8 506 352.299404013      -0.55      0.55      0.74  0.        2704.637       2667.892       6865.933    0.000  -0.138   0.380   0.
  2017 352  7 11  9 506 352.299415587      -0.52      0.53      0.75  0.        2703.500       2669.417       6866.812    0.000  -0.138   0.380   0.
  2017 352  7 11 10 506 352.299427161      -0.57      0.54      0.74  0.        2702.363       2670.942       6867.690    0.000  -0.138   0.380   0.
  2017 352  7 11 11 506 352.299438736      -0.56      0.54      0.77  0.        2701.226       2672.466       6868.567    0.000  -0.138   0.380   0.
  2017 352  7 11 12 506 352.299450310      -0.53      0.56      0.76  0.        2700.088       2673.990       6869.444    0.000  -0.138   0.380   0.
  2017 352  7 11 13 506 352.299461884      -0.55      0.56      0.72  0.        2698.950       2675.514       6870.320    0.000  -0.138   0.380   0.
  2017 352  7 11 14 506 352.299473458      -0.60      0.56      0.74  0.        2697.812       2677.038       6871.196    0.000  -0.138   0.380   0.
  2017 352  7 11 15 506 352.299485032      -0.57      0.58      0.75  0.        2696.674       2678.561       6872.071    0.000  -0.138   0.380   0.
  2017 352  7 11 16 506 352.299496606      -0.53      0.53      0.78  0.        2695.536       2680.084       6872.945    0.000  -0.138   0.380   0.
  2017 352  7 11 17 506 352.299508180      -0.51      0.53      0.80  0.        2694.397       2681.607       6873.819    0.000  -0.138   0.380   0.
  2017 352  7 11 18 506 352.299519754      -0.52      0.54      0.75  0.        2693.258       2683.130       6874.692    0.000  -0.138   0.380   0.
  2017 352  7 11 19 506 352.299531328      -0.53      0.53      0.76  0.        2692.119       2684.652       6875.565    0.000  -0.138   0.380   0.
  2017 352  7 11 20 506 352.299542902      -0.55      0.55      0.75  0.        2690.980       2686.174       6876.437    0.000  -0.138   0.380   0.
  2017 352  7 11 21 506 352.299554476      -0.47      0.52      0.71  0.        2689.840       2687.696       6877.309    0.000  -0.138   0.380   0.
  2017 352  7 11 22 506 352.299566048      -0.51      0.53      0.71  0.        2688.700       2689.218       6878.179    0.000  -0.138   0.380   0.
  2017 352  7 11 23 506 352.299577622      -0.50      0.56      0.71  0.        2687.560       2690.740       6879.049    0.000  -0.138   0.380   0.
  2017 352  7 11 24 506 352.299589196      -0.46      0.57      0.68  0.        2686.419       2692.261       6879.919    0.000  -0.138   0.380   0.
  2017 352  7 11 25 506 352.299600770      -0.48      0.57      0.69  0.        2685.279       2693.782       6880.788    0.000  -0.138   0.380   0.
  2017 352  7 11 26 506 352.299612344      -0.51      0.60      0.67  0.        2684.138       2695.303       6881.656    0.000  -0.138   0.380   0.
  2017 352  7 11 27 506 352.299623918      -0.60      0.63      0.68  0.        2682.997       2696.823       6882.524    0.000  -0.138   0.380   0.
  2017 352  7 11 28 506 352.299635492      -0.62      0.66      0.70  0.        2681.856       2698.344       6883.391    0.000  -0.138   0.380   0.
  2017 352  7 11 29 506 352.299647066      -0.58      0.59      0.70  0.        2680.714       2699.864       6884.258    0.000  -0.138   0.380   0.
  2017 352  7 11 30 506 352.299658640      -0.54      0.57      0.73  0.        2679.572       2701.384       6885.124    0.000  -0.138   0.380   0.
  2017 352  7 11 31 506 352.299670214      -0.52      0.56      0.70  0.        2678.430       2702.903       6885.989    0.000  -0.138   0.380   0.
  2017 352  7 11 32 506 352.299681788      -0.53      0.57      0.68  0.        2677.288       2704.423       6886.854    0.000  -0.138   0.380   0.
  2017 352  7 11 33 506 352.299693362      -0.47      0.56      0.69  0.        2676.146       2705.942       6887.718    0.000  -0.138   0.380   0.
  2017 352  7 11 34 506 352.299704936      -0.52      0.57      0.68  0.        2675.003       2707.461       6888.582    0.000  -0.138   0.380   0.
  2017 352  7 11 35 506 352.299716510      -0.57      0.60      0.66  0.        2673.860       2708.979       6889.445    0.000  -0.138   0.380   0.
  2017 352  7 11 36 506 352.299728084      -0.60      0.60      0.67  0.        2672.717       2710.498       6890.307    0.000  -0.138   0.380   0.
  2017 352  7 11 37 506 352.299739659      -0.62      0.63      0.69  0.        2671.573       2712.016       6891.169    0.000  -0.138   0.380   0.
  2017 352  7 11 38 506 352.299751233      -0.64      0.61      0.70  0.        2670.430       2713.534       6892.030    0.000  -0.138   0.380   0.
  2017 352  7 11 39 506 352.299762807      -0.64      0.63      0.65  0.        2669.286       2715.052       6892.890    0.000  -0.138   0.380   0.
  2017 352  7 11 40 506 352.299774381      -0.62      0.61      0.66  0.        2668.142       2716.569       6893.750    0.000  -0.138   0.380   0.
  2017 352  7 11 41 506 352.299785955      -0.62      0.61      0.66  0.        2666.997       2718.087       6894.609    0.000  -0.138   0.380   0.
  2017 352  7 11 42 506 352.299797529      -0.53      0.58      0.65  0.        2665.853       2719.604       6895.468    0.000  -0.138   0.380   0.
  2017 352  7 11 43 506 352.299809103      -0.60      0.59      0.64  0.        2664.708       2721.120       6896.326    0.000  -0.138   0.380   0.
  2017 352  7 11 44 506 352.299820677      -0.57      0.61      0.66  0.        2663.563       2722.637       6897.184    0.000  -0.138   0.380   0.
  2017 352  7 11 45 506 352.299832251      -0.53      0.58      0.65  0.        2662.418       2724.153       6898.041    0.000  -0.138   0.380   0.
  2017 352  7 11 46 506 352.299843825      -0.49      0.61      0.68  0.        2661.272       2725.669       6898.897    0.000  -0.138   0.380   0.
  2017 352  7 11 47 506 352.299855399      -0.51      0.60      0.68  0.        2660.126       2727.185       6899.753    0.000  -0.138   0.380   0.
  2017 352  7 11 48 506 352.299866973      -0.52      0.61      0.66  0.        2658.981       2728.701       6900.608    0.000  -0.138   0.380   0.
  2017 352  7 11 49 506 352.299878547      -0.48      0.56      0.67  0.        2657.834       2730.216       6901.462    0.000  -0.138   0.380   0.
  2017 352  7 11 50 506 352.299890121      -0.43      0.56      0.67  0.        2656.688       2731.731       6902.316    0.000  -0.138   0.380   0.
  2017 352  7 11 51 506 352.299901696      -0.41      0.55      0.68  0.        2655.541       2733.246       6903.169    0.000  -0.138   0.380   0.
  2017 352  7 11 52 506 352.299913267      -0.45      0.55      0.67  0.        2654.394       2734.761       6904.022    0.000  -0.138   0.380   0.
  2017 352  7 11 53 506 352.299924841      -0.50      0.59      0.66  0.        2653.247       2736.275       6904.874    0.000  -0.138   0.380   0.
  2017 352  7 11 54 506 352.299936415      -0.44      0.60      0.71  0.        2652.100       2737.789       6905.725    0.000  -0.138   0.380   0.
  2017 352  7 11 55 506 352.299947989      -0.43      0.59      0.69  0.        2650.952       2739.303       6906.576    0.000  -0.138   0.380   0.
  2017 352  7 11 56 506 352.299959563      -0.45      0.58      0.68  0.        2649.804       2740.817       6907.426    0.000  -0.138   0.380   0.
  2017 352  7 11 57 506 352.299971137      -0.43      0.57      0.74  0.        2648.656       2742.330       6908.276    0.000  -0.138   0.380   0.
  2017 352  7 11 58 506 352.299982711      -0.47      0.56      0.72  0.        2647.508       2743.843       6909.125    0.000  -0.138   0.380   0.
  2017 352  7 11 59 506 352.299994285      -0.47      0.56      0.69  0.        2646.359       2745.356       6909.974    0.000  -0.138   0.380   0.
  2017 352  7 12  0 506 352.300005859      -0.52      0.59      0.67  0.        2645.211       2746.869       6910.822    0.000  -0.138   0.380   0.
  2017 352  7 12  1 506 352.300017433      -0.48      0.58      0.69  0.        2644.062       2748.382       6911.669    0.000  -0.138   0.380   0.
  2017 352  7 12  2 506 352.300029008      -0.53      0.58      0.68  0.        2642.913       2749.894       6912.515    0.000  -0.138   0.380   0.
  2017 352  7 12  3 506 352.300040582      -0.47      0.55      0.72  0.        2641.763       2751.406       6913.361    0.000  -0.138   0.380   0.
  2017 352  7 12  4 506 352.300052156      -0.52      0.59      0.67  0.        2640.613       2752.918       6914.207    0.000  -0.138   0.380   0.
  2017 352  7 12  5 506 352.300063730      -0.51      0.59      0.70  0.        2639.464       2754.429       6915.052    0.000  -0.138   0.380   0.
  2017 352  7 12  6 506 352.300075304      -0.47      0.56      0.70  0.        2638.313       2755.940       6915.896    0.000  -0.138   0.380   0.
  2017 352  7 12  7 506 352.300086878      -0.50      0.54      0.74  0.        2637.163       2757.452       6916.740    0.000  -0.138   0.380   0.
  2017 352  7 12  8 506 352.300098452      -0.47      0.51      0.76  0.        2636.012       2758.962       6917.583    0.000  -0.138   0.380   0.
  2017 352  7 12  9 506 352.300110026      -0.50      0.49      0.71  0.        2634.862       2760.473       6918.425    0.000  -0.138   0.380   0.
  2017 352  7 12 10 506 352.300121600      -0.50      0.52      0.68  0.        2633.711       2761.983       6919.267    0.000  -0.138   0.380   0.
  2017 352  7 12 11 506 352.300133174      -0.44      0.51      0.71  0.        2632.559       2763.493       6920.108    0.000  -0.138   0.380   0.
  2017 352  7 12 12 506 352.300144748      -0.45      0.51      0.69  0.        2631.408       2765.003       6920.949    0.000  -0.138   0.380   0.
  2017 352  7 12 13 506 352.300156322      -0.44      0.52      0.71  0.        2630.256       2766.513       6921.789    0.000  -0.138   0.380   0.
  2017 352  7 12 14 506 352.300167896      -0.38      0.53      0.72  0.        2629.104       2768.022       6922.628    0.000  -0.138   0.380   0.
  2017 352  7 12 15 506 352.300179471      -0.42      0.54      0.70  0.        2627.952       2769.531       6923.467    0.000  -0.138   0.380   0.
  2017 352  7 12 16 506 352.300191045      -0.44      0.52      0.74  0.        2626.800       2771.040       6924.305    0.000  -0.138   0.380   0.
  2017 352  7 12 17 506 352.300202619      -0.42      0.50      0.70  0.        2625.647       2772.549       6925.143    0.000  -0.138   0.380   0.
  2017 352  7 12 18 506 352.300214193      -0.41      0.50      0.68  0.        2624.494       2774.057       6925.980    0.000  -0.138   0.380   0.
  2017 352  7 12 19 506 352.300225767      -0.40      0.53      0.70  0.        2623.341       2775.566       6926.816    0.000  -0.138   0.380   0.
  2017 352  7 12 20 506 352.300237338      -0.37      0.50      0.67  0.        2622.188       2777.073       6927.652    0.000  -0.138   0.380   0.
  2017 352  7 12 21 505 352.300248912      -0.35      0.50      0.70  0.        2621.034       2778.581       6928.488    0.000  -0.138   0.380   0.
  2017 352  7 12 22 505 352.300260486      -0.38      0.50      0.69  0.        2619.880       2780.089       6929.322    0.000  -0.138   0.380   0.
  2017 352  7 12 23 505 352.300272060      -0.38      0.49      0.67  0.        2618.726       2781.596       6930.156    0.000  -0.138   0.380   0.
  2017 352  7 12 24 505 352.300283634      -0.33      0.51      0.69  0.        2617.572       2783.103       6930.990    0.000  -0.138   0.380   0.
  2017 352  7 12 25 505 352.300295208      -0.36      0.51      0.74  0.        2616.418       2784.610       6931.823    0.000  -0.138   0.380   0.
  2017 352  7 12 26 506 352.300306782      -0.38      0.53      0.73  0.        2615.263       2786.116       6932.655    0.000  -0.138   0.380   0.
  2017 352  7 12 27 506 352.300318356      -0.30      0.51      0.71  0.        2614.108       2787.622       6933.487    0.000  -0.138   0.380   0.
  2017 352  7 12 28 505 352.300329931      -0.34      0.52      0.69  0.        2612.953       2789.128       6934.318    0.000  -0.138   0.380   0.
  2017 352  7 12 29 505 352.300341505      -0.38      0.50      0.69  0.        2611.798       2790.634       6935.148    0.000  -0.138   0.380   0.
  2017 352  7 12 30 506 352.300353079      -0.36      0.50      0.71  0.        2610.642       2792.140       6935.978    0.000  -0.138   0.380   0.
  2017 352  7 12 31 506 352.300364653      -0.38      0.46      0.71  0.        2609.486       2793.645       6936.807    0.000  -0.138   0.380   0.
  2017 352  7 12 32 506 352.300376227      -0.36      0.46      0.72  0.        2608.330       2795.150       6937.636    0.000  -0.138   0.380   0.
  2017 352  7 12 33 506 352.300387801      -0.32      0.44      0.71  0.        2607.174       2796.655       6938.464    0.000  -0.138   0.380   0.
  2017 352  7 12 34 505 352.300399375      -0.34      0.44      0.75  0.        2606.018       2798.160       6939.291    0.000  -0.138   0.380   0.
  2017 352  7 12 35 505 352.300410949      -0.31      0.43      0.70  0.        2604.861       2799.664       6940.118    0.000  -0.138   0.380   0.
  2017 352  7 12 36 505 352.300422523      -0.33      0.41      0.70  0.        2603.704       2801.169       6940.944    0.000  -0.138   0.380   0.
  2017 352  7 12 37 505 352.300434097      -0.40      0.44      0.71  0.        2602.547       2802.672       6941.770    0.000  -0.138   0.380   0.
  2017 352  7 12 38 505 352.300445671      -0.38      0.43      0.74  0.        2601.389       2804.175       6942.595    0.000  -0.138   0.380   0.
  2017 352  7 12 39 506 352.300457245      -0.38      0.46      0.70  0.        2600.232       2805.679       6943.420    0.000  -0.138   0.380   0.
  2017 352  7 12 40 506 352.300468819      -0.46      0.48      0.71  0.        2599.074       2807.182       6944.244    0.000  -0.138   0.380   0.
  2017 352  7 12 41 505 352.300480394      -0.40      0.49      0.69  0.        2597.916       2808.685       6945.067    0.000  -0.138   0.380   0.
  2017 352  7 12 42 505 352.300491968      -0.38      0.45      0.69  0.        2596.758       2810.188       6945.890    0.000  -0.138   0.380   0.
  2017 352  7 12 43 506 352.300503542      -0.46      0.48      0.70  0.        2595.599       2811.690       6946.712    0.000  -0.138   0.380   0.
  2017 352  7 12 44 506 352.300515116      -0.39      0.46      0.69  0.        2594.441       2813.192       6947.533    0.000  -0.138   0.380   0.
  2017 352  7 12 45 506 352.300526690      -0.42      0.46      0.70  0.        2593.282       2814.694       6948.354    0.000  -0.138   0.380   0.
  2017 352  7 12 46 506 352.300538264      -0.38      0.45      0.72  0.        2592.122       2816.196       6949.174    0.000  -0.138   0.380   0.
  2017 352  7 12 47 506 352.300549838      -0.35      0.47      0.71  0.        2590.963       2817.697       6949.994    0.000  -0.138   0.380   0.
  2017 352  7 12 48 505 352.300561412      -0.29      0.48      0.73  0.        2589.804       2819.199       6950.813    0.000  -0.138   0.380   0.
  2017 352  7 12 49 505 352.300572986      -0.33      0.47      0.71  0.        2588.644       2820.700       6951.632    0.000  -0.138   0.380   0.
  2017 352  7 12 50 505 352.300584558      -0.40      0.47      0.72  0.        2587.484       2822.200       6952.450    0.000  -0.138   0.380   0.
  2017 352  7 12 51 505 352.300596131      -0.24      0.47      0.69  0.        2586.323       2823.701       6953.267    0.000  -0.138   0.380   0.
  2017 352  7 12 52 505 352.300607705      -0.28      0.50      0.68  0.        2585.163       2825.201       6954.084    0.000  -0.138   0.380   0.
  2017 352  7 12 53 505 352.300619280      -0.35      0.55      0.68  0.        2584.002       2826.701       6954.900    0.000  -0.138   0.380   0.
  2017 352  7 12 54 505 352.300630854      -0.36      0.48      0.73  0.        2582.841       2828.201       6955.716    0.000  -0.138   0.380   0.
  2017 352  7 12 55 505 352.300642428      -0.33      0.48      0.68  0.        2581.680       2829.700       6956.531    0.000  -0.138   0.380   0.
  2017 352  7 12 56 505 352.300654002      -0.35      0.50      0.74  0.        2580.519       2831.200       6957.345    0.000  -0.138   0.380   0.
  2017 352  7 12 57 505 352.300665576      -0.33      0.52      0.73  0.        2579.357       2832.699       6958.159    0.000  -0.138   0.380   0.
  2017 352  7 12 58 505 352.300677150      -0.32      0.50      0.72  0.        2578.195       2834.198       6958.972    0.000  -0.138   0.380   0.
  2017 352  7 12 59 505 352.300688724      -0.33      0.50      0.71  0.        2577.033       2835.696       6959.784    0.000  -0.138   0.380   0.
  2017 352  7 13  0 505 352.300700298      -0.39      0.51      0.71  0.        2575.871       2837.194       6960.596    0.000  -0.138   0.380   0.
  2017 352  7 13  1 505 352.300711872      -0.33      0.48      0.71  0.        2574.709       2838.692       6961.408    0.000  -0.138   0.380   0.
  2017 352  7 13  2 505 352.300723446      -0.37      0.49      0.71  0.        2573.546       2840.190       6962.219    0.000  -0.138   0.380   0.
  2017 352  7 13  3 505 352.300735020      -0.44      0.54      0.73  0.        2572.383       2841.688       6963.029    0.000  -0.138   0.380   0.
  2017 352  7 13  4 505 352.300746594      -0.35      0.51      0.76  0.        2571.220       2843.185       6963.838    0.000  -0.138   0.380   0.
  2017 352  7 13  5 505 352.300758168      -0.33      0.55      0.75  0.        2570.057       2844.682       6964.647    0.000  -0.138   0.380   0.
  2017 352  7 13  6 505 352.300769742      -0.27      0.56      0.73  0.        2568.893       2846.179       6965.456    0.000  -0.138   0.380   0.
  2017 352  7 13  7 505 352.300781317      -0.22      0.56      0.74  0.        2567.729       2847.676       6966.264    0.000  -0.138   0.380   0.
  2017 352  7 13  8 505 352.300792891      -0.21      0.55      0.76  0.        2566.565       2849.172       6967.071    0.000  -0.138   0.380   0.
  2017 352  7 13  9 505 352.300804465      -0.23      0.56      0.75  0.        2565.401       2850.669       6967.878    0.000  -0.138   0.380   0.
  2017 352  7 13 10 505 352.300816039      -0.21      0.60      0.77  0.        2564.237       2852.164       6968.684    0.000  -0.138   0.380   0.
  2017 352  7 13 11 505 352.300827613      -0.21      0.56      0.76  0.        2563.072       2853.660       6969.489    0.000  -0.138   0.380   0.
  2017 352  7 13 12 505 352.300839187      -0.22      0.55      0.72  0.        2561.907       2855.155       6970.294    0.000  -0.138   0.380   0.
  2017 352  7 13 13 505 352.300850761      -0.26      0.58      0.72  0.        2560.742       2856.651       6971.098    0.000  -0.138   0.380   0.
  2017 352  7 13 14 505 352.300862335      -0.21      0.55      0.72  0.        2559.577       2858.146       6971.902    0.000  -0.138   0.380   0.
  2017 352  7 13 15 505 352.300873909      -0.21      0.56      0.73  0.        2558.411       2859.640       6972.705    0.000  -0.138   0.380   0.
  2017 352  7 13 16 505 352.300885483      -0.28      0.57      0.73  0.        2557.246       2861.135       6973.508    0.000  -0.138   0.380   0.
  2017 352  7 13 17 505 352.300897057      -0.27      0.59      0.77  0.        2556.080       2862.629       6974.309    0.000  -0.138   0.380   0.
  2017 352  7 13 18 505 352.300908629      -0.30      0.57      0.72  0.        2554.914       2864.123       6975.111    0.000  -0.138   0.380   0.
  2017 352  7 13 19 505 352.300920203      -0.29      0.60      0.80  0.        2553.747       2865.617       6975.911    0.000  -0.138   0.380   0.
  2017 352  7 13 20 505 352.300931777      -0.31      0.55      0.74  0.        2552.581       2867.110       6976.711    0.000  -0.138   0.380   0.
  2017 352  7 13 21 505 352.300943351      -0.23      0.52      0.71  0.        2551.414       2868.603       6977.511    0.000  -0.138   0.380   0.
  2017 352  7 13 22 505 352.300954925      -0.25      0.51      0.79  0.        2550.247       2870.096       6978.310    0.000  -0.138   0.380   0.
  2017 352  7 13 23 505 352.300966499      -0.42      0.61      0.70  0.        2549.079       2871.589       6979.109    0.000  -0.138   0.380   0.
  2017 352  7 13 24 505 352.300978073      -0.39      0.56      0.78  0.        2547.912       2873.082       6979.906    0.000  -0.138   0.380   0.
  2017 352  7 13 25 505 352.300989647      -0.42      0.58      0.74  0.        2546.744       2874.574       6980.703    0.000  -0.138   0.380   0.
  2017 352  7 13 26 505 352.301001221      -0.43      0.55      0.74  0.        2545.577       2876.066       6981.500    0.000  -0.138   0.380   0.
  2017 352  7 13 27 505 352.301012795      -0.39      0.56      0.72  0.        2544.408       2877.558       6982.296    0.000  -0.138   0.380   0.
  2017 352  7 13 28 505 352.301024369      -0.32      0.55      0.76  0.        2543.240       2879.049       6983.091    0.000  -0.138   0.380   0.
  2017 352  7 13 29 505 352.301035943      -0.23      0.55      0.74  0.        2542.071       2880.541       6983.886    0.000  -0.138   0.380   0.
  2017 352  7 13 30 505 352.301047517      -0.28      0.53      0.74  0.        2540.903       2882.032       6984.681    0.000  -0.138   0.380   0.
  2017 352  7 13 31 505 352.301059091      -0.40      0.57      0.74  0.        2539.734       2883.522       6985.474    0.000  -0.138   0.380   0.
  2017 352  7 13 32 505 352.301070665      -0.32      0.54      0.73  0.        2538.565       2885.013       6986.267    0.000  -0.138   0.380   0.
  2017 352  7 13 33 505 352.301082240      -0.34      0.56      0.77  0.        2537.395       2886.503       6987.060    0.000  -0.138   0.380   0.
  2017 352  7 13 34 505 352.301093814      -0.33      0.55      0.77  0.        2536.226       2887.993       6987.851    0.000  -0.138   0.380   0.
  2017 352  7 13 35 505 352.301105388      -0.30      0.55      0.76  0.        2535.056       2889.483       6988.643    0.000  -0.138   0.380   0.
  2017 352  7 13 36 505 352.301116962      -0.38      0.60      0.76  0.        2533.886       2890.973       6989.433    0.000  -0.138   0.380   0.
  2017 352  7 13 37 505 352.301128536      -0.33      0.56      0.74  0.        2532.715       2892.462       6990.224    0.000  -0.138   0.380   0.
  2017 352  7 13 38 505 352.301140110      -0.28      0.53      0.76  0.        2531.545       2893.951       6991.013    0.000  -0.138   0.380   0.
  2017 352  7 13 39 505 352.301151684      -0.32      0.55      0.74  0.        2530.374       2895.440       6991.802    0.000  -0.138   0.380   0.
  2017 352  7 13 40 505 352.301163258      -0.21      0.50      0.71  0.        2529.203       2896.929       6992.590    0.000  -0.138   0.380   0.
  2017 352  7 13 41 505 352.301174832      -0.18      0.51      0.74  0.        2528.032       2898.417       6993.378    0.000  -0.138   0.380   0.
  2017 352  7 13 42 505 352.301186406      -0.18      0.52      0.75  0.        2526.861       2899.905       6994.165    0.000  -0.138   0.380   0.
  2017 352  7 13 43 505 352.301197980      -0.20      0.51      0.70  0.        2525.690       2901.393       6994.952    0.000  -0.138   0.380   0.
  2017 352  7 13 44 505 352.301209554      -0.17      0.49      0.68  0.        2524.518       2902.881       6995.738    0.000  -0.138   0.380   0.
  2017 352  7 13 45 505 352.301221129      -0.25      0.50      0.70  0.        2523.346       2904.368       6996.523    0.000  -0.138   0.380   0.
  2017 352  7 13 46 505 352.301232703      -0.22      0.50      0.70  0.        2522.174       2905.855       6997.308    0.000  -0.138   0.380   0.
  2017 352  7 13 47 505 352.301244277      -0.24      0.51      0.69  0.        2521.001       2907.342       6998.092    0.000  -0.138   0.380   0.
  2017 352  7 13 48 505 352.301255848      -0.24      0.51      0.73  0.        2519.829       2908.829       6998.876    0.000  -0.138   0.380   0.
  2017 352  7 13 49 505 352.301267422      -0.18      0.49      0.72  0.        2518.656       2910.315       6999.659    0.000  -0.138   0.380   0.
  2017 352  7 13 50 505 352.301278996      -0.23      0.49      0.72  0.        2517.483       2911.802       7000.441    0.000  -0.138   0.380   0.
  2017 352  7 13 51 505 352.301290570      -0.28      0.52      0.72  0.        2516.310       2913.287       7001.223    0.000  -0.138   0.380   0.
  2017 352  7 13 52 505 352.301302144      -0.35      0.50      0.75  0.        2515.136       2914.773       7002.004    0.000  -0.138   0.380   0.
  2017 352  7 13 53 505 352.301313718      -0.31      0.49      0.74  0.        2513.963       2916.259       7002.785    0.000  -0.138   0.380   0.
  2017 352  7 13 54 505 352.301325292      -0.25      0.48      0.75  0.        2512.789       2917.744       7003.565    0.000  -0.138   0.380   0.
  2017 352  7 13 55 505 352.301336866      -0.21      0.48      0.72  0.        2511.615       2919.229       7004.345    0.000  -0.138   0.380   0.
  2017 352  7 13 56 505 352.301348440      -0.19      0.47      0.72  0.        2510.440       2920.714       7005.124    0.000  -0.138   0.380   0.
  2017 352  7 13 57 505 352.301360014      -0.23      0.45      0.73  0.        2509.266       2922.198       7005.902    0.000  -0.138   0.380   0.
  2017 352  7 13 58 505 352.301371589      -0.16      0.41      0.72  0.        2508.091       2923.682       7006.680    0.000  -0.138   0.380   0.
  2017 352  7 13 59 505 352.301383163      -0.21      0.44      0.73  0.        2506.916       2925.166       7007.457    0.000  -0.138   0.380   0.
  2017 352  7 14  0 505 352.301394737      -0.24      0.43      0.73  0.        2505.741       2926.650       7008.233    0.000  -0.138   0.380   0.
  2017 352  7 14  1 505 352.301406311      -0.25      0.42      0.70  0.        2504.566       2928.134       7009.009    0.000  -0.138   0.380   0.
  2017 352  7 14  2 505 352.301417885      -0.27      0.45      0.70  0.        2503.390       2929.617       7009.785    0.000  -0.138   0.380   0.
  2017 352  7 14  3 505 352.301429459      -0.26      0.45      0.73  0.        2502.215       2931.100       7010.560    0.000  -0.138   0.380   0.
  2017 352  7 14  4 505 352.301441033      -0.23      0.48      0.69  0.        2501.039       2932.582       7011.334    0.000  -0.139   0.381   0.
  2017 352  7 14  5 505 352.301452607      -0.24      0.48      0.72  0.        2499.863       2934.065       7012.108    0.000  -0.139   0.381   0.
  2017 352  7 14  6 505 352.301464181      -0.27      0.51      0.72  0.        2498.686       2935.547       7012.881    0.000  -0.138   0.380   0.
  2017 352  7 14  7 505 352.301475755      -0.25      0.48      0.72  0.        2497.510       2937.029       7013.653    0.000  -0.138   0.380   0.
  2017 352  7 14  8 505 352.301487329      -0.30      0.48      0.75  0.        2496.333       2938.511       7014.425    0.000  -0.138   0.380   0.
  2017 352  7 14  9 505 352.301498903      -0.21      0.53      0.70  0.        2495.156       2939.993       7015.196    0.000  -0.138   0.380   0.
  2017 352  7 14 10 505 352.301510477      -0.19      0.53      0.75  0.        2493.979       2941.474       7015.967    0.000  -0.138   0.380   0.
  2017 352  7 14 11 505 352.301522052      -0.18      0.51      0.74  0.        2492.801       2942.955       7016.737    0.000  -0.138   0.380   0.
  2017 352  7 14 12 505 352.301533626      -0.21      0.49      0.72  0.        2491.624       2944.436       7017.507    0.000  -0.138   0.380   0.
  2017 352  7 14 13 505 352.301545200      -0.18      0.50      0.71  0.        2490.446       2945.916       7018.276    0.000  -0.138   0.380   0.
  2017 352  7 14 14 505 352.301556774      -0.18      0.51      0.71  0.        2489.268       2947.397       7019.044    0.000  -0.138   0.380   0.
  2017 352  7 14 15 505 352.301568348      -0.19      0.53      0.71  0.        2488.090       2948.877       7019.812    0.000  -0.138   0.380   0.
  2017 352  7 14 16 505 352.301579919      -0.20      0.54      0.67  0.        2486.911       2950.357       7020.579    0.000  -0.138   0.380   0.
  2017 352  7 14 17 504 352.301591493      -0.14      0.54      0.69  0.        2485.733       2951.836       7021.346    0.000  -0.138   0.380   0.
  2017 352  7 14 18 504 352.301603067      -0.13      0.57      0.72  0.        2484.554       2953.316       7022.112    0.000  -0.138   0.380   0.
  2017 352  7 14 19 504 352.301614641      -0.21      0.56      0.72  0.        2483.375       2954.795       7022.877    0.000  -0.138   0.380   0.
  2017 352  7 14 20 504 352.301626215      -0.25      0.55      0.72  0.        2482.195       2956.274       7023.642    0.000  -0.138   0.380   0.
  2017 352  7 14 21 504 352.301637789      -0.24      0.54      0.73  0.        2481.016       2957.752       7024.406    0.000  -0.138   0.380   0.
  2017 352  7 14 22 505 352.301649363      -0.22      0.52      0.72  0.        2479.836       2959.231       7025.170    0.000  -0.138   0.380   0.
  2017 352  7 14 23 505 352.301660938      -0.21      0.50      0.72  0.        2478.656       2960.709       7025.933    0.000  -0.138   0.380   0.
  2017 352  7 14 24 504 352.301672512      -0.17      0.51      0.75  0.        2477.476       2962.186       7026.696    0.000  -0.138   0.380   0.
  2017 352  7 14 25 505 352.301684086      -0.17      0.50      0.75  0.        2476.296       2963.664       7027.458    0.000  -0.138   0.380   0.
  2017 352  7 14 26 505 352.301695660      -0.13      0.49      0.72  0.        2475.115       2965.142       7028.219    0.000  -0.139   0.381   0.
  2017 352  7 14 27 505 352.301707234      -0.07      0.47      0.73  0.        2473.935       2966.619       7028.980    0.000  -0.139   0.381   0.
  2017 352  7 14 28 505 352.301718808      -0.10      0.50      0.71  0.        2472.754       2968.096       7029.740    0.000  -0.139   0.381   0.
  2017 352  7 14 29 505 352.301730382      -0.09      0.52      0.73  0.        2471.573       2969.572       7030.500    0.000  -0.139   0.381   0.
  2017 352  7 14 30 504 352.301741956      -0.13      0.57      0.70  0.        2470.391       2971.049       7031.259    0.000  -0.138   0.380   0.
  2017 352  7 14 31 504 352.301753530      -0.12      0.56      0.71  0.        2469.210       2972.525       7032.017    0.000  -0.138   0.380   0.
  2017 352  7 14 32 504 352.301765104      -0.16      0.55      0.72  0.        2468.028       2974.001       7032.775    0.000  -0.138   0.380   0.
  2017 352  7 14 33 504 352.301776678      -0.15      0.56      0.69  0.        2466.846       2975.476       7033.532    0.000  -0.138   0.380   0.
  2017 352  7 14 34 504 352.301788252      -0.14      0.58      0.67  0.        2465.664       2976.952       7034.289    0.000  -0.138   0.380   0.
  2017 352  7 14 35 505 352.301799826      -0.12      0.58      0.67  0.        2464.482       2978.427       7035.045    0.000  -0.138   0.380   0.
  2017 352  7 14 36 505 352.301811400      -0.15      0.56      0.71  0.        2463.299       2979.902       7035.801    0.000  -0.138   0.380   0.
  2017 352  7 14 37 504 352.301822975      -0.37      0.62      0.70  0.        2462.116       2981.376       7036.556    0.000  -0.138   0.380   0.
  2017 352  7 14 38 504 352.301834549      -0.40      0.62      0.72  0.        2460.933       2982.851       7037.310    0.000  -0.138   0.380   0.
  2017 352  7 14 39 505 352.301846123      -0.42      0.59      0.72  0.        2459.750       2984.325       7038.064    0.000  -0.138   0.380   0.
  2017 352  7 14 40 505 352.301857697      -0.38      0.57      0.75  0.        2458.567       2985.799       7038.817    0.000  -0.138   0.380   0.
  2017 352  7 14 41 505 352.301869271      -0.36      0.57      0.77  0.        2457.383       2987.273       7039.570    0.000  -0.138   0.380   0.
  2017 352  7 14 42 505 352.301880845      -0.33      0.53      0.79  0.        2456.199       2988.746       7040.322    0.000  -0.138   0.380   0.
  2017 352  7 14 43 505 352.301892419      -0.35      0.59      0.76  0.        2455.015       2990.219       7041.073    0.000  -0.138   0.380   0.
  2017 352  7 14 44 504 352.301903993      -0.35      0.61      0.77  0.        2453.832       2991.692       7041.824    0.000  -0.138   0.380   0.
  2017 352  7 14 45 504 352.301915567      -0.30      0.59      0.76  0.        2452.647       2993.165       7042.574    0.000  -0.138   0.380   0.
  2017 352  7 14 46 504 352.301927139      -0.28      0.57      0.77  0.        2451.463       2994.637       7043.324    0.000  -0.138   0.380   0.
  2017 352  7 14 47 504 352.301938712      -0.28      0.60      0.76  0.        2450.278       2996.110       7044.073    0.000  -0.138   0.380   0.
  2017 352  7 14 48 504 352.301950286      -0.33      0.62      0.74  0.        2449.093       2997.582       7044.822    0.000  -0.138   0.380   0.
  2017 352  7 14 49 504 352.301961861      -0.26      0.59      0.73  0.        2447.908       2999.053       7045.570    0.000  -0.138   0.380   0.
  2017 352  7 14 50 504 352.301973435      -0.23      0.58      0.72  0.        2446.722       3000.525       7046.317    0.000  -0.138   0.380   0.
  2017 352  7 14 51 504 352.301985009      -0.23      0.57      0.70  0.        2445.537       3001.996       7047.064    0.000  -0.138   0.380   0.
  2017 352  7 14 52 504 352.301996583      -0.34      0.59      0.65  0.        2444.351       3003.467       7047.810    0.000  -0.139   0.381   0.
  2017 352  7 14 53 504 352.302008157      -0.28      0.59      0.75  0.        2443.165       3004.938       7048.556    0.000  -0.139   0.381   0.
  2017 352  7 14 54 504 352.302019731      -0.37      0.63      0.72  0.        2441.979       3006.408       7049.301    0.000  -0.138   0.380   0.
  2017 352  7 14 55 504 352.302031305      -0.29      0.60      0.79  0.        2440.792       3007.878       7050.046    0.000  -0.138   0.380   0.
  2017 352  7 14 56 504 352.302042879      -0.23      0.58      0.76  0.        2439.606       3009.348       7050.790    0.000  -0.138   0.380   0.
  2017 352  7 14 57 504 352.302054453      -0.33      0.61      0.73  0.        2438.419       3010.818       7051.533    0.000  -0.138   0.380   0.
  2017 352  7 14 58 504 352.302066027      -0.26      0.58      0.76  0.        2437.232       3012.288       7052.276    0.000  -0.138   0.380   0.
  2017 352  7 14 59 504 352.302077601      -0.28      0.54      0.73  0.        2436.045       3013.757       7053.018    0.000  -0.138   0.380   0.
  2017 352  7 15  0 504 352.302089175      -0.29      0.56      0.79  0.        2434.857       3015.226       7053.759    0.000  -0.138   0.380   0.
  2017 352  7 15  1 504 352.302100749      -0.31      0.54      0.78  0.        2433.670       3016.695       7054.501    0.000  -0.138   0.380   0.
  2017 352  7 15  2 504 352.302112323      -0.23      0.51      0.75  0.        2432.482       3018.163       7055.241    0.000  -0.138   0.380   0.
  2017 352  7 15  3 504 352.302123898      -0.34      0.53      0.72  0.        2431.294       3019.631       7055.981    0.000  -0.138   0.380   0.
  2017 352  7 15  4 504 352.302135472      -0.25      0.52      0.80  0.        2430.106       3021.099       7056.720    0.000  -0.139   0.381   0.
  2017 352  7 15  5 504 352.302147046      -0.22      0.48      0.77  0.        2428.917       3022.567       7057.459    0.000  -0.139   0.381   0.
  2017 352  7 15  6 504 352.302158620      -0.34      0.52      0.78  0.        2427.729       3024.035       7058.197    0.000  -0.138   0.380   0.
  2017 352  7 15  7 504 352.302170194      -0.28      0.52      0.77  0.        2426.540       3025.502       7058.935    0.000  -0.138   0.380   0.
  2017 352  7 15  8 504 352.302181768      -0.26      0.49      0.76  0.        2425.351       3026.969       7059.672    0.000  -0.138   0.380   0.
  2017 352  7 15  9 504 352.302193342      -0.32      0.53      0.71  0.        2424.162       3028.436       7060.408    0.000  -0.138   0.380   0.
  2017 352  7 15 10 504 352.302204916      -0.37      0.54      0.71  0.        2422.972       3029.902       7061.144    0.000  -0.138   0.380   0.
  2017 352  7 15 11 504 352.302216490      -0.36      0.51      0.74  0.        2421.783       3031.369       7061.879    0.000  -0.138   0.380   0.
  2017 352  7 15 12 504 352.302228064      -0.37      0.52      0.74  0.        2420.593       3032.835       7062.614    0.000  -0.138   0.380   0.
  2017 352  7 15 13 504 352.302239638      -0.37      0.54      0.76  0.        2419.403       3034.300       7063.348    0.000  -0.138   0.380   0.
  2017 352  7 15 14 504 352.302251210      -0.35      0.52      0.76  0.        2418.213       3035.766       7064.081    0.000  -0.138   0.380   0.
  2017 352  7 15 15 504 352.302262784      -0.35      0.51      0.76  0.        2417.023       3037.231       7064.814    0.000  -0.138   0.380   0.
  2017 352  7 15 16 504 352.302274358      -0.36      0.50      0.76  0.        2415.832       3038.696       7065.547    0.000  -0.138   0.380   0.
  2017 352  7 15 17 504 352.302285932      -0.39      0.56      0.77  0.        2414.641       3040.161       7066.278    0.000  -0.138   0.380   0.
  2017 352  7 15 18 504 352.302297506      -0.38      0.53      0.78  0.        2413.450       3041.626       7067.010    0.000  -0.138   0.380   0.
  2017 352  7 15 19 504 352.302309080      -0.35      0.48      0.82  0.        2412.259       3043.090       7067.740    0.000  -0.138   0.380   0.
  2017 352  7 15 20 504 352.302320654      -0.29      0.51      0.85  0.        2411.068       3044.554       7068.470    0.000  -0.139   0.381   0.
  2017 352  7 15 21 504 352.302332228      -0.30      0.48      0.82  0.        2409.876       3046.018       7069.200    0.000  -0.139   0.381   0.
  2017 352  7 15 22 504 352.302343802      -0.32      0.50      0.76  0.        2408.685       3047.481       7069.929    0.000  -0.138   0.380   0.
  2017 352  7 15 23 504 352.302355376      -0.31      0.52      0.75  0.        2407.493       3048.945       7070.657    0.000  -0.138   0.380   0.
  2017 352  7 15 24 504 352.302366950      -0.29      0.49      0.80  0.        2406.301       3050.408       7071.385    0.000  -0.139   0.381   0.
  2017 352  7 15 25 504 352.302378524      -0.31      0.52      0.80  0.        2405.108       3051.871       7072.112    0.000  -0.139   0.381   0.
  2017 352  7 15 26 504 352.302390098      -0.25      0.49      0.77  0.        2403.916       3053.333       7072.839    0.000  -0.139   0.381   0.
  2017 352  7 15 27 504 352.302401672      -0.24      0.50      0.82  0.        2402.723       3054.795       7073.565    0.000  -0.139   0.381   0.
  2017 352  7 15 28 504 352.302413247      -0.33      0.48      0.79  0.        2401.530       3056.257       7074.290    0.000  -0.138   0.380   0.
  2017 352  7 15 29 504 352.302424821      -0.33      0.48      0.80  0.        2400.337       3057.719       7075.015    0.000  -0.138   0.380   0.
  2017 352  7 15 30 504 352.302436395      -0.27      0.47      0.80  0.        2399.144       3059.181       7075.739    0.000  -0.139   0.381   0.
  2017 352  7 15 31 504 352.302447969      -0.28      0.47      0.84  0.        2397.950       3060.642       7076.463    0.000  -0.139   0.381   0.
  2017 352  7 15 32 504 352.302459543      -0.32      0.45      0.84  0.        2396.756       3062.103       7077.186    0.000  -0.138   0.380   0.
  2017 352  7 15 33 504 352.302471117      -0.26      0.44      0.84  0.        2395.563       3063.564       7077.909    0.000  -0.138   0.380   0.
  2017 352  7 15 34 504 352.302482691      -0.27      0.45      0.82  0.        2394.369       3065.025       7078.631    0.000  -0.138   0.380   0.
  2017 352  7 15 35 504 352.302494265      -0.31      0.42      0.84  0.        2393.174       3066.485       7079.352    0.000  -0.138   0.380   0.
  2017 352  7 15 36 504 352.302505839      -0.30      0.42      0.83  0.        2391.980       3067.945       7080.073    0.000  -0.139   0.381   0.
  2017 352  7 15 37 504 352.302517413      -0.30      0.44      0.87  0.        2390.785       3069.405       7080.793    0.000  -0.139   0.381   0.
  2017 352  7 15 38 504 352.302528987      -0.26      0.45      0.83  0.        2389.590       3070.864       7081.513    0.000  -0.138   0.380   0.
  2017 352  7 15 39 504 352.302540561      -0.26      0.43      0.82  0.        2388.395       3072.324       7082.232    0.000  -0.138   0.380   0.
  2017 352  7 15 40 504 352.302552135      -0.23      0.38      0.83  0.        2387.200       3073.783       7082.951    0.000  -0.138   0.380   0.
  2017 352  7 15 41 504 352.302563710      -0.25      0.39      0.81  0.        2386.004       3075.242       7083.668    0.000  -0.138   0.380   0.
  2017 352  7 15 42 504 352.302575284      -0.22      0.36      0.84  0.        2384.809       3076.700       7084.386    0.000  -0.138   0.380   0.
  2017 352  7 15 43 504 352.302586858      -0.22      0.36      0.82  0.        2383.613       3078.159       7085.103    0.000  -0.138   0.380   0.
  2017 352  7 15 44 504 352.302598429      -0.21      0.39      0.81  0.        2382.417       3079.617       7085.819    0.000  -0.139   0.381   0.
  2017 352  7 15 45 504 352.302610003      -0.21      0.38      0.81  0.        2381.221       3081.075       7086.535    0.000  -0.139   0.381   0.
  2017 352  7 15 46 504 352.302621577      -0.23      0.36      0.79  0.        2380.024       3082.532       7087.250    0.000  -0.138   0.380   0.
  2017 352  7 15 47 504 352.302633151      -0.26      0.37      0.78  0.        2378.828       3083.990       7087.964    0.000  -0.138   0.380   0.
  2017 352  7 15 48 504 352.302644725      -0.31      0.40      0.80  0.        2377.631       3085.447       7088.678    0.000  -0.138   0.380   0.
  2017 352  7 15 49 504 352.302656299      -0.29      0.38      0.82  0.        2376.434       3086.903       7089.392    0.000  -0.138   0.380   0.
  2017 352  7 15 50 504 352.302667873      -0.28      0.37      0.83  0.        2375.237       3088.360       7090.104    0.000  -0.139   0.381   0.
  2017 352  7 15 51 504 352.302679447      -0.34      0.40      0.83  0.        2374.039       3089.816       7090.816    0.000  -0.139   0.381   0.
  2017 352  7 15 52 504 352.302691021      -0.30      0.39      0.83  0.        2372.842       3091.273       7091.528    0.000  -0.138   0.380   0.
  2017 352  7 15 53 504 352.302702596      -0.30      0.38      0.82  0.        2371.644       3092.729       7092.239    0.000  -0.138   0.380   0.
  2017 352  7 15 54 504 352.302714170      -0.30      0.39      0.81  0.        2370.446       3094.184       7092.950    0.000  -0.138   0.380   0.
  2017 352  7 15 55 504 352.302725744      -0.32      0.40      0.83  0.        2369.248       3095.639       7093.660    0.000  -0.138   0.380   0.
  2017 352  7 15 56 504 352.302737318      -0.32      0.42      0.79  0.        2368.050       3097.094       7094.369    0.000  -0.138   0.380   0.
  2017 352  7 15 57 504 352.302748892      -0.32      0.39      0.79  0.        2366.851       3098.549       7095.078    0.000  -0.138   0.380   0.
  2017 352  7 15 58 504 352.302760466      -0.32      0.38      0.81  0.        2365.652       3100.004       7095.786    0.000  -0.138   0.380   0.
  2017 352  7 15 59 504 352.302772040      -0.36      0.42      0.78  0.        2364.454       3101.458       7096.494    0.000  -0.138   0.380   0.
  2017 352  7 16  0 504 352.302783614      -0.37      0.40      0.79  0.        2363.255       3102.912       7097.201    0.000  -0.139   0.381   0.
  2017 352  7 16  1 504 352.302795188      -0.33      0.38      0.78  0.        2362.055       3104.366       7097.907    0.000  -0.139   0.381   0.
  2017 352  7 16  2 504 352.302806762      -0.36      0.42      0.80  0.        2360.856       3105.820       7098.613    0.000  -0.138   0.380   0.
  2017 352  7 16  3 504 352.302818336      -0.34      0.43      0.79  0.        2359.656       3107.273       7099.319    0.000  -0.138   0.380   0.
  2017 352  7 16  4 504 352.302829910      -0.37      0.42      0.80  0.        2358.456       3108.726       7100.024    0.000  -0.138   0.380   0.
  2017 352  7 16  5 504 352.302841484      -0.34      0.43      0.80  0.        2357.256       3110.179       7100.728    0.000  -0.138   0.380   0.
  2017 352  7 16  6 504 352.302853058      -0.30      0.43      0.75  0.        2356.056       3111.632       7101.431    0.000  -0.139   0.381   0.
  2017 352  7 16  7 504 352.302864633      -0.36      0.46      0.78  0.        2354.856       3113.084       7102.135    0.000  -0.139   0.381   0.
  2017 352  7 16  8 504 352.302876207      -0.33      0.51      0.77  0.        2353.655       3114.536       7102.837    0.000  -0.138   0.380   0.
  2017 352  7 16  9 504 352.302887781      -0.25      0.47      0.77  0.        2352.454       3115.988       7103.539    0.000  -0.138   0.380   0.
  2017 352  7 16 10 504 352.302899355      -0.32      0.48      0.78  0.        2351.253       3117.440       7104.240    0.000  -0.138   0.380   0.
  2017 352  7 16 11 504 352.302910929      -0.29      0.47      0.77  0.        2350.052       3118.891       7104.941    0.000  -0.138   0.380   0.
  2017 352  7 16 12 504 352.302922500      -0.27      0.45      0.78  0.        2348.851       3120.342       7105.641    0.000  -0.138   0.380   0.
  2017 352  7 16 13 503 352.302934074      -0.29      0.44      0.81  0.        2347.649       3121.793       7106.341    0.000  -0.138   0.380   0.
  2017 352  7 16 14 503 352.302945648      -0.30      0.45      0.81  0.        2346.447       3123.244       7107.040    0.000  -0.139   0.381   0.
  2017 352  7 16 15 503 352.302957222      -0.29      0.48      0.81  0.        2345.245       3124.694       7107.739    0.000  -0.139   0.381   0.
  2017 352  7 16 16 503 352.302968796      -0.30      0.53      0.80  0.        2344.043       3126.144       7108.437    0.000  -0.139   0.381   0.
  2017 352  7 16 17 504 352.302980370      -0.26      0.50      0.80  0.        2342.841       3127.594       7109.134    0.000  -0.139   0.381   0.
  2017 352  7 16 18 504 352.302991944      -0.35      0.50      0.78  0.        2341.639       3129.044       7109.831    0.000  -0.138   0.380   0.
  2017 352  7 16 19 503 352.303003519      -0.35      0.50      0.82  0.        2340.436       3130.493       7110.527    0.000  -0.138   0.380   0.
  2017 352  7 16 20 503 352.303015093      -0.35      0.49      0.81  0.        2339.233       3131.942       7111.223    0.000  -0.139   0.381   0.
  2017 352  7 16 21 504 352.303026667      -0.37      0.47      0.81  0.        2338.030       3133.391       7111.918    0.000  -0.139   0.381   0.
  2017 352  7 16 22 504 352.303038241      -0.39      0.48      0.81  0.        2336.827       3134.839       7112.612    0.000  -0.139   0.381   0.
  2017 352  7 16 23 504 352.303049815      -0.40      0.48      0.79  0.        2335.623       3136.288       7113.306    0.000  -0.139   0.381   0.
  2017 352  7 16 24 504 352.303061389      -0.44      0.49      0.80  0.        2334.420       3137.736       7114.000    0.000  -0.139   0.381   0.
  2017 352  7 16 25 504 352.303072963      -0.47      0.52      0.81  0.        2333.216       3139.184       7114.692    0.000  -0.139   0.381   0.
  2017 352  7 16 26 503 352.303084537      -0.50      0.50      0.82  0.        2332.012       3140.631       7115.385    0.000  -0.138   0.380   0.
  2017 352  7 16 27 503 352.303096111      -0.49      0.51      0.85  0.        2330.808       3142.079       7116.076    0.000  -0.138   0.380   0.
  2017 352  7 16 28 503 352.303107685      -0.49      0.50      0.85  0.        2329.603       3143.526       7116.767    0.000  -0.139   0.381   0.
  2017 352  7 16 29 503 352.303119259      -0.43      0.51      0.83  0.        2328.399       3144.973       7117.458    0.000  -0.139   0.381   0.
  2017 352  7 16 30 503 352.303130833      -0.42      0.47      0.80  0.        2327.194       3146.419       7118.148    0.000  -0.138   0.380   0.
  2017 352  7 16 31 504 352.303142407      -0.41      0.44      0.77  0.        2325.989       3147.866       7118.837    0.000  -0.138   0.380   0.
  2017 352  7 16 32 504 352.303153982      -0.48      0.45      0.79  0.        2324.784       3149.312       7119.526    0.000  -0.138   0.380   0.
  2017 352  7 16 33 503 352.303165556      -0.49      0.43      0.82  0.        2323.579       3150.758       7120.215    0.000  -0.138   0.380   0.
  2017 352  7 16 34 503 352.303177130      -0.47      0.43      0.82  0.        2322.373       3152.203       7120.902    0.000  -0.139   0.381   0.
  2017 352  7 16 35 504 352.303188704      -0.53      0.44      0.78  0.        2321.168       3153.648       7121.589    0.000  -0.139   0.381   0.
  2017 352  7 16 36 504 352.303200278      -0.48      0.42      0.82  0.        2319.962       3155.094       7122.276    0.000  -0.138   0.380   0.
  2017 352  7 16 37 504 352.303211852      -0.45      0.43      0.83  0.        2318.756       3156.538       7122.962    0.000  -0.138   0.380   0.
  2017 352  7 16 38 504 352.303223426      -0.39      0.44      0.85  0.        2317.550       3157.983       7123.647    0.000  -0.138   0.380   0.
  2017 352  7 16 39 503 352.303235000      -0.39      0.47      0.84  0.        2316.343       3159.427       7124.332    0.000  -0.138   0.380   0.
  2017 352  7 16 40 503 352.303246574      -0.37      0.47      0.84  0.        2315.137       3160.871       7125.016    0.000  -0.139   0.381   0.
  2017 352  7 16 41 503 352.303258148      -0.45      0.46      0.84  0.        2313.930       3162.315       7125.700    0.000  -0.139   0.381   0.
  2017 352  7 16 42 503 352.303269722      -0.42      0.43      0.83  0.        2312.723       3163.759       7126.383    0.000  -0.139   0.381   0.
  2017 352  7 16 43 503 352.303281296      -0.45      0.46      0.85  0.        2311.516       3165.202       7127.066    0.000  -0.139   0.381   0.
  2017 352  7 16 44 504 352.303292868      -0.45      0.51      0.84  0.        2310.309       3166.645       7127.748    0.000  -0.138   0.380   0.
  2017 352  7 16 45 503 352.303304442      -0.49      0.54      0.79  0.        2309.101       3168.088       7128.429    0.000  -0.138   0.380   0.
  2017 352  7 16 46 503 352.303316016      -0.48      0.54      0.82  0.        2307.893       3169.531       7129.110    0.000  -0.139   0.381   0.
  2017 352  7 16 47 503 352.303327590      -0.50      0.52      0.80  0.        2306.686       3170.973       7129.791    0.000  -0.139   0.381   0.
  2017 352  7 16 48 503 352.303339164      -0.45      0.49      0.80  0.        2305.477       3172.415       7130.470    0.000  -0.138   0.380   0.
  2017 352  7 16 49 503 352.303350738      -0.37      0.50      0.79  0.        2304.269       3173.857       7131.149    0.000  -0.138   0.380   0.
  2017 352  7 16 50 503 352.303362312      -0.39      0.52      0.79  0.        2303.061       3175.298       7131.828    0.000  -0.138   0.380   0.
  2017 352  7 16 51 503 352.303373886      -0.37      0.48      0.78  0.        2301.852       3176.740       7132.506    0.000  -0.138   0.380   0.
  2017 352  7 16 52 503 352.303385460      -0.39      0.45      0.83  0.        2300.644       3178.181       7133.184    0.000  -0.138   0.380   0.
  2017 352  7 16 53 503 352.303397034      -0.38      0.45      0.83  0.        2299.435       3179.622       7133.861    0.000  -0.138   0.380   0.
  2017 352  7 16 54 503 352.303408608      -0.35      0.41      0.78  0.        2298.225       3181.062       7134.537    0.000  -0.139   0.381   0.
  2017 352  7 16 55 503 352.303420182      -0.36      0.45      0.78  0.        2297.016       3182.503       7135.213    0.000  -0.139   0.381   0.
  2017 352  7 16 56 503 352.303431756      -0.36      0.47      0.79  0.        2295.807       3183.943       7135.888    0.000  -0.138   0.380   0.
  2017 352  7 16 57 503 352.303443330      -0.34      0.47      0.81  0.        2294.597       3185.383       7136.563    0.000  -0.138   0.380   0.
  2017 352  7 16 58 503 352.303454905      -0.40      0.44      0.83  0.        2293.387       3186.822       7137.237    0.000  -0.138   0.380   0.
  2017 352  7 16 59 503 352.303466479      -0.37      0.46      0.81  0.        2292.177       3188.261       7137.910    0.000  -0.138   0.380   0.
  2017 352  7 17  0 503 352.303478053      -0.35      0.44      0.82  0.        2290.967       3189.700       7138.583    0.000  -0.139   0.381   0.
  2017 352  7 17  1 503 352.303489627      -0.37      0.45      0.81  0.        2289.756       3191.139       7139.256    0.000  -0.139   0.381   0.
  2017 352  7 17  2 503 352.303501201      -0.34      0.45      0.81  0.        2288.546       3192.578       7139.927    0.000  -0.138   0.380   0.
  2017 352  7 17  3 503 352.303512775      -0.34      0.47      0.79  0.        2287.335       3194.016       7140.599    0.000  -0.138   0.380   0.
  2017 352  7 17  4 503 352.303524349      -0.36      0.47      0.78  0.        2286.124       3195.454       7141.270    0.000  -0.138   0.380   0.
  2017 352  7 17  5 503 352.303535923      -0.40      0.47      0.73  0.        2284.913       3196.892       7141.940    0.000  -0.138   0.380   0.
  2017 352  7 17  6 503 352.303547497      -0.41      0.46      0.76  0.        2283.702       3198.329       7142.609    0.000  -0.139   0.381   0.
  2017 352  7 17  7 503 352.303559071      -0.45      0.48      0.75  0.        2282.490       3199.767       7143.278    0.000  -0.139   0.381   0.
  2017 352  7 17  8 503 352.303570645      -0.44      0.47      0.79  0.        2281.278       3201.204       7143.947    0.000  -0.139   0.381   0.
  2017 352  7 17  9 503 352.303582219      -0.42      0.49      0.79  0.        2280.067       3202.641       7144.615    0.000  -0.139   0.381   0.
  2017 352  7 17 10 503 352.303593793      -0.41      0.49      0.79  0.        2278.855       3204.077       7145.282    0.000  -0.138   0.380   0.
  2017 352  7 17 11 503 352.303605367      -0.33      0.46      0.77  0.        2277.642       3205.513       7145.949    0.000  -0.138   0.380   0.
  2017 352  7 17 12 503 352.303616939      -0.33      0.45      0.77  0.        2276.430       3206.949       7146.615    0.000  -0.139   0.381   0.
  2017 352  7 17 13 503 352.303628513      -0.38      0.49      0.76  0.        2275.217       3208.385       7147.281    0.000  -0.139   0.381   0.
  2017 352  7 17 14 503 352.303640087      -0.38      0.49      0.78  0.        2274.005       3209.821       7147.946    0.000  -0.139   0.381   0.
  2017 352  7 17 15 503 352.303651661      -0.39      0.50      0.82  0.        2272.792       3211.256       7148.610    0.000  -0.139   0.381   0.
  2017 352  7 17 16 503 352.303663235      -0.37      0.45      0.82  0.        2271.579       3212.691       7149.274    0.000  -0.138   0.380   0.
  2017 352  7 17 17 503 352.303674809      -0.33      0.44      0.80  0.        2270.365       3214.126       7149.937    0.000  -0.138   0.380   0.
  2017 352  7 17 18 503 352.303686383      -0.33      0.43      0.79  0.        2269.152       3215.560       7150.600    0.000  -0.139   0.381   0.
  2017 352  7 17 19 503 352.303697957      -0.36      0.43      0.78  0.        2267.938       3216.995       7151.263    0.000  -0.139   0.381   0.
  2017 352  7 17 20 503 352.303709531      -0.37      0.45      0.77  0.        2266.724       3218.429       7151.924    0.000  -0.139   0.381   0.
  2017 352  7 17 21 503 352.303721105      -0.40      0.49      0.77  0.        2265.510       3219.862       7152.585    0.000  -0.139   0.381   0.
  2017 352  7 17 22 503 352.303732679      -0.34      0.43      0.77  0.        2264.296       3221.296       7153.246    0.000  -0.138   0.380   0.
  2017 352  7 17 23 503 352.303744253      -0.30      0.44      0.77  0.        2263.082       3222.729       7153.906    0.000  -0.138   0.380   0.
  2017 352  7 17 24 503 352.303755828      -0.35      0.48      0.74  0.        2261.867       3224.162       7154.565    0.000  -0.138   0.380   0.
  2017 352  7 17 25 503 352.303767402      -0.36      0.49      0.77  0.        2260.653       3225.595       7155.224    0.000  -0.138   0.380   0.
  2017 352  7 17 26 503 352.303778976      -0.36      0.50      0.80  0.        2259.438       3227.027       7155.883    0.000  -0.139   0.381   0.
  2017 352  7 17 27 503 352.303790550      -0.42      0.49      0.82  0.        2258.223       3228.460       7156.540    0.000  -0.139   0.381   0.
  2017 352  7 17 28 503 352.303802124      -0.40      0.47      0.84  0.        2257.007       3229.892       7157.198    0.000  -0.138   0.380   0.
  2017 352  7 17 29 503 352.303813698      -0.38      0.45      0.81  0.        2255.792       3231.323       7157.854    0.000  -0.138   0.380   0.
  2017 352  7 17 30 503 352.303825272      -0.38      0.46      0.83  0.        2254.576       3232.755       7158.510    0.000  -0.138   0.380   0.
  2017 352  7 17 31 503 352.303836846      -0.43      0.48      0.81  0.        2253.361       3234.186       7159.166    0.000  -0.138   0.380   0.
  2017 352  7 17 32 503 352.303848420      -0.40      0.48      0.83  0.        2252.145       3235.617       7159.821    0.000  -0.139   0.381   0.
  2017 352  7 17 33 503 352.303859994      -0.46      0.49      0.80  0.        2250.929       3237.048       7160.475    0.000  -0.139   0.381   0.
  2017 352  7 17 34 503 352.303871568      -0.46      0.51      0.83  0.        2249.712       3238.478       7161.129    0.000  -0.139   0.381   0.
  2017 352  7 17 35 503 352.303883142      -0.43      0.50      0.83  0.        2248.496       3239.908       7161.782    0.000  -0.139   0.381   0.
  2017 352  7 17 36 503 352.303894716      -0.49      0.48      0.82  0.        2247.279       3241.338       7162.435    0.000  -0.138   0.380   0.
  2017 352  7 17 37 503 352.303906291      -0.47      0.47      0.81  0.        2246.062       3242.768       7163.087    0.000  -0.138   0.380   0.
  2017 352  7 17 38 503 352.303917865      -0.47      0.50      0.77  0.        2244.845       3244.198       7163.739    0.000  -0.139   0.381   0.
  2017 352  7 17 39 503 352.303929439      -0.52      0.52      0.77  0.        2243.628       3245.627       7164.390    0.000  -0.139   0.381   0.
  2017 352  7 17 40 503 352.303941013      -0.43      0.46      0.79  0.        2242.411       3247.056       7165.040    0.000  -0.139   0.381   0.
  2017 352  7 17 41 503 352.303952587      -0.42      0.45      0.76  0.        2241.193       3248.484       7165.690    0.000  -0.139   0.381   0.
  2017 352  7 17 42 503 352.303964158      -0.43      0.49      0.78  0.        2239.976       3249.913       7166.339    0.000  -0.138   0.380   0.
  2017 352  7 17 43 503 352.303975732      -0.45      0.46      0.77  0.        2238.758       3251.341       7166.988    0.000  -0.138   0.380   0.
  2017 352  7 17 44 503 352.303987306      -0.43      0.48      0.80  0.        2237.540       3252.769       7167.636    0.000  -0.139   0.381   0.
  2017 352  7 17 45 503 352.303998880      -0.47      0.50      0.80  0.        2236.321       3254.197       7168.284    0.000  -0.139   0.381   0.
  2017 352  7 17 46 503 352.304010454      -0.50      0.49      0.78  0.        2235.103       3255.624       7168.931    0.000  -0.138   0.380   0.
  2017 352  7 17 47 503 352.304022028      -0.47      0.50      0.79  0.        2233.884       3257.051       7169.578    0.000  -0.138   0.380   0.
  2017 352  7 17 48 503 352.304033602      -0.46      0.46      0.81  0.        2232.666       3258.478       7170.224    0.000  -0.138   0.380   0.
  2017 352  7 17 49 503 352.304045177      -0.46      0.44      0.80  0.        2231.447       3259.905       7170.869    0.000  -0.138   0.380   0.
  2017 352  7 17 50 503 352.304056751      -0.48      0.48      0.79  0.        2230.228       3261.331       7171.514    0.000  -0.138   0.380   0.
  2017 352  7 17 51 503 352.304068325      -0.49      0.48      0.80  0.        2229.008       3262.757       7172.158    0.000  -0.138   0.380   0.
  2017 352  7 17 52 503 352.304079899      -0.46      0.47      0.82  0.        2227.789       3264.183       7172.802    0.000  -0.139   0.381   0.
  2017 352  7 17 53 503 352.304091473      -0.48      0.48      0.80  0.        2226.569       3265.609       7173.445    0.000  -0.139   0.381   0.
  2017 352  7 17 54 503 352.304103047      -0.46      0.46      0.80  0.        2225.349       3267.034       7174.088    0.000  -0.139   0.381   0.
  2017 352  7 17 55 503 352.304114621      -0.47      0.48      0.76  0.        2224.129       3268.460       7174.730    0.000  -0.139   0.381   0.
  2017 352  7 17 56 503 352.304126195      -0.49      0.49      0.79  0.        2222.909       3269.884       7175.371    0.000  -0.138   0.380   0.
  2017 352  7 17 57 503 352.304137769      -0.48      0.49      0.80  0.        2221.689       3271.309       7176.012    0.000  -0.138   0.380   0.
  2017 352  7 17 58 503 352.304149343      -0.50      0.49      0.81  0.        2220.468       3272.734       7176.653    0.000  -0.139   0.381   0.
  2017 352  7 17 59 503 352.304160917      -0.50      0.46      0.82  0.        2219.248       3274.157       7177.293    0.000  -0.139   0.381   0.
  2017 352  7 18  0 503 352.304172491      -0.51      0.48      0.80  0.        2218.027       3275.582       7177.932    0.000  -0.139   0.381   0.
  2017 352  7 18  1 503 352.304184065      -0.49      0.44      0.83  0.        2216.806       3277.005       7178.571    0.000  -0.139   0.381   0.
  2017 352  7 18  2 503 352.304195639      -0.48      0.46      0.80  0.        2215.585       3278.428       7179.209    0.000  -0.138   0.380   0.
  2017 352  7 18  3 503 352.304207214      -0.51      0.47      0.81  0.        2214.363       3279.852       7179.846    0.000  -0.138   0.380   0.
  2017 352  7 18  4 503 352.304218788      -0.51      0.50      0.80  0.        2213.142       3281.274       7180.483    0.000  -0.139   0.381   0.
  2017 352  7 18  5 503 352.304230362      -0.45      0.47      0.78  0.        2211.920       3282.697       7181.120    0.000  -0.139   0.381   0.
  2017 352  7 18  6 503 352.304241936      -0.46      0.48      0.75  0.        2210.698       3284.119       7181.756    0.000  -0.139   0.381   0.
  2017 352  7 18  7 503 352.304253510      -0.51      0.47      0.78  0.        2209.476       3285.541       7182.391    0.000  -0.139   0.381   0.
  2017 352  7 18  8 503 352.304265084      -0.48      0.43      0.81  0.        2208.254       3286.963       7183.026    0.000  -0.138   0.380   0.
  2017 352  7 18  9 503 352.304276658      -0.36      0.41      0.81  0.        2207.032       3288.385       7183.660    0.000  -0.138   0.380   0.
  2017 352  7 18 10 502 352.304288229      -0.37      0.43      0.78  0.        2205.809       3289.806       7184.294    0.000  -0.138   0.380   0.
  2017 352  7 18 11 502 352.304299803      -0.41      0.42      0.78  0.        2204.587       3291.227       7184.927    0.000  -0.138   0.380   0.
  2017 352  7 18 12 502 352.304311377      -0.40      0.41      0.80  0.        2203.364       3292.648       7185.560    0.000  -0.138   0.380   0.
  2017 352  7 18 13 503 352.304322951      -0.32      0.38      0.82  0.        2202.141       3294.069       7186.192    0.000  -0.138   0.380   0.
  2017 352  7 18 14 503 352.304334525      -0.32      0.37      0.82  0.        2200.917       3295.489       7186.823    0.000  -0.139   0.381   0.
  2017 352  7 18 15 502 352.304346100      -0.32      0.39      0.83  0.        2199.694       3296.909       7187.454    0.000  -0.139   0.381   0.
  2017 352  7 18 16 502 352.304357674      -0.25      0.35      0.83  0.        2198.470       3298.329       7188.085    0.000  -0.138   0.380   0.
  2017 352  7 18 17 503 352.304369248      -0.33      0.34      0.81  0.        2197.247       3299.748       7188.714    0.000  -0.138   0.380   0.
  2017 352  7 18 18 503 352.304380822      -0.35      0.39      0.75  0.        2196.023       3301.168       7189.344    0.000  -0.139   0.381   0.
  2017 352  7 18 19 503 352.304392396      -0.36      0.40      0.76  0.        2194.799       3302.587       7189.972    0.000  -0.139   0.381   0.
  2017 352  7 18 20 503 352.304403970      -0.34      0.39      0.76  0.        2193.574       3304.005       7190.600    0.000  -0.138   0.380   0.
  2017 352  7 18 21 503 352.304415544      -0.36      0.42      0.78  0.        2192.350       3305.424       7191.228    0.000  -0.138   0.380   0.
  2017 352  7 18 22 502 352.304427118      -0.40      0.40      0.79  0.        2191.125       3306.842       7191.855    0.000  -0.138   0.380   0.
  2017 352  7 18 23 502 352.304438692      -0.35      0.38      0.80  0.        2189.901       3308.260       7192.481    0.000  -0.138   0.380   0.
  2017 352  7 18 24 502 352.304450266      -0.33      0.35      0.80  0.        2188.676       3309.678       7193.107    0.000  -0.138   0.380   0.
  2017 352  7 18 25 502 352.304461840      -0.32      0.36      0.78  0.        2187.451       3311.096       7193.733    0.000  -0.138   0.380   0.
  2017 352  7 18 26 503 352.304473414      -0.26      0.36      0.77  0.        2186.225       3312.513       7194.358    0.000  -0.139   0.381   0.
  2017 352  7 18 27 503 352.304484988      -0.32      0.37      0.77  0.        2185.000       3313.930       7194.982    0.000  -0.139   0.381   0.
  2017 352  7 18 28 502 352.304496562      -0.36      0.39      0.79  0.        2183.774       3315.347       7195.606    0.000  -0.139   0.381   0.
  2017 352  7 18 29 502 352.304508137      -0.36      0.39      0.79  0.        2182.549       3316.763       7196.229    0.000  -0.139   0.381   0.
  2017 352  7 18 30 503 352.304519711      -0.37      0.37      0.79  0.        2181.323       3318.179       7196.851    0.000  -0.139   0.381   0.
  2017 352  7 18 31 503 352.304531285      -0.31      0.34      0.81  0.        2180.097       3319.595       7197.473    0.000  -0.139   0.381   0.
  2017 352  7 18 32 503 352.304542859      -0.34      0.39      0.78  0.        2178.870       3321.011       7198.095    0.000  -0.139   0.381   0.
  2017 352  7 18 33 503 352.304554433      -0.33      0.43      0.76  0.        2177.644       3322.426       7198.716    0.000  -0.139   0.381   0.
  2017 352  7 18 34 503 352.304566007      -0.35      0.43      0.76  0.        2176.417       3323.842       7199.336    0.000  -0.138   0.380   0.
  2017 352  7 18 35 502 352.304577581      -0.38      0.43      0.74  0.        2175.191       3325.257       7199.956    0.000  -0.138   0.380   0.
  2017 352  7 18 36 502 352.304589155      -0.39      0.39      0.75  0.        2173.964       3326.671       7200.575    0.000  -0.139   0.381   0.
  2017 352  7 18 37 502 352.304600729      -0.41      0.43      0.74  0.        2172.736       3328.086       7201.194    0.000  -0.139   0.381   0.
  2017 352  7 18 38 502 352.304612303      -0.35      0.44      0.71  0.        2171.509       3329.500       7201.812    0.000  -0.139   0.381   0.
  2017 352  7 18 39 502 352.304623877      -0.35      0.44      0.75  0.        2170.282       3330.914       7202.430    0.000  -0.139   0.381   0.
  2017 352  7 18 40 503 352.304635449      -0.36      0.44      0.76  0.        2169.054       3332.328       7203.047    0.000  -0.139   0.381   0.
  2017 352  7 18 41 502 352.304647023      -0.29      0.45      0.70  0.        2167.826       3333.741       7203.663    0.000  -0.139   0.381   0.
  2017 352  7 18 42 502 352.304658597      -0.29      0.46      0.71  0.        2166.598       3335.154       7204.279    0.000  -0.138   0.380   0.
  2017 352  7 18 43 502 352.304670171      -0.31      0.47      0.75  0.        2165.370       3336.567       7204.894    0.000  -0.138   0.380   0.
  2017 352  7 18 44 502 352.304681745      -0.21      0.41      0.73  0.        2164.142       3337.980       7205.509    0.000  -0.138   0.380   0.
  2017 352  7 18 45 502 352.304693319      -0.27      0.42      0.73  0.        2162.914       3339.392       7206.124    0.000  -0.138   0.380   0.
  2017 352  7 18 46 502 352.304704893      -0.31      0.44      0.75  0.        2161.685       3340.804       7206.737    0.000  -0.138   0.380   0.
  2017 352  7 18 47 502 352.304716467      -0.28      0.43      0.74  0.        2160.456       3342.216       7207.351    0.000  -0.138   0.380   0.
  2017 352  7 18 48 502 352.304728041      -0.32      0.42      0.76  0.        2159.227       3343.628       7207.963    0.000  -0.138   0.380   0.
  2017 352  7 18 49 502 352.304739615      -0.30      0.44      0.75  0.        2157.998       3345.039       7208.575    0.000  -0.138   0.380   0.
  2017 352  7 18 50 502 352.304751189      -0.26      0.42      0.76  0.        2156.769       3346.450       7209.187    0.000  -0.139   0.381   0.
  2017 352  7 18 51 502 352.304762763      -0.28      0.43      0.77  0.        2155.539       3347.861       7209.798    0.000  -0.139   0.381   0.
  2017 352  7 18 52 502 352.304774337      -0.26      0.41      0.78  0.        2154.310       3349.272       7210.408    0.000  -0.138   0.380   0.
  2017 352  7 18 53 502 352.304785911      -0.23      0.43      0.72  0.        2153.080       3350.682       7211.018    0.000  -0.138   0.380   0.
  2017 352  7 18 54 502 352.304797486      -0.27      0.49      0.70  0.        2151.850       3352.092       7211.627    0.000  -0.138   0.380   0.
  2017 352  7 18 55 502 352.304809060      -0.27      0.46      0.75  0.        2150.620       3353.502       7212.236    0.000  -0.138   0.380   0.
  2017 352  7 18 56 502 352.304820634      -0.29      0.44      0.75  0.        2149.390       3354.912       7212.844    0.000  -0.139   0.381   0.
  2017 352  7 18 57 502 352.304832208      -0.28      0.44      0.76  0.        2148.159       3356.321       7213.452    0.000  -0.139   0.381   0.
  2017 352  7 18 58 502 352.304843782      -0.31      0.45      0.75  0.        2146.929       3357.730       7214.059    0.000  -0.138   0.380   0.
  2017 352  7 18 59 502 352.304855356      -0.32      0.44      0.72  0.        2145.698       3359.139       7214.665    0.000  -0.138   0.380   0.
  2017 352  7 19  0 502 352.304866930      -0.30      0.46      0.73  0.        2144.467       3360.547       7215.271    0.000  -0.138   0.380   0.
  2017 352  7 19  1 502 352.304878504      -0.29      0.47      0.72  0.        2143.236       3361.956       7215.877    0.000  -0.138   0.380   0.
  2017 352  7 19  2 502 352.304890078      -0.29      0.46      0.71  0.        2142.005       3363.364       7216.482    0.000  -0.139   0.381   0.
  2017 352  7 19  3 502 352.304901652      -0.29      0.45      0.74  0.        2140.773       3364.772       7217.086    0.000  -0.139   0.381   0.
  2017 352  7 19  4 502 352.304913226      -0.32      0.49      0.72  0.        2139.542       3366.179       7217.690    0.000  -0.139   0.381   0.
  2017 352  7 19  5 502 352.304924800      -0.32      0.45      0.71  0.        2138.310       3367.586       7218.293    0.000  -0.139   0.381   0.
  2017 352  7 19  6 502 352.304936374      -0.23      0.43      0.71  0.        2137.078       3368.993       7218.896    0.000  -0.138   0.380   0.
  2017 352  7 19  7 502 352.304947948      -0.25      0.42      0.75  0.        2135.846       3370.400       7219.498    0.000  -0.138   0.380   0.
  2017 352  7 19  8 502 352.304959520      -0.24      0.44      0.72  0.        2134.614       3371.807       7220.100    0.000  -0.138   0.380   0.
  2017 352  7 19  9 502 352.304971094      -0.22      0.44      0.74  0.        2133.382       3373.213       7220.701    0.000  -0.138   0.380   0.
  2017 352  7 19 10 502 352.304982668      -0.23      0.42      0.74  0.        2132.149       3374.619       7221.301    0.000  -0.138   0.380   0.
  2017 352  7 19 11 502 352.304994242      -0.27      0.46      0.73  0.        2130.916       3376.025       7221.901    0.000  -0.138   0.380   0.
  2017 352  7 19 12 502 352.305005816      -0.24      0.44      0.70  0.        2129.683       3377.430       7222.500    0.000  -0.138   0.380   0.
  2017 352  7 19 13 502 352.305017390      -0.28      0.45      0.70  0.        2128.450       3378.835       7223.099    0.000  -0.138   0.380   0.
  2017 352  7 19 14 502 352.305028964      -0.37      0.48      0.72  0.        2127.217       3380.240       7223.698    0.000  -0.139   0.381   0.
  2017 352  7 19 15 502 352.305040538      -0.38      0.52      0.73  0.        2125.984       3381.645       7224.295    0.000  -0.139   0.381   0.
  2017 352  7 19 16 502 352.305052112      -0.42      0.48      0.75  0.        2124.750       3383.049       7224.892    0.000  -0.138   0.380   0.
  2017 352  7 19 17 502 352.305063686      -0.49      0.50      0.71  0.        2123.517       3384.454       7225.489    0.000  -0.138   0.380   0.
  2017 352  7 19 18 502 352.305075260      -0.39      0.48      0.71  0.        2122.283       3385.858       7226.085    0.000  -0.138   0.380   0.
  2017 352  7 19 19 502 352.305086835      -0.46      0.50      0.72  0.        2121.049       3387.261       7226.681    0.000  -0.138   0.380   0.
  2017 352  7 19 20 502 352.305098409      -0.48      0.49      0.74  0.        2119.815       3388.665       7227.276    0.000  -0.139   0.381   0.
  2017 352  7 19 21 502 352.305109983      -0.43      0.47      0.73  0.        2118.580       3390.068       7227.870    0.000  -0.139   0.381   0.
  2017 352  7 19 22 502 352.305121557      -0.46      0.46      0.76  0.        2117.346       3391.471       7228.464    0.000  -0.138   0.380   0.
  2017 352  7 19 23 502 352.305133131      -0.50      0.48      0.77  0.        2116.111       3392.873       7229.057    0.000  -0.138   0.380   0.
  2017 352  7 19 24 502 352.305144705      -0.40      0.45      0.74  0.        2114.876       3394.276       7229.650    0.000  -0.138   0.380   0.
  2017 352  7 19 25 502 352.305156279      -0.43      0.46      0.74  0.        2113.642       3395.678       7230.243    0.000  -0.138   0.380   0.
  2017 352  7 19 26 502 352.305167853      -0.48      0.46      0.77  0.        2112.406       3397.080       7230.834    0.000  -0.139   0.381   0.
  2017 352  7 19 27 502 352.305179427      -0.42      0.44      0.77  0.        2111.171       3398.482       7231.425    0.000  -0.139   0.381   0.
  2017 352  7 19 28 502 352.305191001      -0.45      0.42      0.77  0.        2109.936       3399.883       7232.016    0.000  -0.139   0.381   0.
  2017 352  7 19 29 502 352.305202575      -0.45      0.43      0.76  0.        2108.700       3401.284       7232.606    0.000  -0.139   0.381   0.
  2017 352  7 19 30 502 352.305214149      -0.34      0.40      0.80  0.        2107.464       3402.685       7233.195    0.000  -0.138   0.380   0.
  2017 352  7 19 31 502 352.305225723      -0.34      0.43      0.80  0.        2106.228       3404.085       7233.784    0.000  -0.138   0.380   0.
  2017 352  7 19 32 502 352.305237297      -0.37      0.41      0.83  0.        2104.992       3405.486       7234.373    0.000  -0.139   0.381   0.
  2017 352  7 19 33 502 352.305248872      -0.34      0.39      0.82  0.        2103.756       3406.886       7234.961    0.000  -0.139   0.381   0.
  2017 352  7 19 34 502 352.305260446      -0.39      0.42      0.79  0.        2102.520       3408.286       7235.548    0.000  -0.139   0.381   0.
  2017 352  7 19 35 502 352.305272020      -0.44      0.45      0.76  0.        2101.283       3409.685       7236.135    0.000  -0.139   0.381   0.
  2017 352  7 19 36 502 352.305283594      -0.40      0.43      0.76  0.        2100.046       3411.085       7236.721    0.000  -0.138   0.380   0.
  2017 352  7 19 37 502 352.305295168      -0.44      0.46      0.76  0.        2098.810       3412.484       7237.307    0.000  -0.138   0.380   0.
  2017 352  7 19 38 502 352.305306739      -0.35      0.44      0.75  0.        2097.573       3413.882       7237.892    0.000  -0.139   0.381   0.
  2017 352  7 19 39 502 352.305318313      -0.30      0.41      0.77  0.        2096.335       3415.281       7238.476    0.000  -0.139   0.381   0.
  2017 352  7 19 40 502 352.305329887      -0.36      0.43      0.82  0.        2095.098       3416.679       7239.060    0.000  -0.139   0.381   0.
  2017 352  7 19 41 502 352.305341461      -0.43      0.48      0.78  0.        2093.860       3418.077       7239.644    0.000  -0.139   0.381   0.
  2017 352  7 19 42 502 352.305353035      -0.36      0.49      0.76  0.        2092.623       3419.475       7240.227    0.000  -0.138   0.380   0.
  2017 352  7 19 43 502 352.305364609      -0.38      0.47      0.79  0.        2091.385       3420.872       7240.809    0.000  -0.138   0.380   0.
  2017 352  7 19 44 502 352.305376183      -0.38      0.44      0.81  0.        2090.147       3422.270       7241.391    0.000  -0.139   0.381   0.
  2017 352  7 19 45 502 352.305387758      -0.37      0.44      0.80  0.        2088.909       3423.667       7241.972    0.000  -0.139   0.381   0.
  2017 352  7 19 46 502 352.305399332      -0.43      0.46      0.80  0.        2087.671       3425.063       7242.553    0.000  -0.139   0.381   0.
  2017 352  7 19 47 502 352.305410906      -0.45      0.45      0.82  0.        2086.432       3426.460       7243.133    0.000  -0.139   0.381   0.
  2017 352  7 19 48 502 352.305422480      -0.33      0.39      0.82  0.        2085.193       3427.856       7243.713    0.000  -0.138   0.380   0.
  2017 352  7 19 49 502 352.305434054      -0.37      0.44      0.79  0.        2083.955       3429.252       7244.292    0.000  -0.138   0.380   0.
  2017 352  7 19 50 502 352.305445628      -0.33      0.46      0.78  0.        2082.716       3430.648       7244.871    0.000  -0.139   0.381   0.
  2017 352  7 19 51 502 352.305457202      -0.36      0.45      0.75  0.        2081.477       3432.043       7245.449    0.000  -0.139   0.381   0.
  2017 352  7 19 52 502 352.305468776      -0.32      0.45      0.75  0.        2080.237       3433.438       7246.026    0.000  -0.139   0.381   0.
  2017 352  7 19 53 502 352.305480350      -0.39      0.47      0.76  0.        2078.998       3434.833       7246.603    0.000  -0.139   0.381   0.
  2017 352  7 19 54 502 352.305491924      -0.36      0.45      0.74  0.        2077.759       3436.228       7247.179    0.000  -0.139   0.381   0.
  2017 352  7 19 55 502 352.305503498      -0.36      0.44      0.78  0.        2076.519       3437.622       7247.755    0.000  -0.139   0.381   0.
  2017 352  7 19 56 502 352.305515072      -0.32      0.48      0.79  0.        2075.279       3439.017       7248.330    0.000  -0.138   0.380   0.
  2017 352  7 19 57 502 352.305526646      -0.28      0.44      0.81  0.        2074.039       3440.410       7248.905    0.000  -0.138   0.380   0.
  2017 352  7 19 58 502 352.305538220      -0.29      0.42      0.78  0.        2072.799       3441.804       7249.479    0.000  -0.139   0.381   0.
  2017 352  7 19 59 502 352.305549795      -0.30      0.42      0.81  0.        2071.558       3443.197       7250.053    0.000  -0.139   0.381   0.
  2017 352  7 20  0 502 352.305561369      -0.32      0.46      0.78  0.        2070.318       3444.591       7250.626    0.000  -0.139   0.381   0.
  2017 352  7 20  1 502 352.305572943      -0.27      0.43      0.79  0.        2069.077       3445.983       7251.199    0.000  -0.139   0.381   0.
  2017 352  7 20  2 502 352.305584517      -0.29      0.46      0.79  0.        2067.837       3447.376       7251.771    0.000  -0.139   0.381   0.
  2017 352  7 20  3 502 352.305596091      -0.32      0.48      0.78  0.        2066.596       3448.769       7252.342    0.000  -0.139   0.381   0.
  2017 352  7 20  4 502 352.305607665      -0.34      0.44      0.78  0.        2065.355       3450.160       7252.913    0.000  -0.139   0.381   0.
  2017 352  7 20  5 502 352.305619239      -0.35      0.43      0.80  0.        2064.113       3451.552       7253.484    0.000  -0.139   0.381   0.
  2017 352  7 20  6 501 352.305630810      -0.30      0.43      0.79  0.        2062.872       3452.944       7254.053    0.000  -0.138   0.380   0.
  2017 352  7 20  7 501 352.305642384      -0.27      0.43      0.77  0.        2061.630       3454.335       7254.623    0.000  -0.138   0.380   0.
  2017 352  7 20  8 501 352.305653958      -0.24      0.44      0.73  0.        2060.389       3455.726       7255.191    0.000  -0.139   0.381   0.
  2017 352  7 20  9 502 352.305665532      -0.29      0.43      0.75  0.        2059.147       3457.117       7255.760    0.000  -0.139   0.381   0.
  2017 352  7 20 10 502 352.305677106      -0.31      0.43      0.78  0.        2057.905       3458.508       7256.327    0.000  -0.138   0.380   0.
  2017 352  7 20 11 501 352.305688681      -0.32      0.45      0.78  0.        2056.662       3459.898       7256.894    0.000  -0.138   0.380   0.
  2017 352  7 20 12 501 352.305700255      -0.33      0.47      0.79  0.        2055.420       3461.288       7257.461    0.000  -0.139   0.381   0.
  2017 352  7 20 13 502 352.305711829      -0.33      0.48      0.79  0.        2054.178       3462.678       7258.027    0.000  -0.139   0.381   0.
  2017 352  7 20 14 502 352.305723403      -0.34      0.48      0.77  0.        2052.935       3464.067       7258.592    0.000  -0.139   0.381   0.
  2017 352  7 20 15 502 352.305734977      -0.34      0.43      0.78  0.        2051.692       3465.456       7259.157    0.000  -0.139   0.381   0.
  2017 352  7 20 16 502 352.305746551      -0.33      0.47      0.77  0.        2050.449       3466.845       7259.722    0.000  -0.138   0.380   0.
  2017 352  7 20 17 502 352.305758125      -0.37      0.49      0.77  0.        2049.206       3468.234       7260.286    0.000  -0.138   0.380   0.
  2017 352  7 20 18 501 352.305769699      -0.35      0.54      0.78  0.        2047.963       3469.623       7260.849    0.000  -0.138   0.380   0.
  2017 352  7 20 19 501 352.305781273      -0.38      0.50      0.78  0.        2046.719       3471.011       7261.412    0.000  -0.138   0.380   0.
  2017 352  7 20 20 501 352.305792847      -0.36      0.49      0.79  0.        2045.476       3472.399       7261.974    0.000  -0.138   0.380   0.
  2017 352  7 20 21 501 352.305804421      -0.37      0.51      0.72  0.        2044.232       3473.786       7262.536    0.000  -0.138   0.380   0.
  2017 352  7 20 22 502 352.305815995      -0.37      0.49      0.75  0.        2042.988       3475.174       7263.097    0.000  -0.138   0.380   0.
  2017 352  7 20 23 502 352.305827569      -0.34      0.51      0.77  0.        2041.744       3476.561       7263.657    0.000  -0.138   0.380   0.
  2017 352  7 20 24 501 352.305839144      -0.35      0.47      0.78  0.        2040.500       3477.948       7264.218    0.000  -0.138   0.380   0.
  2017 352  7 20 25 501 352.305850718      -0.38      0.50      0.79  0.        2039.256       3479.335       7264.777    0.000  -0.138   0.380   0.
  2017 352  7 20 26 502 352.305862292      -0.34      0.47      0.79  0.        2038.011       3480.721       7265.336    0.000  -0.138   0.380   0.
  2017 352  7 20 27 502 352.305873866      -0.35      0.49      0.77  0.        2036.767       3482.107       7265.895    0.000  -0.138   0.380   0.
  2017 352  7 20 28 502 352.305885440      -0.33      0.47      0.78  0.        2035.522       3483.493       7266.452    0.000  -0.138   0.380   0.
  2017 352  7 20 29 502 352.305897014      -0.34      0.46      0.76  0.        2034.277       3484.879       7267.010    0.000  -0.138   0.380   0.
  2017 352  7 20 30 502 352.305908588      -0.34      0.49      0.77  0.        2033.032       3486.264       7267.567    0.000  -0.138   0.380   0.
  2017 352  7 20 31 501 352.305920162      -0.33      0.49      0.76  0.        2031.787       3487.649       7268.123    0.000  -0.138   0.380   0.
  2017 352  7 20 32 501 352.305931736      -0.35      0.51      0.75  0.        2030.541       3489.034       7268.679    0.000  -0.138   0.380   0.
  2017 352  7 20 33 501 352.305943310      -0.36      0.50      0.75  0.        2029.296       3490.418       7269.234    0.000  -0.138   0.380   0.
  2017 352  7 20 34 501 352.305954884      -0.32      0.48      0.76  0.        2028.050       3491.803       7269.788    0.000  -0.138   0.380   0.
  2017 352  7 20 35 501 352.305966458      -0.34      0.49      0.76  0.        2026.804       3493.187       7270.343    0.000  -0.138   0.380   0.
  2017 352  7 20 36 502 352.305978030      -0.32      0.50      0.78  0.        2025.558       3494.571       7270.896    0.000  -0.138   0.380   0.
  2017 352  7 20 37 501 352.305989604      -0.35      0.48      0.75  0.        2024.312       3495.954       7271.449    0.000  -0.138   0.380   0.
  2017 352  7 20 38 501 352.306001178      -0.35      0.48      0.74  0.        2023.066       3497.337       7272.002    0.000  -0.139   0.381   0.
  2017 352  7 20 39 501 352.306012752      -0.38      0.49      0.74  0.        2021.819       3498.720       7272.554    0.000  -0.139   0.381   0.
  2017 352  7 20 40 501 352.306024326      -0.38      0.49      0.72  0.        2020.573       3500.103       7273.105    0.000  -0.139   0.381   0.
  2017 352  7 20 41 501 352.306035900      -0.37      0.49      0.75  0.        2019.326       3501.486       7273.656    0.000  -0.139   0.381   0.
  2017 352  7 20 42 501 352.306047474      -0.40      0.50      0.78  0.        2018.079       3502.868       7274.206    0.000  -0.138   0.380   0.
  2017 352  7 20 43 501 352.306059048      -0.36      0.47      0.76  0.        2016.832       3504.250       7274.756    0.000  -0.138   0.380   0.
  2017 352  7 20 44 501 352.306070622      -0.39      0.49      0.77  0.        2015.585       3505.632       7275.305    0.000  -0.138   0.380   0.
  2017 352  7 20 45 501 352.306082196      -0.37      0.48      0.78  0.        2014.337       3507.013       7275.854    0.000  -0.138   0.380   0.
  2017 352  7 20 46 501 352.306093770      -0.36      0.48      0.74  0.        2013.090       3508.394       7276.402    0.000  -0.139   0.381   0.
  2017 352  7 20 47 501 352.306105344      -0.45      0.52      0.74  0.        2011.842       3509.775       7276.950    0.000  -0.139   0.381   0.
  2017 352  7 20 48 501 352.306116918      -0.42      0.50      0.76  0.        2010.595       3511.156       7277.497    0.000  -0.138   0.380   0.
  2017 352  7 20 49 501 352.306128492      -0.36      0.47      0.74  0.        2009.346       3512.536       7278.043    0.000  -0.138   0.380   0.
  2017 352  7 20 50 501 352.306140067      -0.37      0.51      0.72  0.        2008.098       3513.917       7278.589    0.000  -0.138   0.380   0.
  2017 352  7 20 51 501 352.306151641      -0.36      0.50      0.72  0.        2006.851       3515.296       7279.135    0.000  -0.138   0.380   0.
  2017 352  7 20 52 501 352.306163215      -0.37      0.49      0.70  0.        2005.602       3516.676       7279.679    0.000  -0.139   0.381   0.
  2017 352  7 20 53 501 352.306174789      -0.39      0.50      0.74  0.        2004.353       3518.055       7280.224    0.000  -0.139   0.381   0.
  2017 352  7 20 54 501 352.306186363      -0.36      0.49      0.73  0.        2003.104       3519.435       7280.768    0.000  -0.138   0.380   0.
  2017 352  7 20 55 501 352.306197937      -0.35      0.48      0.74  0.        2001.856       3520.813       7281.311    0.000  -0.138   0.380   0.
  2017 352  7 20 56 501 352.306209511      -0.42      0.50      0.78  0.        2000.607       3522.192       7281.854    0.000  -0.138   0.380   0.
  2017 352  7 20 57 501 352.306221085      -0.38      0.47      0.76  0.        1999.358       3523.570       7282.396    0.000  -0.138   0.380   0.
  2017 352  7 20 58 501 352.306232659      -0.36      0.47      0.75  0.        1998.108       3524.948       7282.938    0.000  -0.139   0.381   0.
  2017 352  7 20 59 501 352.306244233      -0.39      0.49      0.75  0.        1996.859       3526.326       7283.479    0.000  -0.139   0.381   0.
  2017 352  7 21  0 501 352.306255807      -0.51      0.51      0.76  0.        1995.609       3527.704       7284.020    0.000  -0.138   0.380   0.
  2017 352  7 21  1 501 352.306267381      -0.48      0.52      0.75  0.        1994.360       3529.081       7284.560    0.000  -0.138   0.380   0.
  2017 352  7 21  2 501 352.306278955      -0.46      0.50      0.75  0.        1993.110       3530.458       7285.099    0.000  -0.138   0.380   0.
  2017 352  7 21  3 501 352.306290530      -0.42      0.49      0.72  0.        1991.860       3531.835       7285.638    0.000  -0.138   0.380   0.
  2017 352  7 21  4 501 352.306302101      -0.41      0.49      0.72  0.        1990.610       3533.211       7286.177    0.000  -0.139   0.381   0.
  2017 352  7 21  5 501 352.306313675      -0.42      0.50      0.72  0.        1989.359       3534.587       7286.715    0.000  -0.139   0.381   0.
  2017 352  7 21  6 501 352.306325249      -0.43      0.48      0.73  0.        1988.109       3535.964       7287.252    0.000  -0.138   0.380   0.
  2017 352  7 21  7 501 352.306336823      -0.41      0.50      0.73  0.        1986.858       3537.339       7287.789    0.000  -0.138   0.380   0.
  2017 352  7 21  8 501 352.306348397      -0.44      0.50      0.73  0.        1985.608       3538.715       7288.325    0.000  -0.138   0.380   0.
  2017 352  7 21  9 501 352.306359971      -0.42      0.48      0.75  0.        1984.357       3540.090       7288.861    0.000  -0.138   0.380   0.
  2017 352  7 21 10 501 352.306371545      -0.44      0.49      0.76  0.        1983.106       3541.465       7289.396    0.000  -0.138   0.380   0.
  2017 352  7 21 11 501 352.306383119      -0.43      0.53      0.72  0.        1981.854       3542.840       7289.931    0.000  -0.138   0.380   0.
  2017 352  7 21 12 501 352.306394693      -0.43      0.52      0.71  0.        1980.603       3544.214       7290.465    0.000  -0.138   0.380   0.
  2017 352  7 21 13 501 352.306406267      -0.44      0.53      0.69  0.        1979.352       3545.588       7290.999    0.000  -0.138   0.380   0.
  2017 352  7 21 14 501 352.306417841      -0.48      0.53      0.70  0.        1978.100       3546.962       7291.532    0.000  -0.138   0.380   0.
  2017 352  7 21 15 501 352.306429416      -0.42      0.52      0.72  0.        1976.848       3548.336       7292.064    0.000  -0.138   0.380   0.
  2017 352  7 21 16 501 352.306440990      -0.42      0.51      0.71  0.        1975.596       3549.709       7292.596    0.000  -0.139   0.381   0.
  2017 352  7 21 17 501 352.306452564      -0.41      0.51      0.73  0.        1974.344       3551.083       7293.128    0.000  -0.139   0.381   0.
  2017 352  7 21 18 501 352.306464138      -0.47      0.51      0.74  0.        1973.092       3552.455       7293.659    0.000  -0.138   0.380   0.
  2017 352  7 21 19 501 352.306475712      -0.45      0.53      0.73  0.        1971.840       3553.828       7294.189    0.000  -0.138   0.380   0.
  2017 352  7 21 20 501 352.306487286      -0.43      0.51      0.73  0.        1970.587       3555.200       7294.719    0.000  -0.138   0.380   0.
  2017 352  7 21 21 501 352.306498860      -0.44      0.53      0.73  0.        1969.335       3556.573       7295.248    0.000  -0.138   0.380   0.
  2017 352  7 21 22 501 352.306510434      -0.36      0.52      0.74  0.        1968.082       3557.944       7295.777    0.000  -0.139   0.381   0.
  2017 352  7 21 23 501 352.306522008      -0.33      0.50      0.75  0.        1966.829       3559.316       7296.306    0.000  -0.139   0.381   0.
  2017 352  7 21 24 501 352.306533582      -0.34      0.50      0.72  0.        1965.576       3560.687       7296.833    0.000  -0.138   0.380   0.
  2017 352  7 21 25 501 352.306545156      -0.36      0.50      0.70  0.        1964.323       3562.058       7297.360    0.000  -0.138   0.380   0.
  2017 352  7 21 26 501 352.306556730      -0.36      0.50      0.69  0.        1963.069       3563.429       7297.887    0.000  -0.138   0.380   0.
  2017 352  7 21 27 501 352.306568304      -0.38      0.51      0.68  0.        1961.816       3564.800       7298.413    0.000  -0.138   0.380   0.
  2017 352  7 21 28 501 352.306579879      -0.36      0.51      0.70  0.        1960.562       3566.170       7298.939    0.000  -0.138   0.380   0.
  2017 352  7 21 29 501 352.306591453      -0.40      0.52      0.68  0.        1959.308       3567.540       7299.464    0.000  -0.138   0.380   0.
  2017 352  7 21 30 501 352.306603027      -0.44      0.52      0.69  0.        1958.054       3568.910       7299.988    0.000  -0.138   0.380   0.
  2017 352  7 21 31 501 352.306614601      -0.46      0.50      0.70  0.        1956.800       3570.279       7300.512    0.000  -0.138   0.380   0.
  2017 352  7 21 32 501 352.306626175      -0.56      0.54      0.70  0.        1955.546       3571.648       7301.036    0.000  -0.138   0.380   0.
  2017 352  7 21 33 501 352.306637749      -0.54      0.53      0.69  0.        1954.292       3573.017       7301.559    0.000  -0.138   0.380   0.
  2017 352  7 21 34 501 352.306649320      -0.57      0.55      0.73  0.        1953.037       3574.386       7302.081    0.000  -0.138   0.380   0.
  2017 352  7 21 35 501 352.306660894      -0.52      0.55      0.70  0.        1951.783       3575.754       7302.603    0.000  -0.138   0.380   0.
  2017 352  7 21 36 501 352.306672468      -0.50      0.54      0.71  0.        1950.528       3577.122       7303.124    0.000  -0.139   0.381   0.
  2017 352  7 21 37 501 352.306684042      -0.54      0.52      0.75  0.        1949.273       3578.490       7303.645    0.000  -0.139   0.381   0.
  2017 352  7 21 38 501 352.306695616      -0.48      0.52      0.69  0.        1948.018       3579.858       7304.165    0.000  -0.138   0.380   0.
  2017 352  7 21 39 501 352.306707190      -0.47      0.50      0.73  0.        1946.763       3581.226       7304.685    0.000  -0.138   0.380   0.
  2017 352  7 21 40 501 352.306718764      -0.47      0.48      0.76  0.        1945.507       3582.593       7305.204    0.000  -0.138   0.380   0.
  2017 352  7 21 41 501 352.306730339      -0.48      0.47      0.72  0.        1944.252       3583.959       7305.723    0.000  -0.138   0.380   0.
  2017 352  7 21 42 501 352.306741913      -0.52      0.51      0.70  0.        1942.996       3585.326       7306.241    0.000  -0.139   0.381   0.
  2017 352  7 21 43 501 352.306753487      -0.57      0.55      0.64  0.        1941.740       3586.692       7306.758    0.000  -0.139   0.381   0.
  2017 352  7 21 44 501 352.306765061      -0.57      0.54      0.63  0.        1940.485       3588.059       7307.275    0.000  -0.139   0.381   0.
  2017 352  7 21 45 501 352.306776635      -0.60      0.52      0.65  0.        1939.228       3589.424       7307.792    0.000  -0.139   0.381   0.
  2017 352  7 21 46 501 352.306788209      -0.63      0.53      0.68  0.        1937.972       3590.790       7308.308    0.000  -0.139   0.381   0.
  2017 352  7 21 47 501 352.306799783      -0.61      0.53      0.67  0.        1936.716       3592.155       7308.823    0.000  -0.139   0.381   0.
  2017 352  7 21 48 501 352.306811357      -0.59      0.51      0.68  0.        1935.459       3593.520       7309.338    0.000  -0.138   0.380   0.
  2017 352  7 21 49 501 352.306822931      -0.56      0.51      0.70  0.        1934.203       3594.885       7309.852    0.000  -0.138   0.380   0.
  2017 352  7 21 50 501 352.306834505      -0.59      0.52      0.69  0.        1932.946       3596.250       7310.366    0.000  -0.138   0.380   0.
  2017 352  7 21 51 501 352.306846079      -0.58      0.52      0.67  0.        1931.689       3597.614       7310.880    0.000  -0.138   0.380   0.
  2017 352  7 21 52 501 352.306857653      -0.49      0.49      0.67  0.        1930.432       3598.978       7311.392    0.000  -0.139   0.381   0.
  2017 352  7 21 53 501 352.306869227      -0.50      0.55      0.67  0.        1929.175       3600.341       7311.905    0.000  -0.139   0.381   0.
  2017 352  7 21 54 501 352.306880802      -0.48      0.52      0.66  0.        1927.917       3601.705       7312.416    0.000  -0.138   0.380   0.
  2017 352  7 21 55 501 352.306892376      -0.47      0.50      0.68  0.        1926.660       3603.068       7312.927    0.000  -0.138   0.380   0.
  2017 352  7 21 56 501 352.306903950      -0.50      0.49      0.66  0.        1925.402       3604.431       7313.438    0.000  -0.139   0.381   0.
  2017 352  7 21 57 501 352.306915524      -0.49      0.51      0.65  0.        1924.145       3605.794       7313.948    0.000  -0.139   0.381   0.
  2017 352  7 21 58 501 352.306927098      -0.47      0.54      0.66  0.        1922.887       3607.156       7314.458    0.000  -0.139   0.381   0.
  2017 352  7 21 59 501 352.306938672      -0.44      0.55      0.69  0.        1921.629       3608.518       7314.967    0.000  -0.139   0.381   0.
  2017 352  7 22  0 501 352.306950246      -0.44      0.55      0.66  0.        1920.370       3609.880       7315.475    0.000  -0.139   0.381   0.
  2017 352  7 22  1 501 352.306961820      -0.48      0.54      0.69  0.        1919.112       3611.242       7315.983    0.000  -0.139   0.381   0.
  2017 352  7 22  2 501 352.306973394      -0.48      0.50      0.70  0.        1917.854       3612.603       7316.491    0.000  -0.139   0.381   0.
  2017 352  7 22  3 501 352.306984968      -0.48      0.50      0.69  0.        1916.595       3613.964       7316.998    0.000  -0.139   0.381   0.
  2017 352  7 22  4 501 352.306996539      -0.45      0.49      0.70  0.        1915.336       3615.325       7317.504    0.000  -0.138   0.380   0.
  2017 352  7 22  5 501 352.307008113      -0.49      0.49      0.69  0.        1914.078       3616.686       7318.010    0.000  -0.138   0.380   0.
  2017 352  7 22  6 500 352.307019687      -0.49      0.50      0.67  0.        1912.819       3618.046       7318.515    0.000  -0.139   0.381   0.
  2017 352  7 22  7 500 352.307031262      -0.50      0.51      0.65  0.        1911.559       3619.406       7319.020    0.000  -0.139   0.381   0.
  2017 352  7 22  8 501 352.307042836      -0.55      0.52      0.65  0.        1910.300       3620.766       7319.524    0.000  -0.139   0.381   0.
  2017 352  7 22  9 501 352.307054410      -0.56      0.54      0.61  0.        1909.041       3622.125       7320.028    0.000  -0.139   0.381   0.
  2017 352  7 22 10 501 352.307065984      -0.60      0.57      0.60  0.        1907.781       3623.485       7320.531    0.000  -0.138   0.380   0.
  2017 352  7 22 11 501 352.307077558      -0.54      0.55      0.62  0.        1906.521       3624.844       7321.034    0.000  -0.138   0.380   0.
  2017 352  7 22 12 501 352.307089132      -0.52      0.53      0.64  0.        1905.262       3626.203       7321.536    0.000  -0.138   0.380   0.
  2017 352  7 22 13 500 352.307100706      -0.54      0.54      0.60  0.        1904.002       3627.561       7322.038    0.000  -0.138   0.380   0.
  2017 352  7 22 14 500 352.307112280      -0.56      0.57      0.57  0.        1902.741       3628.919       7322.538    0.000  -0.139   0.381   0.
  2017 352  7 22 15 500 352.307123854      -0.50      0.56      0.58  0.        1901.481       3630.277       7323.039    0.000  -0.139   0.381   0.
  2017 352  7 22 16 500 352.307135428      -0.54      0.61      0.53  0.        1900.221       3631.635       7323.539    0.000  -0.138   0.380   0.
  2017 352  7 22 17 500 352.307147002      -0.60      0.62      0.47  0.        1898.960       3632.992       7324.038    0.000  -0.138   0.380   0.
  2017 352  7 22 18 501 352.307158576      -0.63      0.60      0.46  0.        1897.700       3634.350       7324.537    0.000  -0.138   0.380   0.
  2017 352  7 22 19 501 352.307170150      -0.67      0.57      0.47  0.        1896.439       3635.706       7325.036    0.000  -0.138   0.380   0.
  2017 352  7 22 20 500 352.307181725      -0.65      0.58      0.50  0.        1895.178       3637.063       7325.534    0.000  -0.139   0.381   0.
  2017 352  7 22 21 500 352.307193299      -0.61      0.59      0.55  0.        1893.917       3638.419       7326.031    0.000  -0.139   0.381   0.
  2017 352  7 22 22 501 352.307204873      -0.63      0.61      0.59  0.        1892.656       3639.776       7326.528    0.000  -0.138   0.380   0.
  2017 352  7 22 23 501 352.307216447      -0.58      0.57      0.58  0.        1891.394       3641.131       7327.024    0.000  -0.138   0.380   0.
  2017 352  7 22 24 501 352.307228021      -0.61      0.56      0.58  0.        1890.133       3642.487       7327.520    0.000  -0.139   0.381   0.
  2017 352  7 22 25 501 352.307239595      -0.60      0.58      0.60  0.        1888.871       3643.842       7328.015    0.000  -0.139   0.381   0.
  2017 352  7 22 26 501 352.307251169      -0.55      0.55      0.58  0.        1887.609       3645.197       7328.510    0.000  -0.139   0.381   0.
  2017 352  7 22 27 500 352.307262743      -0.51      0.54      0.61  0.        1886.348       3646.552       7329.004    0.000  -0.139   0.381   0.
  2017 352  7 22 28 500 352.307274317      -0.56      0.54      0.62  0.        1885.085       3647.907       7329.498    0.000  -0.138   0.380   0.
  2017 352  7 22 29 500 352.307285891      -0.58      0.58      0.57  0.        1883.823       3649.261       7329.991    0.000  -0.138   0.380   0.
  2017 352  7 22 30 500 352.307297465      -0.58      0.57      0.55  0.        1882.561       3650.615       7330.483    0.000  -0.138   0.380   0.
  2017 352  7 22 31 501 352.307309039      -0.60      0.55      0.57  0.        1881.299       3651.969       7330.975    0.000  -0.138   0.380   0.
  2017 352  7 22 32 501 352.307320611      -0.59      0.57      0.57  0.        1880.036       3653.322       7331.467    0.000  -0.139   0.381   0.
  2017 352  7 22 33 500 352.307332185      -0.59      0.59      0.53  0.        1878.773       3654.676       7331.958    0.000  -0.139   0.381   0.
  2017 352  7 22 34 500 352.307343759      -0.61      0.60      0.53  0.        1877.510       3656.029       7332.449    0.000  -0.138   0.380   0.
  2017 352  7 22 35 500 352.307355333      -0.59      0.56      0.56  0.        1876.247       3657.381       7332.938    0.000  -0.138   0.380   0.
  2017 352  7 22 36 500 352.307366907      -0.57      0.54      0.57  0.        1874.984       3658.734       7333.428    0.000  -0.138   0.380   0.
  2017 352  7 22 37 500 352.307378481      -0.59      0.54      0.59  0.        1873.721       3660.086       7333.917    0.000  -0.138   0.380   0.
  2017 352  7 22 38 500 352.307390055      -0.54      0.52      0.58  0.        1872.458       3661.438       7334.405    0.000  -0.138   0.380   0.
  2017 352  7 22 39 500 352.307401629      -0.54      0.51      0.59  0.        1871.194       3662.789       7334.893    0.000  -0.138   0.380   0.
  2017 352  7 22 40 500 352.307413203      -0.55      0.48      0.60  0.        1869.931       3664.141       7335.380    0.000  -0.139   0.381   0.
  2017 352  7 22 41 500 352.307424777      -0.60      0.53      0.57  0.        1868.667       3665.492       7335.867    0.000  -0.139   0.381   0.
  2017 352  7 22 42 500 352.307436351      -0.55      0.55      0.61  0.        1867.403       3666.843       7336.353    0.000  -0.138   0.380   0.
  2017 352  7 22 43 500 352.307447925      -0.50      0.50      0.62  0.        1866.139       3668.193       7336.839    0.000  -0.138   0.380   0.
  2017 352  7 22 44 500 352.307459499      -0.51      0.53      0.65  0.        1864.875       3669.544       7337.324    0.000  -0.139   0.381   0.
  2017 352  7 22 45 500 352.307471073      -0.51      0.50      0.64  0.        1863.610       3670.894       7337.809    0.000  -0.139   0.381   0.
  2017 352  7 22 46 500 352.307482648      -0.57      0.51      0.62  0.        1862.346       3672.244       7338.293    0.000  -0.139   0.381   0.
  2017 352  7 22 47 500 352.307494222      -0.57      0.58      0.64  0.        1861.081       3673.593       7338.777    0.000  -0.139   0.381   0.
  2017 352  7 22 48 500 352.307505796      -0.57      0.57      0.69  0.        1859.816       3674.942       7339.260    0.000  -0.138   0.380   0.
  2017 352  7 22 49 500 352.307517370      -0.54      0.54      0.65  0.        1858.552       3676.291       7339.742    0.000  -0.138   0.380   0.
  2017 352  7 22 50 500 352.307528944      -0.52      0.54      0.61  0.        1857.287       3677.640       7340.224    0.000  -0.139   0.381   0.
  2017 352  7 22 51 500 352.307540518      -0.56      0.53      0.58  0.        1856.021       3678.989       7340.706    0.000  -0.139   0.381   0.
  2017 352  7 22 52 500 352.307552092      -0.49      0.54      0.66  0.        1854.756       3680.337       7341.187    0.000  -0.139   0.381   0.
  2017 352  7 22 53 500 352.307563666      -0.47      0.55      0.67  0.        1853.491       3681.685       7341.668    0.000  -0.139   0.381   0.
  2017 352  7 22 54 500 352.307575240      -0.57      0.56      0.72  0.        1852.225       3683.033       7342.147    0.000  -0.139   0.381   0.
  2017 352  7 22 55 500 352.307586814      -0.58      0.57      0.66  0.        1850.960       3684.380       7342.626    0.000  -0.139   0.381   0.
  2017 352  7 22 56 500 352.307598388      -0.55      0.56      0.64  0.        1849.694       3685.727       7343.105    0.000  -0.138   0.380   0.
  2017 352  7 22 57 500 352.307609962      -0.51      0.58      0.67  0.        1848.428       3687.074       7343.584    0.000  -0.138   0.380   0.
  2017 352  7 22 58 500 352.307621536      -0.43      0.60      0.68  0.        1847.162       3688.421       7344.062    0.000  -0.139   0.381   0.
  2017 352  7 22 59 500 352.307633111      -0.45      0.56      0.75  0.        1845.896       3689.767       7344.539    0.000  -0.139   0.381   0.
  2017 352  7 23  0 500 352.307644685      -0.51      0.56      0.75  0.        1844.629       3691.113       7345.016    0.000  -0.138   0.380   0.
  2017 352  7 23  1 500 352.307656259      -0.55      0.53      0.75  0.        1843.363       3692.459       7345.492    0.000  -0.138   0.380   0.
  2017 352  7 23  2 500 352.307667830      -0.59      0.51      0.74  0.        1842.096       3693.805       7345.968    0.000  -0.139   0.381   0.
  2017 352  7 23  3 500 352.307679404      -0.58      0.52      0.74  0.        1840.830       3695.150       7346.443    0.000  -0.139   0.381   0.
  2017 352  7 23  4 500 352.307690978      -0.60      0.55      0.75  0.        1839.563       3696.495       7346.917    0.000  -0.138   0.380   0.
  2017 352  7 23  5 500 352.307702552      -0.59      0.59      0.77  0.        1838.296       3697.840       7347.392    0.000  -0.138   0.380   0.
  2017 352  7 23  6 500 352.307714126      -0.58      0.60      0.79  0.        1837.029       3699.184       7347.865    0.000  -0.138   0.380   0.
  2017 352  7 23  7 500 352.307725700      -0.56      0.59      0.79  0.        1835.761       3700.529       7348.338    0.000  -0.138   0.380   0.
  2017 352  7 23  8 500 352.307737274      -0.62      0.57      0.80  0.        1834.494       3701.873       7348.811    0.000  -0.139   0.381   0.
  2017 352  7 23  9 500 352.307748848      -0.61      0.55      0.77  0.        1833.227       3703.216       7349.283    0.000  -0.139   0.381   0.
  2017 352  7 23 10 500 352.307760423      -0.61      0.59      0.76  0.        1831.959       3704.560       7349.754    0.000  -0.138   0.380   0.
  2017 352  7 23 11 500 352.307771997      -0.61      0.57      0.75  0.        1830.691       3705.903       7350.225    0.000  -0.138   0.380   0.
  2017 352  7 23 12 500 352.307783571      -0.59      0.57      0.74  0.        1829.423       3707.246       7350.696    0.000  -0.138   0.380   0.
  2017 352  7 23 13 500 352.307795145      -0.58      0.61      0.78  0.        1828.155       3708.589       7351.166    0.000  -0.138   0.380   0.
  2017 352  7 23 14 500 352.307806719      -0.59      0.61      0.80  0.        1826.887       3709.931       7351.635    0.000  -0.139   0.381   0.
  2017 352  7 23 15 500 352.307818293      -0.64      0.68      0.76  0.        1825.619       3711.273       7352.104    0.000  -0.139   0.381   0.
  2017 352  7 23 16 500 352.307829867      -0.63      0.69      0.74  0.        1824.350       3712.615       7352.572    0.000  -0.139   0.381   0.
  2017 352  7 23 17 500 352.307841441      -0.64      0.69      0.72  0.        1823.082       3713.957       7353.040    0.000  -0.139   0.381   0.
  2017 352  7 23 18 500 352.307853015      -0.60      0.66      0.74  0.        1821.813       3715.298       7353.508    0.000  -0.139   0.381   0.
  2017 352  7 23 19 500 352.307864589      -0.61      0.66      0.71  0.        1820.544       3716.639       7353.974    0.000  -0.139   0.381   0.
  2017 352  7 23 20 500 352.307876163      -0.66      0.70      0.69  0.        1819.276       3717.980       7354.441    0.000  -0.138   0.380   0.
  2017 352  7 23 21 500 352.307887737      -0.59      0.67      0.70  0.        1818.007       3719.321       7354.906    0.000  -0.138   0.380   0.
  2017 352  7 23 22 500 352.307899311      -0.63      0.67      0.73  0.        1816.737       3720.661       7355.372    0.000  -0.138   0.380   0.
  2017 352  7 23 23 500 352.307910885      -0.60      0.68      0.70  0.        1815.468       3722.001       7355.836    0.000  -0.138   0.380   0.
  2017 352  7 23 24 500 352.307922460      -0.59      0.68      0.73  0.        1814.198       3723.341       7356.301    0.000  -0.139   0.381   0.
  2017 352  7 23 25 500 352.307934034      -0.55      0.71      0.77  0.        1812.929       3724.681       7356.764    0.000  -0.139   0.381   0.
  2017 352  7 23 26 500 352.307945608      -0.52      0.71      0.78  0.        1811.659       3726.020       7357.227    0.000  -0.138   0.380   0.
  2017 352  7 23 27 500 352.307957182      -0.56      0.73      0.77  0.        1810.389       3727.359       7357.690    0.000  -0.138   0.380   0.
  2017 352  7 23 28 500 352.307968756      -0.57      0.75      0.77  0.        1809.119       3728.697       7358.152    0.000  -0.138   0.380   0.
  2017 352  7 23 29 500 352.307980330      -0.56      0.74      0.76  0.        1807.849       3730.036       7358.613    0.000  -0.138   0.380   0.
  2017 352  7 23 30 500 352.307991901      -0.61      0.76      0.73  0.        1806.579       3731.374       7359.075    0.000  -0.138   0.380   0.
  2017 352  7 23 31 500 352.308003475      -0.56      0.71      0.73  0.        1805.309       3732.712       7359.535    0.000  -0.138   0.380   0.
  2017 352  7 23 32 500 352.308015049      -0.57      0.72      0.77  0.        1804.038       3734.050       7359.995    0.000  -0.139   0.381   0.
  2017 352  7 23 33 500 352.308026623      -0.55      0.72      0.80  0.        1802.768       3735.387       7360.454    0.000  -0.139   0.381   0.
  2017 352  7 23 34 500 352.308038197      -0.58      0.74      0.75  0.        1801.497       3736.724       7360.914    0.000  -0.139   0.381   0.
  2017 352  7 23 35 500 352.308049771      -0.59      0.68      0.73  0.        1800.226       3738.061       7361.372    0.000  -0.139   0.381   0.
  2017 352  7 23 36 500 352.308061346      -0.56      0.74      0.77  0.        1798.955       3739.398       7361.830    0.000  -0.138   0.380   0.
  2017 352  7 23 37 500 352.308072920      -0.53      0.74      0.72  0.        1797.684       3740.734       7362.287    0.000  -0.138   0.380   0.
  2017 352  7 23 38 500 352.308084494      -0.54      0.69      0.76  0.        1796.413       3742.070       7362.744    0.000  -0.139   0.381   0.
  2017 352  7 23 39 500 352.308096068      -0.60      0.72      0.77  0.        1795.141       3743.406       7363.200    0.000  -0.139   0.381   0.
  2017 352  7 23 40 500 352.308107642      -0.55      0.72      0.74  0.        1793.870       3744.741       7363.656    0.000  -0.139   0.381   0.
  2017 352  7 23 41 500 352.308119216      -0.55      0.71      0.79  0.        1792.598       3746.077       7364.111    0.000  -0.139   0.381   0.
  2017 352  7 23 42 500 352.308130790      -0.58      0.67      0.78  0.        1791.327       3747.412       7364.566    0.000  -0.138   0.380   0.
  2017 352  7 23 43 500 352.308142364      -0.60      0.76      0.75  0.        1790.055       3748.746       7365.020    0.000  -0.138   0.380   0.
  2017 352  7 23 44 500 352.308153938      -0.60      0.73      0.79  0.        1788.783       3750.081       7365.474    0.000  -0.139   0.381   0.
  2017 352  7 23 45 500 352.308165512      -0.61      0.71      0.75  0.        1787.511       3751.415       7365.927    0.000  -0.139   0.381   0.
  2017 352  7 23 46 500 352.308177086      -0.60      0.70      0.80  0.        1786.238       3752.749       7366.380    0.000  -0.138   0.380   0.
  2017 352  7 23 47 500 352.308188660      -0.63      0.74      0.81  0.        1784.966       3754.083       7366.832    0.000  -0.138   0.380   0.
  2017 352  7 23 48 500 352.308200234      -0.62      0.76      0.82  0.        1783.693       3755.416       7367.284    0.000  -0.139   0.381   0.
  2017 352  7 23 49 500 352.308211808      -0.60      0.77      0.80  0.        1782.421       3756.749       7367.735    0.000  -0.139   0.381   0.
  2017 352  7 23 50 500 352.308223383      -0.60      0.71      0.79  0.        1781.148       3758.082       7368.186    0.000  -0.139   0.381   0.
  2017 352  7 23 51 500 352.308234957      -0.58      0.75      0.81  0.        1779.875       3759.415       7368.636    0.000  -0.139   0.381   0.
  2017 352  7 23 52 500 352.308246531      -0.61      0.71      0.77  0.        1778.602       3760.747       7369.085    0.000  -0.138   0.380   0.
  2017 352  7 23 53 500 352.308258105      -0.60      0.81      0.81  0.        1777.329       3762.080       7369.534    0.000  -0.138   0.380   0.
  2017 352  7 23 54 500 352.308269679      -0.55      0.82      0.80  0.        1776.056       3763.411       7369.983    0.000  -0.138   0.380   0.
  2017 352  7 23 55 500 352.308281253      -0.51      0.77      0.79  0.        1774.782       3764.743       7370.431    0.000  -0.138   0.380   0.
  2017 352  7 23 56 500 352.308292827      -0.49      0.81      0.79  0.        1773.509       3766.074       7370.878    0.000  -0.138   0.380   0.
  2017 352  7 23 57 500 352.308304401      -0.53      0.80      0.75  0.        1772.235       3767.405       7371.325    0.000  -0.138   0.380   0.
  2017 352  7 23 58 500 352.308315975      -0.50      0.72      0.79  0.        1770.961       3768.736       7371.772    0.000  -0.138   0.380   0.
  2017 352  7 23 59 500 352.308327549      -0.51      0.74      0.82  0.        1769.688       3770.066       7372.218    0.000  -0.138   0.380   0.
  2017 352  7 24  0 500 352.308339120      -0.59      0.77      0.79  0.        1768.413       3771.397       7372.663    0.000  -0.138   0.380   0.
  2017 352  7 24  1 500 352.308350694      -0.61      0.71      0.76  0.        1767.139       3772.727       7373.108    0.000  -0.138   0.380   0.
  2017 352  7 24  2 499 352.308362269      -0.59      0.76      0.84  0.        1765.865       3774.056       7373.552    0.000  -0.139   0.381   0.
  2017 352  7 24  3 499 352.308373843      -0.62      0.84      0.90  0.        1764.591       3775.386       7373.996    0.000  -0.139   0.381   0.
  2017 352  7 24  4 500 352.308385417      -0.62      0.83      0.89  0.        1763.316       3776.715       7374.439    0.000  -0.139   0.381   0.
  2017 352  7 24  5 500 352.308396991      -0.63      0.77      0.84  0.        1762.042       3778.044       7374.882    0.000  -0.139   0.381   0.
  2017 352  7 24  6 500 352.308408565      -0.67      0.78      0.83  0.        1760.767       3779.373       7375.324    0.000  -0.138   0.380   0.
  2017 352  7 24  7 500 352.308420139      -0.58      0.76      0.85  0.        1759.492       3780.701       7375.766    0.000  -0.138   0.380   0.
  2017 352  7 24  8 500 352.308431713      -0.55      0.78      0.85  0.        1758.217       3782.029       7376.207    0.000  -0.139   0.381   0.
  2017 352  7 24  9 499 352.308443287      -0.59      0.83      0.82  0.        1756.942       3783.357       7376.648    0.000  -0.139   0.381   0.
  2017 352  7 24 10 499 352.308454861      -0.59      0.80      0.80  0.        1755.667       3784.685       7377.088    0.000  -0.138   0.380   0.
  2017 352  7 24 11 499 352.308466435      -0.60      0.81      0.79  0.        1754.391       3786.012       7377.528    0.000  -0.138   0.380   0.
  2017 352  7 24 12 499 352.308478009      -0.60      0.77      0.77  0.        1753.116       3787.339       7377.967    0.000  -0.139   0.381   0.
  2017 352  7 24 13 499 352.308489583      -0.60      0.78      0.81  0.        1751.840       3788.666       7378.406    0.000  -0.139   0.381   0.
  2017 352  7 24 14 500 352.308501157      -0.52      0.74      0.84  0.        1750.564       3789.992       7378.844    0.000  -0.139   0.381   0.
  2017 352  7 24 15 500 352.308512732      -0.58      0.75      0.82  0.        1749.288       3791.318       7379.281    0.000  -0.139   0.381   0.
  2017 352  7 24 16 499 352.308524306      -0.57      0.77      0.84  0.        1748.012       3792.645       7379.719    0.000  -0.138   0.380   0.
  2017 352  7 24 17 499 352.308535880      -0.56      0.79      0.81  0.        1746.736       3793.970       7380.155    0.000  -0.138   0.380   0.
  2017 352  7 24 18 500 352.308547454      -0.57      0.82      0.79  0.        1745.460       3795.296       7380.591    0.000  -0.139   0.381   0.
  2017 352  7 24 19 500 352.308559028      -0.58      0.76      0.79  0.        1744.184       3796.621       7381.027    0.000  -0.139   0.381   0.
  2017 352  7 24 20 500 352.308570602      -0.60      0.75      0.76  0.        1742.907       3797.946       7381.462    0.000  -0.139   0.381   0.
  2017 352  7 24 21 500 352.308582176      -0.64      0.74      0.75  0.        1741.631       3799.270       7381.896    0.000  -0.139   0.381   0.
  2017 352  7 24 22 500 352.308593750      -0.64      0.81      0.78  0.        1740.354       3800.595       7382.330    0.000  -0.138   0.380   0.
  2017 352  7 24 23 499 352.308605324      -0.56      0.84      0.81  0.        1739.077       3801.919       7382.764    0.000  -0.138   0.380   0.
  2017 352  7 24 24 499 352.308616898      -0.59      0.81      0.79  0.        1737.800       3803.243       7383.197    0.000  -0.139   0.381   0.
  2017 352  7 24 25 499 352.308628472      -0.64      0.85      0.82  0.        1736.523       3804.566       7383.629    0.000  -0.139   0.381   0.
  2017 352  7 24 26 499 352.308640046      -0.65      0.84      0.78  0.        1735.246       3805.890       7384.061    0.000  -0.139   0.381   0.
  2017 352  7 24 27 500 352.308651620      -0.72      0.81      0.74  0.        1733.968       3807.213       7384.493    0.000  -0.139   0.381   0.
  2017 352  7 24 28 500 352.308663192      -0.65      0.76      0.77  0.        1732.691       3808.536       7384.923    0.000  -0.139   0.381   0.
  2017 352  7 24 29 499 352.308674766      -0.62      0.77      0.82  0.        1731.413       3809.858       7385.354    0.000  -0.139   0.381   0.
  2017 352  7 24 30 499 352.308686340      -0.62      0.79      0.82  0.        1730.136       3811.180       7385.784    0.000  -0.139   0.381   0.
  2017 352  7 24 31 499 352.308697914      -0.58      0.75      0.83  0.        1728.858       3812.502       7386.213    0.000  -0.139   0.381   0.
  2017 352  7 24 32 499 352.308709488      -0.51      0.76      0.83  0.        1727.580       3813.824       7386.642    0.000  -0.139   0.381   0.
  2017 352  7 24 33 499 352.308721062      -0.46      0.75      0.83  0.        1726.302       3815.146       7387.070    0.000  -0.139   0.381   0.
  2017 352  7 24 34 499 352.308732636      -0.47      0.77      0.83  0.        1725.024       3816.467       7387.498    0.000  -0.139   0.381   0.
  2017 352  7 24 35 499 352.308744210      -0.51      0.80      0.83  0.        1723.745       3817.788       7387.925    0.000  -0.139   0.381   0.
  2017 352  7 24 36 499 352.308755784      -0.45      0.79      0.84  0.        1722.467       3819.108       7388.352    0.000  -0.138   0.380   0.
  2017 352  7 24 37 499 352.308767358      -0.53      0.76      0.79  0.        1721.189       3820.429       7388.778    0.000  -0.138   0.380   0.
  2017 352  7 24 38 499 352.308778932      -0.51      0.76      0.79  0.        1719.910       3821.749       7389.204    0.000  -0.139   0.381   0.
  2017 352  7 24 39 499 352.308790506      -0.49      0.76      0.80  0.        1718.631       3823.069       7389.629    0.000  -0.139   0.381   0.
  2017 352  7 24 40 499 352.308802080      -0.47      0.76      0.78  0.        1717.352       3824.389       7390.054    0.000  -0.138   0.380   0.
  2017 352  7 24 41 499 352.308813655      -0.45      0.73      0.80  0.        1716.073       3825.708       7390.478    0.000  -0.138   0.380   0.
  2017 352  7 24 42 499 352.308825229      -0.45      0.77      0.81  0.        1714.794       3827.027       7390.902    0.000  -0.138   0.380   0.
  2017 352  7 24 43 499 352.308836803      -0.45      0.77      0.80  0.        1713.515       3828.346       7391.325    0.000  -0.138   0.380   0.
  2017 352  7 24 44 499 352.308848377      -0.51      0.80      0.80  0.        1712.235       3829.664       7391.747    0.000  -0.139   0.381   0.
  2017 352  7 24 45 499 352.308859951      -0.55      0.83      0.77  0.        1710.956       3830.983       7392.169    0.000  -0.139   0.381   0.
  2017 352  7 24 46 499 352.308871525      -0.49      0.80      0.78  0.        1709.676       3832.301       7392.591    0.000  -0.138   0.380   0.
  2017 352  7 24 47 499 352.308883099      -0.49      0.83      0.78  0.        1708.397       3833.618       7393.012    0.000  -0.138   0.380   0.
  2017 352  7 24 48 499 352.308894673      -0.52      0.86      0.75  0.        1707.117       3834.936       7393.433    0.000  -0.138   0.380   0.
  2017 352  7 24 49 499 352.308906247      -0.47      0.89      0.75  0.        1705.837       3836.253       7393.853    0.000  -0.138   0.380   0.
  2017 352  7 24 50 499 352.308917821      -0.47      0.88      0.74  0.        1704.557       3837.570       7394.272    0.000  -0.139   0.381   0.
  2017 352  7 24 51 499 352.308929395      -0.49      0.89      0.81  0.        1703.276       3838.887       7394.691    0.000  -0.139   0.381   0.
  2017 352  7 24 52 499 352.308940969      -0.47      0.91      0.82  0.        1701.996       3840.203       7395.110    0.000  -0.138   0.380   0.
  2017 352  7 24 53 499 352.308952543      -0.46      0.90      0.80  0.        1700.716       3841.519       7395.528    0.000  -0.138   0.380   0.
  2017 352  7 24 54 499 352.308964117      -0.47      0.87      0.77  0.        1699.435       3842.835       7395.945    0.000  -0.139   0.381   0.
  2017 352  7 24 55 499 352.308975692      -0.48      0.83      0.75  0.        1698.154       3844.151       7396.362    0.000  -0.139   0.381   0.
  2017 352  7 24 56 499 352.308987266      -0.51      0.81      0.75  0.        1696.874       3845.466       7396.779    0.000  -0.138   0.380   0.
  2017 352  7 24 57 499 352.308998840      -0.52      0.83      0.73  0.        1695.593       3846.781       7397.195    0.000  -0.138   0.380   0.
  2017 352  7 24 58 499 352.309010411      -0.47      0.87      0.75  0.        1694.312       3848.096       7397.610    0.000  -0.138   0.380   0.
  2017 352  7 24 59 499 352.309021985      -0.54      0.89      0.79  0.        1693.031       3849.410       7398.025    0.000  -0.138   0.380   0.
  2017 352  7 25  0 499 352.309033559      -0.49      0.80      0.80  0.        1691.749       3850.725       7398.439    0.000  -0.139   0.381   0.
  2017 352  7 25  1 499 352.309045133      -0.39      0.80      0.67  0.        1690.468       3852.039       7398.853    0.000  -0.139   0.381   0.
  2017 352  7 25  2 499 352.309056707      -0.41      0.80      0.64  0.        1689.186       3853.352       7399.266    0.000  -0.138   0.380   0.
  2017 352  7 25  3 499 352.309068281      -0.42      0.84      0.60  0.        1687.905       3854.666       7399.679    0.000  -0.138   0.380   0.
  2017 352  7 25  4 499 352.309079855      -0.42      0.85      0.68  0.        1686.623       3855.979       7400.092    0.000  -0.138   0.380   0.
  2017 352  7 25  5 499 352.309091429      -0.38      0.79      0.69  0.        1685.341       3857.292       7400.503    0.000  -0.138   0.380   0.
  2017 352  7 25  6 499 352.309103004      -0.41      0.79      0.69  0.        1684.059       3858.604       7400.915    0.000  -0.138   0.380   0.
  2017 352  7 25  7 499 352.309114578      -0.51      0.82      0.67  0.        1682.777       3859.917       7401.325    0.000  -0.138   0.380   0.
  2017 352  7 25  8 499 352.309126152      -0.54      0.83      0.66  0.        1681.495       3861.229       7401.736    0.000  -0.139   0.381   0.
  2017 352  7 25  9 499 352.309137726      -0.57      0.89      0.71  0.        1680.213       3862.541       7402.146    0.000  -0.139   0.381   0.
  2017 352  7 25 10 499 352.309149300      -0.54      0.86      0.74  0.        1678.930       3863.853       7402.555    0.000  -0.139   0.381   0.
  2017 352  7 25 11 499 352.309160874      -0.56      0.89      0.69  0.        1677.648       3865.164       7402.964    0.000  -0.139   0.381   0.
  2017 352  7 25 12 499 352.309172448      -0.59      0.96      0.70  0.        1676.365       3866.475       7403.372    0.000  -0.138   0.380   0.
  2017 352  7 25 13 499 352.309184022      -0.58      0.92      0.72  0.        1675.082       3867.786       7403.780    0.000  -0.138   0.380   0.
  2017 352  7 25 14 499 352.309195596      -0.55      0.85      0.70  0.        1673.799       3869.096       7404.187    0.000  -0.139   0.381   0.
  2017 352  7 25 15 499 352.309207170      -0.51      0.87      0.70  0.        1672.516       3870.407       7404.593    0.000  -0.139   0.381   0.
  2017 352  7 25 16 499 352.309218744      -0.55      0.89      0.70  0.        1671.233       3871.717       7405.000    0.000  -0.139   0.381   0.
  2017 352  7 25 17 499 352.309230318      -0.61      0.84      0.73  0.        1669.950       3873.026       7405.405    0.000  -0.139   0.381   0.
  2017 352  7 25 18 499 352.309241892      -0.61      0.87      0.73  0.        1668.667       3874.336       7405.810    0.000  -0.138   0.380   0.
  2017 352  7 25 19 499 352.309253466      -0.60      0.85      0.75  0.        1667.383       3875.645       7406.215    0.000  -0.138   0.380   0.
  2017 352  7 25 20 499 352.309265041      -0.63      0.78      0.71  0.        1666.099       3876.954       7406.619    0.000  -0.139   0.381   0.
  2017 352  7 25 21 499 352.309276615      -0.64      0.83      0.75  0.        1664.816       3878.263       7407.023    0.000  -0.139   0.381   0.
  2017 352  7 25 22 499 352.309288189      -0.62      0.81      0.75  0.        1663.532       3879.571       7407.426    0.000  -0.139   0.381   0.
  2017 352  7 25 23 499 352.309299763      -0.65      0.77      0.75  0.        1662.248       3880.879       7407.828    0.000  -0.139   0.381   0.
  2017 352  7 25 24 499 352.309311337      -0.59      0.81      0.76  0.        1660.964       3882.187       7408.231    0.000  -0.139   0.381   0.
  2017 352  7 25 25 499 352.309322911      -0.58      0.76      0.74  0.        1659.680       3883.495       7408.632    0.000  -0.139   0.381   0.
  2017 352  7 25 26 499 352.309334482      -0.58      0.83      0.77  0.        1658.395       3884.802       7409.033    0.000  -0.139   0.381   0.
  2017 352  7 25 27 499 352.309346056      -0.59      0.80      0.77  0.        1657.111       3886.109       7409.434    0.000  -0.139   0.381   0.
  2017 352  7 25 28 499 352.309357630      -0.59      0.78      0.77  0.        1655.826       3887.416       7409.834    0.000  -0.139   0.381   0.
  2017 352  7 25 29 499 352.309369204      -0.63      0.81      0.75  0.        1654.542       3888.722       7410.233    0.000  -0.139   0.381   0.
  2017 352  7 25 30 499 352.309380778      -0.66      0.79      0.72  0.        1653.257       3890.029       7410.632    0.000  -0.139   0.381   0.
  2017 352  7 25 31 499 352.309392352      -0.62      0.82      0.76  0.        1651.972       3891.335       7411.031    0.000  -0.139   0.381   0.
  2017 352  7 25 32 499 352.309403927      -0.60      0.82      0.73  0.        1650.687       3892.640       7411.429    0.000  -0.139   0.381   0.
  2017 352  7 25 33 499 352.309415501      -0.60      0.84      0.75  0.        1649.402       3893.946       7411.826    0.000  -0.139   0.381   0.
  2017 352  7 25 34 499 352.309427075      -0.60      0.87      0.73  0.        1648.117       3895.251       7412.223    0.000  -0.138   0.380   0.
  2017 352  7 25 35 499 352.309438649      -0.54      0.82      0.72  0.        1646.832       3896.556       7412.620    0.000  -0.138   0.380   0.
  2017 352  7 25 36 499 352.309450223      -0.56      0.90      0.71  0.        1645.546       3897.860       7413.016    0.000  -0.139   0.381   0.
  2017 352  7 25 37 499 352.309461797      -0.57      0.80      0.72  0.        1644.261       3899.165       7413.411    0.000  -0.139   0.381   0.
  2017 352  7 25 38 499 352.309473371      -0.59      0.90      0.74  0.        1642.975       3900.469       7413.806    0.000  -0.139   0.381   0.
  2017 352  7 25 39 499 352.309484945      -0.56      0.81      0.74  0.        1641.689       3901.773       7414.200    0.000  -0.139   0.381   0.
  2017 352  7 25 40 499 352.309496519      -0.59      0.90      0.77  0.        1640.404       3903.076       7414.594    0.000  -0.139   0.381   0.
  2017 352  7 25 41 499 352.309508093      -0.59      0.82      0.74  0.        1639.118       3904.380       7414.988    0.000  -0.139   0.381   0.
  2017 352  7 25 42 499 352.309519667      -0.53      0.87      0.78  0.        1637.831       3905.683       7415.381    0.000  -0.139   0.381   0.
  2017 352  7 25 43 499 352.309531241      -0.55      0.87      0.74  0.        1636.545       3906.986       7415.773    0.000  -0.139   0.381   0.
  2017 352  7 25 44 499 352.309542815      -0.56      0.84      0.75  0.        1635.259       3908.288       7416.165    0.000  -0.139   0.381   0.
  2017 352  7 25 45 499 352.309554389      -0.56      0.85      0.74  0.        1633.973       3909.590       7416.556    0.000  -0.139   0.381   0.
  2017 352  7 25 46 499 352.309565964      -0.54      0.88      0.70  0.        1632.686       3910.892       7416.947    0.000  -0.138   0.380   0.
  2017 352  7 25 47 499 352.309577538      -0.50      0.84      0.73  0.        1631.399       3912.194       7417.337    0.000  -0.138   0.380   0.
  2017 352  7 25 48 499 352.309589112      -0.45      0.85      0.71  0.        1630.113       3913.495       7417.727    0.000  -0.139   0.381   0.
  2017 352  7 25 49 499 352.309600686      -0.47      0.86      0.73  0.        1628.826       3914.797       7418.117    0.000  -0.139   0.381   0.
  2017 352  7 25 50 499 352.309612260      -0.56      0.82      0.74  0.        1627.539       3916.097       7418.505    0.000  -0.138   0.380   0.
  2017 352  7 25 51 499 352.309623834      -0.56      0.89      0.74  0.        1626.252       3917.398       7418.894    0.000  -0.138   0.380   0.
  2017 352  7 25 52 499 352.309635408      -0.56      0.86      0.71  0.        1624.964       3918.698       7419.282    0.000  -0.138   0.380   0.
  2017 352  7 25 53 499 352.309646982      -0.56      0.85      0.69  0.        1623.677       3919.999       7419.669    0.000  -0.138   0.380   0.
  2017 352  7 25 54 499 352.309658556      -0.56      0.88      0.72  0.        1622.390       3921.298       7420.056    0.000  -0.138   0.380   0.
  2017 352  7 25 55 499 352.309670130      -0.55      0.83      0.70  0.        1621.102       3922.598       7420.442    0.000  -0.138   0.380   0.
  2017 352  7 25 56 499 352.309681701      -0.56      0.83      0.67  0.        1619.814       3923.897       7420.828    0.000  -0.138   0.380   0.
  2017 352  7 25 57 499 352.309693275      -0.54      0.85      0.73  0.        1618.527       3925.196       7421.213    0.000  -0.138   0.380   0.
  2017 352  7 25 58 498 352.309704850      -0.55      0.84      0.71  0.        1617.239       3926.495       7421.598    0.000  -0.138   0.380   0.
  2017 352  7 25 59 498 352.309716424      -0.58      0.87      0.68  0.        1615.951       3927.793       7421.982    0.000  -0.138   0.380   0.
  2017 352  7 26  0 499 352.309727998      -0.60      0.88      0.72  0.        1614.663       3929.092       7422.366    0.000  -0.138   0.380   0.
  2017 352  7 26  1 499 352.309739572      -0.63      0.86      0.74  0.        1613.374       3930.389       7422.749    0.000  -0.138   0.380   0.
  2017 352  7 26  2 499 352.309751146      -0.62      0.88      0.70  0.        1612.086       3931.687       7423.132    0.000  -0.138   0.380   0.
  2017 352  7 26  3 499 352.309762720      -0.58      0.89      0.72  0.        1610.798       3932.985       7423.514    0.000  -0.138   0.380   0.
  2017 352  7 26  4 499 352.309774294      -0.60      0.87      0.71  0.        1609.509       3934.282       7423.895    0.000  -0.139   0.381   0.
  2017 352  7 26  5 498 352.309785868      -0.62      0.85      0.69  0.        1608.220       3935.579       7424.277    0.000  -0.139   0.381   0.
  2017 352  7 26  6 498 352.309797442      -0.60      0.86      0.68  0.        1606.932       3936.875       7424.657    0.000  -0.139   0.381   0.
  2017 352  7 26  7 498 352.309809016      -0.55      0.89      0.71  0.        1605.643       3938.172       7425.037    0.000  -0.139   0.381   0.
  2017 352  7 26  8 498 352.309820590      -0.58      0.85      0.72  0.        1604.354       3939.467       7425.417    0.000  -0.138   0.380   0.
  2017 352  7 26  9 499 352.309832164      -0.52      0.85      0.70  0.        1603.065       3940.763       7425.796    0.000  -0.138   0.380   0.
  2017 352  7 26 10 499 352.309843738      -0.49      0.86      0.71  0.        1601.776       3942.059       7426.175    0.000  -0.138   0.380   0.
  2017 352  7 26 11 499 352.309855313      -0.53      0.89      0.72  0.        1600.486       3943.354       7426.553    0.000  -0.138   0.380   0.
  2017 352  7 26 12 498 352.309866887      -0.49      0.86      0.65  0.        1599.197       3944.649       7426.931    0.000  -0.138   0.380   0.
  2017 352  7 26 13 499 352.309878461      -0.51      0.83      0.68  0.        1597.907       3945.944       7427.308    0.000  -0.138   0.380   0.
  2017 352  7 26 14 499 352.309890035      -0.54      0.84      0.62  0.        1596.618       3947.238       7427.684    0.000  -0.138   0.380   0.
  2017 352  7 26 15 499 352.309901609      -0.55      0.85      0.60  0.        1595.328       3948.532       7428.061    0.000  -0.138   0.380   0.
  2017 352  7 26 16 499 352.309913183      -0.54      0.88      0.64  0.        1594.038       3949.826       7428.436    0.000  -0.138   0.380   0.
  2017 352  7 26 17 499 352.309924757      -0.46      0.84      0.63  0.        1592.748       3951.120       7428.811    0.000  -0.138   0.380   0.
  2017 352  7 26 18 498 352.309936331      -0.47      0.80      0.59  0.        1591.458       3952.413       7429.186    0.000  -0.138   0.380   0.
  2017 352  7 26 19 498 352.309947905      -0.52      0.81      0.61  0.        1590.168       3953.707       7429.560    0.000  -0.138   0.380   0.
  2017 352  7 26 20 498 352.309959479      -0.54      0.81      0.58  0.        1588.878       3954.999       7429.933    0.000  -0.138   0.380   0.
  2017 352  7 26 21 498 352.309971053      -0.49      0.83      0.55  0.        1587.587       3956.292       7430.307    0.000  -0.138   0.380   0.
  2017 352  7 26 22 498 352.309982627      -0.49      0.86      0.60  0.        1586.297       3957.584       7430.679    0.000  -0.138   0.380   0.
  2017 352  7 26 23 499 352.309994201      -0.48      0.87      0.61  0.        1585.006       3958.876       7431.051    0.000  -0.138   0.380   0.
  2017 352  7 26 24 499 352.310005775      -0.48      0.83      0.61  0.        1583.715       3960.168       7431.423    0.000  -0.138   0.380   0.
  2017 352  7 26 25 498 352.310017350      -0.50      0.83      0.62  0.        1582.424       3961.459       7431.794    0.000  -0.138   0.380   0.
  2017 352  7 26 26 498 352.310028921      -0.54      0.83      0.59  0.        1581.134       3962.751       7432.164    0.000  -0.138   0.380   0.
  2017 352  7 26 27 498 352.310040495      -0.51      0.83      0.61  0.        1579.843       3964.042       7432.535    0.000  -0.138   0.380   0.
  2017 352  7 26 28 498 352.310052069      -0.54      0.84      0.60  0.        1578.551       3965.332       7432.904    0.000  -0.138   0.380   0.
  2017 352  7 26 29 498 352.310063643      -0.54      0.81      0.54  0.        1577.260       3966.623       7433.273    0.000  -0.138   0.380   0.
  2017 352  7 26 30 498 352.310075217      -0.56      0.83      0.56  0.        1575.969       3967.913       7433.642    0.000  -0.138   0.380   0.
  2017 352  7 26 31 498 352.310086791      -0.56      0.83      0.55  0.        1574.677       3969.203       7434.010    0.000  -0.138   0.380   0.
  2017 352  7 26 32 498 352.310098365      -0.51      0.82      0.54  0.        1573.386       3970.492       7434.377    0.000  -0.138   0.380   0.
  2017 352  7 26 33 498 352.310109939      -0.54      0.83      0.56  0.        1572.094       3971.782       7434.744    0.000  -0.138   0.380   0.
  2017 352  7 26 34 498 352.310121513      -0.53      0.82      0.57  0.        1570.802       3973.071       7435.111    0.000  -0.138   0.380   0.
  2017 352  7 26 35 498 352.310133087      -0.52      0.81      0.59  0.        1569.510       3974.360       7435.477    0.000  -0.138   0.380   0.
  2017 352  7 26 36 498 352.310144661      -0.51      0.80      0.59  0.        1568.218       3975.648       7435.842    0.000  -0.138   0.380   0.
  2017 352  7 26 37 498 352.310156236      -0.51      0.81      0.59  0.        1566.926       3976.936       7436.207    0.000  -0.138   0.380   0.
  2017 352  7 26 38 498 352.310167810      -0.51      0.82      0.59  0.        1565.634       3978.224       7436.572    0.000  -0.138   0.380   0.
  2017 352  7 26 39 498 352.310179384      -0.50      0.82      0.60  0.        1564.342       3979.512       7436.936    0.000  -0.138   0.380   0.
  2017 352  7 26 40 498 352.310190958      -0.48      0.84      0.60  0.        1563.049       3980.800       7437.299    0.000  -0.138   0.380   0.
  2017 352  7 26 41 498 352.310202532      -0.45      0.79      0.62  0.        1561.757       3982.087       7437.662    0.000  -0.138   0.380   0.
  2017 352  7 26 42 498 352.310214106      -0.43      0.79      0.61  0.        1560.464       3983.374       7438.025    0.000  -0.138   0.380   0.
  2017 352  7 26 43 498 352.310225680      -0.45      0.80      0.61  0.        1559.171       3984.660       7438.387    0.000  -0.138   0.380   0.
  2017 352  7 26 44 498 352.310237254      -0.46      0.79      0.61  0.        1557.878       3985.947       7438.748    0.000  -0.138   0.380   0.
  2017 352  7 26 45 498 352.310248828      -0.47      0.78      0.62  0.        1556.586       3987.233       7439.109    0.000  -0.138   0.380   0.
  2017 352  7 26 46 498 352.310260402      -0.46      0.80      0.65  0.        1555.292       3988.519       7439.469    0.000  -0.138   0.380   0.
  2017 352  7 26 47 498 352.310271976      -0.47      0.84      0.62  0.        1553.999       3989.804       7439.829    0.000  -0.138   0.380   0.
  2017 352  7 26 48 498 352.310283550      -0.46      0.89      0.60  0.        1552.706       3991.089       7440.189    0.000  -0.138   0.380   0.
  2017 352  7 26 49 498 352.310295124      -0.46      0.86      0.61  0.        1551.413       3992.375       7440.548    0.000  -0.138   0.380   0.
  2017 352  7 26 50 498 352.310306698      -0.49      0.81      0.58  0.        1550.119       3993.659       7440.906    0.000  -0.138   0.380   0.
  2017 352  7 26 51 498 352.310318273      -0.50      0.79      0.59  0.        1548.826       3994.944       7441.264    0.000  -0.138   0.380   0.
  2017 352  7 26 52 498 352.310329847      -0.47      0.81      0.60  0.        1547.532       3996.228       7441.622    0.000  -0.138   0.380   0.
  2017 352  7 26 53 498 352.310341421      -0.47      0.85      0.61  0.        1546.238       3997.512       7441.979    0.000  -0.138   0.380   0.
  2017 352  7 26 54 498 352.310352995      -0.41      0.83      0.61  0.        1544.944       3998.796       7442.335    0.000  -0.138   0.380   0.
  2017 352  7 26 55 498 352.310364569      -0.38      0.81      0.59  0.        1543.650       4000.079       7442.691    0.000  -0.138   0.380   0.
  2017 352  7 26 56 498 352.310376140      -0.40      0.79      0.63  0.        1542.356       4001.362       7443.046    0.000  -0.138   0.380   0.
  2017 352  7 26 57 498 352.310387714      -0.42      0.81      0.62  0.        1541.062       4002.645       7443.401    0.000  -0.138   0.380   0.
  2017 352  7 26 58 498 352.310399288      -0.45      0.86      0.61  0.        1539.768       4003.928       7443.756    0.000  -0.138   0.380   0.
  2017 352  7 26 59 498 352.310410862      -0.45      0.83      0.59  0.        1538.473       4005.210       7444.110    0.000  -0.138   0.380   0.
  2017 352  7 27  0 498 352.310422436      -0.51      0.80      0.58  0.        1537.179       4006.492       7444.463    0.000  -0.138   0.380   0.
  2017 352  7 27  1 498 352.310434010      -0.55      0.85      0.59  0.        1535.884       4007.774       7444.816    0.000  -0.138   0.380   0.
  2017 352  7 27  2 498 352.310445584      -0.55      0.86      0.57  0.        1534.589       4009.055       7445.168    0.000  -0.138   0.380   0.
  2017 352  7 27  3 498 352.310457159      -0.56      0.79      0.57  0.        1533.294       4010.337       7445.521    0.000  -0.138   0.380   0.
  2017 352  7 27  4 498 352.310468733      -0.60      0.83      0.58  0.        1532.000       4011.618       7445.872    0.000  -0.138   0.380   0.
  2017 352  7 27  5 498 352.310480307      -0.58      0.87      0.57  0.        1530.704       4012.898       7446.223    0.000  -0.138   0.380   0.
  2017 352  7 27  6 498 352.310491881      -0.57      0.80      0.56  0.        1529.409       4014.179       7446.573    0.000  -0.138   0.380   0.
  2017 352  7 27  7 498 352.310503455      -0.59      0.83      0.60  0.        1528.114       4015.459       7446.923    0.000  -0.138   0.380   0.
  2017 352  7 27  8 498 352.310515029      -0.61      0.82      0.59  0.        1526.819       4016.739       7447.272    0.000  -0.138   0.380   0.
  2017 352  7 27  9 498 352.310526603      -0.61      0.78      0.61  0.        1525.523       4018.018       7447.621    0.000  -0.138   0.380   0.
  2017 352  7 27 10 498 352.310538177      -0.62      0.80      0.61  0.        1524.228       4019.298       7447.970    0.000  -0.138   0.380   0.
  2017 352  7 27 11 498 352.310549751      -0.58      0.80      0.60  0.        1522.932       4020.577       7448.318    0.000  -0.138   0.380   0.
  2017 352  7 27 12 498 352.310561325      -0.55      0.75      0.62  0.        1521.636       4021.856       7448.665    0.000  -0.138   0.380   0.
  2017 352  7 27 13 498 352.310572899      -0.57      0.80      0.55  0.        1520.341       4023.134       7449.012    0.000  -0.138   0.380   0.
  2017 352  7 27 14 498 352.310584473      -0.57      0.75      0.54  0.        1519.044       4024.412       7449.358    0.000  -0.138   0.380   0.
  2017 352  7 27 15 498 352.310596047      -0.59      0.79      0.54  0.        1517.748       4025.690       7449.704    0.000  -0.138   0.380   0.
  2017 352  7 27 16 498 352.310607621      -0.57      0.80      0.56  0.        1516.452       4026.968       7450.050    0.000  -0.138   0.380   0.
  2017 352  7 27 17 498 352.310619196      -0.58      0.79      0.60  0.        1515.156       4028.246       7450.394    0.000  -0.138   0.380   0.
  2017 352  7 27 18 498 352.310630770      -0.58      0.81      0.57  0.        1513.860       4029.523       7450.739    0.000  -0.138   0.380   0.
  2017 352  7 27 19 498 352.310642344      -0.59      0.76      0.56  0.        1512.563       4030.800       7451.083    0.000  -0.138   0.380   0.
  2017 352  7 27 20 498 352.310653918      -0.61      0.82      0.56  0.        1511.267       4032.076       7451.426    0.000  -0.138   0.380   0.
  2017 352  7 27 21 498 352.310665492      -0.67      0.79      0.53  0.        1509.970       4033.353       7451.769    0.000  -0.138   0.380   0.
  2017 352  7 27 22 498 352.310677066      -0.67      0.86      0.54  0.        1508.673       4034.629       7452.111    0.000  -0.138   0.380   0.
  2017 352  7 27 23 498 352.310688640      -0.65      0.82      0.57  0.        1507.376       4035.905       7452.453    0.000  -0.138   0.380   0.
  2017 352  7 27 24 498 352.310700212      -0.65      0.84      0.55  0.        1506.079       4037.180       7452.795    0.000  -0.138   0.380   0.
  2017 352  7 27 25 498 352.310711785      -0.65      0.84      0.59  0.        1504.782       4038.456       7453.136    0.000  -0.138   0.380   0.
  2017 352  7 27 26 498 352.310723359      -0.63      0.86      0.57  0.        1503.485       4039.731       7453.476    0.000  -0.138   0.380   0.
  2017 352  7 27 27 498 352.310734933      -0.65      0.93      0.58  0.        1502.188       4041.006       7453.816    0.000  -0.138   0.380   0.
  2017 352  7 27 28 498 352.310746508      -0.70      0.86      0.61  0.        1500.890       4042.280       7454.155    0.000  -0.138   0.380   0.
  2017 352  7 27 29 498 352.310758082      -0.67      0.84      0.63  0.        1499.593       4043.554       7454.494    0.000  -0.138   0.380   0.
  2017 352  7 27 30 498 352.310769656      -0.73      0.76      0.60  0.        1498.295       4044.828       7454.833    0.000  -0.138   0.380   0.
  2017 352  7 27 31 498 352.310781230      -0.67      0.77      0.57  0.        1496.998       4046.102       7455.170    0.000  -0.138   0.380   0.
  2017 352  7 27 32 498 352.310792804      -0.64      0.81      0.54  0.        1495.700       4047.375       7455.508    0.000  -0.138   0.380   0.
  2017 352  7 27 33 498 352.310804378      -0.66      0.80      0.53  0.        1494.402       4048.648       7455.845    0.000  -0.138   0.380   0.
  2017 352  7 27 34 498 352.310815952      -0.64      0.85      0.53  0.        1493.104       4049.921       7456.181    0.000  -0.138   0.380   0.
  2017 352  7 27 35 498 352.310827526      -0.59      0.81      0.55  0.        1491.806       4051.194       7456.517    0.000  -0.138   0.380   0.
  2017 352  7 27 36 498 352.310839100      -0.59      0.80      0.57  0.        1490.508       4052.466       7456.852    0.000  -0.138   0.380   0.
  2017 352  7 27 37 498 352.310850674      -0.59      0.85      0.58  0.        1489.209       4053.738       7457.187    0.000  -0.138   0.380   0.
  2017 352  7 27 38 498 352.310862248      -0.70      0.85      0.57  0.        1487.911       4055.010       7457.522    0.000  -0.138   0.380   0.
  2017 352  7 27 39 498 352.310873822      -0.72      0.84      0.59  0.        1486.613       4056.282       7457.856    0.000  -0.138   0.380   0.
  2017 352  7 27 40 498 352.310885396      -0.73      0.86      0.61  0.        1485.314       4057.553       7458.189    0.000  -0.138   0.380   0.
  2017 352  7 27 41 498 352.310896971      -0.60      0.83      0.61  0.        1484.015       4058.824       7458.522    0.000  -0.138   0.380   0.
  2017 352  7 27 42 498 352.310908545      -0.65      0.82      0.57  0.        1482.717       4060.095       7458.854    0.000  -0.138   0.380   0.
  2017 352  7 27 43 498 352.310920119      -0.70      0.85      0.56  0.        1481.418       4061.365       7459.186    0.000  -0.138   0.380   0.
  2017 352  7 27 44 498 352.310931693      -0.73      0.88      0.53  0.        1480.119       4062.635       7459.517    0.000  -0.138   0.380   0.
  2017 352  7 27 45 498 352.310943267      -0.75      0.90      0.55  0.        1478.820       4063.905       7459.849    0.000  -0.138   0.380   0.
  2017 352  7 27 46 498 352.310954841      -0.76      0.87      0.53  0.        1477.521       4065.174       7460.179    0.000  -0.138   0.380   0.
  2017 352  7 27 47 498 352.310966415      -0.73      0.86      0.55  0.        1476.221       4066.444       7460.509    0.000  -0.138   0.380   0.
  2017 352  7 27 48 498 352.310977989      -0.70      0.87      0.56  0.        1474.922       4067.713       7460.838    0.000  -0.138   0.380   0.
  2017 352  7 27 49 498 352.310989563      -0.71      0.85      0.54  0.        1473.622       4068.982       7461.167    0.000  -0.138   0.380   0.
  2017 352  7 27 50 498 352.311001137      -0.70      0.88      0.56  0.        1472.323       4070.250       7461.495    0.000  -0.138   0.380   0.
  2017 352  7 27 51 498 352.311012711      -0.72      0.86      0.54  0.        1471.023       4071.519       7461.823    0.000  -0.138   0.380   0.
  2017 352  7 27 52 498 352.311024285      -0.75      0.88      0.53  0.        1469.723       4072.787       7462.151    0.000  -0.138   0.380   0.
  2017 352  7 27 53 498 352.311035859      -0.79      0.90      0.53  0.        1468.423       4074.054       7462.478    0.000  -0.138   0.380   0.
  2017 352  7 27 54 497 352.311047431      -0.72      0.88      0.58  0.        1467.123       4075.322       7462.804    0.000  -0.138   0.380   0.
  2017 352  7 27 55 497 352.311059005      -0.71      0.91      0.57  0.        1465.823       4076.589       7463.130    0.000  -0.138   0.380   0.
  2017 352  7 27 56 498 352.311070579      -0.68      0.89      0.54  0.        1464.523       4077.856       7463.455    0.000  -0.138   0.380   0.
  2017 352  7 27 57 498 352.311082153      -0.67      0.89      0.60  0.        1463.223       4079.123       7463.780    0.000  -0.138   0.380   0.
  2017 352  7 27 58 498 352.311093727      -0.69      0.90      0.57  0.        1461.923       4080.389       7464.105    0.000  -0.138   0.380   0.
  2017 352  7 27 59 498 352.311105301      -0.69      0.90      0.57  0.        1460.622       4081.655       7464.429    0.000  -0.138   0.380   0.
  2017 352  7 28  0 498 352.311116875      -0.71      0.88      0.56  0.        1459.322       4082.921       7464.752    0.000  -0.138   0.380   0.
  2017 352  7 28  1 497 352.311128449      -0.73      0.89      0.56  0.        1458.021       4084.186       7465.075    0.000  -0.138   0.380   0.
  2017 352  7 28  2 497 352.311140023      -0.72      0.89      0.59  0.        1456.720       4085.452       7465.398    0.000  -0.138   0.380   0.
  2017 352  7 28  3 497 352.311151597      -0.70      0.92      0.55  0.        1455.420       4086.717       7465.720    0.000  -0.138   0.380   0.
  2017 352  7 28  4 497 352.311163171      -0.68      0.92      0.53  0.        1454.119       4087.981       7466.041    0.000  -0.138   0.380   0.
  2017 352  7 28  5 498 352.311174745      -0.69      0.89      0.53  0.        1452.818       4089.246       7466.362    0.000  -0.138   0.380   0.
  2017 352  7 28  6 498 352.311186319      -0.71      0.90      0.54  0.        1451.516       4090.510       7466.683    0.000  -0.138   0.380   0.
  2017 352  7 28  7 497 352.311197894      -0.69      0.93      0.54  0.        1450.215       4091.774       7467.002    0.000  -0.138   0.380   0.
  2017 352  7 28  8 497 352.311209468      -0.61      0.90      0.53  0.        1448.914       4093.038       7467.322    0.000  -0.138   0.380   0.
  2017 352  7 28  9 498 352.311221042      -0.57      0.85      0.54  0.        1447.612       4094.301       7467.641    0.000  -0.138   0.380   0.
  2017 352  7 28 10 498 352.311232616      -0.54      0.85      0.53  0.        1446.311       4095.564       7467.959    0.000  -0.138   0.380   0.
  2017 352  7 28 11 498 352.311244190      -0.52      0.84      0.54  0.        1445.009       4096.827       7468.277    0.000  -0.138   0.380   0.
  2017 352  7 28 12 498 352.311255764      -0.56      0.83      0.51  0.        1443.708       4098.090       7468.595    0.000  -0.138   0.380   0.
  2017 352  7 28 13 498 352.311267338      -0.55      0.85      0.52  0.        1442.406       4099.352       7468.912    0.000  -0.138   0.380   0.
  2017 352  7 28 14 497 352.311278912      -0.57      0.84      0.56  0.        1441.104       4100.614       7469.228    0.000  -0.138   0.380   0.
  2017 352  7 28 15 497 352.311290486      -0.53      0.83      0.56  0.        1439.802       4101.876       7469.544    0.000  -0.138   0.380   0.
  2017 352  7 28 16 497 352.311302060      -0.57      0.88      0.57  0.        1438.500       4103.137       7469.860    0.000  -0.138   0.380   0.
  2017 352  7 28 17 497 352.311313634      -0.51      0.83      0.58  0.        1437.198       4104.398       7470.175    0.000  -0.138   0.380   0.
  2017 352  7 28 18 497 352.311325208      -0.52      0.81      0.57  0.        1435.896       4105.659       7470.489    0.000  -0.138   0.380   0.
  2017 352  7 28 19 498 352.311336782      -0.45      0.79      0.55  0.        1434.593       4106.920       7470.803    0.000  -0.138   0.380   0.
  2017 352  7 28 20 498 352.311348357      -0.51      0.80      0.51  0.        1433.291       4108.180       7471.117    0.000  -0.138   0.380   0.
  2017 352  7 28 21 497 352.311359931      -0.54      0.83      0.50  0.        1431.988       4109.440       7471.430    0.000  -0.138   0.380   0.
  2017 352  7 28 22 497 352.311371502      -0.51      0.85      0.56  0.        1430.685       4110.700       7471.742    0.000  -0.138   0.380   0.
  2017 352  7 28 23 497 352.311383076      -0.53      0.86      0.53  0.        1429.383       4111.960       7472.054    0.000  -0.138   0.380   0.
  2017 352  7 28 24 497 352.311394650      -0.53      0.86      0.58  0.        1428.080       4113.219       7472.366    0.000  -0.138   0.380   0.
  2017 352  7 28 25 497 352.311406224      -0.50      0.85      0.59  0.        1426.777       4114.478       7472.677    0.000  -0.138   0.380   0.
  2017 352  7 28 26 497 352.311417798      -0.52      0.85      0.59  0.        1425.474       4115.737       7472.988    0.000  -0.138   0.380   0.
  2017 352  7 28 27 497 352.311429372      -0.52      0.89      0.60  0.        1424.171       4116.996       7473.298    0.000  -0.138   0.380   0.
  2017 352  7 28 28 497 352.311440946      -0.53      0.89      0.57  0.        1422.868       4118.254       7473.607    0.000  -0.138   0.380   0.
  2017 352  7 28 29 497 352.311452520      -0.55      0.87      0.56  0.        1421.564       4119.512       7473.916    0.000  -0.138   0.380   0.
  2017 352  7 28 30 497 352.311464094      -0.54      0.86      0.54  0.        1420.261       4120.769       7474.225    0.000  -0.138   0.380   0.
  2017 352  7 28 31 497 352.311475668      -0.55      0.86      0.56  0.        1418.957       4122.027       7474.533    0.000  -0.138   0.380   0.
  2017 352  7 28 32 497 352.311487242      -0.57      0.87      0.56  0.        1417.654       4123.284       7474.841    0.000  -0.138   0.380   0.
  2017 352  7 28 33 497 352.311498817      -0.50      0.85      0.54  0.        1416.350       4124.541       7475.148    0.000  -0.138   0.380   0.
  2017 352  7 28 34 497 352.311510391      -0.52      0.86      0.52  0.        1415.046       4125.797       7475.454    0.000  -0.138   0.380   0.
  2017 352  7 28 35 497 352.311521965      -0.55      0.88      0.53  0.        1413.743       4127.054       7475.760    0.000  -0.138   0.380   0.
  2017 352  7 28 36 497 352.311533539      -0.53      0.87      0.56  0.        1412.438       4128.310       7476.066    0.000  -0.138   0.380   0.
  2017 352  7 28 37 497 352.311545113      -0.54      0.85      0.55  0.        1411.134       4129.566       7476.371    0.000  -0.138   0.380   0.
  2017 352  7 28 38 497 352.311556687      -0.53      0.86      0.53  0.        1409.830       4130.821       7476.676    0.000  -0.138   0.380   0.
  2017 352  7 28 39 497 352.311568261      -0.54      0.82      0.50  0.        1408.526       4132.076       7476.980    0.000  -0.138   0.380   0.
  2017 352  7 28 40 497 352.311579835      -0.55      0.86      0.48  0.        1407.222       4133.331       7477.284    0.000  -0.138   0.380   0.
  2017 352  7 28 41 497 352.311591409      -0.54      0.86      0.48  0.        1405.917       4134.586       7477.587    0.000  -0.138   0.380   0.
  2017 352  7 28 42 497 352.311602983      -0.49      0.84      0.54  0.        1404.613       4135.840       7477.889    0.000  -0.138   0.380   0.
  2017 352  7 28 43 497 352.311614557      -0.56      0.86      0.53  0.        1403.308       4137.094       7478.192    0.000  -0.138   0.380   0.
  2017 352  7 28 44 497 352.311626131      -0.56      0.84      0.52  0.        1402.003       4138.348       7478.493    0.000  -0.138   0.380   0.
  2017 352  7 28 45 497 352.311637705      -0.55      0.83      0.55  0.        1400.699       4139.602       7478.794    0.000  -0.138   0.380   0.
  2017 352  7 28 46 497 352.311649280      -0.55      0.80      0.51  0.        1399.394       4140.855       7479.095    0.000  -0.138   0.380   0.
  2017 352  7 28 47 497 352.311660854      -0.51      0.84      0.51  0.        1398.089       4142.108       7479.395    0.000  -0.138   0.380   0.
  2017 352  7 28 48 497 352.311672428      -0.53      0.82      0.51  0.        1396.784       4143.361       7479.695    0.000  -0.138   0.380   0.
  2017 352  7 28 49 497 352.311684002      -0.52      0.84      0.51  0.        1395.478       4144.614       7479.994    0.000  -0.138   0.380   0.
  2017 352  7 28 50 497 352.311695573      -0.52      0.82      0.53  0.        1394.173       4145.866       7480.293    0.000  -0.138   0.380   0.
  2017 352  7 28 51 497 352.311707147      -0.51      0.81      0.51  0.        1392.868       4147.118       7480.591    0.000  -0.138   0.380   0.
  2017 352  7 28 52 497 352.311718721      -0.52      0.80      0.49  0.        1391.562       4148.369       7480.889    0.000  -0.138   0.380   0.
  2017 352  7 28 53 497 352.311730295      -0.55      0.80      0.54  0.        1390.257       4149.621       7481.186    0.000  -0.138   0.380   0.
  2017 352  7 28 54 497 352.311741869      -0.51      0.82      0.51  0.        1388.951       4150.872       7481.483    0.000  -0.138   0.380   0.
  2017 352  7 28 55 497 352.311753443      -0.51      0.83      0.53  0.        1387.646       4152.123       7481.779    0.000  -0.138   0.380   0.
  2017 352  7 28 56 497 352.311765017      -0.49      0.84      0.49  0.        1386.340       4153.374       7482.075    0.000  -0.138   0.380   0.
  2017 352  7 28 57 497 352.311776591      -0.53      0.83      0.51  0.        1385.034       4154.624       7482.370    0.000  -0.138   0.380   0.
  2017 352  7 28 58 497 352.311788166      -0.56      0.83      0.50  0.        1383.728       4155.874       7482.665    0.000  -0.138   0.380   0.
  2017 352  7 28 59 497 352.311799740      -0.59      0.81      0.45  0.        1382.422       4157.124       7482.959    0.000  -0.138   0.380   0.
  2017 352  7 29  0 497 352.311811314      -0.59      0.86      0.46  0.        1381.116       4158.373       7483.253    0.000  -0.138   0.380   0.
  2017 352  7 29  1 497 352.311822888      -0.61      0.84      0.47  0.        1379.809       4159.622       7483.546    0.000  -0.138   0.380   0.
  2017 352  7 29  2 497 352.311834462      -0.61      0.87      0.48  0.        1378.503       4160.872       7483.839    0.000  -0.138   0.380   0.
  2017 352  7 29  3 497 352.311846036      -0.58      0.83      0.51  0.        1377.197       4162.120       7484.132    0.000  -0.138   0.380   0.
  2017 352  7 29  4 497 352.311857610      -0.57      0.81      0.52  0.        1375.890       4163.369       7484.423    0.000  -0.138   0.380   0.
  2017 352  7 29  5 497 352.311869184      -0.56      0.83      0.51  0.        1374.583       4164.617       7484.715    0.000  -0.138   0.380   0.
  2017 352  7 29  6 497 352.311880758      -0.59      0.84      0.52  0.        1373.277       4165.865       7485.006    0.000  -0.138   0.380   0.
  2017 352  7 29  7 497 352.311892332      -0.54      0.82      0.50  0.        1371.970       4167.112       7485.296    0.000  -0.138   0.380   0.
  2017 352  7 29  8 497 352.311903906      -0.60      0.84      0.47  0.        1370.663       4168.359       7485.586    0.000  -0.138   0.380   0.
  2017 352  7 29  9 497 352.311915480      -0.60      0.85      0.44  0.        1369.356       4169.607       7485.875    0.000  -0.138   0.380   0.
  2017 352  7 29 10 497 352.311927054      -0.63      0.86      0.49  0.        1368.049       4170.853       7486.164    0.000  -0.138   0.380   0.
  2017 352  7 29 11 497 352.311938629      -0.62      0.86      0.51  0.        1366.742       4172.100       7486.453    0.000  -0.138   0.380   0.
  2017 352  7 29 12 497 352.311950203      -0.63      0.86      0.49  0.        1365.435       4173.346       7486.740    0.000  -0.138   0.380   0.
  2017 352  7 29 13 497 352.311961777      -0.65      0.86      0.48  0.        1364.127       4174.592       7487.028    0.000  -0.138   0.380   0.
  2017 352  7 29 14 497 352.311973351      -0.65      0.87      0.47  0.        1362.820       4175.838       7487.315    0.000  -0.138   0.380   0.
  2017 352  7 29 15 497 352.311984925      -0.66      0.86      0.48  0.        1361.512       4177.083       7487.601    0.000  -0.138   0.380   0.
  2017 352  7 29 16 497 352.311996499      -0.70      0.87      0.46  0.        1360.205       4178.328       7487.887    0.000  -0.138   0.380   0.
  2017 352  7 29 17 497 352.312008073      -0.69      0.84      0.47  0.        1358.897       4179.573       7488.173    0.000  -0.138   0.380   0.
  2017 352  7 29 18 497 352.312019647      -0.67      0.87      0.50  0.        1357.589       4180.818       7488.458    0.000  -0.138   0.380   0.
  2017 352  7 29 19 497 352.312031221      -0.66      0.88      0.48  0.        1356.281       4182.062       7488.742    0.000  -0.138   0.380   0.
  2017 352  7 29 20 497 352.312042793      -0.66      0.88      0.49  0.        1354.973       4183.306       7489.026    0.000  -0.138   0.380   0.
  2017 352  7 29 21 497 352.312054366      -0.64      0.87      0.48  0.        1353.665       4184.550       7489.310    0.000  -0.138   0.380   0.
  2017 352  7 29 22 497 352.312065940      -0.67      0.86      0.48  0.        1352.357       4185.794       7489.592    0.000  -0.138   0.380   0.
  2017 352  7 29 23 497 352.312077514      -0.66      0.88      0.47  0.        1351.049       4187.037       7489.875    0.000  -0.138   0.380   0.
  2017 352  7 29 24 497 352.312089089      -0.67      0.88      0.47  0.        1349.741       4188.280       7490.157    0.000  -0.138   0.380   0.
  2017 352  7 29 25 497 352.312100663      -0.66      0.85      0.43  0.        1348.432       4189.522       7490.439    0.000  -0.138   0.380   0.
  2017 352  7 29 26 497 352.312112237      -0.66      0.87      0.45  0.        1347.124       4190.765       7490.720    0.000  -0.138   0.380   0.
  2017 352  7 29 27 497 352.312123811      -0.64      0.85      0.46  0.        1345.815       4192.007       7491.000    0.000  -0.138   0.380   0.
  2017 352  7 29 28 497 352.312135385      -0.65      0.82      0.42  0.        1344.507       4193.249       7491.280    0.000  -0.138   0.380   0.
  2017 352  7 29 29 497 352.312146959      -0.66      0.83      0.43  0.        1343.198       4194.490       7491.560    0.000  -0.138   0.380   0.
  2017 352  7 29 30 497 352.312158533      -0.67      0.87      0.44  0.        1341.889       4195.732       7491.839    0.000  -0.138   0.380   0.
  2017 352  7 29 31 497 352.312170107      -0.67      0.88      0.44  0.        1340.580       4196.973       7492.118    0.000  -0.138   0.380   0.
  2017 352  7 29 32 497 352.312181681      -0.71      0.87      0.41  0.        1339.271       4198.214       7492.396    0.000  -0.138   0.380   0.
  2017 352  7 29 33 497 352.312193255      -0.69      0.84      0.41  0.        1337.962       4199.454       7492.673    0.000  -0.138   0.380   0.
  2017 352  7 29 34 497 352.312204829      -0.69      0.89      0.42  0.        1336.653       4200.694       7492.951    0.000  -0.138   0.380   0.
  2017 352  7 29 35 497 352.312216403      -0.67      0.90      0.46  0.        1335.344       4201.934       7493.227    0.000  -0.138   0.380   0.
  2017 352  7 29 36 497 352.312227977      -0.63      0.89      0.46  0.        1334.034       4203.174       7493.503    0.000  -0.138   0.380   0.
  2017 352  7 29 37 497 352.312239552      -0.67      0.89      0.44  0.        1332.725       4204.413       7493.779    0.000  -0.138   0.380   0.
  2017 352  7 29 38 497 352.312251126      -0.67      0.90      0.47  0.        1331.415       4205.653       7494.054    0.000  -0.138   0.380   0.
  2017 352  7 29 39 497 352.312262700      -0.70      0.89      0.45  0.        1330.105       4206.891       7494.329    0.000  -0.138   0.380   0.
  2017 352  7 29 40 497 352.312274274      -0.71      0.87      0.43  0.        1328.796       4208.130       7494.603    0.000  -0.138   0.380   0.
  2017 352  7 29 41 497 352.312285848      -0.67      0.85      0.48  0.        1327.486       4209.368       7494.877    0.000  -0.138   0.380   0.
  2017 352  7 29 42 497 352.312297422      -0.65      0.85      0.47  0.        1326.176       4210.606       7495.150    0.000  -0.138   0.380   0.
  2017 352  7 29 43 497 352.312308996      -0.62      0.84      0.47  0.        1324.866       4211.844       7495.423    0.000  -0.138   0.380   0.
  2017 352  7 29 44 497 352.312320570      -0.64      0.83      0.46  0.        1323.556       4213.082       7495.695    0.000  -0.138   0.380   0.
  2017 352  7 29 45 497 352.312332144      -0.65      0.87      0.45  0.        1322.246       4214.319       7495.967    0.000  -0.138   0.380   0.
  2017 352  7 29 46 497 352.312343718      -0.73      0.87      0.46  0.        1320.936       4215.556       7496.238    0.000  -0.138   0.379   0.
  2017 352  7 29 47 497 352.312355292      -0.73      0.86      0.45  0.        1319.625       4216.792       7496.509    0.000  -0.138   0.379   0.
  2017 352  7 29 48 497 352.312366863      -0.69      0.85      0.45  0.        1318.315       4218.029       7496.779    0.000  -0.138   0.380   0.
  2017 352  7 29 49 497 352.312378437      -0.71      0.86      0.43  0.        1317.005       4219.265       7497.049    0.000  -0.138   0.380   0.
  2017 352  7 29 50 496 352.312390012      -0.68      0.85      0.47  0.        1315.694       4220.501       7497.319    0.000  -0.138   0.380   0.
  2017 352  7 29 51 497 352.312401586      -0.69      0.85      0.45  0.        1314.383       4221.736       7497.587    0.000  -0.138   0.380   0.
  2017 352  7 29 52 497 352.312413160      -0.68      0.85      0.46  0.        1313.073       4222.972       7497.856    0.000  -0.138   0.380   0.
  2017 352  7 29 53 497 352.312424734      -0.73      0.80      0.45  0.        1311.762       4224.207       7498.124    0.000  -0.138   0.380   0.
  2017 352  7 29 54 497 352.312436308      -0.71      0.87      0.43  0.        1310.451       4225.442       7498.391    0.000  -0.138   0.380   0.
  2017 352  7 29 55 497 352.312447882      -0.70      0.84      0.48  0.        1309.140       4226.676       7498.658    0.000  -0.138   0.380   0.
  2017 352  7 29 56 496 352.312459456      -0.63      0.85      0.51  0.        1307.829       4227.910       7498.924    0.000  -0.138   0.380   0.
  2017 352  7 29 57 496 352.312471030      -0.64      0.85      0.45  0.        1306.518       4229.144       7499.190    0.000  -0.138   0.380   0.
  2017 352  7 29 58 496 352.312482604      -0.67      0.89      0.43  0.        1305.207       4230.378       7499.456    0.000  -0.138   0.380   0.
  2017 352  7 29 59 496 352.312494178      -0.67      0.85      0.46  0.        1303.895       4231.611       7499.721    0.000  -0.138   0.380   0.
  2017 352  7 30  0 496 352.312505752      -0.68      0.87      0.45  0.        1302.583       4232.844       7499.985    0.000  -0.138   0.380   0.
  2017 352  7 30  1 497 352.312517326      -0.70      0.85      0.45  0.        1301.272       4234.077       7500.249    0.000  -0.138   0.380   0.
  2017 352  7 30  2 497 352.312528900      -0.71      0.84      0.42  0.        1299.960       4235.310       7500.513    0.000  -0.138   0.380   0.
  2017 352  7 30  3 496 352.312540475      -0.70      0.86      0.45  0.        1298.649       4236.542       7500.776    0.000  -0.138   0.380   0.
  2017 352  7 30  4 496 352.312552049      -0.67      0.85      0.48  0.        1297.337       4237.774       7501.038    0.000  -0.138   0.380   0.
  2017 352  7 30  5 497 352.312563623      -0.71      0.84      0.44  0.        1296.026       4239.006       7501.300    0.000  -0.138   0.380   0.
  2017 352  7 30  6 497 352.312575197      -0.68      0.87      0.46  0.        1294.714       4240.237       7501.562    0.000  -0.138   0.380   0.
  2017 352  7 30  7 497 352.312586771      -0.68      0.84      0.44  0.        1293.402       4241.469       7501.823    0.000  -0.138   0.380   0.
  2017 352  7 30  8 497 352.312598345      -0.66      0.87      0.43  0.        1292.089       4242.700       7502.084    0.000  -0.138   0.380   0.
  2017 352  7 30  9 497 352.312609919      -0.68      0.88      0.42  0.        1290.777       4243.930       7502.344    0.000  -0.138   0.380   0.
  2017 352  7 30 10 496 352.312621493      -0.67      0.90      0.45  0.        1289.465       4245.161       7502.603    0.000  -0.138   0.380   0.
  2017 352  7 30 11 496 352.312633067      -0.70      0.86      0.44  0.        1288.152       4246.391       7502.863    0.000  -0.138   0.380   0.
  2017 352  7 30 12 496 352.312644641      -0.65      0.87      0.43  0.        1286.840       4247.621       7503.121    0.000  -0.138   0.380   0.
  2017 352  7 30 13 496 352.312656215      -0.63      0.88      0.41  0.        1285.527       4248.850       7503.379    0.000  -0.138   0.380   0.
  2017 352  7 30 14 496 352.312667789      -0.61      0.87      0.41  0.        1284.215       4250.079       7503.637    0.000  -0.138   0.380   0.
  2017 352  7 30 15 497 352.312679363      -0.63      0.86      0.40  0.        1282.902       4251.308       7503.894    0.000  -0.138   0.380   0.
  2017 352  7 30 16 497 352.312690938      -0.61      0.89      0.41  0.        1281.590       4252.537       7504.151    0.000  -0.138   0.379   0.
  2017 352  7 30 17 496 352.312702512      -0.61      0.87      0.39  0.        1280.277       4253.766       7504.407    0.000  -0.138   0.379   0.
  2017 352  7 30 18 497 352.312714083      -0.62      0.87      0.40  0.        1278.964       4254.994       7504.663    0.000  -0.138   0.380   0.
  2017 352  7 30 19 496 352.312725657      -0.58      0.86      0.43  0.        1277.651       4256.222       7504.918    0.000  -0.138   0.380   0.
  2017 352  7 30 20 496 352.312737231      -0.65      0.86      0.42  0.        1276.338       4257.449       7505.173    0.000  -0.138   0.380   0.
  2017 352  7 30 21 496 352.312748805      -0.67      0.87      0.40  0.        1275.025       4258.677       7505.427    0.000  -0.138   0.380   0.
  2017 352  7 30 22 496 352.312760379      -0.67      0.86      0.43  0.        1273.711       4259.904       7505.681    0.000  -0.138   0.380   0.
  2017 352  7 30 23 496 352.312771953      -0.68      0.87      0.45  0.        1272.398       4261.131       7505.934    0.000  -0.138   0.380   0.
  2017 352  7 30 24 496 352.312783527      -0.68      0.87      0.47  0.        1271.085       4262.357       7506.187    0.000  -0.138   0.380   0.
  2017 352  7 30 25 496 352.312795101      -0.71      0.83      0.44  0.        1269.771       4263.583       7506.440    0.000  -0.138   0.380   0.
  2017 352  7 30 26 496 352.312806675      -0.69      0.83      0.47  0.        1268.458       4264.809       7506.691    0.000  -0.138   0.380   0.
  2017 352  7 30 27 496 352.312818249      -0.72      0.85      0.42  0.        1267.144       4266.035       7506.943    0.000  -0.138   0.380   0.
  2017 352  7 30 28 496 352.312829823      -0.72      0.87      0.42  0.        1265.830       4267.261       7507.194    0.000  -0.138   0.380   0.
  2017 352  7 30 29 496 352.312841398      -0.71      0.85      0.39  0.        1264.516       4268.486       7507.444    0.000  -0.138   0.380   0.
  2017 352  7 30 30 496 352.312852972      -0.73      0.87      0.39  0.        1263.203       4269.711       7507.694    0.000  -0.138   0.379   0.
  2017 352  7 30 31 496 352.312864546      -0.73      0.85      0.39  0.        1261.889       4270.935       7507.944    0.000  -0.138   0.379   0.
  2017 352  7 30 32 496 352.312876120      -0.70      0.86      0.39  0.        1260.574       4272.160       7508.193    0.000  -0.138   0.380   0.
  2017 352  7 30 33 496 352.312887694      -0.71      0.87      0.37  0.        1259.260       4273.384       7508.441    0.000  -0.138   0.380   0.
  2017 352  7 30 34 496 352.312899268      -0.70      0.88      0.39  0.        1257.946       4274.608       7508.689    0.000  -0.138   0.379   0.
  2017 352  7 30 35 496 352.312910842      -0.68      0.87      0.38  0.        1256.632       4275.831       7508.937    0.000  -0.138   0.379   0.
  2017 352  7 30 36 496 352.312922416      -0.68      0.87      0.37  0.        1255.317       4277.054       7509.184    0.000  -0.138   0.379   0.
  2017 352  7 30 37 496 352.312933990      -0.66      0.86      0.40  0.        1254.003       4278.277       7509.430    0.000  -0.138   0.379   0.
  2017 352  7 30 38 496 352.312945564      -0.66      0.87      0.40  0.        1252.688       4279.500       7509.676    0.000  -0.138   0.379   0.
  2017 352  7 30 39 496 352.312957138      -0.65      0.86      0.40  0.        1251.374       4280.722       7509.922    0.000  -0.138   0.379   0.
  2017 352  7 30 40 496 352.312968712      -0.62      0.88      0.38  0.        1250.059       4281.945       7510.167    0.000  -0.138   0.380   0.
  2017 352  7 30 41 496 352.312980286      -0.60      0.85      0.41  0.        1248.744       4283.166       7510.412    0.000  -0.138   0.380   0.
  2017 352  7 30 42 496 352.312991861      -0.64      0.86      0.40  0.        1247.429       4284.388       7510.656    0.000  -0.138   0.379   0.
  2017 352  7 30 43 496 352.313003435      -0.68      0.87      0.37  0.        1246.114       4285.609       7510.899    0.000  -0.138   0.379   0.
  2017 352  7 30 44 496 352.313015009      -0.68      0.85      0.40  0.        1244.799       4286.830       7511.143    0.000  -0.138   0.380   0.
  2017 352  7 30 45 496 352.313026583      -0.71      0.87      0.39  0.        1243.484       4288.051       7511.385    0.000  -0.138   0.380   0.
  2017 352  7 30 46 496 352.313038154      -0.75      0.88      0.38  0.        1242.169       4289.272       7511.628    0.000  -0.138   0.379   0.
  2017 352  7 30 47 496 352.313049728      -0.72      0.89      0.36  0.        1240.854       4290.492       7511.869    0.000  -0.138   0.379   0.
  2017 352  7 30 48 496 352.313061302      -0.72      0.90      0.36  0.        1239.539       4291.712       7512.110    0.000  -0.138   0.380   0.
  2017 352  7 30 49 496 352.313072876      -0.74      0.91      0.37  0.        1238.223       4292.932       7512.351    0.000  -0.138   0.380   0.
  2017 352  7 30 50 496 352.313084450      -0.64      0.87      0.35  0.        1236.908       4294.151       7512.592    0.000  -0.138   0.380   0.
  2017 352  7 30 51 496 352.313096024      -0.63      0.88      0.38  0.        1235.592       4295.370       7512.831    0.000  -0.138   0.380   0.
  2017 352  7 30 52 496 352.313107598      -0.65      0.89      0.38  0.        1234.276       4296.589       7513.071    0.000  -0.138   0.380   0.
  2017 352  7 30 53 496 352.313119172      -0.65      0.89      0.39  0.        1232.961       4297.808       7513.310    0.000  -0.138   0.380   0.
  2017 352  7 30 54 496 352.313130747      -0.61      0.89      0.41  0.        1231.645       4299.026       7513.548    0.000  -0.138   0.380   0.
  2017 352  7 30 55 496 352.313142321      -0.69      0.88      0.38  0.        1230.329       4300.244       7513.786    0.000  -0.138   0.380   0.
  2017 352  7 30 56 496 352.313153895      -0.66      0.91      0.41  0.        1229.013       4301.462       7514.023    0.000  -0.138   0.380   0.
  2017 352  7 30 57 496 352.313165469      -0.59      0.90      0.42  0.        1227.697       4302.679       7514.260    0.000  -0.138   0.380   0.
  2017 352  7 30 58 496 352.313177043      -0.64      0.92      0.41  0.        1226.381       4303.896       7514.497    0.000  -0.138   0.380   0.
  2017 352  7 30 59 496 352.313188617      -0.56      0.91      0.48  0.        1225.065       4305.113       7514.733    0.000  -0.138   0.380   0.
  2017 352  7 31  0 496 352.313200191      -0.55      0.89      0.44  0.        1223.748       4306.330       7514.968    0.000  -0.138   0.379   0.
  2017 352  7 31  1 496 352.313211765      -0.57      0.92      0.42  0.        1222.432       4307.546       7515.203    0.000  -0.138   0.379   0.
  2017 352  7 31  2 496 352.313223339      -0.51      0.87      0.47  0.        1221.115       4308.762       7515.438    0.000  -0.138   0.380   0.
  2017 352  7 31  3 496 352.313234913      -0.59      0.85      0.42  0.        1219.799       4309.978       7515.672    0.000  -0.138   0.380   0.
  2017 352  7 31  4 496 352.313246487      -0.59      0.86      0.41  0.        1218.482       4311.194       7515.905    0.000  -0.138   0.380   0.
  2017 352  7 31  5 496 352.313258061      -0.50      0.86      0.43  0.        1217.166       4312.409       7516.138    0.000  -0.138   0.380   0.
  2017 352  7 31  6 496 352.313269635      -0.58      0.87      0.41  0.        1215.849       4313.624       7516.371    0.000  -0.138   0.380   0.
  2017 352  7 31  7 496 352.313281210      -0.61      0.86      0.42  0.        1214.532       4314.839       7516.603    0.000  -0.138   0.380   0.
  2017 352  7 31  8 496 352.313292784      -0.51      0.86      0.45  0.        1213.215       4316.053       7516.835    0.000  -0.138   0.380   0.
  2017 352  7 31  9 496 352.313304358      -0.54      0.85      0.44  0.        1211.898       4317.268       7517.066    0.000  -0.138   0.380   0.
  2017 352  7 31 10 496 352.313315932      -0.60      0.86      0.41  0.        1210.581       4318.481       7517.296    0.000  -0.138   0.380   0.
  2017 352  7 31 11 496 352.313327506      -0.59      0.85      0.39  0.        1209.264       4319.695       7517.527    0.000  -0.138   0.380   0.
  2017 352  7 31 12 496 352.313339080      -0.60      0.85      0.41  0.        1207.947       4320.908       7517.756    0.000  -0.138   0.380   0.
  2017 352  7 31 13 496 352.313350654      -0.65      0.86      0.41  0.        1206.630       4322.121       7517.986    0.000  -0.138   0.380   0.
  2017 352  7 31 14 496 352.313362228      -0.62      0.85      0.41  0.        1205.312       4323.334       7518.214    0.000  -0.138   0.380   0.
  2017 352  7 31 15 496 352.313373802      -0.62      0.87      0.42  0.        1203.995       4324.547       7518.443    0.000  -0.138   0.380   0.
  2017 352  7 31 16 496 352.313385376      -0.61      0.88      0.43  0.        1202.677       4325.759       7518.670    0.000  -0.138   0.380   0.
  2017 352  7 31 17 496 352.313396950      -0.63      0.90      0.41  0.        1201.359       4326.971       7518.898    0.000  -0.138   0.380   0.
  2017 352  7 31 18 496 352.313408522      -0.59      0.91      0.40  0.        1200.042       4328.183       7519.125    0.000  -0.138   0.379   0.
  2017 352  7 31 19 496 352.313420096      -0.61      0.90      0.42  0.        1198.724       4329.394       7519.351    0.000  -0.138   0.379   0.
  2017 352  7 31 20 496 352.313431670      -0.60      0.88      0.43  0.        1197.406       4330.605       7519.577    0.000  -0.138   0.379   0.
  2017 352  7 31 21 496 352.313443244      -0.58      0.93      0.41  0.        1196.088       4331.816       7519.802    0.000  -0.138   0.379   0.
  2017 352  7 31 22 496 352.313454818      -0.57      0.92      0.42  0.        1194.770       4333.027       7520.027    0.000  -0.138   0.379   0.
  2017 352  7 31 23 496 352.313466392      -0.59      0.89      0.40  0.        1193.452       4334.237       7520.251    0.000  -0.138   0.379   0.
  2017 352  7 31 24 496 352.313477966      -0.59      0.89      0.42  0.        1192.134       4335.447       7520.475    0.000  -0.138   0.380   0.
  2017 352  7 31 25 496 352.313489540      -0.57      0.86      0.43  0.        1190.816       4336.657       7520.699    0.000  -0.138   0.380   0.
  2017 352  7 31 26 496 352.313501114      -0.61      0.83      0.42  0.        1189.498       4337.866       7520.922    0.000  -0.138   0.379   0.
  2017 352  7 31 27 496 352.313512688      -0.58      0.79      0.42  0.        1188.179       4339.076       7521.145    0.000  -0.138   0.379   0.
  2017 352  7 31 28 496 352.313524262      -0.60      0.81      0.44  0.        1186.861       4340.285       7521.367    0.000  -0.138   0.380   0.
  2017 352  7 31 29 496 352.313535836      -0.54      0.78      0.44  0.        1185.542       4341.493       7521.588    0.000  -0.138   0.380   0.
  2017 352  7 31 30 496 352.313547410      -0.59      0.84      0.41  0.        1184.224       4342.702       7521.809    0.000  -0.138   0.379   0.
  2017 352  7 31 31 496 352.313558984      -0.60      0.84      0.36  0.        1182.905       4343.910       7522.030    0.000  -0.138   0.379   0.
  2017 352  7 31 32 496 352.313570558      -0.64      0.85      0.34  0.        1181.586       4345.118       7522.250    0.000  -0.138   0.379   0.
  2017 352  7 31 33 496 352.313582133      -0.63      0.78      0.39  0.        1180.267       4346.325       7522.470    0.000  -0.138   0.379   0.
  2017 352  7 31 34 496 352.313593707      -0.51      0.76      0.43  0.        1178.949       4347.533       7522.689    0.000  -0.138   0.380   0.
  2017 352  7 31 35 496 352.313605281      -0.49      0.76      0.46  0.        1177.630       4348.740       7522.908    0.000  -0.138   0.380   0.
  2017 352  7 31 36 496 352.313616855      -0.46      0.70      0.39  0.        1176.311       4349.946       7523.126    0.000  -0.138   0.379   0.
  2017 352  7 31 37 496 352.313628429      -0.49      0.71      0.39  0.        1174.992       4351.153       7523.344    0.000  -0.138   0.379   0.
  2017 352  7 31 38 496 352.313640003      -0.45      0.75      0.40  0.        1173.672       4352.359       7523.561    0.000  -0.138   0.379   0.
  2017 352  7 31 39 496 352.313651577      -0.45      0.74      0.40  0.        1172.353       4353.565       7523.778    0.000  -0.138   0.379   0.
  2017 352  7 31 40 496 352.313663151      -0.42      0.70      0.39  0.        1171.034       4354.770       7523.994    0.000  -0.138   0.380   0.
  2017 352  7 31 41 496 352.313674725      -0.45      0.72      0.39  0.        1169.714       4355.976       7524.210    0.000  -0.138   0.380   0.
  2017 352  7 31 42 496 352.313686299      -0.49      0.77      0.43  0.        1168.395       4357.181       7524.425    0.000  -0.138   0.379   0.
  2017 352  7 31 43 496 352.313697873      -0.47      0.78      0.45  0.        1167.075       4358.386       7524.640    0.000  -0.138   0.379   0.
  2017 352  7 31 44 496 352.313709447      -0.49      0.80      0.48  0.        1165.756       4359.590       7524.854    0.000  -0.138   0.380   0.
  2017 352  7 31 45 496 352.313721021      -0.47      0.82      0.46  0.        1164.436       4360.795       7525.068    0.000  -0.138   0.380   0.
  2017 352  7 31 46 495 352.313732593      -0.45      0.83      0.45  0.        1163.116       4361.999       7525.282    0.000  -0.138   0.380   0.
  2017 352  7 31 47 496 352.313744167      -0.44      0.81      0.47  0.        1161.796       4363.202       7525.495    0.000  -0.138   0.380   0.
  2017 352  7 31 48 496 352.313755741      -0.43      0.79      0.45  0.        1160.476       4364.406       7525.707    0.000  -0.138   0.379   0.
  2017 352  7 31 49 496 352.313767315      -0.44      0.77      0.47  0.        1159.156       4365.609       7525.919    0.000  -0.138   0.379   0.
  2017 352  7 31 50 496 352.313778889      -0.43      0.79      0.47  0.        1157.836       4366.812       7526.131    0.000  -0.138   0.380   0.
  2017 352  7 31 51 496 352.313790463      -0.48      0.79      0.44  0.        1156.516       4368.014       7526.342    0.000  -0.138   0.380   0.
  2017 352  7 31 52 495 352.313802037      -0.48      0.75      0.42  0.        1155.196       4369.217       7526.553    0.000  -0.138   0.380   0.
  2017 352  7 31 53 495 352.313813611      -0.44      0.75      0.38  0.        1153.876       4370.419       7526.763    0.000  -0.138   0.380   0.
  2017 352  7 31 54 495 352.313825185      -0.53      0.77      0.36  0.        1152.555       4371.621       7526.972    0.000  -0.138   0.379   0.
  2017 352  7 31 55 495 352.313836759      -0.51      0.75      0.38  0.        1151.235       4372.822       7527.182    0.000  -0.138   0.379   0.
  2017 352  7 31 56 495 352.313848333      -0.53      0.75      0.35  0.        1149.914       4374.023       7527.390    0.000  -0.138   0.380   0.
  2017 352  7 31 57 496 352.313859907      -0.53      0.74      0.32  0.        1148.594       4375.224       7527.598    0.000  -0.138   0.380   0.
  2017 352  7 31 58 496 352.313871482      -0.54      0.76      0.33  0.        1147.273       4376.425       7527.806    0.000  -0.138   0.379   0.
  2017 352  7 31 59 495 352.313883056      -0.53      0.74      0.32  0.        1145.952       4377.626       7528.013    0.000  -0.138   0.379   0.
  2017 352  7 32  0 495 352.313894630      -0.55      0.79      0.36  0.        1144.632       4378.826       7528.220    0.000  -0.138   0.379   0.
  2017 352  7 32  1 496 352.313906204      -0.53      0.78      0.39  0.        1143.311       4380.025       7528.427    0.000  -0.138   0.379   0.
  2017 352  7 32  2 496 352.313917778      -0.52      0.77      0.42  0.        1141.990       4381.225       7528.632    0.000  -0.138   0.380   0.
  2017 352  7 32  3 496 352.313929352      -0.47      0.75      0.42  0.        1140.669       4382.424       7528.838    0.000  -0.138   0.380   0.
  2017 352  7 32  4 496 352.313940926      -0.48      0.82      0.43  0.        1139.348       4383.623       7529.043    0.000  -0.138   0.379   0.
  2017 352  7 32  5 496 352.313952500      -0.49      0.82      0.40  0.        1138.026       4384.822       7529.247    0.000  -0.138   0.379   0.
  2017 352  7 32  6 495 352.313964074      -0.47      0.84      0.39  0.        1136.705       4386.020       7529.451    0.000  -0.138   0.380   0.
  2017 352  7 32  7 495 352.313975648      -0.40      0.83      0.39  0.        1135.384       4387.219       7529.654    0.000  -0.138   0.380   0.
  2017 352  7 32  8 495 352.313987222      -0.38      0.82      0.39  0.        1134.063       4388.417       7529.858    0.000  -0.138   0.379   0.
  2017 352  7 32  9 495 352.313998796      -0.37      0.84      0.35  0.        1132.741       4389.614       7530.060    0.000  -0.138   0.379   0.
  2017 352  7 32 10 496 352.314010370      -0.38      0.87      0.37  0.        1131.420       4390.812       7530.262    0.000  -0.138   0.379   0.
  2017 352  7 32 11 496 352.314021944      -0.43      0.82      0.40  0.        1130.098       4392.009       7530.464    0.000  -0.138   0.379   0.
  2017 352  7 32 12 495 352.314033519      -0.65      0.86      0.34  0.        1128.776       4393.205       7530.665    0.000  -0.138   0.380   0.
  2017 352  7 32 13 495 352.314045093      -0.58      0.84      0.41  0.        1127.455       4394.402       7530.865    0.000  -0.138   0.380   0.
  2017 352  7 32 14 496 352.314056667      -0.45      0.83      0.46  0.        1126.133       4395.598       7531.065    0.000  -0.138   0.380   0.
  2017 352  7 32 15 496 352.314068241      -0.46      0.84      0.48  0.        1124.811       4396.794       7531.265    0.000  -0.138   0.380   0.
  2017 352  7 32 16 496 352.314079812      -0.38      0.79      0.47  0.        1123.489       4397.990       7531.464    0.000  -0.138   0.380   0.
  2017 352  7 32 17 495 352.314091386      -0.39      0.80      0.43  0.        1122.167       4399.185       7531.663    0.000  -0.138   0.380   0.
  2017 352  7 32 18 495 352.314102960      -0.51      0.79      0.34  0.        1120.845       4400.380       7531.861    0.000  -0.138   0.379   0.
  2017 352  7 32 19 495 352.314114534      -0.51      0.82      0.37  0.        1119.523       4401.575       7532.059    0.000  -0.138   0.379   0.
  2017 352  7 32 20 495 352.314126108      -0.51      0.80      0.35  0.        1118.200       4402.770       7532.256    0.000  -0.138   0.379   0.
  2017 352  7 32 21 495 352.314137682      -0.53      0.81      0.36  0.        1116.878       4403.964       7532.453    0.000  -0.138   0.379   0.
  2017 352  7 32 22 495 352.314149256      -0.55      0.82      0.36  0.        1115.556       4405.158       7532.649    0.000  -0.138   0.380   0.
  2017 352  7 32 23 495 352.314160830      -0.54      0.79      0.34  0.        1114.233       4406.352       7532.845    0.000  -0.138   0.380   0.
  2017 352  7 32 24 495 352.314172405      -0.54      0.82      0.33  0.        1112.911       4407.546       7533.041    0.000  -0.138   0.379   0.
  2017 352  7 32 25 495 352.314183979      -0.50      0.75      0.32  0.        1111.588       4408.739       7533.236    0.000  -0.138   0.379   0.
  2017 352  7 32 26 495 352.314195553      -0.52      0.74      0.31  0.        1110.266       4409.932       7533.430    0.000  -0.138   0.380   0.
  2017 352  7 32 27 495 352.314207127      -0.55      0.82      0.31  0.        1108.943       4411.124       7533.624    0.000  -0.138   0.380   0.
  2017 352  7 32 28 495 352.314218701      -0.53      0.76      0.30  0.        1107.620       4412.317       7533.818    0.000  -0.138   0.380   0.
  2017 352  7 32 29 495 352.314230275      -0.57      0.76      0.26  0.        1106.297       4413.509       7534.011    0.000  -0.138   0.380   0.
  2017 352  7 32 30 495 352.314241849      -0.57      0.77      0.25  0.        1104.974       4414.701       7534.203    0.000  -0.138   0.379   0.
  2017 352  7 32 31 495 352.314253423      -0.59      0.76      0.25  0.        1103.651       4415.892       7534.395    0.000  -0.138   0.379   0.
  2017 352  7 32 32 495 352.314264997      -0.60      0.74      0.30  0.        1102.328       4417.084       7534.587    0.000  -0.138   0.379   0.
  2017 352  7 32 33 495 352.314276571      -0.63      0.75      0.27  0.        1101.005       4418.275       7534.778    0.000  -0.138   0.379   0.
  2017 352  7 32 34 495 352.314288145      -0.51      0.65      0.32  0.        1099.682       4419.465       7534.969    0.000  -0.138   0.380   0.
  2017 352  7 32 35 495 352.314299719      -0.51      0.71      0.28  0.        1098.359       4420.656       7535.159    0.000  -0.138   0.380   0.
  2017 352  7 32 36 495 352.314311293      -0.54      0.72      0.27  0.        1097.035       4421.846       7535.349    0.000  -0.138   0.379   0.
  2017 352  7 32 37 495 352.314322867      -0.56      0.75      0.28  0.        1095.712       4423.036       7535.538    0.000  -0.138   0.379   0.
  2017 352  7 32 38 495 352.314334442      -0.56      0.74      0.28  0.        1094.389       4424.225       7535.727    0.000  -0.138   0.379   0.
  2017 352  7 32 39 495 352.314346016      -0.52      0.76      0.27  0.        1093.065       4425.415       7535.915    0.000  -0.138   0.379   0.
  2017 352  7 32 40 495 352.314357590      -0.57      0.74      0.20  0.        1091.741       4426.604       7536.103    0.000  -0.138   0.380   0.
  2017 352  7 32 41 495 352.314369164      -0.54      0.71      0.24  0.        1090.418       4427.793       7536.290    0.000  -0.138   0.380   0.
  2017 352  7 32 42 495 352.314380738      -0.52      0.72      0.27  0.        1089.094       4428.981       7536.477    0.000  -0.138   0.379   0.
  2017 352  7 32 43 495 352.314392312      -0.59      0.74      0.23  0.        1087.770       4430.169       7536.664    0.000  -0.138   0.379   0.
  2017 352  7 32 44 495 352.314403883      -0.63      0.76      0.23  0.        1086.446       4431.357       7536.849    0.000  -0.138   0.379   0.
  2017 352  7 32 45 495 352.314415457      -0.62      0.74      0.21  0.        1085.122       4432.545       7537.035    0.000  -0.138   0.379   0.
  2017 352  7 32 46 495 352.314427031      -0.63      0.77      0.22  0.        1083.798       4433.732       7537.220    0.000  -0.138   0.380   0.
  2017 352  7 32 47 495 352.314438605      -0.63      0.82      0.26  0.        1082.474       4434.919       7537.404    0.000  -0.138   0.380   0.
  2017 352  7 32 48 495 352.314450179      -0.53      0.80      0.31  0.        1081.150       4436.106       7537.588    0.000  -0.138   0.380   0.
  2017 352  7 32 49 495 352.314461753      -0.47      0.84      0.35  0.        1079.826       4437.293       7537.772    0.000  -0.138   0.380   0.
  2017 352  7 32 50 495 352.314473328      -0.45      0.83      0.36  0.        1078.502       4438.479       7537.955    0.000  -0.138   0.379   0.
  2017 352  7 32 51 495 352.314484902      -0.48      0.81      0.36  0.        1077.177       4439.665       7538.138    0.000  -0.138   0.379   0.
  2017 352  7 32 52 495 352.314496476      -0.52      0.74      0.31  0.        1075.853       4440.851       7538.320    0.000  -0.138   0.379   0.
  2017 352  7 32 53 495 352.314508050      -0.61      0.71      0.25  0.        1074.528       4442.036       7538.502    0.000  -0.138   0.379   0.
  2017 352  7 32 54 495 352.314519624      -0.56      0.72      0.25  0.        1073.204       4443.222       7538.683    0.000  -0.138   0.379   0.
  2017 352  7 32 55 495 352.314531198      -0.64      0.71      0.16  0.        1071.879       4444.407       7538.864    0.000  -0.138   0.379   0.
  2017 352  7 32 56 495 352.314542772      -0.74      0.69      0.15  0.        1070.554       4445.591       7539.044    0.000  -0.138   0.379   0.
  2017 352  7 32 57 495 352.314554346      -0.72      0.68      0.15  0.        1069.230       4446.775       7539.224    0.000  -0.138   0.379   0.
  2017 352  7 32 58 495 352.314565920      -0.71      0.68      0.11  0.        1067.905       4447.959       7539.403    0.000  -0.138   0.380   0.
  2017 352  7 32 59 495 352.314577494      -0.69      0.67      0.16  0.        1066.580       4449.144       7539.582    0.000  -0.138   0.380   0.
  2017 352  7 33  0 495 352.314589068      -0.63      0.64      0.11  0.        1065.255       4450.327       7539.760    0.000  -0.138   0.379   0.
  2017 352  7 33  1 495 352.314600642      -0.68      0.63      0.06  0.        1063.930       4451.510       7539.938    0.000  -0.138   0.379   0.
  2017 352  7 33  2 495 352.314612216      -0.71      0.63      0.06  0.        1062.605       4452.693       7540.116    0.000  -0.138   0.379   0.
  2017 352  7 33  3 495 352.314623791      -0.65      0.64      0.06  0.        1061.280       4453.876       7540.293    0.000  -0.138   0.379   0.
  2017 352  7 33  4 495 352.314635365      -0.66      0.62      0.06  0.        1059.954       4455.058       7540.469    0.000  -0.138   0.379   0.
  2017 352  7 33  5 495 352.314646939      -0.61      0.61      0.11  0.        1058.629       4456.240       7540.646    0.000  -0.138   0.379   0.
  2017 352  7 33  6 495 352.314658513      -0.69      0.62      0.08  0.        1057.304       4457.422       7540.821    0.000  -0.138   0.380   0.
  2017 352  7 33  7 495 352.314670087      -0.68      0.62      0.07  0.        1055.978       4458.604       7540.996    0.000  -0.138   0.380   0.
  2017 352  7 33  8 495 352.314681661      -0.67      0.54      0.01  0.        1054.653       4459.785       7541.171    0.000  -0.138   0.379   0.
  2017 352  7 33  9 495 352.314693235      -0.74      0.62      0.09  0.        1053.327       4460.966       7541.345    0.000  -0.138   0.379   0.
  2017 352  7 33 10 495 352.314704809      -0.70      0.59      0.07  0.        1052.002       4462.147       7541.519    0.000  -0.138   0.379   0.
  2017 352  7 33 11 495 352.314716383      -0.72      0.59      0.05  0.        1050.676       4463.327       7541.692    0.000  -0.138   0.379   0.
  2017 352  7 33 12 495 352.314727957      -0.77      0.62      0.10  0.        1049.350       4464.507       7541.865    0.000  -0.138   0.380   0.
  2017 352  7 33 13 495 352.314739531      -0.78      0.56      0.04  0.        1048.024       4465.687       7542.037    0.000  -0.138   0.380   0.
  2017 352  7 33 14 495 352.314751103      -0.75      0.62      0.04  0.        1046.699       4466.867       7542.209    0.000  -0.138   0.379   0.
  2017 352  7 33 15 495 352.314762677      -0.81      0.60     -0.07  0.        1045.373       4468.046       7542.380    0.000  -0.138   0.379   0.
  2017 352  7 33 16 495 352.314774251      -0.75      0.58     -0.09  0.        1044.047       4469.225       7542.551    0.000  -0.138   0.379   0.
  2017 352  7 33 17 495 352.314785825      -0.79      0.60     -0.09  0.        1042.721       4470.404       7542.721    0.000  -0.138   0.379   0.
  2017 352  7 33 18 495 352.314797399      -0.75      0.65     -0.09  0.        1041.394       4471.583       7542.891    0.000  -0.138   0.380   0.
  2017 352  7 33 19 495 352.314808973      -0.82      0.49     -0.22  0.        1040.068       4472.761       7543.061    0.000  -0.138   0.380   0.
  2017 352  7 33 20 495 352.314820547      -0.68      0.63     -0.13  0.        1038.742       4473.939       7543.230    0.000  -0.138   0.379   0.
  2017 352  7 33 21 495 352.314832121      -0.78      0.58     -0.21  0.        1037.416       4475.117       7543.398    0.000  -0.138   0.379   0.
  2017 352  7 33 22 495 352.314843695      -0.69      0.58     -0.23  0.        1036.089       4476.294       7543.566    0.000  -0.138   0.379   0.
  2017 352  7 33 23 495 352.314855269      -0.65      0.59     -0.29  0.        1034.763       4477.471       7543.734    0.000  -0.138   0.379   0.
  2017 352  7 33 24 495 352.314866843      -0.57      0.55     -0.20  0.        1033.436       4478.648       7543.901    0.000  -0.138   0.379   0.
  2017 352  7 33 25 495 352.314878417      -0.67      0.62     -0.29  0.        1032.110       4479.825       7544.068    0.000  -0.138   0.379   0.
  2017 352  7 33 26 495 352.314889991      -0.56      0.51     -0.21  0.        1030.783       4481.001       7544.234    0.000  -0.138   0.379   0.
  2017 352  7 33 27 495 352.314901565      -0.60      0.56     -0.25  0.        1029.456       4482.177       7544.400    0.000  -0.138   0.379   0.
  2017 352  7 33 28 495 352.314913139      -0.59      0.54     -0.23  0.        1028.130       4483.353       7544.565    0.000  -0.138   0.380   0.
  2017 352  7 33 29 495 352.314924714      -0.60      0.55     -0.24  0.        1026.803       4484.528       7544.730    0.000  -0.138   0.380   0.
  2017 352  7 33 30 495 352.314936288      -0.57      0.59     -0.19  0.        1025.476       4485.703       7544.894    0.000  -0.138   0.379   0.
  2017 352  7 33 31 495 352.314947862      -0.69      0.44     -0.41  0.        1024.149       4486.878       7545.058    0.000  -0.138   0.379   0.
  2017 352  7 33 32 495 352.314959436      -0.61      0.70     -0.19  0.        1022.822       4488.053       7545.222    0.000  -0.138   0.380   0.
  2017 352  7 33 33 495 352.314971010      -0.71      0.38     -0.38  0.        1021.495       4489.227       7545.384    0.000  -0.138   0.380   0.
  2017 352  7 33 34 495 352.314982584      -0.50      0.68     -0.10  0.        1020.167       4490.401       7545.547    0.000  -0.138   0.379   0.
  2017 352  7 33 35 495 352.314994158      -0.65      0.58     -0.26  0.        1018.840       4491.575       7545.709    0.000  -0.138   0.379   0.
  2017 352  7 33 36 495 352.315005732      -0.62      0.52     -0.25  0.        1017.513       4492.749       7545.870    0.000  -0.138   0.379   0.
  2017 352  7 33 37 495 352.315017306      -0.54      0.55     -0.23  0.        1016.186       4493.922       7546.032    0.000  -0.138   0.379   0.
  2017 352  7 33 38 495 352.315028880      -0.66      0.62     -0.21  0.        1014.858       4495.095       7546.192    0.000  -0.138   0.380   0.
  2017 352  7 33 39 495 352.315040454      -0.50      0.50     -0.17  0.        1013.531       4496.268       7546.352    0.000  -0.138   0.380   0.
  2017 352  7 33 40 495 352.315052028      -0.71      0.50     -0.31  0.        1012.203       4497.440       7546.512    0.000  -0.138   0.379   0.
  2017 352  7 33 41 495 352.315063602      -0.58      0.51     -0.17  0.        1010.875       4498.612       7546.671    0.000  -0.138   0.379   0.
  2017 352  7 33 42 494 352.315075174      -0.62      0.59     -0.17  0.        1009.548       4499.784       7546.830    0.000  -0.138   0.379   0.
  2017 352  7 33 43 495 352.315086748      -0.67      0.49     -0.27  0.        1008.220       4500.956       7546.988    0.000  -0.138   0.379   0.
  2017 352  7 33 44 495 352.315098322      -0.65      0.69      0.01  0.        1006.892       4502.127       7547.146    0.000  -0.138   0.380   0.
  2017 352  7 33 45 495 352.315109896      -0.96      0.52     -0.40  0.        1005.564       4503.298       7547.303    0.000  -0.138   0.380   0.
  2017 352  7 33 46 495 352.315121470      -0.68      0.52     -0.05  0.        1004.237       4504.469       7547.460    0.000  -0.138   0.380   0.
  2017 352  7 33 47 495 352.315133044      -0.71      0.75     -0.12  0.        1002.909       4505.639       7547.616    0.000  -0.138   0.380   0.
  2017 352  7 33 48 494 352.315144618      -0.67      0.53     -0.09  0.        1001.581       4506.809       7547.772    0.000  -0.138   0.379   0.
  2017 352  7 33 49 494 352.315156192      -0.87      0.59     -0.24  0.        1000.253       4507.979       7547.928    0.000  -0.138   0.379   0.
  2017 352  7 33 50 494 352.315167766      -0.76      0.70     -0.03  0.         998.924       4509.149       7548.083    0.000  -0.138   0.380   0.
  2017 352  7 33 51 494 352.315179340      -0.94      0.55     -0.33  0.         997.596       4510.318       7548.237    0.000  -0.138   0.380   0.
  2017 352  7 33 52 495 352.315190914      -0.97      0.76     -0.12  0.         996.268       4511.487       7548.391    0.000  -0.138   0.380   0.
  2017 352  7 33 53 495 352.315202488      -0.82      0.57     -0.11  0.         994.939       4512.656       7548.545    0.000  -0.138   0.380   0.
  2017 352  7 33 54 494 352.315214063      -0.71      0.75     -0.13  0.         993.611       4513.825       7548.698    0.000  -0.138   0.379   0.
  2017 352  7 33 55 494 352.315225637      -0.97      0.55     -0.34  0.         992.283       4514.993       7548.851    0.000  -0.138   0.379   0.
  2017 352  7 33 56 495 352.315237211      -0.89      0.52     -0.15  0.         990.954       4516.161       7549.003    0.000  -0.138   0.379   0.
  2017 352  7 33 57 495 352.315248785      -0.69      0.77     -0.04  0.         989.626       4517.329       7549.154    0.000  -0.138   0.379   0.
  2017 352  7 33 58 495 352.315260359      -1.05      0.66     -0.49  0.         988.297       4518.496       7549.306    0.000  -0.138   0.380   0.
  2017 352  7 33 59 495 352.315271933      -0.98      0.50     -0.18  0.         986.968       4519.663       7549.456    0.000  -0.138   0.380   0.
  2017 352  7 34  0 495 352.315283507      -0.67      0.93     -0.00  0.         985.639       4520.830       7549.607    0.000  -0.138   0.379   0.
  2017 352  7 34  1 494 352.315295081      -0.69      0.57     -0.17  0.         984.311       4521.997       7549.757    0.000  -0.138   0.379   0.
  2017 352  7 34  2 494 352.315306655      -0.78      0.53     -0.37  0.         982.982       4523.163       7549.906    0.000  -0.138   0.379   0.
  2017 352  7 34  3 494 352.315318229      -0.59      0.71      0.01  0.         981.653       4524.329       7550.055    0.000  -0.138   0.379   0.
  2017 352  7 34  4 494 352.315329803      -0.84      0.72     -0.35  0.         980.324       4525.495       7550.203    0.000  -0.138   0.380   0.
  2017 352  7 34  5 494 352.315341377      -0.99      0.30     -0.43  0.         978.995       4526.660       7550.351    0.000  -0.138   0.380   0.
  2017 352  7 34  6 495 352.315352951      -0.54      0.87      0.35  0.         977.666       4527.825       7550.499    0.000  -0.138   0.379   0.
  2017 352  7 34  7 495 352.315364525      -0.75      0.51     -0.32  0.         976.336       4528.990       7550.646    0.000  -0.138   0.379   0.
  2017 352  7 34  8 494 352.315376100      -0.68      0.61     -0.19  0.         975.007       4530.155       7550.793    0.000  -0.138   0.379   0.
  2017 352  7 34  9 494 352.315387674      -0.62      0.64     -0.20  0.         973.678       4531.319       7550.939    0.000  -0.138   0.379   0.
  2017 352  7 34 10 495 352.315399248      -1.18      0.38     -0.67  0.         972.348       4532.483       7551.084    0.000  -0.138   0.380   0.
  2017 352  7 34 11 495 352.315410822      -1.02      0.75      0.28  0.         971.019       4533.647       7551.230    0.000  -0.138   0.380   0.
  2017 352  7 34 12 495 352.315422393      -0.49      0.49     -0.17  0.         969.689       4534.811       7551.374    0.000  -0.138   0.380   0.
  2017 352  7 34 13 494 352.315433967      -0.48      0.86      0.15  0.         968.360       4535.974       7551.519    0.000  -0.138   0.380   0.
  2017 352  7 34 14 494 352.315445541      -0.86      0.28     -0.39  0.         967.030       4537.137       7551.663    0.000  -0.138   0.379   0.
  2017 352  7 34 15 494 352.315457115      -0.57      0.69     -0.11  0.         965.701       4538.300       7551.806    0.000  -0.138   0.379   0.
  2017 352  7 34 16 494 352.315468689      -0.44      0.73     -0.15  0.         964.371       4539.462       7551.949    0.000  -0.138   0.380   0.
  2017 352  7 34 17 494 352.315480263      -0.62      0.46     -0.22  0.         963.041       4540.624       7552.091    0.000  -0.138   0.380   0.
  2017 352  7 34 18 494 352.315491837      -0.75      0.65     -0.46  0.         961.711       4541.786       7552.233    0.000  -0.138   0.380   0.
  2017 352  7 34 19 494 352.315503411      -0.74      0.35     -0.22  0.         960.381       4542.947       7552.375    0.000  -0.138   0.380   0.
  2017 352  7 34 20 494 352.315514986      -0.67      0.46      0.03  0.         959.051       4544.109       7552.516    0.000  -0.138   0.379   0.
  2017 352  7 34 21 494 352.315526560      -0.59      0.74     -0.09  0.         957.721       4545.270       7552.656    0.000  -0.138   0.379   0.
  2017 352  7 34 22 494 352.315538134      -0.99      0.53     -0.40  0.         956.391       4546.430       7552.796    0.000  -0.138   0.380   0.
  2017 352  7 34 23 494 352.315549708      -0.51      0.42     -0.11  0.         955.061       4547.591       7552.936    0.000  -0.138   0.380   0.
  2017 352  7 34 24 494 352.315561282      -0.55      0.97     -0.22  0.         953.731       4548.751       7553.075    0.000  -0.138   0.380   0.
  2017 352  7 34 25 494 352.315572856      -1.17      0.34     -0.56  0.         952.401       4549.911       7553.214    0.000  -0.138   0.380   0.
  2017 352  7 34 26 494 352.315584430      -0.85      0.33     -0.45  0.         951.070       4551.070       7553.352    0.000  -0.138   0.379   0.
  2017 352  7 34 27 494 352.315596004      -0.53      1.26     -0.33  0.         949.740       4552.230       7553.490    0.000  -0.138   0.379   0.
  2017 352  7 34 28 494 352.315607578      -2.13     -0.03     -0.36  0.         948.409       4553.389       7553.627    0.000  -0.138   0.380   0.
  2017 352  7 34 29 494 352.315619152      -1.03      0.94      0.01  0.         947.079       4554.548       7553.764    0.000  -0.138   0.380   0.
  2017 352  7 34 30 494 352.315630726       0.24      1.30      0.36  0.         945.748       4555.706       7553.900    0.000  -0.138   0.380   0.
  2017 352  7 34 31 494 352.315642300      -0.71      0.49     -0.39  0.         944.418       4556.864       7554.036    0.000  -0.138   0.380   0.
  2017 352  7 34 32 494 352.315653874      -0.99      0.69     -0.40  0.         943.087       4558.022       7554.172    0.000  -0.138   0.379   0.
  2017 352  7 34 33 494 352.315665448      -0.75      0.37     -0.41  0.         941.756       4559.180       7554.307    0.000  -0.138   0.379   0.
  2017 352  7 34 34 494 352.315677023      -0.53      0.82     -0.06  0.         940.426       4560.337       7554.441    0.000  -0.138   0.380   0.
  2017 352  7 34 35 494 352.315688597      -0.90      0.27     -0.49  0.         939.095       4561.494       7554.575    0.000  -0.138   0.380   0.
  2017 352  7 34 36 494 352.315700171      -0.39      0.73      0.06  0.         937.764       4562.651       7554.709    0.000  -0.138   0.380   0.
  2017 352  7 34 37 494 352.315711745      -0.77      0.61     -0.34  0.         936.433       4563.808       7554.842    0.000  -0.138   0.380   0.
  2017 352  7 34 38 494 352.315723319      -0.64      0.54     -0.15  0.         935.102       4564.964       7554.975    0.000  -0.138   0.379   0.
  2017 352  7 34 39 494 352.315734893      -0.67      0.70     -0.15  0.         933.771       4566.120       7555.107    0.000  -0.138   0.379   0.
  2017 352  7 34 40 494 352.315746464      -0.73      0.68     -0.24  0.         932.440       4567.276       7555.239    0.000  -0.138   0.380   0.
  2017 352  7 34 41 494 352.315758038      -0.97      0.43     -0.33  0.         931.109       4568.431       7555.370    0.000  -0.138   0.380   0.
  2017 352  7 34 42 494 352.315769612      -0.77      0.54      0.02  0.         929.777       4569.586       7555.501    0.000  -0.138   0.379   0.
  2017 352  7 34 43 494 352.315781186      -0.88      0.83     -0.16  0.         928.446       4570.741       7555.631    0.000  -0.138   0.379   0.
  2017 352  7 34 44 494 352.315792760      -0.99      0.47     -0.32  0.         927.115       4571.896       7555.761    0.000  -0.138   0.380   0.
  2017 352  7 34 45 494 352.315804334      -0.85      0.89      0.03  0.         925.783       4573.050       7555.891    0.000  -0.138   0.380   0.
  2017 352  7 34 46 494 352.315815909      -1.07      0.75     -0.25  0.         924.452       4574.204       7556.020    0.000  -0.138   0.379   0.
  2017 352  7 34 47 494 352.315827483      -0.89      0.75     -0.13  0.         923.120       4575.358       7556.148    0.000  -0.138   0.379   0.
  2017 352  7 34 48 494 352.315839057      -0.83      0.73     -0.08  0.         921.789       4576.511       7556.276    0.000  -0.138   0.379   0.
  2017 352  7 34 49 494 352.315850631      -0.94      0.75     -0.29  0.         920.457       4577.665       7556.404    0.000  -0.138   0.379   0.
  2017 352  7 34 50 494 352.315862205      -1.09      0.70     -0.29  0.         919.125       4578.817       7556.531    0.000  -0.138   0.380   0.
  2017 352  7 34 51 494 352.315873779      -1.02      0.75     -0.14  0.         917.794       4579.970       7556.658    0.000  -0.138   0.380   0.
  2017 352  7 34 52 494 352.315885353      -0.93      0.73     -0.13  0.         916.462       4581.122       7556.784    0.000  -0.138   0.379   0.
  2017 352  7 34 53 494 352.315896927      -0.91      0.79     -0.08  0.         915.130       4582.274       7556.910    0.000  -0.138   0.379   0.
  2017 352  7 34 54 494 352.315908501      -0.84      0.68     -0.09  0.         913.798       4583.426       7557.035    0.000  -0.138   0.379   0.
  2017 352  7 34 55 494 352.315920075      -0.81      0.70     -0.07  0.         912.466       4584.578       7557.160    0.000  -0.138   0.379   0.
  2017 352  7 34 56 494 352.315931649      -0.86      0.71     -0.11  0.         911.134       4585.729       7557.284    0.000  -0.138   0.380   0.
  2017 352  7 34 57 494 352.315943223      -0.86      0.66     -0.09  0.         909.802       4586.880       7557.408    0.000  -0.138   0.380   0.
  2017 352  7 34 58 494 352.315954798      -0.84      0.72     -0.08  0.         908.470       4588.031       7557.531    0.000  -0.138   0.379   0.
  2017 352  7 34 59 494 352.315966371      -0.87      0.68     -0.13  0.         907.138       4589.181       7557.655    0.000  -0.138   0.379   0.
  2017 352  7 35  0 494 352.315977946      -0.93      0.66     -0.11  0.         905.805       4590.331       7557.777    0.000  -0.138   0.380   0.
  2017 352  7 35  1 494 352.315989520      -0.80      0.66     -0.08  0.         904.473       4591.481       7557.899    0.000  -0.138   0.380   0.
  2017 352  7 35  2 494 352.316001094      -0.89      0.70     -0.14  0.         903.141       4592.631       7558.021    0.000  -0.138   0.379   0.
  2017 352  7 35  3 494 352.316012668      -0.88      0.69     -0.12  0.         901.808       4593.780       7558.142    0.000  -0.138   0.379   0.
  2017 352  7 35  4 494 352.316024242      -0.97      0.72     -0.13  0.         900.476       4594.929       7558.263    0.000  -0.138   0.380   0.
  2017 352  7 35  5 494 352.316035816      -1.04      0.74     -0.14  0.         899.143       4596.078       7558.383    0.000  -0.138   0.380   0.
  2017 352  7 35  6 494 352.316047390      -1.04      0.73     -0.13  0.         897.811       4597.226       7558.503    0.000  -0.138   0.380   0.
  2017 352  7 35  7 494 352.316058964      -1.05      0.74     -0.09  0.         896.478       4598.374       7558.622    0.000  -0.138   0.380   0.
  2017 352  7 35  8 494 352.316070538      -1.11      0.80     -0.11  0.         895.145       4599.522       7558.741    0.000  -0.138   0.379   0.
  2017 352  7 35  9 494 352.316082112      -1.02      0.76     -0.12  0.         893.813       4600.670       7558.859    0.000  -0.138   0.379   0.
  2017 352  7 35 10 494 352.316093684      -0.97      0.75     -0.14  0.         892.480       4601.817       7558.977    0.000  -0.138   0.380   0.
  2017 352  7 35 11 494 352.316105258      -0.96      0.72     -0.14  0.         891.147       4602.964       7559.094    0.000  -0.138   0.380   0.
  2017 352  7 35 12 494 352.316116832      -0.98      0.73     -0.18  0.         889.814       4604.111       7559.211    0.000  -0.138   0.379   0.
  2017 352  7 35 13 494 352.316128406      -0.95      0.71     -0.21  0.         888.481       4605.257       7559.328    0.000  -0.138   0.379   0.
  2017 352  7 35 14 494 352.316139980      -0.93      0.68     -0.14  0.         887.148       4606.404       7559.444    0.000  -0.138   0.380   0.
  2017 352  7 35 15 494 352.316151554      -0.92      0.65     -0.21  0.         885.815       4607.549       7559.560    0.000  -0.138   0.380   0.
  2017 352  7 35 16 494 352.316163128      -0.85      0.62     -0.23  0.         884.482       4608.695       7559.675    0.000  -0.138   0.380   0.
  2017 352  7 35 17 494 352.316174702      -0.85      0.60     -0.27  0.         883.149       4609.840       7559.790    0.000  -0.138   0.380   0.
  2017 352  7 35 18 494 352.316186276      -0.94      0.67     -0.32  0.         881.816       4610.986       7559.904    0.000  -0.138   0.379   0.
  2017 352  7 35 19 494 352.316197850      -0.95      0.60     -0.27  0.         880.482       4612.130       7560.018    0.000  -0.138   0.379   0.
  2017 352  7 35 20 494 352.316209424      -0.92      0.65     -0.16  0.         879.149       4613.275       7560.131    0.000  -0.138   0.380   0.
  2017 352  7 35 21 494 352.316220998      -0.95      0.66     -0.16  0.         877.816       4614.419       7560.244    0.000  -0.138   0.380   0.
  2017 352  7 35 22 494 352.316232572      -0.95      0.68     -0.16  0.         876.482       4615.563       7560.356    0.000  -0.138   0.379   0.
  2017 352  7 35 23 494 352.316244146      -0.86      0.66     -0.11  0.         875.149       4616.707       7560.468    0.000  -0.138   0.379   0.
  2017 352  7 35 24 494 352.316255720      -0.86      0.68     -0.09  0.         873.815       4617.850       7560.580    0.000  -0.138   0.379   0.
  2017 352  7 35 25 494 352.316267295      -0.85      0.68     -0.11  0.         872.482       4618.993       7560.691    0.000  -0.138   0.379   0.
  2017 352  7 35 26 494 352.316278869      -0.80      0.66     -0.12  0.         871.148       4620.136       7560.801    0.000  -0.138   0.380   0.
  2017 352  7 35 27 494 352.316290443      -0.81      0.72     -0.11  0.         869.814       4621.279       7560.911    0.000  -0.138   0.380   0.
  2017 352  7 35 28 494 352.316302017      -0.86      0.72     -0.10  0.         868.480       4622.421       7561.021    0.000  -0.138   0.379   0.
  2017 352  7 35 29 494 352.316313591      -0.85      0.73     -0.08  0.         867.147       4623.563       7561.130    0.000  -0.138   0.379   0.
  2017 352  7 35 30 494 352.316325165      -0.90      0.76     -0.05  0.         865.813       4624.705       7561.239    0.000  -0.138   0.379   0.
  2017 352  7 35 31 494 352.316336739      -0.96      0.74     -0.02  0.         864.479       4625.846       7561.347    0.000  -0.138   0.379   0.
  2017 352  7 35 32 494 352.316348313      -0.96      0.72     -0.01  0.         863.145       4626.987       7561.455    0.000  -0.138   0.380   0.
  2017 352  7 35 33 494 352.316359887      -1.03      0.72     -0.03  0.         861.811       4628.128       7561.563    0.000  -0.138   0.380   0.
  2017 352  7 35 34 494 352.316371461      -0.99      0.72     -0.04  0.         860.477       4629.269       7561.669    0.000  -0.138   0.380   0.
  2017 352  7 35 35 494 352.316383035      -1.00      0.74      0.00  0.         859.143       4630.409       7561.776    0.000  -0.138   0.380   0.
  2017 352  7 35 36 494 352.316394609      -0.99      0.75      0.01  0.         857.809       4631.549       7561.882    0.000  -0.138   0.380   0.
  2017 352  7 35 37 494 352.316406183      -1.04      0.78      0.03  0.         856.474       4632.689       7561.987    0.000  -0.138   0.380   0.
  2017 352  7 35 38 493 352.316417755      -1.05      0.79      0.04  0.         855.140       4633.829       7562.093    0.000  -0.138   0.379   0.
  2017 352  7 35 39 494 352.316429329      -1.08      0.79      0.02  0.         853.806       4634.968       7562.197    0.000  -0.138   0.379   0.
  2017 352  7 35 40 494 352.316440903      -1.04      0.80      0.08  0.         852.471       4636.107       7562.301    0.000  -0.138   0.380   0.
  2017 352  7 35 41 494 352.316452477      -1.04      0.80      0.06  0.         851.137       4637.245       7562.405    0.000  -0.138   0.380   0.
  2017 352  7 35 42 494 352.316464051      -1.01      0.83      0.05  0.         849.802       4638.384       7562.508    0.000  -0.138   0.380   0.
  2017 352  7 35 43 494 352.316475625      -1.04      0.86      0.12  0.         848.468       4639.522       7562.611    0.000  -0.138   0.380   0.
  2017 352  7 35 44 493 352.316487199      -1.05      0.84      0.09  0.         847.133       4640.660       7562.713    0.000  -0.138   0.379   0.
  2017 352  7 35 45 493 352.316498773      -1.04      0.82      0.10  0.         845.799       4641.797       7562.815    0.000  -0.138   0.379   0.
  2017 352  7 35 46 493 352.316510347      -1.14      0.88      0.05  0.         844.464       4642.934       7562.917    0.000  -0.138   0.379   0.
  2017 352  7 35 47 493 352.316521921      -1.08      0.85      0.03  0.         843.129       4644.071       7563.018    0.000  -0.138   0.379   0.
  2017 352  7 35 48 494 352.316533495      -1.05      0.84      0.05  0.         841.794       4645.208       7563.118    0.000  -0.138   0.380   0.
  2017 352  7 35 49 494 352.316545069      -1.02      0.85      0.07  0.         840.460       4646.344       7563.218    0.000  -0.138   0.380   0.
  2017 352  7 35 50 493 352.316556644      -1.06      0.87      0.07  0.         839.125       4647.480       7563.318    0.000  -0.138   0.379   0.
  2017 352  7 35 51 493 352.316568218      -1.12      0.88      0.10  0.         837.790       4648.616       7563.417    0.000  -0.138   0.379   0.
  2017 352  7 35 52 494 352.316579792      -1.04      0.81      0.06  0.         836.455       4649.752       7563.516    0.000  -0.138   0.380   0.
  2017 352  7 35 53 494 352.316591366      -1.08      0.82      0.12  0.         835.120       4650.887       7563.614    0.000  -0.138   0.380   0.
  2017 352  7 35 54 494 352.316602940      -1.10      0.82      0.13  0.         833.785       4652.022       7563.712    0.000  -0.138   0.379   0.
  2017 352  7 35 55 494 352.316614514      -1.09      0.87      0.10  0.         832.449       4653.157       7563.809    0.000  -0.138   0.379   0.
  2017 352  7 35 56 494 352.316626088      -1.11      0.92      0.11  0.         831.114       4654.291       7563.905    0.000  -0.138   0.379   0.
  2017 352  7 35 57 493 352.316637662      -1.15      0.96      0.09  0.         829.779       4655.426       7564.002    0.000  -0.138   0.379   0.
  2017 352  7 35 58 493 352.316649236      -1.12      0.97      0.11  0.         828.444       4656.560       7564.098    0.000  -0.138   0.380   0.
  2017 352  7 35 59 493 352.316660810      -1.16      0.98      0.11  0.         827.108       4657.693       7564.193    0.000  -0.138   0.380   0.
  2017 352  7 36  0 493 352.316672384      -1.22      0.98      0.10  0.         825.773       4658.826       7564.289    0.000  -0.138   0.380   0.
  2017 352  7 36  1 493 352.316683958      -1.34      0.99      0.10  0.         824.438       4659.959       7564.383    0.000  -0.138   0.380   0.
  2017 352  7 36  2 494 352.316695532      -1.39      0.96      0.13  0.         823.102       4661.092       7564.477    0.000  -0.138   0.379   0.
  2017 352  7 36  3 494 352.316707106      -1.35      0.95      0.14  0.         821.767       4662.225       7564.571    0.000  -0.138   0.379   0.
  2017 352  7 36  4 493 352.316718681      -1.30      0.97      0.14  0.         820.431       4663.357       7564.664    0.000  -0.138   0.380   0.
  2017 352  7 36  5 493 352.316730255      -1.38      1.02      0.17  0.         819.095       4664.489       7564.757    0.000  -0.138   0.380   0.
  2017 352  7 36  6 494 352.316741829      -1.39      1.04      0.16  0.         817.760       4665.621       7564.849    0.000  -0.138   0.379   0.
  2017 352  7 36  7 494 352.316753403      -1.34      0.99      0.13  0.         816.424       4666.752       7564.941    0.000  -0.138   0.379   0.
  2017 352  7 36  8 494 352.316764974      -1.38      0.98      0.08  0.         815.088       4667.883       7565.032    0.000  -0.138   0.379   0.
  2017 352  7 36  9 493 352.316776548      -1.42      1.03      0.15  0.         813.752       4669.014       7565.123    0.000  -0.138   0.379   0.
  2017 352  7 36 10 493 352.316788122      -1.54      1.01      0.12  0.         812.416       4670.144       7565.214    0.000  -0.138   0.380   0.
  2017 352  7 36 11 493 352.316799696      -1.55      0.97      0.28  0.         811.080       4671.275       7565.304    0.000  -0.138   0.380   0.
  2017 352  7 36 12 493 352.316811270      -1.40      0.80      0.26  0.         809.745       4672.404       7565.393    0.000  -0.138   0.379   0.
  2017 352  7 36 13 493 352.316822844      -1.18      0.89      0.18  0.         808.409       4673.534       7565.482    0.000  -0.138   0.379   0.
  2017 352  7 36 14 493 352.316834418      -1.00      1.07      0.16  0.         807.072       4674.664       7565.571    0.000  -0.138   0.379   0.
  2017 352  7 36 15 493 352.316845992      -0.99      1.19      0.17  0.         805.736       4675.793       7565.659    0.000  -0.138   0.379   0.
  2017 352  7 36 16 493 352.316857567      -1.09      1.12      0.16  0.         804.400       4676.922       7565.747    0.000  -0.138   0.380   0.
  2017 352  7 36 17 493 352.316869141      -1.30      1.03      0.15  0.         803.064       4678.050       7565.834    0.000  -0.138   0.380   0.
  2017 352  7 36 18 493 352.316880715      -1.38      1.03      0.16  0.         801.728       4679.178       7565.921    0.000  -0.138   0.379   0.
  2017 352  7 36 19 493 352.316892289      -1.49      1.07      0.10  0.         800.391       4680.306       7566.007    0.000  -0.138   0.379   0.
  2017 352  7 36 20 493 352.316903863      -1.44      1.01      0.08  0.         799.055       4681.434       7566.093    0.000  -0.138   0.380   0.
  2017 352  7 36 21 493 352.316915437      -1.40      1.08      0.15  0.         797.718       4682.562       7566.179    0.000  -0.138   0.380   0.
  2017 352  7 36 22 493 352.316927011      -1.43      1.04      0.18  0.         796.382       4683.689       7566.264    0.000  -0.138   0.380   0.
  2017 352  7 36 23 493 352.316938585      -1.41      1.09      0.22  0.         795.045       4684.816       7566.348    0.000  -0.138   0.380   0.
  2017 352  7 36 24 493 352.316950159      -1.19      1.09      0.37  0.         793.709       4685.942       7566.432    0.000  -0.138   0.379   0.
  2017 352  7 36 25 493 352.316961733      -1.14      1.05      0.39  0.         792.372       4687.068       7566.516    0.000  -0.138   0.379   0.
  2017 352  7 36 26 493 352.316973307      -1.18      0.99      0.46  0.         791.036       4688.194       7566.599    0.000  -0.138   0.380   0.
  2017 352  7 36 27 493 352.316984881      -1.17      1.09      0.47  0.         789.699       4689.320       7566.682    0.000  -0.138   0.380   0.
  2017 352  7 36 28 493 352.316996455      -1.15      1.07      0.46  0.         788.362       4690.446       7566.764    0.000  -0.138   0.379   0.
  2017 352  7 36 29 493 352.317008029      -1.39      1.10      0.30  0.         787.025       4691.571       7566.846    0.000  -0.138   0.379   0.
  2017 352  7 36 30 493 352.317019604      -1.47      1.24      0.40  0.         785.689       4692.696       7566.928    0.000  -0.138   0.380   0.
  2017 352  7 36 31 493 352.317031178      -1.50      1.07      0.47  0.         784.352       4693.820       7567.009    0.000  -0.138   0.380   0.
  2017 352  7 36 32 493 352.317042752      -1.38      1.13      0.39  0.         783.015       4694.945       7567.089    0.000  -0.138   0.380   0.
  2017 352  7 36 33 493 352.317054326      -1.41      1.06      0.46  0.         781.678       4696.069       7567.169    0.000  -0.138   0.380   0.
  2017 352  7 36 34 493 352.317065900      -1.45      1.16      0.48  0.         780.341       4697.193       7567.249    0.000  -0.138   0.379   0.
  2017 352  7 36 35 493 352.317077474      -1.32      1.00      0.42  0.         779.004       4698.316       7567.328    0.000  -0.138   0.379   0.
  2017 352  7 36 36 493 352.317089048      -1.29      1.08      0.43  0.         777.667       4699.439       7567.406    0.000  -0.138   0.380   0.
  2017 352  7 36 37 493 352.317100622      -1.22      0.94      0.48  0.         776.329       4700.562       7567.485    0.000  -0.138   0.380   0.
  2017 352  7 36 38 493 352.317112194      -1.13      1.00      0.42  0.         774.992       4701.685       7567.562    0.000  -0.138   0.380   0.
  2017 352  7 36 39 493 352.317123767      -1.08      0.93      0.41  0.         773.655       4702.807       7567.640    0.000  -0.138   0.380   0.
  2017 352  7 36 40 493 352.317135341      -1.24      1.03      0.17  0.         772.318       4703.929       7567.716    0.000  -0.138   0.379   0.
  2017 352  7 36 41 493 352.317146915      -1.16      0.97      0.26  0.         770.980       4705.051       7567.793    0.000  -0.138   0.379   0.
  2017 352  7 36 42 493 352.317158490      -1.15      0.97      0.27  0.         769.643       4706.173       7567.869    0.000  -0.138   0.380   0.
  2017 352  7 36 43 493 352.317170064      -1.16      0.96      0.32  0.         768.305       4707.294       7567.944    0.000  -0.138   0.380   0.
  2017 352  7 36 44 493 352.317181638      -1.14      0.94      0.25  0.         766.968       4708.415       7568.019    0.000  -0.138   0.380   0.
  2017 352  7 36 45 493 352.317193212      -1.18      0.97      0.25  0.         765.630       4709.536       7568.094    0.000  -0.138   0.380   0.
  2017 352  7 36 46 493 352.317204786      -1.21      0.98      0.23  0.         764.293       4710.656       7568.168    0.000  -0.138   0.379   0.
  2017 352  7 36 47 493 352.317216360      -1.21      0.97      0.28  0.         762.955       4711.777       7568.242    0.000  -0.138   0.379   0.
  2017 352  7 36 48 493 352.317227934      -1.15      0.95      0.37  0.         761.617       4712.896       7568.315    0.000  -0.138   0.379   0.
  2017 352  7 36 49 493 352.317239508      -1.11      0.92      0.35  0.         760.280       4714.016       7568.388    0.000  -0.138   0.379   0.
  2017 352  7 36 50 493 352.317251082      -1.10      0.90      0.25  0.         758.942       4715.135       7568.460    0.000  -0.138   0.380   0.
  2017 352  7 36 51 493 352.317262656      -1.01      0.86      0.29  0.         757.604       4716.254       7568.532    0.000  -0.138   0.380   0.
  2017 352  7 36 52 493 352.317274230      -1.05      0.88      0.17  0.         756.266       4717.373       7568.603    0.000  -0.138   0.380   0.
  2017 352  7 36 53 493 352.317285804      -1.01      0.85      0.21  0.         754.928       4718.491       7568.674    0.000  -0.138   0.380   0.
  2017 352  7 36 54 493 352.317297379      -1.11      0.86      0.14  0.         753.590       4719.609       7568.745    0.000  -0.138   0.379   0.
  2017 352  7 36 55 493 352.317308953      -1.01      0.88      0.14  0.         752.252       4720.727       7568.815    0.000  -0.138   0.379   0.
  2017 352  7 36 56 493 352.317320527      -1.10      0.90      0.07  0.         750.914       4721.845       7568.885    0.000  -0.138   0.380   0.
  2017 352  7 36 57 493 352.317332101      -1.05      0.83      0.22  0.         749.576       4722.962       7568.954    0.000  -0.138   0.380   0.
  2017 352  7 36 58 493 352.317343675      -1.13      0.86      0.13  0.         748.238       4724.079       7569.022    0.000  -0.138   0.380   0.
  2017 352  7 36 59 493 352.317355249      -1.15      0.98      0.12  0.         746.900       4725.196       7569.091    0.000  -0.138   0.380   0.
  2017 352  7 37  0 493 352.317366823      -1.12      0.92      0.12  0.         745.562       4726.312       7569.158    0.000  -0.138   0.379   0.
  2017 352  7 37  1 493 352.317378397      -1.13      0.92      0.03  0.         744.224       4727.429       7569.226    0.000  -0.138   0.379   0.
  2017 352  7 37  2 493 352.317389971      -1.31      0.98      0.12  0.         742.885       4728.544       7569.293    0.000  -0.138   0.380   0.
  2017 352  7 37  3 493 352.317401545      -1.41      0.98      0.07  0.         741.547       4729.660       7569.359    0.000  -0.138   0.380   0.
  2017 352  7 37  4 493 352.317413119      -1.42      1.07     -0.10  0.         740.209       4730.775       7569.425    0.000  -0.138   0.380   0.
  2017 352  7 37  5 493 352.317424693      -1.71      1.02     -0.15  0.         738.870       4731.890       7569.491    0.000  -0.138   0.380   0.
  2017 352  7 37  6 493 352.317436265      -1.43      1.22     -0.29  0.         737.532       4733.005       7569.556    0.000  -0.138   0.379   0.
  2017 352  7 37  7 493 352.317447839      -1.67      1.42      0.10  0.         736.193       4734.120       7569.620    0.000  -0.138   0.379   0.
  2017 352  7 37  8 493 352.317459413      -1.41      1.10      0.06  0.         734.854       4735.234       7569.685    0.000  -0.138   0.379   0.
  2017 352  7 37  9 493 352.317470987      -1.43      1.26      0.23  0.         733.516       4736.348       7569.748    0.000  -0.138   0.379   0.
  2017 352  7 37 10 493 352.317482561      -1.17      1.34      0.37  0.         732.177       4737.462       7569.812    0.000  -0.138   0.380   0.
  2017 352  7 37 11 493 352.317494135      -1.43      0.97      0.46  0.         730.839       4738.575       7569.874    0.000  -0.138   0.380   0.
  2017 352  7 37 12 493 352.317505709      -1.15      1.11      0.53  0.         729.500       4739.688       7569.937    0.000  -0.138   0.380   0.
  2017 352  7 37 13 493 352.317517283      -1.32      1.20      0.39  0.         728.161       4740.801       7569.999    0.000  -0.138   0.380   0.
  2017 352  7 37 14 493 352.317528857      -1.38      0.99      0.26  0.         726.822       4741.913       7570.060    0.000  -0.138   0.379   0.
  2017 352  7 37 15 493 352.317540431      -1.33      0.94      0.09  0.         725.483       4743.026       7570.121    0.000  -0.138   0.379   0.
  2017 352  7 37 16 493 352.317552005      -1.26      1.02      0.25  0.         724.144       4744.138       7570.182    0.000  -0.138   0.380   0.
  2017 352  7 37 17 493 352.317563579      -1.20      0.85      0.34  0.         722.805       4745.249       7570.242    0.000  -0.138   0.380   0.
  2017 352  7 37 18 493 352.317575153      -1.12      0.97      0.03  0.         721.466       4746.361       7570.302    0.000  -0.138   0.379   0.
  2017 352  7 37 19 493 352.317586727      -1.17      1.21     -0.01  0.         720.127       4747.472       7570.361    0.000  -0.138   0.379   0.
  2017 352  7 37 20 493 352.317598302      -1.23      1.20      0.48  0.         718.788       4748.583       7570.420    0.000  -0.138   0.380   0.
  2017 352  7 37 21 493 352.317609876      -1.48      1.01     -0.40  0.         717.449       4749.693       7570.478    0.000  -0.138   0.380   0.
  2017 352  7 37 22 493 352.317621450      -1.20      1.14      0.10  0.         716.110       4750.803       7570.536    0.000  -0.138   0.379   0.
  2017 352  7 37 23 493 352.317633024      -1.71      1.04      0.61  0.         714.771       4751.913       7570.593    0.000  -0.138   0.379   0.
  2017 352  7 37 24 493 352.317644598      -1.61      0.80      0.67  0.         713.432       4753.023       7570.650    0.000  -0.138   0.380   0.
  2017 352  7 37 25 493 352.317656172      -1.24      1.08      0.29  0.         712.092       4754.133       7570.707    0.000  -0.138   0.380   0.
  2017 352  7 37 26 493 352.317667746      -0.66      1.42      0.44  0.         710.753       4755.242       7570.763    0.000  -0.138   0.380   0.
  2017 352  7 37 27 493 352.317679320      -1.24      1.02      0.72  0.         709.413       4756.351       7570.819    0.000  -0.138   0.380   0.
  2017 352  7 37 28 493 352.317690894      -1.12      0.90      0.52  0.         708.074       4757.459       7570.874    0.000  -0.138   0.379   0.
  2017 352  7 37 29 493 352.317702468      -1.04      0.85      0.41  0.         706.735       4758.568       7570.929    0.000  -0.138   0.379   0.
  2017 352  7 37 30 493 352.317714042      -0.85      0.96      0.75  0.         705.395       4759.676       7570.983    0.000  -0.138   0.380   0.
  2017 352  7 37 31 493 352.317725616      -1.18      0.76      0.17  0.         704.056       4760.783       7571.037    0.000  -0.138   0.380   0.
  2017 352  7 37 32 493 352.317737190      -1.02      0.92      0.24  0.         702.716       4761.891       7571.090    0.000  -0.138   0.380   0.
  2017 352  7 37 33 493 352.317748764      -1.17      0.88      0.15  0.         701.376       4762.998       7571.143    0.000  -0.138   0.380   0.
  2017 352  7 37 34 493 352.317760339      -1.19      0.94      0.28  0.         700.037       4764.105       7571.196    0.000  -0.138   0.379   0.
  2017 352  7 37 35 493 352.317771913      -1.17      0.89      0.33  0.         698.697       4765.211       7571.248    0.000  -0.138   0.379   0.
  2017 352  7 37 36 493 352.317783484      -1.03      0.87      0.35  0.         697.357       4766.318       7571.299    0.000  -0.138   0.379   0.
  2017 352  7 37 37 493 352.317795058      -1.09      0.83      0.25  0.         696.017       4767.424       7571.350    0.000  -0.138   0.379   0.
  2017 352  7 37 38 493 352.317806632      -1.08      0.89      0.25  0.         694.678       4768.530       7571.401    0.000  -0.138   0.380   0.
  2017 352  7 37 39 492 352.317818206      -1.06      0.85      0.15  0.         693.338       4769.635       7571.451    0.000  -0.138   0.380   0.
  2017 352  7 37 40 492 352.317829780      -1.19      0.83      0.20  0.         691.998       4770.740       7571.501    0.000  -0.138   0.379   0.
  2017 352  7 37 41 492 352.317841354      -1.10      0.76      0.26  0.         690.658       4771.845       7571.551    0.000  -0.138   0.379   0.
  2017 352  7 37 42 492 352.317852928      -1.13      0.76      0.18  0.         689.318       4772.950       7571.599    0.000  -0.138   0.379   0.
  2017 352  7 37 43 492 352.317864502      -1.13      0.76      0.20  0.         687.978       4774.054       7571.648    0.000  -0.138   0.379   0.
  2017 352  7 37 44 493 352.317876076      -1.11      0.77      0.15  0.         686.638       4775.158       7571.696    0.000  -0.138   0.380   0.
  2017 352  7 37 45 493 352.317887650      -1.02      0.82      0.16  0.         685.298       4776.262       7571.744    0.000  -0.138   0.380   0.
  2017 352  7 37 46 492 352.317899225      -1.07      0.79      0.07  0.         683.957       4777.366       7571.791    0.000  -0.138   0.380   0.
  2017 352  7 37 47 492 352.317910799      -1.02      0.79      0.05  0.         682.617       4778.469       7571.837    0.000  -0.138   0.380   0.
  2017 352  7 37 48 493 352.317922373      -1.02      0.85      0.06  0.         681.277       4779.572       7571.884    0.000  -0.138   0.379   0.
  2017 352  7 37 49 493 352.317933947      -0.95      0.75      0.10  0.         679.937       4780.674       7571.929    0.000  -0.138   0.379   0.
  2017 352  7 37 50 493 352.317945521      -0.95      0.76      0.12  0.         678.596       4781.777       7571.975    0.000  -0.138   0.380   0.
  2017 352  7 37 51 493 352.317957095      -1.04      0.80      0.19  0.         677.256       4782.879       7572.020    0.000  -0.138   0.380   0.
  2017 352  7 37 52 493 352.317968669      -1.00      0.76      0.25  0.         675.916       4783.981       7572.064    0.000  -0.138   0.380   0.
  2017 352  7 37 53 492 352.317980243      -1.00      0.75      0.16  0.         674.575       4785.082       7572.108    0.000  -0.138   0.380   0.
  2017 352  7 37 54 492 352.317991817      -0.97      0.73      0.20  0.         673.235       4786.184       7572.151    0.000  -0.138   0.379   0.
  2017 352  7 37 55 492 352.318003391      -0.90      0.74      0.16  0.         671.894       4787.284       7572.195    0.000  -0.138   0.379   0.
  2017 352  7 37 56 492 352.318014965      -0.96      0.81      0.09  0.         670.554       4788.385       7572.237    0.000  -0.138   0.379   0.
  2017 352  7 37 57 493 352.318026539      -0.99      0.82      0.12  0.         669.213       4789.486       7572.279    0.000  -0.138   0.379   0.
  2017 352  7 37 58 493 352.318038113      -0.90      0.78      0.23  0.         667.872       4790.586       7572.321    0.000  -0.138   0.379   0.
  2017 352  7 37 59 492 352.318049688      -0.95      0.85      0.18  0.         666.532       4791.686       7572.362    0.000  -0.138   0.379   0.
  2017 352  7 38  0 492 352.318061262      -0.91      0.83      0.21  0.         665.191       4792.785       7572.403    0.000  -0.138   0.379   0.
  2017 352  7 38  1 493 352.318072836      -0.90      0.80      0.19  0.         663.850       4793.884       7572.444    0.000  -0.138   0.379   0.
  2017 352  7 38  2 493 352.318084410      -0.89      0.79      0.26  0.         662.509       4794.983       7572.484    0.000  -0.138   0.380   0.
  2017 352  7 38  3 493 352.318095984      -0.88      0.81      0.24  0.         661.169       4796.082       7572.523    0.000  -0.138   0.380   0.
  2017 352  7 38  4 493 352.318107555      -0.86      0.77      0.22  0.         659.828       4797.181       7572.562    0.000  -0.138   0.379   0.
  2017 352  7 38  5 492 352.318119129      -0.92      0.79      0.12  0.         658.487       4798.279       7572.601    0.000  -0.138   0.379   0.
  2017 352  7 38  6 492 352.318130703      -0.98      0.79      0.21  0.         657.146       4799.377       7572.639    0.000  -0.138   0.380   0.
  2017 352  7 38  7 492 352.318142277      -1.00      0.82      0.18  0.         655.805       4800.474       7572.677    0.000  -0.138   0.380   0.
  2017 352  7 38  8 492 352.318153851      -1.04      0.82      0.21  0.         654.464       4801.571       7572.714    0.000  -0.138   0.379   0.
  2017 352  7 38  9 492 352.318165425      -1.03      0.82      0.21  0.         653.123       4802.668       7572.751    0.000  -0.138   0.379   0.
  2017 352  7 38 10 492 352.318176999      -1.04      0.80      0.20  0.         651.782       4803.765       7572.787    0.000  -0.138   0.380   0.
  2017 352  7 38 11 492 352.318188573      -1.07      0.84      0.21  0.         650.440       4804.862       7572.823    0.000  -0.138   0.380   0.
  2017 352  7 38 12 492 352.318200148      -1.09      0.84      0.15  0.         649.099       4805.958       7572.859    0.000  -0.138   0.380   0.
  2017 352  7 38 13 492 352.318211722      -1.02      0.87      0.20  0.         647.758       4807.054       7572.894    0.000  -0.138   0.380   0.
  2017 352  7 38 14 492 352.318223296      -1.09      0.87      0.20  0.         646.417       4808.149       7572.928    0.000  -0.138   0.380   0.
  2017 352  7 38 15 492 352.318234870      -1.09      0.86      0.20  0.         645.075       4809.245       7572.963    0.000  -0.138   0.380   0.
  2017 352  7 38 16 492 352.318246444      -1.11      0.91      0.22  0.         643.734       4810.340       7572.996    0.000  -0.138   0.380   0.
  2017 352  7 38 17 492 352.318258018      -1.09      0.91      0.31  0.         642.393       4811.434       7573.030    0.000  -0.138   0.380   0.
  2017 352  7 38 18 492 352.318269592      -1.04      0.82      0.38  0.         641.051       4812.529       7573.063    0.000  -0.138   0.380   0.
  2017 352  7 38 19 492 352.318281166      -0.98      0.79      0.27  0.         639.710       4813.623       7573.094    0.000  -0.138   0.380   0.
  2017 352  7 38 20 492 352.318292740      -0.98      0.77      0.22  0.         638.368       4814.717       7573.127    0.000  -0.138   0.380   0.
  2017 352  7 38 21 492 352.318304314      -1.03      0.79      0.19  0.         637.027       4815.811       7573.158    0.000  -0.138   0.380   0.
  2017 352  7 38 22 492 352.318315888      -0.95      0.80      0.17  0.         635.685       4816.904       7573.189    0.000  -0.138   0.380   0.
  2017 352  7 38 23 492 352.318327462      -0.95      0.84      0.18  0.         634.344       4817.997       7573.220    0.000  -0.138   0.380   0.
  2017 352  7 38 24 492 352.318339036      -1.06      0.88      0.11  0.         633.002       4819.090       7573.250    0.000  -0.138   0.380   0.
  2017 352  7 38 25 492 352.318350611      -1.06      0.89      0.20  0.         631.660       4820.182       7573.280    0.000  -0.138   0.380   0.
  2017 352  7 38 26 492 352.318362185      -1.11      0.88      0.07  0.         630.319       4821.274       7573.309    0.000  -0.138   0.380   0.
  2017 352  7 38 27 492 352.318373759      -1.00      0.91      0.19  0.         628.977       4822.366       7573.338    0.000  -0.138   0.380   0.
  2017 352  7 38 28 492 352.318385333      -1.11      0.90      0.11  0.         627.635       4823.458       7573.366    0.000  -0.138   0.379   0.
  2017 352  7 38 29 492 352.318396907      -1.10      0.90      0.13  0.         626.293       4824.549       7573.394    0.000  -0.138   0.379   0.
  2017 352  7 38 30 492 352.318408481      -1.00      0.91      0.20  0.         624.951       4825.640       7573.422    0.000  -0.138   0.379   0.
  2017 352  7 38 31 492 352.318420055      -1.04      0.90      0.26  0.         623.610       4826.731       7573.449    0.000  -0.138   0.379   0.
  2017 352  7 38 32 492 352.318431629      -1.02      0.88      0.27  0.         622.268       4827.822       7573.475    0.000  -0.138   0.379   0.
  2017 352  7 38 33 492 352.318443203      -1.03      0.84      0.19  0.         620.926       4828.912       7573.501    0.000  -0.138   0.379   0.
  2017 352  7 38 34 492 352.318454775      -1.01      0.82      0.20  0.         619.584       4830.002       7573.527    0.000  -0.138   0.380   0.
  2017 352  7 38 35 492 352.318466348      -0.93      0.81      0.26  0.         618.242       4831.092       7573.552    0.000  -0.138   0.380   0.
  2017 352  7 38 36 492 352.318477922      -0.90      0.78      0.22  0.         616.900       4832.181       7573.577    0.000  -0.138   0.380   0.
  2017 352  7 38 37 492 352.318489497      -0.98      0.81      0.18  0.         615.557       4833.270       7573.602    0.000  -0.138   0.380   0.
  2017 352  7 38 38 492 352.318501071      -0.99      0.83      0.20  0.         614.215       4834.359       7573.625    0.000  -0.138   0.379   0.
  2017 352  7 38 39 492 352.318512645      -1.05      0.77      0.19  0.         612.873       4835.448       7573.649    0.000  -0.138   0.379   0.
  2017 352  7 38 40 492 352.318524219      -0.96      0.80      0.28  0.         611.531       4836.536       7573.672    0.000  -0.138   0.380   0.
  2017 352  7 38 41 492 352.318535793      -0.91      0.78      0.31  0.         610.189       4837.624       7573.695    0.000  -0.138   0.380   0.
  2017 352  7 38 42 492 352.318547367      -0.90      0.79      0.24  0.         608.846       4838.711       7573.717    0.000  -0.138   0.379   0.
  2017 352  7 38 43 492 352.318558941      -0.95      0.79      0.21  0.         607.504       4839.799       7573.739    0.000  -0.138   0.379   0.
  2017 352  7 38 44 492 352.318570515      -0.92      0.81      0.24  0.         606.162       4840.886       7573.760    0.000  -0.138   0.380   0.
  2017 352  7 38 45 492 352.318582089      -0.95      0.84      0.26  0.         604.819       4841.973       7573.781    0.000  -0.138   0.380   0.
  2017 352  7 38 46 492 352.318593663      -0.97      0.83      0.23  0.         603.477       4843.059       7573.801    0.000  -0.138   0.380   0.
  2017 352  7 38 47 492 352.318605237      -0.94      0.82      0.24  0.         602.134       4844.146       7573.821    0.000  -0.138   0.380   0.
  2017 352  7 38 48 492 352.318616811      -1.00      0.80      0.20  0.         600.792       4845.232       7573.840    0.000  -0.138   0.379   0.
  2017 352  7 38 49 492 352.318628385      -0.89      0.82      0.24  0.         599.449       4846.317       7573.859    0.000  -0.138   0.379   0.
  2017 352  7 38 50 492 352.318639960      -0.87      0.78      0.19  0.         598.107       4847.403       7573.878    0.000  -0.138   0.379   0.
  2017 352  7 38 51 492 352.318651534      -0.86      0.78      0.18  0.         596.764       4848.488       7573.896    0.000  -0.138   0.379   0.
  2017 352  7 38 52 492 352.318663108      -0.87      0.72      0.17  0.         595.421       4849.573       7573.914    0.000  -0.138   0.380   0.
  2017 352  7 38 53 492 352.318674682      -0.81      0.77      0.17  0.         594.079       4850.657       7573.931    0.000  -0.138   0.380   0.
  2017 352  7 38 54 492 352.318686256      -0.85      0.79      0.14  0.         592.736       4851.742       7573.948    0.000  -0.138   0.379   0.
  2017 352  7 38 55 492 352.318697830      -0.85      0.78      0.16  0.         591.393       4852.826       7573.965    0.000  -0.138   0.379   0.
  2017 352  7 38 56 492 352.318709404      -0.89      0.79      0.14  0.         590.051       4853.909       7573.980    0.000  -0.138   0.380   0.
  2017 352  7 38 57 492 352.318720978      -0.92      0.82      0.16  0.         588.708       4854.993       7573.996    0.000  -0.138   0.380   0.
  2017 352  7 38 58 492 352.318732552      -0.88      0.80      0.17  0.         587.365       4856.076       7574.011    0.000  -0.138   0.380   0.
  2017 352  7 38 59 492 352.318744126      -0.87      0.73      0.14  0.         586.022       4857.159       7574.026    0.000  -0.138   0.380   0.
  2017 352  7 39  0 492 352.318755700      -0.91      0.77      0.19  0.         584.679       4858.241       7574.040    0.000  -0.138   0.380   0.
  2017 352  7 39  1 492 352.318767274      -0.91      0.78      0.18  0.         583.336       4859.324       7574.054    0.000  -0.138   0.380   0.
  2017 352  7 39  2 492 352.318778846      -0.98      0.77      0.15  0.         581.993       4860.406       7574.067    0.000  -0.138   0.380   0.
  2017 352  7 39  3 492 352.318790420      -0.96      0.74      0.26  0.         580.650       4861.487       7574.080    0.000  -0.138   0.380   0.
  2017 352  7 39  4 492 352.318801994      -0.89      0.71      0.26  0.         579.307       4862.569       7574.092    0.000  -0.138   0.380   0.
  2017 352  7 39  5 492 352.318813568      -0.84      0.72      0.24  0.         577.964       4863.650       7574.104    0.000  -0.138   0.380   0.
  2017 352  7 39  6 492 352.318825142      -0.80      0.72      0.21  0.         576.621       4864.731       7574.116    0.000  -0.138   0.379   0.
  2017 352  7 39  7 492 352.318836716      -0.80      0.74      0.19  0.         575.278       4865.812       7574.127    0.000  -0.138   0.379   0.
  2017 352  7 39  8 492 352.318848290      -0.82      0.70      0.18  0.         573.934       4866.892       7574.137    0.000  -0.138   0.380   0.
  2017 352  7 39  9 492 352.318859864      -0.84      0.73      0.20  0.         572.591       4867.972       7574.148    0.000  -0.138   0.380   0.
  2017 352  7 39 10 492 352.318871438      -0.80      0.82      0.14  0.         571.248       4869.052       7574.157    0.000  -0.138   0.379   0.
  2017 352  7 39 11 492 352.318883012      -0.80      0.80      0.17  0.         569.905       4870.131       7574.167    0.000  -0.138   0.379   0.
  2017 352  7 39 12 492 352.318894586      -0.84      0.81      0.20  0.         568.561       4871.210       7574.176    0.000  -0.138   0.379   0.
  2017 352  7 39 13 492 352.318906160      -0.85      0.79      0.17  0.         567.218       4872.289       7574.184    0.000  -0.138   0.379   0.
  2017 352  7 39 14 492 352.318917734      -0.82      0.75      0.23  0.         565.875       4873.368       7574.192    0.000  -0.138   0.380   0.
  2017 352  7 39 15 492 352.318929308      -0.84      0.78      0.27  0.         564.531       4874.446       7574.200    0.000  -0.138   0.380   0.
  2017 352  7 39 16 492 352.318940883      -0.88      0.77      0.22  0.         563.188       4875.524       7574.207    0.000  -0.138   0.380   0.
  2017 352  7 39 17 492 352.318952457      -0.85      0.77      0.19  0.         561.844       4876.602       7574.213    0.000  -0.138   0.380   0.
  2017 352  7 39 18 492 352.318964031      -0.83      0.83      0.16  0.         560.501       4877.680       7574.220    0.000  -0.138   0.379   0.
  2017 352  7 39 19 492 352.318975605      -0.83      0.82      0.18  0.         559.157       4878.757       7574.225    0.000  -0.138   0.379   0.
  2017 352  7 39 20 492 352.318987179      -0.77      0.79      0.21  0.         557.814       4879.834       7574.231    0.000  -0.138   0.380   0.
  2017 352  7 39 21 492 352.318998753      -0.83      0.75      0.17  0.         556.470       4880.910       7574.236    0.000  -0.138   0.380   0.
  2017 352  7 39 22 492 352.319010327      -0.82      0.77      0.16  0.         555.126       4881.987       7574.240    0.000  -0.138   0.380   0.
  2017 352  7 39 23 492 352.319021901      -0.87      0.76      0.19  0.         553.783       4883.063       7574.244    0.000  -0.138   0.380   0.
  2017 352  7 39 24 492 352.319033475      -0.87      0.74      0.21  0.         552.439       4884.139       7574.248    0.000  -0.138   0.380   0.
  2017 352  7 39 25 492 352.319045049      -0.90      0.73      0.25  0.         551.095       4885.214       7574.251    0.000  -0.138   0.380   0.
  2017 352  7 39 26 492 352.319056623      -0.85      0.70      0.24  0.         549.751       4886.289       7574.253    0.000  -0.138   0.380   0.
  2017 352  7 39 27 492 352.319068197      -0.84      0.73      0.22  0.         548.408       4887.364       7574.256    0.000  -0.138   0.380   0.
  2017 352  7 39 28 492 352.319079771      -0.84      0.78      0.16  0.         547.064       4888.439       7574.258    0.000  -0.138   0.380   0.
  2017 352  7 39 29 492 352.319091346      -0.94      0.87      0.11  0.         545.720       4889.513       7574.259    0.000  -0.138   0.380   0.
  2017 352  7 39 30 492 352.319102920      -0.94      0.88      0.09  0.         544.376       4890.587       7574.260    0.000  -0.138   0.380   0.
  2017 352  7 39 31 492 352.319114494      -0.94      0.89      0.12  0.         543.032       4891.661       7574.260    0.000  -0.138   0.380   0.
  2017 352  7 39 32 492 352.319126065      -0.94      0.85      0.10  0.         541.688       4892.735       7574.261    0.000  -0.138   0.379   0.
  2017 352  7 39 33 492 352.319137639      -0.94      0.85      0.11  0.         540.344       4893.808       7574.260    0.000  -0.138   0.379   0.
  2017 352  7 39 34 492 352.319149213      -0.90      0.83      0.16  0.         539.000       4894.881       7574.259    0.000  -0.138   0.379   0.
  2017 352  7 39 35 491 352.319160787      -0.85      0.83      0.14  0.         537.656       4895.954       7574.258    0.000  -0.138   0.379   0.
  2017 352  7 39 36 491 352.319172361      -0.83      0.83      0.12  0.         536.312       4897.026       7574.256    0.000  -0.138   0.380   0.
  2017 352  7 39 37 491 352.319183935      -0.84      0.81      0.16  0.         534.968       4898.098       7574.254    0.000  -0.138   0.380   0.
  2017 352  7 39 38 491 352.319195509      -0.81      0.80      0.14  0.         533.624       4899.170       7574.252    0.000  -0.138   0.380   0.
  2017 352  7 39 39 491 352.319207083      -0.84      0.77      0.09  0.         532.279       4900.241       7574.249    0.000  -0.138   0.380   0.
  2017 352  7 39 40 492 352.319218657      -0.84      0.74      0.11  0.         530.935       4901.313       7574.245    0.000  -0.138   0.380   0.
  2017 352  7 39 41 492 352.319230232      -0.84      0.74      0.14  0.         529.591       4902.384       7574.241    0.000  -0.138   0.380   0.
  2017 352  7 39 42 491 352.319241806      -0.85      0.73      0.13  0.         528.247       4903.454       7574.237    0.000  -0.138   0.380   0.
  2017 352  7 39 43 491 352.319253380      -0.86      0.74      0.14  0.         526.902       4904.525       7574.232    0.000  -0.138   0.380   0.
  2017 352  7 39 44 492 352.319264954      -0.85      0.71      0.15  0.         525.558       4905.595       7574.227    0.000  -0.138   0.380   0.
  2017 352  7 39 45 492 352.319276528      -0.89      0.68      0.15  0.         524.214       4906.665       7574.221    0.000  -0.138   0.380   0.
  2017 352  7 39 46 492 352.319288102      -0.88      0.67      0.19  0.         522.869       4907.734       7574.215    0.000  -0.138   0.380   0.
  2017 352  7 39 47 492 352.319299676      -0.86      0.67      0.17  0.         521.525       4908.803       7574.209    0.000  -0.138   0.380   0.
  2017 352  7 39 48 491 352.319311250      -0.90      0.66      0.22  0.         520.180       4909.872       7574.202    0.000  -0.138   0.379   0.
  2017 352  7 39 49 491 352.319322824      -0.88      0.60      0.20  0.         518.836       4910.941       7574.194    0.000  -0.138   0.379   0.
  2017 352  7 39 50 491 352.319334398      -0.94      0.56      0.24  0.         517.491       4912.009       7574.186    0.000  -0.138   0.380   0.
  2017 352  7 39 51 491 352.319345972      -0.96      0.60      0.25  0.         516.147       4913.078       7574.178    0.000  -0.138   0.380   0.
  2017 352  7 39 52 491 352.319357546      -0.92      0.67      0.21  0.         514.802       4914.145       7574.169    0.000  -0.138   0.380   0.
  2017 352  7 39 53 492 352.319369120      -0.97      0.70      0.15  0.         513.458       4915.213       7574.160    0.000  -0.138   0.380   0.
  2017 352  7 39 54 492 352.319380694      -0.91      0.67      0.16  0.         512.113       4916.280       7574.151    0.000  -0.138   0.380   0.
  2017 352  7 39 55 491 352.319392269      -0.94      0.71      0.14  0.         510.768       4917.347       7574.141    0.000  -0.138   0.380   0.
  2017 352  7 39 56 491 352.319403843      -0.91      0.73      0.09  0.         509.424       4918.414       7574.130    0.000  -0.138   0.380   0.
  2017 352  7 39 57 492 352.319415417      -0.95      0.71      0.14  0.         508.079       4919.480       7574.119    0.000  -0.138   0.380   0.
  2017 352  7 39 58 492 352.319426991      -0.95      0.73      0.14  0.         506.734       4920.547       7574.108    0.000  -0.138   0.380   0.
  2017 352  7 39 59 492 352.319438565      -0.95      0.73      0.12  0.         505.389       4921.612       7574.096    0.000  -0.138   0.380   0.
  2017 352  7 40  0 492 352.319450136      -0.95      0.74      0.11  0.         504.045       4922.678       7574.084    0.000  -0.138   0.380   0.
  2017 352  7 40  1 491 352.319461710      -0.94      0.81      0.09  0.         502.700       4923.743       7574.071    0.000  -0.138   0.380   0.
  2017 352  7 40  2 491 352.319473284      -0.93      0.83      0.11  0.         501.355       4924.808       7574.058    0.000  -0.138   0.380   0.
  2017 352  7 40  3 491 352.319484858      -0.89      0.81      0.10  0.         500.010       4925.873       7574.045    0.000  -0.138   0.380   0.
  2017 352  7 40  4 491 352.319496432      -0.90      0.81      0.03  0.         498.665       4926.937       7574.031    0.000  -0.138   0.380   0.
  2017 352  7 40  5 491 352.319508006      -0.92      0.81      0.08  0.         497.320       4928.001       7574.016    0.000  -0.138   0.380   0.
  2017 352  7 40  6 491 352.319519580      -0.84      0.77      0.11  0.         495.975       4929.065       7574.001    0.000  -0.138   0.380   0.
  2017 352  7 40  7 491 352.319531155      -0.93      0.81      0.09  0.         494.630       4930.129       7573.986    0.000  -0.138   0.380   0.
  2017 352  7 40  8 491 352.319542729      -0.90      0.79      0.10  0.         493.285       4931.192       7573.970    0.000  -0.138   0.380   0.
  2017 352  7 40  9 491 352.319554303      -0.88      0.74      0.16  0.         491.940       4932.255       7573.954    0.000  -0.138   0.380   0.
  2017 352  7 40 10 491 352.319565877      -0.81      0.67      0.26  0.         490.595       4933.318       7573.938    0.000  -0.138   0.380   0.
  2017 352  7 40 11 491 352.319577451      -0.64      0.62      0.34  0.         489.250       4934.380       7573.921    0.000  -0.138   0.380   0.
  2017 352  7 40 12 491 352.319589025      -0.65      0.65      0.29  0.         487.905       4935.443       7573.903    0.000  -0.138   0.380   0.
  2017 352  7 40 13 491 352.319600599      -0.70      0.62      0.26  0.         486.559       4936.504       7573.885    0.000  -0.138   0.380   0.
  2017 352  7 40 14 491 352.319612173      -0.61      0.62      0.31  0.         485.214       4937.566       7573.867    0.000  -0.138   0.380   0.
  2017 352  7 40 15 491 352.319623747      -0.64      0.66      0.26  0.         483.869       4938.627       7573.848    0.000  -0.138   0.380   0.
  2017 352  7 40 16 491 352.319635321      -0.64      0.65      0.23  0.         482.524       4939.688       7573.829    0.000  -0.138   0.380   0.
  2017 352  7 40 17 491 352.319646895      -0.66      0.64      0.27  0.         481.178       4940.749       7573.809    0.000  -0.138   0.380   0.
  2017 352  7 40 18 491 352.319658469      -0.69      0.64      0.29  0.         479.833       4941.810       7573.789    0.000  -0.138   0.380   0.
  2017 352  7 40 19 491 352.319670043      -0.61      0.58      0.32  0.         478.488       4942.870       7573.768    0.000  -0.138   0.380   0.
  2017 352  7 40 20 491 352.319681617      -0.57      0.56      0.30  0.         477.142       4943.930       7573.747    0.000  -0.138   0.380   0.
  2017 352  7 40 21 491 352.319693192      -0.51      0.55      0.28  0.         475.797       4944.989       7573.726    0.000  -0.138   0.380   0.
  2017 352  7 40 22 491 352.319704766      -0.48      0.52      0.30  0.         474.451       4946.048       7573.704    0.000  -0.138   0.380   0.
  2017 352  7 40 23 491 352.319716340      -0.52      0.52      0.30  0.         473.106       4947.108       7573.682    0.000  -0.138   0.380   0.
  2017 352  7 40 24 491 352.319727914      -0.50      0.51      0.32  0.         471.760       4948.166       7573.659    0.000  -0.138   0.380   0.
  2017 352  7 40 25 491 352.319739488      -0.50      0.53      0.34  0.         470.415       4949.225       7573.636    0.000  -0.138   0.380   0.
  2017 352  7 40 26 491 352.319751062      -0.48      0.54      0.31  0.         469.069       4950.283       7573.613    0.000  -0.138   0.380   0.
  2017 352  7 40 27 491 352.319762636      -0.52      0.51      0.29  0.         467.724       4951.341       7573.588    0.000  -0.138   0.380   0.
  2017 352  7 40 28 491 352.319774210      -0.49      0.51      0.32  0.         466.378       4952.398       7573.564    0.000  -0.138   0.380   0.
  2017 352  7 40 29 491 352.319785784      -0.49      0.53      0.32  0.         465.033       4953.456       7573.539    0.000  -0.138   0.380   0.
  2017 352  7 40 30 491 352.319797356      -0.60      0.61      0.28  0.         463.687       4954.513       7573.514    0.000  -0.138   0.380   0.
  2017 352  7 40 31 491 352.319808929      -0.64      0.67      0.25  0.         462.341       4955.570       7573.488    0.000  -0.138   0.380   0.
  2017 352  7 40 32 491 352.319820503      -0.67      0.71      0.18  0.         460.996       4956.626       7573.462    0.000  -0.138   0.380   0.
  2017 352  7 40 33 491 352.319832078      -0.68      0.72      0.11  0.         459.650       4957.682       7573.435    0.000  -0.138   0.380   0.
  2017 352  7 40 34 491 352.319843652      -0.69      0.76      0.07  0.         458.304       4958.738       7573.408    0.000  -0.138   0.380   0.
  2017 352  7 40 35 491 352.319855226      -0.66      0.76      0.07  0.         456.958       4959.794       7573.381    0.000  -0.138   0.380   0.
  2017 352  7 40 36 491 352.319866800      -0.73      0.78      0.05  0.         455.613       4960.849       7573.353    0.000  -0.138   0.380   0.
  2017 352  7 40 37 491 352.319878374      -0.68      0.75      0.05  0.         454.267       4961.904       7573.324    0.000  -0.138   0.380   0.
  2017 352  7 40 38 491 352.319889948      -0.68      0.73      0.06  0.         452.921       4962.959       7573.295    0.000  -0.138   0.380   0.
  2017 352  7 40 39 491 352.319901522      -0.71      0.70      0.10  0.         451.575       4964.013       7573.266    0.000  -0.138   0.380   0.
  2017 352  7 40 40 491 352.319913096      -0.67      0.68      0.13  0.         450.229       4965.067       7573.236    0.000  -0.138   0.380   0.
  2017 352  7 40 41 491 352.319924670      -0.63      0.67      0.19  0.         448.883       4966.121       7573.206    0.000  -0.138   0.380   0.
  2017 352  7 40 42 491 352.319936244      -0.63      0.67      0.23  0.         447.537       4967.175       7573.176    0.000  -0.138   0.380   0.
  2017 352  7 40 43 491 352.319947818      -0.69      0.65      0.19  0.         446.191       4968.228       7573.145    0.000  -0.138   0.380   0.
  2017 352  7 40 44 491 352.319959392      -0.64      0.67      0.21  0.         444.845       4969.281       7573.113    0.000  -0.138   0.380   0.
  2017 352  7 40 45 491 352.319970966      -0.66      0.68      0.23  0.         443.499       4970.334       7573.081    0.000  -0.138   0.380   0.
  2017 352  7 40 46 491 352.319982541      -0.69      0.69      0.20  0.         442.153       4971.387       7573.049    0.000  -0.138   0.380   0.
  2017 352  7 40 47 491 352.319994115      -0.67      0.68      0.21  0.         440.807       4972.439       7573.016    0.000  -0.138   0.380   0.
  2017 352  7 40 48 491 352.320005689      -0.76      0.68      0.21  0.         439.461       4973.491       7572.983    0.000  -0.138   0.380   0.
  2017 352  7 40 49 491 352.320017263      -0.77      0.67      0.21  0.         438.115       4974.542       7572.950    0.000  -0.138   0.380   0.
  2017 352  7 40 50 491 352.320028837      -0.68      0.64      0.22  0.         436.768       4975.594       7572.916    0.000  -0.138   0.380   0.
  2017 352  7 40 51 491 352.320040411      -0.63      0.64      0.24  0.         435.422       4976.645       7572.881    0.000  -0.138   0.380   0.
  2017 352  7 40 52 491 352.320051985      -0.63      0.60      0.23  0.         434.076       4977.695       7572.846    0.000  -0.138   0.380   0.
  2017 352  7 40 53 491 352.320063559      -0.69      0.65      0.23  0.         432.730       4978.746       7572.811    0.000  -0.138   0.380   0.
  2017 352  7 40 54 491 352.320075133      -0.65      0.67      0.28  0.         431.384       4979.796       7572.775    0.000  -0.138   0.380   0.
  2017 352  7 40 55 491 352.320086707      -0.76      0.66      0.28  0.         430.037       4980.846       7572.739    0.000  -0.138   0.380   0.
  2017 352  7 40 56 491 352.320098281      -0.81      0.69      0.27  0.         428.691       4981.896       7572.702    0.000  -0.138   0.380   0.
  2017 352  7 40 57 491 352.320109855      -0.78      0.72      0.30  0.         427.345       4982.945       7572.665    0.000  -0.138   0.380   0.
  2017 352  7 40 58 491 352.320121427      -0.84      0.76      0.28  0.         425.998       4983.994       7572.628    0.000  -0.138   0.380   0.
  2017 352  7 40 59 491 352.320133001      -0.90      0.82      0.24  0.         424.652       4985.043       7572.590    0.000  -0.138   0.380   0.
  2017 352  7 41  0 491 352.320144575      -0.82      0.78      0.24  0.         423.305       4986.091       7572.551    0.000  -0.138   0.379   0.
  2017 352  7 41  1 491 352.320156149      -0.75      0.76      0.24  0.         421.959       4987.139       7572.513    0.000  -0.138   0.379   0.
  2017 352  7 41  2 491 352.320167723      -0.78      0.77      0.23  0.         420.613       4988.188       7572.473    0.000  -0.138   0.380   0.
  2017 352  7 41  3 491 352.320179297      -0.83      0.77      0.23  0.         419.266       4989.235       7572.434    0.000  -0.138   0.380   0.
  2017 352  7 41  4 491 352.320190871      -0.80      0.77      0.23  0.         417.920       4990.282       7572.394    0.000  -0.138   0.380   0.
  2017 352  7 41  5 491 352.320202445      -0.89      0.75      0.19  0.         416.573       4991.330       7572.353    0.000  -0.138   0.380   0.
  2017 352  7 41  6 491 352.320214019      -0.86      0.82      0.21  0.         415.227       4992.376       7572.312    0.000  -0.138   0.380   0.
  2017 352  7 41  7 491 352.320225593      -0.84      0.81      0.25  0.         413.880       4993.423       7572.271    0.000  -0.138   0.380   0.
  2017 352  7 41  8 491 352.320237167      -0.84      0.79      0.28  0.         412.533       4994.469       7572.229    0.000  -0.138   0.380   0.
  2017 352  7 41  9 491 352.320248741      -0.76      0.76      0.25  0.         411.187       4995.515       7572.187    0.000  -0.138   0.380   0.
  2017 352  7 41 10 491 352.320260315      -0.72      0.75      0.23  0.         409.840       4996.561       7572.144    0.000  -0.138   0.380   0.
  2017 352  7 41 11 491 352.320271889      -0.80      0.79      0.17  0.         408.493       4997.606       7572.101    0.000  -0.138   0.380   0.
  2017 352  7 41 12 491 352.320283464      -0.80      0.80      0.16  0.         407.147       4998.651       7572.057    0.000  -0.138   0.380   0.
  2017 352  7 41 13 491 352.320295038      -0.73      0.74      0.25  0.         405.800       4999.696       7572.013    0.000  -0.138   0.380   0.
  2017 352  7 41 14 491 352.320306612      -0.75      0.71      0.23  0.         404.453       5000.740       7571.969    0.000  -0.138   0.380   0.
  2017 352  7 41 15 491 352.320318186      -0.72      0.72      0.21  0.         403.106       5001.785       7571.924    0.000  -0.138   0.380   0.
  2017 352  7 41 16 491 352.320329760      -0.71      0.70      0.27  0.         401.760       5002.828       7571.878    0.000  -0.138   0.380   0.
  2017 352  7 41 17 491 352.320341334      -0.69      0.68      0.27  0.         400.413       5003.872       7571.833    0.000  -0.138   0.380   0.
  2017 352  7 41 18 491 352.320352908      -0.67      0.67      0.32  0.         399.066       5004.915       7571.787    0.000  -0.138   0.380   0.
  2017 352  7 41 19 491 352.320364482      -0.72      0.64      0.29  0.         397.719       5005.958       7571.740    0.000  -0.138   0.380   0.
  2017 352  7 41 20 491 352.320376056      -0.71      0.67      0.29  0.         396.372       5007.001       7571.693    0.000  -0.138   0.380   0.
  2017 352  7 41 21 491 352.320387630      -0.67      0.66      0.27  0.         395.025       5008.044       7571.645    0.000  -0.138   0.380   0.
  2017 352  7 41 22 491 352.320399204      -0.66      0.70      0.25  0.         393.678       5009.086       7571.597    0.000  -0.138   0.380   0.
  2017 352  7 41 23 491 352.320410778      -0.71      0.74      0.17  0.         392.332       5010.128       7571.549    0.000  -0.138   0.380   0.
  2017 352  7 41 24 491 352.320422352      -0.79      0.74      0.18  0.         390.985       5011.170       7571.500    0.000  -0.138   0.380   0.
  2017 352  7 41 25 491 352.320433927      -0.80      0.75      0.18  0.         389.638       5012.211       7571.451    0.000  -0.138   0.380   0.
  2017 352  7 41 26 491 352.320445501      -0.79      0.76      0.15  0.         388.291       5013.252       7571.402    0.000  -0.138   0.380   0.
  2017 352  7 41 27 491 352.320457075      -0.83      0.74      0.09  0.         386.943       5014.293       7571.351    0.000  -0.138   0.380   0.
  2017 352  7 41 28 491 352.320468649      -0.78      0.78      0.16  0.         385.596       5015.333       7571.301    0.000  -0.138   0.380   0.
  2017 352  7 41 29 491 352.320480223      -0.82      0.76      0.17  0.         384.249       5016.374       7571.250    0.000  -0.138   0.380   0.
  2017 352  7 41 30 491 352.320491794      -0.89      0.76      0.13  0.         382.902       5017.414       7571.199    0.000  -0.138   0.380   0.
  2017 352  7 41 31 490 352.320503368      -0.79      0.79      0.25  0.         381.555       5018.453       7571.147    0.000  -0.138   0.380   0.
  2017 352  7 41 32 490 352.320514942      -0.76      0.78      0.26  0.         380.208       5019.492       7571.095    0.000  -0.138   0.380   0.
  2017 352  7 41 33 490 352.320526516      -0.86      0.78      0.18  0.         378.861       5020.532       7571.042    0.000  -0.138   0.380   0.
  2017 352  7 41 34 490 352.320538090      -0.88      0.78      0.17  0.         377.514       5021.570       7570.989    0.000  -0.138   0.380   0.
  2017 352  7 41 35 491 352.320549664      -0.89      0.81      0.15  0.         376.166       5022.609       7570.936    0.000  -0.138   0.380   0.
  2017 352  7 41 36 491 352.320561238      -0.91      0.80      0.08  0.         374.819       5023.647       7570.882    0.000  -0.138   0.380   0.
  2017 352  7 41 37 491 352.320572813      -0.91      0.79      0.04  0.         373.472       5024.685       7570.827    0.000  -0.138   0.380   0.
  2017 352  7 41 38 490 352.320584387      -0.91      0.79      0.08  0.         372.125       5025.723       7570.772    0.000  -0.138   0.380   0.
  2017 352  7 41 39 491 352.320595961      -0.88      0.78      0.15  0.         370.777       5026.760       7570.717    0.000  -0.138   0.380   0.
  2017 352  7 41 40 491 352.320607535      -0.87      0.81      0.11  0.         369.430       5027.797       7570.661    0.000  -0.138   0.380   0.
  2017 352  7 41 41 491 352.320619109      -0.94      0.79      0.12  0.         368.083       5028.834       7570.605    0.000  -0.138   0.380   0.
  2017 352  7 41 42 491 352.320630683      -0.89      0.78      0.16  0.         366.735       5029.870       7570.549    0.000  -0.138   0.380   0.
  2017 352  7 41 43 491 352.320642257      -0.86      0.78      0.16  0.         365.388       5030.907       7570.492    0.000  -0.138   0.380   0.
  2017 352  7 41 44 490 352.320653831      -0.87      0.81      0.14  0.         364.041       5031.942       7570.434    0.000  -0.138   0.380   0.
  2017 352  7 41 45 490 352.320665405      -0.88      0.86      0.13  0.         362.693       5032.978       7570.377    0.000  -0.138   0.380   0.
  2017 352  7 41 46 490 352.320676979      -0.93      0.85      0.10  0.         361.346       5034.013       7570.318    0.000  -0.138   0.380   0.
  2017 352  7 41 47 490 352.320688553      -0.96      0.84      0.13  0.         359.998       5035.048       7570.260    0.000  -0.138   0.380   0.
  2017 352  7 41 48 490 352.320700127      -1.04      0.87      0.11  0.         358.651       5036.083       7570.201    0.000  -0.138   0.380   0.
  2017 352  7 41 49 491 352.320711701      -1.07      0.88      0.16  0.         357.303       5037.118       7570.141    0.000  -0.138   0.380   0.
  2017 352  7 41 50 491 352.320723275      -1.00      0.90      0.08  0.         355.956       5038.152       7570.081    0.000  -0.138   0.380   0.
  2017 352  7 41 51 490 352.320734850      -0.97      0.94      0.03  0.         354.608       5039.186       7570.021    0.000  -0.138   0.380   0.
  2017 352  7 41 52 490 352.320746424      -1.01      0.90      0.00  0.         353.261       5040.220       7569.960    0.000  -0.138   0.380   0.
  2017 352  7 41 53 491 352.320757998      -0.99      0.90     -0.01  0.         351.913       5041.253       7569.899    0.000  -0.138   0.380   0.
  2017 352  7 41 54 491 352.320769572      -1.03      0.91     -0.01  0.         350.566       5042.286       7569.837    0.000  -0.138   0.380   0.
  2017 352  7 41 55 491 352.320781146      -1.01      0.88      0.03  0.         349.218       5043.319       7569.775    0.000  -0.138   0.380   0.
  2017 352  7 41 56 491 352.320792720      -0.95      0.89      0.09  0.         347.870       5044.351       7569.712    0.000  -0.138   0.380   0.
  2017 352  7 41 57 491 352.320804294      -0.86      0.86      0.08  0.         346.523       5045.383       7569.649    0.000  -0.138   0.380   0.
  2017 352  7 41 58 490 352.320815866      -0.80      0.80      0.05  0.         345.175       5046.415       7569.586    0.000  -0.138   0.380   0.
  2017 352  7 41 59 490 352.320827439      -0.75      0.78      0.10  0.         343.827       5047.447       7569.522    0.000  -0.138   0.380   0.
  2017 352  7 42  0 490 352.320839013      -0.78      0.79      0.12  0.         342.479       5048.478       7569.458    0.000  -0.138   0.380   0.
  2017 352  7 42  1 490 352.320850587      -0.85      0.83      0.05  0.         341.132       5049.510       7569.393    0.000  -0.138   0.380   0.
  2017 352  7 42  2 490 352.320862161      -0.88      0.83      0.04  0.         339.784       5050.540       7569.328    0.000  -0.138   0.380   0.
  2017 352  7 42  3 490 352.320873736      -0.90      0.83      0.06  0.         338.436       5051.571       7569.262    0.000  -0.138   0.380   0.
  2017 352  7 42  4 490 352.320885310      -0.90      0.81      0.12  0.         337.088       5052.601       7569.196    0.000  -0.138   0.380   0.
  2017 352  7 42  5 490 352.320896884      -0.85      0.80      0.09  0.         335.741       5053.631       7569.130    0.000  -0.138   0.380   0.
  2017 352  7 42  6 490 352.320908458      -0.85      0.78      0.09  0.         334.393       5054.661       7569.063    0.000  -0.138   0.380   0.
  2017 352  7 42  7 490 352.320920032      -0.85      0.79      0.05  0.         333.045       5055.690       7568.996    0.000  -0.138   0.380   0.
  2017 352  7 42  8 490 352.320931606      -0.82      0.81      0.04  0.         331.697       5056.719       7568.928    0.000  -0.138   0.380   0.
  2017 352  7 42  9 490 352.320943180      -0.85      0.80      0.09  0.         330.349       5057.748       7568.860    0.000  -0.138   0.380   0.
  2017 352  7 42 10 490 352.320954754      -0.79      0.81      0.09  0.         329.001       5058.776       7568.791    0.000  -0.138   0.380   0.
  2017 352  7 42 11 490 352.320966328      -0.80      0.78      0.05  0.         327.653       5059.804       7568.723    0.000  -0.138   0.380   0.
  2017 352  7 42 12 490 352.320977902      -0.82      0.77      0.03  0.         326.305       5060.832       7568.653    0.000  -0.138   0.380   0.
  2017 352  7 42 13 490 352.320989476      -0.82      0.79      0.03  0.         324.957       5061.860       7568.583    0.000  -0.138   0.380   0.
  2017 352  7 42 14 490 352.321001050      -0.76      0.80      0.03  0.         323.609       5062.887       7568.513    0.000  -0.138   0.380   0.
  2017 352  7 42 15 490 352.321012624      -0.84      0.80     -0.03  0.         322.261       5063.914       7568.442    0.000  -0.138   0.380   0.
  2017 352  7 42 16 490 352.321024198      -0.80      0.82     -0.04  0.         320.913       5064.941       7568.371    0.000  -0.138   0.380   0.
  2017 352  7 42 17 490 352.321035773      -0.79      0.83     -0.02  0.         319.565       5065.968       7568.300    0.000  -0.138   0.380   0.
  2017 352  7 42 18 490 352.321047347      -0.79      0.86     -0.01  0.         318.217       5066.994       7568.228    0.000  -0.138   0.380   0.
  2017 352  7 42 19 490 352.321058921      -0.81      0.87     -0.02  0.         316.869       5068.020       7568.155    0.000  -0.138   0.380   0.
  2017 352  7 42 20 490 352.321070495      -0.87      0.86     -0.04  0.         315.521       5069.046       7568.082    0.000  -0.138   0.380   0.
  2017 352  7 42 21 490 352.321082069      -0.83      0.83      0.05  0.         314.173       5070.071       7568.009    0.000  -0.138   0.380   0.
  2017 352  7 42 22 490 352.321093643      -0.84      0.86      0.03  0.         312.825       5071.096       7567.935    0.000  -0.138   0.380   0.
  2017 352  7 42 23 490 352.321105217      -0.97      0.88     -0.01  0.         311.477       5072.121       7567.861    0.000  -0.138   0.380   0.
  2017 352  7 42 24 490 352.321116791      -0.97      0.87      0.03  0.         310.129       5073.145       7567.787    0.000  -0.138   0.380   0.
  2017 352  7 42 25 490 352.321128365      -0.92      0.84      0.06  0.         308.780       5074.169       7567.712    0.000  -0.138   0.380   0.
  2017 352  7 42 26 490 352.321139939      -0.93      0.83      0.07  0.         307.432       5075.193       7567.636    0.000  -0.138   0.380   0.
  2017 352  7 42 27 490 352.321151513      -0.98      0.89      0.07  0.         306.084       5076.217       7567.560    0.000  -0.138   0.380   0.
  2017 352  7 42 28 490 352.321163085      -0.92      0.86      0.07  0.         304.736       5077.240       7567.484    0.000  -0.138   0.380   0.
  2017 352  7 42 29 490 352.321174659      -0.87      0.83      0.06  0.         303.388       5078.263       7567.407    0.000  -0.138   0.380   0.
  2017 352  7 42 30 490 352.321186233      -0.88      0.86      0.07  0.         302.039       5079.286       7567.330    0.000  -0.138   0.380   0.
  2017 352  7 42 31 490 352.321197807      -0.89      0.86      0.04  0.         300.691       5080.309       7567.253    0.000  -0.138   0.380   0.
  2017 352  7 42 32 490 352.321209381      -0.88      0.83      0.07  0.         299.343       5081.331       7567.175    0.000  -0.138   0.380   0.
  2017 352  7 42 33 490 352.321220955      -0.83      0.81      0.05  0.         297.994       5082.353       7567.096    0.000  -0.138   0.380   0.
  2017 352  7 42 34 490 352.321232529      -0.89      0.81      0.03  0.         296.646       5083.374       7567.018    0.000  -0.138   0.380   0.
  2017 352  7 42 35 490 352.321244103      -0.89      0.81      0.01  0.         295.298       5084.396       7566.938    0.000  -0.138   0.380   0.
  2017 352  7 42 36 490 352.321255677      -0.87      0.86     -0.01  0.         293.949       5085.417       7566.859    0.000  -0.138   0.379   0.
  2017 352  7 42 37 490 352.321267251      -0.87      0.81     -0.03  0.         292.601       5086.438       7566.779    0.000  -0.138   0.379   0.
  2017 352  7 42 38 490 352.321278825      -0.91      0.84     -0.01  0.         291.253       5087.458       7566.698    0.000  -0.138   0.380   0.
  2017 352  7 42 39 490 352.321290399      -0.91      0.87     -0.00  0.         289.904       5088.478       7566.617    0.000  -0.138   0.380   0.
  2017 352  7 42 40 490 352.321301973      -0.95      0.87     -0.02  0.         288.556       5089.498       7566.536    0.000  -0.138   0.380   0.
  2017 352  7 42 41 490 352.321313548      -0.93      0.87      0.01  0.         287.207       5090.518       7566.454    0.000  -0.138   0.380   0.
  2017 352  7 42 42 490 352.321325122      -0.94      0.87      0.05  0.         285.859       5091.537       7566.372    0.000  -0.138   0.380   0.
  2017 352  7 42 43 490 352.321336696      -0.96      0.90      0.05  0.         284.510       5092.556       7566.289    0.000  -0.138   0.380   0.
  2017 352  7 42 44 490 352.321348270      -0.95      0.90      0.09  0.         283.162       5093.575       7566.206    0.000  -0.138   0.380   0.
  2017 352  7 42 45 490 352.321359844      -0.97      0.90      0.05  0.         281.813       5094.593       7566.122    0.000  -0.138   0.380   0.
  2017 352  7 42 46 490 352.321371418      -0.94      0.89      0.07  0.         280.465       5095.612       7566.038    0.000  -0.138   0.380   0.
  2017 352  7 42 47 490 352.321382992      -0.95      0.89      0.02  0.         279.116       5096.629       7565.954    0.000  -0.138   0.380   0.
  2017 352  7 42 48 490 352.321394566      -0.95      0.89      0.05  0.         277.768       5097.647       7565.869    0.000  -0.138   0.380   0.
  2017 352  7 42 49 490 352.321406140      -0.95      0.87      0.05  0.         276.419       5098.664       7565.784    0.000  -0.138   0.380   0.
  2017 352  7 42 50 490 352.321417714      -0.89      0.85      0.08  0.         275.071       5099.681       7565.698    0.000  -0.138   0.380   0.
  2017 352  7 42 51 490 352.321429288      -0.89      0.86      0.06  0.         273.722       5100.698       7565.612    0.000  -0.138   0.380   0.
  2017 352  7 42 52 490 352.321440862      -0.88      0.84      0.03  0.         272.373       5101.715       7565.526    0.000  -0.138   0.380   0.
  2017 352  7 42 53 490 352.321452436      -0.89      0.86      0.05  0.         271.025       5102.731       7565.439    0.000  -0.138   0.380   0.
  2017 352  7 42 54 490 352.321464010      -0.90      0.86      0.05  0.         269.676       5103.747       7565.351    0.000  -0.138   0.380   0.
  2017 352  7 42 55 490 352.321475584      -0.94      0.84      0.02  0.         268.327       5104.762       7565.263    0.000  -0.138   0.380   0.
  2017 352  7 42 56 490 352.321487156      -0.94      0.87      0.01  0.         266.979       5105.778       7565.175    0.000  -0.138   0.380   0.
  2017 352  7 42 57 490 352.321498730      -0.90      0.84      0.04  0.         265.630       5106.793       7565.087    0.000  -0.138   0.380   0.
  2017 352  7 42 58 490 352.321510304      -0.92      0.83      0.04  0.         264.281       5107.807       7564.998    0.000  -0.138   0.380   0.
  2017 352  7 42 59 490 352.321521878      -0.92      0.81      0.02  0.         262.933       5108.822       7564.908    0.000  -0.138   0.380   0.
  2017 352  7 43  0 490 352.321533452      -0.85      0.82      0.04  0.         261.584       5109.836       7564.818    0.000  -0.138   0.380   0.
  2017 352  7 43  1 490 352.321545026      -0.82      0.83      0.05  0.         260.235       5110.850       7564.728    0.000  -0.138   0.380   0.
  2017 352  7 43  2 490 352.321556600      -0.90      0.81      0.06  0.         258.886       5111.863       7564.637    0.000  -0.138   0.380   0.
  2017 352  7 43  3 490 352.321568174      -0.86      0.79      0.07  0.         257.538       5112.877       7564.546    0.000  -0.138   0.380   0.
  2017 352  7 43  4 490 352.321579748      -0.84      0.80      0.04  0.         256.189       5113.890       7564.454    0.000  -0.138   0.380   0.
  2017 352  7 43  5 490 352.321591322      -0.85      0.81      0.01  0.         254.840       5114.903       7564.362    0.000  -0.138   0.380   0.
  2017 352  7 43  6 490 352.321602896      -0.89      0.79     -0.01  0.         253.491       5115.915       7564.270    0.000  -0.138   0.380   0.
  2017 352  7 43  7 490 352.321614471      -0.90      0.76     -0.02  0.         252.142       5116.927       7564.177    0.000  -0.138   0.380   0.
  2017 352  7 43  8 490 352.321626045      -0.93      0.76     -0.02  0.         250.793       5117.939       7564.084    0.000  -0.138   0.380   0.
  2017 352  7 43  9 490 352.321637619      -0.91      0.79     -0.02  0.         249.444       5118.951       7563.990    0.000  -0.138   0.380   0.
  2017 352  7 43 10 490 352.321649193      -0.94      0.78     -0.04  0.         248.096       5119.962       7563.896    0.000  -0.138   0.380   0.
  2017 352  7 43 11 490 352.321660767      -0.88      0.74     -0.00  0.         246.747       5120.973       7563.801    0.000  -0.138   0.380   0.
  2017 352  7 43 12 490 352.321672341      -0.95      0.75     -0.03  0.         245.398       5121.984       7563.706    0.000  -0.138   0.380   0.
  2017 352  7 43 13 490 352.321683915      -0.96      0.76     -0.03  0.         244.049       5122.994       7563.611    0.000  -0.138   0.380   0.
  2017 352  7 43 14 490 352.321695489      -0.94      0.77     -0.02  0.         242.700       5124.004       7563.515    0.000  -0.138   0.380   0.
  2017 352  7 43 15 490 352.321707063      -0.93      0.76     -0.03  0.         241.351       5125.014       7563.418    0.000  -0.138   0.380   0.
  2017 352  7 43 16 490 352.321718637      -0.93      0.76     -0.00  0.         240.002       5126.024       7563.322    0.000  -0.138   0.380   0.
  2017 352  7 43 17 490 352.321730211      -0.98      0.77      0.00  0.         238.653       5127.033       7563.225    0.000  -0.138   0.380   0.
  2017 352  7 43 18 490 352.321741785      -0.93      0.77     -0.02  0.         237.304       5128.042       7563.127    0.000  -0.138   0.380   0.
  2017 352  7 43 19 490 352.321753359      -0.95      0.78      0.01  0.         235.955       5129.051       7563.029    0.000  -0.138   0.380   0.
  2017 352  7 43 20 490 352.321764933      -0.96      0.78      0.05  0.         234.606       5130.059       7562.931    0.000  -0.138   0.380   0.
  2017 352  7 43 21 490 352.321776508      -0.99      0.77      0.03  0.         233.257       5131.068       7562.832    0.000  -0.138   0.380   0.
  2017 352  7 43 22 490 352.321788082      -0.94      0.80      0.05  0.         231.908       5132.075       7562.733    0.000  -0.138   0.380   0.
  2017 352  7 43 23 490 352.321799656      -0.93      0.82      0.07  0.         230.559       5133.083       7562.633    0.000  -0.138   0.380   0.
  2017 352  7 43 24 490 352.321811230      -0.95      0.81      0.06  0.         229.210       5134.090       7562.533    0.000  -0.138   0.380   0.
  2017 352  7 43 25 490 352.321822804      -0.95      0.82      0.08  0.         227.861       5135.097       7562.432    0.000  -0.138   0.380   0.
  2017 352  7 43 26 489 352.321834375      -0.93      0.84      0.07  0.         226.512       5136.104       7562.331    0.000  -0.138   0.380   0.
  2017 352  7 43 27 489 352.321845949      -0.93      0.83      0.08  0.         225.163       5137.110       7562.230    0.000  -0.138   0.380   0.
  2017 352  7 43 28 489 352.321857523      -0.96      0.76      0.04  0.         223.813       5138.116       7562.128    0.000  -0.138   0.380   0.
  2017 352  7 43 29 489 352.321869097      -0.96      0.77      0.01  0.         222.464       5139.122       7562.026    0.000  -0.138   0.380   0.
  2017 352  7 43 30 489 352.321880671      -1.01      0.79      0.02  0.         221.115       5140.128       7561.924    0.000  -0.138   0.380   0.
  2017 352  7 43 31 490 352.321892245      -1.08      0.80     -0.01  0.         219.766       5141.133       7561.820    0.000  -0.138   0.380   0.
  2017 352  7 43 32 490 352.321903819      -1.05      0.77      0.02  0.         218.417       5142.138       7561.717    0.000  -0.138   0.380   0.
  2017 352  7 43 33 489 352.321915394      -1.07      0.76      0.02  0.         217.068       5143.143       7561.613    0.000  -0.138   0.380   0.
  2017 352  7 43 34 489 352.321926968      -1.08      0.76      0.02  0.         215.719       5144.147       7561.509    0.000  -0.138   0.379   0.
  2017 352  7 43 35 490 352.321938542      -1.10      0.77     -0.00  0.         214.369       5145.151       7561.404    0.000  -0.138   0.379   0.
  2017 352  7 43 36 490 352.321950116      -1.12      0.75      0.00  0.         213.020       5146.155       7561.299    0.000  -0.138   0.380   0.
  2017 352  7 43 37 490 352.321961690      -1.16      0.78      0.04  0.         211.671       5147.159       7561.193    0.000  -0.138   0.380   0.
  2017 352  7 43 38 490 352.321973264      -1.08      0.75      0.08  0.         210.322       5148.162       7561.087    0.000  -0.138   0.380   0.
  2017 352  7 43 39 490 352.321984838      -1.13      0.79      0.08  0.         208.972       5149.165       7560.981    0.000  -0.138   0.380   0.
  2017 352  7 43 40 489 352.321996412      -1.09      0.75      0.10  0.         207.623       5150.168       7560.874    0.000  -0.138   0.380   0.
  2017 352  7 43 41 489 352.322007986      -1.07      0.73      0.10  0.         206.274       5151.170       7560.766    0.000  -0.138   0.380   0.
  2017 352  7 43 42 489 352.322019560      -1.04      0.75      0.05  0.         204.924       5152.172       7560.659    0.000  -0.138   0.379   0.
  2017 352  7 43 43 489 352.322031134      -1.01      0.80     -0.00  0.         203.575       5153.174       7560.551    0.000  -0.138   0.379   0.
  2017 352  7 43 44 489 352.322042708      -1.00      0.79      0.01  0.         202.226       5154.176       7560.442    0.000  -0.138   0.380   0.
  2017 352  7 43 45 490 352.322054282      -1.08      0.78     -0.02  0.         200.877       5155.177       7560.333    0.000  -0.138   0.380   0.
  2017 352  7 43 46 490 352.322065857      -1.06      0.79     -0.00  0.         199.527       5156.178       7560.224    0.000  -0.138   0.380   0.
  2017 352  7 43 47 489 352.322077431      -1.03      0.76      0.01  0.         198.178       5157.178       7560.114    0.000  -0.138   0.380   0.
  2017 352  7 43 48 489 352.322089005      -1.09      0.78      0.01  0.         196.828       5158.179       7560.004    0.000  -0.138   0.380   0.
  2017 352  7 43 49 490 352.322100579      -1.06      0.73      0.01  0.         195.479       5159.179       7559.893    0.000  -0.138   0.380   0.
  2017 352  7 43 50 490 352.322112153      -1.04      0.73      0.04  0.         194.130       5160.179       7559.782    0.000  -0.138   0.380   0.
  2017 352  7 43 51 490 352.322123727      -1.03      0.74      0.04  0.         192.780       5161.178       7559.670    0.000  -0.138   0.380   0.
  2017 352  7 43 52 490 352.322135301      -0.98      0.74      0.01  0.         191.431       5162.177       7559.559    0.000  -0.138   0.380   0.
  2017 352  7 43 53 489 352.322146875      -0.99      0.75     -0.02  0.         190.082       5163.176       7559.446    0.000  -0.138   0.380   0.
  2017 352  7 43 54 489 352.322158447      -0.95      0.74     -0.06  0.         188.732       5164.175       7559.333    0.000  -0.138   0.379   0.
  2017 352  7 43 55 489 352.322170020      -0.90      0.72     -0.07  0.         187.383       5165.174       7559.220    0.000  -0.138   0.379   0.
  2017 352  7 43 56 489 352.322181594      -0.89      0.71     -0.03  0.         186.033       5166.172       7559.106    0.000  -0.138   0.380   0.
  2017 352  7 43 57 489 352.322193168      -0.90      0.75     -0.03  0.         184.684       5167.169       7558.992    0.000  -0.138   0.380   0.
  2017 352  7 43 58 489 352.322204742      -0.93      0.73     -0.09  0.         183.334       5168.167       7558.878    0.000  -0.138   0.380   0.
  2017 352  7 43 59 489 352.322216317      -0.91      0.72     -0.07  0.         181.985       5169.164       7558.763    0.000  -0.138   0.380   0.
  2017 352  7 44  0 489 352.322227891      -0.87      0.72     -0.10  0.         180.636       5170.161       7558.648    0.000  -0.138   0.380   0.
  2017 352  7 44  1 489 352.322239465      -0.87      0.69     -0.06  0.         179.286       5171.158       7558.532    0.000  -0.138   0.380   0.
  2017 352  7 44  2 489 352.322251039      -0.81      0.68     -0.02  0.         177.936       5172.154       7558.416    0.000  -0.138   0.380   0.
  2017 352  7 44  3 489 352.322262613      -0.79      0.68     -0.03  0.         176.587       5173.150       7558.299    0.000  -0.138   0.380   0.
  2017 352  7 44  4 489 352.322274187      -0.85      0.69     -0.08  0.         175.237       5174.146       7558.182    0.000  -0.138   0.380   0.
  2017 352  7 44  5 489 352.322285761      -0.81      0.66     -0.04  0.         173.888       5175.141       7558.065    0.000  -0.138   0.380   0.
  2017 352  7 44  6 489 352.322297335      -0.83      0.65     -0.06  0.         172.538       5176.137       7557.947    0.000  -0.138   0.380   0.
  2017 352  7 44  7 489 352.322308909      -0.87      0.66     -0.09  0.         171.189       5177.132       7557.829    0.000  -0.138   0.380   0.
  2017 352  7 44  8 489 352.322320483      -0.83      0.69     -0.09  0.         169.839       5178.126       7557.710    0.000  -0.138   0.380   0.
  2017 352  7 44  9 489 352.322332057      -0.89      0.72     -0.12  0.         168.490       5179.121       7557.591    0.000  -0.138   0.380   0.
  2017 352  7 44 10 489 352.322343631      -0.90      0.73     -0.05  0.         167.140       5180.115       7557.472    0.000  -0.138   0.380   0.
  2017 352  7 44 11 489 352.322355205      -0.90      0.74     -0.05  0.         165.791       5181.108       7557.352    0.000  -0.138   0.380   0.
  2017 352  7 44 12 489 352.322366780      -0.95      0.77     -0.05  0.         164.441       5182.102       7557.231    0.000  -0.138   0.380   0.
  2017 352  7 44 13 489 352.322378354      -0.89      0.74      0.01  0.         163.091       5183.095       7557.110    0.000  -0.138   0.380   0.
  2017 352  7 44 14 489 352.322389928      -0.89      0.75      0.00  0.         161.742       5184.088       7556.989    0.000  -0.138   0.380   0.
  2017 352  7 44 15 489 352.322401502      -0.89      0.73     -0.01  0.         160.392       5185.080       7556.868    0.000  -0.138   0.380   0.
  2017 352  7 44 16 489 352.322413076      -0.92      0.73      0.02  0.         159.043       5186.073       7556.746    0.000  -0.138   0.380   0.
  2017 352  7 44 17 489 352.322424650      -0.91      0.72     -0.03  0.         157.693       5187.065       7556.623    0.000  -0.138   0.380   0.
  2017 352  7 44 18 489 352.322436224      -0.98      0.73     -0.07  0.         156.343       5188.057       7556.500    0.000  -0.138   0.380   0.
  2017 352  7 44 19 489 352.322447798      -0.96      0.74     -0.07  0.         154.994       5189.048       7556.377    0.000  -0.138   0.380   0.
  2017 352  7 44 20 489 352.322459372      -0.97      0.73     -0.06  0.         153.644       5190.039       7556.253    0.000  -0.138   0.380   0.
  2017 352  7 44 21 489 352.322470946      -1.01      0.75     -0.05  0.         152.294       5191.030       7556.129    0.000  -0.138   0.380   0.
  2017 352  7 44 22 489 352.322482520      -0.97      0.80     -0.04  0.         150.945       5192.021       7556.005    0.000  -0.138   0.380   0.
  2017 352  7 44 23 489 352.322494094      -0.99      0.82     -0.06  0.         149.595       5193.011       7555.880    0.000  -0.138   0.380   0.
  2017 352  7 44 24 489 352.322505666      -0.98      0.85     -0.01  0.         148.245       5194.001       7555.754    0.000  -0.138   0.380   0.
  2017 352  7 44 25 489 352.322517240      -0.96      0.83     -0.01  0.         146.895       5194.991       7555.628    0.000  -0.138   0.380   0.
  2017 352  7 44 26 489 352.322528814      -0.93      0.79     -0.02  0.         145.546       5195.980       7555.502    0.000  -0.138   0.380   0.
  2017 352  7 44 27 489 352.322540388      -0.96      0.80     -0.04  0.         144.196       5196.970       7555.375    0.000  -0.138   0.380   0.
  2017 352  7 44 28 489 352.322551962      -0.95      0.79      0.00  0.         142.846       5197.958       7555.248    0.000  -0.138   0.380   0.
  2017 352  7 44 29 489 352.322563536      -0.97      0.80     -0.04  0.         141.497       5198.947       7555.121    0.000  -0.138   0.380   0.
  2017 352  7 44 30 489 352.322575110      -0.93      0.79     -0.01  0.         140.147       5199.935       7554.993    0.000  -0.138   0.380   0.
  2017 352  7 44 31 489 352.322586684      -0.93      0.80     -0.02  0.         138.797       5200.923       7554.865    0.000  -0.138   0.380   0.
  2017 352  7 44 32 489 352.322598258      -0.90      0.80     -0.02  0.         137.447       5201.911       7554.736    0.000  -0.138   0.380   0.
  2017 352  7 44 33 489 352.322609832      -0.93      0.83     -0.04  0.         136.098       5202.899       7554.607    0.000  -0.138   0.380   0.
  2017 352  7 44 34 489 352.322621406      -0.86      0.80     -0.02  0.         134.748       5203.886       7554.477    0.000  -0.138   0.380   0.
  2017 352  7 44 35 489 352.322632980      -0.87      0.81     -0.00  0.         133.398       5204.873       7554.347    0.000  -0.138   0.380   0.
  2017 352  7 44 36 489 352.322644554      -0.87      0.80     -0.01  0.         132.048       5205.859       7554.217    0.000  -0.138   0.380   0.
  2017 352  7 44 37 489 352.322656129      -0.84      0.78     -0.02  0.         130.698       5206.845       7554.086    0.000  -0.138   0.380   0.
  2017 352  7 44 38 489 352.322667703      -0.87      0.78     -0.02  0.         129.349       5207.831       7553.955    0.000  -0.138   0.380   0.
  2017 352  7 44 39 489 352.322679277      -0.81      0.79     -0.02  0.         127.999       5208.817       7553.823    0.000  -0.138   0.380   0.
  2017 352  7 44 40 489 352.322690851      -0.72      0.74     -0.01  0.         126.649       5209.803       7553.691    0.000  -0.138   0.380   0.
  2017 352  7 44 41 489 352.322702425      -0.70      0.70      0.01  0.         125.299       5210.788       7553.558    0.000  -0.138   0.380   0.
  2017 352  7 44 42 489 352.322713999      -0.79      0.73      0.00  0.         123.949       5211.773       7553.425    0.000  -0.138   0.380   0.
  2017 352  7 44 43 489 352.322725573      -0.77      0.75      0.02  0.         122.599       5212.757       7553.292    0.000  -0.138   0.380   0.
  2017 352  7 44 44 489 352.322737147      -0.85      0.77      0.03  0.         121.250       5213.741       7553.158    0.000  -0.138   0.380   0.
  2017 352  7 44 45 489 352.322748721      -0.81      0.72     -0.01  0.         119.900       5214.725       7553.024    0.000  -0.138   0.380   0.
  2017 352  7 44 46 489 352.322760295      -0.82      0.74     -0.02  0.         118.550       5215.709       7552.889    0.000  -0.138   0.380   0.
  2017 352  7 44 47 489 352.322771869      -0.85      0.77     -0.04  0.         117.200       5216.692       7552.754    0.000  -0.138   0.380   0.
  2017 352  7 44 48 489 352.322783443      -0.83      0.80     -0.10  0.         115.850       5217.676       7552.619    0.000  -0.138   0.380   0.
  2017 352  7 44 49 489 352.322795017      -0.82      0.76     -0.08  0.         114.500       5218.658       7552.483    0.000  -0.138   0.380   0.
  2017 352  7 44 50 489 352.322806591      -0.77      0.76     -0.05  0.         113.150       5219.641       7552.347    0.000  -0.138   0.380   0.
  2017 352  7 44 51 489 352.322818166      -0.77      0.74     -0.05  0.         111.800       5220.623       7552.210    0.000  -0.138   0.380   0.
  2017 352  7 44 52 489 352.322829737      -0.79      0.78     -0.06  0.         110.451       5221.605       7552.073    0.000  -0.138   0.380   0.
  2017 352  7 44 53 489 352.322841311      -0.81      0.78     -0.07  0.         109.101       5222.587       7551.935    0.000  -0.138   0.380   0.
  2017 352  7 44 54 489 352.322852885      -0.84      0.75     -0.06  0.         107.751       5223.568       7551.797    0.000  -0.138   0.380   0.
  2017 352  7 44 55 489 352.322864459      -0.86      0.77     -0.05  0.         106.401       5224.549       7551.659    0.000  -0.138   0.380   0.
  2017 352  7 44 56 489 352.322876033      -0.84      0.78     -0.07  0.         105.051       5225.530       7551.520    0.000  -0.138   0.380   0.
  2017 352  7 44 57 489 352.322887607      -0.83      0.78     -0.06  0.         103.701       5226.511       7551.381    0.000  -0.138   0.380   0.
  2017 352  7 44 58 489 352.322899181      -0.85      0.80     -0.03  0.         102.351       5227.491       7551.241    0.000  -0.138   0.380   0.
  2017 352  7 44 59 489 352.322910755      -0.83      0.79     -0.06  0.         101.001       5228.471       7551.101    0.000  -0.138   0.380   0.
  2017 352  7 45  0 489 352.322922329      -0.85      0.78     -0.06  0.          99.651       5229.450       7550.961    0.000  -0.138   0.380   0.
  2017 352  7 45  1 489 352.322933903      -0.79      0.78     -0.06  0.          98.301       5230.430       7550.820    0.000  -0.138   0.380   0.
  2017 352  7 45  2 489 352.322945477      -0.82      0.80     -0.07  0.          96.951       5231.409       7550.679    0.000  -0.138   0.380   0.
  2017 352  7 45  3 489 352.322957052      -0.85      0.80     -0.02  0.          95.601       5232.388       7550.537    0.000  -0.138   0.380   0.
  2017 352  7 45  4 489 352.322968626      -0.78      0.81      0.01  0.          94.251       5233.366       7550.395    0.000  -0.138   0.380   0.
  2017 352  7 45  5 489 352.322980200      -0.80      0.82     -0.03  0.          92.901       5234.344       7550.252    0.000  -0.138   0.380   0.
  2017 352  7 45  6 489 352.322991774      -0.74      0.82     -0.01  0.          91.551       5235.322       7550.109    0.000  -0.138   0.380   0.
  2017 352  7 45  7 489 352.323003348      -0.78      0.82     -0.03  0.          90.201       5236.300       7549.966    0.000  -0.138   0.380   0.
  2017 352  7 45  8 489 352.323014922      -0.80      0.83     -0.05  0.          88.851       5237.277       7549.822    0.000  -0.138   0.380   0.
  2017 352  7 45  9 489 352.323026496      -0.84      0.84     -0.05  0.          87.501       5238.254       7549.678    0.000  -0.138   0.380   0.
  2017 352  7 45 10 489 352.323038070      -0.78      0.81     -0.03  0.          86.151       5239.231       7549.533    0.000  -0.138   0.380   0.
  2017 352  7 45 11 489 352.323049644      -0.81      0.80     -0.06  0.          84.801       5240.207       7549.388    0.000  -0.138   0.380   0.
  2017 352  7 45 12 489 352.323061218      -0.72      0.77     -0.06  0.          83.451       5241.184       7549.243    0.000  -0.138   0.380   0.
  2017 352  7 45 13 489 352.323072792      -0.77      0.77     -0.08  0.          82.101       5242.160       7549.097    0.000  -0.138   0.380   0.
  2017 352  7 45 14 489 352.323084366      -0.83      0.80     -0.06  0.          80.751       5243.135       7548.951    0.000  -0.138   0.380   0.
  2017 352  7 45 15 489 352.323095940      -0.79      0.78     -0.06  0.          79.401       5244.111       7548.804    0.000  -0.138   0.380   0.
  2017 352  7 45 16 489 352.323107514      -0.76      0.78     -0.05  0.          78.051       5245.086       7548.657    0.000  -0.138   0.380   0.
  2017 352  7 45 17 489 352.323119089      -0.82      0.79     -0.05  0.          76.701       5246.060       7548.509    0.000  -0.138   0.380   0.
  2017 352  7 45 18 489 352.323130663      -0.80      0.78     -0.06  0.          75.351       5247.035       7548.361    0.000  -0.138   0.380   0.
  2017 352  7 45 19 489 352.323142237      -0.81      0.78     -0.04  0.          74.001       5248.009       7548.213    0.000  -0.138   0.380   0.
  2017 352  7 45 20 489 352.323153811      -0.81      0.77     -0.03  0.          72.651       5248.983       7548.064    0.000  -0.138   0.380   0.
  2017 352  7 45 21 489 352.323165385      -0.81      0.78     -0.08  0.          71.301       5249.957       7547.915    0.000  -0.138   0.380   0.
  2017 352  7 45 22 488 352.323176956      -0.82      0.82     -0.05  0.          69.951       5250.930       7547.765    0.000  -0.138   0.380   0.
  2017 352  7 45 23 488 352.323188530      -0.80      0.80     -0.03  0.          68.601       5251.903       7547.615    0.000  -0.138   0.380   0.
  2017 352  7 45 24 488 352.323200104      -0.79      0.79     -0.02  0.          67.251       5252.876       7547.465    0.000  -0.138   0.380   0.
  2017 352  7 45 25 488 352.323211678      -0.85      0.81     -0.05  0.          65.901       5253.848       7547.314    0.000  -0.138   0.380   0.
  2017 352  7 45 26 488 352.323223252      -0.81      0.84     -0.01  0.          64.551       5254.820       7547.163    0.000  -0.138   0.380   0.
  2017 352  7 45 27 489 352.323234826      -0.80      0.81      0.01  0.          63.201       5255.792       7547.011    0.000  -0.138   0.380   0.
  2017 352  7 45 28 489 352.323246400      -0.77      0.82      0.05  0.          61.851       5256.764       7546.859    0.000  -0.138   0.380   0.
  2017 352  7 45 29 488 352.323257975      -0.77      0.82      0.02  0.          60.501       5257.735       7546.706    0.000  -0.138   0.380   0.
  2017 352  7 45 30 488 352.323269549      -0.76      0.83      0.01  0.          59.151       5258.706       7546.553    0.000  -0.138   0.380   0.
  2017 352  7 45 31 489 352.323281123      -0.77      0.83     -0.03  0.          57.801       5259.676       7546.400    0.000  -0.138   0.380   0.
  2017 352  7 45 32 489 352.323292697      -0.70      0.80     -0.01  0.          56.451       5260.647       7546.246    0.000  -0.138   0.380   0.
  2017 352  7 45 33 489 352.323304271      -0.74      0.78      0.00  0.          55.100       5261.617       7546.092    0.000  -0.138   0.380   0.
  2017 352  7 45 34 489 352.323315845      -0.72      0.79      0.01  0.          53.750       5262.587       7545.937    0.000  -0.138   0.380   0.
  2017 352  7 45 35 489 352.323327419      -0.66      0.83      0.02  0.          52.400       5263.556       7545.782    0.000  -0.138   0.380   0.
  2017 352  7 45 36 488 352.323338993      -0.74      0.82     -0.03  0.          51.050       5264.526       7545.627    0.000  -0.138   0.380   0.
  2017 352  7 45 37 488 352.323350567      -0.75      0.81     -0.01  0.          49.700       5265.495       7545.471    0.000  -0.138   0.380   0.
  2017 352  7 45 38 488 352.323362141      -0.66      0.82      0.04  0.          48.350       5266.463       7545.315    0.000  -0.138   0.380   0.
  2017 352  7 45 39 488 352.323373715      -0.71      0.86      0.02  0.          47.000       5267.432       7545.158    0.000  -0.138   0.380   0.
  2017 352  7 45 40 488 352.323385289      -0.61      0.83      0.05  0.          45.650       5268.400       7545.001    0.000  -0.138   0.380   0.
  2017 352  7 45 41 489 352.323396863      -0.59      0.78      0.04  0.          44.300       5269.368       7544.843    0.000  -0.138   0.380   0.
  2017 352  7 45 42 489 352.323408438      -0.60      0.79      0.07  0.          42.950       5270.335       7544.686    0.000  -0.138   0.380   0.
  2017 352  7 45 43 488 352.323420012      -0.59      0.82      0.07  0.          41.599       5271.302       7544.527    0.000  -0.138   0.380   0.
  2017 352  7 45 44 489 352.323431586      -0.54      0.81      0.12  0.          40.249       5272.269       7544.368    0.000  -0.138   0.380   0.
  2017 352  7 45 45 489 352.323443160      -0.64      0.83      0.08  0.          38.899       5273.236       7544.209    0.000  -0.138   0.380   0.
  2017 352  7 45 46 489 352.323454734      -0.61      0.84      0.11  0.          37.549       5274.202       7544.050    0.000  -0.138   0.380   0.
  2017 352  7 45 47 489 352.323466308      -0.70      0.86      0.10  0.          36.199       5275.168       7543.890    0.000  -0.138   0.380   0.
  2017 352  7 45 48 489 352.323477882      -0.73      0.84      0.04  0.          34.849       5276.134       7543.729    0.000  -0.138   0.380   0.
  2017 352  7 45 49 488 352.323489456      -0.66      0.81      0.04  0.          33.499       5277.100       7543.568    0.000  -0.138   0.380   0.
  2017 352  7 45 50 488 352.323501030      -0.66      0.80      0.02  0.          32.149       5278.065       7543.407    0.000  -0.138   0.380   0.
  2017 352  7 45 51 488 352.323512604      -0.70      0.82      0.03  0.          30.799       5279.030       7543.246    0.000  -0.138   0.380   0.
  2017 352  7 45 52 488 352.323524176      -0.71      0.81     -0.01  0.          29.448       5279.995       7543.084    0.000  -0.138   0.380   0.
  2017 352  7 45 53 488 352.323535749      -0.75      0.80      0.00  0.          28.098       5280.959       7542.921    0.000  -0.138   0.380   0.
  2017 352  7 45 54 488 352.323547323      -0.76      0.79     -0.00  0.          26.748       5281.923       7542.758    0.000  -0.138   0.380   0.
  2017 352  7 45 55 488 352.323558898      -0.83      0.78     -0.04  0.          25.398       5282.887       7542.595    0.000  -0.138   0.380   0.
  2017 352  7 45 56 488 352.323570472      -0.77      0.77     -0.00  0.          24.048       5283.850       7542.431    0.000  -0.138   0.380   0.
  2017 352  7 45 57 488 352.323582046      -0.78      0.80     -0.04  0.          22.698       5284.813       7542.267    0.000  -0.138   0.380   0.
  2017 352  7 45 58 488 352.323593620      -0.80      0.77      0.03  0.          21.348       5285.776       7542.102    0.000  -0.138   0.380   0.
  2017 352  7 45 59 488 352.323605194      -0.85      0.78     -0.03  0.          19.997       5286.739       7541.937    0.000  -0.138   0.380   0.
  2017 352  7 46  0 488 352.323616768      -0.85      0.79     -0.01  0.          18.647       5287.701       7541.772    0.000  -0.138   0.380   0.
  2017 352  7 46  1 488 352.323628342      -0.86      0.81     -0.00  0.          17.297       5288.663       7541.606    0.000  -0.138   0.380   0.
  2017 352  7 46  2 488 352.323639916      -0.83      0.82      0.04  0.          15.947       5289.625       7541.440    0.000  -0.138   0.380   0.
  2017 352  7 46  3 488 352.323651490      -0.84      0.81      0.01  0.          14.597       5290.586       7541.273    0.000  -0.138   0.380   0.
  2017 352  7 46  4 488 352.323663064      -0.87      0.83     -0.04  0.          13.247       5291.548       7541.106    0.000  -0.138   0.380   0.
  2017 352  7 46  5 488 352.323674638      -0.80      0.84     -0.05  0.          11.897       5292.508       7540.939    0.000  -0.138   0.380   0.
  2017 352  7 46  6 488 352.323686212      -0.79      0.81     -0.07  0.          10.546       5293.469       7540.771    0.000  -0.138   0.380   0.
  2017 352  7 46  7 488 352.323697786      -0.77      0.82     -0.04  0.           9.196       5294.429       7540.603    0.000  -0.138   0.380   0.
  2017 352  7 46  8 488 352.323709361      -0.80      0.83     -0.02  0.           7.846       5295.389       7540.434    0.000  -0.138   0.380   0.
  2017 352  7 46  9 488 352.323720935      -0.81      0.82     -0.02  0.           6.496       5296.349       7540.265    0.000  -0.138   0.380   0.
  2017 352  7 46 10 488 352.323732509      -0.79      0.82     -0.01  0.           5.146       5297.308       7540.096    0.000  -0.138   0.380   0.
  2017 352  7 46 11 488 352.323744083      -0.75      0.80     -0.03  0.           3.796       5298.268       7539.926    0.000  -0.138   0.380   0.
  2017 352  7 46 12 488 352.323755657      -0.75      0.77     -0.00  0.           2.446       5299.226       7539.755    0.000  -0.138   0.380   0.
  2017 352  7 46 13 488 352.323767231      -0.78      0.75     -0.01  0.           1.096       5300.185       7539.585    0.000  -0.138   0.380   0.
  2017 352  7 46 14 488 352.323778805      -0.81      0.77     -0.05  0.          -0.255       5301.143       7539.413    0.000  -0.138   0.380   0.
  2017 352  7 46 15 488 352.323790379      -0.80      0.77     -0.06  0.          -1.605       5302.101       7539.242    0.000  -0.138   0.380   0.
  2017 352  7 46 16 488 352.323801953      -0.78      0.78     -0.04  0.          -2.955       5303.059       7539.070    0.000  -0.138   0.380   0.
  2017 352  7 46 17 488 352.323813527      -0.79      0.77     -0.06  0.          -4.305       5304.016       7538.897    0.000  -0.138   0.380   0.
  2017 352  7 46 18 488 352.323825101      -0.79      0.76     -0.08  0.          -5.655       5304.973       7538.725    0.000  -0.138   0.380   0.
  2017 352  7 46 19 488 352.323836675      -0.72      0.75     -0.04  0.          -7.005       5305.930       7538.551    0.000  -0.138   0.380   0.
  2017 352  7 46 20 488 352.323848247      -0.77      0.78     -0.07  0.          -8.356       5306.887       7538.378    0.000  -0.138   0.380   0.
  2017 352  7 46 21 488 352.323859821      -0.82      0.78     -0.04  0.          -9.706       5307.843       7538.204    0.000  -0.138   0.380   0.
  2017 352  7 46 22 488 352.323871395      -0.80      0.82     -0.05  0.         -11.056       5308.799       7538.029    0.000  -0.138   0.380   0.
  2017 352  7 46 23 488 352.323882969      -0.81      0.78     -0.06  0.         -12.406       5309.755       7537.854    0.000  -0.138   0.380   0.
  2017 352  7 46 24 488 352.323894543      -0.79      0.76     -0.07  0.         -13.756       5310.710       7537.679    0.000  -0.138   0.380   0.
  2017 352  7 46 25 488 352.323906117      -0.78      0.72     -0.04  0.         -15.106       5311.665       7537.503    0.000  -0.138   0.380   0.
  2017 352  7 46 26 488 352.323917691      -0.76      0.72     -0.03  0.         -16.456       5312.620       7537.327    0.000  -0.138   0.380   0.
  2017 352  7 46 27 488 352.323929265      -0.78      0.76     -0.06  0.         -17.806       5313.574       7537.151    0.000  -0.138   0.380   0.
  2017 352  7 46 28 488 352.323940839      -0.77      0.70     -0.06  0.         -19.157       5314.529       7536.974    0.000  -0.138   0.380   0.
  2017 352  7 46 29 488 352.323952413      -0.78      0.71     -0.05  0.         -20.507       5315.482       7536.797    0.000  -0.138   0.380   0.
  2017 352  7 46 30 488 352.323963987      -0.76      0.71     -0.05  0.         -21.857       5316.436       7536.619    0.000  -0.138   0.380   0.
  2017 352  7 46 31 488 352.323975561      -0.75      0.69     -0.07  0.         -23.207       5317.389       7536.441    0.000  -0.138   0.380   0.
  2017 352  7 46 32 488 352.323987135      -0.75      0.67     -0.05  0.         -24.557       5318.342       7536.262    0.000  -0.138   0.380   0.
  2017 352  7 46 33 488 352.323998710      -0.78      0.70     -0.07  0.         -25.907       5319.295       7536.083    0.000  -0.138   0.380   0.
  2017 352  7 46 34 488 352.324010284      -0.78      0.68     -0.06  0.         -27.257       5320.248       7535.904    0.000  -0.138   0.380   0.
  2017 352  7 46 35 488 352.324021858      -0.75      0.68     -0.06  0.         -28.608       5321.200       7535.724    0.000  -0.138   0.380   0.
  2017 352  7 46 36 488 352.324033432      -0.78      0.68     -0.10  0.         -29.958       5322.152       7535.544    0.000  -0.138   0.380   0.
  2017 352  7 46 37 488 352.324045006      -0.77      0.63     -0.09  0.         -31.308       5323.103       7535.363    0.000  -0.138   0.380   0.
  2017 352  7 46 38 488 352.324056580      -0.82      0.65     -0.08  0.         -32.658       5324.055       7535.182    0.000  -0.138   0.380   0.
  2017 352  7 46 39 488 352.324068154      -0.82      0.61     -0.08  0.         -34.008       5325.006       7535.001    0.000  -0.138   0.380   0.
  2017 352  7 46 40 488 352.324079728      -0.82      0.60     -0.07  0.         -35.358       5325.956       7534.819    0.000  -0.138   0.380   0.
  2017 352  7 46 41 488 352.324091302      -0.86      0.62     -0.09  0.         -36.708       5326.907       7534.636    0.000  -0.138   0.380   0.
  2017 352  7 46 42 488 352.324102876      -0.82      0.59     -0.05  0.         -38.058       5327.857       7534.454    0.000  -0.138   0.380   0.
  2017 352  7 46 43 488 352.324114450      -0.73      0.56     -0.00  0.         -39.408       5328.807       7534.271    0.000  -0.138   0.380   0.
  2017 352  7 46 44 488 352.324126024      -0.75      0.57     -0.03  0.         -40.759       5329.757       7534.087    0.000  -0.138   0.380   0.
  2017 352  7 46 45 488 352.324137598      -0.74      0.55     -0.02  0.         -42.109       5330.706       7533.903    0.000  -0.138   0.380   0.
  2017 352  7 46 46 488 352.324149172      -0.76      0.57     -0.03  0.         -43.459       5331.655       7533.719    0.000  -0.138   0.380   0.
  2017 352  7 46 47 488 352.324160746      -0.75      0.58     -0.01  0.         -44.809       5332.603       7533.534    0.000  -0.138   0.380   0.
  2017 352  7 46 48 488 352.324172321      -0.69      0.57     -0.04  0.         -46.159       5333.552       7533.349    0.000  -0.138   0.380   0.
  2017 352  7 46 49 488 352.324183895      -0.67      0.55     -0.06  0.         -47.509       5334.500       7533.163    0.000  -0.138   0.380   0.
  2017 352  7 46 50 488 352.324195466      -0.70      0.56     -0.10  0.         -48.859       5335.448       7532.978    0.000  -0.138   0.380   0.
  2017 352  7 46 51 488 352.324207040      -0.75      0.59     -0.11  0.         -50.209       5336.395       7532.791    0.000  -0.138   0.380   0.
  2017 352  7 46 52 488 352.324218614      -0.73      0.60     -0.11  0.         -51.559       5337.343       7532.604    0.000  -0.138   0.380   0.
  2017 352  7 46 53 488 352.324230188      -0.73      0.61     -0.09  0.         -52.909       5338.290       7532.417    0.000  -0.138   0.380   0.
  2017 352  7 46 54 488 352.324241762      -0.78      0.61     -0.09  0.         -54.260       5339.236       7532.230    0.000  -0.138   0.380   0.
  2017 352  7 46 55 488 352.324253336      -0.74      0.59     -0.03  0.         -55.610       5340.183       7532.042    0.000  -0.138   0.380   0.
  2017 352  7 46 56 488 352.324264910      -0.73      0.57     -0.02  0.         -56.960       5341.129       7531.853    0.000  -0.138   0.380   0.
  2017 352  7 46 57 488 352.324276484      -0.75      0.58     -0.06  0.         -58.310       5342.075       7531.664    0.000  -0.138   0.380   0.
  2017 352  7 46 58 488 352.324288058      -0.72      0.57     -0.06  0.         -59.660       5343.020       7531.475    0.000  -0.138   0.380   0.
  2017 352  7 46 59 488 352.324299633      -0.73      0.58     -0.09  0.         -61.010       5343.965       7531.285    0.000  -0.138   0.380   0.
  2017 352  7 47  0 488 352.324311207      -0.72      0.57     -0.08  0.         -62.360       5344.910       7531.095    0.000  -0.138   0.380   0.
  2017 352  7 47  1 488 352.324322781      -0.72      0.57     -0.10  0.         -63.710       5345.855       7530.905    0.000  -0.138   0.380   0.
  2017 352  7 47  2 488 352.324334355      -0.73      0.59     -0.07  0.         -65.060       5346.799       7530.714    0.000  -0.138   0.380   0.
  2017 352  7 47  3 488 352.324345929      -0.73      0.58     -0.09  0.         -66.410       5347.743       7530.523    0.000  -0.138   0.380   0.
  2017 352  7 47  4 488 352.324357503      -0.75      0.56     -0.10  0.         -67.760       5348.687       7530.331    0.000  -0.138   0.380   0.
  2017 352  7 47  5 488 352.324369077      -0.72      0.57     -0.07  0.         -69.110       5349.631       7530.139    0.000  -0.138   0.380   0.
  2017 352  7 47  6 488 352.324380651      -0.72      0.57     -0.09  0.         -70.460       5350.574       7529.946    0.000  -0.138   0.380   0.
  2017 352  7 47  7 488 352.324392225      -0.73      0.56     -0.08  0.         -71.810       5351.517       7529.753    0.000  -0.138   0.380   0.
  2017 352  7 47  8 488 352.324403799      -0.72      0.56     -0.05  0.         -73.160       5352.459       7529.560    0.000  -0.138   0.380   0.
  2017 352  7 47  9 488 352.324415373      -0.74      0.58     -0.06  0.         -74.510       5353.402       7529.366    0.000  -0.138   0.380   0.
  2017 352  7 47 10 488 352.324426947      -0.75      0.60     -0.08  0.         -75.860       5354.344       7529.172    0.000  -0.138   0.380   0.
  2017 352  7 47 11 488 352.324438521      -0.75      0.61     -0.05  0.         -77.210       5355.285       7528.978    0.000  -0.138   0.380   0.
  2017 352  7 47 12 488 352.324450096      -0.75      0.62     -0.09  0.         -78.560       5356.227       7528.783    0.000  -0.138   0.380   0.
  2017 352  7 47 13 488 352.324461670      -0.81      0.58     -0.10  0.         -79.910       5357.168       7528.587    0.000  -0.138   0.380   0.
  2017 352  7 47 14 488 352.324473244      -0.82      0.61     -0.11  0.         -81.260       5358.109       7528.392    0.000  -0.138   0.380   0.
  2017 352  7 47 15 488 352.324484818      -0.79      0.59     -0.12  0.         -82.610       5359.049       7528.195    0.000  -0.138   0.380   0.
  2017 352  7 47 16 488 352.324496392      -0.75      0.59     -0.05  0.         -83.960       5359.990       7527.999    0.000  -0.138   0.380   0.
  2017 352  7 47 17 488 352.324507966      -0.70      0.54     -0.03  0.         -85.310       5360.930       7527.802    0.000  -0.138   0.380   0.
  2017 352  7 47 18 487 352.324519537      -0.69      0.55     -0.08  0.         -86.660       5361.869       7527.604    0.000  -0.138   0.380   0.
  2017 352  7 47 19 487 352.324531111      -0.70      0.57     -0.08  0.         -88.010       5362.809       7527.406    0.000  -0.138   0.380   0.
  2017 352  7 47 20 487 352.324542685      -0.74      0.57     -0.09  0.         -89.360       5363.748       7527.208    0.000  -0.138   0.380   0.
  2017 352  7 47 21 487 352.324554259      -0.73      0.59     -0.04  0.         -90.710       5364.687       7527.010    0.000  -0.138   0.380   0.
  2017 352  7 47 22 487 352.324565833      -0.70      0.61     -0.06  0.         -92.060       5365.625       7526.810    0.000  -0.138   0.380   0.
  2017 352  7 47 23 488 352.324577407      -0.69      0.63     -0.08  0.         -93.410       5366.564       7526.611    0.000  -0.138   0.380   0.
  2017 352  7 47 24 488 352.324588981      -0.72      0.63     -0.06  0.         -94.760       5367.502       7526.411    0.000  -0.138   0.380   0.
  2017 352  7 47 25 487 352.324600556      -0.70      0.65     -0.03  0.         -96.110       5368.439       7526.211    0.000  -0.138   0.380   0.
  2017 352  7 47 26 487 352.324612130      -0.76      0.67     -0.07  0.         -97.460       5369.377       7526.010    0.000  -0.138   0.380   0.
  2017 352  7 47 27 488 352.324623704      -0.77      0.65     -0.04  0.         -98.810       5370.314       7525.809    0.000  -0.138   0.380   0.
  2017 352  7 47 28 488 352.324635278      -0.74      0.64     -0.02  0.        -100.160       5371.250       7525.608    0.000  -0.138   0.380   0.
  2017 352  7 47 29 488 352.324646852      -0.79      0.63     -0.06  0.        -101.510       5372.187       7525.406    0.000  -0.138   0.380   0.
  2017 352  7 47 30 488 352.324658426      -0.80      0.64     -0.06  0.        -102.860       5373.123       7525.203    0.000  -0.138   0.380   0.
  2017 352  7 47 31 487 352.324670000      -0.79      0.65     -0.09  0.        -104.210       5374.059       7525.001    0.000  -0.138   0.380   0.
  2017 352  7 47 32 487 352.324681574      -0.74      0.65     -0.08  0.        -105.560       5374.995       7524.797    0.000  -0.138   0.380   0.
  2017 352  7 47 33 487 352.324693148      -0.76      0.67     -0.06  0.        -106.910       5375.930       7524.594    0.000  -0.138   0.380   0.
  2017 352  7 47 34 487 352.324704722      -0.70      0.65     -0.05  0.        -108.260       5376.865       7524.390    0.000  -0.138   0.380   0.
  2017 352  7 47 35 487 352.324716296      -0.76      0.66     -0.09  0.        -109.609       5377.800       7524.186    0.000  -0.138   0.380   0.
  2017 352  7 47 36 488 352.324727870      -0.82      0.66     -0.09  0.        -110.959       5378.734       7523.981    0.000  -0.138   0.380   0.
  2017 352  7 47 37 488 352.324739444      -0.81      0.66     -0.09  0.        -112.309       5379.669       7523.776    0.000  -0.138   0.380   0.
  2017 352  7 47 38 487 352.324751019      -0.87      0.66     -0.12  0.        -113.659       5380.603       7523.570    0.000  -0.138   0.380   0.
  2017 352  7 47 39 487 352.324762593      -0.87      0.67     -0.11  0.        -115.009       5381.536       7523.364    0.000  -0.138   0.380   0.
  2017 352  7 47 40 488 352.324774167      -0.87      0.67     -0.11  0.        -116.359       5382.469       7523.158    0.000  -0.138   0.380   0.
  2017 352  7 47 41 488 352.324785741      -0.91      0.72     -0.13  0.        -117.709       5383.403       7522.951    0.000  -0.138   0.380   0.
  2017 352  7 47 42 488 352.324797315      -0.79      0.67     -0.06  0.        -119.059       5384.335       7522.744    0.000  -0.138   0.380   0.
  2017 352  7 47 43 488 352.324808889      -0.70      0.66     -0.04  0.        -120.408       5385.268       7522.536    0.000  -0.138   0.380   0.
  2017 352  7 47 44 488 352.324820463      -0.70      0.67     -0.06  0.        -121.758       5386.200       7522.328    0.000  -0.138   0.380   0.
  2017 352  7 47 45 487 352.324832037      -0.70      0.68     -0.08  0.        -123.108       5387.132       7522.120    0.000  -0.138   0.380   0.
  2017 352  7 47 46 487 352.324843611      -0.79      0.69     -0.10  0.        -124.458       5388.063       7521.911    0.000  -0.138   0.380   0.
  2017 352  7 47 47 487 352.324855185      -0.78      0.70     -0.10  0.        -125.808       5388.994       7521.702    0.000  -0.138   0.380   0.
  2017 352  7 47 48 487 352.324866757      -0.80      0.71     -0.12  0.        -127.158       5389.925       7521.492    0.000  -0.138   0.380   0.
  2017 352  7 47 49 487 352.324878330      -0.80      0.69     -0.12  0.        -128.507       5390.856       7521.282    0.000  -0.138   0.380   0.
  2017 352  7 47 50 487 352.324889904      -0.81      0.71     -0.10  0.        -129.857       5391.787       7521.071    0.000  -0.138   0.380   0.
  2017 352  7 47 51 487 352.324901479      -0.80      0.73     -0.10  0.        -131.207       5392.717       7520.861    0.000  -0.138   0.380   0.
  2017 352  7 47 52 487 352.324913053      -0.78      0.69     -0.08  0.        -132.557       5393.647       7520.649    0.000  -0.138   0.380   0.
  2017 352  7 47 53 487 352.324924627      -0.81      0.71     -0.12  0.        -133.907       5394.576       7520.438    0.000  -0.138   0.380   0.
  2017 352  7 47 54 487 352.324936201      -0.81      0.70     -0.13  0.        -135.256       5395.505       7520.226    0.000  -0.138   0.380   0.
  2017 352  7 47 55 487 352.324947775      -0.72      0.69     -0.11  0.        -136.606       5396.434       7520.013    0.000  -0.138   0.380   0.
  2017 352  7 47 56 487 352.324959349      -0.78      0.67     -0.09  0.        -137.956       5397.363       7519.800    0.000  -0.138   0.380   0.
  2017 352  7 47 57 487 352.324970923      -0.79      0.69     -0.14  0.        -139.306       5398.292       7519.587    0.000  -0.138   0.380   0.
  2017 352  7 47 58 487 352.324982497      -0.78      0.67     -0.06  0.        -140.655       5399.220       7519.373    0.000  -0.138   0.380   0.
  2017 352  7 47 59 487 352.324994071      -0.82      0.68     -0.09  0.        -142.005       5400.147       7519.159    0.000  -0.138   0.380   0.
  2017 352  7 48  0 487 352.325005645      -0.86      0.74     -0.13  0.        -143.355       5401.075       7518.945    0.000  -0.138   0.380   0.
  2017 352  7 48  1 487 352.325017219      -0.86      0.69     -0.08  0.        -144.705       5402.002       7518.730    0.000  -0.138   0.380   0.
  2017 352  7 48  2 487 352.325028793      -0.88      0.68     -0.07  0.        -146.054       5402.929       7518.514    0.000  -0.138   0.380   0.
  2017 352  7 48  3 487 352.325040367      -0.89      0.69     -0.14  0.        -147.404       5403.855       7518.298    0.000  -0.138   0.380   0.
  2017 352  7 48  4 487 352.325051942      -0.86      0.68     -0.04  0.        -148.754       5404.782       7518.082    0.000  -0.138   0.380   0.
  2017 352  7 48  5 487 352.325063516      -0.79      0.67     -0.08  0.        -150.103       5405.708       7517.866    0.000  -0.138   0.380   0.
  2017 352  7 48  6 487 352.325075090      -0.76      0.65     -0.05  0.        -151.453       5406.634       7517.649    0.000  -0.138   0.380   0.
  2017 352  7 48  7 487 352.325086664      -0.76      0.65     -0.14  0.        -152.803       5407.559       7517.432    0.000  -0.138   0.380   0.
  2017 352  7 48  8 487 352.325098238      -0.78      0.63     -0.08  0.        -154.152       5408.484       7517.214    0.000  -0.138   0.380   0.
  2017 352  7 48  9 487 352.325109812      -0.83      0.66     -0.15  0.        -155.502       5409.409       7516.996    0.000  -0.138   0.380   0.
  2017 352  7 48 10 487 352.325121386      -0.79      0.66     -0.11  0.        -156.852       5410.334       7516.777    0.000  -0.138   0.380   0.
  2017 352  7 48 11 487 352.325132960      -0.78      0.63     -0.10  0.        -158.201       5411.258       7516.558    0.000  -0.138   0.380   0.
  2017 352  7 48 12 487 352.325144534      -0.78      0.66     -0.10  0.        -159.551       5412.182       7516.339    0.000  -0.138   0.380   0.
  2017 352  7 48 13 487 352.325156108      -0.80      0.72     -0.13  0.        -160.901       5413.106       7516.119    0.000  -0.138   0.380   0.
  2017 352  7 48 14 487 352.325167682      -0.86      0.65     -0.09  0.        -162.250       5414.029       7515.899    0.000  -0.138   0.380   0.
  2017 352  7 48 15 487 352.325179256      -0.82      0.67     -0.05  0.        -163.600       5414.952       7515.678    0.000  -0.138   0.380   0.
  2017 352  7 48 16 487 352.325190828      -0.89      0.68     -0.18  0.        -164.949       5415.875       7515.457    0.000  -0.138   0.380   0.
  2017 352  7 48 17 487 352.325202402      -0.88      0.65     -0.12  0.        -166.299       5416.798       7515.236    0.000  -0.138   0.380   0.
  2017 352  7 48 18 487 352.325213976      -0.89      0.69     -0.12  0.        -167.648       5417.720       7515.014    0.000  -0.138   0.380   0.
  2017 352  7 48 19 487 352.325225550      -0.90      0.60     -0.14  0.        -168.998       5418.642       7514.792    0.000  -0.138   0.380   0.
  2017 352  7 48 20 487 352.325237124      -0.98      0.80     -0.20  0.        -170.348       5419.564       7514.569    0.000  -0.138   0.380   0.
  2017 352  7 48 21 487 352.325248698      -0.93      0.68     -0.03  0.        -171.697       5420.485       7514.346    0.000  -0.138   0.380   0.
  2017 352  7 48 22 487 352.325260272      -1.00      0.66     -0.08  0.        -173.047       5421.406       7514.123    0.000  -0.138   0.380   0.
  2017 352  7 48 23 487 352.325271846      -0.91      0.75     -0.17  0.        -174.396       5422.327       7513.898    0.000  -0.138   0.380   0.
  2017 352  7 48 24 487 352.325283420      -1.00      0.77     -0.17  0.        -175.746       5423.247       7513.674    0.000  -0.138   0.380   0.
  2017 352  7 48 25 487 352.325294994      -0.96      0.72     -0.10  0.        -177.095       5424.168       7513.450    0.000  -0.138   0.380   0.
  2017 352  7 48 26 487 352.325306568      -0.95      0.74     -0.07  0.        -178.445       5425.087       7513.225    0.000  -0.138   0.380   0.
  2017 352  7 48 27 487 352.325318142      -0.93      0.68     -0.14  0.        -179.794       5426.007       7512.999    0.000  -0.138   0.380   0.
  2017 352  7 48 28 487 352.325329716      -0.94      0.76     -0.09  0.        -181.144       5426.926       7512.774    0.000  -0.138   0.380   0.
  2017 352  7 48 29 487 352.325341290      -0.93      0.64     -0.08  0.        -182.493       5427.846       7512.547    0.000  -0.138   0.380   0.
  2017 352  7 48 30 487 352.325352865      -1.03      0.71     -0.17  0.        -183.843       5428.764       7512.321    0.000  -0.138   0.380   0.
  2017 352  7 48 31 487 352.325364439      -1.02      0.73     -0.05  0.        -185.192       5429.683       7512.094    0.000  -0.138   0.380   0.
  2017 352  7 48 32 487 352.325376013      -1.02      0.59     -0.11  0.        -186.542       5430.601       7511.866    0.000  -0.138   0.380   0.
  2017 352  7 48 33 487 352.325387587      -1.02      0.80     -0.22  0.        -187.891       5431.519       7511.638    0.000  -0.138   0.380   0.
  2017 352  7 48 34 487 352.325399161      -0.97      0.83      0.01  0.        -189.240       5432.436       7511.410    0.000  -0.138   0.380   0.
  2017 352  7 48 35 487 352.325410735      -1.02      0.65     -0.05  0.        -190.590       5433.354       7511.181    0.000  -0.138   0.380   0.
  2017 352  7 48 36 487 352.325422309      -0.94      0.65     -0.23  0.        -191.939       5434.271       7510.952    0.000  -0.138   0.380   0.
  2017 352  7 48 37 487 352.325433883      -0.98      0.75     -0.08  0.        -193.289       5435.187       7510.723    0.000  -0.138   0.380   0.
  2017 352  7 48 38 487 352.325445457      -0.94      0.66     -0.17  0.        -194.638       5436.104       7510.493    0.000  -0.138   0.380   0.
  2017 352  7 48 39 487 352.325457031      -0.97      0.73     -0.08  0.        -195.987       5437.020       7510.263    0.000  -0.138   0.380   0.
  2017 352  7 48 40 487 352.325468605      -1.00      0.67     -0.20  0.        -197.337       5437.936       7510.032    0.000  -0.138   0.380   0.
  2017 352  7 48 41 487 352.325480179      -0.95      0.81     -0.11  0.        -198.686       5438.851       7509.801    0.000  -0.138   0.380   0.
  2017 352  7 48 42 487 352.325491753      -1.05      0.67     -0.04  0.        -200.035       5439.767       7509.569    0.000  -0.138   0.380   0.
  2017 352  7 48 43 487 352.325503328      -0.91      0.68     -0.22  0.        -201.385       5440.682       7509.337    0.000  -0.138   0.380   0.
  2017 352  7 48 44 487 352.325514902      -0.96      0.81     -0.15  0.        -202.734       5441.596       7509.105    0.000  -0.138   0.380   0.
  2017 352  7 48 45 487 352.325526476      -1.06      0.78     -0.10  0.        -204.083       5442.511       7508.872    0.000  -0.138   0.380   0.
  2017 352  7 48 46 487 352.325538047      -1.12      0.69     -0.07  0.        -205.433       5443.425       7508.639    0.000  -0.138   0.380   0.
  2017 352  7 48 47 487 352.325549621      -0.97      0.60     -0.31  0.        -206.782       5444.339       7508.406    0.000  -0.138   0.380   0.
  2017 352  7 48 48 487 352.325561195      -0.99      0.79     -0.23  0.        -208.131       5445.252       7508.172    0.000  -0.138   0.380   0.
  2017 352  7 48 49 487 352.325572769      -1.18      0.72     -0.07  0.        -209.480       5446.165       7507.938    0.000  -0.138   0.380   0.
  2017 352  7 48 50 487 352.325584343      -1.02      0.67     -0.12  0.        -210.830       5447.078       7507.703    0.000  -0.138   0.380   0.
  2017 352  7 48 51 487 352.325595917      -1.08      0.82     -0.11  0.        -212.179       5447.991       7507.468    0.000  -0.138   0.380   0.
  2017 352  7 48 52 487 352.325607491      -1.12      0.78      0.04  0.        -213.528       5448.903       7507.232    0.000  -0.138   0.380   0.
  2017 352  7 48 53 487 352.325619065      -1.15      0.78     -0.01  0.        -214.877       5449.816       7506.996    0.000  -0.138   0.380   0.
  2017 352  7 48 54 487 352.325630639      -1.11      0.84     -0.06  0.        -216.227       5450.727       7506.760    0.000  -0.138   0.380   0.
  2017 352  7 48 55 487 352.325642214      -1.04      0.85     -0.05  0.        -217.576       5451.639       7506.523    0.000  -0.138   0.380   0.
  2017 352  7 48 56 487 352.325653788      -1.14      0.69     -0.28  0.        -218.925       5452.550       7506.286    0.000  -0.138   0.380   0.
  2017 352  7 48 57 487 352.325665362      -1.04      0.72     -0.32  0.        -220.274       5453.461       7506.048    0.000  -0.138   0.380   0.
  2017 352  7 48 58 487 352.325676936      -1.15      0.86     -0.14  0.        -221.623       5454.371       7505.810    0.000  -0.138   0.380   0.
  2017 352  7 48 59 487 352.325688510      -1.09      0.69     -0.13  0.        -222.972       5455.282       7505.572    0.000  -0.138   0.380   0.
  2017 352  7 49  0 487 352.325700084      -1.09      0.70     -0.01  0.        -224.322       5456.192       7505.333    0.000  -0.138   0.380   0.
  2017 352  7 49  1 487 352.325711658      -0.98      0.78     -0.17  0.        -225.671       5457.101       7505.094    0.000  -0.138   0.380   0.
  2017 352  7 49  2 487 352.325723232      -1.11      0.77      0.11  0.        -227.020       5458.011       7504.855    0.000  -0.138   0.380   0.
  2017 352  7 49  3 487 352.325734806      -1.03      0.68     -0.17  0.        -228.369       5458.920       7504.615    0.000  -0.138   0.380   0.
  2017 352  7 49  4 487 352.325746380      -1.11      0.81     -0.11  0.        -229.718       5459.829       7504.374    0.000  -0.138   0.380   0.
  2017 352  7 49  5 487 352.325757954      -1.07      0.65     -0.12  0.        -231.067       5460.737       7504.134    0.000  -0.138   0.380   0.
  2017 352  7 49  6 487 352.325769528      -1.24      0.87     -0.21  0.        -232.416       5461.646       7503.893    0.000  -0.138   0.380   0.
  2017 352  7 49  7 487 352.325781102      -1.28      0.75     -0.03  0.        -233.765       5462.554       7503.651    0.000  -0.138   0.380   0.
  2017 352  7 49  8 487 352.325792677      -1.27      0.64     -0.20  0.        -235.114       5463.461       7503.409    0.000  -0.138   0.380   0.
  2017 352  7 49  9 487 352.325804251      -1.44      1.26     -0.13  0.        -236.463       5464.369       7503.167    0.000  -0.138   0.380   0.
  2017 352  7 49 10 487 352.325815825      -1.25      1.38     -0.19  0.        -237.812       5465.276       7502.924    0.000  -0.138   0.380   0.
  2017 352  7 49 11 487 352.325827399      -1.11      1.05      0.17  0.        -239.161       5466.183       7502.681    0.000  -0.138   0.380   0.
  2017 352  7 49 12 487 352.325838973      -1.09      0.36      0.23  0.        -240.510       5467.089       7502.437    0.000  -0.138   0.380   0.
  2017 352  7 49 13 487 352.325850547      -1.11      0.79     -0.28  0.        -241.859       5467.995       7502.193    0.000  -0.138   0.380   0.
  2017 352  7 49 14 486 352.325862118      -1.06      1.24     -0.21  0.        -243.208       5468.901       7501.949    0.000  -0.138   0.380   0.
  2017 352  7 49 15 486 352.325873692      -1.14      0.63      0.06  0.        -244.557       5469.807       7501.704    0.000  -0.138   0.380   0.
  2017 352  7 49 16 486 352.325885266      -1.13      0.65     -0.26  0.        -245.906       5470.712       7501.459    0.000  -0.138   0.380   0.
  2017 352  7 49 17 486 352.325896840      -1.25      0.86     -0.17  0.        -247.255       5471.617       7501.213    0.000  -0.138   0.380   0.
  2017 352  7 49 18 487 352.325908414      -1.25      0.77     -0.16  0.        -248.604       5472.522       7500.967    0.000  -0.138   0.380   0.
  2017 352  7 49 19 487 352.325919988      -1.42      0.72     -0.17  0.        -249.953       5473.426       7500.721    0.000  -0.138   0.380   0.
  2017 352  7 49 20 486 352.325931562      -1.34      0.69     -0.25  0.        -251.302       5474.331       7500.474    0.000  -0.138   0.380   0.
  2017 352  7 49 21 486 352.325943137      -1.10      0.79     -0.19  0.        -252.650       5475.234       7500.227    0.000  -0.138   0.380   0.
  2017 352  7 49 22 487 352.325954711      -1.03      0.88     -0.14  0.        -253.999       5476.138       7499.979    0.000  -0.138   0.380   0.
  2017 352  7 49 23 487 352.325966285      -1.21      0.71     -0.16  0.        -255.348       5477.041       7499.731    0.000  -0.138   0.380   0.
  2017 352  7 49 24 487 352.325977859      -1.30      0.71     -0.17  0.        -256.697       5477.944       7499.483    0.000  -0.138   0.380   0.
  2017 352  7 49 25 487 352.325989433      -1.23      0.88     -0.21  0.        -258.046       5478.847       7499.234    0.000  -0.138   0.380   0.
  2017 352  7 49 26 487 352.326001007      -1.32      0.97     -0.07  0.        -259.395       5479.749       7498.985    0.000  -0.138   0.380   0.
  2017 352  7 49 27 486 352.326012581      -1.26      0.98     -0.06  0.        -260.743       5480.652       7498.735    0.000  -0.138   0.380   0.
  2017 352  7 49 28 486 352.326024155      -1.20      0.86      0.03  0.        -262.092       5481.554       7498.486    0.000  -0.138   0.380   0.
  2017 352  7 49 29 486 352.326035729      -1.08      0.72     -0.21  0.        -263.441       5482.455       7498.235    0.000  -0.138   0.380   0.
  2017 352  7 49 30 486 352.326047303      -1.11      0.76     -0.24  0.        -264.790       5483.356       7497.984    0.000  -0.138   0.380   0.
  2017 352  7 49 31 486 352.326058877      -1.07      0.89     -0.02  0.        -266.138       5484.257       7497.733    0.000  -0.138   0.380   0.
  2017 352  7 49 32 487 352.326070451      -1.27      0.60     -0.09  0.        -267.487       5485.158       7497.482    0.000  -0.138   0.380   0.
  2017 352  7 49 33 487 352.326082025      -1.23      0.71     -0.28  0.        -268.836       5486.058       7497.230    0.000  -0.138   0.380   0.
  2017 352  7 49 34 486 352.326093600      -1.28      0.72     -0.10  0.        -270.184       5486.958       7496.977    0.000  -0.138   0.380   0.
  2017 352  7 49 35 486 352.326105174      -1.30      0.61     -0.25  0.        -271.533       5487.858       7496.724    0.000  -0.138   0.380   0.
  2017 352  7 49 36 487 352.326116748      -1.22      0.78     -0.28  0.        -272.882       5488.758       7496.471    0.000  -0.138   0.380   0.
  2017 352  7 49 37 487 352.326128322      -1.13      0.74     -0.09  0.        -274.230       5489.657       7496.218    0.000  -0.138   0.380   0.
  2017 352  7 49 38 487 352.326139896      -1.14      0.59     -0.23  0.        -275.579       5490.556       7495.964    0.000  -0.138   0.380   0.
  2017 352  7 49 39 487 352.326151470      -1.19      0.76     -0.19  0.        -276.928       5491.454       7495.709    0.000  -0.138   0.380   0.
  2017 352  7 49 40 487 352.326163044      -1.19      0.74     -0.14  0.        -278.276       5492.353       7495.455    0.000  -0.138   0.380   0.
  2017 352  7 49 41 486 352.326174618      -1.23      0.79     -0.11  0.        -279.625       5493.251       7495.199    0.000  -0.138   0.380   0.
  2017 352  7 49 42 486 352.326186192      -1.24      0.65     -0.17  0.        -280.973       5494.149       7494.944    0.000  -0.138   0.380   0.
  2017 352  7 49 43 486 352.326197766      -1.23      0.68     -0.43  0.        -282.322       5495.046       7494.688    0.000  -0.138   0.380   0.
  2017 352  7 49 44 486 352.326209338      -1.20      0.69     -0.20  0.        -283.671       5495.943       7494.431    0.000  -0.138   0.380   0.
  2017 352  7 49 45 486 352.326220911      -1.27      0.84     -0.16  0.        -285.019       5496.840       7494.175    0.000  -0.138   0.380   0.
  2017 352  7 49 46 486 352.326232486      -1.40      0.81     -0.00  0.        -286.368       5497.737       7493.918    0.000  -0.138   0.380   0.
  2017 352  7 49 47 486 352.326244060      -1.34      0.90     -0.30  0.        -287.716       5498.633       7493.660    0.000  -0.138   0.380   0.
  2017 352  7 49 48 486 352.326255634      -1.38      0.66     -0.05  0.        -289.064       5499.529       7493.402    0.000  -0.138   0.380   0.
  2017 352  7 49 49 486 352.326267208      -1.35      0.75     -0.06  0.        -290.413       5500.425       7493.144    0.000  -0.138   0.380   0.
  2017 352  7 49 50 486 352.326278782      -1.61      0.75     -0.10  0.        -291.761       5501.320       7492.885    0.000  -0.138   0.380   0.
  2017 352  7 49 51 486 352.326290356      -1.42      0.77     -0.10  0.        -293.110       5502.215       7492.626    0.000  -0.138   0.380   0.
  2017 352  7 49 52 486 352.326301930      -1.37      0.70     -0.26  0.        -294.458       5503.110       7492.366    0.000  -0.138   0.380   0.
  2017 352  7 49 53 486 352.326313504      -1.41      0.78     -0.26  0.        -295.807       5504.005       7492.106    0.000  -0.138   0.380   0.
  2017 352  7 49 54 486 352.326325078      -1.44      0.71     -0.17  0.        -297.155       5504.899       7491.846    0.000  -0.138   0.380   0.
  2017 352  7 49 55 486 352.326336652      -1.30      0.81     -0.19  0.        -298.503       5505.793       7491.585    0.000  -0.138   0.380   0.
  2017 352  7 49 56 486 352.326348226      -1.32      0.75     -0.11  0.        -299.852       5506.686       7491.324    0.000  -0.138   0.380   0.
  2017 352  7 49 57 486 352.326359800      -1.48      0.88     -0.10  0.        -301.200       5507.580       7491.062    0.000  -0.138   0.380   0.
  2017 352  7 49 58 486 352.326371374      -1.37      0.75     -0.14  0.        -302.548       5508.473       7490.800    0.000  -0.138   0.380   0.
  2017 352  7 49 59 486 352.326382948      -1.37      0.78     -0.11  0.        -303.897       5509.366       7490.538    0.000  -0.138   0.380   0.
  2017 352  7 50  0 486 352.326394523      -1.44      0.73     -0.16  0.        -305.245       5510.258       7490.275    0.000  -0.138   0.380   0.
  2017 352  7 50  1 486 352.326406097      -1.39      0.70     -0.16  0.        -306.593       5511.150       7490.012    0.000  -0.138   0.380   0.
  2017 352  7 50  2 486 352.326417671      -1.29      0.77     -0.23  0.        -307.941       5512.042       7489.748    0.000  -0.138   0.380   0.
  2017 352  7 50  3 486 352.326429245      -1.52      0.81     -0.24  0.        -309.290       5512.934       7489.485    0.000  -0.138   0.380   0.
  2017 352  7 50  4 486 352.326440819      -1.49      0.73     -0.16  0.        -310.638       5513.825       7489.220    0.000  -0.138   0.380   0.
  2017 352  7 50  5 486 352.326452393      -1.30      0.66     -0.30  0.        -311.986       5514.716       7488.955    0.000  -0.138   0.380   0.
  2017 352  7 50  6 486 352.326463967      -1.42      0.96     -0.26  0.        -313.334       5515.607       7488.690    0.000  -0.138   0.380   0.
  2017 352  7 50  7 486 352.326475541      -1.62      0.73     -0.17  0.        -314.682       5516.497       7488.425    0.000  -0.138   0.380   0.
  2017 352  7 50  8 486 352.326487115      -1.23      0.71     -0.23  0.        -316.031       5517.387       7488.159    0.000  -0.138   0.380   0.
  2017 352  7 50  9 486 352.326498689      -1.38      0.76     -0.10  0.        -317.379       5518.277       7487.892    0.000  -0.138   0.380   0.
  2017 352  7 50 10 486 352.326510263      -1.28      0.90     -0.22  0.        -318.727       5519.167       7487.626    0.000  -0.138   0.380   0.
  2017 352  7 50 11 486 352.326521837      -1.25      0.81     -0.11  0.        -320.075       5520.056       7487.359    0.000  -0.138   0.380   0.
  2017 352  7 50 12 486 352.326533409      -1.37      0.67     -0.17  0.        -321.423       5520.945       7487.091    0.000  -0.138   0.380   0.
  2017 352  7 50 13 486 352.326544983      -1.38      0.79     -0.12  0.        -322.771       5521.834       7486.823    0.000  -0.138   0.380   0.
  2017 352  7 50 14 486 352.326556557      -1.32      0.86      0.05  0.        -324.119       5522.722       7486.555    0.000  -0.138   0.380   0.
  2017 352  7 50 15 486 352.326568131      -1.31      0.62     -0.12  0.        -325.467       5523.610       7486.286    0.000  -0.138   0.380   0.
  2017 352  7 50 16 486 352.326579705      -1.33      0.69     -0.10  0.        -326.815       5524.498       7486.017    0.000  -0.138   0.380   0.
  2017 352  7 50 17 486 352.326591279      -1.41      0.74     -0.06  0.        -328.163       5525.386       7485.747    0.000  -0.138   0.380   0.
  2017 352  7 50 18 486 352.326602853      -1.29      0.70     -0.22  0.        -329.511       5526.273       7485.478    0.000  -0.138   0.380   0.
  2017 352  7 50 19 486 352.326614427      -1.20      0.75     -0.18  0.        -330.859       5527.160       7485.207    0.000  -0.138   0.380   0.
  2017 352  7 50 20 486 352.326626001      -1.38      0.74     -0.30  0.        -332.207       5528.046       7484.937    0.000  -0.138   0.380   0.
  2017 352  7 50 21 486 352.326637575      -1.27      0.82     -0.14  0.        -333.555       5528.933       7484.665    0.000  -0.138   0.380   0.
  2017 352  7 50 22 486 352.326649149      -1.26      0.64     -0.05  0.        -334.903       5529.819       7484.394    0.000  -0.138   0.380   0.
  2017 352  7 50 23 486 352.326660723      -1.39      0.56     -0.04  0.        -336.251       5530.704       7484.122    0.000  -0.138   0.380   0.
  2017 352  7 50 24 486 352.326672298      -1.31      0.64     -0.08  0.        -337.599       5531.590       7483.850    0.000  -0.138   0.380   0.
  2017 352  7 50 25 486 352.326683871      -1.48      0.73      0.00  0.        -338.947       5532.475       7483.577    0.000  -0.138   0.380   0.
  2017 352  7 50 26 486 352.326695446      -1.30      0.63     -0.14  0.        -340.294       5533.360       7483.304    0.000  -0.138   0.380   0.
  2017 352  7 50 27 486 352.326707020      -1.12      0.47     -0.16  0.        -341.642       5534.245       7483.030    0.000  -0.138   0.380   0.
  2017 352  7 50 28 486 352.326718594      -1.33      1.02     -0.32  0.        -342.990       5535.129       7482.757    0.000  -0.138   0.380   0.
  2017 352  7 50 29 486 352.326730168      -1.19      0.83     -0.06  0.        -344.338       5536.013       7482.482    0.000  -0.138   0.380   0.
  2017 352  7 50 30 486 352.326741742      -1.46      0.49      0.07  0.        -345.686       5536.896       7482.208    0.000  -0.138   0.380   0.
  2017 352  7 50 31 486 352.326753316      -1.56      0.79     -0.29  0.        -347.033       5537.780       7481.932    0.000  -0.138   0.380   0.
  2017 352  7 50 32 486 352.326764890      -1.20      0.97     -0.18  0.        -348.381       5538.663       7481.657    0.000  -0.138   0.380   0.
  2017 352  7 50 33 486 352.326776464      -0.64      0.98      0.39  0.        -349.729       5539.546       7481.381    0.000  -0.138   0.380   0.
  2017 352  7 50 34 486 352.326788038      -1.16      0.30      0.36  0.        -351.076       5540.428       7481.105    0.000  -0.138   0.380   0.
  2017 352  7 50 35 486 352.326799612      -1.29      0.55      0.12  0.        -352.424       5541.311       7480.828    0.000  -0.138   0.380   0.
  2017 352  7 50 36 486 352.326811186      -0.87      0.95      0.27  0.        -353.772       5542.193       7480.551    0.000  -0.138   0.380   0.
  2017 352  7 50 37 486 352.326822760      -1.43      0.55      0.28  0.        -355.119       5543.074       7480.274    0.000  -0.138   0.380   0.
  2017 352  7 50 38 486 352.326834335      -1.54      0.65     -0.07  0.        -356.467       5543.956       7479.996    0.000  -0.138   0.380   0.
  2017 352  7 50 39 486 352.326845909      -1.53      0.72     -0.15  0.        -357.815       5544.837       7479.718    0.000  -0.138   0.380   0.
  2017 352  7 50 40 486 352.326857483      -1.33      0.62     -0.10  0.        -359.162       5545.717       7479.439    0.000  -0.138   0.380   0.
  2017 352  7 50 41 486 352.326869057      -1.15      0.58     -0.07  0.        -360.510       5546.598       7479.160    0.000  -0.138   0.380   0.
  2017 352  7 50 42 486 352.326880631      -1.16      0.45     -0.16  0.        -361.857       5547.478       7478.880    0.000  -0.138   0.380   0.
  2017 352  7 50 43 486 352.326892205      -0.89      0.53     -0.41  0.        -363.205       5548.358       7478.601    0.000  -0.138   0.380   0.
  2017 352  7 50 44 486 352.326903776      -0.99      0.60     -0.00  0.        -364.552       5549.238       7478.320    0.000  -0.138   0.380   0.
  2017 352  7 50 45 486 352.326915350      -1.18      0.81      0.10  0.        -365.900       5550.117       7478.040    0.000  -0.138   0.380   0.
  2017 352  7 50 46 486 352.326926924      -1.17      0.62     -0.08  0.        -367.247       5550.996       7477.759    0.000  -0.138   0.380   0.
  2017 352  7 50 47 486 352.326938498      -1.09      0.43     -0.35  0.        -368.595       5551.875       7477.477    0.000  -0.138   0.380   0.
  2017 352  7 50 48 486 352.326950072      -1.16      0.76     -0.07  0.        -369.942       5552.753       7477.196    0.000  -0.138   0.380   0.
  2017 352  7 50 49 486 352.326961646      -1.35      0.38     -0.06  0.        -371.289       5553.631       7476.913    0.000  -0.138   0.380   0.
  2017 352  7 50 50 486 352.326973221      -0.98      0.33     -0.38  0.        -372.637       5554.509       7476.631    0.000  -0.138   0.380   0.
  2017 352  7 50 51 486 352.326984795      -1.25      0.59      0.15  0.        -373.984       5555.386       7476.348    0.000  -0.138   0.380   0.
  2017 352  7 50 52 486 352.326996369      -1.40      0.39     -0.18  0.        -375.332       5556.264       7476.064    0.000  -0.138   0.380   0.
  2017 352  7 50 53 486 352.327007943      -1.47      0.49     -0.33  0.        -376.679       5557.141       7475.781    0.000  -0.138   0.380   0.
  2017 352  7 50 54 486 352.327019517      -1.56      0.76     -0.40  0.        -378.026       5558.017       7475.496    0.000  -0.138   0.380   0.
  2017 352  7 50 55 486 352.327031091      -1.48      0.73     -0.20  0.        -379.373       5558.894       7475.212    0.000  -0.138   0.380   0.
  2017 352  7 50 56 486 352.327042665      -1.36      0.73     -0.08  0.        -380.721       5559.770       7474.927    0.000  -0.138   0.380   0.
  2017 352  7 50 57 486 352.327054239      -1.54      0.59     -0.12  0.        -382.068       5560.646       7474.641    0.000  -0.138   0.380   0.
  2017 352  7 50 58 486 352.327065813      -1.55      0.58     -0.01  0.        -383.415       5561.521       7474.356    0.000  -0.138   0.380   0.
  2017 352  7 50 59 486 352.327077387      -1.28      0.81     -0.10  0.        -384.762       5562.396       7474.070    0.000  -0.138   0.380   0.
  2017 352  7 51  0 486 352.327088961      -1.45      0.73     -0.05  0.        -386.110       5563.271       7473.783    0.000  -0.138   0.380   0.
  2017 352  7 51  1 486 352.327100535      -1.23      0.78     -0.22  0.        -387.457       5564.146       7473.496    0.000  -0.138   0.380   0.
  2017 352  7 51  2 486 352.327112109      -1.34      0.83     -0.20  0.        -388.804       5565.020       7473.208    0.000  -0.138   0.380   0.
  2017 352  7 51  3 486 352.327123683      -1.22      0.72     -0.13  0.        -390.151       5565.894       7472.921    0.000  -0.138   0.380   0.
  2017 352  7 51  4 486 352.327135258      -1.47      0.73     -0.19  0.        -391.498       5566.768       7472.633    0.000  -0.138   0.380   0.
  2017 352  7 51  5 486 352.327146832      -1.46      0.89     -0.07  0.        -392.845       5567.641       7472.344    0.000  -0.138   0.380   0.
  2017 352  7 51  6 486 352.327158406      -1.41      0.79     -0.13  0.        -394.192       5568.514       7472.055    0.000  -0.138   0.380   0.
  2017 352  7 51  7 486 352.327169980      -1.52      0.55     -0.01  0.        -395.539       5569.387       7471.766    0.000  -0.138   0.380   0.
  2017 352  7 51  8 486 352.327181554      -1.16      0.71     -0.21  0.        -396.886       5570.260       7471.476    0.000  -0.138   0.380   0.
  2017 352  7 51  9 486 352.327193128      -1.24      0.82     -0.20  0.        -398.233       5571.132       7471.186    0.000  -0.138   0.380   0.
  2017 352  7 51 10 486 352.327204702      -1.34      0.88     -0.31  0.        -399.580       5572.004       7470.896    0.000  -0.138   0.380   0.
  2017 352  7 51 11 486 352.327216276      -1.23      0.90     -0.35  0.        -400.927       5572.876       7470.605    0.000  -0.138   0.380   0.
  2017 352  7 51 12 485 352.327227847      -1.20      0.67     -0.07  0.        -402.274       5573.747       7470.314    0.000  -0.138   0.380   0.
  2017 352  7 51 13 485 352.327239421      -1.18      0.69     -0.20  0.        -403.621       5574.618       7470.022    0.000  -0.138   0.380   0.
  2017 352  7 51 14 486 352.327250995      -1.21      0.86     -0.27  0.        -404.968       5575.489       7469.730    0.000  -0.138   0.380   0.
  2017 352  7 51 15 486 352.327262569      -1.50      0.72      0.35  0.        -406.315       5576.360       7469.437    0.000  -0.138   0.380   0.
  2017 352  7 51 16 485 352.327274144      -1.44      0.81     -0.02  0.        -407.662       5577.230       7469.145    0.000  -0.138   0.380   0.
  2017 352  7 51 17 485 352.327285718      -1.41      0.83     -0.23  0.        -409.009       5578.100       7468.851    0.000  -0.138   0.380   0.
  2017 352  7 51 18 486 352.327297292      -1.33      0.58      0.04  0.        -410.355       5578.969       7468.558    0.000  -0.138   0.380   0.
  2017 352  7 51 19 486 352.327308866      -1.30      0.70     -0.23  0.        -411.702       5579.839       7468.264    0.000  -0.138   0.380   0.
  2017 352  7 51 20 486 352.327320440      -1.34      0.76     -0.13  0.        -413.049       5580.708       7467.969    0.000  -0.138   0.380   0.
  2017 352  7 51 21 486 352.327332014      -1.28      0.69     -0.08  0.        -414.396       5581.576       7467.674    0.000  -0.138   0.380   0.
  2017 352  7 51 22 486 352.327343588      -1.36      0.58     -0.23  0.        -415.742       5582.445       7467.379    0.000  -0.138   0.380   0.
  2017 352  7 51 23 485 352.327355162      -1.29      0.71     -0.16  0.        -417.089       5583.313       7467.083    0.000  -0.138   0.380   0.
  2017 352  7 51 24 485 352.327366736      -1.33      0.68     -0.19  0.        -418.436       5584.181       7466.788    0.000  -0.138   0.380   0.
  2017 352  7 51 25 485 352.327378310      -1.32      0.72     -0.20  0.        -419.782       5585.048       7466.491    0.000  -0.138   0.380   0.
  2017 352  7 51 26 485 352.327389884      -1.35      0.62     -0.21  0.        -421.129       5585.916       7466.194    0.000  -0.138   0.380   0.
  2017 352  7 51 27 485 352.327401458      -1.44      0.73     -0.25  0.        -422.476       5586.783       7465.897    0.000  -0.138   0.380   0.
  2017 352  7 51 28 486 352.327413032      -1.41      0.69     -0.14  0.        -423.822       5587.649       7465.600    0.000  -0.138   0.380   0.
  2017 352  7 51 29 486 352.327424607      -1.38      0.70     -0.11  0.        -425.169       5588.516       7465.302    0.000  -0.138   0.380   0.
  2017 352  7 51 30 485 352.327436181      -1.29      0.65     -0.13  0.        -426.515       5589.382       7465.003    0.000  -0.138   0.380   0.
  2017 352  7 51 31 485 352.327447755      -1.32      0.72     -0.22  0.        -427.862       5590.248       7464.705    0.000  -0.138   0.380   0.
  2017 352  7 51 32 486 352.327459329      -1.33      0.62     -0.16  0.        -429.208       5591.113       7464.405    0.000  -0.138   0.380   0.
  2017 352  7 51 33 486 352.327470903      -1.50      0.79     -0.23  0.        -430.555       5591.978       7464.106    0.000  -0.138   0.380   0.
  2017 352  7 51 34 486 352.327482477      -1.36      0.66      0.04  0.        -431.901       5592.843       7463.806    0.000  -0.138   0.380   0.
  2017 352  7 51 35 486 352.327494051      -1.35      0.75     -0.19  0.        -433.248       5593.708       7463.506    0.000  -0.138   0.380   0.
  2017 352  7 51 36 486 352.327505625      -1.48      0.70     -0.06  0.        -434.594       5594.573       7463.205    0.000  -0.138   0.380   0.
  2017 352  7 51 37 485 352.327517199      -1.30      0.75     -0.02  0.        -435.940       5595.437       7462.904    0.000  -0.138   0.380   0.
  2017 352  7 51 38 485 352.327528773      -1.34      0.90     -0.08  0.        -437.287       5596.300       7462.602    0.000  -0.138   0.380   0.
  2017 352  7 51 39 485 352.327540347      -1.35      0.80     -0.05  0.        -438.633       5597.164       7462.300    0.000  -0.138   0.380   0.
  2017 352  7 51 40 485 352.327551921      -1.36      0.73     -0.13  0.        -439.979       5598.027       7461.998    0.000  -0.138   0.380   0.
  2017 352  7 51 41 486 352.327563495      -1.43      0.74     -0.14  0.        -441.326       5598.889       7461.695    0.000  -0.138   0.380   0.
  2017 352  7 51 42 486 352.327575067      -1.46      0.77     -0.18  0.        -442.672       5599.752       7461.392    0.000  -0.138   0.380   0.
  2017 352  7 51 43 485 352.327586641      -1.42      0.51     -0.13  0.        -444.018       5600.614       7461.089    0.000  -0.138   0.380   0.
  2017 352  7 51 44 485 352.327598215      -1.52      0.88     -0.31  0.        -445.364       5601.476       7460.785    0.000  -0.138   0.380   0.
  2017 352  7 51 45 485 352.327609789      -1.63      0.63     -0.16  0.        -446.711       5602.338       7460.481    0.000  -0.138   0.380   0.
  2017 352  7 51 46 485 352.327621363      -1.65      0.68      0.04  0.        -448.057       5603.199       7460.176    0.000  -0.138   0.380   0.
  2017 352  7 51 47 485 352.327632937      -1.49      0.66     -0.19  0.        -449.403       5604.060       7459.871    0.000  -0.138   0.380   0.
  2017 352  7 51 48 485 352.327644511      -1.82      0.93     -0.20  0.        -450.749       5604.921       7459.566    0.000  -0.138   0.380   0.
  2017 352  7 51 49 485 352.327656085      -1.63      0.77     -0.07  0.        -452.095       5605.782       7459.260    0.000  -0.138   0.380   0.
  2017 352  7 51 50 485 352.327667659      -1.47      0.91     -0.21  0.        -453.441       5606.642       7458.954    0.000  -0.138   0.380   0.
  2017 352  7 51 51 485 352.327679233      -1.40      0.78     -0.26  0.        -454.787       5607.502       7458.647    0.000  -0.138   0.380   0.
  2017 352  7 51 52 485 352.327690807      -1.33      0.75     -0.29  0.        -456.133       5608.362       7458.340    0.000  -0.138   0.380   0.
  2017 352  7 51 53 485 352.327702381      -1.22      0.83     -0.13  0.        -457.479       5609.221       7458.033    0.000  -0.138   0.380   0.
  2017 352  7 51 54 485 352.327713955      -1.30      0.76     -0.21  0.        -458.825       5610.080       7457.725    0.000  -0.138   0.380   0.
  2017 352  7 51 55 485 352.327725530      -1.31      0.64     -0.21  0.        -460.171       5610.939       7457.417    0.000  -0.138   0.380   0.
  2017 352  7 51 56 485 352.327737104      -1.25      0.74     -0.26  0.        -461.517       5611.797       7457.108    0.000  -0.138   0.380   0.
  2017 352  7 51 57 485 352.327748678      -1.34      0.58     -0.26  0.        -462.863       5612.655       7456.799    0.000  -0.138   0.380   0.
  2017 352  7 51 58 485 352.327760252      -1.32      0.60     -0.15  0.        -464.209       5613.513       7456.490    0.000  -0.138   0.380   0.
  2017 352  7 51 59 485 352.327771826      -1.34      0.66     -0.23  0.        -465.555       5614.371       7456.180    0.000  -0.138   0.380   0.
  2017 352  7 52  0 485 352.327783400      -1.24      0.56     -0.39  0.        -466.901       5615.228       7455.870    0.000  -0.138   0.380   0.
  2017 352  7 52  1 485 352.327794974      -1.13      0.80     -0.34  0.        -468.246       5616.085       7455.559    0.000  -0.138   0.380   0.
  2017 352  7 52  2 485 352.327806548      -1.22      0.82     -0.37  0.        -469.592       5616.942       7455.248    0.000  -0.138   0.380   0.
  2017 352  7 52  3 485 352.327818122      -1.33      0.69     -0.28  0.        -470.938       5617.798       7454.937    0.000  -0.138   0.380   0.
  2017 352  7 52  4 485 352.327829696      -1.32      0.54     -0.35  0.        -472.284       5618.654       7454.625    0.000  -0.138   0.380   0.
  2017 352  7 52  5 485 352.327841270      -1.27      0.56     -0.31  0.        -473.630       5619.510       7454.313    0.000  -0.138   0.380   0.
  2017 352  7 52  6 485 352.327852844      -1.16      0.64     -0.34  0.        -474.975       5620.366       7454.001    0.000  -0.138   0.380   0.
  2017 352  7 52  7 485 352.327864418      -1.14      0.71     -0.34  0.        -476.321       5621.221       7453.688    0.000  -0.138   0.380   0.
  2017 352  7 52  8 485 352.327875992      -1.16      0.66     -0.38  0.        -477.666       5622.076       7453.375    0.000  -0.138   0.380   0.
  2017 352  7 52  9 485 352.327887567      -1.21      0.55     -0.28  0.        -479.012       5622.930       7453.061    0.000  -0.138   0.380   0.
  2017 352  7 52 10 485 352.327899138      -1.17      0.72     -0.31  0.        -480.358       5623.785       7452.747    0.000  -0.138   0.380   0.
  2017 352  7 52 11 485 352.327910712      -1.18      0.61     -0.35  0.        -481.703       5624.639       7452.433    0.000  -0.138   0.380   0.
  2017 352  7 52 12 485 352.327922286      -1.24      0.70     -0.25  0.        -483.049       5625.492       7452.118    0.000  -0.138   0.380   0.
  2017 352  7 52 13 485 352.327933860      -1.25      0.71     -0.26  0.        -484.394       5626.346       7451.803    0.000  -0.138   0.380   0.
  2017 352  7 52 14 485 352.327945434      -1.27      0.68     -0.18  0.        -485.740       5627.199       7451.487    0.000  -0.138   0.380   0.
  2017 352  7 52 15 485 352.327957008      -1.36      0.46     -0.17  0.        -487.085       5628.052       7451.171    0.000  -0.138   0.380   0.
  2017 352  7 52 16 485 352.327968582      -1.29      0.67     -0.10  0.        -488.431       5628.904       7450.855    0.000  -0.138   0.380   0.
  2017 352  7 52 17 485 352.327980156      -1.31      0.74     -0.39  0.        -489.776       5629.757       7450.538    0.000  -0.138   0.380   0.
  2017 352  7 52 18 485 352.327991730      -1.41      0.76     -0.38  0.        -491.121       5630.609       7450.221    0.000  -0.138   0.380   0.
  2017 352  7 52 19 485 352.328003304      -1.42      0.61     -0.25  0.        -492.467       5631.460       7449.903    0.000  -0.138   0.380   0.
  2017 352  7 52 20 485 352.328014879      -1.45      0.70     -0.06  0.        -493.812       5632.312       7449.585    0.000  -0.138   0.380   0.
  2017 352  7 52 21 485 352.328026453      -1.29      0.70     -0.33  0.        -495.157       5633.163       7449.267    0.000  -0.138   0.380   0.
  2017 352  7 52 22 485 352.328038027      -1.14      0.79     -0.26  0.        -496.503       5634.014       7448.948    0.000  -0.138   0.380   0.
  2017 352  7 52 23 485 352.328049601      -1.28      0.65     -0.39  0.        -497.848       5634.864       7448.629    0.000  -0.138   0.380   0.
  2017 352  7 52 24 485 352.328061175      -1.11      0.73     -0.11  0.        -499.193       5635.714       7448.310    0.000  -0.138   0.380   0.
  2017 352  7 52 25 485 352.328072749      -1.07      0.83     -0.49  0.        -500.538       5636.564       7447.990    0.000  -0.138   0.380   0.
  2017 352  7 52 26 485 352.328084323      -1.36      0.75     -0.42  0.        -501.884       5637.414       7447.669    0.000  -0.138   0.380   0.
  2017 352  7 52 27 485 352.328095897      -1.31      0.57     -0.14  0.        -503.229       5638.263       7447.349    0.000  -0.138   0.380   0.
  2017 352  7 52 28 485 352.328107471      -1.39      0.73     -0.23  0.        -504.574       5639.112       7447.028    0.000  -0.138   0.380   0.
  2017 352  7 52 29 485 352.328119045      -1.33      0.84     -0.08  0.        -505.919       5639.961       7446.706    0.000  -0.138   0.380   0.
  2017 352  7 52 30 485 352.328130619      -1.32      0.72     -0.49  0.        -507.264       5640.809       7446.384    0.000  -0.138   0.380   0.
  2017 352  7 52 31 485 352.328142193      -1.34      0.70     -0.28  0.        -508.609       5641.658       7446.062    0.000  -0.138   0.380   0.
  2017 352  7 52 32 485 352.328153767      -1.37      0.67     -0.22  0.        -509.954       5642.506       7445.740    0.000  -0.138   0.380   0.
  2017 352  7 52 33 485 352.328165341      -1.29      0.57     -0.25  0.        -511.299       5643.353       7445.417    0.000  -0.138   0.380   0.
  2017 352  7 52 34 485 352.328176916      -1.27      0.68     -0.29  0.        -512.644       5644.200       7445.093    0.000  -0.138   0.380   0.
  2017 352  7 52 35 485 352.328188490      -1.23      0.70     -0.29  0.        -513.989       5645.047       7444.769    0.000  -0.138   0.380   0.
  2017 352  7 52 36 485 352.328200064      -1.24      0.70     -0.44  0.        -515.334       5645.894       7444.445    0.000  -0.138   0.380   0.
  2017 352  7 52 37 485 352.328211638      -1.32      0.60     -0.28  0.        -516.679       5646.740       7444.121    0.000  -0.138   0.380   0.
  2017 352  7 52 38 485 352.328223212      -1.44      0.72     -0.23  0.        -518.024       5647.586       7443.796    0.000  -0.138   0.380   0.
  2017 352  7 52 39 485 352.328234786      -1.50      0.50     -0.23  0.        -519.368       5648.432       7443.470    0.000  -0.138   0.380   0.
  2017 352  7 52 40 485 352.328246357      -1.39      0.65     -0.34  0.        -520.713       5649.278       7443.145    0.000  -0.138   0.380   0.
  2017 352  7 52 41 485 352.328257931      -1.42      0.69     -0.39  0.        -522.058       5650.123       7442.818    0.000  -0.138   0.380   0.
  2017 352  7 52 42 485 352.328269505      -1.38      0.69     -0.39  0.        -523.403       5650.968       7442.492    0.000  -0.138   0.380   0.
  2017 352  7 52 43 485 352.328281079      -1.37      0.63     -0.32  0.        -524.747       5651.812       7442.165    0.000  -0.138   0.380   0.
  2017 352  7 52 44 485 352.328292653      -1.31      0.70     -0.29  0.        -526.092       5652.657       7441.838    0.000  -0.138   0.380   0.
  2017 352  7 52 45 485 352.328304227      -1.33      0.68     -0.25  0.        -527.437       5653.501       7441.510    0.000  -0.138   0.380   0.
  2017 352  7 52 46 485 352.328315802      -1.36      0.67     -0.44  0.        -528.781       5654.344       7441.182    0.000  -0.138   0.380   0.
  2017 352  7 52 47 485 352.328327376      -1.37      0.75     -0.30  0.        -530.126       5655.188       7440.854    0.000  -0.138   0.380   0.
  2017 352  7 52 48 485 352.328338950      -1.40      0.76     -0.44  0.        -531.471       5656.031       7440.525    0.000  -0.138   0.380   0.
  2017 352  7 52 49 485 352.328350524      -1.44      0.65     -0.50  0.        -532.815       5656.874       7440.195    0.000  -0.138   0.380   0.
  2017 352  7 52 50 485 352.328362098      -1.46      0.73     -0.43  0.        -534.160       5657.716       7439.866    0.000  -0.138   0.380   0.
  2017 352  7 52 51 485 352.328373672      -1.34      0.68     -0.46  0.        -535.504       5658.559       7439.536    0.000  -0.138   0.380   0.
  2017 352  7 52 52 485 352.328385246      -1.21      0.64     -0.40  0.        -536.849       5659.401       7439.205    0.000  -0.138   0.380   0.
  2017 352  7 52 53 485 352.328396820      -1.20      0.75     -0.35  0.        -538.193       5660.242       7438.875    0.000  -0.138   0.380   0.
  2017 352  7 52 54 485 352.328408394      -1.17      0.67     -0.41  0.        -539.537       5661.084       7438.544    0.000  -0.138   0.380   0.
  2017 352  7 52 55 485 352.328419968      -1.24      0.75     -0.46  0.        -540.882       5661.925       7438.212    0.000  -0.138   0.380   0.
  2017 352  7 52 56 485 352.328431542      -1.24      0.69     -0.14  0.        -542.226       5662.766       7437.880    0.000  -0.138   0.380   0.
  2017 352  7 52 57 485 352.328443116      -1.24      0.83     -0.31  0.        -543.571       5663.606       7437.548    0.000  -0.138   0.380   0.
  2017 352  7 52 58 485 352.328454690      -1.33      0.72     -0.47  0.        -544.915       5664.446       7437.215    0.000  -0.138   0.380   0.
  2017 352  7 52 59 485 352.328466264      -1.30      0.55     -0.38  0.        -546.259       5665.286       7436.882    0.000  -0.138   0.380   0.
  2017 352  7 53  0 485 352.328477839      -1.15      0.55     -0.36  0.        -547.603       5666.126       7436.548    0.000  -0.138   0.380   0.
  2017 352  7 53  1 485 352.328489413      -1.24      0.70     -0.32  0.        -548.948       5666.965       7436.215    0.000  -0.138   0.380   0.
  2017 352  7 53  2 485 352.328500987      -1.42      0.71     -0.29  0.        -550.292       5667.804       7435.880    0.000  -0.138   0.380   0.
  2017 352  7 53  3 485 352.328512561      -1.15      0.72     -0.47  0.        -551.636       5668.643       7435.546    0.000  -0.138   0.380   0.
  2017 352  7 53  4 485 352.328524135      -1.21      0.69     -0.42  0.        -552.980       5669.481       7435.210    0.000  -0.138   0.380   0.
  2017 352  7 53  5 485 352.328535709      -1.14      0.57     -0.35  0.        -554.324       5670.319       7434.875    0.000  -0.138   0.380   0.
  2017 352  7 53  6 485 352.328547283      -1.28      0.63     -0.20  0.        -555.668       5671.157       7434.539    0.000  -0.138   0.380   0.
  2017 352  7 53  7 485 352.328558857      -1.26      0.70     -0.35  0.        -557.012       5671.995       7434.203    0.000  -0.138   0.380   0.
  2017 352  7 53  8 484 352.328570428      -1.23      0.78     -0.38  0.        -558.356       5672.832       7433.866    0.000  -0.138   0.380   0.
  2017 352  7 53  9 484 352.328582002      -1.21      0.67     -0.25  0.        -559.700       5673.669       7433.529    0.000  -0.138   0.380   0.
  2017 352  7 53 10 485 352.328593576      -1.23      0.79     -0.30  0.        -561.044       5674.506       7433.192    0.000  -0.138   0.380   0.
  2017 352  7 53 11 485 352.328605150      -1.23      0.79     -0.41  0.        -562.388       5675.342       7432.854    0.000  -0.138   0.380   0.
  2017 352  7 53 12 484 352.328616725      -1.35      0.70     -0.35  0.        -563.732       5676.178       7432.516    0.000  -0.138   0.380   0.
  2017 352  7 53 13 484 352.328628299      -1.31      0.68     -0.33  0.        -565.076       5677.014       7432.178    0.000  -0.138   0.380   0.
  2017 352  7 53 14 485 352.328639873      -1.29      0.76     -0.39  0.        -566.420       5677.849       7431.839    0.000  -0.138   0.380   0.
  2017 352  7 53 15 485 352.328651447      -1.32      0.80     -0.31  0.        -567.764       5678.684       7431.499    0.000  -0.138   0.380   0.
  2017 352  7 53 16 485 352.328663021      -1.40      0.79     -0.30  0.        -569.107       5679.519       7431.160    0.000  -0.138   0.380   0.
  2017 352  7 53 17 485 352.328674595      -1.42      0.70     -0.33  0.        -570.451       5680.354       7430.820    0.000  -0.138   0.380   0.
  2017 352  7 53 18 485 352.328686169      -1.35      0.63     -0.46  0.        -571.795       5681.188       7430.479    0.000  -0.138   0.380   0.
  2017 352  7 53 19 484 352.328697743      -1.22      0.70     -0.39  0.        -573.138       5682.022       7430.138    0.000  -0.138   0.380   0.
  2017 352  7 53 20 484 352.328709317      -1.26      0.74     -0.38  0.        -574.482       5682.856       7429.797    0.000  -0.138   0.380   0.
  2017 352  7 53 21 484 352.328720891      -1.36      0.71     -0.42  0.        -575.826       5683.689       7429.455    0.000  -0.138   0.380   0.
  2017 352  7 53 22 484 352.328732465      -1.31      0.62     -0.53  0.        -577.169       5684.522       7429.113    0.000  -0.138   0.380   0.
  2017 352  7 53 23 485 352.328744039      -1.34      0.73     -0.42  0.        -578.513       5685.355       7428.771    0.000  -0.138   0.380   0.
  2017 352  7 53 24 485 352.328755613      -1.49      0.71     -0.46  0.        -579.856       5686.188       7428.428    0.000  -0.138   0.380   0.
  2017 352  7 53 25 485 352.328767187      -1.68      0.71     -0.49  0.        -581.200       5687.020       7428.085    0.000  -0.138   0.380   0.
  2017 352  7 53 26 484 352.328778762      -1.62      0.90     -0.24  0.        -582.543       5687.852       7427.741    0.000  -0.138   0.380   0.
  2017 352  7 53 27 484 352.328790336      -1.41      0.73     -0.17  0.        -583.887       5688.683       7427.398    0.000  -0.138   0.380   0.
  2017 352  7 53 28 485 352.328801910      -1.63      0.76     -0.10  0.        -585.230       5689.515       7427.053    0.000  -0.138   0.380   0.
  2017 352  7 53 29 485 352.328813484      -1.62      0.79     -0.27  0.        -586.574       5690.346       7426.708    0.000  -0.138   0.380   0.
  2017 352  7 53 30 485 352.328825058      -1.74      0.79     -0.33  0.        -587.917       5691.177       7426.363    0.000  -0.138   0.380   0.
  2017 352  7 53 31 485 352.328836632      -1.73      0.28     -0.44  0.        -589.260       5692.007       7426.018    0.000  -0.138   0.380   0.
  2017 352  7 53 32 484 352.328848206      -1.59      0.77     -0.30  0.        -590.604       5692.837       7425.672    0.000  -0.138   0.380   0.
  2017 352  7 53 33 484 352.328859780      -1.66      0.78     -0.12  0.        -591.947       5693.667       7425.326    0.000  -0.138   0.380   0.
  2017 352  7 53 34 484 352.328871354      -1.70      0.76     -0.35  0.        -593.290       5694.496       7424.979    0.000  -0.138   0.380   0.
  2017 352  7 53 35 484 352.328882928      -1.63      0.72     -0.47  0.        -594.633       5695.326       7424.632    0.000  -0.138   0.380   0.
  2017 352  7 53 36 484 352.328894502      -1.50      0.90     -0.49  0.        -595.976       5696.155       7424.285    0.000  -0.138   0.380   0.
  2017 352  7 53 37 485 352.328906076      -2.03      0.81     -0.25  0.        -597.320       5696.983       7423.937    0.000  -0.138   0.380   0.
  2017 352  7 53 38 485 352.328917648      -1.81      0.96     -0.27  0.        -598.663       5697.812       7423.589    0.000  -0.138   0.380   0.
  2017 352  7 53 39 484 352.328929222      -1.77      1.11     -0.53  0.        -600.006       5698.640       7423.240    0.000  -0.138   0.380   0.
  2017 352  7 53 40 484 352.328940796      -2.54      1.03     -0.28  0.        -601.349       5699.468       7422.891    0.000  -0.138   0.380   0.
  2017 352  7 53 41 484 352.328952370      -2.15      0.57     -0.24  0.        -602.692       5700.295       7422.542    0.000  -0.138   0.380   0.
  2017 352  7 53 42 484 352.328963944      -2.21      0.91      0.00  0.        -604.035       5701.122       7422.192    0.000  -0.138   0.380   0.
  2017 352  7 53 43 484 352.328975518      -1.92      0.85     -0.42  0.        -605.378       5701.949       7421.842    0.000  -0.138   0.380   0.
  2017 352  7 53 44 484 352.328987092      -2.15      0.96     -0.16  0.        -606.721       5702.776       7421.491    0.000  -0.138   0.380   0.
  2017 352  7 53 45 484 352.328998666      -2.50      1.01     -0.45  0.        -608.064       5703.602       7421.140    0.000  -0.138   0.380   0.
  2017 352  7 53 46 484 352.329010240      -2.76      1.46     -0.92  0.        -609.406       5704.428       7420.789    0.000  -0.138   0.380   0.
  2017 352  7 53 47 484 352.329021814      -2.07     -4.34     -1.00  0.        -610.749       5705.254       7420.438    0.000  -0.138   0.380   0.
  2017 352  7 53 48 484 352.329033388       0.95     -4.74      1.36  0.        -612.092       5706.079       7420.085    0.000  -0.138   0.380   0.
  2017 352  7 53 49 484 352.329044962      -2.54     -3.11      4.16  0.        -613.435       5706.904       7419.733    0.000  -0.138   0.380   0.
  2017 352  7 53 50 484 352.329056536      -2.04      2.15     -0.21  0.        -614.778       5707.729       7419.380    0.000  -0.138   0.380   0.
  2017 352  7 53 51 484 352.329068111       0.66     -5.65     -2.65  0.        -616.120       5708.554       7419.027    0.000  -0.138   0.380   0.
  2017 352  7 53 52 484 352.329079685      -0.19     -4.83     -0.25  0.        -617.463       5709.378       7418.674    0.000  -0.138   0.380   0.
  2017 352  7 53 53 484 352.329091259      -2.67     -1.22      1.94  0.        -618.806       5710.202       7418.320    0.000  -0.138   0.380   0.
  2017 352  7 53 54 484 352.329102833      -1.68      1.24     -0.12  0.        -620.148       5711.026       7417.965    0.000  -0.138   0.380   0.
  2017 352  7 53 55 484 352.329114407       0.63     -0.40     -1.70  0.        -621.491       5711.849       7417.610    0.000  -0.138   0.380   0.
  2017 352  7 53 56 484 352.329125981       1.05     -1.06     -1.19  0.        -622.833       5712.672       7417.255    0.000  -0.138   0.380   0.
  2017 352  7 53 57 484 352.329137555      -0.47     -0.61      1.63  0.        -624.176       5713.495       7416.900    0.000  -0.138   0.380   0.
  2017 352  7 53 58 484 352.329149129      -2.44     -0.48      2.02  0.        -625.518       5714.317       7416.544    0.000  -0.138   0.380   0.
  2017 352  7 53 59 484 352.329160703      -0.66      0.91      0.12  0.        -626.861       5715.140       7416.188    0.000  -0.138   0.380   0.
  2017 352  7 54  0 484 352.329172277       1.19      0.51     -0.35  0.        -628.203       5715.961       7415.831    0.000  -0.138   0.380   0.
  2017 352  7 54  1 484 352.329183851       0.61      1.65     -0.34  0.        -629.545       5716.783       7415.474    0.000  -0.138   0.380   0.
  2017 352  7 54  2 484 352.329195425      -0.60      2.72     -0.14  0.        -630.888       5717.604       7415.117    0.000  -0.138   0.380   0.
  2017 352  7 54  3 484 352.329206999       1.93      2.55      0.94  0.        -632.230       5718.425       7414.759    0.000  -0.138   0.380   0.
  2017 352  7 54  4 484 352.329218573      -0.11      2.25      0.08  0.        -633.572       5719.246       7414.401    0.000  -0.138   0.380   0.
  2017 352  7 54  5 484 352.329230148      -0.57      2.27      0.86  0.        -634.915       5720.066       7414.042    0.000  -0.138   0.380   0.
  2017 352  7 54  6 484 352.329241719      -4.31      3.62     -2.68  0.        -636.257       5720.886       7413.683    0.000  -0.138   0.380   0.
  2017 352  7 54  7 484 352.329253293      -1.40      2.56      0.04  0.        -637.599       5721.706       7413.324    0.000  -0.138   0.380   0.
  2017 352  7 54  8 484 352.329264867      -1.30      2.95      0.09  0.        -638.941       5722.526       7412.964    0.000  -0.138   0.380   0.
  2017 352  7 54  9 484 352.329276441      -3.56      3.07     -2.07  0.        -640.283       5723.345       7412.604    0.000  -0.138   0.380   0.
  2017 352  7 54 10 484 352.329288015      -1.07      0.84     -0.11  0.        -641.625       5724.164       7412.243    0.000  -0.138   0.380   0.
  2017 352  7 54 11 484 352.329299589      -0.09      0.87      0.41  0.        -642.967       5724.982       7411.882    0.000  -0.138   0.380   0.
  2017 352  7 54 12 484 352.329311163      -0.69      0.50     -0.74  0.        -644.309       5725.801       7411.521    0.000  -0.138   0.380   0.
  2017 352  7 54 13 484 352.329322737      -2.37      0.12     -1.00  0.        -645.651       5726.619       7411.159    0.000  -0.138   0.380   0.
  2017 352  7 54 14 484 352.329334311      -1.78      1.45      0.29  0.        -646.993       5727.437       7410.797    0.000  -0.138   0.380   0.
  2017 352  7 54 15 484 352.329345885      -2.47      3.25      0.46  0.        -648.335       5728.254       7410.435    0.000  -0.138   0.380   0.
  2017 352  7 54 16 484 352.329357460      -2.00      1.82     -0.48  0.        -649.677       5729.071       7410.072    0.000  -0.138   0.380   0.
  2017 352  7 54 17 484 352.329369034      -1.95      1.78     -3.99  0.        -651.019       5729.888       7409.709    0.000  -0.138   0.380   0.
  2017 352  7 54 18 484 352.329380608      -0.72      0.56     -5.09  0.        -652.361       5730.704       7409.345    0.000  -0.138   0.380   0.
  2017 352  7 54 19 484 352.329392182      -2.13      0.37     -3.12  0.        -653.703       5731.521       7408.981    0.000  -0.138   0.380   0.
  2017 352  7 54 20 484 352.329403756      -3.94      0.53      0.43  0.        -655.044       5732.337       7408.617    0.000  -0.138   0.380   0.
  2017 352  7 54 21 484 352.329415330      -2.69      0.43      0.85  0.        -656.386       5733.152       7408.252    0.000  -0.138   0.380   0.
  2017 352  7 54 22 484 352.329426904      -2.82      0.24      0.34  0.        -657.728       5733.968       7407.887    0.000  -0.138   0.380   0.
  2017 352  7 54 23 484 352.329438478      -0.78      0.26      0.57  0.        -659.069       5734.783       7407.522    0.000  -0.138   0.380   0.
  2017 352  7 54 24 484 352.329450052      -1.07      0.18      1.77  0.        -660.411       5735.598       7407.156    0.000  -0.138   0.380   0.
  2017 352  7 54 25 484 352.329461626      -1.99      0.76      1.12  0.        -661.753       5736.412       7406.790    0.000  -0.138   0.380   0.
  2017 352  7 54 26 484 352.329473200       0.18      0.55     -1.94  0.        -663.094       5737.226       7406.423    0.000  -0.138   0.380   0.
  2017 352  7 54 27 484 352.329484774      -0.34      1.15     -2.00  0.        -664.436       5738.040       7406.056    0.000  -0.138   0.380   0.
  2017 352  7 54 28 484 352.329496348      -0.41      1.21     -1.84  0.        -665.777       5738.854       7405.689    0.000  -0.138   0.380   0.
  2017 352  7 54 29 484 352.329507922       1.37      2.87     -1.73  0.        -667.118       5739.667       7405.321    0.000  -0.138   0.380   0.
  2017 352  7 54 30 484 352.329519496       0.83      1.77     -3.86  0.        -668.460       5740.480       7404.953    0.000  -0.138   0.380   0.
  2017 352  7 54 31 484 352.329531071      -1.48      2.49     -3.08  0.        -669.801       5741.293       7404.584    0.000  -0.138   0.380   0.
  2017 352  7 54 32 484 352.329542645      -2.25      2.75     -2.43  0.        -671.143       5742.105       7404.215    0.000  -0.138   0.380   0.
  2017 352  7 54 33 484 352.329554219      -3.52      3.09     -1.90  0.        -672.484       5742.917       7403.846    0.000  -0.138   0.380   0.
  2017 352  7 54 34 484 352.329565793      -2.49      2.32     -0.64  0.        -673.825       5743.729       7403.476    0.000  -0.138   0.380   0.
  2017 352  7 54 35 484 352.329577367      -2.14      2.75     -2.02  0.        -675.166       5744.541       7403.106    0.000  -0.138   0.380   0.
  2017 352  7 54 36 484 352.329588938      -1.17      1.28     -1.21  0.        -676.508       5745.352       7402.736    0.000  -0.138   0.380   0.
  2017 352  7 54 37 484 352.329600512      -1.01      1.89      0.79  0.        -677.849       5746.163       7402.365    0.000  -0.138   0.380   0.
  2017 352  7 54 38 484 352.329612086      -1.11      2.45      2.61  0.        -679.190       5746.973       7401.994    0.000  -0.138   0.380   0.
  2017 352  7 54 39 484 352.329623660      -3.83      0.99      2.89  0.        -680.531       5747.784       7401.622    0.000  -0.138   0.380   0.
  2017 352  7 54 40 484 352.329635234      -4.31     -2.05     -1.39  0.        -681.872       5748.594       7401.250    0.000  -0.138   0.380   0.
  2017 352  7 54 41 484 352.329646808      -2.08     -1.20     -0.30  0.        -683.213       5749.403       7400.878    0.000  -0.138   0.380   0.
  2017 352  7 54 42 484 352.329658383      -1.65      0.34     -1.17  0.        -684.554       5750.213       7400.505    0.000  -0.138   0.380   0.
  2017 352  7 54 43 484 352.329669957      -1.14     -0.72     -0.22  0.        -685.895       5751.022       7400.132    0.000  -0.138   0.380   0.
  2017 352  7 54 44 484 352.329681531       1.53     -1.38      1.43  0.        -687.236       5751.831       7399.758    0.000  -0.138   0.380   0.
  2017 352  7 54 45 484 352.329693105       0.45      0.23      0.59  0.        -688.577       5752.639       7399.384    0.000  -0.138   0.380   0.
  2017 352  7 54 46 484 352.329704679       0.96     -0.59     -0.27  0.        -689.918       5753.448       7399.010    0.000  -0.138   0.380   0.
  2017 352  7 54 47 484 352.329716253       0.70      0.91      0.34  0.        -691.258       5754.256       7398.635    0.000  -0.138   0.380   0.
  2017 352  7 54 48 484 352.329727827      -0.52      0.85      0.55  0.        -692.599       5755.063       7398.260    0.000  -0.138   0.380   0.
  2017 352  7 54 49 484 352.329739401       0.15      1.36     -0.26  0.        -693.940       5755.871       7397.885    0.000  -0.138   0.380   0.
  2017 352  7 54 50 484 352.329750975      -0.17      0.96     -0.88  0.        -695.281       5756.678       7397.509    0.000  -0.138   0.380   0.
  2017 352  7 54 51 484 352.329762549      -2.65      0.91     -0.49  0.        -696.621       5757.484       7397.133    0.000  -0.138   0.380   0.
  2017 352  7 54 52 484 352.329774123      -2.04      2.18      0.34  0.        -697.962       5758.291       7396.756    0.000  -0.138   0.380   0.
  2017 352  7 54 53 484 352.329785697      -0.87      0.50     -0.26  0.        -699.302       5759.097       7396.379    0.000  -0.138   0.380   0.
  2017 352  7 54 54 484 352.329797271      -0.60     -0.78      0.83  0.        -700.643       5759.903       7396.002    0.000  -0.138   0.380   0.
  2017 352  7 54 55 484 352.329808846      -0.80      0.36      1.02  0.        -701.984       5760.708       7395.624    0.000  -0.138   0.380   0.
  2017 352  7 54 56 484 352.329820420      -0.55      2.40     -0.79  0.        -703.324       5761.514       7395.246    0.000  -0.138   0.380   0.
  2017 352  7 54 57 484 352.329831994       3.08      1.97     -2.73  0.        -704.664       5762.319       7394.868    0.000  -0.138   0.380   0.
  2017 352  7 54 58 484 352.329843568       3.62      0.06     -2.35  0.        -706.005       5763.124       7394.489    0.000  -0.138   0.380   0.
  2017 352  7 54 59 484 352.329855142       1.76     -2.12     -2.68  0.        -707.345       5763.928       7394.110    0.000  -0.138   0.380   0.
  2017 352  7 55  0 484 352.329866716      -1.27     -1.88     -2.83  0.        -708.685       5764.732       7393.730    0.000  -0.138   0.380   0.
  2017 352  7 55  1 484 352.329878290      -0.91     -0.82     -1.46  0.        -710.026       5765.536       7393.350    0.000  -0.138   0.380   0.
  2017 352  7 55  2 484 352.329889864      -1.42      0.50     -1.32  0.        -711.366       5766.339       7392.970    0.000  -0.138   0.380   0.
  2017 352  7 55  3 484 352.329901438      -0.75      0.59     -2.84  0.        -712.706       5767.143       7392.589    0.000  -0.138   0.380   0.
  2017 352  7 55  4 483 352.329913009      -0.17      0.12     -2.51  0.        -714.046       5767.945       7392.208    0.000  -0.138   0.380   0.
  2017 352  7 55  5 483 352.329924583      -0.66      0.43     -1.04  0.        -715.387       5768.748       7391.826    0.000  -0.138   0.380   0.
  2017 352  7 55  6 484 352.329936157      -2.42      1.45     -2.33  0.        -716.727       5769.550       7391.444    0.000  -0.138   0.380   0.
  2017 352  7 55  7 484 352.329947731      -3.07     -0.12     -2.71  0.        -718.067       5770.352       7391.062    0.000  -0.138   0.380   0.
  2017 352  7 55  8 483 352.329959306      -0.91     -0.29     -0.24  0.        -719.407       5771.154       7390.679    0.000  -0.138   0.380   0.
  2017 352  7 55  9 483 352.329970880       1.08      2.66      0.56  0.        -720.747       5771.956       7390.296    0.000  -0.138   0.380   0.
  2017 352  7 55 10 484 352.329982454       0.63      3.27     -0.73  0.        -722.087       5772.757       7389.913    0.000  -0.138   0.380   0.
  2017 352  7 55 11 484 352.329994028      -0.05      1.36     -1.74  0.        -723.427       5773.558       7389.529    0.000  -0.138   0.380   0.
  2017 352  7 55 12 484 352.330005602       1.18      1.35      0.34  0.        -724.767       5774.358       7389.145    0.000  -0.138   0.380   0.
  2017 352  7 55 13 484 352.330017176       1.74      1.72     -0.14  0.        -726.106       5775.159       7388.760    0.000  -0.138   0.380   0.
  2017 352  7 55 14 483 352.330028750       2.07      3.31     -2.11  0.        -727.446       5775.959       7388.375    0.000  -0.138   0.380   0.
  2017 352  7 55 15 483 352.330040324       0.42      2.53     -3.23  0.        -728.786       5776.758       7387.990    0.000  -0.138   0.380   0.
  2017 352  7 55 16 483 352.330051898      -2.11      0.11     -2.66  0.        -730.126       5777.557       7387.604    0.000  -0.138   0.380   0.
  2017 352  7 55 17 483 352.330063472      -1.06      3.52     -2.33  0.        -731.466       5778.356       7387.218    0.000  -0.138   0.380   0.
  2017 352  7 55 18 483 352.330075046      -1.35      4.69     -1.88  0.        -732.805       5779.155       7386.832    0.000  -0.138   0.380   0.
  2017 352  7 55 19 484 352.330086620      -2.35      2.92     -2.80  0.        -734.145       5779.954       7386.445    0.000  -0.138   0.380   0.
  2017 352  7 55 20 484 352.330098194      -3.07     -2.03     -0.89  0.        -735.484       5780.752       7386.058    0.000  -0.138   0.380   0.
  2017 352  7 55 21 483 352.330109769      -1.27     -0.05      2.36  0.        -736.824       5781.550       7385.670    0.000  -0.138   0.380   0.
  2017 352  7 55 22 483 352.330121343      -1.22      3.38      1.30  0.        -738.164       5782.347       7385.282    0.000  -0.138   0.380   0.
  2017 352  7 55 23 484 352.330132917      -1.80      4.00     -0.76  0.        -739.503       5783.144       7384.894    0.000  -0.138   0.380   0.
  2017 352  7 55 24 484 352.330144491      -2.44      3.13     -1.25  0.        -740.842       5783.941       7384.505    0.000  -0.138   0.380   0.
  2017 352  7 55 25 484 352.330156065      -3.50      0.98     -1.88  0.        -742.182       5784.738       7384.116    0.000  -0.138   0.380   0.
  2017 352  7 55 26 484 352.330167639      -3.25     -0.69      0.33  0.        -743.521       5785.534       7383.726    0.000  -0.138   0.380   0.
  2017 352  7 55 27 484 352.330179213      -2.46     -0.84      1.07  0.        -744.861       5786.331       7383.336    0.000  -0.138   0.380   0.
  2017 352  7 55 28 483 352.330190787      -2.17     -0.22      0.87  0.        -746.200       5787.126       7382.946    0.000  -0.138   0.380   0.
  2017 352  7 55 29 483 352.330202361      -1.70      1.21      1.06  0.        -747.539       5787.922       7382.556    0.000  -0.138   0.380   0.
  2017 352  7 55 30 483 352.330213935      -1.55      2.09      0.85  0.        -748.878       5788.717       7382.165    0.000  -0.138   0.380   0.
  2017 352  7 55 31 483 352.330225509      -1.74      0.75      1.71  0.        -750.217       5789.512       7381.773    0.000  -0.138   0.380   0.
  2017 352  7 55 32 483 352.330237083      -2.85      0.32      3.21  0.        -751.557       5790.307       7381.381    0.000  -0.138   0.380   0.
  2017 352  7 55 33 484 352.330248657      -2.62     -0.07      1.13  0.        -752.896       5791.101       7380.989    0.000  -0.138   0.380   0.
  2017 352  7 55 34 499 352.330260410      -2.63     -0.13      0.16  0.        -754.256       5791.907       7380.590    0.000  -0.138   0.380   0.
  2017 352  7 55 35 515 352.330272164      -1.56      0.24      0.08  0.        -755.616       5792.713       7380.191    0.000  -0.138   0.380   0.
  2017 352  7 55 36 515 352.330283738      -0.73      0.42      0.47  0.        -756.954       5793.507       7379.798    0.000  -0.138   0.380   0.
  2017 352  7 55 37 514 352.330295312      -2.94      2.41      3.37  0.        -758.293       5794.300       7379.404    0.000  -0.138   0.380   0.
  2017 352  7 55 38 514 352.330306887      -2.94      2.77      0.70  0.        -759.632       5795.093       7379.010    0.000  -0.138   0.380   0.
  2017 352  7 55 39 515 352.330318461      -0.24      0.54      1.07  0.        -760.971       5795.885       7378.616    0.000  -0.138   0.380   0.
  2017 352  7 55 40 515 352.330330035       0.13     -0.27      2.16  0.        -762.310       5796.677       7378.221    0.000  -0.138   0.380   0.
  2017 352  7 55 41 515 352.330341609      -0.76     -1.26      2.45  0.        -763.649       5797.469       7377.826    0.000  -0.138   0.380   0.
  2017 352  7 55 42 515 352.330353183      -3.25      0.22      0.56  0.        -764.987       5798.261       7377.430    0.000  -0.138   0.380   0.
  2017 352  7 55 43 515 352.330364757      -2.32     -0.43     -1.65  0.        -766.326       5799.052       7377.034    0.000  -0.138   0.380   0.
  2017 352  7 55 44 514 352.330376331       0.42     -1.30     -0.77  0.        -767.665       5799.843       7376.638    0.000  -0.138   0.380   0.
  2017 352  7 55 45 514 352.330387905       0.96     -1.35     -0.39  0.        -769.004       5800.634       7376.241    0.000  -0.138   0.380   0.
  2017 352  7 55 46 514 352.330399479       2.06     -0.05     -0.34  0.        -770.342       5801.425       7375.844    0.000  -0.138   0.380   0.
  2017 352  7 55 47 514 352.330411053       1.85      0.77     -0.85  0.        -771.681       5802.215       7375.447    0.000  -0.138   0.380   0.
  2017 352  7 55 48 514 352.330422627       1.42      1.36     -1.38  0.        -773.019       5803.004       7375.049    0.000  -0.138   0.380   0.
  2017 352  7 55 49 515 352.330434201       0.55      1.84     -2.33  0.        -774.358       5803.794       7374.651    0.000  -0.138   0.380   0.
  2017 352  7 55 50 515 352.330445775      -0.75      0.96     -1.34  0.        -775.696       5804.583       7374.252    0.000  -0.138   0.380   0.
  2017 352  7 55 51 514 352.330457350      -1.75      1.18     -0.73  0.        -777.034       5805.372       7373.853    0.000  -0.138   0.380   0.
  2017 352  7 55 52 514 352.330468924      -1.82      1.33     -0.62  0.        -778.373       5806.161       7373.454    0.000  -0.138   0.380   0.
  2017 352  7 55 53 515 352.330480498      -2.22      2.10      0.27  0.        -779.711       5806.949       7373.054    0.000  -0.138   0.380   0.
  2017 352  7 55 54 515 352.330492072      -2.59      2.76      1.15  0.        -781.049       5807.737       7372.654    0.000  -0.138   0.380   0.
  2017 352  7 55 55 515 352.330503646      -1.55      2.27      1.31  0.        -782.388       5808.525       7372.253    0.000  -0.138   0.380   0.
  2017 352  7 55 56 515 352.330515220       0.06      2.41      0.18  0.        -783.726       5809.312       7371.852    0.000  -0.138   0.380   0.
  2017 352  7 55 57 515 352.330526794      -0.70      1.85     -2.47  0.        -785.064       5810.100       7371.451    0.000  -0.138   0.380   0.
  2017 352  7 55 58 514 352.330538368      -0.35     -0.52     -1.76  0.        -786.402       5810.887       7371.049    0.000  -0.138   0.380   0.
  2017 352  7 55 59 514 352.330549942       0.45     -1.12     -1.08  0.        -787.740       5811.673       7370.647    0.000  -0.138   0.380   0.
  2017 352  7 56  0 514 352.330561516      -0.64      1.13     -0.81  0.        -789.078       5812.459       7370.245    0.000  -0.138   0.380   0.
  2017 352  7 56  1 514 352.330573090      -1.67      1.12     -0.91  0.        -790.416       5813.245       7369.842    0.000  -0.138   0.380   0.
  2017 352  7 56  2 515 352.330584664      -0.90      1.21     -0.01  0.        -791.754       5814.031       7369.439    0.000  -0.138   0.380   0.
  2017 352  7 56  3 515 352.330596238      -0.40      0.72      0.10  0.        -793.092       5814.816       7369.036    0.000  -0.138   0.380   0.
  2017 352  7 56  4 515 352.330607810      -0.66      1.20      0.61  0.        -794.430       5815.601       7368.632    0.000  -0.138   0.380   0.
  2017 352  7 56  5 514 352.330619384      -2.64      2.23      0.99  0.        -795.768       5816.386       7368.227    0.000  -0.138   0.380   0.
  2017 352  7 56  6 514 352.330630958      -3.61      0.28     -1.13  0.        -797.105       5817.171       7367.823    0.000  -0.138   0.380   0.
  2017 352  7 56  7 514 352.330642532      -1.73      0.59      0.70  0.        -798.443       5817.955       7367.418    0.000  -0.138   0.380   0.
  2017 352  7 56  8 514 352.330654106      -2.30      2.43     -0.33  0.        -799.781       5818.739       7367.012    0.000  -0.138   0.380   0.
  2017 352  7 56  9 514 352.330665680      -1.35      1.85     -1.59  0.        -801.118       5819.522       7366.606    0.000  -0.138   0.380   0.
  2017 352  7 56 10 514 352.330677254      -0.14      0.78     -0.88  0.        -802.456       5820.306       7366.200    0.000  -0.138   0.380   0.
  2017 352  7 56 11 514 352.330688828       1.41      1.28      1.86  0.        -803.794       5821.089       7365.794    0.000  -0.138   0.380   0.
  2017 352  7 56 12 514 352.330700402       0.74      0.61      0.62  0.        -805.131       5821.871       7365.387    0.000  -0.138   0.380   0.
  2017 352  7 56 13 514 352.330711976      -1.50      1.08     -0.88  0.        -806.469       5822.654       7364.980    0.000  -0.138   0.380   0.
  2017 352  7 56 14 514 352.330723550      -1.57      0.55     -0.99  0.        -807.806       5823.436       7364.572    0.000  -0.138   0.380   0.
  2017 352  7 56 15 514 352.330735124      -1.49      0.65     -0.58  0.        -809.144       5824.218       7364.164    0.000  -0.138   0.380   0.
  2017 352  7 56 16 514 352.330746698      -3.27      0.30      1.27  0.        -810.481       5824.999       7363.755    0.000  -0.138   0.380   0.
  2017 352  7 56 17 514 352.330758273      -2.21      0.43      2.78  0.        -811.818       5825.780       7363.347    0.000  -0.138   0.380   0.
  2017 352  7 56 18 514 352.330769847      -1.28      0.68      0.26  0.        -813.156       5826.561       7362.937    0.000  -0.138   0.380   0.
  2017 352  7 56 19 514 352.330781421      -1.66      1.01     -0.65  0.        -814.493       5827.342       7362.528    0.000  -0.138   0.380   0.
  2017 352  7 56 20 514 352.330792995      -1.50      0.58     -0.90  0.        -815.830       5828.122       7362.118    0.000  -0.138   0.380   0.
  2017 352  7 56 21 514 352.330804569      -1.19      0.66     -0.81  0.        -817.167       5828.902       7361.708    0.000  -0.138   0.380   0.
  2017 352  7 56 22 514 352.330816143       1.97     -0.58      0.45  0.        -818.504       5829.682       7361.297    0.000  -0.138   0.380   0.
  2017 352  7 56 23 514 352.330827717       1.19      0.41      0.99  0.        -819.841       5830.461       7360.886    0.000  -0.138   0.380   0.
  2017 352  7 56 24 514 352.330839291      -0.42      1.09     -0.12  0.        -821.178       5831.241       7360.474    0.000  -0.138   0.380   0.
  2017 352  7 56 25 514 352.330850865      -0.87      0.73     -0.71  0.        -822.515       5832.019       7360.063    0.000  -0.138   0.380   0.
  2017 352  7 56 26 514 352.330862439       1.38     -0.24      0.86  0.        -823.852       5832.798       7359.650    0.000  -0.138   0.380   0.
  2017 352  7 56 27 514 352.330874013       1.69     -0.02      2.90  0.        -825.189       5833.576       7359.238    0.000  -0.138   0.380   0.
  2017 352  7 56 28 514 352.330885587       1.68      4.54      2.45  0.        -826.526       5834.354       7358.825    0.000  -0.138   0.380   0.
  2017 352  7 56 29 514 352.330897161      -0.58     -1.11     -2.16  0.        -827.863       5835.132       7358.412    0.000  -0.138   0.380   0.
  2017 352  7 56 30 514 352.330908736      -1.16     -5.12      1.12  0.        -829.200       5835.909       7357.998    0.000  -0.138   0.380   0.
  2017 352  7 56 31 514 352.330920310      -1.43     -4.81      5.29  0.        -830.536       5836.686       7357.584    0.000  -0.138   0.380   0.
  2017 352  7 56 32 514 352.330931881      -2.68     -0.72      5.51  0.        -831.873       5837.463       7357.169    0.000  -0.138   0.380   0.
  2017 352  7 56 33 514 352.330943455      -3.11      3.98      5.28  0.        -833.210       5838.239       7356.754    0.000  -0.138   0.380   0.
  2017 352  7 56 34 514 352.330955029      -1.85      1.30      2.60  0.        -834.546       5839.015       7356.339    0.000  -0.138   0.380   0.
  2017 352  7 56 35 514 352.330966603      -0.13     -0.50      0.02  0.        -835.883       5839.791       7355.923    0.000  -0.138   0.380   0.
  2017 352  7 56 36 514 352.330978177      -1.79      0.73     -0.97  0.        -837.219       5840.567       7355.508    0.000  -0.138   0.380   0.
  2017 352  7 56 37 514 352.330989751      -1.15      1.42      0.03  0.        -838.556       5841.342       7355.092    0.000  -0.138   0.380   0.
  2017 352  7 56 38 514 352.331001325      -0.96      2.50     -1.56  0.        -839.892       5842.117       7354.675    0.000  -0.138   0.380   0.
  2017 352  7 56 39 514 352.331012899      -1.57      0.15     -1.62  0.        -841.229       5842.892       7354.258    0.000  -0.138   0.380   0.
  2017 352  7 56 40 514 352.331024473      -2.67      2.44     -0.79  0.        -842.565       5843.666       7353.840    0.000  -0.138   0.380   0.
  2017 352  7 56 41 514 352.331036047      -5.41     -4.24     -0.08  0.        -843.901       5844.440       7353.422    0.000  -0.138   0.380   0.
  2017 352  7 56 42 514 352.331047621      -2.52     -0.94      2.16  0.        -845.238       5845.214       7353.004    0.000  -0.138   0.380   0.
  2017 352  7 56 43 514 352.331059196      -0.16      5.01      0.42  0.        -846.574       5845.988       7352.586    0.000  -0.138   0.380   0.
  2017 352  7 56 44 514 352.331070770      -0.51      0.62     -0.92  0.        -847.910       5846.761       7352.167    0.000  -0.138   0.380   0.
  2017 352  7 56 45 514 352.331082344      -2.26     -1.65      0.44  0.        -849.246       5847.533       7351.747    0.000  -0.138   0.380   0.
  2017 352  7 56 46 514 352.331093918      -3.47     -4.11      1.34  0.        -850.582       5848.306       7351.328    0.000  -0.138   0.380   0.
  2017 352  7 56 47 514 352.331105492      -0.19     -0.67      2.91  0.        -851.918       5849.078       7350.907    0.000  -0.138   0.380   0.
  2017 352  7 56 48 514 352.331117066       0.58      1.62     -1.22  0.        -853.255       5849.850       7350.487    0.000  -0.138   0.380   0.
  2017 352  7 56 49 514 352.331128640      -0.39      0.57     -0.76  0.        -854.591       5850.622       7350.066    0.000  -0.138   0.380   0.
  2017 352  7 56 50 514 352.331140214      -0.88      0.81     -3.09  0.        -855.926       5851.393       7349.645    0.000  -0.138   0.380   0.
  2017 352  7 56 51 514 352.331151788      -1.18     -2.64     -1.25  0.        -857.262       5852.165       7349.223    0.000  -0.138   0.380   0.
  2017 352  7 56 52 514 352.331163362      -6.25     -5.84     -0.92  0.        -858.598       5852.935       7348.801    0.000  -0.138   0.380   0.
  2017 352  7 56 53 514 352.331174936      -3.38      0.57     -0.50  0.        -859.934       5853.706       7348.379    0.000  -0.138   0.380   0.
  2017 352  7 56 54 514 352.331186510       1.00     -1.76     -3.46  0.        -861.270       5854.476       7347.956    0.000  -0.138   0.380   0.
  2017 352  7 56 55 514 352.331198085       1.75     -1.91     -1.33  0.        -862.605       5855.246       7347.533    0.000  -0.138   0.380   0.
  2017 352  7 56 56 514 352.331209659       1.48     -1.82     -0.95  0.        -863.941       5856.015       7347.110    0.000  -0.138   0.380   0.
  2017 352  7 56 57 514 352.331221233      -1.82     -3.98     -1.06  0.        -865.277       5856.785       7346.686    0.000  -0.138   0.380   0.
  2017 352  7 56 58 514 352.331232807      -3.71     -1.86      0.18  0.        -866.612       5857.554       7346.262    0.000  -0.138   0.380   0.
  2017 352  7 56 59 514 352.331244381      -3.36      0.47      0.10  0.        -867.948       5858.322       7345.837    0.000  -0.138   0.380   0.
  2017 352  7 57  0 514 352.331255955      -2.47      0.79      0.44  0.        -869.283       5859.091       7345.412    0.000  -0.138   0.380   0.
  2017 352  7 57  1 514 352.331267529      -2.06      1.00      0.28  0.        -870.619       5859.859       7344.987    0.000  -0.138   0.380   0.
  2017 352  7 57  2 514 352.331279100      -1.96      0.52      0.55  0.        -871.954       5860.627       7344.561    0.000  -0.138   0.380   0.
  2017 352  7 57  3 514 352.331290674      -1.43      0.52      1.41  0.        -873.289       5861.394       7344.135    0.000  -0.138   0.380   0.
  2017 352  7 57  4 514 352.331302248      -0.32      0.72      0.07  0.        -874.625       5862.161       7343.709    0.000  -0.138   0.380   0.
  2017 352  7 57  5 514 352.331313822       0.48      0.66     -0.63  0.        -875.960       5862.928       7343.282    0.000  -0.138   0.380   0.
  2017 352  7 57  6 514 352.331325396       0.18      0.95     -0.87  0.        -877.295       5863.695       7342.855    0.000  -0.138   0.380   0.
  2017 352  7 57  7 514 352.331336971       0.76      1.81     -1.05  0.        -878.630       5864.461       7342.427    0.000  -0.138   0.380   0.
  2017 352  7 57  8 514 352.331348545       0.85      1.37     -1.23  0.        -879.965       5865.227       7341.999    0.000  -0.138   0.380   0.
  2017 352  7 57  9 514 352.331360119       2.08     -0.51     -0.20  0.        -881.300       5865.993       7341.571    0.000  -0.138   0.380   0.
  2017 352  7 57 10 514 352.331371693       0.81     -0.22     -0.48  0.        -882.636       5866.758       7341.142    0.000  -0.138   0.380   0.
  2017 352  7 57 11 514 352.331383267      -0.60      0.65     -1.97  0.        -883.970       5867.524       7340.713    0.000  -0.138   0.380   0.
  2017 352  7 57 12 514 352.331394841      -0.83      1.37     -1.48  0.        -885.305       5868.288       7340.283    0.000  -0.138   0.380   0.
  2017 352  7 57 13 514 352.331406415      -0.34      1.71     -0.56  0.        -886.640       5869.053       7339.854    0.000  -0.138   0.380   0.
  2017 352  7 57 14 514 352.331417989       0.42      2.51     -0.20  0.        -887.975       5869.817       7339.423    0.000  -0.138   0.380   0.
  2017 352  7 57 15 514 352.331429563       1.53      1.97     -1.29  0.        -889.310       5870.581       7338.993    0.000  -0.138   0.380   0.
  2017 352  7 57 16 514 352.331441137       1.23      0.00     -1.24  0.        -890.645       5871.345       7338.562    0.000  -0.138   0.380   0.
  2017 352  7 57 17 514 352.331452711       0.63     -0.60     -1.85  0.        -891.979       5872.108       7338.131    0.000  -0.138   0.380   0.
  2017 352  7 57 18 514 352.331464285       0.45     -0.31     -1.89  0.        -893.314       5872.871       7337.699    0.000  -0.138   0.380   0.
  2017 352  7 57 19 514 352.331475859      -0.32      0.41     -0.86  0.        -894.649       5873.634       7337.267    0.000  -0.138   0.380   0.
  2017 352  7 57 20 514 352.331487433       0.14      0.73     -0.77  0.        -895.983       5874.396       7336.834    0.000  -0.138   0.380   0.
  2017 352  7 57 21 514 352.331499008      -1.03      1.42     -0.80  0.        -897.318       5875.158       7336.402    0.000  -0.138   0.380   0.
  2017 352  7 57 22 514 352.331510582      -2.91      2.44     -3.82  0.        -898.652       5875.920       7335.968    0.000  -0.138   0.380   0.
  2017 352  7 57 23 514 352.331522156      -2.71      0.28     -1.78  0.        -899.987       5876.682       7335.535    0.000  -0.138   0.380   0.
  2017 352  7 57 24 514 352.331533730      -1.32      0.67     -0.23  0.        -901.321       5877.443       7335.101    0.000  -0.138   0.380   0.
  2017 352  7 57 25 514 352.331545304      -1.16      0.34     -0.83  0.        -902.656       5878.204       7334.667    0.000  -0.138   0.380   0.
  2017 352  7 57 26 514 352.331556878      -2.55      0.96     -1.66  0.        -903.990       5878.964       7334.232    0.000  -0.138   0.380   0.
  2017 352  7 57 27 514 352.331568452      -4.15      1.14     -2.74  0.        -905.324       5879.725       7333.797    0.000  -0.138   0.380   0.
  2017 352  7 57 28 514 352.331580026      -4.92      0.96     -2.90  0.        -906.658       5880.485       7333.361    0.000  -0.138   0.380   0.
  2017 352  7 57 29 514 352.331591600      -7.53     -1.13      1.28  0.        -907.993       5881.245       7332.926    0.000  -0.138   0.380   0.
  2017 352  7 57 30 513 352.331603171      -4.98      4.80      4.41  0.        -909.327       5882.004       7332.490    0.000  -0.138   0.380   0.
  2017 352  7 57 31 514 352.331614745      -5.46      4.73      3.00  0.        -910.661       5882.763       7332.053    0.000  -0.138   0.380   0.
  2017 352  7 57 32 514 352.331626319      -7.14      2.64     -0.41  0.        -911.995       5883.522       7331.616    0.000  -0.138   0.380   0.
  2017 352  7 57 33 513 352.331637894      -5.59     -1.63     -2.56  0.        -913.329       5884.281       7331.179    0.000  -0.138   0.380   0.
  2017 352  7 57 34 513 352.331649468       0.48     -1.56      1.64  0.        -914.663       5885.039       7330.741    0.000  -0.138   0.380   0.
  2017 352  7 57 35 514 352.331661042      -0.33      5.53      2.47  0.        -915.997       5885.797       7330.303    0.000  -0.138   0.380   0.
  2017 352  7 57 36 514 352.331672616      -2.49      1.33     -1.89  0.        -917.330       5886.555       7329.865    0.000  -0.138   0.380   0.
  2017 352  7 57 37 514 352.331684190      -3.34      0.77     -3.55  0.        -918.664       5887.312       7329.426    0.000  -0.138   0.380   0.
  2017 352  7 57 38 514 352.331695764      -2.91      0.29     -1.54  0.        -919.998       5888.069       7328.987    0.000  -0.138   0.380   0.
  2017 352  7 57 39 514 352.331707338      -1.71      0.11     -1.08  0.        -921.332       5888.826       7328.547    0.000  -0.138   0.380   0.
  2017 352  7 57 40 513 352.331718912      -1.12     -0.86     -0.02  0.        -922.665       5889.582       7328.107    0.000  -0.138   0.380   0.
  2017 352  7 57 41 513 352.331730486       0.60     -0.67      0.50  0.        -923.999       5890.338       7327.667    0.000  -0.138   0.380   0.
  2017 352  7 57 42 513 352.331742060       1.11     -0.79      2.17  0.        -925.333       5891.094       7327.226    0.000  -0.138   0.380   0.
  2017 352  7 57 43 513 352.331753634       2.52      2.06      4.32  0.        -926.666       5891.850       7326.785    0.000  -0.138   0.380   0.
  2017 352  7 57 44 513 352.331765208       1.11      5.38      3.82  0.        -928.000       5892.605       7326.344    0.000  -0.138   0.380   0.
  2017 352  7 57 45 514 352.331776782      -1.50      1.40     -3.00  0.        -929.333       5893.360       7325.902    0.000  -0.138   0.380   0.
  2017 352  7 57 46 514 352.331788356      -0.30      0.03     -0.91  0.        -930.666       5894.115       7325.460    0.000  -0.138   0.380   0.
  2017 352  7 57 47 513 352.331799931      -0.25      0.05     -0.30  0.        -932.000       5894.869       7325.018    0.000  -0.138   0.380   0.
  2017 352  7 57 48 513 352.331811505      -0.44     -0.45     -0.56  0.        -933.333       5895.623       7324.575    0.000  -0.138   0.380   0.
  2017 352  7 57 49 514 352.331823079      -2.66     -0.37     -0.35  0.        -934.666       5896.377       7324.132    0.000  -0.138   0.380   0.
  2017 352  7 57 50 514 352.331834653      -2.40      2.08      1.24  0.        -935.999       5897.130       7323.688    0.000  -0.138   0.380   0.
  2017 352  7 57 51 514 352.331846227      -1.95      2.31     -1.31  0.        -937.332       5897.883       7323.244    0.000  -0.138   0.380   0.
  2017 352  7 57 52 514 352.331857801      -0.35      1.42     -1.35  0.        -938.666       5898.636       7322.800    0.000  -0.138   0.380   0.
  2017 352  7 57 53 513 352.331869375       1.02      1.02     -0.94  0.        -939.999       5899.389       7322.355    0.000  -0.138   0.380   0.
  2017 352  7 57 54 513 352.331880949      -0.11     -0.08      0.92  0.        -941.332       5900.141       7321.910    0.000  -0.138   0.380   0.
  2017 352  7 57 55 513 352.331892523       0.35      0.19      0.12  0.        -942.665       5900.893       7321.464    0.000  -0.138   0.380   0.
  2017 352  7 57 56 513 352.331904097       0.01      0.54     -0.72  0.        -943.997       5901.645       7321.018    0.000  -0.138   0.380   0.
  2017 352  7 57 57 513 352.331915671      -0.23      0.57     -0.87  0.        -945.330       5902.396       7320.572    0.000  -0.138   0.380   0.
  2017 352  7 57 58 514 352.331927245      -1.07      0.40     -1.34  0.        -946.663       5903.147       7320.126    0.000  -0.138   0.380   0.
  2017 352  7 57 59 514 352.331938819      -0.86      0.72     -1.03  0.        -947.996       5903.898       7319.679    0.000  -0.138   0.380   0.
  2017 352  7 58  0 513 352.331950391      -0.36      0.69     -0.44  0.        -949.328       5904.648       7319.231    0.000  -0.138   0.380   0.
  2017 352  7 58  1 513 352.331961965       0.02      0.09     -0.19  0.        -950.661       5905.399       7318.784    0.000  -0.138   0.380   0.
  2017 352  7 58  2 513 352.331973539      -0.18     -0.21      0.25  0.        -951.994       5906.149       7318.336    0.000  -0.138   0.380   0.
  2017 352  7 58  3 513 352.331985113       0.52     -0.13     -0.09  0.        -953.326       5906.898       7317.887    0.000  -0.138   0.380   0.
  2017 352  7 58  4 513 352.331996687       0.34      0.64     -0.67  0.        -954.659       5907.647       7317.438    0.000  -0.138   0.380   0.
  2017 352  7 58  5 513 352.332008261      -0.29      0.57     -0.79  0.        -955.991       5908.396       7316.989    0.000  -0.138   0.380   0.
  2017 352  7 58  6 513 352.332019835      -0.28      0.27     -1.13  0.        -957.324       5909.145       7316.540    0.000  -0.138   0.380   0.
  2017 352  7 58  7 513 352.332031409      -0.02      0.06     -1.73  0.        -958.656       5909.893       7316.090    0.000  -0.138   0.380   0.
  2017 352  7 58  8 513 352.332042983      -0.59      0.15     -1.68  0.        -959.988       5910.641       7315.639    0.000  -0.138   0.380   0.
  2017 352  7 58  9 513 352.332054557      -0.91      0.33     -1.46  0.        -961.321       5911.389       7315.189    0.000  -0.138   0.380   0.
  2017 352  7 58 10 513 352.332066131      -1.18      0.18     -0.54  0.        -962.653       5912.137       7314.738    0.000  -0.138   0.380   0.
  2017 352  7 58 11 513 352.332077705      -0.88      0.22     -0.29  0.        -963.985       5912.884       7314.286    0.000  -0.138   0.380   0.
  2017 352  7 58 12 513 352.332089280      -0.12      1.00     -0.02  0.        -965.317       5913.631       7313.835    0.000  -0.138   0.380   0.
  2017 352  7 58 13 513 352.332100854       1.07      1.01     -0.14  0.        -966.649       5914.378       7313.382    0.000  -0.138   0.380   0.
  2017 352  7 58 14 513 352.332112428       0.97      0.02     -0.53  0.        -967.981       5915.124       7312.930    0.000  -0.138   0.380   0.
  2017 352  7 58 15 513 352.332124002       0.85     -0.65     -0.34  0.        -969.313       5915.870       7312.477    0.000  -0.138   0.380   0.
  2017 352  7 58 16 513 352.332135576       1.16     -1.66     -0.45  0.        -970.645       5916.615       7312.024    0.000  -0.138   0.380   0.
  2017 352  7 58 17 513 352.332147150       1.81     -1.85     -0.82  0.        -971.977       5917.361       7311.570    0.000  -0.138   0.380   0.
  2017 352  7 58 18 513 352.332158724       1.14     -1.10     -0.71  0.        -973.309       5918.106       7311.116    0.000  -0.138   0.380   0.
  2017 352  7 58 19 513 352.332170298      -0.06     -0.81     -0.48  0.        -974.641       5918.851       7310.662    0.000  -0.138   0.380   0.
  2017 352  7 58 20 513 352.332181872      -0.22     -1.00     -0.46  0.        -975.972       5919.595       7310.207    0.000  -0.138   0.380   0.
  2017 352  7 58 21 513 352.332193446       0.35     -0.06     -0.53  0.        -977.304       5920.340       7309.752    0.000  -0.138   0.380   0.
  2017 352  7 58 22 513 352.332205020       0.50      0.33     -0.10  0.        -978.636       5921.083       7309.296    0.000  -0.138   0.380   0.
  2017 352  7 58 23 513 352.332216594      -0.08     -0.57     -0.55  0.        -979.967       5921.827       7308.840    0.000  -0.138   0.380   0.
  2017 352  7 58 24 513 352.332228168      -1.70     -1.57     -2.03  0.        -981.299       5922.570       7308.384    0.000  -0.138   0.380   0.
  2017 352  7 58 25 513 352.332239742      -0.86     -0.41     -2.02  0.        -982.630       5923.313       7307.928    0.000  -0.138   0.380   0.
  2017 352  7 58 26 513 352.332251317       0.42      1.09     -1.94  0.        -983.962       5924.056       7307.471    0.000  -0.138   0.380   0.
  2017 352  7 58 27 513 352.332262891       0.69      1.26     -1.64  0.        -985.293       5924.798       7307.013    0.000  -0.138   0.380   0.
  2017 352  7 58 28 513 352.332274465      -0.30     -0.75     -1.62  0.        -986.624       5925.540       7306.556    0.000  -0.138   0.380   0.
  2017 352  7 58 29 513 352.332286039      -0.64     -0.96      0.76  0.        -987.956       5926.282       7306.097    0.000  -0.138   0.380   0.
  2017 352  7 58 30 513 352.332297610       0.28     -0.49      3.23  0.        -989.287       5927.024       7305.639    0.000  -0.138   0.380   0.
  2017 352  7 58 31 513 352.332309184      -1.22     -0.50      0.53  0.        -990.618       5927.765       7305.180    0.000  -0.138   0.380   0.
  2017 352  7 58 32 513 352.332320758      -0.59     -1.12     -0.46  0.        -991.949       5928.506       7304.721    0.000  -0.138   0.380   0.
  2017 352  7 58 33 513 352.332332332       0.80     -2.04     -0.78  0.        -993.280       5929.246       7304.262    0.000  -0.138   0.380   0.
  2017 352  7 58 34 513 352.332343906       1.05     -0.57     -0.30  0.        -994.611       5929.987       7303.802    0.000  -0.138   0.380   0.
  2017 352  7 58 35 513 352.332355480       1.26     -0.69     -0.80  0.        -995.942       5930.727       7303.341    0.000  -0.138   0.380   0.
  2017 352  7 58 36 513 352.332367054      -0.02     -0.69      0.11  0.        -997.273       5931.466       7302.881    0.000  -0.138   0.380   0.
  2017 352  7 58 37 513 352.332378629      -0.41     -0.04     -0.26  0.        -998.604       5932.206       7302.420    0.000  -0.138   0.380   0.
  2017 352  7 58 38 513 352.332390203      -0.31     -0.39     -0.41  0.        -999.935       5932.945       7301.958    0.000  -0.138   0.380   0.
  2017 352  7 58 39 513 352.332401777      -1.49      0.35      1.13  0.       -1001.266       5933.684       7301.496    0.000  -0.138   0.380   0.
  2017 352  7 58 40 513 352.332413351      -0.92      1.10      2.00  0.       -1002.597       5934.422       7301.034    0.000  -0.138   0.380   0.
  2017 352  7 58 41 513 352.332424925       0.06      1.85      0.89  0.       -1003.927       5935.160       7300.572    0.000  -0.138   0.380   0.
  2017 352  7 58 42 513 352.332436499       1.11      1.93     -0.71  0.       -1005.258       5935.898       7300.109    0.000  -0.138   0.380   0.
  2017 352  7 58 43 513 352.332448073       0.60      0.60     -2.44  0.       -1006.588       5936.636       7299.646    0.000  -0.138   0.380   0.
  2017 352  7 58 44 513 352.332459647      -0.95     -0.20     -2.23  0.       -1007.919       5937.373       7299.182    0.000  -0.138   0.380   0.
  2017 352  7 58 45 513 352.332471221      -1.68     -0.72     -1.15  0.       -1009.249       5938.110       7298.718    0.000  -0.138   0.380   0.
  2017 352  7 58 46 513 352.332482795      -1.44      0.09     -0.34  0.       -1010.580       5938.847       7298.254    0.000  -0.138   0.380   0.
  2017 352  7 58 47 513 352.332494369      -1.87      1.30     -0.76  0.       -1011.910       5939.584       7297.789    0.000  -0.138   0.380   0.
  2017 352  7 58 48 513 352.332505943      -2.04      2.90     -0.67  0.       -1013.240       5940.319       7297.324    0.000  -0.138   0.380   0.
  2017 352  7 58 49 513 352.332517517      -1.35      3.45     -3.16  0.       -1014.571       5941.055       7296.858    0.000  -0.138   0.380   0.
  2017 352  7 58 50 513 352.332529091      -2.12      2.36     -5.32  0.       -1015.901       5941.791       7296.393    0.000  -0.138   0.380   0.
  2017 352  7 58 51 513 352.332540666      -3.33      0.64     -4.72  0.       -1017.231       5942.526       7295.926    0.000  -0.138   0.380   0.
  2017 352  7 58 52 513 352.332552240      -2.27     -0.47     -2.34  0.       -1018.561       5943.261       7295.460    0.000  -0.138   0.380   0.
  2017 352  7 58 53 513 352.332563814      -0.55     -1.26     -1.42  0.       -1019.891       5943.996       7294.993    0.000  -0.138   0.380   0.
  2017 352  7 58 54 513 352.332575388       0.06     -0.79     -2.53  0.       -1021.221       5944.730       7294.526    0.000  -0.138   0.380   0.
  2017 352  7 58 55 513 352.332586962      -0.02      0.17     -1.87  0.       -1022.551       5945.464       7294.058    0.000  -0.138   0.380   0.
  2017 352  7 58 56 513 352.332598536      -0.20      0.46     -1.98  0.       -1023.881       5946.198       7293.590    0.000  -0.138   0.380   0.
  2017 352  7 58 57 513 352.332610110       0.25     -0.21     -1.88  0.       -1025.211       5946.931       7293.121    0.000  -0.138   0.380   0.
  2017 352  7 58 58 513 352.332621681       0.13     -0.53     -0.79  0.       -1026.541       5947.664       7292.653    0.000  -0.138   0.380   0.
  2017 352  7 58 59 513 352.332633255       0.16     -1.26      0.06  0.       -1027.871       5948.397       7292.184    0.000  -0.138   0.380   0.
  2017 352  7 59  0 513 352.332644829       0.47     -0.17      0.43  0.       -1029.200       5949.129       7291.714    0.000  -0.138   0.380   0.
  2017 352  7 59  1 513 352.332656403      -0.45      0.95      0.20  0.       -1030.530       5949.862       7291.244    0.000  -0.138   0.380   0.
  2017 352  7 59  2 513 352.332667977      -0.42      4.43     -2.84  0.       -1031.860       5950.593       7290.774    0.000  -0.138   0.380   0.
  2017 352  7 59  3 513 352.332679552       0.24      2.10     -5.07  0.       -1033.189       5951.325       7290.303    0.000  -0.138   0.380   0.
  2017 352  7 59  4 513 352.332691126       0.44      0.26     -2.04  0.       -1034.519       5952.056       7289.832    0.000  -0.138   0.380   0.
  2017 352  7 59  5 513 352.332702700       1.42      0.45     -1.54  0.       -1035.848       5952.787       7289.361    0.000  -0.138   0.380   0.
  2017 352  7 59  6 513 352.332714274       1.20      0.79     -1.80  0.       -1037.178       5953.518       7288.889    0.000  -0.138   0.380   0.
  2017 352  7 59  7 513 352.332725848       0.01      1.99     -2.06  0.       -1038.507       5954.249       7288.417    0.000  -0.138   0.380   0.
  2017 352  7 59  8 513 352.332737422      -0.71      2.14     -2.91  0.       -1039.836       5954.979       7287.945    0.000  -0.138   0.380   0.
  2017 352  7 59  9 513 352.332748996      -0.34      2.02     -2.35  0.       -1041.165       5955.709       7287.472    0.000  -0.138   0.380   0.
  2017 352  7 59 10 513 352.332760570       0.75      0.20     -4.69  0.       -1042.495       5956.438       7286.999    0.000  -0.138   0.380   0.
  2017 352  7 59 11 513 352.332772144       1.07     -0.92     -3.71  0.       -1043.824       5957.167       7286.525    0.000  -0.138   0.380   0.
  2017 352  7 59 12 513 352.332783718       0.21     -1.35     -2.88  0.       -1045.153       5957.896       7286.051    0.000  -0.138   0.380   0.
  2017 352  7 59 13 513 352.332795292       1.39     -0.23     -0.79  0.       -1046.482       5958.625       7285.577    0.000  -0.138   0.380   0.
  2017 352  7 59 14 513 352.332806866      -0.16     -0.59     -1.50  0.       -1047.811       5959.353       7285.102    0.000  -0.138   0.380   0.
  2017 352  7 59 15 513 352.332818440      -0.88     -1.05     -1.15  0.       -1049.140       5960.081       7284.627    0.000  -0.138   0.380   0.
  2017 352  7 59 16 513 352.332830014      -1.93     -1.27     -0.10  0.       -1050.469       5960.809       7284.152    0.000  -0.138   0.380   0.
  2017 352  7 59 17 513 352.332841589      -2.05     -1.13      2.20  0.       -1051.797       5961.536       7283.676    0.000  -0.138   0.380   0.
  2017 352  7 59 18 513 352.332853163      -2.65     -0.37      0.86  0.       -1053.126       5962.263       7283.200    0.000  -0.138   0.380   0.
  2017 352  7 59 19 513 352.332864737      -2.15     -0.82     -0.52  0.       -1054.455       5962.990       7282.723    0.000  -0.138   0.380   0.
  2017 352  7 59 20 513 352.332876311      -0.81     -0.34      0.31  0.       -1055.783       5963.717       7282.247    0.000  -0.138   0.380   0.
  2017 352  7 59 21 513 352.332887885      -0.90      0.14     -0.04  0.       -1057.112       5964.443       7281.769    0.000  -0.138   0.380   0.
  2017 352  7 59 22 513 352.332899459      -1.17      0.42     -0.64  0.       -1058.441       5965.169       7281.292    0.000  -0.138   0.380   0.
  2017 352  7 59 23 513 352.332911033      -2.64      2.62     -0.41  0.       -1059.769       5965.894       7280.814    0.000  -0.138   0.380   0.
  2017 352  7 59 24 513 352.332922607      -2.47      1.78     -1.07  0.       -1061.097       5966.620       7280.335    0.000  -0.138   0.380   0.
  2017 352  7 59 25 513 352.332934181      -1.08      1.21     -0.16  0.       -1062.426       5967.345       7279.857    0.000  -0.138   0.380   0.
  2017 352  7 59 26 513 352.332945755      -0.59      1.81     -0.58  0.       -1063.754       5968.069       7279.378    0.000  -0.138   0.380   0.
  2017 352  7 59 27 513 352.332957329      -1.57      3.66     -0.82  0.       -1065.083       5968.794       7278.899    0.000  -0.138   0.380   0.
  2017 352  7 59 28 513 352.332968900      -3.80      3.05     -2.69  0.       -1066.411       5969.518       7278.419    0.000  -0.138   0.380   0.
  2017 352  7 59 29 512 352.332980475      -3.71      2.41     -2.57  0.       -1067.739       5970.242       7277.938    0.000  -0.138   0.380   0.
  2017 352  7 59 30 512 352.332992049      -5.13      1.76     -1.65  0.       -1069.067       5970.965       7277.458    0.000  -0.138   0.380   0.
  2017 352  7 59 31 513 352.333003623      -4.11      0.93     -0.60  0.       -1070.395       5971.688       7276.977    0.000  -0.138   0.380   0.
  2017 352  7 59 32 513 352.333015197      -3.58      1.53      0.11  0.       -1071.723       5972.411       7276.496    0.000  -0.138   0.380   0.
  2017 352  7 59 33 513 352.333026771      -3.41      0.97     -0.13  0.       -1073.051       5973.134       7276.014    0.000  -0.138   0.380   0.
  2017 352  7 59 34 513 352.333038345      -2.28      0.21      0.04  0.       -1074.379       5973.856       7275.532    0.000  -0.138   0.380   0.
  2017 352  7 59 35 513 352.333049919      -1.76      1.08     -0.56  0.       -1075.707       5974.578       7275.050    0.000  -0.138   0.380   0.
  2017 352  7 59 36 512 352.333061493       0.23     -0.74     -0.11  0.       -1077.035       5975.300       7274.567    0.000  -0.138   0.380   0.
  2017 352  7 59 37 512 352.333073067       1.49     -0.65      1.16  0.       -1078.362       5976.021       7274.084    0.000  -0.138   0.380   0.
  2017 352  7 59 38 512 352.333084641      -0.27      0.67     -0.29  0.       -1079.690       5976.742       7273.600    0.000  -0.138   0.380   0.
  2017 352  7 59 39 512 352.333096215       0.08     -0.02      0.30  0.       -1081.018       5977.463       7273.117    0.000  -0.138   0.380   0.
  2017 352  7 59 40 513 352.333107789       1.07     -0.88      1.10  0.       -1082.345       5978.184       7272.632    0.000  -0.138   0.380   0.
  2017 352  7 59 41 513 352.333119363       1.62     -0.84      0.87  0.       -1083.673       5978.904       7272.148    0.000  -0.138   0.380   0.
  2017 352  7 59 42 513 352.333130938       1.20     -0.30      0.79  0.       -1085.000       5979.624       7271.663    0.000  -0.138   0.380   0.
  2017 352  7 59 43 512 352.333142512       0.58     -0.22      1.10  0.       -1086.328       5980.343       7271.178    0.000  -0.138   0.380   0.
  2017 352  7 59 44 512 352.333154086       0.41      0.35      1.05  0.       -1087.655       5981.063       7270.692    0.000  -0.138   0.380   0.
  2017 352  7 59 45 513 352.333165660       0.62      0.11      1.59  0.       -1088.982       5981.782       7270.206    0.000  -0.138   0.380   0.
  2017 352  7 59 46 513 352.333177234       0.20      0.28      1.11  0.       -1090.310       5982.500       7269.719    0.000  -0.138   0.380   0.
  2017 352  7 59 47 513 352.333188808       0.59      0.08      1.44  0.       -1091.637       5983.219       7269.233    0.000  -0.138   0.380   0.
  2017 352  7 59 48 513 352.333200382       1.01      0.62      0.48  0.       -1092.964       5983.937       7268.746    0.000  -0.138   0.380   0.
  2017 352  7 59 49 512 352.333211956       0.45      0.84      0.07  0.       -1094.291       5984.655       7268.258    0.000  -0.138   0.380   0.
  2017 352  7 59 50 512 352.333223530      -0.03      0.57     -0.27  0.       -1095.618       5985.372       7267.770    0.000  -0.138   0.380   0.
  2017 352  7 59 51 512 352.333235104       0.03      0.73     -0.22  0.       -1096.945       5986.089       7267.282    0.000  -0.138   0.380   0.
  2017 352  7 59 52 512 352.333246678       0.87      1.76     -0.22  0.       -1098.272       5986.806       7266.793    0.000  -0.138   0.380   0.
  2017 352  7 59 53 512 352.333258252      -0.80      1.06     -0.87  0.       -1099.599       5987.523       7266.305    0.000  -0.138   0.380   0.
  2017 352  7 59 54 513 352.333269826      -1.10      0.68     -0.41  0.       -1100.925       5988.239       7265.815    0.000  -0.138   0.380   0.
  2017 352  7 59 55 513 352.333281400      -2.21     -0.02     -0.42  0.       -1102.252       5988.955       7265.325    0.000  -0.138   0.380   0.
  2017 352  7 59 56 512 352.333292972       0.40     -0.42      0.96  0.       -1103.579       5989.671       7264.835    0.000  -0.138   0.380   0.
  2017 352  7 59 57 512 352.333304546       1.68      0.61      2.06  0.       -1104.906       5990.386       7264.345    0.000  -0.138   0.380   0.
  2017 352  7 59 58 512 352.333316120       1.16      1.49      1.88  0.       -1106.232       5991.101       7263.854    0.000  -0.138   0.380   0.
  2017 352  7 59 59 512 352.333327694       1.57      1.10      0.26  0.       -1107.559       5991.816       7263.363    0.000  -0.138   0.380   0.
  2017 352  8  0  0 512 352.333339268       0.66      1.02     -1.83  0.       -1108.885       5992.531       7262.872    0.000  -0.138   0.380   0.
  2017 352  8  0  1 512 352.333350842       1.28      0.75     -1.63  0.       -1110.212       5993.245       7262.380    0.000  -0.138   0.380   0.
  2017 352  8  0  2 512 352.333362416       0.61      1.16     -1.97  0.       -1111.538       5993.959       7261.888    0.000  -0.138   0.380   0.
  2017 352  8  0  3 512 352.333373990       0.56      1.42     -2.74  0.       -1112.864       5994.672       7261.395    0.000  -0.138   0.380   0.
  2017 352  8  0  4 512 352.333385564       1.38      0.89     -3.03  0.       -1114.190       5995.386       7260.902    0.000  -0.138   0.380   0.
  2017 352  8  0  5 512 352.333397138       1.26      1.39     -2.92  0.       -1115.517       5996.099       7260.409    0.000  -0.138   0.380   0.
  2017 352  8  0  6 512 352.333408712       0.73      1.30     -3.36  0.       -1116.843       5996.811       7259.915    0.000  -0.138   0.380   0.
  2017 352  8  0  7 512 352.333420286      -0.24      0.45     -3.72  0.       -1118.169       5997.524       7259.421    0.000  -0.138   0.380   0.
  2017 352  8  0  8 512 352.333431861      -0.92      0.17     -2.99  0.       -1119.495       5998.236       7258.926    0.000  -0.138   0.380   0.
  2017 352  8  0  9 512 352.333443435       0.06      0.10     -1.63  0.       -1120.821       5998.947       7258.432    0.000  -0.138   0.380   0.
  2017 352  8  0 10 512 352.333455009       0.98     -0.60     -1.43  0.       -1122.147       5999.659       7257.936    0.000  -0.138   0.380   0.
  2017 352  8  0 11 512 352.333466583      -0.83      2.37      1.15  0.       -1123.473       6000.370       7257.441    0.000  -0.138   0.380   0.
  2017 352  8  0 12 512 352.333478157      -1.49      2.30     -1.49  0.       -1124.798       6001.081       7256.945    0.000  -0.138   0.380   0.
  2017 352  8  0 13 512 352.333489731      -0.50     -0.01     -1.63  0.       -1126.124       6001.792       7256.449    0.000  -0.138   0.380   0.
  2017 352  8  0 14 512 352.333501305       1.15     -1.26     -2.98  0.       -1127.450       6002.502       7255.952    0.000  -0.138   0.380   0.
  2017 352  8  0 15 512 352.333512879       0.37     -2.07     -2.31  0.       -1128.776       6003.212       7255.455    0.000  -0.138   0.380   0.
  2017 352  8  0 16 512 352.333524453      -0.82     -1.00      0.43  0.       -1130.101       6003.922       7254.958    0.000  -0.138   0.380   0.
  2017 352  8  0 17 512 352.333536027       0.68      2.80     -0.54  0.       -1131.427       6004.631       7254.460    0.000  -0.138   0.380   0.
  2017 352  8  0 18 512 352.333547601      -0.49     -0.43     -3.79  0.       -1132.752       6005.340       7253.962    0.000  -0.138   0.380   0.
  2017 352  8  0 19 512 352.333559175      -1.87      0.81     -0.43  0.       -1134.078       6006.049       7253.464    0.000  -0.138   0.380   0.
  2017 352  8  0 20 512 352.333570749      -1.45      2.01      0.77  0.       -1135.403       6006.757       7252.965    0.000  -0.138   0.380   0.
  2017 352  8  0 21 512 352.333582323       1.85      2.64     -2.37  0.       -1136.728       6007.465       7252.466    0.000  -0.138   0.380   0.
  2017 352  8  0 22 512 352.333593898       2.16     -2.28     -3.02  0.       -1138.053       6008.173       7251.966    0.000  -0.138   0.380   0.
  2017 352  8  0 23 512 352.333605472       0.93     -1.14     -0.75  0.       -1139.379       6008.881       7251.466    0.000  -0.138   0.380   0.
  2017 352  8  0 24 512 352.333617046      -2.31      0.08      1.02  0.       -1140.704       6009.588       7250.966    0.000  -0.138   0.380   0.
  2017 352  8  0 25 512 352.333628620      -7.71      1.35      3.70  0.       -1142.029       6010.295       7250.465    0.000  -0.138   0.380   0.
  2017 352  8  0 26 512 352.333640191      -6.73      3.31      4.28  0.       -1143.354       6011.002       7249.965    0.000  -0.138   0.380   0.
  2017 352  8  0 27 512 352.333651765      -5.09      2.39      1.88  0.       -1144.679       6011.708       7249.463    0.000  -0.138   0.380   0.
  2017 352  8  0 28 512 352.333663339      -3.55      2.73      1.04  0.       -1146.003       6012.414       7248.961    0.000  -0.138   0.380   0.
  2017 352  8  0 29 512 352.333674913      -2.01      2.76      0.68  0.       -1147.328       6013.120       7248.459    0.000  -0.138   0.380   0.
  2017 352  8  0 30 512 352.333686487      -1.25      2.79      0.01  0.       -1148.653       6013.825       7247.957    0.000  -0.138   0.380   0.
  2017 352  8  0 31 512 352.333698061      -0.74      2.39     -0.29  0.       -1149.978       6014.531       7247.454    0.000  -0.138   0.380   0.
  2017 352  8  0 32 512 352.333709635      -0.11      1.71      0.71  0.       -1151.303       6015.235       7246.951    0.000  -0.138   0.380   0.
  2017 352  8  0 33 512 352.333721210      -0.93      1.11     -0.10  0.       -1152.627       6015.940       7246.447    0.000  -0.138   0.380   0.
  2017 352  8  0 34 512 352.333732784      -0.96      1.18     -0.23  0.       -1153.952       6016.644       7245.943    0.000  -0.138   0.380   0.
  2017 352  8  0 35 512 352.333744358      -0.60      0.98      0.06  0.       -1155.276       6017.348       7245.439    0.000  -0.138   0.380   0.
  2017 352  8  0 36 512 352.333755932      -0.55      1.14      0.11  0.       -1156.601       6018.052       7244.935    0.000  -0.138   0.380   0.
  2017 352  8  0 37 512 352.333767506      -0.27      1.10     -0.48  0.       -1157.925       6018.755       7244.430    0.000  -0.138   0.380   0.
  2017 352  8  0 38 512 352.333779080      -0.03      1.06     -0.66  0.       -1159.249       6019.458       7243.924    0.000  -0.138   0.380   0.
  2017 352  8  0 39 512 352.333790654      -0.33      1.06     -0.94  0.       -1160.574       6020.161       7243.419    0.000  -0.138   0.380   0.
  2017 352  8  0 40 512 352.333802228      -0.44      2.23     -0.99  0.       -1161.898       6020.863       7242.913    0.000  -0.138   0.380   0.
  2017 352  8  0 41 512 352.333813802      -1.43      2.28     -0.93  0.       -1163.222       6021.566       7242.406    0.000  -0.138   0.380   0.
  2017 352  8  0 42 512 352.333825376      -1.86      0.96     -1.30  0.       -1164.546       6022.267       7241.899    0.000  -0.138   0.380   0.
  2017 352  8  0 43 512 352.333836950      -0.86      0.73     -0.63  0.       -1165.870       6022.969       7241.392    0.000  -0.138   0.380   0.
  2017 352  8  0 44 512 352.333848524       0.08      0.55     -0.10  0.       -1167.194       6023.670       7240.885    0.000  -0.138   0.380   0.
  2017 352  8  0 45 512 352.333860098       0.38      0.73      0.06  0.       -1168.518       6024.371       7240.377    0.000  -0.138   0.380   0.
  2017 352  8  0 46 512 352.333871672       0.10      2.10     -0.38  0.       -1169.842       6025.072       7239.869    0.000  -0.138   0.380   0.
  2017 352  8  0 47 512 352.333883247      -1.01      0.41     -1.09  0.       -1171.165       6025.772       7239.360    0.000  -0.138   0.380   0.
  2017 352  8  0 48 512 352.333894821       0.06     -0.45      0.40  0.       -1172.489       6026.472       7238.851    0.000  -0.138   0.380   0.
  2017 352  8  0 49 512 352.333906395       0.29     -0.39      0.59  0.       -1173.813       6027.172       7238.342    0.000  -0.138   0.380   0.
  2017 352  8  0 50 512 352.333917969       0.32     -0.71      0.84  0.       -1175.136       6027.871       7237.832    0.000  -0.138   0.380   0.
  2017 352  8  0 51 512 352.333929543       0.31      0.00      0.40  0.       -1176.460       6028.570       7237.322    0.000  -0.138   0.380   0.
  2017 352  8  0 52 512 352.333941117       0.58      0.99      0.44  0.       -1177.783       6029.269       7236.812    0.000  -0.138   0.380   0.
  2017 352  8  0 53 512 352.333952691       0.61      2.04      1.78  0.       -1179.107       6029.968       7236.301    0.000  -0.138   0.380   0.
  2017 352  8  0 54 512 352.333964265       1.00      2.72     -1.01  0.       -1180.430       6030.666       7235.790    0.000  -0.138   0.380   0.
  2017 352  8  0 55 512 352.333975839      -0.88     -0.16     -0.54  0.       -1181.754       6031.364       7235.278    0.000  -0.138   0.380   0.
  2017 352  8  0 56 512 352.333987410      -0.04      1.55      1.56  0.       -1183.077       6032.062       7234.766    0.000  -0.138   0.380   0.
  2017 352  8  0 57 512 352.333998984      -0.99      1.37     -0.00  0.       -1184.400       6032.759       7234.254    0.000  -0.138   0.380   0.
  2017 352  8  0 58 512 352.334010558      -0.81     -0.23     -1.00  0.       -1185.723       6033.456       7233.741    0.000  -0.138   0.380   0.
  2017 352  8  0 59 512 352.334022133      -0.14     -0.40     -0.08  0.       -1187.046       6034.153       7233.228    0.000  -0.138   0.380   0.
  2017 352  8  1  0 512 352.334033707      -0.18      0.44     -0.08  0.       -1188.369       6034.849       7232.715    0.000  -0.138   0.380   0.
  2017 352  8  1  1 512 352.334045281       0.08      0.68     -0.87  0.       -1189.692       6035.545       7232.201    0.000  -0.138   0.380   0.
  2017 352  8  1  2 512 352.334056855       0.53      0.72     -0.68  0.       -1191.015       6036.241       7231.687    0.000  -0.138   0.380   0.
  2017 352  8  1  3 512 352.334068429       1.06      0.26     -0.38  0.       -1192.338       6036.937       7231.173    0.000  -0.138   0.380   0.
  2017 352  8  1  4 512 352.334080003       1.23     -0.36     -0.46  0.       -1193.661       6037.632       7230.658    0.000  -0.138   0.380   0.
  2017 352  8  1  5 512 352.334091577       1.18     -0.34     -0.34  0.       -1194.983       6038.327       7230.143    0.000  -0.138   0.380   0.
  2017 352  8  1  6 512 352.334103151       1.27     -0.18     -0.24  0.       -1196.306       6039.021       7229.628    0.000  -0.138   0.380   0.
  2017 352  8  1  7 512 352.334114725       1.16      0.10     -0.25  0.       -1197.629       6039.716       7229.112    0.000  -0.138   0.380   0.
  2017 352  8  1  8 512 352.334126299       1.18      0.13     -0.18  0.       -1198.951       6040.410       7228.596    0.000  -0.138   0.380   0.
  2017 352  8  1  9 512 352.334137873       0.89      0.25     -0.06  0.       -1200.274       6041.103       7228.079    0.000  -0.138   0.380   0.
  2017 352  8  1 10 512 352.334149447       1.18      0.50     -0.01  0.       -1201.596       6041.797       7227.562    0.000  -0.138   0.380   0.
  2017 352  8  1 11 512 352.334161021       1.28      0.81     -0.34  0.       -1202.918       6042.490       7227.045    0.000  -0.138   0.380   0.
  2017 352  8  1 12 512 352.334172595       1.03      0.92     -0.98  0.       -1204.241       6043.183       7226.527    0.000  -0.138   0.380   0.
  2017 352  8  1 13 512 352.334184170       0.55      0.70     -1.05  0.       -1205.563       6043.875       7226.009    0.000  -0.138   0.380   0.
  2017 352  8  1 14 512 352.334195744       0.15      0.66     -1.12  0.       -1206.885       6044.567       7225.491    0.000  -0.138   0.380   0.
  2017 352  8  1 15 512 352.334207318      -0.25      0.98     -1.09  0.       -1208.207       6045.259       7224.972    0.000  -0.138   0.380   0.
  2017 352  8  1 16 512 352.334218892      -0.31      0.67     -0.82  0.       -1209.529       6045.951       7224.453    0.000  -0.138   0.380   0.
  2017 352  8  1 17 512 352.334230466       0.52      0.18      0.02  0.       -1210.851       6046.642       7223.933    0.000  -0.138   0.380   0.
  2017 352  8  1 18 512 352.334242040       0.66      1.79     -0.86  0.       -1212.173       6047.333       7223.413    0.000  -0.138   0.380   0.
  2017 352  8  1 19 512 352.334253614      -0.56      3.30     -2.20  0.       -1213.495       6048.024       7222.893    0.000  -0.138   0.380   0.
  2017 352  8  1 20 512 352.334265188      -0.90      2.19     -1.57  0.       -1214.817       6048.714       7222.373    0.000  -0.138   0.380   0.
  2017 352  8  1 21 512 352.334276762      -0.69      0.83     -1.09  0.       -1216.139       6049.404       7221.852    0.000  -0.138   0.380   0.
  2017 352  8  1 22 512 352.334288336      -0.34      0.19     -0.85  0.       -1217.460       6050.094       7221.331    0.000  -0.138   0.380   0.
  2017 352  8  1 23 512 352.334299910      -0.30     -0.01     -0.42  0.       -1218.782       6050.783       7220.809    0.000  -0.138   0.380   0.
  2017 352  8  1 24 512 352.334311481      -0.40     -0.18     -0.22  0.       -1220.104       6051.473       7220.287    0.000  -0.138   0.380   0.
  2017 352  8  1 25 511 352.334323056      -0.08     -0.64      0.33  0.       -1221.425       6052.161       7219.765    0.000  -0.138   0.380   0.
  2017 352  8  1 26 511 352.334334630      -0.04     -0.64      0.48  0.       -1222.747       6052.850       7219.242    0.000  -0.138   0.380   0.
  2017 352  8  1 27 512 352.334346204       0.60     -0.63      0.81  0.       -1224.068       6053.538       7218.719    0.000  -0.138   0.380   0.
  2017 352  8  1 28 512 352.334357778       0.82     -0.08      0.48  0.       -1225.389       6054.226       7218.196    0.000  -0.138   0.380   0.
  2017 352  8  1 29 512 352.334369352       1.35      0.07      0.18  0.       -1226.711       6054.914       7217.672    0.000  -0.138   0.380   0.
  2017 352  8  1 30 512 352.334380926       1.29     -0.41     -0.30  0.       -1228.032       6055.601       7217.148    0.000  -0.138   0.380   0.
  2017 352  8  1 31 512 352.334392500       1.37     -0.20     -0.64  0.       -1229.353       6056.288       7216.623    0.000  -0.138   0.380   0.
  2017 352  8  1 32 511 352.334404074       0.76     -0.24     -0.75  0.       -1230.674       6056.975       7216.098    0.000  -0.138   0.380   0.
  2017 352  8  1 33 511 352.334415648      -0.10     -0.03     -0.87  0.       -1231.995       6057.662       7215.573    0.000  -0.138   0.380   0.
  2017 352  8  1 34 511 352.334427222      -0.13     -0.37     -0.50  0.       -1233.316       6058.348       7215.047    0.000  -0.138   0.380   0.
  2017 352  8  1 35 511 352.334438796      -0.90     -0.54     -1.15  0.       -1234.637       6059.034       7214.521    0.000  -0.138   0.380   0.
  2017 352  8  1 36 512 352.334450370       0.11      0.74     -1.00  0.       -1235.958       6059.719       7213.995    0.000  -0.138   0.380   0.
  2017 352  8  1 37 512 352.334461944       0.80      1.44     -0.70  0.       -1237.279       6060.404       7213.468    0.000  -0.138   0.380   0.
  2017 352  8  1 38 511 352.334473519       0.32      2.31     -1.11  0.       -1238.599       6061.089       7212.941    0.000  -0.138   0.380   0.
  2017 352  8  1 39 511 352.334485093      -0.66      1.48     -1.16  0.       -1239.920       6061.774       7212.414    0.000  -0.138   0.380   0.
  2017 352  8  1 40 512 352.334496667      -1.17     -1.67     -0.51  0.       -1241.240       6062.458       7211.886    0.000  -0.138   0.380   0.
  2017 352  8  1 41 512 352.334508241      -1.34     -2.15     -0.70  0.       -1242.561       6063.142       7211.358    0.000  -0.138   0.380   0.
  2017 352  8  1 42 512 352.334519815      -0.69     -2.21     -1.48  0.       -1243.881       6063.826       7210.830    0.000  -0.138   0.380   0.
  2017 352  8  1 43 512 352.334531389      -0.97     -0.86     -2.41  0.       -1245.202       6064.510       7210.301    0.000  -0.138   0.380   0.
  2017 352  8  1 44 512 352.334542963      -1.51     -0.15     -2.04  0.       -1246.522       6065.193       7209.772    0.000  -0.138   0.380   0.
  2017 352  8  1 45 511 352.334554537      -1.47      0.33     -1.56  0.       -1247.843       6065.876       7209.242    0.000  -0.138   0.380   0.
  2017 352  8  1 46 511 352.334566111      -1.55      0.40     -1.51  0.       -1249.163       6066.558       7208.712    0.000  -0.138   0.380   0.
  2017 352  8  1 47 511 352.334577685      -1.37     -0.16     -1.26  0.       -1250.483       6067.240       7208.182    0.000  -0.138   0.380   0.
  2017 352  8  1 48 511 352.334589259      -1.26     -0.66     -0.98  0.       -1251.803       6067.922       7207.651    0.000  -0.138   0.380   0.
  2017 352  8  1 49 511 352.334600833      -1.29     -0.40     -1.00  0.       -1253.123       6068.604       7207.120    0.000  -0.138   0.380   0.
  2017 352  8  1 50 512 352.334612407      -1.62     -0.14     -0.89  0.       -1254.443       6069.285       7206.589    0.000  -0.138   0.380   0.
  2017 352  8  1 51 512 352.334623981      -1.73      0.10     -0.90  0.       -1255.763       6069.966       7206.057    0.000  -0.138   0.380   0.
  2017 352  8  1 52 511 352.334635556      -1.75      0.30     -0.74  0.       -1257.083       6070.647       7205.525    0.000  -0.138   0.380   0.
  2017 352  8  1 53 511 352.334647130      -1.78      0.60     -0.81  0.       -1258.402       6071.327       7204.993    0.000  -0.138   0.380   0.
  2017 352  8  1 54 512 352.334658701      -1.87      0.36     -0.62  0.       -1259.722       6072.007       7204.460    0.000  -0.138   0.380   0.
  2017 352  8  1 55 511 352.334670275      -1.94     -0.04      0.11  0.       -1261.042       6072.687       7203.927    0.000  -0.138   0.380   0.
  2017 352  8  1 56 511 352.334681849      -1.46     -0.25      0.45  0.       -1262.361       6073.367       7203.393    0.000  -0.138   0.380   0.
  2017 352  8  1 57 511 352.334693423      -0.57      0.17      0.05  0.       -1263.681       6074.046       7202.859    0.000  -0.138   0.380   0.
  2017 352  8  1 58 511 352.334704997      -0.33      0.40      0.22  0.       -1265.000       6074.725       7202.325    0.000  -0.138   0.380   0.
  2017 352  8  1 59 511 352.334716571      -0.04      0.68      0.34  0.       -1266.320       6075.403       7201.790    0.000  -0.138   0.380   0.
  2017 352  8  2  0 511 352.334728145       0.46      0.42     -0.34  0.       -1267.639       6076.082       7201.256    0.000  -0.138   0.380   0.
  2017 352  8  2  1 511 352.334739719       1.47      0.16     -0.83  0.       -1268.958       6076.760       7200.720    0.000  -0.138   0.380   0.
  2017 352  8  2  2 511 352.334751293       1.50      0.18     -1.05  0.       -1270.278       6077.437       7200.185    0.000  -0.138   0.380   0.
  2017 352  8  2  3 511 352.334762867       1.21      0.68     -1.43  0.       -1271.597       6078.115       7199.649    0.000  -0.138   0.380   0.
  2017 352  8  2  4 511 352.334774442       1.32      0.76     -0.85  0.       -1272.916       6078.792       7199.112    0.000  -0.138   0.380   0.
  2017 352  8  2  5 511 352.334786016       1.49      0.71     -0.73  0.       -1274.235       6079.469       7198.575    0.000  -0.138   0.380   0.
  2017 352  8  2  6 511 352.334797590       1.29      0.78     -0.66  0.       -1275.554       6080.145       7198.038    0.000  -0.138   0.380   0.
  2017 352  8  2  7 511 352.334809164       0.97      0.71     -0.66  0.       -1276.873       6080.821       7197.501    0.000  -0.138   0.380   0.
  2017 352  8  2  8 511 352.334820738       0.71      0.41     -0.69  0.       -1278.192       6081.497       7196.963    0.000  -0.138   0.380   0.
  2017 352  8  2  9 511 352.334832312       0.68      0.32     -0.65  0.       -1279.510       6082.173       7196.425    0.000  -0.138   0.380   0.
  2017 352  8  2 10 511 352.334843886       0.58      0.16     -0.61  0.       -1280.829       6082.848       7195.886    0.000  -0.138   0.380   0.
  2017 352  8  2 11 511 352.334855460       0.26      0.07     -0.81  0.       -1282.148       6083.523       7195.348    0.000  -0.138   0.380   0.
  2017 352  8  2 12 511 352.334867034      -0.18     -0.05     -1.02  0.       -1283.466       6084.198       7194.808    0.000  -0.138   0.380   0.
  2017 352  8  2 13 511 352.334878608      -0.66      0.57     -0.85  0.       -1284.785       6084.872       7194.269    0.000  -0.138   0.380   0.
  2017 352  8  2 14 511 352.334890182      -1.16      0.67     -1.09  0.       -1286.103       6085.546       7193.729    0.000  -0.138   0.380   0.
  2017 352  8  2 15 511 352.334901756      -1.36      0.28     -1.47  0.       -1287.422       6086.220       7193.188    0.000  -0.138   0.380   0.
  2017 352  8  2 16 511 352.334913330      -1.46      0.21     -1.60  0.       -1288.740       6086.893       7192.648    0.000  -0.138   0.380   0.
  2017 352  8  2 17 511 352.334924904      -1.44      0.36     -1.45  0.       -1290.058       6087.566       7192.107    0.000  -0.138   0.380   0.
  2017 352  8  2 18 511 352.334936479      -1.35      0.33     -1.33  0.       -1291.376       6088.239       7191.565    0.000  -0.138   0.380   0.
  2017 352  8  2 19 511 352.334948053      -1.22      0.29     -1.39  0.       -1292.695       6088.912       7191.024    0.000  -0.138   0.380   0.
  2017 352  8  2 20 511 352.334959627      -0.98      0.29     -1.18  0.       -1294.013       6089.584       7190.481    0.000  -0.138   0.380   0.
  2017 352  8  2 21 511 352.334971201      -0.74     -0.29     -0.33  0.       -1295.331       6090.256       7189.939    0.000  -0.138   0.380   0.
  2017 352  8  2 22 511 352.334982772      -0.27     -0.09     -0.17  0.       -1296.648       6090.927       7189.396    0.000  -0.138   0.380   0.
  2017 352  8  2 23 511 352.334994346      -0.24     -0.08     -0.01  0.       -1297.966       6091.599       7188.853    0.000  -0.138   0.380   0.
  2017 352  8  2 24 511 352.335005920      -0.19     -0.24      0.20  0.       -1299.284       6092.270       7188.309    0.000  -0.138   0.380   0.
  2017 352  8  2 25 511 352.335017494      -0.27     -0.28      0.23  0.       -1300.602       6092.941       7187.766    0.000  -0.138   0.380   0.
  2017 352  8  2 26 511 352.335029068      -0.20     -0.32      0.30  0.       -1301.920       6093.611       7187.221    0.000  -0.138   0.380   0.
  2017 352  8  2 27 511 352.335040642      -0.11     -0.25      0.35  0.       -1303.237       6094.281       7186.677    0.000  -0.138   0.380   0.
  2017 352  8  2 28 511 352.335052216      -0.01     -0.25      0.33  0.       -1304.555       6094.951       7186.132    0.000  -0.138   0.380   0.
  2017 352  8  2 29 511 352.335063790       0.04     -0.12      0.09  0.       -1305.872       6095.621       7185.586    0.000  -0.138   0.380   0.
  2017 352  8  2 30 511 352.335075365       0.19      0.12     -0.35  0.       -1307.190       6096.290       7185.041    0.000  -0.138   0.380   0.
  2017 352  8  2 31 511 352.335086939       0.30      0.13     -0.29  0.       -1308.507       6096.959       7184.495    0.000  -0.138   0.380   0.
  2017 352  8  2 32 511 352.335098513       0.26     -0.00     -0.29  0.       -1309.824       6097.627       7183.948    0.000  -0.138   0.380   0.
  2017 352  8  2 33 511 352.335110087       0.31     -0.07     -0.35  0.       -1311.141       6098.296       7183.401    0.000  -0.138   0.380   0.
  2017 352  8  2 34 511 352.335121661       0.17     -0.11     -0.37  0.       -1312.459       6098.964       7182.854    0.000  -0.138   0.380   0.
  2017 352  8  2 35 511 352.335133235       0.07      0.06     -0.30  0.       -1313.776       6099.631       7182.307    0.000  -0.138   0.380   0.
  2017 352  8  2 36 511 352.335144809       0.01      0.42     -0.58  0.       -1315.093       6100.299       7181.759    0.000  -0.138   0.380   0.
  2017 352  8  2 37 511 352.335156383       0.20      0.68     -1.07  0.       -1316.410       6100.966       7181.211    0.000  -0.138   0.380   0.
  2017 352  8  2 38 511 352.335167957       0.29      0.71     -1.28  0.       -1317.727       6101.633       7180.662    0.000  -0.138   0.380   0.
  2017 352  8  2 39 511 352.335179531      -0.03      0.73     -0.85  0.       -1319.043       6102.299       7180.113    0.000  -0.138   0.380   0.
  2017 352  8  2 40 511 352.335191105      -0.10      0.74     -0.50  0.       -1320.360       6102.965       7179.564    0.000  -0.138   0.380   0.
  2017 352  8  2 41 511 352.335202679       0.13      0.58     -0.28  0.       -1321.677       6103.631       7179.014    0.000  -0.138   0.380   0.
  2017 352  8  2 42 511 352.335214253       0.26      0.40     -0.31  0.       -1322.993       6104.297       7178.464    0.000  -0.138   0.380   0.
  2017 352  8  2 43 511 352.335225827       0.17      0.41     -0.34  0.       -1324.310       6104.962       7177.914    0.000  -0.138   0.380   0.
  2017 352  8  2 44 511 352.335237402      -0.12      0.25     -0.26  0.       -1325.627       6105.627       7177.363    0.000  -0.138   0.380   0.
  2017 352  8  2 45 511 352.335248976      -0.00      0.29     -0.19  0.       -1326.943       6106.292       7176.812    0.000  -0.138   0.380   0.
  2017 352  8  2 46 511 352.335260550      -0.02      0.39     -0.13  0.       -1328.259       6106.956       7176.261    0.000  -0.138   0.380   0.
  2017 352  8  2 47 511 352.335272124       0.06      0.55      0.01  0.       -1329.576       6107.620       7175.709    0.000  -0.138   0.380   0.
  2017 352  8  2 48 511 352.335283698       0.29      0.75     -0.31  0.       -1330.892       6108.284       7175.157    0.000  -0.138   0.380   0.
  2017 352  8  2 49 511 352.335295272       0.62      0.20     -1.07  0.       -1332.208       6108.947       7174.605    0.000  -0.138   0.380   0.
  2017 352  8  2 50 511 352.335306846       0.80     -0.15     -0.39  0.       -1333.524       6109.611       7174.052    0.000  -0.138   0.380   0.
  2017 352  8  2 51 511 352.335318420       0.30     -0.66     -1.41  0.       -1334.840       6110.273       7173.499    0.000  -0.138   0.380   0.
  2017 352  8  2 52 511 352.335329991       0.47     -0.14     -1.17  0.       -1336.156       6110.936       7172.945    0.000  -0.138   0.380   0.
  2017 352  8  2 53 511 352.335341565       0.51      0.86     -0.43  0.       -1337.472       6111.598       7172.391    0.000  -0.138   0.380   0.
  2017 352  8  2 54 511 352.335353139       0.15      0.96     -0.57  0.       -1338.788       6112.260       7171.837    0.000  -0.138   0.380   0.
  2017 352  8  2 55 511 352.335364714      -0.35     -0.08      0.27  0.       -1340.104       6112.922       7171.282    0.000  -0.138   0.380   0.
  2017 352  8  2 56 511 352.335376288      -0.91      1.62      1.75  0.       -1341.419       6113.583       7170.727    0.000  -0.138   0.380   0.
  2017 352  8  2 57 511 352.335387862      -1.81      2.09      2.50  0.       -1342.735       6114.244       7170.172    0.000  -0.138   0.380   0.
  2017 352  8  2 58 511 352.335399436      -2.08      0.59      2.00  0.       -1344.051       6114.905       7169.616    0.000  -0.138   0.380   0.
  2017 352  8  2 59 511 352.335411010      -1.95      0.05      1.71  0.       -1345.366       6115.565       7169.060    0.000  -0.138   0.380   0.
  2017 352  8  3  0 511 352.335422584      -2.01      1.27      0.72  0.       -1346.682       6116.225       7168.504    0.000  -0.138   0.380   0.
  2017 352  8  3  1 511 352.335434158      -1.34      1.05      0.51  0.       -1347.997       6116.885       7167.947    0.000  -0.138   0.380   0.
  2017 352  8  3  2 511 352.335445732      -2.32      1.04      0.51  0.       -1349.312       6117.545       7167.390    0.000  -0.138   0.380   0.
  2017 352  8  3  3 511 352.335457306      -1.37      0.41      0.61  0.       -1350.627       6118.204       7166.833    0.000  -0.138   0.380   0.
  2017 352  8  3  4 511 352.335468880      -0.18     -0.13     -0.00  0.       -1351.943       6118.863       7166.275    0.000  -0.138   0.380   0.
  2017 352  8  3  5 511 352.335480454       1.34     -1.21     -1.45  0.       -1353.258       6119.522       7165.717    0.000  -0.138   0.380   0.
  2017 352  8  3  6 511 352.335492028       1.62     -2.08     -1.14  0.       -1354.573       6120.180       7165.158    0.000  -0.138   0.380   0.
  2017 352  8  3  7 511 352.335503602       1.24     -3.32      0.68  0.       -1355.888       6120.838       7164.599    0.000  -0.138   0.380   0.
  2017 352  8  3  8 511 352.335515177       1.50     -0.89      1.23  0.       -1357.203       6121.496       7164.040    0.000  -0.138   0.380   0.
  2017 352  8  3  9 511 352.335526751      -1.60     -0.99      2.99  0.       -1358.517       6122.153       7163.480    0.000  -0.138   0.380   0.
  2017 352  8  3 10 511 352.335538325      -0.21     -2.59      1.83  0.       -1359.832       6122.810       7162.920    0.000  -0.138   0.380   0.
  2017 352  8  3 11 511 352.335549899       0.29      1.83      0.58  0.       -1361.147       6123.467       7162.360    0.000  -0.138   0.380   0.
  2017 352  8  3 12 511 352.335561473       1.11      2.27      2.78  0.       -1362.461       6124.123       7161.799    0.000  -0.138   0.380   0.
  2017 352  8  3 13 511 352.335573047       0.04      3.62     -1.85  0.       -1363.776       6124.779       7161.238    0.000  -0.138   0.380   0.
  2017 352  8  3 14 511 352.335584621      -1.63      1.36     -0.81  0.       -1365.091       6125.435       7160.677    0.000  -0.138   0.380   0.
  2017 352  8  3 15 511 352.335596195      -0.64      0.72     -0.04  0.       -1366.405       6126.091       7160.115    0.000  -0.138   0.380   0.
  2017 352  8  3 16 511 352.335607769       0.28      1.29     -0.31  0.       -1367.719       6126.746       7159.553    0.000  -0.138   0.380   0.
  2017 352  8  3 17 511 352.335619343       0.68      1.48     -0.66  0.       -1369.034       6127.401       7158.991    0.000  -0.138   0.380   0.
  2017 352  8  3 18 511 352.335630917      -1.19      0.98     -0.89  0.       -1370.348       6128.056       7158.428    0.000  -0.138   0.380   0.
  2017 352  8  3 19 511 352.335642491      -2.09      1.45     -0.20  0.       -1371.662       6128.710       7157.865    0.000  -0.138   0.380   0.
  2017 352  8  3 20 510 352.335654062      -2.23      1.19     -0.21  0.       -1372.976       6129.364       7157.301    0.000  -0.138   0.380   0.
  2017 352  8  3 21 510 352.335665637      -1.92      0.89     -0.10  0.       -1374.290       6130.018       7156.737    0.000  -0.138   0.380   0.
  2017 352  8  3 22 511 352.335677211      -1.22      1.86     -1.08  0.       -1375.604       6130.671       7156.173    0.000  -0.138   0.380   0.
  2017 352  8  3 23 511 352.335688785      -0.60      0.52     -0.52  0.       -1376.918       6131.325       7155.609    0.000  -0.138   0.380   0.
  2017 352  8  3 24 511 352.335700359      -1.96      0.88      0.42  0.       -1378.232       6131.977       7155.044    0.000  -0.138   0.380   0.
  2017 352  8  3 25 511 352.335711933      -2.36      1.65     -0.35  0.       -1379.546       6132.630       7154.478    0.000  -0.138   0.380   0.
  2017 352  8  3 26 511 352.335723507      -1.37      1.09     -0.64  0.       -1380.859       6133.282       7153.913    0.000  -0.138   0.380   0.
  2017 352  8  3 27 510 352.335735081       0.12      0.98      0.11  0.       -1382.173       6133.934       7153.347    0.000  -0.138   0.380   0.
  2017 352  8  3 28 510 352.335746655       1.00      0.79      0.16  0.       -1383.486       6134.586       7152.780    0.000  -0.138   0.380   0.
  2017 352  8  3 29 510 352.335758229       1.49      0.69     -1.40  0.       -1384.800       6135.237       7152.214    0.000  -0.138   0.380   0.
  2017 352  8  3 30 510 352.335769803       0.76      0.80     -1.50  0.       -1386.113       6135.888       7151.647    0.000  -0.138   0.380   0.
  2017 352  8  3 31 510 352.335781377       0.15      0.70     -1.13  0.       -1387.427       6136.539       7151.079    0.000  -0.138   0.380   0.
  2017 352  8  3 32 511 352.335792951       0.50      0.60     -0.93  0.       -1388.740       6137.189       7150.511    0.000  -0.138   0.380   0.
  2017 352  8  3 33 511 352.335804525       0.30      1.28     -1.06  0.       -1390.053       6137.839       7149.943    0.000  -0.138   0.380   0.
  2017 352  8  3 34 510 352.335816100      -1.17      4.79     -1.87  0.       -1391.366       6138.489       7149.375    0.000  -0.138   0.380   0.
  2017 352  8  3 35 510 352.335827674      -1.36      5.61     -2.76  0.       -1392.679       6139.139       7148.806    0.000  -0.138   0.380   0.
  2017 352  8  3 36 511 352.335839248      -1.15      5.55     -2.92  0.       -1393.992       6139.788       7148.237    0.000  -0.138   0.380   0.
  2017 352  8  3 37 511 352.335850822      -0.24      4.07     -2.52  0.       -1395.305       6140.437       7147.667    0.000  -0.138   0.380   0.
  2017 352  8  3 38 511 352.335862396      -0.66      2.51     -0.73  0.       -1396.618       6141.085       7147.098    0.000  -0.138   0.380   0.
  2017 352  8  3 39 511 352.335873970      -1.27      1.94     -0.40  0.       -1397.931       6141.733       7146.527    0.000  -0.138   0.380   0.
  2017 352  8  3 40 511 352.335885544      -1.38      0.76     -0.53  0.       -1399.244       6142.382       7145.957    0.000  -0.138   0.380   0.
  2017 352  8  3 41 510 352.335897118      -0.01     -0.17      0.46  0.       -1400.556       6143.029       7145.386    0.000  -0.138   0.380   0.
  2017 352  8  3 42 510 352.335908692       0.43     -1.10      0.83  0.       -1401.869       6143.677       7144.814    0.000  -0.138   0.380   0.
  2017 352  8  3 43 510 352.335920266       0.95     -0.63      1.10  0.       -1403.181       6144.324       7144.243    0.000  -0.138   0.380   0.
  2017 352  8  3 44 510 352.335931840       1.15      0.39      0.61  0.       -1404.494       6144.970       7143.671    0.000  -0.138   0.380   0.
  2017 352  8  3 45 510 352.335943414       0.47      0.45     -0.07  0.       -1405.806       6145.617       7143.098    0.000  -0.138   0.380   0.
  2017 352  8  3 46 511 352.335954988       1.15     -0.37     -0.70  0.       -1407.119       6146.263       7142.526    0.000  -0.138   0.380   0.
  2017 352  8  3 47 511 352.335966563       1.56     -0.36     -1.18  0.       -1408.430       6146.909       7141.953    0.000  -0.138   0.380   0.
  2017 352  8  3 48 510 352.335978137       0.80      0.36     -0.79  0.       -1409.743       6147.554       7141.379    0.000  -0.138   0.380   0.
  2017 352  8  3 49 511 352.335989711       0.88      0.16     -0.76  0.       -1411.055       6148.200       7140.805    0.000  -0.138   0.380   0.
  2017 352  8  3 50 511 352.336001282       1.57     -0.17     -2.27  0.       -1412.367       6148.845       7140.231    0.000  -0.138   0.380   0.
  2017 352  8  3 51 510 352.336012856       1.66     -0.09     -1.96  0.       -1413.678       6149.489       7139.657    0.000  -0.138   0.380   0.
  2017 352  8  3 52 510 352.336024430       0.88      0.62     -0.65  0.       -1414.990       6150.134       7139.082    0.000  -0.138   0.380   0.
  2017 352  8  3 53 510 352.336036004       0.14      0.58     -0.10  0.       -1416.302       6150.778       7138.507    0.000  -0.138   0.380   0.
  2017 352  8  3 54 510 352.336047578      -0.11      1.42      0.91  0.       -1417.614       6151.421       7137.931    0.000  -0.138   0.380   0.
  2017 352  8  3 55 510 352.336059152      -0.16      0.45      0.43  0.       -1418.925       6152.065       7137.355    0.000  -0.138   0.380   0.
  2017 352  8  3 56 510 352.336070726      -0.13     -0.88      0.08  0.       -1420.238       6152.708       7136.779    0.000  -0.138   0.380   0.
  2017 352  8  3 57 510 352.336082300      -1.88      1.02     -0.30  0.       -1421.549       6153.351       7136.203    0.000  -0.138   0.380   0.
  2017 352  8  3 58 510 352.336093874      -0.70     -0.07     -0.97  0.       -1422.861       6153.993       7135.626    0.000  -0.138   0.380   0.
  2017 352  8  3 59 510 352.336105448       0.71     -0.17     -0.96  0.       -1424.172       6154.635       7135.048    0.000  -0.138   0.380   0.
  2017 352  8  4  0 510 352.336117023       0.73     -0.41     -0.24  0.       -1425.483       6155.277       7134.471    0.000  -0.138   0.380   0.
  2017 352  8  4  1 510 352.336128597       0.81     -1.24     -0.79  0.       -1426.794       6155.919       7133.892    0.000  -0.138   0.380   0.
  2017 352  8  4  2 510 352.336140171      -1.01     -0.73     -0.37  0.       -1428.105       6156.560       7133.314    0.000  -0.138   0.380   0.
  2017 352  8  4  3 510 352.336151745      -3.40     -0.57      0.45  0.       -1429.417       6157.201       7132.735    0.000  -0.138   0.380   0.
  2017 352  8  4  4 510 352.336163319      -1.41     -0.18      0.20  0.       -1430.728       6157.842       7132.156    0.000  -0.138   0.380   0.
  2017 352  8  4  5 510 352.336174893      -0.15      0.69     -0.67  0.       -1432.039       6158.482       7131.577    0.000  -0.138   0.380   0.
  2017 352  8  4  6 510 352.336186467       0.65      1.42     -1.71  0.       -1433.349       6159.122       7130.997    0.000  -0.138   0.380   0.
  2017 352  8  4  7 510 352.336198041       1.14      1.27     -1.79  0.       -1434.660       6159.762       7130.417    0.000  -0.138   0.380   0.
  2017 352  8  4  8 510 352.336209615       0.99      0.76     -2.91  0.       -1435.971       6160.401       7129.837    0.000  -0.138   0.380   0.
  2017 352  8  4  9 510 352.336221189       1.50      0.64     -2.77  0.       -1437.282       6161.041       7129.256    0.000  -0.138   0.380   0.
  2017 352  8  4 10 510 352.336232763       0.17      0.12     -0.39  0.       -1438.592       6161.680       7128.674    0.000  -0.138   0.380   0.
  2017 352  8  4 11 510 352.336244337      -0.27     -0.39      0.47  0.       -1439.903       6162.318       7128.093    0.000  -0.138   0.380   0.
  2017 352  8  4 12 510 352.336255911      -0.60     -0.54      1.54  0.       -1441.213       6162.956       7127.511    0.000  -0.138   0.380   0.
  2017 352  8  4 13 510 352.336267486      -0.24     -0.26      1.37  0.       -1442.524       6163.594       7126.929    0.000  -0.138   0.380   0.
  2017 352  8  4 14 510 352.336279060       0.35      0.04      0.75  0.       -1443.834       6164.232       7126.346    0.000  -0.138   0.380   0.
  2017 352  8  4 15 510 352.336290634       0.61      1.07      0.21  0.       -1445.144       6164.869       7125.763    0.000  -0.138   0.380   0.
  2017 352  8  4 16 510 352.336302208       2.09      1.41     -0.41  0.       -1446.454       6165.506       7125.180    0.000  -0.138   0.380   0.
  2017 352  8  4 17 510 352.336313782       3.60      1.16     -0.18  0.       -1447.765       6166.143       7124.596    0.000  -0.138   0.380   0.
  2017 352  8  4 18 510 352.336325356       3.55      0.51     -0.07  0.       -1449.075       6166.779       7124.012    0.000  -0.138   0.380   0.
  2017 352  8  4 19 510 352.336336930       2.86     -0.03     -0.42  0.       -1450.385       6167.415       7123.428    0.000  -0.138   0.380   0.
  2017 352  8  4 20 510 352.336348502       2.94     -0.19     -0.61  0.       -1451.694       6168.051       7122.843    0.000  -0.138   0.380   0.
  2017 352  8  4 21 510 352.336360075       2.60     -0.26     -0.71  0.       -1453.004       6168.687       7122.258    0.000  -0.138   0.380   0.
  2017 352  8  4 22 510 352.336371649       2.36     -0.11     -0.92  0.       -1454.314       6169.322       7121.673    0.000  -0.138   0.380   0.
  2017 352  8  4 23 510 352.336383223       2.15     -0.27     -1.25  0.       -1455.624       6169.957       7121.087    0.000  -0.138   0.380   0.
  2017 352  8  4 24 510 352.336394797       1.86     -0.75     -1.30  0.       -1456.933       6170.591       7120.501    0.000  -0.138   0.380   0.
  2017 352  8  4 25 510 352.336406371       1.26     -0.89     -0.58  0.       -1458.243       6171.226       7119.914    0.000  -0.138   0.380   0.
  2017 352  8  4 26 510 352.336417946       1.21     -1.34     -0.78  0.       -1459.552       6171.860       7119.327    0.000  -0.138   0.380   0.
  2017 352  8  4 27 510 352.336429520       1.93     -1.06     -1.27  0.       -1460.862       6172.493       7118.740    0.000  -0.138   0.380   0.
  2017 352  8  4 28 510 352.336441094       2.61     -0.36     -2.13  0.       -1462.171       6173.127       7118.153    0.000  -0.138   0.380   0.
  2017 352  8  4 29 510 352.336452668       3.39      0.11     -2.43  0.       -1463.480       6173.760       7117.565    0.000  -0.138   0.380   0.
  2017 352  8  4 30 510 352.336464242       3.20      0.11     -2.55  0.       -1464.789       6174.393       7116.977    0.000  -0.138   0.380   0.
  2017 352  8  4 31 510 352.336475816       2.98      0.52     -3.26  0.       -1466.099       6175.025       7116.388    0.000  -0.138   0.380   0.
  2017 352  8  4 32 510 352.336487390       3.05      0.28     -3.59  0.       -1467.408       6175.657       7115.799    0.000  -0.138   0.380   0.
  2017 352  8  4 33 510 352.336498964       3.55      0.27     -3.98  0.       -1468.717       6176.289       7115.210    0.000  -0.138   0.380   0.
  2017 352  8  4 34 510 352.336510538       3.17      0.40     -3.01  0.       -1470.025       6176.921       7114.620    0.000  -0.138   0.380   0.
  2017 352  8  4 35 510 352.336522112       2.90      0.21     -2.20  0.       -1471.334       6177.552       7114.030    0.000  -0.138   0.380   0.
  2017 352  8  4 36 510 352.336533686       2.52      0.27     -1.85  0.       -1472.643       6178.183       7113.440    0.000  -0.138   0.380   0.
  2017 352  8  4 37 510 352.336545260       2.03     -0.39     -2.08  0.       -1473.952       6178.813       7112.849    0.000  -0.138   0.380   0.
  2017 352  8  4 38 510 352.336556835       2.58     -0.29     -3.03  0.       -1475.260       6179.444       7112.258    0.000  -0.138   0.380   0.
  2017 352  8  4 39 510 352.336568409       2.81     -1.22     -4.39  0.       -1476.569       6180.074       7111.667    0.000  -0.138   0.380   0.
  2017 352  8  4 40 510 352.336579983       2.19     -1.92     -4.48  0.       -1477.877       6180.704       7111.075    0.000  -0.138   0.380   0.
  2017 352  8  4 41 510 352.336591557       1.24     -1.73     -4.11  0.       -1479.186       6181.333       7110.483    0.000  -0.138   0.380   0.
  2017 352  8  4 42 510 352.336603131       0.40     -2.00     -3.14  0.       -1480.494       6181.962       7109.890    0.000  -0.138   0.380   0.
  2017 352  8  4 43 510 352.336614705      -0.68     -1.40     -1.69  0.       -1481.802       6182.591       7109.298    0.000  -0.138   0.380   0.
  2017 352  8  4 44 510 352.336626279      -1.90     -0.99      1.11  0.       -1483.110       6183.219       7108.704    0.000  -0.138   0.380   0.
  2017 352  8  4 45 510 352.336637853      -1.15     -0.45     -0.48  0.       -1484.418       6183.848       7108.111    0.000  -0.138   0.380   0.
  2017 352  8  4 46 510 352.336649427       0.75     -0.27     -2.67  0.       -1485.726       6184.475       7107.517    0.000  -0.138   0.380   0.
  2017 352  8  4 47 510 352.336661001       2.42      0.30     -2.15  0.       -1487.034       6185.103       7106.923    0.000  -0.138   0.380   0.
  2017 352  8  4 48 510 352.336672572       2.39     -0.14     -1.53  0.       -1488.342       6185.730       7106.328    0.000  -0.138   0.380   0.
  2017 352  8  4 49 510 352.336684146       2.39     -0.14     -1.66  0.       -1489.650       6186.357       7105.733    0.000  -0.138   0.380   0.
  2017 352  8  4 50 510 352.336695720       2.39      0.17     -1.54  0.       -1490.958       6186.984       7105.138    0.000  -0.138   0.380   0.
  2017 352  8  4 51 510 352.336707295       1.22     -0.36     -1.00  0.       -1492.265       6187.610       7104.542    0.000  -0.138   0.380   0.
  2017 352  8  4 52 510 352.336718869       0.27     -0.92     -1.41  0.       -1493.573       6188.236       7103.947    0.000  -0.138   0.380   0.
  2017 352  8  4 53 510 352.336730443       0.27     -1.16     -1.35  0.       -1494.880       6188.862       7103.350    0.000  -0.138   0.380   0.
  2017 352  8  4 54 510 352.336742017       0.31     -0.13     -0.49  0.       -1496.188       6189.488       7102.754    0.000  -0.138   0.380   0.
  2017 352  8  4 55 510 352.336753591       1.94      0.98     -1.39  0.       -1497.495       6190.113       7102.157    0.000  -0.138   0.380   0.
  2017 352  8  4 56 510 352.336765165       1.63     -0.27     -3.13  0.       -1498.802       6190.737       7101.559    0.000  -0.138   0.380   0.
  2017 352  8  4 57 510 352.336776739       1.03     -1.32     -2.45  0.       -1500.110       6191.362       7100.961    0.000  -0.138   0.380   0.
  2017 352  8  4 58 510 352.336788313       0.11     -1.95     -0.48  0.       -1501.417       6191.986       7100.363    0.000  -0.138   0.380   0.
  2017 352  8  4 59 510 352.336799887      -1.19     -2.25      1.06  0.       -1502.724       6192.610       7099.765    0.000  -0.138   0.380   0.
  2017 352  8  5  0 510 352.336811461      -2.60     -1.66      1.49  0.       -1504.031       6193.234       7099.166    0.000  -0.138   0.380   0.
  2017 352  8  5  1 510 352.336823035      -2.91     -1.32     -0.74  0.       -1505.338       6193.857       7098.567    0.000  -0.138   0.380   0.
  2017 352  8  5  2 510 352.336834609      -2.48     -1.58     -1.85  0.       -1506.644       6194.480       7097.968    0.000  -0.138   0.380   0.
  2017 352  8  5  3 510 352.336846183      -0.24     -2.16     -0.38  0.       -1507.951       6195.103       7097.368    0.000  -0.138   0.380   0.
  2017 352  8  5  4 510 352.336857758       0.94      0.13      0.26  0.       -1509.258       6195.725       7096.768    0.000  -0.138   0.380   0.
  2017 352  8  5  5 510 352.336869332       0.02     -0.06      0.44  0.       -1510.564       6196.347       7096.167    0.000  -0.138   0.380   0.
  2017 352  8  5  6 510 352.336880906       0.04     -0.14      0.14  0.       -1511.871       6196.969       7095.566    0.000  -0.138   0.380   0.
  2017 352  8  5  7 510 352.336892480      -0.49      0.21      1.38  0.       -1513.177       6197.591       7094.965    0.000  -0.138   0.380   0.
  2017 352  8  5  8 510 352.336904054       0.21      0.49      1.25  0.       -1514.484       6198.212       7094.363    0.000  -0.138   0.380   0.
  2017 352  8  5  9 510 352.336915628       0.96      0.35     -0.22  0.       -1515.790       6198.833       7093.762    0.000  -0.138   0.380   0.
  2017 352  8  5 10 510 352.336927202       2.68     -0.89     -1.43  0.       -1517.096       6199.453       7093.159    0.000  -0.138   0.380   0.
  2017 352  8  5 11 510 352.336938776       2.02     -1.03     -0.47  0.       -1518.402       6200.073       7092.557    0.000  -0.138   0.380   0.
  2017 352  8  5 12 510 352.336950350       1.86      0.26     -0.12  0.       -1519.708       6200.693       7091.954    0.000  -0.138   0.380   0.
  2017 352  8  5 13 510 352.336961924       2.05      1.27     -0.01  0.       -1521.014       6201.313       7091.350    0.000  -0.138   0.380   0.
  2017 352  8  5 14 510 352.336973498       1.91      0.93      0.23  0.       -1522.320       6201.932       7090.747    0.000  -0.138   0.380   0.
  2017 352  8  5 15 510 352.336985072       0.97     -0.36      0.39  0.       -1523.626       6202.551       7090.143    0.000  -0.138   0.380   0.
  2017 352  8  5 16 510 352.336996646      -0.66     -1.10      0.42  0.       -1524.932       6203.170       7089.538    0.000  -0.138   0.380   0.
  2017 352  8  5 17 510 352.337008221      -0.53      0.38     -0.43  0.       -1526.238       6203.789       7088.934    0.000  -0.138   0.380   0.
  2017 352  8  5 18 510 352.337019792      -0.99      0.20     -1.11  0.       -1527.543       6204.407       7088.329    0.000  -0.138   0.380   0.
  2017 352  8  5 19 510 352.337031366      -0.72      0.29     -1.18  0.       -1528.849       6205.025       7087.723    0.000  -0.138   0.380   0.
  2017 352  8  5 20 510 352.337042940       0.18     -0.85     -0.53  0.       -1530.154       6205.642       7087.117    0.000  -0.138   0.380   0.
  2017 352  8  5 21 510 352.337054514       0.46     -1.28      0.60  0.       -1531.460       6206.259       7086.511    0.000  -0.138   0.380   0.
  2017 352  8  5 22 510 352.337066088       0.19     -2.20      0.75  0.       -1532.765       6206.876       7085.905    0.000  -0.138   0.380   0.
  2017 352  8  5 23 509 352.337077662      -0.19     -0.82      0.21  0.       -1534.070       6207.493       7085.298    0.000  -0.138   0.380   0.
  2017 352  8  5 24 509 352.337089236      -0.62     -0.67     -0.41  0.       -1535.376       6208.109       7084.691    0.000  -0.138   0.380   0.
  2017 352  8  5 25 509 352.337100810      -2.01     -0.69      0.66  0.       -1536.681       6208.725       7084.083    0.000  -0.138   0.380   0.
  2017 352  8  5 26 509 352.337112384      -1.55     -0.91      0.77  0.       -1537.986       6209.341       7083.476    0.000  -0.138   0.380   0.
  2017 352  8  5 27 509 352.337123958      -3.34     -0.21      1.67  0.       -1539.291       6209.956       7082.868    0.000  -0.138   0.380   0.
  2017 352  8  5 28 510 352.337135532      -1.28     -0.27     -0.51  0.       -1540.596       6210.571       7082.259    0.000  -0.138   0.380   0.
  2017 352  8  5 29 510 352.337147106      -0.50      1.63      2.46  0.       -1541.900       6211.186       7081.650    0.000  -0.138   0.380   0.
  2017 352  8  5 30 509 352.337158681      -3.23      1.16      2.56  0.       -1543.205       6211.800       7081.041    0.000  -0.138   0.380   0.
  2017 352  8  5 31 509 352.337170255      -2.90     -1.55      1.63  0.       -1544.510       6212.415       7080.431    0.000  -0.138   0.380   0.
  2017 352  8  5 32 510 352.337181829       0.34     -2.01     -0.37  0.       -1545.814       6213.028       7079.821    0.000  -0.138   0.380   0.
  2017 352  8  5 33 510 352.337193403       1.37     -1.82     -1.87  0.       -1547.119       6213.642       7079.211    0.000  -0.138   0.380   0.
  2017 352  8  5 34 510 352.337204977       0.65     -2.23     -1.27  0.       -1548.423       6214.255       7078.600    0.000  -0.138   0.380   0.
  2017 352  8  5 35 510 352.337216551      -0.53     -3.39      3.49  0.       -1549.727       6214.868       7077.989    0.000  -0.138   0.380   0.
  2017 352  8  5 36 510 352.337228125      -0.13      0.13      2.52  0.       -1551.032       6215.481       7077.378    0.000  -0.138   0.380   0.
  2017 352  8  5 37 509 352.337239699       1.85      1.96     -1.73  0.       -1552.336       6216.093       7076.766    0.000  -0.138   0.380   0.
  2017 352  8  5 38 509 352.337251273       2.58      0.03     -2.53  0.       -1553.640       6216.705       7076.154    0.000  -0.138   0.380   0.
  2017 352  8  5 39 509 352.337262847       0.91     -0.01     -2.67  0.       -1554.944       6217.317       7075.542    0.000  -0.138   0.380   0.
  2017 352  8  5 40 509 352.337274421      -2.34      0.42     -2.10  0.       -1556.248       6217.928       7074.929    0.000  -0.138   0.380   0.
  2017 352  8  5 41 510 352.337285995      -2.07      0.21     -1.19  0.       -1557.552       6218.539       7074.316    0.000  -0.138   0.380   0.
  2017 352  8  5 42 510 352.337297569       2.12      1.19      0.06  0.       -1558.856       6219.150       7073.702    0.000  -0.138   0.380   0.
  2017 352  8  5 43 509 352.337309144       0.27     -1.13     -0.22  0.       -1560.159       6219.761       7073.089    0.000  -0.138   0.380   0.
  2017 352  8  5 44 509 352.337320718      -0.34     -0.15     -3.23  0.       -1561.463       6220.371       7072.475    0.000  -0.138   0.380   0.
  2017 352  8  5 45 510 352.337332292       0.04      0.44      1.85  0.       -1562.767       6220.981       7071.860    0.000  -0.138   0.380   0.
  2017 352  8  5 46 510 352.337343866       0.14      0.32      1.42  0.       -1564.070       6221.590       7071.245    0.000  -0.138   0.380   0.
  2017 352  8  5 47 510 352.337355440       0.24      0.32      0.72  0.       -1565.374       6222.199       7070.630    0.000  -0.138   0.380   0.
  2017 352  8  5 48 510 352.337367011      -1.01      1.12      0.08  0.       -1566.677       6222.808       7070.014    0.000  -0.138   0.380   0.
  2017 352  8  5 49 509 352.337378585      -1.41      1.56      0.54  0.       -1567.980       6223.417       7069.399    0.000  -0.138   0.380   0.
  2017 352  8  5 50 509 352.337390159       0.44     -0.20      0.93  0.       -1569.283       6224.026       7068.782    0.000  -0.138   0.380   0.
  2017 352  8  5 51 509 352.337401733       3.89     -0.45      0.74  0.       -1570.587       6224.634       7068.166    0.000  -0.138   0.380   0.
  2017 352  8  5 52 509 352.337413307       5.03     -0.01      1.77  0.       -1571.890       6225.241       7067.549    0.000  -0.138   0.380   0.
  2017 352  8  5 53 509 352.337424881       2.64     -0.28     -0.02  0.       -1573.192       6225.849       7066.932    0.000  -0.138   0.380   0.
  2017 352  8  5 54 509 352.337436455       1.73      0.25     -0.39  0.       -1574.495       6226.456       7066.314    0.000  -0.138   0.380   0.
  2017 352  8  5 55 509 352.337448029       1.41      0.70      0.79  0.       -1575.798       6227.062       7065.696    0.000  -0.138   0.380   0.
  2017 352  8  5 56 509 352.337459604       0.45      0.79     -0.06  0.       -1577.101       6227.669       7065.078    0.000  -0.138   0.380   0.
  2017 352  8  5 57 509 352.337471178       0.46      0.42     -0.67  0.       -1578.404       6228.275       7064.459    0.000  -0.138   0.380   0.
  2017 352  8  5 58 509 352.337482752       0.38     -1.27     -0.98  0.       -1579.706       6228.881       7063.840    0.000  -0.138   0.380   0.
  2017 352  8  5 59 509 352.337494326       3.47     -0.99      0.95  0.       -1581.009       6229.487       7063.221    0.000  -0.138   0.380   0.
  2017 352  8  6  0 509 352.337505900       3.52      0.58     -0.54  0.       -1582.311       6230.092       7062.601    0.000  -0.138   0.380   0.
  2017 352  8  6  1 509 352.337517474       2.07      2.77      0.61  0.       -1583.613       6230.697       7061.981    0.000  -0.138   0.380   0.
  2017 352  8  6  2 509 352.337529048       0.00     -1.66      0.32  0.       -1584.916       6231.302       7061.361    0.000  -0.138   0.380   0.
  2017 352  8  6  3 509 352.337540622       0.15     -2.04     -3.08  0.       -1586.218       6231.906       7060.740    0.000  -0.138   0.380   0.
  2017 352  8  6  4 509 352.337552196      -2.23      0.06     -1.36  0.       -1587.520       6232.510       7060.119    0.000  -0.138   0.380   0.
  2017 352  8  6  5 509 352.337563770       0.55      1.42      0.22  0.       -1588.822       6233.114       7059.497    0.000  -0.138   0.380   0.
  2017 352  8  6  6 509 352.337575344      -2.71      0.74     -1.84  0.       -1590.124       6233.717       7058.876    0.000  -0.138   0.380   0.
  2017 352  8  6  7 509 352.337586918      -4.72     -1.00     -0.12  0.       -1591.426       6234.320       7058.254    0.000  -0.138   0.380   0.
  2017 352  8  6  8 509 352.337598492       3.34     -2.08     12.72  0.       -1592.728       6234.923       7057.631    0.000  -0.138   0.380   0.
  2017 352  8  6  9 509 352.337610067      -1.61      2.63      1.70  0.       -1594.029       6235.526       7057.008    0.000  -0.138   0.380   0.
  2017 352  8  6 10 509 352.337621641      -6.02      3.53     -0.21  0.       -1595.331       6236.128       7056.385    0.000  -0.138   0.380   0.
  2017 352  8  6 11 509 352.337633215      -3.91      1.86     -3.42  0.       -1596.632       6236.730       7055.762    0.000  -0.138   0.380   0.
  2017 352  8  6 12 509 352.337644789      -2.97      0.17     -2.62  0.       -1597.934       6237.331       7055.138    0.000  -0.138   0.380   0.
  2017 352  8  6 13 509 352.337656363      -1.68      0.54     -0.99  0.       -1599.235       6237.933       7054.514    0.000  -0.138   0.380   0.
  2017 352  8  6 14 509 352.337667937      -3.48     -0.86     -2.02  0.       -1600.537       6238.534       7053.889    0.000  -0.138   0.380   0.
  2017 352  8  6 15 509 352.337679511      -3.76     -0.23     -2.57  0.       -1601.838       6239.134       7053.264    0.000  -0.138   0.380   0.
  2017 352  8  6 16 509 352.337691083      -1.09     -1.67     -2.04  0.       -1603.139       6239.735       7052.639    0.000  -0.138   0.380   0.
  2017 352  8  6 17 509 352.337702656       0.08     -0.59     -1.34  0.       -1604.440       6240.335       7052.013    0.000  -0.138   0.380   0.
  2017 352  8  6 18 509 352.337714230       0.10      0.31     -0.87  0.       -1605.741       6240.935       7051.387    0.000  -0.138   0.380   0.
  2017 352  8  6 19 509 352.337725804       0.15     -0.01     -0.36  0.       -1607.042       6241.534       7050.761    0.000  -0.138   0.380   0.
  2017 352  8  6 20 509 352.337737378      -0.69      0.33     -1.28  0.       -1608.343       6242.133       7050.134    0.000  -0.139   0.381   0.
  2017 352  8  6 21 509 352.337748953       0.37      0.18     -0.29  0.       -1609.644       6242.732       7049.507    0.000  -0.139   0.381   0.
  2017 352  8  6 22 509 352.337760527      -0.60     -0.34     -0.55  0.       -1610.944       6243.331       7048.880    0.000  -0.138   0.380   0.
  2017 352  8  6 23 509 352.337772101      -1.83      0.13     -0.97  0.       -1612.245       6243.929       7048.252    0.000  -0.138   0.380   0.
  2017 352  8  6 24 509 352.337783675      -3.12      1.62     -0.98  0.       -1613.546       6244.527       7047.624    0.000  -0.138   0.380   0.
  2017 352  8  6 25 509 352.337795249       0.34      2.00     -0.39  0.       -1614.846       6245.125       7046.996    0.000  -0.138   0.380   0.
  2017 352  8  6 26 509 352.337806823       1.35      1.31     -1.46  0.       -1616.146       6245.722       7046.367    0.000  -0.138   0.380   0.
  2017 352  8  6 27 509 352.337818397      -0.21      0.34     -0.40  0.       -1617.447       6246.319       7045.738    0.000  -0.138   0.380   0.
  2017 352  8  6 28 509 352.337829971      -0.23      0.29     -0.64  0.       -1618.747       6246.916       7045.109    0.000  -0.138   0.380   0.
  2017 352  8  6 29 509 352.337841545       0.67      0.40     -0.79  0.       -1620.047       6247.512       7044.479    0.000  -0.138   0.380   0.
  2017 352  8  6 30 509 352.337853119       0.84      0.15     -1.62  0.       -1621.347       6248.108       7043.849    0.000  -0.138   0.380   0.
  2017 352  8  6 31 509 352.337864693       1.70      0.43     -1.99  0.       -1622.647       6248.704       7043.219    0.000  -0.138   0.380   0.
  2017 352  8  6 32 509 352.337876267       0.84      0.29     -1.51  0.       -1623.947       6249.299       7042.588    0.000  -0.138   0.380   0.
  2017 352  8  6 33 509 352.337887841       1.08      0.54     -1.98  0.       -1625.247       6249.895       7041.957    0.000  -0.138   0.380   0.
  2017 352  8  6 34 509 352.337899416       0.35      0.88     -0.99  0.       -1626.546       6250.489       7041.325    0.000  -0.138   0.380   0.
  2017 352  8  6 35 509 352.337910990      -0.04      0.69     -1.11  0.       -1627.846       6251.084       7040.694    0.000  -0.138   0.380   0.
  2017 352  8  6 36 509 352.337922564      -0.77     -0.12     -1.50  0.       -1629.146       6251.678       7040.061    0.000  -0.139   0.381   0.
  2017 352  8  6 37 509 352.337934138      -1.38      0.31     -0.79  0.       -1630.445       6252.272       7039.429    0.000  -0.139   0.381   0.
  2017 352  8  6 38 509 352.337945712      -0.67      0.44     -0.78  0.       -1631.745       6252.866       7038.796    0.000  -0.138   0.380   0.
  2017 352  8  6 39 509 352.337957286      -0.27      0.59     -1.28  0.       -1633.044       6253.459       7038.163    0.000  -0.138   0.380   0.
  2017 352  8  6 40 509 352.337968860      -2.56      1.74     -0.50  0.       -1634.343       6254.052       7037.529    0.000  -0.138   0.380   0.
  2017 352  8  6 41 509 352.337980434      -3.01      1.83     -0.03  0.       -1635.642       6254.645       7036.895    0.000  -0.138   0.380   0.
  2017 352  8  6 42 509 352.337992008      -1.47      1.19     -0.90  0.       -1636.941       6255.237       7036.261    0.000  -0.138   0.380   0.
  2017 352  8  6 43 509 352.338003582      -1.51      0.46     -0.52  0.       -1638.240       6255.829       7035.626    0.000  -0.138   0.380   0.
  2017 352  8  6 44 509 352.338015156       0.33      0.18      0.56  0.       -1639.539       6256.421       7034.991    0.000  -0.138   0.380   0.
  2017 352  8  6 45 509 352.338026730       1.01      0.74     -0.35  0.       -1640.838       6257.013       7034.356    0.000  -0.138   0.380   0.
  2017 352  8  6 46 509 352.338038302      -1.39      1.34     -1.88  0.       -1642.137       6257.604       7033.721    0.000  -0.138   0.380   0.
  2017 352  8  6 47 509 352.338049876       0.50      0.13     -0.60  0.       -1643.436       6258.195       7033.085    0.000  -0.138   0.380   0.
  2017 352  8  6 48 509 352.338061450      -0.17      0.56     -0.36  0.       -1644.734       6258.785       7032.448    0.000  -0.138   0.380   0.
  2017 352  8  6 49 509 352.338073024       1.28      0.05     -0.33  0.       -1646.033       6259.376       7031.812    0.000  -0.138   0.380   0.
  2017 352  8  6 50 509 352.338084598       2.12      0.10     -1.48  0.       -1647.331       6259.966       7031.175    0.000  -0.138   0.380   0.
  2017 352  8  6 51 509 352.338096172      -0.47      0.47     -0.15  0.       -1648.630       6260.555       7030.537    0.000  -0.138   0.380   0.
  2017 352  8  6 52 509 352.338107746      -3.76      0.98      0.69  0.       -1649.928       6261.145       7029.900    0.000  -0.138   0.380   0.
  2017 352  8  6 53 509 352.338119320      -2.13      3.03     -0.81  0.       -1651.226       6261.734       7029.262    0.000  -0.138   0.380   0.
  2017 352  8  6 54 509 352.338130894      -1.78      1.50     -1.42  0.       -1652.524       6262.322       7028.623    0.000  -0.138   0.380   0.
  2017 352  8  6 55 509 352.338142468      -1.62      1.35     -0.68  0.       -1653.822       6262.911       7027.984    0.000  -0.138   0.380   0.
  2017 352  8  6 56 509 352.338154042      -1.88      0.87     -1.07  0.       -1655.120       6263.499       7027.345    0.000  -0.138   0.380   0.
  2017 352  8  6 57 509 352.338165616      -1.91      0.42     -0.63  0.       -1656.418       6264.087       7026.706    0.000  -0.138   0.380   0.
  2017 352  8  6 58 509 352.338177190      -1.79      0.58     -0.43  0.       -1657.716       6264.674       7026.066    0.000  -0.138   0.380   0.
  2017 352  8  6 59 509 352.338188764      -1.06      0.76     -0.85  0.       -1659.014       6265.261       7025.426    0.000  -0.138   0.380   0.
  2017 352  8  7  0 509 352.338200339      -1.36      0.49     -0.70  0.       -1660.311       6265.848       7024.786    0.000  -0.138   0.380   0.
  2017 352  8  7  1 509 352.338211913      -1.43      0.65     -0.56  0.       -1661.609       6266.435       7024.145    0.000  -0.138   0.380   0.
  2017 352  8  7  2 509 352.338223487      -1.33      0.59     -0.50  0.       -1662.906       6267.021       7023.504    0.000  -0.138   0.380   0.
  2017 352  8  7  3 509 352.338235061      -1.23      0.39     -0.71  0.       -1664.204       6267.607       7022.862    0.000  -0.138   0.380   0.
  2017 352  8  7  4 509 352.338246635      -0.97      0.61     -0.64  0.       -1665.501       6268.193       7022.220    0.000  -0.138   0.380   0.
  2017 352  8  7  5 509 352.338258209      -0.96      0.58     -0.60  0.       -1666.798       6268.778       7021.578    0.000  -0.138   0.380   0.
  2017 352  8  7  6 509 352.338269783      -1.07      0.50     -0.66  0.       -1668.095       6269.363       7020.936    0.000  -0.138   0.380   0.
  2017 352  8  7  7 509 352.338281357      -0.99      0.44     -0.54  0.       -1669.393       6269.948       7020.293    0.000  -0.138   0.380   0.
  2017 352  8  7  8 509 352.338292931      -1.14      0.62     -0.70  0.       -1670.690       6270.532       7019.650    0.000  -0.138   0.380   0.
  2017 352  8  7  9 509 352.338304505      -1.18      0.63     -0.68  0.       -1671.986       6271.117       7019.006    0.000  -0.138   0.380   0.
  2017 352  8  7 10 509 352.338316079      -1.40      0.55     -0.72  0.       -1673.283       6271.700       7018.362    0.000  -0.139   0.381   0.
  2017 352  8  7 11 509 352.338327653      -1.25      0.58     -0.72  0.       -1674.580       6272.284       7017.718    0.000  -0.139   0.381   0.
  2017 352  8  7 12 509 352.338339227      -1.09      0.39     -0.90  0.       -1675.877       6272.867       7017.073    0.000  -0.138   0.380   0.
  2017 352  8  7 13 509 352.338350802      -1.21      0.65     -0.86  0.       -1677.173       6273.450       7016.428    0.000  -0.138   0.380   0.
  2017 352  8  7 14 509 352.338362373      -1.16      0.81     -0.96  0.       -1678.470       6274.033       7015.783    0.000  -0.138   0.380   0.
  2017 352  8  7 15 509 352.338373947      -1.13      0.89     -0.95  0.       -1679.766       6274.615       7015.138    0.000  -0.138   0.380   0.
  2017 352  8  7 16 509 352.338385521      -1.18      0.93     -1.10  0.       -1681.063       6275.197       7014.492    0.000  -0.138   0.380   0.
  2017 352  8  7 17 509 352.338397095      -1.36      0.78     -0.94  0.       -1682.359       6275.779       7013.845    0.000  -0.138   0.380   0.
  2017 352  8  7 18 509 352.338408669      -1.28      0.81     -0.67  0.       -1683.655       6276.360       7013.199    0.000  -0.138   0.380   0.
  2017 352  8  7 19 508 352.338420243      -1.34      0.89     -0.80  0.       -1684.951       6276.941       7012.552    0.000  -0.138   0.380   0.
  2017 352  8  7 20 508 352.338431817      -1.33      0.99     -0.75  0.       -1686.247       6277.522       7011.904    0.000  -0.138   0.380   0.
  2017 352  8  7 21 508 352.338443391      -1.52      0.97     -0.80  0.       -1687.543       6278.102       7011.257    0.000  -0.138   0.380   0.
  2017 352  8  7 22 508 352.338454965      -1.48      0.77     -0.94  0.       -1688.839       6278.682       7010.609    0.000  -0.138   0.380   0.
  2017 352  8  7 23 508 352.338466539      -1.25      0.80     -1.01  0.       -1690.135       6279.262       7009.960    0.000  -0.138   0.380   0.
  2017 352  8  7 24 509 352.338478113      -1.22      0.53     -0.88  0.       -1691.430       6279.842       7009.312    0.000  -0.138   0.380   0.
  2017 352  8  7 25 508 352.338489688      -1.00      0.77     -0.80  0.       -1692.726       6280.421       7008.663    0.000  -0.138   0.380   0.
  2017 352  8  7 26 508 352.338501262      -0.99      0.70     -0.70  0.       -1694.021       6281.000       7008.013    0.000  -0.138   0.380   0.
  2017 352  8  7 27 508 352.338512836      -0.88      0.80     -0.55  0.       -1695.317       6281.579       7007.363    0.000  -0.138   0.380   0.
  2017 352  8  7 28 509 352.338524410      -0.64      0.86     -0.52  0.       -1696.612       6282.157       7006.713    0.000  -0.138   0.380   0.
  2017 352  8  7 29 509 352.338535984      -0.68      0.76     -0.44  0.       -1697.907       6282.735       7006.063    0.000  -0.138   0.380   0.
  2017 352  8  7 30 509 352.338547558      -0.67      0.71     -0.48  0.       -1699.202       6283.312       7005.412    0.000  -0.138   0.380   0.
  2017 352  8  7 31 509 352.338559132      -0.67      0.67     -0.44  0.       -1700.497       6283.890       7004.761    0.000  -0.138   0.380   0.
  2017 352  8  7 32 508 352.338570706      -0.63      0.60     -0.48  0.       -1701.792       6284.467       7004.110    0.000  -0.139   0.381   0.
  2017 352  8  7 33 508 352.338582280      -0.52      0.53     -0.46  0.       -1703.087       6285.044       7003.458    0.000  -0.139   0.381   0.
  2017 352  8  7 34 508 352.338593854      -0.29      0.42     -0.50  0.       -1704.382       6285.620       7002.806    0.000  -0.138   0.380   0.
  2017 352  8  7 35 508 352.338605428       0.13      0.26     -0.51  0.       -1705.677       6286.196       7002.153    0.000  -0.138   0.380   0.
  2017 352  8  7 36 508 352.338617002       0.19      0.27     -0.44  0.       -1706.972       6286.772       7001.500    0.000  -0.138   0.380   0.
  2017 352  8  7 37 509 352.338628576       0.37      0.76     -0.40  0.       -1708.266       6287.348       7000.847    0.000  -0.138   0.380   0.
  2017 352  8  7 38 509 352.338640150       0.24      1.49     -1.06  0.       -1709.561       6287.923       7000.194    0.000  -0.139   0.381   0.
  2017 352  8  7 39 508 352.338651725      -0.12      1.09     -1.58  0.       -1710.855       6288.498       6999.540    0.000  -0.139   0.381   0.
  2017 352  8  7 40 508 352.338663299      -0.05      0.99     -2.60  0.       -1712.149       6289.072       6998.886    0.000  -0.138   0.380   0.
  2017 352  8  7 41 509 352.338674873       0.35      0.93     -2.52  0.       -1713.444       6289.647       6998.231    0.000  -0.138   0.380   0.
  2017 352  8  7 42 509 352.338686447       0.06      0.50     -1.97  0.       -1714.738       6290.221       6997.576    0.000  -0.138   0.380   0.
  2017 352  8  7 43 509 352.338698021      -0.11      0.60     -1.77  0.       -1716.032       6290.794       6996.921    0.000  -0.138   0.380   0.
  2017 352  8  7 44 509 352.338709592      -0.02      0.41     -1.03  0.       -1717.326       6291.368       6996.265    0.000  -0.138   0.380   0.
  2017 352  8  7 45 508 352.338721166      -0.85     -0.57      0.33  0.       -1718.620       6291.941       6995.609    0.000  -0.138   0.380   0.
  2017 352  8  7 46 508 352.338732740      -0.02      0.68      0.35  0.       -1719.914       6292.514       6994.953    0.000  -0.139   0.381   0.
  2017 352  8  7 47 508 352.338744314       0.72      1.26     -0.49  0.       -1721.208       6293.086       6994.297    0.000  -0.139   0.381   0.
  2017 352  8  7 48 508 352.338755888       1.57      0.20     -0.75  0.       -1722.501       6293.658       6993.640    0.000  -0.138   0.380   0.
  2017 352  8  7 49 508 352.338767462       1.10      0.58     -1.47  0.       -1723.795       6294.230       6992.982    0.000  -0.138   0.380   0.
  2017 352  8  7 50 508 352.338779036      -1.39      0.97     -1.96  0.       -1725.088       6294.802       6992.325    0.000  -0.138   0.380   0.
  2017 352  8  7 51 508 352.338790611      -3.19      1.50     -1.59  0.       -1726.382       6295.373       6991.667    0.000  -0.138   0.380   0.
  2017 352  8  7 52 508 352.338802185      -3.79      1.39     -0.51  0.       -1727.675       6295.944       6991.009    0.000  -0.138   0.380   0.
  2017 352  8  7 53 508 352.338813759      -4.22      0.77     -0.12  0.       -1728.968       6296.514       6990.350    0.000  -0.138   0.380   0.
  2017 352  8  7 54 508 352.338825333      -5.05      0.82     -0.12  0.       -1730.261       6297.085       6989.691    0.000  -0.138   0.380   0.
  2017 352  8  7 55 508 352.338836907      -5.30      0.67      0.22  0.       -1731.554       6297.655       6989.032    0.000  -0.138   0.380   0.
  2017 352  8  7 56 508 352.338848481      -4.62      0.02      0.23  0.       -1732.847       6298.224       6988.372    0.000  -0.138   0.380   0.
  2017 352  8  7 57 508 352.338860055      -3.57      0.67      0.11  0.       -1734.140       6298.794       6987.712    0.000  -0.138   0.380   0.
  2017 352  8  7 58 508 352.338871629      -2.64      0.96     -0.49  0.       -1735.433       6299.363       6987.052    0.000  -0.139   0.381   0.
  2017 352  8  7 59 508 352.338883203      -2.08      3.34     -1.29  0.       -1736.726       6299.932       6986.391    0.000  -0.139   0.381   0.
  2017 352  8  8  0 508 352.338894777      -1.34      4.37     -2.46  0.       -1738.018       6300.500       6985.730    0.000  -0.138   0.380   0.
  2017 352  8  8  1 508 352.338906351      -1.03      4.58     -1.90  0.       -1739.311       6301.068       6985.068    0.000  -0.138   0.380   0.
  2017 352  8  8  2 508 352.338917925      -0.27      3.97     -1.81  0.       -1740.603       6301.636       6984.407    0.000  -0.138   0.380   0.
  2017 352  8  8  3 508 352.338929499      -1.18      3.16     -2.22  0.       -1741.896       6302.203       6983.745    0.000  -0.138   0.380   0.
  2017 352  8  8  4 508 352.338941073      -4.43      2.73     -1.07  0.       -1743.188       6302.771       6983.082    0.000  -0.138   0.380   0.
  2017 352  8  8  5 508 352.338952648      -5.13      3.07      0.22  0.       -1744.480       6303.338       6982.419    0.000  -0.138   0.380   0.
  2017 352  8  8  6 508 352.338964222      -5.98      2.34      1.75  0.       -1745.773       6303.904       6981.756    0.000  -0.138   0.380   0.
  2017 352  8  8  7 508 352.338975796      -5.98      2.67      3.33  0.       -1747.065       6304.470       6981.093    0.000  -0.138   0.380   0.
  2017 352  8  8  8 508 352.338987370      -5.97      3.29      2.84  0.       -1748.356       6305.036       6980.429    0.000  -0.138   0.380   0.
  2017 352  8  8  9 508 352.338998944      -5.98      3.22      2.48  0.       -1749.648       6305.602       6979.765    0.000  -0.138   0.380   0.
  2017 352  8  8 10 508 352.339010518      -4.73      3.42      2.24  0.       -1750.940       6306.168       6979.101    0.000  -0.138   0.380   0.
  2017 352  8  8 11 508 352.339022092      -5.80      2.95      3.32  0.       -1752.232       6306.733       6978.436    0.000  -0.138   0.380   0.
  2017 352  8  8 12 508 352.339033664      -6.58      1.62      4.38  0.       -1753.524       6307.297       6977.771    0.000  -0.138   0.380   0.
  2017 352  8  8 13 508 352.339045237      -4.74      1.66      2.56  0.       -1754.815       6307.862       6977.105    0.000  -0.138   0.380   0.
  2017 352  8  8 14 508 352.339056811      -4.71      2.05     -1.29  0.       -1756.106       6308.426       6976.439    0.000  -0.138   0.380   0.
  2017 352  8  8 15 508 352.339068385      -4.76      1.20     -1.63  0.       -1757.398       6308.990       6975.773    0.000  -0.138   0.380   0.
  2017 352  8  8 16 508 352.339079959      -5.09      0.72     -0.93  0.       -1758.689       6309.553       6975.107    0.000  -0.138   0.380   0.
  2017 352  8  8 17 508 352.339091534      -6.26     -0.39      2.68  0.       -1759.980       6310.117       6974.440    0.000  -0.138   0.380   0.
  2017 352  8  8 18 508 352.339103108      -7.88      2.00      3.55  0.       -1761.271       6310.679       6973.773    0.000  -0.138   0.380   0.
  2017 352  8  8 19 508 352.339114682      -5.28      3.75     -0.62  0.       -1762.562       6311.242       6973.105    0.000  -0.138   0.380   0.
  2017 352  8  8 20 508 352.339126256      -2.10     -1.27     -0.98  0.       -1763.853       6311.804       6972.437    0.000  -0.138   0.380   0.
  2017 352  8  8 21 508 352.339137830      -2.19      0.60     -0.81  0.       -1765.144       6312.366       6971.769    0.000  -0.138   0.380   0.
  2017 352  8  8 22 508 352.339149404      -5.74     -0.48     -3.27  0.       -1766.435       6312.928       6971.100    0.000  -0.138   0.380   0.
  2017 352  8  8 23 508 352.339160978      -5.15      0.00     -0.94  0.       -1767.726       6313.489       6970.432    0.000  -0.138   0.380   0.
  2017 352  8  8 24 508 352.339172552       0.40      2.17     -2.12  0.       -1769.016       6314.050       6969.762    0.000  -0.138   0.380   0.
  2017 352  8  8 25 508 352.339184126      -0.80      3.82     -4.55  0.       -1770.307       6314.611       6969.093    0.000  -0.138   0.380   0.
  2017 352  8  8 26 508 352.339195700      -0.15      4.16     -5.45  0.       -1771.597       6315.172       6968.423    0.000  -0.139   0.381   0.
  2017 352  8  8 27 508 352.339207274       0.15      2.30     -4.26  0.       -1772.888       6315.731       6967.753    0.000  -0.139   0.381   0.
  2017 352  8  8 28 508 352.339218848       2.37      3.10     -3.93  0.       -1774.178       6316.292       6967.082    0.000  -0.138   0.380   0.
  2017 352  8  8 29 508 352.339230422       0.01      1.56     -4.36  0.       -1775.468       6316.851       6966.411    0.000  -0.138   0.380   0.
  2017 352  8  8 30 508 352.339241997      -3.28      0.07     -3.42  0.       -1776.758       6317.410       6965.740    0.000  -0.139   0.381   0.
  2017 352  8  8 31 508 352.339253571      -2.15      1.17     -3.74  0.       -1778.048       6317.969       6965.068    0.000  -0.139   0.381   0.
  2017 352  8  8 32 508 352.339265145      -2.04      1.23     -3.04  0.       -1779.338       6318.528       6964.396    0.000  -0.138   0.380   0.
  2017 352  8  8 33 508 352.339276719      -1.10      1.77     -3.30  0.       -1780.628       6319.086       6963.724    0.000  -0.138   0.380   0.
  2017 352  8  8 34 508 352.339288293      -0.35     -0.73     -2.28  0.       -1781.917       6319.644       6963.051    0.000  -0.138   0.380   0.
  2017 352  8  8 35 508 352.339299867      -0.90     -1.64     -2.32  0.       -1783.207       6320.202       6962.378    0.000  -0.138   0.380   0.
  2017 352  8  8 36 508 352.339311441      -1.42     -1.79     -1.80  0.       -1784.497       6320.759       6961.705    0.000  -0.138   0.380   0.
  2017 352  8  8 37 508 352.339323015      -3.20     -0.62     -2.25  0.       -1785.786       6321.316       6961.031    0.000  -0.138   0.380   0.
  2017 352  8  8 38 508 352.339334589      -2.31      1.42     -1.19  0.       -1787.075       6321.873       6960.357    0.000  -0.138   0.380   0.
  2017 352  8  8 39 508 352.339346163      -2.17      3.80     -0.26  0.       -1788.365       6322.429       6959.683    0.000  -0.138   0.380   0.
  2017 352  8  8 40 508 352.339357737      -2.91      4.10      0.33  0.       -1789.654       6322.985       6959.008    0.000  -0.138   0.380   0.
  2017 352  8  8 41 508 352.339369311      -2.51      2.95      0.25  0.       -1790.943       6323.541       6958.333    0.000  -0.138   0.380   0.
  2017 352  8  8 42 508 352.339380883      -1.90      2.06     -0.20  0.       -1792.232       6324.097       6957.658    0.000  -0.138   0.380   0.
  2017 352  8  8 43 508 352.339392457      -1.66      1.59     -0.53  0.       -1793.521       6324.652       6956.982    0.000  -0.138   0.380   0.
  2017 352  8  8 44 508 352.339404031      -1.67      1.62     -0.55  0.       -1794.810       6325.207       6956.306    0.000  -0.138   0.380   0.
  2017 352  8  8 45 508 352.339415605      -1.70      1.30     -0.60  0.       -1796.099       6325.761       6955.630    0.000  -0.138   0.380   0.
  2017 352  8  8 46 508 352.339427179      -1.70      1.45     -1.04  0.       -1797.387       6326.316       6954.953    0.000  -0.139   0.381   0.
  2017 352  8  8 47 508 352.339438753      -1.75      1.85     -1.48  0.       -1798.676       6326.870       6954.276    0.000  -0.139   0.381   0.
  2017 352  8  8 48 508 352.339450327      -1.80      1.69     -1.23  0.       -1799.964       6327.423       6953.599    0.000  -0.138   0.380   0.
  2017 352  8  8 49 508 352.339461901      -1.80      1.44     -0.98  0.       -1801.253       6327.977       6952.921    0.000  -0.138   0.380   0.
  2017 352  8  8 50 508 352.339473475      -1.96      1.44     -1.03  0.       -1802.541       6328.530       6952.243    0.000  -0.138   0.380   0.
  2017 352  8  8 51 508 352.339485049      -2.03      1.29     -0.77  0.       -1803.829       6329.082       6951.565    0.000  -0.138   0.380   0.
  2017 352  8  8 52 508 352.339496623      -1.80      1.25     -0.39  0.       -1805.118       6329.635       6950.886    0.000  -0.139   0.381   0.
  2017 352  8  8 53 508 352.339508197      -1.54      1.27     -0.34  0.       -1806.406       6330.187       6950.207    0.000  -0.139   0.381   0.
  2017 352  8  8 54 508 352.339519771      -1.29      1.30     -0.23  0.       -1807.694       6330.739       6949.527    0.000  -0.138   0.380   0.
  2017 352  8  8 55 508 352.339531345      -1.19      1.31     -0.33  0.       -1808.981       6331.290       6948.847    0.000  -0.138   0.380   0.
  2017 352  8  8 56 508 352.339542920      -1.07      1.34     -0.44  0.       -1810.269       6331.841       6948.167    0.000  -0.139   0.381   0.
  2017 352  8  8 57 508 352.339554494      -0.93      1.40     -0.45  0.       -1811.557       6332.392       6947.487    0.000  -0.139   0.381   0.
  2017 352  8  8 58 508 352.339566068      -0.98      1.41     -0.46  0.       -1812.844       6332.943       6946.806    0.000  -0.138   0.380   0.
  2017 352  8  8 59 508 352.339577642      -1.11      1.30     -0.60  0.       -1814.132       6333.493       6946.125    0.000  -0.138   0.380   0.
  2017 352  8  9  0 508 352.339589216      -1.05      1.20     -0.76  0.       -1815.419       6334.043       6945.444    0.000  -0.138   0.380   0.
  2017 352  8  9  1 508 352.339600790      -1.11      1.17     -0.87  0.       -1816.707       6334.593       6944.762    0.000  -0.138   0.380   0.
  2017 352  8  9  2 508 352.339612364      -1.19      1.20     -0.93  0.       -1817.994       6335.142       6944.080    0.000  -0.139   0.381   0.
  2017 352  8  9  3 508 352.339623938      -1.23      1.11     -1.08  0.       -1819.281       6335.691       6943.397    0.000  -0.139   0.381   0.
  2017 352  8  9  4 508 352.339635512      -1.41      1.08     -1.10  0.       -1820.568       6336.240       6942.714    0.000  -0.138   0.380   0.
  2017 352  8  9  5 508 352.339647086      -1.48      1.01     -0.96  0.       -1821.855       6336.788       6942.031    0.000  -0.138   0.380   0.
  2017 352  8  9  6 508 352.339658660      -1.40      1.07     -1.01  0.       -1823.142       6337.336       6941.348    0.000  -0.138   0.380   0.
  2017 352  8  9  7 508 352.339670234      -1.38      0.96     -0.94  0.       -1824.429       6337.884       6940.664    0.000  -0.138   0.380   0.
  2017 352  8  9  8 508 352.339681808      -1.28      0.90     -1.01  0.       -1825.716       6338.432       6939.980    0.000  -0.139   0.381   0.
  2017 352  8  9  9 508 352.339693383      -1.29      0.82     -1.02  0.       -1827.002       6338.979       6939.295    0.000  -0.139   0.381   0.
  2017 352  8  9 10 508 352.339704957      -1.37      0.77     -1.16  0.       -1828.289       6339.526       6938.610    0.000  -0.138   0.380   0.
  2017 352  8  9 11 508 352.339716531      -1.25      0.72     -1.08  0.       -1829.575       6340.072       6937.925    0.000  -0.138   0.380   0.
  2017 352  8  9 12 508 352.339728102      -0.99      0.60     -1.24  0.       -1830.862       6340.618       6937.240    0.000  -0.138   0.380   0.
  2017 352  8  9 13 508 352.339739676      -0.95      0.36     -1.39  0.       -1832.148       6341.164       6936.554    0.000  -0.138   0.380   0.
  2017 352  8  9 14 508 352.339751250      -0.97      0.25     -1.44  0.       -1833.434       6341.710       6935.867    0.000  -0.138   0.380   0.
  2017 352  8  9 15 507 352.339762824      -0.82      0.40     -1.48  0.       -1834.720       6342.255       6935.181    0.000  -0.138   0.380   0.
  2017 352  8  9 16 507 352.339774398      -0.74      0.50     -1.63  0.       -1836.006       6342.800       6934.494    0.000  -0.138   0.380   0.
  2017 352  8  9 17 507 352.339785972      -0.71      0.41     -1.61  0.       -1837.292       6343.345       6933.807    0.000  -0.138   0.380   0.
  2017 352  8  9 18 507 352.339797546      -0.88      0.36     -1.70  0.       -1838.578       6343.890       6933.119    0.000  -0.138   0.380   0.
  2017 352  8  9 19 508 352.339809120      -1.01      0.28     -1.83  0.       -1839.864       6344.433       6932.431    0.000  -0.138   0.380   0.
  2017 352  8  9 20 508 352.339820694      -1.21      0.36     -1.98  0.       -1841.150       6344.977       6931.743    0.000  -0.139   0.381   0.
  2017 352  8  9 21 507 352.339832269      -1.39      0.44     -2.01  0.       -1842.435       6345.521       6931.054    0.000  -0.139   0.381   0.
  2017 352  8  9 22 507 352.339843843      -1.47      0.40     -2.04  0.       -1843.720       6346.064       6930.366    0.000  -0.139   0.381   0.
  2017 352  8  9 23 508 352.339855417      -1.26      0.50     -1.70  0.       -1845.006       6346.607       6929.676    0.000  -0.139   0.381   0.
  2017 352  8  9 24 508 352.339866991      -1.25      0.74     -1.20  0.       -1846.291       6347.149       6928.987    0.000  -0.138   0.380   0.
  2017 352  8  9 25 508 352.339878565      -1.20      0.80     -1.10  0.       -1847.576       6347.691       6928.297    0.000  -0.138   0.380   0.
  2017 352  8  9 26 508 352.339890139      -1.18      0.83     -1.06  0.       -1848.862       6348.233       6927.607    0.000  -0.139   0.381   0.
  2017 352  8  9 27 508 352.339901713      -1.25      0.82     -0.96  0.       -1850.147       6348.775       6926.916    0.000  -0.139   0.381   0.
  2017 352  8  9 28 507 352.339913287      -1.13      0.76     -0.89  0.       -1851.431       6349.316       6926.225    0.000  -0.138   0.380   0.
  2017 352  8  9 29 507 352.339924861      -1.12      0.85     -0.85  0.       -1852.716       6349.857       6925.534    0.000  -0.138   0.380   0.
  2017 352  8  9 30 507 352.339936435      -1.05      0.86     -0.84  0.       -1854.001       6350.398       6924.842    0.000  -0.138   0.380   0.
  2017 352  8  9 31 507 352.339948009      -1.27      0.68     -0.74  0.       -1855.286       6350.938       6924.150    0.000  -0.138   0.380   0.
  2017 352  8  9 32 507 352.339959583      -1.26      0.75     -0.79  0.       -1856.570       6351.478       6923.458    0.000  -0.138   0.380   0.
  2017 352  8  9 33 508 352.339971157      -1.32      0.65     -0.99  0.       -1857.855       6352.018       6922.765    0.000  -0.138   0.380   0.
  2017 352  8  9 34 508 352.339982732      -1.18      0.86     -0.97  0.       -1859.139       6352.558       6922.072    0.000  -0.138   0.380   0.
  2017 352  8  9 35 507 352.339994306      -1.08      0.89     -1.02  0.       -1860.424       6353.097       6921.379    0.000  -0.138   0.380   0.
  2017 352  8  9 36 507 352.340005880      -1.35      0.75     -0.89  0.       -1861.708       6353.636       6920.685    0.000  -0.138   0.380   0.
  2017 352  8  9 37 508 352.340017454      -1.42      0.79     -0.88  0.       -1862.992       6354.174       6919.991    0.000  -0.138   0.380   0.
  2017 352  8  9 38 508 352.340029028      -1.78      0.76     -0.92  0.       -1864.276       6354.712       6919.297    0.000  -0.139   0.381   0.
  2017 352  8  9 39 508 352.340040602      -1.74      0.78     -0.89  0.       -1865.560       6355.250       6918.602    0.000  -0.139   0.381   0.
  2017 352  8  9 40 508 352.340052173      -1.84      0.85     -1.25  0.       -1866.844       6355.788       6917.907    0.000  -0.138   0.380   0.
  2017 352  8  9 41 507 352.340063747      -1.80      0.94     -0.49  0.       -1868.127       6356.325       6917.212    0.000  -0.138   0.380   0.
  2017 352  8  9 42 507 352.340075321      -1.68      1.13     -0.35  0.       -1869.411       6356.862       6916.516    0.000  -0.138   0.380   0.
  2017 352  8  9 43 507 352.340086895      -1.56      1.17     -0.13  0.       -1870.695       6357.399       6915.820    0.000  -0.138   0.380   0.
  2017 352  8  9 44 507 352.340098469      -1.77      1.37     -0.14  0.       -1871.978       6357.935       6915.124    0.000  -0.138   0.380   0.
  2017 352  8  9 45 507 352.340110043      -1.82      1.04      0.00  0.       -1873.262       6358.471       6914.427    0.000  -0.138   0.380   0.
  2017 352  8  9 46 507 352.340121617      -1.48      1.11     -0.10  0.       -1874.545       6359.007       6913.730    0.000  -0.138   0.380   0.
  2017 352  8  9 47 507 352.340133192      -2.07      1.14     -0.03  0.       -1875.828       6359.542       6913.033    0.000  -0.138   0.380   0.
  2017 352  8  9 48 507 352.340144766      -1.76      0.96     -0.30  0.       -1877.111       6360.077       6912.335    0.000  -0.139   0.381   0.
  2017 352  8  9 49 507 352.340156340      -1.60      0.90     -0.51  0.       -1878.394       6360.612       6911.637    0.000  -0.139   0.381   0.
  2017 352  8  9 50 507 352.340167914      -1.46      0.93     -0.70  0.       -1879.677       6361.147       6910.939    0.000  -0.138   0.380   0.
  2017 352  8  9 51 507 352.340179488      -1.44      1.06     -0.53  0.       -1880.960       6361.681       6910.240    0.000  -0.138   0.380   0.
  2017 352  8  9 52 507 352.340191062      -1.64      1.11     -0.66  0.       -1882.243       6362.215       6909.541    0.000  -0.138   0.380   0.
  2017 352  8  9 53 507 352.340202636      -1.85      1.17     -0.83  0.       -1883.525       6362.748       6908.842    0.000  -0.138   0.380   0.
  2017 352  8  9 54 507 352.340214210      -1.47      0.91     -0.95  0.       -1884.808       6363.281       6908.142    0.000  -0.138   0.380   0.
  2017 352  8  9 55 507 352.340225784      -1.61      0.90     -0.56  0.       -1886.090       6363.814       6907.442    0.000  -0.138   0.380   0.
  2017 352  8  9 56 507 352.340237358      -1.43      0.99     -0.83  0.       -1887.373       6364.347       6906.742    0.000  -0.138   0.380   0.
  2017 352  8  9 57 507 352.340248932      -1.33      0.90     -0.52  0.       -1888.655       6364.879       6906.041    0.000  -0.138   0.380   0.
  2017 352  8  9 58 507 352.340260506      -1.46      0.97     -0.51  0.       -1889.937       6365.411       6905.340    0.000  -0.138   0.380   0.
  2017 352  8  9 59 507 352.340272080      -1.28      0.89     -0.52  0.       -1891.219       6365.943       6904.638    0.000  -0.138   0.380   0.
  2017 352  8 10  0 507 352.340283654      -1.12      0.86     -0.56  0.       -1892.501       6366.474       6903.937    0.000  -0.138   0.380   0.
  2017 352  8 10  1 507 352.340295229      -1.18      0.92     -0.43  0.       -1893.783       6367.006       6903.235    0.000  -0.138   0.380   0.
  2017 352  8 10  2 507 352.340306803      -1.06      0.85     -0.27  0.       -1895.065       6367.536       6902.532    0.000  -0.138   0.380   0.
  2017 352  8 10  3 507 352.340318377      -0.89      0.74     -0.43  0.       -1896.347       6368.067       6901.830    0.000  -0.138   0.380   0.
  2017 352  8 10  4 507 352.340329951      -0.68      0.81     -0.42  0.       -1897.629       6368.597       6901.126    0.000  -0.138   0.380   0.
  2017 352  8 10  5 507 352.340341525      -0.47      1.06     -0.80  0.       -1898.910       6369.127       6900.423    0.000  -0.138   0.380   0.
  2017 352  8 10  6 507 352.340353099      -0.48      1.04     -0.94  0.       -1900.192       6369.656       6899.719    0.000  -0.138   0.380   0.
  2017 352  8 10  7 507 352.340364673      -0.71      0.97     -0.94  0.       -1901.473       6370.186       6899.015    0.000  -0.138   0.380   0.
  2017 352  8 10  8 507 352.340376247      -0.74      1.06     -1.20  0.       -1902.754       6370.715       6898.311    0.000  -0.138   0.380   0.
  2017 352  8 10  9 507 352.340387821      -0.99      0.93     -1.03  0.       -1904.035       6371.243       6897.606    0.000  -0.138   0.380   0.
  2017 352  8 10 10 507 352.340399393      -0.94      0.98     -1.04  0.       -1905.316       6371.772       6896.901    0.000  -0.138   0.380   0.
  2017 352  8 10 11 507 352.340410966      -1.03      0.99     -1.09  0.       -1906.597       6372.300       6896.195    0.000  -0.138   0.380   0.
  2017 352  8 10 12 507 352.340422540      -1.04      0.99     -1.05  0.       -1907.878       6372.827       6895.490    0.000  -0.138   0.380   0.
  2017 352  8 10 13 507 352.340434115      -1.36      0.94     -1.25  0.       -1909.159       6373.354       6894.784    0.000  -0.138   0.380   0.
  2017 352  8 10 14 507 352.340445689      -1.09      1.04     -0.90  0.       -1910.440       6373.881       6894.077    0.000  -0.138   0.380   0.
  2017 352  8 10 15 507 352.340457263      -1.29      0.79     -1.07  0.       -1911.721       6374.408       6893.370    0.000  -0.138   0.380   0.
  2017 352  8 10 16 507 352.340468837      -1.19      0.91     -0.71  0.       -1913.001       6374.935       6892.663    0.000  -0.138   0.380   0.
  2017 352  8 10 17 507 352.340480411      -1.12      0.98     -0.71  0.       -1914.282       6375.461       6891.956    0.000  -0.138   0.380   0.
  2017 352  8 10 18 507 352.340491985      -1.08      0.87     -0.71  0.       -1915.562       6375.987       6891.248    0.000  -0.138   0.380   0.
  2017 352  8 10 19 507 352.340503559      -1.12      0.89     -0.72  0.       -1916.842       6376.512       6890.540    0.000  -0.138   0.380   0.
  2017 352  8 10 20 507 352.340515133      -1.13      1.01     -0.62  0.       -1918.122       6377.037       6889.832    0.000  -0.138   0.380   0.
  2017 352  8 10 21 507 352.340526707      -1.12      0.57     -0.75  0.       -1919.402       6377.562       6889.123    0.000  -0.138   0.380   0.
  2017 352  8 10 22 507 352.340538281      -0.97      0.97     -0.41  0.       -1920.682       6378.087       6888.414    0.000  -0.138   0.380   0.
  2017 352  8 10 23 507 352.340549855      -1.07      0.74     -0.87  0.       -1921.962       6378.611       6887.704    0.000  -0.138   0.380   0.
  2017 352  8 10 24 507 352.340561429      -0.91      1.04     -0.54  0.       -1923.242       6379.135       6886.994    0.000  -0.138   0.380   0.
  2017 352  8 10 25 507 352.340573004      -1.02      0.93     -0.72  0.       -1924.522       6379.659       6886.284    0.000  -0.138   0.380   0.
  2017 352  8 10 26 507 352.340584577      -0.74      0.97     -0.64  0.       -1925.801       6380.182       6885.574    0.000  -0.138   0.380   0.
  2017 352  8 10 27 507 352.340596152      -0.58      0.80     -0.72  0.       -1927.081       6380.705       6884.863    0.000  -0.138   0.380   0.
  2017 352  8 10 28 507 352.340607726      -0.39      0.95     -0.87  0.       -1928.360       6381.228       6884.152    0.000  -0.138   0.380   0.
  2017 352  8 10 29 507 352.340619300      -0.36      1.04     -1.05  0.       -1929.639       6381.750       6883.440    0.000  -0.138   0.380   0.
  2017 352  8 10 30 507 352.340630874      -0.80      0.97     -1.00  0.       -1930.919       6382.272       6882.729    0.000  -0.139   0.381   0.
  2017 352  8 10 31 507 352.340642448      -0.80      1.13     -0.87  0.       -1932.198       6382.794       6882.016    0.000  -0.139   0.381   0.
  2017 352  8 10 32 507 352.340654022      -0.93      1.05     -1.00  0.       -1933.477       6383.315       6881.304    0.000  -0.139   0.381   0.
  2017 352  8 10 33 507 352.340665596      -1.15      0.91     -0.84  0.       -1934.756       6383.837       6880.591    0.000  -0.139   0.381   0.
  2017 352  8 10 34 507 352.340677170      -1.03      1.02     -0.74  0.       -1936.035       6384.357       6879.878    0.000  -0.139   0.381   0.
  2017 352  8 10 35 507 352.340688744      -0.94      0.98     -0.67  0.       -1937.313       6384.878       6879.165    0.000  -0.139   0.381   0.
  2017 352  8 10 36 507 352.340700318      -0.84      1.05     -0.75  0.       -1938.592       6385.398       6878.451    0.000  -0.138   0.380   0.
  2017 352  8 10 37 507 352.340711892      -0.96      0.53     -0.64  0.       -1939.871       6385.918       6877.737    0.000  -0.138   0.380   0.
  2017 352  8 10 38 507 352.340723466      -0.86      0.89     -0.54  0.       -1941.149       6386.438       6877.022    0.000  -0.138   0.380   0.
  2017 352  8 10 39 507 352.340735041      -0.76      0.91     -0.76  0.       -1942.427       6386.957       6876.307    0.000  -0.138   0.380   0.
  2017 352  8 10 40 507 352.340746612      -0.54      1.09     -0.99  0.       -1943.706       6387.476       6875.592    0.000  -0.139   0.381   0.
  2017 352  8 10 41 507 352.340758186      -0.76      0.84     -0.71  0.       -1944.984       6387.995       6874.877    0.000  -0.139   0.381   0.
  2017 352  8 10 42 507 352.340769760      -0.59      1.04     -0.87  0.       -1946.262       6388.513       6874.161    0.000  -0.138   0.380   0.
  2017 352  8 10 43 507 352.340781334      -1.17      0.93     -1.19  0.       -1947.540       6389.031       6873.445    0.000  -0.138   0.380   0.
  2017 352  8 10 44 507 352.340792908      -1.27      0.96     -0.97  0.       -1948.818       6389.549       6872.728    0.000  -0.138   0.380   0.
  2017 352  8 10 45 507 352.340804482      -0.88      1.24     -1.10  0.       -1950.096       6390.066       6872.011    0.000  -0.138   0.380   0.
  2017 352  8 10 46 507 352.340816056      -1.09      1.11     -1.21  0.       -1951.373       6390.584       6871.294    0.000  -0.138   0.380   0.
  2017 352  8 10 47 507 352.340827630      -1.43      1.01     -1.05  0.       -1952.651       6391.100       6870.577    0.000  -0.138   0.380   0.
  2017 352  8 10 48 507 352.340839204      -1.31      1.19     -1.00  0.       -1953.929       6391.617       6869.859    0.000  -0.138   0.380   0.
  2017 352  8 10 49 507 352.340850778      -1.40      1.03     -1.01  0.       -1955.206       6392.133       6869.141    0.000  -0.138   0.380   0.
  2017 352  8 10 50 507 352.340862352      -1.29      1.07     -0.95  0.       -1956.483       6392.649       6868.422    0.000  -0.139   0.381   0.
  2017 352  8 10 51 507 352.340873927      -1.36      0.77     -0.65  0.       -1957.761       6393.165       6867.704    0.000  -0.139   0.381   0.
  2017 352  8 10 52 507 352.340885501      -0.91      1.03     -0.49  0.       -1959.038       6393.680       6866.984    0.000  -0.138   0.380   0.
  2017 352  8 10 53 507 352.340897075      -0.71      0.99     -0.79  0.       -1960.315       6394.195       6866.265    0.000  -0.138   0.380   0.
  2017 352  8 10 54 507 352.340908649      -0.81      0.99     -0.92  0.       -1961.592       6394.709       6865.545    0.000  -0.138   0.380   0.
  2017 352  8 10 55 507 352.340920223      -0.89      0.93     -0.92  0.       -1962.869       6395.224       6864.825    0.000  -0.138   0.380   0.
  2017 352  8 10 56 507 352.340931797      -0.92      0.99     -0.79  0.       -1964.145       6395.738       6864.104    0.000  -0.138   0.380   0.
  2017 352  8 10 57 507 352.340943371      -1.05      0.94     -0.68  0.       -1965.422       6396.251       6863.384    0.000  -0.138   0.380   0.
  2017 352  8 10 58 507 352.340954945      -1.28      0.80     -0.49  0.       -1966.699       6396.765       6862.662    0.000  -0.138   0.380   0.
  2017 352  8 10 59 507 352.340966519      -1.18      0.87     -0.61  0.       -1967.975       6397.278       6861.941    0.000  -0.138   0.380   0.
  2017 352  8 11  0 507 352.340978093      -1.15      0.94     -0.78  0.       -1969.251       6397.791       6861.219    0.000  -0.138   0.380   0.
  2017 352  8 11  1 507 352.340989667      -1.17      0.93     -0.84  0.       -1970.528       6398.303       6860.497    0.000  -0.138   0.380   0.
  2017 352  8 11  2 507 352.341001241      -1.13      1.06     -0.88  0.       -1971.804       6398.815       6859.774    0.000  -0.139   0.381   0.
  2017 352  8 11  3 507 352.341012815      -1.29      0.95     -0.71  0.       -1973.080       6399.327       6859.052    0.000  -0.139   0.381   0.
  2017 352  8 11  4 507 352.341024389      -1.29      0.78     -0.48  0.       -1974.356       6399.839       6858.328    0.000  -0.138   0.380   0.
  2017 352  8 11  5 507 352.341035964      -1.12      0.96     -0.56  0.       -1975.632       6400.350       6857.605    0.000  -0.138   0.380   0.
  2017 352  8 11  6 507 352.341047538      -1.16      0.93     -0.58  0.       -1976.908       6400.861       6856.881    0.000  -0.138   0.380   0.
  2017 352  8 11  7 507 352.341059112      -1.15      0.89     -0.52  0.       -1978.183       6401.371       6856.157    0.000  -0.138   0.380   0.
  2017 352  8 11  8 507 352.341070683      -1.45      0.85     -0.48  0.       -1979.459       6401.882       6855.432    0.000  -0.139   0.381   0.
  2017 352  8 11  9 507 352.341082257      -1.61      0.80     -0.71  0.       -1980.735       6402.392       6854.708    0.000  -0.139   0.381   0.
  2017 352  8 11 10 506 352.341093831      -1.61      0.73     -0.39  0.       -1982.010       6402.901       6853.982    0.000  -0.138   0.380   0.
  2017 352  8 11 11 506 352.341105405      -1.42      0.56     -0.05  0.       -1983.285       6403.411       6853.257    0.000  -0.138   0.380   0.
  2017 352  8 11 12 506 352.341116979      -0.89      0.56      0.00  0.       -1984.561       6403.920       6852.531    0.000  -0.138   0.380   0.
  2017 352  8 11 13 506 352.341128553      -0.44      0.78     -0.31  0.       -1985.836       6404.429       6851.805    0.000  -0.138   0.380   0.
  2017 352  8 11 14 506 352.341140127      -0.25      0.72     -0.61  0.       -1987.111       6404.937       6851.078    0.000  -0.139   0.381   0.
  2017 352  8 11 15 507 352.341151701      -0.37      0.78     -0.92  0.       -1988.386       6405.445       6850.352    0.000  -0.139   0.381   0.
  2017 352  8 11 16 507 352.341163275      -0.47      0.87     -0.87  0.       -1989.660       6405.953       6849.624    0.000  -0.139   0.381   0.
  2017 352  8 11 17 506 352.341174850      -0.76      0.77     -0.46  0.       -1990.935       6406.460       6848.897    0.000  -0.139   0.381   0.
  2017 352  8 11 18 506 352.341186424      -0.95      0.80     -0.36  0.       -1992.210       6406.968       6848.169    0.000  -0.138   0.380   0.
  2017 352  8 11 19 507 352.341197998      -1.21      0.74     -0.32  0.       -1993.484       6407.474       6847.441    0.000  -0.138   0.380   0.
  2017 352  8 11 20 507 352.341209572      -1.16      0.78     -0.33  0.       -1994.759       6407.981       6846.712    0.000  -0.138   0.380   0.
  2017 352  8 11 21 507 352.341221146      -0.90      0.78     -0.44  0.       -1996.033       6408.487       6845.984    0.000  -0.138   0.380   0.
  2017 352  8 11 22 507 352.341232720      -0.86      0.77     -0.51  0.       -1997.307       6408.993       6845.254    0.000  -0.138   0.380   0.
  2017 352  8 11 23 507 352.341244294      -0.81      0.74     -0.65  0.       -1998.582       6409.499       6844.525    0.000  -0.138   0.380   0.
  2017 352  8 11 24 506 352.341255868      -0.71      0.84     -0.73  0.       -1999.856       6410.004       6843.795    0.000  -0.139   0.381   0.
  2017 352  8 11 25 506 352.341267442      -0.90      0.81     -0.68  0.       -2001.130       6410.509       6843.065    0.000  -0.139   0.381   0.
  2017 352  8 11 26 506 352.341279016      -0.88      0.95     -0.68  0.       -2002.404       6411.014       6842.335    0.000  -0.138   0.380   0.
  2017 352  8 11 27 506 352.341290590      -0.90      0.92     -0.58  0.       -2003.677       6411.518       6841.604    0.000  -0.138   0.380   0.
  2017 352  8 11 28 506 352.341302164      -1.02      0.83     -0.59  0.       -2004.951       6412.022       6840.872    0.000  -0.138   0.380   0.
  2017 352  8 11 29 507 352.341313738      -1.08      0.86     -0.53  0.       -2006.225       6412.526       6840.141    0.000  -0.138   0.380   0.
  2017 352  8 11 30 506 352.341325312      -1.18      0.62     -0.63  0.       -2007.498       6413.029       6839.409    0.000  -0.138   0.380   0.
  2017 352  8 11 31 506 352.341336887      -0.95      0.77     -0.67  0.       -2008.771       6413.533       6838.677    0.000  -0.138   0.380   0.
  2017 352  8 11 32 506 352.341348461      -0.93      0.72     -0.67  0.       -2010.045       6414.035       6837.945    0.000  -0.138   0.380   0.
  2017 352  8 11 33 507 352.341360035      -0.97      0.84     -0.70  0.       -2011.318       6414.538       6837.212    0.000  -0.138   0.380   0.
  2017 352  8 11 34 507 352.341371609      -1.06      0.81     -0.71  0.       -2012.591       6415.040       6836.479    0.000  -0.138   0.380   0.
  2017 352  8 11 35 507 352.341383183      -0.85      0.95     -0.69  0.       -2013.864       6415.542       6835.745    0.000  -0.138   0.380   0.
  2017 352  8 11 36 507 352.341394757      -0.95      0.93     -0.67  0.       -2015.137       6416.044       6835.011    0.000  -0.138   0.380   0.
  2017 352  8 11 37 506 352.341406331      -1.05      0.90     -0.64  0.       -2016.410       6416.545       6834.277    0.000  -0.138   0.380   0.
  2017 352  8 11 38 506 352.341417903      -0.97      0.87     -0.51  0.       -2017.682       6417.046       6833.543    0.000  -0.139   0.381   0.
  2017 352  8 11 39 506 352.341429476      -1.00      0.82     -0.53  0.       -2018.955       6417.547       6832.808    0.000  -0.139   0.381   0.
  2017 352  8 11 40 506 352.341441050      -1.00      0.93     -0.32  0.       -2020.227       6418.047       6832.073    0.000  -0.138   0.380   0.
  2017 352  8 11 41 506 352.341452624      -1.00      0.89     -0.41  0.       -2021.500       6418.547       6831.337    0.000  -0.138   0.380   0.
  2017 352  8 11 42 506 352.341464198      -1.12      0.93     -0.40  0.       -2022.772       6419.047       6830.601    0.000  -0.138   0.380   0.
  2017 352  8 11 43 506 352.341475773      -1.10      0.93     -0.38  0.       -2024.044       6419.546       6829.866    0.000  -0.138   0.380   0.
  2017 352  8 11 44 506 352.341487347      -1.22      0.83     -0.57  0.       -2025.316       6420.045       6829.129    0.000  -0.139   0.381   0.
  2017 352  8 11 45 506 352.341498921      -1.09      0.79     -0.49  0.       -2026.589       6420.544       6828.392    0.000  -0.139   0.381   0.
  2017 352  8 11 46 506 352.341510495      -1.06      0.81     -0.47  0.       -2027.860       6421.042       6827.655    0.000  -0.138   0.380   0.
  2017 352  8 11 47 506 352.341522069      -1.07      0.82     -0.41  0.       -2029.132       6421.540       6826.917    0.000  -0.138   0.380   0.
  2017 352  8 11 48 506 352.341533643      -1.08      0.84     -0.53  0.       -2030.404       6422.038       6826.180    0.000  -0.139   0.381   0.
  2017 352  8 11 49 506 352.341545217      -1.21      0.80     -0.61  0.       -2031.676       6422.536       6825.441    0.000  -0.139   0.381   0.
  2017 352  8 11 50 506 352.341556791      -0.93      0.80     -0.57  0.       -2032.947       6423.033       6824.703    0.000  -0.139   0.381   0.
  2017 352  8 11 51 506 352.341568365      -0.89      0.75     -0.62  0.       -2034.218       6423.530       6823.964    0.000  -0.139   0.381   0.
  2017 352  8 11 52 506 352.341579939      -0.82      0.73     -0.65  0.       -2035.490       6424.027       6823.225    0.000  -0.138   0.380   0.
  2017 352  8 11 53 506 352.341591513      -0.68      0.84     -0.64  0.       -2036.761       6424.523       6822.486    0.000  -0.138   0.380   0.
  2017 352  8 11 54 506 352.341603087      -0.81      0.78     -0.56  0.       -2038.032       6425.019       6821.746    0.000  -0.139   0.381   0.
  2017 352  8 11 55 506 352.341614661      -0.96      0.81     -0.62  0.       -2039.303       6425.514       6821.006    0.000  -0.139   0.381   0.
  2017 352  8 11 56 506 352.341626236      -0.79      0.98     -0.50  0.       -2040.574       6426.010       6820.265    0.000  -0.138   0.380   0.
  2017 352  8 11 57 506 352.341637810      -0.99      0.74     -0.56  0.       -2041.845       6426.505       6819.525    0.000  -0.138   0.380   0.
  2017 352  8 11 58 506 352.341649384      -0.85      0.97     -0.44  0.       -2043.116       6427.000       6818.783    0.000  -0.139   0.381   0.
  2017 352  8 11 59 506 352.341660958      -0.65      1.02     -0.35  0.       -2044.386       6427.494       6818.042    0.000  -0.139   0.381   0.
  2017 352  8 12  0 506 352.341672532      -0.99      0.78     -0.44  0.       -2045.657       6427.988       6817.300    0.000  -0.139   0.381   0.
  2017 352  8 12  1 506 352.341684106      -0.85      0.89     -0.41  0.       -2046.927       6428.482       6816.558    0.000  -0.139   0.381   0.
  2017 352  8 12  2 506 352.341695680      -0.95      0.82     -0.45  0.       -2048.198       6428.975       6815.816    0.000  -0.138   0.380   0.
  2017 352  8 12  3 506 352.341707254      -1.09      0.73     -0.64  0.       -2049.468       6429.469       6815.073    0.000  -0.138   0.380   0.
  2017 352  8 12  4 506 352.341718828      -1.01      0.78     -0.78  0.       -2050.738       6429.961       6814.330    0.000  -0.139   0.381   0.
  2017 352  8 12  5 506 352.341730402      -0.70      0.99     -0.67  0.       -2052.008       6430.454       6813.586    0.000  -0.139   0.381   0.
  2017 352  8 12  6 506 352.341741976      -0.78      0.83     -0.57  0.       -2053.278       6430.946       6812.843    0.000  -0.139   0.381   0.
  2017 352  8 12  7 506 352.341753550      -0.65      1.00     -0.38  0.       -2054.548       6431.438       6812.098    0.000  -0.139   0.381   0.
  2017 352  8 12  8 506 352.341765122      -0.74      0.84     -0.38  0.       -2055.817       6431.930       6811.354    0.000  -0.139   0.381   0.
  2017 352  8 12  9 506 352.341776696      -0.78      0.87     -0.24  0.       -2057.087       6432.421       6810.609    0.000  -0.139   0.381   0.
  2017 352  8 12 10 506 352.341788270      -0.83      0.75     -0.33  0.       -2058.357       6432.912       6809.864    0.000  -0.138   0.380   0.
  2017 352  8 12 11 506 352.341799844      -0.88      0.74     -0.42  0.       -2059.626       6433.403       6809.119    0.000  -0.138   0.380   0.
  2017 352  8 12 12 506 352.341811418      -0.87      0.79     -0.63  0.       -2060.895       6433.893       6808.373    0.000  -0.138   0.380   0.
  2017 352  8 12 13 506 352.341822992      -0.90      0.89     -0.73  0.       -2062.165       6434.383       6807.627    0.000  -0.138   0.380   0.
  2017 352  8 12 14 506 352.341834566      -0.97      0.99     -0.69  0.       -2063.434       6434.873       6806.881    0.000  -0.138   0.380   0.
  2017 352  8 12 15 506 352.341846140      -1.07      0.97     -0.60  0.       -2064.703       6435.362       6806.134    0.000  -0.138   0.380   0.
  2017 352  8 12 16 506 352.341857714      -1.22      0.94     -0.64  0.       -2065.972       6435.851       6805.387    0.000  -0.138   0.380   0.
  2017 352  8 12 17 506 352.341869288      -1.17      0.86     -0.68  0.       -2067.241       6436.340       6804.639    0.000  -0.138   0.380   0.
  2017 352  8 12 18 506 352.341880862      -1.17      0.90     -0.41  0.       -2068.509       6436.829       6803.892    0.000  -0.138   0.380   0.
  2017 352  8 12 19 506 352.341892436      -1.00      1.00     -0.40  0.       -2069.778       6437.317       6803.144    0.000  -0.138   0.380   0.
  2017 352  8 12 20 506 352.341904010      -1.02      0.94     -0.54  0.       -2071.046       6437.805       6802.395    0.000  -0.138   0.380   0.
  2017 352  8 12 21 506 352.341915585      -1.10      0.87     -0.55  0.       -2072.315       6438.292       6801.647    0.000  -0.138   0.380   0.
  2017 352  8 12 22 506 352.341927159      -1.03      0.84     -0.55  0.       -2073.583       6438.779       6800.897    0.000  -0.138   0.380   0.
  2017 352  8 12 23 506 352.341938733      -0.96      0.92     -0.58  0.       -2074.851       6439.267       6800.148    0.000  -0.138   0.380   0.
  2017 352  8 12 24 506 352.341950307      -0.90      0.86     -0.59  0.       -2076.120       6439.753       6799.398    0.000  -0.139   0.381   0.
  2017 352  8 12 25 506 352.341961881      -0.86      0.81     -0.45  0.       -2077.388       6440.239       6798.648    0.000  -0.139   0.381   0.
  2017 352  8 12 26 506 352.341973455      -0.81      0.82     -0.52  0.       -2078.655       6440.725       6797.898    0.000  -0.139   0.381   0.
  2017 352  8 12 27 506 352.341985029      -0.90      0.74     -0.68  0.       -2079.923       6441.211       6797.147    0.000  -0.139   0.381   0.
  2017 352  8 12 28 506 352.341996603      -1.02      0.68     -0.52  0.       -2081.191       6441.696       6796.396    0.000  -0.139   0.381   0.
  2017 352  8 12 29 506 352.342008177      -0.68      0.81     -0.28  0.       -2082.459       6442.182       6795.645    0.000  -0.139   0.381   0.
  2017 352  8 12 30 506 352.342019751      -0.64      0.78     -0.47  0.       -2083.726       6442.666       6794.893    0.000  -0.138   0.380   0.
  2017 352  8 12 31 506 352.342031325      -0.89      0.70     -0.48  0.       -2084.994       6443.151       6794.141    0.000  -0.138   0.380   0.
  2017 352  8 12 32 506 352.342042899      -0.85      0.83     -0.54  0.       -2086.261       6443.635       6793.389    0.000  -0.138   0.380   0.
  2017 352  8 12 33 506 352.342054473      -0.79      0.74     -0.50  0.       -2087.528       6444.119       6792.636    0.000  -0.138   0.380   0.
  2017 352  8 12 34 506 352.342066047      -0.89      0.65     -0.65  0.       -2088.795       6444.602       6791.883    0.000  -0.139   0.381   0.
  2017 352  8 12 35 506 352.342077622      -0.70      0.75     -0.75  0.       -2090.062       6445.085       6791.130    0.000  -0.139   0.381   0.
  2017 352  8 12 36 506 352.342089193      -0.86      0.74     -0.80  0.       -2091.329       6445.568       6790.376    0.000  -0.139   0.381   0.
  2017 352  8 12 37 506 352.342100767      -0.77      0.75     -0.64  0.       -2092.596       6446.051       6789.622    0.000  -0.139   0.381   0.
  2017 352  8 12 38 506 352.342112341      -0.85      0.67     -0.50  0.       -2093.863       6446.533       6788.868    0.000  -0.139   0.381   0.
  2017 352  8 12 39 506 352.342123915      -0.89      0.59     -0.48  0.       -2095.129       6447.015       6788.113    0.000  -0.139   0.381   0.
  2017 352  8 12 40 506 352.342135489      -0.78      0.76     -0.50  0.       -2096.396       6447.496       6787.358    0.000  -0.138   0.380   0.
  2017 352  8 12 41 506 352.342147063      -0.85      0.76     -0.50  0.       -2097.662       6447.978       6786.603    0.000  -0.138   0.380   0.
  2017 352  8 12 42 506 352.342158637      -0.84      0.85     -0.49  0.       -2098.929       6448.459       6785.847    0.000  -0.138   0.380   0.
  2017 352  8 12 43 506 352.342170211      -1.00      0.68     -0.42  0.       -2100.195       6448.940       6785.091    0.000  -0.138   0.380   0.
  2017 352  8 12 44 506 352.342181785      -0.88      0.75     -0.41  0.       -2101.461       6449.419       6784.335    0.000  -0.139   0.381   0.
  2017 352  8 12 45 506 352.342193359      -0.81      0.75     -0.45  0.       -2102.727       6449.899       6783.578    0.000  -0.139   0.381   0.
  2017 352  8 12 46 506 352.342204933      -0.76      0.73     -0.42  0.       -2103.993       6450.380       6782.821    0.000  -0.139   0.381   0.
  2017 352  8 12 47 506 352.342216508      -0.75      0.72     -0.48  0.       -2105.259       6450.859       6782.064    0.000  -0.139   0.381   0.
  2017 352  8 12 48 506 352.342228082      -0.82      0.79     -0.56  0.       -2106.524       6451.338       6781.306    0.000  -0.138   0.380   0.
  2017 352  8 12 49 506 352.342239656      -0.77      0.80     -0.64  0.       -2107.790       6451.817       6780.549    0.000  -0.138   0.380   0.
  2017 352  8 12 50 506 352.342251230      -0.87      0.77     -0.64  0.       -2109.055       6452.295       6779.790    0.000  -0.138   0.380   0.
  2017 352  8 12 51 506 352.342262804      -1.09      0.78     -0.56  0.       -2110.321       6452.774       6779.032    0.000  -0.138   0.380   0.
  2017 352  8 12 52 506 352.342274378      -1.10      0.84     -0.46  0.       -2111.586       6453.252       6778.273    0.000  -0.138   0.380   0.
  2017 352  8 12 53 506 352.342285952      -1.05      0.87     -0.37  0.       -2112.851       6453.729       6777.514    0.000  -0.138   0.380   0.
  2017 352  8 12 54 506 352.342297526      -1.07      0.92     -0.35  0.       -2114.116       6454.206       6776.754    0.000  -0.138   0.380   0.
  2017 352  8 12 55 506 352.342309100      -1.01      0.78     -0.41  0.       -2115.381       6454.683       6775.994    0.000  -0.138   0.380   0.
  2017 352  8 12 56 506 352.342320674      -0.79      0.86     -0.40  0.       -2116.646       6455.160       6775.234    0.000  -0.139   0.381   0.
  2017 352  8 12 57 506 352.342332248      -0.95      0.80     -0.56  0.       -2117.911       6455.636       6774.473    0.000  -0.139   0.381   0.
  2017 352  8 12 58 506 352.342343822      -1.08      1.03     -0.34  0.       -2119.176       6456.112       6773.712    0.000  -0.138   0.380   0.
  2017 352  8 12 59 506 352.342355396      -1.17      0.84     -0.72  0.       -2120.440       6456.588       6772.951    0.000  -0.138   0.380   0.
  2017 352  8 13  0 506 352.342366970      -0.90      0.90     -0.69  0.       -2121.705       6457.063       6772.189    0.000  -0.138   0.380   0.
  2017 352  8 13  1 506 352.342378545      -1.14      0.73     -0.82  0.       -2122.969       6457.538       6771.428    0.000  -0.138   0.380   0.
  2017 352  8 13  2 506 352.342390119      -1.21      1.26     -0.26  0.       -2124.233       6458.013       6770.665    0.000  -0.139   0.381   0.
  2017 352  8 13  3 506 352.342401693      -1.29      1.01     -0.43  0.       -2125.498       6458.487       6769.903    0.000  -0.139   0.381   0.
  2017 352  8 13  4 506 352.342413267      -1.13      0.94     -0.64  0.       -2126.761       6458.962       6769.140    0.000  -0.138   0.380   0.
  2017 352  8 13  5 506 352.342424841      -1.16      0.88     -0.47  0.       -2128.026       6459.435       6768.377    0.000  -0.138   0.380   0.
  2017 352  8 13  6 505 352.342436412      -1.05      0.92     -0.27  0.       -2129.289       6459.909       6767.613    0.000  -0.139   0.381   0.
  2017 352  8 13  7 505 352.342447986      -1.13      1.14     -0.50  0.       -2130.553       6460.382       6766.849    0.000  -0.139   0.381   0.
  2017 352  8 13  8 505 352.342459560      -1.63      1.11     -0.61  0.       -2131.817       6460.855       6766.085    0.000  -0.138   0.380   0.
  2017 352  8 13  9 505 352.342471134      -1.86      1.34     -0.49  0.       -2133.080       6461.327       6765.321    0.000  -0.138   0.380   0.
  2017 352  8 13 10 505 352.342482708      -1.89      1.47     -0.34  0.       -2134.344       6461.800       6764.556    0.000  -0.138   0.380   0.
  2017 352  8 13 11 506 352.342494282      -1.92      1.20     -0.42  0.       -2135.607       6462.272       6763.791    0.000  -0.138   0.380   0.
  2017 352  8 13 12 506 352.342505856      -1.37      1.36     -0.03  0.       -2136.870       6462.743       6763.025    0.000  -0.138   0.380   0.
  2017 352  8 13 13 505 352.342517431      -1.28      1.45     -0.27  0.       -2138.133       6463.215       6762.259    0.000  -0.138   0.380   0.
  2017 352  8 13 14 505 352.342529005      -1.38      0.93     -0.64  0.       -2139.396       6463.685       6761.493    0.000  -0.138   0.380   0.
  2017 352  8 13 15 506 352.342540579      -1.16      0.73     -0.83  0.       -2140.659       6464.156       6760.727    0.000  -0.138   0.380   0.
  2017 352  8 13 16 506 352.342552153      -1.02      0.73     -0.77  0.       -2141.922       6464.627       6759.960    0.000  -0.138   0.380   0.
  2017 352  8 13 17 506 352.342563727      -0.92      0.90     -0.78  0.       -2143.185       6465.097       6759.193    0.000  -0.138   0.380   0.
  2017 352  8 13 18 506 352.342575301      -0.85      1.12     -0.62  0.       -2144.447       6465.566       6758.425    0.000  -0.139   0.381   0.
  2017 352  8 13 19 505 352.342586875      -0.77      0.99     -0.70  0.       -2145.710       6466.036       6757.658    0.000  -0.139   0.381   0.
  2017 352  8 13 20 505 352.342598449      -0.82      1.13     -0.69  0.       -2146.972       6466.505       6756.889    0.000  -0.138   0.380   0.
  2017 352  8 13 21 505 352.342610023      -0.97      1.08     -0.32  0.       -2148.235       6466.974       6756.121    0.000  -0.138   0.380   0.
  2017 352  8 13 22 505 352.342621597      -1.38      0.70     -0.02  0.       -2149.497       6467.442       6755.352    0.000  -0.139   0.381   0.
  2017 352  8 13 23 505 352.342633171      -1.39      0.83      0.57  0.       -2150.759       6467.910       6754.583    0.000  -0.139   0.381   0.
  2017 352  8 13 24 506 352.342644745      -1.22      0.70      0.47  0.       -2152.021       6468.378       6753.814    0.000  -0.139   0.381   0.
  2017 352  8 13 25 506 352.342656319      -1.08      0.70      0.18  0.       -2153.283       6468.846       6753.044    0.000  -0.139   0.381   0.
  2017 352  8 13 26 505 352.342667894      -0.90      0.72      0.17  0.       -2154.544       6469.313       6752.274    0.000  -0.138   0.380   0.
  2017 352  8 13 27 505 352.342679468      -0.84      0.71     -0.11  0.       -2155.806       6469.780       6751.503    0.000  -0.138   0.380   0.
  2017 352  8 13 28 506 352.342691042      -0.69      0.83     -0.34  0.       -2157.068       6470.247       6750.733    0.000  -0.139   0.381   0.
  2017 352  8 13 29 506 352.342702616      -0.47      1.01     -0.54  0.       -2158.329       6470.713       6749.962    0.000  -0.139   0.381   0.
  2017 352  8 13 30 506 352.342714190      -0.37      1.21     -0.79  0.       -2159.590       6471.179       6749.190    0.000  -0.138   0.380   0.
  2017 352  8 13 31 506 352.342725764      -0.49      1.25     -0.87  0.       -2160.852       6471.644       6748.419    0.000  -0.138   0.380   0.
  2017 352  8 13 32 506 352.342737338      -0.73      1.20     -0.92  0.       -2162.113       6472.110       6747.646    0.000  -0.138   0.380   0.
  2017 352  8 13 33 505 352.342748912      -0.94      1.06     -0.67  0.       -2163.374       6472.575       6746.874    0.000  -0.138   0.380   0.
  2017 352  8 13 34 505 352.342760484      -0.95      0.84     -0.33  0.       -2164.635       6473.040       6746.101    0.000  -0.138   0.380   0.
  2017 352  8 13 35 505 352.342772057      -0.93      0.90     -0.30  0.       -2165.896       6473.504       6745.328    0.000  -0.138   0.380   0.
  2017 352  8 13 36 505 352.342783631      -1.00      0.88     -0.40  0.       -2167.156       6473.968       6744.555    0.000  -0.138   0.380   0.
  2017 352  8 13 37 505 352.342795205      -0.62      0.99     -0.24  0.       -2168.417       6474.432       6743.781    0.000  -0.138   0.380   0.
  2017 352  8 13 38 505 352.342806779      -0.51      1.01     -0.27  0.       -2169.677       6474.895       6743.007    0.000  -0.138   0.380   0.
  2017 352  8 13 39 505 352.342818354      -0.57      1.07     -0.51  0.       -2170.938       6475.359       6742.233    0.000  -0.138   0.380   0.
  2017 352  8 13 40 505 352.342829928      -0.73      1.10     -0.58  0.       -2172.198       6475.821       6741.458    0.000  -0.138   0.380   0.
  2017 352  8 13 41 505 352.342841502      -0.83      0.97     -0.44  0.       -2173.458       6476.284       6740.683    0.000  -0.138   0.380   0.
  2017 352  8 13 42 505 352.342853076      -0.84      0.92     -0.34  0.       -2174.718       6476.746       6739.908    0.000  -0.138   0.380   0.
  2017 352  8 13 43 505 352.342864650      -0.96      0.92     -0.34  0.       -2175.979       6477.208       6739.132    0.000  -0.138   0.380   0.
  2017 352  8 13 44 505 352.342876224      -1.18      1.03     -0.41  0.       -2177.238       6477.670       6738.356    0.000  -0.138   0.380   0.
  2017 352  8 13 45 505 352.342887798      -1.17      1.06     -0.37  0.       -2178.498       6478.131       6737.580    0.000  -0.138   0.380   0.
  2017 352  8 13 46 505 352.342899372      -1.32      1.06     -0.29  0.       -2179.758       6478.592       6736.803    0.000  -0.138   0.380   0.
  2017 352  8 13 47 505 352.342910946      -1.42      1.17     -0.28  0.       -2181.017       6479.052       6736.027    0.000  -0.138   0.380   0.
  2017 352  8 13 48 505 352.342922520      -1.50      1.04     -0.30  0.       -2182.277       6479.513       6735.249    0.000  -0.138   0.380   0.
  2017 352  8 13 49 505 352.342934094      -1.47      1.02     -0.13  0.       -2183.536       6479.973       6734.472    0.000  -0.138   0.380   0.
  2017 352  8 13 50 505 352.342945668      -1.50      1.06     -0.03  0.       -2184.795       6480.433       6733.694    0.000  -0.138   0.380   0.
  2017 352  8 13 51 505 352.342957242      -1.44      1.05     -0.04  0.       -2186.055       6480.892       6732.915    0.000  -0.138   0.380   0.
  2017 352  8 13 52 505 352.342968817      -1.04      0.95     -0.01  0.       -2187.314       6481.351       6732.137    0.000  -0.138   0.380   0.
  2017 352  8 13 53 505 352.342980391      -0.86      0.92     -0.23  0.       -2188.573       6481.810       6731.358    0.000  -0.138   0.380   0.
  2017 352  8 13 54 505 352.342991965      -0.74      1.04     -0.39  0.       -2189.831       6482.268       6730.579    0.000  -0.139   0.381   0.
  2017 352  8 13 55 505 352.343003539      -0.58      1.09     -0.52  0.       -2191.090       6482.726       6729.799    0.000  -0.139   0.381   0.
  2017 352  8 13 56 505 352.343015113      -0.77      1.13     -0.46  0.       -2192.349       6483.184       6729.019    0.000  -0.138   0.380   0.
  2017 352  8 13 57 505 352.343026687      -1.52      1.15     -0.69  0.       -2193.607       6483.642       6728.239    0.000  -0.138   0.380   0.
  2017 352  8 13 58 505 352.343038261      -1.44      1.26     -0.51  0.       -2194.866       6484.099       6727.459    0.000  -0.139   0.381   0.
  2017 352  8 13 59 505 352.343049835      -1.76      1.23     -0.38  0.       -2196.124       6484.556       6726.678    0.000  -0.139   0.381   0.
  2017 352  8 14  0 505 352.343061409      -1.76      1.05     -0.82  0.       -2197.382       6485.012       6725.897    0.000  -0.139   0.381   0.
  2017 352  8 14  1 505 352.343072983      -1.66      1.15     -0.29  0.       -2198.640       6485.469       6725.115    0.000  -0.139   0.381   0.
  2017 352  8 14  2 505 352.343084557      -1.60      1.22     -0.20  0.       -2199.898       6485.924       6724.333    0.000  -0.138   0.380   0.
  2017 352  8 14  3 505 352.343096131      -1.40      1.29     -0.50  0.       -2201.156       6486.380       6723.551    0.000  -0.138   0.380   0.
  2017 352  8 14  4 505 352.343107703      -1.12      1.21     -0.45  0.       -2202.414       6486.835       6722.768    0.000  -0.138   0.380   0.
  2017 352  8 14  5 505 352.343119277      -0.96      1.17     -0.55  0.       -2203.671       6487.290       6721.986    0.000  -0.138   0.380   0.
  2017 352  8 14  6 505 352.343130851      -0.97      1.09     -0.53  0.       -2204.929       6487.745       6721.203    0.000  -0.138   0.380   0.
  2017 352  8 14  7 505 352.343142425      -1.04      1.08     -0.40  0.       -2206.186       6488.200       6720.419    0.000  -0.138   0.380   0.
  2017 352  8 14  8 505 352.343153999      -1.09      0.99     -0.40  0.       -2207.444       6488.654       6719.635    0.000  -0.139   0.381   0.
  2017 352  8 14  9 505 352.343165573      -1.01      1.04     -0.17  0.       -2208.701       6489.107       6718.851    0.000  -0.139   0.381   0.
  2017 352  8 14 10 505 352.343177147      -1.08      0.86     -0.37  0.       -2209.958       6489.561       6718.067    0.000  -0.138   0.380   0.
  2017 352  8 14 11 505 352.343188721      -1.04      1.02     -0.53  0.       -2211.215       6490.014       6717.282    0.000  -0.138   0.380   0.
  2017 352  8 14 12 505 352.343200295      -0.98      0.97     -0.50  0.       -2212.472       6490.467       6716.497    0.000  -0.138   0.380   0.
  2017 352  8 14 13 505 352.343211869      -0.80      1.03     -0.34  0.       -2213.729       6490.919       6715.711    0.000  -0.138   0.380   0.
  2017 352  8 14 14 505 352.343223443      -0.91      1.02     -0.58  0.       -2214.985       6491.371       6714.926    0.000  -0.139   0.381   0.
  2017 352  8 14 15 505 352.343235017      -0.87      0.98     -0.32  0.       -2216.242       6491.823       6714.140    0.000  -0.139   0.381   0.
  2017 352  8 14 16 505 352.343246591      -1.14      0.96     -0.67  0.       -2217.499       6492.275       6713.353    0.000  -0.138   0.380   0.
  2017 352  8 14 17 505 352.343258166      -1.07      0.99     -0.51  0.       -2218.755       6492.726       6712.566    0.000  -0.138   0.380   0.
  2017 352  8 14 18 505 352.343269740      -1.00      0.95     -0.24  0.       -2220.011       6493.177       6711.780    0.000  -0.138   0.380   0.
  2017 352  8 14 19 505 352.343281314      -1.16      0.94     -0.60  0.       -2221.267       6493.628       6710.992    0.000  -0.138   0.380   0.
  2017 352  8 14 20 505 352.343292888      -1.08      1.02     -0.50  0.       -2222.523       6494.078       6710.204    0.000  -0.139   0.381   0.
  2017 352  8 14 21 505 352.343304462      -1.06      0.97     -0.39  0.       -2223.779       6494.528       6709.416    0.000  -0.139   0.381   0.
  2017 352  8 14 22 505 352.343316036      -1.02      0.89     -0.37  0.       -2225.035       6494.977       6708.628    0.000  -0.138   0.380   0.
  2017 352  8 14 23 505 352.343327610      -1.04      0.91     -0.45  0.       -2226.291       6495.427       6707.839    0.000  -0.138   0.380   0.
  2017 352  8 14 24 505 352.343339184      -1.06      1.03     -0.52  0.       -2227.546       6495.876       6707.050    0.000  -0.138   0.380   0.
  2017 352  8 14 25 505 352.343350758      -1.21      1.16     -0.54  0.       -2228.802       6496.325       6706.261    0.000  -0.138   0.380   0.
  2017 352  8 14 26 505 352.343362332      -1.51      0.96     -0.32  0.       -2230.057       6496.773       6705.471    0.000  -0.139   0.381   0.
  2017 352  8 14 27 505 352.343373906      -1.39      1.03     -0.02  0.       -2231.313       6497.221       6704.681    0.000  -0.139   0.381   0.
  2017 352  8 14 28 505 352.343385480      -1.29      1.07     -0.37  0.       -2232.568       6497.669       6703.891    0.000  -0.139   0.381   0.
  2017 352  8 14 29 505 352.343397054      -1.32      0.98     -0.29  0.       -2233.823       6498.116       6703.100    0.000  -0.139   0.381   0.
  2017 352  8 14 30 505 352.343408629      -1.15      1.20     -0.28  0.       -2235.078       6498.564       6702.310    0.000  -0.138   0.380   0.
  2017 352  8 14 31 505 352.343420203      -1.09      1.17     -0.31  0.       -2236.333       6499.010       6701.518    0.000  -0.138   0.380   0.
  2017 352  8 14 32 505 352.343431777      -1.10      1.16     -0.35  0.       -2237.588       6499.457       6700.727    0.000  -0.138   0.380   0.
  2017 352  8 14 33 505 352.343443351      -1.33      1.13     -0.34  0.       -2238.842       6499.903       6699.935    0.000  -0.138   0.380   0.
  2017 352  8 14 34 505 352.343454922      -1.30      1.25     -0.49  0.       -2240.097       6500.349       6699.142    0.000  -0.139   0.381   0.
  2017 352  8 14 35 505 352.343466496      -1.42      1.20     -0.55  0.       -2241.351       6500.795       6698.350    0.000  -0.139   0.381   0.
  2017 352  8 14 36 505 352.343478070      -1.48      1.10     -0.32  0.       -2242.605       6501.240       6697.557    0.000  -0.138   0.380   0.
  2017 352  8 14 37 505 352.343489644      -1.57      1.00     -0.47  0.       -2243.860       6501.685       6696.764    0.000  -0.138   0.380   0.
  2017 352  8 14 38 505 352.343501218      -1.61      0.91     -0.27  0.       -2245.114       6502.129       6695.970    0.000  -0.138   0.380   0.
  2017 352  8 14 39 505 352.343512792      -1.37      0.83     -0.16  0.       -2246.368       6502.574       6695.176    0.000  -0.138   0.380   0.
  2017 352  8 14 40 505 352.343524366      -1.17      0.64      0.02  0.       -2247.622       6503.018       6694.382    0.000  -0.139   0.381   0.
  2017 352  8 14 41 505 352.343535940      -0.98      0.83     -0.18  0.       -2248.875       6503.461       6693.588    0.000  -0.139   0.381   0.
  2017 352  8 14 42 505 352.343547514      -0.44      1.04     -0.23  0.       -2250.129       6503.905       6692.793    0.000  -0.139   0.381   0.
  2017 352  8 14 43 505 352.343559089      -0.10      1.31     -0.57  0.       -2251.383       6504.348       6691.998    0.000  -0.139   0.381   0.
  2017 352  8 14 44 505 352.343570663      -0.54      1.22     -0.91  0.       -2252.636       6504.791       6691.202    0.000  -0.138   0.380   0.
  2017 352  8 14 45 505 352.343582237      -0.92      1.06     -0.69  0.       -2253.889       6505.233       6690.406    0.000  -0.138   0.380   0.
  2017 352  8 14 46 505 352.343593811      -1.03      1.04     -0.69  0.       -2255.143       6505.675       6689.610    0.000  -0.138   0.380   0.
  2017 352  8 14 47 505 352.343605385      -1.06      1.08     -0.67  0.       -2256.396       6506.117       6688.814    0.000  -0.138   0.380   0.
  2017 352  8 14 48 505 352.343616959      -1.04      1.08     -0.65  0.       -2257.649       6506.558       6688.017    0.000  -0.139   0.381   0.
  2017 352  8 14 49 505 352.343628533      -1.13      1.03     -0.70  0.       -2258.902       6507.000       6687.220    0.000  -0.139   0.381   0.
  2017 352  8 14 50 505 352.343640107      -1.27      0.94     -0.64  0.       -2260.154       6507.440       6686.423    0.000  -0.138   0.380   0.
  2017 352  8 14 51 505 352.343651681      -1.11      0.91     -0.50  0.       -2261.407       6507.881       6685.625    0.000  -0.138   0.380   0.
  2017 352  8 14 52 505 352.343663255      -0.94      0.90     -0.55  0.       -2262.660       6508.321       6684.827    0.000  -0.138   0.380   0.
  2017 352  8 14 53 505 352.343674829      -0.94      1.06     -0.56  0.       -2263.912       6508.761       6684.028    0.000  -0.138   0.380   0.
  2017 352  8 14 54 505 352.343686403      -1.03      1.06     -0.57  0.       -2265.164       6509.201       6683.230    0.000  -0.139   0.381   0.
  2017 352  8 14 55 505 352.343697977      -1.20      1.05     -0.78  0.       -2266.417       6509.640       6682.430    0.000  -0.139   0.381   0.
  2017 352  8 14 56 505 352.343709552      -1.18      1.03     -0.38  0.       -2267.669       6510.079       6681.631    0.000  -0.139   0.381   0.
  2017 352  8 14 57 505 352.343721126      -1.10      1.17     -0.52  0.       -2268.921       6510.518       6680.832    0.000  -0.139   0.381   0.
  2017 352  8 14 58 505 352.343732700      -1.03      0.91     -0.26  0.       -2270.173       6510.956       6680.032    0.000  -0.139   0.381   0.
  2017 352  8 14 59 505 352.343744274      -1.07      1.08     -0.48  0.       -2271.425       6511.394       6679.231    0.000  -0.139   0.381   0.
  2017 352  8 15  0 505 352.343755848      -0.96      1.06     -0.38  0.       -2272.676       6511.832       6678.430    0.000  -0.139   0.381   0.
  2017 352  8 15  1 505 352.343767422      -0.94      0.95     -0.39  0.       -2273.928       6512.269       6677.629    0.000  -0.139   0.381   0.
  2017 352  8 15  2 505 352.343778996      -1.01      0.96     -0.53  0.       -2275.179       6512.706       6676.828    0.000  -0.139   0.381   0.
  2017 352  8 15  3 505 352.343790570      -1.02      1.10     -0.61  0.       -2276.431       6513.143       6676.027    0.000  -0.139   0.381   0.
  2017 352  8 15  4 504 352.343802141      -0.99      0.96     -0.48  0.       -2277.682       6513.579       6675.225    0.000  -0.139   0.381   0.
  2017 352  8 15  5 504 352.343813715      -0.98      1.06     -0.55  0.       -2278.933       6514.016       6674.422    0.000  -0.139   0.381   0.
  2017 352  8 15  6 505 352.343825289      -1.14      1.01     -0.67  0.       -2280.184       6514.451       6673.620    0.000  -0.139   0.381   0.
  2017 352  8 15  7 505 352.343836863      -1.10      0.92     -0.50  0.       -2281.435       6514.887       6672.817    0.000  -0.139   0.381   0.
  2017 352  8 15  8 505 352.343848438      -1.30      1.12     -0.67  0.       -2282.686       6515.322       6672.014    0.000  -0.138   0.380   0.
  2017 352  8 15  9 504 352.343860012      -1.31      1.08     -0.26  0.       -2283.937       6515.757       6671.210    0.000  -0.138   0.380   0.
  2017 352  8 15 10 505 352.343871586      -1.60      1.03     -0.85  0.       -2285.187       6516.192       6670.406    0.000  -0.139   0.381   0.
  2017 352  8 15 11 505 352.343883160      -1.47      0.97     -0.43  0.       -2286.438       6516.626       6669.602    0.000  -0.139   0.381   0.
  2017 352  8 15 12 505 352.343894734      -1.18      1.15     -0.00  0.       -2287.688       6517.060       6668.797    0.000  -0.139   0.381   0.
  2017 352  8 15 13 505 352.343906308      -1.37      1.30     -0.95  0.       -2288.938       6517.493       6667.992    0.000  -0.139   0.381   0.
  2017 352  8 15 14 505 352.343917882      -1.60      1.09     -0.40  0.       -2290.188       6517.927       6667.187    0.000  -0.138   0.380   0.
  2017 352  8 15 15 504 352.343929456      -0.81      1.74     -0.72  0.       -2291.439       6518.360       6666.382    0.000  -0.138   0.380   0.
  2017 352  8 15 16 504 352.343941030      -2.54      0.41     -1.20  0.       -2292.688       6518.792       6665.576    0.000  -0.138   0.380   0.
  2017 352  8 15 17 504 352.343952604      -1.66      0.45     -0.10  0.       -2293.938       6519.225       6664.770    0.000  -0.138   0.380   0.
  2017 352  8 15 18 504 352.343964178      -0.62      2.08      0.21  0.       -2295.188       6519.657       6663.963    0.000  -0.139   0.381   0.
  2017 352  8 15 19 504 352.343975752      -1.63      0.79     -0.81  0.       -2296.438       6520.088       6663.156    0.000  -0.139   0.381   0.
  2017 352  8 15 20 505 352.343987326      -1.25      1.34     -0.22  0.       -2297.687       6520.520       6662.349    0.000  -0.138   0.380   0.
  2017 352  8 15 21 505 352.343998900      -1.02      1.50      0.08  0.       -2298.936       6520.951       6661.542    0.000  -0.138   0.380   0.
  2017 352  8 15 22 504 352.344010475      -1.50      0.99     -0.69  0.       -2300.186       6521.382       6660.734    0.000  -0.138   0.380   0.
  2017 352  8 15 23 504 352.344022049      -1.19      0.91     -0.34  0.       -2301.435       6521.812       6659.926    0.000  -0.138   0.380   0.
  2017 352  8 15 24 505 352.344033623      -0.73      1.39     -0.60  0.       -2302.684       6522.242       6659.118    0.000  -0.139   0.381   0.
  2017 352  8 15 25 505 352.344045197      -1.66      1.52     -1.94  0.       -2303.933       6522.672       6658.309    0.000  -0.139   0.381   0.
  2017 352  8 15 26 505 352.344056771      -2.96      2.19     -1.23  0.       -2305.181       6523.102       6657.500    0.000  -0.139   0.381   0.
  2017 352  8 15 27 505 352.344068345      -1.57      1.92     -0.20  0.       -2306.430       6523.531       6656.690    0.000  -0.139   0.381   0.
  2017 352  8 15 28 505 352.344079919      -1.61      0.97     -0.75  0.       -2307.679       6523.960       6655.881    0.000  -0.139   0.381   0.
  2017 352  8 15 29 504 352.344091493      -1.17      0.72     -0.79  0.       -2308.928       6524.388       6655.071    0.000  -0.139   0.381   0.
  2017 352  8 15 30 504 352.344103067      -1.28      1.23     -0.08  0.       -2310.175       6524.817       6654.260    0.000  -0.139   0.381   0.
  2017 352  8 15 31 504 352.344114641      -1.39      1.15     -0.46  0.       -2311.424       6525.245       6653.450    0.000  -0.139   0.381   0.
  2017 352  8 15 32 504 352.344126213      -1.36      1.11     -0.44  0.       -2312.672       6525.672       6652.639    0.000  -0.139   0.381   0.
  2017 352  8 15 33 504 352.344137786      -1.42      1.24     -0.55  0.       -2313.920       6526.099       6651.827    0.000  -0.139   0.381   0.
  2017 352  8 15 34 504 352.344149361      -1.61      0.71     -0.13  0.       -2315.169       6526.526       6651.016    0.000  -0.138   0.380   0.
  2017 352  8 15 35 504 352.344160935      -1.30      1.08      0.05  0.       -2316.416       6526.953       6650.204    0.000  -0.138   0.380   0.
  2017 352  8 15 36 504 352.344172509      -1.07      1.00     -0.68  0.       -2317.664       6527.380       6649.392    0.000  -0.139   0.381   0.
  2017 352  8 15 37 504 352.344184083      -1.18      0.92     -0.31  0.       -2318.911       6527.806       6648.579    0.000  -0.139   0.381   0.
  2017 352  8 15 38 504 352.344195657      -1.17      0.88     -0.44  0.       -2320.159       6528.231       6647.766    0.000  -0.139   0.381   0.
  2017 352  8 15 39 504 352.344207231      -1.02      0.89     -0.29  0.       -2321.406       6528.657       6646.953    0.000  -0.139   0.381   0.
  2017 352  8 15 40 504 352.344218805      -1.10      0.80     -0.51  0.       -2322.653       6529.082       6646.139    0.000  -0.139   0.381   0.
  2017 352  8 15 41 504 352.344230379      -1.01      0.76     -0.41  0.       -2323.900       6529.507       6645.325    0.000  -0.139   0.381   0.
  2017 352  8 15 42 504 352.344241953      -1.20      0.78     -0.63  0.       -2325.147       6529.931       6644.511    0.000  -0.138   0.380   0.
  2017 352  8 15 43 504 352.344253527      -1.09      0.74     -0.75  0.       -2326.394       6530.355       6643.697    0.000  -0.138   0.380   0.
  2017 352  8 15 44 504 352.344265101      -1.17      0.85     -0.63  0.       -2327.641       6530.779       6642.882    0.000  -0.138   0.380   0.
  2017 352  8 15 45 504 352.344276675      -1.14      0.92     -0.60  0.       -2328.888       6531.203       6642.067    0.000  -0.138   0.380   0.
  2017 352  8 15 46 504 352.344288249      -1.20      0.74     -0.58  0.       -2330.134       6531.626       6641.251    0.000  -0.139   0.381   0.
  2017 352  8 15 47 504 352.344299823      -1.10      1.01     -0.54  0.       -2331.381       6532.049       6640.436    0.000  -0.139   0.381   0.
  2017 352  8 15 48 504 352.344311398      -1.13      0.83     -0.25  0.       -2332.627       6532.471       6639.619    0.000  -0.138   0.380   0.
  2017 352  8 15 49 504 352.344322972      -1.21      0.87     -0.45  0.       -2333.873       6532.894       6638.803    0.000  -0.138   0.380   0.
  2017 352  8 15 50 504 352.344334546      -1.25      0.92     -0.55  0.       -2335.120       6533.315       6637.986    0.000  -0.139   0.381   0.
  2017 352  8 15 51 504 352.344346120      -1.19      1.10     -0.69  0.       -2336.366       6533.737       6637.169    0.000  -0.139   0.381   0.
  2017 352  8 15 52 504 352.344357694      -1.14      0.84     -0.46  0.       -2337.611       6534.158       6636.351    0.000  -0.138   0.380   0.
  2017 352  8 15 53 504 352.344369268      -0.53      1.15     -0.85  0.       -2338.857       6534.579       6635.534    0.000  -0.138   0.380   0.
  2017 352  8 15 54 504 352.344380842      -0.74      1.22     -1.02  0.       -2340.103       6535.000       6634.716    0.000  -0.138   0.380   0.
  2017 352  8 15 55 504 352.344392416      -0.77      1.33     -0.96  0.       -2341.349       6535.420       6633.897    0.000  -0.138   0.380   0.
  2017 352  8 15 56 504 352.344403990      -0.70      1.27     -1.00  0.       -2342.594       6535.841       6633.079    0.000  -0.139   0.381   0.
  2017 352  8 15 57 504 352.344415564      -0.73      0.95     -0.80  0.       -2343.839       6536.260       6632.260    0.000  -0.139   0.381   0.
  2017 352  8 15 58 504 352.344427138      -0.89      0.97     -0.62  0.       -2345.084       6536.680       6631.440    0.000  -0.138   0.380   0.
  2017 352  8 15 59 504 352.344438712      -1.05      0.81     -0.53  0.       -2346.330       6537.099       6630.620    0.000  -0.138   0.380   0.
  2017 352  8 16  0 504 352.344450286      -1.33      0.75     -0.47  0.       -2347.575       6537.518       6629.800    0.000  -0.138   0.380   0.
  2017 352  8 16  1 504 352.344461861      -1.69      0.74     -0.28  0.       -2348.820       6537.936       6628.980    0.000  -0.138   0.380   0.
  2017 352  8 16  2 504 352.344473432      -1.81      0.74     -0.67  0.       -2350.064       6538.354       6628.160    0.000  -0.139   0.381   0.
  2017 352  8 16  3 504 352.344485006      -1.57      0.93     -0.52  0.       -2351.309       6538.772       6627.339    0.000  -0.139   0.381   0.
  2017 352  8 16  4 504 352.344496580      -1.26      1.05     -0.44  0.       -2352.553       6539.190       6626.517    0.000  -0.138   0.380   0.
  2017 352  8 16  5 504 352.344508154      -1.03      0.85     -0.27  0.       -2353.798       6539.607       6625.696    0.000  -0.138   0.380   0.
  2017 352  8 16  6 504 352.344519728      -0.87      0.95     -0.32  0.       -2355.042       6540.024       6624.874    0.000  -0.139   0.381   0.
  2017 352  8 16  7 504 352.344531302      -0.96      0.91     -0.46  0.       -2356.286       6540.440       6624.052    0.000  -0.139   0.381   0.
  2017 352  8 16  8 504 352.344542876      -0.93      0.87     -0.62  0.       -2357.530       6540.856       6623.229    0.000  -0.138   0.380   0.
  2017 352  8 16  9 504 352.344554450      -0.98      0.83     -0.64  0.       -2358.774       6541.272       6622.406    0.000  -0.138   0.380   0.
  2017 352  8 16 10 504 352.344566024      -0.95      0.96     -0.90  0.       -2360.018       6541.688       6621.583    0.000  -0.138   0.380   0.
  2017 352  8 16 11 504 352.344577598      -1.09      0.97     -1.06  0.       -2361.262       6542.103       6620.759    0.000  -0.138   0.380   0.
  2017 352  8 16 12 504 352.344589172      -1.39      0.83     -0.62  0.       -2362.506       6542.518       6619.936    0.000  -0.139   0.381   0.
  2017 352  8 16 13 504 352.344600747      -1.41      0.73     -0.43  0.       -2363.749       6542.933       6619.111    0.000  -0.139   0.381   0.
  2017 352  8 16 14 504 352.344612321      -1.50      0.91     -0.45  0.       -2364.992       6543.347       6618.287    0.000  -0.138   0.380   0.
  2017 352  8 16 15 504 352.344623895      -1.54      0.90     -0.34  0.       -2366.236       6543.761       6617.462    0.000  -0.138   0.380   0.
  2017 352  8 16 16 504 352.344635469      -1.57      0.88     -0.32  0.       -2367.479       6544.175       6616.637    0.000  -0.139   0.381   0.
  2017 352  8 16 17 504 352.344647043      -1.52      1.01     -0.29  0.       -2368.722       6544.589       6615.812    0.000  -0.139   0.381   0.
  2017 352  8 16 18 504 352.344658617      -1.49      0.94     -0.45  0.       -2369.965       6545.002       6614.986    0.000  -0.138   0.380   0.
  2017 352  8 16 19 504 352.344670191      -1.38      0.84     -0.26  0.       -2371.208       6545.415       6614.160    0.000  -0.138   0.380   0.
  2017 352  8 16 20 504 352.344681765      -1.26      0.76     -0.33  0.       -2372.450       6545.827       6613.333    0.000  -0.138   0.380   0.
  2017 352  8 16 21 504 352.344693339      -0.95      0.83     -0.33  0.       -2373.693       6546.239       6612.507    0.000  -0.138   0.380   0.
  2017 352  8 16 22 504 352.344704913      -0.56      1.01     -0.42  0.       -2374.936       6546.651       6611.680    0.000  -0.139   0.381   0.
  2017 352  8 16 23 504 352.344716487      -0.74      0.99     -0.74  0.       -2376.178       6547.062       6610.852    0.000  -0.139   0.381   0.
  2017 352  8 16 24 504 352.344728061      -1.07      1.13     -0.81  0.       -2377.420       6547.474       6610.025    0.000  -0.138   0.380   0.
  2017 352  8 16 25 504 352.344739635      -1.70      0.71     -0.59  0.       -2378.662       6547.885       6609.197    0.000  -0.138   0.380   0.
  2017 352  8 16 26 504 352.344751209      -1.72      1.11     -0.03  0.       -2379.904       6548.295       6608.368    0.000  -0.138   0.380   0.
  2017 352  8 16 27 504 352.344762784      -1.83      1.05     -0.52  0.       -2381.146       6548.705       6607.540    0.000  -0.138   0.380   0.
  2017 352  8 16 28 504 352.344774358      -1.83      1.00     -0.12  0.       -2382.388       6549.115       6606.711    0.000  -0.138   0.380   0.
  2017 352  8 16 29 504 352.344785932      -1.82      0.93     -0.80  0.       -2383.630       6549.525       6605.882    0.000  -0.138   0.380   0.
  2017 352  8 16 30 504 352.344797503      -1.46      1.03     -1.01  0.       -2384.871       6549.934       6605.052    0.000  -0.139   0.381   0.
  2017 352  8 16 31 504 352.344809077      -1.04      1.02     -0.64  0.       -2386.113       6550.343       6604.222    0.000  -0.139   0.381   0.
  2017 352  8 16 32 504 352.344820651      -1.13      0.82     -0.75  0.       -2387.354       6550.752       6603.392    0.000  -0.138   0.380   0.
  2017 352  8 16 33 504 352.344832225      -0.94      0.89     -0.61  0.       -2388.595       6551.160       6602.561    0.000  -0.138   0.380   0.
  2017 352  8 16 34 504 352.344843799      -1.01      0.72     -0.61  0.       -2389.836       6551.568       6601.730    0.000  -0.138   0.380   0.
  2017 352  8 16 35 504 352.344855373      -1.26      0.70     -0.69  0.       -2391.077       6551.976       6600.899    0.000  -0.138   0.380   0.
  2017 352  8 16 36 504 352.344866947      -1.39      0.73     -0.93  0.       -2392.318       6552.383       6600.068    0.000  -0.139   0.381   0.
  2017 352  8 16 37 504 352.344878521      -1.16      0.79     -0.33  0.       -2393.559       6552.791       6599.236    0.000  -0.139   0.381   0.
  2017 352  8 16 38 504 352.344890096      -1.09      0.64     -0.49  0.       -2394.800       6553.197       6598.404    0.000  -0.139   0.381   0.
  2017 352  8 16 39 504 352.344901670      -1.04      0.95     -0.50  0.       -2396.040       6553.604       6597.571    0.000  -0.139   0.381   0.
  2017 352  8 16 40 504 352.344913244      -1.15      0.76     -0.29  0.       -2397.280       6554.010       6596.738    0.000  -0.138   0.380   0.
  2017 352  8 16 41 504 352.344924818      -0.95      0.85     -0.28  0.       -2398.521       6554.416       6595.905    0.000  -0.138   0.380   0.
  2017 352  8 16 42 504 352.344936392      -1.09      0.79     -0.71  0.       -2399.761       6554.821       6595.072    0.000  -0.139   0.381   0.
  2017 352  8 16 43 504 352.344947966      -1.41      0.94     -0.65  0.       -2401.001       6555.226       6594.238    0.000  -0.139   0.381   0.
  2017 352  8 16 44 504 352.344959540      -1.30      0.86     -0.33  0.       -2402.241       6555.631       6593.404    0.000  -0.139   0.381   0.
  2017 352  8 16 45 504 352.344971114      -1.36      0.95     -0.34  0.       -2403.481       6556.036       6592.570    0.000  -0.139   0.381   0.
  2017 352  8 16 46 504 352.344982688      -1.30      0.80     -0.21  0.       -2404.720       6556.440       6591.735    0.000  -0.138   0.380   0.
  2017 352  8 16 47 504 352.344994262      -1.01      0.68     -0.28  0.       -2405.960       6556.844       6590.900    0.000  -0.138   0.380   0.
  2017 352  8 16 48 504 352.345005836      -0.82      0.71     -0.67  0.       -2407.199       6557.248       6590.065    0.000  -0.139   0.381   0.
  2017 352  8 16 49 504 352.345017410      -0.43      0.84     -0.89  0.       -2408.439       6557.651       6589.229    0.000  -0.139   0.381   0.
  2017 352  8 16 50 504 352.345028984      -0.55      0.97     -0.99  0.       -2409.678       6558.054       6588.393    0.000  -0.138   0.380   0.
  2017 352  8 16 51 504 352.345040558      -0.87      1.21     -0.82  0.       -2410.917       6558.456       6587.557    0.000  -0.138   0.380   0.
  2017 352  8 16 52 504 352.345052133      -1.60      0.50     -0.63  0.       -2412.156       6558.859       6586.720    0.000  -0.139   0.381   0.
  2017 352  8 16 53 504 352.345063707      -1.30      0.91      0.01  0.       -2413.395       6559.261       6585.883    0.000  -0.139   0.381   0.
  2017 352  8 16 54 504 352.345075281      -0.66      1.06     -0.58  0.       -2414.634       6559.663       6585.046    0.000  -0.139   0.381   0.
  2017 352  8 16 55 504 352.345086855      -0.72      1.10     -1.05  0.       -2415.873       6560.064       6584.208    0.000  -0.139   0.381   0.
  2017 352  8 16 56 504 352.345098429      -0.74      1.15     -0.99  0.       -2417.111       6560.465       6583.371    0.000  -0.138   0.380   0.
  2017 352  8 16 57 504 352.345110003      -1.04      1.19     -0.99  0.       -2418.350       6560.866       6582.532    0.000  -0.138   0.380   0.
  2017 352  8 16 58 504 352.345121577      -1.40      0.95     -0.88  0.       -2419.588       6561.266       6581.694    0.000  -0.139   0.381   0.
  2017 352  8 16 59 504 352.345133151      -1.56      1.11     -0.83  0.       -2420.826       6561.666       6580.855    0.000  -0.139   0.381   0.
  2017 352  8 17  0 503 352.345144722      -1.43      1.09     -0.68  0.       -2422.064       6562.066       6580.016    0.000  -0.138   0.380   0.
  2017 352  8 17  1 503 352.345156296      -1.29      1.15     -0.69  0.       -2423.302       6562.466       6579.176    0.000  -0.138   0.380   0.
  2017 352  8 17  2 504 352.345167870      -1.29      0.97     -0.64  0.       -2424.540       6562.865       6578.337    0.000  -0.139   0.381   0.
  2017 352  8 17  3 504 352.345179444      -1.40      1.08     -0.79  0.       -2425.778       6563.264       6577.496    0.000  -0.139   0.381   0.
  2017 352  8 17  4 503 352.345191019      -1.39      1.00     -0.58  0.       -2427.015       6563.662       6576.656    0.000  -0.139   0.381   0.
  2017 352  8 17  5 503 352.345202593      -1.44      1.12     -0.64  0.       -2428.253       6564.060       6575.815    0.000  -0.139   0.381   0.
  2017 352  8 17  6 504 352.345214167      -1.42      1.30     -0.74  0.       -2429.490       6564.458       6574.974    0.000  -0.138   0.380   0.
  2017 352  8 17  7 504 352.345225741      -1.55      0.92     -0.75  0.       -2430.727       6564.856       6574.133    0.000  -0.138   0.380   0.
  2017 352  8 17  8 504 352.345237315      -1.39      1.15     -0.49  0.       -2431.964       6565.253       6573.291    0.000  -0.139   0.381   0.
  2017 352  8 17  9 504 352.345248889      -1.38      1.14     -0.63  0.       -2433.201       6565.650       6572.449    0.000  -0.139   0.381   0.
  2017 352  8 17 10 504 352.345260463      -1.34      1.15     -0.65  0.       -2434.438       6566.047       6571.607    0.000  -0.139   0.381   0.
  2017 352  8 17 11 503 352.345272037      -1.52      1.18     -0.58  0.       -2435.675       6566.443       6570.764    0.000  -0.139   0.381   0.
  2017 352  8 17 12 503 352.345283611      -1.57      1.26     -0.62  0.       -2436.912       6566.839       6569.921    0.000  -0.139   0.381   0.
  2017 352  8 17 13 503 352.345295185      -1.92      1.04     -0.81  0.       -2438.148       6567.235       6569.078    0.000  -0.139   0.381   0.
  2017 352  8 17 14 503 352.345306759      -2.01      1.05     -0.39  0.       -2439.385       6567.630       6568.234    0.000  -0.138   0.380   0.
  2017 352  8 17 15 503 352.345318333      -1.42      1.41     -0.49  0.       -2440.621       6568.025       6567.390    0.000  -0.138   0.380   0.
  2017 352  8 17 16 504 352.345329907      -2.19      1.46     -0.55  0.       -2441.857       6568.420       6566.546    0.000  -0.139   0.381   0.
  2017 352  8 17 17 504 352.345341481      -1.91      2.53     -1.05  0.       -2443.093       6568.814       6565.701    0.000  -0.139   0.381   0.
  2017 352  8 17 18 503 352.345353056      -2.56      1.07     -1.63  0.       -2444.329       6569.208       6564.857    0.000  -0.139   0.381   0.
  2017 352  8 17 19 503 352.345364630      -3.72      1.69     -0.08  0.       -2445.565       6569.602       6564.011    0.000  -0.139   0.381   0.
  2017 352  8 17 20 504 352.345376204      -4.00      2.22     -0.00  0.       -2446.801       6569.995       6563.166    0.000  -0.138   0.380   0.
  2017 352  8 17 21 504 352.345387778      -3.65      2.64      0.16  0.       -2448.036       6570.389       6562.320    0.000  -0.138   0.380   0.
  2017 352  8 17 22 504 352.345399352      -3.26      1.24     -0.47  0.       -2449.272       6570.781       6561.474    0.000  -0.138   0.380   0.
  2017 352  8 17 23 504 352.345410926      -1.36      0.43      1.71  0.       -2450.507       6571.174       6560.627    0.000  -0.138   0.380   0.
  2017 352  8 17 24 504 352.345422500      -0.13      1.81      0.45  0.       -2451.742       6571.566       6559.781    0.000  -0.139   0.381   0.
  2017 352  8 17 25 503 352.345434074      -1.56      2.34      0.10  0.       -2452.978       6571.958       6558.934    0.000  -0.139   0.381   0.
  2017 352  8 17 26 503 352.345445648      -2.68      3.30     -0.03  0.       -2454.213       6572.350       6558.086    0.000  -0.138   0.380   0.
  2017 352  8 17 27 503 352.345457222      -3.86      0.99     -0.75  0.       -2455.448       6572.741       6557.238    0.000  -0.138   0.380   0.
  2017 352  8 17 28 503 352.345468794      -3.73      1.45     -1.02  0.       -2456.682       6573.132       6556.390    0.000  -0.138   0.380   0.
  2017 352  8 17 29 503 352.345480367      -3.60      0.58     -0.16  0.       -2457.917       6573.522       6555.542    0.000  -0.138   0.380   0.
  2017 352  8 17 30 503 352.345491942      -3.59      1.39      1.14  0.       -2459.151       6573.913       6554.693    0.000  -0.139   0.381   0.
  2017 352  8 17 31 503 352.345503516      -3.35      1.61     -0.70  0.       -2460.386       6574.303       6553.844    0.000  -0.139   0.381   0.
  2017 352  8 17 32 503 352.345515090      -2.50      0.42     -0.87  0.       -2461.620       6574.692       6552.995    0.000  -0.138   0.380   0.
  2017 352  8 17 33 503 352.345526664      -0.89     -0.04      0.07  0.       -2462.854       6575.081       6552.145    0.000  -0.138   0.380   0.
  2017 352  8 17 34 503 352.345538238      -0.95      0.35     -0.05  0.       -2464.088       6575.471       6551.295    0.000  -0.138   0.380   0.
  2017 352  8 17 35 503 352.345549812      -0.78      0.64      0.09  0.       -2465.322       6575.859       6550.445    0.000  -0.138   0.380   0.
  2017 352  8 17 36 503 352.345561386       0.65      0.76      0.28  0.       -2466.556       6576.248       6549.594    0.000  -0.139   0.381   0.
  2017 352  8 17 37 503 352.345572960       1.29      1.84      1.07  0.       -2467.790       6576.636       6548.744    0.000  -0.139   0.381   0.
  2017 352  8 17 38 503 352.345584534       1.42      2.35      1.18  0.       -2469.023       6577.023       6547.892    0.000  -0.139   0.381   0.
  2017 352  8 17 39 503 352.345596108       1.48      2.10      0.92  0.       -2470.257       6577.411       6547.041    0.000  -0.139   0.381   0.
  2017 352  8 17 40 503 352.345607682       1.85      1.41      0.69  0.       -2471.490       6577.798       6546.189    0.000  -0.138   0.380   0.
  2017 352  8 17 41 503 352.345619256       0.02      2.94     -0.28  0.       -2472.724       6578.185       6545.337    0.000  -0.138   0.380   0.
  2017 352  8 17 42 503 352.345630830      -0.51      1.62     -0.93  0.       -2473.957       6578.571       6544.484    0.000  -0.139   0.381   0.
  2017 352  8 17 43 503 352.345642405      -1.95      1.88     -0.76  0.       -2475.190       6578.957       6543.631    0.000  -0.139   0.381   0.
  2017 352  8 17 44 503 352.345653979      -0.75      1.14     -0.29  0.       -2476.422       6579.343       6542.778    0.000  -0.139   0.381   0.
  2017 352  8 17 45 503 352.345665553      -1.22      0.95     -0.43  0.       -2477.655       6579.729       6541.925    0.000  -0.139   0.381   0.
  2017 352  8 17 46 503 352.345677127      -0.83      0.92     -0.14  0.       -2478.888       6580.114       6541.071    0.000  -0.138   0.380   0.
  2017 352  8 17 47 503 352.345688701      -0.26      0.56     -0.79  0.       -2480.120       6580.499       6540.217    0.000  -0.138   0.380   0.
  2017 352  8 17 48 503 352.345700275       0.47      0.81     -0.37  0.       -2481.353       6580.883       6539.363    0.000  -0.138   0.380   0.
  2017 352  8 17 49 503 352.345711849       0.05      1.10     -0.70  0.       -2482.585       6581.268       6538.508    0.000  -0.138   0.380   0.
  2017 352  8 17 50 503 352.345723423      -1.90      1.29     -1.14  0.       -2483.817       6581.651       6537.653    0.000  -0.138   0.380   0.
  2017 352  8 17 51 503 352.345734997      -3.87     -0.71     -0.24  0.       -2485.049       6582.035       6536.798    0.000  -0.138   0.380   0.
  2017 352  8 17 52 503 352.345746571      -3.37     -0.88      4.80  0.       -2486.281       6582.418       6535.942    0.000  -0.138   0.380   0.
  2017 352  8 17 53 503 352.345758145      -4.11      3.65     -0.38  0.       -2487.513       6582.801       6535.086    0.000  -0.138   0.380   0.
  2017 352  8 17 54 503 352.345769719      -2.20      2.56     -1.07  0.       -2488.745       6583.184       6534.230    0.000  -0.138   0.380   0.
  2017 352  8 17 55 503 352.345781293      -4.81      2.05     -1.44  0.       -2489.976       6583.566       6533.373    0.000  -0.138   0.380   0.
  2017 352  8 17 56 503 352.345792867      -5.46      2.16      0.54  0.       -2491.207       6583.948       6532.516    0.000  -0.138   0.380   0.
  2017 352  8 17 57 503 352.345804442      -2.83      1.65      0.39  0.       -2492.439       6584.330       6531.659    0.000  -0.138   0.380   0.
  2017 352  8 17 58 503 352.345816013      -1.93      1.02      0.23  0.       -2493.670       6584.711       6530.801    0.000  -0.138   0.380   0.
  2017 352  8 17 59 503 352.345827587      -1.61      1.01     -0.75  0.       -2494.901       6585.093       6529.944    0.000  -0.138   0.380   0.
  2017 352  8 18  0 503 352.345839161      -0.90      1.16     -0.41  0.       -2496.132       6585.473       6529.085    0.000  -0.139   0.381   0.
  2017 352  8 18  1 503 352.345850735      -1.29      0.82     -0.50  0.       -2497.363       6585.854       6528.227    0.000  -0.139   0.381   0.
  2017 352  8 18  2 503 352.345862309      -1.29      1.33     -0.51  0.       -2498.593       6586.234       6527.368    0.000  -0.138   0.380   0.
  2017 352  8 18  3 503 352.345873883      -1.67      1.03     -0.77  0.       -2499.824       6586.614       6526.509    0.000  -0.138   0.380   0.
  2017 352  8 18  4 503 352.345885457      -1.49      1.01     -0.55  0.       -2501.054       6586.993       6525.650    0.000  -0.138   0.380   0.
  2017 352  8 18  5 503 352.345897031      -1.65      1.23     -0.59  0.       -2502.285       6587.372       6524.790    0.000  -0.138   0.380   0.
  2017 352  8 18  6 503 352.345908605      -1.60      0.74     -0.16  0.       -2503.515       6587.751       6523.930    0.000  -0.139   0.381   0.
  2017 352  8 18  7 503 352.345920179      -1.41      1.13     -0.61  0.       -2504.745       6588.130       6523.069    0.000  -0.139   0.381   0.
  2017 352  8 18  8 503 352.345931754      -1.22      1.51     -0.77  0.       -2505.975       6588.508       6522.209    0.000  -0.138   0.380   0.
  2017 352  8 18  9 503 352.345943328      -1.53      1.03     -1.03  0.       -2507.205       6588.886       6521.348    0.000  -0.138   0.380   0.
  2017 352  8 18 10 503 352.345954902      -1.51      0.65     -0.69  0.       -2508.435       6589.263       6520.486    0.000  -0.138   0.380   0.
  2017 352  8 18 11 503 352.345966476      -1.25      0.79     -0.73  0.       -2509.664       6589.640       6519.625    0.000  -0.138   0.380   0.
  2017 352  8 18 12 503 352.345978050      -1.00      0.68     -0.57  0.       -2510.894       6590.017       6518.763    0.000  -0.139   0.381   0.
  2017 352  8 18 13 503 352.345989624      -0.90      0.60     -0.53  0.       -2512.123       6590.394       6517.900    0.000  -0.139   0.381   0.
  2017 352  8 18 14 503 352.346001198      -0.62      0.83     -0.24  0.       -2513.352       6590.770       6517.038    0.000  -0.138   0.380   0.
  2017 352  8 18 15 503 352.346012772      -0.40      0.71     -0.51  0.       -2514.582       6591.146       6516.175    0.000  -0.138   0.380   0.
  2017 352  8 18 16 503 352.346024346      -0.50      0.57     -0.58  0.       -2515.810       6591.522       6515.311    0.000  -0.139   0.381   0.
  2017 352  8 18 17 503 352.346035920      -0.44      0.67     -0.71  0.       -2517.039       6591.897       6514.448    0.000  -0.139   0.381   0.
  2017 352  8 18 18 503 352.346047494      -0.78      0.82     -0.69  0.       -2518.268       6592.272       6513.585    0.000  -0.138   0.380   0.
  2017 352  8 18 19 503 352.346059068      -0.74      0.87     -0.43  0.       -2519.497       6592.647       6512.720    0.000  -0.138   0.380   0.
  2017 352  8 18 20 503 352.346070642      -1.15      0.72     -0.40  0.       -2520.725       6593.021       6511.856    0.000  -0.139   0.381   0.
  2017 352  8 18 21 503 352.346082216      -0.86      0.59     -0.63  0.       -2521.954       6593.395       6510.991    0.000  -0.139   0.381   0.
  2017 352  8 18 22 503 352.346093790      -1.34      0.95     -0.55  0.       -2523.182       6593.769       6510.126    0.000  -0.138   0.380   0.
  2017 352  8 18 23 503 352.346105365      -1.07      0.76     -0.79  0.       -2524.410       6594.143       6509.260    0.000  -0.138   0.380   0.
  2017 352  8 18 24 503 352.346116939      -1.16      0.73     -0.82  0.       -2525.638       6594.516       6508.394    0.000  -0.139   0.381   0.
  2017 352  8 18 25 503 352.346128513      -1.51      0.81     -1.12  0.       -2526.866       6594.888       6507.528    0.000  -0.139   0.381   0.
  2017 352  8 18 26 503 352.346140084      -1.59      1.28     -1.29  0.       -2528.094       6595.261       6506.662    0.000  -0.139   0.381   0.
  2017 352  8 18 27 503 352.346151658      -2.20      1.11     -0.83  0.       -2529.321       6595.633       6505.795    0.000  -0.139   0.381   0.
  2017 352  8 18 28 503 352.346163232      -1.44      0.89     -0.20  0.       -2530.549       6596.005       6504.928    0.000  -0.138   0.380   0.
  2017 352  8 18 29 503 352.346174806      -1.80      0.92     -0.75  0.       -2531.776       6596.376       6504.061    0.000  -0.138   0.380   0.
  2017 352  8 18 30 503 352.346186380      -2.07      1.33     -0.17  0.       -2533.004       6596.748       6503.193    0.000  -0.138   0.380   0.
  2017 352  8 18 31 503 352.346197954      -2.08      1.38     -0.59  0.       -2534.231       6597.118       6502.325    0.000  -0.138   0.380   0.
  2017 352  8 18 32 503 352.346209528      -1.95      1.51     -0.45  0.       -2535.458       6597.489       6501.457    0.000  -0.139   0.381   0.
  2017 352  8 18 33 503 352.346221102      -2.16      1.26     -0.51  0.       -2536.685       6597.859       6500.589    0.000  -0.139   0.381   0.
  2017 352  8 18 34 503 352.346232677      -1.71      1.25     -0.19  0.       -2537.912       6598.229       6499.720    0.000  -0.139   0.381   0.
  2017 352  8 18 35 503 352.346244251      -2.07      1.13     -0.67  0.       -2539.138       6598.599       6498.850    0.000  -0.139   0.381   0.
  2017 352  8 18 36 503 352.346255825      -1.61      1.31     -0.21  0.       -2540.365       6598.968       6497.981    0.000  -0.138   0.380   0.
  2017 352  8 18 37 503 352.346267399      -1.38      1.15     -0.33  0.       -2541.591       6599.337       6497.111    0.000  -0.138   0.380   0.
  2017 352  8 18 38 503 352.346278973      -1.32      1.23     -0.38  0.       -2542.818       6599.706       6496.241    0.000  -0.139   0.381   0.
  2017 352  8 18 39 503 352.346290547      -1.62      1.29     -0.54  0.       -2544.044       6600.074       6495.370    0.000  -0.139   0.381   0.
  2017 352  8 18 40 503 352.346302121      -1.72      1.21     -0.57  0.       -2545.270       6600.442       6494.500    0.000  -0.139   0.381   0.
  2017 352  8 18 41 503 352.346313695      -1.89      1.22     -0.58  0.       -2546.496       6600.810       6493.629    0.000  -0.139   0.381   0.
  2017 352  8 18 42 503 352.346325269      -2.07      1.28     -0.57  0.       -2547.722       6601.177       6492.757    0.000  -0.138   0.380   0.
  2017 352  8 18 43 503 352.346336843      -1.91      1.34     -0.54  0.       -2548.947       6601.544       6491.885    0.000  -0.138   0.380   0.
  2017 352  8 18 44 503 352.346348417      -2.00      1.36     -0.38  0.       -2550.173       6601.911       6491.013    0.000  -0.138   0.380   0.
  2017 352  8 18 45 503 352.346359991      -1.96      1.25     -0.65  0.       -2551.398       6602.277       6490.141    0.000  -0.138   0.380   0.
  2017 352  8 18 46 503 352.346371565      -1.74      1.14     -0.62  0.       -2552.624       6602.643       6489.268    0.000  -0.139   0.381   0.
  2017 352  8 18 47 503 352.346383139      -1.65      1.08     -0.67  0.       -2553.849       6603.009       6488.395    0.000  -0.139   0.381   0.
  2017 352  8 18 48 503 352.346394714      -1.70      1.34     -0.81  0.       -2555.074       6603.375       6487.522    0.000  -0.139   0.381   0.
  2017 352  8 18 49 503 352.346406288      -1.68      1.03     -0.59  0.       -2556.299       6603.740       6486.648    0.000  -0.139   0.381   0.
  2017 352  8 18 50 503 352.346417862      -2.45     -0.03     -1.74  0.       -2557.524       6604.104       6485.775    0.000  -0.139   0.381   0.
  2017 352  8 18 51 503 352.346429436      -1.10      0.41      0.88  0.       -2558.748       6604.469       6484.900    0.000  -0.139   0.381   0.
  2017 352  8 18 52 503 352.346441010      -1.56      1.03     -0.98  0.       -2559.973       6604.833       6484.026    0.000  -0.139   0.381   0.
  2017 352  8 18 53 503 352.346452584      -0.69     -0.11     -0.70  0.       -2561.197       6605.197       6483.151    0.000  -0.139   0.381   0.
  2017 352  8 18 54 503 352.346464158       0.07      1.27      0.09  0.       -2562.422       6605.561       6482.276    0.000  -0.139   0.381   0.
  2017 352  8 18 55 503 352.346475732      -0.95      1.03     -0.81  0.       -2563.646       6605.924       6481.400    0.000  -0.139   0.381   0.
  2017 352  8 18 56 503 352.346487306      -1.10      0.91     -0.88  0.       -2564.870       6606.287       6480.524    0.000  -0.139   0.381   0.
  2017 352  8 18 57 503 352.346498880      -1.24      0.79     -0.66  0.       -2566.094       6606.649       6479.648    0.000  -0.139   0.381   0.
  2017 352  8 18 58 503 352.346510451      -1.14      1.21     -0.68  0.       -2567.318       6607.012       6478.772    0.000  -0.139   0.381   0.
  2017 352  8 18 59 503 352.346522025      -2.20      0.81     -1.37  0.       -2568.542       6607.373       6477.895    0.000  -0.139   0.381   0.
  2017 352  8 19  0 502 352.346533600      -2.70      0.85     -0.50  0.       -2569.765       6607.735       6477.018    0.000  -0.139   0.381   0.
  2017 352  8 19  1 502 352.346545174      -2.22      1.58      0.04  0.       -2570.989       6608.096       6476.141    0.000  -0.139   0.381   0.
  2017 352  8 19  2 503 352.346556748      -2.20      1.47     -1.25  0.       -2572.212       6608.457       6475.263    0.000  -0.139   0.381   0.
  2017 352  8 19  3 503 352.346568322      -0.68     -3.29      1.89  0.       -2573.435       6608.818       6474.385    0.000  -0.139   0.381   0.
  2017 352  8 19  4 503 352.346579896       1.16     -2.62      4.00  0.       -2574.658       6609.178       6473.507    0.000  -0.139   0.381   0.
  2017 352  8 19  5 503 352.346591470       0.92      0.70      2.03  0.       -2575.881       6609.538       6472.628    0.000  -0.139   0.381   0.
  2017 352  8 19  6 503 352.346603044       0.51      2.85      2.30  0.       -2577.104       6609.898       6471.749    0.000  -0.139   0.381   0.
  2017 352  8 19  7 502 352.346614618      -0.48     -0.18     -1.17  0.       -2578.327       6610.257       6470.870    0.000  -0.139   0.381   0.
  2017 352  8 19  8 502 352.346626192       1.83      0.26      2.61  0.       -2579.550       6610.617       6469.991    0.000  -0.139   0.381   0.
  2017 352  8 19  9 502 352.346637766      -0.29      2.40      1.25  0.       -2580.772       6610.975       6469.110    0.000  -0.139   0.381   0.
  2017 352  8 19 10 502 352.346649340      -1.75      1.83     -1.32  0.       -2581.994       6611.334       6468.230    0.000  -0.139   0.381   0.
  2017 352  8 19 11 502 352.346660914      -1.65      1.68     -1.11  0.       -2583.217       6611.692       6467.350    0.000  -0.139   0.381   0.
  2017 352  8 19 12 503 352.346672488      -1.19      1.68     -0.86  0.       -2584.439       6612.050       6466.469    0.000  -0.139   0.381   0.
  2017 352  8 19 13 503 352.346684063      -1.93      1.68     -1.16  0.       -2585.661       6612.407       6465.588    0.000  -0.139   0.381   0.
  2017 352  8 19 14 502 352.346695637      -2.20      1.43     -0.77  0.       -2586.882       6612.764       6464.706    0.000  -0.139   0.381   0.
  2017 352  8 19 15 502 352.346707211      -2.42      1.51     -1.00  0.       -2588.104       6613.121       6463.825    0.000  -0.139   0.381   0.
  2017 352  8 19 16 503 352.346718785      -2.49      1.15     -0.84  0.       -2589.326       6613.478       6462.943    0.000  -0.139   0.381   0.
  2017 352  8 19 17 503 352.346730359      -2.38      1.42     -0.75  0.       -2590.547       6613.834       6462.060    0.000  -0.139   0.381   0.
  2017 352  8 19 18 503 352.346741933      -2.08      1.20     -0.67  0.       -2591.769       6614.190       6461.178    0.000  -0.138   0.380   0.
  2017 352  8 19 19 503 352.346753507      -1.67      1.47     -0.25  0.       -2592.990       6614.545       6460.295    0.000  -0.138   0.380   0.
  2017 352  8 19 20 502 352.346765081      -1.49      1.37     -0.41  0.       -2594.211       6614.900       6459.411    0.000  -0.139   0.381   0.
  2017 352  8 19 21 502 352.346776655      -0.68      1.05     -0.32  0.       -2595.432       6615.255       6458.528    0.000  -0.139   0.381   0.
  2017 352  8 19 22 502 352.346788229      -0.22      0.85     -0.51  0.       -2596.653       6615.610       6457.644    0.000  -0.139   0.381   0.
  2017 352  8 19 23 502 352.346799803      -0.42      0.32     -0.88  0.       -2597.873       6615.964       6456.759    0.000  -0.139   0.381   0.
  2017 352  8 19 24 502 352.346811377      -0.13      0.55     -0.97  0.       -2599.094       6616.318       6455.875    0.000  -0.139   0.381   0.
  2017 352  8 19 25 503 352.346822951       0.45      0.07     -1.32  0.       -2600.315       6616.672       6454.990    0.000  -0.139   0.381   0.
  2017 352  8 19 26 503 352.346834523       0.07     -0.11     -1.61  0.       -2601.535       6617.025       6454.105    0.000  -0.138   0.380   0.
  2017 352  8 19 27 502 352.346846097      -0.09     -0.31     -1.83  0.       -2602.755       6617.378       6453.219    0.000  -0.138   0.380   0.
  2017 352  8 19 28 502 352.346857671       0.14     -0.29     -1.82  0.       -2603.975       6617.731       6452.334    0.000  -0.138   0.380   0.
  2017 352  8 19 29 502 352.346869245       0.46     -0.30     -1.49  0.       -2605.195       6618.083       6451.447    0.000  -0.138   0.380   0.
  2017 352  8 19 30 502 352.346880819       0.72     -0.07     -1.77  0.       -2606.415       6618.436       6450.561    0.000  -0.139   0.381   0.
  2017 352  8 19 31 502 352.346892393       0.99      0.34     -1.84  0.       -2607.635       6618.787       6449.674    0.000  -0.139   0.381   0.
  2017 352  8 19 32 502 352.346903967      -0.41      0.77     -2.28  0.       -2608.854       6619.138       6448.787    0.000  -0.138   0.380   0.
  2017 352  8 19 33 502 352.346915541      -1.02      0.87     -1.64  0.       -2610.074       6619.489       6447.900    0.000  -0.138   0.380   0.
  2017 352  8 19 34 502 352.346927115      -1.55      1.40     -0.35  0.       -2611.293       6619.840       6447.012    0.000  -0.138   0.380   0.
  2017 352  8 19 35 502 352.346938689      -1.63      1.72     -0.81  0.       -2612.512       6620.191       6446.124    0.000  -0.138   0.380   0.
  2017 352  8 19 36 502 352.346950263      -2.15      1.49     -0.31  0.       -2613.731       6620.541       6445.236    0.000  -0.139   0.381   0.
  2017 352  8 19 37 502 352.346961837      -2.59      1.69      0.61  0.       -2614.950       6620.891       6444.347    0.000  -0.139   0.381   0.
  2017 352  8 19 38 502 352.346973411      -3.91      1.30     -0.30  0.       -2616.169       6621.240       6443.458    0.000  -0.138   0.380   0.
  2017 352  8 19 39 502 352.346984986      -3.64      0.42     -0.15  0.       -2617.388       6621.589       6442.569    0.000  -0.138   0.380   0.
  2017 352  8 19 40 502 352.346996560      -2.61      0.51      0.02  0.       -2618.606       6621.938       6441.679    0.000  -0.138   0.380   0.
  2017 352  8 19 41 502 352.347008134      -1.79      0.25      0.00  0.       -2619.825       6622.287       6440.790    0.000  -0.138   0.380   0.
  2017 352  8 19 42 502 352.347019708      -0.97     -0.21     -0.50  0.       -2621.043       6622.635       6439.899    0.000  -0.139   0.381   0.
  2017 352  8 19 43 502 352.347031282       0.29      0.38     -0.20  0.       -2622.261       6622.983       6439.009    0.000  -0.139   0.381   0.
  2017 352  8 19 44 502 352.347042856       1.18      1.14     -0.59  0.       -2623.479       6623.330       6438.118    0.000  -0.138   0.380   0.
  2017 352  8 19 45 502 352.347054430       0.47      0.60     -0.99  0.       -2624.697       6623.677       6437.227    0.000  -0.138   0.380   0.
  2017 352  8 19 46 502 352.347066004      -0.03      0.27     -0.92  0.       -2625.915       6624.024       6436.336    0.000  -0.139   0.381   0.
  2017 352  8 19 47 502 352.347077578      -0.63      0.51     -0.72  0.       -2627.133       6624.371       6435.444    0.000  -0.139   0.381   0.
  2017 352  8 19 48 502 352.347089152      -0.67      0.02     -1.37  0.       -2628.350       6624.717       6434.552    0.000  -0.139   0.381   0.
  2017 352  8 19 49 502 352.347100726      -1.01      0.52     -0.34  0.       -2629.568       6625.063       6433.659    0.000  -0.139   0.381   0.
  2017 352  8 19 50 502 352.347112300       0.62      1.06     -1.35  0.       -2630.785       6625.409       6432.767    0.000  -0.138   0.380   0.
  2017 352  8 19 51 502 352.347123874       0.65      1.22     -1.79  0.       -2632.002       6625.754       6431.874    0.000  -0.138   0.380   0.
  2017 352  8 19 52 502 352.347135448      -2.04      0.25     -2.21  0.       -2633.219       6626.099       6430.981    0.000  -0.139   0.381   0.
  2017 352  8 19 53 502 352.347147023      -2.88      1.30      0.44  0.       -2634.436       6626.444       6430.087    0.000  -0.139   0.381   0.
  2017 352  8 19 54 502 352.347158597      -1.81      1.86     -2.16  0.       -2635.653       6626.788       6429.193    0.000  -0.138   0.380   0.
  2017 352  8 19 55 502 352.347170171      -1.27      1.06     -2.27  0.       -2636.870       6627.132       6428.299    0.000  -0.138   0.380   0.
  2017 352  8 19 56 502 352.347181742      -0.62      0.03     -0.98  0.       -2638.086       6627.476       6427.404    0.000  -0.139   0.381   0.
  2017 352  8 19 57 502 352.347193316       0.15      1.71     -0.02  0.       -2639.303       6627.819       6426.509    0.000  -0.139   0.381   0.
  2017 352  8 19 58 502 352.347204890       0.72     -2.80     -0.12  0.       -2640.519       6628.162       6425.614    0.000  -0.139   0.381   0.
  2017 352  8 19 59 502 352.347216464       2.40     -0.16      0.79  0.       -2641.735       6628.505       6424.719    0.000  -0.139   0.381   0.
  2017 352  8 20  0 502 352.347228038      -0.48      1.37     -0.51  0.       -2642.951       6628.847       6423.823    0.000  -0.138   0.380   0.
  2017 352  8 20  1 502 352.347239612      -0.83      0.56     -0.50  0.       -2644.167       6629.190       6422.927    0.000  -0.138   0.380   0.
  2017 352  8 20  2 502 352.347251186      -1.43     -0.25      0.03  0.       -2645.383       6629.531       6422.030    0.000  -0.138   0.380   0.
  2017 352  8 20  3 502 352.347262760      -0.41      1.70     -1.61  0.       -2646.599       6629.873       6421.134    0.000  -0.138   0.380   0.
  2017 352  8 20  4 502 352.347274335      -0.21      1.28     -0.82  0.       -2647.814       6630.214       6420.237    0.000  -0.138   0.380   0.
  2017 352  8 20  5 502 352.347285909      -4.09     -1.61      0.14  0.       -2649.029       6630.555       6419.339    0.000  -0.138   0.380   0.
  2017 352  8 20  6 502 352.347297483      -0.55      0.32      0.27  0.       -2650.245       6630.895       6418.442    0.000  -0.139   0.381   0.
  2017 352  8 20  7 502 352.347309057      -0.76      0.12     -0.20  0.       -2651.460       6631.236       6417.544    0.000  -0.139   0.381   0.
  2017 352  8 20  8 502 352.347320631       0.27      1.55     -1.92  0.       -2652.675       6631.575       6416.646    0.000  -0.138   0.380   0.
  2017 352  8 20  9 502 352.347332205       0.62      0.66     -1.75  0.       -2653.890       6631.915       6415.747    0.000  -0.138   0.380   0.
  2017 352  8 20 10 502 352.347343779      -0.72     -0.29      0.74  0.       -2655.104       6632.254       6414.848    0.000  -0.138   0.380   0.
  2017 352  8 20 11 502 352.347355353      -2.16     -0.70      1.45  0.       -2656.319       6632.593       6413.949    0.000  -0.138   0.380   0.
  2017 352  8 20 12 502 352.347366927      -0.48      1.46      0.59  0.       -2657.534       6632.932       6413.049    0.000  -0.139   0.381   0.
  2017 352  8 20 13 502 352.347378501       0.69      0.90     -2.05  0.       -2658.748       6633.270       6412.150    0.000  -0.139   0.381   0.
  2017 352  8 20 14 502 352.347390075      -2.03     -0.52     -0.69  0.       -2659.962       6633.608       6411.249    0.000  -0.139   0.381   0.
  2017 352  8 20 15 502 352.347401649      -0.48      0.46      1.69  0.       -2661.176       6633.946       6410.349    0.000  -0.139   0.381   0.
  2017 352  8 20 16 502 352.347413223       0.34      0.13     -0.95  0.       -2662.390       6634.283       6409.448    0.000  -0.138   0.380   0.
  2017 352  8 20 17 502 352.347424797       0.01     -0.08     -0.76  0.       -2663.604       6634.620       6408.547    0.000  -0.138   0.380   0.
  2017 352  8 20 18 502 352.347436372      -0.85      0.30     -1.59  0.       -2664.818       6634.956       6407.646    0.000  -0.139   0.381   0.
  2017 352  8 20 19 502 352.347447946      -0.62      0.76     -1.08  0.       -2666.031       6635.293       6406.744    0.000  -0.139   0.381   0.
  2017 352  8 20 20 502 352.347459520      -0.81      1.06     -2.71  0.       -2667.245       6635.629       6405.842    0.000  -0.139   0.381   0.
  2017 352  8 20 21 502 352.347471094       0.17      0.56     -1.12  0.       -2668.458       6635.964       6404.940    0.000  -0.139   0.381   0.
  2017 352  8 20 22 502 352.347482668      -0.10      0.78     -2.24  0.       -2669.671       6636.300       6404.037    0.000  -0.138   0.380   0.
  2017 352  8 20 23 502 352.347494242      -1.65      0.37     -1.63  0.       -2670.885       6636.635       6403.134    0.000  -0.138   0.380   0.
  2017 352  8 20 24 502 352.347505813      -0.53      0.85     -1.77  0.       -2672.097       6636.970       6402.231    0.000  -0.138   0.380   0.
  2017 352  8 20 25 502 352.347517387      -5.08      1.71     -2.46  0.       -2673.310       6637.304       6401.328    0.000  -0.138   0.380   0.
  2017 352  8 20 26 502 352.347528961      -6.59      1.08      0.36  0.       -2674.523       6637.638       6400.424    0.000  -0.139   0.381   0.
  2017 352  8 20 27 502 352.347540535      -2.76      0.28      0.52  0.       -2675.736       6637.972       6399.519    0.000  -0.139   0.381   0.
  2017 352  8 20 28 502 352.347552109       0.02     -0.11     -1.53  0.       -2676.948       6638.305       6398.615    0.000  -0.138   0.380   0.
  2017 352  8 20 29 502 352.347563683       1.12     -0.68     -0.76  0.       -2678.160       6638.639       6397.710    0.000  -0.138   0.380   0.
  2017 352  8 20 30 502 352.347575258      -0.21     -1.01     -0.08  0.       -2679.372       6638.971       6396.805    0.000  -0.139   0.381   0.
  2017 352  8 20 31 502 352.347586832      -0.77      1.36      1.01  0.       -2680.585       6639.304       6395.900    0.000  -0.139   0.381   0.
  2017 352  8 20 32 502 352.347598406      -0.13      0.58     -0.92  0.       -2681.796       6639.636       6394.994    0.000  -0.139   0.381   0.
  2017 352  8 20 33 502 352.347609980      -0.60      0.99      1.50  0.       -2683.008       6639.968       6394.088    0.000  -0.139   0.381   0.
  2017 352  8 20 34 502 352.347621554      -0.31      0.42      0.53  0.       -2684.220       6640.299       6393.182    0.000  -0.138   0.380   0.
  2017 352  8 20 35 502 352.347633128      -0.58     -0.58     -0.25  0.       -2685.431       6640.631       6392.275    0.000  -0.138   0.380   0.
  2017 352  8 20 36 502 352.347644702      -1.35      0.15      2.92  0.       -2686.643       6640.962       6391.368    0.000  -0.138   0.380   0.
  2017 352  8 20 37 502 352.347656276      -0.11      0.70     -0.77  0.       -2687.854       6641.292       6390.461    0.000  -0.138   0.380   0.
  2017 352  8 20 38 502 352.347667850       0.30      0.26     -1.22  0.       -2689.065       6641.622       6389.553    0.000  -0.139   0.381   0.
  2017 352  8 20 39 502 352.347679424      -1.11      1.28     -2.88  0.       -2690.276       6641.952       6388.645    0.000  -0.139   0.381   0.
  2017 352  8 20 40 502 352.347690998      -1.24     -0.22     -0.38  0.       -2691.487       6642.282       6387.737    0.000  -0.139   0.381   0.
  2017 352  8 20 41 502 352.347702572       0.99      0.43      0.06  0.       -2692.698       6642.611       6386.829    0.000  -0.139   0.381   0.
  2017 352  8 20 42 502 352.347714146       0.94      0.89     -0.94  0.       -2693.908       6642.940       6385.920    0.000  -0.138   0.380   0.
  2017 352  8 20 43 502 352.347725720      -0.18      1.15     -1.05  0.       -2695.119       6643.269       6385.011    0.000  -0.138   0.380   0.
  2017 352  8 20 44 502 352.347737295      -1.64      0.59     -1.04  0.       -2696.329       6643.597       6384.101    0.000  -0.138   0.380   0.
  2017 352  8 20 45 502 352.347748869      -1.17      1.11      1.16  0.       -2697.539       6643.925       6383.192    0.000  -0.138   0.380   0.
  2017 352  8 20 46 502 352.347760443      -1.36      1.74     -0.12  0.       -2698.749       6644.253       6382.282    0.000  -0.139   0.381   0.
  2017 352  8 20 47 502 352.347772017      -2.20      1.02     -0.62  0.       -2699.959       6644.580       6381.371    0.000  -0.139   0.381   0.
  2017 352  8 20 48 502 352.347783591      -1.90      0.66     -0.46  0.       -2701.169       6644.907       6380.461    0.000  -0.139   0.381   0.
  2017 352  8 20 49 502 352.347795165      -1.21      1.42     -0.51  0.       -2702.379       6645.234       6379.550    0.000  -0.139   0.381   0.
  2017 352  8 20 50 502 352.347806739      -1.22      0.65     -0.84  0.       -2703.589       6645.560       6378.638    0.000  -0.139   0.381   0.
  2017 352  8 20 51 502 352.347818313      -1.12      0.95     -0.92  0.       -2704.798       6645.886       6377.727    0.000  -0.139   0.381   0.
  2017 352  8 20 52 502 352.347829887      -0.62      0.54     -0.22  0.       -2706.007       6646.212       6376.815    0.000  -0.138   0.380   0.
  2017 352  8 20 53 502 352.347841461      -0.48      1.00     -0.86  0.       -2707.216       6646.537       6375.903    0.000  -0.138   0.380   0.
  2017 352  8 20 54 502 352.347853032      -1.37      0.43     -0.71  0.       -2708.425       6646.862       6374.990    0.000  -0.139   0.381   0.
  2017 352  8 20 55 502 352.347864606      -0.79      0.35     -0.56  0.       -2709.634       6647.187       6374.077    0.000  -0.139   0.381   0.
  2017 352  8 20 56 501 352.347876181       0.06      0.59     -0.25  0.       -2710.843       6647.512       6373.164    0.000  -0.139   0.381   0.
  2017 352  8 20 57 501 352.347887755      -0.62      0.11     -0.87  0.       -2712.052       6647.836       6372.251    0.000  -0.139   0.381   0.
  2017 352  8 20 58 502 352.347899329      -0.58      0.55     -0.32  0.       -2713.260       6648.160       6371.337    0.000  -0.138   0.380   0.
  2017 352  8 20 59 502 352.347910903      -0.29      0.31     -0.59  0.       -2714.469       6648.483       6370.423    0.000  -0.138   0.380   0.
  2017 352  8 21  0 502 352.347922477      -0.66      0.10     -0.71  0.       -2715.677       6648.806       6369.509    0.000  -0.139   0.381   0.
  2017 352  8 21  1 502 352.347934051      -0.24      0.02     -0.66  0.       -2716.885       6649.129       6368.594    0.000  -0.139   0.381   0.
  2017 352  8 21  2 501 352.347945625      -0.07      0.05      0.62  0.       -2718.093       6649.452       6367.679    0.000  -0.138   0.380   0.
  2017 352  8 21  3 501 352.347957199      -0.53      0.45     -0.75  0.       -2719.301       6649.774       6366.764    0.000  -0.138   0.380   0.
  2017 352  8 21  4 501 352.347968773      -0.07      0.49      0.39  0.       -2720.509       6650.096       6365.848    0.000  -0.139   0.381   0.
  2017 352  8 21  5 501 352.347980347      -0.49      1.04     -1.27  0.       -2721.716       6650.417       6364.932    0.000  -0.139   0.381   0.
  2017 352  8 21  6 501 352.347991921      -0.36      0.29     -0.85  0.       -2722.924       6650.739       6364.016    0.000  -0.138   0.380   0.
  2017 352  8 21  7 502 352.348003495      -0.50      0.61     -1.13  0.       -2724.131       6651.060       6363.099    0.000  -0.138   0.380   0.
  2017 352  8 21  8 502 352.348015069       0.08      0.71     -1.03  0.       -2725.338       6651.380       6362.183    0.000  -0.139   0.381   0.
  2017 352  8 21  9 501 352.348026644      -0.60      0.84     -1.77  0.       -2726.545       6651.700       6361.266    0.000  -0.139   0.381   0.
  2017 352  8 21 10 501 352.348038218       0.14      0.64     -0.89  0.       -2727.752       6652.020       6360.348    0.000  -0.138   0.380   0.
  2017 352  8 21 11 502 352.348049792      -0.67      0.48     -0.81  0.       -2728.959       6652.340       6359.430    0.000  -0.138   0.380   0.
  2017 352  8 21 12 502 352.348061366      -1.76     -0.34     -0.67  0.       -2730.166       6652.659       6358.512    0.000  -0.138   0.380   0.
  2017 352  8 21 13 502 352.348072940      -0.66      1.61      0.09  0.       -2731.372       6652.978       6357.594    0.000  -0.138   0.380   0.
  2017 352  8 21 14 502 352.348084514      -0.89     -0.64      0.19  0.       -2732.579       6653.297       6356.675    0.000  -0.139   0.381   0.
  2017 352  8 21 15 502 352.348096088      -0.99      1.16      3.00  0.       -2733.785       6653.615       6355.756    0.000  -0.139   0.381   0.
  2017 352  8 21 16 501 352.348107662      -0.47      1.37     -0.53  0.       -2734.991       6653.933       6354.837    0.000  -0.139   0.381   0.
  2017 352  8 21 17 501 352.348119236      -0.12      0.72     -0.55  0.       -2736.197       6654.251       6353.917    0.000  -0.139   0.381   0.
  2017 352  8 21 18 501 352.348130810      -0.37      0.70     -0.95  0.       -2737.403       6654.568       6352.997    0.000  -0.138   0.380   0.
  2017 352  8 21 19 501 352.348142384      -2.60     -2.01     -1.61  0.       -2738.609       6654.885       6352.077    0.000  -0.138   0.380   0.
  2017 352  8 21 20 501 352.348153958      -1.86     -1.71      0.11  0.       -2739.814       6655.202       6351.157    0.000  -0.139   0.381   0.
  2017 352  8 21 21 502 352.348165532      -0.72      0.53     -0.57  0.       -2741.020       6655.519       6350.236    0.000  -0.139   0.381   0.
  2017 352  8 21 22 502 352.348177104      -1.61     -2.38     -1.06  0.       -2742.225       6655.835       6349.315    0.000  -0.138   0.380   0.
  2017 352  8 21 23 501 352.348188678      -0.52     -0.33      1.17  0.       -2743.430       6656.150       6348.393    0.000  -0.138   0.380   0.
  2017 352  8 21 24 501 352.348200252      -0.88      0.47     -1.01  0.       -2744.635       6656.466       6347.472    0.000  -0.138   0.380   0.
  2017 352  8 21 25 501 352.348211826      -0.41      0.39     -0.80  0.       -2745.840       6656.781       6346.550    0.000  -0.138   0.380   0.
  2017 352  8 21 26 501 352.348223400      -0.48      0.93     -1.25  0.       -2747.045       6657.096       6345.627    0.000  -0.138   0.380   0.
  2017 352  8 21 27 501 352.348234974      -1.40      0.16     -0.79  0.       -2748.250       6657.410       6344.704    0.000  -0.138   0.380   0.
  2017 352  8 21 28 501 352.348246548      -0.37      1.16     -0.81  0.       -2749.454       6657.725       6343.781    0.000  -0.138   0.380   0.
  2017 352  8 21 29 501 352.348258122      -1.92      1.25      0.08  0.       -2750.659       6658.038       6342.858    0.000  -0.138   0.380   0.
  2017 352  8 21 30 501 352.348269696      -0.65     -0.16     -0.51  0.       -2751.863       6658.352       6341.935    0.000  -0.138   0.380   0.
  2017 352  8 21 31 501 352.348281270       1.25      1.26     -1.06  0.       -2753.067       6658.665       6341.011    0.000  -0.138   0.380   0.
  2017 352  8 21 32 501 352.348292844      -0.23      0.03     -0.81  0.       -2754.271       6658.978       6340.086    0.000  -0.138   0.380   0.
  2017 352  8 21 33 501 352.348304418      -0.80      0.75     -1.34  0.       -2755.475       6659.290       6339.162    0.000  -0.138   0.380   0.
  2017 352  8 21 34 501 352.348315992      -0.84      0.55     -1.53  0.       -2756.679       6659.603       6338.237    0.000  -0.139   0.381   0.
  2017 352  8 21 35 501 352.348327567       1.82      1.64     -0.69  0.       -2757.883       6659.915       6337.312    0.000  -0.139   0.381   0.
  2017 352  8 21 36 501 352.348339141       0.53      1.40     -1.43  0.       -2759.086       6660.226       6336.387    0.000  -0.138   0.380   0.
  2017 352  8 21 37 501 352.348350715      -0.59     -0.20     -2.38  0.       -2760.289       6660.537       6335.461    0.000  -0.138   0.380   0.
  2017 352  8 21 38 501 352.348362289      -2.64      0.18     -1.01  0.       -2761.493       6660.848       6334.535    0.000  -0.138   0.380   0.
  2017 352  8 21 39 501 352.348373863      -1.86      1.26      2.99  0.       -2762.696       6661.159       6333.608    0.000  -0.138   0.380   0.
  2017 352  8 21 40 501 352.348385437      -0.96      2.00     -0.61  0.       -2763.899       6661.469       6332.682    0.000  -0.139   0.381   0.
  2017 352  8 21 41 501 352.348397011      -2.42      0.48     -1.48  0.       -2765.101       6661.779       6331.755    0.000  -0.139   0.381   0.
  2017 352  8 21 42 501 352.348408585      -0.92      0.01     -1.48  0.       -2766.304       6662.089       6330.827    0.000  -0.138   0.380   0.
  2017 352  8 21 43 501 352.348420159       0.27      2.48      0.03  0.       -2767.507       6662.398       6329.900    0.000  -0.138   0.380   0.
  2017 352  8 21 44 501 352.348431733      -2.12     -1.06     -2.48  0.       -2768.709       6662.707       6328.971    0.000  -0.138   0.380   0.
  2017 352  8 21 45 501 352.348443307      -2.42     -1.33     -0.05  0.       -2769.911       6663.016       6328.043    0.000  -0.138   0.380   0.
  2017 352  8 21 46 501 352.348454881      -0.63      0.87      0.37  0.       -2771.113       6663.324       6327.115    0.000  -0.139   0.381   0.
  2017 352  8 21 47 501 352.348466455      -0.39      2.05     -0.35  0.       -2772.315       6663.632       6326.186    0.000  -0.139   0.381   0.
  2017 352  8 21 48 501 352.348478029      -1.11      1.06     -1.46  0.       -2773.517       6663.940       6325.257    0.000  -0.139   0.381   0.
  2017 352  8 21 49 501 352.348489604      -0.74      1.07      0.65  0.       -2774.719       6664.247       6324.328    0.000  -0.139   0.381   0.
  2017 352  8 21 50 501 352.348501178      -2.13      2.50     -0.06  0.       -2775.921       6664.554       6323.398    0.000  -0.139   0.381   0.
  2017 352  8 21 51 501 352.348512752      -3.34      1.83     -0.58  0.       -2777.122       6664.861       6322.468    0.000  -0.139   0.381   0.
  2017 352  8 21 52 501 352.348524323      -0.67      2.68      0.23  0.       -2778.323       6665.168       6321.538    0.000  -0.138   0.380   0.
  2017 352  8 21 53 501 352.348535897      -0.24      4.19      0.09  0.       -2779.525       6665.474       6320.607    0.000  -0.138   0.380   0.
  2017 352  8 21 54 501 352.348547471      -2.65      2.60     -2.86  0.       -2780.726       6665.779       6319.676    0.000  -0.138   0.380   0.
  2017 352  8 21 55 501 352.348559045      -0.76     -0.54     -1.08  0.       -2781.927       6666.085       6318.745    0.000  -0.138   0.380   0.
  2017 352  8 21 56 501 352.348570619      -0.03      1.31      0.99  0.       -2783.127       6666.390       6317.813    0.000  -0.139   0.381   0.
  2017 352  8 21 57 501 352.348582193      -0.46     -0.08     -0.73  0.       -2784.328       6666.695       6316.881    0.000  -0.139   0.381   0.
  2017 352  8 21 58 501 352.348593767       1.32     -0.30      1.28  0.       -2785.529       6666.999       6315.949    0.000  -0.139   0.381   0.
  2017 352  8 21 59 501 352.348605341       1.66      2.65      0.64  0.       -2786.729       6667.303       6315.017    0.000  -0.139   0.381   0.
  2017 352  8 22  0 501 352.348616916      -0.91      2.44     -1.59  0.       -2787.929       6667.607       6314.084    0.000  -0.139   0.381   0.
  2017 352  8 22  1 501 352.348628490      -2.54      1.12     -2.27  0.       -2789.130       6667.911       6313.151    0.000  -0.139   0.381   0.
  2017 352  8 22  2 501 352.348640064      -3.38      1.57     -0.60  0.       -2790.329       6668.214       6312.217    0.000  -0.139   0.381   0.
  2017 352  8 22  3 501 352.348651638      -3.10      2.40      0.07  0.       -2791.529       6668.517       6311.284    0.000  -0.139   0.381   0.
  2017 352  8 22  4 501 352.348663212      -2.08      2.45     -1.51  0.       -2792.729       6668.819       6310.350    0.000  -0.139   0.381   0.
  2017 352  8 22  5 501 352.348674786      -1.97      2.94     -1.72  0.       -2793.929       6669.122       6309.415    0.000  -0.139   0.381   0.
  2017 352  8 22  6 501 352.348686360      -2.66      2.45     -1.73  0.       -2795.128       6669.424       6308.481    0.000  -0.139   0.381   0.
  2017 352  8 22  7 501 352.348697934      -2.98      2.43     -1.75  0.       -2796.327       6669.725       6307.546    0.000  -0.139   0.381   0.
  2017 352  8 22  8 501 352.348709508      -2.97      2.54     -1.54  0.       -2797.526       6670.026       6306.611    0.000  -0.138   0.380   0.
  2017 352  8 22  9 501 352.348721082      -2.87      1.84     -1.20  0.       -2798.726       6670.327       6305.675    0.000  -0.138   0.380   0.
  2017 352  8 22 10 501 352.348732656      -2.24      2.42     -1.45  0.       -2799.924       6670.628       6304.739    0.000  -0.138   0.380   0.
  2017 352  8 22 11 501 352.348744230      -2.30      2.41     -1.10  0.       -2801.123       6670.928       6303.803    0.000  -0.138   0.380   0.
  2017 352  8 22 12 501 352.348755804      -2.31      1.86     -0.82  0.       -2802.322       6671.228       6302.866    0.000  -0.139   0.381   0.
  2017 352  8 22 13 501 352.348767379      -2.48      1.78     -0.76  0.       -2803.520       6671.528       6301.930    0.000  -0.139   0.381   0.
  2017 352  8 22 14 501 352.348778953      -1.64      1.57     -0.54  0.       -2804.719       6671.827       6300.993    0.000  -0.138   0.380   0.
  2017 352  8 22 15 501 352.348790527      -1.11      0.94     -0.64  0.       -2805.917       6672.126       6300.055    0.000  -0.138   0.380   0.
  2017 352  8 22 16 501 352.348802101      -1.12      1.02     -0.52  0.       -2807.115       6672.425       6299.118    0.000  -0.138   0.380   0.
  2017 352  8 22 17 501 352.348813675      -1.04      0.98     -0.54  0.       -2808.313       6672.723       6298.180    0.000  -0.138   0.380   0.
  2017 352  8 22 18 501 352.348825249      -0.87      0.96     -0.45  0.       -2809.511       6673.021       6297.241    0.000  -0.139   0.381   0.
  2017 352  8 22 19 501 352.348836823      -0.97      0.90     -0.55  0.       -2810.708       6673.319       6296.303    0.000  -0.139   0.381   0.
  2017 352  8 22 20 501 352.348848397      -1.09      0.87     -0.69  0.       -2811.906       6673.616       6295.364    0.000  -0.138   0.380   0.
  2017 352  8 22 21 501 352.348859971      -1.19      0.93     -0.82  0.       -2813.103       6673.913       6294.425    0.000  -0.138   0.380   0.
  2017 352  8 22 22 501 352.348871542      -1.40      0.88     -0.88  0.       -2814.301       6674.210       6293.485    0.000  -0.139   0.381   0.
  2017 352  8 22 23 501 352.348883116      -1.37      0.89     -0.93  0.       -2815.498       6674.506       6292.545    0.000  -0.139   0.381   0.
  2017 352  8 22 24 501 352.348894690      -1.22      0.95     -0.82  0.       -2816.695       6674.803       6291.605    0.000  -0.138   0.380   0.
  2017 352  8 22 25 501 352.348906264      -1.55      1.35     -0.56  0.       -2817.892       6675.098       6290.665    0.000  -0.138   0.380   0.
  2017 352  8 22 26 501 352.348917839      -1.77      0.90     -0.69  0.       -2819.088       6675.394       6289.724    0.000  -0.138   0.380   0.
  2017 352  8 22 27 501 352.348929413      -1.19      0.76     -0.81  0.       -2820.285       6675.689       6288.783    0.000  -0.138   0.380   0.
  2017 352  8 22 28 501 352.348940987      -1.45      0.91     -0.47  0.       -2821.481       6675.984       6287.841    0.000  -0.139   0.381   0.
  2017 352  8 22 29 501 352.348952561      -1.16      0.77     -0.73  0.       -2822.678       6676.278       6286.900    0.000  -0.139   0.381   0.
  2017 352  8 22 30 501 352.348964135      -1.15      0.86     -0.49  0.       -2823.874       6676.572       6285.958    0.000  -0.139   0.381   0.
  2017 352  8 22 31 501 352.348975709      -0.93      0.76     -0.67  0.       -2825.070       6676.866       6285.016    0.000  -0.139   0.381   0.
  2017 352  8 22 32 501 352.348987283      -0.89      0.63     -0.64  0.       -2826.266       6677.160       6284.073    0.000  -0.138   0.380   0.
  2017 352  8 22 33 501 352.348998857      -0.85      0.66     -0.67  0.       -2827.462       6677.453       6283.130    0.000  -0.138   0.380   0.
  2017 352  8 22 34 501 352.349010431      -0.72      0.57     -0.88  0.       -2828.657       6677.746       6282.187    0.000  -0.138   0.380   0.
  2017 352  8 22 35 501 352.349022005      -0.76      0.57     -0.90  0.       -2829.853       6678.038       6281.243    0.000  -0.138   0.380   0.
  2017 352  8 22 36 501 352.349033579      -0.78      0.49     -0.95  0.       -2831.048       6678.330       6280.300    0.000  -0.138   0.380   0.
  2017 352  8 22 37 501 352.349045153      -0.75      0.60     -1.00  0.       -2832.243       6678.622       6279.355    0.000  -0.138   0.380   0.
  2017 352  8 22 38 501 352.349056727      -0.91      0.62     -0.96  0.       -2833.438       6678.914       6278.411    0.000  -0.138   0.380   0.
  2017 352  8 22 39 501 352.349068302      -1.04      0.64     -0.93  0.       -2834.633       6679.205       6277.466    0.000  -0.138   0.380   0.
  2017 352  8 22 40 501 352.349079876      -1.07      0.66     -0.90  0.       -2835.828       6679.496       6276.521    0.000  -0.138   0.380   0.
  2017 352  8 22 41 501 352.349091450      -1.17      0.62     -1.04  0.       -2837.023       6679.787       6275.576    0.000  -0.138   0.380   0.
  2017 352  8 22 42 501 352.349103024      -1.28      0.67     -0.94  0.       -2838.217       6680.077       6274.631    0.000  -0.138   0.380   0.
  2017 352  8 22 43 501 352.349114598      -1.35      0.74     -1.12  0.       -2839.412       6680.367       6273.685    0.000  -0.138   0.380   0.
  2017 352  8 22 44 501 352.349126172      -1.55      0.58     -1.46  0.       -2840.606       6680.656       6272.738    0.000  -0.139   0.381   0.
  2017 352  8 22 45 501 352.349137746      -1.67      1.24     -0.65  0.       -2841.800       6680.946       6271.792    0.000  -0.139   0.381   0.
  2017 352  8 22 46 501 352.349149320      -1.93      0.61     -1.04  0.       -2842.994       6681.234       6270.845    0.000  -0.138   0.380   0.
  2017 352  8 22 47 501 352.349160894      -1.91      0.95     -0.33  0.       -2844.188       6681.523       6269.898    0.000  -0.138   0.380   0.
  2017 352  8 22 48 501 352.349172468      -1.71      0.99      0.28  0.       -2845.382       6681.811       6268.950    0.000  -0.138   0.380   0.
  2017 352  8 22 49 501 352.349184042      -1.76      1.07     -0.49  0.       -2846.575       6682.100       6268.003    0.000  -0.138   0.380   0.
  2017 352  8 22 50 501 352.349195613      -0.82      0.70     -0.38  0.       -2847.769       6682.387       6267.055    0.000  -0.139   0.381   0.
  2017 352  8 22 51 500 352.349207188      -0.70      1.27     -1.02  0.       -2848.962       6682.675       6266.106    0.000  -0.139   0.381   0.
  2017 352  8 22 52 500 352.349218762      -0.50      1.22     -1.60  0.       -2850.155       6682.962       6265.158    0.000  -0.138   0.380   0.
  2017 352  8 22 53 500 352.349230336      -2.14      0.65     -1.13  0.       -2851.348       6683.248       6264.209    0.000  -0.138   0.380   0.
  2017 352  8 22 54 501 352.349241910      -1.98      1.29      0.62  0.       -2852.541       6683.535       6263.260    0.000  -0.138   0.380   0.
  2017 352  8 22 55 501 352.349253484      -1.70      1.50     -0.42  0.       -2853.734       6683.821       6262.310    0.000  -0.138   0.380   0.
  2017 352  8 22 56 501 352.349265058      -2.13      0.94     -0.65  0.       -2854.926       6684.106       6261.360    0.000  -0.139   0.381   0.
  2017 352  8 22 57 501 352.349276632      -1.91      1.45      0.18  0.       -2856.119       6684.392       6260.410    0.000  -0.139   0.381   0.
  2017 352  8 22 58 500 352.349288206      -1.70      1.64     -0.19  0.       -2857.311       6684.677       6259.459    0.000  -0.139   0.381   0.
  2017 352  8 22 59 500 352.349299780      -1.53      1.20     -0.24  0.       -2858.503       6684.962       6258.509    0.000  -0.139   0.381   0.
  2017 352  8 23  0 500 352.349311354      -1.40      1.33     -0.17  0.       -2859.695       6685.246       6257.557    0.000  -0.138   0.380   0.
  2017 352  8 23  1 500 352.349322928      -1.61      1.36     -0.33  0.       -2860.887       6685.530       6256.606    0.000  -0.138   0.380   0.
  2017 352  8 23  2 500 352.349334502      -1.54      1.36     -0.45  0.       -2862.079       6685.814       6255.654    0.000  -0.139   0.381   0.
  2017 352  8 23  3 501 352.349346076      -1.40      1.25     -0.57  0.       -2863.271       6686.098       6254.702    0.000  -0.139   0.381   0.
  2017 352  8 23  4 501 352.349357650      -1.39      1.24     -0.63  0.       -2864.462       6686.381       6253.750    0.000  -0.139   0.381   0.
  2017 352  8 23  5 500 352.349369225      -1.36      1.17     -0.59  0.       -2865.654       6686.663       6252.797    0.000  -0.139   0.381   0.
  2017 352  8 23  6 500 352.349380799      -1.31      1.12     -0.56  0.       -2866.845       6686.946       6251.845    0.000  -0.139   0.381   0.
  2017 352  8 23  7 501 352.349392373      -1.22      1.10     -0.86  0.       -2868.036       6687.228       6250.891    0.000  -0.139   0.381   0.
  2017 352  8 23  8 501 352.349403947      -1.38      1.23     -0.90  0.       -2869.227       6687.510       6249.938    0.000  -0.138   0.380   0.
  2017 352  8 23  9 501 352.349415521      -1.47      1.12     -0.82  0.       -2870.418       6687.792       6248.984    0.000  -0.138   0.380   0.
  2017 352  8 23 10 501 352.349427095      -1.40      1.03     -0.59  0.       -2871.608       6688.073       6248.030    0.000  -0.139   0.381   0.
  2017 352  8 23 11 501 352.349438669      -1.14      1.04     -0.45  0.       -2872.799       6688.354       6247.075    0.000  -0.139   0.381   0.
  2017 352  8 23 12 500 352.349450243      -0.96      1.09     -0.48  0.       -2873.989       6688.634       6246.121    0.000  -0.138   0.380   0.
  2017 352  8 23 13 500 352.349461817      -0.75      1.07     -0.55  0.       -2875.179       6688.914       6245.166    0.000  -0.138   0.380   0.
  2017 352  8 23 14 500 352.349473391      -0.65      1.10     -0.60  0.       -2876.369       6689.194       6244.210    0.000  -0.139   0.381   0.
  2017 352  8 23 15 500 352.349484965      -0.62      1.13     -0.63  0.       -2877.559       6689.474       6243.255    0.000  -0.139   0.381   0.
  2017 352  8 23 16 500 352.349496539      -0.73      1.08     -0.62  0.       -2878.749       6689.753       6242.299    0.000  -0.139   0.381   0.
  2017 352  8 23 17 501 352.349508113      -0.88      1.10     -0.63  0.       -2879.939       6690.032       6241.342    0.000  -0.139   0.381   0.
  2017 352  8 23 18 500 352.349519687      -0.88      1.18     -0.64  0.       -2881.128       6690.311       6240.386    0.000  -0.138   0.380   0.
  2017 352  8 23 19 500 352.349531262      -0.83      1.05     -0.45  0.       -2882.318       6690.589       6239.429    0.000  -0.138   0.380   0.
  2017 352  8 23 20 500 352.349542833      -0.82      1.06     -0.29  0.       -2883.507       6690.867       6238.472    0.000  -0.138   0.380   0.
  2017 352  8 23 21 500 352.349554407      -0.84      1.15     -0.25  0.       -2884.696       6691.144       6237.514    0.000  -0.138   0.380   0.
  2017 352  8 23 22 500 352.349565981      -0.70      1.13     -0.36  0.       -2885.885       6691.422       6236.557    0.000  -0.139   0.381   0.
  2017 352  8 23 23 500 352.349577555      -0.73      1.05     -0.54  0.       -2887.074       6691.699       6235.599    0.000  -0.139   0.381   0.
  2017 352  8 23 24 500 352.349589129      -0.69      1.02     -0.56  0.       -2888.263       6691.975       6234.640    0.000  -0.139   0.381   0.
  2017 352  8 23 25 500 352.349600703      -0.72      0.93     -0.54  0.       -2889.451       6692.252       6233.682    0.000  -0.139   0.381   0.
  2017 352  8 23 26 500 352.349612277      -0.63      0.90     -0.53  0.       -2890.640       6692.528       6232.723    0.000  -0.138   0.380   0.
  2017 352  8 23 27 500 352.349623851      -0.47      0.89     -0.61  0.       -2891.828       6692.803       6231.763    0.000  -0.138   0.380   0.
  2017 352  8 23 28 500 352.349635425      -0.31      0.85     -0.67  0.       -2893.016       6693.079       6230.804    0.000  -0.139   0.381   0.
  2017 352  8 23 29 500 352.349646999      -0.19      0.91     -0.75  0.       -2894.204       6693.354       6229.844    0.000  -0.139   0.381   0.
  2017 352  8 23 30 500 352.349658573      -0.23      1.00     -0.57  0.       -2895.392       6693.628       6228.884    0.000  -0.139   0.381   0.
  2017 352  8 23 31 500 352.349670148      -0.27      0.93     -0.21  0.       -2896.580       6693.903       6227.923    0.000  -0.139   0.381   0.
  2017 352  8 23 32 500 352.349681722      -0.11      1.03      0.02  0.       -2897.767       6694.177       6226.962    0.000  -0.138   0.380   0.
  2017 352  8 23 33 500 352.349693296       0.02      1.06     -0.07  0.       -2898.955       6694.451       6226.001    0.000  -0.138   0.380   0.
  2017 352  8 23 34 500 352.349704870      -0.25      0.91     -0.31  0.       -2900.142       6694.724       6225.040    0.000  -0.139   0.381   0.
  2017 352  8 23 35 500 352.349716444      -0.29      0.93     -0.66  0.       -2901.329       6694.997       6224.078    0.000  -0.139   0.381   0.
  2017 352  8 23 36 500 352.349728018       0.01      0.99     -0.89  0.       -2902.516       6695.270       6223.116    0.000  -0.139   0.381   0.
  2017 352  8 23 37 500 352.349739592       0.05      0.98     -1.04  0.       -2903.703       6695.542       6222.154    0.000  -0.139   0.381   0.
  2017 352  8 23 38 500 352.349751166       0.14      0.98     -1.01  0.       -2904.890       6695.815       6221.191    0.000  -0.138   0.380   0.
  2017 352  8 23 39 500 352.349762740       0.12      0.81     -1.12  0.       -2906.076       6696.086       6220.229    0.000  -0.138   0.380   0.
  2017 352  8 23 40 500 352.349774314       0.08      0.97     -1.17  0.       -2907.263       6696.358       6219.265    0.000  -0.139   0.381   0.
  2017 352  8 23 41 500 352.349785888      -0.10      1.22     -1.18  0.       -2908.449       6696.629       6218.302    0.000  -0.139   0.381   0.
  2017 352  8 23 42 500 352.349797462      -0.65      1.29     -0.96  0.       -2909.635       6696.899       6217.338    0.000  -0.138   0.380   0.
  2017 352  8 23 43 500 352.349809036      -1.27      0.93     -0.66  0.       -2910.821       6697.170       6216.374    0.000  -0.138   0.380   0.
  2017 352  8 23 44 500 352.349820611      -1.54      0.84     -0.32  0.       -2912.007       6697.440       6215.409    0.000  -0.139   0.381   0.
  2017 352  8 23 45 500 352.349832185      -1.23      0.82     -0.04  0.       -2913.193       6697.710       6214.445    0.000  -0.139   0.381   0.
  2017 352  8 23 46 500 352.349843759      -0.97      0.90     -0.23  0.       -2914.379       6697.979       6213.480    0.000  -0.139   0.381   0.
  2017 352  8 23 47 500 352.349855333      -0.98      1.04     -0.33  0.       -2915.564       6698.249       6212.514    0.000  -0.139   0.381   0.
  2017 352  8 23 48 500 352.349866907      -0.85      0.86     -0.39  0.       -2916.749       6698.517       6211.549    0.000  -0.139   0.381   0.
  2017 352  8 23 49 500 352.349878481      -0.58      0.86     -0.56  0.       -2917.934       6698.786       6210.583    0.000  -0.139   0.381   0.
  2017 352  8 23 50 500 352.349890052      -0.45      0.75     -0.56  0.       -2919.120       6699.054       6209.617    0.000  -0.139   0.381   0.
  2017 352  8 23 51 500 352.349901626      -0.31      0.88     -0.60  0.       -2920.304       6699.322       6208.650    0.000  -0.139   0.381   0.
  2017 352  8 23 52 500 352.349913200      -0.42      0.84     -0.74  0.       -2921.489       6699.590       6207.683    0.000  -0.139   0.381   0.
  2017 352  8 23 53 500 352.349924774      -0.49      0.87     -0.89  0.       -2922.674       6699.857       6206.716    0.000  -0.139   0.381   0.
  2017 352  8 23 54 500 352.349936348      -0.50      0.92     -1.16  0.       -2923.858       6700.124       6205.749    0.000  -0.139   0.381   0.
  2017 352  8 23 55 500 352.349947922      -0.62      0.95     -1.06  0.       -2925.042       6700.390       6204.781    0.000  -0.139   0.381   0.
  2017 352  8 23 56 500 352.349959496      -0.57      1.20     -1.26  0.       -2926.227       6700.657       6203.813    0.000  -0.139   0.381   0.
  2017 352  8 23 57 500 352.349971071      -0.56      1.20     -1.19  0.       -2927.411       6700.923       6202.845    0.000  -0.139   0.381   0.
  2017 352  8 23 58 500 352.349982645      -0.87      1.29     -1.06  0.       -2928.594       6701.188       6201.876    0.000  -0.139   0.381   0.
  2017 352  8 23 59 500 352.349994219      -1.49      1.17     -0.74  0.       -2929.778       6701.453       6200.907    0.000  -0.139   0.381   0.
  2017 352  8 24  0 500 352.350005793      -1.55      1.23     -1.18  0.       -2930.962       6701.718       6199.938    0.000  -0.139   0.381   0.
  2017 352  8 24  1 500 352.350017367      -1.50      1.35     -1.12  0.       -2932.145       6701.983       6198.968    0.000  -0.139   0.381   0.
  2017 352  8 24  2 500 352.350028941      -1.34      1.53     -1.01  0.       -2933.329       6702.247       6197.998    0.000  -0.139   0.381   0.
  2017 352  8 24  3 500 352.350040515      -1.38      1.42     -1.19  0.       -2934.512       6702.511       6197.028    0.000  -0.139   0.381   0.
  2017 352  8 24  4 500 352.350052089      -1.31      1.22     -0.80  0.       -2935.695       6702.775       6196.058    0.000  -0.139   0.381   0.
  2017 352  8 24  5 500 352.350063663      -1.39      1.12     -0.83  0.       -2936.878       6703.038       6195.087    0.000  -0.139   0.381   0.
  2017 352  8 24  6 500 352.350075237      -1.56      1.09     -1.16  0.       -2938.061       6703.301       6194.116    0.000  -0.139   0.381   0.
  2017 352  8 24  7 500 352.350086811      -1.73      1.53     -1.07  0.       -2939.243       6703.564       6193.145    0.000  -0.139   0.381   0.
  2017 352  8 24  8 500 352.350098385      -0.93      1.58     -0.88  0.       -2940.426       6703.826       6192.173    0.000  -0.139   0.381   0.
  2017 352  8 24  9 500 352.350109960      -0.86      1.38     -0.73  0.       -2941.608       6704.088       6191.201    0.000  -0.139   0.381   0.
  2017 352  8 24 10 500 352.350121534      -0.94      1.24     -0.72  0.       -2942.790       6704.350       6190.229    0.000  -0.139   0.381   0.
  2017 352  8 24 11 500 352.350133108      -0.70      1.06     -0.72  0.       -2943.972       6704.611       6189.256    0.000  -0.139   0.381   0.
  2017 352  8 24 12 500 352.350144682      -1.18      1.01     -0.93  0.       -2945.154       6704.872       6188.284    0.000  -0.139   0.381   0.
  2017 352  8 24 13 500 352.350156256      -0.94      1.29     -0.64  0.       -2946.336       6705.133       6187.310    0.000  -0.139   0.381   0.
  2017 352  8 24 14 500 352.350167830      -1.13      1.18     -0.46  0.       -2947.518       6705.394       6186.337    0.000  -0.139   0.381   0.
  2017 352  8 24 15 500 352.350179404      -0.98      1.25     -0.62  0.       -2948.699       6705.654       6185.363    0.000  -0.139   0.381   0.
  2017 352  8 24 16 500 352.350190978      -1.38      0.95     -1.01  0.       -2949.880       6705.913       6184.389    0.000  -0.139   0.381   0.
  2017 352  8 24 17 500 352.350202552      -1.05      1.70     -0.40  0.       -2951.062       6706.173       6183.415    0.000  -0.139   0.381   0.
  2017 352  8 24 18 500 352.350214126      -0.89      1.33     -0.72  0.       -2952.243       6706.432       6182.440    0.000  -0.138   0.380   0.
  2017 352  8 24 19 500 352.350225700      -0.86      1.30     -0.86  0.       -2953.424       6706.691       6181.465    0.000  -0.138   0.380   0.
  2017 352  8 24 20 500 352.350237271      -1.26      1.11     -0.59  0.       -2954.604       6706.949       6180.490    0.000  -0.139   0.381   0.
  2017 352  8 24 21 500 352.350248845      -0.73      1.06     -0.26  0.       -2955.785       6707.207       6179.514    0.000  -0.139   0.381   0.
  2017 352  8 24 22 500 352.350260420      -1.36      1.16     -0.88  0.       -2956.965       6707.465       6178.539    0.000  -0.139   0.381   0.
  2017 352  8 24 23 500 352.350271994      -1.07      1.60     -0.90  0.       -2958.146       6707.722       6177.562    0.000  -0.139   0.381   0.
  2017 352  8 24 24 500 352.350283568      -1.83      1.29     -1.27  0.       -2959.326       6707.980       6176.586    0.000  -0.138   0.380   0.
  2017 352  8 24 25 500 352.350295142      -2.23      1.77     -0.21  0.       -2960.506       6708.236       6175.609    0.000  -0.138   0.380   0.
  2017 352  8 24 26 500 352.350306716      -1.42      1.67     -0.40  0.       -2961.686       6708.493       6174.632    0.000  -0.139   0.381   0.
  2017 352  8 24 27 500 352.350318290      -1.58      1.29     -0.67  0.       -2962.866       6708.749       6173.655    0.000  -0.139   0.381   0.
  2017 352  8 24 28 500 352.350329864      -1.84      1.55     -0.62  0.       -2964.045       6709.005       6172.677    0.000  -0.138   0.380   0.
  2017 352  8 24 29 500 352.350341438      -1.51      1.06     -0.44  0.       -2965.225       6709.260       6171.699    0.000  -0.138   0.380   0.
  2017 352  8 24 30 500 352.350353012      -1.83      1.04     -0.53  0.       -2966.404       6709.516       6170.721    0.000  -0.139   0.381   0.
  2017 352  8 24 31 500 352.350364586      -1.68      0.97     -0.23  0.       -2967.583       6709.770       6169.742    0.000  -0.139   0.381   0.
  2017 352  8 24 32 500 352.350376160      -1.37      1.06     -0.15  0.       -2968.762       6710.025       6168.763    0.000  -0.138   0.380   0.
  2017 352  8 24 33 500 352.350387734      -0.96      0.99     -0.39  0.       -2969.941       6710.279       6167.784    0.000  -0.138   0.380   0.
  2017 352  8 24 34 500 352.350399308      -0.45      1.02     -0.59  0.       -2971.120       6710.533       6166.805    0.000  -0.138   0.380   0.
  2017 352  8 24 35 500 352.350410883      -0.36      1.06     -0.52  0.       -2972.299       6710.787       6165.825    0.000  -0.138   0.380   0.
  2017 352  8 24 36 500 352.350422457      -0.32      0.99     -0.48  0.       -2973.477       6711.040       6164.845    0.000  -0.139   0.381   0.
  2017 352  8 24 37 500 352.350434031      -0.23      0.85     -0.47  0.       -2974.655       6711.293       6163.865    0.000  -0.139   0.381   0.
  2017 352  8 24 38 500 352.350445605      -0.24      0.84     -0.58  0.       -2975.833       6711.545       6162.884    0.000  -0.138   0.380   0.
  2017 352  8 24 39 500 352.350457179      -0.58      0.84     -0.65  0.       -2977.011       6711.798       6161.903    0.000  -0.138   0.380   0.
  2017 352  8 24 40 500 352.350468753      -1.05      0.85     -1.11  0.       -2978.189       6712.050       6160.922    0.000  -0.139   0.381   0.
  2017 352  8 24 41 500 352.350480327      -0.99      1.07     -0.80  0.       -2979.367       6712.301       6159.940    0.000  -0.139   0.381   0.
  2017 352  8 24 42 500 352.350491901      -0.75      0.93     -0.87  0.       -2980.545       6712.552       6158.958    0.000  -0.138   0.380   0.
  2017 352  8 24 43 500 352.350503475      -0.83      0.97     -0.34  0.       -2981.722       6712.803       6157.976    0.000  -0.138   0.380   0.
  2017 352  8 24 44 500 352.350515049      -0.91      0.78     -0.02  0.       -2982.899       6713.054       6156.994    0.000  -0.138   0.380   0.
  2017 352  8 24 45 500 352.350526623      -0.90      0.67     -0.19  0.       -2984.076       6713.304       6156.011    0.000  -0.138   0.380   0.
  2017 352  8 24 46 500 352.350538197      -0.50      1.21     -1.79  0.       -2985.254       6713.554       6155.028    0.000  -0.139   0.381   0.
  2017 352  8 24 47 500 352.350549771      -0.15      1.50     -2.18  0.       -2986.430       6713.804       6154.045    0.000  -0.139   0.381   0.
  2017 352  8 24 48 499 352.350561343      -0.39      1.22     -1.58  0.       -2987.607       6714.053       6153.061    0.000  -0.139   0.381   0.
  2017 352  8 24 49 500 352.350572917      -2.37      1.26     -1.32  0.       -2988.784       6714.302       6152.077    0.000  -0.139   0.381   0.
  2017 352  8 24 50 500 352.350584491      -3.58      0.88     -1.57  0.       -2989.960       6714.551       6151.093    0.000  -0.138   0.380   0.
  2017 352  8 24 51 500 352.350596065      -2.82      0.70     -1.33  0.       -2991.136       6714.799       6150.108    0.000  -0.138   0.380   0.
  2017 352  8 24 52 500 352.350607639      -2.25      0.80     -0.73  0.       -2992.312       6715.047       6149.123    0.000  -0.138   0.380   0.
  2017 352  8 24 53 500 352.350619213      -1.64      0.62     -0.36  0.       -2993.488       6715.295       6148.138    0.000  -0.138   0.380   0.
  2017 352  8 24 54 499 352.350630787      -1.77      0.60     -0.50  0.       -2994.664       6715.542       6147.153    0.000  -0.139   0.381   0.
  2017 352  8 24 55 499 352.350642361      -1.50      1.42     -0.73  0.       -2995.840       6715.789       6146.167    0.000  -0.139   0.381   0.
  2017 352  8 24 56 499 352.350653935      -1.51      1.50     -0.76  0.       -2997.015       6716.036       6145.181    0.000  -0.138   0.380   0.
  2017 352  8 24 57 499 352.350665509      -0.99      1.34     -0.54  0.       -2998.191       6716.282       6144.195    0.000  -0.138   0.380   0.
  2017 352  8 24 58 499 352.350677083      -0.49      1.20     -0.60  0.       -2999.366       6716.528       6143.208    0.000  -0.138   0.380   0.
  2017 352  8 24 59 500 352.350688657       0.07      1.12     -0.67  0.       -3000.541       6716.774       6142.221    0.000  -0.138   0.380   0.
  2017 352  8 25  0 500 352.350700231       0.12      1.29     -0.91  0.       -3001.716       6717.019       6141.234    0.000  -0.139   0.381   0.
  2017 352  8 25  1 499 352.350711806      -0.33      1.22     -1.00  0.       -3002.891       6717.265       6140.246    0.000  -0.139   0.381   0.
  2017 352  8 25  2 499 352.350723380      -0.92      0.87     -0.74  0.       -3004.066       6717.509       6139.258    0.000  -0.138   0.380   0.
  2017 352  8 25  3 500 352.350734954      -1.11      0.88     -0.68  0.       -3005.240       6717.754       6138.270    0.000  -0.138   0.380   0.
  2017 352  8 25  4 500 352.350746528      -1.20      0.91     -0.45  0.       -3006.415       6717.998       6137.282    0.000  -0.138   0.380   0.
  2017 352  8 25  5 500 352.350758102      -1.00      0.95     -0.59  0.       -3007.589       6718.242       6136.293    0.000  -0.138   0.380   0.
  2017 352  8 25  6 500 352.350769676      -0.97      0.93     -0.47  0.       -3008.763       6718.485       6135.304    0.000  -0.139   0.381   0.
  2017 352  8 25  7 500 352.350781250      -0.93      0.69     -0.68  0.       -3009.937       6718.728       6134.315    0.000  -0.139   0.381   0.
  2017 352  8 25  8 499 352.350792824      -0.64      0.92     -0.96  0.       -3011.111       6718.971       6133.325    0.000  -0.138   0.380   0.
  2017 352  8 25  9 499 352.350804398      -0.55      0.78     -1.00  0.       -3012.284       6719.213       6132.335    0.000  -0.138   0.380   0.
  2017 352  8 25 10 499 352.350815972      -0.36      0.68     -1.12  0.       -3013.458       6719.455       6131.345    0.000  -0.139   0.381   0.
  2017 352  8 25 11 499 352.350827546      -0.36      0.71     -0.96  0.       -3014.631       6719.697       6130.354    0.000  -0.139   0.381   0.
  2017 352  8 25 12 500 352.350839120      -0.74      0.86     -1.04  0.       -3015.804       6719.939       6129.363    0.000  -0.138   0.380   0.
  2017 352  8 25 13 500 352.350850694      -0.83      1.00     -1.01  0.       -3016.978       6720.180       6128.372    0.000  -0.138   0.380   0.
  2017 352  8 25 14 499 352.350862268      -1.36      1.14     -0.92  0.       -3018.150       6720.421       6127.381    0.000  -0.139   0.381   0.
  2017 352  8 25 15 499 352.350873843      -1.51      1.09     -0.24  0.       -3019.323       6720.661       6126.389    0.000  -0.139   0.381   0.
  2017 352  8 25 16 500 352.350885417      -1.00      1.35     -0.18  0.       -3020.496       6720.902       6125.398    0.000  -0.139   0.381   0.
  2017 352  8 25 17 500 352.350896991      -0.84      1.13     -0.31  0.       -3021.668       6721.141       6124.405    0.000  -0.139   0.381   0.
  2017 352  8 25 18 500 352.350908562      -0.67      0.97     -0.57  0.       -3022.841       6721.381       6123.412    0.000  -0.139   0.381   0.
  2017 352  8 25 19 499 352.350920136      -0.74      0.99     -0.68  0.       -3024.013       6721.620       6122.419    0.000  -0.139   0.381   0.
  2017 352  8 25 20 499 352.350931710      -0.91      0.66     -1.29  0.       -3025.185       6721.859       6121.426    0.000  -0.138   0.380   0.
  2017 352  8 25 21 499 352.350943284      -1.55      0.51     -0.59  0.       -3026.357       6722.097       6120.433    0.000  -0.138   0.380   0.
  2017 352  8 25 22 499 352.350954858      -1.20      0.97     -1.94  0.       -3027.528       6722.336       6119.439    0.000  -0.138   0.380   0.
  2017 352  8 25 23 499 352.350966432      -3.52     -1.25      1.69  0.       -3028.700       6722.573       6118.445    0.000  -0.138   0.380   0.
  2017 352  8 25 24 499 352.350978006      -1.82      1.76      3.22  0.       -3029.871       6722.811       6117.450    0.000  -0.139   0.381   0.
  2017 352  8 25 25 499 352.350989580      -1.09      2.08     -1.22  0.       -3031.043       6723.048       6116.456    0.000  -0.139   0.381   0.
  2017 352  8 25 26 499 352.351001154      -1.92      0.90     -0.42  0.       -3032.214       6723.285       6115.461    0.000  -0.138   0.380   0.
  2017 352  8 25 27 499 352.351012729      -1.10      1.46     -0.94  0.       -3033.385       6723.522       6114.465    0.000  -0.138   0.380   0.
  2017 352  8 25 28 499 352.351024303      -1.49      0.69     -0.70  0.       -3034.556       6723.758       6113.470    0.000  -0.138   0.380   0.
  2017 352  8 25 29 499 352.351035877      -1.18      1.83     -1.52  0.       -3035.726       6723.994       6112.474    0.000  -0.138   0.380   0.
  2017 352  8 25 30 499 352.351047451      -2.09     -0.44     -1.18  0.       -3036.897       6724.229       6111.478    0.000  -0.139   0.381   0.
  2017 352  8 25 31 499 352.351059025      -1.01      1.82      0.90  0.       -3038.067       6724.465       6110.481    0.000  -0.139   0.381   0.
  2017 352  8 25 32 499 352.351070599      -0.88      1.81     -1.16  0.       -3039.238       6724.700       6109.484    0.000  -0.138   0.380   0.
  2017 352  8 25 33 499 352.351082173      -1.83      0.52     -1.28  0.       -3040.408       6724.934       6108.487    0.000  -0.138   0.380   0.
  2017 352  8 25 34 499 352.351093747      -3.17      0.91      0.70  0.       -3041.578       6725.169       6107.490    0.000  -0.138   0.380   0.
  2017 352  8 25 35 499 352.351105321      -3.12      2.30     -0.26  0.       -3042.748       6725.402       6106.492    0.000  -0.138   0.380   0.
  2017 352  8 25 36 499 352.351116895      -1.25      0.79     -0.95  0.       -3043.917       6725.636       6105.494    0.000  -0.138   0.380   0.
  2017 352  8 25 37 499 352.351128469      -1.11      1.03     -0.93  0.       -3045.087       6725.869       6104.496    0.000  -0.138   0.380   0.
  2017 352  8 25 38 499 352.351140043      -1.33      0.85     -0.63  0.       -3046.256       6726.102       6103.497    0.000  -0.139   0.381   0.
  2017 352  8 25 39 499 352.351151617      -1.35      1.94     -0.83  0.       -3047.425       6726.335       6102.498    0.000  -0.139   0.381   0.
  2017 352  8 25 40 499 352.351163192      -3.07     -1.02     -1.31  0.       -3048.594       6726.567       6101.499    0.000  -0.138   0.380   0.
  2017 352  8 25 41 499 352.351174766       0.81     -2.78      2.03  0.       -3049.763       6726.799       6100.500    0.000  -0.138   0.380   0.
  2017 352  8 25 42 499 352.351186340       1.94     -0.31      3.85  0.       -3050.932       6727.031       6099.500    0.000  -0.138   0.380   0.
  2017 352  8 25 43 499 352.351197914       1.90     -0.28      3.07  0.       -3052.101       6727.262       6098.500    0.000  -0.138   0.380   0.
  2017 352  8 25 44 499 352.351209488      -0.81      2.29      1.57  0.       -3053.269       6727.493       6097.500    0.000  -0.139   0.381   0.
  2017 352  8 25 45 499 352.351221062      -0.71      1.64      0.21  0.       -3054.438       6727.724       6096.499    0.000  -0.139   0.381   0.
  2017 352  8 25 46 499 352.351232633      -1.24      2.33     -0.98  0.       -3055.606       6727.954       6095.498    0.000  -0.138   0.380   0.
  2017 352  8 25 47 499 352.351244207      -1.86      0.81     -1.36  0.       -3056.774       6728.184       6094.497    0.000  -0.138   0.380   0.
  2017 352  8 25 48 499 352.351255781      -0.40      1.41      1.82  0.       -3057.942       6728.414       6093.495    0.000  -0.138   0.380   0.
  2017 352  8 25 49 499 352.351267355      -1.37     -0.11     -2.60  0.       -3059.109       6728.643       6092.493    0.000  -0.138   0.380   0.
  2017 352  8 25 50 499 352.351278929       0.82     -0.55      0.71  0.       -3060.277       6728.872       6091.491    0.000  -0.139   0.381   0.
  2017 352  8 25 51 499 352.351290503       0.47      2.12      0.25  0.       -3061.444       6729.101       6090.489    0.000  -0.139   0.381   0.
  2017 352  8 25 52 499 352.351302078      -1.37      1.21     -2.01  0.       -3062.612       6729.330       6089.486    0.000  -0.138   0.380   0.
  2017 352  8 25 53 499 352.351313652      -0.72     -0.06     -0.71  0.       -3063.779       6729.558       6088.483    0.000  -0.138   0.380   0.
  2017 352  8 25 54 499 352.351325226      -1.18      1.72      0.01  0.       -3064.946       6729.785       6087.480    0.000  -0.138   0.380   0.
  2017 352  8 25 55 499 352.351336800      -1.62      1.21     -0.58  0.       -3066.113       6730.013       6086.476    0.000  -0.138   0.380   0.
  2017 352  8 25 56 499 352.351348374      -0.61     -0.82     -1.65  0.       -3067.279       6730.240       6085.472    0.000  -0.138   0.380   0.
  2017 352  8 25 57 499 352.351359948       0.01     -0.61      0.62  0.       -3068.446       6730.467       6084.468    0.000  -0.138   0.380   0.
  2017 352  8 25 58 499 352.351371522      -1.30     -0.21     -0.84  0.       -3069.612       6730.693       6083.463    0.000  -0.138   0.380   0.
  2017 352  8 25 59 499 352.351383096      -2.40      2.29      0.37  0.       -3070.779       6730.919       6082.459    0.000  -0.138   0.380   0.
  2017 352  8 26  0 499 352.351394670      -1.39      1.09     -0.92  0.       -3071.945       6731.145       6081.453    0.000  -0.139   0.381   0.
  2017 352  8 26  1 499 352.351406244      -0.60      1.41     -1.30  0.       -3073.111       6731.370       6080.448    0.000  -0.139   0.381   0.
  2017 352  8 26  2 499 352.351417818      -3.16     -0.40      0.87  0.       -3074.276       6731.595       6079.442    0.000  -0.138   0.380   0.
  2017 352  8 26  3 499 352.351429392      -2.84      1.91      0.38  0.       -3075.442       6731.820       6078.436    0.000  -0.138   0.380   0.
  2017 352  8 26  4 499 352.351440966      -1.47      1.96     -1.82  0.       -3076.608       6732.044       6077.430    0.000  -0.139   0.381   0.
  2017 352  8 26  5 499 352.351452541      -3.16     -0.34     -0.18  0.       -3077.773       6732.269       6076.423    0.000  -0.139   0.381   0.
  2017 352  8 26  6 499 352.351464115      -2.91      2.53      1.15  0.       -3078.938       6732.492       6075.417    0.000  -0.139   0.381   0.
  2017 352  8 26  7 499 352.351475689      -2.08      1.04     -0.91  0.       -3080.103       6732.716       6074.409    0.000  -0.139   0.381   0.
  2017 352  8 26  8 499 352.351487263      -1.98      1.72      0.02  0.       -3081.268       6732.939       6073.402    0.000  -0.138   0.380   0.
  2017 352  8 26  9 499 352.351498837      -1.97      1.34     -1.90  0.       -3082.433       6733.162       6072.394    0.000  -0.138   0.380   0.
  2017 352  8 26 10 499 352.351510411      -0.67      0.90     -1.61  0.       -3083.597       6733.384       6071.386    0.000  -0.138   0.380   0.
  2017 352  8 26 11 499 352.351521985      -0.44      1.25     -1.91  0.       -3084.762       6733.607       6070.378    0.000  -0.138   0.380   0.
  2017 352  8 26 12 499 352.351533559      -1.92      1.02     -0.95  0.       -3085.926       6733.828       6069.369    0.000  -0.139   0.381   0.
  2017 352  8 26 13 499 352.351545133      -0.47      0.71     -1.07  0.       -3087.090       6734.050       6068.360    0.000  -0.139   0.381   0.
  2017 352  8 26 14 499 352.351556707      -0.20      0.51     -1.15  0.       -3088.254       6734.271       6067.351    0.000  -0.138   0.380   0.
  2017 352  8 26 15 499 352.351568281      -0.67      1.16     -1.07  0.       -3089.418       6734.492       6066.341    0.000  -0.138   0.380   0.
  2017 352  8 26 16 499 352.351579852      -1.16      0.88     -1.12  0.       -3090.582       6734.712       6065.331    0.000  -0.138   0.380   0.
  2017 352  8 26 17 499 352.351591427      -2.15      0.67     -1.06  0.       -3091.745       6734.933       6064.321    0.000  -0.138   0.380   0.
  2017 352  8 26 18 499 352.351603001      -2.09      0.54     -1.24  0.       -3092.909       6735.153       6063.311    0.000  -0.138   0.380   0.
  2017 352  8 26 19 499 352.351614575      -1.86      1.27     -0.68  0.       -3094.072       6735.372       6062.300    0.000  -0.138   0.380   0.
  2017 352  8 26 20 499 352.351626149      -1.81      2.12     -0.89  0.       -3095.235       6735.591       6061.289    0.000  -0.138   0.380   0.
  2017 352  8 26 21 499 352.351637723      -1.95      0.48     -0.61  0.       -3096.398       6735.810       6060.278    0.000  -0.138   0.380   0.
  2017 352  8 26 22 499 352.351649297      -2.42      1.80     -1.53  0.       -3097.561       6736.029       6059.266    0.000  -0.138   0.380   0.
  2017 352  8 26 23 499 352.351660871      -1.95      2.33     -2.32  0.       -3098.723       6736.247       6058.254    0.000  -0.138   0.380   0.
  2017 352  8 26 24 499 352.351672445      -1.43      2.37     -1.76  0.       -3099.886       6736.465       6057.242    0.000  -0.138   0.380   0.
  2017 352  8 26 25 499 352.351684019      -1.65      1.87     -0.67  0.       -3101.048       6736.682       6056.229    0.000  -0.138   0.380   0.
  2017 352  8 26 26 499 352.351695593      -0.68      1.88     -1.28  0.       -3102.210       6736.900       6055.217    0.000  -0.139   0.381   0.
  2017 352  8 26 27 499 352.351707167      -1.22      1.09     -0.74  0.       -3103.372       6737.116       6054.204    0.000  -0.139   0.381   0.
  2017 352  8 26 28 499 352.351718741      -1.12      0.78     -0.94  0.       -3104.534       6737.333       6053.190    0.000  -0.139   0.381   0.
  2017 352  8 26 29 499 352.351730315      -1.46      0.90     -1.29  0.       -3105.696       6737.549       6052.176    0.000  -0.139   0.381   0.
  2017 352  8 26 30 499 352.351741889      -3.11      1.29     -0.73  0.       -3106.858       6737.765       6051.163    0.000  -0.138   0.380   0.
  2017 352  8 26 31 499 352.351753464      -1.62      1.54     -0.62  0.       -3108.019       6737.981       6050.148    0.000  -0.138   0.380   0.
  2017 352  8 26 32 499 352.351765038      -3.58      1.95     -1.33  0.       -3109.180       6738.196       6049.134    0.000  -0.139   0.381   0.
  2017 352  8 26 33 499 352.351776612      -1.21      0.42     -0.74  0.       -3110.341       6738.411       6048.119    0.000  -0.139   0.381   0.
  2017 352  8 26 34 499 352.351788186      -1.25      0.90      0.87  0.       -3111.502       6738.626       6047.104    0.000  -0.139   0.381   0.
  2017 352  8 26 35 499 352.351799760      -0.23     -0.65     -0.10  0.       -3112.663       6738.840       6046.088    0.000  -0.139   0.381   0.
  2017 352  8 26 36 499 352.351811334      -1.06      0.26     -0.55  0.       -3113.824       6739.054       6045.072    0.000  -0.138   0.380   0.
  2017 352  8 26 37 499 352.351822908      -1.69      0.10      2.15  0.       -3114.984       6739.267       6044.056    0.000  -0.138   0.380   0.
  2017 352  8 26 38 499 352.351834482      -0.96      1.79     -1.27  0.       -3116.145       6739.481       6043.040    0.000  -0.139   0.381   0.
  2017 352  8 26 39 499 352.351846056      -2.72     -0.54     -1.66  0.       -3117.305       6739.694       6042.023    0.000  -0.139   0.381   0.
  2017 352  8 26 40 499 352.351857630      -3.02     -0.61      2.48  0.       -3118.465       6739.906       6041.006    0.000  -0.139   0.381   0.
  2017 352  8 26 41 499 352.351869204      -1.93      0.70      0.60  0.       -3119.625       6740.119       6039.989    0.000  -0.139   0.381   0.
  2017 352  8 26 42 499 352.351880778      -1.20      2.23      0.19  0.       -3120.785       6740.331       6038.972    0.000  -0.138   0.380   0.
  2017 352  8 26 43 499 352.351892352      -1.03     -0.37     -2.11  0.       -3121.944       6740.542       6037.954    0.000  -0.138   0.380   0.
  2017 352  8 26 44 498 352.351903924      -0.18     -0.73     -0.42  0.       -3123.104       6740.753       6036.936    0.000  -0.139   0.381   0.
  2017 352  8 26 45 499 352.351915498       0.81     -0.37      0.52  0.       -3124.263       6740.965       6035.917    0.000  -0.139   0.381   0.
  2017 352  8 26 46 499 352.351927072      -0.24      0.52     -0.31  0.       -3125.422       6741.175       6034.899    0.000  -0.139   0.381   0.
  2017 352  8 26 47 499 352.351938646      -0.82      0.61     -0.62  0.       -3126.581       6741.386       6033.880    0.000  -0.139   0.381   0.
  2017 352  8 26 48 499 352.351950220      -0.76      0.25     -0.09  0.       -3127.740       6741.596       6032.860    0.000  -0.139   0.381   0.
  2017 352  8 26 49 499 352.351961794      -0.60      0.69     -0.05  0.       -3128.899       6741.805       6031.841    0.000  -0.139   0.381   0.
  2017 352  8 26 50 498 352.351973368      -0.58      0.48     -0.46  0.       -3130.057       6742.015       6030.821    0.000  -0.139   0.381   0.
  2017 352  8 26 51 498 352.351984942      -0.52      0.79     -0.91  0.       -3131.215       6742.224       6029.801    0.000  -0.139   0.381   0.
  2017 352  8 26 52 498 352.351996516      -1.23      0.65     -0.90  0.       -3132.374       6742.432       6028.780    0.000  -0.138   0.380   0.
  2017 352  8 26 53 498 352.352008090      -1.59      1.49     -1.72  0.       -3133.532       6742.641       6027.759    0.000  -0.138   0.380   0.
  2017 352  8 26 54 499 352.352019664      -3.38      1.09     -2.14  0.       -3134.690       6742.848       6026.738    0.000  -0.138   0.380   0.
  2017 352  8 26 55 499 352.352031238      -5.52      1.08     -0.56  0.       -3135.847       6743.056       6025.717    0.000  -0.138   0.380   0.
  2017 352  8 26 56 499 352.352042813      -2.89      1.23      0.13  0.       -3137.005       6743.264       6024.695    0.000  -0.139   0.381   0.
  2017 352  8 26 57 498 352.352054387      -2.62      1.67     -2.11  0.       -3138.163       6743.471       6023.673    0.000  -0.139   0.381   0.
  2017 352  8 26 58 498 352.352065961      -3.43      1.37     -0.14  0.       -3139.320       6743.677       6022.651    0.000  -0.139   0.381   0.
  2017 352  8 26 59 499 352.352077535       0.25      6.06     -1.99  0.       -3140.477       6743.884       6021.629    0.000  -0.139   0.381   0.
  2017 352  8 27  0 499 352.352089109      -1.88      0.93      0.41  0.       -3141.634       6744.090       6020.606    0.000  -0.138   0.380   0.
  2017 352  8 27  1 499 352.352100683      -2.22      2.40     -1.85  0.       -3142.791       6744.296       6019.583    0.000  -0.138   0.380   0.
  2017 352  8 27  2 499 352.352112257      -2.71      1.92     -0.52  0.       -3143.948       6744.501       6018.559    0.000  -0.139   0.381   0.
  2017 352  8 27  3 498 352.352123831      -1.25      0.74     -0.93  0.       -3145.104       6744.706       6017.535    0.000  -0.139   0.381   0.
  2017 352  8 27  4 498 352.352135405      -2.64     -1.83      0.78  0.       -3146.261       6744.911       6016.511    0.000  -0.139   0.381   0.
  2017 352  8 27  5 498 352.352146979      -1.80      0.40      2.25  0.       -3147.417       6745.115       6015.487    0.000  -0.139   0.381   0.
  2017 352  8 27  6 498 352.352158553      -2.15      0.51     -1.27  0.       -3148.573       6745.319       6014.463    0.000  -0.138   0.380   0.
  2017 352  8 27  7 498 352.352170127      -1.56      1.71     -2.18  0.       -3149.729       6745.523       6013.438    0.000  -0.138   0.380   0.
  2017 352  8 27  8 499 352.352181701      -0.24      1.41     -1.57  0.       -3150.885       6745.726       6012.412    0.000  -0.139   0.381   0.
  2017 352  8 27  9 499 352.352193275      -2.11      1.70     -2.47  0.       -3152.040       6745.930       6011.387    0.000  -0.139   0.381   0.
  2017 352  8 27 10 498 352.352204850      -2.25      1.54     -2.43  0.       -3153.196       6746.132       6010.361    0.000  -0.139   0.381   0.
  2017 352  8 27 11 498 352.352216424      -1.22      2.02     -0.87  0.       -3154.351       6746.335       6009.335    0.000  -0.139   0.381   0.
  2017 352  8 27 12 499 352.352227998       0.05      1.29     -0.17  0.       -3155.506       6746.537       6008.309    0.000  -0.138   0.380   0.
  2017 352  8 27 13 499 352.352239572      -0.89     -0.23     -0.29  0.       -3156.661       6746.739       6007.282    0.000  -0.138   0.380   0.
  2017 352  8 27 14 499 352.352251143       0.04      1.35     -0.15  0.       -3157.816       6746.940       6006.255    0.000  -0.139   0.381   0.
  2017 352  8 27 15 498 352.352262717      -0.36      1.23     -0.79  0.       -3158.971       6747.141       6005.228    0.000  -0.139   0.381   0.
  2017 352  8 27 16 498 352.352274291      -1.03     -0.15     -1.62  0.       -3160.125       6747.342       6004.200    0.000  -0.139   0.381   0.
  2017 352  8 27 17 498 352.352285865       0.25      1.28      0.75  0.       -3161.279       6747.542       6003.173    0.000  -0.139   0.381   0.
  2017 352  8 27 18 498 352.352297439      -0.39      1.59     -0.97  0.       -3162.434       6747.743       6002.144    0.000  -0.139   0.381   0.
  2017 352  8 27 19 498 352.352309013      -1.67      2.18     -1.41  0.       -3163.588       6747.942       6001.116    0.000  -0.139   0.381   0.
  2017 352  8 27 20 498 352.352320587      -0.74      1.00     -0.81  0.       -3164.742       6748.142       6000.087    0.000  -0.139   0.381   0.
  2017 352  8 27 21 498 352.352332161      -0.46     -0.02     -0.34  0.       -3165.896       6748.341       5999.058    0.000  -0.139   0.381   0.
  2017 352  8 27 22 498 352.352343736      -0.71      1.69     -0.89  0.       -3167.049       6748.540       5998.029    0.000  -0.138   0.380   0.
  2017 352  8 27 23 498 352.352355310      -3.47     -0.70     -1.86  0.       -3168.203       6748.738       5996.999    0.000  -0.138   0.380   0.
  2017 352  8 27 24 498 352.352366884      -1.31     -1.82      1.14  0.       -3169.356       6748.936       5995.970    0.000  -0.139   0.381   0.
  2017 352  8 27 25 498 352.352378458      -0.80     -1.47      1.07  0.       -3170.509       6749.134       5994.939    0.000  -0.139   0.381   0.
  2017 352  8 27 26 498 352.352390032       1.03      0.72      0.90  0.       -3171.662       6749.332       5993.909    0.000  -0.139   0.381   0.
  2017 352  8 27 27 498 352.352401606       1.91      2.23     -0.93  0.       -3172.815       6749.529       5992.878    0.000  -0.139   0.381   0.
  2017 352  8 27 28 498 352.352413180       1.75      1.65     -2.55  0.       -3173.967       6749.726       5991.847    0.000  -0.138   0.380   0.
  2017 352  8 27 29 498 352.352424754       1.00     -0.66     -1.86  0.       -3175.120       6749.922       5990.816    0.000  -0.138   0.380   0.
  2017 352  8 27 30 498 352.352436328      -0.27     -0.01      1.68  0.       -3176.272       6750.118       5989.784    0.000  -0.138   0.380   0.
  2017 352  8 27 31 498 352.352447902       0.01      1.78     -0.75  0.       -3177.425       6750.314       5988.752    0.000  -0.138   0.380   0.
  2017 352  8 27 32 498 352.352459476      -0.32      0.75     -1.83  0.       -3178.577       6750.510       5987.720    0.000  -0.139   0.381   0.
  2017 352  8 27 33 498 352.352471050       2.27     -1.91     -0.92  0.       -3179.729       6750.705       5986.687    0.000  -0.139   0.381   0.
  2017 352  8 27 34 498 352.352482624       2.50     -0.65     -0.94  0.       -3180.880       6750.900       5985.655    0.000  -0.138   0.380   0.
  2017 352  8 27 35 498 352.352494198       2.82     -0.97     -1.28  0.       -3182.032       6751.094       5984.622    0.000  -0.138   0.380   0.
  2017 352  8 27 36 498 352.352505773       1.18     -0.35     -1.95  0.       -3183.183       6751.288       5983.588    0.000  -0.138   0.380   0.
  2017 352  8 27 37 498 352.352517347      -1.34      2.65     -1.43  0.       -3184.335       6751.482       5982.554    0.000  -0.138   0.380   0.
  2017 352  8 27 38 498 352.352528921      -0.48      1.95     -2.55  0.       -3185.486       6751.676       5981.520    0.000  -0.139   0.381   0.
  2017 352  8 27 39 498 352.352540495       0.48      2.33      0.95  0.       -3186.637       6751.869       5980.486    0.000  -0.139   0.381   0.
  2017 352  8 27 40 498 352.352552069      -1.04     -0.57     -1.07  0.       -3187.787       6752.062       5979.452    0.000  -0.139   0.381   0.
  2017 352  8 27 41 498 352.352563643      -1.27      0.02      1.29  0.       -3188.938       6752.254       5978.417    0.000  -0.139   0.381   0.
  2017 352  8 27 42 498 352.352575217       0.44      1.08     -1.72  0.       -3190.089       6752.446       5977.382    0.000  -0.138   0.380   0.
  2017 352  8 27 43 498 352.352586791      -0.04     -2.35      0.11  0.       -3191.239       6752.638       5976.346    0.000  -0.138   0.380   0.
  2017 352  8 27 44 498 352.352598363      -1.04     -2.61      3.39  0.       -3192.389       6752.830       5975.310    0.000  -0.139   0.381   0.
  2017 352  8 27 45 498 352.352609936      -1.01     -1.85      3.87  0.       -3193.539       6753.021       5974.274    0.000  -0.139   0.381   0.
  2017 352  8 27 46 498 352.352621510      -1.04      1.36      2.24  0.       -3194.689       6753.212       5973.238    0.000  -0.139   0.381   0.
  2017 352  8 27 47 498 352.352633085      -0.65     -1.34     -0.52  0.       -3195.839       6753.403       5972.201    0.000  -0.139   0.381   0.
  2017 352  8 27 48 498 352.352644659      -0.62      0.24      1.74  0.       -3196.988       6753.593       5971.164    0.000  -0.138   0.380   0.
  2017 352  8 27 49 498 352.352656233      -0.71      1.04     -1.43  0.       -3198.138       6753.783       5970.127    0.000  -0.138   0.380   0.
  2017 352  8 27 50 498 352.352667807      -0.89     -1.86      0.11  0.       -3199.287       6753.972       5969.090    0.000  -0.139   0.381   0.
  2017 352  8 27 51 498 352.352679381       0.05     -1.06      1.57  0.       -3200.436       6754.161       5968.052    0.000  -0.139   0.381   0.
  2017 352  8 27 52 498 352.352690955      -0.95     -2.12      1.20  0.       -3201.585       6754.350       5967.014    0.000  -0.139   0.381   0.
  2017 352  8 27 53 498 352.352702529      -1.78     -2.49      3.08  0.       -3202.734       6754.539       5965.976    0.000  -0.139   0.381   0.
  2017 352  8 27 54 498 352.352714103      -0.03      0.15      1.58  0.       -3203.883       6754.727       5964.937    0.000  -0.138   0.380   0.
  2017 352  8 27 55 498 352.352725677       0.39      0.11     -1.65  0.       -3205.031       6754.915       5963.898    0.000  -0.138   0.380   0.
  2017 352  8 27 56 498 352.352737251       0.31     -2.27      0.08  0.       -3206.179       6755.103       5962.859    0.000  -0.138   0.380   0.
  2017 352  8 27 57 498 352.352748825      -0.89     -0.76      1.51  0.       -3207.327       6755.290       5961.819    0.000  -0.138   0.380   0.
  2017 352  8 27 58 498 352.352760399      -2.84      3.02     -0.46  0.       -3208.475       6755.477       5960.779    0.000  -0.139   0.381   0.
  2017 352  8 27 59 498 352.352771973      -3.16      2.40     -3.06  0.       -3209.623       6755.663       5959.739    0.000  -0.139   0.381   0.
  2017 352  8 28  0 498 352.352783547      -1.61      1.82     -1.79  0.       -3210.771       6755.850       5958.699    0.000  -0.139   0.381   0.
  2017 352  8 28  1 498 352.352795122      -1.71      1.12     -0.54  0.       -3211.919       6756.036       5957.658    0.000  -0.139   0.381   0.
  2017 352  8 28  2 498 352.352806696      -2.04      2.09     -0.74  0.       -3213.066       6756.221       5956.617    0.000  -0.138   0.380   0.
  2017 352  8 28  3 498 352.352818270      -0.01     -1.20     -0.87  0.       -3214.213       6756.406       5955.576    0.000  -0.138   0.380   0.
  2017 352  8 28  4 498 352.352829844       0.62     -1.02      0.16  0.       -3215.360       6756.591       5954.534    0.000  -0.138   0.380   0.
  2017 352  8 28  5 498 352.352841418       0.08     -0.34      0.75  0.       -3216.507       6756.776       5953.492    0.000  -0.138   0.380   0.
  2017 352  8 28  6 498 352.352852992      -0.85     -0.23      0.19  0.       -3217.654       6756.960       5952.450    0.000  -0.139   0.381   0.
  2017 352  8 28  7 498 352.352864566       0.58      0.09     -0.20  0.       -3218.800       6757.144       5951.408    0.000  -0.139   0.381   0.
  2017 352  8 28  8 498 352.352876140      -0.10      0.36     -0.28  0.       -3219.947       6757.328       5950.365    0.000  -0.138   0.380   0.
  2017 352  8 28  9 498 352.352887714      -0.79      0.46     -1.15  0.       -3221.093       6757.511       5949.322    0.000  -0.138   0.380   0.
  2017 352  8 28 10 498 352.352899288      -1.39     -0.23     -0.47  0.       -3222.239       6757.694       5948.279    0.000  -0.138   0.380   0.
  2017 352  8 28 11 498 352.352910862      -1.93     -0.07      1.05  0.       -3223.385       6757.877       5947.235    0.000  -0.138   0.380   0.
  2017 352  8 28 12 498 352.352922436      -0.41      1.37      1.91  0.       -3224.531       6758.059       5946.191    0.000  -0.139   0.381   0.
  2017 352  8 28 13 498 352.352934010      -0.63      3.23      3.00  0.       -3225.677       6758.241       5945.147    0.000  -0.139   0.381   0.
  2017 352  8 28 14 498 352.352945582      -0.38      0.74      3.53  0.       -3226.822       6758.423       5944.102    0.000  -0.138   0.380   0.
  2017 352  8 28 15 498 352.352957156      -0.10     -0.07      1.42  0.       -3227.967       6758.604       5943.058    0.000  -0.138   0.380   0.
  2017 352  8 28 16 498 352.352968730      -0.50     -0.25      0.49  0.       -3229.112       6758.785       5942.012    0.000  -0.138   0.380   0.
  2017 352  8 28 17 498 352.352980304       0.45      2.66     -2.26  0.       -3230.257       6758.965       5940.967    0.000  -0.138   0.380   0.
  2017 352  8 28 18 498 352.352991878       2.38     -0.34     -4.52  0.       -3231.402       6759.146       5939.921    0.000  -0.139   0.381   0.
  2017 352  8 28 19 498 352.353003452       1.76     -3.68     -3.51  0.       -3232.547       6759.326       5938.875    0.000  -0.139   0.381   0.
  2017 352  8 28 20 498 352.353015026       0.73     -3.94     -1.76  0.       -3233.691       6759.505       5937.829    0.000  -0.138   0.380   0.
  2017 352  8 28 21 498 352.353026600       2.04     -0.30      1.33  0.       -3234.836       6759.685       5936.783    0.000  -0.138   0.380   0.
  2017 352  8 28 22 498 352.353038174      -0.51      0.07     -0.67  0.       -3235.980       6759.864       5935.736    0.000  -0.138   0.380   0.
  2017 352  8 28 23 498 352.353049748      -3.36     -2.21      0.54  0.       -3237.124       6760.042       5934.689    0.000  -0.138   0.380   0.
  2017 352  8 28 24 498 352.353061322      -1.77     -0.12      5.14  0.       -3238.268       6760.221       5933.641    0.000  -0.139   0.381   0.
  2017 352  8 28 25 498 352.353072896      -0.42      2.66      1.39  0.       -3239.412       6760.399       5932.594    0.000  -0.139   0.381   0.
  2017 352  8 28 26 498 352.353084470      -1.17      2.13     -0.50  0.       -3240.555       6760.576       5931.546    0.000  -0.139   0.381   0.
  2017 352  8 28 27 498 352.353096045      -2.36      2.37     -1.04  0.       -3241.699       6760.754       5930.497    0.000  -0.139   0.381   0.
  2017 352  8 28 28 498 352.353107619      -2.69      0.52     -0.94  0.       -3242.842       6760.931       5929.449    0.000  -0.138   0.380   0.
  2017 352  8 28 29 498 352.353119193      -2.77     -1.30      2.26  0.       -3243.985       6761.107       5928.400    0.000  -0.138   0.380   0.
  2017 352  8 28 30 498 352.353130767      -2.03      1.81      4.27  0.       -3245.128       6761.284       5927.351    0.000  -0.138   0.380   0.
  2017 352  8 28 31 498 352.353142341      -2.79      1.84      0.98  0.       -3246.271       6761.459       5926.301    0.000  -0.138   0.380   0.
  2017 352  8 28 32 498 352.353153915      -3.75      2.33     -2.22  0.       -3247.413       6761.635       5925.252    0.000  -0.139   0.381   0.
  2017 352  8 28 33 498 352.353165489      -4.70      1.70     -1.42  0.       -3248.556       6761.811       5924.202    0.000  -0.139   0.381   0.
  2017 352  8 28 34 498 352.353177063      -3.38      1.07     -0.26  0.       -3249.698       6761.986       5923.151    0.000  -0.138   0.380   0.
  2017 352  8 28 35 498 352.353188637      -3.13      1.38     -2.56  0.       -3250.840       6762.160       5922.101    0.000  -0.138   0.380   0.
  2017 352  8 28 36 498 352.353200211      -4.71     -0.55      2.29  0.       -3251.982       6762.335       5921.050    0.000  -0.138   0.380   0.
  2017 352  8 28 37 498 352.353211785      -2.16      1.25      3.35  0.       -3253.124       6762.509       5919.999    0.000  -0.138   0.380   0.
  2017 352  8 28 38 498 352.353223359      -0.99      2.29      2.74  0.       -3254.266       6762.682       5918.947    0.000  -0.138   0.380   0.
  2017 352  8 28 39 498 352.353234933      -3.97      2.52     -1.33  0.       -3255.407       6762.856       5917.895    0.000  -0.138   0.380   0.
  2017 352  8 28 40 498 352.353246508      -2.68      2.29     -1.27  0.       -3256.549       6763.029       5916.843    0.000  -0.138   0.380   0.
  2017 352  8 28 41 498 352.353258082      -3.04      2.53     -2.20  0.       -3257.690       6763.201       5915.791    0.000  -0.138   0.380   0.
  2017 352  8 28 42 498 352.353269653      -2.66     -0.01     -4.84  0.       -3258.831       6763.374       5914.738    0.000  -0.139   0.381   0.
  2017 352  8 28 43 498 352.353281227      -0.79     -0.22     -0.20  0.       -3259.972       6763.546       5913.685    0.000  -0.139   0.381   0.
  2017 352  8 28 44 498 352.353292801       1.35      2.27      0.81  0.       -3261.112       6763.717       5912.632    0.000  -0.138   0.380   0.
  2017 352  8 28 45 497 352.353304375      -0.14      2.61     -0.81  0.       -3262.253       6763.889       5911.579    0.000  -0.138   0.380   0.
  2017 352  8 28 46 497 352.353315949      -1.58      1.68     -0.37  0.       -3263.393       6764.060       5910.525    0.000  -0.138   0.380   0.
  2017 352  8 28 47 497 352.353327523      -1.53      0.73     -1.43  0.       -3264.534       6764.231       5909.471    0.000  -0.138   0.380   0.
  2017 352  8 28 48 497 352.353339097      -2.25      0.89     -1.88  0.       -3265.674       6764.401       5908.416    0.000  -0.139   0.381   0.
  2017 352  8 28 49 497 352.353350671      -3.47      1.93     -1.64  0.       -3266.814       6764.571       5907.362    0.000  -0.139   0.381   0.
  2017 352  8 28 50 498 352.353362245      -3.40      0.66     -0.70  0.       -3267.953       6764.741       5906.307    0.000  -0.138   0.380   0.
  2017 352  8 28 51 498 352.353373819      -1.13      0.59     -2.90  0.       -3269.093       6764.910       5905.251    0.000  -0.138   0.380   0.
  2017 352  8 28 52 497 352.353385393      -1.41     -1.12      0.30  0.       -3270.232       6765.079       5904.196    0.000  -0.138   0.380   0.
  2017 352  8 28 53 497 352.353396968      -1.72     -2.48      4.19  0.       -3271.372       6765.248       5903.140    0.000  -0.138   0.380   0.
  2017 352  8 28 54 498 352.353408542      -1.47     -0.68      4.01  0.       -3272.511       6765.416       5902.084    0.000  -0.139   0.381   0.
  2017 352  8 28 55 498 352.353420116      -0.05      0.40      4.42  0.       -3273.650       6765.584       5901.028    0.000  -0.139   0.381   0.
  2017 352  8 28 56 498 352.353431690       0.75      0.60      3.15  0.       -3274.788       6765.752       5899.971    0.000  -0.138   0.380   0.
  2017 352  8 28 57 498 352.353443264      -0.37      1.25      0.74  0.       -3275.927       6765.919       5898.914    0.000  -0.138   0.380   0.
  2017 352  8 28 58 498 352.353454838      -0.91      0.87      1.09  0.       -3277.066       6766.086       5897.857    0.000  -0.139   0.381   0.
  2017 352  8 28 59 497 352.353466412      -0.60      1.12      2.19  0.       -3278.204       6766.253       5896.799    0.000  -0.139   0.381   0.
  2017 352  8 29  0 497 352.353477986      -2.68      3.11     -0.66  0.       -3279.342       6766.419       5895.741    0.000  -0.138   0.380   0.
  2017 352  8 29  1 497 352.353489560      -0.65      1.68     -2.01  0.       -3280.480       6766.585       5894.683    0.000  -0.138   0.380   0.
  2017 352  8 29  2 497 352.353501134      -0.36      2.05     -1.54  0.       -3281.618       6766.751       5893.625    0.000  -0.138   0.380   0.
  2017 352  8 29  3 497 352.353512708      -1.77      1.47     -1.43  0.       -3282.755       6766.916       5892.566    0.000  -0.138   0.380   0.
  2017 352  8 29  4 498 352.353524282      -5.06      0.94      0.04  0.       -3283.893       6767.082       5891.507    0.000  -0.138   0.380   0.
  2017 352  8 29  5 498 352.353535856      -4.54      2.51     -0.39  0.       -3285.030       6767.246       5890.448    0.000  -0.138   0.380   0.
  2017 352  8 29  6 497 352.353547431      -3.40      2.78     -1.06  0.       -3286.167       6767.411       5889.388    0.000  -0.138   0.380   0.
  2017 352  8 29  7 497 352.353559005      -2.00      0.16     -1.93  0.       -3287.304       6767.575       5888.328    0.000  -0.138   0.380   0.
  2017 352  8 29  8 498 352.353570579      -3.20      1.03     -0.50  0.       -3288.441       6767.738       5887.268    0.000  -0.138   0.380   0.
  2017 352  8 29  9 498 352.353582153      -1.98      0.86     -0.68  0.       -3289.578       6767.902       5886.207    0.000  -0.138   0.380   0.
  2017 352  8 29 10 498 352.353593727      -2.38      0.99     -0.74  0.       -3290.714       6768.065       5885.147    0.000  -0.138   0.380   0.
  2017 352  8 29 11 498 352.353605301      -2.49      1.48     -0.92  0.       -3291.851       6768.228       5884.086    0.000  -0.138   0.380   0.
  2017 352  8 29 12 498 352.353616872      -4.48      1.75      0.10  0.       -3292.987       6768.390       5883.024    0.000  -0.139   0.381   0.
  2017 352  8 29 13 497 352.353628446      -5.58      1.14      0.32  0.       -3294.123       6768.552       5881.963    0.000  -0.139   0.381   0.
  2017 352  8 29 14 497 352.353640020      -3.92      1.79      0.09  0.       -3295.259       6768.714       5880.901    0.000  -0.138   0.380   0.
  2017 352  8 29 15 497 352.353651594      -3.08      2.76     -0.16  0.       -3296.395       6768.875       5879.839    0.000  -0.138   0.380   0.
  2017 352  8 29 16 497 352.353663168      -1.64      3.69     -0.16  0.       -3297.530       6769.036       5878.776    0.000  -0.138   0.380   0.
  2017 352  8 29 17 497 352.353674742      -0.32      3.34     -0.24  0.       -3298.666       6769.197       5877.713    0.000  -0.138   0.380   0.
  2017 352  8 29 18 497 352.353686317      -1.06      0.29     -1.01  0.       -3299.801       6769.358       5876.650    0.000  -0.138   0.380   0.
  2017 352  8 29 19 497 352.353697891       0.97     -1.24     -1.11  0.       -3300.936       6769.517       5875.587    0.000  -0.138   0.380   0.
  2017 352  8 29 20 497 352.353709465       2.27     -2.88     -0.88  0.       -3302.071       6769.677       5874.523    0.000  -0.138   0.380   0.
  2017 352  8 29 21 497 352.353721039       4.32     -1.40     -0.79  0.       -3303.206       6769.837       5873.459    0.000  -0.138   0.380   0.
  2017 352  8 29 22 497 352.353732613       4.02      0.58     -2.45  0.       -3304.340       6769.996       5872.395    0.000  -0.138   0.380   0.
  2017 352  8 29 23 497 352.353744187      -0.42      0.88     -2.27  0.       -3305.475       6770.154       5871.331    0.000  -0.138   0.380   0.
  2017 352  8 29 24 497 352.353755761      -4.21      0.70     -0.02  0.       -3306.609       6770.313       5870.266    0.000  -0.138   0.380   0.
  2017 352  8 29 25 497 352.353767335      -1.97      2.43      0.03  0.       -3307.743       6770.471       5869.201    0.000  -0.138   0.380   0.
  2017 352  8 29 26 497 352.353778909      -1.82      2.08     -2.46  0.       -3308.877       6770.629       5868.135    0.000  -0.139   0.381   0.
  2017 352  8 29 27 497 352.353790483      -3.43      1.12     -0.67  0.       -3310.011       6770.786       5867.070    0.000  -0.139   0.381   0.
  2017 352  8 29 28 497 352.353802057      -4.22      0.80     -1.53  0.       -3311.144       6770.943       5866.004    0.000  -0.138   0.380   0.
  2017 352  8 29 29 497 352.353813631      -4.32      2.02      0.24  0.       -3312.278       6771.100       5864.937    0.000  -0.138   0.380   0.
  2017 352  8 29 30 497 352.353825205      -1.90     -0.00     -1.15  0.       -3313.411       6771.256       5863.871    0.000  -0.139   0.381   0.
  2017 352  8 29 31 497 352.353836779      -0.34      0.81      0.81  0.       -3314.544       6771.412       5862.804    0.000  -0.139   0.381   0.
  2017 352  8 29 32 497 352.353848354      -0.82     -1.83     -0.95  0.       -3315.677       6771.568       5861.737    0.000  -0.138   0.380   0.
  2017 352  8 29 33 497 352.353859928      -0.54     -0.88      1.24  0.       -3316.810       6771.724       5860.670    0.000  -0.138   0.380   0.
  2017 352  8 29 34 497 352.353871502       0.01      0.29      1.00  0.       -3317.942       6771.879       5859.602    0.000  -0.138   0.380   0.
  2017 352  8 29 35 497 352.353883076      -0.39      1.52     -0.59  0.       -3319.075       6772.033       5858.534    0.000  -0.138   0.380   0.
  2017 352  8 29 36 497 352.353894650      -2.88     -0.67     -2.00  0.       -3320.207       6772.188       5857.466    0.000  -0.139   0.381   0.
  2017 352  8 29 37 497 352.353906224      -3.32      1.33      0.30  0.       -3321.339       6772.342       5856.397    0.000  -0.139   0.381   0.
  2017 352  8 29 38 497 352.353917798      -2.20      2.35     -0.01  0.       -3322.471       6772.496       5855.328    0.000  -0.138   0.380   0.
  2017 352  8 29 39 497 352.353929372      -2.16      1.11     -1.68  0.       -3323.603       6772.649       5854.259    0.000  -0.138   0.380   0.
  2017 352  8 29 40 497 352.353940946      -1.78      1.28     -1.44  0.       -3324.735       6772.802       5853.190    0.000  -0.139   0.381   0.
  2017 352  8 29 41 497 352.353952520      -1.63      1.60     -1.02  0.       -3325.866       6772.955       5852.120    0.000  -0.139   0.381   0.
  2017 352  8 29 42 497 352.353964092      -3.02      1.96     -2.35  0.       -3326.998       6773.107       5851.050    0.000  -0.138   0.380   0.
  2017 352  8 29 43 497 352.353975666      -2.70      1.75     -1.43  0.       -3328.129       6773.260       5849.980    0.000  -0.138   0.380   0.
  2017 352  8 29 44 497 352.353987240      -2.49     -0.78     -1.38  0.       -3329.260       6773.411       5848.909    0.000  -0.138   0.380   0.
  2017 352  8 29 45 497 352.353998814      -2.85     -3.65      3.46  0.       -3330.391       6773.563       5847.838    0.000  -0.138   0.380   0.
  2017 352  8 29 46 497 352.354010388      -4.93     -2.11      4.42  0.       -3331.521       6773.714       5846.767    0.000  -0.139   0.381   0.
  2017 352  8 29 47 497 352.354021962      -4.55      0.70      6.27  0.       -3332.652       6773.865       5845.696    0.000  -0.139   0.381   0.
  2017 352  8 29 48 497 352.354033536      -3.13      4.31      1.80  0.       -3333.782       6774.015       5844.624    0.000  -0.138   0.380   0.
  2017 352  8 29 49 497 352.354045110      -1.29      1.02     -0.51  0.       -3334.912       6774.165       5843.552    0.000  -0.138   0.380   0.
  2017 352  8 29 50 497 352.354056684      -1.98      1.58      0.44  0.       -3336.042       6774.315       5842.480    0.000  -0.138   0.380   0.
  2017 352  8 29 51 497 352.354068258      -2.69      1.15      3.07  0.       -3337.172       6774.464       5841.407    0.000  -0.138   0.380   0.
  2017 352  8 29 52 497 352.354079832      -3.59      0.60      4.67  0.       -3338.302       6774.613       5840.334    0.000  -0.139   0.381   0.
  2017 352  8 29 53 497 352.354091406      -4.21      2.96      2.56  0.       -3339.431       6774.762       5839.261    0.000  -0.139   0.381   0.
  2017 352  8 29 54 497 352.354102980      -3.72      3.36     -2.98  0.       -3340.561       6774.910       5838.188    0.000  -0.139   0.381   0.
  2017 352  8 29 55 497 352.354114554      -2.54      2.14     -2.22  0.       -3341.690       6775.059       5837.114    0.000  -0.139   0.381   0.
  2017 352  8 29 56 497 352.354126129      -2.99      1.69     -1.37  0.       -3342.819       6775.206       5836.040    0.000  -0.138   0.380   0.
  2017 352  8 29 57 497 352.354137702      -2.02      1.98      1.00  0.       -3343.948       6775.354       5834.966    0.000  -0.138   0.380   0.
  2017 352  8 29 58 497 352.354149277      -1.69      0.80     -1.43  0.       -3345.076       6775.501       5833.891    0.000  -0.138   0.380   0.
  2017 352  8 29 59 497 352.354160851      -1.06      0.38     -1.76  0.       -3346.205       6775.648       5832.816    0.000  -0.138   0.380   0.
  2017 352  8 30  0 497 352.354172425      -1.69      0.84     -2.25  0.       -3347.333       6775.794       5831.741    0.000  -0.139   0.381   0.
  2017 352  8 30  1 497 352.354183999      -2.52     -0.38     -1.80  0.       -3348.462       6775.940       5830.666    0.000  -0.139   0.381   0.
  2017 352  8 30  2 497 352.354195573      -1.64     -0.64      2.51  0.       -3349.590       6776.086       5829.590    0.000  -0.138   0.380   0.
  2017 352  8 30  3 497 352.354207147      -1.85      2.75      5.44  0.       -3350.717       6776.231       5828.514    0.000  -0.138   0.380   0.
  2017 352  8 30  4 497 352.354218721      -2.00      5.52      4.15  0.       -3351.845       6776.376       5827.438    0.000  -0.138   0.380   0.
  2017 352  8 30  5 497 352.354230295      -3.44      4.85     -1.37  0.       -3352.973       6776.521       5826.361    0.000  -0.138   0.380   0.
  2017 352  8 30  6 497 352.354241869      -1.19     -1.46      0.23  0.       -3354.100       6776.666       5825.284    0.000  -0.139   0.381   0.
  2017 352  8 30  7 497 352.354253443      -0.49     -0.44      4.54  0.       -3355.227       6776.810       5824.207    0.000  -0.139   0.381   0.
  2017 352  8 30  8 497 352.354265017      -0.92      1.38      4.59  0.       -3356.354       6776.953       5823.130    0.000  -0.138   0.380   0.
  2017 352  8 30  9 497 352.354276591      -0.96      1.30     -1.51  0.       -3357.481       6777.097       5822.052    0.000  -0.138   0.380   0.
  2017 352  8 30 10 497 352.354288163       0.65     -1.78      0.21  0.       -3358.608       6777.240       5820.974    0.000  -0.138   0.380   0.
  2017 352  8 30 11 497 352.354299737      -0.19      0.42      0.57  0.       -3359.735       6777.383       5819.895    0.000  -0.138   0.380   0.
  2017 352  8 30 12 497 352.354311311      -2.33      2.66      1.25  0.       -3360.861       6777.525       5818.817    0.000  -0.139   0.381   0.
  2017 352  8 30 13 497 352.354322885      -3.14      2.72     -3.03  0.       -3361.987       6777.667       5817.738    0.000  -0.139   0.381   0.
  2017 352  8 30 14 497 352.354334459      -2.01      2.46     -1.91  0.       -3363.113       6777.809       5816.659    0.000  -0.138   0.380   0.
  2017 352  8 30 15 497 352.354346033      -0.29      2.97      1.42  0.       -3364.239       6777.950       5815.579    0.000  -0.138   0.380   0.
  2017 352  8 30 16 497 352.354357607      -1.49      1.22     -0.75  0.       -3365.365       6778.091       5814.499    0.000  -0.138   0.380   0.
  2017 352  8 30 17 497 352.354369181      -1.55      2.10     -0.13  0.       -3366.490       6778.232       5813.419    0.000  -0.138   0.380   0.
  2017 352  8 30 18 497 352.354380755      -0.65      2.60     -0.11  0.       -3367.616       6778.373       5812.339    0.000  -0.139   0.381   0.
  2017 352  8 30 19 497 352.354392329      -1.22     -0.78     -0.07  0.       -3368.741       6778.513       5811.259    0.000  -0.139   0.381   0.
  2017 352  8 30 20 497 352.354403903      -1.69      1.89      1.40  0.       -3369.866       6778.652       5810.178    0.000  -0.139   0.381   0.
  2017 352  8 30 21 497 352.354415477      -0.21     -0.79      0.26  0.       -3370.991       6778.792       5809.096    0.000  -0.139   0.381   0.
  2017 352  8 30 22 497 352.354427052      -0.52      0.59     -0.29  0.       -3372.116       6778.931       5808.015    0.000  -0.138   0.380   0.
  2017 352  8 30 23 497 352.354438626       0.52      0.84     -1.14  0.       -3373.240       6779.070       5806.933    0.000  -0.138   0.380   0.
  2017 352  8 30 24 497 352.354450200       1.11      0.42     -0.63  0.       -3374.365       6779.208       5805.851    0.000  -0.139   0.381   0.
  2017 352  8 30 25 497 352.354461774      -0.50      0.54      1.16  0.       -3375.489       6779.346       5804.769    0.000  -0.139   0.381   0.
  2017 352  8 30 26 497 352.354473348      -0.40     -0.06     -1.48  0.       -3376.613       6779.484       5803.686    0.000  -0.138   0.380   0.
  2017 352  8 30 27 497 352.354484922      -1.06     -0.14     -1.51  0.       -3377.737       6779.621       5802.603    0.000  -0.138   0.380   0.
  2017 352  8 30 28 497 352.354496496       1.39      2.41     -0.28  0.       -3378.861       6779.758       5801.520    0.000  -0.139   0.381   0.
  2017 352  8 30 29 497 352.354508070      -1.52      0.68     -1.41  0.       -3379.984       6779.895       5800.437    0.000  -0.139   0.381   0.
  2017 352  8 30 30 497 352.354519644      -2.47      2.48     -0.70  0.       -3381.107       6780.032       5799.353    0.000  -0.138   0.380   0.
  2017 352  8 30 31 497 352.354531218      -3.05      0.98     -2.39  0.       -3382.231       6780.168       5798.269    0.000  -0.138   0.380   0.
  2017 352  8 30 32 497 352.354542792      -6.29     -0.70      1.06  0.       -3383.354       6780.303       5797.185    0.000  -0.138   0.380   0.
  2017 352  8 30 33 497 352.354554366      -4.96     -1.54      8.61  0.       -3384.477       6780.439       5796.100    0.000  -0.138   0.380   0.
  2017 352  8 30 34 497 352.354565940      -3.19      1.81      4.98  0.       -3385.599       6780.574       5795.015    0.000  -0.139   0.381   0.
  2017 352  8 30 35 497 352.354577514      -1.22      1.68     -0.33  0.       -3386.722       6780.709       5793.930    0.000  -0.139   0.381   0.
  2017 352  8 30 36 497 352.354589089      -1.74      2.18     -1.42  0.       -3387.844       6780.843       5792.844    0.000  -0.139   0.381   0.
  2017 352  8 30 37 497 352.354600663      -3.99      1.59     -3.38  0.       -3388.967       6780.977       5791.759    0.000  -0.139   0.381   0.
  2017 352  8 30 38 497 352.354612237      -4.49     -2.30      2.53  0.       -3390.089       6781.111       5790.673    0.000  -0.138   0.380   0.
  2017 352  8 30 39 497 352.354623811      -3.67     -5.81      4.32  0.       -3391.211       6781.244       5789.586    0.000  -0.138   0.380   0.
  2017 352  8 30 40 497 352.354635382      -5.25     -5.49      3.11  0.       -3392.332       6781.377       5788.500    0.000  -0.139   0.381   0.
  2017 352  8 30 41 496 352.354646956      -7.89     -1.99      4.34  0.       -3393.454       6781.510       5787.413    0.000  -0.139   0.381   0.
  2017 352  8 30 42 496 352.354658530      -4.21     -0.12     -1.01  0.       -3394.575       6781.642       5786.326    0.000  -0.138   0.380   0.
  2017 352  8 30 43 496 352.354670104      -0.40      1.61     -2.14  0.       -3395.696       6781.774       5785.238    0.000  -0.138   0.380   0.
  2017 352  8 30 44 496 352.354681678      -0.22      2.50     -2.61  0.       -3396.818       6781.906       5784.150    0.000  -0.138   0.380   0.
  2017 352  8 30 45 496 352.354693252      -0.79      1.29     -1.65  0.       -3397.938       6782.038       5783.062    0.000  -0.138   0.380   0.
  2017 352  8 30 46 497 352.354704826      -1.46      1.09     -2.01  0.       -3399.059       6782.169       5781.974    0.000  -0.138   0.380   0.
  2017 352  8 30 47 497 352.354716400      -2.20      1.32     -2.02  0.       -3400.180       6782.299       5780.885    0.000  -0.138   0.380   0.
  2017 352  8 30 48 496 352.354727975      -1.34      1.12     -1.11  0.       -3401.300       6782.430       5779.796    0.000  -0.138   0.380   0.
  2017 352  8 30 49 496 352.354739549      -2.46      0.31     -0.64  0.       -3402.420       6782.560       5778.707    0.000  -0.138   0.380   0.
  2017 352  8 30 50 497 352.354751123      -1.97     -0.53      0.40  0.       -3403.541       6782.690       5777.618    0.000  -0.138   0.380   0.
  2017 352  8 30 51 497 352.354762697      -2.53     -0.23      1.38  0.       -3404.661       6782.819       5776.528    0.000  -0.138   0.380   0.
  2017 352  8 30 52 497 352.354774271      -5.15      0.71      3.48  0.       -3405.780       6782.948       5775.438    0.000  -0.138   0.380   0.
  2017 352  8 30 53 497 352.354785845      -2.67      1.52     -0.55  0.       -3406.899       6783.077       5774.348    0.000  -0.138   0.380   0.
  2017 352  8 30 54 497 352.354797419       0.12     -2.44      0.49  0.       -3408.019       6783.205       5773.257    0.000  -0.139   0.381   0.
  2017 352  8 30 55 496 352.354808993      -0.48      1.51      1.02  0.       -3409.138       6783.333       5772.166    0.000  -0.139   0.381   0.
  2017 352  8 30 56 496 352.354820567      -1.48      0.49     -1.24  0.       -3410.257       6783.461       5771.075    0.000  -0.138   0.380   0.
  2017 352  8 30 57 496 352.354832141      -0.79      0.13     -4.08  0.       -3411.376       6783.588       5769.983    0.000  -0.138   0.380   0.
  2017 352  8 30 58 496 352.354843715       0.66     -1.04     -2.27  0.       -3412.495       6783.715       5768.892    0.000  -0.138   0.380   0.
  2017 352  8 30 59 496 352.354855289       0.83      0.90     -1.13  0.       -3413.613       6783.842       5767.800    0.000  -0.138   0.380   0.
  2017 352  8 31  0 497 352.354866863       0.29      2.33     -0.81  0.       -3414.732       6783.969       5766.707    0.000  -0.138   0.380   0.
  2017 352  8 31  1 497 352.354878437      -1.57      2.02     -0.82  0.       -3415.850       6784.095       5765.615    0.000  -0.138   0.380   0.
  2017 352  8 31  2 496 352.354890012      -3.22      3.22     -2.02  0.       -3416.968       6784.220       5764.522    0.000  -0.139   0.381   0.
  2017 352  8 31  3 497 352.354901586      -4.40      2.50     -4.60  0.       -3418.086       6784.346       5763.428    0.000  -0.139   0.381   0.
  2017 352  8 31  4 497 352.354913160      -1.66      1.16     -3.02  0.       -3419.203       6784.471       5762.335    0.000  -0.138   0.380   0.
  2017 352  8 31  5 497 352.354924734      -1.71      1.33     -1.04  0.       -3420.321       6784.595       5761.241    0.000  -0.138   0.380   0.
  2017 352  8 31  6 497 352.354936308      -1.08      1.86     -1.27  0.       -3421.438       6784.720       5760.147    0.000  -0.138   0.380   0.
  2017 352  8 31  7 497 352.354947882      -2.47      0.96     -1.58  0.       -3422.555       6784.844       5759.053    0.000  -0.138   0.380   0.
  2017 352  8 31  8 496 352.354959454      -3.28     -0.82     -0.85  0.       -3423.672       6784.967       5757.958    0.000  -0.139   0.381   0.
  2017 352  8 31  9 496 352.354971027      -1.64     -1.54      3.23  0.       -3424.789       6785.091       5756.863    0.000  -0.139   0.381   0.
  2017 352  8 31 10 496 352.354982601       0.03     -0.51      3.94  0.       -3425.906       6785.214       5755.768    0.000  -0.139   0.381   0.
  2017 352  8 31 11 496 352.354994175       1.27     -0.12      4.47  0.       -3427.022       6785.337       5754.673    0.000  -0.139   0.381   0.
  2017 352  8 31 12 496 352.355005749       0.56      3.62      1.77  0.       -3428.139       6785.459       5753.577    0.000  -0.138   0.380   0.
  2017 352  8 31 13 496 352.355017323      -1.18      0.24     -1.33  0.       -3429.255       6785.581       5752.481    0.000  -0.138   0.380   0.
  2017 352  8 31 14 496 352.355028898      -1.98      0.49     -1.87  0.       -3430.371       6785.703       5751.385    0.000  -0.139   0.381   0.
  2017 352  8 31 15 496 352.355040472      -2.49     -2.73      2.96  0.       -3431.487       6785.824       5750.288    0.000  -0.139   0.381   0.
  2017 352  8 31 16 496 352.355052046      -1.57     -0.63      2.95  0.       -3432.602       6785.945       5749.191    0.000  -0.139   0.381   0.
  2017 352  8 31 17 496 352.355063620      -0.89      2.15      1.08  0.       -3433.718       6786.066       5748.094    0.000  -0.139   0.381   0.
  2017 352  8 31 18 496 352.355075194      -1.27      0.39     -0.90  0.       -3434.833       6786.186       5746.997    0.000  -0.138   0.380   0.
  2017 352  8 31 19 496 352.355086768      -2.02     -4.76      1.52  0.       -3435.948       6786.306       5745.899    0.000  -0.138   0.380   0.
  2017 352  8 31 20 496 352.355098342      -1.79     -1.66      1.47  0.       -3437.063       6786.426       5744.801    0.000  -0.139   0.381   0.
  2017 352  8 31 21 496 352.355109916      -0.35      1.24     -0.05  0.       -3438.178       6786.545       5743.703    0.000  -0.139   0.381   0.
  2017 352  8 31 22 496 352.355121490      -0.69      2.26     -1.62  0.       -3439.293       6786.664       5742.604    0.000  -0.139   0.381   0.
  2017 352  8 31 23 496 352.355133064      -1.44     -0.23     -2.78  0.       -3440.407       6786.783       5741.505    0.000  -0.139   0.381   0.
  2017 352  8 31 24 496 352.355144638      -4.39     -2.33     -3.71  0.       -3441.522       6786.901       5740.406    0.000  -0.139   0.381   0.
  2017 352  8 31 25 496 352.355156212      -3.27      1.37     -0.45  0.       -3442.636       6787.019       5739.307    0.000  -0.139   0.381   0.
  2017 352  8 31 26 496 352.355167786      -1.67      0.75     -0.71  0.       -3443.750       6787.137       5738.207    0.000  -0.138   0.380   0.
  2017 352  8 31 27 496 352.355179361      -3.62     -3.22     -2.24  0.       -3444.864       6787.254       5737.107    0.000  -0.138   0.380   0.
  2017 352  8 31 28 496 352.355190935      -6.05     -4.26      1.25  0.       -3445.977       6787.371       5736.007    0.000  -0.139   0.381   0.
  2017 352  8 31 29 496 352.355202509      -1.74      1.01      2.67  0.       -3447.091       6787.488       5734.906    0.000  -0.139   0.381   0.
  2017 352  8 31 30 496 352.355214083      -1.62      0.39     -3.84  0.       -3448.204       6787.604       5733.805    0.000  -0.139   0.381   0.
  2017 352  8 31 31 496 352.355225657      -2.65     -3.54     -0.72  0.       -3449.317       6787.720       5732.704    0.000  -0.139   0.381   0.
  2017 352  8 31 32 496 352.355237231      -2.36      0.12      2.33  0.       -3450.430       6787.836       5731.603    0.000  -0.138   0.380   0.
  2017 352  8 31 33 496 352.355248805      -0.43      0.14     -0.95  0.       -3451.543       6787.951       5730.501    0.000  -0.138   0.380   0.
  2017 352  8 31 34 496 352.355260379       0.34      0.73     -0.90  0.       -3452.655       6788.066       5729.399    0.000  -0.138   0.380   0.
  2017 352  8 31 35 496 352.355271953       1.14      0.21     -0.51  0.       -3453.768       6788.181       5728.297    0.000  -0.138   0.380   0.
  2017 352  8 31 36 496 352.355283527       0.37      0.72     -0.69  0.       -3454.880       6788.295       5727.194    0.000  -0.138   0.380   0.
  2017 352  8 31 37 496 352.355295101      -0.11      0.73     -2.98  0.       -3455.992       6788.409       5726.091    0.000  -0.138   0.380   0.
  2017 352  8 31 38 496 352.355306673       0.76     -1.21      0.16  0.       -3457.104       6788.522       5724.988    0.000  -0.138   0.380   0.
  2017 352  8 31 39 496 352.355318247      -0.11      0.68      1.37  0.       -3458.216       6788.636       5723.885    0.000  -0.138   0.380   0.
  2017 352  8 31 40 496 352.355329821       0.40     -0.51      1.88  0.       -3459.327       6788.749       5722.781    0.000  -0.138   0.380   0.
  2017 352  8 31 41 496 352.355341395      -0.49      0.63     -0.47  0.       -3460.439       6788.861       5721.677    0.000  -0.138   0.380   0.
  2017 352  8 31 42 496 352.355352969      -3.56     -0.45      0.04  0.       -3461.550       6788.974       5720.573    0.000  -0.138   0.380   0.
  2017 352  8 31 43 496 352.355364543      -2.78      1.81     -0.90  0.       -3462.661       6789.086       5719.468    0.000  -0.138   0.380   0.
  2017 352  8 31 44 496 352.355376117      -1.96      0.10     -2.29  0.       -3463.772       6789.197       5718.363    0.000  -0.138   0.380   0.
  2017 352  8 31 45 496 352.355387691      -0.21      0.65      0.04  0.       -3464.883       6789.309       5717.258    0.000  -0.138   0.380   0.
  2017 352  8 31 46 496 352.355399265      -2.37      2.57     -1.21  0.       -3465.993       6789.420       5716.153    0.000  -0.138   0.380   0.
  2017 352  8 31 47 496 352.355410839      -1.89      1.04     -0.52  0.       -3467.104       6789.530       5715.047    0.000  -0.138   0.380   0.
  2017 352  8 31 48 496 352.355422413      -1.29      2.50     -1.51  0.       -3468.214       6789.640       5713.941    0.000  -0.139   0.381   0.
  2017 352  8 31 49 496 352.355433987       0.22      0.28     -1.48  0.       -3469.324       6789.750       5712.835    0.000  -0.139   0.381   0.
  2017 352  8 31 50 496 352.355445561      -1.69      0.30     -1.80  0.       -3470.434       6789.860       5711.729    0.000  -0.139   0.381   0.
  2017 352  8 31 51 496 352.355457135      -3.31      0.07     -2.71  0.       -3471.543       6789.969       5710.622    0.000  -0.139   0.381   0.
  2017 352  8 31 52 496 352.355468710      -0.66      1.08     -3.39  0.       -3472.653       6790.078       5709.515    0.000  -0.139   0.381   0.
  2017 352  8 31 53 496 352.355480284      -3.91     -0.66     -2.54  0.       -3473.762       6790.187       5708.407    0.000  -0.139   0.381   0.
  2017 352  8 31 54 496 352.355491858      -5.18      0.20      1.65  0.       -3474.871       6790.295       5707.300    0.000  -0.138   0.380   0.
  2017 352  8 31 55 496 352.355503432      -2.38      1.11      3.12  0.       -3475.980       6790.403       5706.192    0.000  -0.138   0.380   0.
  2017 352  8 31 56 496 352.355515006      -2.12      1.67     -1.69  0.       -3477.089       6790.511       5705.083    0.000  -0.139   0.381   0.
  2017 352  8 31 57 496 352.355526580      -2.58      0.70      0.18  0.       -3478.198       6790.618       5703.975    0.000  -0.139   0.381   0.
  2017 352  8 31 58 496 352.355538154      -2.25      2.13     -2.40  0.       -3479.306       6790.725       5702.866    0.000  -0.138   0.380   0.
  2017 352  8 31 59 496 352.355549728      -3.29      1.99     -0.54  0.       -3480.415       6790.831       5701.757    0.000  -0.138   0.380   0.
  2017 352  8 32  0 496 352.355561302      -0.98      0.68      0.96  0.       -3481.523       6790.938       5700.648    0.000  -0.138   0.380   0.
  2017 352  8 32  1 496 352.355572876      -0.93      1.45      0.06  0.       -3482.631       6791.043       5699.538    0.000  -0.138   0.380   0.
  2017 352  8 32  2 496 352.355584450      -2.04     -1.03     -3.50  0.       -3483.739       6791.149       5698.428    0.000  -0.139   0.381   0.
  2017 352  8 32  3 496 352.355596024      -4.06     -2.06     -1.15  0.       -3484.846       6791.254       5697.318    0.000  -0.139   0.381   0.
  2017 352  8 32  4 496 352.355607598      -1.54     -0.67      1.57  0.       -3485.954       6791.359       5696.208    0.000  -0.138   0.380   0.
  2017 352  8 32  5 496 352.355619172       0.05      1.95      0.03  0.       -3487.061       6791.464       5695.097    0.000  -0.138   0.380   0.
  2017 352  8 32  6 496 352.355630744      -1.73      0.37     -1.66  0.       -3488.168       6791.568       5693.986    0.000  -0.138   0.380   0.
  2017 352  8 32  7 496 352.355642318      -3.44      0.17     -0.33  0.       -3489.275       6791.672       5692.874    0.000  -0.138   0.380   0.
  2017 352  8 32  8 496 352.355653892      -3.09      0.45     -0.07  0.       -3490.382       6791.775       5691.763    0.000  -0.139   0.381   0.
  2017 352  8 32  9 496 352.355665466      -1.61      1.04      0.29  0.       -3491.488       6791.879       5690.651    0.000  -0.139   0.381   0.
  2017 352  8 32 10 496 352.355677040      -1.88      2.14     -0.73  0.       -3492.595       6791.982       5689.539    0.000  -0.138   0.380   0.
  2017 352  8 32 11 496 352.355688614      -1.10      2.10     -0.46  0.       -3493.701       6792.084       5688.426    0.000  -0.138   0.380   0.
  2017 352  8 32 12 496 352.355700188      -1.33      2.65     -0.15  0.       -3494.807       6792.186       5687.314    0.000  -0.138   0.380   0.
  2017 352  8 32 13 496 352.355711762       0.17      1.21     -1.29  0.       -3495.913       6792.288       5686.200    0.000  -0.138   0.380   0.
  2017 352  8 32 14 496 352.355723336      -0.41      0.99     -0.12  0.       -3497.019       6792.390       5685.087    0.000  -0.138   0.380   0.
  2017 352  8 32 15 496 352.355734910      -0.27      1.48     -0.43  0.       -3498.124       6792.491       5683.974    0.000  -0.138   0.380   0.
  2017 352  8 32 16 496 352.355746484      -1.67      0.69      1.02  0.       -3499.229       6792.592       5682.860    0.000  -0.138   0.380   0.
  2017 352  8 32 17 496 352.355758058      -0.25      1.75     -0.91  0.       -3500.335       6792.692       5681.746    0.000  -0.138   0.380   0.
  2017 352  8 32 18 496 352.355769633      -2.05      1.70     -0.89  0.       -3501.440       6792.792       5680.631    0.000  -0.139   0.381   0.
  2017 352  8 32 19 496 352.355781207      -3.49      1.96     -1.23  0.       -3502.544       6792.892       5679.516    0.000  -0.139   0.381   0.
  2017 352  8 32 20 496 352.355792781      -1.63      1.60     -1.37  0.       -3503.649       6792.992       5678.401    0.000  -0.139   0.381   0.
  2017 352  8 32 21 496 352.355804355      -1.93      2.07     -1.95  0.       -3504.754       6793.091       5677.286    0.000  -0.139   0.381   0.
  2017 352  8 32 22 496 352.355815929      -1.25      0.10     -2.94  0.       -3505.858       6793.190       5676.171    0.000  -0.139   0.381   0.
  2017 352  8 32 23 496 352.355827503      -0.48      3.05      0.12  0.       -3506.962       6793.288       5675.055    0.000  -0.139   0.381   0.
  2017 352  8 32 24 496 352.355839077      -1.91      2.73     -2.75  0.       -3508.066       6793.387       5673.939    0.000  -0.138   0.380   0.
  2017 352  8 32 25 496 352.355850651      -2.04      1.41     -1.38  0.       -3509.170       6793.484       5672.822    0.000  -0.138   0.380   0.
  2017 352  8 32 26 496 352.355862225      -3.49      2.28     -1.16  0.       -3510.274       6793.582       5671.706    0.000  -0.138   0.380   0.
  2017 352  8 32 27 496 352.355873799      -4.08     -0.58     -1.19  0.       -3511.377       6793.679       5670.589    0.000  -0.138   0.380   0.
  2017 352  8 32 28 496 352.355885373      -1.81     -4.78      2.07  0.       -3512.480       6793.776       5669.471    0.000  -0.139   0.381   0.
  2017 352  8 32 29 496 352.355896947      -0.59     -1.89      3.28  0.       -3513.583       6793.872       5668.354    0.000  -0.139   0.381   0.
  2017 352  8 32 30 496 352.355908521       0.09      2.83      1.82  0.       -3514.686       6793.968       5667.236    0.000  -0.139   0.381   0.
  2017 352  8 32 31 496 352.355920096      -0.79      1.00     -1.55  0.       -3515.789       6794.065       5666.118    0.000  -0.139   0.381   0.
  2017 352  8 32 32 496 352.355931670       0.56     -1.13      0.04  0.       -3516.892       6794.160       5665.000    0.000  -0.138   0.380   0.
  2017 352  8 32 33 496 352.355943244       0.20     -0.09     -0.80  0.       -3517.994       6794.255       5663.881    0.000  -0.138   0.380   0.
  2017 352  8 32 34 496 352.355954818      -1.78      0.19      2.84  0.       -3519.096       6794.350       5662.762    0.000  -0.139   0.381   0.
  2017 352  8 32 35 496 352.355966392      -2.72      1.73     -0.12  0.       -3520.198       6794.444       5661.642    0.000  -0.139   0.381   0.
  2017 352  8 32 36 496 352.355977966      -3.19      0.43     -0.71  0.       -3521.300       6794.538       5660.524    0.000  -0.139   0.381   0.
  2017 352  8 32 37 496 352.355989540      -3.09      0.20      0.09  0.       -3522.402       6794.632       5659.404    0.000  -0.139   0.381   0.
  2017 352  8 32 38 495 352.356001111      -2.03      0.28      1.26  0.       -3523.504       6794.726       5658.283    0.000  -0.139   0.381   0.
  2017 352  8 32 39 495 352.356012685      -1.23     -0.15      0.90  0.       -3524.605       6794.819       5657.163    0.000  -0.139   0.381   0.
  2017 352  8 32 40 495 352.356024259      -0.04     -0.57      0.31  0.       -3525.706       6794.911       5656.043    0.000  -0.139   0.381   0.
  2017 352  8 32 41 495 352.356035833       1.03     -1.55     -0.24  0.       -3526.807       6795.004       5654.921    0.000  -0.139   0.381   0.
  2017 352  8 32 42 496 352.356047407       2.58     -0.59     -0.95  0.       -3527.908       6795.096       5653.800    0.000  -0.138   0.380   0.
  2017 352  8 32 43 496 352.356058981       1.55      2.63     -0.70  0.       -3529.009       6795.188       5652.679    0.000  -0.138   0.380   0.
  2017 352  8 32 44 495 352.356070556       0.92      1.51     -1.44  0.       -3530.109       6795.279       5651.557    0.000  -0.139   0.381   0.
  2017 352  8 32 45 495 352.356082130       1.58      0.76     -1.26  0.       -3531.209       6795.370       5650.435    0.000  -0.139   0.381   0.
  2017 352  8 32 46 496 352.356093704       1.35     -0.25     -0.91  0.       -3532.309       6795.461       5649.313    0.000  -0.139   0.381   0.
  2017 352  8 32 47 496 352.356105278       2.07     -0.55     -2.13  0.       -3533.409       6795.551       5648.190    0.000  -0.139   0.381   0.
  2017 352  8 32 48 496 352.356116852      -0.53      0.37     -4.32  0.       -3534.509       6795.641       5647.067    0.000  -0.139   0.381   0.
  2017 352  8 32 49 496 352.356128426      -3.33     -0.77     -4.28  0.       -3535.609       6795.731       5645.944    0.000  -0.139   0.381   0.
  2017 352  8 32 50 495 352.356140000      -3.18     -1.51     -0.80  0.       -3536.708       6795.821       5644.821    0.000  -0.139   0.381   0.
  2017 352  8 32 51 495 352.356151574       1.15      0.24      1.25  0.       -3537.808       6795.910       5643.697    0.000  -0.139   0.381   0.
  2017 352  8 32 52 495 352.356163148      -1.81      2.90      1.16  0.       -3538.907       6795.998       5642.573    0.000  -0.139   0.381   0.
  2017 352  8 32 53 495 352.356174722      -2.56      0.40     -1.53  0.       -3540.006       6796.087       5641.449    0.000  -0.139   0.381   0.
  2017 352  8 32 54 495 352.356186296      -1.77      2.84     -2.55  0.       -3541.104       6796.175       5640.324    0.000  -0.139   0.381   0.
  2017 352  8 32 55 496 352.356197870      -5.77     -0.35     -2.83  0.       -3542.203       6796.263       5639.199    0.000  -0.139   0.381   0.
  2017 352  8 32 56 496 352.356209444      -4.39     -1.13      1.12  0.       -3543.301       6796.350       5638.074    0.000  -0.139   0.381   0.
  2017 352  8 32 57 495 352.356221019      -2.76      3.03     -1.99  0.       -3544.399       6796.437       5636.949    0.000  -0.139   0.381   0.
  2017 352  8 32 58 495 352.356232593      -2.24     -0.13     -0.43  0.       -3545.497       6796.524       5635.823    0.000  -0.139   0.381   0.
  2017 352  8 32 59 496 352.356244167      -3.16     -1.90      3.30  0.       -3546.595       6796.610       5634.697    0.000  -0.139   0.381   0.
  2017 352  8 33  0 496 352.356255741      -1.83     -0.93      4.81  0.       -3547.693       6796.696       5633.571    0.000  -0.139   0.381   0.
  2017 352  8 33  1 496 352.356267315      -1.70     -0.40      4.42  0.       -3548.790       6796.782       5632.444    0.000  -0.139   0.381   0.
  2017 352  8 33  2 496 352.356278889      -0.47      0.47      3.61  0.       -3549.888       6796.867       5631.318    0.000  -0.139   0.381   0.
  2017 352  8 33  3 496 352.356290463      -1.55      1.15      1.50  0.       -3550.985       6796.952       5630.191    0.000  -0.139   0.381   0.
  2017 352  8 33  4 495 352.356302037      -1.54      0.80     -0.10  0.       -3552.082       6797.037       5629.063    0.000  -0.139   0.381   0.
  2017 352  8 33  5 495 352.356313611      -2.22      0.66      0.92  0.       -3553.179       6797.121       5627.936    0.000  -0.139   0.381   0.
  2017 352  8 33  6 495 352.356325183      -4.15      1.44      0.86  0.       -3554.275       6797.205       5626.808    0.000  -0.139   0.381   0.
  2017 352  8 33  7 495 352.356336756      -1.82      0.51     -0.58  0.       -3555.372       6797.289       5625.679    0.000  -0.139   0.381   0.
  2017 352  8 33  8 495 352.356348330      -0.14      0.62      0.65  0.       -3556.468       6797.372       5624.551    0.000  -0.138   0.380   0.
  2017 352  8 33  9 495 352.356359905      -0.06      0.89      0.60  0.       -3557.564       6797.455       5623.422    0.000  -0.138   0.380   0.
  2017 352  8 33 10 495 352.356371479      -0.50      0.87      0.61  0.       -3558.660       6797.538       5622.293    0.000  -0.138   0.380   0.
  2017 352  8 33 11 495 352.356383053       0.10      0.91      0.31  0.       -3559.756       6797.620       5621.164    0.000  -0.138   0.380   0.
  2017 352  8 33 12 495 352.356394627       1.88      2.17     -0.60  0.       -3560.851       6797.702       5620.034    0.000  -0.139   0.381   0.
  2017 352  8 33 13 495 352.356406201       1.03      3.61     -1.53  0.       -3561.947       6797.784       5618.904    0.000  -0.139   0.381   0.
  2017 352  8 33 14 495 352.356417775      -3.10      0.94     -0.53  0.       -3563.042       6797.865       5617.774    0.000  -0.139   0.381   0.
  2017 352  8 33 15 495 352.356429349      -2.19      2.16     -0.65  0.       -3564.137       6797.946       5616.644    0.000  -0.139   0.381   0.
  2017 352  8 33 16 495 352.356440923      -3.94      1.53     -2.90  0.       -3565.232       6798.026       5615.513    0.000  -0.139   0.381   0.
  2017 352  8 33 17 495 352.356452497      -1.46      2.67     -2.00  0.       -3566.326       6798.107       5614.382    0.000  -0.139   0.381   0.
  2017 352  8 33 18 495 352.356464071      -2.85      2.66     -1.43  0.       -3567.421       6798.187       5613.251    0.000  -0.138   0.380   0.
  2017 352  8 33 19 495 352.356475645      -1.40      0.92     -0.68  0.       -3568.515       6798.266       5612.119    0.000  -0.138   0.380   0.
  2017 352  8 33 20 495 352.356487219      -0.35      1.58     -0.47  0.       -3569.609       6798.346       5610.987    0.000  -0.139   0.381   0.
  2017 352  8 33 21 495 352.356498793      -1.49      2.17     -0.67  0.       -3570.703       6798.424       5609.855    0.000  -0.139   0.381   0.
  2017 352  8 33 22 495 352.356510367      -1.56      0.55     -1.42  0.       -3571.797       6798.503       5608.723    0.000  -0.139   0.381   0.
  2017 352  8 33 23 495 352.356521942      -0.80      0.75     -0.89  0.       -3572.891       6798.581       5607.590    0.000  -0.139   0.381   0.
  2017 352  8 33 24 495 352.356533516      -4.17      0.44      0.09  0.       -3573.984       6798.659       5606.457    0.000  -0.138   0.380   0.
  2017 352  8 33 25 495 352.356545090      -3.56      1.13      1.44  0.       -3575.077       6798.737       5605.324    0.000  -0.138   0.380   0.
  2017 352  8 33 26 495 352.356556664      -1.28      0.68     -0.83  0.       -3576.170       6798.814       5604.191    0.000  -0.139   0.381   0.
  2017 352  8 33 27 495 352.356568238      -1.54      0.36     -1.52  0.       -3577.263       6798.891       5603.057    0.000  -0.139   0.381   0.
  2017 352  8 33 28 495 352.356579812      -1.39      0.33     -0.17  0.       -3578.356       6798.967       5601.923    0.000  -0.139   0.381   0.
  2017 352  8 33 29 495 352.356591386      -1.83      0.64     -0.23  0.       -3579.448       6799.044       5600.788    0.000  -0.139   0.381   0.
  2017 352  8 33 30 495 352.356602960      -1.01      1.22     -2.14  0.       -3580.541       6799.120       5599.654    0.000  -0.138   0.380   0.
  2017 352  8 33 31 495 352.356614534      -3.97      1.70     -0.86  0.       -3581.633       6799.195       5598.519    0.000  -0.138   0.380   0.
  2017 352  8 33 32 495 352.356626108      -5.96      0.39      0.95  0.       -3582.725       6799.270       5597.384    0.000  -0.138   0.380   0.
  2017 352  8 33 33 495 352.356637682      -2.45      3.47      0.35  0.       -3583.817       6799.345       5596.248    0.000  -0.138   0.380   0.
  2017 352  8 33 34 495 352.356649256      -3.51      1.92     -2.30  0.       -3584.908       6799.420       5595.112    0.000  -0.139   0.381   0.
  2017 352  8 33 35 495 352.356660830      -3.07      2.12     -0.93  0.       -3586.000       6799.494       5593.976    0.000  -0.139   0.381   0.
  2017 352  8 33 36 495 352.356672402      -1.13      1.72     -1.07  0.       -3587.091       6799.568       5592.840    0.000  -0.138   0.380   0.
  2017 352  8 33 37 495 352.356683976      -2.95      2.33     -3.24  0.       -3588.182       6799.641       5591.704    0.000  -0.138   0.380   0.
  2017 352  8 33 38 495 352.356695550      -4.82     -2.12     -0.97  0.       -3589.273       6799.714       5590.567    0.000  -0.138   0.380   0.
  2017 352  8 33 39 495 352.356707124      -2.98     -1.02      3.41  0.       -3590.364       6799.787       5589.430    0.000  -0.138   0.380   0.
  2017 352  8 33 40 495 352.356718698      -1.16      2.26      1.70  0.       -3591.454       6799.860       5588.292    0.000  -0.139   0.381   0.
  2017 352  8 33 41 495 352.356730272      -2.49      1.62     -2.04  0.       -3592.545       6799.932       5587.154    0.000  -0.139   0.381   0.
  2017 352  8 33 42 495 352.356741846      -3.85     -1.36     -1.23  0.       -3593.635       6800.004       5586.016    0.000  -0.139   0.381   0.
  2017 352  8 33 43 495 352.356753420      -5.28      1.81      2.05  0.       -3594.725       6800.075       5584.878    0.000  -0.139   0.381   0.
  2017 352  8 33 44 495 352.356764994      -0.43      0.50     -1.27  0.       -3595.815       6800.146       5583.740    0.000  -0.139   0.381   0.
  2017 352  8 33 45 495 352.356776568       0.92     -0.09     -1.10  0.       -3596.905       6800.217       5582.601    0.000  -0.139   0.381   0.
  2017 352  8 33 46 495 352.356788142      -2.44     -0.60     -0.06  0.       -3597.994       6800.288       5581.462    0.000  -0.138   0.380   0.
  2017 352  8 33 47 495 352.356799716      -0.96      1.63     -0.68  0.       -3599.083       6800.358       5580.322    0.000  -0.138   0.380   0.
  2017 352  8 33 48 495 352.356811290       1.60     -0.54     -2.86  0.       -3600.173       6800.427       5579.183    0.000  -0.138   0.380   0.
  2017 352  8 33 49 495 352.356822865       0.80     -0.57      0.06  0.       -3601.262       6800.497       5578.043    0.000  -0.138   0.380   0.
  2017 352  8 33 50 495 352.356834439       0.42      0.16      1.14  0.       -3602.350       6800.566       5576.903    0.000  -0.139   0.381   0.
  2017 352  8 33 51 495 352.356846013      -2.08      2.19     -0.68  0.       -3603.439       6800.635       5575.762    0.000  -0.139   0.381   0.
  2017 352  8 33 52 495 352.356857587      -1.33      1.87     -1.98  0.       -3604.527       6800.703       5574.621    0.000  -0.138   0.380   0.
  2017 352  8 33 53 495 352.356869161      -1.28      1.81     -0.81  0.       -3605.616       6800.771       5573.480    0.000  -0.138   0.380   0.
  2017 352  8 33 54 495 352.356880735      -5.15      1.38     -0.97  0.       -3606.704       6800.839       5572.339    0.000  -0.139   0.381   0.
  2017 352  8 33 55 495 352.356892309      -5.69     -0.96      0.67  0.       -3607.791       6800.907       5571.197    0.000  -0.139   0.381   0.
  2017 352  8 33 56 495 352.356903883      -3.03     -0.80      1.11  0.       -3608.879       6800.974       5570.056    0.000  -0.138   0.380   0.
  2017 352  8 33 57 495 352.356915457      -0.53      1.09      2.28  0.       -3609.967       6801.040       5568.913    0.000  -0.138   0.380   0.
  2017 352  8 33 58 495 352.356927031      -0.44      4.03      1.33  0.       -3611.054       6801.107       5567.771    0.000  -0.138   0.380   0.
  2017 352  8 33 59 495 352.356938605      -1.74      2.64     -2.70  0.       -3612.141       6801.173       5566.628    0.000  -0.138   0.380   0.
  2017 352  8 34  0 495 352.356950179      -2.75      1.18     -2.09  0.       -3613.228       6801.238       5565.485    0.000  -0.138   0.380   0.
  2017 352  8 34  1 495 352.356961754      -2.20      2.77     -1.42  0.       -3614.315       6801.304       5564.342    0.000  -0.138   0.380   0.
  2017 352  8 34  2 495 352.356973327      -1.82      2.41     -0.05  0.       -3615.402       6801.369       5563.199    0.000  -0.139   0.381   0.
  2017 352  8 34  3 495 352.356984902      -2.94      2.29     -0.05  0.       -3616.488       6801.434       5562.055    0.000  -0.139   0.381   0.
  2017 352  8 34  4 495 352.356996476      -3.54      2.25     -1.08  0.       -3617.574       6801.498       5560.911    0.000  -0.138   0.380   0.
  2017 352  8 34  5 495 352.357008050      -3.52      0.34     -2.00  0.       -3618.660       6801.562       5559.766    0.000  -0.138   0.380   0.
  2017 352  8 34  6 495 352.357019621      -0.01      0.47      0.55  0.       -3619.746       6801.626       5558.622    0.000  -0.139   0.381   0.
  2017 352  8 34  7 495 352.357031195       0.79      3.73      0.49  0.       -3620.832       6801.689       5557.477    0.000  -0.139   0.381   0.
  2017 352  8 34  8 495 352.357042769      -0.99      3.22     -1.32  0.       -3621.917       6801.752       5556.331    0.000  -0.139   0.381   0.
  2017 352  8 34  9 495 352.357054343      -0.39     -1.88      0.63  0.       -3623.003       6801.815       5555.186    0.000  -0.139   0.381   0.
  2017 352  8 34 10 495 352.357065917       0.46     -1.50      3.15  0.       -3624.088       6801.877       5554.040    0.000  -0.139   0.381   0.
  2017 352  8 34 11 495 352.357077491      -0.44      1.37      4.82  0.       -3625.173       6801.939       5552.894    0.000  -0.139   0.381   0.
  2017 352  8 34 12 495 352.357089065      -1.67      3.06      1.78  0.       -3626.258       6802.000       5551.748    0.000  -0.139   0.381   0.
  2017 352  8 34 13 495 352.357100639      -0.80     -0.25     -0.52  0.       -3627.342       6802.062       5550.601    0.000  -0.139   0.381   0.
  2017 352  8 34 14 495 352.357112214      -1.18     -1.08      1.72  0.       -3628.427       6802.123       5549.454    0.000  -0.139   0.381   0.
  2017 352  8 34 15 495 352.357123788      -3.08     -0.09      1.26  0.       -3629.511       6802.183       5548.307    0.000  -0.139   0.381   0.
  2017 352  8 34 16 495 352.357135362      -2.75      0.74     -0.25  0.       -3630.595       6802.244       5547.160    0.000  -0.139   0.381   0.
  2017 352  8 34 17 495 352.357146936      -1.12     -0.61      0.19  0.       -3631.679       6802.304       5546.012    0.000  -0.139   0.381   0.
  2017 352  8 34 18 495 352.357158510       0.56     -0.07      0.37  0.       -3632.763       6802.363       5544.864    0.000  -0.139   0.381   0.
  2017 352  8 34 19 495 352.357170084      -0.17      0.43     -0.36  0.       -3633.846       6802.422       5543.716    0.000  -0.139   0.381   0.
  2017 352  8 34 20 495 352.357181658      -0.44      0.73     -0.43  0.       -3634.930       6802.481       5542.567    0.000  -0.138   0.380   0.
  2017 352  8 34 21 495 352.357193232       1.35      0.71     -1.59  0.       -3636.013       6802.540       5541.419    0.000  -0.138   0.380   0.
  2017 352  8 34 22 495 352.357204806       3.11     -0.27     -0.97  0.       -3637.096       6802.598       5540.269    0.000  -0.139   0.381   0.
  2017 352  8 34 23 495 352.357216380       3.75     -0.36     -1.01  0.       -3638.178       6802.656       5539.120    0.000  -0.139   0.381   0.
  2017 352  8 34 24 495 352.357227954       3.62     -0.97     -1.37  0.       -3639.261       6802.714       5537.970    0.000  -0.139   0.381   0.
  2017 352  8 34 25 495 352.357239528       3.73     -0.82     -2.32  0.       -3640.344       6802.771       5536.821    0.000  -0.139   0.381   0.
  2017 352  8 34 26 495 352.357251102       6.07     -0.28     -3.24  0.       -3641.426       6802.828       5535.670    0.000  -0.138   0.380   0.
  2017 352  8 34 27 495 352.357262677      -0.99     -2.71     -3.07  0.       -3642.508       6802.884       5534.520    0.000  -0.138   0.380   0.
  2017 352  8 34 28 495 352.357274251      -2.69      0.92      0.10  0.       -3643.590       6802.940       5533.369    0.000  -0.139   0.381   0.
  2017 352  8 34 29 495 352.357285825       0.67      0.13     -0.37  0.       -3644.671       6802.996       5532.218    0.000  -0.139   0.381   0.
  2017 352  8 34 30 495 352.357297399      -0.61      0.85      1.53  0.       -3645.753       6803.052       5531.067    0.000  -0.138   0.380   0.
  2017 352  8 34 31 495 352.357308973      -0.83      0.91     -1.36  0.       -3646.834       6803.107       5529.915    0.000  -0.138   0.380   0.
  2017 352  8 34 32 495 352.357320547      -0.68     -0.36     -0.47  0.       -3647.916       6803.162       5528.763    0.000  -0.139   0.381   0.
  2017 352  8 34 33 495 352.357332121      -0.71      1.02     -1.22  0.       -3648.997       6803.216       5527.611    0.000  -0.139   0.381   0.
  2017 352  8 34 34 494 352.357343692      -1.44      1.95     -2.96  0.       -3650.077       6803.271       5526.459    0.000  -0.139   0.381   0.
  2017 352  8 34 35 494 352.357355266      -2.43      2.65     -3.64  0.       -3651.158       6803.324       5525.306    0.000  -0.139   0.381   0.
  2017 352  8 34 36 494 352.357366840      -2.16      1.40     -1.61  0.       -3652.238       6803.378       5524.153    0.000  -0.139   0.381   0.
  2017 352  8 34 37 494 352.357378414      -2.53      1.84     -0.87  0.       -3653.319       6803.431       5523.000    0.000  -0.139   0.381   0.
  2017 352  8 34 38 495 352.357389988      -2.87      0.28     -0.92  0.       -3654.399       6803.484       5521.846    0.000  -0.138   0.380   0.
  2017 352  8 34 39 495 352.357401563      -3.03     -0.65      0.75  0.       -3655.479       6803.536       5520.693    0.000  -0.138   0.380   0.
  2017 352  8 34 40 494 352.357413137      -0.25     -0.93     -1.00  0.       -3656.558       6803.588       5519.538    0.000  -0.139   0.381   0.
  2017 352  8 34 41 494 352.357424711      -1.49     -0.83     -1.47  0.       -3657.638       6803.640       5518.384    0.000  -0.139   0.381   0.
  2017 352  8 34 42 495 352.357436285      -2.30      2.98      0.26  0.       -3658.717       6803.692       5517.230    0.000  -0.139   0.381   0.
  2017 352  8 34 43 495 352.357447859      -1.44      3.78     -2.59  0.       -3659.796       6803.743       5516.075    0.000  -0.139   0.381   0.
  2017 352  8 34 44 495 352.357459433      -3.04      1.76     -2.54  0.       -3660.875       6803.793       5514.919    0.000  -0.139   0.381   0.
  2017 352  8 34 45 495 352.357471007      -3.78     -0.06     -0.47  0.       -3661.954       6803.844       5513.764    0.000  -0.139   0.381   0.
  2017 352  8 34 46 494 352.357482581      -2.21      0.21      0.72  0.       -3663.033       6803.894       5512.608    0.000  -0.139   0.381   0.
  2017 352  8 34 47 494 352.357494155      -1.80      0.89      0.75  0.       -3664.111       6803.944       5511.452    0.000  -0.139   0.381   0.
  2017 352  8 34 48 494 352.357505729      -1.58     -0.16     -2.18  0.       -3665.189       6803.993       5510.296    0.000  -0.138   0.380   0.
  2017 352  8 34 49 494 352.357517303      -1.64      0.19     -1.76  0.       -3666.267       6804.042       5509.139    0.000  -0.138   0.380   0.
  2017 352  8 34 50 494 352.357528877      -1.26      0.84     -0.52  0.       -3667.345       6804.091       5507.983    0.000  -0.139   0.381   0.
  2017 352  8 34 51 495 352.357540451       0.02      0.94      1.31  0.       -3668.423       6804.139       5506.826    0.000  -0.139   0.381   0.
  2017 352  8 34 52 495 352.357552025      -0.21      1.18      1.87  0.       -3669.501       6804.187       5505.668    0.000  -0.138   0.380   0.
  2017 352  8 34 53 494 352.357563600       1.02      1.65      1.76  0.       -3670.578       6804.235       5504.510    0.000  -0.138   0.380   0.
  2017 352  8 34 54 494 352.357575174       1.74      2.13      1.00  0.       -3671.655       6804.282       5503.353    0.000  -0.138   0.380   0.
  2017 352  8 34 55 495 352.357586748       1.39      2.06      0.30  0.       -3672.732       6804.329       5502.194    0.000  -0.138   0.380   0.
  2017 352  8 34 56 495 352.357598322      -0.90      1.86      0.03  0.       -3673.809       6804.376       5501.036    0.000  -0.139   0.381   0.
  2017 352  8 34 57 495 352.357609896       2.35      1.40      0.86  0.       -3674.885       6804.422       5499.877    0.000  -0.139   0.381   0.
  2017 352  8 34 58 495 352.357621470       2.92      2.89     -0.41  0.       -3675.962       6804.468       5498.718    0.000  -0.138   0.380   0.
  2017 352  8 34 59 495 352.357633044      -1.92      0.27     -1.12  0.       -3677.038       6804.514       5497.559    0.000  -0.138   0.380   0.
  2017 352  8 35  0 494 352.357644618      -2.09      1.60     -2.19  0.       -3678.114       6804.559       5496.399    0.000  -0.138   0.380   0.
  2017 352  8 35  1 494 352.357656192      -1.38      0.78      1.45  0.       -3679.190       6804.604       5495.239    0.000  -0.138   0.380   0.
  2017 352  8 35  2 494 352.357667766      -2.32      1.84     -3.03  0.       -3680.265       6804.649       5494.079    0.000  -0.139   0.381   0.
  2017 352  8 35  3 494 352.357679340      -0.39     -2.96     -1.24  0.       -3681.341       6804.693       5492.919    0.000  -0.139   0.381   0.
  2017 352  8 35  4 494 352.357690912       0.08     -0.58     -0.87  0.       -3682.416       6804.737       5491.758    0.000  -0.138   0.380   0.
  2017 352  8 35  5 494 352.357702486       0.20      0.69     -2.07  0.       -3683.491       6804.781       5490.597    0.000  -0.138   0.380   0.
  2017 352  8 35  6 494 352.357714060      -0.02      0.95     -0.26  0.       -3684.566       6804.824       5489.436    0.000  -0.138   0.380   0.
  2017 352  8 35  7 494 352.357725634      -1.78     -0.13     -1.93  0.       -3685.641       6804.867       5488.274    0.000  -0.138   0.380   0.
  2017 352  8 35  8 494 352.357737208      -0.69      0.12     -1.33  0.       -3686.716       6804.909       5487.113    0.000  -0.138   0.380   0.
  2017 352  8 35  9 494 352.357748782       0.07     -0.42     -1.36  0.       -3687.790       6804.952       5485.950    0.000  -0.138   0.380   0.
  2017 352  8 35 10 494 352.357760356      -0.09     -1.76     -0.24  0.       -3688.864       6804.994       5484.788    0.000  -0.138   0.380   0.
  2017 352  8 35 11 494 352.357771930      -0.28      0.81      1.18  0.       -3689.938       6805.035       5483.626    0.000  -0.138   0.380   0.
  2017 352  8 35 12 494 352.357783504      -0.80      0.97      1.00  0.       -3691.012       6805.076       5482.463    0.000  -0.138   0.380   0.
  2017 352  8 35 13 494 352.357795078      -0.09      1.30      1.12  0.       -3692.086       6805.117       5481.299    0.000  -0.138   0.380   0.
  2017 352  8 35 14 494 352.357806652       0.94      1.25     -0.35  0.       -3693.159       6805.158       5480.136    0.000  -0.138   0.380   0.
  2017 352  8 35 15 494 352.357818226       0.64     -0.29     -2.28  0.       -3694.232       6805.198       5478.972    0.000  -0.138   0.380   0.
  2017 352  8 35 16 494 352.357829800      -1.81     -0.95     -0.57  0.       -3695.305       6805.238       5477.808    0.000  -0.138   0.380   0.
  2017 352  8 35 17 494 352.357841374       0.42      1.74     -1.24  0.       -3696.378       6805.277       5476.644    0.000  -0.138   0.380   0.
  2017 352  8 35 18 494 352.357852948       2.40      1.05     -2.57  0.       -3697.451       6805.316       5475.479    0.000  -0.139   0.381   0.
  2017 352  8 35 19 494 352.357864523       1.00     -1.95     -2.19  0.       -3698.523       6805.355       5474.315    0.000  -0.139   0.381   0.
  2017 352  8 35 20 494 352.357876097      -0.63     -1.64      0.55  0.       -3699.596       6805.394       5473.149    0.000  -0.138   0.380   0.
  2017 352  8 35 21 494 352.357887671       0.08     -0.23      0.91  0.       -3700.668       6805.432       5471.984    0.000  -0.138   0.380   0.
  2017 352  8 35 22 494 352.357899245      -0.45     -0.51     -1.56  0.       -3701.740       6805.470       5470.818    0.000  -0.138   0.380   0.
  2017 352  8 35 23 494 352.357910819       0.77     -0.45     -0.63  0.       -3702.812       6805.507       5469.653    0.000  -0.138   0.380   0.
  2017 352  8 35 24 494 352.357922393       0.64     -1.37     -2.27  0.       -3703.883       6805.544       5468.486    0.000  -0.139   0.381   0.
  2017 352  8 35 25 494 352.357933967       0.20     -3.95     -1.36  0.       -3704.955       6805.581       5467.320    0.000  -0.139   0.381   0.
  2017 352  8 35 26 494 352.357945541       0.55     -5.33     -2.48  0.       -3706.026       6805.617       5466.153    0.000  -0.139   0.381   0.
  2017 352  8 35 27 494 352.357957115      -0.38     -4.99      2.84  0.       -3707.097       6805.654       5464.986    0.000  -0.139   0.381   0.
  2017 352  8 35 28 494 352.357968689      -0.97     -1.70      2.71  0.       -3708.168       6805.689       5463.819    0.000  -0.138   0.380   0.
  2017 352  8 35 29 494 352.357980263      -0.01     -0.01      1.10  0.       -3709.238       6805.725       5462.651    0.000  -0.138   0.380   0.
  2017 352  8 35 30 494 352.357991837       0.00      0.09      0.66  0.       -3710.309       6805.760       5461.484    0.000  -0.139   0.381   0.
  2017 352  8 35 31 494 352.358003411      -0.92      1.37      1.54  0.       -3711.379       6805.795       5460.315    0.000  -0.139   0.381   0.
  2017 352  8 35 32 494 352.358014983      -0.62      0.68     -1.20  0.       -3712.449       6805.829       5459.147    0.000  -0.139   0.381   0.
  2017 352  8 35 33 494 352.358026557      -1.35      1.40      2.59  0.       -3713.519       6805.863       5457.978    0.000  -0.139   0.381   0.
  2017 352  8 35 34 494 352.358038131      -2.25      3.67      2.92  0.       -3714.589       6805.897       5456.809    0.000  -0.138   0.380   0.
  2017 352  8 35 35 494 352.358049705      -0.71      1.83     -1.23  0.       -3715.658       6805.930       5455.640    0.000  -0.138   0.380   0.
  2017 352  8 35 36 494 352.358061279       0.88      0.60     -1.02  0.       -3716.728       6805.963       5454.471    0.000  -0.138   0.380   0.
  2017 352  8 35 37 494 352.358072853      -1.50      0.05      1.47  0.       -3717.797       6805.995       5453.301    0.000  -0.138   0.380   0.
  2017 352  8 35 38 494 352.358084427      -1.56      1.12      2.24  0.       -3718.866       6806.028       5452.131    0.000  -0.139   0.381   0.
  2017 352  8 35 39 494 352.358096001      -1.32      0.95     -1.22  0.       -3719.935       6806.060       5450.961    0.000  -0.139   0.381   0.
  2017 352  8 35 40 494 352.358107575      -1.26      0.18     -1.48  0.       -3721.003       6806.091       5449.790    0.000  -0.139   0.381   0.
  2017 352  8 35 41 494 352.358119149      -2.14      0.46      0.00  0.       -3722.072       6806.123       5448.619    0.000  -0.139   0.381   0.
  2017 352  8 35 42 494 352.358130723      -1.00      0.52     -1.93  0.       -3723.140       6806.154       5447.448    0.000  -0.139   0.381   0.
  2017 352  8 35 43 494 352.358142297      -3.27     -1.86     -0.89  0.       -3724.208       6806.185       5446.277    0.000  -0.139   0.381   0.
  2017 352  8 35 44 494 352.358153872      -3.66      0.62      2.33  0.       -3725.276       6806.215       5445.105    0.000  -0.138   0.380   0.
  2017 352  8 35 45 494 352.358165446      -2.13      1.22      1.93  0.       -3726.344       6806.245       5443.933    0.000  -0.138   0.380   0.
  2017 352  8 35 46 494 352.358177020       0.09      2.15      0.60  0.       -3727.411       6806.274       5442.761    0.000  -0.138   0.380   0.
  2017 352  8 35 47 494 352.358188594      -0.56     -0.43     -1.75  0.       -3728.478       6806.304       5441.588    0.000  -0.138   0.380   0.
  2017 352  8 35 48 494 352.358200168       0.90      0.23     -1.12  0.       -3729.545       6806.333       5440.415    0.000  -0.139   0.381   0.
  2017 352  8 35 49 494 352.358211742       1.98      1.20     -1.62  0.       -3730.612       6806.361       5439.242    0.000  -0.139   0.381   0.
  2017 352  8 35 50 494 352.358223316       0.34      1.07     -0.75  0.       -3731.679       6806.389       5438.069    0.000  -0.138   0.380   0.
  2017 352  8 35 51 494 352.358234890      -0.06      3.23     -1.10  0.       -3732.746       6806.417       5436.895    0.000  -0.138   0.380   0.
  2017 352  8 35 52 494 352.358246464      -2.90      0.66     -1.77  0.       -3733.812       6806.445       5435.722    0.000  -0.138   0.380   0.
  2017 352  8 35 53 494 352.358258038      -1.77      0.95      3.86  0.       -3734.878       6806.472       5434.547    0.000  -0.138   0.380   0.
  2017 352  8 35 54 494 352.358269612      -0.78      1.82     -1.19  0.       -3735.944       6806.499       5433.373    0.000  -0.139   0.381   0.
  2017 352  8 35 55 494 352.358281186      -2.28      0.92     -5.16  0.       -3737.010       6806.525       5432.198    0.000  -0.139   0.381   0.
  2017 352  8 35 56 494 352.358292760      -3.65     -0.78     -4.78  0.       -3738.076       6806.552       5431.023    0.000  -0.138   0.380   0.
  2017 352  8 35 57 494 352.358304334      -3.06     -1.01     -3.24  0.       -3739.141       6806.577       5429.848    0.000  -0.138   0.380   0.
  2017 352  8 35 58 494 352.358315909      -2.05      0.40     -1.66  0.       -3740.206       6806.603       5428.673    0.000  -0.138   0.380   0.
  2017 352  8 35 59 494 352.358327483      -2.94      2.21      1.30  0.       -3741.271       6806.628       5427.497    0.000  -0.138   0.380   0.
  2017 352  8 36  0 494 352.358339057      -5.67      2.08      0.62  0.       -3742.336       6806.653       5426.321    0.000  -0.139   0.381   0.
  2017 352  8 36  1 494 352.358350631      -4.98     -0.77     -1.26  0.       -3743.401       6806.677       5425.144    0.000  -0.139   0.381   0.
  2017 352  8 36  2 494 352.358362202      -2.03     -0.14     -0.05  0.       -3744.465       6806.701       5423.968    0.000  -0.138   0.380   0.
  2017 352  8 36  3 494 352.358373776      -0.59      0.28      1.81  0.       -3745.530       6806.725       5422.791    0.000  -0.138   0.380   0.
  2017 352  8 36  4 494 352.358385350      -0.93      0.77      3.39  0.       -3746.594       6806.749       5421.614    0.000  -0.138   0.380   0.
  2017 352  8 36  5 494 352.358396924      -0.17      2.62      5.36  0.       -3747.658       6806.772       5420.436    0.000  -0.138   0.380   0.
  2017 352  8 36  6 494 352.358408498       0.01      1.24      0.10  0.       -3748.721       6806.794       5419.259    0.000  -0.139   0.381   0.
  2017 352  8 36  7 494 352.358420072      -1.51     -0.92      3.61  0.       -3749.785       6806.817       5418.081    0.000  -0.139   0.381   0.
  2017 352  8 36  8 494 352.358431646      -2.76      2.38      4.00  0.       -3750.848       6806.839       5416.902    0.000  -0.138   0.380   0.
  2017 352  8 36  9 494 352.358443220      -1.41      2.43     -1.64  0.       -3751.911       6806.861       5415.724    0.000  -0.138   0.380   0.
  2017 352  8 36 10 494 352.358454795      -3.37      1.16     -2.26  0.       -3752.974       6806.882       5414.545    0.000  -0.139   0.381   0.
  2017 352  8 36 11 494 352.358466369      -1.94      1.30     -0.23  0.       -3754.037       6806.903       5413.366    0.000  -0.139   0.381   0.
  2017 352  8 36 12 494 352.358477943      -4.48      2.25     -1.13  0.       -3755.100       6806.924       5412.187    0.000  -0.139   0.381   0.
  2017 352  8 36 13 494 352.358489517      -3.02      1.30     -0.37  0.       -3756.162       6806.944       5411.007    0.000  -0.139   0.381   0.
  2017 352  8 36 14 494 352.358501091      -1.39      0.42      1.19  0.       -3757.224       6806.964       5409.827    0.000  -0.139   0.381   0.
  2017 352  8 36 15 494 352.358512665      -0.74      2.71      2.73  0.       -3758.286       6806.984       5408.647    0.000  -0.139   0.381   0.
  2017 352  8 36 16 494 352.358524239      -2.20      2.59     -0.39  0.       -3759.348       6807.003       5407.467    0.000  -0.139   0.381   0.
  2017 352  8 36 17 494 352.358535813      -0.65      0.26      0.20  0.       -3760.410       6807.022       5406.286    0.000  -0.139   0.381   0.
  2017 352  8 36 18 494 352.358547387      -0.77      1.38      3.59  0.       -3761.471       6807.041       5405.105    0.000  -0.139   0.381   0.
  2017 352  8 36 19 494 352.358558961       0.44      1.13      3.01  0.       -3762.532       6807.059       5403.924    0.000  -0.139   0.381   0.
  2017 352  8 36 20 494 352.358570535      -1.11      1.56      1.90  0.       -3763.594       6807.077       5402.742    0.000  -0.139   0.381   0.
  2017 352  8 36 21 494 352.358582109      -1.59      0.44      1.35  0.       -3764.654       6807.095       5401.560    0.000  -0.139   0.381   0.
  2017 352  8 36 22 494 352.358593683      -0.30      0.42      1.48  0.       -3765.715       6807.112       5400.378    0.000  -0.139   0.381   0.
  2017 352  8 36 23 494 352.358605258      -0.12      1.17      1.49  0.       -3766.776       6807.129       5399.196    0.000  -0.139   0.381   0.
  2017 352  8 36 24 494 352.358616832      -2.25      1.65      1.72  0.       -3767.836       6807.145       5398.013    0.000  -0.139   0.381   0.
  2017 352  8 36 25 494 352.358628406       0.31      1.06      1.76  0.       -3768.896       6807.161       5396.831    0.000  -0.139   0.381   0.
  2017 352  8 36 26 494 352.358639980       0.62      1.87      1.35  0.       -3769.956       6807.178       5395.648    0.000  -0.139   0.381   0.
  2017 352  8 36 27 494 352.358651554       0.99      2.46      1.03  0.       -3771.016       6807.193       5394.464    0.000  -0.139   0.381   0.
  2017 352  8 36 28 494 352.358663128      -0.80      2.48      0.09  0.       -3772.075       6807.208       5393.280    0.000  -0.139   0.381   0.
  2017 352  8 36 29 494 352.358674702      -1.21      1.59     -0.06  0.       -3773.135       6807.223       5392.097    0.000  -0.139   0.381   0.
  2017 352  8 36 30 494 352.358686276       0.14      1.73      0.79  0.       -3774.194       6807.238       5390.912    0.000  -0.138   0.380   0.
  2017 352  8 36 31 494 352.358697850      -0.57      3.48      0.00  0.       -3775.253       6807.252       5389.727    0.000  -0.138   0.380   0.
  2017 352  8 36 32 493 352.358709421      -2.64      1.28     -2.32  0.       -3776.312       6807.266       5388.543    0.000  -0.138   0.380   0.
  2017 352  8 36 33 494 352.358720995      -1.68      4.22      0.22  0.       -3777.370       6807.279       5387.358    0.000  -0.138   0.380   0.
  2017 352  8 36 34 494 352.358732569      -1.55     -0.58     -1.85  0.       -3778.429       6807.292       5386.172    0.000  -0.138   0.380   0.
  2017 352  8 36 35 493 352.358744144      -0.11     -1.92      2.54  0.       -3779.487       6807.305       5384.987    0.000  -0.138   0.380   0.
  2017 352  8 36 36 493 352.358755718       0.15     -1.20      1.59  0.       -3780.545       6807.318       5383.801    0.000  -0.139   0.381   0.
  2017 352  8 36 37 494 352.358767292       0.81      1.29      0.43  0.       -3781.603       6807.330       5382.615    0.000  -0.139   0.381   0.
  2017 352  8 36 38 494 352.358778866      -0.84      1.00     -0.41  0.       -3782.660       6807.341       5381.428    0.000  -0.138   0.380   0.
  2017 352  8 36 39 494 352.358790440       0.02      1.04      0.21  0.       -3783.718       6807.353       5380.242    0.000  -0.138   0.380   0.
  2017 352  8 36 40 494 352.358802014       0.05      2.51     -0.02  0.       -3784.775       6807.364       5379.055    0.000  -0.138   0.380   0.
  2017 352  8 36 41 494 352.358813588      -0.02      1.90     -0.52  0.       -3785.832       6807.375       5377.868    0.000  -0.138   0.380   0.
  2017 352  8 36 42 493 352.358825162       0.16      1.84     -1.29  0.       -3786.889       6807.385       5376.680    0.000  -0.138   0.380   0.
  2017 352  8 36 43 493 352.358836736      -1.46      0.80     -0.49  0.       -3787.946       6807.395       5375.492    0.000  -0.138   0.380   0.
  2017 352  8 36 44 493 352.358848310      -0.35      2.11     -1.97  0.       -3789.003       6807.405       5374.304    0.000  -0.138   0.380   0.
  2017 352  8 36 45 493 352.358859884       0.16      1.75     -2.35  0.       -3790.058       6807.414       5373.116    0.000  -0.138   0.380   0.
  2017 352  8 36 46 493 352.358871458       0.59      2.41     -1.90  0.       -3791.115       6807.423       5371.927    0.000  -0.138   0.380   0.
  2017 352  8 36 47 494 352.358883032       0.47      3.22     -3.04  0.       -3792.170       6807.432       5370.738    0.000  -0.138   0.380   0.
  2017 352  8 36 48 494 352.358894606      -1.14      1.28     -1.99  0.       -3793.227       6807.440       5369.549    0.000  -0.138   0.380   0.
  2017 352  8 36 49 493 352.358906181      -0.58      0.65     -1.11  0.       -3794.282       6807.448       5368.360    0.000  -0.138   0.380   0.
  2017 352  8 36 50 493 352.358917755      -1.09      1.19     -0.73  0.       -3795.337       6807.456       5367.170    0.000  -0.138   0.380   0.
  2017 352  8 36 51 494 352.358929329      -2.43     -0.57     -1.51  0.       -3796.392       6807.463       5365.980    0.000  -0.138   0.380   0.
  2017 352  8 36 52 494 352.358940903      -0.94      1.63      0.52  0.       -3797.447       6807.470       5364.790    0.000  -0.138   0.380   0.
  2017 352  8 36 53 494 352.358952477      -1.07      2.09     -1.35  0.       -3798.502       6807.477       5363.600    0.000  -0.138   0.380   0.
  2017 352  8 36 54 494 352.358964051      -2.14      1.01     -2.03  0.       -3799.557       6807.483       5362.409    0.000  -0.138   0.380   0.
  2017 352  8 36 55 493 352.358975625      -3.63      0.58      1.41  0.       -3800.611       6807.489       5361.218    0.000  -0.138   0.380   0.
  2017 352  8 36 56 493 352.358987199      -3.19      1.42     -0.57  0.       -3801.665       6807.495       5360.026    0.000  -0.139   0.381   0.
  2017 352  8 36 57 493 352.358998773      -2.59      1.48     -0.31  0.       -3802.719       6807.500       5358.835    0.000  -0.139   0.381   0.
  2017 352  8 36 58 493 352.359010347      -2.38      2.33     -2.33  0.       -3803.773       6807.505       5357.643    0.000  -0.138   0.380   0.
  2017 352  8 36 59 493 352.359021921      -1.47     -0.25      0.79  0.       -3804.827       6807.509       5356.451    0.000  -0.138   0.380   0.
  2017 352  8 37  0 494 352.359033495      -2.07      1.46      2.45  0.       -3805.880       6807.513       5355.259    0.000  -0.138   0.380   0.
  2017 352  8 37  1 494 352.359045069      -1.88      3.46      2.93  0.       -3806.933       6807.517       5354.066    0.000  -0.138   0.380   0.
  2017 352  8 37  2 493 352.359056641      -2.28      3.50     -1.74  0.       -3807.986       6807.521       5352.873    0.000  -0.139   0.381   0.
  2017 352  8 37  3 493 352.359068215      -1.88      2.13     -3.30  0.       -3809.039       6807.524       5351.680    0.000  -0.139   0.381   0.
  2017 352  8 37  4 493 352.359079789      -2.48      2.06     -0.86  0.       -3810.092       6807.527       5350.486    0.000  -0.139   0.381   0.
  2017 352  8 37  5 493 352.359091363      -2.13      3.48      0.19  0.       -3811.144       6807.529       5349.293    0.000  -0.139   0.381   0.
  2017 352  8 37  6 493 352.359102937      -3.76      2.76     -0.18  0.       -3812.197       6807.532       5348.099    0.000  -0.138   0.380   0.
  2017 352  8 37  7 493 352.359114511      -3.53      2.56      0.30  0.       -3813.249       6807.533       5346.904    0.000  -0.138   0.380   0.
  2017 352  8 37  8 493 352.359126085      -3.25      2.76     -0.76  0.       -3814.301       6807.535       5345.710    0.000  -0.139   0.381   0.
  2017 352  8 37  9 493 352.359137659      -3.67      2.68     -0.14  0.       -3815.352       6807.536       5344.515    0.000  -0.139   0.381   0.
  2017 352  8 37 10 493 352.359149233      -0.44     -0.76     -0.70  0.       -3816.404       6807.537       5343.320    0.000  -0.139   0.381   0.
  2017 352  8 37 11 493 352.359160807       0.94      4.12      0.19  0.       -3817.455       6807.537       5342.124    0.000  -0.139   0.381   0.
  2017 352  8 37 12 493 352.359172381      -1.72      5.14     -1.86  0.       -3818.506       6807.537       5340.929    0.000  -0.138   0.380   0.
  2017 352  8 37 13 493 352.359183955      -1.48      0.17     -3.03  0.       -3819.557       6807.537       5339.733    0.000  -0.138   0.380   0.
  2017 352  8 37 14 493 352.359195529      -0.26      2.85      0.46  0.       -3820.608       6807.536       5338.537    0.000  -0.138   0.380   0.
  2017 352  8 37 15 493 352.359207104      -0.09      4.42      1.73  0.       -3821.658       6807.535       5337.340    0.000  -0.138   0.380   0.
  2017 352  8 37 16 493 352.359218678      -1.43      2.79     -0.84  0.       -3822.709       6807.534       5336.144    0.000  -0.139   0.381   0.
  2017 352  8 37 17 493 352.359230252      -2.29      1.27     -3.16  0.       -3823.759       6807.532       5334.947    0.000  -0.139   0.381   0.
  2017 352  8 37 18 493 352.359241826      -1.89      5.17     -0.55  0.       -3824.809       6807.530       5333.749    0.000  -0.139   0.381   0.
  2017 352  8 37 19 493 352.359253400      -2.29      1.37     -1.83  0.       -3825.859       6807.528       5332.552    0.000  -0.139   0.381   0.
  2017 352  8 37 20 493 352.359264974      -3.20      1.16     -2.49  0.       -3826.908       6807.525       5331.354    0.000  -0.138   0.380   0.
  2017 352  8 37 21 493 352.359276548      -2.91      4.55     -0.19  0.       -3827.958       6807.522       5330.156    0.000  -0.138   0.380   0.
  2017 352  8 37 22 493 352.359288122      -2.37      1.50     -0.76  0.       -3829.007       6807.519       5328.958    0.000  -0.139   0.381   0.
  2017 352  8 37 23 493 352.359299696      -2.41      1.51     -1.86  0.       -3830.056       6807.515       5327.759    0.000  -0.139   0.381   0.
  2017 352  8 37 24 493 352.359311270      -2.13      0.60     -1.53  0.       -3831.105       6807.511       5326.560    0.000  -0.139   0.381   0.
  2017 352  8 37 25 493 352.359322844      -2.93      0.41     -0.18  0.       -3832.153       6807.507       5325.361    0.000  -0.139   0.381   0.
  2017 352  8 37 26 493 352.359334418      -1.69      2.48     -0.61  0.       -3833.202       6807.502       5324.162    0.000  -0.138   0.380   0.
  2017 352  8 37 27 493 352.359345992      -1.59      1.34     -1.60  0.       -3834.250       6807.497       5322.962    0.000  -0.138   0.380   0.
  2017 352  8 37 28 493 352.359357567      -1.63      0.17     -1.86  0.       -3835.298       6807.491       5321.762    0.000  -0.139   0.381   0.
  2017 352  8 37 29 493 352.359369141      -1.16     -0.87     -2.03  0.       -3836.346       6807.486       5320.562    0.000  -0.139   0.381   0.
  2017 352  8 37 30 493 352.359380715      -0.06     -1.68      0.20  0.       -3837.393       6807.480       5319.361    0.000  -0.139   0.381   0.
  2017 352  8 37 31 493 352.359392289      -0.49     -0.77     -0.05  0.       -3838.441       6807.473       5318.160    0.000  -0.139   0.381   0.
  2017 352  8 37 32 493 352.359403860      -0.54      1.31      2.29  0.       -3839.488       6807.466       5316.959    0.000  -0.139   0.381   0.
  2017 352  8 37 33 493 352.359415434       1.23      1.54     -2.86  0.       -3840.535       6807.459       5315.758    0.000  -0.139   0.381   0.
  2017 352  8 37 34 493 352.359427008      -1.56     -0.29      0.07  0.       -3841.582       6807.452       5314.557    0.000  -0.139   0.381   0.
  2017 352  8 37 35 493 352.359438582      -1.45     -0.93      1.76  0.       -3842.628       6807.444       5313.355    0.000  -0.139   0.381   0.
  2017 352  8 37 36 493 352.359450156      -1.35      2.84      0.68  0.       -3843.675       6807.436       5312.152    0.000  -0.138   0.380   0.
  2017 352  8 37 37 493 352.359461730      -1.62      1.18     -1.42  0.       -3844.721       6807.427       5310.950    0.000  -0.138   0.380   0.
  2017 352  8 37 38 493 352.359473304      -2.26      0.42     -3.41  0.       -3845.767       6807.418       5309.747    0.000  -0.139   0.381   0.
  2017 352  8 37 39 493 352.359484878      -1.41     -1.23     -2.13  0.       -3846.813       6807.409       5308.545    0.000  -0.139   0.381   0.
  2017 352  8 37 40 493 352.359496453      -0.63     -1.19      1.50  0.       -3847.859       6807.399       5307.341    0.000  -0.138   0.380   0.
  2017 352  8 37 41 493 352.359508027      -0.10      0.67      3.01  0.       -3848.904       6807.389       5306.138    0.000  -0.138   0.380   0.
  2017 352  8 37 42 493 352.359519601      -1.39      2.57      0.28  0.       -3849.950       6807.379       5304.934    0.000  -0.138   0.380   0.
  2017 352  8 37 43 493 352.359531175      -3.10      1.05     -1.01  0.       -3850.995       6807.369       5303.730    0.000  -0.138   0.380   0.
  2017 352  8 37 44 493 352.359542749      -1.16     -0.19      0.77  0.       -3852.040       6807.358       5302.526    0.000  -0.139   0.381   0.
  2017 352  8 37 45 493 352.359554323       0.36      4.26      1.17  0.       -3853.084       6807.346       5301.321    0.000  -0.139   0.381   0.
  2017 352  8 37 46 493 352.359565897      -0.98      2.12      0.05  0.       -3854.129       6807.335       5300.117    0.000  -0.138   0.380   0.
  2017 352  8 37 47 493 352.359577471      -2.23      1.56      0.94  0.       -3855.173       6807.323       5298.911    0.000  -0.138   0.380   0.
  2017 352  8 37 48 493 352.359589045      -2.97      1.32     -2.03  0.       -3856.217       6807.310       5297.706    0.000  -0.138   0.380   0.
  2017 352  8 37 49 493 352.359600619      -0.91      1.46      0.57  0.       -3857.261       6807.298       5296.501    0.000  -0.138   0.380   0.
  2017 352  8 37 50 493 352.359612193      -1.39      3.73      1.74  0.       -3858.305       6807.285       5295.295    0.000  -0.139   0.381   0.
  2017 352  8 37 51 493 352.359623767      -1.18      3.45      1.10  0.       -3859.348       6807.271       5294.088    0.000  -0.139   0.381   0.
  2017 352  8 37 52 493 352.359635341      -3.66      2.13     -1.99  0.       -3860.392       6807.257       5292.882    0.000  -0.139   0.381   0.
  2017 352  8 37 53 493 352.359646915      -2.95     -2.07     -0.92  0.       -3861.435       6807.243       5291.675    0.000  -0.139   0.381   0.
  2017 352  8 37 54 493 352.359658490      -1.09     -1.55      3.25  0.       -3862.478       6807.229       5290.468    0.000  -0.138   0.380   0.
  2017 352  8 37 55 493 352.359670064      -0.21      2.30      4.50  0.       -3863.521       6807.214       5289.261    0.000  -0.138   0.380   0.
  2017 352  8 37 56 493 352.359681638       0.17      1.96      1.67  0.       -3864.563       6807.199       5288.054    0.000  -0.139   0.381   0.
  2017 352  8 37 57 493 352.359693212      -0.41      2.73     -1.54  0.       -3865.605       6807.184       5286.846    0.000  -0.139   0.381   0.
  2017 352  8 37 58 493 352.359704786       0.16      0.85      2.24  0.       -3866.648       6807.168       5285.638    0.000  -0.139   0.381   0.
  2017 352  8 37 59 493 352.359716360      -0.91      2.10     -0.08  0.       -3867.690       6807.152       5284.430    0.000  -0.139   0.381   0.
  2017 352  8 38  0 493 352.359727931      -0.98     -2.05      1.56  0.       -3868.731       6807.135       5283.221    0.000  -0.138   0.380   0.
  2017 352  8 38  1 493 352.359739505       0.10     -0.21      2.96  0.       -3869.773       6807.118       5282.012    0.000  -0.138   0.380   0.
  2017 352  8 38  2 493 352.359751079       2.09      1.74      0.41  0.       -3870.814       6807.101       5280.803    0.000  -0.139   0.381   0.
  2017 352  8 38  3 493 352.359762653       1.86      1.90     -0.63  0.       -3871.855       6807.084       5279.594    0.000  -0.139   0.381   0.
  2017 352  8 38  4 493 352.359774227       1.01     -1.41     -1.28  0.       -3872.896       6807.066       5278.384    0.000  -0.139   0.381   0.
  2017 352  8 38  5 493 352.359785802       0.55      1.39     -0.94  0.       -3873.937       6807.048       5277.174    0.000  -0.139   0.381   0.
  2017 352  8 38  6 493 352.359797376      -1.33      2.09     -0.64  0.       -3874.978       6807.029       5275.964    0.000  -0.139   0.381   0.
  2017 352  8 38  7 493 352.359808950      -1.72      0.05     -0.87  0.       -3876.018       6807.010       5274.753    0.000  -0.139   0.381   0.
  2017 352  8 38  8 493 352.359820524       0.27     -0.41     -1.73  0.       -3877.059       6806.991       5273.543    0.000  -0.138   0.380   0.
  2017 352  8 38  9 493 352.359832098      -1.63     -2.06     -0.11  0.       -3878.099       6806.971       5272.332    0.000  -0.138   0.380   0.
  2017 352  8 38 10 493 352.359843672      -0.30     -1.76     -0.10  0.       -3879.138       6806.951       5271.120    0.000  -0.139   0.381   0.
  2017 352  8 38 11 493 352.359855246       1.09     -0.26      1.20  0.       -3880.178       6806.931       5269.909    0.000  -0.139   0.381   0.
  2017 352  8 38 12 493 352.359866820       2.30     -0.49     -0.18  0.       -3881.217       6806.910       5268.697    0.000  -0.139   0.381   0.
  2017 352  8 38 13 493 352.359878394       2.90      0.45     -1.16  0.       -3882.256       6806.889       5267.485    0.000  -0.139   0.381   0.
  2017 352  8 38 14 493 352.359889968       2.07     -0.19     -1.94  0.       -3883.295       6806.868       5266.273    0.000  -0.139   0.381   0.
  2017 352  8 38 15 493 352.359901542      -0.48      0.67      0.14  0.       -3884.334       6806.847       5265.060    0.000  -0.139   0.381   0.
  2017 352  8 38 16 493 352.359913116      -0.02      1.10     -1.74  0.       -3885.373       6806.824       5263.847    0.000  -0.139   0.381   0.
  2017 352  8 38 17 493 352.359924690       0.35      2.60     -0.16  0.       -3886.411       6806.802       5262.634    0.000  -0.139   0.381   0.
  2017 352  8 38 18 493 352.359936264      -1.23      0.14     -2.27  0.       -3887.449       6806.779       5261.421    0.000  -0.139   0.381   0.
  2017 352  8 38 19 493 352.359947839      -2.19      1.16     -0.14  0.       -3888.487       6806.756       5260.207    0.000  -0.139   0.381   0.
  2017 352  8 38 20 493 352.359959413      -2.31      2.63     -0.63  0.       -3889.525       6806.733       5258.993    0.000  -0.139   0.381   0.
  2017 352  8 38 21 493 352.359970987      -1.98     -0.05     -1.56  0.       -3890.563       6806.709       5257.779    0.000  -0.139   0.381   0.
  2017 352  8 38 22 493 352.359982561      -1.38     -2.65      1.32  0.       -3891.600       6806.685       5256.565    0.000  -0.138   0.380   0.
  2017 352  8 38 23 493 352.359994135      -1.28     -1.13      1.67  0.       -3892.637       6806.661       5255.350    0.000  -0.138   0.380   0.
  2017 352  8 38 24 493 352.360005709      -0.65      0.80      2.89  0.       -3893.674       6806.636       5254.135    0.000  -0.138   0.380   0.
  2017 352  8 38 25 493 352.360017283       0.31      1.84      0.96  0.       -3894.711       6806.611       5252.919    0.000  -0.138   0.380   0.
  2017 352  8 38 26 493 352.360028857      -1.50      0.69     -1.96  0.       -3895.748       6806.585       5251.704    0.000  -0.139   0.381   0.
  2017 352  8 38 27 493 352.360040431      -2.25      0.61     -2.03  0.       -3896.784       6806.559       5250.488    0.000  -0.139   0.381   0.
  2017 352  8 38 28 493 352.360052005      -0.47      0.26     -2.19  0.       -3897.821       6806.533       5249.272    0.000  -0.138   0.380   0.
  2017 352  8 38 29 493 352.360063579      -2.55     -1.41     -1.42  0.       -3898.857       6806.507       5248.056    0.000  -0.138   0.380   0.
  2017 352  8 38 30 493 352.360075150      -2.79      1.42      1.11  0.       -3899.892       6806.480       5246.839    0.000  -0.138   0.380   0.
  2017 352  8 38 31 492 352.360086725      -1.44     -0.49     -0.52  0.       -3900.928       6806.453       5245.622    0.000  -0.138   0.380   0.
  2017 352  8 38 32 492 352.360098299      -0.44      0.25     -0.71  0.       -3901.963       6806.425       5244.405    0.000  -0.139   0.381   0.
  2017 352  8 38 33 493 352.360109873      -0.47     -0.02     -2.32  0.       -3902.999       6806.397       5243.188    0.000  -0.139   0.381   0.
  2017 352  8 38 34 493 352.360121447      -0.16      3.60     -2.85  0.       -3904.034       6806.369       5241.970    0.000  -0.139   0.381   0.
  2017 352  8 38 35 493 352.360133021      -2.64      1.09     -4.72  0.       -3905.068       6806.340       5240.752    0.000  -0.139   0.381   0.
  2017 352  8 38 36 493 352.360144595      -3.65     -0.30     -3.62  0.       -3906.103       6806.311       5239.534    0.000  -0.138   0.380   0.
  2017 352  8 38 37 493 352.360156169      -1.07      0.29     -0.94  0.       -3907.138       6806.282       5238.315    0.000  -0.138   0.380   0.
  2017 352  8 38 38 492 352.360167743      -1.87      1.96      2.84  0.       -3908.172       6806.252       5237.097    0.000  -0.139   0.381   0.
  2017 352  8 38 39 492 352.360179317      -2.05      4.65     -1.06  0.       -3909.206       6806.222       5235.878    0.000  -0.139   0.381   0.
  2017 352  8 38 40 492 352.360190891      -3.12      0.03     -4.43  0.       -3910.240       6806.192       5234.658    0.000  -0.139   0.381   0.
  2017 352  8 38 41 492 352.360202465      -1.62      0.44      0.90  0.       -3911.273       6806.161       5233.439    0.000  -0.139   0.381   0.
  2017 352  8 38 42 492 352.360214039      -1.68      2.21      1.04  0.       -3912.307       6806.130       5232.219    0.000  -0.138   0.380   0.
  2017 352  8 38 43 493 352.360225613      -3.63      2.00     -2.74  0.       -3913.340       6806.099       5230.999    0.000  -0.138   0.380   0.
  2017 352  8 38 44 492 352.360237187      -2.47     -1.36     -4.68  0.       -3914.373       6806.068       5229.778    0.000  -0.139   0.381   0.
  2017 352  8 38 45 492 352.360248762      -0.11     -0.42     -1.07  0.       -3915.406       6806.035       5228.558    0.000  -0.139   0.381   0.
  2017 352  8 38 46 493 352.360260336      -1.89      3.32     -1.00  0.       -3916.439       6806.003       5227.337    0.000  -0.139   0.381   0.
  2017 352  8 38 47 493 352.360271910      -3.45      5.22     -0.65  0.       -3917.471       6805.970       5226.116    0.000  -0.139   0.381   0.
  2017 352  8 38 48 493 352.360283484      -3.26      2.89     -1.05  0.       -3918.503       6805.937       5224.894    0.000  -0.139   0.381   0.
  2017 352  8 38 49 493 352.360295058      -3.30      2.32     -2.15  0.       -3919.535       6805.903       5223.673    0.000  -0.139   0.381   0.
  2017 352  8 38 50 493 352.360306632      -3.27     -0.59     -1.83  0.       -3920.567       6805.869       5222.451    0.000  -0.139   0.381   0.
  2017 352  8 38 51 492 352.360318206      -3.18     -0.11      0.83  0.       -3921.599       6805.835       5221.228    0.000  -0.139   0.381   0.
  2017 352  8 38 52 492 352.360329780      -0.68      2.07      0.88  0.       -3922.630       6805.801       5220.006    0.000  -0.139   0.381   0.
  2017 352  8 38 53 492 352.360341354       1.46     -0.20      0.55  0.       -3923.662       6805.766       5218.783    0.000  -0.139   0.381   0.
  2017 352  8 38 54 492 352.360352928       0.71      0.99     -0.52  0.       -3924.693       6805.731       5217.560    0.000  -0.139   0.381   0.
  2017 352  8 38 55 492 352.360364502      -0.30      1.49     -0.23  0.       -3925.724       6805.695       5216.337    0.000  -0.139   0.381   0.
  2017 352  8 38 56 493 352.360376076      -0.06      1.94     -0.38  0.       -3926.754       6805.659       5215.113    0.000  -0.138   0.380   0.
  2017 352  8 38 57 493 352.360387650      -0.26     -0.77     -1.22  0.       -3927.785       6805.623       5213.889    0.000  -0.138   0.380   0.
  2017 352  8 38 58 492 352.360399222       0.57     -0.94     -0.51  0.       -3928.815       6805.587       5212.665    0.000  -0.138   0.380   0.
  2017 352  8 38 59 492 352.360410796       0.77     -0.03      0.96  0.       -3929.845       6805.550       5211.441    0.000  -0.138   0.380   0.
  2017 352  8 39  0 492 352.360422370      -0.45      2.01      1.52  0.       -3930.875       6805.512       5210.217    0.000  -0.139   0.381   0.
  2017 352  8 39  1 492 352.360433944      -0.65      0.85     -1.23  0.       -3931.904       6805.475       5208.992    0.000  -0.139   0.381   0.
  2017 352  8 39  2 492 352.360445518       0.48     -0.02      0.22  0.       -3932.934       6805.437       5207.766    0.000  -0.138   0.380   0.
  2017 352  8 39  3 492 352.360457092       0.45      1.41     -0.30  0.       -3933.963       6805.398       5206.541    0.000  -0.138   0.380   0.
  2017 352  8 39  4 492 352.360468666      -1.45      2.21     -1.25  0.       -3934.992       6805.360       5205.315    0.000  -0.138   0.380   0.
  2017 352  8 39  5 492 352.360480240      -3.31      0.12     -1.03  0.       -3936.021       6805.321       5204.089    0.000  -0.138   0.380   0.
  2017 352  8 39  6 492 352.360491814      -4.28      1.57     -0.35  0.       -3937.050       6805.281       5202.863    0.000  -0.139   0.381   0.
  2017 352  8 39  7 492 352.360503388      -2.32      1.43     -0.07  0.       -3938.078       6805.242       5201.637    0.000  -0.139   0.381   0.
  2017 352  8 39  8 492 352.360514962      -2.15      1.81     -0.07  0.       -3939.106       6805.201       5200.410    0.000  -0.138   0.380   0.
  2017 352  8 39  9 492 352.360526536      -2.33      2.88     -2.66  0.       -3940.134       6805.161       5199.183    0.000  -0.138   0.380   0.
  2017 352  8 39 10 492 352.360538111      -1.66      0.55     -1.97  0.       -3941.162       6805.120       5197.956    0.000  -0.138   0.380   0.
  2017 352  8 39 11 492 352.360549685      -2.63      1.44     -0.94  0.       -3942.190       6805.079       5196.728    0.000  -0.138   0.380   0.
  2017 352  8 39 12 492 352.360561259      -3.00      1.97     -2.14  0.       -3943.217       6805.038       5195.500    0.000  -0.138   0.380   0.
  2017 352  8 39 13 492 352.360572833      -0.58     -2.90     -0.84  0.       -3944.244       6804.996       5194.272    0.000  -0.138   0.380   0.
  2017 352  8 39 14 492 352.360584407       0.68     -1.99      1.88  0.       -3945.271       6804.954       5193.044    0.000  -0.138   0.380   0.
  2017 352  8 39 15 492 352.360595981       0.63     -0.59      1.40  0.       -3946.298       6804.911       5191.815    0.000  -0.138   0.380   0.
  2017 352  8 39 16 492 352.360607555       0.99      0.48      1.58  0.       -3947.325       6804.868       5190.586    0.000  -0.138   0.380   0.
  2017 352  8 39 17 492 352.360619129       2.89     -0.46      0.76  0.       -3948.351       6804.825       5189.357    0.000  -0.138   0.380   0.
  2017 352  8 39 18 492 352.360630703       1.71      1.88     -0.29  0.       -3949.378       6804.782       5188.128    0.000  -0.139   0.381   0.
  2017 352  8 39 19 492 352.360642277      -0.55      2.07     -2.69  0.       -3950.403       6804.738       5186.898    0.000  -0.139   0.381   0.
  2017 352  8 39 20 492 352.360653851      -2.76     -2.43     -3.42  0.       -3951.429       6804.694       5185.668    0.000  -0.138   0.380   0.
  2017 352  8 39 21 492 352.360665425      -2.27     -3.81     -0.68  0.       -3952.455       6804.649       5184.438    0.000  -0.138   0.380   0.
  2017 352  8 39 22 492 352.360676999      -1.68     -2.07      1.89  0.       -3953.480       6804.604       5183.208    0.000  -0.138   0.380   0.
  2017 352  8 39 23 492 352.360688573       0.11      1.64      1.74  0.       -3954.506       6804.559       5181.977    0.000  -0.138   0.380   0.
  2017 352  8 39 24 492 352.360700148       0.91      1.96      0.38  0.       -3955.531       6804.513       5180.746    0.000  -0.139   0.381   0.
  2017 352  8 39 25 492 352.360711722      -0.63      1.61     -2.21  0.       -3956.555       6804.467       5179.515    0.000  -0.139   0.381   0.
  2017 352  8 39 26 492 352.360723296      -0.99      0.70     -3.49  0.       -3957.580       6804.421       5178.283    0.000  -0.139   0.381   0.
  2017 352  8 39 27 492 352.360734870      -1.42      0.34     -2.95  0.       -3958.604       6804.374       5177.051    0.000  -0.139   0.381   0.
  2017 352  8 39 28 492 352.360746441      -3.26      1.69     -3.38  0.       -3959.629       6804.327       5175.819    0.000  -0.138   0.380   0.
  2017 352  8 39 29 492 352.360758015      -3.24      0.20     -3.85  0.       -3960.653       6804.280       5174.587    0.000  -0.138   0.380   0.
  2017 352  8 39 30 492 352.360769589      -1.37      1.65     -2.29  0.       -3961.676       6804.232       5173.354    0.000  -0.138   0.380   0.
  2017 352  8 39 31 492 352.360781163      -1.45     -0.30     -1.69  0.       -3962.700       6804.184       5172.121    0.000  -0.138   0.380   0.
  2017 352  8 39 32 492 352.360792737      -1.38      1.39     -1.59  0.       -3963.723       6804.136       5170.888    0.000  -0.138   0.380   0.
  2017 352  8 39 33 492 352.360804311      -2.09      2.01     -1.86  0.       -3964.746       6804.087       5169.655    0.000  -0.138   0.380   0.
  2017 352  8 39 34 492 352.360815885      -3.94      0.93     -2.07  0.       -3965.769       6804.038       5168.421    0.000  -0.138   0.380   0.
  2017 352  8 39 35 492 352.360827460      -1.67      1.60     -2.49  0.       -3966.792       6803.988       5167.187    0.000  -0.138   0.380   0.
  2017 352  8 39 36 492 352.360839034      -2.64     -0.13     -2.12  0.       -3967.815       6803.938       5165.953    0.000  -0.139   0.381   0.
  2017 352  8 39 37 492 352.360850608      -3.76      1.53     -1.08  0.       -3968.837       6803.888       5164.719    0.000  -0.139   0.381   0.
  2017 352  8 39 38 492 352.360862182      -1.27      1.14     -1.00  0.       -3969.859       6803.838       5163.484    0.000  -0.138   0.380   0.
  2017 352  8 39 39 492 352.360873756      -0.95     -1.02     -2.88  0.       -3970.881       6803.787       5162.249    0.000  -0.138   0.380   0.
  2017 352  8 39 40 492 352.360885330       0.88      0.31     -0.88  0.       -3971.903       6803.736       5161.014    0.000  -0.138   0.380   0.
  2017 352  8 39 41 492 352.360896904      -0.79      1.17     -1.28  0.       -3972.925       6803.684       5159.778    0.000  -0.138   0.380   0.
  2017 352  8 39 42 492 352.360908478      -1.41     -0.14     -2.12  0.       -3973.946       6803.632       5158.542    0.000  -0.138   0.380   0.
  2017 352  8 39 43 492 352.360920052      -0.45      0.58     -0.35  0.       -3974.967       6803.580       5157.306    0.000  -0.138   0.380   0.
  2017 352  8 39 44 492 352.360931626      -0.81      0.03     -0.65  0.       -3975.988       6803.527       5156.070    0.000  -0.138   0.380   0.
  2017 352  8 39 45 492 352.360943200      -1.00      0.48      1.35  0.       -3977.009       6803.474       5154.834    0.000  -0.138   0.380   0.
  2017 352  8 39 46 492 352.360954774      -0.81      2.10      2.11  0.       -3978.029       6803.421       5153.597    0.000  -0.138   0.380   0.
  2017 352  8 39 47 492 352.360966348      -1.38      0.25     -0.98  0.       -3979.050       6803.368       5152.360    0.000  -0.138   0.380   0.
  2017 352  8 39 48 492 352.360977922      -1.16      0.57      3.03  0.       -3980.070       6803.314       5151.122    0.000  -0.139   0.381   0.
  2017 352  8 39 49 492 352.360989496      -0.56      0.44     -0.92  0.       -3981.090       6803.259       5149.885    0.000  -0.139   0.381   0.
  2017 352  8 39 50 492 352.361001071      -1.12      0.36     -1.70  0.       -3982.109       6803.205       5148.647    0.000  -0.139   0.381   0.
  2017 352  8 39 51 492 352.361012645      -1.94      0.40     -2.05  0.       -3983.129       6803.149       5147.409    0.000  -0.139   0.381   0.
  2017 352  8 39 52 492 352.361024219      -2.13      0.26     -2.30  0.       -3984.148       6803.094       5146.170    0.000  -0.138   0.380   0.
  2017 352  8 39 53 492 352.361035793      -1.36      0.46     -1.07  0.       -3985.167       6803.038       5144.932    0.000  -0.138   0.380   0.
  2017 352  8 39 54 492 352.361047367      -1.20      0.99      0.86  0.       -3986.186       6802.982       5143.693    0.000  -0.138   0.380   0.
  2017 352  8 39 55 492 352.361058941      -0.42      1.09      2.16  0.       -3987.205       6802.926       5142.453    0.000  -0.138   0.380   0.
  2017 352  8 39 56 492 352.361070512       0.64      1.56     -0.05  0.       -3988.223       6802.869       5141.214    0.000  -0.138   0.380   0.
  2017 352  8 39 57 492 352.361082086       0.09      0.49     -1.10  0.       -3989.242       6802.812       5139.974    0.000  -0.138   0.380   0.
  2017 352  8 39 58 492 352.361093660      -0.15     -1.26     -1.46  0.       -3990.260       6802.754       5138.734    0.000  -0.138   0.380   0.
  2017 352  8 39 59 492 352.361105234      -0.38     -0.25     -2.08  0.       -3991.278       6802.697       5137.494    0.000  -0.138   0.380   0.
  2017 352  8 40  0 492 352.361116808       0.30      0.41     -0.81  0.       -3992.295       6802.638       5136.253    0.000  -0.139   0.381   0.
  2017 352  8 40  1 492 352.361128383      -0.18      2.02      2.52  0.       -3993.313       6802.580       5135.013    0.000  -0.139   0.381   0.
  2017 352  8 40  2 492 352.361139957      -2.24      2.87      2.82  0.       -3994.330       6802.521       5133.772    0.000  -0.138   0.380   0.
  2017 352  8 40  3 492 352.361151531      -2.32      2.45      2.52  0.       -3995.347       6802.462       5132.530    0.000  -0.138   0.380   0.
  2017 352  8 40  4 492 352.361163105      -2.88      1.12     -0.16  0.       -3996.364       6802.402       5131.289    0.000  -0.138   0.380   0.
  2017 352  8 40  5 492 352.361174679      -0.59      0.46     -1.78  0.       -3997.381       6802.342       5130.047    0.000  -0.138   0.380   0.
  2017 352  8 40  6 492 352.361186253       1.14     -0.91     -2.13  0.       -3998.397       6802.282       5128.805    0.000  -0.139   0.381   0.
  2017 352  8 40  7 492 352.361197827       1.71      0.09     -0.66  0.       -3999.413       6802.221       5127.562    0.000  -0.139   0.381   0.
  2017 352  8 40  8 492 352.361209401       1.11      1.15      0.46  0.       -4000.429       6802.160       5126.320    0.000  -0.138   0.380   0.
  2017 352  8 40  9 492 352.361220975      -0.18      1.88      1.85  0.       -4001.445       6802.099       5125.077    0.000  -0.138   0.380   0.
  2017 352  8 40 10 492 352.361232549       0.15     -0.11      1.63  0.       -4002.461       6802.037       5123.834    0.000  -0.138   0.380   0.
  2017 352  8 40 11 492 352.361244123       1.21      1.75     -0.03  0.       -4003.476       6801.975       5122.590    0.000  -0.138   0.380   0.
  2017 352  8 40 12 492 352.361255697       0.43      1.14     -0.06  0.       -4004.491       6801.913       5121.347    0.000  -0.139   0.381   0.
  2017 352  8 40 13 492 352.361267271       0.54      1.45      1.28  0.       -4005.506       6801.850       5120.103    0.000  -0.139   0.381   0.
  2017 352  8 40 14 492 352.361278845      -0.58      0.50     -2.18  0.       -4006.521       6801.787       5118.858    0.000  -0.138   0.380   0.
  2017 352  8 40 15 492 352.361290420      -1.62     -1.19     -1.27  0.       -4007.536       6801.724       5117.614    0.000  -0.138   0.380   0.
  2017 352  8 40 16 492 352.361301994       0.03      0.03      1.62  0.       -4008.550       6801.660       5116.369    0.000  -0.139   0.381   0.
  2017 352  8 40 17 492 352.361313568       1.06      2.62      1.11  0.       -4009.564       6801.596       5115.124    0.000  -0.139   0.381   0.
  2017 352  8 40 18 492 352.361325142      -1.08     -0.81     -2.45  0.       -4010.578       6801.531       5113.879    0.000  -0.138   0.380   0.
  2017 352  8 40 19 492 352.361336716      -1.39      1.67     -2.70  0.       -4011.592       6801.467       5112.633    0.000  -0.138   0.380   0.
  2017 352  8 40 20 492 352.361348290      -2.78      0.33      1.33  0.       -4012.606       6801.401       5111.388    0.000  -0.138   0.380   0.
  2017 352  8 40 21 492 352.361359864      -1.03      1.21      0.95  0.       -4013.619       6801.336       5110.142    0.000  -0.138   0.380   0.
  2017 352  8 40 22 492 352.361371438      -0.46     -0.31     -0.20  0.       -4014.632       6801.270       5108.895    0.000  -0.139   0.381   0.
  2017 352  8 40 23 492 352.361383012      -1.04      2.60      2.69  0.       -4015.645       6801.204       5107.649    0.000  -0.139   0.381   0.
  2017 352  8 40 24 492 352.361394586      -0.62      0.74      0.80  0.       -4016.658       6801.137       5106.402    0.000  -0.138   0.380   0.
  2017 352  8 40 25 492 352.361406160      -0.57      2.02     -2.75  0.       -4017.670       6801.070       5105.155    0.000  -0.138   0.380   0.
  2017 352  8 40 26 492 352.361417731      -1.90      0.24     -0.54  0.       -4018.683       6801.003       5103.908    0.000  -0.139   0.381   0.
  2017 352  8 40 27 491 352.361429306      -0.76      3.10      0.71  0.       -4019.695       6800.935       5102.659    0.000  -0.139   0.381   0.
  2017 352  8 40 28 491 352.361440880      -1.02      1.41     -2.60  0.       -4020.707       6800.867       5101.412    0.000  -0.139   0.381   0.
  2017 352  8 40 29 492 352.361452454      -0.80     -0.68     -1.10  0.       -4021.718       6800.799       5100.163    0.000  -0.139   0.381   0.
  2017 352  8 40 30 492 352.361464028      -0.97      0.60      0.51  0.       -4022.730       6800.730       5098.915    0.000  -0.138   0.380   0.
  2017 352  8 40 31 492 352.361475602      -1.09      0.30      1.06  0.       -4023.741       6800.661       5097.667    0.000  -0.138   0.380   0.
  2017 352  8 40 32 492 352.361487176      -1.27      0.43      1.93  0.       -4024.752       6800.592       5096.418    0.000  -0.138   0.380   0.
  2017 352  8 40 33 492 352.361498750      -1.63      0.67     -1.12  0.       -4025.763       6800.522       5095.168    0.000  -0.138   0.380   0.
  2017 352  8 40 34 491 352.361510324      -0.83     -0.07     -0.38  0.       -4026.774       6800.452       5093.919    0.000  -0.139   0.381   0.
  2017 352  8 40 35 491 352.361521898       1.55      1.09     -0.93  0.       -4027.784       6800.382       5092.669    0.000  -0.139   0.381   0.
  2017 352  8 40 36 491 352.361533472       1.52      0.65     -0.31  0.       -4028.794       6800.311       5091.419    0.000  -0.138   0.380   0.
  2017 352  8 40 37 491 352.361545046       1.52      2.09     -1.63  0.       -4029.804       6800.240       5090.169    0.000  -0.138   0.380   0.
  2017 352  8 40 38 492 352.361556620      -0.04      0.54     -1.65  0.       -4030.814       6800.168       5088.918    0.000  -0.138   0.380   0.
  2017 352  8 40 39 492 352.361568194      -2.18      2.91     -1.77  0.       -4031.824       6800.097       5087.668    0.000  -0.138   0.380   0.
  2017 352  8 40 40 491 352.361579768      -1.44      0.74      1.18  0.       -4032.833       6800.024       5086.417    0.000  -0.138   0.380   0.
  2017 352  8 40 41 491 352.361591343       0.26      0.93      2.27  0.       -4033.843       6799.952       5085.165    0.000  -0.138   0.380   0.
  2017 352  8 40 42 492 352.361602917       0.25      0.59      1.03  0.       -4034.852       6799.879       5083.914    0.000  -0.138   0.380   0.
  2017 352  8 40 43 492 352.361614491       0.68      0.44     -2.08  0.       -4035.860       6799.806       5082.662    0.000  -0.138   0.380   0.
  2017 352  8 40 44 492 352.361626065      -1.43      2.87     -1.87  0.       -4036.869       6799.732       5081.410    0.000  -0.138   0.380   0.
  2017 352  8 40 45 492 352.361637639      -0.14      3.35     -1.91  0.       -4037.877       6799.658       5080.157    0.000  -0.138   0.380   0.
  2017 352  8 40 46 492 352.361649213       0.43      1.67     -1.32  0.       -4038.886       6799.584       5078.905    0.000  -0.138   0.380   0.
  2017 352  8 40 47 491 352.361660787      -1.73     -2.09      0.12  0.       -4039.894       6799.510       5077.652    0.000  -0.138   0.380   0.
  2017 352  8 40 48 491 352.361672361      -1.79      0.04      4.94  0.       -4040.901       6799.434       5076.399    0.000  -0.139   0.381   0.
  2017 352  8 40 49 491 352.361683935      -2.58      3.02      1.67  0.       -4041.909       6799.359       5075.145    0.000  -0.139   0.381   0.
  2017 352  8 40 50 491 352.361695509      -0.47      0.70     -1.86  0.       -4042.916       6799.283       5073.892    0.000  -0.138   0.380   0.
  2017 352  8 40 51 491 352.361707083      -0.24      0.78     -0.83  0.       -4043.923       6799.207       5072.638    0.000  -0.138   0.380   0.
  2017 352  8 40 52 492 352.361718657      -0.85     -0.29      0.87  0.       -4044.930       6799.131       5071.384    0.000  -0.138   0.380   0.
  2017 352  8 40 53 492 352.361730231       0.14      1.55      3.26  0.       -4045.937       6799.054       5070.129    0.000  -0.138   0.380   0.
  2017 352  8 40 54 491 352.361741806      -0.63      1.15      4.57  0.       -4046.943       6798.977       5068.874    0.000  -0.139   0.381   0.
  2017 352  8 40 55 491 352.361753380       0.34      2.81      5.18  0.       -4047.950       6798.900       5067.619    0.000  -0.139   0.381   0.
  2017 352  8 40 56 492 352.361764951       0.97      1.14     -0.36  0.       -4048.956       6798.822       5066.364    0.000  -0.138   0.380   0.
  2017 352  8 40 57 491 352.361776525      -0.30      1.44     -1.98  0.       -4049.962       6798.744       5065.109    0.000  -0.138   0.380   0.
  2017 352  8 40 58 491 352.361788099      -0.93     -0.73      0.55  0.       -4050.967       6798.665       5063.853    0.000  -0.138   0.380   0.
  2017 352  8 40 59 491 352.361799673      -0.25      0.96     -0.04  0.       -4051.973       6798.587       5062.597    0.000  -0.138   0.380   0.
  2017 352  8 41  0 491 352.361811247      -0.44      0.37     -1.76  0.       -4052.978       6798.507       5061.341    0.000  -0.139   0.381   0.
  2017 352  8 41  1 491 352.361822821      -0.46     -0.71      0.40  0.       -4053.983       6798.428       5060.084    0.000  -0.139   0.381   0.
  2017 352  8 41  2 491 352.361834395      -0.38      0.95      3.26  0.       -4054.988       6798.348       5058.827    0.000  -0.138   0.380   0.
  2017 352  8 41  3 491 352.361845969       0.87      2.32      0.86  0.       -4055.992       6798.268       5057.570    0.000  -0.138   0.380   0.
  2017 352  8 41  4 491 352.361857543       0.64      0.05     -1.88  0.       -4056.997       6798.187       5056.313    0.000  -0.139   0.381   0.
  2017 352  8 41  5 491 352.361869117       0.77      0.65     -1.24  0.       -4058.001       6798.106       5055.055    0.000  -0.139   0.381   0.
  2017 352  8 41  6 491 352.361880692      -0.72     -0.78     -1.15  0.       -4059.005       6798.025       5053.797    0.000  -0.139   0.381   0.
  2017 352  8 41  7 491 352.361892266      -0.30     -0.34      1.56  0.       -4060.009       6797.943       5052.539    0.000  -0.139   0.381   0.
  2017 352  8 41  8 491 352.361903840      -0.80      2.55     -0.12  0.       -4061.012       6797.861       5051.281    0.000  -0.138   0.380   0.
  2017 352  8 41  9 491 352.361915414      -1.10     -0.17      0.45  0.       -4062.016       6797.779       5050.022    0.000  -0.138   0.380   0.
  2017 352  8 41 10 491 352.361926988       0.06      1.14      1.98  0.       -4063.019       6797.696       5048.763    0.000  -0.138   0.380   0.
  2017 352  8 41 11 491 352.361938562      -0.25      1.10      1.36  0.       -4064.022       6797.613       5047.504    0.000  -0.138   0.380   0.
  2017 352  8 41 12 491 352.361950136       1.31      1.41     -0.32  0.       -4065.025       6797.530       5046.245    0.000  -0.138   0.380   0.
  2017 352  8 41 13 491 352.361961710       0.06      0.28     -0.98  0.       -4066.027       6797.446       5044.985    0.000  -0.138   0.380   0.
  2017 352  8 41 14 491 352.361973284       0.39     -0.23     -2.90  0.       -4067.029       6797.362       5043.725    0.000  -0.139   0.381   0.
  2017 352  8 41 15 491 352.361984858       0.45     -0.09     -4.46  0.       -4068.031       6797.277       5042.465    0.000  -0.139   0.381   0.
  2017 352  8 41 16 491 352.361996432       0.71      0.60     -3.73  0.       -4069.033       6797.193       5041.204    0.000  -0.138   0.380   0.
  2017 352  8 41 17 491 352.362008006      -0.80     -0.54     -0.91  0.       -4070.035       6797.108       5039.944    0.000  -0.138   0.380   0.
  2017 352  8 41 18 491 352.362019580      -1.02     -0.28     -0.33  0.       -4071.036       6797.022       5038.683    0.000  -0.138   0.380   0.
  2017 352  8 41 19 491 352.362031154      -0.99     -0.01     -0.72  0.       -4072.038       6796.936       5037.421    0.000  -0.138   0.380   0.
  2017 352  8 41 20 491 352.362042729      -0.51      0.55      0.62  0.       -4073.039       6796.850       5036.160    0.000  -0.139   0.381   0.
  2017 352  8 41 21 491 352.362054303      -0.31      2.58      0.36  0.       -4074.040       6796.763       5034.898    0.000  -0.139   0.381   0.
  2017 352  8 41 22 491 352.362065877       0.05      1.57     -0.34  0.       -4075.040       6796.676       5033.636    0.000  -0.139   0.381   0.
  2017 352  8 41 23 491 352.362077451      -0.89     -0.54     -2.02  0.       -4076.041       6796.589       5032.374    0.000  -0.139   0.381   0.
  2017 352  8 41 24 491 352.362089022      -1.40     -0.66      0.03  0.       -4077.041       6796.502       5031.111    0.000  -0.138   0.380   0.
  2017 352  8 41 25 491 352.362100596      -1.30      0.95      0.12  0.       -4078.041       6796.414       5029.848    0.000  -0.138   0.380   0.
  2017 352  8 41 26 491 352.362112170      -0.48      0.50     -0.38  0.       -4079.041       6796.325       5028.585    0.000  -0.139   0.381   0.
  2017 352  8 41 27 491 352.362123744      -0.32      1.23     -2.03  0.       -4080.040       6796.237       5027.322    0.000  -0.139   0.381   0.
  2017 352  8 41 28 491 352.362135318      -2.14      0.08     -5.48  0.       -4081.040       6796.148       5026.058    0.000  -0.139   0.381   0.
  2017 352  8 41 29 491 352.362146892      -2.84      0.30     -3.18  0.       -4082.039       6796.058       5024.795    0.000  -0.139   0.381   0.
  2017 352  8 41 30 491 352.362158466      -1.20      2.42     -1.90  0.       -4083.038       6795.969       5023.531    0.000  -0.138   0.380   0.
  2017 352  8 41 31 491 352.362170041      -1.14      0.83     -1.78  0.       -4084.036       6795.878       5022.266    0.000  -0.138   0.380   0.
  2017 352  8 41 32 491 352.362181615      -0.20      0.29     -0.81  0.       -4085.035       6795.788       5021.001    0.000  -0.138   0.380   0.
  2017 352  8 41 33 491 352.362193189       1.36      0.48     -1.14  0.       -4086.033       6795.697       5019.737    0.000  -0.138   0.380   0.
  2017 352  8 41 34 491 352.362204763      -0.89     -0.33     -3.00  0.       -4087.031       6795.606       5018.471    0.000  -0.138   0.380   0.
  2017 352  8 41 35 491 352.362216337      -0.30      0.80     -2.49  0.       -4088.029       6795.515       5017.206    0.000  -0.138   0.380   0.
  2017 352  8 41 36 491 352.362227911       0.40      0.51     -0.92  0.       -4089.027       6795.423       5015.940    0.000  -0.138   0.380   0.
  2017 352  8 41 37 491 352.362239485       0.46      1.38      0.72  0.       -4090.024       6795.331       5014.674    0.000  -0.138   0.380   0.
  2017 352  8 41 38 491 352.362251059      -1.20     -0.04      1.84  0.       -4091.021       6795.238       5013.408    0.000  -0.139   0.381   0.
  2017 352  8 41 39 491 352.362262633      -1.43      2.34      2.63  0.       -4092.018       6795.145       5012.142    0.000  -0.139   0.381   0.
  2017 352  8 41 40 491 352.362274207       0.33      2.46      0.90  0.       -4093.015       6795.052       5010.875    0.000  -0.138   0.380   0.
  2017 352  8 41 41 491 352.362285781       0.76      0.75      0.01  0.       -4094.012       6794.958       5009.608    0.000  -0.138   0.380   0.
  2017 352  8 41 42 491 352.362297355       1.54      0.48     -0.37  0.       -4095.008       6794.864       5008.341    0.000  -0.139   0.381   0.
  2017 352  8 41 43 491 352.362308929       0.71      0.24      0.12  0.       -4096.005       6794.770       5007.073    0.000  -0.139   0.381   0.
  2017 352  8 41 44 491 352.362320504      -1.16      0.39     -0.18  0.       -4097.000       6794.675       5005.806    0.000  -0.138   0.380   0.
  2017 352  8 41 45 491 352.362332077      -1.30      1.80     -1.55  0.       -4097.996       6794.580       5004.538    0.000  -0.138   0.380   0.
  2017 352  8 41 46 491 352.362343652      -2.71      1.46     -0.36  0.       -4098.992       6794.485       5003.269    0.000  -0.138   0.380   0.
  2017 352  8 41 47 491 352.362355226      -0.72     -0.97      2.82  0.       -4099.987       6794.389       5002.001    0.000  -0.138   0.380   0.
  2017 352  8 41 48 491 352.362366800      -0.65      0.88      0.24  0.       -4100.982       6794.294       5000.732    0.000  -0.139   0.381   0.
  2017 352  8 41 49 491 352.362378374      -0.77     -0.59     -0.85  0.       -4101.977       6794.197       4999.463    0.000  -0.139   0.381   0.
  2017 352  8 41 50 491 352.362389948       0.51     -1.69      0.39  0.       -4102.972       6794.100       4998.193    0.000  -0.138   0.380   0.
  2017 352  8 41 51 491 352.362401522      -0.33      2.00      0.33  0.       -4103.966       6794.003       4996.924    0.000  -0.138   0.380   0.
  2017 352  8 41 52 491 352.362413096      -0.08      1.15     -1.91  0.       -4104.961       6793.905       4995.654    0.000  -0.138   0.380   0.
  2017 352  8 41 53 491 352.362424670       0.81     -0.88     -0.55  0.       -4105.955       6793.808       4994.384    0.000  -0.138   0.380   0.
  2017 352  8 41 54 491 352.362436244      -0.22      0.58     -0.63  0.       -4106.948       6793.709       4993.114    0.000  -0.139   0.381   0.
  2017 352  8 41 55 491 352.362447818       0.34      0.68     -0.87  0.       -4107.942       6793.611       4991.843    0.000  -0.139   0.381   0.
  2017 352  8 41 56 491 352.362459389      -0.49      2.73     -0.99  0.       -4108.935       6793.512       4990.572    0.000  -0.138   0.380   0.
  2017 352  8 41 57 491 352.362470964      -1.36      2.20     -1.61  0.       -4109.929       6793.413       4989.301    0.000  -0.138   0.380   0.
  2017 352  8 41 58 491 352.362482538       0.87      1.48     -0.28  0.       -4110.922       6793.313       4988.030    0.000  -0.138   0.380   0.
  2017 352  8 41 59 491 352.362494112      -0.87      1.65     -0.34  0.       -4111.914       6793.213       4986.758    0.000  -0.138   0.380   0.
  2017 352  8 42  0 491 352.362505686      -0.73     -0.23     -2.57  0.       -4112.907       6793.113       4985.486    0.000  -0.139   0.381   0.
  2017 352  8 42  1 491 352.362517260      -1.62     -1.46     -2.29  0.       -4113.900       6793.012       4984.214    0.000  -0.139   0.381   0.
  2017 352  8 42  2 491 352.362528834      -0.72      0.75     -1.34  0.       -4114.891       6792.911       4982.942    0.000  -0.138   0.380   0.
  2017 352  8 42  3 491 352.362540408       0.06      1.39     -1.21  0.       -4115.883       6792.810       4981.669    0.000  -0.138   0.380   0.
  2017 352  8 42  4 491 352.362551982       1.26      1.13     -2.13  0.       -4116.875       6792.708       4980.396    0.000  -0.138   0.380   0.
  2017 352  8 42  5 491 352.362563556      -0.62      0.51     -0.57  0.       -4117.867       6792.606       4979.123    0.000  -0.138   0.380   0.
  2017 352  8 42  6 491 352.362575130      -0.49     -0.16     -3.12  0.       -4118.858       6792.504       4977.849    0.000  -0.139   0.381   0.
  2017 352  8 42  7 491 352.362586704      -0.84     -1.22     -2.75  0.       -4119.849       6792.401       4976.576    0.000  -0.139   0.381   0.
  2017 352  8 42  8 491 352.362598278      -0.67     -0.36     -3.40  0.       -4120.840       6792.298       4975.302    0.000  -0.139   0.381   0.
  2017 352  8 42  9 491 352.362609852       0.27      0.14     -1.90  0.       -4121.830       6792.194       4974.027    0.000  -0.139   0.381   0.
  2017 352  8 42 10 491 352.362621427       0.18      1.04     -0.24  0.       -4122.821       6792.090       4972.753    0.000  -0.139   0.381   0.
  2017 352  8 42 11 491 352.362633001      -0.25     -0.75     -2.39  0.       -4123.811       6791.986       4971.478    0.000  -0.139   0.381   0.
  2017 352  8 42 12 491 352.362644575      -2.63      0.02     -0.36  0.       -4124.801       6791.882       4970.203    0.000  -0.139   0.381   0.
  2017 352  8 42 13 491 352.362656149      -0.38      1.29     -2.56  0.       -4125.791       6791.777       4968.928    0.000  -0.139   0.381   0.
  2017 352  8 42 14 491 352.362667723      -1.16     -2.35     -5.63  0.       -4126.780       6791.672       4967.652    0.000  -0.138   0.380   0.
  2017 352  8 42 15 491 352.362679297      -1.46     -2.40     -2.38  0.       -4127.770       6791.566       4966.376    0.000  -0.138   0.380   0.
  2017 352  8 42 16 491 352.362690871      -0.90     -2.37     -0.42  0.       -4128.759       6791.460       4965.100    0.000  -0.138   0.380   0.
  2017 352  8 42 17 491 352.362702445      -1.48     -1.31      1.90  0.       -4129.748       6791.354       4963.824    0.000  -0.138   0.380   0.
  2017 352  8 42 18 491 352.362714019      -3.11     -0.36      0.65  0.       -4130.736       6791.247       4962.548    0.000  -0.139   0.381   0.
  2017 352  8 42 19 491 352.362725593      -2.74      1.45     -0.33  0.       -4131.725       6791.140       4961.271    0.000  -0.139   0.381   0.
  2017 352  8 42 20 491 352.362737167      -1.07      0.97      0.77  0.       -4132.713       6791.033       4959.994    0.000  -0.138   0.380   0.
  2017 352  8 42 21 491 352.362748741      -0.35      1.22     -2.30  0.       -4133.701       6790.925       4958.716    0.000  -0.138   0.380   0.
  2017 352  8 42 22 491 352.362760315      -2.37      0.06     -3.15  0.       -4134.689       6790.817       4957.439    0.000  -0.138   0.380   0.
  2017 352  8 42 23 491 352.362771889      -3.72     -1.33      0.06  0.       -4135.677       6790.709       4956.161    0.000  -0.138   0.380   0.
  2017 352  8 42 24 490 352.362783461      -1.27      1.59      0.70  0.       -4136.664       6790.600       4954.883    0.000  -0.139   0.381   0.
  2017 352  8 42 25 491 352.362795035      -0.46      0.29     -2.56  0.       -4137.651       6790.491       4953.604    0.000  -0.139   0.381   0.
  2017 352  8 42 26 491 352.362806609      -0.53     -0.05     -1.44  0.       -4138.638       6790.381       4952.326    0.000  -0.138   0.380   0.
  2017 352  8 42 27 491 352.362818183       0.49      0.78     -0.86  0.       -4139.625       6790.271       4951.047    0.000  -0.138   0.380   0.
  2017 352  8 42 28 491 352.362829757       0.01      0.51     -0.52  0.       -4140.612       6790.161       4949.768    0.000  -0.138   0.380   0.
  2017 352  8 42 29 490 352.362841331       1.05      1.87      2.37  0.       -4141.598       6790.051       4948.488    0.000  -0.138   0.380   0.
  2017 352  8 42 30 490 352.362852905      -0.65      1.02     -0.93  0.       -4142.584       6789.940       4947.209    0.000  -0.139   0.381   0.
  2017 352  8 42 31 490 352.362864479      -1.20      1.71     -3.53  0.       -4143.570       6789.829       4945.929    0.000  -0.139   0.381   0.
  2017 352  8 42 32 490 352.362876053      -2.32     -1.24     -3.66  0.       -4144.556       6789.717       4944.649    0.000  -0.138   0.380   0.
  2017 352  8 42 33 490 352.362887627      -2.36     -3.08     -0.23  0.       -4145.541       6789.605       4943.368    0.000  -0.138   0.380   0.
  2017 352  8 42 34 491 352.362899201      -1.83      0.05      2.13  0.       -4146.526       6789.493       4942.087    0.000  -0.138   0.380   0.
  2017 352  8 42 35 491 352.362910775      -1.11      1.18     -0.01  0.       -4147.512       6789.380       4940.806    0.000  -0.138   0.380   0.
  2017 352  8 42 36 490 352.362922350      -1.62      0.98     -0.15  0.       -4148.496       6789.267       4939.525    0.000  -0.138   0.380   0.
  2017 352  8 42 37 490 352.362933924      -1.03     -2.16     -5.24  0.       -4149.481       6789.154       4938.244    0.000  -0.138   0.380   0.
  2017 352  8 42 38 491 352.362945498       0.79     -2.46     -1.20  0.       -4150.465       6789.040       4936.962    0.000  -0.139   0.381   0.
  2017 352  8 42 39 491 352.362957072      -0.43     -0.10      0.01  0.       -4151.450       6788.926       4935.680    0.000  -0.139   0.381   0.
  2017 352  8 42 40 491 352.362968646      -2.70      1.01      0.56  0.       -4152.433       6788.811       4934.398    0.000  -0.138   0.380   0.
  2017 352  8 42 41 491 352.362980220      -2.64      3.31     -0.36  0.       -4153.417       6788.697       4933.115    0.000  -0.138   0.380   0.
  2017 352  8 42 42 491 352.362991794      -2.19      1.00     -2.62  0.       -4154.401       6788.582       4931.833    0.000  -0.138   0.380   0.
  2017 352  8 42 43 490 352.363003368       0.01      0.39     -1.79  0.       -4155.384       6788.466       4930.550    0.000  -0.138   0.380   0.
  2017 352  8 42 44 490 352.363014942      -2.31     -1.00     -1.64  0.       -4156.367       6788.350       4929.266    0.000  -0.139   0.381   0.
  2017 352  8 42 45 490 352.363026516      -2.64     -2.06      1.44  0.       -4157.350       6788.234       4927.983    0.000  -0.139   0.381   0.
  2017 352  8 42 46 490 352.363038090       0.08      2.00      1.60  0.       -4158.333       6788.117       4926.699    0.000  -0.139   0.381   0.
  2017 352  8 42 47 490 352.363049664      -0.09     -0.15     -1.03  0.       -4159.315       6788.000       4925.415    0.000  -0.139   0.381   0.
  2017 352  8 42 48 491 352.363061238      -0.76     -1.42     -1.34  0.       -4160.297       6787.883       4924.131    0.000  -0.139   0.381   0.
  2017 352  8 42 49 490 352.363072812      -0.29     -0.37     -0.15  0.       -4161.279       6787.766       4922.846    0.000  -0.139   0.381   0.
  2017 352  8 42 50 490 352.363084387      -1.10      0.81     -1.92  0.       -4162.261       6787.648       4921.561    0.000  -0.139   0.381   0.
  2017 352  8 42 51 490 352.363095961      -1.80     -0.52     -1.72  0.       -4163.243       6787.529       4920.276    0.000  -0.139   0.381   0.
  2017 352  8 42 52 491 352.363107535      -1.55     -3.48     -1.74  0.       -4164.224       6787.411       4918.991    0.000  -0.139   0.381   0.
  2017 352  8 42 53 491 352.363119109      -1.21     -2.44      0.85  0.       -4165.205       6787.292       4917.705    0.000  -0.139   0.381   0.
  2017 352  8 42 54 491 352.363130680       0.06      0.66     -0.48  0.       -4166.186       6787.172       4916.419    0.000  -0.138   0.380   0.
  2017 352  8 42 55 490 352.363142254       0.36      0.14     -0.61  0.       -4167.167       6787.053       4915.133    0.000  -0.138   0.380   0.
  2017 352  8 42 56 490 352.363153828       0.62     -0.67     -0.74  0.       -4168.147       6786.932       4913.847    0.000  -0.139   0.381   0.
  2017 352  8 42 57 490 352.363165402       0.93     -1.15     -0.93  0.       -4169.127       6786.812       4912.560    0.000  -0.139   0.381   0.
  2017 352  8 42 58 490 352.363176976       2.53     -0.78     -0.32  0.       -4170.108       6786.691       4911.274    0.000  -0.139   0.381   0.
  2017 352  8 42 59 490 352.363188550       1.65      0.35      0.53  0.       -4171.087       6786.570       4909.986    0.000  -0.139   0.381   0.
  2017 352  8 43  0 490 352.363200124      -0.30      1.62      0.70  0.       -4172.067       6786.448       4908.699    0.000  -0.139   0.381   0.
  2017 352  8 43  1 490 352.363211698      -1.00      0.20      0.69  0.       -4173.046       6786.327       4907.411    0.000  -0.139   0.381   0.
  2017 352  8 43  2 490 352.363223273       0.20      0.35      0.26  0.       -4174.025       6786.204       4906.123    0.000  -0.138   0.380   0.
  2017 352  8 43  3 490 352.363234847       1.67     -0.03     -0.66  0.       -4175.004       6786.082       4904.835    0.000  -0.138   0.380   0.
  2017 352  8 43  4 490 352.363246421       0.15      0.96     -0.08  0.       -4175.983       6785.959       4903.547    0.000  -0.138   0.380   0.
  2017 352  8 43  5 490 352.363257995      -0.13      0.92     -2.11  0.       -4176.962       6785.836       4902.258    0.000  -0.138   0.380   0.
  2017 352  8 43  6 490 352.363269569       0.41      0.42     -1.83  0.       -4177.940       6785.712       4900.969    0.000  -0.139   0.381   0.
  2017 352  8 43  7 490 352.363281143      -1.44      0.12     -1.54  0.       -4178.918       6785.588       4899.680    0.000  -0.139   0.381   0.
  2017 352  8 43  8 490 352.363292717       0.04     -0.10     -1.21  0.       -4179.896       6785.463       4898.391    0.000  -0.139   0.381   0.
  2017 352  8 43  9 490 352.363304291       0.24      0.44     -2.36  0.       -4180.874       6785.339       4897.101    0.000  -0.139   0.381   0.
  2017 352  8 43 10 490 352.363315865      -1.09      0.03     -1.27  0.       -4181.851       6785.214       4895.811    0.000  -0.138   0.380   0.
  2017 352  8 43 11 490 352.363327439      -2.04      0.52     -3.01  0.       -4182.828       6785.088       4894.521    0.000  -0.138   0.380   0.
  2017 352  8 43 12 490 352.363339013      -2.24      0.85     -3.18  0.       -4183.805       6784.963       4893.230    0.000  -0.138   0.380   0.
  2017 352  8 43 13 490 352.363350587      -3.92      0.54     -0.32  0.       -4184.782       6784.836       4891.940    0.000  -0.138   0.380   0.
  2017 352  8 43 14 490 352.363362161      -3.96      2.42      0.91  0.       -4185.759       6784.710       4890.649    0.000  -0.139   0.381   0.
  2017 352  8 43 15 490 352.363373736      -3.59      2.10     -0.62  0.       -4186.735       6784.583       4889.358    0.000  -0.139   0.381   0.
  2017 352  8 43 16 490 352.363385310      -2.76      2.18     -0.19  0.       -4187.711       6784.456       4888.066    0.000  -0.138   0.380   0.
  2017 352  8 43 17 490 352.363396884      -2.11      1.53     -0.64  0.       -4188.687       6784.328       4886.774    0.000  -0.138   0.380   0.
  2017 352  8 43 18 490 352.363408458      -1.60      0.76     -0.16  0.       -4189.663       6784.200       4885.482    0.000  -0.138   0.380   0.
  2017 352  8 43 19 490 352.363420032      -0.28      0.30      0.25  0.       -4190.638       6784.072       4884.190    0.000  -0.138   0.380   0.
  2017 352  8 43 20 490 352.363431606       0.79      0.63      0.45  0.       -4191.613       6783.944       4882.898    0.000  -0.139   0.381   0.
  2017 352  8 43 21 490 352.363443180       1.73     -0.43     -1.04  0.       -4192.588       6783.815       4881.605    0.000  -0.139   0.381   0.
  2017 352  8 43 22 490 352.363454754       2.06     -1.53     -0.59  0.       -4193.563       6783.685       4880.312    0.000  -0.138   0.380   0.
  2017 352  8 43 23 490 352.363466328       2.60     -0.53     -1.84  0.       -4194.538       6783.556       4879.018    0.000  -0.138   0.380   0.
  2017 352  8 43 24 490 352.363477900       2.23     -0.59     -1.29  0.       -4195.512       6783.426       4877.725    0.000  -0.139   0.381   0.
  2017 352  8 43 25 490 352.363489473       3.51     -0.19     -0.88  0.       -4196.486       6783.295       4876.431    0.000  -0.139   0.381   0.
  2017 352  8 43 26 490 352.363501048       3.99      1.15     -0.74  0.       -4197.460       6783.164       4875.137    0.000  -0.138   0.380   0.
  2017 352  8 43 27 490 352.363512622       3.68      1.80     -0.74  0.       -4198.434       6783.033       4873.843    0.000  -0.138   0.380   0.
  2017 352  8 43 28 490 352.363524196       3.72      2.59     -1.16  0.       -4199.407       6782.902       4872.548    0.000  -0.138   0.380   0.
  2017 352  8 43 29 490 352.363535770       2.65      1.01     -0.77  0.       -4200.380       6782.770       4871.253    0.000  -0.138   0.380   0.
  2017 352  8 43 30 490 352.363547344       2.41      0.95     -0.38  0.       -4201.354       6782.638       4869.958    0.000  -0.139   0.381   0.
  2017 352  8 43 31 490 352.363558918       0.74      0.42     -0.36  0.       -4202.326       6782.505       4868.663    0.000  -0.139   0.381   0.
  2017 352  8 43 32 490 352.363570492      -2.54      0.78      0.17  0.       -4203.299       6782.372       4867.368    0.000  -0.138   0.380   0.
  2017 352  8 43 33 490 352.363582066      -1.60      1.79     -1.54  0.       -4204.271       6782.239       4866.072    0.000  -0.138   0.380   0.
  2017 352  8 43 34 490 352.363593640      -0.82      1.51     -2.66  0.       -4205.244       6782.106       4864.775    0.000  -0.139   0.381   0.
  2017 352  8 43 35 490 352.363605214      -2.76     -1.33     -0.37  0.       -4206.215       6781.972       4863.479    0.000  -0.139   0.381   0.
  2017 352  8 43 36 490 352.363616788      -4.19     -2.39      2.06  0.       -4207.187       6781.837       4862.183    0.000  -0.138   0.380   0.
  2017 352  8 43 37 490 352.363628362      -3.68      1.17      3.24  0.       -4208.159       6781.703       4860.886    0.000  -0.138   0.380   0.
  2017 352  8 43 38 490 352.363639936      -1.95      1.63      0.62  0.       -4209.130       6781.568       4859.589    0.000  -0.139   0.381   0.
  2017 352  8 43 39 490 352.363651510      -1.05     -0.01     -0.26  0.       -4210.101       6781.432       4858.291    0.000  -0.139   0.381   0.
  2017 352  8 43 40 490 352.363663084      -0.53      2.22     -1.29  0.       -4211.072       6781.297       4856.994    0.000  -0.139   0.381   0.
  2017 352  8 43 41 490 352.363674659      -1.39      1.22     -2.56  0.       -4212.042       6781.161       4855.696    0.000  -0.139   0.381   0.
  2017 352  8 43 42 490 352.363686233      -2.83      0.15     -2.16  0.       -4213.013       6781.024       4854.398    0.000  -0.138   0.380   0.
  2017 352  8 43 43 490 352.363697807      -2.07      0.43     -0.48  0.       -4213.983       6780.887       4853.099    0.000  -0.138   0.380   0.
  2017 352  8 43 44 490 352.363709381      -2.36      2.22     -0.93  0.       -4214.953       6780.750       4851.801    0.000  -0.138   0.380   0.
  2017 352  8 43 45 490 352.363720955      -1.04      1.24     -1.08  0.       -4215.923       6780.613       4850.502    0.000  -0.138   0.380   0.
  2017 352  8 43 46 490 352.363732529      -0.85      1.59     -2.53  0.       -4216.892       6780.475       4849.203    0.000  -0.138   0.380   0.
  2017 352  8 43 47 490 352.363744103      -0.28      1.75     -2.30  0.       -4217.861       6780.337       4847.903    0.000  -0.138   0.380   0.
  2017 352  8 43 48 490 352.363755677      -2.13      3.01     -0.52  0.       -4218.830       6780.198       4846.604    0.000  -0.138   0.380   0.
  2017 352  8 43 49 490 352.363767251      -1.80     -0.32     -0.94  0.       -4219.799       6780.059       4845.304    0.000  -0.138   0.380   0.
  2017 352  8 43 50 490 352.363778825      -0.45      3.02     -1.55  0.       -4220.768       6779.920       4844.003    0.000  -0.139   0.381   0.
  2017 352  8 43 51 490 352.363790399      -2.17      0.53     -1.97  0.       -4221.736       6779.780       4842.703    0.000  -0.139   0.381   0.
  2017 352  8 43 52 490 352.363801971      -1.90      0.26      0.22  0.       -4222.704       6779.640       4841.402    0.000  -0.138   0.380   0.
  2017 352  8 43 53 490 352.363813545      -0.14      0.94      2.83  0.       -4223.672       6779.500       4840.101    0.000  -0.138   0.380   0.
  2017 352  8 43 54 490 352.363825119      -0.65      1.53     -0.28  0.       -4224.640       6779.359       4838.800    0.000  -0.139   0.381   0.
  2017 352  8 43 55 490 352.363836693      -2.13     -0.29     -2.69  0.       -4225.608       6779.218       4837.499    0.000  -0.139   0.381   0.
  2017 352  8 43 56 490 352.363848267      -1.46     -0.22     -0.13  0.       -4226.575       6779.077       4836.197    0.000  -0.138   0.380   0.
  2017 352  8 43 57 490 352.363859841       0.26      2.43      0.40  0.       -4227.542       6778.935       4834.895    0.000  -0.138   0.380   0.
  2017 352  8 43 58 490 352.363871415      -0.63      2.22     -1.13  0.       -4228.509       6778.793       4833.593    0.000  -0.139   0.381   0.
  2017 352  8 43 59 490 352.363882989      -1.15      0.04     -0.13  0.       -4229.476       6778.650       4832.291    0.000  -0.139   0.381   0.
  2017 352  8 44  0 490 352.363894563      -0.15      0.03     -1.51  0.       -4230.442       6778.507       4830.988    0.000  -0.139   0.381   0.
  2017 352  8 44  1 490 352.363906137       0.09      0.36     -1.58  0.       -4231.408       6778.364       4829.685    0.000  -0.139   0.381   0.
  2017 352  8 44  2 490 352.363917711       0.02     -0.20     -0.48  0.       -4232.374       6778.220       4828.382    0.000  -0.138   0.380   0.
  2017 352  8 44  3 490 352.363929285      -1.43      0.03     -0.07  0.       -4233.340       6778.076       4827.078    0.000  -0.138   0.380   0.
  2017 352  8 44  4 490 352.363940859      -3.09      0.08      1.14  0.       -4234.305       6777.932       4825.774    0.000  -0.139   0.381   0.
  2017 352  8 44  5 490 352.363952433      -2.86      2.56      1.83  0.       -4235.271       6777.788       4824.470    0.000  -0.139   0.381   0.
  2017 352  8 44  6 490 352.363964008      -1.30      3.63      1.09  0.       -4236.236       6777.643       4823.166    0.000  -0.138   0.380   0.
  2017 352  8 44  7 490 352.363975582       0.66      2.98     -0.25  0.       -4237.200       6777.497       4821.862    0.000  -0.138   0.380   0.
  2017 352  8 44  8 490 352.363987156      -0.87      1.27     -2.30  0.       -4238.165       6777.352       4820.557    0.000  -0.139   0.381   0.
  2017 352  8 44  9 490 352.363998730      -3.48      2.41     -1.06  0.       -4239.129       6777.206       4819.252    0.000  -0.139   0.381   0.
  2017 352  8 44 10 490 352.364010304      -0.52      0.30     -3.05  0.       -4240.094       6777.059       4817.947    0.000  -0.139   0.381   0.
  2017 352  8 44 11 490 352.364021878      -1.33      0.35     -1.69  0.       -4241.057       6776.912       4816.641    0.000  -0.139   0.381   0.
  2017 352  8 44 12 490 352.364033452      -1.11      0.76     -1.82  0.       -4242.021       6776.765       4815.335    0.000  -0.138   0.380   0.
  2017 352  8 44 13 490 352.364045026      -0.58     -1.07     -1.92  0.       -4242.985       6776.618       4814.029    0.000  -0.138   0.380   0.
  2017 352  8 44 14 490 352.364056600      -1.79      0.08     -0.10  0.       -4243.948       6776.470       4812.723    0.000  -0.138   0.380   0.
  2017 352  8 44 15 490 352.364068174      -2.36      1.52     -0.06  0.       -4244.911       6776.322       4811.417    0.000  -0.138   0.380   0.
  2017 352  8 44 16 490 352.364079748      -2.07      1.65     -0.18  0.       -4245.874       6776.173       4810.110    0.000  -0.138   0.380   0.
  2017 352  8 44 17 490 352.364091322      -1.59      0.17     -0.57  0.       -4246.836       6776.024       4808.803    0.000  -0.138   0.380   0.
  2017 352  8 44 18 490 352.364102896      -3.20      1.22      3.33  0.       -4247.799       6775.875       4807.496    0.000  -0.139   0.381   0.
  2017 352  8 44 19 490 352.364114470      -1.77      3.76      0.55  0.       -4248.761       6775.725       4806.188    0.000  -0.139   0.381   0.
  2017 352  8 44 20 490 352.364126045       0.82      1.07     -2.25  0.       -4249.723       6775.575       4804.880    0.000  -0.139   0.381   0.
  2017 352  8 44 21 490 352.364137619       0.33      0.80     -0.05  0.       -4250.685       6775.425       4803.572    0.000  -0.139   0.381   0.
  2017 352  8 44 22 490 352.364149190       0.88     -0.27     -1.73  0.       -4251.646       6775.274       4802.264    0.000  -0.138   0.380   0.
  2017 352  8 44 23 490 352.364160764      -0.73      1.01     -1.89  0.       -4252.607       6775.123       4800.955    0.000  -0.138   0.380   0.
  2017 352  8 44 24 490 352.364172338      -1.72      1.89     -2.34  0.       -4253.568       6774.972       4799.647    0.000  -0.139   0.381   0.
  2017 352  8 44 25 489 352.364183912      -2.30      1.18     -4.36  0.       -4254.529       6774.820       4798.338    0.000  -0.139   0.381   0.
  2017 352  8 44 26 489 352.364195486      -3.18      1.21     -3.18  0.       -4255.490       6774.668       4797.028    0.000  -0.138   0.380   0.
  2017 352  8 44 27 489 352.364207060      -4.02      2.19     -1.78  0.       -4256.450       6774.516       4795.719    0.000  -0.138   0.380   0.
  2017 352  8 44 28 489 352.364218634      -3.81      3.33     -0.85  0.       -4257.410       6774.363       4794.409    0.000  -0.139   0.381   0.
  2017 352  8 44 29 489 352.364230208      -2.91      2.74     -0.88  0.       -4258.370       6774.210       4793.099    0.000  -0.139   0.381   0.
  2017 352  8 44 30 490 352.364241782      -1.31      2.21     -0.71  0.       -4259.330       6774.056       4791.788    0.000  -0.139   0.381   0.
  2017 352  8 44 31 490 352.364253356      -1.15      2.71      0.39  0.       -4260.289       6773.902       4790.478    0.000  -0.139   0.381   0.
  2017 352  8 44 32 489 352.364264931      -0.03      1.61     -0.38  0.       -4261.249       6773.748       4789.167    0.000  -0.138   0.380   0.
  2017 352  8 44 33 489 352.364276505      -0.80      1.68     -1.05  0.       -4262.208       6773.593       4787.856    0.000  -0.138   0.380   0.
  2017 352  8 44 34 490 352.364288079      -1.57      1.13     -0.28  0.       -4263.166       6773.438       4786.544    0.000  -0.138   0.380   0.
  2017 352  8 44 35 490 352.364299653      -2.43      2.31     -1.08  0.       -4264.125       6773.283       4785.233    0.000  -0.138   0.380   0.
  2017 352  8 44 36 490 352.364311227      -2.05      1.57     -0.80  0.       -4265.083       6773.127       4783.922    0.000  -0.139   0.381   0.
  2017 352  8 44 37 490 352.364322801      -2.85      2.39     -2.00  0.       -4266.041       6772.971       4782.609    0.000  -0.139   0.381   0.
  2017 352  8 44 38 489 352.364334375      -2.90      1.96     -2.23  0.       -4266.999       6772.815       4781.297    0.000  -0.139   0.381   0.
  2017 352  8 44 39 489 352.364345949      -1.52      0.88     -1.12  0.       -4267.957       6772.658       4779.984    0.000  -0.139   0.381   0.
  2017 352  8 44 40 489 352.364357523       0.12      0.69     -1.28  0.       -4268.914       6772.501       4778.671    0.000  -0.139   0.381   0.
  2017 352  8 44 41 489 352.364369097      -1.19      0.67     -0.36  0.       -4269.872       6772.343       4777.358    0.000  -0.139   0.381   0.
  2017 352  8 44 42 489 352.364380671      -3.03      0.95     -1.03  0.       -4270.829       6772.185       4776.045    0.000  -0.139   0.381   0.
  2017 352  8 44 43 490 352.364392245      -4.56      2.10     -1.53  0.       -4271.785       6772.027       4774.731    0.000  -0.139   0.381   0.
  2017 352  8 44 44 490 352.364403819      -2.95      0.69     -0.52  0.       -4272.742       6771.869       4773.417    0.000  -0.138   0.380   0.
  2017 352  8 44 45 489 352.364415394      -3.45      1.58      0.46  0.       -4273.698       6771.710       4772.103    0.000  -0.138   0.380   0.
  2017 352  8 44 46 489 352.364426968      -2.82      3.16     -2.16  0.       -4274.654       6771.550       4770.789    0.000  -0.138   0.380   0.
  2017 352  8 44 47 490 352.364438542      -0.99      1.37     -3.52  0.       -4275.610       6771.391       4769.474    0.000  -0.138   0.380   0.
  2017 352  8 44 48 490 352.364450116       0.16      0.83     -2.33  0.       -4276.566       6771.230       4768.159    0.000  -0.139   0.381   0.
  2017 352  8 44 49 490 352.364461690      -1.19      1.21     -1.70  0.       -4277.521       6771.070       4766.844    0.000  -0.139   0.381   0.
  2017 352  8 44 50 490 352.364473261      -2.84      0.66     -1.58  0.       -4278.476       6770.910       4765.529    0.000  -0.138   0.380   0.
  2017 352  8 44 51 489 352.364484835      -3.34      1.15     -1.62  0.       -4279.431       6770.749       4764.213    0.000  -0.138   0.380   0.
  2017 352  8 44 52 489 352.364496409      -2.21      1.76     -0.47  0.       -4280.386       6770.587       4762.897    0.000  -0.138   0.380   0.
  2017 352  8 44 53 489 352.364507983      -1.04      2.02     -2.05  0.       -4281.340       6770.426       4761.581    0.000  -0.138   0.380   0.
  2017 352  8 44 54 489 352.364519557      -0.99      0.58     -2.75  0.       -4282.295       6770.263       4760.265    0.000  -0.139   0.381   0.
  2017 352  8 44 55 489 352.364531131      -0.99     -0.03     -1.83  0.       -4283.249       6770.101       4758.948    0.000  -0.139   0.381   0.
  2017 352  8 44 56 489 352.364542705      -1.32      0.53      0.69  0.       -4284.203       6769.938       4757.631    0.000  -0.139   0.381   0.
  2017 352  8 44 57 489 352.364554279      -1.15      2.61      0.41  0.       -4285.156       6769.775       4756.314    0.000  -0.139   0.381   0.
  2017 352  8 44 58 489 352.364565854      -0.50      1.69     -2.41  0.       -4286.110       6769.611       4754.997    0.000  -0.138   0.380   0.
  2017 352  8 44 59 489 352.364577428      -0.40     -2.96     -1.48  0.       -4287.063       6769.447       4753.679    0.000  -0.138   0.380   0.
  2017 352  8 45  0 489 352.364589002      -0.46     -2.69     -0.73  0.       -4288.016       6769.283       4752.361    0.000  -0.139   0.381   0.
  2017 352  8 45  1 489 352.364600576      -2.19     -1.52     -1.01  0.       -4288.968       6769.118       4751.043    0.000  -0.139   0.381   0.
  2017 352  8 45  2 489 352.364612150      -1.53      1.42     -0.52  0.       -4289.921       6768.953       4749.725    0.000  -0.138   0.380   0.
  2017 352  8 45  3 489 352.364623724      -1.91      0.36      0.98  0.       -4290.873       6768.788       4748.406    0.000  -0.138   0.380   0.
  2017 352  8 45  4 489 352.364635298      -0.32      3.75     -1.33  0.       -4291.825       6768.622       4747.087    0.000  -0.138   0.380   0.
  2017 352  8 45  5 489 352.364646872       0.12      2.41     -3.03  0.       -4292.777       6768.456       4745.768    0.000  -0.138   0.380   0.
  2017 352  8 45  6 489 352.364658446      -0.99     -0.43     -3.34  0.       -4293.728       6768.290       4744.449    0.000  -0.139   0.381   0.
  2017 352  8 45  7 489 352.364670020       0.25      0.92      1.05  0.       -4294.680       6768.123       4743.129    0.000  -0.139   0.381   0.
  2017 352  8 45  8 489 352.364681594      -1.65      4.38     -1.27  0.       -4295.631       6767.956       4741.809    0.000  -0.138   0.380   0.
  2017 352  8 45  9 489 352.364693168      -1.40      2.23     -3.40  0.       -4296.582       6767.788       4740.489    0.000  -0.138   0.380   0.
  2017 352  8 45 10 489 352.364704742      -1.04      0.20     -3.01  0.       -4297.532       6767.620       4739.168    0.000  -0.139   0.381   0.
  2017 352  8 45 11 489 352.364716317       0.49      0.66      0.29  0.       -4298.483       6767.452       4737.848    0.000  -0.139   0.381   0.
  2017 352  8 45 12 489 352.364727891       0.23      1.25     -0.53  0.       -4299.433       6767.283       4736.527    0.000  -0.139   0.381   0.
  2017 352  8 45 13 489 352.364739465      -1.85      0.56     -2.53  0.       -4300.383       6767.115       4735.206    0.000  -0.139   0.381   0.
  2017 352  8 45 14 489 352.364751039      -0.89      0.43     -1.24  0.       -4301.333       6766.945       4733.884    0.000  -0.139   0.381   0.
  2017 352  8 45 15 489 352.364762613       1.49      1.08     -0.71  0.       -4302.282       6766.776       4732.563    0.000  -0.139   0.381   0.
  2017 352  8 45 16 489 352.364774187      -1.03      0.60     -0.77  0.       -4303.231       6766.606       4731.241    0.000  -0.139   0.381   0.
  2017 352  8 45 17 489 352.364785761      -1.99     -0.04     -1.95  0.       -4304.180       6766.435       4729.919    0.000  -0.139   0.381   0.
  2017 352  8 45 18 489 352.364797335      -2.69     -1.60     -0.50  0.       -4305.129       6766.264       4728.596    0.000  -0.139   0.381   0.
  2017 352  8 45 19 489 352.364808909      -3.27     -0.29      1.16  0.       -4306.078       6766.093       4727.273    0.000  -0.139   0.381   0.
  2017 352  8 45 20 489 352.364820481       0.32      2.36      0.67  0.       -4307.026       6765.922       4725.951    0.000  -0.138   0.380   0.
  2017 352  8 45 21 489 352.364832054       1.20      1.80      0.36  0.       -4307.974       6765.750       4724.627    0.000  -0.138   0.380   0.
  2017 352  8 45 22 489 352.364843629       0.08      1.56     -0.20  0.       -4308.922       6765.578       4723.304    0.000  -0.139   0.381   0.
  2017 352  8 45 23 489 352.364855202      -0.14      1.07     -0.09  0.       -4309.870       6765.405       4721.980    0.000  -0.139   0.381   0.
  2017 352  8 45 24 489 352.364866777      -2.46      0.32     -1.43  0.       -4310.817       6765.232       4720.656    0.000  -0.139   0.381   0.
  2017 352  8 45 25 489 352.364878351      -2.83      1.49      0.78  0.       -4311.764       6765.059       4719.332    0.000  -0.139   0.381   0.
  2017 352  8 45 26 489 352.364889925      -0.85      3.64     -0.44  0.       -4312.711       6764.885       4718.008    0.000  -0.139   0.381   0.
  2017 352  8 45 27 489 352.364901499      -1.58      1.51     -0.70  0.       -4313.658       6764.711       4716.683    0.000  -0.139   0.381   0.
  2017 352  8 45 28 489 352.364913073      -1.31      1.52     -0.40  0.       -4314.605       6764.537       4715.358    0.000  -0.138   0.380   0.
  2017 352  8 45 29 489 352.364924647      -1.81      2.47     -0.85  0.       -4315.551       6764.362       4714.033    0.000  -0.138   0.380   0.
  2017 352  8 45 30 489 352.364936221      -2.23      1.88     -0.64  0.       -4316.497       6764.187       4712.708    0.000  -0.139   0.381   0.
  2017 352  8 45 31 489 352.364947795      -0.93      1.48     -0.39  0.       -4317.443       6764.012       4711.382    0.000  -0.139   0.381   0.
  2017 352  8 45 32 489 352.364959369      -1.03      1.80     -0.39  0.       -4318.388       6763.836       4710.056    0.000  -0.139   0.381   0.
  2017 352  8 45 33 489 352.364970943      -0.64      0.93      1.23  0.       -4319.334       6763.660       4708.730    0.000  -0.139   0.381   0.
  2017 352  8 45 34 489 352.364982517      -2.36      2.41     -0.51  0.       -4320.279       6763.484       4707.403    0.000  -0.139   0.381   0.
  2017 352  8 45 35 489 352.364994091      -1.23      0.92     -2.71  0.       -4321.224       6763.307       4706.077    0.000  -0.139   0.381   0.
  2017 352  8 45 36 489 352.365005665       0.35     -0.39      0.78  0.       -4322.169       6763.129       4704.750    0.000  -0.139   0.381   0.
  2017 352  8 45 37 489 352.365017240       1.44      1.86      1.45  0.       -4323.113       6762.952       4703.423    0.000  -0.139   0.381   0.
  2017 352  8 45 38 489 352.365028814       0.09      1.67      0.55  0.       -4324.057       6762.774       4702.095    0.000  -0.139   0.381   0.
  2017 352  8 45 39 489 352.365040388      -1.05      0.79     -0.34  0.       -4325.001       6762.596       4700.768    0.000  -0.139   0.381   0.
  2017 352  8 45 40 489 352.365051962      -0.67     -0.26     -0.65  0.       -4325.945       6762.417       4699.439    0.000  -0.139   0.381   0.
  2017 352  8 45 41 489 352.365063536      -0.89     -1.82      1.50  0.       -4326.889       6762.238       4698.111    0.000  -0.139   0.381   0.
  2017 352  8 45 42 489 352.365075110      -0.18      1.33      2.30  0.       -4327.832       6762.059       4696.783    0.000  -0.138   0.380   0.
  2017 352  8 45 43 489 352.365086684       0.21      1.96      1.34  0.       -4328.775       6761.879       4695.454    0.000  -0.138   0.380   0.
  2017 352  8 45 44 489 352.365098258       1.17      2.37      0.38  0.       -4329.718       6761.699       4694.125    0.000  -0.139   0.381   0.
  2017 352  8 45 45 489 352.365109832       0.89      1.62     -0.68  0.       -4330.660       6761.518       4692.796    0.000  -0.139   0.381   0.
  2017 352  8 45 46 489 352.365121406       1.46      1.55     -1.77  0.       -4331.603       6761.338       4691.467    0.000  -0.139   0.381   0.
  2017 352  8 45 47 489 352.365132980       1.54      1.65     -2.61  0.       -4332.545       6761.156       4690.137    0.000  -0.139   0.381   0.
  2017 352  8 45 48 489 352.365144554       0.75      2.51     -2.25  0.       -4333.487       6760.975       4688.807    0.000  -0.139   0.381   0.
  2017 352  8 45 49 489 352.365156128       0.27      0.50     -1.90  0.       -4334.429       6760.793       4687.477    0.000  -0.139   0.381   0.
  2017 352  8 45 50 489 352.365167700      -1.84     -1.92     -2.26  0.       -4335.370       6760.611       4686.146    0.000  -0.138   0.380   0.
  2017 352  8 45 51 489 352.365179274      -4.17     -3.86     -1.69  0.       -4336.311       6760.428       4684.816    0.000  -0.138   0.380   0.
  2017 352  8 45 52 489 352.365190848      -2.94     -1.65      3.37  0.       -4337.252       6760.245       4683.485    0.000  -0.139   0.381   0.
  2017 352  8 45 53 489 352.365202422      -0.16      2.56     -0.76  0.       -4338.193       6760.062       4682.154    0.000  -0.139   0.381   0.
  2017 352  8 45 54 489 352.365213996      -0.19      0.17     -0.58  0.       -4339.134       6759.878       4680.822    0.000  -0.139   0.381   0.
  2017 352  8 45 55 489 352.365225570       0.05      0.41     -2.50  0.       -4340.074       6759.694       4679.490    0.000  -0.139   0.381   0.
  2017 352  8 45 56 489 352.365237144      -0.40      0.79     -1.83  0.       -4341.014       6759.510       4678.159    0.000  -0.139   0.381   0.
  2017 352  8 45 57 489 352.365248718      -0.66     -0.60     -0.74  0.       -4341.954       6759.325       4676.826    0.000  -0.139   0.381   0.
  2017 352  8 45 58 489 352.365260292      -0.92     -1.06      0.71  0.       -4342.893       6759.140       4675.494    0.000  -0.139   0.381   0.
  2017 352  8 45 59 489 352.365271866      -1.69     -0.14      1.49  0.       -4343.833       6758.954       4674.161    0.000  -0.139   0.381   0.
  2017 352  8 46  0 489 352.365283440      -1.84      0.75      0.30  0.       -4344.772       6758.768       4672.828    0.000  -0.139   0.381   0.
  2017 352  8 46  1 489 352.365295014      -1.56      1.32     -0.78  0.       -4345.711       6758.582       4671.495    0.000  -0.139   0.381   0.
  2017 352  8 46  2 489 352.365306589      -1.31     -0.02      0.22  0.       -4346.649       6758.396       4670.162    0.000  -0.138   0.380   0.
  2017 352  8 46  3 489 352.365318163      -0.89     -0.06      0.87  0.       -4347.588       6758.209       4668.828    0.000  -0.138   0.380   0.
  2017 352  8 46  4 489 352.365329737      -0.17      1.72      2.97  0.       -4348.526       6758.021       4667.494    0.000  -0.139   0.381   0.
  2017 352  8 46  5 489 352.365341311      -0.42      2.58      2.46  0.       -4349.464       6757.834       4666.160    0.000  -0.139   0.381   0.
  2017 352  8 46  6 489 352.365352885      -1.24      1.03     -0.65  0.       -4350.402       6757.646       4664.825    0.000  -0.139   0.381   0.
  2017 352  8 46  7 489 352.365364459      -0.44     -0.76     -0.51  0.       -4351.339       6757.457       4663.491    0.000  -0.139   0.381   0.
  2017 352  8 46  8 489 352.365376033      -1.64      1.00      0.29  0.       -4352.277       6757.269       4662.156    0.000  -0.139   0.381   0.
  2017 352  8 46  9 489 352.365387607      -1.34      1.34      0.06  0.       -4353.214       6757.079       4660.821    0.000  -0.139   0.381   0.
  2017 352  8 46 10 489 352.365399181       0.36     -0.22     -2.17  0.       -4354.151       6756.890       4659.485    0.000  -0.138   0.380   0.
  2017 352  8 46 11 489 352.365410755       0.28      0.33     -0.43  0.       -4355.087       6756.700       4658.150    0.000  -0.138   0.380   0.
  2017 352  8 46 12 489 352.365422329       0.25      1.35      0.30  0.       -4356.024       6756.510       4656.814    0.000  -0.139   0.381   0.
  2017 352  8 46 13 489 352.365433903      -0.04      1.69     -0.38  0.       -4356.960       6756.319       4655.478    0.000  -0.139   0.381   0.
  2017 352  8 46 14 489 352.365445477      -1.62      1.46     -2.07  0.       -4357.896       6756.129       4654.141    0.000  -0.139   0.381   0.
  2017 352  8 46 15 489 352.365457052      -0.57      2.43     -2.95  0.       -4358.831       6755.937       4652.804    0.000  -0.139   0.381   0.
  2017 352  8 46 16 489 352.365468626      -1.51      2.28     -0.75  0.       -4359.767       6755.746       4651.468    0.000  -0.139   0.381   0.
  2017 352  8 46 17 489 352.365480200      -1.23      2.53     -2.72  0.       -4360.702       6755.554       4650.130    0.000  -0.139   0.381   0.
  2017 352  8 46 18 489 352.365491774       0.76      0.43     -5.65  0.       -4361.637       6755.361       4648.793    0.000  -0.139   0.381   0.
  2017 352  8 46 19 489 352.365503348       2.46     -0.56     -2.23  0.       -4362.572       6755.169       4647.455    0.000  -0.139   0.381   0.
  2017 352  8 46 20 489 352.365514919       1.02      0.26     -0.13  0.       -4363.506       6754.976       4646.117    0.000  -0.139   0.381   0.
  2017 352  8 46 21 488 352.365526493       0.23      0.96     -0.58  0.       -4364.440       6754.782       4644.779    0.000  -0.139   0.381   0.
  2017 352  8 46 22 488 352.365538067       0.60      1.82     -0.97  0.       -4365.374       6754.588       4643.441    0.000  -0.139   0.381   0.
  2017 352  8 46 23 488 352.365549641       0.42     -0.68     -4.84  0.       -4366.308       6754.394       4642.102    0.000  -0.139   0.381   0.
  2017 352  8 46 24 488 352.365561215      -0.68      0.54     -3.33  0.       -4367.242       6754.200       4640.763    0.000  -0.139   0.381   0.
  2017 352  8 46 25 488 352.365572789      -1.28     -1.59     -2.05  0.       -4368.175       6754.005       4639.424    0.000  -0.139   0.381   0.
  2017 352  8 46 26 489 352.365584363      -1.21     -0.25      0.32  0.       -4369.108       6753.810       4638.085    0.000  -0.139   0.381   0.
  2017 352  8 46 27 489 352.365595938      -0.80      0.80     -0.78  0.       -4370.041       6753.614       4636.745    0.000  -0.139   0.381   0.
  2017 352  8 46 28 488 352.365607512      -0.45     -1.02     -1.31  0.       -4370.974       6753.418       4635.405    0.000  -0.138   0.380   0.
  2017 352  8 46 29 488 352.365619086      -0.49     -2.29     -1.88  0.       -4371.906       6753.222       4634.065    0.000  -0.138   0.380   0.
  2017 352  8 46 30 489 352.365630660       0.43     -0.45     -2.57  0.       -4372.838       6753.025       4632.725    0.000  -0.139   0.381   0.
  2017 352  8 46 31 489 352.365642234       1.30     -1.25     -4.52  0.       -4373.770       6752.828       4631.384    0.000  -0.139   0.381   0.
  2017 352  8 46 32 489 352.365653808       2.23     -0.40     -4.84  0.       -4374.702       6752.631       4630.043    0.000  -0.139   0.381   0.
  2017 352  8 46 33 489 352.365665382       2.26      1.04     -0.99  0.       -4375.633       6752.433       4628.702    0.000  -0.139   0.381   0.
  2017 352  8 46 34 488 352.365676956       0.38      0.38     -3.06  0.       -4376.565       6752.235       4627.361    0.000  -0.139   0.381   0.
  2017 352  8 46 35 488 352.365688530      -1.05      0.75     -3.00  0.       -4377.496       6752.036       4626.019    0.000  -0.139   0.381   0.
  2017 352  8 46 36 488 352.365700104      -0.88      0.79     -0.15  0.       -4378.426       6751.837       4624.677    0.000  -0.139   0.381   0.
  2017 352  8 46 37 488 352.365711678       0.52      2.43      0.11  0.       -4379.357       6751.638       4623.335    0.000  -0.139   0.381   0.
  2017 352  8 46 38 488 352.365723252       0.36      0.81     -1.14  0.       -4380.287       6751.439       4621.993    0.000  -0.138   0.380   0.
  2017 352  8 46 39 489 352.365734826       0.98      0.50     -1.08  0.       -4381.217       6751.239       4620.650    0.000  -0.138   0.380   0.
  2017 352  8 46 40 489 352.365746400      -0.73      0.83     -2.29  0.       -4382.147       6751.038       4619.307    0.000  -0.139   0.381   0.
  2017 352  8 46 41 488 352.365757975      -1.20      1.00     -2.96  0.       -4383.077       6750.838       4617.964    0.000  -0.139   0.381   0.
  2017 352  8 46 42 488 352.365769549      -1.67      1.12     -1.22  0.       -4384.006       6750.637       4616.621    0.000  -0.139   0.381   0.
  2017 352  8 46 43 489 352.365781123      -0.87      0.74     -2.85  0.       -4384.935       6750.435       4615.277    0.000  -0.139   0.381   0.
  2017 352  8 46 44 489 352.365792697      -1.16     -0.58     -2.90  0.       -4385.864       6750.234       4613.933    0.000  -0.139   0.381   0.
  2017 352  8 46 45 489 352.365804271      -1.76     -2.87     -2.06  0.       -4386.792       6750.031       4612.589    0.000  -0.139   0.381   0.
  2017 352  8 46 46 489 352.365815845      -3.06     -4.02     -0.91  0.       -4387.721       6749.829       4611.245    0.000  -0.139   0.381   0.
  2017 352  8 46 47 489 352.365827419      -2.63     -1.79      2.59  0.       -4388.650       6749.626       4609.900    0.000  -0.139   0.381   0.
  2017 352  8 46 48 488 352.365838993      -0.16     -0.53      1.85  0.       -4389.577       6749.423       4608.555    0.000  -0.138   0.380   0.
  2017 352  8 46 49 488 352.365850567      -1.05     -1.08      1.03  0.       -4390.505       6749.219       4607.210    0.000  -0.138   0.380   0.
  2017 352  8 46 50 488 352.365862139      -2.59      1.32      1.01  0.       -4391.432       6749.016       4605.865    0.000  -0.139   0.381   0.
  2017 352  8 46 51 488 352.365873712      -1.58      1.42     -0.84  0.       -4392.360       6748.811       4604.519    0.000  -0.139   0.381   0.
  2017 352  8 46 52 488 352.365885286      -0.03      0.31     -0.00  0.       -4393.287       6748.607       4603.173    0.000  -0.139   0.381   0.
  2017 352  8 46 53 488 352.365896861       0.49      0.35      3.24  0.       -4394.213       6748.402       4601.827    0.000  -0.139   0.381   0.
  2017 352  8 46 54 488 352.365908435       1.80      1.91      1.75  0.       -4395.140       6748.196       4600.481    0.000  -0.139   0.381   0.
  2017 352  8 46 55 488 352.365920009      -0.07      2.39     -2.06  0.       -4396.066       6747.991       4599.134    0.000  -0.139   0.381   0.
  2017 352  8 46 56 488 352.365931583      -0.37      1.72     -2.17  0.       -4396.992       6747.784       4597.788    0.000  -0.139   0.381   0.
  2017 352  8 46 57 488 352.365943157      -2.16      0.93     -1.72  0.       -4397.918       6747.578       4596.440    0.000  -0.139   0.381   0.
  2017 352  8 46 58 488 352.365954731      -2.29     -1.27     -0.45  0.       -4398.844       6747.371       4595.093    0.000  -0.139   0.381   0.
  2017 352  8 46 59 488 352.365966305      -1.33     -0.58     -0.04  0.       -4399.769       6747.164       4593.746    0.000  -0.139   0.381   0.
  2017 352  8 47  0 488 352.365977879      -0.60      0.11     -0.06  0.       -4400.694       6746.957       4592.398    0.000  -0.138   0.380   0.
  2017 352  8 47  1 488 352.365989453      -0.90      1.27      1.01  0.       -4401.619       6746.748       4591.050    0.000  -0.138   0.380   0.
  2017 352  8 47  2 488 352.366001027      -0.89      1.83     -0.85  0.       -4402.544       6746.540       4589.701    0.000  -0.139   0.381   0.
  2017 352  8 47  3 488 352.366012601      -0.99      3.52     -1.64  0.       -4403.468       6746.332       4588.353    0.000  -0.139   0.381   0.
  2017 352  8 47  4 488 352.366024175      -0.99      0.14     -4.82  0.       -4404.392       6746.123       4587.004    0.000  -0.139   0.381   0.
  2017 352  8 47  5 488 352.366035749      -0.39     -1.43     -0.88  0.       -4405.316       6745.913       4585.655    0.000  -0.139   0.381   0.
  2017 352  8 47  6 488 352.366047323      -0.56      0.10      0.54  0.       -4406.240       6745.704       4584.306    0.000  -0.139   0.381   0.
  2017 352  8 47  7 488 352.366058898      -0.57      2.26     -0.02  0.       -4407.163       6745.494       4582.956    0.000  -0.139   0.381   0.
  2017 352  8 47  8 488 352.366070472      -0.71      1.72     -0.22  0.       -4408.086       6745.283       4581.606    0.000  -0.139   0.381   0.
  2017 352  8 47  9 488 352.366082046      -0.54      1.98     -2.18  0.       -4409.009       6745.072       4580.256    0.000  -0.139   0.381   0.
  2017 352  8 47 10 488 352.366093620      -1.29      0.16     -2.48  0.       -4409.932       6744.861       4578.906    0.000  -0.139   0.381   0.
  2017 352  8 47 11 488 352.366105194      -1.00     -0.63     -0.35  0.       -4410.855       6744.650       4577.556    0.000  -0.139   0.381   0.
  2017 352  8 47 12 488 352.366116768      -0.82      0.61      1.42  0.       -4411.777       6744.438       4576.205    0.000  -0.139   0.381   0.
  2017 352  8 47 13 488 352.366128342      -0.30      2.61      2.60  0.       -4412.699       6744.226       4574.854    0.000  -0.139   0.381   0.
  2017 352  8 47 14 488 352.366139916      -0.74      3.03      1.74  0.       -4413.621       6744.013       4573.503    0.000  -0.139   0.381   0.
  2017 352  8 47 15 488 352.366151490      -1.14      0.63     -2.33  0.       -4414.542       6743.800       4572.151    0.000  -0.139   0.381   0.
  2017 352  8 47 16 488 352.366163064      -1.09      1.68     -1.30  0.       -4415.464       6743.587       4570.799    0.000  -0.139   0.381   0.
  2017 352  8 47 17 488 352.366174638      -1.01      2.21     -0.64  0.       -4416.385       6743.373       4569.447    0.000  -0.139   0.381   0.
  2017 352  8 47 18 488 352.366186210      -1.51      0.90     -1.89  0.       -4417.305       6743.159       4568.095    0.000  -0.139   0.381   0.
  2017 352  8 47 19 488 352.366197784      -1.89      0.52     -1.48  0.       -4418.226       6742.945       4566.742    0.000  -0.139   0.381   0.
  2017 352  8 47 20 488 352.366209358      -2.12      0.36     -1.25  0.       -4419.146       6742.730       4565.390    0.000  -0.139   0.381   0.
  2017 352  8 47 21 488 352.366220932      -1.69      0.13      0.66  0.       -4420.067       6742.515       4564.037    0.000  -0.139   0.381   0.
  2017 352  8 47 22 488 352.366232506      -1.15      1.19      0.13  0.       -4420.986       6742.299       4562.684    0.000  -0.139   0.381   0.
  2017 352  8 47 23 488 352.366244080      -1.52      0.69     -0.47  0.       -4421.906       6742.083       4561.330    0.000  -0.139   0.381   0.
  2017 352  8 47 24 488 352.366255654      -1.42      0.40     -0.55  0.       -4422.826       6741.867       4559.976    0.000  -0.139   0.381   0.
  2017 352  8 47 25 488 352.366267228      -1.50      0.63     -0.03  0.       -4423.745       6741.650       4558.622    0.000  -0.139   0.381   0.
  2017 352  8 47 26 488 352.366278802      -2.50      1.18      0.22  0.       -4424.664       6741.433       4557.268    0.000  -0.139   0.381   0.
  2017 352  8 47 27 488 352.366290376      -1.05      1.91     -0.11  0.       -4425.582       6741.216       4555.914    0.000  -0.139   0.381   0.
  2017 352  8 47 28 488 352.366301950      -0.89      2.46     -0.16  0.       -4426.501       6740.998       4554.559    0.000  -0.139   0.381   0.
  2017 352  8 47 29 488 352.366313524      -1.49      1.23     -1.27  0.       -4427.419       6740.780       4553.204    0.000  -0.139   0.381   0.
  2017 352  8 47 30 488 352.366325098      -0.46      1.02     -0.23  0.       -4428.337       6740.562       4551.849    0.000  -0.138   0.380   0.
  2017 352  8 47 31 488 352.366336672      -0.54      0.61      0.79  0.       -4429.255       6740.343       4550.493    0.000  -0.138   0.380   0.
  2017 352  8 47 32 488 352.366348246       0.27      2.63      0.36  0.       -4430.172       6740.124       4549.138    0.000  -0.139   0.381   0.
  2017 352  8 47 33 488 352.366359821       0.15      0.33     -1.42  0.       -4431.090       6739.904       4547.782    0.000  -0.139   0.381   0.
  2017 352  8 47 34 488 352.366371395      -0.50     -0.61     -0.14  0.       -4432.007       6739.685       4546.426    0.000  -0.139   0.381   0.
  2017 352  8 47 35 488 352.366382969      -2.66     -0.25     -0.60  0.       -4432.923       6739.464       4545.069    0.000  -0.139   0.381   0.
  2017 352  8 47 36 488 352.366394543      -3.81      0.94     -0.57  0.       -4433.840       6739.244       4543.712    0.000  -0.139   0.381   0.
  2017 352  8 47 37 488 352.366406117      -3.85      0.24      0.46  0.       -4434.756       6739.023       4542.356    0.000  -0.139   0.381   0.
  2017 352  8 47 38 488 352.366417691      -3.30     -0.43      1.63  0.       -4435.672       6738.802       4540.998    0.000  -0.139   0.381   0.
  2017 352  8 47 39 488 352.366429265      -1.07      1.98      0.44  0.       -4436.588       6738.580       4539.641    0.000  -0.139   0.381   0.
  2017 352  8 47 40 488 352.366440839      -1.03      2.60     -0.87  0.       -4437.504       6738.358       4538.283    0.000  -0.139   0.381   0.
  2017 352  8 47 41 488 352.366452413      -1.64      1.86     -1.29  0.       -4438.419       6738.135       4536.925    0.000  -0.139   0.381   0.
  2017 352  8 47 42 488 352.366463987      -2.20      0.03     -2.84  0.       -4439.334       6737.913       4535.567    0.000  -0.139   0.381   0.
  2017 352  8 47 43 488 352.366475561      -2.54     -2.66     -2.89  0.       -4440.249       6737.690       4534.209    0.000  -0.139   0.381   0.
  2017 352  8 47 44 488 352.366487135      -1.73     -3.67     -1.75  0.       -4441.164       6737.466       4532.850    0.000  -0.139   0.381   0.
  2017 352  8 47 45 488 352.366498709      -1.22     -2.75     -0.53  0.       -4442.078       6737.243       4531.491    0.000  -0.139   0.381   0.
  2017 352  8 47 46 488 352.366510284      -1.08      0.13      2.15  0.       -4442.992       6737.017       4530.132    0.000  -0.139   0.381   0.
  2017 352  8 47 47 488 352.366521858      -0.01      1.18      1.91  0.       -4443.906       6736.793       4528.773    0.000  -0.139   0.381   0.
  2017 352  8 47 48 488 352.366533429      -1.12      2.29      0.24  0.       -4444.820       6736.568       4527.413    0.000  -0.139   0.381   0.
  2017 352  8 47 49 488 352.366545003      -0.57     -2.18     -1.87  0.       -4445.733       6736.343       4526.054    0.000  -0.139   0.381   0.
  2017 352  8 47 50 488 352.366556577      -0.46     -0.01     -0.64  0.       -4446.646       6736.117       4524.693    0.000  -0.139   0.381   0.
  2017 352  8 47 51 488 352.366568151      -0.91      1.70      0.67  0.       -4447.559       6735.891       4523.333    0.000  -0.139   0.381   0.
  2017 352  8 47 52 488 352.366579725      -0.84      1.13     -0.93  0.       -4448.472       6735.665       4521.972    0.000  -0.139   0.381   0.
  2017 352  8 47 53 488 352.366591299      -1.29     -0.78     -0.12  0.       -4449.385       6735.438       4520.612    0.000  -0.139   0.381   0.
  2017 352  8 47 54 488 352.366602873      -0.79      0.53      0.78  0.       -4450.297       6735.211       4519.251    0.000  -0.139   0.381   0.
  2017 352  8 47 55 488 352.366614447       0.23      2.33     -0.73  0.       -4451.209       6734.983       4517.889    0.000  -0.139   0.381   0.
  2017 352  8 47 56 488 352.366626021       0.43      3.19     -2.94  0.       -4452.120       6734.755       4516.528    0.000  -0.139   0.381   0.
  2017 352  8 47 57 488 352.366637595      -0.30     -0.65     -2.23  0.       -4453.032       6734.527       4515.166    0.000  -0.139   0.381   0.
  2017 352  8 47 58 488 352.366649170      -0.36      0.41     -0.75  0.       -4453.943       6734.299       4513.804    0.000  -0.139   0.381   0.
  2017 352  8 47 59 488 352.366660744      -0.44      1.50      0.27  0.       -4454.854       6734.070       4512.441    0.000  -0.139   0.381   0.
  2017 352  8 48  0 488 352.366672318       0.94      2.36     -0.20  0.       -4455.765       6733.840       4511.079    0.000  -0.139   0.381   0.
  2017 352  8 48  1 488 352.366683892       0.85      3.22     -0.73  0.       -4456.676       6733.611       4509.716    0.000  -0.139   0.381   0.
  2017 352  8 48  2 488 352.366695466      -1.50      2.67     -2.61  0.       -4457.586       6733.381       4508.353    0.000  -0.139   0.381   0.
  2017 352  8 48  3 488 352.366707040      -3.10      0.02     -3.79  0.       -4458.496       6733.150       4506.990    0.000  -0.139   0.381   0.
  2017 352  8 48  4 488 352.366718614      -1.76     -0.50      0.31  0.       -4459.406       6732.919       4505.626    0.000  -0.139   0.381   0.
  2017 352  8 48  5 488 352.366730188      -0.68      0.94      1.06  0.       -4460.315       6732.688       4504.262    0.000  -0.139   0.381   0.
  2017 352  8 48  6 488 352.366741762       0.38      1.12      0.60  0.       -4461.225       6732.457       4502.898    0.000  -0.139   0.381   0.
  2017 352  8 48  7 488 352.366753336       0.75      0.98      1.59  0.       -4462.134       6732.225       4501.534    0.000  -0.139   0.381   0.
  2017 352  8 48  8 488 352.366764910      -2.33      0.48     -0.75  0.       -4463.043       6731.993       4500.170    0.000  -0.139   0.381   0.
  2017 352  8 48  9 488 352.366776484      -2.57     -2.05     -0.75  0.       -4463.951       6731.760       4498.805    0.000  -0.139   0.381   0.
  2017 352  8 48 10 488 352.366788058      -2.59     -1.99      0.75  0.       -4464.860       6731.527       4497.440    0.000  -0.139   0.381   0.
  2017 352  8 48 11 488 352.366799633      -2.78     -0.54      1.60  0.       -4465.768       6731.294       4496.075    0.000  -0.139   0.381   0.
  2017 352  8 48 12 488 352.366811207      -2.07      1.89      1.76  0.       -4466.676       6731.060       4494.709    0.000  -0.139   0.381   0.
  2017 352  8 48 13 488 352.366822781      -2.20      3.31      1.35  0.       -4467.583       6730.826       4493.343    0.000  -0.139   0.381   0.
  2017 352  8 48 14 488 352.366834355      -2.21      3.63      0.84  0.       -4468.491       6730.591       4491.978    0.000  -0.139   0.381   0.
  2017 352  8 48 15 488 352.366845929      -1.96      2.07     -0.25  0.       -4469.398       6730.357       4490.611    0.000  -0.139   0.381   0.
  2017 352  8 48 16 488 352.366857503      -0.53     -0.31      0.43  0.       -4470.305       6730.121       4489.245    0.000  -0.139   0.381   0.
  2017 352  8 48 17 488 352.366869077       0.81     -0.92      1.39  0.       -4471.212       6729.886       4487.878    0.000  -0.139   0.381   0.
  2017 352  8 48 18 487 352.366880648       0.48     -1.07      3.37  0.       -4472.118       6729.650       4486.511    0.000  -0.139   0.381   0.
  2017 352  8 48 19 487 352.366892222       1.62      1.98      4.21  0.       -4473.024       6729.414       4485.144    0.000  -0.139   0.381   0.
  2017 352  8 48 20 487 352.366903796       1.26      3.15      0.38  0.       -4473.930       6729.177       4483.777    0.000  -0.139   0.381   0.
  2017 352  8 48 21 488 352.366915370      -0.99      1.16     -1.13  0.       -4474.836       6728.940       4482.409    0.000  -0.139   0.381   0.
  2017 352  8 48 22 488 352.366926944       0.51      0.89     -1.46  0.       -4475.741       6728.703       4481.041    0.000  -0.139   0.381   0.
  2017 352  8 48 23 487 352.366938519      -0.52     -2.36     -2.96  0.       -4476.647       6728.465       4479.673    0.000  -0.139   0.381   0.
  2017 352  8 48 24 487 352.366950093      -0.51     -2.38     -0.68  0.       -4477.552       6728.227       4478.305    0.000  -0.139   0.381   0.
  2017 352  8 48 25 488 352.366961667      -0.42     -0.39      0.94  0.       -4478.456       6727.989       4476.936    0.000  -0.139   0.381   0.
  2017 352  8 48 26 488 352.366973241       0.13      1.21      1.25  0.       -4479.361       6727.750       4475.567    0.000  -0.139   0.381   0.
  2017 352  8 48 27 488 352.366984815       0.36      2.53     -1.09  0.       -4480.265       6727.511       4474.198    0.000  -0.139   0.381   0.
  2017 352  8 48 28 488 352.366996389       0.45     -2.85     -3.39  0.       -4481.169       6727.271       4472.829    0.000  -0.139   0.381   0.
  2017 352  8 48 29 488 352.367007963       0.85     -2.46     -1.58  0.       -4482.073       6727.031       4471.459    0.000  -0.139   0.381   0.
  2017 352  8 48 30 487 352.367019537       0.75     -1.72     -0.45  0.       -4482.976       6726.791       4470.089    0.000  -0.139   0.381   0.
  2017 352  8 48 31 487 352.367031111       0.14     -2.01      0.85  0.       -4483.880       6726.550       4468.719    0.000  -0.139   0.381   0.
  2017 352  8 48 32 487 352.367042685       0.63     -1.00     -1.72  0.       -4484.783       6726.309       4467.349    0.000  -0.139   0.381   0.
  2017 352  8 48 33 487 352.367054259      -0.32      0.08     -3.66  0.       -4485.685       6726.068       4465.978    0.000  -0.139   0.381   0.
  2017 352  8 48 34 487 352.367065833      -0.06     -4.24     -2.75  0.       -4486.588       6725.826       4464.607    0.000  -0.139   0.381   0.
  2017 352  8 48 35 488 352.367077407      -0.81     -3.09     -1.67  0.       -4487.490       6725.584       4463.236    0.000  -0.139   0.381   0.
  2017 352  8 48 36 488 352.367088981      -2.67     -3.59     -0.75  0.       -4488.392       6725.341       4461.865    0.000  -0.139   0.381   0.
  2017 352  8 48 37 487 352.367100556      -1.51     -0.55      1.45  0.       -4489.294       6725.099       4460.493    0.000  -0.139   0.381   0.
  2017 352  8 48 38 487 352.367112130      -0.08     -0.21     -1.61  0.       -4490.196       6724.855       4459.121    0.000  -0.139   0.381   0.
  2017 352  8 48 39 488 352.367123704      -0.37     -1.41     -1.84  0.       -4491.097       6724.612       4457.749    0.000  -0.139   0.381   0.
  2017 352  8 48 40 488 352.367135278      -0.74     -1.31      2.38  0.       -4491.998       6724.368       4456.377    0.000  -0.139   0.381   0.
  2017 352  8 48 41 488 352.367146852      -0.39      0.23      0.49  0.       -4492.899       6724.124       4455.005    0.000  -0.139   0.381   0.
  2017 352  8 48 42 488 352.367158426      -1.48      0.08     -0.60  0.       -4493.799       6723.879       4453.632    0.000  -0.139   0.381   0.
  2017 352  8 48 43 487 352.367170000      -2.76     -0.54     -0.41  0.       -4494.700       6723.634       4452.259    0.000  -0.139   0.381   0.
  2017 352  8 48 44 487 352.367181574      -2.24      0.83     -0.32  0.       -4495.600       6723.388       4450.886    0.000  -0.139   0.381   0.
  2017 352  8 48 45 487 352.367193148      -0.15      1.42     -2.19  0.       -4496.500       6723.143       4449.512    0.000  -0.139   0.381   0.
  2017 352  8 48 46 487 352.367204720       0.01     -0.12     -2.34  0.       -4497.399       6722.897       4448.138    0.000  -0.139   0.381   0.
  2017 352  8 48 47 487 352.367216293       0.01     -0.27     -1.07  0.       -4498.299       6722.650       4446.764    0.000  -0.139   0.381   0.
  2017 352  8 48 48 487 352.367227867       0.31      0.11     -0.92  0.       -4499.198       6722.403       4445.390    0.000  -0.139   0.381   0.
  2017 352  8 48 49 487 352.367239442      -0.41     -0.54     -0.16  0.       -4500.097       6722.156       4444.016    0.000  -0.139   0.381   0.
  2017 352  8 48 50 487 352.367251016      -0.13      1.50     -0.62  0.       -4500.995       6721.908       4442.641    0.000  -0.139   0.381   0.
  2017 352  8 48 51 487 352.367262590      -0.24      1.92     -1.01  0.       -4501.894       6721.661       4441.266    0.000  -0.139   0.381   0.
  2017 352  8 48 52 487 352.367274164      -0.39      2.35     -1.14  0.       -4502.792       6721.412       4439.891    0.000  -0.139   0.381   0.
  2017 352  8 48 53 487 352.367285738      -1.49      1.99     -2.05  0.       -4503.690       6721.164       4438.515    0.000  -0.139   0.381   0.
  2017 352  8 48 54 487 352.367297312      -2.02      0.68     -0.62  0.       -4504.587       6720.914       4437.140    0.000  -0.139   0.381   0.
  2017 352  8 48 55 487 352.367308886      -0.49      1.81     -1.90  0.       -4505.485       6720.665       4435.764    0.000  -0.139   0.381   0.
  2017 352  8 48 56 487 352.367320460      -0.66      0.76     -1.56  0.       -4506.382       6720.415       4434.387    0.000  -0.139   0.381   0.
  2017 352  8 48 57 487 352.367332034      -1.63     -0.63     -1.06  0.       -4507.279       6720.165       4433.011    0.000  -0.139   0.381   0.
  2017 352  8 48 58 487 352.367343608      -2.71     -0.44      0.17  0.       -4508.176       6719.915       4431.634    0.000  -0.139   0.381   0.
  2017 352  8 48 59 487 352.367355182      -0.39      0.22      0.67  0.       -4509.072       6719.664       4430.258    0.000  -0.139   0.381   0.
  2017 352  8 49  0 487 352.367366756       0.32      1.83      1.51  0.       -4509.968       6719.412       4428.881    0.000  -0.139   0.381   0.
  2017 352  8 49  1 487 352.367378330       0.38      1.53      0.45  0.       -4510.864       6719.161       4427.503    0.000  -0.139   0.381   0.
  2017 352  8 49  2 487 352.367389905       0.74      0.67      0.11  0.       -4511.760       6718.909       4426.126    0.000  -0.139   0.381   0.
  2017 352  8 49  3 487 352.367401479      -2.06      1.32     -1.67  0.       -4512.655       6718.656       4424.748    0.000  -0.139   0.381   0.
  2017 352  8 49  4 487 352.367413053      -1.07      1.89     -1.19  0.       -4513.550       6718.404       4423.370    0.000  -0.139   0.381   0.
  2017 352  8 49  5 487 352.367424627      -0.91      1.68     -0.06  0.       -4514.445       6718.151       4421.991    0.000  -0.139   0.381   0.
  2017 352  8 49  6 487 352.367436201      -1.66      1.00      1.11  0.       -4515.340       6717.897       4420.613    0.000  -0.139   0.381   0.
  2017 352  8 49  7 487 352.367447775      -2.78      2.26      1.56  0.       -4516.235       6717.643       4419.234    0.000  -0.139   0.381   0.
  2017 352  8 49  8 487 352.367459349      -0.76      3.99      0.44  0.       -4517.129       6717.389       4417.855    0.000  -0.139   0.381   0.
  2017 352  8 49  9 487 352.367470923       0.24      0.13     -3.09  0.       -4518.023       6717.135       4416.476    0.000  -0.139   0.381   0.
  2017 352  8 49 10 487 352.367482497       1.19     -3.31      0.28  0.       -4518.916       6716.880       4415.096    0.000  -0.139   0.381   0.
  2017 352  8 49 11 487 352.367494071      -0.57     -0.11      2.19  0.       -4519.810       6716.624       4413.716    0.000  -0.139   0.381   0.
  2017 352  8 49 12 487 352.367505645      -0.15      3.11      0.97  0.       -4520.703       6716.369       4412.336    0.000  -0.139   0.381   0.
  2017 352  8 49 13 487 352.367517219      -1.63      0.38     -1.45  0.       -4521.596       6716.113       4410.956    0.000  -0.139   0.381   0.
  2017 352  8 49 14 487 352.367528793      -1.08     -0.13     -0.94  0.       -4522.489       6715.856       4409.575    0.000  -0.139   0.381   0.
  2017 352  8 49 15 487 352.367540367      -0.43      1.11     -2.83  0.       -4523.381       6715.600       4408.195    0.000  -0.139   0.381   0.
  2017 352  8 49 16 487 352.367551939       1.72      1.06     -3.26  0.       -4524.273       6715.343       4406.814    0.000  -0.139   0.381   0.
  2017 352  8 49 17 487 352.367563513       0.73     -0.21     -1.16  0.       -4525.165       6715.085       4405.433    0.000  -0.139   0.381   0.
  2017 352  8 49 18 487 352.367575087      -1.47      0.71      1.92  0.       -4526.057       6714.827       4404.051    0.000  -0.139   0.381   0.
  2017 352  8 49 19 487 352.367586661      -0.99      1.68      2.21  0.       -4526.949       6714.569       4402.669    0.000  -0.139   0.381   0.
  2017 352  8 49 20 487 352.367598235      -1.74      1.55      1.77  0.       -4527.840       6714.310       4401.287    0.000  -0.139   0.381   0.
  2017 352  8 49 21 487 352.367609809      -0.80      1.58      1.25  0.       -4528.731       6714.051       4399.905    0.000  -0.139   0.381   0.
  2017 352  8 49 22 487 352.367621383       0.97      2.00      1.26  0.       -4529.622       6713.792       4398.523    0.000  -0.139   0.381   0.
  2017 352  8 49 23 487 352.367632957      -0.33      2.97     -0.13  0.       -4530.512       6713.532       4397.140    0.000  -0.139   0.381   0.
  2017 352  8 49 24 487 352.367644531      -2.48      1.72     -1.88  0.       -4531.402       6713.272       4395.757    0.000  -0.139   0.381   0.
  2017 352  8 49 25 487 352.367656105      -1.83      1.93     -1.09  0.       -4532.292       6713.012       4394.374    0.000  -0.139   0.381   0.
  2017 352  8 49 26 487 352.367667679      -1.84      1.42     -2.39  0.       -4533.182       6712.751       4392.991    0.000  -0.139   0.381   0.
  2017 352  8 49 27 487 352.367679254      -1.44     -1.73     -0.37  0.       -4534.072       6712.490       4391.607    0.000  -0.139   0.381   0.
  2017 352  8 49 28 487 352.367690828      -2.06      0.37      2.26  0.       -4534.961       6712.228       4390.223    0.000  -0.139   0.381   0.
  2017 352  8 49 29 487 352.367702402      -3.44      1.93      1.88  0.       -4535.850       6711.967       4388.839    0.000  -0.139   0.381   0.
  2017 352  8 49 30 487 352.367713976      -4.34      1.76      0.63  0.       -4536.739       6711.704       4387.455    0.000  -0.139   0.381   0.
  2017 352  8 49 31 487 352.367725550      -2.92      0.11      0.40  0.       -4537.627       6711.442       4386.070    0.000  -0.139   0.381   0.
  2017 352  8 49 32 487 352.367737124      -1.17      0.76      1.24  0.       -4538.516       6711.179       4384.685    0.000  -0.139   0.381   0.
  2017 352  8 49 33 487 352.367748698       0.02      1.91      1.46  0.       -4539.404       6710.915       4383.300    0.000  -0.139   0.381   0.
  2017 352  8 49 34 487 352.367760272       0.04      0.85     -0.10  0.       -4540.291       6710.652       4381.915    0.000  -0.139   0.381   0.
  2017 352  8 49 35 487 352.367771846       0.59      1.06     -0.91  0.       -4541.179       6710.387       4380.529    0.000  -0.139   0.381   0.
  2017 352  8 49 36 487 352.367783420       1.17      0.42     -0.39  0.       -4542.066       6710.123       4379.143    0.000  -0.139   0.381   0.
  2017 352  8 49 37 487 352.367794994      -0.35      0.70     -0.88  0.       -4542.953       6709.858       4377.757    0.000  -0.139   0.381   0.
  2017 352  8 49 38 487 352.367806568      -1.24      0.66      0.20  0.       -4543.840       6709.593       4376.371    0.000  -0.139   0.381   0.
  2017 352  8 49 39 487 352.367818142      -1.77      1.81      0.42  0.       -4544.726       6709.327       4374.985    0.000  -0.139   0.381   0.
  2017 352  8 49 40 487 352.367829716      -1.87      1.60     -0.52  0.       -4545.613       6709.061       4373.598    0.000  -0.139   0.381   0.
  2017 352  8 49 41 487 352.367841290      -0.51      1.44     -0.32  0.       -4546.499       6708.795       4372.211    0.000  -0.139   0.381   0.
  2017 352  8 49 42 487 352.367852865      -0.15      2.26     -0.68  0.       -4547.384       6708.528       4370.824    0.000  -0.139   0.381   0.
  2017 352  8 49 43 487 352.367864439      -0.84      3.64     -1.20  0.       -4548.270       6708.261       4369.436    0.000  -0.139   0.381   0.
  2017 352  8 49 44 487 352.367876010       0.06      1.06     -2.86  0.       -4549.155       6707.994       4368.048    0.000  -0.139   0.381   0.
  2017 352  8 49 45 487 352.367887584       0.32     -1.24     -1.36  0.       -4550.040       6707.726       4366.660    0.000  -0.139   0.381   0.
  2017 352  8 49 46 487 352.367899158       0.15     -0.33     -0.42  0.       -4550.925       6707.458       4365.272    0.000  -0.139   0.381   0.
  2017 352  8 49 47 487 352.367910732      -0.82     -0.07      0.09  0.       -4551.810       6707.190       4363.884    0.000  -0.139   0.381   0.
  2017 352  8 49 48 487 352.367922306      -0.75      0.13      1.63  0.       -4552.694       6706.921       4362.495    0.000  -0.139   0.381   0.
  2017 352  8 49 49 487 352.367933880       0.31      2.81      1.58  0.       -4553.578       6706.651       4361.106    0.000  -0.139   0.381   0.
  2017 352  8 49 50 487 352.367945454      -0.38      3.07      1.80  0.       -4554.462       6706.382       4359.717    0.000  -0.139   0.381   0.
  2017 352  8 49 51 487 352.367957028      -0.94      2.72      1.33  0.       -4555.345       6706.112       4358.328    0.000  -0.139   0.381   0.
  2017 352  8 49 52 487 352.367968602       0.38      2.01     -0.01  0.       -4556.228       6705.841       4356.938    0.000  -0.139   0.381   0.
  2017 352  8 49 53 487 352.367980177       1.64      1.99     -1.78  0.       -4557.111       6705.571       4355.548    0.000  -0.139   0.381   0.
  2017 352  8 49 54 487 352.367991751       1.70      3.19     -2.66  0.       -4557.994       6705.300       4354.158    0.000  -0.139   0.381   0.
  2017 352  8 49 55 487 352.368003325       0.69      2.48     -3.71  0.       -4558.877       6705.028       4352.768    0.000  -0.139   0.381   0.
  2017 352  8 49 56 487 352.368014899      -2.09     -1.07     -2.00  0.       -4559.759       6704.756       4351.377    0.000  -0.139   0.381   0.
  2017 352  8 49 57 487 352.368026473      -1.67     -0.88      0.29  0.       -4560.641       6704.484       4349.986    0.000  -0.139   0.381   0.
  2017 352  8 49 58 487 352.368038047       0.79      1.10     -0.50  0.       -4561.523       6704.212       4348.595    0.000  -0.139   0.381   0.
  2017 352  8 49 59 487 352.368049621       2.34      3.03     -0.71  0.       -4562.404       6703.939       4347.204    0.000  -0.139   0.381   0.
  2017 352  8 50  0 487 352.368061195       1.19      2.69      0.22  0.       -4563.286       6703.665       4345.812    0.000  -0.139   0.381   0.
  2017 352  8 50  1 487 352.368072769       1.28      3.05     -1.01  0.       -4564.167       6703.392       4344.421    0.000  -0.139   0.381   0.
  2017 352  8 50  2 487 352.368084343       0.10      0.97     -4.29  0.       -4565.047       6703.118       4343.029    0.000  -0.139   0.381   0.
  2017 352  8 50  3 487 352.368095917      -0.38      0.02     -3.78  0.       -4565.928       6702.843       4341.636    0.000  -0.139   0.381   0.
  2017 352  8 50  4 487 352.368107491       0.69     -1.93     -2.30  0.       -4566.808       6702.568       4340.244    0.000  -0.139   0.381   0.
  2017 352  8 50  5 487 352.368119065       1.18     -2.80     -1.81  0.       -4567.688       6702.293       4338.851    0.000  -0.139   0.381   0.
  2017 352  8 50  6 487 352.368130639       0.62     -0.50      2.15  0.       -4568.568       6702.018       4337.458    0.000  -0.139   0.381   0.
  2017 352  8 50  7 487 352.368142214      -0.24      1.61     -1.05  0.       -4569.448       6701.742       4336.065    0.000  -0.139   0.381   0.
  2017 352  8 50  8 487 352.368153788      -0.30     -1.18     -2.47  0.       -4570.327       6701.466       4334.671    0.000  -0.139   0.381   0.
  2017 352  8 50  9 487 352.368165362      -1.27     -1.42     -2.37  0.       -4571.206       6701.189       4333.278    0.000  -0.139   0.381   0.
  2017 352  8 50 10 487 352.368176936      -1.03     -1.17     -4.22  0.       -4572.085       6700.912       4331.884    0.000  -0.139   0.381   0.
  2017 352  8 50 11 487 352.368188510       0.15     -2.72     -4.64  0.       -4572.963       6700.635       4330.489    0.000  -0.139   0.381   0.
  2017 352  8 50 12 487 352.368200084       0.42     -2.54     -1.83  0.       -4573.841       6700.357       4329.095    0.000  -0.139   0.381   0.
  2017 352  8 50 13 487 352.368211658      -0.21      0.51     -0.15  0.       -4574.719       6700.079       4327.700    0.000  -0.139   0.381   0.
  2017 352  8 50 14 487 352.368223232      -0.87      0.27     -1.45  0.       -4575.597       6699.800       4326.305    0.000  -0.139   0.381   0.
  2017 352  8 50 15 487 352.368234806       1.56      0.71     -0.90  0.       -4576.475       6699.522       4324.910    0.000  -0.139   0.381   0.
  2017 352  8 50 16 486 352.368246377       2.52      1.19     -0.97  0.       -4577.352       6699.242       4323.515    0.000  -0.139   0.381   0.
  2017 352  8 50 17 487 352.368257951       0.25     -0.91     -1.37  0.       -4578.229       6698.963       4322.119    0.000  -0.139   0.381   0.
  2017 352  8 50 18 487 352.368269525      -0.53     -1.87     -0.27  0.       -4579.106       6698.683       4320.723    0.000  -0.139   0.381   0.
  2017 352  8 50 19 486 352.368281100      -0.90      0.08      0.11  0.       -4579.982       6698.403       4319.327    0.000  -0.139   0.381   0.
  2017 352  8 50 20 486 352.368292674      -1.57     -0.43     -0.30  0.       -4580.858       6698.122       4317.931    0.000  -0.139   0.381   0.
  2017 352  8 50 21 487 352.368304248      -1.39      0.91     -0.92  0.       -4581.734       6697.841       4316.535    0.000  -0.139   0.381   0.
  2017 352  8 50 22 487 352.368315822       0.04      0.50     -3.00  0.       -4582.610       6697.559       4315.138    0.000  -0.139   0.381   0.
  2017 352  8 50 23 487 352.368327396      -0.91     -1.31     -2.17  0.       -4583.485       6697.278       4313.741    0.000  -0.139   0.381   0.
  2017 352  8 50 24 487 352.368338970      -0.56     -0.55     -0.11  0.       -4584.361       6696.996       4312.343    0.000  -0.139   0.381   0.
  2017 352  8 50 25 487 352.368350544      -0.71      1.06      0.42  0.       -4585.236       6696.713       4310.946    0.000  -0.139   0.381   0.
  2017 352  8 50 26 486 352.368362118      -1.48      1.92      1.16  0.       -4586.110       6696.430       4309.548    0.000  -0.139   0.381   0.
  2017 352  8 50 27 486 352.368373692      -0.59      3.05     -0.01  0.       -4586.985       6696.147       4308.150    0.000  -0.139   0.381   0.
  2017 352  8 50 28 486 352.368385266       1.18      2.50     -0.72  0.       -4587.859       6695.863       4306.752    0.000  -0.139   0.381   0.
  2017 352  8 50 29 486 352.368396840       1.49     -0.85     -0.53  0.       -4588.733       6695.579       4305.353    0.000  -0.139   0.381   0.
  2017 352  8 50 30 486 352.368408414       2.15     -0.67     -1.63  0.       -4589.607       6695.295       4303.955    0.000  -0.139   0.381   0.
  2017 352  8 50 31 487 352.368419988       1.86     -1.35     -0.61  0.       -4590.480       6695.010       4302.556    0.000  -0.139   0.381   0.
  2017 352  8 50 32 487 352.368431562       0.39      0.76      0.36  0.       -4591.353       6694.725       4301.157    0.000  -0.139   0.381   0.
  2017 352  8 50 33 486 352.368443137      -0.65      1.04     -1.28  0.       -4592.226       6694.440       4299.757    0.000  -0.139   0.381   0.
  2017 352  8 50 34 486 352.368454711      -0.57      1.57     -1.52  0.       -4593.099       6694.154       4298.358    0.000  -0.139   0.381   0.
  2017 352  8 50 35 487 352.368466285      -0.66      2.49     -2.24  0.       -4593.972       6693.867       4296.958    0.000  -0.139   0.381   0.
  2017 352  8 50 36 487 352.368477859      -0.82      2.03     -1.28  0.       -4594.844       6693.581       4295.558    0.000  -0.139   0.381   0.
  2017 352  8 50 37 487 352.368489433      -0.69      3.57     -1.02  0.       -4595.716       6693.294       4294.157    0.000  -0.139   0.381   0.
  2017 352  8 50 38 487 352.368501007      -0.97      3.36     -1.62  0.       -4596.587       6693.006       4292.757    0.000  -0.139   0.381   0.
  2017 352  8 50 39 486 352.368512581      -0.08     -0.42     -2.69  0.       -4597.459       6692.718       4291.356    0.000  -0.139   0.381   0.
  2017 352  8 50 40 486 352.368524155       0.01     -2.03     -0.23  0.       -4598.330       6692.430       4289.955    0.000  -0.139   0.381   0.
  2017 352  8 50 41 486 352.368535729      -0.39     -0.71      2.84  0.       -4599.201       6692.142       4288.553    0.000  -0.139   0.381   0.
  2017 352  8 50 42 486 352.368547303      -0.33      1.55      1.63  0.       -4600.072       6691.853       4287.152    0.000  -0.139   0.381   0.
  2017 352  8 50 43 486 352.368558877      -1.02      1.08     -0.45  0.       -4600.942       6691.564       4285.750    0.000  -0.139   0.381   0.
  2017 352  8 50 44 487 352.368570449      -1.40      0.20     -1.37  0.       -4601.812       6691.275       4284.348    0.000  -0.139   0.381   0.
  2017 352  8 50 45 486 352.368582023      -2.16     -1.39     -0.84  0.       -4602.682       6690.985       4282.946    0.000  -0.139   0.381   0.
  2017 352  8 50 46 486 352.368593597      -1.55      0.17      0.26  0.       -4603.552       6690.695       4281.543    0.000  -0.139   0.381   0.
  2017 352  8 50 47 486 352.368605171      -1.64      0.40     -0.96  0.       -4604.421       6690.404       4280.140    0.000  -0.139   0.381   0.
  2017 352  8 50 48 486 352.368616745      -1.89      0.10     -1.47  0.       -4605.290       6690.113       4278.738    0.000  -0.139   0.381   0.
  2017 352  8 50 49 486 352.368628319      -2.80      1.10     -0.48  0.       -4606.159       6689.821       4277.334    0.000  -0.139   0.381   0.
  2017 352  8 50 50 486 352.368639893      -3.38      1.65     -0.23  0.       -4607.028       6689.530       4275.931    0.000  -0.139   0.381   0.
  2017 352  8 50 51 486 352.368651467      -3.89      1.33     -0.67  0.       -4607.896       6689.238       4274.527    0.000  -0.139   0.381   0.
  2017 352  8 50 52 486 352.368663041      -4.28      1.20     -1.33  0.       -4608.764       6688.945       4273.123    0.000  -0.139   0.381   0.
  2017 352  8 50 53 486 352.368674615      -3.90      1.36     -1.78  0.       -4609.632       6688.652       4271.719    0.000  -0.139   0.381   0.
  2017 352  8 50 54 486 352.368686189      -2.10      0.84     -1.92  0.       -4610.500       6688.359       4270.315    0.000  -0.139   0.381   0.
  2017 352  8 50 55 486 352.368697763      -0.02     -1.41     -1.87  0.       -4611.367       6688.065       4268.910    0.000  -0.139   0.381   0.
  2017 352  8 50 56 486 352.368709337       1.55     -4.36     -0.18  0.       -4612.234       6687.771       4267.505    0.000  -0.139   0.381   0.
  2017 352  8 50 57 486 352.368720911       1.33     -3.47      2.40  0.       -4613.101       6687.477       4266.100    0.000  -0.139   0.381   0.
  2017 352  8 50 58 486 352.368732486      -0.32      0.53      3.58  0.       -4613.967       6687.182       4264.695    0.000  -0.139   0.381   0.
  2017 352  8 50 59 486 352.368744060      -0.77      1.50     -0.44  0.       -4614.834       6686.887       4263.289    0.000  -0.139   0.381   0.
  2017 352  8 51  0 486 352.368755634       0.53     -2.39      1.70  0.       -4615.700       6686.592       4261.883    0.000  -0.139   0.381   0.
  2017 352  8 51  1 486 352.368767208       0.95      0.56      3.79  0.       -4616.566       6686.296       4260.477    0.000  -0.139   0.381   0.
  2017 352  8 51  2 486 352.368778782       0.04      3.23      2.06  0.       -4617.431       6686.000       4259.071    0.000  -0.139   0.381   0.
  2017 352  8 51  3 486 352.368790356      -0.27      1.24      0.26  0.       -4618.296       6685.703       4257.664    0.000  -0.139   0.381   0.
  2017 352  8 51  4 486 352.368801930       1.29     -1.84      1.25  0.       -4619.161       6685.406       4256.258    0.000  -0.139   0.381   0.
  2017 352  8 51  5 486 352.368813504       0.08      0.27      1.27  0.       -4620.026       6685.109       4254.851    0.000  -0.139   0.381   0.
  2017 352  8 51  6 486 352.368825078      -0.53      0.64      0.98  0.       -4620.891       6684.811       4253.443    0.000  -0.139   0.381   0.
  2017 352  8 51  7 486 352.368836652      -0.53     -0.07      1.28  0.       -4621.756       6684.513       4252.036    0.000  -0.139   0.381   0.
  2017 352  8 51  8 486 352.368848226      -0.23      1.07      1.44  0.       -4622.620       6684.214       4250.628    0.000  -0.139   0.381   0.
  2017 352  8 51  9 486 352.368859800       0.08      0.28     -0.01  0.       -4623.483       6683.916       4249.220    0.000  -0.139   0.381   0.
  2017 352  8 51 10 486 352.368871374       0.55     -0.48     -0.49  0.       -4624.347       6683.616       4247.812    0.000  -0.139   0.381   0.
  2017 352  8 51 11 486 352.368882948       0.54     -0.30     -0.74  0.       -4625.210       6683.317       4246.404    0.000  -0.139   0.381   0.
  2017 352  8 51 12 486 352.368894523       0.55     -0.30      1.10  0.       -4626.073       6683.017       4244.995    0.000  -0.139   0.381   0.
  2017 352  8 51 13 486 352.368906097       0.05      0.72      0.05  0.       -4626.935       6682.717       4243.586    0.000  -0.139   0.381   0.
  2017 352  8 51 14 486 352.368917668      -0.90      2.41     -1.06  0.       -4627.798       6682.416       4242.177    0.000  -0.139   0.381   0.
  2017 352  8 51 15 486 352.368929242      -0.91      3.02     -0.75  0.       -4628.660       6682.115       4240.768    0.000  -0.139   0.381   0.
  2017 352  8 51 16 486 352.368940816      -0.67      3.93     -0.70  0.       -4629.522       6681.814       4239.358    0.000  -0.139   0.381   0.
  2017 352  8 51 17 486 352.368952390      -0.44      3.15     -0.21  0.       -4630.384       6681.512       4237.948    0.000  -0.139   0.381   0.
  2017 352  8 51 18 486 352.368963964      -1.88      5.85      0.05  0.       -4631.245       6681.210       4236.538    0.000  -0.139   0.381   0.
  2017 352  8 51 19 486 352.368975538      -3.04      4.92     -1.59  0.       -4632.106       6680.907       4235.128    0.000  -0.139   0.381   0.
  2017 352  8 51 20 486 352.368987112      -2.97      1.90     -3.22  0.       -4632.967       6680.604       4233.717    0.000  -0.139   0.381   0.
  2017 352  8 51 21 486 352.368998686      -0.36     -0.57     -0.88  0.       -4633.828       6680.301       4232.307    0.000  -0.139   0.381   0.
  2017 352  8 51 22 486 352.369010260      -1.08      0.89      1.70  0.       -4634.689       6679.997       4230.896    0.000  -0.139   0.381   0.
  2017 352  8 51 23 486 352.369021835      -0.88      2.68      1.58  0.       -4635.549       6679.693       4229.484    0.000  -0.139   0.381   0.
  2017 352  8 51 24 486 352.369033409      -1.27      1.47      1.28  0.       -4636.409       6679.389       4228.073    0.000  -0.138   0.380   0.
  2017 352  8 51 25 486 352.369044983      -2.03      2.72      1.47  0.       -4637.268       6679.084       4226.661    0.000  -0.138   0.380   0.
  2017 352  8 51 26 486 352.369056557      -2.13      2.49     -1.71  0.       -4638.128       6678.779       4225.249    0.000  -0.139   0.381   0.
  2017 352  8 51 27 486 352.369068131      -1.58      0.96     -1.88  0.       -4638.987       6678.474       4223.837    0.000  -0.139   0.381   0.
  2017 352  8 51 28 486 352.369079705      -1.16      2.74     -0.48  0.       -4639.846       6678.168       4222.425    0.000  -0.139   0.381   0.
  2017 352  8 51 29 486 352.369091279      -2.72      1.71     -1.12  0.       -4640.704       6677.861       4221.012    0.000  -0.139   0.381   0.
  2017 352  8 51 30 486 352.369102853      -4.30      0.04     -0.71  0.       -4641.563       6677.555       4219.599    0.000  -0.139   0.381   0.
  2017 352  8 51 31 486 352.369114427      -3.74      0.04     -0.87  0.       -4642.421       6677.248       4218.186    0.000  -0.139   0.381   0.
  2017 352  8 51 32 486 352.369126001      -2.12      0.81      0.51  0.       -4643.278       6676.940       4216.773    0.000  -0.139   0.381   0.
  2017 352  8 51 33 486 352.369137575      -1.42      2.37      1.77  0.       -4644.136       6676.633       4215.359    0.000  -0.139   0.381   0.
  2017 352  8 51 34 486 352.369149149      -2.11      2.89      1.99  0.       -4644.993       6676.325       4213.945    0.000  -0.139   0.381   0.
  2017 352  8 51 35 486 352.369160723      -2.35      2.49      0.29  0.       -4645.851       6676.016       4212.531    0.000  -0.139   0.381   0.
  2017 352  8 51 36 486 352.369172297      -2.67      2.77     -0.24  0.       -4646.707       6675.707       4211.117    0.000  -0.139   0.381   0.
  2017 352  8 51 37 486 352.369183872      -3.31      2.78     -2.32  0.       -4647.564       6675.398       4209.702    0.000  -0.139   0.381   0.
  2017 352  8 51 38 486 352.369195446      -1.55      0.45     -1.69  0.       -4648.420       6675.088       4208.287    0.000  -0.139   0.381   0.
  2017 352  8 51 39 486 352.369207020      -0.11      2.24      2.29  0.       -4649.276       6674.779       4206.872    0.000  -0.139   0.381   0.
  2017 352  8 51 40 486 352.369218594      -0.18      2.27      2.30  0.       -4650.132       6674.468       4205.457    0.000  -0.139   0.381   0.
  2017 352  8 51 41 486 352.369230168      -0.15      3.15      1.86  0.       -4650.987       6674.158       4204.042    0.000  -0.139   0.381   0.
  2017 352  8 51 42 486 352.369241742      -0.52      2.24     -1.38  0.       -4651.843       6673.846       4202.626    0.000  -0.139   0.381   0.
  2017 352  8 51 43 486 352.369253316      -2.83      1.54     -5.37  0.       -4652.698       6673.535       4201.210    0.000  -0.139   0.381   0.
  2017 352  8 51 44 486 352.369264887      -1.69     -1.73     -2.55  0.       -4653.552       6673.223       4199.794    0.000  -0.139   0.381   0.
  2017 352  8 51 45 486 352.369276461      -1.35      2.28      1.83  0.       -4654.407       6672.911       4198.378    0.000  -0.139   0.381   0.
  2017 352  8 51 46 486 352.369288035      -1.82      3.45      1.15  0.       -4655.261       6672.598       4196.961    0.000  -0.139   0.381   0.
  2017 352  8 51 47 486 352.369299609      -1.18      0.83     -0.09  0.       -4656.115       6672.285       4195.544    0.000  -0.139   0.381   0.
  2017 352  8 51 48 486 352.369311183      -1.89      0.43     -0.87  0.       -4656.969       6671.972       4194.127    0.000  -0.139   0.381   0.
  2017 352  8 51 49 486 352.369322758      -1.78      0.03     -1.42  0.       -4657.822       6671.658       4192.710    0.000  -0.139   0.381   0.
  2017 352  8 51 50 486 352.369334332      -2.31     -0.34     -0.49  0.       -4658.675       6671.344       4191.292    0.000  -0.139   0.381   0.
  2017 352  8 51 51 486 352.369345906      -1.99      1.09      0.70  0.       -4659.528       6671.030       4189.874    0.000  -0.139   0.381   0.
  2017 352  8 51 52 486 352.369357480      -1.51      1.07     -0.28  0.       -4660.381       6670.715       4188.456    0.000  -0.139   0.381   0.
  2017 352  8 51 53 486 352.369369054      -2.26      0.02      0.85  0.       -4661.233       6670.400       4187.038    0.000  -0.139   0.381   0.
  2017 352  8 51 54 486 352.369380628      -1.73      0.71      1.62  0.       -4662.085       6670.084       4185.619    0.000  -0.139   0.381   0.
  2017 352  8 51 55 486 352.369392202      -1.26      1.89      2.77  0.       -4662.937       6669.769       4184.200    0.000  -0.139   0.381   0.
  2017 352  8 51 56 486 352.369403776      -1.57      2.07      1.74  0.       -4663.789       6669.452       4182.782    0.000  -0.139   0.381   0.
  2017 352  8 51 57 486 352.369415350      -1.80      3.80      1.20  0.       -4664.640       6669.136       4181.362    0.000  -0.139   0.381   0.
  2017 352  8 51 58 486 352.369426924      -2.26      3.73     -0.07  0.       -4665.491       6668.819       4179.943    0.000  -0.139   0.381   0.
  2017 352  8 51 59 486 352.369438498      -1.31      2.08      0.11  0.       -4666.342       6668.501       4178.523    0.000  -0.139   0.381   0.
  2017 352  8 52  0 486 352.369450072      -1.09      1.69     -0.06  0.       -4667.193       6668.183       4177.103    0.000  -0.139   0.381   0.
  2017 352  8 52  1 486 352.369461646      -1.22      1.02     -0.40  0.       -4668.043       6667.865       4175.683    0.000  -0.139   0.381   0.
  2017 352  8 52  2 486 352.369473220      -0.37     -0.73      0.50  0.       -4668.893       6667.547       4174.263    0.000  -0.139   0.381   0.
  2017 352  8 52  3 486 352.369484795      -0.15      0.18      1.61  0.       -4669.743       6667.228       4172.842    0.000  -0.139   0.381   0.
  2017 352  8 52  4 486 352.369496369      -1.36      1.77      1.07  0.       -4670.592       6666.909       4171.421    0.000  -0.139   0.381   0.
  2017 352  8 52  5 486 352.369507943      -0.77      2.41     -2.74  0.       -4671.442       6666.589       4170.000    0.000  -0.139   0.381   0.
  2017 352  8 52  6 486 352.369519517       0.75      0.93     -3.95  0.       -4672.291       6666.269       4168.579    0.000  -0.139   0.381   0.
  2017 352  8 52  7 486 352.369531091       2.09     -1.20     -1.67  0.       -4673.139       6665.948       4167.157    0.000  -0.139   0.381   0.
  2017 352  8 52  8 486 352.369542665       0.38      0.75     -1.62  0.       -4673.988       6665.628       4165.735    0.000  -0.139   0.381   0.
  2017 352  8 52  9 486 352.369554239       0.51      1.44     -3.52  0.       -4674.836       6665.307       4164.313    0.000  -0.139   0.381   0.
  2017 352  8 52 10 486 352.369565813      -0.77      1.42     -2.44  0.       -4675.684       6664.985       4162.891    0.000  -0.139   0.381   0.
  2017 352  8 52 11 486 352.369577387      -1.27      1.52     -4.14  0.       -4676.532       6664.663       4161.469    0.000  -0.139   0.381   0.
  2017 352  8 52 12 485 352.369588958       0.68     -0.74     -3.86  0.       -4677.379       6664.341       4160.046    0.000  -0.139   0.381   0.
  2017 352  8 52 13 486 352.369600532       0.35      0.79     -3.18  0.       -4678.226       6664.018       4158.623    0.000  -0.139   0.381   0.
  2017 352  8 52 14 486 352.369612106       0.43     -0.39     -0.69  0.       -4679.073       6663.695       4157.200    0.000  -0.139   0.381   0.
  2017 352  8 52 15 485 352.369623681       0.89      0.16      0.28  0.       -4679.920       6663.372       4155.776    0.000  -0.139   0.381   0.
  2017 352  8 52 16 485 352.369635255       1.35     -0.57     -0.81  0.       -4680.766       6663.048       4154.353    0.000  -0.139   0.381   0.
  2017 352  8 52 17 486 352.369646829       0.53     -0.85     -0.68  0.       -4681.612       6662.724       4152.929    0.000  -0.139   0.381   0.
  2017 352  8 52 18 486 352.369658403      -1.78      2.51     -0.24  0.       -4682.458       6662.399       4151.505    0.000  -0.139   0.381   0.
  2017 352  8 52 19 486 352.369669977      -3.26      2.61     -0.81  0.       -4683.304       6662.075       4150.080    0.000  -0.139   0.381   0.
  2017 352  8 52 20 486 352.369681551      -2.64      1.47     -0.07  0.       -4684.149       6661.749       4148.656    0.000  -0.139   0.381   0.
  2017 352  8 52 21 486 352.369693125      -1.71      1.39      0.69  0.       -4684.994       6661.424       4147.231    0.000  -0.139   0.381   0.
  2017 352  8 52 22 485 352.369704699      -1.35      0.54      0.26  0.       -4685.839       6661.098       4145.806    0.000  -0.139   0.381   0.
  2017 352  8 52 23 485 352.369716273      -0.78     -0.09     -0.10  0.       -4686.683       6660.771       4144.381    0.000  -0.139   0.381   0.
  2017 352  8 52 24 485 352.369727847      -0.88     -1.20     -0.62  0.       -4687.528       6660.445       4142.955    0.000  -0.139   0.381   0.
  2017 352  8 52 25 485 352.369739421      -0.92      0.08     -0.44  0.       -4688.372       6660.118       4141.529    0.000  -0.139   0.381   0.
  2017 352  8 52 26 486 352.369750995      -2.04      0.82     -0.70  0.       -4689.216       6659.790       4140.103    0.000  -0.139   0.381   0.
  2017 352  8 52 27 486 352.369762569      -2.81     -0.29     -0.28  0.       -4690.059       6659.462       4138.677    0.000  -0.139   0.381   0.
  2017 352  8 52 28 485 352.369774144      -2.74      0.64      0.01  0.       -4690.902       6659.134       4137.251    0.000  -0.139   0.381   0.
  2017 352  8 52 29 485 352.369785718      -1.10      1.48      0.16  0.       -4691.745       6658.805       4135.824    0.000  -0.139   0.381   0.
  2017 352  8 52 30 486 352.369797292       0.45      0.71      0.10  0.       -4692.588       6658.476       4134.397    0.000  -0.139   0.381   0.
  2017 352  8 52 31 486 352.369808866       1.29      0.27      0.04  0.       -4693.430       6658.147       4132.970    0.000  -0.139   0.381   0.
  2017 352  8 52 32 486 352.369820440       0.57     -0.20      0.41  0.       -4694.272       6657.817       4131.543    0.000  -0.139   0.381   0.
  2017 352  8 52 33 486 352.369832014       0.54     -0.01      0.03  0.       -4695.114       6657.487       4130.115    0.000  -0.139   0.381   0.
  2017 352  8 52 34 486 352.369843588      -0.23      0.49     -1.80  0.       -4695.956       6657.157       4128.687    0.000  -0.138   0.380   0.
  2017 352  8 52 35 485 352.369855162      -1.18     -0.13     -2.34  0.       -4696.797       6656.826       4127.259    0.000  -0.138   0.380   0.
  2017 352  8 52 36 485 352.369866736      -2.34      0.89     -1.77  0.       -4697.639       6656.495       4125.831    0.000  -0.139   0.381   0.
  2017 352  8 52 37 485 352.369878310      -2.03      0.79     -1.64  0.       -4698.479       6656.163       4124.402    0.000  -0.139   0.381   0.
  2017 352  8 52 38 485 352.369889884      -0.98      0.28     -1.35  0.       -4699.320       6655.831       4122.973    0.000  -0.139   0.381   0.
  2017 352  8 52 39 485 352.369901458       1.37      0.18     -0.75  0.       -4700.160       6655.499       4121.544    0.000  -0.139   0.381   0.
  2017 352  8 52 40 486 352.369913032       0.68      1.02     -0.94  0.       -4701.000       6655.166       4120.115    0.000  -0.139   0.381   0.
  2017 352  8 52 41 486 352.369924606       0.84      2.12     -2.55  0.       -4701.840       6654.833       4118.686    0.000  -0.139   0.381   0.
  2017 352  8 52 42 485 352.369936178       1.34      0.75     -3.77  0.       -4702.680       6654.499       4117.256    0.000  -0.139   0.381   0.
  2017 352  8 52 43 485 352.369947752       0.65      1.20     -4.21  0.       -4703.519       6654.165       4115.826    0.000  -0.139   0.381   0.
  2017 352  8 52 44 485 352.369959326      -0.40      0.66     -2.65  0.       -4704.358       6653.831       4114.396    0.000  -0.139   0.381   0.
  2017 352  8 52 45 485 352.369970900      -0.61      1.16     -0.40  0.       -4705.197       6653.497       4112.966    0.000  -0.139   0.381   0.
  2017 352  8 52 46 485 352.369982474      -0.58      0.77      1.15  0.       -4706.035       6653.162       4111.535    0.000  -0.139   0.381   0.
  2017 352  8 52 47 485 352.369994048      -0.42      0.47     -1.08  0.       -4706.873       6652.826       4110.104    0.000  -0.139   0.381   0.
  2017 352  8 52 48 485 352.370005622      -0.05     -0.17     -1.00  0.       -4707.711       6652.490       4108.673    0.000  -0.139   0.381   0.
  2017 352  8 52 49 485 352.370017196      -0.11      0.15      1.18  0.       -4708.549       6652.154       4107.242    0.000  -0.139   0.381   0.
  2017 352  8 52 50 485 352.370028770      -0.19      0.52     -0.06  0.       -4709.386       6651.818       4105.810    0.000  -0.139   0.381   0.
  2017 352  8 52 51 485 352.370040344       0.34      0.18     -1.82  0.       -4710.223       6651.481       4104.378    0.000  -0.139   0.381   0.
  2017 352  8 52 52 485 352.370051918      -0.80     -0.88     -2.49  0.       -4711.060       6651.144       4102.946    0.000  -0.139   0.381   0.
  2017 352  8 52 53 485 352.370063492      -3.33     -1.61     -2.52  0.       -4711.897       6650.806       4101.514    0.000  -0.139   0.381   0.
  2017 352  8 52 54 485 352.370075067      -5.46     -1.29      1.67  0.       -4712.733       6650.468       4100.082    0.000  -0.139   0.381   0.
  2017 352  8 52 55 485 352.370086641      -2.07      1.23      1.94  0.       -4713.569       6650.130       4098.649    0.000  -0.139   0.381   0.
  2017 352  8 52 56 485 352.370098215      -1.98      0.11     -0.83  0.       -4714.405       6649.791       4097.216    0.000  -0.139   0.381   0.
  2017 352  8 52 57 485 352.370109789      -3.48      1.60     -0.23  0.       -4715.241       6649.452       4095.783    0.000  -0.139   0.381   0.
  2017 352  8 52 58 485 352.370121363      -3.93      3.46      0.25  0.       -4716.076       6649.113       4094.349    0.000  -0.139   0.381   0.
  2017 352  8 52 59 485 352.370132937      -4.19      4.55     -0.59  0.       -4716.911       6648.773       4092.916    0.000  -0.139   0.381   0.
  2017 352  8 53  0 485 352.370144511      -3.90      1.98     -3.15  0.       -4717.746       6648.433       4091.482    0.000  -0.139   0.381   0.
  2017 352  8 53  1 485 352.370156085       1.73     -3.12     -3.72  0.       -4718.580       6648.092       4090.048    0.000  -0.139   0.381   0.
  2017 352  8 53  2 485 352.370167659       2.02     -2.45     -0.25  0.       -4719.414       6647.751       4088.613    0.000  -0.139   0.381   0.
  2017 352  8 53  3 485 352.370179233       1.69     -1.50      0.32  0.       -4720.248       6647.410       4087.179    0.000  -0.139   0.381   0.
  2017 352  8 53  4 485 352.370190807       1.47     -0.76     -0.41  0.       -4721.082       6647.068       4085.744    0.000  -0.139   0.381   0.
  2017 352  8 53  5 485 352.370202381       1.71     -1.15      0.92  0.       -4721.916       6646.726       4084.309    0.000  -0.139   0.381   0.
  2017 352  8 53  6 485 352.370213955       1.45      0.53      1.94  0.       -4722.749       6646.384       4082.874    0.000  -0.139   0.381   0.
  2017 352  8 53  7 485 352.370225529       0.26      0.31      1.00  0.       -4723.582       6646.041       4081.438    0.000  -0.139   0.381   0.
  2017 352  8 53  8 485 352.370237104      -0.70     -1.43      0.57  0.       -4724.414       6645.697       4080.003    0.000  -0.139   0.381   0.
  2017 352  8 53  9 485 352.370248678      -1.70     -1.82      0.35  0.       -4725.247       6645.354       4078.567    0.000  -0.139   0.381   0.
  2017 352  8 53 10 485 352.370260252      -1.12     -1.79      1.06  0.       -4726.079       6645.010       4077.130    0.000  -0.139   0.381   0.
  2017 352  8 53 11 485 352.370271826      -1.20     -0.59      2.40  0.       -4726.911       6644.666       4075.694    0.000  -0.139   0.381   0.
  2017 352  8 53 12 485 352.370283397      -1.53      0.33      2.02  0.       -4727.742       6644.321       4074.257    0.000  -0.139   0.381   0.
  2017 352  8 53 13 485 352.370294971      -2.09      1.85      1.51  0.       -4728.573       6643.976       4072.821    0.000  -0.139   0.381   0.
  2017 352  8 53 14 485 352.370306545      -2.25      1.55      0.64  0.       -4729.404       6643.630       4071.384    0.000  -0.139   0.381   0.
  2017 352  8 53 15 485 352.370318119      -2.01      0.62     -0.40  0.       -4730.235       6643.284       4069.946    0.000  -0.139   0.381   0.
  2017 352  8 53 16 485 352.370329693      -1.39      0.44      0.73  0.       -4731.066       6642.938       4068.509    0.000  -0.139   0.381   0.
  2017 352  8 53 17 485 352.370341267      -0.39      1.24      0.95  0.       -4731.896       6642.592       4067.071    0.000  -0.139   0.381   0.
  2017 352  8 53 18 485 352.370352841       0.87      0.37      0.32  0.       -4732.726       6642.245       4065.633    0.000  -0.139   0.381   0.
  2017 352  8 53 19 485 352.370364416       0.56      0.87     -0.87  0.       -4733.555       6641.897       4064.195    0.000  -0.139   0.381   0.
  2017 352  8 53 20 485 352.370375990      -0.18      1.34     -0.49  0.       -4734.385       6641.549       4062.756    0.000  -0.139   0.381   0.
  2017 352  8 53 21 485 352.370387564      -0.56      3.46     -0.00  0.       -4735.214       6641.201       4061.317    0.000  -0.139   0.381   0.
  2017 352  8 53 22 485 352.370399138      -0.01      2.26     -0.21  0.       -4736.043       6640.853       4059.878    0.000  -0.139   0.381   0.
  2017 352  8 53 23 485 352.370410712       1.50      1.87     -0.54  0.       -4736.871       6640.504       4058.439    0.000  -0.139   0.381   0.
  2017 352  8 53 24 485 352.370422286       1.55     -0.02     -2.01  0.       -4737.700       6640.155       4057.000    0.000  -0.139   0.381   0.
  2017 352  8 53 25 485 352.370433860       0.97     -1.59     -1.76  0.       -4738.528       6639.805       4055.560    0.000  -0.139   0.381   0.
  2017 352  8 53 26 485 352.370445434       0.96      0.41     -1.42  0.       -4739.356       6639.455       4054.120    0.000  -0.139   0.381   0.
  2017 352  8 53 27 485 352.370457008      -0.71     -0.18     -1.07  0.       -4740.183       6639.105       4052.681    0.000  -0.139   0.381   0.
  2017 352  8 53 28 485 352.370468582      -0.88      0.41     -0.77  0.       -4741.010       6638.754       4051.240    0.000  -0.139   0.381   0.
  2017 352  8 53 29 485 352.370480156      -0.37      2.01      0.22  0.       -4741.837       6638.403       4049.800    0.000  -0.139   0.381   0.
  2017 352  8 53 30 485 352.370491730      -1.04      2.51      0.98  0.       -4742.664       6638.051       4048.359    0.000  -0.139   0.381   0.
  2017 352  8 53 31 485 352.370503304      -1.52      1.52     -0.10  0.       -4743.491       6637.700       4046.918    0.000  -0.139   0.381   0.
  2017 352  8 53 32 485 352.370514878      -1.58      0.55      0.56  0.       -4744.317       6637.347       4045.476    0.000  -0.139   0.381   0.
  2017 352  8 53 33 485 352.370526453      -1.41      0.94      2.36  0.       -4745.143       6636.995       4044.035    0.000  -0.139   0.381   0.
  2017 352  8 53 34 485 352.370538027      -1.97      2.19      2.23  0.       -4745.968       6636.642       4042.593    0.000  -0.139   0.381   0.
  2017 352  8 53 35 485 352.370549601      -2.18      2.68      0.18  0.       -4746.794       6636.288       4041.151    0.000  -0.139   0.381   0.
  2017 352  8 53 36 485 352.370561175      -2.16      2.81     -0.42  0.       -4747.619       6635.935       4039.709    0.000  -0.139   0.381   0.
  2017 352  8 53 37 485 352.370572749      -1.85      3.02     -0.27  0.       -4748.444       6635.581       4038.267    0.000  -0.139   0.381   0.
  2017 352  8 53 38 485 352.370584323      -0.95      2.57      0.32  0.       -4749.268       6635.226       4036.824    0.000  -0.139   0.381   0.
  2017 352  8 53 39 485 352.370595897       1.28      3.89     -0.18  0.       -4750.093       6634.871       4035.381    0.000  -0.139   0.381   0.
  2017 352  8 53 40 485 352.370607468       0.88      2.45     -0.08  0.       -4750.917       6634.516       4033.938    0.000  -0.139   0.381   0.
  2017 352  8 53 41 485 352.370619042      -0.57      0.32      0.13  0.       -4751.740       6634.160       4032.495    0.000  -0.139   0.381   0.
  2017 352  8 53 42 485 352.370630616      -0.83      0.94      0.12  0.       -4752.564       6633.804       4031.052    0.000  -0.139   0.381   0.
  2017 352  8 53 43 485 352.370642190      -1.60      1.63     -0.36  0.       -4753.387       6633.448       4029.608    0.000  -0.139   0.381   0.
  2017 352  8 53 44 485 352.370653764      -1.65     -0.08      0.00  0.       -4754.210       6633.091       4028.164    0.000  -0.139   0.381   0.
  2017 352  8 53 45 485 352.370665339      -0.32      0.20      0.44  0.       -4755.033       6632.734       4026.720    0.000  -0.139   0.381   0.
  2017 352  8 53 46 485 352.370676913      -0.79      0.40      0.24  0.       -4755.855       6632.377       4025.275    0.000  -0.139   0.381   0.
  2017 352  8 53 47 485 352.370688487      -0.07     -0.33      0.33  0.       -4756.677       6632.019       4023.830    0.000  -0.139   0.381   0.
  2017 352  8 53 48 485 352.370700061       0.64     -0.18      0.23  0.       -4757.499       6631.660       4022.386    0.000  -0.139   0.381   0.
  2017 352  8 53 49 485 352.370711635       0.38      0.78      1.02  0.       -4758.321       6631.302       4020.940    0.000  -0.139   0.381   0.
  2017 352  8 53 50 485 352.370723209      -0.89      2.54      0.73  0.       -4759.142       6630.943       4019.495    0.000  -0.139   0.381   0.
  2017 352  8 53 51 485 352.370734783      -1.67      1.88     -0.99  0.       -4759.963       6630.583       4018.049    0.000  -0.139   0.381   0.
  2017 352  8 53 52 485 352.370746357       0.13      1.37     -0.46  0.       -4760.784       6630.224       4016.604    0.000  -0.139   0.381   0.
  2017 352  8 53 53 485 352.370757931       1.64      1.23     -0.88  0.       -4761.605       6629.863       4015.158    0.000  -0.139   0.381   0.
  2017 352  8 53 54 485 352.370769505       0.92      1.38     -0.05  0.       -4762.425       6629.503       4013.711    0.000  -0.139   0.381   0.
  2017 352  8 53 55 485 352.370781079      -0.61      0.72      0.14  0.       -4763.245       6629.142       4012.265    0.000  -0.139   0.381   0.
  2017 352  8 53 56 485 352.370792653      -1.14      0.92      0.54  0.       -4764.064       6628.781       4010.818    0.000  -0.139   0.381   0.
  2017 352  8 53 57 485 352.370804227      -1.09      1.32      0.23  0.       -4764.884       6628.419       4009.371    0.000  -0.139   0.381   0.
  2017 352  8 53 58 485 352.370815802      -1.50      1.43      0.56  0.       -4765.703       6628.057       4007.924    0.000  -0.139   0.381   0.
  2017 352  8 53 59 485 352.370827376      -2.87      0.93      0.99  0.       -4766.522       6627.695       4006.477    0.000  -0.139   0.381   0.
  2017 352  8 54  0 485 352.370838950      -1.34      0.32     -0.04  0.       -4767.341       6627.332       4005.029    0.000  -0.139   0.381   0.
  2017 352  8 54  1 485 352.370850524       0.24     -0.14      0.31  0.       -4768.159       6626.969       4003.581    0.000  -0.139   0.381   0.
  2017 352  8 54  2 485 352.370862098      -0.33      0.92      0.18  0.       -4768.977       6626.605       4002.133    0.000  -0.139   0.381   0.
  2017 352  8 54  3 485 352.370873672       0.21      0.57      0.07  0.       -4769.795       6626.241       4000.685    0.000  -0.139   0.381   0.
  2017 352  8 54  4 485 352.370885246       0.91     -0.16     -0.20  0.       -4770.612       6625.877       3999.236    0.000  -0.139   0.381   0.
  2017 352  8 54  5 485 352.370896820       0.36      0.27     -0.41  0.       -4771.430       6625.512       3997.787    0.000  -0.139   0.381   0.
  2017 352  8 54  6 485 352.370908394       0.38     -0.40     -1.03  0.       -4772.247       6625.147       3996.338    0.000  -0.139   0.381   0.
  2017 352  8 54  7 485 352.370919968       1.04     -1.78      0.18  0.       -4773.063       6624.782       3994.889    0.000  -0.139   0.381   0.
  2017 352  8 54  8 485 352.370931542       0.71     -1.47      0.20  0.       -4773.880       6624.416       3993.440    0.000  -0.139   0.381   0.
  2017 352  8 54  9 485 352.370943116       0.54     -1.59     -0.13  0.       -4774.696       6624.050       3991.990    0.000  -0.139   0.381   0.
  2017 352  8 54 10 485 352.370954690       0.46     -1.51     -0.06  0.       -4775.512       6623.683       3990.540    0.000  -0.139   0.381   0.
  2017 352  8 54 11 485 352.370966264       0.98     -0.69      0.06  0.       -4776.327       6623.316       3989.090    0.000  -0.139   0.381   0.
  2017 352  8 54 12 485 352.370977836       0.59      0.78      0.36  0.       -4777.143       6622.949       3987.639    0.000  -0.139   0.381   0.
  2017 352  8 54 13 485 352.370989410       0.97      2.08      0.22  0.       -4777.958       6622.581       3986.189    0.000  -0.139   0.381   0.
  2017 352  8 54 14 485 352.371000984       1.35      1.83     -1.21  0.       -4778.773       6622.213       3984.738    0.000  -0.139   0.381   0.
  2017 352  8 54 15 485 352.371012558       0.81      1.21     -1.66  0.       -4779.587       6621.844       3983.287    0.000  -0.139   0.381   0.
  2017 352  8 54 16 485 352.371024132      -0.72      2.67      0.32  0.       -4780.402       6621.476       3981.836    0.000  -0.139   0.381   0.
  2017 352  8 54 17 484 352.371035706       0.82      1.97      0.47  0.       -4781.216       6621.106       3980.384    0.000  -0.139   0.381   0.
  2017 352  8 54 18 484 352.371047280       0.87     -0.53     -1.60  0.       -4782.029       6620.737       3978.932    0.000  -0.139   0.381   0.
  2017 352  8 54 19 484 352.371058854       0.89     -1.39     -2.41  0.       -4782.843       6620.367       3977.480    0.000  -0.139   0.381   0.
  2017 352  8 54 20 484 352.371070428      -0.45      0.06     -1.61  0.       -4783.656       6619.997       3976.028    0.000  -0.139   0.381   0.
  2017 352  8 54 21 484 352.371082002      -0.30     -0.28     -1.54  0.       -4784.469       6619.626       3974.576    0.000  -0.139   0.381   0.
  2017 352  8 54 22 485 352.371093576      -0.74      0.55     -0.31  0.       -4785.281       6619.255       3973.123    0.000  -0.139   0.381   0.
  2017 352  8 54 23 485 352.371105150      -0.03     -1.20     -1.60  0.       -4786.094       6618.883       3971.670    0.000  -0.139   0.381   0.
  2017 352  8 54 24 484 352.371116725       0.93     -2.12      0.75  0.       -4786.906       6618.511       3970.217    0.000  -0.139   0.381   0.
  2017 352  8 54 25 484 352.371128299      -0.09      0.86      0.62  0.       -4787.718       6618.139       3968.764    0.000  -0.139   0.381   0.
  2017 352  8 54 26 485 352.371139873      -0.63      0.63     -3.16  0.       -4788.529       6617.766       3967.310    0.000  -0.139   0.381   0.
  2017 352  8 54 27 485 352.371151447      -4.55     -2.17     -3.07  0.       -4789.341       6617.393       3965.856    0.000  -0.139   0.381   0.
  2017 352  8 54 28 485 352.371163021      -3.83     -0.32     -0.78  0.       -4790.151       6617.020       3964.402    0.000  -0.139   0.381   0.
  2017 352  8 54 29 485 352.371174595      -0.21     -0.38     -0.44  0.       -4790.962       6616.646       3962.948    0.000  -0.139   0.381   0.
  2017 352  8 54 30 485 352.371186169       1.17      0.20     -1.31  0.       -4791.773       6616.272       3961.494    0.000  -0.139   0.381   0.
  2017 352  8 54 31 484 352.371197743       2.32     -0.22     -1.99  0.       -4792.583       6615.898       3960.039    0.000  -0.139   0.381   0.
  2017 352  8 54 32 484 352.371209317       3.39     -1.42     -1.40  0.       -4793.393       6615.523       3958.584    0.000  -0.139   0.381   0.
  2017 352  8 54 33 484 352.371220891       2.86     -1.83     -0.32  0.       -4794.202       6615.148       3957.129    0.000  -0.139   0.381   0.
  2017 352  8 54 34 484 352.371232465       1.58     -0.76     -1.36  0.       -4795.012       6614.772       3955.674    0.000  -0.139   0.381   0.
  2017 352  8 54 35 484 352.371244039       2.15     -0.81     -1.81  0.       -4795.821       6614.396       3954.218    0.000  -0.139   0.381   0.
  2017 352  8 54 36 485 352.371255613       2.50     -1.34     -2.15  0.       -4796.629       6614.019       3952.762    0.000  -0.139   0.381   0.
  2017 352  8 54 37 484 352.371267187       1.72     -1.89     -1.50  0.       -4797.438       6613.643       3951.306    0.000  -0.139   0.381   0.
  2017 352  8 54 38 484 352.371278762       0.75     -1.52     -0.97  0.       -4798.246       6613.266       3949.850    0.000  -0.139   0.381   0.
  2017 352  8 54 39 485 352.371290336       0.41     -0.57     -1.25  0.       -4799.054       6612.888       3948.393    0.000  -0.139   0.381   0.
  2017 352  8 54 40 485 352.371301907      -0.31     -1.26     -0.54  0.       -4799.862       6612.510       3946.937    0.000  -0.139   0.381   0.
  2017 352  8 54 41 484 352.371313481      -0.80     -1.12      0.96  0.       -4800.669       6612.132       3945.480    0.000  -0.139   0.381   0.
  2017 352  8 54 42 484 352.371325055      -0.26      0.29      0.54  0.       -4801.476       6611.753       3944.022    0.000  -0.139   0.381   0.
  2017 352  8 54 43 484 352.371336629      -0.84      0.51     -0.37  0.       -4802.283       6611.374       3942.565    0.000  -0.139   0.381   0.
  2017 352  8 54 44 484 352.371348203      -1.55      0.80     -0.60  0.       -4803.090       6610.995       3941.107    0.000  -0.139   0.381   0.
  2017 352  8 54 45 484 352.371359777      -1.48     -0.60     -1.49  0.       -4803.896       6610.615       3939.650    0.000  -0.139   0.381   0.
  2017 352  8 54 46 484 352.371371351      -1.22     -0.31     -2.25  0.       -4804.702       6610.235       3938.191    0.000  -0.139   0.381   0.
  2017 352  8 54 47 484 352.371382925      -0.69      0.41     -2.56  0.       -4805.508       6609.854       3936.733    0.000  -0.139   0.381   0.
  2017 352  8 54 48 484 352.371394499       0.55      0.65     -2.05  0.       -4806.313       6609.473       3935.275    0.000  -0.139   0.381   0.
  2017 352  8 54 49 484 352.371406073       1.28     -0.64     -3.73  0.       -4807.119       6609.092       3933.816    0.000  -0.139   0.381   0.
  2017 352  8 54 50 484 352.371417648       0.69     -0.82     -2.88  0.       -4807.924       6608.710       3932.357    0.000  -0.139   0.381   0.
  2017 352  8 54 51 484 352.371429222       0.20      0.18     -1.10  0.       -4808.728       6608.328       3930.898    0.000  -0.139   0.381   0.
  2017 352  8 54 52 484 352.371440796      -0.50      1.18     -1.31  0.       -4809.533       6607.946       3929.438    0.000  -0.139   0.381   0.
  2017 352  8 54 53 484 352.371452370       0.01     -1.39     -3.49  0.       -4810.337       6607.563       3927.978    0.000  -0.139   0.381   0.
  2017 352  8 54 54 484 352.371463944       0.63     -2.88     -3.53  0.       -4811.141       6607.179       3926.519    0.000  -0.139   0.381   0.
  2017 352  8 54 55 484 352.371475518      -0.31     -2.70     -1.65  0.       -4811.944       6606.796       3925.058    0.000  -0.139   0.381   0.
  2017 352  8 54 56 484 352.371487092      -0.25      0.33     -0.00  0.       -4812.747       6606.412       3923.598    0.000  -0.139   0.381   0.
  2017 352  8 54 57 484 352.371498666       0.22      1.26     -1.41  0.       -4813.551       6606.027       3922.138    0.000  -0.139   0.381   0.
  2017 352  8 54 58 484 352.371510240      -0.79     -0.43     -0.97  0.       -4814.353       6605.643       3920.677    0.000  -0.139   0.381   0.
  2017 352  8 54 59 484 352.371521814      -0.26      0.38      1.33  0.       -4815.156       6605.258       3919.216    0.000  -0.139   0.381   0.
  2017 352  8 55  0 484 352.371533388       0.35      1.10      0.83  0.       -4815.958       6604.872       3917.754    0.000  -0.139   0.381   0.
  2017 352  8 55  1 484 352.371544962      -0.49      1.41      0.58  0.       -4816.760       6604.486       3916.293    0.000  -0.139   0.381   0.
  2017 352  8 55  2 484 352.371556536      -2.07      1.58      0.32  0.       -4817.561       6604.100       3914.831    0.000  -0.139   0.381   0.
  2017 352  8 55  3 484 352.371568111      -1.36      0.66     -0.38  0.       -4818.363       6603.713       3913.369    0.000  -0.139   0.381   0.
  2017 352  8 55  4 484 352.371579685      -0.04     -0.03     -0.09  0.       -4819.164       6603.326       3911.907    0.000  -0.139   0.381   0.
  2017 352  8 55  5 484 352.371591259      -0.17      0.17     -0.10  0.       -4819.965       6602.939       3910.445    0.000  -0.139   0.381   0.
  2017 352  8 55  6 484 352.371602833      -0.97      0.01      0.09  0.       -4820.765       6602.551       3908.982    0.000  -0.139   0.381   0.
  2017 352  8 55  7 484 352.371614407      -1.14     -0.25      1.10  0.       -4821.565       6602.163       3907.519    0.000  -0.139   0.381   0.
  2017 352  8 55  8 484 352.371625981       1.06      0.27      0.69  0.       -4822.365       6601.774       3906.056    0.000  -0.139   0.381   0.
  2017 352  8 55  9 484 352.371637555       2.59      0.02      0.40  0.       -4823.165       6601.385       3904.593    0.000  -0.139   0.381   0.
  2017 352  8 55 10 484 352.371649127       2.40     -0.15      0.53  0.       -4823.964       6600.996       3903.130    0.000  -0.139   0.381   0.
  2017 352  8 55 11 484 352.371660700       0.99      0.21      0.42  0.       -4824.763       6600.606       3901.666    0.000  -0.139   0.381   0.
  2017 352  8 55 12 484 352.371672274       0.73     -0.73     -0.29  0.       -4825.562       6600.216       3900.202    0.000  -0.139   0.381   0.
  2017 352  8 55 13 484 352.371683848       0.76     -0.22     -0.79  0.       -4826.361       6599.826       3898.738    0.000  -0.139   0.381   0.
  2017 352  8 55 14 484 352.371695422      -0.02      0.33     -0.63  0.       -4827.159       6599.435       3897.273    0.000  -0.139   0.381   0.
  2017 352  8 55 15 484 352.371706996      -2.09      1.77     -0.64  0.       -4827.957       6599.044       3895.809    0.000  -0.139   0.381   0.
  2017 352  8 55 16 484 352.371718571      -1.72      1.73     -0.66  0.       -4828.755       6598.652       3894.344    0.000  -0.139   0.381   0.
  2017 352  8 55 17 484 352.371730145      -1.08      1.72     -1.31  0.       -4829.552       6598.260       3892.879    0.000  -0.139   0.381   0.
  2017 352  8 55 18 484 352.371741719       0.96     -0.96     -3.88  0.       -4830.350       6597.868       3891.413    0.000  -0.139   0.381   0.
  2017 352  8 55 19 484 352.371753293       1.11     -0.24     -4.10  0.       -4831.146       6597.475       3889.948    0.000  -0.139   0.381   0.
  2017 352  8 55 20 484 352.371764867       0.28      1.56     -0.00  0.       -4831.943       6597.082       3888.482    0.000  -0.139   0.381   0.
  2017 352  8 55 21 484 352.371776441       0.28      1.77     -1.03  0.       -4832.739       6596.689       3887.016    0.000  -0.139   0.381   0.
  2017 352  8 55 22 484 352.371788015       1.73     -1.35     -1.60  0.       -4833.536       6596.295       3885.550    0.000  -0.139   0.381   0.
  2017 352  8 55 23 484 352.371799589       1.33     -1.14     -1.06  0.       -4834.331       6595.901       3884.084    0.000  -0.139   0.381   0.
  2017 352  8 55 24 484 352.371811163       1.81     -1.87     -2.70  0.       -4835.127       6595.506       3882.617    0.000  -0.139   0.381   0.
  2017 352  8 55 25 484 352.371822737       0.55     -1.84     -1.65  0.       -4835.922       6595.111       3881.150    0.000  -0.139   0.381   0.
  2017 352  8 55 26 484 352.371834311      -0.30     -1.38     -0.80  0.       -4836.717       6594.716       3879.683    0.000  -0.139   0.381   0.
  2017 352  8 55 27 484 352.371845885       0.01     -0.56     -1.10  0.       -4837.512       6594.320       3878.216    0.000  -0.139   0.381   0.
  2017 352  8 55 28 484 352.371857459       0.57     -0.63     -2.29  0.       -4838.306       6593.924       3876.748    0.000  -0.139   0.381   0.
  2017 352  8 55 29 484 352.371869034      -0.41     -0.28     -1.92  0.       -4839.100       6593.527       3875.280    0.000  -0.139   0.381   0.
  2017 352  8 55 30 484 352.371880608       0.55      1.06     -0.64  0.       -4839.894       6593.130       3873.812    0.000  -0.139   0.381   0.
  2017 352  8 55 31 484 352.371892182      -0.51      1.80     -3.02  0.       -4840.688       6592.733       3872.344    0.000  -0.139   0.381   0.
  2017 352  8 55 32 484 352.371903756       0.75      1.29     -4.79  0.       -4841.481       6592.335       3870.876    0.000  -0.139   0.381   0.
  2017 352  8 55 33 484 352.371915330       1.78     -0.02     -4.68  0.       -4842.274       6591.937       3869.407    0.000  -0.139   0.381   0.
  2017 352  8 55 34 484 352.371926904       1.48     -1.42     -3.68  0.       -4843.066       6591.539       3867.938    0.000  -0.139   0.381   0.
  2017 352  8 55 35 484 352.371938478       0.16     -2.65     -1.01  0.       -4843.859       6591.140       3866.469    0.000  -0.139   0.381   0.
  2017 352  8 55 36 484 352.371950052      -0.36     -0.48      1.32  0.       -4844.651       6590.741       3865.000    0.000  -0.139   0.381   0.
  2017 352  8 55 37 484 352.371961626      -0.29      0.83      0.24  0.       -4845.443       6590.341       3863.530    0.000  -0.139   0.381   0.
  2017 352  8 55 38 484 352.371973200      -0.13      0.15     -1.57  0.       -4846.234       6589.941       3862.060    0.000  -0.139   0.381   0.
  2017 352  8 55 39 484 352.371984774      -0.39     -0.16     -2.57  0.       -4847.026       6589.541       3860.590    0.000  -0.139   0.381   0.
  2017 352  8 55 40 484 352.371996345      -0.71     -0.24     -1.79  0.       -4847.817       6589.140       3859.120    0.000  -0.139   0.381   0.
  2017 352  8 55 41 484 352.372007920      -1.08     -1.65     -1.46  0.       -4848.608       6588.739       3857.650    0.000  -0.139   0.381   0.
  2017 352  8 55 42 484 352.372019494       0.34     -2.08     -0.51  0.       -4849.398       6588.337       3856.179    0.000  -0.139   0.381   0.
  2017 352  8 55 43 484 352.372031068       0.93     -0.48     -0.07  0.       -4850.188       6587.936       3854.708    0.000  -0.139   0.381   0.
  2017 352  8 55 44 484 352.372042642       0.79      0.82     -1.83  0.       -4850.978       6587.533       3853.237    0.000  -0.139   0.381   0.
  2017 352  8 55 45 484 352.372054216       0.68      0.01     -3.48  0.       -4851.768       6587.131       3851.766    0.000  -0.139   0.381   0.
  2017 352  8 55 46 484 352.372065790      -0.54     -0.41     -1.90  0.       -4852.557       6586.728       3850.294    0.000  -0.139   0.381   0.
  2017 352  8 55 47 484 352.372077364      -0.10     -2.21     -0.03  0.       -4853.346       6586.324       3848.822    0.000  -0.139   0.381   0.
  2017 352  8 55 48 484 352.372088938      -0.38     -3.30     -0.15  0.       -4854.135       6585.921       3847.350    0.000  -0.139   0.381   0.
  2017 352  8 55 49 484 352.372100512      -0.01     -4.18     -1.56  0.       -4854.923       6585.516       3845.878    0.000  -0.139   0.381   0.
  2017 352  8 55 50 484 352.372112086      -1.03     -5.31      0.06  0.       -4855.712       6585.112       3844.406    0.000  -0.139   0.381   0.
  2017 352  8 55 51 484 352.372123660      -1.58     -2.81      2.19  0.       -4856.500       6584.707       3842.933    0.000  -0.139   0.381   0.
  2017 352  8 55 52 484 352.372135234      -0.99     -0.50      1.04  0.       -4857.287       6584.302       3841.460    0.000  -0.139   0.381   0.
  2017 352  8 55 53 484 352.372146808       0.50      0.49     -1.67  0.       -4858.075       6583.896       3839.987    0.000  -0.139   0.381   0.
  2017 352  8 55 54 484 352.372158383       1.44      0.82     -2.67  0.       -4858.862       6583.490       3838.514    0.000  -0.139   0.381   0.
  2017 352  8 55 55 484 352.372169957       0.51     -1.34     -3.04  0.       -4859.649       6583.083       3837.040    0.000  -0.139   0.381   0.
  2017 352  8 55 56 484 352.372181531       0.18      0.22      0.04  0.       -4860.435       6582.677       3835.566    0.000  -0.139   0.381   0.
  2017 352  8 55 57 484 352.372193105      -0.86      1.01     -0.26  0.       -4861.221       6582.269       3834.092    0.000  -0.139   0.381   0.
  2017 352  8 55 58 484 352.372204679      -1.56     -1.34     -3.05  0.       -4862.007       6581.862       3832.618    0.000  -0.139   0.381   0.
  2017 352  8 55 59 484 352.372216253      -1.43     -3.48     -2.32  0.       -4862.793       6581.454       3831.143    0.000  -0.139   0.381   0.
  2017 352  8 56  0 484 352.372227827      -1.33     -2.32      0.60  0.       -4863.578       6581.045       3829.669    0.000  -0.139   0.381   0.
  2017 352  8 56  1 484 352.372239401      -2.10      0.75      1.08  0.       -4864.363       6580.637       3828.194    0.000  -0.139   0.381   0.
  2017 352  8 56  2 484 352.372250975      -2.89      0.37      0.99  0.       -4865.148       6580.228       3826.719    0.000  -0.139   0.381   0.
  2017 352  8 56  3 484 352.372262549      -2.17     -0.55      0.82  0.       -4865.933       6579.818       3825.243    0.000  -0.139   0.381   0.
  2017 352  8 56  4 484 352.372274123      -1.74     -0.85      0.98  0.       -4866.717       6579.408       3823.768    0.000  -0.139   0.381   0.
  2017 352  8 56  5 484 352.372285697      -1.56     -0.11      0.89  0.       -4867.501       6578.998       3822.292    0.000  -0.139   0.381   0.
  2017 352  8 56  6 484 352.372297271      -2.08      0.36      1.03  0.       -4868.285       6578.587       3820.816    0.000  -0.139   0.381   0.
  2017 352  8 56  7 484 352.372308845      -2.02      0.98      0.88  0.       -4869.068       6578.176       3819.340    0.000  -0.139   0.381   0.
  2017 352  8 56  8 484 352.372320417      -1.73      2.46     -0.04  0.       -4869.851       6577.765       3817.863    0.000  -0.139   0.381   0.
  2017 352  8 56  9 484 352.372331991      -0.43      1.49     -1.55  0.       -4870.634       6577.353       3816.387    0.000  -0.139   0.381   0.
  2017 352  8 56 10 484 352.372343565      -0.42     -0.35     -1.08  0.       -4871.417       6576.941       3814.910    0.000  -0.139   0.381   0.
  2017 352  8 56 11 484 352.372355139      -0.41     -0.67     -0.15  0.       -4872.199       6576.528       3813.432    0.000  -0.139   0.381   0.
  2017 352  8 56 12 484 352.372366713       0.05     -0.53      0.46  0.       -4872.981       6576.115       3811.955    0.000  -0.139   0.381   0.
  2017 352  8 56 13 483 352.372378287       0.88      0.37      0.40  0.       -4873.763       6575.702       3810.478    0.000  -0.139   0.381   0.
  2017 352  8 56 14 483 352.372389861       0.88      0.95      0.42  0.       -4874.544       6575.288       3809.000    0.000  -0.139   0.381   0.
  2017 352  8 56 15 483 352.372401435       0.01      0.53      0.36  0.       -4875.325       6574.874       3807.522    0.000  -0.139   0.381   0.
  2017 352  8 56 16 483 352.372413009       0.83      0.46     -0.61  0.       -4876.106       6574.460       3806.044    0.000  -0.139   0.381   0.
  2017 352  8 56 17 483 352.372424583       1.25     -1.37     -2.01  0.       -4876.887       6574.045       3804.565    0.000  -0.139   0.381   0.
  2017 352  8 56 18 484 352.372436157       0.58     -0.59     -2.19  0.       -4877.667       6573.629       3803.086    0.000  -0.139   0.381   0.
  2017 352  8 56 19 484 352.372447731       2.28     -1.13     -1.91  0.       -4878.447       6573.214       3801.608    0.000  -0.139   0.381   0.
  2017 352  8 56 20 483 352.372459306       2.04     -1.78     -1.99  0.       -4879.227       6572.798       3800.128    0.000  -0.139   0.381   0.
  2017 352  8 56 21 483 352.372470880       1.38     -2.62     -1.69  0.       -4880.006       6572.381       3798.649    0.000  -0.139   0.381   0.
  2017 352  8 56 22 484 352.372482454       1.56     -1.84     -1.79  0.       -4880.785       6571.965       3797.169    0.000  -0.139   0.381   0.
  2017 352  8 56 23 484 352.372494028       1.39     -2.61     -1.88  0.       -4881.565       6571.548       3795.690    0.000  -0.139   0.381   0.
  2017 352  8 56 24 484 352.372505602       0.90     -1.88     -0.93  0.       -4882.343       6571.130       3794.210    0.000  -0.139   0.381   0.
  2017 352  8 56 25 484 352.372517176      -0.78     -1.36     -2.47  0.       -4883.121       6570.712       3792.729    0.000  -0.139   0.381   0.
  2017 352  8 56 26 484 352.372528750      -0.43     -1.29     -1.89  0.       -4883.899       6570.294       3791.249    0.000  -0.139   0.381   0.
  2017 352  8 56 27 483 352.372540324       0.32     -2.60     -1.37  0.       -4884.677       6569.875       3789.768    0.000  -0.139   0.381   0.
  2017 352  8 56 28 483 352.372551898      -0.75     -1.77      0.92  0.       -4885.455       6569.456       3788.287    0.000  -0.139   0.381   0.
  2017 352  8 56 29 483 352.372563472      -1.17      1.25     -0.13  0.       -4886.232       6569.037       3786.806    0.000  -0.139   0.381   0.
  2017 352  8 56 30 483 352.372575046      -0.21      2.27     -2.19  0.       -4887.009       6568.617       3785.325    0.000  -0.139   0.381   0.
  2017 352  8 56 31 484 352.372586620       1.16      2.41     -2.57  0.       -4887.785       6568.197       3783.843    0.000  -0.139   0.381   0.
  2017 352  8 56 32 484 352.372598194       1.53      2.01     -2.64  0.       -4888.561       6567.776       3782.362    0.000  -0.139   0.381   0.
  2017 352  8 56 33 483 352.372609769       1.32      1.61     -2.39  0.       -4889.338       6567.355       3780.880    0.000  -0.139   0.381   0.
  2017 352  8 56 34 483 352.372621343       1.26      1.68     -1.44  0.       -4890.113       6566.934       3779.397    0.000  -0.139   0.381   0.
  2017 352  8 56 35 484 352.372632917       1.14      1.63     -0.68  0.       -4890.889       6566.512       3777.915    0.000  -0.139   0.381   0.
  2017 352  8 56 36 484 352.372644491       0.33      1.45     -0.77  0.       -4891.664       6566.090       3776.432    0.000  -0.139   0.381   0.
  2017 352  8 56 37 484 352.372656065       0.31      0.61     -1.46  0.       -4892.439       6565.667       3774.949    0.000  -0.139   0.381   0.
  2017 352  8 56 38 499 352.372667817      -0.54      0.30     -0.59  0.       -4893.226       6565.238       3773.443    0.000  -0.139   0.381   0.
  2017 352  8 56 39 515 352.372679572      -0.05      1.66      0.72  0.       -4894.012       6564.808       3771.937    0.000  -0.139   0.381   0.
  2017 352  8 56 40 515 352.372691146       1.09      2.32      0.46  0.       -4894.786       6564.384       3770.453    0.000  -0.139   0.381   0.
  2017 352  8 56 41 515 352.372702720       1.06      2.44     -0.61  0.       -4895.560       6563.960       3768.969    0.000  -0.139   0.381   0.
  2017 352  8 56 42 515 352.372714294       1.54      2.66     -0.83  0.       -4896.333       6563.536       3767.485    0.000  -0.139   0.381   0.
  2017 352  8 56 43 514 352.372725868       1.76      3.13     -0.70  0.       -4897.106       6563.111       3766.001    0.000  -0.139   0.381   0.
  2017 352  8 56 44 514 352.372737442       0.96      3.34     -1.17  0.       -4897.879       6562.686       3764.517    0.000  -0.139   0.381   0.
  2017 352  8 56 45 514 352.372749016       0.74      2.30     -1.38  0.       -4898.652       6562.260       3763.032    0.000  -0.139   0.381   0.
  2017 352  8 56 46 514 352.372760590       1.23      2.35     -2.19  0.       -4899.424       6561.834       3761.547    0.000  -0.139   0.381   0.
  2017 352  8 56 47 514 352.372772164       1.16      2.19     -3.52  0.       -4900.196       6561.408       3760.062    0.000  -0.139   0.381   0.
  2017 352  8 56 48 515 352.372783738      -1.67      0.53     -2.38  0.       -4900.968       6560.981       3758.577    0.000  -0.139   0.381   0.
  2017 352  8 56 49 514 352.372795312      -2.24      0.43     -0.30  0.       -4901.739       6560.554       3757.091    0.000  -0.139   0.381   0.
  2017 352  8 56 50 514 352.372806887      -1.94      0.43     -1.70  0.       -4902.510       6560.126       3755.605    0.000  -0.139   0.381   0.
  2017 352  8 56 51 515 352.372818461      -1.60     -0.66     -1.13  0.       -4903.281       6559.698       3754.119    0.000  -0.139   0.381   0.
  2017 352  8 56 52 515 352.372830035      -0.89     -1.68     -0.63  0.       -4904.052       6559.270       3752.633    0.000  -0.139   0.381   0.
  2017 352  8 56 53 515 352.372841609      -0.45     -1.87     -0.47  0.       -4904.822       6558.841       3751.147    0.000  -0.139   0.381   0.
  2017 352  8 56 54 515 352.372853183      -0.90     -2.73     -0.53  0.       -4905.592       6558.412       3749.660    0.000  -0.139   0.381   0.
  2017 352  8 56 55 515 352.372864757      -2.41     -1.50      0.46  0.       -4906.362       6557.983       3748.173    0.000  -0.139   0.381   0.
  2017 352  8 56 56 514 352.372876331      -1.00     -0.38      0.28  0.       -4907.131       6557.553       3746.686    0.000  -0.139   0.381   0.
  2017 352  8 56 57 514 352.372887905      -0.20     -0.35     -0.02  0.       -4907.900       6557.123       3745.199    0.000  -0.139   0.381   0.
  2017 352  8 56 58 514 352.372899479      -1.18      0.75     -0.01  0.       -4908.669       6556.692       3743.711    0.000  -0.139   0.381   0.
  2017 352  8 56 59 514 352.372911053       0.33     -0.12     -0.14  0.       -4909.438       6556.261       3742.223    0.000  -0.139   0.381   0.
  2017 352  8 57  0 514 352.372922627       0.33     -0.01      0.05  0.       -4910.206       6555.830       3740.736    0.000  -0.139   0.381   0.
  2017 352  8 57  1 515 352.372934201       0.53     -0.41     -0.02  0.       -4910.974       6555.398       3739.248    0.000  -0.139   0.381   0.
  2017 352  8 57  2 515 352.372945775       0.21      0.73     -0.53  0.       -4911.742       6554.966       3737.759    0.000  -0.139   0.381   0.
  2017 352  8 57  3 514 352.372957350       0.11      0.45     -0.68  0.       -4912.509       6554.533       3736.271    0.000  -0.139   0.381   0.
  2017 352  8 57  4 514 352.372968924      -1.92      2.41     -1.63  0.       -4913.276       6554.101       3734.782    0.000  -0.139   0.381   0.
  2017 352  8 57  5 515 352.372980498      -3.06      0.25     -3.96  0.       -4914.043       6553.667       3733.293    0.000  -0.139   0.381   0.
  2017 352  8 57  6 515 352.372992072      -0.71     -2.74     -3.39  0.       -4914.810       6553.234       3731.803    0.000  -0.139   0.381   0.
  2017 352  8 57  7 515 352.373003646      -0.04     -2.26     -1.55  0.       -4915.576       6552.800       3730.314    0.000  -0.139   0.381   0.
  2017 352  8 57  8 515 352.373015217      -0.57     -0.77      1.05  0.       -4916.342       6552.365       3728.824    0.000  -0.139   0.381   0.
  2017 352  8 57  9 514 352.373026791      -0.31      1.39      1.04  0.       -4917.108       6551.930       3727.334    0.000  -0.139   0.381   0.
  2017 352  8 57 10 514 352.373038365      -0.05      1.49     -1.14  0.       -4917.873       6551.495       3725.844    0.000  -0.139   0.381   0.
  2017 352  8 57 11 514 352.373049939      -0.67      1.44     -0.38  0.       -4918.638       6551.059       3724.354    0.000  -0.139   0.381   0.
  2017 352  8 57 12 514 352.373061513      -0.86      1.53     -0.16  0.       -4919.403       6550.623       3722.863    0.000  -0.139   0.381   0.
  2017 352  8 57 13 514 352.373073087       0.02      1.62     -1.01  0.       -4920.168       6550.187       3721.372    0.000  -0.139   0.381   0.
  2017 352  8 57 14 514 352.373084661      -0.19      0.82     -1.87  0.       -4920.932       6549.750       3719.881    0.000  -0.139   0.381   0.
  2017 352  8 57 15 514 352.373096236      -0.39     -0.25     -1.24  0.       -4921.696       6549.313       3718.390    0.000  -0.139   0.381   0.
  2017 352  8 57 16 514 352.373107810       2.60     -1.72      1.04  0.       -4922.459       6548.876       3716.899    0.000  -0.139   0.381   0.
  2017 352  8 57 17 514 352.373119384       2.49      0.67      2.20  0.       -4923.223       6548.438       3715.407    0.000  -0.139   0.381   0.
  2017 352  8 57 18 514 352.373130958      -0.05      1.06      1.08  0.       -4923.986       6547.999       3713.915    0.000  -0.139   0.381   0.
  2017 352  8 57 19 514 352.373142532      -0.28     -0.30     -0.91  0.       -4924.749       6547.561       3712.423    0.000  -0.139   0.381   0.
  2017 352  8 57 20 514 352.373154106       0.79      0.38      0.88  0.       -4925.511       6547.122       3710.931    0.000  -0.139   0.381   0.
  2017 352  8 57 21 514 352.373165680      -0.05     -0.01      0.59  0.       -4926.273       6546.682       3709.438    0.000  -0.139   0.381   0.
  2017 352  8 57 22 514 352.373177254      -1.99      0.47      1.46  0.       -4927.035       6546.242       3707.945    0.000  -0.139   0.381   0.
  2017 352  8 57 23 514 352.373188828      -2.03     -0.45      0.88  0.       -4927.797       6545.802       3706.452    0.000  -0.139   0.381   0.
  2017 352  8 57 24 514 352.373200402      -2.25     -2.02      1.13  0.       -4928.558       6545.362       3704.959    0.000  -0.139   0.381   0.
  2017 352  8 57 25 514 352.373211976      -1.64     -2.01      1.37  0.       -4929.319       6544.921       3703.466    0.000  -0.139   0.381   0.
  2017 352  8 57 26 514 352.373223550      -0.51     -0.95      0.29  0.       -4930.080       6544.479       3701.972    0.000  -0.139   0.381   0.
  2017 352  8 57 27 514 352.373235124       0.32     -0.68      0.41  0.       -4930.841       6544.038       3700.478    0.000  -0.139   0.381   0.
  2017 352  8 57 28 514 352.373246698      -0.35     -0.59      0.87  0.       -4931.601       6543.595       3698.984    0.000  -0.139   0.381   0.
  2017 352  8 57 29 514 352.373258273      -0.78     -0.90      0.65  0.       -4932.361       6543.153       3697.490    0.000  -0.139   0.381   0.
  2017 352  8 57 30 514 352.373269847       0.31      0.51      0.53  0.       -4933.120       6542.710       3695.995    0.000  -0.139   0.381   0.
  2017 352  8 57 31 514 352.373281421       0.64      0.95     -0.30  0.       -4933.880       6542.267       3694.500    0.000  -0.139   0.381   0.
  2017 352  8 57 32 514 352.373292995       0.90      1.17     -0.72  0.       -4934.639       6541.823       3693.006    0.000  -0.139   0.381   0.
  2017 352  8 57 33 514 352.373304569       1.12      0.55     -0.90  0.       -4935.397       6541.379       3691.510    0.000  -0.139   0.381   0.
  2017 352  8 57 34 514 352.373316143       0.74     -0.17     -0.92  0.       -4936.156       6540.934       3690.015    0.000  -0.139   0.381   0.
  2017 352  8 57 35 514 352.373327717       1.48      0.29     -0.62  0.       -4936.914       6540.490       3688.519    0.000  -0.139   0.381   0.
  2017 352  8 57 36 514 352.373339288       1.37     -0.58     -0.50  0.       -4937.672       6540.044       3687.023    0.000  -0.139   0.381   0.
  2017 352  8 57 37 514 352.373350862       1.34     -0.66     -0.04  0.       -4938.429       6539.599       3685.527    0.000  -0.139   0.381   0.
  2017 352  8 57 38 514 352.373362436       0.81      0.49     -0.48  0.       -4939.187       6539.153       3684.031    0.000  -0.139   0.381   0.
  2017 352  8 57 39 514 352.373374010      -0.52      1.64     -1.08  0.       -4939.944       6538.706       3682.535    0.000  -0.139   0.381   0.
  2017 352  8 57 40 514 352.373385584      -0.61      0.56     -1.84  0.       -4940.700       6538.260       3681.038    0.000  -0.139   0.381   0.
  2017 352  8 57 41 514 352.373397159      -1.76      0.55     -0.32  0.       -4941.457       6537.812       3679.541    0.000  -0.139   0.381   0.
  2017 352  8 57 42 514 352.373408733      -2.96      1.95     -0.60  0.       -4942.213       6537.365       3678.044    0.000  -0.139   0.381   0.
  2017 352  8 57 43 514 352.373420307      -2.83      3.58     -1.35  0.       -4942.969       6536.917       3676.547    0.000  -0.139   0.381   0.
  2017 352  8 57 44 514 352.373431881      -2.72      2.06     -2.04  0.       -4943.724       6536.469       3675.049    0.000  -0.139   0.381   0.
  2017 352  8 57 45 514 352.373443455      -0.60      0.21     -0.89  0.       -4944.479       6536.020       3673.551    0.000  -0.139   0.381   0.
  2017 352  8 57 46 514 352.373455029       0.25      0.18     -0.17  0.       -4945.234       6535.571       3672.053    0.000  -0.139   0.381   0.
  2017 352  8 57 47 514 352.373466603      -0.47      0.35     -0.32  0.       -4945.989       6535.121       3670.555    0.000  -0.139   0.381   0.
  2017 352  8 57 48 514 352.373478177      -0.97      2.25     -0.37  0.       -4946.743       6534.671       3669.057    0.000  -0.139   0.381   0.
  2017 352  8 57 49 514 352.373489751      -1.40      1.76     -1.10  0.       -4947.497       6534.221       3667.558    0.000  -0.139   0.381   0.
  2017 352  8 57 50 514 352.373501325      -2.67      1.96     -0.25  0.       -4948.251       6533.771       3666.059    0.000  -0.139   0.381   0.
  2017 352  8 57 51 514 352.373512899      -2.92      1.90     -0.02  0.       -4949.005       6533.320       3664.560    0.000  -0.139   0.381   0.
  2017 352  8 57 52 514 352.373524473      -2.73      1.37      0.51  0.       -4949.758       6532.868       3663.061    0.000  -0.139   0.381   0.
  2017 352  8 57 53 514 352.373536047      -2.90      1.90      0.82  0.       -4950.511       6532.416       3661.561    0.000  -0.139   0.381   0.
  2017 352  8 57 54 514 352.373547621      -3.08      3.36      0.10  0.       -4951.263       6531.964       3660.062    0.000  -0.139   0.381   0.
  2017 352  8 57 55 514 352.373559196      -1.96      3.65     -2.02  0.       -4952.016       6531.512       3658.562    0.000  -0.139   0.381   0.
  2017 352  8 57 56 514 352.373570770      -0.15      0.78     -3.01  0.       -4952.767       6531.059       3657.061    0.000  -0.139   0.381   0.
  2017 352  8 57 57 514 352.373582344      -0.37     -0.57     -2.62  0.       -4953.519       6530.605       3655.561    0.000  -0.139   0.381   0.
  2017 352  8 57 58 514 352.373593918      -0.44     -1.05     -1.73  0.       -4954.271       6530.151       3654.060    0.000  -0.139   0.381   0.
  2017 352  8 57 59 514 352.373605492       0.13     -0.69     -0.07  0.       -4955.022       6529.697       3652.560    0.000  -0.139   0.381   0.
  2017 352  8 58  0 514 352.373617066      -0.29      0.61     -0.44  0.       -4955.773       6529.243       3651.059    0.000  -0.139   0.381   0.
  2017 352  8 58  1 514 352.373628640      -0.03     -0.62     -2.13  0.       -4956.523       6528.788       3649.557    0.000  -0.139   0.381   0.
  2017 352  8 58  2 514 352.373640214       0.21     -3.60     -0.92  0.       -4957.273       6528.333       3648.056    0.000  -0.139   0.381   0.
  2017 352  8 58  3 514 352.373651788       0.35     -3.38      0.25  0.       -4958.023       6527.877       3646.554    0.000  -0.139   0.381   0.
  2017 352  8 58  4 514 352.373663362      -1.11      0.19     -1.06  0.       -4958.773       6527.421       3645.052    0.000  -0.139   0.381   0.
  2017 352  8 58  5 514 352.373674936      -1.95     -0.56     -1.58  0.       -4959.522       6526.964       3643.550    0.000  -0.139   0.381   0.
  2017 352  8 58  6 514 352.373686510      -1.40     -2.11     -0.82  0.       -4960.272       6526.508       3642.048    0.000  -0.139   0.381   0.
  2017 352  8 58  7 514 352.373698084      -0.99     -1.14     -0.13  0.       -4961.020       6526.050       3640.545    0.000  -0.139   0.381   0.
  2017 352  8 58  8 514 352.373709656      -0.84      0.09     -0.05  0.       -4961.769       6525.593       3639.043    0.000  -0.139   0.381   0.
  2017 352  8 58  9 514 352.373721230      -1.00      0.25     -0.52  0.       -4962.517       6525.135       3637.540    0.000  -0.139   0.381   0.
  2017 352  8 58 10 514 352.373732804      -0.80     -0.93     -1.01  0.       -4963.265       6524.677       3636.036    0.000  -0.139   0.381   0.
  2017 352  8 58 11 514 352.373744378       0.23     -1.58     -0.53  0.       -4964.012       6524.218       3634.533    0.000  -0.139   0.381   0.
  2017 352  8 58 12 514 352.373755952       0.78     -2.70     -0.51  0.       -4964.760       6523.759       3633.030    0.000  -0.139   0.381   0.
  2017 352  8 58 13 514 352.373767526       1.39     -1.68     -0.82  0.       -4965.507       6523.299       3631.526    0.000  -0.139   0.381   0.
  2017 352  8 58 14 514 352.373779100       1.86     -0.55     -0.36  0.       -4966.253       6522.839       3630.021    0.000  -0.139   0.381   0.
  2017 352  8 58 15 514 352.373790674       1.30      0.07     -0.07  0.       -4967.000       6522.379       3628.517    0.000  -0.139   0.381   0.
  2017 352  8 58 16 514 352.373802248       0.96      0.56     -0.05  0.       -4967.746       6521.918       3627.013    0.000  -0.139   0.381   0.
  2017 352  8 58 17 514 352.373813822       0.37      0.69     -0.03  0.       -4968.492       6521.457       3625.508    0.000  -0.139   0.381   0.
  2017 352  8 58 18 514 352.373825396       0.80      0.86     -0.09  0.       -4969.237       6520.995       3624.003    0.000  -0.139   0.381   0.
  2017 352  8 58 19 514 352.373836970       0.27      0.91     -0.42  0.       -4969.983       6520.534       3622.498    0.000  -0.139   0.381   0.
  2017 352  8 58 20 514 352.373848545      -0.08      0.47     -0.04  0.       -4970.727       6520.071       3620.993    0.000  -0.139   0.381   0.
  2017 352  8 58 21 514 352.373860119       0.08     -1.35     -0.29  0.       -4971.472       6519.609       3619.487    0.000  -0.139   0.381   0.
  2017 352  8 58 22 514 352.373871693       0.86     -1.81     -1.56  0.       -4972.217       6519.146       3617.981    0.000  -0.139   0.381   0.
  2017 352  8 58 23 514 352.373883267       2.55     -1.22     -0.10  0.       -4972.960       6518.682       3616.475    0.000  -0.139   0.381   0.
  2017 352  8 58 24 514 352.373894841       1.64      1.21      1.59  0.       -4973.704       6518.218       3614.969    0.000  -0.139   0.381   0.
  2017 352  8 58 25 514 352.373906415       0.64      2.08      1.26  0.       -4974.448       6517.754       3613.462    0.000  -0.139   0.381   0.
  2017 352  8 58 26 514 352.373917989       0.00      1.22      0.95  0.       -4975.191       6517.290       3611.956    0.000  -0.139   0.381   0.
  2017 352  8 58 27 514 352.373929563       0.75      0.91     -1.60  0.       -4975.934       6516.825       3610.449    0.000  -0.139   0.381   0.
  2017 352  8 58 28 514 352.373941137       0.39      0.50     -0.15  0.       -4976.676       6516.359       3608.942    0.000  -0.139   0.381   0.
  2017 352  8 58 29 514 352.373952711       0.21      1.03      0.00  0.       -4977.419       6515.894       3607.435    0.000  -0.139   0.381   0.
  2017 352  8 58 30 514 352.373964285       0.04      2.56      0.18  0.       -4978.161       6515.428       3605.927    0.000  -0.139   0.381   0.
  2017 352  8 58 31 514 352.373975859       1.09      3.21     -0.31  0.       -4978.902       6514.961       3604.419    0.000  -0.139   0.381   0.
  2017 352  8 58 32 514 352.373987433       1.87      4.71     -1.22  0.       -4979.644       6514.494       3602.911    0.000  -0.139   0.381   0.
  2017 352  8 58 33 514 352.373999008       1.75      2.19     -2.75  0.       -4980.385       6514.027       3601.403    0.000  -0.139   0.381   0.
  2017 352  8 58 34 514 352.374010582       0.53      0.20     -1.19  0.       -4981.126       6513.559       3599.895    0.000  -0.139   0.381   0.
  2017 352  8 58 35 514 352.374022156       0.32      0.69     -0.35  0.       -4981.866       6513.091       3598.386    0.000  -0.139   0.381   0.
  2017 352  8 58 36 514 352.374033727      -1.63      2.87      0.15  0.       -4982.606       6512.623       3596.878    0.000  -0.139   0.381   0.
  2017 352  8 58 37 514 352.374045301      -1.70      4.31     -0.34  0.       -4983.346       6512.154       3595.369    0.000  -0.139   0.381   0.
  2017 352  8 58 38 514 352.374056875      -1.45      4.64     -0.91  0.       -4984.086       6511.684       3593.859    0.000  -0.139   0.381   0.
  2017 352  8 58 39 513 352.374068449      -1.47      4.59     -0.94  0.       -4984.825       6511.215       3592.350    0.000  -0.139   0.381   0.
  2017 352  8 58 40 513 352.374080023      -0.91      3.77     -3.20  0.       -4985.564       6510.745       3590.840    0.000  -0.139   0.381   0.
  2017 352  8 58 41 513 352.374091597      -0.22      1.71     -3.15  0.       -4986.303       6510.274       3589.330    0.000  -0.139   0.381   0.
  2017 352  8 58 42 513 352.374103171      -0.47      0.92     -1.81  0.       -4987.041       6509.804       3587.820    0.000  -0.139   0.381   0.
  2017 352  8 58 43 514 352.374114745      -0.87      0.58     -1.74  0.       -4987.779       6509.332       3586.310    0.000  -0.139   0.381   0.
  2017 352  8 58 44 514 352.374126319      -1.42      0.35     -0.56  0.       -4988.517       6508.861       3584.799    0.000  -0.139   0.381   0.
  2017 352  8 58 45 513 352.374137894      -1.78      0.11     -0.43  0.       -4989.255       6508.389       3583.289    0.000  -0.139   0.381   0.
  2017 352  8 58 46 513 352.374149468      -1.04      0.58     -1.31  0.       -4989.992       6507.917       3581.778    0.000  -0.139   0.381   0.
  2017 352  8 58 47 514 352.374161042      -0.20      0.39     -0.69  0.       -4990.729       6507.444       3580.267    0.000  -0.139   0.381   0.
  2017 352  8 58 48 514 352.374172616      -0.16      0.25     -0.37  0.       -4991.466       6506.971       3578.755    0.000  -0.139   0.381   0.
  2017 352  8 58 49 514 352.374184190      -0.64      0.45     -0.79  0.       -4992.201       6506.497       3577.244    0.000  -0.139   0.381   0.
  2017 352  8 58 50 514 352.374195764      -0.80     -0.17     -0.48  0.       -4992.937       6506.023       3575.732    0.000  -0.139   0.381   0.
  2017 352  8 58 51 514 352.374207338      -1.13     -0.15     -0.49  0.       -4993.674       6505.549       3574.220    0.000  -0.139   0.381   0.
  2017 352  8 58 52 513 352.374218912      -1.33      0.15     -0.71  0.       -4994.409       6505.074       3572.708    0.000  -0.139   0.381   0.
  2017 352  8 58 53 513 352.374230486      -1.21      0.86     -1.22  0.       -4995.144       6504.599       3571.195    0.000  -0.139   0.381   0.
  2017 352  8 58 54 513 352.374242060      -1.00      0.43     -1.59  0.       -4995.879       6504.124       3569.683    0.000  -0.139   0.381   0.
  2017 352  8 58 55 513 352.374253634      -0.50      0.28     -0.51  0.       -4996.614       6503.648       3568.170    0.000  -0.139   0.381   0.
  2017 352  8 58 56 513 352.374265208      -0.10      0.95      0.60  0.       -4997.348       6503.172       3566.657    0.000  -0.139   0.381   0.
  2017 352  8 58 57 514 352.374276782       0.07      2.46     -0.06  0.       -4998.082       6502.695       3565.143    0.000  -0.139   0.381   0.
  2017 352  8 58 58 514 352.374288356       0.48      1.63     -2.03  0.       -4998.815       6502.218       3563.630    0.000  -0.139   0.381   0.
  2017 352  8 58 59 513 352.374299931       0.68      0.83     -2.29  0.       -4999.549       6501.741       3562.116    0.000  -0.139   0.381   0.
  2017 352  8 59  0 513 352.374311505      -0.39      0.97     -1.71  0.       -5000.282       6501.263       3560.602    0.000  -0.139   0.381   0.
  2017 352  8 59  1 514 352.374323079       0.22      0.23     -1.99  0.       -5001.014       6500.785       3559.088    0.000  -0.139   0.381   0.
  2017 352  8 59  2 514 352.374334653       1.23     -0.38     -1.76  0.       -5001.747       6500.306       3557.574    0.000  -0.139   0.381   0.
  2017 352  8 59  3 514 352.374346227       0.58     -0.73     -2.35  0.       -5002.479       6499.827       3556.059    0.000  -0.139   0.381   0.
  2017 352  8 59  4 514 352.374357801      -0.10     -0.64     -1.56  0.       -5003.211       6499.347       3554.544    0.000  -0.139   0.381   0.
  2017 352  8 59  5 514 352.374369375      -0.37      0.34     -0.79  0.       -5003.942       6498.867       3553.029    0.000  -0.139   0.381   0.
  2017 352  8 59  6 513 352.374380947      -1.02      0.46     -0.36  0.       -5004.674       6498.388       3551.514    0.000  -0.139   0.381   0.
  2017 352  8 59  7 513 352.374392520      -2.10     -0.05     -0.13  0.       -5005.405       6497.907       3549.999    0.000  -0.139   0.381   0.
  2017 352  8 59  8 513 352.374404094      -2.79      0.27     -0.60  0.       -5006.135       6497.426       3548.483    0.000  -0.139   0.381   0.
  2017 352  8 59  9 513 352.374415668      -2.12      0.58     -0.85  0.       -5006.866       6496.945       3546.967    0.000  -0.139   0.381   0.
  2017 352  8 59 10 513 352.374427242      -1.87      0.31     -0.76  0.       -5007.596       6496.463       3545.451    0.000  -0.139   0.381   0.
  2017 352  8 59 11 513 352.374438817      -2.04      0.51     -0.55  0.       -5008.325       6495.981       3543.935    0.000  -0.139   0.381   0.
  2017 352  8 59 12 513 352.374450391      -0.67      0.02     -0.40  0.       -5009.055       6495.499       3542.418    0.000  -0.139   0.381   0.
  2017 352  8 59 13 513 352.374461965      -1.64     -0.36     -1.39  0.       -5009.784       6495.016       3540.902    0.000  -0.139   0.381   0.
  2017 352  8 59 14 513 352.374473539      -1.07     -0.97     -1.97  0.       -5010.513       6494.533       3539.385    0.000  -0.139   0.381   0.
  2017 352  8 59 15 513 352.374485113      -0.21     -2.81     -0.96  0.       -5011.241       6494.049       3537.868    0.000  -0.139   0.381   0.
  2017 352  8 59 16 513 352.374496687       0.79     -2.36     -0.92  0.       -5011.969       6493.565       3536.350    0.000  -0.139   0.381   0.
  2017 352  8 59 17 513 352.374508261       1.33     -1.18     -0.71  0.       -5012.697       6493.081       3534.833    0.000  -0.139   0.381   0.
  2017 352  8 59 18 513 352.374519835       0.23     -1.90      0.38  0.       -5013.425       6492.596       3533.315    0.000  -0.139   0.381   0.
  2017 352  8 59 19 513 352.374531409      -0.69      0.48      0.17  0.       -5014.152       6492.111       3531.797    0.000  -0.139   0.381   0.
  2017 352  8 59 20 513 352.374542983       0.60      0.24     -2.52  0.       -5014.879       6491.625       3530.279    0.000  -0.139   0.381   0.
  2017 352  8 59 21 513 352.374554557      -0.32     -2.32     -1.93  0.       -5015.606       6491.139       3528.760    0.000  -0.139   0.381   0.
  2017 352  8 59 22 513 352.374566131      -0.28     -0.36     -1.36  0.       -5016.333       6490.653       3527.242    0.000  -0.139   0.381   0.
  2017 352  8 59 23 513 352.374577705       0.16     -0.38     -0.98  0.       -5017.059       6490.166       3525.723    0.000  -0.139   0.381   0.
  2017 352  8 59 24 513 352.374589279      -1.03      0.88     -0.06  0.       -5017.785       6489.679       3524.204    0.000  -0.139   0.381   0.
  2017 352  8 59 25 513 352.374600854      -0.01      0.06     -0.55  0.       -5018.510       6489.191       3522.685    0.000  -0.139   0.381   0.
  2017 352  8 59 26 513 352.374612428      -1.64      1.75      0.51  0.       -5019.235       6488.703       3521.165    0.000  -0.139   0.381   0.
  2017 352  8 59 27 513 352.374624002      -0.96      1.37     -0.19  0.       -5019.960       6488.215       3519.646    0.000  -0.139   0.381   0.
  2017 352  8 59 28 513 352.374635576      -1.01      0.50     -1.13  0.       -5020.685       6487.726       3518.125    0.000  -0.139   0.381   0.
  2017 352  8 59 29 513 352.374647150      -1.86     -0.04     -2.07  0.       -5021.409       6487.237       3516.606    0.000  -0.139   0.381   0.
  2017 352  8 59 30 513 352.374658724      -1.47      0.28     -2.42  0.       -5022.133       6486.748       3515.085    0.000  -0.139   0.381   0.
  2017 352  8 59 31 513 352.374670298      -1.37      1.03     -0.70  0.       -5022.857       6486.258       3513.565    0.000  -0.139   0.381   0.
  2017 352  8 59 32 513 352.374681872      -1.75      0.98     -2.68  0.       -5023.580       6485.767       3512.044    0.000  -0.139   0.381   0.
  2017 352  8 59 33 513 352.374693446      -2.78     -1.23     -3.90  0.       -5024.303       6485.277       3510.523    0.000  -0.139   0.381   0.
  2017 352  8 59 34 513 352.374705020      -1.70     -2.01     -1.54  0.       -5025.026       6484.786       3509.002    0.000  -0.139   0.381   0.
  2017 352  8 59 35 513 352.374716594      -1.00      0.25     -0.43  0.       -5025.749       6484.294       3507.480    0.000  -0.139   0.381   0.
  2017 352  8 59 36 513 352.374728165      -2.40      1.24     -0.33  0.       -5026.471       6483.802       3505.959    0.000  -0.139   0.381   0.
  2017 352  8 59 37 513 352.374739740      -1.56      1.21     -0.58  0.       -5027.193       6483.310       3504.437    0.000  -0.139   0.381   0.
  2017 352  8 59 38 513 352.374751314      -3.14     -1.56     -2.07  0.       -5027.914       6482.817       3502.915    0.000  -0.139   0.381   0.
  2017 352  8 59 39 513 352.374762888      -3.61     -2.97     -1.05  0.       -5028.636       6482.324       3501.393    0.000  -0.139   0.381   0.
  2017 352  8 59 40 513 352.374774462      -2.13     -1.64      1.19  0.       -5029.357       6481.831       3499.870    0.000  -0.139   0.381   0.
  2017 352  8 59 41 513 352.374786036      -0.56      0.39      0.11  0.       -5030.077       6481.337       3498.348    0.000  -0.139   0.381   0.
  2017 352  8 59 42 513 352.374797610      -1.20      1.79     -0.33  0.       -5030.798       6480.843       3496.825    0.000  -0.139   0.381   0.
  2017 352  8 59 43 513 352.374809184      -0.77      1.68     -2.07  0.       -5031.518       6480.349       3495.302    0.000  -0.139   0.381   0.
  2017 352  8 59 44 513 352.374820758      -1.40      0.57     -2.36  0.       -5032.238       6479.854       3493.779    0.000  -0.139   0.381   0.
  2017 352  8 59 45 513 352.374832332      -0.94      0.33     -2.22  0.       -5032.957       6479.358       3492.255    0.000  -0.139   0.381   0.
  2017 352  8 59 46 513 352.374843906      -0.82     -0.36     -1.96  0.       -5033.676       6478.863       3490.731    0.000  -0.139   0.381   0.
  2017 352  8 59 47 513 352.374855480      -0.76     -0.14     -2.52  0.       -5034.395       6478.366       3489.207    0.000  -0.139   0.381   0.
  2017 352  8 59 48 513 352.374867054      -1.35     -0.08     -2.81  0.       -5035.114       6477.870       3487.683    0.000  -0.139   0.381   0.
  2017 352  8 59 49 513 352.374878629      -0.29     -0.36     -1.08  0.       -5035.832       6477.373       3486.159    0.000  -0.139   0.381   0.
  2017 352  8 59 50 513 352.374890203       1.44      0.03     -1.39  0.       -5036.550       6476.875       3484.635    0.000  -0.139   0.381   0.
  2017 352  8 59 51 513 352.374901777       1.39     -0.05     -2.16  0.       -5037.267       6476.378       3483.110    0.000  -0.139   0.381   0.
  2017 352  8 59 52 513 352.374913351       0.85      0.15     -2.89  0.       -5037.985       6475.880       3481.585    0.000  -0.139   0.381   0.
  2017 352  8 59 53 513 352.374924925       0.18     -1.36     -1.52  0.       -5038.702       6475.381       3480.059    0.000  -0.139   0.381   0.
  2017 352  8 59 54 513 352.374936499      -1.89     -0.28     -1.91  0.       -5039.418       6474.882       3478.534    0.000  -0.139   0.381   0.
  2017 352  8 59 55 513 352.374948073      -2.12     -1.32     -1.87  0.       -5040.135       6474.383       3477.009    0.000  -0.139   0.381   0.
  2017 352  8 59 56 513 352.374959647      -0.78     -1.66     -1.20  0.       -5040.851       6473.883       3475.483    0.000  -0.139   0.381   0.
  2017 352  8 59 57 513 352.374971221      -0.01     -1.68     -0.98  0.       -5041.567       6473.383       3473.957    0.000  -0.139   0.381   0.
  2017 352  8 59 58 513 352.374982795       0.14     -0.94     -0.28  0.       -5042.282       6472.883       3472.431    0.000  -0.139   0.381   0.
  2017 352  8 59 59 513 352.374994369      -0.68     -2.56     -1.76  0.       -5042.997       6472.382       3470.904    0.000  -0.139   0.381   0.
  2017 352  9  0  0 513 352.375005943      -0.30     -1.12      4.16  0.       -5043.712       6471.881       3469.378    0.000  -0.139   0.381   0.
  2017 352  9  0  1 513 352.375017517      -0.69      2.55      2.84  0.       -5044.427       6471.379       3467.851    0.000  -0.139   0.381   0.
  2017 352  9  0  2 513 352.375029091       0.12     -0.06     -0.51  0.       -5045.141       6470.877       3466.324    0.000  -0.139   0.381   0.
  2017 352  9  0  3 513 352.375040665      -0.21      0.13     -0.68  0.       -5045.855       6470.375       3464.796    0.000  -0.139   0.381   0.
  2017 352  9  0  4 513 352.375052237      -1.56      1.97     -0.61  0.       -5046.569       6469.872       3463.269    0.000  -0.139   0.381   0.
  2017 352  9  0  5 513 352.375063811      -2.43      1.67      0.14  0.       -5047.282       6469.369       3461.741    0.000  -0.139   0.381   0.
  2017 352  9  0  6 513 352.375075385      -1.51      0.75      0.23  0.       -5047.995       6468.865       3460.213    0.000  -0.139   0.381   0.
  2017 352  9  0  7 513 352.375086959      -0.47     -0.10     -0.37  0.       -5048.708       6468.361       3458.685    0.000  -0.139   0.381   0.
  2017 352  9  0  8 513 352.375098533       0.80     -0.38     -0.63  0.       -5049.420       6467.857       3457.157    0.000  -0.139   0.381   0.
  2017 352  9  0  9 513 352.375110107       1.66     -0.47     -0.95  0.       -5050.133       6467.352       3455.628    0.000  -0.139   0.381   0.
  2017 352  9  0 10 513 352.375121681       1.12      0.40     -0.24  0.       -5050.844       6466.847       3454.100    0.000  -0.139   0.381   0.
  2017 352  9  0 11 513 352.375133255       0.68      1.32     -0.67  0.       -5051.556       6466.341       3452.571    0.000  -0.139   0.381   0.
  2017 352  9  0 12 513 352.375144829       1.28      1.15     -1.21  0.       -5052.267       6465.835       3451.041    0.000  -0.139   0.381   0.
  2017 352  9  0 13 513 352.375156403       2.02     -0.01     -1.49  0.       -5052.978       6465.329       3449.512    0.000  -0.139   0.381   0.
  2017 352  9  0 14 513 352.375167977       1.10     -0.79     -1.91  0.       -5053.689       6464.822       3447.982    0.000  -0.139   0.381   0.
  2017 352  9  0 15 513 352.375179552       1.09     -1.08     -2.22  0.       -5054.399       6464.315       3446.453    0.000  -0.139   0.381   0.
  2017 352  9  0 16 513 352.375191126       1.17      0.17     -1.49  0.       -5055.109       6463.808       3444.923    0.000  -0.139   0.381   0.
  2017 352  9  0 17 513 352.375202700      -0.30     -0.00     -0.06  0.       -5055.819       6463.300       3443.392    0.000  -0.139   0.381   0.
  2017 352  9  0 18 513 352.375214274      -0.05      1.30     -0.71  0.       -5056.528       6462.791       3441.862    0.000  -0.139   0.381   0.
  2017 352  9  0 19 513 352.375225848      -0.96      0.40     -2.46  0.       -5057.237       6462.283       3440.331    0.000  -0.139   0.381   0.
  2017 352  9  0 20 513 352.375237422       0.51      0.72     -1.59  0.       -5057.946       6461.774       3438.801    0.000  -0.139   0.381   0.
  2017 352  9  0 21 513 352.375248996       0.22      1.39     -0.92  0.       -5058.654       6461.264       3437.270    0.000  -0.139   0.381   0.
  2017 352  9  0 22 513 352.375260570      -1.58      0.79     -1.71  0.       -5059.362       6460.754       3435.738    0.000  -0.139   0.381   0.
  2017 352  9  0 23 513 352.375272144      -0.97     -0.65     -2.05  0.       -5060.070       6460.244       3434.207    0.000  -0.139   0.381   0.
  2017 352  9  0 24 513 352.375283718       1.37     -0.86     -1.22  0.       -5060.778       6459.733       3432.675    0.000  -0.139   0.381   0.
  2017 352  9  0 25 513 352.375295292       1.04     -0.74     -0.61  0.       -5061.485       6459.222       3431.143    0.000  -0.139   0.381   0.
  2017 352  9  0 26 513 352.375306866       0.17      1.01      0.13  0.       -5062.192       6458.711       3429.611    0.000  -0.139   0.381   0.
  2017 352  9  0 27 513 352.375318440       0.24      0.61     -1.20  0.       -5062.899       6458.199       3428.079    0.000  -0.139   0.381   0.
  2017 352  9  0 28 513 352.375330014      -0.46      0.02     -0.28  0.       -5063.605       6457.687       3426.546    0.000  -0.139   0.381   0.
  2017 352  9  0 29 513 352.375341589      -1.61      1.11     -0.98  0.       -5064.311       6457.174       3425.014    0.000  -0.139   0.381   0.
  2017 352  9  0 30 513 352.375353163      -0.41      1.25     -1.04  0.       -5065.017       6456.661       3423.481    0.000  -0.139   0.381   0.
  2017 352  9  0 31 513 352.375364737       2.52      1.52     -1.87  0.       -5065.722       6456.148       3421.948    0.000  -0.139   0.381   0.
  2017 352  9  0 32 513 352.375376311       3.19     -0.52     -2.80  0.       -5066.427       6455.634       3420.414    0.000  -0.139   0.381   0.
  2017 352  9  0 33 513 352.375387885       1.60     -0.92     -0.70  0.       -5067.132       6455.120       3418.881    0.000  -0.139   0.381   0.
  2017 352  9  0 34 512 352.375399456      -0.30      0.58      2.29  0.       -5067.836       6454.605       3417.347    0.000  -0.139   0.381   0.
  2017 352  9  0 35 512 352.375411030      -1.91      3.20      0.92  0.       -5068.540       6454.090       3415.813    0.000  -0.139   0.381   0.
  2017 352  9  0 36 512 352.375422604      -0.21      1.62     -0.77  0.       -5069.244       6453.575       3414.279    0.000  -0.139   0.381   0.
  2017 352  9  0 37 512 352.375434178       0.79     -0.30      0.50  0.       -5069.948       6453.059       3412.744    0.000  -0.139   0.381   0.
  2017 352  9  0 38 512 352.375445752      -0.62      0.63      0.90  0.       -5070.651       6452.543       3411.210    0.000  -0.139   0.381   0.
  2017 352  9  0 39 513 352.375457326      -1.48      1.24     -0.00  0.       -5071.354       6452.026       3409.675    0.000  -0.139   0.381   0.
  2017 352  9  0 40 513 352.375468900      -0.26     -0.99      0.12  0.       -5072.056       6451.509       3408.140    0.000  -0.139   0.381   0.
  2017 352  9  0 41 512 352.375480475      -1.34     -0.52     -0.30  0.       -5072.759       6450.992       3406.605    0.000  -0.139   0.381   0.
  2017 352  9  0 42 512 352.375492049      -2.38      0.39      0.03  0.       -5073.461       6450.474       3405.069    0.000  -0.139   0.381   0.
  2017 352  9  0 43 513 352.375503623      -1.03     -0.95     -0.88  0.       -5074.162       6449.956       3403.534    0.000  -0.139   0.381   0.
  2017 352  9  0 44 513 352.375515197       0.43     -0.48     -0.79  0.       -5074.864       6449.437       3401.998    0.000  -0.139   0.381   0.
  2017 352  9  0 45 513 352.375526771       0.38      0.02     -1.51  0.       -5075.565       6448.918       3400.462    0.000  -0.139   0.381   0.
  2017 352  9  0 46 513 352.375538345       0.98      1.31     -1.02  0.       -5076.265       6448.399       3398.926    0.000  -0.139   0.381   0.
  2017 352  9  0 47 513 352.375549919       1.33      0.27     -1.12  0.       -5076.966       6447.880       3397.389    0.000  -0.139   0.381   0.
  2017 352  9  0 48 512 352.375561493       2.06     -0.82     -0.96  0.       -5077.666       6447.359       3395.852    0.000  -0.139   0.381   0.
  2017 352  9  0 49 512 352.375573067       1.64     -0.98     -0.41  0.       -5078.366       6446.839       3394.315    0.000  -0.139   0.381   0.
  2017 352  9  0 50 512 352.375584641       0.51     -0.89     -0.39  0.       -5079.065       6446.318       3392.778    0.000  -0.139   0.381   0.
  2017 352  9  0 51 512 352.375596215      -1.22     -0.71     -0.30  0.       -5079.765       6445.797       3391.241    0.000  -0.139   0.381   0.
  2017 352  9  0 52 513 352.375607789      -2.45     -0.14      1.36  0.       -5080.463       6445.275       3389.704    0.000  -0.139   0.381   0.
  2017 352  9  0 53 513 352.375619363      -2.15      2.86      2.39  0.       -5081.162       6444.753       3388.166    0.000  -0.139   0.381   0.
  2017 352  9  0 54 512 352.375630937      -1.58      3.64      1.07  0.       -5081.860       6444.231       3386.628    0.000  -0.139   0.381   0.
  2017 352  9  0 55 512 352.375642512      -1.78      2.56     -0.85  0.       -5082.558       6443.708       3385.090    0.000  -0.139   0.381   0.
  2017 352  9  0 56 512 352.375654086      -0.54     -2.87     -2.12  0.       -5083.256       6443.184       3383.552    0.000  -0.139   0.381   0.
  2017 352  9  0 57 513 352.375665660      -0.15     -4.38      0.18  0.       -5083.953       6442.661       3382.013    0.000  -0.139   0.381   0.
  2017 352  9  0 58 513 352.375677234      -0.56     -0.35      3.15  0.       -5084.650       6442.137       3380.474    0.000  -0.139   0.381   0.
  2017 352  9  0 59 513 352.375688808      -1.38      2.55      2.42  0.       -5085.347       6441.612       3378.935    0.000  -0.139   0.381   0.
  2017 352  9  1  0 513 352.375700382      -2.06      5.26      1.37  0.       -5086.043       6441.087       3377.396    0.000  -0.139   0.381   0.
  2017 352  9  1  1 512 352.375711956      -4.90      5.47      0.22  0.       -5086.739       6440.562       3375.857    0.000  -0.139   0.381   0.
  2017 352  9  1  2 512 352.375723530      -4.91      1.35      0.34  0.       -5087.435       6440.037       3374.317    0.000  -0.139   0.381   0.
  2017 352  9  1  3 512 352.375735104      -1.85      0.83      1.20  0.       -5088.130       6439.510       3372.777    0.000  -0.139   0.381   0.
  2017 352  9  1  4 512 352.375746676      -1.85     -0.66      0.70  0.       -5088.826       6438.984       3371.237    0.000  -0.139   0.381   0.
  2017 352  9  1  5 512 352.375758249      -2.03     -1.51     -0.09  0.       -5089.520       6438.457       3369.697    0.000  -0.139   0.381   0.
  2017 352  9  1  6 512 352.375769823      -2.29     -1.96      0.06  0.       -5090.215       6437.930       3368.157    0.000  -0.139   0.381   0.
  2017 352  9  1  7 512 352.375781398      -1.11     -1.56      0.14  0.       -5090.909       6437.403       3366.616    0.000  -0.139   0.381   0.
  2017 352  9  1  8 512 352.375792972       0.67      0.29      0.01  0.       -5091.603       6436.874       3365.075    0.000  -0.139   0.381   0.
  2017 352  9  1  9 512 352.375804546       0.80     -0.20      0.14  0.       -5092.297       6436.346       3363.534    0.000  -0.139   0.381   0.
  2017 352  9  1 10 512 352.375816120      -0.28      0.15      1.57  0.       -5092.990       6435.817       3361.993    0.000  -0.139   0.381   0.
  2017 352  9  1 11 512 352.375827694      -1.15      0.97      1.42  0.       -5093.683       6435.288       3360.452    0.000  -0.139   0.381   0.
  2017 352  9  1 12 512 352.375839268      -0.16      0.20     -0.05  0.       -5094.375       6434.758       3358.910    0.000  -0.139   0.381   0.
  2017 352  9  1 13 512 352.375850842       0.07      0.62     -0.39  0.       -5095.068       6434.229       3357.368    0.000  -0.139   0.381   0.
  2017 352  9  1 14 512 352.375862416      -0.37      0.65      0.92  0.       -5095.760       6433.698       3355.826    0.000  -0.139   0.381   0.
  2017 352  9  1 15 512 352.375873990      -1.46      0.19      0.29  0.       -5096.451       6433.167       3354.284    0.000  -0.139   0.381   0.
  2017 352  9  1 16 512 352.375885564      -2.34      0.44     -0.24  0.       -5097.143       6432.636       3352.741    0.000  -0.139   0.381   0.
  2017 352  9  1 17 512 352.375897138      -2.53      0.36      0.05  0.       -5097.834       6432.105       3351.199    0.000  -0.139   0.381   0.
  2017 352  9  1 18 512 352.375908712      -2.35      0.55      0.13  0.       -5098.525       6431.573       3349.656    0.000  -0.139   0.381   0.
  2017 352  9  1 19 512 352.375920286      -2.45      0.90     -0.24  0.       -5099.215       6431.040       3348.113    0.000  -0.139   0.381   0.
  2017 352  9  1 20 512 352.375931861      -2.38      0.92     -0.38  0.       -5099.905       6430.508       3346.569    0.000  -0.139   0.381   0.
  2017 352  9  1 21 512 352.375943435      -2.18      1.26     -0.66  0.       -5100.595       6429.975       3345.026    0.000  -0.139   0.381   0.
  2017 352  9  1 22 512 352.375955009      -2.13      2.08     -1.03  0.       -5101.285       6429.441       3343.482    0.000  -0.139   0.381   0.
  2017 352  9  1 23 512 352.375966583      -1.96      2.63     -0.43  0.       -5101.974       6428.907       3341.938    0.000  -0.139   0.381   0.
  2017 352  9  1 24 512 352.375978157      -1.68      1.86     -0.94  0.       -5102.663       6428.373       3340.394    0.000  -0.139   0.381   0.
  2017 352  9  1 25 512 352.375989731      -1.49      1.52     -0.31  0.       -5103.351       6427.838       3338.850    0.000  -0.139   0.381   0.
  2017 352  9  1 26 512 352.376001305      -2.63      2.35      0.41  0.       -5104.039       6427.303       3337.305    0.000  -0.139   0.381   0.
  2017 352  9  1 27 512 352.376012879      -2.10      2.47     -0.33  0.       -5104.727       6426.767       3335.761    0.000  -0.139   0.381   0.
  2017 352  9  1 28 512 352.376024453      -1.85      1.18     -0.45  0.       -5105.415       6426.231       3334.216    0.000  -0.139   0.381   0.
  2017 352  9  1 29 512 352.376036027      -1.80      1.31     -0.17  0.       -5106.102       6425.695       3332.671    0.000  -0.139   0.381   0.
  2017 352  9  1 30 512 352.376047601      -2.10      2.76     -1.46  0.       -5106.789       6425.159       3331.125    0.000  -0.139   0.381   0.
  2017 352  9  1 31 512 352.376059175      -2.11      2.83     -2.60  0.       -5107.476       6424.621       3329.580    0.000  -0.139   0.381   0.
  2017 352  9  1 32 512 352.376070746      -0.01     -0.76     -2.82  0.       -5108.162       6424.084       3328.034    0.000  -0.139   0.381   0.
  2017 352  9  1 33 512 352.376082321       1.59     -3.84     -1.93  0.       -5108.848       6423.546       3326.488    0.000  -0.139   0.381   0.
  2017 352  9  1 34 512 352.376093895       1.06     -3.60     -1.05  0.       -5109.534       6423.008       3324.942    0.000  -0.139   0.381   0.
  2017 352  9  1 35 512 352.376105469      -1.40     -3.12      2.25  0.       -5110.219       6422.469       3323.395    0.000  -0.139   0.381   0.
  2017 352  9  1 36 512 352.376117043      -4.45     -1.28      4.17  0.       -5110.905       6421.930       3321.849    0.000  -0.139   0.381   0.
  2017 352  9  1 37 512 352.376128617      -4.50      0.60      3.51  0.       -5111.589       6421.391       3320.302    0.000  -0.139   0.381   0.
  2017 352  9  1 38 512 352.376140191      -4.65      1.08      2.78  0.       -5112.274       6420.851       3318.755    0.000  -0.139   0.381   0.
  2017 352  9  1 39 512 352.376151765      -5.08      1.07      2.01  0.       -5112.958       6420.310       3317.208    0.000  -0.139   0.381   0.
  2017 352  9  1 40 512 352.376163339      -5.30      1.52      1.36  0.       -5113.642       6419.770       3315.660    0.000  -0.139   0.381   0.
  2017 352  9  1 41 512 352.376174913      -4.87      1.91      1.49  0.       -5114.325       6419.229       3314.113    0.000  -0.139   0.381   0.
  2017 352  9  1 42 512 352.376186487      -4.13      2.35      1.67  0.       -5115.009       6418.687       3312.565    0.000  -0.139   0.381   0.
  2017 352  9  1 43 512 352.376198061      -3.05      2.83      2.51  0.       -5115.691       6418.145       3311.017    0.000  -0.139   0.381   0.
  2017 352  9  1 44 512 352.376209635      -2.70      2.63      2.92  0.       -5116.374       6417.603       3309.469    0.000  -0.139   0.381   0.
  2017 352  9  1 45 512 352.376221210      -2.42      1.56      3.39  0.       -5117.056       6417.061       3307.920    0.000  -0.139   0.381   0.
  2017 352  9  1 46 512 352.376232784      -2.03      1.72      3.77  0.       -5117.738       6416.518       3306.372    0.000  -0.139   0.381   0.
  2017 352  9  1 47 512 352.376244358      -2.18      2.11      2.42  0.       -5118.420       6415.974       3304.823    0.000  -0.139   0.381   0.
  2017 352  9  1 48 512 352.376255932      -2.70      1.35      1.54  0.       -5119.101       6415.431       3303.274    0.000  -0.139   0.381   0.
  2017 352  9  1 49 512 352.376267506      -2.10      1.68      0.60  0.       -5119.782       6414.886       3301.725    0.000  -0.139   0.381   0.
  2017 352  9  1 50 512 352.376279080      -1.28      0.71      0.13  0.       -5120.463       6414.342       3300.175    0.000  -0.139   0.381   0.
  2017 352  9  1 51 512 352.376290654      -0.86     -0.14     -0.07  0.       -5121.143       6413.796       3298.625    0.000  -0.139   0.381   0.
  2017 352  9  1 52 512 352.376302228      -0.99     -0.32      0.55  0.       -5121.823       6413.251       3297.076    0.000  -0.139   0.381   0.
  2017 352  9  1 53 512 352.376313802      -0.22      1.49      0.37  0.       -5122.503       6412.705       3295.526    0.000  -0.139   0.381   0.
  2017 352  9  1 54 512 352.376325376       0.51      2.59     -0.43  0.       -5123.182       6412.159       3293.975    0.000  -0.139   0.381   0.
  2017 352  9  1 55 512 352.376336950       0.62      0.21     -3.42  0.       -5123.861       6411.612       3292.425    0.000  -0.139   0.381   0.
  2017 352  9  1 56 512 352.376348524       0.28     -1.37     -3.16  0.       -5124.540       6411.065       3290.874    0.000  -0.139   0.381   0.
  2017 352  9  1 57 512 352.376360098       0.02      0.41     -1.29  0.       -5125.219       6410.518       3289.323    0.000  -0.139   0.381   0.
  2017 352  9  1 58 512 352.376371672      -0.68     -0.66     -1.14  0.       -5125.897       6409.970       3287.772    0.000  -0.139   0.381   0.
  2017 352  9  1 59 512 352.376383246      -0.65      0.32     -0.08  0.       -5126.575       6409.422       3286.221    0.000  -0.139   0.381   0.
  2017 352  9  2  0 512 352.376394821       0.25      1.06     -0.54  0.       -5127.252       6408.873       3284.669    0.000  -0.139   0.381   0.
  2017 352  9  2  1 512 352.376406395       1.32      0.40     -0.65  0.       -5127.929       6408.324       3283.118    0.000  -0.139   0.381   0.
  2017 352  9  2  2 512 352.376417966       1.85      0.57     -1.14  0.       -5128.606       6407.775       3281.566    0.000  -0.139   0.381   0.
  2017 352  9  2  3 512 352.376429540       1.99     -0.13     -1.41  0.       -5129.283       6407.225       3280.014    0.000  -0.139   0.381   0.
  2017 352  9  2  4 512 352.376441114       1.39     -0.57     -1.32  0.       -5129.959       6406.675       3278.462    0.000  -0.139   0.381   0.
  2017 352  9  2  5 512 352.376452688       1.35      0.59     -1.14  0.       -5130.635       6406.124       3276.909    0.000  -0.139   0.381   0.
  2017 352  9  2  6 512 352.376464262       1.89      1.63     -1.32  0.       -5131.311       6405.574       3275.356    0.000  -0.139   0.381   0.
  2017 352  9  2  7 512 352.376475836       2.19      1.93     -1.41  0.       -5131.986       6405.022       3273.803    0.000  -0.139   0.381   0.
  2017 352  9  2  8 512 352.376487410       2.65      1.41     -1.31  0.       -5132.661       6404.470       3272.250    0.000  -0.139   0.381   0.
  2017 352  9  2  9 512 352.376498984       2.94      1.55     -1.66  0.       -5133.335       6403.918       3270.697    0.000  -0.139   0.381   0.
  2017 352  9  2 10 512 352.376510558       0.92      2.55      0.21  0.       -5134.010       6403.366       3269.143    0.000  -0.139   0.381   0.
  2017 352  9  2 11 512 352.376522133       1.47      4.50     -1.22  0.       -5134.684       6402.813       3267.590    0.000  -0.139   0.381   0.
  2017 352  9  2 12 512 352.376533707       1.78      4.43     -2.06  0.       -5135.357       6402.259       3266.036    0.000  -0.139   0.381   0.
  2017 352  9  2 13 512 352.376545281       2.07      3.62     -2.92  0.       -5136.031       6401.706       3264.482    0.000  -0.139   0.381   0.
  2017 352  9  2 14 512 352.376556855       0.71      4.25     -2.28  0.       -5136.704       6401.151       3262.927    0.000  -0.139   0.381   0.
  2017 352  9  2 15 512 352.376568429       1.96      3.66     -4.80  0.       -5137.376       6400.597       3261.373    0.000  -0.139   0.381   0.
  2017 352  9  2 16 512 352.376580003       1.88      0.94     -6.13  0.       -5138.049       6400.042       3259.818    0.000  -0.139   0.381   0.
  2017 352  9  2 17 512 352.376591577      -0.45     -2.43     -4.38  0.       -5138.721       6399.487       3258.263    0.000  -0.139   0.381   0.
  2017 352  9  2 18 512 352.376603151      -1.34     -2.19     -1.93  0.       -5139.392       6398.931       3256.708    0.000  -0.139   0.381   0.
  2017 352  9  2 19 512 352.376614725      -0.12     -1.74     -1.79  0.       -5140.064       6398.375       3255.153    0.000  -0.139   0.381   0.
  2017 352  9  2 20 512 352.376626299       1.32     -3.25      1.50  0.       -5140.735       6397.818       3253.597    0.000  -0.139   0.381   0.
  2017 352  9  2 21 512 352.376637873      -0.64      1.18      1.95  0.       -5141.406       6397.261       3252.041    0.000  -0.139   0.381   0.
  2017 352  9  2 22 512 352.376649447      -1.07      2.38     -0.13  0.       -5142.077       6396.704       3250.485    0.000  -0.139   0.381   0.
  2017 352  9  2 23 512 352.376661021      -0.70      2.90     -0.41  0.       -5142.747       6396.146       3248.929    0.000  -0.139   0.381   0.
  2017 352  9  2 24 512 352.376672595      -1.22      4.12      0.36  0.       -5143.417       6395.588       3247.373    0.000  -0.139   0.381   0.
  2017 352  9  2 25 512 352.376684170      -1.12      4.11      0.24  0.       -5144.086       6395.029       3245.816    0.000  -0.139   0.381   0.
  2017 352  9  2 26 512 352.376695744      -0.27      2.02      1.45  0.       -5144.755       6394.471       3244.260    0.000  -0.139   0.381   0.
  2017 352  9  2 27 512 352.376707318       0.06      0.59      1.52  0.       -5145.424       6393.911       3242.703    0.000  -0.139   0.381   0.
  2017 352  9  2 28 512 352.376718892       0.26      0.73      1.20  0.       -5146.093       6393.351       3241.145    0.000  -0.139   0.381   0.
  2017 352  9  2 29 512 352.376730466       0.19      1.17     -1.50  0.       -5146.761       6392.791       3239.588    0.000  -0.139   0.381   0.
  2017 352  9  2 30 512 352.376742040       0.39      1.85      0.71  0.       -5147.429       6392.231       3238.031    0.000  -0.139   0.381   0.
  2017 352  9  2 31 512 352.376753614       0.70      1.61      0.26  0.       -5148.097       6391.670       3236.473    0.000  -0.139   0.381   0.
  2017 352  9  2 32 512 352.376765188       1.10      0.97     -1.29  0.       -5148.764       6391.108       3234.915    0.000  -0.139   0.381   0.
  2017 352  9  2 33 512 352.376776762       1.17      2.04     -1.25  0.       -5149.431       6390.547       3233.357    0.000  -0.139   0.381   0.
  2017 352  9  2 34 511 352.376788333       0.80      1.24     -1.67  0.       -5150.097       6389.985       3231.798    0.000  -0.139   0.381   0.
  2017 352  9  2 35 512 352.376799907      -0.51     -1.36     -2.70  0.       -5150.764       6389.422       3230.240    0.000  -0.139   0.381   0.
  2017 352  9  2 36 512 352.376811481      -1.27     -0.36      0.19  0.       -5151.430       6388.859       3228.681    0.000  -0.139   0.381   0.
  2017 352  9  2 37 511 352.376823056       0.81      3.37     -1.05  0.       -5152.096       6388.296       3227.122    0.000  -0.139   0.381   0.
  2017 352  9  2 38 511 352.376834630       1.29      4.21     -1.74  0.       -5152.761       6387.732       3225.563    0.000  -0.139   0.381   0.
  2017 352  9  2 39 512 352.376846204       3.15      2.31     -1.99  0.       -5153.426       6387.168       3224.003    0.000  -0.139   0.381   0.
  2017 352  9  2 40 512 352.376857778       1.73     -0.92     -2.75  0.       -5154.091       6386.604       3222.444    0.000  -0.139   0.381   0.
  2017 352  9  2 41 512 352.376869352      -0.15     -1.40     -1.03  0.       -5154.755       6386.039       3220.884    0.000  -0.139   0.381   0.
  2017 352  9  2 42 512 352.376880926      -0.22     -0.68     -1.30  0.       -5155.419       6385.473       3219.324    0.000  -0.139   0.381   0.
  2017 352  9  2 43 511 352.376892500       0.50      2.30     -1.39  0.       -5156.083       6384.908       3217.764    0.000  -0.139   0.381   0.
  2017 352  9  2 44 511 352.376904074      -0.27      2.15     -3.17  0.       -5156.746       6384.342       3216.203    0.000  -0.139   0.381   0.
  2017 352  9  2 45 511 352.376915648      -0.48      0.65     -2.60  0.       -5157.409       6383.775       3214.643    0.000  -0.139   0.381   0.
  2017 352  9  2 46 511 352.376927222       0.36      0.07     -1.54  0.       -5158.072       6383.208       3213.082    0.000  -0.139   0.381   0.
  2017 352  9  2 47 511 352.376938796      -0.40      0.35     -1.15  0.       -5158.735       6382.641       3211.521    0.000  -0.139   0.381   0.
  2017 352  9  2 48 512 352.376950370      -0.58     -0.11     -0.99  0.       -5159.397       6382.073       3209.960    0.000  -0.139   0.381   0.
  2017 352  9  2 49 512 352.376961944      -0.40     -0.45     -0.90  0.       -5160.059       6381.505       3208.398    0.000  -0.139   0.381   0.
  2017 352  9  2 50 511 352.376973518      -0.00      0.22     -1.37  0.       -5160.720       6380.936       3206.837    0.000  -0.139   0.381   0.
  2017 352  9  2 51 511 352.376985093       0.61     -1.54     -1.84  0.       -5161.381       6380.368       3205.275    0.000  -0.139   0.381   0.
  2017 352  9  2 52 512 352.376996667       2.14     -1.84      0.44  0.       -5162.042       6379.798       3203.713    0.000  -0.139   0.381   0.
  2017 352  9  2 53 512 352.377008241       0.41      1.30      1.29  0.       -5162.703       6379.229       3202.151    0.000  -0.139   0.381   0.
  2017 352  9  2 54 512 352.377019815      -0.69      3.21      1.22  0.       -5163.363       6378.658       3200.588    0.000  -0.139   0.381   0.
  2017 352  9  2 55 512 352.377031389      -1.01      3.63     -0.13  0.       -5164.023       6378.088       3199.026    0.000  -0.139   0.381   0.
  2017 352  9  2 56 512 352.377042963      -1.42      2.78     -1.25  0.       -5164.682       6377.517       3197.463    0.000  -0.139   0.381   0.
  2017 352  9  2 57 511 352.377054537      -2.46      0.16     -1.58  0.       -5165.341       6376.946       3195.900    0.000  -0.139   0.381   0.
  2017 352  9  2 58 511 352.377066111      -2.28     -1.88     -1.05  0.       -5166.000       6376.374       3194.337    0.000  -0.139   0.381   0.
  2017 352  9  2 59 511 352.377077685      -0.79     -2.38     -0.33  0.       -5166.659       6375.802       3192.773    0.000  -0.139   0.381   0.
  2017 352  9  3  0 511 352.377089259      -1.32     -2.26      0.94  0.       -5167.317       6375.229       3191.210    0.000  -0.139   0.381   0.
  2017 352  9  3  1 511 352.377100833      -1.12     -0.69      1.65  0.       -5167.975       6374.656       3189.646    0.000  -0.139   0.381   0.
  2017 352  9  3  2 512 352.377112405      -1.23      2.30      0.06  0.       -5168.633       6374.083       3188.082    0.000  -0.139   0.381   0.
  2017 352  9  3  3 511 352.377123979      -1.26      2.19     -0.15  0.       -5169.290       6373.509       3186.518    0.000  -0.139   0.381   0.
  2017 352  9  3  4 511 352.377135553      -0.61      2.31     -1.23  0.       -5169.947       6372.935       3184.953    0.000  -0.139   0.381   0.
  2017 352  9  3  5 511 352.377147127      -0.92      2.05     -1.13  0.       -5170.603       6372.361       3183.389    0.000  -0.139   0.381   0.
  2017 352  9  3  6 511 352.377158701      -0.62      1.48     -0.23  0.       -5171.260       6371.786       3181.824    0.000  -0.139   0.381   0.
  2017 352  9  3  7 511 352.377170275      -0.63      1.34     -0.37  0.       -5171.916       6371.211       3180.259    0.000  -0.139   0.381   0.
  2017 352  9  3  8 511 352.377181849      -0.07      0.57     -1.29  0.       -5172.571       6370.635       3178.694    0.000  -0.139   0.381   0.
  2017 352  9  3  9 511 352.377193423       0.20     -0.03     -0.84  0.       -5173.227       6370.059       3177.128    0.000  -0.139   0.381   0.
  2017 352  9  3 10 511 352.377204997       0.13     -0.87     -0.93  0.       -5173.882       6369.482       3175.563    0.000  -0.139   0.381   0.
  2017 352  9  3 11 511 352.377216571      -0.42      0.87      0.07  0.       -5174.536       6368.905       3173.997    0.000  -0.139   0.381   0.
  2017 352  9  3 12 511 352.377228145      -1.71      0.98     -0.76  0.       -5175.191       6368.328       3172.431    0.000  -0.139   0.381   0.
  2017 352  9  3 13 511 352.377239719      -1.84     -0.46     -0.89  0.       -5175.845       6367.750       3170.865    0.000  -0.139   0.381   0.
  2017 352  9  3 14 511 352.377251293      -0.44     -0.32      1.17  0.       -5176.498       6367.172       3169.298    0.000  -0.139   0.381   0.
  2017 352  9  3 15 511 352.377262867      -0.10      1.64      1.32  0.       -5177.152       6366.594       3167.732    0.000  -0.139   0.381   0.
  2017 352  9  3 16 511 352.377274442       0.56      3.03     -0.17  0.       -5177.805       6366.015       3166.165    0.000  -0.139   0.381   0.
  2017 352  9  3 17 511 352.377286016       2.20     -0.06     -2.14  0.       -5178.458       6365.436       3164.598    0.000  -0.139   0.381   0.
  2017 352  9  3 18 511 352.377297590       1.42     -1.71     -0.14  0.       -5179.110       6364.856       3163.031    0.000  -0.139   0.381   0.
  2017 352  9  3 19 511 352.377309164      -0.84      0.33     -0.38  0.       -5179.762       6364.276       3161.463    0.000  -0.139   0.381   0.
  2017 352  9  3 20 511 352.377320738      -0.46      0.17     -0.64  0.       -5180.414       6363.695       3159.896    0.000  -0.139   0.381   0.
  2017 352  9  3 21 511 352.377332312      -0.11      0.45      0.59  0.       -5181.065       6363.114       3158.328    0.000  -0.139   0.381   0.
  2017 352  9  3 22 511 352.377343886      -0.76      1.07     -0.17  0.       -5181.716       6362.533       3156.760    0.000  -0.139   0.381   0.
  2017 352  9  3 23 511 352.377355460      -0.30      2.07     -0.12  0.       -5182.367       6361.951       3155.191    0.000  -0.139   0.381   0.
  2017 352  9  3 24 511 352.377367034      -0.73      2.26     -0.36  0.       -5183.017       6361.369       3153.623    0.000  -0.139   0.381   0.
  2017 352  9  3 25 511 352.377378608      -2.12      1.85     -0.29  0.       -5183.668       6360.787       3152.055    0.000  -0.139   0.381   0.
  2017 352  9  3 26 511 352.377390182      -2.29      1.31     -0.37  0.       -5184.317       6360.204       3150.486    0.000  -0.139   0.381   0.
  2017 352  9  3 27 511 352.377401756      -1.84      0.00     -0.79  0.       -5184.967       6359.620       3148.917    0.000  -0.139   0.381   0.
  2017 352  9  3 28 511 352.377413330      -1.32      0.59     -0.30  0.       -5185.616       6359.037       3147.348    0.000  -0.139   0.381   0.
  2017 352  9  3 29 511 352.377424905      -1.77      2.24     -0.49  0.       -5186.265       6358.453       3145.778    0.000  -0.139   0.381   0.
  2017 352  9  3 30 511 352.377436479      -0.97      2.47     -0.08  0.       -5186.913       6357.868       3144.209    0.000  -0.139   0.381   0.
  2017 352  9  3 31 511 352.377448053      -0.24      1.78     -0.61  0.       -5187.561       6357.283       3142.639    0.000  -0.139   0.381   0.
  2017 352  9  3 32 511 352.377459624      -1.07      2.60     -1.56  0.       -5188.209       6356.698       3141.069    0.000  -0.139   0.381   0.
  2017 352  9  3 33 511 352.377471198      -1.45      1.41     -0.59  0.       -5188.857       6356.112       3139.499    0.000  -0.139   0.381   0.
  2017 352  9  3 34 511 352.377482772      -1.11      1.78     -0.45  0.       -5189.504       6355.526       3137.928    0.000  -0.139   0.381   0.
  2017 352  9  3 35 511 352.377494346      -1.51      2.07     -0.67  0.       -5190.151       6354.940       3136.358    0.000  -0.139   0.381   0.
  2017 352  9  3 36 511 352.377505920      -2.07      1.31     -1.01  0.       -5190.797       6354.352       3134.787    0.000  -0.139   0.381   0.
  2017 352  9  3 37 511 352.377517494      -0.60      1.39     -0.42  0.       -5191.443       6353.765       3133.216    0.000  -0.139   0.381   0.
  2017 352  9  3 38 511 352.377529068       0.32      1.91      0.33  0.       -5192.089       6353.177       3131.645    0.000  -0.139   0.381   0.
  2017 352  9  3 39 511 352.377540642       0.93      1.00      1.17  0.       -5192.735       6352.589       3130.073    0.000  -0.139   0.381   0.
  2017 352  9  3 40 511 352.377552216       0.32      2.00      1.72  0.       -5193.380       6352.001       3128.502    0.000  -0.139   0.381   0.
  2017 352  9  3 41 511 352.377563791      -0.63      2.82      0.96  0.       -5194.025       6351.412       3126.930    0.000  -0.139   0.381   0.
  2017 352  9  3 42 511 352.377575365      -1.16      2.30     -0.11  0.       -5194.669       6350.822       3125.358    0.000  -0.139   0.381   0.
  2017 352  9  3 43 511 352.377586939      -1.41      2.15     -1.28  0.       -5195.314       6350.233       3123.786    0.000  -0.139   0.381   0.
  2017 352  9  3 44 511 352.377598513       0.22      0.76     -1.79  0.       -5195.958       6349.643       3122.214    0.000  -0.139   0.381   0.
  2017 352  9  3 45 511 352.377610087       0.55      1.20     -2.03  0.       -5196.601       6349.052       3120.641    0.000  -0.139   0.381   0.
  2017 352  9  3 46 511 352.377621661      -0.83      1.68     -1.49  0.       -5197.244       6348.461       3119.068    0.000  -0.139   0.381   0.
  2017 352  9  3 47 511 352.377633235      -1.53      1.97     -0.78  0.       -5197.887       6347.870       3117.495    0.000  -0.139   0.381   0.
  2017 352  9  3 48 511 352.377644809      -1.70      2.69     -0.64  0.       -5198.530       6347.278       3115.922    0.000  -0.139   0.381   0.
  2017 352  9  3 49 511 352.377656383      -2.17      1.73     -1.55  0.       -5199.172       6346.686       3114.349    0.000  -0.139   0.381   0.
  2017 352  9  3 50 511 352.377667957      -1.93      0.29     -2.11  0.       -5199.814       6346.093       3112.775    0.000  -0.139   0.381   0.
  2017 352  9  3 51 511 352.377679531      -0.49     -1.34     -1.71  0.       -5200.456       6345.500       3111.202    0.000  -0.139   0.381   0.
  2017 352  9  3 52 511 352.377691105       1.06     -1.92     -0.29  0.       -5201.097       6344.907       3109.628    0.000  -0.139   0.381   0.
  2017 352  9  3 53 511 352.377702679       1.34     -2.53      1.07  0.       -5201.738       6344.313       3108.053    0.000  -0.139   0.381   0.
  2017 352  9  3 54 511 352.377714254       1.46     -2.20      1.56  0.       -5202.378       6343.719       3106.479    0.000  -0.139   0.381   0.
  2017 352  9  3 55 511 352.377725828       2.57     -0.43      1.94  0.       -5203.019       6343.124       3104.905    0.000  -0.139   0.381   0.
  2017 352  9  3 56 511 352.377737402       1.45      1.66      0.57  0.       -5203.659       6342.530       3103.330    0.000  -0.139   0.381   0.
  2017 352  9  3 57 511 352.377748976       1.17      2.32      0.17  0.       -5204.298       6341.934       3101.755    0.000  -0.139   0.381   0.
  2017 352  9  3 58 511 352.377760550       0.63      0.50     -0.01  0.       -5204.937       6341.338       3100.180    0.000  -0.139   0.381   0.
  2017 352  9  3 59 511 352.377772124       1.05      1.20     -0.11  0.       -5205.576       6340.742       3098.605    0.000  -0.139   0.381   0.
  2017 352  9  4  0 511 352.377783698      -0.13      1.21      0.06  0.       -5206.215       6340.146       3097.029    0.000  -0.139   0.381   0.
  2017 352  9  4  1 511 352.377795272      -0.86      1.37     -0.08  0.       -5206.853       6339.549       3095.453    0.000  -0.139   0.381   0.
  2017 352  9  4  2 511 352.377806843      -1.41      1.39     -0.53  0.       -5207.491       6338.951       3093.878    0.000  -0.139   0.381   0.
  2017 352  9  4  3 511 352.377818417      -2.31      1.51     -0.71  0.       -5208.129       6338.353       3092.301    0.000  -0.139   0.381   0.
  2017 352  9  4  4 511 352.377829991      -2.50      1.35     -0.63  0.       -5208.766       6337.755       3090.725    0.000  -0.139   0.381   0.
  2017 352  9  4  5 511 352.377841565      -1.95      0.81     -0.25  0.       -5209.403       6337.157       3089.148    0.000  -0.139   0.381   0.
  2017 352  9  4  6 511 352.377853139      -1.49      1.49      0.14  0.       -5210.040       6336.558       3087.572    0.000  -0.139   0.381   0.
  2017 352  9  4  7 511 352.377864714      -0.50      1.79     -0.40  0.       -5210.676       6335.958       3085.995    0.000  -0.139   0.381   0.
  2017 352  9  4  8 511 352.377876288      -0.53      2.10      0.21  0.       -5211.312       6335.359       3084.418    0.000  -0.139   0.381   0.
  2017 352  9  4  9 511 352.377887862      -0.33      2.29      0.84  0.       -5211.948       6334.758       3082.840    0.000  -0.139   0.381   0.
  2017 352  9  4 10 511 352.377899436       0.35      2.60      0.52  0.       -5212.583       6334.158       3081.263    0.000  -0.139   0.381   0.
  2017 352  9  4 11 511 352.377911010       0.36      1.79      0.47  0.       -5213.218       6333.557       3079.685    0.000  -0.139   0.381   0.
  2017 352  9  4 12 511 352.377922584       0.07      0.22     -0.51  0.       -5213.852       6332.955       3078.107    0.000  -0.139   0.381   0.
  2017 352  9  4 13 511 352.377934158      -0.12     -0.45     -0.18  0.       -5214.487       6332.353       3076.529    0.000  -0.139   0.381   0.
  2017 352  9  4 14 511 352.377945732       0.64     -0.17      0.24  0.       -5215.121       6331.751       3074.951    0.000  -0.139   0.381   0.
  2017 352  9  4 15 511 352.377957306       1.82      0.51     -0.58  0.       -5215.754       6331.148       3073.373    0.000  -0.139   0.381   0.
  2017 352  9  4 16 511 352.377968880       2.20     -0.34     -1.38  0.       -5216.388       6330.545       3071.794    0.000  -0.139   0.381   0.
  2017 352  9  4 17 511 352.377980454       0.31     -1.54     -0.65  0.       -5217.021       6329.942       3070.215    0.000  -0.139   0.381   0.
  2017 352  9  4 18 511 352.377992028      -0.45     -1.26     -1.08  0.       -5217.653       6329.338       3068.636    0.000  -0.139   0.381   0.
  2017 352  9  4 19 511 352.378003602      -1.79     -1.48     -1.88  0.       -5218.285       6328.734       3067.057    0.000  -0.139   0.381   0.
  2017 352  9  4 20 511 352.378015177      -2.36     -0.54     -1.40  0.       -5218.917       6328.129       3065.477    0.000  -0.139   0.381   0.
  2017 352  9  4 21 511 352.378026751      -0.87      1.33     -1.00  0.       -5219.549       6327.524       3063.898    0.000  -0.139   0.381   0.
  2017 352  9  4 22 511 352.378038325       0.41      0.71     -1.49  0.       -5220.180       6326.919       3062.318    0.000  -0.139   0.381   0.
  2017 352  9  4 23 511 352.378049899       1.46      0.79     -0.95  0.       -5220.811       6326.313       3060.738    0.000  -0.139   0.381   0.
  2017 352  9  4 24 511 352.378061473       0.94      0.26     -1.61  0.       -5221.442       6325.707       3059.158    0.000  -0.139   0.381   0.
  2017 352  9  4 25 511 352.378073047       0.39      0.83     -2.57  0.       -5222.072       6325.100       3057.577    0.000  -0.139   0.381   0.
  2017 352  9  4 26 511 352.378084621       0.33      0.09     -1.74  0.       -5222.702       6324.493       3055.997    0.000  -0.139   0.381   0.
  2017 352  9  4 27 511 352.378096195       0.47      1.66      0.01  0.       -5223.332       6323.885       3054.416    0.000  -0.139   0.381   0.
  2017 352  9  4 28 511 352.378107769       0.28      1.18     -4.85  0.       -5223.961       6323.278       3052.835    0.000  -0.139   0.381   0.
  2017 352  9  4 29 511 352.378119343      -0.11     -0.65     -5.03  0.       -5224.590       6322.670       3051.254    0.000  -0.139   0.381   0.
  2017 352  9  4 30 511 352.378130914       0.87      0.33     -4.66  0.       -5225.219       6322.061       3049.672    0.000  -0.139   0.381   0.
  2017 352  9  4 31 511 352.378142488       2.41     -0.42     -4.03  0.       -5225.847       6321.452       3048.091    0.000  -0.139   0.381   0.
  2017 352  9  4 32 511 352.378154063       3.00     -1.51     -3.98  0.       -5226.475       6320.842       3046.509    0.000  -0.139   0.381   0.
  2017 352  9  4 33 510 352.378165637       2.50     -1.80     -3.30  0.       -5227.103       6320.232       3044.927    0.000  -0.139   0.381   0.
  2017 352  9  4 34 511 352.378177211       2.33     -1.59     -2.12  0.       -5227.730       6319.622       3043.345    0.000  -0.139   0.381   0.
  2017 352  9  4 35 511 352.378188785       2.12     -1.34     -3.01  0.       -5228.357       6319.011       3041.762    0.000  -0.139   0.381   0.
  2017 352  9  4 36 511 352.378200359       1.31     -0.96     -3.03  0.       -5228.984       6318.400       3040.180    0.000  -0.139   0.381   0.
  2017 352  9  4 37 511 352.378211933       0.56     -2.51     -1.48  0.       -5229.610       6317.789       3038.597    0.000  -0.139   0.381   0.
  2017 352  9  4 38 511 352.378223507      -0.60      0.01      0.01  0.       -5230.236       6317.177       3037.014    0.000  -0.139   0.381   0.
  2017 352  9  4 39 510 352.378235081      -1.22      0.52     -0.97  0.       -5230.862       6316.564       3035.431    0.000  -0.139   0.381   0.
  2017 352  9  4 40 510 352.378246655      -1.58      0.93     -0.36  0.       -5231.487       6315.952       3033.848    0.000  -0.139   0.381   0.
  2017 352  9  4 41 510 352.378258229      -2.37      0.96      1.46  0.       -5232.112       6315.338       3032.264    0.000  -0.139   0.381   0.
  2017 352  9  4 42 510 352.378269803      -1.76     -0.27      2.25  0.       -5232.736       6314.725       3030.680    0.000  -0.139   0.381   0.
  2017 352  9  4 43 510 352.378281377      -1.17     -0.03      1.98  0.       -5233.361       6314.111       3029.097    0.000  -0.139   0.381   0.
  2017 352  9  4 44 511 352.378292951       0.04      0.72      1.30  0.       -5233.985       6313.497       3027.512    0.000  -0.139   0.381   0.
  2017 352  9  4 45 511 352.378304525       0.50      0.68     -0.13  0.       -5234.608       6312.882       3025.928    0.000  -0.139   0.381   0.
  2017 352  9  4 46 510 352.378316100       1.00      1.27      0.28  0.       -5235.232       6312.267       3024.343    0.000  -0.139   0.381   0.
  2017 352  9  4 47 510 352.378327674       1.00      1.79      0.23  0.       -5235.855       6311.651       3022.759    0.000  -0.139   0.381   0.
  2017 352  9  4 48 511 352.378339248       1.04      1.61     -0.75  0.       -5236.477       6311.035       3021.174    0.000  -0.139   0.381   0.
  2017 352  9  4 49 511 352.378350822       0.77     -0.16     -0.22  0.       -5237.100       6310.419       3019.589    0.000  -0.139   0.381   0.
  2017 352  9  4 50 511 352.378362396      -0.43      0.66     -1.62  0.       -5237.721       6309.802       3018.004    0.000  -0.139   0.381   0.
  2017 352  9  4 51 511 352.378373970      -1.73      1.78     -2.61  0.       -5238.343       6309.185       3016.418    0.000  -0.139   0.381   0.
  2017 352  9  4 52 511 352.378385544      -1.70      2.04     -2.33  0.       -5238.964       6308.567       3014.832    0.000  -0.139   0.381   0.
  2017 352  9  4 53 510 352.378397118      -1.97      2.22     -2.51  0.       -5239.585       6307.949       3013.246    0.000  -0.139   0.381   0.
  2017 352  9  4 54 510 352.378408692      -0.38      1.27     -2.63  0.       -5240.206       6307.331       3011.660    0.000  -0.139   0.381   0.
  2017 352  9  4 55 510 352.378420266      -0.46      0.54     -1.49  0.       -5240.826       6306.712       3010.074    0.000  -0.139   0.381   0.
  2017 352  9  4 56 510 352.378431840      -1.32      1.18     -2.14  0.       -5241.446       6306.093       3008.488    0.000  -0.139   0.381   0.
  2017 352  9  4 57 511 352.378443414      -1.38      1.47     -2.35  0.       -5242.066       6305.473       3006.901    0.000  -0.139   0.381   0.
  2017 352  9  4 58 511 352.378454988      -1.03     -0.25     -1.47  0.       -5242.685       6304.853       3005.314    0.000  -0.139   0.381   0.
  2017 352  9  4 59 510 352.378466563      -0.30     -2.19     -0.99  0.       -5243.304       6304.233       3003.727    0.000  -0.139   0.381   0.
  2017 352  9  5  0 510 352.378478134       0.82     -2.20      0.77  0.       -5243.922       6303.612       3002.140    0.000  -0.139   0.381   0.
  2017 352  9  5  1 510 352.378489708       1.00     -1.20      0.74  0.       -5244.541       6302.991       3000.553    0.000  -0.139   0.381   0.
  2017 352  9  5  2 510 352.378501282       0.01      0.26      0.96  0.       -5245.159       6302.369       2998.965    0.000  -0.139   0.381   0.
  2017 352  9  5  3 510 352.378512856      -0.30      0.13      0.73  0.       -5245.776       6301.747       2997.377    0.000  -0.139   0.381   0.
  2017 352  9  5  4 510 352.378524430      -1.80      0.63      0.62  0.       -5246.393       6301.125       2995.789    0.000  -0.139   0.381   0.
  2017 352  9  5  5 510 352.378536004      -1.43      0.30      0.09  0.       -5247.010       6300.502       2994.201    0.000  -0.139   0.381   0.
  2017 352  9  5  6 510 352.378547578      -0.58     -0.13     -0.11  0.       -5247.627       6299.879       2992.613    0.000  -0.139   0.381   0.
  2017 352  9  5  7 510 352.378559152      -0.64     -0.26     -0.72  0.       -5248.243       6299.255       2991.024    0.000  -0.139   0.381   0.
  2017 352  9  5  8 510 352.378570726      -1.26      0.50      0.76  0.       -5248.859       6298.631       2989.435    0.000  -0.139   0.381   0.
  2017 352  9  5  9 510 352.378582300       0.52     -0.64      0.18  0.       -5249.474       6298.006       2987.846    0.000  -0.139   0.381   0.
  2017 352  9  5 10 510 352.378593874       0.73     -0.91      0.18  0.       -5250.090       6297.381       2986.257    0.000  -0.139   0.381   0.
  2017 352  9  5 11 510 352.378605448       0.66     -0.69      0.02  0.       -5250.704       6296.756       2984.668    0.000  -0.139   0.381   0.
  2017 352  9  5 12 510 352.378617023       0.85      0.07     -0.07  0.       -5251.319       6296.131       2983.078    0.000  -0.139   0.381   0.
  2017 352  9  5 13 510 352.378628597       0.58     -0.13     -0.04  0.       -5251.933       6295.504       2981.489    0.000  -0.139   0.381   0.
  2017 352  9  5 14 510 352.378640171       1.40      0.16     -0.07  0.       -5252.547       6294.878       2979.899    0.000  -0.139   0.381   0.
  2017 352  9  5 15 510 352.378651745       1.23      0.12     -0.27  0.       -5253.160       6294.251       2978.309    0.000  -0.139   0.381   0.
  2017 352  9  5 16 510 352.378663319       0.39      0.67     -1.58  0.       -5253.774       6293.624       2976.718    0.000  -0.139   0.381   0.
  2017 352  9  5 17 510 352.378674893      -1.61      0.14     -1.29  0.       -5254.386       6292.996       2975.128    0.000  -0.139   0.381   0.
  2017 352  9  5 18 510 352.378686467       0.84      2.76     -1.14  0.       -5254.999       6292.368       2973.537    0.000  -0.139   0.381   0.
  2017 352  9  5 19 510 352.378698041       2.33      4.18     -1.17  0.       -5255.611       6291.739       2971.946    0.000  -0.139   0.381   0.
  2017 352  9  5 20 510 352.378709615       2.34      5.50     -1.07  0.       -5256.223       6291.110       2970.355    0.000  -0.139   0.381   0.
  2017 352  9  5 21 510 352.378721189       1.39      4.39     -0.30  0.       -5256.834       6290.481       2968.764    0.000  -0.139   0.381   0.
  2017 352  9  5 22 510 352.378732763      -0.27      2.21     -1.28  0.       -5257.446       6289.851       2967.172    0.000  -0.139   0.381   0.
  2017 352  9  5 23 510 352.378744337      -1.72      2.16     -2.37  0.       -5258.056       6289.221       2965.581    0.000  -0.139   0.381   0.
  2017 352  9  5 24 510 352.378755911      -1.89      1.70     -1.06  0.       -5258.667       6288.591       2963.989    0.000  -0.139   0.381   0.
  2017 352  9  5 25 510 352.378767486      -1.87      1.38     -0.88  0.       -5259.277       6287.960       2962.397    0.000  -0.139   0.381   0.
  2017 352  9  5 26 510 352.378779060      -2.10      1.83     -0.45  0.       -5259.887       6287.328       2960.805    0.000  -0.139   0.381   0.
  2017 352  9  5 27 510 352.378790634      -0.43      1.14     -0.24  0.       -5260.496       6286.696       2959.212    0.000  -0.139   0.381   0.
  2017 352  9  5 28 510 352.378802208       0.06      0.81     -0.76  0.       -5261.105       6286.064       2957.620    0.000  -0.139   0.381   0.
  2017 352  9  5 29 510 352.378813782      -0.44      0.60     -1.25  0.       -5261.714       6285.432       2956.027    0.000  -0.139   0.381   0.
  2017 352  9  5 30 510 352.378825353      -0.58      2.94     -2.54  0.       -5262.322       6284.799       2954.434    0.000  -0.139   0.381   0.
  2017 352  9  5 31 510 352.378836927       1.05      1.92     -5.19  0.       -5262.931       6284.165       2952.841    0.000  -0.139   0.381   0.
  2017 352  9  5 32 510 352.378848501       0.71     -0.16     -5.92  0.       -5263.538       6283.531       2951.247    0.000  -0.139   0.381   0.
  2017 352  9  5 33 510 352.378860075       0.16     -2.95     -4.94  0.       -5264.145       6282.897       2949.654    0.000  -0.139   0.381   0.
  2017 352  9  5 34 510 352.378871649       1.59     -2.84     -2.06  0.       -5264.752       6282.262       2948.060    0.000  -0.139   0.381   0.
  2017 352  9  5 35 510 352.378883223       0.22     -1.74      0.11  0.       -5265.359       6281.627       2946.466    0.000  -0.139   0.381   0.
  2017 352  9  5 36 510 352.378894797      -1.77      0.54      0.53  0.       -5265.966       6280.992       2944.872    0.000  -0.139   0.381   0.
  2017 352  9  5 37 510 352.378906371      -2.09      1.75     -1.93  0.       -5266.572       6280.356       2943.278    0.000  -0.139   0.381   0.
  2017 352  9  5 38 510 352.378917946      -1.48      0.40     -2.83  0.       -5267.177       6279.720       2941.683    0.000  -0.139   0.381   0.
  2017 352  9  5 39 510 352.378929520      -0.96     -1.27     -1.97  0.       -5267.783       6279.083       2940.088    0.000  -0.139   0.381   0.
  2017 352  9  5 40 510 352.378941094      -0.96     -3.64     -0.81  0.       -5268.388       6278.446       2938.494    0.000  -0.139   0.381   0.
  2017 352  9  5 41 510 352.378952668       0.24     -3.78      0.75  0.       -5268.992       6277.809       2936.898    0.000  -0.139   0.381   0.
  2017 352  9  5 42 510 352.378964242      -0.70     -1.80      2.30  0.       -5269.597       6277.171       2935.303    0.000  -0.139   0.381   0.
  2017 352  9  5 43 510 352.378975816      -1.27     -0.06      1.50  0.       -5270.201       6276.532       2933.708    0.000  -0.139   0.381   0.
  2017 352  9  5 44 510 352.378987390      -1.27      0.05     -0.14  0.       -5270.804       6275.894       2932.112    0.000  -0.139   0.381   0.
  2017 352  9  5 45 510 352.378998964      -1.53      0.43     -0.90  0.       -5271.407       6275.255       2930.516    0.000  -0.139   0.381   0.
  2017 352  9  5 46 510 352.379010538       1.07     -0.10     -1.87  0.       -5272.010       6274.615       2928.920    0.000  -0.139   0.381   0.
  2017 352  9  5 47 510 352.379022112       1.84     -1.03     -1.56  0.       -5272.613       6273.975       2927.324    0.000  -0.139   0.381   0.
  2017 352  9  5 48 510 352.379033686       1.72     -1.45     -0.35  0.       -5273.215       6273.335       2925.728    0.000  -0.139   0.381   0.
  2017 352  9  5 49 510 352.379045260       0.76     -0.41      0.17  0.       -5273.817       6272.694       2924.131    0.000  -0.139   0.381   0.
  2017 352  9  5 50 510 352.379056835      -0.35      0.24     -0.73  0.       -5274.419       6272.053       2922.534    0.000  -0.139   0.381   0.
  2017 352  9  5 51 510 352.379068409       0.90     -0.36     -2.67  0.       -5275.020       6271.411       2920.937    0.000  -0.139   0.381   0.
  2017 352  9  5 52 510 352.379079983       2.52     -1.36     -2.54  0.       -5275.621       6270.769       2919.340    0.000  -0.139   0.381   0.
  2017 352  9  5 53 510 352.379091557       2.54     -1.75     -1.36  0.       -5276.221       6270.127       2917.743    0.000  -0.139   0.381   0.
  2017 352  9  5 54 510 352.379103131       1.49     -1.43     -0.72  0.       -5276.822       6269.484       2916.145    0.000  -0.139   0.381   0.
  2017 352  9  5 55 510 352.379114705       1.17     -1.18     -0.74  0.       -5277.421       6268.841       2914.547    0.000  -0.139   0.381   0.
  2017 352  9  5 56 510 352.379126279       0.91     -1.07     -1.55  0.       -5278.021       6268.197       2912.949    0.000  -0.139   0.381   0.
  2017 352  9  5 57 510 352.379137853      -0.43     -1.58     -1.57  0.       -5278.620       6267.553       2911.351    0.000  -0.139   0.381   0.
  2017 352  9  5 58 510 352.379149424      -0.20     -2.33     -0.59  0.       -5279.219       6266.909       2909.753    0.000  -0.139   0.381   0.
  2017 352  9  5 59 510 352.379160998      -1.24     -1.32      0.90  0.       -5279.817       6266.264       2908.154    0.000  -0.139   0.381   0.
  2017 352  9  6  0 510 352.379172572      -2.41      0.50      0.60  0.       -5280.416       6265.619       2906.556    0.000  -0.139   0.381   0.
  2017 352  9  6  1 510 352.379184146      -3.02      0.32      0.30  0.       -5281.013       6264.973       2904.957    0.000  -0.139   0.381   0.
  2017 352  9  6  2 510 352.379195721      -3.19      0.61      0.03  0.       -5281.611       6264.327       2903.358    0.000  -0.139   0.381   0.
  2017 352  9  6  3 510 352.379207295      -3.36      0.54     -0.00  0.       -5282.208       6263.681       2901.758    0.000  -0.139   0.381   0.
  2017 352  9  6  4 510 352.379218869      -2.43     -0.13      0.05  0.       -5282.805       6263.034       2900.159    0.000  -0.139   0.381   0.
  2017 352  9  6  5 510 352.379230443      -0.48     -0.75      0.43  0.       -5283.401       6262.387       2898.559    0.000  -0.139   0.381   0.
  2017 352  9  6  6 510 352.379242017       0.46     -0.05     -0.24  0.       -5283.997       6261.739       2896.960    0.000  -0.139   0.381   0.
  2017 352  9  6  7 510 352.379253591      -0.47      0.68     -0.53  0.       -5284.593       6261.091       2895.359    0.000  -0.139   0.381   0.
  2017 352  9  6  8 510 352.379265165      -0.30      0.68      0.70  0.       -5285.188       6260.442       2893.759    0.000  -0.139   0.381   0.
  2017 352  9  6  9 510 352.379276739      -0.42      1.39     -0.15  0.       -5285.783       6259.793       2892.159    0.000  -0.139   0.381   0.
  2017 352  9  6 10 510 352.379288313      -0.67      2.30     -0.49  0.       -5286.378       6259.144       2890.558    0.000  -0.139   0.381   0.
  2017 352  9  6 11 510 352.379299887      -0.39      1.93     -2.16  0.       -5286.972       6258.494       2888.958    0.000  -0.139   0.381   0.
  2017 352  9  6 12 510 352.379311461      -0.70      0.69     -1.82  0.       -5287.566       6257.844       2887.357    0.000  -0.139   0.381   0.
  2017 352  9  6 13 510 352.379323035      -1.06     -0.47     -0.83  0.       -5288.160       6257.194       2885.755    0.000  -0.139   0.381   0.
  2017 352  9  6 14 510 352.379334609      -1.05      0.43      0.59  0.       -5288.753       6256.543       2884.154    0.000  -0.139   0.381   0.
  2017 352  9  6 15 510 352.379346183      -1.33      2.06      1.06  0.       -5289.346       6255.891       2882.552    0.000  -0.139   0.381   0.
  2017 352  9  6 16 510 352.379357758      -2.09      2.61      0.45  0.       -5289.939       6255.239       2880.951    0.000  -0.139   0.381   0.
  2017 352  9  6 17 510 352.379369332      -1.91      2.24      0.98  0.       -5290.531       6254.587       2879.349    0.000  -0.139   0.381   0.
  2017 352  9  6 18 510 352.379380906      -0.14      2.56      1.19  0.       -5291.123       6253.935       2877.747    0.000  -0.139   0.381   0.
  2017 352  9  6 19 510 352.379392480       0.59      2.99      0.41  0.       -5291.715       6253.282       2876.144    0.000  -0.139   0.381   0.
  2017 352  9  6 20 510 352.379404054       0.42      3.09     -0.92  0.       -5292.306       6252.628       2874.542    0.000  -0.139   0.381   0.
  2017 352  9  6 21 510 352.379415628       0.30      0.64     -0.44  0.       -5292.897       6251.975       2872.939    0.000  -0.139   0.381   0.
  2017 352  9  6 22 510 352.379427202      -0.04     -0.35      2.06  0.       -5293.487       6251.320       2871.337    0.000  -0.139   0.381   0.
  2017 352  9  6 23 510 352.379438776       0.05      2.09      0.53  0.       -5294.078       6250.666       2869.733    0.000  -0.139   0.381   0.
  2017 352  9  6 24 510 352.379450350      -0.38      3.62     -0.91  0.       -5294.667       6250.011       2868.130    0.000  -0.139   0.381   0.
  2017 352  9  6 25 510 352.379461924      -0.27      1.63     -2.89  0.       -5295.257       6249.355       2866.527    0.000  -0.139   0.381   0.
  2017 352  9  6 26 510 352.379473498       0.44     -0.32     -1.40  0.       -5295.846       6248.699       2864.923    0.000  -0.139   0.381   0.
  2017 352  9  6 27 510 352.379485072       0.03      0.03     -0.08  0.       -5296.435       6248.043       2863.319    0.000  -0.139   0.381   0.
  2017 352  9  6 28 510 352.379496646       0.25      1.18      0.60  0.       -5297.023       6247.386       2861.715    0.000  -0.139   0.381   0.
  2017 352  9  6 29 510 352.379508221      -2.94      2.04     -3.26  0.       -5297.611       6246.729       2860.111    0.000  -0.139   0.381   0.
  2017 352  9  6 30 510 352.379519792      -2.63      0.36     -4.05  0.       -5298.199       6246.072       2858.507    0.000  -0.139   0.381   0.
  2017 352  9  6 31 510 352.379531366      -0.81     -1.11     -0.69  0.       -5298.787       6245.414       2856.902    0.000  -0.139   0.381   0.
  2017 352  9  6 32 510 352.379542940      -1.98     -0.09     -1.32  0.       -5299.374       6244.755       2855.298    0.000  -0.139   0.381   0.
  2017 352  9  6 33 510 352.379554514      -2.06     -1.97     -1.83  0.       -5299.960       6244.097       2853.693    0.000  -0.139   0.381   0.
  2017 352  9  6 34 510 352.379566088      -0.27     -0.33      0.98  0.       -5300.547       6243.438       2852.088    0.000  -0.139   0.381   0.
  2017 352  9  6 35 509 352.379577662      -1.27      1.91      1.34  0.       -5301.133       6242.778       2850.482    0.000  -0.139   0.381   0.
  2017 352  9  6 36 509 352.379589236      -1.98      1.76      1.78  0.       -5301.718       6242.118       2848.877    0.000  -0.139   0.381   0.
  2017 352  9  6 37 509 352.379600810      -0.39      1.98      2.07  0.       -5302.304       6241.458       2847.271    0.000  -0.139   0.381   0.
  2017 352  9  6 38 509 352.379612384       0.45      2.19      1.02  0.       -5302.889       6240.797       2845.665    0.000  -0.139   0.381   0.
  2017 352  9  6 39 509 352.379623958       1.23      2.17      0.53  0.       -5303.473       6240.136       2844.059    0.000  -0.139   0.381   0.
  2017 352  9  6 40 510 352.379635532       1.65      1.95      0.32  0.       -5304.058       6239.474       2842.453    0.000  -0.139   0.381   0.
  2017 352  9  6 41 510 352.379647106       1.98      1.76     -0.42  0.       -5304.642       6238.812       2840.847    0.000  -0.139   0.381   0.
  2017 352  9  6 42 509 352.379658681       2.20      1.69     -0.74  0.       -5305.225       6238.150       2839.240    0.000  -0.139   0.381   0.
  2017 352  9  6 43 509 352.379670255       3.11      1.83     -0.44  0.       -5305.808       6237.487       2837.633    0.000  -0.139   0.381   0.
  2017 352  9  6 44 510 352.379681829       2.93      1.31     -1.24  0.       -5306.391       6236.824       2836.026    0.000  -0.139   0.381   0.
  2017 352  9  6 45 510 352.379693403       2.23      1.41     -1.00  0.       -5306.974       6236.160       2834.419    0.000  -0.139   0.381   0.
  2017 352  9  6 46 510 352.379704977       1.96     -0.39     -1.90  0.       -5307.556       6235.496       2832.812    0.000  -0.139   0.381   0.
  2017 352  9  6 47 510 352.379716551       1.95     -0.77     -2.45  0.       -5308.138       6234.831       2831.204    0.000  -0.139   0.381   0.
  2017 352  9  6 48 509 352.379728125       2.42      0.10     -1.64  0.       -5308.719       6234.166       2829.597    0.000  -0.139   0.381   0.
  2017 352  9  6 49 509 352.379739699       1.94     -0.22     -1.96  0.       -5309.301       6233.501       2827.988    0.000  -0.139   0.381   0.
  2017 352  9  6 50 509 352.379751273       1.49     -0.08     -2.96  0.       -5309.881       6232.835       2826.381    0.000  -0.139   0.381   0.
  2017 352  9  6 51 509 352.379762847       0.19      0.25     -1.79  0.       -5310.462       6232.169       2824.772    0.000  -0.139   0.381   0.
  2017 352  9  6 52 509 352.379774421       0.11      0.53     -2.46  0.       -5311.042       6231.503       2823.164    0.000  -0.139   0.381   0.
  2017 352  9  6 53 510 352.379785995       0.08      2.00     -4.18  0.       -5311.622       6230.836       2821.555    0.000  -0.139   0.381   0.
  2017 352  9  6 54 510 352.379797569       0.68      2.09     -3.48  0.       -5312.201       6230.168       2819.946    0.000  -0.139   0.381   0.
  2017 352  9  6 55 509 352.379809143       1.36     -0.88     -2.31  0.       -5312.780       6229.501       2818.337    0.000  -0.139   0.381   0.
  2017 352  9  6 56 509 352.379820718       1.02     -1.10     -1.74  0.       -5313.359       6228.833       2816.728    0.000  -0.139   0.381   0.
  2017 352  9  6 57 510 352.379832292       0.51     -2.85     -3.33  0.       -5313.937       6228.164       2815.119    0.000  -0.139   0.381   0.
  2017 352  9  6 58 510 352.379843866       0.21     -3.26     -1.76  0.       -5314.515       6227.495       2813.509    0.000  -0.139   0.381   0.
  2017 352  9  6 59 510 352.379855440      -0.00     -1.44     -0.76  0.       -5315.093       6226.826       2811.899    0.000  -0.139   0.381   0.
  2017 352  9  7  0 510 352.379867011       0.69     -1.23     -1.93  0.       -5315.670       6226.156       2810.289    0.000  -0.139   0.381   0.
  2017 352  9  7  1 509 352.379878585       0.71     -2.21     -0.90  0.       -5316.247       6225.485       2808.679    0.000  -0.139   0.381   0.
  2017 352  9  7  2 509 352.379890159       0.23     -1.83     -0.39  0.       -5316.824       6224.815       2807.069    0.000  -0.139   0.381   0.
  2017 352  9  7  3 509 352.379901733       0.02     -0.77     -0.13  0.       -5317.400       6224.144       2805.458    0.000  -0.139   0.381   0.
  2017 352  9  7  4 509 352.379913307      -0.33     -0.67      0.03  0.       -5317.976       6223.472       2803.848    0.000  -0.139   0.381   0.
  2017 352  9  7  5 509 352.379924881      -1.76     -0.01      0.95  0.       -5318.551       6222.801       2802.237    0.000  -0.139   0.381   0.
  2017 352  9  7  6 509 352.379936455      -2.11      2.48     -0.07  0.       -5319.126       6222.128       2800.626    0.000  -0.139   0.381   0.
  2017 352  9  7  7 509 352.379948030      -1.60      1.83     -2.41  0.       -5319.701       6221.455       2799.014    0.000  -0.139   0.381   0.
  2017 352  9  7  8 509 352.379959604      -1.87      2.22     -1.19  0.       -5320.276       6220.782       2797.403    0.000  -0.139   0.381   0.
  2017 352  9  7  9 509 352.379971178      -1.91      2.36     -1.06  0.       -5320.850       6220.109       2795.791    0.000  -0.139   0.381   0.
  2017 352  9  7 10 509 352.379982752      -2.15      2.41     -1.07  0.       -5321.423       6219.435       2794.180    0.000  -0.139   0.381   0.
  2017 352  9  7 11 509 352.379994326      -1.90      1.71     -0.35  0.       -5321.997       6218.761       2792.568    0.000  -0.139   0.381   0.
  2017 352  9  7 12 509 352.380005900      -1.13      2.91      0.96  0.       -5322.570       6218.086       2790.955    0.000  -0.139   0.381   0.
  2017 352  9  7 13 509 352.380017474       0.35      3.07      0.61  0.       -5323.143       6217.411       2789.343    0.000  -0.139   0.381   0.
  2017 352  9  7 14 509 352.380029048      -0.12      2.53     -1.38  0.       -5323.715       6216.735       2787.731    0.000  -0.139   0.381   0.
  2017 352  9  7 15 509 352.380040622      -1.54     -0.61     -3.51  0.       -5324.287       6216.059       2786.118    0.000  -0.139   0.381   0.
  2017 352  9  7 16 509 352.380052196      -1.48     -0.68     -0.64  0.       -5324.859       6215.383       2784.505    0.000  -0.139   0.381   0.
  2017 352  9  7 17 509 352.380063770      -0.58      1.17     -0.42  0.       -5325.430       6214.706       2782.892    0.000  -0.139   0.381   0.
  2017 352  9  7 18 509 352.380075344      -1.03      1.88     -0.77  0.       -5326.001       6214.029       2781.279    0.000  -0.139   0.381   0.
  2017 352  9  7 19 509 352.380086918      -1.08      1.39     -1.75  0.       -5326.572       6213.351       2779.665    0.000  -0.139   0.381   0.
  2017 352  9  7 20 509 352.380098492      -1.75      1.28     -2.06  0.       -5327.142       6212.673       2778.051    0.000  -0.139   0.381   0.
  2017 352  9  7 21 509 352.380110067      -1.37     -0.78     -2.85  0.       -5327.712       6211.994       2776.438    0.000  -0.139   0.381   0.
  2017 352  9  7 22 509 352.380121641      -0.03     -2.85     -1.46  0.       -5328.281       6211.316       2774.823    0.000  -0.139   0.381   0.
  2017 352  9  7 23 509 352.380133215       0.33     -1.89      0.87  0.       -5328.850       6210.636       2773.209    0.000  -0.139   0.381   0.
  2017 352  9  7 24 509 352.380144789       0.00      0.98      1.88  0.       -5329.419       6209.957       2771.595    0.000  -0.139   0.381   0.
  2017 352  9  7 25 509 352.380156363      -0.08      1.44      0.99  0.       -5329.988       6209.276       2769.980    0.000  -0.139   0.381   0.
  2017 352  9  7 26 509 352.380167937      -0.68      1.94      0.28  0.       -5330.556       6208.596       2768.366    0.000  -0.139   0.381   0.
  2017 352  9  7 27 509 352.380179511      -1.28      0.82     -0.50  0.       -5331.124       6207.915       2766.751    0.000  -0.139   0.381   0.
  2017 352  9  7 28 509 352.380191082      -0.68      1.17      1.71  0.       -5331.691       6207.234       2765.136    0.000  -0.139   0.381   0.
  2017 352  9  7 29 509 352.380202656      -0.49      0.13      1.17  0.       -5332.258       6206.552       2763.520    0.000  -0.139   0.381   0.
  2017 352  9  7 30 509 352.380214230      -1.64      0.43      1.59  0.       -5332.825       6205.870       2761.905    0.000  -0.138   0.380   0.
  2017 352  9  7 31 509 352.380225804      -0.76      1.22     -0.35  0.       -5333.391       6205.187       2760.289    0.000  -0.138   0.380   0.
  2017 352  9  7 32 509 352.380237378      -0.93      0.10     -0.92  0.       -5333.957       6204.504       2758.673    0.000  -0.139   0.381   0.
  2017 352  9  7 33 509 352.380248952      -0.92     -0.73     -2.35  0.       -5334.523       6203.821       2757.057    0.000  -0.139   0.381   0.
  2017 352  9  7 34 509 352.380260527       0.11     -0.96     -2.60  0.       -5335.088       6203.137       2755.441    0.000  -0.139   0.381   0.
  2017 352  9  7 35 509 352.380272101      -0.48     -0.55     -3.00  0.       -5335.653       6202.453       2753.824    0.000  -0.139   0.381   0.
  2017 352  9  7 36 509 352.380283675      -0.79      0.33     -3.08  0.       -5336.218       6201.768       2752.208    0.000  -0.139   0.381   0.
  2017 352  9  7 37 509 352.380295249      -0.67     -0.07     -1.81  0.       -5336.782       6201.083       2750.591    0.000  -0.139   0.381   0.
  2017 352  9  7 38 509 352.380306823      -0.95     -0.16      0.33  0.       -5337.346       6200.397       2748.974    0.000  -0.139   0.381   0.
  2017 352  9  7 39 509 352.380318397      -2.10      1.93      1.75  0.       -5337.909       6199.712       2747.357    0.000  -0.139   0.381   0.
  2017 352  9  7 40 509 352.380329971      -2.53      3.43      1.51  0.       -5338.472       6199.025       2745.740    0.000  -0.139   0.381   0.
  2017 352  9  7 41 509 352.380341545      -1.94      2.28     -0.56  0.       -5339.035       6198.339       2744.122    0.000  -0.139   0.381   0.
  2017 352  9  7 42 509 352.380353119      -2.10      0.85     -0.68  0.       -5339.598       6197.651       2742.504    0.000  -0.139   0.381   0.
  2017 352  9  7 43 509 352.380364693      -1.16      0.38     -0.92  0.       -5340.160       6196.964       2740.887    0.000  -0.139   0.381   0.
  2017 352  9  7 44 509 352.380376267      -1.68      0.08     -2.27  0.       -5340.721       6196.276       2739.269    0.000  -0.139   0.381   0.
  2017 352  9  7 45 509 352.380387841      -1.45     -2.00     -0.96  0.       -5341.283       6195.587       2737.650    0.000  -0.139   0.381   0.
  2017 352  9  7 46 509 352.380399415      -0.74     -3.20     -0.96  0.       -5341.844       6194.899       2736.032    0.000  -0.139   0.381   0.
  2017 352  9  7 47 509 352.380410990      -0.70     -3.06     -1.67  0.       -5342.404       6194.209       2734.413    0.000  -0.139   0.381   0.
  2017 352  9  7 48 509 352.380422564      -0.41     -2.96     -1.19  0.       -5342.965       6193.520       2732.794    0.000  -0.139   0.381   0.
  2017 352  9  7 49 509 352.380434138       0.88     -2.69     -0.18  0.       -5343.525       6192.830       2731.175    0.000  -0.139   0.381   0.
  2017 352  9  7 50 509 352.380445712       0.80     -0.93      0.24  0.       -5344.084       6192.139       2729.556    0.000  -0.139   0.381   0.
  2017 352  9  7 51 509 352.380457286      -0.97      0.87      0.01  0.       -5344.644       6191.449       2727.937    0.000  -0.139   0.381   0.
  2017 352  9  7 52 509 352.380468860      -0.92      2.51     -0.44  0.       -5345.202       6190.757       2726.317    0.000  -0.139   0.381   0.
  2017 352  9  7 53 509 352.380480434      -0.88      2.12     -3.60  0.       -5345.761       6190.066       2724.698    0.000  -0.139   0.381   0.
  2017 352  9  7 54 509 352.380492008      -0.38     -1.39     -3.57  0.       -5346.319       6189.374       2723.078    0.000  -0.139   0.381   0.
  2017 352  9  7 55 509 352.380503582       1.05     -1.92     -0.75  0.       -5346.877       6188.681       2721.458    0.000  -0.139   0.381   0.
  2017 352  9  7 56 509 352.380515156       1.48     -0.36     -0.88  0.       -5347.434       6187.988       2719.838    0.000  -0.139   0.381   0.
  2017 352  9  7 57 509 352.380526730       1.92     -0.45     -3.13  0.       -5347.991       6187.295       2718.217    0.000  -0.139   0.381   0.
  2017 352  9  7 58 509 352.380538302       2.78     -1.98     -4.35  0.       -5348.548       6186.601       2716.597    0.000  -0.139   0.381   0.
  2017 352  9  7 59 509 352.380549876       1.68     -3.76     -3.35  0.       -5349.105       6185.907       2714.976    0.000  -0.139   0.381   0.
  2017 352  9  8  0 509 352.380561450       0.65     -1.18      0.15  0.       -5349.661       6185.212       2713.355    0.000  -0.139   0.381   0.
  2017 352  9  8  1 509 352.380573024      -0.26      1.06     -1.59  0.       -5350.216       6184.517       2711.734    0.000  -0.139   0.381   0.
  2017 352  9  8  2 509 352.380584598      -1.14      0.49     -3.40  0.       -5350.772       6183.822       2710.112    0.000  -0.139   0.381   0.
  2017 352  9  8  3 509 352.380596172      -0.02     -0.40     -5.42  0.       -5351.326       6183.126       2708.491    0.000  -0.139   0.381   0.
  2017 352  9  8  4 509 352.380607746       0.18     -1.31     -4.88  0.       -5351.881       6182.430       2706.869    0.000  -0.139   0.381   0.
  2017 352  9  8  5 509 352.380619320       0.21     -1.03     -2.24  0.       -5352.435       6181.733       2705.247    0.000  -0.139   0.381   0.
  2017 352  9  8  6 509 352.380630894       1.09     -0.97      0.14  0.       -5352.989       6181.036       2703.625    0.000  -0.139   0.381   0.
  2017 352  9  8  7 509 352.380642468       1.73     -1.83      0.23  0.       -5353.543       6180.339       2702.003    0.000  -0.139   0.381   0.
  2017 352  9  8  8 509 352.380654042       0.29     -0.25      0.30  0.       -5354.096       6179.641       2700.380    0.000  -0.139   0.381   0.
  2017 352  9  8  9 509 352.380665616       0.20      0.01      1.80  0.       -5354.649       6178.942       2698.758    0.000  -0.139   0.381   0.
  2017 352  9  8 10 509 352.380677190       0.24      1.81      2.40  0.       -5355.201       6178.244       2697.135    0.000  -0.139   0.381   0.
  2017 352  9  8 11 509 352.380688764       0.03      0.39     -0.25  0.       -5355.753       6177.545       2695.512    0.000  -0.139   0.381   0.
  2017 352  9  8 12 509 352.380700339       0.24      0.09     -0.18  0.       -5356.305       6176.845       2693.889    0.000  -0.139   0.381   0.
  2017 352  9  8 13 509 352.380711913       0.86     -0.37     -0.94  0.       -5356.856       6176.145       2692.266    0.000  -0.139   0.381   0.
  2017 352  9  8 14 509 352.380723487       1.76     -0.84     -1.34  0.       -5357.407       6175.445       2690.642    0.000  -0.139   0.381   0.
  2017 352  9  8 15 509 352.380735061       2.13     -1.17     -1.00  0.       -5357.958       6174.744       2689.018    0.000  -0.139   0.381   0.
  2017 352  9  8 16 509 352.380746635       1.14     -1.12      0.03  0.       -5358.508       6174.043       2687.394    0.000  -0.139   0.381   0.
  2017 352  9  8 17 509 352.380758209       0.77     -1.02      0.52  0.       -5359.058       6173.341       2685.770    0.000  -0.139   0.381   0.
  2017 352  9  8 18 509 352.380769783       0.66      0.41      0.54  0.       -5359.608       6172.639       2684.146    0.000  -0.139   0.381   0.
  2017 352  9  8 19 509 352.380781357      -0.66      1.27     -1.84  0.       -5360.157       6171.937       2682.522    0.000  -0.139   0.381   0.
  2017 352  9  8 20 509 352.380792931      -1.91      0.89     -1.98  0.       -5360.706       6171.234       2680.897    0.000  -0.139   0.381   0.
  2017 352  9  8 21 509 352.380804505      -1.87      0.41      0.21  0.       -5361.254       6170.530       2679.272    0.000  -0.139   0.381   0.
  2017 352  9  8 22 509 352.380816079      -0.58      1.70      0.09  0.       -5361.802       6169.827       2677.647    0.000  -0.139   0.381   0.
  2017 352  9  8 23 509 352.380827653      -1.44      2.96     -0.44  0.       -5362.350       6169.123       2676.022    0.000  -0.139   0.381   0.
  2017 352  9  8 24 509 352.380839227      -1.88      1.74     -1.17  0.       -5362.897       6168.418       2674.397    0.000  -0.139   0.381   0.
  2017 352  9  8 25 509 352.380850802      -2.10      0.26     -1.34  0.       -5363.444       6167.713       2672.771    0.000  -0.139   0.381   0.
  2017 352  9  8 26 509 352.380862376      -2.32     -0.23     -0.59  0.       -5363.991       6167.008       2671.146    0.000  -0.139   0.381   0.
  2017 352  9  8 27 509 352.380873950      -2.84      1.75     -0.38  0.       -5364.537       6166.302       2669.520    0.000  -0.139   0.381   0.
  2017 352  9  8 28 509 352.380885521      -3.72      0.82     -1.10  0.       -5365.083       6165.596       2667.894    0.000  -0.139   0.381   0.
  2017 352  9  8 29 509 352.380897095      -1.84      0.58     -0.51  0.       -5365.629       6164.889       2666.268    0.000  -0.139   0.381   0.
  2017 352  9  8 30 509 352.380908669      -2.72      3.19     -0.18  0.       -5366.174       6164.182       2664.641    0.000  -0.139   0.381   0.
  2017 352  9  8 31 508 352.380920243      -4.19      2.74     -0.05  0.       -5366.719       6163.475       2663.015    0.000  -0.139   0.381   0.
  2017 352  9  8 32 508 352.380931817      -4.86      1.43      0.82  0.       -5367.264       6162.767       2661.388    0.000  -0.139   0.381   0.
  2017 352  9  8 33 508 352.380943391      -4.32      1.49      1.76  0.       -5367.808       6162.059       2659.761    0.000  -0.139   0.381   0.
  2017 352  9  8 34 508 352.380954965      -3.07      2.19      1.37  0.       -5368.351       6161.350       2658.134    0.000  -0.139   0.381   0.
  2017 352  9  8 35 508 352.380966539      -2.32      3.59     -0.15  0.       -5368.895       6160.641       2656.507    0.000  -0.139   0.381   0.
  2017 352  9  8 36 509 352.380978113      -1.27      3.25     -0.07  0.       -5369.438       6159.931       2654.879    0.000  -0.139   0.381   0.
  2017 352  9  8 37 509 352.380989688       0.27     -1.56     -2.22  0.       -5369.980       6159.221       2653.251    0.000  -0.139   0.381   0.
  2017 352  9  8 38 508 352.381001262       1.45     -2.85      0.20  0.       -5370.523       6158.511       2651.624    0.000  -0.139   0.381   0.
  2017 352  9  8 39 508 352.381012836       0.20     -0.16      1.05  0.       -5371.065       6157.800       2649.996    0.000  -0.139   0.381   0.
  2017 352  9  8 40 509 352.381024410      -0.43      1.46      1.02  0.       -5371.606       6157.089       2648.367    0.000  -0.139   0.381   0.
  2017 352  9  8 41 509 352.381035984      -0.54      1.99      0.16  0.       -5372.147       6156.377       2646.739    0.000  -0.139   0.381   0.
  2017 352  9  8 42 509 352.381047558       0.25     -0.50     -1.03  0.       -5372.688       6155.665       2645.110    0.000  -0.139   0.381   0.
  2017 352  9  8 43 509 352.381059132       1.84      0.20     -1.16  0.       -5373.229       6154.953       2643.482    0.000  -0.139   0.381   0.
  2017 352  9  8 44 508 352.381070706       0.74      0.88     -0.78  0.       -5373.769       6154.240       2641.853    0.000  -0.139   0.381   0.
  2017 352  9  8 45 508 352.381082280      -0.22      0.61     -1.10  0.       -5374.309       6153.527       2640.224    0.000  -0.139   0.381   0.
  2017 352  9  8 46 508 352.381093854       0.13      0.25     -0.66  0.       -5374.848       6152.813       2638.595    0.000  -0.139   0.381   0.
  2017 352  9  8 47 508 352.381105428       0.47      1.05     -1.26  0.       -5375.387       6152.099       2636.965    0.000  -0.139   0.381   0.
  2017 352  9  8 48 508 352.381117002       1.02      1.39     -1.93  0.       -5375.926       6151.384       2635.335    0.000  -0.139   0.381   0.
  2017 352  9  8 49 509 352.381128576       0.65      2.54     -1.54  0.       -5376.464       6150.670       2633.706    0.000  -0.139   0.381   0.
  2017 352  9  8 50 509 352.381140150       0.75      1.48     -1.87  0.       -5377.002       6149.954       2632.076    0.000  -0.139   0.381   0.
  2017 352  9  8 51 508 352.381151725      -0.01     -0.14     -2.05  0.       -5377.540       6149.239       2630.445    0.000  -0.139   0.381   0.
  2017 352  9  8 52 508 352.381163299      -0.32     -0.33     -1.50  0.       -5378.077       6148.522       2628.815    0.000  -0.139   0.381   0.
  2017 352  9  8 53 509 352.381174873       0.23     -0.07     -1.78  0.       -5378.614       6147.806       2627.185    0.000  -0.139   0.381   0.
  2017 352  9  8 54 509 352.381186447       0.08     -1.45     -1.85  0.       -5379.150       6147.089       2625.554    0.000  -0.139   0.381   0.
  2017 352  9  8 55 509 352.381198021      -1.48     -0.28     -0.82  0.       -5379.686       6146.371       2623.923    0.000  -0.139   0.381   0.
  2017 352  9  8 56 509 352.381209592      -0.28     -0.75     -2.01  0.       -5380.222       6145.653       2622.292    0.000  -0.139   0.381   0.
  2017 352  9  8 57 508 352.381221166      -0.27     -0.55     -1.49  0.       -5380.758       6144.935       2620.661    0.000  -0.139   0.381   0.
  2017 352  9  8 58 508 352.381232740      -0.65      1.27      0.28  0.       -5381.293       6144.217       2619.029    0.000  -0.139   0.381   0.
  2017 352  9  8 59 508 352.381244314      -0.53      1.72      0.29  0.       -5381.827       6143.497       2617.397    0.000  -0.139   0.381   0.
  2017 352  9  9  0 508 352.381255888      -1.13      2.64     -0.02  0.       -5382.362       6142.778       2615.766    0.000  -0.139   0.381   0.
  2017 352  9  9  1 508 352.381267462      -1.26      2.85     -0.16  0.       -5382.896       6142.058       2614.134    0.000  -0.139   0.381   0.
  2017 352  9  9  2 508 352.381279036      -1.32      1.88     -0.64  0.       -5383.429       6141.338       2612.502    0.000  -0.139   0.381   0.
  2017 352  9  9  3 508 352.381290611      -1.46      0.38     -0.83  0.       -5383.963       6140.617       2610.870    0.000  -0.139   0.381   0.
  2017 352  9  9  4 508 352.381302185      -1.34      0.46      0.10  0.       -5384.495       6139.896       2609.237    0.000  -0.139   0.381   0.
  2017 352  9  9  5 508 352.381313759      -1.66      1.19      0.97  0.       -5385.028       6139.174       2607.604    0.000  -0.139   0.381   0.
  2017 352  9  9  6 508 352.381325333      -2.98      2.38      0.85  0.       -5385.560       6138.452       2605.972    0.000  -0.139   0.381   0.
  2017 352  9  9  7 508 352.381336907      -3.28      3.23     -0.01  0.       -5386.092       6137.730       2604.339    0.000  -0.139   0.381   0.
  2017 352  9  9  8 508 352.381348481      -2.52      2.72     -0.06  0.       -5386.623       6137.007       2602.706    0.000  -0.139   0.381   0.
  2017 352  9  9  9 508 352.381360055      -2.75      1.53      0.06  0.       -5387.154       6136.284       2601.072    0.000  -0.139   0.381   0.
  2017 352  9  9 10 508 352.381371629      -2.13      1.53     -0.59  0.       -5387.685       6135.560       2599.439    0.000  -0.139   0.381   0.
  2017 352  9  9 11 508 352.381383203       0.59      1.84     -0.09  0.       -5388.215       6134.836       2597.805    0.000  -0.139   0.381   0.
  2017 352  9  9 12 508 352.381394777       0.48      1.67      0.51  0.       -5388.745       6134.111       2596.171    0.000  -0.139   0.381   0.
  2017 352  9  9 13 508 352.381406351       0.86      1.40      1.04  0.       -5389.275       6133.386       2594.537    0.000  -0.139   0.381   0.
  2017 352  9  9 14 508 352.381417925       1.64      1.46     -0.25  0.       -5389.804       6132.661       2592.903    0.000  -0.139   0.381   0.
  2017 352  9  9 15 508 352.381429499       0.63     -0.17     -0.71  0.       -5390.333       6131.935       2591.268    0.000  -0.139   0.381   0.
  2017 352  9  9 16 508 352.381441073       0.27     -1.17     -1.32  0.       -5390.861       6131.209       2589.634    0.000  -0.139   0.381   0.
  2017 352  9  9 17 508 352.381452648       0.58      0.45     -0.05  0.       -5391.389       6130.482       2587.999    0.000  -0.139   0.381   0.
  2017 352  9  9 18 508 352.381464222      -0.43      2.46     -0.63  0.       -5391.917       6129.755       2586.364    0.000  -0.139   0.381   0.
  2017 352  9  9 19 508 352.381475796      -1.31     -0.71     -3.52  0.       -5392.444       6129.028       2584.729    0.000  -0.139   0.381   0.
  2017 352  9  9 20 508 352.381487370      -1.52     -2.38      1.20  0.       -5392.971       6128.300       2583.094    0.000  -0.139   0.381   0.
  2017 352  9  9 21 508 352.381498944      -2.25      0.52      2.12  0.       -5393.498       6127.572       2581.458    0.000  -0.139   0.381   0.
  2017 352  9  9 22 508 352.381510518      -0.95      1.96      0.63  0.       -5394.024       6126.843       2579.823    0.000  -0.139   0.381   0.
  2017 352  9  9 23 508 352.381522092       0.00      1.01     -0.48  0.       -5394.550       6126.114       2578.187    0.000  -0.139   0.381   0.
  2017 352  9  9 24 508 352.381533666       0.51      1.70      0.10  0.       -5395.075       6125.384       2576.551    0.000  -0.139   0.381   0.
  2017 352  9  9 25 508 352.381545240       0.54      1.57      0.74  0.       -5395.600       6124.654       2574.915    0.000  -0.139   0.381   0.
  2017 352  9  9 26 508 352.381556811       0.54      1.92     -1.21  0.       -5396.125       6123.924       2573.278    0.000  -0.139   0.381   0.
  2017 352  9  9 27 508 352.381568385      -0.44      1.29     -2.88  0.       -5396.650       6123.193       2571.642    0.000  -0.139   0.381   0.
  2017 352  9  9 28 508 352.381579960      -0.69     -1.54     -1.90  0.       -5397.174       6122.462       2570.005    0.000  -0.139   0.381   0.
  2017 352  9  9 29 508 352.381591534       0.13     -1.48      0.91  0.       -5397.697       6121.730       2568.368    0.000  -0.139   0.381   0.
  2017 352  9  9 30 508 352.381603108       0.81      0.87      1.36  0.       -5398.221       6120.998       2566.731    0.000  -0.139   0.381   0.
  2017 352  9  9 31 508 352.381614682       0.27      2.80      0.13  0.       -5398.744       6120.266       2565.094    0.000  -0.139   0.381   0.
  2017 352  9  9 32 508 352.381626256       0.23      1.76     -0.15  0.       -5399.266       6119.533       2563.456    0.000  -0.139   0.381   0.
  2017 352  9  9 33 508 352.381637830       0.60      2.02     -1.09  0.       -5399.788       6118.800       2561.819    0.000  -0.139   0.381   0.
  2017 352  9  9 34 508 352.381649404      -0.19      2.59     -2.17  0.       -5400.310       6118.066       2560.181    0.000  -0.139   0.381   0.
  2017 352  9  9 35 508 352.381660978      -1.30      1.92     -1.80  0.       -5400.832       6117.332       2558.543    0.000  -0.139   0.381   0.
  2017 352  9  9 36 508 352.381672552      -0.27      2.75     -1.21  0.       -5401.353       6116.597       2556.905    0.000  -0.139   0.381   0.
  2017 352  9  9 37 508 352.381684126      -0.55      2.30     -2.40  0.       -5401.873       6115.862       2555.267    0.000  -0.139   0.381   0.
  2017 352  9  9 38 508 352.381695700      -1.27      1.08     -2.98  0.       -5402.394       6115.127       2553.628    0.000  -0.139   0.381   0.
  2017 352  9  9 39 508 352.381707274      -1.78     -0.04     -2.46  0.       -5402.914       6114.391       2551.990    0.000  -0.139   0.381   0.
  2017 352  9  9 40 508 352.381718848      -0.62      0.05     -1.14  0.       -5403.433       6113.654       2550.351    0.000  -0.139   0.381   0.
  2017 352  9  9 41 508 352.381730423       0.02      0.86     -0.98  0.       -5403.952       6112.918       2548.712    0.000  -0.139   0.381   0.
  2017 352  9  9 42 508 352.381741996      -0.78      1.02     -1.29  0.       -5404.471       6112.181       2547.073    0.000  -0.139   0.381   0.
  2017 352  9  9 43 508 352.381753571      -0.74      0.53     -0.70  0.       -5404.990       6111.444       2545.433    0.000  -0.139   0.381   0.
  2017 352  9  9 44 508 352.381765145      -0.81      1.24     -0.66  0.       -5405.508       6110.706       2543.794    0.000  -0.139   0.381   0.
  2017 352  9  9 45 508 352.381776719      -0.07      0.06     -1.21  0.       -5406.026       6109.967       2542.154    0.000  -0.139   0.381   0.
  2017 352  9  9 46 508 352.381788293      -0.35     -1.61     -0.42  0.       -5406.543       6109.229       2540.514    0.000  -0.139   0.381   0.
  2017 352  9  9 47 508 352.381799867      -0.84      1.34      0.41  0.       -5407.060       6108.489       2538.874    0.000  -0.139   0.381   0.
  2017 352  9  9 48 508 352.381811441      -1.29      1.42      1.76  0.       -5407.577       6107.750       2537.234    0.000  -0.139   0.381   0.
  2017 352  9  9 49 508 352.381823015      -1.26      2.59      1.22  0.       -5408.093       6107.010       2535.594    0.000  -0.139   0.381   0.
  2017 352  9  9 50 508 352.381834589      -2.63      3.61     -1.34  0.       -5408.609       6106.269       2533.953    0.000  -0.139   0.381   0.
  2017 352  9  9 51 508 352.381846163      -3.80     -0.13     -3.68  0.       -5409.124       6105.529       2532.312    0.000  -0.139   0.381   0.
  2017 352  9  9 52 508 352.381857737      -0.40     -4.68     -2.51  0.       -5409.639       6104.787       2530.671    0.000  -0.139   0.381   0.
  2017 352  9  9 53 508 352.381869311      -1.59     -4.36      2.10  0.       -5410.154       6104.046       2529.030    0.000  -0.139   0.381   0.
  2017 352  9  9 54 508 352.381880885      -2.37      2.12      3.22  0.       -5410.669       6103.303       2527.389    0.000  -0.139   0.381   0.
  2017 352  9  9 55 508 352.381892460      -2.89      3.01      0.60  0.       -5411.183       6102.561       2525.748    0.000  -0.139   0.381   0.
  2017 352  9  9 56 508 352.381904031      -1.88      0.37     -0.08  0.       -5411.696       6101.818       2524.106    0.000  -0.139   0.381   0.
  2017 352  9  9 57 508 352.381915605      -1.38      0.82      0.03  0.       -5412.210       6101.075       2522.464    0.000  -0.139   0.381   0.
  2017 352  9  9 58 508 352.381927179      -1.38      0.82      0.25  0.       -5412.723       6100.331       2520.822    0.000  -0.139   0.381   0.
  2017 352  9  9 59 508 352.381938753      -2.47      1.53     -0.92  0.       -5413.235       6099.587       2519.180    0.000  -0.139   0.381   0.
  2017 352  9 10  0 508 352.381950327      -1.61      1.08     -2.83  0.       -5413.747       6098.842       2517.538    0.000  -0.139   0.381   0.
  2017 352  9 10  1 508 352.381961901      -0.09      0.77     -1.64  0.       -5414.259       6098.097       2515.895    0.000  -0.139   0.381   0.
  2017 352  9 10  2 508 352.381973475      -0.93     -0.44     -0.49  0.       -5414.771       6097.351       2514.253    0.000  -0.139   0.381   0.
  2017 352  9 10  3 508 352.381985049      -2.34      0.89      0.99  0.       -5415.282       6096.606       2512.610    0.000  -0.139   0.381   0.
  2017 352  9 10  4 508 352.381996623      -3.00      1.48     -0.90  0.       -5415.792       6095.859       2510.967    0.000  -0.139   0.381   0.
  2017 352  9 10  5 508 352.382008197      -2.54      1.83     -1.76  0.       -5416.302       6095.113       2509.324    0.000  -0.139   0.381   0.
  2017 352  9 10  6 508 352.382019771      -2.23      0.24     -1.74  0.       -5416.812       6094.365       2507.681    0.000  -0.139   0.381   0.
  2017 352  9 10  7 508 352.382031345      -2.07     -0.18     -1.01  0.       -5417.322       6093.618       2506.037    0.000  -0.139   0.381   0.
  2017 352  9 10  8 508 352.382042920      -0.70     -1.21     -1.91  0.       -5417.831       6092.870       2504.393    0.000  -0.139   0.381   0.
  2017 352  9 10  9 508 352.382054494      -1.58     -0.57      1.11  0.       -5418.340       6092.121       2502.749    0.000  -0.139   0.381   0.
  2017 352  9 10 10 508 352.382066068      -0.48      1.82      1.12  0.       -5418.848       6091.373       2501.105    0.000  -0.139   0.381   0.
  2017 352  9 10 11 508 352.382077642      -0.82      1.58      0.33  0.       -5419.356       6090.623       2499.461    0.000  -0.139   0.381   0.
  2017 352  9 10 12 508 352.382089216      -2.13      2.36      0.31  0.       -5419.864       6089.874       2497.817    0.000  -0.139   0.381   0.
  2017 352  9 10 13 508 352.382100790      -2.43      2.75     -0.24  0.       -5420.371       6089.123       2496.172    0.000  -0.139   0.381   0.
  2017 352  9 10 14 508 352.382112364      -0.97      2.54     -1.13  0.       -5420.878       6088.373       2494.528    0.000  -0.139   0.381   0.
  2017 352  9 10 15 508 352.382123938       0.24      1.14     -0.33  0.       -5421.385       6087.622       2492.883    0.000  -0.139   0.381   0.
  2017 352  9 10 16 508 352.382135512      -0.03      0.56     -0.16  0.       -5421.891       6086.871       2491.238    0.000  -0.139   0.381   0.
  2017 352  9 10 17 508 352.382147086      -0.30     -0.37      0.16  0.       -5422.397       6086.119       2489.592    0.000  -0.139   0.381   0.
  2017 352  9 10 18 508 352.382158660      -1.22      1.00     -2.56  0.       -5422.902       6085.367       2487.947    0.000  -0.139   0.381   0.
  2017 352  9 10 19 508 352.382170234      -0.66     -0.30     -2.03  0.       -5423.407       6084.614       2486.301    0.000  -0.139   0.381   0.
  2017 352  9 10 20 508 352.382181808      -0.32      1.71     -1.74  0.       -5423.912       6083.861       2484.656    0.000  -0.139   0.381   0.
  2017 352  9 10 21 508 352.382193383      -0.65      1.83     -2.12  0.       -5424.416       6083.108       2483.010    0.000  -0.139   0.381   0.
  2017 352  9 10 22 508 352.382204957      -0.48      1.49     -1.26  0.       -5424.920       6082.354       2481.364    0.000  -0.139   0.381   0.
  2017 352  9 10 23 508 352.382216531      -0.93      0.69     -0.55  0.       -5425.424       6081.599       2479.717    0.000  -0.139   0.381   0.
  2017 352  9 10 24 508 352.382228105      -1.25      1.04      0.31  0.       -5425.927       6080.845       2478.071    0.000  -0.139   0.381   0.
  2017 352  9 10 25 508 352.382239679      -1.65      1.97     -0.07  0.       -5426.430       6080.090       2476.424    0.000  -0.139   0.381   0.
  2017 352  9 10 26 507 352.382251250      -1.91      1.84     -0.50  0.       -5426.932       6079.334       2474.778    0.000  -0.139   0.381   0.
  2017 352  9 10 27 507 352.382262824      -1.38      1.23     -1.41  0.       -5427.434       6078.578       2473.131    0.000  -0.139   0.381   0.
  2017 352  9 10 28 507 352.382274398      -0.39     -1.12     -2.27  0.       -5427.936       6077.822       2471.484    0.000  -0.139   0.381   0.
  2017 352  9 10 29 507 352.382285972      -0.40     -1.18     -1.67  0.       -5428.437       6077.065       2469.836    0.000  -0.139   0.381   0.
  2017 352  9 10 30 507 352.382297546      -0.50     -0.52     -0.59  0.       -5428.938       6076.308       2468.189    0.000  -0.138   0.380   0.
  2017 352  9 10 31 508 352.382309120      -1.35      0.25     -1.04  0.       -5429.439       6075.550       2466.541    0.000  -0.138   0.380   0.
  2017 352  9 10 32 508 352.382320694      -0.80      0.72     -0.65  0.       -5429.939       6074.792       2464.894    0.000  -0.139   0.381   0.
  2017 352  9 10 33 507 352.382332269       0.39      0.22     -0.56  0.       -5430.439       6074.033       2463.245    0.000  -0.139   0.381   0.
  2017 352  9 10 34 507 352.382343843      -0.24     -0.67     -1.76  0.       -5430.938       6073.274       2461.597    0.000  -0.139   0.381   0.
  2017 352  9 10 35 508 352.382355417      -0.19     -0.96     -1.05  0.       -5431.437       6072.515       2459.949    0.000  -0.139   0.381   0.
  2017 352  9 10 36 508 352.382366991       0.33     -1.33      0.72  0.       -5431.936       6071.755       2458.300    0.000  -0.139   0.381   0.
  2017 352  9 10 37 508 352.382378565       0.27     -0.47      1.32  0.       -5432.434       6070.995       2456.652    0.000  -0.139   0.381   0.
  2017 352  9 10 38 508 352.382390139      -0.20      0.71      1.58  0.       -5432.932       6070.234       2455.003    0.000  -0.139   0.381   0.
  2017 352  9 10 39 508 352.382401713      -0.77      1.56     -0.28  0.       -5433.430       6069.473       2453.354    0.000  -0.139   0.381   0.
  2017 352  9 10 40 507 352.382413287      -0.59      2.03     -1.41  0.       -5433.927       6068.712       2451.705    0.000  -0.139   0.381   0.
  2017 352  9 10 41 507 352.382424861      -0.30      1.48     -1.29  0.       -5434.424       6067.950       2450.055    0.000  -0.139   0.381   0.
  2017 352  9 10 42 507 352.382436435       0.54      1.16     -0.67  0.       -5434.920       6067.187       2448.406    0.000  -0.139   0.381   0.
  2017 352  9 10 43 507 352.382448009       1.49      0.53     -1.26  0.       -5435.416       6066.425       2446.756    0.000  -0.139   0.381   0.
  2017 352  9 10 44 507 352.382459583       1.54     -0.76     -1.83  0.       -5435.912       6065.661       2445.106    0.000  -0.139   0.381   0.
  2017 352  9 10 45 508 352.382471157       1.37     -1.56     -1.20  0.       -5436.407       6064.898       2443.456    0.000  -0.139   0.381   0.
  2017 352  9 10 46 508 352.382482731       1.07     -0.55     -0.24  0.       -5436.902       6064.134       2441.806    0.000  -0.139   0.381   0.
  2017 352  9 10 47 507 352.382494306      -0.03      0.18     -0.18  0.       -5437.396       6063.370       2440.156    0.000  -0.139   0.381   0.
  2017 352  9 10 48 507 352.382505880      -0.54      0.53      0.87  0.       -5437.890       6062.605       2438.505    0.000  -0.139   0.381   0.
  2017 352  9 10 49 508 352.382517454      -0.10      0.48     -0.33  0.       -5438.384       6061.839       2436.854    0.000  -0.139   0.381   0.
  2017 352  9 10 50 508 352.382529028       0.49     -0.71     -1.54  0.       -5438.877       6061.074       2435.204    0.000  -0.139   0.381   0.
  2017 352  9 10 51 508 352.382540602       0.87     -1.15     -1.00  0.       -5439.370       6060.308       2433.553    0.000  -0.139   0.381   0.
  2017 352  9 10 52 508 352.382552176       1.12     -0.98     -0.29  0.       -5439.863       6059.541       2431.901    0.000  -0.138   0.380   0.
  2017 352  9 10 53 508 352.382563750       1.67     -0.18     -1.93  0.       -5440.355       6058.774       2430.250    0.000  -0.138   0.380   0.
  2017 352  9 10 54 507 352.382575324       1.81     -1.03     -1.84  0.       -5440.847       6058.007       2428.598    0.000  -0.139   0.381   0.
  2017 352  9 10 55 507 352.382586898       1.08     -1.14     -2.05  0.       -5441.339       6057.239       2426.947    0.000  -0.139   0.381   0.
  2017 352  9 10 56 507 352.382598470       0.96     -1.26     -1.07  0.       -5441.830       6056.471       2425.295    0.000  -0.139   0.381   0.
  2017 352  9 10 57 507 352.382610043       1.83     -1.16     -0.43  0.       -5442.320       6055.702       2423.643    0.000  -0.139   0.381   0.
  2017 352  9 10 58 507 352.382621617       2.41     -0.13      0.62  0.       -5442.811       6054.933       2421.990    0.000  -0.139   0.381   0.
  2017 352  9 10 59 507 352.382633192       2.00      0.78      0.31  0.       -5443.301       6054.163       2420.338    0.000  -0.139   0.381   0.
  2017 352  9 11  0 507 352.382644766       0.27     -0.55     -0.36  0.       -5443.790       6053.393       2418.685    0.000  -0.139   0.381   0.
  2017 352  9 11  1 507 352.382656340      -0.53      0.67     -2.47  0.       -5444.279       6052.623       2417.033    0.000  -0.139   0.381   0.
  2017 352  9 11  2 507 352.382667914       0.33      1.35     -2.19  0.       -5444.768       6051.852       2415.380    0.000  -0.139   0.381   0.
  2017 352  9 11  3 507 352.382679488       0.22      0.43     -1.30  0.       -5445.257       6051.081       2413.727    0.000  -0.139   0.381   0.
  2017 352  9 11  4 507 352.382691062       0.64     -0.44     -0.96  0.       -5445.745       6050.309       2412.073    0.000  -0.139   0.381   0.
  2017 352  9 11  5 507 352.382702636       0.06     -1.00     -1.03  0.       -5446.232       6049.537       2410.420    0.000  -0.139   0.381   0.
  2017 352  9 11  6 507 352.382714210      -0.02     -1.23     -0.80  0.       -5446.720       6048.765       2408.766    0.000  -0.139   0.381   0.
  2017 352  9 11  7 507 352.382725784       0.19     -1.11     -0.80  0.       -5447.207       6047.992       2407.113    0.000  -0.139   0.381   0.
  2017 352  9 11  8 507 352.382737358       0.62     -0.58     -0.93  0.       -5447.693       6047.219       2405.459    0.000  -0.139   0.381   0.
  2017 352  9 11  9 507 352.382748932       2.90     -1.41     -1.50  0.       -5448.179       6046.445       2403.805    0.000  -0.139   0.381   0.
  2017 352  9 11 10 507 352.382760506       3.71     -2.12     -0.89  0.       -5448.665       6045.671       2402.150    0.000  -0.139   0.381   0.
  2017 352  9 11 11 507 352.382772080       2.94     -1.84     -0.16  0.       -5449.150       6044.896       2400.496    0.000  -0.139   0.381   0.
  2017 352  9 11 12 507 352.382783655       1.59     -2.03     -0.68  0.       -5449.635       6044.121       2398.841    0.000  -0.139   0.381   0.
  2017 352  9 11 13 507 352.382795229       0.61     -2.24     -1.88  0.       -5450.120       6043.346       2397.187    0.000  -0.139   0.381   0.
  2017 352  9 11 14 507 352.382806803       0.30     -2.18     -2.41  0.       -5450.604       6042.570       2395.532    0.000  -0.139   0.381   0.
  2017 352  9 11 15 507 352.382818377       0.02     -1.85     -2.59  0.       -5451.088       6041.794       2393.877    0.000  -0.139   0.381   0.
  2017 352  9 11 16 507 352.382829951       0.56     -2.11     -2.32  0.       -5451.571       6041.017       2392.221    0.000  -0.139   0.381   0.
  2017 352  9 11 17 507 352.382841525       0.24     -1.70     -3.27  0.       -5452.055       6040.240       2390.566    0.000  -0.139   0.381   0.
  2017 352  9 11 18 507 352.382853099      -0.36     -2.27     -2.25  0.       -5452.537       6039.462       2388.910    0.000  -0.138   0.380   0.
  2017 352  9 11 19 507 352.382864673      -0.21     -2.24     -1.25  0.       -5453.020       6038.684       2387.255    0.000  -0.138   0.380   0.
  2017 352  9 11 20 507 352.382876247      -0.57     -1.33     -0.58  0.       -5453.501       6037.906       2385.599    0.000  -0.139   0.381   0.
  2017 352  9 11 21 507 352.382887821      -0.53     -0.03     -0.67  0.       -5453.983       6037.127       2383.943    0.000  -0.139   0.381   0.
  2017 352  9 11 22 507 352.382899395      -0.60     -0.06     -1.04  0.       -5454.464       6036.348       2382.286    0.000  -0.139   0.381   0.
  2017 352  9 11 23 507 352.382910969      -0.88     -0.25     -1.20  0.       -5454.945       6035.568       2380.630    0.000  -0.139   0.381   0.
  2017 352  9 11 24 507 352.382922543      -0.35      0.42     -0.61  0.       -5455.426       6034.788       2378.973    0.000  -0.139   0.381   0.
  2017 352  9 11 25 507 352.382934117      -0.31      0.91     -2.57  0.       -5455.906       6034.007       2377.316    0.000  -0.139   0.381   0.
  2017 352  9 11 26 507 352.382945689      -0.18      0.91     -3.32  0.       -5456.385       6033.227       2375.659    0.000  -0.138   0.380   0.
  2017 352  9 11 27 507 352.382957263      -1.50      0.06     -2.21  0.       -5456.864       6032.445       2374.002    0.000  -0.138   0.380   0.
  2017 352  9 11 28 507 352.382968837      -1.63      1.13     -2.20  0.       -5457.343       6031.663       2372.345    0.000  -0.138   0.380   0.
  2017 352  9 11 29 507 352.382980411      -0.81      0.79     -1.02  0.       -5457.822       6030.881       2370.687    0.000  -0.138   0.380   0.
  2017 352  9 11 30 507 352.382991985      -0.83      0.32     -0.52  0.       -5458.300       6030.099       2369.030    0.000  -0.139   0.381   0.
  2017 352  9 11 31 507 352.383003559      -0.80      2.26      0.64  0.       -5458.777       6029.315       2367.372    0.000  -0.139   0.381   0.
  2017 352  9 11 32 507 352.383015133      -0.86      1.67      0.82  0.       -5459.255       6028.532       2365.714    0.000  -0.138   0.380   0.
  2017 352  9 11 33 507 352.383026707      -0.28     -0.13      0.07  0.       -5459.732       6027.748       2364.056    0.000  -0.138   0.380   0.
  2017 352  9 11 34 507 352.383038281      -0.57      0.12      0.20  0.       -5460.208       6026.964       2362.398    0.000  -0.139   0.381   0.
  2017 352  9 11 35 507 352.383049855      -0.44      0.23     -0.42  0.       -5460.684       6026.179       2360.739    0.000  -0.139   0.381   0.
  2017 352  9 11 36 507 352.383061429      -0.24     -1.27     -0.91  0.       -5461.160       6025.394       2359.081    0.000  -0.139   0.381   0.
  2017 352  9 11 37 507 352.383073003      -0.29     -1.46      0.09  0.       -5461.636       6024.608       2357.422    0.000  -0.139   0.381   0.
  2017 352  9 11 38 507 352.383084578      -0.20      0.22      1.10  0.       -5462.110       6023.822       2355.763    0.000  -0.138   0.380   0.
  2017 352  9 11 39 507 352.383096152      -0.10      0.39      0.15  0.       -5462.585       6023.035       2354.104    0.000  -0.138   0.380   0.
  2017 352  9 11 40 507 352.383107726       0.18      0.58     -1.18  0.       -5463.059       6022.249       2352.445    0.000  -0.138   0.380   0.
  2017 352  9 11 41 507 352.383119300       0.46      1.26     -1.00  0.       -5463.533       6021.461       2350.785    0.000  -0.138   0.380   0.
  2017 352  9 11 42 507 352.383130874      -0.35      1.71     -0.15  0.       -5464.007       6020.673       2349.126    0.000  -0.139   0.381   0.
  2017 352  9 11 43 507 352.383142448      -0.41      1.02      0.26  0.       -5464.480       6019.885       2347.466    0.000  -0.139   0.381   0.
  2017 352  9 11 44 507 352.383154022      -0.43      2.22      0.07  0.       -5464.953       6019.097       2345.806    0.000  -0.139   0.381   0.
  2017 352  9 11 45 507 352.383165596       0.19      3.37     -1.38  0.       -5465.425       6018.308       2344.146    0.000  -0.139   0.381   0.
  2017 352  9 11 46 507 352.383177170      -0.39      3.80     -1.35  0.       -5465.897       6017.518       2342.486    0.000  -0.139   0.381   0.
  2017 352  9 11 47 507 352.383188744      -1.61      3.26      0.32  0.       -5466.368       6016.728       2340.825    0.000  -0.139   0.381   0.
  2017 352  9 11 48 507 352.383200318      -1.65      3.77     -0.61  0.       -5466.839       6015.938       2339.164    0.000  -0.139   0.381   0.
  2017 352  9 11 49 507 352.383211892      -1.66      4.36     -1.70  0.       -5467.310       6015.147       2337.504    0.000  -0.139   0.381   0.
  2017 352  9 11 50 507 352.383223466      -0.31      3.32     -2.95  0.       -5467.781       6014.356       2335.843    0.000  -0.139   0.381   0.
  2017 352  9 11 51 507 352.383235041      -0.13      1.00     -3.15  0.       -5468.251       6013.565       2334.182    0.000  -0.139   0.381   0.
  2017 352  9 11 52 507 352.383246615      -0.55     -0.10     -2.40  0.       -5468.720       6012.773       2332.520    0.000  -0.139   0.381   0.
  2017 352  9 11 53 507 352.383258189      -0.50     -1.65     -0.79  0.       -5469.189       6011.980       2330.859    0.000  -0.139   0.381   0.
  2017 352  9 11 54 507 352.383269760      -1.07     -1.62     -0.61  0.       -5469.658       6011.187       2329.197    0.000  -0.139   0.381   0.
  2017 352  9 11 55 507 352.383281334      -1.54     -0.01     -0.32  0.       -5470.127       6010.394       2327.536    0.000  -0.139   0.381   0.
  2017 352  9 11 56 507 352.383292908      -0.79      0.31     -0.52  0.       -5470.595       6009.600       2325.874    0.000  -0.138   0.380   0.
  2017 352  9 11 57 507 352.383304482      -0.59     -0.15     -0.21  0.       -5471.062       6008.806       2324.211    0.000  -0.138   0.380   0.
  2017 352  9 11 58 507 352.383316056      -1.33     -0.47     -0.17  0.       -5471.530       6008.012       2322.549    0.000  -0.139   0.381   0.
  2017 352  9 11 59 507 352.383327630      -1.58      0.06      0.32  0.       -5471.997       6007.217       2320.887    0.000  -0.139   0.381   0.
  2017 352  9 12  0 507 352.383339204      -1.65      1.35     -0.20  0.       -5472.463       6006.421       2319.224    0.000  -0.139   0.381   0.
  2017 352  9 12  1 507 352.383350778      -1.25      1.87     -1.34  0.       -5472.929       6005.625       2317.561    0.000  -0.139   0.381   0.
  2017 352  9 12  2 507 352.383362352      -0.76      1.84     -1.74  0.       -5473.395       6004.829       2315.899    0.000  -0.139   0.381   0.
  2017 352  9 12  3 507 352.383373927      -0.34     -0.27     -2.64  0.       -5473.860       6004.032       2314.235    0.000  -0.139   0.381   0.
  2017 352  9 12  4 507 352.383385501       0.96     -3.03     -1.38  0.       -5474.325       6003.235       2312.572    0.000  -0.139   0.381   0.
  2017 352  9 12  5 507 352.383397075       0.89     -2.48     -0.01  0.       -5474.790       6002.438       2310.909    0.000  -0.139   0.381   0.
  2017 352  9 12  6 507 352.383408649      -0.64     -1.21      0.65  0.       -5475.254       6001.640       2309.245    0.000  -0.139   0.381   0.
  2017 352  9 12  7 507 352.383420223      -0.60     -0.08     -0.25  0.       -5475.718       6000.841       2307.582    0.000  -0.139   0.381   0.
  2017 352  9 12  8 507 352.383431797       0.18     -0.74     -0.50  0.       -5476.181       6000.042       2305.918    0.000  -0.139   0.381   0.
  2017 352  9 12  9 507 352.383443371      -0.64     -0.10      0.11  0.       -5476.644       5999.243       2304.254    0.000  -0.139   0.381   0.
  2017 352  9 12 10 507 352.383454945      -0.71     -0.04     -0.15  0.       -5477.107       5998.444       2302.589    0.000  -0.139   0.381   0.
  2017 352  9 12 11 507 352.383466519      -1.20      0.70      0.64  0.       -5477.569       5997.644       2300.925    0.000  -0.139   0.381   0.
  2017 352  9 12 12 507 352.383478093      -2.12      1.61      0.76  0.       -5478.031       5996.843       2299.260    0.000  -0.138   0.380   0.
  2017 352  9 12 13 507 352.383489667      -2.63      2.17      0.30  0.       -5478.492       5996.042       2297.596    0.000  -0.138   0.380   0.
  2017 352  9 12 14 507 352.383501241      -3.20      1.41     -0.70  0.       -5478.953       5995.241       2295.931    0.000  -0.139   0.381   0.
  2017 352  9 12 15 507 352.383512815      -1.83     -0.03     -1.89  0.       -5479.414       5994.439       2294.266    0.000  -0.139   0.381   0.
  2017 352  9 12 16 507 352.383524389      -0.12     -2.55     -2.44  0.       -5479.874       5993.637       2292.601    0.000  -0.139   0.381   0.
  2017 352  9 12 17 507 352.383535964       0.79     -3.18     -0.83  0.       -5480.334       5992.834       2290.935    0.000  -0.139   0.381   0.
  2017 352  9 12 18 507 352.383547538       1.34     -2.55      0.41  0.       -5480.794       5992.031       2289.270    0.000  -0.139   0.381   0.
  2017 352  9 12 19 507 352.383559112       0.96     -1.74      0.45  0.       -5481.253       5991.227       2287.604    0.000  -0.139   0.381   0.
  2017 352  9 12 20 507 352.383570686       0.12     -0.81     -0.45  0.       -5481.711       5990.423       2285.938    0.000  -0.139   0.381   0.
  2017 352  9 12 21 507 352.383582260      -0.23      0.04     -0.23  0.       -5482.170       5989.619       2284.272    0.000  -0.139   0.381   0.
  2017 352  9 12 22 507 352.383593834      -0.34      0.83     -0.50  0.       -5482.628       5988.814       2282.606    0.000  -0.139   0.381   0.
  2017 352  9 12 23 507 352.383605408      -1.43      0.49     -1.44  0.       -5483.085       5988.009       2280.939    0.000  -0.139   0.381   0.
  2017 352  9 12 24 506 352.383616979      -2.28      0.90     -1.20  0.       -5483.542       5987.203       2279.273    0.000  -0.139   0.381   0.
  2017 352  9 12 25 506 352.383628553      -1.27      0.07     -0.44  0.       -5483.999       5986.397       2277.606    0.000  -0.139   0.381   0.
  2017 352  9 12 26 506 352.383640127      -0.22      1.32     -0.84  0.       -5484.455       5985.591       2275.939    0.000  -0.138   0.380   0.
  2017 352  9 12 27 507 352.383651701      -0.89     -0.95     -2.20  0.       -5484.911       5984.784       2274.272    0.000  -0.138   0.380   0.
  2017 352  9 12 28 507 352.383663275      -1.90     -3.13     -2.09  0.       -5485.367       5983.976       2272.605    0.000  -0.139   0.381   0.
  2017 352  9 12 29 506 352.383674850      -1.83     -2.32     -0.02  0.       -5485.822       5983.168       2270.938    0.000  -0.139   0.381   0.
  2017 352  9 12 30 506 352.383686424      -1.91      0.32      0.40  0.       -5486.277       5982.360       2269.270    0.000  -0.138   0.380   0.
  2017 352  9 12 31 507 352.383697998      -2.47      0.98      0.15  0.       -5486.731       5981.552       2267.603    0.000  -0.138   0.380   0.
  2017 352  9 12 32 507 352.383709572      -3.75      1.43      1.01  0.       -5487.185       5980.742       2265.935    0.000  -0.139   0.381   0.
  2017 352  9 12 33 507 352.383721146      -4.18      1.55      0.37  0.       -5487.639       5979.933       2264.267    0.000  -0.139   0.381   0.
  2017 352  9 12 34 507 352.383732720      -3.46      1.18     -0.05  0.       -5488.092       5979.123       2262.599    0.000  -0.139   0.381   0.
  2017 352  9 12 35 507 352.383744294      -2.51      1.03     -0.66  0.       -5488.545       5978.313       2260.930    0.000  -0.139   0.381   0.
  2017 352  9 12 36 506 352.383755868      -1.35      0.81     -0.94  0.       -5488.997       5977.502       2259.262    0.000  -0.138   0.380   0.
  2017 352  9 12 37 506 352.383767442      -0.72     -0.01     -1.69  0.       -5489.449       5976.691       2257.593    0.000  -0.138   0.380   0.
  2017 352  9 12 38 506 352.383779016      -0.22     -1.78     -1.15  0.       -5489.901       5975.879       2255.925    0.000  -0.138   0.380   0.
  2017 352  9 12 39 506 352.383790590       0.21     -3.16     -1.20  0.       -5490.352       5975.067       2254.256    0.000  -0.138   0.380   0.
  2017 352  9 12 40 506 352.383802164       0.62     -3.22     -1.43  0.       -5490.803       5974.254       2252.587    0.000  -0.139   0.381   0.
  2017 352  9 12 41 507 352.383813738       0.65     -2.35     -0.16  0.       -5491.254       5973.441       2250.917    0.000  -0.139   0.381   0.
  2017 352  9 12 42 506 352.383825313      -0.83      0.49     -0.31  0.       -5491.704       5972.628       2249.248    0.000  -0.138   0.380   0.
  2017 352  9 12 43 506 352.383836887      -0.79      0.66     -1.89  0.       -5492.153       5971.814       2247.578    0.000  -0.138   0.380   0.
  2017 352  9 12 44 507 352.383848461       0.23      0.33      0.00  0.       -5492.603       5971.000       2245.908    0.000  -0.139   0.381   0.
  2017 352  9 12 45 507 352.383860035       0.29      0.64      1.30  0.       -5493.052       5970.185       2244.239    0.000  -0.139   0.381   0.
  2017 352  9 12 46 507 352.383871609       1.12      1.66      0.54  0.       -5493.500       5969.370       2242.568    0.000  -0.139   0.381   0.
  2017 352  9 12 47 507 352.383883183       0.18      1.16      0.43  0.       -5493.948       5968.555       2240.898    0.000  -0.139   0.381   0.
  2017 352  9 12 48 507 352.383894757       0.84     -0.01     -1.07  0.       -5494.396       5967.739       2239.228    0.000  -0.138   0.380   0.
  2017 352  9 12 49 506 352.383906331       2.99     -2.33     -0.78  0.       -5494.843       5966.922       2237.557    0.000  -0.138   0.380   0.
  2017 352  9 12 50 506 352.383917905       3.20     -1.92     -1.04  0.       -5495.290       5966.106       2235.887    0.000  -0.139   0.381   0.
  2017 352  9 12 51 506 352.383929479       3.13     -1.52     -0.76  0.       -5495.737       5965.288       2234.216    0.000  -0.139   0.381   0.
  2017 352  9 12 52 506 352.383941053       2.41     -0.82     -0.40  0.       -5496.183       5964.471       2232.545    0.000  -0.139   0.381   0.
  2017 352  9 12 53 506 352.383952627       2.09     -0.44     -0.49  0.       -5496.628       5963.653       2230.873    0.000  -0.139   0.381   0.
  2017 352  9 12 54 507 352.383964199       2.30     -0.42     -1.48  0.       -5497.074       5962.834       2229.202    0.000  -0.138   0.380   0.
  2017 352  9 12 55 506 352.383975773       2.05     -0.79     -2.14  0.       -5497.519       5962.015       2227.531    0.000  -0.138   0.380   0.
  2017 352  9 12 56 506 352.383987347       1.07     -1.16     -1.55  0.       -5497.963       5961.196       2225.859    0.000  -0.138   0.380   0.
  2017 352  9 12 57 506 352.383998921       0.47     -1.72     -1.24  0.       -5498.407       5960.376       2224.187    0.000  -0.138   0.380   0.
  2017 352  9 12 58 506 352.384010495      -0.08      0.55     -1.49  0.       -5498.851       5959.556       2222.515    0.000  -0.139   0.381   0.
  2017 352  9 12 59 506 352.384022069      -0.84     -0.12     -2.20  0.       -5499.295       5958.735       2220.843    0.000  -0.139   0.381   0.
  2017 352  9 13  0 506 352.384033643      -0.36     -0.47     -2.37  0.       -5499.738       5957.914       2219.170    0.000  -0.139   0.381   0.
  2017 352  9 13  1 506 352.384045217      -0.10     -0.38     -2.95  0.       -5500.180       5957.093       2217.498    0.000  -0.139   0.381   0.
  2017 352  9 13  2 506 352.384056791      -0.17     -1.13     -4.18  0.       -5500.622       5956.271       2215.825    0.000  -0.138   0.380   0.
  2017 352  9 13  3 506 352.384068365      -1.02     -3.20     -2.13  0.       -5501.064       5955.448       2214.153    0.000  -0.138   0.380   0.
  2017 352  9 13  4 506 352.384079939      -0.18      0.12     -0.40  0.       -5501.505       5954.625       2212.480    0.000  -0.138   0.380   0.
  2017 352  9 13  5 506 352.384091513       0.24      0.57     -0.98  0.       -5501.946       5953.802       2210.806    0.000  -0.138   0.380   0.
  2017 352  9 13  6 506 352.384103087       0.55     -0.17     -0.36  0.       -5502.387       5952.979       2209.133    0.000  -0.139   0.381   0.
  2017 352  9 13  7 506 352.384114661      -0.47      0.21     -0.37  0.       -5502.827       5952.154       2207.460    0.000  -0.139   0.381   0.
  2017 352  9 13  8 506 352.384126236      -0.28     -0.23     -0.16  0.       -5503.267       5951.330       2205.786    0.000  -0.139   0.381   0.
  2017 352  9 13  9 506 352.384137810      -0.22      0.51     -0.02  0.       -5503.706       5950.505       2204.112    0.000  -0.139   0.381   0.
  2017 352  9 13 10 506 352.384149384       0.15      0.03     -1.05  0.       -5504.145       5949.679       2202.438    0.000  -0.139   0.381   0.
  2017 352  9 13 11 506 352.384160958       0.37     -1.03     -1.76  0.       -5504.584       5948.854       2200.764    0.000  -0.139   0.381   0.
  2017 352  9 13 12 506 352.384172532      -0.40     -0.92     -2.03  0.       -5505.022       5948.027       2199.090    0.000  -0.139   0.381   0.
  2017 352  9 13 13 506 352.384184106      -0.85     -1.92     -1.81  0.       -5505.460       5947.201       2197.416    0.000  -0.139   0.381   0.
  2017 352  9 13 14 506 352.384195680      -0.31      1.10     -1.32  0.       -5505.897       5946.374       2195.741    0.000  -0.138   0.380   0.
  2017 352  9 13 15 506 352.384207254      -0.36      1.58     -0.49  0.       -5506.334       5945.546       2194.066    0.000  -0.138   0.380   0.
  2017 352  9 13 16 506 352.384218828      -0.97      0.92     -0.15  0.       -5506.771       5944.718       2192.392    0.000  -0.139   0.381   0.
  2017 352  9 13 17 506 352.384230402      -0.46      0.28     -0.14  0.       -5507.207       5943.890       2190.716    0.000  -0.139   0.381   0.
  2017 352  9 13 18 506 352.384241976      -0.68      0.40     -0.55  0.       -5507.643       5943.061       2189.041    0.000  -0.139   0.381   0.
  2017 352  9 13 19 506 352.384253550      -1.08      0.81     -0.86  0.       -5508.078       5942.232       2187.366    0.000  -0.139   0.381   0.
  2017 352  9 13 20 506 352.384265124      -1.13      0.90     -0.69  0.       -5508.513       5941.402       2185.690    0.000  -0.139   0.381   0.
  2017 352  9 13 21 506 352.384276698      -1.22      1.72     -0.80  0.       -5508.948       5940.572       2184.015    0.000  -0.139   0.381   0.
  2017 352  9 13 22 506 352.384288270      -1.26      1.53     -1.70  0.       -5509.382       5939.741       2182.339    0.000  -0.138   0.380   0.
  2017 352  9 13 23 506 352.384299844      -0.57     -0.94     -2.37  0.       -5509.816       5938.910       2180.663    0.000  -0.138   0.380   0.
  2017 352  9 13 24 506 352.384311418      -0.65      0.03     -0.55  0.       -5510.249       5938.079       2178.987    0.000  -0.139   0.381   0.
  2017 352  9 13 25 506 352.384322992      -1.26      0.77      0.38  0.       -5510.682       5937.247       2177.310    0.000  -0.139   0.381   0.
  2017 352  9 13 26 506 352.384334566      -1.71      1.56      1.35  0.       -5511.115       5936.415       2175.634    0.000  -0.139   0.381   0.
  2017 352  9 13 27 506 352.384346140      -1.02      2.10      1.24  0.       -5511.547       5935.582       2173.957    0.000  -0.139   0.381   0.
  2017 352  9 13 28 506 352.384357714      -0.70      2.03      1.09  0.       -5511.979       5934.749       2172.281    0.000  -0.138   0.380   0.
  2017 352  9 13 29 506 352.384369288      -0.17      2.05      0.22  0.       -5512.410       5933.915       2170.604    0.000  -0.138   0.380   0.
  2017 352  9 13 30 506 352.384380862       0.01      2.26     -0.83  0.       -5512.841       5933.081       2168.927    0.000  -0.139   0.381   0.
  2017 352  9 13 31 506 352.384392436      -0.16      2.28     -0.63  0.       -5513.272       5932.247       2167.249    0.000  -0.139   0.381   0.
  2017 352  9 13 32 506 352.384404010       0.20      2.31     -0.49  0.       -5513.702       5931.412       2165.572    0.000  -0.139   0.381   0.
  2017 352  9 13 33 506 352.384415585       0.61      2.13     -1.15  0.       -5514.132       5930.577       2163.894    0.000  -0.139   0.381   0.
  2017 352  9 13 34 506 352.384427159       1.07      2.21     -2.17  0.       -5514.561       5929.741       2162.217    0.000  -0.139   0.381   0.
  2017 352  9 13 35 506 352.384438733       0.46      1.31     -2.27  0.       -5514.990       5928.905       2160.539    0.000  -0.139   0.381   0.
  2017 352  9 13 36 506 352.384450307       0.46      1.27     -1.96  0.       -5515.419       5928.068       2158.861    0.000  -0.139   0.381   0.
  2017 352  9 13 37 506 352.384461881       0.59      1.48     -3.24  0.       -5515.847       5927.231       2157.182    0.000  -0.139   0.381   0.
  2017 352  9 13 38 506 352.384473455       0.57      1.07     -3.29  0.       -5516.275       5926.394       2155.504    0.000  -0.139   0.381   0.
  2017 352  9 13 39 506 352.384485029       0.11      1.15     -2.46  0.       -5516.702       5925.556       2153.826    0.000  -0.139   0.381   0.
  2017 352  9 13 40 506 352.384496603      -0.12      1.29     -3.62  0.       -5517.129       5924.718       2152.147    0.000  -0.139   0.381   0.
  2017 352  9 13 41 506 352.384508177      -0.69      1.71     -3.36  0.       -5517.556       5923.879       2150.468    0.000  -0.139   0.381   0.
  2017 352  9 13 42 506 352.384519751      -1.25      1.06     -2.86  0.       -5517.982       5923.040       2148.789    0.000  -0.138   0.380   0.
  2017 352  9 13 43 506 352.384531325      -1.33     -0.66     -2.67  0.       -5518.408       5922.200       2147.110    0.000  -0.138   0.380   0.
  2017 352  9 13 44 506 352.384542899      -1.79     -1.26     -2.61  0.       -5518.833       5921.360       2145.431    0.000  -0.139   0.381   0.
  2017 352  9 13 45 506 352.384554473      -2.14     -2.08     -1.51  0.       -5519.258       5920.520       2143.751    0.000  -0.139   0.381   0.
  2017 352  9 13 46 506 352.384566047      -1.81     -1.71      0.07  0.       -5519.683       5919.679       2142.072    0.000  -0.139   0.381   0.
  2017 352  9 13 47 506 352.384577622      -1.56     -0.07      0.93  0.       -5520.107       5918.837       2140.392    0.000  -0.139   0.381   0.
  2017 352  9 13 48 506 352.384589196      -1.99      0.45      0.81  0.       -5520.531       5917.996       2138.712    0.000  -0.139   0.381   0.
  2017 352  9 13 49 506 352.384600770      -2.20      0.55      0.80  0.       -5520.954       5917.153       2137.032    0.000  -0.139   0.381   0.
  2017 352  9 13 50 506 352.384612344      -2.33      1.07      0.73  0.       -5521.377       5916.311       2135.352    0.000  -0.139   0.381   0.
  2017 352  9 13 51 506 352.384623918      -1.88      0.86      0.89  0.       -5521.800       5915.468       2133.671    0.000  -0.139   0.381   0.
  2017 352  9 13 52 506 352.384635489      -1.35      1.11      0.91  0.       -5522.222       5914.624       2131.991    0.000  -0.139   0.381   0.
  2017 352  9 13 53 506 352.384647063      -0.97      0.85     -0.19  0.       -5522.644       5913.780       2130.310    0.000  -0.139   0.381   0.
  2017 352  9 13 54 506 352.384658637      -0.85      0.84     -0.02  0.       -5523.065       5912.936       2128.629    0.000  -0.139   0.381   0.
  2017 352  9 13 55 506 352.384670211      -0.43      0.01     -0.06  0.       -5523.486       5912.091       2126.948    0.000  -0.139   0.381   0.
  2017 352  9 13 56 506 352.384681785      -0.71      0.29     -0.41  0.       -5523.907       5911.246       2125.267    0.000  -0.139   0.381   0.
  2017 352  9 13 57 506 352.384693359      -0.53      0.30     -0.09  0.       -5524.327       5910.400       2123.586    0.000  -0.139   0.381   0.
  2017 352  9 13 58 506 352.384704933      -1.29      0.76     -0.17  0.       -5524.746       5909.554       2121.904    0.000  -0.139   0.381   0.
  2017 352  9 13 59 506 352.384716508      -1.36      0.72     -0.18  0.       -5525.166       5908.708       2120.223    0.000  -0.139   0.381   0.
  2017 352  9 14  0 506 352.384728082      -0.82      0.80     -0.21  0.       -5525.585       5907.861       2118.541    0.000  -0.139   0.381   0.
  2017 352  9 14  1 506 352.384739656      -0.16      0.51     -0.44  0.       -5526.003       5907.013       2116.859    0.000  -0.139   0.381   0.
  2017 352  9 14  2 506 352.384751230      -0.59      0.33     -0.28  0.       -5526.421       5906.166       2115.177    0.000  -0.139   0.381   0.
  2017 352  9 14  3 506 352.384762804      -0.30      0.26     -1.24  0.       -5526.839       5905.317       2113.495    0.000  -0.139   0.381   0.
  2017 352  9 14  4 506 352.384774378       0.06      0.44     -0.80  0.       -5527.256       5904.468       2111.812    0.000  -0.139   0.381   0.
  2017 352  9 14  5 506 352.384785952       0.46      0.35     -1.55  0.       -5527.673       5903.619       2110.130    0.000  -0.139   0.381   0.
  2017 352  9 14  6 506 352.384797526       0.70     -1.70     -1.58  0.       -5528.090       5902.770       2108.447    0.000  -0.138   0.380   0.
  2017 352  9 14  7 506 352.384809100      -0.43     -1.14     -0.11  0.       -5528.506       5901.920       2106.764    0.000  -0.138   0.380   0.
  2017 352  9 14  8 506 352.384820674      -0.25     -1.22     -0.30  0.       -5528.922       5901.069       2105.081    0.000  -0.138   0.380   0.
  2017 352  9 14  9 506 352.384832248      -0.21     -0.87     -0.40  0.       -5529.337       5900.218       2103.398    0.000  -0.138   0.380   0.
  2017 352  9 14 10 506 352.384843822      -0.04     -0.37     -0.23  0.       -5529.752       5899.367       2101.714    0.000  -0.139   0.381   0.
  2017 352  9 14 11 506 352.384855396       0.20     -0.20     -0.75  0.       -5530.166       5898.515       2100.031    0.000  -0.139   0.381   0.
  2017 352  9 14 12 506 352.384866970      -0.75      0.92     -1.09  0.       -5530.580       5897.663       2098.347    0.000  -0.139   0.381   0.
  2017 352  9 14 13 506 352.384878545      -0.17      0.54     -0.75  0.       -5530.994       5896.811       2096.663    0.000  -0.139   0.381   0.
  2017 352  9 14 14 506 352.384890119      -0.47     -0.30     -0.56  0.       -5531.407       5895.958       2094.980    0.000  -0.139   0.381   0.
  2017 352  9 14 15 506 352.384901693      -0.93      0.43     -0.72  0.       -5531.820       5895.104       2093.295    0.000  -0.139   0.381   0.
  2017 352  9 14 16 506 352.384913267      -0.84     -0.19     -0.82  0.       -5532.232       5894.250       2091.611    0.000  -0.139   0.381   0.
  2017 352  9 14 17 506 352.384924841      -0.83     -1.65     -1.77  0.       -5532.644       5893.396       2089.927    0.000  -0.139   0.381   0.
  2017 352  9 14 18 506 352.384936415      -0.88     -1.99     -1.43  0.       -5533.056       5892.541       2088.242    0.000  -0.139   0.381   0.
  2017 352  9 14 19 506 352.384947989      -0.15     -2.28     -1.39  0.       -5533.467       5891.686       2086.557    0.000  -0.139   0.381   0.
  2017 352  9 14 20 506 352.384959563       0.10     -2.10     -1.18  0.       -5533.878       5890.830       2084.873    0.000  -0.139   0.381   0.
  2017 352  9 14 21 506 352.384971137       0.42     -1.57     -0.96  0.       -5534.288       5889.974       2083.188    0.000  -0.139   0.381   0.
  2017 352  9 14 22 506 352.384982711       1.34     -1.86     -1.31  0.       -5534.699       5889.118       2081.502    0.000  -0.139   0.381   0.
  2017 352  9 14 23 506 352.384994285       1.66     -1.83     -1.46  0.       -5535.108       5888.261       2079.817    0.000  -0.139   0.381   0.
  2017 352  9 14 24 506 352.385005856       1.02     -0.09     -2.53  0.       -5535.517       5887.404       2078.132    0.000  -0.139   0.381   0.
  2017 352  9 14 25 505 352.385017431      -0.75      2.94     -2.21  0.       -5535.926       5886.546       2076.446    0.000  -0.139   0.381   0.
  2017 352  9 14 26 505 352.385029005      -1.24      3.20     -2.09  0.       -5536.334       5885.688       2074.760    0.000  -0.139   0.381   0.
  2017 352  9 14 27 506 352.385040579      -1.33      1.88     -1.11  0.       -5536.742       5884.829       2073.074    0.000  -0.139   0.381   0.
  2017 352  9 14 28 506 352.385052153      -0.13     -0.35     -0.06  0.       -5537.150       5883.970       2071.388    0.000  -0.139   0.381   0.
  2017 352  9 14 29 506 352.385063727      -0.22     -1.66     -0.80  0.       -5537.557       5883.110       2069.702    0.000  -0.139   0.381   0.
  2017 352  9 14 30 506 352.385075301      -0.23     -1.20     -1.65  0.       -5537.964       5882.250       2068.015    0.000  -0.139   0.381   0.
  2017 352  9 14 31 506 352.385086875      -0.67     -1.44     -2.71  0.       -5538.370       5881.390       2066.329    0.000  -0.139   0.381   0.
  2017 352  9 14 32 505 352.385098449      -1.50     -2.96     -1.97  0.       -5538.776       5880.529       2064.642    0.000  -0.139   0.381   0.
  2017 352  9 14 33 505 352.385110023      -2.82     -2.55     -0.38  0.       -5539.182       5879.668       2062.955    0.000  -0.139   0.381   0.
  2017 352  9 14 34 505 352.385121597      -1.65     -1.03     -0.28  0.       -5539.587       5878.806       2061.268    0.000  -0.139   0.381   0.
  2017 352  9 14 35 505 352.385133171       0.30     -1.62     -1.46  0.       -5539.991       5877.944       2059.581    0.000  -0.139   0.381   0.
  2017 352  9 14 36 506 352.385144745       1.34     -1.04     -0.55  0.       -5540.396       5877.081       2057.894    0.000  -0.139   0.381   0.
  2017 352  9 14 37 506 352.385156319       1.81     -0.86     -0.29  0.       -5540.799       5876.218       2056.206    0.000  -0.139   0.381   0.
  2017 352  9 14 38 505 352.385167894       1.03      0.09      0.08  0.       -5541.203       5875.355       2054.519    0.000  -0.139   0.381   0.
  2017 352  9 14 39 505 352.385179468       1.00      0.04      0.14  0.       -5541.606       5874.491       2052.831    0.000  -0.139   0.381   0.
  2017 352  9 14 40 506 352.385191042       1.01     -0.50     -0.13  0.       -5542.009       5873.626       2051.143    0.000  -0.139   0.381   0.
  2017 352  9 14 41 506 352.385202616       1.11     -0.97     -0.95  0.       -5542.411       5872.762       2049.455    0.000  -0.139   0.381   0.
  2017 352  9 14 42 506 352.385214190       1.25     -0.90     -1.08  0.       -5542.813       5871.897       2047.767    0.000  -0.139   0.381   0.
  2017 352  9 14 43 506 352.385225764       1.27     -0.86     -1.03  0.       -5543.214       5871.031       2046.078    0.000  -0.139   0.381   0.
  2017 352  9 14 44 506 352.385237338       1.11     -1.39     -1.14  0.       -5543.615       5870.165       2044.390    0.000  -0.139   0.381   0.
  2017 352  9 14 45 505 352.385248912       1.14     -1.78     -1.60  0.       -5544.016       5869.299       2042.701    0.000  -0.139   0.381   0.
  2017 352  9 14 46 505 352.385260486       0.86     -1.09     -1.32  0.       -5544.416       5868.432       2041.012    0.000  -0.139   0.381   0.
  2017 352  9 14 47 505 352.385272060       0.71      0.22     -2.14  0.       -5544.815       5867.564       2039.323    0.000  -0.139   0.381   0.
  2017 352  9 14 48 505 352.385283634       0.52      0.62     -2.02  0.       -5545.215       5866.697       2037.634    0.000  -0.139   0.381   0.
  2017 352  9 14 49 505 352.385295208      -0.89      1.97     -1.57  0.       -5545.614       5865.828       2035.945    0.000  -0.139   0.381   0.
  2017 352  9 14 50 506 352.385306782      -1.21      2.27     -0.92  0.       -5546.012       5864.960       2034.255    0.000  -0.139   0.381   0.
  2017 352  9 14 51 506 352.385318356      -1.29      2.35     -1.18  0.       -5546.410       5864.091       2032.566    0.000  -0.139   0.381   0.
  2017 352  9 14 52 505 352.385329928      -2.18      2.47     -2.02  0.       -5546.808       5863.221       2030.876    0.000  -0.139   0.381   0.
  2017 352  9 14 53 505 352.385341502      -1.31      1.76     -3.30  0.       -5547.205       5862.351       2029.186    0.000  -0.139   0.381   0.
  2017 352  9 14 54 505 352.385353076       1.51     -1.25     -2.66  0.       -5547.602       5861.481       2027.496    0.000  -0.139   0.381   0.
  2017 352  9 14 55 505 352.385364650       2.91     -1.00     -2.59  0.       -5547.999       5860.610       2025.806    0.000  -0.139   0.381   0.
  2017 352  9 14 56 505 352.385376224       0.26      0.62     -1.47  0.       -5548.395       5859.739       2024.116    0.000  -0.139   0.381   0.
  2017 352  9 14 57 505 352.385387798      -1.37      0.70     -1.13  0.       -5548.790       5858.867       2022.425    0.000  -0.139   0.381   0.
  2017 352  9 14 58 505 352.385399372      -0.38      1.08     -1.48  0.       -5549.186       5857.995       2020.734    0.000  -0.139   0.381   0.
  2017 352  9 14 59 505 352.385410946       0.54      0.24     -1.14  0.       -5549.580       5857.122       2019.044    0.000  -0.139   0.381   0.
  2017 352  9 15  0 505 352.385422520      -0.10     -0.83      0.34  0.       -5549.975       5856.249       2017.353    0.000  -0.138   0.380   0.
  2017 352  9 15  1 505 352.385434094       0.98     -0.83      0.04  0.       -5550.369       5855.376       2015.662    0.000  -0.138   0.380   0.
  2017 352  9 15  2 505 352.385445668       1.47     -0.56      0.24  0.       -5550.762       5854.502       2013.970    0.000  -0.139   0.381   0.
  2017 352  9 15  3 505 352.385457242       1.82      0.63      0.37  0.       -5551.156       5853.627       2012.279    0.000  -0.139   0.381   0.
  2017 352  9 15  4 505 352.385468817       2.04      2.10     -0.20  0.       -5551.548       5852.753       2010.587    0.000  -0.138   0.380   0.
  2017 352  9 15  5 505 352.385480391       1.25      1.19     -0.29  0.       -5551.941       5851.877       2008.896    0.000  -0.138   0.380   0.
  2017 352  9 15  6 505 352.385491965       0.70     -0.26      0.35  0.       -5552.333       5851.002       2007.204    0.000  -0.139   0.381   0.
  2017 352  9 15  7 505 352.385503539       1.09     -0.68     -0.96  0.       -5552.724       5850.126       2005.512    0.000  -0.139   0.381   0.
  2017 352  9 15  8 505 352.385515113       1.12     -0.81     -1.72  0.       -5553.115       5849.249       2003.820    0.000  -0.139   0.381   0.
  2017 352  9 15  9 505 352.385526687       0.94     -1.39     -1.80  0.       -5553.506       5848.372       2002.127    0.000  -0.139   0.381   0.
  2017 352  9 15 10 505 352.385538261       1.32     -0.66     -1.87  0.       -5553.896       5847.495       2000.435    0.000  -0.139   0.381   0.
  2017 352  9 15 11 505 352.385549835       1.59     -0.36     -2.22  0.       -5554.286       5846.617       1998.742    0.000  -0.139   0.381   0.
  2017 352  9 15 12 505 352.385561409       1.36     -0.17     -2.04  0.       -5554.675       5845.739       1997.050    0.000  -0.139   0.381   0.
  2017 352  9 15 13 505 352.385572983       1.28     -0.12     -1.75  0.       -5555.064       5844.860       1995.357    0.000  -0.139   0.381   0.
  2017 352  9 15 14 505 352.385584557       0.19     -0.65     -1.98  0.       -5555.453       5843.981       1993.664    0.000  -0.139   0.381   0.
  2017 352  9 15 15 505 352.385596131       0.03      0.38     -1.52  0.       -5555.841       5843.101       1991.970    0.000  -0.139   0.381   0.
  2017 352  9 15 16 505 352.385607705       0.36      0.80     -1.38  0.       -5556.229       5842.221       1990.277    0.000  -0.139   0.381   0.
  2017 352  9 15 17 505 352.385619280       1.09      1.07     -0.77  0.       -5556.616       5841.341       1988.584    0.000  -0.139   0.381   0.
  2017 352  9 15 18 505 352.385630854      -0.12      0.82     -0.36  0.       -5557.003       5840.460       1986.890    0.000  -0.139   0.381   0.
  2017 352  9 15 19 505 352.385642428      -0.08     -0.26     -0.10  0.       -5557.390       5839.579       1985.196    0.000  -0.139   0.381   0.
  2017 352  9 15 20 505 352.385654002       0.50     -1.59      0.41  0.       -5557.776       5838.697       1983.502    0.000  -0.139   0.381   0.
  2017 352  9 15 21 505 352.385665576       0.98     -1.30      0.35  0.       -5558.162       5837.815       1981.808    0.000  -0.139   0.381   0.
  2017 352  9 15 22 505 352.385677147       0.71     -1.55      0.06  0.       -5558.547       5836.932       1980.114    0.000  -0.139   0.381   0.
  2017 352  9 15 23 505 352.385688721      -0.01     -1.05     -0.35  0.       -5558.932       5836.049       1978.420    0.000  -0.139   0.381   0.
  2017 352  9 15 24 505 352.385700295       0.10      0.57     -1.60  0.       -5559.316       5835.166       1976.725    0.000  -0.139   0.381   0.
  2017 352  9 15 25 505 352.385711869      -0.19      0.27     -2.34  0.       -5559.700       5834.282       1975.030    0.000  -0.139   0.381   0.
  2017 352  9 15 26 505 352.385723443      -1.17     -0.99     -1.61  0.       -5560.084       5833.397       1973.335    0.000  -0.139   0.381   0.
  2017 352  9 15 27 505 352.385735017      -0.61     -1.13     -0.76  0.       -5560.467       5832.512       1971.641    0.000  -0.139   0.381   0.
  2017 352  9 15 28 505 352.385746591      -0.78     -1.41     -1.91  0.       -5560.850       5831.627       1969.945    0.000  -0.139   0.381   0.
  2017 352  9 15 29 505 352.385758165      -0.53      0.09     -0.73  0.       -5561.232       5830.742       1968.250    0.000  -0.139   0.381   0.
  2017 352  9 15 30 505 352.385769740       0.10      0.57      0.08  0.       -5561.614       5829.855       1966.554    0.000  -0.139   0.381   0.
  2017 352  9 15 31 505 352.385781314      -0.94      1.39     -0.76  0.       -5561.996       5828.969       1964.859    0.000  -0.139   0.381   0.
  2017 352  9 15 32 505 352.385792888      -1.63      0.45     -1.98  0.       -5562.377       5828.082       1963.164    0.000  -0.139   0.381   0.
  2017 352  9 15 33 505 352.385804462      -1.82     -1.32     -3.53  0.       -5562.757       5827.194       1961.467    0.000  -0.139   0.381   0.
  2017 352  9 15 34 505 352.385816036      -2.35     -2.23     -1.84  0.       -5563.138       5826.306       1959.771    0.000  -0.139   0.381   0.
  2017 352  9 15 35 505 352.385827610      -0.77     -1.68     -0.23  0.       -5563.517       5825.418       1958.075    0.000  -0.139   0.381   0.
  2017 352  9 15 36 505 352.385839184       0.69     -0.10     -0.13  0.       -5563.897       5824.529       1956.379    0.000  -0.139   0.381   0.
  2017 352  9 15 37 505 352.385850758       0.30     -0.10     -1.22  0.       -5564.276       5823.640       1954.682    0.000  -0.139   0.381   0.
  2017 352  9 15 38 505 352.385862332       1.16     -0.85     -0.87  0.       -5564.655       5822.751       1952.986    0.000  -0.139   0.381   0.
  2017 352  9 15 39 505 352.385873906       1.47     -1.34     -0.96  0.       -5565.033       5821.861       1951.289    0.000  -0.139   0.381   0.
  2017 352  9 15 40 505 352.385885480      -0.69     -1.40     -0.33  0.       -5565.410       5820.970       1949.592    0.000  -0.139   0.381   0.
  2017 352  9 15 41 505 352.385897054      -2.22      0.39     -0.80  0.       -5565.788       5820.079       1947.895    0.000  -0.139   0.381   0.
  2017 352  9 15 42 505 352.385908628       0.14      0.22     -2.10  0.       -5566.165       5819.188       1946.198    0.000  -0.139   0.381   0.
  2017 352  9 15 43 505 352.385920203       1.19     -0.13     -0.59  0.       -5566.541       5818.296       1944.501    0.000  -0.139   0.381   0.
  2017 352  9 15 44 505 352.385931777      -0.68     -0.56     -0.60  0.       -5566.917       5817.404       1942.803    0.000  -0.139   0.381   0.
  2017 352  9 15 45 505 352.385943351      -0.28     -1.90      0.44  0.       -5567.293       5816.511       1941.106    0.000  -0.139   0.381   0.
  2017 352  9 15 46 505 352.385954925       0.50      1.17      0.23  0.       -5567.668       5815.618       1939.408    0.000  -0.139   0.381   0.
  2017 352  9 15 47 505 352.385966499       0.45      1.77     -0.87  0.       -5568.043       5814.724       1937.710    0.000  -0.139   0.381   0.
  2017 352  9 15 48 505 352.385978073       1.42      1.31     -2.31  0.       -5568.417       5813.830       1936.012    0.000  -0.139   0.381   0.
  2017 352  9 15 49 505 352.385989647       1.77     -1.10     -1.41  0.       -5568.791       5812.936       1934.314    0.000  -0.139   0.381   0.
  2017 352  9 15 50 505 352.386001221       1.64     -0.94     -0.18  0.       -5569.165       5812.041       1932.615    0.000  -0.138   0.380   0.
  2017 352  9 15 51 505 352.386012795       1.22     -0.69      0.51  0.       -5569.538       5811.146       1930.917    0.000  -0.138   0.380   0.
  2017 352  9 15 52 505 352.386024366       1.64     -1.09      0.12  0.       -5569.911       5810.250       1929.218    0.000  -0.139   0.381   0.
  2017 352  9 15 53 505 352.386035940       1.97     -1.68      0.27  0.       -5570.283       5809.354       1927.520    0.000  -0.139   0.381   0.
  2017 352  9 15 54 505 352.386047514       1.95     -1.35      0.30  0.       -5570.655       5808.457       1925.821    0.000  -0.139   0.381   0.
  2017 352  9 15 55 505 352.386059089       1.45     -1.31      0.13  0.       -5571.027       5807.560       1924.121    0.000  -0.139   0.381   0.
  2017 352  9 15 56 505 352.386070663       0.86     -1.15     -0.50  0.       -5571.398       5806.662       1922.422    0.000  -0.139   0.381   0.
  2017 352  9 15 57 505 352.386082237       0.38     -0.49     -0.48  0.       -5571.768       5805.764       1920.723    0.000  -0.139   0.381   0.
  2017 352  9 15 58 505 352.386093811       0.32     -0.08     -0.27  0.       -5572.138       5804.866       1919.023    0.000  -0.139   0.381   0.
  2017 352  9 15 59 505 352.386105385       0.05      0.29     -0.96  0.       -5572.508       5803.967       1917.324    0.000  -0.139   0.381   0.
  2017 352  9 16  0 505 352.386116959      -0.15      1.17     -2.29  0.       -5572.878       5803.068       1915.624    0.000  -0.139   0.381   0.
  2017 352  9 16  1 505 352.386128533       0.68      0.80     -2.17  0.       -5573.246       5802.168       1913.924    0.000  -0.139   0.381   0.
  2017 352  9 16  2 505 352.386140107       0.28      0.47     -1.54  0.       -5573.615       5801.268       1912.224    0.000  -0.139   0.381   0.
  2017 352  9 16  3 505 352.386151681       0.30      0.37     -1.21  0.       -5573.983       5800.367       1910.524    0.000  -0.139   0.381   0.
  2017 352  9 16  4 505 352.386163255       0.32      0.17     -0.55  0.       -5574.351       5799.466       1908.823    0.000  -0.139   0.381   0.
  2017 352  9 16  5 505 352.386174829       1.00      0.29     -1.44  0.       -5574.718       5798.565       1907.123    0.000  -0.139   0.381   0.
  2017 352  9 16  6 505 352.386186403       1.29      0.47     -2.27  0.       -5575.085       5797.663       1905.422    0.000  -0.139   0.381   0.
  2017 352  9 16  7 505 352.386197977       0.68      0.72     -2.26  0.       -5575.451       5796.760       1903.721    0.000  -0.139   0.381   0.
  2017 352  9 16  8 505 352.386209552      -0.02     -0.08     -0.67  0.       -5575.817       5795.858       1902.020    0.000  -0.139   0.381   0.
  2017 352  9 16  9 505 352.386221126      -0.17     -0.77      0.06  0.       -5576.183       5794.954       1900.319    0.000  -0.139   0.381   0.
  2017 352  9 16 10 505 352.386232700       0.84     -0.87     -1.17  0.       -5576.548       5794.051       1898.618    0.000  -0.138   0.380   0.
  2017 352  9 16 11 505 352.386244274      -0.38      0.01     -1.35  0.       -5576.913       5793.147       1896.916    0.000  -0.138   0.380   0.
  2017 352  9 16 12 505 352.386255848      -0.39     -0.64     -0.61  0.       -5577.277       5792.242       1895.215    0.000  -0.139   0.381   0.
  2017 352  9 16 13 505 352.386267422      -0.18     -0.99     -0.39  0.       -5577.641       5791.337       1893.513    0.000  -0.139   0.381   0.
  2017 352  9 16 14 505 352.386278996      -1.36     -0.28     -0.16  0.       -5578.004       5790.432       1891.811    0.000  -0.139   0.381   0.
  2017 352  9 16 15 505 352.386290570      -2.31      0.23     -0.56  0.       -5578.367       5789.526       1890.109    0.000  -0.139   0.381   0.
  2017 352  9 16 16 505 352.386302144      -2.19     -0.25     -0.57  0.       -5578.730       5788.620       1888.407    0.000  -0.139   0.381   0.
  2017 352  9 16 17 505 352.386313718      -1.87     -0.17     -0.35  0.       -5579.092       5787.713       1886.705    0.000  -0.139   0.381   0.
  2017 352  9 16 18 505 352.386325292      -0.61      0.59     -0.93  0.       -5579.454       5786.806       1885.003    0.000  -0.138   0.380   0.
  2017 352  9 16 19 505 352.386336866       0.31      0.25     -0.76  0.       -5579.815       5785.898       1883.300    0.000  -0.138   0.380   0.
  2017 352  9 16 20 505 352.386348440       0.80     -0.20     -1.07  0.       -5580.176       5784.990       1881.597    0.000  -0.139   0.381   0.
  2017 352  9 16 21 505 352.386360014      -0.26     -0.02      0.36  0.       -5580.536       5784.081       1879.895    0.000  -0.139   0.381   0.
  2017 352  9 16 22 504 352.386371586      -0.97      1.49      0.35  0.       -5580.896       5783.172       1878.192    0.000  -0.139   0.381   0.
  2017 352  9 16 23 505 352.386383160      -0.77      1.08      0.46  0.       -5581.256       5782.263       1876.488    0.000  -0.139   0.381   0.
  2017 352  9 16 24 505 352.386394734      -0.91      1.12      0.01  0.       -5581.615       5781.353       1874.785    0.000  -0.139   0.381   0.
  2017 352  9 16 25 505 352.386406308      -1.06     -0.51     -1.37  0.       -5581.974       5780.443       1873.082    0.000  -0.139   0.381   0.
  2017 352  9 16 26 505 352.386417882       0.41     -0.91     -0.96  0.       -5582.332       5779.532       1871.378    0.000  -0.139   0.381   0.
  2017 352  9 16 27 504 352.386429456       0.70     -0.02     -1.28  0.       -5582.690       5778.621       1869.675    0.000  -0.139   0.381   0.
  2017 352  9 16 28 504 352.386441030       0.75      0.26      0.09  0.       -5583.048       5777.709       1867.971    0.000  -0.139   0.381   0.
  2017 352  9 16 29 504 352.386452604       1.28     -0.10     -0.55  0.       -5583.405       5776.797       1866.267    0.000  -0.139   0.381   0.
  2017 352  9 16 30 504 352.386464178       1.78     -0.48     -1.15  0.       -5583.761       5775.885       1864.563    0.000  -0.139   0.381   0.
  2017 352  9 16 31 504 352.386475752       1.29     -0.22     -1.07  0.       -5584.118       5774.972       1862.858    0.000  -0.139   0.381   0.
  2017 352  9 16 32 505 352.386487326       0.57      0.05     -0.68  0.       -5584.473       5774.058       1861.154    0.000  -0.139   0.381   0.
  2017 352  9 16 33 505 352.386498900       0.54      0.81      0.03  0.       -5584.829       5773.145       1859.449    0.000  -0.139   0.381   0.
  2017 352  9 16 34 504 352.386510475       1.08      0.57     -0.51  0.       -5585.184       5772.230       1857.745    0.000  -0.139   0.381   0.
  2017 352  9 16 35 504 352.386522049       1.20      0.15     -0.37  0.       -5585.538       5771.316       1856.040    0.000  -0.139   0.381   0.
  2017 352  9 16 36 505 352.386533623       1.19      0.24     -0.17  0.       -5585.892       5770.401       1854.335    0.000  -0.139   0.381   0.
  2017 352  9 16 37 505 352.386545197       0.89     -0.13     -0.38  0.       -5586.246       5769.485       1852.630    0.000  -0.139   0.381   0.
  2017 352  9 16 38 505 352.386556771       0.45      0.00     -0.55  0.       -5586.599       5768.569       1850.925    0.000  -0.139   0.381   0.
  2017 352  9 16 39 505 352.386568345       0.83     -0.42     -0.43  0.       -5586.952       5767.653       1849.219    0.000  -0.139   0.381   0.
  2017 352  9 16 40 505 352.386579919       1.16     -0.99     -0.78  0.       -5587.305       5766.736       1847.514    0.000  -0.139   0.381   0.
  2017 352  9 16 41 504 352.386591493       1.48     -1.22     -0.99  0.       -5587.656       5765.818       1845.808    0.000  -0.139   0.381   0.
  2017 352  9 16 42 504 352.386603067       0.89     -1.11     -0.94  0.       -5588.007       5764.901       1844.102    0.000  -0.139   0.381   0.
  2017 352  9 16 43 504 352.386614641       0.88     -1.55     -0.52  0.       -5588.359       5763.982       1842.396    0.000  -0.139   0.381   0.
  2017 352  9 16 44 504 352.386626215       0.77     -1.85     -0.20  0.       -5588.709       5763.064       1840.690    0.000  -0.139   0.381   0.
  2017 352  9 16 45 505 352.386637789       0.73      0.20     -0.69  0.       -5589.059       5762.145       1838.984    0.000  -0.139   0.381   0.
  2017 352  9 16 46 505 352.386649363       0.99      0.28     -1.22  0.       -5589.409       5761.225       1837.277    0.000  -0.139   0.381   0.
  2017 352  9 16 47 504 352.386660937       0.70     -0.32     -0.61  0.       -5589.759       5760.305       1835.571    0.000  -0.139   0.381   0.
  2017 352  9 16 48 504 352.386672512      -0.67      0.33     -0.42  0.       -5590.108       5759.385       1833.864    0.000  -0.139   0.381   0.
  2017 352  9 16 49 504 352.386684086      -1.08      0.67     -0.76  0.       -5590.456       5758.464       1832.157    0.000  -0.139   0.381   0.
  2017 352  9 16 50 505 352.386695657      -0.88      0.47     -0.76  0.       -5590.804       5757.542       1830.451    0.000  -0.139   0.381   0.
  2017 352  9 16 51 504 352.386707231      -0.84      0.38     -1.25  0.       -5591.152       5756.621       1828.743    0.000  -0.139   0.381   0.
  2017 352  9 16 52 504 352.386718805      -1.40      1.09     -0.61  0.       -5591.499       5755.698       1827.036    0.000  -0.139   0.381   0.
  2017 352  9 16 53 504 352.386730379      -1.45      0.94      0.42  0.       -5591.846       5754.776       1825.329    0.000  -0.139   0.381   0.
  2017 352  9 16 54 504 352.386741953      -1.12      0.53      0.29  0.       -5592.192       5753.853       1823.621    0.000  -0.139   0.381   0.
  2017 352  9 16 55 504 352.386753527      -0.98     -0.11     -0.19  0.       -5592.538       5752.929       1821.914    0.000  -0.139   0.381   0.
  2017 352  9 16 56 504 352.386765101      -0.56     -0.22     -0.22  0.       -5592.884       5752.005       1820.206    0.000  -0.138   0.380   0.
  2017 352  9 16 57 504 352.386776675      -0.37      0.05     -0.40  0.       -5593.229       5751.081       1818.498    0.000  -0.138   0.380   0.
  2017 352  9 16 58 504 352.386788249       0.03     -0.08     -1.15  0.       -5593.573       5750.156       1816.790    0.000  -0.139   0.381   0.
  2017 352  9 16 59 504 352.386799823       0.18     -0.17     -0.62  0.       -5593.917       5749.231       1815.082    0.000  -0.139   0.381   0.
  2017 352  9 17  0 504 352.386811398       0.35      0.58     -0.94  0.       -5594.261       5748.305       1813.373    0.000  -0.139   0.381   0.
  2017 352  9 17  1 504 352.386822972       0.91      0.50     -1.19  0.       -5594.605       5747.379       1811.665    0.000  -0.139   0.381   0.
  2017 352  9 17  2 504 352.386834546       0.64     -0.03     -0.51  0.       -5594.948       5746.452       1809.956    0.000  -0.139   0.381   0.
  2017 352  9 17  3 504 352.386846120       0.19     -0.71     -0.32  0.       -5595.290       5745.525       1808.247    0.000  -0.139   0.381   0.
  2017 352  9 17  4 504 352.386857694       0.50     -0.41     -0.61  0.       -5595.632       5744.597       1806.539    0.000  -0.139   0.381   0.
  2017 352  9 17  5 504 352.386869268       0.55      0.17     -1.61  0.       -5595.974       5743.669       1804.829    0.000  -0.139   0.381   0.
  2017 352  9 17  6 504 352.386880842       0.31     -0.38     -1.78  0.       -5596.315       5742.741       1803.120    0.000  -0.139   0.381   0.
  2017 352  9 17  7 504 352.386892416      -0.40     -0.20     -0.69  0.       -5596.656       5741.812       1801.411    0.000  -0.139   0.381   0.
  2017 352  9 17  8 504 352.386903990      -0.79      0.73     -1.03  0.       -5596.996       5740.883       1799.702    0.000  -0.139   0.381   0.
  2017 352  9 17  9 504 352.386915564      -0.55      0.54     -1.28  0.       -5597.336       5739.953       1797.992    0.000  -0.139   0.381   0.
  2017 352  9 17 10 504 352.386927138      -0.10      0.66     -1.41  0.       -5597.676       5739.023       1796.282    0.000  -0.139   0.381   0.
  2017 352  9 17 11 504 352.386938712       0.43      0.34     -1.86  0.       -5598.014       5738.092       1794.572    0.000  -0.139   0.381   0.
  2017 352  9 17 12 504 352.386950286       1.33      0.73     -1.54  0.       -5598.353       5737.161       1792.862    0.000  -0.139   0.381   0.
  2017 352  9 17 13 504 352.386961861       1.05      0.64     -1.48  0.       -5598.691       5736.230       1791.152    0.000  -0.139   0.381   0.
  2017 352  9 17 14 504 352.386973435       0.81      0.51     -0.81  0.       -5599.029       5735.298       1789.442    0.000  -0.139   0.381   0.
  2017 352  9 17 15 504 352.386985009       0.65     -0.05     -0.77  0.       -5599.366       5734.366       1787.731    0.000  -0.139   0.381   0.
  2017 352  9 17 16 504 352.386996583       0.22     -0.42     -1.21  0.       -5599.703       5733.433       1786.021    0.000  -0.139   0.381   0.
  2017 352  9 17 17 504 352.387008157       0.09     -0.31     -1.88  0.       -5600.039       5732.499       1784.310    0.000  -0.139   0.381   0.
  2017 352  9 17 18 504 352.387019731       0.79     -1.13     -0.93  0.       -5600.376       5731.566       1782.599    0.000  -0.139   0.381   0.
  2017 352  9 17 19 504 352.387031305       0.23     -1.01      0.35  0.       -5600.711       5730.632       1780.888    0.000  -0.139   0.381   0.
  2017 352  9 17 20 504 352.387042876       0.18     -0.55      0.04  0.       -5601.046       5729.697       1779.177    0.000  -0.139   0.381   0.
  2017 352  9 17 21 504 352.387054450      -0.60     -0.44      0.12  0.       -5601.381       5728.762       1777.466    0.000  -0.139   0.381   0.
  2017 352  9 17 22 504 352.387066024      -1.70     -0.02     -0.58  0.       -5601.715       5727.826       1775.754    0.000  -0.139   0.381   0.
  2017 352  9 17 23 504 352.387077598      -0.26     -0.10     -0.60  0.       -5602.049       5726.890       1774.043    0.000  -0.139   0.381   0.
  2017 352  9 17 24 504 352.387089173       1.00     -0.53      0.12  0.       -5602.382       5725.954       1772.331    0.000  -0.139   0.381   0.
  2017 352  9 17 25 504 352.387100746       1.16     -1.54      1.00  0.       -5602.715       5725.017       1770.619    0.000  -0.139   0.381   0.
  2017 352  9 17 26 504 352.387112321       0.38     -2.16      0.99  0.       -5603.048       5724.080       1768.908    0.000  -0.139   0.381   0.
  2017 352  9 17 27 504 352.387123895      -1.00     -0.71     -1.08  0.       -5603.380       5723.142       1767.196    0.000  -0.139   0.381   0.
  2017 352  9 17 28 504 352.387135469      -0.04     -0.81     -0.25  0.       -5603.712       5722.204       1765.483    0.000  -0.139   0.381   0.
  2017 352  9 17 29 504 352.387147043      -0.76      0.70     -0.39  0.       -5604.043       5721.266       1763.771    0.000  -0.139   0.381   0.
  2017 352  9 17 30 504 352.387158617      -1.54      0.59     -0.06  0.       -5604.374       5720.326       1762.058    0.000  -0.139   0.381   0.
  2017 352  9 17 31 504 352.387170191      -1.12      0.28      0.47  0.       -5604.704       5719.387       1760.346    0.000  -0.139   0.381   0.
  2017 352  9 17 32 504 352.387181765      -0.45      0.07     -0.00  0.       -5605.034       5718.447       1758.633    0.000  -0.139   0.381   0.
  2017 352  9 17 33 504 352.387193339      -0.74      0.47     -0.45  0.       -5605.364       5717.507       1756.920    0.000  -0.139   0.381   0.
  2017 352  9 17 34 504 352.387204913      -0.97      0.54     -0.81  0.       -5605.693       5716.566       1755.207    0.000  -0.139   0.381   0.
  2017 352  9 17 35 504 352.387216487      -1.57     -0.30     -0.25  0.       -5606.021       5715.625       1753.494    0.000  -0.139   0.381   0.
  2017 352  9 17 36 504 352.387228061      -0.80      0.33     -0.48  0.       -5606.349       5714.683       1751.781    0.000  -0.139   0.381   0.
  2017 352  9 17 37 504 352.387239635       0.71      0.27     -2.48  0.       -5606.677       5713.741       1750.067    0.000  -0.139   0.381   0.
  2017 352  9 17 38 504 352.387251210       0.91      0.34     -2.28  0.       -5607.004       5712.798       1748.353    0.000  -0.139   0.381   0.
  2017 352  9 17 39 504 352.387262784       1.36     -0.03     -2.14  0.       -5607.331       5711.855       1746.640    0.000  -0.139   0.381   0.
  2017 352  9 17 40 504 352.387274358       1.63     -1.67     -1.67  0.       -5607.658       5710.912       1744.926    0.000  -0.139   0.381   0.
  2017 352  9 17 41 504 352.387285932       0.73     -2.06     -0.85  0.       -5607.984       5709.968       1743.212    0.000  -0.139   0.381   0.
  2017 352  9 17 42 504 352.387297506       1.32     -2.19     -1.15  0.       -5608.309       5709.023       1741.498    0.000  -0.139   0.381   0.
  2017 352  9 17 43 504 352.387309080       1.13     -1.97     -1.60  0.       -5608.634       5708.078       1739.784    0.000  -0.139   0.381   0.
  2017 352  9 17 44 504 352.387320654       1.65     -2.64     -1.78  0.       -5608.959       5707.133       1738.069    0.000  -0.139   0.381   0.
  2017 352  9 17 45 504 352.387332228       1.40     -2.99     -1.24  0.       -5609.283       5706.187       1736.355    0.000  -0.139   0.381   0.
  2017 352  9 17 46 504 352.387343802       0.33     -2.35     -0.75  0.       -5609.607       5705.241       1734.640    0.000  -0.139   0.381   0.
  2017 352  9 17 47 504 352.387355376      -0.02     -1.11     -0.02  0.       -5609.930       5704.295       1732.925    0.000  -0.139   0.381   0.
  2017 352  9 17 48 504 352.387366950      -0.45     -0.85      0.13  0.       -5610.253       5703.348       1731.210    0.000  -0.138   0.380   0.
  2017 352  9 17 49 504 352.387378524      -0.00     -1.02      0.14  0.       -5610.576       5702.400       1729.495    0.000  -0.138   0.380   0.
  2017 352  9 17 50 504 352.387390098       0.09     -1.34     -0.29  0.       -5610.898       5701.452       1727.780    0.000  -0.139   0.381   0.
  2017 352  9 17 51 504 352.387401673      -0.31     -0.27     -1.03  0.       -5611.220       5700.504       1726.064    0.000  -0.139   0.381   0.
  2017 352  9 17 52 504 352.387413244      -0.91      0.70     -2.05  0.       -5611.541       5699.555       1724.349    0.000  -0.139   0.381   0.
  2017 352  9 17 53 504 352.387424818      -0.64      0.83     -2.55  0.       -5611.861       5698.605       1722.633    0.000  -0.139   0.381   0.
  2017 352  9 17 54 504 352.387436392      -0.49      0.62     -2.19  0.       -5612.182       5697.656       1720.918    0.000  -0.139   0.381   0.
  2017 352  9 17 55 504 352.387447966      -0.55      0.58     -1.03  0.       -5612.502       5696.706       1719.202    0.000  -0.139   0.381   0.
  2017 352  9 17 56 504 352.387459540      -0.55     -0.22     -0.39  0.       -5612.821       5695.755       1717.486    0.000  -0.139   0.381   0.
  2017 352  9 17 57 504 352.387471114      -1.62     -0.00     -1.18  0.       -5613.140       5694.804       1715.769    0.000  -0.139   0.381   0.
  2017 352  9 17 58 504 352.387482688      -1.55      0.71     -2.07  0.       -5613.459       5693.852       1714.053    0.000  -0.139   0.381   0.
  2017 352  9 17 59 504 352.387494262      -1.24      0.71     -2.77  0.       -5613.777       5692.900       1712.337    0.000  -0.139   0.381   0.
  2017 352  9 18  0 504 352.387505836      -1.33      0.92     -3.56  0.       -5614.094       5691.948       1710.620    0.000  -0.138   0.380   0.
  2017 352  9 18  1 504 352.387517410       0.47     -1.28     -1.72  0.       -5614.412       5690.995       1708.904    0.000  -0.138   0.380   0.
  2017 352  9 18  2 504 352.387528984       0.72     -1.53     -1.07  0.       -5614.728       5690.042       1707.187    0.000  -0.139   0.381   0.
  2017 352  9 18  3 504 352.387540558      -0.10     -1.00     -1.08  0.       -5615.045       5689.088       1705.470    0.000  -0.139   0.381   0.
  2017 352  9 18  4 504 352.387552133      -0.78     -0.37     -0.30  0.       -5615.361       5688.134       1703.753    0.000  -0.139   0.381   0.
  2017 352  9 18  5 504 352.387563707      -0.12      0.14     -0.58  0.       -5615.676       5687.179       1702.035    0.000  -0.139   0.381   0.
  2017 352  9 18  6 504 352.387575281      -0.68      0.59     -1.56  0.       -5615.991       5686.224       1700.318    0.000  -0.139   0.381   0.
  2017 352  9 18  7 504 352.387586855      -1.06      0.28     -1.08  0.       -5616.306       5685.269       1698.600    0.000  -0.139   0.381   0.
  2017 352  9 18  8 504 352.387598429      -1.04      0.34     -1.06  0.       -5616.620       5684.313       1696.883    0.000  -0.139   0.381   0.
  2017 352  9 18  9 504 352.387610003      -0.62      0.39     -1.08  0.       -5616.933       5683.356       1695.165    0.000  -0.139   0.381   0.
  2017 352  9 18 10 504 352.387621577      -0.02     -0.11     -0.41  0.       -5617.247       5682.399       1693.447    0.000  -0.139   0.381   0.
  2017 352  9 18 11 504 352.387633151      -0.12     -0.78     -0.48  0.       -5617.560       5681.442       1691.729    0.000  -0.139   0.381   0.
  2017 352  9 18 12 504 352.387644725       0.74     -1.70     -1.12  0.       -5617.872       5680.484       1690.011    0.000  -0.139   0.381   0.
  2017 352  9 18 13 504 352.387656299       2.65     -1.87     -1.49  0.       -5618.184       5679.526       1688.293    0.000  -0.139   0.381   0.
  2017 352  9 18 14 504 352.387667873       3.68     -0.90     -1.08  0.       -5618.495       5678.568       1686.574    0.000  -0.139   0.381   0.
  2017 352  9 18 15 504 352.387679447       3.17     -0.56     -0.52  0.       -5618.806       5677.608       1684.856    0.000  -0.139   0.381   0.
  2017 352  9 18 16 504 352.387691021       2.86      0.24     -0.04  0.       -5619.117       5676.649       1683.137    0.000  -0.139   0.381   0.
  2017 352  9 18 17 504 352.387702595       2.89      0.56      0.21  0.       -5619.427       5675.689       1681.418    0.000  -0.139   0.381   0.
  2017 352  9 18 18 504 352.387714170       2.25      0.51     -0.41  0.       -5619.737       5674.728       1679.699    0.000  -0.139   0.381   0.
  2017 352  9 18 19 504 352.387725744       1.55      0.72     -0.75  0.       -5620.046       5673.768       1677.980    0.000  -0.139   0.381   0.
  2017 352  9 18 20 504 352.387737315       0.70      0.75     -0.97  0.       -5620.355       5672.806       1676.261    0.000  -0.139   0.381   0.
  2017 352  9 18 21 504 352.387748889       0.03      0.47     -0.53  0.       -5620.663       5671.844       1674.542    0.000  -0.139   0.381   0.
  2017 352  9 18 22 504 352.387760463      -0.09      0.46     -1.34  0.       -5620.971       5670.882       1672.822    0.000  -0.139   0.381   0.
  2017 352  9 18 23 503 352.387772037      -0.35      0.23     -1.37  0.       -5621.279       5669.919       1671.102    0.000  -0.139   0.381   0.
  2017 352  9 18 24 503 352.387783611      -0.33      0.42     -1.75  0.       -5621.586       5668.956       1669.383    0.000  -0.139   0.381   0.
  2017 352  9 18 25 503 352.387795185      -1.23      0.55     -1.98  0.       -5621.893       5667.993       1667.663    0.000  -0.139   0.381   0.
  2017 352  9 18 26 503 352.387806759      -1.08      0.23     -1.90  0.       -5622.199       5667.029       1665.943    0.000  -0.139   0.381   0.
  2017 352  9 18 27 503 352.387818333      -1.10      0.36     -1.28  0.       -5622.504       5666.064       1664.223    0.000  -0.139   0.381   0.
  2017 352  9 18 28 504 352.387829907      -1.19      0.31     -0.79  0.       -5622.810       5665.099       1662.502    0.000  -0.139   0.381   0.
  2017 352  9 18 29 504 352.387841482      -1.73      0.03     -0.82  0.       -5623.115       5664.134       1660.782    0.000  -0.139   0.381   0.
  2017 352  9 18 30 503 352.387853056      -1.38     -0.14     -0.12  0.       -5623.419       5663.168       1659.062    0.000  -0.139   0.381   0.
  2017 352  9 18 31 503 352.387864630      -1.35      0.04      0.48  0.       -5623.723       5662.202       1657.341    0.000  -0.139   0.381   0.
  2017 352  9 18 32 504 352.387876204      -1.04      0.45      0.74  0.       -5624.026       5661.235       1655.620    0.000  -0.139   0.381   0.
  2017 352  9 18 33 504 352.387887778      -0.57      0.45      0.39  0.       -5624.329       5660.268       1653.899    0.000  -0.139   0.381   0.
  2017 352  9 18 34 504 352.387899352       0.24      0.39     -0.20  0.       -5624.632       5659.300       1652.178    0.000  -0.138   0.380   0.
  2017 352  9 18 35 504 352.387910926       0.51      0.43     -0.15  0.       -5624.934       5658.332       1650.457    0.000  -0.138   0.380   0.
  2017 352  9 18 36 504 352.387922500       0.79      1.43     -0.08  0.       -5625.236       5657.364       1648.736    0.000  -0.139   0.381   0.
  2017 352  9 18 37 503 352.387934074      -0.27      1.30      0.33  0.       -5625.537       5656.395       1647.014    0.000  -0.139   0.381   0.
  2017 352  9 18 38 503 352.387945648      -0.10      1.39      0.11  0.       -5625.838       5655.426       1645.293    0.000  -0.139   0.381   0.
  2017 352  9 18 39 503 352.387957222       0.46      2.04     -0.42  0.       -5626.139       5654.456       1643.571    0.000  -0.139   0.381   0.
  2017 352  9 18 40 503 352.387968796       0.56      2.05     -0.40  0.       -5626.438       5653.485       1641.849    0.000  -0.139   0.381   0.
  2017 352  9 18 41 504 352.387980370       0.64      2.47     -0.45  0.       -5626.738       5652.515       1640.127    0.000  -0.139   0.381   0.
  2017 352  9 18 42 504 352.387991944      -0.08      2.16     -0.45  0.       -5627.037       5651.543       1638.405    0.000  -0.138   0.380   0.
  2017 352  9 18 43 503 352.388003519      -0.91      2.10     -0.05  0.       -5627.336       5650.572       1636.683    0.000  -0.138   0.380   0.
  2017 352  9 18 44 503 352.388015093      -1.04      2.46     -0.33  0.       -5627.634       5649.600       1634.960    0.000  -0.139   0.381   0.
  2017 352  9 18 45 504 352.388026667      -0.98      2.55     -0.78  0.       -5627.931       5648.627       1633.238    0.000  -0.139   0.381   0.
  2017 352  9 18 46 504 352.388038241      -1.24      2.66     -1.17  0.       -5628.229       5647.654       1631.515    0.000  -0.139   0.381   0.
  2017 352  9 18 47 504 352.388049815      -1.70      2.62     -0.92  0.       -5628.526       5646.681       1629.792    0.000  -0.139   0.381   0.
  2017 352  9 18 48 504 352.388061389      -1.76      2.35     -1.12  0.       -5628.822       5645.707       1628.069    0.000  -0.139   0.381   0.
  2017 352  9 18 49 504 352.388072963      -2.20      2.97     -1.26  0.       -5629.118       5644.733       1626.346    0.000  -0.139   0.381   0.
  2017 352  9 18 50 503 352.388084535      -2.37      1.79     -1.48  0.       -5629.413       5643.758       1624.623    0.000  -0.139   0.381   0.
  2017 352  9 18 51 503 352.388096108      -2.98      0.91     -0.38  0.       -5629.708       5642.782       1622.900    0.000  -0.139   0.381   0.
  2017 352  9 18 52 503 352.388107682      -3.27      0.75      0.06  0.       -5630.003       5641.807       1621.177    0.000  -0.139   0.381   0.
  2017 352  9 18 53 503 352.388119256      -2.80      0.36     -0.00  0.       -5630.297       5640.831       1619.453    0.000  -0.139   0.381   0.
  2017 352  9 18 54 503 352.388130830      -2.56      0.53     -0.06  0.       -5630.591       5639.854       1617.729    0.000  -0.139   0.381   0.
  2017 352  9 18 55 503 352.388142404      -0.87      1.47     -1.36  0.       -5630.884       5638.877       1616.006    0.000  -0.139   0.381   0.
  2017 352  9 18 56 503 352.388153979      -0.34      2.14     -1.63  0.       -5631.177       5637.900       1614.282    0.000  -0.139   0.381   0.
  2017 352  9 18 57 503 352.388165553      -1.00      1.78     -1.91  0.       -5631.469       5636.922       1612.558    0.000  -0.139   0.381   0.
  2017 352  9 18 58 503 352.388177127      -1.58      1.79     -1.48  0.       -5631.761       5635.943       1610.834    0.000  -0.139   0.381   0.
  2017 352  9 18 59 503 352.388188701      -2.11      1.77     -1.24  0.       -5632.052       5634.964       1609.109    0.000  -0.139   0.381   0.
  2017 352  9 19  0 503 352.388200275      -1.92      1.66     -1.58  0.       -5632.343       5633.985       1607.385    0.000  -0.139   0.381   0.
  2017 352  9 19  1 503 352.388211849      -1.68      1.02     -0.78  0.       -5632.634       5633.005       1605.660    0.000  -0.139   0.381   0.
  2017 352  9 19  2 503 352.388223423      -1.25      0.42      1.63  0.       -5632.924       5632.025       1603.936    0.000  -0.139   0.381   0.
  2017 352  9 19  3 503 352.388234997      -1.17     -0.33      1.44  0.       -5633.214       5631.045       1602.211    0.000  -0.139   0.381   0.
  2017 352  9 19  4 503 352.388246571       0.77     -0.79      0.47  0.       -5633.503       5630.064       1600.486    0.000  -0.139   0.381   0.
  2017 352  9 19  5 503 352.388258145       0.86     -0.73      0.62  0.       -5633.791       5629.082       1598.761    0.000  -0.139   0.381   0.
  2017 352  9 19  6 503 352.388269719       0.02     -0.90      0.37  0.       -5634.079       5628.100       1597.035    0.000  -0.139   0.381   0.
  2017 352  9 19  7 503 352.388281293       0.46     -1.26      0.31  0.       -5634.368       5627.118       1595.310    0.000  -0.139   0.381   0.
  2017 352  9 19  8 503 352.388292867       2.10     -0.66      0.16  0.       -5634.655       5626.135       1593.585    0.000  -0.139   0.381   0.
  2017 352  9 19  9 503 352.388304442       2.87     -0.54     -1.48  0.       -5634.942       5625.151       1591.859    0.000  -0.139   0.381   0.
  2017 352  9 19 10 503 352.388316016       2.08      1.98      0.02  0.       -5635.229       5624.168       1590.133    0.000  -0.139   0.381   0.
  2017 352  9 19 11 503 352.388327590       1.03      0.42      0.55  0.       -5635.515       5623.183       1588.408    0.000  -0.139   0.381   0.
  2017 352  9 19 12 503 352.388339164       1.61     -0.69     -0.38  0.       -5635.800       5622.199       1586.682    0.000  -0.139   0.381   0.
  2017 352  9 19 13 503 352.388350738       1.50     -1.48     -1.26  0.       -5636.085       5621.214       1584.956    0.000  -0.139   0.381   0.
  2017 352  9 19 14 503 352.388362312       1.71     -1.80     -2.12  0.       -5636.370       5620.228       1583.229    0.000  -0.139   0.381   0.
  2017 352  9 19 15 503 352.388373886       2.31     -2.21     -1.19  0.       -5636.654       5619.242       1581.503    0.000  -0.139   0.381   0.
  2017 352  9 19 16 503 352.388385460       2.46     -2.16     -0.79  0.       -5636.938       5618.256       1579.777    0.000  -0.139   0.381   0.
  2017 352  9 19 17 503 352.388397034       2.56     -2.99     -0.17  0.       -5637.221       5617.269       1578.050    0.000  -0.139   0.381   0.
  2017 352  9 19 18 503 352.388408608       2.78     -3.25      0.21  0.       -5637.504       5616.281       1576.323    0.000  -0.139   0.381   0.
  2017 352  9 19 19 503 352.388420182       2.67     -2.68      0.40  0.       -5637.787       5615.293       1574.596    0.000  -0.139   0.381   0.
  2017 352  9 19 20 503 352.388431753       2.02     -2.34     -0.26  0.       -5638.069       5614.305       1572.869    0.000  -0.139   0.381   0.
  2017 352  9 19 21 503 352.388443328       1.34     -2.02     -0.79  0.       -5638.350       5613.316       1571.142    0.000  -0.139   0.381   0.
  2017 352  9 19 22 503 352.388454902       1.61     -2.38     -0.67  0.       -5638.631       5612.327       1569.415    0.000  -0.139   0.381   0.
  2017 352  9 19 23 503 352.388466476       1.17     -1.46     -1.19  0.       -5638.912       5611.338       1567.688    0.000  -0.139   0.381   0.
  2017 352  9 19 24 503 352.388478050       0.51     -1.22     -1.53  0.       -5639.192       5610.348       1565.960    0.000  -0.139   0.381   0.
  2017 352  9 19 25 503 352.388489624       0.60      0.93     -0.89  0.       -5639.472       5609.357       1564.233    0.000  -0.139   0.381   0.
  2017 352  9 19 26 503 352.388501198      -0.03      0.21      1.00  0.       -5639.751       5608.366       1562.505    0.000  -0.139   0.381   0.
  2017 352  9 19 27 503 352.388512772       0.69     -0.76      0.61  0.       -5640.030       5607.374       1560.777    0.000  -0.139   0.381   0.
  2017 352  9 19 28 503 352.388524346       1.13     -0.63     -1.22  0.       -5640.308       5606.382       1559.049    0.000  -0.139   0.381   0.
  2017 352  9 19 29 503 352.388535920      -0.34     -0.62     -2.59  0.       -5640.586       5605.390       1557.321    0.000  -0.139   0.381   0.
  2017 352  9 19 30 503 352.388547494      -0.69     -0.38     -0.98  0.       -5640.864       5604.398       1555.593    0.000  -0.139   0.381   0.
  2017 352  9 19 31 503 352.388559068      -0.92     -0.81     -0.71  0.       -5641.140       5603.404       1553.864    0.000  -0.139   0.381   0.
  2017 352  9 19 32 503 352.388570642      -0.82     -0.91     -0.44  0.       -5641.417       5602.411       1552.136    0.000  -0.139   0.381   0.
  2017 352  9 19 33 503 352.388582216      -0.74     -1.14     -0.78  0.       -5641.693       5601.417       1550.407    0.000  -0.139   0.381   0.
  2017 352  9 19 34 503 352.388593791      -2.17     -0.80     -0.77  0.       -5641.969       5600.422       1548.679    0.000  -0.139   0.381   0.
  2017 352  9 19 35 503 352.388605365      -2.26     -0.40      0.12  0.       -5642.244       5599.427       1546.950    0.000  -0.139   0.381   0.
  2017 352  9 19 36 503 352.388616939      -1.08     -0.07     -0.77  0.       -5642.519       5598.431       1545.221    0.000  -0.139   0.381   0.
  2017 352  9 19 37 503 352.388628513      -1.04      0.54     -2.33  0.       -5642.793       5597.435       1543.492    0.000  -0.139   0.381   0.
  2017 352  9 19 38 503 352.388640087      -0.39      0.51     -2.01  0.       -5643.067       5596.439       1541.762    0.000  -0.139   0.381   0.
  2017 352  9 19 39 503 352.388651661       0.20      0.42     -1.03  0.       -5643.340       5595.442       1540.033    0.000  -0.139   0.381   0.
  2017 352  9 19 40 503 352.388663235       0.63     -0.58     -0.69  0.       -5643.613       5594.445       1538.303    0.000  -0.139   0.381   0.
  2017 352  9 19 41 503 352.388674809       0.14     -0.22     -0.60  0.       -5643.885       5593.447       1536.574    0.000  -0.139   0.381   0.
  2017 352  9 19 42 503 352.388686383       0.72     -0.28     -0.59  0.       -5644.157       5592.449       1534.844    0.000  -0.139   0.381   0.
  2017 352  9 19 43 503 352.388697957      -0.09     -0.40     -1.54  0.       -5644.429       5591.450       1533.114    0.000  -0.139   0.381   0.
  2017 352  9 19 44 503 352.388709531       1.04     -0.32     -1.79  0.       -5644.700       5590.451       1531.384    0.000  -0.139   0.381   0.
  2017 352  9 19 45 503 352.388721105       1.11      0.98     -1.23  0.       -5644.971       5589.452       1529.654    0.000  -0.139   0.381   0.
  2017 352  9 19 46 503 352.388732679      -0.05     -0.39     -0.16  0.       -5645.241       5588.452       1527.924    0.000  -0.139   0.381   0.
  2017 352  9 19 47 503 352.388744254      -0.94     -1.27     -1.10  0.       -5645.510       5587.451       1526.194    0.000  -0.139   0.381   0.
  2017 352  9 19 48 503 352.388755825      -0.79     -1.68     -0.31  0.       -5645.780       5586.450       1524.463    0.000  -0.139   0.381   0.
  2017 352  9 19 49 503 352.388767399       1.32     -2.71     -0.54  0.       -5646.048       5585.449       1522.733    0.000  -0.139   0.381   0.
  2017 352  9 19 50 503 352.388778973       1.43     -1.70     -0.65  0.       -5646.317       5584.447       1521.002    0.000  -0.139   0.381   0.
  2017 352  9 19 51 503 352.388790547       0.71      0.27     -0.43  0.       -5646.585       5583.445       1519.271    0.000  -0.139   0.381   0.
  2017 352  9 19 52 503 352.388802121       0.91      0.54     -0.69  0.       -5646.852       5582.442       1517.540    0.000  -0.139   0.381   0.
  2017 352  9 19 53 503 352.388813695       1.40     -0.09     -1.07  0.       -5647.119       5581.439       1515.809    0.000  -0.139   0.381   0.
  2017 352  9 19 54 503 352.388825269       0.82     -1.12      0.16  0.       -5647.385       5580.435       1514.078    0.000  -0.139   0.381   0.
  2017 352  9 19 55 503 352.388836843       1.08     -0.42      0.30  0.       -5647.651       5579.431       1512.346    0.000  -0.139   0.381   0.
  2017 352  9 19 56 503 352.388848417       0.65      0.26     -0.22  0.       -5647.917       5578.426       1510.615    0.000  -0.139   0.381   0.
  2017 352  9 19 57 503 352.388859991       0.46     -0.24     -0.19  0.       -5648.182       5577.422       1508.883    0.000  -0.139   0.381   0.
  2017 352  9 19 58 503 352.388871565       0.15      0.04     -1.44  0.       -5648.447       5576.416       1507.152    0.000  -0.139   0.381   0.
  2017 352  9 19 59 503 352.388883139       0.01     -1.16      0.37  0.       -5648.711       5575.410       1505.420    0.000  -0.139   0.381   0.
  2017 352  9 20  0 503 352.388894714       0.46      0.96      1.14  0.       -5648.975       5574.404       1503.688    0.000  -0.139   0.381   0.
  2017 352  9 20  1 503 352.388906288       0.43      1.74     -1.53  0.       -5649.238       5573.397       1501.956    0.000  -0.139   0.381   0.
  2017 352  9 20  2 503 352.388917862      -0.55     -0.06     -2.69  0.       -5649.501       5572.390       1500.224    0.000  -0.139   0.381   0.
  2017 352  9 20  3 503 352.388929436      -0.72      0.13     -1.24  0.       -5649.763       5571.382       1498.491    0.000  -0.139   0.381   0.
  2017 352  9 20  4 503 352.388941010      -0.17      0.53     -1.86  0.       -5650.025       5570.374       1496.759    0.000  -0.139   0.381   0.
  2017 352  9 20  5 503 352.388952584       0.01      0.12     -1.04  0.       -5650.287       5569.365       1495.026    0.000  -0.139   0.381   0.
  2017 352  9 20  6 503 352.388964158       0.50     -0.91      0.64  0.       -5650.548       5568.356       1493.294    0.000  -0.139   0.381   0.
  2017 352  9 20  7 503 352.388975732      -0.54     -1.05     -0.48  0.       -5650.808       5567.347       1491.561    0.000  -0.139   0.381   0.
  2017 352  9 20  8 503 352.388987306      -0.33      0.09     -0.76  0.       -5651.068       5566.337       1489.828    0.000  -0.139   0.381   0.
  2017 352  9 20  9 503 352.388998880       0.05      0.18     -0.62  0.       -5651.328       5565.326       1488.095    0.000  -0.139   0.381   0.
  2017 352  9 20 10 503 352.389010454       0.27      0.61     -0.84  0.       -5651.587       5564.315       1486.362    0.000  -0.139   0.381   0.
  2017 352  9 20 11 503 352.389022028       1.71      1.16     -1.05  0.       -5651.846       5563.304       1484.628    0.000  -0.139   0.381   0.
  2017 352  9 20 12 503 352.389033602       1.89      0.73     -1.28  0.       -5652.104       5562.292       1482.895    0.000  -0.139   0.381   0.
  2017 352  9 20 13 503 352.389045177       1.99      0.46     -0.70  0.       -5652.362       5561.280       1481.162    0.000  -0.139   0.381   0.
  2017 352  9 20 14 503 352.389056751       2.66      0.02     -0.80  0.       -5652.619       5560.267       1479.428    0.000  -0.139   0.381   0.
  2017 352  9 20 15 503 352.389068325       2.80     -0.34     -0.82  0.       -5652.876       5559.254       1477.694    0.000  -0.139   0.381   0.
  2017 352  9 20 16 503 352.389079899       2.89     -0.39     -0.60  0.       -5653.132       5558.241       1475.960    0.000  -0.139   0.381   0.
  2017 352  9 20 17 503 352.389091473       2.94     -0.59     -0.47  0.       -5653.388       5557.227       1474.226    0.000  -0.139   0.381   0.
  2017 352  9 20 18 503 352.389103044       2.82     -0.75     -0.45  0.       -5653.644       5556.212       1472.492    0.000  -0.139   0.381   0.
  2017 352  9 20 19 502 352.389114618       2.94     -0.96     -0.67  0.       -5653.899       5555.197       1470.758    0.000  -0.139   0.381   0.
  2017 352  9 20 20 502 352.389126192       2.98     -0.66     -1.37  0.       -5654.153       5554.182       1469.023    0.000  -0.139   0.381   0.
  2017 352  9 20 21 502 352.389137766       2.96     -0.39     -1.65  0.       -5654.407       5553.166       1467.289    0.000  -0.139   0.381   0.
  2017 352  9 20 22 502 352.389149340       2.70     -0.26     -1.53  0.       -5654.661       5552.149       1465.554    0.000  -0.139   0.381   0.
  2017 352  9 20 23 503 352.389160914       2.64     -0.61     -1.40  0.       -5654.914       5551.133       1463.820    0.000  -0.139   0.381   0.
  2017 352  9 20 24 503 352.389172488       2.80     -0.71     -1.71  0.       -5655.167       5550.115       1462.085    0.000  -0.139   0.381   0.
  2017 352  9 20 25 503 352.389184063       2.02      0.36     -2.61  0.       -5655.419       5549.098       1460.350    0.000  -0.139   0.381   0.
  2017 352  9 20 26 502 352.389195637       1.44      1.28     -2.65  0.       -5655.671       5548.080       1458.615    0.000  -0.139   0.381   0.
  2017 352  9 20 27 503 352.389207211       1.46      1.23     -2.43  0.       -5655.922       5547.061       1456.880    0.000  -0.139   0.381   0.
  2017 352  9 20 28 503 352.389218785       2.04      0.95     -2.12  0.       -5656.173       5546.042       1455.144    0.000  -0.139   0.381   0.
  2017 352  9 20 29 503 352.389230359       2.52      1.05     -2.06  0.       -5656.423       5545.022       1453.409    0.000  -0.139   0.381   0.
  2017 352  9 20 30 503 352.389241933       2.76      1.29     -1.81  0.       -5656.673       5544.002       1451.673    0.000  -0.139   0.381   0.
  2017 352  9 20 31 503 352.389253507       2.87      1.02     -0.90  0.       -5656.922       5542.982       1449.938    0.000  -0.139   0.381   0.
  2017 352  9 20 32 502 352.389265081       3.31      0.39     -0.02  0.       -5657.171       5541.961       1448.202    0.000  -0.139   0.381   0.
  2017 352  9 20 33 502 352.389276655       3.75     -0.13      0.13  0.       -5657.420       5540.940       1446.466    0.000  -0.139   0.381   0.
  2017 352  9 20 34 502 352.389288229       4.19     -0.89     -0.15  0.       -5657.668       5539.918       1444.730    0.000  -0.139   0.381   0.
  2017 352  9 20 35 502 352.389299803       4.29     -1.59     -0.39  0.       -5657.915       5538.896       1442.994    0.000  -0.139   0.381   0.
  2017 352  9 20 36 502 352.389311377       4.54     -1.74     -0.80  0.       -5658.163       5537.873       1441.257    0.000  -0.139   0.381   0.
  2017 352  9 20 37 503 352.389322951       4.54     -1.20     -1.65  0.       -5658.409       5536.850       1439.521    0.000  -0.139   0.381   0.
  2017 352  9 20 38 503 352.389334525       3.69     -1.04     -2.31  0.       -5658.655       5535.826       1437.785    0.000  -0.139   0.381   0.
  2017 352  9 20 39 502 352.389346100       2.17      0.29     -2.69  0.       -5658.901       5534.802       1436.048    0.000  -0.139   0.381   0.
  2017 352  9 20 40 502 352.389357674       0.62      1.08     -1.87  0.       -5659.146       5533.778       1434.311    0.000  -0.139   0.381   0.
  2017 352  9 20 41 503 352.389369248       0.26      0.86     -2.07  0.       -5659.391       5532.753       1432.574    0.000  -0.139   0.381   0.
  2017 352  9 20 42 503 352.389380822      -0.25      0.95     -1.74  0.       -5659.636       5531.727       1430.837    0.000  -0.139   0.381   0.
  2017 352  9 20 43 503 352.389392396      -0.13      0.91     -2.60  0.       -5659.879       5530.701       1429.100    0.000  -0.139   0.381   0.
  2017 352  9 20 44 503 352.389403970      -0.47      2.33     -2.70  0.       -5660.123       5529.675       1427.363    0.000  -0.139   0.381   0.
  2017 352  9 20 45 503 352.389415544      -0.01     -0.48     -0.30  0.       -5660.366       5528.648       1425.626    0.000  -0.139   0.381   0.
  2017 352  9 20 46 502 352.389427118       1.69     -1.22     -0.07  0.       -5660.608       5527.621       1423.888    0.000  -0.139   0.381   0.
  2017 352  9 20 47 502 352.389438692       2.52     -0.34     -0.11  0.       -5660.850       5526.593       1422.151    0.000  -0.139   0.381   0.
  2017 352  9 20 48 502 352.389450264       1.87     -1.33      0.56  0.       -5661.092       5525.565       1420.413    0.000  -0.139   0.381   0.
  2017 352  9 20 49 502 352.389461837       1.32     -0.19     -0.47  0.       -5661.333       5524.536       1418.675    0.000  -0.139   0.381   0.
  2017 352  9 20 50 502 352.389473411       0.04      0.21     -0.97  0.       -5661.573       5523.507       1416.937    0.000  -0.139   0.381   0.
  2017 352  9 20 51 502 352.389484986       0.36     -0.51     -0.72  0.       -5661.813       5522.478       1415.199    0.000  -0.139   0.381   0.
  2017 352  9 20 52 502 352.389496560       0.75      0.44     -0.97  0.       -5662.053       5521.448       1413.461    0.000  -0.139   0.381   0.
  2017 352  9 20 53 502 352.389508134       0.76      0.94     -0.81  0.       -5662.292       5520.417       1411.723    0.000  -0.139   0.381   0.
  2017 352  9 20 54 502 352.389519708       0.61      1.60     -1.55  0.       -5662.531       5519.387       1409.984    0.000  -0.139   0.381   0.
  2017 352  9 20 55 502 352.389531282      -0.28      2.72     -1.49  0.       -5662.769       5518.355       1408.246    0.000  -0.139   0.381   0.
  2017 352  9 20 56 502 352.389542856      -1.11      2.38     -1.76  0.       -5663.007       5517.323       1406.507    0.000  -0.139   0.381   0.
  2017 352  9 20 57 502 352.389554430      -1.62      3.06     -2.63  0.       -5663.244       5516.291       1404.768    0.000  -0.139   0.381   0.
  2017 352  9 20 58 502 352.389566004      -0.14      1.41     -2.28  0.       -5663.481       5515.258       1403.030    0.000  -0.139   0.381   0.
  2017 352  9 20 59 502 352.389577578      -2.31      1.88     -2.34  0.       -5663.718       5514.225       1401.291    0.000  -0.139   0.381   0.
  2017 352  9 21  0 502 352.389589152      -2.88      2.30     -2.60  0.       -5663.954       5513.192       1399.552    0.000  -0.139   0.381   0.
  2017 352  9 21  1 502 352.389600726      -1.58      3.14     -2.33  0.       -5664.189       5512.157       1397.812    0.000  -0.139   0.381   0.
  2017 352  9 21  2 502 352.389612300      -1.26      4.20     -2.09  0.       -5664.424       5511.123       1396.073    0.000  -0.139   0.381   0.
  2017 352  9 21  3 502 352.389623874      -0.89      3.43     -1.13  0.       -5664.658       5510.088       1394.334    0.000  -0.139   0.381   0.
  2017 352  9 21  4 502 352.389635448       0.09      3.17     -0.74  0.       -5664.893       5509.052       1392.594    0.000  -0.139   0.381   0.
  2017 352  9 21  5 502 352.389647023       1.41      3.35     -0.68  0.       -5665.126       5508.016       1390.854    0.000  -0.139   0.381   0.
  2017 352  9 21  6 502 352.389658597       0.80      1.97     -0.12  0.       -5665.359       5506.980       1389.115    0.000  -0.139   0.381   0.
  2017 352  9 21  7 502 352.389670171       0.63     -0.61      0.05  0.       -5665.592       5505.943       1387.375    0.000  -0.139   0.381   0.
  2017 352  9 21  8 502 352.389681745      -0.05      0.25     -1.19  0.       -5665.824       5504.906       1385.635    0.000  -0.139   0.381   0.
  2017 352  9 21  9 502 352.389693319      -0.47      2.49     -2.20  0.       -5666.056       5503.868       1383.895    0.000  -0.139   0.381   0.
  2017 352  9 21 10 502 352.389704893      -0.29      1.03     -2.13  0.       -5666.287       5502.830       1382.154    0.000  -0.139   0.381   0.
  2017 352  9 21 11 502 352.389716467      -0.46      1.79     -1.22  0.       -5666.518       5501.791       1380.414    0.000  -0.139   0.381   0.
  2017 352  9 21 12 502 352.389728041      -0.84      0.63     -0.47  0.       -5666.748       5500.752       1378.674    0.000  -0.139   0.381   0.
  2017 352  9 21 13 502 352.389739615       0.48     -1.45     -0.02  0.       -5666.978       5499.713       1376.933    0.000  -0.139   0.381   0.
  2017 352  9 21 14 502 352.389751189       1.67      0.33     -0.79  0.       -5667.207       5498.672       1375.192    0.000  -0.139   0.381   0.
  2017 352  9 21 15 502 352.389762763       1.83      1.88     -1.63  0.       -5667.436       5497.632       1373.451    0.000  -0.139   0.381   0.
  2017 352  9 21 16 502 352.389774337       1.28      3.06     -1.28  0.       -5667.664       5496.591       1371.711    0.000  -0.139   0.381   0.
  2017 352  9 21 17 502 352.389785911       1.00      3.26     -1.28  0.       -5667.892       5495.550       1369.969    0.000  -0.139   0.381   0.
  2017 352  9 21 18 502 352.389797483       2.66      3.03      0.09  0.       -5668.120       5494.508       1368.228    0.000  -0.139   0.381   0.
  2017 352  9 21 19 502 352.389809057       3.34      0.54      1.85  0.       -5668.347       5493.466       1366.487    0.000  -0.139   0.381   0.
  2017 352  9 21 20 502 352.389820631       2.30      0.66     -0.37  0.       -5668.573       5492.423       1364.746    0.000  -0.139   0.381   0.
  2017 352  9 21 21 502 352.389832205       2.72      0.14     -0.50  0.       -5668.799       5491.380       1363.004    0.000  -0.139   0.381   0.
  2017 352  9 21 22 502 352.389843779       4.66     -1.53     -0.19  0.       -5669.025       5490.336       1361.263    0.000  -0.139   0.381   0.
  2017 352  9 21 23 502 352.389855353       5.04     -1.00     -1.49  0.       -5669.250       5489.292       1359.521    0.000  -0.139   0.381   0.
  2017 352  9 21 24 502 352.389866927       3.24      0.31     -1.37  0.       -5669.475       5488.247       1357.779    0.000  -0.139   0.381   0.
  2017 352  9 21 25 502 352.389878501       2.54     -1.53     -1.64  0.       -5669.699       5487.202       1356.037    0.000  -0.139   0.381   0.
  2017 352  9 21 26 502 352.389890075       3.43     -1.95     -2.55  0.       -5669.922       5486.156       1354.295    0.000  -0.139   0.381   0.
  2017 352  9 21 27 502 352.389901649       3.89     -1.62     -2.55  0.       -5670.145       5485.110       1352.553    0.000  -0.139   0.381   0.
  2017 352  9 21 28 502 352.389913223       4.25     -0.89     -2.32  0.       -5670.368       5484.064       1350.811    0.000  -0.139   0.381   0.
  2017 352  9 21 29 502 352.389924797       4.43     -0.86     -1.89  0.       -5670.590       5483.017       1349.068    0.000  -0.139   0.381   0.
  2017 352  9 21 30 502 352.389936372       4.81     -0.97     -1.82  0.       -5670.812       5481.970       1347.326    0.000  -0.139   0.381   0.
  2017 352  9 21 31 502 352.389947946       4.83     -0.86     -1.62  0.       -5671.033       5480.922       1345.583    0.000  -0.139   0.381   0.
  2017 352  9 21 32 502 352.389959520       4.77     -0.78     -1.32  0.       -5671.254       5479.874       1343.840    0.000  -0.139   0.381   0.
  2017 352  9 21 33 502 352.389971094       4.64     -0.76     -1.34  0.       -5671.475       5478.825       1342.097    0.000  -0.139   0.381   0.
  2017 352  9 21 34 502 352.389982668       4.64     -0.48     -1.45  0.       -5671.694       5477.776       1340.355    0.000  -0.139   0.381   0.
  2017 352  9 21 35 502 352.389994242       4.75     -0.34     -1.30  0.       -5671.914       5476.726       1338.611    0.000  -0.139   0.381   0.
  2017 352  9 21 36 502 352.390005816       4.95     -0.63     -0.96  0.       -5672.133       5475.676       1336.868    0.000  -0.139   0.381   0.
  2017 352  9 21 37 502 352.390017390       5.09     -1.03     -0.59  0.       -5672.351       5474.625       1335.125    0.000  -0.139   0.381   0.
  2017 352  9 21 38 502 352.390028964       5.15     -1.37     -0.43  0.       -5672.569       5473.574       1333.382    0.000  -0.139   0.381   0.
  2017 352  9 21 39 502 352.390040538       5.08     -1.51     -0.62  0.       -5672.787       5472.523       1331.638    0.000  -0.139   0.381   0.
  2017 352  9 21 40 502 352.390052112       5.01     -1.43     -0.73  0.       -5673.004       5471.471       1329.895    0.000  -0.139   0.381   0.
  2017 352  9 21 41 502 352.390063686       4.97     -1.37     -0.68  0.       -5673.220       5470.419       1328.150    0.000  -0.139   0.381   0.
  2017 352  9 21 42 502 352.390075260       4.95     -1.31     -0.70  0.       -5673.436       5469.366       1326.407    0.000  -0.138   0.380   0.
  2017 352  9 21 43 502 352.390086834       4.91     -1.29     -0.84  0.       -5673.652       5468.312       1324.663    0.000  -0.138   0.380   0.
  2017 352  9 21 44 502 352.390098409       4.93     -1.25     -1.07  0.       -5673.867       5467.259       1322.919    0.000  -0.139   0.381   0.
  2017 352  9 21 45 502 352.390109983       5.01     -1.24     -1.30  0.       -5674.082       5466.204       1321.175    0.000  -0.139   0.381   0.
  2017 352  9 21 46 502 352.390121557       5.03     -1.18     -1.55  0.       -5674.296       5465.150       1319.430    0.000  -0.139   0.381   0.
  2017 352  9 21 47 502 352.390133131       4.95     -1.06     -1.66  0.       -5674.510       5464.095       1317.686    0.000  -0.139   0.381   0.
  2017 352  9 21 48 502 352.390144702       4.99     -1.30     -1.95  0.       -5674.723       5463.039       1315.941    0.000  -0.139   0.381   0.
  2017 352  9 21 49 502 352.390156276       5.01     -1.63     -1.83  0.       -5674.935       5461.982       1314.197    0.000  -0.139   0.381   0.
  2017 352  9 21 50 502 352.390167850       4.86     -1.73     -1.61  0.       -5675.148       5460.926       1312.452    0.000  -0.139   0.381   0.
  2017 352  9 21 51 502 352.390179424       4.73     -1.59     -1.43  0.       -5675.359       5459.869       1310.707    0.000  -0.139   0.381   0.
  2017 352  9 21 52 502 352.390190998       4.65     -1.41     -1.06  0.       -5675.571       5458.812       1308.962    0.000  -0.139   0.381   0.
  2017 352  9 21 53 502 352.390202572       4.56     -1.41     -0.97  0.       -5675.782       5457.754       1307.217    0.000  -0.139   0.381   0.
  2017 352  9 21 54 502 352.390214146       4.69     -1.45     -0.95  0.       -5675.992       5456.695       1305.472    0.000  -0.139   0.381   0.
  2017 352  9 21 55 502 352.390225721       4.87     -1.40     -1.02  0.       -5676.202       5455.637       1303.727    0.000  -0.139   0.381   0.
  2017 352  9 21 56 502 352.390237295       4.94     -1.31     -0.95  0.       -5676.411       5454.577       1301.981    0.000  -0.139   0.381   0.
  2017 352  9 21 57 502 352.390248869       4.97     -1.12     -0.76  0.       -5676.620       5453.518       1300.236    0.000  -0.139   0.381   0.
  2017 352  9 21 58 502 352.390260443       5.05     -1.03     -0.56  0.       -5676.828       5452.457       1298.490    0.000  -0.139   0.381   0.
  2017 352  9 21 59 502 352.390272017       5.13     -1.07     -0.48  0.       -5677.036       5451.397       1296.744    0.000  -0.139   0.381   0.
  2017 352  9 22  0 502 352.390283591       5.13     -1.21     -0.46  0.       -5677.244       5450.336       1294.998    0.000  -0.139   0.381   0.
  2017 352  9 22  1 502 352.390295165       5.02     -1.50     -0.60  0.       -5677.451       5449.274       1293.253    0.000  -0.139   0.381   0.
  2017 352  9 22  2 502 352.390306739       5.00     -1.58     -0.79  0.       -5677.658       5448.212       1291.506    0.000  -0.139   0.381   0.
  2017 352  9 22  3 502 352.390318313       4.97     -1.60     -0.92  0.       -5677.864       5447.149       1289.760    0.000  -0.139   0.381   0.
  2017 352  9 22  4 502 352.390329887       4.96     -1.63     -0.94  0.       -5678.069       5446.086       1288.014    0.000  -0.139   0.381   0.
  2017 352  9 22  5 502 352.390341461       5.00     -1.67     -0.89  0.       -5678.274       5445.023       1286.268    0.000  -0.139   0.381   0.
  2017 352  9 22  6 502 352.390353035       5.03     -1.67     -0.92  0.       -5678.479       5443.959       1284.521    0.000  -0.139   0.381   0.
  2017 352  9 22  7 502 352.390364609       5.06     -1.76     -0.99  0.       -5678.683       5442.895       1282.775    0.000  -0.139   0.381   0.
  2017 352  9 22  8 502 352.390376183       4.99     -1.84     -1.05  0.       -5678.886       5441.830       1281.028    0.000  -0.139   0.381   0.
  2017 352  9 22  9 502 352.390387758       4.98     -1.88     -1.18  0.       -5679.090       5440.765       1279.281    0.000  -0.139   0.381   0.
  2017 352  9 22 10 502 352.390399332       5.00     -1.86     -1.37  0.       -5679.292       5439.699       1277.534    0.000  -0.139   0.381   0.
  2017 352  9 22 11 502 352.390410906       5.05     -2.03     -1.34  0.       -5679.495       5438.633       1275.787    0.000  -0.139   0.381   0.
  2017 352  9 22 12 502 352.390422480       5.22     -2.27     -1.46  0.       -5679.696       5437.566       1274.040    0.000  -0.139   0.381   0.
  2017 352  9 22 13 502 352.390434054       5.26     -2.43     -1.57  0.       -5679.897       5436.499       1272.293    0.000  -0.139   0.381   0.
  2017 352  9 22 14 502 352.390445628       5.31     -2.42     -1.62  0.       -5680.098       5435.431       1270.545    0.000  -0.139   0.381   0.
  2017 352  9 22 15 502 352.390457202       5.48     -2.54     -1.54  0.       -5680.299       5434.363       1268.798    0.000  -0.139   0.381   0.
  2017 352  9 22 16 502 352.390468776       5.64     -2.51     -1.58  0.       -5680.498       5433.295       1267.050    0.000  -0.139   0.381   0.
  2017 352  9 22 17 502 352.390480350       5.66     -2.41     -1.49  0.       -5680.698       5432.226       1265.303    0.000  -0.139   0.381   0.
  2017 352  9 22 18 501 352.390491921       5.75     -2.41     -1.38  0.       -5680.896       5431.156       1263.555    0.000  -0.139   0.381   0.
  2017 352  9 22 19 502 352.390503495       5.72     -2.47     -1.42  0.       -5681.095       5430.086       1261.807    0.000  -0.139   0.381   0.
  2017 352  9 22 20 502 352.390515069       5.63     -2.47     -1.40  0.       -5681.293       5429.016       1260.059    0.000  -0.139   0.381   0.
  2017 352  9 22 21 501 352.390526644       5.60     -2.49     -1.33  0.       -5681.490       5427.945       1258.311    0.000  -0.139   0.381   0.
  2017 352  9 22 22 501 352.390538218       5.64     -2.63     -1.28  0.       -5681.687       5426.874       1256.563    0.000  -0.139   0.381   0.
  2017 352  9 22 23 502 352.390549792       5.60     -2.95     -1.23  0.       -5681.883       5425.802       1254.814    0.000  -0.139   0.381   0.
  2017 352  9 22 24 502 352.390561366       5.50     -3.00     -1.25  0.       -5682.079       5424.730       1253.066    0.000  -0.139   0.381   0.
  2017 352  9 22 25 502 352.390572940       5.14     -2.70     -1.23  0.       -5682.275       5423.657       1251.317    0.000  -0.139   0.381   0.
  2017 352  9 22 26 502 352.390584514       4.71     -1.93     -1.40  0.       -5682.470       5422.584       1249.569    0.000  -0.139   0.381   0.
  2017 352  9 22 27 502 352.390596088       4.49     -1.27     -1.05  0.       -5682.664       5421.511       1247.820    0.000  -0.139   0.381   0.
  2017 352  9 22 28 501 352.390607662       4.39     -0.88     -0.62  0.       -5682.858       5420.437       1246.071    0.000  -0.139   0.381   0.
  2017 352  9 22 29 501 352.390619236       3.68     -0.68     -0.76  0.       -5683.052       5419.362       1244.322    0.000  -0.139   0.381   0.
  2017 352  9 22 30 501 352.390630810       3.90     -0.61     -0.70  0.       -5683.245       5418.287       1242.573    0.000  -0.139   0.381   0.
  2017 352  9 22 31 501 352.390642384       3.94     -0.69     -0.72  0.       -5683.437       5417.212       1240.824    0.000  -0.139   0.381   0.
  2017 352  9 22 32 501 352.390653958       4.20     -0.88     -0.74  0.       -5683.629       5416.136       1239.075    0.000  -0.139   0.381   0.
  2017 352  9 22 33 502 352.390665532       4.50     -1.33     -0.51  0.       -5683.821       5415.060       1237.325    0.000  -0.139   0.381   0.
  2017 352  9 22 34 502 352.390677106       4.56     -1.56     -0.54  0.       -5684.012       5413.983       1235.576    0.000  -0.139   0.381   0.
  2017 352  9 22 35 501 352.390688681       4.61     -1.59     -0.71  0.       -5684.203       5412.905       1233.826    0.000  -0.139   0.381   0.
  2017 352  9 22 36 501 352.390700255       4.67     -1.53     -0.88  0.       -5684.393       5411.828       1232.076    0.000  -0.139   0.381   0.
  2017 352  9 22 37 502 352.390711829       4.64     -1.46     -0.97  0.       -5684.582       5410.749       1230.327    0.000  -0.139   0.381   0.
  2017 352  9 22 38 502 352.390723403       4.65     -1.51     -1.04  0.       -5684.771       5409.671       1228.577    0.000  -0.139   0.381   0.
  2017 352  9 22 39 502 352.390734977       4.64     -1.47     -1.13  0.       -5684.960       5408.592       1226.827    0.000  -0.139   0.381   0.
  2017 352  9 22 40 502 352.390746551       4.57     -1.52     -1.25  0.       -5685.148       5407.512       1225.077    0.000  -0.139   0.381   0.
  2017 352  9 22 41 501 352.390758125       4.48     -1.59     -1.37  0.       -5685.336       5406.432       1223.326    0.000  -0.139   0.381   0.
  2017 352  9 22 42 501 352.390769699       4.56     -1.52     -1.31  0.       -5685.523       5405.352       1221.576    0.000  -0.139   0.381   0.
  2017 352  9 22 43 501 352.390781273       4.48     -1.39     -1.19  0.       -5685.710       5404.271       1219.826    0.000  -0.139   0.381   0.
  2017 352  9 22 44 501 352.390792847       4.49     -1.33     -1.18  0.       -5685.896       5403.189       1218.075    0.000  -0.139   0.381   0.
  2017 352  9 22 45 501 352.390804421       4.58     -1.46     -1.09  0.       -5686.082       5402.107       1216.324    0.000  -0.139   0.381   0.
  2017 352  9 22 46 502 352.390815995       4.75     -1.77     -1.19  0.       -5686.267       5401.025       1214.574    0.000  -0.139   0.381   0.
  2017 352  9 22 47 502 352.390827569       4.80     -1.74     -1.42  0.       -5686.452       5399.942       1212.823    0.000  -0.139   0.381   0.
  2017 352  9 22 48 501 352.390839141       4.72     -1.59     -1.31  0.       -5686.636       5398.859       1211.072    0.000  -0.139   0.381   0.
  2017 352  9 22 49 501 352.390850715       4.84     -1.55     -1.18  0.       -5686.820       5397.775       1209.321    0.000  -0.139   0.381   0.
  2017 352  9 22 50 501 352.390862289       4.68     -1.53     -1.09  0.       -5687.003       5396.691       1207.570    0.000  -0.139   0.381   0.
  2017 352  9 22 51 501 352.390873863       4.53     -1.64     -1.02  0.       -5687.186       5395.606       1205.818    0.000  -0.139   0.381   0.
  2017 352  9 22 52 501 352.390885437       4.39     -1.73     -1.09  0.       -5687.368       5394.521       1204.067    0.000  -0.139   0.381   0.
  2017 352  9 22 53 501 352.390897011       4.27     -1.86     -1.22  0.       -5687.550       5393.435       1202.315    0.000  -0.139   0.381   0.
  2017 352  9 22 54 501 352.390908585       4.19     -1.97     -1.29  0.       -5687.731       5392.349       1200.564    0.000  -0.139   0.381   0.
  2017 352  9 22 55 501 352.390920159       4.10     -2.10     -1.32  0.       -5687.912       5391.263       1198.812    0.000  -0.139   0.381   0.
  2017 352  9 22 56 501 352.390931733       4.10     -2.13     -1.38  0.       -5688.093       5390.176       1197.060    0.000  -0.139   0.381   0.
  2017 352  9 22 57 501 352.390943307       4.08     -2.24     -1.35  0.       -5688.273       5389.088       1195.309    0.000  -0.139   0.381   0.
  2017 352  9 22 58 501 352.390954881       4.07     -2.33     -1.24  0.       -5688.452       5388.000       1193.557    0.000  -0.139   0.381   0.
  2017 352  9 22 59 501 352.390966455       3.77     -2.37     -1.04  0.       -5688.631       5386.912       1191.805    0.000  -0.139   0.381   0.
  2017 352  9 23  0 501 352.390978030       3.45     -2.50     -0.96  0.       -5688.809       5385.823       1190.052    0.000  -0.139   0.381   0.
  2017 352  9 23  1 501 352.390989604       3.11     -2.59     -0.96  0.       -5688.987       5384.734       1188.300    0.000  -0.139   0.381   0.
  2017 352  9 23  2 501 352.391001178       2.88     -2.69     -0.85  0.       -5689.165       5383.644       1186.548    0.000  -0.139   0.381   0.
  2017 352  9 23  3 501 352.391012752       2.72     -2.46     -1.20  0.       -5689.342       5382.554       1184.795    0.000  -0.139   0.381   0.
  2017 352  9 23  4 501 352.391024326       2.85     -1.99     -1.75  0.       -5689.518       5381.463       1183.043    0.000  -0.139   0.381   0.
  2017 352  9 23  5 501 352.391035900       2.86     -1.74     -2.02  0.       -5689.694       5380.372       1181.290    0.000  -0.139   0.381   0.
  2017 352  9 23  6 501 352.391047474       2.95     -1.41     -2.23  0.       -5689.869       5379.280       1179.537    0.000  -0.139   0.381   0.
  2017 352  9 23  7 501 352.391059048       3.04     -1.35     -2.40  0.       -5690.044       5378.188       1177.784    0.000  -0.139   0.381   0.
  2017 352  9 23  8 501 352.391070622       3.16     -1.14     -2.35  0.       -5690.219       5377.096       1176.031    0.000  -0.139   0.381   0.
  2017 352  9 23  9 501 352.391082196       3.27     -1.19     -2.21  0.       -5690.393       5376.003       1174.278    0.000  -0.139   0.381   0.
  2017 352  9 23 10 501 352.391093770       3.53     -1.28     -2.36  0.       -5690.566       5374.909       1172.525    0.000  -0.139   0.381   0.
  2017 352  9 23 11 501 352.391105344       3.65     -1.34     -2.60  0.       -5690.739       5373.815       1170.771    0.000  -0.139   0.381   0.
  2017 352  9 23 12 501 352.391116918       3.68     -1.56     -2.73  0.       -5690.912       5372.721       1169.018    0.000  -0.139   0.381   0.
  2017 352  9 23 13 501 352.391128492       3.48     -1.54     -2.82  0.       -5691.084       5371.626       1167.265    0.000  -0.139   0.381   0.
  2017 352  9 23 14 501 352.391140067       3.31     -1.08     -2.94  0.       -5691.256       5370.530       1165.511    0.000  -0.139   0.381   0.
  2017 352  9 23 15 501 352.391151641       3.35     -0.65     -2.71  0.       -5691.427       5369.435       1163.757    0.000  -0.139   0.381   0.
  2017 352  9 23 16 501 352.391163215       3.32     -0.66     -2.31  0.       -5691.597       5368.338       1162.003    0.000  -0.139   0.381   0.
  2017 352  9 23 17 501 352.391174789       3.43     -0.71     -2.07  0.       -5691.767       5367.242       1160.250    0.000  -0.139   0.381   0.
  2017 352  9 23 18 501 352.391186360       3.59     -0.89     -1.90  0.       -5691.937       5366.144       1158.495    0.000  -0.139   0.381   0.
  2017 352  9 23 19 501 352.391197934       3.56     -0.92     -1.86  0.       -5692.106       5365.047       1156.741    0.000  -0.139   0.381   0.
  2017 352  9 23 20 501 352.391209508       3.52     -0.89     -1.92  0.       -5692.274       5363.949       1154.987    0.000  -0.139   0.381   0.
  2017 352  9 23 21 501 352.391221082       3.55     -0.99     -1.93  0.       -5692.443       5362.850       1153.233    0.000  -0.139   0.381   0.
  2017 352  9 23 22 501 352.391232656       3.51     -1.28     -2.02  0.       -5692.610       5361.751       1151.478    0.000  -0.139   0.381   0.
  2017 352  9 23 23 501 352.391244230       3.45     -1.53     -2.07  0.       -5692.777       5360.651       1149.724    0.000  -0.139   0.381   0.
  2017 352  9 23 24 501 352.391255804       3.51     -1.85     -2.66  0.       -5692.944       5359.551       1147.969    0.000  -0.139   0.381   0.
  2017 352  9 23 25 501 352.391267378       3.65     -2.14     -3.22  0.       -5693.110       5358.451       1146.215    0.000  -0.139   0.381   0.
  2017 352  9 23 26 501 352.391278953       3.60     -1.79     -3.53  0.       -5693.276       5357.350       1144.460    0.000  -0.139   0.381   0.
  2017 352  9 23 27 501 352.391290527       3.67     -0.81     -3.98  0.       -5693.441       5356.249       1142.705    0.000  -0.139   0.381   0.
  2017 352  9 23 28 501 352.391302101       3.61      0.02     -4.44  0.       -5693.605       5355.147       1140.950    0.000  -0.139   0.381   0.
  2017 352  9 23 29 501 352.391313675       3.36      0.54     -4.46  0.       -5693.770       5354.044       1139.195    0.000  -0.139   0.381   0.
  2017 352  9 23 30 501 352.391325249       3.08      0.94     -4.38  0.       -5693.933       5352.942       1137.440    0.000  -0.139   0.381   0.
  2017 352  9 23 31 501 352.391336823       3.07      1.08     -4.01  0.       -5694.096       5351.838       1135.684    0.000  -0.139   0.381   0.
  2017 352  9 23 32 501 352.391348397       3.05      1.12     -3.82  0.       -5694.259       5350.734       1133.929    0.000  -0.139   0.381   0.
  2017 352  9 23 33 501 352.391359971       3.04      1.15     -3.50  0.       -5694.421       5349.630       1132.173    0.000  -0.139   0.381   0.
  2017 352  9 23 34 501 352.391371545       3.03      0.97     -3.42  0.       -5694.583       5348.526       1130.418    0.000  -0.139   0.381   0.
  2017 352  9 23 35 501 352.391383119       2.94      0.80     -3.31  0.       -5694.744       5347.421       1128.662    0.000  -0.139   0.381   0.
  2017 352  9 23 36 501 352.391394693       2.80      0.77     -3.30  0.       -5694.904       5346.315       1126.906    0.000  -0.139   0.381   0.
  2017 352  9 23 37 501 352.391406267       2.81      0.67     -3.30  0.       -5695.064       5345.209       1125.150    0.000  -0.139   0.381   0.
  2017 352  9 23 38 501 352.391417841       2.76      0.59     -3.26  0.       -5695.224       5344.103       1123.394    0.000  -0.138   0.380   0.
  2017 352  9 23 39 501 352.391429415       2.69      0.67     -3.24  0.       -5695.384       5342.995       1121.638    0.000  -0.138   0.380   0.
  2017 352  9 23 40 501 352.391440990       2.80      0.71     -3.24  0.       -5695.542       5341.888       1119.882    0.000  -0.139   0.381   0.
  2017 352  9 23 41 501 352.391452564       2.96      0.61     -3.24  0.       -5695.701       5340.780       1118.126    0.000  -0.139   0.381   0.
  2017 352  9 23 42 501 352.391464138       2.96      0.39     -3.21  0.       -5695.858       5339.672       1116.369    0.000  -0.139   0.381   0.
  2017 352  9 23 43 501 352.391475712       3.04     -0.12     -3.47  0.       -5696.015       5338.563       1114.613    0.000  -0.139   0.381   0.
  2017 352  9 23 44 501 352.391487286       2.91     -0.31     -3.65  0.       -5696.172       5337.454       1112.856    0.000  -0.139   0.381   0.
  2017 352  9 23 45 501 352.391498860       2.89     -0.42     -3.71  0.       -5696.328       5336.344       1111.100    0.000  -0.139   0.381   0.
  2017 352  9 23 46 501 352.391510431       2.77     -0.30     -3.55  0.       -5696.484       5335.234       1109.343    0.000  -0.139   0.381   0.
  2017 352  9 23 47 501 352.391522005       2.67     -0.73     -3.31  0.       -5696.639       5334.123       1107.586    0.000  -0.139   0.381   0.
  2017 352  9 23 48 501 352.391533579       2.71     -0.96     -3.32  0.       -5696.794       5333.012       1105.829    0.000  -0.139   0.381   0.
  2017 352  9 23 49 501 352.391545153       2.77     -1.08     -3.32  0.       -5696.948       5331.900       1104.072    0.000  -0.139   0.381   0.
  2017 352  9 23 50 501 352.391556727       2.74     -1.14     -3.12  0.       -5697.102       5330.788       1102.315    0.000  -0.139   0.381   0.
  2017 352  9 23 51 501 352.391568302       2.87     -1.30     -2.86  0.       -5697.255       5329.675       1100.558    0.000  -0.139   0.381   0.
  2017 352  9 23 52 501 352.391579876       3.14     -1.43     -2.44  0.       -5697.408       5328.562       1098.800    0.000  -0.139   0.381   0.
  2017 352  9 23 53 501 352.391591450       3.36     -1.46     -2.33  0.       -5697.560       5327.449       1097.043    0.000  -0.139   0.381   0.
  2017 352  9 23 54 501 352.391603024       3.38     -1.53     -2.26  0.       -5697.712       5326.335       1095.285    0.000  -0.139   0.381   0.
  2017 352  9 23 55 501 352.391614598       3.41     -1.55     -2.27  0.       -5697.863       5325.220       1093.528    0.000  -0.139   0.381   0.
  2017 352  9 23 56 501 352.391626172       3.64     -1.72     -2.27  0.       -5698.014       5324.106       1091.770    0.000  -0.139   0.381   0.
  2017 352  9 23 57 501 352.391637746       3.57     -1.34     -1.90  0.       -5698.164       5322.990       1090.012    0.000  -0.139   0.381   0.
  2017 352  9 23 58 501 352.391649320       3.41     -0.88     -1.50  0.       -5698.314       5321.874       1088.254    0.000  -0.139   0.381   0.
  2017 352  9 23 59 501 352.391660894       3.19     -0.78     -1.22  0.       -5698.463       5320.758       1086.496    0.000  -0.139   0.381   0.
  2017 352  9 24  0 501 352.391672468       2.92     -0.63     -1.10  0.       -5698.612       5319.641       1084.738    0.000  -0.139   0.381   0.
  2017 352  9 24  1 501 352.391684042       2.73     -0.68     -1.21  0.       -5698.760       5318.524       1082.980    0.000  -0.139   0.381   0.
  2017 352  9 24  2 501 352.391695616       2.80     -0.87     -1.46  0.       -5698.908       5317.406       1081.221    0.000  -0.139   0.381   0.
  2017 352  9 24  3 501 352.391707190       2.87     -1.19     -1.89  0.       -5699.055       5316.288       1079.463    0.000  -0.139   0.381   0.
  2017 352  9 24  4 501 352.391718764       2.93     -1.17     -1.88  0.       -5699.201       5315.169       1077.704    0.000  -0.138   0.380   0.
  2017 352  9 24  5 501 352.391730339       2.92     -1.11     -1.90  0.       -5699.348       5314.050       1075.946    0.000  -0.138   0.380   0.
  2017 352  9 24  6 501 352.391741913       2.78     -1.20     -1.98  0.       -5699.493       5312.931       1074.187    0.000  -0.139   0.381   0.
  2017 352  9 24  7 501 352.391753487       2.67     -1.36     -2.09  0.       -5699.639       5311.810       1072.428    0.000  -0.139   0.381   0.
  2017 352  9 24  8 501 352.391765061       2.72     -1.36     -1.97  0.       -5699.783       5310.690       1070.669    0.000  -0.139   0.381   0.
  2017 352  9 24  9 501 352.391776635       2.58     -1.48     -1.99  0.       -5699.928       5309.569       1068.910    0.000  -0.139   0.381   0.
  2017 352  9 24 10 501 352.391788209       2.54     -1.67     -2.06  0.       -5700.071       5308.448       1067.151    0.000  -0.139   0.381   0.
  2017 352  9 24 11 501 352.391799783       2.63     -1.72     -2.19  0.       -5700.214       5307.326       1065.392    0.000  -0.139   0.381   0.
  2017 352  9 24 12 501 352.391811357       2.40     -1.64     -2.37  0.       -5700.357       5306.203       1063.633    0.000  -0.139   0.381   0.
  2017 352  9 24 13 501 352.391822931       2.10     -1.50     -2.96  0.       -5700.499       5305.080       1061.874    0.000  -0.139   0.381   0.
  2017 352  9 24 14 501 352.391834505       2.52     -1.74     -2.88  0.       -5700.641       5303.957       1060.114    0.000  -0.139   0.381   0.
  2017 352  9 24 15 501 352.391846079       2.49     -1.69     -2.73  0.       -5700.782       5302.833       1058.355    0.000  -0.139   0.381   0.
  2017 352  9 24 16 501 352.391857650       2.73     -1.72     -3.11  0.       -5700.923       5301.709       1056.595    0.000  -0.138   0.380   0.
  2017 352  9 24 17 500 352.391869225       2.76     -1.38     -3.67  0.       -5701.063       5300.584       1054.836    0.000  -0.138   0.380   0.
  2017 352  9 24 18 500 352.391880799       2.43     -1.01     -3.66  0.       -5701.203       5299.459       1053.075    0.000  -0.139   0.381   0.
  2017 352  9 24 19 501 352.391892373       2.28     -0.73     -3.37  0.       -5701.342       5298.333       1051.316    0.000  -0.139   0.381   0.
  2017 352  9 24 20 501 352.391903947       2.08     -1.08     -3.38  0.       -5701.481       5297.207       1049.555    0.000  -0.139   0.381   0.
  2017 352  9 24 21 501 352.391915521       1.99     -1.15     -3.86  0.       -5701.619       5296.081       1047.795    0.000  -0.139   0.381   0.
  2017 352  9 24 22 501 352.391927095       2.25     -1.20     -4.17  0.       -5701.756       5294.954       1046.035    0.000  -0.139   0.381   0.
  2017 352  9 24 23 501 352.391938669       2.87     -1.41     -4.06  0.       -5701.894       5293.826       1044.275    0.000  -0.139   0.381   0.
  2017 352  9 24 24 500 352.391950243       3.58     -2.27     -3.61  0.       -5702.030       5292.698       1042.514    0.000  -0.139   0.381   0.
  2017 352  9 24 25 500 352.391961817       3.47     -2.13     -3.75  0.       -5702.166       5291.570       1040.754    0.000  -0.139   0.381   0.
  2017 352  9 24 26 500 352.391973391       3.72     -1.81     -3.88  0.       -5702.302       5290.441       1038.994    0.000  -0.139   0.381   0.
  2017 352  9 24 27 500 352.391984965       4.01     -2.45     -3.25  0.       -5702.437       5289.311       1037.233    0.000  -0.139   0.381   0.
  2017 352  9 24 28 500 352.391996539       3.86     -2.97     -2.95  0.       -5702.572       5288.181       1035.472    0.000  -0.138   0.380   0.
  2017 352  9 24 29 501 352.392008113       3.45     -2.64     -2.99  0.       -5702.706       5287.051       1033.711    0.000  -0.138   0.380   0.
  2017 352  9 24 30 501 352.392019688       2.94     -2.20     -2.76  0.       -5702.840       5285.920       1031.950    0.000  -0.138   0.380   0.
  2017 352  9 24 31 500 352.392031262       2.99     -2.30     -3.00  0.       -5702.973       5284.789       1030.190    0.000  -0.138   0.380   0.
  2017 352  9 24 32 500 352.392042836       3.40     -3.28     -3.66  0.       -5703.105       5283.657       1028.428    0.000  -0.138   0.380   0.
  2017 352  9 24 33 501 352.392054410       3.66     -4.55     -4.06  0.       -5703.237       5282.525       1026.667    0.000  -0.138   0.380   0.
  2017 352  9 24 34 501 352.392065984       3.15     -4.83     -3.72  0.       -5703.369       5281.392       1024.906    0.000  -0.138   0.380   0.
  2017 352  9 24 35 501 352.392077558       3.29     -4.19     -3.02  0.       -5703.500       5280.259       1023.145    0.000  -0.138   0.380   0.
  2017 352  9 24 36 501 352.392089132       2.91     -3.51     -1.74  0.       -5703.631       5279.125       1021.383    0.000  -0.138   0.380   0.
  2017 352  9 24 37 500 352.392100706       2.32     -1.87     -0.95  0.       -5703.761       5277.991       1019.622    0.000  -0.138   0.380   0.
  2017 352  9 24 38 500 352.392112280       1.87     -0.95     -1.14  0.       -5703.890       5276.857       1017.860    0.000  -0.138   0.380   0.
  2017 352  9 24 39 500 352.392123854       1.86     -0.59     -1.15  0.       -5704.019       5275.722       1016.098    0.000  -0.138   0.380   0.
  2017 352  9 24 40 500 352.392135428       2.29     -1.27     -1.23  0.       -5704.148       5274.586       1014.336    0.000  -0.138   0.380   0.
  2017 352  9 24 41 500 352.392147002       2.76     -2.09     -1.59  0.       -5704.276       5273.450       1012.574    0.000  -0.138   0.380   0.
  2017 352  9 24 42 501 352.392158576       3.11     -2.63     -1.89  0.       -5704.403       5272.314       1010.812    0.000  -0.139   0.381   0.
  2017 352  9 24 43 501 352.392170150       3.62     -3.20     -1.61  0.       -5704.530       5271.177       1009.050    0.000  -0.139   0.381   0.
  2017 352  9 24 44 500 352.392181725       3.94     -2.82     -1.36  0.       -5704.657       5270.039       1007.288    0.000  -0.138   0.380   0.
  2017 352  9 24 45 500 352.392193299       4.29     -2.34     -0.95  0.       -5704.783       5268.901       1005.526    0.000  -0.138   0.380   0.
  2017 352  9 24 46 501 352.392204870       4.55     -2.77     -0.91  0.       -5704.908       5267.763       1003.763    0.000  -0.138   0.380   0.
  2017 352  9 24 47 500 352.392216444       4.37     -3.36     -1.20  0.       -5705.034       5266.624       1002.001    0.000  -0.138   0.380   0.
  2017 352  9 24 48 500 352.392228018       4.66     -3.69     -2.38  0.       -5705.158       5265.485       1000.238    0.000  -0.138   0.380   0.
  2017 352  9 24 49 500 352.392239592       4.86     -3.29     -2.79  0.       -5705.282       5264.345        998.476    0.000  -0.138   0.380   0.
  2017 352  9 24 50 500 352.392251166       5.05     -2.55     -3.54  0.       -5705.405       5263.205        996.713    0.000  -0.138   0.380   0.
  2017 352  9 24 51 500 352.392262740       4.88     -0.64     -3.64  0.       -5705.528       5262.064        994.950    0.000  -0.138   0.380   0.
  2017 352  9 24 52 500 352.392274314       3.58      0.81     -2.82  0.       -5705.651       5260.923        993.187    0.000  -0.138   0.380   0.
  2017 352  9 24 53 500 352.392285888       1.35     -0.10     -1.36  0.       -5705.773       5259.782        991.424    0.000  -0.138   0.380   0.
  2017 352  9 24 54 500 352.392297462       0.93     -1.71     -1.17  0.       -5705.894       5258.639        989.661    0.000  -0.139   0.381   0.
  2017 352  9 24 55 500 352.392309036       1.99     -2.95     -1.97  0.       -5706.015       5257.497        987.898    0.000  -0.139   0.381   0.
  2017 352  9 24 56 500 352.392320611       2.69     -4.13     -2.49  0.       -5706.135       5256.354        986.135    0.000  -0.139   0.381   0.
  2017 352  9 24 57 500 352.392332185       2.66     -3.41     -3.62  0.       -5706.255       5255.210        984.371    0.000  -0.139   0.381   0.
  2017 352  9 24 58 500 352.392343759       3.47     -2.08     -4.53  0.       -5706.375       5254.066        982.608    0.000  -0.138   0.380   0.
  2017 352  9 24 59 500 352.392355333       3.33     -0.87     -5.79  0.       -5706.494       5252.922        980.845    0.000  -0.138   0.380   0.
  2017 352  9 25  0 500 352.392366907       3.03      0.08     -5.78  0.       -5706.612       5251.777        979.081    0.000  -0.139   0.381   0.
  2017 352  9 25  1 500 352.392378481       2.79      0.09     -5.23  0.       -5706.730       5250.631        977.317    0.000  -0.139   0.381   0.
  2017 352  9 25  2 500 352.392390055       2.66      0.53     -4.31  0.       -5706.847       5249.486        975.553    0.000  -0.139   0.381   0.
  2017 352  9 25  3 500 352.392401629       2.17      1.40     -3.60  0.       -5706.964       5248.339        973.790    0.000  -0.139   0.381   0.
  2017 352  9 25  4 500 352.392413203       2.07      1.06     -3.03  0.       -5707.080       5247.193        972.026    0.000  -0.138   0.380   0.
  2017 352  9 25  5 500 352.392424777       1.91      0.48     -2.58  0.       -5707.196       5246.045        970.262    0.000  -0.138   0.380   0.
  2017 352  9 25  6 500 352.392436351       1.39      0.28     -2.98  0.       -5707.311       5244.897        968.497    0.000  -0.138   0.380   0.
  2017 352  9 25  7 500 352.392447925       1.09      0.29     -3.22  0.       -5707.426       5243.749        966.733    0.000  -0.138   0.380   0.
  2017 352  9 25  8 500 352.392459499       1.02     -0.20     -3.88  0.       -5707.540       5242.601        964.969    0.000  -0.139   0.381   0.
  2017 352  9 25  9 500 352.392471073       0.56     -0.34     -4.18  0.       -5707.654       5241.451        963.205    0.000  -0.139   0.381   0.
  2017 352  9 25 10 500 352.392482648      -0.00      0.69     -4.23  0.       -5707.767       5240.302        961.440    0.000  -0.139   0.381   0.
  2017 352  9 25 11 500 352.392494222      -0.06      0.84     -3.59  0.       -5707.880       5239.152        959.675    0.000  -0.139   0.381   0.
  2017 352  9 25 12 500 352.392505796      -0.06      0.94     -2.92  0.       -5707.993       5238.001        957.911    0.000  -0.138   0.380   0.
  2017 352  9 25 13 500 352.392517370       0.20      1.46     -1.99  0.       -5708.104       5236.850        956.146    0.000  -0.138   0.380   0.
  2017 352  9 25 14 500 352.392528944       0.24      0.43     -2.35  0.       -5708.215       5235.698        954.381    0.000  -0.139   0.381   0.
  2017 352  9 25 15 500 352.392540518      -0.59      0.80     -3.38  0.       -5708.326       5234.546        952.616    0.000  -0.139   0.381   0.
  2017 352  9 25 16 500 352.392552089      -0.15      1.58     -5.36  0.       -5708.436       5233.394        950.851    0.000  -0.139   0.381   0.
  2017 352  9 25 17 500 352.392563663      -0.84      2.77     -5.47  0.       -5708.546       5232.241        949.086    0.000  -0.139   0.381   0.
  2017 352  9 25 18 500 352.392575237      -1.63      3.47     -4.51  0.       -5708.655       5231.088        947.321    0.000  -0.139   0.381   0.
  2017 352  9 25 19 500 352.392586811      -2.42      3.54     -4.38  0.       -5708.763       5229.934        945.556    0.000  -0.139   0.381   0.
  2017 352  9 25 20 500 352.392598385      -2.57      3.92     -3.90  0.       -5708.871       5228.779        943.790    0.000  -0.139   0.381   0.
  2017 352  9 25 21 500 352.392609960      -2.58      4.07     -3.01  0.       -5708.979       5227.625        942.025    0.000  -0.139   0.381   0.
  2017 352  9 25 22 500 352.392621534      -3.89      3.89     -2.67  0.       -5709.086       5226.469        940.260    0.000  -0.139   0.381   0.
  2017 352  9 25 23 500 352.392633108      -3.95      2.92     -3.89  0.       -5709.193       5225.313        938.494    0.000  -0.139   0.381   0.
  2017 352  9 25 24 500 352.392644682      -4.74      3.75     -2.72  0.       -5709.299       5224.157        936.728    0.000  -0.139   0.381   0.
  2017 352  9 25 25 500 352.392656256      -4.36      4.48     -2.31  0.       -5709.404       5223.001        934.963    0.000  -0.139   0.381   0.
  2017 352  9 25 26 500 352.392667830      -4.00      2.99     -2.31  0.       -5709.509       5221.843        933.197    0.000  -0.138   0.380   0.
  2017 352  9 25 27 500 352.392679404      -1.40      0.16     -1.19  0.       -5709.614       5220.686        931.431    0.000  -0.138   0.380   0.
  2017 352  9 25 28 500 352.392690978      -0.37     -0.34      0.56  0.       -5709.718       5219.528        929.665    0.000  -0.139   0.381   0.
  2017 352  9 25 29 500 352.392702552      -2.18      1.20      0.39  0.       -5709.821       5218.369        927.899    0.000  -0.139   0.381   0.
  2017 352  9 25 30 500 352.392714126      -3.20      3.90     -2.47  0.       -5709.924       5217.210        926.133    0.000  -0.139   0.381   0.
  2017 352  9 25 31 500 352.392725700      -2.52      2.81     -2.84  0.       -5710.026       5216.050        924.366    0.000  -0.139   0.381   0.
  2017 352  9 25 32 500 352.392737274      -3.68      3.47     -4.34  0.       -5710.128       5214.890        922.600    0.000  -0.138   0.380   0.
  2017 352  9 25 33 500 352.392748848      -3.35      2.21     -4.79  0.       -5710.230       5213.730        920.833    0.000  -0.138   0.380   0.
  2017 352  9 25 34 500 352.392760422      -1.59      0.41     -1.98  0.       -5710.331       5212.569        919.067    0.000  -0.139   0.381   0.
  2017 352  9 25 35 500 352.392771997      -0.95     -0.40     -1.00  0.       -5710.431       5211.407        917.300    0.000  -0.139   0.381   0.
  2017 352  9 25 36 500 352.392783571      -1.20     -1.00     -2.47  0.       -5710.531       5210.245        915.534    0.000  -0.139   0.381   0.
  2017 352  9 25 37 500 352.392795145      -1.43     -0.31     -1.24  0.       -5710.630       5209.083        913.767    0.000  -0.139   0.381   0.
  2017 352  9 25 38 500 352.392806719      -1.74     -0.03     -0.29  0.       -5710.729       5207.920        912.000    0.000  -0.138   0.380   0.
  2017 352  9 25 39 500 352.392818293      -2.02     -0.50     -1.02  0.       -5710.827       5206.757        910.233    0.000  -0.138   0.380   0.
  2017 352  9 25 40 500 352.392829867      -1.75      0.02     -2.60  0.       -5710.925       5205.593        908.466    0.000  -0.139   0.381   0.
  2017 352  9 25 41 500 352.392841441      -1.95      0.49     -4.04  0.       -5711.022       5204.429        906.699    0.000  -0.139   0.381   0.
  2017 352  9 25 42 500 352.392853015      -1.53      0.76     -4.72  0.       -5711.118       5203.264        904.932    0.000  -0.139   0.381   0.
  2017 352  9 25 43 500 352.392864589      -1.16      0.14     -4.05  0.       -5711.215       5202.099        903.165    0.000  -0.139   0.381   0.
  2017 352  9 25 44 500 352.392876163      -1.67      0.53     -2.96  0.       -5711.310       5200.933        901.397    0.000  -0.139   0.381   0.
  2017 352  9 25 45 500 352.392887737      -0.05      1.44     -2.24  0.       -5711.406       5199.767        899.630    0.000  -0.139   0.381   0.
  2017 352  9 25 46 500 352.392899308       0.55      0.30     -1.41  0.       -5711.500       5198.600        897.862    0.000  -0.139   0.381   0.
  2017 352  9 25 47 500 352.392910883      -0.56      1.39     -3.72  0.       -5711.594       5197.433        896.095    0.000  -0.139   0.381   0.
  2017 352  9 25 48 500 352.392922457      -1.48      2.65     -4.39  0.       -5711.688       5196.266        894.327    0.000  -0.139   0.381   0.
  2017 352  9 25 49 500 352.392934031      -0.84      2.86     -3.29  0.       -5711.781       5195.097        892.559    0.000  -0.139   0.381   0.
  2017 352  9 25 50 500 352.392945605      -0.24      3.16     -3.35  0.       -5711.874       5193.929        890.792    0.000  -0.139   0.381   0.
  2017 352  9 25 51 500 352.392957179       0.43      2.12     -2.81  0.       -5711.966       5192.760        889.024    0.000  -0.139   0.381   0.
  2017 352  9 25 52 500 352.392968753       1.66      0.85     -1.39  0.       -5712.057       5191.590        887.256    0.000  -0.139   0.381   0.
  2017 352  9 25 53 500 352.392980327       2.59     -1.07     -0.84  0.       -5712.148       5190.420        885.488    0.000  -0.139   0.381   0.
  2017 352  9 25 54 500 352.392991901       2.27     -1.20     -2.78  0.       -5712.239       5189.250        883.719    0.000  -0.139   0.381   0.
  2017 352  9 25 55 500 352.393003475       1.03      0.49     -5.49  0.       -5712.329       5188.079        881.951    0.000  -0.139   0.381   0.
  2017 352  9 25 56 500 352.393015049       0.35      3.21     -6.70  0.       -5712.418       5186.908        880.183    0.000  -0.139   0.381   0.
  2017 352  9 25 57 500 352.393026623       0.10      3.87     -6.21  0.       -5712.507       5185.736        878.414    0.000  -0.139   0.381   0.
  2017 352  9 25 58 500 352.393038197      -0.26      3.73     -5.54  0.       -5712.595       5184.563        876.646    0.000  -0.139   0.381   0.
  2017 352  9 25 59 500 352.393049771       0.16      3.51     -3.94  0.       -5712.683       5183.391        874.877    0.000  -0.139   0.381   0.
  2017 352  9 26  0 500 352.393061346       0.54      2.40     -3.69  0.       -5712.770       5182.217        873.109    0.000  -0.139   0.381   0.
  2017 352  9 26  1 500 352.393072920       0.97      2.15     -2.88  0.       -5712.857       5181.043        871.340    0.000  -0.139   0.381   0.
  2017 352  9 26  2 500 352.393084494       1.21      1.59     -2.06  0.       -5712.944       5179.869        869.571    0.000  -0.139   0.381   0.
  2017 352  9 26  3 500 352.393096068       1.51      1.06     -2.50  0.       -5713.029       5178.695        867.802    0.000  -0.139   0.381   0.
  2017 352  9 26  4 500 352.393107642       2.52     -0.21     -2.75  0.       -5713.115       5177.519        866.033    0.000  -0.138   0.380   0.
  2017 352  9 26  5 500 352.393119216       2.88     -0.52     -2.67  0.       -5713.199       5176.344        864.264    0.000  -0.138   0.380   0.
  2017 352  9 26  6 500 352.393130790       3.23     -0.55     -3.10  0.       -5713.283       5175.168        862.495    0.000  -0.139   0.381   0.
  2017 352  9 26  7 500 352.393142364       3.42     -0.40     -3.27  0.       -5713.367       5173.991        860.726    0.000  -0.139   0.381   0.
  2017 352  9 26  8 500 352.393153938       3.28     -0.02     -3.01  0.       -5713.450       5172.814        858.957    0.000  -0.139   0.381   0.
  2017 352  9 26  9 500 352.393165512       3.32      0.22     -2.46  0.       -5713.533       5171.636        857.187    0.000  -0.139   0.381   0.
  2017 352  9 26 10 500 352.393177086       3.14     -0.04     -1.82  0.       -5713.615       5170.458        855.418    0.000  -0.138   0.380   0.
  2017 352  9 26 11 500 352.393188660       3.40      0.09     -1.10  0.       -5713.697       5169.280        853.648    0.000  -0.138   0.380   0.
  2017 352  9 26 12 500 352.393200234       3.62      0.17     -0.80  0.       -5713.778       5168.101        851.879    0.000  -0.139   0.381   0.
  2017 352  9 26 13 500 352.393211808       3.88     -0.58     -1.08  0.       -5713.858       5166.921        850.109    0.000  -0.139   0.381   0.
  2017 352  9 26 14 500 352.393223383       3.85     -0.80     -1.47  0.       -5713.938       5165.741        848.339    0.000  -0.139   0.381   0.
  2017 352  9 26 15 500 352.393234957       3.74     -0.68     -1.75  0.       -5714.017       5164.561        846.570    0.000  -0.139   0.381   0.
  2017 352  9 26 16 500 352.393246528       3.58     -0.66     -2.17  0.       -5714.096       5163.380        844.800    0.000  -0.138   0.380   0.
  2017 352  9 26 17 500 352.393258102       3.94      0.07     -2.41  0.       -5714.175       5162.199        843.030    0.000  -0.138   0.380   0.
  2017 352  9 26 18 500 352.393269676       3.99      0.95     -2.41  0.       -5714.253       5161.017        841.260    0.000  -0.139   0.381   0.
  2017 352  9 26 19 499 352.393281250       3.65      2.39     -2.03  0.       -5714.330       5159.834        839.490    0.000  -0.139   0.381   0.
  2017 352  9 26 20 499 352.393292824       2.33      2.51     -1.17  0.       -5714.407       5158.652        837.719    0.000  -0.139   0.381   0.
  2017 352  9 26 21 499 352.393304398       1.78      2.69     -1.81  0.       -5714.483       5157.468        835.949    0.000  -0.139   0.381   0.
  2017 352  9 26 22 499 352.393315972       1.08      2.54     -1.25  0.       -5714.559       5156.284        834.179    0.000  -0.139   0.381   0.
  2017 352  9 26 23 499 352.393327546      -0.52      2.16     -1.07  0.       -5714.634       5155.101        832.408    0.000  -0.139   0.381   0.
  2017 352  9 26 24 500 352.393339120      -1.34      2.68     -0.98  0.       -5714.709       5153.916        830.638    0.000  -0.139   0.381   0.
  2017 352  9 26 25 500 352.393350694      -1.96      4.32     -2.28  0.       -5714.783       5152.730        828.867    0.000  -0.139   0.381   0.
  2017 352  9 26 26 499 352.393362269      -1.90      3.62     -2.66  0.       -5714.857       5151.545        827.097    0.000  -0.138   0.380   0.
  2017 352  9 26 27 499 352.393373843      -2.45      4.14     -1.73  0.       -5714.930       5150.359        825.326    0.000  -0.138   0.380   0.
  2017 352  9 26 28 500 352.393385417      -2.88      4.94     -2.82  0.       -5715.002       5149.172        823.555    0.000  -0.139   0.381   0.
  2017 352  9 26 29 500 352.393396991      -2.52      2.59     -0.60  0.       -5715.074       5147.985        821.784    0.000  -0.139   0.381   0.
  2017 352  9 26 30 500 352.393408565      -3.01      1.00     -0.63  0.       -5715.146       5146.797        820.013    0.000  -0.138   0.380   0.
  2017 352  9 26 31 500 352.393420139      -2.71      0.90     -1.10  0.       -5715.217       5145.609        818.242    0.000  -0.138   0.380   0.
  2017 352  9 26 32 500 352.393431713      -3.30      2.30     -2.21  0.       -5715.288       5144.421        816.471    0.000  -0.139   0.381   0.
  2017 352  9 26 33 499 352.393443287      -3.45      2.68     -2.28  0.       -5715.358       5143.232        814.700    0.000  -0.139   0.381   0.
  2017 352  9 26 34 499 352.393454861      -1.61      2.74     -1.22  0.       -5715.427       5142.042        812.928    0.000  -0.138   0.380   0.
  2017 352  9 26 35 499 352.393466435      -0.89      3.04     -1.65  0.       -5715.496       5140.853        811.157    0.000  -0.138   0.380   0.
  2017 352  9 26 36 499 352.393478009      -1.35      5.02     -1.87  0.       -5715.564       5139.662        809.386    0.000  -0.139   0.381   0.
  2017 352  9 26 37 499 352.393489583      -1.27      5.45     -1.69  0.       -5715.632       5138.471        807.614    0.000  -0.139   0.381   0.
  2017 352  9 26 38 500 352.393501157      -1.68      4.81     -1.91  0.       -5715.699       5137.280        805.843    0.000  -0.139   0.381   0.
  2017 352  9 26 39 500 352.393512731      -1.18      5.61     -2.67  0.       -5715.766       5136.088        804.071    0.000  -0.139   0.381   0.
  2017 352  9 26 40 499 352.393524306      -1.26      6.09     -2.54  0.       -5715.832       5134.896        802.299    0.000  -0.138   0.380   0.
  2017 352  9 26 41 499 352.393535880      -1.47      5.98     -2.44  0.       -5715.898       5133.703        800.527    0.000  -0.138   0.380   0.
  2017 352  9 26 42 500 352.393547454      -1.97      6.11     -2.24  0.       -5715.963       5132.510        798.755    0.000  -0.139   0.381   0.
  2017 352  9 26 43 500 352.393559028      -1.79      5.43     -3.18  0.       -5716.028       5131.316        796.984    0.000  -0.139   0.381   0.
  2017 352  9 26 44 500 352.393570602      -1.92      4.60     -2.70  0.       -5716.092       5130.122        795.212    0.000  -0.138   0.380   0.
  2017 352  9 26 45 500 352.393582176      -1.01      3.85     -2.76  0.       -5716.156       5128.927        793.439    0.000  -0.138   0.380   0.
  2017 352  9 26 46 500 352.393593748      -0.44      3.94     -2.82  0.       -5716.219       5127.732        791.667    0.000  -0.139   0.381   0.
  2017 352  9 26 47 499 352.393605321      -0.10      3.73     -2.58  0.       -5716.281       5126.536        789.895    0.000  -0.139   0.381   0.
  2017 352  9 26 48 499 352.393616895       1.33      3.99     -2.04  0.       -5716.343       5125.340        788.123    0.000  -0.138   0.380   0.
  2017 352  9 26 49 499 352.393628469       1.18      3.41     -2.61  0.       -5716.405       5124.143        786.350    0.000  -0.138   0.380   0.
  2017 352  9 26 50 499 352.393640043       1.51      2.38     -3.36  0.       -5716.466       5122.946        784.578    0.000  -0.139   0.381   0.
  2017 352  9 26 51 499 352.393651617       0.81      2.46     -3.57  0.       -5716.526       5121.749        782.805    0.000  -0.139   0.381   0.
  2017 352  9 26 52 499 352.393663192      -0.03      2.96     -2.82  0.       -5716.586       5120.551        781.033    0.000  -0.139   0.381   0.
  2017 352  9 26 53 499 352.393674766      -0.10      2.64     -2.31  0.       -5716.645       5119.352        779.260    0.000  -0.139   0.381   0.
  2017 352  9 26 54 499 352.393686340      -0.80      3.24     -4.68  0.       -5716.704       5118.153        777.487    0.000  -0.139   0.381   0.
  2017 352  9 26 55 499 352.393697914      -1.60      4.42     -5.38  0.       -5716.762       5116.953        775.714    0.000  -0.139   0.381   0.
  2017 352  9 26 56 499 352.393709488      -1.95      4.42     -4.79  0.       -5716.820       5115.753        773.942    0.000  -0.139   0.381   0.
  2017 352  9 26 57 499 352.393721062      -2.41      3.73     -4.07  0.       -5716.877       5114.553        772.169    0.000  -0.139   0.381   0.
  2017 352  9 26 58 499 352.393732636      -1.48      3.03     -4.15  0.       -5716.934       5113.352        770.396    0.000  -0.138   0.380   0.
  2017 352  9 26 59 499 352.393744210      -1.66      3.20     -4.30  0.       -5716.990       5112.151        768.622    0.000  -0.138   0.380   0.
  2017 352  9 27  0 499 352.393755784      -1.19      3.77     -4.96  0.       -5717.046       5110.949        766.849    0.000  -0.139   0.381   0.
  2017 352  9 27  1 499 352.393767358       0.38      4.40     -3.43  0.       -5717.101       5109.747        765.076    0.000  -0.139   0.381   0.
  2017 352  9 27  2 499 352.393778932       0.61      2.76     -2.00  0.       -5717.155       5108.544        763.303    0.000  -0.139   0.381   0.
  2017 352  9 27  3 499 352.393790506       0.56      2.80     -2.27  0.       -5717.209       5107.340        761.529    0.000  -0.139   0.381   0.
  2017 352  9 27  4 499 352.393802080       1.58      2.42     -1.34  0.       -5717.263       5106.137        759.756    0.000  -0.138   0.380   0.
  2017 352  9 27  5 499 352.393813655       2.41      1.77     -1.69  0.       -5717.316       5104.932        757.982    0.000  -0.138   0.380   0.
  2017 352  9 27  6 499 352.393825229       2.62      1.81     -1.84  0.       -5717.368       5103.728        756.209    0.000  -0.139   0.381   0.
  2017 352  9 27  7 499 352.393836803       2.55      1.97     -1.71  0.       -5717.420       5102.522        754.435    0.000  -0.139   0.381   0.
  2017 352  9 27  8 499 352.393848377       2.10      2.46     -1.44  0.       -5717.471       5101.317        752.661    0.000  -0.138   0.380   0.
  2017 352  9 27  9 499 352.393859951       1.58      2.75     -1.03  0.       -5717.522       5100.111        750.887    0.000  -0.138   0.380   0.
  2017 352  9 27 10 499 352.393871525       2.22      2.36     -0.76  0.       -5717.572       5098.904        749.114    0.000  -0.138   0.380   0.
  2017 352  9 27 11 499 352.393883099       2.56      2.04     -0.40  0.       -5717.622       5097.697        747.340    0.000  -0.138   0.380   0.
  2017 352  9 27 12 499 352.393894673       2.97      1.67     -0.31  0.       -5717.671       5096.489        745.566    0.000  -0.139   0.381   0.
  2017 352  9 27 13 499 352.393906247       3.78      1.20     -0.43  0.       -5717.720       5095.281        743.791    0.000  -0.139   0.381   0.
  2017 352  9 27 14 499 352.393917818       4.25      0.51     -0.33  0.       -5717.768       5094.072        742.017    0.000  -0.138   0.380   0.
  2017 352  9 27 15 499 352.393929392       4.66     -0.71     -0.04  0.       -5717.815       5092.863        740.243    0.000  -0.138   0.380   0.
  2017 352  9 27 16 499 352.393940966       4.72     -1.79     -0.05  0.       -5717.862       5091.654        738.469    0.000  -0.139   0.381   0.
  2017 352  9 27 17 499 352.393952541       4.77     -2.52     -0.91  0.       -5717.909       5090.444        736.694    0.000  -0.139   0.381   0.
  2017 352  9 27 18 499 352.393964115       4.71     -2.79     -2.14  0.       -5717.955       5089.233        734.920    0.000  -0.139   0.381   0.
  2017 352  9 27 19 499 352.393975689       4.38     -2.05     -3.39  0.       -5718.000       5088.022        733.145    0.000  -0.139   0.381   0.
  2017 352  9 27 20 499 352.393987263       4.28     -0.56     -4.09  0.       -5718.045       5086.811        731.371    0.000  -0.139   0.381   0.
  2017 352  9 27 21 499 352.393998837       3.53      1.93     -3.36  0.       -5718.089       5085.599        729.596    0.000  -0.139   0.381   0.
  2017 352  9 27 22 499 352.394010411       3.30      1.59     -2.86  0.       -5718.133       5084.387        727.821    0.000  -0.138   0.380   0.
  2017 352  9 27 23 499 352.394021985       4.98      1.56     -4.07  0.       -5718.176       5083.174        726.047    0.000  -0.138   0.380   0.
  2017 352  9 27 24 499 352.394033559       5.58      1.14     -4.01  0.       -5718.219       5081.960        724.272    0.000  -0.139   0.381   0.
  2017 352  9 27 25 499 352.394045133       5.67      1.78     -2.89  0.       -5718.261       5080.746        722.497    0.000  -0.139   0.381   0.
  2017 352  9 27 26 499 352.394056707       4.44      1.79     -1.96  0.       -5718.303       5079.532        720.722    0.000  -0.138   0.380   0.
  2017 352  9 27 27 499 352.394068281       4.14      0.14     -1.00  0.       -5718.344       5078.317        718.947    0.000  -0.138   0.380   0.
  2017 352  9 27 28 499 352.394079855       4.52      0.15     -0.40  0.       -5718.385       5077.102        717.172    0.000  -0.138   0.380   0.
  2017 352  9 27 29 499 352.394091429       5.01      0.64     -0.37  0.       -5718.425       5075.886        715.396    0.000  -0.138   0.380   0.
  2017 352  9 27 30 499 352.394103004       5.27      0.46     -0.30  0.       -5718.464       5074.670        713.621    0.000  -0.139   0.381   0.
  2017 352  9 27 31 499 352.394114578       5.53      0.28     -0.80  0.       -5718.503       5073.453        711.846    0.000  -0.139   0.381   0.
  2017 352  9 27 32 499 352.394126152       5.97      0.37     -0.32  0.       -5718.541       5072.236        710.070    0.000  -0.139   0.381   0.
  2017 352  9 27 33 499 352.394137726       6.93     -0.06      0.02  0.       -5718.579       5071.018        708.295    0.000  -0.139   0.381   0.
  2017 352  9 27 34 499 352.394149300       7.06     -0.47      0.14  0.       -5718.616       5069.800        706.519    0.000  -0.138   0.380   0.
  2017 352  9 27 35 499 352.394160874       6.91     -0.73      0.02  0.       -5718.653       5068.582        704.744    0.000  -0.138   0.380   0.
  2017 352  9 27 36 499 352.394172448       6.64     -1.12     -0.38  0.       -5718.689       5067.362        702.968    0.000  -0.139   0.381   0.
  2017 352  9 27 37 499 352.394184022       6.43     -1.46     -0.85  0.       -5718.725       5066.143        701.193    0.000  -0.139   0.381   0.
  2017 352  9 27 38 499 352.394195596       6.33     -1.99     -1.50  0.       -5718.760       5064.923        699.416    0.000  -0.139   0.381   0.
  2017 352  9 27 39 499 352.394207170       6.23     -2.48     -2.04  0.       -5718.795       5063.702        697.641    0.000  -0.139   0.381   0.
  2017 352  9 27 40 499 352.394218744       6.19     -2.33     -2.61  0.       -5718.829       5062.481        695.865    0.000  -0.139   0.381   0.
  2017 352  9 27 41 499 352.394230318       6.23     -2.14     -2.64  0.       -5718.862       5061.259        694.089    0.000  -0.139   0.381   0.
  2017 352  9 27 42 499 352.394241892       6.23     -2.11     -2.21  0.       -5718.895       5060.037        692.313    0.000  -0.138   0.380   0.
  2017 352  9 27 43 499 352.394253466       5.76     -2.11     -1.54  0.       -5718.928       5058.815        690.537    0.000  -0.138   0.380   0.
  2017 352  9 27 44 499 352.394265038       5.33     -2.16     -1.18  0.       -5718.959       5057.592        688.760    0.000  -0.139   0.381   0.
  2017 352  9 27 45 499 352.394276612       4.94     -2.03     -1.32  0.       -5718.991       5056.369        686.984    0.000  -0.139   0.381   0.
  2017 352  9 27 46 499 352.394288186       4.61     -1.07     -1.39  0.       -5719.022       5055.145        685.208    0.000  -0.139   0.381   0.
  2017 352  9 27 47 499 352.394299760       4.47     -0.63     -1.57  0.       -5719.052       5053.920        683.431    0.000  -0.139   0.381   0.
  2017 352  9 27 48 499 352.394311334       4.70     -0.55     -1.50  0.       -5719.082       5052.695        681.655    0.000  -0.138   0.380   0.
  2017 352  9 27 49 499 352.394322908       4.81     -0.02     -0.49  0.       -5719.111       5051.470        679.878    0.000  -0.138   0.380   0.
  2017 352  9 27 50 499 352.394334482       4.65     -0.30      0.78  0.       -5719.139       5050.244        678.102    0.000  -0.139   0.381   0.
  2017 352  9 27 51 499 352.394346056       3.77     -0.75      0.73  0.       -5719.167       5049.018        676.325    0.000  -0.139   0.381   0.
  2017 352  9 27 52 499 352.394357630       3.86     -1.25      0.62  0.       -5719.195       5047.791        674.548    0.000  -0.139   0.381   0.
  2017 352  9 27 53 499 352.394369204       5.75     -1.57      0.14  0.       -5719.222       5046.564        672.772    0.000  -0.139   0.381   0.
  2017 352  9 27 54 499 352.394380778       6.18     -1.72     -0.38  0.       -5719.248       5045.336        670.995    0.000  -0.139   0.381   0.
  2017 352  9 27 55 499 352.394392352       6.35     -1.82     -0.64  0.       -5719.274       5044.107        669.218    0.000  -0.139   0.381   0.
  2017 352  9 27 56 499 352.394403927       6.37     -1.83     -0.85  0.       -5719.300       5042.879        667.441    0.000  -0.138   0.380   0.
  2017 352  9 27 57 499 352.394415501       6.28     -1.90     -1.01  0.       -5719.324       5041.649        665.664    0.000  -0.138   0.380   0.
  2017 352  9 27 58 499 352.394427075       6.20     -2.17     -1.16  0.       -5719.349       5040.420        663.887    0.000  -0.138   0.380   0.
  2017 352  9 27 59 499 352.394438649       6.06     -2.31     -1.33  0.       -5719.372       5039.189        662.110    0.000  -0.138   0.380   0.
  2017 352  9 28  0 499 352.394450223       6.00     -2.21     -1.62  0.       -5719.396       5037.959        660.332    0.000  -0.138   0.380   0.
  2017 352  9 28  1 499 352.394461797       6.09     -2.34     -1.86  0.       -5719.418       5036.728        658.555    0.000  -0.138   0.380   0.
  2017 352  9 28  2 499 352.394473371       6.12     -2.50     -1.60  0.       -5719.440       5035.496        656.778    0.000  -0.138   0.380   0.
  2017 352  9 28  3 499 352.394484945       5.76     -2.19     -1.98  0.       -5719.462       5034.264        655.000    0.000  -0.138   0.380   0.
  2017 352  9 28  4 499 352.394496519       5.39     -2.02     -2.52  0.       -5719.483       5033.031        653.223    0.000  -0.139   0.381   0.
  2017 352  9 28  5 499 352.394508093       5.39     -2.22     -2.74  0.       -5719.503       5031.798        651.445    0.000  -0.139   0.381   0.
  2017 352  9 28  6 499 352.394519667       5.33     -2.21     -2.73  0.       -5719.523       5030.565        649.668    0.000  -0.139   0.381   0.
  2017 352  9 28  7 499 352.394531241       5.48     -2.62     -2.55  0.       -5719.542       5029.331        647.890    0.000  -0.139   0.381   0.
  2017 352  9 28  8 499 352.394542815       5.75     -2.43     -2.44  0.       -5719.561       5028.096        646.112    0.000  -0.138   0.380   0.
  2017 352  9 28  9 499 352.394554389       5.87     -2.06     -1.65  0.       -5719.579       5026.861        644.335    0.000  -0.138   0.380   0.
  2017 352  9 28 10 499 352.394565964       5.75     -2.01     -1.77  0.       -5719.597       5025.626        642.557    0.000  -0.139   0.381   0.
  2017 352  9 28 11 499 352.394577538       5.46     -1.98     -1.84  0.       -5719.614       5024.390        640.779    0.000  -0.139   0.381   0.
  2017 352  9 28 12 499 352.394589112       5.22     -1.91     -1.84  0.       -5719.630       5023.153        639.001    0.000  -0.138   0.380   0.
  2017 352  9 28 13 499 352.394600686       4.80     -1.88     -1.92  0.       -5719.647       5021.916        637.223    0.000  -0.138   0.380   0.
  2017 352  9 28 14 499 352.394612257       3.92     -1.95     -1.41  0.       -5719.662       5020.679        635.445    0.000  -0.138   0.380   0.
  2017 352  9 28 15 498 352.394623831       3.23     -1.26     -1.57  0.       -5719.677       5019.441        633.667    0.000  -0.138   0.380   0.
  2017 352  9 28 16 498 352.394635405       3.98     -0.80     -1.02  0.       -5719.691       5018.202        631.888    0.000  -0.138   0.380   0.
  2017 352  9 28 17 498 352.394646979       4.37     -1.80     -0.55  0.       -5719.705       5016.963        630.110    0.000  -0.138   0.380   0.
  2017 352  9 28 18 498 352.394658553       5.12     -2.40     -0.42  0.       -5719.718       5015.724        628.332    0.000  -0.138   0.380   0.
  2017 352  9 28 19 498 352.394670127       5.69     -2.51     -0.49  0.       -5719.731       5014.484        626.553    0.000  -0.138   0.380   0.
  2017 352  9 28 20 499 352.394681701       5.96     -2.60     -0.56  0.       -5719.743       5013.244        624.775    0.000  -0.138   0.380   0.
  2017 352  9 28 21 499 352.394693275       6.20     -2.62     -0.77  0.       -5719.755       5012.003        622.996    0.000  -0.138   0.380   0.
  2017 352  9 28 22 498 352.394704850       6.39     -2.48     -0.95  0.       -5719.766       5010.762        621.218    0.000  -0.138   0.380   0.
  2017 352  9 28 23 498 352.394716424       6.60     -2.37     -0.86  0.       -5719.776       5009.520        619.439    0.000  -0.138   0.380   0.
  2017 352  9 28 24 499 352.394727998       6.71     -2.36     -0.83  0.       -5719.786       5008.278        617.660    0.000  -0.138   0.380   0.
  2017 352  9 28 25 499 352.394739572       6.88     -2.46     -0.64  0.       -5719.796       5007.035        615.882    0.000  -0.138   0.380   0.
  2017 352  9 28 26 499 352.394751146       6.94     -2.43     -0.53  0.       -5719.805       5005.792        614.103    0.000  -0.138   0.380   0.
  2017 352  9 28 27 499 352.394762720       6.99     -2.50     -0.57  0.       -5719.813       5004.548        612.324    0.000  -0.138   0.380   0.
  2017 352  9 28 28 499 352.394774294       7.02     -2.43     -0.67  0.       -5719.821       5003.304        610.545    0.000  -0.138   0.380   0.
  2017 352  9 28 29 498 352.394785868       6.94     -2.28     -0.75  0.       -5719.828       5002.059        608.766    0.000  -0.138   0.380   0.
  2017 352  9 28 30 498 352.394797442       6.90     -2.35     -0.85  0.       -5719.835       5000.814        606.987    0.000  -0.139   0.381   0.
  2017 352  9 28 31 498 352.394809016       6.74     -2.39     -1.00  0.       -5719.841       4999.568        605.208    0.000  -0.139   0.381   0.
  2017 352  9 28 32 498 352.394820590       6.90     -2.27     -1.11  0.       -5719.846       4998.322        603.429    0.000  -0.138   0.380   0.
  2017 352  9 28 33 498 352.394832164       6.89     -2.39     -1.14  0.       -5719.851       4997.076        601.650    0.000  -0.138   0.380   0.
  2017 352  9 28 34 499 352.394843738       6.57     -2.60     -1.14  0.       -5719.856       4995.828        599.870    0.000  -0.138   0.380   0.
  2017 352  9 28 35 498 352.394855312       6.34     -2.65     -1.28  0.       -5719.860       4994.581        598.091    0.000  -0.138   0.380   0.
  2017 352  9 28 36 498 352.394866887       6.14     -2.57     -1.31  0.       -5719.863       4993.332        596.312    0.000  -0.139   0.381   0.
  2017 352  9 28 37 499 352.394878461       6.06     -2.51     -1.39  0.       -5719.866       4992.084        594.532    0.000  -0.139   0.381   0.
  2017 352  9 28 38 499 352.394890035       6.12     -2.49     -1.49  0.       -5719.868       4990.835        592.752    0.000  -0.138   0.380   0.
  2017 352  9 28 39 499 352.394901609       6.22     -2.30     -1.67  0.       -5719.870       4989.586        590.973    0.000  -0.138   0.380   0.
  2017 352  9 28 40 499 352.394913183       6.33     -2.26     -1.90  0.       -5719.871       4988.336        589.193    0.000  -0.138   0.380   0.
  2017 352  9 28 41 499 352.394924757       5.86     -2.32     -1.47  0.       -5719.871       4987.085        587.414    0.000  -0.138   0.380   0.
  2017 352  9 28 42 498 352.394936331       5.07     -1.92     -1.15  0.       -5719.871       4985.834        585.634    0.000  -0.139   0.381   0.
  2017 352  9 28 43 498 352.394947905       5.19     -1.88     -1.58  0.       -5719.871       4984.583        583.854    0.000  -0.139   0.381   0.
  2017 352  9 28 44 498 352.394959477       4.46     -1.99     -1.69  0.       -5719.870       4983.331        582.074    0.000  -0.138   0.380   0.
  2017 352  9 28 45 498 352.394971050       5.01     -2.07     -1.62  0.       -5719.868       4982.078        580.294    0.000  -0.138   0.380   0.
  2017 352  9 28 46 498 352.394982624       5.65     -2.13     -1.34  0.       -5719.866       4980.825        578.514    0.000  -0.138   0.380   0.
  2017 352  9 28 47 498 352.394994198       4.69     -2.55     -1.05  0.       -5719.863       4979.572        576.734    0.000  -0.138   0.380   0.
  2017 352  9 28 48 498 352.395005773       4.66     -2.54     -1.24  0.       -5719.860       4978.318        574.954    0.000  -0.139   0.381   0.
  2017 352  9 28 49 498 352.395017347       4.08     -1.41     -1.83  0.       -5719.856       4977.064        573.174    0.000  -0.139   0.381   0.
  2017 352  9 28 50 498 352.395028921       4.21     -1.18     -1.98  0.       -5719.851       4975.809        571.394    0.000  -0.139   0.381   0.
  2017 352  9 28 51 498 352.395040495       4.33     -0.31     -2.92  0.       -5719.846       4974.554        569.614    0.000  -0.139   0.381   0.
  2017 352  9 28 52 498 352.395052069       3.58      1.40     -2.88  0.       -5719.841       4973.298        567.833    0.000  -0.138   0.380   0.
  2017 352  9 28 53 498 352.395063643       3.92      0.41     -2.19  0.       -5719.835       4972.042        566.053    0.000  -0.138   0.380   0.
  2017 352  9 28 54 498 352.395075217       4.29     -0.94     -1.98  0.       -5719.828       4970.785        564.273    0.000  -0.139   0.381   0.
  2017 352  9 28 55 498 352.395086791       3.79     -0.24     -2.03  0.       -5719.821       4969.527        562.492    0.000  -0.139   0.381   0.
  2017 352  9 28 56 498 352.395098365       2.72      0.98     -2.01  0.       -5719.813       4968.270        560.712    0.000  -0.139   0.381   0.
  2017 352  9 28 57 498 352.395109939       1.91      1.19     -1.71  0.       -5719.804       4967.011        558.931    0.000  -0.139   0.381   0.
  2017 352  9 28 58 498 352.395121513       1.37      1.72     -1.70  0.       -5719.795       4965.753        557.150    0.000  -0.138   0.380   0.
  2017 352  9 28 59 498 352.395133087       1.00      1.90     -1.24  0.       -5719.786       4964.493        555.370    0.000  -0.138   0.380   0.
  2017 352  9 29  0 498 352.395144661       0.95      1.53     -1.50  0.       -5719.776       4963.234        553.589    0.000  -0.139   0.381   0.
  2017 352  9 29  1 498 352.395156236       1.18      1.16     -1.39  0.       -5719.765       4961.974        551.808    0.000  -0.139   0.381   0.
  2017 352  9 29  2 498 352.395167810       1.25      1.97     -1.68  0.       -5719.754       4960.713        550.027    0.000  -0.138   0.380   0.
  2017 352  9 29  3 498 352.395179384       1.84      2.50     -2.06  0.       -5719.742       4959.452        548.246    0.000  -0.138   0.380   0.
  2017 352  9 29  4 498 352.395190958       2.95      2.41     -2.12  0.       -5719.730       4958.190        546.466    0.000  -0.139   0.381   0.
  2017 352  9 29  5 498 352.395202532       3.54      1.44     -1.63  0.       -5719.717       4956.928        544.684    0.000  -0.139   0.381   0.
  2017 352  9 29  6 498 352.395214106       3.50      0.71     -1.09  0.       -5719.704       4955.665        542.903    0.000  -0.139   0.381   0.
  2017 352  9 29  7 498 352.395225680       3.26      0.12     -0.78  0.       -5719.690       4954.402        541.122    0.000  -0.139   0.381   0.
  2017 352  9 29  8 498 352.395237254       2.56     -0.45     -0.97  0.       -5719.675       4953.139        539.341    0.000  -0.138   0.380   0.
  2017 352  9 29  9 498 352.395248828       2.36      0.12     -1.38  0.       -5719.660       4951.874        537.560    0.000  -0.138   0.380   0.
  2017 352  9 29 10 498 352.395260402       2.66     -0.05     -1.10  0.       -5719.645       4950.610        535.779    0.000  -0.139   0.381   0.
  2017 352  9 29 11 498 352.395271976       2.88      0.47     -0.97  0.       -5719.628       4949.345        533.997    0.000  -0.139   0.381   0.
  2017 352  9 29 12 498 352.395283550       2.78      0.52     -0.79  0.       -5719.612       4948.079        532.216    0.000  -0.139   0.381   0.
  2017 352  9 29 13 498 352.395295124       2.81      0.42     -0.80  0.       -5719.594       4946.813        530.434    0.000  -0.139   0.381   0.
  2017 352  9 29 14 498 352.395306696       2.85      0.53     -1.18  0.       -5719.577       4945.547        528.653    0.000  -0.139   0.381   0.
  2017 352  9 29 15 498 352.395318270       3.13      0.54     -1.54  0.       -5719.558       4944.280        526.871    0.000  -0.139   0.381   0.
  2017 352  9 29 16 498 352.395329844       3.01     -0.10     -1.44  0.       -5719.539       4943.012        525.090    0.000  -0.139   0.381   0.
  2017 352  9 29 17 498 352.395341418       3.13     -0.28     -1.65  0.       -5719.519       4941.744        523.308    0.000  -0.139   0.381   0.
  2017 352  9 29 18 498 352.395352992       3.85     -0.31     -2.11  0.       -5719.499       4940.476        521.527    0.000  -0.139   0.381   0.
  2017 352  9 29 19 498 352.395364566       4.55     -0.62     -2.38  0.       -5719.479       4939.207        519.745    0.000  -0.139   0.381   0.
  2017 352  9 29 20 498 352.395376140       4.78     -0.75     -1.71  0.       -5719.457       4937.938        517.963    0.000  -0.139   0.381   0.
  2017 352  9 29 21 498 352.395387714       5.17     -0.85     -1.37  0.       -5719.436       4936.668        516.181    0.000  -0.139   0.381   0.
  2017 352  9 29 22 498 352.395399288       5.46     -1.30     -0.96  0.       -5719.413       4935.397        514.399    0.000  -0.138   0.380   0.
  2017 352  9 29 23 498 352.395410862       5.92     -2.10     -0.65  0.       -5719.390       4934.126        512.617    0.000  -0.138   0.380   0.
  2017 352  9 29 24 498 352.395422436       5.88     -2.27     -1.08  0.       -5719.367       4932.855        510.835    0.000  -0.138   0.380   0.
  2017 352  9 29 25 498 352.395434010       5.85     -1.83     -1.58  0.       -5719.343       4931.583        509.053    0.000  -0.138   0.380   0.
  2017 352  9 29 26 498 352.395445584       6.18     -1.08     -2.04  0.       -5719.318       4930.311        507.271    0.000  -0.139   0.381   0.
  2017 352  9 29 27 498 352.395457159       6.54     -0.57     -2.58  0.       -5719.293       4929.038        505.489    0.000  -0.139   0.381   0.
  2017 352  9 29 28 498 352.395468733       6.42     -0.60     -2.53  0.       -5719.267       4927.765        503.707    0.000  -0.139   0.381   0.
  2017 352  9 29 29 498 352.395480307       6.33     -1.11     -1.99  0.       -5719.241       4926.491        501.925    0.000  -0.139   0.381   0.
  2017 352  9 29 30 498 352.395491881       6.48     -1.28     -1.39  0.       -5719.214       4925.216        500.142    0.000  -0.138   0.380   0.
  2017 352  9 29 31 498 352.395503455       6.73     -1.32     -1.35  0.       -5719.186       4923.942        498.360    0.000  -0.138   0.380   0.
  2017 352  9 29 32 498 352.395515029       6.48     -0.81     -1.19  0.       -5719.158       4922.666        496.578    0.000  -0.139   0.381   0.
  2017 352  9 29 33 498 352.395526603       6.14     -0.83     -1.55  0.       -5719.129       4921.391        494.795    0.000  -0.139   0.381   0.
  2017 352  9 29 34 498 352.395538177       6.44     -0.69     -1.66  0.       -5719.100       4920.114        493.013    0.000  -0.139   0.381   0.
  2017 352  9 29 35 498 352.395549751       6.18     -0.91     -1.56  0.       -5719.071       4918.838        491.230    0.000  -0.139   0.381   0.
  2017 352  9 29 36 498 352.395561325       6.12     -1.44     -1.35  0.       -5719.040       4917.560        489.448    0.000  -0.138   0.380   0.
  2017 352  9 29 37 498 352.395572899       6.07     -2.02     -1.59  0.       -5719.009       4916.283        487.665    0.000  -0.138   0.380   0.
  2017 352  9 29 38 498 352.395584473       5.88     -2.78     -1.41  0.       -5718.978       4915.005        485.882    0.000  -0.138   0.380   0.
  2017 352  9 29 39 498 352.395596047       5.61     -2.54     -1.40  0.       -5718.946       4913.726        484.100    0.000  -0.138   0.380   0.
  2017 352  9 29 40 498 352.395607622       6.03     -2.61     -1.14  0.       -5718.913       4912.447        482.317    0.000  -0.139   0.381   0.
  2017 352  9 29 41 498 352.395619196       5.63     -2.02     -1.00  0.       -5718.880       4911.167        480.534    0.000  -0.139   0.381   0.
  2017 352  9 29 42 498 352.395630770       4.56     -1.28     -0.86  0.       -5718.847       4909.887        478.751    0.000  -0.138   0.380   0.
  2017 352  9 29 43 498 352.395642344       4.16     -0.67     -0.96  0.       -5718.812       4908.606        476.968    0.000  -0.138   0.380   0.
  2017 352  9 29 44 498 352.395653915       3.87     -0.03     -0.55  0.       -5718.777       4907.325        475.185    0.000  -0.139   0.381   0.
  2017 352  9 29 45 498 352.395665489       3.91     -0.85     -0.23  0.       -5718.742       4906.043        473.402    0.000  -0.139   0.381   0.
  2017 352  9 29 46 498 352.395677063       3.76     -0.39     -0.79  0.       -5718.706       4904.761        471.619    0.000  -0.138   0.380   0.
  2017 352  9 29 47 498 352.395688637       3.79      0.51     -1.27  0.       -5718.669       4903.479        469.836    0.000  -0.138   0.380   0.
  2017 352  9 29 48 498 352.395700211       3.30      0.79     -1.54  0.       -5718.632       4902.196        468.053    0.000  -0.138   0.380   0.
  2017 352  9 29 49 498 352.395711785       3.21      1.57     -2.12  0.       -5718.594       4900.912        466.270    0.000  -0.138   0.380   0.
  2017 352  9 29 50 498 352.395723359       2.56      1.66     -2.09  0.       -5718.556       4899.628        464.487    0.000  -0.138   0.380   0.
  2017 352  9 29 51 498 352.395734933       2.45      1.98     -2.06  0.       -5718.517       4898.343        462.703    0.000  -0.138   0.380   0.
  2017 352  9 29 52 498 352.395746508       3.35      2.07     -2.07  0.       -5718.478       4897.058        460.920    0.000  -0.139   0.381   0.
  2017 352  9 29 53 498 352.395758082       3.58      2.61     -2.15  0.       -5718.438       4895.773        459.136    0.000  -0.139   0.381   0.
  2017 352  9 29 54 498 352.395769656       3.51      2.43     -2.08  0.       -5718.397       4894.487        457.353    0.000  -0.138   0.380   0.
  2017 352  9 29 55 498 352.395781230       3.61      2.85     -2.23  0.       -5718.356       4893.200        455.570    0.000  -0.138   0.380   0.
  2017 352  9 29 56 498 352.395792804       3.65      2.60     -1.82  0.       -5718.315       4891.913        453.786    0.000  -0.139   0.381   0.
  2017 352  9 29 57 498 352.395804378       3.56      2.24     -1.22  0.       -5718.272       4890.626        452.002    0.000  -0.139   0.381   0.
  2017 352  9 29 58 498 352.395815952       4.15      1.77     -0.46  0.       -5718.230       4889.338        450.219    0.000  -0.139   0.381   0.
  2017 352  9 29 59 498 352.395827526       4.45      1.21     -0.37  0.       -5718.186       4888.049        448.435    0.000  -0.139   0.381   0.
  2017 352  9 30  0 498 352.395839100       4.85      0.49     -0.18  0.       -5718.142       4886.760        446.651    0.000  -0.138   0.380   0.
  2017 352  9 30  1 498 352.395850674       5.41     -0.37      0.16  0.       -5718.097       4885.471        444.868    0.000  -0.138   0.380   0.
  2017 352  9 30  2 498 352.395862248       5.87     -0.98      0.41  0.       -5718.052       4884.181        443.084    0.000  -0.138   0.380   0.
  2017 352  9 30  3 498 352.395873822       6.16     -1.59      0.44  0.       -5718.007       4882.891        441.300    0.000  -0.138   0.380   0.
  2017 352  9 30  4 498 352.395885396       6.25     -2.21      0.34  0.       -5717.960       4881.600        439.516    0.000  -0.139   0.381   0.
  2017 352  9 30  5 498 352.395896970       6.44     -2.35      0.13  0.       -5717.914       4880.308        437.732    0.000  -0.139   0.381   0.
  2017 352  9 30  6 498 352.395908545       6.57     -2.30     -0.06  0.       -5717.866       4879.016        435.948    0.000  -0.139   0.381   0.
  2017 352  9 30  7 498 352.395920119       6.66     -2.30     -0.36  0.       -5717.818       4877.724        434.164    0.000  -0.139   0.381   0.
  2017 352  9 30  8 498 352.395931693       6.61     -2.21     -0.86  0.       -5717.770       4876.431        432.380    0.000  -0.138   0.380   0.
  2017 352  9 30  9 498 352.395943267       6.45     -1.90     -1.40  0.       -5717.720       4875.138        430.596    0.000  -0.138   0.380   0.
  2017 352  9 30 10 498 352.395954841       6.31     -1.61     -1.58  0.       -5717.671       4873.844        428.812    0.000  -0.138   0.380   0.
  2017 352  9 30 11 498 352.395966415       6.03     -1.36     -1.67  0.       -5717.620       4872.550        427.028    0.000  -0.138   0.380   0.
  2017 352  9 30 12 498 352.395977989       5.97     -1.07     -1.84  0.       -5717.570       4871.255        425.244    0.000  -0.139   0.381   0.
  2017 352  9 30 13 498 352.395989563       6.22     -0.86     -1.57  0.       -5717.518       4869.959        423.459    0.000  -0.139   0.381   0.
  2017 352  9 30 14 497 352.396001134       6.28     -1.09     -1.44  0.       -5717.466       4868.663        421.675    0.000  -0.138   0.380   0.
  2017 352  9 30 15 497 352.396012708       6.42     -1.41     -1.74  0.       -5717.414       4867.367        419.891    0.000  -0.138   0.380   0.
  2017 352  9 30 16 498 352.396024282       6.62     -1.58     -2.15  0.       -5717.360       4866.071        418.106    0.000  -0.138   0.380   0.
  2017 352  9 30 17 498 352.396035856       6.70     -1.46     -2.46  0.       -5717.307       4864.773        416.322    0.000  -0.138   0.380   0.
  2017 352  9 30 18 497 352.396047431       6.72     -1.10     -2.57  0.       -5717.252       4863.476        414.537    0.000  -0.139   0.381   0.
  2017 352  9 30 19 497 352.396059005       6.64     -0.85     -2.47  0.       -5717.197       4862.177        412.753    0.000  -0.139   0.381   0.
  2017 352  9 30 20 498 352.396070579       6.38     -0.80     -2.01  0.       -5717.142       4860.879        410.968    0.000  -0.139   0.381   0.
  2017 352  9 30 21 498 352.396082153       6.31     -0.75     -2.18  0.       -5717.086       4859.579        409.184    0.000  -0.139   0.381   0.
  2017 352  9 30 22 498 352.396093727       6.22     -0.63     -2.37  0.       -5717.029       4858.280        407.399    0.000  -0.139   0.381   0.
  2017 352  9 30 23 498 352.396105301       6.14     -0.62     -2.46  0.       -5716.972       4856.979        405.614    0.000  -0.139   0.381   0.
  2017 352  9 30 24 497 352.396116875       6.15     -0.88     -2.39  0.       -5716.914       4855.679        403.830    0.000  -0.138   0.380   0.
  2017 352  9 30 25 497 352.396128449       6.22     -0.98     -2.43  0.       -5716.856       4854.377        402.045    0.000  -0.138   0.380   0.
  2017 352  9 30 26 497 352.396140023       6.28     -1.14     -2.36  0.       -5716.797       4853.076        400.260    0.000  -0.138   0.380   0.
  2017 352  9 30 27 497 352.396151597       6.41     -1.42     -2.31  0.       -5716.737       4851.774        398.475    0.000  -0.138   0.380   0.
  2017 352  9 30 28 497 352.396163171       6.54     -1.53     -2.20  0.       -5716.677       4850.471        396.690    0.000  -0.139   0.381   0.
  2017 352  9 30 29 498 352.396174745       6.68     -1.67     -2.14  0.       -5716.617       4849.168        394.906    0.000  -0.139   0.381   0.
  2017 352  9 30 30 498 352.396186319       6.76     -1.75     -2.17  0.       -5716.555       4847.864        393.121    0.000  -0.138   0.380   0.
  2017 352  9 30 31 497 352.396197894       6.83     -1.66     -2.09  0.       -5716.494       4846.560        391.336    0.000  -0.138   0.380   0.
  2017 352  9 30 32 497 352.396209468       6.75     -1.63     -1.94  0.       -5716.431       4845.255        389.551    0.000  -0.139   0.381   0.
  2017 352  9 30 33 498 352.396221042       6.45     -1.62     -1.90  0.       -5716.368       4843.950        387.765    0.000  -0.139   0.381   0.
  2017 352  9 30 34 498 352.396232616       6.30     -1.35     -2.14  0.       -5716.305       4842.645        385.980    0.000  -0.138   0.380   0.
  2017 352  9 30 35 498 352.396244190       6.42     -1.09     -2.39  0.       -5716.240       4841.338        384.195    0.000  -0.138   0.380   0.
  2017 352  9 30 36 498 352.396255764       6.55     -1.08     -2.45  0.       -5716.176       4840.032        382.410    0.000  -0.139   0.381   0.
  2017 352  9 30 37 498 352.396267338       6.71     -1.06     -2.30  0.       -5716.110       4838.725        380.625    0.000  -0.139   0.381   0.
  2017 352  9 30 38 497 352.396278912       6.85     -1.00     -2.03  0.       -5716.045       4837.417        378.840    0.000  -0.139   0.381   0.
  2017 352  9 30 39 497 352.396290486       6.95     -1.07     -1.95  0.       -5715.978       4836.109        377.054    0.000  -0.139   0.381   0.
  2017 352  9 30 40 497 352.396302060       6.96     -1.07     -1.95  0.       -5715.911       4834.800        375.269    0.000  -0.139   0.381   0.
  2017 352  9 30 41 497 352.396313634       7.18     -1.18     -1.76  0.       -5715.843       4833.492        373.483    0.000  -0.139   0.381   0.
  2017 352  9 30 42 497 352.396325208       7.27     -1.34     -1.45  0.       -5715.775       4832.182        371.698    0.000  -0.138   0.380   0.
  2017 352  9 30 43 498 352.396336782       7.32     -1.50     -1.36  0.       -5715.706       4830.872        369.912    0.000  -0.138   0.380   0.
  2017 352  9 30 44 498 352.396348354       7.25     -1.49     -1.29  0.       -5715.637       4829.561        368.127    0.000  -0.139   0.381   0.
  2017 352  9 30 45 497 352.396359928       7.22     -1.29     -1.28  0.       -5715.567       4828.250        366.341    0.000  -0.139   0.381   0.
  2017 352  9 30 46 497 352.396371502       7.19     -1.11     -1.45  0.       -5715.496       4826.939        364.556    0.000  -0.139   0.381   0.
  2017 352  9 30 47 497 352.396383076       7.08     -1.07     -1.40  0.       -5715.425       4825.627        362.770    0.000  -0.139   0.381   0.
  2017 352  9 30 48 497 352.396394650       6.97     -1.07     -1.48  0.       -5715.354       4824.314        360.985    0.000  -0.138   0.380   0.
  2017 352  9 30 49 497 352.396406224       6.89     -1.05     -1.72  0.       -5715.281       4823.001        359.199    0.000  -0.138   0.380   0.
  2017 352  9 30 50 497 352.396417798       6.86     -0.79     -2.01  0.       -5715.209       4821.688        357.413    0.000  -0.138   0.380   0.
  2017 352  9 30 51 497 352.396429372       6.86     -0.74     -1.95  0.       -5715.135       4820.374        355.627    0.000  -0.138   0.380   0.
  2017 352  9 30 52 497 352.396440946       6.76     -0.87     -1.67  0.       -5715.061       4819.059        353.842    0.000  -0.139   0.381   0.
  2017 352  9 30 53 497 352.396452520       6.57     -1.03     -1.47  0.       -5714.986       4817.744        352.056    0.000  -0.139   0.381   0.
  2017 352  9 30 54 497 352.396464094       6.49     -1.35     -1.38  0.       -5714.911       4816.429        350.270    0.000  -0.139   0.381   0.
  2017 352  9 30 55 497 352.396475668       6.46     -1.65     -1.28  0.       -5714.835       4815.113        348.484    0.000  -0.139   0.381   0.
  2017 352  9 30 56 497 352.396487242       6.43     -1.86     -1.29  0.       -5714.759       4813.797        346.698    0.000  -0.138   0.380   0.
  2017 352  9 30 57 497 352.396498817       6.47     -2.01     -1.36  0.       -5714.682       4812.480        344.912    0.000  -0.138   0.380   0.
  2017 352  9 30 58 497 352.396510391       6.57     -2.18     -1.56  0.       -5714.604       4811.162        343.126    0.000  -0.138   0.380   0.
  2017 352  9 30 59 497 352.396521965       6.73     -2.16     -1.88  0.       -5714.526       4809.844        341.340    0.000  -0.138   0.380   0.
  2017 352  9 31  0 497 352.396533539       6.91     -2.19     -2.12  0.       -5714.448       4808.526        339.554    0.000  -0.139   0.381   0.
  2017 352  9 31  1 497 352.396545113       7.09     -2.08     -2.22  0.       -5714.368       4807.207        337.768    0.000  -0.139   0.381   0.
  2017 352  9 31  2 497 352.396556687       7.16     -2.28     -1.97  0.       -5714.289       4805.887        335.982    0.000  -0.138   0.380   0.
  2017 352  9 31  3 497 352.396568261       7.15     -2.50     -1.63  0.       -5714.208       4804.568        334.196    0.000  -0.138   0.380   0.
  2017 352  9 31  4 497 352.396579835       7.14     -2.58     -1.44  0.       -5714.127       4803.247        332.409    0.000  -0.139   0.381   0.
  2017 352  9 31  5 497 352.396591409       7.22     -2.46     -0.90  0.       -5714.045       4801.926        330.623    0.000  -0.139   0.381   0.
  2017 352  9 31  6 497 352.396602983       7.27     -2.29     -0.84  0.       -5713.963       4800.605        328.837    0.000  -0.138   0.380   0.
  2017 352  9 31  7 497 352.396614557       7.31     -1.99     -0.55  0.       -5713.880       4799.283        327.051    0.000  -0.138   0.380   0.
  2017 352  9 31  8 497 352.396626131       7.28     -1.87     -0.32  0.       -5713.797       4797.961        325.264    0.000  -0.138   0.380   0.
  2017 352  9 31  9 497 352.396637705       7.07     -1.69     -0.26  0.       -5713.713       4796.638        323.478    0.000  -0.138   0.380   0.
  2017 352  9 31 10 497 352.396649280       6.90     -1.48     -0.07  0.       -5713.628       4795.314        321.691    0.000  -0.139   0.381   0.
  2017 352  9 31 11 497 352.396660854       6.70     -1.49     -0.03  0.       -5713.543       4793.991        319.905    0.000  -0.139   0.381   0.
  2017 352  9 31 12 497 352.396672425       6.46     -1.85     -0.01  0.       -5713.457       4792.666        318.119    0.000  -0.138   0.380   0.
  2017 352  9 31 13 497 352.396683999       6.41     -2.05     -0.16  0.       -5713.371       4791.341        316.332    0.000  -0.138   0.380   0.
  2017 352  9 31 14 497 352.396695573       6.33     -1.96     -0.35  0.       -5713.284       4790.016        314.546    0.000  -0.138   0.380   0.
  2017 352  9 31 15 497 352.396707147       6.28     -2.13     -0.72  0.       -5713.197       4788.690        312.759    0.000  -0.138   0.380   0.
  2017 352  9 31 16 497 352.396718721       6.33     -2.45     -0.98  0.       -5713.108       4787.364        310.972    0.000  -0.139   0.381   0.
  2017 352  9 31 17 497 352.396730295       6.25     -2.29     -1.07  0.       -5713.020       4786.037        309.186    0.000  -0.139   0.381   0.
  2017 352  9 31 18 497 352.396741869       6.19     -1.84     -1.21  0.       -5712.930       4784.710        307.399    0.000  -0.138   0.380   0.
  2017 352  9 31 19 497 352.396753443       6.16     -1.50     -1.24  0.       -5712.841       4783.382        305.612    0.000  -0.138   0.380   0.
  2017 352  9 31 20 497 352.396765017       6.33     -1.23     -1.19  0.       -5712.750       4782.054        303.825    0.000  -0.139   0.381   0.
  2017 352  9 31 21 497 352.396776591       6.43     -0.82     -0.92  0.       -5712.659       4780.725        302.039    0.000  -0.139   0.381   0.
  2017 352  9 31 22 497 352.396788166       6.35     -0.50     -0.74  0.       -5712.567       4779.396        300.252    0.000  -0.138   0.380   0.
  2017 352  9 31 23 497 352.396799740       6.28     -0.49     -0.54  0.       -5712.475       4778.066        298.465    0.000  -0.138   0.380   0.
  2017 352  9 31 24 497 352.396811314       6.01     -0.54     -0.37  0.       -5712.382       4776.736        296.678    0.000  -0.138   0.380   0.
  2017 352  9 31 25 497 352.396822888       5.88     -0.75     -0.59  0.       -5712.289       4775.405        294.891    0.000  -0.138   0.380   0.
  2017 352  9 31 26 497 352.396834462       5.96     -0.99     -0.50  0.       -5712.195       4774.074        293.104    0.000  -0.138   0.380   0.
  2017 352  9 31 27 497 352.396846036       5.96     -1.51     -0.32  0.       -5712.100       4772.742        291.317    0.000  -0.138   0.380   0.
  2017 352  9 31 28 497 352.396857610       5.78     -2.20     -0.19  0.       -5712.005       4771.410        289.531    0.000  -0.138   0.380   0.
  2017 352  9 31 29 497 352.396869184       5.66     -2.72     -0.28  0.       -5711.910       4770.077        287.744    0.000  -0.138   0.380   0.
  2017 352  9 31 30 497 352.396880758       5.55     -3.19     -0.44  0.       -5711.813       4768.744        285.957    0.000  -0.139   0.381   0.
  2017 352  9 31 31 497 352.396892332       5.50     -3.58     -0.62  0.       -5711.716       4767.410        284.169    0.000  -0.139   0.381   0.
  2017 352  9 31 32 497 352.396903906       5.78     -3.67     -0.39  0.       -5711.618       4766.076        282.382    0.000  -0.139   0.381   0.
  2017 352  9 31 33 497 352.396915480       6.01     -3.62     -0.31  0.       -5711.520       4764.741        280.595    0.000  -0.139   0.381   0.
  2017 352  9 31 34 497 352.396927054       6.09     -3.67     -0.37  0.       -5711.421       4763.406        278.808    0.000  -0.138   0.380   0.
  2017 352  9 31 35 497 352.396938629       6.10     -3.73     -0.50  0.       -5711.322       4762.070        277.021    0.000  -0.138   0.380   0.
  2017 352  9 31 36 497 352.396950203       6.10     -3.78     -0.63  0.       -5711.222       4760.734        275.234    0.000  -0.138   0.380   0.
  2017 352  9 31 37 497 352.396961777       6.18     -3.78     -0.67  0.       -5711.122       4759.397        273.446    0.000  -0.138   0.380   0.
  2017 352  9 31 38 497 352.396973351       6.26     -3.66     -0.59  0.       -5711.020       4758.060        271.659    0.000  -0.139   0.381   0.
  2017 352  9 31 39 497 352.396984925       6.37     -3.63     -0.62  0.       -5710.919       4756.722        269.872    0.000  -0.139   0.381   0.
  2017 352  9 31 40 497 352.396996499       6.43     -3.63     -0.64  0.       -5710.816       4755.384        268.084    0.000  -0.139   0.381   0.
  2017 352  9 31 41 497 352.397008073       6.53     -3.66     -0.67  0.       -5710.713       4754.046        266.297    0.000  -0.139   0.381   0.
  2017 352  9 31 42 497 352.397019644       6.62     -3.67     -0.67  0.       -5710.610       4752.706        264.510    0.000  -0.138   0.380   0.
  2017 352  9 31 43 497 352.397031218       6.70     -3.68     -0.65  0.       -5710.506       4751.367        262.722    0.000  -0.138   0.380   0.
  2017 352  9 31 44 497 352.397042792       6.70     -3.65     -0.66  0.       -5710.401       4750.027        260.935    0.000  -0.139   0.381   0.
  2017 352  9 31 45 497 352.397054366       6.79     -3.65     -0.64  0.       -5710.296       4748.686        259.147    0.000  -0.139   0.381   0.
  2017 352  9 31 46 497 352.397065940       6.82     -3.62     -0.61  0.       -5710.190       4747.345        257.360    0.000  -0.139   0.381   0.
  2017 352  9 31 47 497 352.397077514       6.94     -3.59     -0.58  0.       -5710.084       4746.003        255.572    0.000  -0.139   0.381   0.
  2017 352  9 31 48 497 352.397089089       7.07     -3.62     -0.61  0.       -5709.976       4744.661        253.785    0.000  -0.138   0.380   0.
  2017 352  9 31 49 497 352.397100663       7.17     -3.67     -0.56  0.       -5709.869       4743.318        251.997    0.000  -0.138   0.380   0.
  2017 352  9 31 50 497 352.397112237       7.14     -3.75     -0.47  0.       -5709.760       4741.975        250.210    0.000  -0.138   0.380   0.
  2017 352  9 31 51 497 352.397123811       7.19     -3.78     -0.29  0.       -5709.652       4740.632        248.422    0.000  -0.138   0.380   0.
  2017 352  9 31 52 497 352.397135385       7.26     -3.78     -0.15  0.       -5709.542       4739.287        246.635    0.000  -0.139   0.381   0.
  2017 352  9 31 53 497 352.397146959       7.35     -3.74     -0.20  0.       -5709.432       4737.943        244.847    0.000  -0.139   0.381   0.
  2017 352  9 31 54 497 352.397158533       7.41     -3.71     -0.26  0.       -5709.321       4736.598        243.059    0.000  -0.139   0.381   0.
  2017 352  9 31 55 497 352.397170107       7.42     -3.72     -0.41  0.       -5709.210       4735.252        241.271    0.000  -0.139   0.381   0.
  2017 352  9 31 56 497 352.397181681       7.51     -3.72     -0.56  0.       -5709.098       4733.906        239.484    0.000  -0.138   0.380   0.
  2017 352  9 31 57 497 352.397193255       7.55     -3.78     -0.57  0.       -5708.986       4732.559        237.696    0.000  -0.138   0.380   0.
  2017 352  9 31 58 497 352.397204829       7.60     -3.83     -0.54  0.       -5708.873       4731.212        235.908    0.000  -0.138   0.380   0.
  2017 352  9 31 59 497 352.397216403       7.65     -3.88     -0.38  0.       -5708.759       4729.865        234.120    0.000  -0.138   0.380   0.
  2017 352  9 32  0 497 352.397227977       7.74     -3.93     -0.29  0.       -5708.645       4728.517        232.332    0.000  -0.139   0.381   0.
  2017 352  9 32  1 497 352.397239552       7.95     -3.99     -0.17  0.       -5708.530       4727.168        230.545    0.000  -0.139   0.381   0.
  2017 352  9 32  2 497 352.397251126       8.23     -3.97     -0.14  0.       -5708.415       4725.819        228.757    0.000  -0.139   0.381   0.
  2017 352  9 32  3 497 352.397262700       8.46     -3.95     -0.14  0.       -5708.299       4724.469        226.969    0.000  -0.139   0.381   0.
  2017 352  9 32  4 497 352.397274274       8.64     -3.88     -0.36  0.       -5708.182       4723.119        225.181    0.000  -0.138   0.380   0.
  2017 352  9 32  5 497 352.397285848       8.81     -3.53     -0.92  0.       -5708.065       4721.769        223.393    0.000  -0.138   0.380   0.
  2017 352  9 32  6 497 352.397297422       8.87     -3.33     -1.57  0.       -5707.947       4720.418        221.605    0.000  -0.138   0.380   0.
  2017 352  9 32  7 497 352.397308996       8.94     -3.27     -2.14  0.       -5707.828       4719.066        219.817    0.000  -0.138   0.380   0.
  2017 352  9 32  8 497 352.397320570       9.06     -3.38     -2.32  0.       -5707.709       4717.714        218.029    0.000  -0.139   0.381   0.
  2017 352  9 32  9 497 352.397332144       9.08     -3.14     -2.40  0.       -5707.590       4716.361        216.241    0.000  -0.139   0.381   0.
  2017 352  9 32 10 497 352.397343718       9.02     -3.01     -2.23  0.       -5707.469       4715.008        214.453    0.000  -0.139   0.381   0.
  2017 352  9 32 11 497 352.397355292       8.69     -2.72     -2.58  0.       -5707.349       4713.655        212.665    0.000  -0.139   0.381   0.
  2017 352  9 32 12 497 352.397366863       8.69     -2.30     -3.13  0.       -5707.227       4712.301        210.877    0.000  -0.138   0.380   0.
  2017 352  9 32 13 496 352.397378438       8.81     -1.81     -3.51  0.       -5707.105       4710.946        209.088    0.000  -0.138   0.380   0.
  2017 352  9 32 14 496 352.397390012       8.75     -1.52     -3.61  0.       -5706.982       4709.591        207.300    0.000  -0.138   0.380   0.
  2017 352  9 32 15 496 352.397401586       8.79     -1.12     -3.22  0.       -5706.859       4708.235        205.512    0.000  -0.138   0.380   0.
  2017 352  9 32 16 497 352.397413160       8.60     -0.90     -2.86  0.       -5706.735       4706.879        203.724    0.000  -0.139   0.381   0.
  2017 352  9 32 17 497 352.397424734       8.38     -0.41     -2.96  0.       -5706.611       4705.523        201.936    0.000  -0.139   0.381   0.
  2017 352  9 32 18 497 352.397436308       8.36      0.26     -2.95  0.       -5706.486       4704.166        200.147    0.000  -0.138   0.380   0.
  2017 352  9 32 19 497 352.397447882       8.11      0.44     -3.10  0.       -5706.360       4702.808        198.359    0.000  -0.138   0.380   0.
  2017 352  9 32 20 496 352.397459456       7.92      0.40     -3.34  0.       -5706.234       4701.450        196.571    0.000  -0.139   0.381   0.
  2017 352  9 32 21 496 352.397471030       7.84      0.44     -3.14  0.       -5706.107       4700.092        194.782    0.000  -0.139   0.381   0.
  2017 352  9 32 22 496 352.397482604       7.78      0.42     -2.84  0.       -5705.979       4698.733        192.994    0.000  -0.139   0.381   0.
  2017 352  9 32 23 496 352.397494178       7.57      0.28     -2.73  0.       -5705.851       4697.373        191.206    0.000  -0.139   0.381   0.
  2017 352  9 32 24 496 352.397505752       7.33      0.06     -2.62  0.       -5705.723       4696.013        189.417    0.000  -0.139   0.381   0.
  2017 352  9 32 25 497 352.397517326       7.21     -0.29     -2.45  0.       -5705.593       4694.653        187.629    0.000  -0.139   0.381   0.
  2017 352  9 32 26 497 352.397528900       7.29     -0.60     -2.06  0.       -5705.463       4693.292        185.841    0.000  -0.139   0.381   0.
  2017 352  9 32 27 496 352.397540475       7.33     -1.24     -1.51  0.       -5705.333       4691.930        184.052    0.000  -0.139   0.381   0.
  2017 352  9 32 28 496 352.397552049       7.30     -1.82     -1.24  0.       -5705.202       4690.568        182.264    0.000  -0.139   0.381   0.
  2017 352  9 32 29 497 352.397563623       7.22     -2.21     -1.26  0.       -5705.070       4689.206        180.475    0.000  -0.139   0.381   0.
  2017 352  9 32 30 497 352.397575197       7.17     -2.52     -1.30  0.       -5704.938       4687.842        178.687    0.000  -0.139   0.381   0.
  2017 352  9 32 31 497 352.397586771       7.20     -2.78     -1.27  0.       -5704.805       4686.479        176.898    0.000  -0.139   0.381   0.
  2017 352  9 32 32 497 352.397598345       7.24     -2.93     -1.27  0.       -5704.671       4685.115        175.110    0.000  -0.138   0.380   0.
  2017 352  9 32 33 497 352.397609919       7.29     -2.99     -1.28  0.       -5704.537       4683.750        173.321    0.000  -0.138   0.380   0.
  2017 352  9 32 34 496 352.397621493       7.27     -2.98     -1.34  0.       -5704.402       4682.385        171.533    0.000  -0.139   0.381   0.
  2017 352  9 32 35 496 352.397633067       7.28     -2.91     -1.33  0.       -5704.267       4681.020        169.744    0.000  -0.139   0.381   0.
  2017 352  9 32 36 496 352.397644641       7.36     -2.87     -1.32  0.       -5704.131       4679.654        167.955    0.000  -0.139   0.381   0.
  2017 352  9 32 37 496 352.397656215       7.32     -2.89     -1.32  0.       -5703.994       4678.287        166.167    0.000  -0.139   0.381   0.
  2017 352  9 32 38 497 352.397667789       7.34     -2.89     -1.41  0.       -5703.857       4676.920        164.378    0.000  -0.138   0.380   0.
  2017 352  9 32 39 497 352.397679363       7.34     -2.91     -1.47  0.       -5703.719       4675.553        162.589    0.000  -0.138   0.380   0.
  2017 352  9 32 40 496 352.397690937       7.31     -2.80     -1.48  0.       -5703.581       4674.185        160.801    0.000  -0.139   0.381   0.
  2017 352  9 32 41 496 352.397702512       7.32     -2.69     -1.45  0.       -5703.442       4672.816        159.012    0.000  -0.139   0.381   0.
  2017 352  9 32 42 497 352.397714086       7.33     -2.58     -1.38  0.       -5703.302       4671.447        157.223    0.000  -0.138   0.380   0.
  2017 352  9 32 43 497 352.397725660       7.32     -2.54     -1.25  0.       -5703.162       4670.078        155.435    0.000  -0.138   0.380   0.
  2017 352  9 32 44 497 352.397737231       7.25     -2.54     -1.17  0.       -5703.021       4668.708        153.646    0.000  -0.139   0.381   0.
  2017 352  9 32 45 496 352.397748805       7.20     -2.58     -1.08  0.       -5702.880       4667.337        151.857    0.000  -0.139   0.381   0.
  2017 352  9 32 46 496 352.397760379       7.20     -2.64     -1.01  0.       -5702.738       4665.966        150.069    0.000  -0.138   0.380   0.
  2017 352  9 32 47 496 352.397771953       7.09     -2.84     -1.00  0.       -5702.595       4664.595        148.280    0.000  -0.138   0.380   0.
  2017 352  9 32 48 496 352.397783527       7.03     -3.04     -1.16  0.       -5702.452       4663.223        146.491    0.000  -0.139   0.381   0.
  2017 352  9 32 49 496 352.397795101       7.04     -3.10     -1.31  0.       -5702.308       4661.850        144.702    0.000  -0.139   0.381   0.
  2017 352  9 32 50 496 352.397806675       7.00     -3.15     -1.42  0.       -5702.163       4660.477        142.913    0.000  -0.139   0.381   0.
  2017 352  9 32 51 496 352.397818249       7.03     -3.18     -1.64  0.       -5702.018       4659.104        141.124    0.000  -0.139   0.381   0.
  2017 352  9 32 52 496 352.397829823       7.08     -3.10     -1.72  0.       -5701.872       4657.730        139.336    0.000  -0.139   0.381   0.
  2017 352  9 32 53 496 352.397841398       7.06     -3.02     -1.82  0.       -5701.726       4656.355        137.547    0.000  -0.139   0.381   0.
  2017 352  9 32 54 496 352.397852972       7.03     -2.88     -1.82  0.       -5701.579       4654.980        135.758    0.000  -0.138   0.380   0.
  2017 352  9 32 55 496 352.397864546       6.98     -2.77     -1.87  0.       -5701.432       4653.605        133.969    0.000  -0.138   0.380   0.
  2017 352  9 32 56 496 352.397876120       6.91     -2.68     -1.91  0.       -5701.283       4652.228        132.180    0.000  -0.138   0.380   0.
  2017 352  9 32 57 496 352.397887694       6.82     -2.60     -1.91  0.       -5701.135       4650.852        130.391    0.000  -0.138   0.380   0.
  2017 352  9 32 58 496 352.397899268       6.69     -2.53     -1.89  0.       -5700.985       4649.475        128.602    0.000  -0.139   0.381   0.
  2017 352  9 32 59 496 352.397910842       6.54     -2.51     -1.83  0.       -5700.835       4648.098        126.813    0.000  -0.139   0.381   0.
  2017 352  9 33  0 496 352.397922416       6.45     -2.49     -1.71  0.       -5700.685       4646.720        125.024    0.000  -0.139   0.381   0.
  2017 352  9 33  1 496 352.397933990       6.37     -2.50     -1.53  0.       -5700.533       4645.341        123.235    0.000  -0.139   0.381   0.
  2017 352  9 33  2 496 352.397945564       6.31     -2.55     -1.44  0.       -5700.381       4643.962        121.446    0.000  -0.139   0.381   0.
  2017 352  9 33  3 496 352.397957138       6.31     -2.66     -1.36  0.       -5700.229       4642.583        119.657    0.000  -0.139   0.381   0.
  2017 352  9 33  4 496 352.397968712       6.33     -2.79     -1.39  0.       -5700.076       4641.203        117.868    0.000  -0.139   0.381   0.
  2017 352  9 33  5 496 352.397980286       6.31     -3.07     -1.40  0.       -5699.922       4639.822        116.079    0.000  -0.139   0.381   0.
  2017 352  9 33  6 496 352.397991861       6.30     -3.28     -1.53  0.       -5699.768       4638.441        114.290    0.000  -0.139   0.381   0.
  2017 352  9 33  7 496 352.398003435       6.31     -3.41     -1.85  0.       -5699.613       4637.060        112.501    0.000  -0.139   0.381   0.
  2017 352  9 33  8 496 352.398015009       6.32     -3.47     -2.07  0.       -5699.457       4635.678        110.712    0.000  -0.139   0.381   0.
  2017 352  9 33  9 496 352.398026583       6.51     -3.54     -2.09  0.       -5699.301       4634.295        108.923    0.000  -0.139   0.381   0.
  2017 352  9 33 10 496 352.398038157       6.78     -3.54     -1.97  0.       -5699.145       4632.912        107.134    0.000  -0.138   0.380   0.
  2017 352  9 33 11 496 352.398049731       7.05     -3.50     -1.72  0.       -5698.987       4631.529        105.345    0.000  -0.138   0.380   0.
  2017 352  9 33 12 496 352.398061302       7.25     -3.34     -1.56  0.       -5698.829       4630.145        103.556    0.000  -0.139   0.381   0.
  2017 352  9 33 13 496 352.398072876       7.33     -3.14     -1.61  0.       -5698.671       4628.760        101.766    0.000  -0.139   0.381   0.
  2017 352  9 33 14 496 352.398084450       7.40     -3.01     -1.61  0.       -5698.512       4627.375         99.977    0.000  -0.139   0.381   0.
  2017 352  9 33 15 496 352.398096024       7.44     -2.89     -1.64  0.       -5698.352       4625.990         98.188    0.000  -0.139   0.381   0.
  2017 352  9 33 16 496 352.398107598       7.44     -2.77     -1.65  0.       -5698.191       4624.604         96.399    0.000  -0.138   0.380   0.
  2017 352  9 33 17 496 352.398119173       7.31     -2.73     -1.66  0.       -5698.030       4623.217         94.610    0.000  -0.138   0.380   0.
  2017 352  9 33 18 496 352.398130746       7.22     -2.62     -1.66  0.       -5697.868       4621.830         92.821    0.000  -0.138   0.380   0.
  2017 352  9 33 19 496 352.398142321       7.19     -2.60     -1.60  0.       -5697.706       4620.443         91.031    0.000  -0.138   0.380   0.
  2017 352  9 33 20 496 352.398153895       7.16     -2.57     -1.57  0.       -5697.543       4619.055         89.242    0.000  -0.139   0.381   0.
  2017 352  9 33 21 496 352.398165469       7.18     -2.53     -1.66  0.       -5697.379       4617.666         87.453    0.000  -0.139   0.381   0.
  2017 352  9 33 22 496 352.398177043       7.18     -2.56     -1.77  0.       -5697.215       4616.277         85.664    0.000  -0.138   0.380   0.
  2017 352  9 33 23 496 352.398188617       7.21     -2.47     -1.95  0.       -5697.050       4614.888         83.875    0.000  -0.138   0.380   0.
  2017 352  9 33 24 496 352.398200191       7.28     -2.34     -2.15  0.       -5696.885       4613.498         82.085    0.000  -0.138   0.380   0.
  2017 352  9 33 25 496 352.398211765       7.32     -2.28     -2.16  0.       -5696.719       4612.107         80.296    0.000  -0.138   0.380   0.
  2017 352  9 33 26 496 352.398223339       7.41     -2.33     -2.09  0.       -5696.552       4610.716         78.507    0.000  -0.139   0.381   0.
  2017 352  9 33 27 496 352.398234913       7.52     -2.40     -1.98  0.       -5696.385       4609.325         76.718    0.000  -0.139   0.381   0.
  2017 352  9 33 28 496 352.398246487       7.52     -2.50     -1.87  0.       -5696.217       4607.933         74.928    0.000  -0.138   0.380   0.
  2017 352  9 33 29 496 352.398258061       7.50     -2.49     -1.84  0.       -5696.049       4606.540         73.139    0.000  -0.138   0.380   0.
  2017 352  9 33 30 496 352.398269635       7.56     -2.42     -1.92  0.       -5695.880       4605.147         71.350    0.000  -0.139   0.381   0.
  2017 352  9 33 31 496 352.398281210       7.62     -2.31     -1.95  0.       -5695.710       4603.754         69.561    0.000  -0.139   0.381   0.
  2017 352  9 33 32 496 352.398292784       7.67     -2.24     -1.88  0.       -5695.539       4602.360         67.771    0.000  -0.138   0.380   0.
  2017 352  9 33 33 496 352.398304358       7.63     -2.25     -1.75  0.       -5695.368       4600.965         65.982    0.000  -0.138   0.380   0.
  2017 352  9 33 34 496 352.398315932       7.66     -2.28     -1.65  0.       -5695.197       4599.570         64.193    0.000  -0.138   0.380   0.
  2017 352  9 33 35 496 352.398327506       7.62     -2.35     -1.55  0.       -5695.025       4598.175         62.403    0.000  -0.138   0.380   0.
  2017 352  9 33 36 496 352.398339080       7.61     -2.34     -1.44  0.       -5694.852       4596.779         60.614    0.000  -0.139   0.381   0.
  2017 352  9 33 37 496 352.398350654       7.59     -2.39     -1.37  0.       -5694.678       4595.382         58.825    0.000  -0.139   0.381   0.
  2017 352  9 33 38 496 352.398362228       7.62     -2.42     -1.29  0.       -5694.504       4593.985         57.035    0.000  -0.139   0.381   0.
  2017 352  9 33 39 496 352.398373802       7.60     -2.43     -1.27  0.       -5694.329       4592.587         55.246    0.000  -0.139   0.381   0.
  2017 352  9 33 40 496 352.398385376       7.56     -2.50     -1.27  0.       -5694.154       4591.189         53.457    0.000  -0.138   0.380   0.
  2017 352  9 33 41 496 352.398396950       7.65     -2.52     -1.29  0.       -5693.978       4589.791         51.667    0.000  -0.138   0.380   0.
  2017 352  9 33 42 496 352.398408521       7.69     -2.52     -1.29  0.       -5693.802       4588.392         49.878    0.000  -0.138   0.380   0.
  2017 352  9 33 43 496 352.398420096       7.75     -2.49     -1.18  0.       -5693.624       4586.992         48.089    0.000  -0.138   0.380   0.
  2017 352  9 33 44 496 352.398431670       7.75     -2.42     -1.07  0.       -5693.447       4585.592         46.299    0.000  -0.138   0.380   0.
  2017 352  9 33 45 496 352.398443244       7.74     -2.35     -0.95  0.       -5693.268       4584.192         44.510    0.000  -0.138   0.380   0.
  2017 352  9 33 46 496 352.398454818       7.73     -2.25     -0.83  0.       -5693.089       4582.790         42.720    0.000  -0.138   0.380   0.
  2017 352  9 33 47 496 352.398466392       7.67     -2.19     -0.70  0.       -5692.909       4581.389         40.931    0.000  -0.138   0.380   0.
  2017 352  9 33 48 496 352.398477966       7.53     -2.20     -0.60  0.       -5692.729       4579.987         39.142    0.000  -0.138   0.380   0.
  2017 352  9 33 49 496 352.398489540       7.35     -2.25     -0.59  0.       -5692.548       4578.584         37.352    0.000  -0.138   0.380   0.
  2017 352  9 33 50 496 352.398501114       7.28     -2.30     -0.61  0.       -5692.366       4577.181         35.563    0.000  -0.138   0.380   0.
  2017 352  9 33 51 496 352.398512688       7.24     -2.33     -0.66  0.       -5692.184       4575.778         33.773    0.000  -0.138   0.380   0.
  2017 352  9 33 52 496 352.398524262       7.27     -2.31     -0.79  0.       -5692.001       4574.374         31.984    0.000  -0.138   0.380   0.
  2017 352  9 33 53 496 352.398535836       7.27     -2.28     -0.89  0.       -5691.818       4572.969         30.195    0.000  -0.138   0.380   0.
  2017 352  9 33 54 496 352.398547410       7.24     -2.25     -0.95  0.       -5691.634       4571.564         28.405    0.000  -0.139   0.381   0.
  2017 352  9 33 55 496 352.398558984       7.14     -2.25     -0.97  0.       -5691.449       4570.158         26.616    0.000  -0.139   0.381   0.
  2017 352  9 33 56 496 352.398570558       7.10     -2.24     -0.99  0.       -5691.264       4568.752         24.826    0.000  -0.139   0.381   0.
  2017 352  9 33 57 496 352.398582133       7.04     -2.29     -0.97  0.       -5691.078       4567.346         23.037    0.000  -0.139   0.381   0.
  2017 352  9 33 58 496 352.398593707       7.02     -2.32     -0.94  0.       -5690.891       4565.939         21.248    0.000  -0.138   0.380   0.
  2017 352  9 33 59 496 352.398605281       7.06     -2.33     -0.90  0.       -5690.704       4564.531         19.458    0.000  -0.138   0.380   0.
  2017 352  9 34  0 496 352.398616855       7.04     -2.36     -0.92  0.       -5690.516       4563.123         17.669    0.000  -0.138   0.380   0.
  2017 352  9 34  1 496 352.398628429       7.05     -2.39     -0.93  0.       -5690.328       4561.714         15.879    0.000  -0.138   0.380   0.
  2017 352  9 34  2 496 352.398640003       7.06     -2.36     -0.94  0.       -5690.138       4560.305         14.090    0.000  -0.139   0.381   0.
  2017 352  9 34  3 496 352.398651577       7.04     -2.36     -0.88  0.       -5689.949       4558.896         12.300    0.000  -0.139   0.381   0.
  2017 352  9 34  4 496 352.398663151       7.05     -2.30     -0.80  0.       -5689.758       4557.485         10.511    0.000  -0.139   0.381   0.
  2017 352  9 34  5 496 352.398674725       7.04     -2.29     -0.75  0.       -5689.567       4556.075          8.722    0.000  -0.139   0.381   0.
  2017 352  9 34  6 496 352.398686299       7.02     -2.39     -0.69  0.       -5689.376       4554.664          6.932    0.000  -0.138   0.380   0.
  2017 352  9 34  7 496 352.398697873       7.02     -2.47     -0.61  0.       -5689.184       4553.252          5.143    0.000  -0.138   0.380   0.
  2017 352  9 34  8 496 352.398709447       6.98     -2.61     -0.53  0.       -5688.991       4551.840          3.353    0.000  -0.139   0.381   0.
  2017 352  9 34  9 496 352.398721021       6.89     -2.80     -0.50  0.       -5688.797       4550.427          1.564    0.000  -0.139   0.381   0.
  2017 352  9 34 10 496 352.398732595       6.93     -2.89     -0.52  0.       -5688.603       4549.014         -0.226    0.000  -0.139   0.381   0.
  2017 352  9 34 11 496 352.398744170       7.11     -2.96     -0.59  0.       -5688.408       4547.600         -2.015    0.000  -0.139   0.381   0.
  2017 352  9 34 12 496 352.398755741       7.18     -3.03     -0.62  0.       -5688.213       4546.186         -3.804    0.000  -0.138   0.380   0.
  2017 352  9 34 13 496 352.398767315       7.28     -3.04     -0.68  0.       -5688.017       4544.772         -5.594    0.000  -0.138   0.380   0.
  2017 352  9 34 14 496 352.398778889       7.32     -3.06     -0.76  0.       -5687.820       4543.356         -7.383    0.000  -0.138   0.380   0.
  2017 352  9 34 15 496 352.398790463       7.35     -3.05     -0.82  0.       -5687.623       4541.941         -9.173    0.000  -0.138   0.380   0.
  2017 352  9 34 16 495 352.398802037       7.36     -3.04     -0.84  0.       -5687.425       4540.525        -10.962    0.000  -0.138   0.380   0.
  2017 352  9 34 17 495 352.398813611       7.36     -3.03     -0.83  0.       -5687.226       4539.108        -12.752    0.000  -0.138   0.380   0.
  2017 352  9 34 18 495 352.398825185       7.36     -3.03     -0.80  0.       -5687.027       4537.691        -14.541    0.000  -0.138   0.380   0.
  2017 352  9 34 19 495 352.398836759       7.40     -2.99     -0.73  0.       -5686.827       4536.273        -16.330    0.000  -0.138   0.380   0.
  2017 352  9 34 20 495 352.398848333       7.46     -2.96     -0.69  0.       -5686.627       4534.855        -18.120    0.000  -0.138   0.380   0.
  2017 352  9 34 21 496 352.398859907       7.43     -2.93     -0.66  0.       -5686.426       4533.436        -19.909    0.000  -0.138   0.380   0.
  2017 352  9 34 22 496 352.398871482       7.44     -2.92     -0.64  0.       -5686.224       4532.017        -21.699    0.000  -0.139   0.381   0.
  2017 352  9 34 23 495 352.398883056       7.45     -2.93     -0.60  0.       -5686.022       4530.597        -23.488    0.000  -0.139   0.381   0.
  2017 352  9 34 24 495 352.398894630       7.42     -2.98     -0.63  0.       -5685.819       4529.177        -25.277    0.000  -0.138   0.380   0.
  2017 352  9 34 25 496 352.398906204       7.48     -3.01     -0.66  0.       -5685.615       4527.756        -27.067    0.000  -0.138   0.380   0.
  2017 352  9 34 26 496 352.398917778       7.49     -2.95     -0.72  0.       -5685.411       4526.335        -28.856    0.000  -0.138   0.380   0.
  2017 352  9 34 27 496 352.398929352       7.43     -2.88     -0.73  0.       -5685.206       4524.913        -30.646    0.000  -0.138   0.380   0.
  2017 352  9 34 28 496 352.398940926       7.39     -2.84     -0.70  0.       -5685.000       4523.491        -32.435    0.000  -0.138   0.380   0.
  2017 352  9 34 29 496 352.398952500       7.39     -2.78     -0.68  0.       -5684.794       4522.068        -34.224    0.000  -0.138   0.380   0.
  2017 352  9 34 30 495 352.398964074       7.43     -2.75     -0.67  0.       -5684.587       4520.645        -36.014    0.000  -0.139   0.381   0.
  2017 352  9 34 31 495 352.398975648       7.41     -2.70     -0.66  0.       -5684.380       4519.222        -37.803    0.000  -0.139   0.381   0.
  2017 352  9 34 32 495 352.398987222       7.38     -2.59     -0.67  0.       -5684.172       4517.797        -39.593    0.000  -0.138   0.380   0.
  2017 352  9 34 33 495 352.398998796       7.42     -2.50     -0.65  0.       -5683.963       4516.372        -41.382    0.000  -0.138   0.380   0.
  2017 352  9 34 34 496 352.399010370       7.36     -2.40     -0.60  0.       -5683.754       4514.947        -43.171    0.000  -0.139   0.381   0.
  2017 352  9 34 35 496 352.399021944       7.25     -2.38     -0.57  0.       -5683.544       4513.521        -44.961    0.000  -0.139   0.381   0.
  2017 352  9 34 36 495 352.399033519       7.15     -2.38     -0.57  0.       -5683.333       4512.095        -46.750    0.000  -0.139   0.381   0.
  2017 352  9 34 37 495 352.399045093       6.96     -2.49     -0.60  0.       -5683.122       4510.668        -48.539    0.000  -0.139   0.381   0.
  2017 352  9 34 38 496 352.399056667       6.89     -2.57     -0.67  0.       -5682.910       4509.241        -50.329    0.000  -0.139   0.381   0.
  2017 352  9 34 39 496 352.399068241       6.89     -2.71     -0.76  0.       -5682.698       4507.813        -52.118    0.000  -0.139   0.381   0.
  2017 352  9 34 40 496 352.399079815       6.89     -2.95     -0.80  0.       -5682.484       4506.385        -53.907    0.000  -0.139   0.381   0.
  2017 352  9 34 41 496 352.399091389       6.88     -3.16     -0.90  0.       -5682.271       4504.956        -55.697    0.000  -0.139   0.381   0.
  2017 352  9 34 42 496 352.399102960       6.93     -3.06     -1.06  0.       -5682.056       4503.527        -57.486    0.000  -0.139   0.381   0.
  2017 352  9 34 43 495 352.399114534       7.06     -2.94     -1.12  0.       -5681.841       4502.097        -59.275    0.000  -0.139   0.381   0.
  2017 352  9 34 44 495 352.399126108       7.08     -2.98     -1.04  0.       -5681.626       4500.667        -61.065    0.000  -0.139   0.381   0.
  2017 352  9 34 45 495 352.399137682       7.06     -3.06     -1.07  0.       -5681.409       4499.236        -62.854    0.000  -0.139   0.381   0.
  2017 352  9 34 46 495 352.399149256       7.03     -3.03     -1.13  0.       -5681.192       4497.805        -64.643    0.000  -0.139   0.381   0.
  2017 352  9 34 47 495 352.399160830       7.06     -2.91     -1.17  0.       -5680.974       4496.373        -66.432    0.000  -0.139   0.381   0.
  2017 352  9 34 48 495 352.399172404       7.03     -2.87     -1.17  0.       -5680.756       4494.940        -68.222    0.000  -0.139   0.381   0.
  2017 352  9 34 49 495 352.399183979       7.07     -2.90     -1.13  0.       -5680.537       4493.507        -70.011    0.000  -0.139   0.381   0.
  2017 352  9 34 50 495 352.399195553       7.16     -2.97     -1.09  0.       -5680.318       4492.074        -71.800    0.000  -0.139   0.381   0.
  2017 352  9 34 51 495 352.399207127       7.27     -2.94     -1.12  0.       -5680.098       4490.640        -73.590    0.000  -0.139   0.381   0.
  2017 352  9 34 52 495 352.399218701       7.28     -3.01     -1.12  0.       -5679.877       4489.206        -75.379    0.000  -0.139   0.381   0.
  2017 352  9 34 53 495 352.399230275       7.36     -3.01     -1.15  0.       -5679.655       4487.771        -77.168    0.000  -0.139   0.381   0.
  2017 352  9 34 54 495 352.399241849       7.41     -3.00     -1.04  0.       -5679.433       4486.336        -78.957    0.000  -0.139   0.381   0.
  2017 352  9 34 55 495 352.399253423       7.43     -2.96     -0.86  0.       -5679.210       4484.900        -80.746    0.000  -0.139   0.381   0.
  2017 352  9 34 56 495 352.399264997       7.45     -2.91     -0.81  0.       -5678.987       4483.463        -82.536    0.000  -0.139   0.381   0.
  2017 352  9 34 57 495 352.399276571       7.45     -2.88     -0.85  0.       -5678.763       4482.026        -84.325    0.000  -0.139   0.381   0.
  2017 352  9 34 58 495 352.399288145       7.45     -2.89     -0.98  0.       -5678.538       4480.589        -86.114    0.000  -0.139   0.381   0.
  2017 352  9 34 59 495 352.399299719       7.50     -2.80     -1.07  0.       -5678.313       4479.151        -87.903    0.000  -0.139   0.381   0.
  2017 352  9 35  0 495 352.399311293       7.52     -2.81     -1.13  0.       -5678.087       4477.713        -89.692    0.000  -0.139   0.381   0.
  2017 352  9 35  1 495 352.399322867       7.51     -2.85     -1.19  0.       -5677.860       4476.274        -91.482    0.000  -0.139   0.381   0.
  2017 352  9 35  2 495 352.399334442       7.57     -2.80     -1.36  0.       -5677.633       4474.834        -93.271    0.000  -0.139   0.381   0.
  2017 352  9 35  3 495 352.399346016       7.62     -2.73     -1.48  0.       -5677.405       4473.395        -95.060    0.000  -0.139   0.381   0.
  2017 352  9 35  4 495 352.399357590       7.61     -2.65     -1.51  0.       -5677.177       4471.954        -96.849    0.000  -0.139   0.381   0.
  2017 352  9 35  5 495 352.399369164       7.65     -2.51     -1.57  0.       -5676.947       4470.513        -98.638    0.000  -0.139   0.381   0.
  2017 352  9 35  6 495 352.399380738       7.60     -2.35     -1.60  0.       -5676.718       4469.071       -100.427    0.000  -0.139   0.381   0.
  2017 352  9 35  7 495 352.399392312       7.56     -2.26     -1.56  0.       -5676.487       4467.630       -102.216    0.000  -0.139   0.381   0.
  2017 352  9 35  8 495 352.399403886       7.51     -2.19     -1.55  0.       -5676.256       4466.187       -104.005    0.000  -0.139   0.381   0.
  2017 352  9 35  9 495 352.399415460       7.44     -2.08     -1.49  0.       -5676.024       4464.744       -105.794    0.000  -0.139   0.381   0.
  2017 352  9 35 10 495 352.399427034       7.33     -1.98     -1.42  0.       -5675.792       4463.300       -107.583    0.000  -0.139   0.381   0.
  2017 352  9 35 11 495 352.399438608       7.19     -1.91     -1.40  0.       -5675.559       4461.856       -109.372    0.000  -0.139   0.381   0.
  2017 352  9 35 12 495 352.399450179       7.12     -1.88     -1.37  0.       -5675.325       4460.412       -111.161    0.000  -0.138   0.380   0.
  2017 352  9 35 13 495 352.399461754       7.04     -1.85     -1.33  0.       -5675.091       4458.967       -112.950    0.000  -0.138   0.380   0.
  2017 352  9 35 14 495 352.399473328       6.98     -1.77     -1.30  0.       -5674.856       4457.521       -114.739    0.000  -0.138   0.380   0.
  2017 352  9 35 15 495 352.399484902       6.92     -1.69     -1.27  0.       -5674.620       4456.075       -116.528    0.000  -0.138   0.380   0.
  2017 352  9 35 16 495 352.399496476       6.80     -1.64     -1.23  0.       -5674.384       4454.629       -118.317    0.000  -0.138   0.380   0.
  2017 352  9 35 17 495 352.399508050       6.69     -1.58     -1.15  0.       -5674.147       4453.182       -120.106    0.000  -0.138   0.380   0.
  2017 352  9 35 18 495 352.399519624       6.58     -1.58     -1.12  0.       -5673.910       4451.734       -121.895    0.000  -0.138   0.380   0.
  2017 352  9 35 19 495 352.399531198       6.44     -1.60     -1.15  0.       -5673.671       4450.286       -123.684    0.000  -0.138   0.380   0.
  2017 352  9 35 20 495 352.399542772       6.40     -1.65     -1.12  0.       -5673.432       4448.838       -125.473    0.000  -0.139   0.381   0.
  2017 352  9 35 21 495 352.399554346       6.32     -1.74     -1.07  0.       -5673.193       4447.388       -127.262    0.000  -0.139   0.381   0.
  2017 352  9 35 22 495 352.399565920       6.28     -1.88     -1.00  0.       -5672.953       4445.939       -129.051    0.000  -0.138   0.380   0.
  2017 352  9 35 23 495 352.399577494       6.25     -2.02     -0.97  0.       -5672.712       4444.489       -130.840    0.000  -0.138   0.380   0.
  2017 352  9 35 24 495 352.399589068       6.18     -2.17     -0.91  0.       -5672.470       4443.038       -132.629    0.000  -0.138   0.380   0.
  2017 352  9 35 25 495 352.399600642       6.14     -2.25     -0.87  0.       -5672.228       4441.587       -134.417    0.000  -0.138   0.380   0.
  2017 352  9 35 26 495 352.399612216       6.08     -2.34     -0.84  0.       -5671.986       4440.135       -136.206    0.000  -0.139   0.381   0.
  2017 352  9 35 27 495 352.399623790       6.02     -2.42     -0.81  0.       -5671.742       4438.683       -137.995    0.000  -0.139   0.381   0.
  2017 352  9 35 28 495 352.399635365       5.95     -2.47     -0.77  0.       -5671.498       4437.231       -139.784    0.000  -0.139   0.381   0.
  2017 352  9 35 29 495 352.399646939       5.95     -2.50     -0.74  0.       -5671.253       4435.777       -141.573    0.000  -0.139   0.381   0.
  2017 352  9 35 30 495 352.399658513       5.90     -2.54     -0.69  0.       -5671.008       4434.324       -143.361    0.000  -0.138   0.380   0.
  2017 352  9 35 31 495 352.399670087       5.92     -2.54     -0.65  0.       -5670.762       4432.870       -145.150    0.000  -0.138   0.380   0.
  2017 352  9 35 32 495 352.399681661       5.90     -2.58     -0.59  0.       -5670.515       4431.415       -146.939    0.000  -0.139   0.381   0.
  2017 352  9 35 33 495 352.399693235       5.88     -2.58     -0.57  0.       -5670.268       4429.960       -148.728    0.000  -0.139   0.381   0.
  2017 352  9 35 34 495 352.399704809       5.87     -2.56     -0.54  0.       -5670.020       4428.504       -150.516    0.000  -0.139   0.381   0.
  2017 352  9 35 35 495 352.399716383       5.79     -2.54     -0.50  0.       -5669.771       4427.048       -152.305    0.000  -0.139   0.381   0.
  2017 352  9 35 36 495 352.399727957       5.73     -2.55     -0.48  0.       -5669.522       4425.591       -154.094    0.000  -0.138   0.380   0.
  2017 352  9 35 37 495 352.399739531       5.74     -2.52     -0.46  0.       -5669.272       4424.134       -155.882    0.000  -0.138   0.380   0.
  2017 352  9 35 38 495 352.399751105       5.74     -2.52     -0.42  0.       -5669.022       4422.676       -157.671    0.000  -0.138   0.380   0.
  2017 352  9 35 39 495 352.399762679       5.79     -2.54     -0.40  0.       -5668.770       4421.218       -159.460    0.000  -0.138   0.380   0.
  2017 352  9 35 40 495 352.399774251       5.87     -2.52     -0.38  0.       -5668.519       4419.759       -161.248    0.000  -0.139   0.381   0.
  2017 352  9 35 41 495 352.399785825       5.91     -2.49     -0.42  0.       -5668.266       4418.300       -163.037    0.000  -0.139   0.381   0.
  2017 352  9 35 42 495 352.399797399       5.96     -2.42     -0.41  0.       -5668.013       4416.840       -164.825    0.000  -0.138   0.380   0.
  2017 352  9 35 43 495 352.399808973       6.03     -2.34     -0.42  0.       -5667.759       4415.380       -166.614    0.000  -0.138   0.380   0.
  2017 352  9 35 44 495 352.399820547       6.06     -2.34     -0.44  0.       -5667.505       4413.919       -168.402    0.000  -0.139   0.381   0.
  2017 352  9 35 45 495 352.399832121       6.11     -2.36     -0.41  0.       -5667.249       4412.458       -170.191    0.000  -0.139   0.381   0.
  2017 352  9 35 46 495 352.399843695       6.13     -2.35     -0.42  0.       -5666.994       4410.996       -171.979    0.000  -0.139   0.381   0.
  2017 352  9 35 47 495 352.399855269       6.23     -2.44     -0.43  0.       -5666.737       4409.534       -173.768    0.000  -0.139   0.381   0.
  2017 352  9 35 48 495 352.399866843       6.21     -2.58     -0.50  0.       -5666.480       4408.071       -175.556    0.000  -0.138   0.380   0.
  2017 352  9 35 49 495 352.399878417       6.25     -2.67     -0.53  0.       -5666.222       4406.607       -177.344    0.000  -0.138   0.380   0.
  2017 352  9 35 50 495 352.399889991       6.35     -2.66     -0.48  0.       -5665.964       4405.144       -179.133    0.000  -0.138   0.380   0.
  2017 352  9 35 51 495 352.399901565       6.31     -2.72     -0.53  0.       -5665.705       4403.679       -180.921    0.000  -0.138   0.380   0.
  2017 352  9 35 52 495 352.399913139       6.30     -2.74     -0.55  0.       -5665.445       4402.214       -182.710    0.000  -0.139   0.381   0.
  2017 352  9 35 53 495 352.399924714       6.39     -2.73     -0.56  0.       -5665.185       4400.749       -184.498    0.000  -0.139   0.381   0.
  2017 352  9 35 54 495 352.399936288       6.42     -2.72     -0.60  0.       -5664.924       4399.283       -186.286    0.000  -0.138   0.380   0.
  2017 352  9 35 55 495 352.399947862       6.47     -2.71     -0.64  0.       -5664.662       4397.817       -188.074    0.000  -0.138   0.380   0.
  2017 352  9 35 56 495 352.399959436       6.55     -2.65     -0.62  0.       -5664.400       4396.350       -189.863    0.000  -0.139   0.381   0.
  2017 352  9 35 57 495 352.399971010       6.57     -2.62     -0.65  0.       -5664.137       4394.882       -191.651    0.000  -0.139   0.381   0.
  2017 352  9 35 58 495 352.399982584       6.61     -2.63     -0.64  0.       -5663.873       4393.414       -193.439    0.000  -0.138   0.380   0.
  2017 352  9 35 59 495 352.399994158       6.69     -2.63     -0.61  0.       -5663.609       4391.946       -195.227    0.000  -0.138   0.380   0.
  2017 352  9 36  0 495 352.400005732       6.73     -2.61     -0.57  0.       -5663.344       4390.477       -197.015    0.000  -0.138   0.380   0.
  2017 352  9 36  1 495 352.400017306       6.72     -2.60     -0.53  0.       -5663.078       4389.008       -198.804    0.000  -0.138   0.380   0.
  2017 352  9 36  2 495 352.400028880       6.76     -2.53     -0.51  0.       -5662.811       4387.538       -200.592    0.000  -0.138   0.380   0.
  2017 352  9 36  3 495 352.400040454       6.81     -2.49     -0.45  0.       -5662.545       4386.067       -202.380    0.000  -0.138   0.380   0.
  2017 352  9 36  4 495 352.400052028       6.83     -2.47     -0.43  0.       -5662.277       4384.596       -204.168    0.000  -0.138   0.380   0.
  2017 352  9 36  5 495 352.400063602       6.94     -2.41     -0.41  0.       -5662.009       4383.125       -205.956    0.000  -0.138   0.380   0.
  2017 352  9 36  6 495 352.400075177       7.01     -2.43     -0.39  0.       -5661.740       4381.653       -207.744    0.000  -0.138   0.380   0.
  2017 352  9 36  7 495 352.400086751       6.89     -2.47     -0.40  0.       -5661.470       4380.180       -209.532    0.000  -0.138   0.380   0.
  2017 352  9 36  8 495 352.400098325       6.97     -2.51     -0.39  0.       -5661.200       4378.707       -211.320    0.000  -0.138   0.380   0.
  2017 352  9 36  9 495 352.400109899       6.94     -2.57     -0.41  0.       -5660.929       4377.233       -213.108    0.000  -0.138   0.380   0.
  2017 352  9 36 10 495 352.400121473       6.91     -2.65     -0.42  0.       -5660.658       4375.759       -214.896    0.000  -0.139   0.381   0.
  2017 352  9 36 11 495 352.400133047       7.04     -2.63     -0.40  0.       -5660.385       4374.285       -216.684    0.000  -0.139   0.381   0.
  2017 352  9 36 12 494 352.400144618       7.09     -2.70     -0.40  0.       -5660.112       4372.810       -218.471    0.000  -0.138   0.380   0.
  2017 352  9 36 13 494 352.400156192       7.09     -2.81     -0.40  0.       -5659.839       4371.334       -220.259    0.000  -0.138   0.380   0.
  2017 352  9 36 14 494 352.400167766       7.16     -2.88     -0.41  0.       -5659.565       4369.858       -222.047    0.000  -0.139   0.381   0.
  2017 352  9 36 15 494 352.400179340       7.23     -2.95     -0.43  0.       -5659.290       4368.381       -223.835    0.000  -0.139   0.381   0.
  2017 352  9 36 16 494 352.400190914       7.29     -3.01     -0.52  0.       -5659.014       4366.904       -225.623    0.000  -0.139   0.381   0.
  2017 352  9 36 17 495 352.400202488       7.33     -3.10     -0.68  0.       -5658.738       4365.427       -227.410    0.000  -0.139   0.381   0.
  2017 352  9 36 18 495 352.400214062       7.40     -3.25     -1.01  0.       -5658.461       4363.948       -229.198    0.000  -0.139   0.381   0.
  2017 352  9 36 19 494 352.400225637       7.50     -3.32     -1.26  0.       -5658.183       4362.470       -230.986    0.000  -0.139   0.381   0.
  2017 352  9 36 20 494 352.400237211       7.61     -3.43     -1.40  0.       -5657.905       4360.991       -232.773    0.000  -0.139   0.381   0.
  2017 352  9 36 21 495 352.400248785       7.80     -3.39     -1.46  0.       -5657.626       4359.511       -234.561    0.000  -0.139   0.381   0.
  2017 352  9 36 22 495 352.400260359       7.88     -3.37     -1.40  0.       -5657.347       4358.031       -236.349    0.000  -0.139   0.381   0.
  2017 352  9 36 23 495 352.400271933       7.95     -3.30     -1.31  0.       -5657.067       4356.550       -238.136    0.000  -0.139   0.381   0.
  2017 352  9 36 24 495 352.400283507       8.06     -3.16     -1.21  0.       -5656.786       4355.069       -239.924    0.000  -0.138   0.380   0.
  2017 352  9 36 25 494 352.400295081       8.03     -3.24     -1.03  0.       -5656.504       4353.587       -241.711    0.000  -0.138   0.380   0.
  2017 352  9 36 26 494 352.400306655       7.92     -3.35     -0.98  0.       -5656.222       4352.105       -243.499    0.000  -0.139   0.381   0.
  2017 352  9 36 27 494 352.400318229       7.83     -3.31     -0.96  0.       -5655.939       4350.622       -245.286    0.000  -0.139   0.381   0.
  2017 352  9 36 28 494 352.400329803       7.86     -3.27     -0.83  0.       -5655.656       4349.139       -247.074    0.000  -0.139   0.381   0.
  2017 352  9 36 29 494 352.400341377       7.71     -3.34     -0.75  0.       -5655.372       4347.655       -248.861    0.000  -0.139   0.381   0.
  2017 352  9 36 30 495 352.400352951       7.67     -3.25     -0.63  0.       -5655.087       4346.171       -250.648    0.000  -0.139   0.381   0.
  2017 352  9 36 31 495 352.400364525       7.58     -3.19     -0.54  0.       -5654.801       4344.686       -252.436    0.000  -0.139   0.381   0.
  2017 352  9 36 32 494 352.400376100       7.63     -3.10     -0.53  0.       -5654.515       4343.201       -254.223    0.000  -0.138   0.380   0.
  2017 352  9 36 33 494 352.400387674       7.77     -3.11     -0.57  0.       -5654.228       4341.715       -256.010    0.000  -0.138   0.380   0.
  2017 352  9 36 34 495 352.400399248       7.79     -3.18     -0.63  0.       -5653.941       4340.228       -257.798    0.000  -0.138   0.380   0.
  2017 352  9 36 35 495 352.400410822       7.86     -3.22     -0.71  0.       -5653.653       4338.742       -259.585    0.000  -0.138   0.380   0.
  2017 352  9 36 36 495 352.400422396       7.94     -3.24     -0.78  0.       -5653.364       4337.254       -261.372    0.000  -0.139   0.381   0.
  2017 352  9 36 37 495 352.400433970       8.04     -3.31     -0.83  0.       -5653.074       4335.767       -263.159    0.000  -0.139   0.381   0.
  2017 352  9 36 38 495 352.400445544       8.12     -3.42     -0.90  0.       -5652.784       4334.278       -264.946    0.000  -0.139   0.381   0.
  2017 352  9 36 39 494 352.400457118       8.26     -3.56     -0.90  0.       -5652.493       4332.789       -266.733    0.000  -0.139   0.381   0.
  2017 352  9 36 40 494 352.400468692       8.41     -3.61     -1.00  0.       -5652.201       4331.300       -268.520    0.000  -0.138   0.380   0.
  2017 352  9 36 41 494 352.400480266       8.43     -3.64     -0.93  0.       -5651.909       4329.810       -270.307    0.000  -0.138   0.380   0.
  2017 352  9 36 42 494 352.400491838       8.41     -3.37     -1.06  0.       -5651.616       4328.319       -272.094    0.000  -0.139   0.381   0.
  2017 352  9 36 43 494 352.400503411       8.43     -3.09     -1.08  0.       -5651.323       4326.828       -273.881    0.000  -0.139   0.381   0.
  2017 352  9 36 44 494 352.400514986       8.36     -2.85     -1.07  0.       -5651.029       4325.337       -275.668    0.000  -0.139   0.381   0.
  2017 352  9 36 45 494 352.400526560       8.26     -2.67     -1.04  0.       -5650.734       4323.845       -277.455    0.000  -0.139   0.381   0.
  2017 352  9 36 46 494 352.400538134       8.12     -2.59     -0.99  0.       -5650.438       4322.352       -279.242    0.000  -0.139   0.381   0.
  2017 352  9 36 47 494 352.400549708       7.89     -2.52     -0.87  0.       -5650.142       4320.859       -281.029    0.000  -0.139   0.381   0.
  2017 352  9 36 48 494 352.400561282       7.66     -2.52     -0.79  0.       -5649.845       4319.366       -282.816    0.000  -0.139   0.381   0.
  2017 352  9 36 49 494 352.400572856       7.52     -2.55     -0.72  0.       -5649.548       4317.872       -284.603    0.000  -0.139   0.381   0.
  2017 352  9 36 50 494 352.400584430       7.42     -2.61     -0.69  0.       -5649.249       4316.377       -286.389    0.000  -0.139   0.381   0.
  2017 352  9 36 51 494 352.400596004       7.34     -2.67     -0.71  0.       -5648.951       4314.882       -288.176    0.000  -0.139   0.381   0.
  2017 352  9 36 52 494 352.400607578       7.35     -2.73     -0.69  0.       -5648.651       4313.387       -289.963    0.000  -0.139   0.381   0.
  2017 352  9 36 53 494 352.400619152       7.36     -2.83     -0.67  0.       -5648.351       4311.891       -291.749    0.000  -0.139   0.381   0.
  2017 352  9 36 54 494 352.400630726       7.34     -2.82     -0.64  0.       -5648.050       4310.394       -293.536    0.000  -0.139   0.381   0.
  2017 352  9 36 55 494 352.400642300       7.24     -2.85     -0.68  0.       -5647.748       4308.897       -295.322    0.000  -0.139   0.381   0.
  2017 352  9 36 56 494 352.400653874       7.18     -2.87     -0.74  0.       -5647.446       4307.399       -297.109    0.000  -0.139   0.381   0.
  2017 352  9 36 57 494 352.400665448       7.20     -2.91     -0.79  0.       -5647.143       4305.901       -298.895    0.000  -0.139   0.381   0.
  2017 352  9 36 58 494 352.400677023       7.20     -2.90     -0.80  0.       -5646.840       4304.402       -300.682    0.000  -0.139   0.381   0.
  2017 352  9 36 59 494 352.400688597       7.26     -2.87     -0.78  0.       -5646.535       4302.903       -302.468    0.000  -0.139   0.381   0.
  2017 352  9 37  0 494 352.400700171       7.25     -2.84     -0.79  0.       -5646.230       4301.404       -304.255    0.000  -0.138   0.380   0.
  2017 352  9 37  1 494 352.400711745       7.24     -2.85     -0.80  0.       -5645.925       4299.903       -306.041    0.000  -0.138   0.380   0.
  2017 352  9 37  2 494 352.400723319       7.32     -2.83     -0.76  0.       -5645.618       4298.403       -307.827    0.000  -0.139   0.381   0.
  2017 352  9 37  3 494 352.400734893       7.33     -2.82     -0.79  0.       -5645.311       4296.901       -309.613    0.000  -0.139   0.381   0.
  2017 352  9 37  4 494 352.400746467       7.33     -2.82     -0.85  0.       -5645.004       4295.400       -311.400    0.000  -0.139   0.381   0.
  2017 352  9 37  5 494 352.400758041       7.31     -2.93     -0.90  0.       -5644.695       4293.898       -313.186    0.000  -0.139   0.381   0.
  2017 352  9 37  6 494 352.400769615       7.30     -3.03     -0.81  0.       -5644.386       4292.395       -314.972    0.000  -0.138   0.380   0.
  2017 352  9 37  7 494 352.400781189       7.39     -3.02     -0.74  0.       -5644.077       4290.891       -316.758    0.000  -0.138   0.380   0.
  2017 352  9 37  8 494 352.400792763       7.48     -2.98     -0.64  0.       -5643.766       4289.388       -318.544    0.000  -0.139   0.381   0.
  2017 352  9 37  9 494 352.400804337       7.54     -2.96     -0.48  0.       -5643.455       4287.883       -320.330    0.000  -0.139   0.381   0.
  2017 352  9 37 10 494 352.400815911       7.55     -3.03     -0.53  0.       -5643.144       4286.379       -322.116    0.000  -0.139   0.381   0.
  2017 352  9 37 11 494 352.400827486       7.60     -3.10     -0.57  0.       -5642.831       4284.873       -323.902    0.000  -0.139   0.381   0.
  2017 352  9 37 12 494 352.400839057       7.71     -3.14     -0.53  0.       -5642.518       4283.367       -325.688    0.000  -0.138   0.380   0.
  2017 352  9 37 13 494 352.400850631       7.78     -3.11     -0.54  0.       -5642.204       4281.861       -327.474    0.000  -0.138   0.380   0.
  2017 352  9 37 14 494 352.400862205       7.89     -3.03     -0.62  0.       -5641.890       4280.354       -329.260    0.000  -0.138   0.380   0.
  2017 352  9 37 15 494 352.400873779       7.91     -2.88     -0.65  0.       -5641.575       4278.847       -331.046    0.000  -0.138   0.380   0.
  2017 352  9 37 16 494 352.400885353       7.97     -2.68     -0.54  0.       -5641.259       4277.339       -332.831    0.000  -0.139   0.381   0.
  2017 352  9 37 17 494 352.400896927       7.89     -2.67     -0.51  0.       -5640.943       4275.830       -334.617    0.000  -0.139   0.381   0.
  2017 352  9 37 18 494 352.400908501       7.90     -2.68     -0.48  0.       -5640.626       4274.321       -336.403    0.000  -0.138   0.380   0.
  2017 352  9 37 19 494 352.400920075       7.91     -2.66     -0.48  0.       -5640.308       4272.812       -338.188    0.000  -0.138   0.380   0.
  2017 352  9 37 20 494 352.400931649       7.87     -2.71     -0.51  0.       -5639.989       4271.302       -339.974    0.000  -0.139   0.381   0.
  2017 352  9 37 21 494 352.400943223       7.77     -2.73     -0.52  0.       -5639.670       4269.792       -341.760    0.000  -0.139   0.381   0.
  2017 352  9 37 22 494 352.400954797       7.71     -2.83     -0.49  0.       -5639.350       4268.281       -343.545    0.000  -0.139   0.381   0.
  2017 352  9 37 23 494 352.400966371       7.67     -2.89     -0.47  0.       -5639.030       4266.769       -345.330    0.000  -0.139   0.381   0.
  2017 352  9 37 24 494 352.400977946       7.63     -2.97     -0.43  0.       -5638.709       4265.257       -347.116    0.000  -0.138   0.380   0.
  2017 352  9 37 25 494 352.400989520       7.59     -3.03     -0.38  0.       -5638.387       4263.745       -348.901    0.000  -0.138   0.380   0.
  2017 352  9 37 26 494 352.401001094       7.64     -3.06     -0.34  0.       -5638.064       4262.231       -350.687    0.000  -0.139   0.381   0.
  2017 352  9 37 27 494 352.401012668       7.62     -3.01     -0.33  0.       -5637.741       4260.718       -352.472    0.000  -0.139   0.381   0.
  2017 352  9 37 28 494 352.401024242       7.58     -2.97     -0.36  0.       -5637.417       4259.204       -354.257    0.000  -0.139   0.381   0.
  2017 352  9 37 29 494 352.401035816       7.59     -2.98     -0.36  0.       -5637.092       4257.689       -356.042    0.000  -0.139   0.381   0.
  2017 352  9 37 30 494 352.401047390       7.60     -3.03     -0.35  0.       -5636.767       4256.174       -357.827    0.000  -0.139   0.381   0.
  2017 352  9 37 31 494 352.401058964       7.64     -3.04     -0.44  0.       -5636.441       4254.658       -359.613    0.000  -0.139   0.381   0.
  2017 352  9 37 32 494 352.401070538       7.70     -3.05     -0.47  0.       -5636.114       4253.142       -361.398    0.000  -0.139   0.381   0.
  2017 352  9 37 33 494 352.401082112       7.79     -3.09     -0.48  0.       -5635.787       4251.626       -363.183    0.000  -0.139   0.381   0.
  2017 352  9 37 34 494 352.401093686       7.83     -3.09     -0.54  0.       -5635.459       4250.108       -364.968    0.000  -0.138   0.380   0.
  2017 352  9 37 35 494 352.401105260       7.81     -3.15     -0.58  0.       -5635.130       4248.591       -366.753    0.000  -0.138   0.380   0.
  2017 352  9 37 36 494 352.401116834       7.80     -3.18     -0.54  0.       -5634.801       4247.073       -368.538    0.000  -0.139   0.381   0.
  2017 352  9 37 37 494 352.401128409       7.80     -3.22     -0.54  0.       -5634.471       4245.554       -370.322    0.000  -0.139   0.381   0.
  2017 352  9 37 38 494 352.401139983       7.73     -3.23     -0.56  0.       -5634.140       4244.035       -372.107    0.000  -0.138   0.380   0.
  2017 352  9 37 39 494 352.401151557       7.68     -3.27     -0.58  0.       -5633.809       4242.515       -373.892    0.000  -0.138   0.380   0.
  2017 352  9 37 40 494 352.401163128       7.63     -3.20     -0.62  0.       -5633.477       4240.995       -375.677    0.000  -0.138   0.380   0.
  2017 352  9 37 41 494 352.401174702       7.59     -3.17     -0.56  0.       -5633.144       4239.474       -377.461    0.000  -0.138   0.380   0.
  2017 352  9 37 42 494 352.401186276       7.52     -3.17     -0.56  0.       -5632.810       4237.952       -379.246    0.000  -0.139   0.381   0.
  2017 352  9 37 43 494 352.401197850       7.49     -3.19     -0.55  0.       -5632.476       4236.431       -381.031    0.000  -0.139   0.381   0.
  2017 352  9 37 44 494 352.401209424       7.39     -3.26     -0.50  0.       -5632.141       4234.908       -382.815    0.000  -0.138   0.380   0.
  2017 352  9 37 45 494 352.401220998       7.32     -3.32     -0.47  0.       -5631.805       4233.386       -384.600    0.000  -0.138   0.380   0.
  2017 352  9 37 46 494 352.401232572       7.35     -3.30     -0.42  0.       -5631.469       4231.862       -386.384    0.000  -0.139   0.381   0.
  2017 352  9 37 47 494 352.401244146       7.36     -3.31     -0.42  0.       -5631.133       4230.338       -388.168    0.000  -0.139   0.381   0.
  2017 352  9 37 48 494 352.401255721       7.32     -3.28     -0.38  0.       -5630.795       4228.814       -389.953    0.000  -0.139   0.381   0.
  2017 352  9 37 49 494 352.401267295       7.29     -3.32     -0.33  0.       -5630.457       4227.289       -391.737    0.000  -0.139   0.381   0.
  2017 352  9 37 50 494 352.401278869       7.29     -3.34     -0.28  0.       -5630.118       4225.763       -393.521    0.000  -0.139   0.381   0.
  2017 352  9 37 51 494 352.401290443       7.30     -3.37     -0.23  0.       -5629.778       4224.238       -395.305    0.000  -0.139   0.381   0.
  2017 352  9 37 52 494 352.401302017       7.27     -3.39     -0.19  0.       -5629.438       4222.711       -397.090    0.000  -0.139   0.381   0.
  2017 352  9 37 53 494 352.401313591       7.35     -3.41     -0.15  0.       -5629.096       4221.184       -398.874    0.000  -0.139   0.381   0.
  2017 352  9 37 54 494 352.401325165       7.39     -3.31     -0.08  0.       -5628.755       4219.657       -400.658    0.000  -0.139   0.381   0.
  2017 352  9 37 55 494 352.401336739       7.43     -3.30     -0.08  0.       -5628.412       4218.129       -402.442    0.000  -0.139   0.381   0.
  2017 352  9 37 56 494 352.401348313       7.45     -3.30     -0.06  0.       -5628.069       4216.600       -404.226    0.000  -0.139   0.381   0.
  2017 352  9 37 57 494 352.401359887       7.55     -3.18     -0.04  0.       -5627.725       4215.071       -406.010    0.000  -0.139   0.381   0.
  2017 352  9 37 58 494 352.401371461       7.73     -3.08      0.01  0.       -5627.381       4213.541       -407.793    0.000  -0.139   0.381   0.
  2017 352  9 37 59 494 352.401383035       7.77     -2.98     -0.01  0.       -5627.036       4212.011       -409.577    0.000  -0.139   0.381   0.
  2017 352  9 38  0 494 352.401394609       7.82     -2.95      0.03  0.       -5626.690       4210.481       -411.361    0.000  -0.139   0.381   0.
  2017 352  9 38  1 494 352.401406183       7.91     -2.93      0.01  0.       -5626.343       4208.950       -413.145    0.000  -0.139   0.381   0.
  2017 352  9 38  2 494 352.401417758       7.98     -2.82     -0.02  0.       -5625.996       4207.418       -414.928    0.000  -0.139   0.381   0.
  2017 352  9 38  3 494 352.401429332       8.08     -2.70     -0.09  0.       -5625.648       4205.886       -416.712    0.000  -0.139   0.381   0.
  2017 352  9 38  4 494 352.401440906       8.07     -2.66     -0.11  0.       -5625.299       4204.353       -418.496    0.000  -0.139   0.381   0.
  2017 352  9 38  5 494 352.401452480       8.10     -2.73     -0.14  0.       -5624.950       4202.820       -420.279    0.000  -0.139   0.381   0.
  2017 352  9 38  6 494 352.401464054       8.20     -2.84     -0.09  0.       -5624.600       4201.286       -422.062    0.000  -0.139   0.381   0.
  2017 352  9 38  7 494 352.401475628       8.35     -3.00     -0.18  0.       -5624.249       4199.752       -423.846    0.000  -0.139   0.381   0.
  2017 352  9 38  8 494 352.401487202       8.54     -3.27     -0.28  0.       -5623.898       4198.217       -425.629    0.000  -0.139   0.381   0.
  2017 352  9 38  9 494 352.401498776       8.81     -3.43     -0.46  0.       -5623.545       4196.682       -427.412    0.000  -0.139   0.381   0.
  2017 352  9 38 10 493 352.401510347       9.01     -3.50     -0.58  0.       -5623.193       4195.146       -429.196    0.000  -0.139   0.381   0.
  2017 352  9 38 11 493 352.401521921       9.13     -3.56     -0.66  0.       -5622.839       4193.610       -430.979    0.000  -0.139   0.381   0.
  2017 352  9 38 12 494 352.401533495       9.22     -3.55     -0.62  0.       -5622.485       4192.073       -432.762    0.000  -0.139   0.381   0.
  2017 352  9 38 13 494 352.401545069       9.37     -3.56     -0.65  0.       -5622.130       4190.536       -434.545    0.000  -0.139   0.381   0.
  2017 352  9 38 14 493 352.401556644       9.53     -3.49     -0.72  0.       -5621.775       4188.998       -436.328    0.000  -0.138   0.380   0.
  2017 352  9 38 15 493 352.401568218       9.59     -3.45     -0.79  0.       -5621.419       4187.460       -438.111    0.000  -0.138   0.380   0.
  2017 352  9 38 16 494 352.401579792       9.59     -3.47     -0.77  0.       -5621.062       4185.921       -439.894    0.000  -0.138   0.380   0.
  2017 352  9 38 17 494 352.401591366       9.58     -3.40     -0.73  0.       -5620.704       4184.381       -441.677    0.000  -0.138   0.380   0.
  2017 352  9 38 18 494 352.401602940       9.59     -3.25     -0.70  0.       -5620.346       4182.842       -443.460    0.000  -0.138   0.380   0.
  2017 352  9 38 19 494 352.401614514       9.50     -3.19     -0.69  0.       -5619.987       4181.301       -445.242    0.000  -0.138   0.380   0.
  2017 352  9 38 20 494 352.401626088       9.51     -3.23     -0.61  0.       -5619.627       4179.760       -447.025    0.000  -0.138   0.380   0.
  2017 352  9 38 21 493 352.401637662       9.49     -3.27     -0.52  0.       -5619.266       4178.219       -448.808    0.000  -0.138   0.380   0.
  2017 352  9 38 22 493 352.401649236       9.45     -3.30     -0.49  0.       -5618.905       4176.677       -450.590    0.000  -0.138   0.380   0.
  2017 352  9 38 23 493 352.401660810       9.50     -3.29     -0.44  0.       -5618.543       4175.134       -452.373    0.000  -0.138   0.380   0.
  2017 352  9 38 24 493 352.401672384       9.51     -3.22     -0.29  0.       -5618.181       4173.591       -454.155    0.000  -0.138   0.380   0.
  2017 352  9 38 25 493 352.401683958       9.54     -3.15     -0.13  0.       -5617.818       4172.048       -455.938    0.000  -0.138   0.380   0.
  2017 352  9 38 26 494 352.401695532       9.64     -3.02      0.01  0.       -5617.454       4170.504       -457.720    0.000  -0.139   0.381   0.
  2017 352  9 38 27 494 352.401707106       9.67     -2.88      0.04  0.       -5617.089       4168.959       -459.502    0.000  -0.139   0.381   0.
  2017 352  9 38 28 493 352.401718681       9.66     -2.71     -0.02  0.       -5616.724       4167.414       -461.284    0.000  -0.138   0.380   0.
  2017 352  9 38 29 493 352.401730255       9.67     -2.49     -0.16  0.       -5616.358       4165.868       -463.067    0.000  -0.138   0.380   0.
  2017 352  9 38 30 494 352.401741829       9.64     -2.40     -0.06  0.       -5615.991       4164.322       -464.849    0.000  -0.139   0.381   0.
  2017 352  9 38 31 494 352.401753403       9.51     -2.40      0.05  0.       -5615.624       4162.775       -466.631    0.000  -0.139   0.381   0.
  2017 352  9 38 32 494 352.401764977       9.39     -2.34     -0.03  0.       -5615.255       4161.228       -468.413    0.000  -0.138   0.380   0.
  2017 352  9 38 33 494 352.401776551       9.28     -2.29     -0.22  0.       -5614.887       4159.681       -470.195    0.000  -0.138   0.380   0.
  2017 352  9 38 34 493 352.401788125       9.16     -2.27     -0.44  0.       -5614.517       4158.133       -471.977    0.000  -0.138   0.380   0.
  2017 352  9 38 35 493 352.401799699       9.05     -2.31     -0.54  0.       -5614.147       4156.584       -473.759    0.000  -0.138   0.380   0.
  2017 352  9 38 36 493 352.401811273       8.84     -2.35     -0.58  0.       -5613.776       4155.035       -475.540    0.000  -0.139   0.381   0.
  2017 352  9 38 37 493 352.401822847       8.63     -2.38     -0.63  0.       -5613.404       4153.485       -477.322    0.000  -0.139   0.381   0.
  2017 352  9 38 38 493 352.401834421       8.46     -2.45     -0.60  0.       -5613.032       4151.935       -479.104    0.000  -0.139   0.381   0.
  2017 352  9 38 39 494 352.401845995       8.32     -2.52     -0.55  0.       -5612.659       4150.384       -480.885    0.000  -0.139   0.381   0.
  2017 352  9 38 40 494 352.401857567       8.14     -2.61     -0.52  0.       -5612.285       4148.832       -482.667    0.000  -0.138   0.380   0.
  2017 352  9 38 41 493 352.401869141       8.00     -2.62     -0.42  0.       -5611.911       4147.280       -484.448    0.000  -0.138   0.380   0.
  2017 352  9 38 42 493 352.401880715       7.85     -2.64     -0.45  0.       -5611.536       4145.728       -486.230    0.000  -0.139   0.381   0.
  2017 352  9 38 43 493 352.401892289       7.65     -2.70     -0.48  0.       -5611.160       4144.175       -488.011    0.000  -0.139   0.381   0.
  2017 352  9 38 44 493 352.401903863       7.50     -2.70     -0.49  0.       -5610.783       4142.622       -489.792    0.000  -0.139   0.381   0.
  2017 352  9 38 45 493 352.401915437       7.33     -2.66     -0.44  0.       -5610.406       4141.068       -491.573    0.000  -0.139   0.381   0.
  2017 352  9 38 46 493 352.401927011       7.17     -2.61     -0.40  0.       -5610.028       4139.514       -493.355    0.000  -0.138   0.380   0.
  2017 352  9 38 47 493 352.401938585       7.04     -2.56     -0.38  0.       -5609.650       4137.959       -495.136    0.000  -0.138   0.380   0.
  2017 352  9 38 48 493 352.401950159       6.90     -2.60     -0.36  0.       -5609.270       4136.403       -496.917    0.000  -0.139   0.381   0.
  2017 352  9 38 49 493 352.401961733       6.75     -2.62     -0.31  0.       -5608.890       4134.847       -498.698    0.000  -0.139   0.381   0.
  2017 352  9 38 50 493 352.401973307       6.66     -2.58     -0.29  0.       -5608.509       4133.291       -500.479    0.000  -0.139   0.381   0.
  2017 352  9 38 51 493 352.401984881       6.55     -2.56     -0.31  0.       -5608.128       4131.734       -502.259    0.000  -0.139   0.381   0.
  2017 352  9 38 52 493 352.401996455       6.49     -2.67     -0.38  0.       -5607.746       4130.176       -504.040    0.000  -0.139   0.381   0.
  2017 352  9 38 53 493 352.402008030       6.43     -2.80     -0.51  0.       -5607.363       4128.618       -505.821    0.000  -0.139   0.381   0.
  2017 352  9 38 54 493 352.402019604       6.45     -2.86     -0.59  0.       -5606.979       4127.059       -507.601    0.000  -0.138   0.380   0.
  2017 352  9 38 55 493 352.402031178       6.58     -2.90     -0.62  0.       -5606.595       4125.500       -509.382    0.000  -0.138   0.380   0.
  2017 352  9 38 56 493 352.402042752       6.59     -2.92     -0.73  0.       -5606.210       4123.941       -511.163    0.000  -0.139   0.381   0.
  2017 352  9 38 57 493 352.402054326       6.65     -2.88     -0.88  0.       -5605.824       4122.381       -512.943    0.000  -0.139   0.381   0.
  2017 352  9 38 58 493 352.402065900       6.83     -2.90     -1.06  0.       -5605.438       4120.820       -514.723    0.000  -0.139   0.381   0.
  2017 352  9 38 59 493 352.402077474       6.94     -2.95     -1.08  0.       -5605.051       4119.259       -516.504    0.000  -0.139   0.381   0.
  2017 352  9 39  0 493 352.402089048       7.30     -2.92     -1.07  0.       -5604.663       4117.697       -518.284    0.000  -0.138   0.380   0.
  2017 352  9 39  1 493 352.402100622       7.50     -2.86     -1.06  0.       -5604.275       4116.135       -520.064    0.000  -0.138   0.380   0.
  2017 352  9 39  2 493 352.402112196       7.61     -2.89     -1.07  0.       -5603.885       4114.572       -521.844    0.000  -0.139   0.381   0.
  2017 352  9 39  3 493 352.402123770       7.63     -2.96     -1.01  0.       -5603.495       4113.009       -523.624    0.000  -0.139   0.381   0.
  2017 352  9 39  4 493 352.402135344       7.75     -3.00     -1.04  0.       -5603.105       4111.445       -525.404    0.000  -0.138   0.380   0.
  2017 352  9 39  5 493 352.402146918       7.85     -2.88     -1.08  0.       -5602.713       4109.881       -527.184    0.000  -0.138   0.380   0.
  2017 352  9 39  6 493 352.402158492       7.84     -2.92     -1.16  0.       -5602.321       4108.316       -528.964    0.000  -0.139   0.381   0.
  2017 352  9 39  7 493 352.402170067       7.84     -2.87     -1.19  0.       -5601.929       4106.751       -530.744    0.000  -0.139   0.381   0.
  2017 352  9 39  8 493 352.402181641       7.89     -2.80     -1.15  0.       -5601.535       4105.185       -532.524    0.000  -0.138   0.380   0.
  2017 352  9 39  9 493 352.402193215       7.95     -2.74     -1.16  0.       -5601.141       4103.618       -534.303    0.000  -0.138   0.380   0.
  2017 352  9 39 10 493 352.402204786       7.95     -2.64     -1.19  0.       -5600.746       4102.051       -536.083    0.000  -0.138   0.380   0.
  2017 352  9 39 11 493 352.402216360       7.95     -2.58     -1.19  0.       -5600.351       4100.484       -537.862    0.000  -0.138   0.380   0.
  2017 352  9 39 12 493 352.402227934       7.98     -2.55     -1.22  0.       -5599.954       4098.916       -539.642    0.000  -0.138   0.380   0.
  2017 352  9 39 13 493 352.402239508       8.09     -2.48     -1.20  0.       -5599.557       4097.347       -541.421    0.000  -0.138   0.380   0.
  2017 352  9 39 14 493 352.402251082       8.12     -2.51     -1.19  0.       -5599.159       4095.779       -543.201    0.000  -0.138   0.380   0.
  2017 352  9 39 15 493 352.402262656       8.14     -2.46     -1.26  0.       -5598.761       4094.209       -544.980    0.000  -0.138   0.380   0.
  2017 352  9 39 16 493 352.402274230       8.13     -2.45     -1.23  0.       -5598.362       4092.639       -546.759    0.000  -0.138   0.380   0.
  2017 352  9 39 17 493 352.402285804       8.06     -2.38     -1.17  0.       -5597.962       4091.069       -548.538    0.000  -0.138   0.380   0.
  2017 352  9 39 18 493 352.402297379       7.92     -2.35     -1.13  0.       -5597.561       4089.497       -550.317    0.000  -0.139   0.381   0.
  2017 352  9 39 19 493 352.402308952       7.74     -2.36     -1.04  0.       -5597.160       4087.926       -552.096    0.000  -0.139   0.381   0.
  2017 352  9 39 20 493 352.402320527       7.60     -2.50     -0.89  0.       -5596.758       4086.354       -553.875    0.000  -0.139   0.381   0.
  2017 352  9 39 21 493 352.402332101       7.60     -2.53     -0.83  0.       -5596.355       4084.781       -555.654    0.000  -0.139   0.381   0.
  2017 352  9 39 22 493 352.402343675       7.65     -2.58     -0.78  0.       -5595.952       4083.208       -557.433    0.000  -0.138   0.380   0.
  2017 352  9 39 23 493 352.402355249       7.63     -2.68     -0.74  0.       -5595.548       4081.634       -559.211    0.000  -0.138   0.380   0.
  2017 352  9 39 24 493 352.402366823       7.55     -2.80     -0.74  0.       -5595.143       4080.060       -560.990    0.000  -0.139   0.381   0.
  2017 352  9 39 25 493 352.402378397       7.41     -2.80     -0.67  0.       -5594.737       4078.485       -562.768    0.000  -0.139   0.381   0.
  2017 352  9 39 26 493 352.402389971       7.43     -2.83     -0.66  0.       -5594.331       4076.910       -564.547    0.000  -0.138   0.380   0.
  2017 352  9 39 27 493 352.402401545       7.46     -2.95     -0.64  0.       -5593.924       4075.334       -566.325    0.000  -0.138   0.380   0.
  2017 352  9 39 28 493 352.402413119       7.37     -3.16     -0.70  0.       -5593.516       4073.758       -568.104    0.000  -0.138   0.380   0.
  2017 352  9 39 29 493 352.402424693       7.30     -3.34     -0.78  0.       -5593.108       4072.181       -569.882    0.000  -0.138   0.380   0.
  2017 352  9 39 30 493 352.402436267       7.15     -3.51     -0.91  0.       -5592.699       4070.604       -571.660    0.000  -0.139   0.381   0.
  2017 352  9 39 31 493 352.402447841       7.13     -3.49     -0.95  0.       -5592.289       4069.026       -573.438    0.000  -0.139   0.381   0.
  2017 352  9 39 32 493 352.402459415       7.14     -3.32     -1.00  0.       -5591.878       4067.448       -575.216    0.000  -0.138   0.380   0.
  2017 352  9 39 33 493 352.402470990       7.22     -3.06     -0.98  0.       -5591.467       4065.869       -576.994    0.000  -0.138   0.380   0.
  2017 352  9 39 34 493 352.402482564       7.33     -2.93     -0.95  0.       -5591.055       4064.289       -578.772    0.000  -0.138   0.380   0.
  2017 352  9 39 35 493 352.402494138       7.46     -2.81     -0.77  0.       -5590.642       4062.710       -580.550    0.000  -0.138   0.380   0.
  2017 352  9 39 36 493 352.402505712       7.61     -2.74     -0.59  0.       -5590.229       4061.129       -582.327    0.000  -0.138   0.380   0.
  2017 352  9 39 37 493 352.402517286       7.77     -2.67     -0.51  0.       -5589.814       4059.548       -584.105    0.000  -0.138   0.380   0.
  2017 352  9 39 38 493 352.402528860       7.91     -2.61     -0.45  0.       -5589.400       4057.967       -585.883    0.000  -0.139   0.381   0.
  2017 352  9 39 39 493 352.402540434       7.97     -2.64     -0.41  0.       -5588.983       4056.385       -587.660    0.000  -0.139   0.381   0.
  2017 352  9 39 40 493 352.402552008       8.09     -2.83     -0.43  0.       -5588.568       4054.802       -589.438    0.000  -0.139   0.381   0.
  2017 352  9 39 41 493 352.402563582       8.14     -3.29     -0.63  0.       -5588.150       4053.219       -591.215    0.000  -0.139   0.381   0.
  2017 352  9 39 42 493 352.402575153       8.03     -3.75     -0.82  0.       -5587.733       4051.635       -592.992    0.000  -0.139   0.381   0.
  2017 352  9 39 43 493 352.402586727       8.09     -3.67     -0.72  0.       -5587.314       4050.051       -594.769    0.000  -0.139   0.381   0.
  2017 352  9 39 44 493 352.402598302       8.11     -3.50     -0.56  0.       -5586.895       4048.467       -596.546    0.000  -0.139   0.381   0.
  2017 352  9 39 45 493 352.402609876       8.21     -3.49     -0.63  0.       -5586.475       4046.882       -598.324    0.000  -0.139   0.381   0.
  2017 352  9 39 46 493 352.402621450       8.24     -3.48     -0.73  0.       -5586.054       4045.296       -600.100    0.000  -0.139   0.381   0.
  2017 352  9 39 47 493 352.402633024       8.23     -3.61     -0.80  0.       -5585.633       4043.710       -601.877    0.000  -0.139   0.381   0.
  2017 352  9 39 48 493 352.402644598       8.19     -3.80     -0.74  0.       -5585.211       4042.123       -603.654    0.000  -0.139   0.381   0.
  2017 352  9 39 49 493 352.402656172       8.28     -3.89     -0.90  0.       -5584.788       4040.536       -605.431    0.000  -0.139   0.381   0.
  2017 352  9 39 50 493 352.402667746       8.26     -3.92     -1.17  0.       -5584.365       4038.948       -607.207    0.000  -0.138   0.380   0.
  2017 352  9 39 51 493 352.402679320       8.25     -3.92     -1.33  0.       -5583.940       4037.360       -608.984    0.000  -0.138   0.380   0.
  2017 352  9 39 52 493 352.402690894       8.23     -3.98     -1.14  0.       -5583.515       4035.771       -610.761    0.000  -0.138   0.380   0.
  2017 352  9 39 53 493 352.402702468       8.09     -4.04     -0.95  0.       -5583.090       4034.182       -612.537    0.000  -0.138   0.380   0.
  2017 352  9 39 54 493 352.402714042       8.00     -4.09     -0.84  0.       -5582.663       4032.592       -614.313    0.000  -0.139   0.381   0.
  2017 352  9 39 55 493 352.402725616       7.85     -4.07     -0.69  0.       -5582.236       4031.001       -616.090    0.000  -0.139   0.381   0.
  2017 352  9 39 56 493 352.402737190       7.84     -3.98     -0.62  0.       -5581.808       4029.410       -617.866    0.000  -0.139   0.381   0.
  2017 352  9 39 57 493 352.402748764       7.76     -3.87     -0.60  0.       -5581.380       4027.819       -619.642    0.000  -0.139   0.381   0.
  2017 352  9 39 58 493 352.402760339       7.69     -3.79     -0.56  0.       -5580.950       4026.227       -621.418    0.000  -0.139   0.381   0.
  2017 352  9 39 59 493 352.402771913       7.61     -3.69     -0.50  0.       -5580.520       4024.635       -623.194    0.000  -0.139   0.381   0.
  2017 352  9 40  0 493 352.402783487       7.61     -3.59     -0.41  0.       -5580.090       4023.042       -624.970    0.000  -0.139   0.381   0.
  2017 352  9 40  1 493 352.402795061       7.64     -3.38     -0.32  0.       -5579.658       4021.448       -626.745    0.000  -0.139   0.381   0.
  2017 352  9 40  2 493 352.402806635       7.67     -3.19     -0.31  0.       -5579.226       4019.854       -628.521    0.000  -0.139   0.381   0.
  2017 352  9 40  3 493 352.402818209       7.64     -3.01     -0.35  0.       -5578.793       4018.260       -630.297    0.000  -0.139   0.381   0.
  2017 352  9 40  4 493 352.402829783       7.58     -2.95     -0.37  0.       -5578.359       4016.664       -632.072    0.000  -0.139   0.381   0.
  2017 352  9 40  5 493 352.402841357       7.51     -2.97     -0.44  0.       -5577.925       4015.069       -633.848    0.000  -0.139   0.381   0.
  2017 352  9 40  6 493 352.402852931       7.39     -2.97     -0.50  0.       -5577.490       4013.473       -635.623    0.000  -0.139   0.381   0.
  2017 352  9 40  7 493 352.402864505       7.30     -2.99     -0.55  0.       -5577.054       4011.876       -637.398    0.000  -0.139   0.381   0.
  2017 352  9 40  8 493 352.402876079       7.10     -3.07     -0.56  0.       -5576.617       4010.279       -639.173    0.000  -0.139   0.381   0.
  2017 352  9 40  9 493 352.402887653       6.96     -3.15     -0.56  0.       -5576.180       4008.681       -640.948    0.000  -0.139   0.381   0.
  2017 352  9 40 10 492 352.402899225       6.79     -3.22     -0.63  0.       -5575.742       4007.083       -642.723    0.000  -0.139   0.381   0.
  2017 352  9 40 11 492 352.402910799       6.64     -3.28     -0.74  0.       -5575.303       4005.484       -644.498    0.000  -0.139   0.381   0.
  2017 352  9 40 12 493 352.402922373       6.53     -3.36     -0.78  0.       -5574.864       4003.885       -646.273    0.000  -0.139   0.381   0.
  2017 352  9 40 13 493 352.402933947       6.35     -3.42     -0.90  0.       -5574.423       4002.285       -648.048    0.000  -0.139   0.381   0.
  2017 352  9 40 14 493 352.402945521       6.25     -3.47     -0.94  0.       -5573.982       4000.685       -649.823    0.000  -0.139   0.381   0.
  2017 352  9 40 15 493 352.402957095       6.15     -3.50     -1.00  0.       -5573.541       3999.084       -651.597    0.000  -0.139   0.381   0.
  2017 352  9 40 16 493 352.402968669       6.03     -3.43     -1.04  0.       -5573.098       3997.483       -653.372    0.000  -0.139   0.381   0.
  2017 352  9 40 17 492 352.402980243       6.02     -3.39     -0.98  0.       -5572.655       3995.881       -655.146    0.000  -0.139   0.381   0.
  2017 352  9 40 18 492 352.402991817       5.90     -3.37     -0.95  0.       -5572.211       3994.278       -656.920    0.000  -0.139   0.381   0.
  2017 352  9 40 19 492 352.403003391       5.85     -3.41     -0.91  0.       -5571.767       3992.676       -658.695    0.000  -0.139   0.381   0.
  2017 352  9 40 20 492 352.403014965       5.85     -3.42     -0.90  0.       -5571.322       3991.072       -660.469    0.000  -0.138   0.380   0.
  2017 352  9 40 21 493 352.403026539       5.92     -3.45     -0.85  0.       -5570.876       3989.468       -662.243    0.000  -0.138   0.380   0.
  2017 352  9 40 22 493 352.403038113       5.92     -3.49     -0.86  0.       -5570.429       3987.864       -664.017    0.000  -0.139   0.381   0.
  2017 352  9 40 23 493 352.403049687       5.91     -3.56     -0.85  0.       -5569.981       3986.259       -665.791    0.000  -0.139   0.381   0.
  2017 352  9 40 24 492 352.403061262       5.98     -3.56     -0.87  0.       -5569.533       3984.653       -667.565    0.000  -0.139   0.381   0.
  2017 352  9 40 25 492 352.403072836       6.00     -3.60     -0.84  0.       -5569.084       3983.047       -669.338    0.000  -0.139   0.381   0.
  2017 352  9 40 26 493 352.403084410       5.93     -3.62     -0.76  0.       -5568.634       3981.440       -671.112    0.000  -0.139   0.381   0.
  2017 352  9 40 27 493 352.403095984       5.87     -3.66     -0.74  0.       -5568.184       3979.833       -672.886    0.000  -0.139   0.381   0.
  2017 352  9 40 28 493 352.403107558       5.77     -3.62     -0.70  0.       -5567.733       3978.226       -674.659    0.000  -0.138   0.380   0.
  2017 352  9 40 29 493 352.403119132       5.70     -3.61     -0.64  0.       -5567.281       3976.617       -676.432    0.000  -0.138   0.380   0.
  2017 352  9 40 30 492 352.403130706       5.70     -3.64     -0.63  0.       -5566.828       3975.009       -678.206    0.000  -0.139   0.381   0.
  2017 352  9 40 31 492 352.403142280       5.71     -3.78     -0.66  0.       -5566.375       3973.400       -679.979    0.000  -0.139   0.381   0.
  2017 352  9 40 32 492 352.403153854       5.73     -3.82     -0.66  0.       -5565.920       3971.790       -681.752    0.000  -0.139   0.381   0.
  2017 352  9 40 33 492 352.403165428       5.70     -3.90     -0.63  0.       -5565.466       3970.179       -683.525    0.000  -0.139   0.381   0.
  2017 352  9 40 34 492 352.403177002       5.65     -3.97     -0.62  0.       -5565.010       3968.569       -685.298    0.000  -0.139   0.381   0.
  2017 352  9 40 35 493 352.403188576       5.64     -3.99     -0.61  0.       -5564.554       3966.958       -687.071    0.000  -0.139   0.381   0.
  2017 352  9 40 36 493 352.403200150       5.61     -4.04     -0.54  0.       -5564.097       3965.346       -688.843    0.000  -0.139   0.381   0.
  2017 352  9 40 37 492 352.403211725       5.59     -4.10     -0.53  0.       -5563.639       3963.733       -690.616    0.000  -0.139   0.381   0.
  2017 352  9 40 38 492 352.403223299       5.58     -4.00     -0.53  0.       -5563.180       3962.120       -692.389    0.000  -0.139   0.381   0.
  2017 352  9 40 39 493 352.403234873       5.62     -3.88     -0.49  0.       -5562.721       3960.507       -694.161    0.000  -0.139   0.381   0.
  2017 352  9 40 40 493 352.403246444       5.67     -3.77     -0.49  0.       -5562.261       3958.893       -695.933    0.000  -0.138   0.380   0.
  2017 352  9 40 41 492 352.403258018       5.66     -3.68     -0.37  0.       -5561.800       3957.279       -697.706    0.000  -0.138   0.380   0.
  2017 352  9 40 42 492 352.403269592       5.59     -3.60     -0.31  0.       -5561.339       3955.664       -699.478    0.000  -0.139   0.381   0.
  2017 352  9 40 43 492 352.403281166       5.56     -3.58     -0.24  0.       -5560.877       3954.048       -701.250    0.000  -0.139   0.381   0.
  2017 352  9 40 44 492 352.403292740       5.50     -3.57     -0.23  0.       -5560.414       3952.432       -703.022    0.000  -0.139   0.381   0.
  2017 352  9 40 45 492 352.403304314       5.41     -3.46     -0.15  0.       -5559.950       3950.816       -704.794    0.000  -0.139   0.381   0.
  2017 352  9 40 46 492 352.403315888       5.41     -3.44     -0.18  0.       -5559.486       3949.199       -706.566    0.000  -0.139   0.381   0.
  2017 352  9 40 47 492 352.403327462       5.40     -3.30     -0.20  0.       -5559.021       3947.581       -708.337    0.000  -0.139   0.381   0.
  2017 352  9 40 48 492 352.403339036       5.42     -3.24     -0.21  0.       -5558.555       3945.963       -710.109    0.000  -0.139   0.381   0.
  2017 352  9 40 49 492 352.403350611       5.41     -3.20     -0.22  0.       -5558.088       3944.344       -711.880    0.000  -0.139   0.381   0.
  2017 352  9 40 50 492 352.403362185       5.41     -3.24     -0.19  0.       -5557.621       3942.725       -713.652    0.000  -0.139   0.381   0.
  2017 352  9 40 51 492 352.403373759       5.48     -3.31     -0.25  0.       -5557.153       3941.105       -715.423    0.000  -0.139   0.381   0.
  2017 352  9 40 52 492 352.403385333       5.47     -3.41     -0.33  0.       -5556.684       3939.485       -717.194    0.000  -0.139   0.381   0.
  2017 352  9 40 53 492 352.403396907       5.55     -3.50     -0.34  0.       -5556.214       3937.864       -718.965    0.000  -0.139   0.381   0.
  2017 352  9 40 54 492 352.403408481       5.47     -3.51     -0.26  0.       -5555.744       3936.243       -720.737    0.000  -0.139   0.381   0.
  2017 352  9 40 55 492 352.403420055       5.43     -3.40     -0.21  0.       -5555.273       3934.621       -722.508    0.000  -0.139   0.381   0.
  2017 352  9 40 56 492 352.403431629       5.42     -3.52     -0.28  0.       -5554.801       3932.999       -724.278    0.000  -0.139   0.381   0.
  2017 352  9 40 57 492 352.403443203       5.33     -3.48     -0.27  0.       -5554.328       3931.376       -726.049    0.000  -0.139   0.381   0.
  2017 352  9 40 58 492 352.403454777       5.28     -3.52     -0.32  0.       -5553.855       3929.753       -727.820    0.000  -0.139   0.381   0.
  2017 352  9 40 59 492 352.403466351       5.26     -3.58     -0.28  0.       -5553.381       3928.129       -729.590    0.000  -0.139   0.381   0.
  2017 352  9 41  0 492 352.403477925       5.13     -3.72     -0.38  0.       -5552.906       3926.504       -731.361    0.000  -0.139   0.381   0.
  2017 352  9 41  1 492 352.403489499       5.10     -3.87     -0.53  0.       -5552.431       3924.879       -733.131    0.000  -0.139   0.381   0.
  2017 352  9 41  2 492 352.403501073       5.02     -3.96     -0.64  0.       -5551.954       3923.254       -734.901    0.000  -0.139   0.381   0.
  2017 352  9 41  3 492 352.403512648       4.92     -4.09     -0.63  0.       -5551.477       3921.628       -736.672    0.000  -0.139   0.381   0.
  2017 352  9 41  4 492 352.403524222       4.98     -4.09     -0.56  0.       -5551.000       3920.001       -738.442    0.000  -0.139   0.381   0.
  2017 352  9 41  5 492 352.403535796       4.95     -4.13     -0.43  0.       -5550.521       3918.374       -740.212    0.000  -0.139   0.381   0.
  2017 352  9 41  6 492 352.403547370       4.87     -4.19     -0.38  0.       -5550.041       3916.747       -741.981    0.000  -0.139   0.381   0.
  2017 352  9 41  7 492 352.403558944       4.82     -4.18     -0.47  0.       -5549.562       3915.119       -743.751    0.000  -0.139   0.381   0.
  2017 352  9 41  8 492 352.403570518       4.83     -4.06     -0.61  0.       -5549.081       3913.490       -745.521    0.000  -0.139   0.381   0.
  2017 352  9 41  9 492 352.403582092       4.93     -3.98     -0.64  0.       -5548.600       3911.861       -747.290    0.000  -0.139   0.381   0.
  2017 352  9 41 10 492 352.403593663       5.04     -3.95     -0.73  0.       -5548.117       3910.231       -749.060    0.000  -0.139   0.381   0.
  2017 352  9 41 11 492 352.403605237       4.91     -3.91     -0.87  0.       -5547.634       3908.601       -750.829    0.000  -0.139   0.381   0.
  2017 352  9 41 12 492 352.403616811       4.75     -3.94     -1.07  0.       -5547.151       3906.970       -752.598    0.000  -0.139   0.381   0.
  2017 352  9 41 13 492 352.403628385       4.67     -3.92     -1.15  0.       -5546.666       3905.338       -754.368    0.000  -0.139   0.381   0.
  2017 352  9 41 14 492 352.403639959       4.69     -3.97     -1.26  0.       -5546.181       3903.707       -756.137    0.000  -0.139   0.381   0.
  2017 352  9 41 15 492 352.403651534       4.66     -4.10     -1.34  0.       -5545.695       3902.075       -757.906    0.000  -0.139   0.381   0.
  2017 352  9 41 16 492 352.403663108       4.63     -4.17     -1.43  0.       -5545.208       3900.442       -759.674    0.000  -0.139   0.381   0.
  2017 352  9 41 17 492 352.403674682       4.68     -4.15     -1.33  0.       -5544.721       3898.808       -761.443    0.000  -0.139   0.381   0.
  2017 352  9 41 18 492 352.403686256       4.71     -4.08     -1.22  0.       -5544.233       3897.175       -763.212    0.000  -0.139   0.381   0.
  2017 352  9 41 19 492 352.403697830       4.67     -4.08     -1.18  0.       -5543.744       3895.540       -764.980    0.000  -0.139   0.381   0.
  2017 352  9 41 20 492 352.403709404       4.72     -4.07     -1.21  0.       -5543.254       3893.905       -766.749    0.000  -0.139   0.381   0.
  2017 352  9 41 21 492 352.403720978       4.80     -3.89     -1.13  0.       -5542.764       3892.270       -768.517    0.000  -0.139   0.381   0.
  2017 352  9 41 22 492 352.403732552       4.91     -3.63     -1.02  0.       -5542.272       3890.634       -770.285    0.000  -0.139   0.381   0.
  2017 352  9 41 23 492 352.403744126       4.96     -3.38     -0.84  0.       -5541.780       3888.997       -772.053    0.000  -0.139   0.381   0.
  2017 352  9 41 24 492 352.403755700       5.05     -3.26     -0.72  0.       -5541.288       3887.360       -773.821    0.000  -0.139   0.381   0.
  2017 352  9 41 25 492 352.403767274       5.03     -3.21     -0.60  0.       -5540.794       3885.723       -775.589    0.000  -0.139   0.381   0.
  2017 352  9 41 26 492 352.403778848       5.03     -2.98     -0.54  0.       -5540.300       3884.085       -777.357    0.000  -0.139   0.381   0.
  2017 352  9 41 27 492 352.403790422       5.07     -2.86     -0.48  0.       -5539.805       3882.446       -779.125    0.000  -0.139   0.381   0.
  2017 352  9 41 28 492 352.403801997       5.07     -2.72     -0.43  0.       -5539.310       3880.807       -780.892    0.000  -0.139   0.381   0.
  2017 352  9 41 29 492 352.403813571       5.11     -2.51     -0.42  0.       -5538.813       3879.167       -782.660    0.000  -0.139   0.381   0.
  2017 352  9 41 30 492 352.403825145       4.94     -2.38     -0.10  0.       -5538.316       3877.527       -784.427    0.000  -0.139   0.381   0.
  2017 352  9 41 31 492 352.403836719       4.75     -2.33      0.10  0.       -5537.818       3875.886       -786.195    0.000  -0.139   0.381   0.
  2017 352  9 41 32 492 352.403848293       4.59     -2.31      0.18  0.       -5537.319       3874.245       -787.962    0.000  -0.139   0.381   0.
  2017 352  9 41 33 492 352.403859867       4.50     -2.29      0.21  0.       -5536.820       3872.603       -789.729    0.000  -0.139   0.381   0.
  2017 352  9 41 34 492 352.403871441       4.30     -2.27      0.08  0.       -5536.319       3870.961       -791.496    0.000  -0.139   0.381   0.
  2017 352  9 41 35 492 352.403883015       4.21     -2.15     -0.12  0.       -5535.818       3869.318       -793.262    0.000  -0.139   0.381   0.
  2017 352  9 41 36 492 352.403894589       4.18     -2.00     -0.30  0.       -5535.317       3867.674       -795.029    0.000  -0.139   0.381   0.
  2017 352  9 41 37 492 352.403906163       4.20     -1.90     -0.45  0.       -5534.814       3866.031       -796.796    0.000  -0.139   0.381   0.
  2017 352  9 41 38 492 352.403917737       4.18     -1.95     -0.44  0.       -5534.311       3864.386       -798.562    0.000  -0.139   0.381   0.
  2017 352  9 41 39 492 352.403929311       4.13     -1.96     -0.49  0.       -5533.807       3862.741       -800.329    0.000  -0.139   0.381   0.
  2017 352  9 41 40 492 352.403940883       4.08     -1.88     -0.50  0.       -5533.302       3861.096       -802.095    0.000  -0.139   0.381   0.
  2017 352  9 41 41 492 352.403952457       4.14     -1.83     -0.41  0.       -5532.797       3859.450       -803.861    0.000  -0.139   0.381   0.
  2017 352  9 41 42 492 352.403964031       4.06     -1.77     -0.19  0.       -5532.290       3857.803       -805.627    0.000  -0.139   0.381   0.
  2017 352  9 41 43 492 352.403975605       3.82     -1.83     -0.09  0.       -5531.783       3856.156       -807.393    0.000  -0.139   0.381   0.
  2017 352  9 41 44 492 352.403987179       3.55     -1.86      0.07  0.       -5531.276       3854.509       -809.159    0.000  -0.139   0.381   0.
  2017 352  9 41 45 492 352.403998753       3.36     -1.82      0.30  0.       -5530.767       3852.860       -810.925    0.000  -0.139   0.381   0.
  2017 352  9 41 46 492 352.404010327       3.06     -1.98      0.13  0.       -5530.258       3851.212       -812.690    0.000  -0.139   0.381   0.
  2017 352  9 41 47 492 352.404021901       2.98     -2.36     -0.41  0.       -5529.748       3849.563       -814.456    0.000  -0.139   0.381   0.
  2017 352  9 41 48 492 352.404033475       2.96     -2.98     -1.15  0.       -5529.237       3847.913       -816.221    0.000  -0.139   0.381   0.
  2017 352  9 41 49 492 352.404045049       3.06     -2.82     -0.95  0.       -5528.726       3846.263       -817.987    0.000  -0.139   0.381   0.
  2017 352  9 41 50 492 352.404056623       3.12     -2.55     -0.88  0.       -5528.213       3844.612       -819.752    0.000  -0.139   0.381   0.
  2017 352  9 41 51 492 352.404068197       3.20     -2.33     -0.82  0.       -5527.700       3842.961       -821.517    0.000  -0.139   0.381   0.
  2017 352  9 41 52 492 352.404079771       3.24     -2.24     -0.81  0.       -5527.186       3841.309       -823.282    0.000  -0.139   0.381   0.
  2017 352  9 41 53 492 352.404091346       3.21     -2.33     -0.96  0.       -5526.672       3839.656       -825.047    0.000  -0.139   0.381   0.
  2017 352  9 41 54 492 352.404102920       3.28     -2.20     -0.95  0.       -5526.156       3838.003       -826.811    0.000  -0.139   0.381   0.
  2017 352  9 41 55 492 352.404114494       3.32     -2.04     -0.90  0.       -5525.640       3836.350       -828.576    0.000  -0.139   0.381   0.
  2017 352  9 41 56 492 352.404126068       3.32     -1.98     -0.78  0.       -5525.123       3834.696       -830.341    0.000  -0.139   0.381   0.
  2017 352  9 41 57 492 352.404137642       3.27     -1.92     -0.65  0.       -5524.606       3833.042       -832.105    0.000  -0.139   0.381   0.
  2017 352  9 41 58 492 352.404149216       3.19     -1.85     -0.53  0.       -5524.087       3831.387       -833.869    0.000  -0.139   0.381   0.
  2017 352  9 41 59 492 352.404160790       3.13     -1.86     -0.44  0.       -5523.568       3829.731       -835.633    0.000  -0.139   0.381   0.
  2017 352  9 42  0 492 352.404172364       3.08     -1.87     -0.61  0.       -5523.048       3828.075       -837.397    0.000  -0.139   0.381   0.
  2017 352  9 42  1 492 352.404183938       3.01     -1.88     -0.77  0.       -5522.528       3826.419       -839.161    0.000  -0.139   0.381   0.
  2017 352  9 42  2 492 352.404195512       3.10     -1.91     -0.79  0.       -5522.006       3824.762       -840.925    0.000  -0.139   0.381   0.
  2017 352  9 42  3 492 352.404207086       3.27     -1.95     -0.75  0.       -5521.484       3823.104       -842.689    0.000  -0.139   0.381   0.
  2017 352  9 42  4 492 352.404218660       3.38     -1.98     -0.71  0.       -5520.961       3821.446       -844.452    0.000  -0.139   0.381   0.
  2017 352  9 42  5 492 352.404230234       3.47     -1.88     -0.72  0.       -5520.437       3819.787       -846.216    0.000  -0.139   0.381   0.
  2017 352  9 42  6 492 352.404241808       3.56     -1.63     -0.58  0.       -5519.913       3818.128       -847.979    0.000  -0.139   0.381   0.
  2017 352  9 42  7 492 352.404253383       3.61     -1.47     -0.58  0.       -5519.388       3816.468       -849.742    0.000  -0.139   0.381   0.
  2017 352  9 42  8 492 352.404264957       3.54     -1.34     -0.63  0.       -5518.862       3814.808       -851.505    0.000  -0.139   0.381   0.
  2017 352  9 42  9 492 352.404276531       3.49     -1.35     -0.58  0.       -5518.335       3813.147       -853.268    0.000  -0.139   0.381   0.
  2017 352  9 42 10 492 352.404288102       3.41     -1.35     -0.62  0.       -5517.807       3811.486       -855.031    0.000  -0.139   0.381   0.
  2017 352  9 42 11 492 352.404299676       3.40     -1.39     -0.70  0.       -5517.279       3809.824       -856.794    0.000  -0.139   0.381   0.
  2017 352  9 42 12 491 352.404311250       3.48     -1.44     -0.77  0.       -5516.750       3808.162       -858.557    0.000  -0.139   0.381   0.
  2017 352  9 42 13 491 352.404322824       3.55     -1.47     -0.78  0.       -5516.220       3806.499       -860.319    0.000  -0.139   0.381   0.
  2017 352  9 42 14 491 352.404334398       3.59     -1.57     -0.78  0.       -5515.690       3804.835       -862.082    0.000  -0.139   0.381   0.
  2017 352  9 42 15 491 352.404345972       3.59     -1.74     -0.86  0.       -5515.158       3803.171       -863.844    0.000  -0.139   0.381   0.
  2017 352  9 42 16 491 352.404357546       3.51     -2.11     -1.22  0.       -5514.626       3801.507       -865.606    0.000  -0.139   0.381   0.
  2017 352  9 42 17 492 352.404369120       3.21     -2.27     -1.56  0.       -5514.093       3799.842       -867.368    0.000  -0.139   0.381   0.
  2017 352  9 42 18 492 352.404380694       3.10     -2.24     -1.78  0.       -5513.560       3798.176       -869.130    0.000  -0.139   0.381   0.
  2017 352  9 42 19 491 352.404392268       3.25     -2.04     -1.60  0.       -5513.025       3796.510       -870.892    0.000  -0.139   0.381   0.
  2017 352  9 42 20 491 352.404403843       3.42     -2.04     -1.51  0.       -5512.490       3794.844       -872.653    0.000  -0.139   0.381   0.
  2017 352  9 42 21 492 352.404415417       3.56     -2.09     -1.51  0.       -5511.954       3793.177       -874.415    0.000  -0.139   0.381   0.
  2017 352  9 42 22 492 352.404426991       3.62     -2.17     -1.39  0.       -5511.417       3791.509       -876.176    0.000  -0.139   0.381   0.
  2017 352  9 42 23 492 352.404438565       3.57     -2.21     -1.25  0.       -5510.880       3789.841       -877.938    0.000  -0.139   0.381   0.
  2017 352  9 42 24 492 352.404450139       3.46     -2.33     -1.10  0.       -5510.342       3788.172       -879.699    0.000  -0.139   0.381   0.
  2017 352  9 42 25 492 352.404461713       3.47     -2.33     -1.19  0.       -5509.803       3786.503       -881.460    0.000  -0.139   0.381   0.
  2017 352  9 42 26 491 352.404473287       3.42     -2.35     -1.31  0.       -5509.263       3784.833       -883.221    0.000  -0.139   0.381   0.
  2017 352  9 42 27 491 352.404484861       3.35     -2.38     -1.36  0.       -5508.722       3783.163       -884.981    0.000  -0.139   0.381   0.
  2017 352  9 42 28 491 352.404496435       3.57     -2.44     -1.49  0.       -5508.181       3781.492       -886.742    0.000  -0.139   0.381   0.
  2017 352  9 42 29 491 352.404508009       3.52     -2.25     -1.43  0.       -5507.639       3779.821       -888.503    0.000  -0.139   0.381   0.
  2017 352  9 42 30 491 352.404519583       3.55     -2.23     -1.31  0.       -5507.096       3778.149       -890.263    0.000  -0.139   0.381   0.
  2017 352  9 42 31 492 352.404531157       3.66     -2.26     -1.27  0.       -5506.552       3776.476       -892.023    0.000  -0.139   0.381   0.
  2017 352  9 42 32 492 352.404542731       3.84     -1.94     -0.97  0.       -5506.008       3774.803       -893.784    0.000  -0.139   0.381   0.
  2017 352  9 42 33 491 352.404554306       3.65     -1.93     -0.85  0.       -5505.463       3773.130       -895.543    0.000  -0.139   0.381   0.
  2017 352  9 42 34 491 352.404565880       3.61     -1.97     -0.69  0.       -5504.917       3771.456       -897.304    0.000  -0.139   0.381   0.
  2017 352  9 42 35 492 352.404577454       3.50     -1.94     -0.61  0.       -5504.370       3769.781       -899.063    0.000  -0.139   0.381   0.
  2017 352  9 42 36 492 352.404589028       3.38     -1.96     -0.52  0.       -5503.822       3768.106       -900.823    0.000  -0.139   0.381   0.
  2017 352  9 42 37 492 352.404600602       3.15     -2.14     -0.56  0.       -5503.274       3766.431       -902.583    0.000  -0.139   0.381   0.
  2017 352  9 42 38 492 352.404612173       3.18     -2.38     -0.69  0.       -5502.725       3764.755       -904.342    0.000  -0.139   0.381   0.
  2017 352  9 42 39 491 352.404623747       3.16     -2.54     -0.83  0.       -5502.175       3763.078       -906.101    0.000  -0.139   0.381   0.
  2017 352  9 42 40 491 352.404635321       3.04     -2.60     -0.72  0.       -5501.625       3761.401       -907.860    0.000  -0.139   0.381   0.
  2017 352  9 42 41 491 352.404646895       3.02     -2.72     -0.74  0.       -5501.073       3759.723       -909.619    0.000  -0.139   0.381   0.
  2017 352  9 42 42 491 352.404658469       3.00     -2.74     -0.80  0.       -5500.521       3758.045       -911.378    0.000  -0.139   0.381   0.
  2017 352  9 42 43 491 352.404670043       3.08     -2.82     -0.82  0.       -5499.968       3756.366       -913.137    0.000  -0.139   0.381   0.
  2017 352  9 42 44 491 352.404681617       3.08     -2.65     -0.94  0.       -5499.415       3754.687       -914.896    0.000  -0.139   0.381   0.
  2017 352  9 42 45 491 352.404693192       3.32     -2.97     -0.68  0.       -5498.860       3753.007       -916.654    0.000  -0.139   0.381   0.
  2017 352  9 42 46 491 352.404704766       3.20     -3.11     -0.43  0.       -5498.305       3751.327       -918.413    0.000  -0.139   0.381   0.
  2017 352  9 42 47 491 352.404716340       3.04     -3.05     -0.41  0.       -5497.749       3749.646       -920.171    0.000  -0.139   0.381   0.
  2017 352  9 42 48 491 352.404727914       2.82     -2.99     -0.38  0.       -5497.192       3747.964       -921.929    0.000  -0.139   0.381   0.
  2017 352  9 42 49 491 352.404739488       2.75     -2.88     -0.43  0.       -5496.634       3746.282       -923.687    0.000  -0.139   0.381   0.
  2017 352  9 42 50 491 352.404751062       2.71     -2.55     -0.48  0.       -5496.076       3744.600       -925.445    0.000  -0.139   0.381   0.
  2017 352  9 42 51 491 352.404762636       2.72     -2.13     -0.44  0.       -5495.517       3742.917       -927.203    0.000  -0.139   0.381   0.
  2017 352  9 42 52 491 352.404774210       3.07     -1.79      0.08  0.       -5494.957       3741.233       -928.960    0.000  -0.139   0.381   0.
  2017 352  9 42 53 491 352.404785784       3.08     -1.58      0.36  0.       -5494.396       3739.549       -930.718    0.000  -0.139   0.381   0.
  2017 352  9 42 54 491 352.404797358       2.97     -1.59     -0.40  0.       -5493.835       3737.865       -932.475    0.000  -0.139   0.381   0.
  2017 352  9 42 55 491 352.404808932       3.11     -1.75     -0.95  0.       -5493.273       3736.180       -934.232    0.000  -0.139   0.381   0.
  2017 352  9 42 56 491 352.404820506       3.19     -1.93     -1.73  0.       -5492.710       3734.494       -935.989    0.000  -0.139   0.381   0.
  2017 352  9 42 57 491 352.404832080       3.14     -1.86     -2.24  0.       -5492.146       3732.808       -937.746    0.000  -0.139   0.381   0.
  2017 352  9 42 58 491 352.404843654       3.08     -1.68     -2.53  0.       -5491.581       3731.121       -939.503    0.000  -0.139   0.381   0.
  2017 352  9 42 59 491 352.404855229       3.06     -1.62     -1.81  0.       -5491.016       3729.434       -941.260    0.000  -0.139   0.381   0.
  2017 352  9 43  0 491 352.404866803       3.05     -1.62     -1.65  0.       -5490.450       3727.746       -943.016    0.000  -0.139   0.381   0.
  2017 352  9 43  1 491 352.404878377       2.91     -1.74     -1.77  0.       -5489.883       3726.058       -944.772    0.000  -0.139   0.381   0.
  2017 352  9 43  2 491 352.404889951       2.96     -1.90     -1.71  0.       -5489.315       3724.369       -946.529    0.000  -0.139   0.381   0.
  2017 352  9 43  3 491 352.404901525       3.10     -2.03     -1.51  0.       -5488.747       3722.680       -948.285    0.000  -0.139   0.381   0.
  2017 352  9 43  4 491 352.404913099       3.27     -2.28     -1.40  0.       -5488.177       3720.990       -950.041    0.000  -0.139   0.381   0.
  2017 352  9 43  5 491 352.404924673       3.31     -2.47     -1.39  0.       -5487.607       3719.299       -951.797    0.000  -0.139   0.381   0.
  2017 352  9 43  6 491 352.404936247       3.17     -2.53     -1.38  0.       -5487.036       3717.608       -953.552    0.000  -0.139   0.381   0.
  2017 352  9 43  7 491 352.404947821       3.04     -2.53     -1.33  0.       -5486.465       3715.917       -955.308    0.000  -0.139   0.381   0.
  2017 352  9 43  8 491 352.404959392       2.85     -2.55     -1.33  0.       -5485.892       3714.225       -957.063    0.000  -0.139   0.381   0.
  2017 352  9 43  9 491 352.404970966       2.65     -2.60     -1.37  0.       -5485.319       3712.532       -958.819    0.000  -0.139   0.381   0.
  2017 352  9 43 10 491 352.404982540       2.53     -2.64     -1.37  0.       -5484.745       3710.839       -960.574    0.000  -0.139   0.381   0.
  2017 352  9 43 11 491 352.404994115       2.34     -2.63     -1.39  0.       -5484.171       3709.146       -962.329    0.000  -0.139   0.381   0.
  2017 352  9 43 12 491 352.405005689       2.12     -2.56     -1.50  0.       -5483.595       3707.452       -964.084    0.000  -0.139   0.381   0.
  2017 352  9 43 13 491 352.405017263       1.90     -2.43     -1.68  0.       -5483.019       3705.757       -965.838    0.000  -0.139   0.381   0.
  2017 352  9 43 14 491 352.405028837       1.66     -2.21     -1.78  0.       -5482.442       3704.062       -967.593    0.000  -0.139   0.381   0.
  2017 352  9 43 15 491 352.405040411       1.56     -1.88     -1.88  0.       -5481.864       3702.365       -969.348    0.000  -0.139   0.381   0.
  2017 352  9 43 16 491 352.405051985       1.45     -1.54     -1.94  0.       -5481.285       3700.669       -971.102    0.000  -0.139   0.381   0.
  2017 352  9 43 17 491 352.405063559       1.48     -1.10     -1.78  0.       -5480.706       3698.973       -972.856    0.000  -0.139   0.381   0.
  2017 352  9 43 18 491 352.405075133       1.57     -0.88     -1.77  0.       -5480.125       3697.276       -974.610    0.000  -0.139   0.381   0.
  2017 352  9 43 19 491 352.405086707       1.62     -0.90     -1.94  0.       -5479.544       3695.578       -976.364    0.000  -0.139   0.381   0.
  2017 352  9 43 20 491 352.405098281       1.54     -0.85     -2.14  0.       -5478.962       3693.879       -978.118    0.000  -0.139   0.381   0.
  2017 352  9 43 21 491 352.405109855       1.62     -0.82     -2.00  0.       -5478.380       3692.180       -979.872    0.000  -0.139   0.381   0.
  2017 352  9 43 22 491 352.405121429       1.87     -1.07     -1.67  0.       -5477.796       3690.481       -981.625    0.000  -0.139   0.381   0.
  2017 352  9 43 23 491 352.405133003       1.90     -1.53     -1.28  0.       -5477.212       3688.781       -983.378    0.000  -0.139   0.381   0.
  2017 352  9 43 24 491 352.405144578       1.74     -1.79     -1.11  0.       -5476.627       3687.081       -985.132    0.000  -0.139   0.381   0.
  2017 352  9 43 25 491 352.405156152       1.60     -2.03     -1.14  0.       -5476.042       3685.379       -986.885    0.000  -0.139   0.381   0.
  2017 352  9 43 26 491 352.405167726       1.35     -2.13     -1.25  0.       -5475.455       3683.678       -988.638    0.000  -0.139   0.381   0.
  2017 352  9 43 27 491 352.405179300       1.20     -2.17     -1.20  0.       -5474.868       3681.976       -990.390    0.000  -0.139   0.381   0.
  2017 352  9 43 28 491 352.405190874       1.12     -2.16     -1.16  0.       -5474.280       3680.273       -992.143    0.000  -0.139   0.381   0.
  2017 352  9 43 29 491 352.405202448       1.10     -2.02     -1.22  0.       -5473.691       3678.570       -993.895    0.000  -0.139   0.381   0.
  2017 352  9 43 30 491 352.405214022       1.02     -1.85     -1.29  0.       -5473.101       3676.866       -995.648    0.000  -0.139   0.381   0.
  2017 352  9 43 31 491 352.405225596       1.10     -1.69     -1.34  0.       -5472.511       3675.162       -997.400    0.000  -0.139   0.381   0.
  2017 352  9 43 32 491 352.405237170       1.06     -1.62     -1.41  0.       -5471.919       3673.457       -999.152    0.000  -0.139   0.381   0.
  2017 352  9 43 33 491 352.405248744       0.88     -1.55     -1.49  0.       -5471.327       3671.752      -1000.904    0.000  -0.139   0.381   0.
  2017 352  9 43 34 491 352.405260318       0.80     -1.52     -1.42  0.       -5470.734       3670.046      -1002.656    0.000  -0.139   0.381   0.
  2017 352  9 43 35 491 352.405271892       0.71     -1.49     -1.34  0.       -5470.141       3668.340      -1004.407    0.000  -0.139   0.381   0.
  2017 352  9 43 36 491 352.405283466       0.66     -1.39     -1.32  0.       -5469.546       3666.633      -1006.159    0.000  -0.139   0.381   0.
  2017 352  9 43 37 491 352.405295040       0.79     -1.31     -1.33  0.       -5468.951       3664.926      -1007.910    0.000  -0.139   0.381   0.
  2017 352  9 43 38 491 352.405306615       0.79     -1.41     -1.38  0.       -5468.355       3663.218      -1009.661    0.000  -0.139   0.381   0.
  2017 352  9 43 39 491 352.405318189       0.73     -1.43     -1.31  0.       -5467.758       3661.509      -1011.412    0.000  -0.139   0.381   0.
  2017 352  9 43 40 491 352.405329760       0.69     -1.56     -1.24  0.       -5467.161       3659.800      -1013.163    0.000  -0.139   0.381   0.
  2017 352  9 43 41 491 352.405341334       0.52     -1.65     -1.26  0.       -5466.562       3658.091      -1014.914    0.000  -0.139   0.381   0.
  2017 352  9 43 42 491 352.405352908       0.24     -1.74     -1.32  0.       -5465.963       3656.381      -1016.665    0.000  -0.139   0.381   0.
  2017 352  9 43 43 491 352.405364482       0.12     -1.79     -1.49  0.       -5465.363       3654.670      -1018.415    0.000  -0.139   0.381   0.
  2017 352  9 43 44 491 352.405376056      -0.01     -2.08     -1.87  0.       -5464.762       3652.959      -1020.165    0.000  -0.139   0.381   0.
  2017 352  9 43 45 491 352.405387630      -0.10     -2.35     -2.23  0.       -5464.161       3651.247      -1021.915    0.000  -0.139   0.381   0.
  2017 352  9 43 46 491 352.405399204      -0.03     -2.48     -2.36  0.       -5463.558       3649.535      -1023.666    0.000  -0.139   0.381   0.
  2017 352  9 43 47 491 352.405410778       0.01     -2.58     -2.35  0.       -5462.955       3647.822      -1025.415    0.000  -0.139   0.381   0.
  2017 352  9 43 48 491 352.405422352      -0.09     -2.58     -2.26  0.       -5462.351       3646.109      -1027.165    0.000  -0.139   0.381   0.
  2017 352  9 43 49 491 352.405433927      -0.30     -2.66     -2.28  0.       -5461.746       3644.395      -1028.915    0.000  -0.139   0.381   0.
  2017 352  9 43 50 491 352.405445501      -0.46     -2.85     -2.25  0.       -5461.141       3642.681      -1030.664    0.000  -0.139   0.381   0.
  2017 352  9 43 51 491 352.405457075      -0.46     -2.82     -2.33  0.       -5460.534       3640.966      -1032.413    0.000  -0.139   0.381   0.
  2017 352  9 43 52 491 352.405468649      -0.64     -3.02     -2.31  0.       -5459.927       3639.251      -1034.162    0.000  -0.139   0.381   0.
  2017 352  9 43 53 491 352.405480223      -0.78     -3.02     -2.35  0.       -5459.319       3637.535      -1035.911    0.000  -0.139   0.381   0.
  2017 352  9 43 54 491 352.405491797      -0.99     -2.92     -2.39  0.       -5458.711       3635.819      -1037.660    0.000  -0.139   0.381   0.
  2017 352  9 43 55 491 352.405503371      -1.16     -2.66     -2.61  0.       -5458.101       3634.101      -1039.409    0.000  -0.139   0.381   0.
  2017 352  9 43 56 491 352.405514945      -1.22     -2.05     -2.75  0.       -5457.491       3632.384      -1041.157    0.000  -0.139   0.381   0.
  2017 352  9 43 57 491 352.405526519      -1.21     -1.32     -2.87  0.       -5456.880       3630.666      -1042.906    0.000  -0.139   0.381   0.
  2017 352  9 43 58 491 352.405538093      -1.41     -1.32     -3.40  0.       -5456.268       3628.947      -1044.654    0.000  -0.139   0.381   0.
  2017 352  9 43 59 491 352.405549667      -1.44     -1.39     -3.43  0.       -5455.655       3627.228      -1046.402    0.000  -0.139   0.381   0.
  2017 352  9 44  0 491 352.405561241      -1.34     -1.22     -3.34  0.       -5455.041       3625.509      -1048.150    0.000  -0.139   0.381   0.
  2017 352  9 44  1 491 352.405572815      -1.56     -0.80     -3.29  0.       -5454.427       3623.789      -1049.897    0.000  -0.139   0.381   0.
  2017 352  9 44  2 491 352.405584389      -1.54     -0.61     -3.29  0.       -5453.812       3622.068      -1051.645    0.000  -0.139   0.381   0.
  2017 352  9 44  3 491 352.405595964      -1.39     -0.55     -3.31  0.       -5453.196       3620.347      -1053.392    0.000  -0.139   0.381   0.
  2017 352  9 44  4 491 352.405607538      -1.48     -0.42     -3.40  0.       -5452.579       3618.625      -1055.139    0.000  -0.139   0.381   0.
  2017 352  9 44  5 491 352.405619112      -1.30     -0.52     -3.11  0.       -5451.962       3616.903      -1056.887    0.000  -0.139   0.381   0.
  2017 352  9 44  6 491 352.405630686      -1.46     -1.04     -3.57  0.       -5451.343       3615.180      -1058.634    0.000  -0.139   0.381   0.
  2017 352  9 44  7 491 352.405642260      -1.66     -1.32     -3.88  0.       -5450.724       3613.456      -1060.380    0.000  -0.139   0.381   0.
  2017 352  9 44  8 491 352.405653834      -1.73     -1.23     -3.91  0.       -5450.104       3611.733      -1062.127    0.000  -0.139   0.381   0.
  2017 352  9 44  9 491 352.405665408      -1.78     -1.21     -3.79  0.       -5449.483       3610.008      -1063.873    0.000  -0.139   0.381   0.
  2017 352  9 44 10 490 352.405676979      -1.65     -1.12     -3.52  0.       -5448.862       3608.283      -1065.620    0.000  -0.139   0.381   0.
  2017 352  9 44 11 490 352.405688553      -1.40     -0.93     -2.88  0.       -5448.239       3606.558      -1067.366    0.000  -0.139   0.381   0.
  2017 352  9 44 12 490 352.405700127      -1.45     -0.90     -2.75  0.       -5447.616       3604.832      -1069.112    0.000  -0.139   0.381   0.
  2017 352  9 44 13 491 352.405711701      -1.50     -0.83     -2.70  0.       -5446.992       3603.105      -1070.858    0.000  -0.139   0.381   0.
  2017 352  9 44 14 491 352.405723275      -1.50     -0.94     -2.62  0.       -5446.368       3601.378      -1072.603    0.000  -0.139   0.381   0.
  2017 352  9 44 15 490 352.405734850      -1.32     -0.99     -2.62  0.       -5445.742       3599.650      -1074.349    0.000  -0.139   0.381   0.
  2017 352  9 44 16 490 352.405746424      -1.36     -0.82     -2.58  0.       -5445.116       3597.922      -1076.094    0.000  -0.139   0.381   0.
  2017 352  9 44 17 491 352.405757998      -1.42     -0.66     -2.30  0.       -5444.488       3596.194      -1077.839    0.000  -0.139   0.381   0.
  2017 352  9 44 18 491 352.405769572      -1.23     -0.64     -1.93  0.       -5443.860       3594.464      -1079.585    0.000  -0.139   0.381   0.
  2017 352  9 44 19 491 352.405781146      -1.07     -0.66     -1.83  0.       -5443.231       3592.735      -1081.329    0.000  -0.139   0.381   0.
  2017 352  9 44 20 491 352.405792720      -1.12     -0.70     -1.76  0.       -5442.602       3591.004      -1083.074    0.000  -0.139   0.381   0.
  2017 352  9 44 21 491 352.405804294      -1.36     -0.64     -1.71  0.       -5441.972       3589.274      -1084.819    0.000  -0.139   0.381   0.
  2017 352  9 44 22 490 352.405815868      -1.61     -0.59     -1.55  0.       -5441.340       3587.542      -1086.563    0.000  -0.139   0.381   0.
  2017 352  9 44 23 490 352.405827442      -1.71     -0.40     -1.34  0.       -5440.708       3585.810      -1088.307    0.000  -0.139   0.381   0.
  2017 352  9 44 24 490 352.405839016      -1.63     -0.09     -1.15  0.       -5440.075       3584.078      -1090.052    0.000  -0.139   0.381   0.
  2017 352  9 44 25 490 352.405850590      -1.61      0.04     -1.11  0.       -5439.442       3582.345      -1091.795    0.000  -0.139   0.381   0.
  2017 352  9 44 26 490 352.405862164      -1.58      0.17     -1.19  0.       -5438.807       3580.612      -1093.539    0.000  -0.139   0.381   0.
  2017 352  9 44 27 491 352.405873738      -1.43      0.21     -1.27  0.       -5438.172       3578.878      -1095.283    0.000  -0.139   0.381   0.
  2017 352  9 44 28 491 352.405885313      -1.29      0.29     -1.35  0.       -5437.536       3577.143      -1097.026    0.000  -0.139   0.381   0.
  2017 352  9 44 29 490 352.405896887      -1.05      0.40     -1.43  0.       -5436.899       3575.408      -1098.769    0.000  -0.139   0.381   0.
  2017 352  9 44 30 491 352.405908461      -0.83      0.54     -1.68  0.       -5436.261       3573.672      -1100.512    0.000  -0.139   0.381   0.
  2017 352  9 44 31 491 352.405920035      -0.56      0.47     -1.84  0.       -5435.623       3571.936      -1102.255    0.000  -0.139   0.381   0.
  2017 352  9 44 32 491 352.405931609      -0.36      0.26     -1.91  0.       -5434.984       3570.200      -1103.998    0.000  -0.139   0.381   0.
  2017 352  9 44 33 491 352.405943183      -0.23      0.01     -2.05  0.       -5434.344       3568.462      -1105.741    0.000  -0.139   0.381   0.
  2017 352  9 44 34 491 352.405954757      -0.18     -0.25     -2.12  0.       -5433.703       3566.725      -1107.483    0.000  -0.139   0.381   0.
  2017 352  9 44 35 490 352.405966331      -0.32     -0.42     -2.08  0.       -5433.061       3564.986      -1109.225    0.000  -0.139   0.381   0.
  2017 352  9 44 36 490 352.405977905      -0.48     -0.44     -1.91  0.       -5432.418       3563.248      -1110.967    0.000  -0.139   0.381   0.
  2017 352  9 44 37 490 352.405989479      -0.50     -0.50     -1.59  0.       -5431.775       3561.508      -1112.709    0.000  -0.139   0.381   0.
  2017 352  9 44 38 490 352.406001053      -0.49     -0.39     -1.69  0.       -5431.131       3559.768      -1114.451    0.000  -0.139   0.381   0.
  2017 352  9 44 39 490 352.406012627      -0.47     -0.32     -1.63  0.       -5430.486       3558.028      -1116.193    0.000  -0.139   0.381   0.
  2017 352  9 44 40 491 352.406024199      -0.46     -0.25     -1.59  0.       -5429.840       3556.287      -1117.934    0.000  -0.139   0.381   0.
  2017 352  9 44 41 490 352.406035773      -0.38     -0.29     -1.60  0.       -5429.193       3554.546      -1119.675    0.000  -0.139   0.381   0.
  2017 352  9 44 42 490 352.406047347      -0.56     -0.31     -2.06  0.       -5428.546       3552.804      -1121.417    0.000  -0.139   0.381   0.
  2017 352  9 44 43 490 352.406058921      -0.64     -0.11     -2.13  0.       -5427.898       3551.061      -1123.157    0.000  -0.139   0.381   0.
  2017 352  9 44 44 490 352.406070495      -0.73      0.27     -2.14  0.       -5427.249       3549.318      -1124.898    0.000  -0.139   0.381   0.
  2017 352  9 44 45 490 352.406082069      -0.67      0.55     -2.16  0.       -5426.599       3547.574      -1126.639    0.000  -0.139   0.381   0.
  2017 352  9 44 46 490 352.406093643      -0.47      0.61     -2.19  0.       -5425.948       3545.830      -1128.379    0.000  -0.139   0.381   0.
  2017 352  9 44 47 490 352.406105217      -0.33      0.48     -2.10  0.       -5425.296       3544.086      -1130.119    0.000  -0.139   0.381   0.
  2017 352  9 44 48 490 352.406116791      -0.43      0.36     -1.83  0.       -5424.644       3542.341      -1131.859    0.000  -0.139   0.381   0.
  2017 352  9 44 49 490 352.406128365      -0.86      0.53     -1.62  0.       -5423.991       3540.595      -1133.599    0.000  -0.139   0.381   0.
  2017 352  9 44 50 490 352.406139939      -1.39      0.65     -2.07  0.       -5423.337       3538.849      -1135.339    0.000  -0.139   0.381   0.
  2017 352  9 44 51 490 352.406151513      -1.63      0.63     -2.45  0.       -5422.682       3537.102      -1137.079    0.000  -0.139   0.381   0.
  2017 352  9 44 52 490 352.406163087      -1.63      0.72     -2.56  0.       -5422.026       3535.354      -1138.818    0.000  -0.139   0.381   0.
  2017 352  9 44 53 490 352.406174661      -1.45      0.89     -2.58  0.       -5421.370       3533.607      -1140.557    0.000  -0.139   0.381   0.
  2017 352  9 44 54 490 352.406186236      -1.32      0.84     -2.76  0.       -5420.713       3531.858      -1142.296    0.000  -0.139   0.381   0.
  2017 352  9 44 55 490 352.406197810      -1.55      0.61     -3.02  0.       -5420.055       3530.109      -1144.035    0.000  -0.139   0.381   0.
  2017 352  9 44 56 490 352.406209384      -1.84      0.31     -2.71  0.       -5419.396       3528.360      -1145.774    0.000  -0.139   0.381   0.
  2017 352  9 44 57 490 352.406220958      -2.10      0.18     -2.49  0.       -5418.736       3526.610      -1147.512    0.000  -0.139   0.381   0.
  2017 352  9 44 58 490 352.406232532      -2.13      0.24     -2.27  0.       -5418.076       3524.859      -1149.251    0.000  -0.139   0.381   0.
  2017 352  9 44 59 490 352.406244106      -2.09      0.23     -2.29  0.       -5417.415       3523.108      -1150.989    0.000  -0.139   0.381   0.
  2017 352  9 45  0 490 352.406255680      -2.11      0.23     -2.42  0.       -5416.753       3521.357      -1152.727    0.000  -0.139   0.381   0.
  2017 352  9 45  1 490 352.406267254      -2.24      0.09     -2.46  0.       -5416.090       3519.604      -1154.465    0.000  -0.139   0.381   0.
  2017 352  9 45  2 490 352.406278828      -2.27      0.03     -2.60  0.       -5415.426       3517.852      -1156.202    0.000  -0.139   0.381   0.
  2017 352  9 45  3 490 352.406290402      -2.21     -0.16     -2.59  0.       -5414.761       3516.099      -1157.940    0.000  -0.139   0.381   0.
  2017 352  9 45  4 490 352.406301976      -2.41     -0.40     -2.34  0.       -5414.096       3514.345      -1159.677    0.000  -0.139   0.381   0.
  2017 352  9 45  5 490 352.406313550      -2.73     -0.76     -2.22  0.       -5413.429       3512.591      -1161.414    0.000  -0.139   0.381   0.
  2017 352  9 45  6 490 352.406325124      -2.87     -0.71     -1.89  0.       -5412.762       3510.836      -1163.151    0.000  -0.139   0.381   0.
  2017 352  9 45  7 490 352.406336698      -3.21     -0.49     -1.75  0.       -5412.095       3509.081      -1164.888    0.000  -0.139   0.381   0.
  2017 352  9 45  8 490 352.406348270      -3.37     -0.31     -1.63  0.       -5411.426       3507.325      -1166.625    0.000  -0.139   0.381   0.
  2017 352  9 45  9 490 352.406359844      -3.41     -0.17     -1.52  0.       -5410.756       3505.568      -1168.361    0.000  -0.139   0.381   0.
  2017 352  9 45 10 490 352.406371418      -3.40     -0.21     -1.70  0.       -5410.086       3503.811      -1170.097    0.000  -0.139   0.381   0.
  2017 352  9 45 11 490 352.406382992      -3.50     -0.19     -1.87  0.       -5409.414       3502.054      -1171.833    0.000  -0.139   0.381   0.
  2017 352  9 45 12 490 352.406394566      -3.54     -0.16     -1.77  0.       -5408.743       3500.296      -1173.569    0.000  -0.139   0.381   0.
  2017 352  9 45 13 490 352.406406140      -3.65     -0.22     -1.70  0.       -5408.070       3498.537      -1175.305    0.000  -0.139   0.381   0.
  2017 352  9 45 14 490 352.406417714      -3.62     -0.23     -1.47  0.       -5407.396       3496.778      -1177.040    0.000  -0.139   0.381   0.
  2017 352  9 45 15 490 352.406429288      -3.62     -0.09     -1.39  0.       -5406.722       3495.019      -1178.776    0.000  -0.139   0.381   0.
  2017 352  9 45 16 490 352.406440862      -3.44      0.10     -1.31  0.       -5406.046       3493.259      -1180.511    0.000  -0.139   0.381   0.
  2017 352  9 45 17 490 352.406452436      -3.37      0.24     -1.05  0.       -5405.370       3491.498      -1182.246    0.000  -0.139   0.381   0.
  2017 352  9 45 18 490 352.406464010      -3.50      0.33     -0.87  0.       -5404.693       3489.737      -1183.981    0.000  -0.139   0.381   0.
  2017 352  9 45 19 490 352.406475584      -3.59      0.54     -0.66  0.       -5404.016       3487.975      -1185.715    0.000  -0.139   0.381   0.
  2017 352  9 45 20 490 352.406487159      -3.67      0.50     -0.58  0.       -5403.337       3486.213      -1187.449    0.000  -0.139   0.381   0.
  2017 352  9 45 21 490 352.406498733      -3.75      0.40     -0.70  0.       -5402.658       3484.450      -1189.184    0.000  -0.139   0.381   0.
  2017 352  9 45 22 490 352.406510307      -3.85      0.41     -0.89  0.       -5401.977       3482.687      -1190.918    0.000  -0.139   0.381   0.
  2017 352  9 45 23 490 352.406521881      -3.95      0.40     -1.15  0.       -5401.296       3480.923      -1192.652    0.000  -0.139   0.381   0.
  2017 352  9 45 24 490 352.406533455      -3.80      0.68     -1.22  0.       -5400.614       3479.158      -1194.385    0.000  -0.139   0.381   0.
  2017 352  9 45 25 490 352.406545029      -3.43      1.03     -1.15  0.       -5399.932       3477.393      -1196.119    0.000  -0.139   0.381   0.
  2017 352  9 45 26 490 352.406556603      -3.18      0.63     -1.68  0.       -5399.248       3475.628      -1197.852    0.000  -0.139   0.381   0.
  2017 352  9 45 27 490 352.406568177      -3.30      0.18     -2.13  0.       -5398.564       3473.862      -1199.585    0.000  -0.139   0.381   0.
  2017 352  9 45 28 490 352.406579751      -3.61     -0.16     -2.60  0.       -5397.878       3472.095      -1201.318    0.000  -0.139   0.381   0.
  2017 352  9 45 29 490 352.406591325      -3.71     -0.33     -2.91  0.       -5397.192       3470.328      -1203.051    0.000  -0.139   0.381   0.
  2017 352  9 45 30 490 352.406602899      -3.66     -0.40     -2.96  0.       -5396.505       3468.561      -1204.784    0.000  -0.139   0.381   0.
  2017 352  9 45 31 490 352.406614473      -3.77     -0.22     -3.15  0.       -5395.818       3466.793      -1206.516    0.000  -0.139   0.381   0.
  2017 352  9 45 32 490 352.406626047      -3.85     -0.04     -3.07  0.       -5395.129       3465.024      -1208.248    0.000  -0.139   0.381   0.
  2017 352  9 45 33 490 352.406637621      -3.81      0.07     -2.89  0.       -5394.440       3463.255      -1209.980    0.000  -0.139   0.381   0.
  2017 352  9 45 34 490 352.406649196      -3.80      0.16     -2.67  0.       -5393.749       3461.485      -1211.712    0.000  -0.139   0.381   0.
  2017 352  9 45 35 490 352.406660770      -3.87      0.26     -2.65  0.       -5393.058       3459.715      -1213.444    0.000  -0.139   0.381   0.
  2017 352  9 45 36 490 352.406672344      -3.92      0.34     -2.66  0.       -5392.366       3457.944      -1215.175    0.000  -0.139   0.381   0.
  2017 352  9 45 37 490 352.406683918      -3.84      0.30     -2.76  0.       -5391.674       3456.173      -1216.907    0.000  -0.139   0.381   0.
  2017 352  9 45 38 490 352.406695489      -3.84      0.29     -2.89  0.       -5390.980       3454.401      -1218.638    0.000  -0.139   0.381   0.
  2017 352  9 45 39 490 352.406707063      -3.94      0.27     -3.13  0.       -5390.286       3452.628      -1220.369    0.000  -0.139   0.381   0.
  2017 352  9 45 40 490 352.406718637      -4.00      0.28     -3.08  0.       -5389.591       3450.855      -1222.099    0.000  -0.139   0.381   0.
  2017 352  9 45 41 490 352.406730211      -4.06      0.23     -3.00  0.       -5388.895       3449.082      -1223.830    0.000  -0.139   0.381   0.
  2017 352  9 45 42 490 352.406741785      -4.18      0.21     -2.86  0.       -5388.198       3447.308      -1225.560    0.000  -0.139   0.381   0.
  2017 352  9 45 43 490 352.406753359      -4.26      0.24     -2.76  0.       -5387.500       3445.533      -1227.290    0.000  -0.139   0.381   0.
  2017 352  9 45 44 490 352.406764933      -4.26      0.16     -3.10  0.       -5386.801       3443.758      -1229.020    0.000  -0.139   0.381   0.
  2017 352  9 45 45 490 352.406776508      -4.39      0.17     -2.90  0.       -5386.102       3441.983      -1230.750    0.000  -0.139   0.381   0.
  2017 352  9 45 46 490 352.406788082      -4.47      0.24     -2.62  0.       -5385.402       3440.206      -1232.479    0.000  -0.139   0.381   0.
  2017 352  9 45 47 490 352.406799656      -4.45      0.34     -2.31  0.       -5384.701       3438.430      -1234.209    0.000  -0.139   0.381   0.
  2017 352  9 45 48 490 352.406811230      -4.44      0.53     -2.18  0.       -5383.999       3436.652      -1235.938    0.000  -0.139   0.381   0.
  2017 352  9 45 49 490 352.406822804      -4.37      0.46     -2.22  0.       -5383.296       3434.875      -1237.667    0.000  -0.139   0.381   0.
  2017 352  9 45 50 490 352.406834378      -4.36      0.49     -2.21  0.       -5382.592       3433.096      -1239.396    0.000  -0.139   0.381   0.
  2017 352  9 45 51 490 352.406845952      -4.48      0.38     -2.04  0.       -5381.888       3431.318      -1241.124    0.000  -0.139   0.381   0.
  2017 352  9 45 52 490 352.406857526      -4.55      0.30     -1.76  0.       -5381.183       3429.538      -1242.853    0.000  -0.139   0.381   0.
  2017 352  9 45 53 490 352.406869100      -4.67      0.27     -1.54  0.       -5380.477       3427.758      -1244.581    0.000  -0.139   0.381   0.
  2017 352  9 45 54 490 352.406880674      -4.59      0.51     -1.39  0.       -5379.770       3425.978      -1246.309    0.000  -0.139   0.381   0.
  2017 352  9 45 55 490 352.406892248      -4.52      0.54     -1.44  0.       -5379.062       3424.197      -1248.037    0.000  -0.139   0.381   0.
  2017 352  9 45 56 490 352.406903822      -4.38      0.60     -1.37  0.       -5378.353       3422.415      -1249.764    0.000  -0.139   0.381   0.
  2017 352  9 45 57 490 352.406915396      -4.32      0.74     -1.30  0.       -5377.644       3420.634      -1251.492    0.000  -0.139   0.381   0.
  2017 352  9 45 58 490 352.406926970      -4.36      0.76     -1.38  0.       -5376.934       3418.851      -1253.219    0.000  -0.139   0.381   0.
  2017 352  9 45 59 490 352.406938545      -4.42      0.59     -1.51  0.       -5376.223       3417.068      -1254.946    0.000  -0.139   0.381   0.
  2017 352  9 46  0 490 352.406950119      -4.44      0.47     -1.65  0.       -5375.511       3415.284      -1256.673    0.000  -0.139   0.381   0.
  2017 352  9 46  1 490 352.406961693      -4.45      0.32     -1.73  0.       -5374.798       3413.500      -1258.400    0.000  -0.139   0.381   0.
  2017 352  9 46  2 490 352.406973267      -4.56      0.26     -1.60  0.       -5374.084       3411.715      -1260.126    0.000  -0.139   0.381   0.
  2017 352  9 46  3 490 352.406984841      -4.74      0.26     -1.58  0.       -5373.370       3409.930      -1261.852    0.000  -0.139   0.381   0.
  2017 352  9 46  4 490 352.406996415      -4.76      0.20     -1.90  0.       -5372.654       3408.144      -1263.578    0.000  -0.139   0.381   0.
  2017 352  9 46  5 490 352.407007989      -4.80      0.25     -2.04  0.       -5371.938       3406.358      -1265.304    0.000  -0.139   0.381   0.
  2017 352  9 46  6 490 352.407019563      -5.00      0.24     -2.34  0.       -5371.221       3404.571      -1267.030    0.000  -0.139   0.381   0.
  2017 352  9 46  7 490 352.407031137      -4.99      0.42     -2.20  0.       -5370.503       3402.784      -1268.755    0.000  -0.139   0.381   0.
  2017 352  9 46  8 489 352.407042708      -4.74      0.56     -2.16  0.       -5369.785       3400.996      -1270.480    0.000  -0.139   0.381   0.
  2017 352  9 46  9 490 352.407054282      -4.72      0.60     -2.19  0.       -5369.065       3399.207      -1272.205    0.000  -0.139   0.381   0.
  2017 352  9 46 10 490 352.407065856      -4.86      0.45     -2.26  0.       -5368.345       3397.418      -1273.930    0.000  -0.139   0.381   0.
  2017 352  9 46 11 489 352.407077431      -4.95      0.36     -2.30  0.       -5367.623       3395.629      -1275.655    0.000  -0.139   0.381   0.
  2017 352  9 46 12 489 352.407089005      -4.90      0.57     -2.14  0.       -5366.901       3393.839      -1277.379    0.000  -0.139   0.381   0.
  2017 352  9 46 13 490 352.407100579      -5.03      0.50     -2.10  0.       -5366.178       3392.048      -1279.104    0.000  -0.139   0.381   0.
  2017 352  9 46 14 490 352.407112153      -5.02      0.45     -2.10  0.       -5365.455       3390.257      -1280.828    0.000  -0.139   0.381   0.
  2017 352  9 46 15 490 352.407123727      -4.98      0.47     -2.03  0.       -5364.730       3388.466      -1282.551    0.000  -0.139   0.381   0.
  2017 352  9 46 16 490 352.407135301      -5.07      0.47     -1.97  0.       -5364.004       3386.673      -1284.275    0.000  -0.139   0.381   0.
  2017 352  9 46 17 489 352.407146875      -5.03      0.50     -1.85  0.       -5363.278       3384.881      -1285.999    0.000  -0.139   0.381   0.
  2017 352  9 46 18 489 352.407158449      -5.16      0.46     -1.82  0.       -5362.551       3383.087      -1287.722    0.000  -0.139   0.381   0.
  2017 352  9 46 19 489 352.407170023      -5.07      0.53     -1.77  0.       -5361.823       3381.294      -1289.445    0.000  -0.139   0.381   0.
  2017 352  9 46 20 489 352.407181597      -5.12      0.60     -1.76  0.       -5361.094       3379.499      -1291.168    0.000  -0.139   0.381   0.
  2017 352  9 46 21 489 352.407193171      -4.98      0.70     -1.64  0.       -5360.364       3377.704      -1292.890    0.000  -0.139   0.381   0.
  2017 352  9 46 22 490 352.407204745      -4.82      0.76     -1.55  0.       -5359.634       3375.909      -1294.613    0.000  -0.139   0.381   0.
  2017 352  9 46 23 490 352.407216319      -4.72      0.84     -1.44  0.       -5358.902       3374.113      -1296.335    0.000  -0.139   0.381   0.
  2017 352  9 46 24 489 352.407227894      -4.62      1.01     -1.32  0.       -5358.170       3372.317      -1298.057    0.000  -0.139   0.381   0.
  2017 352  9 46 25 489 352.407239468      -4.52      0.96     -1.27  0.       -5357.437       3370.519      -1299.779    0.000  -0.139   0.381   0.
  2017 352  9 46 26 490 352.407251042      -4.61      0.86     -1.22  0.       -5356.703       3368.722      -1301.500    0.000  -0.139   0.381   0.
  2017 352  9 46 27 490 352.407262616      -4.62      0.88     -1.08  0.       -5355.968       3366.924      -1303.222    0.000  -0.139   0.381   0.
  2017 352  9 46 28 490 352.407274190      -4.61      0.94     -1.04  0.       -5355.233       3365.125      -1304.943    0.000  -0.139   0.381   0.
  2017 352  9 46 29 490 352.407285764      -4.70      0.86     -1.07  0.       -5354.496       3363.326      -1306.664    0.000  -0.139   0.381   0.
  2017 352  9 46 30 490 352.407297338      -4.77      0.91     -1.01  0.       -5353.759       3361.527      -1308.384    0.000  -0.139   0.381   0.
  2017 352  9 46 31 489 352.407308912      -4.81      0.99     -0.93  0.       -5353.021       3359.726      -1310.105    0.000  -0.139   0.381   0.
  2017 352  9 46 32 489 352.407320486      -4.84      0.95     -0.91  0.       -5352.282       3357.926      -1311.825    0.000  -0.139   0.381   0.
  2017 352  9 46 33 489 352.407332060      -4.81      0.85     -0.90  0.       -5351.542       3356.124      -1313.545    0.000  -0.139   0.381   0.
  2017 352  9 46 34 489 352.407343634      -4.79      0.78     -1.00  0.       -5350.801       3354.322      -1315.265    0.000  -0.139   0.381   0.
  2017 352  9 46 35 489 352.407355208      -4.80      0.65     -1.03  0.       -5350.059       3352.520      -1316.985    0.000  -0.139   0.381   0.
  2017 352  9 46 36 490 352.407366782      -4.77      0.51     -1.09  0.       -5349.317       3350.717      -1318.704    0.000  -0.139   0.381   0.
  2017 352  9 46 37 490 352.407378356      -4.80      0.31     -1.17  0.       -5348.573       3348.914      -1320.424    0.000  -0.139   0.381   0.
  2017 352  9 46 38 489 352.407389931      -4.92      0.15     -1.27  0.       -5347.829       3347.110      -1322.143    0.000  -0.139   0.381   0.
  2017 352  9 46 39 489 352.407401505      -4.91      0.10     -1.47  0.       -5347.084       3345.305      -1323.862    0.000  -0.139   0.381   0.
  2017 352  9 46 40 490 352.407413076      -4.86      0.03     -1.84  0.       -5346.338       3343.500      -1325.580    0.000  -0.139   0.381   0.
  2017 352  9 46 41 489 352.407424650      -4.86     -0.08     -2.08  0.       -5345.592       3341.695      -1327.299    0.000  -0.139   0.381   0.
  2017 352  9 46 42 489 352.407436224      -4.82     -0.03     -2.07  0.       -5344.844       3339.889      -1329.017    0.000  -0.139   0.381   0.
  2017 352  9 46 43 489 352.407447798      -4.72      0.02     -2.23  0.       -5344.096       3338.082      -1330.735    0.000  -0.139   0.381   0.
  2017 352  9 46 44 489 352.407459372      -4.68     -0.04     -2.70  0.       -5343.346       3336.275      -1332.453    0.000  -0.139   0.381   0.
  2017 352  9 46 45 489 352.407470946      -4.57     -0.04     -2.88  0.       -5342.596       3334.467      -1334.170    0.000  -0.139   0.381   0.
  2017 352  9 46 46 489 352.407482520      -4.56     -0.01     -2.84  0.       -5341.845       3332.659      -1335.888    0.000  -0.139   0.381   0.
  2017 352  9 46 47 489 352.407494094      -4.70      0.14     -2.78  0.       -5341.093       3330.850      -1337.605    0.000  -0.139   0.381   0.
  2017 352  9 46 48 489 352.407505668      -4.97      0.17     -2.66  0.       -5340.340       3329.041      -1339.322    0.000  -0.139   0.381   0.
  2017 352  9 46 49 489 352.407517242      -5.02      0.11     -2.45  0.       -5339.587       3327.231      -1341.038    0.000  -0.139   0.381   0.
  2017 352  9 46 50 489 352.407528817      -4.93     -0.05     -2.20  0.       -5338.832       3325.421      -1342.755    0.000  -0.139   0.381   0.
  2017 352  9 46 51 489 352.407540391      -4.94     -0.16     -2.14  0.       -5338.077       3323.610      -1344.471    0.000  -0.139   0.381   0.
  2017 352  9 46 52 489 352.407551965      -4.88     -0.19     -2.11  0.       -5337.321       3321.798      -1346.187    0.000  -0.139   0.381   0.
  2017 352  9 46 53 489 352.407563539      -4.75     -0.12     -2.20  0.       -5336.564       3319.986      -1347.903    0.000  -0.139   0.381   0.
  2017 352  9 46 54 489 352.407575113      -4.66     -0.13     -2.28  0.       -5335.806       3318.174      -1349.619    0.000  -0.139   0.381   0.
  2017 352  9 46 55 489 352.407586687      -4.74     -0.15     -2.36  0.       -5335.047       3316.361      -1351.334    0.000  -0.139   0.381   0.
  2017 352  9 46 56 489 352.407598261      -4.75     -0.20     -2.38  0.       -5334.288       3314.547      -1353.049    0.000  -0.139   0.381   0.
  2017 352  9 46 57 489 352.407609835      -4.69     -0.15     -2.40  0.       -5333.527       3312.733      -1354.764    0.000  -0.139   0.381   0.
  2017 352  9 46 58 489 352.407621409      -4.67     -0.02     -2.45  0.       -5332.766       3310.918      -1356.479    0.000  -0.139   0.381   0.
  2017 352  9 46 59 489 352.407632983      -4.67      0.09     -2.58  0.       -5332.003       3309.103      -1358.194    0.000  -0.139   0.381   0.
  2017 352  9 47  0 489 352.407644557      -4.62      0.13     -2.58  0.       -5331.240       3307.287      -1359.908    0.000  -0.139   0.381   0.
  2017 352  9 47  1 489 352.407656131      -4.51      0.13     -2.53  0.       -5330.477       3305.471      -1361.622    0.000  -0.139   0.381   0.
  2017 352  9 47  2 489 352.407667705      -4.37      0.15     -2.52  0.       -5329.712       3303.654      -1363.336    0.000  -0.139   0.381   0.
  2017 352  9 47  3 489 352.407679280      -4.33      0.04     -2.60  0.       -5328.946       3301.837      -1365.049    0.000  -0.139   0.381   0.
  2017 352  9 47  4 489 352.407690854      -4.42     -0.04     -2.67  0.       -5328.180       3300.019      -1366.763    0.000  -0.139   0.381   0.
  2017 352  9 47  5 489 352.407702428      -4.38     -0.10     -2.71  0.       -5327.412       3298.201      -1368.476    0.000  -0.139   0.381   0.
  2017 352  9 47  6 489 352.407714002      -4.49     -0.20     -2.70  0.       -5326.644       3296.382      -1370.189    0.000  -0.139   0.381   0.
  2017 352  9 47  7 489 352.407725576      -4.54     -0.22     -3.03  0.       -5325.875       3294.562      -1371.902    0.000  -0.139   0.381   0.
  2017 352  9 47  8 489 352.407737150      -4.48     -0.20     -3.66  0.       -5325.105       3292.742      -1373.614    0.000  -0.139   0.381   0.
  2017 352  9 47  9 489 352.407748724      -4.54     -0.19     -3.79  0.       -5324.334       3290.922      -1375.326    0.000  -0.139   0.381   0.
  2017 352  9 47 10 489 352.407760295      -4.59     -0.11     -4.02  0.       -5323.562       3289.101      -1377.038    0.000  -0.139   0.381   0.
  2017 352  9 47 11 489 352.407771869      -4.67      0.05     -4.02  0.       -5322.790       3287.279      -1378.750    0.000  -0.139   0.381   0.
  2017 352  9 47 12 489 352.407783443      -4.82      0.22     -3.70  0.       -5322.016       3285.457      -1380.462    0.000  -0.139   0.381   0.
  2017 352  9 47 13 489 352.407795017      -4.93      0.35     -3.67  0.       -5321.242       3283.634      -1382.174    0.000  -0.139   0.381   0.
  2017 352  9 47 14 489 352.407806591      -5.16      0.25     -3.69  0.       -5320.467       3281.811      -1383.885    0.000  -0.139   0.381   0.
  2017 352  9 47 15 489 352.407818165      -5.16      0.16     -3.65  0.       -5319.691       3279.987      -1385.596    0.000  -0.139   0.381   0.
  2017 352  9 47 16 489 352.407829740      -5.07      0.17     -3.66  0.       -5318.914       3278.163      -1387.306    0.000  -0.139   0.381   0.
  2017 352  9 47 17 489 352.407841314      -4.90      0.21     -3.95  0.       -5318.136       3276.338      -1389.017    0.000  -0.139   0.381   0.
  2017 352  9 47 18 489 352.407852888      -4.93      0.27     -4.21  0.       -5317.357       3274.513      -1390.727    0.000  -0.139   0.381   0.
  2017 352  9 47 19 489 352.407864462      -5.09      0.33     -4.36  0.       -5316.578       3272.687      -1392.437    0.000  -0.139   0.381   0.
  2017 352  9 47 20 489 352.407876036      -5.37      0.50     -4.42  0.       -5315.798       3270.860      -1394.147    0.000  -0.139   0.381   0.
  2017 352  9 47 21 489 352.407887610      -5.39      0.73     -4.44  0.       -5315.016       3269.033      -1395.857    0.000  -0.139   0.381   0.
  2017 352  9 47 22 489 352.407899184      -5.32      0.87     -4.36  0.       -5314.234       3267.206      -1397.566    0.000  -0.139   0.381   0.
  2017 352  9 47 23 489 352.407910758      -5.14      0.93     -4.41  0.       -5313.451       3265.378      -1399.275    0.000  -0.139   0.381   0.
  2017 352  9 47 24 489 352.407922332      -4.93      0.98     -4.32  0.       -5312.667       3263.549      -1400.984    0.000  -0.139   0.381   0.
  2017 352  9 47 25 489 352.407933906      -4.77      0.95     -4.36  0.       -5311.883       3261.720      -1402.693    0.000  -0.139   0.381   0.
  2017 352  9 47 26 489 352.407945480      -4.81      0.98     -4.42  0.       -5311.097       3259.890      -1404.401    0.000  -0.139   0.381   0.
  2017 352  9 47 27 489 352.407957054      -4.74      1.03     -4.41  0.       -5310.311       3258.060      -1406.109    0.000  -0.139   0.381   0.
  2017 352  9 47 28 489 352.407968629      -4.67      1.04     -4.28  0.       -5309.523       3256.229      -1407.817    0.000  -0.139   0.381   0.
  2017 352  9 47 29 489 352.407980203      -4.76      1.00     -4.17  0.       -5308.735       3254.398      -1409.525    0.000  -0.139   0.381   0.
  2017 352  9 47 30 489 352.407991777      -4.77      1.03     -4.08  0.       -5307.946       3252.566      -1411.232    0.000  -0.139   0.381   0.
  2017 352  9 47 31 489 352.408003351      -4.86      0.97     -4.03  0.       -5307.156       3250.734      -1412.940    0.000  -0.139   0.381   0.
  2017 352  9 47 32 489 352.408014925      -4.84      0.99     -3.92  0.       -5306.365       3248.901      -1414.647    0.000  -0.139   0.381   0.
  2017 352  9 47 33 489 352.408026499      -4.78      0.93     -3.70  0.       -5305.573       3247.068      -1416.354    0.000  -0.139   0.381   0.
  2017 352  9 47 34 489 352.408038073      -4.88      0.93     -3.46  0.       -5304.781       3245.234      -1418.060    0.000  -0.139   0.381   0.
  2017 352  9 47 35 489 352.408049647      -4.82      1.01     -3.33  0.       -5303.987       3243.399      -1419.766    0.000  -0.139   0.381   0.
  2017 352  9 47 36 489 352.408061221      -4.92      1.12     -3.22  0.       -5303.193       3241.564      -1421.473    0.000  -0.139   0.381   0.
  2017 352  9 47 37 489 352.408072795      -5.02      1.07     -3.21  0.       -5302.398       3239.729      -1423.178    0.000  -0.139   0.381   0.
  2017 352  9 47 38 489 352.408084369      -5.07      0.98     -3.30  0.       -5301.602       3237.893      -1424.884    0.000  -0.139   0.381   0.
  2017 352  9 47 39 489 352.408095943      -5.04      0.83     -3.40  0.       -5300.805       3236.056      -1426.589    0.000  -0.139   0.381   0.
  2017 352  9 47 40 489 352.408107514      -5.04      0.78     -3.49  0.       -5300.007       3234.219      -1428.295    0.000  -0.139   0.381   0.
  2017 352  9 47 41 489 352.408119089      -5.03      0.66     -3.39  0.       -5299.208       3232.381      -1429.999    0.000  -0.139   0.381   0.
  2017 352  9 47 42 489 352.408130663      -5.08      0.64     -3.47  0.       -5298.409       3230.543      -1431.704    0.000  -0.139   0.381   0.
  2017 352  9 47 43 489 352.408142237      -4.95      0.66     -3.74  0.       -5297.608       3228.704      -1433.409    0.000  -0.139   0.381   0.
  2017 352  9 47 44 489 352.408153811      -4.92      0.77     -3.78  0.       -5296.807       3226.865      -1435.113    0.000  -0.139   0.381   0.
  2017 352  9 47 45 489 352.408165385      -4.97      0.84     -3.67  0.       -5296.004       3225.025      -1436.817    0.000  -0.139   0.381   0.
  2017 352  9 47 46 489 352.408176959      -4.90      0.70     -3.54  0.       -5295.201       3223.185      -1438.521    0.000  -0.139   0.381   0.
  2017 352  9 47 47 489 352.408188533      -4.77      0.44     -3.27  0.       -5294.397       3221.344      -1440.224    0.000  -0.139   0.381   0.
  2017 352  9 47 48 489 352.408200107      -4.79      0.28     -2.80  0.       -5293.592       3219.503      -1441.927    0.000  -0.139   0.381   0.
  2017 352  9 47 49 489 352.408211681      -4.99      0.15     -3.00  0.       -5292.787       3217.661      -1443.630    0.000  -0.139   0.381   0.
  2017 352  9 47 50 489 352.408223255      -5.03      0.16     -3.23  0.       -5291.980       3215.818      -1445.333    0.000  -0.139   0.381   0.
  2017 352  9 47 51 489 352.408234829      -4.99      0.25     -3.32  0.       -5291.173       3213.975      -1447.036    0.000  -0.139   0.381   0.
  2017 352  9 47 52 489 352.408246403      -5.00      0.32     -3.33  0.       -5290.364       3212.132      -1448.738    0.000  -0.139   0.381   0.
  2017 352  9 47 53 489 352.408257977      -4.90      0.34     -3.27  0.       -5289.555       3210.287      -1450.440    0.000  -0.139   0.381   0.
  2017 352  9 47 54 489 352.408269552      -4.86      0.36     -3.28  0.       -5288.745       3208.443      -1452.142    0.000  -0.139   0.381   0.
  2017 352  9 47 55 489 352.408281126      -4.76      0.36     -3.25  0.       -5287.934       3206.597      -1453.843    0.000  -0.139   0.381   0.
  2017 352  9 47 56 489 352.408292700      -4.58      0.37     -3.31  0.       -5287.122       3204.752      -1455.544    0.000  -0.139   0.381   0.
  2017 352  9 47 57 489 352.408304274      -4.55      0.44     -3.20  0.       -5286.309       3202.906      -1457.246    0.000  -0.139   0.381   0.
  2017 352  9 47 58 489 352.408315848      -4.71      0.43     -3.23  0.       -5285.495       3201.059      -1458.946    0.000  -0.139   0.381   0.
  2017 352  9 47 59 489 352.408327422      -4.83      0.49     -3.18  0.       -5284.681       3199.212      -1460.647    0.000  -0.139   0.381   0.
  2017 352  9 48  0 489 352.408338996      -4.89      0.56     -3.12  0.       -5283.865       3197.364      -1462.347    0.000  -0.139   0.381   0.
  2017 352  9 48  1 489 352.408350570      -4.83      0.74     -3.11  0.       -5283.049       3195.515      -1464.047    0.000  -0.139   0.381   0.
  2017 352  9 48  2 489 352.408362144      -4.67      0.88     -3.06  0.       -5282.232       3193.666      -1465.747    0.000  -0.139   0.381   0.
  2017 352  9 48  3 489 352.408373718      -4.68      0.97     -2.98  0.       -5281.414       3191.817      -1467.447    0.000  -0.139   0.381   0.
  2017 352  9 48  4 489 352.408385292      -4.77      1.02     -3.14  0.       -5280.595       3189.967      -1469.146    0.000  -0.139   0.381   0.
  2017 352  9 48  5 489 352.408396866      -4.61      1.06     -3.45  0.       -5279.775       3188.116      -1470.845    0.000  -0.139   0.381   0.
  2017 352  9 48  6 489 352.408408440      -4.57      1.06     -3.55  0.       -5278.954       3186.265      -1472.544    0.000  -0.139   0.381   0.
  2017 352  9 48  7 489 352.408420014      -4.62      1.10     -3.62  0.       -5278.132       3184.414      -1474.243    0.000  -0.139   0.381   0.
  2017 352  9 48  8 488 352.408431586      -4.57      1.08     -3.83  0.       -5277.310       3182.562      -1475.941    0.000  -0.139   0.381   0.
  2017 352  9 48  9 489 352.408443160      -4.58      1.03     -3.95  0.       -5276.486       3180.709      -1477.639    0.000  -0.139   0.381   0.
  2017 352  9 48 10 489 352.408454734      -4.59      1.00     -3.97  0.       -5275.662       3178.856      -1479.337    0.000  -0.139   0.381   0.
  2017 352  9 48 11 489 352.408466308      -4.62      0.98     -4.04  0.       -5274.837       3177.002      -1481.035    0.000  -0.139   0.381   0.
  2017 352  9 48 12 489 352.408477882      -4.61      1.00     -4.17  0.       -5274.011       3175.148      -1482.732    0.000  -0.139   0.381   0.
  2017 352  9 48 13 488 352.408489456      -4.66      0.96     -4.33  0.       -5273.184       3173.293      -1484.429    0.000  -0.139   0.381   0.
  2017 352  9 48 14 488 352.408501030      -4.66      0.97     -4.50  0.       -5272.356       3171.438      -1486.126    0.000  -0.139   0.381   0.
  2017 352  9 48 15 488 352.408512604      -4.67      0.99     -4.49  0.       -5271.527       3169.582      -1487.822    0.000  -0.139   0.381   0.
  2017 352  9 48 16 488 352.408524178      -4.56      0.96     -4.42  0.       -5270.697       3167.725      -1489.518    0.000  -0.139   0.381   0.
  2017 352  9 48 17 488 352.408535752      -4.46      0.98     -4.30  0.       -5269.867       3165.868      -1491.215    0.000  -0.139   0.381   0.
  2017 352  9 48 18 489 352.408547326      -4.38      1.06     -4.21  0.       -5269.035       3164.011      -1492.910    0.000  -0.139   0.381   0.
  2017 352  9 48 19 489 352.408558900      -4.09      0.98     -4.31  0.       -5268.203       3162.153      -1494.607    0.000  -0.139   0.381   0.
  2017 352  9 48 20 488 352.408570475      -3.89      0.82     -4.43  0.       -5267.370       3160.294      -1496.302    0.000  -0.139   0.381   0.
  2017 352  9 48 21 488 352.408582049      -3.85      0.78     -4.38  0.       -5266.536       3158.435      -1497.997    0.000  -0.139   0.381   0.
  2017 352  9 48 22 489 352.408593623      -3.87      0.66     -4.31  0.       -5265.701       3156.575      -1499.692    0.000  -0.139   0.381   0.
  2017 352  9 48 23 489 352.408605197      -3.91      0.65     -4.19  0.       -5264.865       3154.715      -1501.386    0.000  -0.139   0.381   0.
  2017 352  9 48 24 489 352.408616771      -3.89      0.58     -4.21  0.       -5264.028       3152.855      -1503.081    0.000  -0.139   0.381   0.
  2017 352  9 48 25 489 352.408628345      -3.84      0.58     -4.18  0.       -5263.190       3150.993      -1504.775    0.000  -0.139   0.381   0.
  2017 352  9 48 26 489 352.408639919      -3.83      0.59     -4.09  0.       -5262.352       3149.131      -1506.468    0.000  -0.139   0.381   0.
  2017 352  9 48 27 488 352.408651493      -3.91      0.49     -4.20  0.       -5261.512       3147.269      -1508.162    0.000  -0.139   0.381   0.
  2017 352  9 48 28 488 352.408663067      -3.95      0.45     -4.35  0.       -5260.672       3145.406      -1509.855    0.000  -0.139   0.381   0.
  2017 352  9 48 29 488 352.408674641      -4.16      0.33     -4.18  0.       -5259.831       3143.543      -1511.548    0.000  -0.139   0.381   0.
  2017 352  9 48 30 488 352.408686215      -4.21      0.31     -4.34  0.       -5258.989       3141.679      -1513.241    0.000  -0.139   0.381   0.
  2017 352  9 48 31 489 352.408697789      -4.04      0.46     -4.50  0.       -5258.145       3139.815      -1514.933    0.000  -0.139   0.381   0.
  2017 352  9 48 32 489 352.408709363      -3.95      0.60     -4.33  0.       -5257.301       3137.950      -1516.626    0.000  -0.139   0.381   0.
  2017 352  9 48 33 488 352.408720938      -3.94      0.57     -4.43  0.       -5256.457       3136.084      -1518.318    0.000  -0.139   0.381   0.
  2017 352  9 48 34 488 352.408732512      -3.94      0.55     -4.39  0.       -5255.611       3134.218      -1520.010    0.000  -0.139   0.381   0.
  2017 352  9 48 35 489 352.408744086      -3.92      0.57     -4.19  0.       -5254.764       3132.351      -1521.701    0.000  -0.139   0.381   0.
  2017 352  9 48 36 489 352.408755660      -3.89      0.58     -4.11  0.       -5253.916       3130.484      -1523.392    0.000  -0.139   0.381   0.
  2017 352  9 48 37 489 352.408767234      -3.77      0.59     -4.07  0.       -5253.068       3128.617      -1525.083    0.000  -0.139   0.381   0.
  2017 352  9 48 38 489 352.408778805      -3.80      0.52     -3.99  0.       -5252.219       3126.748      -1526.774    0.000  -0.139   0.381   0.
  2017 352  9 48 39 488 352.408790379      -3.85      0.49     -3.90  0.       -5251.369       3124.880      -1528.464    0.000  -0.139   0.381   0.
  2017 352  9 48 40 488 352.408801953      -3.96      0.54     -3.95  0.       -5250.518       3123.010      -1530.154    0.000  -0.139   0.381   0.
  2017 352  9 48 41 488 352.408813527      -4.15      0.63     -4.07  0.       -5249.666       3121.141      -1531.844    0.000  -0.139   0.381   0.
  2017 352  9 48 42 488 352.408825101      -4.31      0.74     -4.13  0.       -5248.813       3119.270      -1533.534    0.000  -0.139   0.381   0.
  2017 352  9 48 43 488 352.408836675      -4.26      0.94     -4.16  0.       -5247.959       3117.399      -1535.223    0.000  -0.139   0.381   0.
  2017 352  9 48 44 488 352.408848249      -4.19      1.07     -4.16  0.       -5247.104       3115.528      -1536.912    0.000  -0.139   0.381   0.
  2017 352  9 48 45 488 352.408859823      -4.08      1.08     -4.19  0.       -5246.248       3113.656      -1538.601    0.000  -0.139   0.381   0.
  2017 352  9 48 46 488 352.408871398      -3.99      1.02     -4.13  0.       -5245.392       3111.784      -1540.290    0.000  -0.139   0.381   0.
  2017 352  9 48 47 488 352.408882972      -3.88      1.04     -4.11  0.       -5244.534       3109.911      -1541.978    0.000  -0.139   0.381   0.
  2017 352  9 48 48 488 352.408894546      -3.80      1.02     -4.14  0.       -5243.676       3108.037      -1543.666    0.000  -0.139   0.381   0.
  2017 352  9 48 49 488 352.408906120      -3.71      1.06     -4.13  0.       -5242.817       3106.163      -1545.354    0.000  -0.139   0.381   0.
  2017 352  9 48 50 488 352.408917694      -3.51      1.05     -4.15  0.       -5241.957       3104.288      -1547.041    0.000  -0.139   0.381   0.
  2017 352  9 48 51 488 352.408929268      -3.32      1.01     -4.29  0.       -5241.096       3102.413      -1548.729    0.000  -0.139   0.381   0.
  2017 352  9 48 52 488 352.408940842      -3.22      1.06     -4.49  0.       -5240.234       3100.537      -1550.416    0.000  -0.139   0.381   0.
  2017 352  9 48 53 488 352.408952416      -3.12      1.14     -4.49  0.       -5239.371       3098.661      -1552.102    0.000  -0.139   0.381   0.
  2017 352  9 48 54 488 352.408963990      -3.03      1.20     -4.46  0.       -5238.507       3096.784      -1553.789    0.000  -0.139   0.381   0.
  2017 352  9 48 55 488 352.408975564      -3.00      1.21     -4.52  0.       -5237.642       3094.907      -1555.475    0.000  -0.139   0.381   0.
  2017 352  9 48 56 488 352.408987138      -2.89      1.21     -4.47  0.       -5236.777       3093.029      -1557.161    0.000  -0.139   0.381   0.
  2017 352  9 48 57 488 352.408998712      -2.86      1.14     -4.43  0.       -5235.910       3091.151      -1558.847    0.000  -0.139   0.381   0.
  2017 352  9 48 58 488 352.409010286      -2.92      1.06     -4.49  0.       -5235.043       3089.272      -1560.532    0.000  -0.139   0.381   0.
  2017 352  9 48 59 488 352.409021861      -2.98      1.01     -4.48  0.       -5234.175       3087.393      -1562.217    0.000  -0.139   0.381   0.
  2017 352  9 49  0 488 352.409033435      -3.02      1.10     -4.54  0.       -5233.306       3085.513      -1563.902    0.000  -0.139   0.381   0.
  2017 352  9 49  1 488 352.409045009      -3.09      1.05     -4.41  0.       -5232.435       3083.632      -1565.586    0.000  -0.139   0.381   0.
  2017 352  9 49  2 488 352.409056583      -3.25      1.06     -4.42  0.       -5231.564       3081.751      -1567.271    0.000  -0.139   0.381   0.
  2017 352  9 49  3 488 352.409068157      -3.38      1.03     -4.40  0.       -5230.692       3079.869      -1568.955    0.000  -0.139   0.381   0.
  2017 352  9 49  4 488 352.409079731      -3.41      1.02     -4.29  0.       -5229.820       3077.987      -1570.638    0.000  -0.138   0.380   0.
  2017 352  9 49  5 488 352.409091305      -3.38      0.95     -4.25  0.       -5228.946       3076.105      -1572.322    0.000  -0.138   0.380   0.
  2017 352  9 49  6 488 352.409102879      -3.44      0.85     -4.30  0.       -5228.071       3074.222      -1574.005    0.000  -0.138   0.380   0.
  2017 352  9 49  7 488 352.409114453      -3.49      0.74     -4.29  0.       -5227.196       3072.338      -1575.688    0.000  -0.138   0.380   0.
  2017 352  9 49  8 488 352.409126024      -3.60      0.60     -4.27  0.       -5226.319       3070.454      -1577.371    0.000  -0.138   0.380   0.
  2017 352  9 49  9 488 352.409137598      -3.74      0.63     -4.28  0.       -5225.442       3068.569      -1579.053    0.000  -0.138   0.380   0.
  2017 352  9 49 10 488 352.409149172      -3.83      0.62     -4.28  0.       -5224.564       3066.683      -1580.735    0.000  -0.138   0.379   0.
  2017 352  9 49 11 488 352.409160747      -3.94      0.59     -4.18  0.       -5223.684       3064.798      -1582.417    0.000  -0.138   0.379   0.
  2017 352  9 49 12 488 352.409172321      -3.99      0.57     -4.11  0.       -5222.804       3062.911      -1584.098    0.000  -0.138   0.378   0.
  2017 352  9 49 13 488 352.409183895      -4.03      0.54     -4.10  0.       -5221.923       3061.024      -1585.780    0.000  -0.138   0.378   0.
  2017 352  9 49 14 488 352.409195469      -4.01      0.58     -4.15  0.       -5221.041       3059.137      -1587.461    0.000  -0.137   0.377   0.
  2017 352  9 49 15 488 352.409207043      -3.94      0.65     -4.13  0.       -5220.159       3057.249      -1589.141    0.000  -0.137   0.377   0.
  2017 352  9 49 16 488 352.409218617      -3.89      0.81     -4.17  0.       -5219.275       3055.360      -1590.822    0.000  -0.136   0.374   0.
  2017 352  9 49 17 488 352.409230191      -3.85      0.93     -4.18  0.       -5218.390       3053.471      -1592.502    0.000  -0.136   0.374   0.
  2017 352  9 49 18 488 352.409241765      -3.77      0.94     -4.14  0.       -5217.505       3051.582      -1594.182    0.000  -0.133   0.366   0.
  2017 352  9 49 19 488 352.409253339      -3.74      0.99     -4.24  0.       -5216.618       3049.691      -1595.861    0.000  -0.133   0.366   0.
  2017 352  9 49 20 488 352.409264913      -3.67      1.02     -4.37  0.       -5215.731       3047.801      -1597.540    0.000  -0.130   0.358   0.
  2017 352  9 49 21 488 352.409276487      -3.64      1.11     -4.58  0.       -5214.842       3045.910      -1599.220    0.000  -0.130   0.358   0.
  2017 352  9 49 22 488 352.409288061      -3.57      1.19     -4.75  0.       -5213.953       3044.018      -1600.898    0.000  -0.128   0.351   0.
  2017 352  9 49 23 488 352.409299635      -3.69      1.19     -4.93  0.       -5213.063       3042.125      -1602.577    0.000  -0.128   0.351   0.
  2017 352  9 49 24 488 352.409311210      -3.88      1.05     -4.82  0.       -5212.172       3040.233      -1604.255    0.000  -0.125   0.342   0.
  2017 352  9 49 25 488 352.409322784      -4.01      0.97     -4.77  0.       -5211.280       3038.339      -1605.933    0.000  -0.125   0.342   0.
  2017 352  9 49 26 488 352.409334358      -4.23      0.80     -4.70  0.       -5210.387       3036.445      -1607.610    0.000  -0.122   0.334   0.
  2017 352  9 49 27 488 352.409345932      -4.46      0.79     -4.64  0.       -5209.493       3034.551      -1609.288    0.000  -0.122   0.334   0.
  2017 352  9 49 28 488 352.409357506      -4.61      0.75     -4.46  0.       -5208.598       3032.656      -1610.965    0.000  -0.118   0.325   0.
  2017 352  9 49 29 488 352.409369080      -4.65      0.58     -4.38  0.       -5207.703       3030.761      -1612.641    0.000  -0.118   0.325   0.
  2017 352  9 49 30 488 352.409380654      -4.78      0.55     -4.27  0.       -5206.806       3028.865      -1614.318    0.000  -0.115   0.316   0.
  2017 352  9 49 31 488 352.409392228      -4.95      0.45     -4.04  0.       -5205.909       3026.968      -1615.994    0.000  -0.115   0.316   0.
  2017 352  9 49 32 488 352.409403802      -5.07      0.23     -3.74  0.       -5205.010       3025.071      -1617.670    0.000  -0.111   0.306   0.
  2017 352  9 49 33 488 352.409415376      -5.18      0.01     -3.49  0.       -5204.111       3023.173      -1619.346    0.000  -0.111   0.306   0.
  2017 352  9 49 34 488 352.409426950      -5.18     -0.03     -3.25  0.       -5203.211       3021.275      -1621.021    0.000  -0.107   0.295   0.
  2017 352  9 49 35 488 352.409438524      -5.05      0.13     -3.14  0.       -5202.309       3019.376      -1622.696    0.000  -0.107   0.295   0.
  2017 352  9 49 36 488 352.409450098      -5.00      0.02     -3.21  0.       -5201.407       3017.477      -1624.371    0.000  -0.103   0.284   0.
  2017 352  9 49 37 488 352.409461673      -4.84     -0.17     -3.53  0.       -5200.504       3015.577      -1626.045    0.000  -0.103   0.284   0.
  2017 352  9 49 38 488 352.409473244      -4.73      0.00     -3.79  0.       -5199.600       3013.677      -1627.719    0.000  -0.098   0.270   0.
  2017 352  9 49 39 488 352.409484818      -4.78     -0.12     -4.02  0.       -5198.696       3011.776      -1629.393    0.000  -0.098   0.270   0.
  2017 352  9 49 40 488 352.409496392      -4.64     -0.66     -4.13  0.       -5197.790       3009.875      -1631.067    0.000  -0.094   0.258   0.
  2017 352  9 49 41 488 352.409507966      -4.53     -0.83     -3.78  0.       -5196.883       3007.973      -1632.740    0.000  -0.094   0.258   0.
  2017 352  9 49 42 488 352.409519540      -4.34     -1.17     -3.43  0.       -5195.975       3006.071      -1634.413    0.000  -0.089   0.246   0.
  2017 352  9 49 43 488 352.409531114      -4.52     -1.27     -3.05  0.       -5195.067       3004.168      -1636.086    0.000  -0.089   0.246   0.
  2017 352  9 49 44 488 352.409542688      -4.97     -1.28     -2.71  0.       -5194.157       3002.264      -1637.758    0.000  -0.085   0.234   0.
  2017 352  9 49 45 488 352.409554262      -5.23     -1.46     -2.67  0.       -5193.247       3000.360      -1639.430    0.000  -0.085   0.234   0.
  2017 352  9 49 46 488 352.409565836      -5.51     -1.59     -2.69  0.       -5192.336       2998.456      -1641.102    0.000  -0.081   0.223   0.
  2017 352  9 49 47 488 352.409577410      -5.62     -1.89     -2.90  0.       -5191.423       2996.550      -1642.774    0.000  -0.081   0.223   0.
  2017 352  9 49 48 488 352.409588984      -5.50     -1.90     -2.99  0.       -5190.510       2994.645      -1644.445    0.000  -0.077   0.212   0.
  2017 352  9 49 49 488 352.409600558      -5.52     -1.80     -3.11  0.       -5189.596       2992.739      -1646.116    0.000  -0.077   0.212   0.
  2017 352  9 49 50 488 352.409612133      -5.73     -1.70     -3.16  0.       -5188.681       2990.832      -1647.786    0.000  -0.072   0.199   0.
  2017 352  9 49 51 488 352.409623707      -5.88     -1.60     -3.09  0.       -5187.765       2988.925      -1649.457    0.000  -0.072   0.199   0.
  2017 352  9 49 52 488 352.409635281      -5.82     -1.37     -3.19  0.       -5186.848       2987.017      -1651.127    0.000  -0.067   0.184   0.
  2017 352  9 49 53 488 352.409646855      -5.59     -1.13     -3.43  0.       -5185.931       2985.109      -1652.797    0.000  -0.067   0.184   0.
  2017 352  9 49 54 488 352.409658429      -5.68     -0.87     -3.66  0.       -5185.012       2983.200      -1654.466    0.000  -0.061   0.168   0.
  2017 352  9 49 55 488 352.409670003      -5.98     -0.87     -3.71  0.       -5184.092       2981.290      -1656.135    0.000  -0.061   0.167   0.
  2017 352  9 49 56 488 352.409681577      -6.01     -0.87     -3.64  0.       -5183.172       2979.380      -1657.804    0.000  -0.054   0.149   0.
  2017 352  9 49 57 488 352.409693151      -6.07     -0.68     -3.65  0.       -5182.250       2977.470      -1659.473    0.000  -0.054   0.148   0.
  2017 352  9 49 58 488 352.409704725      -6.18     -0.51     -3.55  0.       -5181.328       2975.559      -1661.141    0.000  -0.047   0.131   0.
  2017 352  9 49 59 488 352.409716299      -6.28     -0.44     -3.54  0.       -5180.404       2973.647      -1662.809    0.000  -0.047   0.130   0.
  2017 352  9 50  0 488 352.409727873      -6.22     -0.36     -3.58  0.       -5179.480       2971.735      -1664.477    0.000  -0.041   0.113   0.
  2017 352  9 50  1 488 352.409739447      -6.25     -0.35     -3.79  0.       -5178.555       2969.823      -1666.144    0.000  -0.041   0.112   0.
  2017 352  9 50  2 488 352.409751021      -6.08     -0.29     -3.93  0.       -5177.629       2967.910      -1667.811    0.000  -0.035   0.096   0.
  2017 352  9 50  3 488 352.409762595      -5.98     -0.26     -3.95  0.       -5176.702       2965.996      -1669.478    0.000  -0.035   0.095   0.
  2017 352  9 50  4 488 352.409774170      -5.97     -0.24     -3.88  0.       -5175.774       2964.082      -1671.144    0.000  -0.029   0.079   0.
  2017 352  9 50  5 488 352.409785744      -5.83     -0.06     -3.90  0.       -5174.844       2962.167      -1672.811    0.000  -0.029   0.078   0.
  2017 352  9 50  6 488 352.409797318      -5.67      0.12     -4.00  0.       -5173.915       2960.252      -1674.476    0.000  -0.023   0.064   0.
  2017 352  9 50  7 488 352.409808892      -5.50      0.23     -4.24  0.       -5172.984       2958.336      -1676.142    0.000  -0.023   0.064   0.
  2017 352  9 50  8 488 352.409820466      -5.46      0.25     -4.33  0.       -5172.052       2956.420      -1677.807    0.000  -0.018   0.050   0.
  2017 352  9 50  9 488 352.409832040      -5.39      0.37     -4.43  0.       -5171.119       2954.503      -1679.472    0.000  -0.018   0.050   0.
  2017 352  9 50 10 487 352.409843611      -5.35      0.44     -4.50  0.       -5170.186       2952.586      -1681.137    0.000  -0.014   0.038   0.
  2017 352  9 50 11 487 352.409855185      -5.37      0.51     -4.50  0.       -5169.251       2950.668      -1682.801    0.000  -0.014   0.038   0.
  2017 352  9 50 12 487 352.409866759      -5.37      0.62     -4.55  0.       -5168.316       2948.749      -1684.465    0.000  -0.010   0.027   0.
  2017 352  9 50 13 487 352.409878333      -5.43      0.68     -4.60  0.       -5167.379       2946.830      -1686.129    0.000  -0.010   0.027   0.
  2017 352  9 50 14 488 352.409889907      -5.48      0.74     -4.63  0.       -5166.442       2944.911      -1687.792    0.000  -0.006   0.017   0.
  2017 352  9 50 15 488 352.409901482      -5.54      0.68     -4.63  0.       -5165.504       2942.991      -1689.456    0.000  -0.006   0.017   0.
  2017 352  9 50 16 487 352.409913056      -5.71      0.69     -4.55  0.       -5164.564       2941.070      -1691.118    0.000  -0.004   0.010   0.
  2017 352  9 50 17 487 352.409924630      -5.83      0.73     -4.54  0.       -5163.624       2939.149      -1692.781    0.000  -0.004   0.010   0.
  2017 352  9 50 18 488 352.409936204      -5.80      0.75     -4.58  0.       -5162.683       2937.227      -1694.443    0.000  -0.002   0.005   0.
  2017 352  9 50 19 488 352.409947778      -5.88      0.83     -4.56  0.       -5161.741       2935.305      -1696.105    0.000  -0.002   0.005   0.
  2017 352  9 50 20 488 352.409959352      -5.90      0.90     -4.51  0.       -5160.798       2933.382      -1697.767    0.000  -0.001   0.002   0.
  2017 352  9 50 21 488 352.409970926      -5.88      0.96     -4.52  0.       -5159.854       2931.459      -1699.428    0.000  -0.001   0.002   0.
  2017 352  9 50 22 488 352.409982500      -5.88      1.00     -4.56  0.       -5158.909       2929.535      -1701.089    0.000  -0.000   0.001   0.
  2017 352  9 50 23 487 352.409994074      -5.89      1.01     -4.66  0.       -5157.963       2927.611      -1702.750    0.000   0.000   0.001   0.
  2017 352  9 50 24 487 352.410005648      -5.86      1.15     -4.67  0.       -5157.017       2925.686      -1704.410    0.000   0.000   0.000   0.
  2017 352  9 50 25 487 352.410017222      -5.84      1.24     -4.69  0.       -5156.069       2923.761      -1706.070    0.000   0.000   0.000   0.
  2017 352  9 50 26 487 352.410028796      -5.79      1.31     -4.79  0.       -5155.120       2921.835      -1707.730    0.000   0.000   0.000   0.
  2017 352  9 50 27 488 352.410040370      -5.81      1.21     -4.65  0.       -5154.171       2919.908      -1709.389    0.000   0.000   0.000   0.
  2017 352  9 50 28 488 352.410051944      -6.00      1.13     -4.49  0.       -5153.220       2917.981      -1711.048    0.000   0.000   0.000   0.
  2017 352  9 50 29 487 352.410063519      -6.09      1.08     -4.47  0.       -5152.269       2916.054      -1712.707    0.000   0.000   0.000   0.
  2017 352  9 50 30 487 352.410075093      -6.07      1.24     -4.43  0.       -5151.316       2914.126      -1714.365    0.000   0.000   0.000   0.
  2017 352  9 50 31 488 352.410086667      -6.06      1.36     -4.43  0.       -5150.363       2912.197      -1716.024    0.000   0.000   0.000   0.
  2017 352  9 50 32 488 352.410098241      -6.08      1.56     -4.45  0.       -5149.409       2910.268      -1717.681    0.000   0.000   0.000   0.
  2017 352  9 50 33 488 352.410109815      -6.12      1.57     -4.43  0.       -5148.454       2908.338      -1719.339    0.000   0.000   0.000   0.
  2017 352  9 50 34 488 352.410121389      -6.28      1.25     -4.27  0.       -5147.497       2906.408      -1720.996    0.000   0.000   0.000   0.
  2017 352  9 50 35 488 352.410132963      -6.40      1.16     -4.18  0.       -5146.540       2904.477      -1722.653    0.000   0.000   0.000   0.
  2017 352  9 50 36 487 352.410144537      -6.51      1.25     -4.18  0.       -5145.582       2902.546      -1724.310    0.000   0.000   0.000   0.
  2017 352  9 50 37 487 352.410156111      -6.54      1.14     -4.08  0.       -5144.623       2900.614      -1725.966    0.000   0.000   0.000   0.
  2017 352  9 50 38 487 352.410167685      -6.66      1.10     -3.93  0.       -5143.663       2898.682      -1727.622    0.000   0.000   0.000   0.
  2017 352  9 50 39 487 352.410179259      -6.74      1.10     -3.82  0.       -5142.703       2896.749      -1729.277    0.000   0.000   0.000   0.
  2017 352  9 50 40 487 352.410190831      -6.81      1.12     -3.79  0.       -5141.741       2894.816      -1730.933    0.000   0.000   0.000   0.
  2017 352  9 50 41 487 352.410202404      -6.86      1.12     -3.71  0.       -5140.778       2892.882      -1732.588    0.000   0.000   0.000   0.
  2017 352  9 50 42 487 352.410213979      -6.89      1.06     -3.74  0.       -5139.814       2890.947      -1734.242    0.000   0.000   0.000   0.
  2017 352  9 50 43 487 352.410225553      -6.93      0.99     -3.79  0.       -5138.850       2889.012      -1735.897    0.000   0.000   0.000   0.
  2017 352  9 50 44 487 352.410237127      -6.89      0.97     -3.79  0.       -5137.884       2887.077      -1737.551    0.000   0.000   0.000   0.
  2017 352  9 50 45 487 352.410248701      -6.93      0.87     -3.81  0.       -5136.917       2885.141      -1739.204    0.000   0.000   0.000   0.
  2017 352  9 50 46 487 352.410260275      -6.86      0.84     -3.96  0.       -5135.950       2883.204      -1740.858    0.000   0.000   0.000   0.
  2017 352  9 50 47 487 352.410271849      -6.83      0.83     -4.09  0.       -5134.981       2881.267      -1742.511    0.000   0.000   0.000   0.
  2017 352  9 50 48 487 352.410283423      -6.83      0.81     -4.10  0.       -5134.012       2879.329      -1744.164    0.000   0.000   0.000   0.
  2017 352  9 50 49 487 352.410294997      -6.80      0.81     -4.14  0.       -5133.042       2877.391      -1745.816    0.000   0.000   0.000   0.
  2017 352  9 50 50 487 352.410306571      -6.72      0.93     -4.18  0.       -5132.070       2875.453      -1747.468    0.000   0.000   0.000   0.
  2017 352  9 50 51 487 352.410318145      -6.69      1.00     -4.11  0.       -5131.098       2873.513      -1749.120    0.000   0.000   0.000   0.
  2017 352  9 50 52 487 352.410329719      -6.70      1.02     -4.11  0.       -5130.125       2871.574      -1750.771    0.000   0.000   0.000   0.
  2017 352  9 50 53 487 352.410341293      -6.66      0.98     -4.11  0.       -5129.151       2869.633      -1752.422    0.000   0.000   0.000   0.
  2017 352  9 50 54 487 352.410352867      -6.63      1.00     -4.08  0.       -5128.176       2867.692      -1754.073    0.000   0.000   0.000   0.
  2017 352  9 50 55 487 352.410364442      -6.62      0.97     -4.09  0.       -5127.199       2865.751      -1755.724    0.000   0.000   0.000   0.
  2017 352  9 50 56 487 352.410376016      -6.60      0.93     -4.04  0.       -5126.223       2863.809      -1757.374    0.000   0.000   0.000   0.
  2017 352  9 50 57 487 352.410387590      -6.55      0.91     -3.99  0.       -5125.245       2861.867      -1759.024    0.000   0.000   0.000   0.
  2017 352  9 50 58 487 352.410399164      -6.51      0.86     -4.00  0.       -5124.266       2859.924      -1760.673    0.000   0.000   0.000   0.
  2017 352  9 50 59 487 352.410410738      -6.51      0.89     -3.97  0.       -5123.286       2857.980      -1762.322    0.000   0.000   0.000   0.
  2017 352  9 51  0 487 352.410422312      -6.52      0.92     -3.96  0.       -5122.305       2856.036      -1763.971    0.000   0.000   0.000   0.
  2017 352  9 51  1 487 352.410433886      -6.57      0.90     -3.92  0.       -5121.323       2854.091      -1765.620    0.000   0.000   0.000   0.
  2017 352  9 51  2 487 352.410445460      -6.56      0.88     -3.93  0.       -5120.341       2852.146      -1767.267    0.000   0.000   0.000   0.
  2017 352  9 51  3 487 352.410457034      -6.60      0.87     -3.89  0.       -5119.357       2850.201      -1768.915    0.000   0.000   0.000   0.
  2017 352  9 51  4 487 352.410468608      -6.58      0.88     -3.87  0.       -5118.372       2848.255      -1770.563    0.000   0.000   0.000   0.
  2017 352  9 51  5 487 352.410480182      -6.55      0.92     -3.86  0.       -5117.387       2846.308      -1772.210    0.000   0.000   0.000   0.
  2017 352  9 51  6 487 352.410491756      -6.59      0.93     -3.89  0.       -5116.400       2844.361      -1773.857    0.000   0.000   0.000   0.
  2017 352  9 51  7 487 352.410503330      -6.60      0.95     -3.92  0.       -5115.412       2842.413      -1775.503    0.000   0.000   0.000   0.
  2017 352  9 51  8 487 352.410514902      -6.61      0.95     -3.99  0.       -5114.424       2840.465      -1777.150    0.000   0.000   0.000   0.
  2017 352  9 51  9 487 352.410526476      -6.61      0.90     -4.08  0.       -5113.435       2838.516      -1778.795    0.000   0.000   0.000   0.
  2017 352  9 51 10 487 352.410538050      -6.53      0.92     -4.13  0.       -5112.444       2836.566      -1780.441    0.000   0.000   0.000   0.
  2017 352  9 51 11 487 352.410549624      -6.45      0.88     -4.23  0.       -5111.453       2834.616      -1782.086    0.000   0.000   0.000   0.
  2017 352  9 51 12 487 352.410561198      -6.37      0.87     -4.25  0.       -5110.461       2832.666      -1783.731    0.000   0.000   0.000   0.
  2017 352  9 51 13 487 352.410572772      -6.35      0.88     -4.22  0.       -5109.467       2830.715      -1785.375    0.000   0.000   0.000   0.
  2017 352  9 51 14 487 352.410584346      -6.37      0.86     -4.16  0.       -5108.473       2828.764      -1787.020    0.000   0.000   0.000   0.
  2017 352  9 51 15 487 352.410595920      -6.36      0.89     -4.13  0.       -5107.478       2826.811      -1788.663    0.000   0.000   0.000   0.
  2017 352  9 51 16 487 352.410607494      -6.43      0.89     -4.02  0.       -5106.482       2824.859      -1790.307    0.000   0.000   0.000   0.
  2017 352  9 51 17 487 352.410619068      -6.52      0.92     -3.91  0.       -5105.485       2822.906      -1791.950    0.000   0.000   0.000   0.
  2017 352  9 51 18 487 352.410630642      -6.57      0.97     -3.75  0.       -5104.487       2820.952      -1793.593    0.000   0.000   0.000   0.
  2017 352  9 51 19 487 352.410642216      -6.67      0.98     -3.60  0.       -5103.488       2818.998      -1795.235    0.000   0.000   0.000   0.
  2017 352  9 51 20 487 352.410653791      -6.83      0.96     -3.46  0.       -5102.488       2817.044      -1796.877    0.000   0.000   0.000   0.
  2017 352  9 51 21 487 352.410665365      -6.93      0.90     -3.39  0.       -5101.487       2815.088      -1798.519    0.000   0.000   0.000   0.
  2017 352  9 51 22 487 352.410676939      -7.00      0.85     -3.36  0.       -5100.485       2813.133      -1800.161    0.000   0.000   0.000   0.
  2017 352  9 51 23 487 352.410688513      -7.08      0.81     -3.35  0.       -5099.482       2811.176      -1801.802    0.000   0.000   0.000   0.
  2017 352  9 51 24 487 352.410700087      -7.12      0.82     -3.33  0.       -5098.478       2809.219      -1803.443    0.000   0.000   0.000   0.
  2017 352  9 51 25 487 352.410711661      -7.13      0.81     -3.33  0.       -5097.473       2807.262      -1805.083    0.000   0.000   0.000   0.
  2017 352  9 51 26 487 352.410723235      -7.12      0.89     -3.30  0.       -5096.467       2805.304      -1806.723    0.000   0.000   0.000   0.
  2017 352  9 51 27 487 352.410734809      -7.11      0.95     -3.31  0.       -5095.461       2803.346      -1808.363    0.000   0.000   0.000   0.
  2017 352  9 51 28 487 352.410746383      -7.15      0.94     -3.34  0.       -5094.453       2801.387      -1810.002    0.000   0.000   0.000   0.
  2017 352  9 51 29 487 352.410757957      -7.17      0.87     -3.39  0.       -5093.444       2799.427      -1811.641    0.000   0.000   0.000   0.
  2017 352  9 51 30 487 352.410769531      -7.16      0.82     -3.38  0.       -5092.435       2797.467      -1813.280    0.000   0.000   0.000   0.
  2017 352  9 51 31 487 352.410781105      -7.15      0.78     -3.41  0.       -5091.424       2795.507      -1814.918    0.000   0.000   0.000   0.
  2017 352  9 51 32 487 352.410792679      -7.12      0.74     -3.48  0.       -5090.413       2793.546      -1816.556    0.000   0.000   0.000   0.
  2017 352  9 51 33 487 352.410804253      -7.14      0.71     -3.46  0.       -5089.400       2791.584      -1818.194    0.000   0.000   0.000   0.
  2017 352  9 51 34 487 352.410815827      -7.15      0.66     -3.47  0.       -5088.387       2789.622      -1819.831    0.000   0.000   0.000   0.
  2017 352  9 51 35 487 352.410827402      -7.14      0.63     -3.44  0.       -5087.372       2787.660      -1821.468    0.000   0.000   0.000   0.
  2017 352  9 51 36 487 352.410838976      -7.17      0.59     -3.43  0.       -5086.357       2785.696      -1823.105    0.000   0.000   0.000   0.
  2017 352  9 51 37 487 352.410850550      -7.17      0.57     -3.43  0.       -5085.340       2783.733      -1824.741    0.000   0.000   0.000   0.
  2017 352  9 51 38 487 352.410862121      -7.16      0.54     -3.40  0.       -5084.323       2781.768      -1826.377    0.000   0.000   0.000   0.
  2017 352  9 51 39 487 352.410873695      -7.19      0.52     -3.35  0.       -5083.305       2779.804      -1828.013    0.000   0.000   0.000   0.
  2017 352  9 51 40 487 352.410885269      -7.17      0.48     -3.27  0.       -5082.285       2777.838      -1829.648    0.000   0.000   0.000   0.
  2017 352  9 51 41 487 352.410896843      -7.13      0.46     -3.19  0.       -5081.265       2775.872      -1831.283    0.000   0.000   0.000   0.
  2017 352  9 51 42 487 352.410908417      -7.11      0.44     -3.13  0.       -5080.244       2773.906      -1832.917    0.000   0.000   0.000   0.
  2017 352  9 51 43 487 352.410919991      -7.14      0.42     -3.10  0.       -5079.222       2771.939      -1834.551    0.000   0.000   0.000   0.
  2017 352  9 51 44 487 352.410931565      -7.05      0.38     -2.96  0.       -5078.198       2769.972      -1836.185    0.000   0.000   0.000   0.
  2017 352  9 51 45 487 352.410943139      -7.04      0.36     -2.89  0.       -5077.174       2768.004      -1837.819    0.000   0.000   0.000   0.
  2017 352  9 51 46 487 352.410954714      -7.03      0.37     -2.87  0.       -5076.149       2766.035      -1839.452    0.000   0.000   0.000   0.
  2017 352  9 51 47 487 352.410966288      -7.03      0.38     -2.83  0.       -5075.123       2764.066      -1841.085    0.000   0.000   0.000   0.
  2017 352  9 51 48 487 352.410977862      -7.05      0.38     -2.84  0.       -5074.096       2762.097      -1842.717    0.000   0.000   0.000   0.
  2017 352  9 51 49 487 352.410989436      -7.15      0.39     -2.83  0.       -5073.068       2760.127      -1844.349    0.000   0.000   0.000   0.
  2017 352  9 51 50 487 352.411001010      -7.23      0.41     -2.84  0.       -5072.039       2758.156      -1845.980    0.000   0.000   0.000   0.
  2017 352  9 51 51 487 352.411012584      -7.25      0.46     -2.88  0.       -5071.009       2756.185      -1847.612    0.000   0.000   0.000   0.
  2017 352  9 51 52 487 352.411024158      -7.34      0.52     -2.91  0.       -5069.978       2754.213      -1849.243    0.000   0.000   0.000   0.
  2017 352  9 51 53 487 352.411035732      -7.47      0.54     -2.95  0.       -5068.946       2752.241      -1850.874    0.000   0.000   0.000   0.
  2017 352  9 51 54 487 352.411047306      -7.49      0.61     -3.00  0.       -5067.913       2750.268      -1852.504    0.000   0.000   0.000   0.
  2017 352  9 51 55 487 352.411058880      -7.65      0.66     -3.05  0.       -5066.879       2748.295      -1854.134    0.000   0.000   0.000   0.
  2017 352  9 51 56 487 352.411070454      -7.66      0.66     -3.03  0.       -5065.844       2746.321      -1855.763    0.000   0.000   0.000   0.
  2017 352  9 51 57 487 352.411082028      -7.75      0.70     -3.05  0.       -5064.808       2744.347      -1857.393    0.000   0.000   0.000   0.
  2017 352  9 51 58 487 352.411093602      -7.78      0.70     -3.05  0.       -5063.772       2742.372      -1859.021    0.000   0.000   0.000   0.
  2017 352  9 51 59 487 352.411105177      -7.80      0.73     -3.05  0.       -5062.734       2740.397      -1860.650    0.000   0.000   0.000   0.
  2017 352  9 52  0 487 352.411116751      -7.81      0.76     -3.04  0.       -5061.695       2738.421      -1862.278    0.000   0.000   0.000   0.
  2017 352  9 52  1 487 352.411128325      -7.90      0.77     -3.06  0.       -5060.655       2736.445      -1863.906    0.000   0.000   0.000   0.
  2017 352  9 52  2 487 352.411139899      -7.92      0.78     -3.08  0.       -5059.614       2734.468      -1865.533    0.000   0.000   0.000   0.
  2017 352  9 52  3 487 352.411151473      -7.97      0.82     -3.10  0.       -5058.573       2732.490      -1867.160    0.000   0.000   0.000   0.
  2017 352  9 52  4 487 352.411163047      -7.98      0.84     -3.07  0.       -5057.530       2730.512      -1868.787    0.000   0.000   0.000   0.
  2017 352  9 52  5 487 352.411174621      -8.05      0.86     -3.11  0.       -5056.486       2728.533      -1870.413    0.000   0.000   0.000   0.
  2017 352  9 52  6 487 352.411186195      -8.04      0.89     -3.12  0.       -5055.442       2726.554      -1872.039    0.000   0.000   0.000   0.
  2017 352  9 52  7 487 352.411197769      -8.05      0.88     -3.16  0.       -5054.396       2724.575      -1873.665    0.000   0.000   0.000   0.
  2017 352  9 52  8 486 352.411209340      -8.05      0.88     -3.19  0.       -5053.349       2722.595      -1875.290    0.000   0.000   0.000   0.
  2017 352  9 52  9 486 352.411220914      -8.08      0.86     -3.20  0.       -5052.302       2720.614      -1876.915    0.000   0.000   0.000   0.
  2017 352  9 52 10 487 352.411232488      -8.12      0.81     -3.24  0.       -5051.253       2718.633      -1878.539    0.000   0.000   0.000   0.
  2017 352  9 52 11 487 352.411244063      -8.18      0.76     -3.29  0.       -5050.204       2716.651      -1880.163    0.000   0.000   0.000   0.
  2017 352  9 52 12 486 352.411255637      -8.13      0.81     -3.30  0.       -5049.153       2714.669      -1881.787    0.000   0.000   0.000   0.
  2017 352  9 52 13 486 352.411267211      -8.09      0.86     -3.32  0.       -5048.102       2712.686      -1883.411    0.000   0.000   0.000   0.
  2017 352  9 52 14 487 352.411278785      -8.03      0.92     -3.29  0.       -5047.049       2710.703      -1885.034    0.000   0.000   0.000   0.
  2017 352  9 52 15 487 352.411290359      -7.91      0.91     -3.22  0.       -5045.996       2708.719      -1886.656    0.000   0.000   0.000   0.
  2017 352  9 52 16 487 352.411301933      -7.82      0.88     -3.24  0.       -5044.941       2706.735      -1888.278    0.000   0.000   0.000   0.
  2017 352  9 52 17 487 352.411313507      -7.69      0.81     -3.18  0.       -5043.886       2704.750      -1889.900    0.000   0.000   0.000   0.
  2017 352  9 52 18 486 352.411325081      -7.66      0.69     -3.21  0.       -5042.829       2702.764      -1891.522    0.000   0.000   0.000   0.
  2017 352  9 52 19 486 352.411336655      -7.62      0.58     -3.23  0.       -5041.772       2700.778      -1893.143    0.000   0.000   0.000   0.
  2017 352  9 52 20 486 352.411348229      -7.58      0.47     -3.21  0.       -5040.713       2698.792      -1894.764    0.000   0.000   0.000   0.
  2017 352  9 52 21 486 352.411359803      -7.52      0.43     -3.20  0.       -5039.654       2696.805      -1896.384    0.000   0.000   0.000   0.
  2017 352  9 52 22 486 352.411371377      -7.47      0.36     -3.18  0.       -5038.593       2694.817      -1898.004    0.000   0.000   0.000   0.
  2017 352  9 52 23 487 352.411382951      -7.44      0.28     -3.18  0.       -5037.532       2692.829      -1899.624    0.000   0.000   0.000   0.
  2017 352  9 52 24 487 352.411394525      -7.32      0.28     -3.12  0.       -5036.470       2690.841      -1901.243    0.000   0.000   0.000   0.
  2017 352  9 52 25 486 352.411406100      -7.31      0.29     -3.13  0.       -5035.406       2688.851      -1902.862    0.000   0.000   0.000   0.
  2017 352  9 52 26 486 352.411417674      -7.28      0.34     -3.13  0.       -5034.342       2686.862      -1904.481    0.000   0.000   0.000   0.
  2017 352  9 52 27 487 352.411429248      -7.21      0.38     -3.13  0.       -5033.276       2684.872      -1906.099    0.000   0.000   0.000   0.
  2017 352  9 52 28 487 352.411440822      -7.23      0.38     -3.19  0.       -5032.210       2682.881      -1907.717    0.000   0.000   0.000   0.
  2017 352  9 52 29 487 352.411452396      -7.35      0.36     -3.22  0.       -5031.143       2680.890      -1909.334    0.000   0.000   0.000   0.
  2017 352  9 52 30 487 352.411463970      -7.31      0.37     -3.25  0.       -5030.074       2678.898      -1910.951    0.000   0.000   0.000   0.
  2017 352  9 52 31 487 352.411475544      -7.39      0.36     -3.33  0.       -5029.005       2676.906      -1912.568    0.000   0.000   0.000   0.
  2017 352  9 52 32 486 352.411487118      -7.39      0.37     -3.35  0.       -5027.935       2674.913      -1914.184    0.000   0.000   0.000   0.
  2017 352  9 52 33 486 352.411498692      -7.36      0.35     -3.38  0.       -5026.863       2672.919      -1915.800    0.000   0.000   0.000   0.
  2017 352  9 52 34 486 352.411510266      -7.49      0.30     -3.50  0.       -5025.791       2670.925      -1917.416    0.000   0.000   0.000   0.
  2017 352  9 52 35 486 352.411521840      -7.52      0.32     -3.53  0.       -5024.718       2668.931      -1919.031    0.000   0.000   0.000   0.
  2017 352  9 52 36 486 352.411533414      -7.50      0.31     -3.61  0.       -5023.644       2666.936      -1920.645    0.000   0.000   0.000   0.
  2017 352  9 52 37 487 352.411544988      -7.55      0.36     -3.70  0.       -5022.569       2664.941      -1922.260    0.000   0.000   0.000   0.
  2017 352  9 52 38 486 352.411556560      -7.67      0.36     -3.74  0.       -5021.492       2662.945      -1923.874    0.000   0.000   0.000   0.
  2017 352  9 52 39 486 352.411568134      -7.76      0.38     -3.80  0.       -5020.415       2660.948      -1925.488    0.000   0.000   0.000   0.
  2017 352  9 52 40 486 352.411579708      -7.75      0.43     -3.82  0.       -5019.337       2658.951      -1927.101    0.000   0.000   0.000   0.
  2017 352  9 52 41 486 352.411591282      -7.76      0.49     -3.91  0.       -5018.257       2656.954      -1928.714    0.000   0.000   0.000   0.
  2017 352  9 52 42 486 352.411602856      -7.78      0.53     -3.91  0.       -5017.177       2654.955      -1930.326    0.000   0.000   0.000   0.
  2017 352  9 52 43 486 352.411614430      -7.72      0.53     -3.85  0.       -5016.096       2652.957      -1931.938    0.000   0.000   0.000   0.
  2017 352  9 52 44 486 352.411626004      -7.73      0.56     -3.77  0.       -5015.014       2650.958      -1933.550    0.000   0.000   0.000   0.
  2017 352  9 52 45 486 352.411637578      -7.63      0.59     -3.67  0.       -5013.931       2648.958      -1935.161    0.000   0.000   0.000   0.
  2017 352  9 52 46 486 352.411649152      -7.63      0.59     -3.56  0.       -5012.846       2646.958      -1936.772    0.000   0.000   0.000   0.
  2017 352  9 52 47 486 352.411660726      -7.62      0.60     -3.45  0.       -5011.761       2644.957      -1938.383    0.000   0.000   0.000   0.
  2017 352  9 52 48 486 352.411672300      -7.62      0.59     -3.40  0.       -5010.675       2642.956      -1939.993    0.000   0.000   0.000   0.
  2017 352  9 52 49 486 352.411683874      -7.60      0.68     -3.33  0.       -5009.588       2640.954      -1941.603    0.000   0.000   0.000   0.
  2017 352  9 52 50 486 352.411695448      -7.63      0.77     -3.31  0.       -5008.500       2638.952      -1943.212    0.000   0.000   0.000   0.
  2017 352  9 52 51 486 352.411707023      -7.63      0.85     -3.32  0.       -5007.410       2636.949      -1944.821    0.000   0.000   0.000   0.
  2017 352  9 52 52 486 352.411718597      -7.62      0.89     -3.27  0.       -5006.320       2634.945      -1946.430    0.000   0.000   0.000   0.
  2017 352  9 52 53 486 352.411730171      -7.61      0.89     -3.25  0.       -5005.229       2632.942      -1948.038    0.000   0.000   0.000   0.
  2017 352  9 52 54 486 352.411741745      -7.61      0.86     -3.25  0.       -5004.137       2630.937      -1949.646    0.000   0.000   0.000   0.
  2017 352  9 52 55 486 352.411753319      -7.63      0.85     -3.23  0.       -5003.043       2628.932      -1951.253    0.000   0.000   0.000   0.
  2017 352  9 52 56 486 352.411764893      -7.63      0.87     -3.24  0.       -5001.949       2626.927      -1952.860    0.000   0.000   0.000   0.
  2017 352  9 52 57 486 352.411776467      -7.77      0.83     -3.30  0.       -5000.854       2624.921      -1954.467    0.000   0.000   0.000   0.
  2017 352  9 52 58 486 352.411788041      -7.70      0.81     -3.30  0.       -4999.758       2622.914      -1956.073    0.000   0.000   0.000   0.
  2017 352  9 52 59 486 352.411799615      -7.75      0.79     -3.36  0.       -4998.661       2620.907      -1957.679    0.000   0.000   0.000   0.
  2017 352  9 53  0 486 352.411811189      -7.71      0.76     -3.27  0.       -4997.562       2618.899      -1959.284    0.000   0.000   0.000   0.
  2017 352  9 53  1 486 352.411822763      -7.64      0.73     -3.22  0.       -4996.463       2616.891      -1960.890    0.000   0.000   0.000   0.
  2017 352  9 53  2 486 352.411834337      -7.49      0.69     -3.10  0.       -4995.363       2614.883      -1962.494    0.000   0.000   0.000   0.
  2017 352  9 53  3 486 352.411845911      -7.46      0.66     -3.13  0.       -4994.262       2612.874      -1964.098    0.000   0.000   0.000   0.
  2017 352  9 53  4 486 352.411857486      -7.42      0.64     -3.12  0.       -4993.159       2610.864      -1965.702    0.000   0.000   0.000   0.
  2017 352  9 53  5 486 352.411869060      -7.32      0.63     -3.11  0.       -4992.056       2608.854      -1967.306    0.000   0.000   0.000   0.
  2017 352  9 53  6 486 352.411880634      -7.22      0.62     -3.12  0.       -4990.952       2606.843      -1968.909    0.000   0.000   0.000   0.
  2017 352  9 53  7 486 352.411892208      -7.21      0.62     -3.14  0.       -4989.847       2604.832      -1970.512    0.000   0.000   0.000   0.
  2017 352  9 53  8 486 352.411903779      -7.20      0.61     -3.18  0.       -4988.740       2602.820      -1972.114    0.000   0.000   0.000   0.
  2017 352  9 53  9 486 352.411915353      -7.11      0.63     -3.13  0.       -4987.633       2600.808      -1973.716    0.000   0.000   0.000   0.
  2017 352  9 53 10 486 352.411926927      -7.08      0.62     -3.13  0.       -4986.525       2598.795      -1975.317    0.000   0.000   0.000   0.
  2017 352  9 53 11 486 352.411938501      -7.01      0.64     -3.15  0.       -4985.416       2596.781      -1976.918    0.000   0.000   0.000   0.
  2017 352  9 53 12 486 352.411950075      -7.02      0.60     -3.13  0.       -4984.305       2594.768      -1978.519    0.000   0.000   0.000   0.
  2017 352  9 53 13 486 352.411961649      -7.03      0.58     -3.16  0.       -4983.194       2592.753      -1980.119    0.000   0.000   0.000   0.
  2017 352  9 53 14 486 352.411973223      -7.00      0.58     -3.17  0.       -4982.082       2590.738      -1981.719    0.000   0.000   0.000   0.
  2017 352  9 53 15 486 352.411984797      -7.07      0.56     -3.24  0.       -4980.968       2588.722      -1983.319    0.000   0.000   0.000   0.
  2017 352  9 53 16 486 352.411996372      -6.98      0.54     -3.17  0.       -4979.854       2586.706      -1984.918    0.000   0.000   0.000   0.
  2017 352  9 53 17 486 352.412007946      -6.95      0.51     -3.13  0.       -4978.739       2584.690      -1986.517    0.000   0.000   0.000   0.
  2017 352  9 53 18 486 352.412019520      -6.95      0.49     -3.16  0.       -4977.622       2582.673      -1988.115    0.000   0.000   0.000   0.
  2017 352  9 53 19 486 352.412031094      -6.92      0.51     -3.16  0.       -4976.505       2580.656      -1989.713    0.000   0.000   0.000   0.
  2017 352  9 53 20 486 352.412042668      -6.98      0.47     -3.21  0.       -4975.386       2578.638      -1991.310    0.000   0.000   0.000   0.
  2017 352  9 53 21 486 352.412054242      -7.08      0.49     -3.27  0.       -4974.267       2576.619      -1992.907    0.000   0.000   0.000   0.
  2017 352  9 53 22 486 352.412065816      -7.05      0.46     -3.27  0.       -4973.147       2574.600      -1994.504    0.000   0.000   0.000   0.
  2017 352  9 53 23 486 352.412077390      -7.10      0.45     -3.28  0.       -4972.025       2572.580      -1996.100    0.000   0.000   0.000   0.
  2017 352  9 53 24 486 352.412088964      -7.11      0.42     -3.27  0.       -4970.903       2570.560      -1997.696    0.000   0.000   0.000   0.
  2017 352  9 53 25 486 352.412100538      -7.14      0.45     -3.32  0.       -4969.779       2568.539      -1999.291    0.000   0.000   0.000   0.
  2017 352  9 53 26 486 352.412112112      -7.12      0.45     -3.32  0.       -4968.655       2566.518      -2000.886    0.000   0.000   0.000   0.
  2017 352  9 53 27 486 352.412123686      -7.04      0.41     -3.25  0.       -4967.529       2564.496      -2002.481    0.000   0.000   0.000   0.
  2017 352  9 53 28 486 352.412135260      -7.13      0.31     -3.19  0.       -4966.403       2562.474      -2004.075    0.000   0.000   0.000   0.
  2017 352  9 53 29 486 352.412146834      -7.26      0.22     -3.17  0.       -4965.275       2560.451      -2005.669    0.000   0.000   0.000   0.
  2017 352  9 53 30 486 352.412158409      -7.18      0.20     -3.06  0.       -4964.147       2558.428      -2007.262    0.000   0.000   0.000   0.
  2017 352  9 53 31 486 352.412169983      -7.22      0.18     -3.03  0.       -4963.017       2556.404      -2008.855    0.000   0.000   0.000   0.
  2017 352  9 53 32 486 352.412181557      -7.30      0.12     -2.95  0.       -4961.887       2554.380      -2010.448    0.000   0.000   0.000   0.
  2017 352  9 53 33 486 352.412193131      -7.30      0.06     -2.86  0.       -4960.755       2552.355      -2012.040    0.000   0.000   0.000   0.
  2017 352  9 53 34 486 352.412204705      -7.26      0.04     -2.88  0.       -4959.623       2550.329      -2013.632    0.000   0.000   0.000   0.
  2017 352  9 53 35 486 352.412216279      -7.35     -0.01     -2.90  0.       -4958.489       2548.303      -2015.223    0.000   0.000   0.000   0.
  2017 352  9 53 36 486 352.412227853      -7.36     -0.08     -2.78  0.       -4957.355       2546.277      -2016.814    0.000   0.000   0.000   0.
  2017 352  9 53 37 486 352.412239427      -7.33     -0.09     -2.71  0.       -4956.219       2544.250      -2018.405    0.000   0.000   0.000   0.
  2017 352  9 53 38 486 352.412251001      -7.18     -0.09     -2.67  0.       -4955.082       2542.222      -2019.995    0.000   0.000   0.000   0.
  2017 352  9 53 39 486 352.412262575      -7.12     -0.07     -2.70  0.       -4953.945       2540.194      -2021.584    0.000   0.000   0.000   0.
  2017 352  9 53 40 486 352.412274146      -7.12     -0.10     -2.74  0.       -4952.806       2538.166      -2023.173    0.000   0.000   0.000   0.
  2017 352  9 53 41 486 352.412285720      -7.06     -0.14     -2.71  0.       -4951.666       2536.137      -2024.762    0.000   0.000   0.000   0.
  2017 352  9 53 42 486 352.412297295      -7.13     -0.20     -2.63  0.       -4950.525       2534.107      -2026.351    0.000   0.000   0.000   0.
  2017 352  9 53 43 486 352.412308869      -7.02     -0.21     -2.54  0.       -4949.384       2532.077      -2027.939    0.000   0.000   0.000   0.
  2017 352  9 53 44 486 352.412320443      -6.90     -0.23     -2.47  0.       -4948.241       2530.046      -2029.526    0.000   0.000   0.000   0.
  2017 352  9 53 45 486 352.412332017      -6.84     -0.24     -2.45  0.       -4947.097       2528.015      -2031.113    0.000   0.000   0.000   0.
  2017 352  9 53 46 486 352.412343591      -6.81     -0.28     -2.47  0.       -4945.952       2525.983      -2032.700    0.000   0.000   0.000   0.
  2017 352  9 53 47 486 352.412355165      -6.74     -0.29     -2.45  0.       -4944.806       2523.951      -2034.286    0.000   0.000   0.000   0.
  2017 352  9 53 48 486 352.412366739      -6.65     -0.32     -2.43  0.       -4943.660       2521.918      -2035.872    0.000   0.000   0.000   0.
  2017 352  9 53 49 486 352.412378313      -6.66     -0.35     -2.42  0.       -4942.512       2519.885      -2037.458    0.000   0.000   0.000   0.
  2017 352  9 53 50 486 352.412389887      -6.62     -0.35     -2.36  0.       -4941.363       2517.851      -2039.043    0.000   0.000   0.000   0.
  2017 352  9 53 51 486 352.412401461      -6.54     -0.35     -2.40  0.       -4940.213       2515.817      -2040.627    0.000   0.000   0.000   0.
  2017 352  9 53 52 486 352.412413035      -6.58     -0.32     -2.44  0.       -4939.062       2513.782      -2042.211    0.000   0.000   0.000   0.
  2017 352  9 53 53 486 352.412424609      -6.70     -0.32     -2.48  0.       -4937.910       2511.747      -2043.795    0.000   0.000   0.000   0.
  2017 352  9 53 54 486 352.412436183      -6.72     -0.29     -2.50  0.       -4936.757       2509.711      -2045.379    0.000   0.000   0.000   0.
  2017 352  9 53 55 486 352.412447758      -6.65     -0.25     -2.43  0.       -4935.603       2507.674      -2046.962    0.000   0.000   0.000   0.
  2017 352  9 53 56 486 352.412459332      -6.59     -0.21     -2.37  0.       -4934.448       2505.638      -2048.544    0.000   0.000   0.000   0.
  2017 352  9 53 57 486 352.412470906      -6.62     -0.17     -2.35  0.       -4933.292       2503.600      -2050.126    0.000   0.000   0.000   0.
  2017 352  9 53 58 486 352.412482480      -6.62     -0.16     -2.30  0.       -4932.135       2501.562      -2051.708    0.000   0.000   0.000   0.
  2017 352  9 53 59 486 352.412494054      -6.60     -0.16     -2.26  0.       -4930.976       2499.524      -2053.289    0.000   0.000   0.000   0.
  2017 352  9 54  0 486 352.412505628      -6.64     -0.15     -2.23  0.       -4929.817       2497.485      -2054.870    0.000   0.000   0.000   0.
  2017 352  9 54  1 486 352.412517202      -6.58     -0.06     -2.16  0.       -4928.657       2495.445      -2056.450    0.000   0.000   0.000   0.
  2017 352  9 54  2 486 352.412528776      -6.52      0.01     -2.13  0.       -4927.496       2493.405      -2058.030    0.000   0.000   0.000   0.
  2017 352  9 54  3 486 352.412540350      -6.48      0.14     -2.10  0.       -4926.333       2491.364      -2059.609    0.000   0.000   0.000   0.
  2017 352  9 54  4 486 352.412551924      -6.51      0.23     -2.13  0.       -4925.170       2489.323      -2061.188    0.000   0.000   0.000   0.
  2017 352  9 54  5 486 352.412563498      -6.57      0.23     -2.12  0.       -4924.006       2487.282      -2062.767    0.000   0.000   0.000   0.
  2017 352  9 54  6 486 352.412575072      -6.48      0.23     -2.02  0.       -4922.841       2485.240      -2064.345    0.000   0.000   0.000   0.
  2017 352  9 54  7 486 352.412586646      -6.50      0.24     -2.05  0.       -4921.674       2483.197      -2065.923    0.000   0.000   0.000   0.
  2017 352  9 54  8 486 352.412598221      -6.52      0.23     -2.01  0.       -4920.507       2481.154      -2067.500    0.000   0.000   0.000   0.
  2017 352  9 54  9 486 352.412609795      -6.56      0.26     -2.07  0.       -4919.338       2479.110      -2069.077    0.000   0.000   0.000   0.
  2017 352  9 54 10 486 352.412621366      -6.52      0.25     -2.06  0.       -4918.169       2477.066      -2070.653    0.000   0.000   0.000   0.
  2017 352  9 54 11 486 352.412632940      -6.58      0.24     -2.07  0.       -4916.998       2475.021      -2072.229    0.000   0.000   0.000   0.
  2017 352  9 54 12 486 352.412644514      -6.56      0.15     -1.99  0.       -4915.827       2472.976      -2073.805    0.000   0.000   0.000   0.
  2017 352  9 54 13 486 352.412656088      -6.70      0.04     -1.94  0.       -4914.654       2470.930      -2075.380    0.000   0.000   0.000   0.
  2017 352  9 54 14 485 352.412667662      -6.76     -0.04     -1.86  0.       -4913.481       2468.884      -2076.955    0.000   0.000   0.000   0.
  2017 352  9 54 15 485 352.412679236      -6.80     -0.02     -1.81  0.       -4912.306       2466.837      -2078.529    0.000   0.000   0.000   0.
  2017 352  9 54 16 485 352.412690810      -6.86     -0.08     -1.78  0.       -4911.130       2464.789      -2080.103    0.000   0.000   0.000   0.
  2017 352  9 54 17 485 352.412702384      -6.83     -0.07     -1.75  0.       -4909.954       2462.742      -2081.676    0.000   0.000   0.000   0.
  2017 352  9 54 18 485 352.412713958      -6.81     -0.07     -1.79  0.       -4908.776       2460.693      -2083.249    0.000   0.000   0.000   0.
  2017 352  9 54 19 486 352.412725532      -6.80     -0.06     -1.80  0.       -4907.597       2458.644      -2084.822    0.000   0.000   0.000   0.
  2017 352  9 54 20 486 352.412737107      -6.81     -0.07     -1.81  0.       -4906.417       2456.595      -2086.394    0.000   0.000   0.000   0.
  2017 352  9 54 21 485 352.412748681      -6.96     -0.07     -1.79  0.       -4905.236       2454.545      -2087.965    0.000   0.000   0.000   0.
  2017 352  9 54 22 485 352.412760255      -7.04     -0.12     -1.70  0.       -4904.054       2452.494      -2089.536    0.000   0.000   0.000   0.
  2017 352  9 54 23 486 352.412771829      -7.07     -0.14     -1.62  0.       -4902.871       2450.444      -2091.107    0.000   0.000   0.000   0.
  2017 352  9 54 24 486 352.412783403      -7.09     -0.18     -1.49  0.       -4901.688       2448.392      -2092.677    0.000   0.000   0.000   0.
  2017 352  9 54 25 486 352.412794977      -7.11     -0.18     -1.40  0.       -4900.502       2446.340      -2094.247    0.000   0.000   0.000   0.
  2017 352  9 54 26 486 352.412806551      -7.17     -0.16     -1.33  0.       -4899.316       2444.287      -2095.817    0.000   0.000   0.000   0.
  2017 352  9 54 27 486 352.412818125      -7.14     -0.17     -1.21  0.       -4898.129       2442.234      -2097.385    0.000   0.000   0.000   0.
  2017 352  9 54 28 485 352.412829699      -7.13     -0.18     -1.11  0.       -4896.941       2440.181      -2098.954    0.000   0.000   0.000   0.
  2017 352  9 54 29 485 352.412841273      -7.16     -0.20     -1.03  0.       -4895.752       2438.127      -2100.522    0.000   0.000   0.000   0.
  2017 352  9 54 30 485 352.412852847      -7.08     -0.21     -0.92  0.       -4894.562       2436.072      -2102.090    0.000   0.000   0.000   0.
  2017 352  9 54 31 485 352.412864421      -6.98     -0.20     -0.73  0.       -4893.370       2434.017      -2103.657    0.000   0.000   0.000   0.
  2017 352  9 54 32 486 352.412875995      -6.97     -0.20     -0.62  0.       -4892.178       2431.961      -2105.223    0.000   0.000   0.000   0.
  2017 352  9 54 33 486 352.412887569      -7.08     -0.18     -0.63  0.       -4890.985       2429.905      -2106.790    0.000   0.000   0.000   0.
  2017 352  9 54 34 485 352.412899144      -7.10     -0.19     -0.66  0.       -4889.790       2427.848      -2108.355    0.000   0.000   0.000   0.
  2017 352  9 54 35 485 352.412910718      -7.03     -0.24     -0.61  0.       -4888.595       2425.791      -2109.921    0.000   0.000   0.000   0.
  2017 352  9 54 36 486 352.412922292      -6.87     -0.24     -0.57  0.       -4887.398       2423.733      -2111.486    0.000   0.000   0.000   0.
  2017 352  9 54 37 486 352.412933866      -6.86     -0.22     -0.61  0.       -4886.201       2421.675      -2113.050    0.000   0.000   0.000   0.
  2017 352  9 54 38 486 352.412945437      -6.76     -0.13     -0.75  0.       -4885.002       2419.616      -2114.614    0.000   0.000   0.000   0.
  2017 352  9 54 39 485 352.412957011      -6.71     -0.14     -0.68  0.       -4883.802       2417.557      -2116.178    0.000   0.000   0.000   0.
  2017 352  9 54 40 485 352.412968585      -6.68     -0.15     -0.66  0.       -4882.602       2415.497      -2117.741    0.000   0.000   0.000   0.
  2017 352  9 54 41 485 352.412980159      -6.62     -0.20     -0.66  0.       -4881.400       2413.437      -2119.303    0.000   0.000   0.000   0.
  2017 352  9 54 42 485 352.412991733      -6.56     -0.27     -0.64  0.       -4880.198       2411.376      -2120.865    0.000   0.000   0.000   0.
  2017 352  9 54 43 485 352.413003307      -6.51     -0.31     -0.56  0.       -4878.994       2409.315      -2122.427    0.000   0.000   0.000   0.
  2017 352  9 54 44 485 352.413014881      -6.39     -0.29     -0.51  0.       -4877.789       2407.253      -2123.988    0.000   0.000   0.000   0.
  2017 352  9 54 45 485 352.413026455      -6.35     -0.27     -0.48  0.       -4876.583       2405.191      -2125.549    0.000   0.000   0.000   0.
  2017 352  9 54 46 485 352.413038030      -6.32     -0.26     -0.56  0.       -4875.376       2403.128      -2127.109    0.000   0.000   0.000   0.
  2017 352  9 54 47 485 352.413049604      -6.18     -0.25     -0.58  0.       -4874.168       2401.064      -2128.669    0.000   0.000   0.000   0.
  2017 352  9 54 48 485 352.413061178      -5.98     -0.23     -0.55  0.       -4872.959       2399.000      -2130.229    0.000   0.000   0.000   0.
  2017 352  9 54 49 485 352.413072752      -5.77     -0.22     -0.63  0.       -4871.749       2396.936      -2131.788    0.000   0.000   0.000   0.
  2017 352  9 54 50 485 352.413084326      -5.66     -0.25     -0.61  0.       -4870.538       2394.871      -2133.346    0.000   0.000   0.000   0.
  2017 352  9 54 51 485 352.413095900      -5.73     -0.25     -0.61  0.       -4869.326       2392.805      -2134.904    0.000   0.000   0.000   0.
  2017 352  9 54 52 485 352.413107474      -5.78     -0.25     -0.61  0.       -4868.112       2390.739      -2136.462    0.000   0.000   0.000   0.
  2017 352  9 54 53 485 352.413119048      -5.90     -0.25     -0.54  0.       -4866.898       2388.673      -2138.019    0.000   0.000   0.000   0.
  2017 352  9 54 54 485 352.413130622      -6.06     -0.24     -0.55  0.       -4865.683       2386.606      -2139.576    0.000   0.000   0.000   0.
  2017 352  9 54 55 485 352.413142196      -6.02     -0.22     -0.54  0.       -4864.466       2384.538      -2141.132    0.000   0.000   0.000   0.
  2017 352  9 54 56 485 352.413153770      -6.05     -0.22     -0.52  0.       -4863.249       2382.470      -2142.687    0.000   0.000   0.000   0.
  2017 352  9 54 57 485 352.413165344      -6.07     -0.19     -0.56  0.       -4862.030       2380.402      -2144.243    0.000   0.000   0.000   0.
  2017 352  9 54 58 485 352.413176918      -6.06     -0.18     -0.51  0.       -4860.811       2378.332      -2145.797    0.000   0.000   0.000   0.
  2017 352  9 54 59 485 352.413188492      -6.19     -0.18     -0.47  0.       -4859.590       2376.263      -2147.352    0.000   0.000   0.000   0.
  2017 352  9 55  0 485 352.413200067      -6.26     -0.17     -0.49  0.       -4858.368       2374.193      -2148.906    0.000   0.000   0.000   0.
  2017 352  9 55  1 485 352.413211641      -6.32     -0.17     -0.53  0.       -4857.146       2372.122      -2150.459    0.000   0.000   0.000   0.
  2017 352  9 55  2 485 352.413223215      -6.33     -0.14     -0.50  0.       -4855.922       2370.051      -2152.012    0.000   0.000   0.000   0.
  2017 352  9 55  3 485 352.413234789      -6.25     -0.20     -0.42  0.       -4854.697       2367.979      -2153.564    0.000   0.000   0.000   0.
  2017 352  9 55  4 485 352.413246363      -6.14     -0.21     -0.31  0.       -4853.471       2365.907      -2155.116    0.000   0.000   0.000   0.
  2017 352  9 55  5 485 352.413257937      -6.20     -0.26     -0.23  0.       -4852.244       2363.834      -2156.668    0.000   0.000   0.000   0.
  2017 352  9 55  6 485 352.413269511      -6.19     -0.26     -0.18  0.       -4851.016       2361.761      -2158.219    0.000   0.000   0.000   0.
  2017 352  9 55  7 485 352.413281085      -6.20     -0.23     -0.19  0.       -4849.787       2359.687      -2159.769    0.000   0.000   0.000   0.
  2017 352  9 55  8 485 352.413292656      -6.20     -0.24     -0.32  0.       -4848.557       2357.613      -2161.320    0.000   0.000   0.000   0.
  2017 352  9 55  9 485 352.413304230      -6.19     -0.26     -0.34  0.       -4847.326       2355.538      -2162.869    0.000   0.000   0.000   0.
  2017 352  9 55 10 485 352.413315804      -6.11     -0.22     -0.28  0.       -4846.094       2353.463      -2164.418    0.000   0.000   0.000   0.
  2017 352  9 55 11 485 352.413327379      -6.16     -0.15     -0.26  0.       -4844.860       2351.387      -2165.967    0.000   0.000   0.000   0.
  2017 352  9 55 12 485 352.413338953      -6.21     -0.10     -0.20  0.       -4843.626       2349.311      -2167.515    0.000   0.000   0.000   0.
  2017 352  9 55 13 485 352.413350527      -6.21     -0.15     -0.12  0.       -4842.391       2347.234      -2169.063    0.000   0.000   0.000   0.
  2017 352  9 55 14 485 352.413362101      -6.23     -0.15     -0.05  0.       -4841.154       2345.157      -2170.610    0.000   0.000   0.000   0.
  2017 352  9 55 15 485 352.413373675      -6.16     -0.10     -0.04  0.       -4839.917       2343.079      -2172.157    0.000   0.000   0.000   0.
  2017 352  9 55 16 485 352.413385249      -6.05     -0.10     -0.08  0.       -4838.678       2341.000      -2173.703    0.000   0.000   0.000   0.
  2017 352  9 55 17 485 352.413396823      -5.88     -0.12     -0.15  0.       -4837.438       2338.922      -2175.249    0.000   0.000   0.000   0.
  2017 352  9 55 18 485 352.413408397      -5.99     -0.23     -0.07  0.       -4836.198       2336.842      -2176.794    0.000   0.000   0.000   0.
  2017 352  9 55 19 485 352.413419971      -5.86     -0.36      0.24  0.       -4834.956       2334.762      -2178.339    0.000   0.000   0.000   0.
  2017 352  9 55 20 485 352.413431545      -5.61     -0.51      0.52  0.       -4833.713       2332.682      -2179.883    0.000   0.000   0.000   0.
  2017 352  9 55 21 485 352.413443119      -5.30     -0.61      0.66  0.       -4832.469       2330.601      -2181.427    0.000   0.000   0.000   0.
  2017 352  9 55 22 485 352.413454693      -5.01     -0.67      0.74  0.       -4831.224       2328.519      -2182.971    0.000   0.000   0.000   0.
  2017 352  9 55 23 485 352.413466267      -4.83     -0.72      0.80  0.       -4829.978       2326.437      -2184.514    0.000   0.000   0.000   0.
  2017 352  9 55 24 485 352.413477841      -4.80     -0.74      0.91  0.       -4828.731       2324.355      -2186.056    0.000   0.000   0.000   0.
  2017 352  9 55 25 485 352.413489416      -4.80     -0.77      0.88  0.       -4827.483       2322.272      -2187.598    0.000   0.000   0.000   0.
  2017 352  9 55 26 485 352.413500990      -4.75     -0.75      0.80  0.       -4826.234       2320.188      -2189.139    0.000   0.000   0.000   0.
  2017 352  9 55 27 485 352.413512564      -4.72     -0.69      0.86  0.       -4824.983       2318.104      -2190.681    0.000   0.000   0.000   0.
  2017 352  9 55 28 485 352.413524138      -4.68     -0.62      0.78  0.       -4823.732       2316.020      -2192.221    0.000   0.000   0.000   0.
  2017 352  9 55 29 485 352.413535712      -4.63     -0.60      0.71  0.       -4822.480       2313.935      -2193.761    0.000   0.000   0.000   0.
  2017 352  9 55 30 485 352.413547286      -4.61     -0.52      0.72  0.       -4821.226       2311.849      -2195.301    0.000   0.000   0.000   0.
  2017 352  9 55 31 485 352.413558860      -4.71     -0.47      0.67  0.       -4819.971       2309.763      -2196.840    0.000   0.000   0.000   0.
  2017 352  9 55 32 485 352.413570434      -4.82     -0.46      0.69  0.       -4818.716       2307.677      -2198.378    0.000   0.000   0.000   0.
  2017 352  9 55 33 485 352.413582008      -4.86     -0.55      0.85  0.       -4817.459       2305.590      -2199.916    0.000   0.000   0.000   0.
  2017 352  9 55 34 485 352.413593582      -4.91     -0.56      0.95  0.       -4816.201       2303.502      -2201.454    0.000   0.000   0.000   0.
  2017 352  9 55 35 485 352.413605156      -4.80     -0.56      1.08  0.       -4814.942       2301.414      -2202.991    0.000   0.000   0.000   0.
  2017 352  9 55 36 485 352.413616730      -4.89     -0.46      1.07  0.       -4813.683       2299.325      -2204.527    0.000   0.000   0.000   0.
  2017 352  9 55 37 485 352.413628304      -4.97     -0.38      1.10  0.       -4812.422       2297.236      -2206.064    0.000   0.000   0.000   0.
  2017 352  9 55 38 485 352.413639876      -5.22     -0.31      1.16  0.       -4811.160       2295.146      -2207.599    0.000   0.000   0.000   0.
  2017 352  9 55 39 485 352.413651450      -5.12     -0.34      1.33  0.       -4809.896       2293.056      -2209.134    0.000   0.000   0.000   0.
  2017 352  9 55 40 485 352.413663024      -5.09     -0.34      1.38  0.       -4808.632       2290.966      -2210.669    0.000   0.000   0.000   0.
  2017 352  9 55 41 485 352.413674598      -5.12     -0.36      1.37  0.       -4807.367       2288.874      -2212.203    0.000   0.000   0.000   0.
  2017 352  9 55 42 485 352.413686172      -5.29     -0.37      1.50  0.       -4806.101       2286.783      -2213.737    0.000   0.000   0.000   0.
  2017 352  9 55 43 485 352.413697746      -5.39     -0.39      1.57  0.       -4804.833       2284.690      -2215.270    0.000   0.000   0.000   0.
  2017 352  9 55 44 485 352.413709320      -5.43     -0.43      1.58  0.       -4803.565       2282.598      -2216.802    0.000   0.000   0.000   0.
  2017 352  9 55 45 485 352.413720894      -5.36     -0.42      1.66  0.       -4802.295       2280.504      -2218.335    0.000   0.000   0.000   0.
  2017 352  9 55 46 485 352.413732468      -5.31     -0.40      1.72  0.       -4801.025       2278.411      -2219.866    0.000   0.000   0.000   0.
  2017 352  9 55 47 485 352.413744042      -5.31     -0.37      1.68  0.       -4799.753       2276.316      -2221.397    0.000   0.000   0.000   0.
  2017 352  9 55 48 485 352.413755616      -5.46     -0.32      1.62  0.       -4798.480       2274.222      -2222.928    0.000   0.000   0.000   0.
  2017 352  9 55 49 485 352.413767190      -5.69     -0.37      1.54  0.       -4797.206       2272.126      -2224.458    0.000   0.000   0.000   0.
  2017 352  9 55 50 485 352.413778764      -5.77     -0.42      1.51  0.       -4795.931       2270.031      -2225.988    0.000   0.000   0.000   0.
  2017 352  9 55 51 485 352.413790339      -5.71     -0.42      1.49  0.       -4794.655       2267.934      -2227.517    0.000   0.000   0.000   0.
  2017 352  9 55 52 485 352.413801913      -5.63     -0.41      1.58  0.       -4793.378       2265.838      -2229.046    0.000   0.000   0.000   0.
  2017 352  9 55 53 485 352.413813487      -5.70     -0.44      1.64  0.       -4792.100       2263.740      -2230.574    0.000   0.000   0.000   0.
  2017 352  9 55 54 485 352.413825061      -5.71     -0.46      1.73  0.       -4790.821       2261.642      -2232.101    0.000   0.000   0.000   0.
  2017 352  9 55 55 485 352.413836635      -5.64     -0.49      1.76  0.       -4789.540       2259.544      -2233.629    0.000   0.000   0.000   0.
  2017 352  9 55 56 485 352.413848209      -5.61     -0.44      1.80  0.       -4788.259       2257.445      -2235.155    0.000   0.000   0.000   0.
  2017 352  9 55 57 485 352.413859783      -5.57     -0.41      1.81  0.       -4786.977       2255.346      -2236.681    0.000   0.000   0.000   0.
  2017 352  9 55 58 485 352.413871357      -5.45     -0.35      1.76  0.       -4785.693       2253.246      -2238.207    0.000   0.000   0.000   0.
  2017 352  9 55 59 485 352.413882931      -5.34     -0.24      1.73  0.       -4784.408       2251.146      -2239.732    0.000   0.000   0.000   0.
  2017 352  9 56  0 485 352.413894505      -5.36     -0.19      1.71  0.       -4783.123       2249.045      -2241.257    0.000   0.000   0.000   0.
  2017 352  9 56  1 485 352.413906079      -5.40     -0.10      1.62  0.       -4781.836       2246.943      -2242.781    0.000   0.000   0.000   0.
  2017 352  9 56  2 485 352.413917653      -5.42     -0.02      1.51  0.       -4780.548       2244.842      -2244.304    0.000   0.000   0.000   0.
  2017 352  9 56  3 485 352.413929227      -5.40      0.04      1.40  0.       -4779.259       2242.739      -2245.827    0.000   0.000   0.000   0.
  2017 352  9 56  4 485 352.413940802      -5.46      0.08      1.28  0.       -4777.969       2240.636      -2247.350    0.000   0.000   0.000   0.
  2017 352  9 56  5 485 352.413952376      -5.65      0.06      1.20  0.       -4776.678       2238.533      -2248.872    0.000   0.000   0.000   0.
  2017 352  9 56  6 485 352.413963950      -5.76      0.06      1.20  0.       -4775.386       2236.429      -2250.394    0.000   0.000   0.000   0.
  2017 352  9 56  7 485 352.413975524      -5.93      0.12      1.19  0.       -4774.092       2234.324      -2251.915    0.000   0.000   0.000   0.
  2017 352  9 56  8 485 352.413987095      -6.25      0.10      1.10  0.       -4772.798       2232.220      -2253.435    0.000   0.000   0.000   0.
  2017 352  9 56  9 485 352.413998669      -6.40      0.16      1.04  0.       -4771.503       2230.114      -2254.955    0.000   0.000   0.000   0.
  2017 352  9 56 10 484 352.414010243      -6.55      0.21      1.01  0.       -4770.206       2228.008      -2256.475    0.000   0.000   0.000   0.
  2017 352  9 56 11 484 352.414021817      -6.66      0.25      0.92  0.       -4768.908       2225.902      -2257.994    0.000   0.000   0.000   0.
  2017 352  9 56 12 484 352.414033391      -6.75      0.20      0.93  0.       -4767.610       2223.795      -2259.512    0.000   0.000   0.000   0.
  2017 352  9 56 13 484 352.414044965      -6.79      0.19      0.96  0.       -4766.310       2221.687      -2261.030    0.000   0.000   0.000   0.
  2017 352  9 56 14 485 352.414056539      -6.92      0.14      0.91  0.       -4765.009       2219.579      -2262.547    0.000   0.000   0.000   0.
  2017 352  9 56 15 485 352.414068113      -7.00      0.13      0.84  0.       -4763.707       2217.471      -2264.064    0.000   0.000   0.000   0.
  2017 352  9 56 16 485 352.414079688      -7.01      0.07      0.84  0.       -4762.404       2215.362      -2265.581    0.000   0.000   0.000   0.
  2017 352  9 56 17 484 352.414091262      -7.02      0.07      0.79  0.       -4761.100       2213.252      -2267.097    0.000   0.000   0.000   0.
  2017 352  9 56 18 484 352.414102836      -7.05      0.06      0.78  0.       -4759.794       2211.142      -2268.612    0.000   0.000   0.000   0.
  2017 352  9 56 19 485 352.414114410      -7.06      0.03      0.69  0.       -4758.488       2209.032      -2270.127    0.000   0.000   0.000   0.
  2017 352  9 56 20 485 352.414125984      -7.05      0.02      0.64  0.       -4757.181       2206.921      -2271.641    0.000   0.000   0.000   0.
  2017 352  9 56 21 485 352.414137558      -7.04      0.01      0.59  0.       -4755.872       2204.809      -2273.155    0.000   0.000   0.000   0.
  2017 352  9 56 22 485 352.414149132      -7.11     -0.04      0.59  0.       -4754.563       2202.697      -2274.668    0.000   0.000   0.000   0.
  2017 352  9 56 23 484 352.414160706      -7.08     -0.11      0.59  0.       -4753.252       2200.585      -2276.181    0.000   0.000   0.000   0.
  2017 352  9 56 24 484 352.414172280      -7.11     -0.06      0.68  0.       -4751.940       2198.472      -2277.693    0.000   0.000   0.000   0.
  2017 352  9 56 25 484 352.414183854      -7.08     -0.01      0.82  0.       -4750.627       2196.358      -2279.205    0.000   0.000   0.000   0.
  2017 352  9 56 26 484 352.414195428      -6.93     -0.03      0.92  0.       -4749.313       2194.244      -2280.716    0.000   0.000   0.000   0.
  2017 352  9 56 27 484 352.414207002      -6.84     -0.13      0.93  0.       -4747.998       2192.129      -2282.227    0.000   0.000   0.000   0.
  2017 352  9 56 28 485 352.414218576      -6.81     -0.20      0.94  0.       -4746.682       2190.014      -2283.737    0.000   0.000   0.000   0.
  2017 352  9 56 29 485 352.414230150      -6.83     -0.27      1.03  0.       -4745.365       2187.899      -2285.246    0.000   0.000   0.000   0.
  2017 352  9 56 30 484 352.414241725      -6.81     -0.28      1.04  0.       -4744.046       2185.783      -2286.755    0.000   0.000   0.000   0.
  2017 352  9 56 31 484 352.414253299      -6.76     -0.28      1.05  0.       -4742.727       2183.666      -2288.264    0.000   0.000   0.000   0.
  2017 352  9 56 32 485 352.414264873      -6.72     -0.29      1.00  0.       -4741.406       2181.549      -2289.772    0.000   0.000   0.000   0.
  2017 352  9 56 33 485 352.414276447      -6.60     -0.29      0.95  0.       -4740.085       2179.431      -2291.279    0.000   0.000   0.000   0.
  2017 352  9 56 34 485 352.414288021      -6.62     -0.30      0.82  0.       -4738.762       2177.313      -2292.786    0.000   0.000   0.000   0.
  2017 352  9 56 35 485 352.414299595      -6.60     -0.31      0.70  0.       -4737.438       2175.195      -2294.293    0.000   0.000   0.000   0.
  2017 352  9 56 36 485 352.414311169      -6.59     -0.30      0.63  0.       -4736.113       2173.076      -2295.799    0.000   0.000   0.000   0.
  2017 352  9 56 37 484 352.414322743      -6.56     -0.47      0.70  0.       -4734.787       2170.956      -2297.304    0.000   0.000   0.000   0.
  2017 352  9 56 38 484 352.414334317      -6.50     -0.54      0.80  0.       -4733.460       2168.836      -2298.809    0.000   0.000   0.000   0.
  2017 352  9 56 39 484 352.414345891      -6.45     -0.57      0.88  0.       -4732.132       2166.715      -2300.313    0.000   0.000   0.000   0.
  2017 352  9 56 40 484 352.414357463      -6.42     -0.66      0.99  0.       -4730.803       2164.594      -2301.817    0.000   0.000   0.000   0.
  2017 352  9 56 41 484 352.414369036      -6.41     -0.72      1.03  0.       -4729.472       2162.473      -2303.320    0.000   0.000   0.000   0.
  2017 352  9 56 42 484 352.414380611      -6.40     -0.76      1.09  0.       -4728.141       2160.350      -2304.823    0.000   0.000   0.000   0.
  2017 352  9 56 43 484 352.414392185      -6.39     -0.80      1.08  0.       -4726.808       2158.228      -2306.325    0.000   0.000   0.000   0.
  2017 352  9 56 44 484 352.414403759      -6.41     -0.86      1.04  0.       -4725.475       2156.105      -2307.826    0.000   0.000   0.000   0.
  2017 352  9 56 45 484 352.414415333      -6.39     -0.84      1.07  0.       -4724.140       2153.981      -2309.327    0.000   0.000   0.000   0.
  2017 352  9 56 46 484 352.414426907      -6.34     -0.84      1.04  0.       -4722.804       2151.857      -2310.828    0.000   0.000   0.000   0.
  2017 352  9 56 47 484 352.414438481      -6.38     -0.84      1.00  0.       -4721.467       2149.732      -2312.328    0.000   0.000   0.000   0.
  2017 352  9 56 48 484 352.414450055      -6.38     -0.83      1.02  0.       -4720.129       2147.607      -2313.827    0.000   0.000   0.000   0.
  2017 352  9 56 49 484 352.414461629      -6.43     -0.82      1.04  0.       -4718.789       2145.482      -2315.326    0.000   0.000   0.000   0.
  2017 352  9 56 50 484 352.414473203      -6.41     -0.75      0.98  0.       -4717.449       2143.355      -2316.825    0.000   0.000   0.000   0.
  2017 352  9 56 51 484 352.414484777      -6.45     -0.76      0.87  0.       -4716.108       2141.229      -2318.322    0.000   0.000   0.000   0.
  2017 352  9 56 52 484 352.414496351      -6.44     -0.76      0.73  0.       -4714.765       2139.102      -2319.820    0.000   0.000   0.000   0.
  2017 352  9 56 53 484 352.414507925      -6.34     -0.76      0.74  0.       -4713.422       2136.974      -2321.316    0.000   0.000   0.000   0.
  2017 352  9 56 54 484 352.414519499      -6.27     -0.70      0.74  0.       -4712.077       2134.846      -2322.813    0.000   0.000   0.000   0.
  2017 352  9 56 55 484 352.414531073      -6.24     -0.76      0.75  0.       -4710.731       2132.717      -2324.308    0.000   0.000   0.000   0.
  2017 352  9 56 56 484 352.414542648      -6.22     -0.83      0.77  0.       -4709.384       2130.588      -2325.803    0.000   0.000   0.000   0.
  2017 352  9 56 57 484 352.414554222      -6.22     -0.82      0.67  0.       -4708.036       2128.458      -2327.298    0.000   0.000   0.000   0.
  2017 352  9 56 58 484 352.414565796      -6.12     -0.77      0.64  0.       -4706.687       2126.328      -2328.792    0.000   0.000   0.000   0.
  2017 352  9 56 59 484 352.414577370      -6.04     -0.79      0.55  0.       -4705.337       2124.198      -2330.285    0.000   0.000   0.000   0.
  2017 352  9 57  0 484 352.414588944      -6.01     -0.89      0.45  0.       -4703.985       2122.066      -2331.778    0.000   0.000   0.000   0.
  2017 352  9 57  1 484 352.414600518      -5.95     -1.01      0.39  0.       -4702.633       2119.935      -2333.270    0.000   0.000   0.000   0.
  2017 352  9 57  2 484 352.414612092      -5.73     -1.15      0.45  0.       -4701.279       2117.803      -2334.762    0.000   0.000   0.000   0.
  2017 352  9 57  3 484 352.414623666      -5.60     -1.25      0.53  0.       -4699.925       2115.670      -2336.253    0.000   0.000   0.000   0.
  2017 352  9 57  4 484 352.414635240      -5.62     -1.31      0.53  0.       -4698.569       2113.537      -2337.744    0.000   0.000   0.000   0.
  2017 352  9 57  5 484 352.414646814      -5.56     -1.42      0.53  0.       -4697.212       2111.403      -2339.234    0.000   0.000   0.000   0.
  2017 352  9 57  6 484 352.414658388      -5.44     -1.49      0.59  0.       -4695.854       2109.269      -2340.724    0.000   0.000   0.000   0.
  2017 352  9 57  7 484 352.414669962      -5.32     -1.55      0.62  0.       -4694.495       2107.135      -2342.213    0.000   0.000   0.000   0.
  2017 352  9 57  8 484 352.414681536      -5.29     -1.61      0.62  0.       -4693.135       2104.999      -2343.701    0.000   0.000   0.000   0.
  2017 352  9 57  9 484 352.414693111      -5.18     -1.67      0.67  0.       -4691.773       2102.864      -2345.189    0.000   0.000   0.000   0.
  2017 352  9 57 10 484 352.414704682      -5.14     -1.74      0.71  0.       -4690.411       2100.728      -2346.676    0.000   0.000   0.000   0.
  2017 352  9 57 11 484 352.414716256      -4.92     -1.81      0.82  0.       -4689.047       2098.591      -2348.163    0.000   0.000   0.000   0.
  2017 352  9 57 12 484 352.414727830      -4.78     -1.96      0.96  0.       -4687.682       2096.454      -2349.649    0.000   0.000   0.000   0.
  2017 352  9 57 13 484 352.414739404      -4.69     -2.08      1.03  0.       -4686.317       2094.316      -2351.135    0.000   0.000   0.000   0.
  2017 352  9 57 14 484 352.414750978      -4.63     -2.07      1.09  0.       -4684.950       2092.178      -2352.620    0.000   0.000   0.000   0.
  2017 352  9 57 15 484 352.414762552      -4.70     -2.01      1.16  0.       -4683.582       2090.039      -2354.105    0.000   0.000   0.000   0.
  2017 352  9 57 16 484 352.414774126      -4.68     -1.96      1.25  0.       -4682.213       2087.900      -2355.589    0.000   0.000   0.000   0.
  2017 352  9 57 17 484 352.414785700      -4.73     -1.96      1.31  0.       -4680.842       2085.761      -2357.072    0.000   0.000   0.000   0.
  2017 352  9 57 18 484 352.414797274      -4.79     -2.04      1.39  0.       -4679.471       2083.621      -2358.555    0.000   0.000   0.000   0.
  2017 352  9 57 19 484 352.414808848      -4.87     -2.12      1.43  0.       -4678.098       2081.480      -2360.037    0.000   0.000   0.000   0.
  2017 352  9 57 20 484 352.414820423      -4.85     -2.14      1.50  0.       -4676.725       2079.339      -2361.519    0.000   0.000   0.000   0.
  2017 352  9 57 21 484 352.414831996      -4.89     -2.16      1.53  0.       -4675.350       2077.197      -2363.000    0.000   0.000   0.000   0.
  2017 352  9 57 22 484 352.414843571      -4.91     -2.20      1.58  0.       -4673.974       2075.055      -2364.481    0.000   0.000   0.000   0.
  2017 352  9 57 23 484 352.414855145      -4.98     -2.20      1.57  0.       -4672.597       2072.913      -2365.961    0.000   0.000   0.000   0.
  2017 352  9 57 24 484 352.414866719      -4.97     -2.11      1.49  0.       -4671.219       2070.770      -2367.440    0.000   0.000   0.000   0.
  2017 352  9 57 25 484 352.414878293      -5.02     -2.00      1.34  0.       -4669.840       2068.626      -2368.919    0.000   0.000   0.000   0.
  2017 352  9 57 26 484 352.414889867      -4.89     -1.97      1.35  0.       -4668.460       2066.481      -2370.397    0.000   0.000   0.000   0.
  2017 352  9 57 27 484 352.414901441      -4.91     -2.00      1.31  0.       -4667.078       2064.337      -2371.875    0.000   0.000   0.000   0.
  2017 352  9 57 28 484 352.414913015      -4.89     -2.00      1.23  0.       -4665.696       2062.192      -2373.352    0.000   0.000   0.000   0.
  2017 352  9 57 29 484 352.414924589      -4.77     -1.96      1.17  0.       -4664.312       2060.047      -2374.829    0.000   0.000   0.000   0.
  2017 352  9 57 30 484 352.414936163      -4.61     -1.93      1.24  0.       -4662.927       2057.901      -2376.305    0.000   0.000   0.000   0.
  2017 352  9 57 31 484 352.414947737      -4.52     -1.89      1.24  0.       -4661.542       2055.754      -2377.781    0.000   0.000   0.000   0.
  2017 352  9 57 32 484 352.414959311      -4.48     -1.85      1.31  0.       -4660.154       2053.607      -2379.255    0.000   0.000   0.000   0.
  2017 352  9 57 33 484 352.414970885      -4.47     -1.82      1.34  0.       -4658.766       2051.459      -2380.730    0.000   0.000   0.000   0.
  2017 352  9 57 34 484 352.414982459      -4.41     -1.82      1.34  0.       -4657.377       2049.311      -2382.203    0.000   0.000   0.000   0.
  2017 352  9 57 35 484 352.414994034      -4.49     -1.77      1.33  0.       -4655.987       2047.163      -2383.677    0.000   0.000   0.000   0.
  2017 352  9 57 36 484 352.415005608      -4.54     -1.65      1.35  0.       -4654.595       2045.014      -2385.149    0.000   0.000   0.000   0.
  2017 352  9 57 37 484 352.415017182      -4.66     -1.64      1.33  0.       -4653.203       2042.864      -2386.621    0.000   0.000   0.000   0.
  2017 352  9 57 38 484 352.415028756      -4.69     -1.68      1.38  0.       -4651.809       2040.714      -2388.093    0.000   0.000   0.000   0.
  2017 352  9 57 39 484 352.415040330      -4.58     -1.68      1.49  0.       -4650.414       2038.564      -2389.564    0.000   0.000   0.000   0.
  2017 352  9 57 40 484 352.415051901      -4.61     -1.58      1.52  0.       -4649.018       2036.413      -2391.034    0.000   0.000   0.000   0.
  2017 352  9 57 41 484 352.415063475      -4.69     -1.54      1.52  0.       -4647.621       2034.261      -2392.504    0.000   0.000   0.000   0.
  2017 352  9 57 42 484 352.415075049      -4.74     -1.53      1.54  0.       -4646.222       2032.109      -2393.973    0.000   0.000   0.000   0.
  2017 352  9 57 43 484 352.415086623      -4.75     -1.54      1.61  0.       -4644.823       2029.957      -2395.441    0.000   0.000   0.000   0.
  2017 352  9 57 44 484 352.415098197      -4.70     -1.50      1.68  0.       -4643.423       2027.804      -2396.909    0.000   0.000   0.000   0.
  2017 352  9 57 45 484 352.415109771      -4.76     -1.40      1.69  0.       -4642.021       2025.650      -2398.377    0.000   0.000   0.000   0.
  2017 352  9 57 46 484 352.415121346      -4.85     -1.38      1.71  0.       -4640.618       2023.496      -2399.843    0.000   0.000   0.000   0.
  2017 352  9 57 47 484 352.415132920      -5.00     -1.43      1.65  0.       -4639.214       2021.342      -2401.309    0.000   0.000   0.000   0.
  2017 352  9 57 48 484 352.415144494      -5.01     -1.41      1.57  0.       -4637.809       2019.187      -2402.775    0.000   0.000   0.000   0.
  2017 352  9 57 49 484 352.415156068      -5.05     -1.43      1.50  0.       -4636.403       2017.031      -2404.240    0.000   0.000   0.000   0.
  2017 352  9 57 50 484 352.415167642      -5.11     -1.46      1.43  0.       -4634.996       2014.875      -2405.705    0.000   0.000   0.000   0.
  2017 352  9 57 51 484 352.415179216      -5.10     -1.40      1.41  0.       -4633.587       2012.719      -2407.168    0.000   0.000   0.000   0.
  2017 352  9 57 52 484 352.415190790      -5.12     -1.39      1.44  0.       -4632.178       2010.562      -2408.632    0.000   0.000   0.000   0.
  2017 352  9 57 53 484 352.415202364      -5.05     -1.42      1.49  0.       -4630.767       2008.405      -2410.094    0.000   0.000   0.000   0.
  2017 352  9 57 54 484 352.415213938      -4.97     -1.43      1.52  0.       -4629.355       2006.247      -2411.556    0.000   0.000   0.000   0.
  2017 352  9 57 55 484 352.415225512      -4.90     -1.45      1.55  0.       -4627.942       2004.088      -2413.018    0.000   0.000   0.000   0.
  2017 352  9 57 56 484 352.415237086      -4.88     -1.47      1.51  0.       -4626.528       2001.929      -2414.479    0.000   0.000   0.000   0.
  2017 352  9 57 57 484 352.415248660      -4.79     -1.51      1.53  0.       -4625.113       1999.770      -2415.939    0.000   0.000   0.000   0.
  2017 352  9 57 58 484 352.415260234      -4.67     -1.54      1.59  0.       -4623.697       1997.610      -2417.399    0.000   0.000   0.000   0.
  2017 352  9 57 59 484 352.415271808      -4.63     -1.57      1.63  0.       -4622.279       1995.450      -2418.858    0.000   0.000   0.000   0.
  2017 352  9 58  0 484 352.415283383      -4.53     -1.58      1.71  0.       -4620.861       1993.289      -2420.316    0.000   0.000   0.000   0.
  2017 352  9 58  1 484 352.415294957      -4.42     -1.57      1.76  0.       -4619.441       1991.128      -2421.774    0.000   0.000   0.000   0.
  2017 352  9 58  2 484 352.415306531      -4.31     -1.56      1.85  0.       -4618.020       1988.966      -2423.232    0.000   0.000   0.000   0.
  2017 352  9 58  3 484 352.415318105      -4.22     -1.59      1.88  0.       -4616.598       1986.803      -2424.688    0.000   0.000   0.000   0.
  2017 352  9 58  4 484 352.415329679      -4.22     -1.58      1.84  0.       -4615.175       1984.641      -2426.145    0.000   0.000   0.000   0.
  2017 352  9 58  5 484 352.415341253      -4.31     -1.56      1.82  0.       -4613.751       1982.477      -2427.600    0.000   0.000   0.000   0.
  2017 352  9 58  6 484 352.415352827      -4.33     -1.53      1.77  0.       -4612.325       1980.314      -2429.055    0.000   0.000   0.000   0.
  2017 352  9 58  7 484 352.415364401      -4.26     -1.48      1.73  0.       -4610.899       1978.149      -2430.509    0.000   0.000   0.000   0.
  2017 352  9 58  8 483 352.415375972      -4.27     -1.44      1.73  0.       -4609.471       1975.984      -2431.963    0.000   0.000   0.000   0.
  2017 352  9 58  9 483 352.415387546      -4.26     -1.41      1.76  0.       -4608.042       1973.819      -2433.416    0.000   0.000   0.000   0.
  2017 352  9 58 10 484 352.415399120      -4.21     -1.36      1.79  0.       -4606.612       1971.654      -2434.869    0.000   0.000   0.000   0.
  2017 352  9 58 11 484 352.415410694      -4.26     -1.30      1.76  0.       -4605.181       1969.487      -2436.321    0.000   0.000   0.000   0.
  2017 352  9 58 12 483 352.415422269      -4.39     -1.27      1.68  0.       -4603.749       1967.321      -2437.772    0.000   0.000   0.000   0.
  2017 352  9 58 13 483 352.415433843      -4.35     -1.22      1.65  0.       -4602.315       1965.153      -2439.223    0.000   0.000   0.000   0.
  2017 352  9 58 14 484 352.415445417      -4.40     -1.21      1.64  0.       -4600.881       1962.986      -2440.673    0.000   0.000   0.000   0.
  2017 352  9 58 15 484 352.415456991      -4.40     -1.19      1.64  0.       -4599.445       1960.818      -2442.122    0.000   0.000   0.000   0.
  2017 352  9 58 16 484 352.415468565      -4.39     -1.18      1.67  0.       -4598.008       1958.649      -2443.571    0.000   0.000   0.000   0.
  2017 352  9 58 17 484 352.415480139      -4.43     -1.19      1.69  0.       -4596.570       1956.480      -2445.020    0.000   0.000   0.000   0.
  2017 352  9 58 18 484 352.415491713      -4.36     -1.21      1.75  0.       -4595.131       1954.310      -2446.467    0.000   0.000   0.000   0.
  2017 352  9 58 19 483 352.415503287      -4.33     -1.24      1.78  0.       -4593.691       1952.140      -2447.914    0.000   0.000   0.000   0.
  2017 352  9 58 20 483 352.415514861      -4.30     -1.23      1.84  0.       -4592.250       1949.969      -2449.361    0.000   0.000   0.000   0.
  2017 352  9 58 21 483 352.415526435      -4.33     -1.26      1.87  0.       -4590.807       1947.798      -2450.807    0.000   0.000   0.000   0.
  2017 352  9 58 22 483 352.415538009      -4.37     -1.28      1.87  0.       -4589.363       1945.627      -2452.252    0.000   0.000   0.000   0.
  2017 352  9 58 23 483 352.415549583      -4.36     -1.28      1.91  0.       -4587.919       1943.455      -2453.696    0.000   0.000   0.000   0.
  2017 352  9 58 24 484 352.415561157      -4.36     -1.31      1.93  0.       -4586.473       1941.282      -2455.140    0.000   0.000   0.000   0.
  2017 352  9 58 25 484 352.415572731      -4.35     -1.32      1.89  0.       -4585.025       1939.109      -2456.584    0.000   0.000   0.000   0.
  2017 352  9 58 26 483 352.415584306      -4.35     -1.29      1.86  0.       -4583.577       1936.936      -2458.027    0.000   0.000   0.000   0.
  2017 352  9 58 27 483 352.415595880      -4.36     -1.28      1.88  0.       -4582.128       1934.762      -2459.469    0.000   0.000   0.000   0.
  2017 352  9 58 28 484 352.415607454      -4.30     -1.27      1.93  0.       -4580.677       1932.587      -2460.910    0.000   0.000   0.000   0.
  2017 352  9 58 29 484 352.415619028      -4.37     -1.28      1.93  0.       -4579.226       1930.412      -2462.351    0.000   0.000   0.000   0.
  2017 352  9 58 30 484 352.415630602      -4.32     -1.26      1.92  0.       -4577.773       1928.237      -2463.791    0.000   0.000   0.000   0.
  2017 352  9 58 31 484 352.415642176      -4.33     -1.26      1.93  0.       -4576.319       1926.061      -2465.231    0.000   0.000   0.000   0.
  2017 352  9 58 32 483 352.415653750      -4.39     -1.24      1.89  0.       -4574.863       1923.884      -2466.670    0.000   0.000   0.000   0.
  2017 352  9 58 33 483 352.415665324      -4.44     -1.26      1.86  0.       -4573.407       1921.707      -2468.109    0.000   0.000   0.000   0.
  2017 352  9 58 34 483 352.415676898      -4.52     -1.27      1.82  0.       -4571.950       1919.530      -2469.546    0.000   0.000   0.000   0.
  2017 352  9 58 35 483 352.415688472      -4.50     -1.26      1.90  0.       -4570.491       1917.352      -2470.984    0.000   0.000   0.000   0.
  2017 352  9 58 36 483 352.415700046      -4.48     -1.24      1.91  0.       -4569.032       1915.174      -2472.420    0.000   0.000   0.000   0.
  2017 352  9 58 37 484 352.415711620      -4.51     -1.21      1.92  0.       -4567.571       1912.995      -2473.856    0.000   0.000   0.000   0.
  2017 352  9 58 38 499 352.415723373      -4.53     -1.20      1.91  0.       -4566.086       1910.782      -2475.314    0.000   0.000   0.000   0.
  2017 352  9 58 39 514 352.415735127      -4.50     -1.16      1.93  0.       -4564.600       1908.568      -2476.771    0.000   0.000   0.000   0.
  2017 352  9 58 40 515 352.415746701      -4.50     -1.18      2.00  0.       -4563.135       1906.387      -2478.205    0.000   0.000   0.000   0.
  2017 352  9 58 41 515 352.415758275      -4.42     -1.17      2.05  0.       -4561.670       1904.207      -2479.639    0.000   0.000   0.000   0.
  2017 352  9 58 42 514 352.415769850      -4.38     -1.15      2.03  0.       -4560.203       1902.025      -2481.071    0.000   0.000   0.000   0.
  2017 352  9 58 43 514 352.415781424      -4.31     -1.12      2.07  0.       -4558.735       1899.844      -2482.503    0.000   0.000   0.000   0.
  2017 352  9 58 44 515 352.415792998      -4.41     -1.12      2.01  0.       -4557.266       1897.661      -2483.935    0.000   0.000   0.000   0.
  2017 352  9 58 45 515 352.415804572      -4.43     -1.09      1.96  0.       -4555.796       1895.479      -2485.366    0.000   0.000   0.000   0.
  2017 352  9 58 46 515 352.415816146      -4.47     -1.04      1.91  0.       -4554.325       1893.295      -2486.796    0.000   0.000   0.000   0.
  2017 352  9 58 47 515 352.415827720      -4.53     -1.03      1.85  0.       -4552.852       1891.112      -2488.226    0.000   0.000   0.000   0.
  2017 352  9 58 48 515 352.415839294      -4.52     -1.03      1.85  0.       -4551.379       1888.928      -2489.655    0.000   0.000   0.000   0.
  2017 352  9 58 49 514 352.415850868      -4.49     -0.99      1.87  0.       -4549.904       1886.743      -2491.083    0.000   0.000   0.000   0.
  2017 352  9 58 50 514 352.415862442      -4.57     -0.98      1.83  0.       -4548.428       1884.558      -2492.511    0.000   0.000   0.000   0.
  2017 352  9 58 51 514 352.415874016      -4.56     -0.97      1.78  0.       -4546.951       1882.372      -2493.938    0.000   0.000   0.000   0.
  2017 352  9 58 52 514 352.415885590      -4.51     -0.94      1.78  0.       -4545.473       1880.186      -2495.365    0.000   0.000   0.000   0.
  2017 352  9 58 53 515 352.415897164      -4.47     -0.91      1.78  0.       -4543.993       1878.000      -2496.790    0.000   0.000   0.000   0.
  2017 352  9 58 54 515 352.415908738      -4.52     -0.89      1.71  0.       -4542.513       1875.813      -2498.216    0.000   0.000   0.000   0.
  2017 352  9 58 55 515 352.415920313      -4.47     -0.84      1.70  0.       -4541.031       1873.625      -2499.640    0.000   0.000   0.000   0.
  2017 352  9 58 56 514 352.415931887      -4.44     -0.83      1.68  0.       -4539.548       1871.437      -2501.064    0.000   0.000   0.000   0.
  2017 352  9 58 57 514 352.415943461      -4.43     -0.79      1.62  0.       -4538.064       1869.249      -2502.487    0.000   0.000   0.000   0.
  2017 352  9 58 58 515 352.415955035      -4.44     -0.74      1.58  0.       -4536.579       1867.060      -2503.910    0.000   0.000   0.000   0.
  2017 352  9 58 59 515 352.415966609      -4.52     -0.72      1.50  0.       -4535.093       1864.870      -2505.332    0.000   0.000   0.000   0.
  2017 352  9 59  0 515 352.415978183      -4.57     -0.69      1.41  0.       -4533.605       1862.680      -2506.753    0.000   0.000   0.000   0.
  2017 352  9 59  1 515 352.415989757      -4.65     -0.66      1.35  0.       -4532.117       1860.490      -2508.174    0.000   0.000   0.000   0.
  2017 352  9 59  2 514 352.416001331      -4.64     -0.64      1.29  0.       -4530.627       1858.299      -2509.594    0.000   0.000   0.000   0.
  2017 352  9 59  3 514 352.416012905      -4.59     -0.55      1.31  0.       -4529.136       1856.108      -2511.013    0.000   0.000   0.000   0.
  2017 352  9 59  4 514 352.416024479      -4.53     -0.48      1.36  0.       -4527.644       1853.916      -2512.432    0.000   0.000   0.000   0.
  2017 352  9 59  5 514 352.416036053      -4.48     -0.50      1.37  0.       -4526.150       1851.724      -2513.850    0.000   0.000   0.000   0.
  2017 352  9 59  6 514 352.416047627      -4.45     -0.49      1.42  0.       -4524.656       1849.531      -2515.268    0.000   0.000   0.000   0.
  2017 352  9 59  7 515 352.416059201      -4.38     -0.44      1.45  0.       -4523.160       1847.338      -2516.685    0.000   0.000   0.000   0.
  2017 352  9 59  8 514 352.416070773      -4.33     -0.42      1.42  0.       -4521.663       1845.144      -2518.101    0.000   0.000   0.000   0.
  2017 352  9 59  9 514 352.416082347      -4.32     -0.47      1.45  0.       -4520.165       1842.950      -2519.516    0.000   0.000   0.000   0.
  2017 352  9 59 10 514 352.416093921      -4.26     -0.45      1.43  0.       -4518.666       1840.755      -2520.931    0.000   0.000   0.000   0.
  2017 352  9 59 11 514 352.416105495      -4.24     -0.43      1.39  0.       -4517.166       1838.560      -2522.345    0.000   0.000   0.000   0.
  2017 352  9 59 12 514 352.416117069      -4.25     -0.39      1.39  0.       -4515.664       1836.364      -2523.759    0.000   0.000   0.000   0.
  2017 352  9 59 13 514 352.416128643      -4.24     -0.41      1.35  0.       -4514.161       1834.168      -2525.172    0.000   0.000   0.000   0.
  2017 352  9 59 14 514 352.416140217      -4.25     -0.39      1.32  0.       -4512.658       1831.972      -2526.584    0.000   0.000   0.000   0.
  2017 352  9 59 15 514 352.416151791      -4.26     -0.40      1.30  0.       -4511.153       1829.775      -2527.996    0.000   0.000   0.000   0.
  2017 352  9 59 16 514 352.416163365      -4.23     -0.43      1.28  0.       -4509.647       1827.577      -2529.407    0.000   0.000   0.000   0.
  2017 352  9 59 17 514 352.416174939      -4.29     -0.44      1.23  0.       -4508.139       1825.379      -2530.817    0.000   0.000   0.000   0.
  2017 352  9 59 18 514 352.416186513      -4.28     -0.42      1.21  0.       -4506.631       1823.181      -2532.226    0.000   0.000   0.000   0.
  2017 352  9 59 19 514 352.416198087      -4.22     -0.46      1.27  0.       -4505.121       1820.982      -2533.635    0.000   0.000   0.000   0.
  2017 352  9 59 20 514 352.416209661      -4.19     -0.48      1.26  0.       -4503.611       1818.783      -2535.044    0.000   0.000   0.000   0.
  2017 352  9 59 21 514 352.416221236      -4.33     -0.43      1.24  0.       -4502.099       1816.583      -2536.451    0.000   0.000   0.000   0.
  2017 352  9 59 22 514 352.416232810      -4.36     -0.43      1.26  0.       -4500.585       1814.382      -2537.858    0.000   0.000   0.000   0.
  2017 352  9 59 23 514 352.416244384      -4.32     -0.40      1.24  0.       -4499.071       1812.181      -2539.265    0.000   0.000   0.000   0.
  2017 352  9 59 24 514 352.416255958      -4.36     -0.45      1.27  0.       -4497.555       1809.980      -2540.670    0.000   0.000   0.000   0.
  2017 352  9 59 25 514 352.416267532      -4.45     -0.48      1.22  0.       -4496.039       1807.778      -2542.075    0.000   0.000   0.000   0.
  2017 352  9 59 26 514 352.416279106      -4.47     -0.47      1.23  0.       -4494.521       1805.576      -2543.480    0.000   0.000   0.000   0.
  2017 352  9 59 27 514 352.416290680      -4.52     -0.46      1.20  0.       -4493.002       1803.373      -2544.883    0.000   0.000   0.000   0.
  2017 352  9 59 28 514 352.416302254      -4.55     -0.46      1.15  0.       -4491.482       1801.170      -2546.286    0.000   0.000   0.000   0.
  2017 352  9 59 29 514 352.416313828      -4.57     -0.43      1.14  0.       -4489.960       1798.967      -2547.689    0.000   0.000   0.000   0.
  2017 352  9 59 30 514 352.416325402      -4.51     -0.47      1.14  0.       -4488.438       1796.763      -2549.090    0.000   0.000   0.000   0.
  2017 352  9 59 31 514 352.416336976      -4.55     -0.48      1.16  0.       -4486.914       1794.558      -2550.491    0.000   0.000   0.000   0.
  2017 352  9 59 32 514 352.416348550      -4.53     -0.50      1.21  0.       -4485.389       1792.353      -2551.892    0.000   0.000   0.000   0.
  2017 352  9 59 33 514 352.416360124      -4.62     -0.52      1.24  0.       -4483.863       1790.147      -2553.291    0.000   0.000   0.000   0.
  2017 352  9 59 34 514 352.416371698      -4.62     -0.46      1.24  0.       -4482.336       1787.941      -2554.690    0.000   0.000   0.000   0.
  2017 352  9 59 35 514 352.416383273      -4.59     -0.40      1.20  0.       -4480.807       1785.735      -2556.089    0.000   0.000   0.000   0.
  2017 352  9 59 36 514 352.416394847      -4.57     -0.49      1.14  0.       -4479.278       1783.528      -2557.486    0.000   0.000   0.000   0.
  2017 352  9 59 37 514 352.416406421      -4.59     -0.53      1.15  0.       -4477.747       1781.320      -2558.883    0.000   0.000   0.000   0.
  2017 352  9 59 38 514 352.416417992      -4.61     -0.54      1.14  0.       -4476.215       1779.113      -2560.279    0.000   0.000   0.000   0.
  2017 352  9 59 39 514 352.416429566      -4.54     -0.53      1.07  0.       -4474.682       1776.904      -2561.675    0.000   0.000   0.000   0.
  2017 352  9 59 40 514 352.416441140      -4.49     -0.56      1.09  0.       -4473.148       1774.695      -2563.070    0.000   0.000   0.000   0.
  2017 352  9 59 41 514 352.416452714      -4.55     -0.61      1.10  0.       -4471.612       1772.486      -2564.464    0.000   0.000   0.000   0.
  2017 352  9 59 42 514 352.416464288      -4.59     -0.60      1.04  0.       -4470.075       1770.276      -2565.858    0.000   0.000   0.000   0.
  2017 352  9 59 43 514 352.416475862      -4.51     -0.58      1.02  0.       -4468.537       1768.066      -2567.251    0.000   0.000   0.000   0.
  2017 352  9 59 44 514 352.416487436      -4.49     -0.61      1.04  0.       -4466.999       1765.855      -2568.643    0.000   0.000   0.000   0.
  2017 352  9 59 45 514 352.416499010      -4.44     -0.64      1.08  0.       -4465.458       1763.644      -2570.034    0.000   0.000   0.000   0.
  2017 352  9 59 46 514 352.416510584      -4.40     -0.63      1.06  0.       -4463.917       1761.433      -2571.425    0.000   0.000   0.000   0.
  2017 352  9 59 47 514 352.416522159      -4.28     -0.62      1.09  0.       -4462.374       1759.221      -2572.815    0.000   0.000   0.000   0.
  2017 352  9 59 48 514 352.416533733      -4.24     -0.61      1.08  0.       -4460.830       1757.008      -2574.205    0.000   0.000   0.000   0.
  2017 352  9 59 49 514 352.416545307      -4.15     -0.60      1.08  0.       -4459.285       1754.795      -2575.594    0.000   0.000   0.000   0.
  2017 352  9 59 50 514 352.416556881      -4.22     -0.61      1.05  0.       -4457.739       1752.581      -2576.982    0.000   0.000   0.000   0.
  2017 352  9 59 51 514 352.416568455      -4.16     -0.56      0.98  0.       -4456.192       1750.368      -2578.369    0.000   0.000   0.000   0.
  2017 352  9 59 52 514 352.416580029      -4.13     -0.54      0.98  0.       -4454.644       1748.153      -2579.756    0.000   0.000   0.000   0.
  2017 352  9 59 53 514 352.416591603      -4.12     -0.55      1.00  0.       -4453.094       1745.938      -2581.142    0.000   0.000   0.000   0.
  2017 352  9 59 54 514 352.416603177      -4.15     -0.55      0.94  0.       -4451.543       1743.723      -2582.527    0.000   0.000   0.000   0.
  2017 352  9 59 55 514 352.416614751      -4.18     -0.53      0.87  0.       -4449.991       1741.507      -2583.912    0.000   0.000   0.000   0.
  2017 352  9 59 56 514 352.416626325      -4.20     -0.53      0.84  0.       -4448.438       1739.291      -2585.296    0.000   0.000   0.000   0.
  2017 352  9 59 57 514 352.416637899      -4.19     -0.52      0.77  0.       -4446.883       1737.074      -2586.679    0.000   0.000   0.000   0.
  2017 352  9 59 58 514 352.416649473      -4.24     -0.49      0.74  0.       -4445.328       1734.857      -2588.062    0.000   0.000   0.000   0.
  2017 352  9 59 59 514 352.416661047      -4.30     -0.50      0.66  0.       -4443.771       1732.639      -2589.444    0.000   0.000   0.000   0.
  2017 352 10  0  0 514 352.416672622      -4.29     -0.52      0.69  0.       -4442.213       1730.421      -2590.825    0.000   0.000   0.000   0.
  2017 352 10  0  1 514 352.416684196      -4.26     -0.51      0.67  0.       -4440.654       1728.202      -2592.206    0.000   0.000   0.000   0.
  2017 352 10  0  2 514 352.416695770      -4.28     -0.52      0.62  0.       -4439.093       1725.983      -2593.585    0.000   0.000   0.000   0.
  2017 352 10  0  3 514 352.416707344      -4.33     -0.52      0.57  0.       -4437.532       1723.764      -2594.965    0.000   0.000   0.000   0.
  2017 352 10  0  4 514 352.416718918      -4.33     -0.53      0.56  0.       -4435.969       1721.544      -2596.343    0.000   0.000   0.000   0.
  2017 352 10  0  5 514 352.416730492      -4.35     -0.50      0.54  0.       -4434.405       1719.323      -2597.721    0.000   0.000   0.000   0.
  2017 352 10  0  6 514 352.416742066      -4.35     -0.49      0.55  0.       -4432.840       1717.102      -2599.097    0.000   0.000   0.000   0.
  2017 352 10  0  7 514 352.416753640      -4.36     -0.44      0.51  0.       -4431.273       1714.881      -2600.474    0.000   0.000   0.000   0.
  2017 352 10  0  8 514 352.416765214      -4.40     -0.46      0.52  0.       -4429.706       1712.659      -2601.849    0.000   0.000   0.000   0.
  2017 352 10  0  9 514 352.416776788      -4.38     -0.46      0.54  0.       -4428.137       1710.437      -2603.225    0.000   0.000   0.000   0.
  2017 352 10  0 10 514 352.416788359      -4.39     -0.48      0.52  0.       -4426.567       1708.214      -2604.599    0.000   0.000   0.000   0.
  2017 352 10  0 11 514 352.416799933      -4.49     -0.50      0.47  0.       -4424.996       1705.991      -2605.972    0.000   0.000   0.000   0.
  2017 352 10  0 12 514 352.416811508      -4.58     -0.46      0.40  0.       -4423.424       1703.767      -2607.345    0.000   0.000   0.000   0.
  2017 352 10  0 13 514 352.416823082      -4.58     -0.45      0.36  0.       -4421.850       1701.543      -2608.717    0.000   0.000   0.000   0.
  2017 352 10  0 14 514 352.416834656      -4.53     -0.42      0.33  0.       -4420.276       1699.318      -2610.089    0.000   0.000   0.000   0.
  2017 352 10  0 15 514 352.416846230      -4.49     -0.46      0.31  0.       -4418.700       1697.093      -2611.459    0.000   0.000   0.000   0.
  2017 352 10  0 16 514 352.416857804      -4.50     -0.48      0.26  0.       -4417.123       1694.868      -2612.829    0.000   0.000   0.000   0.
  2017 352 10  0 17 514 352.416869378      -4.49     -0.50      0.29  0.       -4415.545       1692.642      -2614.199    0.000   0.000   0.000   0.
  2017 352 10  0 18 514 352.416880952      -4.47     -0.49      0.30  0.       -4413.965       1690.415      -2615.567    0.000   0.000   0.000   0.
  2017 352 10  0 19 514 352.416892526      -4.49     -0.49      0.29  0.       -4412.384       1688.188      -2616.935    0.000   0.000   0.000   0.
  2017 352 10  0 20 514 352.416904100      -4.40     -0.49      0.29  0.       -4410.803       1685.961      -2618.302    0.000   0.000   0.000   0.
  2017 352 10  0 21 514 352.416915674      -4.42     -0.54      0.32  0.       -4409.220       1683.733      -2619.669    0.000   0.000   0.000   0.
  2017 352 10  0 22 514 352.416927248      -4.44     -0.53      0.37  0.       -4407.635       1681.505      -2621.034    0.000   0.000   0.000   0.
  2017 352 10  0 23 514 352.416938822      -4.43     -0.53      0.33  0.       -4406.050       1679.276      -2622.399    0.000   0.000   0.000   0.
  2017 352 10  0 24 514 352.416950396      -4.47     -0.57      0.28  0.       -4404.463       1677.047      -2623.764    0.000   0.000   0.000   0.
  2017 352 10  0 25 514 352.416961971      -4.50     -0.61      0.26  0.       -4402.875       1674.817      -2625.127    0.000   0.000   0.000   0.
  2017 352 10  0 26 514 352.416973545      -4.55     -0.66      0.17  0.       -4401.286       1672.587      -2626.490    0.000   0.000   0.000   0.
  2017 352 10  0 27 514 352.416985119      -4.60     -0.71      0.07  0.       -4399.696       1670.357      -2627.852    0.000   0.000   0.000   0.
  2017 352 10  0 28 514 352.416996693      -4.51     -0.76      0.06  0.       -4398.105       1668.126      -2629.214    0.000   0.000   0.000   0.
  2017 352 10  0 29 514 352.417008267      -4.52     -0.83      0.08  0.       -4396.512       1665.894      -2630.574    0.000   0.000   0.000   0.
  2017 352 10  0 30 514 352.417019841      -4.52     -0.90      0.09  0.       -4394.918       1663.662      -2631.934    0.000   0.000   0.000   0.
  2017 352 10  0 31 514 352.417031415      -4.54     -0.92      0.08  0.       -4393.323       1661.430      -2633.294    0.000   0.000   0.000   0.
  2017 352 10  0 32 514 352.417042989      -4.63     -0.94      0.17  0.       -4391.727       1659.197      -2634.652    0.000   0.000   0.000   0.
  2017 352 10  0 33 514 352.417054563      -4.62     -0.89      0.29  0.       -4390.129       1656.964      -2636.010    0.000   0.000   0.000   0.
  2017 352 10  0 34 514 352.417066137      -4.61     -0.83      0.29  0.       -4388.531       1654.730      -2637.367    0.000   0.000   0.000   0.
  2017 352 10  0 35 514 352.417077711      -4.64     -0.74      0.19  0.       -4386.931       1652.496      -2638.723    0.000   0.000   0.000   0.
  2017 352 10  0 36 514 352.417089285      -4.60     -0.70      0.19  0.       -4385.330       1650.261      -2640.079    0.000   0.000   0.000   0.
  2017 352 10  0 37 514 352.417100859      -4.64     -0.64      0.17  0.       -4383.727       1648.026      -2641.434    0.000   0.000   0.000   0.
  2017 352 10  0 38 514 352.417112433      -4.66     -0.57      0.13  0.       -4382.124       1645.791      -2642.788    0.000   0.000   0.000   0.
  2017 352 10  0 39 514 352.417124008      -4.70     -0.53      0.11  0.       -4380.519       1643.555      -2644.141    0.000   0.000   0.000   0.
  2017 352 10  0 40 514 352.417135579      -4.78     -0.42     -0.02  0.       -4378.913       1641.318      -2645.494    0.000   0.000   0.000   0.
  2017 352 10  0 41 514 352.417147153      -4.78     -0.39     -0.08  0.       -4377.306       1639.081      -2646.846    0.000   0.000   0.000   0.
  2017 352 10  0 42 514 352.417158727      -4.66     -0.28     -0.14  0.       -4375.698       1636.844      -2648.197    0.000   0.000   0.000   0.
  2017 352 10  0 43 514 352.417170301      -4.71     -0.11     -0.23  0.       -4374.088       1634.606      -2649.548    0.000   0.000   0.000   0.
  2017 352 10  0 44 513 352.417181875      -4.70      0.05     -0.27  0.       -4372.478       1632.368      -2650.898    0.000   0.000   0.000   0.
  2017 352 10  0 45 513 352.417193449      -4.70      0.25     -0.41  0.       -4370.866       1630.129      -2652.247    0.000   0.000   0.000   0.
  2017 352 10  0 46 513 352.417205023      -4.67      0.40     -0.49  0.       -4369.253       1627.890      -2653.595    0.000   0.000   0.000   0.
  2017 352 10  0 47 513 352.417216597      -4.67      0.50     -0.58  0.       -4367.638       1625.650      -2654.943    0.000   0.000   0.000   0.
  2017 352 10  0 48 513 352.417228171      -4.64      0.61     -0.67  0.       -4366.023       1623.410      -2656.289    0.000   0.000   0.000   0.
  2017 352 10  0 49 514 352.417239745      -4.61      0.64     -0.70  0.       -4364.406       1621.169      -2657.636    0.000   0.000   0.000   0.
  2017 352 10  0 50 514 352.417251319      -4.68      0.64     -0.76  0.       -4362.788       1618.928      -2658.981    0.000   0.000   0.000   0.
  2017 352 10  0 51 513 352.417262894      -4.85      0.68     -0.82  0.       -4361.169       1616.687      -2660.326    0.000   0.000   0.000   0.
  2017 352 10  0 52 513 352.417274468      -4.83      0.79     -0.76  0.       -4359.548       1614.445      -2661.669    0.000   0.000   0.000   0.
  2017 352 10  0 53 514 352.417286042      -4.94      0.84     -0.82  0.       -4357.927       1612.203      -2663.013    0.000   0.000   0.000   0.
  2017 352 10  0 54 514 352.417297616      -4.94      1.04     -0.92  0.       -4356.304       1609.960      -2664.355    0.000   0.000   0.000   0.
  2017 352 10  0 55 514 352.417309190      -4.87      1.22     -0.99  0.       -4354.680       1607.717      -2665.697    0.000   0.000   0.000   0.
  2017 352 10  0 56 514 352.417320764      -4.74      1.24     -1.08  0.       -4353.055       1605.473      -2667.038    0.000   0.000   0.000   0.
  2017 352 10  0 57 514 352.417332338      -4.80      1.21     -1.20  0.       -4351.428       1603.229      -2668.378    0.000   0.000   0.000   0.
  2017 352 10  0 58 513 352.417343912      -4.80      1.17     -1.13  0.       -4349.801       1600.984      -2669.717    0.000   0.000   0.000   0.
  2017 352 10  0 59 513 352.417355486      -4.84      1.14     -1.10  0.       -4348.172       1598.739      -2671.056    0.000   0.000   0.000   0.
  2017 352 10  1  0 513 352.417367060      -5.00      1.04     -1.10  0.       -4346.542       1596.494      -2672.394    0.000   0.000   0.000   0.
  2017 352 10  1  1 513 352.417378634      -5.15      0.99     -1.09  0.       -4344.910       1594.248      -2673.731    0.000   0.000   0.000   0.
  2017 352 10  1  2 513 352.417390208      -5.30      0.98     -1.06  0.       -4343.278       1592.002      -2675.067    0.000   0.000   0.000   0.
  2017 352 10  1  3 514 352.417401782      -5.43      0.98     -1.06  0.       -4341.644       1589.755      -2676.403    0.000   0.000   0.000   0.
  2017 352 10  1  4 514 352.417413357      -5.52      1.07     -1.04  0.       -4340.009       1587.508      -2677.738    0.000   0.000   0.000   0.
  2017 352 10  1  5 513 352.417424931      -5.62      1.16     -1.01  0.       -4338.373       1585.260      -2679.072    0.000   0.000   0.000   0.
  2017 352 10  1  6 513 352.417436505      -5.72      1.24     -1.00  0.       -4336.735       1583.012      -2680.405    0.000   0.000   0.000   0.
  2017 352 10  1  7 514 352.417448079      -5.77      1.37     -1.07  0.       -4335.097       1580.763      -2681.738    0.000   0.000   0.000   0.
  2017 352 10  1  8 514 352.417459653      -5.79      1.48     -1.09  0.       -4333.457       1578.514      -2683.070    0.000   0.000   0.000   0.
  2017 352 10  1  9 514 352.417471227      -5.84      1.57     -1.14  0.       -4331.816       1576.265      -2684.401    0.000   0.000   0.000   0.
  2017 352 10  1 10 513 352.417482798      -5.82      1.70     -1.24  0.       -4330.174       1574.015      -2685.731    0.000   0.000   0.000   0.
  2017 352 10  1 11 513 352.417494372      -5.79      1.82     -1.38  0.       -4328.530       1571.764      -2687.061    0.000   0.000   0.000   0.
  2017 352 10  1 12 513 352.417505946      -5.86      1.87     -1.54  0.       -4326.885       1569.514      -2688.390    0.000   0.000   0.000   0.
  2017 352 10  1 13 513 352.417517520      -5.99      1.85     -1.57  0.       -4325.239       1567.262      -2689.718    0.000   0.000   0.000   0.
  2017 352 10  1 14 513 352.417529094      -5.93      1.78     -1.51  0.       -4323.592       1565.011      -2691.045    0.000   0.000   0.000   0.
  2017 352 10  1 15 513 352.417540668      -5.84      1.68     -1.49  0.       -4321.944       1562.758      -2692.372    0.000   0.000   0.000   0.
  2017 352 10  1 16 513 352.417552242      -5.82      1.59     -1.48  0.       -4320.294       1560.506      -2693.698    0.000   0.000   0.000   0.
  2017 352 10  1 17 513 352.417563817      -5.87      1.55     -1.56  0.       -4318.643       1558.253      -2695.023    0.000   0.000   0.000   0.
  2017 352 10  1 18 513 352.417575391      -5.99      1.41     -1.56  0.       -4316.991       1555.999      -2696.347    0.000   0.000   0.000   0.
  2017 352 10  1 19 513 352.417586965      -5.95      1.26     -1.52  0.       -4315.338       1553.745      -2697.671    0.000   0.000   0.000   0.
  2017 352 10  1 20 513 352.417598539      -5.95      1.28     -1.46  0.       -4313.683       1551.491      -2698.993    0.000   0.000   0.000   0.
  2017 352 10  1 21 513 352.417610113      -5.93      1.51     -1.47  0.       -4312.028       1549.236      -2700.315    0.000   0.000   0.000   0.
  2017 352 10  1 22 513 352.417621687      -6.09      1.69     -1.52  0.       -4310.371       1546.981      -2701.637    0.000   0.000   0.000   0.
  2017 352 10  1 23 513 352.417633261      -6.25      1.82     -1.62  0.       -4308.713       1544.725      -2702.957    0.000   0.000   0.000   0.
  2017 352 10  1 24 513 352.417644835      -6.55      1.56     -1.63  0.       -4307.053       1542.469      -2704.277    0.000   0.000   0.000   0.
  2017 352 10  1 25 513 352.417656409      -6.78      1.01     -1.72  0.       -4305.393       1540.213      -2705.596    0.000   0.000   0.000   0.
  2017 352 10  1 26 513 352.417667983      -6.72      0.82     -1.72  0.       -4303.731       1537.956      -2706.914    0.000   0.000   0.000   0.
  2017 352 10  1 27 513 352.417679557      -6.74      0.85     -1.80  0.       -4302.068       1535.698      -2708.231    0.000   0.000   0.000   0.
  2017 352 10  1 28 513 352.417691131      -6.77      0.97     -1.81  0.       -4300.403       1533.440      -2709.548    0.000   0.000   0.000   0.
  2017 352 10  1 29 513 352.417702705      -6.78      0.84     -1.64  0.       -4298.738       1531.182      -2710.864    0.000   0.000   0.000   0.
  2017 352 10  1 30 513 352.417714280      -6.81      0.68     -1.42  0.       -4297.071       1528.923      -2712.179    0.000   0.000   0.000   0.
  2017 352 10  1 31 513 352.417725854      -6.78      0.72     -1.33  0.       -4295.403       1526.664      -2713.493    0.000   0.000   0.000   0.
  2017 352 10  1 32 513 352.417737428      -6.86      0.82     -1.34  0.       -4293.734       1524.405      -2714.806    0.000   0.000   0.000   0.
  2017 352 10  1 33 513 352.417749002      -7.03      0.77     -1.32  0.       -4292.063       1522.145      -2716.119    0.000   0.000   0.000   0.
  2017 352 10  1 34 513 352.417760576      -7.02      0.76     -1.28  0.       -4290.392       1519.884      -2717.431    0.000   0.000   0.000   0.
  2017 352 10  1 35 513 352.417772150      -7.04      0.74     -1.22  0.       -4288.719       1517.623      -2718.742    0.000   0.000   0.000   0.
  2017 352 10  1 36 513 352.417783724      -7.07      0.76     -1.08  0.       -4287.045       1515.362      -2720.052    0.000   0.000   0.000   0.
  2017 352 10  1 37 513 352.417795298      -7.03      0.70     -0.95  0.       -4285.369       1513.100      -2721.362    0.000   0.000   0.000   0.
  2017 352 10  1 38 513 352.417806872      -6.99      0.66     -0.90  0.       -4283.693       1510.838      -2722.671    0.000   0.000   0.000   0.
  2017 352 10  1 39 513 352.417818446      -7.01      0.56     -0.89  0.       -4282.015       1508.575      -2723.979    0.000   0.000   0.000   0.
  2017 352 10  1 40 513 352.417830017      -7.01      0.49     -0.89  0.       -4280.336       1506.312      -2725.286    0.000   0.000   0.000   0.
  2017 352 10  1 41 513 352.417841591      -6.97      0.45     -0.87  0.       -4278.655       1504.048      -2726.592    0.000   0.000   0.000   0.
  2017 352 10  1 42 513 352.417853166      -6.89      0.44     -0.83  0.       -4276.974       1501.784      -2727.898    0.000   0.000   0.000   0.
  2017 352 10  1 43 513 352.417864740      -6.81      0.38     -0.77  0.       -4275.291       1499.520      -2729.203    0.000   0.000   0.000   0.
  2017 352 10  1 44 513 352.417876314      -6.88      0.41     -0.76  0.       -4273.607       1497.255      -2730.507    0.000   0.000   0.000   0.
  2017 352 10  1 45 513 352.417887888      -6.89      0.45     -0.75  0.       -4271.922       1494.990      -2731.810    0.000   0.000   0.000   0.
  2017 352 10  1 46 513 352.417899462      -6.86      0.44     -0.69  0.       -4270.235       1492.724      -2733.113    0.000   0.000   0.000   0.
  2017 352 10  1 47 513 352.417911036      -6.76      0.40     -0.63  0.       -4268.548       1490.458      -2734.414    0.000   0.000   0.000   0.
  2017 352 10  1 48 513 352.417922610      -6.74      0.35     -0.75  0.       -4266.859       1488.192      -2735.715    0.000   0.000   0.000   0.
  2017 352 10  1 49 513 352.417934184      -6.70      0.23     -0.82  0.       -4265.169       1485.925      -2737.015    0.000   0.000   0.000   0.
  2017 352 10  1 50 513 352.417945758      -6.65      0.12     -0.88  0.       -4263.477       1483.657      -2738.315    0.000   0.000   0.000   0.
  2017 352 10  1 51 513 352.417957332      -6.63     -0.04     -0.74  0.       -4261.785       1481.389      -2739.613    0.000   0.000   0.000   0.
  2017 352 10  1 52 513 352.417968906      -6.63     -0.32     -0.47  0.       -4260.091       1479.121      -2740.911    0.000   0.000   0.000   0.
  2017 352 10  1 53 513 352.417980480      -6.64     -0.66     -0.19  0.       -4258.396       1476.852      -2742.208    0.000   0.000   0.000   0.
  2017 352 10  1 54 513 352.417992054      -6.59     -0.93     -0.15  0.       -4256.699       1474.583      -2743.504    0.000   0.000   0.000   0.
  2017 352 10  1 55 513 352.418003629      -6.50     -1.12     -0.10  0.       -4255.001       1472.313      -2744.799    0.000   0.000   0.000   0.
  2017 352 10  1 56 513 352.418015203      -6.52     -1.17     -0.14  0.       -4253.303       1470.043      -2746.094    0.000   0.000   0.000   0.
  2017 352 10  1 57 513 352.418026777      -6.61     -1.24     -0.30  0.       -4251.602       1467.773      -2747.387    0.000   0.000   0.000   0.
  2017 352 10  1 58 513 352.418038351      -6.57     -1.37     -0.41  0.       -4249.901       1465.502      -2748.680    0.000   0.000   0.000   0.
  2017 352 10  1 59 513 352.418049925      -6.54     -1.49     -0.45  0.       -4248.199       1463.231      -2749.972    0.000   0.000   0.000   0.
  2017 352 10  2  0 513 352.418061499      -6.60     -1.46     -0.43  0.       -4246.495       1460.959      -2751.264    0.000   0.000   0.000   0.
  2017 352 10  2  1 513 352.418073073      -6.65     -1.42     -0.39  0.       -4244.790       1458.687      -2752.554    0.000   0.000   0.000   0.
  2017 352 10  2  2 513 352.418084647      -6.66     -1.34     -0.42  0.       -4243.083       1456.414      -2753.844    0.000   0.000   0.000   0.
  2017 352 10  2  3 513 352.418096221      -6.69     -1.30     -0.36  0.       -4241.376       1454.141      -2755.133    0.000   0.000   0.000   0.
  2017 352 10  2  4 513 352.418107795      -6.72     -1.24     -0.38  0.       -4239.667       1451.868      -2756.421    0.000   0.000   0.000   0.
  2017 352 10  2  5 513 352.418119369      -6.76     -1.13     -0.43  0.       -4237.957       1449.594      -2757.708    0.000   0.000   0.000   0.
  2017 352 10  2  6 513 352.418130943      -6.74     -1.02     -0.40  0.       -4236.245       1447.320      -2758.994    0.000   0.000   0.000   0.
  2017 352 10  2  7 513 352.418142517      -6.67     -0.98     -0.43  0.       -4234.533       1445.045      -2760.280    0.000   0.000   0.000   0.
  2017 352 10  2  8 513 352.418154089      -6.71     -0.97     -0.50  0.       -4232.819       1442.770      -2761.565    0.000   0.000   0.000   0.
  2017 352 10  2  9 513 352.418165663      -6.66     -0.91     -0.47  0.       -4231.104       1440.494      -2762.849    0.000   0.000   0.000   0.
  2017 352 10  2 10 513 352.418177237      -6.69     -0.83     -0.40  0.       -4229.388       1438.218      -2764.132    0.000   0.000   0.000   0.
  2017 352 10  2 11 513 352.418188811      -6.72     -0.79     -0.39  0.       -4227.671       1435.942      -2765.414    0.000   0.000   0.000   0.
  2017 352 10  2 12 513 352.418200385      -6.80     -0.75     -0.38  0.       -4225.952       1433.665      -2766.696    0.000   0.000   0.000   0.
  2017 352 10  2 13 513 352.418211959      -6.87     -0.73     -0.32  0.       -4224.232       1431.388      -2767.977    0.000   0.000   0.000   0.
  2017 352 10  2 14 513 352.418223533      -6.90     -0.72     -0.32  0.       -4222.511       1429.110      -2769.257    0.000   0.000   0.000   0.
  2017 352 10  2 15 513 352.418235107      -6.84     -0.68     -0.33  0.       -4220.788       1426.832      -2770.536    0.000   0.000   0.000   0.
  2017 352 10  2 16 513 352.418246681      -6.79     -0.75     -0.34  0.       -4219.064       1424.553      -2771.814    0.000   0.000   0.000   0.
  2017 352 10  2 17 513 352.418258255      -6.75     -0.81     -0.30  0.       -4217.339       1422.275      -2773.091    0.000   0.000   0.000   0.
  2017 352 10  2 18 513 352.418269829      -6.72     -0.93     -0.15  0.       -4215.613       1419.995      -2774.368    0.000   0.000   0.000   0.
  2017 352 10  2 19 513 352.418281403      -6.89     -1.08     -0.04  0.       -4213.886       1417.715      -2775.644    0.000   0.000   0.000   0.
  2017 352 10  2 20 513 352.418292977      -6.91     -1.12      0.08  0.       -4212.157       1415.435      -2776.919    0.000   0.000   0.000   0.
  2017 352 10  2 21 513 352.418304552      -6.87     -1.07      0.18  0.       -4210.427       1413.155      -2778.193    0.000   0.000   0.000   0.
  2017 352 10  2 22 513 352.418316126      -6.74     -1.04      0.24  0.       -4208.696       1410.873      -2779.466    0.000   0.000   0.000   0.
  2017 352 10  2 23 513 352.418327700      -6.75     -1.10      0.35  0.       -4206.963       1408.592      -2780.738    0.000   0.000   0.000   0.
  2017 352 10  2 24 513 352.418339274      -6.69     -1.13      0.44  0.       -4205.229       1406.310      -2782.010    0.000   0.000   0.000   0.
  2017 352 10  2 25 513 352.418350848      -6.60     -1.17      0.49  0.       -4203.494       1404.028      -2783.281    0.000   0.000   0.000   0.
  2017 352 10  2 26 513 352.418362422      -6.58     -1.18      0.54  0.       -4201.758       1401.745      -2784.551    0.000   0.000   0.000   0.
  2017 352 10  2 27 513 352.418373996      -6.46     -1.18      0.71  0.       -4200.021       1399.462      -2785.820    0.000   0.000   0.000   0.
  2017 352 10  2 28 513 352.418385570      -6.33     -1.18      0.92  0.       -4198.282       1397.178      -2787.088    0.000   0.000   0.000   0.
  2017 352 10  2 29 513 352.418397144      -6.20     -1.20      1.15  0.       -4196.542       1394.894      -2788.356    0.000   0.000   0.000   0.
  2017 352 10  2 30 513 352.418408718      -6.08     -1.19      1.32  0.       -4194.801       1392.610      -2789.623    0.000   0.000   0.000   0.
  2017 352 10  2 31 513 352.418420292      -6.03     -1.19      1.50  0.       -4193.058       1390.325      -2790.888    0.000   0.000   0.000   0.
  2017 352 10  2 32 513 352.418431866      -5.94     -1.19      1.71  0.       -4191.314       1388.040      -2792.153    0.000   0.000   0.000   0.
  2017 352 10  2 33 513 352.418443440      -5.81     -1.14      1.88  0.       -4189.569       1385.754      -2793.417    0.000   0.000   0.000   0.
  2017 352 10  2 34 513 352.418455014      -5.69     -1.13      2.08  0.       -4187.823       1383.468      -2794.681    0.000   0.000   0.000   0.
  2017 352 10  2 35 513 352.418466589      -5.55     -1.19      2.35  0.       -4186.075       1381.182      -2795.943    0.000   0.000   0.000   0.
  2017 352 10  2 36 513 352.418478163      -5.46     -1.26      2.59  0.       -4184.327       1378.895      -2797.205    0.000   0.000   0.000   0.
  2017 352 10  2 37 513 352.418489737      -5.31     -1.26      2.84  0.       -4182.576       1376.607      -2798.466    0.000   0.000   0.000   0.
  2017 352 10  2 38 513 352.418501308      -5.24     -1.26      3.08  0.       -4180.825       1374.320      -2799.725    0.000   0.000   0.000   0.
  2017 352 10  2 39 513 352.418512882      -5.26     -1.32      3.35  0.       -4179.073       1372.031      -2800.985    0.000   0.000   0.000   0.
  2017 352 10  2 40 512 352.418524456      -5.13     -1.38      3.64  0.       -4177.319       1369.743      -2802.243    0.000   0.000   0.000   0.
  2017 352 10  2 41 512 352.418536030      -5.00     -1.50      4.00  0.       -4175.564       1367.454      -2803.500    0.000   0.000   0.000   0.
  2017 352 10  2 42 512 352.418547604      -4.76     -1.49      4.12  0.       -4173.807       1365.165      -2804.757    0.000   0.000   0.000   0.
  2017 352 10  2 43 512 352.418559178      -4.72     -1.53      4.11  0.       -4172.050       1362.875      -2806.012    0.000   0.000   0.000   0.
  2017 352 10  2 44 512 352.418570752      -4.65     -1.39      4.08  0.       -4170.291       1360.584      -2807.267    0.000   0.000   0.000   0.
  2017 352 10  2 45 513 352.418582326      -4.80     -1.26      3.93  0.       -4168.530       1358.294      -2808.521    0.000   0.000   0.000   0.
  2017 352 10  2 46 513 352.418593900      -4.95     -1.19      3.89  0.       -4166.769       1356.003      -2809.774    0.000   0.000   0.000   0.
  2017 352 10  2 47 512 352.418605475      -5.13     -1.12      3.87  0.       -4165.006       1353.711      -2811.027    0.000   0.000   0.000   0.
  2017 352 10  2 48 512 352.418617049      -5.24     -1.06      3.95  0.       -4163.243       1351.420      -2812.278    0.000   0.000   0.000   0.
  2017 352 10  2 49 513 352.418628623      -5.36     -1.01      3.97  0.       -4161.477       1349.127      -2813.529    0.000   0.000   0.000   0.
  2017 352 10  2 50 513 352.418640197      -5.51     -0.96      3.95  0.       -4159.711       1346.835      -2814.778    0.000   0.000   0.000   0.
  2017 352 10  2 51 513 352.418651771      -5.55     -0.95      3.86  0.       -4157.943       1344.542      -2816.027    0.000   0.000   0.000   0.
  2017 352 10  2 52 513 352.418663345      -5.68     -0.97      3.85  0.       -4156.174       1342.248      -2817.275    0.000   0.000   0.000   0.
  2017 352 10  2 53 513 352.418674919      -5.74     -0.96      3.80  0.       -4154.404       1339.954      -2818.522    0.000   0.000   0.000   0.
  2017 352 10  2 54 512 352.418686493      -5.71     -0.94      3.85  0.       -4152.632       1337.660      -2819.769    0.000   0.000   0.000   0.
  2017 352 10  2 55 512 352.418698067      -5.74     -0.85      3.85  0.       -4150.860       1335.365      -2821.014    0.000   0.000   0.000   0.
  2017 352 10  2 56 512 352.418709641      -5.82     -0.76      3.82  0.       -4149.086       1333.070      -2822.258    0.000   0.000   0.000   0.
  2017 352 10  2 57 512 352.418721215      -5.90     -0.71      3.78  0.       -4147.310       1330.774      -2823.502    0.000   0.000   0.000   0.
  2017 352 10  2 58 512 352.418732789      -5.91     -0.70      3.77  0.       -4145.534       1328.478      -2824.745    0.000   0.000   0.000   0.
  2017 352 10  2 59 513 352.418744363      -6.01     -0.67      3.77  0.       -4143.756       1326.182      -2825.987    0.000   0.000   0.000   0.
  2017 352 10  3  0 513 352.418755938      -6.10     -0.69      3.77  0.       -4141.977       1323.885      -2827.228    0.000   0.000   0.000   0.
  2017 352 10  3  1 512 352.418767512      -6.08     -0.73      3.88  0.       -4140.196       1321.588      -2828.468    0.000   0.000   0.000   0.
  2017 352 10  3  2 513 352.418779086      -6.06     -0.82      3.96  0.       -4138.415       1319.290      -2829.708    0.000   0.000   0.000   0.
  2017 352 10  3  3 513 352.418790660      -6.02     -0.82      4.05  0.       -4136.632       1316.993      -2830.946    0.000   0.000   0.000   0.
  2017 352 10  3  4 513 352.418802234      -5.99     -0.67      4.02  0.       -4134.848       1314.694      -2832.184    0.000   0.000   0.000   0.
  2017 352 10  3  5 513 352.418813808      -6.09     -0.63      3.90  0.       -4133.062       1312.395      -2833.421    0.000   0.000   0.000   0.
  2017 352 10  3  6 513 352.418825382      -6.19     -0.51      3.83  0.       -4131.275       1310.096      -2834.656    0.000   0.000   0.000   0.
  2017 352 10  3  7 512 352.418836956      -6.24     -0.44      3.82  0.       -4129.487       1307.797      -2835.891    0.000   0.000   0.000   0.
  2017 352 10  3  8 512 352.418848527      -6.31     -0.35      3.78  0.       -4127.698       1305.497      -2837.125    0.000   0.000   0.000   0.
  2017 352 10  3  9 512 352.418860101      -6.33     -0.38      3.78  0.       -4125.908       1303.196      -2838.359    0.000   0.000   0.000   0.
  2017 352 10  3 10 512 352.418871675      -6.34     -0.28      3.73  0.       -4124.116       1300.895      -2839.591    0.000   0.000   0.000   0.
  2017 352 10  3 11 512 352.418883249      -6.50     -0.11      3.60  0.       -4122.323       1298.594      -2840.823    0.000   0.000   0.000   0.
  2017 352 10  3 12 512 352.418894823      -6.54     -0.04      3.64  0.       -4120.528       1296.293      -2842.053    0.000   0.000   0.000   0.
  2017 352 10  3 13 512 352.418906398      -6.67     -0.03      3.67  0.       -4118.733       1293.991      -2843.283    0.000   0.000   0.000   0.
  2017 352 10  3 14 512 352.418917972      -6.70      0.04      3.70  0.       -4116.936       1291.688      -2844.512    0.000   0.000   0.000   0.
  2017 352 10  3 15 512 352.418929546      -6.62      0.04      3.76  0.       -4115.138       1289.385      -2845.740    0.000   0.000   0.000   0.
  2017 352 10  3 16 512 352.418941120      -6.55      0.15      3.72  0.       -4113.338       1287.082      -2846.967    0.000   0.000   0.000   0.
  2017 352 10  3 17 512 352.418952694      -6.61      0.11      3.76  0.       -4111.537       1284.779      -2848.193    0.000   0.000   0.000   0.
  2017 352 10  3 18 512 352.418964268      -6.63      0.18      3.89  0.       -4109.735       1282.475      -2849.418    0.000   0.000   0.000   0.
  2017 352 10  3 19 512 352.418975842      -6.66      0.21      4.09  0.       -4107.932       1280.170      -2850.643    0.000   0.000   0.000   0.
  2017 352 10  3 20 512 352.418987416      -6.73      0.28      4.26  0.       -4106.128       1277.865      -2851.866    0.000   0.000   0.000   0.
  2017 352 10  3 21 512 352.418998990      -6.81      0.42      4.33  0.       -4104.322       1275.560      -2853.089    0.000   0.000   0.000   0.
  2017 352 10  3 22 512 352.419010564      -6.80      0.57      4.40  0.       -4102.515       1273.255      -2854.311    0.000   0.000   0.000   0.
  2017 352 10  3 23 512 352.419022138      -6.82      0.66      4.46  0.       -4100.706       1270.948      -2855.531    0.000   0.000   0.000   0.
  2017 352 10  3 24 512 352.419033712      -6.83      0.75      4.53  0.       -4098.897       1268.642      -2856.752    0.000   0.000   0.000   0.
  2017 352 10  3 25 512 352.419045286      -6.85      0.80      4.56  0.       -4097.086       1266.335      -2857.971    0.000   0.000   0.000   0.
  2017 352 10  3 26 512 352.419056861      -6.91      0.70      4.57  0.       -4095.273       1264.028      -2859.189    0.000   0.000   0.000   0.
  2017 352 10  3 27 512 352.419068435      -7.04      0.64      4.58  0.       -4093.460       1261.721      -2860.406    0.000   0.000   0.000   0.
  2017 352 10  3 28 512 352.419080009      -7.06      0.63      4.68  0.       -4091.645       1259.413      -2861.622    0.000   0.000   0.000   0.
  2017 352 10  3 29 512 352.419091583      -7.07      0.65      4.70  0.       -4089.829       1257.104      -2862.838    0.000   0.000   0.000   0.
  2017 352 10  3 30 512 352.419103157      -6.99      0.71      4.72  0.       -4088.012       1254.796      -2864.053    0.000   0.000   0.000   0.
  2017 352 10  3 31 512 352.419114731      -6.95      0.82      4.67  0.       -4086.193       1252.486      -2865.266    0.000   0.000   0.000   0.
  2017 352 10  3 32 512 352.419126305      -6.94      0.94      4.65  0.       -4084.373       1250.177      -2866.479    0.000   0.000   0.000   0.
  2017 352 10  3 33 512 352.419137879      -6.91      1.08      4.59  0.       -4082.552       1247.867      -2867.691    0.000   0.000   0.000   0.
  2017 352 10  3 34 512 352.419149453      -6.81      1.21      4.56  0.       -4080.729       1245.557      -2868.902    0.000   0.000   0.000   0.
  2017 352 10  3 35 512 352.419161027      -6.83      1.27      4.50  0.       -4078.906       1243.246      -2870.112    0.000   0.000   0.000   0.
  2017 352 10  3 36 512 352.419172601      -6.95      1.29      4.39  0.       -4077.081       1240.935      -2871.321    0.000   0.000   0.000   0.
  2017 352 10  3 37 512 352.419184175      -7.08      1.33      4.27  0.       -4075.254       1238.623      -2872.529    0.000   0.000   0.000   0.
  2017 352 10  3 38 512 352.419195749      -7.31      1.30      4.22  0.       -4073.427       1236.311      -2873.737    0.000   0.000   0.000   0.
  2017 352 10  3 39 512 352.419207323      -7.39      1.35      4.13  0.       -4071.598       1233.999      -2874.943    0.000   0.000   0.000   0.
  2017 352 10  3 40 512 352.419218895      -7.57      1.33      4.18  0.       -4069.768       1231.686      -2876.149    0.000   0.000   0.000   0.
  2017 352 10  3 41 512 352.419230469      -7.72      1.30      4.12  0.       -4067.936       1229.373      -2877.353    0.000   0.000   0.000   0.
  2017 352 10  3 42 512 352.419242043      -7.85      1.35      4.12  0.       -4066.104       1227.060      -2878.557    0.000   0.000   0.000   0.
  2017 352 10  3 43 512 352.419253617      -7.91      1.39      4.13  0.       -4064.270       1224.746      -2879.760    0.000   0.000   0.000   0.
  2017 352 10  3 44 512 352.419265191      -7.86      1.44      4.13  0.       -4062.434       1222.432      -2880.962    0.000   0.000   0.000   0.
  2017 352 10  3 45 512 352.419276765      -7.84      1.47      4.21  0.       -4060.598       1220.117      -2882.163    0.000   0.000   0.000   0.
  2017 352 10  3 46 512 352.419288339      -7.95      1.61      4.17  0.       -4058.760       1217.802      -2883.363    0.000   0.000   0.000   0.
  2017 352 10  3 47 512 352.419299913      -8.03      1.75      4.14  0.       -4056.921       1215.487      -2884.562    0.000   0.000   0.000   0.
  2017 352 10  3 48 512 352.419311487      -8.04      1.80      4.17  0.       -4055.080       1213.171      -2885.760    0.000   0.000   0.000   0.
  2017 352 10  3 49 512 352.419323061      -8.10      1.90      4.10  0.       -4053.238       1210.855      -2886.958    0.000   0.000   0.000   0.
  2017 352 10  3 50 512 352.419334635      -8.16      1.97      4.08  0.       -4051.395       1208.538      -2888.154    0.000   0.000   0.000   0.
  2017 352 10  3 51 512 352.419346210      -8.20      2.05      4.09  0.       -4049.551       1206.221      -2889.350    0.000   0.000   0.000   0.
  2017 352 10  3 52 512 352.419357784      -8.30      2.12      4.07  0.       -4047.705       1203.904      -2890.544    0.000   0.000   0.000   0.
  2017 352 10  3 53 512 352.419369358      -8.35      2.28      3.98  0.       -4045.858       1201.586      -2891.738    0.000   0.000   0.000   0.
  2017 352 10  3 54 512 352.419380932      -8.35      2.44      3.97  0.       -4044.010       1199.268      -2892.930    0.000   0.000   0.000   0.
  2017 352 10  3 55 512 352.419392506      -8.37      2.54      3.96  0.       -4042.161       1196.950      -2894.122    0.000   0.000   0.000   0.
  2017 352 10  3 56 512 352.419404080      -8.34      2.61      3.94  0.       -4040.310       1194.631      -2895.313    0.000   0.000   0.000   0.
  2017 352 10  3 57 512 352.419415654      -8.33      2.64      3.94  0.       -4038.458       1192.311      -2896.503    0.000   0.000   0.000   0.
  2017 352 10  3 58 512 352.419427228      -8.42      2.61      3.95  0.       -4036.604       1189.992      -2897.692    0.000   0.000   0.000   0.
  2017 352 10  3 59 512 352.419438802      -8.54      2.55      3.97  0.       -4034.750       1187.672      -2898.880    0.000   0.000   0.000   0.
  2017 352 10  4  0 512 352.419450376      -8.58      2.53      4.01  0.       -4032.894       1185.351      -2900.067    0.000   0.000   0.000   0.
  2017 352 10  4  1 512 352.419461950      -8.70      2.55      3.95  0.       -4031.037       1183.031      -2901.253    0.000   0.000   0.000   0.
  2017 352 10  4  2 512 352.419473524      -8.75      2.60      3.95  0.       -4029.178       1180.710      -2902.439    0.000   0.000   0.000   0.
  2017 352 10  4  3 512 352.419485098      -8.76      2.69      3.91  0.       -4027.318       1178.388      -2903.623    0.000   0.000   0.000   0.
  2017 352 10  4  4 512 352.419496672      -8.82      2.76      3.87  0.       -4025.457       1176.066      -2904.806    0.000   0.000   0.000   0.
  2017 352 10  4  5 512 352.419508246      -8.82      2.81      3.88  0.       -4023.595       1173.744      -2905.989    0.000   0.000   0.000   0.
  2017 352 10  4  6 512 352.419519821      -8.92      2.82      3.90  0.       -4021.731       1171.421      -2907.170    0.000   0.000   0.000   0.
  2017 352 10  4  7 512 352.419531395      -8.97      2.88      3.93  0.       -4019.866       1169.098      -2908.351    0.000   0.000   0.000   0.
  2017 352 10  4  8 512 352.419542969      -8.97      2.92      3.94  0.       -4018.000       1166.775      -2909.531    0.000   0.000   0.000   0.
  2017 352 10  4  9 512 352.419554543      -9.03      2.97      3.95  0.       -4016.132       1164.451      -2910.709    0.000   0.000   0.000   0.
  2017 352 10  4 10 512 352.419566114      -9.08      3.00      3.93  0.       -4014.263       1162.127      -2911.887    0.000   0.000   0.000   0.
  2017 352 10  4 11 512 352.419577688      -9.13      3.05      3.88  0.       -4012.393       1159.802      -2913.064    0.000   0.000   0.000   0.
  2017 352 10  4 12 512 352.419589262      -9.12      3.12      3.83  0.       -4010.522       1157.477      -2914.240    0.000   0.000   0.000   0.
  2017 352 10  4 13 512 352.419600836      -9.15      3.18      3.80  0.       -4008.649       1155.152      -2915.415    0.000   0.000   0.000   0.
  2017 352 10  4 14 512 352.419612410      -9.15      3.20      3.86  0.       -4006.775       1152.826      -2916.589    0.000   0.000   0.000   0.
  2017 352 10  4 15 512 352.419623984      -9.16      3.16      3.85  0.       -4004.899       1150.500      -2917.762    0.000   0.000   0.000   0.
  2017 352 10  4 16 512 352.419635558      -9.20      3.17      3.81  0.       -4003.023       1148.174      -2918.934    0.000   0.000   0.000   0.
  2017 352 10  4 17 512 352.419647133      -9.09      3.23      3.86  0.       -4001.145       1145.847      -2920.105    0.000   0.000   0.000   0.
  2017 352 10  4 18 512 352.419658707      -9.13      3.29      3.86  0.       -3999.265       1143.520      -2921.275    0.000   0.000   0.000   0.
  2017 352 10  4 19 512 352.419670281      -9.06      3.33      3.91  0.       -3997.385       1141.192      -2922.444    0.000   0.000   0.000   0.
  2017 352 10  4 20 512 352.419681855      -8.96      3.38      3.93  0.       -3995.503       1138.864      -2923.612    0.000   0.000   0.000   0.
  2017 352 10  4 21 512 352.419693429      -8.95      3.43      3.88  0.       -3993.620       1136.536      -2924.780    0.000   0.000   0.000   0.
  2017 352 10  4 22 512 352.419705003      -8.96      3.48      3.88  0.       -3991.735       1134.208      -2925.946    0.000   0.000   0.000   0.
  2017 352 10  4 23 512 352.419716577      -9.06      3.53      3.91  0.       -3989.849       1131.879      -2927.112    0.000   0.000   0.000   0.
  2017 352 10  4 24 512 352.419728151      -9.13      3.58      3.90  0.       -3987.962       1129.549      -2928.276    0.000   0.000   0.000   0.
  2017 352 10  4 25 512 352.419739725      -9.21      3.66      3.88  0.       -3986.074       1127.219      -2929.440    0.000   0.000   0.000   0.
  2017 352 10  4 26 512 352.419751299      -9.25      3.80      3.86  0.       -3984.184       1124.889      -2930.602    0.000   0.000   0.000   0.
  2017 352 10  4 27 512 352.419762873      -9.31      3.90      3.85  0.       -3982.293       1122.559      -2931.764    0.000   0.000   0.000   0.
  2017 352 10  4 28 512 352.419774447      -9.31      3.99      3.79  0.       -3980.401       1120.228      -2932.924    0.000   0.000   0.000   0.
  2017 352 10  4 29 512 352.419786021      -9.38      4.06      3.76  0.       -3978.507       1117.897      -2934.084    0.000   0.000   0.000   0.
  2017 352 10  4 30 512 352.419797596      -9.44      4.18      3.72  0.       -3976.612       1115.565      -2935.243    0.000   0.000   0.000   0.
  2017 352 10  4 31 512 352.419809170      -9.48      4.21      3.78  0.       -3974.716       1113.233      -2936.400    0.000   0.000   0.000   0.
  2017 352 10  4 32 512 352.419820744      -9.51      4.27      3.80  0.       -3972.819       1110.901      -2937.557    0.000   0.000   0.000   0.
  2017 352 10  4 33 512 352.419832318      -9.52      4.34      3.84  0.       -3970.920       1108.568      -2938.713    0.000   0.000   0.000   0.
  2017 352 10  4 34 512 352.419843892      -9.55      4.40      3.80  0.       -3969.019       1106.235      -2939.868    0.000   0.000   0.000   0.
  2017 352 10  4 35 512 352.419855466      -9.57      4.42      3.81  0.       -3967.118       1103.901      -2941.022    0.000   0.000   0.000   0.
  2017 352 10  4 36 512 352.419867040      -9.61      4.45      3.78  0.       -3965.215       1101.568      -2942.174    0.000   0.000   0.000   0.
  2017 352 10  4 37 512 352.419878614      -9.64      4.51      3.74  0.       -3963.311       1099.234      -2943.326    0.000   0.000   0.000   0.
  2017 352 10  4 38 512 352.419890188      -9.62      4.60      3.70  0.       -3961.406       1096.899      -2944.477    0.000   0.000   0.000   0.
  2017 352 10  4 39 512 352.419901762      -9.58      4.76      3.67  0.       -3959.499       1094.564      -2945.627    0.000   0.000   0.000   0.
  2017 352 10  4 40 511 352.419913333      -9.49      4.91      3.64  0.       -3957.591       1092.229      -2946.776    0.000   0.000   0.000   0.
  2017 352 10  4 41 512 352.419924907      -9.43      5.04      3.60  0.       -3955.682       1089.894      -2947.924    0.000   0.000   0.000   0.
  2017 352 10  4 42 512 352.419936482      -9.39      5.11      3.61  0.       -3953.771       1087.558      -2949.071    0.000   0.000   0.000   0.
  2017 352 10  4 43 511 352.419948056      -9.39      5.19      3.58  0.       -3951.859       1085.221      -2950.217    0.000   0.000   0.000   0.
  2017 352 10  4 44 511 352.419959630      -9.31      5.31      3.56  0.       -3949.946       1082.884      -2951.362    0.000   0.000   0.000   0.
  2017 352 10  4 45 512 352.419971204      -9.24      5.41      3.57  0.       -3948.031       1080.547      -2952.506    0.000   0.000   0.000   0.
  2017 352 10  4 46 512 352.419982778      -9.18      5.50      3.57  0.       -3946.116       1078.210      -2953.649    0.000   0.000   0.000   0.
  2017 352 10  4 47 512 352.419994352      -9.09      5.58      3.60  0.       -3944.198       1075.872      -2954.791    0.000   0.000   0.000   0.
  2017 352 10  4 48 512 352.420005926      -9.08      5.65      3.62  0.       -3942.280       1073.534      -2955.933    0.000   0.000   0.000   0.
  2017 352 10  4 49 511 352.420017500      -9.09      5.70      3.61  0.       -3940.360       1071.195      -2957.073    0.000   0.000   0.000   0.
  2017 352 10  4 50 511 352.420029074      -9.07      5.76      3.62  0.       -3938.439       1068.857      -2958.212    0.000   0.000   0.000   0.
  2017 352 10  4 51 511 352.420040648      -9.07      5.79      3.64  0.       -3936.517       1066.517      -2959.350    0.000   0.000   0.000   0.
  2017 352 10  4 52 511 352.420052222      -9.02      5.83      3.62  0.       -3934.593       1064.178      -2960.487    0.000   0.000   0.000   0.
  2017 352 10  4 53 511 352.420063796      -9.00      5.87      3.65  0.       -3932.668       1061.838      -2961.623    0.000   0.000   0.000   0.
  2017 352 10  4 54 512 352.420075370      -8.98      5.88      3.63  0.       -3930.742       1059.498      -2962.759    0.000   0.000   0.000   0.
  2017 352 10  4 55 512 352.420086944      -8.84      5.93      3.56  0.       -3928.814       1057.157      -2963.893    0.000   0.000   0.000   0.
  2017 352 10  4 56 511 352.420098519      -8.77      5.95      3.52  0.       -3926.885       1054.816      -2965.026    0.000   0.000   0.000   0.
  2017 352 10  4 57 511 352.420110093      -8.80      5.90      3.45  0.       -3924.954       1052.475      -2966.158    0.000   0.000   0.000   0.
  2017 352 10  4 58 512 352.420121667      -8.87      5.87      3.39  0.       -3923.023       1050.133      -2967.289    0.000   0.000   0.000   0.
  2017 352 10  4 59 512 352.420133241      -8.82      5.87      3.38  0.       -3921.090       1047.791      -2968.419    0.000   0.000   0.000   0.
  2017 352 10  5  0 512 352.420144815      -8.77      5.85      3.37  0.       -3919.156       1045.448      -2969.549    0.000   0.000   0.000   0.
  2017 352 10  5  1 512 352.420156389      -8.83      5.80      3.32  0.       -3917.220       1043.106      -2970.677    0.000   0.000   0.000   0.
  2017 352 10  5  2 512 352.420167963      -8.86      5.78      3.24  0.       -3915.283       1040.763      -2971.804    0.000   0.000   0.000   0.
  2017 352 10  5  3 511 352.420179537      -8.82      5.79      3.21  0.       -3913.345       1038.419      -2972.930    0.000   0.000   0.000   0.
  2017 352 10  5  4 511 352.420191111      -8.78      5.79      3.21  0.       -3911.405       1036.075      -2974.055    0.000   0.000   0.000   0.
  2017 352 10  5  5 511 352.420202685      -8.76      5.79      3.21  0.       -3909.465       1033.731      -2975.180    0.000   0.000   0.000   0.
  2017 352 10  5  6 511 352.420214259      -8.74      5.76      3.12  0.       -3907.522       1031.387      -2976.303    0.000   0.000   0.000   0.
  2017 352 10  5  7 511 352.420225833      -8.74      5.75      3.07  0.       -3905.579       1029.042      -2977.425    0.000   0.000   0.000   0.
  2017 352 10  5  8 512 352.420237407      -8.64      5.80      3.03  0.       -3903.634       1026.697      -2978.546    0.000   0.000   0.000   0.
  2017 352 10  5  9 512 352.420248981      -8.63      5.88      2.97  0.       -3901.688       1024.351      -2979.666    0.000   0.000   0.000   0.
  2017 352 10  5 10 511 352.420260553      -8.57      5.97      2.99  0.       -3899.741       1022.005      -2980.785    0.000   0.000   0.000   0.
  2017 352 10  5 11 511 352.420272127      -8.55      6.01      3.02  0.       -3897.792       1019.659      -2981.904    0.000   0.000   0.000   0.
  2017 352 10  5 12 511 352.420283701      -8.45      6.05      3.11  0.       -3895.842       1017.312      -2983.021    0.000   0.000   0.000   0.
  2017 352 10  5 13 511 352.420295275      -8.40      6.08      3.13  0.       -3893.890       1014.965      -2984.137    0.000   0.000   0.000   0.
  2017 352 10  5 14 511 352.420306849      -8.30      6.09      3.22  0.       -3891.937       1012.618      -2985.252    0.000   0.000   0.000   0.
  2017 352 10  5 15 511 352.420318423      -8.32      6.07      3.24  0.       -3889.983       1010.271      -2986.366    0.000   0.000   0.000   0.
  2017 352 10  5 16 511 352.420329997      -8.30      6.05      3.26  0.       -3888.028       1007.923      -2987.479    0.000   0.000   0.000   0.
  2017 352 10  5 17 511 352.420341571      -8.22      5.99      3.29  0.       -3886.071       1005.574      -2988.591    0.000   0.000   0.000   0.
  2017 352 10  5 18 511 352.420353145      -8.22      5.96      3.31  0.       -3884.113       1003.226      -2989.702    0.000   0.000   0.000   0.
  2017 352 10  5 19 511 352.420364719      -8.25      5.92      3.32  0.       -3882.154       1000.877      -2990.812    0.000   0.000   0.000   0.
  2017 352 10  5 20 511 352.420376293      -8.31      5.86      3.33  0.       -3880.193        998.527      -2991.921    0.000   0.000   0.000   0.
  2017 352 10  5 21 511 352.420387867      -8.31      5.82      3.35  0.       -3878.231        996.178      -2993.029    0.000   0.000   0.000   0.
  2017 352 10  5 22 511 352.420399442      -8.32      5.76      3.41  0.       -3876.268        993.828      -2994.136    0.000   0.000   0.000   0.
  2017 352 10  5 23 511 352.420411016      -8.33      5.71      3.47  0.       -3874.303        991.477      -2995.242    0.000   0.000   0.000   0.
  2017 352 10  5 24 511 352.420422590      -8.30      5.70      3.50  0.       -3872.337        989.127      -2996.346    0.000   0.000   0.000   0.
  2017 352 10  5 25 511 352.420434164      -8.26      5.71      3.52  0.       -3870.370        986.775      -2997.450    0.000   0.000   0.000   0.
  2017 352 10  5 26 511 352.420445738      -8.29      5.71      3.54  0.       -3868.401        984.424      -2998.553    0.000   0.000   0.000   0.
  2017 352 10  5 27 511 352.420457312      -8.34      5.75      3.51  0.       -3866.431        982.072      -2999.655    0.000   0.000   0.000   0.
  2017 352 10  5 28 511 352.420468886      -8.46      5.75      3.45  0.       -3864.460        979.720      -3000.756    0.000   0.000   0.000   0.
  2017 352 10  5 29 511 352.420480460      -8.52      5.82      3.40  0.       -3862.487        977.368      -3001.855    0.000   0.000   0.000   0.
  2017 352 10  5 30 511 352.420492034      -8.58      5.82      3.39  0.       -3860.513        975.015      -3002.954    0.000   0.000   0.000   0.
  2017 352 10  5 31 511 352.420503608      -8.63      5.82      3.38  0.       -3858.538        972.662      -3004.052    0.000   0.000   0.000   0.
  2017 352 10  5 32 511 352.420515182      -8.68      5.80      3.37  0.       -3856.562        970.309      -3005.148    0.000   0.000   0.000   0.
  2017 352 10  5 33 511 352.420526756      -8.75      5.79      3.36  0.       -3854.584        967.955      -3006.244    0.000   0.000   0.000   0.
  2017 352 10  5 34 511 352.420538330      -8.88      5.73      3.37  0.       -3852.604        965.601      -3007.338    0.000   0.000   0.000   0.
  2017 352 10  5 35 511 352.420549905      -8.80      5.71      3.36  0.       -3850.624        963.246      -3008.432    0.000   0.000   0.000   0.
  2017 352 10  5 36 511 352.420561479      -8.70      5.67      3.42  0.       -3848.642        960.892      -3009.524    0.000   0.000   0.000   0.
  2017 352 10  5 37 511 352.420573053      -8.71      5.62      3.44  0.       -3846.659        958.537      -3010.615    0.000   0.000   0.000   0.
  2017 352 10  5 38 511 352.420584624      -8.64      5.58      3.46  0.       -3844.674        956.181      -3011.706    0.000   0.000   0.000   0.
  2017 352 10  5 39 511 352.420596198      -8.66      5.55      3.45  0.       -3842.688        953.826      -3012.795    0.000   0.000   0.000   0.
  2017 352 10  5 40 511 352.420607772      -8.68      5.52      3.44  0.       -3840.701        951.469      -3013.883    0.000   0.000   0.000   0.
  2017 352 10  5 41 511 352.420619346      -8.63      5.50      3.43  0.       -3838.712        949.113      -3014.971    0.000   0.000   0.000   0.
  2017 352 10  5 42 511 352.420630920      -8.56      5.49      3.44  0.       -3836.722        946.756      -3016.057    0.000   0.000   0.000   0.
  2017 352 10  5 43 511 352.420642494      -8.49      5.47      3.43  0.       -3834.731        944.399      -3017.142    0.000   0.000   0.000   0.
  2017 352 10  5 44 511 352.420654068      -8.56      5.39      3.44  0.       -3832.738        942.042      -3018.226    0.000   0.000   0.000   0.
  2017 352 10  5 45 511 352.420665642      -8.54      5.37      3.40  0.       -3830.745        939.684      -3019.309    0.000   0.000   0.000   0.
  2017 352 10  5 46 511 352.420677216      -8.53      5.32      3.42  0.       -3828.749        937.326      -3020.391    0.000   0.000   0.000   0.
  2017 352 10  5 47 511 352.420688791      -8.49      5.27      3.44  0.       -3826.753        934.968      -3021.472    0.000   0.000   0.000   0.
  2017 352 10  5 48 511 352.420700365      -8.52      5.24      3.43  0.       -3824.755        932.609      -3022.551    0.000   0.000   0.000   0.
  2017 352 10  5 49 511 352.420711939      -8.50      5.22      3.39  0.       -3822.755        930.250      -3023.630    0.000   0.000   0.000   0.
  2017 352 10  5 50 511 352.420723513      -8.55      5.19      3.36  0.       -3820.755        927.891      -3024.708    0.000   0.000   0.000   0.
  2017 352 10  5 51 511 352.420735087      -8.59      5.15      3.33  0.       -3818.753        925.531      -3025.785    0.000   0.000   0.000   0.
  2017 352 10  5 52 511 352.420746661      -8.57      5.12      3.24  0.       -3816.750        923.171      -3026.860    0.000   0.000   0.000   0.
  2017 352 10  5 53 511 352.420758235      -8.58      5.09      3.18  0.       -3814.745        920.811      -3027.935    0.000   0.000   0.000   0.
  2017 352 10  5 54 511 352.420769809      -8.58      5.06      3.11  0.       -3812.739        918.450      -3029.008    0.000   0.000   0.000   0.
  2017 352 10  5 55 511 352.420781383      -8.58      5.05      3.04  0.       -3810.732        916.089      -3030.081    0.000   0.000   0.000   0.
  2017 352 10  5 56 511 352.420792957      -8.59      5.06      2.99  0.       -3808.723        913.728      -3031.152    0.000   0.000   0.000   0.
  2017 352 10  5 57 511 352.420804531      -8.63      5.02      2.97  0.       -3806.713        911.366      -3032.222    0.000   0.000   0.000   0.
  2017 352 10  5 58 511 352.420816105      -8.63      5.04      2.92  0.       -3804.702        909.004      -3033.291    0.000   0.000   0.000   0.
  2017 352 10  5 59 511 352.420827679      -8.60      5.05      2.89  0.       -3802.689        906.642      -3034.359    0.000   0.000   0.000   0.
  2017 352 10  6  0 511 352.420839253      -8.59      5.04      2.88  0.       -3800.675        904.279      -3035.426    0.000   0.000   0.000   0.
  2017 352 10  6  1 511 352.420850828      -8.55      5.01      2.88  0.       -3798.659        901.917      -3036.492    0.000   0.000   0.000   0.
  2017 352 10  6  2 511 352.420862402      -8.51      5.00      2.88  0.       -3796.643        899.553      -3037.557    0.000   0.000   0.000   0.
  2017 352 10  6  3 511 352.420873976      -8.52      4.97      2.86  0.       -3794.625        897.190      -3038.621    0.000   0.000   0.000   0.
  2017 352 10  6  4 511 352.420885550      -8.52      4.93      2.81  0.       -3792.606        894.826      -3039.684    0.000   0.000   0.000   0.
  2017 352 10  6  5 511 352.420897124      -8.56      4.90      2.74  0.       -3790.585        892.462      -3040.746    0.000   0.000   0.000   0.
  2017 352 10  6  6 511 352.420908698      -8.58      4.88      2.69  0.       -3788.563        890.097      -3041.806    0.000   0.000   0.000   0.
  2017 352 10  6  7 511 352.420920272      -8.57      4.87      2.64  0.       -3786.540        887.732      -3042.866    0.000   0.000   0.000   0.
  2017 352 10  6  8 511 352.420931843      -8.64      4.84      2.55  0.       -3784.515        885.367      -3043.924    0.000   0.000   0.000   0.
  2017 352 10  6  9 511 352.420943417      -8.65      4.83      2.50  0.       -3782.489        883.002      -3044.981    0.000   0.000   0.000   0.
  2017 352 10  6 10 511 352.420954991      -8.65      4.86      2.49  0.       -3780.462        880.636      -3046.038    0.000   0.000   0.000   0.
  2017 352 10  6 11 511 352.420966565      -8.64      4.85      2.44  0.       -3778.433        878.270      -3047.093    0.000   0.000   0.000   0.
  2017 352 10  6 12 511 352.420978139      -8.66      4.83      2.41  0.       -3776.403        875.904      -3048.147    0.000   0.000   0.000   0.
  2017 352 10  6 13 511 352.420989714      -8.68      4.84      2.34  0.       -3774.371        873.537      -3049.200    0.000   0.000   0.000   0.
  2017 352 10  6 14 511 352.421001288      -8.63      4.88      2.31  0.       -3772.339        871.170      -3050.252    0.000   0.000   0.000   0.
  2017 352 10  6 15 511 352.421012862      -8.60      4.87      2.27  0.       -3770.304        868.803      -3051.303    0.000   0.000   0.000   0.
  2017 352 10  6 16 511 352.421024436      -8.60      4.85      2.25  0.       -3768.269        866.435      -3052.352    0.000   0.000   0.000   0.
  2017 352 10  6 17 511 352.421036010      -8.60      4.82      2.23  0.       -3766.232        864.067      -3053.401    0.000   0.000   0.000   0.
  2017 352 10  6 18 511 352.421047584      -8.63      4.77      2.25  0.       -3764.194        861.699      -3054.449    0.000   0.000   0.000   0.
  2017 352 10  6 19 511 352.421059158      -8.60      4.77      2.21  0.       -3762.155        859.330      -3055.495    0.000   0.000   0.000   0.
  2017 352 10  6 20 511 352.421070732      -8.60      4.76      2.20  0.       -3760.114        856.962      -3056.540    0.000   0.000   0.000   0.
  2017 352 10  6 21 511 352.421082306      -8.56      4.78      2.19  0.       -3758.072        854.592      -3057.585    0.000   0.000   0.000   0.
  2017 352 10  6 22 511 352.421093880      -8.64      4.75      2.13  0.       -3756.028        852.223      -3058.628    0.000   0.000   0.000   0.
  2017 352 10  6 23 511 352.421105454      -8.68      4.81      2.08  0.       -3753.983        849.853      -3059.670    0.000   0.000   0.000   0.
  2017 352 10  6 24 511 352.421117028      -8.65      4.81      2.04  0.       -3751.937        847.483      -3060.711    0.000   0.000   0.000   0.
  2017 352 10  6 25 511 352.421128602      -8.71      4.79      2.02  0.       -3749.889        845.113      -3061.751    0.000   0.000   0.000   0.
  2017 352 10  6 26 511 352.421140177      -8.71      4.80      2.02  0.       -3747.840        842.742      -3062.789    0.000   0.000   0.000   0.
  2017 352 10  6 27 511 352.421151751      -8.73      4.77      2.01  0.       -3745.790        840.371      -3063.827    0.000   0.000   0.000   0.
  2017 352 10  6 28 511 352.421163325      -8.73      4.78      1.99  0.       -3743.738        838.000      -3064.864    0.000   0.000   0.000   0.
  2017 352 10  6 29 511 352.421174899      -8.71      4.79      1.95  0.       -3741.685        835.628      -3065.899    0.000   0.000   0.000   0.
  2017 352 10  6 30 511 352.421186473      -8.72      4.81      1.92  0.       -3739.631        833.256      -3066.933    0.000   0.000   0.000   0.
  2017 352 10  6 31 511 352.421198047      -8.72      4.89      1.88  0.       -3737.575        830.884      -3067.967    0.000   0.000   0.000   0.
  2017 352 10  6 32 511 352.421209621      -8.72      4.89      1.89  0.       -3735.518        828.511      -3068.999    0.000   0.000   0.000   0.
  2017 352 10  6 33 511 352.421221195      -8.69      4.94      1.87  0.       -3733.460        826.139      -3070.030    0.000   0.000   0.000   0.
  2017 352 10  6 34 511 352.421232769      -8.71      4.93      1.82  0.       -3731.400        823.765      -3071.060    0.000   0.000   0.000   0.
  2017 352 10  6 35 511 352.421244343      -8.68      4.97      1.82  0.       -3729.339        821.392      -3072.088    0.000   0.000   0.000   0.
  2017 352 10  6 36 511 352.421255917      -8.63      5.03      1.82  0.       -3727.277        819.018      -3073.116    0.000   0.000   0.000   0.
  2017 352 10  6 37 511 352.421267491      -8.55      5.10      1.81  0.       -3725.213        816.644      -3074.142    0.000   0.000   0.000   0.
  2017 352 10  6 38 511 352.421279065      -8.46      5.16      1.82  0.       -3723.148        814.270      -3075.168    0.000   0.000   0.000   0.
  2017 352 10  6 39 511 352.421290639      -8.43      5.19      1.78  0.       -3721.081        811.895      -3076.192    0.000   0.000   0.000   0.
  2017 352 10  6 40 511 352.421302211      -8.45      5.22      1.74  0.       -3719.013        809.521      -3077.215    0.000   0.000   0.000   0.
  2017 352 10  6 41 511 352.421313785      -8.48      5.25      1.70  0.       -3716.944        807.145      -3078.237    0.000   0.000   0.000   0.
  2017 352 10  6 42 511 352.421325359      -8.47      5.27      1.68  0.       -3714.874        804.770      -3079.258    0.000   0.000   0.000   0.
  2017 352 10  6 43 511 352.421336933      -8.38      5.32      1.73  0.       -3712.802        802.394      -3080.278    0.000   0.000   0.000   0.
  2017 352 10  6 44 511 352.421348507      -8.32      5.38      1.72  0.       -3710.728        800.018      -3081.297    0.000   0.000   0.000   0.
  2017 352 10  6 45 510 352.421360081      -8.31      5.42      1.67  0.       -3708.654        797.642      -3082.314    0.000   0.000   0.000   0.
  2017 352 10  6 46 510 352.421371655      -8.31      5.50      1.60  0.       -3706.578        795.265      -3083.331    0.000   0.000   0.000   0.
  2017 352 10  6 47 510 352.421383229      -8.28      5.57      1.54  0.       -3704.501        792.888      -3084.346    0.000   0.000   0.000   0.
  2017 352 10  6 48 510 352.421394803      -8.31      5.63      1.50  0.       -3702.422        790.511      -3085.360    0.000   0.000   0.000   0.
  2017 352 10  6 49 510 352.421406377      -8.31      5.69      1.41  0.       -3700.342        788.133      -3086.373    0.000   0.000   0.000   0.
  2017 352 10  6 50 511 352.421417951      -8.35      5.75      1.32  0.       -3698.260        785.756      -3087.385    0.000   0.000   0.000   0.
  2017 352 10  6 51 511 352.421429525      -8.37      5.75      1.31  0.       -3696.178        783.377      -3088.396    0.000   0.000   0.000   0.
  2017 352 10  6 52 510 352.421441100      -8.39      5.80      1.22  0.       -3694.093        780.999      -3089.405    0.000   0.000   0.000   0.
  2017 352 10  6 53 510 352.421452674      -8.44      5.82      1.13  0.       -3692.008        778.620      -3090.413    0.000   0.000   0.000   0.
  2017 352 10  6 54 511 352.421464248      -8.45      5.85      1.08  0.       -3689.921        776.241      -3091.421    0.000   0.000   0.000   0.
  2017 352 10  6 55 511 352.421475822      -8.44      5.90      1.02  0.       -3687.833        773.862      -3092.427    0.000   0.000   0.000   0.
  2017 352 10  6 56 511 352.421487396      -8.40      5.92      0.97  0.       -3685.743        771.483      -3093.432    0.000   0.000   0.000   0.
  2017 352 10  6 57 511 352.421498970      -8.37      5.97      0.92  0.       -3683.652        769.103      -3094.436    0.000   0.000   0.000   0.
  2017 352 10  6 58 511 352.421510544      -8.37      6.04      0.84  0.       -3681.560        766.723      -3095.439    0.000   0.000   0.000   0.
  2017 352 10  6 59 510 352.421522118      -8.34      6.07      0.78  0.       -3679.466        764.342      -3096.440    0.000   0.000   0.000   0.
  2017 352 10  7  0 510 352.421533692      -8.33      6.09      0.72  0.       -3677.371        761.962      -3097.441    0.000   0.000   0.000   0.
  2017 352 10  7  1 510 352.421545266      -8.31      6.11      0.64  0.       -3675.275        759.581      -3098.440    0.000   0.000   0.000   0.
  2017 352 10  7  2 510 352.421556840      -8.30      6.16      0.58  0.       -3673.177        757.199      -3099.438    0.000   0.000   0.000   0.
  2017 352 10  7  3 510 352.421568414      -8.27      6.17      0.53  0.       -3671.078        754.818      -3100.435    0.000   0.000   0.000   0.
  2017 352 10  7  4 511 352.421579988      -8.14      6.23      0.50  0.       -3668.978        752.436      -3101.431    0.000   0.000   0.000   0.
  2017 352 10  7  5 510 352.421591562      -8.04      6.29      0.50  0.       -3666.876        750.054      -3102.426    0.000   0.000   0.000   0.
  2017 352 10  7  6 510 352.421603137      -7.97      6.32      0.46  0.       -3664.773        747.671      -3103.419    0.000   0.000   0.000   0.
  2017 352 10  7  7 511 352.421614711      -7.90      6.37      0.43  0.       -3662.668        745.289      -3104.412    0.000   0.000   0.000   0.
  2017 352 10  7  8 511 352.421626285      -7.87      6.40      0.39  0.       -3660.562        742.906      -3105.403    0.000   0.000   0.000   0.
  2017 352 10  7  9 511 352.421637859      -7.88      6.45      0.35  0.       -3658.455        740.523      -3106.393    0.000   0.000   0.000   0.
  2017 352 10  7 10 510 352.421649430      -7.90      6.45      0.29  0.       -3656.347        738.139      -3107.382    0.000   0.000   0.000   0.
  2017 352 10  7 11 510 352.421661004      -7.88      6.48      0.21  0.       -3654.237        735.755      -3108.370    0.000   0.000   0.000   0.
  2017 352 10  7 12 510 352.421672578      -7.83      6.50      0.20  0.       -3652.125        733.371      -3109.356    0.000   0.000   0.000   0.
  2017 352 10  7 13 510 352.421684152      -7.79      6.53      0.17  0.       -3650.013        730.987      -3110.342    0.000   0.000   0.000   0.
  2017 352 10  7 14 510 352.421695726      -7.74      6.55      0.17  0.       -3647.898        728.603      -3111.326    0.000   0.000   0.000   0.
  2017 352 10  7 15 510 352.421707300      -7.71      6.56      0.17  0.       -3645.783        726.218      -3112.309    0.000   0.000   0.000   0.
  2017 352 10  7 16 510 352.421718874      -7.72      6.58      0.15  0.       -3643.666        723.833      -3113.291    0.000   0.000   0.000   0.
  2017 352 10  7 17 510 352.421730448      -7.74      6.54      0.13  0.       -3641.548        721.447      -3114.272    0.000   0.000   0.000   0.
  2017 352 10  7 18 510 352.421742023      -7.67      6.56      0.09  0.       -3639.428        719.062      -3115.251    0.000   0.000   0.000   0.
  2017 352 10  7 19 510 352.421753597      -7.68      6.54      0.06  0.       -3637.308        716.676      -3116.230    0.000   0.000   0.000   0.
  2017 352 10  7 20 510 352.421765171      -7.68      6.51      0.06  0.       -3635.185        714.289      -3117.207    0.000   0.000   0.000   0.
  2017 352 10  7 21 510 352.421776745      -7.65      6.49      0.01  0.       -3633.062        711.903      -3118.183    0.000   0.000   0.000   0.
  2017 352 10  7 22 510 352.421788319      -7.66      6.47     -0.01  0.       -3630.937        709.516      -3119.158    0.000   0.000   0.000   0.
  2017 352 10  7 23 510 352.421799893      -7.72      6.43     -0.06  0.       -3628.810        707.129      -3120.132    0.000   0.000   0.000   0.
  2017 352 10  7 24 510 352.421811467      -7.75      6.41     -0.09  0.       -3626.682        704.742      -3121.104    0.000   0.000   0.000   0.
  2017 352 10  7 25 510 352.421823041      -7.73      6.36     -0.14  0.       -3624.553        702.354      -3122.075    0.000   0.000   0.000   0.
  2017 352 10  7 26 510 352.421834615      -7.86      6.26     -0.29  0.       -3622.423        699.967      -3123.046    0.000   0.000   0.000   0.
  2017 352 10  7 27 510 352.421846189      -7.85      6.22     -0.42  0.       -3620.291        697.578      -3124.015    0.000   0.000   0.000   0.
  2017 352 10  7 28 510 352.421857763      -7.88      6.19     -0.45  0.       -3618.158        695.190      -3124.982    0.000   0.000   0.000   0.
  2017 352 10  7 29 510 352.421869337      -7.84      6.13     -0.50  0.       -3616.023        692.801      -3125.949    0.000   0.000   0.000   0.
  2017 352 10  7 30 510 352.421880911      -7.84      6.08     -0.49  0.       -3613.887        690.413      -3126.914    0.000   0.000   0.000   0.
  2017 352 10  7 31 510 352.421892486      -7.84      6.04     -0.44  0.       -3611.750        688.023      -3127.879    0.000   0.000   0.000   0.
  2017 352 10  7 32 510 352.421904060      -7.84      6.02     -0.36  0.       -3609.611        685.634      -3128.842    0.000   0.000   0.000   0.
  2017 352 10  7 33 510 352.421915634      -7.83      5.99     -0.29  0.       -3607.471        683.244      -3129.803    0.000   0.000   0.000   0.
  2017 352 10  7 34 510 352.421927208      -7.85      5.96     -0.24  0.       -3605.330        680.854      -3130.764    0.000   0.000   0.000   0.
  2017 352 10  7 35 510 352.421938782      -7.85      5.99     -0.20  0.       -3603.187        678.464      -3131.724    0.000   0.000   0.000   0.
  2017 352 10  7 36 510 352.421950356      -7.88      6.01     -0.19  0.       -3601.043        676.074      -3132.682    0.000   0.000   0.000   0.
  2017 352 10  7 37 510 352.421961930      -7.86      6.06     -0.15  0.       -3598.897        673.683      -3133.639    0.000   0.000   0.000   0.
  2017 352 10  7 38 510 352.421973504      -7.82      6.09     -0.08  0.       -3596.750        671.292      -3134.595    0.000   0.000   0.000   0.
  2017 352 10  7 39 510 352.421985078      -7.77      6.13      0.04  0.       -3594.602        668.901      -3135.549    0.000   0.000   0.000   0.
  2017 352 10  7 40 510 352.421996649      -7.77      6.15      0.12  0.       -3592.452        666.510      -3136.503    0.000   0.000   0.000   0.
  2017 352 10  7 41 510 352.422008223      -7.71      6.15      0.24  0.       -3590.301        664.118      -3137.455    0.000   0.000   0.000   0.
  2017 352 10  7 42 510 352.422019798      -7.66      6.15      0.38  0.       -3588.149        661.726      -3138.406    0.000   0.000   0.000   0.
  2017 352 10  7 43 510 352.422031371      -7.73      6.15      0.43  0.       -3585.995        659.334      -3139.356    0.000   0.000   0.000   0.
  2017 352 10  7 44 510 352.422042946      -7.74      6.13      0.52  0.       -3583.840        656.941      -3140.305    0.000   0.000   0.000   0.
  2017 352 10  7 45 510 352.422054520      -7.79      6.11      0.62  0.       -3581.683        654.548      -3141.252    0.000   0.000   0.000   0.
  2017 352 10  7 46 510 352.422066094      -7.82      6.13      0.65  0.       -3579.525        652.155      -3142.198    0.000   0.000   0.000   0.
  2017 352 10  7 47 510 352.422077668      -7.86      6.14      0.71  0.       -3577.366        649.762      -3143.143    0.000   0.000   0.000   0.
  2017 352 10  7 48 510 352.422089242      -7.93      6.08      0.82  0.       -3575.205        647.369      -3144.087    0.000   0.000   0.000   0.
  2017 352 10  7 49 510 352.422100816      -7.99      6.06      0.87  0.       -3573.043        644.975      -3145.030    0.000   0.000   0.000   0.
  2017 352 10  7 50 510 352.422112390      -8.04      6.07      0.90  0.       -3570.880        642.581      -3145.971    0.000   0.000   0.000   0.
  2017 352 10  7 51 510 352.422123964      -8.01      6.08      0.93  0.       -3568.715        640.187      -3146.911    0.000   0.000   0.000   0.
  2017 352 10  7 52 510 352.422135538      -7.92      6.15      0.93  0.       -3566.549        637.792      -3147.850    0.000   0.000   0.000   0.
  2017 352 10  7 53 510 352.422147112      -7.87      6.18      0.94  0.       -3564.381        635.397      -3148.788    0.000   0.000   0.000   0.
  2017 352 10  7 54 510 352.422158686      -7.92      6.14      0.95  0.       -3562.212        633.003      -3149.725    0.000   0.000   0.000   0.
  2017 352 10  7 55 510 352.422170260      -7.93      6.11      0.99  0.       -3560.042        630.607      -3150.660    0.000   0.000   0.000   0.
  2017 352 10  7 56 510 352.422181835      -7.97      6.08      1.01  0.       -3557.870        628.212      -3151.594    0.000   0.000   0.000   0.
  2017 352 10  7 57 510 352.422193409      -7.96      6.12      1.00  0.       -3555.697        625.816      -3152.527    0.000   0.000   0.000   0.
  2017 352 10  7 58 510 352.422204983      -7.91      6.13      1.05  0.       -3553.523        623.420      -3153.459    0.000   0.000   0.000   0.
  2017 352 10  7 59 510 352.422216557      -7.93      6.14      1.07  0.       -3551.347        621.024      -3154.389    0.000   0.000   0.000   0.
  2017 352 10  8  0 510 352.422228131      -7.90      6.14      1.07  0.       -3549.170        618.627      -3155.318    0.000   0.000   0.000   0.
  2017 352 10  8  1 510 352.422239705      -7.83      6.17      1.14  0.       -3546.991        616.231      -3156.246    0.000   0.000   0.000   0.
  2017 352 10  8  2 510 352.422251279      -7.79      6.18      1.12  0.       -3544.811        613.834      -3157.173    0.000   0.000   0.000   0.
  2017 352 10  8  3 510 352.422262853      -7.73      6.20      1.15  0.       -3542.630        611.437      -3158.098    0.000   0.000   0.000   0.
  2017 352 10  8  4 510 352.422274427      -7.72      6.16      1.18  0.       -3540.447        609.039      -3159.023    0.000   0.000   0.000   0.
  2017 352 10  8  5 510 352.422286001      -7.74      6.16      1.17  0.       -3538.263        606.642      -3159.946    0.000   0.000   0.000   0.
  2017 352 10  8  6 510 352.422297575      -7.75      6.11      1.17  0.       -3536.078        604.244      -3160.867    0.000   0.000   0.000   0.
  2017 352 10  8  7 510 352.422309149      -7.80      6.03      1.23  0.       -3533.891        601.846      -3161.788    0.000   0.000   0.000   0.
  2017 352 10  8  8 510 352.422320723      -7.77      6.04      1.18  0.       -3531.703        599.447      -3162.707    0.000   0.000   0.000   0.
  2017 352 10  8  9 510 352.422332297      -7.81      5.98      1.20  0.       -3529.513        597.049      -3163.625    0.000   0.000   0.000   0.
  2017 352 10  8 10 510 352.422343869      -7.85      5.97      1.16  0.       -3527.322        594.650      -3164.542    0.000   0.000   0.000   0.
  2017 352 10  8 11 510 352.422355443      -7.92      5.92      1.13  0.       -3525.130        592.251      -3165.458    0.000   0.000   0.000   0.
  2017 352 10  8 12 510 352.422367017      -7.93      5.92      1.08  0.       -3522.936        589.851      -3166.372    0.000   0.000   0.000   0.
  2017 352 10  8 13 510 352.422378591      -7.89      5.93      1.10  0.       -3520.741        587.452      -3167.285    0.000   0.000   0.000   0.
  2017 352 10  8 14 510 352.422390165      -7.88      5.91      1.06  0.       -3518.544        585.053      -3168.197    0.000   0.000   0.000   0.
  2017 352 10  8 15 510 352.422401739      -7.86      5.89      1.05  0.       -3516.346        582.653      -3169.108    0.000   0.000   0.000   0.
  2017 352 10  8 16 510 352.422413313      -7.85      5.89      1.06  0.       -3514.147        580.252      -3170.017    0.000   0.000   0.000   0.
  2017 352 10  8 17 510 352.422424887      -7.82      5.87      1.07  0.       -3511.946        577.851      -3170.925    0.000   0.000   0.000   0.
  2017 352 10  8 18 510 352.422436461      -7.77      5.86      1.01  0.       -3509.744        575.451      -3171.832    0.000   0.000   0.000   0.
  2017 352 10  8 19 510 352.422448035      -7.65      5.85      1.08  0.       -3507.541        573.050      -3172.738    0.000   0.000   0.000   0.
  2017 352 10  8 20 510 352.422459609      -7.65      5.81      1.10  0.       -3505.336        570.649      -3173.642    0.000   0.000   0.000   0.
  2017 352 10  8 21 510 352.422471183      -7.68      5.79      1.05  0.       -3503.130        568.248      -3174.545    0.000   0.000   0.000   0.
  2017 352 10  8 22 510 352.422482758      -7.67      5.77      1.07  0.       -3500.922        565.846      -3175.447    0.000   0.000   0.000   0.
  2017 352 10  8 23 510 352.422494332      -7.71      5.78      1.02  0.       -3498.713        563.444      -3176.347    0.000   0.000   0.000   0.
  2017 352 10  8 24 510 352.422505906      -7.75      5.77      1.00  0.       -3496.503        561.042      -3177.247    0.000   0.000   0.000   0.
  2017 352 10  8 25 510 352.422517480      -7.73      5.76      1.01  0.       -3494.291        558.640      -3178.145    0.000   0.000   0.000   0.
  2017 352 10  8 26 510 352.422529054      -7.68      5.77      1.00  0.       -3492.078        556.237      -3179.041    0.000   0.000   0.000   0.
  2017 352 10  8 27 510 352.422540628      -7.71      5.78      1.01  0.       -3489.863        553.835      -3179.937    0.000   0.000   0.000   0.
  2017 352 10  8 28 510 352.422552202      -7.69      5.81      0.95  0.       -3487.648        551.432      -3180.831    0.000   0.000   0.000   0.
  2017 352 10  8 29 510 352.422563776      -7.71      5.81      0.98  0.       -3485.430        549.029      -3181.724    0.000   0.000   0.000   0.
  2017 352 10  8 30 510 352.422575350      -7.71      5.85      0.93  0.       -3483.211        546.625      -3182.616    0.000   0.000   0.000   0.
  2017 352 10  8 31 510 352.422586924      -7.73      5.83      0.94  0.       -3480.991        544.222      -3183.506    0.000   0.000   0.000   0.
  2017 352 10  8 32 510 352.422598498      -7.69      5.82      0.95  0.       -3478.770        541.818      -3184.396    0.000   0.000   0.000   0.
  2017 352 10  8 33 510 352.422610072      -7.67      5.81      0.98  0.       -3476.547        539.414      -3185.283    0.000   0.000   0.000   0.
  2017 352 10  8 34 510 352.422621646      -7.66      5.83      0.99  0.       -3474.323        537.010      -3186.170    0.000   0.000   0.000   0.
  2017 352 10  8 35 510 352.422633220      -7.62      5.85      0.97  0.       -3472.097        534.605      -3187.055    0.000   0.000   0.000   0.
  2017 352 10  8 36 510 352.422644795      -7.64      5.82      0.96  0.       -3469.870        532.201      -3187.939    0.000   0.000   0.000   0.
  2017 352 10  8 37 510 352.422656369      -7.66      5.83      0.97  0.       -3467.642        529.796      -3188.822    0.000   0.000   0.000   0.
  2017 352 10  8 38 510 352.422667943      -7.71      5.80      0.96  0.       -3465.412        527.391      -3189.704    0.000   0.000   0.000   0.
  2017 352 10  8 39 510 352.422679517      -7.72      5.78      0.92  0.       -3463.181        524.985      -3190.584    0.000   0.000   0.000   0.
  2017 352 10  8 40 510 352.422691088      -7.75      5.78      0.86  0.       -3460.948        522.580      -3191.463    0.000   0.000   0.000   0.
  2017 352 10  8 41 509 352.422702662      -7.76      5.79      0.80  0.       -3458.714        520.174      -3192.341    0.000   0.000   0.000   0.
  2017 352 10  8 42 509 352.422714236      -7.73      5.81      0.79  0.       -3456.479        517.768      -3193.217    0.000   0.000   0.000   0.
  2017 352 10  8 43 509 352.422725810      -7.72      5.78      0.74  0.       -3454.242        515.362      -3194.092    0.000   0.000   0.000   0.
  2017 352 10  8 44 509 352.422737384      -7.75      5.80      0.72  0.       -3452.004        512.956      -3194.966    0.000   0.000   0.000   0.
  2017 352 10  8 45 509 352.422748958      -7.68      5.80      0.75  0.       -3449.765        510.549      -3195.838    0.000   0.000   0.000   0.
  2017 352 10  8 46 510 352.422760532      -7.70      5.79      0.77  0.       -3447.524        508.142      -3196.710    0.000   0.000   0.000   0.
  2017 352 10  8 47 510 352.422772106      -7.70      5.80      0.77  0.       -3445.281        505.736      -3197.579    0.000   0.000   0.000   0.
  2017 352 10  8 48 509 352.422783681      -7.71      5.79      0.79  0.       -3443.038        503.328      -3198.448    0.000   0.000   0.000   0.
  2017 352 10  8 49 509 352.422795255      -7.73      5.78      0.81  0.       -3440.793        500.921      -3199.316    0.000   0.000   0.000   0.
  2017 352 10  8 50 510 352.422806829      -7.72      5.79      0.82  0.       -3438.546        498.513      -3200.181    0.000   0.000   0.000   0.
  2017 352 10  8 51 510 352.422818403      -7.76      5.78      0.80  0.       -3436.298        496.106      -3201.047    0.000   0.000   0.000   0.
  2017 352 10  8 52 510 352.422829977      -7.65      5.81      0.84  0.       -3434.049        493.698      -3201.910    0.000   0.000   0.000   0.
  2017 352 10  8 53 510 352.422841551      -7.65      5.82      0.81  0.       -3431.798        491.289      -3202.772    0.000   0.000   0.000   0.
  2017 352 10  8 54 509 352.422853125      -7.63      5.79      0.82  0.       -3429.546        488.881      -3203.633    0.000   0.000   0.000   0.
  2017 352 10  8 55 509 352.422864699      -7.62      5.78      0.81  0.       -3427.293        486.472      -3204.492    0.000   0.000   0.000   0.
  2017 352 10  8 56 509 352.422876273      -7.66      5.78      0.75  0.       -3425.038        484.064      -3205.350    0.000   0.000   0.000   0.
  2017 352 10  8 57 509 352.422887847      -7.68      5.79      0.72  0.       -3422.782        481.655      -3206.207    0.000   0.000   0.000   0.
  2017 352 10  8 58 509 352.422899421      -7.69      5.80      0.71  0.       -3420.524        479.246      -3207.063    0.000   0.000   0.000   0.
  2017 352 10  8 59 510 352.422910995      -7.72      5.81      0.71  0.       -3418.265        476.836      -3207.917    0.000   0.000   0.000   0.
  2017 352 10  9  0 510 352.422922569      -7.75      5.79      0.69  0.       -3416.005        474.427      -3208.770    0.000   0.000   0.000   0.
  2017 352 10  9  1 509 352.422934144      -7.75      5.82      0.67  0.       -3413.743        472.017      -3209.622    0.000   0.000   0.000   0.
  2017 352 10  9  2 509 352.422945718      -7.74      5.84      0.66  0.       -3411.480        469.607      -3210.472    0.000   0.000   0.000   0.
  2017 352 10  9  3 510 352.422957292      -7.74      5.86      0.72  0.       -3409.215        467.197      -3211.321    0.000   0.000   0.000   0.
  2017 352 10  9  4 510 352.422968866      -7.74      5.87      0.70  0.       -3406.949        464.786      -3212.169    0.000   0.000   0.000   0.
  2017 352 10  9  5 510 352.422980440      -7.72      5.87      0.69  0.       -3404.682        462.376      -3213.015    0.000   0.000   0.000   0.
  2017 352 10  9  6 510 352.422992014      -7.70      5.87      0.70  0.       -3402.413        459.965      -3213.861    0.000   0.000   0.000   0.
  2017 352 10  9  7 510 352.423003588      -7.67      5.92      0.64  0.       -3400.143        457.554      -3214.704    0.000   0.000   0.000   0.
  2017 352 10  9  8 509 352.423015162      -7.66      5.95      0.63  0.       -3397.871        455.143      -3215.547    0.000   0.000   0.000   0.
  2017 352 10  9  9 509 352.423026736      -7.65      6.01      0.66  0.       -3395.598        452.732      -3216.388    0.000   0.000   0.000   0.
  2017 352 10  9 10 509 352.423038307      -7.61      6.04      0.71  0.       -3393.324        450.320      -3217.228    0.000   0.000   0.000   0.
  2017 352 10  9 11 509 352.423049881      -7.64      6.02      0.74  0.       -3391.048        447.909      -3218.066    0.000   0.000   0.000   0.
  2017 352 10  9 12 509 352.423061455      -7.64      6.02      0.78  0.       -3388.771        445.497      -3218.903    0.000   0.000   0.000   0.
  2017 352 10  9 13 509 352.423073030      -7.76      5.98      0.76  0.       -3386.492        443.085      -3219.739    0.000   0.000   0.000   0.
  2017 352 10  9 14 509 352.423084604      -7.84      5.93      0.75  0.       -3384.213        440.673      -3220.574    0.000   0.000   0.000   0.
  2017 352 10  9 15 509 352.423096178      -7.84      5.91      0.76  0.       -3381.931        438.260      -3221.407    0.000   0.000   0.000   0.
  2017 352 10  9 16 509 352.423107752      -7.80      5.90      0.79  0.       -3379.648        435.848      -3222.238    0.000   0.000   0.000   0.
  2017 352 10  9 17 509 352.423119326      -7.76      5.91      0.78  0.       -3377.364        433.435      -3223.069    0.000   0.000   0.000   0.
  2017 352 10  9 18 509 352.423130900      -7.90      5.87      0.80  0.       -3375.079        431.022      -3223.898    0.000   0.000   0.000   0.
  2017 352 10  9 19 509 352.423142474      -7.93      5.89      0.80  0.       -3372.792        428.609      -3224.726    0.000   0.000   0.000   0.
  2017 352 10  9 20 509 352.423154048      -7.98      5.90      0.81  0.       -3370.503        426.196      -3225.552    0.000   0.000   0.000   0.
  2017 352 10  9 21 509 352.423165622      -7.98      5.90      0.83  0.       -3368.214        423.782      -3226.377    0.000   0.000   0.000   0.
  2017 352 10  9 22 509 352.423177196      -7.95      5.92      0.84  0.       -3365.923        421.368      -3227.201    0.000   0.000   0.000   0.
  2017 352 10  9 23 509 352.423188770      -8.01      5.89      0.87  0.       -3363.630        418.955      -3228.024    0.000   0.000   0.000   0.
  2017 352 10  9 24 509 352.423200344      -8.00      5.88      0.89  0.       -3361.336        416.541      -3228.845    0.000   0.000   0.000   0.
  2017 352 10  9 25 509 352.423211918      -7.99      5.85      0.91  0.       -3359.041        414.126      -3229.664    0.000   0.000   0.000   0.
  2017 352 10  9 26 509 352.423223492      -8.02      5.81      0.98  0.       -3356.744        411.712      -3230.483    0.000   0.000   0.000   0.
  2017 352 10  9 27 509 352.423235067      -8.02      5.80      1.04  0.       -3354.446        409.297      -3231.300    0.000   0.000   0.000   0.
  2017 352 10  9 28 509 352.423246641      -8.07      5.81      1.08  0.       -3352.146        406.883      -3232.116    0.000   0.000   0.000   0.
  2017 352 10  9 29 509 352.423258215      -8.11      5.80      1.09  0.       -3349.845        404.468      -3232.930    0.000   0.000   0.000   0.
  2017 352 10  9 30 509 352.423269789      -8.17      5.81      1.10  0.       -3347.543        402.053      -3233.743    0.000   0.000   0.000   0.
  2017 352 10  9 31 509 352.423281363      -8.16      5.87      1.14  0.       -3345.239        399.638      -3234.555    0.000   0.000   0.000   0.
  2017 352 10  9 32 509 352.423292937      -8.20      5.90      1.15  0.       -3342.934        397.222      -3235.365    0.000   0.000   0.000   0.
  2017 352 10  9 33 509 352.423304511      -8.25      5.87      1.13  0.       -3340.628        394.807      -3236.174    0.000   0.000   0.000   0.
  2017 352 10  9 34 509 352.423316085      -8.28      5.90      1.12  0.       -3338.320        392.391      -3236.981    0.000   0.000   0.000   0.
  2017 352 10  9 35 509 352.423327659      -8.27      5.89      1.12  0.       -3336.010        389.975      -3237.787    0.000   0.000   0.000   0.
  2017 352 10  9 36 509 352.423339233      -8.33      5.88      1.12  0.       -3333.700        387.559      -3238.592    0.000   0.000   0.000   0.
  2017 352 10  9 37 509 352.423350807      -8.36      5.89      1.15  0.       -3331.387        385.143      -3239.396    0.000   0.000   0.000   0.
  2017 352 10  9 38 509 352.423362379      -8.40      5.88      1.18  0.       -3329.074        382.726      -3240.198    0.000   0.000   0.000   0.
  2017 352 10  9 39 509 352.423373953      -8.48      5.86      1.17  0.       -3326.759        380.310      -3240.998    0.000   0.000   0.000   0.
  2017 352 10  9 40 509 352.423385527      -8.56      5.87      1.15  0.       -3324.443        377.893      -3241.798    0.000   0.000   0.000   0.
  2017 352 10  9 41 509 352.423397101      -8.70      5.83      1.14  0.       -3322.125        375.476      -3242.596    0.000   0.000   0.000   0.
  2017 352 10  9 42 509 352.423408675      -8.78      5.82      1.14  0.       -3319.805        373.059      -3243.392    0.000   0.000   0.000   0.
  2017 352 10  9 43 509 352.423420249      -8.82      5.77      1.15  0.       -3317.485        370.642      -3244.188    0.000   0.000   0.000   0.
  2017 352 10  9 44 509 352.423431823      -8.82      5.79      1.17  0.       -3315.163        368.225      -3244.981    0.000   0.000   0.000   0.
  2017 352 10  9 45 509 352.423443397      -8.94      5.73      1.16  0.       -3312.840        365.807      -3245.774    0.000   0.000   0.000   0.
  2017 352 10  9 46 509 352.423454971      -8.99      5.74      1.19  0.       -3310.515        363.390      -3246.565    0.000   0.000   0.000   0.
  2017 352 10  9 47 509 352.423466545      -8.98      5.69      1.24  0.       -3308.189        360.972      -3247.355    0.000   0.000   0.000   0.
  2017 352 10  9 48 509 352.423478119      -8.92      5.66      1.27  0.       -3305.861        358.554      -3248.143    0.000   0.000   0.000   0.
  2017 352 10  9 49 509 352.423489693      -8.92      5.59      1.27  0.       -3303.532        356.136      -3248.930    0.000   0.000   0.000   0.
  2017 352 10  9 50 509 352.423501267      -8.94      5.57      1.25  0.       -3301.202        353.718      -3249.716    0.000   0.000   0.000   0.
  2017 352 10  9 51 509 352.423512841      -8.95      5.51      1.21  0.       -3298.870        351.299      -3250.500    0.000   0.000   0.000   0.
  2017 352 10  9 52 509 352.423524415      -8.97      5.48      1.15  0.       -3296.537        348.881      -3251.283    0.000   0.000   0.000   0.
  2017 352 10  9 53 509 352.423535990      -8.97      5.46      1.16  0.       -3294.202        346.462      -3252.064    0.000   0.000   0.000   0.
  2017 352 10  9 54 509 352.423547564      -9.01      5.48      1.14  0.       -3291.866        344.043      -3252.844    0.000   0.000   0.000   0.
  2017 352 10  9 55 509 352.423559138      -9.09      5.46      1.10  0.       -3289.529        341.624      -3253.623    0.000   0.000   0.000   0.
  2017 352 10  9 56 509 352.423570712      -9.13      5.37      1.10  0.       -3287.190        339.205      -3254.400    0.000   0.000   0.000   0.
  2017 352 10  9 57 509 352.423582286      -9.27      5.31      1.09  0.       -3284.850        336.786      -3255.176    0.000   0.000   0.000   0.
  2017 352 10  9 58 509 352.423593860      -9.27      5.31      1.10  0.       -3282.508        334.366      -3255.950    0.000   0.000   0.000   0.
  2017 352 10  9 59 509 352.423605434      -9.24      5.35      1.07  0.       -3280.165        331.947      -3256.723    0.000   0.000   0.000   0.
  2017 352 10 10  0 509 352.423617008      -9.28      5.32      1.10  0.       -3277.821        329.527      -3257.495    0.000   0.000   0.000   0.
  2017 352 10 10  1 509 352.423628582      -9.22      5.36      1.07  0.       -3275.475        327.107      -3258.265    0.000   0.000   0.000   0.
  2017 352 10 10  2 509 352.423640156      -9.16      5.47      1.02  0.       -3273.128        324.687      -3259.034    0.000   0.000   0.000   0.
  2017 352 10 10  3 509 352.423651730      -9.10      5.51      1.01  0.       -3270.779        322.267      -3259.801    0.000   0.000   0.000   0.
  2017 352 10 10  4 509 352.423663304      -9.07      5.54      1.03  0.       -3268.429        319.847      -3260.567    0.000   0.000   0.000   0.
  2017 352 10 10  5 509 352.423674878      -9.03      5.59      1.06  0.       -3266.077        317.426      -3261.332    0.000   0.000   0.000   0.
  2017 352 10 10  6 509 352.423686453      -8.98      5.62      1.12  0.       -3263.724        315.006      -3262.095    0.000   0.000   0.000   0.
  2017 352 10 10  7 509 352.423698027      -8.91      5.67      1.16  0.       -3261.370        312.585      -3262.857    0.000   0.000   0.000   0.
  2017 352 10 10  8 509 352.423709601      -8.91      5.67      1.19  0.       -3259.014        310.164      -3263.617    0.000   0.000   0.000   0.
  2017 352 10 10  9 509 352.423721175      -8.81      5.70      1.16  0.       -3256.657        307.743      -3264.376    0.000   0.000   0.000   0.
  2017 352 10 10 10 509 352.423732746      -8.77      5.71      1.13  0.       -3254.299        305.322      -3265.134    0.000   0.000   0.000   0.
  2017 352 10 10 11 509 352.423744320      -8.81      5.70      1.11  0.       -3251.939        302.901      -3265.890    0.000   0.000   0.000   0.
  2017 352 10 10 12 509 352.423755894      -8.82      5.75      1.08  0.       -3249.578        300.479      -3266.645    0.000   0.000   0.000   0.
  2017 352 10 10 13 509 352.423767468      -8.82      5.79      1.08  0.       -3247.215        298.058      -3267.398    0.000   0.000   0.000   0.
  2017 352 10 10 14 509 352.423779042      -8.78      5.82      1.04  0.       -3244.851        295.636      -3268.150    0.000   0.000   0.000   0.
  2017 352 10 10 15 509 352.423790616      -8.79      5.82      1.04  0.       -3242.485        293.214      -3268.901    0.000   0.000   0.000   0.
  2017 352 10 10 16 509 352.423802190      -8.76      5.81      1.04  0.       -3240.118        290.792      -3269.650    0.000   0.000   0.000   0.
  2017 352 10 10 17 509 352.423813764      -8.79      5.88      1.01  0.       -3237.750        288.370      -3270.397    0.000   0.000   0.000   0.
  2017 352 10 10 18 509 352.423825339      -8.81      5.88      1.03  0.       -3235.380        285.948      -3271.143    0.000   0.000   0.000   0.
  2017 352 10 10 19 509 352.423836913      -8.79      5.88      1.02  0.       -3233.009        283.526      -3271.888    0.000   0.000   0.000   0.
  2017 352 10 10 20 509 352.423848487      -8.69      5.92      1.01  0.       -3230.636        281.104      -3272.632    0.000   0.000   0.000   0.
  2017 352 10 10 21 509 352.423860061      -8.69      5.93      0.96  0.       -3228.262        278.681      -3273.373    0.000   0.000   0.000   0.
  2017 352 10 10 22 509 352.423871635      -8.70      5.96      0.87  0.       -3225.887        276.258      -3274.114    0.000   0.000   0.000   0.
  2017 352 10 10 23 509 352.423883209      -8.69      6.01      0.79  0.       -3223.510        273.836      -3274.853    0.000   0.000   0.000   0.
  2017 352 10 10 24 509 352.423894783      -8.68      6.05      0.82  0.       -3221.132        271.413      -3275.591    0.000   0.000   0.000   0.
  2017 352 10 10 25 509 352.423906357      -8.63      6.12      0.80  0.       -3218.752        268.990      -3276.326    0.000   0.000   0.000   0.
  2017 352 10 10 26 509 352.423917931      -8.76      6.08      0.80  0.       -3216.371        266.567      -3277.061    0.000   0.000   0.000   0.
  2017 352 10 10 27 509 352.423929505      -8.62      6.12      0.75  0.       -3213.988        264.143      -3277.795    0.000   0.000   0.000   0.
  2017 352 10 10 28 509 352.423941079      -8.62      6.12      0.76  0.       -3211.605        261.720      -3278.527    0.000   0.000   0.000   0.
  2017 352 10 10 29 509 352.423952653      -8.51      6.16      0.75  0.       -3209.219        259.297      -3279.257    0.000   0.000   0.000   0.
  2017 352 10 10 30 509 352.423964227      -8.43      6.19      0.69  0.       -3206.833        256.873      -3279.986    0.000   0.000   0.000   0.
  2017 352 10 10 31 509 352.423975802      -8.32      6.25      0.63  0.       -3204.445        254.449      -3280.714    0.000   0.000   0.000   0.
  2017 352 10 10 32 509 352.423987376      -8.22      6.28      0.62  0.       -3202.055        252.025      -3281.440    0.000   0.000   0.000   0.
  2017 352 10 10 33 509 352.423998950      -8.20      6.23      0.52  0.       -3199.664        249.602      -3282.164    0.000   0.000   0.000   0.
  2017 352 10 10 34 509 352.424010524      -8.20      6.19      0.36  0.       -3197.272        247.177      -3282.887    0.000   0.000   0.000   0.
  2017 352 10 10 35 509 352.424022098      -8.19      6.23      0.30  0.       -3194.878        244.753      -3283.609    0.000   0.000   0.000   0.
  2017 352 10 10 36 509 352.424033672      -8.14      6.25      0.24  0.       -3192.483        242.329      -3284.329    0.000   0.000   0.000   0.
  2017 352 10 10 37 509 352.424045246      -8.15      6.23      0.21  0.       -3190.086        239.905      -3285.048    0.000   0.000   0.000   0.
  2017 352 10 10 38 509 352.424056820      -8.28      6.19      0.17  0.       -3187.688        237.480      -3285.766    0.000   0.000   0.000   0.
  2017 352 10 10 39 509 352.424068394      -8.21      6.18      0.15  0.       -3185.289        235.056      -3286.481    0.000   0.000   0.000   0.
  2017 352 10 10 40 508 352.424079965      -8.22      6.12      0.11  0.       -3182.888        232.631      -3287.196    0.000   0.000   0.000   0.
  2017 352 10 10 41 509 352.424091539      -8.29      6.05      0.04  0.       -3180.486        230.206      -3287.909    0.000   0.000   0.000   0.
  2017 352 10 10 42 509 352.424103113      -8.23      5.99     -0.04  0.       -3178.082        227.781      -3288.620    0.000   0.000   0.000   0.
  2017 352 10 10 43 508 352.424114688      -8.30      5.91     -0.08  0.       -3175.677        225.356      -3289.330    0.000   0.000   0.000   0.
  2017 352 10 10 44 508 352.424126262      -8.43      5.93     -0.14  0.       -3173.271        222.931      -3290.039    0.000   0.000   0.000   0.
  2017 352 10 10 45 509 352.424137836      -8.50      5.85     -0.26  0.       -3170.863        220.506      -3290.746    0.000   0.000   0.000   0.
  2017 352 10 10 46 509 352.424149410      -8.46      5.88     -0.29  0.       -3168.454        218.080      -3291.452    0.000   0.000   0.000   0.
  2017 352 10 10 47 509 352.424160984      -8.48      5.92     -0.32  0.       -3166.043        215.655      -3292.156    0.000   0.000   0.000   0.
  2017 352 10 10 48 509 352.424172558      -8.44      6.01     -0.28  0.       -3163.631        213.230      -3292.859    0.000   0.000   0.000   0.
  2017 352 10 10 49 509 352.424184132      -8.48      6.08     -0.24  0.       -3161.217        210.804      -3293.560    0.000   0.000   0.000   0.
  2017 352 10 10 50 508 352.424195706      -8.46      6.11     -0.22  0.       -3158.802        208.378      -3294.260    0.000   0.000   0.000   0.
  2017 352 10 10 51 508 352.424207280      -8.46      6.16     -0.17  0.       -3156.386        205.952      -3294.958    0.000   0.000   0.000   0.
  2017 352 10 10 52 508 352.424218854      -8.38      6.21     -0.13  0.       -3153.968        203.527      -3295.655    0.000   0.000   0.000   0.
  2017 352 10 10 53 508 352.424230428      -8.32      6.21     -0.13  0.       -3151.549        201.101      -3296.350    0.000   0.000   0.000   0.
  2017 352 10 10 54 508 352.424242002      -8.28      6.27     -0.19  0.       -3149.128        198.675      -3297.044    0.000   0.000   0.000   0.
  2017 352 10 10 55 509 352.424253576      -8.21      6.33     -0.24  0.       -3146.706        196.248      -3297.736    0.000   0.000   0.000   0.
  2017 352 10 10 56 509 352.424265150      -8.18      6.31     -0.30  0.       -3144.283        193.822      -3298.427    0.000   0.000   0.000   0.
  2017 352 10 10 57 508 352.424276725      -8.10      6.34     -0.36  0.       -3141.858        191.396      -3299.116    0.000   0.000   0.000   0.
  2017 352 10 10 58 508 352.424288299      -8.03      6.42     -0.40  0.       -3139.432        188.969      -3299.804    0.000   0.000   0.000   0.
  2017 352 10 10 59 509 352.424299873      -8.01      6.49     -0.43  0.       -3137.004        186.543      -3300.491    0.000   0.000   0.000   0.
  2017 352 10 11  0 509 352.424311447      -7.99      6.49     -0.49  0.       -3134.575        184.116      -3301.176    0.000   0.000   0.000   0.
  2017 352 10 11  1 509 352.424323021      -7.92      6.52     -0.52  0.       -3132.145        181.690      -3301.859    0.000   0.000   0.000   0.
  2017 352 10 11  2 509 352.424334595      -7.92      6.54     -0.57  0.       -3129.713        179.263      -3302.541    0.000   0.000   0.000   0.
  2017 352 10 11  3 509 352.424346169      -7.90      6.57     -0.64  0.       -3127.279        176.836      -3303.222    0.000   0.000   0.000   0.
  2017 352 10 11  4 508 352.424357743      -7.90      6.58     -0.65  0.       -3124.845        174.409      -3303.901    0.000   0.000   0.000   0.
  2017 352 10 11  5 508 352.424369317      -7.90      6.59     -0.67  0.       -3122.409        171.982      -3304.578    0.000   0.000   0.000   0.
  2017 352 10 11  6 508 352.424380891      -7.87      6.60     -0.67  0.       -3119.971        169.555      -3305.254    0.000   0.000   0.000   0.
  2017 352 10 11  7 508 352.424392465      -7.82      6.64     -0.69  0.       -3117.532        167.128      -3305.928    0.000   0.000   0.000   0.
  2017 352 10 11  8 509 352.424404039      -7.80      6.61     -0.67  0.       -3115.092        164.701      -3306.601    0.000   0.000   0.000   0.
  2017 352 10 11  9 509 352.424415613      -7.81      6.62     -0.69  0.       -3112.650        162.273      -3307.273    0.000   0.000   0.000   0.
  2017 352 10 11 10 508 352.424427185      -7.75      6.60     -0.70  0.       -3110.207        159.846      -3307.943    0.000   0.000   0.000   0.
  2017 352 10 11 11 508 352.424438759      -7.66      6.60     -0.69  0.       -3107.762        157.418      -3308.611    0.000   0.000   0.000   0.
  2017 352 10 11 12 508 352.424450333      -7.61      6.67     -0.72  0.       -3105.316        154.991      -3309.278    0.000   0.000   0.000   0.
  2017 352 10 11 13 508 352.424461907      -7.66      6.71     -0.77  0.       -3102.868        152.563      -3309.943    0.000   0.000   0.000   0.
  2017 352 10 11 14 508 352.424473481      -7.62      6.77     -0.86  0.       -3100.420        150.136      -3310.607    0.000   0.000   0.000   0.
  2017 352 10 11 15 508 352.424485055      -7.55      6.79     -0.94  0.       -3097.969        147.708      -3311.270    0.000   0.000   0.000   0.
  2017 352 10 11 16 508 352.424496629      -7.52      6.80     -1.02  0.       -3095.518        145.280      -3311.931    0.000   0.000   0.000   0.
  2017 352 10 11 17 508 352.424508203      -7.50      6.86     -1.05  0.       -3093.065        142.852      -3312.590    0.000   0.000   0.000   0.
  2017 352 10 11 18 508 352.424519777      -7.41      6.89     -1.12  0.       -3090.610        140.424      -3313.248    0.000   0.000   0.000   0.
  2017 352 10 11 19 508 352.424531351      -7.30      6.87     -1.12  0.       -3088.154        137.996      -3313.904    0.000   0.000   0.000   0.
  2017 352 10 11 20 508 352.424542925      -7.24      6.88     -1.11  0.       -3085.697        135.568      -3314.559    0.000   0.000   0.000   0.
  2017 352 10 11 21 508 352.424554499      -7.22      6.92     -1.13  0.       -3083.238        133.140      -3315.212    0.000   0.000   0.000   0.
  2017 352 10 11 22 508 352.424566073      -7.22      6.89     -1.06  0.       -3080.778        130.712      -3315.864    0.000   0.000   0.000   0.
  2017 352 10 11 23 508 352.424577648      -7.16      6.90     -1.09  0.       -3078.316        128.283      -3316.514    0.000   0.000   0.000   0.
  2017 352 10 11 24 508 352.424589222      -6.98      6.95     -1.14  0.       -3075.853        125.855      -3317.163    0.000   0.000   0.000   0.
  2017 352 10 11 25 508 352.424600796      -6.89      7.01     -1.24  0.       -3073.389        123.427      -3317.810    0.000   0.000   0.000   0.
  2017 352 10 11 26 508 352.424612370      -6.82      7.08     -1.30  0.       -3070.923        120.998      -3318.455    0.000   0.000   0.000   0.
  2017 352 10 11 27 508 352.424623944      -6.76      7.10     -1.39  0.       -3068.456        118.570      -3319.099    0.000   0.000   0.000   0.
  2017 352 10 11 28 508 352.424635518      -6.67      7.15     -1.47  0.       -3065.987        116.141      -3319.742    0.000   0.000   0.000   0.
  2017 352 10 11 29 508 352.424647092      -6.67      7.17     -1.52  0.       -3063.517        113.713      -3320.383    0.000   0.000   0.000   0.
  2017 352 10 11 30 508 352.424658666      -6.63      7.19     -1.51  0.       -3061.045        111.284      -3321.023    0.000   0.000   0.000   0.
  2017 352 10 11 31 508 352.424670240      -6.53      7.26     -1.58  0.       -3058.572        108.855      -3321.660    0.000   0.000   0.000   0.
  2017 352 10 11 32 508 352.424681814      -6.54      7.27     -1.61  0.       -3056.098        106.427      -3322.297    0.000   0.000   0.000   0.
  2017 352 10 11 33 508 352.424693388      -6.48      7.32     -1.64  0.       -3053.622        103.998      -3322.932    0.000   0.000   0.000   0.
  2017 352 10 11 34 508 352.424704962      -6.46      7.34     -1.67  0.       -3051.145        101.569      -3323.565    0.000   0.000   0.000   0.
  2017 352 10 11 35 508 352.424716536      -6.43      7.38     -1.67  0.       -3048.666         99.140      -3324.197    0.000   0.000   0.000   0.
  2017 352 10 11 36 508 352.424728111      -6.42      7.41     -1.68  0.       -3046.186         96.711      -3324.827    0.000   0.000   0.000   0.
  2017 352 10 11 37 508 352.424739685      -6.41      7.44     -1.72  0.       -3043.705         94.282      -3325.456    0.000   0.000   0.000   0.
  2017 352 10 11 38 508 352.424751259      -6.35      7.49     -1.76  0.       -3041.222         91.853      -3326.083    0.000   0.000   0.000   0.
  2017 352 10 11 39 508 352.424762833      -6.34      7.52     -1.80  0.       -3038.738         89.424      -3326.708    0.000   0.000   0.000   0.
  2017 352 10 11 40 508 352.424774404      -6.34      7.58     -1.83  0.       -3036.252         86.995      -3327.332    0.000   0.000   0.000   0.
  2017 352 10 11 41 508 352.424785978      -6.37      7.59     -1.84  0.       -3033.765         84.565      -3327.955    0.000   0.000   0.000   0.
  2017 352 10 11 42 508 352.424797552      -6.35      7.61     -1.86  0.       -3031.277         82.136      -3328.576    0.000   0.000   0.000   0.
  2017 352 10 11 43 508 352.424809126      -6.34      7.62     -1.87  0.       -3028.787         79.707      -3329.195    0.000   0.000   0.000   0.
  2017 352 10 11 44 508 352.424820700      -6.38      7.64     -1.91  0.       -3026.295         77.278      -3329.813    0.000   0.000   0.000   0.
  2017 352 10 11 45 508 352.424832274      -6.39      7.60     -1.90  0.       -3023.803         74.848      -3330.429    0.000   0.000   0.000   0.
  2017 352 10 11 46 508 352.424843848      -6.34      7.61     -1.88  0.       -3021.309         72.419      -3331.044    0.000   0.000   0.000   0.
  2017 352 10 11 47 508 352.424855423      -6.32      7.60     -1.89  0.       -3018.813         69.989      -3331.657    0.000   0.000   0.000   0.
  2017 352 10 11 48 508 352.424866996      -6.28      7.63     -1.92  0.       -3016.316         67.560      -3332.268    0.000   0.000   0.000   0.
  2017 352 10 11 49 508 352.424878571      -6.21      7.66     -1.93  0.       -3013.817         65.130      -3332.878    0.000   0.000   0.000   0.
  2017 352 10 11 50 508 352.424890145      -6.14      7.70     -1.94  0.       -3011.318         62.701      -3333.486    0.000   0.000   0.000   0.
  2017 352 10 11 51 508 352.424901719      -6.06      7.71     -1.95  0.       -3008.816         60.271      -3334.093    0.000   0.000   0.000   0.
  2017 352 10 11 52 508 352.424913293      -6.03      7.70     -1.96  0.       -3006.314         57.842      -3334.699    0.000   0.000   0.000   0.
  2017 352 10 11 53 508 352.424924867      -6.01      7.73     -1.98  0.       -3003.810         55.412      -3335.302    0.000   0.000   0.000   0.
  2017 352 10 11 54 508 352.424936441      -5.99      7.77     -1.99  0.       -3001.304         52.983      -3335.904    0.000   0.000   0.000   0.
  2017 352 10 11 55 508 352.424948015      -5.98      7.78     -2.01  0.       -2998.797         50.553      -3336.505    0.000   0.000   0.000   0.
  2017 352 10 11 56 508 352.424959589      -6.01      7.77     -2.01  0.       -2996.289         48.123      -3337.104    0.000   0.000   0.000   0.
  2017 352 10 11 57 508 352.424971163      -5.97      7.81     -2.02  0.       -2993.779         45.693      -3337.701    0.000   0.000   0.000   0.
  2017 352 10 11 58 508 352.424982737      -6.08      7.77     -2.03  0.       -2991.268         43.264      -3338.297    0.000   0.000   0.000   0.
  2017 352 10 11 59 508 352.424994311      -6.08      7.78     -2.06  0.       -2988.755         40.834      -3338.891    0.000   0.000   0.000   0.
  2017 352 10 12  0 508 352.425005885      -6.04      7.78     -2.06  0.       -2986.241         38.404      -3339.484    0.000   0.000   0.000   0.
  2017 352 10 12  1 508 352.425017459      -6.03      7.73     -2.10  0.       -2983.726         35.974      -3340.075    0.000   0.000   0.000   0.
  2017 352 10 12  2 508 352.425029034      -6.03      7.76     -2.11  0.       -2981.209         33.545      -3340.664    0.000   0.000   0.000   0.
  2017 352 10 12  3 508 352.425040608      -6.01      7.83     -2.12  0.       -2978.691         31.115      -3341.252    0.000   0.000   0.000   0.
  2017 352 10 12  4 508 352.425052182      -6.01      7.77     -2.17  0.       -2976.171         28.685      -3341.838    0.000   0.000   0.000   0.
  2017 352 10 12  5 508 352.425063756      -5.94      7.82     -2.13  0.       -2973.650         26.255      -3342.423    0.000   0.000   0.000   0.
  2017 352 10 12  6 508 352.425075330      -5.92      7.80     -2.13  0.       -2971.128         23.825      -3343.006    0.000   0.000   0.000   0.
  2017 352 10 12  7 508 352.425086904      -5.90      7.79     -2.13  0.       -2968.604         21.395      -3343.587    0.000   0.000   0.000   0.
  2017 352 10 12  8 508 352.425098478      -5.96      7.78     -2.17  0.       -2966.078         18.965      -3344.167    0.000   0.000   0.000   0.
  2017 352 10 12  9 508 352.425110052      -5.94      7.79     -2.18  0.       -2963.552         16.536      -3344.746    0.000   0.000   0.000   0.
  2017 352 10 12 10 508 352.425121623      -5.96      7.76     -2.20  0.       -2961.023         14.106      -3345.322    0.000   0.000   0.000   0.
  2017 352 10 12 11 508 352.425133197      -5.94      7.74     -2.25  0.       -2958.494         11.676      -3345.897    0.000   0.000   0.000   0.
  2017 352 10 12 12 508 352.425144771      -5.98      7.72     -2.27  0.       -2955.963          9.246      -3346.471    0.000   0.000   0.000   0.
  2017 352 10 12 13 508 352.425156346      -5.98      7.72     -2.30  0.       -2953.430          6.816      -3347.043    0.000   0.000   0.000   0.
  2017 352 10 12 14 508 352.425167920      -5.93      7.75     -2.31  0.       -2950.897          4.386      -3347.613    0.000   0.000   0.000   0.
  2017 352 10 12 15 508 352.425179494      -5.86      7.75     -2.34  0.       -2948.361          1.956      -3348.181    0.000   0.000   0.000   0.
  2017 352 10 12 16 508 352.425191068      -5.84      7.77     -2.37  0.       -2945.825         -0.474      -3348.748    0.000   0.000   0.000   0.
  2017 352 10 12 17 508 352.425202642      -5.82      7.77     -2.40  0.       -2943.287         -2.904      -3349.314    0.000   0.000   0.000   0.
  2017 352 10 12 18 508 352.425214216      -5.76      7.78     -2.42  0.       -2940.747         -5.334      -3349.878    0.000   0.000   0.000   0.
  2017 352 10 12 19 508 352.425225790      -5.75      7.81     -2.45  0.       -2938.206         -7.764      -3350.440    0.000   0.000   0.000   0.
  2017 352 10 12 20 508 352.425237364      -5.73      7.82     -2.44  0.       -2935.664        -10.194      -3351.000    0.000   0.000   0.000   0.
  2017 352 10 12 21 508 352.425248938      -5.70      7.83     -2.46  0.       -2933.120        -12.624      -3351.559    0.000   0.000   0.000   0.
  2017 352 10 12 22 508 352.425260512      -5.65      7.81     -2.44  0.       -2930.575        -15.054      -3352.117    0.000   0.000   0.000   0.
  2017 352 10 12 23 508 352.425272086      -5.63      7.80     -2.47  0.       -2928.028        -17.484      -3352.672    0.000   0.000   0.000   0.
  2017 352 10 12 24 508 352.425283660      -5.63      7.80     -2.48  0.       -2925.480        -19.914      -3353.226    0.000   0.000   0.000   0.
  2017 352 10 12 25 508 352.425295234      -5.65      7.84     -2.51  0.       -2922.931        -22.343      -3353.779    0.000   0.000   0.000   0.
  2017 352 10 12 26 508 352.425306808      -5.65      7.82     -2.52  0.       -2920.380        -24.773      -3354.330    0.000   0.000   0.000   0.
  2017 352 10 12 27 508 352.425318383      -5.59      7.83     -2.53  0.       -2917.828        -27.203      -3354.879    0.000   0.000   0.000   0.
  2017 352 10 12 28 508 352.425329957      -5.56      7.83     -2.53  0.       -2915.274        -29.633      -3355.426    0.000   0.000   0.000   0.
  2017 352 10 12 29 508 352.425341531      -5.49      7.85     -2.52  0.       -2912.719        -32.063      -3355.972    0.000   0.000   0.000   0.
  2017 352 10 12 30 508 352.425353105      -5.45      7.84     -2.59  0.       -2910.163        -34.493      -3356.517    0.000   0.000   0.000   0.
  2017 352 10 12 31 508 352.425364679      -5.43      7.84     -2.61  0.       -2907.605        -36.923      -3357.059    0.000   0.000   0.000   0.
  2017 352 10 12 32 508 352.425376253      -5.43      7.84     -2.61  0.       -2905.046        -39.353      -3357.600    0.000   0.000   0.000   0.
  2017 352 10 12 33 508 352.425387827      -5.39      7.83     -2.65  0.       -2902.485        -41.782      -3358.139    0.000   0.000   0.000   0.
  2017 352 10 12 34 508 352.425399401      -5.39      7.83     -2.67  0.       -2899.923        -44.212      -3358.677    0.000   0.000   0.000   0.
  2017 352 10 12 35 508 352.425410975      -5.39      7.82     -2.68  0.       -2897.359        -46.642      -3359.213    0.000   0.000   0.000   0.
  2017 352 10 12 36 508 352.425422549      -5.42      7.84     -2.69  0.       -2894.794        -49.072      -3359.748    0.000   0.000   0.000   0.
  2017 352 10 12 37 508 352.425434123      -5.38      7.81     -2.71  0.       -2892.228        -51.501      -3360.280    0.000   0.000   0.000   0.
  2017 352 10 12 38 508 352.425445694      -5.36      7.84     -2.70  0.       -2889.660        -53.931      -3360.812    0.000   0.000   0.000   0.
  2017 352 10 12 39 507 352.425457268      -5.34      7.87     -2.73  0.       -2887.091        -56.361      -3361.341    0.000   0.000   0.000   0.
  2017 352 10 12 40 507 352.425468843      -5.39      7.87     -2.77  0.       -2884.520        -58.790      -3361.869    0.000   0.000   0.000   0.
  2017 352 10 12 41 508 352.425480417      -5.37      7.83     -2.75  0.       -2881.948        -61.220      -3362.395    0.000   0.000   0.000   0.
  2017 352 10 12 42 508 352.425491991      -5.37      7.85     -2.76  0.       -2879.374        -63.650      -3362.920    0.000   0.000   0.000   0.
  2017 352 10 12 43 508 352.425503565      -5.37      7.85     -2.78  0.       -2876.799        -66.079      -3363.443    0.000   0.000   0.000   0.
  2017 352 10 12 44 508 352.425515139      -5.44      7.87     -2.83  0.       -2874.223        -68.509      -3363.964    0.000   0.000   0.000   0.
  2017 352 10 12 45 508 352.425526713      -5.43      7.88     -2.82  0.       -2871.646        -70.938      -3364.483    0.000   0.000   0.000   0.
  2017 352 10 12 46 507 352.425538287      -5.35      7.88     -2.79  0.       -2869.066        -73.368      -3365.001    0.000   0.000   0.000   0.
  2017 352 10 12 47 507 352.425549861      -5.28      7.88     -2.82  0.       -2866.486        -75.797      -3365.518    0.000   0.000   0.000   0.
  2017 352 10 12 48 507 352.425561435      -5.32      7.83     -2.81  0.       -2863.904        -78.227      -3366.032    0.000   0.000   0.000   0.
  2017 352 10 12 49 507 352.425573009      -5.36      7.76     -2.83  0.       -2861.321        -80.656      -3366.545    0.000   0.000   0.000   0.
  2017 352 10 12 50 507 352.425584583      -5.39      7.75     -2.84  0.       -2858.736        -83.085      -3367.056    0.000   0.000   0.000   0.
  2017 352 10 12 51 508 352.425596157      -5.35      7.73     -2.84  0.       -2856.150        -85.515      -3367.566    0.000   0.000   0.000   0.
  2017 352 10 12 52 508 352.425607731      -5.30      7.71     -2.79  0.       -2853.562        -87.944      -3368.074    0.000   0.000   0.000   0.
  2017 352 10 12 53 507 352.425619306      -5.28      7.68     -2.75  0.       -2850.973        -90.373      -3368.580    0.000   0.000   0.000   0.
  2017 352 10 12 54 507 352.425630880      -5.33      7.70     -2.76  0.       -2848.383        -92.802      -3369.085    0.000   0.000   0.000   0.
  2017 352 10 12 55 508 352.425642454      -5.36      7.70     -2.77  0.       -2845.791        -95.231      -3369.588    0.000   0.000   0.000   0.
  2017 352 10 12 56 508 352.425654028      -5.36      7.71     -2.76  0.       -2843.197        -97.660      -3370.089    0.000   0.000   0.000   0.
  2017 352 10 12 57 508 352.425665602      -5.39      7.72     -2.75  0.       -2840.603       -100.089      -3370.588    0.000   0.000   0.000   0.
  2017 352 10 12 58 508 352.425677176      -5.42      7.58     -2.80  0.       -2838.007       -102.518      -3371.086    0.000   0.000   0.000   0.
  2017 352 10 12 59 508 352.425688750      -5.56      7.51     -2.73  0.       -2835.409       -104.947      -3371.582    0.000   0.000   0.000   0.
  2017 352 10 13  0 507 352.425700324      -5.61      7.49     -2.70  0.       -2832.810       -107.376      -3372.077    0.000   0.000   0.000   0.
  2017 352 10 13  1 507 352.425711898      -5.66      7.53     -2.70  0.       -2830.210       -109.805      -3372.570    0.000   0.000   0.000   0.
  2017 352 10 13  2 507 352.425723472      -5.74      7.49     -2.68  0.       -2827.608       -112.234      -3373.061    0.000   0.000   0.000   0.
  2017 352 10 13  3 507 352.425735046      -5.82      7.49     -2.66  0.       -2825.005       -114.662      -3373.550    0.000   0.000   0.000   0.
  2017 352 10 13  4 508 352.425746620      -5.86      7.48     -2.59  0.       -2822.400       -117.091      -3374.038    0.000   0.000   0.000   0.
  2017 352 10 13  5 508 352.425758194      -5.86      7.48     -2.60  0.       -2819.794       -119.520      -3374.524    0.000   0.000   0.000   0.
  2017 352 10 13  6 507 352.425769769      -5.88      7.45     -2.59  0.       -2817.187       -121.948      -3375.008    0.000   0.000   0.000   0.
  2017 352 10 13  7 507 352.425781343      -5.86      7.44     -2.53  0.       -2814.578       -124.377      -3375.491    0.000   0.000   0.000   0.
  2017 352 10 13  8 507 352.425792914      -5.91      7.37     -2.43  0.       -2811.968       -126.805      -3375.972    0.000   0.000   0.001   0.
  2017 352 10 13  9 507 352.425804488      -5.94      7.36     -2.37  0.       -2809.356       -129.234      -3376.451    0.000   0.000   0.001   0.
  2017 352 10 13 10 507 352.425816062      -5.87      7.37     -2.40  0.       -2806.743       -131.662      -3376.929    0.000  -0.001   0.002   0.
  2017 352 10 13 11 507 352.425827636      -5.82      7.39     -2.41  0.       -2804.129       -134.090      -3377.405    0.000  -0.001   0.002   0.
  2017 352 10 13 12 507 352.425839210      -5.83      7.43     -2.43  0.       -2801.513       -136.518      -3377.879    0.000  -0.001   0.004   0.
  2017 352 10 13 13 507 352.425850784      -5.87      7.42     -2.41  0.       -2798.896       -138.946      -3378.351    0.000  -0.001   0.004   0.
  2017 352 10 13 14 507 352.425862358      -5.91      7.49     -2.44  0.       -2796.277       -141.374      -3378.822    0.000  -0.002   0.007   0.
  2017 352 10 13 15 507 352.425873932      -5.93      7.49     -2.44  0.       -2793.657       -143.802      -3379.291    0.000  -0.002   0.007   0.
  2017 352 10 13 16 507 352.425885506      -5.93      7.53     -2.44  0.       -2791.035       -146.230      -3379.758    0.000  -0.004   0.010   0.
  2017 352 10 13 17 507 352.425897080      -5.93      7.61     -2.50  0.       -2788.413       -148.658      -3380.224    0.000  -0.004   0.010   0.
  2017 352 10 13 18 507 352.425908654      -5.82      7.73     -2.51  0.       -2785.788       -151.086      -3380.688    0.000  -0.005   0.014   0.
  2017 352 10 13 19 507 352.425920229      -5.75      7.77     -2.54  0.       -2783.162       -153.514      -3381.150    0.000  -0.005   0.014   0.
  2017 352 10 13 20 507 352.425931803      -5.69      7.83     -2.54  0.       -2780.535       -155.941      -3381.610    0.000  -0.007   0.020   0.
  2017 352 10 13 21 507 352.425943377      -5.67      7.91     -2.58  0.       -2777.907       -158.369      -3382.069    0.000  -0.007   0.020   0.
  2017 352 10 13 22 507 352.425954951      -5.68      7.87     -2.55  0.       -2775.277       -160.796      -3382.526    0.000  -0.009   0.024   0.
  2017 352 10 13 23 507 352.425966525      -5.63      7.87     -2.50  0.       -2772.645       -163.223      -3382.981    0.000  -0.009   0.024   0.
  2017 352 10 13 24 507 352.425978099      -5.57      7.91     -2.48  0.       -2770.012       -165.651      -3383.435    0.000  -0.011   0.030   0.
  2017 352 10 13 25 507 352.425989673      -5.49      7.94     -2.51  0.       -2767.378       -168.078      -3383.887    0.000  -0.011   0.030   0.
  2017 352 10 13 26 507 352.426001247      -5.55      7.94     -2.55  0.       -2764.743       -170.505      -3384.337    0.000  -0.014   0.037   0.
  2017 352 10 13 27 507 352.426012821      -5.60      7.90     -2.55  0.       -2762.106       -172.932      -3384.785    0.000  -0.014   0.037   0.
  2017 352 10 13 28 507 352.426024395      -5.56      7.93     -2.54  0.       -2759.467       -175.359      -3385.232    0.000  -0.017   0.048   0.
  2017 352 10 13 29 507 352.426035969      -5.52      7.97     -2.51  0.       -2756.827       -177.786      -3385.677    0.000  -0.017   0.048   0.
  2017 352 10 13 30 507 352.426047543      -5.40      7.98     -2.49  0.       -2754.186       -180.213      -3386.120    0.000  -0.022   0.060   0.
  2017 352 10 13 31 507 352.426059117      -5.27      8.03     -2.43  0.       -2751.543       -182.639      -3386.562    0.000  -0.022   0.060   0.
  2017 352 10 13 32 507 352.426070692      -5.17      8.04     -2.35  0.       -2748.899       -185.066      -3387.001    0.000  -0.027   0.073   0.
  2017 352 10 13 33 507 352.426082266      -5.34      7.96     -2.40  0.       -2746.254       -187.492      -3387.439    0.000  -0.027   0.073   0.
  2017 352 10 13 34 507 352.426093840      -5.38      7.98     -2.41  0.       -2743.607       -189.919      -3387.876    0.000  -0.032   0.088   0.
  2017 352 10 13 35 507 352.426105414      -5.36      8.10     -2.37  0.       -2740.959       -192.345      -3388.310    0.000  -0.032   0.088   0.
  2017 352 10 13 36 507 352.426116988      -5.41      8.04     -2.36  0.       -2738.309       -194.771      -3388.743    0.000  -0.038   0.105   0.
  2017 352 10 13 37 507 352.426128562      -5.31      8.16     -2.26  0.       -2735.658       -197.197      -3389.174    0.000  -0.038   0.105   0.
  2017 352 10 13 38 507 352.426140136      -5.21      8.19     -2.17  0.       -2733.005       -199.623      -3389.603    0.000  -0.045   0.123   0.
  2017 352 10 13 39 507 352.426151710      -5.07      8.25     -2.12  0.       -2730.351       -202.049      -3390.031    0.000  -0.045   0.123   0.
  2017 352 10 13 40 507 352.426163281      -5.14      8.27     -2.08  0.       -2727.696       -204.475      -3390.457    0.000  -0.053   0.146   0.
  2017 352 10 13 41 507 352.426174855      -5.08      8.32     -2.00  0.       -2725.039       -206.901      -3390.881    0.000  -0.053   0.146   0.
  2017 352 10 13 42 507 352.426186429      -5.07      8.25     -1.95  0.       -2722.381       -209.326      -3391.303    0.000  -0.062   0.170   0.
  2017 352 10 13 43 507 352.426198004      -4.93      8.32     -1.88  0.       -2719.722       -211.752      -3391.723    0.000  -0.062   0.170   0.
  2017 352 10 13 44 507 352.426209578      -4.85      8.28     -1.84  0.       -2717.061       -214.177      -3392.142    0.000  -0.071   0.196   0.
  2017 352 10 13 45 507 352.426221152      -4.83      8.28     -1.86  0.       -2714.398       -216.602      -3392.559    0.000  -0.071   0.196   0.
  2017 352 10 13 46 507 352.426232726      -4.62      8.38     -1.82  0.       -2711.735       -219.028      -3392.974    0.000  -0.081   0.223   0.
  2017 352 10 13 47 507 352.426244300      -4.61      8.39     -1.82  0.       -2709.069       -221.453      -3393.388    0.000  -0.081   0.223   0.
  2017 352 10 13 48 507 352.426255874      -4.67      8.33     -1.91  0.       -2706.403       -223.878      -3393.799    0.000  -0.090   0.248   0.
  2017 352 10 13 49 507 352.426267448      -4.64      8.29     -2.00  0.       -2703.735       -226.302      -3394.209    0.000  -0.090   0.248   0.
  2017 352 10 13 50 507 352.426279022      -4.55      8.24     -2.00  0.       -2701.065       -228.727      -3394.618    0.000  -0.099   0.272   0.
  2017 352 10 13 51 507 352.426290596      -4.66      8.17     -2.02  0.       -2698.394       -231.152      -3395.024    0.000  -0.099   0.272   0.
  2017 352 10 13 52 507 352.426302170      -4.58      8.22     -1.96  0.       -2695.722       -233.576      -3395.429    0.000  -0.106   0.291   0.
  2017 352 10 13 53 507 352.426313744      -4.54      8.30     -1.90  0.       -2693.049       -236.000      -3395.832    0.000  -0.106   0.291   0.
  2017 352 10 13 54 507 352.426325318      -4.38      8.33     -1.86  0.       -2690.374       -238.425      -3396.233    0.000  -0.113   0.310   0.
  2017 352 10 13 55 507 352.426336892      -4.30      8.39     -1.80  0.       -2687.697       -240.849      -3396.632    0.000  -0.113   0.310   0.
  2017 352 10 13 56 507 352.426348466      -4.21      8.38     -1.78  0.       -2685.019       -243.273      -3397.029    0.000  -0.118   0.324   0.
  2017 352 10 13 57 507 352.426360040      -4.16      8.47     -1.79  0.       -2682.340       -245.697      -3397.425    0.000  -0.118   0.324   0.
  2017 352 10 13 58 507 352.426371615      -4.13      8.53     -1.75  0.       -2679.660       -248.120      -3397.819    0.000  -0.122   0.336   0.
  2017 352 10 13 59 507 352.426383189      -4.13      8.53     -1.76  0.       -2676.978       -250.544      -3398.211    0.000  -0.122   0.336   0.
  2017 352 10 14  0 507 352.426394763      -4.07      8.57     -1.74  0.       -2674.294       -252.967      -3398.602    0.000  -0.125   0.343   0.
  2017 352 10 14  1 507 352.426406337      -3.99      8.55     -1.62  0.       -2671.609       -255.391      -3398.990    0.000  -0.125   0.343   0.
  2017 352 10 14  2 507 352.426417911      -3.93      8.51     -1.55  0.       -2668.923       -257.814      -3399.377    0.000  -0.126   0.346   0.
  2017 352 10 14  3 507 352.426429485      -3.81      8.56     -1.52  0.       -2666.236       -260.237      -3399.762    0.000  -0.126   0.346   0.
  2017 352 10 14  4 507 352.426441059      -3.75      8.57     -1.50  0.       -2663.546       -262.660      -3400.146    0.000  -0.126   0.348   0.
  2017 352 10 14  5 507 352.426452633      -3.72      8.59     -1.53  0.       -2660.856       -265.083      -3400.527    0.000  -0.126   0.348   0.
  2017 352 10 14  6 507 352.426464207      -3.65      8.64     -1.54  0.       -2658.164       -267.505      -3400.907    0.000  -0.126   0.347   0.
  2017 352 10 14  7 507 352.426475781      -3.60      8.61     -1.57  0.       -2655.471       -269.928      -3401.285    0.000  -0.126   0.347   0.
  2017 352 10 14  8 507 352.426487355      -3.55      8.56     -1.55  0.       -2652.776       -272.350      -3401.661    0.000  -0.126   0.346   0.
  2017 352 10 14  9 507 352.426498929      -3.47      8.57     -1.54  0.       -2650.080       -274.773      -3402.035    0.000  -0.126   0.346   0.
  2017 352 10 14 10 507 352.426510501      -3.49      8.57     -1.58  0.       -2647.383       -277.195      -3402.407    0.000  -0.126   0.345   0.
  2017 352 10 14 11 507 352.426522075      -3.49      8.56     -1.55  0.       -2644.684       -279.617      -3402.778    0.000  -0.126   0.345   0.
  2017 352 10 14 12 507 352.426533649      -3.50      8.54     -1.57  0.       -2641.984       -282.038      -3403.147    0.000  -0.126   0.345   0.
  2017 352 10 14 13 507 352.426545223      -3.51      8.55     -1.59  0.       -2639.282       -284.460      -3403.514    0.000  -0.126   0.345   0.
  2017 352 10 14 14 507 352.426556797      -3.47      8.55     -1.52  0.       -2636.579       -286.881      -3403.879    0.000  -0.125   0.344   0.
  2017 352 10 14 15 507 352.426568371      -3.47      8.49     -1.55  0.       -2633.874       -289.303      -3404.243    0.000  -0.125   0.344   0.
  2017 352 10 14 16 507 352.426579945      -3.44      8.50     -1.54  0.       -2631.169       -291.724      -3404.604    0.000  -0.125   0.343   0.
  2017 352 10 14 17 507 352.426591519      -3.41      8.50     -1.54  0.       -2628.461       -294.145      -3404.964    0.000  -0.125   0.343   0.
  2017 352 10 14 18 507 352.426603093      -3.38      8.51     -1.56  0.       -2625.753       -296.566      -3405.322    0.000  -0.125   0.342   0.
  2017 352 10 14 19 507 352.426614667      -3.37      8.54     -1.56  0.       -2623.043       -298.987      -3405.678    0.000  -0.125   0.342   0.
  2017 352 10 14 20 507 352.426626241      -3.35      8.55     -1.56  0.       -2620.331       -301.407      -3406.033    0.000  -0.124   0.341   0.
  2017 352 10 14 21 507 352.426637815      -3.31      8.52     -1.53  0.       -2617.618       -303.828      -3406.385    0.000  -0.124   0.341   0.
  2017 352 10 14 22 507 352.426649389      -3.33      8.50     -1.53  0.       -2614.904       -306.248      -3406.736    0.000  -0.124   0.340   0.
  2017 352 10 14 23 507 352.426660964      -3.29      8.49     -1.58  0.       -2612.189       -308.668      -3407.085    0.000  -0.124   0.340   0.
  2017 352 10 14 24 507 352.426672538      -3.21      8.53     -1.59  0.       -2609.471       -311.088      -3407.432    0.000  -0.123   0.339   0.
  2017 352 10 14 25 507 352.426684112      -3.14      8.53     -1.61  0.       -2606.753       -313.508      -3407.777    0.000  -0.123   0.339   0.
  2017 352 10 14 26 507 352.426695686      -3.12      8.52     -1.63  0.       -2604.033       -315.928      -3408.121    0.000  -0.123   0.338   0.
  2017 352 10 14 27 507 352.426707260      -3.06      8.51     -1.65  0.       -2601.312       -318.347      -3408.462    0.000  -0.123   0.338   0.
  2017 352 10 14 28 507 352.426718834      -3.08      8.49     -1.70  0.       -2598.589       -320.766      -3408.802    0.000  -0.123   0.337   0.
  2017 352 10 14 29 507 352.426730408      -3.05      8.48     -1.70  0.       -2595.865       -323.185      -3409.140    0.000  -0.123   0.337   0.
  2017 352 10 14 30 507 352.426741982      -3.07      8.44     -1.72  0.       -2593.140       -325.604      -3409.476    0.000  -0.122   0.336   0.
  2017 352 10 14 31 507 352.426753556      -3.02      8.42     -1.71  0.       -2590.413       -328.023      -3409.810    0.000  -0.122   0.336   0.
  2017 352 10 14 32 507 352.426765130      -2.97      8.41     -1.73  0.       -2587.685       -330.442      -3410.143    0.000  -0.122   0.335   0.
  2017 352 10 14 33 507 352.426776704      -2.92      8.42     -1.75  0.       -2584.955       -332.860      -3410.473    0.000  -0.122   0.335   0.
  2017 352 10 14 34 507 352.426788278      -2.91      8.38     -1.78  0.       -2582.224       -335.278      -3410.802    0.000  -0.122   0.334   0.
  2017 352 10 14 35 507 352.426799852      -2.94      8.37     -1.76  0.       -2579.492       -337.696      -3411.129    0.000  -0.122   0.334   0.
  2017 352 10 14 36 507 352.426811427      -2.94      8.35     -1.73  0.       -2576.758       -340.114      -3411.454    0.000  -0.121   0.333   0.
  2017 352 10 14 37 507 352.426823001      -2.96      8.33     -1.72  0.       -2574.023       -342.532      -3411.777    0.000  -0.121   0.333   0.
  2017 352 10 14 38 507 352.426834575      -2.94      8.30     -1.69  0.       -2571.287       -344.949      -3412.099    0.000  -0.121   0.331   0.
  2017 352 10 14 39 507 352.426846149      -2.98      8.30     -1.71  0.       -2568.548       -347.367      -3412.418    0.000  -0.121   0.331   0.
  2017 352 10 14 40 507 352.426857720      -2.97      8.26     -1.66  0.       -2565.809       -349.784      -3412.736    0.000  -0.120   0.331   0.
  2017 352 10 14 41 507 352.426869294      -2.99      8.26     -1.65  0.       -2563.068       -352.201      -3413.051    0.000  -0.120   0.331   0.
  2017 352 10 14 42 506 352.426880868      -2.99      8.24     -1.64  0.       -2560.326       -354.618      -3413.365    0.000  -0.120   0.329   0.
  2017 352 10 14 43 506 352.426892442      -2.99      8.19     -1.66  0.       -2557.583       -357.034      -3413.677    0.000  -0.120   0.329   0.
  2017 352 10 14 44 506 352.426904016      -2.97      8.20     -1.67  0.       -2554.838       -359.450      -3413.988    0.000  -0.119   0.328   0.
  2017 352 10 14 45 506 352.426915590      -2.92      8.19     -1.66  0.       -2552.092       -361.866      -3414.296    0.000  -0.119   0.328   0.
  2017 352 10 14 46 507 352.426927164      -2.91      8.16     -1.62  0.       -2549.344       -364.283      -3414.602    0.000  -0.119   0.327   0.
  2017 352 10 14 47 507 352.426938738      -2.80      8.18     -1.63  0.       -2546.595       -366.698      -3414.907    0.000  -0.119   0.327   0.
  2017 352 10 14 48 507 352.426950312      -2.79      8.17     -1.64  0.       -2543.844       -369.114      -3415.210    0.000  -0.118   0.325   0.
  2017 352 10 14 49 506 352.426961887      -2.79      8.14     -1.63  0.       -2541.093       -371.529      -3415.511    0.000  -0.118   0.325   0.
  2017 352 10 14 50 506 352.426973461      -2.83      8.10     -1.59  0.       -2538.339       -373.945      -3415.810    0.000  -0.118   0.324   0.
  2017 352 10 14 51 507 352.426985035      -2.83      8.08     -1.58  0.       -2535.585       -376.360      -3416.107    0.000  -0.118   0.324   0.
  2017 352 10 14 52 507 352.426996609      -2.82      8.07     -1.59  0.       -2532.829       -378.774      -3416.402    0.000  -0.118   0.323   0.
  2017 352 10 14 53 507 352.427008183      -2.79      8.09     -1.57  0.       -2530.071       -381.189      -3416.696    0.000  -0.118   0.323   0.
  2017 352 10 14 54 507 352.427019757      -2.77      8.07     -1.53  0.       -2527.312       -383.603      -3416.987    0.000  -0.117   0.322   0.
  2017 352 10 14 55 506 352.427031331      -2.75      8.05     -1.53  0.       -2524.552       -386.018      -3417.276    0.000  -0.117   0.322   0.
  2017 352 10 14 56 506 352.427042905      -2.73      8.05     -1.52  0.       -2521.791       -388.432      -3417.564    0.000  -0.117   0.320   0.
  2017 352 10 14 57 506 352.427054479      -2.69      8.08     -1.54  0.       -2519.028       -390.845      -3417.850    0.000  -0.117   0.320   0.
  2017 352 10 14 58 506 352.427066053      -2.65      8.10     -1.56  0.       -2516.263       -393.259      -3418.134    0.000  -0.116   0.319   0.
  2017 352 10 14 59 506 352.427077627      -2.66      8.10     -1.51  0.       -2513.498       -395.672      -3418.417    0.000  -0.116   0.319   0.
  2017 352 10 15  0 507 352.427089201      -2.61      8.10     -1.49  0.       -2510.731       -398.085      -3418.697    0.000  -0.116   0.317   0.
  2017 352 10 15  1 507 352.427100775      -2.63      8.09     -1.50  0.       -2507.962       -400.498      -3418.975    0.000  -0.116   0.317   0.
  2017 352 10 15  2 506 352.427112350      -2.62      8.09     -1.47  0.       -2505.192       -402.911      -3419.252    0.000  -0.115   0.316   0.
  2017 352 10 15  3 506 352.427123924      -2.59      8.05     -1.48  0.       -2502.421       -405.323      -3419.526    0.000  -0.115   0.316   0.
  2017 352 10 15  4 507 352.427135498      -2.60      8.03     -1.47  0.       -2499.648       -407.735      -3419.799    0.000  -0.114   0.314   0.
  2017 352 10 15  5 507 352.427147072      -2.57      8.05     -1.49  0.       -2496.874       -410.147      -3420.070    0.000  -0.114   0.314   0.
  2017 352 10 15  6 507 352.427158646      -2.58      8.04     -1.50  0.       -2494.099       -412.559      -3420.338    0.000  -0.114   0.313   0.
  2017 352 10 15  7 507 352.427170220      -2.56      8.06     -1.50  0.       -2491.322       -414.971      -3420.605    0.000  -0.114   0.313   0.
  2017 352 10 15  8 507 352.427181794      -2.56      8.00     -1.52  0.       -2488.544       -417.382      -3420.870    0.000  -0.113   0.311   0.
  2017 352 10 15  9 506 352.427193368      -2.57      7.95     -1.55  0.       -2485.764       -419.793      -3421.134    0.000  -0.113   0.311   0.
  2017 352 10 15 10 506 352.427204939      -2.56      7.92     -1.56  0.       -2482.983       -422.204      -3421.395    0.000  -0.113   0.310   0.
  2017 352 10 15 11 506 352.427216513      -2.57      7.91     -1.60  0.       -2480.201       -424.615      -3421.654    0.000  -0.113   0.310   0.
  2017 352 10 15 12 506 352.427228087      -2.56      7.87     -1.58  0.       -2477.418       -427.025      -3421.912    0.000  -0.112   0.308   0.
  2017 352 10 15 13 506 352.427239661      -2.60      7.85     -1.55  0.       -2474.632       -429.435      -3422.167    0.000  -0.112   0.308   0.
  2017 352 10 15 14 506 352.427251236      -2.57      7.86     -1.59  0.       -2471.846       -431.845      -3422.421    0.000  -0.112   0.307   0.
  2017 352 10 15 15 506 352.427262810      -2.56      7.82     -1.62  0.       -2469.058       -434.255      -3422.673    0.000  -0.112   0.307   0.
  2017 352 10 15 16 506 352.427274384      -2.54      7.77     -1.64  0.       -2466.269       -436.664      -3422.923    0.000  -0.111   0.305   0.
  2017 352 10 15 17 506 352.427285958      -2.56      7.75     -1.63  0.       -2463.478       -439.073      -3423.170    0.000  -0.111   0.305   0.
  2017 352 10 15 18 506 352.427297532      -2.58      7.71     -1.62  0.       -2460.686       -441.482      -3423.416    0.000  -0.111   0.304   0.
  2017 352 10 15 19 506 352.427309106      -2.55      7.72     -1.61  0.       -2457.893       -443.891      -3423.660    0.000  -0.111   0.304   0.
  2017 352 10 15 20 506 352.427320680      -2.58      7.68     -1.62  0.       -2455.098       -446.300      -3423.903    0.000  -0.110   0.302   0.
  2017 352 10 15 21 506 352.427332254      -2.57      7.68     -1.67  0.       -2452.302       -448.708      -3424.143    0.000  -0.110   0.302   0.
  2017 352 10 15 22 506 352.427343828      -2.59      7.67     -1.66  0.       -2449.505       -451.116      -3424.381    0.000  -0.109   0.301   0.
  2017 352 10 15 23 506 352.427355402      -2.61      7.66     -1.65  0.       -2446.706       -453.523      -3424.617    0.000  -0.109   0.301   0.
  2017 352 10 15 24 506 352.427366976      -2.62      7.62     -1.67  0.       -2443.905       -455.931      -3424.852    0.000  -0.109   0.299   0.
  2017 352 10 15 25 506 352.427378550      -2.60      7.59     -1.64  0.       -2441.104       -458.338      -3425.084    0.000  -0.109   0.299   0.
  2017 352 10 15 26 506 352.427390124      -2.63      7.57     -1.66  0.       -2438.301       -460.745      -3425.315    0.000  -0.108   0.298   0.
  2017 352 10 15 27 506 352.427401698      -2.64      7.58     -1.67  0.       -2435.496       -463.152      -3425.544    0.000  -0.108   0.298   0.
  2017 352 10 15 28 506 352.427413273      -2.61      7.55     -1.66  0.       -2432.691       -465.558      -3425.770    0.000  -0.108   0.296   0.
  2017 352 10 15 29 506 352.427424847      -2.66      7.52     -1.65  0.       -2429.884       -467.964      -3425.995    0.000  -0.108   0.296   0.
  2017 352 10 15 30 506 352.427436421      -2.72      7.45     -1.64  0.       -2427.075       -470.370      -3426.218    0.000  -0.107   0.294   0.
  2017 352 10 15 31 506 352.427447995      -2.70      7.42     -1.67  0.       -2424.265       -472.776      -3426.439    0.000  -0.107   0.294   0.
  2017 352 10 15 32 506 352.427459569      -2.77      7.39     -1.64  0.       -2421.454       -475.181      -3426.658    0.000  -0.106   0.292   0.
  2017 352 10 15 33 506 352.427471143      -2.73      7.36     -1.67  0.       -2418.642       -477.586      -3426.875    0.000  -0.106   0.292   0.
  2017 352 10 15 34 506 352.427482717      -2.76      7.32     -1.63  0.       -2415.828       -479.991      -3427.090    0.000  -0.106   0.291   0.
  2017 352 10 15 35 506 352.427494291      -2.83      7.24     -1.66  0.       -2413.012       -482.396      -3427.303    0.000  -0.106   0.291   0.
  2017 352 10 15 36 506 352.427505865      -2.87      7.21     -1.70  0.       -2410.196       -484.800      -3427.514    0.000  -0.105   0.289   0.
  2017 352 10 15 37 506 352.427517439      -2.82      7.25     -1.72  0.       -2407.377       -487.204      -3427.723    0.000  -0.105   0.289   0.
  2017 352 10 15 38 506 352.427529010      -2.80      7.22     -1.71  0.       -2404.558       -489.608      -3427.930    0.000  -0.105   0.287   0.
  2017 352 10 15 39 506 352.427540585      -2.76      7.17     -1.80  0.       -2401.737       -492.011      -3428.136    0.000  -0.105   0.287   0.
  2017 352 10 15 40 506 352.427552159      -2.75      7.15     -1.82  0.       -2398.915       -494.415      -3428.339    0.000  -0.104   0.285   0.
  2017 352 10 15 41 506 352.427563733      -2.79      7.12     -1.83  0.       -2396.091       -496.818      -3428.540    0.000  -0.104   0.285   0.
  2017 352 10 15 42 506 352.427575307      -2.80      7.09     -1.85  0.       -2393.267       -499.220      -3428.740    0.000  -0.103   0.284   0.
  2017 352 10 15 43 506 352.427586881      -2.85      7.05     -1.86  0.       -2390.440       -501.623      -3428.937    0.000  -0.103   0.284   0.
  2017 352 10 15 44 506 352.427598455      -2.79      7.03     -1.87  0.       -2387.613       -504.025      -3429.133    0.000  -0.103   0.282   0.
  2017 352 10 15 45 506 352.427610029      -2.81      7.01     -1.84  0.       -2384.784       -506.427      -3429.326    0.000  -0.103   0.282   0.
  2017 352 10 15 46 506 352.427621603      -2.82      6.99     -1.87  0.       -2381.953       -508.828      -3429.518    0.000  -0.102   0.280   0.
  2017 352 10 15 47 506 352.427633177      -2.82      6.96     -1.88  0.       -2379.121       -511.229      -3429.708    0.000  -0.102   0.280   0.
  2017 352 10 15 48 506 352.427644751      -2.86      6.94     -1.89  0.       -2376.288       -513.630      -3429.895    0.000  -0.101   0.278   0.
  2017 352 10 15 49 506 352.427656325      -2.85      6.97     -1.94  0.       -2373.454       -516.030      -3430.081    0.000  -0.101   0.278   0.
  2017 352 10 15 50 506 352.427667899      -2.86      6.94     -1.95  0.       -2370.618       -518.431      -3430.265    0.000  -0.101   0.276   0.
  2017 352 10 15 51 506 352.427679473      -2.87      6.90     -1.99  0.       -2367.781       -520.832      -3430.446    0.000  -0.101   0.276   0.
  2017 352 10 15 52 506 352.427691048      -2.86      6.85     -2.00  0.       -2364.942       -523.231      -3430.626    0.000  -0.100   0.275   0.
  2017 352 10 15 53 506 352.427702621      -2.87      6.85     -2.02  0.       -2362.102       -525.631      -3430.804    0.000  -0.100   0.275   0.
  2017 352 10 15 54 506 352.427714196      -2.92      6.85     -2.06  0.       -2359.261       -528.029      -3430.980    0.000  -0.099   0.273   0.
  2017 352 10 15 55 506 352.427725770      -2.95      6.80     -2.09  0.       -2356.419       -530.428      -3431.153    0.000  -0.099   0.273   0.
  2017 352 10 15 56 506 352.427737344      -3.02      6.75     -2.09  0.       -2353.575       -532.827      -3431.325    0.000  -0.099   0.271   0.
  2017 352 10 15 57 506 352.427748918      -3.10      6.69     -2.05  0.       -2350.729       -535.225      -3431.495    0.000  -0.099   0.271   0.
  2017 352 10 15 58 506 352.427760492      -3.07      6.68     -2.06  0.       -2347.883       -537.623      -3431.663    0.000  -0.098   0.269   0.
  2017 352 10 15 59 506 352.427772066      -3.04      6.70     -2.12  0.       -2345.034       -540.021      -3431.829    0.000  -0.098   0.269   0.
  2017 352 10 16  0 506 352.427783640      -3.01      6.71     -2.19  0.       -2342.185       -542.418      -3431.993    0.000  -0.097   0.267   0.
  2017 352 10 16  1 506 352.427795214      -2.97      6.72     -2.20  0.       -2339.334       -544.815      -3432.154    0.000  -0.097   0.267   0.
  2017 352 10 16  2 506 352.427806788      -2.99      6.70     -2.23  0.       -2336.482       -547.212      -3432.314    0.000  -0.096   0.265   0.
  2017 352 10 16  3 506 352.427818362      -3.05      6.65     -2.22  0.       -2333.629       -549.608      -3432.472    0.000  -0.096   0.265   0.
  2017 352 10 16  4 506 352.427829936      -3.07      6.63     -2.23  0.       -2330.774       -552.004      -3432.628    0.000  -0.096   0.263   0.
  2017 352 10 16  5 506 352.427841510      -3.09      6.62     -2.22  0.       -2327.917       -554.400      -3432.782    0.000  -0.096   0.263   0.
  2017 352 10 16  6 506 352.427853085      -3.15      6.59     -2.19  0.       -2325.060       -556.795      -3432.934    0.000  -0.095   0.261   0.
  2017 352 10 16  7 506 352.427864659      -3.17      6.59     -2.16  0.       -2322.201       -559.190      -3433.084    0.000  -0.095   0.261   0.
  2017 352 10 16  8 506 352.427876230      -3.19      6.60     -2.17  0.       -2319.341       -561.585      -3433.232    0.000  -0.094   0.260   0.
  2017 352 10 16  9 506 352.427887804      -3.17      6.60     -2.19  0.       -2316.479       -563.980      -3433.378    0.000  -0.094   0.260   0.
  2017 352 10 16 10 506 352.427899378      -3.14      6.58     -2.17  0.       -2313.616       -566.374      -3433.521    0.000  -0.094   0.257   0.
  2017 352 10 16 11 506 352.427910952      -3.13      6.58     -2.14  0.       -2310.752       -568.767      -3433.663    0.000  -0.094   0.257   0.
  2017 352 10 16 12 506 352.427922526      -3.16      6.57     -2.16  0.       -2307.886       -571.161      -3433.803    0.000  -0.093   0.255   0.
  2017 352 10 16 13 506 352.427934100      -3.21      6.55     -2.15  0.       -2305.019       -573.554      -3433.941    0.000  -0.093   0.255   0.
  2017 352 10 16 14 506 352.427945674      -3.24      6.56     -2.15  0.       -2302.151       -575.947      -3434.077    0.000  -0.092   0.253   0.
  2017 352 10 16 15 506 352.427957248      -3.28      6.54     -2.12  0.       -2299.281       -578.339      -3434.211    0.000  -0.092   0.253   0.
  2017 352 10 16 16 506 352.427968822      -3.33      6.54     -2.10  0.       -2296.410       -580.731      -3434.342    0.000  -0.091   0.251   0.
  2017 352 10 16 17 506 352.427980396      -3.33      6.53     -2.06  0.       -2293.537       -583.123      -3434.472    0.000  -0.091   0.251   0.
  2017 352 10 16 18 506 352.427991971      -3.33      6.53     -2.04  0.       -2290.664       -585.515      -3434.600    0.000  -0.091   0.249   0.
  2017 352 10 16 19 506 352.428003545      -3.32      6.55     -2.04  0.       -2287.788       -587.906      -3434.726    0.000  -0.091   0.249   0.
  2017 352 10 16 20 506 352.428015119      -3.34      6.51     -2.05  0.       -2284.912       -590.296      -3434.849    0.000  -0.090   0.247   0.
  2017 352 10 16 21 506 352.428026693      -3.35      6.46     -2.06  0.       -2282.034       -592.687      -3434.971    0.000  -0.090   0.247   0.
  2017 352 10 16 22 506 352.428038267      -3.35      6.45     -2.07  0.       -2279.155       -595.077      -3435.091    0.000  -0.089   0.245   0.
  2017 352 10 16 23 506 352.428049841      -3.26      6.47     -2.11  0.       -2276.274       -597.467      -3435.208    0.000  -0.089   0.245   0.
  2017 352 10 16 24 506 352.428061415      -3.25      6.48     -2.11  0.       -2273.392       -599.856      -3435.324    0.000  -0.088   0.243   0.
  2017 352 10 16 25 506 352.428072989      -3.22      6.46     -2.11  0.       -2270.509       -602.245      -3435.437    0.000  -0.088   0.243   0.
  2017 352 10 16 26 506 352.428084563      -3.24      6.45     -2.13  0.       -2267.625       -604.634      -3435.549    0.000  -0.088   0.241   0.
  2017 352 10 16 27 506 352.428096137      -3.25      6.44     -2.13  0.       -2264.739       -607.022      -3435.658    0.000  -0.088   0.241   0.
  2017 352 10 16 28 506 352.428107711      -3.20      6.45     -2.17  0.       -2261.852       -609.410      -3435.766    0.000  -0.087   0.239   0.
  2017 352 10 16 29 506 352.428119285      -3.23      6.44     -2.15  0.       -2258.963       -611.798      -3435.871    0.000  -0.087   0.239   0.
  2017 352 10 16 30 506 352.428130859      -3.28      6.41     -2.09  0.       -2256.073       -614.185      -3435.974    0.000  -0.086   0.237   0.
  2017 352 10 16 31 506 352.428142433      -3.28      6.39     -2.05  0.       -2253.182       -616.572      -3436.076    0.000  -0.086   0.237   0.
  2017 352 10 16 32 506 352.428154008      -3.25      6.39     -2.09  0.       -2250.289       -618.958      -3436.175    0.000  -0.085   0.234   0.
  2017 352 10 16 33 506 352.428165582      -3.28      6.38     -2.09  0.       -2247.395       -621.344      -3436.272    0.000  -0.085   0.234   0.
  2017 352 10 16 34 506 352.428177156      -3.28      6.36     -2.11  0.       -2244.500       -623.730      -3436.367    0.000  -0.084   0.232   0.
  2017 352 10 16 35 506 352.428188730      -3.29      6.35     -2.13  0.       -2241.603       -626.115      -3436.460    0.000  -0.084   0.232   0.
  2017 352 10 16 36 506 352.428200304      -3.30      6.34     -2.12  0.       -2238.706       -628.500      -3436.552    0.000  -0.084   0.230   0.
  2017 352 10 16 37 506 352.428211878      -3.31      6.32     -2.12  0.       -2235.806       -630.885      -3436.640    0.000  -0.084   0.230   0.
  2017 352 10 16 38 505 352.428223449      -3.31      6.33     -2.13  0.       -2232.906       -633.269      -3436.727    0.000  -0.083   0.228   0.
  2017 352 10 16 39 505 352.428235023      -3.34      6.31     -2.11  0.       -2230.004       -635.653      -3436.812    0.000  -0.083   0.228   0.
  2017 352 10 16 40 505 352.428246597      -3.31      6.32     -2.15  0.       -2227.100       -638.037      -3436.895    0.000  -0.082   0.225   0.
  2017 352 10 16 41 505 352.428258171      -3.31      6.30     -2.20  0.       -2224.196       -640.420      -3436.976    0.000  -0.082   0.225   0.
  2017 352 10 16 42 506 352.428269745      -3.30      6.30     -2.22  0.       -2221.290       -642.803      -3437.055    0.000  -0.081   0.223   0.
  2017 352 10 16 43 506 352.428281319      -3.29      6.28     -2.21  0.       -2218.383       -645.185      -3437.131    0.000  -0.081   0.223   0.
  2017 352 10 16 44 505 352.428292894      -3.37      6.20     -2.20  0.       -2215.474       -647.567      -3437.206    0.000  -0.080   0.221   0.
  2017 352 10 16 45 505 352.428304468      -3.39      6.17     -2.21  0.       -2212.564       -649.949      -3437.278    0.000  -0.080   0.221   0.
  2017 352 10 16 46 506 352.428316042      -3.38      6.13     -2.21  0.       -2209.653       -652.330      -3437.349    0.000  -0.080   0.219   0.
  2017 352 10 16 47 506 352.428327616      -3.36      6.10     -2.20  0.       -2206.740       -654.711      -3437.417    0.000  -0.080   0.219   0.
  2017 352 10 16 48 506 352.428339190      -3.36      6.09     -2.21  0.       -2203.826       -657.091      -3437.483    0.000  -0.079   0.217   0.
  2017 352 10 16 49 506 352.428350764      -3.38      6.11     -2.20  0.       -2200.911       -659.471      -3437.548    0.000  -0.079   0.217   0.
  2017 352 10 16 50 506 352.428362338      -3.40      6.08     -2.20  0.       -2197.994       -661.851      -3437.610    0.000  -0.078   0.214   0.
  2017 352 10 16 51 505 352.428373912      -3.41      6.06     -2.19  0.       -2195.076       -664.230      -3437.670    0.000  -0.078   0.214   0.
  2017 352 10 16 52 505 352.428385486      -3.40      6.11     -2.23  0.       -2192.157       -666.609      -3437.728    0.000  -0.077   0.212   0.
  2017 352 10 16 53 505 352.428397060      -3.41      6.09     -2.26  0.       -2189.236       -668.988      -3437.784    0.000  -0.077   0.212   0.
  2017 352 10 16 54 505 352.428408634      -3.46      6.08     -2.25  0.       -2186.315       -671.366      -3437.837    0.000  -0.076   0.210   0.
  2017 352 10 16 55 505 352.428420208      -3.51      6.08     -2.30  0.       -2183.391       -673.743      -3437.889    0.000  -0.076   0.210   0.
  2017 352 10 16 56 506 352.428431782      -3.52      6.04     -2.32  0.       -2180.467       -676.121      -3437.939    0.000  -0.075   0.207   0.
  2017 352 10 16 57 506 352.428443357      -3.52      6.03     -2.33  0.       -2177.541       -678.498      -3437.986    0.000  -0.075   0.207   0.
  2017 352 10 16 58 505 352.428454931      -3.55      6.01     -2.34  0.       -2174.614       -680.874      -3438.032    0.000  -0.075   0.205   0.
  2017 352 10 16 59 505 352.428466505      -3.55      6.01     -2.35  0.       -2171.685       -683.250      -3438.075    0.000  -0.075   0.205   0.
  2017 352 10 17  0 506 352.428478079      -3.58      6.01     -2.36  0.       -2168.755       -685.626      -3438.116    0.000  -0.074   0.203   0.
  2017 352 10 17  1 506 352.428489653      -3.60      5.98     -2.33  0.       -2165.824       -688.001      -3438.156    0.000  -0.074   0.203   0.
  2017 352 10 17  2 506 352.428501227      -3.63      5.98     -2.37  0.       -2162.892       -690.376      -3438.193    0.000  -0.073   0.200   0.
  2017 352 10 17  3 506 352.428512801      -3.64      5.99     -2.37  0.       -2159.958       -692.750      -3438.228    0.000  -0.073   0.200   0.
  2017 352 10 17  4 505 352.428524375      -3.66      5.99     -2.39  0.       -2157.023       -695.124      -3438.260    0.000  -0.072   0.198   0.
  2017 352 10 17  5 505 352.428535949      -3.66      5.99     -2.42  0.       -2154.086       -697.497      -3438.291    0.000  -0.072   0.198   0.
  2017 352 10 17  6 505 352.428547523      -3.67      5.99     -2.45  0.       -2151.149       -699.870      -3438.320    0.000  -0.071   0.195   0.
  2017 352 10 17  7 505 352.428559097      -3.72      5.96     -2.40  0.       -2148.210       -702.243      -3438.347    0.000  -0.071   0.195   0.
  2017 352 10 17  8 505 352.428570671      -3.77      5.94     -2.39  0.       -2145.269       -704.615      -3438.371    0.000  -0.070   0.193   0.
  2017 352 10 17  9 506 352.428582245      -3.76      5.94     -2.44  0.       -2142.328       -706.987      -3438.393    0.000  -0.070   0.193   0.
  2017 352 10 17 10 505 352.428593817      -3.77      5.91     -2.47  0.       -2139.384       -709.359      -3438.414    0.000  -0.069   0.191   0.
  2017 352 10 17 11 505 352.428605391      -3.78      5.92     -2.41  0.       -2136.440       -711.730      -3438.432    0.000  -0.069   0.191   0.
  2017 352 10 17 12 505 352.428616965      -3.76      5.92     -2.44  0.       -2133.494       -714.100      -3438.448    0.000  -0.069   0.188   0.
  2017 352 10 17 13 505 352.428628539      -3.79      5.89     -2.45  0.       -2130.547       -716.470      -3438.462    0.000  -0.069   0.188   0.
  2017 352 10 17 14 505 352.428640113      -3.83      5.86     -2.42  0.       -2127.599       -718.840      -3438.474    0.000  -0.068   0.186   0.
  2017 352 10 17 15 505 352.428651687      -3.83      5.86     -2.45  0.       -2124.650       -721.209      -3438.483    0.000  -0.068   0.186   0.
  2017 352 10 17 16 505 352.428663261      -3.83      5.83     -2.45  0.       -2121.699       -723.578      -3438.491    0.000  -0.067   0.183   0.
  2017 352 10 17 17 505 352.428674835      -3.86      5.81     -2.50  0.       -2118.747       -725.946      -3438.496    0.000  -0.067   0.183   0.
  2017 352 10 17 18 505 352.428686409      -3.90      5.79     -2.48  0.       -2115.793       -728.314      -3438.499    0.000  -0.066   0.181   0.
  2017 352 10 17 19 505 352.428697983      -3.90      5.76     -2.50  0.       -2112.838       -730.681      -3438.501    0.000  -0.066   0.181   0.
  2017 352 10 17 20 505 352.428709557      -3.96      5.73     -2.50  0.       -2109.882       -733.048      -3438.500    0.000  -0.065   0.178   0.
  2017 352 10 17 21 505 352.428721131      -3.96      5.74     -2.56  0.       -2106.925       -735.415      -3438.496    0.000  -0.065   0.178   0.
  2017 352 10 17 22 505 352.428732705      -3.99      5.71     -2.55  0.       -2103.966       -737.781      -3438.491    0.000  -0.064   0.176   0.
  2017 352 10 17 23 505 352.428744280      -4.03      5.66     -2.49  0.       -2101.006       -740.147      -3438.484    0.000  -0.064   0.176   0.
  2017 352 10 17 24 505 352.428755854      -4.07      5.64     -2.48  0.       -2098.045       -742.512      -3438.474    0.000  -0.063   0.173   0.
  2017 352 10 17 25 505 352.428767428      -4.07      5.62     -2.50  0.       -2095.082       -744.876      -3438.463    0.000  -0.063   0.173   0.
  2017 352 10 17 26 505 352.428779002      -4.06      5.63     -2.53  0.       -2092.118       -747.241      -3438.449    0.000  -0.062   0.171   0.
  2017 352 10 17 27 505 352.428790576      -4.07      5.60     -2.60  0.       -2089.153       -749.605      -3438.433    0.000  -0.062   0.171   0.
  2017 352 10 17 28 505 352.428802150      -4.11      5.56     -2.59  0.       -2086.186       -751.968      -3438.415    0.000  -0.061   0.168   0.
  2017 352 10 17 29 505 352.428813724      -4.10      5.55     -2.61  0.       -2083.219       -754.331      -3438.395    0.000  -0.061   0.168   0.
  2017 352 10 17 30 505 352.428825298      -4.14      5.55     -2.64  0.       -2080.250       -756.693      -3438.372    0.000  -0.060   0.166   0.
  2017 352 10 17 31 505 352.428836872      -4.13      5.57     -2.63  0.       -2077.279       -759.055      -3438.348    0.000  -0.060   0.166   0.
  2017 352 10 17 32 505 352.428848446      -4.14      5.54     -2.68  0.       -2074.307       -761.416      -3438.321    0.000  -0.059   0.163   0.
  2017 352 10 17 33 505 352.428860020      -4.17      5.51     -2.70  0.       -2071.334       -763.777      -3438.293    0.000  -0.059   0.163   0.
  2017 352 10 17 34 505 352.428871594      -4.15      5.50     -2.69  0.       -2068.360       -766.138      -3438.262    0.000  -0.058   0.160   0.
  2017 352 10 17 35 505 352.428883168      -4.19      5.49     -2.73  0.       -2065.385       -768.498      -3438.228    0.000  -0.058   0.160   0.
  2017 352 10 17 36 505 352.428894742      -4.17      5.53     -2.78  0.       -2062.408       -770.858      -3438.193    0.000  -0.058   0.158   0.
  2017 352 10 17 37 505 352.428906317      -4.20      5.50     -2.77  0.       -2059.429       -773.217      -3438.156    0.000  -0.058   0.158   0.
  2017 352 10 17 38 505 352.428917891      -4.22      5.50     -2.74  0.       -2056.450       -775.575      -3438.116    0.000  -0.057   0.155   0.
  2017 352 10 17 39 505 352.428929465      -4.25      5.48     -2.71  0.       -2053.469       -777.933      -3438.075    0.000  -0.057   0.155   0.
  2017 352 10 17 40 505 352.428941036      -4.26      5.49     -2.75  0.       -2050.487       -780.291      -3438.031    0.000  -0.056   0.153   0.
  2017 352 10 17 41 505 352.428952610      -4.31      5.46     -2.74  0.       -2047.504       -782.648      -3437.985    0.000  -0.056   0.153   0.
  2017 352 10 17 42 505 352.428964184      -4.32      5.44     -2.75  0.       -2044.519       -785.005      -3437.936    0.000  -0.055   0.150   0.
  2017 352 10 17 43 505 352.428975758      -4.32      5.46     -2.80  0.       -2041.533       -787.361      -3437.886    0.000  -0.055   0.150   0.
  2017 352 10 17 44 505 352.428987332      -4.32      5.45     -2.84  0.       -2038.546       -789.717      -3437.833    0.000  -0.054   0.148   0.
  2017 352 10 17 45 505 352.428998906      -4.32      5.44     -2.88  0.       -2035.557       -792.072      -3437.779    0.000  -0.054   0.148   0.
  2017 352 10 17 46 505 352.429010480      -4.33      5.42     -2.95  0.       -2032.568       -794.426      -3437.722    0.000  -0.053   0.145   0.
  2017 352 10 17 47 505 352.429022054      -4.33      5.42     -2.91  0.       -2029.577       -796.781      -3437.663    0.000  -0.053   0.145   0.
  2017 352 10 17 48 505 352.429033628      -4.37      5.39     -2.91  0.       -2026.584       -799.134      -3437.601    0.000  -0.052   0.142   0.
  2017 352 10 17 49 505 352.429045203      -4.39      5.40     -2.93  0.       -2023.591       -801.487      -3437.538    0.000  -0.052   0.142   0.
  2017 352 10 17 50 505 352.429056777      -4.40      5.35     -2.94  0.       -2020.596       -803.840      -3437.472    0.000  -0.051   0.140   0.
  2017 352 10 17 51 505 352.429068351      -4.41      5.34     -2.96  0.       -2017.599       -806.192      -3437.405    0.000  -0.051   0.140   0.
  2017 352 10 17 52 505 352.429079925      -4.44      5.34     -2.95  0.       -2014.602       -808.544      -3437.335    0.000  -0.050   0.137   0.
  2017 352 10 17 53 505 352.429091499      -4.46      5.33     -2.96  0.       -2011.603       -810.895      -3437.262    0.000  -0.050   0.137   0.
  2017 352 10 17 54 505 352.429103073      -4.49      5.30     -2.93  0.       -2008.603       -813.246      -3437.188    0.000  -0.049   0.134   0.
  2017 352 10 17 55 505 352.429114647      -4.51      5.30     -2.93  0.       -2005.602       -815.596      -3437.111    0.000  -0.049   0.134   0.
  2017 352 10 17 56 505 352.429126221      -4.55      5.30     -2.94  0.       -2002.599       -817.945      -3437.033    0.000  -0.048   0.132   0.
  2017 352 10 17 57 505 352.429137795      -4.55      5.29     -2.96  0.       -1999.595       -820.294      -3436.952    0.000  -0.048   0.132   0.
  2017 352 10 17 58 505 352.429149369      -4.60      5.27     -2.92  0.       -1996.590       -822.643      -3436.869    0.000  -0.047   0.129   0.
  2017 352 10 17 59 505 352.429160943      -4.61      5.25     -2.92  0.       -1993.584       -824.991      -3436.783    0.000  -0.047   0.129   0.
  2017 352 10 18  0 505 352.429172517      -4.64      5.24     -2.90  0.       -1990.576       -827.339      -3436.696    0.000  -0.046   0.126   0.
  2017 352 10 18  1 505 352.429184091      -4.66      5.26     -2.86  0.       -1987.567       -829.686      -3436.606    0.000  -0.046   0.126   0.
  2017 352 10 18  2 505 352.429195666      -4.65      5.27     -2.88  0.       -1984.557       -832.032      -3436.514    0.000  -0.045   0.124   0.
  2017 352 10 18  3 505 352.429207240      -4.67      5.31     -2.90  0.       -1981.545       -834.378      -3436.420    0.000  -0.045   0.124   0.
  2017 352 10 18  4 505 352.429218814      -4.66      5.33     -2.86  0.       -1978.533       -836.723      -3436.324    0.000  -0.044   0.121   0.
  2017 352 10 18  5 505 352.429230388      -4.69      5.35     -2.90  0.       -1975.519       -839.068      -3436.225    0.000  -0.044   0.121   0.
  2017 352 10 18  6 505 352.429241962      -4.68      5.38     -2.90  0.       -1972.503       -841.413      -3436.125    0.000  -0.043   0.118   0.
  2017 352 10 18  7 505 352.429253536      -4.73      5.37     -2.82  0.       -1969.487       -843.756      -3436.022    0.000  -0.043   0.118   0.
  2017 352 10 18  8 505 352.429265110      -4.72      5.39     -2.79  0.       -1966.469       -846.100      -3435.917    0.000  -0.042   0.115   0.
  2017 352 10 18  9 505 352.429276684      -4.74      5.39     -2.74  0.       -1963.450       -848.442      -3435.809    0.000  -0.042   0.115   0.
  2017 352 10 18 10 505 352.429288255      -4.74      5.40     -2.73  0.       -1960.430       -850.785      -3435.700    0.000  -0.041   0.113   0.
  2017 352 10 18 11 505 352.429299829      -4.76      5.44     -2.73  0.       -1957.408       -853.126      -3435.588    0.000  -0.041   0.113   0.
  2017 352 10 18 12 505 352.429311403      -4.79      5.41     -2.67  0.       -1954.385       -855.467      -3435.474    0.000  -0.040   0.110   0.
  2017 352 10 18 13 505 352.429322977      -4.78      5.44     -2.63  0.       -1951.361       -857.808      -3435.358    0.000  -0.040   0.110   0.
  2017 352 10 18 14 505 352.429334552      -4.79      5.47     -2.59  0.       -1948.335       -860.148      -3435.239    0.000  -0.039   0.107   0.
  2017 352 10 18 15 505 352.429346126      -4.80      5.49     -2.56  0.       -1945.309       -862.487      -3435.119    0.000  -0.039   0.107   0.
  2017 352 10 18 16 505 352.429357700      -4.79      5.49     -2.53  0.       -1942.281       -864.826      -3434.996    0.000  -0.038   0.105   0.
  2017 352 10 18 17 505 352.429369274      -4.82      5.50     -2.50  0.       -1939.252       -867.165      -3434.871    0.000  -0.038   0.105   0.
  2017 352 10 18 18 505 352.429380848      -4.81      5.52     -2.47  0.       -1936.221       -869.502      -3434.743    0.000  -0.037   0.102   0.
  2017 352 10 18 19 505 352.429392422      -4.82      5.52     -2.45  0.       -1933.189       -871.840      -3434.614    0.000  -0.037   0.102   0.
  2017 352 10 18 20 505 352.429403996      -4.83      5.52     -2.46  0.       -1930.157       -874.176      -3434.482    0.000  -0.036   0.099   0.
  2017 352 10 18 21 505 352.429415570      -4.83      5.52     -2.47  0.       -1927.122       -876.513      -3434.348    0.000  -0.036   0.099   0.
  2017 352 10 18 22 505 352.429427144      -4.83      5.53     -2.48  0.       -1924.087       -878.848      -3434.212    0.000  -0.035   0.097   0.
  2017 352 10 18 23 505 352.429438718      -4.83      5.52     -2.50  0.       -1921.050       -881.183      -3434.073    0.000  -0.035   0.097   0.
  2017 352 10 18 24 505 352.429450292      -4.81      5.53     -2.48  0.       -1918.012       -883.517      -3433.933    0.000  -0.034   0.094   0.
  2017 352 10 18 25 505 352.429461866      -4.86      5.47     -2.45  0.       -1914.973       -885.851      -3433.789    0.000  -0.034   0.094   0.
  2017 352 10 18 26 505 352.429473440      -4.87      5.48     -2.43  0.       -1911.933       -888.184      -3433.644    0.000  -0.033   0.091   0.
  2017 352 10 18 27 505 352.429485014      -4.89      5.47     -2.42  0.       -1908.891       -890.517      -3433.497    0.000  -0.033   0.091   0.
  2017 352 10 18 28 505 352.429496589      -4.90      5.48     -2.44  0.       -1905.848       -892.849      -3433.347    0.000  -0.032   0.088   0.
  2017 352 10 18 29 505 352.429508163      -4.89      5.49     -2.41  0.       -1902.804       -895.180      -3433.195    0.000  -0.032   0.088   0.
  2017 352 10 18 30 505 352.429519737      -4.87      5.51     -2.40  0.       -1899.758       -897.511      -3433.041    0.000  -0.031   0.086   0.
  2017 352 10 18 31 505 352.429531311      -4.87      5.53     -2.40  0.       -1896.712       -899.842      -3432.885    0.000  -0.031   0.086   0.
  2017 352 10 18 32 505 352.429542885      -4.83      5.52     -2.41  0.       -1893.664       -902.171      -3432.726    0.000  -0.030   0.083   0.
  2017 352 10 18 33 505 352.429554459      -4.86      5.54     -2.45  0.       -1890.615       -904.501      -3432.565    0.000  -0.030   0.083   0.
  2017 352 10 18 34 505 352.429566033      -4.86      5.55     -2.49  0.       -1887.564       -906.829      -3432.402    0.000  -0.029   0.080   0.
  2017 352 10 18 35 505 352.429577607      -4.87      5.53     -2.50  0.       -1884.513       -909.157      -3432.236    0.000  -0.029   0.080   0.
  2017 352 10 18 36 505 352.429589181      -4.88      5.54     -2.55  0.       -1881.460       -911.485      -3432.069    0.000  -0.028   0.078   0.
  2017 352 10 18 37 505 352.429600755      -4.86      5.54     -2.52  0.       -1878.406       -913.811      -3431.899    0.000  -0.028   0.078   0.
  2017 352 10 18 38 505 352.429612326      -4.87      5.52     -2.53  0.       -1875.350       -916.138      -3431.727    0.000  -0.027   0.075   0.
  2017 352 10 18 39 505 352.429623900      -4.88      5.54     -2.54  0.       -1872.294       -918.463      -3431.552    0.000  -0.027   0.075   0.
  2017 352 10 18 40 504 352.429635475      -4.88      5.52     -2.56  0.       -1869.236       -920.788      -3431.375    0.000  -0.026   0.073   0.
  2017 352 10 18 41 504 352.429647049      -4.86      5.53     -2.56  0.       -1866.177       -923.113      -3431.196    0.000  -0.026   0.073   0.
  2017 352 10 18 42 505 352.429658623      -4.89      5.51     -2.54  0.       -1863.116       -925.436      -3431.015    0.000  -0.025   0.070   0.
  2017 352 10 18 43 505 352.429670197      -4.86      5.50     -2.52  0.       -1860.055       -927.760      -3430.832    0.000  -0.025   0.070   0.
  2017 352 10 18 44 505 352.429681771      -4.89      5.49     -2.56  0.       -1856.992       -930.082      -3430.646    0.000  -0.024   0.067   0.
  2017 352 10 18 45 505 352.429693345      -4.89      5.48     -2.56  0.       -1853.928       -932.404      -3430.458    0.000  -0.024   0.067   0.
  2017 352 10 18 46 505 352.429704919      -4.91      5.49     -2.51  0.       -1850.863       -934.725      -3430.267    0.000  -0.023   0.065   0.
  2017 352 10 18 47 504 352.429716493      -4.93      5.49     -2.52  0.       -1847.797       -937.046      -3430.075    0.000  -0.023   0.065   0.
  2017 352 10 18 48 504 352.429728067      -4.94      5.45     -2.41  0.       -1844.729       -939.366      -3429.880    0.000  -0.022   0.062   0.
  2017 352 10 18 49 504 352.429739641      -4.91      5.44     -2.41  0.       -1841.660       -941.686      -3429.683    0.000  -0.022   0.062   0.
  2017 352 10 18 50 504 352.429751215      -4.91      5.46     -2.43  0.       -1838.590       -944.005      -3429.483    0.000  -0.022   0.059   0.
  2017 352 10 18 51 505 352.429762789      -4.94      5.48     -2.43  0.       -1835.519       -946.323      -3429.281    0.000  -0.022   0.059   0.
  2017 352 10 18 52 505 352.429774363      -4.93      5.47     -2.45  0.       -1832.446       -948.640      -3429.077    0.000  -0.021   0.057   0.
  2017 352 10 18 53 505 352.429785938      -4.94      5.46     -2.46  0.       -1829.372       -950.958      -3428.871    0.000  -0.021   0.057   0.
  2017 352 10 18 54 504 352.429797512      -4.94      5.46     -2.45  0.       -1826.298       -953.274      -3428.663    0.000  -0.020   0.054   0.
  2017 352 10 18 55 505 352.429809086      -4.94      5.47     -2.44  0.       -1823.221       -955.590      -3428.452    0.000  -0.020   0.054   0.
  2017 352 10 18 56 505 352.429820660      -4.96      5.45     -2.44  0.       -1820.144       -957.905      -3428.239    0.000  -0.019   0.052   0.
  2017 352 10 18 57 505 352.429832234      -4.95      5.47     -2.43  0.       -1817.065       -960.219      -3428.023    0.000  -0.019   0.052   0.
  2017 352 10 18 58 505 352.429843808      -4.95      5.46     -2.39  0.       -1813.985       -962.533      -3427.805    0.000  -0.018   0.049   0.
  2017 352 10 18 59 505 352.429855382      -4.96      5.49     -2.36  0.       -1810.904       -964.846      -3427.585    0.000  -0.018   0.049   0.
  2017 352 10 19  0 504 352.429866956      -4.97      5.48     -2.35  0.       -1807.822       -967.159      -3427.363    0.000  -0.017   0.047   0.
  2017 352 10 19  1 504 352.429878530      -4.99      5.48     -2.35  0.       -1804.739       -969.471      -3427.138    0.000  -0.017   0.047   0.
  2017 352 10 19  2 504 352.429890104      -4.98      5.49     -2.43  0.       -1801.654       -971.782      -3426.911    0.000  -0.016   0.044   0.
  2017 352 10 19  3 504 352.429901678      -4.97      5.52     -2.41  0.       -1798.568       -974.093      -3426.682    0.000  -0.016   0.044   0.
  2017 352 10 19  4 504 352.429913252      -4.95      5.52     -2.34  0.       -1795.481       -976.402      -3426.451    0.000  -0.015   0.042   0.
  2017 352 10 19  5 505 352.429924826      -4.95      5.56     -2.46  0.       -1792.393       -978.712      -3426.217    0.000  -0.015   0.042   0.
  2017 352 10 19  6 505 352.429936400      -4.96      5.57     -2.40  0.       -1789.303       -981.020      -3425.981    0.000  -0.014   0.040   0.
  2017 352 10 19  7 504 352.429947975      -4.98      5.61     -2.43  0.       -1786.212       -983.328      -3425.742    0.000  -0.014   0.040   0.
  2017 352 10 19  8 504 352.429959546      -4.94      5.60     -2.47  0.       -1783.120       -985.636      -3425.501    0.000  -0.014   0.037   0.
  2017 352 10 19  9 504 352.429971120      -4.98      5.58     -2.43  0.       -1780.027       -987.942      -3425.258    0.000  -0.014   0.037   0.
  2017 352 10 19 10 504 352.429982694      -4.98      5.61     -2.44  0.       -1776.933       -990.249      -3425.013    0.000  -0.013   0.035   0.
  2017 352 10 19 11 504 352.429994268      -5.00      5.53     -2.44  0.       -1773.838       -992.554      -3424.765    0.000  -0.013   0.035   0.
  2017 352 10 19 12 504 352.430005842      -5.01      5.57     -2.39  0.       -1770.741       -994.859      -3424.515    0.000  -0.012   0.032   0.
  2017 352 10 19 13 504 352.430017416      -5.01      5.52     -2.40  0.       -1767.643       -997.163      -3424.263    0.000  -0.012   0.032   0.
  2017 352 10 19 14 504 352.430028990      -5.04      5.56     -2.38  0.       -1764.544       -999.466      -3424.008    0.000  -0.011   0.030   0.
  2017 352 10 19 15 504 352.430040564      -5.03      5.46     -2.38  0.       -1761.443      -1001.769      -3423.751    0.000  -0.011   0.030   0.
  2017 352 10 19 16 504 352.430052138      -5.03      5.50     -2.37  0.       -1758.342      -1004.071      -3423.492    0.000  -0.010   0.028   0.
  2017 352 10 19 17 504 352.430063712      -5.02      5.44     -2.40  0.       -1755.239      -1006.372      -3423.230    0.000  -0.010   0.028   0.
  2017 352 10 19 18 504 352.430075286      -5.01      5.45     -2.45  0.       -1752.136      -1008.673      -3422.966    0.000  -0.009   0.026   0.
  2017 352 10 19 19 504 352.430086861      -5.03      5.47     -2.46  0.       -1749.030      -1010.973      -3422.700    0.000  -0.009   0.026   0.
  2017 352 10 19 20 504 352.430098435      -5.00      5.41     -2.48  0.       -1745.924      -1013.272      -3422.431    0.000  -0.009   0.024   0.
  2017 352 10 19 21 504 352.430110009      -5.00      5.39     -2.50  0.       -1742.817      -1015.570      -3422.160    0.000  -0.009   0.024   0.
  2017 352 10 19 22 504 352.430121583      -4.99      5.40     -2.49  0.       -1739.708      -1017.868      -3421.887    0.000  -0.008   0.022   0.
  2017 352 10 19 23 504 352.430133157      -5.01      5.42     -2.48  0.       -1736.598      -1020.166      -3421.612    0.000  -0.008   0.022   0.
  2017 352 10 19 24 504 352.430144731      -4.96      5.37     -2.45  0.       -1733.487      -1022.462      -3421.334    0.000  -0.007   0.020   0.
  2017 352 10 19 25 504 352.430156305      -4.94      5.35     -2.46  0.       -1730.375      -1024.758      -3421.053    0.000  -0.007   0.020   0.
  2017 352 10 19 26 504 352.430167879      -4.95      5.34     -2.49  0.       -1727.262      -1027.053      -3420.771    0.000  -0.006   0.018   0.
  2017 352 10 19 27 504 352.430179453      -4.95      5.36     -2.51  0.       -1724.147      -1029.348      -3420.486    0.000  -0.006   0.018   0.
  2017 352 10 19 28 504 352.430191027      -4.97      5.39     -2.51  0.       -1721.031      -1031.641      -3420.198    0.000  -0.006   0.016   0.
  2017 352 10 19 29 504 352.430202601      -4.95      5.36     -2.50  0.       -1717.914      -1033.934      -3419.909    0.000  -0.006   0.016   0.
  2017 352 10 19 30 504 352.430214175      -4.94      5.40     -2.49  0.       -1714.796      -1036.227      -3419.617    0.000  -0.005   0.014   0.
  2017 352 10 19 31 504 352.430225749      -4.94      5.36     -2.47  0.       -1711.677      -1038.518      -3419.323    0.000  -0.005   0.014   0.
  2017 352 10 19 32 504 352.430237323      -4.90      5.36     -2.46  0.       -1708.557      -1040.809      -3419.026    0.000  -0.004   0.012   0.
  2017 352 10 19 33 504 352.430248898      -4.90      5.33     -2.47  0.       -1705.435      -1043.099      -3418.727    0.000  -0.004   0.012   0.
  2017 352 10 19 34 504 352.430260472      -4.87      5.28     -2.50  0.       -1702.312      -1045.389      -3418.426    0.000  -0.004   0.011   0.
  2017 352 10 19 35 504 352.430272046      -4.84      5.28     -2.52  0.       -1699.188      -1047.678      -3418.122    0.000  -0.004   0.011   0.
  2017 352 10 19 36 504 352.430283620      -4.91      5.25     -2.52  0.       -1696.063      -1049.966      -3417.816    0.000  -0.003   0.009   0.
  2017 352 10 19 37 504 352.430295194      -4.92      5.25     -2.53  0.       -1692.937      -1052.253      -3417.507    0.000  -0.003   0.009   0.
  2017 352 10 19 38 504 352.430306765      -4.87      5.23     -2.54  0.       -1689.809      -1054.540      -3417.197    0.000  -0.003   0.008   0.
  2017 352 10 19 39 504 352.430318339      -4.86      5.22     -2.51  0.       -1686.681      -1056.826      -3416.883    0.000  -0.003   0.008   0.
  2017 352 10 19 40 504 352.430329913      -4.89      5.22     -2.52  0.       -1683.551      -1059.111      -3416.568    0.000  -0.002   0.006   0.
  2017 352 10 19 41 504 352.430341487      -4.89      5.23     -2.61  0.       -1680.420      -1061.395      -3416.250    0.000  -0.002   0.006   0.
  2017 352 10 19 42 504 352.430353061      -4.84      5.18     -2.59  0.       -1677.288      -1063.679      -3415.930    0.000  -0.002   0.005   0.
  2017 352 10 19 43 504 352.430364635      -4.86      5.20     -2.58  0.       -1674.155      -1065.962      -3415.607    0.000  -0.002   0.005   0.
  2017 352 10 19 44 504 352.430376209      -4.83      5.18     -2.52  0.       -1671.020      -1068.244      -3415.282    0.000  -0.001   0.004   0.
  2017 352 10 19 45 504 352.430387784      -4.81      5.12     -2.50  0.       -1667.885      -1070.526      -3414.955    0.000  -0.001   0.004   0.
  2017 352 10 19 46 504 352.430399358      -4.82      5.14     -2.54  0.       -1664.748      -1072.807      -3414.625    0.000  -0.001   0.002   0.
  2017 352 10 19 47 504 352.430410932      -4.81      5.09     -2.55  0.       -1661.610      -1075.087      -3414.293    0.000  -0.001   0.002   0.
  2017 352 10 19 48 504 352.430422506      -4.81      5.12     -2.60  0.       -1658.471      -1077.366      -3413.959    0.000   0.000   0.001   0.
  2017 352 10 19 49 504 352.430434080      -4.79      5.08     -2.64  0.       -1655.331      -1079.645      -3413.622    0.000   0.000   0.001   0.
  2017 352 10 19 50 504 352.430445654      -4.79      5.11     -2.69  0.       -1652.189      -1081.922      -3413.283    0.000   0.000   0.000   0.
  2017 352 10 19 51 504 352.430457228      -4.84      5.09     -2.66  0.       -1649.047      -1084.200      -3412.941    0.000   0.000   0.000   0.
  2017 352 10 19 52 504 352.430468802      -4.80      5.09     -2.74  0.       -1645.903      -1086.476      -3412.597    0.000   0.000   0.000   0.
  2017 352 10 19 53 504 352.430480376      -4.78      5.14     -2.76  0.       -1642.758      -1088.751      -3412.251    0.000   0.000   0.000   0.
  2017 352 10 19 54 504 352.430491950      -4.79      5.08     -2.77  0.       -1639.612      -1091.026      -3411.902    0.000   0.000   0.000   0.
  2017 352 10 19 55 504 352.430503524      -4.79      5.09     -2.78  0.       -1636.465      -1093.300      -3411.551    0.000   0.000   0.000   0.
  2017 352 10 19 56 504 352.430515098      -4.79      5.10     -2.76  0.       -1633.317      -1095.573      -3411.198    0.000   0.000   0.000   0.
  2017 352 10 19 57 504 352.430526672      -4.77      5.08     -2.75  0.       -1630.168      -1097.846      -3410.842    0.000   0.000   0.000   0.
  2017 352 10 19 58 504 352.430538247      -4.74      5.06     -2.76  0.       -1627.017      -1100.118      -3410.484    0.000   0.000   0.000   0.
  2017 352 10 19 59 504 352.430549821      -4.73      5.07     -2.76  0.       -1623.865      -1102.389      -3410.123    0.000   0.000   0.000   0.
  2017 352 10 20  0 504 352.430561395      -4.72      5.05     -2.80  0.       -1620.713      -1104.659      -3409.760    0.000   0.000   0.000   0.
  2017 352 10 20  1 504 352.430572969      -4.72      5.03     -2.78  0.       -1617.559      -1106.929      -3409.395    0.000   0.000   0.000   0.
  2017 352 10 20  2 504 352.430584543      -4.74      5.01     -2.79  0.       -1614.404      -1109.197      -3409.027    0.000   0.000   0.000   0.
  2017 352 10 20  3 504 352.430596117      -4.76      5.00     -2.78  0.       -1611.247      -1111.465      -3408.656    0.000   0.000   0.000   0.
  2017 352 10 20  4 504 352.430607691      -4.77      4.97     -2.81  0.       -1608.090      -1113.732      -3408.284    0.000   0.000   0.000   0.
  2017 352 10 20  5 504 352.430619265      -4.78      5.01     -2.84  0.       -1604.932      -1115.999      -3407.909    0.000   0.000   0.000   0.
  2017 352 10 20  6 504 352.430630839      -4.79      4.96     -2.86  0.       -1601.772      -1118.264      -3407.531    0.000   0.000   0.000   0.
  2017 352 10 20  7 504 352.430642413      -4.77      4.97     -2.74  0.       -1598.611      -1120.529      -3407.152    0.000   0.000   0.000   0.
  2017 352 10 20  8 504 352.430653987      -4.74      4.99     -2.72  0.       -1595.449      -1122.793      -3406.770    0.000   0.000   0.000   0.
  2017 352 10 20  9 504 352.430665561      -4.76      4.99     -2.75  0.       -1592.286      -1125.056      -3406.385    0.000   0.000   0.000   0.
  2017 352 10 20 10 504 352.430677133      -4.78      4.97     -2.78  0.       -1589.122      -1127.319      -3405.998    0.000   0.000   0.000   0.
  2017 352 10 20 11 504 352.430688707      -4.79      4.93     -2.77  0.       -1585.957      -1129.581      -3405.608    0.000   0.000   0.000   0.
  2017 352 10 20 12 504 352.430700281      -4.77      4.94     -2.78  0.       -1582.791      -1131.841      -3405.217    0.000   0.000   0.000   0.
  2017 352 10 20 13 504 352.430711855      -4.74      4.94     -2.82  0.       -1579.623      -1134.101      -3404.822    0.000   0.000   0.000   0.
  2017 352 10 20 14 504 352.430723429      -4.75      4.90     -2.76  0.       -1576.455      -1136.361      -3404.426    0.000   0.000   0.000   0.
  2017 352 10 20 15 504 352.430735003      -4.79      4.90     -2.80  0.       -1573.285      -1138.619      -3404.026    0.000   0.000   0.000   0.
  2017 352 10 20 16 504 352.430746577      -4.79      4.86     -2.80  0.       -1570.114      -1140.877      -3403.625    0.000   0.000   0.000   0.
  2017 352 10 20 17 504 352.430758151      -4.80      4.83     -2.81  0.       -1566.942      -1143.134      -3403.221    0.000   0.000   0.000   0.
  2017 352 10 20 18 504 352.430769725      -4.81      4.80     -2.89  0.       -1563.769      -1145.390      -3402.815    0.000   0.000   0.000   0.
  2017 352 10 20 19 504 352.430781299      -4.82      4.80     -2.89  0.       -1560.595      -1147.645      -3402.406    0.000   0.000   0.000   0.
  2017 352 10 20 20 504 352.430792873      -4.84      4.76     -2.90  0.       -1557.420      -1149.899      -3401.995    0.000   0.000   0.000   0.
  2017 352 10 20 21 504 352.430804447      -4.83      4.74     -2.91  0.       -1554.243      -1152.153      -3401.581    0.000   0.000   0.000   0.
  2017 352 10 20 22 504 352.430816021      -4.83      4.72     -2.93  0.       -1551.066      -1154.406      -3401.165    0.000   0.000   0.000   0.
  2017 352 10 20 23 504 352.430827596      -4.84      4.70     -2.93  0.       -1547.887      -1156.658      -3400.747    0.000   0.000   0.000   0.
  2017 352 10 20 24 504 352.430839170      -4.83      4.65     -2.90  0.       -1544.708      -1158.909      -3400.326    0.000   0.000   0.000   0.
  2017 352 10 20 25 504 352.430850744      -4.83      4.61     -2.95  0.       -1541.527      -1161.159      -3399.903    0.000   0.000   0.000   0.
  2017 352 10 20 26 504 352.430862318      -4.84      4.64     -2.96  0.       -1538.345      -1163.409      -3399.477    0.000   0.000   0.000   0.
  2017 352 10 20 27 504 352.430873892      -4.82      4.61     -2.96  0.       -1535.162      -1165.657      -3399.049    0.000   0.000   0.000   0.
  2017 352 10 20 28 504 352.430885466      -4.86      4.59     -2.96  0.       -1531.978      -1167.905      -3398.618    0.000   0.000   0.000   0.
  2017 352 10 20 29 504 352.430897040      -4.86      4.59     -2.96  0.       -1528.793      -1170.152      -3398.185    0.000   0.000   0.000   0.
  2017 352 10 20 30 504 352.430908614      -4.82      4.58     -2.99  0.       -1525.606      -1172.399      -3397.750    0.000   0.000   0.000   0.
  2017 352 10 20 31 504 352.430920188      -4.85      4.57     -3.00  0.       -1522.419      -1174.644      -3397.312    0.000   0.000   0.000   0.
  2017 352 10 20 32 504 352.430931762      -4.81      4.57     -2.98  0.       -1519.230      -1176.888      -3396.871    0.000   0.000   0.000   0.
  2017 352 10 20 33 504 352.430943336      -4.80      4.56     -2.96  0.       -1516.041      -1179.132      -3396.429    0.000   0.000   0.000   0.
  2017 352 10 20 34 504 352.430954910      -4.79      4.54     -2.99  0.       -1512.850      -1181.375      -3395.984    0.000   0.000   0.000   0.
  2017 352 10 20 35 504 352.430966484      -4.81      4.57     -3.00  0.       -1509.658      -1183.617      -3395.536    0.000   0.000   0.000   0.
  2017 352 10 20 36 504 352.430978058      -4.82      4.58     -2.98  0.       -1506.465      -1185.858      -3395.086    0.000   0.000   0.000   0.
  2017 352 10 20 37 504 352.430989633      -4.80      4.58     -2.94  0.       -1503.272      -1188.098      -3394.633    0.000   0.000   0.000   0.
  2017 352 10 20 38 504 352.431001207      -4.80      4.61     -2.99  0.       -1500.077      -1190.338      -3394.178    0.000   0.000   0.000   0.
  2017 352 10 20 39 504 352.431012781      -4.84      4.61     -2.99  0.       -1496.880      -1192.576      -3393.721    0.000   0.000   0.000   0.
  2017 352 10 20 40 504 352.431024352      -4.84      4.63     -2.97  0.       -1493.683      -1194.814      -3393.261    0.000   0.000   0.000   0.
  2017 352 10 20 41 504 352.431035926      -4.83      4.68     -2.96  0.       -1490.485      -1197.051      -3392.798    0.000   0.000   0.000   0.
  2017 352 10 20 42 503 352.431047500      -4.81      4.71     -2.90  0.       -1487.286      -1199.287      -3392.334    0.000   0.000   0.000   0.
  2017 352 10 20 43 503 352.431059074      -4.82      4.69     -2.93  0.       -1484.085      -1201.522      -3391.866    0.000   0.000   0.000   0.
  2017 352 10 20 44 503 352.431070648      -4.82      4.71     -2.91  0.       -1480.884      -1203.756      -3391.397    0.000   0.000   0.000   0.
  2017 352 10 20 45 503 352.431082222      -4.83      4.70     -2.91  0.       -1477.681      -1205.990      -3390.925    0.000   0.000   0.000   0.
  2017 352 10 20 46 503 352.431093796      -4.84      4.70     -2.84  0.       -1474.478      -1208.222      -3390.450    0.000   0.000   0.000   0.
  2017 352 10 20 47 504 352.431105370      -4.85      4.71     -2.82  0.       -1471.273      -1210.454      -3389.973    0.000   0.000   0.000   0.
  2017 352 10 20 48 504 352.431116944      -4.81      4.70     -2.83  0.       -1468.067      -1212.685      -3389.493    0.000   0.000   0.000   0.
  2017 352 10 20 49 503 352.431128519      -4.80      4.71     -2.79  0.       -1464.860      -1214.915      -3389.011    0.000   0.000   0.000   0.
  2017 352 10 20 50 503 352.431140093      -4.81      4.73     -2.81  0.       -1461.652      -1217.144      -3388.527    0.000   0.000   0.000   0.
  2017 352 10 20 51 504 352.431151667      -4.81      4.74     -2.81  0.       -1458.443      -1219.372      -3388.040    0.000   0.000   0.000   0.
  2017 352 10 20 52 504 352.431163241      -4.79      4.71     -2.79  0.       -1455.234      -1221.599      -3387.550    0.000   0.000   0.000   0.
  2017 352 10 20 53 504 352.431174815      -4.78      4.68     -2.79  0.       -1452.022      -1223.826      -3387.058    0.000   0.000   0.000   0.
  2017 352 10 20 54 504 352.431186389      -4.74      4.70     -2.80  0.       -1448.810      -1226.051      -3386.564    0.000   0.000   0.000   0.
  2017 352 10 20 55 504 352.431197963      -4.76      4.66     -2.80  0.       -1445.597      -1228.276      -3386.067    0.000   0.000   0.000   0.
  2017 352 10 20 56 503 352.431209537      -4.76      4.68     -2.81  0.       -1442.383      -1230.500      -3385.568    0.000   0.000   0.000   0.
  2017 352 10 20 57 503 352.431221111      -4.78      4.68     -2.81  0.       -1439.168      -1232.723      -3385.066    0.000   0.000   0.000   0.
  2017 352 10 20 58 503 352.431232685      -4.76      4.66     -2.81  0.       -1435.951      -1234.945      -3384.562    0.000   0.000   0.000   0.
  2017 352 10 20 59 503 352.431244259      -4.75      4.63     -2.83  0.       -1432.734      -1237.166      -3384.055    0.000   0.000   0.000   0.
  2017 352 10 21  0 503 352.431255833      -4.74      4.63     -2.84  0.       -1429.515      -1239.386      -3383.546    0.000   0.000   0.000   0.
  2017 352 10 21  1 504 352.431267407      -4.74      4.65     -2.84  0.       -1426.296      -1241.605      -3383.034    0.000   0.000   0.000   0.
  2017 352 10 21  2 504 352.431278981      -4.75      4.63     -2.86  0.       -1423.075      -1243.823      -3382.520    0.000   0.000   0.000   0.
  2017 352 10 21  3 503 352.431290556      -4.74      4.60     -2.87  0.       -1419.853      -1246.041      -3382.003    0.000   0.000   0.000   0.
  2017 352 10 21  4 503 352.431302130      -4.74      4.58     -2.89  0.       -1416.631      -1248.257      -3381.484    0.000   0.000   0.000   0.
  2017 352 10 21  5 504 352.431313704      -4.75      4.62     -2.92  0.       -1413.407      -1250.473      -3380.962    0.000   0.000   0.000   0.
  2017 352 10 21  6 504 352.431325278      -4.78      4.66     -2.93  0.       -1410.182      -1252.688      -3380.438    0.000   0.000   0.000   0.
  2017 352 10 21  7 504 352.431336852      -4.79      4.64     -2.92  0.       -1406.957      -1254.901      -3379.912    0.000   0.000   0.000   0.
  2017 352 10 21  8 503 352.431348423      -4.79      4.62     -2.90  0.       -1403.730      -1257.114      -3379.383    0.000   0.000   0.000   0.
  2017 352 10 21  9 503 352.431359997      -4.80      4.61     -2.95  0.       -1400.502      -1259.326      -3378.851    0.000   0.000   0.000   0.
  2017 352 10 21 10 503 352.431371571      -4.82      4.60     -2.95  0.       -1397.273      -1261.537      -3378.317    0.000   0.000   0.000   0.
  2017 352 10 21 11 503 352.431383145      -4.81      4.60     -2.93  0.       -1394.043      -1263.747      -3377.780    0.000   0.000   0.000   0.
  2017 352 10 21 12 503 352.431394719      -4.82      4.61     -2.97  0.       -1390.812      -1265.956      -3377.241    0.000   0.000   0.000   0.
  2017 352 10 21 13 503 352.431406293      -4.81      4.61     -2.95  0.       -1387.580      -1268.165      -3376.699    0.000   0.000   0.000   0.
  2017 352 10 21 14 503 352.431417867      -4.80      4.62     -2.97  0.       -1384.347      -1270.372      -3376.155    0.000   0.000   0.000   0.
  2017 352 10 21 15 503 352.431429442      -4.81      4.60     -2.99  0.       -1381.113      -1272.579      -3375.609    0.000   0.000   0.000   0.
  2017 352 10 21 16 503 352.431441016      -4.81      4.61     -2.97  0.       -1377.878      -1274.784      -3375.060    0.000   0.000   0.000   0.
  2017 352 10 21 17 503 352.431452590      -4.83      4.63     -2.99  0.       -1374.642      -1276.988      -3374.508    0.000   0.000   0.000   0.
  2017 352 10 21 18 503 352.431464164      -4.85      4.61     -2.99  0.       -1371.405      -1279.192      -3373.954    0.000   0.000   0.000   0.
  2017 352 10 21 19 503 352.431475738      -4.85      4.62     -3.00  0.       -1368.167      -1281.395      -3373.398    0.000   0.000   0.000   0.
  2017 352 10 21 20 503 352.431487312      -4.87      4.64     -2.98  0.       -1364.928      -1283.596      -3372.838    0.000   0.000   0.000   0.
  2017 352 10 21 21 503 352.431498886      -4.89      4.63     -3.01  0.       -1361.688      -1285.797      -3372.277    0.000   0.000   0.000   0.
  2017 352 10 21 22 503 352.431510460      -4.92      4.64     -3.04  0.       -1358.447      -1287.997      -3371.713    0.000   0.000   0.000   0.
  2017 352 10 21 23 503 352.431522034      -4.91      4.65     -3.01  0.       -1355.204      -1290.196      -3371.146    0.000   0.000   0.000   0.
  2017 352 10 21 24 503 352.431533608      -4.93      4.64     -3.00  0.       -1351.961      -1292.393      -3370.577    0.000   0.000   0.000   0.
  2017 352 10 21 25 503 352.431545182      -4.92      4.68     -2.99  0.       -1348.717      -1294.590      -3370.005    0.000   0.000   0.000   0.
  2017 352 10 21 26 503 352.431556756      -4.92      4.70     -3.01  0.       -1345.472      -1296.786      -3369.431    0.000   0.000   0.000   0.
  2017 352 10 21 27 503 352.431568330      -4.97      4.70     -2.99  0.       -1342.226      -1298.981      -3368.854    0.000   0.000   0.000   0.
  2017 352 10 21 28 503 352.431579905      -4.99      4.68     -2.97  0.       -1338.978      -1301.175      -3368.275    0.000   0.000   0.000   0.
  2017 352 10 21 29 503 352.431591479      -5.04      4.64     -2.94  0.       -1335.730      -1303.368      -3367.693    0.000   0.000   0.000   0.
  2017 352 10 21 30 503 352.431603053      -5.08      4.62     -2.92  0.       -1332.481      -1305.560      -3367.109    0.000   0.000   0.000   0.
  2017 352 10 21 31 503 352.431614627      -5.15      4.62     -2.90  0.       -1329.231      -1307.751      -3366.522    0.000   0.000   0.000   0.
  2017 352 10 21 32 503 352.431626201      -5.22      4.60     -2.87  0.       -1325.980      -1309.942      -3365.933    0.000   0.000   0.000   0.
  2017 352 10 21 33 503 352.431637775      -5.30      4.58     -2.82  0.       -1322.727      -1312.131      -3365.341    0.000   0.000   0.000   0.
  2017 352 10 21 34 503 352.431649349      -5.34      4.55     -2.76  0.       -1319.474      -1314.319      -3364.747    0.000   0.000   0.000   0.
  2017 352 10 21 35 503 352.431660923      -5.35      4.58     -2.76  0.       -1316.220      -1316.506      -3364.150    0.000   0.000   0.000   0.
  2017 352 10 21 36 503 352.431672497      -5.38      4.56     -2.77  0.       -1312.965      -1318.692      -3363.551    0.000   0.000   0.000   0.
  2017 352 10 21 37 503 352.431684071      -5.41      4.58     -2.72  0.       -1309.709      -1320.877      -3362.949    0.000   0.000   0.000   0.
  2017 352 10 21 38 503 352.431695642      -5.44      4.57     -2.70  0.       -1306.452      -1323.062      -3362.344    0.000   0.000   0.000   0.
  2017 352 10 21 39 503 352.431707216      -5.47      4.59     -2.70  0.       -1303.194      -1325.245      -3361.737    0.000   0.000   0.000   0.
  2017 352 10 21 40 503 352.431718790      -5.49      4.58     -2.64  0.       -1299.934      -1327.427      -3361.128    0.000   0.000   0.000   0.
  2017 352 10 21 41 503 352.431730365      -5.53      4.57     -2.64  0.       -1296.674      -1329.608      -3360.516    0.000   0.000   0.000   0.
  2017 352 10 21 42 503 352.431741939      -5.54      4.56     -2.63  0.       -1293.413      -1331.789      -3359.901    0.000   0.000   0.000   0.
  2017 352 10 21 43 503 352.431753513      -5.54      4.55     -2.61  0.       -1290.151      -1333.968      -3359.284    0.000   0.000   0.000   0.
  2017 352 10 21 44 503 352.431765087      -5.57      4.52     -2.59  0.       -1286.888      -1336.146      -3358.664    0.000   0.000   0.000   0.
  2017 352 10 21 45 503 352.431776661      -5.59      4.51     -2.57  0.       -1283.624      -1338.324      -3358.042    0.000   0.000   0.000   0.
  2017 352 10 21 46 503 352.431788235      -5.59      4.49     -2.55  0.       -1280.359      -1340.500      -3357.417    0.000   0.000   0.000   0.
  2017 352 10 21 47 503 352.431799809      -5.61      4.49     -2.52  0.       -1277.093      -1342.675      -3356.790    0.000   0.000   0.000   0.
  2017 352 10 21 48 503 352.431811383      -5.63      4.46     -2.51  0.       -1273.826      -1344.849      -3356.160    0.000   0.000   0.000   0.
  2017 352 10 21 49 503 352.431822957      -5.63      4.46     -2.47  0.       -1270.558      -1347.022      -3355.528    0.000   0.000   0.000   0.
  2017 352 10 21 50 503 352.431834531      -5.65      4.47     -2.45  0.       -1267.290      -1349.195      -3354.893    0.000   0.000   0.000   0.
  2017 352 10 21 51 503 352.431846105      -5.67      4.49     -2.40  0.       -1264.020      -1351.366      -3354.255    0.000   0.000   0.000   0.
  2017 352 10 21 52 503 352.431857679      -5.70      4.46     -2.41  0.       -1260.749      -1353.536      -3353.615    0.000   0.000   0.000   0.
  2017 352 10 21 53 503 352.431869254      -5.72      4.44     -2.36  0.       -1257.477      -1355.705      -3352.973    0.000   0.000   0.000   0.
  2017 352 10 21 54 503 352.431880828      -5.74      4.44     -2.33  0.       -1254.205      -1357.873      -3352.328    0.000   0.000   0.000   0.
  2017 352 10 21 55 503 352.431892402      -5.75      4.41     -2.31  0.       -1250.931      -1360.040      -3351.680    0.000   0.000   0.000   0.
  2017 352 10 21 56 503 352.431903976      -5.74      4.41     -2.27  0.       -1247.656      -1362.206      -3351.030    0.000   0.000   0.000   0.
  2017 352 10 21 57 503 352.431915550      -5.79      4.36     -2.25  0.       -1244.381      -1364.371      -3350.377    0.000   0.000   0.000   0.
  2017 352 10 21 58 503 352.431927124      -5.79      4.35     -2.24  0.       -1241.104      -1366.535      -3349.721    0.000   0.000   0.000   0.
  2017 352 10 21 59 503 352.431938698      -5.79      4.36     -2.20  0.       -1237.827      -1368.698      -3349.064    0.000   0.000   0.000   0.
  2017 352 10 22  0 503 352.431950272      -5.80      4.35     -2.18  0.       -1234.549      -1370.860      -3348.403    0.000   0.000   0.000   0.
  2017 352 10 22  1 503 352.431961846      -5.82      4.33     -2.17  0.       -1231.269      -1373.021      -3347.740    0.000   0.000   0.000   0.
  2017 352 10 22  2 503 352.431973420      -5.83      4.33     -2.14  0.       -1227.989      -1375.181      -3347.074    0.000   0.000   0.000   0.
  2017 352 10 22  3 503 352.431984994      -5.84      4.32     -2.13  0.       -1224.708      -1377.340      -3346.406    0.000   0.000   0.000   0.
  2017 352 10 22  4 503 352.431996568      -5.84      4.30     -2.06  0.       -1221.426      -1379.497      -3345.736    0.000   0.000   0.000   0.
  2017 352 10 22  5 503 352.432008142      -5.86      4.30     -2.07  0.       -1218.143      -1381.654      -3345.062    0.000   0.000   0.000   0.
  2017 352 10 22  6 503 352.432019716      -5.86      4.29     -2.05  0.       -1214.858      -1383.810      -3344.386    0.000   0.000   0.000   0.
  2017 352 10 22  7 503 352.432031290      -5.85      4.28     -2.05  0.       -1211.574      -1385.964      -3343.708    0.000   0.000   0.000   0.
  2017 352 10 22  8 503 352.432042862      -5.85      4.27     -2.02  0.       -1208.288      -1388.118      -3343.027    0.000   0.000   0.000   0.
  2017 352 10 22  9 503 352.432054436      -5.86      4.24     -1.98  0.       -1205.001      -1390.270      -3342.343    0.000   0.000   0.000   0.
  2017 352 10 22 10 503 352.432066010      -5.85      4.22     -1.96  0.       -1201.713      -1392.422      -3341.657    0.000   0.000   0.000   0.
  2017 352 10 22 11 503 352.432077584      -5.85      4.21     -1.94  0.       -1198.424      -1394.572      -3340.969    0.000   0.000   0.000   0.
  2017 352 10 22 12 503 352.432089158      -5.85      4.18     -1.92  0.       -1195.135      -1396.721      -3340.277    0.000   0.000   0.000   0.
  2017 352 10 22 13 503 352.432100732      -5.84      4.20     -1.89  0.       -1191.844      -1398.869      -3339.583    0.000   0.000   0.000   0.
  2017 352 10 22 14 503 352.432112306      -5.86      4.16     -1.92  0.       -1188.553      -1401.016      -3338.887    0.000   0.000   0.000   0.
  2017 352 10 22 15 503 352.432123880      -5.86      4.14     -1.90  0.       -1185.260      -1403.162      -3338.188    0.000   0.000   0.000   0.
  2017 352 10 22 16 503 352.432135454      -5.84      4.13     -1.86  0.       -1181.967      -1405.307      -3337.486    0.000   0.000   0.000   0.
  2017 352 10 22 17 503 352.432147028      -5.87      4.12     -1.96  0.       -1178.673      -1407.451      -3336.782    0.000   0.000   0.000   0.
  2017 352 10 22 18 503 352.432158602      -5.87      4.07     -1.96  0.       -1175.378      -1409.594      -3336.075    0.000   0.000   0.000   0.
  2017 352 10 22 19 503 352.432170177      -5.84      4.05     -1.96  0.       -1172.082      -1411.736      -3335.366    0.000   0.000   0.000   0.
  2017 352 10 22 20 503 352.432181751      -5.84      4.02     -1.94  0.       -1168.785      -1413.876      -3334.654    0.000   0.000   0.000   0.
  2017 352 10 22 21 503 352.432193325      -5.83      3.99     -1.91  0.       -1165.487      -1416.016      -3333.940    0.000   0.000   0.000   0.
  2017 352 10 22 22 503 352.432204899      -5.84      3.99     -1.89  0.       -1162.188      -1418.154      -3333.223    0.000   0.000   0.000   0.
  2017 352 10 22 23 503 352.432216473      -5.84      3.96     -1.87  0.       -1158.889      -1420.292      -3332.503    0.000   0.000   0.000   0.
  2017 352 10 22 24 503 352.432228047      -5.86      3.93     -1.90  0.       -1155.588      -1422.428      -3331.781    0.000   0.000   0.000   0.
  2017 352 10 22 25 503 352.432239621      -5.84      3.91     -1.88  0.       -1152.287      -1424.563      -3331.056    0.000   0.000   0.000   0.
  2017 352 10 22 26 503 352.432251195      -5.82      3.88     -1.85  0.       -1148.984      -1426.697      -3330.328    0.000   0.000   0.000   0.
  2017 352 10 22 27 503 352.432262769      -5.80      3.84     -1.86  0.       -1145.681      -1428.830      -3329.598    0.000   0.000   0.000   0.
  2017 352 10 22 28 503 352.432274343      -5.80      3.82     -1.86  0.       -1142.377      -1430.962      -3328.866    0.000   0.000   0.000   0.
  2017 352 10 22 29 503 352.432285917      -5.81      3.78     -1.85  0.       -1139.072      -1433.093      -3328.130    0.000   0.000   0.000   0.
  2017 352 10 22 30 503 352.432297491      -5.78      3.76     -1.78  0.       -1135.766      -1435.222      -3327.393    0.000   0.000   0.000   0.
  2017 352 10 22 31 503 352.432309065      -5.77      3.72     -1.78  0.       -1132.459      -1437.351      -3326.652    0.000   0.000   0.000   0.
  2017 352 10 22 32 503 352.432320639      -5.76      3.70     -1.79  0.       -1129.152      -1439.478      -3325.909    0.000   0.000   0.000   0.
  2017 352 10 22 33 503 352.432332214      -5.74      3.65     -1.78  0.       -1125.843      -1441.605      -3325.164    0.000   0.000   0.000   0.
  2017 352 10 22 34 503 352.432343788      -5.73      3.62     -1.81  0.       -1122.534      -1443.730      -3324.415    0.000   0.000   0.000   0.
  2017 352 10 22 35 503 352.432355362      -5.72      3.58     -1.81  0.       -1119.223      -1445.854      -3323.664    0.000   0.000   0.000   0.
  2017 352 10 22 36 503 352.432366936      -5.71      3.55     -1.82  0.       -1115.912      -1447.977      -3322.911    0.000   0.000   0.000   0.
  2017 352 10 22 37 503 352.432378510      -5.70      3.50     -1.82  0.       -1112.600      -1450.098      -3322.155    0.000   0.000   0.000   0.
  2017 352 10 22 38 502 352.432390081      -5.69      3.47     -1.81  0.       -1109.287      -1452.219      -3321.397    0.000   0.000   0.000   0.
  2017 352 10 22 39 502 352.432401655      -5.65      3.43     -1.83  0.       -1105.973      -1454.339      -3320.635    0.000   0.000   0.000   0.
  2017 352 10 22 40 502 352.432413229      -5.64      3.38     -1.86  0.       -1102.659      -1456.457      -3319.871    0.000   0.000   0.000   0.
  2017 352 10 22 41 502 352.432424803      -5.62      3.34     -1.85  0.       -1099.343      -1458.574      -3319.105    0.000   0.000   0.000   0.
  2017 352 10 22 42 502 352.432436377      -5.63      3.26     -1.88  0.       -1096.027      -1460.690      -3318.336    0.000   0.000   0.000   0.
  2017 352 10 22 43 503 352.432447951      -5.64      3.23     -1.93  0.       -1092.709      -1462.805      -3317.564    0.000   0.000   0.000   0.
  2017 352 10 22 44 503 352.432459525      -5.66      3.16     -2.06  0.       -1089.391      -1464.919      -3316.790    0.000   0.000   0.000   0.
  2017 352 10 22 45 502 352.432471100      -5.62      3.13     -2.07  0.       -1086.072      -1467.032      -3316.013    0.000   0.000   0.000   0.
  2017 352 10 22 46 502 352.432482674      -5.64      3.06     -2.10  0.       -1082.752      -1469.143      -3315.234    0.000   0.000   0.000   0.
  2017 352 10 22 47 503 352.432494248      -5.61      2.99     -2.12  0.       -1079.432      -1471.254      -3314.452    0.000   0.000   0.000   0.
  2017 352 10 22 48 503 352.432505822      -5.59      2.93     -2.15  0.       -1076.110      -1473.363      -3313.667    0.000   0.000   0.000   0.
  2017 352 10 22 49 503 352.432517396      -5.60      2.88     -2.16  0.       -1072.788      -1475.471      -3312.880    0.000   0.000   0.000   0.
  2017 352 10 22 50 503 352.432528970      -5.59      2.81     -2.16  0.       -1069.464      -1477.578      -3312.090    0.000   0.000   0.000   0.
  2017 352 10 22 51 503 352.432540544      -5.57      2.82     -2.15  0.       -1066.140      -1479.684      -3311.297    0.000   0.000   0.000   0.
  2017 352 10 22 52 502 352.432552118      -5.56      2.81     -2.16  0.       -1062.815      -1481.788      -3310.502    0.000   0.000   0.000   0.
  2017 352 10 22 53 502 352.432563692      -5.54      2.78     -2.22  0.       -1059.490      -1483.892      -3309.704    0.000   0.000   0.000   0.
  2017 352 10 22 54 502 352.432575266      -5.53      2.78     -2.26  0.       -1056.163      -1485.994      -3308.904    0.000   0.000   0.000   0.
  2017 352 10 22 55 502 352.432586840      -5.51      2.75     -2.34  0.       -1052.835      -1488.095      -3308.101    0.000   0.000   0.000   0.
  2017 352 10 22 56 503 352.432598414      -5.51      2.71     -2.42  0.       -1049.507      -1490.195      -3307.295    0.000   0.000   0.000   0.
  2017 352 10 22 57 503 352.432609988      -5.48      2.67     -2.42  0.       -1046.178      -1492.294      -3306.486    0.000   0.000   0.000   0.
  2017 352 10 22 58 503 352.432621563      -5.47      2.60     -2.46  0.       -1042.848      -1494.391      -3305.676    0.000   0.000   0.000   0.
  2017 352 10 22 59 502 352.432633137      -5.44      2.50     -2.50  0.       -1039.517      -1496.487      -3304.862    0.000   0.000   0.000   0.
  2017 352 10 23  0 503 352.432644711      -5.43      2.45     -2.45  0.       -1036.186      -1498.583      -3304.046    0.000   0.000   0.000   0.
  2017 352 10 23  1 503 352.432656285      -5.38      2.41     -2.52  0.       -1032.853      -1500.677      -3303.227    0.000   0.000   0.000   0.
  2017 352 10 23  2 503 352.432667859      -5.39      2.32     -2.59  0.       -1029.520      -1502.769      -3302.406    0.000   0.000   0.000   0.
  2017 352 10 23  3 503 352.432679433      -5.35      2.28     -2.66  0.       -1026.186      -1504.861      -3301.581    0.000   0.000   0.000   0.
  2017 352 10 23  4 503 352.432691007      -5.33      2.20     -2.72  0.       -1022.851      -1506.951      -3300.755    0.000   0.000   0.000   0.
  2017 352 10 23  5 502 352.432702581      -5.31      2.13     -2.82  0.       -1019.515      -1509.041      -3299.925    0.000   0.000   0.000   0.
  2017 352 10 23  6 502 352.432714155      -5.28      2.05     -2.94  0.       -1016.179      -1511.129      -3299.094    0.000   0.000   0.000   0.
  2017 352 10 23  7 502 352.432725729      -5.23      1.96     -3.09  0.       -1012.841      -1513.216      -3298.259    0.000   0.000   0.000   0.
  2017 352 10 23  8 502 352.432737300      -5.21      1.84     -3.21  0.       -1009.503      -1515.301      -3297.422    0.000   0.000   0.000   0.
  2017 352 10 23  9 502 352.432748874      -5.14      1.72     -3.42  0.       -1006.164      -1517.386      -3296.582    0.000   0.000   0.000   0.
  2017 352 10 23 10 502 352.432760448      -4.99      1.57     -3.60  0.       -1002.824      -1519.469      -3295.739    0.000   0.000   0.000   0.
  2017 352 10 23 11 502 352.432772023      -4.90      1.44     -3.66  0.        -999.484      -1521.551      -3294.894    0.000   0.000   0.000   0.
  2017 352 10 23 12 502 352.432783597      -4.90      1.32     -3.76  0.        -996.142      -1523.632      -3294.046    0.000   0.000   0.000   0.
  2017 352 10 23 13 502 352.432795171      -4.86      1.24     -3.73  0.        -992.800      -1525.711      -3293.196    0.000   0.000   0.000   0.
  2017 352 10 23 14 502 352.432806745      -4.92      1.15     -3.73  0.        -989.457      -1527.790      -3292.343    0.000   0.000   0.000   0.
  2017 352 10 23 15 502 352.432818319      -4.82      1.11     -3.69  0.        -986.113      -1529.867      -3291.487    0.000   0.000   0.000   0.
  2017 352 10 23 16 502 352.432829893      -4.89      0.93     -3.71  0.        -982.769      -1531.943      -3290.629    0.000   0.000   0.000   0.
  2017 352 10 23 17 502 352.432841467      -4.86      0.95     -3.73  0.        -979.423      -1534.017      -3289.767    0.000   0.000   0.000   0.
  2017 352 10 23 18 502 352.432853041      -4.92      0.91     -3.69  0.        -976.077      -1536.091      -3288.904    0.000   0.000   0.000   0.
  2017 352 10 23 19 502 352.432864615      -4.92      0.88     -3.67  0.        -972.730      -1538.163      -3288.037    0.000   0.000   0.000   0.
  2017 352 10 23 20 502 352.432876189      -4.91      0.84     -3.67  0.        -969.382      -1540.234      -3287.169    0.000   0.000   0.000   0.
  2017 352 10 23 21 502 352.432887763      -4.86      0.80     -3.80  0.        -966.034      -1542.304      -3286.297    0.000   0.000   0.000   0.
  2017 352 10 23 22 502 352.432899337      -4.71      0.84     -3.95  0.        -962.684      -1544.373      -3285.423    0.000   0.000   0.000   0.
  2017 352 10 23 23 502 352.432910911      -4.44      0.79     -4.26  0.        -959.334      -1546.440      -3284.546    0.000   0.000   0.000   0.
  2017 352 10 23 24 502 352.432922486      -4.11      0.73     -4.61  0.        -955.983      -1548.506      -3283.666    0.000   0.000   0.000   0.
  2017 352 10 23 25 502 352.432934060      -3.71      0.66     -4.89  0.        -952.632      -1550.571      -3282.784    0.000   0.000   0.000   0.
  2017 352 10 23 26 502 352.432945634      -3.34      0.59     -5.21  0.        -949.279      -1552.634      -3281.899    0.000   0.000   0.000   0.
  2017 352 10 23 27 502 352.432957208      -2.95      0.57     -5.44  0.        -945.926      -1554.697      -3281.012    0.000   0.000   0.000   0.
  2017 352 10 23 28 502 352.432968782      -2.39      0.40     -5.69  0.        -942.572      -1556.758      -3280.121    0.000   0.000   0.000   0.
  2017 352 10 23 29 502 352.432980356      -1.96      0.35     -5.86  0.        -939.218      -1558.818      -3279.229    0.000   0.000   0.000   0.
  2017 352 10 23 30 502 352.432991930      -1.64      0.28     -5.86  0.        -935.862      -1560.876      -3278.333    0.000   0.000   0.000   0.
  2017 352 10 23 31 502 352.433003504      -1.54      0.07     -5.60  0.        -932.506      -1562.933      -3277.435    0.000   0.000   0.000   0.
  2017 352 10 23 32 502 352.433015078      -1.58     -0.22     -5.33  0.        -929.149      -1564.990      -3276.534    0.000   0.000   0.000   0.
  2017 352 10 23 33 502 352.433026652      -1.62     -0.40     -5.30  0.        -925.791      -1567.044      -3275.631    0.000   0.000   0.000   0.
  2017 352 10 23 34 502 352.433038226      -1.64     -0.54     -5.33  0.        -922.433      -1569.098      -3274.725    0.000   0.000   0.000   0.
  2017 352 10 23 35 502 352.433049800      -1.63     -0.62     -5.34  0.        -919.073      -1571.150      -3273.816    0.000   0.000   0.000   0.
  2017 352 10 23 36 502 352.433061374      -1.61     -0.66     -5.32  0.        -915.713      -1573.201      -3272.904    0.000   0.000   0.000   0.
  2017 352 10 23 37 502 352.433072948      -1.62     -0.75     -5.27  0.        -912.353      -1575.251      -3271.990    0.000   0.000   0.000   0.
  2017 352 10 23 38 502 352.433084520      -1.58     -0.82     -5.20  0.        -908.991      -1577.299      -3271.073    0.000   0.000   0.000   0.
  2017 352 10 23 39 502 352.433096094      -1.53     -0.88     -5.23  0.        -905.629      -1579.346      -3270.154    0.000   0.000   0.000   0.
  2017 352 10 23 40 502 352.433107668      -1.52     -0.91     -5.23  0.        -902.266      -1581.392      -3269.232    0.000   0.000   0.000   0.
  2017 352 10 23 41 502 352.433119242      -1.53     -0.99     -5.22  0.        -898.902      -1583.437      -3268.307    0.000   0.000   0.000   0.
  2017 352 10 23 42 502 352.433130816      -1.46     -0.99     -5.22  0.        -895.538      -1585.480      -3267.379    0.000   0.000   0.000   0.
  2017 352 10 23 43 502 352.433142390      -1.43     -0.95     -5.21  0.        -892.172      -1587.522      -3266.449    0.000   0.000   0.000   0.
  2017 352 10 23 44 502 352.433153964      -1.43     -0.93     -5.18  0.        -888.807      -1589.563      -3265.517    0.000   0.000   0.000   0.
  2017 352 10 23 45 502 352.433165538      -1.43     -0.82     -5.10  0.        -885.440      -1591.602      -3264.581    0.000   0.000   0.000   0.
  2017 352 10 23 46 502 352.433177112      -1.48     -0.68     -5.09  0.        -882.073      -1593.640      -3263.643    0.000   0.000   0.000   0.
  2017 352 10 23 47 502 352.433188686      -1.60     -0.58     -4.97  0.        -878.704      -1595.677      -3262.702    0.000   0.000   0.000   0.
  2017 352 10 23 48 502 352.433200260      -1.72     -0.49     -4.82  0.        -875.336      -1597.713      -3261.759    0.000   0.000   0.000   0.
  2017 352 10 23 49 502 352.433211835      -1.83     -0.41     -4.72  0.        -871.966      -1599.747      -3260.813    0.000   0.000   0.000   0.
  2017 352 10 23 50 502 352.433223409      -1.94     -0.38     -4.57  0.        -868.596      -1601.780      -3259.864    0.000   0.000   0.000   0.
  2017 352 10 23 51 502 352.433234983      -2.00     -0.29     -4.48  0.        -865.225      -1603.812      -3258.912    0.000   0.000   0.000   0.
  2017 352 10 23 52 502 352.433246557      -2.04     -0.27     -4.38  0.        -861.853      -1605.842      -3257.958    0.000   0.000   0.000   0.
  2017 352 10 23 53 502 352.433258131      -2.10     -0.26     -4.28  0.        -858.481      -1607.871      -3257.001    0.000   0.000   0.000   0.
  2017 352 10 23 54 502 352.433269705      -2.21     -0.25     -3.99  0.        -855.108      -1609.899      -3256.042    0.000   0.000   0.000   0.
  2017 352 10 23 55 502 352.433281279      -2.58     -0.31     -3.45  0.        -851.734      -1611.925      -3255.079    0.000   0.000   0.000   0.
  2017 352 10 23 56 502 352.433292853      -2.99     -0.39     -2.98  0.        -848.359      -1613.950      -3254.115    0.000   0.000   0.000   0.
  2017 352 10 23 57 502 352.433304427      -3.09     -0.37     -2.82  0.        -844.984      -1615.974      -3253.147    0.000   0.000   0.000   0.
  2017 352 10 23 58 502 352.433316001      -3.17     -0.37     -2.63  0.        -841.608      -1617.996      -3252.177    0.000   0.000   0.000   0.
  2017 352 10 23 59 502 352.433327575      -3.20     -0.30     -2.48  0.        -838.232      -1620.017      -3251.204    0.000   0.000   0.000   0.
  2017 352 10 24  0 502 352.433339149      -3.24     -0.24     -2.44  0.        -834.854      -1622.037      -3250.228    0.000   0.000   0.000   0.
  2017 352 10 24  1 502 352.433350723      -3.28     -0.14     -2.42  0.        -831.476      -1624.056      -3249.250    0.000   0.000   0.000   0.
  2017 352 10 24  2 502 352.433362297      -3.28     -0.11     -2.40  0.        -828.098      -1626.073      -3248.269    0.000   0.000   0.000   0.
  2017 352 10 24  3 502 352.433373872      -3.31     -0.09     -2.42  0.        -824.718      -1628.088      -3247.285    0.000   0.000   0.000   0.
  2017 352 10 24  4 502 352.433385446      -3.36     -0.03     -2.46  0.        -821.338      -1630.103      -3246.299    0.000   0.000   0.000   0.
  2017 352 10 24  5 502 352.433397020      -3.42      0.04     -2.50  0.        -817.958      -1632.116      -3245.310    0.000   0.000   0.000   0.
  2017 352 10 24  6 502 352.433408594      -3.44      0.08     -2.51  0.        -814.576      -1634.128      -3244.318    0.000   0.000   0.000   0.
  2017 352 10 24  7 502 352.433420168      -3.44      0.25     -2.36  0.        -811.194      -1636.138      -3243.323    0.000   0.000   0.000   0.
  2017 352 10 24  8 502 352.433431739      -3.45      0.32     -2.21  0.        -807.811      -1638.147      -3242.326    0.000   0.000   0.000   0.
  2017 352 10 24  9 502 352.433443313      -3.55      0.38     -2.13  0.        -804.428      -1640.155      -3241.327    0.000   0.000   0.000   0.
  2017 352 10 24 10 502 352.433454887      -3.67      0.42     -2.07  0.        -801.044      -1642.161      -3240.324    0.000   0.000   0.000   0.
  2017 352 10 24 11 502 352.433466461      -3.73      0.52     -2.04  0.        -797.659      -1644.166      -3239.319    0.000   0.000   0.000   0.
  2017 352 10 24 12 502 352.433478035      -3.84      0.59     -1.95  0.        -794.274      -1646.170      -3238.311    0.000   0.000   0.000   0.
  2017 352 10 24 13 502 352.433489609      -3.92      0.62     -1.81  0.        -790.887      -1648.172      -3237.300    0.000   0.000   0.000   0.
  2017 352 10 24 14 502 352.433501183      -4.07      0.69     -1.78  0.        -787.501      -1650.173      -3236.287    0.000   0.000   0.000   0.
  2017 352 10 24 15 502 352.433512758      -4.17      0.72     -1.62  0.        -784.113      -1652.172      -3235.271    0.000   0.000   0.000   0.
  2017 352 10 24 16 502 352.433524332      -4.27      0.74     -1.50  0.        -780.725      -1654.170      -3234.253    0.000   0.000   0.000   0.
  2017 352 10 24 17 502 352.433535906      -4.28      0.78     -1.35  0.        -777.337      -1656.167      -3233.231    0.000   0.000   0.000   0.
  2017 352 10 24 18 502 352.433547480      -4.28      0.85     -1.25  0.        -773.947      -1658.163      -3232.207    0.000   0.000   0.000   0.
  2017 352 10 24 19 502 352.433559054      -4.26      0.91     -1.16  0.        -770.557      -1660.157      -3231.180    0.000   0.000   0.000   0.
  2017 352 10 24 20 502 352.433570628      -4.35      0.99     -1.04  0.        -767.166      -1662.149      -3230.151    0.000   0.000   0.000   0.
  2017 352 10 24 21 502 352.433582202      -4.40      1.08     -0.96  0.        -763.775      -1664.140      -3229.119    0.000   0.000   0.000   0.
  2017 352 10 24 22 502 352.433593776      -4.43      1.15     -0.82  0.        -760.383      -1666.130      -3228.084    0.000   0.000   0.000   0.
  2017 352 10 24 23 502 352.433605350      -4.47      1.18     -0.74  0.        -756.991      -1668.119      -3227.046    0.000   0.000   0.000   0.
  2017 352 10 24 24 502 352.433616924      -4.44      1.20     -0.53  0.        -753.597      -1670.106      -3226.006    0.000   0.000   0.000   0.
  2017 352 10 24 25 502 352.433628498      -4.35      1.26     -0.42  0.        -750.203      -1672.092      -3224.963    0.000   0.000   0.000   0.
  2017 352 10 24 26 502 352.433640072      -4.22      1.36     -0.24  0.        -746.809      -1674.076      -3223.918    0.000   0.000   0.000   0.
  2017 352 10 24 27 502 352.433651646      -4.14      1.45     -0.09  0.        -743.414      -1676.059      -3222.869    0.000   0.000   0.000   0.
  2017 352 10 24 28 502 352.433663220      -4.15      1.51     -0.01  0.        -740.018      -1678.041      -3221.818    0.000   0.000   0.000   0.
  2017 352 10 24 29 502 352.433674795      -4.12      1.57      0.11  0.        -736.622      -1680.021      -3220.764    0.000   0.000   0.000   0.
  2017 352 10 24 30 502 352.433686369      -4.15      1.64      0.17  0.        -733.225      -1681.999      -3219.708    0.000   0.000   0.000   0.
  2017 352 10 24 31 502 352.433697943      -4.28      1.69      0.27  0.        -729.827      -1683.977      -3218.649    0.000   0.000   0.000   0.
  2017 352 10 24 32 502 352.433709517      -4.44      1.74      0.30  0.        -726.429      -1685.953      -3217.587    0.000   0.000   0.000   0.
  2017 352 10 24 33 502 352.433721091      -4.74      1.77      0.24  0.        -723.030      -1687.927      -3216.522    0.000   0.000   0.000   0.
  2017 352 10 24 34 502 352.433732665      -4.97      1.77      0.27  0.        -719.631      -1689.900      -3215.455    0.000   0.000   0.000   0.
  2017 352 10 24 35 502 352.433744239      -5.07      1.82      0.40  0.        -716.231      -1691.872      -3214.385    0.000   0.000   0.000   0.
  2017 352 10 24 36 502 352.433755813      -5.17      1.89      0.52  0.        -712.830      -1693.842      -3213.312    0.000   0.000   0.000   0.
  2017 352 10 24 37 502 352.433767387      -5.30      1.97      0.56  0.        -709.429      -1695.811      -3212.237    0.000   0.000   0.000   0.
  2017 352 10 24 38 501 352.433778958      -5.37      2.08      0.54  0.        -706.027      -1697.778      -3211.159    0.000   0.000   0.000   0.
  2017 352 10 24 39 502 352.433790532      -5.47      2.15      0.55  0.        -702.624      -1699.744      -3210.078    0.000   0.000   0.000   0.
  2017 352 10 24 40 502 352.433802106      -5.54      2.18      0.56  0.        -699.221      -1701.709      -3208.994    0.000   0.000   0.000   0.
  2017 352 10 24 41 501 352.433813681      -5.69      2.20      0.62  0.        -695.818      -1703.672      -3207.908    0.000   0.000   0.000   0.
  2017 352 10 24 42 501 352.433825255      -5.74      2.20      0.61  0.        -692.413      -1705.634      -3206.819    0.000   0.000   0.000   0.
  2017 352 10 24 43 502 352.433836829      -5.90      2.17      0.44  0.        -689.009      -1707.594      -3205.727    0.000   0.000   0.000   0.
  2017 352 10 24 44 502 352.433848403      -6.22      2.13      0.35  0.        -685.603      -1709.553      -3204.633    0.000   0.000   0.000   0.
  2017 352 10 24 45 502 352.433859977      -6.59      2.15      0.28  0.        -682.197      -1711.510      -3203.536    0.000   0.000   0.000   0.
  2017 352 10 24 46 502 352.433871551      -6.88      2.20      0.19  0.        -678.791      -1713.466      -3202.436    0.000   0.000   0.000   0.
  2017 352 10 24 47 501 352.433883125      -7.14      2.29      0.22  0.        -675.383      -1715.421      -3201.333    0.000   0.000   0.000   0.
  2017 352 10 24 48 501 352.433894699      -7.48      2.46      0.36  0.        -671.976      -1717.374      -3200.228    0.000   0.000   0.000   0.
  2017 352 10 24 49 501 352.433906273      -7.59      2.51      0.44  0.        -668.567      -1719.325      -3199.120    0.000   0.000   0.000   0.
  2017 352 10 24 50 501 352.433917847      -7.84      2.66      0.39  0.        -665.158      -1721.276      -3198.009    0.000   0.000   0.000   0.
  2017 352 10 24 51 501 352.433929421      -8.18      2.59      0.37  0.        -661.749      -1723.224      -3196.896    0.000   0.000   0.000   0.
  2017 352 10 24 52 502 352.433940995      -8.51      2.47      0.24  0.        -658.339      -1725.172      -3195.780    0.000   0.000   0.000   0.
  2017 352 10 24 53 502 352.433952569      -8.69      2.38      0.17  0.        -654.928      -1727.117      -3194.661    0.000   0.000   0.000   0.
  2017 352 10 24 54 501 352.433964144      -8.86      2.39      0.21  0.        -651.517      -1729.062      -3193.539    0.000   0.000   0.000   0.
  2017 352 10 24 55 501 352.433975718      -9.01      2.37      0.18  0.        -648.106      -1731.004      -3192.415    0.000   0.000   0.000   0.
  2017 352 10 24 56 502 352.433987292      -9.13      2.34      0.19  0.        -644.693      -1732.946      -3191.288    0.000   0.000   0.000   0.
  2017 352 10 24 57 502 352.433998866      -9.22      2.35      0.17  0.        -641.281      -1734.886      -3190.158    0.000   0.000   0.000   0.
  2017 352 10 24 58 502 352.434010440      -9.33      2.35      0.16  0.        -637.867      -1736.824      -3189.026    0.000   0.000   0.000   0.
  2017 352 10 24 59 502 352.434022014      -9.43      2.32      0.11  0.        -634.453      -1738.761      -3187.891    0.000   0.000   0.000   0.
  2017 352 10 25  0 502 352.434033588      -9.54      2.33      0.03  0.        -631.039      -1740.697      -3186.753    0.000   0.000   0.000   0.
  2017 352 10 25  1 501 352.434045162      -9.65      2.32     -0.03  0.        -627.624      -1742.631      -3185.612    0.000   0.000   0.000   0.
  2017 352 10 25  2 501 352.434056736      -9.76      2.34     -0.04  0.        -624.208      -1744.563      -3184.469    0.000   0.000   0.000   0.
  2017 352 10 25  3 501 352.434068310      -9.84      2.37     -0.08  0.        -620.792      -1746.494      -3183.323    0.000   0.000   0.000   0.
  2017 352 10 25  4 501 352.434079884      -9.94      2.36     -0.12  0.        -617.376      -1748.424      -3182.174    0.000   0.000   0.000   0.
  2017 352 10 25  5 501 352.434091458     -10.01      2.36     -0.21  0.        -613.959      -1750.352      -3181.022    0.000   0.000   0.000   0.
  2017 352 10 25  6 502 352.434103032     -10.10      2.38     -0.20  0.        -610.541      -1752.279      -3179.868    0.000   0.000   0.000   0.
  2017 352 10 25  7 502 352.434114606     -10.23      2.37     -0.26  0.        -607.123      -1754.204      -3178.711    0.000   0.000   0.000   0.
  2017 352 10 25  8 501 352.434126178     -10.32      2.37     -0.26  0.        -603.704      -1756.127      -3177.551    0.000   0.000   0.000   0.
  2017 352 10 25  9 501 352.434137752     -10.43      2.33     -0.42  0.        -600.285      -1758.049      -3176.389    0.000   0.000   0.000   0.
  2017 352 10 25 10 501 352.434149326     -10.52      2.33     -0.40  0.        -596.865      -1759.970      -3175.224    0.000   0.000   0.000   0.
  2017 352 10 25 11 501 352.434160900     -10.63      2.32     -0.43  0.        -593.445      -1761.889      -3174.056    0.000   0.000   0.000   0.
  2017 352 10 25 12 501 352.434172474     -10.74      2.31     -0.50  0.        -590.024      -1763.807      -3172.885    0.000   0.000   0.000   0.
  2017 352 10 25 13 501 352.434184048     -10.83      2.31     -0.51  0.        -586.603      -1765.723      -3171.712    0.000   0.000   0.000   0.
  2017 352 10 25 14 501 352.434195622     -10.95      2.26     -0.52  0.        -583.181      -1767.637      -3170.536    0.000   0.000   0.000   0.
  2017 352 10 25 15 501 352.434207196     -11.03      2.25     -0.57  0.        -579.759      -1769.550      -3169.357    0.000   0.000   0.000   0.
  2017 352 10 25 16 501 352.434218770     -11.13      2.21     -0.59  0.        -576.336      -1771.462      -3168.175    0.000   0.000   0.000   0.
  2017 352 10 25 17 501 352.434230344     -11.25      2.16     -0.63  0.        -572.913      -1773.372      -3166.991    0.000   0.000   0.000   0.
  2017 352 10 25 18 501 352.434241918     -11.34      2.11     -0.62  0.        -569.489      -1775.280      -3165.804    0.000   0.000   0.000   0.
  2017 352 10 25 19 501 352.434253492     -11.45      2.04     -0.70  0.        -566.065      -1777.187      -3164.615    0.000   0.000   0.000   0.
  2017 352 10 25 20 501 352.434265067     -11.56      1.99     -0.77  0.        -562.640      -1779.093      -3163.422    0.000   0.000   0.000   0.
  2017 352 10 25 21 501 352.434276641     -11.67      1.94     -0.78  0.        -559.214      -1780.997      -3162.227    0.000   0.000   0.000   0.
  2017 352 10 25 22 501 352.434288215     -11.76      1.88     -0.84  0.        -555.789      -1782.899      -3161.029    0.000   0.000   0.000   0.
  2017 352 10 25 23 501 352.434299789     -11.86      1.82     -0.87  0.        -552.362      -1784.800      -3159.828    0.000   0.000   0.000   0.
  2017 352 10 25 24 501 352.434311363     -11.95      1.74     -0.88  0.        -548.936      -1786.699      -3158.625    0.000   0.000   0.000   0.
  2017 352 10 25 25 501 352.434322937     -12.05      1.68     -0.97  0.        -545.509      -1788.597      -3157.419    0.000   0.000   0.000   0.
  2017 352 10 25 26 501 352.434334511     -12.13      1.61     -1.00  0.        -542.081      -1790.493      -3156.210    0.000   0.000   0.000   0.
  2017 352 10 25 27 501 352.434346085     -12.25      1.50     -1.05  0.        -538.653      -1792.388      -3154.998    0.000   0.000   0.000   0.
  2017 352 10 25 28 501 352.434357659     -12.36      1.40     -1.10  0.        -535.224      -1794.281      -3153.784    0.000   0.000   0.000   0.
  2017 352 10 25 29 501 352.434369233     -12.47      1.32     -1.18  0.        -531.795      -1796.173      -3152.567    0.000   0.000   0.000   0.
  2017 352 10 25 30 501 352.434380807     -12.59      1.22     -1.26  0.        -528.365      -1798.063      -3151.347    0.000   0.000   0.000   0.
  2017 352 10 25 31 501 352.434392381     -12.71      1.10     -1.26  0.        -524.935      -1799.951      -3150.125    0.000   0.000   0.000   0.
  2017 352 10 25 32 501 352.434403955     -12.85      1.00     -1.30  0.        -521.505      -1801.838      -3148.899    0.000   0.000   0.000   0.
  2017 352 10 25 33 501 352.434415529     -12.95      0.89     -1.32  0.        -518.074      -1803.724      -3147.672    0.000   0.000   0.000   0.
  2017 352 10 25 34 501 352.434427104     -13.10      0.76     -1.37  0.        -514.643      -1805.608      -3146.441    0.000   0.000   0.000   0.
  2017 352 10 25 35 501 352.434438678     -13.22      0.68     -1.40  0.        -511.211      -1807.490      -3145.207    0.000   0.000   0.000   0.
  2017 352 10 25 36 501 352.434450252     -13.33      0.58     -1.44  0.        -507.779      -1809.371      -3143.971    0.000   0.000   0.000   0.
  2017 352 10 25 37 501 352.434461826     -13.50      0.46     -1.46  0.        -504.346      -1811.250      -3142.732    0.000   0.000   0.000   0.
  2017 352 10 25 38 501 352.434473397     -13.64      0.38     -1.49  0.        -500.913      -1813.127      -3141.490    0.000   0.000   0.000   0.
  2017 352 10 25 39 501 352.434484971     -13.80      0.32     -1.52  0.        -497.479      -1815.003      -3140.246    0.000   0.000   0.000   0.
  2017 352 10 25 40 501 352.434496545     -13.92      0.21     -1.54  0.        -494.045      -1816.878      -3138.999    0.000   0.000   0.000   0.
  2017 352 10 25 41 501 352.434508119     -14.07      0.12     -1.56  0.        -490.611      -1818.751      -3137.749    0.000   0.000   0.000   0.
  2017 352 10 25 42 501 352.434519693     -14.23      0.04     -1.61  0.        -487.176      -1820.622      -3136.496    0.000   0.000   0.000   0.
  2017 352 10 25 43 501 352.434531267     -14.41     -0.06     -1.70  0.        -483.740      -1822.492      -3135.241    0.000   0.000   0.000   0.
  2017 352 10 25 44 501 352.434542841     -14.57     -0.12     -1.74  0.        -480.305      -1824.360      -3133.983    0.000   0.000   0.000   0.
  2017 352 10 25 45 501 352.434554416     -14.72     -0.20     -1.80  0.        -476.868      -1826.226      -3132.722    0.000   0.000   0.000   0.
  2017 352 10 25 46 501 352.434565990     -14.85     -0.31     -1.88  0.        -473.432      -1828.091      -3131.458    0.000   0.000   0.000   0.
  2017 352 10 25 47 501 352.434577564     -14.99     -0.40     -1.98  0.        -469.995      -1829.954      -3130.192    0.000   0.000   0.000   0.
  2017 352 10 25 48 501 352.434589138     -15.04     -0.49     -2.11  0.        -466.557      -1831.816      -3128.923    0.000   0.000   0.000   0.
  2017 352 10 25 49 501 352.434600712     -15.07     -0.53     -2.19  0.        -463.120      -1833.676      -3127.651    0.000   0.000   0.000   0.
  2017 352 10 25 50 501 352.434612286     -15.15     -0.61     -2.30  0.        -459.681      -1835.535      -3126.377    0.000   0.000   0.000   0.
  2017 352 10 25 51 501 352.434623860     -15.24     -0.74     -2.47  0.        -456.243      -1837.392      -3125.099    0.000   0.000   0.000   0.
  2017 352 10 25 52 501 352.434635434     -15.33     -0.82     -2.62  0.        -452.804      -1839.247      -3123.819    0.000   0.000   0.000   0.
  2017 352 10 25 53 501 352.434647008     -15.43     -0.95     -2.85  0.        -449.364      -1841.101      -3122.536    0.000   0.000   0.000   0.
  2017 352 10 25 54 501 352.434658582     -15.55     -1.10     -3.00  0.        -445.925      -1842.953      -3121.251    0.000   0.000   0.000   0.
  2017 352 10 25 55 501 352.434670156     -15.70     -1.25     -3.15  0.        -442.484      -1844.804      -3119.963    0.000   0.000   0.000   0.
  2017 352 10 25 56 501 352.434681730     -15.83     -1.42     -3.22  0.        -439.043      -1846.652      -3118.672    0.000   0.000   0.000   0.
  2017 352 10 25 57 501 352.434693304     -15.98     -1.60     -3.35  0.        -435.602      -1848.500      -3117.378    0.000   0.000   0.000   0.
  2017 352 10 25 58 501 352.434704879     -16.13     -1.80     -3.48  0.        -432.161      -1850.345      -3116.081    0.000   0.000   0.000   0.
  2017 352 10 25 59 501 352.434716453     -16.29     -2.01     -3.53  0.        -428.719      -1852.190      -3114.782    0.000   0.000   0.000   0.
  2017 352 10 26  0 501 352.434728027     -16.46     -2.20     -3.62  0.        -425.277      -1854.032      -3113.480    0.000   0.000   0.000   0.
  2017 352 10 26  1 501 352.434739601     -16.63     -2.43     -3.72  0.        -421.834      -1855.873      -3112.175    0.000   0.000   0.000   0.
  2017 352 10 26  2 501 352.434751175     -16.77     -2.62     -3.86  0.        -418.391      -1857.712      -3110.868    0.000   0.000   0.000   0.
  2017 352 10 26  3 501 352.434762749     -16.92     -2.83     -4.03  0.        -414.948      -1859.549      -3109.557    0.000   0.000   0.000   0.
  2017 352 10 26  4 501 352.434774323     -17.07     -3.05     -4.15  0.        -411.504      -1861.385      -3108.245    0.000   0.000   0.000   0.
  2017 352 10 26  5 501 352.434785897     -17.21     -3.28     -4.29  0.        -408.060      -1863.220      -3106.929    0.000   0.000   0.000   0.
  2017 352 10 26  6 501 352.434797471     -17.35     -3.49     -4.44  0.        -404.616      -1865.052      -3105.610    0.000   0.000   0.000   0.
  2017 352 10 26  7 501 352.434809045     -17.50     -3.73     -4.63  0.        -401.171      -1866.883      -3104.289    0.000   0.000   0.000   0.
  2017 352 10 26  8 501 352.434820616     -17.62     -3.93     -4.80  0.        -397.726      -1868.713      -3102.965    0.000   0.000   0.000   0.
  2017 352 10 26  9 501 352.434832190     -17.75     -4.16     -4.91  0.        -394.281      -1870.540      -3101.639    0.000   0.000   0.000   0.
  2017 352 10 26 10 501 352.434843764     -17.88     -4.37     -5.12  0.        -390.835      -1872.366      -3100.309    0.000   0.000   0.000   0.
  2017 352 10 26 11 501 352.434855339     -18.03     -4.61     -5.29  0.        -387.388      -1874.191      -3098.977    0.000   0.000   0.000   0.
  2017 352 10 26 12 501 352.434866913     -18.15     -4.83     -5.43  0.        -383.942      -1876.014      -3097.642    0.000   0.000   0.000   0.
  2017 352 10 26 13 501 352.434878487     -18.31     -5.07     -5.50  0.        -380.495      -1877.835      -3096.304    0.000   0.000   0.000   0.
  2017 352 10 26 14 501 352.434890061     -18.46     -5.33     -5.62  0.        -377.048      -1879.654      -3094.964    0.000   0.000   0.000   0.
  2017 352 10 26 15 501 352.434901635     -18.64     -5.63     -5.69  0.        -373.600      -1881.472      -3093.621    0.000   0.000   0.000   0.
  2017 352 10 26 16 501 352.434913209     -18.80     -5.93     -5.75  0.        -370.152      -1883.288      -3092.275    0.000   0.000   0.000   0.
  2017 352 10 26 17 501 352.434924783     -18.97     -6.20     -5.79  0.        -366.704      -1885.103      -3090.926    0.000   0.000   0.000   0.
  2017 352 10 26 18 501 352.434936357     -19.17     -6.53     -5.86  0.        -363.256      -1886.915      -3089.575    0.000   0.000   0.000   0.
  2017 352 10 26 19 501 352.434947931     -19.32     -6.86     -5.98  0.        -359.807      -1888.727      -3088.221    0.000   0.000   0.000   0.
  2017 352 10 26 20 501 352.434959505     -19.50     -7.18     -6.04  0.        -356.358      -1890.536      -3086.864    0.000   0.000   0.000   0.
  2017 352 10 26 21 501 352.434971079     -19.66     -7.53     -6.06  0.        -352.908      -1892.344      -3085.504    0.000   0.000   0.000   0.
  2017 352 10 26 22 501 352.434982653     -19.82     -7.90     -6.10  0.        -349.458      -1894.150      -3084.142    0.000   0.000   0.000   0.
  2017 352 10 26 23 501 352.434994227     -19.97     -8.22     -6.13  0.        -346.008      -1895.954      -3082.777    0.000   0.000   0.000   0.
  2017 352 10 26 24 501 352.435005802     -20.12     -8.62     -6.21  0.        -342.557      -1897.757      -3081.409    0.000   0.000   0.000   0.
  2017 352 10 26 25 501 352.435017376     -20.24     -8.99     -6.30  0.        -339.107      -1899.558      -3080.038    0.000   0.000   0.000   0.
  2017 352 10 26 26 501 352.435028950     -20.36     -9.37     -6.33  0.        -335.656      -1901.358      -3078.665    0.000   0.000   0.000   0.
  2017 352 10 26 27 501 352.435040524     -20.45     -9.77     -6.31  0.        -332.204      -1903.155      -3077.289    0.000   0.000   0.000   0.
  2017 352 10 26 28 501 352.435052098     -20.54    -10.19     -6.22  0.        -328.753      -1904.951      -3075.910    0.000   0.000   0.000   0.
  2017 352 10 26 29 501 352.435063672     -20.64    -10.68     -6.23  0.        -325.301      -1906.746      -3074.528    0.000   0.000   0.000   0.
  2017 352 10 26 30 501 352.435075246     -20.71    -11.14     -6.26  0.        -321.848      -1908.538      -3073.144    0.000   0.000   0.000   0.
  2017 352 10 26 31 501 352.435086820     -20.78    -11.67     -6.25  0.        -318.396      -1910.329      -3071.757    0.000   0.000   0.000   0.
  2017 352 10 26 32 501 352.435098394     -20.85    -12.14     -6.23  0.        -314.943      -1912.119      -3070.367    0.000   0.000   0.000   0.
  2017 352 10 26 33 501 352.435109968     -20.94    -12.64     -6.30  0.        -311.490      -1913.906      -3068.974    0.000   0.000   0.000   0.
  2017 352 10 26 34 501 352.435121542     -21.01    -13.08     -6.27  0.        -308.036      -1915.692      -3067.579    0.000   0.000   0.000   0.
  2017 352 10 26 35 501 352.435133116     -21.10    -13.53     -6.42  0.        -304.583      -1917.476      -3066.181    0.000   0.000   0.000   0.
  2017 352 10 26 36 501 352.435144690     -21.14    -13.95     -6.44  0.        -301.129      -1919.258      -3064.780    0.000   0.000   0.000   0.
  2017 352 10 26 37 501 352.435156264     -21.17    -14.40     -6.48  0.        -297.674      -1921.039      -3063.376    0.000   0.000   0.000   0.
  2017 352 10 26 38 501 352.435167836     -21.19    -14.87     -6.45  0.        -294.220      -1922.818      -3061.970    0.000   0.000   0.000   0.
  2017 352 10 26 39 501 352.435179410     -21.19    -15.36     -6.47  0.        -290.765      -1924.595      -3060.561    0.000   0.000   0.000   0.
  2017 352 10 26 40 501 352.435190984     -21.18    -15.86     -6.42  0.        -287.310      -1926.371      -3059.149    0.000   0.000   0.000   0.
  2017 352 10 26 41 501 352.435202558     -21.17    -16.42     -6.50  0.        -283.855      -1928.145      -3057.735    0.000   0.000   0.000   0.
  2017 352 10 26 42 501 352.435214132     -21.12    -16.97     -6.50  0.        -280.399      -1929.917      -3056.317    0.000   0.000   0.000   0.
  2017 352 10 26 43 500 352.435225706     -21.10    -17.50     -6.55  0.        -276.943      -1931.687      -3054.897    0.000   0.000   0.000   0.
  2017 352 10 26 44 500 352.435237280     -21.08    -18.01     -6.56  0.        -273.487      -1933.456      -3053.474    0.000   0.000   0.000   0.
  2017 352 10 26 45 500 352.435248854     -21.06    -18.51     -6.68  0.        -270.031      -1935.223      -3052.049    0.000   0.000   0.000   0.
  2017 352 10 26 46 500 352.435260428     -21.03    -18.92     -6.78  0.        -266.574      -1936.988      -3050.621    0.000   0.000   0.000   0.
  2017 352 10 26 47 500 352.435272002     -21.00    -19.39     -6.88  0.        -263.117      -1938.752      -3049.189    0.000   0.000   0.000   0.
  2017 352 10 26 48 501 352.435283576     -20.98    -19.85     -7.06  0.        -259.660      -1940.513      -3047.756    0.000   0.000   0.000   0.
  2017 352 10 26 49 501 352.435295150     -20.96    -20.29     -7.24  0.        -256.203      -1942.273      -3046.319    0.000   0.000   0.000   0.
  2017 352 10 26 50 500 352.435306725     -20.90    -20.73     -7.41  0.        -252.745      -1944.032      -3044.880    0.000   0.000   0.000   0.
  2017 352 10 26 51 500 352.435318299     -20.84    -21.15     -7.56  0.        -249.288      -1945.788      -3043.438    0.000   0.000   0.000   0.
  2017 352 10 26 52 501 352.435329873     -20.78    -21.56     -7.70  0.        -245.830      -1947.543      -3041.993    0.000   0.000   0.000   0.
  2017 352 10 26 53 501 352.435341447     -20.74    -21.98     -7.83  0.        -242.371      -1949.296      -3040.546    0.000   0.000   0.000   0.
  2017 352 10 26 54 501 352.435353021     -20.68    -22.41     -7.94  0.        -238.913      -1951.047      -3039.095    0.000   0.000   0.000   0.
  2017 352 10 26 55 501 352.435364595     -20.65    -22.83     -8.03  0.        -235.454      -1952.797      -3037.642    0.000   0.000   0.000   0.
  2017 352 10 26 56 501 352.435376169     -20.58    -23.27     -8.10  0.        -231.995      -1954.544      -3036.187    0.000   0.000   0.000   0.
  2017 352 10 26 57 500 352.435387743     -20.49    -23.74     -8.13  0.        -228.536      -1956.290      -3034.728    0.000   0.000   0.000   0.
  2017 352 10 26 58 500 352.435399317     -20.37    -24.22     -8.11  0.        -225.077      -1958.035      -3033.267    0.000   0.000   0.000   0.
  2017 352 10 26 59 500 352.435410891     -20.22    -24.82     -8.00  0.        -221.617      -1959.777      -3031.803    0.000   0.000   0.000   0.
  2017 352 10 27  0 500 352.435422465     -20.02    -25.47     -7.78  0.        -218.158      -1961.518      -3030.336    0.000   0.000   0.000   0.
  2017 352 10 27  1 501 352.435434039     -19.81    -26.09     -7.49  0.        -214.698      -1963.257      -3028.867    0.000   0.000   0.000   0.
  2017 352 10 27  2 501 352.435445613     -19.58    -26.72     -7.28  0.        -211.238      -1964.994      -3027.394    0.000   0.000   0.000   0.
  2017 352 10 27  3 500 352.435457187     -19.35    -27.30     -7.16  0.        -207.777      -1966.729      -3025.919    0.000   0.000   0.000   0.
  2017 352 10 27  4 500 352.435468762     -19.07    -27.81     -7.12  0.        -204.317      -1968.463      -3024.442    0.000   0.000   0.000   0.
  2017 352 10 27  5 501 352.435480336     -18.80    -28.31     -7.20  0.        -200.856      -1970.195      -3022.961    0.000   0.000   0.000   0.
  2017 352 10 27  6 501 352.435491910     -18.66    -28.73     -7.53  0.        -197.395      -1971.925      -3021.478    0.000   0.000   0.000   0.
  2017 352 10 27  7 501 352.435503484     -18.42    -29.02     -8.03  0.        -193.934      -1973.653      -3019.992    0.000   0.000   0.000   0.
  2017 352 10 27  8 500 352.435515055     -18.11    -29.27     -8.48  0.        -190.473      -1975.380      -3018.503    0.000   0.000   0.000   0.
  2017 352 10 27  9 500 352.435526629     -17.79    -29.59     -9.04  0.        -187.011      -1977.104      -3017.012    0.000   0.000   0.000   0.
  2017 352 10 27 10 500 352.435538203     -17.53    -29.80     -9.78  0.        -183.550      -1978.827      -3015.518    0.000   0.000   0.000   0.
  2017 352 10 27 11 500 352.435549777     -17.25    -29.88    -10.67  0.        -180.088      -1980.548      -3014.021    0.000   0.000   0.000   0.
  2017 352 10 27 12 500 352.435561351     -16.88    -30.03    -11.36  0.        -176.626      -1982.268      -3012.521    0.000   0.000   0.000   0.
  2017 352 10 27 13 500 352.435572925     -16.46    -30.33    -11.90  0.        -173.164      -1983.985      -3011.018    0.000   0.000   0.000   0.
  2017 352 10 27 14 500 352.435584499     -15.98    -30.74    -12.33  0.        -169.702      -1985.701      -3009.514    0.000   0.000   0.000   0.
  2017 352 10 27 15 500 352.435596073     -15.48    -31.15    -12.58  0.        -166.239      -1987.415      -3008.006    0.000   0.000   0.000   0.
  2017 352 10 27 16 500 352.435607648     -15.00    -31.57    -12.82  0.        -162.777      -1989.127      -3006.495    0.000   0.000   0.000   0.
  2017 352 10 27 17 500 352.435619222     -14.55    -32.04    -13.05  0.        -159.314      -1990.838      -3004.982    0.000   0.000   0.000   0.
  2017 352 10 27 18 500 352.435630796     -14.10    -32.48    -13.23  0.        -155.851      -1992.546      -3003.466    0.000   0.000   0.000   0.
  2017 352 10 27 19 500 352.435642370     -13.63    -32.92    -13.27  0.        -152.388      -1994.253      -3001.947    0.000   0.000   0.000   0.
  2017 352 10 27 20 500 352.435653944     -13.12    -33.43    -13.31  0.        -148.925      -1995.958      -3000.425    0.000   0.000   0.000   0.
  2017 352 10 27 21 500 352.435665518     -12.60    -33.89    -13.34  0.        -145.462      -1997.661      -2998.901    0.000   0.000   0.000   0.
  2017 352 10 27 22 500 352.435677092     -12.15    -34.32    -13.41  0.        -141.998      -1999.362      -2997.374    0.000   0.000   0.000   0.
  2017 352 10 27 23 500 352.435688666     -11.65    -34.72    -13.46  0.        -138.535      -2001.062      -2995.844    0.000   0.000   0.000   0.
  2017 352 10 27 24 500 352.435700240     -11.16    -35.10    -13.57  0.        -135.071      -2002.759      -2994.312    0.000   0.000   0.000   0.
  2017 352 10 27 25 500 352.435711814     -10.71    -35.43    -13.73  0.        -131.607      -2004.455      -2992.776    0.000   0.000   0.000   0.
  2017 352 10 27 26 500 352.435723388     -10.43    -35.76    -14.07  0.        -128.143      -2006.149      -2991.238    0.000   0.000   0.000   0.
  2017 352 10 27 27 500 352.435734962     -10.13    -36.10    -14.16  0.        -124.679      -2007.841      -2989.698    0.000   0.000   0.000   0.
  2017 352 10 27 28 500 352.435746536      -9.68    -36.65    -13.62  0.        -121.215      -2009.532      -2988.154    0.000   0.000   0.000   0.
  2017 352 10 27 29 500 352.435758111      -9.13    -37.34    -12.87  0.        -117.750      -2011.220      -2986.608    0.000   0.000   0.000   0.
  2017 352 10 27 30 500 352.435769685      -8.48    -38.04    -11.83  0.        -114.286      -2012.907      -2985.059    0.000   0.000   0.000   0.
  2017 352 10 27 31 500 352.435781259      -7.72    -38.80    -10.40  0.        -110.821      -2014.592      -2983.507    0.000   0.000   0.000   0.
  2017 352 10 27 32 500 352.435792833      -6.89    -39.50     -8.74  0.        -107.357      -2016.275      -2981.953    0.000   0.000   0.000   0.
  2017 352 10 27 33 500 352.435804407      -6.16    -40.19     -7.15  0.        -103.892      -2017.956      -2980.396    0.000   0.000   0.000   0.
  2017 352 10 27 34 500 352.435815981      -5.61    -40.60     -6.94  0.        -100.427      -2019.635      -2978.836    0.000   0.000   0.000   0.
  2017 352 10 27 35 500 352.435827555      -4.97    -40.74     -6.95  0.         -96.962      -2021.313      -2977.273    0.000   0.000   0.000   0.
  2017 352 10 27 36 500 352.435839129      -4.25    -40.99     -6.74  0.         -93.497      -2022.989      -2975.708    0.000   0.000   0.001   0.
  2017 352 10 27 37 500 352.435850703      -3.43    -41.18     -6.73  0.         -90.032      -2024.662      -2974.140    0.000   0.000   0.001   0.
  2017 352 10 27 38 500 352.435862274      -2.63    -41.36     -6.84  0.         -86.567      -2026.334      -2972.569    0.000   0.000   0.001   0.
  2017 352 10 27 39 500 352.435873848      -1.82    -41.52     -6.90  0.         -83.101      -2028.004      -2970.995    0.000   0.000   0.001   0.
  2017 352 10 27 40 500 352.435885422      -1.07    -41.77     -6.91  0.         -79.636      -2029.673      -2969.419    0.000   0.000   0.001   0.
  2017 352 10 27 41 500 352.435896996      -0.42    -42.00     -6.76  0.         -76.171      -2031.339      -2967.840    0.000   0.000   0.001   0.
  2017 352 10 27 42 500 352.435908571       0.16    -42.30     -6.55  0.         -72.705      -2033.004      -2966.258    0.000   0.000   0.001   0.
  2017 352 10 27 43 500 352.435920145       0.72    -42.61     -6.25  0.         -69.239      -2034.666      -2964.674    0.000   0.000   0.001   0.
  2017 352 10 27 44 500 352.435931719       1.30    -42.90     -5.98  0.         -65.774      -2036.327      -2963.086    0.000   0.000   0.001   0.
  2017 352 10 27 45 500 352.435943293       1.91    -43.19     -5.81  0.         -62.308      -2037.986      -2961.496    0.000   0.000   0.001   0.
  2017 352 10 27 46 500 352.435954867       2.52    -43.48     -5.67  0.         -58.842      -2039.643      -2959.904    0.000  -0.001   0.002   0.
  2017 352 10 27 47 500 352.435966441       3.19    -43.77     -5.56  0.         -55.376      -2041.298      -2958.308    0.000  -0.001   0.002   0.
  2017 352 10 27 48 500 352.435978015       3.86    -44.06     -5.34  0.         -51.910      -2042.951      -2956.710    0.000  -0.001   0.002   0.
  2017 352 10 27 49 500 352.435989589       4.56    -44.33     -5.09  0.         -48.444      -2044.603      -2955.109    0.000  -0.001   0.002   0.
  2017 352 10 27 50 500 352.436001163       5.34    -44.65     -4.76  0.         -44.979      -2046.252      -2953.506    0.000  -0.001   0.002   0.
  2017 352 10 27 51 500 352.436012737       6.14    -44.92     -4.40  0.         -41.512      -2047.900      -2951.899    0.000  -0.001   0.002   0.
  2017 352 10 27 52 500 352.436024311       6.97    -45.20     -3.95  0.         -38.046      -2049.546      -2950.290    0.000  -0.001   0.002   0.
  2017 352 10 27 53 500 352.436035885       7.86    -45.48     -3.64  0.         -34.580      -2051.190      -2948.678    0.000  -0.001   0.002   0.
  2017 352 10 27 54 500 352.436047460       8.75    -45.71     -3.51  0.         -31.114      -2052.832      -2947.064    0.000  -0.001   0.002   0.
  2017 352 10 27 55 500 352.436059034       9.68    -45.88     -3.40  0.         -27.648      -2054.472      -2945.447    0.000  -0.001   0.002   0.
  2017 352 10 27 56 500 352.436070608      10.63    -46.07     -3.32  0.         -24.182      -2056.110      -2943.827    0.000  -0.001   0.002   0.
  2017 352 10 27 57 500 352.436082182      11.60    -46.19     -3.09  0.         -20.715      -2057.747      -2942.204    0.000  -0.001   0.002   0.
  2017 352 10 27 58 500 352.436093756      12.59    -46.32     -2.75  0.         -17.249      -2059.381      -2940.579    0.000  -0.001   0.002   0.
  2017 352 10 27 59 500 352.436105330      13.60    -46.44     -2.38  0.         -13.783      -2061.014      -2938.951    0.000  -0.001   0.002   0.
  2017 352 10 28  0 500 352.436116904      14.56    -46.52     -1.90  0.         -10.316      -2062.644      -2937.320    0.000  -0.001   0.003   0.
  2017 352 10 28  1 500 352.436128478      15.58    -46.58     -1.41  0.          -6.850      -2064.273      -2935.686    0.000  -0.001   0.003   0.
  2017 352 10 28  2 500 352.436140052      16.61    -46.58     -0.92  0.          -3.384      -2065.900      -2934.050    0.000  -0.001   0.003   0.
  2017 352 10 28  3 500 352.436151626      17.62    -46.55     -0.46  0.           0.083      -2067.525      -2932.411    0.000  -0.001   0.003   0.
  2017 352 10 28  4 500 352.436163200      18.62    -46.51     -0.04  0.           3.549      -2069.148      -2930.769    0.000  -0.001   0.003   0.
  2017 352 10 28  5 500 352.436174774      19.64    -46.37      0.37  0.           7.015      -2070.769      -2929.124    0.000  -0.001   0.003   0.
  2017 352 10 28  6 500 352.436186348      20.61    -46.24      0.82  0.          10.482      -2072.388      -2927.477    0.000  -0.001   0.004   0.
  2017 352 10 28  7 500 352.436197923      21.55    -46.03      1.25  0.          13.948      -2074.005      -2925.827    0.000  -0.001   0.004   0.
  2017 352 10 28  8 500 352.436209494      22.42    -45.85      1.64  0.          17.415      -2075.621      -2924.175    0.000  -0.001   0.004   0.
  2017 352 10 28  9 500 352.436221068      23.25    -45.62      1.94  0.          20.881      -2077.234      -2922.519    0.000  -0.001   0.004   0.
  2017 352 10 28 10 500 352.436232642      24.00    -45.42      2.18  0.          24.347      -2078.846      -2920.861    0.000  -0.001   0.004   0.
  2017 352 10 28 11 500 352.436244216      24.68    -45.19      2.40  0.          27.814      -2080.455      -2919.201    0.000  -0.001   0.004   0.
  2017 352 10 28 12 500 352.436255790      25.28    -44.98      2.60  0.          31.280      -2082.063      -2917.537    0.000  -0.001   0.004   0.
  2017 352 10 28 13 500 352.436267364      25.81    -44.81      2.73  0.          34.746      -2083.669      -2915.871    0.000  -0.001   0.004   0.
  2017 352 10 28 14 500 352.436278938      26.25    -44.66      2.87  0.          38.212      -2085.273      -2914.202    0.000  -0.002   0.005   0.
  2017 352 10 28 15 500 352.436290512      26.65    -44.54      2.90  0.          41.679      -2086.875      -2912.530    0.000  -0.002   0.005   0.
  2017 352 10 28 16 500 352.436302086      27.04    -44.37      2.97  0.          45.145      -2088.475      -2910.856    0.000  -0.002   0.005   0.
  2017 352 10 28 17 500 352.436313660      27.38    -44.26      3.02  0.          48.611      -2090.073      -2909.179    0.000  -0.002   0.005   0.
  2017 352 10 28 18 500 352.436325234      27.66    -44.15      3.04  0.          52.077      -2091.669      -2907.499    0.000  -0.002   0.005   0.
  2017 352 10 28 19 500 352.436336808      27.90    -44.07      3.03  0.          55.543      -2093.263      -2905.817    0.000  -0.002   0.005   0.
  2017 352 10 28 20 500 352.436348383      28.09    -44.10      3.04  0.          59.009      -2094.855      -2904.131    0.000  -0.002   0.005   0.
  2017 352 10 28 21 500 352.436359957      28.22    -44.11      3.05  0.          62.475      -2096.445      -2902.444    0.000  -0.002   0.005   0.
  2017 352 10 28 22 500 352.436371531      28.32    -44.21      2.96  0.          65.941      -2098.034      -2900.753    0.000  -0.002   0.005   0.
  2017 352 10 28 23 500 352.436383105      28.39    -44.33      2.94  0.          69.407      -2099.620      -2899.059    0.000  -0.002   0.005   0.
  2017 352 10 28 24 500 352.436394679      28.48    -44.45      2.83  0.          72.873      -2101.204      -2897.363    0.000  -0.002   0.006   0.
  2017 352 10 28 25 500 352.436406253      28.55    -44.64      2.73  0.          76.338      -2102.787      -2895.665    0.000  -0.002   0.006   0.
  2017 352 10 28 26 500 352.436417827      28.65    -44.86      2.53  0.          79.804      -2104.367      -2893.963    0.000  -0.002   0.006   0.
  2017 352 10 28 27 500 352.436429401      28.74    -45.10      2.33  0.          83.270      -2105.946      -2892.259    0.000  -0.002   0.006   0.
  2017 352 10 28 28 500 352.436440975      28.88    -45.41      2.03  0.          86.735      -2107.522      -2890.552    0.000  -0.002   0.006   0.
  2017 352 10 28 29 500 352.436452549      29.03    -45.77      1.74  0.          90.201      -2109.097      -2888.843    0.000  -0.002   0.006   0.
  2017 352 10 28 30 500 352.436464123      29.23    -46.16      1.39  0.          93.666      -2110.670      -2887.130    0.000  -0.002   0.007   0.
  2017 352 10 28 31 500 352.436475697      29.42    -46.64      1.03  0.          97.131      -2112.240      -2885.416    0.000  -0.002   0.007   0.
  2017 352 10 28 32 500 352.436487271      29.66    -47.18      0.67  0.         100.596      -2113.809      -2883.698    0.000  -0.002   0.007   0.
  2017 352 10 28 33 500 352.436498846      29.90    -47.78      0.33  0.         104.061      -2115.376      -2881.977    0.000  -0.002   0.007   0.
  2017 352 10 28 34 500 352.436510420      30.16    -48.48     -0.05  0.         107.526      -2116.941      -2880.254    0.000  -0.003   0.007   0.
  2017 352 10 28 35 500 352.436521994      30.45    -49.20     -0.37  0.         110.991      -2118.503      -2878.529    0.000  -0.003   0.007   0.
  2017 352 10 28 36 500 352.436533568      30.76    -50.06     -0.70  0.         114.456      -2120.064      -2876.800    0.000  -0.003   0.008   0.
  2017 352 10 28 37 500 352.436545142      31.08    -50.98     -1.01  0.         117.921      -2121.623      -2875.069    0.000  -0.003   0.008   0.
  2017 352 10 28 38 500 352.436556713      31.48    -51.94     -1.34  0.         121.385      -2123.180      -2873.335    0.000  -0.003   0.008   0.
  2017 352 10 28 39 499 352.436568287      31.98    -52.92     -1.67  0.         124.850      -2124.735      -2871.599    0.000  -0.003   0.008   0.
  2017 352 10 28 40 499 352.436579861      32.62    -53.86     -2.06  0.         128.314      -2126.288      -2869.859    0.000  -0.003   0.008   0.
  2017 352 10 28 41 499 352.436591435      33.38    -54.83     -2.50  0.         131.779      -2127.839      -2868.117    0.000  -0.003   0.008   0.
  2017 352 10 28 42 499 352.436603009      34.24    -55.81     -2.98  0.         135.243      -2129.388      -2866.373    0.000  -0.003   0.008   0.
  2017 352 10 28 43 499 352.436614583      35.26    -56.82     -3.61  0.         138.707      -2130.935      -2864.625    0.000  -0.003   0.008   0.
  2017 352 10 28 44 500 352.436626157      36.43    -57.81     -4.24  0.         142.171      -2132.479      -2862.875    0.000  -0.003   0.008   0.
  2017 352 10 28 45 500 352.436637732      37.73    -58.79     -4.87  0.         145.635      -2134.022      -2861.122    0.000  -0.003   0.008   0.
  2017 352 10 28 46 499 352.436649306      39.18    -59.80     -5.52  0.         149.098      -2135.563      -2859.367    0.000  -0.003   0.009   0.
  2017 352 10 28 47 499 352.436660880      40.73    -60.80     -6.02  0.         152.562      -2137.102      -2857.609    0.000  -0.003   0.009   0.
  2017 352 10 28 48 500 352.436672454      42.44    -61.78     -6.39  0.         156.025      -2138.639      -2855.848    0.000  -0.003   0.009   0.
  2017 352 10 28 49 500 352.436684028      44.29    -62.73     -6.51  0.         159.488      -2140.174      -2854.085    0.000  -0.003   0.009   0.
  2017 352 10 28 50 500 352.436695602      46.26    -63.71     -6.54  0.         162.951      -2141.707      -2852.318    0.000  -0.003   0.010   0.
  2017 352 10 28 51 500 352.436707176      48.30    -64.67     -6.40  0.         166.414      -2143.238      -2850.550    0.000  -0.003   0.010   0.
  2017 352 10 28 52 500 352.436718750      50.41    -65.63     -6.06  0.         169.877      -2144.767      -2848.778    0.000  -0.004   0.010   0.
  2017 352 10 28 53 499 352.436730324      52.54    -66.59     -5.46  0.         173.340      -2146.294      -2847.004    0.000  -0.004   0.010   0.
  2017 352 10 28 54 499 352.436741898      54.71    -67.53     -4.64  0.         176.802      -2147.819      -2845.227    0.000  -0.004   0.010   0.
  2017 352 10 28 55 499 352.436753472      56.92    -68.40     -3.59  0.         180.264      -2149.342      -2843.447    0.000  -0.004   0.010   0.
  2017 352 10 28 56 499 352.436765046      59.20    -69.18     -2.36  0.         183.727      -2150.862      -2841.665    0.000  -0.004   0.011   0.
  2017 352 10 28 57 500 352.436776620      61.51    -69.83     -0.92  0.         187.189      -2152.381      -2839.880    0.000  -0.004   0.011   0.
  2017 352 10 28 58 500 352.436788194      63.86    -70.36      0.78  0.         190.650      -2153.898      -2838.092    0.000  -0.004   0.011   0.
  2017 352 10 28 59 499 352.436799768      66.25    -70.73      2.65  0.         194.112      -2155.413      -2836.302    0.000  -0.004   0.011   0.
  2017 352 10 29  0 499 352.436811343      68.65    -70.94      4.73  0.         197.573      -2156.926      -2834.509    0.000  -0.004   0.011   0.
  2017 352 10 29  1 500 352.436822917      71.05    -70.92      7.00  0.         201.035      -2158.436      -2832.713    0.000  -0.004   0.011   0.
  2017 352 10 29  2 500 352.436834491      73.45    -70.69      9.46  0.         204.496      -2159.945      -2830.915    0.000  -0.004   0.011   0.
  2017 352 10 29  3 500 352.436846065      75.82    -70.24     12.06  0.         207.957      -2161.452      -2829.114    0.000  -0.004   0.011   0.
  2017 352 10 29  4 500 352.436857639      78.14    -69.56     14.83  0.         211.417      -2162.956      -2827.310    0.000  -0.004   0.012   0.
  2017 352 10 29  5 500 352.436869213      80.38    -68.64     17.73  0.         214.878      -2164.459      -2825.504    0.000  -0.004   0.012   0.
  2017 352 10 29  6 499 352.436880784      82.49    -67.48     20.83  0.         218.338      -2165.960      -2823.695    0.000  -0.004   0.012   0.
  2017 352 10 29  7 499 352.436892358      84.51    -66.09     24.05  0.         221.798      -2167.458      -2821.883    0.000  -0.004   0.012   0.
  2017 352 10 29  8 499 352.436903932      86.38    -64.44     27.41  0.         225.258      -2168.955      -2820.069    0.000  -0.005   0.013   0.
  2017 352 10 29  9 499 352.436915506      88.08    -62.60     30.76  0.         228.718      -2170.449      -2818.251    0.000  -0.005   0.013   0.
  2017 352 10 29 10 499 352.436927080      89.62    -60.49     34.26  0.         232.177      -2171.941      -2816.432    0.000  -0.005   0.013   0.
  2017 352 10 29 11 499 352.436938655      90.98    -58.10     37.81  0.         235.637      -2173.432      -2814.609    0.000  -0.005   0.013   0.
  2017 352 10 29 12 499 352.436950229      92.09    -55.51     41.41  0.         239.096      -2174.920      -2812.784    0.000  -0.005   0.013   0.
  2017 352 10 29 13 499 352.436961803      93.01    -52.70     45.06  0.         242.554      -2176.406      -2810.956    0.000  -0.005   0.013   0.
  2017 352 10 29 14 499 352.436973377      93.66    -49.64     48.67  0.         246.013      -2177.891      -2809.126    0.000  -0.005   0.014   0.
  2017 352 10 29 15 499 352.436984951      94.06    -46.42     52.24  0.         249.471      -2179.373      -2807.293    0.000  -0.005   0.014   0.
  2017 352 10 29 16 499 352.436996525      94.18    -43.05     55.79  0.         252.929      -2180.853      -2805.457    0.000  -0.005   0.014   0.
  2017 352 10 29 17 499 352.437008099      94.03    -39.45     59.27  0.         256.387      -2182.331      -2803.619    0.000  -0.005   0.014   0.
  2017 352 10 29 18 499 352.437019673      93.64    -35.66     62.69  0.         259.845      -2183.807      -2801.778    0.000  -0.005   0.014   0.
  2017 352 10 29 19 499 352.437031247      92.90    -31.77     65.99  0.         263.303      -2185.281      -2799.934    0.000  -0.005   0.014   0.
  2017 352 10 29 20 499 352.437042821      91.94    -27.79     69.16  0.         266.760      -2186.753      -2798.088    0.000  -0.005   0.014   0.
  2017 352 10 29 21 499 352.437054395      90.66    -23.65     72.24  0.         270.217      -2188.222      -2796.239    0.000  -0.005   0.014   0.
  2017 352 10 29 22 499 352.437065969      89.13    -19.46     75.12  0.         273.673      -2189.690      -2794.387    0.000  -0.006   0.015   0.
  2017 352 10 29 23 499 352.437077543      87.32    -15.22     77.78  0.         277.130      -2191.156      -2792.533    0.000  -0.006   0.015   0.
  2017 352 10 29 24 499 352.437089117      85.28    -10.92     80.28  0.         280.586      -2192.619      -2790.675    0.000  -0.006   0.016   0.
  2017 352 10 29 25 499 352.437100692      83.02     -6.56     82.54  0.         284.042      -2194.081      -2788.816    0.000  -0.006   0.016   0.
  2017 352 10 29 26 499 352.437112266      80.58     -2.19     84.55  0.         287.497      -2195.540      -2786.954    0.000  -0.006   0.016   0.
  2017 352 10 29 27 499 352.437123840      77.96      2.21     86.29  0.         290.953      -2196.997      -2785.089    0.000  -0.006   0.016   0.
  2017 352 10 29 28 499 352.437135414      75.16      6.64     87.77  0.         294.408      -2198.453      -2783.221    0.000  -0.006   0.016   0.
  2017 352 10 29 29 499 352.437146988      72.20     11.06     88.98  0.         297.863      -2199.906      -2781.351    0.000  -0.006   0.016   0.
  2017 352 10 29 30 499 352.437158562      69.00     15.37     89.98  0.         301.317      -2201.357      -2779.478    0.000  -0.006   0.017   0.
  2017 352 10 29 31 499 352.437170136      65.55     19.45     90.78  0.         304.772      -2202.806      -2777.602    0.000  -0.006   0.017   0.
  2017 352 10 29 32 499 352.437181710      61.88     23.31     91.42  0.         308.226      -2204.253      -2775.724    0.000  -0.006   0.017   0.
  2017 352 10 29 33 499 352.437193284      58.13     27.11     91.84  0.         311.679      -2205.698      -2773.843    0.000  -0.006   0.017   0.
  2017 352 10 29 34 499 352.437204858      54.60     31.25     91.68  0.         315.133      -2207.140      -2771.960    0.000  -0.006   0.017   0.
  2017 352 10 29 35 499 352.437216432      51.07     35.52     90.99  0.         318.586      -2208.581      -2770.073    0.000  -0.006   0.017   0.
  2017 352 10 29 36 499 352.437228003      47.21     39.18     90.09  0.         322.038      -2210.020      -2768.185    0.000  -0.006   0.018   0.
  2017 352 10 29 37 499 352.437239578      42.93     42.02     89.36  0.         325.491      -2211.456      -2766.293    0.000  -0.006   0.018   0.
  2017 352 10 29 38 499 352.437251152      38.49     44.31     88.74  0.         328.943      -2212.890      -2764.399    0.000  -0.006   0.018   0.
  2017 352 10 29 39 499 352.437262726      34.10     46.54     87.90  0.         332.395      -2214.323      -2762.503    0.000  -0.006   0.018   0.
  2017 352 10 29 40 499 352.437274300      29.70     48.46     86.72  0.         335.847      -2215.753      -2760.603    0.000  -0.007   0.019   0.
  2017 352 10 29 41 499 352.437285874      25.51     50.48     85.02  0.         339.298      -2217.181      -2758.701    0.000  -0.007   0.019   0.
  2017 352 10 29 42 499 352.437297448      21.48     52.47     82.99  0.         342.749      -2218.607      -2756.797    0.000  -0.007   0.019   0.
  2017 352 10 29 43 499 352.437309022      17.89     54.85     80.49  0.         346.200      -2220.031      -2754.890    0.000  -0.007   0.019   0.
  2017 352 10 29 44 499 352.437320596      14.38     57.02     77.50  0.         349.650      -2221.452      -2752.980    0.000  -0.007   0.019   0.
  2017 352 10 29 45 499 352.437332170      10.43     58.04     74.93  0.         353.100      -2222.872      -2751.067    0.000  -0.007   0.019   0.
  2017 352 10 29 46 499 352.437343744       5.79     57.52     73.51  0.         356.549      -2224.289      -2749.152    0.000  -0.007   0.020   0.
  2017 352 10 29 47 499 352.437355318       2.93     59.63     70.16  0.         359.999      -2225.705      -2747.235    0.000  -0.007   0.020   0.
  2017 352 10 29 48 499 352.437366892       1.17     62.36     65.09  0.         363.448      -2227.118      -2745.314    0.000  -0.007   0.020   0.
  2017 352 10 29 49 499 352.437378466      -1.75     63.12     61.44  0.         366.896      -2228.529      -2743.391    0.000  -0.007   0.020   0.
  2017 352 10 29 50 499 352.437390041      -4.76     63.58     57.89  0.         370.345      -2229.938      -2741.465    0.000  -0.007   0.020   0.
  2017 352 10 29 51 499 352.437401615      -6.89     64.59     53.76  0.         373.793      -2231.345      -2739.537    0.000  -0.007   0.020   0.
  2017 352 10 29 52 499 352.437413189      -8.17     65.62     49.10  0.         377.240      -2232.750      -2737.606    0.000  -0.008   0.021   0.
  2017 352 10 29 53 499 352.437424763      -9.72     65.88     44.92  0.         380.687      -2234.152      -2735.673    0.000  -0.008   0.021   0.
  2017 352 10 29 54 499 352.437436337     -11.82     65.24     41.69  0.         384.134      -2235.553      -2733.737    0.000  -0.008   0.021   0.
  2017 352 10 29 55 499 352.437447911     -13.89     64.33     38.51  0.         387.581      -2236.951      -2731.798    0.000  -0.008   0.021   0.
  2017 352 10 29 56 499 352.437459485     -15.96     63.21     35.10  0.         391.027      -2238.347      -2729.857    0.000  -0.008   0.022   0.
  2017 352 10 29 57 499 352.437471059     -17.63     61.81     31.49  0.         394.473      -2239.742      -2727.913    0.000  -0.008   0.022   0.
  2017 352 10 29 58 499 352.437482633     -18.66     60.43     27.38  0.         397.918      -2241.134      -2725.966    0.000  -0.008   0.022   0.
  2017 352 10 29 59 499 352.437494207     -19.24     58.94     22.81  0.         401.363      -2242.523      -2724.017    0.000  -0.008   0.022   0.
  2017 352 10 30  0 499 352.437505781     -19.85     56.93     18.44  0.         404.808      -2243.911      -2722.065    0.000  -0.008   0.023   0.
  2017 352 10 30  1 499 352.437517355     -20.18     54.84     14.61  0.         408.252      -2245.297      -2720.111    0.000  -0.008   0.023   0.
  2017 352 10 30  2 499 352.437528929     -20.12     52.61     11.25  0.         411.696      -2246.680      -2718.154    0.000  -0.008   0.023   0.
  2017 352 10 30  3 499 352.437540504     -20.09     50.13      8.52  0.         415.139      -2248.061      -2716.194    0.000  -0.008   0.023   0.
  2017 352 10 30  4 499 352.437552077     -19.69     47.47      6.18  0.         418.582      -2249.440      -2714.232    0.000  -0.008   0.023   0.
  2017 352 10 30  5 499 352.437563652     -18.82     45.00      4.11  0.         422.025      -2250.818      -2712.267    0.000  -0.008   0.023   0.
  2017 352 10 30  6 499 352.437575223     -17.08     42.77      1.89  0.         425.467      -2252.192      -2710.300    0.000  -0.009   0.024   0.
  2017 352 10 30  7 499 352.437586797     -15.02     40.49     -0.23  0.         428.909      -2253.565      -2708.330    0.000  -0.009   0.024   0.
  2017 352 10 30  8 499 352.437598371     -13.01     38.20     -1.98  0.         432.351      -2254.936      -2706.357    0.000  -0.009   0.024   0.
  2017 352 10 30  9 499 352.437609945     -10.90     35.98     -3.37  0.         435.792      -2256.304      -2704.382    0.000  -0.009   0.024   0.
  2017 352 10 30 10 499 352.437621519      -8.99     33.88     -4.45  0.         439.232      -2257.670      -2702.404    0.000  -0.009   0.025   0.
  2017 352 10 30 11 499 352.437633093      -7.06     31.81     -5.34  0.         442.672      -2259.034      -2700.424    0.000  -0.009   0.025   0.
  2017 352 10 30 12 499 352.437644667      -5.46     29.97     -5.72  0.         446.112      -2260.396      -2698.441    0.000  -0.009   0.025   0.
  2017 352 10 30 13 499 352.437656241      -4.09     28.01     -5.73  0.         449.552      -2261.756      -2696.455    0.000  -0.009   0.025   0.
  2017 352 10 30 14 499 352.437667815      -2.91     26.15     -5.30  0.         452.991      -2263.113      -2694.467    0.000  -0.009   0.025   0.
  2017 352 10 30 15 499 352.437679389      -1.84     24.48     -4.58  0.         456.429      -2264.469      -2692.476    0.000  -0.009   0.025   0.
  2017 352 10 30 16 499 352.437690964      -0.92     23.30     -3.96  0.         459.867      -2265.822      -2690.483    0.000  -0.009   0.026   0.
  2017 352 10 30 17 499 352.437702538       0.03     22.58     -3.43  0.         463.305      -2267.173      -2688.487    0.000  -0.009   0.026   0.
  2017 352 10 30 18 499 352.437714112       1.12     22.18     -2.91  0.         466.742      -2268.522      -2686.488    0.000  -0.010   0.026   0.
  2017 352 10 30 19 499 352.437725686       2.48     21.96     -2.20  0.         470.179      -2269.869      -2684.487    0.000  -0.010   0.026   0.
  2017 352 10 30 20 499 352.437737260       3.80     21.83     -1.29  0.         473.615      -2271.213      -2682.483    0.000  -0.010   0.027   0.
  2017 352 10 30 21 499 352.437748834       5.16     22.00     -0.12  0.         477.051      -2272.556      -2680.477    0.000  -0.010   0.027   0.
  2017 352 10 30 22 499 352.437760408       6.37     22.53      1.16  0.         480.487      -2273.896      -2678.468    0.000  -0.010   0.027   0.
  2017 352 10 30 23 499 352.437771982       7.20     23.32      2.48  0.         483.922      -2275.234      -2676.457    0.000  -0.010   0.027   0.
  2017 352 10 30 24 499 352.437783556       7.86     24.13      3.97  0.         487.356      -2276.570      -2674.443    0.000  -0.010   0.028   0.
  2017 352 10 30 25 499 352.437795130       8.64     24.63      5.28  0.         490.790      -2277.903      -2672.426    0.000  -0.010   0.028   0.
  2017 352 10 30 26 499 352.437806704       9.24     25.09      6.29  0.         494.224      -2279.235      -2670.407    0.000  -0.010   0.028   0.
  2017 352 10 30 27 499 352.437818278       9.67     25.55      7.28  0.         497.657      -2280.564      -2668.385    0.000  -0.010   0.028   0.
  2017 352 10 30 28 499 352.437829852       9.88     25.71      8.68  0.         501.090      -2281.891      -2666.361    0.000  -0.010   0.028   0.
  2017 352 10 30 29 499 352.437841427       9.90     26.07     10.16  0.         504.522      -2283.216      -2664.334    0.000  -0.010   0.028   0.
  2017 352 10 30 30 499 352.437853001       9.65     26.58     11.53  0.         507.953      -2284.539      -2662.305    0.000  -0.011   0.029   0.
  2017 352 10 30 31 499 352.437864575       9.16     27.42     12.52  0.         511.385      -2285.859      -2660.273    0.000  -0.011   0.029   0.
  2017 352 10 30 32 499 352.437876149       8.37     28.42     13.48  0.         514.815      -2287.178      -2658.238    0.000  -0.011   0.029   0.
  2017 352 10 30 33 499 352.437887723       7.49     29.80     13.58  0.         518.246      -2288.494      -2656.201    0.000  -0.011   0.029   0.
  2017 352 10 30 34 499 352.437899297       6.67     30.93     13.00  0.         521.675      -2289.808      -2654.161    0.000  -0.011   0.030   0.
  2017 352 10 30 35 499 352.437910871       5.75     31.41     12.63  0.         525.105      -2291.119      -2652.119    0.000  -0.011   0.030   0.
  2017 352 10 30 36 499 352.437922445       4.74     31.10     12.96  0.         528.533      -2292.429      -2650.074    0.000  -0.011   0.030   0.
  2017 352 10 30 37 499 352.437934019       3.47     29.77     14.61  0.         531.961      -2293.736      -2648.027    0.000  -0.011   0.030   0.
  2017 352 10 30 38 498 352.437945590       2.21     27.78     17.29  0.         535.389      -2295.041      -2645.977    0.000  -0.011   0.031   0.
  2017 352 10 30 39 499 352.437957164       1.70     26.57     18.96  0.         538.816      -2296.344      -2643.924    0.000  -0.011   0.031   0.
  2017 352 10 30 40 499 352.437968738       1.48     26.18     19.47  0.         542.243      -2297.645      -2641.869    0.000  -0.011   0.031   0.
  2017 352 10 30 41 499 352.437980313       1.08     25.97     19.67  0.         545.669      -2298.944      -2639.812    0.000  -0.011   0.031   0.
  2017 352 10 30 42 498 352.437991887       0.47     25.87     19.75  0.         549.095      -2300.240      -2637.751    0.000  -0.011   0.031   0.
  2017 352 10 30 43 498 352.438003461      -0.24     25.76     19.77  0.         552.520      -2301.534      -2635.689    0.000  -0.011   0.031   0.
  2017 352 10 30 44 499 352.438015035      -0.99     25.51     19.74  0.         555.944      -2302.826      -2633.624    0.000  -0.012   0.032   0.
  2017 352 10 30 45 499 352.438026609      -1.87     25.00     19.88  0.         559.369      -2304.116      -2631.556    0.000  -0.012   0.032   0.
  2017 352 10 30 46 499 352.438038183      -2.81     24.31     20.23  0.         562.792      -2305.403      -2629.485    0.000  -0.012   0.033   0.
  2017 352 10 30 47 499 352.438049757      -3.70     23.54     20.51  0.         566.215      -2306.688      -2627.413    0.000  -0.012   0.033   0.
  2017 352 10 30 48 498 352.438061331      -4.51     22.72     20.56  0.         569.638      -2307.971      -2625.337    0.000  -0.012   0.033   0.
  2017 352 10 30 49 498 352.438072905      -5.04     21.90     20.11  0.         573.060      -2309.252      -2623.259    0.000  -0.012   0.033   0.
  2017 352 10 30 50 498 352.438084479      -5.14     20.73     18.87  0.         576.481      -2310.531      -2621.179    0.000  -0.012   0.034   0.
  2017 352 10 30 51 498 352.438096053      -4.90     18.89     16.99  0.         579.902      -2311.807      -2619.096    0.000  -0.012   0.034   0.
  2017 352 10 30 52 498 352.438107627      -4.04     16.61     14.65  0.         583.322      -2313.081      -2617.010    0.000  -0.012   0.034   0.
  2017 352 10 30 53 499 352.438119201      -2.61     13.92     12.37  0.         586.742      -2314.353      -2614.922    0.000  -0.012   0.034   0.
  2017 352 10 30 54 499 352.438130775      -0.79     10.16     10.38  0.         590.161      -2315.623      -2612.831    0.000  -0.012   0.034   0.
  2017 352 10 30 55 498 352.438142350       2.12      5.57      8.28  0.         593.579      -2316.890      -2610.738    0.000  -0.012   0.034   0.
  2017 352 10 30 56 498 352.438153924       6.20      0.77      5.61  0.         596.997      -2318.155      -2608.643    0.000  -0.013   0.035   0.
  2017 352 10 30 57 499 352.438165498      10.38     -4.58      2.38  0.         600.415      -2319.418      -2606.545    0.000  -0.013   0.035   0.
  2017 352 10 30 58 499 352.438177072      13.25    -10.68     -0.94  0.         603.832      -2320.679      -2604.444    0.000  -0.013   0.036   0.
  2017 352 10 30 59 499 352.438188646      14.44    -16.06     -3.48  0.         607.248      -2321.938      -2602.341    0.000  -0.013   0.036   0.
  2017 352 10 31  0 499 352.438200220      14.54    -19.73     -4.60  0.         610.664      -2323.194      -2600.235    0.000  -0.013   0.036   0.
  2017 352 10 31  1 499 352.438211794      13.53    -22.47     -4.47  0.         614.079      -2324.448      -2598.127    0.000  -0.013   0.036   0.
  2017 352 10 31  2 498 352.438223368      11.37    -24.86     -3.60  0.         617.493      -2325.700      -2596.016    0.000  -0.013   0.036   0.
  2017 352 10 31  3 498 352.438234942       9.42    -26.58     -2.70  0.         620.907      -2326.949      -2593.902    0.000  -0.013   0.036   0.
  2017 352 10 31  4 498 352.438246516       8.10    -27.37     -1.95  0.         624.321      -2328.197      -2591.787    0.000  -0.013   0.037   0.
  2017 352 10 31  5 498 352.438258090       6.86    -27.68     -1.24  0.         627.733      -2329.442      -2589.668    0.000  -0.013   0.037   0.
  2017 352 10 31  6 499 352.438269664       5.75    -27.74     -0.54  0.         631.145      -2330.685      -2587.548    0.000  -0.014   0.037   0.
  2017 352 10 31  7 499 352.438281238       4.18    -27.57      0.27  0.         634.557      -2331.925      -2585.424    0.000  -0.014   0.037   0.
  2017 352 10 31  8 498 352.438292810       1.66    -27.80      1.19  0.         637.968      -2333.163      -2583.298    0.000  -0.014   0.037   0.
  2017 352 10 31  9 498 352.438304384      -0.69    -28.21      1.76  0.         641.378      -2334.399      -2581.170    0.000  -0.014   0.037   0.
  2017 352 10 31 10 498 352.438315958      -2.33    -28.55      1.69  0.         644.788      -2335.633      -2579.039    0.000  -0.014   0.038   0.
  2017 352 10 31 11 498 352.438327532      -3.72    -28.46      0.85  0.         648.197      -2336.865      -2576.906    0.000  -0.014   0.038   0.
  2017 352 10 31 12 498 352.438339106      -4.49    -27.99      0.21  0.         651.605      -2338.094      -2574.770    0.000  -0.014   0.039   0.
  2017 352 10 31 13 498 352.438350680      -5.32    -27.82     -0.35  0.         655.013      -2339.321      -2572.632    0.000  -0.014   0.039   0.
  2017 352 10 31 14 498 352.438362254      -6.51    -27.65     -0.96  0.         658.420      -2340.546      -2570.491    0.000  -0.014   0.039   0.
  2017 352 10 31 15 498 352.438373828      -7.97    -27.38     -1.46  0.         661.827      -2341.769      -2568.347    0.000  -0.014   0.039   0.
  2017 352 10 31 16 498 352.438385402      -9.87    -27.03     -1.74  0.         665.233      -2342.989      -2566.202    0.000  -0.014   0.040   0.
  2017 352 10 31 17 498 352.438396976     -12.12    -26.81     -1.92  0.         668.638      -2344.207      -2564.053    0.000  -0.014   0.040   0.
  2017 352 10 31 18 498 352.438408550     -14.28    -26.57     -2.09  0.         672.043      -2345.423      -2561.903    0.000  -0.015   0.040   0.
  2017 352 10 31 19 498 352.438420124     -16.29    -26.57     -2.16  0.         675.447      -2346.636      -2559.750    0.000  -0.015   0.040   0.
  2017 352 10 31 20 498 352.438431698     -17.90    -26.38     -2.32  0.         678.850      -2347.847      -2557.594    0.000  -0.015   0.040   0.
  2017 352 10 31 21 498 352.438443273     -20.36    -26.23     -3.23  0.         682.253      -2349.056      -2555.435    0.000  -0.015   0.040   0.
  2017 352 10 31 22 498 352.438454847     -22.33    -27.30     -3.92  0.         685.655      -2350.263      -2553.275    0.000  -0.015   0.041   0.
  2017 352 10 31 23 498 352.438466421     -23.16    -28.37     -4.14  0.         689.056      -2351.467      -2551.112    0.000  -0.015   0.041   0.
  2017 352 10 31 24 498 352.438477995     -23.43    -29.57     -4.20  0.         692.457      -2352.669      -2548.946    0.000  -0.015   0.042   0.
  2017 352 10 31 25 498 352.438489569     -23.50    -30.83     -4.46  0.         695.857      -2353.869      -2546.778    0.000  -0.015   0.042   0.
  2017 352 10 31 26 498 352.438501143     -23.61    -31.94     -5.07  0.         699.256      -2355.067      -2544.607    0.000  -0.015   0.042   0.
  2017 352 10 31 27 498 352.438512717     -23.79    -32.52     -6.07  0.         702.655      -2356.262      -2542.434    0.000  -0.015   0.042   0.
  2017 352 10 31 28 498 352.438524291     -23.33    -33.16     -6.37  0.         706.053      -2357.455      -2540.259    0.000  -0.016   0.043   0.
  2017 352 10 31 29 498 352.438535865     -22.55    -34.05     -5.89  0.         709.450      -2358.646      -2538.081    0.000  -0.016   0.043   0.
  2017 352 10 31 30 498 352.438547439     -22.27    -34.70     -5.66  0.         712.847      -2359.834      -2535.900    0.000  -0.016   0.043   0.
  2017 352 10 31 31 498 352.438559013     -22.70    -35.20     -5.50  0.         716.243      -2361.020      -2533.717    0.000  -0.016   0.043   0.
  2017 352 10 31 32 498 352.438570587     -23.55    -35.41     -5.93  0.         719.638      -2362.204      -2531.532    0.000  -0.016   0.043   0.
  2017 352 10 31 33 498 352.438582161     -24.17    -35.50     -6.17  0.         723.033      -2363.386      -2529.344    0.000  -0.016   0.043   0.
  2017 352 10 31 34 498 352.438593736     -24.14    -35.52     -6.18  0.         726.427      -2364.565      -2527.153    0.000  -0.016   0.044   0.
  2017 352 10 31 35 498 352.438605310     -24.42    -35.78     -5.21  0.         729.820      -2365.743      -2524.961    0.000  -0.016   0.044   0.
  2017 352 10 31 36 498 352.438616881     -24.39    -35.96     -4.74  0.         733.212      -2366.917      -2522.765    0.000  -0.016   0.045   0.
  2017 352 10 31 37 498 352.438628455     -23.39    -35.95     -3.33  0.         736.604      -2368.090      -2520.568    0.000  -0.016   0.045   0.
  2017 352 10 31 38 498 352.438640029     -22.54    -35.97     -1.90  0.         739.995      -2369.260      -2518.368    0.000  -0.016   0.045   0.
  2017 352 10 31 39 498 352.438651603     -21.85    -36.03     -0.92  0.         743.385      -2370.428      -2516.165    0.000  -0.016   0.045   0.
  2017 352 10 31 40 498 352.438663177     -21.34    -36.17     -0.37  0.         746.775      -2371.593      -2513.960    0.000  -0.017   0.046   0.
  2017 352 10 31 41 498 352.438674751     -20.96    -36.34      0.09  0.         750.164      -2372.757      -2511.753    0.000  -0.017   0.046   0.
  2017 352 10 31 42 498 352.438686325     -20.77    -36.61      0.48  0.         753.552      -2373.918      -2509.543    0.000  -0.017   0.046   0.
  2017 352 10 31 43 498 352.438697899     -20.63    -37.01      0.95  0.         756.940      -2375.076      -2507.330    0.000  -0.017   0.046   0.
  2017 352 10 31 44 498 352.438709473     -20.46    -37.62      1.57  0.         760.326      -2376.233      -2505.116    0.000  -0.017   0.046   0.
  2017 352 10 31 45 498 352.438721048     -20.39    -38.51      2.21  0.         763.712      -2377.387      -2502.898    0.000  -0.017   0.046   0.
  2017 352 10 31 46 498 352.438732622     -20.40    -39.44      2.93  0.         767.098      -2378.539      -2500.679    0.000  -0.017   0.047   0.
  2017 352 10 31 47 498 352.438744196     -20.37    -40.36      3.78  0.         770.482      -2379.688      -2498.457    0.000  -0.017   0.047   0.
  2017 352 10 31 48 498 352.438755770     -20.33    -41.22      4.93  0.         773.866      -2380.835      -2496.232    0.000  -0.017   0.048   0.
  2017 352 10 31 49 498 352.438767344     -20.33    -42.10      6.07  0.         777.249      -2381.980      -2494.005    0.000  -0.017   0.048   0.
  2017 352 10 31 50 498 352.438778918     -20.26    -42.93      7.07  0.         780.631      -2383.123      -2491.776    0.000  -0.018   0.048   0.
  2017 352 10 31 51 498 352.438790492     -20.09    -43.70      7.79  0.         784.013      -2384.263      -2489.544    0.000  -0.018   0.048   0.
  2017 352 10 31 52 498 352.438802066     -19.77    -44.42      8.09  0.         787.394      -2385.401      -2487.310    0.000  -0.018   0.049   0.
  2017 352 10 31 53 498 352.438813640     -19.43    -45.19      8.20  0.         790.774      -2386.537      -2485.073    0.000  -0.018   0.049   0.
  2017 352 10 31 54 498 352.438825214     -19.14    -45.73      8.26  0.         794.153      -2387.670      -2482.834    0.000  -0.018   0.049   0.
  2017 352 10 31 55 498 352.438836788     -19.02    -46.09      8.27  0.         797.531      -2388.801      -2480.593    0.000  -0.018   0.049   0.
  2017 352 10 31 56 498 352.438848362     -19.00    -46.37      8.27  0.         800.909      -2389.930      -2478.349    0.000  -0.018   0.049   0.
  2017 352 10 31 57 498 352.438859936     -18.90    -46.55      8.47  0.         804.286      -2391.056      -2476.102    0.000  -0.018   0.049   0.
  2017 352 10 31 58 498 352.438871510     -18.74    -46.72      8.93  0.         807.662      -2392.180      -2473.854    0.000  -0.018   0.050   0.
  2017 352 10 31 59 498 352.438883085     -18.40    -46.85      9.58  0.         811.038      -2393.302      -2471.603    0.000  -0.018   0.050   0.
  2017 352 10 32  0 498 352.438894659     -17.93    -46.84     10.57  0.         814.412      -2394.422      -2469.349    0.000  -0.018   0.051   0.
  2017 352 10 32  1 498 352.438906233     -17.31    -46.65     11.71  0.         817.786      -2395.539      -2467.093    0.000  -0.018   0.051   0.
  2017 352 10 32  2 498 352.438917807     -16.55    -46.44     12.85  0.         821.159      -2396.654      -2464.835    0.000  -0.019   0.051   0.
  2017 352 10 32  3 498 352.438929381     -15.45    -46.04     13.76  0.         824.531      -2397.766      -2462.574    0.000  -0.019   0.051   0.
  2017 352 10 32  4 498 352.438940955     -14.61    -45.98     14.87  0.         827.903      -2398.876      -2460.311    0.000  -0.019   0.052   0.
  2017 352 10 32  5 498 352.438952529     -14.09    -46.23     14.92  0.         831.273      -2399.984      -2458.046    0.000  -0.019   0.052   0.
  2017 352 10 32  6 498 352.438964100     -13.66    -46.28     14.95  0.         834.643      -2401.090      -2455.778    0.000  -0.019   0.052   0.
  2017 352 10 32  7 498 352.438975674     -13.47    -46.38     15.14  0.         838.012      -2402.193      -2453.508    0.000  -0.019   0.052   0.
  2017 352 10 32  8 498 352.438987248     -13.38    -46.55     15.07  0.         841.380      -2403.294      -2451.235    0.000  -0.019   0.053   0.
  2017 352 10 32  9 498 352.438998822     -13.40    -46.65     14.82  0.         844.748      -2404.392      -2448.960    0.000  -0.019   0.053   0.
  2017 352 10 32 10 498 352.439010396     -13.32    -46.61     14.46  0.         848.114      -2405.488      -2446.682    0.000  -0.019   0.053   0.
  2017 352 10 32 11 498 352.439021971     -12.96    -46.39     14.06  0.         851.480      -2406.582      -2444.403    0.000  -0.019   0.053   0.
  2017 352 10 32 12 498 352.439033545     -12.25    -45.95     13.70  0.         854.845      -2407.674      -2442.120    0.000  -0.020   0.054   0.
  2017 352 10 32 13 498 352.439045119     -11.21    -45.37     13.51  0.         858.209      -2408.763      -2439.836    0.000  -0.020   0.054   0.
  2017 352 10 32 14 498 352.439056693      -9.98    -44.80     13.36  0.         861.573      -2409.850      -2437.549    0.000  -0.020   0.054   0.
  2017 352 10 32 15 498 352.439068267      -8.57    -44.27     13.38  0.         864.935      -2410.934      -2435.259    0.000  -0.020   0.054   0.
  2017 352 10 32 16 498 352.439079841      -7.18    -43.81     13.53  0.         868.297      -2412.017      -2432.968    0.000  -0.020   0.055   0.
  2017 352 10 32 17 498 352.439091415      -5.77    -43.57     13.75  0.         871.658      -2413.097      -2430.674    0.000  -0.020   0.055   0.
  2017 352 10 32 18 498 352.439102989      -4.33    -43.65     13.97  0.         875.018      -2414.174      -2428.377    0.000  -0.020   0.055   0.
  2017 352 10 32 19 498 352.439114563      -2.88    -44.11     14.17  0.         878.376      -2415.249      -2426.078    0.000  -0.020   0.055   0.
  2017 352 10 32 20 498 352.439126137      -1.35    -44.84     14.39  0.         881.735      -2416.322      -2423.777    0.000  -0.020   0.056   0.
  2017 352 10 32 21 498 352.439137711       0.27    -45.77     14.51  0.         885.092      -2417.393      -2421.474    0.000  -0.020   0.056   0.
  2017 352 10 32 22 498 352.439149285       1.91    -46.57     14.67  0.         888.449      -2418.461      -2419.168    0.000  -0.021   0.056   0.
  2017 352 10 32 23 498 352.439160859       3.50    -47.07     14.65  0.         891.804      -2419.527      -2416.860    0.000  -0.021   0.056   0.
  2017 352 10 32 24 498 352.439172433       4.89    -47.11     14.51  0.         895.159      -2420.590      -2414.549    0.000  -0.021   0.057   0.
  2017 352 10 32 25 498 352.439184008       5.91    -46.79     14.03  0.         898.513      -2421.651      -2412.236    0.000  -0.021   0.057   0.
  2017 352 10 32 26 498 352.439195582       6.68    -46.35     13.36  0.         901.866      -2422.710      -2409.921    0.000  -0.021   0.057   0.
  2017 352 10 32 27 498 352.439207156       7.14    -46.07     12.86  0.         905.218      -2423.766      -2407.603    0.000  -0.021   0.057   0.
  2017 352 10 32 28 498 352.439218730       7.44    -45.85     12.53  0.         908.570      -2424.820      -2405.283    0.000  -0.021   0.058   0.
  2017 352 10 32 29 498 352.439230304       7.62    -45.71     12.35  0.         911.920      -2425.872      -2402.961    0.000  -0.021   0.058   0.
  2017 352 10 32 30 498 352.439241878       7.64    -45.36     12.21  0.         915.270      -2426.921      -2400.636    0.000  -0.021   0.058   0.
  2017 352 10 32 31 498 352.439253452       7.50    -44.78     11.91  0.         918.618      -2427.968      -2398.309    0.000  -0.021   0.058   0.
  2017 352 10 32 32 498 352.439265026       7.35    -43.90     11.37  0.         921.966      -2429.013      -2395.980    0.000  -0.021   0.059   0.
  2017 352 10 32 33 498 352.439276600       7.32    -42.92     10.61  0.         925.313      -2430.055      -2393.648    0.000  -0.021   0.059   0.
  2017 352 10 32 34 498 352.439288174       7.28    -42.10      9.91  0.         928.659      -2431.095      -2391.314    0.000  -0.022   0.059   0.
  2017 352 10 32 35 498 352.439299748       7.21    -41.45      9.44  0.         932.004      -2432.133      -2388.978    0.000  -0.022   0.059   0.
  2017 352 10 32 36 498 352.439311319       7.01    -40.95      9.19  0.         935.348      -2433.168      -2386.639    0.000  -0.022   0.060   0.
  2017 352 10 32 37 497 352.439322894       6.82    -40.54      9.14  0.         938.692      -2434.201      -2384.298    0.000  -0.022   0.060   0.
  2017 352 10 32 38 497 352.439334468       6.88    -40.13      8.94  0.         942.034      -2435.232      -2381.955    0.000  -0.022   0.061   0.
  2017 352 10 32 39 498 352.439346042       7.29    -39.75      8.63  0.         945.376      -2436.260      -2379.610    0.000  -0.022   0.061   0.
  2017 352 10 32 40 498 352.439357616       8.06    -39.52      8.19  0.         948.716      -2437.286      -2377.262    0.000  -0.022   0.061   0.
  2017 352 10 32 41 498 352.439369190       9.15    -39.39      7.61  0.         952.056      -2438.309      -2374.911    0.000  -0.022   0.061   0.
  2017 352 10 32 42 498 352.439380764      10.47    -39.45      6.81  0.         955.394      -2439.330      -2372.559    0.000  -0.022   0.062   0.
  2017 352 10 32 43 498 352.439392338      11.64    -39.65      6.01  0.         958.732      -2440.349      -2370.204    0.000  -0.022   0.062   0.
  2017 352 10 32 44 497 352.439403912      12.45    -39.78      5.37  0.         962.069      -2441.365      -2367.847    0.000  -0.022   0.062   0.
  2017 352 10 32 45 497 352.439415486      13.03    -39.54      4.73  0.         965.405      -2442.379      -2365.487    0.000  -0.022   0.062   0.
  2017 352 10 32 46 497 352.439427060      13.74    -39.01      3.86  0.         968.740      -2443.391      -2363.126    0.000  -0.023   0.063   0.
  2017 352 10 32 47 497 352.439438634      14.61    -38.56      2.90  0.         972.074      -2444.400      -2360.762    0.000  -0.023   0.063   0.
  2017 352 10 32 48 497 352.439450208      15.47    -38.32      2.08  0.         975.407      -2445.407      -2358.395    0.000  -0.023   0.063   0.
  2017 352 10 32 49 498 352.439461782      16.09    -38.41      1.55  0.         978.740      -2446.411      -2356.026    0.000  -0.023   0.063   0.
  2017 352 10 32 50 498 352.439473357      16.34    -38.69      1.28  0.         982.071      -2447.413      -2353.656    0.000  -0.023   0.064   0.
  2017 352 10 32 51 497 352.439484931      16.29    -39.05      1.23  0.         985.401      -2448.413      -2351.282    0.000  -0.023   0.064   0.
  2017 352 10 32 52 497 352.439496505      15.93    -39.28      1.32  0.         988.730      -2449.410      -2348.907    0.000  -0.023   0.064   0.
  2017 352 10 32 53 498 352.439508079      15.40    -39.29      1.43  0.         992.059      -2450.405      -2346.529    0.000  -0.023   0.064   0.
  2017 352 10 32 54 498 352.439519653      14.84    -39.00      1.55  0.         995.386      -2451.398      -2344.149    0.000  -0.023   0.065   0.
  2017 352 10 32 55 498 352.439531227      14.32    -38.51      1.54  0.         998.713      -2452.388      -2341.766    0.000  -0.023   0.065   0.
  2017 352 10 32 56 498 352.439542801      13.88    -37.99      1.46  0.        1002.038      -2453.376      -2339.382    0.000  -0.024   0.065   0.
  2017 352 10 32 57 498 352.439554375      13.54    -37.47      1.24  0.        1005.363      -2454.362      -2336.995    0.000  -0.024   0.065   0.
  2017 352 10 32 58 497 352.439565949      13.28    -36.93      0.95  0.        1008.686      -2455.345      -2334.606    0.000  -0.024   0.066   0.
  2017 352 10 32 59 497 352.439577523      13.13    -36.41      0.50  0.        1012.009      -2456.325      -2332.214    0.000  -0.024   0.066   0.
  2017 352 10 33  0 497 352.439589097      13.13    -35.95     -0.15  0.        1015.330      -2457.304      -2329.820    0.000  -0.024   0.066   0.
  2017 352 10 33  1 497 352.439600671      13.38    -35.64     -1.04  0.        1018.651      -2458.280      -2327.424    0.000  -0.024   0.066   0.
  2017 352 10 33  2 498 352.439612245      13.99    -35.53     -2.03  0.        1021.971      -2459.253      -2325.026    0.000  -0.024   0.067   0.
  2017 352 10 33  3 498 352.439623819      14.99    -35.62     -3.12  0.        1025.289      -2460.224      -2322.625    0.000  -0.024   0.067   0.
  2017 352 10 33  4 497 352.439635394      16.21    -35.85     -4.08  0.        1028.607      -2461.193      -2320.223    0.000  -0.024   0.067   0.
  2017 352 10 33  5 497 352.439646968      17.51    -36.23     -4.91  0.        1031.924      -2462.160      -2317.817    0.000  -0.024   0.067   0.
  2017 352 10 33  6 497 352.439658539      18.80    -36.68     -5.61  0.        1035.239      -2463.124      -2315.410    0.000  -0.025   0.068   0.
  2017 352 10 33  7 497 352.439670113      20.02    -37.24     -6.27  0.        1038.554      -2464.085      -2313.001    0.000  -0.025   0.068   0.
  2017 352 10 33  8 497 352.439681687      21.18    -37.77     -6.83  0.        1041.868      -2465.045      -2310.589    0.000  -0.025   0.068   0.
  2017 352 10 33  9 497 352.439693261      22.18    -38.23     -7.26  0.        1045.180      -2466.002      -2308.175    0.000  -0.025   0.068   0.
  2017 352 10 33 10 497 352.439704835      23.08    -38.55     -7.72  0.        1048.492      -2466.956      -2305.758    0.000  -0.025   0.069   0.
  2017 352 10 33 11 497 352.439716409      23.83    -38.85     -8.16  0.        1051.802      -2467.908      -2303.340    0.000  -0.025   0.069   0.
  2017 352 10 33 12 497 352.439727983      24.39    -39.20     -8.52  0.        1055.112      -2468.858      -2300.919    0.000  -0.025   0.070   0.
  2017 352 10 33 13 497 352.439739557      24.62    -39.58     -8.64  0.        1058.421      -2469.805      -2298.496    0.000  -0.025   0.070   0.
  2017 352 10 33 14 497 352.439751131      24.70    -39.71     -8.71  0.        1061.728      -2470.750      -2296.071    0.000  -0.025   0.070   0.
  2017 352 10 33 15 497 352.439762705      24.84    -39.71     -9.02  0.        1065.035      -2471.693      -2293.643    0.000  -0.025   0.070   0.
  2017 352 10 33 16 497 352.439774280      25.06    -39.86     -9.54  0.        1068.340      -2472.633      -2291.213    0.000  -0.026   0.071   0.
  2017 352 10 33 17 497 352.439785854      25.28    -40.13    -10.13  0.        1071.645      -2473.570      -2288.781    0.000  -0.026   0.071   0.
  2017 352 10 33 18 497 352.439797428      25.47    -40.55    -10.66  0.        1074.948      -2474.506      -2286.347    0.000  -0.026   0.071   0.
  2017 352 10 33 19 497 352.439809002      25.65    -40.91    -10.89  0.        1078.250      -2475.439      -2283.911    0.000  -0.026   0.071   0.
  2017 352 10 33 20 497 352.439820576      25.88    -41.09    -10.86  0.        1081.552      -2476.369      -2281.472    0.000  -0.026   0.072   0.
  2017 352 10 33 21 497 352.439832150      26.11    -41.28    -10.65  0.        1084.852      -2477.297      -2279.031    0.000  -0.026   0.072   0.
  2017 352 10 33 22 497 352.439843724      26.43    -41.54    -10.42  0.        1088.151      -2478.223      -2276.588    0.000  -0.026   0.072   0.
  2017 352 10 33 23 497 352.439855298      26.77    -41.87    -10.17  0.        1091.449      -2479.147      -2274.143    0.000  -0.026   0.072   0.
  2017 352 10 33 24 497 352.439866872      27.13    -42.18     -9.91  0.        1094.746      -2480.067      -2271.695    0.000  -0.026   0.073   0.
  2017 352 10 33 25 497 352.439878446      27.36    -42.51     -9.57  0.        1098.043      -2480.986      -2269.246    0.000  -0.026   0.073   0.
  2017 352 10 33 26 497 352.439890020      27.39    -42.81     -9.08  0.        1101.338      -2481.902      -2266.794    0.000  -0.027   0.073   0.
  2017 352 10 33 27 497 352.439901594      27.31    -43.18     -8.58  0.        1104.632      -2482.816      -2264.340    0.000  -0.027   0.073   0.
  2017 352 10 33 28 497 352.439913168      27.18    -43.56     -8.07  0.        1107.925      -2483.727      -2261.883    0.000  -0.027   0.074   0.
  2017 352 10 33 29 497 352.439924742      27.12    -44.05     -7.65  0.        1111.216      -2484.636      -2259.425    0.000  -0.027   0.074   0.
  2017 352 10 33 30 497 352.439936317      27.13    -44.64     -7.14  0.        1114.507      -2485.543      -2256.964    0.000  -0.027   0.074   0.
  2017 352 10 33 31 497 352.439947891      27.16    -45.33     -6.47  0.        1117.797      -2486.447      -2254.501    0.000  -0.027   0.074   0.
  2017 352 10 33 32 497 352.439959465      27.24    -46.08     -5.80  0.        1121.085      -2487.349      -2252.036    0.000  -0.027   0.075   0.
  2017 352 10 33 33 497 352.439971039      27.39    -46.78     -4.98  0.        1124.373      -2488.248      -2249.569    0.000  -0.027   0.075   0.
  2017 352 10 33 34 497 352.439982613      27.68    -47.50     -4.14  0.        1127.659      -2489.145      -2247.099    0.000  -0.027   0.075   0.
  2017 352 10 33 35 497 352.439994187      28.10    -48.24     -3.36  0.        1130.945      -2490.039      -2244.628    0.000  -0.027   0.075   0.
  2017 352 10 33 36 497 352.440005758      28.73    -49.03     -2.55  0.        1134.229      -2490.931      -2242.154    0.000  -0.028   0.076   0.
  2017 352 10 33 37 497 352.440017332      29.54    -49.89     -1.79  0.        1137.512      -2491.821      -2239.678    0.000  -0.028   0.076   0.
  2017 352 10 33 38 497 352.440028906      30.49    -50.91     -0.92  0.        1140.794      -2492.708      -2237.200    0.000  -0.028   0.077   0.
  2017 352 10 33 39 497 352.440040480      31.65    -52.01      0.12  0.        1144.075      -2493.593      -2234.719    0.000  -0.028   0.077   0.
  2017 352 10 33 40 497 352.440052054      32.93    -53.29      1.32  0.        1147.355      -2494.476      -2232.237    0.000  -0.028   0.077   0.
  2017 352 10 33 41 497 352.440063629      34.36    -54.65      2.72  0.        1150.633      -2495.356      -2229.752    0.000  -0.028   0.077   0.
  2017 352 10 33 42 497 352.440075203      35.90    -56.14      4.44  0.        1153.911      -2496.233      -2227.265    0.000  -0.028   0.078   0.
  2017 352 10 33 43 497 352.440086777      37.49    -57.68      6.46  0.        1157.188      -2497.109      -2224.776    0.000  -0.028   0.078   0.
  2017 352 10 33 44 497 352.440098351      39.07    -59.25      8.80  0.        1160.463      -2497.981      -2222.285    0.000  -0.028   0.078   0.
  2017 352 10 33 45 497 352.440109925      40.55    -60.77     11.50  0.        1163.737      -2498.852      -2219.792    0.000  -0.028   0.078   0.
  2017 352 10 33 46 497 352.440121499      41.90    -62.16     14.50  0.        1167.010      -2499.720      -2217.296    0.000  -0.029   0.078   0.
  2017 352 10 33 47 497 352.440133073      43.10    -63.37     17.59  0.        1170.282      -2500.585      -2214.799    0.000  -0.029   0.078   0.
  2017 352 10 33 48 497 352.440144647      44.18    -64.36     20.76  0.        1173.553      -2501.449      -2212.299    0.000  -0.029   0.079   0.
  2017 352 10 33 49 497 352.440156221      45.18    -65.24     23.87  0.        1176.823      -2502.309      -2209.797    0.000  -0.029   0.079   0.
  2017 352 10 33 50 497 352.440167795      46.09    -66.01     27.05  0.        1180.092      -2503.167      -2207.293    0.000  -0.029   0.080   0.
  2017 352 10 33 51 497 352.440179369      46.91    -66.79     30.17  0.        1183.359      -2504.023      -2204.787    0.000  -0.029   0.080   0.
  2017 352 10 33 52 497 352.440190943      47.62    -67.41     33.33  0.        1186.625      -2504.877      -2202.278    0.000  -0.029   0.080   0.
  2017 352 10 33 53 497 352.440202517      48.30    -67.97     36.46  0.        1189.891      -2505.728      -2199.768    0.000  -0.029   0.080   0.
  2017 352 10 33 54 497 352.440214091      48.94    -68.44     39.59  0.        1193.155      -2506.576      -2197.255    0.000  -0.029   0.081   0.
  2017 352 10 33 55 497 352.440225665      49.56    -68.81     42.65  0.        1196.418      -2507.423      -2194.741    0.000  -0.029   0.081   0.
  2017 352 10 33 56 497 352.440237240      50.20    -69.05     45.77  0.        1199.679      -2508.267      -2192.224    0.000  -0.030   0.081   0.
  2017 352 10 33 57 497 352.440248814      50.83    -69.20     48.89  0.        1202.940      -2509.108      -2189.705    0.000  -0.030   0.081   0.
  2017 352 10 33 58 497 352.440260388      51.48    -69.20     52.06  0.        1206.199      -2509.947      -2187.184    0.000  -0.030   0.082   0.
  2017 352 10 33 59 497 352.440271962      52.06    -69.04     55.33  0.        1209.457      -2510.783      -2184.660    0.000  -0.030   0.082   0.
  2017 352 10 34  0 497 352.440283536      52.54    -68.73     58.72  0.        1212.715      -2511.618      -2182.135    0.000  -0.030   0.083   0.
  2017 352 10 34  1 497 352.440295110      52.94    -68.25     62.23  0.        1215.970      -2512.449      -2179.608    0.000  -0.030   0.083   0.
  2017 352 10 34  2 497 352.440306684      53.21    -67.64     65.90  0.        1219.225      -2513.278      -2177.078    0.000  -0.030   0.083   0.
  2017 352 10 34  3 497 352.440318258      53.37    -66.79     69.64  0.        1222.479      -2514.105      -2174.546    0.000  -0.030   0.083   0.
  2017 352 10 34  4 497 352.440329829      53.44    -65.81     73.36  0.        1225.731      -2514.930      -2172.013    0.000  -0.030   0.084   0.
  2017 352 10 34  5 497 352.440341403      53.41    -64.68     77.06  0.        1228.982      -2515.752      -2169.477    0.000  -0.030   0.084   0.
  2017 352 10 34  6 497 352.440352977      53.28    -63.40     80.80  0.        1232.232      -2516.571      -2166.939    0.000  -0.031   0.084   0.
  2017 352 10 34  7 497 352.440364552      53.12    -62.01     84.48  0.        1235.481      -2517.388      -2164.399    0.000  -0.031   0.084   0.
  2017 352 10 34  8 497 352.440376126      52.95    -60.42     88.12  0.        1238.729      -2518.203      -2161.856    0.000  -0.031   0.084   0.
  2017 352 10 34  9 497 352.440387700      52.75    -58.70     91.71  0.        1241.975      -2519.015      -2159.312    0.000  -0.031   0.084   0.
  2017 352 10 34 10 497 352.440399274      52.53    -56.92     95.24  0.        1245.220      -2519.825      -2156.766    0.000  -0.031   0.085   0.
  2017 352 10 34 11 497 352.440410848      52.31    -55.04     98.74  0.        1248.465      -2520.633      -2154.217    0.000  -0.031   0.085   0.
  2017 352 10 34 12 497 352.440422422      52.07    -53.06    102.17  0.        1251.708      -2521.438      -2151.667    0.000  -0.031   0.086   0.
  2017 352 10 34 13 497 352.440433996      51.80    -51.00    105.53  0.        1254.949      -2522.240      -2149.114    0.000  -0.031   0.086   0.
  2017 352 10 34 14 497 352.440445570      51.47    -48.91    108.85  0.        1258.190      -2523.040      -2146.560    0.000  -0.031   0.086   0.
  2017 352 10 34 15 497 352.440457144      51.09    -46.72    112.07  0.        1261.429      -2523.838      -2144.003    0.000  -0.031   0.086   0.
  2017 352 10 34 16 497 352.440468718      50.61    -44.45    115.30  0.        1264.667      -2524.633      -2141.444    0.000  -0.032   0.087   0.
  2017 352 10 34 17 497 352.440480292      50.06    -42.07    118.48  0.        1267.904      -2525.426      -2138.883    0.000  -0.032   0.087   0.
  2017 352 10 34 18 497 352.440491866      49.38    -39.58    121.67  0.        1271.139      -2526.216      -2136.320    0.000  -0.032   0.087   0.
  2017 352 10 34 19 497 352.440503440      48.53    -36.94    124.93  0.        1274.374      -2527.004      -2133.755    0.000  -0.032   0.087   0.
  2017 352 10 34 20 497 352.440515014      47.55    -34.15    128.15  0.        1277.607      -2527.790      -2131.188    0.000  -0.032   0.088   0.
  2017 352 10 34 21 497 352.440526589      46.45    -31.25    131.26  0.        1280.839      -2528.573      -2128.619    0.000  -0.032   0.088   0.
  2017 352 10 34 22 497 352.440538163      45.18    -28.23    134.35  0.        1284.069      -2529.354      -2126.048    0.000  -0.032   0.089   0.
  2017 352 10 34 23 497 352.440549737      43.77    -25.13    137.31  0.        1287.299      -2530.132      -2123.474    0.000  -0.032   0.089   0.
  2017 352 10 34 24 497 352.440561311      42.25    -21.95    140.11  0.        1290.527      -2530.908      -2120.899    0.000  -0.033   0.089   0.
  2017 352 10 34 25 497 352.440572885      40.64    -18.70    142.84  0.        1293.754      -2531.681      -2118.322    0.000  -0.033   0.089   0.
  2017 352 10 34 26 497 352.440584459      38.96    -15.28    145.42  0.        1296.980      -2532.452      -2115.742    0.000  -0.033   0.090   0.
  2017 352 10 34 27 497 352.440596033      37.22    -11.78    147.94  0.        1300.204      -2533.221      -2113.161    0.000  -0.033   0.090   0.
  2017 352 10 34 28 497 352.440607607      35.45     -8.20    150.22  0.        1303.427      -2533.987      -2110.578    0.000  -0.033   0.090   0.
  2017 352 10 34 29 497 352.440619181      33.66     -4.51    152.35  0.        1306.649      -2534.750      -2107.992    0.000  -0.033   0.090   0.
  2017 352 10 34 30 497 352.440630755      31.81     -0.71    154.37  0.        1309.870      -2535.512      -2105.405    0.000  -0.033   0.091   0.
  2017 352 10 34 31 497 352.440642329      29.99      3.18    156.09  0.        1313.089      -2536.270      -2102.815    0.000  -0.033   0.091   0.
  2017 352 10 34 32 497 352.440653903      28.11      7.17    157.68  0.        1316.308      -2537.027      -2100.223    0.000  -0.033   0.091   0.
  2017 352 10 34 33 497 352.440665477      26.23     11.22    159.12  0.        1319.524      -2537.780      -2097.630    0.000  -0.033   0.091   0.
  2017 352 10 34 34 497 352.440677052      24.29     15.19    160.49  0.        1322.740      -2538.532      -2095.034    0.000  -0.033   0.092   0.
  2017 352 10 34 35 497 352.440688626      22.32     19.12    161.79  0.        1325.955      -2539.281      -2092.437    0.000  -0.033   0.092   0.
  2017 352 10 34 36 497 352.440700197      20.34     22.95    163.04  0.        1329.168      -2540.028      -2089.837    0.000  -0.034   0.092   0.
  2017 352 10 34 37 497 352.440711771      18.30     26.78    164.27  0.        1332.380      -2540.772      -2087.235    0.000  -0.034   0.092   0.
  2017 352 10 34 38 497 352.440723345      16.27     30.60    165.28  0.        1335.590      -2541.513      -2084.631    0.000  -0.034   0.093   0.
  2017 352 10 34 39 497 352.440734919      14.19     34.44    166.17  0.        1338.799      -2542.253      -2082.026    0.000  -0.034   0.093   0.
  2017 352 10 34 40 496 352.440746493      12.06     38.40    166.93  0.        1342.007      -2542.990      -2079.418    0.000  -0.034   0.093   0.
  2017 352 10 34 41 496 352.440758067       9.85     42.39    167.56  0.        1345.214      -2543.724      -2076.808    0.000  -0.034   0.093   0.
  2017 352 10 34 42 496 352.440769641       7.60     46.47    168.06  0.        1348.419      -2544.456      -2074.197    0.000  -0.034   0.094   0.
  2017 352 10 34 43 496 352.440781215       5.27     50.61    168.40  0.        1351.624      -2545.185      -2071.583    0.000  -0.034   0.094   0.
  2017 352 10 34 44 497 352.440792789       2.84     54.87    168.59  0.        1354.826      -2545.912      -2068.967    0.000  -0.034   0.095   0.
  2017 352 10 34 45 497 352.440804363       0.11     59.18    168.58  0.        1358.028      -2546.637      -2066.349    0.000  -0.034   0.095   0.
  2017 352 10 34 46 497 352.440815937      -2.94     63.56    168.37  0.        1361.228      -2547.359      -2063.730    0.000  -0.035   0.095   0.
  2017 352 10 34 47 496 352.440827512      -6.44     68.06    168.06  0.        1364.427      -2548.079      -2061.108    0.000  -0.035   0.095   0.
  2017 352 10 34 48 497 352.440839086      -9.88     72.67    167.66  0.        1367.625      -2548.796      -2058.485    0.000  -0.035   0.096   0.
  2017 352 10 34 49 497 352.440850660     -13.26     77.36    167.02  0.        1370.821      -2549.511      -2055.859    0.000  -0.035   0.096   0.
  2017 352 10 34 50 497 352.440862234     -17.47     81.99    166.21  0.        1374.016      -2550.223      -2053.231    0.000  -0.035   0.096   0.
  2017 352 10 34 51 497 352.440873808     -22.13     86.68    165.36  0.        1377.210      -2550.933      -2050.602    0.000  -0.035   0.096   0.
  2017 352 10 34 52 497 352.440885382     -26.41     91.65    164.39  0.        1380.402      -2551.641      -2047.970    0.000  -0.035   0.097   0.
  2017 352 10 34 53 496 352.440896956     -29.36     97.05    163.08  0.        1383.593      -2552.346      -2045.337    0.000  -0.035   0.097   0.
  2017 352 10 34 54 496 352.440908530     -31.09    102.94    161.33  0.        1386.783      -2553.049      -2042.701    0.000  -0.035   0.097   0.
  2017 352 10 34 55 496 352.440920104     -32.69    108.90    158.93  0.        1389.971      -2553.749      -2040.064    0.000  -0.035   0.097   0.
  2017 352 10 34 56 496 352.440931678     -36.07    114.28    156.15  0.        1393.158      -2554.447      -2037.424    0.000  -0.036   0.098   0.
  2017 352 10 34 57 496 352.440943252     -40.76    119.29    153.05  0.        1396.344      -2555.142      -2034.783    0.000  -0.036   0.098   0.
  2017 352 10 34 58 497 352.440954826     -44.63    124.88    149.61  0.        1399.528      -2555.835      -2032.140    0.000  -0.036   0.098   0.
  2017 352 10 34 59 497 352.440966400     -47.70    130.53    145.45  0.        1402.712      -2556.525      -2029.494    0.000  -0.036   0.098   0.
  2017 352 10 35  0 496 352.440977975     -50.27    136.28    141.20  0.        1405.893      -2557.213      -2026.847    0.000  -0.036   0.099   0.
  2017 352 10 35  1 496 352.440989549     -51.81    142.18    136.25  0.        1409.074      -2557.899      -2024.198    0.000  -0.036   0.099   0.
  2017 352 10 35  2 497 352.441001123     -53.39    148.05    130.71  0.        1412.253      -2558.582      -2021.547    0.000  -0.036   0.100   0.
  2017 352 10 35  3 497 352.441012697     -55.22    153.50    124.69  0.        1415.431      -2559.262      -2018.894    0.000  -0.036   0.100   0.
  2017 352 10 35  4 497 352.441024271     -57.29    158.52    118.43  0.        1418.607      -2559.940      -2016.239    0.000  -0.036   0.100   0.
  2017 352 10 35  5 497 352.441035845     -59.01    163.35    111.91  0.        1421.782      -2560.616      -2013.582    0.000  -0.036   0.100   0.
  2017 352 10 35  6 496 352.441047416     -61.09    167.41    104.94  0.        1424.955      -2561.289      -2010.923    0.000  -0.037   0.101   0.
  2017 352 10 35  7 496 352.441058990     -63.23    171.31     97.86  0.        1428.128      -2561.960      -2008.263    0.000  -0.037   0.101   0.
  2017 352 10 35  8 496 352.441070564     -63.37    175.30     90.38  0.        1431.299      -2562.629      -2005.600    0.000  -0.037   0.101   0.
  2017 352 10 35  9 496 352.441082138     -68.93    176.95     83.14  0.        1434.468      -2563.295      -2002.936    0.000  -0.037   0.101   0.
  2017 352 10 35 10 496 352.441093712     -73.20    178.96     75.59  0.        1437.637      -2563.958      -2000.269    0.000  -0.037   0.102   0.
  2017 352 10 35 11 496 352.441105286     -77.58    180.52     67.70  0.        1440.803      -2564.619      -1997.601    0.000  -0.037   0.102   0.
  2017 352 10 35 12 496 352.441116861     -81.12    182.08     59.58  0.        1443.969      -2565.278      -1994.930    0.000  -0.037   0.102   0.
  2017 352 10 35 13 496 352.441128435     -83.47    183.83     51.26  0.        1447.133      -2565.934      -1992.258    0.000  -0.037   0.102   0.
  2017 352 10 35 14 496 352.441140009     -84.56    185.68     42.74  0.        1450.295      -2566.588      -1989.584    0.000  -0.037   0.103   0.
  2017 352 10 35 15 496 352.441151583     -84.55    187.53     34.08  0.        1453.457      -2567.239      -1986.908    0.000  -0.037   0.103   0.
  2017 352 10 35 16 496 352.441163157     -83.93    189.10     25.29  0.        1456.617      -2567.888      -1984.230    0.000  -0.038   0.103   0.
  2017 352 10 35 17 496 352.441174731     -83.50    190.10     16.54  0.        1459.775      -2568.534      -1981.550    0.000  -0.038   0.103   0.
  2017 352 10 35 18 496 352.441186305     -83.29    190.50      7.98  0.        1462.932      -2569.178      -1978.868    0.000  -0.038   0.104   0.
  2017 352 10 35 19 496 352.441197879     -82.82    190.47     -0.60  0.        1466.088      -2569.820      -1976.185    0.000  -0.038   0.104   0.
  2017 352 10 35 20 496 352.441209453     -82.12    190.05     -9.11  0.        1469.242      -2570.459      -1973.499    0.000  -0.038   0.104   0.
  2017 352 10 35 21 496 352.441221027     -81.32    189.16    -17.51  0.        1472.395      -2571.096      -1970.812    0.000  -0.038   0.104   0.
  2017 352 10 35 22 496 352.441232601     -80.37    187.84    -25.78  0.        1475.547      -2571.730      -1968.123    0.000  -0.038   0.105   0.
  2017 352 10 35 23 496 352.441244175     -79.21    186.15    -33.91  0.        1478.697      -2572.361      -1965.431    0.000  -0.038   0.105   0.
  2017 352 10 35 24 496 352.441255749     -77.80    184.08    -41.92  0.        1481.846      -2572.991      -1962.738    0.000  -0.038   0.105   0.
  2017 352 10 35 25 496 352.441267323     -76.05    181.68    -49.81  0.        1484.993      -2573.618      -1960.044    0.000  -0.038   0.105   0.
  2017 352 10 35 26 496 352.441278898     -73.96    178.90    -57.59  0.        1488.139      -2574.242      -1957.347    0.000  -0.039   0.106   0.
  2017 352 10 35 27 496 352.441290472     -71.44    175.87    -65.27  0.        1491.283      -2574.864      -1954.648    0.000  -0.039   0.106   0.
  2017 352 10 35 28 496 352.441302046     -68.57    172.55    -72.70  0.        1494.426      -2575.483      -1951.948    0.000  -0.039   0.107   0.
  2017 352 10 35 29 496 352.441313620     -65.43    168.90    -79.88  0.        1497.568      -2576.100      -1949.245    0.000  -0.039   0.107   0.
  2017 352 10 35 30 496 352.441325194     -62.08    165.00    -86.66  0.        1500.708      -2576.715      -1946.541    0.000  -0.039   0.107   0.
  2017 352 10 35 31 496 352.441336768     -58.61    160.88    -92.96  0.        1503.847      -2577.327      -1943.835    0.000  -0.039   0.107   0.
  2017 352 10 35 32 496 352.441348342     -54.95    156.47    -98.91  0.        1506.985      -2577.936      -1941.127    0.000  -0.039   0.108   0.
  2017 352 10 35 33 496 352.441359916     -51.14    151.97   -104.35  0.        1510.121      -2578.544      -1938.417    0.000  -0.039   0.108   0.
  2017 352 10 35 34 496 352.441371490     -47.15    147.36   -109.34  0.        1513.255      -2579.149      -1935.706    0.000  -0.039   0.108   0.
  2017 352 10 35 35 496 352.441383064     -43.04    142.65   -113.88  0.        1516.388      -2579.751      -1932.992    0.000  -0.039   0.108   0.
  2017 352 10 35 36 496 352.441394635     -38.76    137.83   -118.02  0.        1519.520      -2580.351      -1930.277    0.000  -0.040   0.109   0.
  2017 352 10 35 37 496 352.441406210     -34.39    133.01   -121.67  0.        1522.650      -2580.949      -1927.560    0.000  -0.040   0.109   0.
  2017 352 10 35 38 496 352.441417784     -30.00    128.14   -124.80  0.        1525.779      -2581.544      -1924.841    0.000  -0.040   0.109   0.
  2017 352 10 35 39 496 352.441429358     -25.55    123.31   -127.49  0.        1528.906      -2582.136      -1922.120    0.000  -0.040   0.109   0.
  2017 352 10 35 40 496 352.441440932     -21.07    118.51   -129.76  0.        1532.032      -2582.726      -1919.398    0.000  -0.040   0.110   0.
  2017 352 10 35 41 496 352.441452506     -16.55    113.74   -131.63  0.        1535.156      -2583.314      -1916.673    0.000  -0.040   0.110   0.
  2017 352 10 35 42 496 352.441464080     -12.02    109.03   -133.10  0.        1538.279      -2583.899      -1913.947    0.000  -0.040   0.110   0.
  2017 352 10 35 43 496 352.441475654      -7.56    104.38   -134.13  0.        1541.401      -2584.482      -1911.219    0.000  -0.040   0.110   0.
  2017 352 10 35 44 496 352.441487228      -3.02     99.80   -134.82  0.        1544.521      -2585.062      -1908.489    0.000  -0.040   0.111   0.
  2017 352 10 35 45 496 352.441498802       1.44     95.37   -135.16  0.        1547.639      -2585.640      -1905.757    0.000  -0.040   0.111   0.
  2017 352 10 35 46 496 352.441510376       5.87     91.10   -135.13  0.        1550.756      -2586.216      -1903.024    0.000  -0.041   0.111   0.
  2017 352 10 35 47 496 352.441521950      10.19     87.00   -134.79  0.        1553.872      -2586.789      -1900.288    0.000  -0.041   0.111   0.
  2017 352 10 35 48 496 352.441533524      14.34     83.15   -134.11  0.        1556.986      -2587.359      -1897.551    0.000  -0.041   0.112   0.
  2017 352 10 35 49 496 352.441545098      18.39     79.39   -133.26  0.        1560.099      -2587.927      -1894.812    0.000  -0.041   0.112   0.
  2017 352 10 35 50 496 352.441556672      22.32     75.81   -132.12  0.        1563.210      -2588.493      -1892.072    0.000  -0.041   0.112   0.
  2017 352 10 35 51 496 352.441568246      26.12     72.31   -130.84  0.        1566.320      -2589.056      -1889.329    0.000  -0.041   0.112   0.
  2017 352 10 35 52 496 352.441579821      29.83     69.07   -129.27  0.        1569.428      -2589.617      -1886.585    0.000  -0.041   0.113   0.
  2017 352 10 35 53 496 352.441591395      33.42     66.02   -127.43  0.        1572.535      -2590.175      -1883.839    0.000  -0.041   0.113   0.
  2017 352 10 35 54 496 352.441602969      36.94     63.21   -125.39  0.        1575.640      -2590.731      -1881.091    0.000  -0.041   0.114   0.
  2017 352 10 35 55 496 352.441614543      40.30     60.62   -123.04  0.        1578.744      -2591.284      -1878.341    0.000  -0.041   0.114   0.
  2017 352 10 35 56 496 352.441626117      43.51     58.21   -120.47  0.        1581.847      -2591.835      -1875.590    0.000  -0.042   0.114   0.
  2017 352 10 35 57 496 352.441637691      46.54     56.04   -117.67  0.        1584.947      -2592.384      -1872.837    0.000  -0.042   0.114   0.
  2017 352 10 35 58 496 352.441649265      49.39     53.99   -114.78  0.        1588.047      -2592.930      -1870.082    0.000  -0.042   0.115   0.
  2017 352 10 35 59 496 352.441660839      52.06     52.06   -111.78  0.        1591.145      -2593.474      -1867.325    0.000  -0.042   0.115   0.
  2017 352 10 36  0 496 352.441672413      54.59     50.32   -108.73  0.        1594.241      -2594.015      -1864.566    0.000  -0.042   0.115   0.
  2017 352 10 36  1 496 352.441683987      56.93     48.73   -105.64  0.        1597.336      -2594.554      -1861.806    0.000  -0.042   0.115   0.
  2017 352 10 36  2 496 352.441695561      59.10     47.33   -102.48  0.        1600.429      -2595.090      -1859.044    0.000  -0.042   0.116   0.
  2017 352 10 36  3 496 352.441707135      61.08     46.13    -99.28  0.        1603.521      -2595.624      -1856.280    0.000  -0.042   0.116   0.
  2017 352 10 36  4 496 352.441718709      62.88     45.10    -96.00  0.        1606.611      -2596.155      -1853.515    0.000  -0.042   0.116   0.
  2017 352 10 36  5 496 352.441730284      64.55     44.19    -92.75  0.        1609.700      -2596.684      -1850.748    0.000  -0.042   0.116   0.
  2017 352 10 36  6 496 352.441741855      66.06     43.36    -89.43  0.        1612.787      -2597.211      -1847.978    0.000  -0.043   0.117   0.
  2017 352 10 36  7 496 352.441753429      67.39     42.64    -85.96  0.        1615.873      -2597.735      -1845.208    0.000  -0.043   0.117   0.
  2017 352 10 36  8 496 352.441765003      68.62     41.99    -82.54  0.        1618.958      -2598.256      -1842.435    0.000  -0.043   0.117   0.
  2017 352 10 36  9 496 352.441776577      69.73     41.25    -79.14  0.        1622.040      -2598.776      -1839.661    0.000  -0.043   0.117   0.
  2017 352 10 36 10 496 352.441788151      70.75     40.43    -75.77  0.        1625.121      -2599.292      -1836.885    0.000  -0.043   0.118   0.
  2017 352 10 36 11 496 352.441799725      71.66     39.68    -72.45  0.        1628.201      -2599.807      -1834.107    0.000  -0.043   0.118   0.
  2017 352 10 36 12 496 352.441811299      72.39     39.08    -69.09  0.        1631.279      -2600.319      -1831.328    0.000  -0.043   0.119   0.
  2017 352 10 36 13 496 352.441822873      72.98     38.63    -65.79  0.        1634.356      -2600.828      -1828.547    0.000  -0.043   0.119   0.
  2017 352 10 36 14 496 352.441834447      73.41     38.43    -62.48  0.        1637.431      -2601.335      -1825.764    0.000  -0.043   0.119   0.
  2017 352 10 36 15 496 352.441846021      73.65     38.33    -59.23  0.        1640.505      -2601.839      -1822.979    0.000  -0.043   0.119   0.
  2017 352 10 36 16 496 352.441857596      73.72     38.41    -56.05  0.        1643.577      -2602.341      -1820.193    0.000  -0.044   0.120   0.
  2017 352 10 36 17 496 352.441869170      73.62     38.70    -52.91  0.        1646.647      -2602.841      -1817.405    0.000  -0.044   0.120   0.
  2017 352 10 36 18 496 352.441880744      73.35     39.08    -49.86  0.        1649.716      -2603.338      -1814.615    0.000  -0.044   0.120   0.
  2017 352 10 36 19 496 352.441892318      72.90     39.52    -46.89  0.        1652.783      -2603.833      -1811.824    0.000  -0.044   0.120   0.
  2017 352 10 36 20 496 352.441903892      72.31     39.99    -44.03  0.        1655.849      -2604.325      -1809.030    0.000  -0.044   0.121   0.
  2017 352 10 36 21 496 352.441915466      71.59     40.46    -41.22  0.        1658.913      -2604.815      -1806.236    0.000  -0.044   0.121   0.
  2017 352 10 36 22 496 352.441927040      70.81     40.91    -38.63  0.        1661.976      -2605.303      -1803.439    0.000  -0.044   0.121   0.
  2017 352 10 36 23 496 352.441938614      69.93     41.38    -36.16  0.        1665.037      -2605.788      -1800.641    0.000  -0.044   0.121   0.
  2017 352 10 36 24 496 352.441950188      68.92     41.89    -33.82  0.        1668.097      -2606.270      -1797.841    0.000  -0.044   0.122   0.
  2017 352 10 36 25 496 352.441961762      67.78     42.44    -31.62  0.        1671.155      -2606.750      -1795.039    0.000  -0.044   0.122   0.
  2017 352 10 36 26 496 352.441973336      66.50     42.97    -29.52  0.        1674.212      -2607.228      -1792.236    0.000  -0.044   0.122   0.
  2017 352 10 36 27 496 352.441984910      65.10     43.57    -27.58  0.        1677.266      -2607.703      -1789.431    0.000  -0.044   0.122   0.
  2017 352 10 36 28 496 352.441996484      63.64     44.04    -25.81  0.        1680.320      -2608.176      -1786.624    0.000  -0.045   0.123   0.
  2017 352 10 36 29 496 352.442008058      62.08     44.50    -24.20  0.        1683.372      -2608.647      -1783.816    0.000  -0.045   0.123   0.
  2017 352 10 36 30 496 352.442019633      60.46     44.84    -22.75  0.        1686.422      -2609.115      -1781.006    0.000  -0.045   0.123   0.
  2017 352 10 36 31 496 352.442031207      58.82     45.14    -21.42  0.        1689.470      -2609.580      -1778.194    0.000  -0.045   0.123   0.
  2017 352 10 36 32 496 352.442042781      57.15     45.31    -20.21  0.        1692.517      -2610.043      -1775.381    0.000  -0.045   0.124   0.
  2017 352 10 36 33 496 352.442054355      55.51     45.38    -19.15  0.        1695.563      -2610.504      -1772.566    0.000  -0.045   0.124   0.
  2017 352 10 36 34 496 352.442065926      53.85     45.35    -18.12  0.        1698.607      -2610.962      -1769.749    0.000  -0.045   0.124   0.
  2017 352 10 36 35 495 352.442077500      52.24     45.18    -17.17  0.        1701.649      -2611.418      -1766.931    0.000  -0.045   0.124   0.
  2017 352 10 36 36 495 352.442089074      50.70     44.92    -16.22  0.        1704.689      -2611.871      -1764.111    0.000  -0.045   0.125   0.
  2017 352 10 36 37 495 352.442100648      49.23     44.55    -15.36  0.        1707.729      -2612.322      -1761.289    0.000  -0.045   0.125   0.
  2017 352 10 36 38 495 352.442112222      47.82     44.09    -14.49  0.        1710.766      -2612.770      -1758.466    0.000  -0.046   0.126   0.
  2017 352 10 36 39 495 352.442123796      46.53     43.51    -13.73  0.        1713.802      -2613.216      -1755.641    0.000  -0.046   0.126   0.
  2017 352 10 36 40 496 352.442135370      45.31     42.93    -12.89  0.        1716.837      -2613.660      -1752.815    0.000  -0.046   0.126   0.
  2017 352 10 36 41 496 352.442146944      44.15     42.28    -12.03  0.        1719.870      -2614.101      -1749.986    0.000  -0.046   0.126   0.
  2017 352 10 36 42 495 352.442158518      43.12     41.62    -11.20  0.        1722.901      -2614.540      -1747.157    0.000  -0.046   0.127   0.
  2017 352 10 36 43 495 352.442170093      42.13     40.99    -10.35  0.        1725.930      -2614.976      -1744.325    0.000  -0.046   0.127   0.
  2017 352 10 36 44 496 352.442181667      41.16     40.41     -9.42  0.        1728.958      -2615.410      -1741.492    0.000  -0.046   0.127   0.
  2017 352 10 36 45 496 352.442193241      40.21     39.77     -8.59  0.        1731.984      -2615.841      -1738.657    0.000  -0.046   0.127   0.
  2017 352 10 36 46 496 352.442204815      39.27     39.24     -7.62  0.        1735.009      -2616.270      -1735.821    0.000  -0.046   0.128   0.
  2017 352 10 36 47 496 352.442216389      38.31     38.76     -6.70  0.        1738.032      -2616.697      -1732.983    0.000  -0.046   0.128   0.
  2017 352 10 36 48 496 352.442227963      37.32     38.39     -5.77  0.        1741.054      -2617.121      -1730.144    0.000  -0.047   0.128   0.
  2017 352 10 36 49 495 352.442239537      36.29     38.10     -4.83  0.        1744.074      -2617.543      -1727.302    0.000  -0.047   0.128   0.
  2017 352 10 36 50 495 352.442251111      35.17     37.88     -3.94  0.        1747.092      -2617.962      -1724.460    0.000  -0.047   0.129   0.
  2017 352 10 36 51 495 352.442262685      33.98     37.70     -3.17  0.        1750.109      -2618.378      -1721.615    0.000  -0.047   0.129   0.
  2017 352 10 36 52 495 352.442274259      32.71     37.62     -2.49  0.        1753.123      -2618.793      -1718.769    0.000  -0.047   0.129   0.
  2017 352 10 36 53 495 352.442285833      31.34     37.51     -1.64  0.        1756.137      -2619.205      -1715.922    0.000  -0.047   0.129   0.
  2017 352 10 36 54 496 352.442297407      29.59     37.38      0.32  0.        1759.149      -2619.615      -1713.073    0.000  -0.047   0.130   0.
  2017 352 10 36 55 496 352.442308981      27.36     37.38      3.70  0.        1762.159      -2620.022      -1710.222    0.000  -0.047   0.130   0.
  2017 352 10 36 56 495 352.442320556      25.31     37.33      6.33  0.        1765.167      -2620.426      -1707.369    0.000  -0.047   0.130   0.
  2017 352 10 36 57 495 352.442332130      23.57     36.89      7.14  0.        1768.174      -2620.829      -1704.516    0.000  -0.047   0.130   0.
  2017 352 10 36 58 496 352.442343704      21.94     36.46      7.48  0.        1771.179      -2621.228      -1701.660    0.000  -0.048   0.131   0.
  2017 352 10 36 59 496 352.442355278      20.68     35.89      7.21  0.        1774.183      -2621.626      -1698.803    0.000  -0.048   0.131   0.
  2017 352 10 37  0 496 352.442366852      20.01     35.07      6.42  0.        1777.185      -2622.021      -1695.944    0.000  -0.048   0.131   0.
  2017 352 10 37  1 496 352.442378426      18.95     34.98      6.83  0.        1780.185      -2622.413      -1693.084    0.000  -0.048   0.131   0.
  2017 352 10 37  2 495 352.442390000      17.62     35.28      7.81  0.        1783.184      -2622.803      -1690.222    0.000  -0.048   0.132   0.
  2017 352 10 37  3 495 352.442401574      15.57     35.07      9.53  0.        1786.181      -2623.191      -1687.359    0.000  -0.048   0.132   0.
  2017 352 10 37  4 495 352.442413145      12.41     34.59     12.42  0.        1789.176      -2623.576      -1684.494    0.000  -0.048   0.133   0.
  2017 352 10 37  5 495 352.442424719       8.77     33.54     14.82  0.        1792.170      -2623.959      -1681.627    0.000  -0.048   0.133   0.
  2017 352 10 37  6 495 352.442436293       4.64     32.07     17.28  0.        1795.162      -2624.340      -1678.759    0.000  -0.048   0.133   0.
  2017 352 10 37  7 495 352.442447867       2.13     29.81     19.10  0.        1798.152      -2624.718      -1675.890    0.000  -0.048   0.133   0.
  2017 352 10 37  8 495 352.442459442       1.08     27.97     19.29  0.        1801.141      -2625.093      -1673.018    0.000  -0.049   0.134   0.
  2017 352 10 37  9 495 352.442471016      -0.61     24.63     18.90  0.        1804.128      -2625.466      -1670.146    0.000  -0.049   0.134   0.
  2017 352 10 37 10 495 352.442482590       0.01     20.99     17.91  0.        1807.113      -2625.837      -1667.272    0.000  -0.049   0.134   0.
  2017 352 10 37 11 495 352.442494164       1.46     18.09     15.54  0.        1810.097      -2626.206      -1664.396    0.000  -0.049   0.134   0.
  2017 352 10 37 12 495 352.442505738       5.04     16.47     16.08  0.        1813.079      -2626.571      -1661.518    0.000  -0.049   0.135   0.
  2017 352 10 37 13 495 352.442517312      10.56     14.80     14.82  0.        1816.059      -2626.935      -1658.640    0.000  -0.049   0.135   0.
  2017 352 10 37 14 495 352.442528886      15.10     11.83     14.18  0.        1819.038      -2627.296      -1655.759    0.000  -0.049   0.135   0.
  2017 352 10 37 15 495 352.442540460      17.32      8.48     13.52  0.        1822.015      -2627.655      -1652.877    0.000  -0.049   0.135   0.
  2017 352 10 37 16 495 352.442552034      18.01      4.65     13.08  0.        1824.990      -2628.011      -1649.994    0.000  -0.049   0.136   0.
  2017 352 10 37 17 495 352.442563608      18.85      1.09     12.73  0.        1827.964      -2628.364      -1647.109    0.000  -0.049   0.136   0.
  2017 352 10 37 18 495 352.442575182      19.21     -1.99     11.87  0.        1830.936      -2628.716      -1644.222    0.000  -0.050   0.136   0.
  2017 352 10 37 19 495 352.442586756      18.91     -4.30     11.17  0.        1833.906      -2629.065      -1641.334    0.000  -0.050   0.136   0.
  2017 352 10 37 20 495 352.442598330      19.52     -5.02     11.71  0.        1836.875      -2629.412      -1638.445    0.000  -0.050   0.137   0.
  2017 352 10 37 21 495 352.442609905      21.63     -4.08     11.92  0.        1839.842      -2629.756      -1635.554    0.000  -0.050   0.137   0.
  2017 352 10 37 22 495 352.442621479      22.43     -3.52     11.69  0.        1842.807      -2630.097      -1632.661    0.000  -0.050   0.137   0.
  2017 352 10 37 23 495 352.442633053      23.34     -3.02     12.10  0.        1845.771      -2630.437      -1629.767    0.000  -0.050   0.137   0.
  2017 352 10 37 24 495 352.442644627      24.13     -3.15     12.82  0.        1848.733      -2630.774      -1626.872    0.000  -0.050   0.138   0.
  2017 352 10 37 25 495 352.442656201      24.98     -4.02     13.59  0.        1851.693      -2631.108      -1623.975    0.000  -0.050   0.138   0.
  2017 352 10 37 26 495 352.442667775      25.40     -4.58     14.36  0.        1854.651      -2631.440      -1621.076    0.000  -0.050   0.138   0.
  2017 352 10 37 27 495 352.442679349      25.68     -5.15     15.34  0.        1857.608      -2631.770      -1618.176    0.000  -0.050   0.138   0.
  2017 352 10 37 28 495 352.442690923      26.27     -5.97     16.15  0.        1860.563      -2632.097      -1615.275    0.000  -0.051   0.139   0.
  2017 352 10 37 29 495 352.442702497      27.05     -7.74     16.49  0.        1863.516      -2632.422      -1612.372    0.000  -0.051   0.139   0.
  2017 352 10 37 30 495 352.442714071      26.48    -10.81     18.03  0.        1866.468      -2632.744      -1609.468    0.000  -0.051   0.139   0.
  2017 352 10 37 31 495 352.442725645      25.40    -11.89     19.40  0.        1869.418      -2633.064      -1606.562    0.000  -0.051   0.139   0.
  2017 352 10 37 32 495 352.442737219      24.21    -12.20     21.06  0.        1872.366      -2633.382      -1603.654    0.000  -0.051   0.140   0.
  2017 352 10 37 33 495 352.442748793      23.28    -12.45     23.02  0.        1875.313      -2633.697      -1600.745    0.000  -0.051   0.140   0.
  2017 352 10 37 34 495 352.442760367      22.80    -12.87     25.11  0.        1878.258      -2634.010      -1597.835    0.000  -0.051   0.140   0.
  2017 352 10 37 35 495 352.442771942      22.47    -13.45     27.11  0.        1881.201      -2634.320      -1594.923    0.000  -0.051   0.140   0.
  2017 352 10 37 36 495 352.442783513      22.20    -14.06     28.96  0.        1884.142      -2634.628      -1592.010    0.000  -0.051   0.141   0.
  2017 352 10 37 37 495 352.442795087      22.07    -14.53     30.52  0.        1887.082      -2634.934      -1589.095    0.000  -0.051   0.141   0.
  2017 352 10 37 38 495 352.442806661      22.11    -14.84     31.85  0.        1890.020      -2635.237      -1586.179    0.000  -0.051   0.141   0.
  2017 352 10 37 39 495 352.442818235      22.19    -15.09     33.09  0.        1892.956      -2635.538      -1583.262    0.000  -0.051   0.141   0.
  2017 352 10 37 40 495 352.442829809      22.27    -15.33     34.20  0.        1895.890      -2635.836      -1580.342    0.000  -0.052   0.142   0.
  2017 352 10 37 41 495 352.442841383      22.27    -15.67     35.22  0.        1898.823      -2636.132      -1577.422    0.000  -0.052   0.142   0.
  2017 352 10 37 42 495 352.442852957      22.13    -15.76     36.26  0.        1901.754      -2636.426      -1574.500    0.000  -0.052   0.142   0.
  2017 352 10 37 43 495 352.442864531      22.13    -15.50     36.98  0.        1904.683      -2636.717      -1571.577    0.000  -0.052   0.142   0.
  2017 352 10 37 44 495 352.442876105      22.38    -14.69     37.35  0.        1907.611      -2637.005      -1568.652    0.000  -0.052   0.143   0.
  2017 352 10 37 45 495 352.442887679      24.37    -11.39     37.14  0.        1910.537      -2637.292      -1565.726    0.000  -0.052   0.143   0.
  2017 352 10 37 46 495 352.442899254      26.67     -6.42     35.86  0.        1913.461      -2637.576      -1562.798    0.000  -0.052   0.144   0.
  2017 352 10 37 47 495 352.442910828      27.88     -5.30     35.02  0.        1916.383      -2637.858      -1559.869    0.000  -0.052   0.144   0.
  2017 352 10 37 48 495 352.442922402      28.59     -4.42     34.28  0.        1919.304      -2638.137      -1556.939    0.000  -0.052   0.144   0.
  2017 352 10 37 49 495 352.442933976      28.59     -3.42     33.90  0.        1922.223      -2638.414      -1554.007    0.000  -0.052   0.144   0.
  2017 352 10 37 50 495 352.442945550      28.30     -2.37     33.65  0.        1925.140      -2638.688      -1551.073    0.000  -0.053   0.145   0.
  2017 352 10 37 51 495 352.442957124      27.35     -0.92     33.10  0.        1928.055      -2638.960      -1548.139    0.000  -0.053   0.145   0.
  2017 352 10 37 52 495 352.442968698      25.52     -0.37     32.70  0.        1930.968      -2639.230      -1545.202    0.000  -0.053   0.145   0.
  2017 352 10 37 53 495 352.442980272      24.66     -0.16     33.31  0.        1933.880      -2639.497      -1542.265    0.000  -0.053   0.145   0.
  2017 352 10 37 54 495 352.442991846      22.35     -2.33     32.97  0.        1936.791      -2639.762      -1539.326    0.000  -0.053   0.146   0.
  2017 352 10 37 55 495 352.443003420      20.81     -3.73     33.22  0.        1939.699      -2640.024      -1536.386    0.000  -0.053   0.146   0.
  2017 352 10 37 56 495 352.443014994      20.37     -3.78     32.53  0.        1942.606      -2640.284      -1533.444    0.000  -0.053   0.146   0.
  2017 352 10 37 57 495 352.443026568      20.24     -5.33     30.87  0.        1945.510      -2640.542      -1530.501    0.000  -0.053   0.146   0.
  2017 352 10 37 58 495 352.443038142      20.22     -5.46     29.77  0.        1948.413      -2640.797      -1527.556    0.000  -0.053   0.147   0.
  2017 352 10 37 59 495 352.443049716      20.76     -5.16     29.83  0.        1951.315      -2641.050      -1524.610    0.000  -0.053   0.147   0.
  2017 352 10 38  0 495 352.443061291      20.08     -5.48     29.25  0.        1954.214      -2641.300      -1521.663    0.000  -0.054   0.147   0.
  2017 352 10 38  1 495 352.443072865      20.53     -4.24     28.07  0.        1957.112      -2641.548      -1518.714    0.000  -0.054   0.147   0.
  2017 352 10 38  2 495 352.443084439      19.87     -4.93     27.94  0.        1960.008      -2641.794      -1515.764    0.000  -0.054   0.148   0.
  2017 352 10 38  3 495 352.443096013      18.09     -4.12     27.87  0.        1962.902      -2642.037      -1512.813    0.000  -0.054   0.148   0.
  2017 352 10 38  4 495 352.443107587      17.35     -3.90     27.65  0.        1965.795      -2642.278      -1509.860    0.000  -0.054   0.148   0.
  2017 352 10 38  5 495 352.443119161      16.77     -3.37     27.36  0.        1968.685      -2642.517      -1506.906    0.000  -0.054   0.148   0.
  2017 352 10 38  6 495 352.443130732      16.24     -3.24     26.73  0.        1971.574      -2642.753      -1503.950    0.000  -0.054   0.149   0.
  2017 352 10 38  7 495 352.443142306      16.09     -3.08     26.26  0.        1974.461      -2642.987      -1500.994    0.000  -0.054   0.149   0.
  2017 352 10 38  8 495 352.443153880      16.07     -3.30     25.57  0.        1977.347      -2643.218      -1498.035    0.000  -0.054   0.149   0.
  2017 352 10 38  9 495 352.443165454      16.11     -3.47     25.25  0.        1980.230      -2643.447      -1495.076    0.000  -0.054   0.149   0.
  2017 352 10 38 10 495 352.443177028      16.27     -3.98     24.71  0.        1983.112      -2643.674      -1492.115    0.000  -0.054   0.150   0.
  2017 352 10 38 11 495 352.443188602      16.24     -3.69     24.90  0.        1985.992      -2643.898      -1489.153    0.000  -0.054   0.150   0.
  2017 352 10 38 12 495 352.443200177      15.31     -2.55     25.17  0.        1988.870      -2644.120      -1486.189    0.000  -0.055   0.150   0.
  2017 352 10 38 13 495 352.443211751      14.18     -2.08     24.01  0.        1991.747      -2644.339      -1483.224    0.000  -0.055   0.150   0.
  2017 352 10 38 14 495 352.443223325      14.48     -2.92     23.37  0.        1994.621      -2644.556      -1480.258    0.000  -0.055   0.151   0.
  2017 352 10 38 15 495 352.443234899      14.77     -3.60     23.35  0.        1997.494      -2644.771      -1477.290    0.000  -0.055   0.151   0.
  2017 352 10 38 16 495 352.443246473      14.85     -4.46     23.34  0.        2000.365      -2644.983      -1474.321    0.000  -0.055   0.151   0.
  2017 352 10 38 17 495 352.443258047      14.58     -5.20     23.35  0.        2003.234      -2645.193      -1471.351    0.000  -0.055   0.151   0.
  2017 352 10 38 18 495 352.443269621      14.63     -5.23     23.36  0.        2006.102      -2645.401      -1468.379    0.000  -0.055   0.152   0.
  2017 352 10 38 19 495 352.443281195      14.37     -5.64     23.12  0.        2008.967      -2645.606      -1465.406    0.000  -0.055   0.152   0.
  2017 352 10 38 20 495 352.443292769      13.99     -5.86     22.72  0.        2011.831      -2645.809      -1462.432    0.000  -0.055   0.152   0.
  2017 352 10 38 21 495 352.443304343      13.53     -5.66     22.47  0.        2014.693      -2646.010      -1459.457    0.000  -0.055   0.152   0.
  2017 352 10 38 22 495 352.443315917      13.00     -5.73     22.18  0.        2017.553      -2646.208      -1456.480    0.000  -0.056   0.153   0.
  2017 352 10 38 23 495 352.443327491      12.43     -5.80     21.66  0.        2020.412      -2646.403      -1453.502    0.000  -0.056   0.153   0.
  2017 352 10 38 24 495 352.443339065      11.90     -5.79     21.18  0.        2023.268      -2646.597      -1450.522    0.000  -0.056   0.153   0.
  2017 352 10 38 25 495 352.443350639      11.60     -5.67     21.01  0.        2026.123      -2646.788      -1447.541    0.000  -0.056   0.153   0.
  2017 352 10 38 26 495 352.443362214      11.33     -5.98     20.48  0.        2028.976      -2646.976      -1444.559    0.000  -0.056   0.154   0.
  2017 352 10 38 27 495 352.443373788      11.10     -6.27     19.94  0.        2031.827      -2647.163      -1441.576    0.000  -0.056   0.154   0.
  2017 352 10 38 28 495 352.443385362      10.81     -7.10     19.50  0.        2034.676      -2647.347      -1438.591    0.000  -0.056   0.154   0.
  2017 352 10 38 29 495 352.443396936      10.60     -7.55     19.07  0.        2037.524      -2647.528      -1435.605    0.000  -0.056   0.154   0.
  2017 352 10 38 30 495 352.443408510      10.59     -7.14     18.08  0.        2040.370      -2647.707      -1432.618    0.000  -0.056   0.155   0.
  2017 352 10 38 31 495 352.443420084       9.46     -6.74     15.88  0.        2043.214      -2647.884      -1429.630    0.000  -0.056   0.155   0.
  2017 352 10 38 32 495 352.443431658       8.95     -7.47     14.44  0.        2046.056      -2648.059      -1426.640    0.000  -0.057   0.156   0.
  2017 352 10 38 33 495 352.443443232       8.27     -8.02     13.26  0.        2048.896      -2648.231      -1423.649    0.000  -0.057   0.156   0.
  2017 352 10 38 34 494 352.443454803       8.25     -8.97     12.79  0.        2051.735      -2648.400      -1420.657    0.000  -0.057   0.156   0.
  2017 352 10 38 35 494 352.443466377       8.05    -10.10     12.41  0.        2054.571      -2648.568      -1417.663    0.000  -0.057   0.156   0.
  2017 352 10 38 36 495 352.443477951       8.17    -11.66     12.50  0.        2057.406      -2648.733      -1414.668    0.000  -0.057   0.157   0.
  2017 352 10 38 37 495 352.443489525       8.39    -13.22     12.41  0.        2060.239      -2648.895      -1411.672    0.000  -0.057   0.157   0.
  2017 352 10 38 38 494 352.443501100       8.29    -15.27     12.74  0.        2063.070      -2649.056      -1408.675    0.000  -0.057   0.157   0.
  2017 352 10 38 39 494 352.443512674       8.58    -16.09     14.45  0.        2065.899      -2649.214      -1405.676    0.000  -0.057   0.157   0.
  2017 352 10 38 40 495 352.443524248       9.82    -16.49     15.34  0.        2068.727      -2649.369      -1402.676    0.000  -0.057   0.158   0.
  2017 352 10 38 41 495 352.443535822       9.79    -17.52     15.79  0.        2071.552      -2649.523      -1399.675    0.000  -0.057   0.158   0.
  2017 352 10 38 42 495 352.443547396       9.56    -18.52     16.30  0.        2074.376      -2649.673      -1396.673    0.000  -0.058   0.158   0.
  2017 352 10 38 43 495 352.443558970       8.74    -19.59     16.81  0.        2077.198      -2649.822      -1393.669    0.000  -0.058   0.158   0.
  2017 352 10 38 44 495 352.443570544       7.64    -20.57     16.91  0.        2080.018      -2649.968      -1390.665    0.000  -0.058   0.159   0.
  2017 352 10 38 45 494 352.443582118       5.17    -21.29     17.09  0.        2082.836      -2650.112      -1387.658    0.000  -0.058   0.159   0.
  2017 352 10 38 46 494 352.443593692       2.81    -22.26     17.36  0.        2085.653      -2650.254      -1384.651    0.000  -0.058   0.159   0.
  2017 352 10 38 47 494 352.443605266       2.16    -23.08     17.71  0.        2088.467      -2650.393      -1381.643    0.000  -0.058   0.159   0.
  2017 352 10 38 48 494 352.443616840       1.92    -24.01     17.54  0.        2091.280      -2650.529      -1378.633    0.000  -0.058   0.160   0.
  2017 352 10 38 49 495 352.443628414       1.62    -24.61     17.42  0.        2094.090      -2650.664      -1375.622    0.000  -0.058   0.160   0.
  2017 352 10 38 50 495 352.443639988       1.76    -24.70     17.51  0.        2096.899      -2650.796      -1372.610    0.000  -0.058   0.160   0.
  2017 352 10 38 51 495 352.443651562       2.10    -24.58     17.55  0.        2099.707      -2650.926      -1369.596    0.000  -0.058   0.160   0.
  2017 352 10 38 52 494 352.443663137       2.12    -24.50     17.71  0.        2102.512      -2651.053      -1366.582    0.000  -0.059   0.161   0.
  2017 352 10 38 53 495 352.443674711       1.73    -24.44     17.77  0.        2105.315      -2651.178      -1363.566    0.000  -0.059   0.161   0.
  2017 352 10 38 54 495 352.443686285       1.06    -24.49     17.81  0.        2108.117      -2651.301      -1360.549    0.000  -0.059   0.161   0.
  2017 352 10 38 55 495 352.443697859       0.20    -24.56     17.76  0.        2110.916      -2651.421      -1357.531    0.000  -0.059   0.161   0.
  2017 352 10 38 56 495 352.443709433      -0.62    -24.58     17.68  0.        2113.714      -2651.539      -1354.511    0.000  -0.059   0.162   0.
  2017 352 10 38 57 495 352.443721007      -1.35    -24.55     17.60  0.        2116.510      -2651.655      -1351.491    0.000  -0.059   0.162   0.
  2017 352 10 38 58 494 352.443732581      -1.92    -24.48     17.63  0.        2119.304      -2651.769      -1348.469    0.000  -0.059   0.162   0.
  2017 352 10 38 59 494 352.443744155      -2.28    -24.37     17.66  0.        2122.096      -2651.880      -1345.446    0.000  -0.059   0.162   0.
  2017 352 10 39  0 494 352.443755729      -2.51    -24.06     17.78  0.        2124.887      -2651.988      -1342.422    0.000  -0.059   0.163   0.
  2017 352 10 39  1 494 352.443767303      -2.64    -23.80     17.90  0.        2127.675      -2652.095      -1339.396    0.000  -0.059   0.163   0.
  2017 352 10 39  2 494 352.443778877      -2.77    -23.58     18.11  0.        2130.462      -2652.199      -1336.370    0.000  -0.059   0.163   0.
  2017 352 10 39  3 495 352.443790451      -2.80    -23.44     18.40  0.        2133.247      -2652.300      -1333.342    0.000  -0.059   0.163   0.
  2017 352 10 39  4 494 352.443802023      -2.72    -23.30     18.71  0.        2136.029      -2652.400      -1330.313    0.000  -0.060   0.164   0.
  2017 352 10 39  5 494 352.443813597      -2.61    -23.15     19.03  0.        2138.810      -2652.497      -1327.283    0.000  -0.060   0.164   0.
  2017 352 10 39  6 494 352.443825171      -2.51    -22.99     19.43  0.        2141.589      -2652.592      -1324.252    0.000  -0.060   0.164   0.
  2017 352 10 39  7 494 352.443836745      -2.40    -22.83     19.74  0.        2144.366      -2652.684      -1321.219    0.000  -0.060   0.164   0.
  2017 352 10 39  8 494 352.443848319      -2.34    -22.68     20.16  0.        2147.142      -2652.774      -1318.186    0.000  -0.060   0.165   0.
  2017 352 10 39  9 494 352.443859893      -2.28    -22.59     20.54  0.        2149.915      -2652.862      -1315.151    0.000  -0.060   0.165   0.
  2017 352 10 39 10 494 352.443871467      -2.26    -22.53     20.86  0.        2152.687      -2652.947      -1312.115    0.000  -0.060   0.165   0.
  2017 352 10 39 11 494 352.443883041      -2.30    -22.55     21.16  0.        2155.456      -2653.030      -1309.078    0.000  -0.060   0.165   0.
  2017 352 10 39 12 494 352.443894615      -2.38    -22.62     21.50  0.        2158.224      -2653.111      -1306.040    0.000  -0.060   0.166   0.
  2017 352 10 39 13 494 352.443906189      -2.48    -22.76     21.68  0.        2160.990      -2653.190      -1303.001    0.000  -0.060   0.166   0.
  2017 352 10 39 14 494 352.443917763      -2.64    -22.92     21.88  0.        2163.754      -2653.266      -1299.960    0.000  -0.060   0.166   0.
  2017 352 10 39 15 494 352.443929337      -2.86    -23.11     22.02  0.        2166.516      -2653.340      -1296.919    0.000  -0.060   0.166   0.
  2017 352 10 39 16 494 352.443940911      -3.08    -23.25     22.13  0.        2169.276      -2653.411      -1293.876    0.000  -0.061   0.167   0.
  2017 352 10 39 17 494 352.443952486      -3.39    -23.37     22.25  0.        2172.035      -2653.480      -1290.832    0.000  -0.061   0.167   0.
  2017 352 10 39 18 494 352.443964060      -3.65    -23.54     22.24  0.        2174.791      -2653.547      -1287.787    0.000  -0.061   0.167   0.
  2017 352 10 39 19 494 352.443975634      -3.94    -23.66     22.18  0.        2177.546      -2653.612      -1284.741    0.000  -0.061   0.167   0.
  2017 352 10 39 20 494 352.443987208      -4.25    -23.86     22.14  0.        2180.298      -2653.674      -1281.694    0.000  -0.061   0.168   0.
  2017 352 10 39 21 494 352.443998782      -4.60    -24.11     22.02  0.        2183.049      -2653.734      -1278.646    0.000  -0.061   0.168   0.
  2017 352 10 39 22 494 352.444010356      -4.92    -24.38     21.78  0.        2185.798      -2653.791      -1275.596    0.000  -0.061   0.168   0.
  2017 352 10 39 23 494 352.444021930      -5.22    -24.71     21.40  0.        2188.545      -2653.847      -1272.546    0.000  -0.061   0.168   0.
  2017 352 10 39 24 494 352.444033504      -5.47    -24.93     21.03  0.        2191.290      -2653.900      -1269.494    0.000  -0.061   0.169   0.
  2017 352 10 39 25 494 352.444045078      -5.72    -25.26     20.74  0.        2194.033      -2653.950      -1266.441    0.000  -0.061   0.169   0.
  2017 352 10 39 26 494 352.444056652      -5.98    -25.68     20.51  0.        2196.774      -2653.999      -1263.387    0.000  -0.062   0.169   0.
  2017 352 10 39 27 494 352.444068226      -6.28    -26.16     20.34  0.        2199.513      -2654.045      -1260.332    0.000  -0.062   0.169   0.
  2017 352 10 39 28 494 352.444079800      -6.65    -26.65     20.33  0.        2202.251      -2654.089      -1257.276    0.000  -0.062   0.170   0.
  2017 352 10 39 29 494 352.444091374      -7.12    -27.21     20.44  0.        2204.986      -2654.130      -1254.219    0.000  -0.062   0.170   0.
  2017 352 10 39 30 494 352.444102948      -7.64    -27.74     20.52  0.        2207.720      -2654.169      -1251.161    0.000  -0.062   0.170   0.
  2017 352 10 39 31 494 352.444114523      -8.13    -28.19     20.49  0.        2210.451      -2654.206      -1248.101    0.000  -0.062   0.170   0.
  2017 352 10 39 32 494 352.444126097      -8.55    -28.48     20.31  0.        2213.181      -2654.241      -1245.041    0.000  -0.062   0.171   0.
  2017 352 10 39 33 494 352.444137671      -8.82    -28.47     20.07  0.        2215.909      -2654.273      -1241.980    0.000  -0.062   0.171   0.
  2017 352 10 39 34 494 352.444149242      -9.06    -28.29     19.89  0.        2218.635      -2654.303      -1238.917    0.000  -0.062   0.171   0.
  2017 352 10 39 35 494 352.444160816      -9.29    -28.02     20.02  0.        2221.359      -2654.331      -1235.853    0.000  -0.062   0.171   0.
  2017 352 10 39 36 494 352.444172390     -10.13    -28.84     17.35  0.        2224.081      -2654.356      -1232.789    0.000  -0.063   0.172   0.
  2017 352 10 39 37 494 352.444183964     -11.30    -29.31     14.71  0.        2226.801      -2654.379      -1229.723    0.000  -0.063   0.172   0.
  2017 352 10 39 38 494 352.444195538     -11.96    -29.62     13.17  0.        2229.519      -2654.400      -1226.656    0.000  -0.063   0.172   0.
  2017 352 10 39 39 494 352.444207112     -12.44    -29.55     12.44  0.        2232.235      -2654.419      -1223.588    0.000  -0.063   0.172   0.
  2017 352 10 39 40 494 352.444218686     -12.65    -29.06     12.72  0.        2234.950      -2654.435      -1220.519    0.000  -0.063   0.173   0.
  2017 352 10 39 41 494 352.444230260     -12.36    -28.01     13.56  0.        2237.662      -2654.449      -1217.449    0.000  -0.063   0.173   0.
  2017 352 10 39 42 494 352.444241834     -11.80    -27.25     16.21  0.        2240.373      -2654.460      -1214.378    0.000  -0.063   0.173   0.
  2017 352 10 39 43 494 352.444253409     -11.28    -27.16     16.91  0.        2243.081      -2654.470      -1211.306    0.000  -0.063   0.173   0.
  2017 352 10 39 44 494 352.444264983     -10.90    -27.06     16.86  0.        2245.788      -2654.477      -1208.233    0.000  -0.063   0.174   0.
  2017 352 10 39 45 494 352.444276557     -10.57    -26.81     16.11  0.        2248.492      -2654.482      -1205.159    0.000  -0.063   0.174   0.
  2017 352 10 39 46 494 352.444288131     -10.04    -26.47     16.05  0.        2251.195      -2654.484      -1202.083    0.000  -0.063   0.174   0.
  2017 352 10 39 47 494 352.444299705      -9.45    -26.39     16.30  0.        2253.896      -2654.484      -1199.007    0.000  -0.063   0.174   0.
  2017 352 10 39 48 494 352.444311279      -9.06    -27.20     15.73  0.        2256.595      -2654.482      -1195.930    0.000  -0.064   0.175   0.
  2017 352 10 39 49 494 352.444322853      -8.48    -27.33     14.95  0.        2259.292      -2654.478      -1192.852    0.000  -0.064   0.175   0.
  2017 352 10 39 50 494 352.444334427      -8.05    -26.97     15.25  0.        2261.987      -2654.471      -1189.772    0.000  -0.064   0.175   0.
  2017 352 10 39 51 494 352.444346001      -7.91    -26.33     15.32  0.        2264.680      -2654.462      -1186.692    0.000  -0.064   0.175   0.
  2017 352 10 39 52 494 352.444357575      -8.01    -25.79     15.42  0.        2267.371      -2654.451      -1183.611    0.000  -0.064   0.176   0.
  2017 352 10 39 53 494 352.444369149      -7.85    -25.38     14.99  0.        2270.060      -2654.438      -1180.528    0.000  -0.064   0.176   0.
  2017 352 10 39 54 494 352.444380723      -7.69    -24.97     14.78  0.        2272.747      -2654.422      -1177.445    0.000  -0.064   0.176   0.
  2017 352 10 39 55 494 352.444392297      -7.36    -24.77     14.64  0.        2275.433      -2654.404      -1174.360    0.000  -0.064   0.176   0.
  2017 352 10 39 56 494 352.444403872      -6.71    -24.59     14.52  0.        2278.116      -2654.384      -1171.275    0.000  -0.064   0.177   0.
  2017 352 10 39 57 494 352.444415446      -5.90    -24.31     14.58  0.        2280.797      -2654.361      -1168.188    0.000  -0.064   0.177   0.
  2017 352 10 39 58 494 352.444427020      -4.99    -23.88     14.72  0.        2283.477      -2654.336      -1165.101    0.000  -0.064   0.177   0.
  2017 352 10 39 59 494 352.444438594      -4.09    -23.43     14.96  0.        2286.154      -2654.309      -1162.013    0.000  -0.064   0.177   0.
  2017 352 10 40  0 494 352.444450168      -3.30    -22.88     15.14  0.        2288.830      -2654.280      -1158.923    0.000  -0.065   0.178   0.
  2017 352 10 40  1 494 352.444461742      -2.70    -22.34     15.37  0.        2291.503      -2654.248      -1155.833    0.000  -0.065   0.178   0.
  2017 352 10 40  2 494 352.444473316      -2.10    -21.86     15.54  0.        2294.175      -2654.215      -1152.741    0.000  -0.065   0.178   0.
  2017 352 10 40  3 494 352.444484890      -1.43    -21.44     15.73  0.        2296.845      -2654.178      -1149.649    0.000  -0.065   0.178   0.
  2017 352 10 40  4 494 352.444496461      -0.67    -21.19     15.82  0.        2299.512      -2654.140      -1146.556    0.000  -0.065   0.179   0.
  2017 352 10 40  5 494 352.444508035       0.14    -21.12     15.79  0.        2302.178      -2654.099      -1143.461    0.000  -0.065   0.179   0.
  2017 352 10 40  6 494 352.444519609       0.92    -21.17     15.54  0.        2304.842      -2654.057      -1140.366    0.000  -0.065   0.179   0.
  2017 352 10 40  7 494 352.444531183       1.65    -21.01     15.25  0.        2307.504      -2654.011      -1137.270    0.000  -0.065   0.179   0.
  2017 352 10 40  8 494 352.444542758       2.17    -20.51     15.18  0.        2310.163      -2653.964      -1134.173    0.000  -0.065   0.179   0.
  2017 352 10 40  9 494 352.444554332       2.49    -20.01     15.52  0.        2312.821      -2653.914      -1131.074    0.000  -0.065   0.179   0.
  2017 352 10 40 10 494 352.444565906       2.57    -19.71     16.11  0.        2315.477      -2653.862      -1127.975    0.000  -0.065   0.180   0.
  2017 352 10 40 11 494 352.444577480       2.42    -19.67     16.82  0.        2318.131      -2653.808      -1124.875    0.000  -0.065   0.180   0.
  2017 352 10 40 12 494 352.444589054       2.26    -19.79     17.49  0.        2320.783      -2653.752      -1121.774    0.000  -0.066   0.180   0.
  2017 352 10 40 13 494 352.444600628       2.03    -19.93     18.02  0.        2323.433      -2653.693      -1118.672    0.000  -0.066   0.180   0.
  2017 352 10 40 14 494 352.444612202       1.82    -20.00     18.49  0.        2326.081      -2653.632      -1115.569    0.000  -0.066   0.181   0.
  2017 352 10 40 15 494 352.444623776       1.64    -20.00     18.92  0.        2328.727      -2653.569      -1112.466    0.000  -0.066   0.181   0.
  2017 352 10 40 16 494 352.444635350       1.64    -19.80     19.22  0.        2331.371      -2653.504      -1109.360    0.000  -0.066   0.181   0.
  2017 352 10 40 17 494 352.444646924       1.90    -19.58     19.20  0.        2334.014      -2653.436      -1106.255    0.000  -0.066   0.181   0.
  2017 352 10 40 18 494 352.444658498       2.29    -19.53     18.80  0.        2336.654      -2653.366      -1103.148    0.000  -0.066   0.182   0.
  2017 352 10 40 19 494 352.444670072       2.67    -19.75     18.04  0.        2339.292      -2653.294      -1100.040    0.000  -0.066   0.182   0.
  2017 352 10 40 20 494 352.444681646       2.62    -19.75     17.45  0.        2341.928      -2653.220      -1096.932    0.000  -0.066   0.182   0.
  2017 352 10 40 21 494 352.444693221       2.76    -19.19     16.71  0.        2344.562      -2653.143      -1093.822    0.000  -0.066   0.182   0.
  2017 352 10 40 22 494 352.444704795       4.03    -16.86     17.51  0.        2347.194      -2653.064      -1090.712    0.000  -0.067   0.183   0.
  2017 352 10 40 23 494 352.444716369       5.51    -14.03     18.83  0.        2349.825      -2652.983      -1087.600    0.000  -0.067   0.183   0.
  2017 352 10 40 24 494 352.444727943       7.97     -9.63     20.76  0.        2352.453      -2652.900      -1084.488    0.000  -0.067   0.183   0.
  2017 352 10 40 25 494 352.444739517       9.72     -6.76     22.75  0.        2355.079      -2652.814      -1081.375    0.000  -0.067   0.183   0.
  2017 352 10 40 26 494 352.444751091      10.72     -4.41     24.17  0.        2357.704      -2652.726      -1078.261    0.000  -0.067   0.184   0.
  2017 352 10 40 27 494 352.444762665      11.40     -2.85     25.01  0.        2360.326      -2652.636      -1075.146    0.000  -0.067   0.184   0.
  2017 352 10 40 28 494 352.444774239      12.43     -1.61     25.59  0.        2362.946      -2652.544      -1072.030    0.000  -0.067   0.184   0.
  2017 352 10 40 29 494 352.444785813      13.80     -0.23     25.85  0.        2365.565      -2652.450      -1068.913    0.000  -0.067   0.184   0.
  2017 352 10 40 30 494 352.444797387      15.02      1.20     26.00  0.        2368.181      -2652.353      -1065.796    0.000  -0.067   0.185   0.
  2017 352 10 40 31 494 352.444808961      16.17      2.93     25.95  0.        2370.795      -2652.254      -1062.677    0.000  -0.067   0.185   0.
  2017 352 10 40 32 494 352.444820535      17.11      4.64     25.53  0.        2373.408      -2652.153      -1059.558    0.000  -0.067   0.185   0.
  2017 352 10 40 33 494 352.444832109      17.96      6.15     25.02  0.        2376.018      -2652.049      -1056.437    0.000  -0.067   0.185   0.
  2017 352 10 40 34 493 352.444843681      18.88      7.68     24.27  0.        2378.627      -2651.944      -1053.316    0.000  -0.068   0.186   0.
  2017 352 10 40 35 493 352.444855255      19.79      9.20     23.33  0.        2381.233      -2651.836      -1050.194    0.000  -0.068   0.186   0.
  2017 352 10 40 36 494 352.444866829      20.68     10.55     21.96  0.        2383.837      -2651.726      -1047.071    0.000  -0.068   0.186   0.
  2017 352 10 40 37 494 352.444878403      20.42     11.07     21.44  0.        2386.440      -2651.614      -1043.947    0.000  -0.068   0.186   0.
  2017 352 10 40 38 494 352.444889977      19.30     11.16     22.03  0.        2389.040      -2651.499      -1040.822    0.000  -0.068   0.187   0.
  2017 352 10 40 39 494 352.444901551      18.75     11.45     22.14  0.        2391.639      -2651.382      -1037.697    0.000  -0.068   0.187   0.
  2017 352 10 40 40 493 352.444913125      18.28     11.80     22.20  0.        2394.235      -2651.263      -1034.570    0.000  -0.068   0.187   0.
  2017 352 10 40 41 493 352.444924699      17.81     12.12     22.30  0.        2396.830      -2651.142      -1031.443    0.000  -0.068   0.187   0.
  2017 352 10 40 42 493 352.444936273      17.38     12.41     22.33  0.        2399.422      -2651.019      -1028.315    0.000  -0.068   0.188   0.
  2017 352 10 40 43 493 352.444947847      16.89     12.71     22.44  0.        2402.013      -2650.894      -1025.185    0.000  -0.068   0.188   0.
  2017 352 10 40 44 493 352.444959421      16.40     12.93     22.60  0.        2404.601      -2650.766      -1022.056    0.000  -0.069   0.188   0.
  2017 352 10 40 45 494 352.444970995      15.88     13.18     22.85  0.        2407.187      -2650.636      -1018.925    0.000  -0.069   0.188   0.
  2017 352 10 40 46 494 352.444982569      15.40     13.42     23.11  0.        2409.772      -2650.504      -1015.793    0.000  -0.069   0.189   0.
  2017 352 10 40 47 493 352.444994144      15.04     13.74     23.41  0.        2412.354      -2650.369      -1012.661    0.000  -0.069   0.189   0.
  2017 352 10 40 48 493 352.445005718      14.80     14.13     23.81  0.        2414.935      -2650.233      -1009.527    0.000  -0.069   0.189   0.
  2017 352 10 40 49 494 352.445017292      14.64     14.58     24.28  0.        2417.513      -2650.094      -1006.393    0.000  -0.069   0.189   0.
  2017 352 10 40 50 494 352.445028866      14.51     15.08     24.80  0.        2420.089      -2649.953      -1003.258    0.000  -0.069   0.190   0.
  2017 352 10 40 51 494 352.445040440      14.34     15.60     25.45  0.        2422.664      -2649.810      -1000.122    0.000  -0.069   0.190   0.
  2017 352 10 40 52 494 352.445052014      14.09     16.02     26.35  0.        2425.236      -2649.664       -996.986    0.000  -0.069   0.190   0.
  2017 352 10 40 53 494 352.445063588      13.63     16.17     27.51  0.        2427.807      -2649.517       -993.848    0.000  -0.069   0.190   0.
  2017 352 10 40 54 493 352.445075162      13.02     16.08     28.67  0.        2430.375      -2649.367       -990.710    0.000  -0.069   0.190   0.
  2017 352 10 40 55 493 352.445086736      12.42     15.72     29.69  0.        2432.941      -2649.215       -987.571    0.000  -0.069   0.190   0.
  2017 352 10 40 56 493 352.445098310      12.01     15.21     30.44  0.        2435.506      -2649.061       -984.431    0.000  -0.070   0.191   0.
  2017 352 10 40 57 493 352.445109884      11.39     13.75     31.60  0.        2438.068      -2648.905       -981.290    0.000  -0.070   0.191   0.
  2017 352 10 40 58 493 352.445121458       9.92     10.29     32.73  0.        2440.628      -2648.746       -978.149    0.000  -0.070   0.191   0.
  2017 352 10 40 59 494 352.445133032       9.69      7.89     33.34  0.        2443.187      -2648.586       -975.006    0.000  -0.070   0.191   0.
  2017 352 10 41  0 494 352.445144606       9.82      8.03     33.41  0.        2445.743      -2648.423       -971.863    0.000  -0.070   0.192   0.
  2017 352 10 41  1 493 352.445156181      10.22      8.45     33.18  0.        2448.297      -2648.258       -968.719    0.000  -0.070   0.192   0.
  2017 352 10 41  2 493 352.445167752      10.75      9.10     32.77  0.        2450.849      -2648.090       -965.575    0.000  -0.070   0.192   0.
  2017 352 10 41  3 493 352.445179326      11.47      9.90     32.17  0.        2453.399      -2647.921       -962.429    0.000  -0.070   0.192   0.
  2017 352 10 41  4 493 352.445190900      12.04     10.86     31.41  0.        2455.948      -2647.749       -959.283    0.000  -0.070   0.193   0.
  2017 352 10 41  5 493 352.445202474      12.26     11.83     30.48  0.        2458.494      -2647.576       -956.136    0.000  -0.070   0.193   0.
  2017 352 10 41  6 493 352.445214048      12.52     12.79     29.63  0.        2461.038      -2647.400       -952.988    0.000  -0.070   0.193   0.
  2017 352 10 41  7 493 352.445225622      12.92     13.73     28.48  0.        2463.580      -2647.222       -949.839    0.000  -0.070   0.193   0.
  2017 352 10 41  8 493 352.445237196      13.02     14.56     27.25  0.        2466.120      -2647.041       -946.690    0.000  -0.070   0.194   0.
  2017 352 10 41  9 493 352.445248770      12.64     15.03     26.15  0.        2468.658      -2646.859       -943.539    0.000  -0.070   0.194   0.
  2017 352 10 41 10 493 352.445260344      12.15     15.30     25.21  0.        2471.194      -2646.674       -940.388    0.000  -0.071   0.194   0.
  2017 352 10 41 11 493 352.445271918      11.64     15.45     24.62  0.        2473.728      -2646.487       -937.237    0.000  -0.071   0.194   0.
  2017 352 10 41 12 493 352.445283492      11.04     15.52     24.39  0.        2476.260      -2646.298       -934.084    0.000  -0.071   0.195   0.
  2017 352 10 41 13 493 352.445295067      10.71     15.54     24.33  0.        2478.790      -2646.107       -930.931    0.000  -0.071   0.195   0.
  2017 352 10 41 14 493 352.445306641      11.03     15.63     24.57  0.        2481.318      -2645.914       -927.777    0.000  -0.071   0.195   0.
  2017 352 10 41 15 493 352.445318215      11.44     15.79     24.71  0.        2483.844      -2645.718       -924.622    0.000  -0.071   0.195   0.
  2017 352 10 41 16 493 352.445329789      11.45     15.84     24.49  0.        2486.368      -2645.521       -921.466    0.000  -0.071   0.196   0.
  2017 352 10 41 17 493 352.445341363      11.39     15.69     24.09  0.        2488.890      -2645.321       -918.310    0.000  -0.071   0.196   0.
  2017 352 10 41 18 493 352.445352937      11.16     15.62     23.81  0.        2491.410      -2645.119       -915.153    0.000  -0.071   0.196   0.
  2017 352 10 41 19 493 352.445364511      10.78     15.56     23.48  0.        2493.927      -2644.915       -911.995    0.000  -0.071   0.196   0.
  2017 352 10 41 20 493 352.445376085      10.33     15.67     23.15  0.        2496.443      -2644.709       -908.836    0.000  -0.072   0.197   0.
  2017 352 10 41 21 493 352.445387659       9.87     15.96     22.76  0.        2498.957      -2644.500       -905.677    0.000  -0.072   0.197   0.
  2017 352 10 41 22 493 352.445399233       9.41     16.62     22.07  0.        2501.468      -2644.290       -902.517    0.000  -0.072   0.197   0.
  2017 352 10 41 23 493 352.445410807       8.91     17.37     21.14  0.        2503.978      -2644.077       -899.356    0.000  -0.072   0.197   0.
  2017 352 10 41 24 493 352.445422381       8.36     18.13     20.29  0.        2506.486      -2643.862       -896.195    0.000  -0.072   0.197   0.
  2017 352 10 41 25 493 352.445433955       7.84     18.53     19.61  0.        2508.991      -2643.645       -893.032    0.000  -0.072   0.197   0.
  2017 352 10 41 26 493 352.445445530       7.47     18.80     19.03  0.        2511.495      -2643.426       -889.869    0.000  -0.072   0.198   0.
  2017 352 10 41 27 493 352.445457104       7.12     19.10     18.62  0.        2513.996      -2643.204       -886.706    0.000  -0.072   0.198   0.
  2017 352 10 41 28 493 352.445468678       6.75     19.46     18.18  0.        2516.496      -2642.981       -883.541    0.000  -0.072   0.198   0.
  2017 352 10 41 29 493 352.445480252       6.33     19.89     17.81  0.        2518.993      -2642.755       -880.376    0.000  -0.072   0.198   0.
  2017 352 10 41 30 493 352.445491826       5.74     20.38     17.42  0.        2521.488      -2642.528       -877.210    0.000  -0.072   0.199   0.
  2017 352 10 41 31 493 352.445503400       5.83     21.29     16.14  0.        2523.982      -2642.298       -874.044    0.000  -0.072   0.199   0.
  2017 352 10 41 32 493 352.445514974       4.96     21.39     15.47  0.        2526.473      -2642.066       -870.876    0.000  -0.073   0.199   0.
  2017 352 10 41 33 493 352.445526548       2.63     21.34     16.02  0.        2528.962      -2641.832       -867.709    0.000  -0.073   0.199   0.
  2017 352 10 41 34 493 352.445538119       1.69     21.79     15.56  0.        2531.449      -2641.595       -864.540    0.000  -0.073   0.200   0.
  2017 352 10 41 35 493 352.445549693       1.99     21.93     14.60  0.        2533.934      -2641.357       -861.371    0.000  -0.073   0.200   0.
  2017 352 10 41 36 493 352.445561267       2.23     21.69     13.93  0.        2536.417      -2641.116       -858.201    0.000  -0.073   0.200   0.
  2017 352 10 41 37 493 352.445572841       2.68     21.21     13.55  0.        2538.898      -2640.874       -855.030    0.000  -0.073   0.200   0.
  2017 352 10 41 38 493 352.445584415       2.86     21.20     12.92  0.        2541.377      -2640.629       -851.859    0.000  -0.073   0.201   0.
  2017 352 10 41 39 493 352.445595990       3.10     21.22     12.22  0.        2543.854      -2640.382       -848.686    0.000  -0.073   0.201   0.
  2017 352 10 41 40 493 352.445607564       3.49     21.25     11.45  0.        2546.329      -2640.133       -845.514    0.000  -0.073   0.201   0.
  2017 352 10 41 41 493 352.445619138       3.49     21.11     10.94  0.        2548.802      -2639.882       -842.340    0.000  -0.073   0.201   0.
  2017 352 10 41 42 493 352.445630712       3.31     21.02     10.61  0.        2551.273      -2639.628       -839.166    0.000  -0.073   0.202   0.
  2017 352 10 41 43 493 352.445642286       3.46     20.77     10.53  0.        2553.742      -2639.373       -835.991    0.000  -0.073   0.202   0.
  2017 352 10 41 44 493 352.445653860       4.21     20.19     11.09  0.        2556.208      -2639.115       -832.816    0.000  -0.074   0.202   0.
  2017 352 10 41 45 493 352.445665434       4.48     19.37     10.50  0.        2558.673      -2638.856       -829.640    0.000  -0.074   0.202   0.
  2017 352 10 41 46 493 352.445677008       5.24     21.29      4.81  0.        2561.135      -2638.594       -826.463    0.000  -0.074   0.202   0.
  2017 352 10 41 47 493 352.445688582       5.87     23.05      1.48  0.        2563.596      -2638.330       -823.285    0.000  -0.074   0.202   0.
  2017 352 10 41 48 493 352.445700156       6.28     23.84     -0.14  0.        2566.054      -2638.064       -820.107    0.000  -0.074   0.203   0.
  2017 352 10 41 49 493 352.445711730       6.35     23.95      0.13  0.        2568.511      -2637.796       -816.928    0.000  -0.074   0.203   0.
  2017 352 10 41 50 493 352.445723304       6.66     23.90      0.50  0.        2570.965      -2637.526       -813.749    0.000  -0.074   0.203   0.
  2017 352 10 41 51 493 352.445734878       6.97     23.95      0.42  0.        2573.417      -2637.253       -810.569    0.000  -0.074   0.203   0.
  2017 352 10 41 52 493 352.445746453       7.42     23.84     -0.06  0.        2575.868      -2636.979       -807.388    0.000  -0.074   0.204   0.
  2017 352 10 41 53 493 352.445758027       7.34     23.61     -0.59  0.        2578.316      -2636.702       -804.207    0.000  -0.074   0.204   0.
  2017 352 10 41 54 493 352.445769601       6.49     23.59     -0.61  0.        2580.762      -2636.423       -801.025    0.000  -0.074   0.204   0.
  2017 352 10 41 55 493 352.445781175       5.67     23.63     -0.41  0.        2583.206      -2636.143       -797.842    0.000  -0.074   0.204   0.
  2017 352 10 41 56 493 352.445792749       4.82     23.64     -0.53  0.        2585.648      -2635.860       -794.659    0.000  -0.075   0.205   0.
  2017 352 10 41 57 493 352.445804323       3.96     23.50     -0.61  0.        2588.088      -2635.575       -791.475    0.000  -0.075   0.205   0.
  2017 352 10 41 58 493 352.445815897       2.97     23.01     -0.62  0.        2590.526      -2635.288       -788.290    0.000  -0.075   0.205   0.
  2017 352 10 41 59 493 352.445827471       2.15     22.25     -0.62  0.        2592.961      -2634.999       -785.105    0.000  -0.075   0.205   0.
  2017 352 10 42  0 493 352.445839045       2.02     21.53     -0.59  0.        2595.395      -2634.707       -781.919    0.000  -0.075   0.206   0.
  2017 352 10 42  1 493 352.445850619       2.22     21.01     -0.50  0.        2597.827      -2634.414       -778.733    0.000  -0.075   0.206   0.
  2017 352 10 42  2 493 352.445862193       2.01     20.52     -0.29  0.        2600.257      -2634.119       -775.546    0.000  -0.075   0.206   0.
  2017 352 10 42  3 493 352.445873767       2.28     19.96     -0.18  0.        2602.684      -2633.821       -772.358    0.000  -0.075   0.206   0.
  2017 352 10 42  4 493 352.445885339       2.57     19.37     -0.07  0.        2605.110      -2633.522       -769.170    0.000  -0.075   0.206   0.
  2017 352 10 42  5 493 352.445896913       3.09     18.91      0.09  0.        2607.533      -2633.220       -765.981    0.000  -0.075   0.206   0.
  2017 352 10 42  6 493 352.445908487       3.68     18.46      0.22  0.        2609.954      -2632.916       -762.792    0.000  -0.075   0.207   0.
  2017 352 10 42  7 493 352.445920061       4.15     18.19      0.41  0.        2612.374      -2632.610       -759.602    0.000  -0.075   0.207   0.
  2017 352 10 42  8 493 352.445931635       4.58     18.07      0.76  0.        2614.791      -2632.302       -756.411    0.000  -0.075   0.207   0.
  2017 352 10 42  9 493 352.445943209       5.18     18.17      1.18  0.        2617.206      -2631.992       -753.220    0.000  -0.075   0.207   0.
  2017 352 10 42 10 493 352.445954783       5.75     18.24      1.57  0.        2619.619      -2631.680       -750.028    0.000  -0.076   0.208   0.
  2017 352 10 42 11 493 352.445966357       6.05     18.42      1.94  0.        2622.030      -2631.366       -746.835    0.000  -0.076   0.208   0.
  2017 352 10 42 12 493 352.445977931       6.45     18.53      2.30  0.        2624.439      -2631.050       -743.642    0.000  -0.076   0.208   0.
  2017 352 10 42 13 493 352.445989505       6.94     18.93      2.37  0.        2626.846      -2630.731       -740.449    0.000  -0.076   0.208   0.
  2017 352 10 42 14 493 352.446001079       7.49     19.49      2.49  0.        2629.251      -2630.411       -737.255    0.000  -0.076   0.209   0.
  2017 352 10 42 15 493 352.446012653       8.09     20.05      2.38  0.        2631.653      -2630.088       -734.060    0.000  -0.076   0.209   0.
  2017 352 10 42 16 493 352.446024227       8.66     20.51      2.22  0.        2634.054      -2629.764       -730.864    0.000  -0.076   0.209   0.
  2017 352 10 42 17 493 352.446035802       9.31     20.85      1.81  0.        2636.453      -2629.437       -727.668    0.000  -0.076   0.209   0.
  2017 352 10 42 18 493 352.446047376       9.63     21.25      1.69  0.        2638.849      -2629.109       -724.472    0.000  -0.076   0.210   0.
  2017 352 10 42 19 493 352.446058950      10.13     21.58      1.75  0.        2641.244      -2628.778       -721.275    0.000  -0.076   0.210   0.
  2017 352 10 42 20 493 352.446070524      10.17     21.83      2.04  0.        2643.636      -2628.445       -718.077    0.000  -0.076   0.210   0.
  2017 352 10 42 21 493 352.446082098      10.05     21.94      2.34  0.        2646.026      -2628.110       -714.879    0.000  -0.076   0.210   0.
  2017 352 10 42 22 493 352.446093672       9.79     21.95      2.49  0.        2648.414      -2627.773       -711.680    0.000  -0.077   0.211   0.
  2017 352 10 42 23 493 352.446105246       9.37     21.78      2.36  0.        2650.800      -2627.434       -708.481    0.000  -0.077   0.211   0.
  2017 352 10 42 24 493 352.446116820       9.00     21.53      2.27  0.        2653.184      -2627.093       -705.281    0.000  -0.077   0.211   0.
  2017 352 10 42 25 493 352.446128394       8.70     21.21      2.54  0.        2655.566      -2626.750       -702.081    0.000  -0.077   0.211   0.
  2017 352 10 42 26 493 352.446139968       8.58     21.01      2.91  0.        2657.946      -2626.405       -698.880    0.000  -0.077   0.211   0.
  2017 352 10 42 27 493 352.446151542       8.56     21.04      3.26  0.        2660.324      -2626.058       -695.678    0.000  -0.077   0.211   0.
  2017 352 10 42 28 493 352.446163116       8.75     21.11      3.44  0.        2662.700      -2625.709       -692.476    0.000  -0.077   0.212   0.
  2017 352 10 42 29 493 352.446174690       8.87     21.16      3.42  0.        2665.074      -2625.357       -689.274    0.000  -0.077   0.212   0.
  2017 352 10 42 30 493 352.446186264       8.70     21.08      3.28  0.        2667.445      -2625.004       -686.071    0.000  -0.077   0.212   0.
  2017 352 10 42 31 493 352.446197839       8.41     20.97      3.08  0.        2669.815      -2624.649       -682.867    0.000  -0.077   0.212   0.
  2017 352 10 42 32 493 352.446209413       8.55     20.78      3.06  0.        2672.182      -2624.291       -679.663    0.000  -0.077   0.213   0.
  2017 352 10 42 33 493 352.446220987       8.69     20.73      3.19  0.        2674.548      -2623.932       -676.458    0.000  -0.077   0.213   0.
  2017 352 10 42 34 493 352.446232558       8.86     20.81      3.45  0.        2676.911      -2623.570       -673.253    0.000  -0.078   0.213   0.
  2017 352 10 42 35 493 352.446244132       9.14     21.02      3.65  0.        2679.272      -2623.207       -670.047    0.000  -0.078   0.213   0.
  2017 352 10 42 36 492 352.446255706       9.49     21.34      3.80  0.        2681.631      -2622.841       -666.841    0.000  -0.078   0.214   0.
  2017 352 10 42 37 492 352.446267280       9.88     21.65      3.86  0.        2683.988      -2622.473       -663.634    0.000  -0.078   0.214   0.
  2017 352 10 42 38 492 352.446278854      10.29     21.92      3.82  0.        2686.343      -2622.104       -660.427    0.000  -0.078   0.214   0.
  2017 352 10 42 39 492 352.446290428      10.61     22.20      3.87  0.        2688.696      -2621.732       -657.219    0.000  -0.078   0.214   0.
  2017 352 10 42 40 492 352.446302002      10.95     22.64      4.04  0.        2691.047      -2621.358       -654.011    0.000  -0.078   0.215   0.
  2017 352 10 42 41 493 352.446313576      11.30     23.09      4.08  0.        2693.395      -2620.983       -650.802    0.000  -0.078   0.215   0.
  2017 352 10 42 42 493 352.446325150      11.64     23.52      4.09  0.        2695.742      -2620.605       -647.592    0.000  -0.078   0.215   0.
  2017 352 10 42 43 492 352.446336725      11.86     23.90      4.05  0.        2698.086      -2620.225       -644.383    0.000  -0.078   0.215   0.
  2017 352 10 42 44 492 352.446348299      12.04     24.26      4.03  0.        2700.429      -2619.843       -641.172    0.000  -0.078   0.215   0.
  2017 352 10 42 45 493 352.446359873      12.08     24.50      3.96  0.        2702.769      -2619.459       -637.962    0.000  -0.078   0.215   0.
  2017 352 10 42 46 493 352.446371447      12.09     24.78      3.81  0.        2705.107      -2619.073       -634.750    0.000  -0.079   0.216   0.
  2017 352 10 42 47 493 352.446383021      12.02     25.06      3.52  0.        2707.443      -2618.686       -631.538    0.000  -0.079   0.216   0.
  2017 352 10 42 48 493 352.446394595      11.88     25.22      3.34  0.        2709.778      -2618.296       -628.326    0.000  -0.079   0.216   0.
  2017 352 10 42 49 493 352.446406169      11.78     25.44      3.24  0.        2712.110      -2617.904       -625.113    0.000  -0.079   0.216   0.
  2017 352 10 42 50 492 352.446417743      11.72     25.68      3.11  0.        2714.440      -2617.510       -621.900    0.000  -0.079   0.217   0.
  2017 352 10 42 51 492 352.446429317      11.68     25.71      2.87  0.        2716.767      -2617.114       -618.687    0.000  -0.079   0.217   0.
  2017 352 10 42 52 492 352.446440891      11.58     25.57      2.59  0.        2719.093      -2616.716       -615.472    0.000  -0.079   0.217   0.
  2017 352 10 42 53 492 352.446452465      11.45     25.47      2.50  0.        2721.417      -2616.316       -612.258    0.000  -0.079   0.217   0.
  2017 352 10 42 54 492 352.446464039      11.35     25.54      2.47  0.        2723.738      -2615.914       -609.043    0.000  -0.079   0.218   0.
  2017 352 10 42 55 493 352.446475613      11.25     25.69      2.36  0.        2726.058      -2615.510       -605.827    0.000  -0.079   0.218   0.
  2017 352 10 42 56 492 352.446487188      11.11     25.82      2.02  0.        2728.375      -2615.104       -602.611    0.000  -0.079   0.218   0.
  2017 352 10 42 57 492 352.446498762      10.92     25.66      1.50  0.        2730.690      -2614.696       -599.395    0.000  -0.079   0.218   0.
  2017 352 10 42 58 493 352.446510336      10.63     25.32      1.04  0.        2733.004      -2614.286       -596.178    0.000  -0.080   0.218   0.
  2017 352 10 42 59 493 352.446521910      10.33     25.00      0.53  0.        2735.315      -2613.874       -592.960    0.000  -0.080   0.218   0.
  2017 352 10 43  0 493 352.446533484      10.10     24.76      0.01  0.        2737.624      -2613.460       -589.742    0.000  -0.080   0.219   0.
  2017 352 10 43  1 493 352.446545058       9.95     24.56     -0.58  0.        2739.931      -2613.044       -586.524    0.000  -0.080   0.219   0.
  2017 352 10 43  2 492 352.446556629       9.74     24.30     -1.13  0.        2742.235      -2612.627       -583.305    0.000  -0.080   0.219   0.
  2017 352 10 43  3 492 352.446568203       9.49     24.05     -1.57  0.        2744.538      -2612.207       -580.086    0.000  -0.080   0.219   0.
  2017 352 10 43  4 492 352.446579777       9.17     23.74     -1.90  0.        2746.839      -2611.785       -576.866    0.000  -0.080   0.219   0.
  2017 352 10 43  5 492 352.446591351       8.87     23.51     -2.14  0.        2749.137      -2611.361       -573.646    0.000  -0.080   0.219   0.
  2017 352 10 43  6 492 352.446602925       8.65     23.34     -2.04  0.        2751.434      -2610.935       -570.426    0.000  -0.080   0.220   0.
  2017 352 10 43  7 492 352.446614499       8.72     23.37     -1.84  0.        2753.728      -2610.507       -567.205    0.000  -0.080   0.220   0.
  2017 352 10 43  8 492 352.446626073       8.81     23.40     -1.81  0.        2756.021      -2610.077       -563.984    0.000  -0.080   0.220   0.
  2017 352 10 43  9 492 352.446637648       8.91     23.48     -1.82  0.        2758.311      -2609.645       -560.762    0.000  -0.080   0.220   0.
  2017 352 10 43 10 492 352.446649222       8.93     23.45     -1.98  0.        2760.599      -2609.211       -557.540    0.000  -0.080   0.221   0.
  2017 352 10 43 11 492 352.446660796       8.86     23.28     -1.83  0.        2762.885      -2608.776       -554.317    0.000  -0.080   0.221   0.
  2017 352 10 43 12 492 352.446672370       8.68     23.08     -1.28  0.        2765.169      -2608.338       -551.094    0.000  -0.080   0.221   0.
  2017 352 10 43 13 492 352.446683944       8.42     22.84     -0.24  0.        2767.450      -2607.898       -547.871    0.000  -0.080   0.221   0.
  2017 352 10 43 14 492 352.446695518       8.19     22.83      0.81  0.        2769.730      -2607.456       -544.647    0.000  -0.081   0.222   0.
  2017 352 10 43 15 492 352.446707092       8.04     22.84      1.86  0.        2772.008      -2607.013       -541.422    0.000  -0.081   0.222   0.
  2017 352 10 43 16 492 352.446718666       7.90     22.83      2.58  0.        2774.283      -2606.567       -538.198    0.000  -0.081   0.222   0.
  2017 352 10 43 17 492 352.446730240       7.62     22.55      3.07  0.        2776.556      -2606.120       -534.973    0.000  -0.081   0.222   0.
  2017 352 10 43 18 492 352.446741814       7.37     22.08      3.30  0.        2778.828      -2605.670       -531.747    0.000  -0.081   0.223   0.
  2017 352 10 43 19 492 352.446753388       7.12     21.62      3.67  0.        2781.097      -2605.218       -528.521    0.000  -0.081   0.223   0.
  2017 352 10 43 20 492 352.446764962       6.89     21.40      4.22  0.        2783.364      -2604.765       -525.295    0.000  -0.081   0.223   0.
  2017 352 10 43 21 492 352.446776536       6.68     21.44      4.87  0.        2785.629      -2604.309       -522.068    0.000  -0.081   0.223   0.
  2017 352 10 43 22 492 352.446788111       6.66     21.78      5.55  0.        2787.892      -2603.852       -518.841    0.000  -0.081   0.223   0.
  2017 352 10 43 23 492 352.446799685       6.82     22.27      5.98  0.        2790.153      -2603.392       -515.614    0.000  -0.081   0.223   0.
  2017 352 10 43 24 492 352.446811259       6.77     22.57      6.06  0.        2792.412      -2602.931       -512.386    0.000  -0.082   0.224   0.
  2017 352 10 43 25 492 352.446822833       6.61     22.70      6.42  0.        2794.668      -2602.468       -509.158    0.000  -0.082   0.224   0.
  2017 352 10 43 26 492 352.446834407       6.42     22.90      6.91  0.        2796.923      -2602.003       -505.929    0.000  -0.082   0.224   0.
  2017 352 10 43 27 492 352.446845981       6.12     23.09      7.22  0.        2799.176      -2601.535       -502.700    0.000  -0.082   0.224   0.
  2017 352 10 43 28 492 352.446857555       5.99     23.08      7.15  0.        2801.426      -2601.066       -499.471    0.000  -0.082   0.225   0.
  2017 352 10 43 29 492 352.446869129       5.69     23.04      7.52  0.        2803.674      -2600.595       -496.241    0.000  -0.082   0.225   0.
  2017 352 10 43 30 492 352.446880703       5.48     23.22      7.76  0.        2805.920      -2600.122       -493.011    0.000  -0.082   0.225   0.
  2017 352 10 43 31 492 352.446892277       5.38     23.72      8.16  0.        2808.164      -2599.647       -489.780    0.000  -0.082   0.225   0.
  2017 352 10 43 32 492 352.446903848       5.54     24.42      8.41  0.        2810.406      -2599.170       -486.550    0.000  -0.082   0.225   0.
  2017 352 10 43 33 492 352.446915423       5.85     24.92      8.40  0.        2812.646      -2598.691       -483.318    0.000  -0.082   0.225   0.
  2017 352 10 43 34 492 352.446926996       6.24     25.41      8.19  0.        2814.884      -2598.210       -480.087    0.000  -0.082   0.226   0.
  2017 352 10 43 35 492 352.446938571       6.36     25.55      7.61  0.        2817.119      -2597.728       -476.855    0.000  -0.082   0.226   0.
  2017 352 10 43 36 492 352.446950145       6.46     25.60      7.33  0.        2819.353      -2597.243       -473.623    0.000  -0.082   0.226   0.
  2017 352 10 43 37 492 352.446961719       6.67     25.66      7.29  0.        2821.584      -2596.756       -470.390    0.000  -0.082   0.226   0.
  2017 352 10 43 38 492 352.446973293       6.77     25.86      7.24  0.        2823.814      -2596.268       -467.157    0.000  -0.083   0.227   0.
  2017 352 10 43 39 492 352.446984867       6.88     26.27      7.13  0.        2826.041      -2595.777       -463.924    0.000  -0.083   0.227   0.
  2017 352 10 43 40 492 352.446996441       6.68     26.38      6.34  0.        2828.266      -2595.285       -460.690    0.000  -0.083   0.227   0.
  2017 352 10 43 41 492 352.447008015       6.16     25.96      5.65  0.        2830.489      -2594.791       -457.456    0.000  -0.083   0.227   0.
  2017 352 10 43 42 492 352.447019589       6.03     25.58      5.26  0.        2832.710      -2594.294       -454.222    0.000  -0.083   0.228   0.
  2017 352 10 43 43 492 352.447031163       6.36     25.83      5.25  0.        2834.929      -2593.796       -450.987    0.000  -0.083   0.228   0.
  2017 352 10 43 44 492 352.447042737       6.30     27.10      5.45  0.        2837.146      -2593.296       -447.752    0.000  -0.083   0.228   0.
  2017 352 10 43 45 492 352.447054311       6.31     28.30      5.75  0.        2839.360      -2592.794       -444.517    0.000  -0.083   0.228   0.
  2017 352 10 43 46 492 352.447065885       6.42     28.59      5.65  0.        2841.573      -2592.290       -441.281    0.000  -0.083   0.228   0.
  2017 352 10 43 47 492 352.447077459       6.40     27.82      5.08  0.        2843.783      -2591.784       -438.046    0.000  -0.083   0.228   0.
  2017 352 10 43 48 492 352.447089034       6.06     26.41      4.49  0.        2845.991      -2591.277       -434.809    0.000  -0.083   0.229   0.
  2017 352 10 43 49 492 352.447100608       5.57     24.99      4.02  0.        2848.198      -2590.767       -431.573    0.000  -0.083   0.229   0.
  2017 352 10 43 50 492 352.447112182       4.99     23.74      3.33  0.        2850.402      -2590.255       -428.336    0.000  -0.083   0.229   0.
  2017 352 10 43 51 492 352.447123756       4.64     22.47      2.69  0.        2852.604      -2589.742       -425.099    0.000  -0.083   0.229   0.
  2017 352 10 43 52 492 352.447135330       4.35     20.92      2.19  0.        2854.804      -2589.226       -421.861    0.000  -0.084   0.230   0.
  2017 352 10 43 53 492 352.447146904       3.94     19.73      2.26  0.        2857.002      -2588.709       -418.623    0.000  -0.084   0.230   0.
  2017 352 10 43 54 492 352.447158478       3.42     19.59      2.84  0.        2859.197      -2588.190       -415.385    0.000  -0.084   0.230   0.
  2017 352 10 43 55 492 352.447170052       3.31     20.13      3.14  0.        2861.391      -2587.669       -412.147    0.000  -0.084   0.230   0.
  2017 352 10 43 56 492 352.447181626       3.23     20.60      3.36  0.        2863.582      -2587.146       -408.908    0.000  -0.084   0.231   0.
  2017 352 10 43 57 492 352.447193200       3.49     20.91      3.72  0.        2865.772      -2586.621       -405.669    0.000  -0.084   0.231   0.
  2017 352 10 43 58 492 352.447204774       4.04     21.14      3.90  0.        2867.959      -2586.094       -402.430    0.000  -0.084   0.231   0.
  2017 352 10 43 59 492 352.447216348       4.46     21.21      3.85  0.        2870.144      -2585.565       -399.190    0.000  -0.084   0.231   0.
  2017 352 10 44  0 492 352.447227923       4.72     21.53      4.10  0.        2872.327      -2585.035       -395.950    0.000  -0.084   0.231   0.
  2017 352 10 44  1 492 352.447239497       4.75     21.84      4.74  0.        2874.508      -2584.502       -392.710    0.000  -0.084   0.231   0.
  2017 352 10 44  2 492 352.447251068       4.67     21.95      4.88  0.        2876.687      -2583.968       -389.469    0.000  -0.084   0.232   0.
  2017 352 10 44  3 492 352.447262642       4.55     22.06      4.66  0.        2878.864      -2583.432       -386.228    0.000  -0.084   0.232   0.
  2017 352 10 44  4 492 352.447274216       4.45     21.94      4.70  0.        2881.039      -2582.894       -382.987    0.000  -0.084   0.232   0.
  2017 352 10 44  5 492 352.447285790       4.32     21.80      4.31  0.        2883.211      -2582.354       -379.746    0.000  -0.084   0.232   0.
  2017 352 10 44  6 492 352.447297364       4.26     21.47      3.80  0.        2885.382      -2581.811       -376.505    0.000  -0.085   0.232   0.
  2017 352 10 44  7 492 352.447308938       4.12     21.37      3.53  0.        2887.550      -2581.268       -373.263    0.000  -0.085   0.232   0.
  2017 352 10 44  8 492 352.447320512       3.98     21.24      3.43  0.        2889.716      -2580.722       -370.020    0.000  -0.085   0.233   0.
  2017 352 10 44  9 492 352.447332086       3.95     21.08      3.42  0.        2891.881      -2580.175       -366.778    0.000  -0.085   0.233   0.
  2017 352 10 44 10 492 352.447343660       3.72     20.93      3.28  0.        2894.043      -2579.625       -363.535    0.000  -0.085   0.234   0.
  2017 352 10 44 11 492 352.447355234       3.69     20.87      3.11  0.        2896.203      -2579.074       -360.292    0.000  -0.085   0.234   0.
  2017 352 10 44 12 492 352.447366808       3.88     20.97      2.92  0.        2898.360      -2578.521       -357.049    0.000  -0.085   0.234   0.
  2017 352 10 44 13 492 352.447378383       3.88     20.92      2.78  0.        2900.516      -2577.966       -353.806    0.000  -0.085   0.234   0.
  2017 352 10 44 14 492 352.447389957       3.79     20.94      2.64  0.        2902.670      -2577.409       -350.562    0.000  -0.085   0.234   0.
  2017 352 10 44 15 492 352.447401531       3.78     21.05      2.41  0.        2904.821      -2576.850       -347.318    0.000  -0.085   0.234   0.
  2017 352 10 44 16 492 352.447413105       3.68     20.93      2.28  0.        2906.971      -2576.289       -344.074    0.000  -0.085   0.235   0.
  2017 352 10 44 17 492 352.447424679       3.56     20.50      2.16  0.        2909.118      -2575.727       -340.829    0.000  -0.085   0.235   0.
  2017 352 10 44 18 492 352.447436253       3.70     20.05      2.15  0.        2911.263      -2575.163       -337.585    0.000  -0.085   0.235   0.
  2017 352 10 44 19 492 352.447447827       3.76     19.74      2.16  0.        2913.406      -2574.596       -334.340    0.000  -0.085   0.235   0.
  2017 352 10 44 20 492 352.447459401       4.05     19.80      1.83  0.        2915.547      -2574.028       -331.095    0.000  -0.086   0.235   0.
  2017 352 10 44 21 492 352.447470975       4.13     19.76      1.56  0.        2917.686      -2573.458       -327.849    0.000  -0.086   0.235   0.
  2017 352 10 44 22 492 352.447482549       4.15     20.02      1.15  0.        2919.823      -2572.887       -324.604    0.000  -0.086   0.235   0.
  2017 352 10 44 23 492 352.447494123       3.99     20.69      0.89  0.        2921.958      -2572.313       -321.358    0.000  -0.086   0.235   0.
  2017 352 10 44 24 492 352.447505697       3.85     21.36      0.70  0.        2924.090      -2571.737       -318.112    0.000  -0.086   0.236   0.
  2017 352 10 44 25 492 352.447517271       4.00     21.46      0.69  0.        2926.221      -2571.160       -314.865    0.000  -0.086   0.236   0.
  2017 352 10 44 26 492 352.447528846       3.95     21.68      0.76  0.        2928.349      -2570.581       -311.619    0.000  -0.086   0.235   0.
  2017 352 10 44 27 492 352.447540420       4.38     21.81      0.61  0.        2930.476      -2570.000       -308.372    0.000  -0.086   0.235   0.
  2017 352 10 44 28 492 352.447551994       4.70     21.41      0.68  0.        2932.600      -2569.417       -305.125    0.000  -0.086   0.235   0.
  2017 352 10 44 29 492 352.447563568       4.88     20.68      0.63  0.        2934.722      -2568.832       -301.878    0.000  -0.086   0.235   0.
  2017 352 10 44 30 492 352.447575142       4.90     20.80      0.75  0.        2936.842      -2568.246       -298.630    0.000  -0.086   0.235   0.
  2017 352 10 44 31 492 352.447586716       5.26     21.27      0.76  0.        2938.960      -2567.657       -295.383    0.000  -0.086   0.235   0.
  2017 352 10 44 32 492 352.447598290       5.74     21.19      0.37  0.        2941.075      -2567.067       -292.135    0.000  -0.086   0.235   0.
  2017 352 10 44 33 492 352.447609864       6.08     22.98      0.17  0.        2943.189      -2566.475       -288.887    0.000  -0.086   0.235   0.
  2017 352 10 44 34 491 352.447621435       5.49     24.06      0.97  0.        2945.301      -2565.881       -285.639    0.000  -0.086   0.235   0.
  2017 352 10 44 35 491 352.447633009       4.50     23.92      2.04  0.        2947.410      -2565.285       -282.390    0.000  -0.086   0.235   0.
  2017 352 10 44 36 491 352.447644583       4.42     23.90      1.05  0.        2949.517      -2564.688       -279.142    0.000  -0.086   0.235   0.
  2017 352 10 44 37 492 352.447656157       4.60     27.06      0.90  0.        2951.622      -2564.088       -275.893    0.000  -0.086   0.235   0.
  2017 352 10 44 38 492 352.447667731       6.44     34.41      2.09  0.        2953.726      -2563.487       -272.644    0.000  -0.086   0.235   0.
  2017 352 10 44 39 491 352.447679306       5.45     30.76      2.78  0.        2955.827      -2562.884       -269.395    0.000  -0.086   0.235   0.
  2017 352 10 44 40 491 352.447690880       4.49     26.28      2.92  0.        2957.926      -2562.279       -266.145    0.000  -0.086   0.235   0.
  2017 352 10 44 41 492 352.447702454       4.72     24.10      1.97  0.        2960.022      -2561.672       -262.896    0.000  -0.086   0.235   0.
  2017 352 10 44 42 492 352.447714028       4.42     23.07      1.84  0.        2962.117      -2561.064       -259.646    0.000  -0.086   0.235   0.
  2017 352 10 44 43 492 352.447725602       4.87     21.62      0.76  0.        2964.210      -2560.454       -256.396    0.000  -0.086   0.235   0.
  2017 352 10 44 44 492 352.447737176       5.30     22.13      0.52  0.        2966.300      -2559.842       -253.146    0.000  -0.086   0.235   0.
  2017 352 10 44 45 491 352.447748750       5.67     21.50      0.48  0.        2968.389      -2559.228       -249.895    0.000  -0.086   0.235   0.
  2017 352 10 44 46 491 352.447760324       6.07     22.28     -0.97  0.        2970.475      -2558.612       -246.645    0.000  -0.086   0.235   0.
  2017 352 10 44 47 491 352.447771898       6.52     26.99     -1.76  0.        2972.559      -2557.995       -243.394    0.000  -0.086   0.235   0.
  2017 352 10 44 48 491 352.447783472       6.72     31.69      0.30  0.        2974.641      -2557.375       -240.143    0.000  -0.086   0.235   0.
  2017 352 10 44 49 491 352.447795046       6.37     28.05      1.19  0.        2976.721      -2556.754       -236.892    0.000  -0.086   0.235   0.
  2017 352 10 44 50 492 352.447806620       5.53     23.51      0.91  0.        2978.799      -2556.131       -233.641    0.000  -0.086   0.235   0.
  2017 352 10 44 51 492 352.447818194       4.43     22.30      1.42  0.        2980.875      -2555.506       -230.390    0.000  -0.086   0.235   0.
  2017 352 10 44 52 491 352.447829769       4.81     22.55      1.09  0.        2982.949      -2554.880       -227.138    0.000  -0.086   0.235   0.
  2017 352 10 44 53 491 352.447841343       5.82     22.40     -0.54  0.        2985.020      -2554.251       -223.887    0.000  -0.086   0.235   0.
  2017 352 10 44 54 492 352.447852917       5.85     21.81     -0.49  0.        2987.090      -2553.621       -220.635    0.000  -0.086   0.235   0.
  2017 352 10 44 55 492 352.447864491       4.92     21.03      0.63  0.        2989.157      -2552.989       -217.383    0.000  -0.086   0.235   0.
  2017 352 10 44 56 492 352.447876065       5.41     21.78      0.89  0.        2991.222      -2552.355       -214.131    0.000  -0.086   0.235   0.
  2017 352 10 44 57 492 352.447887639       5.96     20.70     -0.17  0.        2993.286      -2551.720       -210.879    0.000  -0.086   0.235   0.
  2017 352 10 44 58 492 352.447899213       6.51     21.14     -0.72  0.        2995.347      -2551.083       -207.626    0.000  -0.086   0.235   0.
  2017 352 10 44 59 491 352.447910787       7.16     21.66     -1.00  0.        2997.406      -2550.443       -204.374    0.000  -0.086   0.235   0.
  2017 352 10 45  0 491 352.447922361       7.82     22.65     -1.30  0.        2999.462      -2549.803       -201.121    0.000  -0.086   0.235   0.
  2017 352 10 45  1 491 352.447933935       7.76     22.08     -1.63  0.        3001.517      -2549.160       -197.868    0.000  -0.086   0.235   0.
  2017 352 10 45  2 491 352.447945506       6.86     20.77     -1.34  0.        3003.570      -2548.515       -194.615    0.000  -0.086   0.235   0.
  2017 352 10 45  3 491 352.447957080       6.45     19.55     -1.45  0.        3005.621      -2547.869       -191.362    0.000  -0.086   0.235   0.
  2017 352 10 45  4 491 352.447968655       6.01     19.96     -1.80  0.        3007.669      -2547.221       -188.109    0.000  -0.086   0.235   0.
  2017 352 10 45  5 491 352.447980229       5.99     21.55     -1.97  0.        3009.715      -2546.571       -184.856    0.000  -0.086   0.235   0.
  2017 352 10 45  6 491 352.447991803       6.18     22.46     -2.57  0.        3011.760      -2545.920       -181.602    0.000  -0.086   0.235   0.
  2017 352 10 45  7 491 352.448003377       6.03     22.16     -3.00  0.        3013.802      -2545.266       -178.349    0.000  -0.086   0.235   0.
  2017 352 10 45  8 491 352.448014951       5.59     23.37     -2.64  0.        3015.842      -2544.611       -175.095    0.000  -0.086   0.235   0.
  2017 352 10 45  9 491 352.448026525       6.65     24.03     -3.63  0.        3017.880      -2543.954       -171.841    0.000  -0.086   0.235   0.
  2017 352 10 45 10 491 352.448038099       6.78     24.16     -3.05  0.        3019.916      -2543.296       -168.587    0.000  -0.086   0.235   0.
  2017 352 10 45 11 491 352.448049673       7.12     24.40     -2.57  0.        3021.949      -2542.635       -165.333    0.000  -0.086   0.235   0.
  2017 352 10 45 12 491 352.448061247       7.13     23.43     -2.21  0.        3023.981      -2541.973       -162.079    0.000  -0.086   0.236   0.
  2017 352 10 45 13 491 352.448072821       7.74     23.92     -2.95  0.        3026.011      -2541.309       -158.825    0.000  -0.086   0.236   0.
  2017 352 10 45 14 491 352.448084395       8.13     24.12     -3.03  0.        3028.038      -2540.643       -155.570    0.000  -0.086   0.235   0.
  2017 352 10 45 15 491 352.448095969       9.28     24.67     -4.20  0.        3030.063      -2539.976       -152.316    0.000  -0.086   0.235   0.
  2017 352 10 45 16 491 352.448107543       9.83     23.05     -3.54  0.        3032.087      -2539.306       -149.061    0.000  -0.086   0.235   0.
  2017 352 10 45 17 491 352.448119117       9.61     21.02     -2.78  0.        3034.108      -2538.635       -145.807    0.000  -0.086   0.235   0.
  2017 352 10 45 18 491 352.448130692       8.99     21.18     -4.51  0.        3036.127      -2537.963       -142.552    0.000  -0.086   0.236   0.
  2017 352 10 45 19 491 352.448142266       9.96     20.66     -5.46  0.        3038.143      -2537.288       -139.297    0.000  -0.086   0.236   0.
  2017 352 10 45 20 491 352.448153840       8.64     18.88     -5.22  0.        3040.159      -2536.612       -136.042    0.000  -0.086   0.235   0.
  2017 352 10 45 21 491 352.448165414       6.89     18.21     -5.26  0.        3042.172      -2535.934       -132.787    0.000  -0.086   0.235   0.
  2017 352 10 45 22 491 352.448176988       6.90     20.37     -4.69  0.        3044.182      -2535.254       -129.532    0.000  -0.086   0.235   0.
  2017 352 10 45 23 491 352.448188562       7.17     21.15     -4.93  0.        3046.191      -2534.573       -126.277    0.000  -0.086   0.235   0.
  2017 352 10 45 24 491 352.448200136       7.95     21.03     -6.25  0.        3048.197      -2533.889       -123.021    0.000  -0.086   0.236   0.
  2017 352 10 45 25 491 352.448211710       7.96     20.74     -7.86  0.        3050.202      -2533.205       -119.766    0.000  -0.086   0.236   0.
  2017 352 10 45 26 491 352.448223284       8.47     24.39     -5.75  0.        3052.204      -2532.518       -116.510    0.000  -0.086   0.235   0.
  2017 352 10 45 27 491 352.448234858       9.80     20.59     -6.43  0.        3054.204      -2531.829       -113.255    0.000  -0.086   0.235   0.
  2017 352 10 45 28 491 352.448246432      10.32     20.91     -8.83  0.        3056.202      -2531.139       -109.999    0.000  -0.086   0.236   0.
  2017 352 10 45 29 491 352.448258006      10.38     24.37     -9.36  0.        3058.198      -2530.447       -106.744    0.000  -0.086   0.236   0.
  2017 352 10 45 30 491 352.448269580      10.23     25.00     -7.60  0.        3060.192      -2529.754       -103.488    0.000  -0.086   0.236   0.
  2017 352 10 45 31 491 352.448281154      11.09     23.78     -8.71  0.        3062.184      -2529.058       -100.232    0.000  -0.086   0.236   0.
  2017 352 10 45 32 491 352.448292726      11.00     23.85     -7.98  0.        3064.174      -2528.361        -96.976    0.000  -0.086   0.235   0.
  2017 352 10 45 33 491 352.448304300      10.06     22.68     -7.01  0.        3066.161      -2527.662        -93.720    0.000  -0.086   0.235   0.
  2017 352 10 45 34 491 352.448315874       9.50     21.22     -6.43  0.        3068.147      -2526.962        -90.464    0.000  -0.086   0.236   0.
  2017 352 10 45 35 491 352.448327448       8.11     20.87     -6.12  0.        3070.130      -2526.259        -87.208    0.000  -0.086   0.236   0.
  2017 352 10 45 36 491 352.448339022       6.75     20.53     -4.70  0.        3072.112      -2525.555        -83.952    0.000  -0.086   0.236   0.
  2017 352 10 45 37 491 352.448350596       6.31     20.67     -3.85  0.        3074.091      -2524.850        -80.696    0.000  -0.086   0.236   0.
  2017 352 10 45 38 491 352.448362170       7.64     23.35     -3.66  0.        3076.068      -2524.142        -77.439    0.000  -0.086   0.236   0.
  2017 352 10 45 39 491 352.448373744      12.04     24.57     -4.84  0.        3078.043      -2523.433        -74.183    0.000  -0.086   0.236   0.
  2017 352 10 45 40 491 352.448385318      12.40     21.65     -6.00  0.        3080.016      -2522.722        -70.927    0.000  -0.086   0.236   0.
  2017 352 10 45 41 491 352.448396892      12.04     19.69     -9.30  0.        3081.987      -2522.009        -67.670    0.000  -0.086   0.236   0.
  2017 352 10 45 42 491 352.448408466      12.95     23.86    -10.30  0.        3083.955      -2521.295        -64.414    0.000  -0.086   0.235   0.
  2017 352 10 45 43 491 352.448420040      14.25     23.53     -9.31  0.        3085.922      -2520.579        -61.157    0.000  -0.086   0.235   0.
  2017 352 10 45 44 491 352.448431615      13.22     22.47     -8.81  0.        3087.887      -2519.861        -57.901    0.000  -0.086   0.236   0.
  2017 352 10 45 45 491 352.448443189      16.66     20.10     -7.99  0.        3089.849      -2519.142        -54.644    0.000  -0.086   0.236   0.
  2017 352 10 45 46 491 352.448454763      12.75     15.70     -7.69  0.        3091.810      -2518.421        -51.388    0.000  -0.086   0.236   0.
  2017 352 10 45 47 491 352.448466337      10.05     16.24     -7.70  0.        3093.768      -2517.698        -48.131    0.000  -0.086   0.236   0.
  2017 352 10 45 48 491 352.448477911       9.54     18.15     -7.95  0.        3095.724      -2516.974        -44.875    0.000  -0.086   0.236   0.
  2017 352 10 45 49 491 352.448489485       8.95     19.94     -7.53  0.        3097.678      -2516.247        -41.618    0.000  -0.086   0.236   0.
  2017 352 10 45 50 491 352.448501059      10.73     22.62     -6.23  0.        3099.630      -2515.519        -38.361    0.000  -0.086   0.236   0.
  2017 352 10 45 51 491 352.448512633      12.38     19.75     -5.56  0.        3101.580      -2514.790        -35.105    0.000  -0.086   0.236   0.
  2017 352 10 45 52 491 352.448524207      10.73     17.22     -6.36  0.        3103.528      -2514.058        -31.848    0.000  -0.086   0.236   0.
  2017 352 10 45 53 491 352.448535781       9.24     16.44     -5.77  0.        3105.474      -2513.325        -28.591    0.000  -0.086   0.236   0.
  2017 352 10 45 54 491 352.448547355       8.96     16.13     -5.84  0.        3107.418      -2512.590        -25.334    0.000  -0.086   0.236   0.
  2017 352 10 45 55 491 352.448558929       9.33     15.79     -5.96  0.        3109.359      -2511.854        -22.077    0.000  -0.086   0.236   0.
  2017 352 10 45 56 491 352.448570504      10.05     16.12     -6.99  0.        3111.299      -2511.116        -18.821    0.000  -0.086   0.236   0.
  2017 352 10 45 57 491 352.448582078      10.45     17.33     -7.77  0.        3113.236      -2510.377        -15.564    0.000  -0.086   0.236   0.
  2017 352 10 45 58 491 352.448593652      11.42     20.04     -7.46  0.        3115.171      -2509.635        -12.307    0.000  -0.086   0.236   0.
  2017 352 10 45 59 491 352.448605226      10.98     20.04     -7.62  0.        3117.105      -2508.892         -9.050    0.000  -0.086   0.236   0.
  2017 352 10 46  0 491 352.448616800       9.69     18.37     -8.26  0.        3119.036      -2508.147         -5.793    0.000  -0.086   0.236   0.
  2017 352 10 46  1 491 352.448628374      10.27     17.15     -8.67  0.        3120.965      -2507.401         -2.537    0.000  -0.086   0.236   0.
  2017 352 10 46  2 491 352.448639945      10.09     17.31     -8.36  0.        3122.892      -2506.653          0.720    0.000  -0.086   0.236   0.
  2017 352 10 46  3 491 352.448651519      10.46     18.63     -7.33  0.        3124.817      -2505.903          3.977    0.000  -0.086   0.236   0.
  2017 352 10 46  4 491 352.448663093      11.30     18.90     -6.61  0.        3126.740      -2505.151          7.234    0.000  -0.086   0.236   0.
  2017 352 10 46  5 491 352.448674667      11.73     17.04     -4.02  0.        3128.660      -2504.398         10.491    0.000  -0.086   0.236   0.
  2017 352 10 46  6 491 352.448686241      10.15     16.13     -3.31  0.        3130.579      -2503.643         13.747    0.000  -0.086   0.236   0.
  2017 352 10 46  7 491 352.448697815       9.14     15.44     -1.48  0.        3132.496      -2502.887         17.004    0.000  -0.086   0.236   0.
  2017 352 10 46  8 491 352.448709389       9.10     14.08     -2.98  0.        3134.410      -2502.129         20.261    0.000  -0.086   0.236   0.
  2017 352 10 46  9 491 352.448720964       9.27     15.04     -4.68  0.        3136.322      -2501.369         23.518    0.000  -0.086   0.236   0.
  2017 352 10 46 10 491 352.448732538       9.45     15.93     -5.94  0.        3138.233      -2500.608         26.774    0.000  -0.086   0.236   0.
  2017 352 10 46 11 491 352.448744112       9.16     16.13     -5.10  0.        3140.141      -2499.844         30.031    0.000  -0.086   0.236   0.
  2017 352 10 46 12 491 352.448755686       9.52     15.31     -4.24  0.        3142.047      -2499.080         33.288    0.000  -0.086   0.236   0.
  2017 352 10 46 13 491 352.448767260      10.03     14.47     -3.33  0.        3143.951      -2498.313         36.544    0.000  -0.086   0.236   0.
  2017 352 10 46 14 491 352.448778834       9.31     14.44     -2.61  0.        3145.853      -2497.545         39.801    0.000  -0.086   0.236   0.
  2017 352 10 46 15 491 352.448790408       8.52     14.76     -2.51  0.        3147.753      -2496.775         43.058    0.000  -0.086   0.236   0.
  2017 352 10 46 16 491 352.448801982       8.57     15.52     -4.04  0.        3149.651      -2496.004         46.314    0.000  -0.086   0.236   0.
  2017 352 10 46 17 491 352.448813556       9.54     14.69     -5.48  0.        3151.547      -2495.231         49.571    0.000  -0.086   0.236   0.
  2017 352 10 46 18 491 352.448825130      10.66     14.93     -6.48  0.        3153.440      -2494.456         52.827    0.000  -0.086   0.236   0.
  2017 352 10 46 19 491 352.448836704      10.99     14.91     -6.98  0.        3155.332      -2493.680         56.084    0.000  -0.086   0.236   0.
  2017 352 10 46 20 491 352.448848278      10.75     13.55     -8.47  0.        3157.221      -2492.902         59.340    0.000  -0.086   0.236   0.
  2017 352 10 46 21 491 352.448859852      11.02     15.15     -8.58  0.        3159.109      -2492.122         62.596    0.000  -0.086   0.236   0.
  2017 352 10 46 22 491 352.448871427      12.63     14.78     -6.61  0.        3160.994      -2491.341         65.853    0.000  -0.086   0.236   0.
  2017 352 10 46 23 491 352.448883001      13.29     13.96     -8.45  0.        3162.877      -2490.558         69.109    0.000  -0.086   0.236   0.
  2017 352 10 46 24 491 352.448894575      13.76     15.99     -4.32  0.        3164.758      -2489.774         72.365    0.000  -0.086   0.236   0.
  2017 352 10 46 25 491 352.448906149      12.84     10.89     -3.17  0.        3166.637      -2488.988         75.621    0.000  -0.086   0.236   0.
  2017 352 10 46 26 491 352.448917723      10.68     11.66     -3.75  0.        3168.514      -2488.200         78.878    0.000  -0.086   0.236   0.
  2017 352 10 46 27 491 352.448929297       9.28     11.24     -4.37  0.        3170.389      -2487.410         82.134    0.000  -0.086   0.236   0.
  2017 352 10 46 28 491 352.448940871       7.73     12.33     -5.08  0.        3172.262      -2486.619         85.389    0.000  -0.086   0.236   0.
  2017 352 10 46 29 491 352.448952445       9.00     12.15     -5.97  0.        3174.133      -2485.827         88.645    0.000  -0.086   0.236   0.
  2017 352 10 46 30 491 352.448964019       8.86     12.57     -7.17  0.        3176.002      -2485.033         91.901    0.000  -0.086   0.236   0.
  2017 352 10 46 31 491 352.448975593       9.99     13.15     -7.86  0.        3177.868      -2484.237         95.157    0.000  -0.086   0.236   0.
  2017 352 10 46 32 491 352.448987164      10.43     14.47     -7.52  0.        3179.733      -2483.439         98.413    0.000  -0.086   0.236   0.
  2017 352 10 46 33 491 352.448998738      10.59     14.41     -8.23  0.        3181.595      -2482.640        101.669    0.000  -0.086   0.236   0.
  2017 352 10 46 34 490 352.449010312       7.02     17.78     -7.75  0.        3183.456      -2481.839        104.924    0.000  -0.086   0.236   0.
  2017 352 10 46 35 490 352.449021887       5.40     18.70     -7.15  0.        3185.314      -2481.037        108.180    0.000  -0.086   0.236   0.
  2017 352 10 46 36 490 352.449033461       9.07     18.48     -7.14  0.        3187.170      -2480.233        111.435    0.000  -0.086   0.236   0.
  2017 352 10 46 37 491 352.449045035      11.77     17.16    -10.08  0.        3189.024      -2479.427        114.691    0.000  -0.086   0.236   0.
  2017 352 10 46 38 491 352.449056609       8.04     11.90    -11.24  0.        3190.877      -2478.620        117.946    0.000  -0.086   0.236   0.
  2017 352 10 46 39 491 352.449068183       9.25     12.20    -10.55  0.        3192.727      -2477.811        121.201    0.000  -0.086   0.236   0.
  2017 352 10 46 40 491 352.449079757       8.02     18.56    -10.54  0.        3194.575      -2477.001        124.457    0.000  -0.086   0.236   0.
  2017 352 10 46 41 490 352.449091331      11.96     19.58     -8.43  0.        3196.420      -2476.189        127.712    0.000  -0.086   0.236   0.
  2017 352 10 46 42 490 352.449102905      12.19     14.01    -11.19  0.        3198.264      -2475.375        130.967    0.000  -0.086   0.236   0.
  2017 352 10 46 43 490 352.449114479      10.68     14.87    -14.64  0.        3200.106      -2474.560        134.221    0.000  -0.086   0.236   0.
  2017 352 10 46 44 490 352.449126053       8.57      8.56    -11.41  0.        3201.946      -2473.743        137.476    0.000  -0.086   0.236   0.
  2017 352 10 46 45 490 352.449137627       9.98     12.77    -12.61  0.        3203.783      -2472.925        140.731    0.000  -0.086   0.236   0.
  2017 352 10 46 46 491 352.449149201      11.16     14.58    -12.36  0.        3205.619      -2472.105        143.986    0.000  -0.086   0.236   0.
  2017 352 10 46 47 491 352.449160775      11.67     12.37    -12.79  0.        3207.452      -2471.283        147.240    0.000  -0.086   0.236   0.
  2017 352 10 46 48 490 352.449172350      13.84     15.70    -14.80  0.        3209.284      -2470.460        150.495    0.000  -0.086   0.236   0.
  2017 352 10 46 49 490 352.449183924      11.86      8.32     -9.71  0.        3211.113      -2469.635        153.749    0.000  -0.086   0.236   0.
  2017 352 10 46 50 491 352.449195498      10.83      8.77    -12.09  0.        3212.940      -2468.809        157.003    0.000  -0.086   0.236   0.
  2017 352 10 46 51 491 352.449207072       9.59      9.78    -11.60  0.        3214.766      -2467.981        160.257    0.000  -0.086   0.236   0.
  2017 352 10 46 52 491 352.449218646       9.21      6.83    -10.34  0.        3216.589      -2467.151        163.511    0.000  -0.086   0.236   0.
  2017 352 10 46 53 491 352.449230220       7.87     10.82     -8.26  0.        3218.410      -2466.320        166.765    0.000  -0.086   0.236   0.
  2017 352 10 46 54 491 352.449241794      11.21     11.19     -9.22  0.        3220.229      -2465.487        170.019    0.000  -0.086   0.236   0.
  2017 352 10 46 55 490 352.449253368      11.27      6.89     -7.22  0.        3222.046      -2464.653        173.273    0.000  -0.086   0.236   0.
  2017 352 10 46 56 490 352.449264942      12.62      7.27     -9.15  0.        3223.861      -2463.817        176.526    0.000  -0.086   0.236   0.
  2017 352 10 46 57 490 352.449276516      11.53      6.09     -8.91  0.        3225.673      -2462.980        179.780    0.000  -0.086   0.236   0.
  2017 352 10 46 58 490 352.449288090       9.35      5.97     -9.47  0.        3227.484      -2462.141        183.033    0.000  -0.086   0.236   0.
  2017 352 10 46 59 491 352.449299664       9.78      7.82     -8.54  0.        3229.293      -2461.300        186.286    0.000  -0.086   0.236   0.
  2017 352 10 47  0 491 352.449311238       9.84      9.78     -7.09  0.        3231.099      -2460.458        189.539    0.000  -0.086   0.236   0.
  2017 352 10 47  1 490 352.449322813      10.47     10.13     -7.78  0.        3232.904      -2459.614        192.792    0.000  -0.086   0.236   0.
  2017 352 10 47  2 490 352.449334384       8.96      8.99     -8.46  0.        3234.707      -2458.769        196.045    0.000  -0.086   0.236   0.
  2017 352 10 47  3 490 352.449345958       7.16      6.96     -8.39  0.        3236.507      -2457.922        199.298    0.000  -0.086   0.236   0.
  2017 352 10 47  4 490 352.449357532       5.99      5.59     -8.95  0.        3238.305      -2457.074        202.550    0.000  -0.086   0.237   0.
  2017 352 10 47  5 490 352.449369106       4.51      5.36     -8.14  0.        3240.102      -2456.224        205.803    0.000  -0.086   0.237   0.
  2017 352 10 47  6 490 352.449380680       4.05      6.53     -8.21  0.        3241.896      -2455.372        209.055    0.000  -0.086   0.236   0.
  2017 352 10 47  7 490 352.449392254       4.65      7.76     -7.41  0.        3243.688      -2454.519        212.307    0.000  -0.086   0.236   0.
  2017 352 10 47  8 490 352.449403828       3.76      8.39     -5.86  0.        3245.478      -2453.664        215.559    0.000  -0.086   0.237   0.
  2017 352 10 47  9 490 352.449415402       5.53      6.80     -7.63  0.        3247.266      -2452.808        218.811    0.000  -0.086   0.237   0.
  2017 352 10 47 10 490 352.449426976       5.20      6.53     -8.95  0.        3249.052      -2451.950        222.063    0.000  -0.086   0.236   0.
  2017 352 10 47 11 490 352.449438550       6.09      6.27     -9.65  0.        3250.836      -2451.091        225.315    0.000  -0.086   0.236   0.
  2017 352 10 47 12 490 352.449450124       6.18      7.76    -10.36  0.        3252.618      -2450.230        228.566    0.000  -0.086   0.236   0.
  2017 352 10 47 13 490 352.449461698       6.49      7.35    -10.95  0.        3254.398      -2449.368        231.817    0.000  -0.086   0.236   0.
  2017 352 10 47 14 490 352.449473273       9.50      9.59    -11.15  0.        3256.176      -2448.504        235.069    0.000  -0.086   0.236   0.
  2017 352 10 47 15 490 352.449484847       8.99      7.05    -10.21  0.        3257.952      -2447.638        238.320    0.000  -0.086   0.236   0.
  2017 352 10 47 16 490 352.449496421       6.86      4.17     -7.83  0.        3259.725      -2446.771        241.571    0.000  -0.086   0.236   0.
  2017 352 10 47 17 490 352.449507995       7.04      3.11     -7.64  0.        3261.497      -2445.903        244.821    0.000  -0.086   0.236   0.
  2017 352 10 47 18 490 352.449519569       6.29      3.72     -7.71  0.        3263.267      -2445.033        248.072    0.000  -0.086   0.236   0.
  2017 352 10 47 19 490 352.449531143       5.06      6.19     -7.77  0.        3265.034      -2444.161        251.322    0.000  -0.086   0.236   0.
  2017 352 10 47 20 490 352.449542717       3.66      7.96     -7.26  0.        3266.800      -2443.288        254.572    0.000  -0.086   0.237   0.
  2017 352 10 47 21 490 352.449554291       4.13      6.28     -9.40  0.        3268.563      -2442.413        257.822    0.000  -0.086   0.237   0.
  2017 352 10 47 22 490 352.449565865       1.09      9.52     -8.18  0.        3270.324      -2441.537        261.072    0.000  -0.086   0.237   0.
  2017 352 10 47 23 490 352.449577439      -1.47     11.70     -8.65  0.        3272.084      -2440.659        264.322    0.000  -0.086   0.237   0.
  2017 352 10 47 24 490 352.449589013       2.15      9.65     -6.41  0.        3273.841      -2439.780        267.572    0.000  -0.086   0.236   0.
  2017 352 10 47 25 490 352.449600587       4.09      9.73     -6.30  0.        3275.596      -2438.899        270.821    0.000  -0.086   0.236   0.
  2017 352 10 47 26 490 352.449612161       6.51     15.40     -9.45  0.        3277.349      -2438.017        274.070    0.000  -0.086   0.236   0.
  2017 352 10 47 27 490 352.449623736       9.85     14.68     -7.98  0.        3279.101      -2437.133        277.319    0.000  -0.086   0.236   0.
  2017 352 10 47 28 490 352.449635310      11.35     13.59     -9.56  0.        3280.850      -2436.247        280.568    0.000  -0.086   0.236   0.
  2017 352 10 47 29 490 352.449646884       9.77     11.73     -8.64  0.        3282.597      -2435.360        283.817    0.000  -0.086   0.236   0.
  2017 352 10 47 30 490 352.449658455       6.64     10.45    -10.31  0.        3284.342      -2434.472        287.065    0.000  -0.086   0.237   0.
  2017 352 10 47 31 490 352.449670029       5.65     10.50     -7.88  0.        3286.085      -2433.582        290.314    0.000  -0.086   0.237   0.
  2017 352 10 47 32 490 352.449681603       5.07     12.79    -10.94  0.        3287.826      -2432.691        293.562    0.000  -0.086   0.236   0.
  2017 352 10 47 33 490 352.449693177       9.67     14.21    -11.85  0.        3289.564      -2431.798        296.810    0.000  -0.086   0.236   0.
  2017 352 10 47 34 490 352.449704751      13.60      8.87     -9.58  0.        3291.301      -2430.903        300.058    0.000  -0.086   0.237   0.
  2017 352 10 47 35 490 352.449716325      11.44      6.03     -8.55  0.        3293.036      -2430.007        303.305    0.000  -0.086   0.237   0.
  2017 352 10 47 36 490 352.449727899      10.24      5.80     -8.19  0.        3294.769      -2429.110        306.553    0.000  -0.086   0.236   0.
  2017 352 10 47 37 490 352.449739473       7.67      7.79    -10.61  0.        3296.499      -2428.211        309.800    0.000  -0.086   0.236   0.
  2017 352 10 47 38 490 352.449751047       6.05     11.68    -12.08  0.        3298.228      -2427.310        313.047    0.000  -0.086   0.236   0.
  2017 352 10 47 39 490 352.449762622       5.80      9.95    -11.66  0.        3299.955      -2426.408        316.293    0.000  -0.086   0.236   0.
  2017 352 10 47 40 490 352.449774196       2.54      6.85    -13.06  0.        3301.679      -2425.505        319.540    0.000  -0.086   0.236   0.
  2017 352 10 47 41 490 352.449785770       8.22      4.17    -14.83  0.        3303.402      -2424.600        322.787    0.000  -0.086   0.236   0.
  2017 352 10 47 42 490 352.449797344       4.54      3.41     -5.90  0.        3305.122      -2423.693        326.033    0.000  -0.086   0.236   0.
  2017 352 10 47 43 490 352.449808918       6.88      5.88     -6.68  0.        3306.841      -2422.785        329.279    0.000  -0.086   0.236   0.
  2017 352 10 47 44 490 352.449820492       7.44      5.77     -4.32  0.        3308.557      -2421.876        332.524    0.000  -0.086   0.236   0.
  2017 352 10 47 45 490 352.449832066       7.78      7.28     -4.49  0.        3310.271      -2420.965        335.770    0.000  -0.086   0.236   0.
  2017 352 10 47 46 490 352.449843640       6.53      7.00     -4.46  0.        3311.984      -2420.052        339.015    0.000  -0.086   0.237   0.
  2017 352 10 47 47 490 352.449855214       7.51      5.36     -7.18  0.        3313.694      -2419.139        342.261    0.000  -0.086   0.237   0.
  2017 352 10 47 48 490 352.449866788       6.46      4.97     -8.61  0.        3315.402      -2418.223        345.505    0.000  -0.086   0.236   0.
  2017 352 10 47 49 490 352.449878362       6.29      5.57     -9.71  0.        3317.108      -2417.306        348.750    0.000  -0.086   0.236   0.
  2017 352 10 47 50 490 352.449889936       5.25      6.80    -13.32  0.        3318.813      -2416.388        351.995    0.000  -0.086   0.236   0.
  2017 352 10 47 51 490 352.449901510       1.54      6.46    -10.98  0.        3320.515      -2415.468        355.239    0.000  -0.086   0.236   0.
  2017 352 10 47 52 490 352.449913085       2.58      6.21     -8.48  0.        3322.215      -2414.547        358.483    0.000  -0.086   0.236   0.
  2017 352 10 47 53 490 352.449924659       5.01      7.57     -9.58  0.        3323.913      -2413.624        361.727    0.000  -0.086   0.237   0.
  2017 352 10 47 54 490 352.449936233       9.50      7.16    -10.83  0.        3325.609      -2412.700        364.971    0.000  -0.086   0.237   0.
  2017 352 10 47 55 490 352.449947807      10.95      6.68    -10.14  0.        3327.303      -2411.774        368.214    0.000  -0.086   0.236   0.
  2017 352 10 47 56 490 352.449959381       7.57      4.24     -9.34  0.        3328.995      -2410.847        371.457    0.000  -0.086   0.237   0.
  2017 352 10 47 57 490 352.449970955       1.91      7.09     -2.78  0.        3330.685      -2409.918        374.700    0.000  -0.086   0.236   0.
  2017 352 10 47 58 490 352.449982529       2.96      8.01      3.94  0.        3332.373      -2408.988        377.943    0.000  -0.086   0.236   0.
  2017 352 10 47 59 490 352.449994103       6.81     -0.41     -3.44  0.        3334.059      -2408.056        381.185    0.000  -0.086   0.236   0.
  2017 352 10 48  0 490 352.450005674       5.48     -0.02     -3.71  0.        3335.743      -2407.123        384.427    0.000  -0.086   0.236   0.
  2017 352 10 48  1 490 352.450017248       2.80     -0.55     -4.27  0.        3337.425      -2406.188        387.669    0.000  -0.086   0.236   0.
  2017 352 10 48  2 490 352.450028822       4.80      2.21     -4.29  0.        3339.104      -2405.252        390.911    0.000  -0.086   0.237   0.
  2017 352 10 48  3 490 352.450040396       7.07      2.10     -5.49  0.        3340.782      -2404.315        394.153    0.000  -0.086   0.237   0.
  2017 352 10 48  4 490 352.450051971       6.90      6.22     -7.17  0.        3342.458      -2403.376        397.394    0.000  -0.086   0.236   0.
  2017 352 10 48  5 490 352.450063545       9.71      7.92     -6.37  0.        3344.132      -2402.436        400.635    0.000  -0.086   0.236   0.
  2017 352 10 48  6 490 352.450075119       8.04      5.20     -7.05  0.        3345.803      -2401.494        403.876    0.000  -0.086   0.237   0.
  2017 352 10 48  7 490 352.450086693       6.20      4.65     -7.01  0.        3347.473      -2400.550        407.116    0.000  -0.086   0.237   0.
  2017 352 10 48  8 490 352.450098267       6.16      4.17     -5.89  0.        3349.141      -2399.606        410.356    0.000  -0.086   0.236   0.
  2017 352 10 48  9 490 352.450109841       7.94      5.40     -5.74  0.        3350.807      -2398.660        413.596    0.000  -0.086   0.236   0.
  2017 352 10 48 10 490 352.450121415       7.35      5.25     -8.78  0.        3352.470      -2397.712        416.836    0.000  -0.086   0.237   0.
  2017 352 10 48 11 490 352.450132989       4.17      4.83    -10.60  0.        3354.132      -2396.763        420.076    0.000  -0.086   0.237   0.
  2017 352 10 48 12 490 352.450144563       1.89      1.48    -10.78  0.        3355.791      -2395.812        423.315    0.000  -0.086   0.236   0.
  2017 352 10 48 13 490 352.450156137      -2.92      3.23     -0.14  0.        3357.449      -2394.860        426.554    0.000  -0.086   0.236   0.
  2017 352 10 48 14 490 352.450167711      -0.04      3.08     -1.02  0.        3359.104      -2393.907        429.793    0.000  -0.086   0.237   0.
  2017 352 10 48 15 490 352.450179285       1.54      1.60     -6.75  0.        3360.758      -2392.952        433.031    0.000  -0.086   0.237   0.
  2017 352 10 48 16 490 352.450190859       0.34      5.84     -5.09  0.        3362.409      -2391.996        436.270    0.000  -0.086   0.237   0.
  2017 352 10 48 17 490 352.450202433       5.49      5.13     -7.92  0.        3364.059      -2391.038        439.508    0.000  -0.086   0.237   0.
  2017 352 10 48 18 490 352.450214008       2.19      0.79    -10.01  0.        3365.706      -2390.079        442.745    0.000  -0.086   0.237   0.
  2017 352 10 48 19 490 352.450225582      -4.18      1.47     -3.29  0.        3367.352      -2389.119        445.983    0.000  -0.086   0.237   0.
  2017 352 10 48 20 490 352.450237156      -4.58      5.68     -6.29  0.        3368.995      -2388.157        449.220    0.000  -0.086   0.236   0.
  2017 352 10 48 21 490 352.450248730      -1.52      8.30     -4.97  0.        3370.637      -2387.193        452.457    0.000  -0.086   0.236   0.
  2017 352 10 48 22 490 352.450260304       6.06      8.42     -2.60  0.        3372.276      -2386.228        455.693    0.000  -0.086   0.237   0.
  2017 352 10 48 23 490 352.450271878       4.44      5.43      0.07  0.        3373.914      -2385.262        458.930    0.000  -0.086   0.237   0.
  2017 352 10 48 24 490 352.450283452       5.66      5.67     -1.38  0.        3375.549      -2384.294        462.166    0.000  -0.086   0.237   0.
  2017 352 10 48 25 490 352.450295026       5.20      5.88     -3.36  0.        3377.182      -2383.325        465.401    0.000  -0.086   0.237   0.
  2017 352 10 48 26 490 352.450306600       3.96      5.14     -4.66  0.        3378.814      -2382.355        468.637    0.000  -0.086   0.236   0.
  2017 352 10 48 27 490 352.450318174       2.67      8.22     -3.67  0.        3380.443      -2381.383        471.872    0.000  -0.086   0.236   0.
  2017 352 10 48 28 490 352.450329748       5.16     11.33     -3.43  0.        3382.070      -2380.410        475.107    0.000  -0.086   0.237   0.
  2017 352 10 48 29 490 352.450341322       6.09      9.44     -3.64  0.        3383.696      -2379.435        478.342    0.000  -0.086   0.237   0.
  2017 352 10 48 30 490 352.450352896       4.74      9.62     -3.36  0.        3385.319      -2378.459        481.576    0.000  -0.086   0.237   0.
  2017 352 10 48 31 490 352.450364471       2.11     11.12     -4.09  0.        3386.940      -2377.481        484.810    0.000  -0.086   0.237   0.
  2017 352 10 48 32 490 352.450376042      -0.07     12.86     -1.39  0.        3388.560      -2376.502        488.044    0.000  -0.086   0.237   0.
  2017 352 10 48 33 490 352.450387616       0.40      6.73     -3.98  0.        3390.177      -2375.522        491.277    0.000  -0.086   0.237   0.
  2017 352 10 48 34 490 352.450399190       3.74      3.21     -3.52  0.        3391.792      -2374.540        494.510    0.000  -0.086   0.237   0.
  2017 352 10 48 35 490 352.450410764       5.85      5.18     -4.34  0.        3393.405      -2373.557        497.743    0.000  -0.086   0.237   0.
  2017 352 10 48 36 490 352.450422338       8.76     -0.98     -6.60  0.        3395.017      -2372.572        500.976    0.000  -0.086   0.237   0.
  2017 352 10 48 37 489 352.450433912       6.29     -0.78     -8.46  0.        3396.626      -2371.586        504.209    0.000  -0.086   0.237   0.
  2017 352 10 48 38 489 352.450445486       6.09     -0.38     -8.71  0.        3398.233      -2370.599        507.440    0.000  -0.086   0.237   0.
  2017 352 10 48 39 489 352.450457060       4.83     -0.17     -8.03  0.        3399.839      -2369.610        510.672    0.000  -0.086   0.237   0.
  2017 352 10 48 40 489 352.450468634       3.83      2.99     -6.82  0.        3401.442      -2368.620        513.903    0.000  -0.086   0.237   0.
  2017 352 10 48 41 489 352.450480208       3.79      4.15     -4.79  0.        3403.043      -2367.628        517.134    0.000  -0.086   0.237   0.
  2017 352 10 48 42 490 352.450491782       2.51      7.22     -5.11  0.        3404.642      -2366.635        520.365    0.000  -0.086   0.237   0.
  2017 352 10 48 43 490 352.450503357      -0.16      8.32     -5.19  0.        3406.240      -2365.641        523.596    0.000  -0.086   0.237   0.
  2017 352 10 48 44 489 352.450514931       2.96      4.68     -9.73  0.        3407.835      -2364.645        526.826    0.000  -0.086   0.237   0.
  2017 352 10 48 45 489 352.450526505       5.34      4.27    -13.33  0.        3409.428      -2363.648        530.056    0.000  -0.086   0.237   0.
  2017 352 10 48 46 490 352.450538079       5.65      5.36     -3.05  0.        3411.019      -2362.650        533.285    0.000  -0.086   0.237   0.
  2017 352 10 48 47 490 352.450549653       6.12      5.66     -1.52  0.        3412.609      -2361.650        536.514    0.000  -0.086   0.237   0.
  2017 352 10 48 48 490 352.450561227       9.25      5.77     -4.01  0.        3414.196      -2360.648        539.743    0.000  -0.086   0.237   0.
  2017 352 10 48 49 490 352.450572801      10.40      6.02     -4.37  0.        3415.781      -2359.646        542.972    0.000  -0.086   0.237   0.
  2017 352 10 48 50 490 352.450584375       8.11      6.44     -3.44  0.        3417.365      -2358.642        546.200    0.000  -0.086   0.237   0.
  2017 352 10 48 51 489 352.450595949       8.08      9.01     -3.81  0.        3418.946      -2357.636        549.428    0.000  -0.086   0.237   0.
  2017 352 10 48 52 489 352.450607523       8.30      7.53     -2.59  0.        3420.525      -2356.630        552.656    0.000  -0.086   0.237   0.
  2017 352 10 48 53 489 352.450619097       6.01      6.65     -3.43  0.        3422.103      -2355.621        555.883    0.000  -0.086   0.237   0.
  2017 352 10 48 54 489 352.450630671       5.80      8.88     -5.42  0.        3423.678      -2354.612        559.110    0.000  -0.086   0.237   0.
  2017 352 10 48 55 490 352.450642245       6.92      8.38     -7.19  0.        3425.251      -2353.601        562.336    0.000  -0.086   0.237   0.
  2017 352 10 48 56 490 352.450653819       4.85      4.80    -11.09  0.        3426.823      -2352.589        565.563    0.000  -0.086   0.237   0.
  2017 352 10 48 57 489 352.450665394       2.73      0.89     -7.53  0.        3428.392      -2351.575        568.789    0.000  -0.086   0.237   0.
  2017 352 10 48 58 489 352.450676968       3.14     -0.31      5.66  0.        3429.959      -2350.560        572.014    0.000  -0.086   0.237   0.
  2017 352 10 48 59 490 352.450688542       1.99     -0.24      1.52  0.        3431.525      -2349.544        575.240    0.000  -0.086   0.237   0.
  2017 352 10 49  0 490 352.450700116       2.56      4.58      0.57  0.        3433.088      -2348.526        578.464    0.000  -0.086   0.237   0.
  2017 352 10 49  1 490 352.450711690       2.38      4.17     -0.07  0.        3434.649      -2347.507        581.689    0.000  -0.086   0.237   0.
  2017 352 10 49  2 489 352.450723261       4.20      3.09      1.02  0.        3436.209      -2346.487        584.913    0.000  -0.086   0.237   0.
  2017 352 10 49  3 489 352.450734835       1.88      5.36      1.06  0.        3437.766      -2345.465        588.137    0.000  -0.086   0.237   0.
  2017 352 10 49  4 489 352.450746409       0.64      8.48      2.27  0.        3439.322      -2344.442        591.361    0.000  -0.086   0.237   0.
  2017 352 10 49  5 489 352.450757983       3.72      9.27      0.56  0.        3440.875      -2343.418        594.584    0.000  -0.086   0.237   0.
  2017 352 10 49  6 489 352.450769557       2.54      9.21     -2.78  0.        3442.427      -2342.392        597.807    0.000  -0.086   0.237   0.
  2017 352 10 49  7 489 352.450781131       3.92      7.92     -3.54  0.        3443.976      -2341.365        601.030    0.000  -0.086   0.237   0.
  2017 352 10 49  8 489 352.450792705       6.79      6.95     -3.54  0.        3445.524      -2340.336        604.252    0.000  -0.086   0.237   0.
  2017 352 10 49  9 489 352.450804280       6.06      8.88     -5.17  0.        3447.069      -2339.306        607.474    0.000  -0.086   0.237   0.
  2017 352 10 49 10 489 352.450815854       8.46      6.63     -4.29  0.        3448.613      -2338.275        610.695    0.000  -0.086   0.237   0.
  2017 352 10 49 11 489 352.450827428       7.06      4.65     -4.98  0.        3450.154      -2337.243        613.916    0.000  -0.086   0.237   0.
  2017 352 10 49 12 489 352.450839002       5.22      3.40     -3.97  0.        3451.694      -2336.209        617.137    0.000  -0.086   0.237   0.
  2017 352 10 49 13 489 352.450850576       3.99      6.62     -4.92  0.        3453.232      -2335.174        620.357    0.000  -0.086   0.237   0.
  2017 352 10 49 14 489 352.450862150       5.07      7.46     -5.30  0.        3454.767      -2334.137        623.578    0.000  -0.086   0.237   0.
  2017 352 10 49 15 489 352.450873724       8.45      8.28     -6.65  0.        3456.301      -2333.099        626.797    0.000  -0.086   0.237   0.
  2017 352 10 49 16 489 352.450885298       8.83      5.92     -6.28  0.        3457.833      -2332.060        630.017    0.000  -0.086   0.237   0.
  2017 352 10 49 17 489 352.450896872       8.89      5.20     -6.35  0.        3459.362      -2331.019        633.236    0.000  -0.086   0.237   0.
  2017 352 10 49 18 489 352.450908446       8.06      4.57     -6.79  0.        3460.890      -2329.978        636.454    0.000  -0.086   0.237   0.
  2017 352 10 49 19 489 352.450920020       6.50      6.21     -7.07  0.        3462.416      -2328.934        639.672    0.000  -0.086   0.237   0.
  2017 352 10 49 20 489 352.450931594       3.28      5.72     -5.26  0.        3463.940      -2327.890        642.890    0.000  -0.086   0.237   0.
  2017 352 10 49 21 489 352.450943168       5.39      6.97     -4.11  0.        3465.461      -2326.844        646.108    0.000  -0.086   0.237   0.
  2017 352 10 49 22 489 352.450954742       7.32     14.56     -6.01  0.        3466.981      -2325.797        649.325    0.000  -0.086   0.237   0.
  2017 352 10 49 23 489 352.450966317      -0.44     13.38     -0.62  0.        3468.499      -2324.748        652.542    0.000  -0.086   0.237   0.
  2017 352 10 49 24 489 352.450977891      -3.26     11.70      2.88  0.        3470.015      -2323.699        655.758    0.000  -0.086   0.237   0.
  2017 352 10 49 25 489 352.450989465      -6.70     11.79      1.14  0.        3471.529      -2322.648        658.974    0.000  -0.086   0.237   0.
  2017 352 10 49 26 489 352.451001039      -4.23     11.14     -3.68  0.        3473.041      -2321.595        662.190    0.000  -0.086   0.237   0.
  2017 352 10 49 27 489 352.451012613      -1.55     -0.13     -3.20  0.        3474.551      -2320.541        665.405    0.000  -0.086   0.237   0.
  2017 352 10 49 28 489 352.451024187      -2.03     -2.15     -9.33  0.        3476.059      -2319.486        668.620    0.000  -0.086   0.237   0.
  2017 352 10 49 29 489 352.451035761      -3.19     -1.34     -4.76  0.        3477.565      -2318.430        671.834    0.000  -0.086   0.237   0.
  2017 352 10 49 30 489 352.451047332       4.08      1.05     -9.48  0.        3479.069      -2317.372        675.049    0.000  -0.086   0.237   0.
  2017 352 10 49 31 489 352.451058906       1.07      1.32    -15.88  0.        3480.572      -2316.313        678.262    0.000  -0.086   0.237   0.
  2017 352 10 49 32 489 352.451070480       2.09     -1.48    -12.45  0.        3482.072      -2315.253        681.476    0.000  -0.086   0.238   0.
  2017 352 10 49 33 489 352.451082054       1.35      4.60     -4.88  0.        3483.570      -2314.192        684.689    0.000  -0.086   0.238   0.
  2017 352 10 49 34 489 352.451093628       5.23      8.48      0.21  0.        3485.066      -2313.129        687.901    0.000  -0.086   0.238   0.
  2017 352 10 49 35 489 352.451105203       5.60      6.20     -0.23  0.        3486.561      -2312.065        691.113    0.000  -0.086   0.238   0.
  2017 352 10 49 36 489 352.451116777       7.84      7.47     -1.43  0.        3488.053      -2310.999        694.325    0.000  -0.087   0.238   0.
  2017 352 10 49 37 489 352.451128351       7.33      7.94     -2.26  0.        3489.543      -2309.932        697.537    0.000  -0.087   0.238   0.
  2017 352 10 49 38 489 352.451139925       5.66      4.92     -2.02  0.        3491.032      -2308.864        700.747    0.000  -0.087   0.238   0.
  2017 352 10 49 39 489 352.451151499       3.73      2.21     -2.10  0.        3492.518      -2307.795        703.958    0.000  -0.087   0.238   0.
  2017 352 10 49 40 489 352.451163073       2.10      4.24     -0.35  0.        3494.003      -2306.724        707.168    0.000  -0.087   0.238   0.
  2017 352 10 49 41 489 352.451174647       2.49      5.13     -2.33  0.        3495.485      -2305.652        710.378    0.000  -0.087   0.238   0.
  2017 352 10 49 42 489 352.451186221      -1.02      6.71     -2.44  0.        3496.966      -2304.579        713.588    0.000  -0.087   0.239   0.
  2017 352 10 49 43 489 352.451197795       0.26      6.97     -6.72  0.        3498.445      -2303.505        716.797    0.000  -0.087   0.239   0.
  2017 352 10 49 44 489 352.451209369       1.49      4.62     -6.25  0.        3499.921      -2302.429        720.005    0.000  -0.087   0.239   0.
  2017 352 10 49 45 489 352.451220943       2.16      4.48     -8.14  0.        3501.396      -2301.352        723.213    0.000  -0.087   0.239   0.
  2017 352 10 49 46 489 352.451232517       1.47      8.22    -11.16  0.        3502.869      -2300.274        726.421    0.000  -0.087   0.240   0.
  2017 352 10 49 47 489 352.451244091       5.94      5.44    -10.01  0.        3504.340      -2299.194        729.629    0.000  -0.087   0.240   0.
  2017 352 10 49 48 489 352.451255666       2.87      4.03     -5.64  0.        3505.809      -2298.113        732.835    0.000  -0.087   0.240   0.
  2017 352 10 49 49 489 352.451267240      -0.15      7.70     -3.48  0.        3507.276      -2297.031        736.042    0.000  -0.087   0.240   0.
  2017 352 10 49 50 489 352.451278814      -3.09      2.34     -6.33  0.        3508.741      -2295.947        739.248    0.000  -0.087   0.240   0.
  2017 352 10 49 51 489 352.451290388      -5.25      6.28      0.71  0.        3510.204      -2294.863        742.454    0.000  -0.087   0.240   0.
  2017 352 10 49 52 489 352.451301962       3.56      3.41     -6.84  0.        3511.665      -2293.777        745.659    0.000  -0.088   0.241   0.
  2017 352 10 49 53 489 352.451313536       7.40      1.49    -11.04  0.        3513.124      -2292.689        748.864    0.000  -0.088   0.241   0.
  2017 352 10 49 54 489 352.451325110       8.64     -2.21     -4.00  0.        3514.581      -2291.601        752.069    0.000  -0.088   0.241   0.
  2017 352 10 49 55 489 352.451336684       7.43     -0.17     -4.12  0.        3516.036      -2290.511        755.273    0.000  -0.088   0.241   0.
  2017 352 10 49 56 489 352.451348258       3.75     -1.99     -3.21  0.        3517.490      -2289.420        758.476    0.000  -0.088   0.242   0.
  2017 352 10 49 57 489 352.451359832       1.93      0.32     -2.98  0.        3518.941      -2288.328        761.680    0.000  -0.088   0.242   0.
  2017 352 10 49 58 489 352.451371406       4.44      2.97     -4.04  0.        3520.391      -2287.234        764.882    0.000  -0.088   0.242   0.
  2017 352 10 49 59 489 352.451382980       2.58      2.25     -4.13  0.        3521.838      -2286.139        768.085    0.000  -0.088   0.242   0.
  2017 352 10 50  0 489 352.451394552      -1.68      1.47     -0.59  0.        3523.284      -2285.043        771.287    0.000  -0.088   0.243   0.
  2017 352 10 50  1 489 352.451406126       0.76      1.41     -0.98  0.        3524.727      -2283.946        774.488    0.000  -0.088   0.243   0.
  2017 352 10 50  2 489 352.451417700       1.47      2.96     -5.38  0.        3526.169      -2282.847        777.689    0.000  -0.088   0.243   0.
  2017 352 10 50  3 489 352.451429274       1.03      6.88     -7.76  0.        3527.609      -2281.747        780.890    0.000  -0.088   0.243   0.
  2017 352 10 50  4 489 352.451440848       0.86      7.02     -6.01  0.        3529.046      -2280.646        784.090    0.000  -0.089   0.244   0.
  2017 352 10 50  5 489 352.451452422       1.64      5.39     -7.11  0.        3530.482      -2279.544        787.290    0.000  -0.089   0.244   0.
  2017 352 10 50  6 489 352.451463996       4.29      9.71     -5.94  0.        3531.916      -2278.440        790.489    0.000  -0.089   0.244   0.
  2017 352 10 50  7 489 352.451475570       6.48     10.09     -5.25  0.        3533.348      -2277.335        793.688    0.000  -0.089   0.244   0.
  2017 352 10 50  8 489 352.451487144       5.36     10.54     -6.22  0.        3534.778      -2276.229        796.887    0.000  -0.089   0.245   0.
  2017 352 10 50  9 489 352.451498718       8.66     10.83     -5.24  0.        3536.207      -2275.122        800.085    0.000  -0.089   0.245   0.
  2017 352 10 50 10 489 352.451510292      12.13      7.20      0.05  0.        3537.633      -2274.013        803.282    0.000  -0.089   0.246   0.
  2017 352 10 50 11 489 352.451521866       6.43      1.59      1.70  0.        3539.057      -2272.903        806.479    0.000  -0.089   0.246   0.
  2017 352 10 50 12 489 352.451533440       6.60      1.29     -1.82  0.        3540.479      -2271.792        809.676    0.000  -0.090   0.246   0.
  2017 352 10 50 13 489 352.451545014       9.00      4.69     -3.88  0.        3541.900      -2270.680        812.872    0.000  -0.090   0.246   0.
  2017 352 10 50 14 489 352.451556589       5.53      2.46     -1.12  0.        3543.318      -2269.566        816.068    0.000  -0.090   0.247   0.
  2017 352 10 50 15 489 352.451568163       2.53      0.04      0.83  0.        3544.735      -2268.452        819.264    0.000  -0.090   0.247   0.
  2017 352 10 50 16 489 352.451579737       0.77      2.28      0.55  0.        3546.149      -2267.336        822.458    0.000  -0.090   0.248   0.
  2017 352 10 50 17 489 352.451591311       0.31      2.87     -2.47  0.        3547.562      -2266.218        825.653    0.000  -0.090   0.248   0.
  2017 352 10 50 18 489 352.451602885      -0.35      1.92     -3.72  0.        3548.973      -2265.100        828.847    0.000  -0.090   0.248   0.
  2017 352 10 50 19 489 352.451614459      -1.62      3.86     -6.17  0.        3550.382      -2263.980        832.041    0.000  -0.090   0.248   0.
  2017 352 10 50 20 489 352.451626033      -4.35      5.42      0.15  0.        3551.789      -2262.859        835.234    0.000  -0.091   0.249   0.
  2017 352 10 50 21 489 352.451637607      -3.94      7.20      7.46  0.        3553.194      -2261.737        838.426    0.000  -0.091   0.249   0.
  2017 352 10 50 22 489 352.451649181      -3.15     10.39     -3.84  0.        3554.597      -2260.614        841.619    0.000  -0.091   0.249   0.
  2017 352 10 50 23 489 352.451660755       3.40      5.13     -7.16  0.        3555.998      -2259.489        844.810    0.000  -0.091   0.249   0.
  2017 352 10 50 24 489 352.451672329       4.04      1.80    -11.03  0.        3557.397      -2258.364        848.002    0.000  -0.091   0.250   0.
  2017 352 10 50 25 489 352.451683903       2.74      3.10     -9.28  0.        3558.795      -2257.236        851.192    0.000  -0.091   0.250   0.
  2017 352 10 50 26 489 352.451695477       3.44      3.55    -11.66  0.        3560.190      -2256.108        854.383    0.000  -0.091   0.250   0.
  2017 352 10 50 27 489 352.451707052       4.26      4.75     -8.57  0.        3561.584      -2254.979        857.573    0.000  -0.091   0.251   0.
  2017 352 10 50 28 489 352.451718626       4.87      4.83     -9.52  0.        3562.975      -2253.848        860.762    0.000  -0.091   0.251   0.
  2017 352 10 50 29 489 352.451730200       3.41      2.29     -7.53  0.        3564.365      -2252.716        863.951    0.000  -0.091   0.251   0.
  2017 352 10 50 30 489 352.451741771       1.10      3.16     -9.85  0.        3565.753      -2251.583        867.140    0.000  -0.092   0.252   0.
  2017 352 10 50 31 489 352.451753345       2.26     -0.68     -4.80  0.        3567.138      -2250.449        870.328    0.000  -0.092   0.252   0.
  2017 352 10 50 32 489 352.451764919      -0.19     -3.43     -6.67  0.        3568.522      -2249.314        873.515    0.000  -0.092   0.252   0.
  2017 352 10 50 33 488 352.451776493      -1.30      1.70     -2.53  0.        3569.904      -2248.177        876.702    0.000  -0.092   0.252   0.
  2017 352 10 50 34 488 352.451788067      -2.78      6.85     -4.54  0.        3571.284      -2247.039        879.889    0.000  -0.092   0.253   0.
  2017 352 10 50 35 488 352.451799641       3.54     -1.41     -7.94  0.        3572.663      -2245.900        883.075    0.000  -0.092   0.253   0.
  2017 352 10 50 36 488 352.451811215       6.39     -1.43     -3.04  0.        3574.039      -2244.759        886.261    0.000  -0.092   0.254   0.
  2017 352 10 50 37 489 352.451822789       2.84      3.81      0.93  0.        3575.413      -2243.618        889.446    0.000  -0.092   0.254   0.
  2017 352 10 50 38 489 352.451834363      -2.11      7.33      2.43  0.        3576.786      -2242.475        892.630    0.000  -0.092   0.254   0.
  2017 352 10 50 39 489 352.451845938      -0.69      2.09     -8.59  0.        3578.156      -2241.331        895.815    0.000  -0.093   0.255   0.
  2017 352 10 50 40 488 352.451857512       8.90     -3.84     -9.28  0.        3579.525      -2240.186        898.998    0.000  -0.093   0.255   0.
  2017 352 10 50 41 489 352.451869086       9.20     -3.25     -5.88  0.        3580.892      -2239.040        902.182    0.000  -0.093   0.255   0.
  2017 352 10 50 42 489 352.451880660       6.20     -1.59     -5.53  0.        3582.257      -2237.893        905.365    0.000  -0.093   0.256   0.
  2017 352 10 50 43 489 352.451892234       0.71      3.16     -6.54  0.        3583.620      -2236.744        908.547    0.000  -0.093   0.256   0.
  2017 352 10 50 44 489 352.451903808       1.29      3.43     -6.15  0.        3584.981      -2235.594        911.729    0.000  -0.093   0.256   0.
  2017 352 10 50 45 489 352.451915382       1.85      0.61     -4.27  0.        3586.340      -2234.443        914.910    0.000  -0.093   0.256   0.
  2017 352 10 50 46 488 352.451926956       2.67     -0.82     -4.92  0.        3587.697      -2233.291        918.091    0.000  -0.093   0.257   0.
  2017 352 10 50 47 488 352.451938530       2.95     -1.24     -3.95  0.        3589.052      -2232.138        921.271    0.000  -0.093   0.257   0.
  2017 352 10 50 48 488 352.451950104       2.98     -0.48     -3.37  0.        3590.406      -2230.983        924.451    0.000  -0.094   0.257   0.
  2017 352 10 50 49 488 352.451961678       1.68      3.44      0.44  0.        3591.757      -2229.827        927.630    0.000  -0.094   0.257   0.
  2017 352 10 50 50 488 352.451973252       1.77      4.60     -5.60  0.        3593.107      -2228.670        930.809    0.000  -0.094   0.258   0.
  2017 352 10 50 51 489 352.451984826       4.51      0.16     -5.75  0.        3594.455      -2227.512        933.988    0.000  -0.094   0.258   0.
  2017 352 10 50 52 489 352.451996400       6.66      2.26     -8.02  0.        3595.801      -2226.353        937.165    0.000  -0.094   0.259   0.
  2017 352 10 50 53 488 352.452007975       9.90      1.73     -9.66  0.        3597.145      -2225.193        940.343    0.000  -0.094   0.259   0.
  2017 352 10 50 54 488 352.452019549      10.99     -2.64     -5.62  0.        3598.487      -2224.031        943.520    0.000  -0.094   0.259   0.
  2017 352 10 50 55 489 352.452031123       3.36     -0.26      0.73  0.        3599.827      -2222.868        946.696    0.000  -0.094   0.259   0.
  2017 352 10 50 56 489 352.452042697      -1.65      0.84     -0.18  0.        3601.165      -2221.704        949.872    0.000  -0.095   0.260   0.
  2017 352 10 50 57 489 352.452054271      -1.00      2.03      0.59  0.        3602.501      -2220.539        953.047    0.000  -0.095   0.260   0.
  2017 352 10 50 58 489 352.452065845       0.39      4.09     -0.26  0.        3603.836      -2219.373        956.222    0.000  -0.095   0.260   0.
  2017 352 10 50 59 489 352.452077419       2.41     -1.83     -6.33  0.        3605.168      -2218.206        959.397    0.000  -0.095   0.260   0.
  2017 352 10 51  0 488 352.452088990       4.49     -4.30     -8.78  0.        3606.499      -2217.037        962.570    0.000  -0.095   0.261   0.
  2017 352 10 51  1 488 352.452100564       2.26     -1.15     -5.51  0.        3607.828      -2215.867        965.744    0.000  -0.095   0.261   0.
  2017 352 10 51  2 488 352.452112138       0.23      1.69     -6.92  0.        3609.155      -2214.697        968.917    0.000  -0.095   0.261   0.
  2017 352 10 51  3 488 352.452123712      -1.92      4.49     -5.01  0.        3610.480      -2213.524        972.089    0.000  -0.095   0.261   0.
  2017 352 10 51  4 488 352.452135286       5.87     -3.75     -3.57  0.        3611.803      -2212.351        975.261    0.000  -0.096   0.263   0.
  2017 352 10 51  5 488 352.452146861       4.65     -0.92     -2.00  0.        3613.124      -2211.177        978.432    0.000  -0.096   0.263   0.
  2017 352 10 51  6 488 352.452158435       5.53      2.96     -1.71  0.        3614.444      -2210.001        981.603    0.000  -0.096   0.263   0.
  2017 352 10 51  7 488 352.452170009       7.53      6.89     -0.65  0.        3615.761      -2208.825        984.773    0.000  -0.096   0.263   0.
  2017 352 10 51  8 488 352.452181583       9.55      2.00     -1.10  0.        3617.077      -2207.647        987.943    0.000  -0.096   0.264   0.
  2017 352 10 51  9 488 352.452193157       0.67      1.91      1.36  0.        3618.391      -2206.468        991.112    0.000  -0.096   0.264   0.
  2017 352 10 51 10 488 352.452204731      -3.63      3.97      1.60  0.        3619.703      -2205.288        994.281    0.000  -0.096   0.264   0.
  2017 352 10 51 11 488 352.452216305      -5.72      7.88      1.74  0.        3621.013      -2204.107        997.449    0.000  -0.096   0.264   0.
  2017 352 10 51 12 488 352.452227879       5.14     -2.92     -6.39  0.        3622.321      -2202.924       1000.617    0.000  -0.096   0.265   0.
  2017 352 10 51 13 488 352.452239453       5.03     -3.84     -8.61  0.        3623.627      -2201.740       1003.784    0.000  -0.096   0.265   0.
  2017 352 10 51 14 488 352.452251027       2.69     -4.14     -5.42  0.        3624.932      -2200.556       1006.951    0.000  -0.096   0.265   0.
  2017 352 10 51 15 488 352.452262601      -0.43      0.31     -1.25  0.        3626.234      -2199.370       1010.117    0.000  -0.096   0.265   0.
  2017 352 10 51 16 488 352.452274175       0.09      3.32     -2.80  0.        3627.535      -2198.184       1013.282    0.000  -0.097   0.266   0.
  2017 352 10 51 17 488 352.452285749       1.50      4.60     -2.75  0.        3628.833      -2196.995       1016.447    0.000  -0.097   0.266   0.
  2017 352 10 51 18 488 352.452297323       2.28      2.71     -2.98  0.        3630.130      -2195.806       1019.612    0.000  -0.097   0.266   0.
  2017 352 10 51 19 488 352.452308898      -0.08      0.59     -3.18  0.        3631.425      -2194.616       1022.776    0.000  -0.097   0.266   0.
  2017 352 10 51 20 488 352.452320472      -0.78      1.31     -3.12  0.        3632.718      -2193.425       1025.939    0.000  -0.097   0.267   0.
  2017 352 10 51 21 488 352.452332046      -1.06      6.93     -2.66  0.        3634.010      -2192.232       1029.102    0.000  -0.097   0.267   0.
  2017 352 10 51 22 488 352.452343620       0.34      0.51     -5.78  0.        3635.299      -2191.038       1032.265    0.000  -0.097   0.268   0.
  2017 352 10 51 23 488 352.452355194       4.97     -6.14     -5.77  0.        3636.587      -2189.843       1035.427    0.000  -0.097   0.268   0.
  2017 352 10 51 24 488 352.452366768       4.98     -8.06     -5.16  0.        3637.872      -2188.647       1038.588    0.000  -0.098   0.269   0.
  2017 352 10 51 25 488 352.452378342       3.43     -8.11     -7.72  0.        3639.156      -2187.450       1041.749    0.000  -0.098   0.269   0.
  2017 352 10 51 26 488 352.452389916       7.08     -7.23    -10.64  0.        3640.438      -2186.252       1044.909    0.000  -0.098   0.269   0.
  2017 352 10 51 27 488 352.452401490       4.74     -4.29     -5.10  0.        3641.718      -2185.053       1048.069    0.000  -0.098   0.269   0.
  2017 352 10 51 28 488 352.452413064      -1.64     -0.47     -3.07  0.        3642.996      -2183.852       1051.228    0.000  -0.098   0.269   0.
  2017 352 10 51 29 488 352.452424638      -2.80      1.55      1.12  0.        3644.273      -2182.651       1054.387    0.000  -0.098   0.269   0.
  2017 352 10 51 30 488 352.452436209      -2.52      3.97     -0.67  0.        3645.547      -2181.448       1057.545    0.000  -0.098   0.270   0.
  2017 352 10 51 31 488 352.452447784      -5.10      4.36     -1.55  0.        3646.820      -2180.245       1060.702    0.000  -0.098   0.270   0.
  2017 352 10 51 32 488 352.452459358      -3.53      3.73     -2.49  0.        3648.091      -2179.040       1063.859    0.000  -0.099   0.271   0.
  2017 352 10 51 33 488 352.452470932      -3.87      1.31     -6.49  0.        3649.359      -2177.834       1067.016    0.000  -0.099   0.271   0.
  2017 352 10 51 34 488 352.452482506       0.10     -3.86     -5.97  0.        3650.627      -2176.627       1070.172    0.000  -0.099   0.272   0.
  2017 352 10 51 35 488 352.452494080       3.13     -6.09     -3.11  0.        3651.892      -2175.418       1073.327    0.000  -0.099   0.272   0.
  2017 352 10 51 36 488 352.452505654       1.17     -4.91     -4.24  0.        3653.155      -2174.209       1076.482    0.000  -0.099   0.272   0.
  2017 352 10 51 37 488 352.452517228      -2.53      0.47      0.63  0.        3654.417      -2172.999       1079.636    0.000  -0.099   0.272   0.
  2017 352 10 51 38 488 352.452528802      -4.17      1.49     -1.09  0.        3655.676      -2171.787       1082.790    0.000  -0.099   0.273   0.
  2017 352 10 51 39 488 352.452540376      -4.64      5.19      1.04  0.        3656.934      -2170.575       1085.943    0.000  -0.099   0.273   0.
  2017 352 10 51 40 488 352.452551950      -0.73     -2.77     -8.11  0.        3658.190      -2169.361       1089.096    0.000  -0.099   0.273   0.
  2017 352 10 51 41 488 352.452563524       4.46     -4.17    -10.75  0.        3659.444      -2168.146       1092.248    0.000  -0.100   0.273   0.
  2017 352 10 51 42 488 352.452575098       1.35     -3.29     -7.53  0.        3660.696      -2166.930       1095.399    0.000  -0.100   0.274   0.
  2017 352 10 51 43 488 352.452586673      -1.33     -3.73     -3.70  0.        3661.947      -2165.713       1098.550    0.000  -0.100   0.274   0.
  2017 352 10 51 44 488 352.452598247       2.07     -5.53     -3.19  0.        3663.195      -2164.495       1101.701    0.000  -0.100   0.275   0.
  2017 352 10 51 45 488 352.452609821      -3.21      2.96      1.57  0.        3664.442      -2163.276       1104.851    0.000  -0.100   0.275   0.
  2017 352 10 51 46 488 352.452621395      -2.06      7.53      1.92  0.        3665.687      -2162.056       1108.000    0.000  -0.100   0.275   0.
  2017 352 10 51 47 488 352.452632969      -0.24     11.11      3.08  0.        3666.930      -2160.834       1111.149    0.000  -0.100   0.275   0.
  2017 352 10 51 48 488 352.452644543      -2.80     11.11      2.94  0.        3668.171      -2159.612       1114.297    0.000  -0.100   0.276   0.
  2017 352 10 51 49 488 352.452656117      -1.14      3.23     -1.58  0.        3669.410      -2158.389       1117.444    0.000  -0.100   0.276   0.
  2017 352 10 51 50 488 352.452667691      -4.89      0.96     -8.21  0.        3670.647      -2157.164       1120.592    0.000  -0.101   0.276   0.
  2017 352 10 51 51 488 352.452679265      -4.38      1.16     -3.23  0.        3671.883      -2155.938       1123.738    0.000  -0.101   0.276   0.
  2017 352 10 51 52 488 352.452690839      -2.29      0.83     -1.28  0.        3673.117      -2154.712       1126.884    0.000  -0.101   0.277   0.
  2017 352 10 51 53 488 352.452702413       2.23     -1.44     -3.66  0.        3674.349      -2153.484       1130.029    0.000  -0.101   0.277   0.
  2017 352 10 51 54 488 352.452713987       4.60     -0.63     -2.44  0.        3675.579      -2152.255       1133.174    0.000  -0.101   0.277   0.
  2017 352 10 51 55 488 352.452725561       6.12      2.57     -0.45  0.        3676.807      -2151.025       1136.318    0.000  -0.101   0.277   0.
  2017 352 10 51 56 488 352.452737135       2.06      4.13     -2.31  0.        3678.034      -2149.794       1139.462    0.000  -0.101   0.278   0.
  2017 352 10 51 57 488 352.452748709      -3.27      5.77     -1.71  0.        3679.258      -2148.562       1142.605    0.000  -0.101   0.278   0.
  2017 352 10 51 58 488 352.452760284      -1.33      1.39     -6.49  0.        3680.481      -2147.328       1145.747    0.000  -0.101   0.279   0.
  2017 352 10 51 59 488 352.452771858       7.14     -0.38     -6.38  0.        3681.702      -2146.094       1148.889    0.000  -0.102   0.279   0.
  2017 352 10 52  0 488 352.452783429       6.61     -0.18     -1.21  0.        3682.921      -2144.859       1152.031    0.000  -0.102   0.279   0.
  2017 352 10 52  1 488 352.452795003      -1.39     -0.69     -1.38  0.        3684.138      -2143.623       1155.171    0.000  -0.102   0.279   0.
  2017 352 10 52  2 488 352.452806577      -1.98     -1.98     -1.93  0.        3685.354      -2142.385       1158.311    0.000  -0.102   0.280   0.
  2017 352 10 52  3 488 352.452818151       1.17      0.24     -0.21  0.        3686.567      -2141.146       1161.451    0.000  -0.102   0.280   0.
  2017 352 10 52  4 488 352.452829725      -0.12     -0.19     -1.28  0.        3687.779      -2139.907       1164.590    0.000  -0.102   0.280   0.
  2017 352 10 52  5 488 352.452841299       3.54      1.99      4.28  0.        3688.989      -2138.666       1167.729    0.000  -0.102   0.280   0.
  2017 352 10 52  6 488 352.452852873       1.07     11.28      5.88  0.        3690.197      -2137.425       1170.866    0.000  -0.102   0.281   0.
  2017 352 10 52  7 488 352.452864447       0.76      5.29      3.51  0.        3691.403      -2136.182       1174.004    0.000  -0.102   0.281   0.
  2017 352 10 52  8 488 352.452876021      -0.21      4.78      3.58  0.        3692.608      -2134.938       1177.140    0.000  -0.102   0.281   0.
  2017 352 10 52  9 488 352.452887596      -0.55      5.44      1.23  0.        3693.810      -2133.693       1180.276    0.000  -0.102   0.281   0.
  2017 352 10 52 10 488 352.452899170       1.03      4.38      0.92  0.        3695.011      -2132.447       1183.412    0.000  -0.103   0.282   0.
  2017 352 10 52 11 488 352.452910744       0.12      4.54     -0.18  0.        3696.210      -2131.200       1186.547    0.000  -0.103   0.282   0.
  2017 352 10 52 12 488 352.452922318       3.18      0.75     -6.53  0.        3697.407      -2129.952       1189.681    0.000  -0.103   0.283   0.
  2017 352 10 52 13 488 352.452933892      10.03     -1.53     -5.11  0.        3698.603      -2128.703       1192.815    0.000  -0.103   0.283   0.
  2017 352 10 52 14 488 352.452945466       8.47     -0.77     -1.22  0.        3699.796      -2127.453       1195.948    0.000  -0.103   0.284   0.
  2017 352 10 52 15 488 352.452957040       6.20     -1.33     -0.32  0.        3700.988      -2126.202       1199.081    0.000  -0.103   0.284   0.
  2017 352 10 52 16 488 352.452968614      -1.70      2.00     -0.09  0.        3702.178      -2124.950       1202.213    0.000  -0.103   0.284   0.
  2017 352 10 52 17 488 352.452980188       0.35     -0.08     -0.32  0.        3703.366      -2123.697       1205.344    0.000  -0.103   0.284   0.
  2017 352 10 52 18 488 352.452991762      -1.58     -0.06     -0.65  0.        3704.552      -2122.442       1208.475    0.000  -0.104   0.284   0.
  2017 352 10 52 19 488 352.453003336      -3.64      7.39      1.98  0.        3705.736      -2121.187       1211.605    0.000  -0.104   0.284   0.
  2017 352 10 52 20 488 352.453014910      -9.10      3.48      0.46  0.        3706.919      -2119.931       1214.735    0.000  -0.104   0.285   0.
  2017 352 10 52 21 488 352.453026484      -8.83     -1.09     -0.32  0.        3708.100      -2118.673       1217.864    0.000  -0.104   0.285   0.
  2017 352 10 52 22 488 352.453038058      -2.62      2.99      2.85  0.        3709.279      -2117.415       1220.992    0.000  -0.104   0.285   0.
  2017 352 10 52 23 488 352.453049633       3.01     -2.59     -4.04  0.        3710.456      -2116.155       1224.120    0.000  -0.104   0.285   0.
  2017 352 10 52 24 488 352.453061207       3.06     -2.35     -3.43  0.        3711.631      -2114.895       1227.247    0.000  -0.104   0.286   0.
  2017 352 10 52 25 488 352.453072781       1.15      0.73     -0.25  0.        3712.805      -2113.633       1230.374    0.000  -0.104   0.286   0.
  2017 352 10 52 26 488 352.453084355       2.53      4.06     -0.61  0.        3713.977      -2112.371       1233.499    0.000  -0.105   0.287   0.
  2017 352 10 52 27 488 352.453095929       3.75      4.15     -0.92  0.        3715.147      -2111.107       1236.625    0.000  -0.105   0.287   0.
  2017 352 10 52 28 488 352.453107503       5.47      3.50      0.19  0.        3716.315      -2109.843       1239.750    0.000  -0.105   0.287   0.
  2017 352 10 52 29 488 352.453119077       0.21     -1.61     -4.63  0.        3717.481      -2108.577       1242.874    0.000  -0.105   0.287   0.
  2017 352 10 52 30 487 352.453130648       2.95     -2.41     -3.36  0.        3718.646      -2107.310       1245.997    0.000  -0.105   0.288   0.
  2017 352 10 52 31 487 352.453142222       4.76     -1.15     -4.11  0.        3719.809      -2106.043       1249.120    0.000  -0.105   0.288   0.
  2017 352 10 52 32 487 352.453153796       4.74     -0.42     -4.42  0.        3720.969      -2104.774       1252.243    0.000  -0.105   0.289   0.
  2017 352 10 52 33 488 352.453165370       6.72     -0.28     -3.51  0.        3722.129      -2103.504       1255.364    0.000  -0.105   0.289   0.
  2017 352 10 52 34 488 352.453176944       5.76      0.69     -3.80  0.        3723.286      -2102.234       1258.486    0.000  -0.105   0.289   0.
  2017 352 10 52 35 487 352.453188519       5.28      1.05     -2.24  0.        3724.441      -2100.962       1261.606    0.000  -0.105   0.290   0.
  2017 352 10 52 36 487 352.453200093       1.88     -3.84     -2.83  0.        3725.595      -2099.689       1264.726    0.000  -0.106   0.290   0.
  2017 352 10 52 37 488 352.453211667       2.55     -0.47     -0.53  0.        3726.747      -2098.415       1267.845    0.000  -0.106   0.290   0.
  2017 352 10 52 38 488 352.453223241       3.61      2.25      2.03  0.        3727.897      -2097.141       1270.964    0.000  -0.106   0.290   0.
  2017 352 10 52 39 488 352.453234815       5.57     10.90      6.33  0.        3729.045      -2095.865       1274.082    0.000  -0.106   0.291   0.
  2017 352 10 52 40 488 352.453246389      -5.94     11.95     -3.75  0.        3730.192      -2094.588       1277.199    0.000  -0.106   0.291   0.
  2017 352 10 52 41 488 352.453257963      -1.55     -2.32     -4.45  0.        3731.337      -2093.310       1280.316    0.000  -0.106   0.291   0.
  2017 352 10 52 42 487 352.453269537       3.68     -2.89      0.28  0.        3732.480      -2092.031       1283.433    0.000  -0.106   0.291   0.
  2017 352 10 52 43 487 352.453281111       2.41     -0.05     -2.54  0.        3733.621      -2090.752       1286.548    0.000  -0.106   0.291   0.
  2017 352 10 52 44 487 352.453292685       1.68      0.93     -4.98  0.        3734.760      -2089.471       1289.663    0.000  -0.106   0.292   0.
  2017 352 10 52 45 487 352.453304259      -1.29      1.18     -2.08  0.        3735.898      -2088.189       1292.777    0.000  -0.106   0.292   0.
  2017 352 10 52 46 487 352.453315833      -0.39     -1.38     -1.04  0.        3737.034      -2086.906       1295.891    0.000  -0.106   0.292   0.
  2017 352 10 52 47 488 352.453327407      -0.39     -2.69     -0.64  0.        3738.168      -2085.622       1299.004    0.000  -0.106   0.292   0.
  2017 352 10 52 48 488 352.453338982       2.43     -1.55     -1.08  0.        3739.300      -2084.338       1302.117    0.000  -0.107   0.293   0.
  2017 352 10 52 49 487 352.453350556      -0.50      1.84     -0.48  0.        3740.430      -2083.052       1305.229    0.000  -0.107   0.293   0.
  2017 352 10 52 50 487 352.453362130      -3.71      4.17      1.43  0.        3741.559      -2081.765       1308.340    0.000  -0.107   0.294   0.
  2017 352 10 52 51 488 352.453373704       3.00     -2.47     -2.13  0.        3742.686      -2080.477       1311.450    0.000  -0.107   0.295   0.
  2017 352 10 52 52 488 352.453385278       2.96     -4.69     -3.18  0.        3743.811      -2079.189       1314.560    0.000  -0.107   0.295   0.
  2017 352 10 52 53 488 352.453396852       2.75     -1.54     -2.35  0.        3744.934      -2077.899       1317.670    0.000  -0.107   0.295   0.
  2017 352 10 52 54 488 352.453408426       0.02     -0.10     -0.43  0.        3746.055      -2076.608       1320.778    0.000  -0.107   0.295   0.
  2017 352 10 52 55 487 352.453420000       1.59      2.88      3.87  0.        3747.175      -2075.316       1323.886    0.000  -0.107   0.295   0.
  2017 352 10 52 56 487 352.453431574      -2.22      5.86      3.45  0.        3748.293      -2074.024       1326.994    0.000  -0.107   0.295   0.
  2017 352 10 52 57 487 352.453443148      -1.91      1.74     -1.49  0.        3749.409      -2072.730       1330.101    0.000  -0.107   0.295   0.
  2017 352 10 52 58 487 352.453454722       4.71      3.38     -1.23  0.        3750.524      -2071.435       1333.207    0.000  -0.108   0.296   0.
  2017 352 10 52 59 487 352.453466293       8.43     -2.54     -3.56  0.        3751.636      -2070.139       1336.312    0.000  -0.108   0.296   0.
  2017 352 10 53  0 487 352.453477867       6.75     -3.08     -2.45  0.        3752.747      -2068.843       1339.417    0.000  -0.108   0.297   0.
  2017 352 10 53  1 487 352.453489442       3.50     -0.83     -0.77  0.        3753.856      -2067.545       1342.522    0.000  -0.108   0.297   0.
  2017 352 10 53  2 487 352.453501016       0.86      0.36      0.17  0.        3754.963      -2066.247       1345.625    0.000  -0.108   0.298   0.
  2017 352 10 53  3 487 352.453512590      -1.91      3.47     -3.40  0.        3756.069      -2064.947       1348.728    0.000  -0.108   0.298   0.
  2017 352 10 53  4 487 352.453524164      -4.30      0.35     -3.67  0.        3757.173      -2063.647       1351.831    0.000  -0.108   0.298   0.
  2017 352 10 53  5 487 352.453535738      -3.14      6.75      2.56  0.        3758.275      -2062.345       1354.932    0.000  -0.108   0.298   0.
  2017 352 10 53  6 487 352.453547312       4.05     -4.55     -3.63  0.        3759.375      -2061.043       1358.033    0.000  -0.109   0.299   0.
  2017 352 10 53  7 487 352.453558886       2.61     -0.31     -1.45  0.        3760.473      -2059.739       1361.134    0.000  -0.109   0.299   0.
  2017 352 10 53  8 487 352.453570460      -1.77      2.41      3.14  0.        3761.570      -2058.435       1364.234    0.000  -0.109   0.299   0.
  2017 352 10 53  9 487 352.453582034      -0.14      0.58     -1.50  0.        3762.665      -2057.130       1367.333    0.000  -0.109   0.299   0.
  2017 352 10 53 10 487 352.453593608       1.49      0.89     -4.68  0.        3763.758      -2055.823       1370.431    0.000  -0.109   0.300   0.
  2017 352 10 53 11 487 352.453605182       5.53      1.85    -12.05  0.        3764.849      -2054.516       1373.529    0.000  -0.109   0.300   0.
  2017 352 10 53 12 487 352.453616756       7.27     -1.84     -9.45  0.        3765.939      -2053.208       1376.626    0.000  -0.109   0.300   0.
  2017 352 10 53 13 487 352.453628330       3.36      0.45     -4.35  0.        3767.027      -2051.899       1379.723    0.000  -0.109   0.300   0.
  2017 352 10 53 14 487 352.453639905       3.97      2.11     -3.38  0.        3768.113      -2050.588       1382.819    0.000  -0.109   0.301   0.
  2017 352 10 53 15 487 352.453651479       1.54      0.86     -1.56  0.        3769.197      -2049.277       1385.914    0.000  -0.109   0.301   0.
  2017 352 10 53 16 487 352.453663053      -1.02      0.43     -5.00  0.        3770.280      -2047.965       1389.009    0.000  -0.110   0.301   0.
  2017 352 10 53 17 487 352.453674627      -2.79     -2.47     -5.72  0.        3771.361      -2046.652       1392.103    0.000  -0.110   0.301   0.
  2017 352 10 53 18 487 352.453686201      -2.54     -3.34     -4.59  0.        3772.440      -2045.338       1395.196    0.000  -0.110   0.302   0.
  2017 352 10 53 19 487 352.453697775      -1.49     -3.73      0.31  0.        3773.517      -2044.023       1398.288    0.000  -0.110   0.302   0.
  2017 352 10 53 20 487 352.453709349      -3.21     -2.44      5.28  0.        3774.593      -2042.707       1401.380    0.000  -0.110   0.303   0.
  2017 352 10 53 21 487 352.453720923      -8.84     -5.99      2.97  0.        3775.666      -2041.390       1404.472    0.000  -0.110   0.303   0.
  2017 352 10 53 22 487 352.453732497      -5.59     -2.74      6.64  0.        3776.738      -2040.073       1407.562    0.000  -0.110   0.303   0.
  2017 352 10 53 23 487 352.453744071      -5.01      4.59      4.54  0.        3777.809      -2038.754       1410.652    0.000  -0.110   0.303   0.
  2017 352 10 53 24 487 352.453755645      -8.03      1.74     -0.56  0.        3778.877      -2037.434       1413.742    0.000  -0.111   0.304   0.
  2017 352 10 53 25 487 352.453767219      -5.01      2.33      2.42  0.        3779.944      -2036.114       1416.831    0.000  -0.111   0.304   0.
  2017 352 10 53 26 487 352.453778793      -1.11      3.49      1.10  0.        3781.009      -2034.792       1419.918    0.000  -0.111   0.304   0.
  2017 352 10 53 27 487 352.453790367       8.10     -0.97     -6.41  0.        3782.072      -2033.470       1423.006    0.000  -0.111   0.304   0.
  2017 352 10 53 28 487 352.453801942      10.28     -4.13     -8.22  0.        3783.134      -2032.146       1426.093    0.000  -0.111   0.305   0.
  2017 352 10 53 29 487 352.453813516       5.05     -2.63     -5.61  0.        3784.193      -2030.822       1429.179    0.000  -0.111   0.305   0.
  2017 352 10 53 30 487 352.453825087       4.27      3.06     -0.65  0.        3785.251      -2029.496       1432.264    0.000  -0.111   0.305   0.
  2017 352 10 53 31 487 352.453836661       8.85      4.21     -1.07  0.        3786.307      -2028.170       1435.349    0.000  -0.111   0.305   0.
  2017 352 10 53 32 487 352.453848235       6.56      4.50      1.42  0.        3787.362      -2026.843       1438.433    0.000  -0.111   0.306   0.
  2017 352 10 53 33 487 352.453859809       3.32      1.28      2.55  0.        3788.415      -2025.515       1441.516    0.000  -0.111   0.306   0.
  2017 352 10 53 34 487 352.453871383       3.11     -0.39      3.51  0.        3789.466      -2024.186       1444.599    0.000  -0.112   0.307   0.
  2017 352 10 53 35 487 352.453882957       4.71      5.71     11.86  0.        3790.515      -2022.856       1447.681    0.000  -0.112   0.307   0.
  2017 352 10 53 36 487 352.453894531       3.96     13.57      5.89  0.        3791.563      -2021.525       1450.763    0.000  -0.112   0.307   0.
  2017 352 10 53 37 487 352.453906105       7.81     -1.49     -5.90  0.        3792.609      -2020.193       1453.843    0.000  -0.112   0.307   0.
  2017 352 10 53 38 487 352.453917679       7.83     -5.69     -6.27  0.        3793.653      -2018.860       1456.923    0.000  -0.112   0.308   0.
  2017 352 10 53 39 487 352.453929254       6.33     -5.55     -5.41  0.        3794.695      -2017.527       1460.003    0.000  -0.112   0.308   0.
  2017 352 10 53 40 487 352.453940827       1.00      1.59     -0.97  0.        3795.736      -2016.192       1463.081    0.000  -0.112   0.308   0.
  2017 352 10 53 41 487 352.453952402      -0.11     -0.79     -0.31  0.        3796.775      -2014.856       1466.160    0.000  -0.112   0.308   0.
  2017 352 10 53 42 487 352.453963976      -2.58      1.04      1.60  0.        3797.812      -2013.520       1469.237    0.000  -0.112   0.309   0.
  2017 352 10 53 43 487 352.453975550      -3.20      1.48     -0.48  0.        3798.847      -2012.183       1472.314    0.000  -0.112   0.309   0.
  2017 352 10 53 44 487 352.453987124      -2.58     -0.94      2.21  0.        3799.881      -2010.844       1475.390    0.000  -0.113   0.310   0.
  2017 352 10 53 45 487 352.453998698      -1.20      2.24      1.80  0.        3800.913      -2009.505       1478.465    0.000  -0.113   0.310   0.
  2017 352 10 53 46 487 352.454010272      -0.04      3.93     -7.16  0.        3801.943      -2008.165       1481.540    0.000  -0.113   0.310   0.
  2017 352 10 53 47 487 352.454021846       1.05      1.78     -2.81  0.        3802.972      -2006.824       1484.614    0.000  -0.113   0.310   0.
  2017 352 10 53 48 487 352.454033420      -2.03      3.19     -1.93  0.        3803.998      -2005.482       1487.687    0.000  -0.113   0.310   0.
  2017 352 10 53 49 487 352.454044994      -1.72      5.30      1.09  0.        3805.023      -2004.139       1490.760    0.000  -0.113   0.310   0.
  2017 352 10 53 50 487 352.454056568      -1.95      6.84     -1.87  0.        3806.047      -2002.796       1493.832    0.000  -0.113   0.311   0.
  2017 352 10 53 51 487 352.454068142       1.71      1.62      0.18  0.        3807.068      -2001.451       1496.903    0.000  -0.113   0.311   0.
  2017 352 10 53 52 487 352.454079716       3.70      0.85     -1.88  0.        3808.088      -2000.105       1499.974    0.000  -0.113   0.311   0.
  2017 352 10 53 53 487 352.454091291       4.12      0.27     -0.53  0.        3809.106      -1998.759       1503.044    0.000  -0.113   0.311   0.
  2017 352 10 53 54 487 352.454102865       2.82      0.80     -0.72  0.        3810.123      -1997.412       1506.113    0.000  -0.113   0.312   0.
  2017 352 10 53 55 487 352.454114439       4.12      2.68     -5.89  0.        3811.137      -1996.063       1509.181    0.000  -0.113   0.312   0.
  2017 352 10 53 56 487 352.454126013       0.13     -0.48     -8.15  0.        3812.150      -1994.714       1512.249    0.000  -0.114   0.313   0.
  2017 352 10 53 57 487 352.454137587      -0.89     -1.44     -5.49  0.        3813.161      -1993.364       1515.316    0.000  -0.114   0.313   0.
  2017 352 10 53 58 487 352.454149158      -1.69     -2.24     -6.66  0.        3814.171      -1992.013       1518.383    0.000  -0.114   0.313   0.
  2017 352 10 53 59 487 352.454160732       2.62     -4.31     -9.42  0.        3815.179      -1990.661       1521.449    0.000  -0.114   0.313   0.
  2017 352 10 54  0 487 352.454172306       9.84      0.90     -5.26  0.        3816.185      -1989.309       1524.514    0.000  -0.114   0.313   0.
  2017 352 10 54  1 487 352.454183880       9.93     -0.04     -0.28  0.        3817.189      -1987.955       1527.578    0.000  -0.114   0.313   0.
  2017 352 10 54  2 487 352.454195454       4.56      0.52      1.60  0.        3818.192      -1986.600       1530.642    0.000  -0.114   0.314   0.
  2017 352 10 54  3 487 352.454207028       2.64      4.88     -1.92  0.        3819.193      -1985.245       1533.705    0.000  -0.114   0.314   0.
  2017 352 10 54  4 487 352.454218602       7.60      6.27     -3.55  0.        3820.192      -1983.889       1536.767    0.000  -0.114   0.314   0.
  2017 352 10 54  5 487 352.454230177       8.56      3.92     -0.04  0.        3821.190      -1982.532       1539.829    0.000  -0.114   0.314   0.
  2017 352 10 54  6 487 352.454241751       5.59      0.41      1.41  0.        3822.185      -1981.173       1542.890    0.000  -0.115   0.315   0.
  2017 352 10 54  7 487 352.454253325      -1.28      4.12     -0.06  0.        3823.179      -1979.814       1545.950    0.000  -0.115   0.315   0.
  2017 352 10 54  8 487 352.454264899       0.77      4.11      2.25  0.        3824.171      -1978.455       1549.010    0.000  -0.115   0.316   0.
  2017 352 10 54  9 487 352.454276473       4.15     -3.29     -4.80  0.        3825.163      -1977.094       1552.069    0.000  -0.115   0.316   0.
  2017 352 10 54 10 487 352.454288047      -1.61     -1.55     -6.36  0.        3826.152      -1975.732       1555.127    0.000  -0.115   0.316   0.
  2017 352 10 54 11 487 352.454299621      -3.14      2.58     -3.86  0.        3827.139      -1974.370       1558.185    0.000  -0.115   0.316   0.
  2017 352 10 54 12 487 352.454311195      -3.89      2.12     -1.00  0.        3828.124      -1973.006       1561.241    0.000  -0.115   0.317   0.
  2017 352 10 54 13 487 352.454322769      -0.13      3.36      1.95  0.        3829.108      -1971.642       1564.298    0.000  -0.115   0.317   0.
  2017 352 10 54 14 487 352.454334343       3.15      1.68     -1.06  0.        3830.090      -1970.277       1567.353    0.000  -0.116   0.318   0.
  2017 352 10 54 15 487 352.454345917       8.26      3.57     -5.14  0.        3831.071      -1968.911       1570.408    0.000  -0.116   0.318   0.
  2017 352 10 54 16 487 352.454357491      11.93      0.32     -4.67  0.        3832.050      -1967.544       1573.462    0.000  -0.116   0.318   0.
  2017 352 10 54 17 487 352.454369065      11.05      6.33     -1.12  0.        3833.026      -1966.176       1576.515    0.000  -0.116   0.318   0.
  2017 352 10 54 18 487 352.454380639       7.27      8.21      0.73  0.        3834.002      -1964.808       1579.567    0.000  -0.116   0.319   0.
  2017 352 10 54 19 487 352.454392214       4.26      6.82      1.69  0.        3834.976      -1963.438       1582.619    0.000  -0.116   0.319   0.
  2017 352 10 54 20 487 352.454403788       2.08      3.91      2.08  0.        3835.948      -1962.068       1585.671    0.000  -0.116   0.319   0.
  2017 352 10 54 21 487 352.454415362       0.79      4.97      1.90  0.        3836.918      -1960.697       1588.721    0.000  -0.116   0.319   0.
  2017 352 10 54 22 487 352.454426936      -5.22      8.90     -5.82  0.        3837.886      -1959.325       1591.771    0.000  -0.116   0.319   0.
  2017 352 10 54 23 487 352.454438510      -3.79      4.30     -4.20  0.        3838.853      -1957.952       1594.820    0.000  -0.116   0.320   0.
  2017 352 10 54 24 487 352.454450084      -0.10      0.04     -2.93  0.        3839.818      -1956.578       1597.868    0.000  -0.117   0.320   0.
  2017 352 10 54 25 487 352.454461658       1.73     -0.97     -5.15  0.        3840.782      -1955.203       1600.916    0.000  -0.117   0.320   0.
  2017 352 10 54 26 487 352.454473232      -2.54      1.98     -0.24  0.        3841.744      -1953.827       1603.963    0.000  -0.117   0.320   0.
  2017 352 10 54 27 487 352.454484806      -0.49      2.16      0.72  0.        3842.704      -1952.451       1607.009    0.000  -0.117   0.320   0.
  2017 352 10 54 28 486 352.454496377       0.59      1.32     -1.09  0.        3843.662      -1951.074       1610.055    0.000  -0.117   0.322   0.
  2017 352 10 54 29 487 352.454507951       0.59      1.65     -0.37  0.        3844.619      -1949.696       1613.100    0.000  -0.117   0.321   0.
  2017 352 10 54 30 487 352.454519525       2.48     -2.40     -3.57  0.        3845.574      -1948.317       1616.144    0.000  -0.117   0.322   0.
  2017 352 10 54 31 486 352.454531100       4.85     -0.21     -5.28  0.        3846.527      -1946.937       1619.187    0.000  -0.117   0.322   0.
  2017 352 10 54 32 486 352.454542674       3.20      0.94     -6.46  0.        3847.479      -1945.556       1622.230    0.000  -0.117   0.322   0.
  2017 352 10 54 33 487 352.454554248       1.07      1.91     -4.55  0.        3848.429      -1944.175       1625.272    0.000  -0.117   0.322   0.
  2017 352 10 54 34 487 352.454565822       0.58      1.90     -1.40  0.        3849.377      -1942.793       1628.313    0.000  -0.118   0.323   0.
  2017 352 10 54 35 487 352.454577396       5.92     -2.40     -5.38  0.        3850.324      -1941.409       1631.353    0.000  -0.118   0.323   0.
  2017 352 10 54 36 487 352.454588970       7.97     -2.71     -5.80  0.        3851.269      -1940.025       1634.393    0.000  -0.118   0.323   0.
  2017 352 10 54 37 487 352.454600544       5.89     -1.67     -3.97  0.        3852.212      -1938.640       1637.433    0.000  -0.118   0.323   0.
  2017 352 10 54 38 486 352.454612118       5.52     -0.22     -3.67  0.        3853.154      -1937.255       1640.471    0.000  -0.118   0.324   0.
  2017 352 10 54 39 486 352.454623692       2.12      2.38     -3.96  0.        3854.094      -1935.868       1643.509    0.000  -0.118   0.324   0.
  2017 352 10 54 40 486 352.454635266       0.59      4.91     -2.73  0.        3855.032      -1934.481       1646.546    0.000  -0.118   0.325   0.
  2017 352 10 54 41 486 352.454646840       0.96      3.37     -1.30  0.        3855.969      -1933.092       1649.582    0.000  -0.118   0.325   0.
  2017 352 10 54 42 487 352.454658414      -0.54      2.50     -1.63  0.        3856.904      -1931.703       1652.618    0.000  -0.118   0.325   0.
  2017 352 10 54 43 487 352.454669988       5.51      1.39      0.06  0.        3857.837      -1930.313       1655.652    0.000  -0.118   0.325   0.
  2017 352 10 54 44 487 352.454681563       8.81     -1.96     -4.23  0.        3858.768      -1928.923       1658.686    0.000  -0.118   0.325   0.
  2017 352 10 54 45 486 352.454693137       7.66     -1.72     -4.26  0.        3859.698      -1927.531       1661.720    0.000  -0.119   0.326   0.
  2017 352 10 54 46 487 352.454704711       4.03      1.14     -2.67  0.        3860.626      -1926.139       1664.752    0.000  -0.119   0.326   0.
  2017 352 10 54 47 487 352.454716285       1.76      3.51     -2.35  0.        3861.553      -1924.745       1667.784    0.000  -0.119   0.326   0.
  2017 352 10 54 48 487 352.454727859       1.18      3.23     -2.46  0.        3862.478      -1923.351       1670.815    0.000  -0.119   0.327   0.
  2017 352 10 54 49 487 352.454739433       1.02     -0.10     -1.70  0.        3863.401      -1921.956       1673.846    0.000  -0.119   0.327   0.
  2017 352 10 54 50 487 352.454751007      -0.14     -0.72     -3.12  0.        3864.322      -1920.560       1676.876    0.000  -0.119   0.327   0.
  2017 352 10 54 51 486 352.454762581      -1.04      1.87      0.84  0.        3865.242      -1919.164       1679.905    0.000  -0.119   0.327   0.
  2017 352 10 54 52 486 352.454774155       4.12      0.35     -3.17  0.        3866.160      -1917.766       1682.933    0.000  -0.119   0.328   0.
  2017 352 10 54 53 486 352.454785729       0.01      3.46     -4.87  0.        3867.077      -1916.368       1685.961    0.000  -0.119   0.328   0.
  2017 352 10 54 54 486 352.454797303      -0.84      8.30     -4.26  0.        3867.992      -1914.969       1688.987    0.000  -0.119   0.328   0.
  2017 352 10 54 55 486 352.454808877       1.80     -0.03     -1.05  0.        3868.905      -1913.569       1692.014    0.000  -0.120   0.328   0.
  2017 352 10 54 56 487 352.454820451       2.88     -1.02     -5.03  0.        3869.817      -1912.169       1695.039    0.000  -0.120   0.328   0.
  2017 352 10 54 57 487 352.454832025       4.35     -0.56     -3.77  0.        3870.726      -1910.767       1698.063    0.000  -0.120   0.328   0.
  2017 352 10 54 58 486 352.454843597       5.07      1.16      0.92  0.        3871.635      -1909.365       1701.088    0.000  -0.120   0.329   0.
  2017 352 10 54 59 486 352.454855171       4.47      0.35     -0.54  0.        3872.541      -1907.961       1704.111    0.000  -0.120   0.329   0.
  2017 352 10 55  0 486 352.454866745       5.65     -0.90     -4.42  0.        3873.446      -1906.558       1707.133    0.000  -0.120   0.330   0.
  2017 352 10 55  1 486 352.454878319       4.41     -2.10     -5.14  0.        3874.349      -1905.153       1710.155    0.000  -0.120   0.330   0.
  2017 352 10 55  2 486 352.454889893      -0.97     -2.58     -2.32  0.        3875.251      -1903.747       1713.176    0.000  -0.120   0.330   0.
  2017 352 10 55  3 486 352.454901467      -0.49     -3.22     -4.35  0.        3876.151      -1902.341       1716.196    0.000  -0.120   0.330   0.
  2017 352 10 55  4 486 352.454913041       3.54     -1.23     -5.70  0.        3877.049      -1900.934       1719.216    0.000  -0.120   0.331   0.
  2017 352 10 55  5 486 352.454924615       2.52     -1.02     -4.08  0.        3877.946      -1899.525       1722.234    0.000  -0.120   0.331   0.
  2017 352 10 55  6 486 352.454936189       3.07     -1.99     -1.06  0.        3878.841      -1898.117       1725.253    0.000  -0.121   0.331   0.
  2017 352 10 55  7 486 352.454947763       2.97      2.43      4.59  0.        3879.734      -1896.707       1728.270    0.000  -0.121   0.331   0.
  2017 352 10 55  8 486 352.454959337       1.21      8.17      2.03  0.        3880.626      -1895.297       1731.286    0.000  -0.121   0.331   0.
  2017 352 10 55  9 486 352.454970911      -0.19      6.15    -11.06  0.        3881.516      -1893.885       1734.302    0.000  -0.121   0.331   0.
  2017 352 10 55 10 486 352.454982486      -1.16     -0.74     -8.68  0.        3882.404      -1892.473       1737.317    0.000  -0.121   0.333   0.
  2017 352 10 55 11 486 352.454994060      -3.14      0.18     -3.60  0.        3883.291      -1891.060       1740.332    0.000  -0.121   0.333   0.
  2017 352 10 55 12 486 352.455005634       0.03      0.63     -1.13  0.        3884.176      -1889.647       1743.345    0.000  -0.121   0.333   0.
  2017 352 10 55 13 486 352.455017208       2.33     -0.20     -5.44  0.        3885.060      -1888.232       1746.358    0.000  -0.121   0.333   0.
  2017 352 10 55 14 486 352.455028782       2.46      0.42     -4.49  0.        3885.941      -1886.817       1749.370    0.000  -0.121   0.334   0.
  2017 352 10 55 15 486 352.455040356       2.99     -0.80     -4.72  0.        3886.822      -1885.401       1752.382    0.000  -0.121   0.334   0.
  2017 352 10 55 16 486 352.455051930       1.05      1.67     -4.70  0.        3887.700      -1883.984       1755.392    0.000  -0.121   0.334   0.
  2017 352 10 55 17 486 352.455063504      -2.91      5.43      0.94  0.        3888.577      -1882.566       1758.402    0.000  -0.122   0.334   0.
  2017 352 10 55 18 486 352.455075078       2.81      5.31      1.45  0.        3889.452      -1881.148       1761.411    0.000  -0.122   0.334   0.
  2017 352 10 55 19 486 352.455086652       3.86      1.82      0.15  0.        3890.326      -1879.729       1764.420    0.000  -0.122   0.334   0.
  2017 352 10 55 20 486 352.455098226       2.92      2.31     -1.46  0.        3891.198      -1878.309       1767.428    0.000  -0.122   0.334   0.
  2017 352 10 55 21 486 352.455109800       1.91      2.29     -2.67  0.        3892.068      -1876.888       1770.435    0.000  -0.122   0.334   0.
  2017 352 10 55 22 486 352.455121374       6.24      4.05     -4.01  0.        3892.937      -1875.466       1773.441    0.000  -0.122   0.335   0.
  2017 352 10 55 23 486 352.455132948       6.16      1.17     -1.54  0.        3893.804      -1874.044       1776.446    0.000  -0.122   0.335   0.
  2017 352 10 55 24 486 352.455144523       1.21      1.58     -1.16  0.        3894.669      -1872.621       1779.451    0.000  -0.122   0.336   0.
  2017 352 10 55 25 486 352.455156097      -0.59      2.94     -0.26  0.        3895.533      -1871.197       1782.455    0.000  -0.122   0.336   0.
  2017 352 10 55 26 486 352.455167671       0.37      5.32     -2.40  0.        3896.395      -1869.772       1785.458    0.000  -0.122   0.336   0.
  2017 352 10 55 27 486 352.455179245       0.05      6.10     -6.62  0.        3897.256      -1868.347       1788.460    0.000  -0.122   0.336   0.
  2017 352 10 55 28 486 352.455190819      -0.09      1.10     -3.86  0.        3898.115      -1866.920       1791.462    0.000  -0.123   0.337   0.
  2017 352 10 55 29 486 352.455202393       3.13      0.20     -2.22  0.        3898.972      -1865.493       1794.463    0.000  -0.123   0.337   0.
  2017 352 10 55 30 486 352.455213964       2.55     -0.03     -1.68  0.        3899.828      -1864.065       1797.463    0.000  -0.123   0.337   0.
  2017 352 10 55 31 486 352.455225538       0.84      3.00      0.28  0.        3900.682      -1862.637       1800.463    0.000  -0.123   0.337   0.
  2017 352 10 55 32 486 352.455237112       5.71      1.01     -1.10  0.        3901.534      -1861.208       1803.461    0.000  -0.123   0.337   0.
  2017 352 10 55 33 486 352.455248686       6.16     -1.08     -2.55  0.        3902.385      -1859.777       1806.459    0.000  -0.123   0.338   0.
  2017 352 10 55 34 486 352.455260260       2.96      0.72     -3.48  0.        3903.234      -1858.346       1809.456    0.000  -0.123   0.338   0.
  2017 352 10 55 35 486 352.455271835      -4.20      2.18     -5.36  0.        3904.082      -1856.915       1812.453    0.000  -0.123   0.338   0.
  2017 352 10 55 36 486 352.455283409      -6.88      5.71     -1.24  0.        3904.928      -1855.482       1815.448    0.000  -0.123   0.339   0.
  2017 352 10 55 37 486 352.455294983       0.81     -0.07     -2.44  0.        3905.772      -1854.049       1818.443    0.000  -0.123   0.339   0.
  2017 352 10 55 38 486 352.455306557       8.31      0.38     -2.45  0.        3906.615      -1852.615       1821.437    0.000  -0.123   0.339   0.
  2017 352 10 55 39 486 352.455318131       9.69      3.72     -2.47  0.        3907.456      -1851.180       1824.431    0.000  -0.123   0.339   0.
  2017 352 10 55 40 486 352.455329705       6.18      4.10     -0.19  0.        3908.295      -1849.745       1827.423    0.000  -0.124   0.340   0.
  2017 352 10 55 41 486 352.455341279      -0.72      5.50     -0.73  0.        3909.133      -1848.308       1830.415    0.000  -0.124   0.340   0.
  2017 352 10 55 42 486 352.455352853       0.29      5.43      0.63  0.        3909.969      -1846.871       1833.406    0.000  -0.124   0.340   0.
  2017 352 10 55 43 486 352.455364427       0.83      3.09     -5.80  0.        3910.804      -1845.433       1836.397    0.000  -0.124   0.340   0.
  2017 352 10 55 44 486 352.455376001       5.25      2.22    -10.20  0.        3911.637      -1843.995       1839.386    0.000  -0.124   0.341   0.
  2017 352 10 55 45 486 352.455387575       7.91      1.47    -10.40  0.        3912.468      -1842.555       1842.375    0.000  -0.124   0.341   0.
  2017 352 10 55 46 486 352.455399149       8.80      1.55     -4.61  0.        3913.298      -1841.116       1845.363    0.000  -0.124   0.341   0.
  2017 352 10 55 47 486 352.455410723       7.77      4.43     -3.67  0.        3914.126      -1839.674       1848.351    0.000  -0.124   0.341   0.
  2017 352 10 55 48 486 352.455422298       6.74      6.95     -5.39  0.        3914.953      -1838.233       1851.337    0.000  -0.124   0.342   0.
  2017 352 10 55 49 486 352.455433871       1.75      8.01     -6.46  0.        3915.778      -1836.790       1854.323    0.000  -0.124   0.342   0.
  2017 352 10 55 50 486 352.455445446      -3.61      0.17     -3.95  0.        3916.601      -1835.347       1857.308    0.000  -0.124   0.342   0.
  2017 352 10 55 51 486 352.455457020       4.82     -3.67     -3.12  0.        3917.423      -1833.903       1860.292    0.000  -0.125   0.342   0.
  2017 352 10 55 52 486 352.455468594       4.41     -2.82     -1.84  0.        3918.243      -1832.459       1863.276    0.000  -0.125   0.343   0.
  2017 352 10 55 53 486 352.455480168       0.14     -2.04     -0.63  0.        3919.061      -1831.013       1866.258    0.000  -0.125   0.343   0.
  2017 352 10 55 54 486 352.455491742      -0.75      0.36     -0.78  0.        3919.878      -1829.567       1869.240    0.000  -0.125   0.343   0.
  2017 352 10 55 55 486 352.455503316      -1.20      0.19     -0.32  0.        3920.694      -1828.120       1872.221    0.000  -0.125   0.343   0.
  2017 352 10 55 56 486 352.455514890      -2.86     -1.53     -0.58  0.        3921.507      -1826.673       1875.202    0.000  -0.125   0.344   0.
  2017 352 10 55 57 486 352.455526464      -3.64     -2.45     -0.24  0.        3922.319      -1825.224       1878.182    0.000  -0.125   0.344   0.
  2017 352 10 55 58 486 352.455538038      -5.23     -1.57     -1.91  0.        3923.130      -1823.775       1881.160    0.000  -0.125   0.344   0.
  2017 352 10 55 59 486 352.455549612      -5.30      0.08     -1.33  0.        3923.939      -1822.325       1884.139    0.000  -0.125   0.344   0.
  2017 352 10 56  0 486 352.455561183      -5.54      4.50     -0.42  0.        3924.746      -1820.875       1887.116    0.000  -0.125   0.345   0.
  2017 352 10 56  1 486 352.455572758      -0.97     -0.79     -4.53  0.        3925.552      -1819.424       1890.092    0.000  -0.125   0.345   0.
  2017 352 10 56  2 486 352.455584332       6.73     -1.03     -4.11  0.        3926.356      -1817.971       1893.068    0.000  -0.126   0.345   0.
  2017 352 10 56  3 486 352.455595906       7.65      2.08     -4.00  0.        3927.159      -1816.519       1896.043    0.000  -0.126   0.345   0.
  2017 352 10 56  4 486 352.455607480       3.65      2.22     -3.98  0.        3927.959      -1815.065       1899.018    0.000  -0.126   0.345   0.
  2017 352 10 56  5 486 352.455619054      -2.34      3.76     -5.08  0.        3928.759      -1813.611       1901.991    0.000  -0.126   0.345   0.
  2017 352 10 56  6 486 352.455630628      -1.46     -3.14     -4.32  0.        3929.557      -1812.156       1904.964    0.000  -0.126   0.346   0.
  2017 352 10 56  7 486 352.455642202       2.12     -4.30     -1.64  0.        3930.353      -1810.700       1907.936    0.000  -0.126   0.346   0.
  2017 352 10 56  8 486 352.455653776      -0.52      2.26     -2.07  0.        3931.147      -1809.244       1910.907    0.000  -0.126   0.347   0.
  2017 352 10 56  9 486 352.455665350      -0.65      2.34     -3.04  0.        3931.940      -1807.786       1913.877    0.000  -0.126   0.347   0.
  2017 352 10 56 10 486 352.455676924       2.07      0.28     -5.52  0.        3932.732      -1806.329       1916.847    0.000  -0.126   0.347   0.
  2017 352 10 56 11 486 352.455688498       9.46     -1.57     -5.81  0.        3933.522      -1804.870       1919.816    0.000  -0.126   0.348   0.
  2017 352 10 56 12 486 352.455700072       9.52     -2.39     -6.09  0.        3934.310      -1803.410       1922.784    0.000  -0.126   0.348   0.
  2017 352 10 56 13 486 352.455711646       5.70      2.92     -8.10  0.        3935.097      -1801.950       1925.751    0.000  -0.126   0.348   0.
  2017 352 10 56 14 486 352.455723221       1.61      5.58    -11.54  0.        3935.881      -1800.489       1928.717    0.000  -0.127   0.348   0.
  2017 352 10 56 15 486 352.455734795      -0.95     -0.39     -9.90  0.        3936.665      -1799.028       1931.683    0.000  -0.127   0.348   0.
  2017 352 10 56 16 486 352.455746369       2.60     -5.21     -2.94  0.        3937.447      -1797.566       1934.648    0.000  -0.127   0.348   0.
  2017 352 10 56 17 486 352.455757943       3.34     -0.32      0.11  0.        3938.227      -1796.103       1937.612    0.000  -0.127   0.348   0.
  2017 352 10 56 18 486 352.455769517       1.43      4.32     -0.53  0.        3939.006      -1794.639       1940.576    0.000  -0.127   0.348   0.
  2017 352 10 56 19 486 352.455781091      -2.57      5.51     -1.37  0.        3939.783      -1793.175       1943.538    0.000  -0.127   0.348   0.
  2017 352 10 56 20 486 352.455792665      -2.31      0.56      1.14  0.        3940.559      -1791.709       1946.500    0.000  -0.127   0.349   0.
  2017 352 10 56 21 486 352.455804239      -1.08      0.10     -1.00  0.        3941.333      -1790.244       1949.461    0.000  -0.127   0.349   0.
  2017 352 10 56 22 486 352.455815813      -0.56      0.12     -0.21  0.        3942.105      -1788.777       1952.422    0.000  -0.127   0.350   0.
  2017 352 10 56 23 486 352.455827387       5.65     -1.21     -4.00  0.        3942.876      -1787.310       1955.381    0.000  -0.127   0.350   0.
  2017 352 10 56 24 486 352.455838961       2.99      1.16     -1.17  0.        3943.646      -1785.842       1958.340    0.000  -0.128   0.351   0.
  2017 352 10 56 25 486 352.455850535       0.49      8.19     -1.47  0.        3944.413      -1784.373       1961.298    0.000  -0.128   0.351   0.
  2017 352 10 56 26 486 352.455862109       2.06     -1.52     -2.04  0.        3945.179      -1782.903       1964.255    0.000  -0.128   0.351   0.
  2017 352 10 56 27 486 352.455873683      -1.18     -1.01     -5.88  0.        3945.944      -1781.433       1967.211    0.000  -0.128   0.351   0.
  2017 352 10 56 28 485 352.455885255       0.47      0.98     -0.94  0.        3946.707      -1779.963       1970.167    0.000  -0.128   0.351   0.
  2017 352 10 56 29 486 352.455896829      -0.31      0.25     -0.98  0.        3947.468      -1778.491       1973.121    0.000  -0.128   0.351   0.
  2017 352 10 56 30 486 352.455908403      -0.10     -1.75     -2.16  0.        3948.228      -1777.019       1976.075    0.000  -0.128   0.351   0.
  2017 352 10 56 31 486 352.455919977      -0.71     -0.90     -2.58  0.        3948.986      -1775.546       1979.029    0.000  -0.128   0.351   0.
  2017 352 10 56 32 486 352.455931551      -0.23      0.36     -2.01  0.        3949.743      -1774.072       1981.981    0.000  -0.128   0.352   0.
  2017 352 10 56 33 485 352.455943125       0.89      0.17     -2.25  0.        3950.499      -1772.598       1984.933    0.000  -0.128   0.352   0.
  2017 352 10 56 34 485 352.455954699      -0.59     -1.35     -2.98  0.        3951.252      -1771.123       1987.883    0.000  -0.128   0.352   0.
  2017 352 10 56 35 485 352.455966273       0.86      0.76     -1.17  0.        3952.004      -1769.647       1990.834    0.000  -0.128   0.352   0.
  2017 352 10 56 36 485 352.455977847       1.58      2.87     -1.74  0.        3952.755      -1768.170       1993.783    0.000  -0.128   0.353   0.
  2017 352 10 56 37 485 352.455989421       3.15      1.26     -2.77  0.        3953.504      -1766.693       1996.731    0.000  -0.128   0.353   0.
  2017 352 10 56 38 486 352.456000995       0.88     -1.48     -2.06  0.        3954.251      -1765.215       1999.679    0.000  -0.129   0.354   0.
  2017 352 10 56 39 486 352.456012569      -0.48      0.60     -2.22  0.        3954.997      -1763.737       2002.626    0.000  -0.129   0.354   0.
  2017 352 10 56 40 485 352.456024144      -0.18     -0.07     -2.94  0.        3955.741      -1762.258       2005.572    0.000  -0.129   0.354   0.
  2017 352 10 56 41 485 352.456035718       0.05     -0.27     -3.26  0.        3956.484      -1760.778       2008.517    0.000  -0.129   0.354   0.
  2017 352 10 56 42 486 352.456047292       0.53      0.19     -2.32  0.        3957.225      -1759.297       2011.462    0.000  -0.129   0.354   0.
  2017 352 10 56 43 486 352.456058866       1.18      0.33     -1.45  0.        3957.965      -1757.816       2014.405    0.000  -0.129   0.354   0.
  2017 352 10 56 44 486 352.456070440       3.22     -0.66     -2.02  0.        3958.703      -1756.334       2017.348    0.000  -0.129   0.354   0.
  2017 352 10 56 45 486 352.456082014       0.20      1.09     -2.90  0.        3959.439      -1754.851       2020.290    0.000  -0.129   0.354   0.
  2017 352 10 56 46 486 352.456093588      -0.69      0.19     -2.18  0.        3960.174      -1753.368       2023.232    0.000  -0.129   0.355   0.
  2017 352 10 56 47 485 352.456105162      -0.09      2.43     -2.55  0.        3960.907      -1751.884       2026.172    0.000  -0.129   0.355   0.
  2017 352 10 56 48 485 352.456116736       1.43      1.63     -1.62  0.        3961.639      -1750.399       2029.112    0.000  -0.129   0.355   0.
  2017 352 10 56 49 485 352.456128310       1.03     -1.14     -1.48  0.        3962.370      -1748.913       2032.051    0.000  -0.129   0.355   0.
  2017 352 10 56 50 485 352.456139884       1.38      0.63     -1.39  0.        3963.098      -1747.427       2034.989    0.000  -0.130   0.356   0.
  2017 352 10 56 51 485 352.456151458       2.22      0.17     -1.66  0.        3963.825      -1745.940       2037.927    0.000  -0.130   0.356   0.
  2017 352 10 56 52 486 352.456163032       3.32     -0.11     -2.76  0.        3964.551      -1744.453       2040.863    0.000  -0.130   0.357   0.
  2017 352 10 56 53 486 352.456174606       1.81      4.27     -1.98  0.        3965.275      -1742.965       2043.799    0.000  -0.130   0.357   0.
  2017 352 10 56 54 485 352.456186181       1.26      1.77     -2.57  0.        3965.998      -1741.476       2046.734    0.000  -0.130   0.357   0.
  2017 352 10 56 55 485 352.456197755       3.23     -0.40     -2.43  0.        3966.719      -1739.987       2049.668    0.000  -0.130   0.357   0.
  2017 352 10 56 56 486 352.456209329       4.51      4.55     -2.37  0.        3967.438      -1738.496       2052.601    0.000  -0.130   0.357   0.
  2017 352 10 56 57 486 352.456220903       1.85      5.34     -4.60  0.        3968.156      -1737.006       2055.534    0.000  -0.130   0.357   0.
  2017 352 10 56 58 485 352.456232474       0.58      1.19     -1.67  0.        3968.873      -1735.514       2058.466    0.000  -0.130   0.358   0.
  2017 352 10 56 59 485 352.456244048       6.01     -2.53     -3.42  0.        3969.588      -1734.022       2061.397    0.000  -0.130   0.358   0.
  2017 352 10 57  0 485 352.456255622       2.54      2.41     -3.00  0.        3970.301      -1732.529       2064.327    0.000  -0.130   0.358   0.
  2017 352 10 57  1 485 352.456267196       1.12      2.59     -3.46  0.        3971.013      -1731.035       2067.256    0.000  -0.130   0.358   0.
  2017 352 10 57  2 485 352.456278770       0.39     -0.56     -2.18  0.        3971.723      -1729.541       2070.185    0.000  -0.131   0.359   0.
  2017 352 10 57  3 485 352.456290344       1.30      1.14     -1.60  0.        3972.432      -1728.046       2073.113    0.000  -0.131   0.359   0.
  2017 352 10 57  4 485 352.456301918       0.84     -0.05     -2.90  0.        3973.139      -1726.551       2076.040    0.000  -0.131   0.359   0.
  2017 352 10 57  5 485 352.456313492      -0.35      1.13     -1.56  0.        3973.845      -1725.055       2078.966    0.000  -0.131   0.359   0.
  2017 352 10 57  6 485 352.456325067       2.11     -0.28     -1.15  0.        3974.549      -1723.558       2081.891    0.000  -0.131   0.360   0.
  2017 352 10 57  7 485 352.456336641       0.41      1.50     -1.36  0.        3975.251      -1722.060       2084.816    0.000  -0.131   0.360   0.
  2017 352 10 57  8 485 352.456348215       3.52      1.41     -0.90  0.        3975.952      -1720.562       2087.739    0.000  -0.131   0.360   0.
  2017 352 10 57  9 485 352.456359789       7.04      2.41     -2.50  0.        3976.652      -1719.063       2090.662    0.000  -0.131   0.360   0.
  2017 352 10 57 10 485 352.456371363       6.24      2.12     -4.54  0.        3977.350      -1717.564       2093.584    0.000  -0.131   0.360   0.
  2017 352 10 57 11 485 352.456382937       5.03      2.57     -6.43  0.        3978.046      -1716.063       2096.506    0.000  -0.131   0.360   0.
  2017 352 10 57 12 485 352.456394511       4.08      1.81     -4.23  0.        3978.741      -1714.563       2099.426    0.000  -0.131   0.360   0.
  2017 352 10 57 13 485 352.456406085       1.37      1.47     -1.66  0.        3979.435      -1713.061       2102.346    0.000  -0.131   0.360   0.
  2017 352 10 57 14 485 352.456417659       4.26     -1.62     -0.75  0.        3980.127      -1711.559       2105.265    0.000  -0.132   0.362   0.
  2017 352 10 57 15 485 352.456429233      -0.22      0.98     -0.28  0.        3980.817      -1710.056       2108.183    0.000  -0.132   0.362   0.
  2017 352 10 57 16 485 352.456440807      -1.35      3.88     -0.91  0.        3981.506      -1708.553       2111.100    0.000  -0.132   0.362   0.
  2017 352 10 57 17 485 352.456452381      -2.70      4.26     -1.82  0.        3982.193      -1707.049       2114.017    0.000  -0.132   0.362   0.
  2017 352 10 57 18 485 352.456463955      -2.75      2.57     -1.58  0.        3982.879      -1705.544       2116.932    0.000  -0.132   0.362   0.
  2017 352 10 57 19 485 352.456475530       0.45      0.40     -1.37  0.        3983.563      -1704.038       2119.847    0.000  -0.132   0.362   0.
  2017 352 10 57 20 485 352.456487104       1.83      1.33     -1.54  0.        3984.246      -1702.532       2122.761    0.000  -0.132   0.363   0.
  2017 352 10 57 21 485 352.456498678       1.00      0.62     -2.13  0.        3984.927      -1701.026       2125.674    0.000  -0.132   0.363   0.
  2017 352 10 57 22 485 352.456510252       0.35      1.98     -0.45  0.        3985.607      -1699.518       2128.586    0.000  -0.132   0.363   0.
  2017 352 10 57 23 485 352.456521826       3.78      0.65     -1.01  0.        3986.285      -1698.010       2131.498    0.000  -0.132   0.363   0.
  2017 352 10 57 24 485 352.456533400       2.60      3.14     -1.27  0.        3986.962      -1696.502       2134.409    0.000  -0.132   0.363   0.
  2017 352 10 57 25 485 352.456544974       0.54      6.25     -1.60  0.        3987.637      -1694.992       2137.319    0.000  -0.132   0.363   0.
  2017 352 10 57 26 485 352.456556548      -0.47      5.64      0.22  0.        3988.311      -1693.483       2140.228    0.000  -0.132   0.364   0.
  2017 352 10 57 27 485 352.456568122      -0.31      1.71     -0.54  0.        3988.983      -1691.972       2143.137    0.000  -0.132   0.364   0.
  2017 352 10 57 28 485 352.456579693      -1.63      2.01     -1.86  0.        3989.654      -1690.461       2146.044    0.000  -0.132   0.364   0.
  2017 352 10 57 29 485 352.456591267      -1.02      1.50     -0.58  0.        3990.323      -1688.949       2148.951    0.000  -0.132   0.364   0.
  2017 352 10 57 30 485 352.456602841       2.72      0.58     -1.35  0.        3990.991      -1687.437       2151.857    0.000  -0.133   0.365   0.
  2017 352 10 57 31 485 352.456614415       1.02     -0.34     -1.26  0.        3991.657      -1685.923       2154.762    0.000  -0.133   0.365   0.
  2017 352 10 57 32 485 352.456625990       0.40      0.16     -1.67  0.        3992.322      -1684.410       2157.666    0.000  -0.133   0.365   0.
  2017 352 10 57 33 485 352.456637564       1.41      1.30     -1.71  0.        3992.985      -1682.895       2160.570    0.000  -0.133   0.365   0.
  2017 352 10 57 34 485 352.456649138       1.49      0.23     -0.92  0.        3993.646      -1681.380       2163.472    0.000  -0.133   0.365   0.
  2017 352 10 57 35 485 352.456660712       1.43      1.49     -1.48  0.        3994.306      -1679.865       2166.374    0.000  -0.133   0.365   0.
  2017 352 10 57 36 485 352.456672286       0.46      2.27     -2.52  0.        3994.965      -1678.348       2169.275    0.000  -0.133   0.366   0.
  2017 352 10 57 37 485 352.456683860       3.24      2.08     -2.22  0.        3995.622      -1676.831       2172.176    0.000  -0.133   0.366   0.
  2017 352 10 57 38 485 352.456695434       1.95      1.80     -2.11  0.        3996.278      -1675.314       2175.075    0.000  -0.133   0.366   0.
  2017 352 10 57 39 485 352.456707008       2.38      0.05     -2.41  0.        3996.932      -1673.796       2177.974    0.000  -0.133   0.366   0.
  2017 352 10 57 40 485 352.456718582       0.66     -1.45     -4.41  0.        3997.585      -1672.277       2180.871    0.000  -0.134   0.367   0.
  2017 352 10 57 41 485 352.456730156       0.22      1.55     -1.20  0.        3998.236      -1670.757       2183.768    0.000  -0.134   0.367   0.
  2017 352 10 57 42 485 352.456741730       1.17     -0.25     -1.69  0.        3998.885      -1669.237       2186.664    0.000  -0.133   0.366   0.
  2017 352 10 57 43 485 352.456753304      -1.27      2.25     -1.79  0.        3999.534      -1667.717       2189.560    0.000  -0.133   0.366   0.
  2017 352 10 57 44 485 352.456764878      -1.23      2.20     -0.78  0.        4000.180      -1666.196       2192.454    0.000  -0.134   0.368   0.
  2017 352 10 57 45 485 352.456776453      -1.37     -0.24     -3.32  0.        4000.825      -1664.674       2195.348    0.000  -0.134   0.368   0.
  2017 352 10 57 46 485 352.456788027      -0.52      1.28     -2.09  0.        4001.469      -1663.151       2198.240    0.000  -0.134   0.368   0.
  2017 352 10 57 47 485 352.456799601       0.60     -0.49     -1.59  0.        4002.111      -1661.628       2201.132    0.000  -0.134   0.368   0.
  2017 352 10 57 48 485 352.456811175       3.54      0.64     -3.09  0.        4002.752      -1660.104       2204.023    0.000  -0.134   0.368   0.
  2017 352 10 57 49 485 352.456822749       2.50      2.41     -6.36  0.        4003.391      -1658.580       2206.914    0.000  -0.134   0.368   0.
  2017 352 10 57 50 485 352.456834323      -0.98      4.50     -2.88  0.        4004.029      -1657.055       2209.804    0.000  -0.134   0.368   0.
  2017 352 10 57 51 485 352.456845897       1.00      0.89     -1.23  0.        4004.665      -1655.529       2212.692    0.000  -0.134   0.369   0.
  2017 352 10 57 52 485 352.456857471       0.66      0.23     -1.06  0.        4005.300      -1654.003       2215.580    0.000  -0.134   0.369   0.
  2017 352 10 57 53 485 352.456869045      -1.64      3.59     -1.47  0.        4005.933      -1652.476       2218.467    0.000  -0.134   0.369   0.
  2017 352 10 57 54 485 352.456880619       0.06      2.67     -1.16  0.        4006.565      -1650.949       2221.353    0.000  -0.134   0.369   0.
  2017 352 10 57 55 485 352.456892193       0.83     -0.23     -1.88  0.        4007.195      -1649.421       2224.239    0.000  -0.134   0.369   0.
  2017 352 10 57 56 485 352.456903767       1.12      0.37     -1.01  0.        4007.824      -1647.892       2227.123    0.000  -0.135   0.370   0.
  2017 352 10 57 57 485 352.456915341       0.81      1.28     -1.24  0.        4008.451      -1646.363       2230.007    0.000  -0.135   0.370   0.
  2017 352 10 57 58 485 352.456926913       1.95      1.29     -1.12  0.        4009.077      -1644.833       2232.890    0.000  -0.135   0.370   0.
  2017 352 10 57 59 485 352.456938487       2.67     -0.21     -1.32  0.        4009.702      -1643.302       2235.772    0.000  -0.135   0.370   0.
  2017 352 10 58  0 485 352.456950061       5.57      1.34     -2.38  0.        4010.324      -1641.771       2238.653    0.000  -0.135   0.371   0.
  2017 352 10 58  1 485 352.456961635       1.83     -1.25     -2.46  0.        4010.946      -1640.240       2241.534    0.000  -0.135   0.371   0.
  2017 352 10 58  2 485 352.456973209      -0.88     -0.69     -4.02  0.        4011.566      -1638.707       2244.414    0.000  -0.135   0.371   0.
  2017 352 10 58  3 485 352.456984783      -2.23      1.04     -2.44  0.        4012.184      -1637.174       2247.292    0.000  -0.135   0.371   0.
  2017 352 10 58  4 485 352.456996357       0.35      0.54     -3.15  0.        4012.801      -1635.641       2250.170    0.000  -0.135   0.371   0.
  2017 352 10 58  5 485 352.457007931       2.75      1.38     -2.67  0.        4013.417      -1634.107       2253.047    0.000  -0.135   0.371   0.
  2017 352 10 58  6 485 352.457019505       1.48      0.24     -2.62  0.        4014.031      -1632.572       2255.924    0.000  -0.135   0.371   0.
  2017 352 10 58  7 485 352.457031079       1.02      1.75     -1.68  0.        4014.643      -1631.037       2258.799    0.000  -0.135   0.371   0.
  2017 352 10 58  8 485 352.457042653       0.71      0.40     -2.00  0.        4015.254      -1629.501       2261.674    0.000  -0.135   0.372   0.
  2017 352 10 58  9 485 352.457054227      -0.42      1.19     -0.47  0.        4015.864      -1627.965       2264.548    0.000  -0.135   0.372   0.
  2017 352 10 58 10 485 352.457065802       1.12      1.60     -1.17  0.        4016.472      -1626.427       2267.421    0.000  -0.135   0.372   0.
  2017 352 10 58 11 485 352.457077376       1.06      0.91     -1.55  0.        4017.079      -1624.890       2270.293    0.000  -0.135   0.372   0.
  2017 352 10 58 12 485 352.457088950      -1.33      2.38     -0.74  0.        4017.684      -1623.351       2273.164    0.000  -0.136   0.372   0.
  2017 352 10 58 13 485 352.457100524       0.70      3.40     -1.36  0.        4018.288      -1621.813       2276.035    0.000  -0.136   0.372   0.
  2017 352 10 58 14 485 352.457112098       2.06      0.95     -1.95  0.        4018.890      -1620.273       2278.904    0.000  -0.136   0.373   0.
  2017 352 10 58 15 485 352.457123672       1.94     -1.26     -1.66  0.        4019.491      -1618.733       2281.773    0.000  -0.136   0.373   0.
  2017 352 10 58 16 485 352.457135246       0.75      2.05      0.34  0.        4020.090      -1617.192       2284.641    0.000  -0.136   0.374   0.
  2017 352 10 58 17 485 352.457146820       1.43      0.68      0.49  0.        4020.688      -1615.651       2287.508    0.000  -0.136   0.374   0.
  2017 352 10 58 18 485 352.457158394       0.89     -0.91     -2.69  0.        4021.285      -1614.109       2290.375    0.000  -0.136   0.374   0.
  2017 352 10 58 19 485 352.457169968       0.38      2.07     -3.31  0.        4021.880      -1612.567       2293.240    0.000  -0.136   0.374   0.
  2017 352 10 58 20 485 352.457181542      -0.23      0.71     -1.25  0.        4022.473      -1611.024       2296.104    0.000  -0.136   0.374   0.
  2017 352 10 58 21 485 352.457193116      -1.31      3.22     -3.21  0.        4023.065      -1609.480       2298.968    0.000  -0.136   0.374   0.
  2017 352 10 58 22 485 352.457204690       0.50      0.55     -1.81  0.        4023.656      -1607.936       2301.831    0.000  -0.136   0.374   0.
  2017 352 10 58 23 485 352.457216264       2.49      2.66     -0.70  0.        4024.245      -1606.392       2304.694    0.000  -0.136   0.374   0.
  2017 352 10 58 24 485 352.457227839       2.88      0.08     -0.39  0.        4024.833      -1604.846       2307.555    0.000  -0.136   0.375   0.
  2017 352 10 58 25 485 352.457239413       4.37      1.55     -2.72  0.        4025.419      -1603.300       2310.415    0.000  -0.136   0.375   0.
  2017 352 10 58 26 485 352.457250987       2.28      1.23     -3.27  0.        4026.004      -1601.754       2313.275    0.000  -0.136   0.375   0.
  2017 352 10 58 27 485 352.457262561       2.25      1.41     -3.46  0.        4026.587      -1600.207       2316.134    0.000  -0.136   0.375   0.
  2017 352 10 58 28 485 352.457274132       0.36      1.57     -3.53  0.        4027.169      -1598.659       2318.992    0.000  -0.137   0.375   0.
  2017 352 10 58 29 484 352.457285706      -2.63      4.13     -2.12  0.        4027.749      -1597.111       2321.849    0.000  -0.137   0.375   0.
  2017 352 10 58 30 484 352.457297280       3.29     -0.09     -1.60  0.        4028.328      -1595.562       2324.705    0.000  -0.137   0.376   0.
  2017 352 10 58 31 484 352.457308854       1.92     -0.14     -1.85  0.        4028.906      -1594.013       2327.561    0.000  -0.137   0.376   0.
  2017 352 10 58 32 484 352.457320428      -0.50      2.26     -0.22  0.        4029.482      -1592.463       2330.415    0.000  -0.137   0.376   0.
  2017 352 10 58 33 484 352.457332002       1.56      3.04      0.52  0.        4030.057      -1590.913       2333.269    0.000  -0.137   0.376   0.
  2017 352 10 58 34 485 352.457343576      -1.22      0.72     -2.99  0.        4030.630      -1589.362       2336.122    0.000  -0.137   0.377   0.
  2017 352 10 58 35 485 352.457355150      -0.14      1.57     -0.11  0.        4031.202      -1587.810       2338.974    0.000  -0.137   0.377   0.
  2017 352 10 58 36 484 352.457366725       5.30      1.54     -1.68  0.        4031.772      -1586.258       2341.825    0.000  -0.137   0.377   0.
  2017 352 10 58 37 484 352.457378299       4.77      6.57     -5.47  0.        4032.341      -1584.705       2344.676    0.000  -0.137   0.377   0.
  2017 352 10 58 38 485 352.457389873       6.11      7.40     -6.46  0.        4032.908      -1583.152       2347.525    0.000  -0.137   0.377   0.
  2017 352 10 58 39 485 352.457401447       7.70      4.11     -5.64  0.        4033.474      -1581.598       2350.374    0.000  -0.137   0.377   0.
  2017 352 10 58 40 485 352.457413021       3.53      5.81     -5.19  0.        4034.039      -1580.044       2353.222    0.000  -0.137   0.378   0.
  2017 352 10 58 41 485 352.457424595      -0.69      3.32     -2.62  0.        4034.602      -1578.489       2356.069    0.000  -0.137   0.378   0.
  2017 352 10 58 42 485 352.457436169      -0.53      2.08      0.57  0.        4035.164      -1576.933       2358.915    0.000  -0.137   0.377   0.
  2017 352 10 58 43 484 352.457447743       6.79     -0.17     -0.89  0.        4035.724      -1575.377       2361.761    0.000  -0.137   0.377   0.
  2017 352 10 58 44 484 352.457459317       5.98      2.50     -0.71  0.        4036.283      -1573.820       2364.605    0.000  -0.138   0.378   0.
  2017 352 10 58 45 484 352.457470891       4.57      2.77     -1.08  0.        4036.840      -1572.263       2367.449    0.000  -0.138   0.378   0.
  2017 352 10 58 46 484 352.457482465       0.03      4.37     -1.41  0.        4037.396      -1570.705       2370.292    0.000  -0.137   0.378   0.
  2017 352 10 58 47 484 352.457494039      -2.90      2.52     -4.18  0.        4037.950      -1569.147       2373.134    0.000  -0.137   0.378   0.
  2017 352 10 58 48 485 352.457505613      -0.68      2.28     -3.08  0.        4038.503      -1567.588       2375.975    0.000  -0.138   0.378   0.
  2017 352 10 58 49 485 352.457517187      -0.08      0.71     -1.32  0.        4039.055      -1566.028       2378.815    0.000  -0.138   0.378   0.
  2017 352 10 58 50 484 352.457528762       0.75      0.90     -0.93  0.        4039.605      -1564.468       2381.654    0.000  -0.138   0.378   0.
  2017 352 10 58 51 485 352.457540336       2.06      0.77     -0.34  0.        4040.154      -1562.908       2384.493    0.000  -0.138   0.378   0.
  2017 352 10 58 52 485 352.457551910       1.72      1.18     -0.05  0.        4040.701      -1561.347       2387.331    0.000  -0.138   0.378   0.
  2017 352 10 58 53 485 352.457563484       3.75      0.32     -1.26  0.        4041.247      -1559.785       2390.168    0.000  -0.138   0.378   0.
  2017 352 10 58 54 485 352.457575058       5.04      1.27     -2.20  0.        4041.791      -1558.223       2393.004    0.000  -0.138   0.378   0.
  2017 352 10 58 55 485 352.457586632       5.33      2.63     -0.27  0.        4042.335      -1556.660       2395.839    0.000  -0.138   0.378   0.
  2017 352 10 58 56 484 352.457598206       4.58      3.01      0.44  0.        4042.877      -1555.097       2398.673    0.000  -0.138   0.379   0.
  2017 352 10 58 57 484 352.457609780       3.03      1.98     -0.09  0.        4043.417      -1553.533       2401.507    0.000  -0.138   0.379   0.
  2017 352 10 58 58 484 352.457621351       2.86      3.24     -2.08  0.        4043.955      -1551.968       2404.339    0.000  -0.138   0.378   0.
  2017 352 10 58 59 484 352.457632925      -0.31      3.25     -3.24  0.        4044.493      -1550.403       2407.171    0.000  -0.138   0.378   0.
  2017 352 10 59  0 484 352.457644499       0.31      1.54      0.96  0.        4045.029      -1548.838       2410.002    0.000  -0.138   0.379   0.
  2017 352 10 59  1 484 352.457656073       0.80      1.03     -0.19  0.        4045.563      -1547.272       2412.833    0.000  -0.138   0.379   0.
  2017 352 10 59  2 484 352.457667648       2.03      1.31     -1.25  0.        4046.097      -1545.705       2415.662    0.000  -0.138   0.379   0.
  2017 352 10 59  3 484 352.457679222       1.50      1.04     -1.35  0.        4046.628      -1544.138       2418.490    0.000  -0.138   0.379   0.
  2017 352 10 59  4 484 352.457690796       1.10      1.46     -0.43  0.        4047.159      -1542.571       2421.318    0.000  -0.138   0.379   0.
  2017 352 10 59  5 484 352.457702370       1.56      1.37     -0.75  0.        4047.687      -1541.002       2424.145    0.000  -0.138   0.379   0.
  2017 352 10 59  6 484 352.457713944       0.63      1.38     -0.56  0.        4048.215      -1539.433       2426.970    0.000  -0.138   0.379   0.
  2017 352 10 59  7 484 352.457725518       0.21      0.68     -1.07  0.        4048.741      -1537.864       2429.796    0.000  -0.138   0.379   0.
  2017 352 10 59  8 484 352.457737092       1.25      0.98     -1.39  0.        4049.265      -1536.294       2432.620    0.000  -0.138   0.379   0.
  2017 352 10 59  9 484 352.457748666      -0.63      2.28      0.10  0.        4049.789      -1534.724       2435.443    0.000  -0.138   0.379   0.
  2017 352 10 59 10 484 352.457760240      -0.50      2.49     -0.06  0.        4050.311      -1533.153       2438.266    0.000  -0.138   0.379   0.
  2017 352 10 59 11 484 352.457771814       1.55     -0.95     -2.69  0.        4050.831      -1531.582       2441.087    0.000  -0.138   0.379   0.
  2017 352 10 59 12 484 352.457783388       0.52      0.69     -2.01  0.        4051.350      -1530.010       2443.908    0.000  -0.138   0.379   0.
  2017 352 10 59 13 484 352.457794962       0.36      1.24     -1.12  0.        4051.867      -1528.437       2446.728    0.000  -0.138   0.379   0.
  2017 352 10 59 14 484 352.457806536      -0.14      0.40     -1.28  0.        4052.384      -1526.864       2449.547    0.000  -0.138   0.379   0.
  2017 352 10 59 15 484 352.457818111      -0.62      0.33     -0.89  0.        4052.898      -1525.291       2452.365    0.000  -0.138   0.379   0.
  2017 352 10 59 16 484 352.457829685       0.27      1.57     -0.18  0.        4053.412      -1523.717       2455.183    0.000  -0.138   0.380   0.
  2017 352 10 59 17 484 352.457841259       1.46      2.80     -1.04  0.        4053.924      -1522.142       2457.999    0.000  -0.138   0.380   0.
  2017 352 10 59 18 484 352.457852833       0.88      3.92     -2.96  0.        4054.434      -1520.567       2460.815    0.000  -0.138   0.379   0.
  2017 352 10 59 19 484 352.457864407      -0.37      4.13     -1.75  0.        4054.943      -1518.991       2463.630    0.000  -0.138   0.379   0.
  2017 352 10 59 20 484 352.457875981      -0.99      2.32     -0.83  0.        4055.451      -1517.415       2466.444    0.000  -0.138   0.379   0.
  2017 352 10 59 21 484 352.457887555      -0.73      0.69     -1.71  0.        4055.957      -1515.838       2469.257    0.000  -0.138   0.379   0.
  2017 352 10 59 22 484 352.457899129      -1.02      1.72     -1.57  0.        4056.462      -1514.261       2472.069    0.000  -0.138   0.379   0.
  2017 352 10 59 23 484 352.457910703       0.13      1.90     -1.05  0.        4056.966      -1512.683       2474.880    0.000  -0.138   0.379   0.
  2017 352 10 59 24 484 352.457922277      -0.20      0.51     -1.62  0.        4057.468      -1511.105       2477.691    0.000  -0.138   0.380   0.
  2017 352 10 59 25 484 352.457933851      -0.31      0.55     -1.11  0.        4057.969      -1509.526       2480.501    0.000  -0.138   0.380   0.
  2017 352 10 59 26 484 352.457945425      -0.01      1.72     -1.17  0.        4058.468      -1507.947       2483.309    0.000  -0.138   0.380   0.
  2017 352 10 59 27 484 352.457956999       0.07      1.63     -1.42  0.        4058.966      -1506.367       2486.117    0.000  -0.138   0.380   0.
  2017 352 10 59 28 484 352.457968571      -0.08      1.70     -0.78  0.        4059.463      -1504.787       2488.924    0.000  -0.138   0.379   0.
  2017 352 10 59 29 484 352.457980145       0.91      0.23     -1.19  0.        4059.958      -1503.206       2491.731    0.000  -0.138   0.379   0.
  2017 352 10 59 30 484 352.457991719       1.52      1.69     -1.12  0.        4060.452      -1501.625       2494.536    0.000  -0.138   0.379   0.
  2017 352 10 59 31 484 352.458003293       0.94      2.11     -1.25  0.        4060.944      -1500.043       2497.341    0.000  -0.138   0.379   0.
  2017 352 10 59 32 484 352.458014867       0.13      0.89     -1.51  0.        4061.435      -1498.460       2500.144    0.000  -0.138   0.379   0.
  2017 352 10 59 33 484 352.458026441       0.18      1.20     -0.55  0.        4061.925      -1496.877       2502.947    0.000  -0.138   0.379   0.
  2017 352 10 59 34 484 352.458038015      -0.28      1.53     -0.50  0.        4062.413      -1495.294       2505.749    0.000  -0.138   0.380   0.
  2017 352 10 59 35 484 352.458049589       1.11      1.25     -0.75  0.        4062.900      -1493.710       2508.550    0.000  -0.138   0.380   0.
  2017 352 10 59 36 484 352.458061163       2.45      0.75     -1.35  0.        4063.385      -1492.126       2511.351    0.000  -0.138   0.379   0.
  2017 352 10 59 37 484 352.458072737       1.93      0.85     -0.39  0.        4063.869      -1490.541       2514.150    0.000  -0.138   0.379   0.
  2017 352 10 59 38 484 352.458084311       2.03      0.57     -2.09  0.        4064.352      -1488.955       2516.948    0.000  -0.138   0.380   0.
  2017 352 10 59 39 484 352.458095885       0.34      1.42     -3.37  0.        4064.833      -1487.369       2519.746    0.000  -0.138   0.380   0.
  2017 352 10 59 40 484 352.458107460      -1.74      3.44     -1.65  0.        4065.313      -1485.783       2522.543    0.000  -0.138   0.380   0.
  2017 352 10 59 41 484 352.458119034      -0.61      2.80     -0.40  0.        4065.792      -1484.196       2525.339    0.000  -0.138   0.380   0.
  2017 352 10 59 42 484 352.458130608       1.65      1.34     -0.66  0.        4066.269      -1482.608       2528.134    0.000  -0.138   0.379   0.
  2017 352 10 59 43 484 352.458142182       0.22      1.06     -1.33  0.        4066.744      -1481.020       2530.928    0.000  -0.138   0.379   0.
  2017 352 10 59 44 484 352.458153756      -0.08      1.25     -0.78  0.        4067.219      -1479.432       2533.722    0.000  -0.138   0.380   0.
  2017 352 10 59 45 484 352.458165330       0.26      1.42     -0.74  0.        4067.692      -1477.843       2536.514    0.000  -0.138   0.380   0.
  2017 352 10 59 46 484 352.458176904       0.62      1.25     -0.94  0.        4068.163      -1476.253       2539.306    0.000  -0.138   0.379   0.
  2017 352 10 59 47 484 352.458188478      -0.08      0.83     -0.57  0.        4068.634      -1474.663       2542.097    0.000  -0.138   0.379   0.
  2017 352 10 59 48 484 352.458200052       0.77      0.93     -0.46  0.        4069.103      -1473.073       2544.886    0.000  -0.138   0.380   0.
  2017 352 10 59 49 484 352.458211626       0.23      1.06     -0.31  0.        4069.570      -1471.482       2547.676    0.000  -0.138   0.380   0.
  2017 352 10 59 50 484 352.458223200       0.37      1.86      0.11  0.        4070.036      -1469.890       2550.464    0.000  -0.138   0.380   0.
  2017 352 10 59 51 484 352.458234774       1.68      0.31     -1.35  0.        4070.501      -1468.298       2553.251    0.000  -0.138   0.380   0.
  2017 352 10 59 52 484 352.458246348       1.87      0.30     -2.07  0.        4070.964      -1466.706       2556.038    0.000  -0.138   0.380   0.
  2017 352 10 59 53 484 352.458257922      -0.51      0.67     -1.20  0.        4071.426      -1465.113       2558.823    0.000  -0.138   0.380   0.
  2017 352 10 59 54 484 352.458269496      -2.44      2.77      1.07  0.        4071.887      -1463.520       2561.608    0.000  -0.138   0.380   0.
  2017 352 10 59 55 484 352.458281071       2.42     -0.62     -1.75  0.        4072.346      -1461.926       2564.392    0.000  -0.138   0.380   0.
  2017 352 10 59 56 484 352.458292645       4.60     -0.63     -3.23  0.        4072.804      -1460.331       2567.175    0.000  -0.138   0.379   0.
  2017 352 10 59 57 484 352.458304219       1.30      2.62      0.74  0.        4073.261      -1458.736       2569.957    0.000  -0.138   0.379   0.
  2017 352 10 59 58 484 352.458315790      -0.79      4.08      4.31  0.        4073.716      -1457.141       2572.738    0.000  -0.138   0.380   0.
  2017 352 10 59 59 484 352.458327364      -2.35      5.20      4.83  0.        4074.170      -1455.545       2575.519    0.000  -0.138   0.380   0.
  2017 352 11  0  0 484 352.458338938      -1.93      5.21      0.65  0.        4074.622      -1453.949       2578.298    0.000  -0.138   0.379   0.
  2017 352 11  0  1 484 352.458350512      -2.04      3.23      1.54  0.        4075.073      -1452.352       2581.077    0.000  -0.138   0.379   0.
  2017 352 11  0  2 484 352.458362086      -2.55      2.14      0.85  0.        4075.523      -1450.754       2583.855    0.000  -0.138   0.380   0.
  2017 352 11  0  3 484 352.458373660       3.73     -0.63     -2.85  0.        4075.971      -1449.157       2586.632    0.000  -0.138   0.380   0.
  2017 352 11  0  4 484 352.458385234       7.62      0.72     -3.38  0.        4076.418      -1447.558       2589.408    0.000  -0.138   0.379   0.
  2017 352 11  0  5 484 352.458396808       6.72      3.98     -2.31  0.        4076.864      -1445.959       2592.183    0.000  -0.138   0.379   0.
  2017 352 11  0  6 484 352.458408383       3.80      2.86     -1.70  0.        4077.308      -1444.360       2594.958    0.000  -0.138   0.380   0.
  2017 352 11  0  7 484 352.458419957       2.95      4.77     -3.42  0.        4077.751      -1442.760       2597.731    0.000  -0.138   0.380   0.
  2017 352 11  0  8 484 352.458431531       0.77      1.02     -1.47  0.        4078.193      -1441.160       2600.504    0.000  -0.138   0.380   0.
  2017 352 11  0  9 484 352.458443105       0.39      1.19     -0.67  0.        4078.633      -1439.559       2603.276    0.000  -0.138   0.380   0.
  2017 352 11  0 10 484 352.458454679       1.28      0.50     -1.34  0.        4079.072      -1437.958       2606.046    0.000  -0.138   0.379   0.
  2017 352 11  0 11 484 352.458466253       0.78      1.07     -1.12  0.        4079.509      -1436.357       2608.817    0.000  -0.138   0.379   0.
  2017 352 11  0 12 484 352.458477827      -0.22      2.01     -0.65  0.        4079.945      -1434.754       2611.586    0.000  -0.138   0.380   0.
  2017 352 11  0 13 484 352.458489401      -0.11      2.41     -0.03  0.        4080.380      -1433.152       2614.354    0.000  -0.138   0.380   0.
  2017 352 11  0 14 484 352.458500975       2.07      1.03     -2.01  0.        4080.814      -1431.549       2617.121    0.000  -0.138   0.379   0.
  2017 352 11  0 15 484 352.458512549       1.30      0.92     -1.93  0.        4081.246      -1429.945       2619.888    0.000  -0.138   0.379   0.
  2017 352 11  0 16 484 352.458524123      -0.35      1.48     -1.56  0.        4081.677      -1428.341       2622.654    0.000  -0.138   0.380   0.
  2017 352 11  0 17 484 352.458535697      -2.51      2.97     -0.07  0.        4082.106      -1426.737       2625.419    0.000  -0.138   0.380   0.
  2017 352 11  0 18 484 352.458547271      -0.91      1.99     -0.22  0.        4082.534      -1425.132       2628.182    0.000  -0.138   0.380   0.
  2017 352 11  0 19 484 352.458558845       0.97      0.64     -2.03  0.        4082.961      -1423.526       2630.945    0.000  -0.138   0.380   0.
  2017 352 11  0 20 484 352.458570420       0.20      2.96     -2.19  0.        4083.386      -1421.920       2633.708    0.000  -0.138   0.379   0.
  2017 352 11  0 21 484 352.458581994      -0.16      2.23     -0.81  0.        4083.810      -1420.314       2636.469    0.000  -0.138   0.379   0.
  2017 352 11  0 22 484 352.458593568       0.16      2.08     -0.83  0.        4084.233      -1418.707       2639.230    0.000  -0.138   0.380   0.
  2017 352 11  0 23 484 352.458605142       0.16      1.27     -1.24  0.        4084.654      -1417.100       2641.989    0.000  -0.138   0.380   0.
  2017 352 11  0 24 484 352.458616716       0.93      0.85     -1.20  0.        4085.074      -1415.492       2644.748    0.000  -0.138   0.379   0.
  2017 352 11  0 25 484 352.458628290      -0.47      1.19     -0.80  0.        4085.493      -1413.884       2647.506    0.000  -0.138   0.379   0.
  2017 352 11  0 26 484 352.458639864       1.86      1.37     -0.83  0.        4085.910      -1412.275       2650.263    0.000  -0.138   0.380   0.
  2017 352 11  0 27 484 352.458651438       2.47      0.31     -1.35  0.        4086.326      -1410.666       2653.019    0.000  -0.138   0.380   0.
  2017 352 11  0 28 483 352.458663009       1.35      0.97     -1.17  0.        4086.741      -1409.056       2655.774    0.000  -0.138   0.379   0.
  2017 352 11  0 29 483 352.458674583      -1.95      1.86     -1.23  0.        4087.154      -1407.446       2658.529    0.000  -0.138   0.379   0.
  2017 352 11  0 30 484 352.458686157      -3.72      2.73     -2.01  0.        4087.566      -1405.835       2661.282    0.000  -0.138   0.380   0.
  2017 352 11  0 31 484 352.458697731      -3.72      2.37     -2.32  0.        4087.976      -1404.224       2664.035    0.000  -0.138   0.380   0.
  2017 352 11  0 32 483 352.458709306      -0.56      1.78     -0.88  0.        4088.386      -1402.613       2666.787    0.000  -0.138   0.380   0.
  2017 352 11  0 33 483 352.458720880       2.20      0.22     -2.03  0.        4088.794      -1401.001       2669.537    0.000  -0.138   0.380   0.
  2017 352 11  0 34 484 352.458732454       2.80      0.86     -1.38  0.        4089.200      -1399.389       2672.287    0.000  -0.138   0.379   0.
  2017 352 11  0 35 484 352.458744028       2.09      1.98     -0.31  0.        4089.606      -1397.776       2675.037    0.000  -0.138   0.379   0.
  2017 352 11  0 36 484 352.458755602       1.96      3.81     -0.37  0.        4090.010      -1396.162       2677.785    0.000  -0.138   0.380   0.
  2017 352 11  0 37 484 352.458767176      -0.68      3.72     -0.22  0.        4090.412      -1394.549       2680.532    0.000  -0.138   0.380   0.
  2017 352 11  0 38 483 352.458778750       2.16      1.23     -1.19  0.        4090.813      -1392.934       2683.279    0.000  -0.138   0.379   0.
  2017 352 11  0 39 483 352.458790324       6.33      2.75     -3.56  0.        4091.213      -1391.320       2686.025    0.000  -0.138   0.379   0.
  2017 352 11  0 40 483 352.458801898       6.35      4.30     -4.25  0.        4091.612      -1389.705       2688.769    0.000  -0.138   0.380   0.
  2017 352 11  0 41 483 352.458813472       2.65      2.72     -1.50  0.        4092.009      -1388.089       2691.513    0.000  -0.138   0.380   0.
  2017 352 11  0 42 483 352.458825046       0.80      1.30     -0.77  0.        4092.405      -1386.473       2694.256    0.000  -0.138   0.380   0.
  2017 352 11  0 43 484 352.458836620      -0.43      1.45     -1.17  0.        4092.800      -1384.857       2696.998    0.000  -0.138   0.380   0.
  2017 352 11  0 44 484 352.458848194      -1.70      1.60     -1.04  0.        4093.193      -1383.240       2699.740    0.000  -0.138   0.380   0.
  2017 352 11  0 45 483 352.458859769      -1.29      0.73     -0.59  0.        4093.585      -1381.622       2702.480    0.000  -0.138   0.380   0.
  2017 352 11  0 46 483 352.458871343      -1.26      1.36     -0.55  0.        4093.976      -1380.005       2705.220    0.000  -0.138   0.380   0.
  2017 352 11  0 47 484 352.458882917      -1.04      0.67     -0.87  0.        4094.365      -1378.386       2707.958    0.000  -0.138   0.380   0.
  2017 352 11  0 48 484 352.458894491      -0.48      0.85     -1.41  0.        4094.754      -1376.768       2710.696    0.000  -0.138   0.380   0.
  2017 352 11  0 49 484 352.458906065      -0.13      1.04     -0.81  0.        4095.140      -1375.149       2713.433    0.000  -0.138   0.380   0.
  2017 352 11  0 50 484 352.458917639      -0.41      1.05     -0.39  0.        4095.526      -1373.529       2716.169    0.000  -0.138   0.379   0.
  2017 352 11  0 51 484 352.458929213       0.58      1.05     -1.00  0.        4095.910      -1371.909       2718.904    0.000  -0.138   0.379   0.
  2017 352 11  0 52 483 352.458940787      -0.11      1.57     -1.20  0.        4096.293      -1370.289       2721.639    0.000  -0.138   0.379   0.
  2017 352 11  0 53 483 352.458952361      -0.92      2.35     -0.20  0.        4096.674      -1368.668       2724.372    0.000  -0.138   0.379   0.
  2017 352 11  0 54 483 352.458963935       0.66      1.84     -0.09  0.        4097.054      -1367.046       2727.104    0.000  -0.138   0.379   0.
  2017 352 11  0 55 483 352.458975509       5.37     -0.37     -0.28  0.        4097.433      -1365.425       2729.836    0.000  -0.138   0.379   0.
  2017 352 11  0 56 483 352.458987083       3.64      0.98     -1.82  0.        4097.811      -1363.802       2732.567    0.000  -0.138   0.380   0.
  2017 352 11  0 57 499 352.458998838      -0.46      2.49     -1.48  0.        4098.193      -1362.154       2735.340    0.000  -0.138   0.380   0.
  2017 352 11  0 58 514 352.459010590       0.27      3.42     -0.32  0.        4098.573      -1360.506       2738.111    0.000  -0.138   0.379   0.
  2017 352 11  0 59 514 352.459022164       6.99     -0.58     -2.13  0.        4098.947      -1358.882       2740.839    0.000  -0.138   0.379   0.
  2017 352 11  1  0 515 352.459033738       6.28      1.93     -1.82  0.        4099.319      -1357.258       2743.567    0.000  -0.138   0.380   0.
  2017 352 11  1  1 514 352.459045313       5.71      3.15     -1.32  0.        4099.690      -1355.634       2746.293    0.000  -0.138   0.380   0.
  2017 352 11  1  2 514 352.459056887       3.41      4.16     -1.55  0.        4100.060      -1354.009       2749.018    0.000  -0.138   0.380   0.
  2017 352 11  1  3 514 352.459068461       2.34      4.29     -2.19  0.        4100.428      -1352.384       2751.743    0.000  -0.138   0.380   0.
  2017 352 11  1  4 515 352.459080035      -0.07      1.99     -1.73  0.        4100.795      -1350.758       2754.467    0.000  -0.138   0.380   0.
  2017 352 11  1  5 515 352.459091609      -0.16      1.79     -1.19  0.        4101.161      -1349.132       2757.190    0.000  -0.138   0.380   0.
  2017 352 11  1  6 515 352.459103183       0.53      1.33     -0.64  0.        4101.525      -1347.506       2759.912    0.000  -0.138   0.380   0.
  2017 352 11  1  7 515 352.459114757       0.61      1.54     -1.11  0.        4101.888      -1345.879       2762.632    0.000  -0.138   0.380   0.
  2017 352 11  1  8 514 352.459126331       0.14      1.30     -1.02  0.        4102.250      -1344.251       2765.352    0.000  -0.138   0.380   0.
  2017 352 11  1  9 514 352.459137905      -0.10      1.30     -1.02  0.        4102.611      -1342.623       2768.072    0.000  -0.138   0.380   0.
  2017 352 11  1 10 514 352.459149479      -0.46      1.28     -0.90  0.        4102.970      -1340.995       2770.791    0.000  -0.138   0.380   0.
  2017 352 11  1 11 514 352.459161053      -0.09      1.42     -0.76  0.        4103.328      -1339.367       2773.508    0.000  -0.138   0.380   0.
  2017 352 11  1 12 514 352.459172627      -0.07      1.08     -0.76  0.        4103.684      -1337.738       2776.225    0.000  -0.138   0.380   0.
  2017 352 11  1 13 515 352.459184201       0.45      0.95     -0.99  0.        4104.040      -1336.108       2778.941    0.000  -0.138   0.380   0.
  2017 352 11  1 14 515 352.459195775       0.20      1.09     -0.76  0.        4104.394      -1334.478       2781.656    0.000  -0.138   0.380   0.
  2017 352 11  1 15 514 352.459207350      -0.04      1.19     -0.36  0.        4104.747      -1332.848       2784.370    0.000  -0.138   0.380   0.
  2017 352 11  1 16 514 352.459218924       0.52      1.02     -0.65  0.        4105.098      -1331.217       2787.083    0.000  -0.138   0.380   0.
  2017 352 11  1 17 515 352.459230498       0.97      0.74     -1.21  0.        4105.448      -1329.586       2789.795    0.000  -0.138   0.380   0.
  2017 352 11  1 18 515 352.459242072       1.46      0.51     -1.40  0.        4105.797      -1327.954       2792.507    0.000  -0.138   0.380   0.
  2017 352 11  1 19 515 352.459253646       2.94      0.35     -2.11  0.        4106.144      -1326.322       2795.217    0.000  -0.138   0.380   0.
  2017 352 11  1 20 515 352.459265220       4.02     -0.30     -3.00  0.        4106.491      -1324.689       2797.927    0.000  -0.138   0.380   0.
  2017 352 11  1 21 515 352.459276794       2.43      1.14     -2.42  0.        4106.836      -1323.057       2800.636    0.000  -0.138   0.380   0.
  2017 352 11  1 22 514 352.459288368       0.66      0.93     -2.69  0.        4107.179      -1321.423       2803.343    0.000  -0.138   0.380   0.
  2017 352 11  1 23 514 352.459299942      -1.96      0.64     -1.48  0.        4107.522      -1319.790       2806.051    0.000  -0.138   0.380   0.
  2017 352 11  1 24 514 352.459311516      -2.27      4.19      0.39  0.        4107.863      -1318.156       2808.757    0.000  -0.138   0.380   0.
  2017 352 11  1 25 514 352.459323090      -3.64      4.96      0.50  0.        4108.203      -1316.521       2811.462    0.000  -0.138   0.380   0.
  2017 352 11  1 26 514 352.459334661       5.05      0.00     -2.60  0.        4108.541      -1314.886       2814.166    0.000  -0.138   0.380   0.
  2017 352 11  1 27 514 352.459346236       6.88     -0.13     -3.81  0.        4108.878      -1313.251       2816.870    0.000  -0.138   0.380   0.
  2017 352 11  1 28 514 352.459357810       6.16      1.94     -4.50  0.        4109.214      -1311.615       2819.572    0.000  -0.138   0.380   0.
  2017 352 11  1 29 514 352.459369384       0.04      2.91     -3.81  0.        4109.549      -1309.979       2822.274    0.000  -0.138   0.380   0.
  2017 352 11  1 30 514 352.459380958      -2.82      1.32     -0.82  0.        4109.882      -1308.342       2824.975    0.000  -0.138   0.380   0.
  2017 352 11  1 31 514 352.459392532      -1.29      0.48     -2.03  0.        4110.214      -1306.705       2827.675    0.000  -0.138   0.380   0.
  2017 352 11  1 32 514 352.459404106       1.41      0.92     -1.87  0.        4110.545      -1305.068       2830.374    0.000  -0.138   0.380   0.
  2017 352 11  1 33 514 352.459415680       6.37      0.79     -0.95  0.        4110.875      -1303.430       2833.072    0.000  -0.138   0.380   0.
  2017 352 11  1 34 514 352.459427254       5.36      1.71     -0.95  0.        4111.203      -1301.792       2835.769    0.000  -0.138   0.380   0.
  2017 352 11  1 35 514 352.459438828       3.67      2.73     -0.99  0.        4111.530      -1300.154       2838.466    0.000  -0.138   0.380   0.
  2017 352 11  1 36 514 352.459450402       4.23      3.72     -1.84  0.        4111.856      -1298.514       2841.161    0.000  -0.138   0.380   0.
  2017 352 11  1 37 514 352.459461976       2.72      1.67     -0.87  0.        4112.180      -1296.875       2843.856    0.000  -0.138   0.380   0.
  2017 352 11  1 38 514 352.459473550       2.13      1.73     -1.69  0.        4112.503      -1295.235       2846.550    0.000  -0.138   0.380   0.
  2017 352 11  1 39 514 352.459485124       1.94      2.27     -1.63  0.        4112.825      -1293.595       2849.243    0.000  -0.138   0.380   0.
  2017 352 11  1 40 514 352.459496698       1.84      1.73     -0.69  0.        4113.146      -1291.954       2851.935    0.000  -0.138   0.380   0.
  2017 352 11  1 41 514 352.459508273       1.78      1.89     -0.57  0.        4113.465      -1290.313       2854.626    0.000  -0.138   0.380   0.
  2017 352 11  1 42 514 352.459519847       1.24      1.55     -0.38  0.        4113.783      -1288.672       2857.316    0.000  -0.138   0.380   0.
  2017 352 11  1 43 514 352.459531421       0.77      0.98     -0.58  0.        4114.100      -1287.030       2860.005    0.000  -0.138   0.380   0.
  2017 352 11  1 44 514 352.459542995       0.13      1.22     -0.90  0.        4114.416      -1285.388       2862.694    0.000  -0.138   0.380   0.
  2017 352 11  1 45 514 352.459554569       0.17      1.77     -0.69  0.        4114.730      -1283.745       2865.381    0.000  -0.138   0.380   0.
  2017 352 11  1 46 514 352.459566143       0.83      1.16     -0.63  0.        4115.043      -1282.103       2868.068    0.000  -0.138   0.380   0.
  2017 352 11  1 47 514 352.459577717       1.06      0.93     -0.51  0.        4115.355      -1280.459       2870.754    0.000  -0.138   0.380   0.
  2017 352 11  1 48 514 352.459589291       0.45      1.18     -0.37  0.        4115.665      -1278.815       2873.439    0.000  -0.138   0.380   0.
  2017 352 11  1 49 514 352.459600865       0.65      1.53     -0.65  0.        4115.974      -1277.171       2876.123    0.000  -0.138   0.380   0.
  2017 352 11  1 50 514 352.459612439       0.16      1.25     -0.52  0.        4116.282      -1275.527       2878.806    0.000  -0.138   0.380   0.
  2017 352 11  1 51 514 352.459624013      -0.32      1.34     -0.52  0.        4116.589      -1273.882       2881.488    0.000  -0.138   0.380   0.
  2017 352 11  1 52 514 352.459635587      -0.45      1.63     -0.43  0.        4116.894      -1272.236       2884.170    0.000  -0.138   0.380   0.
  2017 352 11  1 53 514 352.459647161       0.41      1.25     -0.48  0.        4117.198      -1270.591       2886.850    0.000  -0.138   0.380   0.
  2017 352 11  1 54 514 352.459658736       0.61      1.11     -0.81  0.        4117.501      -1268.944       2889.530    0.000  -0.138   0.380   0.
  2017 352 11  1 55 514 352.459670310       0.95      1.02     -0.51  0.        4117.803      -1267.298       2892.208    0.000  -0.138   0.380   0.
  2017 352 11  1 56 514 352.459681881       0.86      1.56     -0.84  0.        4118.103      -1265.651       2894.886    0.000  -0.138   0.380   0.
  2017 352 11  1 57 514 352.459693455       0.01      1.33     -0.86  0.        4118.403      -1264.004       2897.563    0.000  -0.138   0.380   0.
  2017 352 11  1 58 514 352.459705029      -0.24      1.66     -0.47  0.        4118.700      -1262.356       2900.239    0.000  -0.138   0.380   0.
  2017 352 11  1 59 514 352.459716603       0.08      1.19     -0.89  0.        4118.997      -1260.708       2902.914    0.000  -0.138   0.380   0.
  2017 352 11  2  0 514 352.459728177       0.53      1.01     -0.91  0.        4119.292      -1259.060       2905.589    0.000  -0.138   0.380   0.
  2017 352 11  2  1 514 352.459739751       0.05      1.91     -0.33  0.        4119.586      -1257.411       2908.262    0.000  -0.138   0.380   0.
  2017 352 11  2  2 514 352.459751325       0.12      1.36     -0.63  0.        4119.879      -1255.762       2910.935    0.000  -0.138   0.380   0.
  2017 352 11  2  3 514 352.459762899      -0.02      1.09     -1.07  0.        4120.171      -1254.112       2913.606    0.000  -0.138   0.380   0.
  2017 352 11  2  4 514 352.459774473      -0.20      1.53     -0.83  0.        4120.461      -1252.462       2916.277    0.000  -0.138   0.380   0.
  2017 352 11  2  5 514 352.459786047      -0.90      1.67     -0.23  0.        4120.750      -1250.812       2918.947    0.000  -0.138   0.380   0.
  2017 352 11  2  6 514 352.459797622       1.70      1.67      0.12  0.        4121.038      -1249.161       2921.616    0.000  -0.138   0.380   0.
  2017 352 11  2  7 514 352.459809196       6.00      3.31     -0.63  0.        4121.325      -1247.510       2924.284    0.000  -0.138   0.380   0.
  2017 352 11  2  8 514 352.459820770       8.57      5.43     -1.08  0.        4121.610      -1245.858       2926.951    0.000  -0.138   0.380   0.
  2017 352 11  2  9 514 352.459832344       2.51      3.94      0.45  0.        4121.894      -1244.207       2929.617    0.000  -0.138   0.380   0.
  2017 352 11  2 10 514 352.459843918       0.39      1.48     -0.84  0.        4122.177      -1242.554       2932.283    0.000  -0.138   0.380   0.
  2017 352 11  2 11 514 352.459855492       1.68      2.22     -1.17  0.        4122.458      -1240.902       2934.947    0.000  -0.138   0.380   0.
  2017 352 11  2 12 514 352.459867066       2.17      1.69     -1.27  0.        4122.739      -1239.249       2937.611    0.000  -0.138   0.380   0.
  2017 352 11  2 13 514 352.459878640       1.46      1.53     -1.23  0.        4123.018      -1237.595       2940.273    0.000  -0.138   0.380   0.
  2017 352 11  2 14 514 352.459890214       0.97      1.75     -0.36  0.        4123.296      -1235.942       2942.935    0.000  -0.138   0.380   0.
  2017 352 11  2 15 514 352.459901788       1.60      1.22     -0.63  0.        4123.572      -1234.288       2945.596    0.000  -0.138   0.380   0.
  2017 352 11  2 16 514 352.459913362       1.99      0.94     -0.67  0.        4123.848      -1232.633       2948.256    0.000  -0.138   0.380   0.
  2017 352 11  2 17 514 352.459924936       1.26      1.58     -0.94  0.        4124.122      -1230.978       2950.916    0.000  -0.138   0.380   0.
  2017 352 11  2 18 514 352.459936510      -0.71      2.71     -1.60  0.        4124.395      -1229.323       2953.574    0.000  -0.138   0.380   0.
  2017 352 11  2 19 514 352.459948085      -0.98      2.35     -0.67  0.        4124.666      -1227.667       2956.231    0.000  -0.138   0.380   0.
  2017 352 11  2 20 514 352.459959659       0.93      1.12     -0.57  0.        4124.937      -1226.011       2958.887    0.000  -0.138   0.380   0.
  2017 352 11  2 21 514 352.459971233       2.69      0.65     -0.52  0.        4125.206      -1224.355       2961.543    0.000  -0.138   0.380   0.
  2017 352 11  2 22 514 352.459982807       2.13      1.46      0.02  0.        4125.474      -1222.699       2964.198    0.000  -0.138   0.380   0.
  2017 352 11  2 23 514 352.459994381       1.15      0.94     -0.92  0.        4125.741      -1221.041       2966.852    0.000  -0.138   0.380   0.
  2017 352 11  2 24 514 352.460005955      -0.99      2.04     -0.53  0.        4126.006      -1219.384       2969.505    0.000  -0.138   0.380   0.
  2017 352 11  2 25 514 352.460017529       0.47      3.41     -0.42  0.        4126.270      -1217.726       2972.157    0.000  -0.138   0.380   0.
  2017 352 11  2 26 514 352.460029103       3.31      2.08     -1.14  0.        4126.533      -1216.068       2974.808    0.000  -0.138   0.380   0.
  2017 352 11  2 27 514 352.460040677       1.84      1.67     -0.64  0.        4126.795      -1214.410       2977.458    0.000  -0.138   0.380   0.
  2017 352 11  2 28 514 352.460052248      -1.33      1.24     -0.83  0.        4127.056      -1212.751       2980.108    0.000  -0.138   0.380   0.
  2017 352 11  2 29 514 352.460063822      -3.29      0.85     -0.40  0.        4127.315      -1211.091       2982.756    0.000  -0.138   0.380   0.
  2017 352 11  2 30 514 352.460075396      -3.53      2.07     -1.57  0.        4127.573      -1209.432       2985.404    0.000  -0.138   0.380   0.
  2017 352 11  2 31 514 352.460086970      -2.67      2.59     -0.11  0.        4127.830      -1207.772       2988.051    0.000  -0.138   0.380   0.
  2017 352 11  2 32 514 352.460098545      -0.72      1.73      0.30  0.        4128.085      -1206.112       2990.696    0.000  -0.138   0.380   0.
  2017 352 11  2 33 514 352.460110119      -1.07      1.80     -0.01  0.        4128.340      -1204.451       2993.341    0.000  -0.138   0.380   0.
  2017 352 11  2 34 514 352.460121693      -0.93      1.40     -0.45  0.        4128.593      -1202.790       2995.985    0.000  -0.138   0.380   0.
  2017 352 11  2 35 514 352.460133267      -1.28      0.93     -1.15  0.        4128.845      -1201.129       2998.629    0.000  -0.138   0.380   0.
  2017 352 11  2 36 514 352.460144841      -1.50      0.53     -1.48  0.        4129.096      -1199.467       3001.271    0.000  -0.138   0.380   0.
  2017 352 11  2 37 514 352.460156415      -2.20      0.90     -0.92  0.        4129.345      -1197.805       3003.912    0.000  -0.138   0.380   0.
  2017 352 11  2 38 514 352.460167989      -2.98      1.59     -0.44  0.        4129.593      -1196.142       3006.552    0.000  -0.138   0.380   0.
  2017 352 11  2 39 514 352.460179563      -3.71      2.86      0.41  0.        4129.840      -1194.480       3009.192    0.000  -0.138   0.380   0.
  2017 352 11  2 40 514 352.460191137      -3.25      2.42      0.01  0.        4130.086      -1192.816       3011.831    0.000  -0.138   0.380   0.
  2017 352 11  2 41 514 352.460202711       1.44      0.30     -1.88  0.        4130.331      -1191.153       3014.469    0.000  -0.138   0.380   0.
  2017 352 11  2 42 514 352.460214285       1.08      0.28     -1.17  0.        4130.574      -1189.489       3017.106    0.000  -0.138   0.380   0.
  2017 352 11  2 43 514 352.460225859      -0.41      0.98     -0.53  0.        4130.816      -1187.825       3019.742    0.000  -0.138   0.380   0.
  2017 352 11  2 44 514 352.460237433      -1.05      2.30     -0.45  0.        4131.057      -1186.160       3022.377    0.000  -0.138   0.380   0.
  2017 352 11  2 45 514 352.460249008      -1.44      2.89     -1.14  0.        4131.297      -1184.495       3025.011    0.000  -0.138   0.380   0.
  2017 352 11  2 46 514 352.460260582      -1.87      3.54     -1.04  0.        4131.536      -1182.830       3027.644    0.000  -0.138   0.380   0.
  2017 352 11  2 47 514 352.460272156      -0.98      4.50     -0.70  0.        4131.773      -1181.165       3030.277    0.000  -0.138   0.380   0.
  2017 352 11  2 48 514 352.460283730       0.86      4.22     -1.70  0.        4132.009      -1179.499       3032.908    0.000  -0.138   0.380   0.
  2017 352 11  2 49 514 352.460295304       0.57      2.49     -1.17  0.        4132.244      -1177.832       3035.539    0.000  -0.138   0.380   0.
  2017 352 11  2 50 514 352.460306878      -0.80      2.63     -0.41  0.        4132.478      -1176.166       3038.169    0.000  -0.138   0.380   0.
  2017 352 11  2 51 514 352.460318452      -0.46      2.11     -1.00  0.        4132.710      -1174.499       3040.798    0.000  -0.138   0.380   0.
  2017 352 11  2 52 514 352.460330026      -0.81      0.99     -0.43  0.        4132.941      -1172.831       3043.426    0.000  -0.138   0.380   0.
  2017 352 11  2 53 514 352.460341600      -0.41      1.55      0.45  0.        4133.171      -1171.164       3046.053    0.000  -0.138   0.380   0.
  2017 352 11  2 54 514 352.460353174      -0.33      1.36      0.67  0.        4133.400      -1169.496       3048.679    0.000  -0.138   0.380   0.
  2017 352 11  2 55 514 352.460364748      -0.33      1.57      0.30  0.        4133.628      -1167.827       3051.304    0.000  -0.138   0.380   0.
  2017 352 11  2 56 514 352.460376322      -0.05      2.01      0.60  0.        4133.854      -1166.159       3053.929    0.000  -0.138   0.380   0.
  2017 352 11  2 57 513 352.460387896       3.79      2.12      1.05  0.        4134.079      -1164.490       3056.552    0.000  -0.138   0.380   0.
  2017 352 11  2 58 513 352.460399468       1.51      1.60      1.28  0.        4134.303      -1162.820       3059.175    0.000  -0.138   0.380   0.
  2017 352 11  2 59 514 352.460411042      -0.36      0.90     -0.35  0.        4134.526      -1161.151       3061.797    0.000  -0.138   0.380   0.
  2017 352 11  3  0 514 352.460422616       0.15      0.90     -0.53  0.        4134.748      -1159.481       3064.417    0.000  -0.138   0.380   0.
  2017 352 11  3  1 514 352.460434190       0.83      1.33     -0.49  0.        4134.968      -1157.810       3067.037    0.000  -0.138   0.380   0.
  2017 352 11  3  2 514 352.460445764       1.58      0.98     -0.96  0.        4135.187      -1156.139       3069.656    0.000  -0.138   0.380   0.
  2017 352 11  3  3 514 352.460457338       1.57      1.03     -1.45  0.        4135.405      -1154.468       3072.274    0.000  -0.138   0.380   0.
  2017 352 11  3  4 513 352.460468912       1.15      1.00     -2.54  0.        4135.622      -1152.797       3074.892    0.000  -0.138   0.380   0.
  2017 352 11  3  5 513 352.460480486      -0.08      1.48     -1.63  0.        4135.838      -1151.125       3077.508    0.000  -0.138   0.380   0.
  2017 352 11  3  6 513 352.460492060      -0.29      1.77     -0.61  0.        4136.052      -1149.453       3080.124    0.000  -0.138   0.380   0.
  2017 352 11  3  7 513 352.460503634       0.13      1.59     -1.05  0.        4136.265      -1147.781       3082.738    0.000  -0.138   0.380   0.
  2017 352 11  3  8 513 352.460515208       0.15      1.77     -0.47  0.        4136.477      -1146.108       3085.352    0.000  -0.138   0.380   0.
  2017 352 11  3  9 514 352.460526782       0.55      1.59     -0.92  0.        4136.688      -1144.435       3087.965    0.000  -0.138   0.380   0.
  2017 352 11  3 10 514 352.460538357       0.26      0.90     -1.50  0.        4136.898      -1142.762       3090.577    0.000  -0.138   0.380   0.
  2017 352 11  3 11 513 352.460549931       0.15      0.76     -1.59  0.        4137.106      -1141.088       3093.188    0.000  -0.138   0.380   0.
  2017 352 11  3 12 513 352.460561505       0.17      1.04     -1.36  0.        4137.313      -1139.414       3095.798    0.000  -0.138   0.380   0.
  2017 352 11  3 13 514 352.460573079       0.57      1.02     -1.32  0.        4137.519      -1137.740       3098.407    0.000  -0.138   0.380   0.
  2017 352 11  3 14 514 352.460584653       0.02      1.17     -0.87  0.        4137.724      -1136.065       3101.015    0.000  -0.138   0.380   0.
  2017 352 11  3 15 514 352.460596227       0.41      2.33     -0.24  0.        4137.928      -1134.390       3103.623    0.000  -0.138   0.380   0.
  2017 352 11  3 16 514 352.460607801       0.65      2.10     -0.77  0.        4138.130      -1132.715       3106.229    0.000  -0.138   0.380   0.
  2017 352 11  3 17 513 352.460619375       0.72      1.53     -1.06  0.        4138.331      -1131.039       3108.835    0.000  -0.138   0.380   0.
  2017 352 11  3 18 513 352.460630949       0.71      1.54     -0.09  0.        4138.531      -1129.363       3111.440    0.000  -0.138   0.380   0.
  2017 352 11  3 19 513 352.460642523       0.88      1.06     -0.59  0.        4138.730      -1127.687       3114.043    0.000  -0.138   0.380   0.
  2017 352 11  3 20 513 352.460654097       1.76      2.08      0.27  0.        4138.928      -1126.010       3116.646    0.000  -0.138   0.380   0.
  2017 352 11  3 21 513 352.460665671       2.35      2.67     -0.26  0.        4139.124      -1124.333       3119.248    0.000  -0.138   0.380   0.
  2017 352 11  3 22 514 352.460677245       2.21      1.75     -1.44  0.        4139.320      -1122.656       3121.850    0.000  -0.138   0.380   0.
  2017 352 11  3 23 514 352.460688819       0.86      1.70     -1.40  0.        4139.514      -1120.978       3124.450    0.000  -0.138   0.380   0.
  2017 352 11  3 24 513 352.460700394       1.25      1.84     -1.17  0.        4139.707      -1119.300       3127.049    0.000  -0.138   0.380   0.
  2017 352 11  3 25 513 352.460711968      -0.24      2.22     -0.90  0.        4139.899      -1117.622       3129.648    0.000  -0.138   0.380   0.
  2017 352 11  3 26 514 352.460723542      -0.11      1.81     -0.10  0.        4140.089      -1115.943       3132.245    0.000  -0.138   0.380   0.
  2017 352 11  3 27 514 352.460735116       2.45      1.47     -0.56  0.        4140.279      -1114.264       3134.842    0.000  -0.138   0.380   0.
  2017 352 11  3 28 513 352.460746687       1.15      0.01     -2.14  0.        4140.467      -1112.585       3137.438    0.000  -0.138   0.380   0.
  2017 352 11  3 29 513 352.460758261       0.86      0.92     -1.11  0.        4140.654      -1110.905       3140.033    0.000  -0.138   0.380   0.
  2017 352 11  3 30 513 352.460769835       2.71      0.44     -0.50  0.        4140.840      -1109.226       3142.626    0.000  -0.138   0.380   0.
  2017 352 11  3 31 513 352.460781409       3.22      0.94     -0.45  0.        4141.024      -1107.546       3145.220    0.000  -0.138   0.380   0.
  2017 352 11  3 32 513 352.460792983       2.61      1.54     -0.77  0.        4141.208      -1105.865       3147.811    0.000  -0.138   0.380   0.
  2017 352 11  3 33 513 352.460804557       5.33      2.73     -0.93  0.        4141.390      -1104.184       3150.403    0.000  -0.138   0.380   0.
  2017 352 11  3 34 513 352.460816131       6.73      5.62     -1.60  0.        4141.571      -1102.503       3152.994    0.000  -0.138   0.380   0.
  2017 352 11  3 35 513 352.460827705       1.96      2.59     -1.07  0.        4141.751      -1100.822       3155.583    0.000  -0.138   0.380   0.
  2017 352 11  3 36 513 352.460839279       0.96      1.37     -0.38  0.        4141.930      -1099.140       3158.172    0.000  -0.138   0.380   0.
  2017 352 11  3 37 513 352.460850854       0.98      1.04     -0.72  0.        4142.108      -1097.458       3160.759    0.000  -0.138   0.380   0.
  2017 352 11  3 38 513 352.460862428       0.12      0.98     -0.84  0.        4142.284      -1095.776       3163.346    0.000  -0.138   0.380   0.
  2017 352 11  3 39 513 352.460874002      -0.47      1.85     -0.69  0.        4142.459      -1094.093       3165.932    0.000  -0.138   0.380   0.
  2017 352 11  3 40 513 352.460885576      -0.13      1.49     -0.82  0.        4142.634      -1092.410       3168.517    0.000  -0.138   0.380   0.
  2017 352 11  3 41 513 352.460897150       0.04      1.18     -0.78  0.        4142.807      -1090.727       3171.101    0.000  -0.138   0.380   0.
  2017 352 11  3 42 513 352.460908724       0.50      1.21     -0.56  0.        4142.978      -1089.043       3173.684    0.000  -0.138   0.380   0.
  2017 352 11  3 43 513 352.460920298       0.92      0.99     -0.69  0.        4143.149      -1087.359       3176.267    0.000  -0.138   0.380   0.
  2017 352 11  3 44 513 352.460931872       1.04      1.44     -0.65  0.        4143.318      -1085.675       3178.848    0.000  -0.138   0.380   0.
  2017 352 11  3 45 513 352.460943446       0.78      2.01     -0.86  0.        4143.487      -1083.991       3181.429    0.000  -0.138   0.380   0.
  2017 352 11  3 46 513 352.460955020       0.10      1.61     -0.70  0.        4143.654      -1082.306       3184.009    0.000  -0.138   0.380   0.
  2017 352 11  3 47 513 352.460966594       0.27      1.26     -0.69  0.        4143.820      -1080.621       3186.587    0.000  -0.138   0.380   0.
  2017 352 11  3 48 513 352.460978168       0.76      1.15     -0.90  0.        4143.984      -1078.935       3189.165    0.000  -0.138   0.380   0.
  2017 352 11  3 49 513 352.460989742       0.55      1.35     -1.02  0.        4144.148      -1077.250       3191.742    0.000  -0.138   0.380   0.
  2017 352 11  3 50 513 352.461001317       0.59      1.13     -1.02  0.        4144.311      -1075.564       3194.318    0.000  -0.138   0.380   0.
  2017 352 11  3 51 513 352.461012891       0.29      1.35     -1.24  0.        4144.472      -1073.877       3196.893    0.000  -0.138   0.380   0.
  2017 352 11  3 52 513 352.461024465      -0.12      1.19     -1.23  0.        4144.632      -1072.191       3199.467    0.000  -0.138   0.380   0.
  2017 352 11  3 53 513 352.461036039      -0.20      1.87     -0.59  0.        4144.791      -1070.504       3202.041    0.000  -0.138   0.380   0.
  2017 352 11  3 54 513 352.461047613      -0.62      1.30     -0.54  0.        4144.949      -1068.817       3204.613    0.000  -0.138   0.380   0.
  2017 352 11  3 55 513 352.461059187      -0.42      1.63     -0.38  0.        4145.105      -1067.129       3207.185    0.000  -0.138   0.380   0.
  2017 352 11  3 56 513 352.461070758       0.35      1.28     -0.52  0.        4145.261      -1065.441       3209.755    0.000  -0.138   0.380   0.
  2017 352 11  3 57 513 352.461082332       0.57      1.06     -0.43  0.        4145.415      -1063.753       3212.325    0.000  -0.138   0.380   0.
  2017 352 11  3 58 513 352.461093906       0.80      1.78     -0.45  0.        4145.568      -1062.065       3214.894    0.000  -0.138   0.380   0.
  2017 352 11  3 59 513 352.461105480      -0.42      1.83     -0.84  0.        4145.720      -1060.376       3217.462    0.000  -0.138   0.380   0.
  2017 352 11  4  0 513 352.461117054      -0.62      1.61     -1.06  0.        4145.871      -1058.687       3220.029    0.000  -0.138   0.380   0.
  2017 352 11  4  1 513 352.461128628      -1.33      1.78     -0.27  0.        4146.021      -1056.998       3222.595    0.000  -0.138   0.380   0.
  2017 352 11  4  2 513 352.461140203       0.77      1.42     -0.53  0.        4146.170      -1055.308       3225.161    0.000  -0.138   0.380   0.
  2017 352 11  4  3 513 352.461151777       1.66      0.75     -1.09  0.        4146.317      -1053.618       3227.725    0.000  -0.138   0.380   0.
  2017 352 11  4  4 513 352.461163351       2.34      1.25     -0.90  0.        4146.463      -1051.928       3230.289    0.000  -0.138   0.380   0.
  2017 352 11  4  5 513 352.461174925       1.58      1.70     -1.21  0.        4146.608      -1050.238       3232.851    0.000  -0.138   0.380   0.
  2017 352 11  4  6 513 352.461186499      -0.93      3.83     -2.16  0.        4146.752      -1048.547       3235.413    0.000  -0.138   0.380   0.
  2017 352 11  4  7 513 352.461198073      -1.43      4.19     -0.78  0.        4146.895      -1046.856       3237.974    0.000  -0.138   0.380   0.
  2017 352 11  4  8 513 352.461209647      -1.25      2.07     -0.78  0.        4147.037      -1045.165       3240.534    0.000  -0.138   0.380   0.
  2017 352 11  4  9 513 352.461221221      -0.84      1.96     -0.36  0.        4147.177      -1043.473       3243.093    0.000  -0.138   0.380   0.
  2017 352 11  4 10 513 352.461232795       0.59      1.02     -0.36  0.        4147.317      -1041.781       3245.651    0.000  -0.138   0.380   0.
  2017 352 11  4 11 513 352.461244369       2.25      1.30     -0.95  0.        4147.455      -1040.089       3248.208    0.000  -0.138   0.380   0.
  2017 352 11  4 12 513 352.461255943       0.63      1.26     -0.45  0.        4147.592      -1038.397       3250.764    0.000  -0.138   0.380   0.
  2017 352 11  4 13 513 352.461267517       0.86      1.36     -0.55  0.        4147.728      -1036.704       3253.320    0.000  -0.138   0.380   0.
  2017 352 11  4 14 513 352.461279091       0.99      1.23     -0.72  0.        4147.863      -1035.011       3255.874    0.000  -0.138   0.380   0.
  2017 352 11  4 15 513 352.461290666       0.62      1.18     -0.97  0.        4147.997      -1033.317       3258.428    0.000  -0.138   0.380   0.
  2017 352 11  4 16 513 352.461302240       0.50      1.40     -0.59  0.        4148.129      -1031.624       3260.980    0.000  -0.138   0.380   0.
  2017 352 11  4 17 513 352.461313814       0.50      1.32     -0.76  0.        4148.260      -1029.930       3263.532    0.000  -0.138   0.380   0.
  2017 352 11  4 18 513 352.461325388       0.60      1.26     -0.84  0.        4148.391      -1028.236       3266.083    0.000  -0.138   0.380   0.
  2017 352 11  4 19 513 352.461336962       0.68      1.20     -0.81  0.        4148.520      -1026.541       3268.633    0.000  -0.138   0.380   0.
  2017 352 11  4 20 513 352.461348536       0.24      1.24     -0.68  0.        4148.648      -1024.846       3271.182    0.000  -0.138   0.380   0.
  2017 352 11  4 21 513 352.461360110       0.47      1.46     -0.58  0.        4148.775      -1023.151       3273.731    0.000  -0.138   0.380   0.
  2017 352 11  4 22 513 352.461371684      -0.60      1.70     -0.15  0.        4148.900      -1021.456       3276.278    0.000  -0.138   0.380   0.
  2017 352 11  4 23 513 352.461383258      -2.12      1.96      0.38  0.        4149.025      -1019.761       3278.824    0.000  -0.138   0.380   0.
  2017 352 11  4 24 513 352.461394832      -2.22      1.35      0.67  0.        4149.148      -1018.065       3281.370    0.000  -0.138   0.380   0.
  2017 352 11  4 25 513 352.461406406      -2.34      0.94     -0.66  0.        4149.270      -1016.369       3283.914    0.000  -0.138   0.380   0.
  2017 352 11  4 26 513 352.461417977      -2.77      0.88     -0.55  0.        4149.392      -1014.672       3286.458    0.000  -0.138   0.380   0.
  2017 352 11  4 27 513 352.461429552      -3.56      2.15     -0.74  0.        4149.512      -1012.976       3289.001    0.000  -0.138   0.380   0.
  2017 352 11  4 28 513 352.461441126      -3.07      2.47      0.28  0.        4149.631      -1011.278       3291.543    0.000  -0.138   0.380   0.
  2017 352 11  4 29 513 352.461452700      -2.71      2.70      0.24  0.        4149.748      -1009.581       3294.084    0.000  -0.138   0.380   0.
  2017 352 11  4 30 513 352.461464274      -1.18      3.92     -0.07  0.        4149.865      -1007.884       3296.624    0.000  -0.138   0.380   0.
  2017 352 11  4 31 513 352.461475848       0.10      6.27     -1.81  0.        4149.981      -1006.186       3299.163    0.000  -0.138   0.380   0.
  2017 352 11  4 32 513 352.461487422       0.71      2.00      0.42  0.        4150.095      -1004.488       3301.702    0.000  -0.138   0.380   0.
  2017 352 11  4 33 513 352.461498996       0.69      1.21     -0.35  0.        4150.208      -1002.789       3304.239    0.000  -0.138   0.380   0.
  2017 352 11  4 34 513 352.461510570       0.65      1.02     -0.66  0.        4150.320      -1001.091       3306.776    0.000  -0.138   0.380   0.
  2017 352 11  4 35 513 352.461522144      -0.18      1.81     -0.46  0.        4150.431       -999.392       3309.311    0.000  -0.138   0.380   0.
  2017 352 11  4 36 513 352.461533718       1.14      1.29     -0.76  0.        4150.541       -997.693       3311.846    0.000  -0.138   0.380   0.
  2017 352 11  4 37 513 352.461545292       0.84      1.78     -0.84  0.        4150.650       -995.993       3314.380    0.000  -0.138   0.380   0.
  2017 352 11  4 38 513 352.461556866       0.48      2.63     -0.14  0.        4150.758       -994.294       3316.913    0.000  -0.138   0.380   0.
  2017 352 11  4 39 513 352.461568440       1.44      1.59     -0.37  0.        4150.864       -992.594       3319.445    0.000  -0.138   0.380   0.
  2017 352 11  4 40 513 352.461580014      -0.84      1.21     -0.48  0.        4150.969       -990.893       3321.976    0.000  -0.138   0.380   0.
  2017 352 11  4 41 513 352.461591589      -0.06      1.66     -0.23  0.        4151.074       -989.193       3324.506    0.000  -0.138   0.380   0.
  2017 352 11  4 42 513 352.461603163       0.15      1.47     -0.74  0.        4151.177       -987.492       3327.036    0.000  -0.138   0.380   0.
  2017 352 11  4 43 513 352.461614737       0.35      1.41     -0.93  0.        4151.279       -985.791       3329.564    0.000  -0.138   0.380   0.
  2017 352 11  4 44 513 352.461626311       0.34      1.35     -1.07  0.        4151.380       -984.090       3332.091    0.000  -0.138   0.380   0.
  2017 352 11  4 45 513 352.461637885       0.37      1.34     -0.98  0.        4151.479       -982.388       3334.618    0.000  -0.138   0.380   0.
  2017 352 11  4 46 513 352.461649459       0.55      1.40     -0.86  0.        4151.578       -980.687       3337.144    0.000  -0.138   0.380   0.
  2017 352 11  4 47 513 352.461661033       0.59      1.33     -0.69  0.        4151.676       -978.984       3339.669    0.000  -0.138   0.380   0.
  2017 352 11  4 48 513 352.461672607       0.88      1.65     -0.50  0.        4151.772       -977.282       3342.193    0.000  -0.138   0.380   0.
  2017 352 11  4 49 513 352.461684181       1.16      1.89     -0.57  0.        4151.867       -975.579       3344.716    0.000  -0.138   0.380   0.
  2017 352 11  4 50 513 352.461695755       1.10      1.96     -0.79  0.        4151.962       -973.877       3347.238    0.000  -0.138   0.380   0.
  2017 352 11  4 51 513 352.461707329       1.01      2.13     -1.19  0.        4152.055       -972.173       3349.759    0.000  -0.138   0.380   0.
  2017 352 11  4 52 513 352.461718903       0.57      2.81     -0.65  0.        4152.147       -970.470       3352.280    0.000  -0.138   0.380   0.
  2017 352 11  4 53 512 352.461730477       0.84      2.64     -0.07  0.        4152.237       -968.766       3354.799    0.000  -0.138   0.380   0.
  2017 352 11  4 54 512 352.461742049       1.16      1.85      0.17  0.        4152.327       -967.063       3357.317    0.000  -0.138   0.380   0.
  2017 352 11  4 55 513 352.461753623       2.14      1.35     -0.22  0.        4152.416       -965.358       3359.835    0.000  -0.138   0.380   0.
  2017 352 11  4 56 513 352.461765197       0.30      1.28     -1.79  0.        4152.503       -963.654       3362.352    0.000  -0.138   0.380   0.
  2017 352 11  4 57 513 352.461776771      -2.69      2.86     -1.58  0.        4152.590       -961.949       3364.868    0.000  -0.138   0.380   0.
  2017 352 11  4 58 513 352.461788345      -1.14      2.05     -1.17  0.        4152.675       -960.244       3367.383    0.000  -0.138   0.380   0.
  2017 352 11  4 59 513 352.461799919       0.58      1.13     -0.51  0.        4152.759       -958.539       3369.897    0.000  -0.138   0.380   0.
  2017 352 11  5  0 512 352.461811493       1.37      0.99     -0.20  0.        4152.842       -956.834       3372.410    0.000  -0.138   0.380   0.
  2017 352 11  5  1 512 352.461823067       1.68      1.01     -0.38  0.        4152.925       -955.128       3374.922    0.000  -0.138   0.380   0.
  2017 352 11  5  2 512 352.461834641       1.14      1.74     -0.36  0.        4153.005       -953.422       3377.434    0.000  -0.138   0.380   0.
  2017 352 11  5  3 512 352.461846215      -0.05      2.27     -0.34  0.        4153.085       -951.716       3379.944    0.000  -0.138   0.380   0.
  2017 352 11  5  4 512 352.461857789       0.56      1.60     -0.53  0.        4153.164       -950.009       3382.454    0.000  -0.138   0.380   0.
  2017 352 11  5  5 513 352.461869363       0.39      1.57     -0.90  0.        4153.241       -948.302       3384.962    0.000  -0.138   0.380   0.
  2017 352 11  5  6 512 352.461880938      -0.17      2.08     -0.69  0.        4153.318       -946.595       3387.470    0.000  -0.138   0.380   0.
  2017 352 11  5  7 512 352.461892512       0.93      1.58      0.06  0.        4153.393       -944.888       3389.977    0.000  -0.138   0.380   0.
  2017 352 11  5  8 512 352.461904086       1.99      1.19     -0.35  0.        4153.468       -943.181       3392.483    0.000  -0.138   0.380   0.
  2017 352 11  5  9 513 352.461915660       0.74      1.70     -0.96  0.        4153.541       -941.473       3394.988    0.000  -0.138   0.380   0.
  2017 352 11  5 10 513 352.461927234       0.28      1.96     -0.46  0.        4153.613       -939.765       3397.492    0.000  -0.138   0.380   0.
  2017 352 11  5 11 513 352.461938808       0.77      1.80     -0.27  0.        4153.684       -938.057       3399.995    0.000  -0.138   0.380   0.
  2017 352 11  5 12 513 352.461950382       0.62      1.74     -0.12  0.        4153.754       -936.348       3402.498    0.000  -0.138   0.380   0.
  2017 352 11  5 13 512 352.461961956       0.62      1.63     -0.05  0.        4153.823       -934.640       3404.999    0.000  -0.138   0.380   0.
  2017 352 11  5 14 512 352.461973530       0.58      1.52     -0.00  0.        4153.890       -932.931       3407.500    0.000  -0.138   0.380   0.
  2017 352 11  5 15 512 352.461985104       0.49      1.68     -0.24  0.        4153.957       -931.222       3410.000    0.000  -0.138   0.380   0.
  2017 352 11  5 16 512 352.461996678       0.54      1.33     -0.47  0.        4154.022       -929.512       3412.498    0.000  -0.138   0.380   0.
  2017 352 11  5 17 512 352.462008252       0.19      1.28     -0.55  0.        4154.087       -927.802       3414.996    0.000  -0.138   0.380   0.
  2017 352 11  5 18 513 352.462019826      -0.27      1.45     -0.47  0.        4154.150       -926.092       3417.493    0.000  -0.138   0.380   0.
  2017 352 11  5 19 513 352.462031400      -0.77      1.72     -0.42  0.        4154.212       -924.382       3419.989    0.000  -0.138   0.380   0.
  2017 352 11  5 20 512 352.462042975      -1.16      2.23     -0.57  0.        4154.274       -922.672       3422.484    0.000  -0.138   0.380   0.
  2017 352 11  5 21 512 352.462054549       1.00      1.32     -1.02  0.        4154.334       -920.961       3424.979    0.000  -0.138   0.380   0.
  2017 352 11  5 22 513 352.462066123       2.20      1.09     -1.16  0.        4154.393       -919.250       3427.472    0.000  -0.138   0.380   0.
  2017 352 11  5 23 513 352.462077697       1.96      1.14     -1.20  0.        4154.450       -917.539       3429.964    0.000  -0.138   0.380   0.
  2017 352 11  5 24 513 352.462089271      -0.11      0.36     -0.97  0.        4154.507       -915.828       3432.456    0.000  -0.138   0.380   0.
  2017 352 11  5 25 513 352.462100845      -1.19      1.85     -0.66  0.        4154.563       -914.116       3434.947    0.000  -0.138   0.380   0.
  2017 352 11  5 26 512 352.462112416      -0.85      3.47     -0.13  0.        4154.618       -912.404       3437.436    0.000  -0.138   0.380   0.
  2017 352 11  5 27 512 352.462123990       1.24      1.48     -0.52  0.        4154.671       -910.692       3439.925    0.000  -0.138   0.380   0.
  2017 352 11  5 28 512 352.462135564       0.09      1.90     -0.51  0.        4154.724       -908.980       3442.413    0.000  -0.138   0.380   0.
  2017 352 11  5 29 512 352.462147138      -0.20      2.04     -0.68  0.        4154.775       -907.267       3444.900    0.000  -0.138   0.380   0.
  2017 352 11  5 30 512 352.462158712       0.52      1.34     -0.56  0.        4154.825       -905.554       3447.387    0.000  -0.138   0.380   0.
  2017 352 11  5 31 512 352.462170286       0.65      1.12     -0.59  0.        4154.874       -903.841       3449.872    0.000  -0.138   0.380   0.
  2017 352 11  5 32 512 352.462181861       0.49      1.46     -0.37  0.        4154.923       -902.128       3452.356    0.000  -0.138   0.380   0.
  2017 352 11  5 33 512 352.462193435       1.12      1.24     -0.45  0.        4154.970       -900.415       3454.840    0.000  -0.138   0.380   0.
  2017 352 11  5 34 512 352.462205009       1.77      0.88     -0.64  0.        4155.016       -898.701       3457.322    0.000  -0.138   0.380   0.
  2017 352 11  5 35 512 352.462216583       1.41      1.19     -0.85  0.        4155.060       -896.987       3459.804    0.000  -0.138   0.380   0.
  2017 352 11  5 36 512 352.462228157       0.50      1.46     -0.73  0.        4155.104       -895.273       3462.285    0.000  -0.138   0.380   0.
  2017 352 11  5 37 512 352.462239731       0.01      1.62     -0.71  0.        4155.147       -893.558       3464.765    0.000  -0.138   0.380   0.
  2017 352 11  5 38 512 352.462251305      -0.34      1.93     -0.89  0.        4155.189       -891.843       3467.244    0.000  -0.138   0.380   0.
  2017 352 11  5 39 512 352.462262879      -0.59      1.98     -0.46  0.        4155.229       -890.129       3469.722    0.000  -0.138   0.380   0.
  2017 352 11  5 40 512 352.462274453       0.38      1.61     -0.00  0.        4155.269       -888.413       3472.199    0.000  -0.138   0.380   0.
  2017 352 11  5 41 512 352.462286027       1.34      1.38     -0.13  0.        4155.307       -886.698       3474.675    0.000  -0.138   0.380   0.
  2017 352 11  5 42 512 352.462297601       1.34      1.58     -0.39  0.        4155.345       -884.982       3477.151    0.000  -0.138   0.380   0.
  2017 352 11  5 43 512 352.462309175       0.80      1.67     -0.50  0.        4155.381       -883.267       3479.625    0.000  -0.138   0.380   0.
  2017 352 11  5 44 512 352.462320749       0.45      1.77     -0.39  0.        4155.416       -881.551       3482.099    0.000  -0.138   0.380   0.
  2017 352 11  5 45 512 352.462332323       0.65      1.74     -0.21  0.        4155.450       -879.834       3484.571    0.000  -0.138   0.380   0.
  2017 352 11  5 46 512 352.462343898       0.99      1.49      0.00  0.        4155.483       -878.118       3487.043    0.000  -0.138   0.380   0.
  2017 352 11  5 47 512 352.462355472       0.88      1.59      0.06  0.        4155.515       -876.401       3489.514    0.000  -0.138   0.380   0.
  2017 352 11  5 48 512 352.462367046       1.16      1.39     -0.22  0.        4155.546       -874.684       3491.984    0.000  -0.138   0.380   0.
  2017 352 11  5 49 512 352.462378620       0.31      2.03     -0.38  0.        4155.576       -872.967       3494.453    0.000  -0.138   0.380   0.
  2017 352 11  5 50 512 352.462390194       1.57      1.42     -0.54  0.        4155.605       -871.249       3496.921    0.000  -0.138   0.380   0.
  2017 352 11  5 51 512 352.462401768       2.51      1.10     -0.95  0.        4155.633       -869.532       3499.389    0.000  -0.138   0.380   0.
  2017 352 11  5 52 512 352.462413342       2.05      1.95     -0.74  0.        4155.659       -867.814       3501.855    0.000  -0.138   0.380   0.
  2017 352 11  5 53 512 352.462424916       2.17      2.04     -0.22  0.        4155.685       -866.096       3504.320    0.000  -0.138   0.380   0.
  2017 352 11  5 54 512 352.462436490       1.53      1.98     -0.13  0.        4155.709       -864.378       3506.784    0.000  -0.138   0.380   0.
  2017 352 11  5 55 512 352.462448064       0.94      1.59     -0.19  0.        4155.733       -862.659       3509.249    0.000  -0.138   0.380   0.
  2017 352 11  5 56 512 352.462459638       0.74      1.62     -0.09  0.        4155.755       -860.940       3511.711    0.000  -0.138   0.380   0.
  2017 352 11  5 57 512 352.462471212       1.15      1.37     -0.41  0.        4155.777       -859.221       3514.173    0.000  -0.138   0.380   0.
  2017 352 11  5 58 512 352.462482784       1.05      1.08     -0.86  0.        4155.797       -857.502       3516.634    0.000  -0.138   0.380   0.
  2017 352 11  5 59 512 352.462494358       0.12      1.26     -0.76  0.        4155.816       -855.783       3519.094    0.000  -0.138   0.380   0.
  2017 352 11  6  0 512 352.462505932      -0.21      1.31     -0.83  0.        4155.834       -854.063       3521.554    0.000  -0.138   0.380   0.
  2017 352 11  6  1 512 352.462517506       0.01      1.22     -0.85  0.        4155.851       -852.343       3524.012    0.000  -0.138   0.380   0.
  2017 352 11  6  2 512 352.462529080       0.31      1.15     -0.72  0.        4155.867       -850.623       3526.469    0.000  -0.138   0.380   0.
  2017 352 11  6  3 512 352.462540654       0.24      1.39     -0.59  0.        4155.882       -848.903       3528.926    0.000  -0.138   0.380   0.
  2017 352 11  6  4 512 352.462552228       0.36      1.38     -0.41  0.        4155.896       -847.182       3531.381    0.000  -0.138   0.380   0.
  2017 352 11  6  5 512 352.462563802       0.66      1.24     -0.41  0.        4155.909       -845.462       3533.836    0.000  -0.138   0.380   0.
  2017 352 11  6  6 512 352.462575376       0.66      1.31     -0.43  0.        4155.921       -843.741       3536.290    0.000  -0.138   0.380   0.
  2017 352 11  6  7 512 352.462586950       0.26      1.73     -0.34  0.        4155.932       -842.020       3538.743    0.000  -0.138   0.380   0.
  2017 352 11  6  8 512 352.462598524       0.05      1.55     -0.64  0.        4155.941       -840.298       3541.195    0.000  -0.138   0.380   0.
  2017 352 11  6  9 512 352.462610098       0.07      1.68     -0.54  0.        4155.950       -838.577       3543.646    0.000  -0.138   0.380   0.
  2017 352 11  6 10 512 352.462621672       0.44      1.76     -0.62  0.        4155.958       -836.855       3546.096    0.000  -0.138   0.380   0.
  2017 352 11  6 11 512 352.462633246       1.39      1.80     -0.21  0.        4155.964       -835.133       3548.545    0.000  -0.138   0.380   0.
  2017 352 11  6 12 512 352.462644821       2.84      1.19     -0.59  0.        4155.970       -833.411       3550.994    0.000  -0.139   0.381   0.
  2017 352 11  6 13 512 352.462656395       1.36      1.70     -1.19  0.        4155.974       -831.688       3553.441    0.000  -0.139   0.381   0.
  2017 352 11  6 14 512 352.462667969       1.02      1.48     -1.02  0.        4155.978       -829.966       3555.888    0.000  -0.138   0.380   0.
  2017 352 11  6 15 512 352.462679543       0.93      1.45     -0.55  0.        4155.980       -828.243       3558.334    0.000  -0.138   0.380   0.
  2017 352 11  6 16 512 352.462691117       0.70      1.59     -0.37  0.        4155.981       -826.520       3560.778    0.000  -0.138   0.380   0.
  2017 352 11  6 17 512 352.462702691       0.80      1.47     -0.32  0.        4155.982       -824.797       3563.222    0.000  -0.138   0.380   0.
  2017 352 11  6 18 512 352.462714265       0.53      1.55     -0.33  0.        4155.981       -823.073       3565.665    0.000  -0.138   0.380   0.
  2017 352 11  6 19 512 352.462725839       0.13      1.57     -0.58  0.        4155.979       -821.350       3568.107    0.000  -0.138   0.380   0.
  2017 352 11  6 20 512 352.462737413      -0.33      1.61     -0.68  0.        4155.976       -819.626       3570.549    0.000  -0.138   0.380   0.
  2017 352 11  6 21 512 352.462748987      -1.12      1.92     -0.50  0.        4155.972       -817.902       3572.989    0.000  -0.138   0.380   0.
  2017 352 11  6 22 512 352.462760561      -0.92      2.06     -1.13  0.        4155.967       -816.178       3575.428    0.000  -0.138   0.380   0.
  2017 352 11  6 23 512 352.462772135      -0.28      1.54     -0.74  0.        4155.961       -814.453       3577.867    0.000  -0.138   0.380   0.
  2017 352 11  6 24 512 352.462783710       0.41      1.55     -0.48  0.        4155.954       -812.728       3580.305    0.000  -0.138   0.380   0.
  2017 352 11  6 25 512 352.462795284       0.89      1.27     -0.72  0.        4155.946       -811.003       3582.741    0.000  -0.138   0.380   0.
  2017 352 11  6 26 512 352.462806858       1.09      1.24     -0.56  0.        4155.937       -809.278       3585.177    0.000  -0.138   0.380   0.
  2017 352 11  6 27 512 352.462818432       1.01      1.21     -0.60  0.        4155.927       -807.553       3587.612    0.000  -0.138   0.380   0.
  2017 352 11  6 28 512 352.462830003       0.40      1.39     -0.61  0.        4155.916       -805.828       3590.046    0.000  -0.138   0.380   0.
  2017 352 11  6 29 512 352.462841577       0.09      1.72     -0.71  0.        4155.903       -804.102       3592.479    0.000  -0.138   0.380   0.
  2017 352 11  6 30 512 352.462853151       0.19      1.62     -0.56  0.        4155.890       -802.376       3594.911    0.000  -0.138   0.380   0.
  2017 352 11  6 31 512 352.462864725       0.25      1.67     -0.22  0.        4155.876       -800.650       3597.343    0.000  -0.138   0.380   0.
  2017 352 11  6 32 512 352.462876299       0.18      1.72     -0.01  0.        4155.860       -798.924       3599.773    0.000  -0.138   0.380   0.
  2017 352 11  6 33 512 352.462887873       0.74      1.60     -0.01  0.        4155.844       -797.197       3602.203    0.000  -0.138   0.380   0.
  2017 352 11  6 34 512 352.462899447       0.83      1.53     -0.26  0.        4155.826       -795.470       3604.631    0.000  -0.138   0.380   0.
  2017 352 11  6 35 512 352.462911021       0.53      1.73     -0.16  0.        4155.808       -793.744       3607.059    0.000  -0.138   0.380   0.
  2017 352 11  6 36 512 352.462922595       0.90      1.73     -0.31  0.        4155.789       -792.017       3609.486    0.000  -0.138   0.380   0.
  2017 352 11  6 37 512 352.462934170       0.73      1.72     -0.60  0.        4155.768       -790.289       3611.912    0.000  -0.138   0.380   0.
  2017 352 11  6 38 512 352.462945744       0.59      1.65     -0.77  0.        4155.746       -788.562       3614.337    0.000  -0.138   0.380   0.
  2017 352 11  6 39 512 352.462957318       0.13      1.82     -0.66  0.        4155.724       -786.834       3616.761    0.000  -0.138   0.380   0.
  2017 352 11  6 40 512 352.462968892       0.32      1.85     -0.36  0.        4155.700       -785.106       3619.184    0.000  -0.138   0.380   0.
  2017 352 11  6 41 512 352.462980466       0.73      1.45     -0.29  0.        4155.676       -783.378       3621.607    0.000  -0.138   0.380   0.
  2017 352 11  6 42 512 352.462992040       0.86      1.43     -0.17  0.        4155.650       -781.650       3624.028    0.000  -0.138   0.380   0.
  2017 352 11  6 43 512 352.463003614       0.40      1.80     -0.61  0.        4155.623       -779.921       3626.449    0.000  -0.138   0.380   0.
  2017 352 11  6 44 512 352.463015188      -1.20      2.69     -0.62  0.        4155.596       -778.193       3628.868    0.000  -0.138   0.380   0.
  2017 352 11  6 45 512 352.463026762      -0.96      2.01     -0.51  0.        4155.567       -776.464       3631.287    0.000  -0.138   0.380   0.
  2017 352 11  6 46 512 352.463038336       1.06      1.19     -0.24  0.        4155.537       -774.735       3633.705    0.000  -0.138   0.380   0.
  2017 352 11  6 47 512 352.463049910       2.04      1.27     -0.23  0.        4155.506       -773.006       3636.122    0.000  -0.138   0.380   0.
  2017 352 11  6 48 512 352.463061484       1.65      1.70     -0.52  0.        4155.475       -771.276       3638.538    0.000  -0.138   0.380   0.
  2017 352 11  6 49 512 352.463073058       1.08      1.84     -0.60  0.        4155.441       -769.547       3640.953    0.000  -0.138   0.380   0.
  2017 352 11  6 50 512 352.463084633       0.89      1.73     -0.73  0.        4155.408       -767.817       3643.367    0.000  -0.138   0.380   0.
  2017 352 11  6 51 512 352.463096207       0.94      1.51     -0.90  0.        4155.373       -766.087       3645.781    0.000  -0.138   0.380   0.
  2017 352 11  6 52 512 352.463107781       0.51      1.37     -0.71  0.        4155.337       -764.357       3648.193    0.000  -0.138   0.380   0.
  2017 352 11  6 53 512 352.463119355       0.50      1.54     -0.58  0.        4155.300       -762.627       3650.605    0.000  -0.138   0.380   0.
  2017 352 11  6 54 512 352.463130929       0.80      1.78     -0.78  0.        4155.262       -760.896       3653.015    0.000  -0.138   0.380   0.
  2017 352 11  6 55 512 352.463142503       0.84      1.56     -0.61  0.        4155.223       -759.165       3655.425    0.000  -0.138   0.380   0.
  2017 352 11  6 56 511 352.463154074       0.84      1.42     -0.52  0.        4155.183       -757.434       3657.834    0.000  -0.138   0.380   0.
  2017 352 11  6 57 511 352.463165648       0.88      1.55     -0.52  0.        4155.142       -755.703       3660.242    0.000  -0.138   0.380   0.
  2017 352 11  6 58 511 352.463177222       0.98      1.60     -0.59  0.        4155.100       -753.972       3662.649    0.000  -0.138   0.380   0.
  2017 352 11  6 59 511 352.463188796       1.72      1.37     -0.47  0.        4155.057       -752.240       3665.055    0.000  -0.138   0.380   0.
  2017 352 11  7  0 512 352.463200370       3.14      1.16     -0.24  0.        4155.013       -750.509       3667.461    0.000  -0.138   0.380   0.
  2017 352 11  7  1 512 352.463211944       2.25      1.63     -0.59  0.        4154.968       -748.777       3669.865    0.000  -0.138   0.380   0.
  2017 352 11  7  2 511 352.463223519       0.52      2.43     -1.04  0.        4154.922       -747.045       3672.268    0.000  -0.138   0.380   0.
  2017 352 11  7  3 511 352.463235093      -0.37      2.39     -2.13  0.        4154.874       -745.313       3674.671    0.000  -0.138   0.380   0.
  2017 352 11  7  4 512 352.463246667      -2.22      4.08     -2.73  0.        4154.826       -743.580       3677.073    0.000  -0.138   0.380   0.
  2017 352 11  7  5 512 352.463258241      -1.66      3.46     -2.82  0.        4154.777       -741.848       3679.473    0.000  -0.138   0.380   0.
  2017 352 11  7  6 512 352.463269815       0.25      1.45     -0.50  0.        4154.727       -740.115       3681.873    0.000  -0.138   0.380   0.
  2017 352 11  7  7 512 352.463281389       0.31      1.61     -0.44  0.        4154.676       -738.382       3684.272    0.000  -0.138   0.380   0.
  2017 352 11  7  8 512 352.463292963       0.94      1.78     -0.53  0.        4154.624       -736.649       3686.671    0.000  -0.138   0.380   0.
  2017 352 11  7  9 511 352.463304537       2.14      1.58     -0.42  0.        4154.571       -734.916       3689.068    0.000  -0.138   0.380   0.
  2017 352 11  7 10 511 352.463316111       2.99      1.53     -0.38  0.        4154.517       -733.182       3691.464    0.000  -0.138   0.380   0.
  2017 352 11  7 11 511 352.463327685       2.87      1.92     -0.77  0.        4154.461       -731.449       3693.860    0.000  -0.138   0.380   0.
  2017 352 11  7 12 511 352.463339259       0.61      1.54     -0.73  0.        4154.405       -729.715       3696.254    0.000  -0.138   0.380   0.
  2017 352 11  7 13 511 352.463350833      -0.48      1.16     -1.13  0.        4154.348       -727.981       3698.648    0.000  -0.138   0.380   0.
  2017 352 11  7 14 512 352.463362407       0.03      1.25     -0.92  0.        4154.290       -726.247       3701.040    0.000  -0.139   0.381   0.
  2017 352 11  7 15 512 352.463373981       0.44      1.19     -0.96  0.        4154.231       -724.512       3703.432    0.000  -0.139   0.381   0.
  2017 352 11  7 16 511 352.463385556       0.43      1.12     -0.89  0.        4154.170       -722.778       3705.823    0.000  -0.138   0.380   0.
  2017 352 11  7 17 511 352.463397130       0.41      1.28     -0.58  0.        4154.109       -721.043       3708.213    0.000  -0.138   0.380   0.
  2017 352 11  7 18 512 352.463408704       0.44      1.60     -0.46  0.        4154.047       -719.309       3710.602    0.000  -0.138   0.380   0.
  2017 352 11  7 19 512 352.463420278       0.22      1.89     -0.79  0.        4153.984       -717.573       3712.991    0.000  -0.138   0.380   0.
  2017 352 11  7 20 512 352.463431852      -0.23      2.00     -0.75  0.        4153.919       -715.838       3715.378    0.000  -0.138   0.380   0.
  2017 352 11  7 21 512 352.463443426       0.18      1.76     -0.55  0.        4153.854       -714.103       3717.765    0.000  -0.138   0.380   0.
  2017 352 11  7 22 512 352.463455000       0.44      1.51     -0.49  0.        4153.788       -712.367       3720.150    0.000  -0.138   0.380   0.
  2017 352 11  7 23 511 352.463466574       0.77      1.35     -0.52  0.        4153.721       -710.632       3722.535    0.000  -0.138   0.380   0.
  2017 352 11  7 24 511 352.463478148       0.71      1.30     -0.71  0.        4153.653       -708.896       3724.918    0.000  -0.138   0.380   0.
  2017 352 11  7 25 511 352.463489722       0.59      1.54     -0.83  0.        4153.583       -707.160       3727.301    0.000  -0.138   0.380   0.
  2017 352 11  7 26 511 352.463501293       0.60      1.49     -0.86  0.        4153.513       -705.423       3729.683    0.000  -0.138   0.380   0.
  2017 352 11  7 27 511 352.463512867       0.72      1.41     -0.78  0.        4153.442       -703.687       3732.064    0.000  -0.138   0.380   0.
  2017 352 11  7 28 511 352.463524442       0.65      1.50     -0.92  0.        4153.370       -701.951       3734.445    0.000  -0.138   0.380   0.
  2017 352 11  7 29 511 352.463536016       0.50      1.54     -0.90  0.        4153.297       -700.214       3736.824    0.000  -0.138   0.380   0.
  2017 352 11  7 30 511 352.463547590       0.36      1.51     -0.87  0.        4153.222       -698.477       3739.202    0.000  -0.138   0.380   0.
  2017 352 11  7 31 511 352.463559164       0.39      1.59     -0.76  0.        4153.147       -696.740       3741.580    0.000  -0.138   0.380   0.
  2017 352 11  7 32 511 352.463570738       0.52      1.75     -0.70  0.        4153.071       -695.003       3743.956    0.000  -0.138   0.380   0.
  2017 352 11  7 33 511 352.463582312       0.30      1.81     -1.08  0.        4152.994       -693.265       3746.332    0.000  -0.138   0.380   0.
  2017 352 11  7 34 511 352.463593886       0.22      1.71     -1.21  0.        4152.916       -691.528       3748.707    0.000  -0.138   0.380   0.
  2017 352 11  7 35 511 352.463605460       0.51      1.66     -0.97  0.        4152.837       -689.790       3751.081    0.000  -0.138   0.380   0.
  2017 352 11  7 36 511 352.463617034       0.47      1.73     -0.94  0.        4152.756       -688.052       3753.454    0.000  -0.138   0.380   0.
  2017 352 11  7 37 511 352.463628608       0.92      1.71     -0.87  0.        4152.675       -686.314       3755.826    0.000  -0.138   0.380   0.
  2017 352 11  7 38 511 352.463640182       1.64      1.51     -1.00  0.        4152.593       -684.576       3758.197    0.000  -0.138   0.380   0.
  2017 352 11  7 39 511 352.463651756       1.26      1.62     -1.01  0.        4152.510       -682.837       3760.568    0.000  -0.138   0.380   0.
  2017 352 11  7 40 511 352.463663330       1.05      1.63     -0.80  0.        4152.426       -681.099       3762.937    0.000  -0.138   0.380   0.
  2017 352 11  7 41 511 352.463674904       0.98      1.44     -0.92  0.        4152.341       -679.360       3765.306    0.000  -0.138   0.380   0.
  2017 352 11  7 42 511 352.463686479       0.51      1.53     -0.84  0.        4152.255       -677.621       3767.673    0.000  -0.138   0.380   0.
  2017 352 11  7 43 511 352.463698053       0.80      1.41     -0.93  0.        4152.168       -675.882       3770.040    0.000  -0.138   0.380   0.
  2017 352 11  7 44 511 352.463709627       1.15      1.16     -1.29  0.        4152.080       -674.143       3772.406    0.000  -0.138   0.380   0.
  2017 352 11  7 45 511 352.463721201       0.24      1.47     -1.40  0.        4151.991       -672.404       3774.771    0.000  -0.138   0.380   0.
  2017 352 11  7 46 511 352.463732775      -0.01      1.54     -1.07  0.        4151.901       -670.664       3777.135    0.000  -0.138   0.380   0.
  2017 352 11  7 47 511 352.463744349      -0.01      1.67     -1.06  0.        4151.810       -668.924       3779.498    0.000  -0.138   0.380   0.
  2017 352 11  7 48 511 352.463755923       0.25      1.64     -1.00  0.        4151.718       -667.185       3781.860    0.000  -0.138   0.380   0.
  2017 352 11  7 49 511 352.463767497       0.22      1.61     -0.96  0.        4151.625       -665.445       3784.222    0.000  -0.138   0.380   0.
  2017 352 11  7 50 511 352.463779071       0.81      1.51     -1.00  0.        4151.531       -663.704       3786.582    0.000  -0.138   0.380   0.
  2017 352 11  7 51 511 352.463790645       0.33      1.42     -1.38  0.        4151.436       -661.964       3788.942    0.000  -0.138   0.380   0.
  2017 352 11  7 52 511 352.463802219      -0.41      1.12     -1.31  0.        4151.340       -660.224       3791.300    0.000  -0.138   0.380   0.
  2017 352 11  7 53 511 352.463813793      -0.81      1.31     -1.00  0.        4151.243       -658.483       3793.658    0.000  -0.138   0.380   0.
  2017 352 11  7 54 511 352.463825367      -0.69      1.69     -0.38  0.        4151.146       -656.742       3796.015    0.000  -0.138   0.380   0.
  2017 352 11  7 55 511 352.463836942      -0.59      1.97      0.70  0.        4151.047       -655.001       3798.371    0.000  -0.138   0.380   0.
  2017 352 11  7 56 511 352.463848513      -0.45      1.81      0.75  0.        4150.947       -653.260       3800.726    0.000  -0.138   0.380   0.
  2017 352 11  7 57 511 352.463860087      -0.49      1.83      0.85  0.        4150.846       -651.519       3803.081    0.000  -0.138   0.380   0.
  2017 352 11  7 58 511 352.463871661      -0.51      1.64      0.84  0.        4150.745       -649.778       3805.434    0.000  -0.138   0.380   0.
  2017 352 11  7 59 511 352.463883235      -0.18      1.41      0.80  0.        4150.642       -648.036       3807.787    0.000  -0.138   0.380   0.
  2017 352 11  8  0 511 352.463894809       0.14      1.18      0.84  0.        4150.538       -646.295       3810.138    0.000  -0.138   0.380   0.
  2017 352 11  8  1 511 352.463906383       0.06      1.44      0.68  0.        4150.433       -644.553       3812.489    0.000  -0.138   0.380   0.
  2017 352 11  8  2 511 352.463917957      -0.62      2.23      0.64  0.        4150.328       -642.811       3814.838    0.000  -0.138   0.380   0.
  2017 352 11  8  3 511 352.463929531      -0.04      1.65      0.37  0.        4150.221       -641.069       3817.187    0.000  -0.138   0.380   0.
  2017 352 11  8  4 511 352.463941105       0.79      1.72     -0.74  0.        4150.114       -639.326       3819.535    0.000  -0.138   0.380   0.
  2017 352 11  8  5 511 352.463952679       0.63      1.17     -0.56  0.        4150.005       -637.584       3821.882    0.000  -0.138   0.380   0.
  2017 352 11  8  6 511 352.463964254       0.70      1.16     -0.78  0.        4149.896       -635.841       3824.228    0.000  -0.138   0.380   0.
  2017 352 11  8  7 511 352.463975828       0.72      1.22     -0.71  0.        4149.785       -634.099       3826.574    0.000  -0.138   0.380   0.
  2017 352 11  8  8 511 352.463987402       1.14      1.32     -0.79  0.        4149.674       -632.356       3828.918    0.000  -0.138   0.380   0.
  2017 352 11  8  9 511 352.463998976       1.35      1.62     -0.63  0.        4149.561       -630.613       3831.262    0.000  -0.138   0.380   0.
  2017 352 11  8 10 511 352.464010550       0.69      1.82     -0.46  0.        4149.448       -628.869       3833.604    0.000  -0.138   0.380   0.
  2017 352 11  8 11 511 352.464022124       0.28      2.05     -0.30  0.        4149.334       -627.126       3835.946    0.000  -0.138   0.380   0.
  2017 352 11  8 12 511 352.464033698       0.32      1.71     -0.44  0.        4149.218       -625.383       3838.287    0.000  -0.138   0.380   0.
  2017 352 11  8 13 511 352.464045272       0.60      1.45     -0.85  0.        4149.102       -623.639       3840.627    0.000  -0.138   0.380   0.
  2017 352 11  8 14 511 352.464056846       0.64      1.43     -1.15  0.        4148.985       -621.895       3842.966    0.000  -0.138   0.380   0.
  2017 352 11  8 15 511 352.464068420       0.62      1.79     -0.61  0.        4148.867       -620.152       3845.304    0.000  -0.138   0.380   0.
  2017 352 11  8 16 511 352.464079994       1.33      1.92     -0.02  0.        4148.748       -618.407       3847.641    0.000  -0.138   0.380   0.
  2017 352 11  8 17 511 352.464091568       1.72      2.20      0.70  0.        4148.628       -616.663       3849.977    0.000  -0.138   0.380   0.
  2017 352 11  8 18 511 352.464103142       2.26      2.37      1.24  0.        4148.506       -614.919       3852.313    0.000  -0.138   0.380   0.
  2017 352 11  8 19 511 352.464114716       1.44      1.21      0.77  0.        4148.384       -613.174       3854.648    0.000  -0.138   0.380   0.
  2017 352 11  8 20 511 352.464126290       0.58      1.52      0.67  0.        4148.261       -611.430       3856.981    0.000  -0.138   0.380   0.
  2017 352 11  8 21 511 352.464137865      -0.24      1.99      0.85  0.        4148.137       -609.685       3859.314    0.000  -0.138   0.380   0.
  2017 352 11  8 22 511 352.464149439       0.39      1.48      0.66  0.        4148.013       -607.940       3861.646    0.000  -0.138   0.380   0.
  2017 352 11  8 23 511 352.464161013       0.40      1.51      0.33  0.        4147.887       -606.195       3863.977    0.000  -0.138   0.380   0.
  2017 352 11  8 24 511 352.464172587       0.32      1.58      0.33  0.        4147.760       -604.450       3866.307    0.000  -0.138   0.380   0.
  2017 352 11  8 25 511 352.464184161       0.31      1.46      0.32  0.        4147.632       -602.705       3868.636    0.000  -0.138   0.380   0.
  2017 352 11  8 26 511 352.464195732       0.21      1.61      0.15  0.        4147.503       -600.959       3870.965    0.000  -0.138   0.380   0.
  2017 352 11  8 27 511 352.464207306       0.02      1.82      0.09  0.        4147.374       -599.213       3873.292    0.000  -0.138   0.380   0.
  2017 352 11  8 28 511 352.464218880       0.34      1.72      0.08  0.        4147.243       -597.468       3875.619    0.000  -0.138   0.380   0.
  2017 352 11  8 29 511 352.464230454       0.35      1.62      0.58  0.        4147.112       -595.722       3877.944    0.000  -0.138   0.380   0.
  2017 352 11  8 30 511 352.464242028       0.87      1.32      0.51  0.        4146.979       -593.976       3880.269    0.000  -0.138   0.380   0.
  2017 352 11  8 31 511 352.464253602       1.12      1.39      0.60  0.        4146.846       -592.230       3882.593    0.000  -0.138   0.380   0.
  2017 352 11  8 32 511 352.464265177       0.98      1.66      0.41  0.        4146.711       -590.484       3884.916    0.000  -0.138   0.380   0.
  2017 352 11  8 33 511 352.464276751       0.82      1.70      0.43  0.        4146.576       -588.737       3887.238    0.000  -0.138   0.380   0.
  2017 352 11  8 34 511 352.464288325       0.92      1.73      0.34  0.        4146.439       -586.991       3889.559    0.000  -0.138   0.380   0.
  2017 352 11  8 35 511 352.464299899       0.41      2.23     -0.19  0.        4146.302       -585.244       3891.880    0.000  -0.138   0.380   0.
  2017 352 11  8 36 511 352.464311473      -0.16      1.86     -0.28  0.        4146.164       -583.497       3894.199    0.000  -0.139   0.381   0.
  2017 352 11  8 37 511 352.464323047      -0.22      1.81     -0.19  0.        4146.025       -581.750       3896.517    0.000  -0.139   0.381   0.
  2017 352 11  8 38 511 352.464334621       0.26      1.94     -0.25  0.        4145.885       -580.003       3898.835    0.000  -0.138   0.380   0.
  2017 352 11  8 39 511 352.464346195       0.64      1.93     -0.42  0.        4145.743       -578.256       3901.152    0.000  -0.138   0.380   0.
  2017 352 11  8 40 511 352.464357769       0.18      1.95     -0.63  0.        4145.601       -576.509       3903.468    0.000  -0.138   0.380   0.
  2017 352 11  8 41 511 352.464369343      -0.08      1.57     -0.29  0.        4145.458       -574.761       3905.783    0.000  -0.138   0.380   0.
  2017 352 11  8 42 511 352.464380917       0.41      1.40     -0.10  0.        4145.314       -573.013       3908.097    0.000  -0.138   0.380   0.
  2017 352 11  8 43 511 352.464392491       0.80      1.84     -0.28  0.        4145.170       -571.266       3910.410    0.000  -0.138   0.380   0.
  2017 352 11  8 44 511 352.464404065       0.70      2.06     -0.07  0.        4145.024       -569.518       3912.722    0.000  -0.139   0.381   0.
  2017 352 11  8 45 511 352.464415639       0.89      1.93      0.11  0.        4144.877       -567.770       3915.033    0.000  -0.139   0.381   0.
  2017 352 11  8 46 511 352.464427214       0.69      1.64      0.05  0.        4144.730       -566.022       3917.344    0.000  -0.138   0.380   0.
  2017 352 11  8 47 511 352.464438788       0.13      1.85     -0.09  0.        4144.581       -564.273       3919.654    0.000  -0.138   0.380   0.
  2017 352 11  8 48 511 352.464450362      -0.37      1.73      0.40  0.        4144.431       -562.525       3921.962    0.000  -0.138   0.380   0.
  2017 352 11  8 49 511 352.464461936       0.48      1.76      0.55  0.        4144.281       -560.777       3924.270    0.000  -0.138   0.380   0.
  2017 352 11  8 50 511 352.464473510       0.31      1.70      0.29  0.        4144.129       -559.028       3926.577    0.000  -0.138   0.380   0.
  2017 352 11  8 51 511 352.464485084       0.32      1.79     -0.21  0.        4143.977       -557.279       3928.883    0.000  -0.138   0.380   0.
  2017 352 11  8 52 511 352.464496658       0.27      2.38     -0.21  0.        4143.824       -555.530       3931.188    0.000  -0.138   0.380   0.
  2017 352 11  8 53 511 352.464508232       0.34      1.53      0.10  0.        4143.669       -553.781       3933.493    0.000  -0.138   0.380   0.
  2017 352 11  8 54 511 352.464519806       0.17      1.23      0.06  0.        4143.514       -552.032       3935.796    0.000  -0.138   0.380   0.
  2017 352 11  8 55 510 352.464531380       1.24      1.82     -0.08  0.        4143.358       -550.283       3938.098    0.000  -0.138   0.380   0.
  2017 352 11  8 56 511 352.464542951       0.55      2.11     -0.25  0.        4143.201       -548.533       3940.400    0.000  -0.138   0.380   0.
  2017 352 11  8 57 511 352.464554525       0.18      1.85      0.12  0.        4143.043       -546.784       3942.701    0.000  -0.138   0.380   0.
  2017 352 11  8 58 510 352.464566100       0.37      1.26      0.10  0.        4142.884       -545.034       3945.001    0.000  -0.138   0.380   0.
  2017 352 11  8 59 510 352.464577674       0.10      1.32     -0.13  0.        4142.725       -543.285       3947.299    0.000  -0.138   0.380   0.
  2017 352 11  9  0 511 352.464589248       0.35      1.67      0.28  0.        4142.564       -541.535       3949.597    0.000  -0.138   0.380   0.
  2017 352 11  9  1 511 352.464600822       0.28      1.79      0.54  0.        4142.402       -539.785       3951.895    0.000  -0.138   0.380   0.
  2017 352 11  9  2 511 352.464612396       0.68      1.49      0.55  0.        4142.239       -538.035       3954.191    0.000  -0.138   0.380   0.
  2017 352 11  9  3 511 352.464623970       0.88      1.70      0.72  0.        4142.076       -536.284       3956.486    0.000  -0.138   0.380   0.
  2017 352 11  9  4 511 352.464635544       1.14      1.29      1.03  0.        4141.911       -534.534       3958.781    0.000  -0.138   0.380   0.
  2017 352 11  9  5 510 352.464647118       0.93      1.45      0.97  0.        4141.746       -532.783       3961.074    0.000  -0.138   0.380   0.
  2017 352 11  9  6 510 352.464658692       0.41      1.47      0.73  0.        4141.579       -531.033       3963.367    0.000  -0.138   0.380   0.
  2017 352 11  9  7 510 352.464670266       0.41      1.53      0.57  0.        4141.412       -529.282       3965.659    0.000  -0.138   0.380   0.
  2017 352 11  9  8 510 352.464681840       0.36      1.50      0.53  0.        4141.244       -527.531       3967.950    0.000  -0.138   0.380   0.
  2017 352 11  9  9 511 352.464693414       0.39      1.28      0.32  0.        4141.075       -525.780       3970.240    0.000  -0.138   0.380   0.
  2017 352 11  9 10 511 352.464704988       0.19      1.60     -0.35  0.        4140.905       -524.029       3972.529    0.000  -0.138   0.380   0.
  2017 352 11  9 11 511 352.464716563      -0.29      1.69     -0.10  0.        4140.734       -522.278       3974.817    0.000  -0.138   0.380   0.
  2017 352 11  9 12 510 352.464728137       0.43      1.72      0.05  0.        4140.562       -520.527       3977.105    0.000  -0.138   0.380   0.
  2017 352 11  9 13 510 352.464739711       0.63      1.78     -0.20  0.        4140.389       -518.775       3979.391    0.000  -0.138   0.380   0.
  2017 352 11  9 14 511 352.464751285       0.42      1.62      0.06  0.        4140.215       -517.024       3981.677    0.000  -0.138   0.380   0.
  2017 352 11  9 15 511 352.464762859       0.36      1.74     -0.04  0.        4140.040       -515.272       3983.962    0.000  -0.138   0.380   0.
  2017 352 11  9 16 511 352.464774433       0.12      1.76     -0.07  0.        4139.865       -513.521       3986.245    0.000  -0.138   0.380   0.
  2017 352 11  9 17 511 352.464786007       0.35      1.81     -0.17  0.        4139.688       -511.769       3988.528    0.000  -0.138   0.380   0.
  2017 352 11  9 18 510 352.464797581       0.27      1.85     -0.48  0.        4139.511       -510.017       3990.810    0.000  -0.138   0.380   0.
  2017 352 11  9 19 510 352.464809155       1.08      1.66      0.17  0.        4139.333       -508.264       3993.092    0.000  -0.138   0.380   0.
  2017 352 11  9 20 510 352.464820729       1.14      1.69     -0.05  0.        4139.153       -506.512       3995.372    0.000  -0.138   0.380   0.
  2017 352 11  9 21 510 352.464832303       0.50      1.41     -0.03  0.        4138.973       -504.760       3997.651    0.000  -0.138   0.380   0.
  2017 352 11  9 22 510 352.464843877       0.30      1.24      0.22  0.        4138.792       -503.007       3999.930    0.000  -0.138   0.380   0.
  2017 352 11  9 23 511 352.464855451       0.63      1.37      0.43  0.        4138.610       -501.255       4002.207    0.000  -0.138   0.380   0.
  2017 352 11  9 24 511 352.464867025       1.91      1.44      0.58  0.        4138.427       -499.502       4004.484    0.000  -0.139   0.381   0.
  2017 352 11  9 25 510 352.464878600       2.20      1.19      0.46  0.        4138.243       -497.749       4006.760    0.000  -0.139   0.381   0.
  2017 352 11  9 26 510 352.464890171       1.93      1.35      0.00  0.        4138.058       -495.997       4009.035    0.000  -0.138   0.380   0.
  2017 352 11  9 27 510 352.464901745       0.48      1.48      0.02  0.        4137.873       -494.244       4011.309    0.000  -0.138   0.380   0.
  2017 352 11  9 28 510 352.464913319       0.45      1.29      0.46  0.        4137.686       -492.490       4013.582    0.000  -0.138   0.380   0.
  2017 352 11  9 29 510 352.464924893       0.72      1.36      0.50  0.        4137.499       -490.737       4015.855    0.000  -0.138   0.380   0.
  2017 352 11  9 30 510 352.464936467       0.89      1.43      0.10  0.        4137.310       -488.984       4018.126    0.000  -0.138   0.380   0.
  2017 352 11  9 31 510 352.464948041       0.84      1.51     -0.49  0.        4137.121       -487.230       4020.396    0.000  -0.138   0.380   0.
  2017 352 11  9 32 510 352.464959615       0.50      1.48     -0.25  0.        4136.931       -485.477       4022.666    0.000  -0.138   0.380   0.
  2017 352 11  9 33 510 352.464971189       0.41      1.58     -0.09  0.        4136.739       -483.723       4024.935    0.000  -0.138   0.380   0.
  2017 352 11  9 34 510 352.464982763       0.38      1.80      0.07  0.        4136.547       -481.970       4027.202    0.000  -0.138   0.380   0.
  2017 352 11  9 35 510 352.464994337       0.53      1.81      0.23  0.        4136.354       -480.216       4029.469    0.000  -0.138   0.380   0.
  2017 352 11  9 36 510 352.465005911       0.52      1.72      0.22  0.        4136.160       -478.462       4031.736    0.000  -0.138   0.380   0.
  2017 352 11  9 37 510 352.465017486       0.32      1.90      0.02  0.        4135.966       -476.708       4034.001    0.000  -0.138   0.380   0.
  2017 352 11  9 38 510 352.465029060       0.19      1.96      0.07  0.        4135.770       -474.954       4036.265    0.000  -0.138   0.380   0.
  2017 352 11  9 39 510 352.465040634      -0.34      2.00     -0.11  0.        4135.573       -473.199       4038.528    0.000  -0.138   0.380   0.
  2017 352 11  9 40 510 352.465052208      -1.10      1.86     -0.03  0.        4135.376       -471.445       4040.791    0.000  -0.138   0.380   0.
  2017 352 11  9 41 510 352.465063782      -1.09      1.67      0.30  0.        4135.177       -469.690       4043.053    0.000  -0.138   0.380   0.
  2017 352 11  9 42 510 352.465075356      -0.97      1.67      0.53  0.        4134.978       -467.936       4045.313    0.000  -0.138   0.380   0.
  2017 352 11  9 43 510 352.465086930      -0.11      1.45      0.79  0.        4134.778       -466.181       4047.573    0.000  -0.138   0.380   0.
  2017 352 11  9 44 510 352.465098504       0.35      1.57      0.68  0.        4134.577       -464.426       4049.832    0.000  -0.138   0.380   0.
  2017 352 11  9 45 510 352.465110078       0.01      1.65      0.35  0.        4134.375       -462.671       4052.090    0.000  -0.138   0.380   0.
  2017 352 11  9 46 510 352.465121652      -0.07      1.66      0.59  0.        4134.172       -460.916       4054.348    0.000  -0.138   0.380   0.
  2017 352 11  9 47 510 352.465133226       0.22      1.89      0.47  0.        4133.968       -459.161       4056.604    0.000  -0.138   0.380   0.
  2017 352 11  9 48 510 352.465144800       0.89      2.15      0.40  0.        4133.763       -457.406       4058.860    0.000  -0.138   0.380   0.
  2017 352 11  9 49 510 352.465156374       1.23      1.78      0.12  0.        4133.558       -455.651       4061.114    0.000  -0.138   0.380   0.
  2017 352 11  9 50 510 352.465167948       1.26      1.65      0.14  0.        4133.351       -453.895       4063.368    0.000  -0.138   0.380   0.
  2017 352 11  9 51 510 352.465179523       1.64      1.88      0.43  0.        4133.144       -452.140       4065.621    0.000  -0.138   0.380   0.
  2017 352 11  9 52 510 352.465191097       1.59      2.48     -0.21  0.        4132.935       -450.384       4067.873    0.000  -0.138   0.380   0.
  2017 352 11  9 53 510 352.465202671       0.32      1.94     -0.25  0.        4132.726       -448.629       4070.123    0.000  -0.138   0.380   0.
  2017 352 11  9 54 510 352.465214245       0.84      1.77     -0.05  0.        4132.516       -446.873       4072.374    0.000  -0.139   0.381   0.
  2017 352 11  9 55 510 352.465225819       0.74      1.76     -0.20  0.        4132.305       -445.117       4074.623    0.000  -0.139   0.381   0.
  2017 352 11  9 56 510 352.465237390       0.87      1.58     -0.12  0.        4132.093       -443.361       4076.871    0.000  -0.138   0.380   0.
  2017 352 11  9 57 510 352.465248964       0.77      1.61     -0.30  0.        4131.880       -441.605       4079.119    0.000  -0.138   0.380   0.
  2017 352 11  9 58 510 352.465260538       0.42      1.93     -0.41  0.        4131.666       -439.849       4081.365    0.000  -0.138   0.380   0.
  2017 352 11  9 59 510 352.465272112       0.85      1.84     -0.51  0.        4131.452       -438.092       4083.611    0.000  -0.138   0.380   0.
  2017 352 11 10  0 510 352.465283686       0.94      1.64     -0.68  0.        4131.236       -436.336       4085.856    0.000  -0.138   0.380   0.
  2017 352 11 10  1 510 352.465295260      -0.03      1.86     -0.53  0.        4131.020       -434.580       4088.100    0.000  -0.138   0.380   0.
  2017 352 11 10  2 510 352.465306834      -0.56      1.59     -0.11  0.        4130.803       -432.823       4090.343    0.000  -0.138   0.380   0.
  2017 352 11 10  3 510 352.465318409       0.26      1.37     -0.05  0.        4130.584       -431.066       4092.585    0.000  -0.138   0.380   0.
  2017 352 11 10  4 510 352.465329983      -0.13      1.75     -0.85  0.        4130.365       -429.310       4094.827    0.000  -0.138   0.380   0.
  2017 352 11 10  5 510 352.465341557      -1.27      1.89     -0.50  0.        4130.146       -427.553       4097.067    0.000  -0.138   0.380   0.
  2017 352 11 10  6 510 352.465353131      -1.72      2.05     -0.41  0.        4129.925       -425.796       4099.307    0.000  -0.138   0.380   0.
  2017 352 11 10  7 510 352.465364705      -2.31      1.92      0.81  0.        4129.703       -424.039       4101.545    0.000  -0.138   0.380   0.
  2017 352 11 10  8 510 352.465376279      -0.69      1.37      1.30  0.        4129.480       -422.282       4103.783    0.000  -0.138   0.380   0.
  2017 352 11 10  9 510 352.465387853       0.16      1.44      0.54  0.        4129.256       -420.525       4106.020    0.000  -0.138   0.380   0.
  2017 352 11 10 10 510 352.465399427       0.14      1.62      0.12  0.        4129.033       -418.767       4108.256    0.000  -0.138   0.380   0.
  2017 352 11 10 11 510 352.465411001       1.46      1.16      0.28  0.        4128.807       -417.010       4110.491    0.000  -0.138   0.380   0.
  2017 352 11 10 12 510 352.465422575       2.12      2.05      0.01  0.        4128.581       -415.253       4112.725    0.000  -0.138   0.380   0.
  2017 352 11 10 13 510 352.465434149       1.89      2.06      0.40  0.        4128.354       -413.495       4114.959    0.000  -0.138   0.380   0.
  2017 352 11 10 14 510 352.465445723       1.32      1.92      0.09  0.        4128.126       -411.737       4117.191    0.000  -0.138   0.380   0.
  2017 352 11 10 15 510 352.465457297       0.53      1.70     -0.02  0.        4127.897       -409.980       4119.423    0.000  -0.138   0.380   0.
  2017 352 11 10 16 510 352.465468871       0.29      1.69      0.14  0.        4127.668       -408.222       4121.653    0.000  -0.138   0.380   0.
  2017 352 11 10 17 510 352.465480446       0.60      1.58      0.41  0.        4127.437       -406.464       4123.883    0.000  -0.138   0.380   0.
  2017 352 11 10 18 510 352.465492020       1.02      1.50      0.78  0.        4127.206       -404.706       4126.112    0.000  -0.138   0.380   0.
  2017 352 11 10 19 510 352.465503594       1.16      1.40      0.49  0.        4126.973       -402.948       4128.340    0.000  -0.138   0.380   0.
  2017 352 11 10 20 510 352.465515168       1.00      1.57      0.58  0.        4126.740       -401.190       4130.568    0.000  -0.138   0.380   0.
  2017 352 11 10 21 510 352.465526742       0.86      1.80      0.17  0.        4126.506       -399.431       4132.794    0.000  -0.138   0.380   0.
  2017 352 11 10 22 510 352.465538316       0.64      1.69      0.00  0.        4126.271       -397.673       4135.019    0.000  -0.138   0.380   0.
  2017 352 11 10 23 510 352.465549890       0.74      1.68      0.02  0.        4126.035       -395.915       4137.244    0.000  -0.138   0.380   0.
  2017 352 11 10 24 510 352.465561464       0.78      1.38     -0.20  0.        4125.798       -394.156       4139.468    0.000  -0.138   0.380   0.
  2017 352 11 10 25 510 352.465573038       0.32      1.42     -0.25  0.        4125.561       -392.398       4141.690    0.000  -0.138   0.380   0.
  2017 352 11 10 26 510 352.465584609       0.57      1.53     -0.00  0.        4125.322       -390.639       4143.912    0.000  -0.138   0.380   0.
  2017 352 11 10 27 510 352.465596183       0.22      1.58     -0.12  0.        4125.083       -388.880       4146.133    0.000  -0.138   0.380   0.
  2017 352 11 10 28 510 352.465607758       0.09      1.64      0.23  0.        4124.843       -387.121       4148.353    0.000  -0.138   0.380   0.
  2017 352 11 10 29 510 352.465619332       0.51      1.34      0.37  0.        4124.602       -385.362       4150.573    0.000  -0.138   0.380   0.
  2017 352 11 10 30 510 352.465630906       0.91      1.36      0.28  0.        4124.360       -383.603       4152.791    0.000  -0.138   0.380   0.
  2017 352 11 10 31 510 352.465642480       1.20      1.38      0.07  0.        4124.117       -381.844       4155.009    0.000  -0.138   0.380   0.
  2017 352 11 10 32 510 352.465654054       0.72      1.63      0.02  0.        4123.873       -380.085       4157.225    0.000  -0.138   0.380   0.
  2017 352 11 10 33 510 352.465665628      -0.31      2.07     -0.19  0.        4123.628       -378.326       4159.441    0.000  -0.138   0.380   0.
  2017 352 11 10 34 510 352.465677202      -0.35      1.77     -0.33  0.        4123.383       -376.567       4161.656    0.000  -0.138   0.380   0.
  2017 352 11 10 35 510 352.465688776       0.21      1.50     -0.14  0.        4123.137       -374.807       4163.870    0.000  -0.138   0.380   0.
  2017 352 11 10 36 510 352.465700350       0.66      1.46      0.13  0.        4122.890       -373.048       4166.083    0.000  -0.138   0.380   0.
  2017 352 11 10 37 510 352.465711924       0.77      1.44      0.38  0.        4122.641       -371.289       4168.295    0.000  -0.138   0.380   0.
  2017 352 11 10 38 510 352.465723498       0.48      1.56      0.10  0.        4122.393       -369.529       4170.506    0.000  -0.138   0.380   0.
  2017 352 11 10 39 510 352.465735072       0.29      1.60     -0.26  0.        4122.143       -367.768       4172.717    0.000  -0.138   0.380   0.
  2017 352 11 10 40 510 352.465746646       0.37      1.57     -0.27  0.        4121.892       -366.009       4174.926    0.000  -0.138   0.380   0.
  2017 352 11 10 41 510 352.465758220       0.83      1.69     -0.31  0.        4121.641       -364.250       4177.135    0.000  -0.138   0.380   0.
  2017 352 11 10 42 510 352.465769795       0.98      1.57      0.06  0.        4121.388       -362.489       4179.343    0.000  -0.138   0.380   0.
  2017 352 11 10 43 510 352.465781369       0.55      1.56      0.31  0.        4121.135       -360.730       4181.550    0.000  -0.138   0.380   0.
  2017 352 11 10 44 510 352.465792943       0.78      1.31      0.62  0.        4120.881       -358.970       4183.756    0.000  -0.138   0.380   0.
  2017 352 11 10 45 510 352.465804517       1.39      1.22      0.29  0.        4120.626       -357.209       4185.961    0.000  -0.138   0.380   0.
  2017 352 11 10 46 510 352.465816091       1.31      1.53     -0.03  0.        4120.370       -355.448       4188.166    0.000  -0.138   0.380   0.
  2017 352 11 10 47 510 352.465827665       1.17      1.80     -0.05  0.        4120.113       -353.689       4190.369    0.000  -0.138   0.380   0.
  2017 352 11 10 48 510 352.465839239       0.99      1.66     -0.37  0.        4119.855       -351.928       4192.572    0.000  -0.138   0.380   0.
  2017 352 11 10 49 510 352.465850813       0.81      1.44     -0.55  0.        4119.597       -350.168       4194.773    0.000  -0.138   0.380   0.
  2017 352 11 10 50 510 352.465862387       0.28      1.51     -0.69  0.        4119.338       -348.407       4196.974    0.000  -0.138   0.380   0.
  2017 352 11 10 51 510 352.465873961      -0.16      1.80     -0.65  0.        4119.078       -346.647       4199.174    0.000  -0.138   0.380   0.
  2017 352 11 10 52 510 352.465885535      -0.13      1.99     -0.24  0.        4118.817       -344.886       4201.373    0.000  -0.138   0.380   0.
  2017 352 11 10 53 510 352.465897109       0.70      1.74      0.24  0.        4118.555       -343.125       4203.571    0.000  -0.138   0.380   0.
  2017 352 11 10 54 510 352.465908683       1.18      1.27     -0.01  0.        4118.292       -341.364       4205.768    0.000  -0.138   0.380   0.
  2017 352 11 10 55 509 352.465920257       0.91      1.73     -0.95  0.        4118.028       -339.603       4207.965    0.000  -0.138   0.380   0.
  2017 352 11 10 56 510 352.465931829       0.86      1.81     -1.11  0.        4117.764       -337.842       4210.160    0.000  -0.138   0.380   0.
  2017 352 11 10 57 510 352.465943403       1.18      1.40     -0.79  0.        4117.498       -336.081       4212.355    0.000  -0.138   0.380   0.
  2017 352 11 10 58 510 352.465954977       1.02      1.42     -0.18  0.        4117.232       -334.320       4214.549    0.000  -0.138   0.380   0.
  2017 352 11 10 59 510 352.465966551       1.08      1.37      0.31  0.        4116.965       -332.559       4216.742    0.000  -0.138   0.380   0.
  2017 352 11 11  0 509 352.465978125       1.14      1.45      0.27  0.        4116.697       -330.798       4218.934    0.000  -0.138   0.380   0.
  2017 352 11 11  1 509 352.465989699       1.07      1.41     -0.00  0.        4116.429       -329.036       4221.125    0.000  -0.138   0.380   0.
  2017 352 11 11  2 509 352.466001273       1.04      1.43     -0.14  0.        4116.159       -327.275       4223.315    0.000  -0.138   0.380   0.
  2017 352 11 11  3 509 352.466012847       0.61      1.50     -0.34  0.        4115.889       -325.513       4225.505    0.000  -0.138   0.380   0.
  2017 352 11 11  4 509 352.466024421       0.84      1.59     -0.45  0.        4115.617       -323.752       4227.693    0.000  -0.138   0.380   0.
  2017 352 11 11  5 510 352.466035995       0.54      1.88     -0.65  0.        4115.345       -321.990       4229.881    0.000  -0.138   0.380   0.
  2017 352 11 11  6 510 352.466047569       0.60      1.44     -0.02  0.        4115.072       -320.229       4232.067    0.000  -0.138   0.380   0.
  2017 352 11 11  7 509 352.466059143       1.01      1.45     -0.05  0.        4114.798       -318.467       4234.253    0.000  -0.138   0.380   0.
  2017 352 11 11  8 509 352.466070718       0.97      1.41     -0.02  0.        4114.523       -316.705       4236.438    0.000  -0.138   0.380   0.
  2017 352 11 11  9 510 352.466082292       1.45      1.62     -0.23  0.        4114.248       -314.943       4238.622    0.000  -0.138   0.380   0.
  2017 352 11 11 10 510 352.466093866       1.18      1.83     -0.34  0.        4113.971       -313.181       4240.806    0.000  -0.138   0.380   0.
  2017 352 11 11 11 510 352.466105440       0.28      1.83     -0.16  0.        4113.694       -311.419       4242.988    0.000  -0.138   0.380   0.
  2017 352 11 11 12 510 352.466117014       0.40      1.86     -0.22  0.        4113.416       -309.657       4245.170    0.000  -0.138   0.380   0.
  2017 352 11 11 13 510 352.466128588       0.67      1.65     -0.38  0.        4113.137       -307.895       4247.350    0.000  -0.138   0.380   0.
  2017 352 11 11 14 509 352.466140162       0.34      2.33     -1.14  0.        4112.857       -306.133       4249.530    0.000  -0.138   0.380   0.
  2017 352 11 11 15 509 352.466151736      -0.02      1.97     -0.28  0.        4112.577       -304.371       4251.709    0.000  -0.138   0.380   0.
  2017 352 11 11 16 509 352.466163310       1.03      1.58      0.47  0.        4112.295       -302.609       4253.887    0.000  -0.138   0.380   0.
  2017 352 11 11 17 509 352.466174884       0.70      1.72      0.60  0.        4112.013       -300.846       4256.064    0.000  -0.138   0.380   0.
  2017 352 11 11 18 509 352.466186458       1.25      1.23      0.69  0.        4111.730       -299.084       4258.240    0.000  -0.138   0.380   0.
  2017 352 11 11 19 510 352.466198032       1.05      1.33      0.71  0.        4111.446       -297.321       4260.416    0.000  -0.138   0.380   0.
  2017 352 11 11 20 510 352.466209606       1.19      1.53      0.39  0.        4111.161       -295.559       4262.590    0.000  -0.138   0.380   0.
  2017 352 11 11 21 509 352.466221181       0.82      1.69     -0.09  0.        4110.875       -293.796       4264.764    0.000  -0.138   0.380   0.
  2017 352 11 11 22 509 352.466232755       0.47      1.62      0.08  0.        4110.588       -292.033       4266.936    0.000  -0.138   0.380   0.
  2017 352 11 11 23 510 352.466244329       0.59      1.55      0.02  0.        4110.301       -290.271       4269.108    0.000  -0.138   0.380   0.
  2017 352 11 11 24 510 352.466255903      -0.22      2.31     -0.19  0.        4110.013       -288.508       4271.279    0.000  -0.138   0.380   0.
  2017 352 11 11 25 510 352.466267477      -0.26      1.91      0.31  0.        4109.724       -286.745       4273.449    0.000  -0.138   0.380   0.
  2017 352 11 11 26 509 352.466279048       0.10      1.54      0.06  0.        4109.434       -284.982       4275.619    0.000  -0.138   0.380   0.
  2017 352 11 11 27 509 352.466290622       0.27      1.40     -0.33  0.        4109.143       -283.219       4277.787    0.000  -0.138   0.380   0.
  2017 352 11 11 28 509 352.466302196       0.36      1.44     -0.03  0.        4108.852       -281.456       4279.955    0.000  -0.138   0.380   0.
  2017 352 11 11 29 509 352.466313770       0.55      1.76     -0.19  0.        4108.559       -279.693       4282.121    0.000  -0.138   0.380   0.
  2017 352 11 11 30 509 352.466325344       0.79      1.57      0.01  0.        4108.266       -277.930       4284.287    0.000  -0.138   0.380   0.
  2017 352 11 11 31 509 352.466336918       0.72      1.62     -0.30  0.        4107.972       -276.167       4286.452    0.000  -0.138   0.380   0.
  2017 352 11 11 32 509 352.466348492       0.27      1.66     -0.40  0.        4107.677       -274.404       4288.616    0.000  -0.138   0.380   0.
  2017 352 11 11 33 509 352.466360067       0.11      1.70      0.05  0.        4107.381       -272.640       4290.779    0.000  -0.138   0.380   0.
  2017 352 11 11 34 509 352.466371641       0.36      1.62      0.59  0.        4107.084       -270.877       4292.941    0.000  -0.138   0.380   0.
  2017 352 11 11 35 509 352.466383215       0.88      1.46      0.44  0.        4106.787       -269.113       4295.103    0.000  -0.138   0.380   0.
  2017 352 11 11 36 509 352.466394789       1.51      1.27      0.46  0.        4106.489       -267.350       4297.263    0.000  -0.138   0.380   0.
  2017 352 11 11 37 509 352.466406363       1.49      1.46      0.16  0.        4106.190       -265.586       4299.423    0.000  -0.138   0.380   0.
  2017 352 11 11 38 509 352.466417937       0.78      1.62     -0.30  0.        4105.890       -263.823       4301.582    0.000  -0.138   0.380   0.
  2017 352 11 11 39 509 352.466429511       0.35      1.57     -0.35  0.        4105.589       -262.059       4303.739    0.000  -0.138   0.380   0.
  2017 352 11 11 40 509 352.466441085       0.06      1.71     -0.48  0.        4105.287       -260.296       4305.896    0.000  -0.138   0.380   0.
  2017 352 11 11 41 509 352.466452659       0.32      1.64     -0.46  0.        4104.985       -258.532       4308.053    0.000  -0.138   0.380   0.
  2017 352 11 11 42 509 352.466464233       0.41      1.55     -0.26  0.        4104.681       -256.768       4310.208    0.000  -0.138   0.380   0.
  2017 352 11 11 43 509 352.466475807       0.90      1.89      0.04  0.        4104.377       -255.004       4312.362    0.000  -0.138   0.380   0.
  2017 352 11 11 44 509 352.466487381       0.59      2.49     -0.63  0.        4104.072       -253.240       4314.516    0.000  -0.138   0.380   0.
  2017 352 11 11 45 509 352.466498955       0.40      1.99     -0.70  0.        4103.767       -251.476       4316.669    0.000  -0.138   0.380   0.
  2017 352 11 11 46 509 352.466510529       0.10      1.49     -0.90  0.        4103.460       -249.712       4318.820    0.000  -0.138   0.380   0.
  2017 352 11 11 47 509 352.466522104      -0.11      1.64     -0.19  0.        4103.153       -247.948       4320.971    0.000  -0.138   0.380   0.
  2017 352 11 11 48 509 352.466533678       0.46      1.81     -0.57  0.        4102.845       -246.184       4323.121    0.000  -0.138   0.380   0.
  2017 352 11 11 49 509 352.466545252       0.34      1.60     -0.95  0.        4102.535       -244.420       4325.271    0.000  -0.138   0.380   0.
  2017 352 11 11 50 509 352.466556826       0.46      1.48     -0.56  0.        4102.226       -242.656       4327.419    0.000  -0.138   0.380   0.
  2017 352 11 11 51 509 352.466568400       0.46      1.55     -0.37  0.        4101.915       -240.892       4329.566    0.000  -0.138   0.380   0.
  2017 352 11 11 52 509 352.466579974       0.57      1.37      0.26  0.        4101.603       -239.127       4331.713    0.000  -0.138   0.380   0.
  2017 352 11 11 53 509 352.466591548       1.01      1.24      0.00  0.        4101.291       -237.363       4333.859    0.000  -0.138   0.380   0.
  2017 352 11 11 54 509 352.466603122       1.07      1.07     -0.09  0.        4100.978       -235.599       4336.003    0.000  -0.138   0.380   0.
  2017 352 11 11 55 509 352.466614696       0.71      1.31     -0.13  0.        4100.664       -233.834       4338.147    0.000  -0.138   0.380   0.
  2017 352 11 11 56 509 352.466626267       0.64      1.25      0.08  0.        4100.349       -232.070       4340.290    0.000  -0.138   0.380   0.
  2017 352 11 11 57 509 352.466637841       0.70      1.42     -0.30  0.        4100.033       -230.305       4342.433    0.000  -0.138   0.380   0.
  2017 352 11 11 58 509 352.466649416       0.50      1.43      0.10  0.        4099.717       -228.541       4344.574    0.000  -0.138   0.380   0.
  2017 352 11 11 59 509 352.466660990       0.78      1.67      0.08  0.        4099.400       -226.776       4346.714    0.000  -0.138   0.380   0.
  2017 352 11 12  0 509 352.466672564       0.85      1.67      0.06  0.        4099.082       -225.011       4348.854    0.000  -0.138   0.380   0.
  2017 352 11 12  1 509 352.466684138       0.27      1.99     -0.58  0.        4098.763       -223.247       4350.993    0.000  -0.138   0.380   0.
  2017 352 11 12  2 509 352.466695712       0.46      1.68     -0.43  0.        4098.443       -221.482       4353.131    0.000  -0.138   0.380   0.
  2017 352 11 12  3 509 352.466707286      -0.61      1.87      0.07  0.        4098.122       -219.717       4355.268    0.000  -0.138   0.380   0.
  2017 352 11 12  4 509 352.466718860       0.40      2.15     -0.03  0.        4097.801       -217.952       4357.404    0.000  -0.138   0.380   0.
  2017 352 11 12  5 509 352.466730434       1.22      1.36      0.40  0.        4097.479       -216.187       4359.539    0.000  -0.138   0.380   0.
  2017 352 11 12  6 509 352.466742008       1.80      1.01      1.03  0.        4097.156       -214.422       4361.673    0.000  -0.138   0.380   0.
  2017 352 11 12  7 509 352.466753582       2.05      1.17      0.39  0.        4096.832       -212.657       4363.807    0.000  -0.138   0.380   0.
  2017 352 11 12  8 509 352.466765156       1.29      1.61     -0.36  0.        4096.507       -210.892       4365.940    0.000  -0.138   0.380   0.
  2017 352 11 12  9 509 352.466776730       1.17      1.43     -0.27  0.        4096.182       -209.127       4368.071    0.000  -0.138   0.380   0.
  2017 352 11 12 10 509 352.466788304       1.14      1.65     -0.38  0.        4095.856       -207.362       4370.202    0.000  -0.138   0.380   0.
  2017 352 11 12 11 509 352.466799879       0.65      1.46      0.09  0.        4095.528       -205.597       4372.332    0.000  -0.138   0.380   0.
  2017 352 11 12 12 509 352.466811452       0.87      1.27     -0.22  0.        4095.201       -203.832       4374.461    0.000  -0.138   0.380   0.
  2017 352 11 12 13 509 352.466823027       0.42      1.38      0.04  0.        4094.872       -202.067       4376.590    0.000  -0.138   0.380   0.
  2017 352 11 12 14 509 352.466834601       0.21      1.38     -0.45  0.        4094.542       -200.301       4378.717    0.000  -0.138   0.380   0.
  2017 352 11 12 15 509 352.466846175      -0.18      1.60     -0.63  0.        4094.212       -198.536       4380.844    0.000  -0.138   0.380   0.
  2017 352 11 12 16 509 352.466857749       0.23      1.39     -0.44  0.        4093.881       -196.771       4382.970    0.000  -0.138   0.380   0.
  2017 352 11 12 17 509 352.466869323       0.33      1.18     -0.26  0.        4093.549       -195.005       4385.094    0.000  -0.138   0.380   0.
  2017 352 11 12 18 509 352.466880897       0.56      1.17     -0.09  0.        4093.216       -193.240       4387.218    0.000  -0.138   0.380   0.
  2017 352 11 12 19 509 352.466892471       0.68      1.40     -0.49  0.        4092.883       -191.474       4389.342    0.000  -0.138   0.380   0.
  2017 352 11 12 20 509 352.466904045       0.36      1.34     -0.20  0.        4092.548       -189.709       4391.464    0.000  -0.138   0.380   0.
  2017 352 11 12 21 509 352.466915619       0.66      1.18     -0.28  0.        4092.213       -187.943       4393.585    0.000  -0.138   0.380   0.
  2017 352 11 12 22 509 352.466927193       0.29      1.53     -0.26  0.        4091.877       -186.178       4395.706    0.000  -0.138   0.380   0.
  2017 352 11 12 23 509 352.466938767       0.40      1.57      0.12  0.        4091.540       -184.412       4397.825    0.000  -0.138   0.380   0.
  2017 352 11 12 24 509 352.466950341       0.58      1.22      0.59  0.        4091.203       -182.647       4399.944    0.000  -0.138   0.380   0.
  2017 352 11 12 25 509 352.466961915       0.93      1.00      0.79  0.        4090.864       -180.881       4402.062    0.000  -0.138   0.380   0.
  2017 352 11 12 26 509 352.466973487       1.34      1.48      0.07  0.        4090.525       -179.115       4404.179    0.000  -0.138   0.380   0.
  2017 352 11 12 27 509 352.466985061       0.62      1.79     -0.55  0.        4090.185       -177.349       4406.295    0.000  -0.138   0.380   0.
  2017 352 11 12 28 509 352.466996635       0.30      1.58     -0.41  0.        4089.844       -175.584       4408.410    0.000  -0.138   0.380   0.
  2017 352 11 12 29 509 352.467008209       0.33      1.48     -0.10  0.        4089.503       -173.818       4410.525    0.000  -0.138   0.380   0.
  2017 352 11 12 30 509 352.467019783       1.16      1.32      0.10  0.        4089.160       -172.052       4412.638    0.000  -0.138   0.380   0.
  2017 352 11 12 31 509 352.467031357       1.31      1.32     -0.07  0.        4088.817       -170.286       4414.751    0.000  -0.138   0.380   0.
  2017 352 11 12 32 509 352.467042931       1.16      1.46      0.25  0.        4088.473       -168.520       4416.863    0.000  -0.138   0.380   0.
  2017 352 11 12 33 509 352.467054505       1.54      1.24      0.43  0.        4088.128       -166.754       4418.974    0.000  -0.138   0.380   0.
  2017 352 11 12 34 509 352.467066079       1.91      1.26      0.37  0.        4087.783       -164.988       4421.084    0.000  -0.138   0.380   0.
  2017 352 11 12 35 509 352.467077653       2.37      1.06      0.75  0.        4087.436       -163.222       4423.193    0.000  -0.138   0.380   0.
  2017 352 11 12 36 509 352.467089227       2.03      1.43      1.13  0.        4087.089       -161.456       4425.302    0.000  -0.138   0.380   0.
  2017 352 11 12 37 509 352.467100802       1.49      1.16      1.00  0.        4086.741       -159.690       4427.409    0.000  -0.138   0.380   0.
  2017 352 11 12 38 509 352.467112376       1.44      1.04      0.84  0.        4086.392       -157.924       4429.516    0.000  -0.138   0.380   0.
  2017 352 11 12 39 509 352.467123950       1.25      1.10      0.67  0.        4086.043       -156.158       4431.621    0.000  -0.138   0.380   0.
  2017 352 11 12 40 509 352.467135524       0.74      1.27      0.26  0.        4085.692       -154.392       4433.726    0.000  -0.138   0.380   0.
  2017 352 11 12 41 509 352.467147098       0.25      1.27      0.51  0.        4085.341       -152.625       4435.830    0.000  -0.138   0.380   0.
  2017 352 11 12 42 509 352.467158672       0.29      1.25      0.39  0.        4084.989       -150.859       4437.934    0.000  -0.138   0.380   0.
  2017 352 11 12 43 509 352.467170246       0.60      1.23      0.02  0.        4084.636       -149.093       4440.036    0.000  -0.138   0.380   0.
  2017 352 11 12 44 509 352.467181820       0.68      1.52     -0.35  0.        4084.283       -147.327       4442.137    0.000  -0.138   0.380   0.
  2017 352 11 12 45 509 352.467193394       0.72      1.46      0.11  0.        4083.928       -145.560       4444.238    0.000  -0.138   0.380   0.
  2017 352 11 12 46 509 352.467204968       1.26      1.45     -0.28  0.        4083.573       -143.794       4446.338    0.000  -0.138   0.380   0.
  2017 352 11 12 47 509 352.467216542       1.18      1.55      0.54  0.        4083.217       -142.028       4448.437    0.000  -0.138   0.380   0.
  2017 352 11 12 48 509 352.467228116       1.10      1.29      0.93  0.        4082.861       -140.261       4450.535    0.000  -0.138   0.380   0.
  2017 352 11 12 49 509 352.467239690       1.26      1.12      0.34  0.        4082.503       -138.495       4452.632    0.000  -0.138   0.380   0.
  2017 352 11 12 50 509 352.467251264       0.60      1.58      0.26  0.        4082.145       -136.728       4454.728    0.000  -0.138   0.380   0.
  2017 352 11 12 51 509 352.467262839       1.54      0.63      0.27  0.        4081.786       -134.962       4456.823    0.000  -0.138   0.380   0.
  2017 352 11 12 52 509 352.467274413       1.17      2.31      0.53  0.        4081.426       -133.195       4458.918    0.000  -0.138   0.380   0.
  2017 352 11 12 53 509 352.467285987       1.69      2.06      0.93  0.        4081.065       -131.429       4461.012    0.000  -0.138   0.380   0.
  2017 352 11 12 54 509 352.467297561       1.38      1.57      0.32  0.        4080.704       -129.662       4463.105    0.000  -0.138   0.380   0.
  2017 352 11 12 55 509 352.467309134       0.60      1.73     -0.61  0.        4080.341       -127.896       4465.196    0.000  -0.138   0.380   0.
  2017 352 11 12 56 508 352.467320706       0.47      1.63     -0.55  0.        4079.978       -126.129       4467.288    0.000  -0.138   0.380   0.
  2017 352 11 12 57 508 352.467332280       0.75      1.70     -0.89  0.        4079.614       -124.362       4469.378    0.000  -0.138   0.380   0.
  2017 352 11 12 58 508 352.467343854      -0.01      1.73     -0.75  0.        4079.250       -122.596       4471.467    0.000  -0.138   0.380   0.
  2017 352 11 12 59 508 352.467355428      -0.05      1.58     -0.81  0.        4078.884       -120.829       4473.556    0.000  -0.138   0.380   0.
  2017 352 11 13  0 508 352.467367002       0.08      1.36     -0.53  0.        4078.518       -119.062       4475.643    0.000  -0.138   0.380   0.
  2017 352 11 13  1 509 352.467378576       0.01      1.49     -0.69  0.        4078.151       -117.295       4477.730    0.000  -0.138   0.380   0.
  2017 352 11 13  2 509 352.467390150      -0.11      1.76     -0.95  0.        4077.784       -115.529       4479.816    0.000  -0.138   0.380   0.
  2017 352 11 13  3 508 352.467401725      -0.21      1.89     -0.27  0.        4077.415       -113.762       4481.901    0.000  -0.138   0.380   0.
  2017 352 11 13  4 508 352.467413299       0.15      2.02     -0.38  0.        4077.046       -111.995       4483.985    0.000  -0.138   0.380   0.
  2017 352 11 13  5 509 352.467424873       0.51      1.62      0.30  0.        4076.675       -110.228       4486.069    0.000  -0.138   0.380   0.
  2017 352 11 13  6 509 352.467436447       0.45      1.40      0.59  0.        4076.305       -108.462       4488.151    0.000  -0.138   0.380   0.
  2017 352 11 13  7 509 352.467448021       0.09      1.47      0.87  0.        4075.933       -106.695       4490.233    0.000  -0.138   0.380   0.
  2017 352 11 13  8 509 352.467459595       0.94      1.43      1.33  0.        4075.560       -104.928       4492.314    0.000  -0.138   0.380   0.
  2017 352 11 13  9 509 352.467471169       1.70      1.63      0.26  0.        4075.187       -103.161       4494.394    0.000  -0.138   0.380   0.
  2017 352 11 13 10 508 352.467482743       0.59      2.31     -0.43  0.        4074.813       -101.394       4496.472    0.000  -0.138   0.380   0.
  2017 352 11 13 11 508 352.467494317       0.39      2.37     -0.31  0.        4074.438        -99.627       4498.551    0.000  -0.138   0.380   0.
  2017 352 11 13 12 508 352.467505891      -0.59      3.11      0.02  0.        4074.063        -97.860       4500.628    0.000  -0.138   0.380   0.
  2017 352 11 13 13 508 352.467517465      -0.33      2.49      0.08  0.        4073.686        -96.093       4502.704    0.000  -0.138   0.380   0.
  2017 352 11 13 14 508 352.467529039       0.07      1.66     -0.20  0.        4073.309        -94.326       4504.780    0.000  -0.138   0.380   0.
  2017 352 11 13 15 509 352.467540613      -0.08      1.54      0.23  0.        4072.931        -92.559       4506.855    0.000  -0.138   0.380   0.
  2017 352 11 13 16 509 352.467552187       0.26      1.28      0.31  0.        4072.553        -90.792       4508.929    0.000  -0.138   0.380   0.
  2017 352 11 13 17 508 352.467563762       0.58      1.25      0.18  0.        4072.173        -89.025       4511.002    0.000  -0.138   0.380   0.
  2017 352 11 13 18 508 352.467575336       0.81      1.21      0.31  0.        4071.793        -87.258       4513.074    0.000  -0.138   0.380   0.
  2017 352 11 13 19 509 352.467586910       0.81      1.36      0.53  0.        4071.412        -85.491       4515.145    0.000  -0.138   0.380   0.
  2017 352 11 13 20 509 352.467598484       0.80      1.59     -0.02  0.        4071.030        -83.724       4517.215    0.000  -0.138   0.380   0.
  2017 352 11 13 21 509 352.467610058       0.67      1.57     -0.13  0.        4070.648        -81.956       4519.285    0.000  -0.138   0.380   0.
  2017 352 11 13 22 509 352.467621632       0.63      1.61     -0.10  0.        4070.264        -80.189       4521.354    0.000  -0.138   0.380   0.
  2017 352 11 13 23 508 352.467633206       0.26      1.58      0.01  0.        4069.880        -78.422       4523.422    0.000  -0.138   0.380   0.
  2017 352 11 13 24 508 352.467644780       0.81      1.01     -0.01  0.        4069.495        -76.655       4525.489    0.000  -0.138   0.380   0.
  2017 352 11 13 25 508 352.467656354       0.98      1.07     -0.34  0.        4069.110        -74.888       4527.555    0.000  -0.138   0.380   0.
  2017 352 11 13 26 508 352.467667925       0.58      1.53     -0.00  0.        4068.723        -73.121       4529.620    0.000  -0.138   0.380   0.
  2017 352 11 13 27 508 352.467679499       0.44      1.77      0.18  0.        4068.336        -71.353       4531.685    0.000  -0.138   0.380   0.
  2017 352 11 13 28 508 352.467691073      -0.12      1.62      0.32  0.        4067.948        -69.586       4533.748    0.000  -0.138   0.380   0.
  2017 352 11 13 29 508 352.467702648       0.06      1.62      0.38  0.        4067.560        -67.819       4535.811    0.000  -0.138   0.380   0.
  2017 352 11 13 30 508 352.467714222       0.78      1.56     -0.22  0.        4067.170        -66.052       4537.873    0.000  -0.138   0.380   0.
  2017 352 11 13 31 508 352.467725796       0.15      1.85     -0.31  0.        4066.780        -64.284       4539.934    0.000  -0.138   0.380   0.
  2017 352 11 13 32 508 352.467737370       0.36      1.28      0.56  0.        4066.389        -62.517       4541.994    0.000  -0.138   0.380   0.
  2017 352 11 13 33 508 352.467748944       1.10      1.13     -0.28  0.        4065.997        -60.750       4544.053    0.000  -0.138   0.380   0.
  2017 352 11 13 34 508 352.467760518       0.93      1.29     -0.42  0.        4065.604        -58.983       4546.111    0.000  -0.138   0.380   0.
  2017 352 11 13 35 508 352.467772092       0.63      1.26      0.39  0.        4065.211        -57.215       4548.169    0.000  -0.138   0.380   0.
  2017 352 11 13 36 508 352.467783666       1.52      0.68      0.18  0.        4064.817        -55.448       4550.226    0.000  -0.138   0.380   0.
  2017 352 11 13 37 508 352.467795240       0.78      1.20     -0.47  0.        4064.422        -53.681       4552.282    0.000  -0.138   0.380   0.
  2017 352 11 13 38 508 352.467806814       0.80      1.68     -1.16  0.        4064.027        -51.913       4554.337    0.000  -0.138   0.380   0.
  2017 352 11 13 39 508 352.467818388      -0.01      2.34     -1.34  0.        4063.630        -50.146       4556.391    0.000  -0.138   0.380   0.
  2017 352 11 13 40 508 352.467829962      -0.15      2.07     -0.70  0.        4063.233        -48.379       4558.444    0.000  -0.138   0.380   0.
  2017 352 11 13 41 508 352.467841536       0.75      1.63     -0.67  0.        4062.835        -46.611       4560.497    0.000  -0.138   0.380   0.
  2017 352 11 13 42 508 352.467853111       1.17      1.02     -0.41  0.        4062.437        -44.844       4562.548    0.000  -0.138   0.380   0.
  2017 352 11 13 43 508 352.467864685       0.77      1.36     -0.18  0.        4062.037        -43.076       4564.599    0.000  -0.138   0.380   0.
  2017 352 11 13 44 508 352.467876259       0.35      1.45     -0.17  0.        4061.637        -41.309       4566.649    0.000  -0.138   0.380   0.
  2017 352 11 13 45 508 352.467887833       0.52      1.19     -0.43  0.        4061.236        -39.542       4568.698    0.000  -0.138   0.380   0.
  2017 352 11 13 46 508 352.467899407       0.64      1.66     -0.77  0.        4060.834        -37.774       4570.746    0.000  -0.138   0.380   0.
  2017 352 11 13 47 508 352.467910981       0.26      1.71     -0.54  0.        4060.432        -36.007       4572.793    0.000  -0.138   0.380   0.
  2017 352 11 13 48 508 352.467922555       0.72      1.12      0.08  0.        4060.029        -34.239       4574.840    0.000  -0.138   0.380   0.
  2017 352 11 13 49 508 352.467934129      -0.19      1.65     -0.42  0.        4059.625        -32.472       4576.885    0.000  -0.138   0.380   0.
  2017 352 11 13 50 508 352.467945703      -0.23      1.60      0.12  0.        4059.220        -30.705       4578.930    0.000  -0.138   0.380   0.
  2017 352 11 13 51 508 352.467957277      -0.94      2.18     -0.11  0.        4058.814        -28.937       4580.974    0.000  -0.138   0.380   0.
  2017 352 11 13 52 508 352.467968851      -1.34      1.83     -0.18  0.        4058.408        -27.170       4583.017    0.000  -0.138   0.380   0.
  2017 352 11 13 53 508 352.467980425      -0.69      1.46     -0.08  0.        4058.001        -25.402       4585.059    0.000  -0.138   0.380   0.
  2017 352 11 13 54 508 352.467991999       0.26      1.50     -0.21  0.        4057.593        -23.635       4587.100    0.000  -0.139   0.381   0.
  2017 352 11 13 55 508 352.468003573       0.27      1.74     -0.44  0.        4057.185        -21.867       4589.141    0.000  -0.139   0.381   0.
  2017 352 11 13 56 508 352.468015145       0.76      1.29     -0.35  0.        4056.776        -20.100       4591.180    0.000  -0.138   0.380   0.
  2017 352 11 13 57 508 352.468026719       1.12      1.05     -0.26  0.        4056.366        -18.332       4593.219    0.000  -0.138   0.380   0.
  2017 352 11 13 58 508 352.468038293       1.31      0.82     -0.08  0.        4055.955        -16.565       4595.257    0.000  -0.138   0.380   0.
  2017 352 11 13 59 508 352.468049867       1.29      0.81      0.43  0.        4055.543        -14.797       4597.294    0.000  -0.138   0.380   0.
  2017 352 11 14  0 508 352.468061441       1.22      1.10      0.08  0.        4055.131        -13.030       4599.330    0.000  -0.138   0.380   0.
  2017 352 11 14  1 508 352.468073015       0.79      1.56      0.08  0.        4054.718        -11.262       4601.365    0.000  -0.138   0.380   0.
  2017 352 11 14  2 508 352.468084589       1.01      1.32     -0.31  0.        4054.304         -9.495       4603.400    0.000  -0.138   0.380   0.
  2017 352 11 14  3 508 352.468096163       1.37      0.86      0.38  0.        4053.890         -7.727       4605.434    0.000  -0.138   0.380   0.
  2017 352 11 14  4 508 352.468107737       0.92      1.71      0.40  0.        4053.474         -5.960       4607.466    0.000  -0.138   0.380   0.
  2017 352 11 14  5 508 352.468119311       0.78      1.88     -0.10  0.        4053.059         -4.192       4609.498    0.000  -0.138   0.380   0.
  2017 352 11 14  6 508 352.468130885       0.25      1.90     -0.84  0.        4052.642         -2.425       4611.529    0.000  -0.138   0.380   0.
  2017 352 11 14  7 508 352.468142460       0.14      1.86     -0.54  0.        4052.224         -0.657       4613.560    0.000  -0.138   0.380   0.
  2017 352 11 14  8 508 352.468154034       0.49      1.35      0.29  0.        4051.806          1.110       4615.589    0.000  -0.138   0.380   0.
  2017 352 11 14  9 508 352.468165608       0.94      1.54      0.38  0.        4051.387          2.878       4617.617    0.000  -0.138   0.380   0.
  2017 352 11 14 10 508 352.468177182       1.04      1.42      0.69  0.        4050.967          4.645       4619.645    0.000  -0.138   0.380   0.
  2017 352 11 14 11 508 352.468188756       1.30      1.28      0.74  0.        4050.546          6.413       4621.672    0.000  -0.138   0.380   0.
  2017 352 11 14 12 508 352.468200330       0.84      1.35      0.32  0.        4050.125          8.180       4623.698    0.000  -0.138   0.380   0.
  2017 352 11 14 13 508 352.468211904       0.29      1.56      0.19  0.        4049.703          9.947       4625.723    0.000  -0.138   0.380   0.
  2017 352 11 14 14 508 352.468223478       0.36      1.62      0.08  0.        4049.280         11.715       4627.747    0.000  -0.138   0.380   0.
  2017 352 11 14 15 508 352.468235052       0.66      1.44      0.38  0.        4048.857         13.482       4629.771    0.000  -0.138   0.380   0.
  2017 352 11 14 16 508 352.468246626       0.85      1.42      0.69  0.        4048.433         15.250       4631.793    0.000  -0.138   0.380   0.
  2017 352 11 14 17 508 352.468258200       0.87      1.50      0.82  0.        4048.008         17.017       4633.815    0.000  -0.138   0.380   0.
  2017 352 11 14 18 508 352.468269774       1.44      1.04      0.41  0.        4047.582         18.785       4635.836    0.000  -0.138   0.380   0.
  2017 352 11 14 19 508 352.468281348       1.04      1.79     -0.37  0.        4047.156         20.552       4637.856    0.000  -0.138   0.380   0.
  2017 352 11 14 20 508 352.468292922       1.17      1.84     -1.24  0.        4046.728         22.320       4639.875    0.000  -0.138   0.380   0.
  2017 352 11 14 21 508 352.468304496       0.62      1.56     -0.64  0.        4046.300         24.087       4641.893    0.000  -0.138   0.380   0.
  2017 352 11 14 22 508 352.468316071       1.27      0.67      0.07  0.        4045.872         25.855       4643.910    0.000  -0.138   0.380   0.
  2017 352 11 14 23 508 352.468327645       1.08      0.56      0.30  0.        4045.442         27.622       4645.927    0.000  -0.138   0.380   0.
  2017 352 11 14 24 508 352.468339219       1.25      0.84     -0.52  0.        4045.012         29.390       4647.943    0.000  -0.138   0.380   0.
  2017 352 11 14 25 508 352.468350793      -0.13      1.50      0.02  0.        4044.581         31.157       4649.958    0.000  -0.138   0.380   0.
  2017 352 11 14 26 508 352.468362364       0.29      1.42     -0.03  0.        4044.149         32.925       4651.972    0.000  -0.138   0.380   0.
  2017 352 11 14 27 508 352.468373938       0.86      1.03     -0.02  0.        4043.717         34.692       4653.985    0.000  -0.138   0.380   0.
  2017 352 11 14 28 508 352.468385512       1.25      0.69      0.25  0.        4043.284         36.459       4655.997    0.000  -0.138   0.380   0.
  2017 352 11 14 29 508 352.468397086       1.15      0.74      0.73  0.        4042.850         38.227       4658.009    0.000  -0.138   0.380   0.
  2017 352 11 14 30 508 352.468408660       0.56      1.40      0.77  0.        4042.416         39.994       4660.019    0.000  -0.138   0.380   0.
  2017 352 11 14 31 508 352.468420234       0.71      1.24      0.13  0.        4041.980         41.762       4662.029    0.000  -0.138   0.380   0.
  2017 352 11 14 32 508 352.468431808       0.64      1.57     -0.14  0.        4041.544         43.529       4664.038    0.000  -0.138   0.380   0.
  2017 352 11 14 33 508 352.468443383       0.82      1.24     -0.44  0.        4041.108         45.297       4666.046    0.000  -0.138   0.380   0.
  2017 352 11 14 34 508 352.468454957       1.04      0.82     -0.12  0.        4040.670         47.064       4668.054    0.000  -0.138   0.380   0.
  2017 352 11 14 35 508 352.468466531       1.26      0.73      0.56  0.        4040.232         48.831       4670.060    0.000  -0.138   0.380   0.
  2017 352 11 14 36 508 352.468478105       1.18      1.38      0.40  0.        4039.793         50.599       4672.066    0.000  -0.138   0.380   0.
  2017 352 11 14 37 508 352.468489679       1.19      0.85      0.41  0.        4039.353         52.366       4674.070    0.000  -0.138   0.380   0.
  2017 352 11 14 38 508 352.468501253       0.60      1.11      0.35  0.        4038.913         54.133       4676.074    0.000  -0.138   0.380   0.
  2017 352 11 14 39 508 352.468512827       0.27      1.78      0.14  0.        4038.471         55.901       4678.077    0.000  -0.138   0.380   0.
  2017 352 11 14 40 508 352.468524401       0.45      1.59      0.06  0.        4038.029         57.668       4680.079    0.000  -0.138   0.380   0.
  2017 352 11 14 41 508 352.468535975       0.23      1.38     -0.16  0.        4037.587         59.435       4682.081    0.000  -0.138   0.380   0.
  2017 352 11 14 42 508 352.468547549       0.62      1.22     -0.11  0.        4037.143         61.203       4684.081    0.000  -0.138   0.380   0.
  2017 352 11 14 43 508 352.468559123       1.05      1.19     -0.67  0.        4036.699         62.970       4686.081    0.000  -0.138   0.380   0.
  2017 352 11 14 44 508 352.468570697       0.06      1.32      0.10  0.        4036.254         64.737       4688.079    0.000  -0.138   0.380   0.
  2017 352 11 14 45 508 352.468582271       0.58      0.62      0.61  0.        4035.809         66.505       4690.077    0.000  -0.138   0.380   0.
  2017 352 11 14 46 508 352.468593845       0.88      1.02     -0.31  0.        4035.363         68.272       4692.074    0.000  -0.138   0.380   0.
  2017 352 11 14 47 508 352.468605420       0.41      1.55     -0.53  0.        4034.916         70.039       4694.071    0.000  -0.138   0.380   0.
  2017 352 11 14 48 508 352.468616994       0.35      1.63     -0.82  0.        4034.468         71.806       4696.066    0.000  -0.138   0.380   0.
  2017 352 11 14 49 508 352.468628568       0.33      1.55     -0.24  0.        4034.019         73.574       4698.061    0.000  -0.138   0.380   0.
  2017 352 11 14 50 508 352.468640142       0.69      1.13      0.49  0.        4033.570         75.341       4700.054    0.000  -0.138   0.380   0.
  2017 352 11 14 51 508 352.468651716       1.59      0.75     -0.09  0.        4033.120         77.108       4702.047    0.000  -0.138   0.380   0.
  2017 352 11 14 52 508 352.468663290       1.40      0.80      0.01  0.        4032.670         78.875       4704.039    0.000  -0.138   0.380   0.
  2017 352 11 14 53 508 352.468674864       1.25      0.42      0.58  0.        4032.218         80.642       4706.030    0.000  -0.138   0.380   0.
  2017 352 11 14 54 508 352.468686438       1.49      0.17      0.70  0.        4031.766         82.410       4708.021    0.000  -0.138   0.380   0.
  2017 352 11 14 55 507 352.468698012       1.51      0.27      0.42  0.        4031.313         84.177       4710.010    0.000  -0.138   0.380   0.
  2017 352 11 14 56 507 352.468709583       1.59      0.46      0.34  0.        4030.860         85.944       4711.999    0.000  -0.138   0.380   0.
  2017 352 11 14 57 508 352.468721157       0.77      0.65      0.65  0.        4030.405         87.711       4713.986    0.000  -0.138   0.380   0.
  2017 352 11 14 58 508 352.468732731       0.47      1.05      0.88  0.        4029.951         89.478       4715.973    0.000  -0.138   0.380   0.
  2017 352 11 14 59 507 352.468744306       0.35      1.92      0.48  0.        4029.495         91.245       4717.959    0.000  -0.138   0.380   0.
  2017 352 11 15  0 507 352.468755880       0.66      1.33      0.51  0.        4029.038         93.012       4719.945    0.000  -0.138   0.380   0.
  2017 352 11 15  1 508 352.468767454       1.15      0.84      0.85  0.        4028.581         94.779       4721.929    0.000  -0.138   0.380   0.
  2017 352 11 15  2 508 352.468779028       1.20      0.60      0.61  0.        4028.123         96.546       4723.913    0.000  -0.138   0.380   0.
  2017 352 11 15  3 508 352.468790602       1.08      1.15      0.62  0.        4027.665         98.313       4725.895    0.000  -0.138   0.380   0.
  2017 352 11 15  4 508 352.468802176       0.58      1.66      0.83  0.        4027.205        100.080       4727.877    0.000  -0.138   0.380   0.
  2017 352 11 15  5 507 352.468813750       0.38      1.33      0.79  0.        4026.745        101.847       4729.858    0.000  -0.138   0.380   0.
  2017 352 11 15  6 507 352.468825324       0.81      0.89      0.46  0.        4026.285        103.614       4731.838    0.000  -0.138   0.380   0.
  2017 352 11 15  7 507 352.468836898       0.55      2.11     -0.46  0.        4025.823        105.381       4733.818    0.000  -0.138   0.380   0.
  2017 352 11 15  8 507 352.468848472      -0.07      1.96     -0.23  0.        4025.361        107.148       4735.796    0.000  -0.138   0.380   0.
  2017 352 11 15  9 507 352.468860046      -0.82      1.62      0.12  0.        4024.898        108.915       4737.774    0.000  -0.138   0.380   0.
  2017 352 11 15 10 508 352.468871620      -0.54      1.56      0.05  0.        4024.435        110.682       4739.751    0.000  -0.138   0.380   0.
  2017 352 11 15 11 508 352.468883194       0.15      1.44     -0.18  0.        4023.970        112.449       4741.727    0.000  -0.138   0.380   0.
  2017 352 11 15 12 507 352.468894769      -0.01      1.51      0.12  0.        4023.505        114.216       4743.702    0.000  -0.138   0.380   0.
  2017 352 11 15 13 507 352.468906343       0.95      1.14      0.02  0.        4023.039        115.982       4745.676    0.000  -0.138   0.380   0.
  2017 352 11 15 14 508 352.468917917       1.17      1.14      0.11  0.        4022.573        117.749       4747.649    0.000  -0.138   0.380   0.
  2017 352 11 15 15 508 352.468929491       1.28      1.74      0.25  0.        4022.106        119.516       4749.622    0.000  -0.138   0.380   0.
  2017 352 11 15 16 508 352.468941065       1.31      1.36      0.41  0.        4021.638        121.283       4751.594    0.000  -0.138   0.380   0.
  2017 352 11 15 17 508 352.468952639       0.68      1.37      0.72  0.        4021.169        123.050       4753.565    0.000  -0.138   0.380   0.
  2017 352 11 15 18 508 352.468964213       0.30      1.27      0.72  0.        4020.700        124.816       4755.535    0.000  -0.138   0.380   0.
  2017 352 11 15 19 507 352.468975787       0.40      1.62      0.15  0.        4020.230        126.583       4757.504    0.000  -0.138   0.380   0.
  2017 352 11 15 20 507 352.468987361       0.49      1.48      0.27  0.        4019.759        128.350       4759.473    0.000  -0.138   0.380   0.
  2017 352 11 15 21 507 352.468998935       0.79      1.29      0.49  0.        4019.288        130.116       4761.440    0.000  -0.138   0.380   0.
  2017 352 11 15 22 507 352.469010509       0.74      1.53      0.18  0.        4018.816        131.883       4763.407    0.000  -0.138   0.380   0.
  2017 352 11 15 23 507 352.469022083       0.93      1.14      0.62  0.        4018.343        133.650       4765.372    0.000  -0.138   0.380   0.
  2017 352 11 15 24 507 352.469033655       1.10      1.36      0.38  0.        4017.869        135.416       4767.337    0.000  -0.138   0.380   0.
  2017 352 11 15 25 507 352.469045229       1.02      1.36      0.36  0.        4017.395        137.183       4769.302    0.000  -0.138   0.380   0.
  2017 352 11 15 26 507 352.469056803       0.99      1.55      0.03  0.        4016.920        138.949       4771.265    0.000  -0.138   0.380   0.
  2017 352 11 15 27 507 352.469068377       0.72      1.56      0.11  0.        4016.444        140.716       4773.227    0.000  -0.138   0.380   0.
  2017 352 11 15 28 507 352.469079951       0.37      1.67      0.22  0.        4015.968        142.482       4775.189    0.000  -0.138   0.380   0.
  2017 352 11 15 29 507 352.469091525       0.57      1.65     -0.06  0.        4015.491        144.249       4777.150    0.000  -0.138   0.380   0.
  2017 352 11 15 30 507 352.469103099       0.22      1.92     -0.35  0.        4015.013        146.015       4779.110    0.000  -0.138   0.380   0.
  2017 352 11 15 31 507 352.469114673       0.27      1.75     -0.40  0.        4014.535        147.782       4781.069    0.000  -0.138   0.380   0.
  2017 352 11 15 32 507 352.469126247       0.28      1.47     -0.32  0.        4014.055        149.548       4783.027    0.000  -0.138   0.380   0.
  2017 352 11 15 33 507 352.469137821       0.58      1.46     -0.27  0.        4013.576        151.314       4784.985    0.000  -0.138   0.380   0.
  2017 352 11 15 34 507 352.469149395       0.49      1.45     -0.63  0.        4013.095        153.081       4786.941    0.000  -0.138   0.380   0.
  2017 352 11 15 35 507 352.469160969      -0.20      1.72     -0.99  0.        4012.613        154.847       4788.897    0.000  -0.138   0.380   0.
  2017 352 11 15 36 507 352.469172543      -0.30      1.42     -0.13  0.        4012.131        156.613       4790.852    0.000  -0.138   0.380   0.
  2017 352 11 15 37 507 352.469184117       0.22      1.74     -0.09  0.        4011.649        158.380       4792.806    0.000  -0.138   0.380   0.
  2017 352 11 15 38 507 352.469195692      -0.17      1.61      0.15  0.        4011.165        160.146       4794.759    0.000  -0.138   0.380   0.
  2017 352 11 15 39 507 352.469207266       0.33      1.28      0.32  0.        4010.681        161.912       4796.711    0.000  -0.138   0.380   0.
  2017 352 11 15 40 507 352.469218840       1.17      1.37     -0.05  0.        4010.196        163.678       4798.663    0.000  -0.138   0.380   0.
  2017 352 11 15 41 507 352.469230414       1.01      1.78     -0.41  0.        4009.711        165.444       4800.614    0.000  -0.138   0.380   0.
  2017 352 11 15 42 507 352.469241988       1.42      1.72      0.07  0.        4009.225        167.210       4802.564    0.000  -0.138   0.380   0.
  2017 352 11 15 43 507 352.469253562       1.12      1.44      0.44  0.        4008.738        168.977       4804.513    0.000  -0.138   0.380   0.
  2017 352 11 15 44 507 352.469265136       0.65      1.33      0.13  0.        4008.250        170.743       4806.461    0.000  -0.138   0.380   0.
  2017 352 11 15 45 507 352.469276710       0.51      1.33     -0.01  0.        4007.762        172.509       4808.409    0.000  -0.138   0.380   0.
  2017 352 11 15 46 507 352.469288284       0.61      1.37      0.04  0.        4007.273        174.275       4810.355    0.000  -0.138   0.380   0.
  2017 352 11 15 47 507 352.469299858       0.78      1.35      0.02  0.        4006.783        176.041       4812.301    0.000  -0.138   0.380   0.
  2017 352 11 15 48 507 352.469311432       0.66      1.40     -0.07  0.        4006.293        177.806       4814.246    0.000  -0.138   0.380   0.
  2017 352 11 15 49 507 352.469323006       0.59      1.31     -0.02  0.        4005.801        179.572       4816.190    0.000  -0.138   0.380   0.
  2017 352 11 15 50 507 352.469334580       0.38      1.49      0.04  0.        4005.310        181.338       4818.133    0.000  -0.138   0.380   0.
  2017 352 11 15 51 507 352.469346155       0.50      1.16      0.27  0.        4004.817        183.104       4820.075    0.000  -0.138   0.380   0.
  2017 352 11 15 52 507 352.469357729       0.48      1.18      0.49  0.        4004.324        184.870       4822.017    0.000  -0.138   0.380   0.
  2017 352 11 15 53 507 352.469369303       0.61      0.88      0.74  0.        4003.830        186.636       4823.958    0.000  -0.138   0.380   0.
  2017 352 11 15 54 507 352.469380874       0.79      0.86      0.66  0.        4003.335        188.401       4825.897    0.000  -0.138   0.380   0.
  2017 352 11 15 55 507 352.469392448       0.87      0.86      0.82  0.        4002.840        190.167       4827.836    0.000  -0.138   0.380   0.
  2017 352 11 15 56 507 352.469404022       1.18      0.85      0.90  0.        4002.344        191.933       4829.775    0.000  -0.138   0.380   0.
  2017 352 11 15 57 507 352.469415596       1.42      0.92      0.59  0.        4001.848        193.699       4831.712    0.000  -0.138   0.380   0.
  2017 352 11 15 58 507 352.469427170       1.28      0.95      0.74  0.        4001.350        195.464       4833.649    0.000  -0.138   0.380   0.
  2017 352 11 15 59 507 352.469438744       0.66      1.04      0.83  0.        4000.852        197.230       4835.584    0.000  -0.138   0.380   0.
  2017 352 11 16  0 507 352.469450318       0.33      0.98      1.09  0.        4000.353        198.995       4837.519    0.000  -0.138   0.380   0.
  2017 352 11 16  1 507 352.469461892       0.38      1.03      0.55  0.        3999.854        200.761       4839.453    0.000  -0.138   0.380   0.
  2017 352 11 16  2 507 352.469473466       0.51      0.84      0.65  0.        3999.354        202.526       4841.386    0.000  -0.138   0.380   0.
  2017 352 11 16  3 507 352.469485040       0.45      0.89      0.71  0.        3998.853        204.292       4843.319    0.000  -0.138   0.380   0.
  2017 352 11 16  4 507 352.469496615       0.61      0.88      0.58  0.        3998.352        206.057       4845.250    0.000  -0.138   0.380   0.
  2017 352 11 16  5 507 352.469508189       0.61      1.13      0.29  0.        3997.849        207.822       4847.181    0.000  -0.138   0.380   0.
  2017 352 11 16  6 507 352.469519763       0.50      1.14      0.17  0.        3997.347        209.588       4849.111    0.000  -0.138   0.380   0.
  2017 352 11 16  7 507 352.469531337       0.49      1.21      0.03  0.        3996.843        211.353       4851.040    0.000  -0.138   0.380   0.
  2017 352 11 16  8 507 352.469542911       0.34      1.42      0.39  0.        3996.339        213.118       4852.968    0.000  -0.138   0.380   0.
  2017 352 11 16  9 507 352.469554485       0.66      1.17      0.45  0.        3995.834        214.884       4854.895    0.000  -0.138   0.380   0.
  2017 352 11 16 10 507 352.469566059       0.86      1.09      0.53  0.        3995.328        216.649       4856.822    0.000  -0.138   0.380   0.
  2017 352 11 16 11 507 352.469577633       0.46      1.49     -0.14  0.        3994.822        218.414       4858.747    0.000  -0.138   0.380   0.
  2017 352 11 16 12 507 352.469589207       0.25      1.24     -0.31  0.        3994.315        220.179       4860.672    0.000  -0.138   0.380   0.
  2017 352 11 16 13 507 352.469600781       0.20      1.53     -0.16  0.        3993.807        221.944       4862.596    0.000  -0.138   0.380   0.
  2017 352 11 16 14 507 352.469612355       0.36      1.34      0.40  0.        3993.299        223.709       4864.519    0.000  -0.138   0.380   0.
  2017 352 11 16 15 507 352.469623929       1.14      1.36      0.31  0.        3992.790        225.474       4866.442    0.000  -0.138   0.380   0.
  2017 352 11 16 16 507 352.469635503       0.64      1.17      0.14  0.        3992.280        227.239       4868.363    0.000  -0.138   0.380   0.
  2017 352 11 16 17 507 352.469647078       0.68      1.12      0.66  0.        3991.770        229.004       4870.284    0.000  -0.138   0.380   0.
  2017 352 11 16 18 507 352.469658652       0.34      1.23      0.51  0.        3991.259        230.769       4872.204    0.000  -0.138   0.380   0.
  2017 352 11 16 19 507 352.469670226       0.35      1.25      0.56  0.        3990.747        232.534       4874.123    0.000  -0.138   0.380   0.
  2017 352 11 16 20 507 352.469681800       0.33      1.22      0.49  0.        3990.235        234.299       4876.041    0.000  -0.138   0.380   0.
  2017 352 11 16 21 507 352.469693374       0.07      1.31      0.45  0.        3989.722        236.064       4877.958    0.000  -0.138   0.380   0.
  2017 352 11 16 22 507 352.469704948       0.30      1.26      0.44  0.        3989.208        237.828       4879.874    0.000  -0.138   0.380   0.
  2017 352 11 16 23 507 352.469716522       0.23      1.44      0.43  0.        3988.693        239.593       4881.790    0.000  -0.138   0.380   0.
  2017 352 11 16 24 507 352.469728096       0.40      1.57      0.11  0.        3988.178        241.358       4883.705    0.000  -0.138   0.380   0.
  2017 352 11 16 25 507 352.469739670      -0.04      1.67     -0.11  0.        3987.662        243.122       4885.619    0.000  -0.138   0.380   0.
  2017 352 11 16 26 507 352.469751241       0.08      1.13      0.15  0.        3987.146        244.887       4887.532    0.000  -0.138   0.380   0.
  2017 352 11 16 27 507 352.469762815       0.52      1.22      0.41  0.        3986.629        246.651       4889.444    0.000  -0.138   0.380   0.
  2017 352 11 16 28 507 352.469774389       0.60      1.50      0.10  0.        3986.111        248.416       4891.356    0.000  -0.138   0.380   0.
  2017 352 11 16 29 507 352.469785964       0.60      1.45      0.27  0.        3985.592        250.180       4893.267    0.000  -0.138   0.380   0.
  2017 352 11 16 30 507 352.469797538       0.65      1.32      0.28  0.        3985.073        251.945       4895.176    0.000  -0.138   0.380   0.
  2017 352 11 16 31 507 352.469809112       0.61      1.23      0.40  0.        3984.553        253.709       4897.086    0.000  -0.138   0.380   0.
  2017 352 11 16 32 507 352.469820686       0.60      1.24      0.29  0.        3984.032        255.473       4898.994    0.000  -0.138   0.380   0.
  2017 352 11 16 33 507 352.469832260       0.74      1.32      0.31  0.        3983.511        257.238       4900.901    0.000  -0.138   0.380   0.
  2017 352 11 16 34 507 352.469843834       0.65      1.34      0.16  0.        3982.989        259.002       4902.808    0.000  -0.138   0.380   0.
  2017 352 11 16 35 507 352.469855408       0.70      1.27      0.40  0.        3982.467        260.766       4904.713    0.000  -0.138   0.380   0.
  2017 352 11 16 36 507 352.469866982       1.05      1.18      0.35  0.        3981.944        262.530       4906.618    0.000  -0.138   0.380   0.
  2017 352 11 16 37 507 352.469878556       0.70      1.51      0.04  0.        3981.420        264.294       4908.522    0.000  -0.138   0.380   0.
  2017 352 11 16 38 507 352.469890130       1.28      1.34      0.25  0.        3980.895        266.058       4910.425    0.000  -0.138   0.380   0.
  2017 352 11 16 39 507 352.469901704       1.42      1.17      0.12  0.        3980.370        267.822       4912.328    0.000  -0.138   0.380   0.
  2017 352 11 16 40 507 352.469913278       1.13      1.09      0.01  0.        3979.844        269.586       4914.229    0.000  -0.138   0.380   0.
  2017 352 11 16 41 507 352.469924852       0.65      1.27      0.25  0.        3979.317        271.350       4916.130    0.000  -0.138   0.380   0.
  2017 352 11 16 42 507 352.469936427       0.24      1.21      0.20  0.        3978.790        273.114       4918.030    0.000  -0.138   0.380   0.
  2017 352 11 16 43 507 352.469948001       0.11      1.21      0.25  0.        3978.262        274.878       4919.929    0.000  -0.138   0.380   0.
  2017 352 11 16 44 507 352.469959575       0.01      1.36      0.29  0.        3977.733        276.642       4921.827    0.000  -0.138   0.380   0.
  2017 352 11 16 45 507 352.469971149       0.88      1.00      0.13  0.        3977.204        278.406       4923.725    0.000  -0.138   0.380   0.
  2017 352 11 16 46 507 352.469982723       0.44      1.58     -0.14  0.        3976.674        280.169       4925.621    0.000  -0.138   0.380   0.
  2017 352 11 16 47 507 352.469994297       0.58      1.26      0.31  0.        3976.143        281.933       4927.517    0.000  -0.138   0.380   0.
  2017 352 11 16 48 507 352.470005871       0.85      0.79      0.62  0.        3975.612        283.696       4929.412    0.000  -0.138   0.380   0.
  2017 352 11 16 49 507 352.470017445       1.13      0.93     -0.03  0.        3975.080        285.460       4931.306    0.000  -0.138   0.380   0.
  2017 352 11 16 50 507 352.470029019       0.75      0.93      0.06  0.        3974.548        287.224       4933.199    0.000  -0.138   0.380   0.
  2017 352 11 16 51 507 352.470040593       0.69      1.39     -0.13  0.        3974.014        288.987       4935.092    0.000  -0.138   0.380   0.
  2017 352 11 16 52 507 352.470052167       0.85      1.00      0.38  0.        3973.480        290.750       4936.983    0.000  -0.138   0.380   0.
  2017 352 11 16 53 507 352.470063741       0.76      1.28      0.16  0.        3972.946        292.514       4938.874    0.000  -0.138   0.380   0.
  2017 352 11 16 54 507 352.470075315       0.74      1.03      0.26  0.        3972.410        294.277       4940.764    0.000  -0.138   0.380   0.
  2017 352 11 16 55 506 352.470086889       0.86      1.28     -0.14  0.        3971.874        296.040       4942.653    0.000  -0.138   0.380   0.
  2017 352 11 16 56 507 352.470098461       1.03      1.28     -0.26  0.        3971.338        297.804       4944.542    0.000  -0.138   0.380   0.
  2017 352 11 16 57 507 352.470110035       0.73      1.30     -0.25  0.        3970.800        299.567       4946.429    0.000  -0.138   0.380   0.
  2017 352 11 16 58 507 352.470121609       0.37      1.17      0.17  0.        3970.262        301.330       4948.316    0.000  -0.138   0.380   0.
  2017 352 11 16 59 507 352.470133183       0.56      1.08      0.27  0.        3969.724        303.093       4950.202    0.000  -0.138   0.380   0.
  2017 352 11 17  0 507 352.470144757       0.70      1.40     -0.22  0.        3969.185        304.856       4952.086    0.000  -0.138   0.380   0.
  2017 352 11 17  1 506 352.470156331       0.52      1.39     -0.26  0.        3968.645        306.619       4953.971    0.000  -0.138   0.380   0.
  2017 352 11 17  2 506 352.470167905       0.16      1.39     -0.32  0.        3968.104        308.382       4955.854    0.000  -0.138   0.380   0.
  2017 352 11 17  3 506 352.470179479       0.06      1.42     -0.08  0.        3967.563        310.145       4957.736    0.000  -0.138   0.380   0.
  2017 352 11 17  4 506 352.470191053       0.50      1.15     -0.12  0.        3967.021        311.907       4959.618    0.000  -0.138   0.380   0.
  2017 352 11 17  5 506 352.470202627       0.46      1.21      0.03  0.        3966.478        313.670       4961.499    0.000  -0.138   0.380   0.
  2017 352 11 17  6 507 352.470214201       0.44      1.20      0.07  0.        3965.935        315.433       4963.379    0.000  -0.138   0.380   0.
  2017 352 11 17  7 507 352.470225775       0.35      1.48     -0.04  0.        3965.391        317.196       4965.258    0.000  -0.138   0.380   0.
  2017 352 11 17  8 506 352.470237350       0.32      1.89      0.60  0.        3964.847        318.958       4967.137    0.000  -0.138   0.380   0.
  2017 352 11 17  9 506 352.470248924       0.81      1.59      0.33  0.        3964.302        320.721       4969.014    0.000  -0.138   0.380   0.
  2017 352 11 17 10 507 352.470260498       1.36      1.26      0.24  0.        3963.756        322.483       4970.891    0.000  -0.138   0.380   0.
  2017 352 11 17 11 507 352.470272072       0.82      1.58     -0.88  0.        3963.209        324.246       4972.767    0.000  -0.138   0.380   0.
  2017 352 11 17 12 507 352.470283646      -0.34      1.80     -1.00  0.        3962.662        326.008       4974.642    0.000  -0.138   0.380   0.
  2017 352 11 17 13 507 352.470295220       0.34      1.41     -0.33  0.        3962.114        327.770       4976.516    0.000  -0.138   0.380   0.
  2017 352 11 17 14 507 352.470306794       1.06      1.28      0.02  0.        3961.566        329.533       4978.390    0.000  -0.138   0.380   0.
  2017 352 11 17 15 506 352.470318368       1.03      1.31      0.13  0.        3961.017        331.295       4980.262    0.000  -0.138   0.380   0.
  2017 352 11 17 16 506 352.470329942       0.80      1.19      0.12  0.        3960.467        333.057       4982.134    0.000  -0.138   0.380   0.
  2017 352 11 17 17 506 352.470341516       1.01      1.17     -0.09  0.        3959.916        334.819       4984.005    0.000  -0.138   0.380   0.
  2017 352 11 17 18 506 352.470353090       0.66      1.33     -0.24  0.        3959.365        336.581       4985.875    0.000  -0.138   0.380   0.
  2017 352 11 17 19 506 352.470364664       0.29      1.58     -0.06  0.        3958.814        338.343       4987.745    0.000  -0.138   0.380   0.
  2017 352 11 17 20 507 352.470376238       0.84      1.31     -0.31  0.        3958.261        340.105       4989.613    0.000  -0.138   0.380   0.
  2017 352 11 17 21 507 352.470387813       0.41      1.49     -0.59  0.        3957.708        341.867       4991.481    0.000  -0.138   0.380   0.
  2017 352 11 17 22 506 352.470399387       0.69      1.17      0.12  0.        3957.154        343.629       4993.348    0.000  -0.138   0.380   0.
  2017 352 11 17 23 506 352.470410961       0.45      1.37     -0.44  0.        3956.600        345.391       4995.214    0.000  -0.138   0.380   0.
  2017 352 11 17 24 507 352.470422535       0.00      1.43     -0.33  0.        3956.045        347.152       4997.079    0.000  -0.138   0.380   0.
  2017 352 11 17 25 507 352.470434109       0.04      1.33     -0.19  0.        3955.489        348.914       4998.944    0.000  -0.138   0.380   0.
  2017 352 11 17 26 506 352.470445680       0.10      1.41     -0.12  0.        3954.933        350.676       5000.807    0.000  -0.138   0.380   0.
  2017 352 11 17 27 506 352.470457254       0.37      1.35      0.25  0.        3954.376        352.437       5002.670    0.000  -0.138   0.380   0.
  2017 352 11 17 28 506 352.470468828       0.82      1.29      0.04  0.        3953.818        354.199       5004.532    0.000  -0.138   0.380   0.
  2017 352 11 17 29 506 352.470480402       0.42      1.43      0.22  0.        3953.260        355.960       5006.393    0.000  -0.138   0.380   0.
  2017 352 11 17 30 506 352.470491976       0.76      1.37     -0.09  0.        3952.701        357.722       5008.253    0.000  -0.138   0.380   0.
  2017 352 11 17 31 506 352.470503550       0.47      1.37      0.33  0.        3952.142        359.483       5010.113    0.000  -0.138   0.380   0.
  2017 352 11 17 32 506 352.470515124       1.03      1.36      0.15  0.        3951.581        361.244       5011.971    0.000  -0.138   0.380   0.
  2017 352 11 17 33 506 352.470526698       0.79      1.71     -0.42  0.        3951.021        363.005       5013.829    0.000  -0.138   0.380   0.
  2017 352 11 17 34 506 352.470538273       0.49      1.80     -0.61  0.        3950.459        364.767       5015.686    0.000  -0.138   0.380   0.
  2017 352 11 17 35 506 352.470549847       0.13      1.61     -0.18  0.        3949.897        366.528       5017.542    0.000  -0.138   0.380   0.
  2017 352 11 17 36 506 352.470561421       0.72      1.27      0.20  0.        3949.334        368.289       5019.398    0.000  -0.138   0.380   0.
  2017 352 11 17 37 506 352.470572995       0.76      1.23      0.05  0.        3948.771        370.050       5021.252    0.000  -0.138   0.380   0.
  2017 352 11 17 38 506 352.470584569       1.28      1.13      0.23  0.        3948.207        371.811       5023.106    0.000  -0.138   0.380   0.
  2017 352 11 17 39 506 352.470596143       1.65      1.27      0.08  0.        3947.642        373.572       5024.959    0.000  -0.138   0.380   0.
  2017 352 11 17 40 506 352.470607717       1.99      1.54      0.50  0.        3947.077        375.332       5026.811    0.000  -0.138   0.380   0.
  2017 352 11 17 41 506 352.470619291       1.69      1.69      0.36  0.        3946.511        377.093       5028.662    0.000  -0.138   0.380   0.
  2017 352 11 17 42 506 352.470630865       1.52      1.58      0.36  0.        3945.944        378.853       5030.513    0.000  -0.138   0.380   0.
  2017 352 11 17 43 506 352.470642439       0.72      1.70      0.18  0.        3945.377        380.614       5032.362    0.000  -0.138   0.380   0.
  2017 352 11 17 44 506 352.470654013       0.41      1.46      0.09  0.        3944.809        382.375       5034.211    0.000  -0.138   0.380   0.
  2017 352 11 17 45 506 352.470665587       0.41      1.47      0.17  0.        3944.240        384.135       5036.059    0.000  -0.138   0.380   0.
  2017 352 11 17 46 506 352.470677161       0.66      1.40      0.37  0.        3943.671        385.895       5037.906    0.000  -0.138   0.380   0.
  2017 352 11 17 47 506 352.470688736       0.66      1.29      0.21  0.        3943.101        387.656       5039.753    0.000  -0.138   0.380   0.
  2017 352 11 17 48 506 352.470700310       0.51      1.31     -0.04  0.        3942.531        389.416       5041.598    0.000  -0.138   0.380   0.
  2017 352 11 17 49 506 352.470711884       0.38      1.42     -0.06  0.        3941.960        391.176       5043.443    0.000  -0.138   0.380   0.
  2017 352 11 17 50 506 352.470723458       0.31      1.43     -0.21  0.        3941.388        392.936       5045.287    0.000  -0.138   0.380   0.
  2017 352 11 17 51 506 352.470735032       0.26      1.66     -0.37  0.        3940.816        394.697       5047.130    0.000  -0.138   0.380   0.
  2017 352 11 17 52 506 352.470746606       0.04      1.66     -0.30  0.        3940.243        396.457       5048.972    0.000  -0.138   0.380   0.
  2017 352 11 17 53 506 352.470758180       0.34      1.85     -0.03  0.        3939.669        398.217       5050.814    0.000  -0.138   0.380   0.
  2017 352 11 17 54 506 352.470769754       0.28      1.60     -0.02  0.        3939.095        399.976       5052.654    0.000  -0.138   0.380   0.
  2017 352 11 17 55 506 352.470781328       0.48      1.55     -0.07  0.        3938.520        401.736       5054.494    0.000  -0.138   0.380   0.
  2017 352 11 17 56 506 352.470792899       0.20      1.68     -0.25  0.        3937.944        403.496       5056.333    0.000  -0.138   0.380   0.
  2017 352 11 17 57 506 352.470804473       0.12      1.67     -0.08  0.        3937.368        405.256       5058.171    0.000  -0.138   0.380   0.
  2017 352 11 17 58 506 352.470816047       0.23      1.58      0.26  0.        3936.791        407.015       5060.009    0.000  -0.138   0.380   0.
  2017 352 11 17 59 506 352.470827621       0.90      1.65      0.51  0.        3936.214        408.776       5061.845    0.000  -0.138   0.380   0.
  2017 352 11 18  0 506 352.470839196       1.34      1.84      0.68  0.        3935.635        410.535       5063.681    0.000  -0.138   0.380   0.
  2017 352 11 18  1 506 352.470850770       0.87      1.53      0.04  0.        3935.057        412.295       5065.516    0.000  -0.138   0.380   0.
  2017 352 11 18  2 506 352.470862344       0.48      1.73     -0.08  0.        3934.477        414.054       5067.350    0.000  -0.138   0.380   0.
  2017 352 11 18  3 506 352.470873918       0.30      1.88      0.26  0.        3933.897        415.813       5069.183    0.000  -0.138   0.380   0.
  2017 352 11 18  4 506 352.470885492       0.77      1.89      0.19  0.        3933.317        417.572       5071.016    0.000  -0.138   0.380   0.
  2017 352 11 18  5 506 352.470897066       0.49      1.82     -0.12  0.        3932.735        419.332       5072.847    0.000  -0.138   0.380   0.
  2017 352 11 18  6 506 352.470908640       0.40      1.71     -0.08  0.        3932.153        421.091       5074.678    0.000  -0.138   0.380   0.
  2017 352 11 18  7 506 352.470920214       0.36      1.54     -0.12  0.        3931.571        422.850       5076.508    0.000  -0.138   0.380   0.
  2017 352 11 18  8 506 352.470931788       0.48      1.38      0.06  0.        3930.988        424.609       5078.337    0.000  -0.138   0.380   0.
  2017 352 11 18  9 506 352.470943362       0.44      1.24      0.06  0.        3930.404        426.368       5080.166    0.000  -0.138   0.380   0.
  2017 352 11 18 10 506 352.470954936       0.13      1.18     -0.04  0.        3929.820        428.126       5081.993    0.000  -0.138   0.380   0.
  2017 352 11 18 11 506 352.470966510      -0.08      1.32     -0.15  0.        3929.234        429.885       5083.820    0.000  -0.138   0.380   0.
  2017 352 11 18 12 506 352.470978084      -0.21      1.39     -0.18  0.        3928.649        431.644       5085.646    0.000  -0.138   0.380   0.
  2017 352 11 18 13 506 352.470989659      -0.12      1.38     -0.19  0.        3928.063        433.403       5087.471    0.000  -0.138   0.380   0.
  2017 352 11 18 14 506 352.471001233       0.14      1.39     -0.18  0.        3927.476        435.161       5089.295    0.000  -0.138   0.380   0.
  2017 352 11 18 15 506 352.471012807       0.07      1.35     -0.07  0.        3926.888        436.920       5091.119    0.000  -0.138   0.380   0.
  2017 352 11 18 16 506 352.471024381      -0.05      1.33     -0.00  0.        3926.300        438.678       5092.942    0.000  -0.138   0.380   0.
  2017 352 11 18 17 506 352.471035955      -0.08      1.40     -0.21  0.        3925.711        440.436       5094.764    0.000  -0.138   0.380   0.
  2017 352 11 18 18 506 352.471047529      -0.21      1.43     -0.16  0.        3925.122        442.195       5096.585    0.000  -0.138   0.380   0.
  2017 352 11 18 19 506 352.471059103      -0.17      1.43      0.01  0.        3924.531        443.953       5098.405    0.000  -0.138   0.380   0.
  2017 352 11 18 20 506 352.471070677      -0.37      1.48     -0.14  0.        3923.941        445.711       5100.224    0.000  -0.138   0.380   0.
  2017 352 11 18 21 506 352.471082251      -1.05      1.57     -0.03  0.        3923.349        447.469       5102.043    0.000  -0.138   0.380   0.
  2017 352 11 18 22 506 352.471093825      -0.93      1.66     -0.18  0.        3922.758        449.227       5103.861    0.000  -0.138   0.380   0.
  2017 352 11 18 23 506 352.471105399      -0.69      1.66     -0.23  0.        3922.165        450.985       5105.678    0.000  -0.138   0.380   0.
  2017 352 11 18 24 506 352.471116970       0.11      1.76     -0.11  0.        3921.572        452.743       5107.494    0.000  -0.138   0.380   0.
  2017 352 11 18 25 506 352.471128545       0.31      1.38     -0.06  0.        3920.978        454.501       5109.309    0.000  -0.138   0.380   0.
  2017 352 11 18 26 506 352.471140119       0.29      1.50      0.10  0.        3920.383        456.259       5111.124    0.000  -0.138   0.380   0.
  2017 352 11 18 27 506 352.471151693       0.19      1.87     -0.17  0.        3919.788        458.016       5112.938    0.000  -0.138   0.380   0.
  2017 352 11 18 28 506 352.471163267      -0.01      1.62     -0.09  0.        3919.193        459.774       5114.751    0.000  -0.138   0.380   0.
  2017 352 11 18 29 506 352.471174841       0.16      1.69      0.02  0.        3918.596        461.531       5116.563    0.000  -0.138   0.380   0.
  2017 352 11 18 30 506 352.471186415       0.52      1.66     -0.02  0.        3917.999        463.289       5118.374    0.000  -0.138   0.380   0.
  2017 352 11 18 31 506 352.471197989       0.92      1.61      0.01  0.        3917.402        465.046       5120.185    0.000  -0.138   0.380   0.
  2017 352 11 18 32 506 352.471209563       0.72      1.79     -0.26  0.        3916.804        466.803       5121.994    0.000  -0.138   0.380   0.
  2017 352 11 18 33 506 352.471221137       0.68      1.73      0.01  0.        3916.205        468.561       5123.803    0.000  -0.138   0.380   0.
  2017 352 11 18 34 506 352.471232711       0.71      1.54     -0.02  0.        3915.605        470.318       5125.611    0.000  -0.138   0.380   0.
  2017 352 11 18 35 506 352.471244285       0.81      1.16      0.06  0.        3915.005        472.075       5127.419    0.000  -0.138   0.380   0.
  2017 352 11 18 36 506 352.471255859       0.81      1.08     -0.05  0.        3914.405        473.832       5129.225    0.000  -0.138   0.380   0.
  2017 352 11 18 37 506 352.471267433       0.85      1.05      0.03  0.        3913.804        475.589       5131.031    0.000  -0.138   0.380   0.
  2017 352 11 18 38 506 352.471279008       1.09      1.10     -0.05  0.        3913.202        477.346       5132.836    0.000  -0.138   0.380   0.
  2017 352 11 18 39 506 352.471290582       1.03      1.20      0.06  0.        3912.599        479.102       5134.640    0.000  -0.138   0.380   0.
  2017 352 11 18 40 506 352.471302156       1.47      1.15      0.13  0.        3911.996        480.859       5136.443    0.000  -0.138   0.380   0.
  2017 352 11 18 41 506 352.471313730       1.47      1.45     -0.09  0.        3911.392        482.616       5138.245    0.000  -0.138   0.380   0.
  2017 352 11 18 42 506 352.471325304       1.41      1.44      0.00  0.        3910.788        484.372       5140.047    0.000  -0.138   0.380   0.
  2017 352 11 18 43 506 352.471336878       1.18      1.59     -0.12  0.        3910.183        486.129       5141.848    0.000  -0.138   0.380   0.
  2017 352 11 18 44 506 352.471348452       1.34      1.57     -0.14  0.        3909.578        487.885       5143.648    0.000  -0.138   0.380   0.
  2017 352 11 18 45 506 352.471360026       0.92      1.64     -0.36  0.        3908.971        489.642       5145.447    0.000  -0.138   0.380   0.
  2017 352 11 18 46 506 352.471371600       0.77      1.53      0.13  0.        3908.364        491.398       5147.245    0.000  -0.138   0.380   0.
  2017 352 11 18 47 506 352.471383174       1.06      1.56      0.12  0.        3907.757        493.154       5149.043    0.000  -0.138   0.380   0.
  2017 352 11 18 48 506 352.471394748       0.90      1.52      0.04  0.        3907.149        494.910       5150.839    0.000  -0.138   0.380   0.
  2017 352 11 18 49 506 352.471406322       0.53      1.52     -0.08  0.        3906.540        496.666       5152.635    0.000  -0.138   0.380   0.
  2017 352 11 18 50 506 352.471417896       0.48      1.40     -0.27  0.        3905.931        498.422       5154.431    0.000  -0.138   0.380   0.
  2017 352 11 18 51 506 352.471429470       0.64      1.72     -0.11  0.        3905.321        500.178       5156.225    0.000  -0.138   0.380   0.
  2017 352 11 18 52 506 352.471441045       0.71      1.71      0.11  0.        3904.711        501.934       5158.018    0.000  -0.138   0.380   0.
  2017 352 11 18 53 506 352.471452618       0.89      1.46     -0.13  0.        3904.100        503.689       5159.811    0.000  -0.138   0.380   0.
  2017 352 11 18 54 506 352.471464190       0.64      1.44     -0.42  0.        3903.488        505.445       5161.603    0.000  -0.138   0.380   0.
  2017 352 11 18 55 506 352.471475764       0.82      1.42     -0.18  0.        3902.876        507.200       5163.394    0.000  -0.138   0.380   0.
  2017 352 11 18 56 506 352.471487338       0.67      1.42     -0.43  0.        3902.263        508.956       5165.184    0.000  -0.138   0.380   0.
  2017 352 11 18 57 505 352.471498912       0.33      1.34     -0.46  0.        3901.649        510.711       5166.974    0.000  -0.138   0.380   0.
  2017 352 11 18 58 505 352.471510486      -0.17      1.31     -0.52  0.        3901.035        512.467       5168.762    0.000  -0.138   0.380   0.
  2017 352 11 18 59 505 352.471522060      -0.07      1.46     -0.43  0.        3900.420        514.222       5170.550    0.000  -0.138   0.380   0.
  2017 352 11 19  0 505 352.471533634       0.11      1.59     -0.26  0.        3899.805        515.977       5172.337    0.000  -0.138   0.380   0.
  2017 352 11 19  1 505 352.471545208       0.30      1.63     -0.43  0.        3899.189        517.732       5174.124    0.000  -0.138   0.380   0.
  2017 352 11 19  2 506 352.471556782      -0.07      1.72     -0.44  0.        3898.573        519.487       5175.909    0.000  -0.138   0.380   0.
  2017 352 11 19  3 506 352.471568356      -0.05      1.69     -0.32  0.        3897.956        521.242       5177.694    0.000  -0.138   0.380   0.
  2017 352 11 19  4 505 352.471579931       0.01      1.62     -0.42  0.        3897.338        522.997       5179.478    0.000  -0.138   0.380   0.
  2017 352 11 19  5 505 352.471591505       0.25      1.42     -0.11  0.        3896.719        524.751       5181.261    0.000  -0.138   0.380   0.
  2017 352 11 19  6 506 352.471603079       0.52      1.53      0.00  0.        3896.100        526.506       5183.043    0.000  -0.138   0.380   0.
  2017 352 11 19  7 506 352.471614653       0.55      1.60      0.11  0.        3895.481        528.261       5184.824    0.000  -0.138   0.380   0.
  2017 352 11 19  8 506 352.471626227       0.27      1.47     -0.15  0.        3894.861        530.015       5186.605    0.000  -0.138   0.380   0.
  2017 352 11 19  9 506 352.471637801       0.33      1.47     -0.39  0.        3894.240        531.770       5188.385    0.000  -0.138   0.380   0.
  2017 352 11 19 10 505 352.471649375       0.07      1.52     -0.44  0.        3893.618        533.524       5190.164    0.000  -0.138   0.380   0.
  2017 352 11 19 11 505 352.471660949       0.03      1.42     -0.15  0.        3892.996        535.278       5191.942    0.000  -0.138   0.380   0.
  2017 352 11 19 12 505 352.471672523       0.47      1.49     -0.03  0.        3892.374        537.032       5193.719    0.000  -0.138   0.380   0.
  2017 352 11 19 13 505 352.471684097       0.64      1.55      0.07  0.        3891.751        538.786       5195.496    0.000  -0.138   0.380   0.
  2017 352 11 19 14 505 352.471695671       0.26      1.35     -0.11  0.        3891.127        540.540       5197.272    0.000  -0.138   0.380   0.
  2017 352 11 19 15 506 352.471707245       0.09      1.41     -0.31  0.        3890.502        542.294       5199.047    0.000  -0.138   0.380   0.
  2017 352 11 19 16 506 352.471718819       0.25      1.53     -0.35  0.        3889.877        544.048       5200.821    0.000  -0.138   0.380   0.
  2017 352 11 19 17 505 352.471730394      -0.22      1.40     -0.86  0.        3889.252        545.802       5202.594    0.000  -0.138   0.380   0.
  2017 352 11 19 18 505 352.471741968      -0.32      1.54     -0.67  0.        3888.626        547.556       5204.367    0.000  -0.138   0.380   0.
  2017 352 11 19 19 506 352.471753542      -0.88      1.48     -0.52  0.        3887.999        549.309       5206.138    0.000  -0.138   0.380   0.
  2017 352 11 19 20 506 352.471765116      -0.44      1.59     -0.12  0.        3887.371        551.063       5207.909    0.000  -0.138   0.380   0.
  2017 352 11 19 21 506 352.471776690      -0.07      1.56     -0.36  0.        3886.743        552.816       5209.680    0.000  -0.138   0.380   0.
  2017 352 11 19 22 506 352.471788264      -0.33      1.62     -0.59  0.        3886.115        554.569       5211.449    0.000  -0.138   0.380   0.
  2017 352 11 19 23 506 352.471799838      -0.65      1.49     -0.76  0.        3885.485        556.323       5213.217    0.000  -0.138   0.380   0.
  2017 352 11 19 24 505 352.471811412      -0.07      2.00     -0.35  0.        3884.856        558.076       5214.985    0.000  -0.138   0.380   0.
  2017 352 11 19 25 505 352.471822986       0.16      1.73      0.04  0.        3884.225        559.829       5216.752    0.000  -0.138   0.380   0.
  2017 352 11 19 26 505 352.471834557       0.07      1.44      0.10  0.        3883.594        561.582       5218.518    0.000  -0.138   0.380   0.
  2017 352 11 19 27 505 352.471846131       0.38      1.63      0.11  0.        3882.963        563.335       5220.284    0.000  -0.138   0.380   0.
  2017 352 11 19 28 505 352.471857705       0.53      1.61      0.07  0.        3882.331        565.088       5222.048    0.000  -0.138   0.380   0.
  2017 352 11 19 29 505 352.471869279       0.47      1.67      0.03  0.        3881.698        566.840       5223.812    0.000  -0.138   0.380   0.
  2017 352 11 19 30 505 352.471880854       0.57      1.56     -0.24  0.        3881.064        568.593       5225.575    0.000  -0.138   0.380   0.
  2017 352 11 19 31 505 352.471892428       0.49      1.53     -0.33  0.        3880.430        570.346       5227.337    0.000  -0.138   0.380   0.
  2017 352 11 19 32 505 352.471904002       0.22      1.54     -0.33  0.        3879.796        572.098       5229.098    0.000  -0.138   0.380   0.
  2017 352 11 19 33 505 352.471915576       0.05      1.46     -0.31  0.        3879.161        573.850       5230.859    0.000  -0.138   0.380   0.
  2017 352 11 19 34 505 352.471927150       0.16      1.67      0.00  0.        3878.525        575.603       5232.618    0.000  -0.138   0.380   0.
  2017 352 11 19 35 505 352.471938724       0.30      1.62     -0.10  0.        3877.889        577.355       5234.378    0.000  -0.138   0.380   0.
  2017 352 11 19 36 505 352.471950298       0.42      1.67     -0.18  0.        3877.252        579.107       5236.136    0.000  -0.138   0.380   0.
  2017 352 11 19 37 505 352.471961872       0.29      1.52     -0.24  0.        3876.614        580.859       5237.893    0.000  -0.138   0.380   0.
  2017 352 11 19 38 505 352.471973446       0.04      1.39     -0.42  0.        3875.976        582.611       5239.650    0.000  -0.138   0.380   0.
  2017 352 11 19 39 505 352.471985020       0.22      1.48     -0.39  0.        3875.337        584.363       5241.405    0.000  -0.138   0.380   0.
  2017 352 11 19 40 505 352.471996594      -0.16      1.49     -0.93  0.        3874.698        586.115       5243.160    0.000  -0.138   0.380   0.
  2017 352 11 19 41 505 352.472008168      -0.58      1.35     -0.32  0.        3874.058        587.866       5244.914    0.000  -0.138   0.380   0.
  2017 352 11 19 42 505 352.472019742      -0.21      1.56     -0.04  0.        3873.418        589.618       5246.668    0.000  -0.138   0.380   0.
  2017 352 11 19 43 505 352.472031317      -0.19      1.55      0.18  0.        3872.777        591.369       5248.420    0.000  -0.138   0.380   0.
  2017 352 11 19 44 505 352.472042891       0.10      1.61      0.04  0.        3872.135        593.121       5250.172    0.000  -0.138   0.380   0.
  2017 352 11 19 45 505 352.472054465       0.04      1.58     -0.14  0.        3871.493        594.872       5251.923    0.000  -0.138   0.380   0.
  2017 352 11 19 46 505 352.472066039       0.12      1.63     -0.03  0.        3870.850        596.623       5253.673    0.000  -0.138   0.380   0.
  2017 352 11 19 47 505 352.472077613      -0.09      1.85     -0.10  0.        3870.206        598.375       5255.423    0.000  -0.138   0.380   0.
  2017 352 11 19 48 505 352.472089187      -0.13      1.66     -0.02  0.        3869.562        600.126       5257.171    0.000  -0.138   0.380   0.
  2017 352 11 19 49 505 352.472100761      -0.10      1.71      0.27  0.        3868.918        601.877       5258.919    0.000  -0.138   0.380   0.
  2017 352 11 19 50 505 352.472112335      -0.13      1.66      0.25  0.        3868.273        603.627       5260.666    0.000  -0.138   0.380   0.
  2017 352 11 19 51 505 352.472123909      -0.00      1.72      0.24  0.        3867.627        605.378       5262.412    0.000  -0.138   0.380   0.
  2017 352 11 19 52 505 352.472135483      -0.03      1.63     -0.27  0.        3866.980        607.129       5264.157    0.000  -0.138   0.380   0.
  2017 352 11 19 53 505 352.472147057      -0.14      1.56      0.17  0.        3866.334        608.879       5265.902    0.000  -0.138   0.380   0.
  2017 352 11 19 54 505 352.472158631       0.24      1.56      0.25  0.        3865.686        610.630       5267.646    0.000  -0.138   0.380   0.
  2017 352 11 19 55 505 352.472170205       0.48      1.61      0.44  0.        3865.038        612.380       5269.389    0.000  -0.138   0.380   0.
  2017 352 11 19 56 505 352.472181777       0.45      1.41      0.22  0.        3864.389        614.131       5271.131    0.000  -0.138   0.380   0.
  2017 352 11 19 57 505 352.472193351       0.80      1.84      0.21  0.        3863.740        615.881       5272.872    0.000  -0.138   0.380   0.
  2017 352 11 19 58 505 352.472204925       0.22      1.45     -0.14  0.        3863.090        617.631       5274.613    0.000  -0.138   0.380   0.
  2017 352 11 19 59 505 352.472216499      -0.00      1.51      0.09  0.        3862.439        619.381       5276.352    0.000  -0.138   0.380   0.
  2017 352 11 20  0 505 352.472228073       0.03      1.54      0.27  0.        3861.789        621.131       5278.091    0.000  -0.138   0.380   0.
  2017 352 11 20  1 505 352.472239647       0.03      1.43      0.07  0.        3861.137        622.881       5279.830    0.000  -0.138   0.380   0.
  2017 352 11 20  2 505 352.472251221      -0.04      1.48      0.01  0.        3860.485        624.631       5281.567    0.000  -0.138   0.380   0.
  2017 352 11 20  3 505 352.472262795       0.02      1.57     -0.10  0.        3859.832        626.380       5283.303    0.000  -0.138   0.380   0.
  2017 352 11 20  4 505 352.472274369      -0.02      1.48     -0.21  0.        3859.179        628.130       5285.039    0.000  -0.138   0.380   0.
  2017 352 11 20  5 505 352.472285943      -0.14      1.40      0.02  0.        3858.525        629.879       5286.774    0.000  -0.138   0.380   0.
  2017 352 11 20  6 505 352.472297517      -0.03      1.41      0.02  0.        3857.870        631.629       5288.509    0.000  -0.138   0.380   0.
  2017 352 11 20  7 505 352.472309091      -0.04      1.50     -0.03  0.        3857.215        633.378       5290.242    0.000  -0.138   0.380   0.
  2017 352 11 20  8 505 352.472320665      -0.10      1.59     -0.35  0.        3856.559        635.127       5291.974    0.000  -0.138   0.380   0.
  2017 352 11 20  9 505 352.472332240       0.03      1.74     -0.34  0.        3855.903        636.876       5293.706    0.000  -0.138   0.380   0.
  2017 352 11 20 10 505 352.472343814       0.01      1.83     -0.73  0.        3855.246        638.625       5295.437    0.000  -0.138   0.380   0.
  2017 352 11 20 11 505 352.472355388       0.29      1.90     -0.68  0.        3854.589        640.374       5297.168    0.000  -0.138   0.380   0.
  2017 352 11 20 12 505 352.472366962       0.37      2.15     -0.85  0.        3853.931        642.123       5298.897    0.000  -0.138   0.380   0.
  2017 352 11 20 13 505 352.472378536      -0.56      2.14     -0.94  0.        3853.272        643.872       5300.626    0.000  -0.138   0.380   0.
  2017 352 11 20 14 505 352.472390110      -0.25      1.80     -0.61  0.        3852.613        645.620       5302.353    0.000  -0.138   0.380   0.
  2017 352 11 20 15 505 352.472401684       0.22      1.73     -0.41  0.        3851.954        647.369       5304.081    0.000  -0.138   0.380   0.
  2017 352 11 20 16 505 352.472413258       0.10      1.58     -0.59  0.        3851.293        649.117       5305.807    0.000  -0.138   0.380   0.
  2017 352 11 20 17 505 352.472424832      -0.34      1.55     -0.59  0.        3850.632        650.866       5307.532    0.000  -0.138   0.380   0.
  2017 352 11 20 18 505 352.472436406      -0.31      1.60     -0.17  0.        3849.971        652.614       5309.257    0.000  -0.138   0.380   0.
  2017 352 11 20 19 505 352.472447980      -0.18      1.58     -0.11  0.        3849.309        654.362       5310.981    0.000  -0.138   0.380   0.
  2017 352 11 20 20 505 352.472459554      -0.18      1.46     -0.19  0.        3848.646        656.110       5312.704    0.000  -0.138   0.380   0.
  2017 352 11 20 21 505 352.472471129       0.05      1.35     -0.29  0.        3847.983        657.858       5314.426    0.000  -0.138   0.380   0.
  2017 352 11 20 22 505 352.472482703       0.16      1.58     -0.49  0.        3847.320        659.606       5316.148    0.000  -0.138   0.380   0.
  2017 352 11 20 23 505 352.472494277      -0.03      1.65     -0.49  0.        3846.655        661.353       5317.868    0.000  -0.138   0.380   0.
  2017 352 11 20 24 505 352.472505851      -0.10      1.56     -0.42  0.        3845.990        663.101       5319.588    0.000  -0.138   0.380   0.
  2017 352 11 20 25 505 352.472517425      -0.36      1.60     -0.32  0.        3845.325        664.849       5321.307    0.000  -0.138   0.380   0.
  2017 352 11 20 26 505 352.472528996      -0.55      1.74     -0.23  0.        3844.659        666.596       5323.026    0.000  -0.138   0.380   0.
  2017 352 11 20 27 505 352.472540570      -0.43      1.71     -0.21  0.        3843.992        668.344       5324.743    0.000  -0.138   0.380   0.
  2017 352 11 20 28 505 352.472552144      -0.36      1.63     -0.03  0.        3843.325        670.091       5326.460    0.000  -0.138   0.380   0.
  2017 352 11 20 29 505 352.472563718       0.05      1.71      0.21  0.        3842.657        671.838       5328.176    0.000  -0.138   0.380   0.
  2017 352 11 20 30 505 352.472575292       0.33      1.61      0.31  0.        3841.989        673.585       5329.891    0.000  -0.138   0.380   0.
  2017 352 11 20 31 505 352.472586866       0.27      1.40      0.41  0.        3841.320        675.332       5331.605    0.000  -0.138   0.380   0.
  2017 352 11 20 32 505 352.472598440      -0.01      1.34      0.26  0.        3840.651        677.079       5333.319    0.000  -0.138   0.380   0.
  2017 352 11 20 33 505 352.472610014      -0.40      1.44      0.17  0.        3839.981        678.825       5335.032    0.000  -0.138   0.380   0.
  2017 352 11 20 34 505 352.472621589      -1.35      1.56      0.32  0.        3839.310        680.572       5336.744    0.000  -0.138   0.380   0.
  2017 352 11 20 35 505 352.472633163      -0.94      1.43      0.60  0.        3838.639        682.319       5338.455    0.000  -0.138   0.380   0.
  2017 352 11 20 36 505 352.472644737      -0.13      1.19      0.61  0.        3837.967        684.065       5340.165    0.000  -0.138   0.380   0.
  2017 352 11 20 37 505 352.472656311      -0.04      1.29      0.48  0.        3837.295        685.811       5341.875    0.000  -0.138   0.380   0.
  2017 352 11 20 38 505 352.472667885      -0.07      1.23      0.40  0.        3836.622        687.558       5343.584    0.000  -0.138   0.380   0.
  2017 352 11 20 39 505 352.472679459      -0.16      1.13      0.41  0.        3835.949        689.304       5345.292    0.000  -0.138   0.380   0.
  2017 352 11 20 40 505 352.472691033      -0.06      1.21      0.60  0.        3835.275        691.050       5346.999    0.000  -0.138   0.380   0.
  2017 352 11 20 41 505 352.472702607      -0.03      1.26      0.59  0.        3834.600        692.796       5348.706    0.000  -0.138   0.380   0.
  2017 352 11 20 42 505 352.472714181      -0.04      1.09      0.52  0.        3833.925        694.542       5350.411    0.000  -0.138   0.380   0.
  2017 352 11 20 43 505 352.472725755      -0.11      1.07      0.49  0.        3833.249        696.287       5352.116    0.000  -0.138   0.380   0.
  2017 352 11 20 44 505 352.472737329      -0.24      1.23      0.47  0.        3832.573        698.033       5353.820    0.000  -0.138   0.380   0.
  2017 352 11 20 45 505 352.472748903      -0.10      1.30      0.50  0.        3831.896        699.779       5355.524    0.000  -0.138   0.380   0.
  2017 352 11 20 46 505 352.472760477      -0.13      1.23      0.44  0.        3831.219        701.524       5357.226    0.000  -0.138   0.380   0.
  2017 352 11 20 47 505 352.472772052      -0.21      1.28      0.54  0.        3830.541        703.269       5358.928    0.000  -0.138   0.380   0.
  2017 352 11 20 48 505 352.472783626      -0.24      1.43      0.56  0.        3829.862        705.015       5360.629    0.000  -0.138   0.380   0.
  2017 352 11 20 49 505 352.472795200      -0.28      1.43      0.44  0.        3829.183        706.760       5362.329    0.000  -0.138   0.380   0.
  2017 352 11 20 50 505 352.472806774      -0.50      1.39      0.51  0.        3828.504        708.505       5364.028    0.000  -0.138   0.380   0.
  2017 352 11 20 51 505 352.472818348      -0.39      1.21      0.70  0.        3827.824        710.250       5365.727    0.000  -0.138   0.380   0.
  2017 352 11 20 52 505 352.472829922      -0.21      1.19      0.88  0.        3827.143        711.994       5367.425    0.000  -0.138   0.380   0.
  2017 352 11 20 53 505 352.472841496      -0.18      1.03      1.24  0.        3826.461        713.739       5369.122    0.000  -0.138   0.380   0.
  2017 352 11 20 54 505 352.472853070      -0.00      1.02      0.98  0.        3825.780        715.484       5370.817    0.000  -0.138   0.380   0.
  2017 352 11 20 55 504 352.472864644      -0.09      1.28      0.94  0.        3825.097        717.228       5372.513    0.000  -0.138   0.380   0.
  2017 352 11 20 56 504 352.472876215      -0.09      1.20      0.86  0.        3824.414        718.973       5374.208    0.000  -0.138   0.380   0.
  2017 352 11 20 57 505 352.472887789      -0.00      1.05      0.85  0.        3823.731        720.717       5375.902    0.000  -0.138   0.380   0.
  2017 352 11 20 58 505 352.472899363      -0.15      1.27      0.58  0.        3823.046        722.461       5377.595    0.000  -0.138   0.380   0.
  2017 352 11 20 59 504 352.472910937      -0.02      1.43      0.78  0.        3822.362        724.205       5379.287    0.000  -0.138   0.380   0.
  2017 352 11 21  0 504 352.472922512      -0.14      1.33      0.79  0.        3821.677        725.949       5380.979    0.000  -0.138   0.380   0.
  2017 352 11 21  1 505 352.472934086      -0.36      1.15      0.58  0.        3820.991        727.693       5382.669    0.000  -0.138   0.380   0.
  2017 352 11 21  2 505 352.472945660      -0.22      1.23      0.44  0.        3820.304        729.437       5384.359    0.000  -0.138   0.380   0.
  2017 352 11 21  3 505 352.472957234       0.15      1.29      0.45  0.        3819.618        731.181       5386.048    0.000  -0.138   0.380   0.
  2017 352 11 21  4 505 352.472968808       0.05      1.08      0.84  0.        3818.930        732.924       5387.737    0.000  -0.138   0.380   0.
  2017 352 11 21  5 505 352.472980382      -0.28      1.15      0.70  0.        3818.242        734.667       5389.424    0.000  -0.138   0.380   0.
  2017 352 11 21  6 504 352.472991956       0.10      1.26      1.00  0.        3817.553        736.411       5391.111    0.000  -0.138   0.380   0.
  2017 352 11 21  7 504 352.473003530       0.10      1.46      0.65  0.        3816.864        738.154       5392.797    0.000  -0.138   0.380   0.
  2017 352 11 21  8 504 352.473015104       0.16      1.35      0.44  0.        3816.175        739.897       5394.482    0.000  -0.138   0.380   0.
  2017 352 11 21  9 504 352.473026678      -0.22      1.43     -0.01  0.        3815.484        741.640       5396.167    0.000  -0.138   0.380   0.
  2017 352 11 21 10 504 352.473038252      -0.48      1.48     -0.04  0.        3814.794        743.383       5397.850    0.000  -0.138   0.380   0.
  2017 352 11 21 11 505 352.473049826      -0.23      1.89     -0.22  0.        3814.102        745.126       5399.533    0.000  -0.138   0.380   0.
  2017 352 11 21 12 505 352.473061400       0.57      1.63      0.64  0.        3813.410        746.869       5401.215    0.000  -0.138   0.380   0.
  2017 352 11 21 13 504 352.473072975       0.03      1.51      0.11  0.        3812.718        748.611       5402.896    0.000  -0.138   0.380   0.
  2017 352 11 21 14 504 352.473084549       0.02      1.74     -0.17  0.        3812.025        750.354       5404.577    0.000  -0.138   0.380   0.
  2017 352 11 21 15 505 352.473096123      -0.35      1.35     -0.00  0.        3811.331        752.096       5406.257    0.000  -0.138   0.380   0.
  2017 352 11 21 16 505 352.473107697       0.36      1.69      0.73  0.        3810.637        753.838       5407.936    0.000  -0.138   0.380   0.
  2017 352 11 21 17 505 352.473119271       0.03      1.41      0.62  0.        3809.943        755.580       5409.614    0.000  -0.138   0.380   0.
  2017 352 11 21 18 505 352.473130845       0.06      1.10      0.64  0.        3809.247        757.322       5411.291    0.000  -0.138   0.380   0.
  2017 352 11 21 19 505 352.473142419      -0.22      1.26      0.38  0.        3808.552        759.064       5412.968    0.000  -0.138   0.380   0.
  2017 352 11 21 20 504 352.473153993      -0.34      1.33      0.33  0.        3807.855        760.806       5414.643    0.000  -0.138   0.380   0.
  2017 352 11 21 21 504 352.473165567      -0.32      1.35      0.21  0.        3807.158        762.548       5416.318    0.000  -0.138   0.380   0.
  2017 352 11 21 22 504 352.473177141      -0.35      1.26      0.20  0.        3806.461        764.290       5417.993    0.000  -0.138   0.380   0.
  2017 352 11 21 23 504 352.473188715      -0.34      1.27      0.33  0.        3805.763        766.031       5419.666    0.000  -0.138   0.380   0.
  2017 352 11 21 24 504 352.473200286      -0.28      1.18      0.41  0.        3805.065        767.772       5421.339    0.000  -0.138   0.380   0.
  2017 352 11 21 25 504 352.473211861      -0.29      1.23      0.48  0.        3804.366        769.514       5423.011    0.000  -0.138   0.380   0.
  2017 352 11 21 26 504 352.473223435      -0.29      1.23      0.50  0.        3803.666        771.255       5424.682    0.000  -0.138   0.380   0.
  2017 352 11 21 27 504 352.473235009      -0.26      1.29      0.41  0.        3802.966        772.996       5426.352    0.000  -0.138   0.380   0.
  2017 352 11 21 28 504 352.473246583      -0.30      1.36      0.31  0.        3802.265        774.737       5428.022    0.000  -0.138   0.380   0.
  2017 352 11 21 29 504 352.473258157      -0.20      1.31      0.51  0.        3801.564        776.478       5429.690    0.000  -0.138   0.380   0.
  2017 352 11 21 30 504 352.473269731      -0.30      1.24      0.61  0.        3800.862        778.218       5431.358    0.000  -0.138   0.380   0.
  2017 352 11 21 31 504 352.473281305      -0.55      1.16      0.60  0.        3800.160        779.959       5433.026    0.000  -0.138   0.380   0.
  2017 352 11 21 32 504 352.473292879      -0.51      1.18      0.48  0.        3799.457        781.699       5434.692    0.000  -0.138   0.380   0.
  2017 352 11 21 33 504 352.473304453      -0.57      1.26      0.23  0.        3798.753        783.440       5436.358    0.000  -0.138   0.380   0.
  2017 352 11 21 34 504 352.473316027      -0.50      1.33      0.17  0.        3798.049        785.180       5438.022    0.000  -0.138   0.380   0.
  2017 352 11 21 35 504 352.473327601      -0.39      1.32      0.28  0.        3797.345        786.920       5439.687    0.000  -0.138   0.380   0.
  2017 352 11 21 36 504 352.473339175      -0.48      1.28      0.28  0.        3796.640        788.660       5441.350    0.000  -0.138   0.380   0.
  2017 352 11 21 37 504 352.473350749      -0.73      1.31      0.18  0.        3795.934        790.400       5443.012    0.000  -0.138   0.380   0.
  2017 352 11 21 38 504 352.473362323      -0.64      1.40      0.04  0.        3795.228        792.140       5444.674    0.000  -0.138   0.380   0.
  2017 352 11 21 39 504 352.473373898      -0.62      1.34      0.15  0.        3794.521        793.880       5446.335    0.000  -0.138   0.380   0.
  2017 352 11 21 40 504 352.473385472      -0.51      1.39      0.09  0.        3793.814        795.619       5447.995    0.000  -0.138   0.380   0.
  2017 352 11 21 41 504 352.473397046      -0.53      1.16      0.17  0.        3793.106        797.359       5449.655    0.000  -0.138   0.380   0.
  2017 352 11 21 42 504 352.473408620      -0.67      1.17     -0.01  0.        3792.398        799.098       5451.313    0.000  -0.138   0.380   0.
  2017 352 11 21 43 504 352.473420194      -0.37      1.41      0.17  0.        3791.689        800.837       5452.971    0.000  -0.138   0.380   0.
  2017 352 11 21 44 504 352.473431768      -0.41      1.28      0.36  0.        3790.980        802.577       5454.628    0.000  -0.138   0.380   0.
  2017 352 11 21 45 504 352.473443342      -0.78      1.08      0.23  0.        3790.270        804.316       5456.284    0.000  -0.138   0.380   0.
  2017 352 11 21 46 504 352.473454916      -0.50      1.22      0.15  0.        3789.559        806.055       5457.940    0.000  -0.138   0.380   0.
  2017 352 11 21 47 504 352.473466490      -0.82      1.24     -0.18  0.        3788.848        807.793       5459.595    0.000  -0.138   0.380   0.
  2017 352 11 21 48 504 352.473478064      -0.88      1.28     -0.03  0.        3788.137        809.532       5461.248    0.000  -0.138   0.380   0.
  2017 352 11 21 49 504 352.473489638      -0.75      1.38      0.03  0.        3787.425        811.271       5462.902    0.000  -0.138   0.380   0.
  2017 352 11 21 50 504 352.473501212      -0.25      1.48      0.19  0.        3786.712        813.009       5464.554    0.000  -0.138   0.380   0.
  2017 352 11 21 51 504 352.473512786      -0.31      1.14      0.07  0.        3785.999        814.747       5466.206    0.000  -0.138   0.380   0.
  2017 352 11 21 52 504 352.473524361      -0.55      1.21      0.01  0.        3785.285        816.486       5467.856    0.000  -0.138   0.380   0.
  2017 352 11 21 53 504 352.473535935      -0.67      1.08     -0.00  0.        3784.571        818.224       5469.506    0.000  -0.138   0.380   0.
  2017 352 11 21 54 504 352.473547506      -0.60      1.31     -0.24  0.        3783.856        819.962       5471.156    0.000  -0.138   0.380   0.
  2017 352 11 21 55 504 352.473559080      -1.17      1.24     -0.49  0.        3783.141        821.699       5472.804    0.000  -0.138   0.380   0.
  2017 352 11 21 56 504 352.473570654      -0.88      1.33     -0.29  0.        3782.425        823.437       5474.452    0.000  -0.138   0.380   0.
  2017 352 11 21 57 504 352.473582228      -0.45      1.40     -0.08  0.        3781.708        825.175       5476.099    0.000  -0.138   0.380   0.
  2017 352 11 21 58 504 352.473593802      -0.61      1.28      0.02  0.        3780.992        826.912       5477.745    0.000  -0.138   0.380   0.
  2017 352 11 21 59 504 352.473605376      -0.80      1.06     -0.17  0.        3780.274        828.650       5479.390    0.000  -0.138   0.380   0.
  2017 352 11 22  0 504 352.473616950      -0.34      1.30      0.12  0.        3779.556        830.387       5481.035    0.000  -0.138   0.380   0.
  2017 352 11 22  1 504 352.473628524      -0.62      1.20      0.03  0.        3778.838        832.124       5482.679    0.000  -0.138   0.380   0.
  2017 352 11 22  2 504 352.473640098      -0.64      1.23     -0.00  0.        3778.118        833.861       5484.322    0.000  -0.138   0.380   0.
  2017 352 11 22  3 504 352.473651672      -0.83      1.27     -0.20  0.        3777.399        835.598       5485.964    0.000  -0.138   0.380   0.
  2017 352 11 22  4 504 352.473663246      -0.82      1.24     -0.05  0.        3776.679        837.335       5487.606    0.000  -0.138   0.380   0.
  2017 352 11 22  5 504 352.473674821      -0.62      1.10      0.07  0.        3775.958        839.072       5489.246    0.000  -0.138   0.380   0.
  2017 352 11 22  6 504 352.473686395      -0.55      1.00      0.04  0.        3775.237        840.808       5490.886    0.000  -0.138   0.380   0.
  2017 352 11 22  7 504 352.473697969      -0.33      1.27     -0.04  0.        3774.515        842.545       5492.526    0.000  -0.138   0.380   0.
  2017 352 11 22  8 504 352.473709543      -0.81      1.06     -0.02  0.        3773.793        844.281       5494.164    0.000  -0.138   0.380   0.
  2017 352 11 22  9 504 352.473721117      -0.60      1.23      0.00  0.        3773.070        846.017       5495.802    0.000  -0.138   0.380   0.
  2017 352 11 22 10 504 352.473732691      -1.09      1.42     -0.09  0.        3772.347        847.754       5497.438    0.000  -0.138   0.380   0.
  2017 352 11 22 11 504 352.473744265      -1.76      1.59     -0.35  0.        3771.623        849.490       5499.075    0.000  -0.138   0.380   0.
  2017 352 11 22 12 504 352.473755839      -1.35      1.65     -0.44  0.        3770.898        851.225       5500.710    0.000  -0.138   0.380   0.
  2017 352 11 22 13 504 352.473767413      -0.71      1.52     -0.37  0.        3770.173        852.961       5502.344    0.000  -0.138   0.380   0.
  2017 352 11 22 14 504 352.473778987      -0.22      1.34     -0.25  0.        3769.448        854.697       5503.978    0.000  -0.138   0.380   0.
  2017 352 11 22 15 504 352.473790561      -0.60      1.50     -0.52  0.        3768.722        856.432       5505.611    0.000  -0.138   0.380   0.
  2017 352 11 22 16 504 352.473802135      -0.81      1.44     -0.45  0.        3767.995        858.168       5507.244    0.000  -0.138   0.380   0.
  2017 352 11 22 17 504 352.473813710      -0.76      1.48     -0.54  0.        3767.268        859.903       5508.875    0.000  -0.138   0.380   0.
  2017 352 11 22 18 504 352.473825284      -0.72      1.52     -0.63  0.        3766.541        861.638       5510.505    0.000  -0.138   0.380   0.
  2017 352 11 22 19 504 352.473836858      -0.65      1.30     -0.34  0.        3765.813        863.373       5512.135    0.000  -0.138   0.380   0.
  2017 352 11 22 20 504 352.473848432      -0.35      1.33     -0.21  0.        3765.084        865.108       5513.764    0.000  -0.138   0.380   0.
  2017 352 11 22 21 504 352.473860006      -0.19      1.59     -0.40  0.        3764.355        866.843       5515.393    0.000  -0.138   0.380   0.
  2017 352 11 22 22 504 352.473871580      -0.15      1.71     -0.55  0.        3763.625        868.577       5517.020    0.000  -0.138   0.380   0.
  2017 352 11 22 23 504 352.473883154      -0.36      1.63     -0.64  0.        3762.895        870.312       5518.647    0.000  -0.138   0.380   0.
  2017 352 11 22 24 504 352.473894725      -0.45      1.57     -0.58  0.        3762.164        872.046       5520.273    0.000  -0.138   0.380   0.
  2017 352 11 22 25 504 352.473906299      -0.29      1.62     -0.56  0.        3761.433        873.781       5521.898    0.000  -0.138   0.380   0.
  2017 352 11 22 26 504 352.473917873      -0.20      1.71     -0.59  0.        3760.701        875.515       5523.523    0.000  -0.138   0.380   0.
  2017 352 11 22 27 504 352.473929447      -0.14      1.58     -0.82  0.        3759.969        877.249       5525.147    0.000  -0.138   0.380   0.
  2017 352 11 22 28 504 352.473941021      -0.10      1.46     -0.91  0.        3759.236        878.983       5526.769    0.000  -0.138   0.380   0.
  2017 352 11 22 29 504 352.473952595      -0.04      1.45     -0.63  0.        3758.503        880.717       5528.392    0.000  -0.138   0.380   0.
  2017 352 11 22 30 504 352.473964170       0.01      1.40     -0.47  0.        3757.769        882.450       5530.013    0.000  -0.138   0.380   0.
  2017 352 11 22 31 504 352.473975744      -0.14      1.49     -0.80  0.        3757.034        884.184       5531.634    0.000  -0.138   0.380   0.
  2017 352 11 22 32 504 352.473987318      -0.18      1.54     -0.83  0.        3756.299        885.917       5533.253    0.000  -0.138   0.380   0.
  2017 352 11 22 33 504 352.473998892      -0.12      1.49     -0.64  0.        3755.564        887.651       5534.873    0.000  -0.138   0.380   0.
  2017 352 11 22 34 504 352.474010466      -0.15      1.55     -0.65  0.        3754.828        889.384       5536.491    0.000  -0.138   0.380   0.
  2017 352 11 22 35 504 352.474022040      -0.20      1.43     -0.55  0.        3754.091        891.117       5538.108    0.000  -0.138   0.380   0.
  2017 352 11 22 36 504 352.474033614      -0.20      1.47     -0.60  0.        3753.354        892.850       5539.725    0.000  -0.138   0.380   0.
  2017 352 11 22 37 504 352.474045188      -0.20      1.59     -0.67  0.        3752.617        894.583       5541.341    0.000  -0.138   0.380   0.
  2017 352 11 22 38 504 352.474056762      -0.14      1.56     -0.51  0.        3751.879        896.315       5542.956    0.000  -0.138   0.380   0.
  2017 352 11 22 39 504 352.474068336      -0.08      1.43     -0.37  0.        3751.140        898.048       5544.571    0.000  -0.138   0.380   0.
  2017 352 11 22 40 504 352.474079910      -0.13      1.41     -0.46  0.        3750.401        899.780       5546.185    0.000  -0.138   0.380   0.
  2017 352 11 22 41 504 352.474091484      -0.16      1.51     -0.45  0.        3749.661        901.513       5547.797    0.000  -0.138   0.380   0.
  2017 352 11 22 42 504 352.474103058      -0.31      1.29     -0.43  0.        3748.921        903.245       5549.410    0.000  -0.138   0.380   0.
  2017 352 11 22 43 504 352.474114633      -0.42      1.32     -0.58  0.        3748.181        904.977       5551.021    0.000  -0.138   0.380   0.
  2017 352 11 22 44 504 352.474126207      -0.36      1.39     -0.68  0.        3747.439        906.709       5552.632    0.000  -0.138   0.380   0.
  2017 352 11 22 45 504 352.474137781      -0.15      1.42     -0.55  0.        3746.698        908.441       5554.241    0.000  -0.138   0.380   0.
  2017 352 11 22 46 504 352.474149355      -0.16      1.34     -0.38  0.        3745.956        910.173       5555.851    0.000  -0.138   0.380   0.
  2017 352 11 22 47 504 352.474160929      -0.14      1.49     -0.51  0.        3745.213        911.904       5557.459    0.000  -0.138   0.380   0.
  2017 352 11 22 48 504 352.474172503      -0.27      1.38     -0.53  0.        3744.470        913.636       5559.066    0.000  -0.138   0.380   0.
  2017 352 11 22 49 504 352.474184077      -0.37      1.37     -0.64  0.        3743.726        915.367       5560.673    0.000  -0.138   0.380   0.
  2017 352 11 22 50 504 352.474195651      -0.45      1.46     -0.63  0.        3742.982        917.098       5562.279    0.000  -0.138   0.380   0.
  2017 352 11 22 51 504 352.474207225      -0.45      1.41     -0.51  0.        3742.237        918.829       5563.884    0.000  -0.138   0.380   0.
  2017 352 11 22 52 504 352.474218799      -0.02      1.48     -0.40  0.        3741.491        920.560       5565.489    0.000  -0.138   0.380   0.
  2017 352 11 22 53 504 352.474230373       0.15      1.46     -0.42  0.        3740.746        922.291       5567.093    0.000  -0.138   0.380   0.
  2017 352 11 22 54 504 352.474241947      -0.09      1.44     -0.78  0.        3739.999        924.022       5568.695    0.000  -0.138   0.380   0.
  2017 352 11 22 55 503 352.474253521      -0.36      1.36     -0.79  0.        3739.252        925.752       5570.298    0.000  -0.138   0.380   0.
  2017 352 11 22 56 503 352.474265093      -0.30      1.49     -0.97  0.        3738.505        927.483       5571.899    0.000  -0.138   0.380   0.
  2017 352 11 22 57 504 352.474276667      -0.55      1.46     -0.98  0.        3737.757        929.213       5573.500    0.000  -0.138   0.380   0.
  2017 352 11 22 58 504 352.474288241      -0.56      1.79     -0.99  0.        3737.009        930.943       5575.100    0.000  -0.138   0.380   0.
  2017 352 11 22 59 504 352.474299815      -0.60      1.61     -0.97  0.        3736.260        932.673       5576.699    0.000  -0.138   0.380   0.
  2017 352 11 23  0 504 352.474311389      -0.12      1.78     -0.64  0.        3735.510        934.403       5578.297    0.000  -0.138   0.380   0.
  2017 352 11 23  1 504 352.474322963       0.02      1.70     -0.52  0.        3734.760        936.133       5579.894    0.000  -0.138   0.380   0.
  2017 352 11 23  2 503 352.474334537      -0.16      1.54     -0.50  0.        3734.010        937.863       5581.491    0.000  -0.138   0.380   0.
  2017 352 11 23  3 503 352.474346111       0.11      1.53     -0.43  0.        3733.259        939.592       5583.087    0.000  -0.138   0.380   0.
  2017 352 11 23  4 503 352.474357685      -0.04      1.40     -0.51  0.        3732.507        941.322       5584.683    0.000  -0.138   0.380   0.
  2017 352 11 23  5 503 352.474369259      -0.19      1.40     -0.56  0.        3731.755        943.051       5586.277    0.000  -0.138   0.380   0.
  2017 352 11 23  6 503 352.474380833      -0.18      1.42     -0.50  0.        3731.003        944.780       5587.871    0.000  -0.138   0.380   0.
  2017 352 11 23  7 504 352.474392407      -0.40      1.33     -0.75  0.        3730.250        946.509       5589.464    0.000  -0.138   0.380   0.
  2017 352 11 23  8 504 352.474403981      -0.44      1.40     -0.70  0.        3729.496        948.238       5591.056    0.000  -0.138   0.380   0.
  2017 352 11 23  9 503 352.474415556      -0.36      1.49     -0.63  0.        3728.742        949.967       5592.647    0.000  -0.138   0.380   0.
  2017 352 11 23 10 503 352.474427130      -0.11      1.51     -0.57  0.        3727.988        951.695       5594.238    0.000  -0.138   0.380   0.
  2017 352 11 23 11 504 352.474438704      -0.18      1.45     -0.51  0.        3727.233        953.424       5595.828    0.000  -0.138   0.380   0.
  2017 352 11 23 12 504 352.474450278      -0.22      1.47     -0.52  0.        3726.477        955.152       5597.417    0.000  -0.138   0.380   0.
  2017 352 11 23 13 504 352.474461852      -0.18      1.49     -0.47  0.        3725.721        956.881       5599.006    0.000  -0.138   0.380   0.
  2017 352 11 23 14 504 352.474473426      -0.10      1.48     -0.48  0.        3724.964        958.609       5600.593    0.000  -0.138   0.380   0.
  2017 352 11 23 15 504 352.474485000      -0.21      1.42     -0.64  0.        3724.208        960.337       5602.180    0.000  -0.138   0.380   0.
  2017 352 11 23 16 503 352.474496574      -0.21      1.45     -0.65  0.        3723.450        962.065       5603.766    0.000  -0.138   0.380   0.
  2017 352 11 23 17 503 352.474508148      -0.30      1.45     -0.55  0.        3722.692        963.792       5605.351    0.000  -0.138   0.380   0.
  2017 352 11 23 18 503 352.474519722      -0.18      1.42     -0.46  0.        3721.933        965.520       5606.936    0.000  -0.138   0.380   0.
  2017 352 11 23 19 503 352.474531296      -0.31      1.36     -0.58  0.        3721.174        967.247       5608.520    0.000  -0.138   0.380   0.
  2017 352 11 23 20 504 352.474542870      -0.39      1.22     -0.93  0.        3720.414        968.975       5610.103    0.000  -0.138   0.380   0.
  2017 352 11 23 21 504 352.474554444      -0.52      1.29     -0.93  0.        3719.654        970.702       5611.685    0.000  -0.138   0.380   0.
  2017 352 11 23 22 503 352.474566019      -0.24      1.53     -0.50  0.        3718.894        972.429       5613.267    0.000  -0.138   0.380   0.
  2017 352 11 23 23 503 352.474577593      -0.06      1.47     -0.48  0.        3718.132        974.156       5614.847    0.000  -0.138   0.380   0.
  2017 352 11 23 24 504 352.474589167      -0.24      1.44     -0.46  0.        3717.371        975.883       5616.427    0.000  -0.138   0.380   0.
  2017 352 11 23 25 504 352.474600741      -0.51      1.34     -0.58  0.        3716.609        977.610       5618.007    0.000  -0.138   0.380   0.
  2017 352 11 23 26 503 352.474612312      -0.58      1.36     -0.54  0.        3715.846        979.336       5619.585    0.000  -0.138   0.380   0.
  2017 352 11 23 27 503 352.474623886      -0.56      1.45     -0.55  0.        3715.083        981.063       5621.163    0.000  -0.138   0.380   0.
  2017 352 11 23 28 503 352.474635460      -0.42      1.40     -0.71  0.        3714.319        982.789       5622.740    0.000  -0.138   0.380   0.
  2017 352 11 23 29 503 352.474647034      -0.52      1.27     -0.81  0.        3713.555        984.515       5624.316    0.000  -0.138   0.380   0.
  2017 352 11 23 30 503 352.474658608      -0.40      1.49     -0.55  0.        3712.790        986.241       5625.891    0.000  -0.138   0.380   0.
  2017 352 11 23 31 503 352.474670182      -0.33      1.58     -0.42  0.        3712.025        987.967       5627.466    0.000  -0.138   0.380   0.
  2017 352 11 23 32 503 352.474681756      -0.45      1.37     -0.52  0.        3711.260        989.693       5629.040    0.000  -0.138   0.380   0.
  2017 352 11 23 33 503 352.474693330      -0.52      1.24     -0.48  0.        3710.493        991.418       5630.613    0.000  -0.138   0.380   0.
  2017 352 11 23 34 503 352.474704904      -0.22      1.34     -0.28  0.        3709.727        993.144       5632.185    0.000  -0.138   0.380   0.
  2017 352 11 23 35 503 352.474716479      -0.01      1.53     -0.01  0.        3708.960        994.869       5633.757    0.000  -0.138   0.380   0.
  2017 352 11 23 36 503 352.474728053       0.38      1.36     -0.19  0.        3708.192        996.594       5635.328    0.000  -0.138   0.380   0.
  2017 352 11 23 37 503 352.474739627      -0.21      1.26     -0.59  0.        3707.424        998.319       5636.898    0.000  -0.138   0.380   0.
  2017 352 11 23 38 503 352.474751201      -0.41      1.37     -0.78  0.        3706.655       1000.044       5638.467    0.000  -0.138   0.380   0.
  2017 352 11 23 39 503 352.474762775      -0.18      1.31     -0.92  0.        3705.886       1001.769       5640.035    0.000  -0.138   0.380   0.
  2017 352 11 23 40 503 352.474774349      -0.59      1.25     -1.03  0.        3705.116       1003.494       5641.603    0.000  -0.138   0.380   0.
  2017 352 11 23 41 503 352.474785923      -1.00      1.38     -0.76  0.        3704.346       1005.218       5643.171    0.000  -0.138   0.380   0.
  2017 352 11 23 42 503 352.474797497      -0.20      1.62     -0.23  0.        3703.575       1006.943       5644.737    0.000  -0.138   0.380   0.
  2017 352 11 23 43 503 352.474809071      -0.28      1.53      0.05  0.        3702.804       1008.667       5646.302    0.000  -0.138   0.380   0.
  2017 352 11 23 44 503 352.474820645      -0.46      1.33     -0.38  0.        3702.033       1010.391       5647.867    0.000  -0.138   0.380   0.
  2017 352 11 23 45 503 352.474832219      -0.63      1.34     -0.73  0.        3701.260       1012.115       5649.431    0.000  -0.138   0.380   0.
  2017 352 11 23 46 503 352.474843793      -0.53      1.48     -0.70  0.        3700.488       1013.839       5650.994    0.000  -0.138   0.380   0.
  2017 352 11 23 47 503 352.474855367      -0.56      1.18     -0.87  0.        3699.715       1015.563       5652.557    0.000  -0.138   0.380   0.
  2017 352 11 23 48 503 352.474866942      -0.48      1.43     -0.91  0.        3698.941       1017.286       5654.119    0.000  -0.138   0.379   0.
  2017 352 11 23 49 503 352.474878516      -0.52      1.53     -1.06  0.        3698.167       1019.010       5655.680    0.000  -0.138   0.379   0.
  2017 352 11 23 50 503 352.474890090      -0.55      1.53     -0.57  0.        3697.392       1020.733       5657.240    0.000  -0.138   0.380   0.
  2017 352 11 23 51 503 352.474901664      -0.27      1.43     -0.42  0.        3696.617       1022.456       5658.799    0.000  -0.138   0.380   0.
  2017 352 11 23 52 503 352.474913238      -0.33      1.39     -0.79  0.        3695.842       1024.179       5660.358    0.000  -0.138   0.380   0.
  2017 352 11 23 53 503 352.474924812      -0.47      1.26     -0.97  0.        3695.065       1025.902       5661.916    0.000  -0.138   0.380   0.
  2017 352 11 23 54 503 352.474936386      -0.56      1.26     -0.83  0.        3694.289       1027.625       5663.473    0.000  -0.138   0.380   0.
  2017 352 11 23 55 503 352.474947960      -0.28      1.37     -0.83  0.        3693.512       1029.348       5665.030    0.000  -0.138   0.380   0.
  2017 352 11 23 56 503 352.474959531      -0.35      1.17     -0.94  0.        3692.734       1031.070       5666.585    0.000  -0.138   0.380   0.
  2017 352 11 23 57 503 352.474971105      -0.36      0.94     -1.04  0.        3691.956       1032.793       5668.140    0.000  -0.138   0.380   0.
  2017 352 11 23 58 503 352.474982679      -0.18      1.04     -0.88  0.        3691.178       1034.515       5669.694    0.000  -0.138   0.380   0.
  2017 352 11 23 59 503 352.474994253      -0.00      0.96     -1.05  0.        3690.398       1036.237       5671.248    0.000  -0.138   0.380   0.
  2017 352 11 24  0 503 352.475005828      -0.75      1.18     -1.20  0.        3689.619       1037.959       5672.800    0.000  -0.138   0.380   0.
  2017 352 11 24  1 503 352.475017402      -0.55      1.34     -0.97  0.        3688.839       1039.681       5674.352    0.000  -0.138   0.380   0.
  2017 352 11 24  2 503 352.475028976      -0.13      1.21     -1.16  0.        3688.058       1041.403       5675.903    0.000  -0.138   0.380   0.
  2017 352 11 24  3 503 352.475040550       0.68      1.68     -0.78  0.        3687.277       1043.124       5677.454    0.000  -0.138   0.380   0.
  2017 352 11 24  4 503 352.475052124       0.78      1.20     -0.96  0.        3686.496       1044.845       5679.003    0.000  -0.138   0.380   0.
  2017 352 11 24  5 503 352.475063698       0.38      0.65     -1.49  0.        3685.714       1046.567       5680.552    0.000  -0.138   0.380   0.
  2017 352 11 24  6 503 352.475075272      -1.10      0.61     -0.79  0.        3684.931       1048.288       5682.100    0.000  -0.138   0.380   0.
  2017 352 11 24  7 503 352.475086846       0.41      1.37     -0.25  0.        3684.148       1050.009       5683.648    0.000  -0.138   0.380   0.
  2017 352 11 24  8 503 352.475098420       1.48      1.81     -0.73  0.        3683.365       1051.730       5685.194    0.000  -0.138   0.380   0.
  2017 352 11 24  9 503 352.475109994      -0.41      0.90     -0.72  0.        3682.581       1053.450       5686.740    0.000  -0.138   0.380   0.
  2017 352 11 24 10 503 352.475121568      -0.57      1.02     -1.08  0.        3681.796       1055.171       5688.285    0.000  -0.138   0.380   0.
  2017 352 11 24 11 503 352.475133142      -0.61      1.00     -0.74  0.        3681.011       1056.891       5689.830    0.000  -0.138   0.380   0.
  2017 352 11 24 12 503 352.475144716       0.22      0.84     -1.11  0.        3680.226       1058.612       5691.373    0.000  -0.138   0.380   0.
  2017 352 11 24 13 503 352.475156291       0.22      1.00     -0.78  0.        3679.440       1060.332       5692.916    0.000  -0.138   0.380   0.
  2017 352 11 24 14 503 352.475167865       0.60      1.58     -0.72  0.        3678.654       1062.052       5694.458    0.000  -0.138   0.380   0.
  2017 352 11 24 15 503 352.475179439       0.40      1.35     -0.73  0.        3677.867       1063.772       5695.999    0.000  -0.138   0.380   0.
  2017 352 11 24 16 503 352.475191013       0.16      0.99     -0.96  0.        3677.079       1065.491       5697.540    0.000  -0.138   0.380   0.
  2017 352 11 24 17 503 352.475202587      -0.00      1.03     -1.10  0.        3676.291       1067.211       5699.080    0.000  -0.138   0.380   0.
  2017 352 11 24 18 503 352.475214161      -0.60      0.90     -1.03  0.        3675.503       1068.930       5700.619    0.000  -0.138   0.380   0.
  2017 352 11 24 19 503 352.475225735      -0.33      0.97     -1.01  0.        3674.714       1070.650       5702.157    0.000  -0.138   0.380   0.
  2017 352 11 24 20 503 352.475237309      -0.03      1.07     -0.86  0.        3673.925       1072.369       5703.695    0.000  -0.138   0.380   0.
  2017 352 11 24 21 503 352.475248883       0.16      0.99     -0.84  0.        3673.135       1074.088       5705.232    0.000  -0.138   0.380   0.
  2017 352 11 24 22 503 352.475260457      -0.04      0.87     -0.85  0.        3672.345       1075.807       5706.768    0.000  -0.138   0.380   0.
  2017 352 11 24 23 503 352.475272031       0.21      0.86     -0.78  0.        3671.554       1077.526       5708.303    0.000  -0.138   0.380   0.
  2017 352 11 24 24 503 352.475283602       0.41      0.88     -0.71  0.        3670.763       1079.244       5709.837    0.000  -0.138   0.380   0.
  2017 352 11 24 25 503 352.475295177       0.27      1.02     -0.65  0.        3669.971       1080.963       5711.371    0.000  -0.138   0.380   0.
  2017 352 11 24 26 503 352.475306751       0.49      1.26     -0.76  0.        3669.179       1082.681       5712.904    0.000  -0.138   0.380   0.
  2017 352 11 24 27 503 352.475318325       0.46      0.71     -1.42  0.        3668.386       1084.399       5714.436    0.000  -0.138   0.380   0.
  2017 352 11 24 28 503 352.475329899      -0.01      0.36     -1.36  0.        3667.593       1086.117       5715.968    0.000  -0.138   0.380   0.
  2017 352 11 24 29 503 352.475341473      -0.59      0.61     -1.05  0.        3666.799       1087.835       5717.499    0.000  -0.138   0.380   0.
  2017 352 11 24 30 503 352.475353047      -0.00      0.80     -1.04  0.        3666.005       1089.553       5719.029    0.000  -0.138   0.380   0.
  2017 352 11 24 31 503 352.475364621      -0.11      0.75     -1.00  0.        3665.211       1091.270       5720.558    0.000  -0.138   0.380   0.
  2017 352 11 24 32 503 352.475376195       0.04      0.73     -1.26  0.        3664.415       1092.988       5722.087    0.000  -0.138   0.380   0.
  2017 352 11 24 33 503 352.475387769       0.01      0.60     -1.22  0.        3663.620       1094.705       5723.614    0.000  -0.138   0.380   0.
  2017 352 11 24 34 503 352.475399343       0.05      0.80     -1.30  0.        3662.824       1096.422       5725.142    0.000  -0.138   0.380   0.
  2017 352 11 24 35 503 352.475410917      -0.03      0.78     -1.33  0.        3662.027       1098.139       5726.668    0.000  -0.138   0.380   0.
  2017 352 11 24 36 503 352.475422491      -0.16      1.00     -1.02  0.        3661.230       1099.856       5728.193    0.000  -0.138   0.380   0.
  2017 352 11 24 37 503 352.475434065      -0.25      0.92     -1.07  0.        3660.433       1101.573       5729.718    0.000  -0.138   0.380   0.
  2017 352 11 24 38 503 352.475445639      -0.00      1.04     -1.20  0.        3659.635       1103.290       5731.242    0.000  -0.138   0.380   0.
  2017 352 11 24 39 503 352.475457214      -0.27      1.26     -1.38  0.        3658.836       1105.006       5732.765    0.000  -0.138   0.380   0.
  2017 352 11 24 40 503 352.475468788      -0.35      1.07     -1.22  0.        3658.037       1106.722       5734.288    0.000  -0.138   0.380   0.
  2017 352 11 24 41 503 352.475480362      -0.27      1.03     -1.28  0.        3657.238       1108.439       5735.810    0.000  -0.138   0.380   0.
  2017 352 11 24 42 503 352.475491936      -0.57      1.29     -1.11  0.        3656.438       1110.155       5737.331    0.000  -0.138   0.380   0.
  2017 352 11 24 43 503 352.475503510      -0.58      1.33     -1.18  0.        3655.637       1111.871       5738.851    0.000  -0.138   0.380   0.
  2017 352 11 24 44 503 352.475515084      -0.23      1.16     -1.28  0.        3654.837       1113.586       5740.371    0.000  -0.138   0.380   0.
  2017 352 11 24 45 503 352.475526658       0.05      1.11     -1.11  0.        3654.035       1115.302       5741.889    0.000  -0.138   0.380   0.
  2017 352 11 24 46 503 352.475538232       0.28      0.97     -1.11  0.        3653.234       1117.017       5743.407    0.000  -0.138   0.380   0.
  2017 352 11 24 47 503 352.475549806       0.17      1.06     -1.12  0.        3652.431       1118.733       5744.925    0.000  -0.138   0.380   0.
  2017 352 11 24 48 503 352.475561380       0.17      1.14     -1.15  0.        3651.629       1120.448       5746.441    0.000  -0.138   0.380   0.
  2017 352 11 24 49 503 352.475572954      -0.27      1.00     -1.25  0.        3650.825       1122.163       5747.957    0.000  -0.138   0.380   0.
  2017 352 11 24 50 503 352.475584528      -0.32      1.41     -1.01  0.        3650.022       1123.878       5749.472    0.000  -0.138   0.380   0.
  2017 352 11 24 51 503 352.475596102      -0.26      1.54     -0.85  0.        3649.217       1125.592       5750.986    0.000  -0.138   0.380   0.
  2017 352 11 24 52 503 352.475607677      -0.07      1.58     -1.09  0.        3648.413       1127.307       5752.500    0.000  -0.138   0.380   0.
  2017 352 11 24 53 503 352.475619250      -0.47      1.70     -1.31  0.        3647.608       1129.021       5754.013    0.000  -0.138   0.380   0.
  2017 352 11 24 54 503 352.475630822      -0.10      1.82     -0.92  0.        3646.802       1130.736       5755.525    0.000  -0.138   0.380   0.
  2017 352 11 24 55 503 352.475642396      -0.06      1.51     -0.91  0.        3645.996       1132.450       5757.036    0.000  -0.138   0.380   0.
  2017 352 11 24 56 503 352.475653970       0.02      1.68     -0.78  0.        3645.189       1134.164       5758.547    0.000  -0.138   0.380   0.
  2017 352 11 24 57 503 352.475665544      -0.21      1.68     -1.00  0.        3644.382       1135.878       5760.056    0.000  -0.138   0.380   0.
  2017 352 11 24 58 502 352.475677118      -0.37      1.65     -0.92  0.        3643.575       1137.591       5761.565    0.000  -0.138   0.380   0.
  2017 352 11 24 59 502 352.475688692      -0.25      1.50     -0.90  0.        3642.767       1139.305       5763.074    0.000  -0.138   0.380   0.
  2017 352 11 25  0 502 352.475700266      -0.14      1.42     -0.79  0.        3641.958       1141.018       5764.581    0.000  -0.138   0.380   0.
  2017 352 11 25  1 502 352.475711840      -0.04      1.44     -0.82  0.        3641.149       1142.732       5766.088    0.000  -0.138   0.380   0.
  2017 352 11 25  2 502 352.475723414      -0.10      1.29     -0.82  0.        3640.340       1144.445       5767.594    0.000  -0.138   0.380   0.
  2017 352 11 25  3 503 352.475734988      -0.17      1.08     -0.90  0.        3639.530       1146.158       5769.099    0.000  -0.138   0.380   0.
  2017 352 11 25  4 503 352.475746563      -0.35      1.29     -0.74  0.        3638.720       1147.870       5770.604    0.000  -0.138   0.380   0.
  2017 352 11 25  5 502 352.475758137      -0.24      1.47     -0.62  0.        3637.909       1149.583       5772.108    0.000  -0.138   0.380   0.
  2017 352 11 25  6 502 352.475769711      -0.22      1.51     -0.61  0.        3637.098       1151.296       5773.611    0.000  -0.138   0.380   0.
  2017 352 11 25  7 503 352.475781285      -0.17      1.42     -0.77  0.        3636.286       1153.008       5775.113    0.000  -0.138   0.380   0.
  2017 352 11 25  8 503 352.475792859      -0.18      1.43     -0.67  0.        3635.474       1154.720       5776.615    0.000  -0.138   0.380   0.
  2017 352 11 25  9 503 352.475804433      -0.40      1.47     -0.61  0.        3634.661       1156.432       5778.116    0.000  -0.138   0.380   0.
  2017 352 11 25 10 503 352.475816007      -0.10      1.49     -0.65  0.        3633.848       1158.144       5779.616    0.000  -0.138   0.380   0.
  2017 352 11 25 11 502 352.475827581      -0.15      1.43     -0.68  0.        3633.035       1159.856       5781.115    0.000  -0.138   0.380   0.
  2017 352 11 25 12 502 352.475839155      -0.07      1.65     -0.54  0.        3632.221       1161.568       5782.614    0.000  -0.138   0.380   0.
  2017 352 11 25 13 502 352.475850729       0.08      1.51     -0.61  0.        3631.406       1163.279       5784.112    0.000  -0.138   0.380   0.
  2017 352 11 25 14 502 352.475862303       0.17      1.40     -0.51  0.        3630.591       1164.990       5785.609    0.000  -0.138   0.380   0.
  2017 352 11 25 15 502 352.475873877       0.16      1.37     -0.57  0.        3629.775       1166.702       5787.105    0.000  -0.138   0.380   0.
  2017 352 11 25 16 503 352.475885451       0.07      1.44     -0.52  0.        3628.959       1168.413       5788.601    0.000  -0.138   0.380   0.
  2017 352 11 25 17 503 352.475897025      -0.02      1.34     -0.62  0.        3628.143       1170.124       5790.096    0.000  -0.138   0.380   0.
  2017 352 11 25 18 502 352.475908600       0.12      1.41     -0.57  0.        3627.326       1171.834       5791.590    0.000  -0.138   0.380   0.
  2017 352 11 25 19 502 352.475920174      -0.04      1.37     -0.80  0.        3626.509       1173.545       5793.084    0.000  -0.138   0.380   0.
  2017 352 11 25 20 503 352.475931748      -0.24      1.37     -0.67  0.        3625.691       1175.255       5794.576    0.000  -0.138   0.380   0.
  2017 352 11 25 21 503 352.475943322      -0.30      1.27     -0.60  0.        3624.873       1176.965       5796.068    0.000  -0.138   0.380   0.
  2017 352 11 25 22 503 352.475954896      -0.13      1.21     -0.51  0.        3624.054       1178.676       5797.559    0.000  -0.138   0.380   0.
  2017 352 11 25 23 503 352.475966470      -0.04      1.39     -0.37  0.        3623.235       1180.386       5799.050    0.000  -0.138   0.380   0.
  2017 352 11 25 24 502 352.475978041       0.06      1.39     -0.41  0.        3622.415       1182.095       5800.539    0.000  -0.138   0.380   0.
  2017 352 11 25 25 502 352.475989615       0.30      1.46     -0.57  0.        3621.595       1183.805       5802.028    0.000  -0.138   0.380   0.
  2017 352 11 25 26 502 352.476001189       0.32      1.33     -1.01  0.        3620.775       1185.515       5803.516    0.000  -0.138   0.380   0.
  2017 352 11 25 27 502 352.476012763       0.27      1.29     -0.99  0.        3619.954       1187.224       5805.004    0.000  -0.138   0.380   0.
  2017 352 11 25 28 502 352.476024337       0.17      1.17     -0.99  0.        3619.132       1188.933       5806.491    0.000  -0.138   0.380   0.
  2017 352 11 25 29 502 352.476035911       0.35      1.28     -0.72  0.        3618.310       1190.642       5807.977    0.000  -0.138   0.380   0.
  2017 352 11 25 30 502 352.476047486       0.57      1.42     -0.93  0.        3617.488       1192.351       5809.462    0.000  -0.138   0.380   0.
  2017 352 11 25 31 502 352.476059060       0.32      1.36     -1.00  0.        3616.665       1194.060       5810.947    0.000  -0.138   0.380   0.
  2017 352 11 25 32 502 352.476070634       0.22      1.30     -0.83  0.        3615.842       1195.769       5812.430    0.000  -0.138   0.380   0.
  2017 352 11 25 33 502 352.476082208       0.16      1.43     -0.75  0.        3615.018       1197.477       5813.913    0.000  -0.138   0.380   0.
  2017 352 11 25 34 502 352.476093782       0.43      1.47     -0.34  0.        3614.194       1199.185       5815.396    0.000  -0.138   0.380   0.
  2017 352 11 25 35 502 352.476105356       0.46      1.27     -0.53  0.        3613.369       1200.894       5816.877    0.000  -0.138   0.380   0.
  2017 352 11 25 36 502 352.476116930       0.09      1.38     -0.56  0.        3612.544       1202.602       5818.358    0.000  -0.138   0.380   0.
  2017 352 11 25 37 502 352.476128504       0.12      1.57     -0.38  0.        3611.718       1204.309       5819.838    0.000  -0.138   0.380   0.
  2017 352 11 25 38 502 352.476140078      -0.19      1.40     -0.49  0.        3610.892       1206.017       5821.317    0.000  -0.138   0.380   0.
  2017 352 11 25 39 502 352.476151652      -0.30      1.48     -0.07  0.        3610.065       1207.725       5822.796    0.000  -0.138   0.380   0.
  2017 352 11 25 40 502 352.476163226      -0.28      1.38     -0.24  0.        3609.238       1209.432       5824.274    0.000  -0.138   0.380   0.
  2017 352 11 25 41 502 352.476174800      -0.48      1.54     -0.22  0.        3608.411       1211.139       5825.751    0.000  -0.138   0.380   0.
  2017 352 11 25 42 502 352.476186374      -0.41      1.45     -0.14  0.        3607.583       1212.846       5827.227    0.000  -0.138   0.380   0.
  2017 352 11 25 43 502 352.476197948      -0.59      1.43     -0.27  0.        3606.754       1214.553       5828.703    0.000  -0.138   0.380   0.
  2017 352 11 25 44 502 352.476209523      -0.52      1.60     -0.41  0.        3605.926       1216.260       5830.178    0.000  -0.138   0.380   0.
  2017 352 11 25 45 502 352.476221097      -0.54      1.88     -0.59  0.        3605.096       1217.967       5831.652    0.000  -0.138   0.380   0.
  2017 352 11 25 46 502 352.476232671      -0.44      1.73     -0.70  0.        3604.267       1219.673       5833.125    0.000  -0.138   0.380   0.
  2017 352 11 25 47 502 352.476244245      -0.53      1.52     -0.83  0.        3603.436       1221.380       5834.598    0.000  -0.138   0.380   0.
  2017 352 11 25 48 502 352.476255819      -0.02      1.72     -0.75  0.        3602.606       1223.086       5836.070    0.000  -0.138   0.380   0.
  2017 352 11 25 49 502 352.476267393       0.04      1.60     -0.64  0.        3601.775       1224.792       5837.541    0.000  -0.138   0.380   0.
  2017 352 11 25 50 502 352.476278967      -0.10      1.72     -0.25  0.        3600.943       1226.498       5839.012    0.000  -0.138   0.380   0.
  2017 352 11 25 51 502 352.476290541      -0.18      1.46     -0.39  0.        3600.111       1228.203       5840.481    0.000  -0.138   0.380   0.
  2017 352 11 25 52 502 352.476302115      -0.31      1.37     -0.33  0.        3599.278       1229.909       5841.950    0.000  -0.138   0.380   0.
  2017 352 11 25 53 502 352.476313689      -0.33      1.29     -0.42  0.        3598.445       1231.614       5843.419    0.000  -0.138   0.380   0.
  2017 352 11 25 54 502 352.476325260      -0.38      1.34     -0.42  0.        3597.612       1233.319       5844.886    0.000  -0.138   0.380   0.
  2017 352 11 25 55 502 352.476336834      -0.41      1.43     -0.48  0.        3596.778       1235.025       5846.353    0.000  -0.138   0.380   0.
  2017 352 11 25 56 502 352.476348409      -0.49      1.39     -0.53  0.        3595.944       1236.729       5847.819    0.000  -0.138   0.380   0.
  2017 352 11 25 57 502 352.476359983      -0.38      1.40     -0.74  0.        3595.109       1238.434       5849.284    0.000  -0.138   0.380   0.
  2017 352 11 25 58 502 352.476371557      -0.53      1.42     -0.81  0.        3594.274       1240.139       5850.749    0.000  -0.138   0.380   0.
  2017 352 11 25 59 502 352.476383131      -0.31      1.68     -0.53  0.        3593.438       1241.843       5852.213    0.000  -0.138   0.380   0.
  2017 352 11 26  0 502 352.476394705      -0.13      1.54     -0.66  0.        3592.602       1243.548       5853.676    0.000  -0.138   0.380   0.
  2017 352 11 26  1 502 352.476406279      -0.49      1.51     -0.79  0.        3591.766       1245.252       5855.138    0.000  -0.138   0.380   0.
  2017 352 11 26  2 502 352.476417853      -0.66      1.68     -0.83  0.        3590.928       1246.956       5856.600    0.000  -0.138   0.380   0.
  2017 352 11 26  3 502 352.476429427      -0.69      1.62     -0.66  0.        3590.091       1248.660       5858.060    0.000  -0.138   0.380   0.
  2017 352 11 26  4 502 352.476441001      -0.64      1.50     -0.59  0.        3589.253       1250.363       5859.521    0.000  -0.138   0.380   0.
  2017 352 11 26  5 502 352.476452575      -0.70      1.61     -0.44  0.        3588.415       1252.067       5860.980    0.000  -0.138   0.380   0.
  2017 352 11 26  6 502 352.476464149      -0.47      1.68     -0.23  0.        3587.576       1253.770       5862.439    0.000  -0.138   0.380   0.
  2017 352 11 26  7 502 352.476475723      -0.21      1.80      0.00  0.        3586.737       1255.473       5863.897    0.000  -0.138   0.380   0.
  2017 352 11 26  8 502 352.476487297       0.20      1.63     -0.37  0.        3585.897       1257.176       5865.354    0.000  -0.138   0.380   0.
  2017 352 11 26  9 502 352.476498871      -0.07      1.48     -0.86  0.        3585.057       1258.879       5866.810    0.000  -0.138   0.380   0.
  2017 352 11 26 10 502 352.476510446      -0.20      1.57     -0.78  0.        3584.216       1260.582       5868.266    0.000  -0.138   0.380   0.
  2017 352 11 26 11 502 352.476522020      -0.09      1.55     -0.89  0.        3583.375       1262.285       5869.721    0.000  -0.138   0.380   0.
  2017 352 11 26 12 502 352.476533594      -0.28      1.37     -0.85  0.        3582.534       1263.987       5871.175    0.000  -0.138   0.380   0.
  2017 352 11 26 13 502 352.476545168      -0.20      1.49     -0.65  0.        3581.692       1265.689       5872.629    0.000  -0.138   0.380   0.
  2017 352 11 26 14 502 352.476556742      -0.23      1.69     -0.58  0.        3580.849       1267.391       5874.081    0.000  -0.138   0.380   0.
  2017 352 11 26 15 502 352.476568316      -0.01      1.62     -0.65  0.        3580.006       1269.093       5875.534    0.000  -0.138   0.380   0.
  2017 352 11 26 16 502 352.476579890      -0.02      1.39     -0.77  0.        3579.163       1270.795       5876.985    0.000  -0.138   0.380   0.
  2017 352 11 26 17 502 352.476591464      -0.11      1.40     -0.77  0.        3578.319       1272.497       5878.435    0.000  -0.138   0.380   0.
  2017 352 11 26 18 502 352.476603038      -0.21      1.47     -0.66  0.        3577.475       1274.198       5879.885    0.000  -0.138   0.380   0.
  2017 352 11 26 19 502 352.476614612      -0.16      1.53     -0.64  0.        3576.630       1275.900       5881.334    0.000  -0.138   0.380   0.
  2017 352 11 26 20 502 352.476626186      -0.19      1.54     -0.66  0.        3575.785       1277.601       5882.783    0.000  -0.138   0.380   0.
  2017 352 11 26 21 502 352.476637760       0.07      1.80     -0.56  0.        3574.940       1279.302       5884.230    0.000  -0.138   0.380   0.
  2017 352 11 26 22 502 352.476649334       0.17      1.82     -0.65  0.        3574.094       1281.003       5885.677    0.000  -0.138   0.380   0.
  2017 352 11 26 23 502 352.476660909      -0.23      1.58     -0.70  0.        3573.247       1282.703       5887.124    0.000  -0.138   0.380   0.
  2017 352 11 26 24 502 352.476672483      -0.02      2.12     -0.26  0.        3572.401       1284.404       5888.569    0.000  -0.138   0.380   0.
  2017 352 11 26 25 502 352.476684057      -0.05      1.92     -0.72  0.        3571.553       1286.104       5890.014    0.000  -0.138   0.380   0.
  2017 352 11 26 26 502 352.476695628      -0.26      1.82     -0.30  0.        3570.705       1287.804       5891.458    0.000  -0.138   0.380   0.
  2017 352 11 26 27 502 352.476707202       0.04      1.77     -0.02  0.        3569.857       1289.504       5892.901    0.000  -0.138   0.380   0.
  2017 352 11 26 28 502 352.476718776       0.13      1.66     -0.28  0.        3569.009       1291.204       5894.343    0.000  -0.138   0.380   0.
  2017 352 11 26 29 502 352.476730350       0.28      1.57     -0.57  0.        3568.160       1292.904       5895.785    0.000  -0.138   0.380   0.
  2017 352 11 26 30 502 352.476741924       0.22      1.52     -0.60  0.        3567.310       1294.604       5897.226    0.000  -0.138   0.380   0.
  2017 352 11 26 31 502 352.476753498       0.36      1.61     -0.61  0.        3566.460       1296.303       5898.666    0.000  -0.138   0.380   0.
  2017 352 11 26 32 502 352.476765072       0.36      1.69     -0.45  0.        3565.610       1298.002       5900.106    0.000  -0.138   0.380   0.
  2017 352 11 26 33 502 352.476776646       0.17      1.51     -0.34  0.        3564.759       1299.701       5901.545    0.000  -0.138   0.380   0.
  2017 352 11 26 34 502 352.476788221       0.09      1.37     -0.15  0.        3563.908       1301.400       5902.983    0.000  -0.138   0.380   0.
  2017 352 11 26 35 502 352.476799795       0.15      1.40     -0.48  0.        3563.056       1303.099       5904.421    0.000  -0.138   0.380   0.
  2017 352 11 26 36 502 352.476811369       0.02      1.51     -0.61  0.        3562.204       1304.798       5905.857    0.000  -0.138   0.380   0.
  2017 352 11 26 37 502 352.476822943       0.03      1.49     -0.69  0.        3561.351       1306.496       5907.293    0.000  -0.138   0.380   0.
  2017 352 11 26 38 502 352.476834517       0.08      1.45     -0.46  0.        3560.498       1308.194       5908.728    0.000  -0.138   0.380   0.
  2017 352 11 26 39 502 352.476846091       0.56      1.56     -0.40  0.        3559.645       1309.892       5910.163    0.000  -0.138   0.380   0.
  2017 352 11 26 40 502 352.476857665       0.29      1.53     -0.68  0.        3558.791       1311.590       5911.597    0.000  -0.138   0.380   0.
  2017 352 11 26 41 502 352.476869239       0.08      1.42     -0.75  0.        3557.936       1313.288       5913.030    0.000  -0.138   0.380   0.
  2017 352 11 26 42 502 352.476880813      -0.03      1.38     -0.85  0.        3557.081       1314.986       5914.462    0.000  -0.138   0.380   0.
  2017 352 11 26 43 502 352.476892387      -0.07      1.63     -0.59  0.        3556.226       1316.683       5915.894    0.000  -0.138   0.380   0.
  2017 352 11 26 44 502 352.476903961       0.07      1.67     -0.53  0.        3555.370       1318.381       5917.324    0.000  -0.138   0.380   0.
  2017 352 11 26 45 502 352.476915535       0.22      1.61     -0.42  0.        3554.514       1320.078       5918.755    0.000  -0.138   0.380   0.
  2017 352 11 26 46 502 352.476927109       0.25      1.59     -0.36  0.        3553.658       1321.775       5920.184    0.000  -0.138   0.380   0.
  2017 352 11 26 47 502 352.476938683       0.50      1.57     -0.25  0.        3552.801       1323.471       5921.613    0.000  -0.138   0.380   0.
  2017 352 11 26 48 502 352.476950258       0.32      1.41     -0.43  0.        3551.943       1325.168       5923.041    0.000  -0.138   0.380   0.
  2017 352 11 26 49 502 352.476961832       0.12      1.28     -0.59  0.        3551.085       1326.865       5924.468    0.000  -0.138   0.380   0.
  2017 352 11 26 50 502 352.476973406       0.04      1.29     -0.72  0.        3550.227       1328.561       5925.894    0.000  -0.138   0.380   0.
  2017 352 11 26 51 502 352.476984980      -0.07      1.36     -0.70  0.        3549.368       1330.257       5927.320    0.000  -0.138   0.380   0.
  2017 352 11 26 52 502 352.476996554      -0.07      1.22     -0.68  0.        3548.509       1331.954       5928.745    0.000  -0.138   0.380   0.
  2017 352 11 26 53 502 352.477008128      -0.10      1.30     -0.68  0.        3547.650       1333.649       5930.169    0.000  -0.138   0.380   0.
  2017 352 11 26 54 502 352.477019702      -0.03      1.41     -0.56  0.        3546.790       1335.344       5931.593    0.000  -0.138   0.380   0.
  2017 352 11 26 55 501 352.477031276       0.05      1.42     -0.40  0.        3545.929       1337.041       5933.016    0.000  -0.138   0.380   0.
  2017 352 11 26 56 501 352.477042847      -0.01      1.40     -0.49  0.        3545.068       1338.736       5934.438    0.000  -0.138   0.380   0.
  2017 352 11 26 57 501 352.477054421      -0.02      1.38     -0.60  0.        3544.207       1340.431       5935.859    0.000  -0.138   0.380   0.
  2017 352 11 26 58 502 352.477065995      -0.02      1.34     -0.63  0.        3543.345       1342.126       5937.280    0.000  -0.138   0.380   0.
  2017 352 11 26 59 502 352.477077569      -0.09      1.41     -0.70  0.        3542.483       1343.821       5938.700    0.000  -0.138   0.380   0.
  2017 352 11 27  0 501 352.477089143      -0.27      1.46     -0.60  0.        3541.620       1345.515       5940.119    0.000  -0.138   0.380   0.
  2017 352 11 27  1 501 352.477100718      -0.05      1.51     -0.47  0.        3540.757       1347.210       5941.537    0.000  -0.138   0.380   0.
  2017 352 11 27  2 502 352.477112292       0.01      1.50     -0.57  0.        3539.893       1348.904       5942.955    0.000  -0.138   0.380   0.
  2017 352 11 27  3 502 352.477123866      -0.26      1.39     -0.69  0.        3539.030       1350.599       5944.372    0.000  -0.138   0.380   0.
  2017 352 11 27  4 502 352.477135440      -0.31      1.46     -0.45  0.        3538.165       1352.293       5945.788    0.000  -0.138   0.380   0.
  2017 352 11 27  5 502 352.477147014      -0.17      1.43     -0.50  0.        3537.300       1353.987       5947.204    0.000  -0.138   0.380   0.
  2017 352 11 27  6 502 352.477158588      -0.33      1.42     -0.54  0.        3536.435       1355.680       5948.619    0.000  -0.138   0.380   0.
  2017 352 11 27  7 501 352.477170162      -0.35      1.39     -0.42  0.        3535.569       1357.374       5950.033    0.000  -0.138   0.380   0.
  2017 352 11 27  8 501 352.477181736      -0.47      1.40     -0.48  0.        3534.703       1359.067       5951.446    0.000  -0.138   0.380   0.
  2017 352 11 27  9 501 352.477193310      -0.42      1.58     -0.30  0.        3533.837       1360.760       5952.859    0.000  -0.138   0.380   0.
  2017 352 11 27 10 501 352.477204884      -0.26      1.51     -0.29  0.        3532.970       1362.453       5954.271    0.000  -0.138   0.380   0.
  2017 352 11 27 11 501 352.477216458      -0.31      1.45     -0.38  0.        3532.102       1364.146       5955.682    0.000  -0.138   0.380   0.
  2017 352 11 27 12 502 352.477228032      -0.28      1.46     -0.40  0.        3531.235       1365.839       5957.092    0.000  -0.138   0.380   0.
  2017 352 11 27 13 502 352.477239607      -0.50      1.47     -0.73  0.        3530.366       1367.532       5958.502    0.000  -0.138   0.380   0.
  2017 352 11 27 14 501 352.477251181      -0.69      1.34     -0.60  0.        3529.498       1369.224       5959.911    0.000  -0.138   0.380   0.
  2017 352 11 27 15 501 352.477262755      -0.34      1.50     -0.23  0.        3528.628       1370.916       5961.319    0.000  -0.138   0.380   0.
  2017 352 11 27 16 502 352.477274329      -0.15      1.58     -0.44  0.        3527.759       1372.608       5962.727    0.000  -0.138   0.380   0.
  2017 352 11 27 17 502 352.477285903      -0.47      1.53     -0.58  0.        3526.889       1374.300       5964.134    0.000  -0.138   0.380   0.
  2017 352 11 27 18 502 352.477297477      -0.56      1.59     -0.43  0.        3526.019       1375.992       5965.540    0.000  -0.138   0.380   0.
  2017 352 11 27 19 502 352.477309051      -0.59      1.59     -0.17  0.        3525.148       1377.684       5966.945    0.000  -0.138   0.380   0.
  2017 352 11 27 20 502 352.477320625      -0.52      1.57      0.17  0.        3524.277       1379.375       5968.350    0.000  -0.138   0.380   0.
  2017 352 11 27 21 501 352.477332199      -0.37      1.51      0.23  0.        3523.405       1381.066       5969.754    0.000  -0.138   0.380   0.
  2017 352 11 27 22 501 352.477343773      -0.29      1.39      0.14  0.        3522.533       1382.757       5971.157    0.000  -0.138   0.380   0.
  2017 352 11 27 23 501 352.477355347      -0.33      1.46     -0.11  0.        3521.660       1384.448       5972.560    0.000  -0.138   0.380   0.
  2017 352 11 27 24 501 352.477366918      -0.47      1.34     -0.14  0.        3520.787       1386.139       5973.962    0.000  -0.138   0.380   0.
  2017 352 11 27 25 501 352.477378492      -0.54      1.29     -0.23  0.        3519.914       1387.829       5975.363    0.000  -0.138   0.380   0.
  2017 352 11 27 26 501 352.477390067      -0.34      1.40     -0.31  0.        3519.040       1389.520       5976.763    0.000  -0.138   0.380   0.
  2017 352 11 27 27 501 352.477401641      -0.22      1.43     -0.33  0.        3518.166       1391.210       5978.163    0.000  -0.138   0.380   0.
  2017 352 11 27 28 501 352.477413215      -0.14      1.36     -0.35  0.        3517.291       1392.900       5979.562    0.000  -0.138   0.380   0.
  2017 352 11 27 29 501 352.477424789      -0.12      1.31     -0.38  0.        3516.416       1394.590       5980.960    0.000  -0.138   0.380   0.
  2017 352 11 27 30 501 352.477436363      -0.18      1.45     -0.37  0.        3515.541       1396.280       5982.357    0.000  -0.138   0.380   0.
  2017 352 11 27 31 501 352.477447937      -0.25      1.60     -0.32  0.        3514.665       1397.969       5983.754    0.000  -0.138   0.380   0.
  2017 352 11 27 32 501 352.477459511      -0.36      1.56     -0.25  0.        3513.788       1399.659       5985.150    0.000  -0.138   0.380   0.
  2017 352 11 27 33 501 352.477471085      -0.28      1.56     -0.25  0.        3512.912       1401.348       5986.545    0.000  -0.138   0.380   0.
  2017 352 11 27 34 501 352.477482659      -0.34      1.61     -0.35  0.        3512.034       1403.037       5987.940    0.000  -0.138   0.380   0.
  2017 352 11 27 35 501 352.477494233      -0.11      1.58     -0.10  0.        3511.157       1404.726       5989.334    0.000  -0.138   0.380   0.
  2017 352 11 27 36 501 352.477505807      -0.22      1.43     -0.18  0.        3510.279       1406.414       5990.727    0.000  -0.138   0.380   0.
  2017 352 11 27 37 501 352.477517381      -0.37      1.33     -0.21  0.        3509.400       1408.103       5992.119    0.000  -0.138   0.380   0.
  2017 352 11 27 38 501 352.477528955      -0.42      1.46     -0.22  0.        3508.521       1409.791       5993.511    0.000  -0.138   0.380   0.
  2017 352 11 27 39 501 352.477540529      -0.43      1.54     -0.10  0.        3507.642       1411.480       5994.902    0.000  -0.138   0.380   0.
  2017 352 11 27 40 501 352.477552104      -0.06      1.62      0.10  0.        3506.762       1413.168       5996.292    0.000  -0.138   0.380   0.
  2017 352 11 27 41 501 352.477563678       0.21      1.62     -0.26  0.        3505.882       1414.856       5997.682    0.000  -0.138   0.380   0.
  2017 352 11 27 42 501 352.477575252       0.06      1.55     -0.62  0.        3505.002       1416.543       5999.070    0.000  -0.138   0.380   0.
  2017 352 11 27 43 501 352.477586826      -0.08      1.43     -0.61  0.        3504.121       1418.231       6000.458    0.000  -0.138   0.380   0.
  2017 352 11 27 44 501 352.477598400      -0.18      1.37     -0.55  0.        3503.239       1419.918       6001.846    0.000  -0.138   0.380   0.
  2017 352 11 27 45 501 352.477609974      -0.18      1.44     -0.46  0.        3502.357       1421.605       6003.233    0.000  -0.138   0.380   0.
  2017 352 11 27 46 501 352.477621548      -0.01      1.43     -0.39  0.        3501.475       1423.292       6004.618    0.000  -0.138   0.380   0.
  2017 352 11 27 47 501 352.477633122       0.02      1.37     -0.47  0.        3500.592       1424.979       6006.004    0.000  -0.138   0.380   0.
  2017 352 11 27 48 501 352.477644696      -0.05      1.44     -0.51  0.        3499.709       1426.666       6007.388    0.000  -0.138   0.380   0.
  2017 352 11 27 49 501 352.477656270      -0.21      1.54     -0.59  0.        3498.826       1428.352       6008.772    0.000  -0.138   0.380   0.
  2017 352 11 27 50 501 352.477667844      -0.45      1.60     -0.47  0.        3497.942       1430.039       6010.155    0.000  -0.138   0.380   0.
  2017 352 11 27 51 501 352.477679418      -0.52      1.50     -0.29  0.        3497.058       1431.725       6011.537    0.000  -0.138   0.380   0.
  2017 352 11 27 52 501 352.477690992      -0.31      1.46     -0.22  0.        3496.173       1433.411       6012.919    0.000  -0.138   0.380   0.
  2017 352 11 27 53 501 352.477702567      -0.27      1.47     -0.45  0.        3495.288       1435.097       6014.300    0.000  -0.138   0.380   0.
  2017 352 11 27 54 501 352.477714138      -0.27      1.51     -0.38  0.        3494.402       1436.782       6015.680    0.000  -0.138   0.380   0.
  2017 352 11 27 55 501 352.477725712      -0.33      1.50     -0.46  0.        3493.516       1438.468       6017.059    0.000  -0.138   0.380   0.
  2017 352 11 27 56 501 352.477737286      -0.45      1.46     -0.57  0.        3492.630       1440.153       6018.438    0.000  -0.138   0.380   0.
  2017 352 11 27 57 501 352.477748860      -0.31      1.48     -0.57  0.        3491.743       1441.838       6019.816    0.000  -0.138   0.380   0.
  2017 352 11 27 58 501 352.477760434      -0.24      1.52     -0.56  0.        3490.856       1443.523       6021.194    0.000  -0.138   0.380   0.
  2017 352 11 27 59 501 352.477772008      -0.35      1.52     -0.61  0.        3489.968       1445.208       6022.570    0.000  -0.138   0.380   0.
  2017 352 11 28  0 501 352.477783582      -0.42      1.59     -0.46  0.        3489.080       1446.893       6023.946    0.000  -0.138   0.380   0.
  2017 352 11 28  1 501 352.477795156      -0.42      1.60     -0.31  0.        3488.191       1448.577       6025.321    0.000  -0.138   0.380   0.
  2017 352 11 28  2 501 352.477806730      -0.15      1.45     -0.39  0.        3487.302       1450.261       6026.696    0.000  -0.138   0.380   0.
  2017 352 11 28  3 501 352.477818304      -0.07      1.39     -0.48  0.        3486.413       1451.946       6028.069    0.000  -0.138   0.380   0.
  2017 352 11 28  4 501 352.477829878      -0.31      1.46     -0.43  0.        3485.523       1453.629       6029.442    0.000  -0.138   0.380   0.
  2017 352 11 28  5 501 352.477841453      -0.42      1.36     -0.52  0.        3484.633       1455.313       6030.815    0.000  -0.138   0.380   0.
  2017 352 11 28  6 501 352.477853027      -0.57      1.37     -0.63  0.        3483.743       1456.997       6032.186    0.000  -0.138   0.380   0.
  2017 352 11 28  7 501 352.477864601      -0.64      1.33     -0.69  0.        3482.852       1458.680       6033.557    0.000  -0.138   0.380   0.
  2017 352 11 28  8 501 352.477876175      -0.64      1.34     -0.64  0.        3481.960       1460.363       6034.927    0.000  -0.138   0.380   0.
  2017 352 11 28  9 501 352.477887749      -0.52      1.39     -0.43  0.        3481.068       1462.047       6036.297    0.000  -0.138   0.380   0.
  2017 352 11 28 10 501 352.477899323      -0.41      1.64     -0.51  0.        3480.176       1463.729       6037.665    0.000  -0.138   0.380   0.
  2017 352 11 28 11 501 352.477910897      -0.24      1.66     -0.59  0.        3479.283       1465.412       6039.033    0.000  -0.138   0.380   0.
  2017 352 11 28 12 501 352.477922471      -0.10      1.55     -0.57  0.        3478.390       1467.095       6040.401    0.000  -0.138   0.380   0.
  2017 352 11 28 13 501 352.477934045       0.02      1.42     -0.45  0.        3477.497       1468.777       6041.767    0.000  -0.138   0.380   0.
  2017 352 11 28 14 501 352.477945619      -0.06      1.38     -0.61  0.        3476.603       1470.459       6043.133    0.000  -0.138   0.380   0.
  2017 352 11 28 15 501 352.477957193      -0.10      1.38     -0.57  0.        3475.709       1472.141       6044.498    0.000  -0.138   0.380   0.
  2017 352 11 28 16 501 352.477968767      -0.04      1.37     -0.41  0.        3474.814       1473.823       6045.863    0.000  -0.138   0.380   0.
  2017 352 11 28 17 501 352.477980341      -0.07      1.34     -0.45  0.        3473.919       1475.505       6047.226    0.000  -0.138   0.380   0.
  2017 352 11 28 18 501 352.477991916      -0.10      1.33     -0.37  0.        3473.024       1477.186       6048.589    0.000  -0.138   0.380   0.
  2017 352 11 28 19 501 352.478003490      -0.04      1.38     -0.31  0.        3472.128       1478.868       6049.952    0.000  -0.138   0.380   0.
  2017 352 11 28 20 501 352.478015064      -0.11      1.29     -0.40  0.        3471.231       1480.549       6051.313    0.000  -0.138   0.380   0.
  2017 352 11 28 21 501 352.478026638      -0.22      1.25     -0.51  0.        3470.335       1482.230       6052.674    0.000  -0.138   0.380   0.
  2017 352 11 28 22 501 352.478038212      -0.39      1.28     -0.47  0.        3469.437       1483.911       6054.034    0.000  -0.138   0.380   0.
  2017 352 11 28 23 501 352.478049786      -0.34      1.26     -0.41  0.        3468.540       1485.591       6055.394    0.000  -0.138   0.380   0.
  2017 352 11 28 24 501 352.478061357      -0.20      1.26     -0.43  0.        3467.642       1487.272       6056.752    0.000  -0.138   0.380   0.
  2017 352 11 28 25 501 352.478072931      -0.19      1.35     -0.67  0.        3466.743       1488.952       6058.110    0.000  -0.138   0.380   0.
  2017 352 11 28 26 501 352.478084505      -0.31      1.34     -0.64  0.        3465.845       1490.632       6059.468    0.000  -0.138   0.380   0.
  2017 352 11 28 27 501 352.478096079      -0.28      1.23     -0.82  0.        3464.946       1492.312       6060.824    0.000  -0.138   0.380   0.
  2017 352 11 28 28 501 352.478107653      -0.43      1.17     -0.72  0.        3464.046       1493.992       6062.180    0.000  -0.138   0.380   0.
  2017 352 11 28 29 501 352.478119227      -0.16      1.29     -0.56  0.        3463.146       1495.672       6063.535    0.000  -0.138   0.380   0.
  2017 352 11 28 30 501 352.478130802       0.10      1.52     -0.69  0.        3462.245       1497.351       6064.890    0.000  -0.138   0.380   0.
  2017 352 11 28 31 501 352.478142376      -0.12      1.44     -0.59  0.        3461.345       1499.030       6066.243    0.000  -0.138   0.380   0.
  2017 352 11 28 32 501 352.478153950      -0.08      1.42     -0.48  0.        3460.443       1500.709       6067.596    0.000  -0.138   0.380   0.
  2017 352 11 28 33 501 352.478165524      -0.14      1.35     -0.45  0.        3459.542       1502.388       6068.949    0.000  -0.138   0.380   0.
  2017 352 11 28 34 501 352.478177098      -0.37      1.42     -0.43  0.        3458.640       1504.067       6070.300    0.000  -0.138   0.380   0.
  2017 352 11 28 35 501 352.478188672      -0.20      1.42     -0.63  0.        3457.737       1505.746       6071.651    0.000  -0.138   0.380   0.
  2017 352 11 28 36 501 352.478200246      -0.09      1.27     -0.97  0.        3456.835       1507.424       6073.001    0.000  -0.138   0.380   0.
  2017 352 11 28 37 501 352.478211820      -0.37      1.17     -1.00  0.        3455.931       1509.102       6074.351    0.000  -0.138   0.380   0.
  2017 352 11 28 38 501 352.478223394      -0.72      1.18     -0.85  0.        3455.028       1510.780       6075.699    0.000  -0.138   0.380   0.
  2017 352 11 28 39 501 352.478234968      -0.21      1.49     -0.43  0.        3454.124       1512.458       6077.047    0.000  -0.138   0.380   0.
  2017 352 11 28 40 501 352.478246542      -0.04      1.62     -0.25  0.        3453.219       1514.136       6078.395    0.000  -0.138   0.380   0.
  2017 352 11 28 41 501 352.478258116       0.08      1.64     -0.10  0.        3452.314       1515.813       6079.741    0.000  -0.138   0.380   0.
  2017 352 11 28 42 501 352.478269690       0.33      1.54     -0.53  0.        3451.409       1517.490       6081.087    0.000  -0.138   0.380   0.
  2017 352 11 28 43 501 352.478281264       0.08      1.35     -0.70  0.        3450.503       1519.168       6082.432    0.000  -0.138   0.380   0.
  2017 352 11 28 44 501 352.478292839       0.02      1.34     -0.91  0.        3449.597       1520.844       6083.777    0.000  -0.138   0.380   0.
  2017 352 11 28 45 501 352.478304413      -0.24      1.22     -0.93  0.        3448.691       1522.521       6085.121    0.000  -0.138   0.380   0.
  2017 352 11 28 46 501 352.478315987      -0.39      1.37     -0.63  0.        3447.784       1524.198       6086.464    0.000  -0.138   0.380   0.
  2017 352 11 28 47 501 352.478327561      -0.33      1.47     -0.41  0.        3446.877       1525.874       6087.806    0.000  -0.138   0.380   0.
  2017 352 11 28 48 501 352.478339135      -0.27      1.48     -0.36  0.        3445.969       1527.551       6089.148    0.000  -0.138   0.380   0.
  2017 352 11 28 49 501 352.478350709      -0.15      1.35     -0.40  0.        3445.061       1529.227       6090.489    0.000  -0.138   0.380   0.
  2017 352 11 28 50 501 352.478362283      -0.14      1.31     -0.54  0.        3444.152       1530.902       6091.829    0.000  -0.138   0.380   0.
  2017 352 11 28 51 501 352.478373857      -0.24      1.29     -0.52  0.        3443.244       1532.578       6093.168    0.000  -0.138   0.380   0.
  2017 352 11 28 52 501 352.478385431      -0.23      1.34     -0.40  0.        3442.334       1534.254       6094.507    0.000  -0.138   0.380   0.
  2017 352 11 28 53 500 352.478397005       0.00      1.31     -0.49  0.        3441.425       1535.929       6095.845    0.000  -0.138   0.380   0.
  2017 352 11 28 54 501 352.478408576       0.16      1.22     -0.75  0.        3440.515       1537.604       6097.183    0.000  -0.138   0.380   0.
  2017 352 11 28 55 501 352.478420150       0.00      1.17     -0.83  0.        3439.604       1539.279       6098.519    0.000  -0.138   0.380   0.
  2017 352 11 28 56 500 352.478431725      -0.07      1.27     -0.76  0.        3438.693       1540.954       6099.855    0.000  -0.138   0.380   0.
  2017 352 11 28 57 500 352.478443299       0.11      1.31     -0.79  0.        3437.782       1542.629       6101.191    0.000  -0.138   0.380   0.
  2017 352 11 28 58 501 352.478454873       0.23      1.35     -0.87  0.        3436.870       1544.303       6102.525    0.000  -0.138   0.380   0.
  2017 352 11 28 59 501 352.478466447      -0.10      1.40     -1.24  0.        3435.958       1545.978       6103.859    0.000  -0.138   0.380   0.
  2017 352 11 29  0 501 352.478478021      -1.37      1.35     -1.41  0.        3435.046       1547.652       6105.192    0.000  -0.138   0.380   0.
  2017 352 11 29  1 501 352.478489595      -1.18      1.63     -0.84  0.        3434.133       1549.326       6106.525    0.000  -0.138   0.380   0.
  2017 352 11 29  2 501 352.478501169      -0.27      1.66     -0.48  0.        3433.220       1550.999       6107.856    0.000  -0.138   0.380   0.
  2017 352 11 29  3 500 352.478512743      -0.31      1.33     -0.25  0.        3432.306       1552.673       6109.187    0.000  -0.138   0.380   0.
  2017 352 11 29  4 500 352.478524317      -0.21      1.39     -0.27  0.        3431.392       1554.346       6110.518    0.000  -0.138   0.380   0.
  2017 352 11 29  5 500 352.478535891      -0.10      1.37     -0.43  0.        3430.477       1556.020       6111.847    0.000  -0.138   0.380   0.
  2017 352 11 29  6 500 352.478547465       0.04      1.49     -0.41  0.        3429.563       1557.693       6113.176    0.000  -0.138   0.380   0.
  2017 352 11 29  7 500 352.478559039      -0.02      1.33     -0.64  0.        3428.647       1559.365       6114.504    0.000  -0.138   0.380   0.
  2017 352 11 29  8 501 352.478570613       0.04      1.28     -0.62  0.        3427.732       1561.038       6115.832    0.000  -0.138   0.380   0.
  2017 352 11 29  9 501 352.478582188       0.14      1.27     -0.75  0.        3426.816       1562.711       6117.159    0.000  -0.138   0.380   0.
  2017 352 11 29 10 500 352.478593762       0.06      1.32     -0.74  0.        3425.899       1564.383       6118.485    0.000  -0.138   0.380   0.
  2017 352 11 29 11 500 352.478605336      -0.13      1.28     -0.73  0.        3424.982       1566.055       6119.810    0.000  -0.138   0.380   0.
  2017 352 11 29 12 501 352.478616910      -0.21      1.27     -0.49  0.        3424.065       1567.727       6121.135    0.000  -0.138   0.380   0.
  2017 352 11 29 13 501 352.478628484      -0.06      1.38     -0.38  0.        3423.148       1569.399       6122.459    0.000  -0.138   0.380   0.
  2017 352 11 29 14 501 352.478640058      -0.18      1.44     -0.46  0.        3422.230       1571.070       6123.782    0.000  -0.138   0.380   0.
  2017 352 11 29 15 501 352.478651632      -0.28      1.51     -0.48  0.        3421.311       1572.742       6125.104    0.000  -0.138   0.380   0.
  2017 352 11 29 16 500 352.478663206      -0.29      1.37     -0.51  0.        3420.392       1574.413       6126.426    0.000  -0.138   0.380   0.
  2017 352 11 29 17 500 352.478674780      -0.35      1.43     -0.45  0.        3419.473       1576.084       6127.747    0.000  -0.138   0.380   0.
  2017 352 11 29 18 500 352.478686354      -0.14      1.55     -0.37  0.        3418.554       1577.755       6129.068    0.000  -0.138   0.380   0.
  2017 352 11 29 19 500 352.478697928      -0.04      1.47     -0.47  0.        3417.634       1579.426       6130.388    0.000  -0.138   0.380   0.
  2017 352 11 29 20 500 352.478709502      -0.14      1.47     -0.64  0.        3416.713       1581.096       6131.707    0.000  -0.138   0.380   0.
  2017 352 11 29 21 501 352.478721076      -0.08      1.52     -0.51  0.        3415.793       1582.766       6133.025    0.000  -0.138   0.380   0.
  2017 352 11 29 22 501 352.478732650       0.04      1.49     -0.52  0.        3414.871       1584.437       6134.342    0.000  -0.138   0.380   0.
  2017 352 11 29 23 500 352.478744225      -0.07      1.41     -0.69  0.        3413.950       1586.107       6135.659    0.000  -0.138   0.380   0.
  2017 352 11 29 24 500 352.478755799      -0.11      1.42     -0.73  0.        3413.028       1587.776       6136.976    0.000  -0.138   0.380   0.
  2017 352 11 29 25 501 352.478767373      -0.26      1.52     -0.61  0.        3412.106       1589.446       6138.291    0.000  -0.138   0.380   0.
  2017 352 11 29 26 500 352.478778944      -0.39      1.52     -0.50  0.        3411.183       1591.115       6139.606    0.000  -0.138   0.380   0.
  2017 352 11 29 27 500 352.478790518      -0.30      1.54     -0.44  0.        3410.260       1592.785       6140.920    0.000  -0.138   0.380   0.
  2017 352 11 29 28 500 352.478802092      -0.54      1.52     -0.60  0.        3409.336       1594.454       6142.233    0.000  -0.138   0.380   0.
  2017 352 11 29 29 500 352.478813666      -0.59      1.40     -0.58  0.        3408.412       1596.123       6143.546    0.000  -0.138   0.380   0.
  2017 352 11 29 30 500 352.478825240      -0.40      1.37     -0.64  0.        3407.488       1597.791       6144.858    0.000  -0.138   0.380   0.
  2017 352 11 29 31 500 352.478836814      -0.27      1.39     -0.66  0.        3406.563       1599.460       6146.169    0.000  -0.138   0.380   0.
  2017 352 11 29 32 500 352.478848388      -0.35      1.49     -0.64  0.        3405.638       1601.128       6147.480    0.000  -0.138   0.380   0.
  2017 352 11 29 33 500 352.478859962      -0.36      1.54     -0.53  0.        3404.713       1602.796       6148.790    0.000  -0.138   0.380   0.
  2017 352 11 29 34 500 352.478871536      -0.25      1.41     -0.50  0.        3403.787       1604.464       6150.099    0.000  -0.138   0.380   0.
  2017 352 11 29 35 500 352.478883111      -0.22      1.34     -0.53  0.        3402.861       1606.132       6151.407    0.000  -0.138   0.380   0.
  2017 352 11 29 36 500 352.478894685      -0.06      1.42     -0.52  0.        3401.934       1607.800       6152.715    0.000  -0.138   0.380   0.
  2017 352 11 29 37 500 352.478906259      -0.07      1.34     -0.57  0.        3401.007       1609.467       6154.022    0.000  -0.138   0.380   0.
  2017 352 11 29 38 500 352.478917833      -0.01      1.24     -0.41  0.        3400.080       1611.134       6155.329    0.000  -0.138   0.380   0.
  2017 352 11 29 39 500 352.478929407      -0.19      1.24     -0.29  0.        3399.152       1612.801       6156.634    0.000  -0.138   0.380   0.
  2017 352 11 29 40 500 352.478940981      -0.29      1.38     -0.15  0.        3398.224       1614.468       6157.939    0.000  -0.138   0.380   0.
  2017 352 11 29 41 500 352.478952555      -0.52      1.31     -0.20  0.        3397.295       1616.135       6159.244    0.000  -0.138   0.380   0.
  2017 352 11 29 42 500 352.478964129      -0.62      1.24     -0.40  0.        3396.366       1617.801       6160.547    0.000  -0.138   0.380   0.
  2017 352 11 29 43 500 352.478975703      -0.59      1.27     -0.46  0.        3395.437       1619.468       6161.850    0.000  -0.138   0.380   0.
  2017 352 11 29 44 500 352.478987277      -0.70      1.42     -0.53  0.        3394.507       1621.134       6163.152    0.000  -0.138   0.380   0.
  2017 352 11 29 45 500 352.478998851      -0.72      1.43     -0.34  0.        3393.577       1622.800       6164.454    0.000  -0.138   0.380   0.
  2017 352 11 29 46 500 352.479010425      -0.57      1.44     -0.39  0.        3392.647       1624.466       6165.754    0.000  -0.138   0.380   0.
  2017 352 11 29 47 500 352.479021999      -0.22      1.58     -0.27  0.        3391.716       1626.131       6167.055    0.000  -0.138   0.380   0.
  2017 352 11 29 48 500 352.479033573      -0.20      1.43     -0.47  0.        3390.785       1627.797       6168.354    0.000  -0.138   0.380   0.
  2017 352 11 29 49 500 352.479045148      -0.51      1.43     -0.48  0.        3389.853       1629.462       6169.653    0.000  -0.138   0.380   0.
  2017 352 11 29 50 500 352.479056722      -0.66      1.35     -0.43  0.        3388.921       1631.127       6170.950    0.000  -0.138   0.380   0.
  2017 352 11 29 51 500 352.479068296      -0.58      1.51     -0.22  0.        3387.989       1632.792       6172.248    0.000  -0.138   0.380   0.
  2017 352 11 29 52 500 352.479079870      -0.47      1.49     -0.13  0.        3387.056       1634.456       6173.544    0.000  -0.138   0.380   0.
  2017 352 11 29 53 500 352.479091444      -0.40      1.43     -0.31  0.        3386.123       1636.121       6174.840    0.000  -0.138   0.380   0.
  2017 352 11 29 54 500 352.479103018      -0.36      1.47     -0.39  0.        3385.189       1637.785       6176.135    0.000  -0.138   0.380   0.
  2017 352 11 29 55 500 352.479114592      -0.16      1.59     -0.41  0.        3384.255       1639.449       6177.430    0.000  -0.138   0.380   0.
  2017 352 11 29 56 500 352.479126163      -0.01      1.58     -0.30  0.        3383.321       1641.113       6178.724    0.000  -0.138   0.380   0.
  2017 352 11 29 57 500 352.479137737      -0.03      1.58     -0.21  0.        3382.386       1642.777       6180.017    0.000  -0.138   0.380   0.
  2017 352 11 29 58 500 352.479149311      -0.12      1.52     -0.53  0.        3381.451       1644.440       6181.309    0.000  -0.138   0.380   0.
  2017 352 11 29 59 500 352.479160885      -0.35      1.48     -0.79  0.        3380.516       1646.104       6182.601    0.000  -0.138   0.380   0.
  2017 352 11 30  0 500 352.479172460      -0.46      1.37     -0.70  0.        3379.580       1647.767       6183.892    0.000  -0.138   0.380   0.
  2017 352 11 30  1 500 352.479184034       0.07      1.50     -0.14  0.        3378.644       1649.430       6185.182    0.000  -0.138   0.380   0.
  2017 352 11 30  2 500 352.479195608       0.20      1.45     -0.17  0.        3377.707       1651.093       6186.472    0.000  -0.138   0.380   0.
  2017 352 11 30  3 500 352.479207182       0.17      1.51     -0.52  0.        3376.770       1652.755       6187.760    0.000  -0.138   0.380   0.
  2017 352 11 30  4 500 352.479218756      -0.32      1.44     -0.44  0.        3375.833       1654.418       6189.049    0.000  -0.138   0.380   0.
  2017 352 11 30  5 500 352.479230330       0.10      1.60     -0.10  0.        3374.895       1656.080       6190.336    0.000  -0.138   0.380   0.
  2017 352 11 30  6 500 352.479241904       0.08      1.56     -0.45  0.        3373.957       1657.742       6191.623    0.000  -0.138   0.380   0.
  2017 352 11 30  7 500 352.479253478      -0.23      1.48     -0.45  0.        3373.019       1659.404       6192.909    0.000  -0.138   0.380   0.
  2017 352 11 30  8 500 352.479265052      -0.23      1.44     -0.52  0.        3372.080       1661.066       6194.194    0.000  -0.138   0.380   0.
  2017 352 11 30  9 500 352.479276626      -0.30      1.40     -0.68  0.        3371.140       1662.727       6195.479    0.000  -0.138   0.380   0.
  2017 352 11 30 10 500 352.479288200      -0.29      1.51     -0.74  0.        3370.201       1664.389       6196.763    0.000  -0.138   0.380   0.
  2017 352 11 30 11 500 352.479299774      -0.42      1.34     -0.68  0.        3369.261       1666.050       6198.046    0.000  -0.138   0.380   0.
  2017 352 11 30 12 500 352.479311348      -0.46      1.34     -0.52  0.        3368.320       1667.711       6199.329    0.000  -0.138   0.380   0.
  2017 352 11 30 13 500 352.479322922      -0.38      1.55     -0.56  0.        3367.380       1669.371       6200.611    0.000  -0.138   0.380   0.
  2017 352 11 30 14 500 352.479334497      -0.22      1.54     -0.54  0.        3366.438       1671.032       6201.892    0.000  -0.138   0.380   0.
  2017 352 11 30 15 500 352.479346071      -0.15      1.43     -0.60  0.        3365.497       1672.692       6203.173    0.000  -0.138   0.380   0.
  2017 352 11 30 16 500 352.479357645      -0.18      1.49     -0.50  0.        3364.555       1674.352       6204.452    0.000  -0.138   0.380   0.
  2017 352 11 30 17 500 352.479369219      -0.45      1.47     -0.60  0.        3363.613       1676.013       6205.732    0.000  -0.138   0.380   0.
  2017 352 11 30 18 500 352.479380793      -0.51      1.33     -0.54  0.        3362.670       1677.672       6207.010    0.000  -0.138   0.380   0.
  2017 352 11 30 19 500 352.479392367      -0.56      1.20     -0.61  0.        3361.727       1679.332       6208.288    0.000  -0.138   0.380   0.
  2017 352 11 30 20 500 352.479403941      -0.77      1.17     -0.70  0.        3360.784       1680.991       6209.565    0.000  -0.138   0.380   0.
  2017 352 11 30 21 500 352.479415515      -0.72      1.23     -0.51  0.        3359.840       1682.651       6210.841    0.000  -0.138   0.380   0.
  2017 352 11 30 22 500 352.479427089      -0.36      1.39     -0.47  0.        3358.896       1684.310       6212.117    0.000  -0.138   0.380   0.
  2017 352 11 30 23 500 352.479438663      -0.00      1.47     -0.57  0.        3357.951       1685.969       6213.392    0.000  -0.138   0.380   0.
  2017 352 11 30 24 500 352.479450237      -0.31      1.32     -0.88  0.        3357.006       1687.627       6214.666    0.000  -0.138   0.380   0.
  2017 352 11 30 25 500 352.479461811      -0.47      1.26     -0.85  0.        3356.061       1689.286       6215.940    0.000  -0.138   0.380   0.
  2017 352 11 30 26 500 352.479473383      -0.58      1.27     -0.76  0.        3355.115       1690.944       6217.212    0.000  -0.138   0.380   0.
  2017 352 11 30 27 500 352.479484957      -0.33      1.28     -0.66  0.        3354.169       1692.602       6218.485    0.000  -0.138   0.380   0.
  2017 352 11 30 28 500 352.479496531      -0.44      1.32     -0.55  0.        3353.223       1694.260       6219.756    0.000  -0.138   0.380   0.
  2017 352 11 30 29 500 352.479508105      -0.39      1.38     -0.42  0.        3352.276       1695.918       6221.027    0.000  -0.138   0.380   0.
  2017 352 11 30 30 500 352.479519679      -0.37      1.31     -0.30  0.        3351.329       1697.576       6222.297    0.000  -0.138   0.380   0.
  2017 352 11 30 31 500 352.479531253      -0.58      0.91     -0.69  0.        3350.382       1699.233       6223.566    0.000  -0.138   0.380   0.
  2017 352 11 30 32 500 352.479542827      -0.22      1.12     -0.94  0.        3349.434       1700.890       6224.835    0.000  -0.138   0.380   0.
  2017 352 11 30 33 500 352.479554401      -0.27      1.32     -0.85  0.        3348.485       1702.547       6226.103    0.000  -0.138   0.380   0.
  2017 352 11 30 34 500 352.479565975      -0.28      1.27     -0.84  0.        3347.537       1704.204       6227.371    0.000  -0.138   0.380   0.
  2017 352 11 30 35 500 352.479577549      -0.48      1.19     -0.86  0.        3346.588       1705.861       6228.637    0.000  -0.138   0.380   0.
  2017 352 11 30 36 500 352.479589123      -0.67      1.28     -0.83  0.        3345.638       1707.517       6229.903    0.000  -0.138   0.380   0.
  2017 352 11 30 37 500 352.479600697      -0.40      1.34     -0.55  0.        3344.689       1709.173       6231.168    0.000  -0.138   0.380   0.
  2017 352 11 30 38 500 352.479612271      -0.31      1.28     -0.67  0.        3343.738       1710.829       6232.433    0.000  -0.138   0.380   0.
  2017 352 11 30 39 500 352.479623845      -0.38      1.26     -0.84  0.        3342.788       1712.485       6233.697    0.000  -0.138   0.380   0.
  2017 352 11 30 40 500 352.479635420      -0.59      1.25     -0.85  0.        3341.837       1714.141       6234.960    0.000  -0.138   0.380   0.
  2017 352 11 30 41 500 352.479646994      -0.56      1.21     -0.85  0.        3340.886       1715.796       6236.222    0.000  -0.138   0.380   0.
  2017 352 11 30 42 500 352.479658568      -0.52      1.29     -0.85  0.        3339.934       1717.452       6237.484    0.000  -0.138   0.380   0.
  2017 352 11 30 43 500 352.479670142      -0.71      1.27     -0.69  0.        3338.982       1719.107       6238.745    0.000  -0.138   0.380   0.
  2017 352 11 30 44 500 352.479681716      -0.62      1.56     -0.53  0.        3338.030       1720.762       6240.006    0.000  -0.138   0.380   0.
  2017 352 11 30 45 500 352.479693290      -0.59      1.53     -0.63  0.        3337.077       1722.416       6241.265    0.000  -0.138   0.380   0.
  2017 352 11 30 46 500 352.479704864      -0.80      1.37     -0.85  0.        3336.124       1724.071       6242.525    0.000  -0.138   0.380   0.
  2017 352 11 30 47 500 352.479716438      -0.73      1.51     -0.79  0.        3335.171       1725.725       6243.783    0.000  -0.138   0.380   0.
  2017 352 11 30 48 500 352.479728012      -0.85      1.43     -0.20  0.        3334.217       1727.379       6245.040    0.000  -0.138   0.380   0.
  2017 352 11 30 49 500 352.479739586      -0.92      1.14     -0.15  0.        3333.263       1729.033       6246.297    0.000  -0.138   0.380   0.
  2017 352 11 30 50 500 352.479751160      -1.12      0.81     -0.54  0.        3332.308       1730.687       6247.554    0.000  -0.138   0.380   0.
  2017 352 11 30 51 500 352.479762734      -0.86      1.10     -0.59  0.        3331.353       1732.341       6248.809    0.000  -0.138   0.380   0.
  2017 352 11 30 52 500 352.479774308      -0.74      1.35     -0.49  0.        3330.398       1733.994       6250.064    0.000  -0.138   0.380   0.
  2017 352 11 30 53 499 352.479785882      -0.62      1.44     -0.66  0.        3329.442       1735.647       6251.318    0.000  -0.138   0.380   0.
  2017 352 11 30 54 500 352.479797454      -0.68      1.37     -0.60  0.        3328.486       1737.300       6252.572    0.000  -0.138   0.380   0.
  2017 352 11 30 55 500 352.479809028      -0.92      1.19     -0.80  0.        3327.530       1738.953       6253.825    0.000  -0.138   0.380   0.
  2017 352 11 30 56 500 352.479820602      -0.94      1.36     -0.77  0.        3326.573       1740.606       6255.077    0.000  -0.138   0.380   0.
  2017 352 11 30 57 500 352.479832176      -0.22      1.49     -0.65  0.        3325.616       1742.258       6256.328    0.000  -0.138   0.380   0.
  2017 352 11 30 58 499 352.479843750      -0.37      1.25     -0.66  0.        3324.658       1743.911       6257.579    0.000  -0.138   0.380   0.
  2017 352 11 30 59 499 352.479855324      -0.64      0.99     -0.52  0.        3323.701       1745.563       6258.829    0.000  -0.138   0.380   0.
  2017 352 11 31  0 499 352.479866898      -0.65      1.16     -0.35  0.        3322.742       1747.215       6260.078    0.000  -0.138   0.380   0.
  2017 352 11 31  1 499 352.479878472      -0.68      1.14     -0.55  0.        3321.784       1748.866       6261.327    0.000  -0.138   0.380   0.
  2017 352 11 31  2 499 352.479890046      -0.59      1.26     -0.49  0.        3320.825       1750.518       6262.575    0.000  -0.138   0.380   0.
  2017 352 11 31  3 500 352.479901620      -0.73      1.19     -0.57  0.        3319.865       1752.169       6263.822    0.000  -0.138   0.380   0.
  2017 352 11 31  4 500 352.479913194      -0.81      1.13     -0.62  0.        3318.906       1753.820       6265.069    0.000  -0.138   0.380   0.
  2017 352 11 31  5 499 352.479924769      -0.53      1.18     -0.62  0.        3317.946       1755.471       6266.315    0.000  -0.138   0.380   0.
  2017 352 11 31  6 499 352.479936343      -0.77      0.98     -0.69  0.        3316.985       1757.122       6267.560    0.000  -0.138   0.380   0.
  2017 352 11 31  7 500 352.479947917      -0.49      1.15     -0.69  0.        3316.024       1758.772       6268.805    0.000  -0.138   0.380   0.
  2017 352 11 31  8 500 352.479959491      -0.70      1.03     -0.79  0.        3315.063       1760.423       6270.049    0.000  -0.138   0.380   0.
  2017 352 11 31  9 500 352.479971065      -0.71      1.01     -0.65  0.        3314.102       1762.073       6271.292    0.000  -0.138   0.380   0.
  2017 352 11 31 10 500 352.479982639      -0.53      1.17     -0.67  0.        3313.140       1763.723       6272.534    0.000  -0.138   0.380   0.
  2017 352 11 31 11 500 352.479994213      -0.51      1.28     -0.56  0.        3312.178       1765.372       6273.776    0.000  -0.138   0.380   0.
  2017 352 11 31 12 499 352.480005787      -0.37      1.19     -0.51  0.        3311.215       1767.022       6275.017    0.000  -0.138   0.380   0.
  2017 352 11 31 13 499 352.480017361      -0.29      1.14     -0.71  0.        3310.252       1768.671       6276.258    0.000  -0.138   0.380   0.
  2017 352 11 31 14 499 352.480028935      -0.31      1.16     -0.99  0.        3309.289       1770.320       6277.497    0.000  -0.138   0.380   0.
  2017 352 11 31 15 499 352.480040509      -0.43      1.21     -0.93  0.        3308.325       1771.969       6278.736    0.000  -0.138   0.380   0.
  2017 352 11 31 16 499 352.480052083      -0.53      1.14     -0.97  0.        3307.361       1773.618       6279.975    0.000  -0.138   0.380   0.
  2017 352 11 31 17 500 352.480063657      -0.68      1.16     -0.80  0.        3306.397       1775.267       6281.213    0.000  -0.138   0.380   0.
  2017 352 11 31 18 500 352.480075231      -0.83      1.34     -0.56  0.        3305.432       1776.915       6282.450    0.000  -0.138   0.380   0.
  2017 352 11 31 19 499 352.480086806      -0.67      1.51     -0.45  0.        3304.467       1778.563       6283.686    0.000  -0.138   0.380   0.
  2017 352 11 31 20 499 352.480098380      -0.32      1.50     -0.63  0.        3303.501       1780.212       6284.921    0.000  -0.138   0.380   0.
  2017 352 11 31 21 500 352.480109954      -0.37      1.49     -0.77  0.        3302.536       1781.859       6286.156    0.000  -0.138   0.380   0.
  2017 352 11 31 22 500 352.480121528      -0.44      1.31     -0.63  0.        3301.569       1783.507       6287.391    0.000  -0.138   0.380   0.
  2017 352 11 31 23 500 352.480133102      -0.29      1.26     -0.48  0.        3300.603       1785.154       6288.624    0.000  -0.138   0.380   0.
  2017 352 11 31 24 499 352.480144673      -0.46      1.29     -0.38  0.        3299.636       1786.802       6289.857    0.000  -0.138   0.380   0.
  2017 352 11 31 25 499 352.480156247      -0.43      1.27     -0.71  0.        3298.669       1788.449       6291.089    0.000  -0.138   0.380   0.
  2017 352 11 31 26 499 352.480167821      -0.43      1.12     -0.85  0.        3297.701       1790.095       6292.321    0.000  -0.138   0.380   0.
  2017 352 11 31 27 499 352.480179395      -0.43      1.12     -0.73  0.        3296.733       1791.742       6293.552    0.000  -0.138   0.380   0.
  2017 352 11 31 28 499 352.480190969      -0.47      1.15     -0.64  0.        3295.765       1793.389       6294.782    0.000  -0.138   0.380   0.
  2017 352 11 31 29 499 352.480202543      -0.42      1.21     -0.57  0.        3294.796       1795.035       6296.011    0.000  -0.138   0.380   0.
  2017 352 11 31 30 499 352.480214117      -0.20      1.38     -0.52  0.        3293.827       1796.681       6297.240    0.000  -0.138   0.380   0.
  2017 352 11 31 31 499 352.480225692      -0.08      1.26     -0.71  0.        3292.857       1798.327       6298.468    0.000  -0.138   0.380   0.
  2017 352 11 31 32 499 352.480237266      -0.27      1.16     -0.82  0.        3291.888       1799.972       6299.696    0.000  -0.138   0.380   0.
  2017 352 11 31 33 499 352.480248840      -0.42      1.14     -0.78  0.        3290.917       1801.618       6300.922    0.000  -0.138   0.380   0.
  2017 352 11 31 34 499 352.480260414      -0.46      1.23     -0.62  0.        3289.947       1803.263       6302.148    0.000  -0.138   0.380   0.
  2017 352 11 31 35 499 352.480271988      -0.27      1.23     -0.57  0.        3288.976       1804.908       6303.374    0.000  -0.138   0.380   0.
  2017 352 11 31 36 499 352.480283562      -0.20      1.20     -0.80  0.        3288.005       1806.553       6304.598    0.000  -0.138   0.380   0.
  2017 352 11 31 37 499 352.480295136      -0.50      1.16     -0.98  0.        3287.033       1808.198       6305.822    0.000  -0.138   0.380   0.
  2017 352 11 31 38 499 352.480306710      -0.53      1.13     -0.78  0.        3286.061       1809.842       6307.046    0.000  -0.138   0.380   0.
  2017 352 11 31 39 499 352.480318284      -0.21      1.11     -0.60  0.        3285.089       1811.487       6308.268    0.000  -0.138   0.380   0.
  2017 352 11 31 40 499 352.480329858      -0.20      1.13     -0.77  0.        3284.117       1813.131       6309.490    0.000  -0.138   0.380   0.
  2017 352 11 31 41 499 352.480341432      -0.38      1.14     -0.84  0.        3283.144       1814.775       6310.712    0.000  -0.138   0.380   0.
  2017 352 11 31 42 499 352.480353006      -0.43      1.12     -0.80  0.        3282.170       1816.418       6311.932    0.000  -0.138   0.380   0.
  2017 352 11 31 43 499 352.480364580      -0.49      1.15     -0.70  0.        3281.196       1818.062       6313.152    0.000  -0.138   0.380   0.
  2017 352 11 31 44 499 352.480376155      -0.34      1.27     -0.72  0.        3280.222       1819.705       6314.371    0.000  -0.138   0.380   0.
  2017 352 11 31 45 499 352.480387729      -0.25      1.22     -0.84  0.        3279.248       1821.349       6315.590    0.000  -0.138   0.380   0.
  2017 352 11 31 46 499 352.480399303       0.07      1.52     -0.64  0.        3278.273       1822.991       6316.808    0.000  -0.138   0.380   0.
  2017 352 11 31 47 499 352.480410877      -0.09      1.50     -0.48  0.        3277.298       1824.634       6318.025    0.000  -0.138   0.380   0.
  2017 352 11 31 48 499 352.480422451      -0.31      1.26     -0.53  0.        3276.323       1826.277       6319.241    0.000  -0.138   0.380   0.
  2017 352 11 31 49 499 352.480434025      -0.33      1.18     -0.79  0.        3275.347       1827.919       6320.457    0.000  -0.138   0.380   0.
  2017 352 11 31 50 499 352.480445599      -0.36      1.26     -0.95  0.        3274.371       1829.561       6321.672    0.000  -0.138   0.380   0.
  2017 352 11 31 51 499 352.480457173      -0.34      1.12     -0.97  0.        3273.394       1831.203       6322.887    0.000  -0.138   0.380   0.
  2017 352 11 31 52 499 352.480468747      -0.36      1.15     -0.81  0.        3272.417       1832.845       6324.100    0.000  -0.138   0.379   0.
  2017 352 11 31 53 499 352.480480321      -0.31      1.22     -0.70  0.        3271.440       1834.487       6325.314    0.000  -0.138   0.379   0.
  2017 352 11 31 54 499 352.480491892      -0.07      1.30     -0.61  0.        3270.463       1836.128       6326.526    0.000  -0.138   0.380   0.
  2017 352 11 31 55 499 352.480503466      -0.12      1.26     -0.71  0.        3269.485       1837.769       6327.738    0.000  -0.138   0.380   0.
  2017 352 11 31 56 499 352.480515041      -0.07      1.34     -0.62  0.        3268.506       1839.410       6328.949    0.000  -0.138   0.380   0.
  2017 352 11 31 57 499 352.480526615      -0.17      1.56     -0.53  0.        3267.528       1841.051       6330.159    0.000  -0.138   0.380   0.
  2017 352 11 31 58 499 352.480538189       0.20      1.71     -0.44  0.        3266.549       1842.691       6331.369    0.000  -0.138   0.380   0.
  2017 352 11 31 59 499 352.480549763       0.40      1.66     -0.62  0.        3265.569       1844.332       6332.578    0.000  -0.138   0.380   0.
  2017 352 11 32  0 499 352.480561337       0.38      1.62     -0.62  0.        3264.590       1845.972       6333.786    0.000  -0.138   0.380   0.
  2017 352 11 32  1 499 352.480572911       0.21      1.45     -0.65  0.        3263.610       1847.612       6334.994    0.000  -0.138   0.380   0.
  2017 352 11 32  2 499 352.480584485       0.08      1.43     -0.58  0.        3262.629       1849.252       6336.201    0.000  -0.138   0.380   0.
  2017 352 11 32  3 499 352.480596059       0.03      1.40     -0.62  0.        3261.649       1850.891       6337.407    0.000  -0.138   0.380   0.
  2017 352 11 32  4 499 352.480607633       0.09      1.31     -0.70  0.        3260.667       1852.531       6338.612    0.000  -0.138   0.380   0.
  2017 352 11 32  5 499 352.480619207       0.03      1.25     -0.66  0.        3259.686       1854.170       6339.817    0.000  -0.138   0.380   0.
  2017 352 11 32  6 499 352.480630781       0.30      1.34     -0.72  0.        3258.704       1855.809       6341.022    0.000  -0.138   0.380   0.
  2017 352 11 32  7 499 352.480642355       0.54      1.46     -0.94  0.        3257.722       1857.448       6342.225    0.000  -0.138   0.380   0.
  2017 352 11 32  8 499 352.480653929       0.51      1.39     -0.79  0.        3256.740       1859.086       6343.428    0.000  -0.138   0.380   0.
  2017 352 11 32  9 499 352.480665504       0.55      1.35     -0.69  0.        3255.757       1860.725       6344.630    0.000  -0.138   0.380   0.
  2017 352 11 32 10 499 352.480677077       0.53      1.24     -0.74  0.        3254.774       1862.363       6345.832    0.000  -0.138   0.380   0.
  2017 352 11 32 11 499 352.480688652       0.39      1.26     -0.85  0.        3253.790       1864.001       6347.033    0.000  -0.138   0.380   0.
  2017 352 11 32 12 499 352.480700226       0.15      1.25     -0.98  0.        3252.806       1865.639       6348.233    0.000  -0.138   0.380   0.
  2017 352 11 32 13 499 352.480711800      -0.00      1.21     -0.83  0.        3251.822       1867.276       6349.432    0.000  -0.138   0.380   0.
  2017 352 11 32 14 499 352.480723374      -0.01      1.31     -0.57  0.        3250.837       1868.914       6350.631    0.000  -0.138   0.380   0.
  2017 352 11 32 15 499 352.480734948      -0.07      1.39     -0.61  0.        3249.853       1870.551       6351.829    0.000  -0.138   0.380   0.
  2017 352 11 32 16 499 352.480746522      -0.22      1.39     -0.64  0.        3248.867       1872.188       6353.027    0.000  -0.138   0.380   0.
  2017 352 11 32 17 499 352.480758096      -0.33      1.35     -0.70  0.        3247.882       1873.825       6354.224    0.000  -0.138   0.380   0.
  2017 352 11 32 18 499 352.480769670      -0.34      1.45     -0.51  0.        3246.896       1875.462       6355.420    0.000  -0.138   0.380   0.
  2017 352 11 32 19 499 352.480781244      -0.30      1.56     -0.62  0.        3245.910       1877.098       6356.615    0.000  -0.138   0.380   0.
  2017 352 11 32 20 499 352.480792818      -0.63      1.53     -0.54  0.        3244.923       1878.734       6357.810    0.000  -0.138   0.380   0.
  2017 352 11 32 21 499 352.480804392      -0.62      1.54     -0.09  0.        3243.936       1880.370       6359.004    0.000  -0.138   0.380   0.
  2017 352 11 32 22 499 352.480815966      -0.48      1.66     -0.11  0.        3242.949       1882.006       6360.197    0.000  -0.138   0.380   0.
  2017 352 11 32 23 499 352.480827540      -0.26      1.69     -0.16  0.        3241.961       1883.642       6361.390    0.000  -0.138   0.380   0.
  2017 352 11 32 24 499 352.480839112      -0.18      1.67     -0.59  0.        3240.973       1885.277       6362.582    0.000  -0.138   0.380   0.
  2017 352 11 32 25 499 352.480850686      -0.34      1.46     -0.66  0.        3239.985       1886.912       6363.774    0.000  -0.138   0.380   0.
  2017 352 11 32 26 499 352.480862260      -0.20      1.56     -0.45  0.        3238.996       1888.547       6364.964    0.000  -0.138   0.380   0.
  2017 352 11 32 27 499 352.480873834      -0.05      1.66     -0.28  0.        3238.007       1890.182       6366.154    0.000  -0.138   0.380   0.
  2017 352 11 32 28 499 352.480885408      -0.28      1.42     -0.31  0.        3237.017       1891.817       6367.344    0.000  -0.138   0.380   0.
  2017 352 11 32 29 499 352.480896982      -0.13      1.49     -0.39  0.        3236.028       1893.451       6368.532    0.000  -0.138   0.380   0.
  2017 352 11 32 30 499 352.480908556      -0.37      1.48     -0.40  0.        3235.038       1895.085       6369.720    0.000  -0.138   0.380   0.
  2017 352 11 32 31 499 352.480920130      -0.21      1.60     -0.30  0.        3234.047       1896.719       6370.908    0.000  -0.138   0.380   0.
  2017 352 11 32 32 499 352.480931704      -0.06      1.59     -0.41  0.        3233.056       1898.353       6372.095    0.000  -0.138   0.380   0.
  2017 352 11 32 33 499 352.480943278      -0.04      1.41     -0.56  0.        3232.065       1899.987       6373.280    0.000  -0.138   0.380   0.
  2017 352 11 32 34 499 352.480954852       0.04      1.57     -0.51  0.        3231.074       1901.620       6374.466    0.000  -0.138   0.380   0.
  2017 352 11 32 35 499 352.480966427       0.30      1.66     -0.48  0.        3230.083       1903.253       6375.650    0.000  -0.138   0.380   0.
  2017 352 11 32 36 499 352.480978001       0.32      1.63     -0.38  0.        3229.090       1904.887       6376.834    0.000  -0.138   0.380   0.
  2017 352 11 32 37 499 352.480989575       0.33      1.50     -0.30  0.        3228.098       1906.519       6378.018    0.000  -0.138   0.380   0.
  2017 352 11 32 38 499 352.481001149      -0.01      1.45     -0.69  0.        3227.105       1908.152       6379.200    0.000  -0.138   0.380   0.
  2017 352 11 32 39 499 352.481012723      -0.26      1.36     -0.78  0.        3226.112       1909.784       6380.382    0.000  -0.138   0.380   0.
  2017 352 11 32 40 499 352.481024297      -0.08      1.28     -0.62  0.        3225.118       1911.416       6381.563    0.000  -0.138   0.380   0.
  2017 352 11 32 41 499 352.481035871       0.07      1.34     -0.60  0.        3224.124       1913.048       6382.744    0.000  -0.138   0.380   0.
  2017 352 11 32 42 499 352.481047445       0.08      1.26     -0.61  0.        3223.130       1914.680       6383.924    0.000  -0.138   0.380   0.
  2017 352 11 32 43 499 352.481059019      -0.05      1.21     -0.84  0.        3222.136       1916.312       6385.103    0.000  -0.138   0.380   0.
  2017 352 11 32 44 499 352.481070593      -0.30      1.09     -0.96  0.        3221.141       1917.943       6386.282    0.000  -0.138   0.380   0.
  2017 352 11 32 45 499 352.481082167      -0.32      1.19     -0.96  0.        3220.146       1919.575       6387.460    0.000  -0.138   0.380   0.
  2017 352 11 32 46 499 352.481093741      -0.60      1.36     -0.94  0.        3219.150       1921.206       6388.637    0.000  -0.138   0.380   0.
  2017 352 11 32 47 499 352.481105315      -0.46      1.40     -0.67  0.        3218.154       1922.836       6389.813    0.000  -0.138   0.380   0.
  2017 352 11 32 48 499 352.481116889      -0.34      1.36     -0.42  0.        3217.158       1924.467       6390.989    0.000  -0.138   0.380   0.
  2017 352 11 32 49 499 352.481128464      -0.24      1.35     -0.37  0.        3216.161       1926.097       6392.164    0.000  -0.138   0.380   0.
  2017 352 11 32 50 499 352.481140038      -0.35      1.35     -0.42  0.        3215.165       1927.728       6393.339    0.000  -0.138   0.380   0.
  2017 352 11 32 51 499 352.481151612      -0.42      1.34     -0.31  0.        3214.167       1929.358       6394.513    0.000  -0.138   0.380   0.
  2017 352 11 32 52 499 352.481163186      -0.41      1.32     -0.35  0.        3213.170       1930.987       6395.686    0.000  -0.138   0.380   0.
  2017 352 11 32 53 499 352.481174760      -0.47      1.35     -0.46  0.        3212.172       1932.617       6396.859    0.000  -0.138   0.380   0.
  2017 352 11 32 54 499 352.481186334      -0.49      1.32     -0.45  0.        3211.174       1934.246       6398.030    0.000  -0.138   0.380   0.
  2017 352 11 32 55 498 352.481197908      -0.54      1.27     -0.47  0.        3210.175       1935.876       6399.202    0.000  -0.138   0.380   0.
  2017 352 11 32 56 498 352.481209479      -0.54      1.27     -0.45  0.        3209.176       1937.504       6400.372    0.000  -0.138   0.380   0.
  2017 352 11 32 57 498 352.481221053      -0.43      1.29     -0.47  0.        3208.177       1939.133       6401.542    0.000  -0.138   0.380   0.
  2017 352 11 32 58 498 352.481232627      -0.39      1.27     -0.60  0.        3207.177       1940.762       6402.711    0.000  -0.138   0.380   0.
  2017 352 11 32 59 499 352.481244201      -0.44      1.31     -0.51  0.        3206.177       1942.390       6403.880    0.000  -0.138   0.380   0.
  2017 352 11 33  0 499 352.481255775      -0.54      1.34     -0.58  0.        3205.177       1944.018       6405.047    0.000  -0.138   0.380   0.
  2017 352 11 33  1 498 352.481267350      -0.91      1.26     -0.54  0.        3204.177       1945.646       6406.215    0.000  -0.138   0.380   0.
  2017 352 11 33  2 498 352.481278924      -0.73      1.29     -0.49  0.        3203.176       1947.274       6407.381    0.000  -0.138   0.379   0.
  2017 352 11 33  3 499 352.481290498      -0.59      1.31     -0.46  0.        3202.175       1948.902       6408.547    0.000  -0.138   0.379   0.
  2017 352 11 33  4 499 352.481302072       0.09      1.54     -0.72  0.        3201.173       1950.529       6409.712    0.000  -0.138   0.380   0.
  2017 352 11 33  5 499 352.481313646       0.09      1.45     -0.90  0.        3200.171       1952.156       6410.877    0.000  -0.138   0.380   0.
  2017 352 11 33  6 499 352.481325220      -0.42      1.22     -0.79  0.        3199.169       1953.783       6412.040    0.000  -0.138   0.379   0.
  2017 352 11 33  7 499 352.481336794      -0.35      1.15     -0.77  0.        3198.166       1955.410       6413.203    0.000  -0.138   0.379   0.
  2017 352 11 33  8 498 352.481348368      -0.21      1.13     -0.80  0.        3197.163       1957.036       6414.366    0.000  -0.138   0.380   0.
  2017 352 11 33  9 498 352.481359942      -0.19      1.13     -0.87  0.        3196.160       1958.663       6415.528    0.000  -0.138   0.380   0.
  2017 352 11 33 10 498 352.481371516      -0.62      1.16     -0.84  0.        3195.157       1960.289       6416.689    0.000  -0.138   0.380   0.
  2017 352 11 33 11 498 352.481383090      -0.84      1.20     -0.80  0.        3194.153       1961.915       6417.849    0.000  -0.138   0.380   0.
  2017 352 11 33 12 498 352.481394664      -0.73      1.18     -0.76  0.        3193.148       1963.541       6419.009    0.000  -0.138   0.379   0.
  2017 352 11 33 13 499 352.481406238      -0.83      1.32     -0.74  0.        3192.144       1965.166       6420.168    0.000  -0.138   0.379   0.
  2017 352 11 33 14 499 352.481417812      -0.99      1.37     -0.91  0.        3191.139       1966.791       6421.327    0.000  -0.138   0.380   0.
  2017 352 11 33 15 498 352.481429387      -1.22      1.26     -0.86  0.        3190.134       1968.417       6422.484    0.000  -0.138   0.380   0.
  2017 352 11 33 16 498 352.481440961      -0.98      1.45     -0.53  0.        3189.128       1970.041       6423.641    0.000  -0.138   0.380   0.
  2017 352 11 33 17 499 352.481452535      -0.93      1.51     -0.47  0.        3188.122       1971.666       6424.798    0.000  -0.138   0.380   0.
  2017 352 11 33 18 499 352.481464109      -1.01      1.49     -0.47  0.        3187.116       1973.291       6425.954    0.000  -0.138   0.380   0.
  2017 352 11 33 19 499 352.481475683      -0.80      1.35     -0.43  0.        3186.109       1974.915       6427.109    0.000  -0.138   0.380   0.
  2017 352 11 33 20 499 352.481487257      -0.74      1.37     -0.39  0.        3185.102       1976.539       6428.263    0.000  -0.138   0.380   0.
  2017 352 11 33 21 498 352.481498831      -0.72      1.39     -0.19  0.        3184.095       1978.163       6429.417    0.000  -0.138   0.380   0.
  2017 352 11 33 22 498 352.481510405      -0.63      1.39     -0.14  0.        3183.088       1979.787       6430.570    0.000  -0.138   0.380   0.
  2017 352 11 33 23 498 352.481521979      -0.74      1.34     -0.15  0.        3182.080       1981.410       6431.723    0.000  -0.138   0.380   0.
  2017 352 11 33 24 498 352.481533553      -0.73      1.35     -0.12  0.        3181.072       1983.033       6432.874    0.000  -0.138   0.379   0.
  2017 352 11 33 25 498 352.481545127      -0.60      1.34     -0.08  0.        3180.063       1984.657       6434.026    0.000  -0.138   0.379   0.
  2017 352 11 33 26 498 352.481556698      -0.68      1.31     -0.18  0.        3179.054       1986.279       6435.176    0.000  -0.138   0.380   0.
  2017 352 11 33 27 498 352.481568273      -0.70      1.38     -0.15  0.        3178.045       1987.902       6436.326    0.000  -0.138   0.380   0.
  2017 352 11 33 28 498 352.481579847      -0.80      1.35     -0.25  0.        3177.035       1989.525       6437.475    0.000  -0.138   0.380   0.
  2017 352 11 33 29 498 352.481591421      -0.59      1.32     -0.13  0.        3176.025       1991.147       6438.623    0.000  -0.138   0.380   0.
  2017 352 11 33 30 498 352.481602995      -0.50      1.29     -0.08  0.        3175.015       1992.769       6439.771    0.000  -0.138   0.380   0.
  2017 352 11 33 31 498 352.481614569      -0.66      1.21      0.05  0.        3174.005       1994.391       6440.918    0.000  -0.138   0.380   0.
  2017 352 11 33 32 498 352.481626143      -0.78      1.26      0.11  0.        3172.994       1996.012       6442.065    0.000  -0.138   0.380   0.
  2017 352 11 33 33 498 352.481637717      -0.92      1.31     -0.06  0.        3171.983       1997.634       6443.210    0.000  -0.138   0.380   0.
  2017 352 11 33 34 498 352.481649291      -1.01      1.37     -0.26  0.        3170.971       1999.255       6444.355    0.000  -0.138   0.380   0.
  2017 352 11 33 35 498 352.481660865      -1.21      1.28     -0.32  0.        3169.959       2000.876       6445.500    0.000  -0.138   0.380   0.
  2017 352 11 33 36 498 352.481672439      -1.06      1.34     -0.02  0.        3168.947       2002.497       6446.644    0.000  -0.138   0.380   0.
  2017 352 11 33 37 498 352.481684013      -0.80      1.43      0.07  0.        3167.935       2004.117       6447.787    0.000  -0.138   0.380   0.
  2017 352 11 33 38 498 352.481695587      -0.84      1.40     -0.01  0.        3166.922       2005.738       6448.929    0.000  -0.138   0.380   0.
  2017 352 11 33 39 498 352.481707161      -0.82      1.55      0.19  0.        3165.909       2007.358       6450.071    0.000  -0.138   0.380   0.
  2017 352 11 33 40 498 352.481718736      -0.51      1.65      0.24  0.        3164.895       2008.978       6451.212    0.000  -0.138   0.380   0.
  2017 352 11 33 41 498 352.481730310      -0.51      1.67      0.29  0.        3163.882       2010.598       6452.353    0.000  -0.138   0.380   0.
  2017 352 11 33 42 498 352.481741884      -0.50      1.62      0.17  0.        3162.867       2012.217       6453.492    0.000  -0.138   0.380   0.
  2017 352 11 33 43 498 352.481753458      -0.62      1.55      0.08  0.        3161.853       2013.837       6454.631    0.000  -0.138   0.380   0.
  2017 352 11 33 44 498 352.481765032      -0.60      1.56      0.10  0.        3160.838       2015.456       6455.770    0.000  -0.138   0.380   0.
  2017 352 11 33 45 498 352.481776606      -0.41      1.58     -0.05  0.        3159.823       2017.075       6456.908    0.000  -0.138   0.380   0.
  2017 352 11 33 46 498 352.481788180      -0.63      1.50      0.02  0.        3158.808       2018.693       6458.045    0.000  -0.138   0.380   0.
  2017 352 11 33 47 498 352.481799754      -0.42      1.54      0.10  0.        3157.792       2020.312       6459.181    0.000  -0.138   0.380   0.
  2017 352 11 33 48 498 352.481811328      -0.43      1.61     -0.00  0.        3156.776       2021.930       6460.317    0.000  -0.138   0.380   0.
  2017 352 11 33 49 498 352.481822902      -0.25      1.69      0.13  0.        3155.760       2023.549       6461.452    0.000  -0.138   0.380   0.
  2017 352 11 33 50 498 352.481834476      -0.23      1.45     -0.06  0.        3154.743       2025.166       6462.587    0.000  -0.138   0.380   0.
  2017 352 11 33 51 498 352.481846050      -0.47      1.22     -0.34  0.        3153.726       2026.784       6463.721    0.000  -0.138   0.380   0.
  2017 352 11 33 52 498 352.481857624      -0.44      1.26     -0.35  0.        3152.708       2028.402       6464.854    0.000  -0.138   0.380   0.
  2017 352 11 33 53 498 352.481869198      -0.45      1.37     -0.44  0.        3151.691       2030.019       6465.986    0.000  -0.138   0.380   0.
  2017 352 11 33 54 498 352.481880770      -0.61      1.42     -0.50  0.        3150.673       2031.636       6467.118    0.000  -0.138   0.380   0.
  2017 352 11 33 55 498 352.481892344      -0.36      1.41     -0.33  0.        3149.654       2033.253       6468.249    0.000  -0.138   0.380   0.
  2017 352 11 33 56 498 352.481903918      -0.10      1.44     -0.28  0.        3148.636       2034.869       6469.380    0.000  -0.138   0.380   0.
  2017 352 11 33 57 498 352.481915492      -0.16      1.46     -0.60  0.        3147.617       2036.486       6470.510    0.000  -0.138   0.380   0.
  2017 352 11 33 58 498 352.481927066      -0.11      1.41     -0.79  0.        3146.598       2038.102       6471.639    0.000  -0.138   0.380   0.
  2017 352 11 33 59 498 352.481938640      -0.16      1.28     -0.95  0.        3145.578       2039.718       6472.767    0.000  -0.138   0.380   0.
  2017 352 11 34  0 498 352.481950214      -0.29      1.23     -1.05  0.        3144.558       2041.334       6473.895    0.000  -0.138   0.380   0.
  2017 352 11 34  1 498 352.481961788      -0.28      1.24     -1.01  0.        3143.538       2042.950       6475.022    0.000  -0.138   0.380   0.
  2017 352 11 34  2 498 352.481973362      -0.47      1.22     -0.90  0.        3142.517       2044.565       6476.149    0.000  -0.138   0.380   0.
  2017 352 11 34  3 498 352.481984936      -0.42      1.24     -0.90  0.        3141.496       2046.180       6477.275    0.000  -0.138   0.380   0.
  2017 352 11 34  4 498 352.481996510      -0.49      1.19     -0.92  0.        3140.475       2047.795       6478.400    0.000  -0.138   0.380   0.
  2017 352 11 34  5 498 352.482008085      -0.36      1.21     -0.80  0.        3139.454       2049.410       6479.524    0.000  -0.138   0.380   0.
  2017 352 11 34  6 498 352.482019659      -0.38      1.20     -0.84  0.        3138.432       2051.025       6480.648    0.000  -0.138   0.380   0.
  2017 352 11 34  7 498 352.482031233      -0.53      1.22     -0.87  0.        3137.410       2052.639       6481.772    0.000  -0.138   0.380   0.
  2017 352 11 34  8 498 352.482042807      -0.64      1.30     -0.69  0.        3136.387       2054.253       6482.894    0.000  -0.138   0.380   0.
  2017 352 11 34  9 498 352.482054381      -0.46      1.35     -0.39  0.        3135.364       2055.867       6484.016    0.000  -0.138   0.380   0.
  2017 352 11 34 10 498 352.482065955      -0.29      1.29     -0.33  0.        3134.341       2057.481       6485.137    0.000  -0.138   0.380   0.
  2017 352 11 34 11 498 352.482077529      -0.58      1.16     -0.63  0.        3133.318       2059.095       6486.258    0.000  -0.138   0.380   0.
  2017 352 11 34 12 498 352.482089103      -0.33      1.24     -0.50  0.        3132.294       2060.708       6487.378    0.000  -0.138   0.380   0.
  2017 352 11 34 13 498 352.482100677      -0.21      1.27     -0.24  0.        3131.270       2062.321       6488.497    0.000  -0.138   0.380   0.
  2017 352 11 34 14 498 352.482112251      -0.24      1.23     -0.56  0.        3130.245       2063.934       6489.616    0.000  -0.138   0.380   0.
  2017 352 11 34 15 498 352.482123825      -0.40      1.14     -0.67  0.        3129.221       2065.547       6490.734    0.000  -0.138   0.380   0.
  2017 352 11 34 16 498 352.482135399      -0.27      1.20     -0.51  0.        3128.196       2067.159       6491.851    0.000  -0.138   0.380   0.
  2017 352 11 34 17 498 352.482146973      -0.30      1.22     -0.65  0.        3127.170       2068.771       6492.968    0.000  -0.138   0.380   0.
  2017 352 11 34 18 498 352.482158547      -0.35      1.25     -0.60  0.        3126.145       2070.383       6494.083    0.000  -0.138   0.380   0.
  2017 352 11 34 19 498 352.482170121      -0.34      1.26     -0.58  0.        3125.119       2071.995       6495.199    0.000  -0.138   0.380   0.
  2017 352 11 34 20 498 352.482181696      -0.35      1.32     -0.60  0.        3124.092       2073.607       6496.313    0.000  -0.138   0.380   0.
  2017 352 11 34 21 498 352.482193270      -0.21      1.29     -0.56  0.        3123.066       2075.219       6497.427    0.000  -0.138   0.380   0.
  2017 352 11 34 22 498 352.482204844      -0.36      1.35     -0.56  0.        3122.039       2076.830       6498.541    0.000  -0.138   0.380   0.
  2017 352 11 34 23 498 352.482216418      -0.41      1.34     -0.38  0.        3121.011       2078.441       6499.653    0.000  -0.138   0.380   0.
  2017 352 11 34 24 498 352.482227989      -0.16      1.41     -0.09  0.        3119.984       2080.052       6500.765    0.000  -0.138   0.380   0.
  2017 352 11 34 25 498 352.482239563      -0.13      1.49     -0.24  0.        3118.956       2081.662       6501.877    0.000  -0.138   0.380   0.
  2017 352 11 34 26 498 352.482251137      -0.16      1.53     -0.44  0.        3117.928       2083.273       6502.988    0.000  -0.138   0.380   0.
  2017 352 11 34 27 498 352.482262711       0.06      1.44     -0.38  0.        3116.899       2084.883       6504.098    0.000  -0.138   0.380   0.
  2017 352 11 34 28 498 352.482274285       0.07      1.37     -0.59  0.        3115.870       2086.493       6505.207    0.000  -0.138   0.380   0.
  2017 352 11 34 29 498 352.482285859      -0.34      1.27     -0.52  0.        3114.841       2088.103       6506.316    0.000  -0.138   0.380   0.
  2017 352 11 34 30 498 352.482297433      -0.51      1.29     -0.27  0.        3113.812       2089.712       6507.424    0.000  -0.138   0.380   0.
  2017 352 11 34 31 498 352.482309008      -0.53      1.37     -0.30  0.        3112.782       2091.322       6508.531    0.000  -0.138   0.380   0.
  2017 352 11 34 32 498 352.482320582      -0.48      1.39     -0.22  0.        3111.752       2092.931       6509.638    0.000  -0.138   0.380   0.
  2017 352 11 34 33 498 352.482332156      -0.55      1.46     -0.19  0.        3110.722       2094.540       6510.744    0.000  -0.138   0.380   0.
  2017 352 11 34 34 498 352.482343730      -0.45      1.40     -0.44  0.        3109.691       2096.148       6511.849    0.000  -0.138   0.380   0.
  2017 352 11 34 35 498 352.482355304      -0.46      1.33     -0.46  0.        3108.660       2097.757       6512.954    0.000  -0.138   0.380   0.
  2017 352 11 34 36 498 352.482366878      -0.07      1.37     -0.12  0.        3107.628       2099.365       6514.058    0.000  -0.138   0.380   0.
  2017 352 11 34 37 498 352.482378452      -0.25      1.36     -0.12  0.        3106.597       2100.973       6515.162    0.000  -0.138   0.380   0.
  2017 352 11 34 38 498 352.482390026      -0.69      1.14      0.07  0.        3105.565       2102.581       6516.265    0.000  -0.138   0.379   0.
  2017 352 11 34 39 498 352.482401600      -0.76      1.11     -0.04  0.        3104.533       2104.189       6517.367    0.000  -0.138   0.379   0.
  2017 352 11 34 40 498 352.482413174      -0.68      1.21      0.07  0.        3103.500       2105.796       6518.468    0.000  -0.138   0.380   0.
  2017 352 11 34 41 498 352.482424748      -0.95      1.22     -0.21  0.        3102.467       2107.403       6519.569    0.000  -0.138   0.380   0.
  2017 352 11 34 42 498 352.482436322      -0.90      1.42     -0.02  0.        3101.434       2109.010       6520.669    0.000  -0.138   0.380   0.
  2017 352 11 34 43 498 352.482447896      -0.61      1.45     -0.01  0.        3100.400       2110.617       6521.769    0.000  -0.138   0.380   0.
  2017 352 11 34 44 498 352.482459471      -0.56      1.37     -0.11  0.        3099.366       2112.224       6522.868    0.000  -0.138   0.379   0.
  2017 352 11 34 45 498 352.482471045      -0.42      1.38     -0.12  0.        3098.332       2113.830       6523.966    0.000  -0.138   0.379   0.
  2017 352 11 34 46 498 352.482482619      -0.35      1.32     -0.28  0.        3097.298       2115.436       6525.064    0.000  -0.138   0.380   0.
  2017 352 11 34 47 498 352.482494193      -0.56      1.25     -0.52  0.        3096.263       2117.042       6526.160    0.000  -0.138   0.380   0.
  2017 352 11 34 48 498 352.482505767      -0.50      1.35     -0.45  0.        3095.228       2118.648       6527.257    0.000  -0.138   0.379   0.
  2017 352 11 34 49 498 352.482517341      -0.39      1.27     -0.43  0.        3094.193       2120.254       6528.352    0.000  -0.138   0.379   0.
  2017 352 11 34 50 498 352.482528915      -0.33      1.17     -0.52  0.        3093.157       2121.859       6529.447    0.000  -0.138   0.380   0.
  2017 352 11 34 51 498 352.482540489      -0.27      1.14     -0.55  0.        3092.121       2123.464       6530.542    0.000  -0.138   0.380   0.
  2017 352 11 34 52 498 352.482552063      -0.29      1.18     -0.53  0.        3091.084       2125.069       6531.635    0.000  -0.138   0.380   0.
  2017 352 11 34 53 497 352.482563637      -0.38      1.19     -0.60  0.        3090.048       2126.674       6532.728    0.000  -0.138   0.380   0.
  2017 352 11 34 54 497 352.482575208      -0.45      1.23     -0.71  0.        3089.011       2128.278       6533.821    0.000  -0.138   0.379   0.
  2017 352 11 34 55 498 352.482586782      -0.56      1.20     -0.57  0.        3087.974       2129.882       6534.912    0.000  -0.138   0.379   0.
  2017 352 11 34 56 498 352.482598356      -0.31      1.24     -0.54  0.        3086.936       2131.487       6536.003    0.000  -0.138   0.380   0.
  2017 352 11 34 57 497 352.482609931      -0.45      1.16     -0.80  0.        3085.898       2133.090       6537.094    0.000  -0.138   0.380   0.
  2017 352 11 34 58 497 352.482621505      -0.35      1.44     -0.59  0.        3084.860       2134.694       6538.183    0.000  -0.138   0.380   0.
  2017 352 11 34 59 498 352.482633079      -0.23      1.23     -0.83  0.        3083.822       2136.297       6539.272    0.000  -0.138   0.380   0.
  2017 352 11 35  0 498 352.482644653      -0.52      1.19     -0.54  0.        3082.783       2137.901       6540.361    0.000  -0.138   0.380   0.
  2017 352 11 35  1 498 352.482656227      -0.47      1.38     -0.35  0.        3081.744       2139.504       6541.449    0.000  -0.138   0.380   0.
  2017 352 11 35  2 498 352.482667801      -0.28      1.43     -0.42  0.        3080.704       2141.106       6542.536    0.000  -0.138   0.380   0.
  2017 352 11 35  3 497 352.482679375      -0.23      1.32     -0.59  0.        3079.664       2142.709       6543.622    0.000  -0.138   0.380   0.
  2017 352 11 35  4 497 352.482690949      -0.16      1.28     -0.64  0.        3078.624       2144.311       6544.708    0.000  -0.138   0.379   0.
  2017 352 11 35  5 497 352.482702523      -0.33      1.13     -0.65  0.        3077.584       2145.913       6545.793    0.000  -0.138   0.379   0.
  2017 352 11 35  6 497 352.482714097      -0.03      1.16     -0.36  0.        3076.544       2147.515       6546.878    0.000  -0.138   0.380   0.
  2017 352 11 35  7 497 352.482725671      -0.05      1.25     -0.33  0.        3075.503       2149.117       6547.961    0.000  -0.138   0.380   0.
  2017 352 11 35  8 498 352.482737245      -0.14      1.36     -0.38  0.        3074.461       2150.719       6549.045    0.000  -0.138   0.380   0.
  2017 352 11 35  9 498 352.482748819      -0.11      1.15     -0.64  0.        3073.420       2152.320       6550.127    0.000  -0.138   0.380   0.
  2017 352 11 35 10 497 352.482760394      -0.48      1.07     -0.58  0.        3072.378       2153.921       6551.209    0.000  -0.138   0.380   0.
  2017 352 11 35 11 497 352.482771968      -0.32      1.37     -0.25  0.        3071.336       2155.522       6552.290    0.000  -0.138   0.380   0.
  2017 352 11 35 12 498 352.482783542      -0.20      1.45     -0.30  0.        3070.293       2157.123       6553.371    0.000  -0.138   0.380   0.
  2017 352 11 35 13 498 352.482795116      -0.34      1.34     -0.40  0.        3069.251       2158.723       6554.451    0.000  -0.138   0.380   0.
  2017 352 11 35 14 498 352.482806690      -0.35      1.23     -0.39  0.        3068.208       2160.323       6555.530    0.000  -0.138   0.380   0.
  2017 352 11 35 15 498 352.482818264      -0.45      1.20     -0.55  0.        3067.164       2161.923       6556.609    0.000  -0.138   0.380   0.
  2017 352 11 35 16 498 352.482829838      -0.43      1.23     -0.50  0.        3066.120       2163.523       6557.687    0.000  -0.138   0.380   0.
  2017 352 11 35 17 497 352.482841412      -0.52      1.20     -0.53  0.        3065.076       2165.123       6558.764    0.000  -0.138   0.380   0.
  2017 352 11 35 18 497 352.482852986      -0.60      1.18     -0.48  0.        3064.032       2166.722       6559.841    0.000  -0.138   0.380   0.
  2017 352 11 35 19 497 352.482864560      -0.64      1.20     -0.42  0.        3062.988       2168.321       6560.917    0.000  -0.138   0.380   0.
  2017 352 11 35 20 497 352.482876134      -0.24      1.54     -0.28  0.        3061.943       2169.920       6561.992    0.000  -0.138   0.380   0.
  2017 352 11 35 21 497 352.482887708      -0.19      1.62     -0.58  0.        3060.897       2171.519       6563.067    0.000  -0.138   0.380   0.
  2017 352 11 35 22 498 352.482899282      -0.32      1.51     -0.56  0.        3059.852       2173.117       6564.141    0.000  -0.138   0.380   0.
  2017 352 11 35 23 498 352.482910856      -0.39      1.36     -0.42  0.        3058.806       2174.716       6565.215    0.000  -0.138   0.380   0.
  2017 352 11 35 24 497 352.482922428      -0.25      1.35     -0.27  0.        3057.760       2176.314       6566.287    0.000  -0.138   0.380   0.
  2017 352 11 35 25 497 352.482934002      -0.32      1.28     -0.37  0.        3056.714       2177.911       6567.359    0.000  -0.138   0.380   0.
  2017 352 11 35 26 497 352.482945576      -0.47      1.18     -0.53  0.        3055.667       2179.509       6568.431    0.000  -0.138   0.380   0.
  2017 352 11 35 27 497 352.482957150      -0.59      1.24     -0.46  0.        3054.620       2181.107       6569.502    0.000  -0.138   0.380   0.
  2017 352 11 35 28 497 352.482968724      -0.45      1.34     -0.34  0.        3053.573       2182.704       6570.572    0.000  -0.138   0.380   0.
  2017 352 11 35 29 497 352.482980298      -0.54      1.33     -0.43  0.        3052.525       2184.301       6571.641    0.000  -0.138   0.380   0.
  2017 352 11 35 30 497 352.482991872      -0.60      1.26     -0.47  0.        3051.477       2185.898       6572.710    0.000  -0.138   0.380   0.
  2017 352 11 35 31 497 352.483003446      -0.70      1.24     -0.52  0.        3050.429       2187.494       6573.779    0.000  -0.138   0.380   0.
  2017 352 11 35 32 497 352.483015020      -0.65      1.25     -0.53  0.        3049.380       2189.090       6574.846    0.000  -0.138   0.380   0.
  2017 352 11 35 33 497 352.483026594      -0.68      1.22     -0.45  0.        3048.331       2190.687       6575.913    0.000  -0.138   0.380   0.
  2017 352 11 35 34 497 352.483038168      -0.66      1.19     -0.36  0.        3047.282       2192.283       6576.979    0.000  -0.138   0.380   0.
  2017 352 11 35 35 497 352.483049742      -0.53      1.28     -0.31  0.        3046.233       2193.878       6578.045    0.000  -0.138   0.380   0.
  2017 352 11 35 36 497 352.483061317      -0.43      1.36     -0.23  0.        3045.183       2195.474       6579.110    0.000  -0.138   0.380   0.
  2017 352 11 35 37 497 352.483072891      -0.22      1.36     -0.34  0.        3044.133       2197.069       6580.174    0.000  -0.138   0.380   0.
  2017 352 11 35 38 497 352.483084465      -0.22      1.28     -0.56  0.        3043.083       2198.664       6581.238    0.000  -0.138   0.380   0.
  2017 352 11 35 39 497 352.483096039      -0.32      1.23     -0.70  0.        3042.032       2200.259       6582.301    0.000  -0.138   0.380   0.
  2017 352 11 35 40 497 352.483107613      -0.34      1.31     -0.56  0.        3040.981       2201.854       6583.364    0.000  -0.138   0.380   0.
  2017 352 11 35 41 497 352.483119187      -0.34      1.32     -0.44  0.        3039.930       2203.448       6584.425    0.000  -0.138   0.380   0.
  2017 352 11 35 42 497 352.483130761      -0.45      1.32     -0.51  0.        3038.879       2205.042       6585.487    0.000  -0.138   0.379   0.
  2017 352 11 35 43 497 352.483142335      -0.56      1.32     -0.61  0.        3037.827       2206.636       6586.547    0.000  -0.138   0.379   0.
  2017 352 11 35 44 497 352.483153909      -0.70      1.41     -0.54  0.        3036.775       2208.230       6587.607    0.000  -0.138   0.379   0.
  2017 352 11 35 45 497 352.483165483      -0.69      1.41     -0.43  0.        3035.722       2209.823       6588.666    0.000  -0.138   0.379   0.
  2017 352 11 35 46 497 352.483177057      -0.56      1.40     -0.47  0.        3034.670       2211.417       6589.725    0.000  -0.138   0.379   0.
  2017 352 11 35 47 497 352.483188631      -0.82      1.17     -0.61  0.        3033.617       2213.010       6590.782    0.000  -0.138   0.379   0.
  2017 352 11 35 48 497 352.483200205      -0.74      1.60     -0.34  0.        3032.563       2214.603       6591.840    0.000  -0.138   0.379   0.
  2017 352 11 35 49 497 352.483211779      -0.36      1.47     -0.63  0.        3031.510       2216.196       6592.897    0.000  -0.138   0.379   0.
  2017 352 11 35 50 497 352.483223354      -0.70      1.15     -0.81  0.        3030.456       2217.788       6593.952    0.000  -0.138   0.379   0.
  2017 352 11 35 51 497 352.483234928      -0.85      1.16     -0.80  0.        3029.402       2219.380       6595.007    0.000  -0.138   0.379   0.
  2017 352 11 35 52 497 352.483246502      -0.72      1.41     -0.57  0.        3028.347       2220.972       6596.062    0.000  -0.138   0.379   0.
  2017 352 11 35 53 497 352.483258076      -0.62      1.34     -0.37  0.        3027.292       2222.564       6597.116    0.000  -0.138   0.379   0.
  2017 352 11 35 54 497 352.483269647      -0.74      1.26     -0.53  0.        3026.237       2224.156       6598.170    0.000  -0.138   0.380   0.
  2017 352 11 35 55 497 352.483281221      -0.77      1.32     -0.47  0.        3025.182       2225.747       6599.222    0.000  -0.138   0.380   0.
  2017 352 11 35 56 497 352.483292795      -0.75      1.29     -0.27  0.        3024.126       2227.338       6600.274    0.000  -0.138   0.380   0.
  2017 352 11 35 57 497 352.483304369      -0.64      1.27     -0.39  0.        3023.070       2228.929       6601.326    0.000  -0.138   0.380   0.
  2017 352 11 35 58 497 352.483315943      -0.66      1.30     -0.33  0.        3022.014       2230.520       6602.376    0.000  -0.138   0.380   0.
  2017 352 11 35 59 497 352.483327517      -0.63      1.27     -0.34  0.        3020.958       2232.110       6603.427    0.000  -0.138   0.380   0.
  2017 352 11 36  0 497 352.483339091      -0.65      1.27     -0.10  0.        3019.901       2233.701       6604.476    0.000  -0.138   0.380   0.
  2017 352 11 36  1 497 352.483350665      -0.78      1.22     -0.29  0.        3018.843       2235.291       6605.525    0.000  -0.138   0.380   0.
  2017 352 11 36  2 497 352.483362240      -0.63      1.28     -0.40  0.        3017.786       2236.881       6606.573    0.000  -0.138   0.379   0.
  2017 352 11 36  3 497 352.483373814      -0.64      1.33     -0.40  0.        3016.728       2238.470       6607.621    0.000  -0.138   0.379   0.
  2017 352 11 36  4 497 352.483385388      -0.65      1.31     -0.56  0.        3015.670       2240.060       6608.668    0.000  -0.138   0.380   0.
  2017 352 11 36  5 497 352.483396962      -0.68      1.23     -0.62  0.        3014.612       2241.649       6609.714    0.000  -0.138   0.380   0.
  2017 352 11 36  6 497 352.483408536      -0.65      1.21     -0.53  0.        3013.553       2243.238       6610.760    0.000  -0.138   0.380   0.
  2017 352 11 36  7 497 352.483420110      -0.78      1.12     -0.64  0.        3012.494       2244.827       6611.805    0.000  -0.138   0.380   0.
  2017 352 11 36  8 497 352.483431684      -0.74      1.19     -0.57  0.        3011.435       2246.415       6612.849    0.000  -0.138   0.379   0.
  2017 352 11 36  9 497 352.483443258      -0.70      1.31     -0.50  0.        3010.376       2248.004       6613.893    0.000  -0.138   0.379   0.
  2017 352 11 36 10 497 352.483454832      -0.68      1.30     -0.54  0.        3009.316       2249.592       6614.936    0.000  -0.138   0.380   0.
  2017 352 11 36 11 497 352.483466406      -0.71      1.31     -0.50  0.        3008.256       2251.180       6615.978    0.000  -0.138   0.380   0.
  2017 352 11 36 12 497 352.483477980      -0.67      1.32     -0.34  0.        3007.195       2252.767       6617.020    0.000  -0.138   0.380   0.
  2017 352 11 36 13 497 352.483489554      -0.74      1.36     -0.26  0.        3006.135       2254.355       6618.061    0.000  -0.138   0.380   0.
  2017 352 11 36 14 497 352.483501129      -0.76      1.39     -0.29  0.        3005.074       2255.942       6619.102    0.000  -0.138   0.379   0.
  2017 352 11 36 15 497 352.483512702      -0.78      1.42     -0.45  0.        3004.013       2257.529       6620.141    0.000  -0.138   0.379   0.
  2017 352 11 36 16 497 352.483524277      -0.83      1.38     -0.49  0.        3002.951       2259.116       6621.181    0.000  -0.138   0.380   0.
  2017 352 11 36 17 497 352.483535851      -0.88      1.37     -0.48  0.        3001.889       2260.703       6622.219    0.000  -0.138   0.380   0.
  2017 352 11 36 18 497 352.483547425      -0.92      1.29     -0.56  0.        3000.827       2262.289       6623.257    0.000  -0.138   0.380   0.
  2017 352 11 36 19 497 352.483558999      -0.84      1.24     -0.59  0.        2999.765       2263.875       6624.294    0.000  -0.138   0.380   0.
  2017 352 11 36 20 497 352.483570573      -0.78      1.26     -0.55  0.        2998.702       2265.461       6625.331    0.000  -0.138   0.380   0.
  2017 352 11 36 21 497 352.483582147      -0.81      1.34     -0.50  0.        2997.639       2267.047       6626.367    0.000  -0.138   0.380   0.
  2017 352 11 36 22 497 352.483593721      -0.75      1.41     -0.40  0.        2996.576       2268.632       6627.402    0.000  -0.138   0.380   0.
  2017 352 11 36 23 497 352.483605295      -0.97      1.31     -0.47  0.        2995.512       2270.218       6628.437    0.000  -0.138   0.380   0.
  2017 352 11 36 24 497 352.483616869      -0.87      1.42     -0.50  0.        2994.448       2271.803       6629.471    0.000  -0.138   0.380   0.
  2017 352 11 36 25 497 352.483628443      -0.61      1.40     -0.36  0.        2993.384       2273.387       6630.505    0.000  -0.138   0.380   0.
  2017 352 11 36 26 497 352.483640014      -0.56      1.27     -0.55  0.        2992.320       2274.972       6631.537    0.000  -0.138   0.380   0.
  2017 352 11 36 27 497 352.483651589      -0.69      1.11     -0.62  0.        2991.255       2276.557       6632.569    0.000  -0.138   0.380   0.
  2017 352 11 36 28 497 352.483663163      -0.65      1.26     -0.50  0.        2990.190       2278.140       6633.601    0.000  -0.138   0.380   0.
  2017 352 11 36 29 497 352.483674737      -0.64      1.20     -0.58  0.        2989.125       2279.724       6634.632    0.000  -0.138   0.380   0.
  2017 352 11 36 30 497 352.483686311      -0.73      1.09     -0.65  0.        2988.059       2281.308       6635.662    0.000  -0.138   0.380   0.
  2017 352 11 36 31 497 352.483697885      -0.83      1.29     -0.79  0.        2986.993       2282.892       6636.692    0.000  -0.138   0.380   0.
  2017 352 11 36 32 497 352.483709459      -0.93      1.50     -0.52  0.        2985.927       2284.475       6637.721    0.000  -0.138   0.380   0.
  2017 352 11 36 33 497 352.483721033      -0.86      1.47     -0.11  0.        2984.861       2286.058       6638.749    0.000  -0.138   0.380   0.
  2017 352 11 36 34 497 352.483732607      -0.96      1.39     -0.35  0.        2983.794       2287.641       6639.777    0.000  -0.138   0.379   0.
  2017 352 11 36 35 497 352.483744181      -0.98      1.33     -0.52  0.        2982.727       2289.224       6640.804    0.000  -0.138   0.379   0.
  2017 352 11 36 36 497 352.483755755      -0.73      1.45     -0.33  0.        2981.660       2290.806       6641.830    0.000  -0.138   0.380   0.
  2017 352 11 36 37 497 352.483767329      -0.71      1.44     -0.01  0.        2980.592       2292.388       6642.856    0.000  -0.138   0.380   0.
  2017 352 11 36 38 497 352.483778903      -0.62      1.36      0.00  0.        2979.524       2293.970       6643.881    0.000  -0.138   0.380   0.
  2017 352 11 36 39 497 352.483790477      -0.94      1.26     -0.23  0.        2978.456       2295.552       6644.905    0.000  -0.138   0.380   0.
  2017 352 11 36 40 497 352.483802052      -0.98      1.31     -0.26  0.        2977.387       2297.134       6645.929    0.000  -0.138   0.380   0.
  2017 352 11 36 41 497 352.483813626      -0.77      1.37     -0.28  0.        2976.319       2298.715       6646.952    0.000  -0.138   0.380   0.
  2017 352 11 36 42 497 352.483825200      -0.64      1.35     -0.35  0.        2975.250       2300.296       6647.975    0.000  -0.138   0.380   0.
  2017 352 11 36 43 497 352.483836774      -0.56      1.30     -0.17  0.        2974.180       2301.877       6648.997    0.000  -0.138   0.380   0.
  2017 352 11 36 44 497 352.483848348      -0.69      1.27     -0.19  0.        2973.111       2303.458       6650.018    0.000  -0.138   0.380   0.
  2017 352 11 36 45 497 352.483859922      -0.78      1.24     -0.15  0.        2972.041       2305.038       6651.039    0.000  -0.138   0.380   0.
  2017 352 11 36 46 497 352.483871496      -0.81      1.24     -0.08  0.        2970.971       2306.618       6652.059    0.000  -0.138   0.380   0.
  2017 352 11 36 47 497 352.483883070      -0.82      1.21     -0.11  0.        2969.900       2308.198       6653.078    0.000  -0.138   0.380   0.
  2017 352 11 36 48 497 352.483894644      -0.66      1.22     -0.13  0.        2968.830       2309.778       6654.097    0.000  -0.138   0.380   0.
  2017 352 11 36 49 497 352.483906218      -0.56      1.31     -0.16  0.        2967.759       2311.358       6655.115    0.000  -0.138   0.380   0.
  2017 352 11 36 50 497 352.483917792      -0.58      1.33     -0.22  0.        2966.687       2312.937       6656.132    0.000  -0.138   0.379   0.
  2017 352 11 36 51 497 352.483929366      -0.53      1.28     -0.28  0.        2965.616       2314.516       6657.149    0.000  -0.138   0.379   0.
  2017 352 11 36 52 497 352.483940940      -0.40      1.21     -0.26  0.        2964.544       2316.095       6658.165    0.000  -0.138   0.380   0.
  2017 352 11 36 53 496 352.483952514      -0.43      1.22     -0.20  0.        2963.472       2317.674       6659.181    0.000  -0.138   0.380   0.
  2017 352 11 36 54 496 352.483964086      -0.53      1.19     -0.20  0.        2962.399       2319.252       6660.196    0.000  -0.138   0.380   0.
  2017 352 11 36 55 497 352.483975660      -0.67      1.13     -0.21  0.        2961.326       2320.830       6661.210    0.000  -0.138   0.380   0.
  2017 352 11 36 56 497 352.483987234      -0.60      1.23     -0.18  0.        2960.253       2322.408       6662.224    0.000  -0.138   0.379   0.
  2017 352 11 36 57 497 352.483998808      -0.49      1.25     -0.17  0.        2959.180       2323.986       6663.237    0.000  -0.138   0.379   0.
  2017 352 11 36 58 497 352.484010382      -0.56      1.19     -0.32  0.        2958.107       2325.564       6664.249    0.000  -0.138   0.380   0.
  2017 352 11 36 59 496 352.484021956      -0.70      1.11     -0.37  0.        2957.033       2327.141       6665.261    0.000  -0.138   0.380   0.
  2017 352 11 37  0 496 352.484033530      -0.64      1.11     -0.31  0.        2955.958       2328.718       6666.272    0.000  -0.138   0.379   0.
  2017 352 11 37  1 496 352.484045104      -0.65      1.13     -0.39  0.        2954.884       2330.295       6667.282    0.000  -0.138   0.379   0.
  2017 352 11 37  2 496 352.484056678      -0.72      1.21     -0.38  0.        2953.809       2331.872       6668.292    0.000  -0.138   0.379   0.
  2017 352 11 37  3 496 352.484068252      -0.83      1.12     -0.34  0.        2952.734       2333.448       6669.301    0.000  -0.138   0.379   0.
  2017 352 11 37  4 497 352.484079826      -0.62      1.09     -0.21  0.        2951.659       2335.024       6670.310    0.000  -0.138   0.380   0.
  2017 352 11 37  5 497 352.484091400      -0.71      1.13     -0.21  0.        2950.584       2336.601       6671.318    0.000  -0.138   0.380   0.
  2017 352 11 37  6 496 352.484102975      -0.85      1.16     -0.20  0.        2949.508       2338.176       6672.325    0.000  -0.138   0.379   0.
  2017 352 11 37  7 496 352.484114549      -0.72      1.20     -0.16  0.        2948.432       2339.752       6673.332    0.000  -0.138   0.379   0.
  2017 352 11 37  8 497 352.484126123      -0.62      1.22     -0.22  0.        2947.355       2341.327       6674.338    0.000  -0.138   0.379   0.
  2017 352 11 37  9 497 352.484137697      -0.63      1.21     -0.25  0.        2946.279       2342.902       6675.343    0.000  -0.138   0.379   0.
  2017 352 11 37 10 497 352.484149271      -0.63      1.28     -0.19  0.        2945.202       2344.477       6676.348    0.000  -0.138   0.379   0.
  2017 352 11 37 11 497 352.484160845      -0.58      1.25     -0.00  0.        2944.124       2346.052       6677.352    0.000  -0.138   0.379   0.
  2017 352 11 37 12 497 352.484172419      -0.59      1.21     -0.06  0.        2943.047       2347.626       6678.355    0.000  -0.138   0.380   0.
  2017 352 11 37 13 496 352.484183993      -0.52      1.45     -0.22  0.        2941.969       2349.201       6679.358    0.000  -0.138   0.380   0.
  2017 352 11 37 14 496 352.484195567      -0.44      1.46     -0.30  0.        2940.891       2350.775       6680.360    0.000  -0.138   0.379   0.
  2017 352 11 37 15 496 352.484207141      -0.40      1.37     -0.32  0.        2939.813       2352.349       6681.362    0.000  -0.138   0.379   0.
  2017 352 11 37 16 496 352.484218715      -0.51      1.29     -0.36  0.        2938.734       2353.922       6682.363    0.000  -0.138   0.379   0.
  2017 352 11 37 17 496 352.484230289      -0.60      1.38     -0.28  0.        2937.655       2355.495       6683.363    0.000  -0.138   0.379   0.
  2017 352 11 37 18 497 352.484241863      -0.61      1.31     -0.28  0.        2936.576       2357.069       6684.363    0.000  -0.138   0.379   0.
  2017 352 11 37 19 497 352.484253437      -0.74      1.23     -0.28  0.        2935.497       2358.641       6685.362    0.000  -0.138   0.379   0.
  2017 352 11 37 20 496 352.484265012      -0.68      1.34     -0.09  0.        2934.417       2360.214       6686.360    0.000  -0.138   0.380   0.
  2017 352 11 37 21 497 352.484276586      -0.58      1.36     -0.21  0.        2933.337       2361.787       6687.358    0.000  -0.138   0.380   0.
  2017 352 11 37 22 497 352.484288160      -1.01      1.35     -0.26  0.        2932.257       2363.359       6688.355    0.000  -0.138   0.379   0.
  2017 352 11 37 23 497 352.484299734      -1.05      1.36      0.01  0.        2931.176       2364.931       6689.352    0.000  -0.138   0.379   0.
  2017 352 11 37 24 496 352.484311305      -0.88      1.43      0.16  0.        2930.095       2366.503       6690.347    0.000  -0.138   0.379   0.
  2017 352 11 37 25 496 352.484322879      -0.60      1.63      0.15  0.        2929.014       2368.074       6691.343    0.000  -0.138   0.379   0.
  2017 352 11 37 26 496 352.484334453      -0.58      1.59      0.23  0.        2927.933       2369.646       6692.337    0.000  -0.138   0.379   0.
  2017 352 11 37 27 496 352.484346027      -0.63      1.46      0.09  0.        2926.851       2371.217       6693.331    0.000  -0.138   0.379   0.
  2017 352 11 37 28 496 352.484357601      -0.51      1.39     -0.04  0.        2925.769       2372.788       6694.325    0.000  -0.138   0.379   0.
  2017 352 11 37 29 496 352.484369175      -0.63      1.34     -0.35  0.        2924.687       2374.358       6695.318    0.000  -0.138   0.379   0.
  2017 352 11 37 30 496 352.484380749      -0.71      1.33     -0.36  0.        2923.604       2375.929       6696.309    0.000  -0.138   0.379   0.
  2017 352 11 37 31 496 352.484392323      -0.69      1.28     -0.19  0.        2922.522       2377.499       6697.301    0.000  -0.138   0.379   0.
  2017 352 11 37 32 496 352.484403898      -0.63      1.24     -0.36  0.        2921.439       2379.069       6698.292    0.000  -0.138   0.380   0.
  2017 352 11 37 33 496 352.484415472      -0.66      1.18     -0.40  0.        2920.355       2380.639       6699.282    0.000  -0.138   0.380   0.
  2017 352 11 37 34 496 352.484427046      -0.61      1.25     -0.44  0.        2919.272       2382.208       6700.271    0.000  -0.138   0.379   0.
  2017 352 11 37 35 496 352.484438620      -0.46      1.33     -0.26  0.        2918.188       2383.778       6701.260    0.000  -0.138   0.379   0.
  2017 352 11 37 36 496 352.484450194      -0.49      1.33     -0.16  0.        2917.104       2385.347       6702.248    0.000  -0.138   0.379   0.
  2017 352 11 37 37 496 352.484461768      -0.65      1.34     -0.29  0.        2916.019       2386.916       6703.236    0.000  -0.138   0.379   0.
  2017 352 11 37 38 496 352.484473342      -0.45      1.37     -0.13  0.        2914.934       2388.484       6704.223    0.000  -0.138   0.380   0.
  2017 352 11 37 39 496 352.484484916      -0.51      1.34     -0.10  0.        2913.850       2390.052       6705.210    0.000  -0.138   0.380   0.
  2017 352 11 37 40 496 352.484496490      -0.51      1.29     -0.17  0.        2912.764       2391.620       6706.195    0.000  -0.138   0.380   0.
  2017 352 11 37 41 496 352.484508064      -0.54      1.28     -0.37  0.        2911.679       2393.189       6707.180    0.000  -0.138   0.380   0.
  2017 352 11 37 42 496 352.484519638      -0.60      1.28     -0.45  0.        2910.593       2394.757       6708.165    0.000  -0.138   0.380   0.
  2017 352 11 37 43 496 352.484531212      -0.59      1.36     -0.47  0.        2909.507       2396.324       6709.149    0.000  -0.138   0.380   0.
  2017 352 11 37 44 496 352.484542786      -0.80      1.34     -0.60  0.        2908.421       2397.891       6710.132    0.000  -0.138   0.380   0.
  2017 352 11 37 45 496 352.484554361      -0.80      1.31     -0.52  0.        2907.334       2399.459       6711.115    0.000  -0.138   0.380   0.
  2017 352 11 37 46 496 352.484565935      -0.53      1.36     -0.18  0.        2906.247       2401.025       6712.097    0.000  -0.138   0.380   0.
  2017 352 11 37 47 496 352.484577509      -0.43      1.34     -0.10  0.        2905.160       2402.592       6713.078    0.000  -0.138   0.380   0.
  2017 352 11 37 48 496 352.484589083      -0.44      1.32     -0.04  0.        2904.073       2404.158       6714.059    0.000  -0.138   0.380   0.
  2017 352 11 37 49 496 352.484600657      -0.43      1.29     -0.09  0.        2902.985       2405.725       6715.039    0.000  -0.138   0.380   0.
  2017 352 11 37 50 496 352.484612231      -0.35      1.26     -0.12  0.        2901.897       2407.291       6716.018    0.000  -0.138   0.380   0.
  2017 352 11 37 51 496 352.484623805      -0.26      1.28      0.01  0.        2900.809       2408.856       6716.997    0.000  -0.138   0.380   0.
  2017 352 11 37 52 496 352.484635379      -0.33      1.30      0.07  0.        2899.720       2410.422       6717.975    0.000  -0.138   0.379   0.
  2017 352 11 37 53 496 352.484646953      -0.33      1.34     -0.12  0.        2898.631       2411.987       6718.953    0.000  -0.138   0.379   0.
  2017 352 11 37 54 496 352.484658524      -0.29      1.38     -0.07  0.        2897.542       2413.552       6719.930    0.000  -0.138   0.380   0.
  2017 352 11 37 55 496 352.484670098      -0.29      1.39     -0.00  0.        2896.453       2415.117       6720.906    0.000  -0.138   0.380   0.
  2017 352 11 37 56 496 352.484681672      -0.26      1.39      0.07  0.        2895.363       2416.682       6721.882    0.000  -0.138   0.380   0.
  2017 352 11 37 57 496 352.484693247      -0.26      1.34      0.07  0.        2894.273       2418.246       6722.857    0.000  -0.138   0.380   0.
  2017 352 11 37 58 496 352.484704821      -0.31      1.26      0.01  0.        2893.183       2419.810       6723.831    0.000  -0.138   0.379   0.
  2017 352 11 37 59 496 352.484716395      -0.22      1.32     -0.03  0.        2892.093       2421.374       6724.805    0.000  -0.138   0.379   0.
  2017 352 11 38  0 496 352.484727969      -0.26      1.31      0.00  0.        2891.002       2422.938       6725.778    0.000  -0.138   0.380   0.
  2017 352 11 38  1 496 352.484739543      -0.22      1.26     -0.20  0.        2889.911       2424.501       6726.751    0.000  -0.138   0.380   0.
  2017 352 11 38  2 496 352.484751117      -0.25      1.31     -0.34  0.        2888.820       2426.065       6727.723    0.000  -0.138   0.380   0.
  2017 352 11 38  3 496 352.484762691      -0.39      1.38     -0.29  0.        2887.729       2427.628       6728.694    0.000  -0.138   0.380   0.
  2017 352 11 38  4 496 352.484774265      -0.57      1.28     -0.32  0.        2886.637       2429.190       6729.665    0.000  -0.138   0.379   0.
  2017 352 11 38  5 496 352.484785839      -0.34      1.27     -0.17  0.        2885.545       2430.753       6730.635    0.000  -0.138   0.379   0.
  2017 352 11 38  6 496 352.484797413      -0.39      1.29     -0.05  0.        2884.452       2432.315       6731.604    0.000  -0.138   0.380   0.
  2017 352 11 38  7 496 352.484808987      -0.46      1.25     -0.05  0.        2883.360       2433.878       6732.573    0.000  -0.138   0.380   0.
  2017 352 11 38  8 496 352.484820561      -0.46      1.36     -0.25  0.        2882.267       2435.439       6733.541    0.000  -0.138   0.380   0.
  2017 352 11 38  9 496 352.484832135      -0.66      1.35     -0.23  0.        2881.174       2437.001       6734.509    0.000  -0.138   0.380   0.
  2017 352 11 38 10 496 352.484843709      -0.55      1.33     -0.14  0.        2880.081       2438.562       6735.475    0.000  -0.138   0.380   0.
  2017 352 11 38 11 496 352.484855284      -0.60      1.51     -0.39  0.        2878.987       2440.124       6736.442    0.000  -0.138   0.380   0.
  2017 352 11 38 12 496 352.484866858      -1.11      1.48     -0.57  0.        2877.893       2441.685       6737.407    0.000  -0.138   0.379   0.
  2017 352 11 38 13 496 352.484878432      -0.96      1.49     -0.10  0.        2876.799       2443.246       6738.372    0.000  -0.138   0.379   0.
  2017 352 11 38 14 496 352.484890006      -0.78      1.32     -0.24  0.        2875.705       2444.806       6739.337    0.000  -0.138   0.380   0.
  2017 352 11 38 15 496 352.484901580      -0.81      1.28     -0.35  0.        2874.610       2446.366       6740.301    0.000  -0.138   0.380   0.
  2017 352 11 38 16 496 352.484913154      -0.65      1.28     -0.35  0.        2873.515       2447.927       6741.264    0.000  -0.138   0.379   0.
  2017 352 11 38 17 496 352.484924728      -0.53      1.27     -0.42  0.        2872.420       2449.486       6742.226    0.000  -0.138   0.379   0.
  2017 352 11 38 18 496 352.484936302      -0.48      1.18     -0.38  0.        2871.324       2451.046       6743.188    0.000  -0.138   0.380   0.
  2017 352 11 38 19 496 352.484947876      -0.46      1.25     -0.40  0.        2870.228       2452.605       6744.149    0.000  -0.138   0.380   0.
  2017 352 11 38 20 496 352.484959450      -0.48      1.35     -0.36  0.        2869.132       2454.165       6745.110    0.000  -0.138   0.380   0.
  2017 352 11 38 21 496 352.484971024      -0.40      1.46     -0.21  0.        2868.036       2455.723       6746.070    0.000  -0.138   0.380   0.
  2017 352 11 38 22 496 352.484982598      -0.44      1.39     -0.25  0.        2866.940       2457.282       6747.030    0.000  -0.138   0.380   0.
  2017 352 11 38 23 496 352.484994172      -0.41      1.46     -0.15  0.        2865.843       2458.841       6747.988    0.000  -0.138   0.380   0.
  2017 352 11 38 24 496 352.485005744      -0.48      1.34     -0.12  0.        2864.746       2460.399       6748.946    0.000  -0.138   0.379   0.
  2017 352 11 38 25 496 352.485017318      -0.53      1.32     -0.29  0.        2863.648       2461.957       6749.904    0.000  -0.138   0.379   0.
  2017 352 11 38 26 496 352.485028892      -0.53      1.23     -0.32  0.        2862.551       2463.515       6750.861    0.000  -0.138   0.380   0.
  2017 352 11 38 27 496 352.485040466      -0.29      1.25     -0.27  0.        2861.453       2465.073       6751.817    0.000  -0.138   0.380   0.
  2017 352 11 38 28 496 352.485052040      -0.23      1.24     -0.25  0.        2860.355       2466.630       6752.773    0.000  -0.138   0.380   0.
  2017 352 11 38 29 496 352.485063614      -0.25      1.31     -0.28  0.        2859.256       2468.187       6753.728    0.000  -0.138   0.380   0.
  2017 352 11 38 30 496 352.485075188      -0.33      1.31     -0.24  0.        2858.158       2469.744       6754.682    0.000  -0.138   0.380   0.
  2017 352 11 38 31 496 352.485086762      -0.24      1.20     -0.18  0.        2857.059       2471.301       6755.636    0.000  -0.138   0.380   0.
  2017 352 11 38 32 496 352.485098336      -0.24      1.33     -0.50  0.        2855.959       2472.857       6756.589    0.000  -0.138   0.380   0.
  2017 352 11 38 33 496 352.485109910      -0.16      1.28     -0.21  0.        2854.860       2474.413       6757.542    0.000  -0.138   0.380   0.
  2017 352 11 38 34 496 352.485121484      -0.19      1.17     -0.32  0.        2853.760       2475.969       6758.494    0.000  -0.138   0.380   0.
  2017 352 11 38 35 496 352.485133058      -0.20      1.19     -0.43  0.        2852.660       2477.525       6759.445    0.000  -0.138   0.380   0.
  2017 352 11 38 36 496 352.485144633      -0.30      1.36     -0.25  0.        2851.560       2479.081       6760.395    0.000  -0.138   0.380   0.
  2017 352 11 38 37 496 352.485156207      -0.64      1.13     -0.34  0.        2850.459       2480.636       6761.346    0.000  -0.138   0.380   0.
  2017 352 11 38 38 496 352.485167781      -0.40      1.25     -0.30  0.        2849.359       2482.191       6762.295    0.000  -0.138   0.379   0.
  2017 352 11 38 39 496 352.485179355      -0.43      1.12     -0.32  0.        2848.258       2483.746       6763.244    0.000  -0.138   0.379   0.
  2017 352 11 38 40 496 352.485190929      -0.29      1.33     -0.22  0.        2847.156       2485.301       6764.192    0.000  -0.138   0.380   0.
  2017 352 11 38 41 496 352.485202503      -0.40      1.29     -0.26  0.        2846.055       2486.855       6765.139    0.000  -0.138   0.380   0.
  2017 352 11 38 42 496 352.485214077      -0.26      1.36     -0.29  0.        2844.953       2488.409       6766.086    0.000  -0.138   0.379   0.
  2017 352 11 38 43 496 352.485225651      -0.47      1.26     -0.24  0.        2843.851       2489.963       6767.033    0.000  -0.138   0.379   0.
  2017 352 11 38 44 496 352.485237225      -0.72      1.20     -0.46  0.        2842.748       2491.517       6767.978    0.000  -0.138   0.379   0.
  2017 352 11 38 45 496 352.485248799      -0.60      1.30     -0.50  0.        2841.646       2493.070       6768.923    0.000  -0.138   0.379   0.
  2017 352 11 38 46 496 352.485260373      -0.68      1.23     -0.29  0.        2840.543       2494.624       6769.868    0.000  -0.138   0.380   0.
  2017 352 11 38 47 496 352.485271947      -0.48      1.22     -0.33  0.        2839.440       2496.177       6770.812    0.000  -0.138   0.380   0.
  2017 352 11 38 48 496 352.485283521      -0.49      1.23     -0.27  0.        2838.336       2497.729       6771.755    0.000  -0.138   0.379   0.
  2017 352 11 38 49 496 352.485295095      -0.44      1.23     -0.30  0.        2837.233       2499.282       6772.697    0.000  -0.138   0.379   0.
  2017 352 11 38 50 496 352.485306670      -0.46      1.27     -0.26  0.        2836.129       2500.834       6773.639    0.000  -0.138   0.380   0.
  2017 352 11 38 51 496 352.485318244      -0.38      1.23     -0.19  0.        2835.025       2502.387       6774.581    0.000  -0.138   0.380   0.
  2017 352 11 38 52 496 352.485329818      -0.40      1.15     -0.22  0.        2833.920       2503.939       6775.521    0.000  -0.138   0.379   0.
  2017 352 11 38 53 496 352.485341391      -0.35      1.18     -0.23  0.        2832.816       2505.490       6776.462    0.000  -0.138   0.379   0.
  2017 352 11 38 54 496 352.485352963      -0.38      1.18     -0.20  0.        2831.711       2507.041       6777.401    0.000  -0.138   0.380   0.
  2017 352 11 38 55 495 352.485364537      -0.40      1.17     -0.16  0.        2830.605       2508.593       6778.340    0.000  -0.138   0.380   0.
  2017 352 11 38 56 495 352.485376111      -0.38      1.16     -0.19  0.        2829.500       2510.144       6779.278    0.000  -0.138   0.380   0.
  2017 352 11 38 57 495 352.485387685      -0.39      1.20     -0.22  0.        2828.394       2511.694       6780.216    0.000  -0.138   0.380   0.
  2017 352 11 38 58 495 352.485399259      -0.41      1.23     -0.22  0.        2827.288       2513.245       6781.153    0.000  -0.138   0.380   0.
  2017 352 11 38 59 495 352.485410833      -0.46      1.25     -0.17  0.        2826.182       2514.795       6782.089    0.000  -0.138   0.380   0.
  2017 352 11 39  0 496 352.485422407      -0.39      1.23     -0.14  0.        2825.075       2516.345       6783.025    0.000  -0.138   0.380   0.
  2017 352 11 39  1 496 352.485433981      -0.43      1.23     -0.15  0.        2823.969       2517.895       6783.960    0.000  -0.138   0.380   0.
  2017 352 11 39  2 495 352.485445556      -0.42      1.32     -0.16  0.        2822.862       2519.445       6784.895    0.000  -0.138   0.379   0.
  2017 352 11 39  3 495 352.485457130      -0.41      1.34     -0.18  0.        2821.754       2520.994       6785.828    0.000  -0.138   0.379   0.
  2017 352 11 39  4 496 352.485468704      -0.28      1.34     -0.13  0.        2820.647       2522.543       6786.762    0.000  -0.138   0.380   0.
  2017 352 11 39  5 496 352.485480278      -0.20      1.32     -0.08  0.        2819.539       2524.092       6787.694    0.000  -0.138   0.380   0.
  2017 352 11 39  6 496 352.485491852      -0.28      1.31     -0.19  0.        2818.431       2525.641       6788.626    0.000  -0.138   0.380   0.
  2017 352 11 39  7 496 352.485503426      -0.29      1.29     -0.21  0.        2817.323       2527.189       6789.558    0.000  -0.138   0.380   0.
  2017 352 11 39  8 495 352.485515000      -0.26      1.19     -0.20  0.        2816.214       2528.738       6790.489    0.000  -0.138   0.380   0.
  2017 352 11 39  9 495 352.485526574      -0.33      1.17     -0.25  0.        2815.105       2530.286       6791.419    0.000  -0.138   0.380   0.
  2017 352 11 39 10 495 352.485538148      -0.31      1.26     -0.31  0.        2813.996       2531.833       6792.348    0.000  -0.138   0.380   0.
  2017 352 11 39 11 495 352.485549722      -0.26      1.36     -0.25  0.        2812.887       2533.381       6793.277    0.000  -0.138   0.380   0.
  2017 352 11 39 12 495 352.485561296      -0.31      1.28     -0.11  0.        2811.777       2534.928       6794.206    0.000  -0.138   0.380   0.
  2017 352 11 39 13 496 352.485572870      -0.45      1.23     -0.14  0.        2810.668       2536.475       6795.134    0.000  -0.138   0.380   0.
  2017 352 11 39 14 496 352.485584444      -0.55      1.23     -0.26  0.        2809.557       2538.022       6796.060    0.000  -0.138   0.380   0.
  2017 352 11 39 15 495 352.485596019      -0.57      1.30     -0.33  0.        2808.447       2539.569       6796.987    0.000  -0.138   0.380   0.
  2017 352 11 39 16 495 352.485607593      -0.45      1.39     -0.29  0.        2807.336       2541.115       6797.913    0.000  -0.138   0.379   0.
  2017 352 11 39 17 496 352.485619167      -0.54      1.36     -0.38  0.        2806.226       2542.661       6798.838    0.000  -0.138   0.379   0.
  2017 352 11 39 18 496 352.485630741      -0.37      1.33     -0.09  0.        2805.115       2544.207       6799.763    0.000  -0.138   0.380   0.
  2017 352 11 39 19 496 352.485642315      -0.39      1.27     -0.27  0.        2804.003       2545.753       6800.687    0.000  -0.138   0.380   0.
  2017 352 11 39 20 496 352.485653889      -0.39      1.25     -0.30  0.        2802.892       2547.298       6801.610    0.000  -0.138   0.379   0.
  2017 352 11 39 21 496 352.485665463      -0.33      1.22     -0.30  0.        2801.780       2548.844       6802.533    0.000  -0.138   0.379   0.
  2017 352 11 39 22 495 352.485677037      -0.30      1.20     -0.35  0.        2800.668       2550.389       6803.455    0.000  -0.138   0.380   0.
  2017 352 11 39 23 495 352.485688611      -0.34      1.21     -0.34  0.        2799.555       2551.933       6804.377    0.000  -0.138   0.380   0.
  2017 352 11 39 24 495 352.485700182      -0.45      1.23     -0.33  0.        2798.442       2553.478       6805.297    0.000  -0.138   0.380   0.
  2017 352 11 39 25 495 352.485711756      -0.44      1.36     -0.42  0.        2797.330       2555.022       6806.218    0.000  -0.138   0.380   0.
  2017 352 11 39 26 495 352.485723330      -0.44      1.40     -0.21  0.        2796.216       2556.566       6807.137    0.000  -0.138   0.380   0.
  2017 352 11 39 27 495 352.485734904      -0.28      1.35     -0.21  0.        2795.103       2558.110       6808.056    0.000  -0.138   0.380   0.
  2017 352 11 39 28 495 352.485746479      -0.34      1.31     -0.41  0.        2793.989       2559.654       6808.975    0.000  -0.138   0.380   0.
  2017 352 11 39 29 495 352.485758053      -0.26      1.36     -0.37  0.        2792.876       2561.197       6809.893    0.000  -0.138   0.380   0.
  2017 352 11 39 30 495 352.485769627      -0.26      1.34     -0.36  0.        2791.761       2562.740       6810.810    0.000  -0.138   0.379   0.
  2017 352 11 39 31 495 352.485781201      -0.27      1.36     -0.31  0.        2790.647       2564.283       6811.727    0.000  -0.138   0.379   0.
  2017 352 11 39 32 495 352.485792775      -0.25      1.39     -0.23  0.        2789.532       2565.826       6812.643    0.000  -0.138   0.380   0.
  2017 352 11 39 33 495 352.485804349      -0.28      1.34     -0.01  0.        2788.417       2567.368       6813.558    0.000  -0.138   0.380   0.
  2017 352 11 39 34 495 352.485815923      -0.43      1.31     -0.08  0.        2787.302       2568.911       6814.473    0.000  -0.138   0.380   0.
  2017 352 11 39 35 495 352.485827497      -0.20      1.38      0.11  0.        2786.187       2570.453       6815.387    0.000  -0.138   0.380   0.
  2017 352 11 39 36 495 352.485839071      -0.26      1.37     -0.06  0.        2785.071       2571.994       6816.300    0.000  -0.138   0.379   0.
  2017 352 11 39 37 495 352.485850645      -0.38      1.29     -0.22  0.        2783.955       2573.536       6817.213    0.000  -0.138   0.379   0.
  2017 352 11 39 38 495 352.485862219      -0.39      1.25     -0.36  0.        2782.839       2575.077       6818.126    0.000  -0.138   0.380   0.
  2017 352 11 39 39 495 352.485873793      -0.31      1.24     -0.39  0.        2781.723       2576.618       6819.037    0.000  -0.138   0.380   0.
  2017 352 11 39 40 495 352.485885367      -0.32      1.28     -0.45  0.        2780.606       2578.159       6819.948    0.000  -0.138   0.380   0.
  2017 352 11 39 41 495 352.485896942      -0.13      1.29     -0.20  0.        2779.489       2579.700       6820.859    0.000  -0.138   0.380   0.
  2017 352 11 39 42 495 352.485908516      -0.23      1.32     -0.26  0.        2778.372       2581.240       6821.769    0.000  -0.138   0.379   0.
  2017 352 11 39 43 495 352.485920090      -0.47      1.36     -0.41  0.        2777.255       2582.780       6822.678    0.000  -0.138   0.379   0.
  2017 352 11 39 44 495 352.485931664      -0.42      1.39     -0.36  0.        2776.137       2584.320       6823.587    0.000  -0.138   0.380   0.
  2017 352 11 39 45 495 352.485943238      -0.20      1.45     -0.22  0.        2775.019       2585.860       6824.495    0.000  -0.138   0.380   0.
  2017 352 11 39 46 495 352.485954812      -0.24      1.39     -0.19  0.        2773.901       2587.399       6825.402    0.000  -0.138   0.380   0.
  2017 352 11 39 47 495 352.485966386      -0.27      1.32     -0.22  0.        2772.782       2588.938       6826.309    0.000  -0.138   0.380   0.
  2017 352 11 39 48 495 352.485977960      -0.38      1.34     -0.30  0.        2771.664       2590.477       6827.215    0.000  -0.138   0.380   0.
  2017 352 11 39 49 495 352.485989534      -0.49      1.35     -0.32  0.        2770.545       2592.016       6828.120    0.000  -0.138   0.380   0.
  2017 352 11 39 50 495 352.486001108      -0.57      1.31     -0.29  0.        2769.425       2593.555       6829.025    0.000  -0.138   0.379   0.
  2017 352 11 39 51 495 352.486012682      -0.54      1.38     -0.14  0.        2768.306       2595.093       6829.930    0.000  -0.138   0.379   0.
  2017 352 11 39 52 495 352.486024256      -0.53      1.45     -0.13  0.        2767.187       2596.631       6830.833    0.000  -0.138   0.380   0.
  2017 352 11 39 53 495 352.486035830      -0.56      1.37     -0.14  0.        2766.066       2598.169       6831.737    0.000  -0.138   0.380   0.
  2017 352 11 39 54 495 352.486047402      -0.47      1.44     -0.30  0.        2764.946       2599.707       6832.639    0.000  -0.138   0.380   0.
  2017 352 11 39 55 495 352.486058976      -0.59      1.43     -0.32  0.        2763.826       2601.244       6833.541    0.000  -0.138   0.380   0.
  2017 352 11 39 56 495 352.486070550      -0.65      1.46     -0.29  0.        2762.706       2602.781       6834.442    0.000  -0.138   0.380   0.
  2017 352 11 39 57 495 352.486082124      -0.56      1.51     -0.13  0.        2761.585       2604.318       6835.343    0.000  -0.138   0.380   0.
  2017 352 11 39 58 495 352.486093698      -0.49      1.53     -0.11  0.        2760.463       2605.855       6836.243    0.000  -0.138   0.380   0.
  2017 352 11 39 59 495 352.486105272      -0.58      1.45     -0.20  0.        2759.342       2607.391       6837.142    0.000  -0.138   0.380   0.
  2017 352 11 40  0 495 352.486116846      -0.33      1.47     -0.05  0.        2758.220       2608.927       6838.041    0.000  -0.138   0.380   0.
  2017 352 11 40  1 495 352.486128420      -0.32      1.37     -0.27  0.        2757.099       2610.463       6838.939    0.000  -0.138   0.380   0.
  2017 352 11 40  2 495 352.486139994      -0.47      1.33     -0.27  0.        2755.976       2611.999       6839.837    0.000  -0.138   0.379   0.
  2017 352 11 40  3 495 352.486151568      -0.56      1.36     -0.31  0.        2754.854       2613.534       6840.734    0.000  -0.138   0.379   0.
  2017 352 11 40  4 495 352.486163142      -0.71      1.36     -0.40  0.        2753.731       2615.070       6841.630    0.000  -0.138   0.380   0.
  2017 352 11 40  5 495 352.486174716      -0.58      1.41     -0.36  0.        2752.609       2616.605       6842.526    0.000  -0.138   0.380   0.
  2017 352 11 40  6 495 352.486186290      -0.58      1.45     -0.46  0.        2751.485       2618.139       6843.421    0.000  -0.138   0.379   0.
  2017 352 11 40  7 495 352.486197865      -0.60      1.43     -0.52  0.        2750.362       2619.674       6844.316    0.000  -0.138   0.379   0.
  2017 352 11 40  8 495 352.486209439      -0.42      1.41     -0.36  0.        2749.239       2621.208       6845.210    0.000  -0.138   0.379   0.
  2017 352 11 40  9 495 352.486221013      -0.31      1.36     -0.28  0.        2748.115       2622.742       6846.103    0.000  -0.138   0.379   0.
  2017 352 11 40 10 495 352.486232587      -0.40      1.32     -0.47  0.        2746.991       2624.276       6846.996    0.000  -0.138   0.379   0.
  2017 352 11 40 11 495 352.486244161      -0.48      1.32     -0.53  0.        2745.866       2625.810       6847.888    0.000  -0.138   0.379   0.
  2017 352 11 40 12 495 352.486255735      -0.61      1.31     -0.54  0.        2744.742       2627.343       6848.779    0.000  -0.138   0.379   0.
  2017 352 11 40 13 495 352.486267309      -0.85      1.22     -0.49  0.        2743.617       2628.877       6849.670    0.000  -0.138   0.379   0.
  2017 352 11 40 14 495 352.486278883      -0.82      1.31     -0.39  0.        2742.492       2630.409       6850.560    0.000  -0.138   0.379   0.
  2017 352 11 40 15 495 352.486290457      -0.90      1.35     -0.46  0.        2741.366       2631.942       6851.450    0.000  -0.138   0.379   0.
  2017 352 11 40 16 495 352.486302031      -0.97      1.47     -0.23  0.        2740.241       2633.475       6852.339    0.000  -0.138   0.380   0.
  2017 352 11 40 17 495 352.486313605      -0.80      1.41     -0.10  0.        2739.115       2635.007       6853.227    0.000  -0.138   0.380   0.
  2017 352 11 40 18 495 352.486325179      -0.65      1.30     -0.04  0.        2737.989       2636.539       6854.115    0.000  -0.138   0.379   0.
  2017 352 11 40 19 495 352.486336753      -0.53      1.32     -0.18  0.        2736.863       2638.071       6855.002    0.000  -0.138   0.379   0.
  2017 352 11 40 20 495 352.486348328      -0.52      1.39     -0.20  0.        2735.736       2639.602       6855.889    0.000  -0.138   0.380   0.
  2017 352 11 40 21 495 352.486359902      -0.59      1.31     -0.25  0.        2734.609       2641.133       6856.775    0.000  -0.138   0.380   0.
  2017 352 11 40 22 495 352.486371476      -0.62      1.30     -0.34  0.        2733.482       2642.665       6857.660    0.000  -0.138   0.379   0.
  2017 352 11 40 23 495 352.486383050      -0.58      1.41     -0.36  0.        2732.355       2644.195       6858.545    0.000  -0.138   0.379   0.
  2017 352 11 40 24 495 352.486394621      -0.66      1.39     -0.26  0.        2731.228       2645.726       6859.429    0.000  -0.138   0.380   0.
  2017 352 11 40 25 495 352.486406195      -0.56      1.35     -0.22  0.        2730.100       2647.256       6860.313    0.000  -0.138   0.380   0.
  2017 352 11 40 26 495 352.486417769      -0.58      1.34     -0.28  0.        2728.972       2648.786       6861.196    0.000  -0.138   0.379   0.
  2017 352 11 40 27 495 352.486429343      -0.55      1.32     -0.28  0.        2727.844       2650.316       6862.078    0.000  -0.138   0.379   0.
  2017 352 11 40 28 495 352.486440917      -0.54      1.34     -0.28  0.        2726.715       2651.846       6862.960    0.000  -0.138   0.379   0.
  2017 352 11 40 29 495 352.486452491      -0.53      1.37     -0.25  0.        2725.587       2653.375       6863.841    0.000  -0.138   0.379   0.
  2017 352 11 40 30 495 352.486464065      -0.48      1.40     -0.23  0.        2724.458       2654.905       6864.722    0.000  -0.138   0.379   0.
  2017 352 11 40 31 495 352.486475639      -0.48      1.35     -0.38  0.        2723.328       2656.434       6865.602    0.000  -0.138   0.379   0.
  2017 352 11 40 32 495 352.486487214      -0.48      1.35     -0.39  0.        2722.199       2657.962       6866.481    0.000  -0.138   0.379   0.
  2017 352 11 40 33 495 352.486498788      -0.36      1.38     -0.22  0.        2721.069       2659.491       6867.360    0.000  -0.138   0.379   0.
  2017 352 11 40 34 495 352.486510362      -0.29      1.32     -0.07  0.        2719.939       2661.019       6868.238    0.000  -0.138   0.380   0.
  2017 352 11 40 35 495 352.486521936      -0.36      1.33     -0.07  0.        2718.809       2662.547       6869.115    0.000  -0.138   0.380   0.
  2017 352 11 40 36 495 352.486533510      -0.47      1.38     -0.13  0.        2717.679       2664.075       6869.992    0.000  -0.138   0.379   0.
  2017 352 11 40 37 495 352.486545084      -0.52      1.42     -0.05  0.        2716.548       2665.602       6870.868    0.000  -0.138   0.379   0.
  2017 352 11 40 38 495 352.486556658      -0.65      1.37     -0.17  0.        2715.417       2667.130       6871.744    0.000  -0.138   0.379   0.
  2017 352 11 40 39 495 352.486568232      -0.60      1.37     -0.04  0.        2714.286       2668.657       6872.619    0.000  -0.138   0.379   0.
  2017 352 11 40 40 495 352.486579806      -0.48      1.45     -0.16  0.        2713.155       2670.184       6873.493    0.000  -0.138   0.380   0.
  2017 352 11 40 41 495 352.486591380      -0.49      1.45     -0.11  0.        2712.023       2671.710       6874.367    0.000  -0.138   0.380   0.
  2017 352 11 40 42 495 352.486602954      -0.43      1.38     -0.10  0.        2710.891       2673.236       6875.241    0.000  -0.138   0.379   0.
  2017 352 11 40 43 495 352.486614528      -0.36      1.34     -0.12  0.        2709.759       2674.763       6876.113    0.000  -0.138   0.379   0.
  2017 352 11 40 44 495 352.486626102      -0.38      1.39     -0.15  0.        2708.627       2676.289       6876.985    0.000  -0.138   0.379   0.
  2017 352 11 40 45 495 352.486637677      -0.42      1.43     -0.20  0.        2707.495       2677.814       6877.857    0.000  -0.138   0.379   0.
  2017 352 11 40 46 495 352.486649251      -0.46      1.46     -0.19  0.        2706.362       2679.340       6878.727    0.000  -0.138   0.379   0.
  2017 352 11 40 47 495 352.486660825      -0.52      1.44     -0.18  0.        2705.229       2680.865       6879.598    0.000  -0.138   0.379   0.
  2017 352 11 40 48 495 352.486672399      -0.44      1.47     -0.04  0.        2704.096       2682.390       6880.467    0.000  -0.138   0.380   0.
  2017 352 11 40 49 495 352.486683973      -0.50      1.42     -0.18  0.        2702.962       2683.914       6881.336    0.000  -0.138   0.380   0.
  2017 352 11 40 50 495 352.486695547      -0.54      1.42     -0.21  0.        2701.828       2685.439       6882.205    0.000  -0.138   0.380   0.
  2017 352 11 40 51 495 352.486707121      -0.43      1.43     -0.21  0.        2700.694       2686.963       6883.072    0.000  -0.138   0.380   0.
  2017 352 11 40 52 495 352.486718695      -0.40      1.41     -0.17  0.        2699.560       2688.487       6883.940    0.000  -0.138   0.379   0.
  2017 352 11 40 53 494 352.486730269      -0.42      1.35     -0.13  0.        2698.426       2690.011       6884.806    0.000  -0.138   0.379   0.
  2017 352 11 40 54 494 352.486741840      -0.27      1.45     -0.06  0.        2697.291       2691.535       6885.672    0.000  -0.138   0.380   0.
  2017 352 11 40 55 494 352.486753414      -0.29      1.49     -0.01  0.        2696.156       2693.058       6886.537    0.000  -0.138   0.380   0.
  2017 352 11 40 56 495 352.486764988      -0.17      1.40      0.09  0.        2695.021       2694.581       6887.403    0.000  -0.138   0.379   0.
  2017 352 11 40 57 494 352.486776562      -0.20      1.32     -0.05  0.        2693.886       2696.104       6888.266    0.000  -0.138   0.379   0.
  2017 352 11 40 58 494 352.486788137      -0.24      1.34     -0.13  0.        2692.750       2697.626       6889.130    0.000  -0.138   0.380   0.
  2017 352 11 40 59 494 352.486799711      -0.29      1.41     -0.28  0.        2691.614       2699.149       6889.993    0.000  -0.138   0.380   0.
  2017 352 11 41  0 495 352.486811285      -0.24      1.40     -0.18  0.        2690.478       2700.671       6890.855    0.000  -0.138   0.379   0.
  2017 352 11 41  1 495 352.486822859      -0.13      1.34     -0.24  0.        2689.342       2702.193       6891.717    0.000  -0.138   0.379   0.
  2017 352 11 41  2 495 352.486834433      -0.21      1.40     -0.40  0.        2688.205       2703.714       6892.578    0.000  -0.138   0.380   0.
  2017 352 11 41  3 495 352.486846007      -0.19      1.42     -0.07  0.        2687.068       2705.236       6893.439    0.000  -0.138   0.380   0.
  2017 352 11 41  4 494 352.486857581      -0.20      1.34     -0.18  0.        2685.931       2706.757       6894.299    0.000  -0.138   0.379   0.
  2017 352 11 41  5 494 352.486869155      -0.24      1.38     -0.26  0.        2684.794       2708.278       6895.158    0.000  -0.138   0.379   0.
  2017 352 11 41  6 494 352.486880729      -0.21      1.34     -0.33  0.        2683.656       2709.799       6896.017    0.000  -0.138   0.379   0.
  2017 352 11 41  7 494 352.486892303      -0.11      1.40     -0.37  0.        2682.519       2711.319       6896.875    0.000  -0.138   0.379   0.
  2017 352 11 41  8 494 352.486903877      -0.13      1.44     -0.34  0.        2681.381       2712.840       6897.732    0.000  -0.138   0.380   0.
  2017 352 11 41  9 495 352.486915451      -0.17      1.38     -0.32  0.        2680.243       2714.359       6898.589    0.000  -0.138   0.380   0.
  2017 352 11 41 10 495 352.486927025      -0.28      1.32     -0.30  0.        2679.104       2715.879       6899.445    0.000  -0.138   0.379   0.
  2017 352 11 41 11 494 352.486938600      -0.34      1.33     -0.34  0.        2677.965       2717.399       6900.301    0.000  -0.138   0.379   0.
  2017 352 11 41 12 494 352.486950174      -0.30      1.40     -0.25  0.        2676.826       2718.918       6901.156    0.000  -0.138   0.380   0.
  2017 352 11 41 13 495 352.486961748      -0.29      1.37     -0.17  0.        2675.687       2720.437       6902.011    0.000  -0.138   0.380   0.
  2017 352 11 41 14 495 352.486973322      -0.26      1.30     -0.15  0.        2674.548       2721.956       6902.865    0.000  -0.138   0.380   0.
  2017 352 11 41 15 495 352.486984896      -0.34      1.34     -0.26  0.        2673.408       2723.474       6903.718    0.000  -0.138   0.380   0.
  2017 352 11 41 16 495 352.486996470      -0.41      1.37     -0.29  0.        2672.268       2724.993       6904.571    0.000  -0.138   0.379   0.
  2017 352 11 41 17 495 352.487008044      -0.13      1.39     -0.07  0.        2671.128       2726.511       6905.423    0.000  -0.138   0.379   0.
  2017 352 11 41 18 494 352.487019618      -0.25      1.22     -0.03  0.        2669.988       2728.029       6906.274    0.000  -0.138   0.380   0.
  2017 352 11 41 19 494 352.487031192      -0.35      1.26     -0.17  0.        2668.848       2729.546       6907.125    0.000  -0.138   0.380   0.
  2017 352 11 41 20 494 352.487042766      -0.24      1.41     -0.14  0.        2667.707       2731.064       6907.976    0.000  -0.138   0.379   0.
  2017 352 11 41 21 494 352.487054340      -0.30      1.40     -0.20  0.        2666.566       2732.581       6908.825    0.000  -0.138   0.379   0.
  2017 352 11 41 22 494 352.487065914      -0.23      1.46     -0.03  0.        2665.425       2734.098       6909.674    0.000  -0.138   0.380   0.
  2017 352 11 41 23 495 352.487077488      -0.39      1.39     -0.05  0.        2664.283       2735.614       6910.523    0.000  -0.138   0.380   0.
  2017 352 11 41 24 494 352.487089060      -0.58      1.42     -0.14  0.        2663.141       2737.131       6911.371    0.000  -0.138   0.379   0.
  2017 352 11 41 25 494 352.487100634      -0.68      1.47     -0.16  0.        2661.999       2738.647       6912.218    0.000  -0.138   0.379   0.
  2017 352 11 41 26 494 352.487112208      -0.70      1.44     -0.04  0.        2660.857       2740.163       6913.065    0.000  -0.138   0.379   0.
  2017 352 11 41 27 494 352.487123782      -0.45      1.29     -0.06  0.        2659.715       2741.679       6913.911    0.000  -0.138   0.379   0.
  2017 352 11 41 28 494 352.487135356      -0.33      1.27     -0.24  0.        2658.572       2743.194       6914.756    0.000  -0.138   0.380   0.
  2017 352 11 41 29 494 352.487146930      -0.37      1.36     -0.26  0.        2657.429       2744.710       6915.601    0.000  -0.138   0.380   0.
  2017 352 11 41 30 494 352.487158504      -0.36      1.44     -0.13  0.        2656.286       2746.225       6916.446    0.000  -0.138   0.379   0.
  2017 352 11 41 31 494 352.487170078      -0.26      1.39     -0.19  0.        2655.143       2747.739       6917.289    0.000  -0.138   0.379   0.
  2017 352 11 41 32 494 352.487181652      -0.14      1.46     -0.12  0.        2653.999       2749.254       6918.132    0.000  -0.138   0.380   0.
  2017 352 11 41 33 494 352.487193226      -0.20      1.35     -0.03  0.        2652.856       2750.768       6918.975    0.000  -0.138   0.380   0.
  2017 352 11 41 34 494 352.487204800      -0.29      1.30     -0.24  0.        2651.712       2752.282       6919.817    0.000  -0.138   0.380   0.
  2017 352 11 41 35 494 352.487216374      -0.38      1.32     -0.25  0.        2650.567       2753.796       6920.658    0.000  -0.138   0.380   0.
  2017 352 11 41 36 494 352.487227948      -0.37      1.33     -0.27  0.        2649.423       2755.310       6921.499    0.000  -0.138   0.380   0.
  2017 352 11 41 37 494 352.487239523      -0.43      1.33     -0.19  0.        2648.278       2756.823       6922.339    0.000  -0.138   0.380   0.
  2017 352 11 41 38 494 352.487251097      -0.41      1.25     -0.19  0.        2647.133       2758.336       6923.178    0.000  -0.138   0.380   0.
  2017 352 11 41 39 494 352.487262671      -0.31      1.32     -0.33  0.        2645.988       2759.849       6924.017    0.000  -0.138   0.380   0.
  2017 352 11 41 40 494 352.487274245      -0.33      1.30     -0.17  0.        2644.843       2761.362       6924.855    0.000  -0.138   0.380   0.
  2017 352 11 41 41 494 352.487285819      -0.32      1.25     -0.39  0.        2643.697       2762.874       6925.693    0.000  -0.138   0.380   0.
  2017 352 11 41 42 494 352.487297393      -0.47      1.20     -0.46  0.        2642.551       2764.386       6926.530    0.000  -0.138   0.380   0.
  2017 352 11 41 43 494 352.487308967      -0.37      1.41     -0.23  0.        2641.405       2765.898       6927.367    0.000  -0.138   0.380   0.
  2017 352 11 41 44 494 352.487320541      -0.60      1.28     -0.23  0.        2640.259       2767.410       6928.203    0.000  -0.138   0.380   0.
  2017 352 11 41 45 494 352.487332115      -0.57      1.23     -0.35  0.        2639.112       2768.921       6929.038    0.000  -0.138   0.380   0.
  2017 352 11 41 46 494 352.487343689      -0.51      1.23     -0.27  0.        2637.966       2770.432       6929.873    0.000  -0.138   0.379   0.
  2017 352 11 41 47 494 352.487355263      -0.47      1.24     -0.36  0.        2636.819       2771.943       6930.707    0.000  -0.138   0.379   0.
  2017 352 11 41 48 494 352.487366837      -0.49      1.25     -0.36  0.        2635.672       2773.454       6931.540    0.000  -0.138   0.379   0.
  2017 352 11 41 49 494 352.487378411      -0.56      1.21     -0.30  0.        2634.524       2774.965       6932.373    0.000  -0.138   0.379   0.
  2017 352 11 41 50 494 352.487389986      -0.62      1.17     -0.37  0.        2633.377       2776.475       6933.205    0.000  -0.138   0.379   0.
  2017 352 11 41 51 494 352.487401560      -0.61      1.23     -0.41  0.        2632.229       2777.985       6934.037    0.000  -0.138   0.379   0.
  2017 352 11 41 52 494 352.487413134      -0.55      1.25     -0.42  0.        2631.080       2779.495       6934.868    0.000  -0.138   0.380   0.
  2017 352 11 41 53 494 352.487424708      -0.59      1.22     -0.38  0.        2629.932       2781.004       6935.699    0.000  -0.138   0.380   0.
  2017 352 11 41 54 494 352.487436279      -0.56      1.18     -0.28  0.        2628.784       2782.514       6936.529    0.000  -0.138   0.380   0.
  2017 352 11 41 55 494 352.487447853      -0.51      1.24     -0.21  0.        2627.635       2784.023       6937.358    0.000  -0.138   0.380   0.
  2017 352 11 41 56 494 352.487459427      -0.50      1.25     -0.27  0.        2626.486       2785.532       6938.187    0.000  -0.138   0.380   0.
  2017 352 11 41 57 494 352.487471001      -0.48      1.25     -0.41  0.        2625.337       2787.040       6939.015    0.000  -0.138   0.380   0.
  2017 352 11 41 58 494 352.487482575      -0.41      1.22     -0.35  0.        2624.187       2788.548       6939.842    0.000  -0.138   0.379   0.
  2017 352 11 41 59 494 352.487494149      -0.33      1.15     -0.41  0.        2623.037       2790.056       6940.669    0.000  -0.138   0.379   0.
  2017 352 11 42  0 494 352.487505723      -0.46      1.19     -0.38  0.        2621.888       2791.564       6941.496    0.000  -0.138   0.380   0.
  2017 352 11 42  1 494 352.487517297      -0.44      1.27     -0.23  0.        2620.737       2793.072       6942.321    0.000  -0.138   0.380   0.
  2017 352 11 42  2 494 352.487528871      -0.43      1.23     -0.29  0.        2619.587       2794.579       6943.147    0.000  -0.138   0.379   0.
  2017 352 11 42  3 494 352.487540446      -0.53      1.22     -0.38  0.        2618.436       2796.087       6943.971    0.000  -0.138   0.379   0.
  2017 352 11 42  4 494 352.487552020      -0.55      1.25     -0.40  0.        2617.286       2797.593       6944.795    0.000  -0.138   0.380   0.
  2017 352 11 42  5 494 352.487563594      -0.53      1.28     -0.42  0.        2616.135       2799.100       6945.618    0.000  -0.138   0.380   0.
  2017 352 11 42  6 494 352.487575168      -0.52      1.40     -0.28  0.        2614.983       2800.607       6946.441    0.000  -0.138   0.379   0.
  2017 352 11 42  7 494 352.487586742      -0.64      1.31     -0.33  0.        2613.832       2802.113       6947.263    0.000  -0.138   0.379   0.
  2017 352 11 42  8 494 352.487598316      -0.63      1.30     -0.30  0.        2612.680       2803.619       6948.085    0.000  -0.138   0.380   0.
  2017 352 11 42  9 494 352.487609890      -0.56      1.34     -0.35  0.        2611.528       2805.124       6948.906    0.000  -0.138   0.380   0.
  2017 352 11 42 10 494 352.487621464      -0.56      1.35     -0.38  0.        2610.376       2806.630       6949.726    0.000  -0.138   0.379   0.
  2017 352 11 42 11 494 352.487633038      -0.53      1.37     -0.09  0.        2609.224       2808.135       6950.546    0.000  -0.138   0.379   0.
  2017 352 11 42 12 494 352.487644612      -0.38      1.27     -0.34  0.        2608.071       2809.640       6951.365    0.000  -0.138   0.380   0.
  2017 352 11 42 13 494 352.487656186      -0.36      1.30     -0.20  0.        2606.918       2811.145       6952.184    0.000  -0.138   0.380   0.
  2017 352 11 42 14 494 352.487667760      -0.39      1.32     -0.20  0.        2605.765       2812.649       6953.002    0.000  -0.138   0.380   0.
  2017 352 11 42 15 494 352.487679334      -0.33      1.37     -0.21  0.        2604.612       2814.153       6953.819    0.000  -0.138   0.380   0.
  2017 352 11 42 16 494 352.487690909      -0.28      1.41     -0.40  0.        2603.458       2815.658       6954.636    0.000  -0.138   0.380   0.
  2017 352 11 42 17 494 352.487702483      -0.17      1.46     -0.22  0.        2602.305       2817.161       6955.452    0.000  -0.138   0.380   0.
  2017 352 11 42 18 494 352.487714057      -0.17      1.33     -0.32  0.        2601.151       2818.665       6956.268    0.000  -0.138   0.380   0.
  2017 352 11 42 19 494 352.487725631      -0.42      1.35     -0.38  0.        2599.997       2820.168       6957.083    0.000  -0.138   0.380   0.
  2017 352 11 42 20 494 352.487737205      -0.40      1.33     -0.13  0.        2598.842       2821.671       6957.897    0.000  -0.138   0.380   0.
  2017 352 11 42 21 494 352.487748779      -0.32      1.32     -0.16  0.        2597.688       2823.174       6958.711    0.000  -0.138   0.380   0.
  2017 352 11 42 22 494 352.487760353      -0.22      1.44     -0.33  0.        2596.533       2824.677       6959.525    0.000  -0.138   0.379   0.
  2017 352 11 42 23 494 352.487771927      -0.23      1.42     -0.45  0.        2595.378       2826.179       6960.337    0.000  -0.138   0.379   0.
  2017 352 11 42 24 494 352.487783498      -0.14      1.47     -0.36  0.        2594.222       2827.681       6961.149    0.000  -0.138   0.379   0.
  2017 352 11 42 25 494 352.487795072      -0.04      1.41     -0.30  0.        2593.067       2829.183       6961.961    0.000  -0.138   0.379   0.
  2017 352 11 42 26 494 352.487806646      -0.03      1.35     -0.35  0.        2591.911       2830.685       6962.772    0.000  -0.138   0.379   0.
  2017 352 11 42 27 494 352.487818220      -0.08      1.34     -0.21  0.        2590.755       2832.186       6963.582    0.000  -0.138   0.379   0.
  2017 352 11 42 28 494 352.487829795      -0.22      1.31     -0.23  0.        2589.599       2833.687       6964.392    0.000  -0.138   0.379   0.
  2017 352 11 42 29 494 352.487841369      -0.43      1.21     -0.44  0.        2588.443       2835.188       6965.201    0.000  -0.138   0.379   0.
  2017 352 11 42 30 494 352.487852943      -0.28      1.21     -0.34  0.        2587.286       2836.689       6966.009    0.000  -0.138   0.380   0.
  2017 352 11 42 31 494 352.487864517      -0.22      1.27     -0.28  0.        2586.129       2838.189       6966.817    0.000  -0.138   0.380   0.
  2017 352 11 42 32 494 352.487876091      -0.10      1.28     -0.28  0.        2584.972       2839.689       6967.624    0.000  -0.138   0.380   0.
  2017 352 11 42 33 494 352.487887665      -0.19      1.30     -0.43  0.        2583.815       2841.189       6968.431    0.000  -0.138   0.380   0.
  2017 352 11 42 34 494 352.487899239      -0.12      1.25     -0.33  0.        2582.658       2842.689       6969.237    0.000  -0.138   0.379   0.
  2017 352 11 42 35 494 352.487910813      -0.12      1.27     -0.29  0.        2581.500       2844.189       6970.043    0.000  -0.138   0.379   0.
  2017 352 11 42 36 494 352.487922387      -0.23      1.28     -0.33  0.        2580.342       2845.688       6970.848    0.000  -0.138   0.380   0.
  2017 352 11 42 37 494 352.487933961      -0.12      1.32     -0.30  0.        2579.184       2847.187       6971.652    0.000  -0.138   0.380   0.
  2017 352 11 42 38 494 352.487945535      -0.16      1.34     -0.34  0.        2578.025       2848.685       6972.456    0.000  -0.138   0.380   0.
  2017 352 11 42 39 494 352.487957109      -0.20      1.22     -0.15  0.        2576.867       2850.184       6973.259    0.000  -0.138   0.380   0.
  2017 352 11 42 40 494 352.487968683      -0.17      1.25     -0.22  0.        2575.708       2851.682       6974.062    0.000  -0.138   0.379   0.
  2017 352 11 42 41 494 352.487980258      -0.20      1.29     -0.24  0.        2574.549       2853.180       6974.864    0.000  -0.138   0.379   0.
  2017 352 11 42 42 494 352.487991832      -0.18      1.32     -0.30  0.        2573.390       2854.678       6975.665    0.000  -0.138   0.380   0.
  2017 352 11 42 43 494 352.488003406      -0.29      1.29     -0.27  0.        2572.230       2856.176       6976.466    0.000  -0.138   0.380   0.
  2017 352 11 42 44 494 352.488014980      -0.36      1.25     -0.30  0.        2571.071       2857.673       6977.266    0.000  -0.138   0.380   0.
  2017 352 11 42 45 494 352.488026554      -0.29      1.35     -0.33  0.        2569.911       2859.170       6978.066    0.000  -0.138   0.380   0.
  2017 352 11 42 46 494 352.488038128      -0.45      1.23     -0.61  0.        2568.751       2860.667       6978.865    0.000  -0.138   0.379   0.
  2017 352 11 42 47 494 352.488049702      -0.33      1.32     -0.49  0.        2567.591       2862.163       6979.663    0.000  -0.138   0.379   0.
  2017 352 11 42 48 494 352.488061276      -0.22      1.39     -0.46  0.        2566.430       2863.660       6980.461    0.000  -0.138   0.379   0.
  2017 352 11 42 49 494 352.488072850      -0.33      1.36     -0.29  0.        2565.269       2865.156       6981.258    0.000  -0.138   0.379   0.
  2017 352 11 42 50 494 352.488084424      -0.30      1.45     -0.23  0.        2564.108       2866.651       6982.055    0.000  -0.138   0.379   0.
  2017 352 11 42 51 494 352.488095998      -0.34      1.51     -0.41  0.        2562.947       2868.147       6982.851    0.000  -0.138   0.379   0.
  2017 352 11 42 52 494 352.488107572      -0.18      1.50     -0.48  0.        2561.786       2869.642       6983.647    0.000  -0.138   0.379   0.
  2017 352 11 42 53 493 352.488119146      -0.19      1.38     -0.60  0.        2560.624       2871.138       6984.442    0.000  -0.138   0.379   0.
  2017 352 11 42 54 493 352.488130718      -0.16      1.42     -0.63  0.        2559.462       2872.632       6985.236    0.000  -0.138   0.380   0.
  2017 352 11 42 55 494 352.488142292      -0.25      1.49     -0.55  0.        2558.300       2874.127       6986.030    0.000  -0.138   0.380   0.
  2017 352 11 42 56 494 352.488153866      -0.25      1.41     -0.25  0.        2557.138       2875.621       6986.823    0.000  -0.138   0.379   0.
  2017 352 11 42 57 494 352.488165440      -0.11      1.35     -0.24  0.        2555.975       2877.116       6987.615    0.000  -0.138   0.379   0.
  2017 352 11 42 58 494 352.488177014      -0.07      1.29     -0.36  0.        2554.813       2878.610       6988.407    0.000  -0.138   0.380   0.
  2017 352 11 42 59 494 352.488188588      -0.02      1.28     -0.41  0.        2553.650       2880.103       6989.199    0.000  -0.138   0.380   0.
  2017 352 11 43  0 493 352.488200162      -0.11      1.33     -0.32  0.        2552.487       2881.597       6989.990    0.000  -0.138   0.379   0.
  2017 352 11 43  1 493 352.488211736      -0.17      1.33     -0.33  0.        2551.324       2883.090       6990.780    0.000  -0.138   0.379   0.
  2017 352 11 43  2 493 352.488223310      -0.03      1.34     -0.36  0.        2550.160       2884.583       6991.569    0.000  -0.138   0.379   0.
  2017 352 11 43  3 493 352.488234884       0.00      1.37     -0.56  0.        2548.996       2886.075       6992.358    0.000  -0.138   0.379   0.
  2017 352 11 43  4 493 352.488246458      -0.10      1.39     -0.50  0.        2547.832       2887.568       6993.147    0.000  -0.138   0.379   0.
  2017 352 11 43  5 494 352.488258032      -0.17      1.38     -0.47  0.        2546.668       2889.060       6993.935    0.000  -0.138   0.379   0.
  2017 352 11 43  6 494 352.488269606      -0.28      1.31     -0.44  0.        2545.504       2890.552       6994.722    0.000  -0.138   0.379   0.
  2017 352 11 43  7 493 352.488281181      -0.19      1.35     -0.49  0.        2544.339       2892.044       6995.509    0.000  -0.138   0.379   0.
  2017 352 11 43  8 493 352.488292755      -0.22      1.40     -0.58  0.        2543.174       2893.535       6996.295    0.000  -0.138   0.380   0.
  2017 352 11 43  9 494 352.488304329      -0.29      1.47     -0.41  0.        2542.009       2895.026       6997.080    0.000  -0.138   0.380   0.
  2017 352 11 43 10 494 352.488315903      -0.09      1.43     -0.13  0.        2540.844       2896.517       6997.865    0.000  -0.138   0.379   0.
  2017 352 11 43 11 494 352.488327477       0.01      1.31     -0.21  0.        2539.678       2898.008       6998.650    0.000  -0.138   0.379   0.
  2017 352 11 43 12 494 352.488339051      -0.01      1.34     -0.37  0.        2538.513       2899.499       6999.433    0.000  -0.138   0.380   0.
  2017 352 11 43 13 494 352.488350625      -0.07      1.36     -0.41  0.        2537.347       2900.989       7000.216    0.000  -0.138   0.380   0.
  2017 352 11 43 14 493 352.488362199      -0.13      1.45     -0.45  0.        2536.181       2902.479       7000.999    0.000  -0.138   0.379   0.
  2017 352 11 43 15 493 352.488373773      -0.05      1.51     -0.21  0.        2535.015       2903.969       7001.781    0.000  -0.138   0.379   0.
  2017 352 11 43 16 493 352.488385347      -0.27      1.35     -0.61  0.        2533.848       2905.458       7002.562    0.000  -0.138   0.380   0.
  2017 352 11 43 17 493 352.488396921      -0.16      1.39     -0.48  0.        2532.681       2906.948       7003.343    0.000  -0.138   0.380   0.
  2017 352 11 43 18 494 352.488408495      -0.15      1.44     -0.51  0.        2531.514       2908.437       7004.123    0.000  -0.138   0.380   0.
  2017 352 11 43 19 494 352.488420069      -0.05      1.37     -0.55  0.        2530.347       2909.926       7004.903    0.000  -0.138   0.380   0.
  2017 352 11 43 20 493 352.488431644      -0.20      1.21     -0.68  0.        2529.180       2911.414       7005.682    0.000  -0.138   0.379   0.
  2017 352 11 43 21 493 352.488443218      -0.12      1.26     -0.42  0.        2528.012       2912.903       7006.460    0.000  -0.138   0.379   0.
  2017 352 11 43 22 494 352.488454792      -0.15      1.33     -0.39  0.        2526.844       2914.390       7007.238    0.000  -0.138   0.380   0.
  2017 352 11 43 23 494 352.488466366      -0.14      1.36     -0.42  0.        2525.677       2915.878       7008.016    0.000  -0.138   0.380   0.
  2017 352 11 43 24 493 352.488477937      -0.09      1.35     -0.34  0.        2524.508       2917.366       7008.792    0.000  -0.138   0.379   0.
  2017 352 11 43 25 493 352.488489511      -0.16      1.26     -0.35  0.        2523.340       2918.853       7009.568    0.000  -0.138   0.379   0.
  2017 352 11 43 26 493 352.488501085      -0.20      1.29     -0.43  0.        2522.171       2920.340       7010.344    0.000  -0.138   0.379   0.
  2017 352 11 43 27 493 352.488512659      -0.27      1.36     -0.40  0.        2521.002       2921.827       7011.119    0.000  -0.138   0.379   0.
  2017 352 11 43 28 493 352.488524233      -0.25      1.42     -0.32  0.        2519.833       2923.314       7011.893    0.000  -0.138   0.379   0.
  2017 352 11 43 29 493 352.488535807      -0.40      1.40     -0.40  0.        2518.664       2924.800       7012.667    0.000  -0.138   0.379   0.
  2017 352 11 43 30 493 352.488547381      -0.40      1.32     -0.28  0.        2517.494       2926.286       7013.440    0.000  -0.138   0.380   0.
  2017 352 11 43 31 493 352.488558955      -0.19      1.37     -0.22  0.        2516.325       2927.772       7014.213    0.000  -0.138   0.380   0.
  2017 352 11 43 32 493 352.488570529      -0.13      1.43     -0.39  0.        2515.155       2929.258       7014.985    0.000  -0.138   0.380   0.
  2017 352 11 43 33 493 352.488582104      -0.19      1.33     -0.36  0.        2513.985       2930.743       7015.756    0.000  -0.138   0.380   0.
  2017 352 11 43 34 493 352.488593678      -0.16      1.34     -0.44  0.        2512.814       2932.229       7016.527    0.000  -0.138   0.379   0.
  2017 352 11 43 35 493 352.488605252      -0.22      1.42     -0.51  0.        2511.644       2933.713       7017.297    0.000  -0.138   0.379   0.
  2017 352 11 43 36 493 352.488616826      -0.30      1.45     -0.84  0.        2510.473       2935.198       7018.067    0.000  -0.138   0.380   0.
  2017 352 11 43 37 493 352.488628400      -0.33      1.53     -0.55  0.        2509.302       2936.683       7018.836    0.000  -0.138   0.380   0.
  2017 352 11 43 38 493 352.488639974       0.01      1.44     -0.44  0.        2508.131       2938.167       7019.604    0.000  -0.138   0.379   0.
  2017 352 11 43 39 493 352.488651548      -0.17      1.31     -0.61  0.        2506.960       2939.651       7020.372    0.000  -0.138   0.379   0.
  2017 352 11 43 40 493 352.488663122      -0.34      1.38     -0.46  0.        2505.788       2941.134       7021.140    0.000  -0.138   0.380   0.
  2017 352 11 43 41 493 352.488674696      -0.33      1.46     -0.35  0.        2504.616       2942.618       7021.906    0.000  -0.138   0.380   0.
  2017 352 11 43 42 493 352.488686270      -0.07      1.49     -0.18  0.        2503.444       2944.101       7022.673    0.000  -0.138   0.380   0.
  2017 352 11 43 43 493 352.488697844      -0.19      1.37     -0.20  0.        2502.272       2945.584       7023.438    0.000  -0.138   0.380   0.
  2017 352 11 43 44 493 352.488709418      -0.30      1.30     -0.32  0.        2501.100       2947.067       7024.203    0.000  -0.138   0.379   0.
  2017 352 11 43 45 493 352.488720992      -0.37      1.34     -0.36  0.        2499.927       2948.549       7024.968    0.000  -0.138   0.379   0.
  2017 352 11 43 46 493 352.488732567      -0.32      1.40     -0.31  0.        2498.754       2950.031       7025.731    0.000  -0.138   0.379   0.
  2017 352 11 43 47 493 352.488744141      -0.37      1.35     -0.29  0.        2497.581       2951.513       7026.495    0.000  -0.138   0.379   0.
  2017 352 11 43 48 493 352.488755715      -0.35      1.26     -0.31  0.        2496.408       2952.995       7027.257    0.000  -0.138   0.380   0.
  2017 352 11 43 49 493 352.488767289      -0.40      1.24     -0.43  0.        2495.235       2954.477       7028.019    0.000  -0.138   0.380   0.
  2017 352 11 43 50 493 352.488778863      -0.38      1.24     -0.42  0.        2494.061       2955.958       7028.781    0.000  -0.138   0.379   0.
  2017 352 11 43 51 493 352.488790437      -0.44      1.31     -0.31  0.        2492.887       2957.439       7029.542    0.000  -0.138   0.379   0.
  2017 352 11 43 52 493 352.488802011      -0.52      1.26     -0.24  0.        2491.713       2958.920       7030.302    0.000  -0.138   0.379   0.
  2017 352 11 43 53 493 352.488813585      -0.50      1.29     -0.27  0.        2490.539       2960.400       7031.062    0.000  -0.138   0.379   0.
  2017 352 11 43 54 493 352.488825156      -0.49      1.25     -0.40  0.        2489.364       2961.880       7031.821    0.000  -0.138   0.380   0.
  2017 352 11 43 55 493 352.488836730      -0.35      1.37     -0.32  0.        2488.190       2963.361       7032.580    0.000  -0.138   0.380   0.
  2017 352 11 43 56 493 352.488848304      -0.51      1.43     -0.12  0.        2487.015       2964.840       7033.338    0.000  -0.138   0.379   0.
  2017 352 11 43 57 493 352.488859879      -0.51      1.32     -0.20  0.        2485.840       2966.320       7034.095    0.000  -0.138   0.379   0.
  2017 352 11 43 58 493 352.488871452      -0.39      1.33     -0.31  0.        2484.664       2967.799       7034.852    0.000  -0.138   0.380   0.
  2017 352 11 43 59 493 352.488883027      -0.46      1.23     -0.24  0.        2483.489       2969.278       7035.608    0.000  -0.138   0.380   0.
  2017 352 11 44  0 493 352.488894601      -0.53      1.28     -0.35  0.        2482.313       2970.757       7036.364    0.000  -0.138   0.379   0.
  2017 352 11 44  1 493 352.488906175      -0.37      1.33     -0.17  0.        2481.137       2972.235       7037.119    0.000  -0.138   0.379   0.
  2017 352 11 44  2 493 352.488917749      -0.50      1.24     -0.40  0.        2479.961       2973.714       7037.874    0.000  -0.138   0.379   0.
  2017 352 11 44  3 493 352.488929323      -0.53      1.26     -0.44  0.        2478.785       2975.192       7038.628    0.000  -0.138   0.379   0.
  2017 352 11 44  4 493 352.488940897      -0.34      1.34     -0.30  0.        2477.608       2976.670       7039.381    0.000  -0.138   0.380   0.
  2017 352 11 44  5 493 352.488952471      -0.25      1.33     -0.33  0.        2476.431       2978.147       7040.134    0.000  -0.138   0.380   0.
  2017 352 11 44  6 493 352.488964045      -0.45      1.29     -0.32  0.        2475.255       2979.625       7040.886    0.000  -0.138   0.379   0.
  2017 352 11 44  7 493 352.488975619      -0.52      1.32     -0.29  0.        2474.077       2981.102       7041.638    0.000  -0.138   0.379   0.
  2017 352 11 44  8 493 352.488987193      -0.47      1.33     -0.40  0.        2472.900       2982.579       7042.389    0.000  -0.138   0.379   0.
  2017 352 11 44  9 493 352.488998767      -0.35      1.32     -0.35  0.        2471.723       2984.055       7043.139    0.000  -0.138   0.379   0.
  2017 352 11 44 10 493 352.489010341      -0.35      1.28     -0.41  0.        2470.545       2985.532       7043.889    0.000  -0.138   0.379   0.
  2017 352 11 44 11 493 352.489021915      -0.29      1.22     -0.36  0.        2469.367       2987.008       7044.638    0.000  -0.138   0.379   0.
  2017 352 11 44 12 493 352.489033490      -0.34      1.22     -0.38  0.        2468.189       2988.483       7045.387    0.000  -0.138   0.379   0.
  2017 352 11 44 13 493 352.489045064      -0.52      1.17     -0.48  0.        2467.010       2989.959       7046.135    0.000  -0.138   0.379   0.
  2017 352 11 44 14 493 352.489056638      -0.60      1.20     -0.46  0.        2465.832       2991.434       7046.883    0.000  -0.138   0.380   0.
  2017 352 11 44 15 493 352.489068212      -0.50      1.18     -0.36  0.        2464.653       2992.910       7047.630    0.000  -0.138   0.380   0.
  2017 352 11 44 16 493 352.489079786      -0.42      1.20     -0.35  0.        2463.474       2994.384       7048.376    0.000  -0.138   0.380   0.
  2017 352 11 44 17 493 352.489091360      -0.42      1.23     -0.38  0.        2462.295       2995.859       7049.122    0.000  -0.138   0.380   0.
  2017 352 11 44 18 493 352.489102934      -0.43      1.33     -0.32  0.        2461.115       2997.333       7049.867    0.000  -0.138   0.379   0.
  2017 352 11 44 19 493 352.489114508      -0.46      1.27     -0.36  0.        2459.936       2998.808       7050.612    0.000  -0.138   0.379   0.
  2017 352 11 44 20 493 352.489126082      -0.50      1.19     -0.29  0.        2458.756       3000.282       7051.356    0.000  -0.138   0.379   0.
  2017 352 11 44 21 493 352.489137656      -0.54      1.08     -0.32  0.        2457.576       3001.755       7052.099    0.000  -0.138   0.379   0.
  2017 352 11 44 22 493 352.489149230      -0.49      1.12     -0.43  0.        2456.396       3003.229       7052.842    0.000  -0.138   0.379   0.
  2017 352 11 44 23 493 352.489160804      -0.62      1.08     -0.31  0.        2455.216       3004.702       7053.584    0.000  -0.138   0.379   0.
  2017 352 11 44 24 493 352.489172376      -0.74      1.09     -0.31  0.        2454.035       3006.175       7054.326    0.000  -0.138   0.379   0.
  2017 352 11 44 25 493 352.489183950      -0.89      1.04     -0.32  0.        2452.854       3007.647       7055.067    0.000  -0.138   0.379   0.
  2017 352 11 44 26 493 352.489195524      -0.78      1.10     -0.19  0.        2451.673       3009.120       7055.808    0.000  -0.138   0.379   0.
  2017 352 11 44 27 493 352.489207098      -0.72      1.12     -0.18  0.        2450.492       3010.592       7056.548    0.000  -0.138   0.379   0.
  2017 352 11 44 28 493 352.489218672      -0.90      1.20     -0.25  0.        2449.311       3012.064       7057.287    0.000  -0.138   0.380   0.
  2017 352 11 44 29 493 352.489230246      -0.97      1.24     -0.16  0.        2448.129       3013.536       7058.026    0.000  -0.138   0.380   0.
  2017 352 11 44 30 493 352.489241820      -0.91      1.14     -0.26  0.        2446.947       3015.007       7058.765    0.000  -0.138   0.379   0.
  2017 352 11 44 31 493 352.489253394      -0.91      1.15     -0.60  0.        2445.765       3016.478       7059.502    0.000  -0.138   0.379   0.
  2017 352 11 44 32 493 352.489264968      -0.84      1.23     -0.60  0.        2444.583       3017.949       7060.240    0.000  -0.138   0.379   0.
  2017 352 11 44 33 493 352.489276542      -0.79      1.19     -0.54  0.        2443.401       3019.420       7060.976    0.000  -0.138   0.379   0.
  2017 352 11 44 34 493 352.489288116      -0.78      1.19     -0.51  0.        2442.218       3020.890       7061.712    0.000  -0.138   0.380   0.
  2017 352 11 44 35 493 352.489299690      -0.75      1.05     -0.60  0.        2441.035       3022.361       7062.447    0.000  -0.138   0.380   0.
  2017 352 11 44 36 493 352.489311264      -0.70      1.08     -0.59  0.        2439.852       3023.830       7063.182    0.000  -0.138   0.379   0.
  2017 352 11 44 37 493 352.489322839      -0.67      1.15     -0.61  0.        2438.669       3025.300       7063.917    0.000  -0.138   0.379   0.
  2017 352 11 44 38 493 352.489334413      -0.77      1.15     -0.46  0.        2437.486       3026.770       7064.650    0.000  -0.138   0.380   0.
  2017 352 11 44 39 493 352.489345987      -0.79      1.15     -0.32  0.        2436.303       3028.239       7065.383    0.000  -0.138   0.380   0.
  2017 352 11 44 40 493 352.489357561      -0.76      1.21     -0.24  0.        2435.119       3029.708       7066.116    0.000  -0.138   0.380   0.
  2017 352 11 44 41 493 352.489369135      -0.68      1.26     -0.17  0.        2433.934       3031.177       7066.848    0.000  -0.138   0.380   0.
  2017 352 11 44 42 493 352.489380709      -0.71      1.35     -0.19  0.        2432.751       3032.645       7067.579    0.000  -0.138   0.379   0.
  2017 352 11 44 43 493 352.489392283      -0.69      1.33     -0.33  0.        2431.566       3034.113       7068.310    0.000  -0.138   0.379   0.
  2017 352 11 44 44 493 352.489403857      -0.60      1.31     -0.46  0.        2430.381       3035.581       7069.040    0.000  -0.138   0.380   0.
  2017 352 11 44 45 493 352.489415431      -0.73      1.37     -0.49  0.        2429.197       3037.049       7069.770    0.000  -0.138   0.380   0.
  2017 352 11 44 46 493 352.489427005      -0.61      1.42     -0.30  0.        2428.012       3038.516       7070.499    0.000  -0.138   0.380   0.
  2017 352 11 44 47 493 352.489438579      -0.51      1.41     -0.01  0.        2426.826       3039.984       7071.227    0.000  -0.138   0.380   0.
  2017 352 11 44 48 493 352.489450153      -0.69      1.25     -0.23  0.        2425.641       3041.451       7071.955    0.000  -0.138   0.379   0.
  2017 352 11 44 49 493 352.489461727      -0.45      1.40     -0.19  0.        2424.456       3042.918       7072.683    0.000  -0.138   0.379   0.
  2017 352 11 44 50 493 352.489473302      -0.28      1.40     -0.57  0.        2423.270       3044.384       7073.409    0.000  -0.138   0.379   0.
  2017 352 11 44 51 493 352.489484876      -0.35      1.33     -0.76  0.        2422.084       3045.850       7074.136    0.000  -0.138   0.379   0.
  2017 352 11 44 52 493 352.489496450      -0.39      1.28     -0.58  0.        2420.898       3047.316       7074.861    0.000  -0.138   0.380   0.
  2017 352 11 44 53 493 352.489508023      -0.34      1.23     -0.39  0.        2419.711       3048.782       7075.586    0.000  -0.138   0.380   0.
  2017 352 11 44 54 493 352.489519595      -0.35      1.14     -0.41  0.        2418.525       3050.248       7076.311    0.000  -0.138   0.379   0.
  2017 352 11 44 55 493 352.489531169      -0.34      1.15     -0.50  0.        2417.338       3051.713       7077.035    0.000  -0.138   0.379   0.
  2017 352 11 44 56 492 352.489542743      -0.43      1.21     -0.45  0.        2416.151       3053.178       7077.758    0.000  -0.138   0.379   0.
  2017 352 11 44 57 492 352.489554317      -0.64      1.29     -0.36  0.        2414.964       3054.643       7078.481    0.000  -0.138   0.379   0.
  2017 352 11 44 58 492 352.489565891      -0.70      1.29     -0.31  0.        2413.777       3056.107       7079.203    0.000  -0.138   0.380   0.
  2017 352 11 44 59 492 352.489577465      -0.75      1.27     -0.34  0.        2412.589       3057.571       7079.924    0.000  -0.138   0.380   0.
  2017 352 11 45  0 492 352.489589039      -0.76      1.32     -0.42  0.        2411.401       3059.035       7080.645    0.000  -0.138   0.379   0.
  2017 352 11 45  1 493 352.489600613      -0.70      1.35     -0.39  0.        2410.214       3060.499       7081.366    0.000  -0.138   0.379   0.
  2017 352 11 45  2 493 352.489612187      -0.65      1.28     -0.46  0.        2409.025       3061.963       7082.086    0.000  -0.138   0.380   0.
  2017 352 11 45  3 492 352.489623762      -0.70      1.19     -0.27  0.        2407.837       3063.426       7082.805    0.000  -0.138   0.380   0.
  2017 352 11 45  4 492 352.489635336      -0.64      1.22     -0.30  0.        2406.649       3064.889       7083.524    0.000  -0.138   0.379   0.
  2017 352 11 45  5 493 352.489646910      -0.71      1.33     -0.78  0.        2405.460       3066.352       7084.242    0.000  -0.138   0.379   0.
  2017 352 11 45  6 493 352.489658484      -0.87      1.37     -0.71  0.        2404.271       3067.814       7084.959    0.000  -0.138   0.380   0.
  2017 352 11 45  7 493 352.489670058      -0.82      1.33     -0.51  0.        2403.082       3069.277       7085.676    0.000  -0.138   0.380   0.
  2017 352 11 45  8 493 352.489681632      -0.75      1.22     -0.31  0.        2401.893       3070.739       7086.393    0.000  -0.138   0.379   0.
  2017 352 11 45  9 492 352.489693206      -0.96      1.20     -0.43  0.        2400.703       3072.201       7087.109    0.000  -0.138   0.379   0.
  2017 352 11 45 10 492 352.489704780      -1.20      1.29     -0.46  0.        2399.514       3073.662       7087.824    0.000  -0.138   0.379   0.
  2017 352 11 45 11 492 352.489716354      -1.21      1.39     -0.31  0.        2398.324       3075.123       7088.539    0.000  -0.138   0.379   0.
  2017 352 11 45 12 492 352.489727928      -0.88      1.48     -0.31  0.        2397.134       3076.584       7089.253    0.000  -0.138   0.379   0.
  2017 352 11 45 13 492 352.489739502      -0.75      1.28     -0.36  0.        2395.943       3078.045       7089.966    0.000  -0.138   0.379   0.
  2017 352 11 45 14 493 352.489751076      -0.77      1.12     -0.50  0.        2394.753       3079.506       7090.679    0.000  -0.138   0.379   0.
  2017 352 11 45 15 493 352.489762650      -0.78      1.18     -0.45  0.        2393.562       3080.966       7091.392    0.000  -0.138   0.379   0.
  2017 352 11 45 16 492 352.489774225      -0.86      1.20     -0.46  0.        2392.372       3082.426       7092.103    0.000  -0.138   0.380   0.
  2017 352 11 45 17 492 352.489785799      -0.77      1.24     -0.42  0.        2391.180       3083.886       7092.815    0.000  -0.138   0.380   0.
  2017 352 11 45 18 493 352.489797373      -0.69      1.20     -0.46  0.        2389.989       3085.346       7093.525    0.000  -0.138   0.379   0.
  2017 352 11 45 19 493 352.489808947      -0.57      1.14     -0.55  0.        2388.798       3086.805       7094.236    0.000  -0.138   0.379   0.
  2017 352 11 45 20 493 352.489820521      -0.54      1.27     -0.48  0.        2387.606       3088.264       7094.945    0.000  -0.138   0.379   0.
  2017 352 11 45 21 493 352.489832095      -0.52      1.31     -0.48  0.        2386.414       3089.723       7095.654    0.000  -0.138   0.379   0.
  2017 352 11 45 22 493 352.489843669      -0.47      1.20     -0.45  0.        2385.223       3091.181       7096.362    0.000  -0.138   0.380   0.
  2017 352 11 45 23 492 352.489855243      -0.48      1.24     -0.55  0.        2384.030       3092.640       7097.070    0.000  -0.138   0.380   0.
  2017 352 11 45 24 492 352.489866814      -0.36      1.26     -0.72  0.        2382.838       3094.098       7097.778    0.000  -0.138   0.379   0.
  2017 352 11 45 25 492 352.489878388      -0.39      1.25     -0.77  0.        2381.645       3095.556       7098.484    0.000  -0.138   0.379   0.
  2017 352 11 45 26 492 352.489889962      -0.42      1.45     -0.64  0.        2380.453       3097.013       7099.190    0.000  -0.138   0.379   0.
  2017 352 11 45 27 492 352.489901536      -0.36      1.35     -0.36  0.        2379.260       3098.471       7099.896    0.000  -0.138   0.379   0.
  2017 352 11 45 28 492 352.489913111      -0.41      1.36     -0.37  0.        2378.067       3099.928       7100.601    0.000  -0.138   0.380   0.
  2017 352 11 45 29 492 352.489924685      -0.35      1.47     -0.32  0.        2376.873       3101.384       7101.305    0.000  -0.138   0.380   0.
  2017 352 11 45 30 492 352.489936259      -0.32      1.52     -0.31  0.        2375.680       3102.841       7102.009    0.000  -0.138   0.379   0.
  2017 352 11 45 31 492 352.489947833      -0.29      1.46     -0.28  0.        2374.486       3104.297       7102.712    0.000  -0.138   0.379   0.
  2017 352 11 45 32 492 352.489959407      -0.39      1.34     -0.32  0.        2373.292       3105.753       7103.415    0.000  -0.138   0.379   0.
  2017 352 11 45 33 492 352.489970981      -0.38      1.28     -0.49  0.        2372.098       3107.209       7104.117    0.000  -0.138   0.379   0.
  2017 352 11 45 34 492 352.489982555      -0.52      1.29     -0.54  0.        2370.904       3108.665       7104.819    0.000  -0.138   0.379   0.
  2017 352 11 45 35 492 352.489994129      -0.59      1.32     -0.38  0.        2369.709       3110.120       7105.520    0.000  -0.138   0.379   0.
  2017 352 11 45 36 492 352.490005703      -0.74      1.22     -0.53  0.        2368.515       3111.575       7106.220    0.000  -0.138   0.380   0.
  2017 352 11 45 37 492 352.490017277      -0.84      1.16     -0.56  0.        2367.320       3113.030       7106.920    0.000  -0.138   0.380   0.
  2017 352 11 45 38 492 352.490028851      -0.75      1.21     -0.58  0.        2366.125       3114.485       7107.619    0.000  -0.138   0.379   0.
  2017 352 11 45 39 492 352.490040425      -0.87      1.23     -0.55  0.        2364.930       3115.939       7108.318    0.000  -0.138   0.379   0.
  2017 352 11 45 40 492 352.490051999      -0.79      1.28     -0.45  0.        2363.734       3117.393       7109.016    0.000  -0.138   0.379   0.
  2017 352 11 45 41 492 352.490063573      -0.65      1.29     -0.41  0.        2362.539       3118.847       7109.714    0.000  -0.138   0.379   0.
  2017 352 11 45 42 492 352.490075148      -0.56      1.23     -0.47  0.        2361.343       3120.301       7110.411    0.000  -0.138   0.380   0.
  2017 352 11 45 43 492 352.490086722      -0.63      1.26     -0.53  0.        2360.147       3121.754       7111.107    0.000  -0.138   0.380   0.
  2017 352 11 45 44 492 352.490098296      -0.74      1.28     -0.44  0.        2358.951       3123.207       7111.803    0.000  -0.138   0.379   0.
  2017 352 11 45 45 492 352.490109870      -0.68      1.27     -0.47  0.        2357.754       3124.660       7112.498    0.000  -0.138   0.379   0.
  2017 352 11 45 46 492 352.490121444      -0.74      1.23     -0.51  0.        2356.558       3126.112       7113.193    0.000  -0.138   0.379   0.
  2017 352 11 45 47 492 352.490133018      -0.82      1.18     -0.51  0.        2355.361       3127.565       7113.887    0.000  -0.138   0.379   0.
  2017 352 11 45 48 492 352.490144592      -0.91      1.19     -0.49  0.        2354.164       3129.017       7114.581    0.000  -0.138   0.380   0.
  2017 352 11 45 49 492 352.490156166      -0.90      1.30     -0.41  0.        2352.967       3130.469       7115.274    0.000  -0.138   0.380   0.
  2017 352 11 45 50 492 352.490167740      -0.85      1.31     -0.46  0.        2351.770       3131.920       7115.966    0.000  -0.138   0.379   0.
  2017 352 11 45 51 492 352.490179314      -0.85      1.25     -0.53  0.        2350.572       3133.372       7116.658    0.000  -0.138   0.379   0.
  2017 352 11 45 52 492 352.490190888      -0.70      1.16     -0.56  0.        2349.375       3134.823       7117.349    0.000  -0.138   0.380   0.
  2017 352 11 45 53 492 352.490202462      -0.60      1.07     -0.69  0.        2348.177       3136.274       7118.040    0.000  -0.138   0.380   0.
  2017 352 11 45 54 492 352.490214034      -0.85      1.05     -0.64  0.        2346.979       3137.724       7118.730    0.000  -0.138   0.379   0.
  2017 352 11 45 55 492 352.490225608      -1.14      1.23     -0.50  0.        2345.780       3139.175       7119.420    0.000  -0.138   0.379   0.
  2017 352 11 45 56 492 352.490237182      -1.22      1.29     -0.37  0.        2344.582       3140.625       7120.109    0.000  -0.138   0.380   0.
  2017 352 11 45 57 492 352.490248756      -1.18      1.34     -0.29  0.        2343.383       3142.075       7120.797    0.000  -0.138   0.380   0.
  2017 352 11 45 58 492 352.490260330      -1.01      1.32     -0.30  0.        2342.185       3143.524       7121.485    0.000  -0.138   0.380   0.
  2017 352 11 45 59 492 352.490271904      -1.05      1.29     -0.27  0.        2340.986       3144.974       7122.173    0.000  -0.138   0.380   0.
  2017 352 11 46  0 492 352.490283478      -1.05      1.31     -0.18  0.        2339.786       3146.423       7122.859    0.000  -0.138   0.379   0.
  2017 352 11 46  1 492 352.490295052      -0.98      1.44     -0.17  0.        2338.587       3147.872       7123.546    0.000  -0.138   0.379   0.
  2017 352 11 46  2 492 352.490306626      -0.49      1.37     -0.27  0.        2337.387       3149.320       7124.231    0.000  -0.138   0.380   0.
  2017 352 11 46  3 492 352.490318200      -0.33      1.25     -0.25  0.        2336.188       3150.769       7124.916    0.000  -0.138   0.380   0.
  2017 352 11 46  4 492 352.490329774      -0.50      1.18     -0.22  0.        2334.988       3152.216       7125.601    0.000  -0.138   0.380   0.
  2017 352 11 46  5 492 352.490341348      -0.46      1.23     -0.36  0.        2333.788       3153.664       7126.285    0.000  -0.138   0.380   0.
  2017 352 11 46  6 492 352.490352922      -0.52      1.17     -0.40  0.        2332.588       3155.112       7126.968    0.000  -0.138   0.380   0.
  2017 352 11 46  7 492 352.490364497      -0.48      1.16     -0.35  0.        2331.387       3156.559       7127.651    0.000  -0.138   0.380   0.
  2017 352 11 46  8 492 352.490376071      -0.53      1.15     -0.34  0.        2330.186       3158.006       7128.333    0.000  -0.138   0.380   0.
  2017 352 11 46  9 492 352.490387645      -0.73      1.19     -0.31  0.        2328.986       3159.453       7129.015    0.000  -0.138   0.380   0.
  2017 352 11 46 10 492 352.490399219      -0.68      1.23     -0.21  0.        2327.785       3160.900       7129.696    0.000  -0.138   0.379   0.
  2017 352 11 46 11 492 352.490410793      -0.70      1.14     -0.22  0.        2326.583       3162.346       7130.376    0.000  -0.138   0.379   0.
  2017 352 11 46 12 492 352.490422367      -0.75      1.24     -0.23  0.        2325.382       3163.792       7131.056    0.000  -0.138   0.380   0.
  2017 352 11 46 13 492 352.490433941      -0.60      1.39     -0.28  0.        2324.180       3165.238       7131.736    0.000  -0.138   0.380   0.
  2017 352 11 46 14 492 352.490445515      -0.57      1.29     -0.38  0.        2322.979       3166.684       7132.415    0.000  -0.138   0.379   0.
  2017 352 11 46 15 492 352.490457089      -0.71      1.30     -0.42  0.        2321.777       3168.129       7133.093    0.000  -0.138   0.379   0.
  2017 352 11 46 16 492 352.490468663      -0.69      1.31     -0.43  0.        2320.575       3169.574       7133.771    0.000  -0.138   0.379   0.
  2017 352 11 46 17 492 352.490480237      -0.65      1.28     -0.41  0.        2319.372       3171.019       7134.448    0.000  -0.138   0.379   0.
  2017 352 11 46 18 492 352.490491811      -0.63      1.23     -0.36  0.        2318.170       3172.464       7135.124    0.000  -0.138   0.379   0.
  2017 352 11 46 19 492 352.490503385      -0.62      1.26     -0.27  0.        2316.967       3173.908       7135.800    0.000  -0.138   0.379   0.
  2017 352 11 46 20 492 352.490514960      -0.56      1.21     -0.38  0.        2315.764       3175.352       7136.476    0.000  -0.138   0.379   0.
  2017 352 11 46 21 492 352.490526534      -0.69      1.05     -0.38  0.        2314.561       3176.796       7137.151    0.000  -0.138   0.379   0.
  2017 352 11 46 22 492 352.490538108      -0.79      1.14     -0.19  0.        2313.358       3178.240       7137.825    0.000  -0.138   0.379   0.
  2017 352 11 46 23 492 352.490549682      -0.80      1.29     -0.12  0.        2312.155       3179.683       7138.499    0.000  -0.138   0.379   0.
  2017 352 11 46 24 492 352.490561253      -0.72      1.39     -0.10  0.        2310.951       3181.126       7139.172    0.000  -0.138   0.379   0.
  2017 352 11 46 25 492 352.490572827      -0.64      1.36     -0.03  0.        2309.747       3182.569       7139.845    0.000  -0.138   0.379   0.
  2017 352 11 46 26 492 352.490584401      -0.64      1.18     -0.26  0.        2308.543       3184.011       7140.517    0.000  -0.138   0.379   0.
  2017 352 11 46 27 492 352.490595975      -0.79      1.16     -0.41  0.        2307.339       3185.454       7141.188    0.000  -0.138   0.379   0.
  2017 352 11 46 28 492 352.490607549      -0.97      1.17     -0.45  0.        2306.135       3186.896       7141.859    0.000  -0.138   0.379   0.
  2017 352 11 46 29 492 352.490619123      -1.06      1.17     -0.42  0.        2304.930       3188.338       7142.529    0.000  -0.138   0.379   0.
  2017 352 11 46 30 492 352.490630697      -0.99      1.16     -0.40  0.        2303.726       3189.779       7143.199    0.000  -0.138   0.379   0.
  2017 352 11 46 31 492 352.490642271      -0.85      1.16     -0.42  0.        2302.521       3191.221       7143.868    0.000  -0.138   0.379   0.
  2017 352 11 46 32 492 352.490653845      -0.96      1.12     -0.43  0.        2301.316       3192.662       7144.537    0.000  -0.138   0.380   0.
  2017 352 11 46 33 492 352.490665420      -0.82      1.26     -0.23  0.        2300.111       3194.103       7145.205    0.000  -0.138   0.380   0.
  2017 352 11 46 34 492 352.490676994      -0.91      1.22     -0.28  0.        2298.905       3195.543       7145.873    0.000  -0.138   0.379   0.
  2017 352 11 46 35 492 352.490688568      -0.82      1.22     -0.41  0.        2297.699       3196.983       7146.540    0.000  -0.138   0.379   0.
  2017 352 11 46 36 492 352.490700142      -0.67      1.17     -0.40  0.        2296.494       3198.423       7147.206    0.000  -0.138   0.379   0.
  2017 352 11 46 37 492 352.490711716      -0.62      1.10     -0.46  0.        2295.288       3199.864       7147.872    0.000  -0.138   0.379   0.
  2017 352 11 46 38 492 352.490723290      -0.66      1.09     -0.49  0.        2294.082       3201.303       7148.537    0.000  -0.138   0.379   0.
  2017 352 11 46 39 492 352.490734864      -0.64      1.23     -0.49  0.        2292.875       3202.742       7149.202    0.000  -0.138   0.379   0.
  2017 352 11 46 40 492 352.490746438      -0.73      1.30     -0.46  0.        2291.669       3204.181       7149.866    0.000  -0.138   0.379   0.
  2017 352 11 46 41 492 352.490758012      -0.85      1.20     -0.46  0.        2290.462       3205.620       7150.530    0.000  -0.138   0.379   0.
  2017 352 11 46 42 492 352.490769586      -0.72      1.27     -0.29  0.        2289.255       3207.059       7151.193    0.000  -0.138   0.379   0.
  2017 352 11 46 43 492 352.490781160      -0.99      1.16     -0.45  0.        2288.048       3208.497       7151.855    0.000  -0.138   0.379   0.
  2017 352 11 46 44 492 352.490792734      -0.99      1.27     -0.47  0.        2286.841       3209.935       7152.517    0.000  -0.138   0.379   0.
  2017 352 11 46 45 492 352.490804308      -0.87      1.19     -0.38  0.        2285.634       3211.373       7153.179    0.000  -0.138   0.379   0.
  2017 352 11 46 46 492 352.490815883      -0.85      1.25     -0.46  0.        2284.426       3212.810       7153.839    0.000  -0.138   0.380   0.
  2017 352 11 46 47 492 352.490827457      -0.90      1.22     -0.22  0.        2283.218       3214.248       7154.500    0.000  -0.138   0.380   0.
  2017 352 11 46 48 492 352.490839031      -0.92      1.13     -0.24  0.        2282.010       3215.685       7155.159    0.000  -0.138   0.380   0.
  2017 352 11 46 49 492 352.490850605      -0.97      1.22     -0.29  0.        2280.802       3217.122       7155.818    0.000  -0.138   0.380   0.
  2017 352 11 46 50 492 352.490862179      -0.94      1.20     -0.33  0.        2279.594       3218.558       7156.477    0.000  -0.138   0.380   0.
  2017 352 11 46 51 492 352.490873753      -0.86      1.12     -0.34  0.        2278.386       3219.994       7157.135    0.000  -0.138   0.380   0.
  2017 352 11 46 52 492 352.490885327      -0.93      1.13     -0.41  0.        2277.177       3221.431       7157.792    0.000  -0.138   0.379   0.
  2017 352 11 46 53 491 352.490896901      -0.94      1.12     -0.43  0.        2275.968       3222.866       7158.449    0.000  -0.138   0.379   0.
  2017 352 11 46 54 491 352.490908472      -1.08      1.11     -0.51  0.        2274.759       3224.302       7159.105    0.000  -0.138   0.380   0.
  2017 352 11 46 55 491 352.490920046      -1.09      1.06     -0.47  0.        2273.550       3225.737       7159.761    0.000  -0.138   0.380   0.
  2017 352 11 46 56 492 352.490931620      -1.06      1.10     -0.49  0.        2272.341       3227.172       7160.416    0.000  -0.138   0.379   0.
  2017 352 11 46 57 492 352.490943194      -0.96      1.13     -0.53  0.        2271.131       3228.607       7161.071    0.000  -0.138   0.379   0.
  2017 352 11 46 58 491 352.490954769      -1.00      1.15     -0.49  0.        2269.921       3230.041       7161.725    0.000  -0.138   0.379   0.
  2017 352 11 46 59 491 352.490966343      -0.96      1.19     -0.42  0.        2268.711       3231.476       7162.379    0.000  -0.138   0.379   0.
  2017 352 11 47  0 492 352.490977917      -0.96      1.14     -0.42  0.        2267.501       3232.910       7163.032    0.000  -0.138   0.380   0.
  2017 352 11 47  1 492 352.490989491      -0.97      1.16     -0.42  0.        2266.291       3234.344       7163.684    0.000  -0.138   0.380   0.
  2017 352 11 47  2 492 352.491001065      -0.92      1.25     -0.42  0.        2265.081       3235.777       7164.336    0.000  -0.138   0.379   0.
  2017 352 11 47  3 492 352.491012639      -0.89      1.22     -0.40  0.        2263.870       3237.210       7164.987    0.000  -0.138   0.379   0.
  2017 352 11 47  4 492 352.491024213      -0.83      1.18     -0.46  0.        2262.659       3238.643       7165.638    0.000  -0.138   0.380   0.
  2017 352 11 47  5 491 352.491035787      -0.75      1.18     -0.55  0.        2261.448       3240.076       7166.288    0.000  -0.138   0.380   0.
  2017 352 11 47  6 491 352.491047361      -0.67      1.20     -0.57  0.        2260.237       3241.509       7166.938    0.000  -0.138   0.380   0.
  2017 352 11 47  7 491 352.491058935      -0.67      1.27     -0.48  0.        2259.026       3242.941       7167.586    0.000  -0.138   0.380   0.
  2017 352 11 47  8 491 352.491070509      -0.59      1.32     -0.41  0.        2257.814       3244.373       7168.235    0.000  -0.138   0.379   0.
  2017 352 11 47  9 491 352.491082083      -0.46      1.32     -0.48  0.        2256.603       3245.805       7168.883    0.000  -0.138   0.379   0.
  2017 352 11 47 10 492 352.491093657      -0.45      1.13     -0.65  0.        2255.391       3247.236       7169.530    0.000  -0.138   0.379   0.
  2017 352 11 47 11 492 352.491105231      -0.59      1.01     -0.58  0.        2254.179       3248.667       7170.177    0.000  -0.138   0.379   0.
  2017 352 11 47 12 491 352.491116806      -0.65      1.13     -0.47  0.        2252.967       3250.098       7170.823    0.000  -0.138   0.379   0.
  2017 352 11 47 13 491 352.491128380      -0.54      1.21     -0.50  0.        2251.754       3251.529       7171.469    0.000  -0.138   0.379   0.
  2017 352 11 47 14 492 352.491139954      -0.52      1.24     -0.51  0.        2250.542       3252.960       7172.114    0.000  -0.138   0.379   0.
  2017 352 11 47 15 492 352.491151528      -0.63      1.18     -0.47  0.        2249.329       3254.390       7172.759    0.000  -0.138   0.379   0.
  2017 352 11 47 16 492 352.491163102      -0.63      1.17     -0.38  0.        2248.116       3255.820       7173.403    0.000  -0.138   0.379   0.
  2017 352 11 47 17 492 352.491174676      -0.58      1.24     -0.44  0.        2246.903       3257.250       7174.046    0.000  -0.138   0.379   0.
  2017 352 11 47 18 491 352.491186250      -0.52      1.23     -0.40  0.        2245.690       3258.679       7174.689    0.000  -0.138   0.380   0.
  2017 352 11 47 19 491 352.491197824      -0.60      1.21     -0.47  0.        2244.476       3260.108       7175.331    0.000  -0.138   0.380   0.
  2017 352 11 47 20 491 352.491209398      -0.69      1.13     -0.49  0.        2243.263       3261.537       7175.973    0.000  -0.138   0.379   0.
  2017 352 11 47 21 491 352.491220972      -0.48      1.22     -0.24  0.        2242.049       3262.966       7176.614    0.000  -0.138   0.379   0.
  2017 352 11 47 22 491 352.491232546      -0.56      1.25     -0.42  0.        2240.835       3264.395       7177.255    0.000  -0.138   0.380   0.
  2017 352 11 47 23 492 352.491244120      -0.57      1.22     -0.44  0.        2239.621       3265.823       7177.895    0.000  -0.138   0.380   0.
  2017 352 11 47 24 491 352.491255692      -0.48      1.20     -0.45  0.        2238.407       3267.251       7178.534    0.000  -0.138   0.379   0.
  2017 352 11 47 25 491 352.491267266      -0.46      1.15     -0.44  0.        2237.192       3268.678       7179.173    0.000  -0.138   0.379   0.
  2017 352 11 47 26 491 352.491278840      -0.50      1.12     -0.44  0.        2235.978       3270.106       7179.812    0.000  -0.138   0.379   0.
  2017 352 11 47 27 491 352.491290414      -0.52      1.15     -0.43  0.        2234.763       3271.533       7180.450    0.000  -0.138   0.379   0.
  2017 352 11 47 28 491 352.491301988      -0.55      1.21     -0.49  0.        2233.548       3272.960       7181.087    0.000  -0.138   0.379   0.
  2017 352 11 47 29 491 352.491313562      -0.47      1.25     -0.46  0.        2232.333       3274.387       7181.724    0.000  -0.138   0.379   0.
  2017 352 11 47 30 491 352.491325136      -0.52      1.26     -0.44  0.        2231.117       3275.813       7182.360    0.000  -0.138   0.379   0.
  2017 352 11 47 31 491 352.491336710      -0.62      1.21     -0.39  0.        2229.902       3277.239       7182.995    0.000  -0.138   0.379   0.
  2017 352 11 47 32 491 352.491348284      -0.63      1.12     -0.31  0.        2228.686       3278.665       7183.630    0.000  -0.138   0.379   0.
  2017 352 11 47 33 491 352.491359858      -0.54      1.17     -0.29  0.        2227.470       3280.091       7184.265    0.000  -0.138   0.379   0.
  2017 352 11 47 34 491 352.491371432      -0.46      1.20     -0.24  0.        2226.254       3281.516       7184.899    0.000  -0.138   0.379   0.
  2017 352 11 47 35 491 352.491383006      -0.44      1.23     -0.19  0.        2225.038       3282.942       7185.532    0.000  -0.138   0.379   0.
  2017 352 11 47 36 491 352.491394580      -0.47      1.13     -0.21  0.        2223.822       3284.366       7186.165    0.000  -0.138   0.379   0.
  2017 352 11 47 37 491 352.491406154      -0.44      1.13     -0.19  0.        2222.605       3285.791       7186.797    0.000  -0.138   0.379   0.
  2017 352 11 47 38 491 352.491417729      -0.53      1.13     -0.30  0.        2221.389       3287.216       7187.429    0.000  -0.138   0.379   0.
  2017 352 11 47 39 491 352.491429303      -0.57      1.09     -0.36  0.        2220.172       3288.639       7188.060    0.000  -0.138   0.379   0.
  2017 352 11 47 40 491 352.491440877      -0.53      1.10     -0.40  0.        2218.955       3290.064       7188.691    0.000  -0.138   0.379   0.
  2017 352 11 47 41 491 352.491452451      -0.53      1.02     -0.49  0.        2217.738       3291.487       7189.321    0.000  -0.138   0.379   0.
  2017 352 11 47 42 491 352.491464025      -0.53      1.08     -0.53  0.        2216.520       3292.911       7189.950    0.000  -0.138   0.379   0.
  2017 352 11 47 43 491 352.491475599      -0.54      1.12     -0.52  0.        2215.303       3294.334       7190.579    0.000  -0.138   0.379   0.
  2017 352 11 47 44 491 352.491487173      -0.58      1.21     -0.47  0.        2214.085       3295.757       7191.208    0.000  -0.138   0.379   0.
  2017 352 11 47 45 491 352.491498747      -0.53      1.21     -0.49  0.        2212.867       3297.179       7191.836    0.000  -0.138   0.379   0.
  2017 352 11 47 46 491 352.491510321      -0.53      1.19     -0.45  0.        2211.649       3298.602       7192.463    0.000  -0.138   0.379   0.
  2017 352 11 47 47 491 352.491521895      -0.47      1.19     -0.44  0.        2210.431       3300.024       7193.090    0.000  -0.138   0.379   0.
  2017 352 11 47 48 491 352.491533469      -0.40      1.26     -0.37  0.        2209.212       3301.446       7193.716    0.000  -0.138   0.380   0.
  2017 352 11 47 49 491 352.491545043      -0.37      1.22     -0.35  0.        2207.994       3302.867       7194.342    0.000  -0.138   0.380   0.
  2017 352 11 47 50 491 352.491556617      -0.51      1.21     -0.38  0.        2206.775       3304.289       7194.967    0.000  -0.138   0.379   0.
  2017 352 11 47 51 491 352.491568192      -0.72      1.09     -0.59  0.        2205.556       3305.710       7195.591    0.000  -0.138   0.379   0.
  2017 352 11 47 52 491 352.491579766      -0.62      1.29     -0.37  0.        2204.337       3307.131       7196.215    0.000  -0.138   0.379   0.
  2017 352 11 47 53 491 352.491591340      -0.66      1.27     -0.21  0.        2203.118       3308.551       7196.838    0.000  -0.138   0.379   0.
  2017 352 11 47 54 491 352.491602911      -0.54      1.25     -0.40  0.        2201.898       3309.972       7197.461    0.000  -0.138   0.380   0.
  2017 352 11 47 55 491 352.491614485      -0.39      1.19     -0.57  0.        2200.679       3311.392       7198.084    0.000  -0.138   0.380   0.
  2017 352 11 47 56 491 352.491626059      -0.42      1.17     -0.49  0.        2199.459       3312.812       7198.705    0.000  -0.138   0.380   0.
  2017 352 11 47 57 491 352.491637633      -0.28      1.22     -0.46  0.        2198.239       3314.231       7199.326    0.000  -0.138   0.380   0.
  2017 352 11 47 58 491 352.491649207      -0.36      1.29     -0.53  0.        2197.019       3315.650       7199.947    0.000  -0.138   0.380   0.
  2017 352 11 47 59 491 352.491660781      -0.28      1.28     -0.52  0.        2195.799       3317.069       7200.567    0.000  -0.138   0.380   0.
  2017 352 11 48  0 491 352.491672355      -0.22      1.15     -0.64  0.        2194.578       3318.488       7201.187    0.000  -0.138   0.380   0.
  2017 352 11 48  1 491 352.491683929      -0.25      1.02     -0.63  0.        2193.358       3319.907       7201.806    0.000  -0.138   0.380   0.
  2017 352 11 48  2 491 352.491695503      -0.23      1.06     -0.61  0.        2192.137       3321.325       7202.424    0.000  -0.138   0.380   0.
  2017 352 11 48  3 491 352.491707078      -0.28      0.98     -0.65  0.        2190.916       3322.743       7203.042    0.000  -0.138   0.380   0.
  2017 352 11 48  4 491 352.491718652      -0.39      1.00     -0.61  0.        2189.695       3324.161       7203.659    0.000  -0.138   0.379   0.
  2017 352 11 48  5 491 352.491730226      -0.48      1.09     -0.62  0.        2188.473       3325.579       7204.276    0.000  -0.138   0.379   0.
  2017 352 11 48  6 491 352.491741800      -0.55      1.06     -0.56  0.        2187.252       3326.996       7204.892    0.000  -0.138   0.380   0.
  2017 352 11 48  7 491 352.491753374      -0.59      1.03     -0.55  0.        2186.030       3328.413       7205.508    0.000  -0.138   0.380   0.
  2017 352 11 48  8 491 352.491764948      -0.60      1.13     -0.48  0.        2184.809       3329.830       7206.123    0.000  -0.138   0.379   0.
  2017 352 11 48  9 491 352.491776522      -0.50      1.11     -0.49  0.        2183.587       3331.246       7206.738    0.000  -0.138   0.379   0.
  2017 352 11 48 10 491 352.491788096      -0.47      1.11     -0.57  0.        2182.364       3332.662       7207.351    0.000  -0.138   0.379   0.
  2017 352 11 48 11 491 352.491799670      -0.49      1.11     -0.56  0.        2181.142       3334.079       7207.965    0.000  -0.138   0.379   0.
  2017 352 11 48 12 491 352.491811244      -0.40      1.12     -0.64  0.        2179.920       3335.494       7208.578    0.000  -0.138   0.379   0.
  2017 352 11 48 13 491 352.491822818      -0.37      1.23     -0.65  0.        2178.697       3336.910       7209.190    0.000  -0.138   0.379   0.
  2017 352 11 48 14 491 352.491834392      -0.27      1.29     -0.58  0.        2177.474       3338.325       7209.802    0.000  -0.138   0.380   0.
  2017 352 11 48 15 491 352.491845966      -0.13      1.31     -0.46  0.        2176.251       3339.740       7210.413    0.000  -0.138   0.380   0.
  2017 352 11 48 16 491 352.491857541      -0.03      1.24     -0.33  0.        2175.028       3341.155       7211.024    0.000  -0.138   0.379   0.
  2017 352 11 48 17 491 352.491869115      -0.17      1.10     -0.32  0.        2173.805       3342.569       7211.634    0.000  -0.138   0.379   0.
  2017 352 11 48 18 491 352.491880689      -0.23      1.11     -0.40  0.        2172.582       3343.984       7212.243    0.000  -0.138   0.380   0.
  2017 352 11 48 19 491 352.491892263      -0.22      1.19     -0.37  0.        2171.358       3345.398       7212.852    0.000  -0.138   0.380   0.
  2017 352 11 48 20 491 352.491903837      -0.37      1.26     -0.44  0.        2170.134       3346.811       7213.461    0.000  -0.138   0.380   0.
  2017 352 11 48 21 491 352.491915411      -0.40      1.28     -0.43  0.        2168.910       3348.225       7214.069    0.000  -0.138   0.380   0.
  2017 352 11 48 22 491 352.491926985      -0.35      1.28     -0.34  0.        2167.686       3349.638       7214.676    0.000  -0.138   0.379   0.
  2017 352 11 48 23 491 352.491938559      -0.19      1.31     -0.51  0.        2166.462       3351.051       7215.283    0.000  -0.138   0.379   0.
  2017 352 11 48 24 491 352.491950130      -0.24      1.19     -0.75  0.        2165.237       3352.464       7215.889    0.000  -0.138   0.380   0.
  2017 352 11 48 25 491 352.491961704      -0.19      1.08     -0.85  0.        2164.013       3353.876       7216.495    0.000  -0.138   0.380   0.
  2017 352 11 48 26 491 352.491973278      -0.41      1.00     -0.77  0.        2162.788       3355.288       7217.100    0.000  -0.138   0.380   0.
  2017 352 11 48 27 491 352.491984852      -0.48      1.08     -0.66  0.        2161.563       3356.700       7217.705    0.000  -0.138   0.380   0.
  2017 352 11 48 28 491 352.491996427      -0.47      1.07     -0.66  0.        2160.338       3358.112       7218.309    0.000  -0.138   0.379   0.
  2017 352 11 48 29 491 352.492008001      -0.45      1.07     -0.66  0.        2159.113       3359.523       7218.912    0.000  -0.138   0.379   0.
  2017 352 11 48 30 491 352.492019575      -0.48      1.06     -0.64  0.        2157.887       3360.934       7219.515    0.000  -0.138   0.380   0.
  2017 352 11 48 31 491 352.492031149      -0.34      1.15     -0.56  0.        2156.662       3362.345       7220.118    0.000  -0.138   0.380   0.
  2017 352 11 48 32 491 352.492042723      -0.32      1.12     -0.48  0.        2155.436       3363.756       7220.720    0.000  -0.138   0.380   0.
  2017 352 11 48 33 491 352.492054297      -0.37      1.05     -0.67  0.        2154.210       3365.166       7221.321    0.000  -0.138   0.380   0.
  2017 352 11 48 34 491 352.492065871      -0.38      1.09     -0.80  0.        2152.984       3366.577       7221.922    0.000  -0.138   0.380   0.
  2017 352 11 48 35 491 352.492077445      -0.40      1.12     -0.72  0.        2151.758       3367.986       7222.522    0.000  -0.138   0.380   0.
  2017 352 11 48 36 491 352.492089019      -0.24      1.20     -0.59  0.        2150.531       3369.396       7223.122    0.000  -0.138   0.380   0.
  2017 352 11 48 37 491 352.492100593      -0.34      1.15     -0.47  0.        2149.305       3370.805       7223.721    0.000  -0.138   0.380   0.
  2017 352 11 48 38 491 352.492112167      -0.48      1.13     -0.57  0.        2148.078       3372.215       7224.319    0.000  -0.138   0.379   0.
  2017 352 11 48 39 491 352.492123741      -0.49      1.13     -0.54  0.        2146.851       3373.623       7224.917    0.000  -0.138   0.379   0.
  2017 352 11 48 40 491 352.492135315      -0.41      1.20     -0.47  0.        2145.624       3375.032       7225.515    0.000  -0.138   0.379   0.
  2017 352 11 48 41 491 352.492146889      -0.46      1.17     -0.45  0.        2144.397       3376.440       7226.112    0.000  -0.138   0.379   0.
  2017 352 11 48 42 491 352.492158464      -0.51      1.13     -0.40  0.        2143.169       3377.849       7226.708    0.000  -0.138   0.380   0.
  2017 352 11 48 43 491 352.492170038      -0.57      1.09     -0.41  0.        2141.942       3379.256       7227.304    0.000  -0.138   0.380   0.
  2017 352 11 48 44 491 352.492181612      -0.55      1.15     -0.38  0.        2140.714       3380.664       7227.899    0.000  -0.138   0.379   0.
  2017 352 11 48 45 491 352.492193186      -0.57      1.23     -0.45  0.        2139.486       3382.071       7228.494    0.000  -0.138   0.379   0.
  2017 352 11 48 46 491 352.492204760      -0.58      1.29     -0.37  0.        2138.258       3383.478       7229.088    0.000  -0.138   0.380   0.
  2017 352 11 48 47 491 352.492216334      -0.65      1.33     -0.33  0.        2137.030       3384.885       7229.682    0.000  -0.138   0.380   0.
  2017 352 11 48 48 491 352.492227908      -0.94      1.20     -0.56  0.        2135.801       3386.292       7230.275    0.000  -0.138   0.380   0.
  2017 352 11 48 49 491 352.492239482      -0.97      1.23     -0.66  0.        2134.573       3387.698       7230.867    0.000  -0.138   0.380   0.
  2017 352 11 48 50 491 352.492251056      -0.84      1.40     -0.37  0.        2133.344       3389.104       7231.459    0.000  -0.138   0.379   0.
  2017 352 11 48 51 491 352.492262630      -0.79      1.32     -0.44  0.        2132.115       3390.510       7232.051    0.000  -0.138   0.379   0.
  2017 352 11 48 52 491 352.492274204      -0.66      1.28     -0.44  0.        2130.886       3391.915       7232.642    0.000  -0.138   0.380   0.
  2017 352 11 48 53 491 352.492285778      -0.41      1.33     -0.15  0.        2129.657       3393.321       7233.232    0.000  -0.138   0.380   0.
  2017 352 11 48 54 490 352.492297350      -0.44      1.29     -0.41  0.        2128.428       3394.726       7233.822    0.000  -0.138   0.379   0.
  2017 352 11 48 55 490 352.492308924      -0.42      1.26     -0.54  0.        2127.198       3396.130       7234.411    0.000  -0.138   0.379   0.
  2017 352 11 48 56 491 352.492320498      -0.38      1.28     -0.56  0.        2125.969       3397.535       7235.000    0.000  -0.138   0.379   0.
  2017 352 11 48 57 491 352.492332072      -0.25      1.32     -0.42  0.        2124.739       3398.939       7235.588    0.000  -0.138   0.379   0.
  2017 352 11 48 58 491 352.492343646      -0.34      1.29     -0.37  0.        2123.509       3400.343       7236.175    0.000  -0.138   0.380   0.
  2017 352 11 48 59 491 352.492355220      -0.32      1.25     -0.28  0.        2122.279       3401.747       7236.762    0.000  -0.138   0.380   0.
  2017 352 11 49  0 491 352.492366794      -0.30      1.25     -0.34  0.        2121.048       3403.150       7237.349    0.000  -0.138   0.379   0.
  2017 352 11 49  1 490 352.492378368      -0.33      1.21     -0.35  0.        2119.818       3404.554       7237.935    0.000  -0.138   0.379   0.
  2017 352 11 49  2 490 352.492389942      -0.43      1.23     -0.33  0.        2118.587       3405.957       7238.520    0.000  -0.138   0.379   0.
  2017 352 11 49  3 490 352.492401516      -0.37      1.29     -0.24  0.        2117.356       3407.359       7239.105    0.000  -0.138   0.379   0.
  2017 352 11 49  4 490 352.492413090      -0.42      1.30     -0.23  0.        2116.125       3408.762       7239.689    0.000  -0.138   0.380   0.
  2017 352 11 49  5 491 352.492424664      -0.35      1.30     -0.22  0.        2114.894       3410.164       7240.273    0.000  -0.138   0.380   0.
  2017 352 11 49  6 491 352.492436238      -0.30      1.30     -0.15  0.        2113.663       3411.566       7240.857    0.000  -0.138   0.380   0.
  2017 352 11 49  7 491 352.492447813      -0.33      1.36     -0.13  0.        2112.432       3412.968       7241.439    0.000  -0.138   0.380   0.
  2017 352 11 49  8 490 352.492459387      -0.17      1.37     -0.11  0.        2111.200       3414.369       7242.021    0.000  -0.138   0.379   0.
  2017 352 11 49  9 490 352.492470961       0.06      1.32     -0.11  0.        2109.968       3415.770       7242.603    0.000  -0.138   0.379   0.
  2017 352 11 49 10 491 352.492482535       0.02      1.31     -0.32  0.        2108.736       3417.171       7243.184    0.000  -0.138   0.380   0.
  2017 352 11 49 11 491 352.492494109      -0.11      1.25     -0.54  0.        2107.505       3418.572       7243.764    0.000  -0.138   0.380   0.
  2017 352 11 49 12 491 352.492505683      -0.18      1.35     -0.46  0.        2106.272       3419.972       7244.344    0.000  -0.138   0.379   0.
  2017 352 11 49 13 491 352.492517257      -0.14      1.39     -0.45  0.        2105.040       3421.372       7244.924    0.000  -0.138   0.379   0.
  2017 352 11 49 14 490 352.492528831      -0.20      1.35     -0.44  0.        2103.807       3422.772       7245.503    0.000  -0.138   0.380   0.
  2017 352 11 49 15 490 352.492540405      -0.17      1.33     -0.42  0.        2102.575       3424.172       7246.081    0.000  -0.138   0.380   0.
  2017 352 11 49 16 490 352.492551979      -0.07      1.24     -0.33  0.        2101.342       3425.571       7246.659    0.000  -0.138   0.380   0.
  2017 352 11 49 17 490 352.492563553      -0.15      1.24     -0.40  0.        2100.109       3426.970       7247.236    0.000  -0.138   0.380   0.
  2017 352 11 49 18 490 352.492575127      -0.25      1.24     -0.57  0.        2098.876       3428.369       7247.813    0.000  -0.138   0.380   0.
  2017 352 11 49 19 491 352.492586701      -0.35      1.24     -0.44  0.        2097.642       3429.768       7248.389    0.000  -0.138   0.380   0.
  2017 352 11 49 20 491 352.492598275      -0.27      1.18     -0.41  0.        2096.409       3431.166       7248.964    0.000  -0.138   0.380   0.
  2017 352 11 49 21 490 352.492609850      -0.21      1.15     -0.63  0.        2095.175       3432.564       7249.539    0.000  -0.138   0.380   0.
  2017 352 11 49 22 490 352.492621424      -0.30      1.24     -0.38  0.        2093.941       3433.962       7250.114    0.000  -0.138   0.379   0.
  2017 352 11 49 23 491 352.492632998      -0.39      1.28     -0.36  0.        2092.707       3435.360       7250.688    0.000  -0.138   0.379   0.
  2017 352 11 49 24 490 352.492644569      -0.32      1.27     -0.32  0.        2091.473       3436.757       7251.261    0.000  -0.138   0.380   0.
  2017 352 11 49 25 490 352.492656143      -0.07      1.31     -0.29  0.        2090.239       3438.154       7251.834    0.000  -0.138   0.380   0.
  2017 352 11 49 26 490 352.492667717       0.01      1.31     -0.34  0.        2089.005       3439.551       7252.406    0.000  -0.138   0.380   0.
  2017 352 11 49 27 490 352.492679291      -0.00      1.31     -0.40  0.        2087.770       3440.947       7252.978    0.000  -0.138   0.380   0.
  2017 352 11 49 28 490 352.492690865      -0.02      1.26     -0.42  0.        2086.535       3442.344       7253.549    0.000  -0.138   0.379   0.
  2017 352 11 49 29 490 352.492702439      -0.10      1.27     -0.44  0.        2085.300       3443.740       7254.120    0.000  -0.138   0.379   0.
  2017 352 11 49 30 490 352.492714013      -0.16      1.21     -0.29  0.        2084.065       3445.135       7254.690    0.000  -0.138   0.380   0.
  2017 352 11 49 31 490 352.492725587      -0.18      1.23     -0.51  0.        2082.830       3446.531       7255.260    0.000  -0.138   0.380   0.
  2017 352 11 49 32 490 352.492737161      -0.52      1.24     -0.40  0.        2081.595       3447.926       7255.829    0.000  -0.138   0.380   0.
  2017 352 11 49 33 490 352.492748736      -0.53      1.24     -0.22  0.        2080.359       3449.321       7256.397    0.000  -0.138   0.380   0.
  2017 352 11 49 34 490 352.492760310      -0.50      1.21     -0.28  0.        2079.124       3450.716       7256.965    0.000  -0.138   0.379   0.
  2017 352 11 49 35 490 352.492771884      -0.47      1.31     -0.28  0.        2077.888       3452.110       7257.533    0.000  -0.138   0.379   0.
  2017 352 11 49 36 490 352.492783458      -0.06      1.47     -0.30  0.        2076.652       3453.505       7258.100    0.000  -0.138   0.380   0.
  2017 352 11 49 37 490 352.492795032      -0.05      1.38     -0.29  0.        2075.416       3454.899       7258.666    0.000  -0.138   0.380   0.
  2017 352 11 49 38 490 352.492806606      -0.17      1.37     -0.31  0.        2074.179       3456.292       7259.232    0.000  -0.138   0.380   0.
  2017 352 11 49 39 490 352.492818180      -0.22      1.39     -0.20  0.        2072.943       3457.686       7259.797    0.000  -0.138   0.380   0.
  2017 352 11 49 40 490 352.492829754      -0.14      1.37     -0.23  0.        2071.706       3459.079       7260.362    0.000  -0.138   0.379   0.
  2017 352 11 49 41 490 352.492841328      -0.18      1.30     -0.43  0.        2070.469       3460.472       7260.926    0.000  -0.138   0.379   0.
  2017 352 11 49 42 490 352.492852902      -0.15      1.26     -0.61  0.        2069.233       3461.865       7261.490    0.000  -0.138   0.379   0.
  2017 352 11 49 43 490 352.492864476      -0.07      1.32     -0.53  0.        2067.996       3463.257       7262.053    0.000  -0.138   0.379   0.
  2017 352 11 49 44 490 352.492876050      -0.03      1.40     -0.44  0.        2066.758       3464.649       7262.615    0.000  -0.138   0.380   0.
  2017 352 11 49 45 490 352.492887624      -0.08      1.41     -0.44  0.        2065.521       3466.041       7263.177    0.000  -0.138   0.380   0.
  2017 352 11 49 46 490 352.492899198      -0.23      1.32     -0.55  0.        2064.283       3467.433       7263.739    0.000  -0.138   0.380   0.
  2017 352 11 49 47 490 352.492910773      -0.21      1.39     -0.51  0.        2063.046       3468.824       7264.300    0.000  -0.138   0.380   0.
  2017 352 11 49 48 490 352.492922347      -0.26      1.32     -0.44  0.        2061.808       3470.215       7264.860    0.000  -0.138   0.379   0.
  2017 352 11 49 49 490 352.492933921      -0.25      1.37     -0.49  0.        2060.570       3471.606       7265.420    0.000  -0.138   0.379   0.
  2017 352 11 49 50 490 352.492945495      -0.19      1.33     -0.55  0.        2059.332       3472.997       7265.979    0.000  -0.138   0.379   0.
  2017 352 11 49 51 490 352.492957069      -0.29      1.28     -0.62  0.        2058.093       3474.387       7266.538    0.000  -0.138   0.379   0.
  2017 352 11 49 52 490 352.492968643      -0.47      1.31     -0.63  0.        2056.855       3475.777       7267.096    0.000  -0.138   0.380   0.
  2017 352 11 49 53 490 352.492980217      -0.55      1.46     -0.50  0.        2055.616       3477.167       7267.654    0.000  -0.138   0.380   0.
  2017 352 11 49 54 490 352.492991788      -0.46      1.49     -0.36  0.        2054.378       3478.556       7268.211    0.000  -0.138   0.380   0.
  2017 352 11 49 55 490 352.493003362      -0.14      1.45     -0.40  0.        2053.139       3479.946       7268.767    0.000  -0.138   0.380   0.
  2017 352 11 49 56 490 352.493014936       0.04      1.27     -0.71  0.        2051.900       3481.335       7269.324    0.000  -0.138   0.380   0.
  2017 352 11 49 57 490 352.493026510      -0.05      1.10     -0.78  0.        2050.660       3482.724       7269.879    0.000  -0.138   0.380   0.
  2017 352 11 49 58 490 352.493038084      -0.40      1.11     -0.79  0.        2049.421       3484.112       7270.434    0.000  -0.138   0.379   0.
  2017 352 11 49 59 490 352.493049659      -0.50      1.26     -0.67  0.        2048.182       3485.501       7270.988    0.000  -0.138   0.379   0.
  2017 352 11 50  0 490 352.493061233      -0.58      1.31     -0.51  0.        2046.942       3486.889       7271.542    0.000  -0.138   0.380   0.
  2017 352 11 50  1 490 352.493072807      -0.46      1.38     -0.43  0.        2045.702       3488.276       7272.096    0.000  -0.138   0.380   0.
  2017 352 11 50  2 490 352.493084381      -0.39      1.32     -0.61  0.        2044.462       3489.664       7272.648    0.000  -0.138   0.380   0.
  2017 352 11 50  3 490 352.493095955      -0.28      1.31     -0.61  0.        2043.222       3491.051       7273.201    0.000  -0.138   0.380   0.
  2017 352 11 50  4 490 352.493107529      -0.36      1.29     -0.61  0.        2041.982       3492.438       7273.752    0.000  -0.138   0.379   0.
  2017 352 11 50  5 490 352.493119103      -0.61      1.36     -0.45  0.        2040.741       3493.825       7274.304    0.000  -0.138   0.379   0.
  2017 352 11 50  6 490 352.493130677      -0.60      1.34     -0.44  0.        2039.501       3495.211       7274.854    0.000  -0.138   0.379   0.
  2017 352 11 50  7 490 352.493142251      -0.56      1.26     -0.63  0.        2038.260       3496.598       7275.404    0.000  -0.138   0.379   0.
  2017 352 11 50  8 490 352.493153825      -0.48      1.32     -0.57  0.        2037.019       3497.983       7275.954    0.000  -0.138   0.380   0.
  2017 352 11 50  9 490 352.493165399      -0.37      1.26     -0.47  0.        2035.778       3499.369       7276.503    0.000  -0.138   0.380   0.
  2017 352 11 50 10 490 352.493176973      -0.28      1.30     -0.55  0.        2034.537       3500.755       7277.051    0.000  -0.138   0.379   0.
  2017 352 11 50 11 490 352.493188548      -0.27      1.23     -0.56  0.        2033.296       3502.140       7277.599    0.000  -0.138   0.379   0.
  2017 352 11 50 12 490 352.493200122      -0.41      1.23     -0.51  0.        2032.054       3503.525       7278.147    0.000  -0.138   0.380   0.
  2017 352 11 50 13 490 352.493211696      -0.44      1.35     -0.35  0.        2030.812       3504.909       7278.694    0.000  -0.138   0.380   0.
  2017 352 11 50 14 490 352.493223270      -0.46      1.31     -0.27  0.        2029.571       3506.294       7279.240    0.000  -0.138   0.380   0.
  2017 352 11 50 15 490 352.493234844      -0.53      1.33     -0.29  0.        2028.329       3507.678       7279.786    0.000  -0.138   0.380   0.
  2017 352 11 50 16 490 352.493246418      -0.51      1.43     -0.31  0.        2027.087       3509.062       7280.331    0.000  -0.138   0.380   0.
  2017 352 11 50 17 490 352.493257992      -0.19      1.64     -0.25  0.        2025.844       3510.445       7280.876    0.000  -0.138   0.380   0.
  2017 352 11 50 18 490 352.493269566       0.13      1.42     -0.50  0.        2024.602       3511.829       7281.419    0.000  -0.138   0.380   0.
  2017 352 11 50 19 490 352.493281140       0.15      1.29     -0.37  0.        2023.359       3513.212       7281.963    0.000  -0.138   0.380   0.
  2017 352 11 50 20 490 352.493292714       0.00      1.26     -0.18  0.        2022.117       3514.595       7282.507    0.000  -0.138   0.380   0.
  2017 352 11 50 21 490 352.493304288      -0.14      1.31     -0.12  0.        2020.874       3515.977       7283.049    0.000  -0.138   0.380   0.
  2017 352 11 50 22 490 352.493315862      -0.08      1.43     -0.10  0.        2019.631       3517.360       7283.591    0.000  -0.138   0.379   0.
  2017 352 11 50 23 490 352.493327436      -0.11      1.36     -0.30  0.        2018.388       3518.742       7284.133    0.000  -0.138   0.379   0.
  2017 352 11 50 24 490 352.493339008      -0.23      1.32     -0.33  0.        2017.145       3520.123       7284.674    0.000  -0.138   0.380   0.
  2017 352 11 50 25 490 352.493350582      -0.26      1.32     -0.47  0.        2015.901       3521.505       7285.214    0.000  -0.138   0.380   0.
  2017 352 11 50 26 490 352.493362156      -0.37      1.29     -0.39  0.        2014.658       3522.886       7285.754    0.000  -0.138   0.380   0.
  2017 352 11 50 27 490 352.493373730      -0.38      1.32     -0.36  0.        2013.414       3524.267       7286.293    0.000  -0.138   0.380   0.
  2017 352 11 50 28 490 352.493385304      -0.38      1.27     -0.30  0.        2012.170       3525.648       7286.832    0.000  -0.138   0.379   0.
  2017 352 11 50 29 490 352.493396878      -0.28      1.26     -0.23  0.        2010.926       3527.029       7287.370    0.000  -0.138   0.379   0.
  2017 352 11 50 30 490 352.493408452      -0.32      1.36     -0.22  0.        2009.682       3528.409       7287.908    0.000  -0.138   0.380   0.
  2017 352 11 50 31 490 352.493420026      -0.27      1.38     -0.16  0.        2008.437       3529.789       7288.445    0.000  -0.138   0.380   0.
  2017 352 11 50 32 490 352.493431600      -0.14      1.43     -0.17  0.        2007.193       3531.169       7288.982    0.000  -0.138   0.380   0.
  2017 352 11 50 33 490 352.493443174      -0.05      1.39     -0.19  0.        2005.948       3532.548       7289.518    0.000  -0.138   0.380   0.
  2017 352 11 50 34 490 352.493454748      -0.05      1.28     -0.32  0.        2004.704       3533.927       7290.053    0.000  -0.138   0.379   0.
  2017 352 11 50 35 490 352.493466322      -0.01      1.18     -0.43  0.        2003.459       3535.306       7290.588    0.000  -0.138   0.379   0.
  2017 352 11 50 36 490 352.493477896      -0.03      1.24     -0.47  0.        2002.214       3536.685       7291.123    0.000  -0.138   0.380   0.
  2017 352 11 50 37 490 352.493489471       0.17      1.40     -0.56  0.        2000.968       3538.063       7291.657    0.000  -0.138   0.380   0.
  2017 352 11 50 38 490 352.493501045      -0.25      1.33     -0.47  0.        1999.723       3539.442       7292.190    0.000  -0.138   0.380   0.
  2017 352 11 50 39 490 352.493512619      -0.04      1.42     -0.14  0.        1998.478       3540.819       7292.723    0.000  -0.138   0.380   0.
  2017 352 11 50 40 490 352.493524193      -0.18      1.26     -0.36  0.        1997.232       3542.197       7293.256    0.000  -0.138   0.380   0.
  2017 352 11 50 41 490 352.493535767      -0.20      1.18     -0.65  0.        1995.986       3543.574       7293.787    0.000  -0.138   0.380   0.
  2017 352 11 50 42 490 352.493547341      -0.12      1.21     -0.68  0.        1994.740       3544.952       7294.319    0.000  -0.138   0.379   0.
  2017 352 11 50 43 490 352.493558915      -0.16      1.28     -0.36  0.        1993.494       3546.329       7294.849    0.000  -0.138   0.379   0.
  2017 352 11 50 44 490 352.493570489      -0.26      1.26     -0.50  0.        1992.248       3547.705       7295.379    0.000  -0.138   0.380   0.
  2017 352 11 50 45 490 352.493582063      -0.43      1.26     -0.55  0.        1991.001       3549.082       7295.909    0.000  -0.138   0.380   0.
  2017 352 11 50 46 490 352.493593637      -0.26      1.29     -0.28  0.        1989.755       3550.457       7296.438    0.000  -0.138   0.379   0.
  2017 352 11 50 47 490 352.493605211      -0.16      1.37     -0.60  0.        1988.508       3551.833       7296.967    0.000  -0.138   0.379   0.
  2017 352 11 50 48 490 352.493616785      -0.32      1.31     -0.44  0.        1987.261       3553.209       7297.495    0.000  -0.138   0.380   0.
  2017 352 11 50 49 490 352.493628359      -0.24      1.40     -0.37  0.        1986.015       3554.584       7298.022    0.000  -0.138   0.380   0.
  2017 352 11 50 50 490 352.493639933      -0.33      1.48     -0.25  0.        1984.768       3555.959       7298.549    0.000  -0.138   0.380   0.
  2017 352 11 50 51 490 352.493651508      -0.24      1.38     -0.18  0.        1983.520       3557.334       7299.076    0.000  -0.138   0.380   0.
  2017 352 11 50 52 490 352.493663082      -0.25      1.41     -0.23  0.        1982.273       3558.709       7299.602    0.000  -0.138   0.379   0.
  2017 352 11 50 53 490 352.493674655      -0.16      1.57     -0.18  0.        1981.026       3560.083       7300.127    0.000  -0.138   0.379   0.
  2017 352 11 50 54 490 352.493686227       0.18      1.52     -0.23  0.        1979.777       3561.457       7300.652    0.000  -0.138   0.380   0.
  2017 352 11 50 55 490 352.493697801       0.11      1.31     -0.46  0.        1978.530       3562.831       7301.176    0.000  -0.138   0.380   0.
  2017 352 11 50 56 489 352.493709375       0.02      1.28     -0.53  0.        1977.282       3564.204       7301.700    0.000  -0.138   0.380   0.
  2017 352 11 50 57 489 352.493720949       0.05      1.29     -0.51  0.        1976.034       3565.577       7302.223    0.000  -0.138   0.380   0.
  2017 352 11 50 58 489 352.493732523      -0.06      1.16     -0.50  0.        1974.785       3566.950       7302.746    0.000  -0.138   0.380   0.
  2017 352 11 50 59 489 352.493744097      -0.30      1.17     -0.47  0.        1973.537       3568.323       7303.268    0.000  -0.138   0.380   0.
  2017 352 11 51  0 489 352.493755671      -0.35      1.23     -0.34  0.        1972.289       3569.695       7303.790    0.000  -0.138   0.380   0.
  2017 352 11 51  1 490 352.493767245      -0.34      1.22     -0.39  0.        1971.040       3571.068       7304.311    0.000  -0.138   0.380   0.
  2017 352 11 51  2 490 352.493778819      -0.38      1.29     -0.40  0.        1969.791       3572.440       7304.832    0.000  -0.138   0.380   0.
  2017 352 11 51  3 489 352.493790394      -0.30      1.24     -0.31  0.        1968.542       3573.811       7305.352    0.000  -0.138   0.380   0.
  2017 352 11 51  4 489 352.493801968      -0.35      1.19     -0.37  0.        1967.293       3575.183       7305.871    0.000  -0.138   0.379   0.
  2017 352 11 51  5 490 352.493813542      -0.39      1.25     -0.28  0.        1966.043       3576.554       7306.390    0.000  -0.138   0.379   0.
  2017 352 11 51  6 490 352.493825116      -0.37      1.34     -0.30  0.        1964.794       3577.925       7306.909    0.000  -0.138   0.380   0.
  2017 352 11 51  7 490 352.493836690      -0.45      1.32     -0.32  0.        1963.544       3579.295       7307.426    0.000  -0.138   0.380   0.
  2017 352 11 51  8 490 352.493848264      -0.58      1.27     -0.38  0.        1962.295       3580.666       7307.944    0.000  -0.138   0.380   0.
  2017 352 11 51  9 490 352.493859838      -0.73      1.25     -0.37  0.        1961.045       3582.036       7308.461    0.000  -0.138   0.380   0.
  2017 352 11 51 10 489 352.493871412      -0.83      1.32     -0.38  0.        1959.795       3583.406       7308.977    0.000  -0.138   0.379   0.
  2017 352 11 51 11 489 352.493882986      -0.86      1.38     -0.41  0.        1958.545       3584.775       7309.493    0.000  -0.138   0.379   0.
  2017 352 11 51 12 489 352.493894560      -0.82      1.39     -0.30  0.        1957.294       3586.145       7310.008    0.000  -0.138   0.380   0.
  2017 352 11 51 13 489 352.493906134      -0.81      1.43     -0.30  0.        1956.044       3587.514       7310.523    0.000  -0.138   0.380   0.
  2017 352 11 51 14 489 352.493917708      -0.72      1.49     -0.41  0.        1954.793       3588.882       7311.037    0.000  -0.138   0.379   0.
  2017 352 11 51 15 490 352.493929282      -0.36      1.57     -0.30  0.        1953.543       3590.251       7311.551    0.000  -0.138   0.379   0.
  2017 352 11 51 16 490 352.493940857      -0.09      1.52     -0.25  0.        1952.292       3591.619       7312.064    0.000  -0.138   0.379   0.
  2017 352 11 51 17 489 352.493952431       0.04      1.47     -0.31  0.        1951.041       3592.987       7312.576    0.000  -0.138   0.379   0.
  2017 352 11 51 18 489 352.493964005       0.15      1.36     -0.48  0.        1949.790       3594.355       7313.088    0.000  -0.138   0.380   0.
  2017 352 11 51 19 490 352.493975579       0.17      1.27     -0.68  0.        1948.539       3595.722       7313.600    0.000  -0.138   0.380   0.
  2017 352 11 51 20 490 352.493987153       0.18      1.18     -0.61  0.        1947.287       3597.090       7314.111    0.000  -0.138   0.379   0.
  2017 352 11 51 21 490 352.493998727       0.13      1.09     -0.66  0.        1946.036       3598.457       7314.621    0.000  -0.138   0.379   0.
  2017 352 11 51 22 490 352.494010301      -0.05      1.14     -0.72  0.        1944.784       3599.823       7315.131    0.000  -0.138   0.380   0.
  2017 352 11 51 23 489 352.494021875      -0.16      1.21     -0.77  0.        1943.532       3601.190       7315.641    0.000  -0.138   0.380   0.
  2017 352 11 51 24 489 352.494033446      -0.19      1.23     -0.59  0.        1942.280       3602.556       7316.149    0.000  -0.138   0.379   0.
  2017 352 11 51 25 489 352.494045020      -0.13      1.19     -0.53  0.        1941.028       3603.922       7316.658    0.000  -0.138   0.379   0.
  2017 352 11 51 26 489 352.494056594      -0.18      1.22     -0.49  0.        1939.776       3605.288       7317.165    0.000  -0.138   0.379   0.
  2017 352 11 51 27 489 352.494068168      -0.25      1.32     -0.44  0.        1938.523       3606.653       7317.673    0.000  -0.138   0.379   0.
  2017 352 11 51 28 489 352.494079742      -0.23      1.37     -0.33  0.        1937.271       3608.018       7318.179    0.000  -0.138   0.379   0.
  2017 352 11 51 29 489 352.494091317      -0.17      1.40     -0.24  0.        1936.018       3609.383       7318.686    0.000  -0.138   0.379   0.
  2017 352 11 51 30 489 352.494102891      -0.15      1.33     -0.22  0.        1934.765       3610.748       7319.191    0.000  -0.138   0.380   0.
  2017 352 11 51 31 489 352.494114465      -0.14      1.35     -0.02  0.        1933.512       3612.112       7319.696    0.000  -0.138   0.380   0.
  2017 352 11 51 32 489 352.494126039      -0.16      1.26     -0.27  0.        1932.259       3613.476       7320.201    0.000  -0.138   0.379   0.
  2017 352 11 51 33 489 352.494137613      -0.24      1.27     -0.44  0.        1931.006       3614.840       7320.705    0.000  -0.138   0.379   0.
  2017 352 11 51 34 489 352.494149187      -0.30      1.34     -0.48  0.        1929.753       3616.203       7321.209    0.000  -0.138   0.380   0.
  2017 352 11 51 35 489 352.494160761      -0.25      1.41     -0.31  0.        1928.499       3617.567       7321.712    0.000  -0.138   0.380   0.
  2017 352 11 51 36 489 352.494172335      -0.06      1.29     -0.21  0.        1927.245       3618.930       7322.214    0.000  -0.138   0.380   0.
  2017 352 11 51 37 489 352.494183909      -0.27      1.23     -0.38  0.        1925.992       3620.293       7322.716    0.000  -0.138   0.380   0.
  2017 352 11 51 38 489 352.494195483      -0.17      1.25     -0.24  0.        1924.738       3621.655       7323.218    0.000  -0.138   0.379   0.
  2017 352 11 51 39 489 352.494207057      -0.18      1.25     -0.36  0.        1923.484       3623.017       7323.718    0.000  -0.138   0.379   0.
  2017 352 11 51 40 489 352.494218631      -0.26      1.29     -0.38  0.        1922.229       3624.379       7324.219    0.000  -0.138   0.380   0.
  2017 352 11 51 41 489 352.494230205      -0.16      1.26     -0.28  0.        1920.975       3625.741       7324.719    0.000  -0.138   0.380   0.
  2017 352 11 51 42 489 352.494241779      -0.32      1.30     -0.32  0.        1919.721       3627.103       7325.218    0.000  -0.138   0.380   0.
  2017 352 11 51 43 489 352.494253354      -0.39      1.34     -0.21  0.        1918.466       3628.464       7325.717    0.000  -0.138   0.380   0.
  2017 352 11 51 44 489 352.494264928      -0.12      1.39     -0.35  0.        1917.211       3629.825       7326.215    0.000  -0.138   0.380   0.
  2017 352 11 51 45 489 352.494276502      -0.01      1.33     -0.53  0.        1915.956       3631.185       7326.713    0.000  -0.138   0.380   0.
  2017 352 11 51 46 489 352.494288076       0.02      1.34     -0.45  0.        1914.701       3632.546       7327.210    0.000  -0.138   0.380   0.
  2017 352 11 51 47 489 352.494299650      -0.13      1.28     -0.23  0.        1913.446       3633.906       7327.706    0.000  -0.138   0.380   0.
  2017 352 11 51 48 489 352.494311224      -0.10      1.28      0.03  0.        1912.191       3635.266       7328.203    0.000  -0.138   0.380   0.
  2017 352 11 51 49 489 352.494322798       0.10      1.34      0.13  0.        1910.935       3636.626       7328.698    0.000  -0.138   0.380   0.
  2017 352 11 51 50 489 352.494334372       0.39      1.37     -0.08  0.        1909.680       3637.985       7329.193    0.000  -0.138   0.380   0.
  2017 352 11 51 51 489 352.494345946       0.58      1.25     -0.47  0.        1908.424       3639.344       7329.688    0.000  -0.138   0.380   0.
  2017 352 11 51 52 489 352.494357520       0.77      1.14     -0.72  0.        1907.168       3640.703       7330.182    0.000  -0.138   0.379   0.
  2017 352 11 51 53 489 352.494369094       0.69      1.14     -0.81  0.        1905.912       3642.062       7330.675    0.000  -0.138   0.379   0.
  2017 352 11 51 54 489 352.494380666       0.49      1.31     -0.55  0.        1904.656       3643.420       7331.168    0.000  -0.138   0.380   0.
  2017 352 11 51 55 489 352.494392240       0.33      1.34     -0.52  0.        1903.400       3644.778       7331.661    0.000  -0.138   0.380   0.
  2017 352 11 51 56 489 352.494403814       0.16      1.30     -0.47  0.        1902.143       3646.136       7332.152    0.000  -0.138   0.380   0.
  2017 352 11 51 57 489 352.494415388       0.15      1.28     -0.44  0.        1900.887       3647.493       7332.644    0.000  -0.138   0.380   0.
  2017 352 11 51 58 489 352.494426962       0.17      1.20     -0.47  0.        1899.630       3648.851       7333.135    0.000  -0.138   0.379   0.
  2017 352 11 51 59 489 352.494438536       0.10      1.21     -0.43  0.        1898.373       3650.208       7333.625    0.000  -0.138   0.379   0.
  2017 352 11 52  0 489 352.494450110      -0.25      1.30     -0.52  0.        1897.116       3651.564       7334.115    0.000  -0.138   0.380   0.
  2017 352 11 52  1 489 352.494461684      -0.36      1.26     -0.42  0.        1895.859       3652.921       7334.604    0.000  -0.138   0.380   0.
  2017 352 11 52  2 489 352.494473258      -0.19      1.15     -0.30  0.        1894.602       3654.277       7335.093    0.000  -0.138   0.379   0.
  2017 352 11 52  3 489 352.494484832       0.02      1.28     -0.29  0.        1893.344       3655.633       7335.581    0.000  -0.138   0.379   0.
  2017 352 11 52  4 489 352.494496406       0.11      1.38     -0.22  0.        1892.087       3656.989       7336.069    0.000  -0.138   0.380   0.
  2017 352 11 52  5 489 352.494507980       0.07      1.23     -0.46  0.        1890.829       3658.344       7336.556    0.000  -0.138   0.380   0.
  2017 352 11 52  6 489 352.494519554       0.26      1.33     -0.36  0.        1889.571       3659.699       7337.042    0.000  -0.138   0.380   0.
  2017 352 11 52  7 489 352.494531129       0.19      1.26     -0.17  0.        1888.313       3661.054       7337.528    0.000  -0.138   0.380   0.
  2017 352 11 52  8 489 352.494542702       0.11      1.14     -0.07  0.        1887.055       3662.409       7338.014    0.000  -0.138   0.379   0.
  2017 352 11 52  9 489 352.494554277      -0.06      1.18     -0.10  0.        1885.797       3663.763       7338.499    0.000  -0.138   0.379   0.
  2017 352 11 52 10 489 352.494565851      -0.01      1.30     -0.17  0.        1884.539       3665.118       7338.984    0.000  -0.138   0.380   0.
  2017 352 11 52 11 489 352.494577425      -0.07      1.31     -0.13  0.        1883.280       3666.472       7339.468    0.000  -0.138   0.380   0.
  2017 352 11 52 12 489 352.494588999      -0.26      1.34     -0.21  0.        1882.022       3667.825       7339.951    0.000  -0.138   0.380   0.
  2017 352 11 52 13 489 352.494600573      -0.10      1.33     -0.22  0.        1880.763       3669.178       7340.434    0.000  -0.138   0.380   0.
  2017 352 11 52 14 489 352.494612147      -0.13      1.37     -0.50  0.        1879.504       3670.532       7340.916    0.000  -0.138   0.380   0.
  2017 352 11 52 15 489 352.494623721      -0.12      1.40     -0.46  0.        1878.245       3671.884       7341.398    0.000  -0.138   0.380   0.
  2017 352 11 52 16 489 352.494635295      -0.03      1.39     -0.63  0.        1876.986       3673.237       7341.879    0.000  -0.138   0.380   0.
  2017 352 11 52 17 489 352.494646869      -0.17      1.30     -0.59  0.        1875.727       3674.589       7342.361    0.000  -0.138   0.380   0.
  2017 352 11 52 18 489 352.494658443      -0.13      1.36     -0.29  0.        1874.467       3675.941       7342.841    0.000  -0.138   0.379   0.
  2017 352 11 52 19 489 352.494670017      -0.20      1.32     -0.13  0.        1873.208       3677.293       7343.320    0.000  -0.138   0.379   0.
  2017 352 11 52 20 489 352.494681591      -0.20      1.40     -0.20  0.        1871.948       3678.644       7343.800    0.000  -0.138   0.380   0.
  2017 352 11 52 21 489 352.494693166      -0.35      1.35     -0.30  0.        1870.688       3679.996       7344.278    0.000  -0.138   0.380   0.
  2017 352 11 52 22 489 352.494704740      -0.44      1.26     -0.24  0.        1869.428       3681.347       7344.757    0.000  -0.138   0.380   0.
  2017 352 11 52 23 489 352.494716314      -0.36      1.30     -0.25  0.        1868.168       3682.697       7345.234    0.000  -0.138   0.380   0.
  2017 352 11 52 24 489 352.494727885      -0.40      1.26     -0.32  0.        1866.908       3684.048       7345.711    0.000  -0.138   0.379   0.
  2017 352 11 52 25 489 352.494739459      -0.45      1.36     -0.44  0.        1865.648       3685.398       7346.188    0.000  -0.138   0.379   0.
  2017 352 11 52 26 489 352.494751033      -0.41      1.32     -0.44  0.        1864.387       3686.748       7346.664    0.000  -0.138   0.380   0.
  2017 352 11 52 27 489 352.494762607      -0.40      1.52     -0.40  0.        1863.127       3688.098       7347.140    0.000  -0.138   0.380   0.
  2017 352 11 52 28 489 352.494774181      -0.32      1.40     -0.27  0.        1861.866       3689.447       7347.615    0.000  -0.138   0.380   0.
  2017 352 11 52 29 489 352.494785755      -0.17      1.34     -0.52  0.        1860.605       3690.796       7348.089    0.000  -0.138   0.380   0.
  2017 352 11 52 30 489 352.494797329       0.15      1.43     -0.63  0.        1859.344       3692.145       7348.563    0.000  -0.138   0.380   0.
  2017 352 11 52 31 489 352.494808903       0.16      1.38     -0.66  0.        1858.083       3693.494       7349.037    0.000  -0.138   0.380   0.
  2017 352 11 52 32 489 352.494820477       0.14      1.35     -0.67  0.        1856.822       3694.842       7349.510    0.000  -0.138   0.379   0.
  2017 352 11 52 33 489 352.494832052      -0.07      1.37     -0.56  0.        1855.560       3696.190       7349.982    0.000  -0.138   0.379   0.
  2017 352 11 52 34 489 352.494843626      -0.31      1.45     -0.57  0.        1854.299       3697.538       7350.454    0.000  -0.138   0.380   0.
  2017 352 11 52 35 489 352.494855200      -0.72      1.48     -0.66  0.        1853.037       3698.886       7350.925    0.000  -0.138   0.380   0.
  2017 352 11 52 36 489 352.494866774      -0.27      1.60     -0.24  0.        1851.775       3700.233       7351.396    0.000  -0.138   0.380   0.
  2017 352 11 52 37 489 352.494878348      -0.02      1.56     -0.28  0.        1850.513       3701.580       7351.866    0.000  -0.138   0.380   0.
  2017 352 11 52 38 489 352.494889922      -0.01      1.64     -0.32  0.        1849.251       3702.927       7352.336    0.000  -0.138   0.380   0.
  2017 352 11 52 39 489 352.494901496       0.13      1.57     -0.55  0.        1847.989       3704.273       7352.805    0.000  -0.138   0.380   0.
  2017 352 11 52 40 489 352.494913070       0.10      1.53     -0.76  0.        1846.727       3705.619       7353.274    0.000  -0.138   0.380   0.
  2017 352 11 52 41 489 352.494924644       0.00      1.41     -0.89  0.        1845.464       3706.965       7353.742    0.000  -0.138   0.380   0.
  2017 352 11 52 42 489 352.494936218      -0.13      1.39     -0.72  0.        1844.202       3708.311       7354.210    0.000  -0.138   0.379   0.
  2017 352 11 52 43 489 352.494947792      -0.10      1.42     -0.67  0.        1842.939       3709.657       7354.677    0.000  -0.138   0.379   0.
  2017 352 11 52 44 489 352.494959366      -0.05      1.46     -0.54  0.        1841.676       3711.002       7355.144    0.000  -0.138   0.379   0.
  2017 352 11 52 45 489 352.494970940      -0.13      1.35     -0.66  0.        1840.413       3712.347       7355.610    0.000  -0.138   0.379   0.
  2017 352 11 52 46 489 352.494982514      -0.35      1.39     -0.67  0.        1839.150       3713.691       7356.076    0.000  -0.138   0.379   0.
  2017 352 11 52 47 489 352.494994089      -0.35      1.41     -0.56  0.        1837.887       3715.036       7356.541    0.000  -0.138   0.379   0.
  2017 352 11 52 48 489 352.495005663      -0.37      1.50     -0.49  0.        1836.623       3716.380       7357.005    0.000  -0.138   0.379   0.
  2017 352 11 52 49 489 352.495017237      -0.45      1.40     -0.62  0.        1835.360       3717.724       7357.469    0.000  -0.138   0.379   0.
  2017 352 11 52 50 489 352.495028811      -0.37      1.46     -0.49  0.        1834.096       3719.067       7357.933    0.000  -0.138   0.380   0.
  2017 352 11 52 51 489 352.495040384      -0.11      1.47     -0.36  0.        1832.832       3720.411       7358.396    0.000  -0.138   0.380   0.
  2017 352 11 52 52 488 352.495051956      -0.02      1.45     -0.45  0.        1831.569       3721.754       7358.858    0.000  -0.138   0.379   0.
  2017 352 11 52 53 488 352.495063530      -0.08      1.34     -0.51  0.        1830.304       3723.097       7359.320    0.000  -0.138   0.379   0.
  2017 352 11 52 54 488 352.495075104      -0.05      1.34     -0.53  0.        1829.040       3724.439       7359.782    0.000  -0.138   0.380   0.
  2017 352 11 52 55 488 352.495086678      -0.03      1.45     -0.51  0.        1827.776       3725.782       7360.242    0.000  -0.138   0.380   0.
  2017 352 11 52 56 488 352.495098252       0.12      1.63     -0.35  0.        1826.512       3727.124       7360.703    0.000  -0.138   0.380   0.
  2017 352 11 52 57 489 352.495109826       0.27      1.66     -0.35  0.        1825.247       3728.465       7361.163    0.000  -0.138   0.380   0.
  2017 352 11 52 58 489 352.495121400       0.13      1.49     -0.39  0.        1823.982       3729.807       7361.622    0.000  -0.138   0.380   0.
  2017 352 11 52 59 488 352.495132975      -0.04      1.42     -0.34  0.        1822.718       3731.148       7362.081    0.000  -0.138   0.380   0.
  2017 352 11 53  0 488 352.495144549      -0.11      1.44     -0.38  0.        1821.453       3732.489       7362.539    0.000  -0.138   0.380   0.
  2017 352 11 53  1 489 352.495156123      -0.12      1.45     -0.44  0.        1820.188       3733.830       7362.997    0.000  -0.138   0.380   0.
  2017 352 11 53  2 489 352.495167697      -0.18      1.50     -0.45  0.        1818.922       3735.170       7363.454    0.000  -0.138   0.379   0.
  2017 352 11 53  3 489 352.495179271      -0.15      1.58     -0.36  0.        1817.657       3736.510       7363.911    0.000  -0.138   0.379   0.
  2017 352 11 53  4 489 352.495190845      -0.23      1.58     -0.30  0.        1816.392       3737.850       7364.367    0.000  -0.138   0.380   0.
  2017 352 11 53  5 489 352.495202419      -0.24      1.60     -0.25  0.        1815.126       3739.190       7364.823    0.000  -0.138   0.380   0.
  2017 352 11 53  6 488 352.495213993      -0.29      1.57     -0.36  0.        1813.860       3740.529       7365.278    0.000  -0.138   0.379   0.
  2017 352 11 53  7 488 352.495225567      -0.54      1.56     -0.57  0.        1812.595       3741.868       7365.733    0.000  -0.138   0.379   0.
  2017 352 11 53  8 488 352.495237141      -0.47      1.65     -0.36  0.        1811.329       3743.207       7366.187    0.000  -0.138   0.379   0.
  2017 352 11 53  9 488 352.495248715      -0.33      1.58     -0.32  0.        1810.062       3744.546       7366.640    0.000  -0.138   0.379   0.
  2017 352 11 53 10 488 352.495260289      -0.33      1.56     -0.61  0.        1808.796       3745.884       7367.093    0.000  -0.138   0.380   0.
  2017 352 11 53 11 489 352.495271863      -0.46      1.46     -0.66  0.        1807.530       3747.222       7367.546    0.000  -0.138   0.380   0.
  2017 352 11 53 12 489 352.495283438      -0.46      1.54     -0.61  0.        1806.263       3748.560       7367.998    0.000  -0.138   0.379   0.
  2017 352 11 53 13 488 352.495295012      -0.39      1.54     -0.48  0.        1804.997       3749.898       7368.449    0.000  -0.138   0.379   0.
  2017 352 11 53 14 488 352.495306586      -0.42      1.53     -0.57  0.        1803.730       3751.235       7368.900    0.000  -0.138   0.380   0.
  2017 352 11 53 15 489 352.495318160      -0.45      1.60     -0.44  0.        1802.463       3752.572       7369.351    0.000  -0.138   0.380   0.
  2017 352 11 53 16 489 352.495329734      -0.43      1.59     -0.40  0.        1801.196       3753.909       7369.801    0.000  -0.138   0.379   0.
  2017 352 11 53 17 489 352.495341308      -0.37      1.61     -0.27  0.        1799.929       3755.245       7370.250    0.000  -0.138   0.379   0.
  2017 352 11 53 18 489 352.495352882      -0.26      1.66     -0.32  0.        1798.662       3756.581       7370.699    0.000  -0.138   0.380   0.
  2017 352 11 53 19 488 352.495364456      -0.23      1.60     -0.29  0.        1797.395       3757.917       7371.148    0.000  -0.138   0.380   0.
  2017 352 11 53 20 488 352.495376030      -0.10      1.56     -0.41  0.        1796.127       3759.253       7371.595    0.000  -0.138   0.379   0.
  2017 352 11 53 21 488 352.495387604      -0.03      1.49     -0.40  0.        1794.859       3760.588       7372.043    0.000  -0.138   0.379   0.
  2017 352 11 53 22 488 352.495399178       0.05      1.45     -0.54  0.        1793.592       3761.924       7372.490    0.000  -0.138   0.379   0.
  2017 352 11 53 23 488 352.495410752       0.07      1.37     -0.63  0.        1792.324       3763.258       7372.936    0.000  -0.138   0.379   0.
  2017 352 11 53 24 488 352.495422323      -0.05      1.30     -0.95  0.        1791.056       3764.593       7373.382    0.000  -0.138   0.380   0.
  2017 352 11 53 25 488 352.495433898      -0.29      1.21     -1.02  0.        1789.788       3765.927       7373.827    0.000  -0.138   0.380   0.
  2017 352 11 53 26 488 352.495445472      -0.62      1.21     -0.78  0.        1788.519       3767.261       7374.272    0.000  -0.138   0.380   0.
  2017 352 11 53 27 488 352.495457046      -0.36      1.40     -0.60  0.        1787.251       3768.595       7374.716    0.000  -0.138   0.380   0.
  2017 352 11 53 28 488 352.495468620       0.10      1.71     -0.47  0.        1785.983       3769.929       7375.160    0.000  -0.138   0.379   0.
  2017 352 11 53 29 488 352.495480194       0.01      1.82     -0.49  0.        1784.714       3771.262       7375.603    0.000  -0.138   0.379   0.
  2017 352 11 53 30 488 352.495491768      -0.04      1.65     -0.58  0.        1783.445       3772.595       7376.046    0.000  -0.138   0.380   0.
  2017 352 11 53 31 488 352.495503342       0.02      1.55     -0.54  0.        1782.176       3773.928       7376.488    0.000  -0.138   0.380   0.
  2017 352 11 53 32 488 352.495514916      -0.01      1.50     -0.68  0.        1780.907       3775.260       7376.929    0.000  -0.138   0.380   0.
  2017 352 11 53 33 488 352.495526490       0.09      1.64     -0.64  0.        1779.638       3776.593       7377.370    0.000  -0.138   0.380   0.
  2017 352 11 53 34 488 352.495538064       0.03      1.59     -0.85  0.        1778.369       3777.925       7377.811    0.000  -0.138   0.379   0.
  2017 352 11 53 35 488 352.495549638      -0.07      1.61     -0.85  0.        1777.099       3779.256       7378.251    0.000  -0.138   0.379   0.
  2017 352 11 53 36 488 352.495561212      -0.11      1.66     -0.77  0.        1775.830       3780.588       7378.691    0.000  -0.138   0.380   0.
  2017 352 11 53 37 488 352.495572786      -0.41      1.46     -0.95  0.        1774.560       3781.919       7379.130    0.000  -0.138   0.380   0.
  2017 352 11 53 38 488 352.495584361      -0.33      1.45     -0.92  0.        1773.291       3783.250       7379.568    0.000  -0.138   0.380   0.
  2017 352 11 53 39 488 352.495595935      -0.07      1.46     -0.94  0.        1772.021       3784.581       7380.006    0.000  -0.138   0.380   0.
  2017 352 11 53 40 488 352.495607509      -0.20      1.47     -1.00  0.        1770.751       3785.911       7380.444    0.000  -0.138   0.379   0.
  2017 352 11 53 41 488 352.495619083      -0.20      1.36     -0.84  0.        1769.481       3787.241       7380.881    0.000  -0.138   0.379   0.
  2017 352 11 53 42 488 352.495630657      -0.13      1.28     -0.65  0.        1768.211       3788.571       7381.317    0.000  -0.138   0.380   0.
  2017 352 11 53 43 488 352.495642231      -0.15      1.39     -0.57  0.        1766.940       3789.901       7381.753    0.000  -0.138   0.380   0.
  2017 352 11 53 44 488 352.495653805      -0.04      1.56     -0.61  0.        1765.670       3791.230       7382.189    0.000  -0.138   0.379   0.
  2017 352 11 53 45 488 352.495665379       0.31      1.70     -0.66  0.        1764.399       3792.559       7382.623    0.000  -0.138   0.379   0.
  2017 352 11 53 46 488 352.495676953       0.36      1.77     -0.73  0.        1763.128       3793.888       7383.058    0.000  -0.138   0.380   0.
  2017 352 11 53 47 488 352.495688527       0.23      1.68     -0.70  0.        1761.857       3795.216       7383.492    0.000  -0.138   0.380   0.
  2017 352 11 53 48 488 352.495700101       0.11      1.72     -0.53  0.        1760.586       3796.544       7383.925    0.000  -0.138   0.379   0.
  2017 352 11 53 49 488 352.495711675       0.04      1.88     -0.42  0.        1759.315       3797.872       7384.358    0.000  -0.138   0.379   0.
  2017 352 11 53 50 488 352.495723249       0.13      1.92     -0.13  0.        1758.044       3799.200       7384.790    0.000  -0.138   0.380   0.
  2017 352 11 53 51 488 352.495734823       0.39      1.85     -0.16  0.        1756.773       3800.528       7385.222    0.000  -0.138   0.380   0.
  2017 352 11 53 52 488 352.495746398       0.72      1.66     -0.29  0.        1755.501       3801.855       7385.653    0.000  -0.138   0.379   0.
  2017 352 11 53 53 488 352.495757972       0.67      1.55     -0.57  0.        1754.230       3803.182       7386.084    0.000  -0.138   0.379   0.
  2017 352 11 53 54 488 352.495769543       0.50      1.47     -0.74  0.        1752.958       3804.509       7386.514    0.000  -0.138   0.380   0.
  2017 352 11 53 55 488 352.495781117       0.27      1.44     -0.72  0.        1751.686       3805.835       7386.944    0.000  -0.138   0.380   0.
  2017 352 11 53 56 488 352.495792691      -0.02      1.51     -0.64  0.        1750.414       3807.161       7387.373    0.000  -0.138   0.380   0.
  2017 352 11 53 57 488 352.495804265      -0.05      1.54     -0.58  0.        1749.142       3808.487       7387.802    0.000  -0.138   0.380   0.
  2017 352 11 53 58 488 352.495815839      -0.07      1.54     -0.60  0.        1747.870       3809.813       7388.230    0.000  -0.138   0.379   0.
  2017 352 11 53 59 488 352.495827413      -0.13      1.46     -0.64  0.        1746.597       3811.138       7388.658    0.000  -0.138   0.379   0.
  2017 352 11 54  0 488 352.495838987      -0.19      1.47     -0.62  0.        1745.325       3812.463       7389.085    0.000  -0.138   0.379   0.
  2017 352 11 54  1 488 352.495850561      -0.15      1.51     -0.61  0.        1744.052       3813.788       7389.512    0.000  -0.138   0.379   0.
  2017 352 11 54  2 488 352.495862135      -0.18      1.57     -0.58  0.        1742.780       3815.112       7389.938    0.000  -0.138   0.380   0.
  2017 352 11 54  3 488 352.495873710      -0.34      1.52     -0.51  0.        1741.507       3816.437       7390.363    0.000  -0.138   0.380   0.
  2017 352 11 54  4 488 352.495885284      -0.36      1.54     -0.34  0.        1740.234       3817.761       7390.788    0.000  -0.138   0.380   0.
  2017 352 11 54  5 488 352.495896858      -0.23      1.51     -0.23  0.        1738.961       3819.084       7391.213    0.000  -0.138   0.380   0.
  2017 352 11 54  6 488 352.495908432      -0.10      1.46     -0.31  0.        1737.688       3820.408       7391.637    0.000  -0.138   0.380   0.
  2017 352 11 54  7 488 352.495920006       0.02      1.35     -0.38  0.        1736.414       3821.731       7392.061    0.000  -0.138   0.380   0.
  2017 352 11 54  8 488 352.495931580       0.19      1.36     -0.60  0.        1735.141       3823.054       7392.484    0.000  -0.138   0.380   0.
  2017 352 11 54  9 488 352.495943154       0.18      1.37     -0.69  0.        1733.868       3824.377       7392.906    0.000  -0.138   0.380   0.
  2017 352 11 54 10 488 352.495954728       0.23      1.26     -0.56  0.        1732.594       3825.699       7393.328    0.000  -0.138   0.380   0.
  2017 352 11 54 11 488 352.495966302       0.38      1.34     -0.75  0.        1731.320       3827.021       7393.750    0.000  -0.138   0.380   0.
  2017 352 11 54 12 488 352.495977876       0.08      1.70     -0.74  0.        1730.046       3828.343       7394.171    0.000  -0.138   0.380   0.
  2017 352 11 54 13 488 352.495989450       0.09      1.61     -0.46  0.        1728.772       3829.665       7394.591    0.000  -0.138   0.380   0.
  2017 352 11 54 14 488 352.496001024       0.15      1.54     -0.44  0.        1727.498       3830.986       7395.011    0.000  -0.138   0.380   0.
  2017 352 11 54 15 488 352.496012598       0.17      1.57     -0.52  0.        1726.224       3832.307       7395.430    0.000  -0.138   0.380   0.
  2017 352 11 54 16 488 352.496024172       0.09      1.62     -0.39  0.        1724.949       3833.628       7395.849    0.000  -0.138   0.380   0.
  2017 352 11 54 17 488 352.496035746      -0.02      1.69     -0.35  0.        1723.675       3834.949       7396.268    0.000  -0.138   0.380   0.
  2017 352 11 54 18 488 352.496047321      -0.17      1.67     -0.28  0.        1722.400       3836.269       7396.686    0.000  -0.138   0.379   0.
  2017 352 11 54 19 488 352.496058895      -0.29      1.70     -0.26  0.        1721.125       3837.589       7397.103    0.000  -0.138   0.379   0.
  2017 352 11 54 20 488 352.496070469      -0.43      1.73     -0.33  0.        1719.851       3838.909       7397.520    0.000  -0.138   0.379   0.
  2017 352 11 54 21 488 352.496082043      -0.43      1.61     -0.13  0.        1718.576       3840.228       7397.936    0.000  -0.138   0.379   0.
  2017 352 11 54 22 488 352.496093617      -0.08      1.62      0.03  0.        1717.300       3841.548       7398.352    0.000  -0.138   0.380   0.
  2017 352 11 54 23 488 352.496105191       0.06      1.58     -0.14  0.        1716.025       3842.867       7398.767    0.000  -0.138   0.380   0.
  2017 352 11 54 24 488 352.496116762      -0.27      1.62     -0.21  0.        1714.750       3844.185       7399.182    0.000  -0.138   0.379   0.
  2017 352 11 54 25 488 352.496128336       0.05      1.69     -0.11  0.        1713.474       3845.504       7399.596    0.000  -0.138   0.379   0.
  2017 352 11 54 26 488 352.496139910      -0.15      1.64     -0.17  0.        1712.199       3846.822       7400.010    0.000  -0.138   0.379   0.
  2017 352 11 54 27 488 352.496151484      -0.07      1.68     -0.02  0.        1710.923       3848.140       7400.423    0.000  -0.138   0.379   0.
  2017 352 11 54 28 488 352.496163058       0.02      1.59      0.04  0.        1709.647       3849.457       7400.836    0.000  -0.138   0.380   0.
  2017 352 11 54 29 488 352.496174633       0.16      1.58     -0.09  0.        1708.371       3850.775       7401.248    0.000  -0.138   0.380   0.
  2017 352 11 54 30 488 352.496186207       0.25      1.54     -0.02  0.        1707.095       3852.092       7401.660    0.000  -0.138   0.380   0.
  2017 352 11 54 31 488 352.496197781       0.34      1.54     -0.04  0.        1705.819       3853.409       7402.071    0.000  -0.138   0.380   0.
  2017 352 11 54 32 488 352.496209355       0.25      1.47     -0.19  0.        1704.543       3854.725       7402.482    0.000  -0.138   0.380   0.
  2017 352 11 54 33 488 352.496220929       0.06      1.50     -0.20  0.        1703.266       3856.041       7402.892    0.000  -0.138   0.380   0.
  2017 352 11 54 34 488 352.496232503      -0.09      1.51     -0.28  0.        1701.990       3857.358       7403.302    0.000  -0.138   0.380   0.
  2017 352 11 54 35 488 352.496244077      -0.14      1.53     -0.35  0.        1700.713       3858.673       7403.711    0.000  -0.138   0.380   0.
  2017 352 11 54 36 488 352.496255651      -0.13      1.55     -0.25  0.        1699.436       3859.989       7404.120    0.000  -0.138   0.380   0.
  2017 352 11 54 37 488 352.496267225      -0.00      1.46     -0.18  0.        1698.160       3861.304       7404.528    0.000  -0.138   0.380   0.
  2017 352 11 54 38 488 352.496278799      -0.08      1.47     -0.30  0.        1696.883       3862.619       7404.935    0.000  -0.138   0.380   0.
  2017 352 11 54 39 488 352.496290373      -0.01      1.45     -0.42  0.        1695.605       3863.934       7405.343    0.000  -0.138   0.380   0.
  2017 352 11 54 40 488 352.496301947      -0.07      1.52     -0.52  0.        1694.328       3865.248       7405.749    0.000  -0.138   0.380   0.
  2017 352 11 54 41 488 352.496313521      -0.28      1.44     -0.45  0.        1693.051       3866.562       7406.155    0.000  -0.138   0.380   0.
  2017 352 11 54 42 488 352.496325096      -0.51      1.55     -0.33  0.        1691.773       3867.876       7406.561    0.000  -0.138   0.379   0.
  2017 352 11 54 43 488 352.496336670      -0.52      1.52     -0.02  0.        1690.496       3869.190       7406.966    0.000  -0.138   0.379   0.
  2017 352 11 54 44 488 352.496348244      -0.86      1.51      0.22  0.        1689.218       3870.503       7407.370    0.000  -0.138   0.380   0.
  2017 352 11 54 45 488 352.496359818      -0.65      1.62      0.29  0.        1687.940       3871.816       7407.774    0.000  -0.138   0.380   0.
  2017 352 11 54 46 488 352.496371392      -0.60      1.69      0.03  0.        1686.662       3873.129       7408.178    0.000  -0.138   0.379   0.
  2017 352 11 54 47 488 352.496382966      -0.64      1.67     -0.25  0.        1685.384       3874.442       7408.581    0.000  -0.138   0.379   0.
  2017 352 11 54 48 488 352.496394540      -0.67      1.57     -0.38  0.        1684.106       3875.754       7408.984    0.000  -0.138   0.380   0.
  2017 352 11 54 49 488 352.496406114      -0.75      1.49     -0.54  0.        1682.828       3877.066       7409.386    0.000  -0.138   0.380   0.
  2017 352 11 54 50 488 352.496417688      -0.50      1.52     -0.33  0.        1681.550       3878.378       7409.787    0.000  -0.138   0.380   0.
  2017 352 11 54 51 488 352.496429262      -0.65      1.49     -0.57  0.        1680.271       3879.689       7410.188    0.000  -0.138   0.380   0.
  2017 352 11 54 52 488 352.496440836      -0.67      1.47     -0.32  0.        1678.992       3881.001       7410.588    0.000  -0.138   0.380   0.
  2017 352 11 54 53 488 352.496452410      -0.61      1.38     -0.59  0.        1677.714       3882.311       7410.988    0.000  -0.138   0.380   0.
  2017 352 11 54 54 488 352.496463981      -0.47      1.50     -0.70  0.        1676.435       3883.622       7411.388    0.000  -0.138   0.379   0.
  2017 352 11 54 55 487 352.496475556      -0.65      1.47     -0.60  0.        1675.156       3884.933       7411.787    0.000  -0.138   0.379   0.
  2017 352 11 54 56 487 352.496487130      -0.63      1.38     -0.60  0.        1673.877       3886.243       7412.185    0.000  -0.138   0.379   0.
  2017 352 11 54 57 488 352.496498704      -0.37      1.55     -0.41  0.        1672.597       3887.553       7412.583    0.000  -0.138   0.379   0.
  2017 352 11 54 58 488 352.496510278      -0.34      1.41     -0.46  0.        1671.318       3888.862       7412.980    0.000  -0.138   0.379   0.
  2017 352 11 54 59 488 352.496521852      -0.55      1.33     -0.85  0.        1670.039       3890.172       7413.377    0.000  -0.138   0.379   0.
  2017 352 11 55  0 488 352.496533426      -0.65      1.32     -0.83  0.        1668.759       3891.481       7413.774    0.000  -0.138   0.380   0.
  2017 352 11 55  1 487 352.496545000      -0.64      1.24     -0.93  0.        1667.480       3892.790       7414.170    0.000  -0.138   0.380   0.
  2017 352 11 55  2 487 352.496556574      -0.58      1.25     -0.69  0.        1666.200       3894.098       7414.565    0.000  -0.138   0.380   0.
  2017 352 11 55  3 487 352.496568148      -0.70      1.33     -0.66  0.        1664.920       3895.406       7414.960    0.000  -0.138   0.380   0.
  2017 352 11 55  4 487 352.496579722      -0.60      1.43     -0.39  0.        1663.640       3896.714       7415.354    0.000  -0.138   0.379   0.
  2017 352 11 55  5 487 352.496591296      -0.50      1.39     -0.36  0.        1662.360       3898.022       7415.748    0.000  -0.138   0.379   0.
  2017 352 11 55  6 488 352.496602870      -0.56      1.37     -0.54  0.        1661.079       3899.330       7416.141    0.000  -0.138   0.380   0.
  2017 352 11 55  7 488 352.496614444      -0.44      1.34     -0.58  0.        1659.799       3900.637       7416.534    0.000  -0.138   0.380   0.
  2017 352 11 55  8 487 352.496626019      -0.30      1.35     -0.58  0.        1658.519       3901.944       7416.926    0.000  -0.138   0.380   0.
  2017 352 11 55  9 487 352.496637593      -0.17      1.35     -0.63  0.        1657.238       3903.251       7417.318    0.000  -0.138   0.380   0.
  2017 352 11 55 10 488 352.496649167      -0.26      1.33     -0.56  0.        1655.957       3904.557       7417.709    0.000  -0.138   0.379   0.
  2017 352 11 55 11 488 352.496660741      -0.37      1.39     -0.56  0.        1654.677       3905.863       7418.100    0.000  -0.138   0.379   0.
  2017 352 11 55 12 488 352.496672315      -0.31      1.44     -0.62  0.        1653.396       3907.169       7418.490    0.000  -0.138   0.380   0.
  2017 352 11 55 13 488 352.496683889      -0.24      1.47     -0.69  0.        1652.115       3908.475       7418.880    0.000  -0.138   0.380   0.
  2017 352 11 55 14 488 352.496695463      -0.31      1.44     -0.65  0.        1650.833       3909.780       7419.269    0.000  -0.138   0.380   0.
  2017 352 11 55 15 487 352.496707037      -0.03      1.48     -0.53  0.        1649.552       3911.085       7419.658    0.000  -0.138   0.380   0.
  2017 352 11 55 16 487 352.496718611       0.04      1.54     -0.53  0.        1648.271       3912.390       7420.046    0.000  -0.138   0.379   0.
  2017 352 11 55 17 487 352.496730185       0.02      1.44     -0.67  0.        1646.989       3913.694       7420.434    0.000  -0.138   0.379   0.
  2017 352 11 55 18 487 352.496741759       0.06      1.41     -0.32  0.        1645.708       3914.999       7420.821    0.000  -0.138   0.380   0.
  2017 352 11 55 19 487 352.496753333       0.03      1.32     -0.32  0.        1644.426       3916.303       7421.208    0.000  -0.138   0.380   0.
  2017 352 11 55 20 488 352.496764907       0.09      1.40     -0.40  0.        1643.144       3917.606       7421.594    0.000  -0.138   0.380   0.
  2017 352 11 55 21 488 352.496776481       0.02      1.35     -0.41  0.        1641.862       3918.910       7421.980    0.000  -0.138   0.380   0.
  2017 352 11 55 22 487 352.496788056      -0.09      1.32     -0.50  0.        1640.580       3920.213       7422.365    0.000  -0.138   0.380   0.
  2017 352 11 55 23 487 352.496799630       0.02      1.45     -0.38  0.        1639.298       3921.516       7422.750    0.000  -0.138   0.380   0.
  2017 352 11 55 24 487 352.496811201       0.02      1.55     -0.36  0.        1638.016       3922.819       7423.134    0.000  -0.138   0.380   0.
  2017 352 11 55 25 487 352.496822775      -0.13      1.41     -0.41  0.        1636.733       3924.121       7423.518    0.000  -0.138   0.380   0.
  2017 352 11 55 26 487 352.496834349      -0.15      1.41     -0.42  0.        1635.451       3925.423       7423.901    0.000  -0.138   0.380   0.
  2017 352 11 55 27 487 352.496845923      -0.18      1.39     -0.31  0.        1634.168       3926.725       7424.283    0.000  -0.138   0.380   0.
  2017 352 11 55 28 487 352.496857497      -0.06      1.48     -0.32  0.        1632.886       3928.027       7424.666    0.000  -0.138   0.380   0.
  2017 352 11 55 29 487 352.496869071       0.07      1.40     -0.37  0.        1631.603       3929.328       7425.047    0.000  -0.138   0.380   0.
  2017 352 11 55 30 487 352.496880645      -0.06      1.42     -0.38  0.        1630.320       3930.629       7425.428    0.000  -0.138   0.379   0.
  2017 352 11 55 31 487 352.496892219      -0.15      1.40     -0.32  0.        1629.037       3931.930       7425.809    0.000  -0.138   0.379   0.
  2017 352 11 55 32 487 352.496903793      -0.20      1.42     -0.51  0.        1627.754       3933.230       7426.189    0.000  -0.138   0.380   0.
  2017 352 11 55 33 487 352.496915367      -0.39      1.41     -0.45  0.        1626.470       3934.531       7426.569    0.000  -0.138   0.380   0.
  2017 352 11 55 34 487 352.496926942      -0.43      1.40     -0.38  0.        1625.187       3935.831       7426.948    0.000  -0.138   0.379   0.
  2017 352 11 55 35 487 352.496938516      -0.47      1.43     -0.35  0.        1623.904       3937.130       7427.326    0.000  -0.138   0.379   0.
  2017 352 11 55 36 487 352.496950090      -0.39      1.44     -0.25  0.        1622.620       3938.430       7427.704    0.000  -0.138   0.379   0.
  2017 352 11 55 37 487 352.496961664      -0.31      1.47     -0.36  0.        1621.336       3939.729       7428.082    0.000  -0.138   0.379   0.
  2017 352 11 55 38 487 352.496973238      -0.26      1.38     -0.57  0.        1620.052       3941.028       7428.459    0.000  -0.138   0.380   0.
  2017 352 11 55 39 487 352.496984812      -0.40      1.45     -0.64  0.        1618.768       3942.327       7428.835    0.000  -0.138   0.380   0.
  2017 352 11 55 40 487 352.496996386      -0.39      1.41     -0.63  0.        1617.484       3943.625       7429.212    0.000  -0.138   0.380   0.
  2017 352 11 55 41 487 352.497007960      -0.28      1.50     -0.79  0.        1616.200       3944.923       7429.587    0.000  -0.138   0.380   0.
  2017 352 11 55 42 487 352.497019534      -0.49      1.38     -0.64  0.        1614.916       3946.221       7429.962    0.000  -0.138   0.380   0.
  2017 352 11 55 43 487 352.497031108      -0.39      1.40     -0.59  0.        1613.632       3947.519       7430.337    0.000  -0.138   0.380   0.
  2017 352 11 55 44 487 352.497042682      -0.38      1.48     -0.45  0.        1612.347       3948.816       7430.711    0.000  -0.138   0.379   0.
  2017 352 11 55 45 487 352.497054256      -0.21      1.48     -0.32  0.        1611.063       3950.113       7431.084    0.000  -0.138   0.379   0.
  2017 352 11 55 46 487 352.497065830      -0.07      1.49     -0.25  0.        1609.778       3951.410       7431.457    0.000  -0.138   0.380   0.
  2017 352 11 55 47 487 352.497077405      -0.06      1.48     -0.23  0.        1608.493       3952.706       7431.830    0.000  -0.138   0.380   0.
  2017 352 11 55 48 487 352.497088979      -0.16      1.52     -0.11  0.        1607.208       3954.003       7432.202    0.000  -0.138   0.379   0.
  2017 352 11 55 49 487 352.497100553      -0.03      1.47      0.18  0.        1605.923       3955.298       7432.573    0.000  -0.138   0.379   0.
  2017 352 11 55 50 487 352.497112127       0.01      1.38      0.12  0.        1604.638       3956.594       7432.944    0.000  -0.138   0.380   0.
  2017 352 11 55 51 487 352.497123701       0.05      1.29      0.09  0.        1603.353       3957.890       7433.315    0.000  -0.138   0.380   0.
  2017 352 11 55 52 487 352.497135275      -0.07      1.48     -0.04  0.        1602.067       3959.185       7433.685    0.000  -0.138   0.379   0.
  2017 352 11 55 53 487 352.497146849      -0.07      1.48      0.01  0.        1600.782       3960.480       7434.054    0.000  -0.138   0.379   0.
  2017 352 11 55 54 487 352.497158420       0.17      1.44     -0.09  0.        1599.496       3961.774       7434.423    0.000  -0.138   0.379   0.
  2017 352 11 55 55 487 352.497169994       0.22      1.40     -0.25  0.        1598.211       3963.069       7434.792    0.000  -0.138   0.379   0.
  2017 352 11 55 56 487 352.497181568       0.22      1.43     -0.31  0.        1596.925       3964.363       7435.159    0.000  -0.138   0.380   0.
  2017 352 11 55 57 487 352.497193142       0.14      1.45     -0.28  0.        1595.639       3965.657       7435.527    0.000  -0.138   0.380   0.
  2017 352 11 55 58 487 352.497204716       0.21      1.46     -0.20  0.        1594.353       3966.950       7435.894    0.000  -0.138   0.379   0.
  2017 352 11 55 59 487 352.497216290       0.08      1.52     -0.20  0.        1593.067       3968.243       7436.260    0.000  -0.138   0.379   0.
  2017 352 11 56  0 487 352.497227865       0.19      1.56     -0.01  0.        1591.780       3969.536       7436.626    0.000  -0.138   0.380   0.
  2017 352 11 56  1 487 352.497239439       0.42      1.58     -0.01  0.        1590.494       3970.829       7436.992    0.000  -0.138   0.380   0.
  2017 352 11 56  2 487 352.497251013       0.56      1.49     -0.17  0.        1589.208       3972.122       7437.357    0.000  -0.138   0.379   0.
  2017 352 11 56  3 487 352.497262587       0.49      1.42     -0.31  0.        1587.921       3973.414       7437.721    0.000  -0.138   0.379   0.
  2017 352 11 56  4 487 352.497274161       0.37      1.38     -0.39  0.        1586.634       3974.706       7438.085    0.000  -0.138   0.380   0.
  2017 352 11 56  5 487 352.497285735       0.19      1.42     -0.49  0.        1585.348       3975.997       7438.449    0.000  -0.138   0.380   0.
  2017 352 11 56  6 487 352.497297309       0.13      1.45     -0.53  0.        1584.061       3977.289       7438.811    0.000  -0.138   0.379   0.
  2017 352 11 56  7 487 352.497308883       0.19      1.38     -0.68  0.        1582.774       3978.580       7439.174    0.000  -0.138   0.379   0.
  2017 352 11 56  8 487 352.497320457      -0.08      1.35     -0.88  0.        1581.487       3979.871       7439.536    0.000  -0.138   0.380   0.
  2017 352 11 56  9 487 352.497332031      -0.07      1.17     -0.88  0.        1580.200       3981.161       7439.897    0.000  -0.138   0.380   0.
  2017 352 11 56 10 487 352.497343605       0.19      1.09     -0.55  0.        1578.912       3982.452       7440.258    0.000  -0.138   0.380   0.
  2017 352 11 56 11 487 352.497355179      -0.11      1.03     -0.48  0.        1577.625       3983.742       7440.618    0.000  -0.138   0.380   0.
  2017 352 11 56 12 487 352.497366753      -0.39      0.93     -0.64  0.        1576.337       3985.032       7440.978    0.000  -0.138   0.380   0.
  2017 352 11 56 13 487 352.497378327      -0.47      0.82     -0.70  0.        1575.050       3986.321       7441.338    0.000  -0.138   0.380   0.
  2017 352 11 56 14 487 352.497389902      -0.64      0.72     -0.77  0.        1573.762       3987.610       7441.697    0.000  -0.138   0.380   0.
  2017 352 11 56 15 487 352.497401476      -0.60      0.63     -0.81  0.        1572.474       3988.899       7442.055    0.000  -0.138   0.380   0.
  2017 352 11 56 16 487 352.497413050      -0.60      0.51     -0.76  0.        1571.186       3990.188       7442.413    0.000  -0.138   0.380   0.
  2017 352 11 56 17 487 352.497424624      -0.47      0.70     -0.80  0.        1569.898       3991.477       7442.770    0.000  -0.138   0.380   0.
  2017 352 11 56 18 487 352.497436198      -0.83      0.52     -0.66  0.        1568.610       3992.765       7443.127    0.000  -0.138   0.380   0.
  2017 352 11 56 19 487 352.497447772      -0.62      0.58     -0.79  0.        1567.322       3994.053       7443.484    0.000  -0.138   0.380   0.
  2017 352 11 56 20 487 352.497459346      -0.50      0.61     -0.96  0.        1566.033       3995.340       7443.840    0.000  -0.138   0.379   0.
  2017 352 11 56 21 487 352.497470920      -0.79      0.44     -1.09  0.        1564.745       3996.628       7444.195    0.000  -0.138   0.379   0.
  2017 352 11 56 22 487 352.497482491      -0.88      0.45     -0.94  0.        1563.456       3997.915       7444.550    0.000  -0.138   0.380   0.
  2017 352 11 56 23 487 352.497494065       0.14      0.65     -0.96  0.        1562.168       3999.202       7444.904    0.000  -0.138   0.380   0.
  2017 352 11 56 24 487 352.497505639      -0.77      0.49     -0.81  0.        1560.879       4000.488       7445.258    0.000  -0.138   0.380   0.
  2017 352 11 56 25 487 352.497517214      -0.76      0.54     -0.66  0.        1559.590       4001.774       7445.611    0.000  -0.138   0.380   0.
  2017 352 11 56 26 487 352.497528788       0.86      0.87     -0.63  0.        1558.301       4003.060       7445.964    0.000  -0.138   0.379   0.
  2017 352 11 56 27 487 352.497540362      -0.25      0.83     -0.68  0.        1557.012       4004.346       7446.317    0.000  -0.138   0.379   0.
  2017 352 11 56 28 487 352.497551936      -1.75      0.10     -0.68  0.        1555.723       4005.632       7446.668    0.000  -0.138   0.379   0.
  2017 352 11 56 29 487 352.497563510      -0.50      0.50     -1.42  0.        1554.433       4006.917       7447.020    0.000  -0.138   0.379   0.
  2017 352 11 56 30 487 352.497575084       0.33      0.54     -1.23  0.        1553.144       4008.202       7447.371    0.000  -0.138   0.380   0.
  2017 352 11 56 31 487 352.497586658       0.04      0.60     -1.18  0.        1551.855       4009.486       7447.721    0.000  -0.138   0.380   0.
  2017 352 11 56 32 487 352.497598232      -0.62      0.58     -0.88  0.        1550.565       4010.771       7448.071    0.000  -0.138   0.380   0.
  2017 352 11 56 33 487 352.497609806      -0.55      0.71     -0.95  0.        1549.275       4012.055       7448.420    0.000  -0.138   0.380   0.
  2017 352 11 56 34 487 352.497621380      -0.75      0.71     -0.80  0.        1547.985       4013.339       7448.769    0.000  -0.138   0.379   0.
  2017 352 11 56 35 487 352.497632954      -0.74      0.68     -0.84  0.        1546.695       4014.623       7449.117    0.000  -0.138   0.379   0.
  2017 352 11 56 36 487 352.497644528      -0.71      0.83     -0.69  0.        1545.405       4015.906       7449.465    0.000  -0.138   0.379   0.
  2017 352 11 56 37 487 352.497656102      -0.18      1.19     -0.64  0.        1544.115       4017.189       7449.813    0.000  -0.138   0.379   0.
  2017 352 11 56 38 487 352.497667677      -0.56      0.86     -0.86  0.        1542.825       4018.472       7450.159    0.000  -0.138   0.379   0.
  2017 352 11 56 39 487 352.497679251      -0.88      0.55     -0.97  0.        1541.535       4019.754       7450.506    0.000  -0.138   0.379   0.
  2017 352 11 56 40 487 352.497690825      -0.74      0.46     -0.90  0.        1540.244       4021.036       7450.852    0.000  -0.138   0.380   0.
  2017 352 11 56 41 487 352.497702399      -0.26      0.67     -1.05  0.        1538.954       4022.318       7451.197    0.000  -0.138   0.380   0.
  2017 352 11 56 42 487 352.497713973      -0.46      0.48     -1.11  0.        1537.663       4023.600       7451.542    0.000  -0.138   0.379   0.
  2017 352 11 56 43 487 352.497725547      -0.57      0.59     -0.98  0.        1536.372       4024.882       7451.886    0.000  -0.138   0.379   0.
  2017 352 11 56 44 487 352.497737121      -0.43      0.69     -0.95  0.        1535.081       4026.163       7452.230    0.000  -0.138   0.380   0.
  2017 352 11 56 45 487 352.497748695      -0.38      0.61     -0.98  0.        1533.790       4027.444       7452.573    0.000  -0.138   0.380   0.
  2017 352 11 56 46 487 352.497760269      -0.54      0.52     -0.99  0.        1532.499       4028.724       7452.916    0.000  -0.138   0.380   0.
  2017 352 11 56 47 487 352.497771843      -0.42      0.45     -0.96  0.        1531.208       4030.005       7453.259    0.000  -0.138   0.380   0.
  2017 352 11 56 48 487 352.497783417      -0.32      0.47     -1.11  0.        1529.917       4031.285       7453.600    0.000  -0.138   0.379   0.
  2017 352 11 56 49 487 352.497794991      -0.65      0.36     -1.00  0.        1528.625       4032.565       7453.942    0.000  -0.138   0.379   0.
  2017 352 11 56 50 487 352.497806565      -0.62      0.40     -0.99  0.        1527.334       4033.844       7454.283    0.000  -0.138   0.379   0.
  2017 352 11 56 51 487 352.497818139      -0.51      0.51     -0.96  0.        1526.042       4035.123       7454.623    0.000  -0.138   0.379   0.
  2017 352 11 56 52 487 352.497829714      -0.54      0.50     -0.98  0.        1524.751       4036.402       7454.963    0.000  -0.138   0.380   0.
  2017 352 11 56 53 487 352.497841287      -0.51      0.60     -0.92  0.        1523.459       4037.681       7455.302    0.000  -0.138   0.380   0.
  2017 352 11 56 54 487 352.497852859      -0.23      0.68     -0.99  0.        1522.167       4038.960       7455.641    0.000  -0.138   0.379   0.
  2017 352 11 56 55 487 352.497864433      -0.46      0.54     -0.98  0.        1520.875       4040.238       7455.979    0.000  -0.138   0.379   0.
  2017 352 11 56 56 487 352.497876007      -0.59      0.53     -0.93  0.        1519.583       4041.516       7456.317    0.000  -0.138   0.379   0.
  2017 352 11 56 57 486 352.497887581      -0.58      0.46     -1.01  0.        1518.291       4042.793       7456.655    0.000  -0.138   0.379   0.
  2017 352 11 56 58 486 352.497899155      -0.79      0.47     -1.04  0.        1516.998       4044.071       7456.991    0.000  -0.138   0.380   0.
  2017 352 11 56 59 486 352.497910729      -0.67      0.52     -0.89  0.        1515.706       4045.348       7457.328    0.000  -0.138   0.380   0.
  2017 352 11 57  0 486 352.497922303      -0.42      0.59     -1.02  0.        1514.414       4046.625       7457.663    0.000  -0.138   0.380   0.
  2017 352 11 57  1 486 352.497933877      -0.54      0.54     -1.03  0.        1513.121       4047.901       7457.999    0.000  -0.138   0.380   0.
  2017 352 11 57  2 487 352.497945451      -0.54      0.43     -1.03  0.        1511.828       4049.178       7458.334    0.000  -0.138   0.380   0.
  2017 352 11 57  3 487 352.497957025      -0.41      0.48     -1.09  0.        1510.536       4050.454       7458.668    0.000  -0.138   0.380   0.
  2017 352 11 57  4 486 352.497968600      -0.44      0.30     -1.02  0.        1509.243       4051.730       7459.002    0.000  -0.138   0.380   0.
  2017 352 11 57  5 486 352.497980174      -0.44      0.39     -0.99  0.        1507.950       4053.005       7459.335    0.000  -0.138   0.380   0.
  2017 352 11 57  6 487 352.497991748      -0.40      0.51     -1.05  0.        1506.657       4054.280       7459.668    0.000  -0.138   0.380   0.
  2017 352 11 57  7 487 352.498003322      -0.44      0.51     -1.09  0.        1505.363       4055.555       7460.001    0.000  -0.138   0.380   0.
  2017 352 11 57  8 487 352.498014896      -0.75      0.46     -1.05  0.        1504.070       4056.830       7460.332    0.000  -0.138   0.380   0.
  2017 352 11 57  9 487 352.498026470      -0.70      0.52     -0.93  0.        1502.777       4058.104       7460.664    0.000  -0.138   0.380   0.
  2017 352 11 57 10 487 352.498038044      -0.52      0.65     -1.02  0.        1501.483       4059.379       7460.995    0.000  -0.138   0.380   0.
  2017 352 11 57 11 486 352.498049618      -0.50      0.70     -1.12  0.        1500.189       4060.652       7461.325    0.000  -0.138   0.380   0.
  2017 352 11 57 12 486 352.498061192      -0.33      0.57     -0.97  0.        1498.896       4061.926       7461.655    0.000  -0.138   0.379   0.
  2017 352 11 57 13 486 352.498072766      -0.18      0.59     -0.93  0.        1497.602       4063.199       7461.984    0.000  -0.138   0.379   0.
  2017 352 11 57 14 486 352.498084340      -0.06      0.47     -1.02  0.        1496.308       4064.472       7462.313    0.000  -0.138   0.380   0.
  2017 352 11 57 15 486 352.498095914      -0.53      0.36     -1.07  0.        1495.014       4065.745       7462.642    0.000  -0.138   0.380   0.
  2017 352 11 57 16 487 352.498107488      -0.70      0.29     -1.06  0.        1493.720       4067.018       7462.969    0.000  -0.138   0.380   0.
  2017 352 11 57 17 486 352.498119062      -0.09      0.43     -1.05  0.        1492.426       4068.290       7463.297    0.000  -0.138   0.380   0.
  2017 352 11 57 18 486 352.498130637      -0.16      0.56     -1.10  0.        1491.131       4069.562       7463.624    0.000  -0.138   0.379   0.
  2017 352 11 57 19 486 352.498142211      -0.25      0.71     -1.02  0.        1489.837       4070.834       7463.950    0.000  -0.138   0.379   0.
  2017 352 11 57 20 487 352.498153785      -0.49      0.70     -1.03  0.        1488.543       4072.105       7464.276    0.000  -0.138   0.380   0.
  2017 352 11 57 21 487 352.498165359      -0.53      0.84     -1.13  0.        1487.248       4073.376       7464.601    0.000  -0.138   0.380   0.
  2017 352 11 57 22 487 352.498176933      -0.61      0.77     -1.08  0.        1485.953       4074.647       7464.926    0.000  -0.138   0.380   0.
  2017 352 11 57 23 487 352.498188507      -0.78      0.78     -1.11  0.        1484.658       4075.918       7465.251    0.000  -0.138   0.380   0.
  2017 352 11 57 24 486 352.498200078      -0.83      0.78     -1.08  0.        1483.364       4077.188       7465.575    0.000  -0.138   0.379   0.
  2017 352 11 57 25 486 352.498211652      -0.61      0.82     -0.98  0.        1482.069       4078.458       7465.898    0.000  -0.138   0.379   0.
  2017 352 11 57 26 486 352.498223226      -0.51      0.99     -0.93  0.        1480.773       4079.728       7466.221    0.000  -0.138   0.380   0.
  2017 352 11 57 27 486 352.498234800      -0.40      1.11     -0.66  0.        1479.478       4080.998       7466.543    0.000  -0.138   0.380   0.
  2017 352 11 57 28 486 352.498246374      -0.61      0.97     -0.62  0.        1478.183       4082.267       7466.865    0.000  -0.138   0.379   0.
  2017 352 11 57 29 486 352.498257948      -0.81      0.92     -0.70  0.        1476.888       4083.536       7467.187    0.000  -0.138   0.379   0.
  2017 352 11 57 30 486 352.498269523      -0.92      0.83     -0.72  0.        1475.592       4084.805       7467.508    0.000  -0.138   0.379   0.
  2017 352 11 57 31 486 352.498281097      -0.73      0.86     -0.74  0.        1474.297       4086.073       7467.828    0.000  -0.138   0.379   0.
  2017 352 11 57 32 486 352.498292671      -0.72      0.88     -0.76  0.        1473.001       4087.341       7468.148    0.000  -0.138   0.380   0.
  2017 352 11 57 33 486 352.498304245      -0.69      0.89     -0.76  0.        1471.705       4088.609       7468.468    0.000  -0.138   0.380   0.
  2017 352 11 57 34 486 352.498315819      -0.60      0.91     -0.72  0.        1470.409       4089.877       7468.787    0.000  -0.138   0.380   0.
  2017 352 11 57 35 486 352.498327393      -0.59      0.97     -0.69  0.        1469.113       4091.144       7469.105    0.000  -0.138   0.380   0.
  2017 352 11 57 36 486 352.498338967      -0.50      0.94     -0.67  0.        1467.817       4092.411       7469.423    0.000  -0.138   0.379   0.
  2017 352 11 57 37 486 352.498350541      -0.62      0.94     -0.68  0.        1466.521       4093.678       7469.740    0.000  -0.138   0.379   0.
  2017 352 11 57 38 486 352.498362115      -0.61      0.93     -0.66  0.        1465.225       4094.945       7470.057    0.000  -0.138   0.379   0.
  2017 352 11 57 39 486 352.498373689      -0.51      0.95     -0.72  0.        1463.928       4096.211       7470.374    0.000  -0.138   0.379   0.
  2017 352 11 57 40 486 352.498385263      -0.49      1.02     -0.80  0.        1462.632       4097.477       7470.690    0.000  -0.138   0.380   0.
  2017 352 11 57 41 486 352.498396837      -0.48      0.98     -0.89  0.        1461.335       4098.743       7471.005    0.000  -0.138   0.380   0.
  2017 352 11 57 42 486 352.498408411      -0.42      0.96     -0.93  0.        1460.039       4100.008       7471.320    0.000  -0.138   0.380   0.
  2017 352 11 57 43 486 352.498419986      -0.49      0.92     -0.99  0.        1458.742       4101.274       7471.635    0.000  -0.138   0.380   0.
  2017 352 11 57 44 486 352.498431560      -0.57      0.89     -0.76  0.        1457.445       4102.539       7471.949    0.000  -0.138   0.379   0.
  2017 352 11 57 45 486 352.498443134      -0.66      0.87     -0.77  0.        1456.148       4103.803       7472.262    0.000  -0.138   0.379   0.
  2017 352 11 57 46 486 352.498454708      -0.40      0.93     -0.96  0.        1454.851       4105.068       7472.575    0.000  -0.138   0.380   0.
  2017 352 11 57 47 486 352.498466282      -0.88      0.77     -1.14  0.        1453.554       4106.332       7472.888    0.000  -0.138   0.380   0.
  2017 352 11 57 48 486 352.498477856      -0.77      0.88     -1.09  0.        1452.257       4107.596       7473.200    0.000  -0.138   0.379   0.
  2017 352 11 57 49 486 352.498489430      -0.38      0.87     -1.00  0.        1450.959       4108.859       7473.511    0.000  -0.138   0.379   0.
  2017 352 11 57 50 486 352.498501004      -0.56      0.85     -0.80  0.        1449.662       4110.123       7473.822    0.000  -0.138   0.380   0.
  2017 352 11 57 51 486 352.498512578      -0.55      0.88     -0.99  0.        1448.365       4111.386       7474.133    0.000  -0.138   0.380   0.
  2017 352 11 57 52 486 352.498524152      -0.72      0.74     -1.01  0.        1447.067       4112.648       7474.443    0.000  -0.138   0.380   0.
  2017 352 11 57 53 486 352.498535726      -0.76      0.91     -0.97  0.        1445.769       4113.911       7474.753    0.000  -0.138   0.380   0.
  2017 352 11 57 54 486 352.498547297      -0.62      1.01     -1.02  0.        1444.471       4115.173       7475.062    0.000  -0.138   0.379   0.
  2017 352 11 57 55 486 352.498558871      -0.70      0.85     -1.16  0.        1443.173       4116.435       7475.370    0.000  -0.138   0.379   0.
  2017 352 11 57 56 486 352.498570446      -0.52      0.99     -1.16  0.        1441.876       4117.697       7475.678    0.000  -0.138   0.379   0.
  2017 352 11 57 57 486 352.498582020      -0.47      0.88     -1.05  0.        1440.577       4118.958       7475.986    0.000  -0.138   0.379   0.
  2017 352 11 57 58 486 352.498593594      -0.57      0.64     -0.93  0.        1439.279       4120.219       7476.293    0.000  -0.138   0.380   0.
  2017 352 11 57 59 486 352.498605168      -0.57      0.68     -0.99  0.        1437.981       4121.480       7476.599    0.000  -0.138   0.380   0.
  2017 352 11 58  0 486 352.498616742      -0.56      0.92     -0.76  0.        1436.683       4122.741       7476.905    0.000  -0.138   0.380   0.
  2017 352 11 58  1 486 352.498628316      -0.53      0.85     -0.61  0.        1435.384       4124.001       7477.211    0.000  -0.138   0.380   0.
  2017 352 11 58  2 486 352.498639890      -0.46      0.91     -0.84  0.        1434.086       4125.261       7477.516    0.000  -0.138   0.379   0.
  2017 352 11 58  3 486 352.498651464      -0.40      0.96     -0.83  0.        1432.787       4126.521       7477.821    0.000  -0.138   0.379   0.
  2017 352 11 58  4 486 352.498663038      -0.51      0.96     -0.70  0.        1431.488       4127.781       7478.125    0.000  -0.138   0.380   0.
  2017 352 11 58  5 486 352.498674612      -0.21      1.11     -0.85  0.        1430.189       4129.040       7478.429    0.000  -0.138   0.380   0.
  2017 352 11 58  6 486 352.498686186      -0.41      1.05     -1.00  0.        1428.890       4130.299       7478.732    0.000  -0.138   0.380   0.
  2017 352 11 58  7 486 352.498697760      -0.47      1.10     -0.94  0.        1427.591       4131.558       7479.034    0.000  -0.138   0.380   0.
  2017 352 11 58  8 486 352.498709335      -0.53      1.11     -0.95  0.        1426.292       4132.816       7479.336    0.000  -0.138   0.379   0.
  2017 352 11 58  9 486 352.498720909      -0.59      1.07     -1.00  0.        1424.993       4134.074       7479.638    0.000  -0.138   0.379   0.
  2017 352 11 58 10 486 352.498732483      -0.62      1.07     -0.96  0.        1423.694       4135.332       7479.939    0.000  -0.138   0.380   0.
  2017 352 11 58 11 486 352.498744057      -0.74      1.09     -0.70  0.        1422.394       4136.590       7480.240    0.000  -0.138   0.380   0.
  2017 352 11 58 12 486 352.498755631      -0.62      0.94     -0.87  0.        1421.095       4137.847       7480.540    0.000  -0.138   0.380   0.
  2017 352 11 58 13 486 352.498767205      -0.57      1.01     -0.81  0.        1419.795       4139.104       7480.840    0.000  -0.138   0.380   0.
  2017 352 11 58 14 486 352.498778779      -0.38      1.00     -0.77  0.        1418.495       4140.361       7481.139    0.000  -0.138   0.380   0.
  2017 352 11 58 15 486 352.498790353      -0.21      0.86     -1.01  0.        1417.196       4141.617       7481.438    0.000  -0.138   0.380   0.
  2017 352 11 58 16 486 352.498801927      -0.16      0.77     -1.29  0.        1415.896       4142.874       7481.736    0.000  -0.138   0.379   0.
  2017 352 11 58 17 486 352.498813501      -0.19      0.85     -1.31  0.        1414.596       4144.130       7482.034    0.000  -0.138   0.379   0.
  2017 352 11 58 18 486 352.498825075      -0.07      0.90     -1.21  0.        1413.296       4145.385       7482.331    0.000  -0.138   0.380   0.
  2017 352 11 58 19 486 352.498836649      -0.02      0.88     -1.30  0.        1411.996       4146.641       7482.628    0.000  -0.138   0.380   0.
  2017 352 11 58 20 486 352.498848223      -0.27      0.83     -1.20  0.        1410.695       4147.896       7482.924    0.000  -0.138   0.380   0.
  2017 352 11 58 21 486 352.498859797      -0.41      0.81     -1.19  0.        1409.395       4149.151       7483.220    0.000  -0.138   0.380   0.
  2017 352 11 58 22 486 352.498871371      -0.65      0.88     -0.95  0.        1408.095       4150.405       7483.515    0.000  -0.138   0.380   0.
  2017 352 11 58 23 486 352.498882946      -0.81      0.76     -0.86  0.        1406.794       4151.660       7483.810    0.000  -0.138   0.380   0.
  2017 352 11 58 24 486 352.498894517      -0.37      0.94     -0.82  0.        1405.493       4152.914       7484.104    0.000  -0.138   0.380   0.
  2017 352 11 58 25 486 352.498906091       0.19      1.12     -0.77  0.        1404.193       4154.168       7484.398    0.000  -0.138   0.380   0.
  2017 352 11 58 26 486 352.498917665      -0.49      0.79     -1.03  0.        1402.892       4155.421       7484.691    0.000  -0.138   0.380   0.
  2017 352 11 58 27 486 352.498929239      -0.45      0.81     -1.01  0.        1401.591       4156.675       7484.984    0.000  -0.138   0.380   0.
  2017 352 11 58 28 486 352.498940813      -0.09      1.09     -0.75  0.        1400.290       4157.928       7485.276    0.000  -0.138   0.380   0.
  2017 352 11 58 29 486 352.498952387      -0.42      0.76     -0.57  0.        1398.989       4159.180       7485.568    0.000  -0.138   0.380   0.
  2017 352 11 58 30 486 352.498963961      -0.17      0.70     -1.19  0.        1397.688       4160.433       7485.859    0.000  -0.138   0.380   0.
  2017 352 11 58 31 486 352.498975535      -0.24      0.77     -1.16  0.        1396.387       4161.685       7486.150    0.000  -0.138   0.380   0.
  2017 352 11 58 32 486 352.498987109      -0.59      0.79     -0.57  0.        1395.085       4162.937       7486.441    0.000  -0.138   0.380   0.
  2017 352 11 58 33 486 352.498998683      -0.59      0.71     -0.75  0.        1393.784       4164.188       7486.730    0.000  -0.138   0.380   0.
  2017 352 11 58 34 486 352.499010258      -0.52      0.74     -1.12  0.        1392.482       4165.440       7487.020    0.000  -0.138   0.380   0.
  2017 352 11 58 35 486 352.499021832      -0.65      0.78     -1.15  0.        1391.181       4166.691       7487.309    0.000  -0.138   0.380   0.
  2017 352 11 58 36 486 352.499033406      -0.63      0.85     -1.01  0.        1389.879       4167.942       7487.597    0.000  -0.138   0.380   0.
  2017 352 11 58 37 486 352.499044980      -0.84      0.85     -0.87  0.        1388.577       4169.192       7487.885    0.000  -0.138   0.380   0.
  2017 352 11 58 38 486 352.499056554      -0.36      1.14     -0.69  0.        1387.275       4170.443       7488.172    0.000  -0.138   0.379   0.
  2017 352 11 58 39 486 352.499068128      -0.48      0.95     -0.88  0.        1385.973       4171.693       7488.459    0.000  -0.138   0.379   0.
  2017 352 11 58 40 486 352.499079702      -0.72      0.79     -1.09  0.        1384.671       4172.942       7488.746    0.000  -0.138   0.380   0.
  2017 352 11 58 41 486 352.499091276      -0.88      0.78     -1.16  0.        1383.369       4174.192       7489.032    0.000  -0.138   0.380   0.
  2017 352 11 58 42 486 352.499102850      -0.63      1.12     -0.76  0.        1382.067       4175.441       7489.317    0.000  -0.138   0.380   0.
  2017 352 11 58 43 486 352.499114424      -0.56      0.95     -0.97  0.        1380.764       4176.690       7489.602    0.000  -0.138   0.380   0.
  2017 352 11 58 44 486 352.499125998      -0.65      0.94     -0.93  0.        1379.462       4177.938       7489.887    0.000  -0.138   0.379   0.
  2017 352 11 58 45 486 352.499137572      -0.52      0.98     -0.82  0.        1378.159       4179.186       7490.171    0.000  -0.138   0.379   0.
  2017 352 11 58 46 486 352.499149146      -0.66      0.86     -1.20  0.        1376.857       4180.435       7490.454    0.000  -0.138   0.380   0.
  2017 352 11 58 47 486 352.499160720      -0.62      0.71     -1.07  0.        1375.554       4181.683       7490.737    0.000  -0.138   0.380   0.
  2017 352 11 58 48 486 352.499172295      -0.25      0.85     -1.10  0.        1374.251       4182.931       7491.020    0.000  -0.138   0.380   0.
  2017 352 11 58 49 486 352.499183869      -0.39      0.86     -1.15  0.        1372.948       4184.177       7491.302    0.000  -0.138   0.380   0.
  2017 352 11 58 50 486 352.499195443      -0.31      0.91     -1.04  0.        1371.645       4185.425       7491.583    0.000  -0.138   0.380   0.
  2017 352 11 58 51 486 352.499207017      -0.39      0.78     -1.06  0.        1370.342       4186.671       7491.864    0.000  -0.138   0.380   0.
  2017 352 11 58 52 486 352.499218591      -0.20      0.90     -0.83  0.        1369.039       4187.918       7492.145    0.000  -0.138   0.380   0.
  2017 352 11 58 53 485 352.499230165      -0.21      0.96     -0.91  0.        1367.736       4189.164       7492.425    0.000  -0.138   0.380   0.
  2017 352 11 58 54 485 352.499241736      -0.54      0.71     -1.20  0.        1366.433       4190.410       7492.705    0.000  -0.138   0.380   0.
  2017 352 11 58 55 485 352.499253310      -0.27      0.89     -1.17  0.        1365.129       4191.656       7492.984    0.000  -0.138   0.380   0.
  2017 352 11 58 56 485 352.499264884      -0.15      0.91     -1.28  0.        1363.826       4192.901       7493.262    0.000  -0.138   0.380   0.
  2017 352 11 58 57 485 352.499276458      -0.20      0.96     -1.23  0.        1362.522       4194.146       7493.540    0.000  -0.138   0.380   0.
  2017 352 11 58 58 486 352.499288032      -0.25      0.97     -1.24  0.        1361.218       4195.391       7493.818    0.000  -0.138   0.380   0.
  2017 352 11 58 59 486 352.499299606      -0.33      0.98     -1.27  0.        1359.915       4196.635       7494.095    0.000  -0.138   0.380   0.
  2017 352 11 59  0 485 352.499311181      -0.54      1.04     -1.27  0.        1358.611       4197.880       7494.372    0.000  -0.138   0.380   0.
  2017 352 11 59  1 485 352.499322755      -0.81      1.04     -1.17  0.        1357.307       4199.124       7494.648    0.000  -0.138   0.380   0.
  2017 352 11 59  2 486 352.499334329      -1.05      1.02     -0.54  0.        1356.003       4200.367       7494.924    0.000  -0.138   0.380   0.
  2017 352 11 59  3 486 352.499345903      -0.48      1.02     -1.03  0.        1354.699       4201.611       7495.199    0.000  -0.138   0.380   0.
  2017 352 11 59  4 486 352.499357477      -0.30      1.12     -1.18  0.        1353.394       4202.854       7495.474    0.000  -0.138   0.380   0.
  2017 352 11 59  5 486 352.499369051      -0.20      1.18     -1.12  0.        1352.090       4204.097       7495.748    0.000  -0.138   0.380   0.
  2017 352 11 59  6 486 352.499380625      -0.22      1.27     -1.04  0.        1350.786       4205.340       7496.022    0.000  -0.138   0.379   0.
  2017 352 11 59  7 485 352.499392199      -0.29      1.11     -0.94  0.        1349.481       4206.582       7496.295    0.000  -0.138   0.379   0.
  2017 352 11 59  8 485 352.499403773      -0.49      1.10     -0.87  0.        1348.177       4207.824       7496.568    0.000  -0.138   0.379   0.
  2017 352 11 59  9 485 352.499415347      -0.42      0.94     -1.00  0.        1346.872       4209.066       7496.840    0.000  -0.138   0.379   0.
  2017 352 11 59 10 485 352.499426921      -0.52      0.89     -1.03  0.        1345.567       4210.307       7497.112    0.000  -0.138   0.380   0.
  2017 352 11 59 11 486 352.499438495      -0.37      0.75     -1.13  0.        1344.262       4211.549       7497.383    0.000  -0.138   0.380   0.
  2017 352 11 59 12 486 352.499450069       0.09      1.09     -1.09  0.        1342.958       4212.790       7497.654    0.000  -0.138   0.380   0.
  2017 352 11 59 13 485 352.499461643      -0.17      0.92     -1.00  0.        1341.653       4214.030       7497.924    0.000  -0.138   0.380   0.
  2017 352 11 59 14 485 352.499473218       0.18      1.23     -0.75  0.        1340.347       4215.271       7498.194    0.000  -0.138   0.379   0.
  2017 352 11 59 15 486 352.499484792      -0.40      0.96     -0.88  0.        1339.042       4216.511       7498.463    0.000  -0.138   0.379   0.
  2017 352 11 59 16 486 352.499496366      -0.59      0.91     -0.89  0.        1337.737       4217.751       7498.732    0.000  -0.138   0.380   0.
  2017 352 11 59 17 486 352.499507940      -0.54      0.93     -0.89  0.        1336.432       4218.991       7499.000    0.000  -0.138   0.380   0.
  2017 352 11 59 18 486 352.499519514      -0.51      0.94     -0.99  0.        1335.126       4220.230       7499.268    0.000  -0.138   0.379   0.
  2017 352 11 59 19 486 352.499531088      -0.31      0.99     -0.85  0.        1333.821       4221.469       7499.536    0.000  -0.138   0.379   0.
  2017 352 11 59 20 485 352.499542662      -0.18      1.03     -0.83  0.        1332.515       4222.708       7499.803    0.000  -0.138   0.380   0.
  2017 352 11 59 21 485 352.499554236      -0.38      0.90     -0.92  0.        1331.209       4223.946       7500.069    0.000  -0.138   0.380   0.
  2017 352 11 59 22 485 352.499565807      -0.36      0.84     -0.91  0.        1329.904       4225.185       7500.335    0.000  -0.138   0.379   0.
  2017 352 11 59 23 485 352.499577381      -0.08      1.07     -0.75  0.        1328.598       4226.423       7500.601    0.000  -0.138   0.379   0.
  2017 352 11 59 24 485 352.499588955      -0.25      0.94     -0.96  0.        1327.292       4227.661       7500.866    0.000  -0.138   0.380   0.
  2017 352 11 59 25 485 352.499600529      -0.50      0.91     -0.97  0.        1325.986       4228.898       7501.130    0.000  -0.138   0.380   0.
  2017 352 11 59 26 485 352.499612104      -0.62      0.94     -1.18  0.        1324.680       4230.135       7501.394    0.000  -0.138   0.380   0.
  2017 352 11 59 27 485 352.499623678      -0.39      1.03     -0.89  0.        1323.373       4231.372       7501.658    0.000  -0.138   0.380   0.
  2017 352 11 59 28 485 352.499635252      -0.20      1.14     -0.73  0.        1322.067       4232.609       7501.921    0.000  -0.138   0.380   0.
  2017 352 11 59 29 485 352.499646826      -0.48      1.00     -0.72  0.        1320.761       4233.845       7502.183    0.000  -0.138   0.380   0.
  2017 352 11 59 30 485 352.499658400      -0.55      0.91     -1.12  0.        1319.454       4235.081       7502.445    0.000  -0.138   0.380   0.
  2017 352 11 59 31 485 352.499669974      -0.01      1.22     -0.89  0.        1318.148       4236.317       7502.707    0.000  -0.138   0.380   0.
  2017 352 11 59 32 485 352.499681548      -0.82      0.80     -0.96  0.        1316.841       4237.552       7502.968    0.000  -0.138   0.379   0.
  2017 352 11 59 33 485 352.499693122      -0.40      0.87     -1.05  0.        1315.534       4238.788       7503.229    0.000  -0.138   0.379   0.
  2017 352 11 59 34 485 352.499704696      -0.16      1.23     -0.60  0.        1314.228       4240.023       7503.489    0.000  -0.138   0.380   0.
  2017 352 11 59 35 485 352.499716270      -0.54      0.77     -1.03  0.        1312.921       4241.257       7503.748    0.000  -0.138   0.380   0.
  2017 352 11 59 36 485 352.499727844      -0.53      0.73     -1.22  0.        1311.614       4242.492       7504.007    0.000  -0.138   0.379   0.
  2017 352 11 59 37 485 352.499739418      -0.19      1.14     -1.03  0.        1310.307       4243.726       7504.266    0.000  -0.138   0.379   0.
  2017 352 11 59 38 485 352.499750992      -0.29      1.11     -0.87  0.        1308.999       4244.960       7504.524    0.000  -0.138   0.379   0.
  2017 352 11 59 39 485 352.499762567      -0.35      1.11     -0.54  0.        1307.692       4246.194       7504.782    0.000  -0.138   0.379   0.
  2017 352 11 59 40 485 352.499774141      -0.40      0.89     -0.79  0.        1306.385       4247.427       7505.039    0.000  -0.138   0.380   0.
  2017 352 11 59 41 485 352.499785715      -0.58      0.83     -0.89  0.        1305.077       4248.660       7505.296    0.000  -0.138   0.380   0.
  2017 352 11 59 42 485 352.499797289      -0.56      0.84     -1.01  0.        1303.770       4249.893       7505.552    0.000  -0.138   0.379   0.
  2017 352 11 59 43 485 352.499808863      -0.52      0.84     -1.10  0.        1302.462       4251.125       7505.808    0.000  -0.138   0.379   0.
  2017 352 11 59 44 485 352.499820437      -0.58      0.90     -0.90  0.        1301.155       4252.358       7506.063    0.000  -0.138   0.380   0.
  2017 352 11 59 45 485 352.499832011      -0.55      1.00     -0.78  0.        1299.847       4253.590       7506.318    0.000  -0.138   0.380   0.
  2017 352 11 59 46 485 352.499843585      -0.55      0.94     -0.90  0.        1298.539       4254.821       7506.572    0.000  -0.138   0.380   0.
  2017 352 11 59 47 485 352.499855159      -0.74      0.88     -0.80  0.        1297.231       4256.053       7506.826    0.000  -0.138   0.380   0.
  2017 352 11 59 48 485 352.499866733      -0.73      0.83     -0.77  0.        1295.923       4257.284       7507.080    0.000  -0.138   0.380   0.
  2017 352 11 59 49 485 352.499878307      -0.19      0.93     -1.02  0.        1294.615       4258.515       7507.332    0.000  -0.138   0.380   0.
  2017 352 11 59 50 485 352.499889881       0.11      0.91     -1.17  0.        1293.307       4259.745       7507.585    0.000  -0.138   0.380   0.
  2017 352 11 59 51 485 352.499901455      -0.19      0.77     -0.89  0.        1291.999       4260.976       7507.837    0.000  -0.138   0.380   0.
  2017 352 11 59 52 485 352.499913029       0.15      0.85     -1.04  0.        1290.691       4262.206       7508.088    0.000  -0.138   0.380   0.
  2017 352 11 59 53 485 352.499924604       0.43      1.02     -1.18  0.        1289.382       4263.436       7508.339    0.000  -0.138   0.380   0.
  2017 352 11 59 54 485 352.499936175       0.28      1.24     -0.92  0.        1288.074       4264.665       7508.589    0.000  -0.138   0.380   0.
  2017 352 11 59 55 485 352.499947749      -0.23      1.12     -0.91  0.        1286.765       4265.894       7508.839    0.000  -0.138   0.380   0.
  2017 352 11 59 56 485 352.499959323      -0.46      0.98     -0.99  0.        1285.456       4267.123       7509.089    0.000  -0.138   0.380   0.
  2017 352 11 59 57 485 352.499970897      -0.39      1.10     -0.72  0.        1284.148       4268.352       7509.338    0.000  -0.138   0.380   0.
  2017 352 11 59 58 485 352.499982471      -0.23      1.17     -1.02  0.        1282.839       4269.580       7509.586    0.000  -0.138   0.380   0.
  2017 352 11 59 59 485 352.499994045      -0.25      1.14     -1.17  0.        1281.530       4270.809       7509.834    0.000  -0.138   0.380   0.
  2017 352 12  0  0 485 352.500005619      -0.26      0.99     -1.13  0.        1280.221       4272.036       7510.082    0.000  -0.138   0.380   0.
  2017 352 12  0  1 485 352.500017193      -0.15      1.12     -0.88  0.        1278.912       4273.264       7510.329    0.000  -0.138   0.380   0.
  2017 352 12  0  2 485 352.500028767      -0.02      1.09     -0.93  0.        1277.603       4274.491       7510.576    0.000  -0.138   0.380   0.
  2017 352 12  0  3 485 352.500040341      -0.01      1.18     -0.77  0.        1276.294       4275.718       7510.822    0.000  -0.138   0.380   0.
  2017 352 12  0  4 485 352.500051916      -0.14      1.19     -0.64  0.        1274.984       4276.945       7511.067    0.000  -0.138   0.379   0.
  2017 352 12  0  5 485 352.500063490      -0.04      1.22     -0.77  0.        1273.675       4278.172       7511.312    0.000  -0.138   0.379   0.
  2017 352 12  0  6 485 352.500075064       0.02      1.21     -0.88  0.        1272.365       4279.398       7511.557    0.000  -0.138   0.379   0.
  2017 352 12  0  7 485 352.500086638      -0.04      1.15     -0.90  0.        1271.056       4280.624       7511.801    0.000  -0.138   0.379   0.
  2017 352 12  0  8 485 352.500098212      -0.20      1.14     -0.89  0.        1269.746       4281.850       7512.045    0.000  -0.138   0.380   0.
  2017 352 12  0  9 485 352.500109786      -0.44      1.19     -0.91  0.        1268.436       4283.075       7512.288    0.000  -0.138   0.380   0.
  2017 352 12  0 10 485 352.500121360      -0.57      1.14     -0.88  0.        1267.127       4284.300       7512.531    0.000  -0.138   0.380   0.
  2017 352 12  0 11 485 352.500132934      -0.58      1.14     -0.90  0.        1265.817       4285.525       7512.773    0.000  -0.138   0.380   0.
  2017 352 12  0 12 485 352.500144508      -0.42      1.18     -0.96  0.        1264.507       4286.750       7513.015    0.000  -0.138   0.379   0.
  2017 352 12  0 13 485 352.500156082      -0.35      1.15     -0.96  0.        1263.197       4287.974       7513.256    0.000  -0.138   0.379   0.
  2017 352 12  0 14 485 352.500167656      -0.49      1.13     -0.94  0.        1261.887       4289.198       7513.497    0.000  -0.138   0.380   0.
  2017 352 12  0 15 485 352.500179230      -0.56      1.20     -0.98  0.        1260.576       4290.422       7513.737    0.000  -0.138   0.380   0.
  2017 352 12  0 16 485 352.500190804      -0.66      1.24     -0.91  0.        1259.266       4291.645       7513.977    0.000  -0.138   0.380   0.
  2017 352 12  0 17 485 352.500202379      -0.80      1.11     -0.91  0.        1257.956       4292.868       7514.217    0.000  -0.138   0.380   0.
  2017 352 12  0 18 485 352.500213953      -0.84      1.10     -0.87  0.        1256.645       4294.091       7514.455    0.000  -0.138   0.379   0.
  2017 352 12  0 19 485 352.500225527      -0.74      1.01     -0.79  0.        1255.335       4295.314       7514.694    0.000  -0.138   0.379   0.
  2017 352 12  0 20 485 352.500237101      -0.96      1.02     -0.87  0.        1254.024       4296.536       7514.932    0.000  -0.138   0.379   0.
  2017 352 12  0 21 485 352.500248675      -0.84      1.22     -0.66  0.        1252.714       4297.759       7515.169    0.000  -0.138   0.379   0.
  2017 352 12  0 22 485 352.500260249      -0.67      1.12     -0.67  0.        1251.403       4298.980       7515.406    0.000  -0.138   0.380   0.
  2017 352 12  0 23 485 352.500271823      -0.81      1.11     -0.72  0.        1250.092       4300.202       7515.643    0.000  -0.138   0.380   0.
  2017 352 12  0 24 485 352.500283394      -0.91      1.08     -1.01  0.        1248.781       4301.423       7515.879    0.000  -0.138   0.379   0.
  2017 352 12  0 25 485 352.500294968      -1.12      1.06     -0.95  0.        1247.470       4302.644       7516.114    0.000  -0.138   0.379   0.
  2017 352 12  0 26 485 352.500306542      -1.17      1.24     -0.92  0.        1246.159       4303.865       7516.349    0.000  -0.138   0.379   0.
  2017 352 12  0 27 485 352.500318116      -1.19      1.30     -0.87  0.        1244.848       4305.086       7516.584    0.000  -0.138   0.379   0.
  2017 352 12  0 28 485 352.500329690      -0.96      1.32     -0.93  0.        1243.537       4306.306       7516.818    0.000  -0.138   0.380   0.
  2017 352 12  0 29 485 352.500341264      -0.78      1.27     -0.61  0.        1242.225       4307.526       7517.051    0.000  -0.138   0.380   0.
  2017 352 12  0 30 485 352.500352839      -0.92      1.16     -0.48  0.        1240.914       4308.745       7517.284    0.000  -0.138   0.379   0.
  2017 352 12  0 31 485 352.500364413      -0.90      1.18     -0.64  0.        1239.602       4309.965       7517.517    0.000  -0.138   0.379   0.
  2017 352 12  0 32 485 352.500375987      -0.76      1.12     -0.72  0.        1238.291       4311.184       7517.749    0.000  -0.138   0.379   0.
  2017 352 12  0 33 485 352.500387561      -0.66      1.08     -0.81  0.        1236.979       4312.403       7517.981    0.000  -0.138   0.379   0.
  2017 352 12  0 34 485 352.500399135      -0.76      1.10     -0.82  0.        1235.668       4313.621       7518.212    0.000  -0.138   0.380   0.
  2017 352 12  0 35 485 352.500410709      -0.73      1.15     -0.83  0.        1234.356       4314.839       7518.443    0.000  -0.138   0.380   0.
  2017 352 12  0 36 485 352.500422283      -0.78      1.15     -0.86  0.        1233.043       4316.057       7518.673    0.000  -0.138   0.380   0.
  2017 352 12  0 37 485 352.500433857      -0.72      1.08     -0.92  0.        1231.732       4317.275       7518.903    0.000  -0.138   0.380   0.
  2017 352 12  0 38 485 352.500445431      -0.65      1.01     -1.02  0.        1230.419       4318.493       7519.132    0.000  -0.138   0.379   0.
  2017 352 12  0 39 485 352.500457005      -0.56      1.01     -1.07  0.        1229.108       4319.710       7519.361    0.000  -0.138   0.379   0.
  2017 352 12  0 40 485 352.500468579      -0.64      0.93     -1.08  0.        1227.796       4320.927       7519.589    0.000  -0.138   0.380   0.
  2017 352 12  0 41 485 352.500480153      -0.80      0.98     -0.96  0.        1226.484       4322.143       7519.817    0.000  -0.138   0.380   0.
  2017 352 12  0 42 485 352.500491727      -0.77      1.06     -0.75  0.        1225.171       4323.360       7520.044    0.000  -0.138   0.380   0.
  2017 352 12  0 43 485 352.500503302      -0.68      1.29     -0.82  0.        1223.859       4324.576       7520.271    0.000  -0.138   0.380   0.
  2017 352 12  0 44 485 352.500514876      -0.75      1.27     -0.90  0.        1222.546       4325.792       7520.498    0.000  -0.138   0.380   0.
  2017 352 12  0 45 485 352.500526450      -0.93      1.16     -1.01  0.        1221.234       4327.007       7520.724    0.000  -0.138   0.380   0.
  2017 352 12  0 46 485 352.500538024      -0.97      1.15     -0.93  0.        1219.921       4328.222       7520.949    0.000  -0.138   0.380   0.
  2017 352 12  0 47 485 352.500549598      -0.84      1.19     -0.92  0.        1218.608       4329.437       7521.174    0.000  -0.138   0.380   0.
  2017 352 12  0 48 485 352.500561172      -0.68      1.20     -1.02  0.        1217.295       4330.652       7521.399    0.000  -0.138   0.380   0.
  2017 352 12  0 49 485 352.500572746      -0.51      1.18     -1.10  0.        1215.982       4331.866       7521.623    0.000  -0.138   0.380   0.
  2017 352 12  0 50 485 352.500584320      -0.45      1.27     -0.89  0.        1214.669       4333.081       7521.846    0.000  -0.138   0.379   0.
  2017 352 12  0 51 485 352.500595894      -0.67      0.90     -0.90  0.        1213.356       4334.294       7522.069    0.000  -0.138   0.379   0.
  2017 352 12  0 52 485 352.500607468      -0.67      1.02     -1.02  0.        1212.043       4335.508       7522.292    0.000  -0.138   0.379   0.
  2017 352 12  0 53 485 352.500619042      -0.74      1.08     -1.10  0.        1210.730       4336.721       7522.514    0.000  -0.138   0.379   0.
  2017 352 12  0 54 485 352.500630613      -0.74      1.00     -1.08  0.        1209.417       4337.934       7522.735    0.000  -0.138   0.380   0.
  2017 352 12  0 55 485 352.500642187      -0.46      1.10     -1.27  0.        1208.103       4339.147       7522.956    0.000  -0.138   0.380   0.
  2017 352 12  0 56 484 352.500653762      -0.74      0.93     -1.23  0.        1206.790       4340.360       7523.177    0.000  -0.138   0.380   0.
  2017 352 12  0 57 484 352.500665336      -0.71      1.10     -0.99  0.        1205.476       4341.572       7523.397    0.000  -0.138   0.380   0.
  2017 352 12  0 58 485 352.500676910      -0.58      1.19     -0.91  0.        1204.163       4342.784       7523.617    0.000  -0.138   0.380   0.
  2017 352 12  0 59 485 352.500688484      -0.70      1.12     -1.00  0.        1202.849       4343.995       7523.836    0.000  -0.138   0.380   0.
  2017 352 12  1  0 485 352.500700058      -0.87      1.09     -1.02  0.        1201.535       4345.207       7524.055    0.000  -0.138   0.380   0.
  2017 352 12  1  1 485 352.500711632      -1.04      1.07     -1.07  0.        1200.222       4346.418       7524.273    0.000  -0.138   0.380   0.
  2017 352 12  1  2 484 352.500723206      -1.01      1.11     -0.87  0.        1198.908       4347.629       7524.491    0.000  -0.138   0.380   0.
  2017 352 12  1  3 484 352.500734780      -0.98      1.09     -1.09  0.        1197.594       4348.839       7524.708    0.000  -0.138   0.380   0.
  2017 352 12  1  4 484 352.500746354      -1.02      1.21     -1.14  0.        1196.280       4350.050       7524.925    0.000  -0.138   0.380   0.
  2017 352 12  1  5 484 352.500757928      -0.96      1.16     -0.84  0.        1194.966       4351.260       7525.142    0.000  -0.138   0.380   0.
  2017 352 12  1  6 484 352.500769502      -0.67      1.26     -0.89  0.        1193.651       4352.469       7525.357    0.000  -0.138   0.380   0.
  2017 352 12  1  7 485 352.500781076      -0.68      0.95     -1.04  0.        1192.337       4353.679       7525.573    0.000  -0.138   0.380   0.
  2017 352 12  1  8 485 352.500792650      -0.65      0.81     -1.23  0.        1191.023       4354.888       7525.788    0.000  -0.138   0.380   0.
  2017 352 12  1  9 484 352.500804225      -0.68      0.68     -1.24  0.        1189.708       4356.097       7526.002    0.000  -0.138   0.380   0.
  2017 352 12  1 10 484 352.500815799      -0.55      0.72     -1.30  0.        1188.394       4357.306       7526.216    0.000  -0.138   0.380   0.
  2017 352 12  1 11 485 352.500827373      -0.33      0.60     -1.44  0.        1187.079       4358.514       7526.430    0.000  -0.138   0.380   0.
  2017 352 12  1 12 485 352.500838947      -0.05      0.27     -1.60  0.        1185.765       4359.722       7526.643    0.000  -0.138   0.380   0.
  2017 352 12  1 13 485 352.500850521      -0.13      0.36     -1.51  0.        1184.450       4360.930       7526.855    0.000  -0.138   0.380   0.
  2017 352 12  1 14 485 352.500862095      -0.65      0.34     -1.57  0.        1183.135       4362.138       7527.067    0.000  -0.138   0.380   0.
  2017 352 12  1 15 485 352.500873669      -0.81      0.73     -1.39  0.        1181.820       4363.345       7527.279    0.000  -0.138   0.380   0.
  2017 352 12  1 16 484 352.500885243      -0.40      1.17     -1.09  0.        1180.505       4364.552       7527.490    0.000  -0.138   0.380   0.
  2017 352 12  1 17 484 352.500896817      -0.09      1.14     -1.18  0.        1179.190       4365.759       7527.701    0.000  -0.138   0.380   0.
  2017 352 12  1 18 484 352.500908391      -0.01      1.00     -1.68  0.        1177.875       4366.965       7527.911    0.000  -0.138   0.380   0.
  2017 352 12  1 19 484 352.500919965      -0.28      0.75     -1.68  0.        1176.560       4368.171       7528.121    0.000  -0.138   0.380   0.
  2017 352 12  1 20 484 352.500931539       0.09      0.97     -1.35  0.        1175.245       4369.377       7528.330    0.000  -0.138   0.380   0.
  2017 352 12  1 21 485 352.500943113      -0.11      1.09     -1.23  0.        1173.930       4370.583       7528.538    0.000  -0.138   0.380   0.
  2017 352 12  1 22 484 352.500954688      -0.11      0.84     -1.17  0.        1172.614       4371.788       7528.747    0.000  -0.138   0.380   0.
  2017 352 12  1 23 484 352.500966262       0.01      1.03     -1.03  0.        1171.299       4372.993       7528.954    0.000  -0.138   0.380   0.
  2017 352 12  1 24 484 352.500977833      -0.29      1.02     -1.01  0.        1169.983       4374.198       7529.162    0.000  -0.138   0.380   0.
  2017 352 12  1 25 484 352.500989407       0.01      1.26     -0.82  0.        1168.668       4375.402       7529.369    0.000  -0.138   0.380   0.
  2017 352 12  1 26 484 352.501000981      -0.05      1.36     -0.88  0.        1167.352       4376.607       7529.575    0.000  -0.138   0.380   0.
  2017 352 12  1 27 484 352.501012555      -0.14      1.05     -1.14  0.        1166.036       4377.811       7529.781    0.000  -0.138   0.380   0.
  2017 352 12  1 28 484 352.501024129      -0.24      1.14     -1.14  0.        1164.720       4379.014       7529.986    0.000  -0.138   0.380   0.
  2017 352 12  1 29 484 352.501035703      -0.28      1.12     -1.04  0.        1163.404       4380.218       7530.191    0.000  -0.138   0.380   0.
  2017 352 12  1 30 484 352.501047277      -0.38      1.08     -1.03  0.        1162.089       4381.421       7530.396    0.000  -0.138   0.380   0.
  2017 352 12  1 31 484 352.501058851      -0.35      1.13     -0.97  0.        1160.772       4382.624       7530.600    0.000  -0.138   0.380   0.
  2017 352 12  1 32 484 352.501070425      -0.46      0.86     -1.20  0.        1159.456       4383.826       7530.803    0.000  -0.138   0.379   0.
  2017 352 12  1 33 484 352.501081999      -0.52      0.84     -1.28  0.        1158.140       4385.029       7531.006    0.000  -0.138   0.379   0.
  2017 352 12  1 34 484 352.501093573      -0.51      0.97     -1.17  0.        1156.824       4386.231       7531.209    0.000  -0.138   0.380   0.
  2017 352 12  1 35 484 352.501105148      -0.44      1.00     -1.18  0.        1155.508       4387.432       7531.411    0.000  -0.138   0.380   0.
  2017 352 12  1 36 484 352.501116722      -0.29      1.07     -1.13  0.        1154.191       4388.634       7531.613    0.000  -0.138   0.379   0.
  2017 352 12  1 37 484 352.501128296      -0.20      1.03     -1.05  0.        1152.875       4389.835       7531.814    0.000  -0.138   0.379   0.
  2017 352 12  1 38 484 352.501139870      -0.25      1.01     -0.99  0.        1151.558       4391.036       7532.014    0.000  -0.138   0.379   0.
  2017 352 12  1 39 484 352.501151444      -0.25      1.18     -0.70  0.        1150.241       4392.237       7532.215    0.000  -0.138   0.379   0.
  2017 352 12  1 40 484 352.501163018      -0.40      1.17     -0.69  0.        1148.925       4393.437       7532.414    0.000  -0.138   0.380   0.
  2017 352 12  1 41 484 352.501174592      -0.53      1.15     -0.58  0.        1147.608       4394.637       7532.614    0.000  -0.138   0.380   0.
  2017 352 12  1 42 484 352.501186166      -0.59      1.28     -0.34  0.        1146.291       4395.837       7532.812    0.000  -0.138   0.379   0.
  2017 352 12  1 43 484 352.501197740      -0.99      1.22     -0.23  0.        1144.974       4397.036       7533.011    0.000  -0.138   0.379   0.
  2017 352 12  1 44 484 352.501209314      -1.07      0.85     -0.64  0.        1143.657       4398.236       7533.208    0.000  -0.138   0.379   0.
  2017 352 12  1 45 484 352.501220888      -0.92      0.75     -1.02  0.        1142.340       4399.435       7533.406    0.000  -0.138   0.379   0.
  2017 352 12  1 46 484 352.501232462      -0.97      0.87     -0.78  0.        1141.023       4400.633       7533.603    0.000  -0.138   0.379   0.
  2017 352 12  1 47 484 352.501244036      -1.00      0.90     -0.93  0.        1139.706       4401.832       7533.799    0.000  -0.138   0.379   0.
  2017 352 12  1 48 484 352.501255611      -1.13      0.82     -0.99  0.        1138.389       4403.030       7533.995    0.000  -0.138   0.379   0.
  2017 352 12  1 49 484 352.501267185      -0.87      0.95     -0.89  0.        1137.071       4404.228       7534.190    0.000  -0.138   0.379   0.
  2017 352 12  1 50 484 352.501278759      -0.91      0.84     -0.99  0.        1135.754       4405.426       7534.385    0.000  -0.138   0.379   0.
  2017 352 12  1 51 484 352.501290333      -1.13      1.05     -0.86  0.        1134.436       4406.623       7534.580    0.000  -0.138   0.379   0.
  2017 352 12  1 52 484 352.501301907      -1.11      1.04     -0.91  0.        1133.119       4407.820       7534.774    0.000  -0.138   0.379   0.
  2017 352 12  1 53 484 352.501313481      -1.38      0.99     -0.96  0.        1131.801       4409.017       7534.968    0.000  -0.138   0.379   0.
  2017 352 12  1 54 484 352.501325052      -1.28      1.10     -0.94  0.        1130.484       4410.213       7535.161    0.000  -0.138   0.379   0.
  2017 352 12  1 55 484 352.501336626      -0.92      1.10     -1.00  0.        1129.166       4411.409       7535.353    0.000  -0.138   0.379   0.
  2017 352 12  1 56 484 352.501348200      -0.91      0.82     -1.28  0.        1127.848       4412.605       7535.545    0.000  -0.138   0.379   0.
  2017 352 12  1 57 484 352.501359774      -1.10      0.83     -1.38  0.        1126.530       4413.801       7535.737    0.000  -0.138   0.379   0.
  2017 352 12  1 58 484 352.501371348      -0.92      1.00     -1.15  0.        1125.212       4414.997       7535.928    0.000  -0.138   0.380   0.
  2017 352 12  1 59 484 352.501382922      -0.62      0.85     -1.11  0.        1123.894       4416.192       7536.119    0.000  -0.138   0.380   0.
  2017 352 12  2  0 484 352.501394496      -0.49      0.89     -1.07  0.        1122.576       4417.387       7536.309    0.000  -0.138   0.379   0.
  2017 352 12  2  1 484 352.501406071      -0.44      0.91     -1.10  0.        1121.258       4418.581       7536.499    0.000  -0.138   0.379   0.
  2017 352 12  2  2 484 352.501417645      -0.55      0.90     -1.03  0.        1119.939       4419.775       7536.688    0.000  -0.138   0.380   0.
  2017 352 12  2  3 484 352.501429219      -0.62      0.81     -1.13  0.        1118.621       4420.969       7536.877    0.000  -0.138   0.380   0.
  2017 352 12  2  4 484 352.501440793      -0.80      0.76     -1.20  0.        1117.303       4422.163       7537.065    0.000  -0.138   0.379   0.
  2017 352 12  2  5 484 352.501452367      -0.85      0.84     -1.15  0.        1115.984       4423.357       7537.253    0.000  -0.138   0.379   0.
  2017 352 12  2  6 484 352.501463941      -0.82      0.96     -1.14  0.        1114.666       4424.550       7537.441    0.000  -0.138   0.380   0.
  2017 352 12  2  7 484 352.501475515      -0.80      0.92     -1.15  0.        1113.347       4425.743       7537.628    0.000  -0.138   0.380   0.
  2017 352 12  2  8 484 352.501487089      -0.67      0.98     -1.18  0.        1112.028       4426.935       7537.814    0.000  -0.138   0.380   0.
  2017 352 12  2  9 484 352.501498663      -0.45      1.04     -1.09  0.        1110.709       4428.128       7538.000    0.000  -0.138   0.380   0.
  2017 352 12  2 10 484 352.501510237      -0.52      1.00     -1.09  0.        1109.391       4429.320       7538.186    0.000  -0.138   0.379   0.
  2017 352 12  2 11 484 352.501521811      -0.71      0.89     -0.90  0.        1108.072       4430.512       7538.371    0.000  -0.138   0.379   0.
  2017 352 12  2 12 484 352.501533385      -0.70      0.90     -0.86  0.        1106.753       4431.703       7538.555    0.000  -0.138   0.380   0.
  2017 352 12  2 13 484 352.501544959      -0.81      0.88     -0.84  0.        1105.434       4432.894       7538.740    0.000  -0.138   0.380   0.
  2017 352 12  2 14 484 352.501556534      -0.88      0.92     -0.96  0.        1104.115       4434.085       7538.923    0.000  -0.138   0.380   0.
  2017 352 12  2 15 484 352.501568108      -0.92      1.01     -0.85  0.        1102.796       4435.276       7539.106    0.000  -0.138   0.380   0.
  2017 352 12  2 16 484 352.501579682      -1.11      1.07     -0.80  0.        1101.476       4436.467       7539.289    0.000  -0.138   0.379   0.
  2017 352 12  2 17 484 352.501591256      -1.16      0.75     -0.98  0.        1100.157       4437.657       7539.471    0.000  -0.138   0.379   0.
  2017 352 12  2 18 484 352.501602830      -1.61      1.05     -0.64  0.        1098.838       4438.847       7539.653    0.000  -0.138   0.380   0.
  2017 352 12  2 19 484 352.501614404      -1.17      0.93     -0.92  0.        1097.518       4440.036       7539.834    0.000  -0.138   0.380   0.
  2017 352 12  2 20 484 352.501625978      -0.97      1.18     -1.04  0.        1096.199       4441.225       7540.015    0.000  -0.138   0.380   0.
  2017 352 12  2 21 484 352.501637552      -0.98      1.21     -0.88  0.        1094.879       4442.415       7540.196    0.000  -0.138   0.380   0.
  2017 352 12  2 22 484 352.501649123      -1.09      1.00     -0.77  0.        1093.559       4443.603       7540.375    0.000  -0.138   0.379   0.
  2017 352 12  2 23 484 352.501660697      -0.92      1.01     -0.92  0.        1092.240       4444.792       7540.555    0.000  -0.138   0.379   0.
  2017 352 12  2 24 484 352.501672271      -0.60      1.33     -1.07  0.        1090.920       4445.980       7540.734    0.000  -0.138   0.380   0.
  2017 352 12  2 25 484 352.501683845      -0.46      1.29     -1.02  0.        1089.600       4447.168       7540.912    0.000  -0.138   0.380   0.
  2017 352 12  2 26 484 352.501695420      -0.66      0.72     -1.16  0.        1088.280       4448.356       7541.090    0.000  -0.138   0.380   0.
  2017 352 12  2 27 484 352.501706994      -0.83      0.72     -0.97  0.        1086.960       4449.543       7541.268    0.000  -0.138   0.380   0.
  2017 352 12  2 28 484 352.501718568      -1.05      1.18     -0.66  0.        1085.640       4450.730       7541.445    0.000  -0.138   0.380   0.
  2017 352 12  2 29 484 352.501730142      -0.81      1.62     -0.63  0.        1084.320       4451.917       7541.622    0.000  -0.138   0.380   0.
  2017 352 12  2 30 484 352.501741716      -0.44      1.50     -0.83  0.        1083.000       4453.103       7541.798    0.000  -0.138   0.379   0.
  2017 352 12  2 31 484 352.501753290      -0.46      1.38     -1.00  0.        1081.680       4454.290       7541.973    0.000  -0.138   0.379   0.
  2017 352 12  2 32 484 352.501764864      -0.52      1.19     -1.18  0.        1080.359       4455.476       7542.148    0.000  -0.138   0.380   0.
  2017 352 12  2 33 484 352.501776438      -0.94      0.98     -1.12  0.        1079.039       4456.661       7542.323    0.000  -0.138   0.380   0.
  2017 352 12  2 34 484 352.501788012      -0.77      1.68     -1.11  0.        1077.718       4457.847       7542.497    0.000  -0.138   0.379   0.
  2017 352 12  2 35 484 352.501799586      -0.40      1.73     -1.07  0.        1076.398       4459.032       7542.671    0.000  -0.138   0.379   0.
  2017 352 12  2 36 484 352.501811160      -0.52      1.51     -0.94  0.        1075.077       4460.217       7542.844    0.000  -0.138   0.380   0.
  2017 352 12  2 37 484 352.501822734      -0.54      1.12     -1.08  0.        1073.757       4461.401       7543.017    0.000  -0.138   0.380   0.
  2017 352 12  2 38 484 352.501834308      -0.59      0.90     -1.13  0.        1072.436       4462.585       7543.190    0.000  -0.138   0.380   0.
  2017 352 12  2 39 484 352.501845883      -0.86      1.22     -0.99  0.        1071.115       4463.770       7543.362    0.000  -0.138   0.380   0.
  2017 352 12  2 40 484 352.501857457      -0.40      1.27     -1.15  0.        1069.794       4464.953       7543.533    0.000  -0.138   0.379   0.
  2017 352 12  2 41 484 352.501869031      -0.76      0.77     -1.29  0.        1068.473       4466.137       7543.704    0.000  -0.138   0.379   0.
  2017 352 12  2 42 484 352.501880605      -1.07      1.05     -0.97  0.        1067.152       4467.320       7543.874    0.000  -0.138   0.380   0.
  2017 352 12  2 43 484 352.501892179      -1.12      1.04     -0.73  0.        1065.831       4468.503       7544.044    0.000  -0.138   0.380   0.
  2017 352 12  2 44 484 352.501903753      -1.18      1.16     -0.47  0.        1064.510       4469.686       7544.214    0.000  -0.138   0.379   0.
  2017 352 12  2 45 484 352.501915327      -0.90      1.30     -0.74  0.        1063.189       4470.869       7544.383    0.000  -0.138   0.379   0.
  2017 352 12  2 46 484 352.501926901      -0.53      1.19     -1.09  0.        1061.868       4472.051       7544.552    0.000  -0.138   0.380   0.
  2017 352 12  2 47 484 352.501938475      -0.44      0.90     -1.16  0.        1060.546       4473.233       7544.720    0.000  -0.138   0.380   0.
  2017 352 12  2 48 484 352.501950049      -0.24      0.94     -1.34  0.        1059.225       4474.414       7544.887    0.000  -0.138   0.380   0.
  2017 352 12  2 49 484 352.501961623       0.36      1.77     -1.07  0.        1057.903       4475.595       7545.055    0.000  -0.138   0.380   0.
  2017 352 12  2 50 484 352.501973197       0.19      1.67     -0.99  0.        1056.582       4476.776       7545.221    0.000  -0.138   0.379   0.
  2017 352 12  2 51 483 352.501984771      -0.03      1.40     -1.07  0.        1055.260       4477.957       7545.388    0.000  -0.138   0.379   0.
  2017 352 12  2 52 483 352.501996343      -0.03      1.07     -1.07  0.        1053.939       4479.137       7545.553    0.000  -0.138   0.380   0.
  2017 352 12  2 53 484 352.502007917       0.43      0.64     -1.36  0.        1052.617       4480.318       7545.719    0.000  -0.138   0.380   0.
  2017 352 12  2 54 484 352.502019491       0.01      0.54     -1.21  0.        1051.295       4481.498       7545.884    0.000  -0.138   0.380   0.
  2017 352 12  2 55 484 352.502031065      -0.71      1.10     -1.01  0.        1049.973       4482.677       7546.048    0.000  -0.138   0.380   0.
  2017 352 12  2 56 484 352.502042639      -0.87      1.16     -0.90  0.        1048.651       4483.857       7546.212    0.000  -0.138   0.379   0.
  2017 352 12  2 57 484 352.502054213      -0.77      1.10     -1.00  0.        1047.330       4485.036       7546.375    0.000  -0.138   0.379   0.
  2017 352 12  2 58 483 352.502065787      -0.63      1.53     -0.89  0.        1046.007       4486.214       7546.538    0.000  -0.138   0.379   0.
  2017 352 12  2 59 483 352.502077361      -0.27      1.43     -0.91  0.        1044.685       4487.393       7546.701    0.000  -0.138   0.379   0.
  2017 352 12  3  0 483 352.502088935      -0.59      1.04     -0.89  0.        1043.363       4488.571       7546.863    0.000  -0.138   0.380   0.
  2017 352 12  3  1 483 352.502100509      -0.87      1.17     -0.95  0.        1042.041       4489.749       7547.025    0.000  -0.138   0.380   0.
  2017 352 12  3  2 483 352.502112083      -1.07      1.41     -0.73  0.        1040.719       4490.927       7547.186    0.000  -0.138   0.380   0.
  2017 352 12  3  3 484 352.502123657      -0.74      1.49     -0.55  0.        1039.396       4492.104       7547.346    0.000  -0.138   0.380   0.
  2017 352 12  3  4 484 352.502135231      -0.69      1.38     -0.96  0.        1038.074       4493.281       7547.507    0.000  -0.138   0.379   0.
  2017 352 12  3  5 483 352.502146806      -0.36      0.93     -1.27  0.        1036.751       4494.458       7547.667    0.000  -0.138   0.379   0.
  2017 352 12  3  6 483 352.502158380      -0.28      1.13     -0.90  0.        1035.429       4495.635       7547.826    0.000  -0.138   0.380   0.
  2017 352 12  3  7 484 352.502169954      -0.23      1.38     -0.56  0.        1034.106       4496.811       7547.984    0.000  -0.138   0.380   0.
  2017 352 12  3  8 484 352.502181528      -1.09      1.08     -0.37  0.        1032.784       4497.987       7548.143    0.000  -0.138   0.380   0.
  2017 352 12  3  9 484 352.502193102      -1.17      1.27     -0.51  0.        1031.461       4499.163       7548.301    0.000  -0.138   0.380   0.
  2017 352 12  3 10 484 352.502204676      -0.96      1.49     -0.69  0.        1030.138       4500.338       7548.458    0.000  -0.138   0.379   0.
  2017 352 12  3 11 484 352.502216250      -0.82      1.83     -0.43  0.        1028.815       4501.513       7548.615    0.000  -0.138   0.379   0.
  2017 352 12  3 12 483 352.502227824      -0.74      1.80     -0.39  0.        1027.492       4502.688       7548.771    0.000  -0.138   0.380   0.
  2017 352 12  3 13 483 352.502239398      -0.51      1.48     -0.66  0.        1026.169       4503.863       7548.927    0.000  -0.138   0.380   0.
  2017 352 12  3 14 483 352.502250972      -0.22      1.27     -0.78  0.        1024.846       4505.037       7549.083    0.000  -0.138   0.380   0.
  2017 352 12  3 15 483 352.502262546      -0.42      1.08     -1.25  0.        1023.523       4506.211       7549.238    0.000  -0.138   0.380   0.
  2017 352 12  3 16 484 352.502274120      -0.12      1.00     -1.10  0.        1022.200       4507.385       7549.393    0.000  -0.138   0.379   0.
  2017 352 12  3 17 484 352.502285694      -0.17      0.95     -1.23  0.        1020.877       4508.559       7549.547    0.000  -0.138   0.379   0.
  2017 352 12  3 18 483 352.502297269      -0.86      0.82     -1.18  0.        1019.553       4509.732       7549.700    0.000  -0.138   0.379   0.
  2017 352 12  3 19 483 352.502308843      -1.17      1.09     -0.94  0.        1018.230       4510.905       7549.854    0.000  -0.138   0.379   0.
  2017 352 12  3 20 484 352.502320417      -0.99      1.18     -0.72  0.        1016.906       4512.078       7550.006    0.000  -0.138   0.380   0.
  2017 352 12  3 21 484 352.502331991      -1.05      1.20     -0.71  0.        1015.583       4513.250       7550.158    0.000  -0.138   0.380   0.
  2017 352 12  3 22 484 352.502343565      -1.06      1.25     -0.62  0.        1014.259       4514.422       7550.310    0.000  -0.138   0.379   0.
  2017 352 12  3 23 499 352.502355320      -0.51      1.21     -0.77  0.        1012.915       4515.612       7550.464    0.000  -0.138   0.379   0.
  2017 352 12  3 24 515 352.502367072       0.11      1.02     -1.15  0.        1011.571       4516.802       7550.617    0.000  -0.138   0.379   0.
  2017 352 12  3 25 515 352.502378646       0.11      0.93     -1.20  0.        1010.247       4517.973       7550.768    0.000  -0.138   0.379   0.
  2017 352 12  3 26 515 352.502390220       0.04      0.71     -1.34  0.        1008.923       4519.144       7550.918    0.000  -0.138   0.380   0.
  2017 352 12  3 27 515 352.502401794      -0.06      0.65     -1.39  0.        1007.599       4520.315       7551.067    0.000  -0.138   0.380   0.
  2017 352 12  3 28 514 352.502413368      -0.24      0.47     -1.32  0.        1006.275       4521.486       7551.216    0.000  -0.138   0.379   0.
  2017 352 12  3 29 514 352.502424942      -0.09      0.63     -1.34  0.        1004.951       4522.656       7551.364    0.000  -0.138   0.379   0.
  2017 352 12  3 30 514 352.502436516       0.45      0.45     -1.38  0.        1003.627       4523.826       7551.513    0.000  -0.138   0.379   0.
  2017 352 12  3 31 514 352.502448090       0.76      0.28     -1.42  0.        1002.303       4524.995       7551.660    0.000  -0.138   0.379   0.
  2017 352 12  3 32 515 352.502459664       0.67      0.21     -1.26  0.        1000.979       4526.165       7551.807    0.000  -0.138   0.380   0.
  2017 352 12  3 33 515 352.502471238       0.45      0.66     -1.35  0.         999.655       4527.334       7551.954    0.000  -0.138   0.380   0.
  2017 352 12  3 34 515 352.502482813       0.15      0.95     -1.69  0.         998.330       4528.502       7552.100    0.000  -0.138   0.379   0.
  2017 352 12  3 35 514 352.502494387       0.08      1.05     -1.84  0.         997.006       4529.671       7552.246    0.000  -0.138   0.379   0.
  2017 352 12  3 36 515 352.502505961       0.21      1.09     -1.64  0.         995.681       4530.839       7552.391    0.000  -0.138   0.380   0.
  2017 352 12  3 37 515 352.502517535       0.29      1.05     -1.34  0.         994.357       4532.007       7552.536    0.000  -0.138   0.380   0.
  2017 352 12  3 38 515 352.502529109       0.19      0.82     -1.31  0.         993.032       4533.175       7552.680    0.000  -0.138   0.379   0.
  2017 352 12  3 39 515 352.502540683      -0.06      0.58     -1.29  0.         991.708       4534.342       7552.824    0.000  -0.138   0.379   0.
  2017 352 12  3 40 515 352.502552257      -0.18      0.67     -1.14  0.         990.383       4535.509       7552.968    0.000  -0.138   0.379   0.
  2017 352 12  3 41 514 352.502563831      -0.30      0.97     -1.09  0.         989.058       4536.676       7553.111    0.000  -0.138   0.379   0.
  2017 352 12  3 42 514 352.502575405      -0.50      0.81     -1.37  0.         987.734       4537.843       7553.253    0.000  -0.138   0.380   0.
  2017 352 12  3 43 514 352.502586979      -0.77      0.63     -1.39  0.         986.409       4539.009       7553.395    0.000  -0.138   0.380   0.
  2017 352 12  3 44 514 352.502598553      -0.26      0.91     -1.14  0.         985.084       4540.175       7553.537    0.000  -0.138   0.379   0.
  2017 352 12  3 45 514 352.502610127      -0.45      0.76     -1.18  0.         983.759       4541.341       7553.678    0.000  -0.138   0.379   0.
  2017 352 12  3 46 515 352.502621701      -0.50      1.04     -1.06  0.         982.434       4542.506       7553.818    0.000  -0.138   0.380   0.
  2017 352 12  3 47 515 352.502633275      -0.54      0.71     -1.40  0.         981.109       4543.671       7553.959    0.000  -0.138   0.380   0.
  2017 352 12  3 48 514 352.502644850      -0.66      0.84     -1.52  0.         979.783       4544.836       7554.098    0.000  -0.138   0.380   0.
  2017 352 12  3 49 514 352.502656424      -1.01      0.73     -1.67  0.         978.458       4546.001       7554.237    0.000  -0.138   0.380   0.
  2017 352 12  3 50 515 352.502667998      -1.04      1.02     -1.88  0.         977.133       4547.165       7554.376    0.000  -0.138   0.379   0.
  2017 352 12  3 51 515 352.502679572      -0.22      0.29     -1.65  0.         975.808       4548.329       7554.515    0.000  -0.138   0.379   0.
  2017 352 12  3 52 515 352.502691146      -0.08      0.97     -1.11  0.         974.482       4549.493       7554.652    0.000  -0.138   0.380   0.
  2017 352 12  3 53 515 352.502702720      -0.31      0.63     -1.29  0.         973.157       4550.656       7554.790    0.000  -0.138   0.380   0.
  2017 352 12  3 54 514 352.502714291      -0.56      0.78     -1.27  0.         971.831       4551.820       7554.927    0.000  -0.138   0.380   0.
  2017 352 12  3 55 514 352.502725865      -0.33      0.96     -1.36  0.         970.506       4552.983       7555.063    0.000  -0.138   0.380   0.
  2017 352 12  3 56 514 352.502737439      -0.41      1.00     -1.38  0.         969.180       4554.145       7555.199    0.000  -0.138   0.380   0.
  2017 352 12  3 57 514 352.502749013      -0.55      1.08     -1.45  0.         967.854       4555.308       7555.335    0.000  -0.138   0.380   0.
  2017 352 12  3 58 514 352.502760587      -0.34      1.11     -1.26  0.         966.529       4556.470       7555.470    0.000  -0.138   0.380   0.
  2017 352 12  3 59 514 352.502772161      -0.22      1.15     -1.24  0.         965.203       4557.632       7555.604    0.000  -0.138   0.380   0.
  2017 352 12  4  0 514 352.502783736      -0.09      0.70     -1.53  0.         963.877       4558.793       7555.739    0.000  -0.138   0.380   0.
  2017 352 12  4  1 514 352.502795310       0.12      0.63     -1.66  0.         962.551       4559.954       7555.872    0.000  -0.138   0.380   0.
  2017 352 12  4  2 514 352.502806884       0.05      0.73     -1.65  0.         961.225       4561.115       7556.005    0.000  -0.138   0.380   0.
  2017 352 12  4  3 514 352.502818458      -0.34      0.87     -1.45  0.         959.899       4562.276       7556.138    0.000  -0.138   0.380   0.
  2017 352 12  4  4 514 352.502830032      -0.42      1.03     -1.21  0.         958.573       4563.437       7556.270    0.000  -0.138   0.380   0.
  2017 352 12  4  5 514 352.502841606      -0.31      1.15     -0.99  0.         957.247       4564.597       7556.402    0.000  -0.138   0.380   0.
  2017 352 12  4  6 514 352.502853180      -0.25      1.32     -0.92  0.         955.920       4565.757       7556.534    0.000  -0.138   0.380   0.
  2017 352 12  4  7 514 352.502864754      -0.22      1.19     -1.01  0.         954.594       4566.916       7556.665    0.000  -0.138   0.380   0.
  2017 352 12  4  8 514 352.502876328      -0.16      1.09     -1.19  0.         953.268       4568.075       7556.795    0.000  -0.138   0.380   0.
  2017 352 12  4  9 514 352.502887902      -0.04      0.87     -1.38  0.         951.941       4569.234       7556.925    0.000  -0.138   0.380   0.
  2017 352 12  4 10 514 352.502899476      -0.20      0.66     -1.38  0.         950.615       4570.393       7557.055    0.000  -0.138   0.380   0.
  2017 352 12  4 11 514 352.502911050      -0.31      0.86     -1.18  0.         949.288       4571.552       7557.184    0.000  -0.138   0.380   0.
  2017 352 12  4 12 514 352.502922624      -0.11      1.07     -1.30  0.         947.962       4572.710       7557.312    0.000  -0.138   0.380   0.
  2017 352 12  4 13 514 352.502934198      -0.28      1.25     -1.30  0.         946.635       4573.868       7557.440    0.000  -0.138   0.380   0.
  2017 352 12  4 14 514 352.502945773      -0.11      1.34     -1.31  0.         945.308       4575.025       7557.568    0.000  -0.138   0.380   0.
  2017 352 12  4 15 514 352.502957347       0.43      1.22     -1.35  0.         943.982       4576.183       7557.695    0.000  -0.138   0.380   0.
  2017 352 12  4 16 514 352.502968921       0.66      0.95     -1.40  0.         942.655       4577.340       7557.822    0.000  -0.138   0.380   0.
  2017 352 12  4 17 514 352.502980495       0.47      0.86     -1.61  0.         941.328       4578.497       7557.948    0.000  -0.138   0.380   0.
  2017 352 12  4 18 514 352.502992069       0.42      1.02     -1.60  0.         940.001       4579.653       7558.074    0.000  -0.138   0.379   0.
  2017 352 12  4 19 514 352.503003643       0.44      0.88     -1.54  0.         938.674       4580.809       7558.200    0.000  -0.138   0.379   0.
  2017 352 12  4 20 514 352.503015217       0.24      0.85     -1.35  0.         937.347       4581.965       7558.324    0.000  -0.138   0.380   0.
  2017 352 12  4 21 514 352.503026791       0.15      0.93     -1.28  0.         936.020       4583.121       7558.449    0.000  -0.138   0.380   0.
  2017 352 12  4 22 514 352.503038365       0.42      1.07     -1.18  0.         934.693       4584.277       7558.573    0.000  -0.138   0.379   0.
  2017 352 12  4 23 514 352.503049939       0.34      0.96     -1.40  0.         933.366       4585.432       7558.696    0.000  -0.138   0.379   0.
  2017 352 12  4 24 514 352.503061510       0.34      0.61     -1.37  0.         932.038       4586.587       7558.820    0.000  -0.138   0.380   0.
  2017 352 12  4 25 514 352.503073085       0.23      0.32     -1.36  0.         930.711       4587.741       7558.942    0.000  -0.138   0.380   0.
  2017 352 12  4 26 514 352.503084659      -0.06      0.46     -1.20  0.         929.384       4588.895       7559.064    0.000  -0.138   0.380   0.
  2017 352 12  4 27 514 352.503096233      -0.11      0.73     -1.23  0.         928.056       4590.049       7559.186    0.000  -0.138   0.380   0.
  2017 352 12  4 28 514 352.503107807      -0.27      1.06     -1.21  0.         926.729       4591.203       7559.307    0.000  -0.138   0.379   0.
  2017 352 12  4 29 514 352.503119381      -0.05      1.10     -1.27  0.         925.401       4592.357       7559.428    0.000  -0.138   0.379   0.
  2017 352 12  4 30 514 352.503130955      -0.10      0.89     -1.31  0.         924.074       4593.510       7559.548    0.000  -0.138   0.380   0.
  2017 352 12  4 31 514 352.503142529       0.03      1.06     -1.30  0.         922.746       4594.663       7559.668    0.000  -0.138   0.380   0.
  2017 352 12  4 32 514 352.503154103       0.23      1.22     -1.04  0.         921.418       4595.815       7559.787    0.000  -0.138   0.379   0.
  2017 352 12  4 33 514 352.503165677       0.33      1.37     -0.89  0.         920.091       4596.968       7559.906    0.000  -0.138   0.379   0.
  2017 352 12  4 34 514 352.503177251       0.22      1.34     -0.66  0.         918.762       4598.120       7560.025    0.000  -0.138   0.380   0.
  2017 352 12  4 35 514 352.503188825      -0.16      1.20     -0.66  0.         917.435       4599.272       7560.143    0.000  -0.138   0.380   0.
  2017 352 12  4 36 514 352.503200399      -0.19      1.30     -0.69  0.         916.107       4600.423       7560.261    0.000  -0.138   0.380   0.
  2017 352 12  4 37 514 352.503211973      -0.26      1.37     -0.81  0.         914.779       4601.574       7560.378    0.000  -0.138   0.380   0.
  2017 352 12  4 38 514 352.503223548      -0.29      1.64     -0.66  0.         913.451       4602.725       7560.494    0.000  -0.138   0.379   0.
  2017 352 12  4 39 514 352.503235121      -0.03      1.62     -0.81  0.         912.123       4603.876       7560.610    0.000  -0.138   0.379   0.
  2017 352 12  4 40 514 352.503246696      -0.10      1.23     -1.15  0.         910.795       4605.026       7560.726    0.000  -0.138   0.380   0.
  2017 352 12  4 41 514 352.503258270      -0.01      0.98     -1.20  0.         909.466       4606.176       7560.841    0.000  -0.138   0.380   0.
  2017 352 12  4 42 514 352.503269844       0.09      1.15     -1.25  0.         908.138       4607.326       7560.956    0.000  -0.138   0.379   0.
  2017 352 12  4 43 514 352.503281418       0.19      1.15     -1.26  0.         906.810       4608.476       7561.070    0.000  -0.138   0.379   0.
  2017 352 12  4 44 514 352.503292992       0.30      1.11     -1.33  0.         905.481       4609.625       7561.184    0.000  -0.138   0.380   0.
  2017 352 12  4 45 514 352.503304566       0.17      0.73     -1.43  0.         904.153       4610.774       7561.298    0.000  -0.138   0.380   0.
  2017 352 12  4 46 514 352.503316140      -0.37      0.57     -1.37  0.         902.824       4611.923       7561.411    0.000  -0.138   0.380   0.
  2017 352 12  4 47 514 352.503327714      -0.36      0.50     -1.41  0.         901.496       4613.071       7561.523    0.000  -0.138   0.380   0.
  2017 352 12  4 48 514 352.503339288      -0.23      0.75     -1.33  0.         900.167       4614.219       7561.635    0.000  -0.138   0.379   0.
  2017 352 12  4 49 514 352.503350862      -0.26      0.70     -1.18  0.         898.839       4615.367       7561.747    0.000  -0.138   0.379   0.
  2017 352 12  4 50 514 352.503362436      -1.06      0.90     -0.74  0.         897.510       4616.515       7561.858    0.000  -0.138   0.380   0.
  2017 352 12  4 51 514 352.503374010      -1.22      1.40     -0.53  0.         896.181       4617.662       7561.969    0.000  -0.138   0.380   0.
  2017 352 12  4 52 514 352.503385585      -0.39      1.75     -0.80  0.         894.852       4618.809       7562.079    0.000  -0.138   0.380   0.
  2017 352 12  4 53 514 352.503397158      -0.11      1.38     -1.08  0.         893.523       4619.956       7562.189    0.000  -0.138   0.380   0.
  2017 352 12  4 54 514 352.503408730      -0.54      1.15     -1.01  0.         892.194       4621.102       7562.298    0.000  -0.138   0.380   0.
  2017 352 12  4 55 514 352.503420304      -0.84      0.83     -1.11  0.         890.865       4622.249       7562.407    0.000  -0.138   0.380   0.
  2017 352 12  4 56 514 352.503431878      -0.67      0.59     -1.30  0.         889.536       4623.394       7562.515    0.000  -0.138   0.380   0.
  2017 352 12  4 57 514 352.503443452      -0.63      0.65     -1.34  0.         888.207       4624.540       7562.623    0.000  -0.138   0.380   0.
  2017 352 12  4 58 514 352.503455026      -0.30      0.89     -1.24  0.         886.878       4625.685       7562.730    0.000  -0.138   0.380   0.
  2017 352 12  4 59 514 352.503466600       0.05      1.10     -1.04  0.         885.549       4626.831       7562.837    0.000  -0.138   0.380   0.
  2017 352 12  5  0 514 352.503478174      -0.07      1.03     -0.95  0.         884.220       4627.975       7562.944    0.000  -0.138   0.380   0.
  2017 352 12  5  1 514 352.503489748      -0.28      0.94     -0.99  0.         882.890       4629.120       7563.050    0.000  -0.138   0.380   0.
  2017 352 12  5  2 514 352.503501322      -0.22      1.11     -1.03  0.         881.561       4630.264       7563.156    0.000  -0.138   0.379   0.
  2017 352 12  5  3 514 352.503512896      -0.35      1.09     -1.02  0.         880.232       4631.408       7563.261    0.000  -0.138   0.379   0.
  2017 352 12  5  4 514 352.503524471      -0.47      1.15     -1.06  0.         878.902       4632.552       7563.365    0.000  -0.138   0.379   0.
  2017 352 12  5  5 514 352.503536045       0.01      1.08     -1.15  0.         877.573       4633.695       7563.470    0.000  -0.138   0.379   0.
  2017 352 12  5  6 514 352.503547619       0.10      0.81     -1.15  0.         876.243       4634.838       7563.574    0.000  -0.138   0.379   0.
  2017 352 12  5  7 514 352.503559193      -0.07      0.84     -1.31  0.         874.914       4635.981       7563.677    0.000  -0.138   0.379   0.
  2017 352 12  5  8 514 352.503570767      -0.49      0.48     -1.28  0.         873.584       4637.124       7563.780    0.000  -0.138   0.379   0.
  2017 352 12  5  9 514 352.503582341      -0.49      0.54     -1.08  0.         872.254       4638.266       7563.882    0.000  -0.138   0.379   0.
  2017 352 12  5 10 514 352.503593915      -0.46      0.87     -0.93  0.         870.924       4639.408       7563.984    0.000  -0.138   0.380   0.
  2017 352 12  5 11 514 352.503605489      -0.35      1.08     -0.88  0.         869.594       4640.550       7564.086    0.000  -0.138   0.380   0.
  2017 352 12  5 12 514 352.503617063      -0.15      1.22     -0.82  0.         868.265       4641.691       7564.187    0.000  -0.138   0.380   0.
  2017 352 12  5 13 514 352.503628637      -0.12      1.10     -1.08  0.         866.935       4642.832       7564.287    0.000  -0.138   0.380   0.
  2017 352 12  5 14 514 352.503640211      -0.11      0.87     -1.20  0.         865.605       4643.973       7564.387    0.000  -0.138   0.380   0.
  2017 352 12  5 15 514 352.503651785      -0.28      0.66     -1.18  0.         864.275       4645.114       7564.487    0.000  -0.138   0.380   0.
  2017 352 12  5 16 514 352.503663359      -0.35      1.00     -1.12  0.         862.945       4646.254       7564.586    0.000  -0.138   0.380   0.
  2017 352 12  5 17 514 352.503674933      -0.36      1.28     -1.01  0.         861.614       4647.394       7564.685    0.000  -0.138   0.380   0.
  2017 352 12  5 18 514 352.503686508      -0.42      1.35     -1.16  0.         860.284       4648.534       7564.783    0.000  -0.138   0.380   0.
  2017 352 12  5 19 514 352.503698082      -0.48      1.02     -1.33  0.         858.954       4649.673       7564.881    0.000  -0.138   0.380   0.
  2017 352 12  5 20 514 352.503709656      -0.28      0.95     -1.59  0.         857.624       4650.813       7564.979    0.000  -0.138   0.380   0.
  2017 352 12  5 21 514 352.503721229       0.10      0.98     -1.56  0.         856.293       4651.951       7565.076    0.000  -0.138   0.380   0.
  2017 352 12  5 22 514 352.503732801       0.02      0.85     -1.54  0.         854.963       4653.090       7565.172    0.000  -0.138   0.379   0.
  2017 352 12  5 23 513 352.503744375       0.12      0.63     -1.62  0.         853.632       4654.229       7565.268    0.000  -0.138   0.379   0.
  2017 352 12  5 24 513 352.503755949      -0.20      0.68     -1.35  0.         852.302       4655.367       7565.364    0.000  -0.138   0.380   0.
  2017 352 12  5 25 513 352.503767523       0.00      0.92     -1.22  0.         850.971       4656.504       7565.459    0.000  -0.138   0.380   0.
  2017 352 12  5 26 513 352.503779097       0.62      0.83     -1.25  0.         849.641       4657.642       7565.553    0.000  -0.138   0.379   0.
  2017 352 12  5 27 513 352.503790671       0.80      1.15     -1.42  0.         848.310       4658.779       7565.648    0.000  -0.138   0.379   0.
  2017 352 12  5 28 514 352.503802245       0.16      1.33     -1.27  0.         846.979       4659.916       7565.741    0.000  -0.138   0.380   0.
  2017 352 12  5 29 514 352.503813819      -0.51      0.96     -1.10  0.         845.649       4661.053       7565.835    0.000  -0.138   0.380   0.
  2017 352 12  5 30 513 352.503825393      -0.47      0.54     -1.35  0.         844.318       4662.189       7565.928    0.000  -0.138   0.379   0.
  2017 352 12  5 31 513 352.503836968      -0.30      0.42     -1.49  0.         842.987       4663.325       7566.020    0.000  -0.138   0.379   0.
  2017 352 12  5 32 514 352.503848542      -0.25      0.41     -1.48  0.         841.656       4664.461       7566.112    0.000  -0.138   0.380   0.
  2017 352 12  5 33 514 352.503860116      -0.15      0.49     -1.51  0.         840.325       4665.597       7566.203    0.000  -0.138   0.380   0.
  2017 352 12  5 34 514 352.503871690      -0.28      0.54     -1.47  0.         838.994       4666.732       7566.294    0.000  -0.138   0.380   0.
  2017 352 12  5 35 514 352.503883264      -0.17      0.49     -1.39  0.         837.663       4667.867       7566.385    0.000  -0.138   0.380   0.
  2017 352 12  5 36 514 352.503894838      -0.38      0.51     -1.42  0.         836.332       4669.002       7566.475    0.000  -0.138   0.379   0.
  2017 352 12  5 37 513 352.503906412      -0.54      0.70     -1.56  0.         835.001       4670.136       7566.565    0.000  -0.138   0.379   0.
  2017 352 12  5 38 513 352.503917986      -0.39      1.06     -1.51  0.         833.670       4671.270       7566.654    0.000  -0.138   0.380   0.
  2017 352 12  5 39 513 352.503929560      -0.15      1.24     -1.19  0.         832.338       4672.404       7566.743    0.000  -0.138   0.380   0.
  2017 352 12  5 40 513 352.503941134      -0.19      1.28     -1.26  0.         831.007       4673.538       7566.831    0.000  -0.138   0.380   0.
  2017 352 12  5 41 513 352.503952708      -0.46      0.98     -1.35  0.         829.676       4674.671       7566.919    0.000  -0.138   0.380   0.
  2017 352 12  5 42 514 352.503964282      -0.73      1.18     -1.13  0.         828.344       4675.804       7567.006    0.000  -0.138   0.380   0.
  2017 352 12  5 43 514 352.503975857      -0.33      1.61     -0.70  0.         827.013       4676.937       7567.093    0.000  -0.138   0.380   0.
  2017 352 12  5 44 513 352.503987431      -0.36      1.48     -0.92  0.         825.681       4678.069       7567.180    0.000  -0.138   0.380   0.
  2017 352 12  5 45 513 352.503999005      -0.25      1.21     -1.16  0.         824.350       4679.202       7567.266    0.000  -0.138   0.380   0.
  2017 352 12  5 46 514 352.504010579      -0.30      1.25     -1.06  0.         823.018       4680.334       7567.351    0.000  -0.138   0.379   0.
  2017 352 12  5 47 514 352.504022153      -0.40      1.27     -1.01  0.         821.686       4681.465       7567.436    0.000  -0.138   0.379   0.
  2017 352 12  5 48 514 352.504033727      -0.68      1.20     -0.89  0.         820.355       4682.596       7567.521    0.000  -0.138   0.380   0.
  2017 352 12  5 49 514 352.504045301      -0.74      1.10     -0.98  0.         819.023       4683.728       7567.605    0.000  -0.138   0.380   0.
  2017 352 12  5 50 514 352.504056875      -0.83      0.72     -1.19  0.         817.691       4684.858       7567.689    0.000  -0.138   0.379   0.
  2017 352 12  5 51 513 352.504068449      -0.88      0.60     -1.30  0.         816.359       4685.989       7567.772    0.000  -0.138   0.379   0.
  2017 352 12  5 52 513 352.504080020      -0.68      0.69     -1.42  0.         815.027       4687.119       7567.855    0.000  -0.138   0.380   0.
  2017 352 12  5 53 513 352.504091594      -0.87      1.04     -1.13  0.         813.695       4688.249       7567.937    0.000  -0.138   0.380   0.
  2017 352 12  5 54 513 352.504103168      -0.56      1.23     -0.92  0.         812.363       4689.379       7568.019    0.000  -0.138   0.380   0.
  2017 352 12  5 55 513 352.504114742      -0.40      1.37     -0.84  0.         811.031       4690.508       7568.101    0.000  -0.138   0.380   0.
  2017 352 12  5 56 513 352.504126317      -0.70      1.27     -0.67  0.         809.699       4691.637       7568.182    0.000  -0.138   0.379   0.
  2017 352 12  5 57 513 352.504137891      -0.85      0.89     -0.85  0.         808.367       4692.766       7568.262    0.000  -0.138   0.379   0.
  2017 352 12  5 58 513 352.504149465      -0.36      1.04     -1.24  0.         807.035       4693.895       7568.342    0.000  -0.138   0.380   0.
  2017 352 12  5 59 513 352.504161039      -0.49      1.17     -1.30  0.         805.703       4695.023       7568.422    0.000  -0.138   0.380   0.
  2017 352 12  6  0 513 352.504172613      -0.70      1.37     -1.09  0.         804.370       4696.151       7568.501    0.000  -0.138   0.380   0.
  2017 352 12  6  1 513 352.504184187      -0.53      1.43     -0.99  0.         803.038       4697.279       7568.580    0.000  -0.138   0.380   0.
  2017 352 12  6  2 513 352.504195761      -0.27      1.25     -1.27  0.         801.706       4698.406       7568.658    0.000  -0.138   0.379   0.
  2017 352 12  6  3 513 352.504207335      -0.35      0.99     -1.42  0.         800.373       4699.533       7568.736    0.000  -0.138   0.379   0.
  2017 352 12  6  4 513 352.504218909      -0.18      1.09     -1.51  0.         799.041       4700.660       7568.814    0.000  -0.138   0.379   0.
  2017 352 12  6  5 513 352.504230483       0.52      0.98     -1.79  0.         797.708       4701.787       7568.891    0.000  -0.138   0.379   0.
  2017 352 12  6  6 513 352.504242057       0.43      0.74     -1.70  0.         796.375       4702.913       7568.967    0.000  -0.138   0.380   0.
  2017 352 12  6  7 513 352.504253631       0.04      1.00     -1.43  0.         795.043       4704.039       7569.043    0.000  -0.138   0.380   0.
  2017 352 12  6  8 513 352.504265205       0.03      1.09     -1.35  0.         793.710       4705.165       7569.119    0.000  -0.138   0.379   0.
  2017 352 12  6  9 513 352.504276779       0.12      0.86     -1.54  0.         792.377       4706.290       7569.194    0.000  -0.138   0.379   0.
  2017 352 12  6 10 513 352.504288354       0.11      0.69     -1.54  0.         791.045       4707.415       7569.269    0.000  -0.138   0.379   0.
  2017 352 12  6 11 513 352.504299928      -0.27      0.77     -1.38  0.         789.712       4708.540       7569.343    0.000  -0.138   0.379   0.
  2017 352 12  6 12 513 352.504311502      -0.45      0.79     -1.25  0.         788.379       4709.665       7569.417    0.000  -0.138   0.380   0.
  2017 352 12  6 13 513 352.504323076      -0.26      0.72     -1.27  0.         787.046       4710.789       7569.490    0.000  -0.138   0.380   0.
  2017 352 12  6 14 513 352.504334650      -0.30      0.88     -1.39  0.         785.713       4711.913       7569.563    0.000  -0.138   0.380   0.
  2017 352 12  6 15 513 352.504346224      -0.14      1.00     -1.44  0.         784.380       4713.037       7569.635    0.000  -0.138   0.380   0.
  2017 352 12  6 16 513 352.504357798       0.41      0.95     -1.43  0.         783.047       4714.161       7569.707    0.000  -0.138   0.379   0.
  2017 352 12  6 17 513 352.504369372       0.40      0.82     -1.38  0.         781.714       4715.284       7569.779    0.000  -0.138   0.379   0.
  2017 352 12  6 18 513 352.504380946       0.11      0.75     -1.30  0.         780.381       4716.407       7569.850    0.000  -0.138   0.380   0.
  2017 352 12  6 19 513 352.504392520      -0.15      0.69     -1.28  0.         779.048       4717.529       7569.920    0.000  -0.138   0.380   0.
  2017 352 12  6 20 513 352.504404094      -0.12      0.80     -1.09  0.         777.714       4718.652       7569.991    0.000  -0.138   0.379   0.
  2017 352 12  6 21 513 352.504415668       0.03      0.71     -1.17  0.         776.381       4719.774       7570.060    0.000  -0.138   0.379   0.
  2017 352 12  6 22 513 352.504427240      -0.42      0.53     -1.15  0.         775.048       4720.896       7570.129    0.000  -0.138   0.379   0.
  2017 352 12  6 23 513 352.504438814      -0.87      1.02     -0.92  0.         773.714       4722.017       7570.198    0.000  -0.138   0.379   0.
  2017 352 12  6 24 513 352.504450388      -0.40      1.66     -1.03  0.         772.381       4723.138       7570.267    0.000  -0.138   0.380   0.
  2017 352 12  6 25 513 352.504461962       0.02      1.25     -1.37  0.         771.048       4724.259       7570.335    0.000  -0.138   0.380   0.
  2017 352 12  6 26 513 352.504473536      -0.54      0.50     -1.19  0.         769.714       4725.380       7570.402    0.000  -0.138   0.379   0.
  2017 352 12  6 27 513 352.504485110      -0.40      0.85     -1.22  0.         768.380       4726.501       7570.469    0.000  -0.138   0.379   0.
  2017 352 12  6 28 513 352.504496684      -0.45      1.17     -0.99  0.         767.047       4727.620       7570.536    0.000  -0.138   0.380   0.
  2017 352 12  6 29 513 352.504508258      -0.53      1.03     -1.20  0.         765.713       4728.740       7570.602    0.000  -0.138   0.380   0.
  2017 352 12  6 30 513 352.504519832      -0.53      0.61     -1.44  0.         764.379       4729.860       7570.667    0.000  -0.138   0.380   0.
  2017 352 12  6 31 513 352.504531406      -0.52      0.45     -1.51  0.         763.046       4730.979       7570.733    0.000  -0.138   0.380   0.
  2017 352 12  6 32 513 352.504542980      -0.46      0.45     -1.39  0.         761.712       4732.098       7570.797    0.000  -0.138   0.380   0.
  2017 352 12  6 33 513 352.504554554      -0.48      0.64     -1.38  0.         760.378       4733.217       7570.862    0.000  -0.138   0.380   0.
  2017 352 12  6 34 513 352.504566129      -0.33      0.54     -1.27  0.         759.044       4734.335       7570.925    0.000  -0.138   0.380   0.
  2017 352 12  6 35 513 352.504577703      -0.55      0.57     -1.36  0.         757.710       4735.454       7570.989    0.000  -0.138   0.380   0.
  2017 352 12  6 36 513 352.504589277      -0.32      0.25     -1.40  0.         756.376       4736.572       7571.052    0.000  -0.138   0.380   0.
  2017 352 12  6 37 513 352.504600851      -0.63      0.04     -1.43  0.         755.042       4737.689       7571.114    0.000  -0.138   0.380   0.
  2017 352 12  6 38 513 352.504612425      -0.74      0.53     -1.45  0.         753.708       4738.806       7571.176    0.000  -0.138   0.379   0.
  2017 352 12  6 39 513 352.504623999      -0.43      0.97     -1.47  0.         752.374       4739.923       7571.238    0.000  -0.138   0.379   0.
  2017 352 12  6 40 513 352.504635573       0.16      1.20     -1.54  0.         751.040       4741.040       7571.299    0.000  -0.138   0.380   0.
  2017 352 12  6 41 513 352.504647147       0.35      0.78     -1.45  0.         749.706       4742.157       7571.360    0.000  -0.138   0.380   0.
  2017 352 12  6 42 513 352.504658721      -0.08      0.76     -1.35  0.         748.372       4743.273       7571.420    0.000  -0.138   0.380   0.
  2017 352 12  6 43 513 352.504670295      -0.04      1.00     -1.29  0.         747.037       4744.389       7571.480    0.000  -0.138   0.380   0.
  2017 352 12  6 44 513 352.504681869       0.09      0.78     -1.24  0.         745.703       4745.504       7571.539    0.000  -0.138   0.379   0.
  2017 352 12  6 45 513 352.504693443      -0.13      0.89     -0.95  0.         744.369       4746.620       7571.598    0.000  -0.138   0.379   0.
  2017 352 12  6 46 513 352.504705017      -0.07      1.17     -0.99  0.         743.034       4747.735       7571.657    0.000  -0.138   0.380   0.
  2017 352 12  6 47 513 352.504716591      -0.07      1.15     -1.03  0.         741.700       4748.850       7571.715    0.000  -0.138   0.380   0.
  2017 352 12  6 48 513 352.504728165       0.09      0.80     -1.25  0.         740.365       4749.964       7571.772    0.000  -0.138   0.379   0.
  2017 352 12  6 49 513 352.504739740      -0.05      0.81     -1.44  0.         739.031       4751.078       7571.829    0.000  -0.138   0.379   0.
  2017 352 12  6 50 513 352.504751314       0.12      1.02     -1.32  0.         737.696       4752.192       7571.886    0.000  -0.138   0.379   0.
  2017 352 12  6 51 513 352.504762888      -0.04      1.06     -0.84  0.         736.361       4753.306       7571.942    0.000  -0.138   0.379   0.
  2017 352 12  6 52 513 352.504774462      -0.23      1.11     -0.74  0.         735.027       4754.419       7571.998    0.000  -0.138   0.379   0.
  2017 352 12  6 53 513 352.504786036      -0.21      0.96     -1.01  0.         733.692       4755.532       7572.053    0.000  -0.138   0.379   0.
  2017 352 12  6 54 513 352.504797607      -0.22      1.15     -1.21  0.         732.357       4756.645       7572.108    0.000  -0.138   0.379   0.
  2017 352 12  6 55 513 352.504809181      -0.23      1.16     -1.29  0.         731.022       4757.758       7572.162    0.000  -0.138   0.379   0.
  2017 352 12  6 56 513 352.504820755      -0.44      0.91     -1.31  0.         729.688       4758.870       7572.216    0.000  -0.138   0.380   0.
  2017 352 12  6 57 513 352.504832329      -0.68      1.18     -1.26  0.         728.353       4759.982       7572.270    0.000  -0.138   0.380   0.
  2017 352 12  6 58 513 352.504843903      -0.98      1.02     -0.96  0.         727.018       4761.094       7572.323    0.000  -0.138   0.380   0.
  2017 352 12  6 59 513 352.504855477      -0.84      0.84     -1.04  0.         725.683       4762.205       7572.376    0.000  -0.138   0.380   0.
  2017 352 12  7  0 513 352.504867052      -0.78      0.85     -1.20  0.         724.348       4763.316       7572.428    0.000  -0.138   0.380   0.
  2017 352 12  7  1 513 352.504878626      -0.81      0.92     -1.14  0.         723.013       4764.427       7572.479    0.000  -0.138   0.380   0.
  2017 352 12  7  2 513 352.504890200      -0.90      0.95     -1.13  0.         721.678       4765.537       7572.531    0.000  -0.138   0.380   0.
  2017 352 12  7  3 513 352.504901774      -0.58      1.11     -1.15  0.         720.342       4766.648       7572.581    0.000  -0.138   0.380   0.
  2017 352 12  7  4 513 352.504913348      -0.45      0.96     -1.17  0.         719.007       4767.758       7572.632    0.000  -0.138   0.380   0.
  2017 352 12  7  5 513 352.504924922      -0.45      1.10     -1.05  0.         717.672       4768.867       7572.682    0.000  -0.138   0.380   0.
  2017 352 12  7  6 513 352.504936496      -0.52      1.16     -1.02  0.         716.337       4769.977       7572.731    0.000  -0.138   0.379   0.
  2017 352 12  7  7 513 352.504948070      -0.81      1.00     -1.05  0.         715.001       4771.086       7572.780    0.000  -0.138   0.379   0.
  2017 352 12  7  8 513 352.504959644      -0.69      1.12     -1.01  0.         713.666       4772.195       7572.829    0.000  -0.138   0.380   0.
  2017 352 12  7  9 513 352.504971218      -0.74      1.28     -1.16  0.         712.331       4773.303       7572.877    0.000  -0.138   0.380   0.
  2017 352 12  7 10 513 352.504982792      -0.60      1.41     -1.14  0.         710.995       4774.412       7572.925    0.000  -0.138   0.380   0.
  2017 352 12  7 11 513 352.504994366      -0.48      1.33     -0.98  0.         709.660       4775.520       7572.972    0.000  -0.138   0.380   0.
  2017 352 12  7 12 513 352.505005940      -0.13      1.27     -0.93  0.         708.324       4776.628       7573.019    0.000  -0.138   0.380   0.
  2017 352 12  7 13 513 352.505017514      -0.17      1.18     -0.99  0.         706.989       4777.735       7573.065    0.000  -0.138   0.380   0.
  2017 352 12  7 14 513 352.505029089      -0.10      1.12     -1.07  0.         705.653       4778.842       7573.111    0.000  -0.138   0.380   0.
  2017 352 12  7 15 513 352.505040663      -0.22      1.10     -1.07  0.         704.317       4779.949       7573.156    0.000  -0.138   0.380   0.
  2017 352 12  7 16 513 352.505052237      -0.35      1.03     -1.08  0.         702.982       4781.056       7573.201    0.000  -0.138   0.380   0.
  2017 352 12  7 17 513 352.505063811      -0.37      0.98     -1.13  0.         701.646       4782.162       7573.246    0.000  -0.138   0.380   0.
  2017 352 12  7 18 513 352.505075385      -0.31      0.92     -1.21  0.         700.310       4783.268       7573.290    0.000  -0.138   0.380   0.
  2017 352 12  7 19 513 352.505086959      -0.19      0.91     -1.23  0.         698.974       4784.374       7573.334    0.000  -0.138   0.380   0.
  2017 352 12  7 20 513 352.505098533      -0.15      0.93     -1.15  0.         697.638       4785.479       7573.377    0.000  -0.138   0.380   0.
  2017 352 12  7 21 513 352.505110107      -0.01      0.91     -1.17  0.         696.303       4786.585       7573.420    0.000  -0.138   0.380   0.
  2017 352 12  7 22 513 352.505121681       0.07      0.74     -1.27  0.         694.966       4787.689       7573.462    0.000  -0.138   0.380   0.
  2017 352 12  7 23 512 352.505133255      -0.04      0.81     -1.24  0.         693.631       4788.794       7573.504    0.000  -0.138   0.380   0.
  2017 352 12  7 24 513 352.505144826      -0.17      0.76     -1.19  0.         692.294       4789.898       7573.545    0.000  -0.138   0.379   0.
  2017 352 12  7 25 513 352.505156400      -0.30      0.77     -1.16  0.         690.959       4791.003       7573.586    0.000  -0.138   0.379   0.
  2017 352 12  7 26 512 352.505167975      -0.38      0.76     -1.02  0.         689.622       4792.106       7573.627    0.000  -0.138   0.380   0.
  2017 352 12  7 27 512 352.505179549      -0.42      0.56     -1.04  0.         688.286       4793.210       7573.667    0.000  -0.138   0.380   0.
  2017 352 12  7 28 513 352.505191123      -0.09      0.59     -1.17  0.         686.950       4794.313       7573.706    0.000  -0.138   0.379   0.
  2017 352 12  7 29 513 352.505202697      -0.37      0.77     -1.13  0.         685.614       4795.416       7573.746    0.000  -0.138   0.379   0.
  2017 352 12  7 30 513 352.505214271      -0.49      0.74     -1.25  0.         684.278       4796.519       7573.784    0.000  -0.138   0.380   0.
  2017 352 12  7 31 513 352.505225845      -0.18      0.96     -1.14  0.         682.941       4797.621       7573.823    0.000  -0.138   0.380   0.
  2017 352 12  7 32 513 352.505237419       0.18      1.22     -0.83  0.         681.605       4798.723       7573.860    0.000  -0.138   0.380   0.
  2017 352 12  7 33 512 352.505248993      -0.20      1.11     -0.68  0.         680.268       4799.825       7573.898    0.000  -0.138   0.380   0.
  2017 352 12  7 34 512 352.505260567      -0.35      0.87     -1.09  0.         678.932       4800.926       7573.935    0.000  -0.138   0.380   0.
  2017 352 12  7 35 512 352.505272141      -0.57      0.80     -1.04  0.         677.596       4802.028       7573.971    0.000  -0.138   0.380   0.
  2017 352 12  7 36 512 352.505283715      -0.57      0.60     -1.09  0.         676.259       4803.129       7574.007    0.000  -0.138   0.380   0.
  2017 352 12  7 37 513 352.505295289      -0.11      0.70     -1.15  0.         674.923       4804.229       7574.043    0.000  -0.138   0.380   0.
  2017 352 12  7 38 513 352.505306863      -0.15      0.80     -1.29  0.         673.586       4805.330       7574.078    0.000  -0.138   0.380   0.
  2017 352 12  7 39 513 352.505318438      -0.37      0.40     -1.35  0.         672.249       4806.430       7574.113    0.000  -0.138   0.380   0.
  2017 352 12  7 40 512 352.505330012      -0.08      0.55     -1.28  0.         670.913       4807.530       7574.147    0.000  -0.138   0.380   0.
  2017 352 12  7 41 512 352.505341586       0.02      0.92     -1.07  0.         669.576       4808.629       7574.181    0.000  -0.138   0.380   0.
  2017 352 12  7 42 513 352.505353160      -0.11      0.68     -0.96  0.         668.239       4809.729       7574.214    0.000  -0.138   0.380   0.
  2017 352 12  7 43 513 352.505364734      -0.08      0.86     -1.02  0.         666.902       4810.828       7574.247    0.000  -0.138   0.380   0.
  2017 352 12  7 44 513 352.505376308      -0.16      0.85     -1.16  0.         665.566       4811.926       7574.280    0.000  -0.138   0.380   0.
  2017 352 12  7 45 513 352.505387882      -0.28      0.88     -1.39  0.         664.229       4813.025       7574.312    0.000  -0.138   0.380   0.
  2017 352 12  7 46 512 352.505399456      -0.06      0.90     -1.42  0.         662.892       4814.123       7574.343    0.000  -0.138   0.380   0.
  2017 352 12  7 47 512 352.505411030      -0.15      0.98     -1.30  0.         661.555       4815.221       7574.375    0.000  -0.138   0.380   0.
  2017 352 12  7 48 512 352.505422604      -0.30      0.78     -1.21  0.         660.218       4816.318       7574.405    0.000  -0.138   0.380   0.
  2017 352 12  7 49 512 352.505434178      -0.00      0.51     -1.16  0.         658.881       4817.416       7574.436    0.000  -0.138   0.380   0.
  2017 352 12  7 50 512 352.505445752       0.13      0.62     -1.26  0.         657.544       4818.513       7574.466    0.000  -0.138   0.379   0.
  2017 352 12  7 51 513 352.505457326      -0.05      0.79     -1.22  0.         656.207       4819.609       7574.495    0.000  -0.138   0.379   0.
  2017 352 12  7 52 513 352.505468900      -0.15      1.06     -1.14  0.         654.870       4820.706       7574.524    0.000  -0.138   0.380   0.
  2017 352 12  7 53 512 352.505480475      -0.18      1.29     -1.05  0.         653.532       4821.802       7574.552    0.000  -0.138   0.380   0.
  2017 352 12  7 54 512 352.505492046      -0.36      1.13     -1.20  0.         652.195       4822.898       7574.580    0.000  -0.138   0.380   0.
  2017 352 12  7 55 512 352.505503620      -0.28      0.89     -1.03  0.         650.858       4823.994       7574.608    0.000  -0.138   0.380   0.
  2017 352 12  7 56 512 352.505515194       0.09      0.70     -1.36  0.         649.521       4825.089       7574.635    0.000  -0.138   0.380   0.
  2017 352 12  7 57 512 352.505526768      -0.18      0.65     -1.16  0.         648.183       4826.184       7574.662    0.000  -0.138   0.380   0.
  2017 352 12  7 58 512 352.505538342      -0.22      0.43     -1.32  0.         646.846       4827.279       7574.688    0.000  -0.138   0.379   0.
  2017 352 12  7 59 512 352.505549916       0.02      0.74     -1.30  0.         645.509       4828.373       7574.714    0.000  -0.138   0.379   0.
  2017 352 12  8  0 512 352.505561490      -0.22      0.62     -1.38  0.         644.171       4829.467       7574.739    0.000  -0.138   0.380   0.
  2017 352 12  8  1 512 352.505573064      -0.34      0.53     -1.39  0.         642.834       4830.561       7574.764    0.000  -0.138   0.380   0.
  2017 352 12  8  2 512 352.505584638      -0.24      0.64     -1.34  0.         641.496       4831.655       7574.789    0.000  -0.138   0.380   0.
  2017 352 12  8  3 512 352.505596212      -0.34      0.70     -1.28  0.         640.159       4832.748       7574.813    0.000  -0.138   0.380   0.
  2017 352 12  8  4 512 352.505607786      -0.40      0.74     -1.30  0.         638.821       4833.841       7574.837    0.000  -0.138   0.380   0.
  2017 352 12  8  5 512 352.505619361      -0.52      0.74     -1.31  0.         637.483       4834.934       7574.860    0.000  -0.138   0.380   0.
  2017 352 12  8  6 512 352.505630935      -0.61      0.59     -1.31  0.         636.146       4836.027       7574.882    0.000  -0.138   0.380   0.
  2017 352 12  8  7 512 352.505642509      -0.39      0.56     -1.34  0.         634.808       4837.119       7574.905    0.000  -0.138   0.380   0.
  2017 352 12  8  8 512 352.505654083      -0.37      0.37     -1.30  0.         633.470       4838.211       7574.927    0.000  -0.138   0.380   0.
  2017 352 12  8  9 512 352.505665657      -0.35      0.44     -1.07  0.         632.132       4839.302       7574.948    0.000  -0.138   0.380   0.
  2017 352 12  8 10 512 352.505677231       0.33      0.92     -0.98  0.         630.795       4840.394       7574.969    0.000  -0.138   0.379   0.
  2017 352 12  8 11 512 352.505688805       0.23      0.90     -1.21  0.         629.457       4841.485       7574.989    0.000  -0.138   0.379   0.
  2017 352 12  8 12 512 352.505700379      -0.41      0.99     -1.09  0.         628.119       4842.576       7575.009    0.000  -0.138   0.380   0.
  2017 352 12  8 13 512 352.505711953      -0.22      1.22     -0.86  0.         626.781       4843.666       7575.029    0.000  -0.138   0.380   0.
  2017 352 12  8 14 512 352.505723527      -0.38      0.94     -1.25  0.         625.443       4844.756       7575.048    0.000  -0.138   0.380   0.
  2017 352 12  8 15 512 352.505735101      -0.78      0.84     -1.08  0.         624.105       4845.846       7575.067    0.000  -0.138   0.380   0.
  2017 352 12  8 16 512 352.505746675      -0.67      1.08     -0.92  0.         622.767       4846.936       7575.085    0.000  -0.138   0.380   0.
  2017 352 12  8 17 512 352.505758249      -0.89      0.82     -1.16  0.         621.429       4848.025       7575.103    0.000  -0.138   0.380   0.
  2017 352 12  8 18 512 352.505769823      -0.44      0.86     -1.15  0.         620.091       4849.114       7575.120    0.000  -0.138   0.380   0.
  2017 352 12  8 19 512 352.505781398      -0.16      0.77     -1.14  0.         618.753       4850.203       7575.137    0.000  -0.138   0.380   0.
  2017 352 12  8 20 512 352.505792972      -0.35      0.66     -1.29  0.         617.414       4851.292       7575.154    0.000  -0.138   0.380   0.
  2017 352 12  8 21 512 352.505804546      -0.47      0.72     -1.13  0.         616.076       4852.380       7575.170    0.000  -0.138   0.380   0.
  2017 352 12  8 22 512 352.505816120      -0.23      0.74     -1.12  0.         614.738       4853.468       7575.186    0.000  -0.138   0.380   0.
  2017 352 12  8 23 512 352.505827694      -0.14      0.71     -1.24  0.         613.400       4854.556       7575.201    0.000  -0.138   0.380   0.
  2017 352 12  8 24 512 352.505839265      -0.56      0.65     -1.21  0.         612.061       4855.643       7575.216    0.000  -0.138   0.380   0.
  2017 352 12  8 25 512 352.505850839      -0.85      0.63     -1.15  0.         610.723       4856.730       7575.230    0.000  -0.138   0.380   0.
  2017 352 12  8 26 512 352.505862413      -0.56      0.64     -1.19  0.         609.385       4857.817       7575.244    0.000  -0.138   0.380   0.
  2017 352 12  8 27 512 352.505873987      -0.28      0.71     -1.28  0.         608.046       4858.904       7575.257    0.000  -0.138   0.380   0.
  2017 352 12  8 28 512 352.505885561      -0.11      0.71     -1.22  0.         606.708       4859.990       7575.270    0.000  -0.138   0.380   0.
  2017 352 12  8 29 512 352.505897135      -0.14      0.76     -1.16  0.         605.369       4861.076       7575.283    0.000  -0.138   0.380   0.
  2017 352 12  8 30 512 352.505908709      -0.33      0.73     -1.13  0.         604.031       4862.162       7575.295    0.000  -0.138   0.380   0.
  2017 352 12  8 31 512 352.505920284      -0.37      0.60     -1.20  0.         602.692       4863.247       7575.306    0.000  -0.138   0.380   0.
  2017 352 12  8 32 512 352.505931858       0.29      0.63     -1.36  0.         601.354       4864.332       7575.318    0.000  -0.138   0.380   0.
  2017 352 12  8 33 512 352.505943432       0.64      0.09     -1.51  0.         600.015       4865.417       7575.328    0.000  -0.138   0.380   0.
  2017 352 12  8 34 512 352.505955006       0.42      0.25     -1.33  0.         598.676       4866.502       7575.339    0.000  -0.138   0.380   0.
  2017 352 12  8 35 512 352.505966580       0.23      0.72     -1.06  0.         597.337       4867.586       7575.349    0.000  -0.138   0.380   0.
  2017 352 12  8 36 512 352.505978154       0.04      0.81     -1.00  0.         595.999       4868.670       7575.358    0.000  -0.138   0.380   0.
  2017 352 12  8 37 512 352.505989728       0.04      0.79     -0.99  0.         594.660       4869.754       7575.367    0.000  -0.138   0.380   0.
  2017 352 12  8 38 512 352.506001302      -0.15      0.79     -0.96  0.         593.321       4870.837       7575.376    0.000  -0.138   0.380   0.
  2017 352 12  8 39 512 352.506012876      -0.51      0.69     -1.01  0.         591.982       4871.920       7575.384    0.000  -0.138   0.380   0.
  2017 352 12  8 40 512 352.506024450      -0.54      0.57     -1.07  0.         590.643       4873.003       7575.392    0.000  -0.138   0.380   0.
  2017 352 12  8 41 512 352.506036024      -0.40      0.45     -1.44  0.         589.305       4874.086       7575.399    0.000  -0.138   0.380   0.
  2017 352 12  8 42 512 352.506047598      -0.65      0.24     -1.54  0.         587.966       4875.168       7575.406    0.000  -0.138   0.380   0.
  2017 352 12  8 43 512 352.506059172      -0.22      0.53     -1.47  0.         586.627       4876.250       7575.412    0.000  -0.138   0.380   0.
  2017 352 12  8 44 512 352.506070746      -0.12      0.56     -1.56  0.         585.288       4877.332       7575.418    0.000  -0.138   0.380   0.
  2017 352 12  8 45 512 352.506082321      -0.11      0.74     -1.53  0.         583.949       4878.413       7575.423    0.000  -0.138   0.380   0.
  2017 352 12  8 46 512 352.506093895      -0.19      0.71     -1.32  0.         582.609       4879.494       7575.428    0.000  -0.138   0.380   0.
  2017 352 12  8 47 512 352.506105469      -0.24      0.62     -1.27  0.         581.270       4880.575       7575.433    0.000  -0.138   0.380   0.
  2017 352 12  8 48 512 352.506117043      -0.29      0.48     -1.32  0.         579.931       4881.656       7575.437    0.000  -0.138   0.380   0.
  2017 352 12  8 49 512 352.506128617      -0.49      0.51     -1.32  0.         578.592       4882.736       7575.441    0.000  -0.138   0.380   0.
  2017 352 12  8 50 512 352.506140191      -0.58      0.54     -1.34  0.         577.253       4883.816       7575.444    0.000  -0.138   0.380   0.
  2017 352 12  8 51 512 352.506151765      -0.50      0.62     -1.24  0.         575.913       4884.896       7575.447    0.000  -0.138   0.380   0.
  2017 352 12  8 52 512 352.506163336      -0.44      0.83     -1.08  0.         574.574       4885.976       7575.449    0.000  -0.138   0.380   0.
  2017 352 12  8 53 512 352.506174910      -0.26      1.06     -0.90  0.         573.235       4887.055       7575.451    0.000  -0.138   0.380   0.
  2017 352 12  8 54 512 352.506186484      -0.13      1.14     -0.80  0.         571.896       4888.134       7575.453    0.000  -0.138   0.380   0.
  2017 352 12  8 55 512 352.506198058      -0.15      0.97     -0.90  0.         570.556       4889.212       7575.454    0.000  -0.138   0.380   0.
  2017 352 12  8 56 512 352.506209633      -0.68      0.91     -1.11  0.         569.217       4890.291       7575.455    0.000  -0.138   0.379   0.
  2017 352 12  8 57 512 352.506221207      -0.66      0.78     -1.04  0.         567.877       4891.369       7575.455    0.000  -0.138   0.379   0.
  2017 352 12  8 58 512 352.506232781      -0.64      0.65     -1.19  0.         566.538       4892.446       7575.455    0.000  -0.138   0.380   0.
  2017 352 12  8 59 512 352.506244355      -0.63      0.73     -1.23  0.         565.198       4893.524       7575.454    0.000  -0.138   0.380   0.
  2017 352 12  9  0 512 352.506255929      -0.50      0.74     -1.28  0.         563.859       4894.601       7575.453    0.000  -0.138   0.380   0.
  2017 352 12  9  1 512 352.506267503      -0.35      0.82     -1.11  0.         562.519       4895.678       7575.451    0.000  -0.138   0.380   0.
  2017 352 12  9  2 512 352.506279077      -0.22      0.90     -1.08  0.         561.180       4896.755       7575.449    0.000  -0.138   0.380   0.
  2017 352 12  9  3 512 352.506290651      -0.07      0.87     -1.13  0.         559.840       4897.831       7575.447    0.000  -0.138   0.380   0.
  2017 352 12  9  4 512 352.506302225      -0.11      0.72     -1.25  0.         558.500       4898.907       7575.444    0.000  -0.138   0.380   0.
  2017 352 12  9  5 512 352.506313799      -0.37      0.68     -1.16  0.         557.160       4899.983       7575.441    0.000  -0.138   0.380   0.
  2017 352 12  9  6 512 352.506325373      -0.47      0.72     -1.14  0.         555.821       4901.058       7575.437    0.000  -0.138   0.379   0.
  2017 352 12  9  7 512 352.506336947      -0.44      0.89     -1.32  0.         554.481       4902.134       7575.433    0.000  -0.138   0.379   0.
  2017 352 12  9  8 512 352.506348521      -0.41      0.99     -1.42  0.         553.141       4903.209       7575.428    0.000  -0.138   0.380   0.
  2017 352 12  9  9 512 352.506360096      -0.25      0.98     -1.11  0.         551.801       4904.283       7575.423    0.000  -0.138   0.380   0.
  2017 352 12  9 10 512 352.506371670       0.03      1.22     -1.09  0.         550.461       4905.358       7575.417    0.000  -0.138   0.380   0.
  2017 352 12  9 11 512 352.506383244      -0.40      0.77     -1.45  0.         549.121       4906.432       7575.411    0.000  -0.138   0.380   0.
  2017 352 12  9 12 512 352.506394818      -0.98      0.19     -1.64  0.         547.782       4907.505       7575.405    0.000  -0.138   0.380   0.
  2017 352 12  9 13 512 352.506406392      -0.73      0.49     -1.38  0.         546.442       4908.579       7575.398    0.000  -0.138   0.380   0.
  2017 352 12  9 14 512 352.506417966      -0.42      0.60     -1.31  0.         545.102       4909.652       7575.391    0.000  -0.138   0.379   0.
  2017 352 12  9 15 512 352.506429540      -0.00      0.71     -1.30  0.         543.762       4910.725       7575.383    0.000  -0.138   0.379   0.
  2017 352 12  9 16 512 352.506441114      -0.16      0.78     -1.25  0.         542.422       4911.798       7575.375    0.000  -0.138   0.380   0.
  2017 352 12  9 17 512 352.506452688      -0.30      0.74     -1.32  0.         541.081       4912.870       7575.366    0.000  -0.138   0.380   0.
  2017 352 12  9 18 512 352.506464262      -0.47      0.72     -1.39  0.         539.741       4913.943       7575.357    0.000  -0.138   0.380   0.
  2017 352 12  9 19 512 352.506475836      -0.42      0.83     -1.35  0.         538.401       4915.014       7575.348    0.000  -0.138   0.380   0.
  2017 352 12  9 20 512 352.506487410      -0.37      0.79     -1.40  0.         537.061       4916.086       7575.338    0.000  -0.138   0.380   0.
  2017 352 12  9 21 512 352.506498984      -0.35      0.76     -1.43  0.         535.721       4917.157       7575.328    0.000  -0.138   0.380   0.
  2017 352 12  9 22 511 352.506510556      -0.21      0.63     -1.36  0.         534.380       4918.228       7575.317    0.000  -0.138   0.380   0.
  2017 352 12  9 23 511 352.506522130      -0.51      0.44     -1.30  0.         533.040       4919.299       7575.306    0.000  -0.138   0.380   0.
  2017 352 12  9 24 512 352.506533704      -0.43      0.79     -0.97  0.         531.700       4920.369       7575.294    0.000  -0.138   0.380   0.
  2017 352 12  9 25 512 352.506545278      -0.08      0.94     -0.95  0.         530.359       4921.439       7575.282    0.000  -0.138   0.380   0.
  2017 352 12  9 26 512 352.506556852      -0.09      0.72     -1.10  0.         529.019       4922.509       7575.269    0.000  -0.138   0.380   0.
  2017 352 12  9 27 512 352.506568426      -0.13      0.69     -1.25  0.         527.679       4923.578       7575.256    0.000  -0.138   0.380   0.
  2017 352 12  9 28 511 352.506580000       0.02      0.84     -1.29  0.         526.338       4924.648       7575.243    0.000  -0.138   0.380   0.
  2017 352 12  9 29 511 352.506591574      -0.09      1.01     -1.08  0.         524.998       4925.717       7575.229    0.000  -0.138   0.380   0.
  2017 352 12  9 30 511 352.506603148       0.15      1.07     -1.07  0.         523.657       4926.785       7575.215    0.000  -0.138   0.380   0.
  2017 352 12  9 31 511 352.506614722      -0.20      0.99     -1.06  0.         522.317       4927.854       7575.200    0.000  -0.138   0.380   0.
  2017 352 12  9 32 511 352.506626296      -0.48      0.65     -1.22  0.         520.976       4928.922       7575.185    0.000  -0.138   0.380   0.
  2017 352 12  9 33 512 352.506637870      -0.31      0.76     -1.24  0.         519.636       4929.990       7575.169    0.000  -0.138   0.380   0.
  2017 352 12  9 34 512 352.506649444      -0.24      0.73     -1.33  0.         518.295       4931.057       7575.154    0.000  -0.138   0.380   0.
  2017 352 12  9 35 511 352.506661019      -0.27      0.73     -1.36  0.         516.954       4932.125       7575.137    0.000  -0.138   0.380   0.
  2017 352 12  9 36 511 352.506672593      -0.33      0.70     -1.37  0.         515.614       4933.192       7575.120    0.000  -0.138   0.380   0.
  2017 352 12  9 37 512 352.506684167      -0.34      0.70     -1.35  0.         514.273       4934.258       7575.103    0.000  -0.138   0.380   0.
  2017 352 12  9 38 512 352.506695741      -0.24      0.77     -1.30  0.         512.932       4935.325       7575.085    0.000  -0.138   0.380   0.
  2017 352 12  9 39 512 352.506707315      -0.35      0.63     -1.26  0.         511.591       4936.391       7575.067    0.000  -0.138   0.380   0.
  2017 352 12  9 40 512 352.506718889      -0.43      1.00     -0.96  0.         510.251       4937.457       7575.048    0.000  -0.138   0.380   0.
  2017 352 12  9 41 512 352.506730463      -0.30      0.95     -1.01  0.         508.910       4938.522       7575.029    0.000  -0.138   0.380   0.
  2017 352 12  9 42 511 352.506742037      -0.18      1.01     -0.93  0.         507.569       4939.588       7575.009    0.000  -0.138   0.380   0.
  2017 352 12  9 43 511 352.506753611      -0.51      0.73     -0.89  0.         506.228       4940.653       7574.989    0.000  -0.138   0.380   0.
  2017 352 12  9 44 511 352.506765185      -0.67      0.83     -0.82  0.         504.887       4941.717       7574.969    0.000  -0.138   0.380   0.
  2017 352 12  9 45 511 352.506776759      -0.89      0.59     -0.91  0.         503.546       4942.782       7574.948    0.000  -0.138   0.380   0.
  2017 352 12  9 46 511 352.506788333      -0.73      0.44     -1.19  0.         502.205       4943.846       7574.927    0.000  -0.138   0.380   0.
  2017 352 12  9 47 512 352.506799907      -0.48      0.25     -1.37  0.         500.864       4944.910       7574.905    0.000  -0.138   0.380   0.
  2017 352 12  9 48 512 352.506811481      -0.24      0.83     -1.37  0.         499.523       4945.973       7574.883    0.000  -0.138   0.380   0.
  2017 352 12  9 49 511 352.506823056       0.06      0.73     -1.29  0.         498.182       4947.037       7574.861    0.000  -0.138   0.380   0.
  2017 352 12  9 50 511 352.506834630       0.01      0.23     -1.42  0.         496.841       4948.100       7574.838    0.000  -0.138   0.380   0.
  2017 352 12  9 51 512 352.506846204      -0.10      0.42     -1.33  0.         495.500       4949.162       7574.814    0.000  -0.138   0.380   0.
  2017 352 12  9 52 511 352.506857775      -0.29      1.03     -1.01  0.         494.159       4950.225       7574.790    0.000  -0.138   0.380   0.
  2017 352 12  9 53 511 352.506869349      -0.47      1.07     -0.92  0.         492.818       4951.287       7574.766    0.000  -0.138   0.380   0.
  2017 352 12  9 54 511 352.506880923      -0.47      1.08     -0.98  0.         491.477       4952.349       7574.741    0.000  -0.138   0.380   0.
  2017 352 12  9 55 511 352.506892497      -0.32      1.09     -1.02  0.         490.135       4953.410       7574.716    0.000  -0.138   0.380   0.
  2017 352 12  9 56 511 352.506904071      -0.48      0.98     -0.94  0.         488.794       4954.472       7574.690    0.000  -0.138   0.380   0.
  2017 352 12  9 57 511 352.506915645      -0.38      0.85     -1.06  0.         487.453       4955.533       7574.664    0.000  -0.138   0.380   0.
  2017 352 12  9 58 511 352.506927219      -0.22      0.74     -1.12  0.         486.112       4956.593       7574.638    0.000  -0.138   0.380   0.
  2017 352 12  9 59 511 352.506938793      -0.15      0.67     -1.29  0.         484.770       4957.654       7574.611    0.000  -0.138   0.380   0.
  2017 352 12 10  0 511 352.506950367      -0.54      1.14     -1.25  0.         483.429       4958.714       7574.583    0.000  -0.138   0.380   0.
  2017 352 12 10  1 511 352.506961942      -0.05      1.64     -1.26  0.         482.087       4959.774       7574.556    0.000  -0.138   0.380   0.
  2017 352 12 10  2 511 352.506973516       0.00      1.60     -1.09  0.         480.746       4960.834       7574.527    0.000  -0.138   0.380   0.
  2017 352 12 10  3 511 352.506985090      -0.07      1.35     -1.34  0.         479.405       4961.893       7574.499    0.000  -0.138   0.380   0.
  2017 352 12 10  4 511 352.506996664      -0.09      1.43     -1.22  0.         478.063       4962.952       7574.470    0.000  -0.138   0.380   0.
  2017 352 12 10  5 511 352.507008238       0.12      1.29     -1.18  0.         476.722       4964.011       7574.440    0.000  -0.138   0.380   0.
  2017 352 12 10  6 511 352.507019812       0.01      0.93     -1.16  0.         475.380       4965.069       7574.410    0.000  -0.138   0.380   0.
  2017 352 12 10  7 511 352.507031386      -0.34      0.50     -1.21  0.         474.038       4966.127       7574.380    0.000  -0.138   0.380   0.
  2017 352 12 10  8 511 352.507042960      -0.95      0.65     -1.07  0.         472.697       4967.185       7574.349    0.000  -0.138   0.380   0.
  2017 352 12 10  9 511 352.507054534      -0.86      1.30     -1.12  0.         471.355       4968.243       7574.318    0.000  -0.138   0.380   0.
  2017 352 12 10 10 511 352.507066108      -0.83      1.11     -1.04  0.         470.014       4969.300       7574.285    0.000  -0.138   0.380   0.
  2017 352 12 10 11 511 352.507077682      -0.48      1.20     -0.98  0.         468.672       4970.357       7574.254    0.000  -0.138   0.380   0.
  2017 352 12 10 12 511 352.507089256      -0.44      1.25     -0.89  0.         467.330       4971.414       7574.221    0.000  -0.138   0.380   0.
  2017 352 12 10 13 511 352.507100830      -0.13      0.62     -1.14  0.         465.989       4972.470       7574.188    0.000  -0.138   0.380   0.
  2017 352 12 10 14 511 352.507112405      -0.14      0.36     -1.35  0.         464.647       4973.527       7574.155    0.000  -0.138   0.380   0.
  2017 352 12 10 15 511 352.507123979      -0.53      0.35     -1.27  0.         463.305       4974.582       7574.121    0.000  -0.138   0.380   0.
  2017 352 12 10 16 511 352.507135553      -0.67      0.39     -1.19  0.         461.963       4975.638       7574.086    0.000  -0.138   0.380   0.
  2017 352 12 10 17 511 352.507147127      -0.81      0.44     -1.12  0.         460.621       4976.693       7574.052    0.000  -0.138   0.380   0.
  2017 352 12 10 18 511 352.507158701      -1.21      0.63     -0.91  0.         459.280       4977.748       7574.016    0.000  -0.138   0.379   0.
  2017 352 12 10 19 511 352.507170275      -1.13      1.07     -0.84  0.         457.938       4978.803       7573.981    0.000  -0.138   0.379   0.
  2017 352 12 10 20 511 352.507181849      -0.85      1.16     -0.85  0.         456.596       4979.858       7573.945    0.000  -0.138   0.380   0.
  2017 352 12 10 21 511 352.507193423      -0.44      1.28     -0.97  0.         455.254       4980.912       7573.908    0.000  -0.138   0.380   0.
  2017 352 12 10 22 511 352.507204997      -0.24      0.98     -1.07  0.         453.912       4981.966       7573.871    0.000  -0.138   0.380   0.
  2017 352 12 10 23 511 352.507216571      -0.13      0.98     -1.11  0.         452.570       4983.019       7573.834    0.000  -0.138   0.380   0.
  2017 352 12 10 24 511 352.507228142      -0.17      0.98     -1.04  0.         451.228       4984.073       7573.796    0.000  -0.138   0.380   0.
  2017 352 12 10 25 511 352.507239716      -0.42      1.05     -0.88  0.         449.886       4985.126       7573.758    0.000  -0.138   0.380   0.
  2017 352 12 10 26 511 352.507251290      -0.36      1.31     -0.91  0.         448.544       4986.179       7573.719    0.000  -0.138   0.380   0.
  2017 352 12 10 27 511 352.507262865      -0.08      1.06     -1.35  0.         447.202       4987.231       7573.680    0.000  -0.138   0.380   0.
  2017 352 12 10 28 511 352.507274439      -0.72      0.93     -1.02  0.         445.860       4988.283       7573.641    0.000  -0.138   0.380   0.
  2017 352 12 10 29 511 352.507286013       0.11      1.61     -0.87  0.         444.517       4989.335       7573.601    0.000  -0.138   0.380   0.
  2017 352 12 10 30 511 352.507297587       0.19      1.50     -1.19  0.         443.175       4990.387       7573.560    0.000  -0.138   0.380   0.
  2017 352 12 10 31 511 352.507309161      -0.07      1.43     -1.21  0.         441.833       4991.438       7573.519    0.000  -0.138   0.380   0.
  2017 352 12 10 32 511 352.507320735       0.04      1.06     -1.17  0.         440.491       4992.489       7573.478    0.000  -0.138   0.380   0.
  2017 352 12 10 33 511 352.507332309      -0.03      0.73     -1.52  0.         439.149       4993.540       7573.436    0.000  -0.138   0.380   0.
  2017 352 12 10 34 511 352.507343883       0.22      1.16     -1.46  0.         437.806       4994.590       7573.394    0.000  -0.138   0.380   0.
  2017 352 12 10 35 511 352.507355457       0.14      1.31     -1.34  0.         436.464       4995.641       7573.352    0.000  -0.138   0.380   0.
  2017 352 12 10 36 511 352.507367031      -0.31      1.42     -1.17  0.         435.122       4996.690       7573.309    0.000  -0.138   0.380   0.
  2017 352 12 10 37 511 352.507378605      -0.25      1.32     -1.44  0.         433.780       4997.740       7573.265    0.000  -0.138   0.380   0.
  2017 352 12 10 38 511 352.507390179       0.10      1.40     -1.50  0.         432.437       4998.789       7573.221    0.000  -0.138   0.380   0.
  2017 352 12 10 39 511 352.507401754       0.10      1.06     -1.44  0.         431.095       4999.838       7573.177    0.000  -0.138   0.380   0.
  2017 352 12 10 40 511 352.507413328       0.06      0.98     -1.46  0.         429.752       5000.887       7573.132    0.000  -0.138   0.380   0.
  2017 352 12 10 41 511 352.507424902      -0.15      1.16     -1.43  0.         428.410       5001.936       7573.087    0.000  -0.138   0.380   0.
  2017 352 12 10 42 511 352.507436476      -0.48      1.24     -1.12  0.         427.067       5002.984       7573.042    0.000  -0.138   0.380   0.
  2017 352 12 10 43 511 352.507448050      -0.51      1.10     -1.05  0.         425.725       5004.032       7572.996    0.000  -0.138   0.380   0.
  2017 352 12 10 44 511 352.507459624      -0.63      1.09     -1.15  0.         424.382       5005.080       7572.949    0.000  -0.138   0.380   0.
  2017 352 12 10 45 511 352.507471198      -0.56      1.37     -1.16  0.         423.040       5006.127       7572.902    0.000  -0.138   0.380   0.
  2017 352 12 10 46 511 352.507482772      -0.30      1.35     -1.02  0.         421.697       5007.174       7572.855    0.000  -0.138   0.380   0.
  2017 352 12 10 47 511 352.507494346       0.19      1.26     -0.98  0.         420.355       5008.221       7572.807    0.000  -0.138   0.380   0.
  2017 352 12 10 48 511 352.507505920      -0.26      1.08     -1.12  0.         419.012       5009.267       7572.759    0.000  -0.138   0.380   0.
  2017 352 12 10 49 511 352.507517494      -0.80      1.40     -0.81  0.         417.670       5010.313       7572.710    0.000  -0.138   0.380   0.
  2017 352 12 10 50 511 352.507529068      -0.45      1.62     -0.53  0.         416.327       5011.359       7572.661    0.000  -0.138   0.380   0.
  2017 352 12 10 51 511 352.507540642       0.43      2.12     -0.34  0.         414.984       5012.405       7572.612    0.000  -0.138   0.380   0.
  2017 352 12 10 52 511 352.507552216       0.77      2.12     -0.47  0.         413.642       5013.450       7572.562    0.000  -0.138   0.380   0.
  2017 352 12 10 53 511 352.507563790       0.15      1.72     -0.41  0.         412.299       5014.495       7572.512    0.000  -0.138   0.380   0.
  2017 352 12 10 54 511 352.507575362      -0.69      0.95     -0.55  0.         410.956       5015.540       7572.461    0.000  -0.138   0.380   0.
  2017 352 12 10 55 511 352.507586936      -0.78      0.83     -0.91  0.         409.613       5016.585       7572.410    0.000  -0.138   0.380   0.
  2017 352 12 10 56 511 352.507598510      -0.71      0.93     -0.92  0.         408.271       5017.629       7572.358    0.000  -0.138   0.380   0.
  2017 352 12 10 57 511 352.507610084      -0.21      0.87     -1.30  0.         406.928       5018.673       7572.306    0.000  -0.138   0.380   0.
  2017 352 12 10 58 511 352.507621658      -0.16      0.98     -0.99  0.         405.585       5019.716       7572.253    0.000  -0.138   0.380   0.
  2017 352 12 10 59 511 352.507633232      -0.27      0.77     -1.09  0.         404.242       5020.760       7572.200    0.000  -0.138   0.380   0.
  2017 352 12 11  0 511 352.507644806      -0.26     -0.19     -1.93  0.         402.899       5021.803       7572.147    0.000  -0.138   0.380   0.
  2017 352 12 11  1 511 352.507656380      -0.47      0.04     -1.94  0.         401.556       5022.846       7572.093    0.000  -0.138   0.380   0.
  2017 352 12 11  2 511 352.507667954      -0.88      0.53     -1.12  0.         400.213       5023.888       7572.039    0.000  -0.138   0.380   0.
  2017 352 12 11  3 511 352.507679528      -0.68      1.09     -0.88  0.         398.870       5024.930       7571.984    0.000  -0.138   0.380   0.
  2017 352 12 11  4 511 352.507691102      -0.46      1.02     -0.96  0.         397.527       5025.972       7571.929    0.000  -0.138   0.380   0.
  2017 352 12 11  5 511 352.507702677      -0.52      1.11     -0.97  0.         396.184       5027.014       7571.874    0.000  -0.138   0.380   0.
  2017 352 12 11  6 511 352.507714251      -0.69      0.76     -1.09  0.         394.841       5028.055       7571.818    0.000  -0.138   0.380   0.
  2017 352 12 11  7 511 352.507725825      -0.71      0.92     -0.81  0.         393.498       5029.096       7571.762    0.000  -0.138   0.380   0.
  2017 352 12 11  8 511 352.507737399      -0.34      1.02     -0.83  0.         392.155       5030.137       7571.705    0.000  -0.138   0.380   0.
  2017 352 12 11  9 511 352.507748973      -0.44      0.86     -1.24  0.         390.812       5031.178       7571.647    0.000  -0.138   0.380   0.
  2017 352 12 11 10 511 352.507760547      -1.37      0.89     -1.56  0.         389.469       5032.218       7571.590    0.000  -0.138   0.380   0.
  2017 352 12 11 11 511 352.507772121      -0.43      1.56     -1.04  0.         388.126       5033.258       7571.532    0.000  -0.138   0.380   0.
  2017 352 12 11 12 511 352.507783695       0.10      1.93     -0.85  0.         386.783       5034.297       7571.473    0.000  -0.138   0.380   0.
  2017 352 12 11 13 511 352.507795269      -0.44      1.04     -1.28  0.         385.440       5035.337       7571.414    0.000  -0.138   0.380   0.
  2017 352 12 11 14 511 352.507806843      -0.84      0.63     -1.38  0.         384.096       5036.376       7571.355    0.000  -0.138   0.380   0.
  2017 352 12 11 15 511 352.507818417      -1.02      0.92     -1.21  0.         382.753       5037.415       7571.295    0.000  -0.138   0.380   0.
  2017 352 12 11 16 511 352.507829991      -1.13      1.13     -0.93  0.         381.410       5038.453       7571.235    0.000  -0.138   0.380   0.
  2017 352 12 11 17 511 352.507841565      -0.55      0.87     -1.13  0.         380.067       5039.491       7571.174    0.000  -0.138   0.380   0.
  2017 352 12 11 18 511 352.507853139      -0.11      1.35     -1.23  0.         378.723       5040.529       7571.113    0.000  -0.138   0.380   0.
  2017 352 12 11 19 511 352.507864714      -0.48      1.22     -1.19  0.         377.380       5041.567       7571.051    0.000  -0.138   0.380   0.
  2017 352 12 11 20 511 352.507876288      -0.71      1.00     -1.16  0.         376.037       5042.604       7570.989    0.000  -0.138   0.380   0.
  2017 352 12 11 21 511 352.507887862      -0.86      0.99     -1.19  0.         374.693       5043.641       7570.927    0.000  -0.138   0.380   0.
  2017 352 12 11 22 511 352.507899436      -0.94      1.05     -1.10  0.         373.350       5044.678       7570.864    0.000  -0.138   0.380   0.
  2017 352 12 11 23 511 352.507911009      -0.98      1.16     -1.20  0.         372.007       5045.715       7570.801    0.000  -0.138   0.380   0.
  2017 352 12 11 24 510 352.507922581      -0.66      1.09     -1.30  0.         370.663       5046.751       7570.737    0.000  -0.138   0.380   0.
  2017 352 12 11 25 510 352.507934155      -0.65      0.88     -1.06  0.         369.320       5047.787       7570.673    0.000  -0.138   0.380   0.
  2017 352 12 11 26 510 352.507945729      -0.69      1.14     -0.70  0.         367.976       5048.822       7570.609    0.000  -0.138   0.380   0.
  2017 352 12 11 27 510 352.507957303      -0.26      1.21     -0.76  0.         366.633       5049.858       7570.544    0.000  -0.138   0.380   0.
  2017 352 12 11 28 510 352.507968877      -0.21      1.34     -1.26  0.         365.289       5050.893       7570.478    0.000  -0.138   0.380   0.
  2017 352 12 11 29 511 352.507980451       0.01      1.32     -1.72  0.         363.946       5051.928       7570.412    0.000  -0.138   0.380   0.
  2017 352 12 11 30 511 352.507992025       0.35      1.05     -1.34  0.         362.602       5052.962       7570.346    0.000  -0.138   0.380   0.
  2017 352 12 11 31 510 352.508003600       0.17      1.36     -0.95  0.         361.259       5053.996       7570.279    0.000  -0.138   0.380   0.
  2017 352 12 11 32 510 352.508015174       0.46      1.53     -1.08  0.         359.915       5055.030       7570.212    0.000  -0.138   0.380   0.
  2017 352 12 11 33 511 352.508026748       0.45      1.27     -1.33  0.         358.572       5056.064       7570.145    0.000  -0.138   0.380   0.
  2017 352 12 11 34 511 352.508038322       0.03      1.79     -0.96  0.         357.228       5057.097       7570.077    0.000  -0.138   0.380   0.
  2017 352 12 11 35 511 352.508049896      -0.46      1.75     -0.63  0.         355.884       5058.130       7570.008    0.000  -0.138   0.380   0.
  2017 352 12 11 36 511 352.508061470      -0.83      1.07     -0.74  0.         354.541       5059.163       7569.940    0.000  -0.138   0.380   0.
  2017 352 12 11 37 511 352.508073044      -0.78      0.48     -1.35  0.         353.197       5060.196       7569.870    0.000  -0.138   0.380   0.
  2017 352 12 11 38 510 352.508084618      -0.59      0.57     -1.45  0.         351.853       5061.228       7569.801    0.000  -0.138   0.380   0.
  2017 352 12 11 39 510 352.508096192      -0.29      0.79     -1.45  0.         350.510       5062.260       7569.730    0.000  -0.138   0.380   0.
  2017 352 12 11 40 510 352.508107766      -0.36      0.55     -1.38  0.         349.166       5063.292       7569.660    0.000  -0.138   0.380   0.
  2017 352 12 11 41 510 352.508119340      -0.57      0.37     -1.32  0.         347.822       5064.323       7569.589    0.000  -0.138   0.380   0.
  2017 352 12 11 42 510 352.508130914      -0.90      0.74     -1.14  0.         346.478       5065.354       7569.518    0.000  -0.138   0.380   0.
  2017 352 12 11 43 511 352.508142488      -0.79      1.06     -1.12  0.         345.135       5066.385       7569.446    0.000  -0.138   0.380   0.
  2017 352 12 11 44 511 352.508154062      -0.24      0.94     -1.33  0.         343.791       5067.415       7569.373    0.000  -0.138   0.380   0.
  2017 352 12 11 45 510 352.508165637       0.32      0.93     -1.65  0.         342.447       5068.445       7569.301    0.000  -0.138   0.380   0.
  2017 352 12 11 46 511 352.508177211       0.29      0.40     -1.61  0.         341.103       5069.475       7569.228    0.000  -0.138   0.380   0.
  2017 352 12 11 47 511 352.508188785      -0.60      0.58     -1.32  0.         339.759       5070.505       7569.154    0.000  -0.138   0.380   0.
  2017 352 12 11 48 511 352.508200359      -0.87      1.31     -1.01  0.         338.415       5071.534       7569.080    0.000  -0.138   0.380   0.
  2017 352 12 11 49 511 352.508211933      -0.42      1.09     -1.10  0.         337.071       5072.563       7569.006    0.000  -0.138   0.380   0.
  2017 352 12 11 50 511 352.508223507       0.10      0.65     -1.51  0.         335.727       5073.592       7568.931    0.000  -0.138   0.380   0.
  2017 352 12 11 51 510 352.508235081       0.29      0.67     -1.64  0.         334.384       5074.621       7568.856    0.000  -0.138   0.380   0.
  2017 352 12 11 52 510 352.508246652      -0.03      0.98     -1.38  0.         333.040       5075.649       7568.780    0.000  -0.138   0.380   0.
  2017 352 12 11 53 510 352.508258226       0.33      1.05     -1.19  0.         331.696       5076.677       7568.704    0.000  -0.138   0.380   0.
  2017 352 12 11 54 510 352.508269800       0.36      1.18     -1.20  0.         330.352       5077.704       7568.627    0.000  -0.138   0.380   0.
  2017 352 12 11 55 510 352.508281374       0.14      0.92     -1.50  0.         329.008       5078.732       7568.550    0.000  -0.138   0.380   0.
  2017 352 12 11 56 510 352.508292948       0.50      1.13     -1.54  0.         327.664       5079.759       7568.473    0.000  -0.138   0.380   0.
  2017 352 12 11 57 510 352.508304523       0.67      1.02     -1.51  0.         326.319       5080.786       7568.395    0.000  -0.138   0.380   0.
  2017 352 12 11 58 510 352.508316097       0.23      0.98     -1.28  0.         324.975       5081.812       7568.317    0.000  -0.138   0.380   0.
  2017 352 12 11 59 510 352.508327671      -0.23      0.64     -1.25  0.         323.631       5082.838       7568.238    0.000  -0.138   0.380   0.
  2017 352 12 12  0 510 352.508339245      -0.46      0.86     -0.91  0.         322.287       5083.864       7568.159    0.000  -0.138   0.380   0.
  2017 352 12 12  1 510 352.508350819      -0.30      1.16     -0.65  0.         320.943       5084.890       7568.080    0.000  -0.138   0.380   0.
  2017 352 12 12  2 510 352.508362393      -0.29      0.86     -0.86  0.         319.599       5085.915       7567.999    0.000  -0.138   0.380   0.
  2017 352 12 12  3 510 352.508373967      -0.29      0.55     -1.03  0.         318.255       5086.940       7567.919    0.000  -0.138   0.380   0.
  2017 352 12 12  4 510 352.508385541      -0.41      0.42     -1.00  0.         316.911       5087.965       7567.838    0.000  -0.138   0.380   0.
  2017 352 12 12  5 510 352.508397115      -0.45      0.51     -1.07  0.         315.566       5088.990       7567.757    0.000  -0.138   0.380   0.
  2017 352 12 12  6 510 352.508408689      -0.44      0.80     -1.11  0.         314.222       5090.014       7567.676    0.000  -0.138   0.380   0.
  2017 352 12 12  7 510 352.508420263      -0.34      0.80     -1.10  0.         312.878       5091.038       7567.593    0.000  -0.138   0.380   0.
  2017 352 12 12  8 510 352.508431837      -0.35      1.10     -1.04  0.         311.534       5092.061       7567.511    0.000  -0.138   0.380   0.
  2017 352 12 12  9 510 352.508443411      -0.32      1.40     -0.92  0.         310.189       5093.085       7567.428    0.000  -0.138   0.380   0.
  2017 352 12 12 10 510 352.508454986      -0.09      1.65     -0.63  0.         308.845       5094.108       7567.345    0.000  -0.138   0.380   0.
  2017 352 12 12 11 510 352.508466560       0.59      1.85     -0.90  0.         307.501       5095.131       7567.261    0.000  -0.138   0.380   0.
  2017 352 12 12 12 510 352.508478134       0.94      0.95     -1.34  0.         306.156       5096.153       7567.177    0.000  -0.138   0.380   0.
  2017 352 12 12 13 510 352.508489708       0.82      0.64     -1.52  0.         304.812       5097.175       7567.092    0.000  -0.138   0.380   0.
  2017 352 12 12 14 510 352.508501282       0.47      0.89     -1.40  0.         303.468       5098.197       7567.007    0.000  -0.138   0.380   0.
  2017 352 12 12 15 510 352.508512856      -0.32      1.34     -0.98  0.         302.123       5099.219       7566.921    0.000  -0.138   0.380   0.
  2017 352 12 12 16 510 352.508524430      -0.01      0.92     -1.14  0.         300.779       5100.240       7566.835    0.000  -0.138   0.380   0.
  2017 352 12 12 17 510 352.508536004      -0.03      0.93     -0.94  0.         299.434       5101.261       7566.749    0.000  -0.138   0.380   0.
  2017 352 12 12 18 510 352.508547578      -0.30      0.50     -1.07  0.         298.090       5102.282       7566.662    0.000  -0.138   0.380   0.
  2017 352 12 12 19 510 352.508559152      -0.42      0.81     -1.19  0.         296.746       5103.302       7566.575    0.000  -0.138   0.380   0.
  2017 352 12 12 20 510 352.508570726      -0.13      0.83     -1.38  0.         295.401       5104.323       7566.488    0.000  -0.138   0.380   0.
  2017 352 12 12 21 510 352.508582300       0.35      1.38     -1.51  0.         294.057       5105.342       7566.399    0.000  -0.138   0.380   0.
  2017 352 12 12 22 510 352.508593872       1.26      1.28     -1.68  0.         292.712       5106.362       7566.311    0.000  -0.138   0.380   0.
  2017 352 12 12 23 510 352.508605446       0.59      1.58     -1.24  0.         291.368       5107.381       7566.222    0.000  -0.138   0.380   0.
  2017 352 12 12 24 510 352.508617020      -0.17      1.50     -0.81  0.         290.023       5108.400       7566.133    0.000  -0.138   0.380   0.
  2017 352 12 12 25 510 352.508628594      -0.02      1.72     -0.70  0.         288.679       5109.419       7566.043    0.000  -0.138   0.380   0.
  2017 352 12 12 26 510 352.508640168      -0.17      1.63     -0.66  0.         287.334       5110.438       7565.953    0.000  -0.138   0.380   0.
  2017 352 12 12 27 510 352.508651742      -0.51      1.13     -0.90  0.         285.989       5111.456       7565.862    0.000  -0.138   0.380   0.
  2017 352 12 12 28 510 352.508663316      -0.66      0.50     -1.18  0.         284.645       5112.474       7565.771    0.000  -0.138   0.380   0.
  2017 352 12 12 29 510 352.508674890      -0.64      0.62     -1.31  0.         283.300       5113.491       7565.680    0.000  -0.138   0.380   0.
  2017 352 12 12 30 510 352.508686464      -0.46      1.08     -1.30  0.         281.956       5114.509       7565.588    0.000  -0.138   0.380   0.
  2017 352 12 12 31 510 352.508698038      -0.77      1.15     -1.07  0.         280.611       5115.526       7565.496    0.000  -0.138   0.380   0.
  2017 352 12 12 32 510 352.508709612      -0.70      1.02     -1.19  0.         279.266       5116.542       7565.403    0.000  -0.138   0.380   0.
  2017 352 12 12 33 510 352.508721186      -0.59      1.06     -1.28  0.         277.922       5117.559       7565.310    0.000  -0.138   0.380   0.
  2017 352 12 12 34 510 352.508732760      -0.36      1.27     -1.35  0.         276.577       5118.575       7565.216    0.000  -0.138   0.380   0.
  2017 352 12 12 35 510 352.508744335      -0.11      1.39     -1.16  0.         275.232       5119.591       7565.122    0.000  -0.138   0.380   0.
  2017 352 12 12 36 510 352.508755909       0.04      1.38     -0.95  0.         273.888       5120.607       7565.028    0.000  -0.138   0.380   0.
  2017 352 12 12 37 510 352.508767483       0.01      1.43     -0.84  0.         272.543       5121.622       7564.933    0.000  -0.138   0.380   0.
  2017 352 12 12 38 510 352.508779057      -0.50      1.70     -0.65  0.         271.198       5122.637       7564.837    0.000  -0.138   0.380   0.
  2017 352 12 12 39 510 352.508790631      -0.91      1.54     -0.52  0.         269.853       5123.652       7564.742    0.000  -0.138   0.380   0.
  2017 352 12 12 40 510 352.508802205      -0.25      1.10     -0.97  0.         268.509       5124.666       7564.646    0.000  -0.138   0.380   0.
  2017 352 12 12 41 510 352.508813779      -0.31      0.40     -1.37  0.         267.164       5125.680       7564.549    0.000  -0.138   0.380   0.
  2017 352 12 12 42 510 352.508825353      -0.50      0.09     -1.67  0.         265.819       5126.694       7564.452    0.000  -0.138   0.380   0.
  2017 352 12 12 43 510 352.508836927      -0.55      0.16     -1.91  0.         264.474       5127.708       7564.355    0.000  -0.138   0.380   0.
  2017 352 12 12 44 510 352.508848501      -0.24      0.33     -2.03  0.         263.129       5128.721       7564.257    0.000  -0.138   0.380   0.
  2017 352 12 12 45 510 352.508860075       0.15      0.50     -2.04  0.         261.784       5129.734       7564.159    0.000  -0.138   0.380   0.
  2017 352 12 12 46 510 352.508871649      -0.21      0.46     -1.79  0.         260.440       5130.747       7564.060    0.000  -0.138   0.380   0.
  2017 352 12 12 47 510 352.508883223      -0.29      0.40     -1.89  0.         259.095       5131.759       7563.961    0.000  -0.138   0.380   0.
  2017 352 12 12 48 510 352.508894797      -0.26      0.36     -2.01  0.         257.750       5132.771       7563.861    0.000  -0.138   0.380   0.
  2017 352 12 12 49 510 352.508906371      -0.16      0.69     -1.76  0.         256.405       5133.783       7563.762    0.000  -0.138   0.380   0.
  2017 352 12 12 50 510 352.508917946      -0.30      0.98     -1.62  0.         255.060       5134.795       7563.661    0.000  -0.138   0.380   0.
  2017 352 12 12 51 510 352.508929519      -0.00      1.46     -0.97  0.         253.715       5135.806       7563.560    0.000  -0.138   0.380   0.
  2017 352 12 12 52 510 352.508941091       0.00      1.56     -0.66  0.         252.370       5136.817       7563.459    0.000  -0.138   0.380   0.
  2017 352 12 12 53 510 352.508952665      -0.57      1.34     -0.77  0.         251.025       5137.828       7563.358    0.000  -0.138   0.380   0.
  2017 352 12 12 54 510 352.508964239      -0.68      1.34     -0.70  0.         249.680       5138.838       7563.256    0.000  -0.138   0.380   0.
  2017 352 12 12 55 510 352.508975813      -0.64      1.30     -0.65  0.         248.335       5139.849       7563.153    0.000  -0.138   0.380   0.
  2017 352 12 12 56 510 352.508987387      -0.78      0.81     -0.89  0.         246.990       5140.858       7563.050    0.000  -0.138   0.380   0.
  2017 352 12 12 57 510 352.508998961      -0.55      0.54     -1.26  0.         245.645       5141.868       7562.947    0.000  -0.138   0.380   0.
  2017 352 12 12 58 510 352.509010535      -0.01      0.67     -1.47  0.         244.300       5142.877       7562.843    0.000  -0.138   0.380   0.
  2017 352 12 12 59 510 352.509022109       0.12      0.83     -1.53  0.         242.955       5143.886       7562.739    0.000  -0.138   0.380   0.
  2017 352 12 13  0 510 352.509033683      -0.08      1.04     -1.33  0.         241.610       5144.895       7562.634    0.000  -0.138   0.380   0.
  2017 352 12 13  1 510 352.509045258      -0.14      1.01     -1.25  0.         240.265       5145.903       7562.529    0.000  -0.138   0.380   0.
  2017 352 12 13  2 510 352.509056832      -0.28      0.62     -1.33  0.         238.920       5146.912       7562.424    0.000  -0.138   0.380   0.
  2017 352 12 13  3 510 352.509068406      -0.83      0.60     -1.22  0.         237.575       5147.919       7562.318    0.000  -0.138   0.380   0.
  2017 352 12 13  4 510 352.509079980      -0.32      1.35     -1.11  0.         236.230       5148.927       7562.212    0.000  -0.138   0.380   0.
  2017 352 12 13  5 510 352.509091554       0.36      1.21     -1.34  0.         234.884       5149.934       7562.105    0.000  -0.138   0.380   0.
  2017 352 12 13  6 510 352.509103128       0.42      1.60     -0.99  0.         233.539       5150.941       7561.998    0.000  -0.138   0.380   0.
  2017 352 12 13  7 510 352.509114702       0.49      1.60     -0.94  0.         232.194       5151.948       7561.890    0.000  -0.138   0.380   0.
  2017 352 12 13  8 510 352.509126276       0.04      1.43     -0.91  0.         230.849       5152.954       7561.782    0.000  -0.138   0.380   0.
  2017 352 12 13  9 510 352.509137850       0.64      1.63     -1.28  0.         229.504       5153.961       7561.674    0.000  -0.138   0.380   0.
  2017 352 12 13 10 510 352.509149424       1.00      0.90     -1.85  0.         228.159       5154.966       7561.565    0.000  -0.138   0.380   0.
  2017 352 12 13 11 510 352.509160998       1.36      0.93     -1.67  0.         226.813       5155.972       7561.456    0.000  -0.138   0.380   0.
  2017 352 12 13 12 510 352.509172572       0.62      1.31     -1.45  0.         225.468       5156.977       7561.346    0.000  -0.138   0.380   0.
  2017 352 12 13 13 510 352.509184146       0.14      1.72     -1.14  0.         224.123       5157.982       7561.236    0.000  -0.138   0.380   0.
  2017 352 12 13 14 510 352.509195721      -0.31      2.12     -0.70  0.         222.778       5158.987       7561.126    0.000  -0.138   0.380   0.
  2017 352 12 13 15 510 352.509207295      -0.83      1.96     -0.42  0.         221.432       5159.991       7561.015    0.000  -0.138   0.380   0.
  2017 352 12 13 16 510 352.509218869      -0.82      2.06     -0.39  0.         220.087       5160.995       7560.903    0.000  -0.138   0.380   0.
  2017 352 12 13 17 510 352.509230443      -0.49      2.00     -0.84  0.         218.742       5161.999       7560.792    0.000  -0.138   0.380   0.
  2017 352 12 13 18 510 352.509242017      -0.46      1.42     -1.18  0.         217.397       5163.003       7560.679    0.000  -0.138   0.380   0.
  2017 352 12 13 19 510 352.509253591      -0.45      1.54     -1.00  0.         216.051       5164.006       7560.567    0.000  -0.138   0.380   0.
  2017 352 12 13 20 510 352.509265165      -0.75      1.19     -0.96  0.         214.706       5165.009       7560.454    0.000  -0.138   0.380   0.
  2017 352 12 13 21 510 352.509276739      -0.63      0.91     -1.17  0.         213.361       5166.012       7560.340    0.000  -0.138   0.380   0.
  2017 352 12 13 22 510 352.509288313      -0.75      0.96     -1.02  0.         212.015       5167.014       7560.226    0.000  -0.138   0.380   0.
  2017 352 12 13 23 509 352.509299887      -0.77      0.98     -1.03  0.         210.670       5168.016       7560.112    0.000  -0.138   0.380   0.
  2017 352 12 13 24 509 352.509311458      -0.63      1.06     -1.06  0.         209.325       5169.018       7559.997    0.000  -0.138   0.380   0.
  2017 352 12 13 25 510 352.509323032      -0.76      1.09     -1.20  0.         207.979       5170.020       7559.882    0.000  -0.138   0.380   0.
  2017 352 12 13 26 510 352.509334606      -0.82      0.74     -1.26  0.         206.634       5171.021       7559.767    0.000  -0.138   0.380   0.
  2017 352 12 13 27 509 352.509346181      -0.72      1.06     -0.85  0.         205.288       5172.022       7559.651    0.000  -0.138   0.380   0.
  2017 352 12 13 28 509 352.509357755      -0.49      1.22     -0.87  0.         203.943       5173.022       7559.534    0.000  -0.138   0.379   0.
  2017 352 12 13 29 510 352.509369329      -0.78      0.90     -1.01  0.         202.598       5174.023       7559.417    0.000  -0.138   0.379   0.
  2017 352 12 13 30 510 352.509380903      -1.06      1.06     -0.85  0.         201.252       5175.023       7559.300    0.000  -0.138   0.380   0.
  2017 352 12 13 31 510 352.509392477      -0.71      1.13     -0.74  0.         199.907       5176.023       7559.183    0.000  -0.138   0.380   0.
  2017 352 12 13 32 510 352.509404051      -0.54      1.13     -1.02  0.         198.561       5177.022       7559.064    0.000  -0.138   0.380   0.
  2017 352 12 13 33 509 352.509415625      -0.93      1.36     -0.95  0.         197.216       5178.021       7558.946    0.000  -0.138   0.380   0.
  2017 352 12 13 34 509 352.509427199      -0.90      1.67     -0.85  0.         195.870       5179.020       7558.827    0.000  -0.138   0.380   0.
  2017 352 12 13 35 509 352.509438773      -0.87      1.85     -0.76  0.         194.525       5180.019       7558.708    0.000  -0.138   0.380   0.
  2017 352 12 13 36 509 352.509450347      -0.94      1.69     -0.80  0.         193.179       5181.017       7558.588    0.000  -0.138   0.380   0.
  2017 352 12 13 37 509 352.509461921      -0.85      1.56     -0.92  0.         191.834       5182.015       7558.468    0.000  -0.138   0.380   0.
  2017 352 12 13 38 510 352.509473495      -0.76      1.76     -0.89  0.         190.488       5183.013       7558.347    0.000  -0.138   0.380   0.
  2017 352 12 13 39 510 352.509485069      -0.81      1.79     -0.78  0.         189.143       5184.011       7558.226    0.000  -0.138   0.380   0.
  2017 352 12 13 40 509 352.509496643      -0.87      1.68     -0.75  0.         187.797       5185.008       7558.105    0.000  -0.138   0.380   0.
  2017 352 12 13 41 509 352.509508218      -0.69      1.12     -1.01  0.         186.452       5186.005       7557.983    0.000  -0.138   0.380   0.
  2017 352 12 13 42 510 352.509519792      -0.55      1.01     -1.08  0.         185.106       5187.002       7557.860    0.000  -0.138   0.380   0.
  2017 352 12 13 43 510 352.509531366      -0.48      0.97     -1.10  0.         183.761       5187.998       7557.738    0.000  -0.138   0.380   0.
  2017 352 12 13 44 510 352.509542940      -0.28      0.85     -1.39  0.         182.415       5188.994       7557.615    0.000  -0.138   0.380   0.
  2017 352 12 13 45 510 352.509554514      -0.61      0.70     -1.47  0.         181.069       5189.990       7557.491    0.000  -0.138   0.380   0.
  2017 352 12 13 46 510 352.509566088      -0.69      0.79     -1.34  0.         179.724       5190.985       7557.367    0.000  -0.138   0.380   0.
  2017 352 12 13 47 509 352.509577662      -0.73      0.81     -1.32  0.         178.378       5191.980       7557.243    0.000  -0.138   0.380   0.
  2017 352 12 13 48 509 352.509589236      -0.78      0.93     -1.21  0.         177.032       5192.975       7557.118    0.000  -0.138   0.380   0.
  2017 352 12 13 49 509 352.509600810      -0.72      0.86     -1.25  0.         175.687       5193.970       7556.993    0.000  -0.138   0.380   0.
  2017 352 12 13 50 509 352.509612384      -0.71      0.75     -1.35  0.         174.341       5194.964       7556.867    0.000  -0.138   0.380   0.
  2017 352 12 13 51 509 352.509623958      -0.79      0.99     -1.14  0.         172.996       5195.958       7556.741    0.000  -0.138   0.380   0.
  2017 352 12 13 52 510 352.509635532      -0.11      1.05     -1.19  0.         171.650       5196.952       7556.614    0.000  -0.138   0.380   0.
  2017 352 12 13 53 510 352.509647106      -0.01      0.93     -1.20  0.         170.304       5197.946       7556.488    0.000  -0.138   0.380   0.
  2017 352 12 13 54 509 352.509658678      -0.54      0.81     -1.16  0.         168.959       5198.939       7556.360    0.000  -0.138   0.380   0.
  2017 352 12 13 55 509 352.509670252      -0.63      0.97     -1.18  0.         167.613       5199.932       7556.232    0.000  -0.138   0.380   0.
  2017 352 12 13 56 509 352.509681826      -0.48      1.07     -0.93  0.         166.267       5200.925       7556.104    0.000  -0.138   0.380   0.
  2017 352 12 13 57 509 352.509693400      -0.34      0.97     -0.64  0.         164.921       5201.917       7555.976    0.000  -0.138   0.380   0.
  2017 352 12 13 58 509 352.509704974       0.29      1.25     -0.06  0.         163.576       5202.909       7555.847    0.000  -0.138   0.380   0.
  2017 352 12 13 59 509 352.509716548       0.02      1.37     -0.18  0.         162.230       5203.900       7555.717    0.000  -0.138   0.380   0.
  2017 352 12 14  0 509 352.509728122      -0.72      1.14     -1.13  0.         160.884       5204.892       7555.587    0.000  -0.138   0.380   0.
  2017 352 12 14  1 509 352.509739696      -0.96      0.98     -1.91  0.         159.538       5205.883       7555.457    0.000  -0.138   0.380   0.
  2017 352 12 14  2 509 352.509751270      -1.11      1.41     -1.89  0.         158.193       5206.874       7555.326    0.000  -0.138   0.380   0.
  2017 352 12 14  3 509 352.509762844      -0.92      1.93     -1.50  0.         156.847       5207.865       7555.195    0.000  -0.138   0.380   0.
  2017 352 12 14  4 509 352.509774418      -1.00      1.66     -1.69  0.         155.501       5208.855       7555.064    0.000  -0.138   0.380   0.
  2017 352 12 14  5 509 352.509785992      -0.66      1.63     -1.70  0.         154.155       5209.845       7554.932    0.000  -0.138   0.380   0.
  2017 352 12 14  6 509 352.509797567      -0.57      1.32     -1.31  0.         152.810       5210.835       7554.799    0.000  -0.138   0.380   0.
  2017 352 12 14  7 509 352.509809141      -0.36      1.03     -1.21  0.         151.464       5211.824       7554.667    0.000  -0.138   0.380   0.
  2017 352 12 14  8 509 352.509820715      -0.41      0.87     -1.19  0.         150.118       5212.813       7554.534    0.000  -0.138   0.380   0.
  2017 352 12 14  9 509 352.509832289      -0.51      1.02     -1.16  0.         148.772       5213.802       7554.400    0.000  -0.138   0.380   0.
  2017 352 12 14 10 509 352.509843863      -0.55      0.99     -1.12  0.         147.426       5214.791       7554.266    0.000  -0.138   0.380   0.
  2017 352 12 14 11 509 352.509855437      -0.58      0.97     -1.11  0.         146.081       5215.779       7554.131    0.000  -0.138   0.380   0.
  2017 352 12 14 12 509 352.509867011      -0.61      1.11     -1.03  0.         144.735       5216.767       7553.997    0.000  -0.138   0.380   0.
  2017 352 12 14 13 509 352.509878585      -0.73      1.10     -1.12  0.         143.389       5217.755       7553.861    0.000  -0.138   0.380   0.
  2017 352 12 14 14 509 352.509890159      -0.74      0.98     -1.29  0.         142.043       5218.742       7553.726    0.000  -0.138   0.380   0.
  2017 352 12 14 15 509 352.509901733      -0.85      1.01     -1.35  0.         140.697       5219.729       7553.590    0.000  -0.138   0.380   0.
  2017 352 12 14 16 509 352.509913307      -0.69      1.19     -1.12  0.         139.351       5220.716       7553.453    0.000  -0.138   0.380   0.
  2017 352 12 14 17 509 352.509924881      -0.84      1.04     -1.43  0.         138.005       5221.703       7553.316    0.000  -0.138   0.380   0.
  2017 352 12 14 18 509 352.509936455      -0.36      1.15     -1.24  0.         136.660       5222.689       7553.179    0.000  -0.138   0.380   0.
  2017 352 12 14 19 509 352.509948029      -0.31      1.27     -0.84  0.         135.314       5223.675       7553.041    0.000  -0.138   0.380   0.
  2017 352 12 14 20 509 352.509959604      -0.62      1.17     -0.99  0.         133.968       5224.661       7552.903    0.000  -0.138   0.380   0.
  2017 352 12 14 21 509 352.509971178      -0.80      1.10     -1.07  0.         132.622       5225.646       7552.764    0.000  -0.138   0.380   0.
  2017 352 12 14 22 509 352.509982752      -0.69      1.07     -1.19  0.         131.276       5226.631       7552.625    0.000  -0.138   0.380   0.
  2017 352 12 14 23 509 352.509994326      -0.60      1.00     -1.30  0.         129.930       5227.616       7552.486    0.000  -0.138   0.380   0.
  2017 352 12 14 24 509 352.510005897      -0.47      1.05     -1.24  0.         128.584       5228.600       7552.346    0.000  -0.138   0.380   0.
  2017 352 12 14 25 509 352.510017471      -0.56      1.08     -0.99  0.         127.238       5229.585       7552.205    0.000  -0.138   0.380   0.
  2017 352 12 14 26 509 352.510029045      -0.51      1.01     -1.06  0.         125.892       5230.569       7552.065    0.000  -0.138   0.380   0.
  2017 352 12 14 27 509 352.510040619      -0.52      1.07     -1.34  0.         124.546       5231.552       7551.924    0.000  -0.138   0.380   0.
  2017 352 12 14 28 509 352.510052193      -0.49      1.06     -1.31  0.         123.200       5232.536       7551.782    0.000  -0.138   0.380   0.
  2017 352 12 14 29 509 352.510063767      -0.33      1.29     -1.09  0.         121.854       5233.519       7551.640    0.000  -0.138   0.380   0.
  2017 352 12 14 30 509 352.510075341      -0.50      1.47     -1.15  0.         120.508       5234.502       7551.498    0.000  -0.138   0.379   0.
  2017 352 12 14 31 509 352.510086915      -0.49      1.39     -1.10  0.         119.162       5235.484       7551.355    0.000  -0.138   0.379   0.
  2017 352 12 14 32 509 352.510098490      -0.37      1.37     -1.06  0.         117.816       5236.466       7551.212    0.000  -0.138   0.380   0.
  2017 352 12 14 33 509 352.510110064      -0.54      1.11     -1.25  0.         116.470       5237.448       7551.068    0.000  -0.138   0.380   0.
  2017 352 12 14 34 509 352.510121638      -0.68      1.00     -1.08  0.         115.125       5238.430       7550.924    0.000  -0.138   0.380   0.
  2017 352 12 14 35 509 352.510133212      -0.53      1.32     -0.76  0.         113.779       5239.411       7550.780    0.000  -0.138   0.380   0.
  2017 352 12 14 36 509 352.510144786      -0.41      1.22     -0.83  0.         112.433       5240.392       7550.635    0.000  -0.138   0.380   0.
  2017 352 12 14 37 509 352.510156360      -0.36      1.20     -0.98  0.         111.086       5241.373       7550.489    0.000  -0.138   0.380   0.
  2017 352 12 14 38 509 352.510167934      -0.51      1.03     -0.96  0.         109.740       5242.354       7550.344    0.000  -0.138   0.380   0.
  2017 352 12 14 39 509 352.510179508      -0.36      0.93     -0.98  0.         108.394       5243.334       7550.198    0.000  -0.138   0.380   0.
  2017 352 12 14 40 509 352.510191082      -0.42      0.92     -1.15  0.         107.048       5244.314       7550.051    0.000  -0.138   0.380   0.
  2017 352 12 14 41 509 352.510202656      -0.32      1.09     -1.11  0.         105.702       5245.294       7549.904    0.000  -0.138   0.380   0.
  2017 352 12 14 42 509 352.510214230      -0.36      1.10     -1.02  0.         104.356       5246.273       7549.757    0.000  -0.138   0.380   0.
  2017 352 12 14 43 509 352.510225804      -0.41      1.07     -0.81  0.         103.010       5247.252       7549.609    0.000  -0.138   0.380   0.
  2017 352 12 14 44 509 352.510237378      -0.54      0.99     -0.66  0.         101.664       5248.231       7549.461    0.000  -0.138   0.380   0.
  2017 352 12 14 45 509 352.510248953      -0.60      0.89     -0.96  0.         100.318       5249.209       7549.312    0.000  -0.138   0.380   0.
  2017 352 12 14 46 509 352.510260527      -0.61      1.06     -0.98  0.          98.972       5250.187       7549.163    0.000  -0.138   0.380   0.
  2017 352 12 14 47 509 352.510272101      -0.69      1.17     -0.71  0.          97.626       5251.165       7549.014    0.000  -0.138   0.380   0.
  2017 352 12 14 48 509 352.510283675      -0.76      1.07     -0.86  0.          96.280       5252.143       7548.864    0.000  -0.138   0.380   0.
  2017 352 12 14 49 509 352.510295249      -0.71      1.12     -1.03  0.          94.934       5253.120       7548.713    0.000  -0.138   0.380   0.
  2017 352 12 14 50 509 352.510306823      -0.65      1.28     -0.92  0.          93.588       5254.097       7548.563    0.000  -0.138   0.380   0.
  2017 352 12 14 51 509 352.510318397      -0.53      1.29     -0.75  0.          92.242       5255.074       7548.412    0.000  -0.138   0.380   0.
  2017 352 12 14 52 509 352.510329971      -0.45      1.32     -0.92  0.          90.896       5256.051       7548.260    0.000  -0.138   0.380   0.
  2017 352 12 14 53 509 352.510341545      -0.71      1.17     -0.76  0.          89.550       5257.027       7548.108    0.000  -0.138   0.380   0.
  2017 352 12 14 54 509 352.510353116      -0.63      1.19     -0.66  0.          88.203       5258.002       7547.956    0.000  -0.138   0.380   0.
  2017 352 12 14 55 509 352.510364690      -0.59      1.22     -0.64  0.          86.857       5258.978       7547.803    0.000  -0.138   0.380   0.
  2017 352 12 14 56 509 352.510376264      -0.56      1.25     -0.74  0.          85.511       5259.953       7547.650    0.000  -0.138   0.380   0.
  2017 352 12 14 57 509 352.510387839      -0.55      1.21     -0.71  0.          84.165       5260.929       7547.496    0.000  -0.138   0.380   0.
  2017 352 12 14 58 509 352.510399413      -0.48      1.35     -0.70  0.          82.819       5261.903       7547.342    0.000  -0.138   0.380   0.
  2017 352 12 14 59 509 352.510410987      -0.72      1.30     -0.76  0.          81.473       5262.878       7547.188    0.000  -0.138   0.380   0.
  2017 352 12 15  0 509 352.510422561      -0.85      1.24     -0.85  0.          80.127       5263.852       7547.033    0.000  -0.138   0.380   0.
  2017 352 12 15  1 509 352.510434135      -0.68      1.28     -0.78  0.          78.781       5264.826       7546.878    0.000  -0.138   0.380   0.
  2017 352 12 15  2 509 352.510445709      -0.60      1.23     -0.59  0.          77.434       5265.799       7546.722    0.000  -0.138   0.380   0.
  2017 352 12 15  3 509 352.510457283      -0.70      1.15     -0.53  0.          76.088       5266.773       7546.566    0.000  -0.138   0.380   0.
  2017 352 12 15  4 509 352.510468857      -0.74      1.15     -0.63  0.          74.742       5267.746       7546.409    0.000  -0.138   0.380   0.
  2017 352 12 15  5 509 352.510480431      -0.86      1.20     -0.68  0.          73.396       5268.718       7546.252    0.000  -0.138   0.380   0.
  2017 352 12 15  6 509 352.510492005      -0.84      1.18     -0.79  0.          72.050       5269.691       7546.095    0.000  -0.138   0.380   0.
  2017 352 12 15  7 509 352.510503579      -0.70      1.26     -0.86  0.          70.704       5270.663       7545.937    0.000  -0.138   0.380   0.
  2017 352 12 15  8 509 352.510515153      -0.69      1.31     -0.89  0.          69.357       5271.635       7545.779    0.000  -0.138   0.380   0.
  2017 352 12 15  9 509 352.510526727      -0.84      1.26     -0.86  0.          68.011       5272.606       7545.620    0.000  -0.138   0.380   0.
  2017 352 12 15 10 509 352.510538302      -0.63      1.25     -0.84  0.          66.665       5273.577       7545.462    0.000  -0.138   0.380   0.
  2017 352 12 15 11 509 352.510549876      -0.44      1.18     -0.85  0.          65.319       5274.549       7545.302    0.000  -0.138   0.380   0.
  2017 352 12 15 12 509 352.510561450      -0.40      1.07     -0.85  0.          63.973       5275.519       7545.142    0.000  -0.138   0.380   0.
  2017 352 12 15 13 509 352.510573024      -0.40      0.91     -0.91  0.          62.627       5276.490       7544.982    0.000  -0.138   0.380   0.
  2017 352 12 15 14 509 352.510584598      -0.21      0.94     -0.94  0.          61.280       5277.460       7544.821    0.000  -0.138   0.380   0.
  2017 352 12 15 15 509 352.510596172      -0.17      0.95     -0.94  0.          59.934       5278.429       7544.660    0.000  -0.138   0.380   0.
  2017 352 12 15 16 509 352.510607746      -0.26      0.99     -0.88  0.          58.588       5279.399       7544.499    0.000  -0.138   0.380   0.
  2017 352 12 15 17 509 352.510619320      -0.38      0.97     -0.81  0.          57.242       5280.368       7544.337    0.000  -0.138   0.380   0.
  2017 352 12 15 18 509 352.510630894      -0.41      1.03     -0.76  0.          55.896       5281.337       7544.175    0.000  -0.138   0.380   0.
  2017 352 12 15 19 509 352.510642468      -0.48      0.99     -0.84  0.          54.549       5282.306       7544.012    0.000  -0.138   0.380   0.
  2017 352 12 15 20 509 352.510654042      -0.42      1.05     -0.92  0.          53.203       5283.274       7543.849    0.000  -0.138   0.380   0.
  2017 352 12 15 21 509 352.510665616      -0.34      1.12     -0.89  0.          51.857       5284.242       7543.685    0.000  -0.138   0.380   0.
  2017 352 12 15 22 508 352.510677187      -0.50      0.98     -1.06  0.          50.511       5285.210       7543.521    0.000  -0.138   0.380   0.
  2017 352 12 15 23 508 352.510688762      -0.53      1.02     -0.99  0.          49.165       5286.178       7543.357    0.000  -0.138   0.380   0.
  2017 352 12 15 24 509 352.510700336      -0.45      1.09     -0.99  0.          47.818       5287.145       7543.192    0.000  -0.138   0.380   0.
  2017 352 12 15 25 509 352.510711910      -0.37      1.28     -0.92  0.          46.472       5288.112       7543.027    0.000  -0.138   0.380   0.
  2017 352 12 15 26 509 352.510723484      -0.52      1.22     -0.85  0.          45.126       5289.078       7542.861    0.000  -0.138   0.380   0.
  2017 352 12 15 27 509 352.510735058      -0.65      1.21     -0.73  0.          43.780       5290.045       7542.695    0.000  -0.138   0.380   0.
  2017 352 12 15 28 509 352.510746632      -0.58      1.27     -0.69  0.          42.434       5291.011       7542.529    0.000  -0.138   0.380   0.
  2017 352 12 15 29 508 352.510758206      -0.57      1.19     -0.57  0.          41.087       5291.977       7542.362    0.000  -0.138   0.380   0.
  2017 352 12 15 30 508 352.510769780      -0.61      1.20     -0.59  0.          39.741       5292.942       7542.195    0.000  -0.138   0.380   0.
  2017 352 12 15 31 508 352.510781354      -0.60      1.20     -0.51  0.          38.395       5293.907       7542.027    0.000  -0.138   0.380   0.
  2017 352 12 15 32 508 352.510792928      -0.63      1.18     -0.41  0.          37.049       5294.872       7541.859    0.000  -0.138   0.380   0.
  2017 352 12 15 33 508 352.510804502      -0.77      1.25     -0.42  0.          35.702       5295.837       7541.690    0.000  -0.138   0.380   0.
  2017 352 12 15 34 509 352.510816076      -0.72      1.23     -0.47  0.          34.356       5296.801       7541.521    0.000  -0.138   0.380   0.
  2017 352 12 15 35 509 352.510827650      -0.53      1.29     -0.62  0.          33.010       5297.765       7541.352    0.000  -0.138   0.380   0.
  2017 352 12 15 36 508 352.510839225      -0.58      1.24     -0.75  0.          31.664       5298.729       7541.182    0.000  -0.138   0.380   0.
  2017 352 12 15 37 508 352.510850799      -0.67      1.22     -0.74  0.          30.317       5299.692       7541.012    0.000  -0.138   0.380   0.
  2017 352 12 15 38 509 352.510862373      -0.68      1.19     -0.68  0.          28.971       5300.655       7540.842    0.000  -0.138   0.380   0.
  2017 352 12 15 39 509 352.510873947      -0.73      1.25     -0.66  0.          27.625       5301.618       7540.671    0.000  -0.138   0.380   0.
  2017 352 12 15 40 509 352.510885521      -0.71      1.33     -0.71  0.          26.279       5302.581       7540.499    0.000  -0.138   0.380   0.
  2017 352 12 15 41 509 352.510897095      -0.70      1.30     -0.77  0.          24.932       5303.543       7540.328    0.000  -0.138   0.380   0.
  2017 352 12 15 42 509 352.510908669      -0.73      1.20     -0.68  0.          23.586       5304.505       7540.155    0.000  -0.138   0.380   0.
  2017 352 12 15 43 508 352.510920243      -0.86      1.17     -0.73  0.          22.240       5305.467       7539.983    0.000  -0.138   0.380   0.
  2017 352 12 15 44 508 352.510931817      -0.86      1.24     -0.75  0.          20.894       5306.428       7539.810    0.000  -0.138   0.380   0.
  2017 352 12 15 45 508 352.510943391      -0.70      1.19     -0.74  0.          19.547       5307.389       7539.636    0.000  -0.138   0.380   0.
  2017 352 12 15 46 508 352.510954965      -0.65      1.25     -0.82  0.          18.201       5308.350       7539.462    0.000  -0.138   0.380   0.
  2017 352 12 15 47 509 352.510966539      -0.55      1.33     -0.66  0.          16.855       5309.311       7539.288    0.000  -0.138   0.380   0.
  2017 352 12 15 48 509 352.510978113      -0.56      1.32     -0.47  0.          15.509       5310.271       7539.113    0.000  -0.138   0.380   0.
  2017 352 12 15 49 509 352.510989688      -0.66      1.25     -0.64  0.          14.162       5311.231       7538.938    0.000  -0.138   0.380   0.
  2017 352 12 15 50 508 352.511001262      -0.66      1.18     -0.67  0.          12.816       5312.191       7538.763    0.000  -0.138   0.380   0.
  2017 352 12 15 51 509 352.511012836      -0.67      1.16     -0.64  0.          11.470       5313.150       7538.587    0.000  -0.138   0.380   0.
  2017 352 12 15 52 508 352.511024407      -0.65      1.29     -0.59  0.          10.124       5314.109       7538.410    0.000  -0.138   0.380   0.
  2017 352 12 15 53 508 352.511035981      -0.42      1.41     -0.53  0.           8.777       5315.068       7538.234    0.000  -0.138   0.380   0.
  2017 352 12 15 54 508 352.511047555      -0.33      1.45     -0.49  0.           7.431       5316.027       7538.056    0.000  -0.138   0.380   0.
  2017 352 12 15 55 508 352.511059129      -0.43      1.46     -0.45  0.           6.085       5316.985       7537.879    0.000  -0.138   0.380   0.
  2017 352 12 15 56 508 352.511070703      -0.47      1.40     -0.46  0.           4.739       5317.943       7537.701    0.000  -0.138   0.380   0.
  2017 352 12 15 57 508 352.511082277      -0.26      1.38     -0.48  0.           3.392       5318.901       7537.523    0.000  -0.138   0.380   0.
  2017 352 12 15 58 508 352.511093851      -0.15      1.38     -0.38  0.           2.046       5319.858       7537.344    0.000  -0.138   0.380   0.
  2017 352 12 15 59 508 352.511105425      -0.55      1.36     -0.51  0.           0.700       5320.815       7537.164    0.000  -0.138   0.380   0.
  2017 352 12 16  0 508 352.511116999      -0.49      1.39     -0.51  0.          -0.646       5321.772       7536.985    0.000  -0.138   0.380   0.
  2017 352 12 16  1 508 352.511128573      -0.41      1.40     -0.49  0.          -1.993       5322.728       7536.805    0.000  -0.138   0.380   0.
  2017 352 12 16  2 508 352.511140148      -0.49      1.38     -0.50  0.          -3.339       5323.684       7536.624    0.000  -0.138   0.380   0.
  2017 352 12 16  3 508 352.511151722      -0.51      1.34     -0.52  0.          -4.685       5324.640       7536.444    0.000  -0.138   0.380   0.
  2017 352 12 16  4 508 352.511163296      -0.61      1.32     -0.59  0.          -6.032       5325.596       7536.262    0.000  -0.138   0.380   0.
  2017 352 12 16  5 508 352.511174870      -0.86      1.28     -0.63  0.          -7.378       5326.551       7536.081    0.000  -0.138   0.380   0.
  2017 352 12 16  6 508 352.511186444      -0.83      1.38     -0.57  0.          -8.724       5327.506       7535.899    0.000  -0.138   0.380   0.
  2017 352 12 16  7 508 352.511198018      -0.72      1.43     -0.50  0.         -10.070       5328.461       7535.716    0.000  -0.138   0.380   0.
  2017 352 12 16  8 508 352.511209592      -0.72      1.51     -0.55  0.         -11.417       5329.416       7535.533    0.000  -0.138   0.380   0.
  2017 352 12 16  9 508 352.511221166      -0.77      1.52     -0.50  0.         -12.763       5330.370       7535.350    0.000  -0.138   0.380   0.
  2017 352 12 16 10 508 352.511232740      -0.66      1.42     -0.43  0.         -14.109       5331.324       7535.166    0.000  -0.138   0.380   0.
  2017 352 12 16 11 508 352.511244314      -0.59      1.29     -0.54  0.         -15.455       5332.277       7534.982    0.000  -0.138   0.380   0.
  2017 352 12 16 12 508 352.511255888      -0.60      1.23     -0.62  0.         -16.802       5333.231       7534.797    0.000  -0.138   0.380   0.
  2017 352 12 16 13 508 352.511267462      -0.59      1.19     -0.69  0.         -18.148       5334.184       7534.612    0.000  -0.138   0.380   0.
  2017 352 12 16 14 508 352.511279036      -0.47      1.24     -0.68  0.         -19.494       5335.136       7534.427    0.000  -0.138   0.380   0.
  2017 352 12 16 15 508 352.511290611      -0.47      1.31     -0.63  0.         -20.840       5336.089       7534.241    0.000  -0.138   0.380   0.
  2017 352 12 16 16 508 352.511302185      -0.38      1.22     -0.63  0.         -22.187       5337.041       7534.055    0.000  -0.138   0.380   0.
  2017 352 12 16 17 508 352.511313759      -0.37      1.25     -0.57  0.         -23.533       5337.993       7533.868    0.000  -0.138   0.380   0.
  2017 352 12 16 18 508 352.511325333      -0.46      1.21     -0.51  0.         -24.879       5338.945       7533.681    0.000  -0.138   0.380   0.
  2017 352 12 16 19 508 352.511336907      -0.47      1.21     -0.39  0.         -26.225       5339.896       7533.494    0.000  -0.138   0.380   0.
  2017 352 12 16 20 508 352.511348481      -0.51      1.16     -0.35  0.         -27.572       5340.847       7533.306    0.000  -0.138   0.380   0.
  2017 352 12 16 21 508 352.511360055      -0.53      1.12     -0.43  0.         -28.918       5341.797       7533.118    0.000  -0.138   0.380   0.
  2017 352 12 16 22 508 352.511371626      -0.43      1.18     -0.50  0.         -30.264       5342.748       7532.929    0.000  -0.138   0.380   0.
  2017 352 12 16 23 508 352.511383200      -0.36      1.12     -0.59  0.         -31.610       5343.698       7532.740    0.000  -0.138   0.380   0.
  2017 352 12 16 24 508 352.511394774      -0.32      1.15     -0.62  0.         -32.957       5344.648       7532.551    0.000  -0.138   0.380   0.
  2017 352 12 16 25 508 352.511406348      -0.27      1.15     -0.61  0.         -34.303       5345.597       7532.361    0.000  -0.138   0.380   0.
  2017 352 12 16 26 508 352.511417923      -0.17      1.19     -0.64  0.         -35.649       5346.547       7532.170    0.000  -0.138   0.380   0.
  2017 352 12 16 27 508 352.511429496      -0.13      1.24     -0.59  0.         -36.995       5347.496       7531.980    0.000  -0.138   0.380   0.
  2017 352 12 16 28 508 352.511441071      -0.08      1.20     -0.69  0.         -38.342       5348.444       7531.789    0.000  -0.138   0.380   0.
  2017 352 12 16 29 508 352.511452645      -0.10      1.17     -0.84  0.         -39.688       5349.393       7531.597    0.000  -0.138   0.380   0.
  2017 352 12 16 30 508 352.511464219      -0.06      1.34     -0.69  0.         -41.034       5350.341       7531.405    0.000  -0.138   0.380   0.
  2017 352 12 16 31 508 352.511475793      -0.06      1.29     -0.86  0.         -42.380       5351.289       7531.213    0.000  -0.138   0.380   0.
  2017 352 12 16 32 508 352.511487367      -0.10      1.27     -0.78  0.         -43.726       5352.236       7531.020    0.000  -0.138   0.380   0.
  2017 352 12 16 33 508 352.511498941      -0.12      1.26     -0.79  0.         -45.073       5353.183       7530.827    0.000  -0.138   0.380   0.
  2017 352 12 16 34 508 352.511510515      -0.29      1.16     -0.86  0.         -46.419       5354.130       7530.633    0.000  -0.138   0.380   0.
  2017 352 12 16 35 508 352.511522089      -0.24      1.22     -0.88  0.         -47.765       5355.077       7530.439    0.000  -0.138   0.380   0.
  2017 352 12 16 36 508 352.511533663      -0.19      1.28     -0.78  0.         -49.111       5356.023       7530.245    0.000  -0.138   0.380   0.
  2017 352 12 16 37 508 352.511545237      -0.36      1.22     -0.80  0.         -50.458       5356.969       7530.050    0.000  -0.138   0.380   0.
  2017 352 12 16 38 508 352.511556811      -0.54      1.24     -0.73  0.         -51.804       5357.915       7529.855    0.000  -0.138   0.380   0.
  2017 352 12 16 39 508 352.511568385      -0.61      1.21     -0.64  0.         -53.150       5358.861       7529.659    0.000  -0.138   0.380   0.
  2017 352 12 16 40 508 352.511579959      -0.67      1.17     -0.58  0.         -54.496       5359.806       7529.463    0.000  -0.138   0.380   0.
  2017 352 12 16 41 508 352.511591534      -0.64      1.19     -0.60  0.         -55.842       5360.751       7529.267    0.000  -0.138   0.380   0.
  2017 352 12 16 42 508 352.511603108      -0.62      1.22     -0.64  0.         -57.189       5361.695       7529.070    0.000  -0.138   0.380   0.
  2017 352 12 16 43 508 352.511614682      -0.77      1.19     -0.63  0.         -58.535       5362.640       7528.873    0.000  -0.138   0.380   0.
  2017 352 12 16 44 508 352.511626256      -0.85      1.15     -0.76  0.         -59.881       5363.583       7528.675    0.000  -0.138   0.380   0.
  2017 352 12 16 45 508 352.511637830      -0.73      1.06     -0.90  0.         -61.227       5364.527       7528.477    0.000  -0.138   0.380   0.
  2017 352 12 16 46 508 352.511649404      -0.58      0.85     -0.95  0.         -62.573       5365.471       7528.279    0.000  -0.138   0.380   0.
  2017 352 12 16 47 508 352.511660978      -0.73      0.67     -1.06  0.         -63.919       5366.414       7528.080    0.000  -0.138   0.380   0.
  2017 352 12 16 48 508 352.511672552      -0.92      0.69     -1.10  0.         -65.266       5367.357       7527.881    0.000  -0.138   0.380   0.
  2017 352 12 16 49 508 352.511684126      -0.99      0.77     -1.01  0.         -66.612       5368.299       7527.681    0.000  -0.138   0.380   0.
  2017 352 12 16 50 508 352.511695700      -0.83      0.96     -0.96  0.         -67.958       5369.242       7527.481    0.000  -0.138   0.380   0.
  2017 352 12 16 51 508 352.511707274      -0.71      1.26     -0.91  0.         -69.304       5370.184       7527.280    0.000  -0.138   0.380   0.
  2017 352 12 16 52 508 352.511718848      -0.65      1.31     -0.72  0.         -70.650       5371.125       7527.079    0.000  -0.138   0.380   0.
  2017 352 12 16 53 508 352.511730422      -0.83      1.39     -0.52  0.         -71.996       5372.067       7526.878    0.000  -0.138   0.380   0.
  2017 352 12 16 54 508 352.511741994      -0.97      1.36     -0.46  0.         -73.343       5373.008       7526.676    0.000  -0.138   0.380   0.
  2017 352 12 16 55 508 352.511753568      -0.90      1.32     -0.42  0.         -74.689       5373.949       7526.474    0.000  -0.138   0.380   0.
  2017 352 12 16 56 508 352.511765142      -0.77      1.46     -0.44  0.         -76.035       5374.889       7526.271    0.000  -0.138   0.380   0.
  2017 352 12 16 57 508 352.511776716      -0.55      1.63     -0.34  0.         -77.381       5375.830       7526.069    0.000  -0.138   0.380   0.
  2017 352 12 16 58 508 352.511788290      -0.50      1.50     -0.40  0.         -78.727       5376.770       7525.865    0.000  -0.138   0.380   0.
  2017 352 12 16 59 508 352.511799864      -0.37      1.45     -0.39  0.         -80.073       5377.709       7525.661    0.000  -0.138   0.380   0.
  2017 352 12 17  0 508 352.511811438      -0.45      1.48     -0.45  0.         -81.419       5378.649       7525.457    0.000  -0.138   0.380   0.
  2017 352 12 17  1 508 352.511823012      -0.45      1.44     -0.53  0.         -82.766       5379.588       7525.253    0.000  -0.138   0.380   0.
  2017 352 12 17  2 508 352.511834586      -0.34      1.34     -0.61  0.         -84.112       5380.527       7525.048    0.000  -0.138   0.380   0.
  2017 352 12 17  3 508 352.511846160      -0.49      1.34     -0.44  0.         -85.458       5381.465       7524.842    0.000  -0.138   0.380   0.
  2017 352 12 17  4 508 352.511857734      -0.59      1.30     -0.55  0.         -86.804       5382.403       7524.637    0.000  -0.138   0.380   0.
  2017 352 12 17  5 508 352.511869308      -0.52      1.24     -0.49  0.         -88.150       5383.341       7524.430    0.000  -0.138   0.380   0.
  2017 352 12 17  6 508 352.511880883      -0.69      1.22     -0.58  0.         -89.496       5384.279       7524.224    0.000  -0.138   0.380   0.
  2017 352 12 17  7 508 352.511892457      -0.82      1.21     -0.76  0.         -90.842       5385.216       7524.017    0.000  -0.138   0.380   0.
  2017 352 12 17  8 508 352.511904031      -0.83      1.32     -0.71  0.         -92.188       5386.153       7523.809    0.000  -0.138   0.380   0.
  2017 352 12 17  9 508 352.511915605      -0.78      1.29     -0.68  0.         -93.534       5387.090       7523.601    0.000  -0.138   0.380   0.
  2017 352 12 17 10 508 352.511927179      -0.81      1.34     -0.77  0.         -94.880       5388.026       7523.393    0.000  -0.138   0.380   0.
  2017 352 12 17 11 508 352.511938753      -1.04      1.37     -0.82  0.         -96.227       5388.963       7523.185    0.000  -0.138   0.380   0.
  2017 352 12 17 12 508 352.511950327      -0.90      1.26     -0.68  0.         -97.573       5389.899       7522.976    0.000  -0.138   0.380   0.
  2017 352 12 17 13 508 352.511961901      -0.64      1.17     -0.75  0.         -98.919       5390.834       7522.766    0.000  -0.138   0.380   0.
  2017 352 12 17 14 508 352.511973475      -0.56      1.14     -0.75  0.        -100.265       5391.770       7522.556    0.000  -0.138   0.380   0.
  2017 352 12 17 15 508 352.511985049      -0.64      0.99     -0.59  0.        -101.611       5392.705       7522.346    0.000  -0.138   0.380   0.
  2017 352 12 17 16 508 352.511996623      -0.67      0.88     -0.72  0.        -102.957       5393.639       7522.135    0.000  -0.138   0.380   0.
  2017 352 12 17 17 508 352.512008197      -0.66      1.02     -0.82  0.        -104.303       5394.574       7521.924    0.000  -0.138   0.380   0.
  2017 352 12 17 18 508 352.512019771      -0.11      1.31     -0.61  0.        -105.649       5395.508       7521.713    0.000  -0.138   0.380   0.
  2017 352 12 17 19 508 352.512031345       0.26      1.37     -0.75  0.        -106.995       5396.442       7521.501    0.000  -0.138   0.380   0.
  2017 352 12 17 20 508 352.512042920       0.24      1.37     -0.86  0.        -108.341       5397.375       7521.288    0.000  -0.138   0.380   0.
  2017 352 12 17 21 508 352.512054494       0.03      1.26     -0.84  0.        -109.687       5398.309       7521.076    0.000  -0.138   0.380   0.
  2017 352 12 17 22 508 352.512066068      -0.18      1.21     -0.84  0.        -111.033       5399.242       7520.863    0.000  -0.138   0.380   0.
  2017 352 12 17 23 508 352.512077641      -0.36      1.17     -0.84  0.        -112.379       5400.174       7520.649    0.000  -0.138   0.380   0.
  2017 352 12 17 24 508 352.512089213      -0.53      1.44     -0.84  0.        -113.725       5401.107       7520.435    0.000  -0.138   0.380   0.
  2017 352 12 17 25 507 352.512100787      -0.98      1.39     -0.76  0.        -115.071       5402.039       7520.221    0.000  -0.138   0.380   0.
  2017 352 12 17 26 507 352.512112361      -1.05      1.34     -0.72  0.        -116.417       5402.971       7520.006    0.000  -0.138   0.380   0.
  2017 352 12 17 27 507 352.512123935      -1.37      1.51     -0.76  0.        -117.763       5403.902       7519.791    0.000  -0.138   0.380   0.
  2017 352 12 17 28 507 352.512135509      -1.42      1.61     -0.35  0.        -119.109       5404.833       7519.575    0.000  -0.138   0.380   0.
  2017 352 12 17 29 507 352.512147083      -1.50      1.47     -0.22  0.        -120.455       5405.764       7519.359    0.000  -0.138   0.380   0.
  2017 352 12 17 30 508 352.512158657      -1.31      1.50     -0.14  0.        -121.801       5406.695       7519.143    0.000  -0.138   0.380   0.
  2017 352 12 17 31 508 352.512170231      -1.43      1.68     -0.01  0.        -123.147       5407.625       7518.926    0.000  -0.138   0.380   0.
  2017 352 12 17 32 507 352.512181806      -1.52      2.06      0.27  0.        -124.493       5408.555       7518.709    0.000  -0.138   0.380   0.
  2017 352 12 17 33 507 352.512193380      -1.38      2.14      0.50  0.        -125.839       5409.485       7518.491    0.000  -0.138   0.380   0.
  2017 352 12 17 34 508 352.512204954      -1.31      2.26      0.50  0.        -127.185       5410.415       7518.274    0.000  -0.138   0.380   0.
  2017 352 12 17 35 508 352.512216528      -1.02      1.82      0.68  0.        -128.531       5411.344       7518.055    0.000  -0.138   0.380   0.
  2017 352 12 17 36 508 352.512228102      -0.60      1.58      0.54  0.        -129.877       5412.273       7517.836    0.000  -0.138   0.380   0.
  2017 352 12 17 37 508 352.512239676      -0.40      1.47      0.43  0.        -131.222       5413.202       7517.617    0.000  -0.138   0.380   0.
  2017 352 12 17 38 507 352.512251250      -0.34      1.25     -0.09  0.        -132.568       5414.130       7517.397    0.000  -0.138   0.380   0.
  2017 352 12 17 39 507 352.512262824       0.07      1.41     -0.38  0.        -133.914       5415.058       7517.177    0.000  -0.138   0.380   0.
  2017 352 12 17 40 507 352.512274398      -0.09      1.62     -0.48  0.        -135.260       5415.985       7516.957    0.000  -0.138   0.380   0.
  2017 352 12 17 41 507 352.512285972      -0.38      1.75     -0.26  0.        -136.606       5416.913       7516.736    0.000  -0.138   0.380   0.
  2017 352 12 17 42 507 352.512297546      -0.73      1.42     -0.13  0.        -137.952       5417.840       7516.515    0.000  -0.138   0.380   0.
  2017 352 12 17 43 508 352.512309120      -0.57      1.32     -0.23  0.        -139.298       5418.767       7516.293    0.000  -0.138   0.380   0.
  2017 352 12 17 44 508 352.512320694      -0.57      1.34     -0.41  0.        -140.644       5419.694       7516.071    0.000  -0.138   0.380   0.
  2017 352 12 17 45 507 352.512332269      -0.80      1.21     -0.44  0.        -141.989       5420.620       7515.849    0.000  -0.138   0.380   0.
  2017 352 12 17 46 507 352.512343843      -0.75      1.20     -0.54  0.        -143.335       5421.546       7515.626    0.000  -0.138   0.380   0.
  2017 352 12 17 47 508 352.512355417      -0.46      1.12     -0.68  0.        -144.681       5422.472       7515.403    0.000  -0.138   0.380   0.
  2017 352 12 17 48 508 352.512366991      -0.48      0.93     -1.02  0.        -146.027       5423.397       7515.180    0.000  -0.138   0.380   0.
  2017 352 12 17 49 508 352.512378565      -0.81      0.84     -1.16  0.        -147.373       5424.322       7514.955    0.000  -0.138   0.380   0.
  2017 352 12 17 50 508 352.512390139      -0.93      0.99     -0.99  0.        -148.719       5425.247       7514.730    0.000  -0.138   0.380   0.
  2017 352 12 17 51 508 352.512401713      -1.06      1.11     -0.96  0.        -150.064       5426.172       7514.506    0.000  -0.138   0.380   0.
  2017 352 12 17 52 507 352.512413287      -0.90      1.22     -0.76  0.        -151.410       5427.096       7514.281    0.000  -0.138   0.380   0.
  2017 352 12 17 53 507 352.512424861      -0.98      1.30     -0.69  0.        -152.756       5428.020       7514.055    0.000  -0.138   0.380   0.
  2017 352 12 17 54 507 352.512436432      -1.20      1.24     -0.68  0.        -154.102       5428.944       7513.829    0.000  -0.138   0.380   0.
  2017 352 12 17 55 507 352.512448006      -1.21      1.23     -0.56  0.        -155.448       5429.867       7513.602    0.000  -0.138   0.380   0.
  2017 352 12 17 56 507 352.512459580      -1.00      1.28     -0.58  0.        -156.793       5430.790       7513.375    0.000  -0.138   0.380   0.
  2017 352 12 17 57 507 352.512471154      -0.73      1.32     -0.59  0.        -158.139       5431.713       7513.148    0.000  -0.138   0.380   0.
  2017 352 12 17 58 507 352.512482729      -0.36      1.28     -0.55  0.        -159.485       5432.635       7512.920    0.000  -0.138   0.380   0.
  2017 352 12 17 59 507 352.512494303      -0.16      1.19     -0.51  0.        -160.831       5433.558       7512.692    0.000  -0.138   0.380   0.
  2017 352 12 18  0 507 352.512505877       0.23      1.21     -0.61  0.        -162.176       5434.479       7512.464    0.000  -0.138   0.380   0.
  2017 352 12 18  1 507 352.512517451       0.12      1.22     -0.52  0.        -163.522       5435.401       7512.235    0.000  -0.138   0.380   0.
  2017 352 12 18  2 507 352.512529025       0.11      1.36     -0.67  0.        -164.868       5436.322       7512.006    0.000  -0.138   0.380   0.
  2017 352 12 18  3 507 352.512540599      -0.00      1.15     -0.73  0.        -166.214       5437.243       7511.776    0.000  -0.138   0.380   0.
  2017 352 12 18  4 507 352.512552173       0.01      1.07     -0.84  0.        -167.559       5438.164       7511.546    0.000  -0.138   0.380   0.
  2017 352 12 18  5 507 352.512563747      -0.59      1.04     -0.82  0.        -168.905       5439.085       7511.315    0.000  -0.138   0.380   0.
  2017 352 12 18  6 507 352.512575321      -0.71      1.70     -0.72  0.        -170.251       5440.005       7511.084    0.000  -0.138   0.380   0.
  2017 352 12 18  7 507 352.512586895      -0.62      1.84     -0.58  0.        -171.596       5440.925       7510.853    0.000  -0.138   0.380   0.
  2017 352 12 18  8 507 352.512598469      -0.61      1.69     -0.51  0.        -172.942       5441.844       7510.621    0.000  -0.138   0.380   0.
  2017 352 12 18  9 507 352.512610043      -0.70      1.73     -0.43  0.        -174.288       5442.764       7510.389    0.000  -0.138   0.380   0.
  2017 352 12 18 10 507 352.512621617      -0.79      1.72     -0.25  0.        -175.633       5443.683       7510.157    0.000  -0.138   0.380   0.
  2017 352 12 18 11 507 352.512633192      -0.74      1.50     -0.26  0.        -176.979       5444.601       7509.924    0.000  -0.138   0.380   0.
  2017 352 12 18 12 507 352.512644766      -0.66      1.34     -0.62  0.        -178.324       5445.520       7509.690    0.000  -0.138   0.380   0.
  2017 352 12 18 13 507 352.512656340      -0.54      1.54     -0.51  0.        -179.670       5446.438       7509.457    0.000  -0.138   0.380   0.
  2017 352 12 18 14 507 352.512667914      -0.24      1.74     -0.33  0.        -181.016       5447.356       7509.223    0.000  -0.138   0.380   0.
  2017 352 12 18 15 507 352.512679488      -0.23      1.82      0.02  0.        -182.361       5448.273       7508.988    0.000  -0.138   0.380   0.
  2017 352 12 18 16 507 352.512691062      -0.58      1.89      0.00  0.        -183.707       5449.191       7508.753    0.000  -0.138   0.380   0.
  2017 352 12 18 17 507 352.512702636      -0.82      2.11     -0.16  0.        -185.052       5450.108       7508.518    0.000  -0.138   0.380   0.
  2017 352 12 18 18 507 352.512714210      -0.56      1.99     -0.40  0.        -186.398       5451.024       7508.282    0.000  -0.138   0.380   0.
  2017 352 12 18 19 507 352.512725784      -0.05      1.82     -0.53  0.        -187.744       5451.941       7508.046    0.000  -0.138   0.380   0.
  2017 352 12 18 20 507 352.512737358      -0.04      1.68     -0.75  0.        -189.089       5452.857       7507.809    0.000  -0.138   0.380   0.
  2017 352 12 18 21 507 352.512748932      -0.14      1.38     -0.88  0.        -190.435       5453.773       7507.572    0.000  -0.138   0.380   0.
  2017 352 12 18 22 507 352.512760504       0.20      1.61     -0.91  0.        -191.780       5454.688       7507.335    0.000  -0.138   0.380   0.
  2017 352 12 18 23 507 352.512772078       0.23      1.47     -0.93  0.        -193.126       5455.603       7507.097    0.000  -0.138   0.380   0.
  2017 352 12 18 24 507 352.512783652      -0.15      1.30     -0.97  0.        -194.471       5456.518       7506.859    0.000  -0.138   0.380   0.
  2017 352 12 18 25 507 352.512795226      -0.58      1.19     -0.99  0.        -195.817       5457.433       7506.620    0.000  -0.138   0.380   0.
  2017 352 12 18 26 507 352.512806800      -1.00      1.14     -0.96  0.        -197.162       5458.347       7506.382    0.000  -0.138   0.380   0.
  2017 352 12 18 27 507 352.512818374      -1.30      1.04     -1.18  0.        -198.508       5459.261       7506.142    0.000  -0.138   0.380   0.
  2017 352 12 18 28 507 352.512829948      -1.68      1.09     -1.18  0.        -199.853       5460.175       7505.903    0.000  -0.138   0.380   0.
  2017 352 12 18 29 507 352.512841522      -1.65      0.93     -0.89  0.        -201.198       5461.088       7505.662    0.000  -0.138   0.380   0.
  2017 352 12 18 30 507 352.512853096      -1.20      1.01     -0.66  0.        -202.544       5462.002       7505.422    0.000  -0.138   0.380   0.
  2017 352 12 18 31 507 352.512864670      -0.99      1.21     -0.73  0.        -203.889       5462.914       7505.181    0.000  -0.138   0.380   0.
  2017 352 12 18 32 507 352.512876244      -1.16      1.16     -0.86  0.        -205.235       5463.827       7504.939    0.000  -0.138   0.380   0.
  2017 352 12 18 33 507 352.512887818      -1.22      1.13     -0.90  0.        -206.580       5464.740       7504.697    0.000  -0.138   0.380   0.
  2017 352 12 18 34 507 352.512899392      -1.25      1.04     -0.57  0.        -207.926       5465.651       7504.455    0.000  -0.138   0.380   0.
  2017 352 12 18 35 507 352.512910966      -0.70      1.19     -0.61  0.        -209.271       5466.563       7504.213    0.000  -0.138   0.380   0.
  2017 352 12 18 36 507 352.512922540      -0.71      1.26     -0.82  0.        -210.616       5467.475       7503.970    0.000  -0.138   0.380   0.
  2017 352 12 18 37 507 352.512934115      -0.49      1.17     -0.84  0.        -211.962       5468.386       7503.726    0.000  -0.138   0.380   0.
  2017 352 12 18 38 507 352.512945689      -0.35      1.18     -0.72  0.        -213.307       5469.297       7503.483    0.000  -0.138   0.380   0.
  2017 352 12 18 39 507 352.512957263      -0.10      1.21     -0.73  0.        -214.652       5470.207       7503.238    0.000  -0.138   0.380   0.
  2017 352 12 18 40 507 352.512968837      -0.42      0.97     -0.85  0.        -215.998       5471.117       7502.994    0.000  -0.138   0.380   0.
  2017 352 12 18 41 507 352.512980411      -0.94      1.26     -0.86  0.        -217.343       5472.027       7502.749    0.000  -0.138   0.380   0.
  2017 352 12 18 42 507 352.512991985      -0.96      1.17     -0.47  0.        -218.688       5472.937       7502.503    0.000  -0.138   0.380   0.
  2017 352 12 18 43 507 352.513003559      -0.33      1.34     -0.54  0.        -220.034       5473.846       7502.258    0.000  -0.138   0.380   0.
  2017 352 12 18 44 507 352.513015133      -0.05      1.92     -0.66  0.        -221.379       5474.755       7502.011    0.000  -0.138   0.380   0.
  2017 352 12 18 45 507 352.513026707      -0.29      1.77     -0.59  0.        -222.724       5475.664       7501.765    0.000  -0.138   0.380   0.
  2017 352 12 18 46 507 352.513038281      -0.33      1.89     -0.42  0.        -224.069       5476.573       7501.518    0.000  -0.138   0.380   0.
  2017 352 12 18 47 507 352.513049855      -0.18      1.57     -0.09  0.        -225.415       5477.481       7501.270    0.000  -0.138   0.380   0.
  2017 352 12 18 48 507 352.513061429      -0.19      1.57     -0.02  0.        -226.760       5478.389       7501.023    0.000  -0.138   0.380   0.
  2017 352 12 18 49 507 352.513073004      -0.44      1.32     -0.22  0.        -228.105       5479.297       7500.774    0.000  -0.138   0.380   0.
  2017 352 12 18 50 507 352.513084578      -0.28      1.15     -0.68  0.        -229.450       5480.204       7500.526    0.000  -0.138   0.380   0.
  2017 352 12 18 51 507 352.513096151      -0.26      1.13     -0.78  0.        -230.796       5481.111       7500.277    0.000  -0.138   0.380   0.
  2017 352 12 18 52 507 352.513107723      -0.35      1.08     -0.62  0.        -232.141       5482.017       7500.027    0.000  -0.138   0.380   0.
  2017 352 12 18 53 507 352.513119297      -0.39      1.00     -0.55  0.        -233.486       5482.924       7499.778    0.000  -0.138   0.380   0.
  2017 352 12 18 54 507 352.513130871      -0.17      1.02     -0.48  0.        -234.831       5483.830       7499.528    0.000  -0.138   0.380   0.
  2017 352 12 18 55 507 352.513142445      -0.33      1.28     -0.41  0.        -236.176       5484.736       7499.277    0.000  -0.138   0.380   0.
  2017 352 12 18 56 507 352.513154019      -0.68      1.08     -0.10  0.        -237.521       5485.642       7499.026    0.000  -0.138   0.380   0.
  2017 352 12 18 57 507 352.513165593       0.26      0.99     -0.36  0.        -238.866       5486.547       7498.775    0.000  -0.138   0.380   0.
  2017 352 12 18 58 507 352.513177167       0.58      1.57     -0.92  0.        -240.212       5487.452       7498.523    0.000  -0.138   0.380   0.
  2017 352 12 18 59 507 352.513188741       0.48      1.80     -1.21  0.        -241.557       5488.357       7498.270    0.000  -0.138   0.380   0.
  2017 352 12 19  0 507 352.513200315       0.18      1.71     -1.06  0.        -242.902       5489.261       7498.018    0.000  -0.138   0.380   0.
  2017 352 12 19  1 507 352.513211889      -0.17      1.37     -0.97  0.        -244.247       5490.165       7497.765    0.000  -0.138   0.380   0.
  2017 352 12 19  2 507 352.513223464      -0.29      1.23     -0.83  0.        -245.592       5491.069       7497.512    0.000  -0.138   0.380   0.
  2017 352 12 19  3 507 352.513235038      -0.28      1.07     -0.93  0.        -246.937       5491.973       7497.258    0.000  -0.138   0.380   0.
  2017 352 12 19  4 507 352.513246612      -0.19      0.82     -0.97  0.        -248.282       5492.876       7497.004    0.000  -0.138   0.380   0.
  2017 352 12 19  5 507 352.513258186      -0.07      0.91     -0.89  0.        -249.627       5493.779       7496.749    0.000  -0.138   0.380   0.
  2017 352 12 19  6 507 352.513269760      -0.12      1.25     -1.12  0.        -250.972       5494.681       7496.494    0.000  -0.138   0.380   0.
  2017 352 12 19  7 507 352.513281334      -0.04      1.58     -1.21  0.        -252.317       5495.584       7496.239    0.000  -0.138   0.380   0.
  2017 352 12 19  8 507 352.513292908      -0.26      1.61     -1.18  0.        -253.662       5496.486       7495.983    0.000  -0.138   0.380   0.
  2017 352 12 19  9 507 352.513304482      -0.62      1.66     -1.28  0.        -255.007       5497.388       7495.727    0.000  -0.138   0.380   0.
  2017 352 12 19 10 507 352.513316056      -1.48      1.78     -1.17  0.        -256.352       5498.289       7495.470    0.000  -0.138   0.380   0.
  2017 352 12 19 11 507 352.513327630      -1.82      1.37     -0.45  0.        -257.697       5499.190       7495.213    0.000  -0.138   0.380   0.
  2017 352 12 19 12 507 352.513339204      -1.67      1.09      0.03  0.        -259.042       5500.091       7494.956    0.000  -0.138   0.380   0.
  2017 352 12 19 13 507 352.513350778      -1.52      1.23     -0.03  0.        -260.387       5500.992       7494.698    0.000  -0.138   0.380   0.
  2017 352 12 19 14 507 352.513362352      -1.22      1.33      0.01  0.        -261.732       5501.892       7494.440    0.000  -0.138   0.380   0.
  2017 352 12 19 15 507 352.513373927      -1.03      1.77      0.03  0.        -263.076       5502.792       7494.181    0.000  -0.138   0.380   0.
  2017 352 12 19 16 507 352.513385501      -1.42      1.87     -0.05  0.        -264.421       5503.692       7493.922    0.000  -0.138   0.380   0.
  2017 352 12 19 17 507 352.513397075      -1.64      1.43     -0.41  0.        -265.766       5504.591       7493.663    0.000  -0.138   0.380   0.
  2017 352 12 19 18 507 352.513408649      -1.80      1.56     -0.72  0.        -267.111       5505.491       7493.403    0.000  -0.138   0.380   0.
  2017 352 12 19 19 507 352.513420223      -1.68      1.69     -0.21  0.        -268.456       5506.389       7493.143    0.000  -0.138   0.380   0.
  2017 352 12 19 20 507 352.513431797      -1.20      1.43      0.28  0.        -269.801       5507.288       7492.882    0.000  -0.138   0.380   0.
  2017 352 12 19 21 506 352.513443371      -0.89      1.26      0.27  0.        -271.145       5508.186       7492.621    0.000  -0.138   0.380   0.
  2017 352 12 19 22 506 352.513454942      -0.66      1.15      0.14  0.        -272.490       5509.084       7492.360    0.000  -0.138   0.380   0.
  2017 352 12 19 23 506 352.513466516      -0.44      0.98     -0.23  0.        -273.835       5509.982       7492.098    0.000  -0.138   0.380   0.
  2017 352 12 19 24 506 352.513478090       0.11      1.42     -0.72  0.        -275.180       5510.879       7491.836    0.000  -0.138   0.380   0.
  2017 352 12 19 25 506 352.513489664       0.52      2.25     -1.13  0.        -276.524       5511.776       7491.573    0.000  -0.138   0.380   0.
  2017 352 12 19 26 507 352.513501238       0.39      1.97     -1.14  0.        -277.869       5512.673       7491.310    0.000  -0.138   0.380   0.
  2017 352 12 19 27 506 352.513512812       0.37      1.63     -1.16  0.        -279.214       5513.570       7491.047    0.000  -0.138   0.380   0.
  2017 352 12 19 28 506 352.513524387       0.56      1.51     -1.11  0.        -280.559       5514.466       7490.783    0.000  -0.138   0.380   0.
  2017 352 12 19 29 506 352.513535961       0.79      1.37     -1.28  0.        -281.903       5515.362       7490.519    0.000  -0.138   0.380   0.
  2017 352 12 19 30 507 352.513547535       0.83      1.20     -1.23  0.        -283.248       5516.258       7490.254    0.000  -0.138   0.380   0.
  2017 352 12 19 31 507 352.513559109       1.06      1.05     -1.36  0.        -284.592       5517.153       7489.989    0.000  -0.138   0.380   0.
  2017 352 12 19 32 507 352.513570683       0.90      0.76     -1.43  0.        -285.937       5518.048       7489.724    0.000  -0.138   0.380   0.
  2017 352 12 19 33 507 352.513582257       0.12      0.79     -1.34  0.        -287.282       5518.943       7489.458    0.000  -0.138   0.380   0.
  2017 352 12 19 34 506 352.513593831      -0.20      1.00     -1.15  0.        -288.626       5519.837       7489.192    0.000  -0.138   0.380   0.
  2017 352 12 19 35 506 352.513605405      -0.18      1.26     -0.96  0.        -289.971       5520.731       7488.926    0.000  -0.138   0.380   0.
  2017 352 12 19 36 506 352.513616979      -0.02      1.56     -0.85  0.        -291.315       5521.625       7488.659    0.000  -0.138   0.380   0.
  2017 352 12 19 37 506 352.513628553       0.40      1.53     -0.75  0.        -292.660       5522.519       7488.391    0.000  -0.138   0.380   0.
  2017 352 12 19 38 506 352.513640127       0.41      1.35     -0.68  0.        -294.005       5523.412       7488.124    0.000  -0.138   0.380   0.
  2017 352 12 19 39 507 352.513651701       0.33      1.26     -0.73  0.        -295.349       5524.305       7487.855    0.000  -0.138   0.380   0.
  2017 352 12 19 40 507 352.513663275       0.27      1.40     -0.79  0.        -296.694       5525.198       7487.587    0.000  -0.138   0.380   0.
  2017 352 12 19 41 506 352.513674850       0.29      1.44     -0.85  0.        -298.038       5526.090       7487.318    0.000  -0.138   0.380   0.
  2017 352 12 19 42 506 352.513686424       0.04      1.26     -0.92  0.        -299.383       5526.983       7487.049    0.000  -0.138   0.380   0.
  2017 352 12 19 43 507 352.513697998      -0.30      1.19     -0.87  0.        -300.727       5527.874       7486.779    0.000  -0.138   0.380   0.
  2017 352 12 19 44 507 352.513709572      -0.55      1.20     -0.97  0.        -302.071       5528.766       7486.509    0.000  -0.138   0.380   0.
  2017 352 12 19 45 507 352.513721146      -0.42      1.22     -0.82  0.        -303.416       5529.657       7486.238    0.000  -0.138   0.380   0.
  2017 352 12 19 46 507 352.513732720      -0.15      1.32     -0.81  0.        -304.760       5530.548       7485.967    0.000  -0.138   0.380   0.
  2017 352 12 19 47 507 352.513744294      -0.13      1.35     -0.67  0.        -306.105       5531.439       7485.696    0.000  -0.138   0.380   0.
  2017 352 12 19 48 506 352.513755868      -0.31      1.36     -0.57  0.        -307.449       5532.329       7485.424    0.000  -0.138   0.380   0.
  2017 352 12 19 49 506 352.513767442      -0.21      1.48     -0.64  0.        -308.793       5533.219       7485.152    0.000  -0.138   0.380   0.
  2017 352 12 19 50 506 352.513779016      -0.13      1.39     -0.81  0.        -310.138       5534.109       7484.880    0.000  -0.138   0.380   0.
  2017 352 12 19 51 506 352.513790590       0.09      1.31     -0.95  0.        -311.482       5534.998       7484.607    0.000  -0.138   0.380   0.
  2017 352 12 19 52 506 352.513802161       0.10      1.26     -0.82  0.        -312.826       5535.888       7484.333    0.000  -0.138   0.380   0.
  2017 352 12 19 53 506 352.513813736       0.13      1.23     -0.52  0.        -314.171       5536.777       7484.060    0.000  -0.138   0.380   0.
  2017 352 12 19 54 506 352.513825310      -0.07      1.11     -0.67  0.        -315.515       5537.665       7483.786    0.000  -0.138   0.380   0.
  2017 352 12 19 55 506 352.513836884      -0.44      1.19     -0.83  0.        -316.859       5538.553       7483.511    0.000  -0.138   0.380   0.
  2017 352 12 19 56 506 352.513848458      -0.77      1.29     -0.64  0.        -318.204       5539.441       7483.236    0.000  -0.138   0.380   0.
  2017 352 12 19 57 506 352.513860032      -0.77      1.40     -0.42  0.        -319.548       5540.329       7482.961    0.000  -0.138   0.380   0.
  2017 352 12 19 58 506 352.513871606      -0.87      1.58     -0.33  0.        -320.892       5541.217       7482.685    0.000  -0.138   0.380   0.
  2017 352 12 19 59 506 352.513883180      -0.92      1.63     -0.33  0.        -322.236       5542.104       7482.409    0.000  -0.138   0.380   0.
  2017 352 12 20  0 506 352.513894754      -0.59      1.51     -0.47  0.        -323.580       5542.991       7482.133    0.000  -0.138   0.380   0.
  2017 352 12 20  1 506 352.513906328      -0.25      1.35     -0.58  0.        -324.925       5543.877       7481.856    0.000  -0.138   0.380   0.
  2017 352 12 20  2 506 352.513917902      -0.06      1.41     -0.63  0.        -326.269       5544.764       7481.579    0.000  -0.138   0.380   0.
  2017 352 12 20  3 506 352.513929476      -0.00      1.18     -0.73  0.        -327.613       5545.650       7481.301    0.000  -0.138   0.380   0.
  2017 352 12 20  4 506 352.513941050      -0.22      0.93     -0.68  0.        -328.957       5546.535       7481.023    0.000  -0.138   0.380   0.
  2017 352 12 20  5 506 352.513952624      -0.11      0.84     -0.95  0.        -330.301       5547.421       7480.744    0.000  -0.138   0.380   0.
  2017 352 12 20  6 506 352.513964198       0.14      0.96     -0.80  0.        -331.645       5548.306       7480.466    0.000  -0.138   0.380   0.
  2017 352 12 20  7 506 352.513975773       0.33      1.12     -0.79  0.        -332.989       5549.190       7480.186    0.000  -0.138   0.380   0.
  2017 352 12 20  8 506 352.513987347       0.48      1.19     -0.88  0.        -334.333       5550.075       7479.907    0.000  -0.138   0.380   0.
  2017 352 12 20  9 506 352.513998921       0.38      1.37     -0.76  0.        -335.677       5550.959       7479.627    0.000  -0.138   0.380   0.
  2017 352 12 20 10 506 352.514010495       0.08      1.34     -0.58  0.        -337.021       5551.843       7479.346    0.000  -0.138   0.380   0.
  2017 352 12 20 11 506 352.514022069      -0.23      1.26     -0.51  0.        -338.365       5552.727       7479.065    0.000  -0.138   0.380   0.
  2017 352 12 20 12 506 352.514033643      -0.11      1.44     -0.61  0.        -339.709       5553.610       7478.784    0.000  -0.138   0.380   0.
  2017 352 12 20 13 506 352.514045217       0.19      1.40     -0.81  0.        -341.053       5554.493       7478.502    0.000  -0.138   0.380   0.
  2017 352 12 20 14 506 352.514056791       0.28      1.17     -0.91  0.        -342.397       5555.376       7478.221    0.000  -0.138   0.380   0.
  2017 352 12 20 15 506 352.514068365       0.18      1.09     -1.07  0.        -343.741       5556.258       7477.938    0.000  -0.138   0.380   0.
  2017 352 12 20 16 506 352.514079939       0.09      1.04     -1.20  0.        -345.085       5557.141       7477.655    0.000  -0.138   0.380   0.
  2017 352 12 20 17 506 352.514091513      -0.25      1.15     -1.01  0.        -346.429       5558.022       7477.372    0.000  -0.138   0.380   0.
  2017 352 12 20 18 506 352.514103087      -0.49      1.31     -0.54  0.        -347.773       5558.904       7477.088    0.000  -0.138   0.380   0.
  2017 352 12 20 19 506 352.514114661      -0.83      1.36     -0.55  0.        -349.116       5559.785       7476.804    0.000  -0.138   0.380   0.
  2017 352 12 20 20 506 352.514126236      -0.85      1.42     -0.76  0.        -350.460       5560.666       7476.520    0.000  -0.138   0.380   0.
  2017 352 12 20 21 506 352.514137810      -0.57      1.47     -0.58  0.        -351.804       5561.547       7476.235    0.000  -0.138   0.380   0.
  2017 352 12 20 22 506 352.514149384      -0.49      1.40     -0.56  0.        -353.148       5562.427       7475.950    0.000  -0.138   0.380   0.
  2017 352 12 20 23 506 352.514160958      -0.50      1.54     -0.27  0.        -354.492       5563.308       7475.664    0.000  -0.138   0.380   0.
  2017 352 12 20 24 506 352.514172529      -0.53      1.52     -0.04  0.        -355.835       5564.187       7475.379    0.000  -0.138   0.380   0.
  2017 352 12 20 25 506 352.514184103      -0.66      1.44     -0.08  0.        -357.179       5565.067       7475.092    0.000  -0.138   0.380   0.
  2017 352 12 20 26 506 352.514195677      -0.38      1.35     -0.21  0.        -358.523       5565.946       7474.805    0.000  -0.138   0.380   0.
  2017 352 12 20 27 506 352.514207251      -0.24      1.34     -0.33  0.        -359.866       5566.825       7474.518    0.000  -0.138   0.380   0.
  2017 352 12 20 28 506 352.514218825      -0.25      1.41     -0.60  0.        -361.210       5567.704       7474.230    0.000  -0.138   0.380   0.
  2017 352 12 20 29 506 352.514230399      -0.21      1.45     -0.72  0.        -362.554       5568.582       7473.943    0.000  -0.138   0.380   0.
  2017 352 12 20 30 506 352.514241973      -0.15      1.53     -0.72  0.        -363.897       5569.460       7473.655    0.000  -0.138   0.380   0.
  2017 352 12 20 31 506 352.514253547      -0.19      1.43     -0.59  0.        -365.241       5570.338       7473.366    0.000  -0.138   0.380   0.
  2017 352 12 20 32 506 352.514265122      -0.43      1.28     -0.64  0.        -366.585       5571.215       7473.077    0.000  -0.138   0.380   0.
  2017 352 12 20 33 506 352.514276696      -0.61      1.33     -0.68  0.        -367.928       5572.092       7472.787    0.000  -0.138   0.380   0.
  2017 352 12 20 34 506 352.514288270      -0.70      1.19     -0.77  0.        -369.272       5572.969       7472.497    0.000  -0.138   0.380   0.
  2017 352 12 20 35 506 352.514299844      -0.71      1.20     -0.79  0.        -370.615       5573.846       7472.207    0.000  -0.138   0.380   0.
  2017 352 12 20 36 506 352.514311418      -0.76      1.29     -0.81  0.        -371.959       5574.722       7471.916    0.000  -0.138   0.380   0.
  2017 352 12 20 37 506 352.514322992      -0.78      1.34     -0.69  0.        -373.302       5575.598       7471.625    0.000  -0.138   0.380   0.
  2017 352 12 20 38 506 352.514334566      -0.61      1.48     -0.40  0.        -374.646       5576.474       7471.334    0.000  -0.138   0.380   0.
  2017 352 12 20 39 506 352.514346140      -0.52      1.31     -0.50  0.        -375.989       5577.349       7471.042    0.000  -0.138   0.380   0.
  2017 352 12 20 40 506 352.514357714      -0.27      1.21     -0.66  0.        -377.333       5578.224       7470.749    0.000  -0.138   0.380   0.
  2017 352 12 20 41 506 352.514369288      -0.11      1.07     -0.78  0.        -378.676       5579.099       7470.457    0.000  -0.138   0.380   0.
  2017 352 12 20 42 506 352.514380862       0.05      0.94     -0.99  0.        -380.020       5579.974       7470.164    0.000  -0.138   0.380   0.
  2017 352 12 20 43 506 352.514392436      -0.03      0.76     -1.02  0.        -381.363       5580.848       7469.870    0.000  -0.138   0.380   0.
  2017 352 12 20 44 506 352.514404010       0.00      0.87     -0.83  0.        -382.706       5581.722       7469.576    0.000  -0.138   0.380   0.
  2017 352 12 20 45 506 352.514415585       0.04      0.89     -1.08  0.        -384.050       5582.596       7469.282    0.000  -0.138   0.380   0.
  2017 352 12 20 46 506 352.514427159      -0.02      0.89     -1.12  0.        -385.393       5583.469       7468.987    0.000  -0.138   0.380   0.
  2017 352 12 20 47 506 352.514438733      -0.25      0.86     -1.19  0.        -386.736       5584.342       7468.692    0.000  -0.138   0.380   0.
  2017 352 12 20 48 506 352.514450307      -0.26      1.01     -1.20  0.        -388.079       5585.215       7468.397    0.000  -0.138   0.380   0.
  2017 352 12 20 49 506 352.514461881      -0.58      1.07     -1.00  0.        -389.423       5586.087       7468.101    0.000  -0.138   0.380   0.
  2017 352 12 20 50 506 352.514473455      -0.51      1.15     -0.76  0.        -390.766       5586.959       7467.805    0.000  -0.138   0.380   0.
  2017 352 12 20 51 506 352.514485029      -0.71      0.99     -1.06  0.        -392.109       5587.831       7467.508    0.000  -0.138   0.380   0.
  2017 352 12 20 52 506 352.514496603      -0.87      1.02     -0.95  0.        -393.452       5588.703       7467.211    0.000  -0.138   0.380   0.
  2017 352 12 20 53 506 352.514508177      -0.59      1.12     -0.56  0.        -394.796       5589.574       7466.914    0.000  -0.138   0.380   0.
  2017 352 12 20 54 506 352.514519748      -0.21      1.28     -0.37  0.        -396.139       5590.445       7466.616    0.000  -0.138   0.380   0.
  2017 352 12 20 55 506 352.514531322      -0.13      1.39     -0.38  0.        -397.482       5591.316       7466.318    0.000  -0.138   0.380   0.
  2017 352 12 20 56 506 352.514542896       0.04      1.40     -0.58  0.        -398.825       5592.186       7466.019    0.000  -0.138   0.380   0.
  2017 352 12 20 57 506 352.514554471      -0.12      1.33     -0.86  0.        -400.168       5593.057       7465.720    0.000  -0.138   0.380   0.
  2017 352 12 20 58 506 352.514566045      -0.33      1.34     -0.89  0.        -401.511       5593.926       7465.421    0.000  -0.138   0.380   0.
  2017 352 12 20 59 506 352.514577619      -0.17      1.44     -0.83  0.        -402.854       5594.796       7465.121    0.000  -0.138   0.380   0.
  2017 352 12 21  0 506 352.514589193      -0.12      1.40     -0.63  0.        -404.197       5595.665       7464.821    0.000  -0.138   0.380   0.
  2017 352 12 21  1 506 352.514600767      -0.10      1.28     -0.45  0.        -405.540       5596.534       7464.521    0.000  -0.138   0.380   0.
  2017 352 12 21  2 506 352.514612341      -0.34      1.21     -0.48  0.        -406.883       5597.403       7464.220    0.000  -0.138   0.380   0.
  2017 352 12 21  3 506 352.514623915      -0.27      1.37     -0.53  0.        -408.226       5598.271       7463.918    0.000  -0.138   0.380   0.
  2017 352 12 21  4 506 352.514635489      -0.00      1.44     -0.64  0.        -409.569       5599.139       7463.617    0.000  -0.138   0.380   0.
  2017 352 12 21  5 506 352.514647063      -0.10      1.45     -0.59  0.        -410.912       5600.007       7463.315    0.000  -0.138   0.380   0.
  2017 352 12 21  6 506 352.514658637      -0.47      1.37     -0.62  0.        -412.255       5600.875       7463.012    0.000  -0.138   0.380   0.
  2017 352 12 21  7 506 352.514670211      -0.65      1.26     -0.88  0.        -413.598       5601.742       7462.709    0.000  -0.138   0.380   0.
  2017 352 12 21  8 506 352.514681785      -0.53      1.22     -1.09  0.        -414.941       5602.609       7462.406    0.000  -0.138   0.380   0.
  2017 352 12 21  9 506 352.514693359      -0.53      1.34     -0.57  0.        -416.284       5603.475       7462.102    0.000  -0.138   0.380   0.
  2017 352 12 21 10 506 352.514704933      -0.66      1.20     -0.42  0.        -417.626       5604.342       7461.798    0.000  -0.138   0.380   0.
  2017 352 12 21 11 506 352.514716508      -0.68      1.09     -0.76  0.        -418.969       5605.208       7461.494    0.000  -0.138   0.380   0.
  2017 352 12 21 12 506 352.514728082      -0.60      1.27     -0.94  0.        -420.312       5606.073       7461.189    0.000  -0.138   0.380   0.
  2017 352 12 21 13 506 352.514739656      -0.60      1.36     -1.05  0.        -421.655       5606.939       7460.884    0.000  -0.138   0.380   0.
  2017 352 12 21 14 506 352.514751230      -0.87      1.47     -0.99  0.        -422.997       5607.804       7460.578    0.000  -0.138   0.380   0.
  2017 352 12 21 15 506 352.514762804      -1.01      1.34     -0.90  0.        -424.340       5608.668       7460.272    0.000  -0.138   0.380   0.
  2017 352 12 21 16 506 352.514774378      -1.20      1.38     -0.68  0.        -425.683       5609.533       7459.965    0.000  -0.138   0.380   0.
  2017 352 12 21 17 506 352.514785952      -1.32      1.45     -0.57  0.        -427.025       5610.398       7459.659    0.000  -0.138   0.380   0.
  2017 352 12 21 18 506 352.514797526      -1.04      1.55     -0.80  0.        -428.368       5611.262       7459.351    0.000  -0.138   0.380   0.
  2017 352 12 21 19 506 352.514809100      -1.30      1.59     -0.78  0.        -429.711       5612.125       7459.044    0.000  -0.138   0.380   0.
  2017 352 12 21 20 506 352.514820674      -1.31      1.51     -0.54  0.        -431.053       5612.989       7458.736    0.000  -0.138   0.380   0.
  2017 352 12 21 21 506 352.514832248      -1.30      1.58     -0.26  0.        -432.396       5613.851       7458.427    0.000  -0.138   0.380   0.
  2017 352 12 21 22 506 352.514843822      -1.63      1.27     -0.49  0.        -433.738       5614.714       7458.119    0.000  -0.138   0.380   0.
  2017 352 12 21 23 505 352.514855396      -1.52      1.42     -0.67  0.        -435.081       5615.577       7457.810    0.000  -0.138   0.380   0.
  2017 352 12 21 24 505 352.514866968      -1.26      1.66     -0.21  0.        -436.423       5616.439       7457.500    0.000  -0.138   0.380   0.
  2017 352 12 21 25 506 352.514878542      -1.06      1.60     -0.32  0.        -437.766       5617.301       7457.190    0.000  -0.138   0.380   0.
  2017 352 12 21 26 506 352.514890116      -1.08      1.29     -0.68  0.        -439.108       5618.162       7456.880    0.000  -0.138   0.380   0.
  2017 352 12 21 27 506 352.514901690      -0.55      1.44     -0.58  0.        -440.451       5619.024       7456.569    0.000  -0.138   0.380   0.
  2017 352 12 21 28 506 352.514913264      -0.45      1.59     -0.82  0.        -441.793       5619.885       7456.258    0.000  -0.138   0.380   0.
  2017 352 12 21 29 506 352.514924838      -0.39      1.74     -0.79  0.        -443.135       5620.745       7455.946    0.000  -0.138   0.380   0.
  2017 352 12 21 30 505 352.514936412      -0.24      1.65     -0.76  0.        -444.478       5621.606       7455.634    0.000  -0.138   0.380   0.
  2017 352 12 21 31 505 352.514947986       0.20      1.27     -0.73  0.        -445.820       5622.466       7455.322    0.000  -0.138   0.380   0.
  2017 352 12 21 32 505 352.514959560       0.34      0.98     -0.61  0.        -447.162       5623.326       7455.010    0.000  -0.138   0.380   0.
  2017 352 12 21 33 505 352.514971134       0.25      1.09     -0.48  0.        -448.505       5624.185       7454.696    0.000  -0.138   0.380   0.
  2017 352 12 21 34 505 352.514982708       0.31      1.21     -0.34  0.        -449.847       5625.045       7454.383    0.000  -0.138   0.380   0.
  2017 352 12 21 35 506 352.514994282       0.24      1.42     -0.53  0.        -451.189       5625.904       7454.069    0.000  -0.138   0.380   0.
  2017 352 12 21 36 506 352.515005857       0.11      1.56     -0.67  0.        -452.531       5626.762       7453.755    0.000  -0.138   0.380   0.
  2017 352 12 21 37 505 352.515017431      -0.47      1.46     -0.90  0.        -453.874       5627.621       7453.440    0.000  -0.138   0.380   0.
  2017 352 12 21 38 505 352.515029005      -0.54      1.37     -1.06  0.        -455.216       5628.479       7453.125    0.000  -0.138   0.380   0.
  2017 352 12 21 39 506 352.515040579      -0.59      1.25     -1.10  0.        -456.558       5629.336       7452.810    0.000  -0.138   0.380   0.
  2017 352 12 21 40 506 352.515052153      -0.47      1.35     -0.81  0.        -457.900       5630.194       7452.494    0.000  -0.138   0.380   0.
  2017 352 12 21 41 506 352.515063727      -0.35      1.34     -0.66  0.        -459.242       5631.051       7452.178    0.000  -0.138   0.380   0.
  2017 352 12 21 42 506 352.515075301      -0.29      1.16     -0.64  0.        -460.584       5631.908       7451.861    0.000  -0.138   0.380   0.
  2017 352 12 21 43 506 352.515086875      -0.15      0.92     -0.98  0.        -461.926       5632.765       7451.544    0.000  -0.138   0.380   0.
  2017 352 12 21 44 505 352.515098449       0.14      0.98     -1.09  0.        -463.268       5633.621       7451.227    0.000  -0.138   0.380   0.
  2017 352 12 21 45 505 352.515110023       0.49      0.97     -1.06  0.        -464.610       5634.477       7450.909    0.000  -0.138   0.380   0.
  2017 352 12 21 46 505 352.515121597       0.69      1.05     -1.11  0.        -465.952       5635.333       7450.591    0.000  -0.138   0.380   0.
  2017 352 12 21 47 505 352.515133171       0.76      1.05     -1.33  0.        -467.294       5636.188       7450.272    0.000  -0.138   0.380   0.
  2017 352 12 21 48 506 352.515144745       0.51      1.09     -1.48  0.        -468.636       5637.043       7449.954    0.000  -0.138   0.380   0.
  2017 352 12 21 49 506 352.515156319       0.34      1.26     -1.32  0.        -469.978       5637.898       7449.634    0.000  -0.138   0.380   0.
  2017 352 12 21 50 505 352.515167894       0.08      1.21     -1.25  0.        -471.320       5638.753       7449.315    0.000  -0.138   0.380   0.
  2017 352 12 21 51 505 352.515179468      -0.28      1.19     -0.91  0.        -472.662       5639.607       7448.994    0.000  -0.138   0.380   0.
  2017 352 12 21 52 505 352.515191039      -0.53      1.32     -0.52  0.        -474.004       5640.461       7448.674    0.000  -0.138   0.380   0.
  2017 352 12 21 53 505 352.515202613      -0.59      1.51     -0.32  0.        -475.345       5641.314       7448.353    0.000  -0.138   0.380   0.
  2017 352 12 21 54 505 352.515214187      -0.57      1.47     -0.38  0.        -476.687       5642.168       7448.032    0.000  -0.138   0.380   0.
  2017 352 12 21 55 505 352.515225761      -0.73      1.40     -0.57  0.        -478.029       5643.021       7447.710    0.000  -0.138   0.380   0.
  2017 352 12 21 56 505 352.515237335      -0.63      1.37     -0.59  0.        -479.371       5643.874       7447.388    0.000  -0.138   0.380   0.
  2017 352 12 21 57 505 352.515248909      -0.75      1.15     -0.68  0.        -480.712       5644.726       7447.066    0.000  -0.138   0.380   0.
  2017 352 12 21 58 505 352.515260483      -0.79      1.19     -0.92  0.        -482.054       5645.578       7446.743    0.000  -0.138   0.380   0.
  2017 352 12 21 59 505 352.515272057      -0.81      1.34     -0.86  0.        -483.396       5646.430       7446.420    0.000  -0.138   0.380   0.
  2017 352 12 22  0 505 352.515283631      -0.77      1.40     -0.97  0.        -484.737       5647.282       7446.096    0.000  -0.138   0.380   0.
  2017 352 12 22  1 505 352.515295205      -0.56      1.29     -0.92  0.        -486.079       5648.133       7445.772    0.000  -0.138   0.380   0.
  2017 352 12 22  2 505 352.515306779      -0.44      1.27     -0.80  0.        -487.421       5648.984       7445.448    0.000  -0.138   0.380   0.
  2017 352 12 22  3 505 352.515318354      -0.45      1.25     -0.80  0.        -488.762       5649.835       7445.123    0.000  -0.138   0.380   0.
  2017 352 12 22  4 505 352.515329928      -0.37      1.27     -0.87  0.        -490.104       5650.685       7444.798    0.000  -0.138   0.380   0.
  2017 352 12 22  5 505 352.515341502      -0.29      1.34     -0.65  0.        -491.445       5651.535       7444.472    0.000  -0.138   0.380   0.
  2017 352 12 22  6 505 352.515353076      -0.24      1.34     -0.45  0.        -492.787       5652.385       7444.146    0.000  -0.138   0.380   0.
  2017 352 12 22  7 505 352.515364650      -0.26      1.32     -0.44  0.        -494.128       5653.235       7443.820    0.000  -0.138   0.380   0.
  2017 352 12 22  8 505 352.515376224      -0.59      1.25     -0.64  0.        -495.469       5654.084       7443.493    0.000  -0.138   0.380   0.
  2017 352 12 22  9 505 352.515387798      -0.33      1.44     -0.54  0.        -496.811       5654.933       7443.166    0.000  -0.138   0.380   0.
  2017 352 12 22 10 505 352.515399372      -0.61      1.44     -0.47  0.        -498.152       5655.781       7442.839    0.000  -0.138   0.380   0.
  2017 352 12 22 11 505 352.515410946      -0.87      0.97     -0.38  0.        -499.494       5656.630       7442.511    0.000  -0.138   0.380   0.
  2017 352 12 22 12 505 352.515422520      -0.38      0.90     -0.44  0.        -500.835       5657.478       7442.182    0.000  -0.138   0.380   0.
  2017 352 12 22 13 505 352.515434094      -0.04      1.20     -0.53  0.        -502.176       5658.326       7441.854    0.000  -0.138   0.380   0.
  2017 352 12 22 14 505 352.515445668      -0.31      1.36     -0.63  0.        -503.517       5659.173       7441.525    0.000  -0.138   0.380   0.
  2017 352 12 22 15 505 352.515457242      -0.39      1.40     -0.73  0.        -504.859       5660.020       7441.195    0.000  -0.138   0.380   0.
  2017 352 12 22 16 505 352.515468817      -0.46      1.33     -0.90  0.        -506.200       5660.867       7440.866    0.000  -0.138   0.380   0.
  2017 352 12 22 17 505 352.515480391      -0.63      1.32     -0.74  0.        -507.541       5661.714       7440.535    0.000  -0.138   0.380   0.
  2017 352 12 22 18 505 352.515491965      -0.69      1.51     -0.64  0.        -508.882       5662.560       7440.205    0.000  -0.138   0.380   0.
  2017 352 12 22 19 505 352.515503539      -0.43      1.64     -0.44  0.        -510.223       5663.406       7439.874    0.000  -0.138   0.380   0.
  2017 352 12 22 20 505 352.515515113      -0.05      1.45     -0.30  0.        -511.565       5664.252       7439.542    0.000  -0.138   0.380   0.
  2017 352 12 22 21 505 352.515526687       0.16      1.22     -0.44  0.        -512.906       5665.097       7439.211    0.000  -0.138   0.380   0.
  2017 352 12 22 22 505 352.515538258       0.16      1.02     -0.69  0.        -514.247       5665.942       7438.878    0.000  -0.138   0.380   0.
  2017 352 12 22 23 505 352.515549832       0.03      0.82     -0.82  0.        -515.588       5666.787       7438.546    0.000  -0.138   0.380   0.
  2017 352 12 22 24 505 352.515561406      -0.04      0.83     -0.77  0.        -516.929       5667.631       7438.213    0.000  -0.138   0.380   0.
  2017 352 12 22 25 505 352.515572980       0.01      0.86     -0.77  0.        -518.270       5668.476       7437.880    0.000  -0.138   0.380   0.
  2017 352 12 22 26 505 352.515584554       0.18      0.84     -0.87  0.        -519.611       5669.319       7437.546    0.000  -0.138   0.380   0.
  2017 352 12 22 27 505 352.515596128       0.36      0.95     -1.08  0.        -520.952       5670.163       7437.212    0.000  -0.138   0.380   0.
  2017 352 12 22 28 505 352.515607703       0.33      1.07     -1.35  0.        -522.292       5671.006       7436.877    0.000  -0.138   0.380   0.
  2017 352 12 22 29 505 352.515619277       0.29      1.04     -1.47  0.        -523.633       5671.849       7436.543    0.000  -0.138   0.380   0.
  2017 352 12 22 30 505 352.515630851       0.19      1.07     -1.34  0.        -524.974       5672.692       7436.207    0.000  -0.138   0.380   0.
  2017 352 12 22 31 505 352.515642425       0.00      1.22     -1.31  0.        -526.315       5673.535       7435.872    0.000  -0.138   0.380   0.
  2017 352 12 22 32 505 352.515653999      -0.11      1.30     -1.33  0.        -527.656       5674.377       7435.535    0.000  -0.138   0.380   0.
  2017 352 12 22 33 505 352.515665573      -0.39      1.20     -1.41  0.        -528.996       5675.219       7435.199    0.000  -0.138   0.380   0.
  2017 352 12 22 34 505 352.515677147      -0.49      1.26     -1.22  0.        -530.337       5676.060       7434.862    0.000  -0.138   0.380   0.
  2017 352 12 22 35 505 352.515688721      -0.69      1.21     -1.04  0.        -531.678       5676.902       7434.525    0.000  -0.138   0.380   0.
  2017 352 12 22 36 505 352.515700295      -0.70      1.21     -1.00  0.        -533.019       5677.742       7434.188    0.000  -0.138   0.380   0.
  2017 352 12 22 37 505 352.515711869      -0.70      1.20     -0.73  0.        -534.359       5678.583       7433.850    0.000  -0.138   0.380   0.
  2017 352 12 22 38 505 352.515723443      -0.79      1.19     -0.67  0.        -535.700       5679.424       7433.511    0.000  -0.138   0.380   0.
  2017 352 12 22 39 505 352.515735017      -0.60      1.28     -0.82  0.        -537.040       5680.264       7433.173    0.000  -0.138   0.380   0.
  2017 352 12 22 40 505 352.515746591      -0.46      1.45     -0.86  0.        -538.381       5681.103       7432.833    0.000  -0.138   0.380   0.
  2017 352 12 22 41 505 352.515758166      -0.55      1.54     -1.00  0.        -539.721       5681.943       7432.494    0.000  -0.138   0.380   0.
  2017 352 12 22 42 505 352.515769740      -0.60      1.59     -0.84  0.        -541.062       5682.782       7432.154    0.000  -0.138   0.380   0.
  2017 352 12 22 43 505 352.515781314      -0.68      1.48     -0.77  0.        -542.403       5683.621       7431.814    0.000  -0.138   0.380   0.
  2017 352 12 22 44 505 352.515792888      -0.78      1.39     -0.69  0.        -543.743       5684.460       7431.473    0.000  -0.138   0.380   0.
  2017 352 12 22 45 505 352.515804462      -0.62      1.43     -0.47  0.        -545.083       5685.298       7431.132    0.000  -0.138   0.380   0.
  2017 352 12 22 46 505 352.515816036      -0.62      1.47     -0.56  0.        -546.424       5686.136       7430.791    0.000  -0.138   0.380   0.
  2017 352 12 22 47 505 352.515827610      -0.57      1.33     -0.58  0.        -547.764       5686.974       7430.449    0.000  -0.138   0.380   0.
  2017 352 12 22 48 505 352.515839184      -0.35      1.39     -0.78  0.        -549.104       5687.811       7430.106    0.000  -0.138   0.380   0.
  2017 352 12 22 49 505 352.515850758      -0.40      1.42     -0.69  0.        -550.445       5688.648       7429.764    0.000  -0.138   0.380   0.
  2017 352 12 22 50 505 352.515862332      -0.70      1.28     -0.69  0.        -551.785       5689.485       7429.421    0.000  -0.138   0.380   0.
  2017 352 12 22 51 505 352.515873906      -0.80      1.09     -0.81  0.        -553.125       5690.322       7429.078    0.000  -0.138   0.380   0.
  2017 352 12 22 52 505 352.515885477      -0.87      0.97     -1.00  0.        -554.466       5691.158       7428.734    0.000  -0.138   0.380   0.
  2017 352 12 22 53 505 352.515897052      -0.72      1.14     -1.00  0.        -555.806       5691.994       7428.390    0.000  -0.138   0.380   0.
  2017 352 12 22 54 505 352.515908626      -0.47      1.16     -0.99  0.        -557.146       5692.829       7428.045    0.000  -0.138   0.380   0.
  2017 352 12 22 55 505 352.515920200      -0.52      0.99     -1.03  0.        -558.486       5693.665       7427.700    0.000  -0.138   0.380   0.
  2017 352 12 22 56 505 352.515931774      -0.83      1.00     -1.05  0.        -559.826       5694.500       7427.355    0.000  -0.138   0.380   0.
  2017 352 12 22 57 505 352.515943348      -1.06      1.06     -1.03  0.        -561.166       5695.335       7427.009    0.000  -0.138   0.380   0.
  2017 352 12 22 58 505 352.515954922      -1.22      1.05     -1.16  0.        -562.506       5696.169       7426.663    0.000  -0.138   0.380   0.
  2017 352 12 22 59 505 352.515966496      -1.02      1.09     -1.16  0.        -563.846       5697.003       7426.317    0.000  -0.138   0.380   0.
  2017 352 12 23  0 505 352.515978070      -0.85      1.35     -0.76  0.        -565.186       5697.837       7425.970    0.000  -0.138   0.380   0.
  2017 352 12 23  1 505 352.515989644      -1.09      1.29     -0.51  0.        -566.526       5698.671       7425.623    0.000  -0.138   0.380   0.
  2017 352 12 23  2 505 352.516001218      -1.13      1.13     -0.64  0.        -567.866       5699.504       7425.275    0.000  -0.138   0.380   0.
  2017 352 12 23  3 505 352.516012792      -0.82      1.34     -0.57  0.        -569.206       5700.337       7424.927    0.000  -0.138   0.380   0.
  2017 352 12 23  4 505 352.516024366      -0.67      1.32     -0.75  0.        -570.546       5701.170       7424.579    0.000  -0.138   0.380   0.
  2017 352 12 23  5 505 352.516035940      -0.65      1.18     -0.95  0.        -571.886       5702.002       7424.230    0.000  -0.138   0.380   0.
  2017 352 12 23  6 505 352.516047514      -0.57      1.17     -1.00  0.        -573.226       5702.834       7423.881    0.000  -0.138   0.380   0.
  2017 352 12 23  7 505 352.516059089      -0.47      1.21     -0.91  0.        -574.565       5703.666       7423.531    0.000  -0.138   0.380   0.
  2017 352 12 23  8 505 352.516070663      -0.36      1.43     -0.91  0.        -575.905       5704.498       7423.181    0.000  -0.138   0.380   0.
  2017 352 12 23  9 505 352.516082237      -0.50      1.55     -0.84  0.        -577.245       5705.329       7422.831    0.000  -0.138   0.380   0.
  2017 352 12 23 10 505 352.516093811      -0.83      1.37     -0.89  0.        -578.584       5706.160       7422.480    0.000  -0.138   0.380   0.
  2017 352 12 23 11 505 352.516105385      -0.80      1.33     -0.92  0.        -579.924       5706.990       7422.129    0.000  -0.138   0.380   0.
  2017 352 12 23 12 505 352.516116959      -1.03      1.34     -0.72  0.        -581.264       5707.821       7421.778    0.000  -0.138   0.380   0.
  2017 352 12 23 13 505 352.516128533      -1.18      1.34     -0.59  0.        -582.603       5708.651       7421.425    0.000  -0.138   0.380   0.
  2017 352 12 23 14 505 352.516140107      -1.06      1.33     -0.33  0.        -583.943       5709.480       7421.074    0.000  -0.138   0.380   0.
  2017 352 12 23 15 505 352.516151681      -0.91      1.37     -0.39  0.        -585.283       5710.310       7420.721    0.000  -0.138   0.380   0.
  2017 352 12 23 16 505 352.516163255      -0.92      1.43     -0.46  0.        -586.622       5711.139       7420.368    0.000  -0.138   0.380   0.
  2017 352 12 23 17 505 352.516174829      -0.94      1.46     -0.38  0.        -587.962       5711.968       7420.014    0.000  -0.138   0.380   0.
  2017 352 12 23 18 505 352.516186403      -0.64      1.68     -0.39  0.        -589.301       5712.796       7419.661    0.000  -0.138   0.380   0.
  2017 352 12 23 19 505 352.516197977      -0.89      1.56     -0.34  0.        -590.640       5713.625       7419.306    0.000  -0.138   0.380   0.
  2017 352 12 23 20 505 352.516209552      -0.84      1.44     -0.38  0.        -591.980       5714.453       7418.952    0.000  -0.138   0.380   0.
  2017 352 12 23 21 505 352.516221126      -0.35      1.48     -0.66  0.        -593.319       5715.280       7418.597    0.000  -0.138   0.380   0.
  2017 352 12 23 22 505 352.516232700      -0.42      1.51     -0.60  0.        -594.658       5716.108       7418.242    0.000  -0.138   0.380   0.
  2017 352 12 23 23 505 352.516244273      -0.23      1.54     -0.66  0.        -595.998       5716.935       7417.886    0.000  -0.138   0.380   0.
  2017 352 12 23 24 505 352.516255845      -0.24      1.48     -0.54  0.        -597.337       5717.761       7417.530    0.000  -0.138   0.380   0.
  2017 352 12 23 25 505 352.516267419      -0.27      1.34     -0.26  0.        -598.676       5718.588       7417.173    0.000  -0.138   0.380   0.
  2017 352 12 23 26 504 352.516278993      -0.24      1.29     -0.37  0.        -600.015       5719.414       7416.816    0.000  -0.138   0.380   0.
  2017 352 12 23 27 504 352.516290567      -0.30      1.25     -0.41  0.        -601.355       5720.240       7416.459    0.000  -0.138   0.380   0.
  2017 352 12 23 28 504 352.516302141      -0.39      1.36     -0.42  0.        -602.694       5721.066       7416.102    0.000  -0.138   0.380   0.
  2017 352 12 23 29 504 352.516313715      -0.33      1.47     -0.34  0.        -604.033       5721.891       7415.744    0.000  -0.138   0.380   0.
  2017 352 12 23 30 505 352.516325289      -0.23      1.36     -0.37  0.        -605.372       5722.716       7415.385    0.000  -0.138   0.380   0.
  2017 352 12 23 31 505 352.516336863      -0.23      1.30     -0.59  0.        -606.711       5723.541       7415.026    0.000  -0.138   0.380   0.
  2017 352 12 23 32 505 352.516348438      -0.34      1.31     -0.88  0.        -608.050       5724.365       7414.667    0.000  -0.138   0.380   0.
  2017 352 12 23 33 504 352.516360012      -0.47      1.42     -0.81  0.        -609.389       5725.189       7414.308    0.000  -0.138   0.380   0.
  2017 352 12 23 34 504 352.516371586      -0.56      1.54     -0.58  0.        -610.728       5726.013       7413.948    0.000  -0.138   0.380   0.
  2017 352 12 23 35 505 352.516383160      -0.46      1.62     -0.32  0.        -612.067       5726.837       7413.587    0.000  -0.138   0.380   0.
  2017 352 12 23 36 505 352.516394734      -0.47      1.56     -0.41  0.        -613.406       5727.660       7413.227    0.000  -0.138   0.380   0.
  2017 352 12 23 37 505 352.516406308      -0.63      1.54     -0.48  0.        -614.745       5728.483       7412.866    0.000  -0.138   0.380   0.
  2017 352 12 23 38 505 352.516417882      -0.74      1.34     -0.61  0.        -616.083       5729.305       7412.504    0.000  -0.138   0.380   0.
  2017 352 12 23 39 504 352.516429456      -0.86      1.21     -0.77  0.        -617.422       5730.128       7412.142    0.000  -0.138   0.380   0.
  2017 352 12 23 40 504 352.516441030      -0.76      1.08     -0.86  0.        -618.761       5730.950       7411.780    0.000  -0.138   0.380   0.
  2017 352 12 23 41 504 352.516452604      -0.53      1.02     -1.10  0.        -620.100       5731.772       7411.417    0.000  -0.138   0.380   0.
  2017 352 12 23 42 504 352.516464178      -0.65      0.95     -1.18  0.        -621.438       5732.593       7411.054    0.000  -0.138   0.380   0.
  2017 352 12 23 43 504 352.516475752      -0.59      1.07     -1.13  0.        -622.777       5733.414       7410.691    0.000  -0.138   0.380   0.
  2017 352 12 23 44 505 352.516487326      -0.40      1.33     -1.04  0.        -624.116       5734.235       7410.327    0.000  -0.138   0.380   0.
  2017 352 12 23 45 505 352.516498900      -0.25      1.48     -1.00  0.        -625.454       5735.056       7409.963    0.000  -0.138   0.380   0.
  2017 352 12 23 46 504 352.516510475      -0.47      1.32     -0.97  0.        -626.793       5735.876       7409.599    0.000  -0.138   0.380   0.
  2017 352 12 23 47 504 352.516522049      -0.72      1.30     -0.70  0.        -628.131       5736.696       7409.234    0.000  -0.138   0.380   0.
  2017 352 12 23 48 505 352.516533623      -0.86      1.45     -0.21  0.        -629.470       5737.516       7408.868    0.000  -0.138   0.380   0.
  2017 352 12 23 49 505 352.516545197      -1.00      1.41     -0.02  0.        -630.808       5738.335       7408.503    0.000  -0.138   0.380   0.
  2017 352 12 23 50 505 352.516556771      -0.95      1.37     -0.25  0.        -632.147       5739.154       7408.136    0.000  -0.138   0.380   0.
  2017 352 12 23 51 505 352.516568345      -0.86      1.46     -0.42  0.        -633.485       5739.973       7407.770    0.000  -0.138   0.380   0.
  2017 352 12 23 52 505 352.516579919      -0.99      1.41     -0.58  0.        -634.823       5740.791       7407.403    0.000  -0.138   0.380   0.
  2017 352 12 23 53 504 352.516591493      -1.20      1.37     -0.74  0.        -636.162       5741.609       7407.036    0.000  -0.138   0.380   0.
  2017 352 12 23 54 504 352.516603064      -1.39      1.53     -0.47  0.        -637.500       5742.427       7406.669    0.000  -0.138   0.380   0.
  2017 352 12 23 55 504 352.516614638      -1.05      1.72     -0.29  0.        -638.838       5743.245       7406.301    0.000  -0.138   0.380   0.
  2017 352 12 23 56 504 352.516626212      -1.44      1.94     -0.42  0.        -640.177       5744.062       7405.932    0.000  -0.138   0.380   0.
  2017 352 12 23 57 504 352.516637786      -1.87      1.60     -0.07  0.        -641.515       5744.879       7405.563    0.000  -0.138   0.380   0.
  2017 352 12 23 58 504 352.516649361      -2.12      1.49      0.19  0.        -642.853       5745.696       7405.194    0.000  -0.138   0.380   0.
  2017 352 12 23 59 504 352.516660935      -1.74      1.58      0.30  0.        -644.191       5746.512       7404.825    0.000  -0.138   0.380   0.
  2017 352 12 24  0 504 352.516672509      -1.42      1.69     -0.02  0.        -645.529       5747.328       7404.455    0.000  -0.138   0.380   0.
  2017 352 12 24  1 504 352.516684083      -1.62      1.42      0.27  0.        -646.867       5748.144       7404.084    0.000  -0.138   0.380   0.
  2017 352 12 24  2 504 352.516695657      -1.27      1.23      0.31  0.        -648.205       5748.960       7403.714    0.000  -0.138   0.380   0.
  2017 352 12 24  3 504 352.516707231      -0.74      1.60     -0.09  0.        -649.543       5749.775       7403.343    0.000  -0.138   0.380   0.
  2017 352 12 24  4 504 352.516718805      -0.19      1.94     -0.57  0.        -650.881       5750.590       7402.971    0.000  -0.138   0.380   0.
  2017 352 12 24  5 504 352.516730379      -0.00      1.95     -0.74  0.        -652.219       5751.405       7402.599    0.000  -0.138   0.380   0.
  2017 352 12 24  6 504 352.516741953       0.07      1.82     -0.85  0.        -653.557       5752.219       7402.227    0.000  -0.138   0.380   0.
  2017 352 12 24  7 504 352.516753527       0.26      1.81     -0.93  0.        -654.895       5753.033       7401.855    0.000  -0.138   0.380   0.
  2017 352 12 24  8 504 352.516765101       0.00      1.57     -0.85  0.        -656.233       5753.847       7401.482    0.000  -0.138   0.380   0.
  2017 352 12 24  9 504 352.516776675      -0.05      1.31     -0.86  0.        -657.571       5754.660       7401.109    0.000  -0.138   0.380   0.
  2017 352 12 24 10 504 352.516788249      -0.10      1.22     -0.82  0.        -658.909       5755.473       7400.735    0.000  -0.138   0.380   0.
  2017 352 12 24 11 504 352.516799823       0.03      1.29     -0.84  0.        -660.246       5756.286       7400.361    0.000  -0.138   0.380   0.
  2017 352 12 24 12 504 352.516811398      -0.04      1.37     -0.94  0.        -661.584       5757.099       7399.986    0.000  -0.138   0.380   0.
  2017 352 12 24 13 504 352.516822972      -0.11      1.39     -1.06  0.        -662.922       5757.911       7399.611    0.000  -0.138   0.380   0.
  2017 352 12 24 14 504 352.516834546      -0.19      1.57     -1.01  0.        -664.259       5758.723       7399.236    0.000  -0.138   0.380   0.
  2017 352 12 24 15 504 352.516846120      -0.13      1.50     -1.04  0.        -665.597       5759.535       7398.860    0.000  -0.138   0.380   0.
  2017 352 12 24 16 504 352.516857694      -0.17      1.45     -1.13  0.        -666.934       5760.346       7398.484    0.000  -0.138   0.380   0.
  2017 352 12 24 17 504 352.516869268      -0.11      1.42     -1.03  0.        -668.272       5761.157       7398.108    0.000  -0.138   0.380   0.
  2017 352 12 24 18 504 352.516880842       0.06      1.42     -1.00  0.        -669.609       5761.968       7397.731    0.000  -0.138   0.380   0.
  2017 352 12 24 19 504 352.516892416       0.12      1.58     -1.00  0.        -670.947       5762.779       7397.354    0.000  -0.138   0.380   0.
  2017 352 12 24 20 504 352.516903990       0.03      1.52     -0.92  0.        -672.284       5763.589       7396.977    0.000  -0.138   0.380   0.
  2017 352 12 24 21 504 352.516915564      -0.08      1.46     -0.88  0.        -673.622       5764.399       7396.599    0.000  -0.138   0.380   0.
  2017 352 12 24 22 504 352.516927138      -0.15      1.37     -1.01  0.        -674.959       5765.208       7396.220    0.000  -0.138   0.380   0.
  2017 352 12 24 23 504 352.516938712       0.05      1.24     -1.05  0.        -676.296       5766.017       7395.842    0.000  -0.138   0.380   0.
  2017 352 12 24 24 504 352.516950284       0.36      1.39     -0.93  0.        -677.634       5766.827       7395.463    0.000  -0.138   0.380   0.
  2017 352 12 24 25 504 352.516961858       0.18      1.29     -1.00  0.        -678.971       5767.635       7395.083    0.000  -0.138   0.380   0.
  2017 352 12 24 26 504 352.516973432      -0.00      1.19     -1.21  0.        -680.308       5768.444       7394.703    0.000  -0.138   0.380   0.
  2017 352 12 24 27 504 352.516985006      -0.14      1.24     -1.23  0.        -681.645       5769.252       7394.323    0.000  -0.138   0.380   0.
  2017 352 12 24 28 504 352.516996580      -0.49      1.26     -1.19  0.        -682.982       5770.060       7393.943    0.000  -0.138   0.380   0.
  2017 352 12 24 29 504 352.517008154      -0.69      1.17     -0.87  0.        -684.320       5770.867       7393.562    0.000  -0.138   0.380   0.
  2017 352 12 24 30 504 352.517019728      -0.67      1.32     -0.78  0.        -685.657       5771.674       7393.180    0.000  -0.138   0.380   0.
  2017 352 12 24 31 504 352.517031302      -0.60      1.41     -0.55  0.        -686.994       5772.481       7392.799    0.000  -0.138   0.380   0.
  2017 352 12 24 32 504 352.517042876      -0.53      1.35     -0.64  0.        -688.331       5773.288       7392.416    0.000  -0.138   0.380   0.
  2017 352 12 24 33 504 352.517054450      -0.50      1.30     -0.68  0.        -689.668       5774.094       7392.034    0.000  -0.138   0.380   0.
  2017 352 12 24 34 504 352.517066024      -0.42      1.36     -0.58  0.        -691.005       5774.900       7391.651    0.000  -0.138   0.380   0.
  2017 352 12 24 35 504 352.517077598      -0.45      1.38     -0.49  0.        -692.342       5775.706       7391.268    0.000  -0.138   0.380   0.
  2017 352 12 24 36 504 352.517089172      -0.35      1.32     -0.82  0.        -693.678       5776.511       7390.884    0.000  -0.138   0.380   0.
  2017 352 12 24 37 504 352.517100746      -0.31      1.25     -0.94  0.        -695.015       5777.317       7390.500    0.000  -0.138   0.380   0.
  2017 352 12 24 38 504 352.517112321      -0.21      1.26     -0.98  0.        -696.352       5778.121       7390.116    0.000  -0.138   0.380   0.
  2017 352 12 24 39 504 352.517123895      -0.20      1.21     -0.90  0.        -697.689       5778.926       7389.731    0.000  -0.138   0.380   0.
  2017 352 12 24 40 504 352.517135469      -0.29      1.25     -0.96  0.        -699.026       5779.730       7389.346    0.000  -0.138   0.380   0.
  2017 352 12 24 41 504 352.517147043      -0.52      1.33     -1.07  0.        -700.362       5780.534       7388.960    0.000  -0.138   0.380   0.
  2017 352 12 24 42 504 352.517158617      -0.75      1.34     -1.30  0.        -701.699       5781.338       7388.574    0.000  -0.138   0.380   0.
  2017 352 12 24 43 504 352.517170191      -0.90      1.26     -1.29  0.        -703.035       5782.141       7388.188    0.000  -0.138   0.380   0.
  2017 352 12 24 44 504 352.517181765      -1.00      1.26     -1.17  0.        -704.372       5782.944       7387.801    0.000  -0.138   0.380   0.
  2017 352 12 24 45 504 352.517193339      -1.19      1.10     -1.38  0.        -705.709       5783.747       7387.414    0.000  -0.138   0.380   0.
  2017 352 12 24 46 504 352.517204913      -1.30      1.03     -1.55  0.        -707.045       5784.550       7387.027    0.000  -0.138   0.380   0.
  2017 352 12 24 47 504 352.517216487      -1.29      1.11     -1.13  0.        -708.382       5785.352       7386.639    0.000  -0.138   0.380   0.
  2017 352 12 24 48 504 352.517228061      -1.07      1.12     -1.11  0.        -709.718       5786.154       7386.251    0.000  -0.138   0.380   0.
  2017 352 12 24 49 504 352.517239635      -1.05      1.26     -0.96  0.        -711.054       5786.955       7385.862    0.000  -0.138   0.380   0.
  2017 352 12 24 50 504 352.517251209      -1.09      1.42     -0.90  0.        -712.391       5787.756       7385.473    0.000  -0.138   0.380   0.
  2017 352 12 24 51 504 352.517262784      -1.01      1.44     -1.00  0.        -713.727       5788.558       7385.084    0.000  -0.138   0.380   0.
  2017 352 12 24 52 504 352.517274358      -0.99      1.38     -0.80  0.        -715.063       5789.358       7384.694    0.000  -0.138   0.380   0.
  2017 352 12 24 53 504 352.517285931      -1.04      1.48     -0.43  0.        -716.400       5790.159       7384.304    0.000  -0.138   0.380   0.
  2017 352 12 24 54 504 352.517297503      -1.40      1.58     -0.22  0.        -717.736       5790.959       7383.914    0.000  -0.138   0.380   0.
  2017 352 12 24 55 504 352.517309077      -1.78      1.05      0.12  0.        -719.072       5791.758       7383.523    0.000  -0.138   0.380   0.
  2017 352 12 24 56 504 352.517320651      -1.53      0.90      0.27  0.        -720.408       5792.558       7383.132    0.000  -0.138   0.380   0.
  2017 352 12 24 57 504 352.517332225      -1.38      0.95      0.35  0.        -721.744       5793.357       7382.740    0.000  -0.138   0.380   0.
  2017 352 12 24 58 504 352.517343799      -1.22      1.38      0.37  0.        -723.080       5794.156       7382.348    0.000  -0.138   0.380   0.
  2017 352 12 24 59 504 352.517355373      -1.17      1.33      0.28  0.        -724.416       5794.955       7381.956    0.000  -0.138   0.380   0.
  2017 352 12 25  0 504 352.517366947      -1.13      1.34     -0.26  0.        -725.752       5795.753       7381.563    0.000  -0.138   0.380   0.
  2017 352 12 25  1 504 352.517378521      -1.27      1.53     -0.41  0.        -727.088       5796.551       7381.170    0.000  -0.138   0.380   0.
  2017 352 12 25  2 504 352.517390095      -1.12      1.68     -0.28  0.        -728.424       5797.349       7380.776    0.000  -0.138   0.380   0.
  2017 352 12 25  3 504 352.517401670      -0.85      1.80     -0.68  0.        -729.760       5798.146       7380.383    0.000  -0.138   0.380   0.
  2017 352 12 25  4 504 352.517413244      -1.00      1.92     -0.66  0.        -731.096       5798.943       7379.988    0.000  -0.138   0.380   0.
  2017 352 12 25  5 504 352.517424818      -0.77      2.17     -0.75  0.        -732.432       5799.740       7379.594    0.000  -0.138   0.380   0.
  2017 352 12 25  6 504 352.517436392      -0.73      1.98     -0.74  0.        -733.767       5800.537       7379.199    0.000  -0.138   0.380   0.
  2017 352 12 25  7 504 352.517447966      -0.91      1.60     -0.69  0.        -735.103       5801.333       7378.803    0.000  -0.138   0.380   0.
  2017 352 12 25  8 504 352.517459540      -1.04      1.64     -0.68  0.        -736.439       5802.129       7378.408    0.000  -0.138   0.380   0.
  2017 352 12 25  9 504 352.517471114      -0.81      1.64     -0.44  0.        -737.774       5802.924       7378.011    0.000  -0.138   0.380   0.
  2017 352 12 25 10 504 352.517482688      -0.72      1.58     -0.50  0.        -739.110       5803.720       7377.615    0.000  -0.138   0.380   0.
  2017 352 12 25 11 504 352.517494262      -0.62      1.45     -0.47  0.        -740.446       5804.515       7377.218    0.000  -0.138   0.380   0.
  2017 352 12 25 12 504 352.517505836      -0.45      1.47     -0.60  0.        -741.781       5805.310       7376.821    0.000  -0.138   0.380   0.
  2017 352 12 25 13 504 352.517517410      -0.40      1.45     -0.73  0.        -743.117       5806.104       7376.423    0.000  -0.138   0.380   0.
  2017 352 12 25 14 504 352.517528984      -0.58      1.42     -0.87  0.        -744.452       5806.898       7376.025    0.000  -0.138   0.380   0.
  2017 352 12 25 15 504 352.517540558      -0.55      1.48     -0.71  0.        -745.788       5807.692       7375.626    0.000  -0.138   0.380   0.
  2017 352 12 25 16 504 352.517552133      -0.40      1.48     -0.45  0.        -747.123       5808.486       7375.228    0.000  -0.138   0.380   0.
  2017 352 12 25 17 504 352.517563707      -0.30      1.49     -0.53  0.        -748.458       5809.279       7374.828    0.000  -0.138   0.380   0.
  2017 352 12 25 18 504 352.517575281      -0.39      1.38     -0.76  0.        -749.794       5810.072       7374.429    0.000  -0.138   0.380   0.
  2017 352 12 25 19 504 352.517586855      -0.44      1.44     -0.79  0.        -751.129       5810.864       7374.029    0.000  -0.138   0.380   0.
  2017 352 12 25 20 504 352.517598429      -0.34      1.40     -0.76  0.        -752.464       5811.657       7373.629    0.000  -0.138   0.380   0.
  2017 352 12 25 21 503 352.517610002      -0.19      1.48     -0.71  0.        -753.799       5812.449       7373.228    0.000  -0.138   0.380   0.
  2017 352 12 25 22 503 352.517621574      -0.21      1.35     -0.86  0.        -755.134       5813.241       7372.827    0.000  -0.138   0.380   0.
  2017 352 12 25 23 503 352.517633148      -0.32      1.37     -0.71  0.        -756.470       5814.032       7372.425    0.000  -0.138   0.380   0.
  2017 352 12 25 24 503 352.517644722      -0.42      1.37     -0.67  0.        -757.805       5814.823       7372.024    0.000  -0.138   0.380   0.
  2017 352 12 25 25 503 352.517656296      -0.51      1.30     -0.64  0.        -759.140       5815.614       7371.621    0.000  -0.138   0.380   0.
  2017 352 12 25 26 504 352.517667870      -0.69      1.27     -0.71  0.        -760.475       5816.405       7371.219    0.000  -0.138   0.380   0.
  2017 352 12 25 27 504 352.517679444      -0.88      1.23     -0.79  0.        -761.810       5817.195       7370.816    0.000  -0.138   0.380   0.
  2017 352 12 25 28 503 352.517691018      -0.68      1.16     -0.69  0.        -763.145       5817.985       7370.413    0.000  -0.138   0.380   0.
  2017 352 12 25 29 503 352.517702593      -0.66      1.09     -0.70  0.        -764.479       5818.775       7370.009    0.000  -0.138   0.380   0.
  2017 352 12 25 30 504 352.517714167      -0.55      1.19     -0.81  0.        -765.814       5819.564       7369.605    0.000  -0.138   0.380   0.
  2017 352 12 25 31 504 352.517725741      -0.38      1.29     -0.89  0.        -767.149       5820.353       7369.200    0.000  -0.138   0.380   0.
  2017 352 12 25 32 504 352.517737315      -0.49      1.19     -0.92  0.        -768.484       5821.142       7368.795    0.000  -0.138   0.380   0.
  2017 352 12 25 33 504 352.517748889      -0.34      1.22     -1.00  0.        -769.819       5821.931       7368.390    0.000  -0.138   0.380   0.
  2017 352 12 25 34 504 352.517760463      -0.38      1.09     -1.21  0.        -771.153       5822.719       7367.985    0.000  -0.138   0.380   0.
  2017 352 12 25 35 503 352.517772037      -0.68      1.24     -1.45  0.        -772.488       5823.507       7367.579    0.000  -0.138   0.380   0.
  2017 352 12 25 36 503 352.517783611      -0.59      1.20     -1.18  0.        -773.823       5824.294       7367.172    0.000  -0.138   0.380   0.
  2017 352 12 25 37 503 352.517795185      -0.38      1.19     -1.12  0.        -775.157       5825.081       7366.766    0.000  -0.138   0.380   0.
  2017 352 12 25 38 503 352.517806759      -0.54      1.25     -1.12  0.        -776.492       5825.869       7366.358    0.000  -0.138   0.380   0.
  2017 352 12 25 39 503 352.517818333      -0.72      1.25     -0.97  0.        -777.826       5826.655       7365.951    0.000  -0.138   0.380   0.
  2017 352 12 25 40 504 352.517829907      -0.69      1.36     -1.04  0.        -779.160       5827.442       7365.543    0.000  -0.138   0.380   0.
  2017 352 12 25 41 504 352.517841481      -0.60      1.31     -0.99  0.        -780.495       5828.228       7365.135    0.000  -0.138   0.380   0.
  2017 352 12 25 42 503 352.517853056      -0.56      1.49     -0.83  0.        -781.829       5829.014       7364.726    0.000  -0.138   0.380   0.
  2017 352 12 25 43 503 352.517864630      -0.50      1.47     -0.56  0.        -783.164       5829.799       7364.317    0.000  -0.138   0.380   0.
  2017 352 12 25 44 504 352.517876204      -0.40      1.35     -0.68  0.        -784.498       5830.584       7363.908    0.000  -0.138   0.380   0.
  2017 352 12 25 45 504 352.517887778      -0.41      1.19     -0.82  0.        -785.832       5831.369       7363.498    0.000  -0.138   0.380   0.
  2017 352 12 25 46 504 352.517899352      -0.39      1.21     -0.82  0.        -787.166       5832.154       7363.088    0.000  -0.138   0.380   0.
  2017 352 12 25 47 504 352.517910926      -0.37      1.26     -0.84  0.        -788.501       5832.938       7362.677    0.000  -0.138   0.380   0.
  2017 352 12 25 48 503 352.517922500      -0.29      1.39     -0.68  0.        -789.835       5833.722       7362.267    0.000  -0.138   0.380   0.
  2017 352 12 25 49 503 352.517934074      -0.57      1.34     -0.60  0.        -791.169       5834.506       7361.855    0.000  -0.138   0.380   0.
  2017 352 12 25 50 503 352.517945648      -0.78      1.21     -0.73  0.        -792.503       5835.289       7361.444    0.000  -0.138   0.380   0.
  2017 352 12 25 51 503 352.517957222      -0.49      1.01     -0.78  0.        -793.837       5836.073       7361.032    0.000  -0.138   0.380   0.
  2017 352 12 25 52 503 352.517968793      -0.34      0.98     -0.87  0.        -795.171       5836.855       7360.619    0.000  -0.138   0.380   0.
  2017 352 12 25 53 503 352.517980367      -0.32      1.10     -0.96  0.        -796.505       5837.638       7360.206    0.000  -0.138   0.380   0.
  2017 352 12 25 54 503 352.517991942      -0.35      1.21     -0.96  0.        -797.839       5838.420       7359.793    0.000  -0.138   0.380   0.
  2017 352 12 25 55 503 352.518003516      -0.16      1.37     -0.78  0.        -799.172       5839.202       7359.380    0.000  -0.138   0.380   0.
  2017 352 12 25 56 503 352.518015090      -0.61      1.25     -0.87  0.        -800.506       5839.984       7358.966    0.000  -0.138   0.380   0.
  2017 352 12 25 57 503 352.518026664      -1.02      1.15     -0.54  0.        -801.840       5840.765       7358.552    0.000  -0.138   0.380   0.
  2017 352 12 25 58 503 352.518038238      -0.93      1.39     -0.40  0.        -803.174       5841.546       7358.137    0.000  -0.138   0.380   0.
  2017 352 12 25 59 503 352.518049812      -1.13      1.17     -0.23  0.        -804.507       5842.327       7357.722    0.000  -0.138   0.380   0.
  2017 352 12 26  0 503 352.518061386      -0.84      1.17     -0.66  0.        -805.841       5843.107       7357.306    0.000  -0.138   0.380   0.
  2017 352 12 26  1 503 352.518072960      -0.37      1.62     -0.93  0.        -807.174       5843.888       7356.891    0.000  -0.138   0.380   0.
  2017 352 12 26  2 503 352.518084534      -0.03      1.66     -0.95  0.        -808.508       5844.667       7356.474    0.000  -0.138   0.380   0.
  2017 352 12 26  3 503 352.518096108      -0.18      1.22     -0.92  0.        -809.842       5845.447       7356.058    0.000  -0.138   0.380   0.
  2017 352 12 26  4 503 352.518107682      -0.43      0.87     -0.75  0.        -811.175       5846.226       7355.641    0.000  -0.138   0.380   0.
  2017 352 12 26  5 503 352.518119256      -0.51      0.83     -0.93  0.        -812.509       5847.005       7355.224    0.000  -0.138   0.380   0.
  2017 352 12 26  6 503 352.518130830      -0.72      0.74     -1.05  0.        -813.842       5847.784       7354.806    0.000  -0.138   0.380   0.
  2017 352 12 26  7 503 352.518142405      -0.82      0.82     -1.07  0.        -815.175       5848.562       7354.388    0.000  -0.138   0.380   0.
  2017 352 12 26  8 503 352.518153979      -0.89      0.97     -1.16  0.        -816.509       5849.340       7353.970    0.000  -0.138   0.380   0.
  2017 352 12 26  9 503 352.518165553      -0.73      1.25     -1.37  0.        -817.842       5850.118       7353.551    0.000  -0.138   0.380   0.
  2017 352 12 26 10 503 352.518177127      -0.55      1.44     -1.23  0.        -819.175       5850.896       7353.132    0.000  -0.138   0.380   0.
  2017 352 12 26 11 503 352.518188701      -0.43      1.23     -1.29  0.        -820.508       5851.673       7352.713    0.000  -0.138   0.380   0.
  2017 352 12 26 12 503 352.518200275      -0.51      1.15     -1.37  0.        -821.841       5852.450       7352.293    0.000  -0.138   0.380   0.
  2017 352 12 26 13 503 352.518211849      -0.43      1.06     -1.28  0.        -823.174       5853.226       7351.872    0.000  -0.138   0.380   0.
  2017 352 12 26 14 503 352.518223423      -0.33      0.99     -1.11  0.        -824.507       5854.003       7351.452    0.000  -0.138   0.380   0.
  2017 352 12 26 15 503 352.518234997      -0.29      1.13     -1.05  0.        -825.841       5854.778       7351.031    0.000  -0.138   0.380   0.
  2017 352 12 26 16 503 352.518246571      -0.52      1.26     -1.14  0.        -827.173       5855.554       7350.609    0.000  -0.138   0.380   0.
  2017 352 12 26 17 503 352.518258145      -0.69      1.37     -0.83  0.        -828.506       5856.330       7350.187    0.000  -0.138   0.380   0.
  2017 352 12 26 18 503 352.518269719      -0.99      1.57     -0.69  0.        -829.839       5857.105       7349.765    0.000  -0.138   0.380   0.
  2017 352 12 26 19 503 352.518281293      -1.36      1.88     -0.68  0.        -831.172       5857.879       7349.343    0.000  -0.138   0.380   0.
  2017 352 12 26 20 503 352.518292867      -2.06      1.98     -0.48  0.        -832.505       5858.654       7348.920    0.000  -0.138   0.380   0.
  2017 352 12 26 21 503 352.518304442      -2.55      1.50     -0.03  0.        -833.838       5859.428       7348.497    0.000  -0.138   0.380   0.
  2017 352 12 26 22 503 352.518316013      -2.76      0.97      0.36  0.        -835.170       5860.202       7348.073    0.000  -0.138   0.380   0.
  2017 352 12 26 23 503 352.518327587      -2.64      1.16      0.62  0.        -836.503       5860.976       7347.649    0.000  -0.138   0.380   0.
  2017 352 12 26 24 503 352.518339161      -1.51      2.46      0.35  0.        -837.836       5861.749       7347.225    0.000  -0.138   0.380   0.
  2017 352 12 26 25 503 352.518350735      -1.07      2.87     -0.14  0.        -839.168       5862.522       7346.800    0.000  -0.138   0.380   0.
  2017 352 12 26 26 503 352.518362309      -1.48      2.12     -0.60  0.        -840.501       5863.295       7346.375    0.000  -0.138   0.380   0.
  2017 352 12 26 27 503 352.518373883      -1.22      1.64     -0.74  0.        -841.833       5864.067       7345.949    0.000  -0.138   0.380   0.
  2017 352 12 26 28 503 352.518385457      -0.88      1.22     -0.83  0.        -843.166       5864.839       7345.523    0.000  -0.138   0.380   0.
  2017 352 12 26 29 503 352.518397031      -0.63      1.08     -0.83  0.        -844.498       5865.611       7345.097    0.000  -0.138   0.380   0.
  2017 352 12 26 30 503 352.518408605      -0.54      0.92     -1.24  0.        -845.831       5866.382       7344.670    0.000  -0.138   0.380   0.
  2017 352 12 26 31 503 352.518420179      -0.74      0.74     -1.31  0.        -847.163       5867.154       7344.243    0.000  -0.138   0.380   0.
  2017 352 12 26 32 503 352.518431754      -1.12      0.82     -1.27  0.        -848.495       5867.925       7343.816    0.000  -0.138   0.380   0.
  2017 352 12 26 33 503 352.518443328      -1.20      1.05     -1.01  0.        -849.827       5868.695       7343.388    0.000  -0.138   0.380   0.
  2017 352 12 26 34 503 352.518454902      -0.81      1.13     -0.42  0.        -851.160       5869.465       7342.960    0.000  -0.138   0.380   0.
  2017 352 12 26 35 503 352.518466476      -0.73      1.03     -0.23  0.        -852.492       5870.235       7342.532    0.000  -0.138   0.380   0.
  2017 352 12 26 36 503 352.518478050      -0.57      0.89     -0.24  0.        -853.824       5871.005       7342.103    0.000  -0.138   0.380   0.
  2017 352 12 26 37 503 352.518489624      -0.55      1.01     -0.34  0.        -855.156       5871.775       7341.673    0.000  -0.138   0.380   0.
  2017 352 12 26 38 503 352.518501198      -0.40      1.16     -0.52  0.        -856.488       5872.544       7341.244    0.000  -0.138   0.380   0.
  2017 352 12 26 39 503 352.518512772      -0.63      1.39     -0.69  0.        -857.820       5873.313       7340.814    0.000  -0.138   0.380   0.
  2017 352 12 26 40 503 352.518524346      -1.49      1.93     -0.83  0.        -859.152       5874.081       7340.383    0.000  -0.138   0.380   0.
  2017 352 12 26 41 503 352.518535920      -2.50      2.46     -0.79  0.        -860.484       5874.849       7339.953    0.000  -0.138   0.380   0.
  2017 352 12 26 42 503 352.518547494      -2.95      3.10     -1.05  0.        -861.816       5875.617       7339.521    0.000  -0.138   0.380   0.
  2017 352 12 26 43 503 352.518559068      -2.44      2.68     -0.55  0.        -863.147       5876.385       7339.090    0.000  -0.138   0.380   0.
  2017 352 12 26 44 503 352.518570642      -1.52      2.11     -0.59  0.        -864.479       5877.152       7338.658    0.000  -0.138   0.380   0.
  2017 352 12 26 45 503 352.518582216      -1.25      2.34     -0.81  0.        -865.811       5877.919       7338.226    0.000  -0.138   0.380   0.
  2017 352 12 26 46 503 352.518593791      -1.22      1.83     -0.79  0.        -867.143       5878.686       7337.793    0.000  -0.138   0.380   0.
  2017 352 12 26 47 503 352.518605365      -1.16      1.49     -0.90  0.        -868.474       5879.452       7337.360    0.000  -0.138   0.380   0.
  2017 352 12 26 48 503 352.518616939      -1.09      1.29     -0.92  0.        -869.806       5880.218       7336.927    0.000  -0.138   0.380   0.
  2017 352 12 26 49 503 352.518628513      -1.19      1.33     -0.82  0.        -871.137       5880.984       7336.493    0.000  -0.138   0.380   0.
  2017 352 12 26 50 503 352.518640087      -1.35      1.43     -0.64  0.        -872.469       5881.750       7336.059    0.000  -0.138   0.380   0.
  2017 352 12 26 51 503 352.518651661      -1.48      1.38     -0.57  0.        -873.800       5882.515       7335.624    0.000  -0.138   0.380   0.
  2017 352 12 26 52 503 352.518663235      -1.54      1.49     -0.73  0.        -875.132       5883.280       7335.190    0.000  -0.138   0.380   0.
  2017 352 12 26 53 503 352.518674809      -1.74      1.32     -0.36  0.        -876.463       5884.045       7334.754    0.000  -0.138   0.380   0.
  2017 352 12 26 54 503 352.518686380      -1.39      1.41     -0.28  0.        -877.794       5884.809       7334.319    0.000  -0.138   0.380   0.
  2017 352 12 26 55 503 352.518697954      -1.04      1.50     -0.52  0.        -879.126       5885.573       7333.883    0.000  -0.138   0.380   0.
  2017 352 12 26 56 503 352.518709528      -0.84      1.52     -0.69  0.        -880.457       5886.337       7333.446    0.000  -0.138   0.380   0.
  2017 352 12 26 57 503 352.518721102      -0.68      1.41     -0.85  0.        -881.788       5887.100       7333.010    0.000  -0.138   0.380   0.
  2017 352 12 26 58 503 352.518732677      -0.50      1.25     -0.60  0.        -883.119       5887.863       7332.573    0.000  -0.138   0.380   0.
  2017 352 12 26 59 503 352.518744251      -0.34      1.10     -1.01  0.        -884.450       5888.626       7332.135    0.000  -0.138   0.380   0.
  2017 352 12 27  0 503 352.518755825      -0.84      1.05     -1.08  0.        -885.781       5889.389       7331.697    0.000  -0.138   0.380   0.
  2017 352 12 27  1 503 352.518767399      -0.81      0.93     -1.12  0.        -887.112       5890.151       7331.259    0.000  -0.138   0.380   0.
  2017 352 12 27  2 503 352.518778973      -0.55      0.94     -1.22  0.        -888.443       5890.913       7330.820    0.000  -0.138   0.380   0.
  2017 352 12 27  3 503 352.518790547      -0.15      0.96     -1.12  0.        -889.774       5891.675       7330.381    0.000  -0.138   0.380   0.
  2017 352 12 27  4 503 352.518802121       0.20      0.94     -1.09  0.        -891.105       5892.436       7329.942    0.000  -0.138   0.380   0.
  2017 352 12 27  5 503 352.518813695       0.12      0.79     -1.24  0.        -892.436       5893.197       7329.502    0.000  -0.138   0.380   0.
  2017 352 12 27  6 503 352.518825269      -0.08      0.81     -1.35  0.        -893.767       5893.958       7329.062    0.000  -0.138   0.380   0.
  2017 352 12 27  7 503 352.518836843      -0.26      0.92     -1.32  0.        -895.097       5894.718       7328.622    0.000  -0.138   0.380   0.
  2017 352 12 27  8 503 352.518848417      -0.36      1.01     -1.40  0.        -896.428       5895.479       7328.181    0.000  -0.138   0.380   0.
  2017 352 12 27  9 503 352.518859991      -0.34      1.12     -1.35  0.        -897.759       5896.238       7327.740    0.000  -0.138   0.380   0.
  2017 352 12 27 10 503 352.518871565      -0.36      1.06     -1.30  0.        -899.089       5896.998       7327.298    0.000  -0.138   0.380   0.
  2017 352 12 27 11 503 352.518883139      -0.42      1.00     -1.28  0.        -900.420       5897.757       7326.856    0.000  -0.138   0.380   0.
  2017 352 12 27 12 503 352.518894714      -0.42      1.05     -1.24  0.        -901.751       5898.516       7326.414    0.000  -0.138   0.380   0.
  2017 352 12 27 13 503 352.518906288      -0.45      1.12     -1.00  0.        -903.081       5899.275       7325.971    0.000  -0.138   0.380   0.
  2017 352 12 27 14 503 352.518917862      -0.36      1.15     -0.91  0.        -904.411       5900.033       7325.528    0.000  -0.138   0.380   0.
  2017 352 12 27 15 503 352.518929436      -0.40      1.09     -0.90  0.        -905.742       5900.791       7325.085    0.000  -0.138   0.380   0.
  2017 352 12 27 16 503 352.518941010      -0.38      1.07     -0.93  0.        -907.072       5901.549       7324.641    0.000  -0.138   0.380   0.
  2017 352 12 27 17 503 352.518952584      -0.34      1.06     -0.94  0.        -908.402       5902.306       7324.197    0.000  -0.138   0.380   0.
  2017 352 12 27 18 503 352.518964158      -0.23      1.11     -0.94  0.        -909.733       5903.064       7323.752    0.000  -0.138   0.380   0.
  2017 352 12 27 19 503 352.518975732      -0.19      0.99     -0.98  0.        -911.063       5903.820       7323.307    0.000  -0.138   0.380   0.
  2017 352 12 27 20 503 352.518987306      -0.32      0.95     -0.95  0.        -912.393       5904.577       7322.862    0.000  -0.138   0.380   0.
  2017 352 12 27 21 503 352.518998880      -0.34      1.07     -0.74  0.        -913.723       5905.333       7322.416    0.000  -0.138   0.380   0.
  2017 352 12 27 22 503 352.519010454      -0.19      1.15     -0.46  0.        -915.053       5906.089       7321.970    0.000  -0.138   0.380   0.
  2017 352 12 27 23 503 352.519022028      -0.06      1.33     -0.52  0.        -916.383       5906.845       7321.524    0.000  -0.138   0.380   0.
  2017 352 12 27 24 502 352.519033600      -0.13      1.35     -0.75  0.        -917.713       5907.600       7321.077    0.000  -0.138   0.380   0.
  2017 352 12 27 25 502 352.519045174      -0.13      1.38     -0.95  0.        -919.043       5908.355       7320.630    0.000  -0.138   0.380   0.
  2017 352 12 27 26 503 352.519056748      -0.13      1.35     -0.87  0.        -920.373       5909.110       7320.182    0.000  -0.138   0.380   0.
  2017 352 12 27 27 503 352.519068322      -0.30      1.28     -0.80  0.        -921.703       5909.865       7319.735    0.000  -0.138   0.380   0.
  2017 352 12 27 28 503 352.519079896      -0.61      1.15     -1.00  0.        -923.032       5910.619       7319.286    0.000  -0.138   0.380   0.
  2017 352 12 27 29 503 352.519091470      -0.81      1.25     -0.89  0.        -924.362       5911.373       7318.838    0.000  -0.138   0.380   0.
  2017 352 12 27 30 503 352.519103044      -0.83      1.15     -0.84  0.        -925.692       5912.126       7318.389    0.000  -0.138   0.380   0.
  2017 352 12 27 31 502 352.519114618      -0.51      1.16     -0.74  0.        -927.021       5912.879       7317.939    0.000  -0.138   0.380   0.
  2017 352 12 27 32 502 352.519126192      -0.40      1.35     -0.73  0.        -928.351       5913.632       7317.490    0.000  -0.138   0.380   0.
  2017 352 12 27 33 502 352.519137766      -0.39      1.19     -0.71  0.        -929.680       5914.385       7317.039    0.000  -0.138   0.380   0.
  2017 352 12 27 34 502 352.519149340      -0.40      1.11     -0.72  0.        -931.010       5915.138       7316.589    0.000  -0.138   0.380   0.
  2017 352 12 27 35 503 352.519160914      -0.54      1.08     -0.65  0.        -932.339       5915.890       7316.138    0.000  -0.138   0.380   0.
  2017 352 12 27 36 503 352.519172488      -0.41      1.21     -0.58  0.        -933.669       5916.641       7315.687    0.000  -0.138   0.380   0.
  2017 352 12 27 37 503 352.519184063      -0.30      1.26     -0.64  0.        -934.998       5917.393       7315.235    0.000  -0.138   0.380   0.
  2017 352 12 27 38 502 352.519195637      -0.42      1.33     -0.65  0.        -936.327       5918.144       7314.783    0.000  -0.138   0.380   0.
  2017 352 12 27 39 503 352.519207211      -0.46      1.41     -0.70  0.        -937.657       5918.895       7314.331    0.000  -0.138   0.380   0.
  2017 352 12 27 40 503 352.519218785      -0.12      1.40     -0.89  0.        -938.986       5919.645       7313.878    0.000  -0.138   0.380   0.
  2017 352 12 27 41 503 352.519230359      -0.41      1.43     -1.40  0.        -940.315       5920.396       7313.425    0.000  -0.138   0.380   0.
  2017 352 12 27 42 503 352.519241933      -0.89      1.39     -1.40  0.        -941.644       5921.146       7312.972    0.000  -0.138   0.380   0.
  2017 352 12 27 43 503 352.519253507      -0.99      1.37     -0.75  0.        -942.973       5921.895       7312.518    0.000  -0.138   0.380   0.
  2017 352 12 27 44 502 352.519265081      -0.86      1.26     -0.59  0.        -944.302       5922.645       7312.064    0.000  -0.138   0.380   0.
  2017 352 12 27 45 502 352.519276655      -0.69      1.25     -0.84  0.        -945.631       5923.394       7311.609    0.000  -0.138   0.380   0.
  2017 352 12 27 46 502 352.519288229      -0.67      1.14     -1.15  0.        -946.960       5924.143       7311.154    0.000  -0.138   0.380   0.
  2017 352 12 27 47 502 352.519299803      -0.51      1.11     -1.11  0.        -948.289       5924.891       7310.699    0.000  -0.138   0.380   0.
  2017 352 12 27 48 502 352.519311377      -0.39      1.05     -1.01  0.        -949.618       5925.639       7310.243    0.000  -0.138   0.380   0.
  2017 352 12 27 49 503 352.519322951      -0.39      0.99     -0.99  0.        -950.946       5926.387       7309.787    0.000  -0.138   0.380   0.
  2017 352 12 27 50 503 352.519334525      -0.32      1.08     -0.93  0.        -952.275       5927.135       7309.331    0.000  -0.138   0.380   0.
  2017 352 12 27 51 502 352.519346100      -0.29      1.16     -0.96  0.        -953.604       5927.882       7308.874    0.000  -0.138   0.380   0.
  2017 352 12 27 52 502 352.519357674      -0.31      1.07     -1.04  0.        -954.933       5928.629       7308.417    0.000  -0.138   0.380   0.
  2017 352 12 27 53 503 352.519369248      -0.38      1.05     -1.02  0.        -956.261       5929.376       7307.959    0.000  -0.138   0.380   0.
  2017 352 12 27 54 502 352.519380819      -0.23      1.11     -1.06  0.        -957.590       5930.122       7307.501    0.000  -0.138   0.380   0.
  2017 352 12 27 55 502 352.519392393      -0.69      1.23     -1.58  0.        -958.918       5930.868       7307.043    0.000  -0.138   0.380   0.
  2017 352 12 27 56 502 352.519403967      -0.95      1.13     -0.78  0.        -960.246       5931.614       7306.584    0.000  -0.138   0.380   0.
  2017 352 12 27 57 502 352.519415541      -0.63      1.08     -0.76  0.        -961.575       5932.359       7306.125    0.000  -0.138   0.380   0.
  2017 352 12 27 58 502 352.519427115      -0.60      1.16     -0.69  0.        -962.903       5933.105       7305.666    0.000  -0.138   0.380   0.
  2017 352 12 27 59 502 352.519438689      -0.37      1.22     -0.76  0.        -964.231       5933.850       7305.206    0.000  -0.138   0.380   0.
  2017 352 12 28  0 502 352.519450263      -0.63      1.18     -0.79  0.        -965.560       5934.594       7304.746    0.000  -0.138   0.380   0.
  2017 352 12 28  1 502 352.519461837      -0.74      1.35     -0.74  0.        -966.888       5935.338       7304.286    0.000  -0.138   0.380   0.
  2017 352 12 28  2 502 352.519473411      -0.79      1.35     -0.80  0.        -968.216       5936.082       7303.825    0.000  -0.138   0.380   0.
  2017 352 12 28  3 502 352.519484986      -0.42      1.24     -0.77  0.        -969.544       5936.826       7303.364    0.000  -0.138   0.380   0.
  2017 352 12 28  4 502 352.519496560      -0.38      1.29     -0.66  0.        -970.872       5937.569       7302.902    0.000  -0.138   0.380   0.
  2017 352 12 28  5 502 352.519508134      -0.47      1.31     -0.63  0.        -972.200       5938.313       7302.440    0.000  -0.138   0.380   0.
  2017 352 12 28  6 502 352.519519708      -0.31      1.28     -0.67  0.        -973.528       5939.055       7301.978    0.000  -0.138   0.380   0.
  2017 352 12 28  7 502 352.519531282      -0.17      1.29     -0.57  0.        -974.856       5939.798       7301.515    0.000  -0.138   0.380   0.
  2017 352 12 28  8 502 352.519542856      -0.27      1.23     -0.50  0.        -976.184       5940.540       7301.052    0.000  -0.138   0.380   0.
  2017 352 12 28  9 502 352.519554430      -0.36      1.24     -0.61  0.        -977.512       5941.282       7300.588    0.000  -0.138   0.380   0.
  2017 352 12 28 10 502 352.519566004      -0.47      1.34     -0.52  0.        -978.840       5942.024       7300.125    0.000  -0.138   0.380   0.
  2017 352 12 28 11 502 352.519577578      -0.59      1.33     -0.48  0.        -980.167       5942.765       7299.660    0.000  -0.138   0.380   0.
  2017 352 12 28 12 502 352.519589152      -0.51      1.33     -0.58  0.        -981.495       5943.506       7299.196    0.000  -0.138   0.380   0.
  2017 352 12 28 13 502 352.519600726      -0.46      1.35     -0.53  0.        -982.822       5944.247       7298.731    0.000  -0.138   0.380   0.
  2017 352 12 28 14 502 352.519612300      -0.53      1.46     -0.49  0.        -984.150       5944.987       7298.266    0.000  -0.138   0.380   0.
  2017 352 12 28 15 502 352.519623874      -0.75      1.44     -0.63  0.        -985.477       5945.727       7297.800    0.000  -0.138   0.380   0.
  2017 352 12 28 16 502 352.519635448      -0.91      1.32     -0.67  0.        -986.805       5946.467       7297.334    0.000  -0.138   0.380   0.
  2017 352 12 28 17 502 352.519647023      -1.09      1.35     -0.67  0.        -988.132       5947.206       7296.868    0.000  -0.138   0.380   0.
  2017 352 12 28 18 502 352.519658597      -1.03      1.45     -0.41  0.        -989.460       5947.945       7296.401    0.000  -0.138   0.380   0.
  2017 352 12 28 19 502 352.519670171      -0.88      1.45     -0.41  0.        -990.787       5948.684       7295.934    0.000  -0.138   0.380   0.
  2017 352 12 28 20 502 352.519681745      -0.81      1.32     -0.40  0.        -992.114       5949.423       7295.466    0.000  -0.138   0.380   0.
  2017 352 12 28 21 502 352.519693319      -0.94      1.30     -0.45  0.        -993.441       5950.161       7294.998    0.000  -0.138   0.380   0.
  2017 352 12 28 22 502 352.519704893      -1.19      1.30     -0.46  0.        -994.768       5950.899       7294.530    0.000  -0.138   0.380   0.
  2017 352 12 28 23 502 352.519716467      -1.05      1.45     -0.53  0.        -996.096       5951.637       7294.062    0.000  -0.138   0.380   0.
  2017 352 12 28 24 502 352.519728038      -0.67      1.24     -0.65  0.        -997.423       5952.374       7293.593    0.000  -0.138   0.380   0.
  2017 352 12 28 25 502 352.519739612      -0.64      1.29     -0.65  0.        -998.750       5953.111       7293.123    0.000  -0.138   0.380   0.
  2017 352 12 28 26 502 352.519751186      -0.75      1.36     -0.75  0.       -1000.077       5953.848       7292.654    0.000  -0.138   0.380   0.
  2017 352 12 28 27 502 352.519762760      -0.76      1.27     -0.62  0.       -1001.403       5954.584       7292.184    0.000  -0.138   0.380   0.
  2017 352 12 28 28 502 352.519774335      -0.76      1.19     -0.67  0.       -1002.730       5955.320       7291.713    0.000  -0.138   0.380   0.
  2017 352 12 28 29 502 352.519785909      -0.65      1.14     -0.89  0.       -1004.057       5956.057       7291.242    0.000  -0.138   0.380   0.
  2017 352 12 28 30 502 352.519797483      -0.48      1.15     -1.13  0.       -1005.384       5956.793       7290.771    0.000  -0.138   0.380   0.
  2017 352 12 28 31 502 352.519809057      -0.46      1.12     -1.24  0.       -1006.711       5957.528       7290.300    0.000  -0.138   0.380   0.
  2017 352 12 28 32 502 352.519820631      -0.42      1.11     -1.38  0.       -1008.037       5958.263       7289.828    0.000  -0.138   0.380   0.
  2017 352 12 28 33 502 352.519832205      -0.44      1.04     -1.40  0.       -1009.364       5958.997       7289.355    0.000  -0.138   0.380   0.
  2017 352 12 28 34 502 352.519843779      -0.66      1.11     -1.53  0.       -1010.690       5959.732       7288.883    0.000  -0.138   0.380   0.
  2017 352 12 28 35 502 352.519855353      -0.73      0.99     -1.10  0.       -1012.017       5960.466       7288.410    0.000  -0.138   0.380   0.
  2017 352 12 28 36 502 352.519866927      -0.39      1.05     -1.13  0.       -1013.343       5961.200       7287.936    0.000  -0.138   0.380   0.
  2017 352 12 28 37 502 352.519878501      -0.44      1.32     -1.37  0.       -1014.670       5961.933       7287.463    0.000  -0.138   0.380   0.
  2017 352 12 28 38 502 352.519890075      -0.42      1.34     -1.15  0.       -1015.996       5962.666       7286.989    0.000  -0.138   0.380   0.
  2017 352 12 28 39 502 352.519901649      -0.39      1.30     -0.98  0.       -1017.322       5963.399       7286.514    0.000  -0.138   0.380   0.
  2017 352 12 28 40 502 352.519913223      -0.46      1.22     -0.89  0.       -1018.649       5964.132       7286.039    0.000  -0.138   0.380   0.
  2017 352 12 28 41 502 352.519924797      -0.47      1.29     -0.86  0.       -1019.975       5964.864       7285.564    0.000  -0.138   0.380   0.
  2017 352 12 28 42 502 352.519936372      -0.64      1.30     -0.87  0.       -1021.301       5965.596       7285.088    0.000  -0.138   0.380   0.
  2017 352 12 28 43 502 352.519947946      -0.65      1.30     -0.84  0.       -1022.627       5966.328       7284.612    0.000  -0.138   0.380   0.
  2017 352 12 28 44 502 352.519959520      -0.58      1.35     -0.92  0.       -1023.953       5967.059       7284.136    0.000  -0.138   0.380   0.
  2017 352 12 28 45 502 352.519971094      -0.47      1.40     -0.96  0.       -1025.279       5967.790       7283.659    0.000  -0.138   0.380   0.
  2017 352 12 28 46 502 352.519982668      -0.38      1.28     -0.85  0.       -1026.605       5968.521       7283.182    0.000  -0.138   0.380   0.
  2017 352 12 28 47 502 352.519994242      -0.48      1.20     -0.74  0.       -1027.931       5969.251       7282.705    0.000  -0.138   0.380   0.
  2017 352 12 28 48 502 352.520005816      -0.40      1.21     -0.55  0.       -1029.256       5969.982       7282.227    0.000  -0.138   0.380   0.
  2017 352 12 28 49 502 352.520017390      -0.49      1.20     -0.70  0.       -1030.582       5970.712       7281.749    0.000  -0.138   0.380   0.
  2017 352 12 28 50 502 352.520028964      -0.75      1.23     -0.82  0.       -1031.908       5971.441       7281.270    0.000  -0.138   0.380   0.
  2017 352 12 28 51 502 352.520040538      -0.80      1.23     -0.82  0.       -1033.234       5972.170       7280.792    0.000  -0.138   0.380   0.
  2017 352 12 28 52 502 352.520052109      -0.74      1.27     -0.83  0.       -1034.559       5972.899       7280.313    0.000  -0.138   0.380   0.
  2017 352 12 28 53 502 352.520063683      -0.71      1.37     -0.85  0.       -1035.885       5973.628       7279.832    0.000  -0.138   0.380   0.
  2017 352 12 28 54 502 352.520075258      -1.00      1.35     -0.81  0.       -1037.210       5974.356       7279.352    0.000  -0.138   0.380   0.
  2017 352 12 28 55 502 352.520086832      -0.82      1.39     -0.51  0.       -1038.536       5975.085       7278.873    0.000  -0.138   0.380   0.
  2017 352 12 28 56 502 352.520098406      -0.57      1.34     -0.57  0.       -1039.861       5975.812       7278.392    0.000  -0.138   0.380   0.
  2017 352 12 28 57 502 352.520109980      -0.16      1.59     -0.57  0.       -1041.187       5976.540       7277.911    0.000  -0.138   0.380   0.
  2017 352 12 28 58 502 352.520121554      -0.01      1.51     -0.70  0.       -1042.512       5977.267       7277.429    0.000  -0.138   0.380   0.
  2017 352 12 28 59 502 352.520133128      -0.29      1.38     -0.85  0.       -1043.837       5977.994       7276.947    0.000  -0.138   0.380   0.
  2017 352 12 29  0 502 352.520144702      -0.31      1.28     -0.77  0.       -1045.162       5978.720       7276.465    0.000  -0.138   0.380   0.
  2017 352 12 29  1 502 352.520156276      -0.22      1.30     -0.61  0.       -1046.487       5979.447       7275.983    0.000  -0.138   0.380   0.
  2017 352 12 29  2 502 352.520167850      -0.45      1.16     -0.61  0.       -1047.812       5980.173       7275.500    0.000  -0.138   0.380   0.
  2017 352 12 29  3 502 352.520179424      -0.34      1.22     -0.61  0.       -1049.138       5980.898       7275.016    0.000  -0.138   0.380   0.
  2017 352 12 29  4 502 352.520190998      -0.47      1.43     -0.58  0.       -1050.462       5981.624       7274.533    0.000  -0.138   0.380   0.
  2017 352 12 29  5 502 352.520202572      -0.66      1.35     -0.58  0.       -1051.787       5982.349       7274.049    0.000  -0.138   0.380   0.
  2017 352 12 29  6 502 352.520214146      -1.04      1.60     -0.46  0.       -1053.112       5983.074       7273.564    0.000  -0.138   0.380   0.
  2017 352 12 29  7 502 352.520225721      -1.07      1.93     -0.14  0.       -1054.437       5983.798       7273.080    0.000  -0.138   0.380   0.
  2017 352 12 29  8 502 352.520237295      -0.98      1.89     -0.06  0.       -1055.762       5984.522       7272.594    0.000  -0.138   0.380   0.
  2017 352 12 29  9 502 352.520248869      -0.74      1.87     -0.01  0.       -1057.087       5985.246       7272.109    0.000  -0.138   0.380   0.
  2017 352 12 29 10 502 352.520260443      -0.84      1.73     -0.14  0.       -1058.411       5985.970       7271.623    0.000  -0.138   0.380   0.
  2017 352 12 29 11 502 352.520272017      -0.97      2.04     -0.16  0.       -1059.736       5986.693       7271.137    0.000  -0.138   0.380   0.
  2017 352 12 29 12 502 352.520283591      -0.53      2.18     -0.18  0.       -1061.060       5987.416       7270.650    0.000  -0.138   0.380   0.
  2017 352 12 29 13 502 352.520295165      -0.15      1.98     -0.31  0.       -1062.385       5988.139       7270.163    0.000  -0.138   0.380   0.
  2017 352 12 29 14 502 352.520306739      -0.21      1.69     -0.50  0.       -1063.709       5988.861       7269.676    0.000  -0.138   0.380   0.
  2017 352 12 29 15 502 352.520318313      -0.35      1.54     -0.54  0.       -1065.034       5989.583       7269.188    0.000  -0.138   0.380   0.
  2017 352 12 29 16 502 352.520329887      -0.65      1.55     -0.71  0.       -1066.358       5990.305       7268.700    0.000  -0.138   0.380   0.
  2017 352 12 29 17 502 352.520341461      -0.66      1.40     -0.84  0.       -1067.682       5991.026       7268.212    0.000  -0.138   0.380   0.
  2017 352 12 29 18 502 352.520353035      -0.46      1.28     -0.82  0.       -1069.007       5991.747       7267.723    0.000  -0.138   0.380   0.
  2017 352 12 29 19 502 352.520364609      -0.36      1.23     -0.61  0.       -1070.331       5992.468       7267.234    0.000  -0.138   0.380   0.
  2017 352 12 29 20 502 352.520376183      -0.71      1.05     -1.01  0.       -1071.655       5993.189       7266.744    0.000  -0.138   0.380   0.
  2017 352 12 29 21 501 352.520387757      -0.84      0.98     -0.71  0.       -1072.979       5993.909       7266.255    0.000  -0.138   0.380   0.
  2017 352 12 29 22 502 352.520399329      -0.75      0.92     -0.92  0.       -1074.303       5994.629       7265.764    0.000  -0.138   0.380   0.
  2017 352 12 29 23 502 352.520410903      -1.02      0.94     -0.81  0.       -1075.627       5995.349       7265.274    0.000  -0.138   0.380   0.
  2017 352 12 29 24 502 352.520422477      -0.96      1.03     -0.69  0.       -1076.951       5996.068       7264.783    0.000  -0.138   0.380   0.
  2017 352 12 29 25 502 352.520434051      -0.65      1.19     -0.87  0.       -1078.275       5996.787       7264.291    0.000  -0.138   0.380   0.
  2017 352 12 29 26 501 352.520445625      -0.46      1.39     -0.81  0.       -1079.599       5997.506       7263.800    0.000  -0.138   0.380   0.
  2017 352 12 29 27 501 352.520457199      -0.47      1.44     -0.69  0.       -1080.922       5998.224       7263.308    0.000  -0.138   0.380   0.
  2017 352 12 29 28 501 352.520468773      -0.46      1.39     -0.72  0.       -1082.246       5998.942       7262.815    0.000  -0.138   0.380   0.
  2017 352 12 29 29 501 352.520480347      -0.67      1.39     -0.58  0.       -1083.570       5999.660       7262.322    0.000  -0.138   0.380   0.
  2017 352 12 29 30 501 352.520491921      -0.70      1.23     -0.61  0.       -1084.893       6000.378       7261.829    0.000  -0.138   0.380   0.
  2017 352 12 29 31 502 352.520503495      -0.68      1.28     -0.80  0.       -1086.217       6001.095       7261.336    0.000  -0.138   0.380   0.
  2017 352 12 29 32 502 352.520515069      -0.59      1.27     -0.85  0.       -1087.540       6001.812       7260.842    0.000  -0.138   0.380   0.
  2017 352 12 29 33 501 352.520526643      -0.56      1.27     -0.82  0.       -1088.864       6002.529       7260.348    0.000  -0.138   0.380   0.
  2017 352 12 29 34 501 352.520538218      -0.17      1.20     -0.67  0.       -1090.187       6003.245       7259.853    0.000  -0.138   0.380   0.
  2017 352 12 29 35 502 352.520549792       0.07      1.15     -0.60  0.       -1091.510       6003.961       7259.358    0.000  -0.138   0.380   0.
  2017 352 12 29 36 502 352.520561366       0.24      1.20     -0.60  0.       -1092.834       6004.677       7258.863    0.000  -0.138   0.380   0.
  2017 352 12 29 37 502 352.520572940       0.21      1.11     -0.62  0.       -1094.157       6005.392       7258.367    0.000  -0.138   0.380   0.
  2017 352 12 29 38 502 352.520584514       0.29      1.06     -0.69  0.       -1095.480       6006.107       7257.871    0.000  -0.138   0.380   0.
  2017 352 12 29 39 502 352.520596088       0.32      1.13     -0.82  0.       -1096.803       6006.822       7257.374    0.000  -0.138   0.380   0.
  2017 352 12 29 40 501 352.520607662       0.15      1.20     -0.95  0.       -1098.126       6007.537       7256.878    0.000  -0.138   0.380   0.
  2017 352 12 29 41 501 352.520619236       0.14      1.08     -0.92  0.       -1099.449       6008.251       7256.380    0.000  -0.138   0.380   0.
  2017 352 12 29 42 501 352.520630810       0.44      1.02     -0.78  0.       -1100.772       6008.965       7255.883    0.000  -0.138   0.380   0.
  2017 352 12 29 43 501 352.520642384       0.47      1.19     -0.82  0.       -1102.095       6009.679       7255.385    0.000  -0.138   0.380   0.
  2017 352 12 29 44 501 352.520653958       0.40      1.16     -0.77  0.       -1103.418       6010.392       7254.887    0.000  -0.138   0.380   0.
  2017 352 12 29 45 502 352.520665532       0.60      1.03     -0.62  0.       -1104.741       6011.105       7254.388    0.000  -0.138   0.380   0.
  2017 352 12 29 46 502 352.520677106       0.90      0.92     -0.79  0.       -1106.063       6011.818       7253.889    0.000  -0.138   0.380   0.
  2017 352 12 29 47 501 352.520688681       0.62      0.90     -1.35  0.       -1107.386       6012.530       7253.390    0.000  -0.138   0.380   0.
  2017 352 12 29 48 501 352.520700255       0.22      0.87     -1.27  0.       -1108.708       6013.242       7252.890    0.000  -0.138   0.380   0.
  2017 352 12 29 49 502 352.520711829      -0.05      0.96     -1.07  0.       -1110.031       6013.954       7252.390    0.000  -0.138   0.380   0.
  2017 352 12 29 50 502 352.520723403      -0.27      1.08     -1.16  0.       -1111.353       6014.666       7251.889    0.000  -0.138   0.380   0.
  2017 352 12 29 51 502 352.520734977      -0.29      1.12     -1.15  0.       -1112.676       6015.377       7251.389    0.000  -0.138   0.380   0.
  2017 352 12 29 52 501 352.520746548      -0.49      1.27     -0.83  0.       -1113.998       6016.088       7250.887    0.000  -0.138   0.380   0.
  2017 352 12 29 53 501 352.520758122      -0.36      1.37     -0.68  0.       -1115.321       6016.798       7250.386    0.000  -0.138   0.380   0.
  2017 352 12 29 54 501 352.520769696      -0.17      1.43     -0.59  0.       -1116.643       6017.509       7249.884    0.000  -0.138   0.380   0.
  2017 352 12 29 55 501 352.520781270      -0.08      1.24     -0.48  0.       -1117.965       6018.219       7249.382    0.000  -0.138   0.380   0.
  2017 352 12 29 56 501 352.520792844       0.13      1.16     -0.45  0.       -1119.287       6018.929       7248.879    0.000  -0.138   0.380   0.
  2017 352 12 29 57 501 352.520804418       0.16      1.13     -0.81  0.       -1120.609       6019.638       7248.376    0.000  -0.138   0.380   0.
  2017 352 12 29 58 501 352.520815992      -0.10      1.14     -1.10  0.       -1121.931       6020.347       7247.873    0.000  -0.138   0.380   0.
  2017 352 12 29 59 501 352.520827567      -0.18      1.09     -1.26  0.       -1123.253       6021.056       7247.369    0.000  -0.138   0.380   0.
  2017 352 12 30  0 501 352.520839141      -0.51      0.92     -1.56  0.       -1124.575       6021.764       7246.865    0.000  -0.138   0.380   0.
  2017 352 12 30  1 501 352.520850715      -0.67      0.81     -1.73  0.       -1125.897       6022.473       7246.361    0.000  -0.138   0.380   0.
  2017 352 12 30  2 501 352.520862289      -0.44      0.75     -1.49  0.       -1127.219       6023.181       7245.856    0.000  -0.138   0.380   0.
  2017 352 12 30  3 501 352.520873863      -0.48      0.78     -1.11  0.       -1128.541       6023.888       7245.351    0.000  -0.138   0.380   0.
  2017 352 12 30  4 501 352.520885437      -0.20      0.97     -0.84  0.       -1129.862       6024.595       7244.845    0.000  -0.138   0.380   0.
  2017 352 12 30  5 501 352.520897011       0.45      1.18     -1.00  0.       -1131.184       6025.302       7244.339    0.000  -0.138   0.380   0.
  2017 352 12 30  6 501 352.520908585       0.77      0.95     -1.26  0.       -1132.506       6026.009       7243.833    0.000  -0.138   0.380   0.
  2017 352 12 30  7 501 352.520920159       0.97      0.84     -1.07  0.       -1133.827       6026.716       7243.326    0.000  -0.138   0.380   0.
  2017 352 12 30  8 501 352.520931733       1.10      0.85     -1.11  0.       -1135.149       6027.422       7242.819    0.000  -0.138   0.380   0.
  2017 352 12 30  9 501 352.520943307       1.14      0.99     -1.24  0.       -1136.470       6028.127       7242.312    0.000  -0.138   0.380   0.
  2017 352 12 30 10 501 352.520954881       1.11      1.11     -1.06  0.       -1137.791       6028.833       7241.804    0.000  -0.139   0.381   0.
  2017 352 12 30 11 501 352.520966455       1.14      1.18     -1.22  0.       -1139.113       6029.538       7241.296    0.000  -0.139   0.381   0.
  2017 352 12 30 12 501 352.520978029       0.95      0.87     -1.24  0.       -1140.434       6030.243       7240.788    0.000  -0.138   0.380   0.
  2017 352 12 30 13 501 352.520989604       0.80      0.87     -1.89  0.       -1141.755       6030.948       7240.279    0.000  -0.138   0.380   0.
  2017 352 12 30 14 501 352.521001178       0.27      1.04     -1.76  0.       -1143.076       6031.652       7239.770    0.000  -0.138   0.380   0.
  2017 352 12 30 15 501 352.521012752      -0.25      1.04     -1.14  0.       -1144.397       6032.356       7239.260    0.000  -0.138   0.380   0.
  2017 352 12 30 16 501 352.521024326      -0.33      0.82     -1.18  0.       -1145.718       6033.060       7238.750    0.000  -0.138   0.380   0.
  2017 352 12 30 17 501 352.521035900      -0.43      1.11     -0.98  0.       -1147.039       6033.763       7238.240    0.000  -0.138   0.380   0.
  2017 352 12 30 18 501 352.521047474      -0.28      0.85     -0.82  0.       -1148.360       6034.466       7237.729    0.000  -0.138   0.380   0.
  2017 352 12 30 19 501 352.521059048      -0.23      0.88     -1.20  0.       -1149.681       6035.169       7237.218    0.000  -0.138   0.380   0.
  2017 352 12 30 20 501 352.521070622      -0.38      0.87     -1.33  0.       -1151.002       6035.871       7236.707    0.000  -0.138   0.380   0.
  2017 352 12 30 21 501 352.521082196      -0.57      0.89     -1.43  0.       -1152.323       6036.574       7236.195    0.000  -0.138   0.380   0.
  2017 352 12 30 22 501 352.521093770      -0.73      0.83     -1.52  0.       -1153.643       6037.275       7235.683    0.000  -0.138   0.380   0.
  2017 352 12 30 23 501 352.521105344      -0.87      0.91     -1.48  0.       -1154.964       6037.977       7235.171    0.000  -0.138   0.380   0.
  2017 352 12 30 24 501 352.521116916      -1.16      1.06     -1.40  0.       -1156.284       6038.678       7234.658    0.000  -0.138   0.380   0.
  2017 352 12 30 25 501 352.521128490      -1.15      1.12     -1.03  0.       -1157.605       6039.379       7234.145    0.000  -0.138   0.380   0.
  2017 352 12 30 26 501 352.521140064      -0.72      1.08     -0.63  0.       -1158.925       6040.080       7233.631    0.000  -0.138   0.380   0.
  2017 352 12 30 27 501 352.521151638      -0.20      1.24     -0.48  0.       -1160.246       6040.780       7233.118    0.000  -0.138   0.380   0.
  2017 352 12 30 28 501 352.521163212      -0.21      1.39     -0.71  0.       -1161.566       6041.480       7232.603    0.000  -0.138   0.380   0.
  2017 352 12 30 29 501 352.521174786      -0.52      1.48     -0.58  0.       -1162.886       6042.180       7232.089    0.000  -0.138   0.380   0.
  2017 352 12 30 30 501 352.521186360      -0.72      1.65     -0.65  0.       -1164.206       6042.880       7231.574    0.000  -0.138   0.380   0.
  2017 352 12 30 31 501 352.521197934      -0.58      1.68     -0.64  0.       -1165.527       6043.579       7231.058    0.000  -0.138   0.380   0.
  2017 352 12 30 32 501 352.521209508      -0.48      1.88     -0.56  0.       -1166.847       6044.278       7230.543    0.000  -0.138   0.380   0.
  2017 352 12 30 33 501 352.521221082      -0.83      1.84     -0.22  0.       -1168.167       6044.976       7230.027    0.000  -0.138   0.380   0.
  2017 352 12 30 34 501 352.521232656      -0.89      1.42      0.26  0.       -1169.487       6045.674       7229.510    0.000  -0.138   0.380   0.
  2017 352 12 30 35 501 352.521244230      -0.21      1.10      0.02  0.       -1170.807       6046.372       7228.994    0.000  -0.138   0.380   0.
  2017 352 12 30 36 501 352.521255804       0.14      1.10     -0.54  0.       -1172.127       6047.070       7228.476    0.000  -0.138   0.380   0.
  2017 352 12 30 37 501 352.521267378      -0.12      1.03     -1.05  0.       -1173.446       6047.767       7227.959    0.000  -0.138   0.380   0.
  2017 352 12 30 38 501 352.521278952      -0.37      0.94     -1.06  0.       -1174.766       6048.464       7227.441    0.000  -0.138   0.380   0.
  2017 352 12 30 39 501 352.521290527      -0.54      0.97     -0.93  0.       -1176.086       6049.161       7226.923    0.000  -0.138   0.380   0.
  2017 352 12 30 40 501 352.521302101      -0.69      1.06     -0.82  0.       -1177.405       6049.858       7226.404    0.000  -0.138   0.380   0.
  2017 352 12 30 41 501 352.521313675      -0.78      1.03     -0.49  0.       -1178.725       6050.554       7225.885    0.000  -0.138   0.380   0.
  2017 352 12 30 42 501 352.521325249      -0.51      1.11     -0.56  0.       -1180.044       6051.250       7225.366    0.000  -0.138   0.380   0.
  2017 352 12 30 43 501 352.521336823      -0.16      1.04     -0.69  0.       -1181.364       6051.945       7224.846    0.000  -0.138   0.380   0.
  2017 352 12 30 44 501 352.521348397       0.10      0.98     -0.75  0.       -1182.683       6052.640       7224.326    0.000  -0.138   0.380   0.
  2017 352 12 30 45 501 352.521359971       0.05      1.09     -0.85  0.       -1184.003       6053.335       7223.806    0.000  -0.138   0.380   0.
  2017 352 12 30 46 501 352.521371545      -0.00      1.27     -0.83  0.       -1185.322       6054.030       7223.285    0.000  -0.138   0.380   0.
  2017 352 12 30 47 501 352.521383119      -0.14      1.30     -0.74  0.       -1186.641       6054.724       7222.764    0.000  -0.138   0.380   0.
  2017 352 12 30 48 501 352.521394693      -0.15      1.21     -0.80  0.       -1187.960       6055.418       7222.243    0.000  -0.138   0.380   0.
  2017 352 12 30 49 501 352.521406267      -0.24      1.13     -0.82  0.       -1189.279       6056.112       7221.721    0.000  -0.138   0.380   0.
  2017 352 12 30 50 501 352.521417841      -0.45      1.03     -0.96  0.       -1190.598       6056.805       7221.199    0.000  -0.138   0.380   0.
  2017 352 12 30 51 501 352.521429415      -0.37      1.15     -0.88  0.       -1191.917       6057.499       7220.676    0.000  -0.138   0.380   0.
  2017 352 12 30 52 501 352.521440990      -0.15      1.36     -1.11  0.       -1193.236       6058.191       7220.153    0.000  -0.138   0.380   0.
  2017 352 12 30 53 501 352.521452563      -0.02      1.23     -1.09  0.       -1194.555       6058.884       7219.630    0.000  -0.138   0.380   0.
  2017 352 12 30 54 501 352.521464135      -0.02      1.43     -1.12  0.       -1195.874       6059.576       7219.106    0.000  -0.138   0.380   0.
  2017 352 12 30 55 501 352.521475709       0.07      1.46     -0.92  0.       -1197.193       6060.268       7218.582    0.000  -0.138   0.380   0.
  2017 352 12 30 56 501 352.521487283      -0.31      1.45     -0.56  0.       -1198.511       6060.960       7218.058    0.000  -0.138   0.380   0.
  2017 352 12 30 57 501 352.521498857      -0.81      1.41     -0.45  0.       -1199.830       6061.651       7217.533    0.000  -0.138   0.380   0.
  2017 352 12 30 58 501 352.521510431      -0.66      1.49     -0.55  0.       -1201.148       6062.342       7217.008    0.000  -0.138   0.380   0.
  2017 352 12 30 59 501 352.521522005      -0.44      1.47     -0.45  0.       -1202.467       6063.033       7216.483    0.000  -0.138   0.380   0.
  2017 352 12 31  0 501 352.521533579      -0.52      1.30     -0.36  0.       -1203.785       6063.723       7215.957    0.000  -0.138   0.380   0.
  2017 352 12 31  1 501 352.521545153      -0.21      1.25     -0.39  0.       -1205.104       6064.413       7215.431    0.000  -0.138   0.380   0.
  2017 352 12 31  2 501 352.521556727      -0.03      1.30     -0.47  0.       -1206.422       6065.103       7214.904    0.000  -0.138   0.380   0.
  2017 352 12 31  3 501 352.521568302      -0.18      1.28     -0.47  0.       -1207.740       6065.793       7214.377    0.000  -0.138   0.380   0.
  2017 352 12 31  4 501 352.521579876      -0.16      1.23     -0.72  0.       -1209.058       6066.482       7213.850    0.000  -0.138   0.380   0.
  2017 352 12 31  5 501 352.521591450      -0.20      1.35     -0.99  0.       -1210.377       6067.171       7213.323    0.000  -0.138   0.380   0.
  2017 352 12 31  6 501 352.521603024       0.05      1.35     -0.66  0.       -1211.695       6067.859       7212.794    0.000  -0.138   0.380   0.
  2017 352 12 31  7 501 352.521614598       0.05      1.23     -0.66  0.       -1213.013       6068.547       7212.266    0.000  -0.138   0.380   0.
  2017 352 12 31  8 501 352.521626172      -0.14      1.20     -0.74  0.       -1214.331       6069.235       7211.738    0.000  -0.138   0.380   0.
  2017 352 12 31  9 501 352.521637746      -0.14      1.40     -0.82  0.       -1215.648       6069.923       7211.209    0.000  -0.138   0.380   0.
  2017 352 12 31 10 501 352.521649320      -0.22      1.43     -0.73  0.       -1216.966       6070.610       7210.679    0.000  -0.139   0.381   0.
  2017 352 12 31 11 501 352.521660894      -0.29      1.42     -0.90  0.       -1218.284       6071.298       7210.149    0.000  -0.139   0.381   0.
  2017 352 12 31 12 501 352.521672468      -0.58      1.30     -0.94  0.       -1219.602       6071.984       7209.619    0.000  -0.138   0.380   0.
  2017 352 12 31 13 501 352.521684042      -0.79      1.21     -0.69  0.       -1220.919       6072.671       7209.089    0.000  -0.138   0.380   0.
  2017 352 12 31 14 501 352.521695616      -0.65      1.07     -0.55  0.       -1222.237       6073.357       7208.558    0.000  -0.139   0.381   0.
  2017 352 12 31 15 501 352.521707190      -0.40      1.20     -0.80  0.       -1223.554       6074.043       7208.027    0.000  -0.139   0.381   0.
  2017 352 12 31 16 501 352.521718764      -0.17      1.32     -0.53  0.       -1224.872       6074.728       7207.495    0.000  -0.138   0.380   0.
  2017 352 12 31 17 501 352.521730339      -0.12      1.24     -0.63  0.       -1226.189       6075.414       7206.963    0.000  -0.138   0.380   0.
  2017 352 12 31 18 501 352.521741913      -0.29      1.20     -0.86  0.       -1227.507       6076.099       7206.431    0.000  -0.138   0.380   0.
  2017 352 12 31 19 501 352.521753487      -0.31      1.25     -0.34  0.       -1228.824       6076.783       7205.898    0.000  -0.138   0.380   0.
  2017 352 12 31 20 501 352.521765061      -0.23      1.26     -0.28  0.       -1230.141       6077.468       7205.365    0.000  -0.138   0.380   0.
  2017 352 12 31 21 501 352.521776635      -0.31      1.24     -0.36  0.       -1231.458       6078.152       7204.832    0.000  -0.138   0.380   0.
  2017 352 12 31 22 501 352.521788209      -0.29      1.17     -0.50  0.       -1232.775       6078.835       7204.298    0.000  -0.139   0.381   0.
  2017 352 12 31 23 500 352.521799783      -0.04      1.11     -0.74  0.       -1234.092       6079.519       7203.764    0.000  -0.139   0.381   0.
  2017 352 12 31 24 500 352.521811354       0.12      1.07     -0.96  0.       -1235.409       6080.202       7203.230    0.000  -0.138   0.380   0.
  2017 352 12 31 25 500 352.521822928      -0.01      0.98     -0.99  0.       -1236.726       6080.885       7202.695    0.000  -0.138   0.380   0.
  2017 352 12 31 26 500 352.521834502      -0.28      0.96     -0.88  0.       -1238.043       6081.567       7202.160    0.000  -0.138   0.380   0.
  2017 352 12 31 27 501 352.521846076      -0.19      0.92     -0.97  0.       -1239.360       6082.250       7201.624    0.000  -0.138   0.380   0.
  2017 352 12 31 28 501 352.521857650       0.03      1.10     -0.97  0.       -1240.677       6082.931       7201.089    0.000  -0.138   0.380   0.
  2017 352 12 31 29 500 352.521869225       0.20      1.13     -1.03  0.       -1241.993       6083.613       7200.552    0.000  -0.138   0.380   0.
  2017 352 12 31 30 500 352.521880799       0.11      1.21     -1.10  0.       -1243.310       6084.294       7200.016    0.000  -0.139   0.381   0.
  2017 352 12 31 31 501 352.521892373       0.22      1.26     -0.84  0.       -1244.627       6084.976       7199.479    0.000  -0.139   0.381   0.
  2017 352 12 31 32 501 352.521903947       0.26      1.20     -0.96  0.       -1245.943       6085.656       7198.942    0.000  -0.138   0.380   0.
  2017 352 12 31 33 501 352.521915521       0.14      1.18     -1.21  0.       -1247.259       6086.337       7198.404    0.000  -0.138   0.380   0.
  2017 352 12 31 34 501 352.521927095       0.13      1.25     -0.91  0.       -1248.576       6087.017       7197.866    0.000  -0.138   0.380   0.
  2017 352 12 31 35 501 352.521938669       0.02      1.27     -0.73  0.       -1249.892       6087.697       7197.328    0.000  -0.138   0.380   0.
  2017 352 12 31 36 500 352.521950243      -0.22      1.24     -0.74  0.       -1251.208       6088.376       7196.789    0.000  -0.138   0.380   0.
  2017 352 12 31 37 500 352.521961817      -0.51      1.21     -0.60  0.       -1252.524       6089.055       7196.250    0.000  -0.138   0.380   0.
  2017 352 12 31 38 500 352.521973391      -0.76      1.22     -0.49  0.       -1253.841       6089.734       7195.710    0.000  -0.138   0.380   0.
  2017 352 12 31 39 500 352.521984965      -0.72      1.16     -0.46  0.       -1255.157       6090.413       7195.170    0.000  -0.138   0.380   0.
  2017 352 12 31 40 501 352.521996539      -0.42      1.38     -0.36  0.       -1256.473       6091.091       7194.630    0.000  -0.138   0.380   0.
  2017 352 12 31 41 501 352.522008113      -0.31      1.24     -0.45  0.       -1257.788       6091.769       7194.090    0.000  -0.138   0.380   0.
  2017 352 12 31 42 501 352.522019687      -0.25      1.12     -0.42  0.       -1259.104       6092.447       7193.549    0.000  -0.138   0.380   0.
  2017 352 12 31 43 500 352.522031262      -0.39      1.16     -0.45  0.       -1260.420       6093.124       7193.008    0.000  -0.138   0.380   0.
  2017 352 12 31 44 501 352.522042836      -0.65      1.26     -0.31  0.       -1261.736       6093.801       7192.466    0.000  -0.138   0.380   0.
  2017 352 12 31 45 501 352.522054410      -0.55      1.29     -0.38  0.       -1263.052       6094.478       7191.924    0.000  -0.138   0.380   0.
  2017 352 12 31 46 501 352.522065984      -0.36      1.34     -0.64  0.       -1264.367       6095.154       7191.382    0.000  -0.138   0.380   0.
  2017 352 12 31 47 501 352.522077558      -0.09      1.42     -0.69  0.       -1265.683       6095.831       7190.839    0.000  -0.138   0.380   0.
  2017 352 12 31 48 501 352.522089132      -0.16      1.37     -0.70  0.       -1266.998       6096.506       7190.296    0.000  -0.138   0.380   0.
  2017 352 12 31 49 500 352.522100706      -0.30      1.47     -0.69  0.       -1268.314       6097.182       7189.752    0.000  -0.138   0.380   0.
  2017 352 12 31 50 500 352.522112280      -0.27      1.32     -0.71  0.       -1269.629       6097.857       7189.209    0.000  -0.138   0.380   0.
  2017 352 12 31 51 500 352.522123854      -0.29      1.23     -0.83  0.       -1270.944       6098.532       7188.664    0.000  -0.138   0.380   0.
  2017 352 12 31 52 500 352.522135428      -0.63      1.25     -0.97  0.       -1272.259       6099.207       7188.120    0.000  -0.138   0.380   0.
  2017 352 12 31 53 500 352.522147002      -0.89      1.23     -0.95  0.       -1273.575       6099.881       7187.575    0.000  -0.138   0.380   0.
  2017 352 12 31 54 500 352.522158573      -0.89      1.20     -0.90  0.       -1274.890       6100.555       7187.030    0.000  -0.138   0.380   0.
  2017 352 12 31 55 500 352.522170148      -0.85      1.12     -0.83  0.       -1276.205       6101.229       7186.485    0.000  -0.138   0.380   0.
  2017 352 12 31 56 500 352.522181722      -0.87      1.00     -0.95  0.       -1277.520       6101.903       7185.939    0.000  -0.139   0.381   0.
  2017 352 12 31 57 500 352.522193296      -0.93      1.06     -0.90  0.       -1278.835       6102.576       7185.393    0.000  -0.139   0.381   0.
  2017 352 12 31 58 500 352.522204870      -0.87      1.19     -0.99  0.       -1280.149       6103.249       7184.846    0.000  -0.139   0.381   0.
  2017 352 12 31 59 500 352.522216444      -0.91      1.30     -1.01  0.       -1281.464       6103.921       7184.299    0.000  -0.139   0.381   0.
  2017 352 12 32  0 500 352.522228018      -0.79      1.42     -0.42  0.       -1282.779       6104.593       7183.752    0.000  -0.138   0.380   0.
  2017 352 12 32  1 500 352.522239592      -1.08      1.32     -0.38  0.       -1284.094       6105.266       7183.204    0.000  -0.138   0.380   0.
  2017 352 12 32  2 500 352.522251166      -1.50      1.07     -0.51  0.       -1285.408       6105.937       7182.656    0.000  -0.138   0.380   0.
  2017 352 12 32  3 500 352.522262740      -1.11      1.30     -0.67  0.       -1286.723       6106.608       7182.108    0.000  -0.138   0.380   0.
  2017 352 12 32  4 500 352.522274314      -1.08      1.19     -0.95  0.       -1288.037       6107.279       7181.559    0.000  -0.138   0.380   0.
  2017 352 12 32  5 500 352.522285888      -1.04      1.19     -0.78  0.       -1289.351       6107.950       7181.010    0.000  -0.138   0.380   0.
  2017 352 12 32  6 500 352.522297462      -0.93      1.23     -0.74  0.       -1290.666       6108.620       7180.460    0.000  -0.138   0.380   0.
  2017 352 12 32  7 500 352.522309036      -0.80      1.57     -0.54  0.       -1291.980       6109.290       7179.910    0.000  -0.138   0.380   0.
  2017 352 12 32  8 500 352.522320611      -0.69      1.80     -0.58  0.       -1293.294       6109.960       7179.360    0.000  -0.138   0.380   0.
  2017 352 12 32  9 500 352.522332185      -0.61      1.69     -0.69  0.       -1294.608       6110.630       7178.810    0.000  -0.138   0.380   0.
  2017 352 12 32 10 500 352.522343759      -0.54      1.66     -1.00  0.       -1295.923       6111.299       7178.259    0.000  -0.139   0.381   0.
  2017 352 12 32 11 500 352.522355333      -0.43      1.53     -1.14  0.       -1297.237       6111.968       7177.708    0.000  -0.139   0.381   0.
  2017 352 12 32 12 500 352.522366907      -0.44      1.33     -1.12  0.       -1298.550       6112.636       7177.156    0.000  -0.139   0.381   0.
  2017 352 12 32 13 500 352.522378481      -0.66      1.03     -1.17  0.       -1299.864       6113.305       7176.604    0.000  -0.139   0.381   0.
  2017 352 12 32 14 500 352.522390055      -0.68      1.03     -1.22  0.       -1301.178       6113.973       7176.052    0.000  -0.138   0.380   0.
  2017 352 12 32 15 500 352.522401629      -0.49      1.24     -0.97  0.       -1302.492       6114.640       7175.499    0.000  -0.138   0.380   0.
  2017 352 12 32 16 500 352.522413203      -0.24      1.31     -0.84  0.       -1303.806       6115.308       7174.946    0.000  -0.138   0.380   0.
  2017 352 12 32 17 500 352.522424777      -0.13      1.06     -0.89  0.       -1305.119       6115.975       7174.393    0.000  -0.138   0.380   0.
  2017 352 12 32 18 500 352.522436351      -0.23      0.92     -0.96  0.       -1306.433       6116.642       7173.839    0.000  -0.138   0.380   0.
  2017 352 12 32 19 500 352.522447925      -0.12      1.01     -0.89  0.       -1307.746       6117.308       7173.285    0.000  -0.138   0.380   0.
  2017 352 12 32 20 500 352.522459499      -0.24      1.03     -1.03  0.       -1309.060       6117.974       7172.730    0.000  -0.139   0.381   0.
  2017 352 12 32 21 500 352.522471073      -0.26      0.95     -1.25  0.       -1310.373       6118.640       7172.175    0.000  -0.139   0.381   0.
  2017 352 12 32 22 500 352.522482648      -0.35      0.68     -1.60  0.       -1311.686       6119.306       7171.620    0.000  -0.139   0.381   0.
  2017 352 12 32 23 500 352.522494222      -0.63      0.67     -1.83  0.       -1313.000       6119.971       7171.065    0.000  -0.139   0.381   0.
  2017 352 12 32 24 500 352.522505793      -0.81      0.71     -1.81  0.       -1314.313       6120.636       7170.509    0.000  -0.139   0.381   0.
  2017 352 12 32 25 500 352.522517367      -1.01      0.77     -1.53  0.       -1315.626       6121.301       7169.953    0.000  -0.139   0.381   0.
  2017 352 12 32 26 500 352.522528941      -0.76      0.85     -1.22  0.       -1316.939       6121.965       7169.396    0.000  -0.138   0.380   0.
  2017 352 12 32 27 500 352.522540515      -0.71      0.75     -1.30  0.       -1318.252       6122.629       7168.839    0.000  -0.138   0.380   0.
  2017 352 12 32 28 500 352.522552089      -0.49      0.95     -1.17  0.       -1319.565       6123.293       7168.282    0.000  -0.138   0.380   0.
  2017 352 12 32 29 500 352.522563663      -0.30      0.90     -0.93  0.       -1320.878       6123.956       7167.724    0.000  -0.138   0.380   0.
  2017 352 12 32 30 500 352.522575237      -0.37      1.07     -0.87  0.       -1322.191       6124.619       7167.166    0.000  -0.138   0.380   0.
  2017 352 12 32 31 500 352.522586811      -0.21      1.06     -0.72  0.       -1323.503       6125.282       7166.608    0.000  -0.138   0.380   0.
  2017 352 12 32 32 500 352.522598385      -0.07      1.21     -0.66  0.       -1324.816       6125.945       7166.049    0.000  -0.138   0.380   0.
  2017 352 12 32 33 500 352.522609960      -0.15      1.21     -0.83  0.       -1326.129       6126.607       7165.490    0.000  -0.138   0.380   0.
  2017 352 12 32 34 500 352.522621534      -0.19      1.24     -1.03  0.       -1327.441       6127.269       7164.931    0.000  -0.138   0.380   0.
  2017 352 12 32 35 500 352.522633108      -0.87      1.50     -1.12  0.       -1328.754       6127.930       7164.370    0.000  -0.138   0.380   0.
  2017 352 12 32 36 500 352.522644682      -1.34      1.25     -0.98  0.       -1330.066       6128.592       7163.811    0.000  -0.138   0.380   0.
  2017 352 12 32 37 500 352.522656256      -1.40      0.79     -0.89  0.       -1331.378       6129.253       7163.250    0.000  -0.138   0.380   0.
  2017 352 12 32 38 500 352.522667830      -1.18      1.07     -0.46  0.       -1332.691       6129.913       7162.689    0.000  -0.138   0.380   0.
  2017 352 12 32 39 500 352.522679404      -1.15      1.26     -0.37  0.       -1334.003       6130.574       7162.128    0.000  -0.138   0.380   0.
  2017 352 12 32 40 500 352.522690978      -1.12      1.22     -0.66  0.       -1335.314       6131.234       7161.566    0.000  -0.138   0.380   0.
  2017 352 12 32 41 500 352.522702552      -1.13      1.33     -0.77  0.       -1336.627       6131.894       7161.004    0.000  -0.138   0.380   0.
  2017 352 12 32 42 500 352.522714126      -1.06      1.23     -0.76  0.       -1337.939       6132.553       7160.442    0.000  -0.139   0.381   0.
  2017 352 12 32 43 500 352.522725700      -0.63      1.36     -0.89  0.       -1339.251       6133.212       7159.879    0.000  -0.139   0.381   0.
  2017 352 12 32 44 500 352.522737274      -0.48      1.27     -0.64  0.       -1340.562       6133.871       7159.316    0.000  -0.139   0.381   0.
  2017 352 12 32 45 500 352.522748848      -0.51      1.21     -0.35  0.       -1341.874       6134.530       7158.753    0.000  -0.139   0.381   0.
  2017 352 12 32 46 500 352.522760422      -0.74      1.05     -0.42  0.       -1343.186       6135.188       7158.189    0.000  -0.139   0.381   0.
  2017 352 12 32 47 500 352.522771996      -0.64      1.01     -0.41  0.       -1344.498       6135.846       7157.625    0.000  -0.139   0.381   0.
  2017 352 12 32 48 500 352.522783571      -0.45      1.03     -0.56  0.       -1345.809       6136.504       7157.061    0.000  -0.139   0.381   0.
  2017 352 12 32 49 500 352.522795145      -0.37      0.96     -0.74  0.       -1347.120       6137.161       7156.496    0.000  -0.139   0.381   0.
  2017 352 12 32 50 500 352.522806719      -0.15      0.97     -0.69  0.       -1348.432       6137.818       7155.931    0.000  -0.139   0.381   0.
  2017 352 12 32 51 500 352.522818292      -0.15      0.93     -0.75  0.       -1349.744       6138.475       7155.366    0.000  -0.139   0.381   0.
  2017 352 12 32 52 500 352.522829864      -0.04      1.03     -0.70  0.       -1351.055       6139.131       7154.800    0.000  -0.138   0.380   0.
  2017 352 12 32 53 500 352.522841438       0.27      0.98     -0.98  0.       -1352.366       6139.787       7154.234    0.000  -0.138   0.380   0.
  2017 352 12 32 54 500 352.522853012       0.01      0.98     -1.05  0.       -1353.677       6140.443       7153.667    0.000  -0.138   0.380   0.
  2017 352 12 32 55 500 352.522864586       0.12      1.16     -0.87  0.       -1354.988       6141.099       7153.100    0.000  -0.138   0.380   0.
  2017 352 12 32 56 500 352.522876160       0.37      1.35     -0.93  0.       -1356.299       6141.754       7152.533    0.000  -0.139   0.381   0.
  2017 352 12 32 57 500 352.522887734       0.44      1.33     -1.06  0.       -1357.610       6142.409       7151.965    0.000  -0.139   0.381   0.
  2017 352 12 32 58 500 352.522899308       0.69      1.35     -1.12  0.       -1358.921       6143.064       7151.397    0.000  -0.138   0.380   0.
  2017 352 12 32 59 500 352.522910883       0.73      1.22     -1.17  0.       -1360.232       6143.718       7150.829    0.000  -0.138   0.380   0.
  2017 352 12 33  0 500 352.522922457       0.37      0.88     -1.21  0.       -1361.543       6144.372       7150.260    0.000  -0.138   0.380   0.
  2017 352 12 33  1 500 352.522934031       0.15      1.25     -0.98  0.       -1362.854       6145.026       7149.691    0.000  -0.138   0.380   0.
  2017 352 12 33  2 500 352.522945605      -0.05      1.24     -0.95  0.       -1364.164       6145.679       7149.122    0.000  -0.139   0.381   0.
  2017 352 12 33  3 500 352.522957179      -0.23      1.12     -0.81  0.       -1365.475       6146.332       7148.552    0.000  -0.139   0.381   0.
  2017 352 12 33  4 500 352.522968753      -0.40      1.29     -0.65  0.       -1366.785       6146.985       7147.982    0.000  -0.139   0.381   0.
  2017 352 12 33  5 500 352.522980327      -0.74      1.29     -0.77  0.       -1368.096       6147.637       7147.412    0.000  -0.139   0.381   0.
  2017 352 12 33  6 500 352.522991901      -1.14      1.26     -0.88  0.       -1369.406       6148.290       7146.841    0.000  -0.138   0.380   0.
  2017 352 12 33  7 500 352.523003475      -1.19      1.38     -0.92  0.       -1370.716       6148.941       7146.269    0.000  -0.138   0.380   0.
  2017 352 12 33  8 500 352.523015049      -1.34      1.44     -0.95  0.       -1372.027       6149.593       7145.698    0.000  -0.139   0.381   0.
  2017 352 12 33  9 500 352.523026623      -1.32      1.31     -0.83  0.       -1373.337       6150.244       7145.126    0.000  -0.139   0.381   0.
  2017 352 12 33 10 500 352.523038197      -1.52      1.23     -0.90  0.       -1374.647       6150.895       7144.554    0.000  -0.138   0.380   0.
  2017 352 12 33 11 500 352.523049771      -1.57      1.29     -0.83  0.       -1375.957       6151.546       7143.981    0.000  -0.138   0.380   0.
  2017 352 12 33 12 500 352.523061346      -1.59      0.99     -0.99  0.       -1377.267       6152.196       7143.408    0.000  -0.138   0.380   0.
  2017 352 12 33 13 500 352.523072920      -1.93      0.78     -1.44  0.       -1378.577       6152.846       7142.835    0.000  -0.138   0.380   0.
  2017 352 12 33 14 500 352.523084494      -2.37      0.67     -1.35  0.       -1379.887       6153.496       7142.262    0.000  -0.138   0.380   0.
  2017 352 12 33 15 500 352.523096068      -2.02      0.67     -1.15  0.       -1381.196       6154.146       7141.688    0.000  -0.138   0.380   0.
  2017 352 12 33 16 500 352.523107642      -2.69      0.96     -0.85  0.       -1382.506       6154.795       7141.113    0.000  -0.138   0.380   0.
  2017 352 12 33 17 500 352.523119216      -2.63      1.40     -0.43  0.       -1383.816       6155.444       7140.539    0.000  -0.138   0.380   0.
  2017 352 12 33 18 500 352.523130790      -2.24      1.60     -0.44  0.       -1385.125       6156.092       7139.963    0.000  -0.139   0.381   0.
  2017 352 12 33 19 500 352.523142364      -2.53      2.29     -0.87  0.       -1386.435       6156.740       7139.388    0.000  -0.139   0.381   0.
  2017 352 12 33 20 500 352.523153938      -2.26      2.37     -0.62  0.       -1387.744       6157.388       7138.812    0.000  -0.139   0.381   0.
  2017 352 12 33 21 500 352.523165512      -1.29      2.74     -0.73  0.       -1389.053       6158.036       7138.236    0.000  -0.139   0.381   0.
  2017 352 12 33 22 500 352.523177086      -0.73      1.58     -0.90  0.       -1390.363       6158.683       7137.660    0.000  -0.138   0.380   0.
  2017 352 12 33 23 500 352.523188660      -1.14      1.16     -0.93  0.       -1391.672       6159.330       7137.083    0.000  -0.138   0.380   0.
  2017 352 12 33 24 500 352.523200231      -0.57      1.07     -1.01  0.       -1392.981       6159.977       7136.506    0.000  -0.138   0.380   0.
  2017 352 12 33 25 499 352.523211806      -0.09      1.08     -0.90  0.       -1394.290       6160.623       7135.928    0.000  -0.138   0.380   0.
  2017 352 12 33 26 499 352.523223380      -0.58      1.07     -0.77  0.       -1395.599       6161.269       7135.350    0.000  -0.138   0.380   0.
  2017 352 12 33 27 500 352.523234954      -0.89      1.35     -0.66  0.       -1396.908       6161.915       7134.772    0.000  -0.138   0.380   0.
  2017 352 12 33 28 500 352.523246528      -0.39      1.64     -0.65  0.       -1398.217       6162.561       7134.194    0.000  -0.138   0.380   0.
  2017 352 12 33 29 500 352.523258102      -0.23      1.80     -0.59  0.       -1399.526       6163.206       7133.615    0.000  -0.138   0.380   0.
  2017 352 12 33 30 500 352.523269676       0.01      1.42     -0.61  0.       -1400.834       6163.851       7133.035    0.000  -0.138   0.380   0.
  2017 352 12 33 31 499 352.523281250       0.09      1.37     -0.56  0.       -1402.143       6164.495       7132.456    0.000  -0.138   0.380   0.
  2017 352 12 33 32 499 352.523292824      -0.07      1.36     -0.60  0.       -1403.452       6165.140       7131.876    0.000  -0.138   0.380   0.
  2017 352 12 33 33 499 352.523304398      -0.12      0.92     -0.72  0.       -1404.760       6165.784       7131.295    0.000  -0.138   0.380   0.
  2017 352 12 33 34 499 352.523315972      -0.12      0.44     -1.49  0.       -1406.069       6166.427       7130.715    0.000  -0.139   0.381   0.
  2017 352 12 33 35 499 352.523327546      -0.65      0.33     -1.81  0.       -1407.377       6167.071       7130.134    0.000  -0.139   0.381   0.
  2017 352 12 33 36 500 352.523339120      -0.68      0.33     -2.07  0.       -1408.685       6167.714       7129.552    0.000  -0.138   0.380   0.
  2017 352 12 33 37 500 352.523350694      -0.71     -0.09     -1.92  0.       -1409.994       6168.356       7128.970    0.000  -0.138   0.380   0.
  2017 352 12 33 38 499 352.523362269      -0.91     -0.01     -1.99  0.       -1411.302       6168.999       7128.388    0.000  -0.138   0.380   0.
  2017 352 12 33 39 499 352.523373843      -1.55      0.29     -2.29  0.       -1412.610       6169.641       7127.806    0.000  -0.138   0.380   0.
  2017 352 12 33 40 500 352.523385417      -1.26      1.00     -1.79  0.       -1413.918       6170.283       7127.223    0.000  -0.139   0.381   0.
  2017 352 12 33 41 500 352.523396991      -0.98      1.16     -1.45  0.       -1415.226       6170.924       7126.640    0.000  -0.139   0.381   0.
  2017 352 12 33 42 500 352.523408565      -1.37      0.81     -1.66  0.       -1416.534       6171.566       7126.056    0.000  -0.138   0.380   0.
  2017 352 12 33 43 500 352.523420139      -1.23      0.82     -1.55  0.       -1417.842       6172.207       7125.472    0.000  -0.138   0.380   0.
  2017 352 12 33 44 500 352.523431713      -1.03      0.84     -1.52  0.       -1419.149       6172.847       7124.888    0.000  -0.138   0.380   0.
  2017 352 12 33 45 499 352.523443287      -0.96      0.99     -1.32  0.       -1420.457       6173.487       7124.304    0.000  -0.138   0.380   0.
  2017 352 12 33 46 499 352.523454861      -1.19      1.04     -0.90  0.       -1421.765       6174.127       7123.719    0.000  -0.139   0.381   0.
  2017 352 12 33 47 499 352.523466435      -1.25      0.99     -0.75  0.       -1423.072       6174.767       7123.133    0.000  -0.139   0.381   0.
  2017 352 12 33 48 499 352.523478009      -1.08      1.05     -1.19  0.       -1424.380       6175.407       7122.548    0.000  -0.138   0.380   0.
  2017 352 12 33 49 499 352.523489583      -1.17      1.14     -1.48  0.       -1425.687       6176.046       7121.962    0.000  -0.138   0.380   0.
  2017 352 12 33 50 500 352.523501157      -1.02      1.30     -1.21  0.       -1426.994       6176.684       7121.375    0.000  -0.138   0.380   0.
  2017 352 12 33 51 500 352.523512731      -0.92      1.29     -1.10  0.       -1428.302       6177.323       7120.789    0.000  -0.138   0.380   0.
  2017 352 12 33 52 499 352.523524306      -0.71      0.93     -1.22  0.       -1429.609       6177.961       7120.202    0.000  -0.138   0.380   0.
  2017 352 12 33 53 499 352.523535880      -0.72      0.51     -1.42  0.       -1430.916       6178.599       7119.614    0.000  -0.138   0.380   0.
  2017 352 12 33 54 499 352.523547451      -0.91      0.50     -1.51  0.       -1432.223       6179.237       7119.027    0.000  -0.138   0.380   0.
  2017 352 12 33 55 499 352.523559025      -1.12      0.71     -1.48  0.       -1433.530       6179.874       7118.439    0.000  -0.138   0.380   0.
  2017 352 12 33 56 499 352.523570599      -1.17      0.72     -1.43  0.       -1434.837       6180.511       7117.850    0.000  -0.138   0.380   0.
  2017 352 12 33 57 499 352.523582173      -1.30      0.82     -1.10  0.       -1436.144       6181.147       7117.261    0.000  -0.138   0.380   0.
  2017 352 12 33 58 499 352.523593747      -1.33      0.99     -0.90  0.       -1437.451       6181.784       7116.672    0.000  -0.138   0.380   0.
  2017 352 12 33 59 499 352.523605321      -1.41      1.11     -1.00  0.       -1438.757       6182.420       7116.083    0.000  -0.138   0.380   0.
  2017 352 12 34  0 499 352.523616895      -1.33      1.04     -1.15  0.       -1440.064       6183.056       7115.493    0.000  -0.138   0.380   0.
  2017 352 12 34  1 499 352.523628469      -1.15      1.24     -1.18  0.       -1441.370       6183.691       7114.903    0.000  -0.138   0.380   0.
  2017 352 12 34  2 499 352.523640043      -0.91      1.24     -1.12  0.       -1442.677       6184.326       7114.312    0.000  -0.138   0.380   0.
  2017 352 12 34  3 499 352.523651617      -0.94      1.21     -1.03  0.       -1443.983       6184.961       7113.721    0.000  -0.138   0.380   0.
  2017 352 12 34  4 499 352.523663192      -1.17      1.24     -1.03  0.       -1445.290       6185.595       7113.130    0.000  -0.138   0.380   0.
  2017 352 12 34  5 499 352.523674766      -1.00      1.42     -1.04  0.       -1446.596       6186.230       7112.538    0.000  -0.138   0.380   0.
  2017 352 12 34  6 499 352.523686340      -0.58      1.43     -1.01  0.       -1447.902       6186.864       7111.946    0.000  -0.139   0.381   0.
  2017 352 12 34  7 499 352.523697914      -0.48      1.23     -1.09  0.       -1449.208       6187.497       7111.354    0.000  -0.139   0.381   0.
  2017 352 12 34  8 499 352.523709488      -0.58      1.14     -1.13  0.       -1450.514       6188.130       7110.761    0.000  -0.138   0.380   0.
  2017 352 12 34  9 499 352.523721062      -0.70      1.05     -1.05  0.       -1451.820       6188.763       7110.168    0.000  -0.138   0.380   0.
  2017 352 12 34 10 499 352.523732636      -0.45      1.11     -0.84  0.       -1453.126       6189.396       7109.575    0.000  -0.138   0.380   0.
  2017 352 12 34 11 499 352.523744210      -0.31      1.17     -0.76  0.       -1454.432       6190.029       7108.981    0.000  -0.138   0.380   0.
  2017 352 12 34 12 499 352.523755784      -0.29      1.17     -0.75  0.       -1455.738       6190.660       7108.387    0.000  -0.139   0.381   0.
  2017 352 12 34 13 499 352.523767358      -0.79      1.18     -0.95  0.       -1457.043       6191.292       7107.793    0.000  -0.139   0.381   0.
  2017 352 12 34 14 499 352.523778932      -1.61      1.03     -0.98  0.       -1458.349       6191.924       7107.198    0.000  -0.138   0.380   0.
  2017 352 12 34 15 499 352.523790506      -1.87      0.98     -0.57  0.       -1459.655       6192.555       7106.603    0.000  -0.138   0.380   0.
  2017 352 12 34 16 499 352.523802080      -2.20      0.92      0.06  0.       -1460.960       6193.186       7106.007    0.000  -0.138   0.380   0.
  2017 352 12 34 17 499 352.523813655      -0.88      1.10     -0.41  0.       -1462.265       6193.816       7105.411    0.000  -0.138   0.380   0.
  2017 352 12 34 18 499 352.523825229       0.07      1.79     -1.27  0.       -1463.571       6194.447       7104.815    0.000  -0.138   0.380   0.
  2017 352 12 34 19 499 352.523836803      -0.04      2.03     -1.73  0.       -1464.876       6195.077       7104.219    0.000  -0.138   0.380   0.
  2017 352 12 34 20 499 352.523848377      -0.89      1.77     -1.22  0.       -1466.181       6195.706       7103.622    0.000  -0.138   0.380   0.
  2017 352 12 34 21 499 352.523859951      -0.98      1.44     -1.05  0.       -1467.486       6196.335       7103.025    0.000  -0.138   0.380   0.
  2017 352 12 34 22 499 352.523871525      -1.13      1.54     -1.08  0.       -1468.791       6196.965       7102.427    0.000  -0.138   0.380   0.
  2017 352 12 34 23 499 352.523883099      -1.39      1.41     -0.91  0.       -1470.096       6197.593       7101.829    0.000  -0.138   0.380   0.
  2017 352 12 34 24 499 352.523894670      -1.07      1.55     -0.63  0.       -1471.401       6198.222       7101.231    0.000  -0.139   0.381   0.
  2017 352 12 34 25 499 352.523906244      -0.85      1.73     -0.71  0.       -1472.706       6198.850       7100.632    0.000  -0.139   0.381   0.
  2017 352 12 34 26 499 352.523917818      -0.87      1.68     -0.90  0.       -1474.011       6199.478       7100.033    0.000  -0.139   0.381   0.
  2017 352 12 34 27 499 352.523929392      -1.15      1.66     -0.70  0.       -1475.316       6200.105       7099.434    0.000  -0.139   0.381   0.
  2017 352 12 34 28 499 352.523940966      -0.91      1.96     -0.67  0.       -1476.620       6200.732       7098.834    0.000  -0.138   0.380   0.
  2017 352 12 34 29 499 352.523952541      -1.20      1.92     -0.56  0.       -1477.925       6201.359       7098.234    0.000  -0.138   0.380   0.
  2017 352 12 34 30 499 352.523964115      -1.09      1.80     -0.14  0.       -1479.229       6201.986       7097.634    0.000  -0.139   0.381   0.
  2017 352 12 34 31 499 352.523975689      -0.97      2.01     -0.13  0.       -1480.534       6202.612       7097.033    0.000  -0.139   0.381   0.
  2017 352 12 34 32 499 352.523987263      -1.43      1.75     -0.24  0.       -1481.838       6203.238       7096.432    0.000  -0.139   0.381   0.
  2017 352 12 34 33 499 352.523998837      -1.51      1.48     -0.25  0.       -1483.142       6203.864       7095.831    0.000  -0.139   0.381   0.
  2017 352 12 34 34 499 352.524010411      -1.43      1.60     -0.51  0.       -1484.446       6204.489       7095.229    0.000  -0.138   0.380   0.
  2017 352 12 34 35 499 352.524021985      -1.59      1.50     -0.53  0.       -1485.750       6205.114       7094.627    0.000  -0.138   0.380   0.
  2017 352 12 34 36 499 352.524033559      -1.47      1.32     -0.46  0.       -1487.054       6205.739       7094.024    0.000  -0.139   0.381   0.
  2017 352 12 34 37 499 352.524045133      -1.17      1.92     -0.68  0.       -1488.358       6206.363       7093.421    0.000  -0.139   0.381   0.
  2017 352 12 34 38 499 352.524056707      -1.20      1.81     -0.51  0.       -1489.662       6206.987       7092.818    0.000  -0.138   0.380   0.
  2017 352 12 34 39 499 352.524068281      -1.22      1.59     -0.17  0.       -1490.966       6207.611       7092.215    0.000  -0.138   0.380   0.
  2017 352 12 34 40 499 352.524079855      -1.06      1.39     -0.10  0.       -1492.270       6208.235       7091.611    0.000  -0.139   0.381   0.
  2017 352 12 34 41 499 352.524091429      -0.66      1.53     -0.76  0.       -1493.573       6208.858       7091.007    0.000  -0.139   0.381   0.
  2017 352 12 34 42 499 352.524103004      -0.42      1.41     -1.19  0.       -1494.877       6209.481       7090.402    0.000  -0.139   0.381   0.
  2017 352 12 34 43 499 352.524114578      -0.36      1.36     -1.43  0.       -1496.180       6210.104       7089.797    0.000  -0.139   0.381   0.
  2017 352 12 34 44 499 352.524126152      -0.25      1.17     -1.38  0.       -1497.484       6210.726       7089.192    0.000  -0.139   0.381   0.
  2017 352 12 34 45 499 352.524137726      -0.01      1.00     -1.27  0.       -1498.787       6211.348       7088.586    0.000  -0.139   0.381   0.
  2017 352 12 34 46 499 352.524149300      -0.16      0.96     -1.38  0.       -1500.091       6211.969       7087.980    0.000  -0.139   0.381   0.
  2017 352 12 34 47 499 352.524160874      -0.50      0.87     -1.61  0.       -1501.394       6212.591       7087.374    0.000  -0.139   0.381   0.
  2017 352 12 34 48 499 352.524172448      -0.82      0.91     -1.39  0.       -1502.697       6213.212       7086.767    0.000  -0.138   0.380   0.
  2017 352 12 34 49 499 352.524184022      -0.77      0.97     -1.62  0.       -1504.000       6213.833       7086.160    0.000  -0.138   0.380   0.
  2017 352 12 34 50 499 352.524195596      -0.99      1.02     -1.50  0.       -1505.303       6214.453       7085.553    0.000  -0.139   0.381   0.
  2017 352 12 34 51 499 352.524207170      -0.83      1.26     -1.20  0.       -1506.606       6215.073       7084.945    0.000  -0.139   0.381   0.
  2017 352 12 34 52 499 352.524218744      -0.66      1.47     -0.85  0.       -1507.909       6215.693       7084.337    0.000  -0.138   0.380   0.
  2017 352 12 34 53 499 352.524230318      -0.67      1.14     -1.00  0.       -1509.211       6216.313       7083.729    0.000  -0.138   0.380   0.
  2017 352 12 34 54 499 352.524241889      -0.87      0.98     -1.13  0.       -1510.514       6216.932       7083.120    0.000  -0.138   0.380   0.
  2017 352 12 34 55 499 352.524253464      -0.93      1.04     -1.29  0.       -1511.817       6217.551       7082.511    0.000  -0.138   0.380   0.
  2017 352 12 34 56 499 352.524265038      -0.84      1.09     -1.28  0.       -1513.119       6218.170       7081.901    0.000  -0.138   0.380   0.
  2017 352 12 34 57 499 352.524276612      -0.81      1.00     -1.06  0.       -1514.422       6218.788       7081.291    0.000  -0.138   0.380   0.
  2017 352 12 34 58 499 352.524288186      -1.00      1.17     -0.83  0.       -1515.724       6219.406       7080.681    0.000  -0.138   0.380   0.
  2017 352 12 34 59 499 352.524299760      -1.04      1.34     -0.75  0.       -1517.027       6220.024       7080.071    0.000  -0.138   0.380   0.
  2017 352 12 35  0 499 352.524311334      -0.82      1.28     -0.68  0.       -1518.329       6220.641       7079.460    0.000  -0.139   0.381   0.
  2017 352 12 35  1 499 352.524322908      -0.51      1.25     -0.69  0.       -1519.631       6221.258       7078.849    0.000  -0.139   0.381   0.
  2017 352 12 35  2 499 352.524334482      -0.30      1.33     -0.63  0.       -1520.933       6221.875       7078.237    0.000  -0.138   0.380   0.
  2017 352 12 35  3 499 352.524346056      -0.47      1.08     -0.77  0.       -1522.235       6222.491       7077.625    0.000  -0.138   0.380   0.
  2017 352 12 35  4 499 352.524357630      -0.44      0.89     -0.94  0.       -1523.537       6223.107       7077.013    0.000  -0.139   0.381   0.
  2017 352 12 35  5 499 352.524369204      -0.77      0.85     -1.19  0.       -1524.839       6223.723       7076.400    0.000  -0.139   0.381   0.
  2017 352 12 35  6 499 352.524380778      -0.89      1.05     -0.88  0.       -1526.141       6224.339       7075.787    0.000  -0.138   0.380   0.
  2017 352 12 35  7 499 352.524392352      -0.78      1.11     -0.81  0.       -1527.442       6224.954       7075.174    0.000  -0.138   0.380   0.
  2017 352 12 35  8 499 352.524403927      -0.68      1.20     -1.13  0.       -1528.744       6225.569       7074.560    0.000  -0.138   0.380   0.
  2017 352 12 35  9 499 352.524415501      -0.57      1.15     -1.14  0.       -1530.046       6226.184       7073.946    0.000  -0.138   0.380   0.
  2017 352 12 35 10 499 352.524427075      -0.74      1.17     -1.04  0.       -1531.347       6226.798       7073.332    0.000  -0.139   0.381   0.
  2017 352 12 35 11 499 352.524438649      -0.73      1.25     -0.86  0.       -1532.649       6227.412       7072.717    0.000  -0.139   0.381   0.
  2017 352 12 35 12 499 352.524450223      -0.95      1.24     -1.17  0.       -1533.950       6228.026       7072.102    0.000  -0.138   0.380   0.
  2017 352 12 35 13 499 352.524461797      -1.20      1.21     -1.20  0.       -1535.251       6228.639       7071.487    0.000  -0.138   0.380   0.
  2017 352 12 35 14 499 352.524473371      -1.11      1.36     -1.36  0.       -1536.552       6229.253       7070.871    0.000  -0.139   0.381   0.
  2017 352 12 35 15 499 352.524484945      -1.42      1.79     -1.24  0.       -1537.853       6229.865       7070.255    0.000  -0.139   0.381   0.
  2017 352 12 35 16 499 352.524496519      -1.30      2.14     -0.36  0.       -1539.154       6230.478       7069.639    0.000  -0.138   0.380   0.
  2017 352 12 35 17 499 352.524508093      -1.26      1.79     -0.24  0.       -1540.455       6231.090       7069.022    0.000  -0.138   0.380   0.
  2017 352 12 35 18 499 352.524519667      -1.55      1.63     -0.66  0.       -1541.756       6231.702       7068.405    0.000  -0.138   0.380   0.
  2017 352 12 35 19 499 352.524531241      -1.93      1.51     -0.28  0.       -1543.057       6232.314       7067.787    0.000  -0.138   0.380   0.
  2017 352 12 35 20 499 352.524542815      -1.46      1.96     -0.65  0.       -1544.358       6232.925       7067.169    0.000  -0.139   0.381   0.
  2017 352 12 35 21 499 352.524554389      -1.32      2.08     -1.29  0.       -1545.659       6233.536       7066.551    0.000  -0.139   0.381   0.
  2017 352 12 35 22 499 352.524565964      -1.23      2.00     -1.16  0.       -1546.959       6234.147       7065.933    0.000  -0.138   0.380   0.
  2017 352 12 35 23 499 352.524577537      -0.75      1.97     -0.84  0.       -1548.260       6234.757       7065.314    0.000  -0.138   0.380   0.
  2017 352 12 35 24 499 352.524589109      -0.54      1.33     -0.82  0.       -1549.560       6235.367       7064.695    0.000  -0.138   0.380   0.
  2017 352 12 35 25 499 352.524600683      -0.15      1.27     -0.95  0.       -1550.860       6235.977       7064.075    0.000  -0.138   0.380   0.
  2017 352 12 35 26 499 352.524612257      -0.40      0.98     -1.10  0.       -1552.161       6236.586       7063.455    0.000  -0.139   0.381   0.
  2017 352 12 35 27 498 352.524623831      -0.54      0.74     -1.28  0.       -1553.461       6237.195       7062.835    0.000  -0.139   0.381   0.
  2017 352 12 35 28 498 352.524635405      -0.81      0.67     -1.58  0.       -1554.761       6237.804       7062.214    0.000  -0.138   0.380   0.
  2017 352 12 35 29 498 352.524646979      -0.79      0.84     -1.34  0.       -1556.061       6238.412       7061.593    0.000  -0.138   0.380   0.
  2017 352 12 35 30 498 352.524658553      -0.87      1.05     -1.10  0.       -1557.361       6239.020       7060.972    0.000  -0.139   0.381   0.
  2017 352 12 35 31 498 352.524670127      -0.65      1.10     -1.37  0.       -1558.661       6239.629       7060.350    0.000  -0.139   0.381   0.
  2017 352 12 35 32 499 352.524681701      -0.46      1.25     -1.26  0.       -1559.961       6240.236       7059.728    0.000  -0.138   0.380   0.
  2017 352 12 35 33 499 352.524693275      -0.83      0.92     -1.28  0.       -1561.261       6240.844       7059.106    0.000  -0.138   0.380   0.
  2017 352 12 35 34 498 352.524704850      -0.87      0.66     -1.45  0.       -1562.560       6241.451       7058.483    0.000  -0.138   0.380   0.
  2017 352 12 35 35 498 352.524716424      -0.69      0.71     -1.58  0.       -1563.860       6242.057       7057.860    0.000  -0.138   0.380   0.
  2017 352 12 35 36 499 352.524727998      -0.72      0.85     -1.53  0.       -1565.159       6242.664       7057.237    0.000  -0.139   0.381   0.
  2017 352 12 35 37 499 352.524739572      -0.78      0.77     -1.47  0.       -1566.459       6243.270       7056.613    0.000  -0.139   0.381   0.
  2017 352 12 35 38 499 352.524751146      -0.37      0.74     -1.57  0.       -1567.758       6243.876       7055.989    0.000  -0.139   0.381   0.
  2017 352 12 35 39 499 352.524762720      -0.20      0.91     -1.47  0.       -1569.057       6244.481       7055.365    0.000  -0.139   0.381   0.
  2017 352 12 35 40 499 352.524774294      -0.66      0.97     -1.28  0.       -1570.357       6245.086       7054.740    0.000  -0.138   0.380   0.
  2017 352 12 35 41 498 352.524785868      -0.80      1.00     -1.13  0.       -1571.656       6245.691       7054.115    0.000  -0.138   0.380   0.
  2017 352 12 35 42 498 352.524797442      -0.61      1.02     -1.28  0.       -1572.955       6246.296       7053.489    0.000  -0.139   0.381   0.
  2017 352 12 35 43 498 352.524809016      -0.34      1.41     -1.25  0.       -1574.254       6246.900       7052.863    0.000  -0.139   0.381   0.
  2017 352 12 35 44 498 352.524820590      -0.25      1.16     -1.07  0.       -1575.553       6247.504       7052.237    0.000  -0.139   0.381   0.
  2017 352 12 35 45 498 352.524832164       0.09      1.14     -0.67  0.       -1576.851       6248.107       7051.611    0.000  -0.139   0.381   0.
  2017 352 12 35 46 499 352.524843738      -0.07      1.33     -0.53  0.       -1578.150       6248.711       7050.984    0.000  -0.139   0.381   0.
  2017 352 12 35 47 498 352.524855312      -0.42      0.88     -0.85  0.       -1579.449       6249.314       7050.357    0.000  -0.139   0.381   0.
  2017 352 12 35 48 498 352.524866887      -0.72      0.69     -1.08  0.       -1580.747       6249.917       7049.729    0.000  -0.139   0.381   0.
  2017 352 12 35 49 499 352.524878461      -0.77      0.82     -1.08  0.       -1582.046       6250.519       7049.101    0.000  -0.139   0.381   0.
  2017 352 12 35 50 499 352.524890035      -0.47      1.03     -0.81  0.       -1583.344       6251.121       7048.473    0.000  -0.139   0.381   0.
  2017 352 12 35 51 499 352.524901609      -0.56      1.03     -0.70  0.       -1584.643       6251.723       7047.845    0.000  -0.139   0.381   0.
  2017 352 12 35 52 499 352.524913183      -0.77      0.94     -0.67  0.       -1585.941       6252.324       7047.216    0.000  -0.138   0.380   0.
  2017 352 12 35 53 499 352.524924757      -0.98      0.82     -0.67  0.       -1587.239       6252.925       7046.586    0.000  -0.138   0.380   0.
  2017 352 12 35 54 498 352.524936328      -1.14      0.81     -0.81  0.       -1588.537       6253.526       7045.957    0.000  -0.139   0.381   0.
  2017 352 12 35 55 498 352.524947902      -1.16      0.94     -0.79  0.       -1589.835       6254.127       7045.327    0.000  -0.139   0.381   0.
  2017 352 12 35 56 498 352.524959476      -1.37      1.47     -1.05  0.       -1591.133       6254.727       7044.696    0.000  -0.139   0.381   0.
  2017 352 12 35 57 498 352.524971050      -1.42      2.18     -0.82  0.       -1592.431       6255.327       7044.066    0.000  -0.139   0.381   0.
  2017 352 12 35 58 498 352.524982624      -0.63      1.90     -0.86  0.       -1593.729       6255.927       7043.435    0.000  -0.138   0.380   0.
  2017 352 12 35 59 498 352.524994198      -0.31      1.54     -1.11  0.       -1595.027       6256.526       7042.803    0.000  -0.138   0.380   0.
  2017 352 12 36  0 498 352.525005773      -0.12      1.75     -1.19  0.       -1596.325       6257.125       7042.172    0.000  -0.138   0.380   0.
  2017 352 12 36  1 498 352.525017347      -0.06      1.56     -1.16  0.       -1597.622       6257.724       7041.540    0.000  -0.138   0.380   0.
  2017 352 12 36  2 498 352.525028921      -0.18      1.43     -1.09  0.       -1598.920       6258.322       7040.907    0.000  -0.138   0.380   0.
  2017 352 12 36  3 498 352.525040495      -0.37      1.43     -1.16  0.       -1600.217       6258.920       7040.274    0.000  -0.138   0.380   0.
  2017 352 12 36  4 498 352.525052069      -0.53      1.55     -0.69  0.       -1601.514       6259.518       7039.641    0.000  -0.139   0.381   0.
  2017 352 12 36  5 498 352.525063643      -0.45      1.64     -0.43  0.       -1602.812       6260.116       7039.008    0.000  -0.139   0.381   0.
  2017 352 12 36  6 498 352.525075217      -0.60      1.69     -0.60  0.       -1604.109       6260.713       7038.374    0.000  -0.139   0.381   0.
  2017 352 12 36  7 498 352.525086791      -0.52      1.48     -0.41  0.       -1605.406       6261.310       7037.740    0.000  -0.139   0.381   0.
  2017 352 12 36  8 498 352.525098365      -0.47      1.39     -0.38  0.       -1606.703       6261.906       7037.106    0.000  -0.138   0.380   0.
  2017 352 12 36  9 498 352.525109939      -0.58      1.20     -0.57  0.       -1608.000       6262.502       7036.471    0.000  -0.138   0.380   0.
  2017 352 12 36 10 498 352.525121513      -0.47      0.97     -0.90  0.       -1609.297       6263.098       7035.836    0.000  -0.139   0.381   0.
  2017 352 12 36 11 498 352.525133087      -0.56      1.02     -1.08  0.       -1610.594       6263.694       7035.200    0.000  -0.139   0.381   0.
  2017 352 12 36 12 498 352.525144661      -0.48      1.48     -0.78  0.       -1611.890       6264.289       7034.564    0.000  -0.138   0.380   0.
  2017 352 12 36 13 498 352.525156236      -0.32      1.52     -0.72  0.       -1613.187       6264.884       7033.928    0.000  -0.138   0.380   0.
  2017 352 12 36 14 498 352.525167810      -0.44      1.45     -0.76  0.       -1614.483       6265.479       7033.292    0.000  -0.138   0.380   0.
  2017 352 12 36 15 498 352.525179384      -0.48      1.33     -0.82  0.       -1615.780       6266.074       7032.655    0.000  -0.138   0.380   0.
  2017 352 12 36 16 498 352.525190958      -0.43      0.96     -0.90  0.       -1617.076       6266.668       7032.017    0.000  -0.139   0.381   0.
  2017 352 12 36 17 498 352.525202532      -0.56      1.08     -0.93  0.       -1618.372       6267.261       7031.380    0.000  -0.139   0.381   0.
  2017 352 12 36 18 498 352.525214106      -0.32      1.30     -0.98  0.       -1619.669       6267.855       7030.742    0.000  -0.138   0.380   0.
  2017 352 12 36 19 498 352.525225680      -0.07      1.72     -0.48  0.       -1620.965       6268.448       7030.104    0.000  -0.138   0.380   0.
  2017 352 12 36 20 498 352.525237254      -0.06      2.00      0.06  0.       -1622.261       6269.041       7029.465    0.000  -0.139   0.381   0.
  2017 352 12 36 21 498 352.525248828      -0.22      1.79      0.06  0.       -1623.557       6269.634       7028.826    0.000  -0.139   0.381   0.
  2017 352 12 36 22 498 352.525260399      -0.23      1.59     -0.24  0.       -1624.853       6270.226       7028.187    0.000  -0.138   0.380   0.
  2017 352 12 36 23 498 352.525271973       0.04      1.60     -0.69  0.       -1626.149       6270.818       7027.547    0.000  -0.138   0.380   0.
  2017 352 12 36 24 498 352.525283547       0.13      1.24     -0.85  0.       -1627.445       6271.409       7026.907    0.000  -0.138   0.380   0.
  2017 352 12 36 25 498 352.525295121      -0.14      1.24     -0.90  0.       -1628.740       6272.001       7026.267    0.000  -0.138   0.380   0.
  2017 352 12 36 26 498 352.525306696      -0.32      0.89     -1.16  0.       -1630.036       6272.592       7025.626    0.000  -0.139   0.381   0.
  2017 352 12 36 27 498 352.525318270      -0.28      0.88     -1.25  0.       -1631.331       6273.183       7024.985    0.000  -0.139   0.381   0.
  2017 352 12 36 28 498 352.525329844       0.00      0.92     -1.22  0.       -1632.627       6273.773       7024.344    0.000  -0.138   0.380   0.
  2017 352 12 36 29 498 352.525341418      -0.13      0.67     -1.12  0.       -1633.922       6274.363       7023.702    0.000  -0.138   0.380   0.
  2017 352 12 36 30 498 352.525352992       0.17      0.62     -1.24  0.       -1635.217       6274.953       7023.060    0.000  -0.139   0.381   0.
  2017 352 12 36 31 498 352.525364566       0.24      0.35     -1.56  0.       -1636.513       6275.542       7022.418    0.000  -0.139   0.381   0.
  2017 352 12 36 32 498 352.525376140      -0.15      0.71     -1.44  0.       -1637.808       6276.132       7021.775    0.000  -0.139   0.381   0.
  2017 352 12 36 33 498 352.525387714      -0.11      0.99     -1.38  0.       -1639.103       6276.721       7021.132    0.000  -0.139   0.381   0.
  2017 352 12 36 34 498 352.525399288      -0.13      1.27     -1.28  0.       -1640.398       6277.309       7020.488    0.000  -0.138   0.380   0.
  2017 352 12 36 35 498 352.525410862      -0.29      1.23     -1.16  0.       -1641.693       6277.897       7019.845    0.000  -0.138   0.380   0.
  2017 352 12 36 36 498 352.525422436      -0.41      1.29     -1.27  0.       -1642.987       6278.485       7019.200    0.000  -0.139   0.381   0.
  2017 352 12 36 37 498 352.525434010      -0.67      1.43     -1.19  0.       -1644.282       6279.073       7018.556    0.000  -0.139   0.381   0.
  2017 352 12 36 38 498 352.525445584      -0.72      1.49     -0.92  0.       -1645.577       6279.660       7017.911    0.000  -0.138   0.380   0.
  2017 352 12 36 39 498 352.525457159      -0.94      1.52     -0.75  0.       -1646.871       6280.247       7017.266    0.000  -0.138   0.380   0.
  2017 352 12 36 40 498 352.525468733      -1.14      1.27     -0.75  0.       -1648.166       6280.834       7016.621    0.000  -0.139   0.381   0.
  2017 352 12 36 41 498 352.525480307      -0.99      1.35     -0.88  0.       -1649.460       6281.421       7015.975    0.000  -0.139   0.381   0.
  2017 352 12 36 42 498 352.525491881      -0.80      1.43     -1.01  0.       -1650.754       6282.007       7015.329    0.000  -0.139   0.381   0.
  2017 352 12 36 43 498 352.525503455      -0.73      1.54     -0.95  0.       -1652.049       6282.593       7014.682    0.000  -0.139   0.381   0.
  2017 352 12 36 44 498 352.525515029      -0.55      1.68     -0.77  0.       -1653.343       6283.178       7014.035    0.000  -0.138   0.380   0.
  2017 352 12 36 45 498 352.525526603      -0.47      1.55     -0.84  0.       -1654.637       6283.763       7013.388    0.000  -0.138   0.380   0.
  2017 352 12 36 46 498 352.525538177      -0.50      1.45     -0.86  0.       -1655.931       6284.348       7012.740    0.000  -0.138   0.380   0.
  2017 352 12 36 47 498 352.525549751      -0.46      1.67     -0.84  0.       -1657.225       6284.933       7012.092    0.000  -0.138   0.380   0.
  2017 352 12 36 48 498 352.525561325      -0.39      1.71     -0.94  0.       -1658.519       6285.517       7011.444    0.000  -0.139   0.381   0.
  2017 352 12 36 49 498 352.525572899      -0.37      1.55     -0.85  0.       -1659.812       6286.101       7010.796    0.000  -0.139   0.381   0.
  2017 352 12 36 50 498 352.525584473      -0.28      1.51     -0.82  0.       -1661.106       6286.685       7010.147    0.000  -0.138   0.380   0.
  2017 352 12 36 51 498 352.525596047      -0.32      1.55     -0.71  0.       -1662.400       6287.268       7009.497    0.000  -0.138   0.380   0.
  2017 352 12 36 52 498 352.525607622      -0.52      1.55     -0.61  0.       -1663.693       6287.851       7008.848    0.000  -0.138   0.380   0.
  2017 352 12 36 53 498 352.525619195      -0.56      1.51     -0.61  0.       -1664.986       6288.434       7008.198    0.000  -0.138   0.380   0.
  2017 352 12 36 54 498 352.525630767      -0.57      1.45     -0.59  0.       -1666.280       6289.016       7007.547    0.000  -0.139   0.381   0.
  2017 352 12 36 55 498 352.525642341      -0.65      1.44     -0.60  0.       -1667.573       6289.598       7006.897    0.000  -0.139   0.381   0.
  2017 352 12 36 56 498 352.525653915      -0.54      1.44     -0.77  0.       -1668.866       6290.180       7006.246    0.000  -0.138   0.380   0.
  2017 352 12 36 57 498 352.525665489      -0.60      1.35     -0.94  0.       -1670.159       6290.761       7005.594    0.000  -0.138   0.380   0.
  2017 352 12 36 58 498 352.525677063      -0.56      1.30     -0.79  0.       -1671.452       6291.343       7004.943    0.000  -0.138   0.380   0.
  2017 352 12 36 59 498 352.525688637      -0.36      1.12     -0.89  0.       -1672.745       6291.924       7004.291    0.000  -0.138   0.380   0.
  2017 352 12 37  0 498 352.525700211      -0.24      1.17     -0.90  0.       -1674.038       6292.504       7003.638    0.000  -0.139   0.381   0.
  2017 352 12 37  1 498 352.525711785      -0.32      1.18     -0.94  0.       -1675.331       6293.084       7002.986    0.000  -0.139   0.381   0.
  2017 352 12 37  2 498 352.525723359      -0.45      1.18     -1.03  0.       -1676.623       6293.664       7002.333    0.000  -0.138   0.380   0.
  2017 352 12 37  3 498 352.525734933      -0.49      1.20     -1.05  0.       -1677.916       6294.244       7001.679    0.000  -0.138   0.380   0.
  2017 352 12 37  4 498 352.525746508      -0.60      1.32     -0.95  0.       -1679.209       6294.824       7001.025    0.000  -0.139   0.381   0.
  2017 352 12 37  5 498 352.525758082      -0.47      1.33     -0.96  0.       -1680.501       6295.403       7000.371    0.000  -0.139   0.381   0.
  2017 352 12 37  6 498 352.525769656      -0.41      1.14     -0.93  0.       -1681.793       6295.981       6999.717    0.000  -0.139   0.381   0.
  2017 352 12 37  7 498 352.525781230      -0.48      1.17     -0.86  0.       -1683.086       6296.560       6999.062    0.000  -0.139   0.381   0.
  2017 352 12 37  8 498 352.525792804      -0.53      1.31     -0.71  0.       -1684.378       6297.138       6998.407    0.000  -0.138   0.380   0.
  2017 352 12 37  9 498 352.525804378      -0.48      1.40     -0.57  0.       -1685.670       6297.716       6997.752    0.000  -0.138   0.380   0.
  2017 352 12 37 10 498 352.525815952      -0.41      1.35     -0.46  0.       -1686.962       6298.293       6997.096    0.000  -0.138   0.380   0.
  2017 352 12 37 11 498 352.525827526      -0.21      1.25     -0.55  0.       -1688.254       6298.870       6996.440    0.000  -0.138   0.380   0.
  2017 352 12 37 12 498 352.525839100       0.00      1.36     -0.94  0.       -1689.546       6299.447       6995.783    0.000  -0.139   0.381   0.
  2017 352 12 37 13 498 352.525850674      -0.18      1.41     -1.20  0.       -1690.838       6300.024       6995.126    0.000  -0.139   0.381   0.
  2017 352 12 37 14 498 352.525862248      -0.31      1.47     -1.16  0.       -1692.129       6300.600       6994.469    0.000  -0.138   0.380   0.
  2017 352 12 37 15 498 352.525873822      -0.43      1.39     -1.42  0.       -1693.421       6301.176       6993.812    0.000  -0.138   0.380   0.
  2017 352 12 37 16 498 352.525885396      -0.40      1.33     -1.37  0.       -1694.712       6301.752       6993.154    0.000  -0.138   0.380   0.
  2017 352 12 37 17 498 352.525896971      -0.36      1.26     -1.16  0.       -1696.004       6302.327       6992.496    0.000  -0.138   0.380   0.
  2017 352 12 37 18 498 352.525908545      -0.27      1.30     -0.92  0.       -1697.295       6302.902       6991.837    0.000  -0.138   0.380   0.
  2017 352 12 37 19 498 352.525920119      -0.01      1.33     -0.96  0.       -1698.586       6303.477       6991.178    0.000  -0.138   0.380   0.
  2017 352 12 37 20 498 352.525931693       0.02      1.12     -0.96  0.       -1699.878       6304.051       6990.519    0.000  -0.139   0.381   0.
  2017 352 12 37 21 498 352.525943267      -0.11      1.01     -0.97  0.       -1701.169       6304.625       6989.859    0.000  -0.139   0.381   0.
  2017 352 12 37 22 498 352.525954841      -0.03      1.00     -1.03  0.       -1702.460       6305.199       6989.200    0.000  -0.138   0.380   0.
  2017 352 12 37 23 497 352.525966415       0.02      1.12     -1.06  0.       -1703.751       6305.773       6988.539    0.000  -0.138   0.380   0.
  2017 352 12 37 24 497 352.525977986       0.07      1.30     -0.93  0.       -1705.041       6306.346       6987.879    0.000  -0.138   0.380   0.
  2017 352 12 37 25 497 352.525989560      -0.00      1.30     -0.89  0.       -1706.332       6306.919       6987.218    0.000  -0.138   0.380   0.
  2017 352 12 37 26 497 352.526001134      -0.25      1.26     -0.94  0.       -1707.623       6307.491       6986.556    0.000  -0.139   0.381   0.
  2017 352 12 37 27 497 352.526012708      -0.34      1.38     -1.12  0.       -1708.914       6308.064       6985.895    0.000  -0.139   0.381   0.
  2017 352 12 37 28 498 352.526024282      -0.53      1.37     -1.28  0.       -1710.204       6308.635       6985.233    0.000  -0.139   0.381   0.
  2017 352 12 37 29 498 352.526035857      -0.56      1.37     -0.98  0.       -1711.495       6309.207       6984.571    0.000  -0.139   0.381   0.
  2017 352 12 37 30 497 352.526047431      -0.33      1.38     -0.86  0.       -1712.785       6309.778       6983.908    0.000  -0.138   0.380   0.
  2017 352 12 37 31 497 352.526059005      -0.28      1.25     -0.83  0.       -1714.075       6310.349       6983.245    0.000  -0.138   0.380   0.
  2017 352 12 37 32 498 352.526070579      -0.24      1.28     -0.97  0.       -1715.365       6310.920       6982.582    0.000  -0.138   0.380   0.
  2017 352 12 37 33 498 352.526082153      -0.41      1.29     -1.07  0.       -1716.656       6311.491       6981.918    0.000  -0.138   0.380   0.
  2017 352 12 37 34 498 352.526093727      -0.44      1.32     -1.04  0.       -1717.946       6312.061       6981.254    0.000  -0.139   0.381   0.
  2017 352 12 37 35 498 352.526105301      -0.79      1.50     -1.27  0.       -1719.236       6312.631       6980.590    0.000  -0.139   0.381   0.
  2017 352 12 37 36 498 352.526116875      -1.81      1.64     -1.33  0.       -1720.525       6313.200       6979.925    0.000  -0.138   0.380   0.
  2017 352 12 37 37 497 352.526128449      -1.55      1.34      0.51  0.       -1721.815       6313.769       6979.260    0.000  -0.138   0.380   0.
  2017 352 12 37 38 497 352.526140023      -0.35      1.87     -0.07  0.       -1723.105       6314.338       6978.595    0.000  -0.138   0.380   0.
  2017 352 12 37 39 497 352.526151597      -1.15      1.78     -0.68  0.       -1724.394       6314.907       6977.929    0.000  -0.138   0.380   0.
  2017 352 12 37 40 497 352.526163171      -1.33      1.73     -0.08  0.       -1725.684       6315.475       6977.263    0.000  -0.139   0.381   0.
  2017 352 12 37 41 498 352.526174745      -0.72      1.74      0.11  0.       -1726.973       6316.043       6976.596    0.000  -0.139   0.381   0.
  2017 352 12 37 42 498 352.526186319      -0.44      1.60      0.01  0.       -1728.263       6316.610       6975.930    0.000  -0.139   0.381   0.
  2017 352 12 37 43 497 352.526197894      -0.47      1.50     -0.17  0.       -1729.552       6317.178       6975.263    0.000  -0.139   0.381   0.
  2017 352 12 37 44 497 352.526209468      -0.51      1.24     -0.30  0.       -1730.841       6317.745       6974.595    0.000  -0.139   0.381   0.
  2017 352 12 37 45 498 352.526221042      -0.54      1.10     -0.47  0.       -1732.130       6318.311       6973.927    0.000  -0.139   0.381   0.
  2017 352 12 37 46 498 352.526232616      -0.55      1.04     -0.43  0.       -1733.419       6318.878       6973.259    0.000  -0.138   0.380   0.
  2017 352 12 37 47 498 352.526244190      -0.61      1.29     -0.44  0.       -1734.708       6319.444       6972.591    0.000  -0.138   0.380   0.
  2017 352 12 37 48 498 352.526255764      -1.11      1.83     -0.25  0.       -1735.997       6320.010       6971.922    0.000  -0.138   0.380   0.
  2017 352 12 37 49 498 352.526267338      -1.00      1.93     -0.24  0.       -1737.286       6320.575       6971.253    0.000  -0.138   0.380   0.
  2017 352 12 37 50 497 352.526278912      -0.51      1.90     -0.38  0.       -1738.574       6321.140       6970.583    0.000  -0.139   0.381   0.
  2017 352 12 37 51 497 352.526290486      -0.33      1.73     -0.47  0.       -1739.863       6321.705       6969.914    0.000  -0.139   0.381   0.
  2017 352 12 37 52 497 352.526302060      -0.35      1.71     -0.55  0.       -1741.152       6322.270       6969.243    0.000  -0.138   0.380   0.
  2017 352 12 37 53 497 352.526313634      -0.50      1.72     -0.64  0.       -1742.440       6322.834       6968.573    0.000  -0.138   0.380   0.
  2017 352 12 37 54 497 352.526325205      -0.61      1.70     -0.50  0.       -1743.728       6323.398       6967.902    0.000  -0.138   0.380   0.
  2017 352 12 37 55 497 352.526336780      -0.70      1.56     -0.50  0.       -1745.017       6323.962       6967.231    0.000  -0.138   0.380   0.
  2017 352 12 37 56 497 352.526348354      -0.38      1.41     -0.39  0.       -1746.305       6324.525       6966.559    0.000  -0.139   0.381   0.
  2017 352 12 37 57 497 352.526359928      -0.26      1.32     -0.44  0.       -1747.593       6325.088       6965.887    0.000  -0.139   0.381   0.
  2017 352 12 37 58 497 352.526371502      -0.12      1.28     -0.52  0.       -1748.881       6325.651       6965.216    0.000  -0.138   0.380   0.
  2017 352 12 37 59 497 352.526383076       0.19      1.28     -0.68  0.       -1750.169       6326.213       6964.543    0.000  -0.138   0.380   0.
  2017 352 12 38  0 497 352.526394650       0.34      1.35     -0.96  0.       -1751.457       6326.775       6963.870    0.000  -0.139   0.381   0.
  2017 352 12 38  1 497 352.526406224       0.43      1.43     -1.01  0.       -1752.744       6327.337       6963.197    0.000  -0.139   0.381   0.
  2017 352 12 38  2 497 352.526417798       0.41      1.31     -1.12  0.       -1754.032       6327.898       6962.523    0.000  -0.138   0.380   0.
  2017 352 12 38  3 497 352.526429372       0.46      1.22     -1.12  0.       -1755.319       6328.460       6961.849    0.000  -0.138   0.380   0.
  2017 352 12 38  4 497 352.526440946       0.49      1.37     -1.36  0.       -1756.607       6329.020       6961.175    0.000  -0.139   0.381   0.
  2017 352 12 38  5 497 352.526452520       0.67      1.53     -1.45  0.       -1757.894       6329.581       6960.501    0.000  -0.139   0.381   0.
  2017 352 12 38  6 497 352.526464094       0.54      1.48     -1.50  0.       -1759.182       6330.141       6959.826    0.000  -0.139   0.381   0.
  2017 352 12 38  7 497 352.526475668       0.20      1.46     -1.44  0.       -1760.469       6330.701       6959.150    0.000  -0.139   0.381   0.
  2017 352 12 38  8 497 352.526487242      -0.06      1.28     -1.17  0.       -1761.756       6331.261       6958.475    0.000  -0.139   0.381   0.
  2017 352 12 38  9 497 352.526498817      -0.02      1.12     -0.87  0.       -1763.043       6331.820       6957.799    0.000  -0.139   0.381   0.
  2017 352 12 38 10 497 352.526510391       0.03      1.10     -0.74  0.       -1764.330       6332.379       6957.123    0.000  -0.138   0.380   0.
  2017 352 12 38 11 497 352.526521965       0.14      1.00     -0.86  0.       -1765.617       6332.938       6956.446    0.000  -0.138   0.380   0.
  2017 352 12 38 12 497 352.526533539       0.31      0.96     -0.85  0.       -1766.904       6333.496       6955.769    0.000  -0.139   0.381   0.
  2017 352 12 38 13 497 352.526545113       0.24      1.01     -1.04  0.       -1768.190       6334.054       6955.092    0.000  -0.139   0.381   0.
  2017 352 12 38 14 497 352.526556687       0.30      1.07     -0.83  0.       -1769.477       6334.612       6954.414    0.000  -0.139   0.381   0.
  2017 352 12 38 15 497 352.526568261       0.79      1.02     -0.64  0.       -1770.764       6335.169       6953.736    0.000  -0.139   0.381   0.
  2017 352 12 38 16 497 352.526579835       0.89      0.88     -0.82  0.       -1772.050       6335.726       6953.058    0.000  -0.138   0.380   0.
  2017 352 12 38 17 497 352.526591409       0.80      1.09     -0.97  0.       -1773.336       6336.283       6952.379    0.000  -0.138   0.380   0.
  2017 352 12 38 18 497 352.526602983       0.78      1.23     -1.06  0.       -1774.622       6336.840       6951.700    0.000  -0.139   0.381   0.
  2017 352 12 38 19 497 352.526614557       0.72      1.25     -0.80  0.       -1775.909       6337.396       6951.021    0.000  -0.139   0.381   0.
  2017 352 12 38 20 497 352.526626131       0.94      1.29     -0.65  0.       -1777.195       6337.952       6950.341    0.000  -0.139   0.381   0.
  2017 352 12 38 21 497 352.526637705       1.14      1.45     -0.64  0.       -1778.481       6338.507       6949.661    0.000  -0.139   0.381   0.
  2017 352 12 38 22 497 352.526649279       1.07      1.51     -0.66  0.       -1779.767       6339.063       6948.981    0.000  -0.138   0.380   0.
  2017 352 12 38 23 497 352.526660854       0.71      1.53     -0.62  0.       -1781.053       6339.618       6948.300    0.000  -0.138   0.380   0.
  2017 352 12 38 24 497 352.526672425       0.61      1.60     -0.59  0.       -1782.338       6340.172       6947.619    0.000  -0.138   0.380   0.
  2017 352 12 38 25 497 352.526683999       0.54      1.59     -0.45  0.       -1783.624       6340.727       6946.938    0.000  -0.138   0.380   0.
  2017 352 12 38 26 497 352.526695573       0.37      1.52     -0.38  0.       -1784.910       6341.281       6946.256    0.000  -0.139   0.381   0.
  2017 352 12 38 27 497 352.526707147       0.34      1.30     -0.35  0.       -1786.195       6341.835       6945.574    0.000  -0.139   0.381   0.
  2017 352 12 38 28 497 352.526718721       0.41      1.21     -0.69  0.       -1787.480       6342.388       6944.892    0.000  -0.138   0.380   0.
  2017 352 12 38 29 497 352.526730295       0.41      1.03     -0.98  0.       -1788.766       6342.941       6944.209    0.000  -0.138   0.380   0.
  2017 352 12 38 30 497 352.526741869       0.39      0.92     -1.09  0.       -1790.051       6343.494       6943.526    0.000  -0.138   0.380   0.
  2017 352 12 38 31 497 352.526753443       0.29      0.96     -1.15  0.       -1791.336       6344.046       6942.842    0.000  -0.138   0.380   0.
  2017 352 12 38 32 497 352.526765017       0.22      1.04     -1.19  0.       -1792.621       6344.598       6942.159    0.000  -0.138   0.380   0.
  2017 352 12 38 33 497 352.526776591       0.05      1.04     -1.29  0.       -1793.906       6345.150       6941.474    0.000  -0.138   0.380   0.
  2017 352 12 38 34 497 352.526788165      -0.28      1.04     -1.27  0.       -1795.191       6345.702       6940.790    0.000  -0.138   0.380   0.
  2017 352 12 38 35 497 352.526799740      -0.33      1.13     -1.22  0.       -1796.476       6346.253       6940.105    0.000  -0.138   0.380   0.
  2017 352 12 38 36 497 352.526811314      -0.49      1.15     -1.22  0.       -1797.761       6346.804       6939.420    0.000  -0.139   0.381   0.
  2017 352 12 38 37 497 352.526822888      -0.77      1.15     -1.01  0.       -1799.045       6347.355       6938.735    0.000  -0.139   0.381   0.
  2017 352 12 38 38 497 352.526834462      -1.10      1.05     -1.02  0.       -1800.330       6347.905       6938.049    0.000  -0.138   0.380   0.
  2017 352 12 38 39 497 352.526846036      -1.10      1.19     -1.28  0.       -1801.614       6348.455       6937.363    0.000  -0.138   0.380   0.
  2017 352 12 38 40 497 352.526857610      -1.35      1.22     -1.50  0.       -1802.898       6349.005       6936.676    0.000  -0.139   0.381   0.
  2017 352 12 38 41 497 352.526869184      -1.50      1.13     -1.20  0.       -1804.183       6349.554       6935.990    0.000  -0.139   0.381   0.
  2017 352 12 38 42 497 352.526880758      -1.13      1.28     -0.75  0.       -1805.467       6350.104       6935.302    0.000  -0.138   0.380   0.
  2017 352 12 38 43 497 352.526892332      -0.82      1.45     -0.89  0.       -1806.751       6350.652       6934.615    0.000  -0.138   0.380   0.
  2017 352 12 38 44 497 352.526903906      -0.98      1.38     -1.17  0.       -1808.035       6351.201       6933.927    0.000  -0.138   0.380   0.
  2017 352 12 38 45 497 352.526915480      -0.91      1.46     -1.21  0.       -1809.319       6351.749       6933.239    0.000  -0.138   0.380   0.
  2017 352 12 38 46 497 352.526927054      -1.07      1.54     -1.47  0.       -1810.603       6352.297       6932.551    0.000  -0.139   0.381   0.
  2017 352 12 38 47 497 352.526938628      -0.96      1.45     -0.88  0.       -1811.886       6352.844       6931.862    0.000  -0.139   0.381   0.
  2017 352 12 38 48 497 352.526950203      -0.56      1.57     -0.68  0.       -1813.170       6353.392       6931.173    0.000  -0.138   0.380   0.
  2017 352 12 38 49 497 352.526961777      -0.17      1.57     -0.72  0.       -1814.454       6353.939       6930.483    0.000  -0.138   0.380   0.
  2017 352 12 38 50 497 352.526973351       0.24      1.28     -1.00  0.       -1815.737       6354.485       6929.793    0.000  -0.139   0.381   0.
  2017 352 12 38 51 497 352.526984925       0.36      1.35     -0.84  0.       -1817.020       6355.031       6929.103    0.000  -0.139   0.381   0.
  2017 352 12 38 52 497 352.526996499       0.19      1.48     -0.95  0.       -1818.304       6355.577       6928.413    0.000  -0.138   0.380   0.
  2017 352 12 38 53 497 352.527008073      -0.02      1.54     -0.77  0.       -1819.587       6356.123       6927.722    0.000  -0.138   0.380   0.
  2017 352 12 38 54 497 352.527019644       0.07      1.63     -0.52  0.       -1820.870       6356.669       6927.031    0.000  -0.139   0.381   0.
  2017 352 12 38 55 497 352.527031218      -0.10      1.47     -0.59  0.       -1822.153       6357.214       6926.339    0.000  -0.139   0.381   0.
  2017 352 12 38 56 497 352.527042792      -0.07      1.47     -0.50  0.       -1823.436       6357.759       6925.647    0.000  -0.138   0.380   0.
  2017 352 12 38 57 497 352.527054366      -0.09      1.46     -0.49  0.       -1824.719       6358.303       6924.955    0.000  -0.138   0.380   0.
  2017 352 12 38 58 497 352.527065940       0.01      1.35     -0.59  0.       -1826.002       6358.846       6924.262    0.000  -0.139   0.381   0.
  2017 352 12 38 59 497 352.527077514       0.13      1.33     -0.68  0.       -1827.284       6359.390       6923.570    0.000  -0.139   0.381   0.
  2017 352 12 39  0 497 352.527089089      -0.12      1.53     -0.79  0.       -1828.567       6359.934       6922.876    0.000  -0.138   0.380   0.
  2017 352 12 39  1 497 352.527100663      -0.32      1.45     -1.00  0.       -1829.849       6360.477       6922.183    0.000  -0.138   0.380   0.
  2017 352 12 39  2 497 352.527112237      -0.33      1.17     -0.97  0.       -1831.132       6361.020       6921.489    0.000  -0.138   0.380   0.
  2017 352 12 39  3 497 352.527123811      -0.46      1.19     -1.02  0.       -1832.414       6361.563       6920.795    0.000  -0.138   0.380   0.
  2017 352 12 39  4 497 352.527135385      -0.77      1.33     -0.87  0.       -1833.696       6362.105       6920.100    0.000  -0.139   0.381   0.
  2017 352 12 39  5 497 352.527146959      -0.88      1.68     -0.67  0.       -1834.978       6362.647       6919.405    0.000  -0.139   0.381   0.
  2017 352 12 39  6 497 352.527158533      -1.17      1.86     -0.52  0.       -1836.260       6363.189       6918.710    0.000  -0.138   0.380   0.
  2017 352 12 39  7 497 352.527170107      -1.02      1.78      0.02  0.       -1837.542       6363.730       6918.014    0.000  -0.138   0.380   0.
  2017 352 12 39  8 497 352.527181681      -0.55      1.34      0.00  0.       -1838.824       6364.271       6917.318    0.000  -0.139   0.381   0.
  2017 352 12 39  9 497 352.527193255      -0.54      1.23     -0.31  0.       -1840.106       6364.812       6916.622    0.000  -0.139   0.381   0.
  2017 352 12 39 10 497 352.527204829      -0.72      1.21     -0.50  0.       -1841.388       6365.353       6915.926    0.000  -0.138   0.380   0.
  2017 352 12 39 11 497 352.527216403      -0.66      1.34     -0.39  0.       -1842.669       6365.893       6915.229    0.000  -0.138   0.380   0.
  2017 352 12 39 12 497 352.527227977      -0.42      1.09     -0.58  0.       -1843.951       6366.432       6914.531    0.000  -0.138   0.380   0.
  2017 352 12 39 13 497 352.527239552      -0.21      1.07     -1.33  0.       -1845.232       6366.972       6913.834    0.000  -0.138   0.380   0.
  2017 352 12 39 14 497 352.527251126      -0.54      1.18     -1.53  0.       -1846.514       6367.511       6913.136    0.000  -0.138   0.380   0.
  2017 352 12 39 15 497 352.527262700      -0.83      1.37     -1.33  0.       -1847.795       6368.050       6912.438    0.000  -0.138   0.380   0.
  2017 352 12 39 16 497 352.527274274      -0.98      1.48     -0.82  0.       -1849.076       6368.589       6911.739    0.000  -0.139   0.381   0.
  2017 352 12 39 17 497 352.527285848      -0.55      1.54     -0.70  0.       -1850.357       6369.127       6911.040    0.000  -0.139   0.381   0.
  2017 352 12 39 18 497 352.527297422      -0.67      1.65     -0.70  0.       -1851.638       6369.665       6910.341    0.000  -0.139   0.381   0.
  2017 352 12 39 19 497 352.527308996      -0.78      1.65     -0.85  0.       -1852.919       6370.202       6909.641    0.000  -0.139   0.381   0.
  2017 352 12 39 20 497 352.527320570      -0.90      1.41     -0.83  0.       -1854.200       6370.740       6908.941    0.000  -0.138   0.380   0.
  2017 352 12 39 21 497 352.527332144      -0.87      1.24     -0.72  0.       -1855.480       6371.277       6908.241    0.000  -0.138   0.380   0.
  2017 352 12 39 22 497 352.527343718      -0.77      1.30     -0.53  0.       -1856.761       6371.813       6907.540    0.000  -0.139   0.381   0.
  2017 352 12 39 23 497 352.527355292      -0.87      1.41     -0.77  0.       -1858.041       6372.350       6906.839    0.000  -0.139   0.381   0.
  2017 352 12 39 24 497 352.527366863      -0.97      1.44     -0.84  0.       -1859.322       6372.886       6906.138    0.000  -0.139   0.381   0.
  2017 352 12 39 25 497 352.527378437      -0.59      1.38     -0.82  0.       -1860.602       6373.422       6905.436    0.000  -0.139   0.381   0.
  2017 352 12 39 26 496 352.527390012      -0.13      1.32     -0.67  0.       -1861.882       6373.957       6904.734    0.000  -0.138   0.380   0.
  2017 352 12 39 27 496 352.527401586       0.15      1.36     -0.64  0.       -1863.163       6374.492       6904.032    0.000  -0.138   0.380   0.
  2017 352 12 39 28 497 352.527413160       0.18      0.95     -0.91  0.       -1864.443       6375.027       6903.329    0.000  -0.139   0.381   0.
  2017 352 12 39 29 497 352.527424734      -0.17      0.72     -0.85  0.       -1865.723       6375.562       6902.626    0.000  -0.139   0.381   0.
  2017 352 12 39 30 497 352.527436308      -0.37      0.77     -0.91  0.       -1867.002       6376.096       6901.923    0.000  -0.139   0.381   0.
  2017 352 12 39 31 497 352.527447882      -0.27      1.02     -0.96  0.       -1868.282       6376.630       6901.219    0.000  -0.139   0.381   0.
  2017 352 12 39 32 496 352.527459456      -0.05      1.08     -0.86  0.       -1869.562       6377.163       6900.515    0.000  -0.139   0.381   0.
  2017 352 12 39 33 496 352.527471030       0.44      1.37     -0.86  0.       -1870.842       6377.697       6899.811    0.000  -0.139   0.381   0.
  2017 352 12 39 34 496 352.527482604       0.91      1.32     -1.16  0.       -1872.121       6378.230       6899.106    0.000  -0.138   0.380   0.
  2017 352 12 39 35 496 352.527494178       0.78      1.23     -1.09  0.       -1873.400       6378.762       6898.401    0.000  -0.138   0.380   0.
  2017 352 12 39 36 496 352.527505752       0.60      1.46     -1.07  0.       -1874.680       6379.295       6897.696    0.000  -0.138   0.380   0.
  2017 352 12 39 37 497 352.527517326       0.34      1.48     -1.13  0.       -1875.959       6379.827       6896.990    0.000  -0.138   0.380   0.
  2017 352 12 39 38 497 352.527528900       0.70      1.60     -0.85  0.       -1877.238       6380.359       6896.284    0.000  -0.139   0.381   0.
  2017 352 12 39 39 496 352.527540475       1.12      1.52     -1.01  0.       -1878.517       6380.890       6895.578    0.000  -0.139   0.381   0.
  2017 352 12 39 40 496 352.527552049       0.80      1.30     -1.17  0.       -1879.796       6381.421       6894.871    0.000  -0.138   0.380   0.
  2017 352 12 39 41 497 352.527563623       0.53      1.37     -0.83  0.       -1881.075       6381.952       6894.164    0.000  -0.138   0.380   0.
  2017 352 12 39 42 497 352.527575197       0.67      1.46     -0.63  0.       -1882.354       6382.482       6893.457    0.000  -0.139   0.381   0.
  2017 352 12 39 43 497 352.527586771       0.60      1.36     -1.05  0.       -1883.633       6383.013       6892.749    0.000  -0.139   0.381   0.
  2017 352 12 39 44 497 352.527598345       0.41      1.25     -1.48  0.       -1884.911       6383.542       6892.041    0.000  -0.139   0.381   0.
  2017 352 12 39 45 497 352.527609919       0.10      0.93     -1.56  0.       -1886.190       6384.072       6891.333    0.000  -0.139   0.381   0.
  2017 352 12 39 46 496 352.527621493       0.07      0.85     -1.48  0.       -1887.468       6384.601       6890.624    0.000  -0.138   0.380   0.
  2017 352 12 39 47 496 352.527633067      -0.14      0.95     -1.68  0.       -1888.746       6385.130       6889.915    0.000  -0.138   0.380   0.
  2017 352 12 39 48 496 352.527644641       0.13      1.30     -1.86  0.       -1890.025       6385.659       6889.206    0.000  -0.138   0.380   0.
  2017 352 12 39 49 496 352.527656215       0.57      1.15     -2.08  0.       -1891.303       6386.187       6888.496    0.000  -0.138   0.380   0.
  2017 352 12 39 50 497 352.527667789       0.83      0.70     -2.09  0.       -1892.581       6386.715       6887.786    0.000  -0.139   0.381   0.
  2017 352 12 39 51 497 352.527679363       0.58      0.25     -2.20  0.       -1893.859       6387.243       6887.076    0.000  -0.139   0.381   0.
  2017 352 12 39 52 496 352.527690938       0.04      0.44     -2.16  0.       -1895.137       6387.770       6886.365    0.000  -0.139   0.381   0.
  2017 352 12 39 53 496 352.527702512      -0.39      0.91     -1.65  0.       -1896.414       6388.297       6885.654    0.000  -0.139   0.381   0.
  2017 352 12 39 54 496 352.527714083      -0.56      0.98     -1.47  0.       -1897.692       6388.824       6884.943    0.000  -0.138   0.380   0.
  2017 352 12 39 55 496 352.527725657      -0.51      0.58     -1.31  0.       -1898.970       6389.351       6884.231    0.000  -0.138   0.380   0.
  2017 352 12 39 56 496 352.527737231      -1.02      0.60     -1.40  0.       -1900.247       6389.877       6883.519    0.000  -0.138   0.380   0.
  2017 352 12 39 57 496 352.527748805      -1.07      1.26     -0.99  0.       -1901.525       6390.403       6882.806    0.000  -0.138   0.380   0.
  2017 352 12 39 58 496 352.527760379      -0.48      2.20     -0.33  0.       -1902.802       6390.928       6882.094    0.000  -0.139   0.381   0.
  2017 352 12 39 59 496 352.527771953       0.54      1.98     -0.11  0.       -1904.079       6391.453       6881.381    0.000  -0.139   0.381   0.
  2017 352 12 40  0 496 352.527783527       0.93      1.68     -0.20  0.       -1905.356       6391.978       6880.667    0.000  -0.138   0.380   0.
  2017 352 12 40  1 496 352.527795101       0.68      1.71     -0.22  0.       -1906.633       6392.503       6879.953    0.000  -0.138   0.380   0.
  2017 352 12 40  2 496 352.527806675       0.08      0.63     -2.18  0.       -1907.910       6393.027       6879.239    0.000  -0.138   0.380   0.
  2017 352 12 40  3 496 352.527818249      -0.56     -0.94     -2.56  0.       -1909.187       6393.551       6878.525    0.000  -0.138   0.380   0.
  2017 352 12 40  4 496 352.527829823      -1.10     -1.09     -3.00  0.       -1910.464       6394.075       6877.810    0.000  -0.139   0.381   0.
  2017 352 12 40  5 496 352.527841398      -1.24     -1.23     -2.38  0.       -1911.740       6394.598       6877.095    0.000  -0.139   0.381   0.
  2017 352 12 40  6 496 352.527852972      -1.51     -0.09     -2.11  0.       -1913.017       6395.121       6876.380    0.000  -0.138   0.380   0.
  2017 352 12 40  7 496 352.527864546      -0.94     -0.12     -2.27  0.       -1914.293       6395.644       6875.664    0.000  -0.138   0.380   0.
  2017 352 12 40  8 496 352.527876120      -1.58     -0.02     -1.93  0.       -1915.570       6396.166       6874.948    0.000  -0.139   0.381   0.
  2017 352 12 40  9 496 352.527887694      -0.93      0.67     -2.48  0.       -1916.846       6396.688       6874.232    0.000  -0.139   0.381   0.
  2017 352 12 40 10 496 352.527899268      -0.76      0.96     -2.34  0.       -1918.122       6397.210       6873.515    0.000  -0.138   0.380   0.
  2017 352 12 40 11 496 352.527910842      -0.58      1.49     -1.48  0.       -1919.398       6397.732       6872.798    0.000  -0.138   0.380   0.
  2017 352 12 40 12 496 352.527922416      -0.54      1.48     -1.45  0.       -1920.674       6398.253       6872.080    0.000  -0.138   0.380   0.
  2017 352 12 40 13 496 352.527933990      -0.78      1.24     -1.57  0.       -1921.950       6398.774       6871.363    0.000  -0.138   0.380   0.
  2017 352 12 40 14 496 352.527945564      -0.27      1.43     -1.55  0.       -1923.226       6399.294       6870.644    0.000  -0.138   0.380   0.
  2017 352 12 40 15 496 352.527957138       0.32      0.87     -1.86  0.       -1924.502       6399.815       6869.926    0.000  -0.138   0.380   0.
  2017 352 12 40 16 496 352.527968712      -0.35      0.51     -1.73  0.       -1925.777       6400.335       6869.207    0.000  -0.138   0.380   0.
  2017 352 12 40 17 496 352.527980286      -0.46      0.21     -1.52  0.       -1927.053       6400.854       6868.488    0.000  -0.138   0.380   0.
  2017 352 12 40 18 496 352.527991861      -1.04      0.47     -1.29  0.       -1928.329       6401.373       6867.769    0.000  -0.138   0.380   0.
  2017 352 12 40 19 496 352.528003435      -1.20      0.96     -1.22  0.       -1929.604       6401.892       6867.049    0.000  -0.138   0.380   0.
  2017 352 12 40 20 496 352.528015009      -1.40      0.83     -1.20  0.       -1930.879       6402.411       6866.329    0.000  -0.139   0.381   0.
  2017 352 12 40 21 496 352.528026583      -1.67      0.72     -1.20  0.       -1932.154       6402.929       6865.609    0.000  -0.139   0.381   0.
  2017 352 12 40 22 496 352.528038157      -1.75      1.40     -1.11  0.       -1933.429       6403.448       6864.888    0.000  -0.138   0.380   0.
  2017 352 12 40 23 496 352.528049731      -0.85      2.32     -1.03  0.       -1934.704       6403.965       6864.167    0.000  -0.138   0.380   0.
  2017 352 12 40 24 496 352.528061302      -0.25      1.87     -0.67  0.       -1935.979       6404.483       6863.445    0.000  -0.139   0.381   0.
  2017 352 12 40 25 496 352.528072876      -0.90      1.74     -0.82  0.       -1937.254       6405.000       6862.724    0.000  -0.139   0.381   0.
  2017 352 12 40 26 496 352.528084450      -1.31      2.01     -0.80  0.       -1938.529       6405.517       6862.001    0.000  -0.139   0.381   0.
  2017 352 12 40 27 496 352.528096024      -1.61      3.01     -1.03  0.       -1939.803       6406.033       6861.279    0.000  -0.139   0.381   0.
  2017 352 12 40 28 496 352.528107598      -2.25      2.65     -0.36  0.       -1941.078       6406.549       6860.556    0.000  -0.138   0.380   0.
  2017 352 12 40 29 496 352.528119172      -1.37      2.70     -0.30  0.       -1942.352       6407.065       6859.833    0.000  -0.138   0.380   0.
  2017 352 12 40 30 496 352.528130746      -0.36      2.12     -0.40  0.       -1943.626       6407.581       6859.110    0.000  -0.139   0.381   0.
  2017 352 12 40 31 496 352.528142321       0.55      2.19     -0.46  0.       -1944.901       6408.096       6858.386    0.000  -0.139   0.381   0.
  2017 352 12 40 32 496 352.528153895       0.96      1.96     -0.73  0.       -1946.175       6408.611       6857.662    0.000  -0.139   0.381   0.
  2017 352 12 40 33 496 352.528165469       1.04      1.55     -0.95  0.       -1947.449       6409.126       6856.937    0.000  -0.139   0.381   0.
  2017 352 12 40 34 496 352.528177043       0.84      1.42     -0.89  0.       -1948.723       6409.640       6856.213    0.000  -0.138   0.380   0.
  2017 352 12 40 35 496 352.528188617       0.81      1.58     -0.71  0.       -1949.997       6410.154       6855.488    0.000  -0.138   0.380   0.
  2017 352 12 40 36 496 352.528200191       1.03      1.36     -0.83  0.       -1951.270       6410.668       6854.762    0.000  -0.139   0.381   0.
  2017 352 12 40 37 496 352.528211765       0.93      0.95     -1.20  0.       -1952.544       6411.181       6854.036    0.000  -0.139   0.381   0.
  2017 352 12 40 38 496 352.528223339       0.87      0.57     -1.62  0.       -1953.818       6411.694       6853.310    0.000  -0.139   0.381   0.
  2017 352 12 40 39 496 352.528234913       0.85      0.39     -1.86  0.       -1955.091       6412.207       6852.584    0.000  -0.139   0.381   0.
  2017 352 12 40 40 496 352.528246487       0.99      0.62     -1.76  0.       -1956.364       6412.720       6851.857    0.000  -0.138   0.380   0.
  2017 352 12 40 41 496 352.528258061       1.14      0.55     -1.58  0.       -1957.638       6413.232       6851.130    0.000  -0.138   0.380   0.
  2017 352 12 40 42 496 352.528269635       1.49      0.89     -1.65  0.       -1958.911       6413.744       6850.403    0.000  -0.139   0.381   0.
  2017 352 12 40 43 496 352.528281209       1.95      0.77     -1.71  0.       -1960.184       6414.255       6849.675    0.000  -0.139   0.381   0.
  2017 352 12 40 44 496 352.528292784       1.80      0.60     -1.92  0.       -1961.457       6414.766       6848.947    0.000  -0.139   0.381   0.
  2017 352 12 40 45 496 352.528304358       1.85      0.62     -1.85  0.       -1962.730       6415.277       6848.218    0.000  -0.139   0.381   0.
  2017 352 12 40 46 496 352.528315932       1.59      0.63     -1.93  0.       -1964.003       6415.788       6847.490    0.000  -0.138   0.380   0.
  2017 352 12 40 47 496 352.528327506       1.97      0.93     -2.68  0.       -1965.275       6416.298       6846.760    0.000  -0.138   0.380   0.
  2017 352 12 40 48 496 352.528339080       2.38      0.56     -2.67  0.       -1966.548       6416.808       6846.031    0.000  -0.139   0.381   0.
  2017 352 12 40 49 496 352.528350654       1.54      0.32     -2.56  0.       -1967.820       6417.318       6845.301    0.000  -0.139   0.381   0.
  2017 352 12 40 50 496 352.528362228       1.22      0.46     -2.40  0.       -1969.093       6417.827       6844.571    0.000  -0.139   0.381   0.
  2017 352 12 40 51 496 352.528373802       0.96      0.42     -2.40  0.       -1970.365       6418.336       6843.841    0.000  -0.139   0.381   0.
  2017 352 12 40 52 496 352.528385376       0.87      0.00     -2.50  0.       -1971.637       6418.845       6843.110    0.000  -0.139   0.381   0.
  2017 352 12 40 53 496 352.528396950       0.31     -0.30     -2.43  0.       -1972.909       6419.353       6842.379    0.000  -0.139   0.381   0.
  2017 352 12 40 54 496 352.528408521       0.15     -0.69     -2.84  0.       -1974.182       6419.861       6841.648    0.000  -0.138   0.380   0.
  2017 352 12 40 55 496 352.528420095      -0.17     -0.91     -2.69  0.       -1975.453       6420.369       6840.916    0.000  -0.138   0.380   0.
  2017 352 12 40 56 496 352.528431670      -0.34     -0.92     -2.40  0.       -1976.725       6420.877       6840.184    0.000  -0.139   0.381   0.
  2017 352 12 40 57 496 352.528443244      -0.72     -0.79     -1.83  0.       -1977.997       6421.384       6839.451    0.000  -0.139   0.381   0.
  2017 352 12 40 58 496 352.528454818      -1.05      0.12     -1.82  0.       -1979.269       6421.891       6838.719    0.000  -0.139   0.381   0.
  2017 352 12 40 59 496 352.528466392      -0.71      1.22     -1.19  0.       -1980.540       6422.397       6837.986    0.000  -0.139   0.381   0.
  2017 352 12 41  0 496 352.528477966      -0.08      1.77     -0.88  0.       -1981.812       6422.903       6837.252    0.000  -0.139   0.381   0.
  2017 352 12 41  1 496 352.528489540       0.59      1.86     -0.80  0.       -1983.083       6423.409       6836.518    0.000  -0.139   0.381   0.
  2017 352 12 41  2 496 352.528501114       0.81      1.06     -1.06  0.       -1984.354       6423.915       6835.784    0.000  -0.138   0.380   0.
  2017 352 12 41  3 496 352.528512688       0.11      0.25     -1.43  0.       -1985.625       6424.420       6835.050    0.000  -0.138   0.380   0.
  2017 352 12 41  4 496 352.528524262       0.23      0.83     -1.14  0.       -1986.897       6424.925       6834.315    0.000  -0.138   0.380   0.
  2017 352 12 41  5 496 352.528535836       0.16      1.16     -1.18  0.       -1988.168       6425.430       6833.580    0.000  -0.138   0.380   0.
  2017 352 12 41  6 496 352.528547410      -0.23      1.28     -0.99  0.       -1989.438       6425.934       6832.845    0.000  -0.139   0.381   0.
  2017 352 12 41  7 496 352.528558984      -0.33      1.47     -1.12  0.       -1990.709       6426.438       6832.109    0.000  -0.139   0.381   0.
  2017 352 12 41  8 496 352.528570558      -0.12      1.25     -1.44  0.       -1991.980       6426.942       6831.373    0.000  -0.138   0.380   0.
  2017 352 12 41  9 496 352.528582133      -0.48      0.83     -1.32  0.       -1993.250       6427.445       6830.636    0.000  -0.138   0.380   0.
  2017 352 12 41 10 496 352.528593707      -0.63      0.68     -1.31  0.       -1994.521       6427.949       6829.900    0.000  -0.138   0.380   0.
  2017 352 12 41 11 496 352.528605281      -0.69      0.74     -1.35  0.       -1995.791       6428.451       6829.163    0.000  -0.138   0.380   0.
  2017 352 12 41 12 496 352.528616855      -0.75      0.92     -1.40  0.       -1997.062       6428.954       6828.425    0.000  -0.139   0.381   0.
  2017 352 12 41 13 496 352.528628429      -0.87      1.13     -1.35  0.       -1998.332       6429.456       6827.687    0.000  -0.139   0.381   0.
  2017 352 12 41 14 496 352.528640003      -1.21      1.68     -1.43  0.       -1999.602       6429.958       6826.949    0.000  -0.138   0.380   0.
  2017 352 12 41 15 496 352.528651577      -0.83      2.28     -1.31  0.       -2000.872       6430.459       6826.211    0.000  -0.138   0.380   0.
  2017 352 12 41 16 496 352.528663151       0.01      2.38     -1.19  0.       -2002.142       6430.961       6825.472    0.000  -0.138   0.380   0.
  2017 352 12 41 17 496 352.528674725       0.45      2.20     -0.98  0.       -2003.412       6431.462       6824.733    0.000  -0.138   0.380   0.
  2017 352 12 41 18 496 352.528686299       0.28      1.75     -1.11  0.       -2004.681       6431.962       6823.994    0.000  -0.138   0.380   0.
  2017 352 12 41 19 496 352.528697873       0.11      0.91     -1.58  0.       -2005.951       6432.463       6823.254    0.000  -0.138   0.380   0.
  2017 352 12 41 20 496 352.528709447      -0.20      0.42     -2.29  0.       -2007.221       6432.962       6822.514    0.000  -0.138   0.380   0.
  2017 352 12 41 21 496 352.528721021      -0.35      0.38     -1.62  0.       -2008.490       6433.462       6821.774    0.000  -0.138   0.380   0.
  2017 352 12 41 22 496 352.528732595      -0.48      0.81     -1.27  0.       -2009.759       6433.962       6821.033    0.000  -0.139   0.381   0.
  2017 352 12 41 23 496 352.528744169      -1.00      1.44     -1.24  0.       -2011.029       6434.461       6820.292    0.000  -0.139   0.381   0.
  2017 352 12 41 24 496 352.528755741      -1.00      1.23     -0.89  0.       -2012.298       6434.959       6819.550    0.000  -0.138   0.380   0.
  2017 352 12 41 25 496 352.528767315      -1.36      1.04     -0.76  0.       -2013.567       6435.458       6818.809    0.000  -0.138   0.380   0.
  2017 352 12 41 26 496 352.528778889      -1.28      0.81     -0.85  0.       -2014.836       6435.956       6818.067    0.000  -0.139   0.381   0.
  2017 352 12 41 27 496 352.528790463      -1.19      0.81     -1.20  0.       -2016.104       6436.454       6817.324    0.000  -0.139   0.381   0.
  2017 352 12 41 28 495 352.528802037      -1.66      1.51     -1.28  0.       -2017.373       6436.951       6816.582    0.000  -0.138   0.380   0.
  2017 352 12 41 29 495 352.528813611      -1.92      0.89     -1.30  0.       -2018.642       6437.448       6815.839    0.000  -0.138   0.380   0.
  2017 352 12 41 30 495 352.528825185      -1.85      0.62     -1.32  0.       -2019.910       6437.945       6815.095    0.000  -0.138   0.380   0.
  2017 352 12 41 31 495 352.528836759      -2.26      1.72     -1.35  0.       -2021.179       6438.442       6814.351    0.000  -0.138   0.380   0.
  2017 352 12 41 32 495 352.528848333      -1.35      2.60     -1.40  0.       -2022.447       6438.938       6813.608    0.000  -0.139   0.381   0.
  2017 352 12 41 33 496 352.528859907      -0.89      2.49     -1.32  0.       -2023.715       6439.434       6812.863    0.000  -0.139   0.381   0.
  2017 352 12 41 34 496 352.528871481      -0.82      2.21     -1.42  0.       -2024.983       6439.930       6812.118    0.000  -0.139   0.381   0.
  2017 352 12 41 35 495 352.528883056      -0.74      1.96     -1.33  0.       -2026.252       6440.425       6811.373    0.000  -0.139   0.381   0.
  2017 352 12 41 36 495 352.528894630      -0.23      2.22     -1.12  0.       -2027.519       6440.920       6810.628    0.000  -0.138   0.380   0.
  2017 352 12 41 37 496 352.528906204      -0.32      2.30     -0.83  0.       -2028.787       6441.415       6809.882    0.000  -0.138   0.380   0.
  2017 352 12 41 38 496 352.528917778      -0.57      2.16     -0.90  0.       -2030.055       6441.909       6809.136    0.000  -0.139   0.381   0.
  2017 352 12 41 39 496 352.528929352      -0.60      1.89     -1.08  0.       -2031.323       6442.403       6808.390    0.000  -0.139   0.381   0.
  2017 352 12 41 40 496 352.528940926      -0.83      1.90     -1.29  0.       -2032.590       6442.897       6807.643    0.000  -0.139   0.381   0.
  2017 352 12 41 41 496 352.528952500      -1.09      1.38     -1.00  0.       -2033.858       6443.390       6806.896    0.000  -0.139   0.381   0.
  2017 352 12 41 42 495 352.528964074      -0.60      1.03     -1.31  0.       -2035.125       6443.883       6806.149    0.000  -0.138   0.380   0.
  2017 352 12 41 43 495 352.528975648      -0.55      1.28     -1.18  0.       -2036.392       6444.376       6805.401    0.000  -0.138   0.380   0.
  2017 352 12 41 44 495 352.528987222      -0.69      1.47     -0.97  0.       -2037.659       6444.869       6804.653    0.000  -0.138   0.380   0.
  2017 352 12 41 45 495 352.528998796      -0.59      1.86     -0.67  0.       -2038.927       6445.361       6803.905    0.000  -0.138   0.380   0.
  2017 352 12 41 46 496 352.529010370      -0.33      1.83     -0.52  0.       -2040.194       6445.853       6803.157    0.000  -0.139   0.381   0.
  2017 352 12 41 47 496 352.529021944      -0.22      1.58     -0.64  0.       -2041.460       6446.344       6802.407    0.000  -0.139   0.381   0.
  2017 352 12 41 48 495 352.529033519      -0.28      1.55     -0.72  0.       -2042.727       6446.836       6801.658    0.000  -0.138   0.380   0.
  2017 352 12 41 49 495 352.529045093      -0.66      1.57     -0.61  0.       -2043.994       6447.326       6800.908    0.000  -0.138   0.380   0.
  2017 352 12 41 50 496 352.529056667      -0.80      1.64     -0.72  0.       -2045.260       6447.817       6800.159    0.000  -0.138   0.380   0.
  2017 352 12 41 51 496 352.529068241      -1.08      1.67     -0.90  0.       -2046.527       6448.307       6799.408    0.000  -0.138   0.380   0.
  2017 352 12 41 52 496 352.529079815      -1.31      1.66     -0.95  0.       -2047.793       6448.797       6798.658    0.000  -0.139   0.381   0.
  2017 352 12 41 53 496 352.529091389      -1.25      1.70     -0.77  0.       -2049.059       6449.287       6797.907    0.000  -0.139   0.381   0.
  2017 352 12 41 54 495 352.529102960      -0.87      1.62     -0.63  0.       -2050.326       6449.776       6797.155    0.000  -0.138   0.380   0.
  2017 352 12 41 55 495 352.529114534      -0.56      1.53     -0.91  0.       -2051.592       6450.265       6796.404    0.000  -0.138   0.380   0.
  2017 352 12 41 56 495 352.529126108      -0.70      1.34     -1.14  0.       -2052.858       6450.754       6795.651    0.000  -0.139   0.381   0.
  2017 352 12 41 57 495 352.529137682      -0.98      1.31     -1.13  0.       -2054.124       6451.243       6794.899    0.000  -0.139   0.381   0.
  2017 352 12 41 58 495 352.529149256      -0.87      1.34     -1.03  0.       -2055.389       6451.731       6794.147    0.000  -0.139   0.381   0.
  2017 352 12 41 59 495 352.529160830      -1.00      1.34     -1.13  0.       -2056.655       6452.219       6793.394    0.000  -0.139   0.381   0.
  2017 352 12 42  0 495 352.529172404      -1.05      1.35     -1.35  0.       -2057.921       6452.706       6792.641    0.000  -0.138   0.380   0.
  2017 352 12 42  1 495 352.529183979      -1.17      1.31     -1.42  0.       -2059.186       6453.193       6791.887    0.000  -0.138   0.380   0.
  2017 352 12 42  2 495 352.529195553      -1.09      1.37     -1.30  0.       -2060.451       6453.680       6791.133    0.000  -0.139   0.381   0.
  2017 352 12 42  3 495 352.529207127      -0.96      1.41     -1.15  0.       -2061.717       6454.167       6790.379    0.000  -0.139   0.381   0.
  2017 352 12 42  4 495 352.529218701      -0.93      1.37     -1.27  0.       -2062.982       6454.653       6789.624    0.000  -0.139   0.381   0.
  2017 352 12 42  5 495 352.529230275      -1.56      1.29     -1.12  0.       -2064.247       6455.139       6788.869    0.000  -0.139   0.381   0.
  2017 352 12 42  6 495 352.529241849      -1.47      1.19     -0.48  0.       -2065.512       6455.624       6788.114    0.000  -0.138   0.380   0.
  2017 352 12 42  7 495 352.529253423      -0.87      1.34     -0.51  0.       -2066.777       6456.110       6787.358    0.000  -0.138   0.380   0.
  2017 352 12 42  8 495 352.529264997      -0.69      1.44     -0.40  0.       -2068.041       6456.595       6786.602    0.000  -0.139   0.381   0.
  2017 352 12 42  9 495 352.529276571      -0.81      1.41     -0.65  0.       -2069.306       6457.079       6785.846    0.000  -0.139   0.381   0.
  2017 352 12 42 10 495 352.529288145      -0.88      1.16     -0.68  0.       -2070.571       6457.564       6785.090    0.000  -0.139   0.381   0.
  2017 352 12 42 11 495 352.529299719      -0.69      1.11     -0.72  0.       -2071.835       6458.048       6784.333    0.000  -0.139   0.381   0.
  2017 352 12 42 12 495 352.529311293      -0.10      1.47     -1.23  0.       -2073.099       6458.532       6783.575    0.000  -0.138   0.380   0.
  2017 352 12 42 13 495 352.529322867       0.12      1.37     -1.35  0.       -2074.364       6459.015       6782.818    0.000  -0.138   0.380   0.
  2017 352 12 42 14 495 352.529334442      -0.24      1.32     -1.35  0.       -2075.628       6459.498       6782.060    0.000  -0.139   0.381   0.
  2017 352 12 42 15 495 352.529346016      -0.37      1.41     -1.12  0.       -2076.892       6459.981       6781.302    0.000  -0.139   0.381   0.
  2017 352 12 42 16 495 352.529357590      -0.56      1.50     -1.20  0.       -2078.156       6460.463       6780.543    0.000  -0.139   0.381   0.
  2017 352 12 42 17 495 352.529369164      -1.20      1.43     -1.03  0.       -2079.420       6460.946       6779.784    0.000  -0.139   0.381   0.
  2017 352 12 42 18 495 352.529380738      -1.11      1.47     -0.94  0.       -2080.684       6461.427       6779.025    0.000  -0.138   0.380   0.
  2017 352 12 42 19 495 352.529392312      -1.11      1.29     -1.28  0.       -2081.947       6461.909       6778.266    0.000  -0.138   0.380   0.
  2017 352 12 42 20 495 352.529403886      -1.04      1.32     -1.19  0.       -2083.211       6462.390       6777.506    0.000  -0.139   0.381   0.
  2017 352 12 42 21 495 352.529415460      -0.64      1.57     -1.17  0.       -2084.474       6462.871       6776.746    0.000  -0.139   0.381   0.
  2017 352 12 42 22 495 352.529427034      -0.74      1.43     -1.57  0.       -2085.738       6463.351       6775.985    0.000  -0.139   0.381   0.
  2017 352 12 42 23 495 352.529438608      -1.15      1.61     -1.27  0.       -2087.001       6463.832       6775.224    0.000  -0.139   0.381   0.
  2017 352 12 42 24 495 352.529450179      -1.28      1.77     -1.26  0.       -2088.264       6464.312       6774.463    0.000  -0.138   0.380   0.
  2017 352 12 42 25 495 352.529461754      -1.33      1.77     -1.13  0.       -2089.527       6464.792       6773.702    0.000  -0.138   0.380   0.
  2017 352 12 42 26 495 352.529473327      -1.35      1.83     -1.01  0.       -2090.790       6465.271       6772.940    0.000  -0.139   0.381   0.
  2017 352 12 42 27 495 352.529484902      -1.24      1.66     -1.24  0.       -2092.053       6465.750       6772.178    0.000  -0.139   0.381   0.
  2017 352 12 42 28 495 352.529496476      -0.89      1.86     -1.02  0.       -2093.316       6466.229       6771.415    0.000  -0.139   0.381   0.
  2017 352 12 42 29 495 352.529508050      -0.52      1.84     -0.99  0.       -2094.578       6466.707       6770.652    0.000  -0.139   0.381   0.
  2017 352 12 42 30 495 352.529519624      -0.72      1.66     -1.10  0.       -2095.841       6467.185       6769.889    0.000  -0.138   0.380   0.
  2017 352 12 42 31 495 352.529531198      -0.89      1.46     -0.89  0.       -2097.103       6467.663       6769.126    0.000  -0.138   0.380   0.
  2017 352 12 42 32 495 352.529542772      -0.54      1.43     -0.80  0.       -2098.366       6468.141       6768.362    0.000  -0.139   0.381   0.
  2017 352 12 42 33 495 352.529554346      -0.30      1.48     -0.98  0.       -2099.628       6468.618       6767.598    0.000  -0.139   0.381   0.
  2017 352 12 42 34 495 352.529565920      -0.44      1.20     -1.15  0.       -2100.890       6469.095       6766.833    0.000  -0.139   0.381   0.
  2017 352 12 42 35 495 352.529577494      -0.62      1.13     -1.07  0.       -2102.152       6469.571       6766.068    0.000  -0.139   0.381   0.
  2017 352 12 42 36 495 352.529589068      -0.64      1.32     -0.84  0.       -2103.414       6470.047       6765.303    0.000  -0.139   0.381   0.
  2017 352 12 42 37 495 352.529600642      -0.67      1.39     -1.03  0.       -2104.676       6470.523       6764.538    0.000  -0.139   0.381   0.
  2017 352 12 42 38 495 352.529612216      -0.57      1.45     -0.90  0.       -2105.938       6470.999       6763.772    0.000  -0.138   0.380   0.
  2017 352 12 42 39 495 352.529623791      -0.80      1.79     -0.42  0.       -2107.199       6471.474       6763.006    0.000  -0.138   0.380   0.
  2017 352 12 42 40 495 352.529635365      -1.33      1.52     -0.47  0.       -2108.461       6471.949       6762.240    0.000  -0.138   0.380   0.
  2017 352 12 42 41 495 352.529646939      -0.94      1.51     -0.50  0.       -2109.722       6472.424       6761.473    0.000  -0.138   0.380   0.
  2017 352 12 42 42 495 352.529658513      -0.53      1.76     -0.66  0.       -2110.984       6472.898       6760.706    0.000  -0.139   0.381   0.
  2017 352 12 42 43 495 352.529670087      -1.14      1.56     -0.62  0.       -2112.245       6473.372       6759.938    0.000  -0.139   0.381   0.
  2017 352 12 42 44 495 352.529681661      -1.76      1.58     -0.40  0.       -2113.506       6473.846       6759.171    0.000  -0.138   0.380   0.
  2017 352 12 42 45 495 352.529693235      -1.99      1.99     -0.61  0.       -2114.767       6474.319       6758.402    0.000  -0.138   0.380   0.
  2017 352 12 42 46 495 352.529704809      -1.39      2.18     -0.53  0.       -2116.028       6474.792       6757.634    0.000  -0.138   0.380   0.
  2017 352 12 42 47 495 352.529716383      -0.69      2.46     -0.40  0.       -2117.289       6475.265       6756.865    0.000  -0.138   0.380   0.
  2017 352 12 42 48 495 352.529727957      -0.51      2.36     -0.30  0.       -2118.549       6475.737       6756.096    0.000  -0.139   0.381   0.
  2017 352 12 42 49 495 352.529739531      -0.37      1.82     -0.47  0.       -2119.810       6476.210       6755.327    0.000  -0.139   0.381   0.
  2017 352 12 42 50 495 352.529751105      -0.31      1.73     -0.36  0.       -2121.070       6476.681       6754.557    0.000  -0.139   0.381   0.
  2017 352 12 42 51 495 352.529762679      -0.28      1.58     -0.55  0.       -2122.331       6477.153       6753.787    0.000  -0.139   0.381   0.
  2017 352 12 42 52 495 352.529774254      -0.41      1.40     -0.90  0.       -2123.591       6477.624       6753.017    0.000  -0.138   0.380   0.
  2017 352 12 42 53 495 352.529785827      -0.24      1.26     -1.09  0.       -2124.851       6478.095       6752.246    0.000  -0.138   0.380   0.
  2017 352 12 42 54 495 352.529797399      -0.28      1.27     -1.04  0.       -2126.111       6478.566       6751.475    0.000  -0.138   0.380   0.
  2017 352 12 42 55 495 352.529808973      -0.27      1.18     -1.06  0.       -2127.371       6479.036       6750.704    0.000  -0.138   0.380   0.
  2017 352 12 42 56 495 352.529820547      -0.33      0.86     -1.39  0.       -2128.631       6479.506       6749.932    0.000  -0.139   0.381   0.
  2017 352 12 42 57 495 352.529832121      -0.17      1.08     -1.11  0.       -2129.891       6479.976       6749.160    0.000  -0.139   0.381   0.
  2017 352 12 42 58 495 352.529843695      -0.18      1.13     -0.98  0.       -2131.151       6480.445       6748.388    0.000  -0.138   0.380   0.
  2017 352 12 42 59 495 352.529855269      -0.31      0.84     -1.29  0.       -2132.410       6480.914       6747.615    0.000  -0.138   0.380   0.
  2017 352 12 43  0 495 352.529866843      -0.46      1.09     -1.23  0.       -2133.670       6481.382       6746.842    0.000  -0.138   0.380   0.
  2017 352 12 43  1 495 352.529878417      -0.67      1.14     -1.05  0.       -2134.929       6481.851       6746.069    0.000  -0.138   0.380   0.
  2017 352 12 43  2 495 352.529889991      -0.86      1.13     -1.02  0.       -2136.189       6482.319       6745.295    0.000  -0.139   0.381   0.
  2017 352 12 43  3 495 352.529901565      -1.04      1.05     -1.31  0.       -2137.448       6482.787       6744.521    0.000  -0.139   0.381   0.
  2017 352 12 43  4 495 352.529913139      -1.38      1.56     -1.25  0.       -2138.707       6483.254       6743.747    0.000  -0.139   0.381   0.
  2017 352 12 43  5 495 352.529924714      -1.25      1.89     -0.75  0.       -2139.966       6483.721       6742.972    0.000  -0.139   0.381   0.
  2017 352 12 43  6 495 352.529936288      -1.11      1.50     -1.10  0.       -2141.225       6484.188       6742.197    0.000  -0.138   0.380   0.
  2017 352 12 43  7 495 352.529947862      -1.00      1.45     -1.39  0.       -2142.483       6484.655       6741.422    0.000  -0.138   0.380   0.
  2017 352 12 43  8 495 352.529959436      -0.74      1.48     -1.44  0.       -2143.742       6485.121       6740.646    0.000  -0.139   0.381   0.
  2017 352 12 43  9 495 352.529971010      -0.64      1.37     -1.21  0.       -2145.001       6485.587       6739.871    0.000  -0.139   0.381   0.
  2017 352 12 43 10 495 352.529982584      -0.46      1.26     -1.13  0.       -2146.259       6486.052       6739.094    0.000  -0.139   0.381   0.
  2017 352 12 43 11 495 352.529994158      -0.42      1.15     -1.28  0.       -2147.517       6486.517       6738.318    0.000  -0.139   0.381   0.
  2017 352 12 43 12 495 352.530005732      -0.54      1.24     -1.34  0.       -2148.775       6486.982       6737.541    0.000  -0.138   0.380   0.
  2017 352 12 43 13 495 352.530017306      -0.73      1.24     -1.21  0.       -2150.034       6487.447       6736.764    0.000  -0.138   0.380   0.
  2017 352 12 43 14 495 352.530028880      -1.08      1.06     -1.24  0.       -2151.292       6487.911       6735.986    0.000  -0.138   0.380   0.
  2017 352 12 43 15 495 352.530040454      -1.03      1.15     -0.99  0.       -2152.550       6488.375       6735.208    0.000  -0.138   0.380   0.
  2017 352 12 43 16 495 352.530052028      -0.82      1.22     -0.66  0.       -2153.807       6488.839       6734.430    0.000  -0.139   0.381   0.
  2017 352 12 43 17 495 352.530063602      -0.56      1.21     -0.93  0.       -2155.065       6489.302       6733.651    0.000  -0.139   0.381   0.
  2017 352 12 43 18 495 352.530075177      -0.65      1.24     -1.10  0.       -2156.323       6489.765       6732.872    0.000  -0.138   0.380   0.
  2017 352 12 43 19 495 352.530086751      -0.66      1.41     -1.15  0.       -2157.580       6490.228       6732.093    0.000  -0.138   0.380   0.
  2017 352 12 43 20 495 352.530098325      -0.50      1.29     -1.18  0.       -2158.838       6490.690       6731.314    0.000  -0.138   0.380   0.
  2017 352 12 43 21 495 352.530109899      -0.48      1.18     -1.43  0.       -2160.095       6491.153       6730.534    0.000  -0.138   0.380   0.
  2017 352 12 43 22 495 352.530121473      -0.55      1.17     -1.44  0.       -2161.352       6491.614       6729.754    0.000  -0.139   0.381   0.
  2017 352 12 43 23 495 352.530133047      -0.57      1.23     -1.19  0.       -2162.609       6492.076       6728.973    0.000  -0.139   0.381   0.
  2017 352 12 43 24 495 352.530144621      -0.27      1.27     -1.15  0.       -2163.866       6492.537       6728.192    0.000  -0.139   0.381   0.
  2017 352 12 43 25 494 352.530156195      -0.27      1.22     -1.33  0.       -2165.123       6492.998       6727.411    0.000  -0.139   0.381   0.
  2017 352 12 43 26 494 352.530167766      -0.43      1.24     -1.23  0.       -2166.380       6493.458       6726.630    0.000  -0.139   0.381   0.
  2017 352 12 43 27 494 352.530179340      -0.27      1.37     -1.11  0.       -2167.636       6493.918       6725.848    0.000  -0.139   0.381   0.
  2017 352 12 43 28 495 352.530190914      -0.47      1.29     -1.25  0.       -2168.893       6494.378       6725.066    0.000  -0.139   0.381   0.
  2017 352 12 43 29 495 352.530202488      -0.53      1.61     -0.88  0.       -2170.149       6494.838       6724.283    0.000  -0.139   0.381   0.
  2017 352 12 43 30 495 352.530214063      -0.30      1.60     -0.89  0.       -2171.406       6495.297       6723.501    0.000  -0.138   0.380   0.
  2017 352 12 43 31 494 352.530225637      -0.17      1.47     -0.72  0.       -2172.662       6495.756       6722.718    0.000  -0.138   0.380   0.
  2017 352 12 43 32 495 352.530237211      -0.15      1.45     -0.73  0.       -2173.918       6496.215       6721.934    0.000  -0.138   0.380   0.
  2017 352 12 43 33 495 352.530248785      -0.36      1.46     -0.85  0.       -2175.174       6496.673       6721.151    0.000  -0.138   0.380   0.
  2017 352 12 43 34 495 352.530260359      -0.38      1.44     -0.87  0.       -2176.430       6497.131       6720.366    0.000  -0.139   0.381   0.
  2017 352 12 43 35 495 352.530271933      -0.35      1.38     -1.06  0.       -2177.686       6497.589       6719.582    0.000  -0.139   0.381   0.
  2017 352 12 43 36 495 352.530283507      -0.17      1.36     -1.04  0.       -2178.942       6498.046       6718.797    0.000  -0.138   0.380   0.
  2017 352 12 43 37 494 352.530295081      -0.03      1.26     -1.18  0.       -2180.197       6498.503       6718.012    0.000  -0.138   0.380   0.
  2017 352 12 43 38 494 352.530306655       0.07      1.29     -1.05  0.       -2181.453       6498.960       6717.227    0.000  -0.139   0.381   0.
  2017 352 12 43 39 494 352.530318229      -0.07      1.34     -0.69  0.       -2182.708       6499.416       6716.441    0.000  -0.139   0.381   0.
  2017 352 12 43 40 494 352.530329803      -0.02      1.27     -0.65  0.       -2183.963       6499.873       6715.655    0.000  -0.139   0.381   0.
  2017 352 12 43 41 494 352.530341377      -0.11      1.10     -0.80  0.       -2185.219       6500.328       6714.869    0.000  -0.139   0.381   0.
  2017 352 12 43 42 495 352.530352951      -0.15      1.06     -0.92  0.       -2186.474       6500.784       6714.082    0.000  -0.138   0.380   0.
  2017 352 12 43 43 495 352.530364525      -0.11      0.98     -1.09  0.       -2187.729       6501.239       6713.295    0.000  -0.138   0.380   0.
  2017 352 12 43 44 494 352.530376100      -0.20      0.69     -1.23  0.       -2188.984       6501.694       6712.508    0.000  -0.139   0.381   0.
  2017 352 12 43 45 494 352.530387674      -0.46      0.73     -1.37  0.       -2190.238       6502.149       6711.720    0.000  -0.139   0.381   0.
  2017 352 12 43 46 495 352.530399248      -0.61      0.67     -1.40  0.       -2191.493       6502.603       6710.932    0.000  -0.139   0.381   0.
  2017 352 12 43 47 495 352.530410822      -0.69      0.76     -1.49  0.       -2192.748       6503.057       6710.144    0.000  -0.139   0.381   0.
  2017 352 12 43 48 495 352.530422396      -0.98      0.85     -1.27  0.       -2194.002       6503.510       6709.355    0.000  -0.138   0.380   0.
  2017 352 12 43 49 495 352.530433970      -1.30      0.75     -1.32  0.       -2195.256       6503.964       6708.566    0.000  -0.138   0.380   0.
  2017 352 12 43 50 495 352.530445544      -1.22      1.00     -1.19  0.       -2196.511       6504.417       6707.777    0.000  -0.139   0.381   0.
  2017 352 12 43 51 494 352.530457118      -1.46      1.20     -1.28  0.       -2197.765       6504.869       6706.987    0.000  -0.139   0.381   0.
  2017 352 12 43 52 494 352.530468692      -1.09      1.27     -1.29  0.       -2199.019       6505.322       6706.197    0.000  -0.138   0.380   0.
  2017 352 12 43 53 494 352.530480266      -1.25      1.54     -1.33  0.       -2200.273       6505.774       6705.407    0.000  -0.138   0.380   0.
  2017 352 12 43 54 494 352.530491837      -1.38      1.58     -0.84  0.       -2201.526       6506.225       6704.616    0.000  -0.138   0.380   0.
  2017 352 12 43 55 494 352.530503411      -1.03      1.39     -0.38  0.       -2202.780       6506.677       6703.825    0.000  -0.138   0.380   0.
  2017 352 12 43 56 494 352.530514986      -0.72      1.52     -0.37  0.       -2204.034       6507.128       6703.034    0.000  -0.139   0.381   0.
  2017 352 12 43 57 494 352.530526560      -0.81      1.66     -0.48  0.       -2205.287       6507.579       6702.243    0.000  -0.139   0.381   0.
  2017 352 12 43 58 494 352.530538134      -0.71      1.71     -0.64  0.       -2206.540       6508.029       6701.451    0.000  -0.139   0.381   0.
  2017 352 12 43 59 494 352.530549708      -0.51      1.41     -0.63  0.       -2207.794       6508.479       6700.658    0.000  -0.139   0.381   0.
  2017 352 12 44  0 494 352.530561282      -0.79      1.27     -0.70  0.       -2209.047       6508.929       6699.866    0.000  -0.138   0.380   0.
  2017 352 12 44  1 494 352.530572856      -0.91      1.07     -0.84  0.       -2210.300       6509.379       6699.073    0.000  -0.138   0.380   0.
  2017 352 12 44  2 494 352.530584430      -0.82      0.72     -1.03  0.       -2211.553       6509.828       6698.280    0.000  -0.139   0.381   0.
  2017 352 12 44  3 494 352.530596004      -0.76      0.57     -1.23  0.       -2212.806       6510.277       6697.486    0.000  -0.139   0.381   0.
  2017 352 12 44  4 494 352.530607578      -1.06      0.78     -1.23  0.       -2214.059       6510.725       6696.693    0.000  -0.138   0.380   0.
  2017 352 12 44  5 494 352.530619152      -0.93      0.92     -1.14  0.       -2215.311       6511.173       6695.898    0.000  -0.138   0.380   0.
  2017 352 12 44  6 494 352.530630726      -0.87      0.91     -1.19  0.       -2216.564       6511.621       6695.104    0.000  -0.138   0.380   0.
  2017 352 12 44  7 494 352.530642300      -0.84      1.02     -1.08  0.       -2217.816       6512.069       6694.309    0.000  -0.138   0.380   0.
  2017 352 12 44  8 494 352.530653874      -0.59      1.12     -1.01  0.       -2219.068       6512.516       6693.514    0.000  -0.138   0.380   0.
  2017 352 12 44  9 494 352.530665448      -0.63      1.34     -0.96  0.       -2220.321       6512.963       6692.718    0.000  -0.138   0.380   0.
  2017 352 12 44 10 494 352.530677023      -0.86      1.24     -0.95  0.       -2221.573       6513.410       6691.923    0.000  -0.138   0.380   0.
  2017 352 12 44 11 494 352.530688597      -0.72      1.17     -1.02  0.       -2222.825       6513.856       6691.127    0.000  -0.138   0.380   0.
  2017 352 12 44 12 494 352.530700171      -0.71      1.29     -1.04  0.       -2224.077       6514.302       6690.330    0.000  -0.139   0.381   0.
  2017 352 12 44 13 494 352.530711745      -0.67      1.13     -0.97  0.       -2225.328       6514.748       6689.533    0.000  -0.139   0.381   0.
  2017 352 12 44 14 494 352.530723319      -0.21      1.08     -1.26  0.       -2226.580       6515.194       6688.736    0.000  -0.138   0.380   0.
  2017 352 12 44 15 494 352.530734893      -0.07      1.13     -1.56  0.       -2227.832       6515.639       6687.939    0.000  -0.138   0.380   0.
  2017 352 12 44 16 494 352.530746467       0.01      1.39     -1.49  0.       -2229.083       6516.083       6687.141    0.000  -0.138   0.380   0.
  2017 352 12 44 17 494 352.530758041       0.35      1.59     -1.46  0.       -2230.334       6516.528       6686.343    0.000  -0.138   0.380   0.
  2017 352 12 44 18 494 352.530769615       0.15      1.75     -1.60  0.       -2231.586       6516.972       6685.545    0.000  -0.139   0.381   0.
  2017 352 12 44 19 494 352.530781189      -0.10      1.59     -1.26  0.       -2232.837       6517.416       6684.746    0.000  -0.139   0.381   0.
  2017 352 12 44 20 494 352.530792763      -0.21      1.70     -0.84  0.       -2234.088       6517.859       6683.947    0.000  -0.138   0.380   0.
  2017 352 12 44 21 494 352.530804337      -0.25      1.38     -1.01  0.       -2235.339       6518.303       6683.148    0.000  -0.138   0.380   0.
  2017 352 12 44 22 494 352.530815911      -0.36      1.26     -1.05  0.       -2236.589       6518.746       6682.348    0.000  -0.138   0.380   0.
  2017 352 12 44 23 494 352.530827486      -0.63      1.15     -0.99  0.       -2237.840       6519.188       6681.548    0.000  -0.138   0.380   0.
  2017 352 12 44 24 494 352.530839057      -1.03      1.13     -0.81  0.       -2239.091       6519.630       6680.747    0.000  -0.139   0.381   0.
  2017 352 12 44 25 494 352.530850631      -1.38      1.16     -1.11  0.       -2240.341       6520.072       6679.947    0.000  -0.139   0.381   0.
  2017 352 12 44 26 494 352.530862205      -1.66      1.21     -0.97  0.       -2241.591       6520.514       6679.146    0.000  -0.138   0.380   0.
  2017 352 12 44 27 494 352.530873779      -1.54      1.34     -1.32  0.       -2242.842       6520.955       6678.345    0.000  -0.138   0.380   0.
  2017 352 12 44 28 494 352.530885353      -1.73      1.28     -1.25  0.       -2244.092       6521.396       6677.543    0.000  -0.139   0.381   0.
  2017 352 12 44 29 494 352.530896927      -1.62      1.37     -0.87  0.       -2245.342       6521.837       6676.741    0.000  -0.139   0.381   0.
  2017 352 12 44 30 494 352.530908501      -1.38      1.40     -0.76  0.       -2246.592       6522.277       6675.939    0.000  -0.139   0.381   0.
  2017 352 12 44 31 494 352.530920075      -1.60      1.42     -1.02  0.       -2247.842       6522.717       6675.136    0.000  -0.139   0.381   0.
  2017 352 12 44 32 494 352.530931649      -1.41      1.29     -0.86  0.       -2249.091       6523.157       6674.334    0.000  -0.138   0.380   0.
  2017 352 12 44 33 494 352.530943223      -1.26      1.17     -0.93  0.       -2250.341       6523.597       6673.530    0.000  -0.138   0.380   0.
  2017 352 12 44 34 494 352.530954798      -1.52      1.14     -1.00  0.       -2251.591       6524.036       6672.727    0.000  -0.139   0.381   0.
  2017 352 12 44 35 494 352.530966372      -0.98      1.40     -1.05  0.       -2252.840       6524.475       6671.923    0.000  -0.139   0.381   0.
  2017 352 12 44 36 494 352.530977946      -0.94      1.69     -0.99  0.       -2254.089       6524.913       6671.119    0.000  -0.139   0.381   0.
  2017 352 12 44 37 494 352.530989520      -1.23      1.58     -1.22  0.       -2255.338       6525.351       6670.314    0.000  -0.139   0.381   0.
  2017 352 12 44 38 494 352.531001094      -1.25      1.62     -1.28  0.       -2256.587       6525.789       6669.509    0.000  -0.138   0.380   0.
  2017 352 12 44 39 494 352.531012668      -0.71      1.49     -1.58  0.       -2257.836       6526.226       6668.704    0.000  -0.138   0.380   0.
  2017 352 12 44 40 494 352.531024242      -0.82      1.23     -1.96  0.       -2259.085       6526.664       6667.899    0.000  -0.139   0.381   0.
  2017 352 12 44 41 494 352.531035816      -0.74      1.10     -1.65  0.       -2260.334       6527.101       6667.093    0.000  -0.139   0.381   0.
  2017 352 12 44 42 494 352.531047390      -0.72      1.02     -1.48  0.       -2261.583       6527.537       6666.287    0.000  -0.138   0.380   0.
  2017 352 12 44 43 494 352.531058964      -0.36      1.02     -1.51  0.       -2262.831       6527.974       6665.480    0.000  -0.138   0.380   0.
  2017 352 12 44 44 494 352.531070538      -0.49      0.78     -1.63  0.       -2264.079       6528.409       6664.674    0.000  -0.139   0.381   0.
  2017 352 12 44 45 494 352.531082112      -0.95      0.65     -1.67  0.       -2265.327       6528.845       6663.866    0.000  -0.139   0.381   0.
  2017 352 12 44 46 494 352.531093686      -1.20      0.64     -1.57  0.       -2266.575       6529.280       6663.059    0.000  -0.139   0.381   0.
  2017 352 12 44 47 494 352.531105260      -1.02      0.68     -1.48  0.       -2267.824       6529.715       6662.251    0.000  -0.139   0.381   0.
  2017 352 12 44 48 494 352.531116835      -0.92      0.72     -1.60  0.       -2269.072       6530.150       6661.443    0.000  -0.138   0.380   0.
  2017 352 12 44 49 494 352.531128409      -1.13      1.02     -1.40  0.       -2270.320       6530.584       6660.635    0.000  -0.138   0.380   0.
  2017 352 12 44 50 494 352.531139983      -1.39      1.14     -1.11  0.       -2271.568       6531.019       6659.826    0.000  -0.138   0.380   0.
  2017 352 12 44 51 494 352.531151557      -1.59      1.07     -1.18  0.       -2272.815       6531.452       6659.017    0.000  -0.138   0.380   0.
  2017 352 12 44 52 494 352.531163131      -1.48      1.10     -0.96  0.       -2274.062       6531.886       6658.208    0.000  -0.139   0.381   0.
  2017 352 12 44 53 494 352.531174705      -1.35      1.31     -0.83  0.       -2275.310       6532.319       6657.398    0.000  -0.139   0.381   0.
  2017 352 12 44 54 494 352.531186276      -1.30      1.33     -1.00  0.       -2276.558       6532.752       6656.588    0.000  -0.139   0.381   0.
  2017 352 12 44 55 494 352.531197850      -1.15      1.48     -0.89  0.       -2277.805       6533.184       6655.778    0.000  -0.139   0.381   0.
  2017 352 12 44 56 494 352.531209424      -0.95      1.49     -0.79  0.       -2279.052       6533.616       6654.967    0.000  -0.139   0.381   0.
  2017 352 12 44 57 494 352.531220998      -0.79      1.58     -0.77  0.       -2280.299       6534.048       6654.156    0.000  -0.139   0.381   0.
  2017 352 12 44 58 494 352.531232572      -0.93      1.50     -0.79  0.       -2281.546       6534.480       6653.345    0.000  -0.138   0.380   0.
  2017 352 12 44 59 494 352.531244146      -0.74      1.51     -0.96  0.       -2282.792       6534.911       6652.533    0.000  -0.138   0.380   0.
  2017 352 12 45  0 494 352.531255721      -1.02      1.68     -0.87  0.       -2284.039       6535.342       6651.721    0.000  -0.139   0.381   0.
  2017 352 12 45  1 494 352.531267295      -1.18      1.67     -0.75  0.       -2285.285       6535.772       6650.909    0.000  -0.139   0.381   0.
  2017 352 12 45  2 494 352.531278869      -1.40      1.47     -0.95  0.       -2286.532       6536.203       6650.096    0.000  -0.138   0.380   0.
  2017 352 12 45  3 494 352.531290443      -1.48      1.47     -1.02  0.       -2287.778       6536.633       6649.284    0.000  -0.138   0.380   0.
  2017 352 12 45  4 494 352.531302017      -1.53      1.45     -0.86  0.       -2289.024       6537.062       6648.470    0.000  -0.139   0.381   0.
  2017 352 12 45  5 494 352.531313591      -1.58      1.35     -0.74  0.       -2290.270       6537.492       6647.657    0.000  -0.139   0.381   0.
  2017 352 12 45  6 494 352.531325165      -1.48      1.26     -0.74  0.       -2291.516       6537.921       6646.843    0.000  -0.139   0.381   0.
  2017 352 12 45  7 494 352.531336739      -1.57      1.35     -0.59  0.       -2292.762       6538.349       6646.029    0.000  -0.139   0.381   0.
  2017 352 12 45  8 494 352.531348313      -1.46      1.69     -0.42  0.       -2294.008       6538.778       6645.214    0.000  -0.138   0.380   0.
  2017 352 12 45  9 494 352.531359887      -1.44      1.70     -0.63  0.       -2295.254       6539.206       6644.399    0.000  -0.138   0.380   0.
  2017 352 12 45 10 494 352.531371461      -1.66      1.59     -0.76  0.       -2296.499       6539.633       6643.584    0.000  -0.138   0.380   0.
  2017 352 12 45 11 494 352.531383035      -1.67      1.45     -0.69  0.       -2297.745       6540.061       6642.769    0.000  -0.138   0.380   0.
  2017 352 12 45 12 494 352.531394609      -1.72      1.61     -0.65  0.       -2298.990       6540.488       6641.953    0.000  -0.139   0.381   0.
  2017 352 12 45 13 494 352.531406183      -1.64      1.73     -0.59  0.       -2300.235       6540.915       6641.137    0.000  -0.139   0.381   0.
  2017 352 12 45 14 494 352.531417758      -1.54      1.71     -0.78  0.       -2301.480       6541.341       6640.320    0.000  -0.138   0.380   0.
  2017 352 12 45 15 494 352.531429332      -1.36      1.56     -0.94  0.       -2302.725       6541.767       6639.504    0.000  -0.138   0.380   0.
  2017 352 12 45 16 494 352.531440906      -1.00      1.68     -0.93  0.       -2303.970       6542.193       6638.687    0.000  -0.138   0.380   0.
  2017 352 12 45 17 494 352.531452480      -0.75      1.65     -1.07  0.       -2305.215       6542.619       6637.869    0.000  -0.138   0.380   0.
  2017 352 12 45 18 494 352.531464054      -0.76      1.78     -1.06  0.       -2306.459       6543.044       6637.051    0.000  -0.139   0.381   0.
  2017 352 12 45 19 494 352.531475628      -0.71      1.90     -0.89  0.       -2307.704       6543.469       6636.233    0.000  -0.139   0.381   0.
  2017 352 12 45 20 494 352.531487202      -0.41      1.78     -0.82  0.       -2308.948       6543.893       6635.415    0.000  -0.139   0.381   0.
  2017 352 12 45 21 494 352.531498776      -0.38      1.66     -1.01  0.       -2310.193       6544.318       6634.596    0.000  -0.139   0.381   0.
  2017 352 12 45 22 494 352.531510350      -0.75      1.58     -1.23  0.       -2311.437       6544.742       6633.777    0.000  -0.138   0.380   0.
  2017 352 12 45 23 493 352.531521924      -1.13      1.33     -1.29  0.       -2312.681       6545.165       6632.958    0.000  -0.138   0.380   0.
  2017 352 12 45 24 494 352.531533495      -1.10      1.16     -1.03  0.       -2313.925       6545.589       6632.138    0.000  -0.139   0.381   0.
  2017 352 12 45 25 494 352.531545069      -0.98      1.19     -0.95  0.       -2315.169       6546.012       6631.318    0.000  -0.139   0.381   0.
  2017 352 12 45 26 493 352.531556644      -1.12      1.15     -0.99  0.       -2316.413       6546.434       6630.498    0.000  -0.138   0.380   0.
  2017 352 12 45 27 493 352.531568218      -1.01      1.33     -0.84  0.       -2317.656       6546.857       6629.677    0.000  -0.138   0.380   0.
  2017 352 12 45 28 494 352.531579792      -0.93      1.55     -1.08  0.       -2318.900       6547.279       6628.856    0.000  -0.139   0.381   0.
  2017 352 12 45 29 494 352.531591366      -1.27      1.80     -0.81  0.       -2320.143       6547.700       6628.035    0.000  -0.139   0.381   0.
  2017 352 12 45 30 494 352.531602940      -1.51      1.68     -0.40  0.       -2321.386       6548.122       6627.214    0.000  -0.138   0.380   0.
  2017 352 12 45 31 494 352.531614514      -1.39      1.46     -0.35  0.       -2322.630       6548.543       6626.392    0.000  -0.138   0.380   0.
  2017 352 12 45 32 494 352.531626088      -1.22      1.81     -0.30  0.       -2323.873       6548.964       6625.569    0.000  -0.138   0.380   0.
  2017 352 12 45 33 493 352.531637662      -1.45      2.11     -0.20  0.       -2325.116       6549.384       6624.747    0.000  -0.138   0.380   0.
  2017 352 12 45 34 493 352.531649236      -1.08      2.22     -0.47  0.       -2326.359       6549.804       6623.924    0.000  -0.139   0.381   0.
  2017 352 12 45 35 493 352.531660810      -0.66      2.32     -0.31  0.       -2327.601       6550.224       6623.101    0.000  -0.139   0.381   0.
  2017 352 12 45 36 493 352.531672384      -0.49      1.98     -0.39  0.       -2328.844       6550.644       6622.277    0.000  -0.138   0.380   0.
  2017 352 12 45 37 493 352.531683958      -0.44      2.16     -0.51  0.       -2330.086       6551.063       6621.453    0.000  -0.138   0.380   0.
  2017 352 12 45 38 494 352.531695532      -0.35      2.52     -0.24  0.       -2331.329       6551.482       6620.629    0.000  -0.139   0.381   0.
  2017 352 12 45 39 494 352.531707106      -0.39      2.14     -0.36  0.       -2332.571       6551.900       6619.805    0.000  -0.139   0.381   0.
  2017 352 12 45 40 493 352.531718681      -0.70      2.21     -0.29  0.       -2333.813       6552.318       6618.980    0.000  -0.138   0.380   0.
  2017 352 12 45 41 493 352.531730255      -0.93      2.39     -0.11  0.       -2335.055       6552.736       6618.155    0.000  -0.138   0.380   0.
  2017 352 12 45 42 494 352.531741829      -1.23      2.28      0.03  0.       -2336.297       6553.154       6617.330    0.000  -0.138   0.380   0.
  2017 352 12 45 43 494 352.531753403      -1.39      1.90     -0.23  0.       -2337.539       6553.571       6616.504    0.000  -0.138   0.380   0.
  2017 352 12 45 44 494 352.531764977      -1.46      1.65     -0.83  0.       -2338.781       6553.988       6615.678    0.000  -0.139   0.381   0.
  2017 352 12 45 45 494 352.531776551      -1.22      1.48     -0.57  0.       -2340.022       6554.405       6614.852    0.000  -0.139   0.381   0.
  2017 352 12 45 46 493 352.531788125      -1.19      1.65     -0.48  0.       -2341.264       6554.822       6614.025    0.000  -0.138   0.380   0.
  2017 352 12 45 47 493 352.531799699      -1.03      1.62     -0.75  0.       -2342.505       6555.238       6613.198    0.000  -0.138   0.380   0.
  2017 352 12 45 48 493 352.531811273      -0.81      1.59     -0.79  0.       -2343.747       6555.653       6612.370    0.000  -0.139   0.381   0.
  2017 352 12 45 49 493 352.531822847      -0.69      1.42     -0.92  0.       -2344.988       6556.069       6611.543    0.000  -0.139   0.381   0.
  2017 352 12 45 50 493 352.531834421      -1.11      1.32     -0.91  0.       -2346.229       6556.483       6610.715    0.000  -0.138   0.380   0.
  2017 352 12 45 51 494 352.531845995      -1.34      1.08     -0.94  0.       -2347.470       6556.898       6609.886    0.000  -0.138   0.380   0.
  2017 352 12 45 52 494 352.531857569      -1.14      1.01     -1.26  0.       -2348.710       6557.313       6609.058    0.000  -0.139   0.381   0.
  2017 352 12 45 53 493 352.531869143      -0.93      1.22     -1.11  0.       -2349.951       6557.727       6608.229    0.000  -0.139   0.381   0.
  2017 352 12 45 54 493 352.531880715      -1.21      1.51     -0.81  0.       -2351.192       6558.141       6607.400    0.000  -0.138   0.380   0.
  2017 352 12 45 55 493 352.531892289      -1.15      1.60     -0.66  0.       -2352.432       6558.554       6606.570    0.000  -0.138   0.380   0.
  2017 352 12 45 56 493 352.531903863      -0.90      1.48     -0.76  0.       -2353.673       6558.967       6605.740    0.000  -0.138   0.380   0.
  2017 352 12 45 57 493 352.531915437      -0.90      1.53     -0.84  0.       -2354.913       6559.380       6604.910    0.000  -0.138   0.380   0.
  2017 352 12 45 58 493 352.531927011      -0.88      1.54     -1.08  0.       -2356.153       6559.793       6604.079    0.000  -0.139   0.381   0.
  2017 352 12 45 59 493 352.531938585      -0.70      1.48     -1.17  0.       -2357.393       6560.205       6603.248    0.000  -0.139   0.381   0.
  2017 352 12 46  0 493 352.531950159      -0.32      1.46     -1.11  0.       -2358.633       6560.617       6602.417    0.000  -0.139   0.381   0.
  2017 352 12 46  1 493 352.531961733      -0.48      1.22     -1.09  0.       -2359.873       6561.028       6601.586    0.000  -0.139   0.381   0.
  2017 352 12 46  2 493 352.531973307      -0.67      1.14     -1.11  0.       -2361.112       6561.440       6600.754    0.000  -0.138   0.380   0.
  2017 352 12 46  3 493 352.531984881      -0.81      1.17     -1.06  0.       -2362.352       6561.851       6599.922    0.000  -0.138   0.380   0.
  2017 352 12 46  4 493 352.531996455      -0.86      1.19     -0.69  0.       -2363.591       6562.261       6599.089    0.000  -0.138   0.380   0.
  2017 352 12 46  5 493 352.532008030      -1.09      1.03     -0.76  0.       -2364.831       6562.672       6598.257    0.000  -0.138   0.380   0.
  2017 352 12 46  6 493 352.532019604      -1.13      0.99     -0.90  0.       -2366.070       6563.082       6597.423    0.000  -0.139   0.381   0.
  2017 352 12 46  7 493 352.532031178      -1.11      1.06     -0.89  0.       -2367.309       6563.491       6596.590    0.000  -0.139   0.381   0.
  2017 352 12 46  8 493 352.532042752      -1.23      1.04     -0.89  0.       -2368.548       6563.901       6595.756    0.000  -0.138   0.380   0.
  2017 352 12 46  9 493 352.532054326      -1.16      1.05     -1.00  0.       -2369.787       6564.310       6594.922    0.000  -0.138   0.380   0.
  2017 352 12 46 10 493 352.532065900      -1.08      1.01     -1.09  0.       -2371.026       6564.718       6594.088    0.000  -0.138   0.380   0.
  2017 352 12 46 11 493 352.532077474      -1.00      1.01     -0.96  0.       -2372.264       6565.127       6593.253    0.000  -0.138   0.380   0.
  2017 352 12 46 12 493 352.532089048      -0.98      1.04     -1.06  0.       -2373.503       6565.535       6592.418    0.000  -0.139   0.381   0.
  2017 352 12 46 13 493 352.532100622      -0.97      1.29     -0.92  0.       -2374.741       6565.943       6591.583    0.000  -0.139   0.381   0.
  2017 352 12 46 14 493 352.532112196      -1.17      1.38     -1.06  0.       -2375.980       6566.350       6590.747    0.000  -0.139   0.381   0.
  2017 352 12 46 15 493 352.532123770      -0.99      1.53     -1.01  0.       -2377.218       6566.757       6589.911    0.000  -0.139   0.381   0.
  2017 352 12 46 16 493 352.532135344      -0.35      1.76     -1.11  0.       -2378.456       6567.164       6589.075    0.000  -0.138   0.380   0.
  2017 352 12 46 17 493 352.532146918      -0.53      1.58     -1.24  0.       -2379.694       6567.571       6588.238    0.000  -0.138   0.380   0.
  2017 352 12 46 18 493 352.532158492      -0.66      1.29     -1.18  0.       -2380.932       6567.977       6587.401    0.000  -0.139   0.381   0.
  2017 352 12 46 19 493 352.532170067      -0.65      1.29     -1.22  0.       -2382.169       6568.383       6586.564    0.000  -0.139   0.381   0.
  2017 352 12 46 20 493 352.532181641      -0.65      1.32     -1.18  0.       -2383.407       6568.788       6585.727    0.000  -0.139   0.381   0.
  2017 352 12 46 21 493 352.532193215      -0.55      1.21     -1.15  0.       -2384.644       6569.194       6584.889    0.000  -0.139   0.381   0.
  2017 352 12 46 22 493 352.532204789      -0.45      1.26     -1.05  0.       -2385.882       6569.599       6584.050    0.000  -0.138   0.380   0.
  2017 352 12 46 23 493 352.532216363      -0.57      1.35     -0.92  0.       -2387.119       6570.003       6583.212    0.000  -0.138   0.380   0.
  2017 352 12 46 24 493 352.532227937      -0.68      1.35     -1.07  0.       -2388.356       6570.407       6582.373    0.000  -0.139   0.381   0.
  2017 352 12 46 25 493 352.532239511      -0.43      1.36     -1.34  0.       -2389.593       6570.811       6581.534    0.000  -0.139   0.381   0.
  2017 352 12 46 26 493 352.532251082      -0.47      1.33     -1.37  0.       -2390.830       6571.215       6580.694    0.000  -0.139   0.381   0.
  2017 352 12 46 27 493 352.532262656      -0.32      1.53     -1.18  0.       -2392.067       6571.618       6579.855    0.000  -0.139   0.381   0.
  2017 352 12 46 28 493 352.532274230      -0.00      1.59     -1.24  0.       -2393.304       6572.021       6579.015    0.000  -0.138   0.380   0.
  2017 352 12 46 29 493 352.532285804      -0.02      1.71     -1.28  0.       -2394.540       6572.424       6578.174    0.000  -0.138   0.380   0.
  2017 352 12 46 30 493 352.532297378       0.09      1.37     -1.60  0.       -2395.777       6572.826       6577.333    0.000  -0.139   0.381   0.
  2017 352 12 46 31 493 352.532308953      -0.16      1.37     -1.45  0.       -2397.013       6573.229       6576.492    0.000  -0.139   0.381   0.
  2017 352 12 46 32 493 352.532320527      -0.30      1.59     -1.25  0.       -2398.249       6573.630       6575.651    0.000  -0.139   0.381   0.
  2017 352 12 46 33 493 352.532332101      -0.15      1.36     -1.06  0.       -2399.485       6574.032       6574.809    0.000  -0.139   0.381   0.
  2017 352 12 46 34 493 352.532343675      -0.28      1.26     -0.87  0.       -2400.721       6574.433       6573.967    0.000  -0.139   0.381   0.
  2017 352 12 46 35 493 352.532355249      -0.59      1.29     -0.82  0.       -2401.957       6574.834       6573.125    0.000  -0.139   0.381   0.
  2017 352 12 46 36 493 352.532366823      -0.65      1.24     -0.92  0.       -2403.193       6575.234       6572.282    0.000  -0.139   0.381   0.
  2017 352 12 46 37 493 352.532378397      -0.51      1.11     -0.99  0.       -2404.429       6575.634       6571.439    0.000  -0.139   0.381   0.
  2017 352 12 46 38 493 352.532389971      -0.46      1.10     -1.09  0.       -2405.664       6576.034       6570.596    0.000  -0.139   0.381   0.
  2017 352 12 46 39 493 352.532401545      -0.45      1.22     -1.12  0.       -2406.899       6576.434       6569.752    0.000  -0.139   0.381   0.
  2017 352 12 46 40 493 352.532413119      -0.28      1.23     -1.07  0.       -2408.135       6576.833       6568.908    0.000  -0.138   0.380   0.
  2017 352 12 46 41 493 352.532424693      -0.34      1.08     -0.98  0.       -2409.370       6577.232       6568.064    0.000  -0.138   0.380   0.
  2017 352 12 46 42 493 352.532436267      -0.58      1.06     -0.92  0.       -2410.605       6577.630       6567.220    0.000  -0.139   0.381   0.
  2017 352 12 46 43 493 352.532447841      -0.74      0.96     -1.20  0.       -2411.840       6578.029       6566.375    0.000  -0.139   0.381   0.
  2017 352 12 46 44 493 352.532459415      -0.85      0.81     -1.28  0.       -2413.075       6578.426       6565.529    0.000  -0.138   0.380   0.
  2017 352 12 46 45 493 352.532470990      -0.63      0.97     -1.32  0.       -2414.310       6578.824       6564.684    0.000  -0.138   0.380   0.
  2017 352 12 46 46 493 352.532482564      -0.84      0.91     -1.51  0.       -2415.544       6579.221       6563.838    0.000  -0.138   0.380   0.
  2017 352 12 46 47 493 352.532494138      -1.25      0.93     -1.43  0.       -2416.779       6579.618       6562.992    0.000  -0.138   0.380   0.
  2017 352 12 46 48 493 352.532505712      -1.28      1.02     -1.35  0.       -2418.013       6580.015       6562.145    0.000  -0.139   0.381   0.
  2017 352 12 46 49 493 352.532517286      -1.21      0.94     -1.32  0.       -2419.247       6580.411       6561.299    0.000  -0.139   0.381   0.
  2017 352 12 46 50 493 352.532528860      -0.99      1.19     -1.39  0.       -2420.481       6580.807       6560.452    0.000  -0.138   0.380   0.
  2017 352 12 46 51 493 352.532540434      -1.04      1.20     -1.15  0.       -2421.715       6581.203       6559.604    0.000  -0.138   0.380   0.
  2017 352 12 46 52 493 352.532552008      -1.09      1.38     -0.77  0.       -2422.949       6581.599       6558.756    0.000  -0.139   0.381   0.
  2017 352 12 46 53 493 352.532563582      -0.98      1.52     -0.51  0.       -2424.183       6581.994       6557.908    0.000  -0.139   0.381   0.
  2017 352 12 46 54 493 352.532575156      -1.05      1.15     -0.48  0.       -2425.417       6582.388       6557.060    0.000  -0.138   0.380   0.
  2017 352 12 46 55 493 352.532586730      -1.34      1.06     -0.49  0.       -2426.650       6582.783       6556.211    0.000  -0.138   0.380   0.
  2017 352 12 46 56 493 352.532598302      -1.19      1.10     -0.58  0.       -2427.884       6583.177       6555.362    0.000  -0.138   0.380   0.
  2017 352 12 46 57 493 352.532609876      -1.27      0.90     -0.68  0.       -2429.117       6583.571       6554.513    0.000  -0.138   0.380   0.
  2017 352 12 46 58 493 352.532621450      -0.98      1.06     -0.82  0.       -2430.350       6583.964       6553.663    0.000  -0.139   0.381   0.
  2017 352 12 46 59 493 352.532633024      -0.70      1.27     -0.78  0.       -2431.583       6584.357       6552.813    0.000  -0.139   0.381   0.
  2017 352 12 47  0 493 352.532644598      -0.65      1.35     -0.74  0.       -2432.816       6584.750       6551.963    0.000  -0.138   0.380   0.
  2017 352 12 47  1 493 352.532656172      -0.55      1.67     -0.46  0.       -2434.049       6585.143       6551.112    0.000  -0.138   0.380   0.
  2017 352 12 47  2 493 352.532667746      -0.66      1.92     -0.30  0.       -2435.282       6585.535       6550.261    0.000  -0.138   0.380   0.
  2017 352 12 47  3 493 352.532679320      -0.55      1.79     -0.07  0.       -2436.514       6585.927       6549.410    0.000  -0.138   0.380   0.
  2017 352 12 47  4 493 352.532690894      -0.38      1.89     -0.56  0.       -2437.747       6586.318       6548.559    0.000  -0.139   0.381   0.
  2017 352 12 47  5 493 352.532702468      -0.30      2.09     -0.15  0.       -2438.979       6586.710       6547.707    0.000  -0.139   0.381   0.
  2017 352 12 47  6 493 352.532714042      -0.59      1.92     -0.10  0.       -2440.211       6587.101       6546.855    0.000  -0.138   0.380   0.
  2017 352 12 47  7 493 352.532725616      -0.66      1.83     -0.51  0.       -2441.443       6587.491       6546.002    0.000  -0.138   0.380   0.
  2017 352 12 47  8 493 352.532737190      -0.65      1.91     -0.25  0.       -2442.676       6587.881       6545.149    0.000  -0.138   0.380   0.
  2017 352 12 47  9 493 352.532748764      -0.27      2.07     -0.39  0.       -2443.908       6588.271       6544.296    0.000  -0.138   0.380   0.
  2017 352 12 47 10 493 352.532760339       0.02      2.07     -0.19  0.       -2445.139       6588.661       6543.443    0.000  -0.139   0.381   0.
  2017 352 12 47 11 493 352.532771913      -0.30      2.13     -0.34  0.       -2446.371       6589.051       6542.589    0.000  -0.139   0.381   0.
  2017 352 12 47 12 493 352.532783487      -0.46      1.99     -0.62  0.       -2447.602       6589.440       6541.735    0.000  -0.138   0.380   0.
  2017 352 12 47 13 493 352.532795061      -0.59      1.55     -0.84  0.       -2448.834       6589.828       6540.880    0.000  -0.138   0.380   0.
  2017 352 12 47 14 493 352.532806635      -0.50      1.41     -1.05  0.       -2450.065       6590.217       6540.026    0.000  -0.138   0.380   0.
  2017 352 12 47 15 493 352.532818209      -0.28      1.41     -1.30  0.       -2451.296       6590.605       6539.171    0.000  -0.138   0.380   0.
  2017 352 12 47 16 493 352.532829783       0.11      1.54     -1.06  0.       -2452.527       6590.992       6538.315    0.000  -0.139   0.381   0.
  2017 352 12 47 17 493 352.532841357       0.22      1.45     -0.89  0.       -2453.758       6591.380       6537.460    0.000  -0.139   0.381   0.
  2017 352 12 47 18 493 352.532852931       0.29      1.11     -1.04  0.       -2454.989       6591.767       6536.604    0.000  -0.138   0.380   0.
  2017 352 12 47 19 493 352.532864505      -0.20      0.97     -1.34  0.       -2456.220       6592.154       6535.747    0.000  -0.138   0.380   0.
  2017 352 12 47 20 493 352.532876079      -0.68      0.87     -1.51  0.       -2457.450       6592.540       6534.891    0.000  -0.138   0.380   0.
  2017 352 12 47 21 493 352.532887653      -1.17      0.81     -1.18  0.       -2458.681       6592.926       6534.034    0.000  -0.138   0.380   0.
  2017 352 12 47 22 493 352.532899227      -1.49      0.89     -0.97  0.       -2459.911       6593.312       6533.177    0.000  -0.139   0.381   0.
  2017 352 12 47 23 493 352.532910802      -1.74      1.65     -0.64  0.       -2461.141       6593.698       6532.319    0.000  -0.139   0.381   0.
  2017 352 12 47 24 493 352.532922376      -1.39      2.22     -0.79  0.       -2462.372       6594.083       6531.461    0.000  -0.139   0.381   0.
  2017 352 12 47 25 493 352.532933949      -0.76      2.46     -0.99  0.       -2463.602       6594.468       6530.603    0.000  -0.139   0.381   0.
  2017 352 12 47 26 493 352.532945521      -0.76      2.25     -0.58  0.       -2464.831       6594.852       6529.744    0.000  -0.138   0.380   0.
  2017 352 12 47 27 493 352.532957095      -0.63      1.80     -0.81  0.       -2466.061       6595.237       6528.886    0.000  -0.138   0.380   0.
  2017 352 12 47 28 493 352.532968669      -0.59      1.57     -1.09  0.       -2467.291       6595.621       6528.026    0.000  -0.139   0.381   0.
  2017 352 12 47 29 492 352.532980243      -0.50      1.45     -1.16  0.       -2468.520       6596.004       6527.167    0.000  -0.139   0.381   0.
  2017 352 12 47 30 492 352.532991817      -0.38      1.57     -0.87  0.       -2469.750       6596.387       6526.307    0.000  -0.139   0.381   0.
  2017 352 12 47 31 492 352.533003391      -0.24      1.58     -0.91  0.       -2470.979       6596.770       6525.447    0.000  -0.139   0.381   0.
  2017 352 12 47 32 492 352.533014965      -0.82      1.77     -0.69  0.       -2472.208       6597.153       6524.587    0.000  -0.138   0.380   0.
  2017 352 12 47 33 492 352.533026539      -0.56      1.70     -0.47  0.       -2473.437       6597.535       6523.726    0.000  -0.138   0.380   0.
  2017 352 12 47 34 493 352.533038113      -0.39      1.64     -0.36  0.       -2474.666       6597.917       6522.865    0.000  -0.139   0.381   0.
  2017 352 12 47 35 493 352.533049688      -0.35      1.77     -0.25  0.       -2475.895       6598.299       6522.004    0.000  -0.139   0.381   0.
  2017 352 12 47 36 492 352.533061262      -0.49      1.44     -0.52  0.       -2477.124       6598.681       6521.142    0.000  -0.139   0.381   0.
  2017 352 12 47 37 492 352.533072836      -0.38      1.63     -0.62  0.       -2478.352       6599.062       6520.280    0.000  -0.139   0.381   0.
  2017 352 12 47 38 493 352.533084410      -0.37      1.67     -0.48  0.       -2479.581       6599.442       6519.418    0.000  -0.139   0.381   0.
  2017 352 12 47 39 493 352.533095984      -0.71      1.31     -0.78  0.       -2480.809       6599.823       6518.555    0.000  -0.139   0.381   0.
  2017 352 12 47 40 493 352.533107558      -0.90      1.28     -0.74  0.       -2482.037       6600.203       6517.692    0.000  -0.138   0.380   0.
  2017 352 12 47 41 493 352.533119132      -0.92      1.25     -0.69  0.       -2483.265       6600.583       6516.829    0.000  -0.138   0.380   0.
  2017 352 12 47 42 492 352.533130706      -0.90      1.27     -0.59  0.       -2484.493       6600.962       6515.966    0.000  -0.139   0.381   0.
  2017 352 12 47 43 492 352.533142280      -0.63      1.46     -0.57  0.       -2485.721       6601.341       6515.101    0.000  -0.139   0.381   0.
  2017 352 12 47 44 492 352.533153854      -0.68      1.57     -0.61  0.       -2486.949       6601.720       6514.237    0.000  -0.139   0.381   0.
  2017 352 12 47 45 492 352.533165428      -0.75      1.46     -0.59  0.       -2488.176       6602.099       6513.373    0.000  -0.139   0.381   0.
  2017 352 12 47 46 492 352.533177002      -0.51      1.39     -0.92  0.       -2489.404       6602.477       6512.508    0.000  -0.138   0.380   0.
  2017 352 12 47 47 493 352.533188576      -0.61      1.35     -1.22  0.       -2490.631       6602.855       6511.643    0.000  -0.138   0.380   0.
  2017 352 12 47 48 493 352.533200150      -1.00      1.73     -0.86  0.       -2491.858       6603.232       6510.777    0.000  -0.139   0.381   0.
  2017 352 12 47 49 492 352.533211725      -1.13      1.73     -0.73  0.       -2493.085       6603.609       6509.911    0.000  -0.139   0.381   0.
  2017 352 12 47 50 492 352.533223299      -1.13      1.75     -0.70  0.       -2494.312       6603.986       6509.045    0.000  -0.138   0.380   0.
  2017 352 12 47 51 493 352.533234873      -1.39      1.57     -0.73  0.       -2495.539       6604.363       6508.179    0.000  -0.138   0.380   0.
  2017 352 12 47 52 493 352.533246447      -1.30      1.65     -0.60  0.       -2496.766       6604.739       6507.312    0.000  -0.138   0.380   0.
  2017 352 12 47 53 493 352.533258021      -1.18      2.22     -0.49  0.       -2497.993       6605.115       6506.445    0.000  -0.138   0.380   0.
  2017 352 12 47 54 493 352.533269595      -1.16      2.24     -0.73  0.       -2499.219       6605.491       6505.578    0.000  -0.139   0.381   0.
  2017 352 12 47 55 493 352.533281169      -1.10      1.76     -1.10  0.       -2500.446       6605.866       6504.710    0.000  -0.139   0.381   0.
  2017 352 12 47 56 492 352.533292740      -0.88      1.68     -1.17  0.       -2501.672       6606.241       6503.842    0.000  -0.138   0.380   0.
  2017 352 12 47 57 492 352.533304314      -0.76      1.86     -0.74  0.       -2502.898       6606.616       6502.974    0.000  -0.138   0.380   0.
  2017 352 12 47 58 492 352.533315888      -0.73      2.03     -0.73  0.       -2504.124       6606.990       6502.105    0.000  -0.138   0.380   0.
  2017 352 12 47 59 492 352.533327462      -0.65      1.62     -1.48  0.       -2505.350       6607.364       6501.236    0.000  -0.138   0.380   0.
  2017 352 12 48  0 492 352.533339036      -0.66      2.24     -0.81  0.       -2506.576       6607.738       6500.367    0.000  -0.139   0.381   0.
  2017 352 12 48  1 492 352.533350611      -0.46      1.95     -1.24  0.       -2507.801       6608.111       6499.498    0.000  -0.139   0.381   0.
  2017 352 12 48  2 492 352.533362185      -1.75      1.24     -1.86  0.       -2509.027       6608.484       6498.628    0.000  -0.138   0.380   0.
  2017 352 12 48  3 492 352.533373759      -2.74      1.91     -1.65  0.       -2510.252       6608.857       6497.758    0.000  -0.138   0.380   0.
  2017 352 12 48  4 492 352.533385333      -2.21      2.56     -1.38  0.       -2511.478       6609.230       6496.887    0.000  -0.138   0.380   0.
  2017 352 12 48  5 492 352.533396907      -1.81      2.25     -1.30  0.       -2512.703       6609.602       6496.016    0.000  -0.138   0.380   0.
  2017 352 12 48  6 492 352.533408481      -1.52      1.50     -0.95  0.       -2513.928       6609.973       6495.145    0.000  -0.139   0.381   0.
  2017 352 12 48  7 492 352.533420055      -1.54      1.44     -0.90  0.       -2515.153       6610.345       6494.274    0.000  -0.139   0.381   0.
  2017 352 12 48  8 492 352.533431629      -1.52      1.38     -0.83  0.       -2516.378       6610.716       6493.402    0.000  -0.138   0.380   0.
  2017 352 12 48  9 492 352.533443203      -1.51      1.45     -0.91  0.       -2517.602       6611.087       6492.530    0.000  -0.138   0.380   0.
  2017 352 12 48 10 492 352.533454777      -1.08      1.69     -0.79  0.       -2518.827       6611.457       6491.658    0.000  -0.138   0.380   0.
  2017 352 12 48 11 492 352.533466351      -0.68      1.65     -0.92  0.       -2520.051       6611.828       6490.785    0.000  -0.138   0.380   0.
  2017 352 12 48 12 492 352.533477925      -0.46      1.50     -1.08  0.       -2521.276       6612.198       6489.912    0.000  -0.139   0.381   0.
  2017 352 12 48 13 492 352.533489499      -0.63      1.23     -1.30  0.       -2522.500       6612.567       6489.039    0.000  -0.139   0.381   0.
  2017 352 12 48 14 492 352.533501073      -0.54      1.03     -1.50  0.       -2523.724       6612.936       6488.165    0.000  -0.138   0.380   0.
  2017 352 12 48 15 492 352.533512648      -0.60      0.94     -1.57  0.       -2524.948       6613.305       6487.291    0.000  -0.138   0.380   0.
  2017 352 12 48 16 492 352.533524222      -0.37      1.03     -1.35  0.       -2526.172       6613.674       6486.417    0.000  -0.138   0.380   0.
  2017 352 12 48 17 492 352.533535796      -0.48      1.02     -1.39  0.       -2527.396       6614.042       6485.542    0.000  -0.138   0.380   0.
  2017 352 12 48 18 492 352.533547370      -0.42      1.00     -1.53  0.       -2528.619       6614.410       6484.667    0.000  -0.139   0.381   0.
  2017 352 12 48 19 492 352.533558944      -0.59      0.89     -1.87  0.       -2529.843       6614.778       6483.792    0.000  -0.139   0.381   0.
  2017 352 12 48 20 492 352.533570518      -0.68      1.01     -1.93  0.       -2531.066       6615.145       6482.917    0.000  -0.138   0.380   0.
  2017 352 12 48 21 492 352.533582092      -0.25      1.22     -1.60  0.       -2532.289       6615.512       6482.041    0.000  -0.138   0.380   0.
  2017 352 12 48 22 492 352.533593666      -0.17      1.06     -1.50  0.       -2533.512       6615.879       6481.165    0.000  -0.138   0.380   0.
  2017 352 12 48 23 492 352.533605240      -0.26      1.04     -1.25  0.       -2534.735       6616.245       6480.288    0.000  -0.138   0.380   0.
  2017 352 12 48 24 492 352.533616811      -0.07      1.19     -1.01  0.       -2535.958       6616.611       6479.411    0.000  -0.139   0.381   0.
  2017 352 12 48 25 492 352.533628385      -0.03      1.04     -1.14  0.       -2537.181       6616.977       6478.534    0.000  -0.139   0.381   0.
  2017 352 12 48 26 492 352.533639959      -0.37      0.95     -1.11  0.       -2538.403       6617.342       6477.657    0.000  -0.139   0.381   0.
  2017 352 12 48 27 492 352.533651534      -0.26      1.09     -1.10  0.       -2539.626       6617.707       6476.779    0.000  -0.139   0.381   0.
  2017 352 12 48 28 492 352.533663108      -0.28      1.16     -0.81  0.       -2540.848       6618.072       6475.901    0.000  -0.138   0.380   0.
  2017 352 12 48 29 492 352.533674682       0.08      1.13     -0.85  0.       -2542.071       6618.437       6475.023    0.000  -0.138   0.380   0.
  2017 352 12 48 30 492 352.533686256      -0.11      0.70     -1.18  0.       -2543.293       6618.801       6474.144    0.000  -0.139   0.381   0.
  2017 352 12 48 31 492 352.533697830      -0.60      0.76     -1.05  0.       -2544.515       6619.165       6473.265    0.000  -0.139   0.381   0.
  2017 352 12 48 32 492 352.533709404      -0.60      0.93     -0.75  0.       -2545.737       6619.528       6472.386    0.000  -0.139   0.381   0.
  2017 352 12 48 33 492 352.533720978      -0.76      0.80     -0.80  0.       -2546.958       6619.891       6471.506    0.000  -0.139   0.381   0.
  2017 352 12 48 34 492 352.533732552      -0.96      1.05     -0.66  0.       -2548.180       6620.254       6470.627    0.000  -0.138   0.380   0.
  2017 352 12 48 35 492 352.533744126      -0.78      1.42     -0.61  0.       -2549.401       6620.617       6469.746    0.000  -0.138   0.380   0.
  2017 352 12 48 36 492 352.533755700      -0.79      2.03     -0.89  0.       -2550.623       6620.979       6468.866    0.000  -0.139   0.381   0.
  2017 352 12 48 37 492 352.533767274      -0.56      1.90     -1.14  0.       -2551.844       6621.341       6467.985    0.000  -0.139   0.381   0.
  2017 352 12 48 38 492 352.533778848      -0.56      1.68     -1.02  0.       -2553.065       6621.702       6467.104    0.000  -0.138   0.380   0.
  2017 352 12 48 39 492 352.533790423      -0.77      1.26     -0.69  0.       -2554.286       6622.063       6466.222    0.000  -0.138   0.380   0.
  2017 352 12 48 40 492 352.533801997      -0.90      1.41     -0.49  0.       -2555.507       6622.424       6465.340    0.000  -0.139   0.381   0.
  2017 352 12 48 41 492 352.533813571      -0.78      1.38     -0.29  0.       -2556.728       6622.785       6464.458    0.000  -0.139   0.381   0.
  2017 352 12 48 42 492 352.533825145      -0.66      1.44     -0.72  0.       -2557.949       6623.145       6463.576    0.000  -0.139   0.381   0.
  2017 352 12 48 43 492 352.533836719      -0.96      1.44     -0.84  0.       -2559.169       6623.505       6462.693    0.000  -0.139   0.381   0.
  2017 352 12 48 44 492 352.533848293      -1.07      1.60     -0.67  0.       -2560.389       6623.865       6461.810    0.000  -0.138   0.380   0.
  2017 352 12 48 45 492 352.533859867      -0.80      1.74     -0.69  0.       -2561.610       6624.224       6460.927    0.000  -0.138   0.380   0.
  2017 352 12 48 46 492 352.533871441      -0.69      1.69     -0.82  0.       -2562.830       6624.583       6460.043    0.000  -0.138   0.380   0.
  2017 352 12 48 47 492 352.533883015      -0.70      1.62     -0.62  0.       -2564.050       6624.942       6459.159    0.000  -0.138   0.380   0.
  2017 352 12 48 48 492 352.533894589      -0.72      1.27     -0.76  0.       -2565.270       6625.300       6458.275    0.000  -0.138   0.380   0.
  2017 352 12 48 49 492 352.533906163      -0.86      0.82     -1.19  0.       -2566.490       6625.658       6457.390    0.000  -0.138   0.380   0.
  2017 352 12 48 50 492 352.533917737      -1.36      0.85     -1.34  0.       -2567.709       6626.016       6456.505    0.000  -0.139   0.381   0.
  2017 352 12 48 51 492 352.533929311      -1.19      1.51     -1.25  0.       -2568.929       6626.373       6455.620    0.000  -0.139   0.381   0.
  2017 352 12 48 52 492 352.533940885      -0.61      1.88     -1.10  0.       -2570.148       6626.730       6454.734    0.000  -0.139   0.381   0.
  2017 352 12 48 53 492 352.533952459      -0.35      2.11     -1.11  0.       -2571.367       6627.087       6453.849    0.000  -0.139   0.381   0.
  2017 352 12 48 54 492 352.533964031      -0.42      2.00     -1.16  0.       -2572.587       6627.444       6452.962    0.000  -0.138   0.380   0.
  2017 352 12 48 55 492 352.533975605      -0.39      1.84     -1.17  0.       -2573.806       6627.800       6452.076    0.000  -0.138   0.380   0.
  2017 352 12 48 56 492 352.533987179      -0.49      1.39     -1.28  0.       -2575.024       6628.156       6451.189    0.000  -0.139   0.381   0.
  2017 352 12 48 57 492 352.533998753      -0.57      1.00     -1.52  0.       -2576.243       6628.511       6450.302    0.000  -0.139   0.381   0.
  2017 352 12 48 58 492 352.534010327      -0.76      0.94     -1.60  0.       -2577.462       6628.866       6449.415    0.000  -0.138   0.380   0.
  2017 352 12 48 59 492 352.534021901      -0.67      1.13     -1.51  0.       -2578.680       6629.221       6448.527    0.000  -0.138   0.380   0.
  2017 352 12 49  0 492 352.534033475      -0.57      1.21     -1.14  0.       -2579.899       6629.576       6447.639    0.000  -0.138   0.380   0.
  2017 352 12 49  1 492 352.534045049      -0.50      1.47     -0.82  0.       -2581.117       6629.930       6446.751    0.000  -0.138   0.380   0.
  2017 352 12 49  2 492 352.534056623      -0.23      1.46     -0.83  0.       -2582.335       6630.284       6445.862    0.000  -0.139   0.381   0.
  2017 352 12 49  3 492 352.534068197      -0.12      0.89     -1.05  0.       -2583.553       6630.637       6444.973    0.000  -0.139   0.381   0.
  2017 352 12 49  4 492 352.534079771      -1.03      0.97     -1.07  0.       -2584.771       6630.990       6444.084    0.000  -0.138   0.380   0.
  2017 352 12 49  5 492 352.534091346      -1.38      1.53     -0.98  0.       -2585.989       6631.343       6443.194    0.000  -0.138   0.380   0.
  2017 352 12 49  6 492 352.534102920      -0.78      2.25     -0.53  0.       -2587.207       6631.696       6442.304    0.000  -0.139   0.381   0.
  2017 352 12 49  7 492 352.534114494      -0.24      2.61     -0.48  0.       -2588.424       6632.048       6441.414    0.000  -0.139   0.381   0.
  2017 352 12 49  8 492 352.534126068       0.21      2.75     -0.17  0.       -2589.642       6632.401       6440.523    0.000  -0.138   0.380   0.
  2017 352 12 49  9 492 352.534137642      -0.12      2.50      0.19  0.       -2590.859       6632.752       6439.633    0.000  -0.138   0.380   0.
  2017 352 12 49 10 492 352.534149216      -0.18      1.82     -0.43  0.       -2592.076       6633.103       6438.741    0.000  -0.138   0.380   0.
  2017 352 12 49 11 492 352.534160790      -0.17      1.61     -0.83  0.       -2593.293       6633.454       6437.850    0.000  -0.138   0.380   0.
  2017 352 12 49 12 492 352.534172364      -0.18      1.76     -0.89  0.       -2594.510       6633.805       6436.958    0.000  -0.139   0.381   0.
  2017 352 12 49 13 492 352.534183938       0.00      1.80     -0.69  0.       -2595.727       6634.155       6436.066    0.000  -0.139   0.381   0.
  2017 352 12 49 14 492 352.534195512       0.27      2.04     -0.94  0.       -2596.943       6634.505       6435.174    0.000  -0.138   0.380   0.
  2017 352 12 49 15 492 352.534207086       0.30      1.66     -1.20  0.       -2598.160       6634.855       6434.281    0.000  -0.138   0.380   0.
  2017 352 12 49 16 492 352.534218660       0.10      1.03     -1.45  0.       -2599.376       6635.204       6433.388    0.000  -0.138   0.380   0.
  2017 352 12 49 17 492 352.534230234       0.16      0.70     -1.96  0.       -2600.593       6635.553       6432.495    0.000  -0.138   0.380   0.
  2017 352 12 49 18 492 352.534241808       0.10      0.69     -1.81  0.       -2601.809       6635.902       6431.601    0.000  -0.139   0.381   0.
  2017 352 12 49 19 492 352.534253383       0.53      0.97     -1.53  0.       -2603.025       6636.250       6430.707    0.000  -0.139   0.381   0.
  2017 352 12 49 20 492 352.534264957       0.03      0.80     -1.30  0.       -2604.241       6636.599       6429.813    0.000  -0.139   0.381   0.
  2017 352 12 49 21 492 352.534276531      -0.51      0.65     -0.83  0.       -2605.456       6636.946       6428.918    0.000  -0.139   0.381   0.
  2017 352 12 49 22 492 352.534288105      -1.00      0.52     -0.95  0.       -2606.672       6637.294       6428.023    0.000  -0.138   0.380   0.
  2017 352 12 49 23 492 352.534299678      -1.31      0.57     -0.99  0.       -2607.888       6637.641       6427.128    0.000  -0.138   0.380   0.
  2017 352 12 49 24 491 352.534311250      -1.26      0.83     -0.96  0.       -2609.103       6637.988       6426.233    0.000  -0.139   0.381   0.
  2017 352 12 49 25 491 352.534322824      -1.25      1.03     -0.95  0.       -2610.318       6638.334       6425.337    0.000  -0.139   0.381   0.
  2017 352 12 49 26 491 352.534334398      -1.27      1.27     -0.67  0.       -2611.533       6638.680       6424.441    0.000  -0.139   0.381   0.
  2017 352 12 49 27 491 352.534345972      -1.39      1.79     -0.56  0.       -2612.748       6639.026       6423.544    0.000  -0.139   0.381   0.
  2017 352 12 49 28 491 352.534357546      -0.93      1.90     -0.64  0.       -2613.963       6639.372       6422.647    0.000  -0.138   0.380   0.
  2017 352 12 49 29 492 352.534369120      -0.52      1.66     -0.93  0.       -2615.178       6639.717       6421.750    0.000  -0.138   0.380   0.
  2017 352 12 49 30 492 352.534380694      -0.40      1.84     -0.58  0.       -2616.393       6640.062       6420.853    0.000  -0.138   0.380   0.
  2017 352 12 49 31 491 352.534392269      -0.82      2.21     -0.48  0.       -2617.607       6640.407       6419.955    0.000  -0.138   0.380   0.
  2017 352 12 49 32 491 352.534403843      -1.68      1.93     -0.52  0.       -2618.822       6640.751       6419.057    0.000  -0.139   0.381   0.
  2017 352 12 49 33 492 352.534415417      -2.04      1.90     -0.06  0.       -2620.036       6641.095       6418.159    0.000  -0.139   0.381   0.
  2017 352 12 49 34 492 352.534426991      -1.17      1.86     -0.31  0.       -2621.250       6641.438       6417.260    0.000  -0.139   0.381   0.
  2017 352 12 49 35 492 352.534438565      -1.11      1.66     -0.44  0.       -2622.464       6641.782       6416.361    0.000  -0.139   0.381   0.
  2017 352 12 49 36 492 352.534450139      -0.60      2.11     -0.33  0.       -2623.678       6642.125       6415.462    0.000  -0.139   0.381   0.
  2017 352 12 49 37 492 352.534461713      -0.42      2.33     -0.41  0.       -2624.892       6642.467       6414.563    0.000  -0.139   0.381   0.
  2017 352 12 49 38 491 352.534473287      -0.58      2.44     -0.24  0.       -2626.105       6642.810       6413.663    0.000  -0.139   0.381   0.
  2017 352 12 49 39 491 352.534484861      -0.87      2.36     -0.63  0.       -2627.319       6643.152       6412.762    0.000  -0.139   0.381   0.
  2017 352 12 49 40 491 352.534496435      -1.06      2.45     -0.63  0.       -2628.532       6643.493       6411.862    0.000  -0.139   0.381   0.
  2017 352 12 49 41 491 352.534508009      -0.60      2.65     -0.33  0.       -2629.745       6643.835       6410.961    0.000  -0.139   0.381   0.
  2017 352 12 49 42 491 352.534519583      -0.11      2.49     -0.27  0.       -2630.958       6644.176       6410.060    0.000  -0.139   0.381   0.
  2017 352 12 49 43 492 352.534531157       0.12      2.05     -0.55  0.       -2632.171       6644.516       6409.159    0.000  -0.139   0.381   0.
  2017 352 12 49 44 492 352.534542731      -0.18      1.65     -0.84  0.       -2633.384       6644.857       6408.257    0.000  -0.139   0.381   0.
  2017 352 12 49 45 491 352.534554306      -0.02      1.56     -0.85  0.       -2634.597       6645.197       6407.355    0.000  -0.139   0.381   0.
  2017 352 12 49 46 491 352.534565880       0.31      1.45     -1.09  0.       -2635.809       6645.537       6406.452    0.000  -0.138   0.380   0.
  2017 352 12 49 47 492 352.534577454       0.36      1.25     -1.20  0.       -2637.022       6645.876       6405.550    0.000  -0.138   0.380   0.
  2017 352 12 49 48 492 352.534589028      -0.08      0.98     -1.11  0.       -2638.234       6646.215       6404.647    0.000  -0.139   0.381   0.
  2017 352 12 49 49 492 352.534600602      -0.46      1.41     -0.82  0.       -2639.447       6646.554       6403.744    0.000  -0.139   0.381   0.
  2017 352 12 49 50 492 352.534612176      -0.56      1.39     -1.07  0.       -2640.659       6646.892       6402.840    0.000  -0.139   0.381   0.
  2017 352 12 49 51 492 352.534623750      -0.47      1.19     -0.85  0.       -2641.871       6647.230       6401.936    0.000  -0.139   0.381   0.
  2017 352 12 49 52 491 352.534635324      -0.46      1.36     -1.07  0.       -2643.082       6647.568       6401.032    0.000  -0.139   0.381   0.
  2017 352 12 49 53 491 352.534646898      -0.79      1.39     -1.20  0.       -2644.294       6647.906       6400.127    0.000  -0.139   0.381   0.
  2017 352 12 49 54 491 352.534658472      -1.09      1.46     -0.90  0.       -2645.506       6648.243       6399.223    0.000  -0.139   0.381   0.
  2017 352 12 49 55 491 352.534670046      -1.06      1.16     -0.76  0.       -2646.717       6648.580       6398.317    0.000  -0.139   0.381   0.
  2017 352 12 49 56 491 352.534681617      -0.87      1.14     -0.87  0.       -2647.928       6648.916       6397.412    0.000  -0.138   0.380   0.
  2017 352 12 49 57 491 352.534693192      -0.90      1.17     -1.08  0.       -2649.140       6649.252       6396.506    0.000  -0.138   0.380   0.
  2017 352 12 49 58 491 352.534704766      -1.29      1.18     -1.09  0.       -2650.351       6649.588       6395.600    0.000  -0.139   0.381   0.
  2017 352 12 49 59 491 352.534716340      -1.26      1.59     -0.86  0.       -2651.562       6649.924       6394.694    0.000  -0.139   0.381   0.
  2017 352 12 50  0 491 352.534727914      -1.09      1.98     -0.62  0.       -2652.772       6650.259       6393.787    0.000  -0.138   0.380   0.
  2017 352 12 50  1 491 352.534739488      -0.63      2.07     -0.24  0.       -2653.983       6650.594       6392.880    0.000  -0.138   0.380   0.
  2017 352 12 50  2 491 352.534751062      -0.52      1.91     -0.33  0.       -2655.194       6650.929       6391.973    0.000  -0.138   0.380   0.
  2017 352 12 50  3 491 352.534762636      -0.55      1.73     -0.35  0.       -2656.404       6651.263       6391.065    0.000  -0.138   0.380   0.
  2017 352 12 50  4 491 352.534774210      -0.26      1.75     -0.72  0.       -2657.614       6651.597       6390.157    0.000  -0.139   0.381   0.
  2017 352 12 50  5 491 352.534785784      -0.33      1.25     -1.35  0.       -2658.825       6651.931       6389.249    0.000  -0.139   0.381   0.
  2017 352 12 50  6 491 352.534797358      -0.67      1.35     -1.79  0.       -2660.035       6652.264       6388.340    0.000  -0.138   0.380   0.
  2017 352 12 50  7 491 352.534808932      -0.87      2.01     -1.53  0.       -2661.245       6652.597       6387.431    0.000  -0.138   0.380   0.
  2017 352 12 50  8 491 352.534820506      -0.21      1.93     -1.10  0.       -2662.454       6652.930       6386.522    0.000  -0.139   0.381   0.
  2017 352 12 50  9 491 352.534832080      -0.07      1.27     -1.14  0.       -2663.664       6653.262       6385.613    0.000  -0.139   0.381   0.
  2017 352 12 50 10 491 352.534843655       0.09      1.55     -0.52  0.       -2664.874       6653.594       6384.703    0.000  -0.139   0.381   0.
  2017 352 12 50 11 491 352.534855229       0.04      1.60     -1.02  0.       -2666.083       6653.926       6383.793    0.000  -0.139   0.381   0.
  2017 352 12 50 12 491 352.534866803       0.09      1.81     -0.48  0.       -2667.292       6654.257       6382.883    0.000  -0.138   0.380   0.
  2017 352 12 50 13 491 352.534878377       0.47      1.85     -0.42  0.       -2668.501       6654.588       6381.972    0.000  -0.138   0.380   0.
  2017 352 12 50 14 491 352.534889951       0.66      2.05     -0.54  0.       -2669.710       6654.919       6381.061    0.000  -0.139   0.381   0.
  2017 352 12 50 15 491 352.534901525       0.34      1.71     -0.61  0.       -2670.919       6655.249       6380.149    0.000  -0.139   0.381   0.
  2017 352 12 50 16 491 352.534913099       0.03      2.06     -0.40  0.       -2672.128       6655.579       6379.238    0.000  -0.139   0.381   0.
  2017 352 12 50 17 491 352.534924673      -0.37      1.88     -0.17  0.       -2673.337       6655.909       6378.326    0.000  -0.139   0.381   0.
  2017 352 12 50 18 491 352.534936247      -0.64      1.75     -0.30  0.       -2674.545       6656.239       6377.414    0.000  -0.139   0.381   0.
  2017 352 12 50 19 491 352.534947821      -0.63      1.62     -0.58  0.       -2675.753       6656.568       6376.501    0.000  -0.139   0.381   0.
  2017 352 12 50 20 491 352.534959395      -0.59      1.44     -0.75  0.       -2676.962       6656.897       6375.588    0.000  -0.138   0.380   0.
  2017 352 12 50 21 491 352.534970969      -0.72      1.67     -0.68  0.       -2678.170       6657.225       6374.675    0.000  -0.138   0.380   0.
  2017 352 12 50 22 491 352.534982543      -0.64      1.86     -0.20  0.       -2679.378       6657.553       6373.761    0.000  -0.138   0.380   0.
  2017 352 12 50 23 491 352.534994117      -0.50      2.13     -0.01  0.       -2680.585       6657.881       6372.848    0.000  -0.138   0.380   0.
  2017 352 12 50 24 491 352.535005692      -0.19      1.99      0.19  0.       -2681.793       6658.209       6371.934    0.000  -0.139   0.381   0.
  2017 352 12 50 25 491 352.535017266       0.21      1.99      0.00  0.       -2683.001       6658.536       6371.019    0.000  -0.139   0.381   0.
  2017 352 12 50 26 491 352.535028837       0.18      2.10      0.16  0.       -2684.208       6658.863       6370.104    0.000  -0.139   0.381   0.
  2017 352 12 50 27 491 352.535040411      -0.09      1.78      0.14  0.       -2685.416       6659.189       6369.189    0.000  -0.139   0.381   0.
  2017 352 12 50 28 491 352.535051985      -0.12      1.44     -0.25  0.       -2686.623       6659.515       6368.274    0.000  -0.138   0.380   0.
  2017 352 12 50 29 491 352.535063559      -0.28      1.64     -0.46  0.       -2687.830       6659.841       6367.358    0.000  -0.138   0.380   0.
  2017 352 12 50 30 491 352.535075133       0.26      2.11     -0.36  0.       -2689.037       6660.167       6366.442    0.000  -0.139   0.381   0.
  2017 352 12 50 31 491 352.535086707       0.41      1.50     -0.93  0.       -2690.244       6660.492       6365.526    0.000  -0.139   0.381   0.
  2017 352 12 50 32 491 352.535098281      -0.06      0.96     -1.26  0.       -2691.450       6660.817       6364.610    0.000  -0.138   0.380   0.
  2017 352 12 50 33 491 352.535109855      -0.16      0.89     -1.15  0.       -2692.657       6661.142       6363.693    0.000  -0.138   0.380   0.
  2017 352 12 50 34 491 352.535121429      -0.08      0.89     -1.12  0.       -2693.863       6661.466       6362.775    0.000  -0.139   0.381   0.
  2017 352 12 50 35 491 352.535133004      -0.35      0.87     -1.19  0.       -2695.069       6661.790       6361.858    0.000  -0.139   0.381   0.
  2017 352 12 50 36 491 352.535144578      -0.43      0.74     -1.21  0.       -2696.276       6662.114       6360.940    0.000  -0.138   0.380   0.
  2017 352 12 50 37 491 352.535156152      -0.24      0.91     -1.10  0.       -2697.482       6662.437       6360.022    0.000  -0.138   0.380   0.
  2017 352 12 50 38 491 352.535167726      -0.52      0.82     -1.29  0.       -2698.687       6662.760       6359.104    0.000  -0.139   0.381   0.
  2017 352 12 50 39 491 352.535179300      -1.16      0.81     -1.46  0.       -2699.893       6663.083       6358.185    0.000  -0.139   0.381   0.
  2017 352 12 50 40 491 352.535190874      -1.34      1.16     -1.15  0.       -2701.099       6663.405       6357.266    0.000  -0.139   0.381   0.
  2017 352 12 50 41 491 352.535202448      -1.52      1.40     -0.84  0.       -2702.304       6663.727       6356.346    0.000  -0.139   0.381   0.
  2017 352 12 50 42 491 352.535214022      -1.21      1.51     -0.45  0.       -2703.510       6664.049       6355.427    0.000  -0.138   0.380   0.
  2017 352 12 50 43 491 352.535225596      -0.77      1.90     -0.30  0.       -2704.715       6664.370       6354.507    0.000  -0.138   0.380   0.
  2017 352 12 50 44 491 352.535237170      -0.43      1.94     -0.01  0.       -2705.920       6664.691       6353.586    0.000  -0.139   0.381   0.
  2017 352 12 50 45 491 352.535248744      -0.19      1.88      0.09  0.       -2707.125       6665.012       6352.666    0.000  -0.139   0.381   0.
  2017 352 12 50 46 491 352.535260318       0.06      1.67     -0.25  0.       -2708.330       6665.333       6351.745    0.000  -0.139   0.381   0.
  2017 352 12 50 47 491 352.535271892       0.12      1.55     -0.50  0.       -2709.535       6665.653       6350.824    0.000  -0.139   0.381   0.
  2017 352 12 50 48 491 352.535283466      -0.09      1.46     -0.65  0.       -2710.739       6665.972       6349.902    0.000  -0.138   0.380   0.
  2017 352 12 50 49 491 352.535295041      -0.30      1.50     -0.61  0.       -2711.944       6666.292       6348.980    0.000  -0.138   0.380   0.
  2017 352 12 50 50 491 352.535306615      -0.33      1.70     -0.58  0.       -2713.148       6666.611       6348.058    0.000  -0.138   0.380   0.
  2017 352 12 50 51 491 352.535318189      -0.72      1.61     -0.66  0.       -2714.352       6666.930       6347.136    0.000  -0.138   0.380   0.
  2017 352 12 50 52 491 352.535329763      -0.70      1.62     -0.40  0.       -2715.556       6667.248       6346.213    0.000  -0.139   0.381   0.
  2017 352 12 50 53 491 352.535341337      -0.51      1.73     -0.44  0.       -2716.760       6667.566       6345.290    0.000  -0.139   0.381   0.
  2017 352 12 50 54 491 352.535352911      -0.38      1.95      0.02  0.       -2717.964       6667.884       6344.367    0.000  -0.138   0.380   0.
  2017 352 12 50 55 491 352.535364485      -0.58      1.94     -0.04  0.       -2719.167       6668.202       6343.443    0.000  -0.138   0.380   0.
  2017 352 12 50 56 491 352.535376056      -0.99      1.64     -0.20  0.       -2720.371       6668.519       6342.519    0.000  -0.138   0.380   0.
  2017 352 12 50 57 491 352.535387630      -1.30      1.42     -0.18  0.       -2721.574       6668.836       6341.595    0.000  -0.138   0.380   0.
  2017 352 12 50 58 491 352.535399204      -1.21      1.53     -0.25  0.       -2722.778       6669.152       6340.670    0.000  -0.138   0.380   0.
  2017 352 12 50 59 491 352.535410778      -1.21      1.43     -0.54  0.       -2723.981       6669.469       6339.745    0.000  -0.138   0.380   0.
  2017 352 12 51  0 491 352.535422352      -1.34      1.53     -0.88  0.       -2725.184       6669.785       6338.820    0.000  -0.138   0.380   0.
  2017 352 12 51  1 491 352.535433927      -0.59      1.76     -1.36  0.       -2726.387       6670.100       6337.895    0.000  -0.138   0.380   0.
  2017 352 12 51  2 491 352.535445501      -0.16      1.33     -1.88  0.       -2727.589       6670.415       6336.969    0.000  -0.138   0.380   0.
  2017 352 12 51  3 491 352.535457075      -0.56      1.09     -1.19  0.       -2728.792       6670.730       6336.043    0.000  -0.138   0.380   0.
  2017 352 12 51  4 491 352.535468649      -1.58      1.72     -1.76  0.       -2729.994       6671.045       6335.116    0.000  -0.138   0.380   0.
  2017 352 12 51  5 491 352.535480223      -1.20      1.41     -1.34  0.       -2731.197       6671.359       6334.189    0.000  -0.138   0.380   0.
  2017 352 12 51  6 491 352.535491797      -1.72      1.23     -1.48  0.       -2732.399       6671.673       6333.262    0.000  -0.138   0.380   0.
  2017 352 12 51  7 491 352.535503371      -1.36      1.64     -1.11  0.       -2733.601       6671.987       6332.335    0.000  -0.138   0.380   0.
  2017 352 12 51  8 491 352.535514945      -0.75      1.33     -1.15  0.       -2734.803       6672.300       6331.408    0.000  -0.138   0.380   0.
  2017 352 12 51  9 491 352.535526519      -0.48      1.64     -0.47  0.       -2736.005       6672.613       6330.479    0.000  -0.138   0.380   0.
  2017 352 12 51 10 491 352.535538093      -0.13      1.86     -1.14  0.       -2737.206       6672.926       6329.551    0.000  -0.138   0.380   0.
  2017 352 12 51 11 491 352.535549667       0.24      1.97     -1.37  0.       -2738.408       6673.238       6328.622    0.000  -0.138   0.380   0.
  2017 352 12 51 12 491 352.535561241       0.14      1.07     -1.02  0.       -2739.609       6673.550       6327.694    0.000  -0.138   0.380   0.
  2017 352 12 51 13 491 352.535572815      -1.34      0.76     -1.35  0.       -2740.811       6673.862       6326.764    0.000  -0.138   0.380   0.
  2017 352 12 51 14 491 352.535584389      -1.33      1.14     -1.38  0.       -2742.012       6674.173       6325.835    0.000  -0.138   0.380   0.
  2017 352 12 51 15 491 352.535595964      -1.57      1.15     -1.26  0.       -2743.213       6674.484       6324.905    0.000  -0.138   0.380   0.
  2017 352 12 51 16 491 352.535607538      -1.62      1.20     -0.99  0.       -2744.414       6674.795       6323.975    0.000  -0.139   0.381   0.
  2017 352 12 51 17 491 352.535619112      -1.44      1.20     -0.98  0.       -2745.614       6675.106       6323.045    0.000  -0.139   0.381   0.
  2017 352 12 51 18 491 352.535630686      -1.30      1.24     -0.96  0.       -2746.815       6675.416       6322.114    0.000  -0.138   0.380   0.
  2017 352 12 51 19 491 352.535642260      -1.29      1.37     -0.95  0.       -2748.015       6675.725       6321.183    0.000  -0.138   0.380   0.
  2017 352 12 51 20 491 352.535653834      -1.39      1.64     -0.72  0.       -2749.216       6676.035       6320.252    0.000  -0.138   0.380   0.
  2017 352 12 51 21 491 352.535665408      -1.21      1.46     -0.52  0.       -2750.416       6676.344       6319.320    0.000  -0.138   0.380   0.
  2017 352 12 51 22 491 352.535676982      -0.77      1.52     -0.45  0.       -2751.616       6676.653       6318.388    0.000  -0.139   0.381   0.
  2017 352 12 51 23 491 352.535688556      -0.63      1.73     -0.38  0.       -2752.816       6676.961       6317.456    0.000  -0.139   0.381   0.
  2017 352 12 51 24 491 352.535700130      -0.67      1.66     -0.69  0.       -2754.016       6677.269       6316.523    0.000  -0.138   0.380   0.
  2017 352 12 51 25 491 352.535711704      -0.75      1.85     -0.47  0.       -2755.215       6677.577       6315.590    0.000  -0.138   0.380   0.
  2017 352 12 51 26 491 352.535723275      -0.56      1.87     -0.40  0.       -2756.415       6677.885       6314.657    0.000  -0.138   0.380   0.
  2017 352 12 51 27 490 352.535734850      -0.41      1.73     -0.33  0.       -2757.615       6678.192       6313.724    0.000  -0.138   0.380   0.
  2017 352 12 51 28 490 352.535746424      -0.47      1.79     -0.43  0.       -2758.814       6678.499       6312.790    0.000  -0.139   0.381   0.
  2017 352 12 51 29 491 352.535757998      -0.66      1.53     -0.52  0.       -2760.013       6678.805       6311.856    0.000  -0.139   0.381   0.
  2017 352 12 51 30 491 352.535769572      -0.72      1.15     -0.66  0.       -2761.212       6679.111       6310.921    0.000  -0.138   0.380   0.
  2017 352 12 51 31 491 352.535781146      -0.47      1.24     -0.89  0.       -2762.411       6679.417       6309.987    0.000  -0.138   0.380   0.
  2017 352 12 51 32 491 352.535792720      -0.93      1.18     -1.18  0.       -2763.610       6679.723       6309.051    0.000  -0.138   0.380   0.
  2017 352 12 51 33 491 352.535804294      -1.47      1.07     -0.77  0.       -2764.808       6680.028       6308.116    0.000  -0.138   0.380   0.
  2017 352 12 51 34 490 352.535815868      -1.36      1.33     -0.30  0.       -2766.007       6680.333       6307.181    0.000  -0.139   0.381   0.
  2017 352 12 51 35 490 352.535827442      -0.92      1.40     -0.73  0.       -2767.205       6680.638       6306.245    0.000  -0.139   0.381   0.
  2017 352 12 51 36 490 352.535839016      -0.83      1.22     -1.14  0.       -2768.403       6680.942       6305.308    0.000  -0.139   0.381   0.
  2017 352 12 51 37 490 352.535850590      -0.41      1.30     -1.21  0.       -2769.601       6681.246       6304.372    0.000  -0.139   0.381   0.
  2017 352 12 51 38 490 352.535862164      -0.50      1.14     -1.28  0.       -2770.799       6681.549       6303.435    0.000  -0.138   0.380   0.
  2017 352 12 51 39 491 352.535873738      -0.42      0.97     -1.02  0.       -2771.997       6681.853       6302.498    0.000  -0.138   0.380   0.
  2017 352 12 51 40 490 352.535885312      -0.02      1.06     -1.05  0.       -2773.195       6682.156       6301.560    0.000  -0.138   0.380   0.
  2017 352 12 51 41 490 352.535896887      -0.30      1.14     -1.35  0.       -2774.392       6682.458       6300.623    0.000  -0.138   0.380   0.
  2017 352 12 51 42 491 352.535908461      -0.58      1.22     -1.09  0.       -2775.590       6682.761       6299.684    0.000  -0.139   0.381   0.
  2017 352 12 51 43 491 352.535920035      -0.37      1.27     -1.21  0.       -2776.787       6683.063       6298.746    0.000  -0.139   0.381   0.
  2017 352 12 51 44 491 352.535931609      -0.35      1.07     -1.40  0.       -2777.984       6683.364       6297.807    0.000  -0.138   0.380   0.
  2017 352 12 51 45 491 352.535943183      -0.23      1.12     -1.39  0.       -2779.181       6683.666       6296.868    0.000  -0.138   0.380   0.
  2017 352 12 51 46 491 352.535954757      -0.24      1.48     -1.57  0.       -2780.378       6683.967       6295.929    0.000  -0.138   0.380   0.
  2017 352 12 51 47 490 352.535966331      -0.36      1.59     -1.80  0.       -2781.574       6684.267       6294.989    0.000  -0.138   0.380   0.
  2017 352 12 51 48 490 352.535977905      -0.54      1.52     -1.76  0.       -2782.771       6684.568       6294.050    0.000  -0.139   0.381   0.
  2017 352 12 51 49 490 352.535989479      -0.40      1.54     -1.28  0.       -2783.968       6684.868       6293.109    0.000  -0.139   0.381   0.
  2017 352 12 51 50 490 352.536001053      -0.19      1.67     -0.95  0.       -2785.164       6685.168       6292.169    0.000  -0.139   0.381   0.
  2017 352 12 51 51 490 352.536012627      -0.42      1.81     -0.75  0.       -2786.360       6685.467       6291.228    0.000  -0.139   0.381   0.
  2017 352 12 51 52 491 352.536024201      -0.26      1.53     -0.35  0.       -2787.556       6685.766       6290.287    0.000  -0.139   0.381   0.
  2017 352 12 51 53 491 352.536035775      -0.06      1.30     -0.33  0.       -2788.752       6686.065       6289.345    0.000  -0.139   0.381   0.
  2017 352 12 51 54 490 352.536047350       0.03      1.37     -0.66  0.       -2789.948       6686.363       6288.404    0.000  -0.138   0.380   0.
  2017 352 12 51 55 490 352.536058924       0.02      1.39     -1.18  0.       -2791.143       6686.661       6287.462    0.000  -0.138   0.380   0.
  2017 352 12 51 56 490 352.536070495      -0.38      1.79     -1.46  0.       -2792.339       6686.959       6286.519    0.000  -0.139   0.381   0.
  2017 352 12 51 57 490 352.536082069      -0.95      1.89     -1.21  0.       -2793.534       6687.257       6285.577    0.000  -0.139   0.381   0.
  2017 352 12 51 58 490 352.536093643      -0.72      1.56     -0.90  0.       -2794.730       6687.554       6284.634    0.000  -0.139   0.381   0.
  2017 352 12 51 59 490 352.536105217      -0.67      1.83     -0.89  0.       -2795.925       6687.851       6283.690    0.000  -0.139   0.381   0.
  2017 352 12 52  0 490 352.536116791      -0.97      2.54     -0.80  0.       -2797.120       6688.147       6282.747    0.000  -0.138   0.380   0.
  2017 352 12 52  1 490 352.536128365      -1.01      2.65     -0.68  0.       -2798.314       6688.443       6281.803    0.000  -0.138   0.380   0.
  2017 352 12 52  2 490 352.536139939      -0.59      2.01     -0.64  0.       -2799.509       6688.739       6280.859    0.000  -0.139   0.381   0.
  2017 352 12 52  3 490 352.536151513      -0.35      1.63     -0.43  0.       -2800.704       6689.035       6279.914    0.000  -0.139   0.381   0.
  2017 352 12 52  4 490 352.536163087      -0.03      1.51     -0.00  0.       -2801.898       6689.330       6278.969    0.000  -0.139   0.381   0.
  2017 352 12 52  5 490 352.536174661      -0.08      1.40     -0.08  0.       -2803.092       6689.625       6278.024    0.000  -0.139   0.381   0.
  2017 352 12 52  6 490 352.536186236      -0.29      1.36     -0.33  0.       -2804.287       6689.919       6277.079    0.000  -0.139   0.381   0.
  2017 352 12 52  7 490 352.536197810      -0.16      1.38     -0.38  0.       -2805.481       6690.213       6276.133    0.000  -0.139   0.381   0.
  2017 352 12 52  8 490 352.536209384       0.08      1.45     -0.76  0.       -2806.674       6690.507       6275.187    0.000  -0.139   0.381   0.
  2017 352 12 52  9 490 352.536220958      -0.01      1.48     -1.00  0.       -2807.868       6690.801       6274.241    0.000  -0.139   0.381   0.
  2017 352 12 52 10 490 352.536232532      -0.23      1.35     -1.06  0.       -2809.062       6691.094       6273.294    0.000  -0.139   0.381   0.
  2017 352 12 52 11 490 352.536244106      -0.50      1.38     -1.23  0.       -2810.255       6691.387       6272.347    0.000  -0.139   0.381   0.
  2017 352 12 52 12 490 352.536255680      -0.74      1.33     -1.22  0.       -2811.449       6691.680       6271.400    0.000  -0.139   0.381   0.
  2017 352 12 52 13 490 352.536267254      -1.08      1.53     -1.04  0.       -2812.642       6691.972       6270.453    0.000  -0.139   0.381   0.
  2017 352 12 52 14 490 352.536278828      -1.34      1.61     -0.76  0.       -2813.835       6692.264       6269.505    0.000  -0.139   0.381   0.
  2017 352 12 52 15 490 352.536290402      -1.21      1.77     -0.97  0.       -2815.028       6692.556       6268.557    0.000  -0.139   0.381   0.
  2017 352 12 52 16 490 352.536301976      -1.03      1.71     -0.70  0.       -2816.221       6692.847       6267.608    0.000  -0.138   0.380   0.
  2017 352 12 52 17 490 352.536313550      -0.36      1.64     -1.08  0.       -2817.413       6693.138       6266.659    0.000  -0.138   0.380   0.
  2017 352 12 52 18 490 352.536325124      -0.36      1.09     -1.54  0.       -2818.606       6693.429       6265.711    0.000  -0.139   0.381   0.
  2017 352 12 52 19 490 352.536336698      -0.66      1.06     -1.38  0.       -2819.798       6693.719       6264.761    0.000  -0.139   0.381   0.
  2017 352 12 52 20 490 352.536348273      -0.57      1.12     -1.29  0.       -2820.990       6694.009       6263.811    0.000  -0.138   0.380   0.
  2017 352 12 52 21 490 352.536359847      -0.97      0.92     -1.45  0.       -2822.182       6694.298       6262.861    0.000  -0.138   0.380   0.
  2017 352 12 52 22 490 352.536371421      -1.33      1.09     -1.03  0.       -2823.374       6694.588       6261.911    0.000  -0.139   0.381   0.
  2017 352 12 52 23 490 352.536382995      -0.84      1.20     -0.99  0.       -2824.566       6694.877       6260.961    0.000  -0.139   0.381   0.
  2017 352 12 52 24 490 352.536394569      -0.75      1.30     -1.19  0.       -2825.758       6695.165       6260.010    0.000  -0.138   0.380   0.
  2017 352 12 52 25 490 352.536406143      -0.62      1.44     -0.85  0.       -2826.950       6695.454       6259.059    0.000  -0.138   0.380   0.
  2017 352 12 52 26 490 352.536417714      -0.56      1.42     -0.51  0.       -2828.141       6695.742       6258.107    0.000  -0.139   0.381   0.
  2017 352 12 52 27 490 352.536429288      -0.32      1.61     -0.23  0.       -2829.332       6696.029       6257.155    0.000  -0.139   0.381   0.
  2017 352 12 52 28 490 352.536440862       0.00      1.77     -0.44  0.       -2830.523       6696.317       6256.203    0.000  -0.139   0.381   0.
  2017 352 12 52 29 490 352.536452436       0.29      1.75     -0.46  0.       -2831.714       6696.604       6255.251    0.000  -0.139   0.381   0.
  2017 352 12 52 30 490 352.536464010       0.69      1.42     -0.42  0.       -2832.905       6696.891       6254.298    0.000  -0.138   0.380   0.
  2017 352 12 52 31 490 352.536475585       0.91      1.40     -0.39  0.       -2834.096       6697.177       6253.345    0.000  -0.138   0.380   0.
  2017 352 12 52 32 490 352.536487159       1.11      1.62     -0.37  0.       -2835.287       6697.463       6252.392    0.000  -0.139   0.381   0.
  2017 352 12 52 33 490 352.536498733       0.67      1.53     -1.48  0.       -2836.477       6697.749       6251.438    0.000  -0.139   0.381   0.
  2017 352 12 52 34 490 352.536510307       0.28      1.84     -1.44  0.       -2837.667       6698.035       6250.484    0.000  -0.138   0.380   0.
  2017 352 12 52 35 490 352.536521881       0.17      1.96     -1.14  0.       -2838.858       6698.320       6249.530    0.000  -0.138   0.380   0.
  2017 352 12 52 36 490 352.536533455       0.37      2.26     -1.07  0.       -2840.048       6698.605       6248.575    0.000  -0.138   0.380   0.
  2017 352 12 52 37 490 352.536545029      -0.23      2.20     -1.06  0.       -2841.237       6698.889       6247.621    0.000  -0.138   0.380   0.
  2017 352 12 52 38 490 352.536556603      -0.41      1.94     -1.04  0.       -2842.427       6699.173       6246.665    0.000  -0.139   0.381   0.
  2017 352 12 52 39 490 352.536568177      -0.37      1.84     -1.11  0.       -2843.617       6699.457       6245.710    0.000  -0.139   0.381   0.
  2017 352 12 52 40 490 352.536579751      -0.69      1.75     -1.11  0.       -2844.806       6699.741       6244.754    0.000  -0.139   0.381   0.
  2017 352 12 52 41 490 352.536591325      -0.75      1.70     -0.53  0.       -2845.996       6700.024       6243.798    0.000  -0.139   0.381   0.
  2017 352 12 52 42 490 352.536602899      -0.61      1.56     -0.24  0.       -2847.185       6700.307       6242.842    0.000  -0.138   0.380   0.
  2017 352 12 52 43 490 352.536614473      -0.62      1.69      0.06  0.       -2848.374       6700.589       6241.885    0.000  -0.138   0.380   0.
  2017 352 12 52 44 490 352.536626047      -0.30      1.82      0.22  0.       -2849.563       6700.871       6240.928    0.000  -0.138   0.380   0.
  2017 352 12 52 45 490 352.536637621      -0.24      1.88      0.86  0.       -2850.752       6701.153       6239.971    0.000  -0.138   0.380   0.
  2017 352 12 52 46 490 352.536649196      -0.17      1.49      0.47  0.       -2851.940       6701.435       6239.013    0.000  -0.139   0.381   0.
  2017 352 12 52 47 490 352.536660770       0.37      1.40      0.20  0.       -2853.129       6701.716       6238.056    0.000  -0.139   0.381   0.
  2017 352 12 52 48 490 352.536672344       0.51      1.58     -0.51  0.       -2854.317       6701.997       6237.097    0.000  -0.138   0.380   0.
  2017 352 12 52 49 490 352.536683918       0.47      1.59     -0.66  0.       -2855.505       6702.278       6236.139    0.000  -0.138   0.380   0.
  2017 352 12 52 50 490 352.536695492       0.25      1.46     -0.70  0.       -2856.694       6702.558       6235.180    0.000  -0.139   0.381   0.
  2017 352 12 52 51 490 352.536707066      -0.04      1.29     -0.74  0.       -2857.882       6702.838       6234.221    0.000  -0.139   0.381   0.
  2017 352 12 52 52 490 352.536718640       0.06      1.18     -1.13  0.       -2859.069       6703.117       6233.262    0.000  -0.139   0.381   0.
  2017 352 12 52 53 490 352.536730214      -0.11      1.34     -1.20  0.       -2860.257       6703.397       6232.302    0.000  -0.139   0.381   0.
  2017 352 12 52 54 490 352.536741788      -0.13      1.51     -1.13  0.       -2861.445       6703.676       6231.342    0.000  -0.139   0.381   0.
  2017 352 12 52 55 490 352.536753362      -0.48      1.57     -1.31  0.       -2862.632       6703.954       6230.382    0.000  -0.139   0.381   0.
  2017 352 12 52 56 490 352.536764933      -0.54      1.65     -1.27  0.       -2863.819       6704.233       6229.421    0.000  -0.139   0.381   0.
  2017 352 12 52 57 490 352.536776508      -0.96      1.40     -1.23  0.       -2865.006       6704.511       6228.460    0.000  -0.139   0.381   0.
  2017 352 12 52 58 490 352.536788082      -1.39      1.29     -1.20  0.       -2866.193       6704.788       6227.499    0.000  -0.138   0.380   0.
  2017 352 12 52 59 490 352.536799656      -0.97      1.43     -0.68  0.       -2867.380       6705.065       6226.538    0.000  -0.138   0.380   0.
  2017 352 12 53  0 490 352.536811230      -0.79      1.58     -0.68  0.       -2868.567       6705.342       6225.576    0.000  -0.139   0.381   0.
  2017 352 12 53  1 490 352.536822804      -0.81      1.60     -0.77  0.       -2869.754       6705.619       6224.614    0.000  -0.139   0.381   0.
  2017 352 12 53  2 490 352.536834378      -0.63      1.27     -0.66  0.       -2870.940       6705.895       6223.651    0.000  -0.139   0.381   0.
  2017 352 12 53  3 490 352.536845952      -0.67      1.17     -0.92  0.       -2872.126       6706.171       6222.689    0.000  -0.139   0.381   0.
  2017 352 12 53  4 490 352.536857526      -1.28      1.60     -0.86  0.       -2873.312       6706.447       6221.726    0.000  -0.138   0.380   0.
  2017 352 12 53  5 490 352.536869100      -1.11      1.40     -0.26  0.       -2874.498       6706.722       6220.762    0.000  -0.138   0.380   0.
  2017 352 12 53  6 490 352.536880674      -0.43      1.55     -0.22  0.       -2875.684       6706.998       6219.799    0.000  -0.139   0.381   0.
  2017 352 12 53  7 490 352.536892248      -0.76      2.04     -0.66  0.       -2876.870       6707.272       6218.835    0.000  -0.139   0.381   0.
  2017 352 12 53  8 490 352.536903822      -0.91      2.13     -0.23  0.       -2878.056       6707.547       6217.871    0.000  -0.139   0.381   0.
  2017 352 12 53  9 490 352.536915396      -0.79      2.27     -0.43  0.       -2879.241       6707.821       6216.906    0.000  -0.139   0.381   0.
  2017 352 12 53 10 490 352.536926970      -0.47      2.05     -0.77  0.       -2880.427       6708.095       6215.941    0.000  -0.138   0.380   0.
  2017 352 12 53 11 490 352.536938545      -1.18      1.27     -0.50  0.       -2881.612       6708.368       6214.976    0.000  -0.138   0.380   0.
  2017 352 12 53 12 490 352.536950119      -0.51      1.77     -0.25  0.       -2882.797       6708.641       6214.011    0.000  -0.138   0.380   0.
  2017 352 12 53 13 490 352.536961693      -0.50      2.26     -0.30  0.       -2883.981       6708.914       6213.045    0.000  -0.138   0.380   0.
  2017 352 12 53 14 490 352.536973267      -0.27      2.44      0.05  0.       -2885.166       6709.186       6212.079    0.000  -0.139   0.381   0.
  2017 352 12 53 15 490 352.536984841      -0.34      2.21     -0.40  0.       -2886.351       6709.458       6211.113    0.000  -0.139   0.381   0.
  2017 352 12 53 16 490 352.536996415      -0.27      1.70     -0.21  0.       -2887.536       6709.730       6210.146    0.000  -0.139   0.381   0.
  2017 352 12 53 17 490 352.537007989      -0.29      1.71     -0.26  0.       -2888.719       6710.002       6209.179    0.000  -0.139   0.381   0.
  2017 352 12 53 18 490 352.537019563      -0.35      1.80      0.26  0.       -2889.904       6710.273       6208.212    0.000  -0.138   0.380   0.
  2017 352 12 53 19 490 352.537031137       0.05      1.66      0.24  0.       -2891.089       6710.544       6207.244    0.000  -0.138   0.380   0.
  2017 352 12 53 20 490 352.537042711      -0.02      1.72      0.06  0.       -2892.272       6710.814       6206.276    0.000  -0.139   0.381   0.
  2017 352 12 53 21 490 352.537054285      -0.05      1.82     -0.27  0.       -2893.456       6711.084       6205.308    0.000  -0.139   0.381   0.
  2017 352 12 53 22 490 352.537065859      -0.47      1.85     -0.71  0.       -2894.640       6711.354       6204.340    0.000  -0.138   0.380   0.
  2017 352 12 53 23 490 352.537077433      -0.98      1.97     -0.75  0.       -2895.823       6711.624       6203.371    0.000  -0.138   0.380   0.
  2017 352 12 53 24 490 352.537089008      -1.46      1.80     -0.87  0.       -2897.006       6711.893       6202.402    0.000  -0.138   0.380   0.
  2017 352 12 53 25 490 352.537100581      -1.22      1.28     -0.64  0.       -2898.189       6712.162       6201.433    0.000  -0.138   0.380   0.
  2017 352 12 53 26 490 352.537112153      -0.39      1.28     -0.67  0.       -2899.373       6712.430       6200.463    0.000  -0.139   0.381   0.
  2017 352 12 53 27 490 352.537123727      -0.79      1.37     -1.04  0.       -2900.555       6712.698       6199.493    0.000  -0.139   0.381   0.
  2017 352 12 53 28 490 352.537135301      -0.64      1.71     -0.29  0.       -2901.738       6712.966       6198.523    0.000  -0.138   0.380   0.
  2017 352 12 53 29 489 352.537146875      -1.15      1.75     -0.64  0.       -2902.921       6713.234       6197.552    0.000  -0.138   0.380   0.
  2017 352 12 53 30 489 352.537158449      -1.78      1.57     -0.11  0.       -2904.103       6713.501       6196.581    0.000  -0.139   0.381   0.
  2017 352 12 53 31 489 352.537170023      -1.43      1.86     -0.28  0.       -2905.286       6713.768       6195.610    0.000  -0.139   0.381   0.
  2017 352 12 53 32 489 352.537181597      -1.60      1.97     -0.57  0.       -2906.468       6714.034       6194.639    0.000  -0.138   0.380   0.
  2017 352 12 53 33 489 352.537193171      -1.41      1.48     -0.51  0.       -2907.650       6714.301       6193.667    0.000  -0.138   0.380   0.
  2017 352 12 53 34 490 352.537204745      -0.88      1.29     -0.39  0.       -2908.832       6714.567       6192.695    0.000  -0.138   0.380   0.
  2017 352 12 53 35 490 352.537216319      -0.51      1.11     -1.00  0.       -2910.014       6714.832       6191.723    0.000  -0.138   0.380   0.
  2017 352 12 53 36 489 352.537227894      -0.91      1.46     -0.75  0.       -2911.196       6715.097       6190.750    0.000  -0.139   0.381   0.
  2017 352 12 53 37 489 352.537239468      -0.70      2.00     -0.68  0.       -2912.377       6715.362       6189.777    0.000  -0.139   0.381   0.
  2017 352 12 53 38 490 352.537251042      -0.78      1.79     -0.78  0.       -2913.558       6715.627       6188.804    0.000  -0.138   0.380   0.
  2017 352 12 53 39 490 352.537262616      -0.74      1.82     -0.71  0.       -2914.740       6715.891       6187.830    0.000  -0.138   0.380   0.
  2017 352 12 53 40 490 352.537274190      -0.66      2.06     -1.39  0.       -2915.921       6716.155       6186.856    0.000  -0.138   0.380   0.
  2017 352 12 53 41 490 352.537285764      -0.30      2.34     -1.50  0.       -2917.102       6716.419       6185.882    0.000  -0.138   0.380   0.
  2017 352 12 53 42 490 352.537297338      -0.22      2.37     -1.46  0.       -2918.283       6716.682       6184.908    0.000  -0.139   0.381   0.
  2017 352 12 53 43 489 352.537308912      -0.10      2.62     -1.60  0.       -2919.463       6716.945       6183.933    0.000  -0.139   0.381   0.
  2017 352 12 53 44 489 352.537320486      -0.58      2.12     -1.00  0.       -2920.644       6717.208       6182.958    0.000  -0.138   0.380   0.
  2017 352 12 53 45 489 352.537332060      -0.21      2.02     -0.74  0.       -2921.824       6717.470       6181.982    0.000  -0.138   0.380   0.
  2017 352 12 53 46 489 352.537343634      -0.68      1.84     -1.36  0.       -2923.004       6717.732       6181.007    0.000  -0.139   0.381   0.
  2017 352 12 53 47 489 352.537355208      -0.73      1.79     -1.12  0.       -2924.184       6717.994       6180.031    0.000  -0.139   0.381   0.
  2017 352 12 53 48 490 352.537366782      -1.28      2.46     -1.32  0.       -2925.364       6718.255       6179.055    0.000  -0.139   0.381   0.
  2017 352 12 53 49 490 352.537378356      -0.63      1.77     -0.92  0.       -2926.544       6718.516       6178.078    0.000  -0.139   0.381   0.
  2017 352 12 53 50 489 352.537389931      -0.32      1.25     -0.70  0.       -2927.724       6718.777       6177.101    0.000  -0.139   0.381   0.
  2017 352 12 53 51 489 352.537401505      -0.71      1.39     -1.18  0.       -2928.903       6719.037       6176.124    0.000  -0.139   0.381   0.
  2017 352 12 53 52 490 352.537413079      -1.27      1.24     -1.12  0.       -2930.083       6719.297       6175.146    0.000  -0.138   0.380   0.
  2017 352 12 53 53 490 352.537424653      -1.38      1.39     -0.98  0.       -2931.262       6719.557       6174.169    0.000  -0.138   0.380   0.
  2017 352 12 53 54 490 352.537436227      -1.18      1.40     -0.65  0.       -2932.441       6719.817       6173.191    0.000  -0.139   0.381   0.
  2017 352 12 53 55 490 352.537447801      -1.21      1.44     -0.17  0.       -2933.620       6720.076       6172.212    0.000  -0.139   0.381   0.
  2017 352 12 53 56 489 352.537459372      -0.76      1.46     -0.52  0.       -2934.799       6720.334       6171.233    0.000  -0.139   0.381   0.
  2017 352 12 53 57 489 352.537470946      -0.75      1.33     -0.19  0.       -2935.978       6720.593       6170.255    0.000  -0.139   0.381   0.
  2017 352 12 53 58 489 352.537482520      -0.48      1.39     -0.42  0.       -2937.156       6720.851       6169.275    0.000  -0.138   0.380   0.
  2017 352 12 53 59 489 352.537494094      -0.60      1.24     -0.88  0.       -2938.335       6721.109       6168.296    0.000  -0.138   0.380   0.
  2017 352 12 54  0 489 352.537505668      -0.87      1.34     -0.85  0.       -2939.513       6721.366       6167.316    0.000  -0.139   0.381   0.
  2017 352 12 54  1 489 352.537517242      -0.70      1.38     -0.74  0.       -2940.691       6721.623       6166.336    0.000  -0.139   0.381   0.
  2017 352 12 54  2 489 352.537528817      -0.87      1.35     -0.96  0.       -2941.869       6721.880       6165.355    0.000  -0.139   0.381   0.
  2017 352 12 54  3 489 352.537540391      -1.10      1.47     -0.82  0.       -2943.047       6722.136       6164.374    0.000  -0.139   0.381   0.
  2017 352 12 54  4 489 352.537551965      -0.79      1.48     -0.76  0.       -2944.224       6722.392       6163.393    0.000  -0.138   0.380   0.
  2017 352 12 54  5 489 352.537563539      -0.76      1.43     -0.93  0.       -2945.402       6722.648       6162.412    0.000  -0.138   0.380   0.
  2017 352 12 54  6 489 352.537575113      -0.58      1.44     -1.03  0.       -2946.579       6722.904       6161.430    0.000  -0.138   0.380   0.
  2017 352 12 54  7 489 352.537586687      -0.61      1.42     -1.09  0.       -2947.757       6723.159       6160.448    0.000  -0.138   0.380   0.
  2017 352 12 54  8 489 352.537598261      -0.17      1.32     -1.06  0.       -2948.934       6723.414       6159.466    0.000  -0.139   0.381   0.
  2017 352 12 54  9 489 352.537609835      -0.07      1.38     -1.50  0.       -2950.111       6723.668       6158.483    0.000  -0.139   0.381   0.
  2017 352 12 54 10 489 352.537621409      -0.44      1.16     -1.73  0.       -2951.287       6723.922       6157.500    0.000  -0.139   0.381   0.
  2017 352 12 54 11 489 352.537632983      -1.17      1.13     -2.11  0.       -2952.464       6724.176       6156.517    0.000  -0.139   0.381   0.
  2017 352 12 54 12 489 352.537644557      -1.51      1.34     -1.80  0.       -2953.641       6724.430       6155.534    0.000  -0.138   0.380   0.
  2017 352 12 54 13 489 352.537656131      -1.56      1.81     -1.93  0.       -2954.817       6724.683       6154.550    0.000  -0.138   0.380   0.
  2017 352 12 54 14 489 352.537667705      -1.86      1.75     -1.54  0.       -2955.993       6724.936       6153.566    0.000  -0.139   0.381   0.
  2017 352 12 54 15 489 352.537679280      -1.48      1.27     -1.10  0.       -2957.169       6725.188       6152.582    0.000  -0.139   0.381   0.
  2017 352 12 54 16 489 352.537690854      -0.75      1.23     -1.15  0.       -2958.345       6725.440       6151.597    0.000  -0.139   0.381   0.
  2017 352 12 54 17 489 352.537702428      -0.78      1.29     -1.72  0.       -2959.521       6725.692       6150.612    0.000  -0.139   0.381   0.
  2017 352 12 54 18 489 352.537714002      -1.01      1.43     -0.96  0.       -2960.697       6725.944       6149.627    0.000  -0.138   0.380   0.
  2017 352 12 54 19 489 352.537725576      -0.46      1.64     -0.57  0.       -2961.872       6726.195       6148.641    0.000  -0.138   0.380   0.
  2017 352 12 54 20 489 352.537737150      -0.35      1.55     -0.61  0.       -2963.048       6726.446       6147.655    0.000  -0.139   0.381   0.
  2017 352 12 54 21 489 352.537748724      -0.50      1.56     -0.72  0.       -2964.223       6726.697       6146.669    0.000  -0.139   0.381   0.
  2017 352 12 54 22 489 352.537760298      -0.91      1.69     -0.39  0.       -2965.398       6726.947       6145.682    0.000  -0.139   0.381   0.
  2017 352 12 54 23 489 352.537771872      -0.56      1.85     -0.01  0.       -2966.573       6727.197       6144.696    0.000  -0.139   0.381   0.
  2017 352 12 54 24 489 352.537783446      -0.72      2.01     -0.35  0.       -2967.748       6727.446       6143.709    0.000  -0.138   0.380   0.
  2017 352 12 54 25 489 352.537795020      -1.05      1.70     -0.34  0.       -2968.922       6727.696       6142.721    0.000  -0.138   0.380   0.
  2017 352 12 54 26 489 352.537806591      -0.93      1.70     -0.41  0.       -2970.097       6727.944       6141.734    0.000  -0.139   0.381   0.
  2017 352 12 54 27 489 352.537818165      -0.96      1.85     -0.77  0.       -2971.271       6728.193       6140.746    0.000  -0.139   0.381   0.
  2017 352 12 54 28 489 352.537829740      -1.64      1.93     -1.00  0.       -2972.445       6728.441       6139.757    0.000  -0.139   0.381   0.
  2017 352 12 54 29 489 352.537841314      -1.48      1.62      0.11  0.       -2973.620       6728.689       6138.769    0.000  -0.139   0.381   0.
  2017 352 12 54 30 489 352.537852888      -0.70      1.76      0.43  0.       -2974.793       6728.937       6137.780    0.000  -0.139   0.381   0.
  2017 352 12 54 31 489 352.537864462      -0.10      1.50      0.65  0.       -2975.967       6729.184       6136.791    0.000  -0.139   0.381   0.
  2017 352 12 54 32 489 352.537876036       0.72      1.32     -0.51  0.       -2977.141       6729.431       6135.801    0.000  -0.138   0.380   0.
  2017 352 12 54 33 489 352.537887610      -0.01      1.30     -1.28  0.       -2978.314       6729.678       6134.812    0.000  -0.138   0.380   0.
  2017 352 12 54 34 489 352.537899184       0.29      1.25     -1.11  0.       -2979.488       6729.924       6133.822    0.000  -0.138   0.380   0.
  2017 352 12 54 35 489 352.537910758       0.44      1.50     -1.16  0.       -2980.661       6730.170       6132.831    0.000  -0.138   0.380   0.
  2017 352 12 54 36 489 352.537922332      -0.57      1.52     -1.29  0.       -2981.834       6730.416       6131.840    0.000  -0.139   0.381   0.
  2017 352 12 54 37 489 352.537933906      -0.67      1.61     -0.95  0.       -2983.007       6730.661       6130.849    0.000  -0.139   0.381   0.
  2017 352 12 54 38 489 352.537945480      -0.67      1.75     -0.94  0.       -2984.180       6730.906       6129.858    0.000  -0.138   0.380   0.
  2017 352 12 54 39 489 352.537957054      -0.73      1.52     -0.84  0.       -2985.352       6731.151       6128.866    0.000  -0.138   0.380   0.
  2017 352 12 54 40 489 352.537968629      -0.78      1.66     -0.72  0.       -2986.525       6731.395       6127.874    0.000  -0.138   0.380   0.
  2017 352 12 54 41 489 352.537980203      -0.41      1.77     -0.92  0.       -2987.697       6731.639       6126.883    0.000  -0.138   0.380   0.
  2017 352 12 54 42 489 352.537991777      -0.06      1.61     -0.80  0.       -2988.869       6731.883       6125.890    0.000  -0.139   0.381   0.
  2017 352 12 54 43 489 352.538003351       0.05      1.37     -1.04  0.       -2990.041       6732.126       6124.897    0.000  -0.139   0.381   0.
  2017 352 12 54 44 489 352.538014925      -0.06      1.27     -0.94  0.       -2991.213       6732.369       6123.904    0.000  -0.138   0.380   0.
  2017 352 12 54 45 489 352.538026499      -0.04      1.31     -0.96  0.       -2992.385       6732.612       6122.911    0.000  -0.138   0.380   0.
  2017 352 12 54 46 489 352.538038073      -0.45      1.12     -0.96  0.       -2993.557       6732.854       6121.917    0.000  -0.139   0.381   0.
  2017 352 12 54 47 489 352.538049647      -0.58      1.35     -0.78  0.       -2994.728       6733.096       6120.923    0.000  -0.139   0.381   0.
  2017 352 12 54 48 489 352.538061221      -0.31      1.51     -1.29  0.       -2995.899       6733.338       6119.929    0.000  -0.138   0.380   0.
  2017 352 12 54 49 489 352.538072795      -0.82      1.18     -1.79  0.       -2997.071       6733.579       6118.935    0.000  -0.138   0.380   0.
  2017 352 12 54 50 489 352.538084369      -0.82      1.01     -1.34  0.       -2998.242       6733.820       6117.940    0.000  -0.139   0.381   0.
  2017 352 12 54 51 489 352.538095943      -0.43      0.99     -1.12  0.       -2999.413       6734.061       6116.945    0.000  -0.139   0.381   0.
  2017 352 12 54 52 489 352.538107517      -0.30      1.28     -1.21  0.       -3000.583       6734.301       6115.949    0.000  -0.138   0.380   0.
  2017 352 12 54 53 489 352.538119091      -0.30      1.27     -1.68  0.       -3001.754       6734.542       6114.954    0.000  -0.138   0.380   0.
  2017 352 12 54 54 489 352.538130665      -0.02      1.56     -1.18  0.       -3002.924       6734.781       6113.957    0.000  -0.139   0.381   0.
  2017 352 12 54 55 489 352.538142239       0.20      1.74     -0.95  0.       -3004.095       6735.021       6112.961    0.000  -0.139   0.381   0.
  2017 352 12 54 56 489 352.538153811       0.21      1.69     -0.91  0.       -3005.265       6735.260       6111.965    0.000  -0.138   0.380   0.
  2017 352 12 54 57 489 352.538165385       0.21      1.42     -0.88  0.       -3006.435       6735.499       6110.968    0.000  -0.138   0.380   0.
  2017 352 12 54 58 489 352.538176959       0.21      1.37     -0.75  0.       -3007.604       6735.737       6109.970    0.000  -0.139   0.381   0.
  2017 352 12 54 59 489 352.538188533       0.36      1.24     -0.69  0.       -3008.774       6735.975       6108.973    0.000  -0.139   0.381   0.
  2017 352 12 55  0 489 352.538200107       0.69      1.17     -1.00  0.       -3009.944       6736.213       6107.975    0.000  -0.138   0.380   0.
  2017 352 12 55  1 489 352.538211681       0.39      0.97     -1.14  0.       -3011.113       6736.451       6106.977    0.000  -0.138   0.380   0.
  2017 352 12 55  2 489 352.538223255       0.42      1.39     -1.72  0.       -3012.283       6736.688       6105.979    0.000  -0.138   0.380   0.
  2017 352 12 55  3 489 352.538234829       0.27      1.11     -1.53  0.       -3013.452       6736.925       6104.980    0.000  -0.138   0.380   0.
  2017 352 12 55  4 489 352.538246403       0.50      1.20     -0.58  0.       -3014.621       6737.161       6103.981    0.000  -0.139   0.381   0.
  2017 352 12 55  5 489 352.538257977       0.35      1.34     -0.78  0.       -3015.789       6737.397       6102.981    0.000  -0.139   0.381   0.
  2017 352 12 55  6 489 352.538269552       0.21      1.32     -0.71  0.       -3016.958       6737.633       6101.982    0.000  -0.139   0.381   0.
  2017 352 12 55  7 489 352.538281126       0.35      1.36     -0.60  0.       -3018.127       6737.868       6100.982    0.000  -0.139   0.381   0.
  2017 352 12 55  8 489 352.538292700       0.53      1.64     -0.88  0.       -3019.295       6738.104       6099.982    0.000  -0.138   0.380   0.
  2017 352 12 55  9 489 352.538304274       0.23      1.79     -1.17  0.       -3020.463       6738.338       6098.981    0.000  -0.138   0.380   0.
  2017 352 12 55 10 489 352.538315848      -0.02      1.60     -0.93  0.       -3021.631       6738.573       6097.980    0.000  -0.138   0.380   0.
  2017 352 12 55 11 489 352.538327422       0.30      1.45     -0.94  0.       -3022.799       6738.807       6096.979    0.000  -0.138   0.380   0.
  2017 352 12 55 12 489 352.538338996       0.47      1.10     -0.91  0.       -3023.967       6739.041       6095.978    0.000  -0.139   0.381   0.
  2017 352 12 55 13 489 352.538350570       0.32      1.13     -1.56  0.       -3025.135       6739.274       6094.976    0.000  -0.139   0.381   0.
  2017 352 12 55 14 489 352.538362144       0.04      1.24     -1.65  0.       -3026.302       6739.508       6093.974    0.000  -0.138   0.380   0.
  2017 352 12 55 15 489 352.538373718       0.17      1.13     -1.30  0.       -3027.470       6739.741       6092.972    0.000  -0.138   0.380   0.
  2017 352 12 55 16 489 352.538385292       0.45      1.35     -1.92  0.       -3028.637       6739.973       6091.969    0.000  -0.138   0.380   0.
  2017 352 12 55 17 489 352.538396866      -0.23      1.34     -1.57  0.       -3029.804       6740.205       6090.967    0.000  -0.138   0.380   0.
  2017 352 12 55 18 489 352.538408440      -0.16      1.34     -1.11  0.       -3030.971       6740.437       6089.963    0.000  -0.139   0.381   0.
  2017 352 12 55 19 489 352.538420014      -0.51      1.69     -1.43  0.       -3032.138       6740.669       6088.960    0.000  -0.139   0.381   0.
  2017 352 12 55 20 489 352.538431589      -1.05      1.57     -0.21  0.       -3033.304       6740.900       6087.956    0.000  -0.138   0.380   0.
  2017 352 12 55 21 489 352.538443163      -1.08      1.71      0.54  0.       -3034.471       6741.131       6086.952    0.000  -0.138   0.380   0.
  2017 352 12 55 22 489 352.538454737      -1.18      1.57     -0.17  0.       -3035.637       6741.361       6085.948    0.000  -0.138   0.380   0.
  2017 352 12 55 23 489 352.538466311      -0.08      1.10      0.30  0.       -3036.803       6741.592       6084.943    0.000  -0.138   0.380   0.
  2017 352 12 55 24 489 352.538477885       0.79      1.16     -0.27  0.       -3037.969       6741.822       6083.938    0.000  -0.139   0.381   0.
  2017 352 12 55 25 488 352.538489459       0.47      1.61     -1.13  0.       -3039.135       6742.051       6082.933    0.000  -0.139   0.381   0.
  2017 352 12 55 26 488 352.538501030      -0.65      1.83     -1.53  0.       -3040.301       6742.280       6081.927    0.000  -0.139   0.381   0.
  2017 352 12 55 27 488 352.538512604      -0.90      1.57     -1.43  0.       -3041.466       6742.509       6080.921    0.000  -0.139   0.381   0.
  2017 352 12 55 28 488 352.538524178      -0.46      1.34     -1.17  0.       -3042.632       6742.738       6079.915    0.000  -0.138   0.380   0.
  2017 352 12 55 29 488 352.538535752      -0.23      1.55     -1.52  0.       -3043.797       6742.966       6078.909    0.000  -0.138   0.380   0.
  2017 352 12 55 30 489 352.538547326       0.01      1.76     -2.11  0.       -3044.962       6743.194       6077.902    0.000  -0.139   0.381   0.
  2017 352 12 55 31 489 352.538558900      -0.47      1.89     -2.48  0.       -3046.127       6743.422       6076.895    0.000  -0.139   0.381   0.
  2017 352 12 55 32 488 352.538570475      -0.73      2.82     -2.06  0.       -3047.292       6743.649       6075.888    0.000  -0.139   0.381   0.
  2017 352 12 55 33 488 352.538582049      -0.55      3.68     -2.11  0.       -3048.457       6743.876       6074.880    0.000  -0.139   0.381   0.
  2017 352 12 55 34 489 352.538593623      -0.83      3.14     -2.16  0.       -3049.621       6744.102       6073.872    0.000  -0.138   0.380   0.
  2017 352 12 55 35 489 352.538605197      -1.40      2.66     -1.60  0.       -3050.786       6744.329       6072.864    0.000  -0.138   0.380   0.
  2017 352 12 55 36 489 352.538616771      -1.12      2.35     -1.10  0.       -3051.950       6744.555       6071.855    0.000  -0.138   0.380   0.
  2017 352 12 55 37 489 352.538628345      -0.68      2.50     -1.31  0.       -3053.114       6744.780       6070.847    0.000  -0.138   0.380   0.
  2017 352 12 55 38 489 352.538639919      -0.75      3.15     -1.16  0.       -3054.278       6745.006       6069.837    0.000  -0.139   0.381   0.
  2017 352 12 55 39 488 352.538651493      -0.97      3.19     -1.28  0.       -3055.442       6745.230       6068.828    0.000  -0.139   0.381   0.
  2017 352 12 55 40 488 352.538663067      -1.29      2.66     -0.90  0.       -3056.605       6745.456       6067.818    0.000  -0.138   0.380   0.
  2017 352 12 55 41 488 352.538674641      -1.23      2.56     -0.74  0.       -3057.769       6745.680       6066.808    0.000  -0.138   0.380   0.
  2017 352 12 55 42 488 352.538686215      -1.09      2.11     -0.38  0.       -3058.932       6745.904       6065.798    0.000  -0.139   0.381   0.
  2017 352 12 55 43 489 352.538697789      -0.93      1.77      0.03  0.       -3060.095       6746.127       6064.787    0.000  -0.139   0.381   0.
  2017 352 12 55 44 489 352.538709363      -0.64      1.52      0.02  0.       -3061.258       6746.351       6063.777    0.000  -0.139   0.381   0.
  2017 352 12 55 45 488 352.538720937      -0.62      1.50     -0.11  0.       -3062.421       6746.574       6062.765    0.000  -0.139   0.381   0.
  2017 352 12 55 46 488 352.538732512      -0.92      1.42     -0.27  0.       -3063.584       6746.796       6061.754    0.000  -0.139   0.381   0.
  2017 352 12 55 47 489 352.538744086      -1.33      1.41     -0.30  0.       -3064.747       6747.019       6060.742    0.000  -0.139   0.381   0.
  2017 352 12 55 48 489 352.538755660      -1.12      1.52     -0.10  0.       -3065.909       6747.241       6059.730    0.000  -0.139   0.381   0.
  2017 352 12 55 49 489 352.538767234      -0.87      2.13     -0.09  0.       -3067.071       6747.462       6058.718    0.000  -0.139   0.381   0.
  2017 352 12 55 50 489 352.538778808      -0.86      2.41     -0.20  0.       -3068.233       6747.684       6057.705    0.000  -0.138   0.380   0.
  2017 352 12 55 51 489 352.538790382      -1.13      2.06     -0.71  0.       -3069.395       6747.905       6056.692    0.000  -0.138   0.380   0.
  2017 352 12 55 52 488 352.538801956      -0.95      1.74     -0.19  0.       -3070.557       6748.125       6055.679    0.000  -0.139   0.381   0.
  2017 352 12 55 53 488 352.538813530      -0.60      1.94     -0.16  0.       -3071.719       6748.346       6054.665    0.000  -0.139   0.381   0.
  2017 352 12 55 54 488 352.538825104      -1.28      2.00     -0.23  0.       -3072.881       6748.566       6053.651    0.000  -0.138   0.380   0.
  2017 352 12 55 55 488 352.538836678      -1.37      2.03      0.32  0.       -3074.042       6748.785       6052.637    0.000  -0.138   0.380   0.
  2017 352 12 55 56 488 352.538848249      -1.22      1.78      0.46  0.       -3075.203       6749.005       6051.623    0.000  -0.139   0.381   0.
  2017 352 12 55 57 488 352.538859823      -0.67      1.67      0.37  0.       -3076.364       6749.224       6050.608    0.000  -0.139   0.381   0.
  2017 352 12 55 58 488 352.538871398      -0.55      1.49     -0.64  0.       -3077.525       6749.443       6049.593    0.000  -0.138   0.380   0.
  2017 352 12 55 59 488 352.538882972      -0.58      1.40     -0.90  0.       -3078.686       6749.661       6048.578    0.000  -0.138   0.380   0.
  2017 352 12 56  0 488 352.538894546      -0.75      1.67     -0.92  0.       -3079.847       6749.879       6047.562    0.000  -0.138   0.380   0.
  2017 352 12 56  1 488 352.538906120      -0.45      1.87     -1.50  0.       -3081.007       6750.097       6046.546    0.000  -0.138   0.380   0.
  2017 352 12 56  2 488 352.538917694      -0.91      1.32     -1.53  0.       -3082.168       6750.314       6045.530    0.000  -0.139   0.381   0.
  2017 352 12 56  3 488 352.538929268      -1.24      2.03     -0.98  0.       -3083.328       6750.531       6044.513    0.000  -0.139   0.381   0.
  2017 352 12 56  4 488 352.538940842      -1.18      2.13     -0.56  0.       -3084.488       6750.748       6043.497    0.000  -0.139   0.381   0.
  2017 352 12 56  5 488 352.538952416      -1.19      1.98      0.06  0.       -3085.648       6750.964       6042.480    0.000  -0.139   0.381   0.
  2017 352 12 56  6 488 352.538963990      -0.96      1.88     -0.14  0.       -3086.807       6751.180       6041.462    0.000  -0.138   0.380   0.
  2017 352 12 56  7 488 352.538975564      -1.38      1.53     -0.03  0.       -3087.967       6751.396       6040.444    0.000  -0.138   0.380   0.
  2017 352 12 56  8 488 352.538987138      -0.93      1.45      0.42  0.       -3089.126       6751.612       6039.427    0.000  -0.138   0.380   0.
  2017 352 12 56  9 488 352.538998712      -0.54      1.92     -0.09  0.       -3090.286       6751.827       6038.408    0.000  -0.138   0.380   0.
  2017 352 12 56 10 488 352.539010286      -0.79      2.03     -0.86  0.       -3091.445       6752.042       6037.390    0.000  -0.139   0.381   0.
  2017 352 12 56 11 488 352.539021861      -1.24      2.00     -0.74  0.       -3092.604       6752.256       6036.371    0.000  -0.139   0.381   0.
  2017 352 12 56 12 488 352.539033435      -0.72      1.60     -0.13  0.       -3093.763       6752.470       6035.352    0.000  -0.139   0.381   0.
  2017 352 12 56 13 488 352.539045009      -0.28      1.25      0.07  0.       -3094.921       6752.684       6034.332    0.000  -0.139   0.381   0.
  2017 352 12 56 14 488 352.539056583       0.08      1.31     -0.12  0.       -3096.080       6752.897       6033.312    0.000  -0.139   0.381   0.
  2017 352 12 56 15 488 352.539068157      -0.05      2.09     -0.67  0.       -3097.238       6753.110       6032.292    0.000  -0.139   0.381   0.
  2017 352 12 56 16 488 352.539079731      -0.84      2.29     -0.81  0.       -3098.397       6753.323       6031.272    0.000  -0.139   0.381   0.
  2017 352 12 56 17 488 352.539091305      -0.78      1.86     -0.34  0.       -3099.555       6753.536       6030.251    0.000  -0.139   0.381   0.
  2017 352 12 56 18 488 352.539102879      -0.72      1.70     -0.67  0.       -3100.713       6753.748       6029.230    0.000  -0.138   0.380   0.
  2017 352 12 56 19 488 352.539114453      -0.59      1.48     -0.44  0.       -3101.870       6753.960       6028.209    0.000  -0.138   0.380   0.
  2017 352 12 56 20 488 352.539126027      -0.31      2.04     -1.18  0.       -3103.028       6754.171       6027.188    0.000  -0.139   0.381   0.
  2017 352 12 56 21 488 352.539137601      -1.15      2.23     -0.92  0.       -3104.186       6754.382       6026.166    0.000  -0.139   0.381   0.
  2017 352 12 56 22 488 352.539149175      -1.55      2.41     -0.98  0.       -3105.343       6754.593       6025.144    0.000  -0.139   0.381   0.
  2017 352 12 56 23 488 352.539160749      -2.16      2.44     -0.82  0.       -3106.500       6754.803       6024.121    0.000  -0.139   0.381   0.
  2017 352 12 56 24 488 352.539172323      -1.37      2.66     -0.83  0.       -3107.657       6755.014       6023.099    0.000  -0.138   0.380   0.
  2017 352 12 56 25 488 352.539183898      -0.89      2.66     -1.18  0.       -3108.814       6755.223       6022.076    0.000  -0.138   0.380   0.
  2017 352 12 56 26 488 352.539195472      -0.95      2.41     -1.06  0.       -3109.971       6755.433       6021.052    0.000  -0.138   0.380   0.
  2017 352 12 56 27 488 352.539207046      -1.33      2.51     -0.46  0.       -3111.127       6755.642       6020.029    0.000  -0.138   0.380   0.
  2017 352 12 56 28 488 352.539218617      -2.17      2.21     -0.49  0.       -3112.284       6755.851       6019.005    0.000  -0.139   0.381   0.
  2017 352 12 56 29 488 352.539230191      -2.27      2.38     -0.18  0.       -3113.440       6756.059       6017.981    0.000  -0.139   0.381   0.
  2017 352 12 56 30 488 352.539241765      -2.27      2.25     -0.45  0.       -3114.596       6756.267       6016.956    0.000  -0.138   0.380   0.
  2017 352 12 56 31 488 352.539253339      -2.03      2.24     -0.07  0.       -3115.752       6756.475       6015.931    0.000  -0.138   0.380   0.
  2017 352 12 56 32 488 352.539264913      -2.58      1.71      0.38  0.       -3116.908       6756.683       6014.906    0.000  -0.138   0.380   0.
  2017 352 12 56 33 488 352.539276487      -1.71      1.71      0.58  0.       -3118.063       6756.890       6013.881    0.000  -0.138   0.380   0.
  2017 352 12 56 34 488 352.539288061      -1.28      2.49      1.06  0.       -3119.219       6757.097       6012.855    0.000  -0.139   0.381   0.
  2017 352 12 56 35 488 352.539299635      -2.83      2.82      0.71  0.       -3120.374       6757.303       6011.829    0.000  -0.139   0.381   0.
  2017 352 12 56 36 488 352.539311209      -3.30      2.43      1.43  0.       -3121.529       6757.510       6010.803    0.000  -0.138   0.380   0.
  2017 352 12 56 37 488 352.539322784      -3.10      1.73      1.50  0.       -3122.684       6757.716       6009.777    0.000  -0.138   0.380   0.
  2017 352 12 56 38 488 352.539334358      -2.95      1.29      1.84  0.       -3123.839       6757.921       6008.750    0.000  -0.138   0.380   0.
  2017 352 12 56 39 488 352.539345932      -1.85      1.16      1.67  0.       -3124.994       6758.126       6007.723    0.000  -0.138   0.380   0.
  2017 352 12 56 40 488 352.539357506      -0.70      1.22      1.23  0.       -3126.149       6758.331       6006.695    0.000  -0.139   0.381   0.
  2017 352 12 56 41 488 352.539369080      -0.10      1.21      0.89  0.       -3127.303       6758.536       6005.668    0.000  -0.139   0.381   0.
  2017 352 12 56 42 488 352.539380654      -0.47      2.11      0.09  0.       -3128.457       6758.740       6004.640    0.000  -0.138   0.380   0.
  2017 352 12 56 43 488 352.539392228      -1.65      2.02     -1.29  0.       -3129.612       6758.944       6003.611    0.000  -0.138   0.380   0.
  2017 352 12 56 44 488 352.539403802      -2.32      1.62     -1.39  0.       -3130.765       6759.147       6002.583    0.000  -0.138   0.380   0.
  2017 352 12 56 45 488 352.539415376      -1.55      1.99     -0.85  0.       -3131.919       6759.350       6001.554    0.000  -0.138   0.380   0.
  2017 352 12 56 46 488 352.539426950      -0.56      1.56     -0.79  0.       -3133.073       6759.553       6000.525    0.000  -0.138   0.380   0.
  2017 352 12 56 47 488 352.539438524      -0.51      1.59     -0.73  0.       -3134.226       6759.756       5999.495    0.000  -0.138   0.380   0.
  2017 352 12 56 48 488 352.539450098      -0.92      1.67     -0.75  0.       -3135.380       6759.958       5998.466    0.000  -0.139   0.381   0.
  2017 352 12 56 49 488 352.539461673      -0.95      1.77     -0.79  0.       -3136.533       6760.160       5997.435    0.000  -0.139   0.381   0.
  2017 352 12 56 50 488 352.539473246      -0.96      2.03     -0.82  0.       -3137.686       6760.362       5996.405    0.000  -0.138   0.380   0.
  2017 352 12 56 51 488 352.539484821      -0.83      2.09     -0.92  0.       -3138.839       6760.563       5995.374    0.000  -0.138   0.380   0.
  2017 352 12 56 52 488 352.539496395      -0.31      1.82     -0.90  0.       -3139.992       6760.764       5994.344    0.000  -0.138   0.380   0.
  2017 352 12 56 53 488 352.539507969       0.11      1.77     -1.16  0.       -3141.144       6760.964       5993.312    0.000  -0.138   0.380   0.
  2017 352 12 56 54 488 352.539519543       0.18      1.89     -1.38  0.       -3142.297       6761.164       5992.281    0.000  -0.139   0.381   0.
  2017 352 12 56 55 488 352.539531117       0.28      1.60     -1.68  0.       -3143.449       6761.364       5991.249    0.000  -0.139   0.381   0.
  2017 352 12 56 56 488 352.539542691       0.07      1.70     -1.66  0.       -3144.601       6761.564       5990.217    0.000  -0.138   0.380   0.
  2017 352 12 56 57 488 352.539554265       0.45      1.80     -2.27  0.       -3145.753       6761.763       5989.184    0.000  -0.138   0.380   0.
  2017 352 12 56 58 488 352.539565836       0.00      1.66     -2.07  0.       -3146.905       6761.962       5988.152    0.000  -0.139   0.381   0.
  2017 352 12 56 59 488 352.539577410      -1.06      1.89     -1.93  0.       -3148.057       6762.161       5987.119    0.000  -0.139   0.381   0.
  2017 352 12 57  0 488 352.539588984      -2.13      2.49     -1.03  0.       -3149.208       6762.359       5986.086    0.000  -0.138   0.380   0.
  2017 352 12 57  1 488 352.539600558      -1.23      2.57     -0.15  0.       -3150.360       6762.557       5985.052    0.000  -0.138   0.380   0.
  2017 352 12 57  2 488 352.539612133      -0.80      2.00     -0.76  0.       -3151.511       6762.755       5984.018    0.000  -0.138   0.380   0.
  2017 352 12 57  3 488 352.539623707      -0.80      1.97     -1.26  0.       -3152.662       6762.952       5982.984    0.000  -0.138   0.380   0.
  2017 352 12 57  4 488 352.539635281      -1.18      1.99     -0.54  0.       -3153.813       6763.149       5981.949    0.000  -0.139   0.381   0.
  2017 352 12 57  5 488 352.539646855      -0.79      1.95     -0.03  0.       -3154.963       6763.345       5980.915    0.000  -0.139   0.381   0.
  2017 352 12 57  6 488 352.539658429      -0.09      1.91     -1.10  0.       -3156.114       6763.542       5979.880    0.000  -0.138   0.380   0.
  2017 352 12 57  7 488 352.539670003      -0.51      1.16     -2.01  0.       -3157.265       6763.738       5978.844    0.000  -0.138   0.380   0.
  2017 352 12 57  8 488 352.539681577      -0.80      1.19     -1.44  0.       -3158.415       6763.933       5977.809    0.000  -0.139   0.381   0.
  2017 352 12 57  9 488 352.539693151      -0.20      1.44     -0.99  0.       -3159.565       6764.128       5976.773    0.000  -0.139   0.381   0.
  2017 352 12 57 10 488 352.539704725      -0.09      1.50     -0.55  0.       -3160.715       6764.323       5975.737    0.000  -0.138   0.380   0.
  2017 352 12 57 11 488 352.539716299       0.21      1.31     -0.40  0.       -3161.865       6764.518       5974.700    0.000  -0.138   0.380   0.
  2017 352 12 57 12 488 352.539727873       0.21      1.14     -0.92  0.       -3163.014       6764.712       5973.663    0.000  -0.138   0.380   0.
  2017 352 12 57 13 488 352.539739447       0.29      1.08     -1.29  0.       -3164.164       6764.906       5972.626    0.000  -0.138   0.380   0.
  2017 352 12 57 14 488 352.539751021      -0.61      1.48     -1.44  0.       -3165.313       6765.100       5971.589    0.000  -0.139   0.381   0.
  2017 352 12 57 15 488 352.539762595      -1.31      1.84     -0.62  0.       -3166.462       6765.293       5970.551    0.000  -0.139   0.381   0.
  2017 352 12 57 16 488 352.539774170      -1.21      1.90     -0.36  0.       -3167.611       6765.486       5969.513    0.000  -0.138   0.380   0.
  2017 352 12 57 17 488 352.539785744      -0.96      1.81     -1.42  0.       -3168.760       6765.679       5968.475    0.000  -0.138   0.380   0.
  2017 352 12 57 18 488 352.539797318      -0.82      1.23     -1.37  0.       -3169.909       6765.871       5967.436    0.000  -0.138   0.380   0.
  2017 352 12 57 19 488 352.539808892       0.30      1.60     -1.02  0.       -3171.058       6766.063       5966.398    0.000  -0.138   0.380   0.
  2017 352 12 57 20 488 352.539820466       0.09      1.25     -1.95  0.       -3172.206       6766.255       5965.358    0.000  -0.139   0.381   0.
  2017 352 12 57 21 488 352.539832040      -1.05      1.33     -2.77  0.       -3173.354       6766.446       5964.319    0.000  -0.139   0.381   0.
  2017 352 12 57 22 488 352.539843614      -2.28      1.65     -3.16  0.       -3174.502       6766.637       5963.279    0.000  -0.138   0.380   0.
  2017 352 12 57 23 488 352.539855188      -2.76      1.99     -2.35  0.       -3175.650       6766.828       5962.239    0.000  -0.138   0.380   0.
  2017 352 12 57 24 488 352.539866762      -2.74      1.89     -1.48  0.       -3176.798       6767.018       5961.199    0.000  -0.138   0.380   0.
  2017 352 12 57 25 487 352.539878336      -2.15      1.81     -1.09  0.       -3177.946       6767.208       5960.158    0.000  -0.138   0.380   0.
  2017 352 12 57 26 488 352.539889907      -2.08      1.73     -0.92  0.       -3179.093       6767.397       5959.117    0.000  -0.139   0.381   0.
  2017 352 12 57 27 488 352.539901481      -1.99      1.42     -0.62  0.       -3180.241       6767.587       5958.076    0.000  -0.139   0.381   0.
  2017 352 12 57 28 487 352.539913056      -1.83      1.45     -0.29  0.       -3181.388       6767.776       5957.035    0.000  -0.139   0.381   0.
  2017 352 12 57 29 487 352.539924630      -1.47      1.45     -0.17  0.       -3182.535       6767.964       5955.993    0.000  -0.139   0.381   0.
  2017 352 12 57 30 488 352.539936204      -1.31      1.67     -0.03  0.       -3183.682       6768.153       5954.951    0.000  -0.138   0.380   0.
  2017 352 12 57 31 488 352.539947778      -1.00      1.69     -0.12  0.       -3184.828       6768.341       5953.909    0.000  -0.138   0.380   0.
  2017 352 12 57 32 488 352.539959352      -1.34      1.91     -0.88  0.       -3185.975       6768.528       5952.866    0.000  -0.139   0.381   0.
  2017 352 12 57 33 488 352.539970926      -2.16      2.07     -1.30  0.       -3187.121       6768.716       5951.823    0.000  -0.139   0.381   0.
  2017 352 12 57 34 488 352.539982500      -2.50      2.36     -1.62  0.       -3188.268       6768.903       5950.780    0.000  -0.139   0.381   0.
  2017 352 12 57 35 487 352.539994074      -2.02      2.18     -1.44  0.       -3189.414       6769.089       5949.736    0.000  -0.139   0.381   0.
  2017 352 12 57 36 487 352.540005648      -2.12      2.30     -1.03  0.       -3190.560       6769.276       5948.692    0.000  -0.138   0.380   0.
  2017 352 12 57 37 487 352.540017222      -1.93      1.92     -0.97  0.       -3191.705       6769.462       5947.648    0.000  -0.138   0.380   0.
  2017 352 12 57 38 487 352.540028796      -1.47      2.04     -0.50  0.       -3192.851       6769.647       5946.604    0.000  -0.139   0.381   0.
  2017 352 12 57 39 488 352.540040370      -0.97      2.39     -0.62  0.       -3193.996       6769.833       5945.559    0.000  -0.139   0.381   0.
  2017 352 12 57 40 488 352.540051944      -0.92      2.05     -1.03  0.       -3195.142       6770.018       5944.514    0.000  -0.139   0.381   0.
  2017 352 12 57 41 487 352.540063518      -0.56      2.16     -0.67  0.       -3196.287       6770.202       5943.469    0.000  -0.139   0.381   0.
  2017 352 12 57 42 487 352.540075093      -0.14      2.51     -0.97  0.       -3197.432       6770.387       5942.423    0.000  -0.138   0.380   0.
  2017 352 12 57 43 488 352.540086667      -0.21      2.14     -1.55  0.       -3198.577       6770.571       5941.378    0.000  -0.138   0.380   0.
  2017 352 12 57 44 488 352.540098241      -1.10      1.92     -1.84  0.       -3199.721       6770.754       5940.331    0.000  -0.139   0.381   0.
  2017 352 12 57 45 488 352.540109815      -0.94      1.64     -1.19  0.       -3200.866       6770.938       5939.285    0.000  -0.139   0.381   0.
  2017 352 12 57 46 488 352.540121389      -0.38      2.02     -1.45  0.       -3202.010       6771.121       5938.238    0.000  -0.138   0.380   0.
  2017 352 12 57 47 488 352.540132963      -0.12      1.94     -1.56  0.       -3203.154       6771.303       5937.191    0.000  -0.138   0.380   0.
  2017 352 12 57 48 487 352.540144537      -0.33      1.59     -1.06  0.       -3204.298       6771.486       5936.144    0.000  -0.138   0.380   0.
  2017 352 12 57 49 487 352.540156111       0.02      1.55     -0.69  0.       -3205.442       6771.668       5935.096    0.000  -0.138   0.380   0.
  2017 352 12 57 50 487 352.540167685      -0.11      1.72     -0.36  0.       -3206.586       6771.849       5934.048    0.000  -0.139   0.381   0.
  2017 352 12 57 51 487 352.540179259      -0.39      1.42     -0.21  0.       -3207.730       6772.031       5933.000    0.000  -0.139   0.381   0.
  2017 352 12 57 52 487 352.540190833      -0.45      1.35     -0.21  0.       -3208.873       6772.212       5931.952    0.000  -0.138   0.380   0.
  2017 352 12 57 53 488 352.540202407      -0.11      1.57     -0.25  0.       -3210.016       6772.393       5930.903    0.000  -0.138   0.380   0.
  2017 352 12 57 54 488 352.540213981      -0.13      1.68     -0.63  0.       -3211.159       6772.573       5929.854    0.000  -0.139   0.381   0.
  2017 352 12 57 55 487 352.540225556      -0.28      1.73     -0.93  0.       -3212.302       6772.753       5928.805    0.000  -0.139   0.381   0.
  2017 352 12 57 56 487 352.540237127      -0.82      1.64     -1.05  0.       -3213.445       6772.933       5927.755    0.000  -0.139   0.381   0.
  2017 352 12 57 57 487 352.540248701      -1.06      1.50     -0.80  0.       -3214.588       6773.112       5926.705    0.000  -0.139   0.381   0.
  2017 352 12 57 58 487 352.540260275      -0.67      1.35     -0.43  0.       -3215.730       6773.291       5925.655    0.000  -0.139   0.381   0.
  2017 352 12 57 59 487 352.540271849      -0.22      0.94     -0.40  0.       -3216.873       6773.470       5924.604    0.000  -0.139   0.381   0.
  2017 352 12 58  0 487 352.540283423       0.09      1.03     -0.61  0.       -3218.015       6773.648       5923.554    0.000  -0.138   0.380   0.
  2017 352 12 58  1 487 352.540294997       0.31      1.23     -0.85  0.       -3219.157       6773.826       5922.502    0.000  -0.138   0.380   0.
  2017 352 12 58  2 487 352.540306571       0.47      1.26     -1.26  0.       -3220.299       6774.004       5921.451    0.000  -0.139   0.381   0.
  2017 352 12 58  3 487 352.540318145       0.48      1.03     -1.20  0.       -3221.440       6774.181       5920.399    0.000  -0.139   0.381   0.
  2017 352 12 58  4 487 352.540329719       0.52      0.87     -1.16  0.       -3222.582       6774.358       5919.347    0.000  -0.139   0.381   0.
  2017 352 12 58  5 487 352.540341293       0.89      1.10     -0.62  0.       -3223.723       6774.535       5918.295    0.000  -0.139   0.381   0.
  2017 352 12 58  6 487 352.540352867       0.92      1.51     -1.29  0.       -3224.864       6774.711       5917.243    0.000  -0.139   0.381   0.
  2017 352 12 58  7 487 352.540364442       0.21      2.03     -1.50  0.       -3226.005       6774.887       5916.190    0.000  -0.139   0.381   0.
  2017 352 12 58  8 487 352.540376016       0.03      2.40     -1.83  0.       -3227.146       6775.063       5915.137    0.000  -0.139   0.381   0.
  2017 352 12 58  9 487 352.540387590       0.05      1.72     -1.43  0.       -3228.287       6775.238       5914.083    0.000  -0.139   0.381   0.
  2017 352 12 58 10 487 352.540399164       0.22      1.53     -0.79  0.       -3229.428       6775.413       5913.030    0.000  -0.139   0.381   0.
  2017 352 12 58 11 487 352.540410738      -0.16      1.28     -0.69  0.       -3230.568       6775.588       5911.976    0.000  -0.139   0.381   0.
  2017 352 12 58 12 487 352.540422312      -0.62      1.26     -0.65  0.       -3231.708       6775.763       5910.921    0.000  -0.139   0.381   0.
  2017 352 12 58 13 487 352.540433886      -0.66      1.36     -0.37  0.       -3232.848       6775.937       5909.867    0.000  -0.139   0.381   0.
  2017 352 12 58 14 487 352.540445460      -0.88      1.36     -0.96  0.       -3233.988       6776.110       5908.812    0.000  -0.139   0.381   0.
  2017 352 12 58 15 487 352.540457034      -1.02      1.44     -0.96  0.       -3235.128       6776.284       5907.756    0.000  -0.139   0.381   0.
  2017 352 12 58 16 487 352.540468608      -0.99      1.99     -1.04  0.       -3236.268       6776.457       5906.701    0.000  -0.139   0.381   0.
  2017 352 12 58 17 487 352.540480182      -0.87      2.18     -0.83  0.       -3237.407       6776.629       5905.645    0.000  -0.139   0.381   0.
  2017 352 12 58 18 487 352.540491756      -0.59      2.32     -1.02  0.       -3238.546       6776.802       5904.590    0.000  -0.138   0.380   0.
  2017 352 12 58 19 487 352.540503330      -0.81      2.41     -1.42  0.       -3239.686       6776.974       5903.533    0.000  -0.138   0.380   0.
  2017 352 12 58 20 487 352.540514904      -1.19      1.88     -2.16  0.       -3240.825       6777.146       5902.476    0.000  -0.139   0.381   0.
  2017 352 12 58 21 487 352.540526479      -1.48      2.32     -1.47  0.       -3241.963       6777.317       5901.420    0.000  -0.139   0.381   0.
  2017 352 12 58 22 487 352.540538053      -0.94      3.47     -0.52  0.       -3243.102       6777.488       5900.362    0.000  -0.139   0.381   0.
  2017 352 12 58 23 487 352.540549627      -0.88      3.80     -0.38  0.       -3244.241       6777.659       5899.305    0.000  -0.139   0.381   0.
  2017 352 12 58 24 487 352.540561201      -0.72      3.08     -0.97  0.       -3245.379       6777.829       5898.247    0.000  -0.139   0.381   0.
  2017 352 12 58 25 487 352.540572775      -0.72      2.44     -0.67  0.       -3246.517       6777.999       5897.189    0.000  -0.139   0.381   0.
  2017 352 12 58 26 487 352.540584346      -0.66      1.98     -0.45  0.       -3247.655       6778.169       5896.131    0.000  -0.139   0.381   0.
  2017 352 12 58 27 487 352.540595920      -0.20      1.54     -1.35  0.       -3248.793       6778.338       5895.072    0.000  -0.139   0.381   0.
  2017 352 12 58 28 487 352.540607494       0.01      1.50     -1.16  0.       -3249.931       6778.507       5894.013    0.000  -0.139   0.381   0.
  2017 352 12 58 29 487 352.540619068       0.43      1.40     -1.19  0.       -3251.068       6778.676       5892.954    0.000  -0.139   0.381   0.
  2017 352 12 58 30 487 352.540630642      -0.02      1.13     -1.92  0.       -3252.206       6778.844       5891.894    0.000  -0.138   0.380   0.
  2017 352 12 58 31 487 352.540642216      -0.34      0.84     -1.65  0.       -3253.343       6779.013       5890.835    0.000  -0.138   0.380   0.
  2017 352 12 58 32 487 352.540653791      -0.11      0.75     -0.95  0.       -3254.480       6779.180       5889.775    0.000  -0.138   0.380   0.
  2017 352 12 58 33 487 352.540665365       0.28      0.77     -0.88  0.       -3255.617       6779.348       5888.714    0.000  -0.138   0.380   0.
  2017 352 12 58 34 487 352.540676939       0.41      0.72     -1.55  0.       -3256.754       6779.515       5887.654    0.000  -0.139   0.381   0.
  2017 352 12 58 35 487 352.540688513      -0.07      0.55     -2.28  0.       -3257.890       6779.681       5886.593    0.000  -0.139   0.381   0.
  2017 352 12 58 36 487 352.540700087      -0.38      0.27     -2.54  0.       -3259.027       6779.848       5885.531    0.000  -0.139   0.381   0.
  2017 352 12 58 37 487 352.540711661      -0.72      0.29     -2.22  0.       -3260.163       6780.014       5884.470    0.000  -0.139   0.381   0.
  2017 352 12 58 38 487 352.540723235      -1.59      0.48     -1.35  0.       -3261.299       6780.180       5883.408    0.000  -0.138   0.380   0.
  2017 352 12 58 39 487 352.540734809      -1.62      0.75     -1.27  0.       -3262.435       6780.345       5882.346    0.000  -0.138   0.380   0.
  2017 352 12 58 40 487 352.540746383      -1.91      1.88     -2.06  0.       -3263.571       6780.510       5881.283    0.000  -0.138   0.380   0.
  2017 352 12 58 41 487 352.540757957      -1.68      2.33     -2.22  0.       -3264.706       6780.675       5880.221    0.000  -0.138   0.380   0.
  2017 352 12 58 42 487 352.540769531      -2.20      2.46     -1.74  0.       -3265.842       6780.839       5879.158    0.000  -0.138   0.380   0.
  2017 352 12 58 43 487 352.540781105      -1.09      3.00     -1.15  0.       -3266.977       6781.003       5878.094    0.000  -0.138   0.380   0.
  2017 352 12 58 44 487 352.540792679      -0.90      3.53     -1.52  0.       -3268.112       6781.167       5877.031    0.000  -0.138   0.380   0.
  2017 352 12 58 45 487 352.540804254      -0.91      2.92     -0.58  0.       -3269.247       6781.330       5875.967    0.000  -0.138   0.380   0.
  2017 352 12 58 46 487 352.540815828      -0.62      2.69      0.18  0.       -3270.382       6781.493       5874.903    0.000  -0.139   0.381   0.
  2017 352 12 58 47 487 352.540827402      -0.43      2.47      0.08  0.       -3271.517       6781.656       5873.839    0.000  -0.139   0.381   0.
  2017 352 12 58 48 487 352.540838976      -0.46      1.85     -0.25  0.       -3272.651       6781.818       5872.774    0.000  -0.139   0.381   0.
  2017 352 12 58 49 487 352.540850550      -0.31      2.13     -0.84  0.       -3273.786       6781.981       5871.709    0.000  -0.139   0.381   0.
  2017 352 12 58 50 487 352.540862124      -0.33      2.29     -1.08  0.       -3274.920       6782.142       5870.643    0.000  -0.139   0.381   0.
  2017 352 12 58 51 487 352.540873698      -0.31      1.65     -1.12  0.       -3276.054       6782.304       5869.578    0.000  -0.139   0.381   0.
  2017 352 12 58 52 487 352.540885272       0.06      1.27     -1.28  0.       -3277.188       6782.465       5868.512    0.000  -0.139   0.381   0.
  2017 352 12 58 53 487 352.540896846      -0.55      1.85     -1.25  0.       -3278.322       6782.625       5867.446    0.000  -0.139   0.381   0.
  2017 352 12 58 54 487 352.540908420      -0.66      1.96     -1.54  0.       -3279.455       6782.786       5866.379    0.000  -0.138   0.380   0.
  2017 352 12 58 55 487 352.540919994      -1.86      1.77     -1.99  0.       -3280.588       6782.945       5865.313    0.000  -0.138   0.380   0.
  2017 352 12 58 56 487 352.540931565      -2.06      2.54     -1.37  0.       -3281.722       6783.105       5864.246    0.000  -0.139   0.381   0.
  2017 352 12 58 57 487 352.540943139      -1.81      3.84     -0.64  0.       -3282.855       6783.265       5863.178    0.000  -0.139   0.381   0.
  2017 352 12 58 58 487 352.540954714      -1.55      3.70     -0.74  0.       -3283.987       6783.424       5862.111    0.000  -0.138   0.380   0.
  2017 352 12 58 59 487 352.540966288      -1.48      3.18     -0.66  0.       -3285.120       6783.583       5861.043    0.000  -0.138   0.380   0.
  2017 352 12 59  0 487 352.540977862      -1.70      2.71     -0.70  0.       -3286.253       6783.741       5859.975    0.000  -0.139   0.381   0.
  2017 352 12 59  1 487 352.540989436      -1.37      2.14     -1.26  0.       -3287.385       6783.899       5858.906    0.000  -0.139   0.381   0.
  2017 352 12 59  2 487 352.541001010      -1.43      1.44     -1.08  0.       -3288.518       6784.057       5857.837    0.000  -0.138   0.380   0.
  2017 352 12 59  3 487 352.541012584      -1.08      1.61     -0.58  0.       -3289.650       6784.214       5856.768    0.000  -0.138   0.380   0.
  2017 352 12 59  4 487 352.541024158      -0.94      1.80      0.31  0.       -3290.782       6784.371       5855.699    0.000  -0.139   0.381   0.
  2017 352 12 59  5 487 352.541035732      -0.73      1.99      0.50  0.       -3291.913       6784.528       5854.629    0.000  -0.139   0.381   0.
  2017 352 12 59  6 487 352.541047306      -0.59      1.62      0.02  0.       -3293.045       6784.684       5853.560    0.000  -0.139   0.381   0.
  2017 352 12 59  7 487 352.541058880      -0.72      1.70     -0.74  0.       -3294.176       6784.841       5852.489    0.000  -0.139   0.381   0.
  2017 352 12 59  8 487 352.541070454      -0.88      1.78     -0.75  0.       -3295.308       6784.996       5851.419    0.000  -0.139   0.381   0.
  2017 352 12 59  9 487 352.541082028      -0.86      1.50     -0.94  0.       -3296.439       6785.152       5850.348    0.000  -0.139   0.381   0.
  2017 352 12 59 10 487 352.541093602      -0.74      1.36     -1.37  0.       -3297.570       6785.307       5849.277    0.000  -0.138   0.380   0.
  2017 352 12 59 11 487 352.541105177      -0.90      1.24     -1.35  0.       -3298.700       6785.461       5848.206    0.000  -0.138   0.380   0.
  2017 352 12 59 12 487 352.541116751      -0.94      1.13     -1.00  0.       -3299.831       6785.616       5847.134    0.000  -0.139   0.381   0.
  2017 352 12 59 13 487 352.541128325      -0.71      1.29     -0.75  0.       -3300.962       6785.770       5846.062    0.000  -0.139   0.381   0.
  2017 352 12 59 14 487 352.541139899      -0.68      1.39     -0.92  0.       -3302.092       6785.924       5844.990    0.000  -0.138   0.380   0.
  2017 352 12 59 15 487 352.541151473      -0.79      1.42     -1.34  0.       -3303.222       6786.077       5843.917    0.000  -0.138   0.380   0.
  2017 352 12 59 16 487 352.541163047      -0.62      1.79     -1.23  0.       -3304.352       6786.230       5842.845    0.000  -0.138   0.380   0.
  2017 352 12 59 17 487 352.541174621      -0.34      1.73     -1.53  0.       -3305.482       6786.383       5841.771    0.000  -0.138   0.380   0.
  2017 352 12 59 18 487 352.541186195      -0.44      1.17     -2.24  0.       -3306.611       6786.535       5840.698    0.000  -0.139   0.381   0.
  2017 352 12 59 19 487 352.541197769      -0.68      1.38     -1.57  0.       -3307.741       6786.687       5839.624    0.000  -0.139   0.381   0.
  2017 352 12 59 20 487 352.541209343      -0.30      1.83     -1.43  0.       -3308.870       6786.839       5838.550    0.000  -0.139   0.381   0.
  2017 352 12 59 21 487 352.541220917      -0.53      1.57     -1.34  0.       -3309.999       6786.990       5837.476    0.000  -0.139   0.381   0.
  2017 352 12 59 22 487 352.541232491      -0.20      1.46     -1.04  0.       -3311.128       6787.141       5836.402    0.000  -0.138   0.380   0.
  2017 352 12 59 23 487 352.541244065      -0.20      1.16     -1.82  0.       -3312.257       6787.292       5835.327    0.000  -0.138   0.380   0.
  2017 352 12 59 24 487 352.541255639      -0.57      1.55     -1.42  0.       -3313.386       6787.442       5834.252    0.000  -0.139   0.381   0.
  2017 352 12 59 25 487 352.541267214       0.32      2.21     -1.49  0.       -3314.514       6787.592       5833.176    0.000  -0.139   0.381   0.
  2017 352 12 59 26 487 352.541278788       0.66      1.56     -1.41  0.       -3315.643       6787.742       5832.101    0.000  -0.139   0.381   0.
  2017 352 12 59 27 487 352.541290361       0.50      1.53     -1.97  0.       -3316.771       6787.892       5831.025    0.000  -0.139   0.381   0.
  2017 352 12 59 28 487 352.541301933      -0.44      1.12     -2.06  0.       -3317.899       6788.041       5829.949    0.000  -0.139   0.381   0.
  2017 352 12 59 29 487 352.541313507      -1.23      1.16     -1.88  0.       -3319.027       6788.189       5828.872    0.000  -0.139   0.381   0.
  2017 352 12 59 30 486 352.541325081      -1.50      1.14     -1.94  0.       -3320.154       6788.338       5827.795    0.000  -0.139   0.381   0.
  2017 352 12 59 31 486 352.541336655      -1.46      1.54     -1.39  0.       -3321.282       6788.486       5826.718    0.000  -0.139   0.381   0.
  2017 352 12 59 32 486 352.541348229      -0.74      1.76     -1.35  0.       -3322.409       6788.633       5825.641    0.000  -0.139   0.381   0.
  2017 352 12 59 33 486 352.541359803       0.02      1.41     -1.33  0.       -3323.537       6788.781       5824.563    0.000  -0.139   0.381   0.
  2017 352 12 59 34 486 352.541371377      -0.05      1.43     -0.94  0.       -3324.664       6788.928       5823.485    0.000  -0.139   0.381   0.
  2017 352 12 59 35 487 352.541382951      -0.55      1.21     -0.90  0.       -3325.790       6789.074       5822.407    0.000  -0.139   0.381   0.
  2017 352 12 59 36 487 352.541394525       0.08      1.18     -1.08  0.       -3326.917       6789.221       5821.328    0.000  -0.139   0.381   0.
  2017 352 12 59 37 486 352.541406100      -0.05      1.32     -1.70  0.       -3328.044       6789.367       5820.249    0.000  -0.139   0.381   0.
  2017 352 12 59 38 486 352.541417674      -0.88      1.52     -1.92  0.       -3329.170       6789.513       5819.170    0.000  -0.139   0.381   0.
  2017 352 12 59 39 487 352.541429248      -0.63      1.24     -0.85  0.       -3330.296       6789.658       5818.091    0.000  -0.139   0.381   0.
  2017 352 12 59 40 487 352.541440822      -0.59      1.39     -1.18  0.       -3331.422       6789.803       5817.011    0.000  -0.139   0.381   0.
  2017 352 12 59 41 487 352.541452396      -0.93      1.01     -2.10  0.       -3332.548       6789.948       5815.931    0.000  -0.139   0.381   0.
  2017 352 12 59 42 487 352.541463970      -2.32      1.50     -1.75  0.       -3333.674       6790.092       5814.851    0.000  -0.138   0.380   0.
  2017 352 12 59 43 487 352.541475544      -3.15      2.48     -1.19  0.       -3334.800       6790.236       5813.770    0.000  -0.138   0.380   0.
  2017 352 12 59 44 486 352.541487118      -2.96      2.30     -1.67  0.       -3335.925       6790.380       5812.690    0.000  -0.138   0.380   0.
  2017 352 12 59 45 486 352.541498692      -2.55      1.92     -1.34  0.       -3337.050       6790.523       5811.608    0.000  -0.138   0.380   0.
  2017 352 12 59 46 486 352.541510266      -2.59      2.09     -0.66  0.       -3338.175       6790.666       5810.527    0.000  -0.139   0.381   0.
  2017 352 12 59 47 486 352.541521840      -2.24      2.07     -0.22  0.       -3339.300       6790.809       5809.445    0.000  -0.139   0.381   0.
  2017 352 12 59 48 486 352.541533414      -1.77      1.82     -0.24  0.       -3340.425       6790.951       5808.363    0.000  -0.138   0.380   0.
  2017 352 12 59 49 487 352.541544988      -0.91      1.44     -0.06  0.       -3341.549       6791.093       5807.281    0.000  -0.138   0.380   0.
  2017 352 12 59 50 486 352.541556563      -0.48      1.52     -0.56  0.       -3342.674       6791.235       5806.199    0.000  -0.139   0.381   0.
  2017 352 12 59 51 486 352.541568137      -0.50      1.59     -0.69  0.       -3343.798       6791.376       5805.116    0.000  -0.139   0.381   0.
  2017 352 12 59 52 486 352.541579711      -0.60      1.45     -0.73  0.       -3344.922       6791.517       5804.033    0.000  -0.139   0.381   0.
  2017 352 12 59 53 487 352.541591285      -0.82      1.46     -1.15  0.       -3346.046       6791.658       5802.949    0.000  -0.139   0.381   0.
  2017 352 12 59 54 487 352.541602859      -0.95      1.68     -1.16  0.       -3347.170       6791.798       5801.865    0.000  -0.139   0.381   0.
  2017 352 12 59 55 487 352.541614433      -1.25      1.81     -1.46  0.       -3348.293       6791.938       5800.781    0.000  -0.139   0.381   0.
  2017 352 12 59 56 487 352.541626007      -1.17      1.75     -1.41  0.       -3349.417       6792.078       5799.697    0.000  -0.139   0.381   0.
  2017 352 12 59 57 486 352.541637581      -0.65      1.88     -0.73  0.       -3350.540       6792.217       5798.613    0.000  -0.139   0.381   0.
  2017 352 12 59 58 486 352.541649152      -0.46      1.75     -0.74  0.       -3351.663       6792.356       5797.528    0.000  -0.139   0.381   0.
  2017 352 12 59 59 486 352.541660726       0.00      1.81     -0.95  0.       -3352.786       6792.495       5796.443    0.000  -0.139   0.381   0.
  2017 352 13  0  0 486 352.541672300       0.13      1.67     -1.45  0.       -3353.909       6792.633       5795.357    0.000  -0.138   0.380   0.
  2017 352 13  0  1 486 352.541683874      -0.12      1.42     -2.02  0.       -3355.031       6792.771       5794.271    0.000  -0.138   0.380   0.
  2017 352 13  0  2 486 352.541695448      -0.65      1.02     -1.85  0.       -3356.154       6792.909       5793.186    0.000  -0.138   0.380   0.
  2017 352 13  0  3 486 352.541707023      -0.16      1.28     -1.57  0.       -3357.276       6793.046       5792.099    0.000  -0.138   0.380   0.
  2017 352 13  0  4 486 352.541718597      -0.33      1.24     -2.03  0.       -3358.398       6793.183       5791.013    0.000  -0.139   0.381   0.
  2017 352 13  0  5 486 352.541730171      -0.58      1.41     -1.53  0.       -3359.520       6793.320       5789.926    0.000  -0.139   0.381   0.
  2017 352 13  0  6 486 352.541741745      -0.42      1.95     -1.22  0.       -3360.642       6793.456       5788.839    0.000  -0.139   0.381   0.
  2017 352 13  0  7 486 352.541753319      -0.07      1.71     -1.47  0.       -3361.764       6793.592       5787.751    0.000  -0.139   0.381   0.
  2017 352 13  0  8 486 352.541764893      -0.56      1.29     -2.11  0.       -3362.885       6793.728       5786.664    0.000  -0.139   0.381   0.
  2017 352 13  0  9 486 352.541776467      -1.15      1.53     -2.30  0.       -3364.006       6793.863       5785.576    0.000  -0.139   0.381   0.
  2017 352 13  0 10 486 352.541788041      -1.46      1.59     -1.44  0.       -3365.127       6793.998       5784.487    0.000  -0.139   0.381   0.
  2017 352 13  0 11 486 352.541799615      -0.90      1.41     -1.17  0.       -3366.248       6794.133       5783.399    0.000  -0.139   0.381   0.
  2017 352 13  0 12 486 352.541811189      -0.59      1.13     -1.29  0.       -3367.369       6794.267       5782.310    0.000  -0.139   0.381   0.
  2017 352 13  0 13 486 352.541822763      -0.28      1.01     -1.16  0.       -3368.489       6794.401       5781.221    0.000  -0.139   0.381   0.
  2017 352 13  0 14 486 352.541834337       0.10      1.06     -0.80  0.       -3369.610       6794.535       5780.131    0.000  -0.139   0.381   0.
  2017 352 13  0 15 486 352.541845911      -0.10      1.15     -0.62  0.       -3370.731       6794.668       5779.042    0.000  -0.139   0.381   0.
  2017 352 13  0 16 486 352.541857486      -0.20      1.05     -0.94  0.       -3371.851       6794.801       5777.952    0.000  -0.139   0.381   0.
  2017 352 13  0 17 486 352.541869060      -0.71      0.98     -1.36  0.       -3372.971       6794.933       5776.861    0.000  -0.139   0.381   0.
  2017 352 13  0 18 486 352.541880634      -0.78      0.91     -1.43  0.       -3374.090       6795.066       5775.771    0.000  -0.138   0.380   0.
  2017 352 13  0 19 486 352.541892208      -0.39      0.85     -1.33  0.       -3375.209       6795.198       5774.680    0.000  -0.138   0.380   0.
  2017 352 13  0 20 486 352.541903782       0.04      0.74     -1.40  0.       -3376.329       6795.329       5773.589    0.000  -0.139   0.381   0.
  2017 352 13  0 21 486 352.541915356       0.20      0.99     -2.06  0.       -3377.448       6795.461       5772.497    0.000  -0.139   0.381   0.
  2017 352 13  0 22 486 352.541926930      -0.29      1.39     -2.13  0.       -3378.567       6795.592       5771.406    0.000  -0.139   0.381   0.
  2017 352 13  0 23 486 352.541938504      -0.87      1.26     -1.94  0.       -3379.686       6795.722       5770.314    0.000  -0.139   0.381   0.
  2017 352 13  0 24 486 352.541950078      -1.03      1.53     -1.27  0.       -3380.805       6795.852       5769.221    0.000  -0.139   0.381   0.
  2017 352 13  0 25 486 352.541961652      -0.81      1.85     -1.31  0.       -3381.924       6795.982       5768.129    0.000  -0.139   0.381   0.
  2017 352 13  0 26 486 352.541973226      -0.65      1.92     -1.33  0.       -3383.042       6796.112       5767.036    0.000  -0.138   0.380   0.
  2017 352 13  0 27 486 352.541984800      -0.91      2.36     -1.71  0.       -3384.160       6796.241       5765.943    0.000  -0.138   0.380   0.
  2017 352 13  0 28 486 352.541996371      -1.19      2.25     -1.41  0.       -3385.279       6796.370       5764.849    0.000  -0.139   0.381   0.
  2017 352 13  0 29 486 352.542007946      -1.11      2.35     -1.44  0.       -3386.396       6796.499       5763.756    0.000  -0.139   0.381   0.
  2017 352 13  0 30 486 352.542019520      -1.41      1.91     -1.43  0.       -3387.514       6796.627       5762.662    0.000  -0.139   0.381   0.
  2017 352 13  0 31 486 352.542031094      -0.68      1.74     -0.61  0.       -3388.632       6796.755       5761.567    0.000  -0.139   0.381   0.
  2017 352 13  0 32 486 352.542042668      -0.89      1.31     -1.11  0.       -3389.749       6796.883       5760.473    0.000  -0.139   0.381   0.
  2017 352 13  0 33 486 352.542054242      -1.06      1.80     -0.96  0.       -3390.867       6797.010       5759.378    0.000  -0.139   0.381   0.
  2017 352 13  0 34 486 352.542065816      -0.86      1.70     -0.64  0.       -3391.984       6797.137       5758.283    0.000  -0.139   0.381   0.
  2017 352 13  0 35 486 352.542077390      -0.55      1.30     -0.83  0.       -3393.101       6797.263       5757.187    0.000  -0.139   0.381   0.
  2017 352 13  0 36 486 352.542088964      -0.65      1.39     -0.99  0.       -3394.217       6797.390       5756.092    0.000  -0.138   0.380   0.
  2017 352 13  0 37 486 352.542100538      -1.23      1.19     -0.81  0.       -3395.334       6797.516       5754.996    0.000  -0.138   0.380   0.
  2017 352 13  0 38 486 352.542112112      -0.78      1.18     -1.06  0.       -3396.450       6797.641       5753.899    0.000  -0.139   0.381   0.
  2017 352 13  0 39 486 352.542123686      -0.60      0.95     -1.20  0.       -3397.567       6797.766       5752.803    0.000  -0.139   0.381   0.
  2017 352 13  0 40 486 352.542135260      -0.51      1.11     -1.06  0.       -3398.683       6797.891       5751.706    0.000  -0.138   0.380   0.
  2017 352 13  0 41 486 352.542146835      -0.35      1.16     -0.83  0.       -3399.799       6798.016       5750.609    0.000  -0.138   0.380   0.
  2017 352 13  0 42 486 352.542158409      -0.69      1.09     -0.77  0.       -3400.914       6798.140       5749.512    0.000  -0.139   0.381   0.
  2017 352 13  0 43 486 352.542169983      -0.65      1.09     -0.54  0.       -3402.030       6798.264       5748.414    0.000  -0.139   0.381   0.
  2017 352 13  0 44 486 352.542181557      -0.44      1.26     -0.69  0.       -3403.145       6798.388       5747.316    0.000  -0.139   0.381   0.
  2017 352 13  0 45 486 352.542193131      -0.71      1.48     -0.95  0.       -3404.261       6798.511       5746.217    0.000  -0.139   0.381   0.
  2017 352 13  0 46 486 352.542204705      -1.19      1.24     -0.83  0.       -3405.376       6798.634       5745.119    0.000  -0.138   0.380   0.
  2017 352 13  0 47 486 352.542216279      -1.10      1.40     -1.56  0.       -3406.490       6798.756       5744.020    0.000  -0.138   0.380   0.
  2017 352 13  0 48 486 352.542227853      -1.13      1.55     -1.85  0.       -3407.605       6798.878       5742.921    0.000  -0.139   0.381   0.
  2017 352 13  0 49 486 352.542239427      -1.83      1.11     -1.31  0.       -3408.720       6799.000       5741.822    0.000  -0.139   0.381   0.
  2017 352 13  0 50 486 352.542251001      -2.08      1.26     -0.65  0.       -3409.834       6799.122       5740.722    0.000  -0.139   0.381   0.
  2017 352 13  0 51 486 352.542262575      -1.99      1.21     -0.62  0.       -3410.948       6799.243       5739.622    0.000  -0.139   0.381   0.
  2017 352 13  0 52 486 352.542274149      -1.41      1.44     -0.53  0.       -3412.062       6799.364       5738.522    0.000  -0.138   0.380   0.
  2017 352 13  0 53 486 352.542285723      -0.85      1.36     -0.34  0.       -3413.176       6799.485       5737.421    0.000  -0.138   0.380   0.
  2017 352 13  0 54 486 352.542297297      -0.85      1.45     -0.40  0.       -3414.290       6799.605       5736.320    0.000  -0.139   0.381   0.
  2017 352 13  0 55 486 352.542308872      -0.76      1.41     -0.31  0.       -3415.404       6799.725       5735.219    0.000  -0.139   0.381   0.
  2017 352 13  0 56 486 352.542320446      -1.15      1.56     -1.16  0.       -3416.517       6799.844       5734.118    0.000  -0.139   0.381   0.
  2017 352 13  0 57 486 352.542332019      -2.14      1.21     -0.51  0.       -3417.630       6799.963       5733.016    0.000  -0.139   0.381   0.
  2017 352 13  0 58 486 352.542343591      -1.58      1.22      0.12  0.       -3418.743       6800.082       5731.914    0.000  -0.138   0.380   0.
  2017 352 13  0 59 486 352.542355165      -1.18      1.52     -0.53  0.       -3419.856       6800.201       5730.812    0.000  -0.138   0.380   0.
  2017 352 13  1  0 486 352.542366739      -1.00      1.61     -1.14  0.       -3420.969       6800.319       5729.709    0.000  -0.139   0.381   0.
  2017 352 13  1  1 486 352.542378313      -0.77      1.77     -1.01  0.       -3422.081       6800.437       5728.607    0.000  -0.139   0.381   0.
  2017 352 13  1  2 486 352.542389887      -0.33      1.86     -0.70  0.       -3423.194       6800.554       5727.504    0.000  -0.139   0.381   0.
  2017 352 13  1  3 486 352.542401461      -0.44      1.46     -1.18  0.       -3424.306       6800.671       5726.400    0.000  -0.139   0.381   0.
  2017 352 13  1  4 486 352.542413035      -0.79      0.76     -1.07  0.       -3425.418       6800.788       5725.297    0.000  -0.139   0.381   0.
  2017 352 13  1  5 486 352.542424609      -0.67      1.14     -1.07  0.       -3426.530       6800.905       5724.193    0.000  -0.139   0.381   0.
  2017 352 13  1  6 486 352.542436183      -0.32      1.19     -0.93  0.       -3427.642       6801.021       5723.088    0.000  -0.139   0.381   0.
  2017 352 13  1  7 486 352.542447758      -0.05      1.16     -1.04  0.       -3428.753       6801.137       5721.984    0.000  -0.139   0.381   0.
  2017 352 13  1  8 486 352.542459332      -0.21      1.15     -1.15  0.       -3429.865       6801.252       5720.879    0.000  -0.139   0.381   0.
  2017 352 13  1  9 486 352.542470906      -0.64      1.00     -1.24  0.       -3430.976       6801.367       5719.774    0.000  -0.139   0.381   0.
  2017 352 13  1 10 486 352.542482480      -1.16      0.82     -1.70  0.       -3432.087       6801.482       5718.669    0.000  -0.138   0.380   0.
  2017 352 13  1 11 486 352.542494054      -1.29      0.97     -1.85  0.       -3433.198       6801.597       5717.563    0.000  -0.138   0.380   0.
  2017 352 13  1 12 486 352.542505628      -1.08      1.38     -1.72  0.       -3434.308       6801.711       5716.457    0.000  -0.139   0.381   0.
  2017 352 13  1 13 486 352.542517202      -1.15      1.38     -1.80  0.       -3435.419       6801.825       5715.351    0.000  -0.139   0.381   0.
  2017 352 13  1 14 486 352.542528776      -1.56      1.30     -1.29  0.       -3436.529       6801.938       5714.244    0.000  -0.139   0.381   0.
  2017 352 13  1 15 486 352.542540350      -1.49      1.61     -1.08  0.       -3437.639       6802.051       5713.138    0.000  -0.139   0.381   0.
  2017 352 13  1 16 486 352.542551924      -1.74      1.50     -1.30  0.       -3438.749       6802.164       5712.030    0.000  -0.139   0.381   0.
  2017 352 13  1 17 486 352.542563498      -1.78      1.54     -1.24  0.       -3439.859       6802.276       5710.923    0.000  -0.139   0.381   0.
  2017 352 13  1 18 486 352.542575072      -1.29      1.60     -0.77  0.       -3440.969       6802.389       5709.816    0.000  -0.138   0.380   0.
  2017 352 13  1 19 486 352.542586646      -1.13      1.51     -0.70  0.       -3442.078       6802.500       5708.708    0.000  -0.138   0.380   0.
  2017 352 13  1 20 486 352.542598221      -1.12      1.25     -1.02  0.       -3443.187       6802.612       5707.599    0.000  -0.138   0.380   0.
  2017 352 13  1 21 486 352.542609795      -1.68      1.45     -1.56  0.       -3444.297       6802.723       5706.491    0.000  -0.138   0.380   0.
  2017 352 13  1 22 486 352.542621369      -1.60      1.36     -1.50  0.       -3445.406       6802.834       5705.382    0.000  -0.139   0.381   0.
  2017 352 13  1 23 486 352.542632943      -1.38      1.16     -1.34  0.       -3446.514       6802.944       5704.273    0.000  -0.139   0.381   0.
  2017 352 13  1 24 486 352.542644517      -1.16      1.13     -0.91  0.       -3447.623       6803.054       5703.164    0.000  -0.138   0.380   0.
  2017 352 13  1 25 486 352.542656091      -0.98      1.17     -0.77  0.       -3448.731       6803.164       5702.054    0.000  -0.138   0.380   0.
  2017 352 13  1 26 486 352.542667665      -0.61      1.46     -0.77  0.       -3449.840       6803.273       5700.944    0.000  -0.138   0.380   0.
  2017 352 13  1 27 485 352.542679239      -0.42      1.46     -0.67  0.       -3450.948       6803.382       5699.834    0.000  -0.138   0.380   0.
  2017 352 13  1 28 485 352.542690810      -0.12      1.39     -0.37  0.       -3452.056       6803.491       5698.724    0.000  -0.139   0.381   0.
  2017 352 13  1 29 485 352.542702384      -0.05      1.18     -0.45  0.       -3453.164       6803.600       5697.613    0.000  -0.139   0.381   0.
  2017 352 13  1 30 485 352.542713958      -0.15      1.25     -0.48  0.       -3454.271       6803.708       5696.502    0.000  -0.139   0.381   0.
  2017 352 13  1 31 486 352.542725532      -0.03      1.38     -0.73  0.       -3455.379       6803.815       5695.391    0.000  -0.139   0.381   0.
  2017 352 13  1 32 486 352.542737106       0.21      1.23     -0.53  0.       -3456.486       6803.923       5694.279    0.000  -0.138   0.380   0.
  2017 352 13  1 33 485 352.542748681       0.21      1.08     -0.96  0.       -3457.593       6804.030       5693.167    0.000  -0.138   0.380   0.
  2017 352 13  1 34 485 352.542760255      -0.36      1.23     -1.53  0.       -3458.700       6804.137       5692.055    0.000  -0.139   0.381   0.
  2017 352 13  1 35 486 352.542771829      -0.41      1.68     -1.92  0.       -3459.807       6804.243       5690.943    0.000  -0.139   0.381   0.
  2017 352 13  1 36 486 352.542783403      -0.25      1.41     -1.71  0.       -3460.913       6804.349       5689.830    0.000  -0.139   0.381   0.
  2017 352 13  1 37 486 352.542794977       0.09      1.52     -1.62  0.       -3462.020       6804.455       5688.717    0.000  -0.139   0.381   0.
  2017 352 13  1 38 486 352.542806551      -0.02      1.25     -1.82  0.       -3463.126       6804.560       5687.604    0.000  -0.139   0.381   0.
  2017 352 13  1 39 485 352.542818125       0.06      1.05     -2.20  0.       -3464.232       6804.665       5686.490    0.000  -0.139   0.381   0.
  2017 352 13  1 40 485 352.542829699      -0.78      1.66     -3.22  0.       -3465.338       6804.770       5685.376    0.000  -0.139   0.381   0.
  2017 352 13  1 41 485 352.542841273       0.22      1.89     -3.54  0.       -3466.443       6804.874       5684.262    0.000  -0.139   0.381   0.
  2017 352 13  1 42 485 352.542852847      -0.60      1.48     -2.93  0.       -3467.549       6804.978       5683.148    0.000  -0.139   0.381   0.
  2017 352 13  1 43 485 352.542864421      -0.77      1.43     -2.32  0.       -3468.654       6805.082       5682.033    0.000  -0.139   0.381   0.
  2017 352 13  1 44 486 352.542875995      -1.49      1.23     -2.11  0.       -3469.760       6805.185       5680.918    0.000  -0.139   0.381   0.
  2017 352 13  1 45 486 352.542887569      -1.58      2.05     -0.87  0.       -3470.865       6805.288       5679.803    0.000  -0.139   0.381   0.
  2017 352 13  1 46 485 352.542899143      -1.03      2.88      0.19  0.       -3471.969       6805.391       5678.687    0.000  -0.138   0.380   0.
  2017 352 13  1 47 485 352.542910718      -0.68      2.06     -0.50  0.       -3473.074       6805.493       5677.571    0.000  -0.138   0.380   0.
  2017 352 13  1 48 486 352.542922292       0.17      1.20     -0.68  0.       -3474.179       6805.595       5676.455    0.000  -0.139   0.381   0.
  2017 352 13  1 49 486 352.542933866       0.37      0.98     -0.93  0.       -3475.283       6805.697       5675.339    0.000  -0.139   0.381   0.
  2017 352 13  1 50 486 352.542945440       0.21      0.90     -0.87  0.       -3476.387       6805.798       5674.222    0.000  -0.139   0.381   0.
  2017 352 13  1 51 486 352.542957014       0.07      0.96     -0.90  0.       -3477.491       6805.899       5673.105    0.000  -0.139   0.381   0.
  2017 352 13  1 52 486 352.542968588      -0.47      1.27     -1.09  0.       -3478.595       6806.000       5671.988    0.000  -0.139   0.381   0.
  2017 352 13  1 53 485 352.542980162      -0.77      1.85     -1.14  0.       -3479.698       6806.100       5670.870    0.000  -0.139   0.381   0.
  2017 352 13  1 54 485 352.542991736      -0.76      1.75     -0.82  0.       -3480.802       6806.200       5669.753    0.000  -0.139   0.381   0.
  2017 352 13  1 55 485 352.543003310       0.16      1.61     -0.75  0.       -3481.905       6806.300       5668.635    0.000  -0.139   0.381   0.
  2017 352 13  1 56 485 352.543014884       0.39      1.63     -0.97  0.       -3483.008       6806.399       5667.516    0.000  -0.139   0.381   0.
  2017 352 13  1 57 485 352.543026458       0.18      1.49     -0.67  0.       -3484.111       6806.498       5666.397    0.000  -0.139   0.381   0.
  2017 352 13  1 58 485 352.543038030       0.32      1.51     -0.91  0.       -3485.214       6806.597       5665.279    0.000  -0.139   0.381   0.
  2017 352 13  1 59 485 352.543049604       0.34      1.43     -1.01  0.       -3486.317       6806.695       5664.159    0.000  -0.139   0.381   0.
  2017 352 13  2  0 485 352.543061178       0.39      1.51     -1.07  0.       -3487.419       6806.793       5663.040    0.000  -0.138   0.380   0.
  2017 352 13  2  1 485 352.543072752       0.24      1.23     -0.66  0.       -3488.521       6806.890       5661.920    0.000  -0.138   0.380   0.
  2017 352 13  2  2 485 352.543084326      -0.30      1.10     -0.89  0.       -3489.624       6806.988       5660.800    0.000  -0.139   0.381   0.
  2017 352 13  2  3 485 352.543095900      -0.58      1.14     -1.38  0.       -3490.725       6807.084       5659.680    0.000  -0.139   0.381   0.
  2017 352 13  2  4 485 352.543107474      -0.32      1.09     -1.56  0.       -3491.827       6807.182       5658.559    0.000  -0.139   0.381   0.
  2017 352 13  2  5 485 352.543119048      -0.16      1.19     -1.43  0.       -3492.929       6807.278       5657.438    0.000  -0.139   0.381   0.
  2017 352 13  2  6 485 352.543130622      -0.11      1.85     -1.69  0.       -3494.030       6807.373       5656.317    0.000  -0.138   0.380   0.
  2017 352 13  2  7 485 352.543142196      -0.28      1.80     -1.65  0.       -3495.131       6807.469       5655.196    0.000  -0.138   0.380   0.
  2017 352 13  2  8 485 352.543153770       0.00      1.47     -1.39  0.       -3496.232       6807.564       5654.074    0.000  -0.139   0.381   0.
  2017 352 13  2  9 485 352.543165344       0.37      0.96     -1.20  0.       -3497.333       6807.659       5652.952    0.000  -0.139   0.381   0.
  2017 352 13  2 10 485 352.543176918       0.54      0.89     -0.98  0.       -3498.434       6807.754       5651.829    0.000  -0.139   0.381   0.
  2017 352 13  2 11 485 352.543188492       0.68      1.18     -1.49  0.       -3499.534       6807.848       5650.707    0.000  -0.139   0.381   0.
  2017 352 13  2 12 485 352.543200067      -0.13      1.36     -1.98  0.       -3500.635       6807.942       5649.584    0.000  -0.139   0.381   0.
  2017 352 13  2 13 485 352.543211641      -0.49      2.32     -1.97  0.       -3501.735       6808.035       5648.461    0.000  -0.139   0.381   0.
  2017 352 13  2 14 485 352.543223215      -0.55      2.09     -1.65  0.       -3502.835       6808.129       5647.337    0.000  -0.139   0.381   0.
  2017 352 13  2 15 485 352.543234789      -0.60      2.06     -1.57  0.       -3503.935       6808.221       5646.214    0.000  -0.139   0.381   0.
  2017 352 13  2 16 485 352.543246363      -0.35      1.97     -1.60  0.       -3505.035       6808.314       5645.090    0.000  -0.139   0.381   0.
  2017 352 13  2 17 485 352.543257937      -0.69      2.19     -1.73  0.       -3506.134       6808.406       5643.966    0.000  -0.139   0.381   0.
  2017 352 13  2 18 485 352.543269511      -0.82      2.77     -1.99  0.       -3507.233       6808.498       5642.841    0.000  -0.139   0.381   0.
  2017 352 13  2 19 485 352.543281085      -0.91      2.72     -2.23  0.       -3508.332       6808.590       5641.716    0.000  -0.139   0.381   0.
  2017 352 13  2 20 485 352.543292659      -0.74      2.70     -1.63  0.       -3509.431       6808.681       5640.591    0.000  -0.139   0.381   0.
  2017 352 13  2 21 485 352.543304233      -0.71      2.65     -1.27  0.       -3510.530       6808.772       5639.466    0.000  -0.139   0.381   0.
  2017 352 13  2 22 485 352.543315807      -0.36      2.16     -1.09  0.       -3511.629       6808.862       5638.340    0.000  -0.139   0.381   0.
  2017 352 13  2 23 485 352.543327381      -0.13      1.44     -1.71  0.       -3512.727       6808.952       5637.214    0.000  -0.139   0.381   0.
  2017 352 13  2 24 485 352.543338955      -1.37      1.18     -2.13  0.       -3513.825       6809.042       5636.088    0.000  -0.138   0.380   0.
  2017 352 13  2 25 485 352.543350529      -1.58      1.62     -2.13  0.       -3514.923       6809.131       5634.961    0.000  -0.138   0.380   0.
  2017 352 13  2 26 485 352.543362104      -1.98      2.27     -2.07  0.       -3516.021       6809.221       5633.834    0.000  -0.139   0.381   0.
  2017 352 13  2 27 485 352.543373678      -1.94      2.75     -2.07  0.       -3517.119       6809.309       5632.707    0.000  -0.139   0.381   0.
  2017 352 13  2 28 485 352.543385249      -1.53      1.98     -1.75  0.       -3518.217       6809.398       5631.580    0.000  -0.139   0.381   0.
  2017 352 13  2 29 485 352.543396823      -1.78      1.63     -1.48  0.       -3519.314       6809.486       5630.452    0.000  -0.139   0.381   0.
  2017 352 13  2 30 485 352.543408397      -1.43      1.90     -1.46  0.       -3520.411       6809.574       5629.324    0.000  -0.139   0.381   0.
  2017 352 13  2 31 485 352.543419971      -1.90      1.89     -1.63  0.       -3521.508       6809.661       5628.196    0.000  -0.139   0.381   0.
  2017 352 13  2 32 485 352.543431545      -2.11      1.84     -1.10  0.       -3522.605       6809.748       5627.068    0.000  -0.139   0.381   0.
  2017 352 13  2 33 485 352.543443119      -1.56      1.74     -0.70  0.       -3523.702       6809.835       5625.939    0.000  -0.139   0.381   0.
  2017 352 13  2 34 485 352.543454693      -1.32      1.58     -0.91  0.       -3524.798       6809.922       5624.810    0.000  -0.139   0.381   0.
  2017 352 13  2 35 485 352.543466267      -1.01      1.80     -0.18  0.       -3525.895       6810.008       5623.681    0.000  -0.139   0.381   0.
  2017 352 13  2 36 485 352.543477841      -0.75      1.72     -0.06  0.       -3526.991       6810.093       5622.551    0.000  -0.138   0.380   0.
  2017 352 13  2 37 485 352.543489415      -0.43      1.47     -0.41  0.       -3528.087       6810.179       5621.421    0.000  -0.138   0.380   0.
  2017 352 13  2 38 485 352.543500990      -0.04      1.54     -0.60  0.       -3529.183       6810.264       5620.291    0.000  -0.139   0.381   0.
  2017 352 13  2 39 485 352.543512564       0.24      1.46     -0.74  0.       -3530.278       6810.349       5619.161    0.000  -0.139   0.381   0.
  2017 352 13  2 40 485 352.543524138      -0.42      1.56     -0.67  0.       -3531.374       6810.433       5618.030    0.000  -0.139   0.381   0.
  2017 352 13  2 41 485 352.543535712      -0.69      1.57     -0.62  0.       -3532.469       6810.517       5616.899    0.000  -0.139   0.381   0.
  2017 352 13  2 42 485 352.543547286      -0.91      1.54     -1.30  0.       -3533.564       6810.601       5615.768    0.000  -0.139   0.381   0.
  2017 352 13  2 43 485 352.543558860      -1.17      2.04     -2.17  0.       -3534.659       6810.684       5614.636    0.000  -0.139   0.381   0.
  2017 352 13  2 44 485 352.543570434      -1.35      1.48     -2.17  0.       -3535.754       6810.767       5613.504    0.000  -0.139   0.381   0.
  2017 352 13  2 45 485 352.543582008      -1.79      1.54     -1.89  0.       -3536.848       6810.850       5612.372    0.000  -0.139   0.381   0.
  2017 352 13  2 46 485 352.543593582      -1.48      2.53     -1.37  0.       -3537.943       6810.932       5611.240    0.000  -0.139   0.381   0.
  2017 352 13  2 47 485 352.543605156      -0.68      3.01     -1.67  0.       -3539.037       6811.014       5610.107    0.000  -0.139   0.381   0.
  2017 352 13  2 48 485 352.543616730      -0.15      3.35     -1.44  0.       -3540.131       6811.096       5608.974    0.000  -0.139   0.381   0.
  2017 352 13  2 49 485 352.543628304       0.62      3.12     -0.65  0.       -3541.225       6811.177       5607.841    0.000  -0.139   0.381   0.
  2017 352 13  2 50 485 352.543639878       1.35      2.89     -0.25  0.       -3542.318       6811.258       5606.707    0.000  -0.139   0.381   0.
  2017 352 13  2 51 485 352.543651453       1.47      2.75      0.13  0.       -3543.412       6811.339       5605.573    0.000  -0.139   0.381   0.
  2017 352 13  2 52 485 352.543663027      -0.04      1.90     -0.25  0.       -3544.505       6811.419       5604.439    0.000  -0.139   0.381   0.
  2017 352 13  2 53 485 352.543674601      -1.96      2.10     -0.57  0.       -3545.598       6811.499       5603.305    0.000  -0.139   0.381   0.
  2017 352 13  2 54 485 352.543686175      -1.53      2.58     -0.87  0.       -3546.691       6811.579       5602.170    0.000  -0.139   0.381   0.
  2017 352 13  2 55 485 352.543697749      -0.92      2.24     -0.98  0.       -3547.784       6811.658       5601.035    0.000  -0.139   0.381   0.
  2017 352 13  2 56 485 352.543709323      -0.69      1.68     -0.88  0.       -3548.877       6811.737       5599.900    0.000  -0.139   0.381   0.
  2017 352 13  2 57 485 352.543720897      -0.77      1.42     -1.08  0.       -3549.969       6811.816       5598.765    0.000  -0.139   0.381   0.
  2017 352 13  2 58 485 352.543732468      -1.08      1.81     -1.32  0.       -3551.062       6811.894       5597.629    0.000  -0.139   0.381   0.
  2017 352 13  2 59 485 352.543744042      -0.92      1.83     -1.07  0.       -3552.154       6811.972       5596.493    0.000  -0.139   0.381   0.
  2017 352 13  3  0 485 352.543755616      -0.92      1.39     -0.70  0.       -3553.246       6812.050       5595.357    0.000  -0.139   0.381   0.
  2017 352 13  3  1 485 352.543767190      -0.71      1.69     -0.90  0.       -3554.337       6812.127       5594.220    0.000  -0.139   0.381   0.
  2017 352 13  3  2 485 352.543778764      -0.78      1.95     -1.39  0.       -3555.429       6812.204       5593.083    0.000  -0.139   0.381   0.
  2017 352 13  3  3 485 352.543790339      -1.75      1.33     -1.76  0.       -3556.520       6812.281       5591.946    0.000  -0.139   0.381   0.
  2017 352 13  3  4 485 352.543801913      -2.33      1.28     -0.64  0.       -3557.612       6812.357       5590.809    0.000  -0.139   0.381   0.
  2017 352 13  3  5 485 352.543813487      -1.49      2.04      0.29  0.       -3558.703       6812.433       5589.671    0.000  -0.139   0.381   0.
  2017 352 13  3  6 485 352.543825061      -0.69      2.26      0.60  0.       -3559.793       6812.508       5588.533    0.000  -0.139   0.381   0.
  2017 352 13  3  7 485 352.543836635      -1.03      1.38     -0.19  0.       -3560.884       6812.584       5587.395    0.000  -0.139   0.381   0.
  2017 352 13  3  8 485 352.543848209      -0.27      1.31     -0.10  0.       -3561.975       6812.658       5586.256    0.000  -0.138   0.380   0.
  2017 352 13  3  9 485 352.543859783      -0.73      1.87      0.57  0.       -3563.065       6812.733       5585.117    0.000  -0.138   0.380   0.
  2017 352 13  3 10 485 352.543871357      -0.20      2.53      1.11  0.       -3564.155       6812.807       5583.978    0.000  -0.139   0.381   0.
  2017 352 13  3 11 485 352.543882931       0.43      2.77      1.21  0.       -3565.245       6812.881       5582.839    0.000  -0.139   0.381   0.
  2017 352 13  3 12 485 352.543894505       0.25      2.90      0.79  0.       -3566.335       6812.955       5581.699    0.000  -0.139   0.381   0.
  2017 352 13  3 13 485 352.543906079      -0.01      2.76     -0.39  0.       -3567.424       6813.028       5580.559    0.000  -0.139   0.381   0.
  2017 352 13  3 14 485 352.543917653      -0.60      1.48     -1.12  0.       -3568.514       6813.101       5579.419    0.000  -0.139   0.381   0.
  2017 352 13  3 15 485 352.543929227      -0.79      1.76     -0.88  0.       -3569.603       6813.173       5578.278    0.000  -0.139   0.381   0.
  2017 352 13  3 16 485 352.543940802      -1.01      1.88     -1.31  0.       -3570.692       6813.245       5577.138    0.000  -0.139   0.381   0.
  2017 352 13  3 17 485 352.543952376      -0.88      1.74     -1.65  0.       -3571.781       6813.317       5575.997    0.000  -0.139   0.381   0.
  2017 352 13  3 18 485 352.543963950      -0.96      1.28     -0.86  0.       -3572.870       6813.389       5574.855    0.000  -0.139   0.381   0.
  2017 352 13  3 19 485 352.543975524      -0.56      1.47     -0.92  0.       -3573.958       6813.460       5573.714    0.000  -0.139   0.381   0.
  2017 352 13  3 20 485 352.543987098      -0.61      1.72     -1.44  0.       -3575.047       6813.531       5572.572    0.000  -0.139   0.381   0.
  2017 352 13  3 21 485 352.543998672      -1.15      1.48     -1.66  0.       -3576.135       6813.601       5571.430    0.000  -0.139   0.381   0.
  2017 352 13  3 22 485 352.544010246      -2.01      1.17     -1.13  0.       -3577.223       6813.671       5570.287    0.000  -0.139   0.381   0.
  2017 352 13  3 23 485 352.544021820      -2.07      1.33     -1.36  0.       -3578.311       6813.741       5569.144    0.000  -0.139   0.381   0.
  2017 352 13  3 24 485 352.544033394      -1.87      1.68     -1.83  0.       -3579.398       6813.811       5568.001    0.000  -0.139   0.381   0.
  2017 352 13  3 25 485 352.544044968      -1.46      1.82     -1.67  0.       -3580.486       6813.880       5566.858    0.000  -0.139   0.381   0.
  2017 352 13  3 26 485 352.544056542      -0.56      1.33     -1.05  0.       -3581.573       6813.948       5565.715    0.000  -0.139   0.381   0.
  2017 352 13  3 27 485 352.544068116      -0.02      1.25     -0.66  0.       -3582.660       6814.017       5564.571    0.000  -0.139   0.381   0.
  2017 352 13  3 28 485 352.544079688      -0.56      1.31     -1.54  0.       -3583.747       6814.085       5563.427    0.000  -0.139   0.381   0.
  2017 352 13  3 29 484 352.544091262      -0.85      1.45     -1.96  0.       -3584.834       6814.153       5562.282    0.000  -0.139   0.381   0.
  2017 352 13  3 30 485 352.544102836      -0.93      1.31     -0.93  0.       -3585.921       6814.220       5561.138    0.000  -0.139   0.381   0.
  2017 352 13  3 31 485 352.544114410      -0.66      1.19     -0.80  0.       -3587.007       6814.287       5559.993    0.000  -0.139   0.381   0.
  2017 352 13  3 32 485 352.544125984      -0.63      1.28     -0.63  0.       -3588.093       6814.354       5558.847    0.000  -0.139   0.381   0.
  2017 352 13  3 33 485 352.544137558      -0.31      1.38     -0.40  0.       -3589.179       6814.420       5557.702    0.000  -0.139   0.381   0.
  2017 352 13  3 34 485 352.544149132      -0.27      1.39     -1.22  0.       -3590.265       6814.486       5556.556    0.000  -0.139   0.381   0.
  2017 352 13  3 35 484 352.544160706      -1.32      1.10     -1.74  0.       -3591.351       6814.552       5555.410    0.000  -0.139   0.381   0.
  2017 352 13  3 36 484 352.544172280      -1.88      1.44     -1.13  0.       -3592.436       6814.617       5554.264    0.000  -0.139   0.381   0.
  2017 352 13  3 37 484 352.544183854      -1.90      2.30     -1.97  0.       -3593.522       6814.682       5553.117    0.000  -0.139   0.381   0.
  2017 352 13  3 38 484 352.544195428      -2.77      2.40     -3.11  0.       -3594.607       6814.747       5551.970    0.000  -0.139   0.381   0.
  2017 352 13  3 39 484 352.544207002      -2.04      2.01     -2.81  0.       -3595.692       6814.811       5550.823    0.000  -0.139   0.381   0.
  2017 352 13  3 40 485 352.544218576      -2.39      2.10     -2.08  0.       -3596.776       6814.876       5549.676    0.000  -0.139   0.381   0.
  2017 352 13  3 41 485 352.544230150      -1.46      2.72     -1.13  0.       -3597.861       6814.939       5548.528    0.000  -0.139   0.381   0.
  2017 352 13  3 42 484 352.544241725      -0.75      2.16     -1.37  0.       -3598.945       6815.002       5547.380    0.000  -0.139   0.381   0.
  2017 352 13  3 43 484 352.544253299      -0.23      1.58     -1.47  0.       -3600.030       6815.065       5546.232    0.000  -0.139   0.381   0.
  2017 352 13  3 44 485 352.544264873      -0.22      1.03     -1.66  0.       -3601.114       6815.128       5545.083    0.000  -0.139   0.381   0.
  2017 352 13  3 45 485 352.544276447      -0.58      1.69     -2.94  0.       -3602.198       6815.190       5543.934    0.000  -0.139   0.381   0.
  2017 352 13  3 46 485 352.544288021      -1.34      2.10     -3.24  0.       -3603.281       6815.252       5542.785    0.000  -0.139   0.381   0.
  2017 352 13  3 47 485 352.544299595      -2.15      2.22     -3.11  0.       -3604.365       6815.314       5541.636    0.000  -0.139   0.381   0.
  2017 352 13  3 48 485 352.544311169      -2.53      3.29     -2.97  0.       -3605.448       6815.375       5540.486    0.000  -0.139   0.381   0.
  2017 352 13  3 49 484 352.544322743      -1.85      3.66     -2.31  0.       -3606.531       6815.436       5539.336    0.000  -0.139   0.381   0.
  2017 352 13  3 50 484 352.544334317      -1.41      2.82     -2.31  0.       -3607.614       6815.497       5538.186    0.000  -0.139   0.381   0.
  2017 352 13  3 51 484 352.544345891      -0.95      1.95     -1.32  0.       -3608.697       6815.557       5537.035    0.000  -0.139   0.381   0.
  2017 352 13  3 52 484 352.544357465      -0.63      2.78     -1.37  0.       -3609.780       6815.617       5535.884    0.000  -0.139   0.381   0.
  2017 352 13  3 53 485 352.544369039      -0.22      1.83     -0.64  0.       -3610.862       6815.677       5534.733    0.000  -0.139   0.381   0.
  2017 352 13  3 54 485 352.544380613       0.18      2.20     -0.48  0.       -3611.944       6815.736       5533.582    0.000  -0.138   0.380   0.
  2017 352 13  3 55 484 352.544392188      -0.71      1.55     -0.64  0.       -3613.026       6815.795       5532.430    0.000  -0.138   0.380   0.
  2017 352 13  3 56 484 352.544403762      -0.13      1.74     -0.30  0.       -3614.108       6815.853       5531.279    0.000  -0.139   0.381   0.
  2017 352 13  3 57 485 352.544415336       0.06      1.75     -0.46  0.       -3615.190       6815.911       5530.126    0.000  -0.139   0.381   0.
  2017 352 13  3 58 484 352.544426907      -0.12      1.52     -1.10  0.       -3616.271       6815.969       5528.974    0.000  -0.139   0.381   0.
  2017 352 13  3 59 484 352.544438481      -1.05      1.58     -1.34  0.       -3617.353       6816.027       5527.821    0.000  -0.139   0.381   0.
  2017 352 13  4  0 484 352.544450055      -0.79      1.53     -1.25  0.       -3618.434       6816.084       5526.668    0.000  -0.139   0.381   0.
  2017 352 13  4  1 484 352.544461629      -0.69      1.52     -0.88  0.       -3619.515       6816.141       5525.515    0.000  -0.139   0.381   0.
  2017 352 13  4  2 484 352.544473203      -1.07      1.53     -1.02  0.       -3620.596       6816.197       5524.361    0.000  -0.139   0.381   0.
  2017 352 13  4  3 484 352.544484777      -1.19      1.19     -1.29  0.       -3621.676       6816.254       5523.208    0.000  -0.139   0.381   0.
  2017 352 13  4  4 484 352.544496351      -1.47      1.51     -2.07  0.       -3622.757       6816.309       5522.053    0.000  -0.139   0.381   0.
  2017 352 13  4  5 484 352.544507925      -1.70      1.75     -1.75  0.       -3623.837       6816.365       5520.899    0.000  -0.139   0.381   0.
  2017 352 13  4  6 484 352.544519499      -2.39      2.27     -1.51  0.       -3624.917       6816.420       5519.744    0.000  -0.138   0.380   0.
  2017 352 13  4  7 484 352.544531073      -1.31      2.04     -0.76  0.       -3625.997       6816.475       5518.589    0.000  -0.138   0.380   0.
  2017 352 13  4  8 484 352.544542648      -0.72      1.98     -1.20  0.       -3627.077       6816.529       5517.434    0.000  -0.139   0.381   0.
  2017 352 13  4  9 484 352.544554222      -1.28      2.04     -1.50  0.       -3628.156       6816.583       5516.279    0.000  -0.139   0.381   0.
  2017 352 13  4 10 484 352.544565796      -2.39      2.00     -1.81  0.       -3629.236       6816.637       5515.123    0.000  -0.139   0.381   0.
  2017 352 13  4 11 484 352.544577370      -3.35      2.87     -1.43  0.       -3630.315       6816.691       5513.967    0.000  -0.139   0.381   0.
  2017 352 13  4 12 484 352.544588944      -3.59      4.33     -2.18  0.       -3631.394       6816.744       5512.811    0.000  -0.139   0.381   0.
  2017 352 13  4 13 484 352.544600518      -2.76      3.18     -3.30  0.       -3632.473       6816.796       5511.654    0.000  -0.139   0.381   0.
  2017 352 13  4 14 484 352.544612092      -1.26      3.59     -1.68  0.       -3633.551       6816.849       5510.497    0.000  -0.139   0.381   0.
  2017 352 13  4 15 484 352.544623666      -1.56      4.34     -0.66  0.       -3634.630       6816.901       5509.340    0.000  -0.139   0.381   0.
  2017 352 13  4 16 484 352.544635240      -2.16      1.51     -3.08  0.       -3635.708       6816.953       5508.183    0.000  -0.139   0.381   0.
  2017 352 13  4 17 484 352.544646814      -1.82      1.08     -2.72  0.       -3636.786       6817.004       5507.025    0.000  -0.139   0.381   0.
  2017 352 13  4 18 484 352.544658388      -2.29      2.62     -1.72  0.       -3637.864       6817.055       5505.867    0.000  -0.139   0.381   0.
  2017 352 13  4 19 484 352.544669962      -2.19      3.67     -2.03  0.       -3638.942       6817.106       5504.709    0.000  -0.139   0.381   0.
  2017 352 13  4 20 484 352.544681536      -0.89      2.62     -2.58  0.       -3640.019       6817.156       5503.550    0.000  -0.138   0.380   0.
  2017 352 13  4 21 484 352.544693111      -0.89      2.48     -3.31  0.       -3641.097       6817.206       5502.391    0.000  -0.138   0.380   0.
  2017 352 13  4 22 484 352.544704685      -1.18      4.02     -2.58  0.       -3642.174       6817.256       5501.232    0.000  -0.139   0.381   0.
  2017 352 13  4 23 484 352.544716259      -1.42      3.05     -2.57  0.       -3643.251       6817.305       5500.073    0.000  -0.139   0.381   0.
  2017 352 13  4 24 484 352.544727833      -1.79      2.78     -2.41  0.       -3644.328       6817.354       5498.913    0.000  -0.139   0.381   0.
  2017 352 13  4 25 484 352.544739407      -1.73      2.87     -3.00  0.       -3645.404       6817.403       5497.753    0.000  -0.139   0.381   0.
  2017 352 13  4 26 484 352.544750981      -1.98      2.86     -4.51  0.       -3646.481       6817.451       5496.593    0.000  -0.138   0.380   0.
  2017 352 13  4 27 484 352.544762555      -2.50      2.81     -3.86  0.       -3647.557       6817.499       5495.433    0.000  -0.138   0.380   0.
  2017 352 13  4 28 484 352.544774126      -1.90      3.29     -1.61  0.       -3648.633       6817.547       5494.272    0.000  -0.139   0.381   0.
  2017 352 13  4 29 484 352.544785700      -1.85      3.22     -0.40  0.       -3649.709       6817.594       5493.111    0.000  -0.139   0.381   0.
  2017 352 13  4 30 484 352.544797274      -1.45      2.45     -0.64  0.       -3650.785       6817.641       5491.950    0.000  -0.139   0.381   0.
  2017 352 13  4 31 484 352.544808848      -0.72      2.73     -1.13  0.       -3651.860       6817.688       5490.788    0.000  -0.139   0.381   0.
  2017 352 13  4 32 484 352.544820423      -0.65      2.86     -0.97  0.       -3652.935       6817.734       5489.626    0.000  -0.139   0.381   0.
  2017 352 13  4 33 484 352.544831996      -0.85      2.89     -1.35  0.       -3654.011       6817.780       5488.464    0.000  -0.139   0.381   0.
  2017 352 13  4 34 484 352.544843571      -0.73      2.73     -2.35  0.       -3655.086       6817.825       5487.302    0.000  -0.139   0.381   0.
  2017 352 13  4 35 484 352.544855145      -1.01      3.04     -1.43  0.       -3656.160       6817.870       5486.139    0.000  -0.139   0.381   0.
  2017 352 13  4 36 484 352.544866719      -1.19      2.56      0.81  0.       -3657.235       6817.915       5484.976    0.000  -0.139   0.381   0.
  2017 352 13  4 37 484 352.544878293      -0.43      3.53      1.54  0.       -3658.309       6817.960       5483.813    0.000  -0.139   0.381   0.
  2017 352 13  4 38 484 352.544889867      -0.53      3.63      0.39  0.       -3659.384       6818.004       5482.649    0.000  -0.139   0.381   0.
  2017 352 13  4 39 484 352.544901441      -1.19      2.83     -1.56  0.       -3660.458       6818.048       5481.486    0.000  -0.139   0.381   0.
  2017 352 13  4 40 484 352.544913015      -3.12      3.29     -0.95  0.       -3661.531       6818.091       5480.322    0.000  -0.139   0.381   0.
  2017 352 13  4 41 484 352.544924589      -3.31      3.67     -0.72  0.       -3662.605       6818.135       5479.157    0.000  -0.139   0.381   0.
  2017 352 13  4 42 484 352.544936163      -2.07      3.22     -1.94  0.       -3663.679       6818.178       5477.993    0.000  -0.139   0.381   0.
  2017 352 13  4 43 484 352.544947737      -1.00      3.31     -1.64  0.       -3664.752       6818.220       5476.828    0.000  -0.139   0.381   0.
  2017 352 13  4 44 484 352.544959311      -0.74      2.81     -1.40  0.       -3665.825       6818.262       5475.663    0.000  -0.139   0.381   0.
  2017 352 13  4 45 484 352.544970885      -1.05      2.07     -1.33  0.       -3666.898       6818.304       5474.497    0.000  -0.139   0.381   0.
  2017 352 13  4 46 484 352.544982460      -1.31      1.79     -1.69  0.       -3667.971       6818.345       5473.331    0.000  -0.139   0.381   0.
  2017 352 13  4 47 484 352.544994034      -1.93      2.65     -2.03  0.       -3669.043       6818.387       5472.166    0.000  -0.139   0.381   0.
  2017 352 13  4 48 484 352.545005608      -2.99      2.72     -1.96  0.       -3670.116       6818.427       5470.999    0.000  -0.139   0.381   0.
  2017 352 13  4 49 484 352.545017182      -2.41      2.88     -1.47  0.       -3671.188       6818.468       5469.833    0.000  -0.139   0.381   0.
  2017 352 13  4 50 484 352.545028756      -1.85      2.79     -1.24  0.       -3672.260       6818.508       5468.666    0.000  -0.139   0.381   0.
  2017 352 13  4 51 484 352.545040330      -1.80      3.25     -0.73  0.       -3673.332       6818.548       5467.499    0.000  -0.139   0.381   0.
  2017 352 13  4 52 484 352.545051904      -1.29      3.64     -0.30  0.       -3674.403       6818.587       5466.332    0.000  -0.139   0.381   0.
  2017 352 13  4 53 484 352.545063478      -1.24      2.76     -0.26  0.       -3675.475       6818.626       5465.164    0.000  -0.139   0.381   0.
  2017 352 13  4 54 484 352.545075052      -1.52      2.55      0.16  0.       -3676.546       6818.665       5463.996    0.000  -0.139   0.381   0.
  2017 352 13  4 55 484 352.545086626      -1.88      2.76      0.83  0.       -3677.617       6818.703       5462.828    0.000  -0.139   0.381   0.
  2017 352 13  4 56 484 352.545098200      -1.75      2.99      1.60  0.       -3678.688       6818.741       5461.659    0.000  -0.139   0.381   0.
  2017 352 13  4 57 484 352.545109774      -0.50      3.45      0.21  0.       -3679.759       6818.779       5460.491    0.000  -0.139   0.381   0.
  2017 352 13  4 58 484 352.545121346      -0.64      2.63     -1.66  0.       -3680.830       6818.816       5459.322    0.000  -0.139   0.381   0.
  2017 352 13  4 59 484 352.545132920      -1.01      2.83     -0.70  0.       -3681.900       6818.853       5458.152    0.000  -0.139   0.381   0.
  2017 352 13  5  0 484 352.545144494      -1.87      3.04     -0.14  0.       -3682.970       6818.890       5456.983    0.000  -0.139   0.381   0.
  2017 352 13  5  1 484 352.545156068      -2.62      2.87     -1.30  0.       -3684.040       6818.926       5455.813    0.000  -0.139   0.381   0.
  2017 352 13  5  2 484 352.545167642      -1.70      3.13     -1.45  0.       -3685.110       6818.962       5454.643    0.000  -0.139   0.381   0.
  2017 352 13  5  3 484 352.545179216      -1.03      3.35     -1.06  0.       -3686.180       6818.998       5453.473    0.000  -0.139   0.381   0.
  2017 352 13  5  4 484 352.545190790      -1.25      2.94     -2.27  0.       -3687.249       6819.033       5452.302    0.000  -0.139   0.381   0.
  2017 352 13  5  5 484 352.545202364      -1.86      2.63     -2.67  0.       -3688.318       6819.068       5451.131    0.000  -0.139   0.381   0.
  2017 352 13  5  6 484 352.545213938      -0.76      2.58     -1.49  0.       -3689.387       6819.103       5449.960    0.000  -0.139   0.381   0.
  2017 352 13  5  7 484 352.545225512      -0.19      2.47     -1.56  0.       -3690.456       6819.137       5448.788    0.000  -0.139   0.381   0.
  2017 352 13  5  8 484 352.545237086      -1.21      2.21     -0.84  0.       -3691.525       6819.171       5447.617    0.000  -0.139   0.381   0.
  2017 352 13  5  9 484 352.545248660      -1.25      2.35     -1.24  0.       -3692.593       6819.205       5446.445    0.000  -0.139   0.381   0.
  2017 352 13  5 10 484 352.545260234      -1.03      1.93     -1.75  0.       -3693.662       6819.238       5445.272    0.000  -0.139   0.381   0.
  2017 352 13  5 11 484 352.545271808      -0.43      1.67     -1.39  0.       -3694.730       6819.271       5444.100    0.000  -0.139   0.381   0.
  2017 352 13  5 12 484 352.545283383      -1.18      2.11     -2.59  0.       -3695.798       6819.303       5442.927    0.000  -0.139   0.381   0.
  2017 352 13  5 13 484 352.545294957      -1.72      2.22     -2.01  0.       -3696.866       6819.336       5441.754    0.000  -0.139   0.381   0.
  2017 352 13  5 14 484 352.545306531      -2.09      2.19     -2.15  0.       -3697.933       6819.368       5440.580    0.000  -0.139   0.381   0.
  2017 352 13  5 15 484 352.545318105      -1.71      2.93     -2.50  0.       -3699.001       6819.399       5439.407    0.000  -0.139   0.381   0.
  2017 352 13  5 16 484 352.545329679      -1.96      3.39     -1.36  0.       -3700.068       6819.430       5438.233    0.000  -0.139   0.381   0.
  2017 352 13  5 17 484 352.545341253      -1.97      2.70     -1.78  0.       -3701.135       6819.461       5437.059    0.000  -0.139   0.381   0.
  2017 352 13  5 18 484 352.545352827      -2.36      2.97     -1.67  0.       -3702.202       6819.491       5435.884    0.000  -0.139   0.381   0.
  2017 352 13  5 19 484 352.545364401      -3.00      5.21     -2.50  0.       -3703.268       6819.522       5434.709    0.000  -0.139   0.381   0.
  2017 352 13  5 20 484 352.545375975      -2.46      2.64     -1.52  0.       -3704.335       6819.551       5433.534    0.000  -0.139   0.381   0.
  2017 352 13  5 21 484 352.545387549      -2.01      1.88     -1.38  0.       -3705.401       6819.581       5432.359    0.000  -0.139   0.381   0.
  2017 352 13  5 22 484 352.545399123      -1.98      2.64     -2.47  0.       -3706.467       6819.610       5431.183    0.000  -0.139   0.381   0.
  2017 352 13  5 23 484 352.545410697      -1.53      1.56     -2.27  0.       -3707.533       6819.639       5430.007    0.000  -0.139   0.381   0.
  2017 352 13  5 24 484 352.545422271      -1.46      2.32     -0.27  0.       -3708.599       6819.667       5428.831    0.000  -0.139   0.381   0.
  2017 352 13  5 25 484 352.545433846      -1.17      3.07      0.27  0.       -3709.664       6819.695       5427.655    0.000  -0.139   0.381   0.
  2017 352 13  5 26 484 352.545445420      -1.29      3.54     -0.97  0.       -3710.730       6819.723       5426.478    0.000  -0.139   0.381   0.
  2017 352 13  5 27 484 352.545456993      -1.37      2.91     -1.87  0.       -3711.795       6819.750       5425.301    0.000  -0.139   0.381   0.
  2017 352 13  5 28 484 352.545468565      -2.02      2.78     -0.68  0.       -3712.860       6819.777       5424.124    0.000  -0.139   0.381   0.
  2017 352 13  5 29 484 352.545480139      -2.68      3.07     -0.15  0.       -3713.924       6819.804       5422.947    0.000  -0.139   0.381   0.
  2017 352 13  5 30 484 352.545491713      -2.57      3.12     -0.10  0.       -3714.989       6819.831       5421.769    0.000  -0.139   0.381   0.
  2017 352 13  5 31 483 352.545503287      -2.58      3.85     -1.40  0.       -3716.053       6819.857       5420.591    0.000  -0.139   0.381   0.
  2017 352 13  5 32 483 352.545514861      -2.28      3.66     -3.23  0.       -3717.118       6819.882       5419.413    0.000  -0.139   0.381   0.
  2017 352 13  5 33 483 352.545526435      -1.64      4.86     -2.57  0.       -3718.182       6819.908       5418.234    0.000  -0.139   0.381   0.
  2017 352 13  5 34 483 352.545538009      -1.99      4.37     -3.10  0.       -3719.246       6819.933       5417.055    0.000  -0.139   0.381   0.
  2017 352 13  5 35 483 352.545549583      -2.99      1.81     -2.66  0.       -3720.309       6819.957       5415.876    0.000  -0.139   0.381   0.
  2017 352 13  5 36 484 352.545561157      -2.53      3.51     -2.33  0.       -3721.373       6819.981       5414.697    0.000  -0.139   0.381   0.
  2017 352 13  5 37 484 352.545572731      -2.61      2.95     -2.27  0.       -3722.436       6820.005       5413.517    0.000  -0.139   0.381   0.
  2017 352 13  5 38 483 352.545584306      -2.19      1.78     -1.80  0.       -3723.499       6820.029       5412.337    0.000  -0.139   0.381   0.
  2017 352 13  5 39 483 352.545595880      -1.53      3.75     -1.94  0.       -3724.562       6820.052       5411.157    0.000  -0.139   0.381   0.
  2017 352 13  5 40 484 352.545607454      -1.59      2.62     -3.45  0.       -3725.625       6820.075       5409.976    0.000  -0.139   0.381   0.
  2017 352 13  5 41 484 352.545619028      -3.37      1.95     -3.92  0.       -3726.687       6820.098       5408.795    0.000  -0.139   0.381   0.
  2017 352 13  5 42 484 352.545630602      -4.30      3.30     -1.66  0.       -3727.750       6820.120       5407.614    0.000  -0.139   0.381   0.
  2017 352 13  5 43 484 352.545642176      -3.67      4.25     -1.85  0.       -3728.812       6820.142       5406.433    0.000  -0.139   0.381   0.
  2017 352 13  5 44 483 352.545653750      -2.64      4.15     -4.06  0.       -3729.874       6820.164       5405.252    0.000  -0.139   0.381   0.
  2017 352 13  5 45 483 352.545665324      -2.34      3.40     -3.95  0.       -3730.935       6820.185       5404.070    0.000  -0.139   0.381   0.
  2017 352 13  5 46 483 352.545676898      -2.14      3.16     -2.82  0.       -3731.997       6820.206       5402.888    0.000  -0.139   0.381   0.
  2017 352 13  5 47 483 352.545688472      -2.31      2.91     -1.63  0.       -3733.058       6820.226       5401.705    0.000  -0.139   0.381   0.
  2017 352 13  5 48 483 352.545700046      -1.77      3.50     -2.15  0.       -3734.120       6820.246       5400.522    0.000  -0.139   0.381   0.
  2017 352 13  5 49 484 352.545711620      -1.31      4.19     -1.59  0.       -3735.181       6820.266       5399.339    0.000  -0.139   0.381   0.
  2017 352 13  5 50 484 352.545723194      -0.83      5.01     -1.63  0.       -3736.241       6820.286       5398.156    0.000  -0.139   0.381   0.
  2017 352 13  5 51 483 352.545734769      -0.85      4.52     -1.30  0.       -3737.302       6820.305       5396.972    0.000  -0.139   0.381   0.
  2017 352 13  5 52 483 352.545746343      -2.07      3.68     -1.02  0.       -3738.363       6820.324       5395.789    0.000  -0.139   0.381   0.
  2017 352 13  5 53 484 352.545757917      -1.46      3.85     -2.12  0.       -3739.423       6820.342       5394.605    0.000  -0.139   0.381   0.
  2017 352 13  5 54 484 352.545769491      -1.59      4.31     -1.40  0.       -3740.483       6820.360       5393.421    0.000  -0.139   0.381   0.
  2017 352 13  5 55 484 352.545781065      -1.77      3.54     -1.06  0.       -3741.543       6820.378       5392.236    0.000  -0.139   0.381   0.
  2017 352 13  5 56 484 352.545792639      -1.62      2.03     -2.02  0.       -3742.602       6820.395       5391.051    0.000  -0.139   0.381   0.
  2017 352 13  5 57 484 352.545804213      -1.55      1.47     -1.65  0.       -3743.662       6820.413       5389.866    0.000  -0.139   0.381   0.
  2017 352 13  5 58 483 352.545815787      -2.51      2.45     -0.26  0.       -3744.721       6820.429       5388.681    0.000  -0.139   0.381   0.
  2017 352 13  5 59 499 352.545827542      -3.56      2.50      0.78  0.       -3745.797       6820.446       5387.476    0.000  -0.139   0.381   0.
  2017 352 13  6  0 515 352.545839294      -3.23      1.95      0.45  0.       -3746.872       6820.462       5386.272    0.000  -0.139   0.381   0.
  2017 352 13  6  1 514 352.545850868      -3.10      3.33     -0.53  0.       -3747.931       6820.478       5385.086    0.000  -0.139   0.381   0.
  2017 352 13  6  2 514 352.545862442      -2.76      3.39     -1.76  0.       -3748.990       6820.493       5383.899    0.000  -0.139   0.381   0.
  2017 352 13  6  3 514 352.545874016      -1.91      2.35     -1.70  0.       -3750.048       6820.508       5382.712    0.000  -0.139   0.381   0.
  2017 352 13  6  4 514 352.545885590      -1.68      2.15     -0.95  0.       -3751.106       6820.523       5381.525    0.000  -0.139   0.381   0.
  2017 352 13  6  5 515 352.545897164      -1.37      3.52      0.80  0.       -3752.164       6820.537       5380.338    0.000  -0.139   0.381   0.
  2017 352 13  6  6 515 352.545908738      -0.65      4.24      0.54  0.       -3753.222       6820.551       5379.150    0.000  -0.139   0.381   0.
  2017 352 13  6  7 515 352.545920313      -2.53      2.50     -0.76  0.       -3754.280       6820.565       5377.962    0.000  -0.139   0.381   0.
  2017 352 13  6  8 514 352.545931887      -2.47      3.41     -1.31  0.       -3755.337       6820.578       5376.774    0.000  -0.139   0.381   0.
  2017 352 13  6  9 515 352.545943461      -1.84      4.11     -1.43  0.       -3756.394       6820.591       5375.586    0.000  -0.139   0.381   0.
  2017 352 13  6 10 515 352.545955035      -1.48      2.51     -1.33  0.       -3757.451       6820.604       5374.397    0.000  -0.139   0.381   0.
  2017 352 13  6 11 515 352.545966609      -1.20      3.23     -1.54  0.       -3758.508       6820.616       5373.208    0.000  -0.139   0.381   0.
  2017 352 13  6 12 515 352.545978183      -1.55      3.07     -0.66  0.       -3759.565       6820.628       5372.019    0.000  -0.139   0.381   0.
  2017 352 13  6 13 515 352.545989757      -2.20      2.62      0.09  0.       -3760.621       6820.639       5370.830    0.000  -0.139   0.381   0.
  2017 352 13  6 14 514 352.546001331      -1.93      3.60     -0.20  0.       -3761.678       6820.651       5369.640    0.000  -0.139   0.381   0.
  2017 352 13  6 15 514 352.546012905      -1.63      4.12     -0.97  0.       -3762.733       6820.661       5368.450    0.000  -0.139   0.381   0.
  2017 352 13  6 16 514 352.546024479      -2.69      3.96     -1.29  0.       -3763.790       6820.672       5367.259    0.000  -0.139   0.381   0.
  2017 352 13  6 17 514 352.546036053      -3.09      4.11     -1.89  0.       -3764.845       6820.682       5366.069    0.000  -0.139   0.381   0.
  2017 352 13  6 18 514 352.546047627      -3.11      3.81     -1.18  0.       -3765.901       6820.692       5364.878    0.000  -0.139   0.381   0.
  2017 352 13  6 19 515 352.546059201      -2.68      3.28      1.32  0.       -3766.956       6820.702       5363.687    0.000  -0.139   0.381   0.
  2017 352 13  6 20 515 352.546070775      -2.52      3.83      0.06  0.       -3768.011       6820.711       5362.495    0.000  -0.139   0.381   0.
  2017 352 13  6 21 514 352.546082350      -1.92      5.23     -3.40  0.       -3769.066       6820.719       5361.304    0.000  -0.139   0.381   0.
  2017 352 13  6 22 514 352.546093924      -1.36      6.45     -2.43  0.       -3770.121       6820.728       5360.112    0.000  -0.139   0.381   0.
  2017 352 13  6 23 515 352.546105498      -1.63      4.06     -2.11  0.       -3771.176       6820.736       5358.920    0.000  -0.139   0.381   0.
  2017 352 13  6 24 515 352.546117072      -2.94      4.28     -1.46  0.       -3772.230       6820.744       5357.727    0.000  -0.139   0.381   0.
  2017 352 13  6 25 515 352.546128646      -3.96      4.49     -0.71  0.       -3773.284       6820.751       5356.534    0.000  -0.139   0.381   0.
  2017 352 13  6 26 515 352.546140220      -2.77      2.55     -2.37  0.       -3774.338       6820.758       5355.341    0.000  -0.139   0.381   0.
  2017 352 13  6 27 515 352.546151794      -2.16      2.89     -2.89  0.       -3775.392       6820.765       5354.148    0.000  -0.139   0.381   0.
  2017 352 13  6 28 514 352.546163368      -2.73      4.22     -1.82  0.       -3776.446       6820.771       5352.955    0.000  -0.139   0.381   0.
  2017 352 13  6 29 514 352.546174942      -2.94      3.66     -0.97  0.       -3777.499       6820.778       5351.761    0.000  -0.139   0.381   0.
  2017 352 13  6 30 514 352.546186513      -2.58      4.18     -1.80  0.       -3778.552       6820.783       5350.567    0.000  -0.139   0.381   0.
  2017 352 13  6 31 514 352.546198087      -2.49      4.68     -2.70  0.       -3779.605       6820.789       5349.372    0.000  -0.139   0.381   0.
  2017 352 13  6 32 514 352.546209661      -2.58      4.06     -2.12  0.       -3780.658       6820.794       5348.178    0.000  -0.139   0.381   0.
  2017 352 13  6 33 514 352.546221236      -2.68      3.90     -2.66  0.       -3781.711       6820.798       5346.983    0.000  -0.139   0.381   0.
  2017 352 13  6 34 514 352.546232810      -3.24      3.05     -2.26  0.       -3782.763       6820.802       5345.787    0.000  -0.139   0.381   0.
  2017 352 13  6 35 514 352.546244384      -3.79      2.66     -1.59  0.       -3783.816       6820.806       5344.592    0.000  -0.139   0.381   0.
  2017 352 13  6 36 514 352.546255958      -3.96      2.55     -1.45  0.       -3784.868       6820.810       5343.396    0.000  -0.139   0.381   0.
  2017 352 13  6 37 514 352.546267532      -2.98      3.33     -1.61  0.       -3785.920       6820.813       5342.200    0.000  -0.139   0.381   0.
  2017 352 13  6 38 514 352.546279106      -2.47      2.84     -3.15  0.       -3786.971       6820.816       5341.004    0.000  -0.139   0.381   0.
  2017 352 13  6 39 514 352.546290680      -2.03      1.83     -3.18  0.       -3788.023       6820.819       5339.807    0.000  -0.139   0.381   0.
  2017 352 13  6 40 514 352.546302254      -2.67      2.82     -1.63  0.       -3789.074       6820.821       5338.610    0.000  -0.138   0.380   0.
  2017 352 13  6 41 514 352.546313828      -2.17      2.15     -1.89  0.       -3790.125       6820.823       5337.413    0.000  -0.138   0.380   0.
  2017 352 13  6 42 514 352.546325402      -1.46      2.28     -2.46  0.       -3791.176       6820.825       5336.216    0.000  -0.139   0.381   0.
  2017 352 13  6 43 514 352.546336976      -1.57      2.51     -2.40  0.       -3792.227       6820.826       5335.018    0.000  -0.139   0.381   0.
  2017 352 13  6 44 514 352.546348550      -1.80      2.57     -1.75  0.       -3793.277       6820.827       5333.821    0.000  -0.139   0.381   0.
  2017 352 13  6 45 514 352.546360124      -1.46      2.27     -2.28  0.       -3794.328       6820.827       5332.622    0.000  -0.139   0.381   0.
  2017 352 13  6 46 514 352.546371698      -1.77      2.07     -2.56  0.       -3795.378       6820.827       5331.424    0.000  -0.139   0.381   0.
  2017 352 13  6 47 514 352.546383273      -2.07      2.25     -2.90  0.       -3796.428       6820.827       5330.225    0.000  -0.139   0.381   0.
  2017 352 13  6 48 514 352.546394847      -2.33      2.43     -2.22  0.       -3797.478       6820.827       5329.026    0.000  -0.139   0.381   0.
  2017 352 13  6 49 514 352.546406421      -2.14      2.97     -1.61  0.       -3798.527       6820.826       5327.827    0.000  -0.139   0.381   0.
  2017 352 13  6 50 514 352.546417995      -2.39      2.55     -2.65  0.       -3799.577       6820.825       5326.627    0.000  -0.139   0.381   0.
  2017 352 13  6 51 514 352.546429569      -2.47      1.97     -3.47  0.       -3800.626       6820.823       5325.427    0.000  -0.139   0.381   0.
  2017 352 13  6 52 514 352.546441143      -1.54      2.22     -4.97  0.       -3801.675       6820.821       5324.227    0.000  -0.139   0.381   0.
  2017 352 13  6 53 514 352.546452717      -0.45      1.81     -3.42  0.       -3802.724       6820.819       5323.027    0.000  -0.139   0.381   0.
  2017 352 13  6 54 514 352.546464291      -0.64      2.86     -1.63  0.       -3803.772       6820.816       5321.827    0.000  -0.139   0.381   0.
  2017 352 13  6 55 514 352.546475865      -0.55      2.83     -1.29  0.       -3804.821       6820.813       5320.626    0.000  -0.139   0.381   0.
  2017 352 13  6 56 514 352.546487439      -0.36      3.04     -1.11  0.       -3805.869       6820.810       5319.425    0.000  -0.139   0.381   0.
  2017 352 13  6 57 514 352.546499013      -0.34      2.80     -0.94  0.       -3806.917       6820.806       5318.223    0.000  -0.139   0.381   0.
  2017 352 13  6 58 514 352.546510587      -0.12      2.60     -0.41  0.       -3807.965       6820.802       5317.021    0.000  -0.139   0.381   0.
  2017 352 13  6 59 514 352.546522161       0.16      3.58     -0.47  0.       -3809.013       6820.798       5315.819    0.000  -0.139   0.381   0.
  2017 352 13  7  0 514 352.546533733      -0.73      2.79     -0.75  0.       -3810.060       6820.793       5314.617    0.000  -0.139   0.381   0.
  2017 352 13  7  1 514 352.546545307      -1.17      2.26     -2.54  0.       -3811.107       6820.788       5313.415    0.000  -0.139   0.381   0.
  2017 352 13  7  2 514 352.546556881      -0.96      1.92     -2.46  0.       -3812.154       6820.783       5312.212    0.000  -0.139   0.381   0.
  2017 352 13  7  3 514 352.546568455      -0.53      2.40     -2.67  0.       -3813.201       6820.777       5311.009    0.000  -0.139   0.381   0.
  2017 352 13  7  4 514 352.546580029      -1.49      2.90     -4.15  0.       -3814.248       6820.771       5309.806    0.000  -0.139   0.381   0.
  2017 352 13  7  5 514 352.546591603      -2.09      2.55     -4.12  0.       -3815.294       6820.765       5308.602    0.000  -0.139   0.381   0.
  2017 352 13  7  6 514 352.546603177      -1.87      2.61     -2.70  0.       -3816.341       6820.758       5307.398    0.000  -0.139   0.381   0.
  2017 352 13  7  7 514 352.546614751      -2.44      2.72     -1.18  0.       -3817.387       6820.751       5306.194    0.000  -0.139   0.381   0.
  2017 352 13  7  8 514 352.546626325      -2.19      1.00     -0.86  0.       -3818.433       6820.744       5304.990    0.000  -0.139   0.381   0.
  2017 352 13  7  9 514 352.546637899      -1.29      1.04     -1.43  0.       -3819.478       6820.736       5303.785    0.000  -0.139   0.381   0.
  2017 352 13  7 10 514 352.546649473      -1.87      2.76      0.55  0.       -3820.524       6820.728       5302.580    0.000  -0.139   0.381   0.
  2017 352 13  7 11 514 352.546661047      -2.43      4.16      0.13  0.       -3821.569       6820.719       5301.375    0.000  -0.139   0.381   0.
  2017 352 13  7 12 514 352.546672621      -1.86      3.63     -1.67  0.       -3822.614       6820.710       5300.169    0.000  -0.139   0.381   0.
  2017 352 13  7 13 514 352.546684196      -1.48      4.88     -2.41  0.       -3823.659       6820.701       5298.964    0.000  -0.139   0.381   0.
  2017 352 13  7 14 514 352.546695770      -1.72      3.79     -2.21  0.       -3824.704       6820.692       5297.758    0.000  -0.139   0.381   0.
  2017 352 13  7 15 514 352.546707344      -2.75      4.26     -2.12  0.       -3825.749       6820.682       5296.551    0.000  -0.139   0.381   0.
  2017 352 13  7 16 514 352.546718918      -2.86      2.86     -2.11  0.       -3826.793       6820.671       5295.345    0.000  -0.139   0.381   0.
  2017 352 13  7 17 514 352.546730492      -2.64      3.58     -1.47  0.       -3827.837       6820.661       5294.138    0.000  -0.139   0.381   0.
  2017 352 13  7 18 514 352.546742066      -2.62      3.28     -1.09  0.       -3828.881       6820.650       5292.931    0.000  -0.139   0.381   0.
  2017 352 13  7 19 514 352.546753640      -3.29      1.82     -1.46  0.       -3829.925       6820.639       5291.724    0.000  -0.139   0.381   0.
  2017 352 13  7 20 514 352.546765214      -3.37      1.81     -0.92  0.       -3830.968       6820.627       5290.516    0.000  -0.139   0.381   0.
  2017 352 13  7 21 514 352.546776788      -2.49      1.73     -0.15  0.       -3832.012       6820.615       5289.308    0.000  -0.139   0.381   0.
  2017 352 13  7 22 514 352.546788362      -1.42      1.57     -1.00  0.       -3833.055       6820.603       5288.100    0.000  -0.139   0.381   0.
  2017 352 13  7 23 514 352.546799936      -0.37      1.50     -0.87  0.       -3834.098       6820.590       5286.892    0.000  -0.139   0.381   0.
  2017 352 13  7 24 514 352.546811510      -0.08      1.69     -0.82  0.       -3835.141       6820.577       5285.683    0.000  -0.139   0.381   0.
  2017 352 13  7 25 514 352.546823084      -0.27      1.53     -1.07  0.       -3836.183       6820.564       5284.474    0.000  -0.139   0.381   0.
  2017 352 13  7 26 514 352.546834659      -0.16      1.35     -1.63  0.       -3837.226       6820.550       5283.265    0.000  -0.139   0.381   0.
  2017 352 13  7 27 514 352.546846233      -1.17      0.86     -1.36  0.       -3838.268       6820.536       5282.055    0.000  -0.139   0.381   0.
  2017 352 13  7 28 514 352.546857807      -1.75      1.09     -1.20  0.       -3839.310       6820.522       5280.845    0.000  -0.139   0.381   0.
  2017 352 13  7 29 514 352.546869380      -2.50      1.50      0.07  0.       -3840.352       6820.507       5279.635    0.000  -0.139   0.381   0.
  2017 352 13  7 30 514 352.546880952      -1.26      3.02     -0.81  0.       -3841.394       6820.492       5278.425    0.000  -0.139   0.381   0.
  2017 352 13  7 31 514 352.546892526      -1.74      3.03      0.30  0.       -3842.435       6820.477       5277.215    0.000  -0.139   0.381   0.
  2017 352 13  7 32 514 352.546904100      -1.73      1.92     -1.34  0.       -3843.476       6820.461       5276.004    0.000  -0.139   0.381   0.
  2017 352 13  7 33 514 352.546915674      -1.45      2.19     -2.23  0.       -3844.517       6820.445       5274.793    0.000  -0.139   0.381   0.
  2017 352 13  7 34 514 352.546927248      -2.07      3.33     -1.44  0.       -3845.558       6820.428       5273.581    0.000  -0.139   0.381   0.
  2017 352 13  7 35 514 352.546938822      -2.31      3.15     -1.46  0.       -3846.599       6820.411       5272.369    0.000  -0.139   0.381   0.
  2017 352 13  7 36 514 352.546950396      -2.37      2.78     -1.10  0.       -3847.639       6820.394       5271.158    0.000  -0.139   0.381   0.
  2017 352 13  7 37 514 352.546961971      -1.88      3.03     -1.39  0.       -3848.680       6820.377       5269.945    0.000  -0.139   0.381   0.
  2017 352 13  7 38 514 352.546973545      -1.57      2.64     -1.62  0.       -3849.720       6820.359       5268.733    0.000  -0.139   0.381   0.
  2017 352 13  7 39 514 352.546985119      -0.57      1.66     -1.92  0.       -3850.759       6820.341       5267.520    0.000  -0.139   0.381   0.
  2017 352 13  7 40 514 352.546996693      -0.97      1.88     -0.96  0.       -3851.799       6820.322       5266.307    0.000  -0.139   0.381   0.
  2017 352 13  7 41 514 352.547008267      -1.84      1.95     -0.25  0.       -3852.839       6820.303       5265.094    0.000  -0.139   0.381   0.
  2017 352 13  7 42 514 352.547019841      -1.88      2.34     -0.40  0.       -3853.878       6820.284       5263.880    0.000  -0.139   0.381   0.
  2017 352 13  7 43 514 352.547031415      -2.06      2.38     -0.02  0.       -3854.917       6820.265       5262.667    0.000  -0.139   0.381   0.
  2017 352 13  7 44 514 352.547042989      -2.01      1.83     -0.53  0.       -3855.956       6820.245       5261.453    0.000  -0.139   0.381   0.
  2017 352 13  7 45 514 352.547054563      -2.04      1.90     -0.69  0.       -3856.994       6820.224       5260.238    0.000  -0.139   0.381   0.
  2017 352 13  7 46 514 352.547066137      -1.17      1.43     -0.66  0.       -3858.033       6820.204       5259.024    0.000  -0.139   0.381   0.
  2017 352 13  7 47 514 352.547077711      -1.74      2.61     -1.25  0.       -3859.071       6820.183       5257.809    0.000  -0.139   0.381   0.
  2017 352 13  7 48 514 352.547089285      -2.28      3.15     -1.49  0.       -3860.109       6820.161       5256.594    0.000  -0.139   0.381   0.
  2017 352 13  7 49 514 352.547100859      -1.36      2.38     -1.65  0.       -3861.147       6820.140       5255.378    0.000  -0.139   0.381   0.
  2017 352 13  7 50 514 352.547112433      -1.35      2.86     -1.63  0.       -3862.185       6820.118       5254.162    0.000  -0.139   0.381   0.
  2017 352 13  7 51 514 352.547124008      -1.04      3.06     -2.50  0.       -3863.222       6820.095       5252.946    0.000  -0.139   0.381   0.
  2017 352 13  7 52 514 352.547135582      -1.25      3.03     -2.40  0.       -3864.260       6820.073       5251.730    0.000  -0.139   0.381   0.
  2017 352 13  7 53 514 352.547147156      -0.51      2.51     -2.66  0.       -3865.297       6820.050       5250.514    0.000  -0.139   0.381   0.
  2017 352 13  7 54 514 352.547158730      -1.53      2.07     -1.93  0.       -3866.334       6820.026       5249.297    0.000  -0.139   0.381   0.
  2017 352 13  7 55 514 352.547170304      -1.11      1.74     -1.22  0.       -3867.370       6820.003       5248.080    0.000  -0.139   0.381   0.
  2017 352 13  7 56 514 352.547181878      -0.96      1.91     -1.34  0.       -3868.407       6819.978       5246.863    0.000  -0.139   0.381   0.
  2017 352 13  7 57 514 352.547193452      -1.18      2.50     -0.89  0.       -3869.443       6819.954       5245.645    0.000  -0.139   0.381   0.
  2017 352 13  7 58 514 352.547205026      -1.01      2.49     -0.06  0.       -3870.479       6819.929       5244.427    0.000  -0.139   0.381   0.
  2017 352 13  7 59 513 352.547216600      -0.73      3.10     -0.97  0.       -3871.515       6819.904       5243.209    0.000  -0.139   0.381   0.
  2017 352 13  8  0 513 352.547228171      -1.12      3.66     -1.26  0.       -3872.551       6819.878       5241.991    0.000  -0.139   0.381   0.
  2017 352 13  8  1 514 352.547239745      -0.81      3.70     -0.74  0.       -3873.587       6819.853       5240.772    0.000  -0.139   0.381   0.
  2017 352 13  8  2 514 352.547251319       0.15      4.48     -2.42  0.       -3874.622       6819.826       5239.553    0.000  -0.139   0.381   0.
  2017 352 13  8  3 513 352.547262894      -0.40      3.70     -2.98  0.       -3875.657       6819.800       5238.334    0.000  -0.139   0.381   0.
  2017 352 13  8  4 513 352.547274468      -1.84      2.54     -3.21  0.       -3876.692       6819.773       5237.115    0.000  -0.139   0.381   0.
  2017 352 13  8  5 514 352.547286042      -2.25      2.59     -2.42  0.       -3877.727       6819.746       5235.895    0.000  -0.139   0.381   0.
  2017 352 13  8  6 514 352.547297616      -2.23      1.94     -3.39  0.       -3878.761       6819.718       5234.675    0.000  -0.139   0.381   0.
  2017 352 13  8  7 514 352.547309190      -1.51      2.22     -2.09  0.       -3879.796       6819.690       5233.455    0.000  -0.139   0.381   0.
  2017 352 13  8  8 514 352.547320764      -0.77      3.39     -1.46  0.       -3880.830       6819.662       5232.234    0.000  -0.139   0.381   0.
  2017 352 13  8  9 514 352.547332338      -0.30      2.89     -1.35  0.       -3881.864       6819.633       5231.014    0.000  -0.139   0.381   0.
  2017 352 13  8 10 513 352.547343912      -1.01      2.85     -2.48  0.       -3882.898       6819.604       5229.793    0.000  -0.139   0.381   0.
  2017 352 13  8 11 513 352.547355486      -2.21      3.18     -2.65  0.       -3883.931       6819.575       5228.571    0.000  -0.139   0.381   0.
  2017 352 13  8 12 513 352.547367060      -2.36      3.14     -0.99  0.       -3884.964       6819.545       5227.350    0.000  -0.139   0.381   0.
  2017 352 13  8 13 513 352.547378634      -0.96      2.88     -1.04  0.       -3885.998       6819.515       5226.128    0.000  -0.139   0.381   0.
  2017 352 13  8 14 513 352.547390208      -0.47      2.70     -1.36  0.       -3887.031       6819.485       5224.906    0.000  -0.139   0.381   0.
  2017 352 13  8 15 514 352.547401782      -1.11      2.98     -1.01  0.       -3888.063       6819.454       5223.684    0.000  -0.139   0.381   0.
  2017 352 13  8 16 514 352.547413356      -1.61      3.16     -0.60  0.       -3889.096       6819.423       5222.461    0.000  -0.139   0.381   0.
  2017 352 13  8 17 513 352.547424931      -1.38      2.58     -1.94  0.       -3890.128       6819.391       5221.238    0.000  -0.139   0.381   0.
  2017 352 13  8 18 513 352.547436505      -2.38      2.70     -1.10  0.       -3891.160       6819.360       5220.015    0.000  -0.139   0.381   0.
  2017 352 13  8 19 514 352.547448079      -2.29      2.75     -1.91  0.       -3892.192       6819.328       5218.791    0.000  -0.139   0.381   0.
  2017 352 13  8 20 514 352.547459653      -1.96      2.37     -2.42  0.       -3893.224       6819.296       5217.568    0.000  -0.139   0.381   0.
  2017 352 13  8 21 514 352.547471227      -1.58      2.19     -1.24  0.       -3894.256       6819.263       5216.344    0.000  -0.139   0.381   0.
  2017 352 13  8 22 514 352.547482801      -1.19      2.85     -0.49  0.       -3895.287       6819.230       5215.119    0.000  -0.139   0.381   0.
  2017 352 13  8 23 513 352.547494375      -1.34      3.21     -0.94  0.       -3896.318       6819.196       5213.895    0.000  -0.139   0.381   0.
  2017 352 13  8 24 513 352.547505949      -1.13      2.89     -2.74  0.       -3897.349       6819.162       5212.670    0.000  -0.139   0.381   0.
  2017 352 13  8 25 513 352.547517523      -2.25      2.22     -1.52  0.       -3898.380       6819.128       5211.445    0.000  -0.139   0.381   0.
  2017 352 13  8 26 513 352.547529097      -2.80      2.42      0.19  0.       -3899.411       6819.093       5210.220    0.000  -0.139   0.381   0.
  2017 352 13  8 27 513 352.547540671      -2.02      3.01     -1.03  0.       -3900.441       6819.059       5208.994    0.000  -0.139   0.381   0.
  2017 352 13  8 28 514 352.547552245      -1.28      1.80     -2.52  0.       -3901.471       6819.023       5207.768    0.000  -0.139   0.381   0.
  2017 352 13  8 29 514 352.547563819      -1.07      1.84     -1.28  0.       -3902.501       6818.988       5206.542    0.000  -0.139   0.381   0.
  2017 352 13  8 30 513 352.547575391      -1.08      2.94     -0.51  0.       -3903.531       6818.952       5205.316    0.000  -0.139   0.381   0.
  2017 352 13  8 31 513 352.547586965      -1.21      3.55     -1.60  0.       -3904.560       6818.916       5204.089    0.000  -0.139   0.381   0.
  2017 352 13  8 32 513 352.547598539      -1.01      2.33     -1.71  0.       -3905.590       6818.879       5202.862    0.000  -0.139   0.381   0.
  2017 352 13  8 33 513 352.547610113      -0.52      2.65     -1.42  0.       -3906.619       6818.842       5201.635    0.000  -0.139   0.381   0.
  2017 352 13  8 34 513 352.547621687      -0.39      3.29     -0.58  0.       -3907.648       6818.805       5200.408    0.000  -0.139   0.381   0.
  2017 352 13  8 35 513 352.547633261      -0.19      3.28     -1.68  0.       -3908.677       6818.767       5199.180    0.000  -0.139   0.381   0.
  2017 352 13  8 36 513 352.547644835      -1.48      1.77     -2.04  0.       -3909.705       6818.729       5197.952    0.000  -0.139   0.381   0.
  2017 352 13  8 37 513 352.547656409      -1.98      3.05     -2.09  0.       -3910.734       6818.690       5196.724    0.000  -0.139   0.381   0.
  2017 352 13  8 38 513 352.547667983      -2.27      1.83     -1.43  0.       -3911.762       6818.652       5195.495    0.000  -0.139   0.381   0.
  2017 352 13  8 39 513 352.547679557      -2.24      2.54     -0.57  0.       -3912.790       6818.613       5194.267    0.000  -0.139   0.381   0.
  2017 352 13  8 40 513 352.547691131      -2.78      3.75     -1.28  0.       -3913.818       6818.573       5193.038    0.000  -0.139   0.381   0.
  2017 352 13  8 41 513 352.547702705      -1.85      3.18     -1.88  0.       -3914.845       6818.533       5191.808    0.000  -0.139   0.381   0.
  2017 352 13  8 42 513 352.547714280      -0.94      3.73     -3.76  0.       -3915.873       6818.493       5190.579    0.000  -0.139   0.381   0.
  2017 352 13  8 43 513 352.547725854      -1.74      1.95     -2.81  0.       -3916.900       6818.453       5189.349    0.000  -0.139   0.381   0.
  2017 352 13  8 44 513 352.547737428      -1.68      1.91     -1.23  0.       -3917.927       6818.412       5188.119    0.000  -0.139   0.381   0.
  2017 352 13  8 45 513 352.547749002      -0.79      3.09     -0.22  0.       -3918.954       6818.371       5186.888    0.000  -0.139   0.381   0.
  2017 352 13  8 46 513 352.547760576      -0.16      3.09     -0.84  0.       -3919.980       6818.329       5185.658    0.000  -0.139   0.381   0.
  2017 352 13  8 47 513 352.547772150      -0.19      2.48     -2.91  0.       -3921.007       6818.287       5184.427    0.000  -0.139   0.381   0.
  2017 352 13  8 48 513 352.547783724      -1.19      3.29     -3.04  0.       -3922.033       6818.245       5183.196    0.000  -0.139   0.381   0.
  2017 352 13  8 49 513 352.547795298      -1.54      3.10     -2.45  0.       -3923.059       6818.203       5181.964    0.000  -0.139   0.381   0.
  2017 352 13  8 50 513 352.547806872      -1.76      2.91     -2.27  0.       -3924.084       6818.160       5180.733    0.000  -0.139   0.381   0.
  2017 352 13  8 51 513 352.547818446      -1.60      3.01     -2.79  0.       -3925.110       6818.116       5179.501    0.000  -0.139   0.381   0.
  2017 352 13  8 52 513 352.547830020      -1.60      2.32     -3.12  0.       -3926.135       6818.073       5178.269    0.000  -0.139   0.381   0.
  2017 352 13  8 53 513 352.547841594      -0.76      1.67     -3.01  0.       -3927.161       6818.029       5177.036    0.000  -0.139   0.381   0.
  2017 352 13  8 54 513 352.547853168      -1.28      2.21     -1.90  0.       -3928.186       6817.985       5175.803    0.000  -0.139   0.381   0.
  2017 352 13  8 55 513 352.547864742      -2.45      2.47     -1.44  0.       -3929.210       6817.940       5174.570    0.000  -0.139   0.381   0.
  2017 352 13  8 56 513 352.547876317      -1.61      2.53     -1.61  0.       -3930.235       6817.895       5173.337    0.000  -0.139   0.381   0.
  2017 352 13  8 57 513 352.547887891      -0.93      2.70     -1.86  0.       -3931.259       6817.850       5172.103    0.000  -0.139   0.381   0.
  2017 352 13  8 58 513 352.547899465      -0.94      3.45     -3.06  0.       -3932.283       6817.804       5170.870    0.000  -0.139   0.381   0.
  2017 352 13  8 59 513 352.547911038      -1.27      4.05     -2.82  0.       -3933.307       6817.758       5169.636    0.000  -0.139   0.381   0.
  2017 352 13  9  0 513 352.547922610      -1.85      4.26     -3.02  0.       -3934.331       6817.711       5168.401    0.000  -0.139   0.381   0.
  2017 352 13  9  1 513 352.547934184      -1.66      3.43     -3.06  0.       -3935.355       6817.665       5167.167    0.000  -0.139   0.381   0.
  2017 352 13  9  2 513 352.547945758      -1.09      3.50     -3.79  0.       -3936.378       6817.617       5165.932    0.000  -0.139   0.381   0.
  2017 352 13  9  3 513 352.547957332      -2.06      3.70     -2.40  0.       -3937.401       6817.570       5164.697    0.000  -0.139   0.381   0.
  2017 352 13  9  4 513 352.547968906      -2.10      3.03     -2.29  0.       -3938.424       6817.522       5163.461    0.000  -0.139   0.381   0.
  2017 352 13  9  5 513 352.547980480      -1.85      2.44     -3.12  0.       -3939.447       6817.474       5162.226    0.000  -0.139   0.381   0.
  2017 352 13  9  6 513 352.547992054      -1.77      1.71     -2.66  0.       -3940.469       6817.425       5160.990    0.000  -0.139   0.381   0.
  2017 352 13  9  7 513 352.548003628      -1.57      1.63     -1.07  0.       -3941.492       6817.377       5159.753    0.000  -0.139   0.381   0.
  2017 352 13  9  8 513 352.548015203      -0.70      1.83     -0.99  0.       -3942.514       6817.327       5158.517    0.000  -0.139   0.381   0.
  2017 352 13  9  9 513 352.548026777      -0.63      1.92     -1.43  0.       -3943.536       6817.278       5157.280    0.000  -0.139   0.381   0.
  2017 352 13  9 10 513 352.548038351      -1.20      1.29     -0.61  0.       -3944.557       6817.228       5156.043    0.000  -0.139   0.381   0.
  2017 352 13  9 11 513 352.548049925      -0.91      1.61     -1.83  0.       -3945.579       6817.178       5154.806    0.000  -0.139   0.381   0.
  2017 352 13  9 12 513 352.548061499      -1.81      0.49     -1.60  0.       -3946.600       6817.127       5153.568    0.000  -0.139   0.381   0.
  2017 352 13  9 13 513 352.548073073      -1.71      1.28     -1.27  0.       -3947.621       6817.076       5152.331    0.000  -0.139   0.381   0.
  2017 352 13  9 14 513 352.548084647      -1.94      3.08     -0.45  0.       -3948.642       6817.025       5151.093    0.000  -0.139   0.381   0.
  2017 352 13  9 15 513 352.548096221      -1.98      2.92     -1.95  0.       -3949.663       6816.973       5149.854    0.000  -0.139   0.381   0.
  2017 352 13  9 16 513 352.548107795      -2.05      2.71     -1.38  0.       -3950.684       6816.921       5148.616    0.000  -0.139   0.381   0.
  2017 352 13  9 17 513 352.548119369      -2.11      2.85     -0.50  0.       -3951.704       6816.869       5147.377    0.000  -0.139   0.381   0.
  2017 352 13  9 18 513 352.548130943      -2.82      1.82      0.12  0.       -3952.724       6816.816       5146.138    0.000  -0.139   0.381   0.
  2017 352 13  9 19 513 352.548142517      -2.62      1.16     -2.00  0.       -3953.744       6816.763       5144.898    0.000  -0.139   0.381   0.
  2017 352 13  9 20 513 352.548154091      -2.98      1.29     -2.86  0.       -3954.764       6816.710       5143.659    0.000  -0.139   0.381   0.
  2017 352 13  9 21 513 352.548165665      -2.41      1.40     -1.87  0.       -3955.783       6816.656       5142.419    0.000  -0.139   0.381   0.
  2017 352 13  9 22 513 352.548177240      -1.11      2.60     -2.19  0.       -3956.802       6816.602       5141.179    0.000  -0.139   0.381   0.
  2017 352 13  9 23 513 352.548188814      -0.48      2.13     -3.24  0.       -3957.822       6816.547       5139.938    0.000  -0.139   0.381   0.
  2017 352 13  9 24 513 352.548200388      -0.85      1.91     -2.77  0.       -3958.841       6816.492       5138.698    0.000  -0.139   0.381   0.
  2017 352 13  9 25 513 352.548211962      -0.35      2.55     -2.26  0.       -3959.859       6816.437       5137.457    0.000  -0.139   0.381   0.
  2017 352 13  9 26 513 352.548223536      -1.04      3.11     -2.93  0.       -3960.878       6816.382       5136.215    0.000  -0.139   0.381   0.
  2017 352 13  9 27 513 352.548235110      -1.75      1.54     -2.81  0.       -3961.896       6816.326       5134.974    0.000  -0.139   0.381   0.
  2017 352 13  9 28 513 352.548246684      -0.34      1.44     -1.16  0.       -3962.914       6816.270       5133.732    0.000  -0.139   0.381   0.
  2017 352 13  9 29 513 352.548258258      -0.48      2.06     -0.11  0.       -3963.932       6816.213       5132.490    0.000  -0.139   0.381   0.
  2017 352 13  9 30 513 352.548269829      -0.17      2.04     -0.61  0.       -3964.949       6816.156       5131.248    0.000  -0.139   0.381   0.
  2017 352 13  9 31 513 352.548281403       0.23      2.28     -1.70  0.       -3965.967       6816.099       5130.005    0.000  -0.139   0.381   0.
  2017 352 13  9 32 513 352.548292977      -0.22      2.11     -1.91  0.       -3966.984       6816.041       5128.762    0.000  -0.139   0.381   0.
  2017 352 13  9 33 513 352.548304552      -0.36      2.11     -2.14  0.       -3968.001       6815.983       5127.519    0.000  -0.139   0.381   0.
  2017 352 13  9 34 513 352.548316126      -0.17      1.70     -1.84  0.       -3969.018       6815.925       5126.276    0.000  -0.139   0.381   0.
  2017 352 13  9 35 513 352.548327700       0.18      1.60     -1.85  0.       -3970.035       6815.866       5125.032    0.000  -0.139   0.381   0.
  2017 352 13  9 36 513 352.548339274       0.20      1.59     -1.30  0.       -3971.051       6815.807       5123.789    0.000  -0.139   0.381   0.
  2017 352 13  9 37 513 352.548350848      -0.30      2.30     -1.02  0.       -3972.068       6815.748       5122.544    0.000  -0.139   0.381   0.
  2017 352 13  9 38 513 352.548362422      -0.44      2.09     -1.52  0.       -3973.083       6815.688       5121.300    0.000  -0.139   0.381   0.
  2017 352 13  9 39 513 352.548373996      -0.05      2.22     -1.55  0.       -3974.099       6815.628       5120.055    0.000  -0.139   0.381   0.
  2017 352 13  9 40 513 352.548385570       0.15      3.09     -1.88  0.       -3975.115       6815.568       5118.810    0.000  -0.139   0.381   0.
  2017 352 13  9 41 513 352.548397144      -0.67      2.57     -2.32  0.       -3976.130       6815.507       5117.565    0.000  -0.139   0.381   0.
  2017 352 13  9 42 513 352.548408718      -1.13      2.21     -1.68  0.       -3977.146       6815.446       5116.320    0.000  -0.139   0.381   0.
  2017 352 13  9 43 513 352.548420292      -0.96      2.02     -1.69  0.       -3978.161       6815.384       5115.074    0.000  -0.139   0.381   0.
  2017 352 13  9 44 513 352.548431866      -0.75      1.92     -1.76  0.       -3979.176       6815.323       5113.828    0.000  -0.139   0.381   0.
  2017 352 13  9 45 513 352.548443440      -0.71      1.82     -2.19  0.       -3980.190       6815.260       5112.582    0.000  -0.139   0.381   0.
  2017 352 13  9 46 513 352.548455014      -1.34      2.27     -2.21  0.       -3981.204       6815.198       5111.335    0.000  -0.139   0.381   0.
  2017 352 13  9 47 513 352.548466589      -1.15      3.06     -1.51  0.       -3982.219       6815.135       5110.089    0.000  -0.139   0.381   0.
  2017 352 13  9 48 513 352.548478163      -0.17      2.97     -2.08  0.       -3983.233       6815.072       5108.841    0.000  -0.139   0.381   0.
  2017 352 13  9 49 513 352.548489737      -0.13      2.75     -2.80  0.       -3984.246       6815.008       5107.594    0.000  -0.139   0.381   0.
  2017 352 13  9 50 513 352.548501311      -1.29      2.36     -2.30  0.       -3985.260       6814.944       5106.346    0.000  -0.139   0.381   0.
  2017 352 13  9 51 513 352.548512885      -2.24      1.09     -1.45  0.       -3986.274       6814.880       5105.099    0.000  -0.139   0.381   0.
  2017 352 13  9 52 513 352.548524459      -2.16      0.33     -0.51  0.       -3987.287       6814.815       5103.851    0.000  -0.139   0.381   0.
  2017 352 13  9 53 513 352.548536033      -1.53      1.39     -1.01  0.       -3988.300       6814.750       5102.602    0.000  -0.139   0.381   0.
  2017 352 13  9 54 513 352.548547607      -1.74      2.81     -1.32  0.       -3989.312       6814.685       5101.354    0.000  -0.139   0.381   0.
  2017 352 13  9 55 513 352.548559181      -1.40      1.58     -1.64  0.       -3990.325       6814.619       5100.105    0.000  -0.139   0.381   0.
  2017 352 13  9 56 513 352.548570755      -1.47      0.99     -0.76  0.       -3991.337       6814.553       5098.856    0.000  -0.139   0.381   0.
  2017 352 13  9 57 513 352.548582329      -0.73      1.74     -0.75  0.       -3992.349       6814.487       5097.606    0.000  -0.139   0.381   0.
  2017 352 13  9 58 513 352.548593903      -0.58      1.93     -1.59  0.       -3993.361       6814.420       5096.357    0.000  -0.139   0.381   0.
  2017 352 13  9 59 512 352.548605477      -0.75      1.62     -1.92  0.       -3994.373       6814.353       5095.107    0.000  -0.139   0.381   0.
  2017 352 13 10  0 512 352.548617049      -1.41      1.77     -1.28  0.       -3995.385       6814.286       5093.857    0.000  -0.139   0.381   0.
  2017 352 13 10  1 513 352.548628623      -2.04      2.42     -1.35  0.       -3996.396       6814.218       5092.606    0.000  -0.139   0.381   0.
  2017 352 13 10  2 513 352.548640197      -2.25      2.24     -1.55  0.       -3997.407       6814.150       5091.356    0.000  -0.139   0.381   0.
  2017 352 13 10  3 513 352.548651771      -1.36      1.46     -1.30  0.       -3998.418       6814.081       5090.105    0.000  -0.139   0.381   0.
  2017 352 13 10  4 513 352.548663345      -0.17      1.89     -0.47  0.       -3999.429       6814.012       5088.853    0.000  -0.139   0.381   0.
  2017 352 13 10  5 513 352.548674919       0.08      2.45     -1.29  0.       -4000.439       6813.943       5087.602    0.000  -0.139   0.381   0.
  2017 352 13 10  6 512 352.548686493      -0.98      2.42     -1.26  0.       -4001.449       6813.874       5086.350    0.000  -0.139   0.381   0.
  2017 352 13 10  7 512 352.548698067      -1.74      2.17     -1.45  0.       -4002.459       6813.804       5085.098    0.000  -0.139   0.381   0.
  2017 352 13 10  8 512 352.548709641      -2.37      1.94     -0.79  0.       -4003.469       6813.733       5083.846    0.000  -0.139   0.381   0.
  2017 352 13 10  9 512 352.548721215      -1.87      1.93     -0.17  0.       -4004.479       6813.663       5082.593    0.000  -0.139   0.381   0.
  2017 352 13 10 10 513 352.548732789      -0.46      3.28     -0.75  0.       -4005.488       6813.592       5081.340    0.000  -0.139   0.381   0.
  2017 352 13 10 11 513 352.548744363      -0.56      1.48     -1.23  0.       -4006.498       6813.521       5080.087    0.000  -0.139   0.381   0.
  2017 352 13 10 12 513 352.548755937      -0.79      2.36     -1.23  0.       -4007.507       6813.449       5078.834    0.000  -0.139   0.381   0.
  2017 352 13 10 13 512 352.548767512      -0.15      2.02     -0.11  0.       -4008.516       6813.377       5077.580    0.000  -0.139   0.381   0.
  2017 352 13 10 14 513 352.548779086      -0.58      2.27      0.60  0.       -4009.524       6813.305       5076.327    0.000  -0.139   0.381   0.
  2017 352 13 10 15 513 352.548790660      -0.81      2.67      1.20  0.       -4010.532       6813.232       5075.072    0.000  -0.139   0.381   0.
  2017 352 13 10 16 513 352.548802234      -0.91      2.85     -1.47  0.       -4011.541       6813.159       5073.818    0.000  -0.139   0.381   0.
  2017 352 13 10 17 513 352.548813808      -1.44      1.77     -3.23  0.       -4012.549       6813.085       5072.563    0.000  -0.139   0.381   0.
  2017 352 13 10 18 513 352.548825382      -0.53      1.36     -2.17  0.       -4013.556       6813.012       5071.309    0.000  -0.139   0.381   0.
  2017 352 13 10 19 512 352.548836956      -0.10      1.83     -2.38  0.       -4014.564       6812.938       5070.053    0.000  -0.139   0.381   0.
  2017 352 13 10 20 512 352.548848530      -0.97      2.19     -3.12  0.       -4015.572       6812.863       5068.798    0.000  -0.139   0.381   0.
  2017 352 13 10 21 512 352.548860104      -1.10      2.56     -1.81  0.       -4016.579       6812.788       5067.542    0.000  -0.139   0.381   0.
  2017 352 13 10 22 512 352.548871678      -1.21      2.23     -1.38  0.       -4017.586       6812.713       5066.286    0.000  -0.139   0.381   0.
  2017 352 13 10 23 512 352.548883252      -2.36      1.84     -1.39  0.       -4018.593       6812.638       5065.030    0.000  -0.139   0.381   0.
  2017 352 13 10 24 513 352.548894826      -1.88      1.45     -0.50  0.       -4019.599       6812.562       5063.774    0.000  -0.139   0.381   0.
  2017 352 13 10 25 513 352.548906400      -0.84      2.09     -0.70  0.       -4020.605       6812.485       5062.517    0.000  -0.139   0.381   0.
  2017 352 13 10 26 512 352.548917975      -0.52      2.25     -0.98  0.       -4021.612       6812.409       5061.260    0.000  -0.139   0.381   0.
  2017 352 13 10 27 512 352.548929549      -0.75      2.66     -0.81  0.       -4022.618       6812.332       5060.002    0.000  -0.139   0.381   0.
  2017 352 13 10 28 513 352.548941123      -0.53      2.73     -2.75  0.       -4023.623       6812.255       5058.745    0.000  -0.139   0.381   0.
  2017 352 13 10 29 513 352.548952697      -0.59      1.38     -2.42  0.       -4024.629       6812.177       5057.487    0.000  -0.139   0.381   0.
  2017 352 13 10 30 512 352.548964268      -0.17      1.28     -2.06  0.       -4025.634       6812.099       5056.229    0.000  -0.139   0.381   0.
  2017 352 13 10 31 512 352.548975842      -0.52      1.18     -0.92  0.       -4026.639       6812.021       5054.971    0.000  -0.139   0.381   0.
  2017 352 13 10 32 512 352.548987416      -0.83      0.92      0.55  0.       -4027.644       6811.942       5053.712    0.000  -0.139   0.381   0.
  2017 352 13 10 33 512 352.548998990      -0.37      1.24     -0.21  0.       -4028.649       6811.863       5052.453    0.000  -0.139   0.381   0.
  2017 352 13 10 34 512 352.549010564      -0.18      1.37     -0.52  0.       -4029.653       6811.784       5051.194    0.000  -0.139   0.381   0.
  2017 352 13 10 35 512 352.549022138      -0.31      1.54      0.08  0.       -4030.657       6811.703       5049.935    0.000  -0.139   0.381   0.
  2017 352 13 10 36 512 352.549033712      -0.72      2.11      0.46  0.       -4031.662       6811.623       5048.675    0.000  -0.139   0.381   0.
  2017 352 13 10 37 512 352.549045286      -1.27      2.77     -0.55  0.       -4032.665       6811.543       5047.415    0.000  -0.139   0.381   0.
  2017 352 13 10 38 512 352.549056861      -1.94      3.08     -1.52  0.       -4033.669       6811.462       5046.155    0.000  -0.139   0.381   0.
  2017 352 13 10 39 512 352.549068435      -1.21      3.15     -0.64  0.       -4034.672       6811.381       5044.895    0.000  -0.139   0.381   0.
  2017 352 13 10 40 512 352.549080009      -0.93      2.43     -1.77  0.       -4035.676       6811.300       5043.634    0.000  -0.139   0.381   0.
  2017 352 13 10 41 512 352.549091583      -1.28      2.17     -2.45  0.       -4036.679       6811.218       5042.373    0.000  -0.139   0.381   0.
  2017 352 13 10 42 512 352.549103157      -0.27      2.52     -2.07  0.       -4037.682       6811.136       5041.112    0.000  -0.139   0.381   0.
  2017 352 13 10 43 512 352.549114731       0.18      2.17     -1.88  0.       -4038.684       6811.053       5039.851    0.000  -0.139   0.381   0.
  2017 352 13 10 44 512 352.549126305       0.23      1.71     -1.81  0.       -4039.686       6810.970       5038.589    0.000  -0.139   0.381   0.
  2017 352 13 10 45 512 352.549137879      -0.07      1.97     -1.96  0.       -4040.689       6810.887       5037.327    0.000  -0.139   0.381   0.
  2017 352 13 10 46 512 352.549149453      -1.59      1.76     -1.60  0.       -4041.691       6810.803       5036.065    0.000  -0.139   0.381   0.
  2017 352 13 10 47 512 352.549161027      -2.21      1.95     -1.14  0.       -4042.692       6810.719       5034.802    0.000  -0.139   0.381   0.
  2017 352 13 10 48 512 352.549172601      -2.50      2.48     -1.53  0.       -4043.694       6810.635       5033.539    0.000  -0.139   0.381   0.
  2017 352 13 10 49 512 352.549184175      -1.94      1.66     -0.92  0.       -4044.695       6810.550       5032.276    0.000  -0.139   0.381   0.
  2017 352 13 10 50 512 352.549195749      -1.61      1.58      0.51  0.       -4045.696       6810.465       5031.013    0.000  -0.139   0.381   0.
  2017 352 13 10 51 512 352.549207323      -1.71      2.99     -0.53  0.       -4046.697       6810.380       5029.749    0.000  -0.139   0.381   0.
  2017 352 13 10 52 512 352.549218898      -2.14      2.25     -1.25  0.       -4047.698       6810.294       5028.485    0.000  -0.139   0.381   0.
  2017 352 13 10 53 512 352.549230472      -2.16      2.44     -0.89  0.       -4048.699       6810.208       5027.221    0.000  -0.139   0.381   0.
  2017 352 13 10 54 512 352.549242046      -1.95      3.82     -2.53  0.       -4049.699       6810.121       5025.957    0.000  -0.139   0.381   0.
  2017 352 13 10 55 512 352.549253620      -2.64      3.02     -2.85  0.       -4050.699       6810.035       5024.693    0.000  -0.139   0.381   0.
  2017 352 13 10 56 512 352.549265194      -2.52      1.91     -1.01  0.       -4051.699       6809.947       5023.428    0.000  -0.139   0.381   0.
  2017 352 13 10 57 512 352.549276768      -2.13      2.31     -0.93  0.       -4052.698       6809.860       5022.163    0.000  -0.139   0.381   0.
  2017 352 13 10 58 512 352.549288342      -1.22      2.96     -1.98  0.       -4053.698       6809.772       5020.897    0.000  -0.139   0.381   0.
  2017 352 13 10 59 512 352.549299916      -1.06      2.64     -2.22  0.       -4054.697       6809.684       5019.632    0.000  -0.139   0.381   0.
  2017 352 13 11  0 512 352.549311487      -1.06      2.32     -2.37  0.       -4055.696       6809.595       5018.366    0.000  -0.139   0.381   0.
  2017 352 13 11  1 512 352.549323061      -1.17      1.18     -2.05  0.       -4056.695       6809.506       5017.100    0.000  -0.139   0.381   0.
  2017 352 13 11  2 512 352.549334635      -1.49      1.00     -0.52  0.       -4057.694       6809.417       5015.833    0.000  -0.139   0.381   0.
  2017 352 13 11  3 512 352.549346210      -1.61      1.53     -0.06  0.       -4058.692       6809.327       5014.567    0.000  -0.139   0.381   0.
  2017 352 13 11  4 512 352.549357784      -2.40      2.92     -0.37  0.       -4059.690       6809.237       5013.300    0.000  -0.139   0.381   0.
  2017 352 13 11  5 512 352.549369358      -2.59      3.46     -0.93  0.       -4060.688       6809.147       5012.033    0.000  -0.139   0.381   0.
  2017 352 13 11  6 512 352.549380932      -2.67      2.97     -2.43  0.       -4061.686       6809.056       5010.765    0.000  -0.139   0.381   0.
  2017 352 13 11  7 512 352.549392506      -2.57      2.80     -3.21  0.       -4062.683       6808.965       5009.497    0.000  -0.139   0.381   0.
  2017 352 13 11  8 512 352.549404080      -3.24      3.56     -1.93  0.       -4063.681       6808.874       5008.229    0.000  -0.139   0.381   0.
  2017 352 13 11  9 512 352.549415654      -2.89      2.45     -0.08  0.       -4064.678       6808.782       5006.961    0.000  -0.139   0.381   0.
  2017 352 13 11 10 512 352.549427228      -2.26      1.44     -0.31  0.       -4065.675       6808.690       5005.693    0.000  -0.139   0.381   0.
  2017 352 13 11 11 512 352.549438802      -0.87      2.28     -1.65  0.       -4066.672       6808.598       5004.424    0.000  -0.139   0.381   0.
  2017 352 13 11 12 512 352.549450376      -1.41      2.21     -0.21  0.       -4067.668       6808.505       5003.155    0.000  -0.139   0.381   0.
  2017 352 13 11 13 512 352.549461950      -1.29      2.61      0.38  0.       -4068.664       6808.412       5001.886    0.000  -0.139   0.381   0.
  2017 352 13 11 14 512 352.549473524      -0.64      3.11     -1.01  0.       -4069.660       6808.318       5000.616    0.000  -0.139   0.381   0.
  2017 352 13 11 15 512 352.549485098      -1.49      2.46     -2.35  0.       -4070.656       6808.224       4999.346    0.000  -0.139   0.381   0.
  2017 352 13 11 16 512 352.549496673      -2.82      1.66     -1.54  0.       -4071.652       6808.130       4998.076    0.000  -0.139   0.381   0.
  2017 352 13 11 17 512 352.549508247      -2.86      1.66     -1.04  0.       -4072.647       6808.035       4996.806    0.000  -0.139   0.381   0.
  2017 352 13 11 18 512 352.549519821      -2.14      1.04     -0.37  0.       -4073.643       6807.940       4995.535    0.000  -0.139   0.381   0.
  2017 352 13 11 19 512 352.549531395      -1.89      1.98     -0.36  0.       -4074.638       6807.845       4994.265    0.000  -0.139   0.381   0.
  2017 352 13 11 20 512 352.549542969      -2.65      2.72      0.66  0.       -4075.632       6807.750       4992.993    0.000  -0.139   0.381   0.
  2017 352 13 11 21 512 352.549554543      -2.62      3.05      0.52  0.       -4076.627       6807.653       4991.722    0.000  -0.139   0.381   0.
  2017 352 13 11 22 512 352.549566117      -2.10      2.56      0.21  0.       -4077.622       6807.557       4990.451    0.000  -0.139   0.381   0.
  2017 352 13 11 23 512 352.549577691      -2.12      2.90     -0.69  0.       -4078.616       6807.460       4989.179    0.000  -0.139   0.381   0.
  2017 352 13 11 24 512 352.549589265      -1.38      2.78     -0.19  0.       -4079.610       6807.363       4987.907    0.000  -0.139   0.381   0.
  2017 352 13 11 25 512 352.549600839      -1.69      2.11      0.42  0.       -4080.603       6807.266       4986.634    0.000  -0.139   0.381   0.
  2017 352 13 11 26 512 352.549612413      -1.38      2.56     -0.21  0.       -4081.597       6807.168       4985.361    0.000  -0.139   0.381   0.
  2017 352 13 11 27 512 352.549623987      -1.29      2.36     -1.14  0.       -4082.590       6807.070       4984.089    0.000  -0.139   0.381   0.
  2017 352 13 11 28 512 352.549635561      -1.02      2.26     -0.92  0.       -4083.583       6806.972       4982.815    0.000  -0.139   0.381   0.
  2017 352 13 11 29 512 352.549647135      -1.80      2.31      0.23  0.       -4084.576       6806.873       4981.542    0.000  -0.139   0.381   0.
  2017 352 13 11 30 512 352.549658707      -1.98      2.87      0.53  0.       -4085.569       6806.774       4980.268    0.000  -0.139   0.381   0.
  2017 352 13 11 31 512 352.549670281      -2.31      2.71      0.46  0.       -4086.561       6806.674       4978.994    0.000  -0.139   0.381   0.
  2017 352 13 11 32 512 352.549681855      -1.49      1.77      0.07  0.       -4087.553       6806.574       4977.720    0.000  -0.139   0.381   0.
  2017 352 13 11 33 512 352.549693429      -0.75      1.74     -1.25  0.       -4088.545       6806.474       4976.446    0.000  -0.139   0.381   0.
  2017 352 13 11 34 512 352.549705003      -0.91      1.59     -1.14  0.       -4089.537       6806.373       4975.171    0.000  -0.139   0.381   0.
  2017 352 13 11 35 512 352.549716577      -1.21      1.85     -0.87  0.       -4090.529       6806.272       4973.896    0.000  -0.139   0.381   0.
  2017 352 13 11 36 512 352.549728151      -1.67      2.69     -0.81  0.       -4091.520       6806.171       4972.621    0.000  -0.139   0.381   0.
  2017 352 13 11 37 512 352.549739725      -2.58      2.51      0.12  0.       -4092.512       6806.069       4971.345    0.000  -0.139   0.381   0.
  2017 352 13 11 38 512 352.549751299      -2.00      2.26      0.31  0.       -4093.503       6805.967       4970.069    0.000  -0.139   0.381   0.
  2017 352 13 11 39 512 352.549762873      -1.37      2.49     -0.09  0.       -4094.494       6805.865       4968.793    0.000  -0.139   0.381   0.
  2017 352 13 11 40 512 352.549774447      -1.25      2.18     -1.76  0.       -4095.484       6805.762       4967.517    0.000  -0.139   0.381   0.
  2017 352 13 11 41 512 352.549786021      -2.47      2.44     -1.13  0.       -4096.474       6805.659       4966.241    0.000  -0.139   0.381   0.
  2017 352 13 11 42 512 352.549797595      -2.66      2.23      0.16  0.       -4097.465       6805.556       4964.964    0.000  -0.139   0.381   0.
  2017 352 13 11 43 512 352.549809170      -2.32      1.84      0.33  0.       -4098.455       6805.452       4963.687    0.000  -0.139   0.381   0.
  2017 352 13 11 44 512 352.549820744      -1.82      1.17     -0.96  0.       -4099.444       6805.348       4962.410    0.000  -0.139   0.381   0.
  2017 352 13 11 45 512 352.549832318      -1.20      1.00     -1.11  0.       -4100.434       6805.243       4961.132    0.000  -0.139   0.381   0.
  2017 352 13 11 46 512 352.549843892      -0.59      1.26     -1.62  0.       -4101.423       6805.139       4959.854    0.000  -0.139   0.381   0.
  2017 352 13 11 47 512 352.549855466      -0.29      1.78     -2.31  0.       -4102.412       6805.033       4958.576    0.000  -0.139   0.381   0.
  2017 352 13 11 48 512 352.549867040      -0.22      2.57     -2.20  0.       -4103.401       6804.928       4957.298    0.000  -0.139   0.381   0.
  2017 352 13 11 49 512 352.549878614      -0.34      2.82     -1.28  0.       -4104.390       6804.822       4956.019    0.000  -0.139   0.381   0.
  2017 352 13 11 50 512 352.549890188      -0.95      2.35     -1.71  0.       -4105.378       6804.716       4954.740    0.000  -0.139   0.381   0.
  2017 352 13 11 51 512 352.549901762      -0.51      1.75     -1.88  0.       -4106.366       6804.609       4953.461    0.000  -0.139   0.381   0.
  2017 352 13 11 52 512 352.549913336      -0.29      1.88     -1.78  0.       -4107.354       6804.502       4952.182    0.000  -0.139   0.381   0.
  2017 352 13 11 53 512 352.549924910       0.21      2.08     -2.13  0.       -4108.342       6804.395       4950.902    0.000  -0.139   0.381   0.
  2017 352 13 11 54 512 352.549936484       0.72      1.96     -1.65  0.       -4109.330       6804.287       4949.622    0.000  -0.139   0.381   0.
  2017 352 13 11 55 512 352.549948058       0.86      1.60     -1.30  0.       -4110.317       6804.179       4948.342    0.000  -0.139   0.381   0.
  2017 352 13 11 56 512 352.549959633       1.05      1.66     -1.03  0.       -4111.304       6804.070       4947.062    0.000  -0.139   0.381   0.
  2017 352 13 11 57 512 352.549971207       0.55      1.93     -0.92  0.       -4112.291       6803.962       4945.781    0.000  -0.139   0.381   0.
  2017 352 13 11 58 512 352.549982781      -0.73      1.37     -0.66  0.       -4113.278       6803.853       4944.500    0.000  -0.139   0.381   0.
  2017 352 13 11 59 512 352.549994355      -1.06      1.00     -0.44  0.       -4114.264       6803.743       4943.219    0.000  -0.139   0.381   0.
  2017 352 13 12  0 512 352.550005929      -1.57      1.26     -1.56  0.       -4115.250       6803.633       4941.937    0.000  -0.139   0.381   0.
  2017 352 13 12  1 511 352.550017502      -0.98      1.57     -2.87  0.       -4116.236       6803.523       4940.656    0.000  -0.139   0.381   0.
  2017 352 13 12  2 511 352.550029074      -0.15      2.26     -2.23  0.       -4117.222       6803.413       4939.374    0.000  -0.139   0.381   0.
  2017 352 13 12  3 511 352.550040648       0.19      2.47     -1.08  0.       -4118.208       6803.302       4938.091    0.000  -0.139   0.381   0.
  2017 352 13 12  4 511 352.550052222      -0.32      2.03     -0.74  0.       -4119.193       6803.191       4936.809    0.000  -0.139   0.381   0.
  2017 352 13 12  5 511 352.550063796      -0.34      2.17     -0.45  0.       -4120.179       6803.079       4935.526    0.000  -0.139   0.381   0.
  2017 352 13 12  6 512 352.550075370      -0.87      2.20     -0.32  0.       -4121.163       6802.967       4934.243    0.000  -0.139   0.381   0.
  2017 352 13 12  7 512 352.550086944      -0.61      2.01     -1.37  0.       -4122.148       6802.855       4932.960    0.000  -0.139   0.381   0.
  2017 352 13 12  8 511 352.550098519      -0.52      1.87     -1.91  0.       -4123.133       6802.742       4931.676    0.000  -0.139   0.381   0.
  2017 352 13 12  9 511 352.550110093      -0.15      2.21     -0.23  0.       -4124.117       6802.629       4930.393    0.000  -0.139   0.381   0.
  2017 352 13 12 10 512 352.550121667      -0.54      2.10     -0.52  0.       -4125.101       6802.516       4929.109    0.000  -0.139   0.381   0.
  2017 352 13 12 11 512 352.550133241      -1.77      2.38     -0.37  0.       -4126.085       6802.402       4927.824    0.000  -0.139   0.381   0.
  2017 352 13 12 12 512 352.550144815      -1.08      1.85      0.08  0.       -4127.069       6802.288       4926.540    0.000  -0.139   0.381   0.
  2017 352 13 12 13 512 352.550156389      -0.31      2.17     -0.39  0.       -4128.052       6802.173       4925.255    0.000  -0.139   0.381   0.
  2017 352 13 12 14 512 352.550167963      -0.41      2.28     -1.16  0.       -4129.036       6802.059       4923.970    0.000  -0.139   0.381   0.
  2017 352 13 12 15 511 352.550179537      -1.44      1.55     -1.42  0.       -4130.019       6801.943       4922.685    0.000  -0.139   0.381   0.
  2017 352 13 12 16 511 352.550191111      -1.49      2.16     -1.37  0.       -4131.002       6801.828       4921.399    0.000  -0.139   0.381   0.
  2017 352 13 12 17 511 352.550202685      -1.04      2.76     -1.08  0.       -4131.984       6801.712       4920.113    0.000  -0.139   0.381   0.
  2017 352 13 12 18 511 352.550214259      -1.08      2.46     -1.42  0.       -4132.967       6801.596       4918.827    0.000  -0.139   0.381   0.
  2017 352 13 12 19 511 352.550225833      -1.02      2.03     -1.02  0.       -4133.949       6801.479       4917.541    0.000  -0.139   0.381   0.
  2017 352 13 12 20 512 352.550237407      -1.45      2.57     -2.05  0.       -4134.931       6801.362       4916.254    0.000  -0.139   0.381   0.
  2017 352 13 12 21 512 352.550248981      -2.26      2.73     -1.07  0.       -4135.913       6801.245       4914.967    0.000  -0.139   0.381   0.
  2017 352 13 12 22 511 352.550260556      -2.17      1.57     -0.61  0.       -4136.894       6801.127       4913.680    0.000  -0.139   0.381   0.
  2017 352 13 12 23 511 352.550272130      -0.85      1.21     -1.27  0.       -4137.875       6801.009       4912.393    0.000  -0.139   0.381   0.
  2017 352 13 12 24 512 352.550283704       0.18      2.52     -1.85  0.       -4138.856       6800.891       4911.105    0.000  -0.139   0.381   0.
  2017 352 13 12 25 512 352.550295278      -0.58      2.52     -1.84  0.       -4139.837       6800.772       4909.818    0.000  -0.139   0.381   0.
  2017 352 13 12 26 512 352.550306852      -1.20      2.02     -2.05  0.       -4140.818       6800.653       4908.529    0.000  -0.139   0.381   0.
  2017 352 13 12 27 512 352.550318426      -1.17      2.60     -1.78  0.       -4141.798       6800.534       4907.241    0.000  -0.139   0.381   0.
  2017 352 13 12 28 512 352.550330000      -1.13      2.85     -1.53  0.       -4142.779       6800.414       4905.952    0.000  -0.139   0.381   0.
  2017 352 13 12 29 511 352.550341574      -0.52      2.06     -2.24  0.       -4143.759       6800.294       4904.663    0.000  -0.139   0.381   0.
  2017 352 13 12 30 511 352.550353148       0.33      1.80     -2.52  0.       -4144.739       6800.174       4903.374    0.000  -0.139   0.381   0.
  2017 352 13 12 31 511 352.550364722       0.41      2.79     -2.57  0.       -4145.718       6800.053       4902.085    0.000  -0.139   0.381   0.
  2017 352 13 12 32 511 352.550376293      -0.19      2.78     -2.70  0.       -4146.698       6799.932       4900.795    0.000  -0.139   0.381   0.
  2017 352 13 12 33 511 352.550387867      -1.18      2.21     -2.55  0.       -4147.677       6799.810       4899.505    0.000  -0.139   0.381   0.
  2017 352 13 12 34 511 352.550399442      -1.60      2.17     -1.11  0.       -4148.656       6799.688       4898.215    0.000  -0.139   0.381   0.
  2017 352 13 12 35 511 352.550411016      -1.24      2.04     -0.67  0.       -4149.634       6799.566       4896.924    0.000  -0.139   0.381   0.
  2017 352 13 12 36 511 352.550422590      -0.95      1.85     -0.09  0.       -4150.613       6799.443       4895.634    0.000  -0.139   0.381   0.
  2017 352 13 12 37 511 352.550434164      -1.50      1.71     -0.19  0.       -4151.591       6799.320       4894.343    0.000  -0.139   0.381   0.
  2017 352 13 12 38 511 352.550445738      -1.19      2.33     -0.80  0.       -4152.569       6799.197       4893.052    0.000  -0.139   0.381   0.
  2017 352 13 12 39 511 352.550457312      -0.84      2.20     -1.38  0.       -4153.547       6799.073       4891.760    0.000  -0.139   0.381   0.
  2017 352 13 12 40 511 352.550468886      -0.86      2.06     -1.01  0.       -4154.525       6798.949       4890.468    0.000  -0.139   0.381   0.
  2017 352 13 12 41 511 352.550480460      -1.10      2.45     -0.77  0.       -4155.502       6798.825       4889.176    0.000  -0.139   0.381   0.
  2017 352 13 12 42 511 352.550492034      -1.76      1.89      0.16  0.       -4156.479       6798.700       4887.884    0.000  -0.139   0.381   0.
  2017 352 13 12 43 511 352.550503608      -1.12      1.76     -1.38  0.       -4157.456       6798.575       4886.592    0.000  -0.139   0.381   0.
  2017 352 13 12 44 511 352.550515182      -1.16      2.23     -1.33  0.       -4158.433       6798.449       4885.299    0.000  -0.139   0.381   0.
  2017 352 13 12 45 511 352.550526756      -1.39      1.94     -0.48  0.       -4159.409       6798.324       4884.006    0.000  -0.139   0.381   0.
  2017 352 13 12 46 511 352.550538330      -0.99      1.89     -1.34  0.       -4160.386       6798.197       4882.712    0.000  -0.139   0.381   0.
  2017 352 13 12 47 511 352.550549904      -0.13      1.80     -2.58  0.       -4161.362       6798.071       4881.419    0.000  -0.139   0.381   0.
  2017 352 13 12 48 511 352.550561479       0.08      1.83     -2.74  0.       -4162.338       6797.944       4880.125    0.000  -0.139   0.381   0.
  2017 352 13 12 49 511 352.550573053       0.83      1.53     -2.09  0.       -4163.314       6797.817       4878.831    0.000  -0.139   0.381   0.
  2017 352 13 12 50 511 352.550584627       0.49      1.54     -1.90  0.       -4164.289       6797.689       4877.537    0.000  -0.139   0.381   0.
  2017 352 13 12 51 511 352.550596201      -0.14      1.49     -1.93  0.       -4165.264       6797.561       4876.242    0.000  -0.139   0.381   0.
  2017 352 13 12 52 511 352.550607775      -0.83      1.23     -0.67  0.       -4166.239       6797.433       4874.947    0.000  -0.139   0.381   0.
  2017 352 13 12 53 511 352.550619349      -0.66      2.33     -0.64  0.       -4167.214       6797.304       4873.652    0.000  -0.139   0.381   0.
  2017 352 13 12 54 511 352.550630923       0.08      2.66     -1.49  0.       -4168.189       6797.175       4872.357    0.000  -0.139   0.381   0.
  2017 352 13 12 55 511 352.550642497      -0.03      2.43     -1.40  0.       -4169.163       6797.046       4871.061    0.000  -0.139   0.381   0.
  2017 352 13 12 56 511 352.550654071      -0.60      2.18     -1.32  0.       -4170.137       6796.916       4869.766    0.000  -0.139   0.381   0.
  2017 352 13 12 57 511 352.550665645      -0.88      2.61     -1.56  0.       -4171.111       6796.786       4868.470    0.000  -0.139   0.381   0.
  2017 352 13 12 58 511 352.550677219      -1.04      2.42     -2.36  0.       -4172.085       6796.655       4867.173    0.000  -0.139   0.381   0.
  2017 352 13 12 59 511 352.550688793      -1.09      1.62     -1.52  0.       -4173.058       6796.525       4865.877    0.000  -0.139   0.381   0.
  2017 352 13 13  0 511 352.550700367      -0.07      2.55     -1.35  0.       -4174.031       6796.393       4864.580    0.000  -0.139   0.381   0.
  2017 352 13 13  1 511 352.550711941       0.04      2.47     -1.38  0.       -4175.004       6796.262       4863.283    0.000  -0.139   0.381   0.
  2017 352 13 13  2 511 352.550723513      -0.66      2.03     -1.54  0.       -4175.977       6796.130       4861.985    0.000  -0.139   0.381   0.
  2017 352 13 13  3 511 352.550735087      -1.40      0.87     -0.73  0.       -4176.950       6795.998       4860.688    0.000  -0.139   0.381   0.
  2017 352 13 13  4 511 352.550746661      -1.76      1.43     -0.17  0.       -4177.922       6795.865       4859.390    0.000  -0.139   0.381   0.
  2017 352 13 13  5 511 352.550758235      -1.40      1.71     -0.75  0.       -4178.894       6795.732       4858.092    0.000  -0.139   0.381   0.
  2017 352 13 13  6 511 352.550769809      -1.00      1.46     -1.13  0.       -4179.866       6795.599       4856.793    0.000  -0.139   0.381   0.
  2017 352 13 13  7 511 352.550781383      -0.16      1.56     -0.94  0.       -4180.838       6795.465       4855.495    0.000  -0.139   0.381   0.
  2017 352 13 13  8 511 352.550792957       0.16      1.48     -0.96  0.       -4181.810       6795.331       4854.196    0.000  -0.139   0.381   0.
  2017 352 13 13  9 511 352.550804531      -0.47      1.60     -1.31  0.       -4182.781       6795.197       4852.896    0.000  -0.139   0.381   0.
  2017 352 13 13 10 511 352.550816105      -1.00      1.63     -1.37  0.       -4183.752       6795.062       4851.597    0.000  -0.139   0.381   0.
  2017 352 13 13 11 511 352.550827679      -0.39      2.13     -2.31  0.       -4184.723       6794.927       4850.297    0.000  -0.139   0.381   0.
  2017 352 13 13 12 511 352.550839254      -0.13      1.64     -2.28  0.       -4185.693       6794.792       4848.997    0.000  -0.139   0.381   0.
  2017 352 13 13 13 511 352.550850828       0.24      1.17     -1.52  0.       -4186.664       6794.656       4847.697    0.000  -0.139   0.381   0.
  2017 352 13 13 14 511 352.550862402      -0.29      1.46     -1.04  0.       -4187.634       6794.520       4846.397    0.000  -0.139   0.381   0.
  2017 352 13 13 15 511 352.550873976      -0.28      1.64     -0.46  0.       -4188.604       6794.383       4845.096    0.000  -0.139   0.381   0.
  2017 352 13 13 16 511 352.550885550      -0.24      1.54     -0.34  0.       -4189.574       6794.246       4843.795    0.000  -0.139   0.381   0.
  2017 352 13 13 17 511 352.550897124      -0.01      1.26     -1.42  0.       -4190.543       6794.109       4842.494    0.000  -0.139   0.381   0.
  2017 352 13 13 18 511 352.550908698      -0.06      1.43     -1.59  0.       -4191.513       6793.971       4841.193    0.000  -0.139   0.381   0.
  2017 352 13 13 19 511 352.550920272      -0.23      1.84     -2.01  0.       -4192.482       6793.833       4839.891    0.000  -0.139   0.381   0.
  2017 352 13 13 20 511 352.550931846      -1.07      1.73     -2.11  0.       -4193.450       6793.695       4838.589    0.000  -0.139   0.381   0.
  2017 352 13 13 21 511 352.550943420      -1.34      0.98     -1.43  0.       -4194.419       6793.556       4837.287    0.000  -0.139   0.381   0.
  2017 352 13 13 22 511 352.550954994      -1.23      0.96      0.56  0.       -4195.388       6793.417       4835.984    0.000  -0.139   0.381   0.
  2017 352 13 13 23 511 352.550966568      -0.33      2.44     -0.80  0.       -4196.356       6793.278       4834.682    0.000  -0.139   0.381   0.
  2017 352 13 13 24 511 352.550978142      -0.20      2.13     -1.16  0.       -4197.324       6793.138       4833.379    0.000  -0.139   0.381   0.
  2017 352 13 13 25 511 352.550989716      -1.20      1.59     -0.05  0.       -4198.291       6792.998       4832.075    0.000  -0.139   0.381   0.
  2017 352 13 13 26 511 352.551001291      -1.55      1.36      0.43  0.       -4199.259       6792.858       4830.772    0.000  -0.139   0.381   0.
  2017 352 13 13 27 511 352.551012865      -1.37      1.23      0.37  0.       -4200.226       6792.717       4829.468    0.000  -0.139   0.381   0.
  2017 352 13 13 28 511 352.551024439      -0.56      2.24     -0.73  0.       -4201.193       6792.576       4828.164    0.000  -0.139   0.381   0.
  2017 352 13 13 29 511 352.551036013       0.45      2.57     -2.23  0.       -4202.160       6792.434       4826.860    0.000  -0.139   0.381   0.
  2017 352 13 13 30 511 352.551047587       0.74      1.43     -2.46  0.       -4203.127       6792.292       4825.555    0.000  -0.139   0.381   0.
  2017 352 13 13 31 511 352.551059161       0.75      0.82     -1.97  0.       -4204.093       6792.150       4824.250    0.000  -0.139   0.381   0.
  2017 352 13 13 32 511 352.551070732      -0.21      1.00     -2.35  0.       -4205.060       6792.007       4822.945    0.000  -0.139   0.381   0.
  2017 352 13 13 33 511 352.551082306      -1.49      1.19     -2.40  0.       -4206.026       6791.864       4821.640    0.000  -0.139   0.381   0.
  2017 352 13 13 34 511 352.551093880      -2.38      1.22     -1.92  0.       -4206.991       6791.721       4820.335    0.000  -0.139   0.381   0.
  2017 352 13 13 35 511 352.551105454      -2.57      1.75     -1.38  0.       -4207.957       6791.577       4819.029    0.000  -0.139   0.381   0.
  2017 352 13 13 36 511 352.551117028      -1.65      1.43     -1.14  0.       -4208.922       6791.433       4817.723    0.000  -0.139   0.381   0.
  2017 352 13 13 37 511 352.551128602      -1.60      0.71     -0.82  0.       -4209.887       6791.289       4816.417    0.000  -0.139   0.381   0.
  2017 352 13 13 38 511 352.551140177      -1.48      1.37     -0.53  0.       -4210.852       6791.144       4815.110    0.000  -0.139   0.381   0.
  2017 352 13 13 39 511 352.551151751      -1.01      1.11     -0.31  0.       -4211.817       6790.999       4813.803    0.000  -0.139   0.381   0.
  2017 352 13 13 40 511 352.551163325      -1.10      1.73      0.69  0.       -4212.781       6790.853       4812.496    0.000  -0.139   0.381   0.
  2017 352 13 13 41 511 352.551174899      -0.87      2.01      0.27  0.       -4213.745       6790.708       4811.189    0.000  -0.139   0.381   0.
  2017 352 13 13 42 511 352.551186473      -0.85      0.63      0.86  0.       -4214.709       6790.561       4809.881    0.000  -0.139   0.381   0.
  2017 352 13 13 43 511 352.551198047      -0.93      0.97      0.98  0.       -4215.673       6790.415       4808.573    0.000  -0.139   0.381   0.
  2017 352 13 13 44 511 352.551209621      -0.32      2.62     -0.43  0.       -4216.637       6790.268       4807.265    0.000  -0.139   0.381   0.
  2017 352 13 13 45 511 352.551221195      -0.83      3.22     -1.39  0.       -4217.600       6790.121       4805.957    0.000  -0.139   0.381   0.
  2017 352 13 13 46 511 352.551232769      -1.27      1.84     -2.12  0.       -4218.563       6789.973       4804.648    0.000  -0.139   0.381   0.
  2017 352 13 13 47 511 352.551244343      -1.43      1.04     -1.45  0.       -4219.526       6789.825       4803.340    0.000  -0.139   0.381   0.
  2017 352 13 13 48 511 352.551255917      -1.71      1.60     -0.19  0.       -4220.489       6789.677       4802.031    0.000  -0.139   0.381   0.
  2017 352 13 13 49 511 352.551267491      -0.68      2.26     -1.25  0.       -4221.451       6789.528       4800.721    0.000  -0.139   0.381   0.
  2017 352 13 13 50 511 352.551279065       0.16      0.98     -0.63  0.       -4222.413       6789.379       4799.412    0.000  -0.139   0.381   0.
  2017 352 13 13 51 511 352.551290639      -0.24      1.11     -1.60  0.       -4223.375       6789.230       4798.102    0.000  -0.139   0.381   0.
  2017 352 13 13 52 511 352.551302214      -0.49      1.88     -2.13  0.       -4224.337       6789.080       4796.792    0.000  -0.139   0.381   0.
  2017 352 13 13 53 511 352.551313788      -1.24      1.07     -3.38  0.       -4225.299       6788.930       4795.481    0.000  -0.139   0.381   0.
  2017 352 13 13 54 511 352.551325362      -0.87      0.50     -2.02  0.       -4226.260       6788.779       4794.171    0.000  -0.139   0.381   0.
  2017 352 13 13 55 511 352.551336936      -0.77      1.38     -0.67  0.       -4227.221       6788.628       4792.860    0.000  -0.139   0.381   0.
  2017 352 13 13 56 511 352.551348510      -1.19      1.48      0.70  0.       -4228.182       6788.477       4791.549    0.000  -0.139   0.381   0.
  2017 352 13 13 57 511 352.551360084      -1.10      1.65      0.46  0.       -4229.143       6788.326       4790.238    0.000  -0.139   0.381   0.
  2017 352 13 13 58 511 352.551371658      -0.57      1.89      0.19  0.       -4230.103       6788.174       4788.926    0.000  -0.139   0.381   0.
  2017 352 13 13 59 511 352.551383232      -0.75      2.75      0.12  0.       -4231.063       6788.021       4787.614    0.000  -0.139   0.381   0.
  2017 352 13 14  0 511 352.551394806      -0.23      2.67     -2.73  0.       -4232.023       6787.869       4786.301    0.000  -0.139   0.381   0.
  2017 352 13 14  1 510 352.551406380      -1.01      1.75     -3.08  0.       -4232.983       6787.716       4784.989    0.000  -0.139   0.381   0.
  2017 352 13 14  2 511 352.551417951      -2.05      1.51     -1.94  0.       -4233.942       6787.562       4783.677    0.000  -0.139   0.381   0.
  2017 352 13 14  3 511 352.551429525      -2.63      1.66     -0.98  0.       -4234.902       6787.409       4782.364    0.000  -0.139   0.381   0.
  2017 352 13 14  4 510 352.551441100      -2.65      1.89     -0.25  0.       -4235.861       6787.255       4781.051    0.000  -0.139   0.381   0.
  2017 352 13 14  5 510 352.551452674      -2.10      2.15     -0.12  0.       -4236.820       6787.100       4779.737    0.000  -0.139   0.381   0.
  2017 352 13 14  6 511 352.551464248      -1.12      1.44     -0.83  0.       -4237.778       6786.945       4778.424    0.000  -0.139   0.381   0.
  2017 352 13 14  7 511 352.551475822      -0.47      2.13     -1.50  0.       -4238.737       6786.790       4777.110    0.000  -0.139   0.381   0.
  2017 352 13 14  8 511 352.551487396      -0.52      2.05     -1.13  0.       -4239.695       6786.635       4775.796    0.000  -0.139   0.381   0.
  2017 352 13 14  9 511 352.551498970      -0.61      2.71     -0.18  0.       -4240.653       6786.479       4774.481    0.000  -0.139   0.381   0.
  2017 352 13 14 10 511 352.551510544      -1.05      2.29      0.22  0.       -4241.610       6786.323       4773.167    0.000  -0.139   0.381   0.
  2017 352 13 14 11 510 352.551522118      -0.43      1.92     -0.93  0.       -4242.568       6786.166       4771.852    0.000  -0.139   0.381   0.
  2017 352 13 14 12 510 352.551533692      -0.29      0.69     -1.66  0.       -4243.525       6786.009       4770.536    0.000  -0.139   0.381   0.
  2017 352 13 14 13 510 352.551545266      -0.69      1.06      0.64  0.       -4244.482       6785.852       4769.221    0.000  -0.139   0.381   0.
  2017 352 13 14 14 510 352.551556840      -0.79      1.65      0.58  0.       -4245.439       6785.694       4767.905    0.000  -0.139   0.381   0.
  2017 352 13 14 15 510 352.551568414      -1.32      1.55      0.86  0.       -4246.396       6785.536       4766.589    0.000  -0.139   0.381   0.
  2017 352 13 14 16 511 352.551579988      -1.70      1.81      1.45  0.       -4247.352       6785.378       4765.273    0.000  -0.139   0.381   0.
  2017 352 13 14 17 510 352.551591562      -1.89      2.59      0.80  0.       -4248.308       6785.219       4763.957    0.000  -0.139   0.381   0.
  2017 352 13 14 18 510 352.551603137      -1.78      2.03     -0.09  0.       -4249.264       6785.060       4762.640    0.000  -0.139   0.381   0.
  2017 352 13 14 19 511 352.551614711      -1.58      1.67     -1.62  0.       -4250.220       6784.901       4761.323    0.000  -0.139   0.381   0.
  2017 352 13 14 20 511 352.551626285      -1.01      2.16     -1.33  0.       -4251.176       6784.740       4760.006    0.000  -0.139   0.381   0.
  2017 352 13 14 21 511 352.551637859      -1.51      2.29     -1.45  0.       -4252.131       6784.581       4758.689    0.000  -0.139   0.381   0.
  2017 352 13 14 22 511 352.551649433      -2.21      1.80     -1.41  0.       -4253.086       6784.420       4757.371    0.000  -0.139   0.381   0.
  2017 352 13 14 23 511 352.551661007      -1.64      1.82     -1.33  0.       -4254.041       6784.259       4756.053    0.000  -0.139   0.381   0.
  2017 352 13 14 24 510 352.551672581      -1.98      1.64     -1.38  0.       -4254.995       6784.098       4754.735    0.000  -0.139   0.381   0.
  2017 352 13 14 25 510 352.551684155      -2.18      2.37     -1.09  0.       -4255.950       6783.936       4753.416    0.000  -0.139   0.381   0.
  2017 352 13 14 26 510 352.551695729      -2.06      1.98     -1.47  0.       -4256.904       6783.774       4752.098    0.000  -0.139   0.381   0.
  2017 352 13 14 27 510 352.551707303      -2.27      2.07     -1.46  0.       -4257.858       6783.612       4750.779    0.000  -0.139   0.381   0.
  2017 352 13 14 28 510 352.551718877      -2.59      2.89     -1.24  0.       -4258.811       6783.449       4749.460    0.000  -0.139   0.381   0.
  2017 352 13 14 29 511 352.551730451      -2.14      2.65     -3.32  0.       -4259.765       6783.286       4748.140    0.000  -0.139   0.381   0.
  2017 352 13 14 30 511 352.551742025      -1.92      2.34     -3.26  0.       -4260.718       6783.122       4746.820    0.000  -0.139   0.381   0.
  2017 352 13 14 31 510 352.551753600      -2.59      1.87     -2.58  0.       -4261.671       6782.959       4745.501    0.000  -0.139   0.381   0.
  2017 352 13 14 32 510 352.551765171      -2.71      1.33     -1.13  0.       -4262.624       6782.794       4744.180    0.000  -0.139   0.381   0.
  2017 352 13 14 33 510 352.551776745      -2.45      2.47     -0.87  0.       -4263.576       6782.630       4742.860    0.000  -0.139   0.381   0.
  2017 352 13 14 34 510 352.551788319      -2.58      2.42     -0.25  0.       -4264.528       6782.465       4741.539    0.000  -0.139   0.381   0.
  2017 352 13 14 35 510 352.551799893      -2.53      2.30      0.28  0.       -4265.481       6782.300       4740.218    0.000  -0.139   0.381   0.
  2017 352 13 14 36 510 352.551811467      -2.31      2.29      0.02  0.       -4266.432       6782.134       4738.897    0.000  -0.139   0.381   0.
  2017 352 13 14 37 510 352.551823041      -2.87      2.28     -0.22  0.       -4267.384       6781.968       4737.575    0.000  -0.139   0.381   0.
  2017 352 13 14 38 510 352.551834615      -1.89      2.47     -0.40  0.       -4268.336       6781.802       4736.254    0.000  -0.139   0.381   0.
  2017 352 13 14 39 510 352.551846189      -1.49      2.63     -0.78  0.       -4269.287       6781.635       4734.932    0.000  -0.139   0.381   0.
  2017 352 13 14 40 510 352.551857763      -1.23      2.53     -2.04  0.       -4270.238       6781.468       4733.610    0.000  -0.139   0.381   0.
  2017 352 13 14 41 510 352.551869337      -1.57      1.89     -1.83  0.       -4271.188       6781.301       4732.287    0.000  -0.139   0.381   0.
  2017 352 13 14 42 510 352.551880911      -1.58      1.87     -1.33  0.       -4272.139       6781.133       4730.964    0.000  -0.139   0.381   0.
  2017 352 13 14 43 510 352.551892486      -1.97      1.94     -1.03  0.       -4273.089       6780.965       4729.641    0.000  -0.139   0.381   0.
  2017 352 13 14 44 510 352.551904060      -2.07      1.56      0.46  0.       -4274.039       6780.797       4728.318    0.000  -0.139   0.381   0.
  2017 352 13 14 45 510 352.551915634      -1.76      2.01      0.67  0.       -4274.989       6780.628       4726.995    0.000  -0.139   0.381   0.
  2017 352 13 14 46 510 352.551927208      -1.87      2.86      0.02  0.       -4275.939       6780.459       4725.671    0.000  -0.139   0.381   0.
  2017 352 13 14 47 510 352.551938782      -1.82      3.25     -1.60  0.       -4276.888       6780.289       4724.347    0.000  -0.139   0.381   0.
  2017 352 13 14 48 510 352.551950356      -1.03      2.48     -1.18  0.       -4277.837       6780.119       4723.023    0.000  -0.139   0.381   0.
  2017 352 13 14 49 510 352.551961930      -1.67      1.81     -0.80  0.       -4278.786       6779.949       4721.698    0.000  -0.139   0.381   0.
  2017 352 13 14 50 510 352.551973504      -2.67      2.28     -0.51  0.       -4279.735       6779.778       4720.373    0.000  -0.139   0.381   0.
  2017 352 13 14 51 510 352.551985078      -2.52      2.53     -1.11  0.       -4280.683       6779.607       4719.048    0.000  -0.139   0.381   0.
  2017 352 13 14 52 510 352.551996652      -2.21      1.46     -1.19  0.       -4281.632       6779.436       4717.723    0.000  -0.139   0.381   0.
  2017 352 13 14 53 510 352.552008226      -1.76      1.88     -0.35  0.       -4282.580       6779.264       4716.398    0.000  -0.139   0.381   0.
  2017 352 13 14 54 510 352.552019800      -1.82      2.49      0.05  0.       -4283.527       6779.092       4715.072    0.000  -0.139   0.381   0.
  2017 352 13 14 55 510 352.552031374      -1.09      2.41     -0.05  0.       -4284.475       6778.920       4713.746    0.000  -0.139   0.381   0.
  2017 352 13 14 56 510 352.552042948      -1.53      3.27     -1.35  0.       -4285.422       6778.747       4712.420    0.000  -0.139   0.381   0.
  2017 352 13 14 57 510 352.552054523      -2.25      2.83     -2.04  0.       -4286.369       6778.574       4711.093    0.000  -0.139   0.381   0.
  2017 352 13 14 58 510 352.552066097      -2.17      2.02     -2.30  0.       -4287.316       6778.400       4709.767    0.000  -0.139   0.381   0.
  2017 352 13 14 59 510 352.552077671      -2.25      1.98     -2.58  0.       -4288.263       6778.226       4708.439    0.000  -0.139   0.381   0.
  2017 352 13 15  0 510 352.552089245      -2.64      2.39     -2.02  0.       -4289.209       6778.052       4707.112    0.000  -0.139   0.381   0.
  2017 352 13 15  1 510 352.552100819      -2.65      2.29     -1.88  0.       -4290.155       6777.878       4705.785    0.000  -0.139   0.381   0.
  2017 352 13 15  2 510 352.552112393      -2.19      0.94     -0.26  0.       -4291.101       6777.703       4704.457    0.000  -0.139   0.381   0.
  2017 352 13 15  3 510 352.552123967      -2.58      2.68     -0.47  0.       -4292.047       6777.527       4703.129    0.000  -0.139   0.381   0.
  2017 352 13 15  4 510 352.552135538      -2.08      3.04     -2.42  0.       -4292.993       6777.351       4701.801    0.000  -0.139   0.381   0.
  2017 352 13 15  5 510 352.552147112      -2.09      0.80     -1.46  0.       -4293.938       6777.175       4700.472    0.000  -0.139   0.381   0.
  2017 352 13 15  6 510 352.552158686      -2.70      1.36     -0.44  0.       -4294.883       6776.999       4699.144    0.000  -0.139   0.381   0.
  2017 352 13 15  7 510 352.552170260      -2.68      3.18     -0.24  0.       -4295.828       6776.822       4697.814    0.000  -0.139   0.381   0.
  2017 352 13 15  8 510 352.552181834      -1.88      2.49     -0.77  0.       -4296.772       6776.645       4696.485    0.000  -0.139   0.381   0.
  2017 352 13 15  9 510 352.552193409      -1.65      2.73     -0.14  0.       -4297.717       6776.468       4695.156    0.000  -0.139   0.381   0.
  2017 352 13 15 10 510 352.552204983      -1.59      1.92     -0.28  0.       -4298.661       6776.290       4693.826    0.000  -0.139   0.381   0.
  2017 352 13 15 11 510 352.552216557      -1.64      1.75     -1.86  0.       -4299.605       6776.112       4692.496    0.000  -0.139   0.381   0.
  2017 352 13 15 12 510 352.552228131      -0.15      1.59     -1.33  0.       -4300.548       6775.933       4691.166    0.000  -0.139   0.381   0.
  2017 352 13 15 13 510 352.552239705       0.65      1.28     -1.42  0.       -4301.492       6775.754       4689.835    0.000  -0.139   0.381   0.
  2017 352 13 15 14 510 352.552251279       0.47      0.85     -1.39  0.       -4302.435       6775.575       4688.504    0.000  -0.139   0.381   0.
  2017 352 13 15 15 510 352.552262853       0.05      1.25     -1.17  0.       -4303.378       6775.395       4687.174    0.000  -0.139   0.381   0.
  2017 352 13 15 16 510 352.552274427      -0.50      2.00     -1.42  0.       -4304.321       6775.215       4685.842    0.000  -0.139   0.381   0.
  2017 352 13 15 17 510 352.552286001      -0.81      2.37     -1.25  0.       -4305.263       6775.035       4684.511    0.000  -0.139   0.381   0.
  2017 352 13 15 18 510 352.552297575      -0.78      2.06     -0.81  0.       -4306.206       6774.854       4683.179    0.000  -0.139   0.381   0.
  2017 352 13 15 19 510 352.552309149      -1.12      1.23     -0.24  0.       -4307.148       6774.673       4681.847    0.000  -0.139   0.381   0.
  2017 352 13 15 20 510 352.552320723      -1.26      1.20     -0.51  0.       -4308.089       6774.492       4680.515    0.000  -0.139   0.381   0.
  2017 352 13 15 21 510 352.552332297      -0.78      1.94     -0.13  0.       -4309.031       6774.310       4679.182    0.000  -0.139   0.381   0.
  2017 352 13 15 22 510 352.552343871      -1.19      2.43     -0.17  0.       -4309.972       6774.128       4677.849    0.000  -0.139   0.381   0.
  2017 352 13 15 23 510 352.552355446      -1.83      2.23      0.01  0.       -4310.914       6773.945       4676.516    0.000  -0.139   0.381   0.
  2017 352 13 15 24 510 352.552367020      -1.95      1.98      0.44  0.       -4311.855       6773.762       4675.183    0.000  -0.139   0.381   0.
  2017 352 13 15 25 510 352.552378594      -0.46      1.29     -0.62  0.       -4312.795       6773.579       4673.850    0.000  -0.139   0.381   0.
  2017 352 13 15 26 510 352.552390168      -0.51      1.80     -0.58  0.       -4313.736       6773.395       4672.516    0.000  -0.139   0.381   0.
  2017 352 13 15 27 510 352.552401742      -0.35      1.78     -0.26  0.       -4314.676       6773.211       4671.182    0.000  -0.139   0.381   0.
  2017 352 13 15 28 510 352.552413316       0.16      1.93      0.05  0.       -4315.616       6773.027       4669.848    0.000  -0.139   0.381   0.
  2017 352 13 15 29 510 352.552424890       0.07      2.16      1.29  0.       -4316.556       6772.842       4668.513    0.000  -0.139   0.381   0.
  2017 352 13 15 30 510 352.552436464       0.37      2.06      0.44  0.       -4317.495       6772.657       4667.178    0.000  -0.139   0.381   0.
  2017 352 13 15 31 510 352.552448038       0.82      2.53     -1.77  0.       -4318.434       6772.472       4665.843    0.000  -0.139   0.381   0.
  2017 352 13 15 32 510 352.552459612       0.09      2.80     -2.13  0.       -4319.374       6772.286       4664.508    0.000  -0.139   0.381   0.
  2017 352 13 15 33 510 352.552471186      -1.02      2.66     -1.98  0.       -4320.312       6772.100       4663.173    0.000  -0.139   0.381   0.
  2017 352 13 15 34 510 352.552482758      -1.42      2.34     -1.57  0.       -4321.251       6771.913       4661.837    0.000  -0.139   0.381   0.
  2017 352 13 15 35 510 352.552494332      -1.76      1.79     -1.69  0.       -4322.189       6771.727       4660.501    0.000  -0.139   0.381   0.
  2017 352 13 15 36 510 352.552505906      -1.94      1.61     -1.42  0.       -4323.127       6771.539       4659.165    0.000  -0.139   0.381   0.
  2017 352 13 15 37 510 352.552517480      -2.23      1.36     -0.64  0.       -4324.065       6771.352       4657.828    0.000  -0.139   0.381   0.
  2017 352 13 15 38 510 352.552529054      -2.57      1.12      0.02  0.       -4325.003       6771.164       4656.491    0.000  -0.139   0.381   0.
  2017 352 13 15 39 510 352.552540628      -2.45      1.16     -0.22  0.       -4325.940       6770.975       4655.154    0.000  -0.139   0.381   0.
  2017 352 13 15 40 510 352.552552202      -2.02      1.33      0.19  0.       -4326.878       6770.787       4653.817    0.000  -0.139   0.381   0.
  2017 352 13 15 41 510 352.552563776      -0.95      2.01     -0.23  0.       -4327.815       6770.598       4652.480    0.000  -0.139   0.381   0.
  2017 352 13 15 42 510 352.552575350      -1.12      1.82     -1.43  0.       -4328.751       6770.408       4651.142    0.000  -0.139   0.381   0.
  2017 352 13 15 43 510 352.552586924      -1.79      1.31     -1.44  0.       -4329.688       6770.218       4649.804    0.000  -0.139   0.381   0.
  2017 352 13 15 44 510 352.552598498      -1.81      1.60     -0.71  0.       -4330.624       6770.028       4648.466    0.000  -0.139   0.381   0.
  2017 352 13 15 45 510 352.552610072      -2.17      1.51      0.36  0.       -4331.560       6769.838       4647.127    0.000  -0.139   0.381   0.
  2017 352 13 15 46 510 352.552621646      -2.51      1.55      0.52  0.       -4332.496       6769.647       4645.789    0.000  -0.139   0.381   0.
  2017 352 13 15 47 510 352.552633221      -1.85      2.39     -0.07  0.       -4333.432       6769.456       4644.450    0.000  -0.139   0.381   0.
  2017 352 13 15 48 510 352.552644795      -0.79      2.26     -2.07  0.       -4334.367       6769.264       4643.110    0.000  -0.139   0.381   0.
  2017 352 13 15 49 510 352.552656369      -0.78      0.85     -2.58  0.       -4335.302       6769.072       4641.771    0.000  -0.139   0.381   0.
  2017 352 13 15 50 510 352.552667943      -1.56      1.12     -2.36  0.       -4336.237       6768.880       4640.431    0.000  -0.139   0.381   0.
  2017 352 13 15 51 510 352.552679517      -1.67      1.05     -2.73  0.       -4337.172       6768.687       4639.091    0.000  -0.139   0.381   0.
  2017 352 13 15 52 510 352.552691091      -1.64      1.22     -2.06  0.       -4338.106       6768.494       4637.751    0.000  -0.139   0.381   0.
  2017 352 13 15 53 510 352.552702665      -1.62      2.08     -1.36  0.       -4339.040       6768.301       4636.410    0.000  -0.139   0.381   0.
  2017 352 13 15 54 510 352.552714239      -2.26      1.91     -1.14  0.       -4339.974       6768.107       4635.070    0.000  -0.139   0.381   0.
  2017 352 13 15 55 510 352.552725813      -2.71      2.19     -1.22  0.       -4340.908       6767.913       4633.729    0.000  -0.139   0.381   0.
  2017 352 13 15 56 510 352.552737387      -1.29      1.27     -1.63  0.       -4341.842       6767.718       4632.387    0.000  -0.139   0.381   0.
  2017 352 13 15 57 510 352.552748961      -0.58      1.84     -1.96  0.       -4342.775       6767.524       4631.046    0.000  -0.139   0.381   0.
  2017 352 13 15 58 510 352.552760535      -0.66      1.64     -2.01  0.       -4343.708       6767.328       4629.704    0.000  -0.139   0.381   0.
  2017 352 13 15 59 510 352.552772109      -0.99      1.44     -1.79  0.       -4344.641       6767.133       4628.362    0.000  -0.139   0.381   0.
  2017 352 13 16  0 510 352.552783683      -1.28      1.55     -0.98  0.       -4345.573       6766.937       4627.020    0.000  -0.139   0.381   0.
  2017 352 13 16  1 509 352.552795257      -1.12      2.29     -0.47  0.       -4346.506       6766.740       4625.678    0.000  -0.139   0.381   0.
  2017 352 13 16  2 510 352.552806829      -1.80      2.56     -0.73  0.       -4347.438       6766.544       4624.335    0.000  -0.139   0.381   0.
  2017 352 13 16  3 510 352.552818403      -2.45      2.74     -0.45  0.       -4348.370       6766.347       4622.992    0.000  -0.139   0.381   0.
  2017 352 13 16  4 510 352.552829977      -2.67      3.14     -0.92  0.       -4349.301       6766.149       4621.649    0.000  -0.139   0.381   0.
  2017 352 13 16  5 510 352.552841551      -2.67      2.36     -1.91  0.       -4350.233       6765.952       4620.305    0.000  -0.139   0.381   0.
  2017 352 13 16  6 510 352.552853125      -2.42      1.27     -1.46  0.       -4351.164       6765.754       4618.962    0.000  -0.139   0.381   0.
  2017 352 13 16  7 509 352.552864699      -1.41      0.94     -0.38  0.       -4352.095       6765.555       4617.618    0.000  -0.139   0.381   0.
  2017 352 13 16  8 509 352.552876273      -0.28      1.36     -0.95  0.       -4353.026       6765.356       4616.273    0.000  -0.139   0.381   0.
  2017 352 13 16  9 509 352.552887847      -0.57      1.01     -0.46  0.       -4353.956       6765.157       4614.929    0.000  -0.139   0.381   0.
  2017 352 13 16 10 509 352.552899421      -0.45      1.34     -0.35  0.       -4354.886       6764.957       4613.584    0.000  -0.139   0.381   0.
  2017 352 13 16 11 510 352.552910995      -0.86      2.20     -0.20  0.       -4355.816       6764.757       4612.239    0.000  -0.139   0.381   0.
  2017 352 13 16 12 510 352.552922569      -1.09      1.68     -0.20  0.       -4356.746       6764.557       4610.894    0.000  -0.139   0.381   0.
  2017 352 13 16 13 509 352.552934144      -1.07      1.60     -0.00  0.       -4357.676       6764.357       4609.549    0.000  -0.139   0.381   0.
  2017 352 13 16 14 509 352.552945718      -1.15      2.26     -0.76  0.       -4358.605       6764.156       4608.203    0.000  -0.139   0.381   0.
  2017 352 13 16 15 510 352.552957292      -2.08      1.82     -1.53  0.       -4359.534       6763.954       4606.857    0.000  -0.139   0.381   0.
  2017 352 13 16 16 510 352.552968866      -2.87      1.83     -1.34  0.       -4360.463       6763.752       4605.511    0.000  -0.139   0.381   0.
  2017 352 13 16 17 510 352.552980440      -2.33      2.25     -1.42  0.       -4361.391       6763.550       4604.164    0.000  -0.139   0.381   0.
  2017 352 13 16 18 510 352.552992014      -1.27      1.44      0.48  0.       -4362.320       6763.348       4602.818    0.000  -0.139   0.381   0.
  2017 352 13 16 19 510 352.553003588      -0.35      2.34     -1.13  0.       -4363.247       6763.145       4601.471    0.000  -0.139   0.381   0.
  2017 352 13 16 20 509 352.553015162      -0.58      2.12     -1.11  0.       -4364.176       6762.942       4600.124    0.000  -0.139   0.381   0.
  2017 352 13 16 21 509 352.553026736      -1.07      2.38     -1.13  0.       -4365.104       6762.738       4598.776    0.000  -0.139   0.381   0.
  2017 352 13 16 22 509 352.553038310      -0.99      2.84     -1.35  0.       -4366.031       6762.534       4597.429    0.000  -0.139   0.381   0.
  2017 352 13 16 23 509 352.553049884      -1.03      2.07     -2.07  0.       -4366.958       6762.330       4596.081    0.000  -0.139   0.381   0.
  2017 352 13 16 24 509 352.553061458      -1.40      1.34     -1.10  0.       -4367.885       6762.125       4594.733    0.000  -0.139   0.381   0.
  2017 352 13 16 25 510 352.553073032      -1.86      1.58     -0.54  0.       -4368.812       6761.920       4593.384    0.000  -0.139   0.381   0.
  2017 352 13 16 26 510 352.553084607      -2.22      2.03     -0.13  0.       -4369.738       6761.715       4592.035    0.000  -0.139   0.381   0.
  2017 352 13 16 27 509 352.553096181      -2.63      1.97      0.44  0.       -4370.665       6761.509       4590.686    0.000  -0.139   0.381   0.
  2017 352 13 16 28 509 352.553107755      -2.14      2.11     -0.51  0.       -4371.591       6761.303       4589.337    0.000  -0.139   0.381   0.
  2017 352 13 16 29 510 352.553119329      -0.25      2.20     -1.98  0.       -4372.516       6761.097       4587.988    0.000  -0.139   0.381   0.
  2017 352 13 16 30 510 352.553130903      -0.64      2.21     -1.91  0.       -4373.442       6760.890       4586.638    0.000  -0.139   0.381   0.
  2017 352 13 16 31 510 352.553142477      -1.24      2.38     -2.19  0.       -4374.367       6760.683       4585.288    0.000  -0.139   0.381   0.
  2017 352 13 16 32 509 352.553154048      -1.47      1.90     -3.02  0.       -4375.292       6760.475       4583.938    0.000  -0.139   0.381   0.
  2017 352 13 16 33 509 352.553165622      -2.37      1.29     -2.26  0.       -4376.217       6760.267       4582.588    0.000  -0.139   0.381   0.
  2017 352 13 16 34 509 352.553177196      -1.88      1.66     -0.97  0.       -4377.142       6760.059       4581.237    0.000  -0.139   0.381   0.
  2017 352 13 16 35 509 352.553188770      -0.47      1.09     -1.70  0.       -4378.066       6759.850       4579.886    0.000  -0.139   0.381   0.
  2017 352 13 16 36 509 352.553200344      -0.80      1.42     -1.09  0.       -4378.990       6759.641       4578.535    0.000  -0.139   0.381   0.
  2017 352 13 16 37 509 352.553211918      -0.83      2.41     -0.93  0.       -4379.914       6759.432       4577.184    0.000  -0.139   0.381   0.
  2017 352 13 16 38 509 352.553223492       0.24      2.25     -2.35  0.       -4380.838       6759.222       4575.832    0.000  -0.139   0.381   0.
  2017 352 13 16 39 509 352.553235067      -0.04      1.77     -2.47  0.       -4381.761       6759.012       4574.480    0.000  -0.139   0.381   0.
  2017 352 13 16 40 509 352.553246641      -0.59      1.43     -1.87  0.       -4382.684       6758.802       4573.128    0.000  -0.139   0.381   0.
  2017 352 13 16 41 509 352.553258215      -0.84      1.86     -0.56  0.       -4383.607       6758.591       4571.776    0.000  -0.139   0.381   0.
  2017 352 13 16 42 509 352.553269789      -0.44      2.31     -1.13  0.       -4384.530       6758.379       4570.423    0.000  -0.139   0.381   0.
  2017 352 13 16 43 509 352.553281363      -0.21      2.32     -2.11  0.       -4385.453       6758.168       4569.070    0.000  -0.139   0.381   0.
  2017 352 13 16 44 509 352.553292937      -0.28      1.77     -2.64  0.       -4386.375       6757.956       4567.717    0.000  -0.139   0.381   0.
  2017 352 13 16 45 509 352.553304511      -0.30      1.50     -2.62  0.       -4387.297       6757.744       4566.364    0.000  -0.139   0.381   0.
  2017 352 13 16 46 509 352.553316085      -1.17      1.54     -2.02  0.       -4388.219       6757.531       4565.010    0.000  -0.139   0.381   0.
  2017 352 13 16 47 509 352.553327659      -1.46      1.57     -1.04  0.       -4389.140       6757.318       4563.657    0.000  -0.139   0.381   0.
  2017 352 13 16 48 509 352.553339233      -1.87      1.89     -0.56  0.       -4390.062       6757.105       4562.302    0.000  -0.139   0.381   0.
  2017 352 13 16 49 509 352.553350807      -1.99      2.17     -0.01  0.       -4390.983       6756.891       4560.948    0.000  -0.139   0.381   0.
  2017 352 13 16 50 509 352.553362381      -1.10      1.83      0.18  0.       -4391.903       6756.677       4559.594    0.000  -0.139   0.381   0.
  2017 352 13 16 51 509 352.553373955       0.20      2.24     -1.11  0.       -4392.824       6756.462       4558.239    0.000  -0.139   0.381   0.
  2017 352 13 16 52 509 352.553385530      -0.43      1.72     -1.14  0.       -4393.744       6756.247       4556.884    0.000  -0.139   0.381   0.
  2017 352 13 16 53 509 352.553397104      -0.39      1.68     -1.26  0.       -4394.664       6756.032       4555.528    0.000  -0.139   0.381   0.
  2017 352 13 16 54 509 352.553408678      -0.27      2.43     -2.09  0.       -4395.584       6755.817       4554.173    0.000  -0.139   0.381   0.
  2017 352 13 16 55 509 352.553420252      -1.77      1.30     -2.04  0.       -4396.504       6755.601       4552.817    0.000  -0.139   0.381   0.
  2017 352 13 16 56 509 352.553431826      -2.35      0.57     -1.03  0.       -4397.423       6755.384       4551.461    0.000  -0.139   0.381   0.
  2017 352 13 16 57 509 352.553443400      -1.93      1.59      0.07  0.       -4398.343       6755.168       4550.105    0.000  -0.139   0.381   0.
  2017 352 13 16 58 509 352.553454974      -2.19      2.71      0.59  0.       -4399.261       6754.951       4548.748    0.000  -0.139   0.381   0.
  2017 352 13 16 59 509 352.553466548      -1.27      2.43     -1.07  0.       -4400.180       6754.733       4547.391    0.000  -0.139   0.381   0.
  2017 352 13 17  0 509 352.553478122       0.27      2.49     -3.60  0.       -4401.099       6754.515       4546.034    0.000  -0.139   0.381   0.
  2017 352 13 17  1 509 352.553489696      -0.22      2.38     -3.67  0.       -4402.017       6754.297       4544.677    0.000  -0.139   0.381   0.
  2017 352 13 17  2 509 352.553501267      -1.31      2.45     -3.60  0.       -4402.935       6754.079       4543.319    0.000  -0.139   0.381   0.
  2017 352 13 17  3 509 352.553512841      -2.09      2.15     -2.15  0.       -4403.853       6753.860       4541.962    0.000  -0.139   0.381   0.
  2017 352 13 17  4 509 352.553524415      -2.07      2.27     -0.78  0.       -4404.770       6753.641       4540.604    0.000  -0.139   0.381   0.
  2017 352 13 17  5 509 352.553535990      -1.65      2.09     -1.11  0.       -4405.687       6753.421       4539.245    0.000  -0.139   0.381   0.
  2017 352 13 17  6 509 352.553547564      -1.44      1.77     -0.88  0.       -4406.604       6753.201       4537.887    0.000  -0.139   0.381   0.
  2017 352 13 17  7 509 352.553559138      -1.57      2.00     -1.66  0.       -4407.521       6752.981       4536.528    0.000  -0.139   0.381   0.
  2017 352 13 17  8 509 352.553570712      -1.48      2.03     -2.32  0.       -4408.438       6752.760       4535.169    0.000  -0.139   0.381   0.
  2017 352 13 17  9 509 352.553582286      -1.33      2.34     -1.63  0.       -4409.354       6752.539       4533.810    0.000  -0.139   0.381   0.
  2017 352 13 17 10 509 352.553593860      -1.67      1.78     -0.81  0.       -4410.270       6752.318       4532.450    0.000  -0.139   0.381   0.
  2017 352 13 17 11 509 352.553605434      -1.20      1.51     -1.00  0.       -4411.186       6752.096       4531.090    0.000  -0.139   0.381   0.
  2017 352 13 17 12 509 352.553617008      -1.24      1.15     -0.95  0.       -4412.101       6751.874       4529.730    0.000  -0.139   0.381   0.
  2017 352 13 17 13 509 352.553628582      -1.43      1.55     -0.46  0.       -4413.017       6751.651       4528.370    0.000  -0.139   0.381   0.
  2017 352 13 17 14 509 352.553640156      -0.50      2.56     -0.17  0.       -4413.932       6751.428       4527.010    0.000  -0.139   0.381   0.
  2017 352 13 17 15 509 352.553651730      -0.70      2.42     -0.92  0.       -4414.847       6751.205       4525.649    0.000  -0.139   0.381   0.
  2017 352 13 17 16 509 352.553663304      -1.12      0.93     -0.88  0.       -4415.761       6750.981       4524.288    0.000  -0.139   0.381   0.
  2017 352 13 17 17 509 352.553674879      -1.60      1.39     -0.37  0.       -4416.676       6750.758       4522.927    0.000  -0.139   0.381   0.
  2017 352 13 17 18 509 352.553686453      -1.38      1.57     -1.44  0.       -4417.590       6750.534       4521.566    0.000  -0.139   0.381   0.
  2017 352 13 17 19 509 352.553698027      -0.19      1.41     -2.92  0.       -4418.504       6750.309       4520.204    0.000  -0.139   0.381   0.
  2017 352 13 17 20 509 352.553709601      -0.10      0.84     -1.60  0.       -4419.418       6750.084       4518.842    0.000  -0.139   0.381   0.
  2017 352 13 17 21 509 352.553721175      -0.45      1.19     -2.12  0.       -4420.331       6749.858       4517.480    0.000  -0.139   0.381   0.
  2017 352 13 17 22 509 352.553732749      -0.01      1.62     -2.40  0.       -4421.244       6749.632       4516.117    0.000  -0.139   0.381   0.
  2017 352 13 17 23 509 352.553744323      -0.49      2.08     -2.38  0.       -4422.157       6749.406       4514.755    0.000  -0.139   0.381   0.
  2017 352 13 17 24 509 352.553755897      -1.49      1.51     -1.49  0.       -4423.070       6749.180       4513.392    0.000  -0.139   0.381   0.
  2017 352 13 17 25 509 352.553767471      -1.87      1.79      0.12  0.       -4423.983       6748.953       4512.029    0.000  -0.139   0.381   0.
  2017 352 13 17 26 509 352.553779045      -1.58      2.04      0.23  0.       -4424.895       6748.725       4510.665    0.000  -0.139   0.381   0.
  2017 352 13 17 27 509 352.553790619      -1.41      1.94     -0.07  0.       -4425.807       6748.498       4509.302    0.000  -0.139   0.381   0.
  2017 352 13 17 28 509 352.553802193      -0.93      1.96     -0.13  0.       -4426.718       6748.270       4507.938    0.000  -0.139   0.381   0.
  2017 352 13 17 29 509 352.553813767      -0.42      1.52     -1.33  0.       -4427.630       6748.041       4506.573    0.000  -0.139   0.381   0.
  2017 352 13 17 30 509 352.553825341      -0.26      1.85     -1.26  0.       -4428.541       6747.813       4505.209    0.000  -0.139   0.381   0.
  2017 352 13 17 31 509 352.553836915      -0.55      1.87     -1.52  0.       -4429.452       6747.584       4503.844    0.000  -0.139   0.381   0.
  2017 352 13 17 32 509 352.553848487      -1.91      2.21     -0.69  0.       -4430.363       6747.354       4502.480    0.000  -0.139   0.381   0.
  2017 352 13 17 33 509 352.553860061      -2.53      2.29     -0.51  0.       -4431.274       6747.124       4501.114    0.000  -0.139   0.381   0.
  2017 352 13 17 34 509 352.553871635      -2.20      1.58     -0.36  0.       -4432.184       6746.894       4499.749    0.000  -0.139   0.381   0.
  2017 352 13 17 35 509 352.553883209      -1.48      1.01     -0.41  0.       -4433.094       6746.664       4498.383    0.000  -0.139   0.381   0.
  2017 352 13 17 36 509 352.553894783      -1.26      1.35     -1.15  0.       -4434.004       6746.433       4497.018    0.000  -0.139   0.381   0.
  2017 352 13 17 37 509 352.553906357      -1.16      2.01     -1.32  0.       -4434.914       6746.201       4495.651    0.000  -0.139   0.381   0.
  2017 352 13 17 38 509 352.553917931      -1.34      1.58     -0.90  0.       -4435.823       6745.970       4494.285    0.000  -0.139   0.381   0.
  2017 352 13 17 39 509 352.553929505      -0.60      2.22     -1.36  0.       -4436.732       6745.738       4492.919    0.000  -0.139   0.381   0.
  2017 352 13 17 40 509 352.553941079      -0.20      2.98     -2.17  0.       -4437.641       6745.505       4491.552    0.000  -0.139   0.381   0.
  2017 352 13 17 41 509 352.553952653      -1.03      2.72     -2.42  0.       -4438.550       6745.273       4490.185    0.000  -0.139   0.381   0.
  2017 352 13 17 42 509 352.553964227      -2.07      1.77     -2.21  0.       -4439.458       6745.039       4488.817    0.000  -0.139   0.381   0.
  2017 352 13 17 43 509 352.553975802      -1.09      1.15     -1.46  0.       -4440.366       6744.806       4487.450    0.000  -0.139   0.381   0.
  2017 352 13 17 44 509 352.553987376      -0.93      1.88     -1.18  0.       -4441.274       6744.572       4486.082    0.000  -0.139   0.381   0.
  2017 352 13 17 45 509 352.553998950      -1.12      1.95     -0.46  0.       -4442.182       6744.338       4484.714    0.000  -0.139   0.381   0.
  2017 352 13 17 46 509 352.554010524      -1.80      1.84     -0.12  0.       -4443.089       6744.103       4483.346    0.000  -0.139   0.381   0.
  2017 352 13 17 47 509 352.554022098      -2.03      1.55      0.27  0.       -4443.996       6743.868       4481.977    0.000  -0.139   0.381   0.
  2017 352 13 17 48 509 352.554033672      -1.94      1.82      0.27  0.       -4444.903       6743.633       4480.608    0.000  -0.139   0.381   0.
  2017 352 13 17 49 509 352.554045246      -1.99      1.72     -0.36  0.       -4445.810       6743.397       4479.239    0.000  -0.139   0.381   0.
  2017 352 13 17 50 509 352.554056820      -1.19      1.86     -1.03  0.       -4446.717       6743.161       4477.870    0.000  -0.139   0.381   0.
  2017 352 13 17 51 509 352.554068394      -0.55      2.43     -1.23  0.       -4447.623       6742.925       4476.500    0.000  -0.139   0.381   0.
  2017 352 13 17 52 509 352.554079968      -1.56      2.45     -0.95  0.       -4448.529       6742.688       4475.131    0.000  -0.139   0.381   0.
  2017 352 13 17 53 509 352.554091542      -1.99      1.45     -0.05  0.       -4449.435       6742.451       4473.761    0.000  -0.139   0.381   0.
  2017 352 13 17 54 509 352.554103116      -1.77      0.70     -0.08  0.       -4450.340       6742.214       4472.390    0.000  -0.139   0.381   0.
  2017 352 13 17 55 509 352.554114690      -0.77      1.44     -1.40  0.       -4451.245       6741.976       4471.020    0.000  -0.139   0.381   0.
  2017 352 13 17 56 509 352.554126264       0.09      1.37     -2.59  0.       -4452.150       6741.737       4469.649    0.000  -0.139   0.381   0.
  2017 352 13 17 57 509 352.554137839      -0.65      1.16     -1.54  0.       -4453.055       6741.499       4468.278    0.000  -0.139   0.381   0.
  2017 352 13 17 58 509 352.554149413      -1.38      1.69     -0.86  0.       -4453.960       6741.260       4466.907    0.000  -0.139   0.381   0.
  2017 352 13 17 59 509 352.554160987      -1.81      2.10     -0.87  0.       -4454.864       6741.020       4465.536    0.000  -0.139   0.381   0.
  2017 352 13 18  0 509 352.554172561      -1.79      2.52     -1.11  0.       -4455.768       6740.780       4464.164    0.000  -0.139   0.381   0.
  2017 352 13 18  1 509 352.554184134      -0.30      1.47     -1.73  0.       -4456.672       6740.541       4462.792    0.000  -0.139   0.381   0.
  2017 352 13 18  2 508 352.554195706      -0.70      1.80     -1.29  0.       -4457.575       6740.300       4461.420    0.000  -0.139   0.381   0.
  2017 352 13 18  3 508 352.554207280      -0.55      2.55     -1.20  0.       -4458.479       6740.059       4460.047    0.000  -0.139   0.381   0.
  2017 352 13 18  4 508 352.554218854      -0.47      2.54     -2.23  0.       -4459.382       6739.818       4458.675    0.000  -0.139   0.381   0.
  2017 352 13 18  5 508 352.554230428      -0.20      2.59     -2.67  0.       -4460.285       6739.577       4457.302    0.000  -0.139   0.381   0.
  2017 352 13 18  6 508 352.554242002      -0.24      2.61     -2.01  0.       -4461.187       6739.335       4455.929    0.000  -0.139   0.381   0.
  2017 352 13 18  7 509 352.554253576      -0.03      1.52     -1.06  0.       -4462.089       6739.092       4454.555    0.000  -0.139   0.381   0.
  2017 352 13 18  8 509 352.554265150      -0.58      1.60     -1.53  0.       -4462.992       6738.850       4453.181    0.000  -0.139   0.381   0.
  2017 352 13 18  9 508 352.554276725      -1.29      1.32     -1.11  0.       -4463.893       6738.607       4451.808    0.000  -0.139   0.381   0.
  2017 352 13 18 10 508 352.554288299      -1.49      0.83     -0.68  0.       -4464.795       6738.363       4450.433    0.000  -0.139   0.381   0.
  2017 352 13 18 11 509 352.554299873      -1.51      0.93     -0.76  0.       -4465.696       6738.120       4449.059    0.000  -0.139   0.381   0.
  2017 352 13 18 12 509 352.554311447      -1.22      2.15     -1.29  0.       -4466.598       6737.876       4447.684    0.000  -0.139   0.381   0.
  2017 352 13 18 13 509 352.554323021      -0.67      2.02     -1.45  0.       -4467.498       6737.631       4446.310    0.000  -0.139   0.381   0.
  2017 352 13 18 14 509 352.554334595      -0.55      1.58     -0.31  0.       -4468.399       6737.386       4444.934    0.000  -0.139   0.381   0.
  2017 352 13 18 15 509 352.554346169      -0.70      2.58     -0.34  0.       -4469.300       6737.141       4443.559    0.000  -0.139   0.381   0.
  2017 352 13 18 16 508 352.554357743      -0.83      2.28     -0.69  0.       -4470.200       6736.895       4442.183    0.000  -0.139   0.381   0.
  2017 352 13 18 17 508 352.554369317      -1.03      2.05     -0.42  0.       -4471.100       6736.649       4440.808    0.000  -0.139   0.381   0.
  2017 352 13 18 18 508 352.554380891      -1.41      2.76     -0.14  0.       -4471.999       6736.403       4439.432    0.000  -0.139   0.381   0.
  2017 352 13 18 19 508 352.554392465      -1.49      2.42     -0.25  0.       -4472.899       6736.156       4438.055    0.000  -0.139   0.381   0.
  2017 352 13 18 20 509 352.554404039      -0.74      2.66     -0.96  0.       -4473.798       6735.909       4436.679    0.000  -0.139   0.381   0.
  2017 352 13 18 21 509 352.554415613      -0.30      2.32     -1.73  0.       -4474.697       6735.662       4435.302    0.000  -0.139   0.381   0.
  2017 352 13 18 22 508 352.554427188      -0.18      2.19     -2.30  0.       -4475.595       6735.414       4433.925    0.000  -0.139   0.381   0.
  2017 352 13 18 23 508 352.554438762      -0.07      1.98     -2.04  0.       -4476.494       6735.166       4432.548    0.000  -0.139   0.381   0.
  2017 352 13 18 24 508 352.554450336      -0.88      1.82     -1.29  0.       -4477.392       6734.917       4431.170    0.000  -0.139   0.381   0.
  2017 352 13 18 25 509 352.554461910      -1.66      1.24     -0.44  0.       -4478.290       6734.668       4429.792    0.000  -0.139   0.381   0.
  2017 352 13 18 26 509 352.554473484      -1.72      1.83     -0.37  0.       -4479.188       6734.419       4428.414    0.000  -0.139   0.381   0.
  2017 352 13 18 27 509 352.554485058      -1.46      2.31     -1.03  0.       -4480.085       6734.170       4427.036    0.000  -0.139   0.381   0.
  2017 352 13 18 28 509 352.554496632      -1.60      2.01     -0.63  0.       -4480.982       6733.920       4425.658    0.000  -0.139   0.381   0.
  2017 352 13 18 29 508 352.554508206      -1.49      2.79     -0.30  0.       -4481.880       6733.669       4424.279    0.000  -0.139   0.381   0.
  2017 352 13 18 30 508 352.554519780      -0.88      2.38      0.03  0.       -4482.776       6733.418       4422.900    0.000  -0.139   0.381   0.
  2017 352 13 18 31 508 352.554531354      -0.68      2.12     -0.14  0.       -4483.673       6733.167       4421.521    0.000  -0.139   0.381   0.
  2017 352 13 18 32 508 352.554542928      -1.30      2.00      0.11  0.       -4484.569       6732.916       4420.141    0.000  -0.139   0.381   0.
  2017 352 13 18 33 508 352.554554502      -1.43      2.18      0.02  0.       -4485.465       6732.664       4418.761    0.000  -0.139   0.381   0.
  2017 352 13 18 34 508 352.554566073      -1.16      2.10     -0.15  0.       -4486.361       6732.412       4417.382    0.000  -0.139   0.381   0.
  2017 352 13 18 35 508 352.554577648      -2.01      1.66      0.02  0.       -4487.256       6732.159       4416.001    0.000  -0.139   0.381   0.
  2017 352 13 18 36 508 352.554589222      -2.94      1.46      0.96  0.       -4488.151       6731.906       4414.621    0.000  -0.139   0.381   0.
  2017 352 13 18 37 508 352.554600796      -2.92      1.59      1.10  0.       -4489.046       6731.653       4413.240    0.000  -0.139   0.381   0.
  2017 352 13 18 38 508 352.554612370      -2.29      1.86      0.35  0.       -4489.941       6731.399       4411.859    0.000  -0.139   0.381   0.
  2017 352 13 18 39 508 352.554623944      -1.24      1.38      0.05  0.       -4490.836       6731.145       4410.478    0.000  -0.139   0.381   0.
  2017 352 13 18 40 508 352.554635518      -0.88      1.55      0.62  0.       -4491.730       6730.891       4409.097    0.000  -0.139   0.381   0.
  2017 352 13 18 41 508 352.554647092      -0.62      1.52     -0.03  0.       -4492.624       6730.636       4407.715    0.000  -0.139   0.381   0.
  2017 352 13 18 42 508 352.554658666       0.28      1.84     -0.66  0.       -4493.518       6730.381       4406.333    0.000  -0.139   0.381   0.
  2017 352 13 18 43 508 352.554670240       0.69      2.43     -1.50  0.       -4494.411       6730.125       4404.951    0.000  -0.139   0.381   0.
  2017 352 13 18 44 508 352.554681814       0.50      1.82     -1.56  0.       -4495.305       6729.870       4403.569    0.000  -0.139   0.381   0.
  2017 352 13 18 45 508 352.554693388      -0.27      1.34     -2.07  0.       -4496.198       6729.613       4402.186    0.000  -0.139   0.381   0.
  2017 352 13 18 46 508 352.554704962      -0.82      1.59     -1.98  0.       -4497.091       6729.357       4400.803    0.000  -0.139   0.381   0.
  2017 352 13 18 47 508 352.554716536      -1.07      1.32     -1.79  0.       -4497.983       6729.100       4399.420    0.000  -0.139   0.381   0.
  2017 352 13 18 48 508 352.554728111      -0.69      2.09     -0.63  0.       -4498.875       6728.842       4398.037    0.000  -0.139   0.381   0.
  2017 352 13 18 49 508 352.554739685      -0.64      2.77     -1.11  0.       -4499.768       6728.584       4396.653    0.000  -0.139   0.381   0.
  2017 352 13 18 50 508 352.554751259      -0.05      2.73     -1.66  0.       -4500.659       6728.326       4395.269    0.000  -0.139   0.381   0.
  2017 352 13 18 51 508 352.554762833      -1.17      2.72     -1.90  0.       -4501.551       6728.068       4393.885    0.000  -0.139   0.381   0.
  2017 352 13 18 52 508 352.554774407      -1.75      1.80     -1.69  0.       -4502.442       6727.809       4392.501    0.000  -0.139   0.381   0.
  2017 352 13 18 53 508 352.554785981      -1.67      1.11     -0.93  0.       -4503.333       6727.550       4391.117    0.000  -0.139   0.381   0.
  2017 352 13 18 54 508 352.554797555      -1.20      1.55     -0.70  0.       -4504.224       6727.290       4389.732    0.000  -0.139   0.381   0.
  2017 352 13 18 55 508 352.554809129      -0.74      1.67     -1.39  0.       -4505.115       6727.030       4388.347    0.000  -0.139   0.381   0.
  2017 352 13 18 56 508 352.554820703      -1.44      1.54     -0.75  0.       -4506.005       6726.770       4386.962    0.000  -0.139   0.381   0.
  2017 352 13 18 57 508 352.554832277      -1.78      1.27     -0.50  0.       -4506.895       6726.509       4385.576    0.000  -0.139   0.381   0.
  2017 352 13 18 58 508 352.554843851      -1.76      0.70     -0.10  0.       -4507.785       6726.248       4384.190    0.000  -0.139   0.381   0.
  2017 352 13 18 59 508 352.554855425      -1.16      0.95      0.12  0.       -4508.675       6725.987       4382.804    0.000  -0.139   0.381   0.
  2017 352 13 19  0 508 352.554866999      -0.62      1.93     -0.12  0.       -4509.564       6725.725       4381.418    0.000  -0.139   0.381   0.
  2017 352 13 19  1 508 352.554878573      -1.39      0.97     -1.83  0.       -4510.453       6725.463       4380.032    0.000  -0.139   0.381   0.
  2017 352 13 19  2 508 352.554890148      -2.41      0.79     -1.71  0.       -4511.342       6725.200       4378.645    0.000  -0.139   0.381   0.
  2017 352 13 19  3 508 352.554901721      -2.15      0.53     -1.06  0.       -4512.231       6724.937       4377.258    0.000  -0.139   0.381   0.
  2017 352 13 19  4 508 352.554913293      -1.64      0.54     -0.23  0.       -4513.119       6724.674       4375.871    0.000  -0.139   0.381   0.
  2017 352 13 19  5 508 352.554924867      -0.30      1.47     -0.12  0.       -4514.007       6724.411       4374.483    0.000  -0.139   0.381   0.
  2017 352 13 19  6 508 352.554936441      -0.56      1.29     -0.02  0.       -4514.895       6724.147       4373.096    0.000  -0.139   0.381   0.
  2017 352 13 19  7 508 352.554948015      -0.84      1.07     -0.19  0.       -4515.783       6723.882       4371.708    0.000  -0.139   0.381   0.
  2017 352 13 19  8 508 352.554959589      -0.40      1.66     -0.20  0.       -4516.670       6723.617       4370.320    0.000  -0.139   0.381   0.
  2017 352 13 19  9 508 352.554971163       1.10      1.92     -1.19  0.       -4517.557       6723.352       4368.931    0.000  -0.139   0.381   0.
  2017 352 13 19 10 508 352.554982737       0.69      1.58     -1.72  0.       -4518.444       6723.087       4367.543    0.000  -0.139   0.381   0.
  2017 352 13 19 11 508 352.554994311       0.35      1.07     -1.86  0.       -4519.330       6722.821       4366.154    0.000  -0.139   0.381   0.
  2017 352 13 19 12 508 352.555005885      -0.42      1.26     -0.87  0.       -4520.217       6722.555       4364.765    0.000  -0.139   0.381   0.
  2017 352 13 19 13 508 352.555017460      -0.81      1.73      0.33  0.       -4521.103       6722.288       4363.375    0.000  -0.139   0.381   0.
  2017 352 13 19 14 508 352.555029034      -1.35      2.10      1.04  0.       -4521.989       6722.021       4361.986    0.000  -0.139   0.381   0.
  2017 352 13 19 15 508 352.555040608      -1.67      2.03      1.00  0.       -4522.874       6721.754       4360.596    0.000  -0.139   0.381   0.
  2017 352 13 19 16 508 352.555052182      -1.64      2.00      0.51  0.       -4523.760       6721.486       4359.206    0.000  -0.139   0.381   0.
  2017 352 13 19 17 508 352.555063756      -1.35      1.44      0.05  0.       -4524.645       6721.218       4357.816    0.000  -0.139   0.381   0.
  2017 352 13 19 18 508 352.555075330      -0.26      1.00     -0.69  0.       -4525.530       6720.950       4356.425    0.000  -0.139   0.381   0.
  2017 352 13 19 19 508 352.555086904       0.02      2.20     -1.62  0.       -4526.415       6720.681       4355.034    0.000  -0.139   0.381   0.
  2017 352 13 19 20 508 352.555098478      -0.08      1.10     -2.40  0.       -4527.299       6720.412       4353.643    0.000  -0.139   0.381   0.
  2017 352 13 19 21 508 352.555110052      -0.35      1.50     -1.37  0.       -4528.183       6720.142       4352.252    0.000  -0.139   0.381   0.
  2017 352 13 19 22 508 352.555121626      -0.45      2.17     -0.36  0.       -4529.067       6719.872       4350.860    0.000  -0.139   0.381   0.
  2017 352 13 19 23 508 352.555133200      -0.28      1.94     -0.43  0.       -4529.951       6719.602       4349.469    0.000  -0.139   0.381   0.
  2017 352 13 19 24 508 352.555144774      -0.74      1.22     -0.81  0.       -4530.834       6719.331       4348.077    0.000  -0.139   0.381   0.
  2017 352 13 19 25 508 352.555156348      -0.82      0.80     -0.95  0.       -4531.717       6719.060       4346.685    0.000  -0.139   0.381   0.
  2017 352 13 19 26 508 352.555167923      -0.11      1.34     -1.99  0.       -4532.600       6718.789       4345.292    0.000  -0.139   0.381   0.
  2017 352 13 19 27 508 352.555179497      -0.63      1.46     -1.74  0.       -4533.483       6718.517       4343.899    0.000  -0.139   0.381   0.
  2017 352 13 19 28 508 352.555191071      -0.78      2.26     -1.42  0.       -4534.365       6718.245       4342.506    0.000  -0.139   0.381   0.
  2017 352 13 19 29 508 352.555202645      -0.42      2.34     -1.33  0.       -4535.247       6717.972       4341.113    0.000  -0.139   0.381   0.
  2017 352 13 19 30 508 352.555214219      -0.48      2.05     -0.87  0.       -4536.129       6717.700       4339.720    0.000  -0.139   0.381   0.
  2017 352 13 19 31 508 352.555225793      -0.35      1.83     -0.44  0.       -4537.011       6717.426       4338.326    0.000  -0.139   0.381   0.
  2017 352 13 19 32 508 352.555237367      -0.14      2.05     -0.67  0.       -4537.892       6717.153       4336.932    0.000  -0.139   0.381   0.
  2017 352 13 19 33 508 352.555248941      -0.51      1.61     -0.73  0.       -4538.773       6716.879       4335.538    0.000  -0.139   0.381   0.
  2017 352 13 19 34 508 352.555260512      -0.34      1.19     -1.30  0.       -4539.654       6716.604       4334.144    0.000  -0.139   0.381   0.
  2017 352 13 19 35 508 352.555272086      -0.65      0.88     -1.59  0.       -4540.535       6716.330       4332.749    0.000  -0.139   0.381   0.
  2017 352 13 19 36 508 352.555283660      -0.74      1.31     -1.78  0.       -4541.415       6716.055       4331.354    0.000  -0.139   0.381   0.
  2017 352 13 19 37 508 352.555295234      -0.73      1.81     -2.34  0.       -4542.295       6715.779       4329.959    0.000  -0.139   0.381   0.
  2017 352 13 19 38 508 352.555306808      -0.55      1.70     -2.99  0.       -4543.175       6715.503       4328.564    0.000  -0.139   0.381   0.
  2017 352 13 19 39 508 352.555318383      -1.08      1.86     -2.06  0.       -4544.055       6715.227       4327.168    0.000  -0.139   0.381   0.
  2017 352 13 19 40 508 352.555329957      -1.58      1.33     -1.01  0.       -4544.934       6714.950       4325.773    0.000  -0.139   0.381   0.
  2017 352 13 19 41 508 352.555341531      -1.51      0.97     -0.22  0.       -4545.813       6714.673       4324.377    0.000  -0.139   0.381   0.
  2017 352 13 19 42 508 352.555353105      -0.67      1.78     -0.61  0.       -4546.692       6714.396       4322.980    0.000  -0.139   0.381   0.
  2017 352 13 19 43 508 352.555364679      -0.55      2.11     -0.98  0.       -4547.571       6714.118       4321.584    0.000  -0.139   0.381   0.
  2017 352 13 19 44 508 352.555376253      -0.89      2.10     -0.90  0.       -4548.449       6713.840       4320.187    0.000  -0.139   0.381   0.
  2017 352 13 19 45 508 352.555387827      -0.45      1.81     -1.52  0.       -4549.327       6713.562       4318.790    0.000  -0.139   0.381   0.
  2017 352 13 19 46 508 352.555399401      -0.16      1.42     -1.90  0.       -4550.205       6713.283       4317.393    0.000  -0.139   0.381   0.
  2017 352 13 19 47 508 352.555410975      -0.77      1.28     -1.00  0.       -4551.083       6713.004       4315.995    0.000  -0.139   0.381   0.
  2017 352 13 19 48 508 352.555422549      -1.03      1.45     -1.01  0.       -4551.960       6712.724       4314.598    0.000  -0.139   0.381   0.
  2017 352 13 19 49 508 352.555434123      -0.97      1.39     -1.02  0.       -4552.837       6712.445       4313.200    0.000  -0.139   0.381   0.
  2017 352 13 19 50 508 352.555445697      -1.01      1.53     -1.21  0.       -4553.714       6712.164       4311.801    0.000  -0.139   0.381   0.
  2017 352 13 19 51 508 352.555457271      -0.94      1.51      0.00  0.       -4554.591       6711.884       4310.403    0.000  -0.139   0.381   0.
  2017 352 13 19 52 508 352.555468845      -0.99      2.20     -0.56  0.       -4555.467       6711.603       4309.004    0.000  -0.139   0.381   0.
  2017 352 13 19 53 508 352.555480420      -1.05      2.13     -1.03  0.       -4556.343       6711.321       4307.605    0.000  -0.139   0.381   0.
  2017 352 13 19 54 508 352.555491994      -1.76      1.99     -0.46  0.       -4557.219       6711.039       4306.206    0.000  -0.139   0.381   0.
  2017 352 13 19 55 508 352.555503568      -2.05      1.59     -0.64  0.       -4558.095       6710.757       4304.807    0.000  -0.139   0.381   0.
  2017 352 13 19 56 508 352.555515142      -1.33      1.31     -1.69  0.       -4558.970       6710.475       4303.407    0.000  -0.139   0.381   0.
  2017 352 13 19 57 508 352.555526716      -1.65      1.20     -0.99  0.       -4559.845       6710.192       4302.007    0.000  -0.139   0.381   0.
  2017 352 13 19 58 508 352.555538290      -2.01      1.32     -0.29  0.       -4560.720       6709.909       4300.607    0.000  -0.139   0.381   0.
  2017 352 13 19 59 508 352.555549864      -2.14      1.40      0.34  0.       -4561.595       6709.625       4299.207    0.000  -0.139   0.381   0.
  2017 352 13 20  0 508 352.555561438      -1.91      1.49      0.62  0.       -4562.469       6709.341       4297.806    0.000  -0.139   0.381   0.
  2017 352 13 20  1 508 352.555573012      -1.64      1.43      0.18  0.       -4563.343       6709.057       4296.406    0.000  -0.139   0.381   0.
  2017 352 13 20  2 508 352.555584586      -0.57      1.42     -1.00  0.       -4564.217       6708.772       4295.005    0.000  -0.139   0.381   0.
  2017 352 13 20  3 508 352.555596160       0.45      1.52     -1.61  0.       -4565.091       6708.487       4293.603    0.000  -0.139   0.381   0.
  2017 352 13 20  4 508 352.555607732      -0.26      0.79     -1.69  0.       -4565.964       6708.201       4292.202    0.000  -0.139   0.381   0.
  2017 352 13 20  5 507 352.555619306       0.37      1.36     -1.21  0.       -4566.837       6707.915       4290.800    0.000  -0.139   0.381   0.
  2017 352 13 20  6 507 352.555630880       0.08      1.62     -1.95  0.       -4567.710       6707.629       4289.398    0.000  -0.139   0.381   0.
  2017 352 13 20  7 508 352.555642454      -0.72      0.86     -1.48  0.       -4568.583       6707.343       4287.996    0.000  -0.139   0.381   0.
  2017 352 13 20  8 508 352.555654028      -0.67      1.68     -0.91  0.       -4569.455       6707.055       4286.593    0.000  -0.139   0.381   0.
  2017 352 13 20  9 508 352.555665602      -0.33      2.19     -1.21  0.       -4570.327       6706.768       4285.190    0.000  -0.139   0.381   0.
  2017 352 13 20 10 508 352.555677176      -0.11      2.15     -1.10  0.       -4571.199       6706.480       4283.788    0.000  -0.139   0.381   0.
  2017 352 13 20 11 508 352.555688750       0.45      1.67     -1.15  0.       -4572.070       6706.193       4282.384    0.000  -0.139   0.381   0.
  2017 352 13 20 12 507 352.555700324       0.65      1.25     -1.08  0.       -4572.942       6705.904       4280.981    0.000  -0.139   0.381   0.
  2017 352 13 20 13 507 352.555711898       0.25      1.70     -0.46  0.       -4573.813       6705.615       4279.577    0.000  -0.139   0.381   0.
  2017 352 13 20 14 507 352.555723472       0.13      1.70     -0.74  0.       -4574.684       6705.326       4278.173    0.000  -0.139   0.381   0.
  2017 352 13 20 15 507 352.555735046      -0.12      1.66     -0.80  0.       -4575.554       6705.036       4276.769    0.000  -0.139   0.381   0.
  2017 352 13 20 16 508 352.555746620      -0.77      1.16     -1.02  0.       -4576.424       6704.746       4275.365    0.000  -0.139   0.381   0.
  2017 352 13 20 17 508 352.555758194      -1.24      0.97     -1.54  0.       -4577.295       6704.456       4273.960    0.000  -0.139   0.381   0.
  2017 352 13 20 18 507 352.555769769      -1.15      0.76     -1.74  0.       -4578.164       6704.165       4272.555    0.000  -0.139   0.381   0.
  2017 352 13 20 19 507 352.555781343      -1.21      1.15     -1.35  0.       -4579.034       6703.874       4271.150    0.000  -0.139   0.381   0.
  2017 352 13 20 20 508 352.555792917      -0.37      1.19     -2.06  0.       -4579.903       6703.583       4269.745    0.000  -0.139   0.381   0.
  2017 352 13 20 21 508 352.555804491      -0.15      0.42     -1.96  0.       -4580.772       6703.291       4268.339    0.000  -0.139   0.381   0.
  2017 352 13 20 22 508 352.555816065      -0.79      0.98     -0.51  0.       -4581.641       6702.999       4266.934    0.000  -0.139   0.381   0.
  2017 352 13 20 23 508 352.555827639      -0.21      1.54      0.35  0.       -4582.510       6702.706       4265.528    0.000  -0.139   0.381   0.
  2017 352 13 20 24 508 352.555839213      -0.05      1.92     -0.75  0.       -4583.378       6702.414       4264.121    0.000  -0.139   0.381   0.
  2017 352 13 20 25 507 352.555850787      -0.03      1.74     -1.33  0.       -4584.246       6702.120       4262.715    0.000  -0.139   0.381   0.
  2017 352 13 20 26 507 352.555862361      -0.12      1.12     -0.98  0.       -4585.114       6701.827       4261.308    0.000  -0.139   0.381   0.
  2017 352 13 20 27 507 352.555873935       0.07      0.79     -0.59  0.       -4585.981       6701.533       4259.901    0.000  -0.139   0.381   0.
  2017 352 13 20 28 507 352.555885509       0.16      1.76     -1.36  0.       -4586.848       6701.238       4258.494    0.000  -0.139   0.381   0.
  2017 352 13 20 29 507 352.555897083      -0.28      1.51     -0.92  0.       -4587.715       6700.943       4257.086    0.000  -0.139   0.381   0.
  2017 352 13 20 30 508 352.555908657      -0.48      0.81     -1.55  0.       -4588.582       6700.648       4255.679    0.000  -0.139   0.381   0.
  2017 352 13 20 31 508 352.555920231      -0.29      0.75     -1.99  0.       -4589.449       6700.353       4254.271    0.000  -0.139   0.381   0.
  2017 352 13 20 32 507 352.555931806       0.22      1.22     -2.43  0.       -4590.315       6700.057       4252.863    0.000  -0.139   0.381   0.
  2017 352 13 20 33 507 352.555943380       0.72      0.79     -2.84  0.       -4591.181       6699.761       4251.454    0.000  -0.139   0.381   0.
  2017 352 13 20 34 507 352.555954951      -0.05      0.80     -2.54  0.       -4592.047       6699.464       4250.046    0.000  -0.139   0.381   0.
  2017 352 13 20 35 507 352.555966525      -1.03      1.08     -1.51  0.       -4592.912       6699.167       4248.637    0.000  -0.139   0.381   0.
  2017 352 13 20 36 507 352.555978099      -1.79      1.17     -0.87  0.       -4593.777       6698.869       4247.228    0.000  -0.139   0.381   0.
  2017 352 13 20 37 507 352.555989673      -1.89      1.47     -1.31  0.       -4594.642       6698.572       4245.818    0.000  -0.139   0.381   0.
  2017 352 13 20 38 507 352.556001247      -1.88      1.16     -1.39  0.       -4595.507       6698.274       4244.409    0.000  -0.139   0.381   0.
  2017 352 13 20 39 507 352.556012821      -1.97      0.75     -0.26  0.       -4596.372       6697.975       4242.999    0.000  -0.139   0.381   0.
  2017 352 13 20 40 507 352.556024395      -1.50      0.58      0.42  0.       -4597.236       6697.676       4241.589    0.000  -0.139   0.381   0.
  2017 352 13 20 41 507 352.556035969      -0.41      0.84     -0.93  0.       -4598.100       6697.377       4240.178    0.000  -0.139   0.381   0.
  2017 352 13 20 42 507 352.556047543      -0.14      0.99     -1.46  0.       -4598.963       6697.077       4238.768    0.000  -0.139   0.381   0.
  2017 352 13 20 43 507 352.556059117      -0.22      0.90     -0.14  0.       -4599.826       6696.777       4237.357    0.000  -0.139   0.381   0.
  2017 352 13 20 44 507 352.556070692      -0.38      1.21     -0.60  0.       -4600.690       6696.477       4235.946    0.000  -0.139   0.381   0.
  2017 352 13 20 45 507 352.556082266      -0.57      1.13      0.06  0.       -4601.553       6696.176       4234.535    0.000  -0.139   0.381   0.
  2017 352 13 20 46 507 352.556093840      -0.42      1.48      0.62  0.       -4602.415       6695.875       4233.123    0.000  -0.139   0.381   0.
  2017 352 13 20 47 507 352.556105414      -0.60      1.92      0.25  0.       -4603.278       6695.574       4231.712    0.000  -0.139   0.381   0.
  2017 352 13 20 48 507 352.556116988      -0.44      2.24     -0.24  0.       -4604.140       6695.272       4230.300    0.000  -0.139   0.381   0.
  2017 352 13 20 49 507 352.556128562       0.01      1.63     -0.43  0.       -4605.002       6694.970       4228.888    0.000  -0.139   0.381   0.
  2017 352 13 20 50 507 352.556140136       0.21      1.87     -0.47  0.       -4605.863       6694.667       4227.475    0.000  -0.139   0.381   0.
  2017 352 13 20 51 507 352.556151710       0.12      1.88     -0.70  0.       -4606.725       6694.364       4226.063    0.000  -0.139   0.381   0.
  2017 352 13 20 52 507 352.556163284      -0.14      1.76     -1.11  0.       -4607.586       6694.061       4224.650    0.000  -0.139   0.381   0.
  2017 352 13 20 53 507 352.556174858      -0.69      2.00     -1.43  0.       -4608.447       6693.757       4223.236    0.000  -0.139   0.381   0.
  2017 352 13 20 54 507 352.556186432      -1.04      2.23     -1.51  0.       -4609.307       6693.453       4221.823    0.000  -0.139   0.381   0.
  2017 352 13 20 55 507 352.556198006      -0.66      1.63     -1.56  0.       -4610.168       6693.148       4220.410    0.000  -0.139   0.381   0.
  2017 352 13 20 56 507 352.556209580      -0.34      1.35     -1.68  0.       -4611.028       6692.844       4218.996    0.000  -0.139   0.381   0.
  2017 352 13 20 57 507 352.556221155      -0.25      1.63     -1.90  0.       -4611.888       6692.538       4217.582    0.000  -0.139   0.381   0.
  2017 352 13 20 58 507 352.556232729      -0.42      1.23     -1.67  0.       -4612.747       6692.233       4216.167    0.000  -0.139   0.381   0.
  2017 352 13 20 59 507 352.556244303       0.46      0.90     -1.85  0.       -4613.606       6691.927       4214.753    0.000  -0.139   0.381   0.
  2017 352 13 21  0 507 352.556255877       0.03      1.46     -1.79  0.       -4614.466       6691.620       4213.338    0.000  -0.139   0.381   0.
  2017 352 13 21  1 507 352.556267451      -0.92      1.81     -1.96  0.       -4615.324       6691.314       4211.923    0.000  -0.139   0.381   0.
  2017 352 13 21  2 507 352.556279025      -1.07      1.49     -1.72  0.       -4616.183       6691.007       4210.508    0.000  -0.139   0.381   0.
  2017 352 13 21  3 507 352.556290599      -0.96      1.35     -0.81  0.       -4617.041       6690.699       4209.092    0.000  -0.139   0.381   0.
  2017 352 13 21  4 507 352.556302170      -0.69      1.62     -1.13  0.       -4617.899       6690.391       4207.677    0.000  -0.139   0.381   0.
  2017 352 13 21  5 507 352.556313744       0.13      0.99     -1.70  0.       -4618.757       6690.083       4206.261    0.000  -0.139   0.381   0.
  2017 352 13 21  6 507 352.556325318       0.32      1.13     -1.55  0.       -4619.614       6689.775       4204.845    0.000  -0.139   0.381   0.
  2017 352 13 21  7 507 352.556336892       0.19      0.28     -1.66  0.       -4620.472       6689.466       4203.428    0.000  -0.139   0.381   0.
  2017 352 13 21  8 507 352.556348466      -0.09      0.37     -0.76  0.       -4621.329       6689.156       4202.011    0.000  -0.139   0.381   0.
  2017 352 13 21  9 507 352.556360041       0.04      1.34     -1.36  0.       -4622.186       6688.847       4200.595    0.000  -0.139   0.381   0.
  2017 352 13 21 10 507 352.556371615       0.21      1.38     -2.00  0.       -4623.042       6688.537       4199.177    0.000  -0.139   0.381   0.
  2017 352 13 21 11 507 352.556383189      -0.04      0.91     -1.91  0.       -4623.898       6688.226       4197.760    0.000  -0.139   0.381   0.
  2017 352 13 21 12 507 352.556394763      -1.07      1.16     -0.86  0.       -4624.754       6687.915       4196.342    0.000  -0.139   0.381   0.
  2017 352 13 21 13 507 352.556406337      -1.22      0.90      0.11  0.       -4625.610       6687.604       4194.925    0.000  -0.139   0.381   0.
  2017 352 13 21 14 507 352.556417911      -0.29      1.51     -0.42  0.       -4626.465       6687.293       4193.507    0.000  -0.139   0.381   0.
  2017 352 13 21 15 507 352.556429485       0.04      1.81     -1.19  0.       -4627.321       6686.981       4192.088    0.000  -0.139   0.381   0.
  2017 352 13 21 16 507 352.556441059      -0.39      2.07     -1.11  0.       -4628.175       6686.668       4190.670    0.000  -0.139   0.381   0.
  2017 352 13 21 17 507 352.556452633      -0.39      1.82     -1.52  0.       -4629.030       6686.356       4189.251    0.000  -0.139   0.381   0.
  2017 352 13 21 18 507 352.556464207      -0.81      0.54     -1.55  0.       -4629.885       6686.043       4187.832    0.000  -0.139   0.381   0.
  2017 352 13 21 19 507 352.556475781      -1.09      0.68     -2.16  0.       -4630.739       6685.729       4186.413    0.000  -0.139   0.381   0.
  2017 352 13 21 20 507 352.556487355      -0.95      1.21     -1.82  0.       -4631.593       6685.415       4184.993    0.000  -0.139   0.381   0.
  2017 352 13 21 21 507 352.556498929      -0.99      1.40     -1.54  0.       -4632.446       6685.101       4183.574    0.000  -0.139   0.381   0.
  2017 352 13 21 22 507 352.556510504      -1.14      1.08     -0.58  0.       -4633.300       6684.787       4182.154    0.000  -0.139   0.381   0.
  2017 352 13 21 23 507 352.556522078       0.12      1.50     -0.79  0.       -4634.153       6684.472       4180.734    0.000  -0.139   0.381   0.
  2017 352 13 21 24 507 352.556533652      -0.17      1.59     -0.85  0.       -4635.006       6684.156       4179.313    0.000  -0.139   0.381   0.
  2017 352 13 21 25 507 352.556545226      -0.09      1.40     -0.81  0.       -4635.858       6683.841       4177.892    0.000  -0.139   0.381   0.
  2017 352 13 21 26 507 352.556556800      -0.17      0.90     -0.80  0.       -4636.710       6683.525       4176.472    0.000  -0.139   0.381   0.
  2017 352 13 21 27 507 352.556568374      -0.01      0.86     -0.68  0.       -4637.563       6683.208       4175.050    0.000  -0.139   0.381   0.
  2017 352 13 21 28 507 352.556579948      -0.13      0.72     -0.81  0.       -4638.414       6682.891       4173.629    0.000  -0.139   0.381   0.
  2017 352 13 21 29 507 352.556591522       0.27      1.33     -1.05  0.       -4639.266       6682.574       4172.207    0.000  -0.139   0.381   0.
  2017 352 13 21 30 507 352.556603096       0.77      1.43     -1.35  0.       -4640.117       6682.257       4170.786    0.000  -0.139   0.381   0.
  2017 352 13 21 31 507 352.556614670       0.24      1.41     -0.78  0.       -4640.968       6681.939       4169.364    0.000  -0.139   0.381   0.
  2017 352 13 21 32 507 352.556626244      -0.31      1.75     -0.72  0.       -4641.819       6681.620       4167.941    0.000  -0.139   0.381   0.
  2017 352 13 21 33 507 352.556637818      -0.40      1.86     -0.34  0.       -4642.670       6681.302       4166.519    0.000  -0.139   0.381   0.
  2017 352 13 21 34 507 352.556649392      -0.56      1.65     -0.17  0.       -4643.520       6680.983       4165.096    0.000  -0.139   0.381   0.
  2017 352 13 21 35 507 352.556660966      -1.14      1.08      0.10  0.       -4644.370       6680.663       4163.673    0.000  -0.139   0.381   0.
  2017 352 13 21 36 507 352.556672538      -0.46      1.24     -0.50  0.       -4645.220       6680.343       4162.250    0.000  -0.139   0.381   0.
  2017 352 13 21 37 507 352.556684112       0.26      1.65     -0.75  0.       -4646.069       6680.023       4160.827    0.000  -0.139   0.381   0.
  2017 352 13 21 38 507 352.556695686       0.23      2.19     -1.06  0.       -4646.918       6679.703       4159.403    0.000  -0.139   0.381   0.
  2017 352 13 21 39 507 352.556707260      -0.74      2.66     -0.88  0.       -4647.767       6679.382       4157.979    0.000  -0.139   0.381   0.
  2017 352 13 21 40 507 352.556718834      -1.04      1.58     -1.46  0.       -4648.616       6679.061       4156.555    0.000  -0.139   0.381   0.
  2017 352 13 21 41 507 352.556730408      -0.67      1.07     -1.51  0.       -4649.464       6678.739       4155.130    0.000  -0.139   0.381   0.
  2017 352 13 21 42 507 352.556741982      -0.42      0.81     -1.88  0.       -4650.312       6678.417       4153.706    0.000  -0.139   0.381   0.
  2017 352 13 21 43 507 352.556753556      -0.93      0.81     -2.26  0.       -4651.160       6678.094       4152.281    0.000  -0.139   0.381   0.
  2017 352 13 21 44 507 352.556765130      -1.59      0.32     -1.36  0.       -4652.008       6677.772       4150.856    0.000  -0.139   0.381   0.
  2017 352 13 21 45 507 352.556776704      -1.64      0.46     -0.62  0.       -4652.855       6677.448       4149.431    0.000  -0.139   0.381   0.
  2017 352 13 21 46 507 352.556788278      -1.16      0.77     -1.26  0.       -4653.703       6677.125       4148.005    0.000  -0.139   0.381   0.
  2017 352 13 21 47 507 352.556799852      -0.72      0.83     -1.52  0.       -4654.549       6676.801       4146.579    0.000  -0.139   0.381   0.
  2017 352 13 21 48 507 352.556811427      -0.69      1.86     -1.13  0.       -4655.396       6676.477       4145.153    0.000  -0.139   0.381   0.
  2017 352 13 21 49 507 352.556823001      -0.97      1.97     -0.39  0.       -4656.242       6676.152       4143.727    0.000  -0.139   0.381   0.
  2017 352 13 21 50 507 352.556834575      -1.35      1.96     -0.30  0.       -4657.088       6675.827       4142.301    0.000  -0.139   0.381   0.
  2017 352 13 21 51 507 352.556846149      -0.56      2.10     -1.52  0.       -4657.934       6675.501       4140.874    0.000  -0.139   0.381   0.
  2017 352 13 21 52 507 352.556857723      -0.02      2.32     -2.33  0.       -4658.780       6675.176       4139.447    0.000  -0.139   0.381   0.
  2017 352 13 21 53 507 352.556869297      -0.33      1.55     -2.30  0.       -4659.625       6674.849       4138.020    0.000  -0.139   0.381   0.
  2017 352 13 21 54 507 352.556880871      -0.48      1.19     -2.38  0.       -4660.470       6674.523       4136.592    0.000  -0.139   0.381   0.
  2017 352 13 21 55 507 352.556892445      -0.71      0.54     -2.04  0.       -4661.315       6674.196       4135.165    0.000  -0.139   0.381   0.
  2017 352 13 21 56 507 352.556904019      -0.77      0.18     -1.54  0.       -4662.159       6673.869       4133.737    0.000  -0.139   0.381   0.
  2017 352 13 21 57 507 352.556915593      -0.24      1.23     -1.58  0.       -4663.004       6673.541       4132.309    0.000  -0.139   0.381   0.
  2017 352 13 21 58 507 352.556927167      -0.84      2.05     -2.26  0.       -4663.848       6673.213       4130.880    0.000  -0.139   0.381   0.
  2017 352 13 21 59 507 352.556938741      -1.14      0.89     -2.15  0.       -4664.691       6672.885       4129.452    0.000  -0.139   0.381   0.
  2017 352 13 22  0 507 352.556950315      -1.18      0.78     -0.67  0.       -4665.535       6672.556       4128.023    0.000  -0.139   0.381   0.
  2017 352 13 22  1 507 352.556961889      -0.88      1.06      0.22  0.       -4666.378       6672.227       4126.594    0.000  -0.139   0.381   0.
  2017 352 13 22  2 507 352.556973464      -0.84      1.24      0.23  0.       -4667.221       6671.897       4125.165    0.000  -0.139   0.381   0.
  2017 352 13 22  3 507 352.556985038      -0.39      1.49     -0.19  0.       -4668.064       6671.567       4123.735    0.000  -0.139   0.381   0.
  2017 352 13 22  4 507 352.556996612      -0.40      1.20     -0.78  0.       -4668.906       6671.237       4122.305    0.000  -0.139   0.381   0.
  2017 352 13 22  5 507 352.557008185      -0.02      1.14     -1.13  0.       -4669.748       6670.906       4120.875    0.000  -0.139   0.381   0.
  2017 352 13 22  6 507 352.557019757       0.53      1.15     -1.56  0.       -4670.590       6670.575       4119.445    0.000  -0.139   0.381   0.
  2017 352 13 22  7 506 352.557031331       0.41      1.38     -2.35  0.       -4671.432       6670.244       4118.015    0.000  -0.139   0.381   0.
  2017 352 13 22  8 506 352.557042905      -0.06      1.27     -1.75  0.       -4672.273       6669.912       4116.584    0.000  -0.139   0.381   0.
  2017 352 13 22  9 506 352.557054479      -0.01      1.41     -1.66  0.       -4673.114       6669.580       4115.153    0.000  -0.139   0.381   0.
  2017 352 13 22 10 506 352.557066053       0.21      1.39     -1.59  0.       -4673.955       6669.247       4113.722    0.000  -0.139   0.381   0.
  2017 352 13 22 11 506 352.557077627       0.34      1.30     -1.12  0.       -4674.796       6668.914       4112.291    0.000  -0.139   0.381   0.
  2017 352 13 22 12 507 352.557089201      -0.07      1.36     -0.68  0.       -4675.636       6668.581       4110.859    0.000  -0.139   0.381   0.
  2017 352 13 22 13 507 352.557100775       0.04      1.68     -1.29  0.       -4676.476       6668.247       4109.427    0.000  -0.139   0.381   0.
  2017 352 13 22 14 506 352.557112350      -0.71      1.60     -0.90  0.       -4677.316       6667.913       4107.995    0.000  -0.139   0.381   0.
  2017 352 13 22 15 506 352.557123924      -0.89      1.34     -0.87  0.       -4678.155       6667.579       4106.563    0.000  -0.139   0.381   0.
  2017 352 13 22 16 507 352.557135498      -0.40      0.77     -1.16  0.       -4678.994       6667.244       4105.130    0.000  -0.139   0.381   0.
  2017 352 13 22 17 507 352.557147072      -0.04      0.68     -1.41  0.       -4679.833       6666.909       4103.698    0.000  -0.139   0.381   0.
  2017 352 13 22 18 507 352.557158646      -0.40      1.42     -1.11  0.       -4680.672       6666.573       4102.265    0.000  -0.139   0.381   0.
  2017 352 13 22 19 507 352.557170220      -0.92      1.24     -1.08  0.       -4681.511       6666.237       4100.831    0.000  -0.139   0.381   0.
  2017 352 13 22 20 507 352.557181794      -0.15      1.29     -1.81  0.       -4682.349       6665.901       4099.398    0.000  -0.139   0.381   0.
  2017 352 13 22 21 506 352.557193368       0.43      1.24     -1.91  0.       -4683.187       6665.564       4097.964    0.000  -0.139   0.381   0.
  2017 352 13 22 22 506 352.557204942       0.47      1.23     -1.71  0.       -4684.024       6665.227       4096.530    0.000  -0.139   0.381   0.
  2017 352 13 22 23 506 352.557216516      -0.55      0.96     -1.53  0.       -4684.862       6664.889       4095.096    0.000  -0.139   0.381   0.
  2017 352 13 22 24 506 352.557228090      -1.11      1.29     -1.14  0.       -4685.699       6664.552       4093.662    0.000  -0.139   0.381   0.
  2017 352 13 22 25 507 352.557239664      -0.99      1.70     -0.79  0.       -4686.536       6664.213       4092.227    0.000  -0.139   0.381   0.
  2017 352 13 22 26 507 352.557251238      -1.11      1.85     -0.89  0.       -4687.372       6663.875       4090.792    0.000  -0.139   0.381   0.
  2017 352 13 22 27 506 352.557262813      -0.42      1.77     -1.38  0.       -4688.209       6663.536       4089.357    0.000  -0.139   0.381   0.
  2017 352 13 22 28 506 352.557274387       0.17      1.74     -1.37  0.       -4689.045       6663.197       4087.922    0.000  -0.139   0.381   0.
  2017 352 13 22 29 507 352.557285961      -0.33      1.13     -2.04  0.       -4689.880       6662.857       4086.487    0.000  -0.139   0.381   0.
  2017 352 13 22 30 507 352.557297535      -1.33      1.12     -2.02  0.       -4690.716       6662.517       4085.051    0.000  -0.139   0.381   0.
  2017 352 13 22 31 507 352.557309109      -1.36      1.42     -1.74  0.       -4691.551       6662.176       4083.615    0.000  -0.139   0.381   0.
  2017 352 13 22 32 507 352.557320683      -0.79      1.46     -2.06  0.       -4692.386       6661.835       4082.179    0.000  -0.139   0.381   0.
  2017 352 13 22 33 507 352.557332257      -0.96      1.23     -1.35  0.       -4693.221       6661.494       4080.742    0.000  -0.139   0.381   0.
  2017 352 13 22 34 506 352.557343831      -0.80      1.68     -0.95  0.       -4694.056       6661.153       4079.305    0.000  -0.139   0.381   0.
  2017 352 13 22 35 506 352.557355405      -0.79      1.86     -1.32  0.       -4694.890       6660.811       4077.869    0.000  -0.139   0.381   0.
  2017 352 13 22 36 506 352.557366976      -1.51      1.29     -1.52  0.       -4695.724       6660.468       4076.431    0.000  -0.139   0.381   0.
  2017 352 13 22 37 506 352.557378550      -2.06      1.06     -0.97  0.       -4696.557       6660.126       4074.994    0.000  -0.139   0.381   0.
  2017 352 13 22 38 506 352.557390124      -1.61      1.32     -0.60  0.       -4697.391       6659.783       4073.556    0.000  -0.139   0.381   0.
  2017 352 13 22 39 506 352.557401698      -1.06      1.68     -0.51  0.       -4698.224       6659.439       4072.119    0.000  -0.139   0.381   0.
  2017 352 13 22 40 506 352.557413273      -0.46      1.81     -0.39  0.       -4699.057       6659.095       4070.680    0.000  -0.139   0.381   0.
  2017 352 13 22 41 506 352.557424847      -0.37      1.79     -0.14  0.       -4699.889       6658.751       4069.242    0.000  -0.139   0.381   0.
  2017 352 13 22 42 506 352.557436421      -0.45      1.42     -0.48  0.       -4700.722       6658.406       4067.804    0.000  -0.139   0.381   0.
  2017 352 13 22 43 506 352.557447995      -0.48      1.81     -0.55  0.       -4701.554       6658.061       4066.365    0.000  -0.139   0.381   0.
  2017 352 13 22 44 506 352.557459569      -0.39      2.12     -0.68  0.       -4702.386       6657.716       4064.926    0.000  -0.139   0.381   0.
  2017 352 13 22 45 506 352.557471143      -1.22      1.76     -1.38  0.       -4703.217       6657.370       4063.486    0.000  -0.139   0.381   0.
  2017 352 13 22 46 506 352.557482717      -1.15      0.64     -1.09  0.       -4704.049       6657.024       4062.047    0.000  -0.139   0.381   0.
  2017 352 13 22 47 506 352.557494291      -0.80     -0.50     -1.08  0.       -4704.880       6656.678       4060.607    0.000  -0.139   0.381   0.
  2017 352 13 22 48 506 352.557505865      -0.52      0.55     -0.73  0.       -4705.710       6656.331       4059.168    0.000  -0.139   0.381   0.
  2017 352 13 22 49 506 352.557517439      -0.06      1.92     -0.51  0.       -4706.541       6655.983       4057.727    0.000  -0.139   0.381   0.
  2017 352 13 22 50 506 352.557529013       0.16      1.68     -1.14  0.       -4707.371       6655.636       4056.287    0.000  -0.139   0.381   0.
  2017 352 13 22 51 506 352.557540587       0.23      1.07     -0.95  0.       -4708.201       6655.288       4054.847    0.000  -0.139   0.381   0.
  2017 352 13 22 52 506 352.557552161       0.08      1.12     -1.48  0.       -4709.031       6654.939       4053.406    0.000  -0.139   0.381   0.
  2017 352 13 22 53 506 352.557563736      -0.50      1.35     -1.51  0.       -4709.860       6654.591       4051.965    0.000  -0.139   0.381   0.
  2017 352 13 22 54 506 352.557575310      -1.24      0.76     -0.67  0.       -4710.689       6654.242       4050.523    0.000  -0.139   0.381   0.
  2017 352 13 22 55 506 352.557586884      -1.20      0.75     -0.13  0.       -4711.518       6653.892       4049.082    0.000  -0.139   0.381   0.
  2017 352 13 22 56 506 352.557598458      -0.62      1.36      0.22  0.       -4712.347       6653.542       4047.640    0.000  -0.139   0.381   0.
  2017 352 13 22 57 506 352.557610032      -0.32      1.82     -0.76  0.       -4713.175       6653.192       4046.198    0.000  -0.139   0.381   0.
  2017 352 13 22 58 506 352.557621606      -0.54      2.05     -2.01  0.       -4714.003       6652.841       4044.756    0.000  -0.139   0.381   0.
  2017 352 13 22 59 506 352.557633180      -0.65      2.23     -2.03  0.       -4714.831       6652.490       4043.313    0.000  -0.139   0.381   0.
  2017 352 13 23  0 506 352.557644754      -1.20      1.66     -1.85  0.       -4715.658       6652.138       4041.871    0.000  -0.139   0.381   0.
  2017 352 13 23  1 506 352.557656328      -1.13      1.20     -1.24  0.       -4716.486       6651.787       4040.428    0.000  -0.139   0.381   0.
  2017 352 13 23  2 506 352.557667902      -0.98      1.07     -1.29  0.       -4717.313       6651.435       4038.985    0.000  -0.139   0.381   0.
  2017 352 13 23  3 506 352.557679476      -1.50      1.06     -1.26  0.       -4718.140       6651.082       4037.541    0.000  -0.139   0.381   0.
  2017 352 13 23  4 506 352.557691050      -1.47      1.77     -1.39  0.       -4718.966       6650.729       4036.098    0.000  -0.139   0.381   0.
  2017 352 13 23  5 506 352.557702624      -0.44      1.20     -1.86  0.       -4719.792       6650.376       4034.654    0.000  -0.139   0.381   0.
  2017 352 13 23  6 506 352.557714196       0.09      0.22     -1.63  0.       -4720.618       6650.022       4033.210    0.000  -0.139   0.381   0.
  2017 352 13 23  7 506 352.557725770      -0.56      0.06     -0.60  0.       -4721.444       6649.668       4031.765    0.000  -0.139   0.381   0.
  2017 352 13 23  8 506 352.557737344      -0.76      0.06     -0.01  0.       -4722.269       6649.314       4030.321    0.000  -0.139   0.381   0.
  2017 352 13 23  9 506 352.557748918      -0.24      0.35     -0.81  0.       -4723.094       6648.959       4028.876    0.000  -0.139   0.381   0.
  2017 352 13 23 10 506 352.557760492      -1.24      1.30      0.08  0.       -4723.919       6648.604       4027.431    0.000  -0.139   0.381   0.
  2017 352 13 23 11 506 352.557772066      -1.57      2.40      0.21  0.       -4724.744       6648.248       4025.986    0.000  -0.139   0.381   0.
  2017 352 13 23 12 506 352.557783640      -1.56      2.01      0.24  0.       -4725.568       6647.892       4024.541    0.000  -0.139   0.381   0.
  2017 352 13 23 13 506 352.557795214      -1.40      1.19     -0.34  0.       -4726.392       6647.536       4023.095    0.000  -0.139   0.381   0.
  2017 352 13 23 14 506 352.557806788      -0.67      0.99     -0.77  0.       -4727.216       6647.179       4021.649    0.000  -0.139   0.381   0.
  2017 352 13 23 15 506 352.557818362      -0.21      2.13     -1.18  0.       -4728.039       6646.822       4020.203    0.000  -0.139   0.381   0.
  2017 352 13 23 16 506 352.557829936      -0.12      2.05     -0.60  0.       -4728.863       6646.465       4018.757    0.000  -0.139   0.381   0.
  2017 352 13 23 17 506 352.557841510      -0.51      1.98     -0.60  0.       -4729.686       6646.107       4017.310    0.000  -0.139   0.381   0.
  2017 352 13 23 18 506 352.557853085      -0.60      1.75     -0.48  0.       -4730.508       6645.749       4015.863    0.000  -0.139   0.381   0.
  2017 352 13 23 19 506 352.557864659      -0.50      1.80     -0.35  0.       -4731.331       6645.390       4014.416    0.000  -0.139   0.381   0.
  2017 352 13 23 20 506 352.557876233      -0.40      1.72     -0.96  0.       -4732.153       6645.031       4012.969    0.000  -0.139   0.381   0.
  2017 352 13 23 21 506 352.557887807      -0.11      1.79     -1.05  0.       -4732.975       6644.672       4011.521    0.000  -0.139   0.381   0.
  2017 352 13 23 22 506 352.557899381       0.03      2.16     -0.93  0.       -4733.796       6644.312       4010.074    0.000  -0.139   0.381   0.
  2017 352 13 23 23 506 352.557910955      -0.63      2.43     -1.73  0.       -4734.618       6643.952       4008.626    0.000  -0.139   0.381   0.
  2017 352 13 23 24 506 352.557922529      -1.27      2.18     -2.00  0.       -4735.439       6643.591       4007.178    0.000  -0.139   0.381   0.
  2017 352 13 23 25 506 352.557934103      -1.63      1.91     -1.75  0.       -4736.260       6643.231       4005.729    0.000  -0.139   0.381   0.
  2017 352 13 23 26 506 352.557945677      -2.03      1.52     -1.31  0.       -4737.080       6642.869       4004.280    0.000  -0.139   0.381   0.
  2017 352 13 23 27 506 352.557957251      -1.88      1.38     -0.70  0.       -4737.900       6642.508       4002.832    0.000  -0.139   0.381   0.
  2017 352 13 23 28 506 352.557968825      -1.76      1.76     -0.23  0.       -4738.720       6642.146       4001.383    0.000  -0.139   0.381   0.
  2017 352 13 23 29 506 352.557980399      -1.69      1.94     -0.05  0.       -4739.540       6641.783       3999.933    0.000  -0.139   0.381   0.
  2017 352 13 23 30 506 352.557991973      -1.26      1.12     -1.11  0.       -4740.360       6641.420       3998.484    0.000  -0.139   0.381   0.
  2017 352 13 23 31 506 352.558003547      -1.11      0.85     -0.95  0.       -4741.179       6641.057       3997.034    0.000  -0.139   0.381   0.
  2017 352 13 23 32 506 352.558015121      -0.29      0.59     -0.55  0.       -4741.998       6640.694       3995.584    0.000  -0.139   0.381   0.
  2017 352 13 23 33 506 352.558026696       0.61      1.51     -0.98  0.       -4742.816       6640.330       3994.134    0.000  -0.139   0.381   0.
  2017 352 13 23 34 506 352.558038270       0.65      1.31     -1.67  0.       -4743.635       6639.966       3992.683    0.000  -0.139   0.381   0.
  2017 352 13 23 35 506 352.558049843       0.40      2.02     -1.26  0.       -4744.453       6639.601       3991.232    0.000  -0.139   0.381   0.
  2017 352 13 23 36 506 352.558061415      -0.34      2.48     -0.20  0.       -4745.271       6639.236       3989.782    0.000  -0.139   0.381   0.
  2017 352 13 23 37 506 352.558072989      -0.95      2.05      0.86  0.       -4746.088       6638.870       3988.330    0.000  -0.139   0.381   0.
  2017 352 13 23 38 506 352.558084563      -1.12      1.59      0.36  0.       -4746.906       6638.505       3986.879    0.000  -0.139   0.381   0.
  2017 352 13 23 39 506 352.558096137      -0.46      1.06     -1.37  0.       -4747.723       6638.139       3985.427    0.000  -0.139   0.381   0.
  2017 352 13 23 40 506 352.558107711       0.15      1.59     -2.14  0.       -4748.539       6637.772       3983.976    0.000  -0.139   0.381   0.
  2017 352 13 23 41 506 352.558119285      -0.48      1.83     -1.61  0.       -4749.356       6637.405       3982.524    0.000  -0.139   0.381   0.
  2017 352 13 23 42 506 352.558130859      -0.42      1.42     -1.49  0.       -4750.172       6637.038       3981.071    0.000  -0.139   0.381   0.
  2017 352 13 23 43 506 352.558142433      -0.35      1.43     -1.73  0.       -4750.988       6636.670       3979.619    0.000  -0.139   0.381   0.
  2017 352 13 23 44 506 352.558154008      -0.33      0.89     -1.76  0.       -4751.804       6636.302       3978.166    0.000  -0.139   0.381   0.
  2017 352 13 23 45 506 352.558165582      -0.29      0.83     -1.76  0.       -4752.619       6635.933       3976.713    0.000  -0.139   0.381   0.
  2017 352 13 23 46 506 352.558177156      -0.90      1.79     -1.43  0.       -4753.434       6635.565       3975.260    0.000  -0.139   0.381   0.
  2017 352 13 23 47 506 352.558188730      -1.53      2.15     -0.59  0.       -4754.249       6635.195       3973.806    0.000  -0.139   0.381   0.
  2017 352 13 23 48 506 352.558200304      -1.38      1.82     -0.30  0.       -4755.064       6634.826       3972.353    0.000  -0.139   0.381   0.
  2017 352 13 23 49 506 352.558211878      -1.14      1.42     -0.96  0.       -4755.878       6634.456       3970.899    0.000  -0.139   0.381   0.
  2017 352 13 23 50 506 352.558223452      -0.93      1.16     -0.63  0.       -4756.692       6634.085       3969.445    0.000  -0.139   0.381   0.
  2017 352 13 23 51 506 352.558235026      -0.65      1.18     -1.28  0.       -4757.506       6633.715       3967.990    0.000  -0.139   0.381   0.
  2017 352 13 23 52 506 352.558246600      -0.27      1.41     -1.82  0.       -4758.319       6633.344       3966.536    0.000  -0.139   0.381   0.
  2017 352 13 23 53 506 352.558258174      -0.45      1.44     -2.31  0.       -4759.133       6632.972       3965.081    0.000  -0.139   0.381   0.
  2017 352 13 23 54 506 352.558269748      -1.25      1.70     -1.41  0.       -4759.946       6632.600       3963.626    0.000  -0.139   0.381   0.
  2017 352 13 23 55 506 352.558281322      -1.24      1.74     -1.13  0.       -4760.758       6632.228       3962.171    0.000  -0.139   0.381   0.
  2017 352 13 23 56 506 352.558292896      -1.55      1.06     -1.04  0.       -4761.571       6631.855       3960.715    0.000  -0.139   0.381   0.
  2017 352 13 23 57 506 352.558304471      -2.52      1.42     -1.08  0.       -4762.383       6631.482       3959.260    0.000  -0.139   0.381   0.
  2017 352 13 23 58 506 352.558316045      -2.48      1.14     -1.42  0.       -4763.195       6631.109       3957.804    0.000  -0.139   0.381   0.
  2017 352 13 23 59 506 352.558327619      -2.62      1.09     -1.27  0.       -4764.006       6630.735       3956.347    0.000  -0.139   0.381   0.
  2017 352 13 24  0 506 352.558339193      -2.42      1.02     -0.19  0.       -4764.817       6630.361       3954.891    0.000  -0.139   0.381   0.
  2017 352 13 24  1 506 352.558350767      -1.10      1.23     -0.17  0.       -4765.629       6629.987       3953.435    0.000  -0.139   0.381   0.
  2017 352 13 24  2 506 352.558362341      -0.37      0.98     -0.29  0.       -4766.439       6629.612       3951.978    0.000  -0.139   0.381   0.
  2017 352 13 24  3 506 352.558373915      -0.33      1.26     -0.47  0.       -4767.250       6629.236       3950.521    0.000  -0.139   0.381   0.
  2017 352 13 24  4 506 352.558385489      -0.34      1.83     -0.68  0.       -4768.060       6628.861       3949.063    0.000  -0.139   0.381   0.
  2017 352 13 24  5 505 352.558397063       0.04      1.11     -0.67  0.       -4768.870       6628.485       3947.606    0.000  -0.139   0.381   0.
  2017 352 13 24  6 505 352.558408634       0.80      1.61     -0.53  0.       -4769.680       6628.108       3946.148    0.000  -0.139   0.381   0.
  2017 352 13 24  7 505 352.558420208       0.93      2.26     -0.52  0.       -4770.489       6627.731       3944.690    0.000  -0.139   0.381   0.
  2017 352 13 24  8 506 352.558431782       0.96      1.43     -0.77  0.       -4771.298       6627.354       3943.232    0.000  -0.139   0.381   0.
  2017 352 13 24  9 506 352.558443356       0.94      1.02     -0.60  0.       -4772.107       6626.977       3941.774    0.000  -0.139   0.381   0.
  2017 352 13 24 10 505 352.558454931       1.09      1.34     -0.86  0.       -4772.915       6626.599       3940.315    0.000  -0.139   0.381   0.
  2017 352 13 24 11 505 352.558466505       0.35      1.35     -0.83  0.       -4773.724       6626.220       3938.856    0.000  -0.139   0.381   0.
  2017 352 13 24 12 506 352.558478079       0.05      1.29     -1.00  0.       -4774.532       6625.841       3937.397    0.000  -0.139   0.381   0.
  2017 352 13 24 13 506 352.558489653       0.46      1.18     -0.84  0.       -4775.340       6625.462       3935.938    0.000  -0.139   0.381   0.
  2017 352 13 24 14 506 352.558501227       0.92      1.21     -0.47  0.       -4776.147       6625.083       3934.478    0.000  -0.139   0.381   0.
  2017 352 13 24 15 506 352.558512801       0.92      1.89     -0.79  0.       -4776.954       6624.703       3933.018    0.000  -0.139   0.381   0.
  2017 352 13 24 16 505 352.558524375       0.89      1.41     -1.04  0.       -4777.761       6624.323       3931.558    0.000  -0.139   0.381   0.
  2017 352 13 24 17 505 352.558535949       0.56      1.36     -1.28  0.       -4778.568       6623.942       3930.098    0.000  -0.139   0.381   0.
  2017 352 13 24 18 505 352.558547523       0.04      1.18     -1.28  0.       -4779.374       6623.561       3928.638    0.000  -0.139   0.381   0.
  2017 352 13 24 19 505 352.558559097       0.33      1.03     -1.55  0.       -4780.180       6623.180       3927.177    0.000  -0.139   0.381   0.
  2017 352 13 24 20 505 352.558570671       0.71      1.31     -1.69  0.       -4780.986       6622.798       3925.716    0.000  -0.139   0.381   0.
  2017 352 13 24 21 506 352.558582245       0.51      1.40     -1.42  0.       -4781.792       6622.416       3924.255    0.000  -0.139   0.381   0.
  2017 352 13 24 22 506 352.558593819      -0.21      0.41     -2.13  0.       -4782.597       6622.033       3922.793    0.000  -0.139   0.381   0.
  2017 352 13 24 23 505 352.558605393       0.11      0.28     -2.46  0.       -4783.402       6621.650       3921.332    0.000  -0.139   0.381   0.
  2017 352 13 24 24 505 352.558616968      -0.75      0.41     -2.21  0.       -4784.207       6621.267       3919.870    0.000  -0.139   0.381   0.
  2017 352 13 24 25 506 352.558628542      -1.20     -0.24     -1.12  0.       -4785.011       6620.883       3918.408    0.000  -0.139   0.381   0.
  2017 352 13 24 26 506 352.558640116      -0.28      0.62     -0.71  0.       -4785.815       6620.499       3916.946    0.000  -0.139   0.381   0.
  2017 352 13 24 27 506 352.558651690      -1.04      1.71     -1.35  0.       -4786.619       6620.115       3915.483    0.000  -0.139   0.381   0.
  2017 352 13 24 28 506 352.558663264      -1.49      1.56     -1.17  0.       -4787.423       6619.730       3914.021    0.000  -0.139   0.381   0.
  2017 352 13 24 29 506 352.558674838      -1.77      1.26     -0.99  0.       -4788.226       6619.345       3912.558    0.000  -0.139   0.381   0.
  2017 352 13 24 30 505 352.558686412      -1.42      1.09     -0.31  0.       -4789.029       6618.959       3911.094    0.000  -0.139   0.381   0.
  2017 352 13 24 31 505 352.558697986      -0.67      1.23     -0.08  0.       -4789.832       6618.573       3909.631    0.000  -0.139   0.381   0.
  2017 352 13 24 32 505 352.558709560      -0.11      1.15     -0.64  0.       -4790.635       6618.187       3908.167    0.000  -0.139   0.381   0.
  2017 352 13 24 33 505 352.558721134      -0.05      1.12     -1.38  0.       -4791.437       6617.800       3906.704    0.000  -0.139   0.381   0.
  2017 352 13 24 34 505 352.558732708      -0.32      1.13     -1.64  0.       -4792.239       6617.413       3905.239    0.000  -0.139   0.381   0.
  2017 352 13 24 35 506 352.558744282      -1.44      0.80     -1.27  0.       -4793.040       6617.026       3903.775    0.000  -0.139   0.381   0.
  2017 352 13 24 36 506 352.558755856      -1.63      0.71     -1.50  0.       -4793.842       6616.638       3902.311    0.000  -0.139   0.381   0.
  2017 352 13 24 37 505 352.558767431      -0.75      0.45     -0.45  0.       -4794.643       6616.250       3900.846    0.000  -0.139   0.381   0.
  2017 352 13 24 38 505 352.558779002       0.14      1.55     -0.17  0.       -4795.444       6615.861       3899.381    0.000  -0.139   0.381   0.
  2017 352 13 24 39 505 352.558790576       0.08      1.47     -0.48  0.       -4796.244       6615.472       3897.916    0.000  -0.139   0.381   0.
  2017 352 13 24 40 505 352.558802150      -0.29      1.40     -0.14  0.       -4797.045       6615.083       3896.450    0.000  -0.139   0.381   0.
  2017 352 13 24 41 505 352.558813724      -0.69      1.38      0.50  0.       -4797.845       6614.693       3894.985    0.000  -0.139   0.381   0.
  2017 352 13 24 42 505 352.558825298      -0.93      1.52     -0.19  0.       -4798.645       6614.303       3893.519    0.000  -0.139   0.381   0.
  2017 352 13 24 43 505 352.558836872      -0.89      0.80      0.08  0.       -4799.444       6613.912       3892.053    0.000  -0.139   0.381   0.
  2017 352 13 24 44 505 352.558848446       0.38      1.48     -0.18  0.       -4800.243       6613.521       3890.586    0.000  -0.139   0.381   0.
  2017 352 13 24 45 505 352.558860020       0.94      1.66     -1.15  0.       -4801.042       6613.130       3889.120    0.000  -0.139   0.381   0.
  2017 352 13 24 46 505 352.558871594       0.45      2.29     -0.96  0.       -4801.841       6612.738       3887.653    0.000  -0.139   0.381   0.
  2017 352 13 24 47 505 352.558883168       0.16      1.88     -0.97  0.       -4802.639       6612.346       3886.186    0.000  -0.139   0.381   0.
  2017 352 13 24 48 505 352.558894742      -0.01      1.43     -0.59  0.       -4803.437       6611.954       3884.719    0.000  -0.139   0.381   0.
  2017 352 13 24 49 505 352.558906317       0.12      1.55     -1.18  0.       -4804.235       6611.561       3883.251    0.000  -0.139   0.381   0.
  2017 352 13 24 50 505 352.558917891      -0.09      1.13     -1.47  0.       -4805.033       6611.168       3881.784    0.000  -0.139   0.381   0.
  2017 352 13 24 51 505 352.558929465      -0.90      0.96     -1.26  0.       -4805.830       6610.774       3880.316    0.000  -0.139   0.381   0.
  2017 352 13 24 52 505 352.558941039      -1.35      1.22     -0.58  0.       -4806.627       6610.380       3878.848    0.000  -0.139   0.381   0.
  2017 352 13 24 53 505 352.558952613      -0.92      1.29      0.25  0.       -4807.424       6609.985       3877.379    0.000  -0.139   0.381   0.
  2017 352 13 24 54 505 352.558964187      -0.97      1.46     -0.13  0.       -4808.220       6609.591       3875.911    0.000  -0.139   0.381   0.
  2017 352 13 24 55 505 352.558975761      -0.60      0.53     -1.29  0.       -4809.016       6609.196       3874.442    0.000  -0.139   0.381   0.
  2017 352 13 24 56 505 352.558987335      -1.21      0.99     -1.31  0.       -4809.812       6608.800       3872.973    0.000  -0.139   0.381   0.
  2017 352 13 24 57 505 352.558998909      -0.89      1.46     -1.49  0.       -4810.608       6608.404       3871.504    0.000  -0.139   0.381   0.
  2017 352 13 24 58 505 352.559010483      -0.58      1.13     -2.09  0.       -4811.403       6608.008       3870.034    0.000  -0.139   0.381   0.
  2017 352 13 24 59 505 352.559022057      -1.02      0.27     -1.63  0.       -4812.198       6607.611       3868.565    0.000  -0.139   0.381   0.
  2017 352 13 25  0 505 352.559033631      -1.40      1.06      0.07  0.       -4812.993       6607.214       3867.095    0.000  -0.139   0.381   0.
  2017 352 13 25  1 505 352.559045205      -1.53      1.31      0.36  0.       -4813.787       6606.817       3865.625    0.000  -0.139   0.381   0.
  2017 352 13 25  2 505 352.559056780      -1.81      1.29      0.03  0.       -4814.581       6606.419       3864.154    0.000  -0.139   0.381   0.
  2017 352 13 25  3 505 352.559068354      -1.71      2.14     -0.93  0.       -4815.375       6606.021       3862.684    0.000  -0.139   0.381   0.
  2017 352 13 25  4 505 352.559079928      -2.09      1.84     -1.03  0.       -4816.169       6605.622       3861.213    0.000  -0.139   0.381   0.
  2017 352 13 25  5 505 352.559091502      -1.75      0.69     -0.14  0.       -4816.962       6605.223       3859.742    0.000  -0.139   0.381   0.
  2017 352 13 25  6 505 352.559103076      -1.28      0.40      0.25  0.       -4817.755       6604.824       3858.270    0.000  -0.139   0.381   0.
  2017 352 13 25  7 505 352.559114650      -1.27      0.81     -0.08  0.       -4818.548       6604.424       3856.799    0.000  -0.139   0.381   0.
  2017 352 13 25  8 505 352.559126221      -0.57      1.19     -1.41  0.       -4819.341       6604.024       3855.327    0.000  -0.139   0.381   0.
  2017 352 13 25  9 505 352.559137795       0.12      1.14     -1.83  0.       -4820.133       6603.624       3853.855    0.000  -0.139   0.381   0.
  2017 352 13 25 10 505 352.559149369       0.16      2.04     -1.13  0.       -4820.925       6603.223       3852.383    0.000  -0.139   0.381   0.
  2017 352 13 25 11 505 352.559160943       0.09      2.10     -0.69  0.       -4821.716       6602.822       3850.911    0.000  -0.139   0.381   0.
  2017 352 13 25 12 505 352.559172517       0.27      2.12     -1.28  0.       -4822.508       6602.420       3849.438    0.000  -0.139   0.381   0.
  2017 352 13 25 13 505 352.559184091      -0.35      0.94      0.10  0.       -4823.299       6602.018       3847.965    0.000  -0.139   0.381   0.
  2017 352 13 25 14 505 352.559195665      -0.61      0.30     -0.10  0.       -4824.090       6601.616       3846.492    0.000  -0.139   0.381   0.
  2017 352 13 25 15 505 352.559207240       0.03      1.04     -1.12  0.       -4824.880       6601.213       3845.019    0.000  -0.139   0.381   0.
  2017 352 13 25 16 505 352.559218814       0.26      1.54     -2.05  0.       -4825.671       6600.810       3843.546    0.000  -0.139   0.381   0.
  2017 352 13 25 17 505 352.559230388      -0.63      0.71     -1.50  0.       -4826.461       6600.406       3842.072    0.000  -0.139   0.381   0.
  2017 352 13 25 18 505 352.559241962      -0.18      0.88     -0.77  0.       -4827.250       6600.002       3840.598    0.000  -0.139   0.381   0.
  2017 352 13 25 19 505 352.559253536       0.39      1.22     -0.78  0.       -4828.040       6599.598       3839.124    0.000  -0.139   0.381   0.
  2017 352 13 25 20 505 352.559265110       0.28      1.68     -0.67  0.       -4828.829       6599.193       3837.649    0.000  -0.139   0.381   0.
  2017 352 13 25 21 505 352.559276684       0.72      2.24     -1.51  0.       -4829.618       6598.788       3836.175    0.000  -0.139   0.381   0.
  2017 352 13 25 22 505 352.559288258       0.38      2.10     -2.29  0.       -4830.406       6598.383       3834.700    0.000  -0.139   0.381   0.
  2017 352 13 25 23 505 352.559299832      -0.39      1.88     -2.38  0.       -4831.195       6597.977       3833.225    0.000  -0.139   0.381   0.
  2017 352 13 25 24 505 352.559311406      -1.17      1.63     -1.63  0.       -4831.983       6597.570       3831.750    0.000  -0.139   0.381   0.
  2017 352 13 25 25 505 352.559322980      -1.48      1.47     -1.51  0.       -4832.771       6597.164       3830.274    0.000  -0.139   0.381   0.
  2017 352 13 25 26 505 352.559334554      -1.29      1.20     -1.88  0.       -4833.558       6596.757       3828.798    0.000  -0.139   0.381   0.
  2017 352 13 25 27 505 352.559346129      -1.94      0.53     -2.33  0.       -4834.345       6596.349       3827.322    0.000  -0.139   0.381   0.
  2017 352 13 25 28 505 352.559357702      -1.99      0.44     -1.62  0.       -4835.132       6595.942       3825.846    0.000  -0.139   0.381   0.
  2017 352 13 25 29 505 352.559369277      -1.91      1.10     -1.97  0.       -4835.919       6595.533       3824.370    0.000  -0.139   0.381   0.
  2017 352 13 25 30 505 352.559380851      -1.73      0.51     -1.55  0.       -4836.705       6595.125       3822.893    0.000  -0.139   0.381   0.
  2017 352 13 25 31 505 352.559392425      -1.30      1.02     -0.82  0.       -4837.491       6594.716       3821.416    0.000  -0.139   0.381   0.
  2017 352 13 25 32 505 352.559403999      -0.32      1.74     -1.10  0.       -4838.277       6594.307       3819.939    0.000  -0.139   0.381   0.
  2017 352 13 25 33 505 352.559415573      -0.19      1.87     -1.68  0.       -4839.062       6593.897       3818.462    0.000  -0.139   0.381   0.
  2017 352 13 25 34 505 352.559427147      -0.31      1.86     -1.44  0.       -4839.848       6593.487       3816.985    0.000  -0.139   0.381   0.
  2017 352 13 25 35 505 352.559438721       0.23      0.99     -1.91  0.       -4840.633       6593.077       3815.507    0.000  -0.139   0.381   0.
  2017 352 13 25 36 505 352.559450295       0.76      0.24     -2.43  0.       -4841.417       6592.666       3814.029    0.000  -0.139   0.381   0.
  2017 352 13 25 37 505 352.559461869       0.31     -0.31     -1.92  0.       -4842.202       6592.254       3812.551    0.000  -0.139   0.381   0.
  2017 352 13 25 38 505 352.559473440      -0.34     -0.29     -2.02  0.       -4842.985       6591.843       3811.072    0.000  -0.139   0.381   0.
  2017 352 13 25 39 505 352.559485014      -0.92      0.37     -1.09  0.       -4843.770       6591.431       3809.594    0.000  -0.139   0.381   0.
  2017 352 13 25 40 505 352.559496589      -1.04      0.51     -0.83  0.       -4844.553       6591.018       3808.115    0.000  -0.139   0.381   0.
  2017 352 13 25 41 505 352.559508163      -1.38      0.06      0.15  0.       -4845.336       6590.606       3806.636    0.000  -0.139   0.381   0.
  2017 352 13 25 42 505 352.559519737      -1.26      0.66      0.93  0.       -4846.119       6590.193       3805.157    0.000  -0.139   0.381   0.
  2017 352 13 25 43 505 352.559531311      -1.30      1.77      0.25  0.       -4846.902       6589.779       3803.677    0.000  -0.139   0.381   0.
  2017 352 13 25 44 505 352.559542885      -0.97      2.20     -0.95  0.       -4847.684       6589.365       3802.197    0.000  -0.139   0.381   0.
  2017 352 13 25 45 505 352.559554459      -0.88      1.77      0.13  0.       -4848.466       6588.951       3800.717    0.000  -0.139   0.381   0.
  2017 352 13 25 46 505 352.559566033      -0.34      1.06     -0.79  0.       -4849.248       6588.536       3799.237    0.000  -0.139   0.381   0.
  2017 352 13 25 47 505 352.559577607      -0.20      1.17     -1.75  0.       -4850.030       6588.121       3797.757    0.000  -0.139   0.381   0.
  2017 352 13 25 48 505 352.559589181      -0.15      0.92     -1.51  0.       -4850.811       6587.705       3796.276    0.000  -0.139   0.381   0.
  2017 352 13 25 49 505 352.559600755       0.08      1.06     -1.93  0.       -4851.592       6587.289       3794.795    0.000  -0.139   0.381   0.
  2017 352 13 25 50 505 352.559612329      -0.03      1.15     -2.17  0.       -4852.373       6586.874       3793.314    0.000  -0.139   0.381   0.
  2017 352 13 25 51 505 352.559623903      -0.93      1.54     -1.71  0.       -4853.153       6586.457       3791.833    0.000  -0.139   0.381   0.
  2017 352 13 25 52 505 352.559635477      -1.18      1.71     -2.42  0.       -4853.933       6586.040       3790.352    0.000  -0.139   0.381   0.
  2017 352 13 25 53 505 352.559647052      -1.14      1.46     -2.53  0.       -4854.713       6585.622       3788.870    0.000  -0.139   0.381   0.
  2017 352 13 25 54 505 352.559658626      -1.47      0.90     -2.12  0.       -4855.493       6585.205       3787.388    0.000  -0.139   0.381   0.
  2017 352 13 25 55 505 352.559670200      -2.13      1.48     -1.09  0.       -4856.272       6584.787       3785.906    0.000  -0.139   0.381   0.
  2017 352 13 25 56 505 352.559681774      -1.79      2.16     -1.92  0.       -4857.051       6584.368       3784.423    0.000  -0.139   0.381   0.
  2017 352 13 25 57 505 352.559693348      -1.91      1.87     -2.15  0.       -4857.830       6583.949       3782.941    0.000  -0.139   0.381   0.
  2017 352 13 25 58 505 352.559704922      -1.29      0.27     -0.70  0.       -4858.608       6583.530       3781.458    0.000  -0.139   0.381   0.
  2017 352 13 25 59 505 352.559716496      -0.92      0.96      0.63  0.       -4859.386       6583.110       3779.975    0.000  -0.139   0.381   0.
  2017 352 13 26  0 505 352.559728070      -1.07      0.53     -0.64  0.       -4860.164       6582.690       3778.491    0.000  -0.139   0.381   0.
  2017 352 13 26  1 505 352.559739644      -0.50      0.84     -0.78  0.       -4860.942       6582.270       3777.008    0.000  -0.139   0.381   0.
  2017 352 13 26  2 505 352.559751218      -0.52      1.60     -0.62  0.       -4861.719       6581.849       3775.524    0.000  -0.139   0.381   0.
  2017 352 13 26  3 505 352.559762792      -0.22      1.83     -0.66  0.       -4862.496       6581.427       3774.040    0.000  -0.139   0.381   0.
  2017 352 13 26  4 505 352.559774366      -0.40      2.07     -1.33  0.       -4863.273       6581.006       3772.556    0.000  -0.139   0.381   0.
  2017 352 13 26  5 505 352.559785940      -0.01      1.20     -1.48  0.       -4864.049       6580.584       3771.072    0.000  -0.139   0.381   0.
  2017 352 13 26  6 505 352.559797514       0.37      0.86     -0.96  0.       -4864.825       6580.162       3769.587    0.000  -0.139   0.381   0.
  2017 352 13 26  7 505 352.559809088       0.18      0.77     -0.05  0.       -4865.601       6579.739       3768.102    0.000  -0.139   0.381   0.
  2017 352 13 26  8 505 352.559820660      -0.53      1.42      0.52  0.       -4866.377       6579.316       3766.617    0.000  -0.139   0.381   0.
  2017 352 13 26  9 505 352.559832234      -0.48      1.52     -0.09  0.       -4867.152       6578.892       3765.132    0.000  -0.139   0.381   0.
  2017 352 13 26 10 505 352.559843808      -0.06      1.31     -0.80  0.       -4867.927       6578.468       3763.647    0.000  -0.139   0.381   0.
  2017 352 13 26 11 505 352.559855382      -0.20      0.95     -1.56  0.       -4868.702       6578.044       3762.161    0.000  -0.139   0.381   0.
  2017 352 13 26 12 504 352.559866956      -0.46      0.68     -1.36  0.       -4869.476       6577.619       3760.675    0.000  -0.139   0.381   0.
  2017 352 13 26 13 504 352.559878530      -0.48     -0.03     -1.17  0.       -4870.250       6577.194       3759.189    0.000  -0.139   0.381   0.
  2017 352 13 26 14 504 352.559890104      -0.56      0.55     -1.13  0.       -4871.024       6576.769       3757.702    0.000  -0.139   0.381   0.
  2017 352 13 26 15 504 352.559901678      -0.53      1.05     -0.87  0.       -4871.798       6576.343       3756.216    0.000  -0.139   0.381   0.
  2017 352 13 26 16 504 352.559913252      -0.44      0.77     -0.94  0.       -4872.571       6575.916       3754.729    0.000  -0.139   0.381   0.
  2017 352 13 26 17 505 352.559924826      -0.30      0.85     -1.01  0.       -4873.344       6575.490       3753.242    0.000  -0.139   0.381   0.
  2017 352 13 26 18 505 352.559936400      -0.49      1.00     -1.73  0.       -4874.117       6575.063       3751.755    0.000  -0.139   0.381   0.
  2017 352 13 26 19 504 352.559947975      -0.45      0.42     -1.59  0.       -4874.889       6574.635       3750.267    0.000  -0.139   0.381   0.
  2017 352 13 26 20 504 352.559959549      -1.10      1.21     -1.34  0.       -4875.662       6574.208       3748.780    0.000  -0.139   0.381   0.
  2017 352 13 26 21 505 352.559971123      -1.15      1.15     -1.46  0.       -4876.433       6573.780       3747.292    0.000  -0.139   0.381   0.
  2017 352 13 26 22 505 352.559982697      -0.82      0.49     -1.37  0.       -4877.205       6573.351       3745.804    0.000  -0.139   0.381   0.
  2017 352 13 26 23 505 352.559994271      -0.28      0.07     -1.36  0.       -4877.976       6572.922       3744.315    0.000  -0.139   0.381   0.
  2017 352 13 26 24 505 352.560005845      -0.34      0.79     -1.28  0.       -4878.747       6572.493       3742.827    0.000  -0.139   0.381   0.
  2017 352 13 26 25 505 352.560017419      -0.76      1.46     -1.59  0.       -4879.518       6572.063       3741.338    0.000  -0.139   0.381   0.
  2017 352 13 26 26 504 352.560028993      -1.00      0.87     -1.69  0.       -4880.288       6571.633       3739.849    0.000  -0.139   0.381   0.
  2017 352 13 26 27 504 352.560040567      -0.93      0.72     -0.99  0.       -4881.059       6571.202       3738.360    0.000  -0.139   0.381   0.
  2017 352 13 26 28 504 352.560052141      -0.10      0.98     -0.27  0.       -4881.829       6570.772       3736.870    0.000  -0.139   0.381   0.
  2017 352 13 26 29 504 352.560063715       0.23      1.34     -0.28  0.       -4882.598       6570.340       3735.381    0.000  -0.139   0.381   0.
  2017 352 13 26 30 505 352.560075289       0.83      1.09     -0.91  0.       -4883.367       6569.908       3733.891    0.000  -0.139   0.381   0.
  2017 352 13 26 31 505 352.560086863       0.80      0.46     -1.24  0.       -4884.136       6569.476       3732.401    0.000  -0.139   0.381   0.
  2017 352 13 26 32 505 352.560098437       0.38      0.65     -0.47  0.       -4884.905       6569.044       3730.910    0.000  -0.139   0.381   0.
  2017 352 13 26 33 504 352.560110012      -0.21      1.28      0.19  0.       -4885.674       6568.611       3729.420    0.000  -0.139   0.381   0.
  2017 352 13 26 34 505 352.560121586       0.13      1.26     -0.37  0.       -4886.442       6568.178       3727.929    0.000  -0.139   0.381   0.
  2017 352 13 26 35 505 352.560133160       0.21      1.51     -0.38  0.       -4887.210       6567.745       3726.438    0.000  -0.139   0.381   0.
  2017 352 13 26 36 505 352.560144734       0.35      1.71     -0.92  0.       -4887.977       6567.311       3724.947    0.000  -0.139   0.381   0.
  2017 352 13 26 37 505 352.560156308       0.39      1.54     -1.91  0.       -4888.744       6566.876       3723.455    0.000  -0.139   0.381   0.
  2017 352 13 26 38 504 352.560167879      -0.02      1.58     -2.12  0.       -4889.511       6566.442       3721.964    0.000  -0.139   0.381   0.
  2017 352 13 26 39 504 352.560179453       0.44      1.39     -2.09  0.       -4890.278       6566.006       3720.472    0.000  -0.139   0.381   0.
  2017 352 13 26 40 504 352.560191027       0.85      0.62     -1.58  0.       -4891.044       6565.571       3718.980    0.000  -0.139   0.381   0.
  2017 352 13 26 41 504 352.560202601       1.20      0.31     -1.98  0.       -4891.811       6565.135       3717.488    0.000  -0.139   0.381   0.
  2017 352 13 26 42 504 352.560214175       0.97      0.38     -2.22  0.       -4892.576       6564.699       3715.995    0.000  -0.139   0.381   0.
  2017 352 13 26 43 504 352.560225749       0.26      0.36     -1.66  0.       -4893.342       6564.262       3714.502    0.000  -0.139   0.381   0.
  2017 352 13 26 44 504 352.560237323      -0.33      0.70     -0.97  0.       -4894.107       6563.825       3713.009    0.000  -0.139   0.381   0.
  2017 352 13 26 45 504 352.560248898      -0.75      0.98     -0.72  0.       -4894.872       6563.388       3711.516    0.000  -0.139   0.381   0.
  2017 352 13 26 46 504 352.560260472      -0.82      1.22     -1.79  0.       -4895.637       6562.950       3710.023    0.000  -0.139   0.381   0.
  2017 352 13 26 47 504 352.560272046      -0.69      0.12     -2.18  0.       -4896.401       6562.511       3708.529    0.000  -0.139   0.381   0.
  2017 352 13 26 48 504 352.560283620      -0.50     -0.08     -1.69  0.       -4897.165       6562.073       3707.035    0.000  -0.139   0.381   0.
  2017 352 13 26 49 504 352.560295194      -0.68      0.80     -1.20  0.       -4897.929       6561.634       3705.541    0.000  -0.139   0.381   0.
  2017 352 13 26 50 504 352.560306768      -0.87      1.89     -0.96  0.       -4898.693       6561.195       3704.047    0.000  -0.139   0.381   0.
  2017 352 13 26 51 504 352.560318342      -0.52      1.45     -1.66  0.       -4899.456       6560.755       3702.552    0.000  -0.139   0.381   0.
  2017 352 13 26 52 504 352.560329916      -0.65      1.12     -1.59  0.       -4900.219       6560.315       3701.058    0.000  -0.139   0.381   0.
  2017 352 13 26 53 504 352.560341490      -1.24      1.41     -1.05  0.       -4900.982       6559.874       3699.563    0.000  -0.139   0.381   0.
  2017 352 13 26 54 504 352.560353064      -1.12      1.55     -1.47  0.       -4901.744       6559.433       3698.068    0.000  -0.139   0.381   0.
  2017 352 13 26 55 504 352.560364638      -0.37      0.81     -1.96  0.       -4902.506       6558.992       3696.572    0.000  -0.139   0.381   0.
  2017 352 13 26 56 504 352.560376212      -0.63      0.85     -0.58  0.       -4903.268       6558.550       3695.077    0.000  -0.139   0.381   0.
  2017 352 13 26 57 504 352.560387786      -0.90      0.84     -0.56  0.       -4904.029       6558.108       3693.581    0.000  -0.139   0.381   0.
  2017 352 13 26 58 504 352.560399361      -0.57      0.72     -0.71  0.       -4904.791       6557.666       3692.085    0.000  -0.139   0.381   0.
  2017 352 13 26 59 504 352.560410935      -0.47      0.78     -0.87  0.       -4905.551       6557.223       3690.589    0.000  -0.139   0.381   0.
  2017 352 13 27  0 504 352.560422509      -0.54      1.79     -1.57  0.       -4906.312       6556.780       3689.092    0.000  -0.139   0.381   0.
  2017 352 13 27  1 504 352.560434083      -0.07      1.51     -1.06  0.       -4907.072       6556.336       3687.596    0.000  -0.139   0.381   0.
  2017 352 13 27  2 504 352.560445657      -0.45      1.43     -0.83  0.       -4907.832       6555.892       3686.099    0.000  -0.139   0.381   0.
  2017 352 13 27  3 504 352.560457231      -1.05      1.39     -1.45  0.       -4908.592       6555.447       3684.602    0.000  -0.139   0.381   0.
  2017 352 13 27  4 504 352.560468805      -1.02      0.73     -1.00  0.       -4909.352       6555.003       3683.104    0.000  -0.139   0.381   0.
  2017 352 13 27  5 504 352.560480379      -1.40      1.13     -0.54  0.       -4910.111       6554.557       3681.607    0.000  -0.139   0.381   0.
  2017 352 13 27  6 504 352.560491953      -1.09      1.89     -0.93  0.       -4910.870       6554.112       3680.109    0.000  -0.139   0.381   0.
  2017 352 13 27  7 504 352.560503527      -0.75      1.15     -0.96  0.       -4911.628       6553.666       3678.611    0.000  -0.139   0.381   0.
  2017 352 13 27  8 504 352.560515098      -1.18      1.41     -0.76  0.       -4912.387       6553.219       3677.113    0.000  -0.139   0.381   0.
  2017 352 13 27  9 504 352.560526673      -0.74      1.49     -0.48  0.       -4913.145       6552.773       3675.614    0.000  -0.139   0.381   0.
  2017 352 13 27 10 504 352.560538247      -0.88      1.29     -0.10  0.       -4913.903       6552.326       3674.116    0.000  -0.139   0.381   0.
  2017 352 13 27 11 504 352.560549821      -1.45      1.89     -0.55  0.       -4914.660       6551.878       3672.617    0.000  -0.139   0.381   0.
  2017 352 13 27 12 504 352.560561395      -1.32      1.52     -0.98  0.       -4915.417       6551.430       3671.118    0.000  -0.139   0.381   0.
  2017 352 13 27 13 504 352.560572969      -1.14      0.77     -1.06  0.       -4916.174       6550.982       3669.618    0.000  -0.139   0.381   0.
  2017 352 13 27 14 504 352.560584543      -0.79      0.49     -0.55  0.       -4916.930       6550.533       3668.119    0.000  -0.139   0.381   0.
  2017 352 13 27 15 504 352.560596117      -0.41      0.76     -0.44  0.       -4917.687       6550.084       3666.619    0.000  -0.139   0.381   0.
  2017 352 13 27 16 504 352.560607691       0.41      1.55     -1.27  0.       -4918.443       6549.635       3665.119    0.000  -0.139   0.381   0.
  2017 352 13 27 17 504 352.560619265       0.45      1.86     -1.35  0.       -4919.198       6549.185       3663.619    0.000  -0.139   0.381   0.
  2017 352 13 27 18 504 352.560630839       0.20      1.92     -1.30  0.       -4919.954       6548.735       3662.119    0.000  -0.139   0.381   0.
  2017 352 13 27 19 504 352.560642413       0.02      1.64     -0.80  0.       -4920.709       6548.284       3660.618    0.000  -0.139   0.381   0.
  2017 352 13 27 20 504 352.560653987       0.15      1.60     -1.62  0.       -4921.464       6547.833       3659.117    0.000  -0.139   0.381   0.
  2017 352 13 27 21 504 352.560665561       0.60      1.30     -2.37  0.       -4922.218       6547.382       3657.616    0.000  -0.139   0.381   0.
  2017 352 13 27 22 504 352.560677135       0.57      1.14     -1.84  0.       -4922.973       6546.930       3656.115    0.000  -0.139   0.381   0.
  2017 352 13 27 23 504 352.560688710       0.21      1.15     -1.33  0.       -4923.726       6546.478       3654.614    0.000  -0.139   0.381   0.
  2017 352 13 27 24 504 352.560700284       0.04      1.58     -1.53  0.       -4924.480       6546.025       3653.112    0.000  -0.139   0.381   0.
  2017 352 13 27 25 504 352.560711858      -0.20      1.41     -1.87  0.       -4925.233       6545.572       3651.610    0.000  -0.139   0.381   0.
  2017 352 13 27 26 504 352.560723432      -0.17      1.64     -1.91  0.       -4925.987       6545.119       3650.108    0.000  -0.139   0.381   0.
  2017 352 13 27 27 504 352.560735006       0.51      1.61     -2.09  0.       -4926.739       6544.665       3648.606    0.000  -0.139   0.381   0.
  2017 352 13 27 28 504 352.560746580       0.80      0.91     -2.66  0.       -4927.492       6544.211       3647.103    0.000  -0.139   0.381   0.
  2017 352 13 27 29 504 352.560758154       0.93      0.65     -2.92  0.       -4928.244       6543.756       3645.600    0.000  -0.139   0.381   0.
  2017 352 13 27 30 504 352.560769728       0.40      0.49     -2.06  0.       -4928.996       6543.302       3644.097    0.000  -0.139   0.381   0.
  2017 352 13 27 31 504 352.560781302       0.07      0.48     -1.84  0.       -4929.747       6542.846       3642.594    0.000  -0.139   0.381   0.
  2017 352 13 27 32 504 352.560792876      -0.28      0.85     -1.24  0.       -4930.499       6542.391       3641.091    0.000  -0.139   0.381   0.
  2017 352 13 27 33 504 352.560804450      -0.92      1.04     -0.65  0.       -4931.250       6541.934       3639.587    0.000  -0.139   0.381   0.
  2017 352 13 27 34 504 352.560816024      -1.07      1.42     -0.25  0.       -4932.001       6541.478       3638.083    0.000  -0.139   0.381   0.
  2017 352 13 27 35 504 352.560827598      -0.76      1.74     -0.09  0.       -4932.751       6541.021       3636.579    0.000  -0.139   0.381   0.
  2017 352 13 27 36 504 352.560839173      -0.38      1.81     -0.53  0.       -4933.501       6540.564       3635.075    0.000  -0.139   0.381   0.
  2017 352 13 27 37 504 352.560850746       0.07      2.11     -1.18  0.       -4934.251       6540.106       3633.571    0.000  -0.139   0.381   0.
  2017 352 13 27 38 504 352.560862318       0.73      1.39     -0.87  0.       -4935.000       6539.648       3632.066    0.000  -0.139   0.381   0.
  2017 352 13 27 39 504 352.560873892       0.01      1.54     -0.27  0.       -4935.750       6539.190       3630.561    0.000  -0.139   0.381   0.
  2017 352 13 27 40 504 352.560885466      -0.78      1.24     -0.39  0.       -4936.499       6538.731       3629.056    0.000  -0.139   0.381   0.
  2017 352 13 27 41 504 352.560897040      -0.53      1.32     -0.55  0.       -4937.247       6538.272       3627.550    0.000  -0.139   0.381   0.
  2017 352 13 27 42 504 352.560908614      -0.13      1.43     -0.91  0.       -4937.996       6537.812       3626.045    0.000  -0.139   0.381   0.
  2017 352 13 27 43 504 352.560920188      -0.02      1.34     -1.01  0.       -4938.744       6537.352       3624.539    0.000  -0.139   0.381   0.
  2017 352 13 27 44 504 352.560931762      -0.06      1.56     -1.05  0.       -4939.492       6536.892       3623.033    0.000  -0.139   0.381   0.
  2017 352 13 27 45 504 352.560943336      -0.08      1.48     -1.14  0.       -4940.239       6536.431       3621.527    0.000  -0.139   0.381   0.
  2017 352 13 27 46 504 352.560954910      -0.85      1.45     -0.22  0.       -4940.986       6535.970       3620.020    0.000  -0.139   0.381   0.
  2017 352 13 27 47 504 352.560966484      -1.49      1.66      0.87  0.       -4941.733       6535.509       3618.514    0.000  -0.139   0.381   0.
  2017 352 13 27 48 504 352.560978058      -1.81      1.52     -0.11  0.       -4942.480       6535.047       3617.007    0.000  -0.139   0.381   0.
  2017 352 13 27 49 504 352.560989633      -1.10      0.80      0.06  0.       -4943.226       6534.585       3615.500    0.000  -0.139   0.381   0.
  2017 352 13 27 50 504 352.561001207      -1.21      0.79      0.22  0.       -4943.972       6534.122       3613.992    0.000  -0.139   0.381   0.
  2017 352 13 27 51 504 352.561012781      -0.69      1.24      0.26  0.       -4944.718       6533.659       3612.485    0.000  -0.139   0.381   0.
  2017 352 13 27 52 504 352.561024355      -0.50      2.12     -0.37  0.       -4945.463       6533.195       3610.977    0.000  -0.139   0.381   0.
  2017 352 13 27 53 504 352.561035929      -0.84      1.71     -1.14  0.       -4946.208       6532.732       3609.469    0.000  -0.139   0.381   0.
  2017 352 13 27 54 504 352.561047503      -1.14      1.27     -1.47  0.       -4946.953       6532.267       3607.961    0.000  -0.139   0.381   0.
  2017 352 13 27 55 504 352.561059077      -0.96      1.39     -1.30  0.       -4947.698       6531.803       3606.453    0.000  -0.139   0.381   0.
  2017 352 13 27 56 504 352.561070651      -0.57      1.50     -1.22  0.       -4948.442       6531.338       3604.944    0.000  -0.139   0.381   0.
  2017 352 13 27 57 504 352.561082225      -0.09      1.90     -1.62  0.       -4949.186       6530.872       3603.435    0.000  -0.139   0.381   0.
  2017 352 13 27 58 504 352.561093799       0.29      1.95     -1.57  0.       -4949.930       6530.406       3601.926    0.000  -0.139   0.381   0.
  2017 352 13 27 59 504 352.561105373       0.92      2.03     -1.82  0.       -4950.673       6529.940       3600.417    0.000  -0.139   0.381   0.
  2017 352 13 28  0 504 352.561116947       0.70      1.42     -1.73  0.       -4951.416       6529.474       3598.908    0.000  -0.139   0.381   0.
  2017 352 13 28  1 504 352.561128521       0.18      0.86     -2.08  0.       -4952.159       6529.007       3597.398    0.000  -0.139   0.381   0.
  2017 352 13 28  2 504 352.561140096      -0.53      0.27     -2.04  0.       -4952.901       6528.539       3595.888    0.000  -0.139   0.381   0.
  2017 352 13 28  3 504 352.561151670      -1.03     -0.23     -1.54  0.       -4953.643       6528.072       3594.378    0.000  -0.139   0.381   0.
  2017 352 13 28  4 504 352.561163244      -1.20     -0.43     -0.50  0.       -4954.385       6527.603       3592.868    0.000  -0.139   0.381   0.
  2017 352 13 28  5 504 352.561174818      -1.18      0.92      0.69  0.       -4955.127       6527.135       3591.357    0.000  -0.139   0.381   0.
  2017 352 13 28  6 504 352.561186392      -1.84      2.25      0.69  0.       -4955.868       6526.666       3589.846    0.000  -0.139   0.381   0.
  2017 352 13 28  7 504 352.561197965      -1.83      2.01     -0.51  0.       -4956.609       6526.197       3588.335    0.000  -0.139   0.381   0.
  2017 352 13 28  8 503 352.561209537      -1.05      0.99     -0.87  0.       -4957.350       6525.727       3586.824    0.000  -0.139   0.381   0.
  2017 352 13 28  9 503 352.561221111      -0.76      0.57      0.14  0.       -4958.090       6525.257       3585.313    0.000  -0.139   0.381   0.
  2017 352 13 28 10 503 352.561232685       0.16      1.12      0.57  0.       -4958.830       6524.786       3583.801    0.000  -0.139   0.381   0.
  2017 352 13 28 11 503 352.561244259      -0.03      1.62      0.06  0.       -4959.570       6524.315       3582.290    0.000  -0.139   0.381   0.
  2017 352 13 28 12 503 352.561255833      -0.29      2.00     -1.15  0.       -4960.310       6523.844       3580.777    0.000  -0.139   0.381   0.
  2017 352 13 28 13 504 352.561267407      -0.62      1.40     -2.05  0.       -4961.049       6523.373       3579.265    0.000  -0.139   0.381   0.
  2017 352 13 28 14 504 352.561278981      -0.52      0.87     -0.71  0.       -4961.788       6522.900       3577.753    0.000  -0.139   0.381   0.
  2017 352 13 28 15 503 352.561290556      -1.01      1.70      0.20  0.       -4962.526       6522.428       3576.240    0.000  -0.139   0.381   0.
  2017 352 13 28 16 503 352.561302130      -0.41      1.91     -0.78  0.       -4963.265       6521.955       3574.727    0.000  -0.139   0.381   0.
  2017 352 13 28 17 504 352.561313704      -0.45      1.15     -0.63  0.       -4964.003       6521.482       3573.214    0.000  -0.139   0.381   0.
  2017 352 13 28 18 504 352.561325278      -0.19      0.52     -1.43  0.       -4964.740       6521.008       3571.701    0.000  -0.139   0.381   0.
  2017 352 13 28 19 504 352.561336852      -0.01      0.29     -0.45  0.       -4965.478       6520.534       3570.187    0.000  -0.139   0.381   0.
  2017 352 13 28 20 504 352.561348426      -0.31      1.04      0.64  0.       -4966.215       6520.060       3568.673    0.000  -0.139   0.381   0.
  2017 352 13 28 21 504 352.561360000       0.20      1.49      0.41  0.       -4966.952       6519.585       3567.160    0.000  -0.139   0.381   0.
  2017 352 13 28 22 503 352.561371574       0.32      1.49     -1.20  0.       -4967.689       6519.110       3565.645    0.000  -0.139   0.381   0.
  2017 352 13 28 23 503 352.561383148      -0.34      0.84     -0.75  0.       -4968.425       6518.635       3564.131    0.000  -0.139   0.381   0.
  2017 352 13 28 24 503 352.561394722      -0.12      1.27     -0.29  0.       -4969.160       6518.159       3562.616    0.000  -0.139   0.381   0.
  2017 352 13 28 25 503 352.561406296       0.42      1.51     -0.43  0.       -4969.896       6517.682       3561.102    0.000  -0.139   0.381   0.
  2017 352 13 28 26 504 352.561417870       0.54      1.49     -1.13  0.       -4970.632       6517.205       3559.587    0.000  -0.139   0.381   0.
  2017 352 13 28 27 504 352.561429444      -0.29      0.97     -1.35  0.       -4971.367       6516.728       3558.071    0.000  -0.139   0.381   0.
  2017 352 13 28 28 503 352.561441019      -1.21      1.85     -0.51  0.       -4972.101       6516.251       3556.556    0.000  -0.139   0.381   0.
  2017 352 13 28 29 503 352.561452593      -1.66      2.16     -0.58  0.       -4972.836       6515.773       3555.040    0.000  -0.139   0.381   0.
  2017 352 13 28 30 504 352.561464167      -1.67      2.20     -0.61  0.       -4973.570       6515.295       3553.524    0.000  -0.139   0.381   0.
  2017 352 13 28 31 504 352.561475741      -1.50      2.53     -1.12  0.       -4974.304       6514.816       3552.008    0.000  -0.139   0.381   0.
  2017 352 13 28 32 504 352.561487315      -1.33      1.36     -2.18  0.       -4975.037       6514.337       3550.492    0.000  -0.139   0.381   0.
  2017 352 13 28 33 504 352.561498889      -0.96      0.03     -1.90  0.       -4975.771       6513.858       3548.975    0.000  -0.139   0.381   0.
  2017 352 13 28 34 504 352.561510463      -0.83      0.30     -0.87  0.       -4976.504       6513.377       3547.458    0.000  -0.139   0.381   0.
  2017 352 13 28 35 503 352.561522037      -0.67      1.03     -0.70  0.       -4977.236       6512.897       3545.942    0.000  -0.139   0.381   0.
  2017 352 13 28 36 503 352.561533611      -0.49      0.64     -1.77  0.       -4977.969       6512.416       3544.424    0.000  -0.139   0.381   0.
  2017 352 13 28 37 503 352.561545185      -0.13     -0.72     -1.25  0.       -4978.701       6511.936       3542.907    0.000  -0.139   0.381   0.
  2017 352 13 28 38 503 352.561556756      -0.29     -1.03     -0.98  0.       -4979.432       6511.454       3541.389    0.000  -0.139   0.381   0.
  2017 352 13 28 39 503 352.561568330      -0.56     -0.48      0.42  0.       -4980.164       6510.972       3539.872    0.000  -0.139   0.381   0.
  2017 352 13 28 40 503 352.561579905      -0.35      1.46      0.51  0.       -4980.895       6510.490       3538.354    0.000  -0.139   0.381   0.
  2017 352 13 28 41 503 352.561591479      -0.74      1.74      0.06  0.       -4981.626       6510.007       3536.835    0.000  -0.139   0.381   0.
  2017 352 13 28 42 503 352.561603053      -0.72      1.39     -0.09  0.       -4982.356       6509.525       3535.317    0.000  -0.139   0.381   0.
  2017 352 13 28 43 503 352.561614627       0.46      1.00     -0.44  0.       -4983.087       6509.041       3533.798    0.000  -0.139   0.381   0.
  2017 352 13 28 44 503 352.561626201       0.82      1.52     -0.10  0.       -4983.817       6508.557       3532.279    0.000  -0.139   0.381   0.
  2017 352 13 28 45 503 352.561637775       0.27      1.73     -0.13  0.       -4984.546       6508.073       3530.760    0.000  -0.139   0.381   0.
  2017 352 13 28 46 503 352.561649349      -0.10      1.86     -1.36  0.       -4985.276       6507.589       3529.241    0.000  -0.139   0.381   0.
  2017 352 13 28 47 503 352.561660923      -0.09      1.20     -3.23  0.       -4986.005       6507.104       3527.722    0.000  -0.139   0.381   0.
  2017 352 13 28 48 503 352.561672497      -0.06      0.12     -3.17  0.       -4986.733       6506.618       3526.202    0.000  -0.139   0.381   0.
  2017 352 13 28 49 503 352.561684071      -0.62     -0.63     -2.08  0.       -4987.462       6506.133       3524.682    0.000  -0.139   0.381   0.
  2017 352 13 28 50 503 352.561695645      -1.85     -0.56     -0.55  0.       -4988.190       6505.646       3523.162    0.000  -0.139   0.381   0.
  2017 352 13 28 51 503 352.561707219      -2.03     -0.14      0.14  0.       -4988.918       6505.160       3521.641    0.000  -0.139   0.381   0.
  2017 352 13 28 52 503 352.561718793      -0.01      0.66     -0.42  0.       -4989.645       6504.673       3520.121    0.000  -0.139   0.381   0.
  2017 352 13 28 53 503 352.561730367       0.84      0.51     -1.49  0.       -4990.373       6504.186       3518.600    0.000  -0.139   0.381   0.
  2017 352 13 28 54 503 352.561741942       0.23      0.05     -1.52  0.       -4991.100       6503.698       3517.079    0.000  -0.139   0.381   0.
  2017 352 13 28 55 503 352.561753516       0.02      0.64     -1.36  0.       -4991.826       6503.210       3515.558    0.000  -0.139   0.381   0.
  2017 352 13 28 56 503 352.561765090       0.02      0.40     -1.39  0.       -4992.553       6502.721       3514.036    0.000  -0.139   0.381   0.
  2017 352 13 28 57 503 352.561776664      -0.40      0.56     -0.79  0.       -4993.279       6502.232       3512.515    0.000  -0.139   0.381   0.
  2017 352 13 28 58 503 352.561788238      -0.80      0.81     -0.71  0.       -4994.004       6501.743       3510.993    0.000  -0.139   0.381   0.
  2017 352 13 28 59 503 352.561799812      -0.94      0.95     -0.67  0.       -4994.730       6501.253       3509.471    0.000  -0.139   0.381   0.
  2017 352 13 29  0 503 352.561811386      -1.08      1.22     -0.66  0.       -4995.455       6500.763       3507.949    0.000  -0.139   0.381   0.
  2017 352 13 29  1 503 352.561822960      -0.80      2.55     -2.10  0.       -4996.180       6500.273       3506.426    0.000  -0.139   0.381   0.
  2017 352 13 29  2 503 352.561834534       1.57      1.29     -4.63  0.       -4996.904       6499.782       3504.903    0.000  -0.139   0.381   0.
  2017 352 13 29  3 503 352.561846108       0.92     -0.83     -3.00  0.       -4997.629       6499.291       3503.381    0.000  -0.139   0.381   0.
  2017 352 13 29  4 503 352.561857682       0.40     -0.15     -0.64  0.       -4998.353       6498.799       3501.857    0.000  -0.139   0.381   0.
  2017 352 13 29  5 503 352.561869256      -0.05      1.05     -0.46  0.       -4999.076       6498.307       3500.334    0.000  -0.139   0.381   0.
  2017 352 13 29  6 503 352.561880830      -1.04      0.77     -0.70  0.       -4999.800       6497.815       3498.811    0.000  -0.139   0.381   0.
  2017 352 13 29  7 503 352.561892404      -0.33      0.44      0.40  0.       -5000.523       6497.322       3497.287    0.000  -0.139   0.381   0.
  2017 352 13 29  8 503 352.561903976      -0.72      0.85      0.99  0.       -5001.245       6496.829       3495.763    0.000  -0.139   0.381   0.
  2017 352 13 29  9 503 352.561915550      -0.18      1.83     -0.12  0.       -5001.968       6496.335       3494.239    0.000  -0.139   0.381   0.
  2017 352 13 29 10 503 352.561927124      -0.23      0.36      0.33  0.       -5002.690       6495.841       3492.714    0.000  -0.139   0.381   0.
  2017 352 13 29 11 503 352.561938698       0.80      1.04     -1.11  0.       -5003.412       6495.347       3491.190    0.000  -0.139   0.381   0.
  2017 352 13 29 12 503 352.561950272       0.89      0.87     -0.95  0.       -5004.133       6494.852       3489.665    0.000  -0.139   0.381   0.
  2017 352 13 29 13 503 352.561961846       1.31      1.43     -0.89  0.       -5004.854       6494.357       3488.140    0.000  -0.139   0.381   0.
  2017 352 13 29 14 503 352.561973420       0.57     -0.54     -2.08  0.       -5005.575       6493.861       3486.615    0.000  -0.139   0.381   0.
  2017 352 13 29 15 503 352.561984994      -1.44     -1.25     -0.18  0.       -5006.296       6493.366       3485.089    0.000  -0.139   0.381   0.
  2017 352 13 29 16 503 352.561996568      -3.35      0.08      1.67  0.       -5007.016       6492.869       3483.564    0.000  -0.139   0.381   0.
  2017 352 13 29 17 503 352.562008142      -3.57      1.62      2.14  0.       -5007.736       6492.372       3482.038    0.000  -0.139   0.381   0.
  2017 352 13 29 18 503 352.562019716      -2.83      2.97      1.80  0.       -5008.456       6491.875       3480.512    0.000  -0.139   0.381   0.
  2017 352 13 29 19 503 352.562031291      -2.34      3.20      1.65  0.       -5009.175       6491.378       3478.985    0.000  -0.139   0.381   0.
  2017 352 13 29 20 503 352.562042865      -1.60      2.81      1.04  0.       -5009.894       6490.880       3477.459    0.000  -0.139   0.381   0.
  2017 352 13 29 21 503 352.562054439      -0.73      2.23      0.39  0.       -5010.613       6490.381       3475.932    0.000  -0.139   0.381   0.
  2017 352 13 29 22 503 352.562066013      -0.66      1.23     -0.58  0.       -5011.332       6489.883       3474.405    0.000  -0.139   0.381   0.
  2017 352 13 29 23 503 352.562077587      -1.14      0.10     -0.74  0.       -5012.050       6489.384       3472.878    0.000  -0.139   0.381   0.
  2017 352 13 29 24 503 352.562089161      -1.78      1.60     -1.18  0.       -5012.768       6488.884       3471.351    0.000  -0.139   0.381   0.
  2017 352 13 29 25 503 352.562100735      -2.68      1.60     -1.50  0.       -5013.485       6488.384       3469.823    0.000  -0.139   0.381   0.
  2017 352 13 29 26 503 352.562112309      -2.46      0.78     -0.99  0.       -5014.202       6487.884       3468.295    0.000  -0.139   0.381   0.
  2017 352 13 29 27 503 352.562123883      -1.99      0.82     -0.34  0.       -5014.919       6487.383       3466.767    0.000  -0.139   0.381   0.
  2017 352 13 29 28 503 352.562135457      -1.79      0.99      0.44  0.       -5015.636       6486.882       3465.239    0.000  -0.139   0.381   0.
  2017 352 13 29 29 503 352.562147031      -0.81      1.96      0.39  0.       -5016.352       6486.381       3463.711    0.000  -0.139   0.381   0.
  2017 352 13 29 30 503 352.562158605      -0.16      2.24     -2.45  0.       -5017.068       6485.879       3462.182    0.000  -0.139   0.381   0.
  2017 352 13 29 31 503 352.562170179      -0.20      0.18     -2.67  0.       -5017.784       6485.377       3460.653    0.000  -0.139   0.381   0.
  2017 352 13 29 32 503 352.562181753      -0.50     -0.23     -1.74  0.       -5018.500       6484.874       3459.125    0.000  -0.139   0.381   0.
  2017 352 13 29 33 503 352.562193328      -0.29     -0.30     -0.84  0.       -5019.215       6484.371       3457.595    0.000  -0.139   0.381   0.
  2017 352 13 29 34 503 352.562204902      -0.27      0.67      0.33  0.       -5019.929       6483.867       3456.066    0.000  -0.139   0.381   0.
  2017 352 13 29 35 503 352.562216476      -0.58      1.28     -1.56  0.       -5020.644       6483.364       3454.536    0.000  -0.139   0.381   0.
  2017 352 13 29 36 503 352.562228050      -0.98      0.62     -2.18  0.       -5021.358       6482.859       3453.006    0.000  -0.139   0.381   0.
  2017 352 13 29 37 503 352.562239623      -1.30      1.01     -1.62  0.       -5022.072       6482.355       3451.476    0.000  -0.139   0.381   0.
  2017 352 13 29 38 503 352.562251195      -1.67      1.00     -0.99  0.       -5022.786       6481.850       3449.946    0.000  -0.139   0.381   0.
  2017 352 13 29 39 503 352.562262769      -1.61      1.07     -0.40  0.       -5023.499       6481.344       3448.415    0.000  -0.139   0.381   0.
  2017 352 13 29 40 503 352.562274343      -1.16      0.58      0.24  0.       -5024.212       6480.839       3446.885    0.000  -0.139   0.381   0.
  2017 352 13 29 41 503 352.562285917      -0.45      0.83      0.27  0.       -5024.925       6480.332       3445.354    0.000  -0.139   0.381   0.
  2017 352 13 29 42 503 352.562297491       0.19      1.03     -0.42  0.       -5025.637       6479.826       3443.823    0.000  -0.139   0.381   0.
  2017 352 13 29 43 503 352.562309065      -0.43      0.33     -0.77  0.       -5026.349       6479.319       3442.291    0.000  -0.139   0.381   0.
  2017 352 13 29 44 503 352.562320639      -1.59      0.61     -0.88  0.       -5027.061       6478.811       3440.760    0.000  -0.139   0.381   0.
  2017 352 13 29 45 503 352.562332214      -2.31      1.25     -0.18  0.       -5027.773       6478.304       3439.228    0.000  -0.139   0.381   0.
  2017 352 13 29 46 503 352.562343788      -2.53      1.91      0.01  0.       -5028.484       6477.796       3437.696    0.000  -0.139   0.381   0.
  2017 352 13 29 47 503 352.562355362      -2.41      2.39     -0.55  0.       -5029.195       6477.287       3436.164    0.000  -0.139   0.381   0.
  2017 352 13 29 48 503 352.562366936      -1.98      2.25     -1.14  0.       -5029.905       6476.778       3434.632    0.000  -0.139   0.381   0.
  2017 352 13 29 49 503 352.562378510      -1.65      1.48     -1.70  0.       -5030.615       6476.269       3433.099    0.000  -0.139   0.381   0.
  2017 352 13 29 50 503 352.562390084      -1.60      1.15     -1.81  0.       -5031.325       6475.759       3431.566    0.000  -0.139   0.381   0.
  2017 352 13 29 51 503 352.562401658      -1.04      0.32     -1.21  0.       -5032.035       6475.249       3430.033    0.000  -0.139   0.381   0.
  2017 352 13 29 52 503 352.562413232      -0.22      0.31      0.03  0.       -5032.744       6474.738       3428.500    0.000  -0.139   0.381   0.
  2017 352 13 29 53 503 352.562424806      -0.29      1.17      0.88  0.       -5033.453       6474.227       3426.966    0.000  -0.139   0.381   0.
  2017 352 13 29 54 503 352.562436380      -0.72      2.01      1.20  0.       -5034.162       6473.716       3425.433    0.000  -0.139   0.381   0.
  2017 352 13 29 55 503 352.562447954      -0.53      2.44      1.32  0.       -5034.870       6473.204       3423.899    0.000  -0.139   0.381   0.
  2017 352 13 29 56 503 352.562459528      -0.53      2.43      0.22  0.       -5035.578       6472.692       3422.365    0.000  -0.139   0.381   0.
  2017 352 13 29 57 503 352.562471102      -0.13      1.35     -0.98  0.       -5036.286       6472.180       3420.831    0.000  -0.139   0.381   0.
  2017 352 13 29 58 503 352.562482677      -0.20      0.02     -1.09  0.       -5036.994       6471.667       3419.296    0.000  -0.139   0.381   0.
  2017 352 13 29 59 503 352.562494251      -0.35     -0.68     -0.84  0.       -5037.701       6471.153       3417.762    0.000  -0.139   0.381   0.
  2017 352 13 30  0 503 352.562505825      -0.23     -1.29     -1.33  0.       -5038.408       6470.640       3416.227    0.000  -0.139   0.381   0.
  2017 352 13 30  1 503 352.562517399      -0.04     -0.29      0.73  0.       -5039.114       6470.126       3414.692    0.000  -0.139   0.381   0.
  2017 352 13 30  2 503 352.562528973      -0.08      1.10      0.51  0.       -5039.821       6469.611       3413.156    0.000  -0.139   0.381   0.
  2017 352 13 30  3 503 352.562540547      -0.40      1.32      0.16  0.       -5040.526       6469.096       3411.621    0.000  -0.139   0.381   0.
  2017 352 13 30  4 503 352.562552121      -0.71      1.90     -0.35  0.       -5041.232       6468.581       3410.085    0.000  -0.139   0.381   0.
  2017 352 13 30  5 503 352.562563695      -0.93      1.87     -0.38  0.       -5041.937       6468.065       3408.549    0.000  -0.139   0.381   0.
  2017 352 13 30  6 503 352.562575269      -0.09      2.70     -2.00  0.       -5042.642       6467.549       3407.013    0.000  -0.139   0.381   0.
  2017 352 13 30  7 502 352.562586843       0.31     -0.28     -2.85  0.       -5043.347       6467.033       3405.477    0.000  -0.139   0.381   0.
  2017 352 13 30  8 502 352.562598414       0.38     -1.69     -1.86  0.       -5044.052       6466.516       3403.940    0.000  -0.139   0.381   0.
  2017 352 13 30  9 503 352.562609988       0.94     -1.31     -1.72  0.       -5044.756       6465.999       3402.403    0.000  -0.139   0.381   0.
  2017 352 13 30 10 502 352.562621562       1.11     -1.28     -0.40  0.       -5045.459       6465.481       3400.866    0.000  -0.139   0.381   0.
  2017 352 13 30 11 502 352.562633137       0.34     -0.44      0.19  0.       -5046.163       6464.963       3399.329    0.000  -0.139   0.381   0.
  2017 352 13 30 12 503 352.562644711      -1.25      1.29      0.50  0.       -5046.866       6464.445       3397.792    0.000  -0.139   0.381   0.
  2017 352 13 30 13 503 352.562656285       1.54      2.00     -1.45  0.       -5047.569       6463.926       3396.254    0.000  -0.139   0.381   0.
  2017 352 13 30 14 503 352.562667859       1.80      1.83     -1.23  0.       -5048.271       6463.406       3394.716    0.000  -0.139   0.381   0.
  2017 352 13 30 15 503 352.562679433       1.22      1.96     -0.87  0.       -5048.974       6462.887       3393.178    0.000  -0.139   0.381   0.
  2017 352 13 30 16 503 352.562691007       0.34      0.64     -1.12  0.       -5049.676       6462.367       3391.640    0.000  -0.139   0.381   0.
  2017 352 13 30 17 502 352.562702581       0.71      0.79     -1.71  0.       -5050.377       6461.846       3390.102    0.000  -0.139   0.381   0.
  2017 352 13 30 18 502 352.562714155       1.15     -0.49     -2.12  0.       -5051.079       6461.326       3388.563    0.000  -0.139   0.381   0.
  2017 352 13 30 19 502 352.562725729       1.67     -1.32     -2.71  0.       -5051.780       6460.804       3387.024    0.000  -0.139   0.381   0.
  2017 352 13 30 20 502 352.562737303       0.51     -1.64     -1.96  0.       -5052.480       6460.283       3385.485    0.000  -0.139   0.381   0.
  2017 352 13 30 21 502 352.562748877      -1.46     -0.78     -1.95  0.       -5053.181       6459.761       3383.946    0.000  -0.139   0.381   0.
  2017 352 13 30 22 503 352.562760451      -2.32     -0.96     -0.71  0.       -5053.881       6459.238       3382.406    0.000  -0.139   0.381   0.
  2017 352 13 30 23 503 352.562772025      -2.83      0.19      1.00  0.       -5054.580       6458.715       3380.867    0.000  -0.139   0.381   0.
  2017 352 13 30 24 502 352.562783600      -2.88      1.97      1.34  0.       -5055.280       6458.192       3379.327    0.000  -0.139   0.381   0.
  2017 352 13 30 25 502 352.562795174      -2.25      2.81     -0.09  0.       -5055.979       6457.669       3377.787    0.000  -0.139   0.381   0.
  2017 352 13 30 26 503 352.562806748      -0.66      1.20     -1.47  0.       -5056.678       6457.145       3376.246    0.000  -0.139   0.381   0.
  2017 352 13 30 27 503 352.562818322      -0.19     -0.59     -0.06  0.       -5057.376       6456.620       3374.706    0.000  -0.139   0.381   0.
  2017 352 13 30 28 503 352.562829896      -0.47      0.15      0.99  0.       -5058.075       6456.096       3373.165    0.000  -0.139   0.381   0.
  2017 352 13 30 29 503 352.562841470      -0.73      0.75      0.90  0.       -5058.772       6455.570       3371.624    0.000  -0.139   0.381   0.
  2017 352 13 30 30 503 352.562853044      -0.78      2.25      0.71  0.       -5059.470       6455.045       3370.083    0.000  -0.139   0.381   0.
  2017 352 13 30 31 502 352.562864618      -1.53      3.09      0.58  0.       -5060.167       6454.519       3368.542    0.000  -0.139   0.381   0.
  2017 352 13 30 32 502 352.562876192      -0.80      0.63     -1.68  0.       -5060.864       6453.992       3367.000    0.000  -0.139   0.381   0.
  2017 352 13 30 33 502 352.562887766      -1.55     -1.20      1.31  0.       -5061.561       6453.466       3365.458    0.000  -0.139   0.381   0.
  2017 352 13 30 34 502 352.562899340      -1.44      1.08      1.06  0.       -5062.257       6452.939       3363.916    0.000  -0.139   0.381   0.
  2017 352 13 30 35 502 352.562910914      -0.17      2.05     -1.80  0.       -5062.953       6452.411       3362.374    0.000  -0.139   0.381   0.
  2017 352 13 30 36 503 352.562922488       0.12      1.53     -3.17  0.       -5063.649       6451.883       3360.832    0.000  -0.139   0.381   0.
  2017 352 13 30 37 503 352.562934063      -0.83     -0.63     -1.17  0.       -5064.344       6451.355       3359.289    0.000  -0.139   0.381   0.
  2017 352 13 30 38 502 352.562945637      -0.96      0.14      1.16  0.       -5065.039       6450.826       3357.747    0.000  -0.139   0.381   0.
  2017 352 13 30 39 503 352.562957211      -0.46      1.02      0.82  0.       -5065.734       6450.297       3356.204    0.000  -0.139   0.381   0.
  2017 352 13 30 40 502 352.562968782      -0.03      1.12     -0.57  0.       -5066.429       6449.767       3354.660    0.000  -0.139   0.381   0.
  2017 352 13 30 41 502 352.562980356      -0.01      0.93     -0.90  0.       -5067.123       6449.237       3353.117    0.000  -0.139   0.381   0.
  2017 352 13 30 42 502 352.562991930       0.57      0.80     -0.98  0.       -5067.817       6448.707       3351.573    0.000  -0.139   0.381   0.
  2017 352 13 30 43 502 352.563003504       0.52      0.55     -0.61  0.       -5068.510       6448.176       3350.030    0.000  -0.139   0.381   0.
  2017 352 13 30 44 502 352.563015078       1.07      0.74     -0.62  0.       -5069.203       6447.645       3348.486    0.000  -0.139   0.381   0.
  2017 352 13 30 45 502 352.563026652       1.18      0.98     -1.19  0.       -5069.896       6447.114       3346.941    0.000  -0.139   0.381   0.
  2017 352 13 30 46 502 352.563038226       1.05      0.47     -0.75  0.       -5070.589       6446.582       3345.397    0.000  -0.139   0.381   0.
  2017 352 13 30 47 502 352.563049800      -0.02      0.36     -1.09  0.       -5071.281       6446.049       3343.852    0.000  -0.139   0.381   0.
  2017 352 13 30 48 502 352.563061374      -1.07      0.25     -0.10  0.       -5071.973       6445.517       3342.307    0.000  -0.139   0.381   0.
  2017 352 13 30 49 502 352.563072948      -0.66      0.98      0.06  0.       -5072.665       6444.984       3340.762    0.000  -0.139   0.381   0.
  2017 352 13 30 50 502 352.563084523      -0.06      1.40     -0.67  0.       -5073.356       6444.450       3339.217    0.000  -0.139   0.381   0.
  2017 352 13 30 51 502 352.563096097      -0.78      0.40     -0.47  0.       -5074.047       6443.916       3337.672    0.000  -0.139   0.381   0.
  2017 352 13 30 52 502 352.563107671      -0.97      0.54     -0.33  0.       -5074.738       6443.382       3336.126    0.000  -0.139   0.381   0.
  2017 352 13 30 53 502 352.563119245      -0.47      1.72     -0.40  0.       -5075.428       6442.847       3334.580    0.000  -0.139   0.381   0.
  2017 352 13 30 54 502 352.563130819       0.44      1.30     -1.06  0.       -5076.119       6442.312       3333.034    0.000  -0.139   0.381   0.
  2017 352 13 30 55 502 352.563142393      -0.60      1.49     -0.58  0.       -5076.808       6441.776       3331.488    0.000  -0.139   0.381   0.
  2017 352 13 30 56 502 352.563153967      -1.53      1.64      0.01  0.       -5077.498       6441.241       3329.941    0.000  -0.139   0.381   0.
  2017 352 13 30 57 502 352.563165541      -1.66      2.30      0.23  0.       -5078.187       6440.704       3328.394    0.000  -0.139   0.381   0.
  2017 352 13 30 58 502 352.563177115      -0.90      2.52     -0.03  0.       -5078.876       6440.168       3326.848    0.000  -0.139   0.381   0.
  2017 352 13 30 59 502 352.563188689      -0.87      2.39     -0.28  0.       -5079.564       6439.631       3325.300    0.000  -0.139   0.381   0.
  2017 352 13 31  0 502 352.563200263      -0.88      2.05      0.12  0.       -5080.253       6439.093       3323.753    0.000  -0.139   0.381   0.
  2017 352 13 31  1 502 352.563211837      -1.09      1.52     -0.22  0.       -5080.940       6438.555       3322.206    0.000  -0.139   0.381   0.
  2017 352 13 31  2 502 352.563223411      -0.80      0.86     -1.24  0.       -5081.628       6438.017       3320.658    0.000  -0.139   0.381   0.
  2017 352 13 31  3 502 352.563234986      -1.48      1.49     -1.34  0.       -5082.315       6437.478       3319.110    0.000  -0.139   0.381   0.
  2017 352 13 31  4 502 352.563246560      -1.64      1.23     -1.04  0.       -5083.002       6436.939       3317.562    0.000  -0.139   0.381   0.
  2017 352 13 31  5 502 352.563258134      -1.34      1.11     -1.13  0.       -5083.689       6436.400       3316.013    0.000  -0.139   0.381   0.
  2017 352 13 31  6 502 352.563269708      -1.13      0.93     -1.69  0.       -5084.375       6435.860       3314.465    0.000  -0.139   0.381   0.
  2017 352 13 31  7 502 352.563281282      -1.06      0.47     -1.44  0.       -5085.061       6435.319       3312.916    0.000  -0.139   0.381   0.
  2017 352 13 31  8 502 352.563292856      -0.47      0.54     -1.69  0.       -5085.747       6434.779       3311.367    0.000  -0.139   0.381   0.
  2017 352 13 31  9 502 352.563304430      -0.50     -0.63      0.04  0.       -5086.432       6434.238       3309.818    0.000  -0.139   0.381   0.
  2017 352 13 31 10 502 352.563316001      -1.15      0.05      0.78  0.       -5087.117       6433.696       3308.269    0.000  -0.139   0.381   0.
  2017 352 13 31 11 502 352.563327575      -1.38      1.04      1.01  0.       -5087.802       6433.154       3306.719    0.000  -0.139   0.381   0.
  2017 352 13 31 12 502 352.563339149      -0.93      2.37      1.08  0.       -5088.487       6432.612       3305.169    0.000  -0.139   0.381   0.
  2017 352 13 31 13 502 352.563350723      -0.12      2.03     -0.80  0.       -5089.171       6432.069       3303.619    0.000  -0.139   0.381   0.
  2017 352 13 31 14 502 352.563362298       0.25      1.49     -0.65  0.       -5089.855       6431.526       3302.069    0.000  -0.139   0.381   0.
  2017 352 13 31 15 502 352.563373871      -0.22      1.74     -0.84  0.       -5090.538       6430.983       3300.519    0.000  -0.139   0.381   0.
  2017 352 13 31 16 502 352.563385446      -0.58      0.73     -1.31  0.       -5091.221       6430.439       3298.968    0.000  -0.139   0.381   0.
  2017 352 13 31 17 502 352.563397020      -0.09      0.50     -0.65  0.       -5091.904       6429.895       3297.417    0.000  -0.139   0.381   0.
  2017 352 13 31 18 502 352.563408594       0.06      1.12     -1.59  0.       -5092.587       6429.350       3295.866    0.000  -0.139   0.381   0.
  2017 352 13 31 19 502 352.563420168       0.08      0.77     -1.68  0.       -5093.269       6428.805       3294.315    0.000  -0.139   0.381   0.
  2017 352 13 31 20 502 352.563431742       0.07      0.47     -1.98  0.       -5093.951       6428.260       3292.764    0.000  -0.139   0.381   0.
  2017 352 13 31 21 502 352.563443316      -1.10     -0.40      0.14  0.       -5094.632       6427.714       3291.212    0.000  -0.139   0.381   0.
  2017 352 13 31 22 502 352.563454890      -1.47      0.81      1.27  0.       -5095.314       6427.168       3289.660    0.000  -0.139   0.381   0.
  2017 352 13 31 23 502 352.563466464      -1.38      2.10      0.39  0.       -5095.995       6426.621       3288.108    0.000  -0.139   0.381   0.
  2017 352 13 31 24 502 352.563478038      -1.06      2.10     -1.00  0.       -5096.675       6426.074       3286.556    0.000  -0.139   0.381   0.
  2017 352 13 31 25 502 352.563489612      -0.90      1.12     -0.20  0.       -5097.355       6425.526       3285.003    0.000  -0.139   0.381   0.
  2017 352 13 31 26 502 352.563501186      -1.47      2.17     -0.28  0.       -5098.036       6424.978       3283.451    0.000  -0.139   0.381   0.
  2017 352 13 31 27 502 352.563512760      -1.42      2.08     -2.31  0.       -5098.715       6424.430       3281.898    0.000  -0.139   0.381   0.
  2017 352 13 31 28 502 352.563524334      -1.19      0.68     -2.66  0.       -5099.395       6423.882       3280.345    0.000  -0.139   0.381   0.
  2017 352 13 31 29 502 352.563535909      -1.01     -0.44     -1.70  0.       -5100.074       6423.332       3278.792    0.000  -0.139   0.381   0.
  2017 352 13 31 30 502 352.563547483      -0.75     -1.24     -0.91  0.       -5100.752       6422.783       3277.238    0.000  -0.139   0.381   0.
  2017 352 13 31 31 502 352.563559057      -1.60     -0.35      0.90  0.       -5101.431       6422.233       3275.685    0.000  -0.139   0.381   0.
  2017 352 13 31 32 502 352.563570631      -0.58      1.19      0.58  0.       -5102.109       6421.683       3274.131    0.000  -0.139   0.381   0.
  2017 352 13 31 33 502 352.563582205      -0.53      1.27      1.73  0.       -5102.787       6421.132       3272.577    0.000  -0.139   0.381   0.
  2017 352 13 31 34 502 352.563593779      -0.42      2.00      1.34  0.       -5103.464       6420.581       3271.022    0.000  -0.139   0.381   0.
  2017 352 13 31 35 502 352.563605353       0.03      0.74     -1.10  0.       -5104.141       6420.030       3269.468    0.000  -0.139   0.381   0.
  2017 352 13 31 36 502 352.563616927      -0.41     -0.82     -0.69  0.       -5104.818       6419.478       3267.913    0.000  -0.139   0.381   0.
  2017 352 13 31 37 502 352.563628501      -0.14      0.35      1.20  0.       -5105.495       6418.926       3266.358    0.000  -0.139   0.381   0.
  2017 352 13 31 38 502 352.563640075       0.12      2.66     -0.24  0.       -5106.171       6418.373       3264.803    0.000  -0.139   0.381   0.
  2017 352 13 31 39 502 352.563651649       0.12      0.36     -1.97  0.       -5106.847       6417.820       3263.248    0.000  -0.139   0.381   0.
  2017 352 13 31 40 502 352.563663221      -1.17      1.43     -0.77  0.       -5107.523       6417.267       3261.692    0.000  -0.139   0.381   0.
  2017 352 13 31 41 502 352.563674795      -1.48      1.65     -0.88  0.       -5108.198       6416.713       3260.137    0.000  -0.139   0.381   0.
  2017 352 13 31 42 502 352.563686369      -1.65      1.27     -0.70  0.       -5108.873       6416.159       3258.581    0.000  -0.139   0.381   0.
  2017 352 13 31 43 502 352.563697943      -1.69      1.57     -0.70  0.       -5109.547       6415.604       3257.025    0.000  -0.139   0.381   0.
  2017 352 13 31 44 502 352.563709517      -1.33      2.16     -0.94  0.       -5110.222       6415.049       3255.468    0.000  -0.139   0.381   0.
  2017 352 13 31 45 502 352.563721091      -1.09      2.41     -0.97  0.       -5110.896       6414.493       3253.912    0.000  -0.139   0.381   0.
  2017 352 13 31 46 502 352.563732665      -0.12      0.80     -2.55  0.       -5111.569       6413.938       3252.355    0.000  -0.139   0.381   0.
  2017 352 13 31 47 502 352.563744239      -0.85     -0.32     -1.34  0.       -5112.243       6413.381       3250.798    0.000  -0.139   0.381   0.
  2017 352 13 31 48 502 352.563755813      -0.72      0.21      0.01  0.       -5112.916       6412.825       3249.241    0.000  -0.139   0.381   0.
  2017 352 13 31 49 502 352.563767387      -0.24      0.79      0.27  0.       -5113.588       6412.268       3247.684    0.000  -0.139   0.381   0.
  2017 352 13 31 50 502 352.563778961      -1.29      2.03     -0.38  0.       -5114.261       6411.710       3246.126    0.000  -0.139   0.381   0.
  2017 352 13 31 51 502 352.563790535      -1.23      1.91     -1.25  0.       -5114.933       6411.152       3244.569    0.000  -0.139   0.381   0.
  2017 352 13 31 52 502 352.563802109      -0.87      1.43     -1.59  0.       -5115.604       6410.594       3243.011    0.000  -0.139   0.381   0.
  2017 352 13 31 53 502 352.563813683      -0.27      0.47     -1.55  0.       -5116.276       6410.035       3241.453    0.000  -0.139   0.381   0.
  2017 352 13 31 54 502 352.563825258      -0.20      0.22     -2.09  0.       -5116.947       6409.476       3239.894    0.000  -0.139   0.381   0.
  2017 352 13 31 55 502 352.563836832      -0.98      0.04     -1.76  0.       -5117.618       6408.917       3238.336    0.000  -0.139   0.381   0.
  2017 352 13 31 56 502 352.563848406      -1.61      0.61     -1.19  0.       -5118.288       6408.357       3236.777    0.000  -0.139   0.381   0.
  2017 352 13 31 57 502 352.563859980      -2.13      0.69     -1.06  0.       -5118.958       6407.797       3235.218    0.000  -0.139   0.381   0.
  2017 352 13 31 58 502 352.563871554      -2.35      0.51     -0.39  0.       -5119.628       6407.236       3233.659    0.000  -0.139   0.381   0.
  2017 352 13 31 59 502 352.563883128      -2.13      1.32      0.05  0.       -5120.298       6406.675       3232.100    0.000  -0.139   0.381   0.
  2017 352 13 32  0 502 352.563894702      -1.30      1.83     -0.32  0.       -5120.967       6406.114       3230.540    0.000  -0.139   0.381   0.
  2017 352 13 32  1 502 352.563906276      -0.65      1.88     -0.68  0.       -5121.636       6405.552       3228.980    0.000  -0.139   0.381   0.
  2017 352 13 32  2 502 352.563917850      -0.27      1.00     -0.69  0.       -5122.304       6404.990       3227.420    0.000  -0.139   0.381   0.
  2017 352 13 32  3 502 352.563929424      -0.43      0.88     -0.91  0.       -5122.973       6404.427       3225.860    0.000  -0.139   0.381   0.
  2017 352 13 32  4 502 352.563940998      -0.48      0.75     -0.75  0.       -5123.641       6403.864       3224.300    0.000  -0.139   0.381   0.
  2017 352 13 32  5 502 352.563952572       0.21      1.30     -0.96  0.       -5124.308       6403.301       3222.739    0.000  -0.139   0.381   0.
  2017 352 13 32  6 502 352.563964146       0.36      1.66     -0.93  0.       -5124.975       6402.737       3221.178    0.000  -0.139   0.381   0.
  2017 352 13 32  7 502 352.563975721       0.13      1.94     -1.01  0.       -5125.642       6402.172       3219.617    0.000  -0.139   0.381   0.
  2017 352 13 32  8 502 352.563987295      -0.14      1.83     -0.98  0.       -5126.309       6401.608       3218.056    0.000  -0.139   0.381   0.
  2017 352 13 32  9 502 352.563998868      -1.12      0.96     -0.33  0.       -5126.975       6401.043       3216.495    0.000  -0.139   0.381   0.
  2017 352 13 32 10 502 352.564010440      -1.34      1.19      0.19  0.       -5127.641       6400.477       3214.933    0.000  -0.139   0.381   0.
  2017 352 13 32 11 502 352.564022014      -0.98      1.86     -0.05  0.       -5128.307       6399.911       3213.372    0.000  -0.139   0.381   0.
  2017 352 13 32 12 502 352.564033588      -0.45      1.59     -0.30  0.       -5128.972       6399.345       3211.810    0.000  -0.139   0.381   0.
  2017 352 13 32 13 501 352.564045162       0.15      0.97     -0.86  0.       -5129.637       6398.779       3210.247    0.000  -0.139   0.381   0.
  2017 352 13 32 14 501 352.564056736      -0.59      0.78     -1.07  0.       -5130.302       6398.211       3208.685    0.000  -0.139   0.381   0.
  2017 352 13 32 15 501 352.564068310      -0.85     -0.01     -1.39  0.       -5130.966       6397.644       3207.122    0.000  -0.139   0.381   0.
  2017 352 13 32 16 501 352.564079884      -0.95     -0.15     -1.15  0.       -5131.631       6397.076       3205.560    0.000  -0.139   0.381   0.
  2017 352 13 32 17 501 352.564091458      -0.95      0.61     -0.66  0.       -5132.294       6396.508       3203.997    0.000  -0.139   0.381   0.
  2017 352 13 32 18 502 352.564103032      -0.79      0.97      0.15  0.       -5132.958       6395.939       3202.434    0.000  -0.139   0.381   0.
  2017 352 13 32 19 502 352.564114607      -0.93      1.09      0.74  0.       -5133.621       6395.370       3200.870    0.000  -0.139   0.381   0.
  2017 352 13 32 20 501 352.564126181      -1.08      1.53      0.72  0.       -5134.283       6394.801       3199.307    0.000  -0.139   0.381   0.
  2017 352 13 32 21 501 352.564137755      -1.05      1.26      0.11  0.       -5134.946       6394.231       3197.743    0.000  -0.139   0.381   0.
  2017 352 13 32 22 502 352.564149329      -0.70      0.81     -0.15  0.       -5135.608       6393.661       3196.179    0.000  -0.139   0.381   0.
  2017 352 13 32 23 502 352.564160903      -0.13      1.26     -0.14  0.       -5136.270       6393.090       3194.615    0.000  -0.139   0.381   0.
  2017 352 13 32 24 502 352.564172477       0.06      1.18     -0.14  0.       -5136.931       6392.519       3193.050    0.000  -0.139   0.381   0.
  2017 352 13 32 25 502 352.564184051      -0.12      1.32     -0.79  0.       -5137.592       6391.947       3191.486    0.000  -0.139   0.381   0.
  2017 352 13 32 26 502 352.564195625      -0.24      1.39     -1.06  0.       -5138.253       6391.375       3189.921    0.000  -0.139   0.381   0.
  2017 352 13 32 27 501 352.564207199      -1.28      1.81     -0.68  0.       -5138.914       6390.803       3188.356    0.000  -0.139   0.381   0.
  2017 352 13 32 28 501 352.564218773      -1.47      1.54     -1.25  0.       -5139.574       6390.231       3186.791    0.000  -0.139   0.381   0.
  2017 352 13 32 29 501 352.564230347      -1.68      0.93     -0.96  0.       -5140.234       6389.657       3185.225    0.000  -0.139   0.381   0.
  2017 352 13 32 30 501 352.564241921      -1.52      0.76     -0.58  0.       -5140.893       6389.084       3183.660    0.000  -0.139   0.381   0.
  2017 352 13 32 31 502 352.564253495      -0.81      0.95     -0.62  0.       -5141.553       6388.510       3182.094    0.000  -0.139   0.381   0.
  2017 352 13 32 32 502 352.564265069      -0.33      0.76     -0.22  0.       -5142.212       6387.936       3180.528    0.000  -0.139   0.381   0.
  2017 352 13 32 33 501 352.564276644      -0.73      0.91     -0.09  0.       -5142.870       6387.361       3178.962    0.000  -0.139   0.381   0.
  2017 352 13 32 34 501 352.564288218      -1.27      0.65      0.76  0.       -5143.528       6386.786       3177.395    0.000  -0.139   0.381   0.
  2017 352 13 32 35 502 352.564299792      -1.14      1.47      0.35  0.       -5144.186       6386.210       3175.829    0.000  -0.139   0.381   0.
  2017 352 13 32 36 502 352.564311366      -0.42      0.89     -0.21  0.       -5144.844       6385.635       3174.262    0.000  -0.139   0.381   0.
  2017 352 13 32 37 502 352.564322940      -0.61      0.57      0.15  0.       -5145.501       6385.058       3172.695    0.000  -0.139   0.381   0.
  2017 352 13 32 38 502 352.564334514      -0.76      1.08      0.34  0.       -5146.158       6384.482       3171.128    0.000  -0.139   0.381   0.
  2017 352 13 32 39 502 352.564346088      -0.65      1.90     -0.52  0.       -5146.815       6383.904       3169.561    0.000  -0.139   0.381   0.
  2017 352 13 32 40 501 352.564357659      -0.38      1.87     -1.10  0.       -5147.471       6383.327       3167.993    0.000  -0.139   0.381   0.
  2017 352 13 32 41 501 352.564369233       0.12      0.35     -0.73  0.       -5148.127       6382.749       3166.426    0.000  -0.139   0.381   0.
  2017 352 13 32 42 501 352.564380807      -0.80      0.94      0.35  0.       -5148.783       6382.171       3164.858    0.000  -0.139   0.381   0.
  2017 352 13 32 43 501 352.564392381      -0.31      1.65     -0.56  0.       -5149.438       6381.592       3163.289    0.000  -0.139   0.381   0.
  2017 352 13 32 44 501 352.564403955      -0.20      1.21     -1.57  0.       -5150.093       6381.013       3161.720    0.000  -0.139   0.381   0.
  2017 352 13 32 45 501 352.564415530      -0.35      0.23     -1.96  0.       -5150.748       6380.433       3160.152    0.000  -0.139   0.381   0.
  2017 352 13 32 46 501 352.564427104      -0.72     -0.32     -0.63  0.       -5151.402       6379.853       3158.583    0.000  -0.139   0.381   0.
  2017 352 13 32 47 501 352.564438678      -0.28      0.52      0.01  0.       -5152.056       6379.273       3157.014    0.000  -0.139   0.381   0.
  2017 352 13 32 48 501 352.564450252      -0.47      1.56     -0.05  0.       -5152.710       6378.692       3155.445    0.000  -0.139   0.381   0.
  2017 352 13 32 49 501 352.564461826      -0.21      1.57     -1.13  0.       -5153.363       6378.111       3153.876    0.000  -0.139   0.381   0.
  2017 352 13 32 50 501 352.564473400       0.17      0.57     -0.57  0.       -5154.016       6377.530       3152.306    0.000  -0.139   0.381   0.
  2017 352 13 32 51 501 352.564484974       0.21      1.46      0.33  0.       -5154.669       6376.948       3150.736    0.000  -0.139   0.381   0.
  2017 352 13 32 52 501 352.564496548       0.42      1.16     -0.77  0.       -5155.321       6376.365       3149.166    0.000  -0.139   0.381   0.
  2017 352 13 32 53 501 352.564508122       0.29      1.12     -1.05  0.       -5155.973       6375.783       3147.596    0.000  -0.139   0.381   0.
  2017 352 13 32 54 501 352.564519696      -0.24      0.82     -1.16  0.       -5156.625       6375.200       3146.026    0.000  -0.139   0.381   0.
  2017 352 13 32 55 501 352.564531270      -0.46      0.99     -1.19  0.       -5157.276       6374.616       3144.455    0.000  -0.139   0.381   0.
  2017 352 13 32 56 501 352.564542844      -1.11     -0.19     -0.64  0.       -5157.927       6374.032       3142.884    0.000  -0.139   0.381   0.
  2017 352 13 32 57 501 352.564554418      -1.09      0.95      0.19  0.       -5158.578       6373.448       3141.313    0.000  -0.139   0.381   0.
  2017 352 13 32 58 501 352.564565992      -1.13      1.61     -0.87  0.       -5159.229       6372.863       3139.742    0.000  -0.139   0.381   0.
  2017 352 13 32 59 501 352.564577567      -0.49      1.53     -1.62  0.       -5159.879       6372.278       3138.171    0.000  -0.139   0.381   0.
  2017 352 13 33  0 501 352.564589141      -0.16      1.00     -1.77  0.       -5160.529       6371.692       3136.599    0.000  -0.139   0.381   0.
  2017 352 13 33  1 501 352.564600715      -0.10      0.55     -1.69  0.       -5161.178       6371.106       3135.027    0.000  -0.139   0.381   0.
  2017 352 13 33  2 501 352.564612289      -0.34      0.40     -1.32  0.       -5161.827       6370.520       3133.456    0.000  -0.139   0.381   0.
  2017 352 13 33  3 501 352.564623863      -0.49      0.57     -0.39  0.       -5162.476       6369.933       3131.883    0.000  -0.139   0.381   0.
  2017 352 13 33  4 501 352.564635437      -0.50      1.16      0.40  0.       -5163.125       6369.346       3130.311    0.000  -0.139   0.381   0.
  2017 352 13 33  5 501 352.564647011       0.07      1.28      0.15  0.       -5163.773       6368.758       3128.738    0.000  -0.139   0.381   0.
  2017 352 13 33  6 501 352.564658585      -0.13      0.97     -0.25  0.       -5164.420       6368.170       3127.166    0.000  -0.139   0.381   0.
  2017 352 13 33  7 501 352.564670159      -0.20      1.17     -0.13  0.       -5165.068       6367.582       3125.593    0.000  -0.139   0.381   0.
  2017 352 13 33  8 501 352.564681733      -0.29      1.17      0.04  0.       -5165.715       6366.993       3124.019    0.000  -0.139   0.381   0.
  2017 352 13 33  9 501 352.564693307      -0.10      0.86     -0.87  0.       -5166.362       6366.404       3122.446    0.000  -0.139   0.381   0.
  2017 352 13 33 10 501 352.564704879      -0.23      1.05     -1.49  0.       -5167.008       6365.814       3120.873    0.000  -0.139   0.381   0.
  2017 352 13 33 11 501 352.564716453       0.20      1.34     -1.53  0.       -5167.655       6365.224       3119.299    0.000  -0.139   0.381   0.
  2017 352 13 33 12 501 352.564728027       0.25      1.27     -1.24  0.       -5168.301       6364.634       3117.725    0.000  -0.139   0.381   0.
  2017 352 13 33 13 501 352.564739601      -0.74      1.03     -1.49  0.       -5168.946       6364.043       3116.151    0.000  -0.139   0.381   0.
  2017 352 13 33 14 501 352.564751175      -1.07      1.02     -0.81  0.       -5169.591       6363.452       3114.576    0.000  -0.139   0.381   0.
  2017 352 13 33 15 501 352.564762749      -1.01      1.41     -0.33  0.       -5170.236       6362.860       3113.002    0.000  -0.139   0.381   0.
  2017 352 13 33 16 501 352.564774323      -1.10      0.98     -0.45  0.       -5170.881       6362.268       3111.427    0.000  -0.139   0.381   0.
  2017 352 13 33 17 501 352.564785897      -1.05      0.74      0.21  0.       -5171.525       6361.676       3109.852    0.000  -0.139   0.381   0.
  2017 352 13 33 18 501 352.564797471      -0.91      0.63      0.45  0.       -5172.169       6361.083       3108.277    0.000  -0.139   0.381   0.
  2017 352 13 33 19 501 352.564809045      -1.17      1.23      0.49  0.       -5172.812       6360.490       3106.702    0.000  -0.139   0.381   0.
  2017 352 13 33 20 501 352.564820619      -1.06      1.30      0.37  0.       -5173.456       6359.896       3105.126    0.000  -0.139   0.381   0.
  2017 352 13 33 21 501 352.564832193      -0.90      0.92     -0.43  0.       -5174.099       6359.302       3103.550    0.000  -0.139   0.381   0.
  2017 352 13 33 22 501 352.564843767      -1.07      0.64     -0.23  0.       -5174.741       6358.708       3101.974    0.000  -0.139   0.381   0.
  2017 352 13 33 23 501 352.564855341      -0.81      1.06      0.28  0.       -5175.383       6358.113       3100.398    0.000  -0.139   0.381   0.
  2017 352 13 33 24 501 352.564866916      -0.59      2.37     -0.80  0.       -5176.025       6357.518       3098.822    0.000  -0.139   0.381   0.
  2017 352 13 33 25 501 352.564878490       0.35      1.16     -2.00  0.       -5176.667       6356.922       3097.246    0.000  -0.139   0.381   0.
  2017 352 13 33 26 501 352.564890064       0.19      0.55     -1.71  0.       -5177.308       6356.326       3095.669    0.000  -0.139   0.381   0.
  2017 352 13 33 27 501 352.564901638      -0.26      0.61     -1.53  0.       -5177.949       6355.729       3094.092    0.000  -0.139   0.381   0.
  2017 352 13 33 28 501 352.564913212      -0.02      0.97     -1.12  0.       -5178.590       6355.132       3092.515    0.000  -0.139   0.381   0.
  2017 352 13 33 29 501 352.564924786       0.29      1.15     -1.78  0.       -5179.230       6354.535       3090.937    0.000  -0.139   0.381   0.
  2017 352 13 33 30 501 352.564936360       0.11      0.43     -1.34  0.       -5179.870       6353.937       3089.360    0.000  -0.139   0.381   0.
  2017 352 13 33 31 501 352.564947934      -0.57      0.50     -1.46  0.       -5180.509       6353.339       3087.782    0.000  -0.139   0.381   0.
  2017 352 13 33 32 501 352.564959508      -0.36      0.83     -0.93  0.       -5181.149       6352.741       3086.204    0.000  -0.139   0.381   0.
  2017 352 13 33 33 501 352.564971082      -0.33      1.26     -0.45  0.       -5181.788       6352.142       3084.626    0.000  -0.139   0.381   0.
  2017 352 13 33 34 501 352.564982656       0.42      1.16     -1.61  0.       -5182.426       6351.543       3083.048    0.000  -0.139   0.381   0.
  2017 352 13 33 35 501 352.564994230      -0.31      0.44     -2.15  0.       -5183.065       6350.943       3081.469    0.000  -0.139   0.381   0.
  2017 352 13 33 36 501 352.565005804      -0.67      0.20     -1.50  0.       -5183.703       6350.343       3079.891    0.000  -0.139   0.381   0.
  2017 352 13 33 37 501 352.565017379      -0.53      0.52     -1.19  0.       -5184.340       6349.742       3078.312    0.000  -0.139   0.381   0.
  2017 352 13 33 38 501 352.565028953      -0.38      0.33     -0.72  0.       -5184.977       6349.141       3076.733    0.000  -0.139   0.381   0.
  2017 352 13 33 39 501 352.565040527      -0.60      0.44     -0.39  0.       -5185.614       6348.540       3075.154    0.000  -0.139   0.381   0.
  2017 352 13 33 40 501 352.565052101      -0.43      0.85      0.00  0.       -5186.251       6347.938       3073.574    0.000  -0.139   0.381   0.
  2017 352 13 33 41 501 352.565063674      -0.56      1.36      0.04  0.       -5186.887       6347.336       3071.994    0.000  -0.139   0.381   0.
  2017 352 13 33 42 501 352.565075246      -0.73      1.31     -0.25  0.       -5187.523       6346.734       3070.414    0.000  -0.139   0.381   0.
  2017 352 13 33 43 501 352.565086820      -0.07      1.00     -0.44  0.       -5188.159       6346.131       3068.834    0.000  -0.139   0.381   0.
  2017 352 13 33 44 501 352.565098394      -0.15      0.34     -0.64  0.       -5188.794       6345.527       3067.254    0.000  -0.139   0.381   0.
  2017 352 13 33 45 501 352.565109968      -0.80      0.17     -0.10  0.       -5189.429       6344.924       3065.674    0.000  -0.139   0.381   0.
  2017 352 13 33 46 501 352.565121542      -0.58      1.22     -0.15  0.       -5190.064       6344.319       3064.093    0.000  -0.139   0.381   0.
  2017 352 13 33 47 501 352.565133116      -0.52      1.45     -0.59  0.       -5190.698       6343.715       3062.512    0.000  -0.139   0.381   0.
  2017 352 13 33 48 501 352.565144690      -0.19      1.34     -0.80  0.       -5191.332       6343.110       3060.931    0.000  -0.139   0.381   0.
  2017 352 13 33 49 501 352.565156264      -0.34      1.10     -0.83  0.       -5191.966       6342.504       3059.350    0.000  -0.139   0.381   0.
  2017 352 13 33 50 501 352.565167839      -0.72      0.73     -0.83  0.       -5192.599       6341.899       3057.769    0.000  -0.139   0.381   0.
  2017 352 13 33 51 501 352.565179413      -1.09      1.14     -0.22  0.       -5193.232       6341.292       3056.187    0.000  -0.139   0.381   0.
  2017 352 13 33 52 501 352.565190987      -0.72      1.92     -0.81  0.       -5193.865       6340.686       3054.605    0.000  -0.139   0.381   0.
  2017 352 13 33 53 501 352.565202561       0.66      1.23     -1.92  0.       -5194.497       6340.079       3053.023    0.000  -0.139   0.381   0.
  2017 352 13 33 54 501 352.565214135       0.78      0.59     -1.83  0.       -5195.129       6339.471       3051.441    0.000  -0.139   0.381   0.
  2017 352 13 33 55 501 352.565225709       0.39      0.84     -1.51  0.       -5195.761       6338.863       3049.858    0.000  -0.139   0.381   0.
  2017 352 13 33 56 501 352.565237283       0.06      0.87     -1.59  0.       -5196.392       6338.256       3048.276    0.000  -0.139   0.381   0.
  2017 352 13 33 57 501 352.565248857      -0.88      1.72     -1.61  0.       -5197.023       6337.647       3046.693    0.000  -0.139   0.381   0.
  2017 352 13 33 58 501 352.565260431       0.06      1.74     -1.77  0.       -5197.654       6337.038       3045.110    0.000  -0.138   0.380   0.
  2017 352 13 33 59 501 352.565272005       0.88      1.37     -1.48  0.       -5198.284       6336.428       3043.527    0.000  -0.138   0.380   0.
  2017 352 13 34  0 501 352.565283579       0.92      0.66     -1.61  0.       -5198.914       6335.818       3041.943    0.000  -0.139   0.381   0.
  2017 352 13 34  1 501 352.565295153       0.82      0.08     -1.35  0.       -5199.544       6335.208       3040.360    0.000  -0.139   0.381   0.
  2017 352 13 34  2 501 352.565306727      -0.21     -0.13     -0.49  0.       -5200.173       6334.598       3038.776    0.000  -0.138   0.380   0.
  2017 352 13 34  3 501 352.565318302      -0.75      0.78     -0.74  0.       -5200.802       6333.986       3037.192    0.000  -0.138   0.380   0.
  2017 352 13 34  4 501 352.565329876      -1.49      0.61     -1.98  0.       -5201.431       6333.375       3035.608    0.000  -0.138   0.380   0.
  2017 352 13 34  5 501 352.565341450      -1.87      0.38     -2.48  0.       -5202.059       6332.763       3034.024    0.000  -0.138   0.380   0.
  2017 352 13 34  6 501 352.565353024      -2.40     -0.02     -1.54  0.       -5202.687       6332.151       3032.439    0.000  -0.138   0.380   0.
  2017 352 13 34  7 501 352.565364598      -2.62      0.20     -0.16  0.       -5203.315       6331.538       3030.854    0.000  -0.138   0.380   0.
  2017 352 13 34  8 501 352.565376172      -1.96      0.27      0.21  0.       -5203.942       6330.925       3029.269    0.000  -0.138   0.380   0.
  2017 352 13 34  9 501 352.565387746      -0.96      0.79     -0.06  0.       -5204.569       6330.311       3027.684    0.000  -0.138   0.380   0.
  2017 352 13 34 10 501 352.565399320      -0.37      1.45     -1.89  0.       -5205.196       6329.698       3026.099    0.000  -0.138   0.379   0.
  2017 352 13 34 11 500 352.565410894      -0.10      0.57     -2.17  0.       -5205.822       6329.083       3024.513    0.000  -0.138   0.379   0.
  2017 352 13 34 12 500 352.565422465      -0.27      0.84      0.25  0.       -5206.448       6328.468       3022.928    0.000  -0.138   0.379   0.
  2017 352 13 34 13 501 352.565434039      -0.81      1.58      0.17  0.       -5207.074       6327.853       3021.342    0.000  -0.138   0.379   0.
  2017 352 13 34 14 501 352.565445613      -1.05      1.63     -0.82  0.       -5207.699       6327.238       3019.756    0.000  -0.138   0.379   0.
  2017 352 13 34 15 500 352.565457187      -1.34      1.86     -1.57  0.       -5208.324       6326.622       3018.169    0.000  -0.138   0.379   0.
  2017 352 13 34 16 500 352.565468762      -1.90      1.62     -2.42  0.       -5208.949       6326.006       3016.583    0.000  -0.138   0.379   0.
  2017 352 13 34 17 501 352.565480336      -1.95      0.35     -1.65  0.       -5209.573       6325.389       3014.996    0.000  -0.138   0.379   0.
  2017 352 13 34 18 501 352.565491910      -1.11      0.49     -0.67  0.       -5210.197       6324.772       3013.409    0.000  -0.138   0.378   0.
  2017 352 13 34 19 501 352.565503484      -0.34      1.44     -1.24  0.       -5210.820       6324.154       3011.822    0.000  -0.138   0.378   0.
  2017 352 13 34 20 501 352.565515058       0.61      0.77     -1.68  0.       -5211.444       6323.536       3010.235    0.000  -0.138   0.378   0.
  2017 352 13 34 21 501 352.565526632       0.20      0.93     -1.20  0.       -5212.067       6322.918       3008.647    0.000  -0.138   0.378   0.
  2017 352 13 34 22 500 352.565538206       0.01      0.78     -1.49  0.       -5212.689       6322.299       3007.060    0.000  -0.138   0.378   0.
  2017 352 13 34 23 500 352.565549780       0.32     -0.30     -1.60  0.       -5213.312       6321.680       3005.472    0.000  -0.138   0.378   0.
  2017 352 13 34 24 500 352.565561354      -0.38     -0.04     -0.96  0.       -5213.934       6321.060       3003.884    0.000  -0.138   0.378   0.
  2017 352 13 34 25 500 352.565572928      -0.53      0.09     -0.91  0.       -5214.555       6320.440       3002.296    0.000  -0.138   0.378   0.
  2017 352 13 34 26 500 352.565584502      -0.32      0.34     -0.07  0.       -5215.177       6319.820       3000.707    0.000  -0.138   0.378   0.
  2017 352 13 34 27 501 352.565596076      -0.43      2.45     -0.30  0.       -5215.798       6319.199       2999.118    0.000  -0.138   0.378   0.
  2017 352 13 34 28 501 352.565607650      -0.77      1.81     -1.62  0.       -5216.418       6318.577       2997.530    0.000  -0.137   0.377   0.
  2017 352 13 34 29 500 352.565619225      -0.96      0.96     -2.09  0.       -5217.038       6317.956       2995.941    0.000  -0.137   0.377   0.
  2017 352 13 34 30 500 352.565630799      -0.63      1.64     -2.30  0.       -5217.658       6317.334       2994.351    0.000  -0.137   0.377   0.
  2017 352 13 34 31 501 352.565642373      -0.38      1.90     -1.44  0.       -5218.278       6316.711       2992.762    0.000  -0.137   0.377   0.
  2017 352 13 34 32 501 352.565653947      -0.68      0.60     -1.52  0.       -5218.897       6316.088       2991.172    0.000  -0.137   0.377   0.
  2017 352 13 34 33 501 352.565665521      -0.74     -0.33     -1.10  0.       -5219.516       6315.465       2989.583    0.000  -0.137   0.377   0.
  2017 352 13 34 34 501 352.565677095      -1.05      0.73      0.02  0.       -5220.135       6314.841       2987.993    0.000  -0.137   0.377   0.
  2017 352 13 34 35 501 352.565688669      -1.83      1.55     -0.21  0.       -5220.753       6314.217       2986.403    0.000  -0.137   0.377   0.
  2017 352 13 34 36 500 352.565700243      -2.15      1.61     -0.48  0.       -5221.371       6313.593       2984.812    0.000  -0.137   0.376   0.
  2017 352 13 34 37 500 352.565711817      -2.02      1.60     -0.72  0.       -5221.989       6312.968       2983.222    0.000  -0.137   0.376   0.
  2017 352 13 34 38 500 352.565723391      -1.24      1.45     -0.82  0.       -5222.606       6312.343       2981.631    0.000  -0.137   0.375   0.
  2017 352 13 34 39 500 352.565734965      -0.91      1.61     -1.47  0.       -5223.223       6311.717       2980.040    0.000  -0.137   0.375   0.
  2017 352 13 34 40 501 352.565746539      -0.61      1.13     -1.77  0.       -5223.839       6311.091       2978.449    0.000  -0.137   0.375   0.
  2017 352 13 34 41 501 352.565758113      -0.54      0.18     -1.74  0.       -5224.455       6310.464       2976.857    0.000  -0.137   0.375   0.
  2017 352 13 34 42 500 352.565769685      -0.78     -0.12     -0.45  0.       -5225.071       6309.837       2975.266    0.000  -0.136   0.375   0.
  2017 352 13 34 43 500 352.565781259      -1.60      0.60      0.76  0.       -5225.687       6309.210       2973.674    0.000  -0.136   0.375   0.
  2017 352 13 34 44 500 352.565792833      -2.05      0.98      0.42  0.       -5226.302       6308.582       2972.082    0.000  -0.136   0.375   0.
  2017 352 13 34 45 500 352.565804407      -1.61      0.72     -0.46  0.       -5226.917       6307.954       2970.490    0.000  -0.136   0.375   0.
  2017 352 13 34 46 500 352.565815981      -1.70      0.34     -0.99  0.       -5227.532       6307.325       2968.898    0.000  -0.136   0.374   0.
  2017 352 13 34 47 500 352.565827555      -1.50      0.09     -0.10  0.       -5228.146       6306.696       2967.305    0.000  -0.136   0.374   0.
  2017 352 13 34 48 500 352.565839129      -0.40      0.85     -0.57  0.       -5228.760       6306.067       2965.713    0.000  -0.136   0.373   0.
  2017 352 13 34 49 500 352.565850703      -1.11      0.98     -1.96  0.       -5229.373       6305.437       2964.120    0.000  -0.136   0.373   0.
  2017 352 13 34 50 500 352.565862277      -2.02     -0.43     -1.34  0.       -5229.986       6304.807       2962.527    0.000  -0.136   0.374   0.
  2017 352 13 34 51 500 352.565873851      -1.51     -0.67     -0.05  0.       -5230.599       6304.176       2960.933    0.000  -0.136   0.374   0.
  2017 352 13 34 52 500 352.565885425      -1.01     -0.29      0.32  0.       -5231.212       6303.545       2959.340    0.000  -0.136   0.373   0.
  2017 352 13 34 53 500 352.565896999      -1.14      0.60      0.21  0.       -5231.824       6302.914       2957.746    0.000  -0.136   0.373   0.
  2017 352 13 34 54 500 352.565908573      -1.31      1.56     -0.57  0.       -5232.436       6302.282       2956.153    0.000  -0.135   0.372   0.
  2017 352 13 34 55 500 352.565920148      -0.44      1.05     -2.39  0.       -5233.047       6301.650       2954.558    0.000  -0.135   0.372   0.
  2017 352 13 34 56 500 352.565931722       0.06     -0.07     -2.70  0.       -5233.658       6301.017       2952.964    0.000  -0.135   0.372   0.
  2017 352 13 34 57 500 352.565943296       0.01      0.55     -1.12  0.       -5234.269       6300.384       2951.370    0.000  -0.135   0.372   0.
  2017 352 13 34 58 500 352.565954870      -0.63      1.01     -0.06  0.       -5234.880       6299.750       2949.775    0.000  -0.135   0.371   0.
  2017 352 13 34 59 500 352.565966444      -1.30      1.10     -0.10  0.       -5235.490       6299.117       2948.180    0.000  -0.135   0.371   0.
  2017 352 13 35  0 500 352.565978018      -0.87      1.81     -0.43  0.       -5236.100       6298.482       2946.586    0.000  -0.135   0.371   0.
  2017 352 13 35  1 500 352.565989592       0.07      1.56     -1.99  0.       -5236.709       6297.848       2944.990    0.000  -0.135   0.371   0.
  2017 352 13 35  2 500 352.566001166       1.09      0.14     -1.98  0.       -5237.318       6297.212       2943.395    0.000  -0.135   0.370   0.
  2017 352 13 35  3 500 352.566012740      -0.13      0.60     -1.09  0.       -5237.927       6296.577       2941.799    0.000  -0.135   0.370   0.
  2017 352 13 35  4 500 352.566024314      -0.53      0.43     -1.89  0.       -5238.535       6295.941       2940.204    0.000  -0.135   0.370   0.
  2017 352 13 35  5 500 352.566035888       0.08     -0.53     -1.40  0.       -5239.143       6295.305       2938.608    0.000  -0.135   0.370   0.
  2017 352 13 35  6 500 352.566047462      -0.31     -0.49     -0.79  0.       -5239.751       6294.668       2937.012    0.000  -0.134   0.369   0.
  2017 352 13 35  7 500 352.566059036      -0.48      0.19     -0.65  0.       -5240.359       6294.031       2935.415    0.000  -0.134   0.369   0.
  2017 352 13 35  8 500 352.566070611      -0.43      1.99     -0.75  0.       -5240.966       6293.393       2933.819    0.000  -0.134   0.369   0.
  2017 352 13 35  9 500 352.566082185       0.28      0.39     -1.81  0.       -5241.573       6292.755       2932.222    0.000  -0.134   0.369   0.
  2017 352 13 35 10 500 352.566093759       0.04     -0.39     -1.27  0.       -5242.179       6292.117       2930.625    0.000  -0.134   0.368   0.
  2017 352 13 35 11 500 352.566105332      -0.58     -0.59     -0.94  0.       -5242.785       6291.478       2929.028    0.000  -0.134   0.368   0.
  2017 352 13 35 12 500 352.566116904      -1.75     -0.18     -0.46  0.       -5243.391       6290.839       2927.431    0.000  -0.134   0.367   0.
  2017 352 13 35 13 500 352.566128478      -1.40      0.81      0.19  0.       -5243.996       6290.199       2925.833    0.000  -0.134   0.367   0.
  2017 352 13 35 14 500 352.566140052      -1.22      1.00     -0.23  0.       -5244.601       6289.559       2924.236    0.000  -0.134   0.367   0.
  2017 352 13 35 15 500 352.566151626      -1.24      1.16     -0.82  0.       -5245.206       6288.919       2922.638    0.000  -0.134   0.367   0.
  2017 352 13 35 16 500 352.566163200      -0.84      1.11     -0.16  0.       -5245.810       6288.278       2921.040    0.000  -0.133   0.366   0.
  2017 352 13 35 17 500 352.566174774       1.09      0.33     -0.31  0.       -5246.414       6287.636       2919.442    0.000  -0.133   0.366   0.
  2017 352 13 35 18 500 352.566186348       1.28     -0.16      0.26  0.       -5247.018       6286.995       2917.843    0.000  -0.133   0.366   0.
  2017 352 13 35 19 500 352.566197922      -0.35      0.80     -0.59  0.       -5247.621       6286.353       2916.245    0.000  -0.133   0.366   0.
  2017 352 13 35 20 500 352.566209497      -0.64      0.16     -2.13  0.       -5248.224       6285.710       2914.646    0.000  -0.133   0.365   0.
  2017 352 13 35 21 500 352.566221071      -0.45      0.46     -2.42  0.       -5248.827       6285.067       2913.047    0.000  -0.133   0.365   0.
  2017 352 13 35 22 500 352.566232645      -0.77      0.23     -2.00  0.       -5249.429       6284.424       2911.448    0.000  -0.133   0.365   0.
  2017 352 13 35 23 500 352.566244219      -0.83      0.64     -1.01  0.       -5250.031       6283.780       2909.848    0.000  -0.133   0.365   0.
  2017 352 13 35 24 500 352.566255793      -0.82      0.28     -0.51  0.       -5250.633       6283.136       2908.249    0.000  -0.132   0.364   0.
  2017 352 13 35 25 500 352.566267367      -0.87      0.62     -0.03  0.       -5251.234       6282.491       2906.649    0.000  -0.132   0.364   0.
  2017 352 13 35 26 500 352.566278941      -0.69      1.47      0.12  0.       -5251.835       6281.846       2905.049    0.000  -0.132   0.364   0.
  2017 352 13 35 27 500 352.566290515      -0.14      0.65     -0.50  0.       -5252.435       6281.201       2903.449    0.000  -0.132   0.364   0.
  2017 352 13 35 28 500 352.566302089      -0.77      0.10     -0.37  0.       -5253.035       6280.555       2901.849    0.000  -0.132   0.363   0.
  2017 352 13 35 29 500 352.566313663      -1.12      0.90     -1.44  0.       -5253.635       6279.909       2900.248    0.000  -0.132   0.363   0.
  2017 352 13 35 30 500 352.566325237      -0.35     -0.15     -2.79  0.       -5254.235       6279.263       2898.647    0.000  -0.132   0.362   0.
  2017 352 13 35 31 500 352.566336811       0.09      0.43     -2.08  0.       -5254.834       6278.616       2897.046    0.000  -0.132   0.362   0.
  2017 352 13 35 32 500 352.566348385       0.12      0.81     -2.34  0.       -5255.433       6277.968       2895.445    0.000  -0.132   0.362   0.
  2017 352 13 35 33 500 352.566359960      -0.57      0.36     -2.04  0.       -5256.032       6277.320       2893.844    0.000  -0.132   0.362   0.
  2017 352 13 35 34 500 352.566371534      -0.64      0.32     -1.27  0.       -5256.630       6276.672       2892.243    0.000  -0.131   0.361   0.
  2017 352 13 35 35 500 352.566383108      -0.23      0.50     -0.76  0.       -5257.228       6276.023       2890.641    0.000  -0.131   0.361   0.
  2017 352 13 35 36 500 352.566394682      -0.20      0.48     -1.13  0.       -5257.825       6275.374       2889.039    0.000  -0.131   0.360   0.
  2017 352 13 35 37 500 352.566406256      -0.07      0.41     -0.89  0.       -5258.422       6274.725       2887.437    0.000  -0.131   0.360   0.
  2017 352 13 35 38 500 352.566417830      -0.35      0.02     -0.64  0.       -5259.019       6274.075       2885.835    0.000  -0.131   0.360   0.
  2017 352 13 35 39 500 352.566429404      -0.72      0.37     -0.25  0.       -5259.615       6273.425       2884.233    0.000  -0.131   0.360   0.
  2017 352 13 35 40 500 352.566440978      -0.53      0.38     -0.41  0.       -5260.211       6272.774       2882.630    0.000  -0.131   0.360   0.
  2017 352 13 35 41 500 352.566452552      -0.56     -0.14     -0.44  0.       -5260.807       6272.123       2881.027    0.000  -0.131   0.360   0.
  2017 352 13 35 42 500 352.566464123      -0.75     -0.06     -0.12  0.       -5261.403       6271.471       2879.424    0.000  -0.130   0.358   0.
  2017 352 13 35 43 500 352.566475697      -0.10      0.62     -0.82  0.       -5261.998       6270.819       2877.821    0.000  -0.130   0.358   0.
  2017 352 13 35 44 500 352.566487271      -0.29      0.90     -1.30  0.       -5262.592       6270.167       2876.218    0.000  -0.130   0.358   0.
  2017 352 13 35 45 500 352.566498845      -1.17      0.32     -1.51  0.       -5263.187       6269.514       2874.614    0.000  -0.130   0.358   0.
  2017 352 13 35 46 500 352.566510420      -1.78      0.28     -0.75  0.       -5263.781       6268.861       2873.010    0.000  -0.130   0.357   0.
  2017 352 13 35 47 500 352.566521994      -1.66      1.09     -0.41  0.       -5264.375       6268.207       2871.406    0.000  -0.130   0.357   0.
  2017 352 13 35 48 500 352.566533568      -1.35      1.41     -0.45  0.       -5264.968       6267.554       2869.802    0.000  -0.130   0.357   0.
  2017 352 13 35 49 500 352.566545142      -1.31      1.87     -0.73  0.       -5265.561       6266.899       2868.198    0.000  -0.130   0.357   0.
  2017 352 13 35 50 500 352.566556716      -0.39      2.52     -1.93  0.       -5266.154       6266.244       2866.594    0.000  -0.129   0.356   0.
  2017 352 13 35 51 500 352.566568290       0.15      1.30     -2.88  0.       -5266.746       6265.589       2864.989    0.000  -0.129   0.356   0.
  2017 352 13 35 52 500 352.566579864      -0.55      1.38     -3.00  0.       -5267.338       6264.934       2863.384    0.000  -0.129   0.356   0.
  2017 352 13 35 53 500 352.566591438      -0.56      0.96     -2.66  0.       -5267.929       6264.277       2861.779    0.000  -0.129   0.356   0.
  2017 352 13 35 54 500 352.566603012      -0.92      0.01     -1.84  0.       -5268.521       6263.621       2860.174    0.000  -0.129   0.355   0.
  2017 352 13 35 55 500 352.566614586      -1.31     -0.27     -0.53  0.       -5269.112       6262.964       2858.568    0.000  -0.129   0.355   0.
  2017 352 13 35 56 500 352.566626160      -1.60      0.41     -0.23  0.       -5269.702       6262.307       2856.963    0.000  -0.129   0.354   0.
  2017 352 13 35 57 500 352.566637734      -1.11      0.35      0.27  0.       -5270.292       6261.649       2855.357    0.000  -0.129   0.354   0.
  2017 352 13 35 58 500 352.566649308      -0.53      1.10      0.15  0.       -5270.882       6260.991       2853.751    0.000  -0.129   0.354   0.
  2017 352 13 35 59 500 352.566660883      -0.79      1.39     -1.05  0.       -5271.472       6260.332       2852.145    0.000  -0.129   0.354   0.
  2017 352 13 36  0 500 352.566672457      -0.73      0.87     -1.53  0.       -5272.061       6259.673       2850.538    0.000  -0.129   0.353   0.
  2017 352 13 36  1 500 352.566684031      -1.50      0.71     -0.89  0.       -5272.650       6259.014       2848.932    0.000  -0.129   0.353   0.
  2017 352 13 36  2 500 352.566695605      -0.75      1.44     -1.24  0.       -5273.238       6258.354       2847.325    0.000  -0.128   0.352   0.
  2017 352 13 36  3 500 352.566707179      -0.60      0.76     -2.06  0.       -5273.827       6257.694       2845.718    0.000  -0.128   0.352   0.
  2017 352 13 36  4 500 352.566718753      -0.95      0.40     -1.58  0.       -5274.414       6257.034       2844.111    0.000  -0.128   0.352   0.
  2017 352 13 36  5 500 352.566730327      -1.85      0.12     -1.11  0.       -5275.002       6256.373       2842.504    0.000  -0.128   0.352   0.
  2017 352 13 36  6 500 352.566741901      -2.15      1.00     -0.51  0.       -5275.589       6255.711       2840.896    0.000  -0.128   0.351   0.
  2017 352 13 36  7 500 352.566753475      -1.30      1.32     -0.60  0.       -5276.176       6255.049       2839.289    0.000  -0.128   0.351   0.
  2017 352 13 36  8 500 352.566765049      -0.42      0.47     -0.31  0.       -5276.762       6254.387       2837.681    0.000  -0.127   0.350   0.
  2017 352 13 36  9 500 352.566776623      -0.50      0.39      0.49  0.       -5277.348       6253.724       2836.073    0.000  -0.127   0.350   0.
  2017 352 13 36 10 500 352.566788197       0.79      1.58     -0.39  0.       -5277.934       6253.061       2834.465    0.000  -0.127   0.349   0.
  2017 352 13 36 11 499 352.566799771       1.14      1.27     -1.63  0.       -5278.519       6252.398       2832.856    0.000  -0.127   0.349   0.
  2017 352 13 36 12 499 352.566811343       0.48      0.31     -1.02  0.       -5279.104       6251.734       2831.248    0.000  -0.127   0.349   0.
  2017 352 13 36 13 500 352.566822917      -0.32      0.55     -0.55  0.       -5279.689       6251.070       2829.639    0.000  -0.127   0.349   0.
  2017 352 13 36 14 500 352.566834491      -1.26      0.70     -0.77  0.       -5280.273       6250.405       2828.030    0.000  -0.127   0.348   0.
  2017 352 13 36 15 500 352.566846065      -1.41      0.39     -0.12  0.       -5280.857       6249.740       2826.421    0.000  -0.127   0.348   0.
  2017 352 13 36 16 500 352.566857639      -1.30      0.03      0.40  0.       -5281.441       6249.074       2824.811    0.000  -0.126   0.348   0.
  2017 352 13 36 17 500 352.566869213      -1.11     -0.25      0.62  0.       -5282.024       6248.408       2823.202    0.000  -0.126   0.348   0.
  2017 352 13 36 18 499 352.566880787      -0.48      0.18      0.55  0.       -5282.607       6247.742       2821.592    0.000  -0.126   0.347   0.
  2017 352 13 36 19 499 352.566892361      -0.43      0.47     -0.23  0.       -5283.190       6247.075       2819.982    0.000  -0.126   0.347   0.
  2017 352 13 36 20 499 352.566903935      -0.75      0.57     -0.05  0.       -5283.772       6246.408       2818.372    0.000  -0.126   0.346   0.
  2017 352 13 36 21 499 352.566915509      -0.76      1.35     -0.10  0.       -5284.354       6245.740       2816.762    0.000  -0.126   0.346   0.
  2017 352 13 36 22 499 352.566927083      -0.92      1.77     -0.95  0.       -5284.935       6245.072       2815.151    0.000  -0.126   0.346   0.
  2017 352 13 36 23 500 352.566938657      -1.14      1.73     -1.07  0.       -5285.517       6244.404       2813.541    0.000  -0.126   0.346   0.
  2017 352 13 36 24 500 352.566950231      -1.52      1.17     -0.64  0.       -5286.097       6243.735       2811.930    0.000  -0.126   0.345   0.
  2017 352 13 36 25 499 352.566961806      -1.29      0.56     -0.19  0.       -5286.678       6243.066       2810.319    0.000  -0.126   0.345   0.
  2017 352 13 36 26 499 352.566973380      -1.00     -0.02     -0.69  0.       -5287.258       6242.396       2808.708    0.000  -0.125   0.344   0.
  2017 352 13 36 27 500 352.566984954      -0.71      0.00     -0.70  0.       -5287.838       6241.726       2807.096    0.000  -0.125   0.344   0.
  2017 352 13 36 28 500 352.566996528      -0.13      0.95     -0.71  0.       -5288.417       6241.056       2805.485    0.000  -0.125   0.343   0.
  2017 352 13 36 29 500 352.567008102      -0.01      1.16     -1.27  0.       -5288.996       6240.385       2803.873    0.000  -0.125   0.343   0.
  2017 352 13 36 30 500 352.567019676      -0.20     -0.34     -0.99  0.       -5289.575       6239.714       2802.261    0.000  -0.125   0.343   0.
  2017 352 13 36 31 500 352.567031250      -0.83     -1.01     -0.64  0.       -5290.153       6239.041       2800.649    0.000  -0.125   0.343   0.
  2017 352 13 36 32 499 352.567042824      -1.37     -0.94     -0.66  0.       -5290.731       6238.369       2799.036    0.000  -0.124   0.342   0.
  2017 352 13 36 33 499 352.567054398      -1.51      0.02     -0.12  0.       -5291.309       6237.697       2797.424    0.000  -0.124   0.342   0.
  2017 352 13 36 34 499 352.567065972      -0.91      0.33     -0.18  0.       -5291.886       6237.024       2795.811    0.000  -0.124   0.342   0.
  2017 352 13 36 35 499 352.567077546      -0.99      0.58      0.29  0.       -5292.463       6236.351       2794.198    0.000  -0.124   0.342   0.
  2017 352 13 36 36 500 352.567089120      -1.24      1.28      1.23  0.       -5293.040       6235.677       2792.585    0.000  -0.124   0.340   0.
  2017 352 13 36 37 500 352.567100694      -1.72      1.68      1.40  0.       -5293.616       6235.003       2790.972    0.000  -0.124   0.340   0.
  2017 352 13 36 38 499 352.567112268      -2.14      1.69     -0.46  0.       -5294.192       6234.328       2789.358    0.000  -0.124   0.340   0.
  2017 352 13 36 39 499 352.567123843      -0.82      1.48     -0.98  0.       -5294.768       6233.653       2787.745    0.000  -0.124   0.340   0.
  2017 352 13 36 40 500 352.567135417       0.80      1.67     -2.51  0.       -5295.343       6232.978       2786.131    0.000  -0.123   0.339   0.
  2017 352 13 36 41 500 352.567146991       0.76      0.17     -3.04  0.       -5295.918       6232.302       2784.517    0.000  -0.123   0.339   0.
  2017 352 13 36 42 500 352.567158565      -0.72      0.79     -2.01  0.       -5296.492       6231.625       2782.903    0.000  -0.123   0.339   0.
  2017 352 13 36 43 500 352.567170139      -1.52     -0.36     -2.51  0.       -5297.067       6230.949       2781.289    0.000  -0.123   0.339   0.
  2017 352 13 36 44 499 352.567181710      -1.73     -0.68     -1.17  0.       -5297.640       6230.272       2779.674    0.000  -0.123   0.337   0.
  2017 352 13 36 45 499 352.567193284      -1.77      0.74      0.60  0.       -5298.214       6229.594       2778.059    0.000  -0.123   0.337   0.
  2017 352 13 36 46 499 352.567204858      -1.53      0.83     -0.54  0.       -5298.787       6228.916       2776.444    0.000  -0.123   0.337   0.
  2017 352 13 36 47 499 352.567216432      -1.06      0.68     -0.88  0.       -5299.360       6228.238       2774.829    0.000  -0.123   0.337   0.
  2017 352 13 36 48 499 352.567228006      -0.93      0.41     -1.23  0.       -5299.932       6227.559       2773.214    0.000  -0.122   0.336   0.
  2017 352 13 36 49 499 352.567239580      -1.10      0.73     -1.34  0.       -5300.504       6226.880       2771.598    0.000  -0.122   0.336   0.
  2017 352 13 36 50 499 352.567251154      -0.33      0.83     -0.78  0.       -5301.076       6226.200       2769.983    0.000  -0.122   0.335   0.
  2017 352 13 36 51 499 352.567262729      -0.04      0.62     -0.21  0.       -5301.647       6225.520       2768.367    0.000  -0.122   0.335   0.
  2017 352 13 36 52 499 352.567274303      -0.43      0.30     -0.34  0.       -5302.218       6224.840       2766.751    0.000  -0.122   0.334   0.
  2017 352 13 36 53 499 352.567285877      -0.61      0.36     -0.72  0.       -5302.789       6224.159       2765.135    0.000  -0.122   0.334   0.
  2017 352 13 36 54 499 352.567297451      -0.19      1.07     -1.46  0.       -5303.359       6223.478       2763.518    0.000  -0.122   0.334   0.
  2017 352 13 36 55 499 352.567309025      -0.46      0.28     -1.16  0.       -5303.929       6222.796       2761.902    0.000  -0.122   0.334   0.
  2017 352 13 36 56 499 352.567320599      -0.48      0.51     -0.47  0.       -5304.499       6222.114       2760.285    0.000  -0.121   0.333   0.
  2017 352 13 36 57 499 352.567332173      -1.02      2.76     -1.88  0.       -5305.068       6221.431       2758.668    0.000  -0.121   0.333   0.
  2017 352 13 36 58 499 352.567343747      -1.08      0.87     -2.56  0.       -5305.637       6220.749       2757.051    0.000  -0.121   0.332   0.
  2017 352 13 36 59 499 352.567355321      -1.01      0.21     -1.47  0.       -5306.205       6220.065       2755.434    0.000  -0.121   0.332   0.
  2017 352 13 37  0 499 352.567366895      -1.02      0.56     -0.60  0.       -5306.774       6219.381       2753.816    0.000  -0.121   0.331   0.
  2017 352 13 37  1 499 352.567378469      -0.82      1.42     -1.35  0.       -5307.341       6218.697       2752.198    0.000  -0.121   0.331   0.
  2017 352 13 37  2 499 352.567390043      -0.22      0.77     -1.71  0.       -5307.909       6218.013       2750.581    0.000  -0.120   0.331   0.
  2017 352 13 37  3 499 352.567401617       0.36      0.63     -2.08  0.       -5308.476       6217.328       2748.963    0.000  -0.120   0.331   0.
  2017 352 13 37  4 499 352.567413192       0.10     -0.47     -1.05  0.       -5309.043       6216.642       2747.344    0.000  -0.120   0.330   0.
  2017 352 13 37  5 499 352.567424766      -0.12     -0.01     -1.09  0.       -5309.609       6215.957       2745.726    0.000  -0.120   0.330   0.
  2017 352 13 37  6 499 352.567436340       0.02     -1.30     -1.72  0.       -5310.175       6215.270       2744.107    0.000  -0.120   0.329   0.
  2017 352 13 37  7 499 352.567447914      -0.02     -1.57     -0.87  0.       -5310.741       6214.584       2742.488    0.000  -0.120   0.329   0.
  2017 352 13 37  8 499 352.567459488      -0.34      0.26     -0.55  0.       -5311.306       6213.897       2740.869    0.000  -0.119   0.328   0.
  2017 352 13 37  9 499 352.567471062      -1.28      0.22      0.35  0.       -5311.871       6213.209       2739.250    0.000  -0.119   0.328   0.
  2017 352 13 37 10 499 352.567482636      -0.44      0.97      0.15  0.       -5312.436       6212.521       2737.631    0.000  -0.119   0.327   0.
  2017 352 13 37 11 499 352.567494210      -0.08      0.45     -1.87  0.       -5313.000       6211.833       2736.011    0.000  -0.119   0.327   0.
  2017 352 13 37 12 499 352.567505784      -0.60      0.01     -1.79  0.       -5313.564       6211.144       2734.392    0.000  -0.119   0.326   0.
  2017 352 13 37 13 499 352.567517358      -1.34      0.24     -2.33  0.       -5314.127       6210.455       2732.772    0.000  -0.119   0.326   0.
  2017 352 13 37 14 499 352.567528929      -2.68      0.00     -2.08  0.       -5314.691       6209.765       2731.152    0.000  -0.119   0.326   0.
  2017 352 13 37 15 499 352.567540503      -3.17      0.12     -0.63  0.       -5315.253       6209.076       2729.532    0.000  -0.119   0.326   0.
  2017 352 13 37 16 499 352.567552078      -3.18      0.63      1.12  0.       -5315.816       6208.385       2727.911    0.000  -0.118   0.325   0.
  2017 352 13 37 17 499 352.567563652      -1.68      1.60      1.43  0.       -5316.378       6207.694       2726.291    0.000  -0.118   0.325   0.
  2017 352 13 37 18 499 352.567575226      -0.17      1.90      0.61  0.       -5316.940       6207.003       2724.670    0.000  -0.118   0.324   0.
  2017 352 13 37 19 499 352.567586800       0.46      1.34     -0.32  0.       -5317.501       6206.311       2723.049    0.000  -0.118   0.324   0.
  2017 352 13 37 20 499 352.567598374       0.26      0.57     -1.00  0.       -5318.062       6205.619       2721.428    0.000  -0.118   0.323   0.
  2017 352 13 37 21 499 352.567609948      -0.56      0.06     -0.59  0.       -5318.623       6204.927       2719.806    0.000  -0.118   0.323   0.
  2017 352 13 37 22 499 352.567621522      -0.84      0.95     -0.90  0.       -5319.184       6204.234       2718.185    0.000  -0.117   0.322   0.
  2017 352 13 37 23 499 352.567633096      -0.09      1.16     -0.65  0.       -5319.744       6203.541       2716.563    0.000  -0.117   0.322   0.
  2017 352 13 37 24 499 352.567644670      -0.99      0.63     -1.20  0.       -5320.303       6202.847       2714.941    0.000  -0.117   0.322   0.
  2017 352 13 37 25 499 352.567656244      -2.06      0.01     -1.09  0.       -5320.862       6202.153       2713.319    0.000  -0.117   0.322   0.
  2017 352 13 37 26 499 352.567667818      -2.35      0.75     -1.05  0.       -5321.421       6201.458       2711.697    0.000  -0.117   0.321   0.
  2017 352 13 37 27 499 352.567679392      -2.47      1.77     -1.45  0.       -5321.980       6200.763       2710.074    0.000  -0.117   0.321   0.
  2017 352 13 37 28 499 352.567690966      -2.17      2.26     -2.31  0.       -5322.538       6200.068       2708.452    0.000  -0.117   0.320   0.
  2017 352 13 37 29 499 352.567702541      -1.85      1.39     -2.71  0.       -5323.096       6199.372       2706.829    0.000  -0.117   0.320   0.
  2017 352 13 37 30 499 352.567714115      -1.13      0.28     -2.43  0.       -5323.653       6198.676       2705.206    0.000  -0.116   0.319   0.
  2017 352 13 37 31 499 352.567725689      -0.60     -0.24     -1.84  0.       -5324.211       6197.979       2703.583    0.000  -0.116   0.319   0.
  2017 352 13 37 32 499 352.567737263      -0.74      0.18     -0.78  0.       -5324.767       6197.282       2701.959    0.000  -0.116   0.319   0.
  2017 352 13 37 33 499 352.567748837      -0.34      0.98     -0.52  0.       -5325.324       6196.585       2700.336    0.000  -0.116   0.319   0.
  2017 352 13 37 34 499 352.567760411       0.07      1.10     -1.16  0.       -5325.880       6195.887       2698.712    0.000  -0.115   0.317   0.
  2017 352 13 37 35 499 352.567771985      -0.19      0.91     -0.83  0.       -5326.435       6195.189       2697.088    0.000  -0.115   0.317   0.
  2017 352 13 37 36 499 352.567783559      -0.67      0.96     -1.14  0.       -5326.991       6194.490       2695.464    0.000  -0.115   0.316   0.
  2017 352 13 37 37 499 352.567795133      -1.17      0.51     -0.96  0.       -5327.546       6193.791       2693.840    0.000  -0.115   0.316   0.
  2017 352 13 37 38 499 352.567806707      -1.25      0.47     -0.53  0.       -5328.100       6193.091       2692.216    0.000  -0.115   0.316   0.
  2017 352 13 37 39 499 352.567818281      -0.80      0.19     -0.20  0.       -5328.655       6192.391       2690.591    0.000  -0.115   0.316   0.
  2017 352 13 37 40 499 352.567829855       0.10      0.45     -0.23  0.       -5329.209       6191.691       2688.966    0.000  -0.115   0.315   0.
  2017 352 13 37 41 499 352.567841429      -0.34      1.17     -0.92  0.       -5329.762       6190.990       2687.341    0.000  -0.115   0.315   0.
  2017 352 13 37 42 499 352.567853004      -0.02      2.20     -1.22  0.       -5330.315       6190.289       2685.716    0.000  -0.114   0.314   0.
  2017 352 13 37 43 499 352.567864577       0.07      1.58     -1.96  0.       -5330.868       6189.587       2684.091    0.000  -0.114   0.314   0.
  2017 352 13 37 44 499 352.567876149      -0.09      1.05     -2.00  0.       -5331.421       6188.885       2682.465    0.000  -0.114   0.313   0.
  2017 352 13 37 45 499 352.567887723      -0.05      1.16     -0.31  0.       -5331.973       6188.183       2680.839    0.000  -0.114   0.313   0.
  2017 352 13 37 46 499 352.567899297      -0.02      1.52     -0.55  0.       -5332.525       6187.480       2679.214    0.000  -0.114   0.312   0.
  2017 352 13 37 47 499 352.567910871       0.10      0.65     -1.16  0.       -5333.076       6186.777       2677.587    0.000  -0.114   0.312   0.
  2017 352 13 37 48 499 352.567922445       0.32      0.27     -0.37  0.       -5333.627       6186.073       2675.961    0.000  -0.113   0.311   0.
  2017 352 13 37 49 499 352.567934019       0.50      0.81      0.22  0.       -5334.178       6185.369       2674.335    0.000  -0.113   0.311   0.
  2017 352 13 37 50 499 352.567945593       0.08      1.29     -0.90  0.       -5334.728       6184.664       2672.708    0.000  -0.113   0.310   0.
  2017 352 13 37 51 499 352.567957167      -0.66      0.63     -1.61  0.       -5335.278       6183.959       2671.081    0.000  -0.113   0.310   0.
  2017 352 13 37 52 499 352.567968741      -0.65      0.14     -1.76  0.       -5335.828       6183.254       2669.455    0.000  -0.113   0.310   0.
  2017 352 13 37 53 499 352.567980315      -0.65     -0.45     -1.88  0.       -5336.377       6182.548       2667.827    0.000  -0.113   0.310   0.
  2017 352 13 37 54 499 352.567991889      -0.65     -0.98     -1.50  0.       -5336.926       6181.842       2666.200    0.000  -0.112   0.309   0.
  2017 352 13 37 55 499 352.568003464      -0.34     -0.20     -0.38  0.       -5337.474       6181.135       2664.572    0.000  -0.112   0.309   0.
  2017 352 13 37 56 499 352.568015038      -0.39      0.16      0.34  0.       -5338.022       6180.428       2662.945    0.000  -0.112   0.308   0.
  2017 352 13 37 57 499 352.568026612      -0.57      0.49     -0.21  0.       -5338.570       6179.721       2661.317    0.000  -0.112   0.308   0.
  2017 352 13 37 58 499 352.568038186      -0.88      0.96     -0.14  0.       -5339.118       6179.013       2659.689    0.000  -0.112   0.307   0.
  2017 352 13 37 59 499 352.568049760      -1.20      1.14     -0.47  0.       -5339.665       6178.304       2658.061    0.000  -0.112   0.307   0.
  2017 352 13 38  0 499 352.568061334      -0.92      0.46     -0.81  0.       -5340.211       6177.596       2656.432    0.000  -0.111   0.306   0.
  2017 352 13 38  1 499 352.568072908      -0.66      0.10     -0.18  0.       -5340.758       6176.887       2654.804    0.000  -0.111   0.306   0.
  2017 352 13 38  2 499 352.568084482      -0.74      0.47      0.43  0.       -5341.304       6176.177       2653.175    0.000  -0.111   0.305   0.
  2017 352 13 38  3 499 352.568096056      -0.95      0.88      0.14  0.       -5341.849       6175.467       2651.546    0.000  -0.111   0.305   0.
  2017 352 13 38  4 499 352.568107630      -0.44      0.73     -1.10  0.       -5342.395       6174.757       2649.917    0.000  -0.111   0.304   0.
  2017 352 13 38  5 499 352.568119204      -0.19     -0.33     -0.98  0.       -5342.939       6174.046       2648.288    0.000  -0.111   0.304   0.
  2017 352 13 38  6 499 352.568130778      -0.36      0.02     -0.46  0.       -5343.484       6173.335       2646.658    0.000  -0.110   0.304   0.
  2017 352 13 38  7 499 352.568142352      -0.23      0.23     -0.47  0.       -5344.028       6172.623       2645.028    0.000  -0.110   0.304   0.
  2017 352 13 38  8 499 352.568153927       0.13      0.22     -1.23  0.       -5344.572       6171.911       2643.399    0.000  -0.110   0.303   0.
  2017 352 13 38  9 499 352.568165501      -0.40      0.53     -1.14  0.       -5345.115       6171.198       2641.769    0.000  -0.110   0.303   0.
  2017 352 13 38 10 499 352.568177075      -0.41      1.25     -1.97  0.       -5345.659       6170.485       2640.138    0.000  -0.110   0.301   0.
  2017 352 13 38 11 499 352.568188649      -0.02      0.53     -3.00  0.       -5346.201       6169.772       2638.508    0.000  -0.110   0.301   0.
  2017 352 13 38 12 499 352.568200223      -0.07      0.18     -2.65  0.       -5346.744       6169.058       2636.877    0.000  -0.109   0.301   0.
  2017 352 13 38 13 499 352.568211796      -0.20      0.38     -2.29  0.       -5347.286       6168.344       2635.247    0.000  -0.109   0.301   0.
  2017 352 13 38 14 498 352.568223368      -0.14      0.29     -1.42  0.       -5347.827       6167.630       2633.616    0.000  -0.109   0.300   0.
  2017 352 13 38 15 498 352.568234942       0.21      0.66     -0.34  0.       -5348.369       6166.915       2631.985    0.000  -0.109   0.300   0.
  2017 352 13 38 16 498 352.568246516       0.08      0.37     -1.09  0.       -5348.910       6166.199       2630.354    0.000  -0.109   0.299   0.
  2017 352 13 38 17 498 352.568258090       0.20     -0.24     -1.10  0.       -5349.450       6165.483       2628.722    0.000  -0.109   0.299   0.
  2017 352 13 38 18 499 352.568269664      -0.01     -1.02     -1.39  0.       -5349.990       6164.767       2627.090    0.000  -0.108   0.298   0.
  2017 352 13 38 19 499 352.568281238       0.03     -0.74     -0.94  0.       -5350.530       6164.050       2625.458    0.000  -0.108   0.298   0.
  2017 352 13 38 20 498 352.568292813       0.14     -0.94     -0.79  0.       -5351.070       6163.333       2623.827    0.000  -0.108   0.297   0.
  2017 352 13 38 21 498 352.568304387      -0.50      0.36      0.57  0.       -5351.609       6162.616       2622.194    0.000  -0.108   0.297   0.
  2017 352 13 38 22 499 352.568315961      -0.44      1.75     -0.59  0.       -5352.148       6161.898       2620.562    0.000  -0.108   0.296   0.
  2017 352 13 38 23 499 352.568327535      -1.05      0.39     -1.10  0.       -5352.686       6161.179       2618.929    0.000  -0.108   0.296   0.
  2017 352 13 38 24 499 352.568339109      -0.47      0.28      0.41  0.       -5353.224       6160.461       2617.297    0.000  -0.107   0.295   0.
  2017 352 13 38 25 499 352.568350683       0.05      0.91     -0.80  0.       -5353.762       6159.742       2615.664    0.000  -0.107   0.295   0.
  2017 352 13 38 26 499 352.568362257      -0.13      0.58     -1.18  0.       -5354.299       6159.022       2614.031    0.000  -0.107   0.294   0.
  2017 352 13 38 27 498 352.568373831      -0.26      0.71     -1.77  0.       -5354.836       6158.302       2612.398    0.000  -0.107   0.294   0.
  2017 352 13 38 28 498 352.568385405       0.20     -0.01     -1.78  0.       -5355.372       6157.581       2610.764    0.000  -0.107   0.293   0.
  2017 352 13 38 29 498 352.568396979       0.00      0.04     -1.24  0.       -5355.909       6156.861       2609.131    0.000  -0.107   0.293   0.
  2017 352 13 38 30 498 352.568408553       0.10      0.20     -0.31  0.       -5356.444       6156.139       2607.497    0.000  -0.106   0.292   0.
  2017 352 13 38 31 498 352.568420127      -0.17      1.06     -1.24  0.       -5356.980       6155.418       2605.863    0.000  -0.106   0.292   0.
  2017 352 13 38 32 499 352.568431701      -0.23      0.61     -1.77  0.       -5357.515       6154.695       2604.229    0.000  -0.106   0.291   0.
  2017 352 13 38 33 499 352.568443275      -0.09      0.74     -1.41  0.       -5358.050       6153.973       2602.594    0.000  -0.106   0.291   0.
  2017 352 13 38 34 498 352.568454850       0.11      1.44     -1.90  0.       -5358.584       6153.250       2600.960    0.000  -0.106   0.290   0.
  2017 352 13 38 35 498 352.568466424      -0.19      1.60     -2.73  0.       -5359.118       6152.527       2599.325    0.000  -0.106   0.290   0.
  2017 352 13 38 36 499 352.568477998      -0.74      1.29     -2.83  0.       -5359.652       6151.803       2597.690    0.000  -0.105   0.290   0.
  2017 352 13 38 37 499 352.568489572      -0.57      0.06     -2.34  0.       -5360.185       6151.079       2596.055    0.000  -0.105   0.290   0.
  2017 352 13 38 38 499 352.568501146      -0.63     -0.83     -1.13  0.       -5360.718       6150.354       2594.420    0.000  -0.105   0.289   0.
  2017 352 13 38 39 499 352.568512720      -0.47      0.17      0.32  0.       -5361.250       6149.629       2592.785    0.000  -0.105   0.289   0.
  2017 352 13 38 40 499 352.568524294      -0.35      1.41     -0.88  0.       -5361.782       6148.903       2591.149    0.000  -0.105   0.287   0.
  2017 352 13 38 41 498 352.568535868      -0.67      1.02     -1.25  0.       -5362.314       6148.177       2589.514    0.000  -0.105   0.287   0.
  2017 352 13 38 42 498 352.568547442      -1.24      0.06     -1.10  0.       -5362.846       6147.451       2587.878    0.000  -0.104   0.287   0.
  2017 352 13 38 43 498 352.568559016      -0.75     -0.41     -0.32  0.       -5363.377       6146.724       2586.242    0.000  -0.104   0.287   0.
  2017 352 13 38 44 498 352.568570587      -0.82     -0.24      0.16  0.       -5363.907       6145.997       2584.605    0.000  -0.104   0.286   0.
  2017 352 13 38 45 498 352.568582161      -1.95      0.18     -0.32  0.       -5364.438       6145.270       2582.969    0.000  -0.104   0.286   0.
  2017 352 13 38 46 498 352.568593736      -2.68      1.06     -0.53  0.       -5364.968       6144.542       2581.332    0.000  -0.104   0.285   0.
  2017 352 13 38 47 498 352.568605310      -2.11      1.31     -0.34  0.       -5365.497       6143.813       2579.696    0.000  -0.104   0.285   0.
  2017 352 13 38 48 498 352.568616884      -1.38      1.26     -1.40  0.       -5366.027       6143.084       2578.059    0.000  -0.103   0.284   0.
  2017 352 13 38 49 498 352.568628458      -0.91      0.49     -1.70  0.       -5366.555       6142.355       2576.422    0.000  -0.103   0.284   0.
  2017 352 13 38 50 498 352.568640032      -0.56     -0.46     -1.49  0.       -5367.084       6141.625       2574.784    0.000  -0.103   0.283   0.
  2017 352 13 38 51 498 352.568651606      -0.25     -0.68     -1.80  0.       -5367.612       6140.895       2573.147    0.000  -0.103   0.283   0.
  2017 352 13 38 52 498 352.568663180      -0.16     -1.09     -1.65  0.       -5368.140       6140.165       2571.509    0.000  -0.103   0.282   0.
  2017 352 13 38 53 498 352.568674754       0.41     -1.16     -1.51  0.       -5368.667       6139.434       2569.871    0.000  -0.103   0.282   0.
  2017 352 13 38 54 498 352.568686328       0.24     -1.29     -0.55  0.       -5369.194       6138.702       2568.233    0.000  -0.102   0.281   0.
  2017 352 13 38 55 498 352.568697902      -0.67      0.10      1.12  0.       -5369.721       6137.971       2566.595    0.000  -0.102   0.281   0.
  2017 352 13 38 56 498 352.568709476      -0.88      1.38      0.68  0.       -5370.247       6137.238       2564.957    0.000  -0.102   0.280   0.
  2017 352 13 38 57 498 352.568721050      -1.33      1.53     -0.24  0.       -5370.773       6136.506       2563.318    0.000  -0.102   0.280   0.
  2017 352 13 38 58 498 352.568732624      -0.34      0.02      0.10  0.       -5371.299       6135.773       2561.679    0.000  -0.102   0.279   0.
  2017 352 13 38 59 498 352.568744198      -0.78      0.50      1.61  0.       -5371.824       6135.039       2560.040    0.000  -0.102   0.279   0.
  2017 352 13 39  0 498 352.568755773      -2.21      1.70      2.16  0.       -5372.349       6134.305       2558.401    0.000  -0.101   0.278   0.
  2017 352 13 39  1 498 352.568767347      -2.48      1.64      0.25  0.       -5372.873       6133.571       2556.762    0.000  -0.101   0.278   0.
  2017 352 13 39  2 498 352.568778921      -2.12      0.92     -0.46  0.       -5373.397       6132.836       2555.123    0.000  -0.101   0.277   0.
  2017 352 13 39  3 498 352.568790495      -1.07      0.39     -0.19  0.       -5373.921       6132.101       2553.483    0.000  -0.101   0.277   0.
  2017 352 13 39  4 498 352.568802069      -0.84     -0.18     -0.32  0.       -5374.444       6131.366       2551.843    0.000  -0.101   0.276   0.
  2017 352 13 39  5 498 352.568813643      -1.24      0.51      0.03  0.       -5374.967       6130.630       2550.204    0.000  -0.101   0.276   0.
  2017 352 13 39  6 498 352.568825217      -1.08      1.12     -0.69  0.       -5375.490       6129.893       2548.563    0.000  -0.100   0.275   0.
  2017 352 13 39  7 498 352.568836791      -1.26      1.48     -0.88  0.       -5376.012       6129.156       2546.923    0.000  -0.100   0.275   0.
  2017 352 13 39  8 498 352.568848365      -0.93      1.05     -1.39  0.       -5376.534       6128.419       2545.283    0.000  -0.100   0.274   0.
  2017 352 13 39  9 498 352.568859939      -0.81     -0.32     -1.67  0.       -5377.056       6127.681       2543.642    0.000  -0.100   0.274   0.
  2017 352 13 39 10 498 352.568871513      -1.08     -1.11     -0.87  0.       -5377.577       6126.943       2542.001    0.000  -0.100   0.273   0.
  2017 352 13 39 11 498 352.568883087      -1.22     -0.91     -0.83  0.       -5378.097       6126.205       2540.360    0.000  -0.100   0.273   0.
  2017 352 13 39 12 498 352.568894661      -0.50      0.25     -0.10  0.       -5378.618       6125.466       2538.719    0.000  -0.099   0.272   0.
  2017 352 13 39 13 498 352.568906235      -0.77      0.45      0.23  0.       -5379.138       6124.726       2537.078    0.000  -0.099   0.272   0.
  2017 352 13 39 14 498 352.568917807      -1.09      0.81      0.52  0.       -5379.658       6123.987       2535.436    0.000  -0.099   0.271   0.
  2017 352 13 39 15 498 352.568929381      -0.21      0.62      0.12  0.       -5380.177       6123.246       2533.794    0.000  -0.099   0.271   0.
  2017 352 13 39 16 498 352.568940955      -0.38      0.77     -0.77  0.       -5380.696       6122.506       2532.153    0.000  -0.098   0.270   0.
  2017 352 13 39 17 498 352.568952529      -0.22      0.35     -1.31  0.       -5381.214       6121.765       2530.510    0.000  -0.098   0.270   0.
  2017 352 13 39 18 498 352.568964103      -0.33     -0.56     -1.04  0.       -5381.732       6121.023       2528.868    0.000  -0.098   0.269   0.
  2017 352 13 39 19 498 352.568975677      -0.84     -0.97      0.01  0.       -5382.250       6120.281       2527.226    0.000  -0.098   0.269   0.
  2017 352 13 39 20 498 352.568987251      -0.77     -0.10      0.84  0.       -5382.768       6119.539       2525.583    0.000  -0.098   0.268   0.
  2017 352 13 39 21 498 352.568998825      -0.48      0.60      0.43  0.       -5383.285       6118.796       2523.941    0.000  -0.098   0.268   0.
  2017 352 13 39 22 498 352.569010399      -0.17      1.34     -0.70  0.       -5383.801       6118.053       2522.298    0.000  -0.097   0.267   0.
  2017 352 13 39 23 498 352.569021973      -0.11      0.39     -1.45  0.       -5384.318       6117.310       2520.655    0.000  -0.097   0.267   0.
  2017 352 13 39 24 498 352.569033547      -0.04     -0.39     -1.09  0.       -5384.834       6116.565       2519.011    0.000  -0.097   0.266   0.
  2017 352 13 39 25 498 352.569045121      -0.45     -0.88      0.30  0.       -5385.349       6115.821       2517.368    0.000  -0.097   0.266   0.
  2017 352 13 39 26 498 352.569056696      -0.84      0.51      1.07  0.       -5385.864       6115.076       2515.724    0.000  -0.096   0.265   0.
  2017 352 13 39 27 498 352.569068270      -0.87      1.24      0.57  0.       -5386.379       6114.331       2514.081    0.000  -0.096   0.265   0.
  2017 352 13 39 28 498 352.569079844      -1.52      1.18     -0.51  0.       -5386.894       6113.585       2512.437    0.000  -0.096   0.264   0.
  2017 352 13 39 29 498 352.569091418      -2.43      0.46     -0.45  0.       -5387.408       6112.839       2510.792    0.000  -0.096   0.264   0.
  2017 352 13 39 30 498 352.569102992      -2.39      0.97     -0.28  0.       -5387.922       6112.093       2509.148    0.000  -0.096   0.263   0.
  2017 352 13 39 31 498 352.569114566      -1.10      1.48     -1.76  0.       -5388.435       6111.346       2507.504    0.000  -0.096   0.263   0.
  2017 352 13 39 32 498 352.569126140      -0.38      0.16     -1.87  0.       -5388.948       6110.598       2505.859    0.000  -0.095   0.262   0.
  2017 352 13 39 33 498 352.569137714      -0.16      0.47     -1.17  0.       -5389.460       6109.850       2504.214    0.000  -0.095   0.262   0.
  2017 352 13 39 34 498 352.569149288      -0.38      1.14     -0.67  0.       -5389.973       6109.102       2502.569    0.000  -0.095   0.261   0.
  2017 352 13 39 35 498 352.569160862       0.06      1.33     -1.23  0.       -5390.484       6108.354       2500.924    0.000  -0.095   0.261   0.
  2017 352 13 39 36 498 352.569172436       0.50      0.70     -1.75  0.       -5390.996       6107.604       2499.279    0.000  -0.095   0.260   0.
  2017 352 13 39 37 498 352.569184010       0.54      0.20     -1.51  0.       -5391.507       6106.855       2497.633    0.000  -0.095   0.260   0.
  2017 352 13 39 38 498 352.569195584       0.23     -0.42     -1.42  0.       -5392.018       6106.105       2495.987    0.000  -0.094   0.259   0.
  2017 352 13 39 39 498 352.569207159      -0.62      0.04     -1.71  0.       -5392.528       6105.355       2494.342    0.000  -0.094   0.259   0.
  2017 352 13 39 40 498 352.569218733      -0.94     -0.00     -1.76  0.       -5393.038       6104.604       2492.695    0.000  -0.094   0.258   0.
  2017 352 13 39 41 498 352.569230307      -1.06      0.36     -1.49  0.       -5393.548       6103.853       2491.049    0.000  -0.094   0.258   0.
  2017 352 13 39 42 498 352.569241881      -0.99      0.33     -1.37  0.       -5394.057       6103.101       2489.403    0.000  -0.093   0.257   0.
  2017 352 13 39 43 498 352.569253455      -1.38      0.35     -1.04  0.       -5394.566       6102.349       2487.756    0.000  -0.093   0.257   0.
  2017 352 13 39 44 498 352.569265029      -1.74      0.68     -0.84  0.       -5395.074       6101.596       2486.110    0.000  -0.093   0.256   0.
  2017 352 13 39 45 498 352.569276603      -1.79      1.33     -0.88  0.       -5395.582       6100.844       2484.463    0.000  -0.093   0.256   0.
  2017 352 13 39 46 498 352.569288174      -0.69      1.93     -1.58  0.       -5396.090       6100.090       2482.816    0.000  -0.093   0.255   0.
  2017 352 13 39 47 498 352.569299748       0.53      1.35     -2.40  0.       -5396.597       6099.337       2481.168    0.000  -0.093   0.255   0.
  2017 352 13 39 48 498 352.569311322       0.76      0.86     -2.34  0.       -5397.104       6098.582       2479.521    0.000  -0.092   0.254   0.
  2017 352 13 39 49 498 352.569322896       0.42      0.84     -2.19  0.       -5397.611       6097.828       2477.873    0.000  -0.092   0.254   0.
  2017 352 13 39 50 498 352.569334471      -0.39      0.78     -2.29  0.       -5398.117       6097.073       2476.226    0.000  -0.092   0.253   0.
  2017 352 13 39 51 498 352.569346045      -0.96      1.05     -2.41  0.       -5398.623       6096.317       2474.577    0.000  -0.092   0.253   0.
  2017 352 13 39 52 498 352.569357619      -0.63      1.14     -2.52  0.       -5399.129       6095.562       2472.929    0.000  -0.092   0.252   0.
  2017 352 13 39 53 498 352.569369193      -0.17      0.92     -1.96  0.       -5399.634       6094.805       2471.281    0.000  -0.092   0.252   0.
  2017 352 13 39 54 498 352.569380767      -0.10      1.05     -2.14  0.       -5400.138       6094.049       2469.633    0.000  -0.091   0.251   0.
  2017 352 13 39 55 498 352.569392341       0.05      0.49     -1.68  0.       -5400.643       6093.292       2467.984    0.000  -0.091   0.251   0.
  2017 352 13 39 56 498 352.569403915      -0.21      0.65     -0.83  0.       -5401.147       6092.534       2466.336    0.000  -0.091   0.250   0.
  2017 352 13 39 57 498 352.569415489       0.26      0.45     -0.94  0.       -5401.650       6091.776       2464.687    0.000  -0.091   0.250   0.
  2017 352 13 39 58 498 352.569427063      -0.35      0.40     -0.99  0.       -5402.154       6091.017       2463.037    0.000  -0.090   0.248   0.
  2017 352 13 39 59 498 352.569438637      -0.93      0.79     -0.30  0.       -5402.657       6090.259       2461.388    0.000  -0.090   0.248   0.
  2017 352 13 40  0 498 352.569450211      -1.45      0.88     -0.17  0.       -5403.159       6089.499       2459.739    0.000  -0.090   0.248   0.
  2017 352 13 40  1 498 352.569461785      -1.91      1.08     -0.36  0.       -5403.661       6088.740       2458.089    0.000  -0.090   0.248   0.
  2017 352 13 40  2 498 352.569473359      -1.91      1.10     -0.57  0.       -5404.163       6087.980       2456.439    0.000  -0.090   0.247   0.
  2017 352 13 40  3 498 352.569484933      -1.91      0.83     -0.72  0.       -5404.664       6087.219       2454.789    0.000  -0.090   0.247   0.
  2017 352 13 40  4 498 352.569496508      -1.62      0.46     -0.68  0.       -5405.165       6086.458       2453.139    0.000  -0.089   0.245   0.
  2017 352 13 40  5 498 352.569508082      -1.30      0.33     -0.46  0.       -5405.666       6085.697       2451.489    0.000  -0.089   0.245   0.
  2017 352 13 40  6 498 352.569519656      -0.91      0.31     -0.19  0.       -5406.166       6084.935       2449.838    0.000  -0.089   0.245   0.
  2017 352 13 40  7 498 352.569531230      -0.76      0.55     -0.18  0.       -5406.666       6084.173       2448.187    0.000  -0.089   0.245   0.
  2017 352 13 40  8 498 352.569542804      -0.64      0.82     -0.71  0.       -5407.165       6083.410       2446.537    0.000  -0.089   0.243   0.
  2017 352 13 40  9 498 352.569554378      -0.84      0.60     -0.57  0.       -5407.664       6082.647       2444.886    0.000  -0.089   0.243   0.
  2017 352 13 40 10 498 352.569565952      -1.11      0.70      0.09  0.       -5408.163       6081.884       2443.234    0.000  -0.088   0.242   0.
  2017 352 13 40 11 498 352.569577526      -1.17      1.00      0.22  0.       -5408.661       6081.120       2441.583    0.000  -0.088   0.242   0.
  2017 352 13 40 12 498 352.569589100      -1.02      0.85      0.24  0.       -5409.159       6080.355       2439.932    0.000  -0.088   0.241   0.
  2017 352 13 40 13 498 352.569600674      -1.00      1.17     -0.43  0.       -5409.657       6079.591       2438.280    0.000  -0.088   0.241   0.
  2017 352 13 40 14 498 352.569612248      -1.03      1.19     -1.11  0.       -5410.154       6078.825       2436.628    0.000  -0.087   0.240   0.
  2017 352 13 40 15 498 352.569623822      -0.89      0.79     -1.71  0.       -5410.651       6078.060       2434.976    0.000  -0.087   0.240   0.
  2017 352 13 40 16 497 352.569635394      -0.41      0.41     -2.26  0.       -5411.148       6077.294       2433.324    0.000  -0.087   0.239   0.
  2017 352 13 40 17 497 352.569646968      -0.46      0.22     -1.74  0.       -5411.644       6076.527       2431.671    0.000  -0.087   0.239   0.
  2017 352 13 40 18 498 352.569658542      -0.52      0.12     -1.63  0.       -5412.139       6075.760       2430.019    0.000  -0.087   0.238   0.
  2017 352 13 40 19 498 352.569670116      -0.62     -0.10     -1.36  0.       -5412.634       6074.993       2428.366    0.000  -0.087   0.238   0.
  2017 352 13 40 20 498 352.569681690      -0.74     -0.06     -1.20  0.       -5413.129       6074.225       2426.713    0.000  -0.086   0.237   0.
  2017 352 13 40 21 498 352.569693264      -1.16     -0.05     -0.67  0.       -5413.624       6073.457       2425.060    0.000  -0.086   0.237   0.
  2017 352 13 40 22 498 352.569704838      -1.19      0.64     -0.43  0.       -5414.118       6072.689       2423.407    0.000  -0.086   0.236   0.
  2017 352 13 40 23 497 352.569716412      -0.95      1.05     -0.52  0.       -5414.612       6071.920       2421.753    0.000  -0.086   0.236   0.
  2017 352 13 40 24 497 352.569727986      -0.12      0.92     -0.53  0.       -5415.105       6071.150       2420.100    0.000  -0.086   0.235   0.
  2017 352 13 40 25 497 352.569739560       0.26      1.16     -0.63  0.       -5415.598       6070.380       2418.446    0.000  -0.086   0.235   0.
  2017 352 13 40 26 497 352.569751134      -0.19      1.61     -1.51  0.       -5416.091       6069.610       2416.792    0.000  -0.085   0.234   0.
  2017 352 13 40 27 497 352.569762708      -0.05      1.43     -1.73  0.       -5416.583       6068.839       2415.138    0.000  -0.085   0.234   0.
  2017 352 13 40 28 498 352.569774282      -0.40      1.50     -1.43  0.       -5417.075       6068.068       2413.484    0.000  -0.085   0.233   0.
  2017 352 13 40 29 498 352.569785857      -0.48      1.56     -1.45  0.       -5417.567       6067.297       2411.830    0.000  -0.085   0.233   0.
  2017 352 13 40 30 497 352.569797431      -0.42      0.88     -1.40  0.       -5418.058       6066.525       2410.175    0.000  -0.084   0.232   0.
  2017 352 13 40 31 497 352.569809005      -0.74      0.51     -0.87  0.       -5418.549       6065.752       2408.520    0.000  -0.084   0.232   0.
  2017 352 13 40 32 498 352.569820579      -0.94      0.73     -0.31  0.       -5419.039       6064.979       2406.865    0.000  -0.084   0.231   0.
  2017 352 13 40 33 498 352.569832153      -0.43      0.99     -0.98  0.       -5419.529       6064.206       2405.210    0.000  -0.084   0.231   0.
  2017 352 13 40 34 498 352.569843727      -0.11      0.91     -1.58  0.       -5420.019       6063.432       2403.555    0.000  -0.084   0.230   0.
  2017 352 13 40 35 498 352.569855301      -0.03      0.18     -1.89  0.       -5420.508       6062.658       2401.900    0.000  -0.084   0.230   0.
  2017 352 13 40 36 498 352.569866875      -0.39     -0.16     -1.48  0.       -5420.997       6061.884       2400.244    0.000  -0.083   0.229   0.
  2017 352 13 40 37 497 352.569878449      -0.95      0.43     -0.73  0.       -5421.485       6061.109       2398.588    0.000  -0.083   0.229   0.
  2017 352 13 40 38 497 352.569890023      -0.54      1.31     -0.56  0.       -5421.973       6060.333       2396.932    0.000  -0.083   0.228   0.
  2017 352 13 40 39 497 352.569901597      -0.42      2.15     -0.74  0.       -5422.461       6059.557       2395.276    0.000  -0.083   0.228   0.
  2017 352 13 40 40 497 352.569913171      -0.17      1.79     -1.06  0.       -5422.948       6058.781       2393.620    0.000  -0.082   0.226   0.
  2017 352 13 40 41 498 352.569924745      -0.03      1.27     -1.28  0.       -5423.435       6058.005       2391.963    0.000  -0.082   0.226   0.
  2017 352 13 40 42 498 352.569936319      -0.84      1.45     -0.95  0.       -5423.922       6057.228       2390.307    0.000  -0.082   0.225   0.
  2017 352 13 40 43 497 352.569947893      -0.33      1.57     -1.25  0.       -5424.408       6056.450       2388.650    0.000  -0.082   0.225   0.
  2017 352 13 40 44 497 352.569959468       0.21      0.70     -1.88  0.       -5424.894       6055.672       2386.993    0.000  -0.082   0.225   0.
  2017 352 13 40 45 498 352.569971042       0.29      0.39     -1.83  0.       -5425.379       6054.894       2385.336    0.000  -0.082   0.225   0.
  2017 352 13 40 46 497 352.569982613       0.59      0.93     -1.13  0.       -5425.864       6054.115       2383.679    0.000  -0.081   0.223   0.
  2017 352 13 40 47 497 352.569994187      -0.11      0.66     -0.22  0.       -5426.349       6053.336       2382.021    0.000  -0.081   0.223   0.
  2017 352 13 40 48 497 352.570005761       0.00      1.44     -1.48  0.       -5426.833       6052.556       2380.364    0.000  -0.081   0.222   0.
  2017 352 13 40 49 497 352.570017335       1.11      0.32     -1.43  0.       -5427.317       6051.776       2378.706    0.000  -0.081   0.222   0.
  2017 352 13 40 50 497 352.570028909       1.10      0.18     -1.25  0.       -5427.801       6050.995       2377.048    0.000  -0.080   0.221   0.
  2017 352 13 40 51 497 352.570040483       0.81     -0.13     -1.14  0.       -5428.284       6050.214       2375.390    0.000  -0.080   0.221   0.
  2017 352 13 40 52 497 352.570052057       0.60      0.08     -0.21  0.       -5428.766       6049.433       2373.732    0.000  -0.080   0.220   0.
  2017 352 13 40 53 497 352.570063631       0.40      0.39     -1.03  0.       -5429.249       6048.651       2372.073    0.000  -0.080   0.220   0.
  2017 352 13 40 54 497 352.570075205      -0.08      0.24     -1.16  0.       -5429.731       6047.869       2370.414    0.000  -0.080   0.219   0.
  2017 352 13 40 55 497 352.570086780       0.01      0.61     -1.08  0.       -5430.212       6047.086       2368.756    0.000  -0.080   0.219   0.
  2017 352 13 40 56 497 352.570098354       0.15      0.58     -1.41  0.       -5430.694       6046.303       2367.097    0.000  -0.079   0.218   0.
  2017 352 13 40 57 497 352.570109928      -0.39      0.77     -1.37  0.       -5431.175       6045.520       2365.438    0.000  -0.079   0.218   0.
  2017 352 13 40 58 497 352.570121502      -0.45      0.99     -0.91  0.       -5431.654       6044.736       2363.778    0.000  -0.079   0.217   0.
  2017 352 13 40 59 497 352.570133076      -0.20      0.96     -1.13  0.       -5432.135       6043.951       2362.119    0.000  -0.079   0.217   0.
  2017 352 13 41  0 497 352.570144650      -0.38      0.75     -1.56  0.       -5432.615       6043.167       2360.459    0.000  -0.079   0.216   0.
  2017 352 13 41  1 497 352.570156224      -0.79      0.84     -1.90  0.       -5433.094       6042.381       2358.799    0.000  -0.079   0.216   0.
  2017 352 13 41  2 497 352.570167798      -0.73      0.56     -1.71  0.       -5433.573       6041.596       2357.140    0.000  -0.078   0.215   0.
  2017 352 13 41  3 497 352.570179372      -0.14      0.16     -1.99  0.       -5434.051       6040.810       2355.479    0.000  -0.078   0.215   0.
  2017 352 13 41  4 497 352.570190946      -0.32      0.21     -1.53  0.       -5434.529       6040.023       2353.819    0.000  -0.078   0.214   0.
  2017 352 13 41  5 497 352.570202520      -0.39      0.25     -1.14  0.       -5435.007       6039.236       2352.159    0.000  -0.078   0.214   0.
  2017 352 13 41  6 497 352.570214094      -0.08      0.18     -1.65  0.       -5435.485       6038.449       2350.498    0.000  -0.077   0.212   0.
  2017 352 13 41  7 497 352.570225668       0.10      0.04     -1.69  0.       -5435.962       6037.661       2348.837    0.000  -0.077   0.212   0.
  2017 352 13 41  8 497 352.570237242      -0.39      0.23     -1.46  0.       -5436.438       6036.873       2347.176    0.000  -0.077   0.211   0.
  2017 352 13 41  9 497 352.570248817      -0.73      0.38     -1.34  0.       -5436.914       6036.084       2345.515    0.000  -0.077   0.211   0.
  2017 352 13 41 10 497 352.570260391      -0.88      0.25     -1.32  0.       -5437.390       6035.295       2343.854    0.000  -0.077   0.210   0.
  2017 352 13 41 11 497 352.570271965      -0.55     -0.17     -1.23  0.       -5437.866       6034.506       2342.192    0.000  -0.077   0.210   0.
  2017 352 13 41 12 497 352.570283539       0.09      0.04     -1.39  0.       -5438.341       6033.716       2340.531    0.000  -0.076   0.209   0.
  2017 352 13 41 13 497 352.570295113       0.44      0.10     -1.50  0.       -5438.815       6032.926       2338.869    0.000  -0.076   0.209   0.
  2017 352 13 41 14 497 352.570306687      -0.43      0.26     -1.45  0.       -5439.290       6032.135       2337.207    0.000  -0.076   0.208   0.
  2017 352 13 41 15 497 352.570318261      -0.69      0.46     -1.12  0.       -5439.764       6031.344       2335.545    0.000  -0.076   0.208   0.
  2017 352 13 41 16 497 352.570329832      -0.59      0.64     -1.08  0.       -5440.237       6030.552       2333.883    0.000  -0.075   0.207   0.
  2017 352 13 41 17 497 352.570341406      -0.67      1.23     -1.75  0.       -5440.710       6029.760       2332.220    0.000  -0.075   0.207   0.
  2017 352 13 41 18 497 352.570352980      -0.48      1.14     -1.30  0.       -5441.183       6028.967       2330.557    0.000  -0.075   0.206   0.
  2017 352 13 41 19 497 352.570364554      -1.03      1.70     -0.96  0.       -5441.655       6028.175       2328.895    0.000  -0.075   0.206   0.
  2017 352 13 41 20 497 352.570376129      -0.98      1.40     -0.48  0.       -5442.127       6027.381       2327.232    0.000  -0.075   0.205   0.
  2017 352 13 41 21 497 352.570387702      -0.78      0.61     -0.32  0.       -5442.599       6026.587       2325.569    0.000  -0.075   0.205   0.
  2017 352 13 41 22 497 352.570399277      -1.03      0.37     -0.74  0.       -5443.070       6025.793       2323.905    0.000  -0.074   0.204   0.
  2017 352 13 41 23 497 352.570410851      -1.07      0.36     -0.98  0.       -5443.541       6024.999       2322.242    0.000  -0.074   0.204   0.
  2017 352 13 41 24 497 352.570422425      -0.82      0.22     -1.05  0.       -5444.011       6024.204       2320.578    0.000  -0.074   0.203   0.
  2017 352 13 41 25 497 352.570433999      -0.44      0.43     -0.96  0.       -5444.481       6023.408       2318.915    0.000  -0.074   0.203   0.
  2017 352 13 41 26 497 352.570445573      -0.69      0.57     -1.09  0.       -5444.951       6022.612       2317.251    0.000  -0.073   0.202   0.
  2017 352 13 41 27 497 352.570457147      -0.97      0.34     -1.04  0.       -5445.420       6021.816       2315.586    0.000  -0.073   0.202   0.
  2017 352 13 41 28 497 352.570468721      -1.14      0.07     -0.59  0.       -5445.889       6021.019       2313.922    0.000  -0.073   0.201   0.
  2017 352 13 41 29 497 352.570480295      -0.88      0.46     -0.35  0.       -5446.358       6020.222       2312.258    0.000  -0.073   0.201   0.
  2017 352 13 41 30 497 352.570491869      -0.87      1.05     -0.71  0.       -5446.826       6019.424       2310.593    0.000  -0.073   0.199   0.
  2017 352 13 41 31 497 352.570503443      -0.63      0.52     -1.71  0.       -5447.293       6018.626       2308.928    0.000  -0.073   0.199   0.
  2017 352 13 41 32 497 352.570515017      -0.62      0.32     -1.44  0.       -5447.761       6017.828       2307.264    0.000  -0.072   0.198   0.
  2017 352 13 41 33 497 352.570526591      -1.32      0.51     -1.40  0.       -5448.228       6017.029       2305.598    0.000  -0.072   0.198   0.
  2017 352 13 41 34 497 352.570538166      -1.44      1.09     -1.04  0.       -5448.694       6016.229       2303.933    0.000  -0.072   0.197   0.
  2017 352 13 41 35 497 352.570549740      -0.61      1.33     -1.39  0.       -5449.160       6015.429       2302.268    0.000  -0.072   0.197   0.
  2017 352 13 41 36 497 352.570561314      -0.36      0.66     -1.41  0.       -5449.626       6014.629       2300.602    0.000  -0.071   0.196   0.
  2017 352 13 41 37 497 352.570572888      -0.37      0.43     -1.15  0.       -5450.092       6013.829       2298.936    0.000  -0.071   0.196   0.
  2017 352 13 41 38 497 352.570584462      -0.19      0.95     -1.01  0.       -5450.557       6013.028       2297.271    0.000  -0.071   0.195   0.
  2017 352 13 41 39 497 352.570596036      -0.14      1.12     -1.25  0.       -5451.021       6012.226       2295.604    0.000  -0.071   0.195   0.
  2017 352 13 41 40 497 352.570607610       0.12      1.14     -1.47  0.       -5451.485       6011.424       2293.938    0.000  -0.071   0.194   0.
  2017 352 13 41 41 497 352.570619184      -0.02      1.03     -1.43  0.       -5451.949       6010.622       2292.272    0.000  -0.071   0.194   0.
  2017 352 13 41 42 497 352.570630758      -0.57      0.56     -1.18  0.       -5452.413       6009.819       2290.605    0.000  -0.070   0.193   0.
  2017 352 13 41 43 497 352.570642332      -1.04     -0.29     -0.95  0.       -5452.876       6009.016       2288.938    0.000  -0.070   0.193   0.
  2017 352 13 41 44 497 352.570653906      -1.23     -0.13     -0.61  0.       -5453.338       6008.212       2287.272    0.000  -0.070   0.192   0.
  2017 352 13 41 45 497 352.570665480      -1.06      0.34     -0.65  0.       -5453.801       6007.408       2285.604    0.000  -0.070   0.192   0.
  2017 352 13 41 46 497 352.570677052      -1.21      0.55     -1.05  0.       -5454.262       6006.604       2283.937    0.000  -0.069   0.191   0.
  2017 352 13 41 47 497 352.570688626      -1.06     -0.08     -1.01  0.       -5454.724       6005.799       2282.270    0.000  -0.069   0.191   0.
  2017 352 13 41 48 497 352.570700200      -0.72      0.82     -0.45  0.       -5455.185       6004.994       2280.602    0.000  -0.069   0.190   0.
  2017 352 13 41 49 497 352.570711774      -0.74      1.31     -0.44  0.       -5455.646       6004.188       2278.935    0.000  -0.069   0.190   0.
  2017 352 13 41 50 497 352.570723348      -0.91      1.44     -1.19  0.       -5456.106       6003.382       2277.267    0.000  -0.069   0.189   0.
  2017 352 13 41 51 497 352.570734922      -0.71      0.72     -1.77  0.       -5456.566       6002.575       2275.599    0.000  -0.069   0.189   0.
  2017 352 13 41 52 497 352.570746496      -0.73      0.74     -1.62  0.       -5457.026       6001.768       2273.931    0.000  -0.068   0.187   0.
  2017 352 13 41 53 497 352.570758070      -1.19      0.84     -1.34  0.       -5457.485       6000.960       2272.262    0.000  -0.068   0.187   0.
  2017 352 13 41 54 497 352.570769644      -1.25      1.21     -0.68  0.       -5457.943       6000.152       2270.594    0.000  -0.068   0.186   0.
  2017 352 13 41 55 497 352.570781218      -0.60      1.33     -1.05  0.       -5458.402       5999.344       2268.925    0.000  -0.068   0.186   0.
  2017 352 13 41 56 497 352.570792792      -0.27      1.19     -1.71  0.       -5458.860       5998.535       2267.256    0.000  -0.067   0.185   0.
  2017 352 13 41 57 497 352.570804366       0.08      0.56     -1.20  0.       -5459.317       5997.726       2265.587    0.000  -0.067   0.185   0.
  2017 352 13 41 58 497 352.570815940       0.16      0.36     -0.82  0.       -5459.775       5996.916       2263.918    0.000  -0.067   0.184   0.
  2017 352 13 41 59 497 352.570827514      -0.16      0.59     -0.52  0.       -5460.231       5996.106       2262.249    0.000  -0.067   0.184   0.
  2017 352 13 42  0 497 352.570839089      -0.72      0.41     -0.76  0.       -5460.688       5995.296       2260.579    0.000  -0.067   0.183   0.
  2017 352 13 42  1 497 352.570850663      -0.43      0.41     -0.49  0.       -5461.144       5994.485       2258.909    0.000  -0.067   0.183   0.
  2017 352 13 42  2 497 352.570862237      -0.50      0.57     -0.51  0.       -5461.599       5993.673       2257.240    0.000  -0.066   0.182   0.
  2017 352 13 42  3 497 352.570873811       0.03      0.37     -0.52  0.       -5462.055       5992.862       2255.570    0.000  -0.066   0.182   0.
  2017 352 13 42  4 497 352.570885385      -0.22     -0.11      0.20  0.       -5462.509       5992.049       2253.899    0.000  -0.066   0.181   0.
  2017 352 13 42  5 497 352.570896959      -0.06      1.14     -0.24  0.       -5462.964       5991.237       2252.229    0.000  -0.066   0.181   0.
  2017 352 13 42  6 497 352.570908533      -0.21      1.38     -0.89  0.       -5463.418       5990.424       2250.559    0.000  -0.065   0.180   0.
  2017 352 13 42  7 497 352.570920107      -1.03      1.26     -1.02  0.       -5463.871       5989.610       2248.888    0.000  -0.065   0.180   0.
  2017 352 13 42  8 497 352.570931681      -1.29      0.86     -1.15  0.       -5464.325       5988.796       2247.217    0.000  -0.065   0.179   0.
  2017 352 13 42  9 497 352.570943255      -1.35      0.50     -1.09  0.       -5464.778       5987.982       2245.546    0.000  -0.065   0.179   0.
  2017 352 13 42 10 497 352.570954829      -1.01      0.35     -0.54  0.       -5465.230       5987.167       2243.875    0.000  -0.065   0.178   0.
  2017 352 13 42 11 497 352.570966403      -0.53      0.41     -0.95  0.       -5465.682       5986.352       2242.204    0.000  -0.065   0.178   0.
  2017 352 13 42 12 497 352.570977977      -0.45      0.51     -1.24  0.       -5466.134       5985.536       2240.532    0.000  -0.064   0.177   0.
  2017 352 13 42 13 497 352.570989552      -0.14      0.55     -1.23  0.       -5466.585       5984.720       2238.861    0.000  -0.064   0.177   0.
  2017 352 13 42 14 497 352.571001126      -0.07      0.61     -0.94  0.       -5467.036       5983.903       2237.189    0.000  -0.064   0.175   0.
  2017 352 13 42 15 497 352.571012699       0.15      0.49     -0.89  0.       -5467.487       5983.086       2235.517    0.000  -0.064   0.175   0.
  2017 352 13 42 16 497 352.571024271      -0.39      0.39     -0.65  0.       -5467.937       5982.269       2233.845    0.000  -0.063   0.174   0.
  2017 352 13 42 17 497 352.571035845      -0.36      1.26     -1.34  0.       -5468.386       5981.451       2232.173    0.000  -0.063   0.174   0.
  2017 352 13 42 18 497 352.571047419      -0.82      1.28     -1.70  0.       -5468.836       5980.633       2230.500    0.000  -0.063   0.173   0.
  2017 352 13 42 19 496 352.571058993      -0.47      0.10     -1.27  0.       -5469.285       5979.814       2228.828    0.000  -0.063   0.173   0.
  2017 352 13 42 20 496 352.571070567       0.45     -0.07     -0.43  0.       -5469.733       5978.995       2227.155    0.000  -0.063   0.172   0.
  2017 352 13 42 21 496 352.571082141      -0.31      0.76     -0.98  0.       -5470.181       5978.175       2225.482    0.000  -0.063   0.172   0.
  2017 352 13 42 22 496 352.571093715      -0.65      0.82     -1.58  0.       -5470.629       5977.355       2223.809    0.000  -0.062   0.171   0.
  2017 352 13 42 23 497 352.571105289      -0.55      0.31     -1.64  0.       -5471.076       5976.535       2222.136    0.000  -0.062   0.171   0.
  2017 352 13 42 24 497 352.571116863      -0.32      0.26     -1.32  0.       -5471.523       5975.714       2220.463    0.000  -0.062   0.170   0.
  2017 352 13 42 25 496 352.571128438      -0.78      0.33     -1.30  0.       -5471.970       5974.893       2218.789    0.000  -0.062   0.170   0.
  2017 352 13 42 26 496 352.571140012      -0.67      0.68     -0.82  0.       -5472.416       5974.071       2217.115    0.000  -0.062   0.169   0.
  2017 352 13 42 27 496 352.571151586       0.07      0.12     -0.90  0.       -5472.862       5973.249       2215.441    0.000  -0.062   0.169   0.
  2017 352 13 42 28 497 352.571163160       0.27      0.90     -1.81  0.       -5473.307       5972.426       2213.767    0.000  -0.061   0.168   0.
  2017 352 13 42 29 497 352.571174734      -0.30      0.88     -1.28  0.       -5473.752       5971.603       2212.093    0.000  -0.061   0.168   0.
  2017 352 13 42 30 497 352.571186308      -0.46      0.75     -1.00  0.       -5474.197       5970.780       2210.419    0.000  -0.061   0.167   0.
  2017 352 13 42 31 497 352.571197882      -0.56      1.14     -0.85  0.       -5474.641       5969.956       2208.745    0.000  -0.061   0.167   0.
  2017 352 13 42 32 496 352.571209456      -0.65      1.43     -0.65  0.       -5475.085       5969.132       2207.070    0.000  -0.061   0.167   0.
  2017 352 13 42 33 496 352.571221030      -0.54      1.93     -1.65  0.       -5475.528       5968.307       2205.395    0.000  -0.061   0.167   0.
  2017 352 13 42 34 496 352.571232604      -0.06      1.19     -2.65  0.       -5475.971       5967.482       2203.720    0.000  -0.060   0.166   0.
  2017 352 13 42 35 496 352.571244178       0.14      0.33     -1.98  0.       -5476.414       5966.656       2202.045    0.000  -0.060   0.166   0.
  2017 352 13 42 36 496 352.571255752       0.03      0.20     -1.24  0.       -5476.856       5965.830       2200.370    0.000  -0.060   0.165   0.
  2017 352 13 42 37 497 352.571267326      -0.00      0.35     -0.93  0.       -5477.298       5965.004       2198.694    0.000  -0.060   0.165   0.
  2017 352 13 42 38 497 352.571278900      -0.03      0.30     -1.19  0.       -5477.739       5964.177       2197.019    0.000  -0.060   0.164   0.
  2017 352 13 42 39 496 352.571290475      -0.33      0.90     -0.94  0.       -5478.180       5963.349       2195.343    0.000  -0.060   0.164   0.
  2017 352 13 42 40 496 352.571302049      -0.04      1.19     -1.06  0.       -5478.621       5962.522       2193.667    0.000  -0.059   0.163   0.
  2017 352 13 42 41 497 352.571313623       0.21      1.06     -1.17  0.       -5479.061       5961.693       2191.991    0.000  -0.059   0.163   0.
  2017 352 13 42 42 497 352.571325197      -0.02      0.88     -1.61  0.       -5479.501       5960.865       2190.314    0.000  -0.059   0.163   0.
  2017 352 13 42 43 497 352.571336771      -0.30      0.30     -1.63  0.       -5479.940       5960.036       2188.638    0.000  -0.059   0.163   0.
  2017 352 13 42 44 497 352.571348345      -0.41      0.05     -1.43  0.       -5480.379       5959.206       2186.962    0.000  -0.059   0.162   0.
  2017 352 13 42 45 497 352.571359919      -0.76      0.01     -1.25  0.       -5480.818       5958.376       2185.285    0.000  -0.059   0.162   0.
  2017 352 13 42 46 496 352.571371493      -0.75      0.32     -0.66  0.       -5481.256       5957.546       2183.608    0.000  -0.059   0.161   0.
  2017 352 13 42 47 496 352.571383067      -0.55      0.63     -0.84  0.       -5481.694       5956.715       2181.931    0.000  -0.059   0.161   0.
  2017 352 13 42 48 496 352.571394638      -0.69      0.77     -1.17  0.       -5482.131       5955.884       2180.254    0.000  -0.059   0.161   0.
  2017 352 13 42 49 496 352.571406212      -1.18      0.77     -1.33  0.       -5482.568       5955.052       2178.576    0.000  -0.059   0.161   0.
  2017 352 13 42 50 496 352.571417786      -1.21      0.71     -1.30  0.       -5483.005       5954.220       2176.899    0.000  -0.058   0.160   0.
  2017 352 13 42 51 496 352.571429361      -0.93      0.67     -1.20  0.       -5483.441       5953.388       2175.221    0.000  -0.058   0.160   0.
  2017 352 13 42 52 496 352.571440935      -1.09      0.62     -1.29  0.       -5483.877       5952.555       2173.543    0.000  -0.058   0.159   0.
  2017 352 13 42 53 496 352.571452509      -1.09      0.57     -1.40  0.       -5484.313       5951.721       2171.865    0.000  -0.058   0.159   0.
  2017 352 13 42 54 496 352.571464083      -1.35      0.46     -1.52  0.       -5484.748       5950.887       2170.187    0.000  -0.058   0.159   0.
  2017 352 13 42 55 496 352.571475657      -1.40      0.39     -1.08  0.       -5485.182       5950.053       2168.509    0.000  -0.058   0.159   0.
  2017 352 13 42 56 496 352.571487231      -1.33      0.52     -0.86  0.       -5485.616       5949.218       2166.830    0.000  -0.058   0.158   0.
  2017 352 13 42 57 496 352.571498805      -1.24      0.75     -0.77  0.       -5486.050       5948.383       2165.152    0.000  -0.058   0.158   0.
  2017 352 13 42 58 496 352.571510379      -1.03      0.80     -0.95  0.       -5486.484       5947.548       2163.473    0.000  -0.058   0.158   0.
  2017 352 13 42 59 496 352.571521953      -0.79      1.01     -1.22  0.       -5486.917       5946.712       2161.794    0.000  -0.058   0.158   0.
  2017 352 13 43  0 496 352.571533527      -0.58      0.82     -1.25  0.       -5487.349       5945.875       2160.115    0.000  -0.057   0.157   0.
  2017 352 13 43  1 496 352.571545101      -0.19      0.37     -0.99  0.       -5487.782       5945.038       2158.436    0.000  -0.057   0.157   0.
  2017 352 13 43  2 496 352.571556675       0.21      0.28     -1.16  0.       -5488.214       5944.201       2156.756    0.000  -0.057   0.157   0.
  2017 352 13 43  3 496 352.571568249      -0.15      0.76     -1.17  0.       -5488.645       5943.363       2155.077    0.000  -0.057   0.157   0.
  2017 352 13 43  4 496 352.571579823      -0.39      0.56     -1.25  0.       -5489.076       5942.525       2153.397    0.000  -0.057   0.157   0.
  2017 352 13 43  5 496 352.571591398      -0.35      0.43     -1.13  0.       -5489.507       5941.686       2151.717    0.000  -0.057   0.157   0.
  2017 352 13 43  6 496 352.571602972      -0.31      0.89     -1.37  0.       -5489.937       5940.847       2150.037    0.000  -0.057   0.156   0.
  2017 352 13 43  7 496 352.571614546      -0.48      1.10     -1.56  0.       -5490.367       5940.008       2148.357    0.000  -0.057   0.156   0.
  2017 352 13 43  8 496 352.571626120      -0.18      0.70     -1.93  0.       -5490.796       5939.168       2146.676    0.000  -0.057   0.156   0.
  2017 352 13 43  9 496 352.571637694       0.35      0.30     -1.92  0.       -5491.225       5938.328       2144.996    0.000  -0.057   0.156   0.
  2017 352 13 43 10 496 352.571649268       0.21     -0.10     -1.62  0.       -5491.654       5937.487       2143.315    0.000  -0.057   0.155   0.
  2017 352 13 43 11 496 352.571660842      -0.48      0.10     -1.45  0.       -5492.082       5936.646       2141.634    0.000  -0.057   0.155   0.
  2017 352 13 43 12 496 352.571672416      -0.26      0.56     -1.35  0.       -5492.510       5935.804       2139.953    0.000  -0.056   0.155   0.
  2017 352 13 43 13 496 352.571683990       0.25      0.10     -1.20  0.       -5492.937       5934.962       2138.272    0.000  -0.056   0.155   0.
  2017 352 13 43 14 496 352.571695564       0.23      0.18     -1.14  0.       -5493.364       5934.120       2136.591    0.000  -0.056   0.155   0.
  2017 352 13 43 15 496 352.571707138      -0.14      0.24     -0.80  0.       -5493.791       5933.276       2134.910    0.000  -0.056   0.155   0.
  2017 352 13 43 16 496 352.571718712      -0.30      0.05     -0.56  0.       -5494.217       5932.433       2133.228    0.000  -0.056   0.155   0.
  2017 352 13 43 17 496 352.571730286      -0.35      0.14     -0.71  0.       -5494.643       5931.589       2131.546    0.000  -0.056   0.155   0.
  2017 352 13 43 18 496 352.571741858      -0.07      0.25     -0.83  0.       -5495.068       5930.745       2129.864    0.000  -0.056   0.154   0.
  2017 352 13 43 19 496 352.571753432      -0.25      0.15     -1.01  0.       -5495.493       5929.900       2128.182    0.000  -0.056   0.154   0.
  2017 352 13 43 20 496 352.571765006      -0.57     -0.20     -0.84  0.       -5495.918       5929.055       2126.500    0.000  -0.056   0.154   0.
  2017 352 13 43 21 496 352.571776580      -0.89      0.16     -0.65  0.       -5496.342       5928.210       2124.818    0.000  -0.056   0.154   0.
  2017 352 13 43 22 496 352.571788154      -1.78      0.82     -0.54  0.       -5496.766       5927.364       2123.135    0.000  -0.056   0.154   0.
  2017 352 13 43 23 496 352.571799728      -2.02      1.95     -0.81  0.       -5497.189       5926.517       2121.452    0.000  -0.056   0.154   0.
  2017 352 13 43 24 496 352.571811302      -0.60      1.90     -1.96  0.       -5497.612       5925.670       2119.769    0.000  -0.056   0.154   0.
  2017 352 13 43 25 496 352.571822876       0.04      1.10     -1.67  0.       -5498.035       5924.823       2118.086    0.000  -0.056   0.154   0.
  2017 352 13 43 26 496 352.571834450      -0.06      0.80     -1.45  0.       -5498.457       5923.975       2116.403    0.000  -0.056   0.154   0.
  2017 352 13 43 27 496 352.571846024      -0.19      0.58     -1.24  0.       -5498.879       5923.127       2114.720    0.000  -0.056   0.154   0.
  2017 352 13 43 28 496 352.571857598      -0.32      0.31     -1.24  0.       -5499.300       5922.279       2113.036    0.000  -0.056   0.154   0.
  2017 352 13 43 29 496 352.571869172      -0.05      0.46     -1.34  0.       -5499.721       5921.430       2111.353    0.000  -0.056   0.154   0.
  2017 352 13 43 30 496 352.571880747      -0.15      0.29     -1.56  0.       -5500.142       5920.580       2109.669    0.000  -0.056   0.154   0.
  2017 352 13 43 31 496 352.571892321       0.15      0.26     -1.41  0.       -5500.562       5919.730       2107.985    0.000  -0.056   0.154   0.
  2017 352 13 43 32 496 352.571903895       0.13      0.54     -1.56  0.       -5500.982       5918.880       2106.301    0.000  -0.056   0.153   0.
  2017 352 13 43 33 496 352.571915469      -0.23      0.70     -1.31  0.       -5501.401       5918.029       2104.617    0.000  -0.056   0.153   0.
  2017 352 13 43 34 496 352.571927043      -0.42      0.86     -1.28  0.       -5501.820       5917.178       2102.932    0.000  -0.056   0.153   0.
  2017 352 13 43 35 496 352.571938617      -0.66      0.97     -1.57  0.       -5502.239       5916.326       2101.248    0.000  -0.056   0.153   0.
  2017 352 13 43 36 496 352.571950191      -0.55      0.62     -1.46  0.       -5502.657       5915.474       2099.563    0.000  -0.056   0.153   0.
  2017 352 13 43 37 496 352.571961765      -0.92      0.09     -0.89  0.       -5503.075       5914.622       2097.878    0.000  -0.056   0.153   0.
  2017 352 13 43 38 496 352.571973339      -1.12      0.93     -0.38  0.       -5503.492       5913.769       2096.193    0.000  -0.056   0.153   0.
  2017 352 13 43 39 496 352.571984913      -0.70      1.27     -0.83  0.       -5503.909       5912.915       2094.508    0.000  -0.056   0.153   0.
  2017 352 13 43 40 496 352.571996487      -0.72      1.14     -0.89  0.       -5504.325       5912.061       2092.823    0.000  -0.056   0.153   0.
  2017 352 13 43 41 496 352.572008061      -0.27      1.10     -1.08  0.       -5504.742       5911.207       2091.137    0.000  -0.056   0.153   0.
  2017 352 13 43 42 496 352.572019635       0.09      0.66     -1.34  0.       -5505.157       5910.352       2089.451    0.000  -0.056   0.154   0.
  2017 352 13 43 43 496 352.572031210       0.47      0.08     -1.30  0.       -5505.572       5909.497       2087.766    0.000  -0.056   0.154   0.
  2017 352 13 43 44 496 352.572042784       0.78      0.11     -1.34  0.       -5505.987       5908.642       2086.080    0.000  -0.056   0.153   0.
  2017 352 13 43 45 496 352.572054358       0.76     -0.12     -1.13  0.       -5506.402       5907.786       2084.394    0.000  -0.056   0.153   0.
  2017 352 13 43 46 496 352.572065932      -0.01     -0.27     -1.00  0.       -5506.816       5906.929       2082.707    0.000  -0.056   0.153   0.
  2017 352 13 43 47 496 352.572077505       0.41     -0.08     -0.47  0.       -5507.230       5906.072       2081.021    0.000  -0.056   0.153   0.
  2017 352 13 43 48 496 352.572089077       0.45     -0.45     -0.06  0.       -5507.643       5905.215       2079.334    0.000  -0.056   0.154   0.
  2017 352 13 43 49 496 352.572100651      -0.51     -0.30     -0.69  0.       -5508.056       5904.357       2077.648    0.000  -0.056   0.154   0.
  2017 352 13 43 50 496 352.572112225      -0.66      0.15     -0.37  0.       -5508.468       5903.499       2075.961    0.000  -0.056   0.154   0.
  2017 352 13 43 51 496 352.572123799      -0.43      0.36     -0.03  0.       -5508.880       5902.640       2074.274    0.000  -0.056   0.154   0.
  2017 352 13 43 52 496 352.572135373      -0.29      0.98     -0.54  0.       -5509.292       5901.781       2072.587    0.000  -0.056   0.153   0.
  2017 352 13 43 53 496 352.572146947      -0.09      1.10     -0.89  0.       -5509.703       5900.922       2070.899    0.000  -0.056   0.153   0.
  2017 352 13 43 54 496 352.572158521      -0.13      0.80     -1.35  0.       -5510.114       5900.062       2069.212    0.000  -0.056   0.153   0.
  2017 352 13 43 55 496 352.572170096      -0.64      0.53     -1.13  0.       -5510.524       5899.202       2067.524    0.000  -0.056   0.153   0.
  2017 352 13 43 56 496 352.572181670      -1.14     -0.18     -0.53  0.       -5510.934       5898.341       2065.836    0.000  -0.056   0.154   0.
  2017 352 13 43 57 496 352.572193244      -1.18     -0.21      0.33  0.       -5511.344       5897.479       2064.148    0.000  -0.056   0.154   0.
  2017 352 13 43 58 496 352.572204818      -1.32      0.47      0.10  0.       -5511.753       5896.618       2062.460    0.000  -0.056   0.153   0.
  2017 352 13 43 59 496 352.572216392      -0.87      0.53     -0.66  0.       -5512.162       5895.756       2060.772    0.000  -0.056   0.153   0.
  2017 352 13 44  0 496 352.572227966      -0.96      0.06     -0.43  0.       -5512.570       5894.893       2059.084    0.000  -0.056   0.153   0.
  2017 352 13 44  1 496 352.572239540      -0.68      0.89     -0.47  0.       -5512.978       5894.030       2057.395    0.000  -0.056   0.153   0.
  2017 352 13 44  2 496 352.572251114      -0.31      0.75     -0.86  0.       -5513.386       5893.167       2055.706    0.000  -0.056   0.153   0.
  2017 352 13 44  3 496 352.572262688      -0.90      0.58     -0.60  0.       -5513.793       5892.302       2054.018    0.000  -0.056   0.153   0.
  2017 352 13 44  4 496 352.572274262      -0.66      0.97     -0.34  0.       -5514.200       5891.438       2052.328    0.000  -0.056   0.153   0.
  2017 352 13 44  5 496 352.572285836      -0.60      0.84     -1.19  0.       -5514.606       5890.574       2050.639    0.000  -0.056   0.153   0.
  2017 352 13 44  6 496 352.572297410      -0.72      0.55     -1.32  0.       -5515.012       5889.709       2048.950    0.000  -0.056   0.153   0.
  2017 352 13 44  7 496 352.572308984      -0.83      0.70     -1.05  0.       -5515.418       5888.843       2047.261    0.000  -0.056   0.153   0.
  2017 352 13 44  8 496 352.572320558      -1.14      0.19     -1.23  0.       -5515.823       5887.977       2045.571    0.000  -0.056   0.153   0.
  2017 352 13 44  9 496 352.572332133      -1.14      0.18     -0.77  0.       -5516.227       5887.110       2043.881    0.000  -0.056   0.153   0.
  2017 352 13 44 10 496 352.572343707      -1.03      0.36     -0.54  0.       -5516.632       5886.243       2042.191    0.000  -0.056   0.153   0.
  2017 352 13 44 11 496 352.572355281      -1.51      0.57     -0.49  0.       -5517.036       5885.376       2040.501    0.000  -0.056   0.153   0.
  2017 352 13 44 12 496 352.572366855      -1.68      0.64     -0.83  0.       -5517.439       5884.508       2038.811    0.000  -0.056   0.153   0.
  2017 352 13 44 13 496 352.572378429      -1.12      0.49     -1.07  0.       -5517.842       5883.640       2037.121    0.000  -0.056   0.153   0.
  2017 352 13 44 14 496 352.572390003      -0.61      0.57     -1.19  0.       -5518.245       5882.771       2035.430    0.000  -0.056   0.153   0.
  2017 352 13 44 15 496 352.572401577       0.03      0.45     -0.94  0.       -5518.647       5881.902       2033.739    0.000  -0.056   0.153   0.
  2017 352 13 44 16 496 352.572413151       0.45      0.95     -0.63  0.       -5519.049       5881.033       2032.048    0.000  -0.056   0.153   0.
  2017 352 13 44 17 495 352.572424725       0.48      0.79     -0.92  0.       -5519.450       5880.163       2030.357    0.000  -0.056   0.153   0.
  2017 352 13 44 18 495 352.572436296       0.33      0.25     -1.15  0.       -5519.851       5879.292       2028.666    0.000  -0.056   0.153   0.
  2017 352 13 44 19 496 352.572447870       0.29      0.30     -1.09  0.       -5520.252       5878.421       2026.975    0.000  -0.056   0.153   0.
  2017 352 13 44 20 496 352.572459444       0.20      0.80     -0.90  0.       -5520.652       5877.550       2025.284    0.000  -0.056   0.153   0.
  2017 352 13 44 21 495 352.572471019      -0.02      0.92     -0.93  0.       -5521.052       5876.678       2023.592    0.000  -0.056   0.153   0.
  2017 352 13 44 22 495 352.572482593      -0.01      0.96     -0.75  0.       -5521.451       5875.806       2021.900    0.000  -0.056   0.153   0.
  2017 352 13 44 23 496 352.572494167      -0.54      0.75     -0.58  0.       -5521.850       5874.933       2020.208    0.000  -0.056   0.153   0.
  2017 352 13 44 24 496 352.572505741      -0.87      0.82     -0.56  0.       -5522.249       5874.060       2018.516    0.000  -0.056   0.153   0.
  2017 352 13 44 25 496 352.572517315      -0.49      0.72     -0.80  0.       -5522.647       5873.187       2016.824    0.000  -0.056   0.153   0.
  2017 352 13 44 26 496 352.572528889      -0.77      1.04     -0.54  0.       -5523.044       5872.313       2015.132    0.000  -0.056   0.153   0.
  2017 352 13 44 27 496 352.572540463      -0.37      0.77     -0.82  0.       -5523.442       5871.439       2013.439    0.000  -0.056   0.153   0.
  2017 352 13 44 28 495 352.572552037      -0.84     -0.05     -0.74  0.       -5523.839       5870.564       2011.747    0.000  -0.056   0.153   0.
  2017 352 13 44 29 495 352.572563611      -0.84      0.14     -0.11  0.       -5524.235       5869.689       2010.054    0.000  -0.056   0.153   0.
  2017 352 13 44 30 495 352.572575185      -0.11     -0.03      0.36  0.       -5524.631       5868.813       2008.361    0.000  -0.056   0.153   0.
  2017 352 13 44 31 495 352.572586759       0.29      0.31      0.01  0.       -5525.027       5867.937       2006.668    0.000  -0.056   0.153   0.
  2017 352 13 44 32 495 352.572598333       0.25      0.57     -1.08  0.       -5525.422       5867.060       2004.975    0.000  -0.056   0.154   0.
  2017 352 13 44 33 496 352.572609907      -0.29      0.80     -1.77  0.       -5525.817       5866.183       2003.281    0.000  -0.056   0.154   0.
  2017 352 13 44 34 496 352.572621481      -0.49      1.00     -2.32  0.       -5526.211       5865.306       2001.588    0.000  -0.056   0.153   0.
  2017 352 13 44 35 495 352.572633056      -0.40      1.10     -2.56  0.       -5526.605       5864.428       1999.894    0.000  -0.056   0.153   0.
  2017 352 13 44 36 495 352.572644630      -0.50      1.08     -2.15  0.       -5526.999       5863.549       1998.200    0.000  -0.056   0.153   0.
  2017 352 13 44 37 496 352.572656204       0.03      1.16     -1.80  0.       -5527.392       5862.671       1996.506    0.000  -0.056   0.153   0.
  2017 352 13 44 38 496 352.572667778       0.37      0.96     -1.65  0.       -5527.785       5861.791       1994.812    0.000  -0.056   0.153   0.
  2017 352 13 44 39 496 352.572679352       0.12      0.82     -1.39  0.       -5528.177       5860.912       1993.118    0.000  -0.056   0.153   0.
  2017 352 13 44 40 496 352.572690926      -0.15      0.51     -1.03  0.       -5528.569       5860.032       1991.423    0.000  -0.056   0.153   0.
  2017 352 13 44 41 495 352.572702500      -0.16      0.66     -0.71  0.       -5528.961       5859.151       1989.729    0.000  -0.056   0.153   0.
  2017 352 13 44 42 495 352.572714074      -0.23      0.41     -0.88  0.       -5529.352       5858.270       1988.034    0.000  -0.056   0.153   0.
  2017 352 13 44 43 495 352.572725648      -0.56      0.23     -0.55  0.       -5529.742       5857.389       1986.339    0.000  -0.056   0.153   0.
  2017 352 13 44 44 495 352.572737222      -0.79      0.31     -0.37  0.       -5530.133       5856.507       1984.644    0.000  -0.056   0.153   0.
  2017 352 13 44 45 495 352.572748796      -1.19      0.42      0.11  0.       -5530.522       5855.625       1982.949    0.000  -0.056   0.153   0.
  2017 352 13 44 46 496 352.572760370      -0.94      0.39      0.10  0.       -5530.912       5854.742       1981.253    0.000  -0.056   0.153   0.
  2017 352 13 44 47 496 352.572771944      -0.62      0.23     -0.61  0.       -5531.301       5853.859       1979.558    0.000  -0.056   0.153   0.
  2017 352 13 44 48 495 352.572783516      -0.36      0.37     -0.74  0.       -5531.689       5852.975       1977.862    0.000  -0.056   0.153   0.
  2017 352 13 44 49 495 352.572795090      -0.07      0.52     -0.53  0.       -5532.078       5852.091       1976.167    0.000  -0.056   0.153   0.
  2017 352 13 44 50 495 352.572806664       0.04      0.39     -0.31  0.       -5532.465       5851.207       1974.470    0.000  -0.056   0.153   0.
  2017 352 13 44 51 495 352.572818238      -0.27      0.34     -0.86  0.       -5532.853       5850.322       1972.775    0.000  -0.056   0.153   0.
  2017 352 13 44 52 495 352.572829812       0.11      0.28     -0.76  0.       -5533.240       5849.436       1971.078    0.000  -0.056   0.153   0.
  2017 352 13 44 53 495 352.572841386       0.06      0.59     -0.52  0.       -5533.626       5848.551       1969.382    0.000  -0.056   0.153   0.
  2017 352 13 44 54 495 352.572852960      -0.57      1.26     -1.08  0.       -5534.012       5847.664       1967.686    0.000  -0.056   0.153   0.
  2017 352 13 44 55 495 352.572864534      -0.79      1.03     -1.54  0.       -5534.398       5846.778       1965.989    0.000  -0.056   0.153   0.
  2017 352 13 44 56 495 352.572876108      -0.91      0.67     -1.23  0.       -5534.783       5845.891       1964.292    0.000  -0.056   0.153   0.
  2017 352 13 44 57 495 352.572887682      -0.88      0.53     -0.44  0.       -5535.168       5845.003       1962.595    0.000  -0.056   0.153   0.
  2017 352 13 44 58 495 352.572899256      -0.70      0.82     -0.52  0.       -5535.553       5844.115       1960.898    0.000  -0.056   0.153   0.
  2017 352 13 44 59 495 352.572910830      -0.92      0.94     -0.93  0.       -5535.937       5843.227       1959.201    0.000  -0.056   0.153   0.
  2017 352 13 45  0 495 352.572922405      -0.80      0.94     -1.01  0.       -5536.320       5842.338       1957.503    0.000  -0.056   0.153   0.
  2017 352 13 45  1 495 352.572933979      -0.47      1.02     -0.99  0.       -5536.704       5841.448       1955.806    0.000  -0.056   0.153   0.
  2017 352 13 45  2 495 352.572945553      -0.70      0.56     -1.26  0.       -5537.086       5840.559       1954.108    0.000  -0.056   0.153   0.
  2017 352 13 45  3 495 352.572957127      -0.72      0.44     -1.01  0.       -5537.469       5839.668       1952.410    0.000  -0.056   0.153   0.
  2017 352 13 45  4 495 352.572968701      -0.17     -0.13     -0.35  0.       -5537.851       5838.778       1950.712    0.000  -0.056   0.153   0.
  2017 352 13 45  5 495 352.572980275      -0.03     -0.11     -0.32  0.       -5538.232       5837.887       1949.014    0.000  -0.056   0.153   0.
  2017 352 13 45  6 495 352.572991849      -0.15      0.36     -0.91  0.       -5538.613       5836.995       1947.316    0.000  -0.056   0.153   0.
  2017 352 13 45  7 495 352.573003423      -0.04      0.28     -1.33  0.       -5538.994       5836.103       1945.617    0.000  -0.056   0.153   0.
  2017 352 13 45  8 495 352.573014997      -0.11      0.10     -1.40  0.       -5539.374       5835.211       1943.918    0.000  -0.056   0.153   0.
  2017 352 13 45  9 495 352.573026571      -0.17      0.14     -0.88  0.       -5539.754       5834.318       1942.220    0.000  -0.056   0.153   0.
  2017 352 13 45 10 495 352.573038145      -0.60      0.44     -0.76  0.       -5540.133       5833.425       1940.521    0.000  -0.056   0.153   0.
  2017 352 13 45 11 495 352.573049719      -0.42      0.12     -1.10  0.       -5540.512       5832.531       1938.822    0.000  -0.056   0.153   0.
  2017 352 13 45 12 495 352.573061293      -0.17     -0.25     -1.24  0.       -5540.891       5831.637       1937.123    0.000  -0.056   0.153   0.
  2017 352 13 45 13 495 352.573072867       0.01     -0.04     -1.52  0.       -5541.269       5830.742       1935.423    0.000  -0.056   0.153   0.
  2017 352 13 45 14 495 352.573084442       0.11      0.47     -1.63  0.       -5541.647       5829.847       1933.724    0.000  -0.056   0.153   0.
  2017 352 13 45 15 495 352.573096016       0.72      0.57     -1.33  0.       -5542.024       5828.952       1932.024    0.000  -0.056   0.153   0.
  2017 352 13 45 16 495 352.573107590       0.84      0.50     -1.30  0.       -5542.401       5828.056       1930.325    0.000  -0.056   0.153   0.
  2017 352 13 45 17 495 352.573119163       0.93      0.10     -1.22  0.       -5542.778       5827.159       1928.625    0.000  -0.056   0.153   0.
  2017 352 13 45 18 495 352.573130735       0.08      0.56     -1.05  0.       -5543.154       5826.263       1926.925    0.000  -0.056   0.153   0.
  2017 352 13 45 19 495 352.573142309      -0.26      0.80     -0.99  0.       -5543.529       5825.365       1925.224    0.000  -0.056   0.153   0.
  2017 352 13 45 20 495 352.573153883      -0.31      0.87     -0.74  0.       -5543.905       5824.468       1923.524    0.000  -0.056   0.153   0.
  2017 352 13 45 21 495 352.573165457       0.25      1.13     -1.05  0.       -5544.280       5823.569       1921.824    0.000  -0.056   0.153   0.
  2017 352 13 45 22 495 352.573177031       0.04      0.78     -1.13  0.       -5544.654       5822.671       1920.123    0.000  -0.056   0.153   0.
  2017 352 13 45 23 495 352.573188605      -0.29      0.84     -1.00  0.       -5545.028       5821.772       1918.422    0.000  -0.056   0.153   0.
  2017 352 13 45 24 495 352.573200179      -0.35      0.33     -0.54  0.       -5545.401       5820.872       1916.721    0.000  -0.056   0.153   0.
  2017 352 13 45 25 495 352.573211754      -0.49      0.34     -0.54  0.       -5545.775       5819.972       1915.020    0.000  -0.056   0.153   0.
  2017 352 13 45 26 495 352.573223328       0.05      0.05     -0.13  0.       -5546.147       5819.072       1913.319    0.000  -0.056   0.153   0.
  2017 352 13 45 27 495 352.573234902       0.30      0.23     -0.44  0.       -5546.520       5818.171       1911.618    0.000  -0.056   0.153   0.
  2017 352 13 45 28 495 352.573246476       0.22      0.04     -0.72  0.       -5546.891       5817.270       1909.916    0.000  -0.056   0.153   0.
  2017 352 13 45 29 495 352.573258050       0.46      0.69     -0.38  0.       -5547.263       5816.368       1908.214    0.000  -0.056   0.153   0.
  2017 352 13 45 30 495 352.573269624       0.80      1.01     -0.85  0.       -5547.634       5815.466       1906.513    0.000  -0.056   0.153   0.
  2017 352 13 45 31 495 352.573281198       0.88      1.60     -1.14  0.       -5548.005       5814.564       1904.811    0.000  -0.056   0.153   0.
  2017 352 13 45 32 495 352.573292772       1.25      1.63     -1.72  0.       -5548.375       5813.661       1903.109    0.000  -0.056   0.153   0.
  2017 352 13 45 33 495 352.573304346       0.61      1.54     -2.05  0.       -5548.745       5812.757       1901.406    0.000  -0.056   0.153   0.
  2017 352 13 45 34 495 352.573315920      -0.60      1.52     -2.10  0.       -5549.114       5811.853       1899.704    0.000  -0.056   0.153   0.
  2017 352 13 45 35 495 352.573327494      -1.01      0.88     -2.14  0.       -5549.483       5810.949       1898.001    0.000  -0.056   0.153   0.
  2017 352 13 45 36 495 352.573339068      -1.53      0.75     -1.81  0.       -5549.851       5810.044       1896.299    0.000  -0.056   0.153   0.
  2017 352 13 45 37 495 352.573350642      -2.01      0.92     -1.46  0.       -5550.220       5809.139       1894.596    0.000  -0.056   0.153   0.
  2017 352 13 45 38 495 352.573362216      -1.97      1.31     -1.45  0.       -5550.587       5808.234       1892.893    0.000  -0.056   0.153   0.
  2017 352 13 45 39 495 352.573373790      -1.61      1.57     -1.72  0.       -5550.954       5807.327       1891.190    0.000  -0.056   0.153   0.
  2017 352 13 45 40 495 352.573385365      -1.57      1.85     -1.87  0.       -5551.321       5806.421       1889.487    0.000  -0.056   0.153   0.
  2017 352 13 45 41 495 352.573396939      -1.51      1.83     -2.27  0.       -5551.687       5805.514       1887.783    0.000  -0.056   0.153   0.
  2017 352 13 45 42 495 352.573408513      -1.32      1.81     -2.52  0.       -5552.053       5804.606       1886.080    0.000  -0.056   0.153   0.
  2017 352 13 45 43 495 352.573420087      -1.09      1.31     -2.59  0.       -5552.419       5803.699       1884.376    0.000  -0.056   0.153   0.
  2017 352 13 45 44 495 352.573431661      -0.38      1.23     -1.94  0.       -5552.784       5802.790       1882.672    0.000  -0.056   0.153   0.
  2017 352 13 45 45 495 352.573443235       0.27      1.09     -1.77  0.       -5553.149       5801.882       1880.968    0.000  -0.056   0.153   0.
  2017 352 13 45 46 495 352.573454809       0.48      0.70     -1.75  0.       -5553.513       5800.972       1879.264    0.000  -0.056   0.153   0.
  2017 352 13 45 47 495 352.573466383       0.66      0.07     -1.55  0.       -5553.877       5800.063       1877.560    0.000  -0.056   0.153   0.
  2017 352 13 45 48 495 352.573477957       0.77     -0.03     -0.83  0.       -5554.240       5799.153       1875.856    0.000  -0.056   0.153   0.
  2017 352 13 45 49 495 352.573489531       1.13      0.17     -0.81  0.       -5554.603       5798.242       1874.151    0.000  -0.056   0.153   0.
  2017 352 13 45 50 495 352.573501102       1.22     -0.05     -0.87  0.       -5554.966       5797.331       1872.446    0.000  -0.056   0.153   0.
  2017 352 13 45 51 495 352.573512677       0.58     -0.28     -1.19  0.       -5555.328       5796.420       1870.742    0.000  -0.056   0.153   0.
  2017 352 13 45 52 495 352.573524251       0.55      0.64     -1.98  0.       -5555.690       5795.508       1869.037    0.000  -0.056   0.153   0.
  2017 352 13 45 53 495 352.573535825       0.91      0.74     -2.76  0.       -5556.051       5794.596       1867.331    0.000  -0.056   0.153   0.
  2017 352 13 45 54 495 352.573547399       1.54      0.43     -3.16  0.       -5556.412       5793.683       1865.626    0.000  -0.056   0.153   0.
  2017 352 13 45 55 495 352.573558973       0.98      0.54     -2.80  0.       -5556.772       5792.770       1863.921    0.000  -0.056   0.153   0.
  2017 352 13 45 56 495 352.573570547       0.13      1.11     -2.53  0.       -5557.132       5791.856       1862.215    0.000  -0.056   0.153   0.
  2017 352 13 45 57 495 352.573582121       0.24      1.15     -2.84  0.       -5557.492       5790.942       1860.510    0.000  -0.056   0.153   0.
  2017 352 13 45 58 495 352.573593695       0.83      0.36     -2.32  0.       -5557.851       5790.027       1858.804    0.000  -0.056   0.153   0.
  2017 352 13 45 59 495 352.573605269       0.63      0.65     -1.70  0.       -5558.210       5789.112       1857.098    0.000  -0.056   0.153   0.
  2017 352 13 46  0 495 352.573616843       0.28      1.20     -1.60  0.       -5558.568       5788.197       1855.392    0.000  -0.056   0.153   0.
  2017 352 13 46  1 495 352.573628417       0.78      1.16     -1.87  0.       -5558.926       5787.281       1853.685    0.000  -0.056   0.153   0.
  2017 352 13 46  2 495 352.573639991       0.70      0.47     -0.99  0.       -5559.284       5786.365       1851.979    0.000  -0.056   0.153   0.
  2017 352 13 46  3 495 352.573651565       0.47      0.45     -0.55  0.       -5559.641       5785.448       1850.273    0.000  -0.056   0.153   0.
  2017 352 13 46  4 495 352.573663139       0.24      0.49     -0.34  0.       -5559.997       5784.531       1848.566    0.000  -0.056   0.153   0.
  2017 352 13 46  5 495 352.573674714      -0.05      0.72     -0.29  0.       -5560.353       5783.613       1846.859    0.000  -0.056   0.153   0.
  2017 352 13 46  6 495 352.573686288       0.05      1.02     -0.45  0.       -5560.709       5782.695       1845.152    0.000  -0.056   0.153   0.
  2017 352 13 46  7 495 352.573697862      -0.00      0.68     -0.55  0.       -5561.064       5781.777       1843.445    0.000  -0.056   0.153   0.
  2017 352 13 46  8 495 352.573709436       0.25      0.49     -0.25  0.       -5561.419       5780.858       1841.738    0.000  -0.056   0.153   0.
  2017 352 13 46  9 495 352.573721010       0.34      0.57      0.05  0.       -5561.774       5779.938       1840.030    0.000  -0.056   0.153   0.
  2017 352 13 46 10 495 352.573732584       0.46      0.93     -0.43  0.       -5562.128       5779.019       1838.323    0.000  -0.056   0.153   0.
  2017 352 13 46 11 495 352.573744158       0.67      1.05     -0.98  0.       -5562.481       5778.098       1836.615    0.000  -0.056   0.153   0.
  2017 352 13 46 12 495 352.573755732       0.93      1.39     -0.86  0.       -5562.835       5777.178       1834.907    0.000  -0.056   0.153   0.
  2017 352 13 46 13 495 352.573767306       0.90      1.79     -1.38  0.       -5563.188       5776.256       1833.200    0.000  -0.056   0.153   0.
  2017 352 13 46 14 495 352.573778880       1.18      2.12     -1.94  0.       -5563.539       5775.335       1831.491    0.000  -0.056   0.153   0.
  2017 352 13 46 15 495 352.573790454       1.29      1.16     -2.32  0.       -5563.892       5774.413       1829.783    0.000  -0.056   0.153   0.
  2017 352 13 46 16 495 352.573802028       1.20      1.02     -2.42  0.       -5564.243       5773.490       1828.075    0.000  -0.056   0.153   0.
  2017 352 13 46 17 495 352.573813602       1.11      0.78     -1.86  0.       -5564.594       5772.567       1826.366    0.000  -0.056   0.153   0.
  2017 352 13 46 18 495 352.573825177       0.97      0.22     -0.70  0.       -5564.945       5771.644       1824.658    0.000  -0.056   0.153   0.
  2017 352 13 46 19 495 352.573836750       0.82      0.82     -0.64  0.       -5565.295       5770.720       1822.949    0.000  -0.056   0.153   0.
  2017 352 13 46 20 495 352.573848322       0.41      0.26     -1.41  0.       -5565.645       5769.796       1821.240    0.000  -0.056   0.153   0.
  2017 352 13 46 21 495 352.573859896       0.17      0.38     -1.28  0.       -5565.994       5768.871       1819.531    0.000  -0.056   0.153   0.
  2017 352 13 46 22 495 352.573871470       0.46     -0.01     -1.24  0.       -5566.343       5767.946       1817.822    0.000  -0.056   0.153   0.
  2017 352 13 46 23 495 352.573883044       0.85      0.34     -1.18  0.       -5566.692       5767.020       1816.112    0.000  -0.056   0.153   0.
  2017 352 13 46 24 494 352.573894618       0.95      0.63     -1.40  0.       -5567.040       5766.094       1814.403    0.000  -0.056   0.153   0.
  2017 352 13 46 25 494 352.573906192       0.40      0.45     -0.88  0.       -5567.387       5765.168       1812.693    0.000  -0.056   0.153   0.
  2017 352 13 46 26 494 352.573917766      -0.88      0.23     -0.75  0.       -5567.734       5764.241       1810.983    0.000  -0.056   0.153   0.
  2017 352 13 46 27 494 352.573929340      -0.43     -0.04     -0.32  0.       -5568.081       5763.314       1809.274    0.000  -0.056   0.153   0.
  2017 352 13 46 28 494 352.573940914       0.53      0.43     -0.76  0.       -5568.427       5762.385       1807.563    0.000  -0.056   0.153   0.
  2017 352 13 46 29 495 352.573952488       0.68      0.27     -1.18  0.       -5568.773       5761.457       1805.853    0.000  -0.056   0.153   0.
  2017 352 13 46 30 495 352.573964062       0.63      0.16     -1.33  0.       -5569.119       5760.528       1804.143    0.000  -0.056   0.153   0.
  2017 352 13 46 31 494 352.573975637       0.77      0.06     -1.92  0.       -5569.464       5759.599       1802.432    0.000  -0.056   0.153   0.
  2017 352 13 46 32 495 352.573987211       1.00      0.04     -2.41  0.       -5569.809       5758.670       1800.722    0.000  -0.056   0.153   0.
  2017 352 13 46 33 495 352.573998785       1.03      0.50     -2.37  0.       -5570.153       5757.739       1799.011    0.000  -0.056   0.153   0.
  2017 352 13 46 34 495 352.574010359       1.01      0.27     -1.82  0.       -5570.496       5756.809       1797.300    0.000  -0.056   0.153   0.
  2017 352 13 46 35 495 352.574021933       0.94      0.50     -1.95  0.       -5570.840       5755.878       1795.589    0.000  -0.056   0.153   0.
  2017 352 13 46 36 495 352.574033507       1.12      0.36     -2.09  0.       -5571.183       5754.947       1793.878    0.000  -0.056   0.153   0.
  2017 352 13 46 37 494 352.574045081       1.28      0.74     -2.00  0.       -5571.525       5754.015       1792.167    0.000  -0.056   0.153   0.
  2017 352 13 46 38 494 352.574056655       1.28      0.85     -2.18  0.       -5571.867       5753.082       1790.455    0.000  -0.056   0.153   0.
  2017 352 13 46 39 494 352.574068229       1.26      0.91     -2.23  0.       -5572.209       5752.150       1788.744    0.000  -0.056   0.153   0.
  2017 352 13 46 40 494 352.574079803       0.79      0.99     -2.00  0.       -5572.550       5751.216       1787.032    0.000  -0.056   0.153   0.
  2017 352 13 46 41 494 352.574091377       0.20      1.43     -1.75  0.       -5572.891       5750.283       1785.320    0.000  -0.056   0.153   0.
  2017 352 13 46 42 495 352.574102951       0.22      1.50     -1.49  0.       -5573.231       5749.349       1783.608    0.000  -0.056   0.153   0.
  2017 352 13 46 43 495 352.574114525       0.52      1.30     -1.64  0.       -5573.571       5748.414       1781.896    0.000  -0.056   0.153   0.
  2017 352 13 46 44 494 352.574126100       0.34      0.90     -1.51  0.       -5573.910       5747.479       1780.184    0.000  -0.056   0.153   0.
  2017 352 13 46 45 494 352.574137674      -0.24      0.77     -1.36  0.       -5574.249       5746.544       1778.471    0.000  -0.056   0.153   0.
  2017 352 13 46 46 495 352.574149248      -0.64      0.46     -1.24  0.       -5574.588       5745.608       1776.759    0.000  -0.056   0.153   0.
  2017 352 13 46 47 495 352.574160822      -0.63      0.26     -1.27  0.       -5574.926       5744.672       1775.046    0.000  -0.056   0.153   0.
  2017 352 13 46 48 495 352.574172396      -0.19      0.47     -1.45  0.       -5575.264       5743.735       1773.333    0.000  -0.056   0.153   0.
  2017 352 13 46 49 495 352.574183970      -0.35      0.79     -1.75  0.       -5575.601       5742.798       1771.620    0.000  -0.056   0.153   0.
  2017 352 13 46 50 494 352.574195541      -0.56      1.08     -1.62  0.       -5575.938       5741.860       1769.907    0.000  -0.056   0.153   0.
  2017 352 13 46 51 494 352.574207115      -0.33      1.19     -1.74  0.       -5576.274       5740.922       1768.194    0.000  -0.056   0.153   0.
  2017 352 13 46 52 494 352.574218689      -0.10      1.03     -1.58  0.       -5576.610       5739.983       1766.481    0.000  -0.056   0.153   0.
  2017 352 13 46 53 494 352.574230263      -0.37      0.95     -1.45  0.       -5576.946       5739.044       1764.767    0.000  -0.056   0.153   0.
  2017 352 13 46 54 494 352.574241837      -0.36      0.63     -1.14  0.       -5577.281       5738.105       1763.053    0.000  -0.056   0.153   0.
  2017 352 13 46 55 494 352.574253411      -0.69      0.62     -1.04  0.       -5577.615       5737.165       1761.340    0.000  -0.056   0.153   0.
  2017 352 13 46 56 494 352.574264986      -0.37      0.58     -0.75  0.       -5577.950       5736.225       1759.626    0.000  -0.056   0.153   0.
  2017 352 13 46 57 494 352.574276560       0.54      0.43     -0.91  0.       -5578.283       5735.284       1757.912    0.000  -0.056   0.153   0.
  2017 352 13 46 58 494 352.574288134       0.36     -0.09     -0.99  0.       -5578.617       5734.343       1756.197    0.000  -0.056   0.153   0.
  2017 352 13 46 59 494 352.574299708       0.11     -0.31     -0.82  0.       -5578.950       5733.401       1754.483    0.000  -0.056   0.153   0.
  2017 352 13 47  0 494 352.574311282      -0.48      0.06     -1.02  0.       -5579.282       5732.459       1752.769    0.000  -0.056   0.153   0.
  2017 352 13 47  1 494 352.574322856      -1.57      0.45     -0.84  0.       -5579.614       5731.516       1751.054    0.000  -0.056   0.153   0.
  2017 352 13 47  2 494 352.574334430      -1.94      0.54     -0.86  0.       -5579.946       5730.573       1749.339    0.000  -0.056   0.153   0.
  2017 352 13 47  3 494 352.574346004      -2.02      0.36     -1.16  0.       -5580.277       5729.630       1747.624    0.000  -0.056   0.153   0.
  2017 352 13 47  4 494 352.574357578      -1.79      0.80     -1.50  0.       -5580.608       5728.686       1745.909    0.000  -0.056   0.153   0.
  2017 352 13 47  5 494 352.574369152      -1.93      0.94     -1.35  0.       -5580.938       5727.741       1744.194    0.000  -0.056   0.153   0.
  2017 352 13 47  6 494 352.574380726      -2.17      0.54     -1.61  0.       -5581.268       5726.797       1742.479    0.000  -0.056   0.153   0.
  2017 352 13 47  7 494 352.574392300      -2.51      0.86     -1.58  0.       -5581.597       5725.851       1740.764    0.000  -0.056   0.153   0.
  2017 352 13 47  8 494 352.574403874      -2.70      1.44     -1.21  0.       -5581.926       5724.906       1739.048    0.000  -0.056   0.153   0.
  2017 352 13 47  9 494 352.574415448      -1.56      1.76     -1.15  0.       -5582.255       5723.959       1737.332    0.000  -0.056   0.153   0.
  2017 352 13 47 10 494 352.574427023      -0.83      1.89     -1.20  0.       -5582.583       5723.013       1735.616    0.000  -0.056   0.153   0.
  2017 352 13 47 11 494 352.574438597      -1.02      1.76     -1.10  0.       -5582.911       5722.066       1733.901    0.000  -0.056   0.153   0.
  2017 352 13 47 12 494 352.574450171      -0.92      1.67     -1.09  0.       -5583.238       5721.118       1732.184    0.000  -0.056   0.153   0.
  2017 352 13 47 13 494 352.574461745      -0.51      1.69     -1.16  0.       -5583.565       5720.170       1730.468    0.000  -0.056   0.153   0.
  2017 352 13 47 14 494 352.574473319      -0.28      1.59     -1.20  0.       -5583.891       5719.222       1728.752    0.000  -0.056   0.153   0.
  2017 352 13 47 15 494 352.574484893      -0.97      1.69     -2.16  0.       -5584.217       5718.273       1727.035    0.000  -0.056   0.153   0.
  2017 352 13 47 16 494 352.574496467      -1.48      1.54     -3.07  0.       -5584.543       5717.324       1725.319    0.000  -0.056   0.153   0.
  2017 352 13 47 17 494 352.574508041      -2.03      1.14     -2.64  0.       -5584.868       5716.374       1723.602    0.000  -0.056   0.153   0.
  2017 352 13 47 18 494 352.574519615      -2.51      0.85     -1.70  0.       -5585.192       5715.424       1721.885    0.000  -0.056   0.153   0.
  2017 352 13 47 19 494 352.574531189      -2.63      0.69     -0.80  0.       -5585.517       5714.473       1720.168    0.000  -0.056   0.153   0.
  2017 352 13 47 20 494 352.574542760      -2.65      0.99     -0.41  0.       -5585.840       5713.522       1718.451    0.000  -0.056   0.153   0.
  2017 352 13 47 21 494 352.574554335      -2.70      1.17     -0.14  0.       -5586.164       5712.571       1716.733    0.000  -0.056   0.153   0.
  2017 352 13 47 22 494 352.574565909      -2.92      1.42     -0.44  0.       -5586.486       5711.619       1715.016    0.000  -0.056   0.153   0.
  2017 352 13 47 23 494 352.574577483      -3.29      1.59     -0.34  0.       -5586.809       5710.666       1713.298    0.000  -0.056   0.153   0.
  2017 352 13 47 24 494 352.574589057      -3.27      2.00     -0.97  0.       -5587.131       5709.713       1711.581    0.000  -0.056   0.153   0.
  2017 352 13 47 25 494 352.574600631      -2.95      2.27     -1.84  0.       -5587.452       5708.760       1709.863    0.000  -0.056   0.153   0.
  2017 352 13 47 26 494 352.574612205      -2.52      2.16     -1.89  0.       -5587.774       5707.806       1708.145    0.000  -0.056   0.153   0.
  2017 352 13 47 27 494 352.574623779      -2.61      2.05     -1.71  0.       -5588.094       5706.852       1706.427    0.000  -0.056   0.153   0.
  2017 352 13 47 28 494 352.574635353      -2.76      1.80     -1.66  0.       -5588.414       5705.897       1704.708    0.000  -0.056   0.153   0.
  2017 352 13 47 29 494 352.574646927      -2.79      1.82     -1.48  0.       -5588.734       5704.942       1702.990    0.000  -0.056   0.153   0.
  2017 352 13 47 30 494 352.574658501      -2.86      1.77     -1.58  0.       -5589.054       5703.987       1701.271    0.000  -0.056   0.153   0.
  2017 352 13 47 31 494 352.574670075      -2.81      1.75     -1.68  0.       -5589.373       5703.031       1699.553    0.000  -0.056   0.153   0.
  2017 352 13 47 32 494 352.574681649      -2.57      2.15     -2.25  0.       -5589.691       5702.074       1697.834    0.000  -0.056   0.153   0.
  2017 352 13 47 33 494 352.574693223      -2.55      2.72     -2.88  0.       -5590.009       5701.117       1696.115    0.000  -0.056   0.153   0.
  2017 352 13 47 34 494 352.574704797      -2.24      2.89     -3.28  0.       -5590.327       5700.160       1694.396    0.000  -0.056   0.153   0.
  2017 352 13 47 35 494 352.574716371      -1.76      2.48     -3.22  0.       -5590.644       5699.202       1692.677    0.000  -0.056   0.153   0.
  2017 352 13 47 36 494 352.574727946      -1.64      1.95     -3.01  0.       -5590.961       5698.244       1690.957    0.000  -0.056   0.153   0.
  2017 352 13 47 37 494 352.574739520      -1.61      1.56     -3.05  0.       -5591.277       5697.285       1689.238    0.000  -0.056   0.153   0.
  2017 352 13 47 38 494 352.574751094      -1.63      1.66     -3.35  0.       -5591.593       5696.326       1687.518    0.000  -0.056   0.153   0.
  2017 352 13 47 39 494 352.574762668      -1.32      1.79     -3.42  0.       -5591.908       5695.366       1685.799    0.000  -0.056   0.153   0.
  2017 352 13 47 40 494 352.574774242      -1.46      1.71     -3.40  0.       -5592.223       5694.406       1684.079    0.000  -0.056   0.153   0.
  2017 352 13 47 41 494 352.574785816      -1.97      1.58     -3.05  0.       -5592.538       5693.446       1682.359    0.000  -0.056   0.153   0.
  2017 352 13 47 42 494 352.574797390      -2.10      1.60     -3.11  0.       -5592.852       5692.485       1680.639    0.000  -0.056   0.153   0.
  2017 352 13 47 43 494 352.574808964      -2.11      1.55     -3.17  0.       -5593.165       5691.523       1678.918    0.000  -0.056   0.153   0.
  2017 352 13 47 44 494 352.574820538      -2.40      1.54     -2.73  0.       -5593.478       5690.562       1677.198    0.000  -0.056   0.153   0.
  2017 352 13 47 45 494 352.574832112      -2.87      1.70     -2.16  0.       -5593.791       5689.599       1675.477    0.000  -0.056   0.153   0.
  2017 352 13 47 46 494 352.574843686      -3.08      2.00     -1.72  0.       -5594.104       5688.636       1673.757    0.000  -0.056   0.153   0.
  2017 352 13 47 47 494 352.574855260      -3.29      2.35     -1.54  0.       -5594.415       5687.673       1672.036    0.000  -0.056   0.153   0.
  2017 352 13 47 48 494 352.574866834      -3.22      2.29     -1.59  0.       -5594.727       5686.710       1670.315    0.000  -0.056   0.153   0.
  2017 352 13 47 49 494 352.574878408      -2.79      1.93     -1.46  0.       -5595.038       5685.745       1668.594    0.000  -0.056   0.153   0.
  2017 352 13 47 50 494 352.574889980      -1.90      2.16     -1.05  0.       -5595.348       5684.781       1666.873    0.000  -0.056   0.153   0.
  2017 352 13 47 51 494 352.574901554      -2.14      2.44     -1.40  0.       -5595.658       5683.816       1665.152    0.000  -0.056   0.153   0.
  2017 352 13 47 52 494 352.574913128      -2.58      2.37     -1.71  0.       -5595.968       5682.850       1663.430    0.000  -0.056   0.153   0.
  2017 352 13 47 53 494 352.574924702      -2.36      1.73     -1.44  0.       -5596.277       5681.885       1661.708    0.000  -0.056   0.153   0.
  2017 352 13 47 54 494 352.574936276      -2.58      1.81     -0.78  0.       -5596.586       5680.918       1659.987    0.000  -0.056   0.153   0.
  2017 352 13 47 55 494 352.574947850      -2.52      2.11     -1.27  0.       -5596.894       5679.951       1658.265    0.000  -0.056   0.153   0.
  2017 352 13 47 56 494 352.574959424      -2.67      2.26     -1.55  0.       -5597.202       5678.984       1656.543    0.000  -0.056   0.153   0.
  2017 352 13 47 57 494 352.574970998      -2.62      3.07     -1.50  0.       -5597.510       5678.016       1654.821    0.000  -0.056   0.153   0.
  2017 352 13 47 58 494 352.574982572      -1.57      3.25     -1.82  0.       -5597.817       5677.048       1653.099    0.000  -0.056   0.153   0.
  2017 352 13 47 59 494 352.574994146      -1.22      2.62     -2.48  0.       -5598.123       5676.080       1651.376    0.000  -0.056   0.153   0.
  2017 352 13 48  0 494 352.575005721      -0.54      1.63     -2.72  0.       -5598.429       5675.111       1649.654    0.000  -0.056   0.153   0.
  2017 352 13 48  1 494 352.575017295       0.44      0.91     -2.45  0.       -5598.735       5674.141       1647.931    0.000  -0.056   0.153   0.
  2017 352 13 48  2 494 352.575028869       0.94      0.31     -1.80  0.       -5599.040       5673.171       1646.208    0.000  -0.056   0.153   0.
  2017 352 13 48  3 494 352.575040443       0.33      0.05     -1.67  0.       -5599.345       5672.201       1644.485    0.000  -0.056   0.153   0.
  2017 352 13 48  4 494 352.575052017       0.16      0.87     -2.02  0.       -5599.649       5671.230       1642.762    0.000  -0.056   0.153   0.
  2017 352 13 48  5 494 352.575063591      -0.71      0.88     -1.84  0.       -5599.953       5670.258       1641.039    0.000  -0.056   0.153   0.
  2017 352 13 48  6 494 352.575075165      -1.39      0.98     -1.25  0.       -5600.257       5669.287       1639.316    0.000  -0.056   0.153   0.
  2017 352 13 48  7 494 352.575086739      -1.51      1.27     -1.22  0.       -5600.560       5668.314       1637.593    0.000  -0.056   0.153   0.
  2017 352 13 48  8 494 352.575098313      -1.55      1.29     -1.43  0.       -5600.862       5667.342       1635.869    0.000  -0.056   0.153   0.
  2017 352 13 48  9 494 352.575109887      -2.10      1.79     -1.32  0.       -5601.164       5666.369       1634.145    0.000  -0.056   0.153   0.
  2017 352 13 48 10 494 352.575121461      -2.08      1.59     -1.79  0.       -5601.466       5665.395       1632.422    0.000  -0.056   0.153   0.
  2017 352 13 48 11 494 352.575133035      -1.63      1.85     -2.02  0.       -5601.767       5664.421       1630.698    0.000  -0.056   0.153   0.
  2017 352 13 48 12 494 352.575144609      -1.97      2.21     -2.37  0.       -5602.068       5663.447       1628.974    0.000  -0.056   0.153   0.
  2017 352 13 48 13 494 352.575156183      -1.74      1.90     -2.56  0.       -5602.368       5662.472       1627.249    0.000  -0.056   0.153   0.
  2017 352 13 48 14 494 352.575167758      -1.36      1.90     -2.67  0.       -5602.668       5661.496       1625.525    0.000  -0.056   0.153   0.
  2017 352 13 48 15 494 352.575179332      -1.17      1.82     -2.37  0.       -5602.967       5660.521       1623.801    0.000  -0.056   0.153   0.
  2017 352 13 48 16 494 352.575190906      -1.32      1.17     -2.43  0.       -5603.266       5659.544       1622.076    0.000  -0.056   0.153   0.
  2017 352 13 48 17 494 352.575202480      -1.31      1.19     -2.41  0.       -5603.565       5658.567       1620.351    0.000  -0.056   0.153   0.
  2017 352 13 48 18 494 352.575214054      -1.01      1.57     -2.52  0.       -5603.863       5657.590       1618.626    0.000  -0.056   0.153   0.
  2017 352 13 48 19 494 352.575225628      -0.74      1.37     -2.48  0.       -5604.161       5656.613       1616.901    0.000  -0.056   0.153   0.
  2017 352 13 48 20 493 352.575237199      -0.22      1.28     -2.23  0.       -5604.458       5655.635       1615.176    0.000  -0.056   0.153   0.
  2017 352 13 48 21 493 352.575248773      -0.50      1.34     -1.93  0.       -5604.755       5654.656       1613.451    0.000  -0.056   0.153   0.
  2017 352 13 48 22 493 352.575260347      -1.00      1.36     -2.13  0.       -5605.051       5653.677       1611.726    0.000  -0.056   0.153   0.
  2017 352 13 48 23 493 352.575271921      -1.44      1.56     -2.11  0.       -5605.347       5652.698       1610.000    0.000  -0.056   0.153   0.
  2017 352 13 48 24 494 352.575283495      -1.24      1.70     -2.11  0.       -5605.642       5651.718       1608.275    0.000  -0.056   0.153   0.
  2017 352 13 48 25 494 352.575295069      -1.06      1.77     -1.90  0.       -5605.937       5650.737       1606.549    0.000  -0.056   0.153   0.
  2017 352 13 48 26 493 352.575306644      -0.71      1.78     -1.57  0.       -5606.232       5649.756       1604.823    0.000  -0.056   0.153   0.
  2017 352 13 48 27 493 352.575318218      -0.17      1.67     -1.11  0.       -5606.526       5648.775       1603.097    0.000  -0.056   0.153   0.
  2017 352 13 48 28 494 352.575329792       0.27      1.81     -1.31  0.       -5606.819       5647.794       1601.371    0.000  -0.056   0.153   0.
  2017 352 13 48 29 494 352.575341366       0.14      2.17     -1.61  0.       -5607.112       5646.811       1599.645    0.000  -0.056   0.153   0.
  2017 352 13 48 30 494 352.575352940      -0.05      2.01     -1.55  0.       -5607.405       5645.829       1597.918    0.000  -0.056   0.153   0.
  2017 352 13 48 31 494 352.575364514      -0.61      1.86     -1.79  0.       -5607.697       5644.846       1596.192    0.000  -0.056   0.153   0.
  2017 352 13 48 32 494 352.575376088      -0.15      1.85     -1.85  0.       -5607.989       5643.862       1594.465    0.000  -0.056   0.153   0.
  2017 352 13 48 33 493 352.575387662       0.27      1.40     -1.54  0.       -5608.280       5642.878       1592.738    0.000  -0.056   0.153   0.
  2017 352 13 48 34 493 352.575399236       0.45      0.70     -1.00  0.       -5608.571       5641.894       1591.011    0.000  -0.056   0.153   0.
  2017 352 13 48 35 493 352.575410810       0.11      1.04     -1.21  0.       -5608.862       5640.909       1589.284    0.000  -0.056   0.153   0.
  2017 352 13 48 36 493 352.575422384      -0.53      1.86     -1.68  0.       -5609.152       5639.924       1587.557    0.000  -0.056   0.153   0.
  2017 352 13 48 37 493 352.575433958      -1.30      2.47     -2.01  0.       -5609.441       5638.938       1585.830    0.000  -0.056   0.153   0.
  2017 352 13 48 38 494 352.575445532      -1.28      2.20     -1.96  0.       -5609.730       5637.952       1584.103    0.000  -0.056   0.153   0.
  2017 352 13 48 39 494 352.575457107      -0.87      1.58     -1.90  0.       -5610.019       5636.965       1582.375    0.000  -0.056   0.153   0.
  2017 352 13 48 40 493 352.575468681      -0.65      1.58     -2.24  0.       -5610.307       5635.978       1580.647    0.000  -0.056   0.153   0.
  2017 352 13 48 41 493 352.575480255      -0.87      2.13     -2.22  0.       -5610.595       5634.990       1578.920    0.000  -0.056   0.153   0.
  2017 352 13 48 42 494 352.575491829      -0.71      2.09     -2.15  0.       -5610.882       5634.002       1577.192    0.000  -0.056   0.153   0.
  2017 352 13 48 43 494 352.575503403      -1.31      1.73     -2.13  0.       -5611.169       5633.014       1575.464    0.000  -0.056   0.153   0.
  2017 352 13 48 44 494 352.575514977      -1.99      1.03     -1.87  0.       -5611.456       5632.025       1573.736    0.000  -0.056   0.153   0.
  2017 352 13 48 45 494 352.575526551      -1.99      0.49     -1.76  0.       -5611.742       5631.035       1572.007    0.000  -0.056   0.153   0.
  2017 352 13 48 46 493 352.575538125      -2.42      0.64     -1.73  0.       -5612.027       5630.045       1570.279    0.000  -0.056   0.153   0.
  2017 352 13 48 47 493 352.575549699      -1.94      1.52     -1.57  0.       -5612.312       5629.055       1568.550    0.000  -0.056   0.153   0.
  2017 352 13 48 48 493 352.575561273      -0.90      1.81     -1.86  0.       -5612.597       5628.064       1566.822    0.000  -0.056   0.153   0.
  2017 352 13 48 49 493 352.575572847      -0.13      1.56     -2.28  0.       -5612.881       5627.073       1565.093    0.000  -0.056   0.153   0.
  2017 352 13 48 50 493 352.575584421      -0.17      1.51     -2.21  0.       -5613.164       5626.082       1563.364    0.000  -0.056   0.153   0.
  2017 352 13 48 51 494 352.575595995      -0.51      1.02     -1.85  0.       -5613.448       5625.090       1561.635    0.000  -0.056   0.153   0.
  2017 352 13 48 52 493 352.575607567      -1.02      1.12     -1.78  0.       -5613.730       5624.097       1559.906    0.000  -0.056   0.153   0.
  2017 352 13 48 53 493 352.575619141      -1.16      1.32     -1.76  0.       -5614.013       5623.104       1558.176    0.000  -0.056   0.153   0.
  2017 352 13 48 54 493 352.575630715      -1.42      1.52     -1.86  0.       -5614.295       5622.110       1556.447    0.000  -0.056   0.153   0.
  2017 352 13 48 55 493 352.575642289      -1.72      1.96     -1.92  0.       -5614.576       5621.116       1554.717    0.000  -0.056   0.153   0.
  2017 352 13 48 56 493 352.575653863      -1.70      2.19     -2.11  0.       -5614.857       5620.122       1552.988    0.000  -0.056   0.153   0.
  2017 352 13 48 57 493 352.575665437      -1.22      2.38     -2.24  0.       -5615.138       5619.127       1551.258    0.000  -0.056   0.153   0.
  2017 352 13 48 58 493 352.575677011      -1.07      2.01     -1.97  0.       -5615.418       5618.132       1549.528    0.000  -0.056   0.153   0.
  2017 352 13 48 59 493 352.575688585      -1.21      2.06     -1.69  0.       -5615.697       5617.136       1547.798    0.000  -0.056   0.153   0.
  2017 352 13 49  0 493 352.575700159      -1.32      2.14     -2.14  0.       -5615.976       5616.140       1546.068    0.000  -0.056   0.153   0.
  2017 352 13 49  1 493 352.575711733      -1.86      1.98     -2.19  0.       -5616.255       5615.143       1544.337    0.000  -0.056   0.153   0.
  2017 352 13 49  2 493 352.575723307      -2.32      1.58     -2.03  0.       -5616.533       5614.146       1542.607    0.000  -0.056   0.153   0.
  2017 352 13 49  3 493 352.575734881      -2.42      1.43     -1.97  0.       -5616.811       5613.148       1540.876    0.000  -0.056   0.153   0.
  2017 352 13 49  4 493 352.575746455      -2.45      1.44     -1.76  0.       -5617.088       5612.150       1539.146    0.000  -0.056   0.153   0.
  2017 352 13 49  5 493 352.575758030      -2.06      1.68     -1.57  0.       -5617.365       5611.152       1537.415    0.000  -0.056   0.153   0.
  2017 352 13 49  6 493 352.575769604      -1.41      1.72     -1.82  0.       -5617.642       5610.153       1535.684    0.000  -0.056   0.153   0.
  2017 352 13 49  7 493 352.575781178      -1.01      1.84     -2.01  0.       -5617.918       5609.154       1533.953    0.000  -0.056   0.153   0.
  2017 352 13 49  8 493 352.575792752      -1.12      1.87     -2.04  0.       -5618.193       5608.154       1532.222    0.000  -0.056   0.153   0.
  2017 352 13 49  9 493 352.575804326      -1.21      1.73     -2.11  0.       -5618.468       5607.153       1530.490    0.000  -0.056   0.153   0.
  2017 352 13 49 10 493 352.575815900      -1.47      1.79     -2.17  0.       -5618.743       5606.153       1528.759    0.000  -0.056   0.153   0.
  2017 352 13 49 11 493 352.575827474      -1.77      1.62     -1.86  0.       -5619.017       5605.151       1527.027    0.000  -0.056   0.153   0.
  2017 352 13 49 12 493 352.575839048      -2.01      1.22     -1.54  0.       -5619.291       5604.150       1525.296    0.000  -0.056   0.153   0.
  2017 352 13 49 13 493 352.575850622      -2.18      1.05     -1.40  0.       -5619.564       5603.148       1523.564    0.000  -0.056   0.153   0.
  2017 352 13 49 14 493 352.575862196      -2.42      0.93     -1.29  0.       -5619.837       5602.145       1521.832    0.000  -0.056   0.153   0.
  2017 352 13 49 15 493 352.575873770      -2.78      0.82     -1.25  0.       -5620.109       5601.142       1520.100    0.000  -0.056   0.153   0.
  2017 352 13 49 16 493 352.575885344      -2.78      1.08     -1.42  0.       -5620.381       5600.139       1518.368    0.000  -0.056   0.153   0.
  2017 352 13 49 17 493 352.575896918      -3.00      1.17     -1.59  0.       -5620.652       5599.135       1516.636    0.000  -0.056   0.153   0.
  2017 352 13 49 18 493 352.575908492      -2.93      0.76     -1.68  0.       -5620.923       5598.130       1514.903    0.000  -0.056   0.153   0.
  2017 352 13 49 19 493 352.575920067      -2.56      0.81     -1.69  0.       -5621.194       5597.125       1513.171    0.000  -0.056   0.153   0.
  2017 352 13 49 20 493 352.575931641      -2.05      0.93     -1.41  0.       -5621.464       5596.120       1511.438    0.000  -0.056   0.153   0.
  2017 352 13 49 21 493 352.575943214      -1.66      1.29     -0.91  0.       -5621.733       5595.114       1509.705    0.000  -0.056   0.153   0.
  2017 352 13 49 22 493 352.575954786      -1.68      1.44     -1.13  0.       -5622.003       5594.108       1507.972    0.000  -0.056   0.153   0.
  2017 352 13 49 23 493 352.575966360      -1.48      1.87     -1.23  0.       -5622.271       5593.102       1506.239    0.000  -0.056   0.153   0.
  2017 352 13 49 24 493 352.575977934      -1.20      2.34     -1.06  0.       -5622.539       5592.094       1504.506    0.000  -0.056   0.153   0.
  2017 352 13 49 25 493 352.575989508      -0.97      2.21     -1.21  0.       -5622.807       5591.087       1502.773    0.000  -0.056   0.153   0.
  2017 352 13 49 26 493 352.576001082      -0.49      2.26     -1.35  0.       -5623.074       5590.079       1501.039    0.000  -0.056   0.153   0.
  2017 352 13 49 27 493 352.576012656      -0.93      1.90     -1.11  0.       -5623.341       5589.070       1499.306    0.000  -0.056   0.153   0.
  2017 352 13 49 28 493 352.576024230      -1.42      1.46     -0.60  0.       -5623.608       5588.061       1497.572    0.000  -0.056   0.153   0.
  2017 352 13 49 29 493 352.576035804      -1.82      1.37     -0.98  0.       -5623.874       5587.052       1495.839    0.000  -0.056   0.153   0.
  2017 352 13 49 30 493 352.576047378      -1.93      0.82     -1.01  0.       -5624.139       5586.042       1494.105    0.000  -0.056   0.153   0.
  2017 352 13 49 31 493 352.576058953      -2.06      0.83     -1.09  0.       -5624.404       5585.032       1492.371    0.000  -0.056   0.153   0.
  2017 352 13 49 32 493 352.576070527      -1.84      1.45     -1.71  0.       -5624.669       5584.021       1490.637    0.000  -0.056   0.153   0.
  2017 352 13 49 33 493 352.576082101      -1.89      1.91     -1.87  0.       -5624.933       5583.010       1488.902    0.000  -0.056   0.153   0.
  2017 352 13 49 34 493 352.576093675      -2.24      2.24     -1.79  0.       -5625.196       5581.998       1487.168    0.000  -0.056   0.153   0.
  2017 352 13 49 35 493 352.576105249      -2.39      2.28     -1.56  0.       -5625.459       5580.986       1485.433    0.000  -0.056   0.153   0.
  2017 352 13 49 36 493 352.576116823      -2.56      2.54     -1.43  0.       -5625.722       5579.973       1483.699    0.000  -0.056   0.153   0.
  2017 352 13 49 37 493 352.576128397      -2.80      2.84     -1.47  0.       -5625.984       5578.960       1481.964    0.000  -0.056   0.153   0.
  2017 352 13 49 38 493 352.576139971      -2.82      3.00     -1.58  0.       -5626.246       5577.947       1480.229    0.000  -0.056   0.153   0.
  2017 352 13 49 39 493 352.576151545      -2.62      3.27     -2.11  0.       -5626.507       5576.933       1478.494    0.000  -0.056   0.153   0.
  2017 352 13 49 40 493 352.576163119      -2.11      3.06     -2.27  0.       -5626.768       5575.918       1476.759    0.000  -0.056   0.153   0.
  2017 352 13 49 41 493 352.576174693      -2.66      3.24     -1.70  0.       -5627.029       5574.903       1475.024    0.000  -0.056   0.153   0.
  2017 352 13 49 42 493 352.576186267      -2.96      3.05     -1.64  0.       -5627.289       5573.888       1473.289    0.000  -0.056   0.153   0.
  2017 352 13 49 43 493 352.576197841      -3.16      2.69     -0.83  0.       -5627.548       5572.872       1471.553    0.000  -0.056   0.153   0.
  2017 352 13 49 44 493 352.576209416      -3.35      2.52     -0.49  0.       -5627.807       5571.856       1469.818    0.000  -0.056   0.153   0.
  2017 352 13 49 45 493 352.576220990      -3.55      2.60     -0.73  0.       -5628.066       5570.839       1468.082    0.000  -0.056   0.153   0.
  2017 352 13 49 46 493 352.576232564      -3.74      2.70     -1.33  0.       -5628.324       5569.822       1466.346    0.000  -0.056   0.153   0.
  2017 352 13 49 47 493 352.576244138      -3.84      3.22     -1.40  0.       -5628.581       5568.805       1464.610    0.000  -0.056   0.153   0.
  2017 352 13 49 48 493 352.576255712      -3.72      3.30     -1.28  0.       -5628.839       5567.787       1462.874    0.000  -0.056   0.153   0.
  2017 352 13 49 49 493 352.576267286      -3.21      3.17     -1.47  0.       -5629.095       5566.768       1461.138    0.000  -0.056   0.153   0.
  2017 352 13 49 50 493 352.576278860      -2.92      2.95     -1.40  0.       -5629.352       5565.749       1459.402    0.000  -0.056   0.153   0.
  2017 352 13 49 51 493 352.576290434      -2.76      2.60     -1.13  0.       -5629.607       5564.730       1457.665    0.000  -0.056   0.153   0.
  2017 352 13 49 52 493 352.576302005      -2.16      2.56     -1.00  0.       -5629.863       5563.710       1455.929    0.000  -0.056   0.153   0.
  2017 352 13 49 53 493 352.576313579      -1.75      2.42     -1.01  0.       -5630.118       5562.689       1454.192    0.000  -0.056   0.153   0.
  2017 352 13 49 54 493 352.576325153      -1.73      2.13     -1.04  0.       -5630.372       5561.668       1452.455    0.000  -0.056   0.153   0.
  2017 352 13 49 55 493 352.576336727      -1.48      1.99     -0.94  0.       -5630.626       5560.647       1450.718    0.000  -0.056   0.153   0.
  2017 352 13 49 56 493 352.576348302      -1.90      1.87     -0.66  0.       -5630.879       5559.625       1448.981    0.000  -0.056   0.153   0.
  2017 352 13 49 57 493 352.576359876      -2.25      2.08     -0.66  0.       -5631.132       5558.603       1447.244    0.000  -0.056   0.153   0.
  2017 352 13 49 58 493 352.576371450      -2.08      2.22     -0.67  0.       -5631.385       5557.581       1445.507    0.000  -0.056   0.153   0.
  2017 352 13 49 59 493 352.576383024      -2.13      2.32     -0.69  0.       -5631.637       5556.557       1443.769    0.000  -0.056   0.153   0.
  2017 352 13 50  0 493 352.576394598      -2.51      2.42     -0.92  0.       -5631.889       5555.534       1442.032    0.000  -0.056   0.153   0.
  2017 352 13 50  1 493 352.576406172      -3.02      2.50     -1.14  0.       -5632.140       5554.510       1440.294    0.000  -0.056   0.153   0.
  2017 352 13 50  2 493 352.576417746      -3.27      2.10     -1.14  0.       -5632.390       5553.485       1438.557    0.000  -0.056   0.153   0.
  2017 352 13 50  3 493 352.576429320      -3.11      2.20     -1.26  0.       -5632.641       5552.461       1436.819    0.000  -0.056   0.153   0.
  2017 352 13 50  4 493 352.576440894      -2.66      2.15     -1.82  0.       -5632.890       5551.435       1435.081    0.000  -0.056   0.153   0.
  2017 352 13 50  5 493 352.576452468      -2.27      1.13     -2.42  0.       -5633.140       5550.409       1433.343    0.000  -0.056   0.153   0.
  2017 352 13 50  6 493 352.576464042      -1.24      0.16     -1.91  0.       -5633.389       5549.383       1431.605    0.000  -0.056   0.153   0.
  2017 352 13 50  7 493 352.576475616      -0.57      0.18     -2.47  0.       -5633.637       5548.356       1429.866    0.000  -0.056   0.153   0.
  2017 352 13 50  8 493 352.576487190      -0.93      1.30     -3.36  0.       -5633.885       5547.329       1428.128    0.000  -0.056   0.153   0.
  2017 352 13 50  9 493 352.576498764      -1.54      1.81     -1.94  0.       -5634.132       5546.301       1426.389    0.000  -0.056   0.153   0.
  2017 352 13 50 10 493 352.576510339      -1.69      1.93     -1.55  0.       -5634.379       5545.273       1424.650    0.000  -0.056   0.153   0.
  2017 352 13 50 11 493 352.576521913      -1.00      1.71     -1.48  0.       -5634.626       5544.244       1422.912    0.000  -0.056   0.153   0.
  2017 352 13 50 12 493 352.576533487      -0.79      2.21     -1.18  0.       -5634.872       5543.215       1421.173    0.000  -0.056   0.153   0.
  2017 352 13 50 13 493 352.576545061      -1.81      2.97     -1.94  0.       -5635.117       5542.186       1419.434    0.000  -0.056   0.153   0.
  2017 352 13 50 14 493 352.576556635      -2.13      2.52     -2.59  0.       -5635.362       5541.156       1417.695    0.000  -0.056   0.153   0.
  2017 352 13 50 15 493 352.576568209      -1.68      3.17     -2.50  0.       -5635.607       5540.125       1415.955    0.000  -0.056   0.153   0.
  2017 352 13 50 16 493 352.576579783      -1.71      3.39     -2.69  0.       -5635.851       5539.095       1414.216    0.000  -0.056   0.153   0.
  2017 352 13 50 17 493 352.576591357      -1.58      3.11     -2.77  0.       -5636.095       5538.063       1412.477    0.000  -0.056   0.153   0.
  2017 352 13 50 18 493 352.576602931      -1.95      3.12     -2.44  0.       -5636.338       5537.031       1410.737    0.000  -0.056   0.153   0.
  2017 352 13 50 19 493 352.576614505      -2.40      3.13     -2.21  0.       -5636.581       5535.999       1408.997    0.000  -0.056   0.153   0.
  2017 352 13 50 20 493 352.576626079      -2.58      3.20     -2.58  0.       -5636.823       5534.966       1407.257    0.000  -0.056   0.153   0.
  2017 352 13 50 21 493 352.576637653      -2.49      3.02     -3.24  0.       -5637.065       5533.933       1405.517    0.000  -0.056   0.153   0.
  2017 352 13 50 22 493 352.576649227      -2.59      2.80     -3.15  0.       -5637.307       5532.900       1403.777    0.000  -0.056   0.153   0.
  2017 352 13 50 23 492 352.576660801      -2.96      2.53     -3.09  0.       -5637.547       5531.865       1402.037    0.000  -0.056   0.153   0.
  2017 352 13 50 24 493 352.576672373      -3.18      2.22     -2.89  0.       -5637.788       5530.831       1400.297    0.000  -0.056   0.153   0.
  2017 352 13 50 25 493 352.576683947      -3.26      2.20     -2.45  0.       -5638.028       5529.796       1398.556    0.000  -0.056   0.153   0.
  2017 352 13 50 26 493 352.576695521      -3.10      2.37     -1.95  0.       -5638.267       5528.760       1396.816    0.000  -0.056   0.153   0.
  2017 352 13 50 27 493 352.576707095      -3.15      2.45     -1.60  0.       -5638.506       5527.724       1395.075    0.000  -0.056   0.153   0.
  2017 352 13 50 28 493 352.576718669      -3.10      2.61     -1.35  0.       -5638.745       5526.688       1393.334    0.000  -0.056   0.153   0.
  2017 352 13 50 29 492 352.576730243      -2.78      2.72     -1.48  0.       -5638.983       5525.651       1391.594    0.000  -0.056   0.153   0.
  2017 352 13 50 30 492 352.576741817      -2.82      3.09     -1.59  0.       -5639.221       5524.614       1389.853    0.000  -0.056   0.153   0.
  2017 352 13 50 31 492 352.576753391      -3.26      3.30     -1.38  0.       -5639.458       5523.576       1388.111    0.000  -0.056   0.153   0.
  2017 352 13 50 32 492 352.576764965      -2.79      3.44     -1.26  0.       -5639.694       5522.538       1386.370    0.000  -0.056   0.153   0.
  2017 352 13 50 33 493 352.576776539      -2.35      3.38     -1.36  0.       -5639.931       5521.499       1384.629    0.000  -0.056   0.153   0.
  2017 352 13 50 34 493 352.576788113      -2.08      3.35     -1.15  0.       -5640.166       5520.460       1382.887    0.000  -0.056   0.153   0.
  2017 352 13 50 35 492 352.576799688      -1.88      2.94     -0.61  0.       -5640.402       5519.420       1381.146    0.000  -0.056   0.153   0.
  2017 352 13 50 36 492 352.576811262      -1.77      2.47     -0.54  0.       -5640.637       5518.380       1379.404    0.000  -0.056   0.153   0.
  2017 352 13 50 37 493 352.576822836      -1.50      2.35     -0.60  0.       -5640.871       5517.340       1377.662    0.000  -0.056   0.153   0.
  2017 352 13 50 38 493 352.576834410      -1.77      2.24     -0.16  0.       -5641.105       5516.299       1375.920    0.000  -0.056   0.153   0.
  2017 352 13 50 39 493 352.576845984      -2.43      1.88     -0.37  0.       -5641.338       5515.257       1374.178    0.000  -0.056   0.153   0.
  2017 352 13 50 40 493 352.576857558      -2.55      1.88     -0.34  0.       -5641.571       5514.215       1372.436    0.000  -0.056   0.153   0.
  2017 352 13 50 41 493 352.576869132      -2.55      2.13     -0.51  0.       -5641.803       5513.173       1370.694    0.000  -0.056   0.153   0.
  2017 352 13 50 42 492 352.576880706      -2.80      2.24     -0.74  0.       -5642.035       5512.130       1368.951    0.000  -0.056   0.153   0.
  2017 352 13 50 43 492 352.576892280      -2.51      2.45     -0.90  0.       -5642.267       5511.087       1367.209    0.000  -0.056   0.153   0.
  2017 352 13 50 44 492 352.576903854      -2.60      2.58     -1.12  0.       -5642.498       5510.043       1365.466    0.000  -0.056   0.153   0.
  2017 352 13 50 45 492 352.576915428      -2.66      2.93     -1.19  0.       -5642.729       5508.999       1363.724    0.000  -0.056   0.153   0.
  2017 352 13 50 46 492 352.576927002      -2.72      3.29     -1.20  0.       -5642.959       5507.954       1361.981    0.000  -0.056   0.153   0.
  2017 352 13 50 47 493 352.576938576      -2.70      3.58     -1.24  0.       -5643.188       5506.909       1360.238    0.000  -0.056   0.153   0.
  2017 352 13 50 48 493 352.576950150      -2.66      3.75     -1.21  0.       -5643.417       5505.863       1358.495    0.000  -0.056   0.153   0.
  2017 352 13 50 49 492 352.576961725      -2.53      4.14     -1.36  0.       -5643.646       5504.817       1356.752    0.000  -0.056   0.153   0.
  2017 352 13 50 50 492 352.576973299      -2.50      4.21     -1.29  0.       -5643.874       5503.771       1355.008    0.000  -0.056   0.153   0.
  2017 352 13 50 51 493 352.576984873      -2.82      3.77     -1.70  0.       -5644.102       5502.724       1353.265    0.000  -0.056   0.153   0.
  2017 352 13 50 52 493 352.576996447      -3.08      3.30     -1.89  0.       -5644.329       5501.676       1351.521    0.000  -0.056   0.153   0.
  2017 352 13 50 53 493 352.577008021      -3.20      3.08     -1.76  0.       -5644.556       5500.628       1349.778    0.000  -0.056   0.153   0.
  2017 352 13 50 54 492 352.577019592      -3.62      2.79     -1.80  0.       -5644.783       5499.580       1348.034    0.000  -0.056   0.153   0.
  2017 352 13 50 55 492 352.577031166      -3.90      2.93     -1.69  0.       -5645.008       5498.531       1346.290    0.000  -0.056   0.153   0.
  2017 352 13 50 56 492 352.577042740      -4.13      2.90     -1.61  0.       -5645.234       5497.482       1344.546    0.000  -0.056   0.153   0.
  2017 352 13 50 57 492 352.577054314      -4.16      2.60     -1.61  0.       -5645.458       5496.432       1342.802    0.000  -0.056   0.153   0.
  2017 352 13 50 58 492 352.577065888      -4.01      2.41     -2.02  0.       -5645.683       5495.382       1341.058    0.000  -0.056   0.153   0.
  2017 352 13 50 59 492 352.577077462      -3.48      2.31     -2.04  0.       -5645.907       5494.331       1339.313    0.000  -0.056   0.153   0.
  2017 352 13 51  0 492 352.577089036      -3.12      2.18     -2.00  0.       -5646.131       5493.280       1337.569    0.000  -0.056   0.153   0.
  2017 352 13 51  1 492 352.577100611      -3.06      2.19     -1.64  0.       -5646.354       5492.228       1335.825    0.000  -0.056   0.153   0.
  2017 352 13 51  2 492 352.577112185      -2.76      2.37     -1.67  0.       -5646.576       5491.176       1334.080    0.000  -0.056   0.153   0.
  2017 352 13 51  3 492 352.577123759      -2.72      2.78     -1.93  0.       -5646.798       5490.124       1332.335    0.000  -0.056   0.153   0.
  2017 352 13 51  4 492 352.577135333      -2.73      2.99     -1.55  0.       -5647.020       5489.071       1330.590    0.000  -0.056   0.153   0.
  2017 352 13 51  5 492 352.577146907      -2.68      3.01     -1.27  0.       -5647.241       5488.017       1328.845    0.000  -0.056   0.153   0.
  2017 352 13 51  6 492 352.577158481      -3.65      3.16     -0.85  0.       -5647.461       5486.964       1327.100    0.000  -0.056   0.153   0.
  2017 352 13 51  7 492 352.577170055      -3.81      2.69     -0.66  0.       -5647.682       5485.909       1325.355    0.000  -0.056   0.153   0.
  2017 352 13 51  8 492 352.577181629      -3.68      2.53     -0.68  0.       -5647.901       5484.854       1323.610    0.000  -0.056   0.153   0.
  2017 352 13 51  9 492 352.577193203      -3.73      2.50     -0.70  0.       -5648.120       5483.799       1321.864    0.000  -0.056   0.153   0.
  2017 352 13 51 10 492 352.577204777      -3.94      2.73     -0.76  0.       -5648.339       5482.743       1320.119    0.000  -0.056   0.153   0.
  2017 352 13 51 11 492 352.577216351      -3.83      3.02     -0.60  0.       -5648.557       5481.687       1318.373    0.000  -0.056   0.153   0.
  2017 352 13 51 12 492 352.577227925      -3.95      3.31     -0.46  0.       -5648.775       5480.630       1316.627    0.000  -0.056   0.153   0.
  2017 352 13 51 13 492 352.577239499      -3.92      3.57     -0.49  0.       -5648.993       5479.573       1314.881    0.000  -0.056   0.153   0.
  2017 352 13 51 14 492 352.577251073      -3.74      3.77     -0.49  0.       -5649.209       5478.516       1313.135    0.000  -0.056   0.153   0.
  2017 352 13 51 15 492 352.577262648      -3.48      3.49     -0.68  0.       -5649.426       5477.458       1311.389    0.000  -0.056   0.153   0.
  2017 352 13 51 16 492 352.577274222      -3.42      3.27     -0.91  0.       -5649.642       5476.399       1309.643    0.000  -0.056   0.153   0.
  2017 352 13 51 17 492 352.577285796      -3.78      2.90     -0.94  0.       -5649.857       5475.340       1307.897    0.000  -0.056   0.153   0.
  2017 352 13 51 18 492 352.577297370      -3.44      2.49     -1.52  0.       -5650.072       5474.281       1306.150    0.000  -0.056   0.153   0.
  2017 352 13 51 19 492 352.577308944      -3.22      2.19     -1.65  0.       -5650.286       5473.221       1304.404    0.000  -0.056   0.153   0.
  2017 352 13 51 20 492 352.577320518      -3.09      1.96     -1.78  0.       -5650.500       5472.160       1302.657    0.000  -0.056   0.153   0.
  2017 352 13 51 21 492 352.577332092      -3.19      1.86     -2.13  0.       -5650.714       5471.099       1300.911    0.000  -0.056   0.153   0.
  2017 352 13 51 22 492 352.577343666      -2.99      1.91     -2.12  0.       -5650.927       5470.038       1299.164    0.000  -0.056   0.153   0.
  2017 352 13 51 23 492 352.577355240      -2.73      2.15     -2.27  0.       -5651.139       5468.976       1297.417    0.000  -0.056   0.153   0.
  2017 352 13 51 24 492 352.577366811      -2.40      2.09     -2.36  0.       -5651.351       5467.914       1295.670    0.000  -0.056   0.153   0.
  2017 352 13 51 25 492 352.577378385      -2.57      1.72     -2.51  0.       -5651.563       5466.851       1293.922    0.000  -0.056   0.153   0.
  2017 352 13 51 26 492 352.577389959      -2.70      2.22     -2.32  0.       -5651.774       5465.788       1292.175    0.000  -0.056   0.153   0.
  2017 352 13 51 27 492 352.577401534      -2.42      2.45     -1.95  0.       -5651.985       5464.725       1290.428    0.000  -0.056   0.153   0.
  2017 352 13 51 28 492 352.577413108      -2.39      2.76     -1.68  0.       -5652.195       5463.661       1288.680    0.000  -0.056   0.153   0.
  2017 352 13 51 29 492 352.577424682      -2.39      2.78     -1.41  0.       -5652.405       5462.596       1286.933    0.000  -0.056   0.153   0.
  2017 352 13 51 30 492 352.577436256      -2.15      2.50     -1.55  0.       -5652.614       5461.531       1285.185    0.000  -0.056   0.153   0.
  2017 352 13 51 31 492 352.577447830      -1.89      2.39     -1.63  0.       -5652.822       5460.466       1283.437    0.000  -0.056   0.153   0.
  2017 352 13 51 32 492 352.577459404      -1.95      2.60     -1.94  0.       -5653.030       5459.400       1281.689    0.000  -0.056   0.153   0.
  2017 352 13 51 33 492 352.577470978      -2.03      2.40     -1.89  0.       -5653.238       5458.333       1279.941    0.000  -0.056   0.153   0.
  2017 352 13 51 34 492 352.577482552      -2.15      1.94     -1.85  0.       -5653.446       5457.266       1278.193    0.000  -0.056   0.153   0.
  2017 352 13 51 35 492 352.577494126      -2.11      1.82     -1.88  0.       -5653.653       5456.199       1276.445    0.000  -0.056   0.153   0.
  2017 352 13 51 36 492 352.577505700      -2.21      2.01     -1.85  0.       -5653.859       5455.131       1274.696    0.000  -0.056   0.153   0.
  2017 352 13 51 37 492 352.577517274      -1.99      1.88     -2.07  0.       -5654.065       5454.063       1272.948    0.000  -0.056   0.153   0.
  2017 352 13 51 38 492 352.577528848      -2.03      1.35     -2.28  0.       -5654.270       5452.994       1271.199    0.000  -0.056   0.153   0.
  2017 352 13 51 39 492 352.577540422      -2.42      1.02     -1.91  0.       -5654.475       5451.925       1269.450    0.000  -0.056   0.153   0.
  2017 352 13 51 40 492 352.577551997      -2.92      1.06     -2.18  0.       -5654.679       5450.856       1267.701    0.000  -0.056   0.153   0.
  2017 352 13 51 41 492 352.577563571      -3.12      1.37     -2.24  0.       -5654.883       5449.785       1265.953    0.000  -0.056   0.153   0.
  2017 352 13 51 42 492 352.577575145      -3.14      1.94     -1.96  0.       -5655.087       5448.715       1264.203    0.000  -0.056   0.153   0.
  2017 352 13 51 43 492 352.577586719      -3.49      2.56     -1.74  0.       -5655.289       5447.644       1262.454    0.000  -0.056   0.153   0.
  2017 352 13 51 44 492 352.577598293      -3.66      3.14     -1.49  0.       -5655.492       5446.572       1260.705    0.000  -0.056   0.153   0.
  2017 352 13 51 45 492 352.577609867      -3.71      3.29     -1.25  0.       -5655.694       5445.501       1258.956    0.000  -0.056   0.153   0.
  2017 352 13 51 46 492 352.577621441      -3.66      3.35     -1.02  0.       -5655.895       5444.428       1257.206    0.000  -0.056   0.153   0.
  2017 352 13 51 47 492 352.577633015      -3.59      3.34     -0.60  0.       -5656.096       5443.355       1255.457    0.000  -0.056   0.153   0.
  2017 352 13 51 48 492 352.577644589      -3.41      3.35     -0.23  0.       -5656.297       5442.282       1253.707    0.000  -0.056   0.153   0.
  2017 352 13 51 49 492 352.577656163      -3.12      3.25     -0.39  0.       -5656.497       5441.208       1251.957    0.000  -0.056   0.153   0.
  2017 352 13 51 50 492 352.577667737      -2.43      3.31     -0.58  0.       -5656.697       5440.134       1250.207    0.000  -0.056   0.153   0.
  2017 352 13 51 51 492 352.577679311      -1.97      3.39     -0.79  0.       -5656.896       5439.059       1248.457    0.000  -0.056   0.153   0.
  2017 352 13 51 52 492 352.577690885      -1.59      3.07     -1.12  0.       -5657.094       5437.984       1246.707    0.000  -0.056   0.153   0.
  2017 352 13 51 53 492 352.577702460      -1.53      2.86     -1.24  0.       -5657.292       5436.908       1244.957    0.000  -0.056   0.153   0.
  2017 352 13 51 54 492 352.577714034      -1.10      2.56     -1.57  0.       -5657.490       5435.832       1243.207    0.000  -0.056   0.153   0.
  2017 352 13 51 55 492 352.577725607      -0.69      2.38     -1.49  0.       -5657.687       5434.755       1241.456    0.000  -0.056   0.153   0.
  2017 352 13 51 56 492 352.577737179      -0.99      1.91     -1.49  0.       -5657.884       5433.678       1239.706    0.000  -0.056   0.153   0.
  2017 352 13 51 57 492 352.577748753      -1.20      1.46     -1.40  0.       -5658.080       5432.601       1237.955    0.000  -0.056   0.153   0.
  2017 352 13 51 58 492 352.577760327      -1.23      1.26     -1.16  0.       -5658.276       5431.523       1236.204    0.000  -0.056   0.153   0.
  2017 352 13 51 59 492 352.577771901      -1.57      1.21     -1.03  0.       -5658.471       5430.444       1234.453    0.000  -0.056   0.153   0.
  2017 352 13 52  0 492 352.577783475      -1.85      1.21     -1.41  0.       -5658.666       5429.365       1232.703    0.000  -0.056   0.153   0.
  2017 352 13 52  1 492 352.577795049      -2.06      0.99     -2.17  0.       -5658.860       5428.286       1230.951    0.000  -0.056   0.153   0.
  2017 352 13 52  2 492 352.577806623      -2.05      1.00     -2.47  0.       -5659.054       5427.206       1229.200    0.000  -0.056   0.153   0.
  2017 352 13 52  3 492 352.577818197      -1.78      0.98     -2.23  0.       -5659.247       5426.126       1227.449    0.000  -0.056   0.153   0.
  2017 352 13 52  4 492 352.577829771      -1.76      0.82     -2.32  0.       -5659.440       5425.045       1225.698    0.000  -0.056   0.153   0.
  2017 352 13 52  5 492 352.577841345      -2.11      1.01     -2.33  0.       -5659.632       5423.964       1223.946    0.000  -0.056   0.153   0.
  2017 352 13 52  6 492 352.577852920      -2.46      1.35     -2.39  0.       -5659.824       5422.882       1222.195    0.000  -0.056   0.153   0.
  2017 352 13 52  7 492 352.577864494      -2.82      1.49     -2.03  0.       -5660.015       5421.800       1220.443    0.000  -0.056   0.153   0.
  2017 352 13 52  8 492 352.577876068      -2.90      1.50     -1.76  0.       -5660.206       5420.717       1218.691    0.000  -0.056   0.153   0.
  2017 352 13 52  9 492 352.577887642      -2.97      1.30     -1.90  0.       -5660.396       5419.634       1216.939    0.000  -0.056   0.153   0.
  2017 352 13 52 10 492 352.577899216      -2.94      1.36     -1.75  0.       -5660.586       5418.550       1215.187    0.000  -0.056   0.153   0.
  2017 352 13 52 11 492 352.577910790      -2.94      1.67     -1.82  0.       -5660.776       5417.466       1213.435    0.000  -0.056   0.153   0.
  2017 352 13 52 12 492 352.577922364      -2.94      1.76     -1.82  0.       -5660.965       5416.382       1211.683    0.000  -0.056   0.153   0.
  2017 352 13 52 13 492 352.577933938      -2.72      1.56     -1.33  0.       -5661.153       5415.297       1209.931    0.000  -0.056   0.153   0.
  2017 352 13 52 14 492 352.577945512      -2.92      1.48     -1.89  0.       -5661.341       5414.211       1208.178    0.000  -0.056   0.153   0.
  2017 352 13 52 15 492 352.577957086      -3.04      1.77     -1.99  0.       -5661.528       5413.125       1206.426    0.000  -0.056   0.153   0.
  2017 352 13 52 16 492 352.577968660      -3.18      1.55     -2.00  0.       -5661.715       5412.039       1204.673    0.000  -0.056   0.153   0.
  2017 352 13 52 17 492 352.577980234      -3.19      1.58     -2.03  0.       -5661.902       5410.952       1202.920    0.000  -0.056   0.153   0.
  2017 352 13 52 18 492 352.577991808      -2.99      1.75     -1.71  0.       -5662.088       5409.865       1201.167    0.000  -0.056   0.153   0.
  2017 352 13 52 19 492 352.578003383      -2.51      2.10     -2.08  0.       -5662.273       5408.777       1199.414    0.000  -0.056   0.153   0.
  2017 352 13 52 20 492 352.578014957      -1.54      1.87     -2.32  0.       -5662.458       5407.689       1197.661    0.000  -0.056   0.153   0.
  2017 352 13 52 21 492 352.578026531      -0.39      1.29     -2.10  0.       -5662.643       5406.600       1195.908    0.000  -0.056   0.153   0.
  2017 352 13 52 22 492 352.578038105      -0.13      1.07     -2.25  0.       -5662.827       5405.511       1194.155    0.000  -0.056   0.153   0.
  2017 352 13 52 23 492 352.578049679      -0.78      0.70     -2.26  0.       -5663.010       5404.421       1192.402    0.000  -0.056   0.153   0.
  2017 352 13 52 24 492 352.578061253      -1.64      0.24     -1.89  0.       -5663.193       5403.331       1190.648    0.000  -0.056   0.153   0.
  2017 352 13 52 25 491 352.578072827      -2.17      0.20     -2.04  0.       -5663.376       5402.241       1188.895    0.000  -0.056   0.153   0.
  2017 352 13 52 26 491 352.578084398      -2.64      0.20     -1.75  0.       -5663.558       5401.150       1187.141    0.000  -0.056   0.153   0.
  2017 352 13 52 27 491 352.578095972      -3.10      0.19     -1.23  0.       -5663.740       5400.058       1185.387    0.000  -0.056   0.153   0.
  2017 352 13 52 28 491 352.578107546      -3.19     -0.08     -1.12  0.       -5663.921       5398.966       1183.633    0.000  -0.056   0.153   0.
  2017 352 13 52 29 492 352.578119120      -3.10     -0.07     -0.90  0.       -5664.101       5397.874       1181.879    0.000  -0.056   0.153   0.
  2017 352 13 52 30 492 352.578130694      -3.09      0.06     -0.91  0.       -5664.281       5396.781       1180.125    0.000  -0.056   0.153   0.
  2017 352 13 52 31 491 352.578142269      -3.05     -0.02     -1.15  0.       -5664.461       5395.688       1178.371    0.000  -0.056   0.153   0.
  2017 352 13 52 32 491 352.578153843      -2.96     -0.02     -1.37  0.       -5664.640       5394.594       1176.617    0.000  -0.056   0.153   0.
  2017 352 13 52 33 492 352.578165417      -2.95     -0.07     -1.43  0.       -5664.819       5393.499       1174.863    0.000  -0.056   0.153   0.
  2017 352 13 52 34 492 352.578176991      -3.20     -0.00     -1.14  0.       -5664.997       5392.405       1173.108    0.000  -0.056   0.153   0.
  2017 352 13 52 35 492 352.578188565      -3.34      0.17     -1.09  0.       -5665.175       5391.309       1171.353    0.000  -0.056   0.153   0.
  2017 352 13 52 36 492 352.578200139      -3.12      0.19     -0.97  0.       -5665.352       5390.214       1169.599    0.000  -0.056   0.153   0.
  2017 352 13 52 37 492 352.578211713      -3.22      0.42     -0.72  0.       -5665.529       5389.118       1167.844    0.000  -0.056   0.153   0.
  2017 352 13 52 38 491 352.578223287      -3.14      0.66     -0.84  0.       -5665.705       5388.021       1166.089    0.000  -0.056   0.153   0.
  2017 352 13 52 39 491 352.578234861      -2.86      1.09     -0.98  0.       -5665.880       5386.924       1164.334    0.000  -0.056   0.153   0.
  2017 352 13 52 40 491 352.578246435      -2.72      1.93     -1.77  0.       -5666.056       5385.826       1162.579    0.000  -0.056   0.153   0.
  2017 352 13 52 41 491 352.578258009      -2.80      1.93     -1.69  0.       -5666.230       5384.728       1160.824    0.000  -0.056   0.153   0.
  2017 352 13 52 42 491 352.578269583      -2.72      1.63     -1.47  0.       -5666.405       5383.630       1159.069    0.000  -0.056   0.153   0.
  2017 352 13 52 43 492 352.578281157      -2.91      1.31     -1.62  0.       -5666.578       5382.531       1157.313    0.000  -0.056   0.153   0.
  2017 352 13 52 44 492 352.578292731      -3.05      0.91     -1.52  0.       -5666.752       5381.431       1155.558    0.000  -0.056   0.153   0.
  2017 352 13 52 45 491 352.578304306      -3.07      0.78     -1.48  0.       -5666.924       5380.331       1153.802    0.000  -0.056   0.153   0.
  2017 352 13 52 46 491 352.578315880      -3.01      1.00     -1.51  0.       -5667.097       5379.231       1152.047    0.000  -0.056   0.153   0.
  2017 352 13 52 47 492 352.578327454      -2.92      1.28     -1.84  0.       -5667.268       5378.130       1150.291    0.000  -0.056   0.153   0.
  2017 352 13 52 48 492 352.578339028      -2.84      1.49     -2.07  0.       -5667.440       5377.029       1148.535    0.000  -0.056   0.153   0.
  2017 352 13 52 49 492 352.578350602      -2.65      1.69     -1.70  0.       -5667.611       5375.927       1146.779    0.000  -0.056   0.153   0.
  2017 352 13 52 50 492 352.578362176      -2.11      1.73     -1.54  0.       -5667.781       5374.825       1145.023    0.000  -0.056   0.153   0.
  2017 352 13 52 51 491 352.578373750      -1.88      1.88     -1.39  0.       -5667.951       5373.722       1143.267    0.000  -0.056   0.153   0.
  2017 352 13 52 52 491 352.578385324      -1.96      2.28     -1.22  0.       -5668.120       5372.619       1141.510    0.000  -0.056   0.153   0.
  2017 352 13 52 53 491 352.578396898      -2.26      2.70     -1.40  0.       -5668.289       5371.515       1139.754    0.000  -0.056   0.153   0.
  2017 352 13 52 54 491 352.578408472      -2.66      2.58     -1.30  0.       -5668.457       5370.411       1137.997    0.000  -0.056   0.153   0.
  2017 352 13 52 55 491 352.578420046      -3.16      2.38     -1.29  0.       -5668.625       5369.306       1136.241    0.000  -0.056   0.153   0.
  2017 352 13 52 56 491 352.578431617      -3.49      2.16     -1.11  0.       -5668.792       5368.201       1134.484    0.000  -0.056   0.153   0.
  2017 352 13 52 57 491 352.578443192      -3.55      1.84     -1.04  0.       -5668.959       5367.096       1132.727    0.000  -0.056   0.153   0.
  2017 352 13 52 58 491 352.578454766      -3.55      1.44     -1.18  0.       -5669.125       5365.990       1130.971    0.000  -0.056   0.153   0.
  2017 352 13 52 59 491 352.578466340      -3.49      1.18     -1.20  0.       -5669.291       5364.883       1129.214    0.000  -0.056   0.153   0.
  2017 352 13 53  0 491 352.578477914      -3.42      1.08     -1.06  0.       -5669.457       5363.776       1127.457    0.000  -0.056   0.153   0.
  2017 352 13 53  1 491 352.578489488      -3.11      0.82     -1.35  0.       -5669.621       5362.669       1125.699    0.000  -0.056   0.153   0.
  2017 352 13 53  2 491 352.578501062      -2.84      0.74     -1.82  0.       -5669.786       5361.561       1123.942    0.000  -0.056   0.153   0.
  2017 352 13 53  3 491 352.578512636      -2.51      0.95     -1.95  0.       -5669.950       5360.453       1122.185    0.000  -0.056   0.153   0.
  2017 352 13 53  4 491 352.578524210      -2.07      0.31     -2.18  0.       -5670.113       5359.344       1120.427    0.000  -0.056   0.153   0.
  2017 352 13 53  5 491 352.578535784      -1.88     -0.23     -2.21  0.       -5670.276       5358.235       1118.670    0.000  -0.056   0.153   0.
  2017 352 13 53  6 491 352.578547358      -2.04      0.73     -2.22  0.       -5670.438       5357.125       1116.912    0.000  -0.056   0.153   0.
  2017 352 13 53  7 491 352.578558932      -2.14      1.32     -2.33  0.       -5670.600       5356.015       1115.154    0.000  -0.056   0.153   0.
  2017 352 13 53  8 491 352.578570506      -2.23      1.89     -2.30  0.       -5670.761       5354.904       1113.396    0.000  -0.056   0.153   0.
  2017 352 13 53  9 491 352.578582080      -2.57      2.14     -2.22  0.       -5670.922       5353.793       1111.638    0.000  -0.056   0.153   0.
  2017 352 13 53 10 491 352.578593654      -2.67      2.34     -2.21  0.       -5671.083       5352.681       1109.880    0.000  -0.056   0.153   0.
  2017 352 13 53 11 491 352.578605229      -2.78      2.41     -2.22  0.       -5671.243       5351.569       1108.122    0.000  -0.056   0.153   0.
  2017 352 13 53 12 491 352.578616803      -3.28      2.61     -1.83  0.       -5671.402       5350.457       1106.364    0.000  -0.056   0.153   0.
  2017 352 13 53 13 491 352.578628377      -3.53      2.60     -1.65  0.       -5671.561       5349.344       1104.606    0.000  -0.056   0.153   0.
  2017 352 13 53 14 491 352.578639951      -3.61      2.54     -1.73  0.       -5671.719       5348.230       1102.847    0.000  -0.056   0.153   0.
  2017 352 13 53 15 491 352.578651525      -3.75      2.54     -1.49  0.       -5671.877       5347.116       1101.089    0.000  -0.056   0.153   0.
  2017 352 13 53 16 491 352.578663099      -3.69      2.67     -1.24  0.       -5672.035       5346.002       1099.330    0.000  -0.056   0.153   0.
  2017 352 13 53 17 491 352.578674673      -3.73      2.85     -1.12  0.       -5672.191       5344.887       1097.571    0.000  -0.056   0.153   0.
  2017 352 13 53 18 491 352.578686247      -3.79      3.11     -1.00  0.       -5672.348       5343.771       1095.813    0.000  -0.056   0.153   0.
  2017 352 13 53 19 491 352.578697821      -3.79      3.01     -0.99  0.       -5672.504       5342.656       1094.054    0.000  -0.056   0.153   0.
  2017 352 13 53 20 491 352.578709395      -3.97      2.67     -0.76  0.       -5672.659       5341.539       1092.295    0.000  -0.056   0.153   0.
  2017 352 13 53 21 491 352.578720969      -3.79      2.62     -0.81  0.       -5672.814       5340.422       1090.535    0.000  -0.056   0.153   0.
  2017 352 13 53 22 491 352.578732543      -3.82      2.45     -1.20  0.       -5672.969       5339.305       1088.776    0.000  -0.056   0.153   0.
  2017 352 13 53 23 491 352.578744117      -3.94      2.18     -1.14  0.       -5673.122       5338.187       1087.017    0.000  -0.056   0.153   0.
  2017 352 13 53 24 491 352.578755692      -4.08      2.04     -0.84  0.       -5673.276       5337.069       1085.257    0.000  -0.056   0.153   0.
  2017 352 13 53 25 491 352.578767265      -4.29      1.99     -0.61  0.       -5673.429       5335.951       1083.498    0.000  -0.056   0.153   0.
  2017 352 13 53 26 491 352.578778837      -4.61      2.02     -0.86  0.       -5673.581       5334.832       1081.738    0.000  -0.056   0.153   0.
  2017 352 13 53 27 491 352.578790411      -4.60      2.24     -1.08  0.       -5673.733       5333.711       1079.978    0.000  -0.056   0.153   0.
  2017 352 13 53 28 491 352.578801985      -4.43      2.41     -0.99  0.       -5673.885       5332.592       1078.219    0.000  -0.056   0.153   0.
  2017 352 13 53 29 491 352.578813559      -4.14      2.38     -0.98  0.       -5674.035       5331.471       1076.459    0.000  -0.056   0.153   0.
  2017 352 13 53 30 491 352.578825133      -4.06      2.17     -1.01  0.       -5674.186       5330.350       1074.699    0.000  -0.056   0.153   0.
  2017 352 13 53 31 491 352.578836707      -4.20      1.86     -0.88  0.       -5674.336       5329.229       1072.939    0.000  -0.056   0.153   0.
  2017 352 13 53 32 491 352.578848281      -4.66      1.91     -0.84  0.       -5674.485       5328.107       1071.179    0.000  -0.056   0.153   0.
  2017 352 13 53 33 491 352.578859855      -4.98      2.15     -0.53  0.       -5674.634       5326.984       1069.418    0.000  -0.056   0.153   0.
  2017 352 13 53 34 491 352.578871429      -4.56      2.34     -0.16  0.       -5674.782       5325.861       1067.659    0.000  -0.056   0.153   0.
  2017 352 13 53 35 491 352.578883003      -4.23      3.13     -0.40  0.       -5674.930       5324.738       1065.898    0.000  -0.056   0.153   0.
  2017 352 13 53 36 491 352.578894578      -3.65      3.79     -0.68  0.       -5675.078       5323.614       1064.138    0.000  -0.056   0.153   0.
  2017 352 13 53 37 491 352.578906152      -3.37      3.68     -0.63  0.       -5675.225       5322.490       1062.377    0.000  -0.056   0.153   0.
  2017 352 13 53 38 491 352.578917726      -2.48      3.68     -0.20  0.       -5675.371       5321.365       1060.616    0.000  -0.056   0.153   0.
  2017 352 13 53 39 491 352.578929300      -1.79      3.19     -0.09  0.       -5675.517       5320.240       1058.855    0.000  -0.056   0.153   0.
  2017 352 13 53 40 491 352.578940874      -1.15      2.58     -0.89  0.       -5675.662       5319.114       1057.094    0.000  -0.056   0.153   0.
  2017 352 13 53 41 491 352.578952448      -1.27      2.01     -1.49  0.       -5675.807       5317.988       1055.333    0.000  -0.056   0.153   0.
  2017 352 13 53 42 491 352.578964022      -2.17      2.16     -1.42  0.       -5675.951       5316.861       1053.572    0.000  -0.056   0.153   0.
  2017 352 13 53 43 491 352.578975596      -2.69      1.77     -0.96  0.       -5676.095       5315.734       1051.811    0.000  -0.056   0.153   0.
  2017 352 13 53 44 491 352.578987170      -3.05      1.59     -1.01  0.       -5676.239       5314.607       1050.050    0.000  -0.056   0.153   0.
  2017 352 13 53 45 491 352.578998744      -3.26      1.78     -0.67  0.       -5676.382       5313.478       1048.288    0.000  -0.056   0.153   0.
  2017 352 13 53 46 491 352.579010318      -3.04      2.29     -0.33  0.       -5676.524       5312.350       1046.527    0.000  -0.056   0.153   0.
  2017 352 13 53 47 491 352.579021892      -2.40      2.47     -0.55  0.       -5676.666       5311.221       1044.765    0.000  -0.056   0.153   0.
  2017 352 13 53 48 491 352.579033466      -2.30      2.77     -1.04  0.       -5676.807       5310.091       1043.004    0.000  -0.056   0.153   0.
  2017 352 13 53 49 491 352.579045041      -2.08      2.46     -1.70  0.       -5676.948       5308.961       1041.242    0.000  -0.056   0.153   0.
  2017 352 13 53 50 491 352.579056615      -1.81      2.24     -1.88  0.       -5677.089       5307.831       1039.480    0.000  -0.056   0.153   0.
  2017 352 13 53 51 491 352.579068189      -1.33      2.10     -1.85  0.       -5677.228       5306.700       1037.718    0.000  -0.056   0.153   0.
  2017 352 13 53 52 491 352.579079763      -1.24      2.07     -2.16  0.       -5677.368       5305.569       1035.956    0.000  -0.056   0.153   0.
  2017 352 13 53 53 491 352.579091337      -1.33      1.75     -2.39  0.       -5677.507       5304.437       1034.194    0.000  -0.056   0.153   0.
  2017 352 13 53 54 491 352.579102911      -1.61      1.50     -2.48  0.       -5677.645       5303.304       1032.432    0.000  -0.056   0.153   0.
  2017 352 13 53 55 491 352.579114485      -1.82      1.82     -2.46  0.       -5677.783       5302.172       1030.670    0.000  -0.056   0.153   0.
  2017 352 13 53 56 491 352.579126056      -1.92      1.39     -2.72  0.       -5677.920       5301.038       1028.907    0.000  -0.056   0.153   0.
  2017 352 13 53 57 491 352.579137630      -2.28      0.44     -2.44  0.       -5678.057       5299.905       1027.145    0.000  -0.056   0.153   0.
  2017 352 13 53 58 491 352.579149204      -2.43     -0.04     -2.18  0.       -5678.193       5298.770       1025.382    0.000  -0.056   0.153   0.
  2017 352 13 53 59 491 352.579160778      -2.71     -0.35     -1.73  0.       -5678.329       5297.636       1023.619    0.000  -0.056   0.153   0.
  2017 352 13 54  0 491 352.579172352      -2.91     -0.55     -1.32  0.       -5678.464       5296.501       1021.857    0.000  -0.056   0.153   0.
  2017 352 13 54  1 491 352.579183927      -2.75     -0.38     -0.83  0.       -5678.599       5295.365       1020.094    0.000  -0.056   0.153   0.
  2017 352 13 54  2 491 352.579195501      -2.46      0.04     -0.63  0.       -5678.734       5294.229       1018.331    0.000  -0.056   0.153   0.
  2017 352 13 54  3 491 352.579207075      -2.66      0.47     -0.55  0.       -5678.867       5293.092       1016.568    0.000  -0.056   0.153   0.
  2017 352 13 54  4 491 352.579218649      -3.17     -0.09     -0.14  0.       -5679.001       5291.955       1014.805    0.000  -0.056   0.153   0.
  2017 352 13 54  5 491 352.579230223      -3.37     -0.14      0.30  0.       -5679.133       5290.818       1013.042    0.000  -0.056   0.153   0.
  2017 352 13 54  6 491 352.579241797      -3.54      0.31      0.15  0.       -5679.266       5289.680       1011.278    0.000  -0.056   0.153   0.
  2017 352 13 54  7 491 352.579253371      -3.91      0.14      0.16  0.       -5679.397       5288.541       1009.515    0.000  -0.056   0.153   0.
  2017 352 13 54  8 491 352.579264945      -4.24      0.30     -0.03  0.       -5679.529       5287.402       1007.751    0.000  -0.056   0.153   0.
  2017 352 13 54  9 491 352.579276519      -4.33      0.50     -0.18  0.       -5679.659       5286.263       1005.988    0.000  -0.056   0.153   0.
  2017 352 13 54 10 491 352.579288093      -4.56      0.51     -0.11  0.       -5679.790       5285.123       1004.224    0.000  -0.056   0.153   0.
  2017 352 13 54 11 491 352.579299667      -4.79      0.75      0.10  0.       -5679.919       5283.983       1002.460    0.000  -0.056   0.153   0.
  2017 352 13 54 12 491 352.579311241      -4.82      0.95      0.53  0.       -5680.049       5282.842       1000.697    0.000  -0.056   0.153   0.
  2017 352 13 54 13 491 352.579322815      -4.93      1.01      0.72  0.       -5680.177       5281.700        998.933    0.000  -0.056   0.153   0.
  2017 352 13 54 14 491 352.579334389      -5.19      0.86      0.71  0.       -5680.306       5280.559        997.169    0.000  -0.056   0.153   0.
  2017 352 13 54 15 491 352.579345964      -5.41      0.87      0.67  0.       -5680.433       5279.416        995.405    0.000  -0.056   0.153   0.
  2017 352 13 54 16 491 352.579357538      -5.35      1.30      0.51  0.       -5680.560       5278.274        993.640    0.000  -0.056   0.153   0.
  2017 352 13 54 17 491 352.579369112      -5.04      1.68      0.11  0.       -5680.687       5277.130        991.876    0.000  -0.056   0.153   0.
  2017 352 13 54 18 491 352.579380686      -4.84      1.67     -0.07  0.       -5680.813       5275.987        990.112    0.000  -0.056   0.153   0.
  2017 352 13 54 19 491 352.579392260      -4.90      1.76     -0.21  0.       -5680.939       5274.843        988.347    0.000  -0.056   0.153   0.
  2017 352 13 54 20 491 352.579403834      -4.70      1.88     -0.41  0.       -5681.064       5273.698        986.583    0.000  -0.056   0.153   0.
  2017 352 13 54 21 491 352.579415408      -4.75      1.81     -0.53  0.       -5681.189       5272.553        984.818    0.000  -0.056   0.153   0.
  2017 352 13 54 22 491 352.579426982      -4.60      1.69     -0.74  0.       -5681.313       5271.407        983.053    0.000  -0.056   0.153   0.
  2017 352 13 54 23 491 352.579438556      -4.36      1.51     -0.85  0.       -5681.436       5270.261        981.289    0.000  -0.056   0.153   0.
  2017 352 13 54 24 491 352.579450130      -4.22      1.38     -0.85  0.       -5681.560       5269.115        979.524    0.000  -0.056   0.153   0.
  2017 352 13 54 25 491 352.579461704      -4.30      1.43     -0.85  0.       -5681.682       5267.968        977.759    0.000  -0.056   0.153   0.
  2017 352 13 54 26 491 352.579473278      -4.50      1.39     -0.97  0.       -5681.804       5266.820        975.994    0.000  -0.056   0.153   0.
  2017 352 13 54 27 490 352.579484852      -4.64      1.32     -1.04  0.       -5681.926       5265.672        974.228    0.000  -0.056   0.153   0.
  2017 352 13 54 28 490 352.579496424      -4.59      1.25     -1.15  0.       -5682.047       5264.524        972.463    0.000  -0.056   0.153   0.
  2017 352 13 54 29 491 352.579507998      -4.54      1.05     -1.15  0.       -5682.167       5263.375        970.698    0.000  -0.056   0.153   0.
  2017 352 13 54 30 491 352.579519572      -4.52      0.83     -0.99  0.       -5682.287       5262.226        968.932    0.000  -0.056   0.153   0.
  2017 352 13 54 31 491 352.579531146      -4.41      0.51     -0.61  0.       -5682.407       5261.076        967.167    0.000  -0.056   0.153   0.
  2017 352 13 54 32 491 352.579542720      -4.58      0.54     -0.46  0.       -5682.526       5259.926        965.401    0.000  -0.056   0.153   0.
  2017 352 13 54 33 491 352.579554294      -4.45      0.73     -0.10  0.       -5682.645       5258.775        963.636    0.000  -0.056   0.153   0.
  2017 352 13 54 34 490 352.579565868      -4.91      0.66      0.01  0.       -5682.762       5257.624        961.870    0.000  -0.056   0.153   0.
  2017 352 13 54 35 490 352.579577442      -4.79      0.88      0.29  0.       -5682.880       5256.472        960.104    0.000  -0.056   0.153   0.
  2017 352 13 54 36 490 352.579589016      -4.85      1.18      0.36  0.       -5682.997       5255.320        958.338    0.000  -0.056   0.153   0.
  2017 352 13 54 37 490 352.579600590      -5.04      1.08      0.35  0.       -5683.113       5254.167        956.572    0.000  -0.056   0.153   0.
  2017 352 13 54 38 491 352.579612164      -5.06      1.02      0.36  0.       -5683.229       5253.014        954.806    0.000  -0.056   0.153   0.
  2017 352 13 54 39 491 352.579623738      -5.05      1.24      0.22  0.       -5683.345       5251.860        953.040    0.000  -0.056   0.153   0.
  2017 352 13 54 40 490 352.579635313      -4.67      1.55     -0.16  0.       -5683.460       5250.706        951.273    0.000  -0.056   0.153   0.
  2017 352 13 54 41 490 352.579646887      -4.18      1.73     -0.56  0.       -5683.574       5249.551        949.507    0.000  -0.056   0.153   0.
  2017 352 13 54 42 491 352.579658461      -3.77      1.83     -0.75  0.       -5683.688       5248.396        947.740    0.000  -0.056   0.153   0.
  2017 352 13 54 43 491 352.579670035      -3.36      1.71     -0.86  0.       -5683.801       5247.241        945.974    0.000  -0.056   0.153   0.
  2017 352 13 54 44 491 352.579681609      -3.45      1.65     -0.79  0.       -5683.914       5246.085        944.207    0.000  -0.056   0.153   0.
  2017 352 13 54 45 491 352.579693183      -3.50      1.52     -0.80  0.       -5684.026       5244.928        942.441    0.000  -0.056   0.153   0.
  2017 352 13 54 46 491 352.579704757      -3.65      1.10     -0.80  0.       -5684.138       5243.771        940.674    0.000  -0.056   0.153   0.
  2017 352 13 54 47 490 352.579716331      -3.98      0.92     -0.79  0.       -5684.250       5242.614        938.907    0.000  -0.056   0.153   0.
  2017 352 13 54 48 490 352.579727905      -4.03      0.87     -0.66  0.       -5684.360       5241.456        937.140    0.000  -0.056   0.153   0.
  2017 352 13 54 49 490 352.579739479      -4.03      1.09     -0.67  0.       -5684.471       5240.298        935.373    0.000  -0.056   0.153   0.
  2017 352 13 54 50 490 352.579751053      -4.13      1.26     -0.59  0.       -5684.581       5239.139        933.606    0.000  -0.056   0.153   0.
  2017 352 13 54 51 490 352.579762627      -4.14      1.15     -0.55  0.       -5684.690       5237.980        931.838    0.000  -0.056   0.153   0.
  2017 352 13 54 52 491 352.579774201      -4.06      1.02     -0.50  0.       -5684.799       5236.820        930.071    0.000  -0.056   0.153   0.
  2017 352 13 54 53 491 352.579785775      -3.97      0.96     -0.35  0.       -5684.907       5235.659        928.304    0.000  -0.056   0.153   0.
  2017 352 13 54 54 490 352.579797350      -4.05      0.89     -0.17  0.       -5685.014       5234.499        926.536    0.000  -0.056   0.153   0.
  2017 352 13 54 55 490 352.579808924      -4.16      0.85      0.17  0.       -5685.122       5233.337        924.769    0.000  -0.056   0.153   0.
  2017 352 13 54 56 491 352.579820498      -4.29      0.97      0.46  0.       -5685.228       5232.176        923.001    0.000  -0.056   0.153   0.
  2017 352 13 54 57 491 352.579832072      -4.09      1.20      0.44  0.       -5685.334       5231.014        921.233    0.000  -0.056   0.153   0.
  2017 352 13 54 58 490 352.579843643      -4.07      1.19      0.28  0.       -5685.440       5229.851        919.466    0.000  -0.056   0.153   0.
  2017 352 13 54 59 490 352.579855217      -4.07      1.85     -0.31  0.       -5685.545       5228.688        917.698    0.000  -0.056   0.153   0.
  2017 352 13 55  0 490 352.579866791      -3.92      1.73     -0.68  0.       -5685.650       5227.524        915.930    0.000  -0.056   0.153   0.
  2017 352 13 55  1 490 352.579878365      -4.00      1.21     -0.26  0.       -5685.754       5226.360        914.162    0.000  -0.056   0.153   0.
  2017 352 13 55  2 490 352.579889939      -3.82      1.28     -0.33  0.       -5685.857       5225.196        912.393    0.000  -0.056   0.153   0.
  2017 352 13 55  3 490 352.579901513      -3.97      1.22     -0.27  0.       -5685.961       5224.030        910.625    0.000  -0.056   0.153   0.
  2017 352 13 55  4 490 352.579913087      -4.03      1.20     -0.22  0.       -5686.063       5222.865        908.857    0.000  -0.056   0.153   0.
  2017 352 13 55  5 490 352.579924661      -4.23      0.95      0.20  0.       -5686.165       5221.699        907.088    0.000  -0.056   0.153   0.
  2017 352 13 55  6 490 352.579936236      -4.34      0.82      0.44  0.       -5686.266       5220.533        905.320    0.000  -0.056   0.153   0.
  2017 352 13 55  7 490 352.579947810      -4.21      0.77      0.64  0.       -5686.368       5219.366        903.551    0.000  -0.056   0.153   0.
  2017 352 13 55  8 490 352.579959384      -3.90      1.01      0.59  0.       -5686.468       5218.198        901.783    0.000  -0.056   0.153   0.
  2017 352 13 55  9 490 352.579970958      -3.94      1.06      0.69  0.       -5686.568       5217.030        900.014    0.000  -0.056   0.153   0.
  2017 352 13 55 10 490 352.579982532      -3.95      1.26      0.34  0.       -5686.667       5215.862        898.245    0.000  -0.056   0.153   0.
  2017 352 13 55 11 490 352.579994106      -3.49      1.26     -0.05  0.       -5686.766       5214.693        896.476    0.000  -0.056   0.153   0.
  2017 352 13 55 12 490 352.580005680      -3.24      1.24     -0.42  0.       -5686.865       5213.524        894.707    0.000  -0.056   0.153   0.
  2017 352 13 55 13 490 352.580017254      -3.19      0.96     -0.60  0.       -5686.962       5212.354        892.938    0.000  -0.056   0.153   0.
  2017 352 13 55 14 490 352.580028828      -2.90      0.65     -0.64  0.       -5687.060       5211.184        891.169    0.000  -0.056   0.153   0.
  2017 352 13 55 15 490 352.580040402      -2.81      0.79     -0.72  0.       -5687.157       5210.013        889.400    0.000  -0.056   0.153   0.
  2017 352 13 55 16 490 352.580051976      -2.57      0.77     -0.88  0.       -5687.253       5208.842        887.631    0.000  -0.056   0.153   0.
  2017 352 13 55 17 490 352.580063550      -2.50      0.55     -1.23  0.       -5687.349       5207.670        885.861    0.000  -0.056   0.153   0.
  2017 352 13 55 18 490 352.580075124      -2.66      0.75     -1.29  0.       -5687.444       5206.498        884.092    0.000  -0.056   0.153   0.
  2017 352 13 55 19 490 352.580086698      -2.66      0.83     -1.31  0.       -5687.539       5205.325        882.322    0.000  -0.056   0.153   0.
  2017 352 13 55 20 490 352.580098273      -2.95      0.52     -1.37  0.       -5687.633       5204.152        880.553    0.000  -0.055   0.152   0.
  2017 352 13 55 21 490 352.580109847      -2.90      0.10     -0.96  0.       -5687.727       5202.978        878.783    0.000  -0.055   0.152   0.
  2017 352 13 55 22 490 352.580121421      -2.33      1.22     -1.49  0.       -5687.820       5201.804        877.013    0.000  -0.056   0.153   0.
  2017 352 13 55 23 490 352.580132995      -2.05      2.20     -1.67  0.       -5687.912       5200.630        875.243    0.000  -0.056   0.153   0.
  2017 352 13 55 24 490 352.580144569      -2.20      2.50     -1.61  0.       -5688.004       5199.455        873.473    0.000  -0.056   0.153   0.
  2017 352 13 55 25 490 352.580156143      -2.05      2.57     -1.68  0.       -5688.096       5198.279        871.703    0.000  -0.056   0.153   0.
  2017 352 13 55 26 490 352.580167717      -1.95      2.60     -1.70  0.       -5688.187       5197.103        869.933    0.000  -0.056   0.153   0.
  2017 352 13 55 27 490 352.580179291      -1.66      2.56     -1.72  0.       -5688.278       5195.927        868.163    0.000  -0.056   0.153   0.
  2017 352 13 55 28 490 352.580190862      -1.95      2.97     -1.69  0.       -5688.368       5194.750        866.393    0.000  -0.056   0.153   0.
  2017 352 13 55 29 490 352.580202436      -1.93      2.72     -1.82  0.       -5688.457       5193.572        864.622    0.000  -0.056   0.153   0.
  2017 352 13 55 30 490 352.580214010      -1.92      2.60     -1.71  0.       -5688.546       5192.394        862.852    0.000  -0.056   0.153   0.
  2017 352 13 55 31 490 352.580225584      -2.10      2.29     -1.55  0.       -5688.635       5191.216        861.081    0.000  -0.056   0.153   0.
  2017 352 13 55 32 490 352.580237159      -2.04      2.24     -1.32  0.       -5688.723       5190.037        859.311    0.000  -0.056   0.153   0.
  2017 352 13 55 33 490 352.580248733      -2.13      2.07     -1.43  0.       -5688.810       5188.858        857.540    0.000  -0.056   0.153   0.
  2017 352 13 55 34 490 352.580260307      -2.13      1.95     -1.48  0.       -5688.897       5187.678        855.770    0.000  -0.056   0.153   0.
  2017 352 13 55 35 490 352.580271881      -2.13      2.05     -1.68  0.       -5688.983       5186.497        853.999    0.000  -0.056   0.153   0.
  2017 352 13 55 36 490 352.580283455      -2.10      2.18     -1.80  0.       -5689.069       5185.317        852.228    0.000  -0.056   0.153   0.
  2017 352 13 55 37 490 352.580295029      -2.74      2.04     -2.07  0.       -5689.154       5184.135        850.457    0.000  -0.056   0.153   0.
  2017 352 13 55 38 490 352.580306603      -3.42      1.61     -1.98  0.       -5689.239       5182.954        848.686    0.000  -0.056   0.153   0.
  2017 352 13 55 39 490 352.580318177      -3.65      1.42     -1.59  0.       -5689.323       5181.771        846.915    0.000  -0.056   0.153   0.
  2017 352 13 55 40 490 352.580329751      -4.05      1.36     -1.31  0.       -5689.407       5180.589        845.143    0.000  -0.056   0.153   0.
  2017 352 13 55 41 490 352.580341325      -4.08      1.16     -1.04  0.       -5689.490       5179.405        843.372    0.000  -0.056   0.153   0.
  2017 352 13 55 42 490 352.580352899      -4.25      1.10     -0.75  0.       -5689.573       5178.222        841.601    0.000  -0.056   0.153   0.
  2017 352 13 55 43 490 352.580364473      -4.41      1.28     -0.50  0.       -5689.655       5177.038        839.829    0.000  -0.056   0.153   0.
  2017 352 13 55 44 490 352.580376048      -4.17      1.20     -0.40  0.       -5689.737       5175.853        838.058    0.000  -0.056   0.153   0.
  2017 352 13 55 45 490 352.580387621      -3.93      1.54     -0.47  0.       -5689.818       5174.668        836.286    0.000  -0.056   0.153   0.
  2017 352 13 55 46 490 352.580399196      -3.32      1.76     -0.56  0.       -5689.899       5173.482        834.515    0.000  -0.056   0.153   0.
  2017 352 13 55 47 490 352.580410770      -3.21      1.78     -0.77  0.       -5689.979       5172.296        832.743    0.000  -0.056   0.153   0.
  2017 352 13 55 48 490 352.580422344      -3.45      1.75     -1.18  0.       -5690.058       5171.110        830.971    0.000  -0.056   0.153   0.
  2017 352 13 55 49 490 352.580433918      -3.66      1.41     -1.49  0.       -5690.137       5169.923        829.199    0.000  -0.056   0.153   0.
  2017 352 13 55 50 490 352.580445492      -3.82      1.24     -1.58  0.       -5690.216       5168.735        827.427    0.000  -0.056   0.153   0.
  2017 352 13 55 51 490 352.580457066      -3.82      0.80     -0.96  0.       -5690.294       5167.547        825.655    0.000  -0.056   0.153   0.
  2017 352 13 55 52 490 352.580468640      -3.90      0.63     -0.72  0.       -5690.371       5166.359        823.883    0.000  -0.056   0.153   0.
  2017 352 13 55 53 490 352.580480214      -4.02      0.60     -0.70  0.       -5690.448       5165.170        822.111    0.000  -0.056   0.153   0.
  2017 352 13 55 54 490 352.580491788      -3.98      0.67     -0.86  0.       -5690.524       5163.981        820.338    0.000  -0.056   0.153   0.
  2017 352 13 55 55 490 352.580503362      -3.86      0.71     -0.90  0.       -5690.600       5162.791        818.566    0.000  -0.056   0.153   0.
  2017 352 13 55 56 490 352.580514936      -3.96      0.72     -0.84  0.       -5690.676       5161.600        816.794    0.000  -0.056   0.153   0.
  2017 352 13 55 57 490 352.580526510      -4.01      0.72     -0.84  0.       -5690.750       5160.410        815.021    0.000  -0.056   0.153   0.
  2017 352 13 55 58 490 352.580538082      -4.07      0.67     -0.73  0.       -5690.825       5159.218        813.249    0.000  -0.056   0.153   0.
  2017 352 13 55 59 490 352.580549656      -3.96      0.75     -0.74  0.       -5690.898       5158.026        811.476    0.000  -0.056   0.153   0.
  2017 352 13 56  0 490 352.580561230      -3.84      0.54     -0.84  0.       -5690.972       5156.834        809.703    0.000  -0.056   0.153   0.
  2017 352 13 56  1 490 352.580572804      -3.64      0.35     -0.74  0.       -5691.044       5155.641        807.930    0.000  -0.056   0.153   0.
  2017 352 13 56  2 490 352.580584378      -3.79      0.31     -0.70  0.       -5691.116       5154.448        806.157    0.000  -0.056   0.153   0.
  2017 352 13 56  3 490 352.580595952      -4.06      0.43     -0.31  0.       -5691.188       5153.254        804.385    0.000  -0.056   0.153   0.
  2017 352 13 56  4 490 352.580607526      -4.37      0.36     -0.21  0.       -5691.259       5152.060        802.611    0.000  -0.056   0.153   0.
  2017 352 13 56  5 490 352.580619100      -4.34      0.45     -0.02  0.       -5691.330       5150.865        800.838    0.000  -0.056   0.153   0.
  2017 352 13 56  6 490 352.580630674      -4.31      0.61      0.25  0.       -5691.400       5149.670        799.065    0.000  -0.056   0.153   0.
  2017 352 13 56  7 490 352.580642248      -4.15      0.55      0.31  0.       -5691.469       5148.475        797.292    0.000  -0.056   0.153   0.
  2017 352 13 56  8 490 352.580653822      -4.39      0.49      0.29  0.       -5691.538       5147.279        795.519    0.000  -0.056   0.153   0.
  2017 352 13 56  9 490 352.580665396      -4.05      0.62      0.09  0.       -5691.607       5146.082        793.745    0.000  -0.056   0.153   0.
  2017 352 13 56 10 490 352.580676971      -3.68      0.65     -0.20  0.       -5691.674       5144.885        791.972    0.000  -0.056   0.153   0.
  2017 352 13 56 11 490 352.580688545      -3.36      0.48     -0.20  0.       -5691.742       5143.687        790.198    0.000  -0.056   0.153   0.
  2017 352 13 56 12 490 352.580700119      -3.06      0.66     -0.05  0.       -5691.809       5142.489        788.425    0.000  -0.056   0.153   0.
  2017 352 13 56 13 490 352.580711693      -2.82      0.54     -0.08  0.       -5691.875       5141.291        786.651    0.000  -0.056   0.153   0.
  2017 352 13 56 14 490 352.580723267      -2.60      0.44     -0.12  0.       -5691.941       5140.092        784.877    0.000  -0.056   0.153   0.
  2017 352 13 56 15 490 352.580734841      -2.47      0.48      0.01  0.       -5692.006       5138.892        783.103    0.000  -0.056   0.153   0.
  2017 352 13 56 16 490 352.580746415      -2.50      0.58      0.12  0.       -5692.071       5137.692        781.329    0.000  -0.056   0.153   0.
  2017 352 13 56 17 490 352.580757989      -2.53      0.56      0.24  0.       -5692.135       5136.492        779.555    0.000  -0.056   0.153   0.
  2017 352 13 56 18 490 352.580769563      -3.05      0.33      0.42  0.       -5692.199       5135.291        777.781    0.000  -0.056   0.153   0.
  2017 352 13 56 19 490 352.580781137      -3.30      0.47      0.59  0.       -5692.262       5134.089        776.007    0.000  -0.056   0.153   0.
  2017 352 13 56 20 490 352.580792711      -3.28      0.33      0.73  0.       -5692.324       5132.888        774.233    0.000  -0.056   0.153   0.
  2017 352 13 56 21 490 352.580804285      -3.33      0.53      0.52  0.       -5692.386       5131.685        772.459    0.000  -0.056   0.153   0.
  2017 352 13 56 22 490 352.580815859      -3.53      0.96      0.17  0.       -5692.448       5130.482        770.684    0.000  -0.055   0.152   0.
  2017 352 13 56 23 490 352.580827433      -3.34      1.28      0.19  0.       -5692.509       5129.279        768.910    0.000  -0.055   0.152   0.
  2017 352 13 56 24 490 352.580839008      -2.71      1.48     -0.21  0.       -5692.569       5128.075        767.135    0.000  -0.056   0.153   0.
  2017 352 13 56 25 490 352.580850582      -2.67      1.10     -0.63  0.       -5692.629       5126.871        765.361    0.000  -0.056   0.153   0.
  2017 352 13 56 26 490 352.580862156      -2.53      1.19     -0.79  0.       -5692.688       5125.666        763.586    0.000  -0.056   0.153   0.
  2017 352 13 56 27 490 352.580873729      -2.20      1.13     -0.99  0.       -5692.747       5124.461        761.811    0.000  -0.056   0.153   0.
  2017 352 13 56 28 490 352.580885301      -1.98      1.03     -1.07  0.       -5692.806       5123.255        760.037    0.000  -0.056   0.153   0.
  2017 352 13 56 29 490 352.580896875      -2.38      1.40     -1.71  0.       -5692.863       5122.049        758.262    0.000  -0.056   0.153   0.
  2017 352 13 56 30 489 352.580908449      -2.96      1.94     -1.58  0.       -5692.921       5120.842        756.487    0.000  -0.056   0.153   0.
  2017 352 13 56 31 489 352.580920023      -3.00      1.96     -1.52  0.       -5692.977       5119.635        754.712    0.000  -0.056   0.153   0.
  2017 352 13 56 32 489 352.580931597      -3.04      1.66     -1.29  0.       -5693.033       5118.427        752.937    0.000  -0.056   0.153   0.
  2017 352 13 56 33 489 352.580943171      -2.91      0.80     -1.22  0.       -5693.089       5117.219        751.161    0.000  -0.056   0.153   0.
  2017 352 13 56 34 490 352.580954745      -2.67     -0.23     -0.19  0.       -5693.144       5116.011        749.386    0.000  -0.056   0.153   0.
  2017 352 13 56 35 490 352.580966319      -2.17     -0.36      0.96  0.       -5693.199       5114.801        747.611    0.000  -0.056   0.153   0.
  2017 352 13 56 36 489 352.580977894      -1.89     -0.28      1.49  0.       -5693.253       5113.592        745.836    0.000  -0.056   0.153   0.
  2017 352 13 56 37 489 352.580989468      -1.49      0.27      1.66  0.       -5693.306       5112.382        744.060    0.000  -0.056   0.153   0.
  2017 352 13 56 38 490 352.581001042      -0.95      0.60      0.90  0.       -5693.359       5111.171        742.285    0.000  -0.056   0.153   0.
  2017 352 13 56 39 490 352.581012616      -0.48      0.35      0.61  0.       -5693.412       5109.960        740.509    0.000  -0.056   0.153   0.
  2017 352 13 56 40 490 352.581024190      -0.61     -0.23     -0.61  0.       -5693.463       5108.749        738.733    0.000  -0.056   0.153   0.
  2017 352 13 56 41 490 352.581035764       0.19      0.89     -0.83  0.       -5693.515       5107.537        736.958    0.000  -0.056   0.153   0.
  2017 352 13 56 42 490 352.581047338       0.76      0.75     -1.50  0.       -5693.566       5106.324        735.182    0.000  -0.056   0.153   0.
  2017 352 13 56 43 489 352.581058912       1.01      0.45     -2.65  0.       -5693.616       5105.111        733.406    0.000  -0.056   0.153   0.
  2017 352 13 56 44 489 352.581070486       0.86      1.16     -2.26  0.       -5693.666       5103.898        731.630    0.000  -0.056   0.153   0.
  2017 352 13 56 45 489 352.581082060      -0.07      0.80     -2.00  0.       -5693.715       5102.684        729.854    0.000  -0.056   0.153   0.
  2017 352 13 56 46 489 352.581093634      -0.81      0.68     -1.24  0.       -5693.763       5101.469        728.078    0.000  -0.056   0.153   0.
  2017 352 13 56 47 489 352.581105208      -1.80      0.78     -1.35  0.       -5693.811       5100.255        726.302    0.000  -0.056   0.153   0.
  2017 352 13 56 48 490 352.581116782      -1.49      0.33     -2.18  0.       -5693.859       5099.039        724.526    0.000  -0.056   0.153   0.
  2017 352 13 56 49 490 352.581128357      -0.45     -0.01     -1.32  0.       -5693.906       5097.823        722.750    0.000  -0.056   0.153   0.
  2017 352 13 56 50 489 352.581139931      -0.71      0.31     -0.97  0.       -5693.953       5096.607        720.973    0.000  -0.056   0.153   0.
  2017 352 13 56 51 489 352.581151505      -2.03      0.74     -1.68  0.       -5693.999       5095.390        719.197    0.000  -0.056   0.153   0.
  2017 352 13 56 52 490 352.581163079      -2.44      0.11     -1.80  0.       -5694.044       5094.173        717.421    0.000  -0.056   0.153   0.
  2017 352 13 56 53 490 352.581174653      -2.23     -0.66     -0.75  0.       -5694.089       5092.955        715.644    0.000  -0.056   0.153   0.
  2017 352 13 56 54 490 352.581186227      -1.47      0.28      0.85  0.       -5694.133       5091.737        713.867    0.000  -0.056   0.153   0.
  2017 352 13 56 55 490 352.581197801      -1.06      0.69      0.97  0.       -5694.177       5090.518        712.091    0.000  -0.056   0.153   0.
  2017 352 13 56 56 490 352.581209375      -1.51      1.29      0.05  0.       -5694.220       5089.299        710.314    0.000  -0.056   0.153   0.
  2017 352 13 56 57 489 352.581220949      -0.22      0.92     -0.62  0.       -5694.263       5088.079        708.537    0.000  -0.056   0.153   0.
  2017 352 13 56 58 489 352.581232520      -0.08      0.53     -0.30  0.       -5694.305       5086.859        706.760    0.000  -0.056   0.153   0.
  2017 352 13 56 59 489 352.581244094      -0.03      1.09     -0.43  0.       -5694.347       5085.638        704.983    0.000  -0.056   0.153   0.
  2017 352 13 57  0 489 352.581255668       0.79      1.55     -0.60  0.       -5694.388       5084.417        703.207    0.000  -0.056   0.153   0.
  2017 352 13 57  1 489 352.581267242       0.45      1.26     -0.86  0.       -5694.428       5083.195        701.429    0.000  -0.056   0.153   0.
  2017 352 13 57  2 489 352.581278817       0.20      0.84     -0.89  0.       -5694.468       5081.973        699.652    0.000  -0.056   0.153   0.
  2017 352 13 57  3 489 352.581290391       0.41      0.69     -0.98  0.       -5694.508       5080.750        697.875    0.000  -0.056   0.153   0.
  2017 352 13 57  4 489 352.581301965       0.53      0.96     -1.11  0.       -5694.547       5079.527        696.098    0.000  -0.056   0.153   0.
  2017 352 13 57  5 489 352.581313539       0.35      1.21     -1.08  0.       -5694.585       5078.304        694.321    0.000  -0.056   0.153   0.
  2017 352 13 57  6 489 352.581325113       0.04      1.35     -1.07  0.       -5694.623       5077.080        692.543    0.000  -0.056   0.153   0.
  2017 352 13 57  7 489 352.581336687      -0.30      1.41     -1.27  0.       -5694.660       5075.855        690.766    0.000  -0.056   0.153   0.
  2017 352 13 57  8 489 352.581348261      -0.38      1.68     -1.37  0.       -5694.697       5074.630        688.988    0.000  -0.056   0.153   0.
  2017 352 13 57  9 489 352.581359835      -0.23      2.01     -1.52  0.       -5694.733       5073.404        687.211    0.000  -0.056   0.153   0.
  2017 352 13 57 10 489 352.581371409      -0.39      2.10     -1.34  0.       -5694.769       5072.178        685.433    0.000  -0.056   0.153   0.
  2017 352 13 57 11 489 352.581382983      -0.71      1.99     -1.11  0.       -5694.804       5070.952        683.655    0.000  -0.056   0.153   0.
  2017 352 13 57 12 489 352.581394557      -0.90      1.46     -0.66  0.       -5694.839       5069.725        681.877    0.000  -0.056   0.153   0.
  2017 352 13 57 13 489 352.581406131      -1.18      0.90     -0.30  0.       -5694.873       5068.497        680.100    0.000  -0.056   0.153   0.
  2017 352 13 57 14 489 352.581417705      -1.43      0.34     -0.01  0.       -5694.906       5067.270        678.322    0.000  -0.056   0.153   0.
  2017 352 13 57 15 489 352.581429279      -1.10      0.37     -0.02  0.       -5694.939       5066.041        676.544    0.000  -0.056   0.153   0.
  2017 352 13 57 16 489 352.581440854      -0.75      0.72     -0.18  0.       -5694.971       5064.812        674.766    0.000  -0.056   0.153   0.
  2017 352 13 57 17 489 352.581452428      -0.62      0.74     -0.24  0.       -5695.004       5063.583        672.987    0.000  -0.056   0.153   0.
  2017 352 13 57 18 489 352.581464002      -0.64      0.98     -0.34  0.       -5695.035       5062.353        671.209    0.000  -0.056   0.153   0.
  2017 352 13 57 19 489 352.581475576      -0.72      1.15     -0.29  0.       -5695.065       5061.123        669.431    0.000  -0.056   0.153   0.
  2017 352 13 57 20 489 352.581487150      -0.77      1.24     -0.25  0.       -5695.096       5059.892        667.653    0.000  -0.056   0.153   0.
  2017 352 13 57 21 489 352.581498724      -0.60      1.07     -0.26  0.       -5695.125       5058.660        665.874    0.000  -0.056   0.153   0.
  2017 352 13 57 22 489 352.581510298      -0.72      1.01     -0.08  0.       -5695.154       5057.428        664.096    0.000  -0.056   0.153   0.
  2017 352 13 57 23 489 352.581521872      -0.97      0.96      0.02  0.       -5695.183       5056.196        662.318    0.000  -0.056   0.153   0.
  2017 352 13 57 24 489 352.581533446      -1.61      0.84      0.00  0.       -5695.211       5054.963        660.539    0.000  -0.056   0.153   0.
  2017 352 13 57 25 489 352.581545020      -2.11      1.05     -0.10  0.       -5695.239       5053.730        658.760    0.000  -0.056   0.153   0.
  2017 352 13 57 26 489 352.581556594      -2.05      0.92      0.04  0.       -5695.265       5052.496        656.982    0.000  -0.056   0.153   0.
  2017 352 13 57 27 489 352.581568168      -2.10      0.95      0.04  0.       -5695.292       5051.262        655.203    0.000  -0.056   0.153   0.
  2017 352 13 57 28 489 352.581579742      -2.36      1.16      0.09  0.       -5695.318       5050.027        653.424    0.000  -0.056   0.153   0.
  2017 352 13 57 29 489 352.581591316      -2.76      1.07      0.16  0.       -5695.343       5048.792        651.645    0.000  -0.056   0.153   0.
  2017 352 13 57 30 489 352.581602888      -3.11      1.07      0.31  0.       -5695.368       5047.556        649.866    0.000  -0.056   0.153   0.
  2017 352 13 57 31 489 352.581614462      -3.65      0.88      0.21  0.       -5695.392       5046.320        648.087    0.000  -0.056   0.153   0.
  2017 352 13 57 32 489 352.581626036      -3.78      0.90      0.43  0.       -5695.416       5045.083        646.308    0.000  -0.056   0.153   0.
  2017 352 13 57 33 489 352.581637610      -3.83      0.79      0.41  0.       -5695.439       5043.846        644.529    0.000  -0.056   0.153   0.
  2017 352 13 57 34 489 352.581649184      -3.85      0.72      0.37  0.       -5695.461       5042.609        642.750    0.000  -0.056   0.153   0.
  2017 352 13 57 35 489 352.581660758      -3.80      0.56      0.43  0.       -5695.483       5041.371        640.971    0.000  -0.056   0.153   0.
  2017 352 13 57 36 489 352.581672332      -3.85      0.52      0.50  0.       -5695.505       5040.132        639.191    0.000  -0.056   0.153   0.
  2017 352 13 57 37 489 352.581683906      -3.86      0.51      0.40  0.       -5695.526       5038.893        637.412    0.000  -0.056   0.153   0.
  2017 352 13 57 38 489 352.581695480      -3.68      0.42      0.33  0.       -5695.546       5037.653        635.633    0.000  -0.056   0.153   0.
  2017 352 13 57 39 489 352.581707054      -3.39      0.43      0.55  0.       -5695.566       5036.413        633.853    0.000  -0.056   0.153   0.
  2017 352 13 57 40 489 352.581718629      -3.24      0.34      0.58  0.       -5695.585       5035.173        632.074    0.000  -0.056   0.153   0.
  2017 352 13 57 41 489 352.581730203      -3.11      0.19      0.58  0.       -5695.604       5033.931        630.294    0.000  -0.056   0.153   0.
  2017 352 13 57 42 489 352.581741777      -2.77      0.02      0.91  0.       -5695.622       5032.690        628.514    0.000  -0.056   0.153   0.
  2017 352 13 57 43 489 352.581753351      -2.37     -0.00      1.08  0.       -5695.640       5031.448        626.735    0.000  -0.056   0.153   0.
  2017 352 13 57 44 489 352.581764925      -2.18      0.07      1.15  0.       -5695.657       5030.205        624.955    0.000  -0.056   0.153   0.
  2017 352 13 57 45 489 352.581776499      -1.87      0.12      1.19  0.       -5695.674       5028.962        623.175    0.000  -0.056   0.153   0.
  2017 352 13 57 46 489 352.581788073      -1.61      0.41      1.09  0.       -5695.689       5027.719        621.395    0.000  -0.056   0.153   0.
  2017 352 13 57 47 489 352.581799647      -1.14      0.60      0.98  0.       -5695.705       5026.475        619.615    0.000  -0.056   0.153   0.
  2017 352 13 57 48 489 352.581811221      -0.76      0.70      0.58  0.       -5695.720       5025.231        617.835    0.000  -0.056   0.153   0.
  2017 352 13 57 49 489 352.581822795      -0.54      0.70      0.27  0.       -5695.734       5023.986        616.055    0.000  -0.056   0.153   0.
  2017 352 13 57 50 489 352.581834369      -0.01      0.94     -0.04  0.       -5695.748       5022.740        614.275    0.000  -0.056   0.153   0.
  2017 352 13 57 51 489 352.581845943       0.52      1.24     -0.25  0.       -5695.761       5021.494        612.495    0.000  -0.056   0.153   0.
  2017 352 13 57 52 489 352.581857517       0.97      1.50     -0.51  0.       -5695.774       5020.248        610.714    0.000  -0.056   0.153   0.
  2017 352 13 57 53 489 352.581869091       1.25      1.85     -0.72  0.       -5695.786       5019.001        608.934    0.000  -0.056   0.153   0.
  2017 352 13 57 54 489 352.581880665       1.21      1.94     -0.89  0.       -5695.797       5017.753        607.154    0.000  -0.056   0.153   0.
  2017 352 13 57 55 489 352.581892240       1.08      1.98     -1.06  0.       -5695.808       5016.506        605.373    0.000  -0.056   0.153   0.
  2017 352 13 57 56 489 352.581903814       0.91      2.01     -1.05  0.       -5695.819       5015.258        603.593    0.000  -0.056   0.153   0.
  2017 352 13 57 57 489 352.581915388       0.70      1.86     -1.02  0.       -5695.829       5014.008        601.812    0.000  -0.056   0.153   0.
  2017 352 13 57 58 489 352.581926962       0.83      2.18     -1.09  0.       -5695.838       5012.759        600.032    0.000  -0.056   0.153   0.
  2017 352 13 57 59 489 352.581938536       0.79      2.36     -1.04  0.       -5695.847       5011.509        598.251    0.000  -0.056   0.153   0.
  2017 352 13 58  0 489 352.581950107       0.70      2.59     -0.77  0.       -5695.855       5010.259        596.470    0.000  -0.056   0.153   0.
  2017 352 13 58  1 489 352.581961681       0.64      2.81     -0.78  0.       -5695.863       5009.008        594.689    0.000  -0.056   0.153   0.
  2017 352 13 58  2 489 352.581973255       0.42      2.89     -1.04  0.       -5695.870       5007.757        592.909    0.000  -0.056   0.153   0.
  2017 352 13 58  3 489 352.581984829       0.25      2.91     -1.06  0.       -5695.877       5006.505        591.128    0.000  -0.056   0.153   0.
  2017 352 13 58  4 489 352.581996403       0.26      2.88     -1.15  0.       -5695.883       5005.253        589.347    0.000  -0.056   0.153   0.
  2017 352 13 58  5 489 352.582007977       0.63      3.03     -1.33  0.       -5695.888       5004.000        587.566    0.000  -0.056   0.153   0.
  2017 352 13 58  6 489 352.582019552       0.91      3.17     -1.66  0.       -5695.893       5002.747        585.785    0.000  -0.056   0.153   0.
  2017 352 13 58  7 489 352.582031126       0.79      3.22     -1.52  0.       -5695.897       5001.493        584.004    0.000  -0.056   0.153   0.
  2017 352 13 58  8 489 352.582042700       0.68      3.26     -1.17  0.       -5695.901       5000.239        582.222    0.000  -0.056   0.153   0.
  2017 352 13 58  9 489 352.582054274       0.62      3.01     -1.33  0.       -5695.904       4998.984        580.441    0.000  -0.056   0.153   0.
  2017 352 13 58 10 489 352.582065848       0.60      3.09     -1.46  0.       -5695.907       4997.729        578.660    0.000  -0.056   0.153   0.
  2017 352 13 58 11 489 352.582077422       0.57      3.22     -1.63  0.       -5695.909       4996.474        576.878    0.000  -0.056   0.153   0.
  2017 352 13 58 12 489 352.582088996       0.43      3.32     -1.55  0.       -5695.911       4995.217        575.097    0.000  -0.056   0.153   0.
  2017 352 13 58 13 489 352.582100570       0.16      3.30     -1.47  0.       -5695.912       4993.961        573.316    0.000  -0.056   0.153   0.
  2017 352 13 58 14 489 352.582112144       0.05      3.29     -1.43  0.       -5695.912       4992.704        571.534    0.000  -0.056   0.153   0.
  2017 352 13 58 15 489 352.582123718       0.11      3.07     -1.41  0.       -5695.912       4991.446        569.752    0.000  -0.056   0.153   0.
  2017 352 13 58 16 489 352.582135292      -0.04      2.90     -1.40  0.       -5695.912       4990.188        567.971    0.000  -0.056   0.153   0.
  2017 352 13 58 17 489 352.582146866      -0.19      2.63     -1.46  0.       -5695.910       4988.929        566.189    0.000  -0.056   0.153   0.
  2017 352 13 58 18 489 352.582158440      -0.34      2.66     -1.67  0.       -5695.909       4987.670        564.407    0.000  -0.056   0.153   0.
  2017 352 13 58 19 489 352.582170014      -0.17      2.77     -1.81  0.       -5695.906       4986.411        562.625    0.000  -0.056   0.153   0.
  2017 352 13 58 20 489 352.582181589       0.13      2.52     -1.62  0.       -5695.904       4985.151        560.844    0.000  -0.055   0.152   0.
  2017 352 13 58 21 489 352.582193163       0.35      2.49     -1.43  0.       -5695.900       4983.890        559.062    0.000  -0.055   0.152   0.
  2017 352 13 58 22 489 352.582204737       0.33      2.36     -1.33  0.       -5695.896       4982.629        557.280    0.000  -0.056   0.153   0.
  2017 352 13 58 23 489 352.582216311       0.16      2.32     -1.41  0.       -5695.892       4981.368        555.498    0.000  -0.056   0.153   0.
  2017 352 13 58 24 489 352.582227885      -0.08      2.25     -1.50  0.       -5695.886       4980.106        553.716    0.000  -0.056   0.153   0.
  2017 352 13 58 25 489 352.582239459      -0.24      2.36     -1.60  0.       -5695.881       4978.843        551.933    0.000  -0.056   0.153   0.
  2017 352 13 58 26 489 352.582251033      -0.27      2.45     -1.65  0.       -5695.874       4977.580        550.151    0.000  -0.056   0.153   0.
  2017 352 13 58 27 489 352.582262607      -0.24      2.52     -1.74  0.       -5695.868       4976.316        548.369    0.000  -0.056   0.153   0.
  2017 352 13 58 28 489 352.582274181      -0.06      2.73     -1.89  0.       -5695.860       4975.053        546.587    0.000  -0.056   0.153   0.
  2017 352 13 58 29 488 352.582285755      -0.05      2.77     -1.94  0.       -5695.852       4973.788        544.804    0.000  -0.056   0.153   0.
  2017 352 13 58 30 489 352.582297326      -0.29      2.91     -1.80  0.       -5695.844       4972.523        543.022    0.000  -0.056   0.153   0.
  2017 352 13 58 31 489 352.582308900      -0.41      3.05     -1.72  0.       -5695.835       4971.258        541.240    0.000  -0.056   0.153   0.
  2017 352 13 58 32 488 352.582320475      -0.49      3.22     -1.68  0.       -5695.826       4969.992        539.457    0.000  -0.056   0.153   0.
  2017 352 13 58 33 488 352.582332049      -0.43      3.26     -1.70  0.       -5695.815       4968.725        537.675    0.000  -0.056   0.153   0.
  2017 352 13 58 34 489 352.582343623      -1.05      3.49     -1.54  0.       -5695.805       4967.459        535.892    0.000  -0.056   0.153   0.
  2017 352 13 58 35 489 352.582355197      -1.42      3.90     -1.65  0.       -5695.793       4966.191        534.109    0.000  -0.056   0.153   0.
  2017 352 13 58 36 489 352.582366771      -1.37      3.97     -1.71  0.       -5695.782       4964.923        532.327    0.000  -0.056   0.153   0.
  2017 352 13 58 37 489 352.582378345      -1.53      4.14     -1.62  0.       -5695.769       4963.655        530.544    0.000  -0.056   0.153   0.
  2017 352 13 58 38 489 352.582389919      -1.60      3.89     -1.47  0.       -5695.756       4962.386        528.761    0.000  -0.056   0.153   0.
  2017 352 13 58 39 488 352.582401493      -1.26      3.85     -1.57  0.       -5695.743       4961.117        526.978    0.000  -0.056   0.153   0.
  2017 352 13 58 40 488 352.582413067      -1.32      3.58     -1.48  0.       -5695.729       4959.847        525.195    0.000  -0.056   0.153   0.
  2017 352 13 58 41 488 352.582424641      -1.17      3.15     -1.31  0.       -5695.714       4958.577        523.412    0.000  -0.056   0.153   0.
  2017 352 13 58 42 488 352.582436215      -1.00      2.94     -1.47  0.       -5695.699       4957.306        521.629    0.000  -0.056   0.153   0.
  2017 352 13 58 43 489 352.582447789      -0.97      3.09     -1.41  0.       -5695.683       4956.034        519.846    0.000  -0.056   0.153   0.
  2017 352 13 58 44 489 352.582459363      -0.67      2.90     -1.05  0.       -5695.667       4954.763        518.063    0.000  -0.056   0.153   0.
  2017 352 13 58 45 489 352.582470938      -0.24      2.45     -0.57  0.       -5695.650       4953.490        516.280    0.000  -0.056   0.153   0.
  2017 352 13 58 46 488 352.582482512      -0.34      2.09     -0.44  0.       -5695.632       4952.218        514.497    0.000  -0.056   0.153   0.
  2017 352 13 58 47 488 352.582494086      -0.31      1.87     -0.22  0.       -5695.614       4950.944        512.713    0.000  -0.056   0.153   0.
  2017 352 13 58 48 489 352.582505660      -0.08      1.49     -0.05  0.       -5695.596       4949.671        510.930    0.000  -0.056   0.153   0.
  2017 352 13 58 49 489 352.582517234       0.08      1.89     -0.45  0.       -5695.577       4948.396        509.147    0.000  -0.056   0.153   0.
  2017 352 13 58 50 489 352.582528808      -0.25      2.46     -0.63  0.       -5695.557       4947.122        507.363    0.000  -0.056   0.153   0.
  2017 352 13 58 51 489 352.582540382      -0.60      2.91     -0.63  0.       -5695.537       4945.846        505.580    0.000  -0.056   0.153   0.
  2017 352 13 58 52 488 352.582551956      -0.60      3.13     -0.64  0.       -5695.516       4944.571        503.796    0.000  -0.056   0.153   0.
  2017 352 13 58 53 488 352.582563530      -0.51      3.06     -0.62  0.       -5695.495       4943.295        502.013    0.000  -0.056   0.153   0.
  2017 352 13 58 54 488 352.582575104      -0.17      3.00     -0.82  0.       -5695.473       4942.018        500.229    0.000  -0.055   0.152   0.
  2017 352 13 58 55 488 352.582586678       0.29      3.36     -1.09  0.       -5695.450       4940.741        498.445    0.000  -0.055   0.152   0.
  2017 352 13 58 56 488 352.582598252       0.74      3.63     -1.28  0.       -5695.427       4939.463        496.662    0.000  -0.056   0.153   0.
  2017 352 13 58 57 489 352.582609826       1.12      3.59     -1.55  0.       -5695.403       4938.185        494.878    0.000  -0.056   0.153   0.
  2017 352 13 58 58 489 352.582621400       1.21      3.49     -1.66  0.       -5695.379       4936.906        493.094    0.000  -0.056   0.153   0.
  2017 352 13 58 59 488 352.582632975       0.95      3.32     -1.83  0.       -5695.354       4935.627        491.310    0.000  -0.056   0.153   0.
  2017 352 13 59  0 488 352.582644546       0.77      3.36     -2.05  0.       -5695.329       4934.347        489.526    0.000  -0.056   0.153   0.
  2017 352 13 59  1 488 352.582656120       0.74      3.20     -2.26  0.       -5695.303       4933.067        487.742    0.000  -0.056   0.153   0.
  2017 352 13 59  2 488 352.582667694       0.41      2.22     -1.97  0.       -5695.277       4931.787        485.958    0.000  -0.056   0.153   0.
  2017 352 13 59  3 488 352.582679268      -0.63      1.84     -1.95  0.       -5695.250       4930.505        484.174    0.000  -0.056   0.153   0.
  2017 352 13 59  4 488 352.582690842       0.06      2.07     -1.18  0.       -5695.222       4929.224        482.390    0.000  -0.056   0.153   0.
  2017 352 13 59  5 488 352.582702416       0.36      2.54     -1.14  0.       -5695.194       4927.942        480.606    0.000  -0.056   0.153   0.
  2017 352 13 59  6 488 352.582713990       0.19      2.82     -0.43  0.       -5695.165       4926.659        478.822    0.000  -0.056   0.153   0.
  2017 352 13 59  7 488 352.582725564      -0.04      2.56     -0.06  0.       -5695.136       4925.376        477.037    0.000  -0.056   0.153   0.
  2017 352 13 59  8 488 352.582737138      -0.06      2.34     -0.43  0.       -5695.106       4924.092        475.253    0.000  -0.056   0.153   0.
  2017 352 13 59  9 488 352.582748712      -0.04      2.58     -0.74  0.       -5695.075       4922.808        473.469    0.000  -0.056   0.153   0.
  2017 352 13 59 10 488 352.582760286      -0.01      2.47     -0.84  0.       -5695.044       4921.524        471.684    0.000  -0.056   0.153   0.
  2017 352 13 59 11 488 352.582771861      -0.23      2.41     -0.89  0.       -5695.012       4920.239        469.900    0.000  -0.056   0.153   0.
  2017 352 13 59 12 488 352.582783435      -0.69      2.46     -0.68  0.       -5694.981       4918.953        468.115    0.000  -0.056   0.153   0.
  2017 352 13 59 13 488 352.582795009      -0.77      2.91     -0.82  0.       -5694.948       4917.667        466.331    0.000  -0.056   0.153   0.
  2017 352 13 59 14 488 352.582806583      -0.52      3.24     -1.04  0.       -5694.914       4916.381        464.546    0.000  -0.056   0.153   0.
  2017 352 13 59 15 488 352.582818157      -0.68      2.93     -0.90  0.       -5694.881       4915.094        462.762    0.000  -0.056   0.153   0.
  2017 352 13 59 16 488 352.582829731      -0.09      2.59     -1.07  0.       -5694.846       4913.806        460.977    0.000  -0.056   0.153   0.
  2017 352 13 59 17 488 352.582841305       0.09      2.94     -1.49  0.       -5694.811       4912.518        459.192    0.000  -0.056   0.153   0.
  2017 352 13 59 18 488 352.582852879       0.02      3.25     -1.52  0.       -5694.776       4911.230        457.407    0.000  -0.056   0.153   0.
  2017 352 13 59 19 488 352.582864453       0.02      3.41     -1.60  0.       -5694.739       4909.941        455.623    0.000  -0.056   0.153   0.
  2017 352 13 59 20 488 352.582876027      -0.06      3.62     -1.68  0.       -5694.703       4908.651        453.838    0.000  -0.056   0.153   0.
  2017 352 13 59 21 488 352.582887601      -0.06      3.82     -1.93  0.       -5694.665       4907.361        452.053    0.000  -0.056   0.153   0.
  2017 352 13 59 22 488 352.582899175      -0.02      3.97     -1.88  0.       -5694.628       4906.071        450.268    0.000  -0.056   0.153   0.
  2017 352 13 59 23 488 352.582910749      -0.10      4.15     -1.88  0.       -5694.589       4904.780        448.483    0.000  -0.056   0.153   0.
  2017 352 13 59 24 488 352.582922323      -0.22      4.23     -1.95  0.       -5694.550       4903.488        446.698    0.000  -0.056   0.153   0.
  2017 352 13 59 25 488 352.582933898      -0.34      4.35     -1.93  0.       -5694.511       4902.196        444.913    0.000  -0.056   0.153   0.
  2017 352 13 59 26 488 352.582945472      -0.34      4.40     -2.13  0.       -5694.470       4900.904        443.128    0.000  -0.056   0.153   0.
  2017 352 13 59 27 488 352.582957046      -0.26      4.58     -2.32  0.       -5694.430       4899.611        441.342    0.000  -0.056   0.153   0.
  2017 352 13 59 28 488 352.582968620      -0.34      4.54     -2.38  0.       -5694.388       4898.318        439.557    0.000  -0.056   0.153   0.
  2017 352 13 59 29 488 352.582980193      -0.41      4.17     -2.54  0.       -5694.346       4897.024        437.772    0.000  -0.056   0.153   0.
  2017 352 13 59 30 488 352.582991765      -0.47      4.07     -2.62  0.       -5694.304       4895.729        435.987    0.000  -0.056   0.153   0.
  2017 352 13 59 31 488 352.583003339      -0.30      3.81     -2.59  0.       -5694.261       4894.435        434.201    0.000  -0.056   0.153   0.
  2017 352 13 59 32 488 352.583014913      -0.65      3.97     -2.67  0.       -5694.217       4893.139        432.416    0.000  -0.055   0.152   0.
  2017 352 13 59 33 488 352.583026487      -0.75      3.88     -2.76  0.       -5694.173       4891.843        430.631    0.000  -0.055   0.152   0.
  2017 352 13 59 34 488 352.583038061      -0.88      3.81     -2.82  0.       -5694.128       4890.547        428.845    0.000  -0.056   0.153   0.
  2017 352 13 59 35 488 352.583049635      -1.00      3.68     -2.88  0.       -5694.083       4889.250        427.059    0.000  -0.056   0.153   0.
  2017 352 13 59 36 488 352.583061209      -1.13      3.68     -2.73  0.       -5694.037       4887.953        425.274    0.000  -0.056   0.153   0.
  2017 352 13 59 37 488 352.583072784      -1.11      3.77     -2.72  0.       -5693.991       4886.655        423.488    0.000  -0.056   0.153   0.
  2017 352 13 59 38 488 352.583084358      -1.36      3.80     -2.55  0.       -5693.944       4885.357        421.703    0.000  -0.056   0.153   0.
  2017 352 13 59 39 488 352.583095932      -1.48      4.20     -2.03  0.       -5693.896       4884.058        419.917    0.000  -0.056   0.153   0.
  2017 352 13 59 40 488 352.583107506      -1.38      4.30     -1.71  0.       -5693.848       4882.758        418.131    0.000  -0.056   0.153   0.
  2017 352 13 59 41 488 352.583119080      -1.60      4.32     -1.50  0.       -5693.799       4881.459        416.345    0.000  -0.056   0.153   0.
  2017 352 13 59 42 488 352.583130654      -1.86      4.41     -1.26  0.       -5693.750       4880.158        414.560    0.000  -0.056   0.153   0.
  2017 352 13 59 43 488 352.583142228      -2.01      4.45     -1.12  0.       -5693.700       4878.857        412.774    0.000  -0.056   0.153   0.
  2017 352 13 59 44 488 352.583153802      -2.07      4.07     -0.95  0.       -5693.650       4877.556        410.988    0.000  -0.056   0.153   0.
  2017 352 13 59 45 488 352.583165376      -2.02      3.47     -0.91  0.       -5693.599       4876.254        409.202    0.000  -0.056   0.153   0.
  2017 352 13 59 46 488 352.583176950      -2.48      2.55     -0.46  0.       -5693.547       4874.952        407.416    0.000  -0.055   0.152   0.
  2017 352 13 59 47 488 352.583188524      -3.37      1.96     -0.02  0.       -5693.495       4873.649        405.630    0.000  -0.055   0.152   0.
  2017 352 13 59 48 488 352.583200098      -3.87      1.73      0.13  0.       -5693.442       4872.346        403.844    0.000  -0.056   0.153   0.
  2017 352 13 59 49 488 352.583211672      -3.96      1.48      0.18  0.       -5693.388       4871.042        402.058    0.000  -0.056   0.153   0.
  2017 352 13 59 50 488 352.583223247      -4.57      1.46      0.13  0.       -5693.335       4869.738        400.272    0.000  -0.056   0.153   0.
  2017 352 13 59 51 488 352.583234821      -5.00      1.66      0.15  0.       -5693.280       4868.433        398.485    0.000  -0.056   0.153   0.
  2017 352 13 59 52 488 352.583246395      -5.05      1.82     -0.04  0.       -5693.225       4867.128        396.699    0.000  -0.056   0.153   0.
  2017 352 13 59 53 488 352.583257969      -4.91      1.33     -0.41  0.       -5693.169       4865.822        394.913    0.000  -0.056   0.153   0.
  2017 352 13 59 54 488 352.583269543      -5.11      0.79     -0.84  0.       -5693.113       4864.516        393.127    0.000  -0.056   0.153   0.
  2017 352 13 59 55 488 352.583281117      -5.10      1.14     -1.16  0.       -5693.056       4863.209        391.340    0.000  -0.056   0.153   0.
  2017 352 13 59 56 488 352.583292691      -5.00      1.34     -1.36  0.       -5692.999       4861.902        389.554    0.000  -0.056   0.153   0.
  2017 352 13 59 57 488 352.583304265      -4.79      1.48     -1.49  0.       -5692.941       4860.594        387.767    0.000  -0.056   0.153   0.
  2017 352 13 59 58 488 352.583315839      -4.65      1.50     -1.48  0.       -5692.882       4859.286        385.981    0.000  -0.056   0.153   0.
  2017 352 13 59 59 488 352.583327413      -4.58      1.49     -1.55  0.       -5692.823       4857.977        384.195    0.000  -0.056   0.153   0.
  2017 352 14  0  0 488 352.583338984      -4.48      1.44     -1.68  0.       -5692.763       4856.668        382.408    0.000  -0.056   0.153   0.
  2017 352 14  0  1 488 352.583350558      -4.66      1.57     -1.69  0.       -5692.703       4855.358        380.621    0.000  -0.056   0.153   0.
  2017 352 14  0  2 488 352.583362133      -4.57      1.69     -1.63  0.       -5692.642       4854.048        378.835    0.000  -0.055   0.152   0.
  2017 352 14  0  3 488 352.583373707      -4.37      1.76     -1.59  0.       -5692.581       4852.737        377.048    0.000  -0.055   0.152   0.
  2017 352 14  0  4 488 352.583385281      -4.12      1.94     -1.59  0.       -5692.519       4851.426        375.262    0.000  -0.056   0.153   0.
  2017 352 14  0  5 488 352.583396855      -3.89      1.90     -1.63  0.       -5692.456       4850.114        373.475    0.000  -0.056   0.153   0.
  2017 352 14  0  6 488 352.583408429      -3.69      1.76     -1.80  0.       -5692.393       4848.803        371.688    0.000  -0.055   0.152   0.
  2017 352 14  0  7 488 352.583420003      -3.71      1.60     -1.88  0.       -5692.329       4847.490        369.901    0.000  -0.055   0.152   0.
  2017 352 14  0  8 488 352.583431577      -3.81      1.47     -1.93  0.       -5692.265       4846.177        368.114    0.000  -0.056   0.153   0.
  2017 352 14  0  9 488 352.583443151      -3.86      1.12     -2.06  0.       -5692.200       4844.863        366.327    0.000  -0.056   0.153   0.
  2017 352 14  0 10 488 352.583454725      -3.66      1.14     -2.20  0.       -5692.134       4843.549        364.541    0.000  -0.056   0.153   0.
  2017 352 14  0 11 488 352.583466299      -3.04      1.00     -2.43  0.       -5692.068       4842.234        362.754    0.000  -0.056   0.153   0.
  2017 352 14  0 12 488 352.583477873      -2.53      1.35     -2.86  0.       -5692.001       4840.919        360.967    0.000  -0.056   0.153   0.
  2017 352 14  0 13 488 352.583489447      -3.11      1.77     -2.48  0.       -5691.934       4839.603        359.180    0.000  -0.056   0.153   0.
  2017 352 14  0 14 488 352.583501021      -3.14      1.52     -2.22  0.       -5691.866       4838.287        357.392    0.000  -0.056   0.153   0.
  2017 352 14  0 15 488 352.583512595      -3.19      1.38     -2.32  0.       -5691.798       4836.971        355.605    0.000  -0.056   0.153   0.
  2017 352 14  0 16 488 352.583524170      -3.42      1.21     -2.29  0.       -5691.729       4835.653        353.818    0.000  -0.055   0.152   0.
  2017 352 14  0 17 488 352.583535744      -3.62      0.67     -2.25  0.       -5691.659       4834.336        352.031    0.000  -0.055   0.152   0.
  2017 352 14  0 18 488 352.583547318      -3.55      0.08     -1.98  0.       -5691.589       4833.018        350.244    0.000  -0.055   0.152   0.
  2017 352 14  0 19 488 352.583558892      -3.46     -0.23     -1.60  0.       -5691.518       4831.699        348.457    0.000  -0.055   0.152   0.
  2017 352 14  0 20 488 352.583570466      -3.45     -0.26     -1.19  0.       -5691.447       4830.380        346.669    0.000  -0.056   0.153   0.
  2017 352 14  0 21 488 352.583582040      -3.53     -0.19     -0.78  0.       -5691.375       4829.060        344.882    0.000  -0.056   0.153   0.
  2017 352 14  0 22 488 352.583593614      -3.54     -0.35     -0.35  0.       -5691.302       4827.740        343.095    0.000  -0.056   0.153   0.
  2017 352 14  0 23 488 352.583605188      -3.45     -0.43     -0.01  0.       -5691.229       4826.420        341.307    0.000  -0.056   0.153   0.
  2017 352 14  0 24 488 352.583616762      -3.24     -0.40      0.11  0.       -5691.155       4825.099        339.520    0.000  -0.056   0.153   0.
  2017 352 14  0 25 488 352.583628336      -3.05     -0.16      0.12  0.       -5691.081       4823.777        337.732    0.000  -0.056   0.153   0.
  2017 352 14  0 26 488 352.583639910      -3.06     -0.06      0.05  0.       -5691.006       4822.455        335.945    0.000  -0.056   0.153   0.
  2017 352 14  0 27 488 352.583651484      -2.88     -0.23      0.00  0.       -5690.931       4821.132        334.157    0.000  -0.056   0.153   0.
  2017 352 14  0 28 488 352.583663058      -2.56     -0.28      0.08  0.       -5690.855       4819.809        332.370    0.000  -0.055   0.152   0.
  2017 352 14  0 29 488 352.583674633      -2.39     -0.35      0.30  0.       -5690.778       4818.486        330.582    0.000  -0.055   0.152   0.
  2017 352 14  0 30 488 352.583686207      -1.90     -0.22      0.50  0.       -5690.701       4817.162        328.795    0.000  -0.055   0.152   0.
  2017 352 14  0 31 488 352.583697780      -1.54     -0.02      0.47  0.       -5690.623       4815.837        327.007    0.000  -0.055   0.152   0.
  2017 352 14  0 32 488 352.583709352      -1.18      0.32      0.36  0.       -5690.545       4814.512        325.219    0.000  -0.056   0.153   0.
  2017 352 14  0 33 488 352.583720926      -0.80      0.42      0.28  0.       -5690.466       4813.186        323.431    0.000  -0.056   0.153   0.
  2017 352 14  0 34 487 352.583732500      -0.68      0.46      0.34  0.       -5690.386       4811.860        321.644    0.000  -0.055   0.152   0.
  2017 352 14  0 35 487 352.583744074      -0.63      0.56      0.38  0.       -5690.306       4810.534        319.856    0.000  -0.055   0.152   0.
  2017 352 14  0 36 487 352.583755648      -0.72      0.66      0.37  0.       -5690.225       4809.207        318.068    0.000  -0.056   0.153   0.
  2017 352 14  0 37 487 352.583767222      -0.55      0.57      0.39  0.       -5690.144       4807.879        316.280    0.000  -0.056   0.153   0.
  2017 352 14  0 38 487 352.583778796      -0.46      0.63      0.41  0.       -5690.062       4806.551        314.492    0.000  -0.056   0.153   0.
  2017 352 14  0 39 488 352.583790370      -0.28      0.76      0.37  0.       -5689.980       4805.222        312.704    0.000  -0.056   0.153   0.
  2017 352 14  0 40 488 352.583801944      -0.21      0.84      0.39  0.       -5689.897       4803.893        310.917    0.000  -0.056   0.153   0.
  2017 352 14  0 41 487 352.583813518      -0.32      0.94      0.47  0.       -5689.813       4802.564        309.128    0.000  -0.056   0.153   0.
  2017 352 14  0 42 487 352.583825093      -0.42      1.24      0.58  0.       -5689.729       4801.234        307.341    0.000  -0.056   0.153   0.
  2017 352 14  0 43 488 352.583836667      -0.42      1.47      0.51  0.       -5689.644       4799.903        305.552    0.000  -0.056   0.153   0.
  2017 352 14  0 44 488 352.583848241      -0.50      1.78      0.51  0.       -5689.558       4798.572        303.764    0.000  -0.055   0.152   0.
  2017 352 14  0 45 488 352.583859815      -0.27      1.93      0.43  0.       -5689.472       4797.241        301.976    0.000  -0.055   0.152   0.
  2017 352 14  0 46 488 352.583871389      -0.27      2.04      0.17  0.       -5689.386       4795.909        300.188    0.000  -0.056   0.153   0.
  2017 352 14  0 47 488 352.583882963      -0.33      2.04      0.00  0.       -5689.298       4794.576        298.400    0.000  -0.056   0.153   0.
  2017 352 14  0 48 487 352.583894537      -0.30      2.10     -0.15  0.       -5689.211       4793.243        296.612    0.000  -0.056   0.153   0.
  2017 352 14  0 49 487 352.583906111      -0.15      2.01     -0.15  0.       -5689.122       4791.910        294.823    0.000  -0.056   0.153   0.
  2017 352 14  0 50 487 352.583917685      -0.07      1.74     -0.10  0.       -5689.033       4790.576        293.035    0.000  -0.055   0.152   0.
  2017 352 14  0 51 487 352.583929259       0.01      1.49     -0.22  0.       -5688.944       4789.241        291.247    0.000  -0.055   0.152   0.
  2017 352 14  0 52 487 352.583940833      -0.20      1.66     -0.34  0.       -5688.853       4787.906        289.459    0.000  -0.056   0.153   0.
  2017 352 14  0 53 488 352.583952407      -0.17      2.11     -0.36  0.       -5688.763       4786.571        287.670    0.000  -0.056   0.153   0.
  2017 352 14  0 54 488 352.583963981      -0.12      2.14     -0.52  0.       -5688.671       4785.235        285.882    0.000  -0.056   0.153   0.
  2017 352 14  0 55 487 352.583975556       0.10      2.03     -0.42  0.       -5688.579       4783.898        284.093    0.000  -0.056   0.153   0.
  2017 352 14  0 56 487 352.583987130       0.13      2.08     -0.69  0.       -5688.487       4782.561        282.305    0.000  -0.055   0.152   0.
  2017 352 14  0 57 488 352.583998704       0.14      2.20     -0.79  0.       -5688.394       4781.224        280.517    0.000  -0.055   0.152   0.
  2017 352 14  0 58 488 352.584010278       0.08      2.39     -1.27  0.       -5688.300       4779.886        278.728    0.000  -0.056   0.153   0.
  2017 352 14  0 59 488 352.584021852      -0.01      2.57     -1.44  0.       -5688.206       4778.547        276.939    0.000  -0.056   0.153   0.
  2017 352 14  1  0 488 352.584033426       0.05      2.64     -1.39  0.       -5688.111       4777.208        275.151    0.000  -0.055   0.152   0.
  2017 352 14  1  1 488 352.584045000      -0.12      2.77     -1.46  0.       -5688.016       4775.869        273.362    0.000  -0.055   0.152   0.
  2017 352 14  1  2 487 352.584056571      -0.26      2.81     -1.37  0.       -5687.919       4774.529        271.574    0.000  -0.055   0.152   0.
  2017 352 14  1  3 487 352.584068145      -0.35      2.84     -1.42  0.       -5687.823       4773.188        269.785    0.000  -0.055   0.152   0.
  2017 352 14  1  4 487 352.584079719      -0.34      2.70     -1.45  0.       -5687.725       4771.847        267.996    0.000  -0.056   0.153   0.
  2017 352 14  1  5 487 352.584091293      -0.23      2.56     -1.39  0.       -5687.627       4770.506        266.208    0.000  -0.056   0.153   0.
  2017 352 14  1  6 487 352.584102867      -0.10      2.31     -1.29  0.       -5687.529       4769.164        264.419    0.000  -0.056   0.153   0.
  2017 352 14  1  7 487 352.584114442      -0.12      2.09     -1.32  0.       -5687.430       4767.821        262.630    0.000  -0.056   0.153   0.
  2017 352 14  1  8 487 352.584126016      -0.12      2.22     -1.38  0.       -5687.330       4766.478        260.841    0.000  -0.055   0.152   0.
  2017 352 14  1  9 487 352.584137590       0.16      2.27     -1.41  0.       -5687.230       4765.135        259.053    0.000  -0.055   0.152   0.
  2017 352 14  1 10 487 352.584149164       0.34      2.67     -1.41  0.       -5687.129       4763.791        257.264    0.000  -0.056   0.153   0.
  2017 352 14  1 11 487 352.584160738       0.54      2.53     -1.43  0.       -5687.028       4762.446        255.475    0.000  -0.056   0.153   0.
  2017 352 14  1 12 487 352.584172312       0.62      2.65     -1.58  0.       -5686.926       4761.101        253.686    0.000  -0.056   0.153   0.
  2017 352 14  1 13 487 352.584183886       0.91      2.72     -1.78  0.       -5686.823       4759.756        251.897    0.000  -0.056   0.153   0.
  2017 352 14  1 14 487 352.584195460       1.03      2.98     -1.92  0.       -5686.720       4758.410        250.108    0.000  -0.056   0.153   0.
  2017 352 14  1 15 487 352.584207034       1.11      2.92     -2.05  0.       -5686.616       4757.063        248.319    0.000  -0.056   0.153   0.
  2017 352 14  1 16 487 352.584218608       1.09      2.68     -2.20  0.       -5686.512       4755.716        246.530    0.000  -0.056   0.153   0.
  2017 352 14  1 17 487 352.584230182       1.04      2.57     -2.32  0.       -5686.406       4754.369        244.741    0.000  -0.056   0.153   0.
  2017 352 14  1 18 487 352.584241756       1.05      2.48     -2.34  0.       -5686.301       4753.021        242.952    0.000  -0.055   0.152   0.
  2017 352 14  1 19 487 352.584253330       1.19      2.46     -2.34  0.       -5686.195       4751.672        241.163    0.000  -0.055   0.152   0.
  2017 352 14  1 20 487 352.584264904       1.32      2.42     -2.34  0.       -5686.088       4750.323        239.374    0.000  -0.056   0.153   0.
  2017 352 14  1 21 487 352.584276479       1.60      2.38     -2.38  0.       -5685.980       4748.974        237.585    0.000  -0.056   0.153   0.
  2017 352 14  1 22 487 352.584288053       1.94      2.29     -2.32  0.       -5685.872       4747.624        235.796    0.000  -0.056   0.153   0.
  2017 352 14  1 23 487 352.584299627       2.05      2.19     -2.18  0.       -5685.764       4746.273        234.007    0.000  -0.056   0.153   0.
  2017 352 14  1 24 487 352.584311201       2.00      2.20     -2.02  0.       -5685.655       4744.923        232.217    0.000  -0.055   0.152   0.
  2017 352 14  1 25 487 352.584322775       1.92      2.16     -1.91  0.       -5685.545       4743.571        230.428    0.000  -0.055   0.152   0.
  2017 352 14  1 26 487 352.584334349       2.02      1.97     -1.83  0.       -5685.434       4742.219        228.639    0.000  -0.056   0.153   0.
  2017 352 14  1 27 487 352.584345923       1.96      1.90     -1.93  0.       -5685.323       4740.867        226.850    0.000  -0.056   0.153   0.
  2017 352 14  1 28 487 352.584357497       1.92      2.05     -2.08  0.       -5685.212       4739.514        225.060    0.000  -0.056   0.153   0.
  2017 352 14  1 29 487 352.584369071       1.78      1.96     -2.26  0.       -5685.100       4738.160        223.271    0.000  -0.056   0.153   0.
  2017 352 14  1 30 487 352.584380645       1.73      1.88     -2.30  0.       -5684.987       4736.806        221.482    0.000  -0.056   0.153   0.
  2017 352 14  1 31 487 352.584392219       1.71      1.80     -2.29  0.       -5684.873       4735.452        219.692    0.000  -0.056   0.153   0.
  2017 352 14  1 32 487 352.584403791       1.71      1.91     -2.19  0.       -5684.759       4734.097        217.903    0.000  -0.056   0.153   0.
  2017 352 14  1 33 487 352.584415365       1.68      1.80     -2.10  0.       -5684.645       4732.741        216.114    0.000  -0.056   0.153   0.
  2017 352 14  1 34 487 352.584426939       1.59      1.71     -2.05  0.       -5684.530       4731.385        214.324    0.000  -0.055   0.152   0.
  2017 352 14  1 35 487 352.584438513       1.56      1.70     -1.99  0.       -5684.414       4730.029        212.535    0.000  -0.055   0.152   0.
  2017 352 14  1 36 487 352.584450087       1.45      1.76     -1.96  0.       -5684.297       4728.672        210.745    0.000  -0.056   0.153   0.
  2017 352 14  1 37 487 352.584461661       1.48      1.71     -1.93  0.       -5684.180       4727.314        208.956    0.000  -0.056   0.153   0.
  2017 352 14  1 38 487 352.584473235       1.48      1.75     -1.97  0.       -5684.063       4725.956        207.166    0.000  -0.056   0.153   0.
  2017 352 14  1 39 487 352.584484809       1.49      1.85     -2.06  0.       -5683.945       4724.598        205.377    0.000  -0.056   0.153   0.
  2017 352 14  1 40 487 352.584496383       1.42      1.86     -2.27  0.       -5683.826       4723.239        203.587    0.000  -0.055   0.152   0.
  2017 352 14  1 41 487 352.584507957       1.45      1.99     -2.38  0.       -5683.706       4721.879        201.798    0.000  -0.055   0.152   0.
  2017 352 14  1 42 487 352.584519531       1.36      2.01     -2.44  0.       -5683.586       4720.519        200.008    0.000  -0.056   0.153   0.
  2017 352 14  1 43 487 352.584531105       1.26      2.12     -2.51  0.       -5683.466       4719.159        198.218    0.000  -0.056   0.153   0.
  2017 352 14  1 44 487 352.584542679       1.06      2.14     -2.63  0.       -5683.344       4717.798        196.429    0.000  -0.056   0.153   0.
  2017 352 14  1 45 487 352.584554254       0.97      2.19     -2.64  0.       -5683.223       4716.436        194.639    0.000  -0.056   0.153   0.
  2017 352 14  1 46 487 352.584565828       0.97      2.08     -2.50  0.       -5683.100       4715.074        192.849    0.000  -0.055   0.152   0.
  2017 352 14  1 47 487 352.584577402       0.81      2.00     -2.31  0.       -5682.977       4713.712        191.060    0.000  -0.055   0.152   0.
  2017 352 14  1 48 487 352.584588976       0.81      1.83     -2.06  0.       -5682.853       4712.349        189.270    0.000  -0.056   0.153   0.
  2017 352 14  1 49 487 352.584600550       0.88      1.77     -2.00  0.       -5682.729       4710.985        187.480    0.000  -0.056   0.153   0.
  2017 352 14  1 50 487 352.584612124       0.85      1.74     -1.92  0.       -5682.604       4709.621        185.691    0.000  -0.056   0.153   0.
  2017 352 14  1 51 487 352.584623698       0.97      1.77     -1.99  0.       -5682.479       4708.257        183.901    0.000  -0.056   0.153   0.
  2017 352 14  1 52 487 352.584635272       1.14      1.75     -2.13  0.       -5682.353       4706.892        182.111    0.000  -0.056   0.153   0.
  2017 352 14  1 53 487 352.584646846       1.04      1.72     -2.14  0.       -5682.226       4705.526        180.321    0.000  -0.056   0.153   0.
  2017 352 14  1 54 487 352.584658420       0.93      1.92     -2.35  0.       -5682.099       4704.161        178.531    0.000  -0.056   0.153   0.
  2017 352 14  1 55 487 352.584669994       1.02      2.02     -2.67  0.       -5681.971       4702.794        176.741    0.000  -0.056   0.153   0.
  2017 352 14  1 56 487 352.584681568       1.00      2.05     -2.52  0.       -5681.843       4701.427        174.952    0.000  -0.056   0.153   0.
  2017 352 14  1 57 487 352.584693142       0.96      1.77     -2.20  0.       -5681.714       4700.059        173.162    0.000  -0.056   0.153   0.
  2017 352 14  1 58 487 352.584704716       0.89      1.58     -2.10  0.       -5681.584       4698.691        171.372    0.000  -0.056   0.153   0.
  2017 352 14  1 59 487 352.584716290       0.73      1.43     -2.15  0.       -5681.454       4697.323        169.582    0.000  -0.056   0.153   0.
  2017 352 14  2  0 487 352.584727865       0.47      1.87     -2.41  0.       -5681.323       4695.954        167.792    0.000  -0.055   0.152   0.
  2017 352 14  2  1 487 352.584739439       0.33      2.22     -2.59  0.       -5681.191       4694.584        166.002    0.000  -0.055   0.152   0.
  2017 352 14  2  2 487 352.584751013       0.37      2.43     -2.44  0.       -5681.059       4693.214        164.212    0.000  -0.055   0.152   0.
  2017 352 14  2  3 487 352.584762586       0.52      2.06     -2.30  0.       -5680.926       4691.844        162.422    0.000  -0.055   0.152   0.
  2017 352 14  2  4 487 352.584774158       0.64      2.11     -2.09  0.       -5680.793       4690.473        160.632    0.000  -0.056   0.153   0.
  2017 352 14  2  5 487 352.584785732       0.91      2.29     -1.76  0.       -5680.659       4689.101        158.842    0.000  -0.056   0.153   0.
  2017 352 14  2  6 487 352.584797306       1.17      2.45     -1.66  0.       -5680.524       4687.729        157.052    0.000  -0.056   0.153   0.
  2017 352 14  2  7 487 352.584808880       1.31      2.41     -1.41  0.       -5680.389       4686.357        155.262    0.000  -0.056   0.153   0.
  2017 352 14  2  8 487 352.584820454       1.31      2.15     -1.16  0.       -5680.253       4684.984        153.472    0.000  -0.055   0.152   0.
  2017 352 14  2  9 487 352.584832028       1.10      1.84     -0.89  0.       -5680.117       4683.610        151.682    0.000  -0.055   0.152   0.
  2017 352 14  2 10 487 352.584843602       1.04      1.73     -0.73  0.       -5679.980       4682.236        149.892    0.000  -0.055   0.152   0.
  2017 352 14  2 11 487 352.584855177       1.44      1.31     -0.85  0.       -5679.843       4680.862        148.101    0.000  -0.055   0.152   0.
  2017 352 14  2 12 487 352.584866751       1.87      0.54     -0.91  0.       -5679.704       4679.487        146.311    0.000  -0.056   0.153   0.
  2017 352 14  2 13 487 352.584878325       1.78      0.39     -1.06  0.       -5679.566       4678.111        144.521    0.000  -0.056   0.153   0.
  2017 352 14  2 14 487 352.584889899       1.66      0.51     -1.28  0.       -5679.426       4676.735        142.731    0.000  -0.055   0.152   0.
  2017 352 14  2 15 487 352.584901473       1.67      0.62     -1.25  0.       -5679.286       4675.358        140.941    0.000  -0.055   0.152   0.
  2017 352 14  2 16 487 352.584913047       1.82      0.63     -1.22  0.       -5679.145       4673.982        139.151    0.000  -0.055   0.152   0.
  2017 352 14  2 17 487 352.584924621       1.84      0.72     -1.21  0.       -5679.004       4672.604        137.360    0.000  -0.055   0.152   0.
  2017 352 14  2 18 487 352.584936195       2.00      0.71     -1.25  0.       -5678.862       4671.226        135.570    0.000  -0.056   0.153   0.
  2017 352 14  2 19 487 352.584947769       1.98      0.74     -1.33  0.       -5678.720       4669.847        133.780    0.000  -0.056   0.153   0.
  2017 352 14  2 20 487 352.584959343       2.04      0.76     -1.42  0.       -5678.577       4668.468        131.990    0.000  -0.055   0.152   0.
  2017 352 14  2 21 487 352.584970917       2.19      0.71     -1.38  0.       -5678.433       4667.089        130.199    0.000  -0.055   0.152   0.
  2017 352 14  2 22 487 352.584982491       2.32      0.67     -1.45  0.       -5678.289       4665.709        128.409    0.000  -0.055   0.152   0.
  2017 352 14  2 23 487 352.584994065       2.35      0.65     -1.54  0.       -5678.144       4664.328        126.619    0.000  -0.055   0.152   0.
  2017 352 14  2 24 487 352.585005639       2.41      0.57     -1.64  0.       -5677.998       4662.947        124.828    0.000  -0.056   0.153   0.
  2017 352 14  2 25 487 352.585017214       2.42      0.49     -1.76  0.       -5677.852       4661.566        123.038    0.000  -0.056   0.153   0.
  2017 352 14  2 26 487 352.585028788       2.48      0.62     -1.84  0.       -5677.705       4660.183        121.248    0.000  -0.055   0.152   0.
  2017 352 14  2 27 487 352.585040362       2.50      0.75     -1.85  0.       -5677.558       4658.801        119.457    0.000  -0.055   0.152   0.
  2017 352 14  2 28 487 352.585051936       2.48      0.97     -1.90  0.       -5677.410       4657.418        117.667    0.000  -0.055   0.152   0.
  2017 352 14  2 29 487 352.585063510       2.44      0.90     -1.86  0.       -5677.261       4656.034        115.877    0.000  -0.055   0.152   0.
  2017 352 14  2 30 487 352.585075084       2.42      0.85     -1.81  0.       -5677.112       4654.650        114.086    0.000  -0.056   0.153   0.
  2017 352 14  2 31 487 352.585086658       2.58      0.69     -1.64  0.       -5676.962       4653.265        112.296    0.000  -0.056   0.153   0.
  2017 352 14  2 32 487 352.585098232       2.60      0.47     -1.59  0.       -5676.812       4651.880        110.505    0.000  -0.055   0.152   0.
  2017 352 14  2 33 486 352.585109806       2.64      0.37     -1.53  0.       -5676.661       4650.495        108.715    0.000  -0.055   0.152   0.
  2017 352 14  2 34 486 352.585121377       2.61      0.24     -1.55  0.       -5676.509       4649.109        106.925    0.000  -0.055   0.152   0.
  2017 352 14  2 35 487 352.585132951       2.47     -0.04     -1.36  0.       -5676.357       4647.722        105.134    0.000  -0.055   0.152   0.
  2017 352 14  2 36 487 352.585144525       2.08      0.00     -1.45  0.       -5676.204       4646.335        103.344    0.000  -0.056   0.153   0.
  2017 352 14  2 37 486 352.585156100       1.91      0.06     -1.49  0.       -5676.050       4644.947        101.553    0.000  -0.056   0.153   0.
  2017 352 14  2 38 486 352.585167674       1.85      0.15     -1.56  0.       -5675.896       4643.559         99.763    0.000  -0.056   0.153   0.
  2017 352 14  2 39 487 352.585179248       1.80      0.19     -1.50  0.       -5675.741       4642.171         97.972    0.000  -0.056   0.153   0.
  2017 352 14  2 40 487 352.585190822       1.68      0.21     -1.61  0.       -5675.586       4640.781         96.182    0.000  -0.056   0.153   0.
  2017 352 14  2 41 487 352.585202396       1.48      0.63     -1.65  0.       -5675.430       4639.392         94.391    0.000  -0.056   0.153   0.
  2017 352 14  2 42 487 352.585213970       1.20      0.99     -1.62  0.       -5675.273       4638.002         92.601    0.000  -0.056   0.153   0.
  2017 352 14  2 43 487 352.585225544       1.16      1.14     -1.58  0.       -5675.116       4636.611         90.810    0.000  -0.056   0.153   0.
  2017 352 14  2 44 486 352.585237118       1.17      1.05     -1.67  0.       -5674.958       4635.220         89.020    0.000  -0.055   0.152   0.
  2017 352 14  2 45 486 352.585248692       1.19      1.20     -1.67  0.       -5674.800       4633.828         87.229    0.000  -0.055   0.152   0.
  2017 352 14  2 46 486 352.585260266       1.33      1.27     -1.66  0.       -5674.641       4632.436         85.439    0.000  -0.056   0.153   0.
  2017 352 14  2 47 486 352.585271840       1.17      1.24     -1.65  0.       -5674.482       4631.043         83.648    0.000  -0.056   0.153   0.
  2017 352 14  2 48 486 352.585283414       1.18      1.31     -1.47  0.       -5674.321       4629.650         81.857    0.000  -0.056   0.153   0.
  2017 352 14  2 49 487 352.585294988       1.27      1.22     -1.41  0.       -5674.160       4628.256         80.067    0.000  -0.056   0.153   0.
  2017 352 14  2 50 487 352.585306562       1.40      1.05     -1.31  0.       -5673.998       4626.862         78.276    0.000  -0.056   0.153   0.
  2017 352 14  2 51 486 352.585318137       1.25      0.93     -1.25  0.       -5673.836       4625.468         76.486    0.000  -0.056   0.153   0.
  2017 352 14  2 52 486 352.585329711       1.07      0.89     -1.28  0.       -5673.673       4624.072         74.695    0.000  -0.055   0.152   0.
  2017 352 14  2 53 487 352.585341285       0.89      0.79     -1.41  0.       -5673.510       4622.677         72.904    0.000  -0.055   0.152   0.
  2017 352 14  2 54 487 352.585352859       0.84      0.73     -1.34  0.       -5673.346       4621.280         71.114    0.000  -0.055   0.152   0.
  2017 352 14  2 55 487 352.585364433       0.68      0.65     -1.32  0.       -5673.181       4619.884         69.323    0.000  -0.055   0.152   0.
  2017 352 14  2 56 487 352.585376007       0.66      0.63     -1.31  0.       -5673.016       4618.486         67.532    0.000  -0.055   0.152   0.
  2017 352 14  2 57 486 352.585387581       0.63      0.65     -1.32  0.       -5672.850       4617.089         65.742    0.000  -0.055   0.152   0.
  2017 352 14  2 58 486 352.585399155       0.63      0.64     -1.30  0.       -5672.684       4615.691         63.951    0.000  -0.055   0.152   0.
  2017 352 14  2 59 486 352.585410729       0.65      0.37     -1.29  0.       -5672.516       4614.292         62.160    0.000  -0.055   0.152   0.
  2017 352 14  3  0 486 352.585422303       0.28      0.23     -1.39  0.       -5672.349       4612.893         60.370    0.000  -0.055   0.152   0.
  2017 352 14  3  1 486 352.585433877       0.01      0.37     -1.44  0.       -5672.180       4611.493         58.579    0.000  -0.055   0.152   0.
  2017 352 14  3  2 487 352.585445451      -0.16      0.52     -1.44  0.       -5672.011       4610.093         56.788    0.000  -0.056   0.153   0.
  2017 352 14  3  3 487 352.585457025      -0.29      0.51     -1.29  0.       -5671.842       4608.692         54.998    0.000  -0.056   0.153   0.
  2017 352 14  3  4 486 352.585468600      -0.51      0.26     -1.08  0.       -5671.671       4607.291         53.207    0.000  -0.055   0.152   0.
  2017 352 14  3  5 486 352.585480174      -0.37      0.11     -0.76  0.       -5671.501       4605.889         51.416    0.000  -0.055   0.152   0.
  2017 352 14  3  6 486 352.585491745      -0.26      0.13     -0.43  0.       -5671.329       4604.487         49.626    0.000  -0.056   0.153   0.
  2017 352 14  3  7 486 352.585503319      -0.20      0.18     -0.40  0.       -5671.157       4603.084         47.835    0.000  -0.056   0.153   0.
  2017 352 14  3  8 486 352.585514893      -0.29      0.23     -0.49  0.       -5670.984       4601.681         46.044    0.000  -0.055   0.152   0.
  2017 352 14  3  9 486 352.585526467      -0.38      0.40     -0.64  0.       -5670.811       4600.277         44.254    0.000  -0.055   0.152   0.
  2017 352 14  3 10 486 352.585538041      -0.40      0.60     -0.73  0.       -5670.637       4598.873         42.463    0.000  -0.055   0.152   0.
  2017 352 14  3 11 486 352.585549615      -0.45      0.54     -0.92  0.       -5670.462       4597.468         40.672    0.000  -0.055   0.152   0.
  2017 352 14  3 12 486 352.585561189      -0.51      0.13     -0.79  0.       -5670.287       4596.062         38.881    0.000  -0.056   0.153   0.
  2017 352 14  3 13 486 352.585572763      -0.15      0.03     -0.45  0.       -5670.111       4594.657         37.091    0.000  -0.056   0.153   0.
  2017 352 14  3 14 486 352.585584337       0.17     -0.25     -0.24  0.       -5669.935       4593.250         35.300    0.000  -0.056   0.153   0.
  2017 352 14  3 15 486 352.585595911       0.41     -0.39     -0.13  0.       -5669.758       4591.843         33.509    0.000  -0.056   0.153   0.
  2017 352 14  3 16 486 352.585607486       0.34     -0.42     -0.19  0.       -5669.580       4590.436         31.718    0.000  -0.055   0.152   0.
  2017 352 14  3 17 486 352.585619060       0.39      0.13     -0.01  0.       -5669.401       4589.028         29.928    0.000  -0.055   0.152   0.
  2017 352 14  3 18 486 352.585630634       0.79      0.02      0.33  0.       -5669.222       4587.620         28.137    0.000  -0.055   0.152   0.
  2017 352 14  3 19 486 352.585642208       0.81     -0.03      0.16  0.       -5669.043       4586.211         26.346    0.000  -0.055   0.152   0.
  2017 352 14  3 20 486 352.585653782       0.86      0.12      0.07  0.       -5668.863       4584.802         24.555    0.000  -0.056   0.153   0.
  2017 352 14  3 21 486 352.585665356       0.75      0.50      0.06  0.       -5668.682       4583.392         22.765    0.000  -0.056   0.153   0.
  2017 352 14  3 22 486 352.585676930       0.46      0.95      0.08  0.       -5668.500       4581.981         20.974    0.000  -0.055   0.152   0.
  2017 352 14  3 23 486 352.585688504       0.28      1.08      0.20  0.       -5668.318       4580.571         19.183    0.000  -0.055   0.152   0.
  2017 352 14  3 24 486 352.585700078       0.21      0.97      0.25  0.       -5668.135       4579.159         17.392    0.000  -0.056   0.153   0.
  2017 352 14  3 25 486 352.585711652       0.20      1.02     -0.17  0.       -5667.952       4577.747         15.602    0.000  -0.056   0.153   0.
  2017 352 14  3 26 486 352.585723226       0.17      1.17     -0.16  0.       -5667.768       4576.335         13.811    0.000  -0.055   0.152   0.
  2017 352 14  3 27 486 352.585734800       0.11      1.22     -0.23  0.       -5667.583       4574.922         12.020    0.000  -0.055   0.152   0.
  2017 352 14  3 28 486 352.585746374      -0.23      1.67     -0.44  0.       -5667.398       4573.509         10.229    0.000  -0.056   0.153   0.
  2017 352 14  3 29 486 352.585757948      -0.43      1.68     -0.51  0.       -5667.212       4572.095          8.439    0.000  -0.056   0.153   0.
  2017 352 14  3 30 486 352.585769523      -0.96      2.22     -0.87  0.       -5667.026       4570.680          6.648    0.000  -0.056   0.153   0.
  2017 352 14  3 31 486 352.585781097      -1.18      1.84     -0.62  0.       -5666.839       4569.265          4.857    0.000  -0.056   0.153   0.
  2017 352 14  3 32 486 352.585792671      -0.99      1.47     -0.57  0.       -5666.651       4567.850          3.066    0.000  -0.055   0.152   0.
  2017 352 14  3 33 486 352.585804245      -0.80      1.14     -0.52  0.       -5666.462       4566.434          1.275    0.000  -0.055   0.152   0.
  2017 352 14  3 34 486 352.585815819      -0.49      1.20     -0.19  0.       -5666.273       4565.017         -0.515    0.000  -0.055   0.152   0.
  2017 352 14  3 35 486 352.585827393      -0.76      1.29     -0.26  0.       -5666.084       4563.600         -2.306    0.000  -0.055   0.152   0.
  2017 352 14  3 36 486 352.585838964      -1.00      1.63     -0.39  0.       -5665.894       4562.183         -4.097    0.000  -0.055   0.152   0.
  2017 352 14  3 37 486 352.585850538      -0.96      2.23     -1.13  0.       -5665.703       4560.765         -5.888    0.000  -0.055   0.152   0.
  2017 352 14  3 38 486 352.585862112      -0.95      2.34     -1.21  0.       -5665.511       4559.346         -7.678    0.000  -0.055   0.152   0.
  2017 352 14  3 39 486 352.585873686      -0.93      2.12     -0.95  0.       -5665.319       4557.927         -9.469    0.000  -0.055   0.152   0.
  2017 352 14  3 40 486 352.585885260      -0.85      2.00     -0.66  0.       -5665.126       4556.508        -11.260    0.000  -0.056   0.153   0.
  2017 352 14  3 41 486 352.585896835      -0.25      1.75     -1.24  0.       -5664.933       4555.088        -13.051    0.000  -0.056   0.153   0.
  2017 352 14  3 42 486 352.585908409      -0.08      1.48     -1.02  0.       -5664.738       4553.667        -14.841    0.000  -0.056   0.153   0.
  2017 352 14  3 43 486 352.585919983      -0.34      1.26     -0.62  0.       -5664.544       4552.246        -16.632    0.000  -0.056   0.153   0.
  2017 352 14  3 44 486 352.585931557      -0.42      1.65     -0.57  0.       -5664.348       4550.825        -18.423    0.000  -0.056   0.153   0.
  2017 352 14  3 45 486 352.585943131      -0.26      1.82     -0.52  0.       -5664.153       4549.403        -20.214    0.000  -0.056   0.153   0.
  2017 352 14  3 46 486 352.585954705      -0.64      1.99     -0.54  0.       -5663.956       4547.980        -22.004    0.000  -0.056   0.153   0.
  2017 352 14  3 47 486 352.585966279      -0.91      1.92     -0.40  0.       -5663.759       4546.557        -23.795    0.000  -0.056   0.153   0.
  2017 352 14  3 48 486 352.585977853      -0.70      1.70     -0.22  0.       -5663.561       4545.133        -25.586    0.000  -0.056   0.153   0.
  2017 352 14  3 49 486 352.585989427      -0.15      1.75      0.08  0.       -5663.362       4543.710        -27.377    0.000  -0.056   0.153   0.
  2017 352 14  3 50 486 352.586001001       0.25      1.58      0.27  0.       -5663.163       4542.285        -29.167    0.000  -0.055   0.152   0.
  2017 352 14  3 51 486 352.586012575      -0.08      1.57      0.21  0.       -5662.963       4540.860        -30.958    0.000  -0.055   0.152   0.
  2017 352 14  3 52 486 352.586024149      -0.03      1.81     -0.18  0.       -5662.763       4539.434        -32.749    0.000  -0.055   0.152   0.
  2017 352 14  3 53 486 352.586035723      -0.17      1.98     -0.31  0.       -5662.562       4538.008        -34.540    0.000  -0.055   0.152   0.
  2017 352 14  3 54 486 352.586047298       0.07      1.92     -0.23  0.       -5662.360       4536.582        -36.330    0.000  -0.055   0.152   0.
  2017 352 14  3 55 486 352.586058871       0.06      2.30     -0.45  0.       -5662.158       4535.154        -38.121    0.000  -0.055   0.152   0.
  2017 352 14  3 56 486 352.586070446       0.11      2.76     -0.45  0.       -5661.955       4533.727        -39.912    0.000  -0.056   0.153   0.
  2017 352 14  3 57 486 352.586082020       0.28      2.75     -0.45  0.       -5661.751       4532.299        -41.702    0.000  -0.056   0.153   0.
  2017 352 14  3 58 486 352.586093594       0.84      3.27     -0.89  0.       -5661.547       4530.870        -43.493    0.000  -0.055   0.152   0.
  2017 352 14  3 59 486 352.586105168       0.91      3.57     -0.83  0.       -5661.342       4529.441        -45.284    0.000  -0.055   0.152   0.
  2017 352 14  4  0 486 352.586116742       0.81      3.11     -0.95  0.       -5661.137       4528.011        -47.075    0.000  -0.056   0.153   0.
  2017 352 14  4  1 486 352.586128316       0.96      2.74     -1.29  0.       -5660.931       4526.581        -48.865    0.000  -0.056   0.153   0.
  2017 352 14  4  2 486 352.586139890       0.96      2.60     -1.30  0.       -5660.724       4525.150        -50.656    0.000  -0.055   0.152   0.
  2017 352 14  4  3 486 352.586151464       0.97      2.37     -1.29  0.       -5660.517       4523.719        -52.447    0.000  -0.055   0.152   0.
  2017 352 14  4  4 486 352.586163038       1.07      2.07     -1.33  0.       -5660.309       4522.287        -54.237    0.000  -0.055   0.152   0.
  2017 352 14  4  5 486 352.586174612       1.14      2.02     -1.29  0.       -5660.100       4520.855        -56.028    0.000  -0.055   0.152   0.
  2017 352 14  4  6 486 352.586186183       1.16      1.83     -1.30  0.       -5659.891       4519.422        -57.819    0.000  -0.056   0.153   0.
  2017 352 14  4  7 486 352.586197758       0.92      1.68     -1.34  0.       -5659.681       4517.989        -59.609    0.000  -0.056   0.153   0.
  2017 352 14  4  8 486 352.586209332       1.26      1.20     -1.28  0.       -5659.470       4516.555        -61.400    0.000  -0.056   0.153   0.
  2017 352 14  4  9 486 352.586220906       1.67      0.97     -1.24  0.       -5659.259       4515.121        -63.190    0.000  -0.056   0.153   0.
  2017 352 14  4 10 486 352.586232480       1.77      0.83     -1.04  0.       -5659.047       4513.686        -64.981    0.000  -0.055   0.152   0.
  2017 352 14  4 11 486 352.586244054       1.82      0.73     -1.08  0.       -5658.834       4512.251        -66.772    0.000  -0.055   0.152   0.
  2017 352 14  4 12 486 352.586255628       1.87      0.80     -1.07  0.       -5658.621       4510.815        -68.562    0.000  -0.055   0.152   0.
  2017 352 14  4 13 486 352.586267202       1.88      0.71     -1.11  0.       -5658.408       4509.379        -70.353    0.000  -0.055   0.152   0.
  2017 352 14  4 14 486 352.586278776       1.95      0.70     -1.18  0.       -5658.193       4507.942        -72.143    0.000  -0.055   0.152   0.
  2017 352 14  4 15 486 352.586290350       1.80      0.73     -1.17  0.       -5657.978       4506.505        -73.934    0.000  -0.055   0.152   0.
  2017 352 14  4 16 486 352.586301924       1.70      0.87     -1.02  0.       -5657.762       4505.067        -75.725    0.000  -0.055   0.152   0.
  2017 352 14  4 17 486 352.586313498       1.64      0.89     -0.82  0.       -5657.546       4503.629        -77.515    0.000  -0.055   0.152   0.
  2017 352 14  4 18 486 352.586325072       1.82      0.76     -0.72  0.       -5657.329       4502.190        -79.306    0.000  -0.055   0.152   0.
  2017 352 14  4 19 486 352.586336646       1.96      0.54     -0.76  0.       -5657.111       4500.751        -81.096    0.000  -0.055   0.152   0.
  2017 352 14  4 20 486 352.586348221       1.84      0.61     -0.95  0.       -5656.893       4499.311        -82.887    0.000  -0.056   0.153   0.
  2017 352 14  4 21 486 352.586359795       1.74      0.56     -0.97  0.       -5656.674       4497.870        -84.677    0.000  -0.056   0.153   0.
  2017 352 14  4 22 486 352.586371369       1.74      0.34     -0.95  0.       -5656.455       4496.429        -86.468    0.000  -0.055   0.152   0.
  2017 352 14  4 23 486 352.586382943       1.67      0.20     -0.95  0.       -5656.235       4494.988        -88.258    0.000  -0.055   0.152   0.
  2017 352 14  4 24 486 352.586394517       1.53      0.46     -0.97  0.       -5656.014       4493.546        -90.049    0.000  -0.055   0.152   0.
  2017 352 14  4 25 486 352.586406091       1.08      1.21     -0.66  0.       -5655.792       4492.104        -91.839    0.000  -0.055   0.152   0.
  2017 352 14  4 26 486 352.586417665       1.07      1.44     -0.55  0.       -5655.570       4490.661        -93.630    0.000  -0.055   0.152   0.
  2017 352 14  4 27 486 352.586429239       1.43      1.02     -0.52  0.       -5655.347       4489.217        -95.420    0.000  -0.055   0.152   0.
  2017 352 14  4 28 486 352.586440813       1.48      0.73     -0.43  0.       -5655.124       4487.773        -97.211    0.000  -0.055   0.152   0.
  2017 352 14  4 29 486 352.586452387       1.16      0.61     -1.00  0.       -5654.900       4486.329        -99.001    0.000  -0.055   0.152   0.
  2017 352 14  4 30 486 352.586463961       1.32      0.68     -0.99  0.       -5654.675       4484.884       -100.792    0.000  -0.056   0.153   0.
  2017 352 14  4 31 486 352.586475535       1.57      0.53     -0.93  0.       -5654.450       4483.438       -102.582    0.000  -0.056   0.153   0.
  2017 352 14  4 32 486 352.586487109       1.91      0.32     -0.52  0.       -5654.224       4481.992       -104.372    0.000  -0.056   0.153   0.
  2017 352 14  4 33 486 352.586498683       2.06      0.16     -0.34  0.       -5653.997       4480.546       -106.163    0.000  -0.056   0.153   0.
  2017 352 14  4 34 486 352.586510258       2.11      0.10     -0.23  0.       -5653.770       4479.099       -107.953    0.000  -0.056   0.153   0.
  2017 352 14  4 35 486 352.586521831       2.20     -0.07      0.04  0.       -5653.542       4477.651       -109.744    0.000  -0.056   0.153   0.
  2017 352 14  4 36 486 352.586533403       2.17     -0.35      0.20  0.       -5653.314       4476.203       -111.534    0.000  -0.056   0.153   0.
  2017 352 14  4 37 486 352.586544977       2.18     -0.51      0.22  0.       -5653.084       4474.755       -113.324    0.000  -0.056   0.153   0.
  2017 352 14  4 38 486 352.586556551       2.16     -0.65      0.26  0.       -5652.855       4473.305       -115.115    0.000  -0.055   0.152   0.
  2017 352 14  4 39 485 352.586568125       2.07     -0.80      0.22  0.       -5652.624       4471.856       -116.905    0.000  -0.055   0.152   0.
  2017 352 14  4 40 485 352.586579699       2.02     -0.85      0.09  0.       -5652.393       4470.406       -118.695    0.000  -0.055   0.152   0.
  2017 352 14  4 41 485 352.586591273       2.13     -0.74      0.01  0.       -5652.161       4468.955       -120.486    0.000  -0.055   0.152   0.
  2017 352 14  4 42 485 352.586602847       2.20     -0.58     -0.11  0.       -5651.929       4467.504       -122.276    0.000  -0.056   0.153   0.
  2017 352 14  4 43 485 352.586614421       2.30     -0.49     -0.06  0.       -5651.696       4466.052       -124.066    0.000  -0.056   0.153   0.
  2017 352 14  4 44 486 352.586625995       2.40     -0.62      0.06  0.       -5651.462       4464.600       -125.856    0.000  -0.056   0.153   0.
  2017 352 14  4 45 486 352.586637569       2.53     -0.75      0.18  0.       -5651.227       4463.148       -127.647    0.000  -0.056   0.153   0.
  2017 352 14  4 46 485 352.586649144       2.55     -0.74      0.16  0.       -5650.992       4461.694       -129.437    0.000  -0.055   0.152   0.
  2017 352 14  4 47 485 352.586660718       2.53     -0.73      0.16  0.       -5650.757       4460.241       -131.227    0.000  -0.055   0.152   0.
  2017 352 14  4 48 486 352.586672292       2.49     -0.94      0.08  0.       -5650.520       4458.787       -133.017    0.000  -0.055   0.152   0.
  2017 352 14  4 49 486 352.586683866       2.49     -1.10     -0.01  0.       -5650.283       4457.332       -134.807    0.000  -0.055   0.152   0.
  2017 352 14  4 50 486 352.586695440       2.41     -1.03     -0.01  0.       -5650.046       4455.877       -136.597    0.000  -0.056   0.153   0.
  2017 352 14  4 51 486 352.586707014       2.37     -1.03      0.04  0.       -5649.808       4454.421       -138.388    0.000  -0.056   0.153   0.
  2017 352 14  4 52 486 352.586718588       2.30     -1.14      0.03  0.       -5649.569       4452.965       -140.178    0.000  -0.055   0.152   0.
  2017 352 14  4 53 485 352.586730162       2.22     -0.98      0.00  0.       -5649.329       4451.508       -141.968    0.000  -0.055   0.152   0.
  2017 352 14  4 54 485 352.586741736       2.16     -0.88      0.01  0.       -5649.089       4450.051       -143.758    0.000  -0.055   0.152   0.
  2017 352 14  4 55 485 352.586753310       2.20     -0.72      0.08  0.       -5648.848       4448.593       -145.548    0.000  -0.055   0.152   0.
  2017 352 14  4 56 485 352.586764884       2.19     -0.82      0.09  0.       -5648.607       4447.135       -147.338    0.000  -0.055   0.152   0.
  2017 352 14  4 57 485 352.586776458       2.16     -0.86      0.08  0.       -5648.364       4445.676       -149.128    0.000  -0.055   0.152   0.
  2017 352 14  4 58 486 352.586788032       2.22     -0.94      0.14  0.       -5648.122       4444.217       -150.918    0.000  -0.055   0.152   0.
  2017 352 14  4 59 486 352.586799607       2.34     -0.98      0.26  0.       -5647.878       4442.757       -152.708    0.000  -0.055   0.152   0.
  2017 352 14  5  0 485 352.586811181       2.44     -1.12      0.33  0.       -5647.634       4441.296       -154.498    0.000  -0.056   0.153   0.
  2017 352 14  5  1 485 352.586822755       2.61     -1.23      0.32  0.       -5647.389       4439.836       -156.288    0.000  -0.056   0.153   0.
  2017 352 14  5  2 486 352.586834329       2.71     -1.33      0.31  0.       -5647.144       4438.374       -158.078    0.000  -0.056   0.153   0.
  2017 352 14  5  3 486 352.586845903       2.75     -1.38      0.24  0.       -5646.898       4436.912       -159.868    0.000  -0.056   0.153   0.
  2017 352 14  5  4 486 352.586857477       2.75     -1.50      0.16  0.       -5646.651       4435.450       -161.658    0.000  -0.055   0.152   0.
  2017 352 14  5  5 486 352.586869051       2.76     -1.39      0.14  0.       -5646.404       4433.987       -163.448    0.000  -0.055   0.152   0.
  2017 352 14  5  6 485 352.586880622       2.77     -1.39      0.01  0.       -5646.155       4432.524       -165.238    0.000  -0.056   0.153   0.
  2017 352 14  5  7 485 352.586892196       2.73     -1.25     -0.22  0.       -5645.907       4431.060       -167.027    0.000  -0.056   0.153   0.
  2017 352 14  5  8 485 352.586903770       2.73     -1.16     -0.26  0.       -5645.658       4429.595       -168.817    0.000  -0.055   0.152   0.
  2017 352 14  5  9 485 352.586915344       2.53     -0.97     -0.36  0.       -5645.407       4428.130       -170.607    0.000  -0.055   0.152   0.
  2017 352 14  5 10 485 352.586926918       2.43     -0.77     -0.31  0.       -5645.157       4426.665       -172.397    0.000  -0.055   0.152   0.
  2017 352 14  5 11 485 352.586938492       2.20     -0.39     -0.35  0.       -5644.906       4425.199       -174.187    0.000  -0.055   0.152   0.
  2017 352 14  5 12 485 352.586950067       2.15     -0.15     -0.25  0.       -5644.654       4423.732       -175.976    0.000  -0.056   0.153   0.
  2017 352 14  5 13 485 352.586961641       2.11     -0.05     -0.12  0.       -5644.401       4422.265       -177.766    0.000  -0.056   0.153   0.
  2017 352 14  5 14 485 352.586973215       2.24     -0.33     -0.02  0.       -5644.148       4420.798       -179.556    0.000  -0.055   0.152   0.
  2017 352 14  5 15 485 352.586984789       2.28     -0.49      0.02  0.       -5643.894       4419.330       -181.346    0.000  -0.055   0.152   0.
  2017 352 14  5 16 485 352.586996363       2.47     -0.45      0.00  0.       -5643.639       4417.861       -183.135    0.000  -0.056   0.153   0.
  2017 352 14  5 17 485 352.587007937       2.37     -0.28      0.06  0.       -5643.384       4416.392       -184.925    0.000  -0.056   0.153   0.
  2017 352 14  5 18 485 352.587019511       2.26     -0.24      0.02  0.       -5643.128       4414.923       -186.714    0.000  -0.056   0.153   0.
  2017 352 14  5 19 485 352.587031085       2.20     -0.08     -0.02  0.       -5642.872       4413.453       -188.504    0.000  -0.056   0.153   0.
  2017 352 14  5 20 485 352.587042659       2.19      0.06     -0.03  0.       -5642.614       4411.982       -190.294    0.000  -0.056   0.153   0.
  2017 352 14  5 21 485 352.587054233       2.21      0.09     -0.09  0.       -5642.356       4410.511       -192.083    0.000  -0.056   0.153   0.
  2017 352 14  5 22 485 352.587065807       2.27     -0.04      0.01  0.       -5642.098       4409.039       -193.873    0.000  -0.055   0.152   0.
  2017 352 14  5 23 485 352.587077381       2.23     -0.00     -0.00  0.       -5641.839       4407.567       -195.662    0.000  -0.055   0.152   0.
  2017 352 14  5 24 485 352.587088955       2.26     -0.07      0.02  0.       -5641.579       4406.095       -197.452    0.000  -0.055   0.152   0.
  2017 352 14  5 25 485 352.587100529       2.19     -0.08      0.02  0.       -5641.318       4404.621       -199.241    0.000  -0.055   0.152   0.
  2017 352 14  5 26 485 352.587112104       2.21     -0.16     -0.04  0.       -5641.057       4403.148       -201.031    0.000  -0.056   0.153   0.
  2017 352 14  5 27 485 352.587123678       2.08     -0.14      0.05  0.       -5640.795       4401.673       -202.820    0.000  -0.056   0.153   0.
  2017 352 14  5 28 485 352.587135252       2.00     -0.16      0.10  0.       -5640.533       4400.199       -204.609    0.000  -0.055   0.152   0.
  2017 352 14  5 29 485 352.587146826       1.93     -0.17      0.16  0.       -5640.270       4398.723       -206.399    0.000  -0.055   0.152   0.
  2017 352 14  5 30 485 352.587158400       1.91     -0.33      0.22  0.       -5640.006       4397.248       -208.188    0.000  -0.055   0.152   0.
  2017 352 14  5 31 485 352.587169974       1.86     -0.49      0.30  0.       -5639.742       4395.772       -209.977    0.000  -0.055   0.152   0.
  2017 352 14  5 32 485 352.587181548       2.04     -0.57      0.39  0.       -5639.477       4394.295       -211.767    0.000  -0.056   0.153   0.
  2017 352 14  5 33 485 352.587193122       2.20     -0.64      0.23  0.       -5639.211       4392.817       -213.556    0.000  -0.056   0.153   0.
  2017 352 14  5 34 485 352.587204696       2.26     -0.68      0.07  0.       -5638.944       4391.340       -215.345    0.000  -0.055   0.152   0.
  2017 352 14  5 35 485 352.587216270       2.14     -0.69     -0.07  0.       -5638.677       4389.861       -217.134    0.000  -0.055   0.152   0.
  2017 352 14  5 36 485 352.587227841       2.12     -0.66     -0.15  0.       -5638.410       4388.383       -218.924    0.000  -0.055   0.152   0.
  2017 352 14  5 37 485 352.587239415       2.08     -0.48     -0.16  0.       -5638.141       4386.903       -220.713    0.000  -0.055   0.152   0.
  2017 352 14  5 38 485 352.587250990       2.16     -0.21     -0.27  0.       -5637.872       4385.423       -222.502    0.000  -0.055   0.152   0.
  2017 352 14  5 39 485 352.587262564       2.00     -0.03     -0.40  0.       -5637.602       4383.943       -224.291    0.000  -0.055   0.152   0.
  2017 352 14  5 40 485 352.587274138       2.14     -0.02     -0.29  0.       -5637.332       4382.462       -226.080    0.000  -0.055   0.152   0.
  2017 352 14  5 41 485 352.587285712       2.26      0.06     -0.36  0.       -5637.061       4380.981       -227.869    0.000  -0.055   0.152   0.
  2017 352 14  5 42 485 352.587297286       2.39      0.07     -0.43  0.       -5636.789       4379.499       -229.658    0.000  -0.055   0.152   0.
  2017 352 14  5 43 485 352.587308860       2.54      0.04     -0.53  0.       -5636.517       4378.017       -231.447    0.000  -0.055   0.152   0.
  2017 352 14  5 44 485 352.587320434       2.64      0.08     -0.68  0.       -5636.244       4376.533       -233.236    0.000  -0.055   0.152   0.
  2017 352 14  5 45 485 352.587332008       2.62      0.06     -0.82  0.       -5635.970       4375.050       -235.025    0.000  -0.055   0.152   0.
  2017 352 14  5 46 485 352.587343582       2.83      0.12     -0.87  0.       -5635.696       4373.566       -236.814    0.000  -0.056   0.153   0.
  2017 352 14  5 47 485 352.587355156       2.89      0.01     -0.88  0.       -5635.421       4372.081       -238.603    0.000  -0.056   0.153   0.
  2017 352 14  5 48 485 352.587366730       2.86     -0.10     -0.90  0.       -5635.145       4370.596       -240.392    0.000  -0.055   0.152   0.
  2017 352 14  5 49 485 352.587378304       2.76     -0.21     -0.97  0.       -5634.869       4369.111       -242.181    0.000  -0.055   0.152   0.
  2017 352 14  5 50 485 352.587389878       2.73     -0.19     -1.09  0.       -5634.592       4367.625       -243.969    0.000  -0.055   0.152   0.
  2017 352 14  5 51 485 352.587401453       2.64     -0.21     -1.32  0.       -5634.314       4366.138       -245.758    0.000  -0.055   0.152   0.
  2017 352 14  5 52 485 352.587413027       2.44     -0.21     -1.44  0.       -5634.036       4364.651       -247.547    0.000  -0.055   0.152   0.
  2017 352 14  5 53 485 352.587424601       2.43     -0.29     -1.37  0.       -5633.757       4363.164       -249.336    0.000  -0.055   0.152   0.
  2017 352 14  5 54 485 352.587436175       2.44     -0.22     -1.37  0.       -5633.477       4361.676       -251.124    0.000  -0.055   0.152   0.
  2017 352 14  5 55 485 352.587447749       2.22     -0.29     -1.39  0.       -5633.197       4360.187       -252.913    0.000  -0.055   0.152   0.
  2017 352 14  5 56 485 352.587459323       1.83     -0.30     -1.97  0.       -5632.916       4358.698       -254.702    0.000  -0.055   0.152   0.
  2017 352 14  5 57 485 352.587470897       1.53     -0.63     -2.44  0.       -5632.634       4357.208       -256.490    0.000  -0.055   0.152   0.
  2017 352 14  5 58 485 352.587482471       1.57     -0.54     -2.41  0.       -5632.351       4355.718       -258.279    0.000  -0.056   0.153   0.
  2017 352 14  5 59 485 352.587494045       1.67     -0.51     -1.88  0.       -5632.068       4354.227       -260.067    0.000  -0.056   0.153   0.
  2017 352 14  6  0 485 352.587505619       2.15     -0.27     -1.40  0.       -5631.785       4352.736       -261.856    0.000  -0.055   0.152   0.
  2017 352 14  6  1 485 352.587517193       2.06     -0.51     -1.45  0.       -5631.500       4351.245       -263.644    0.000  -0.055   0.152   0.
  2017 352 14  6  2 485 352.587528767       2.13     -0.50     -1.53  0.       -5631.215       4349.752       -265.433    0.000  -0.055   0.152   0.
  2017 352 14  6  3 485 352.587540341       2.21     -0.39     -1.62  0.       -5630.930       4348.260       -267.221    0.000  -0.055   0.152   0.
  2017 352 14  6  4 485 352.587551916       2.23     -0.26     -1.70  0.       -5630.643       4346.766       -269.009    0.000  -0.056   0.153   0.
  2017 352 14  6  5 485 352.587563490       2.19      0.08     -1.73  0.       -5630.356       4345.273       -270.798    0.000  -0.056   0.153   0.
  2017 352 14  6  6 485 352.587575064       2.18      0.50     -1.50  0.       -5630.069       4343.778       -272.586    0.000  -0.055   0.152   0.
  2017 352 14  6  7 485 352.587586637       2.27      0.25     -1.30  0.       -5629.780       4342.283       -274.374    0.000  -0.055   0.152   0.
  2017 352 14  6  8 485 352.587598209       2.36      0.12     -1.14  0.       -5629.491       4340.788       -276.163    0.000  -0.055   0.152   0.
  2017 352 14  6  9 485 352.587609783       2.38     -0.31     -1.09  0.       -5629.202       4339.292       -277.951    0.000  -0.055   0.152   0.
  2017 352 14  6 10 485 352.587621357       2.40     -0.63     -1.07  0.       -5628.911       4337.796       -279.739    0.000  -0.055   0.152   0.
  2017 352 14  6 11 485 352.587632931       2.63     -0.82     -0.94  0.       -5628.620       4336.299       -281.527    0.000  -0.055   0.152   0.
  2017 352 14  6 12 485 352.587644505       2.84     -0.91     -0.68  0.       -5628.328       4334.802       -283.315    0.000  -0.055   0.152   0.
  2017 352 14  6 13 485 352.587656079       3.08     -0.89     -0.59  0.       -5628.036       4333.304       -285.103    0.000  -0.055   0.152   0.
  2017 352 14  6 14 485 352.587667653       3.30     -0.74     -0.71  0.       -5627.743       4331.805       -286.891    0.000  -0.056   0.153   0.
  2017 352 14  6 15 485 352.587679227       3.64     -0.51     -0.72  0.       -5627.449       4330.306       -288.679    0.000  -0.056   0.153   0.
  2017 352 14  6 16 485 352.587690802       3.72     -0.10     -0.62  0.       -5627.155       4328.807       -290.467    0.000  -0.056   0.153   0.
  2017 352 14  6 17 485 352.587702376       3.24      0.69     -0.48  0.       -5626.860       4327.307       -292.255    0.000  -0.056   0.153   0.
  2017 352 14  6 18 485 352.587713950       2.91      1.61     -0.60  0.       -5626.564       4325.806       -294.043    0.000  -0.055   0.152   0.
  2017 352 14  6 19 485 352.587725524       2.33      2.02     -0.51  0.       -5626.268       4324.305       -295.831    0.000  -0.055   0.152   0.
  2017 352 14  6 20 485 352.587737098       2.09      2.14     -0.53  0.       -5625.971       4322.804       -297.619    0.000  -0.055   0.152   0.
  2017 352 14  6 21 485 352.587748672       2.31      1.95     -0.45  0.       -5625.673       4321.302       -299.407    0.000  -0.055   0.152   0.
  2017 352 14  6 22 485 352.587760246       2.43      1.77     -0.42  0.       -5625.374       4319.799       -301.194    0.000  -0.055   0.152   0.
  2017 352 14  6 23 485 352.587771820       2.67      1.42     -0.47  0.       -5625.075       4318.296       -302.982    0.000  -0.055   0.152   0.
  2017 352 14  6 24 485 352.587783394       2.67      1.26     -0.37  0.       -5624.775       4316.793       -304.770    0.000  -0.055   0.152   0.
  2017 352 14  6 25 485 352.587794968       2.65      1.12     -0.36  0.       -5624.475       4315.288       -306.557    0.000  -0.055   0.152   0.
  2017 352 14  6 26 485 352.587806542       2.75      0.95     -0.37  0.       -5624.174       4313.784       -308.345    0.000  -0.055   0.152   0.
  2017 352 14  6 27 485 352.587818116       2.83      0.58     -0.41  0.       -5623.872       4312.279       -310.132    0.000  -0.055   0.152   0.
  2017 352 14  6 28 485 352.587829690       3.03      0.36     -0.35  0.       -5623.570       4310.773       -311.920    0.000  -0.055   0.152   0.
  2017 352 14  6 29 485 352.587841264       3.25      0.09     -0.33  0.       -5623.266       4309.267       -313.708    0.000  -0.055   0.152   0.
  2017 352 14  6 30 485 352.587852839       3.19     -0.13     -0.14  0.       -5622.963       4307.760       -315.495    0.000  -0.055   0.152   0.
  2017 352 14  6 31 485 352.587864413       3.09     -0.15      0.08  0.       -5622.658       4306.253       -317.282    0.000  -0.055   0.152   0.
  2017 352 14  6 32 485 352.587875987       2.81      0.02      0.04  0.       -5622.353       4304.745       -319.070    0.000  -0.055   0.152   0.
  2017 352 14  6 33 485 352.587887561       2.51     -0.20      0.14  0.       -5622.047       4303.237       -320.857    0.000  -0.055   0.152   0.
  2017 352 14  6 34 485 352.587899135       2.54     -0.47      0.26  0.       -5621.741       4301.728       -322.644    0.000  -0.055   0.152   0.
  2017 352 14  6 35 485 352.587910709       2.63     -0.53      0.35  0.       -5621.433       4300.219       -324.432    0.000  -0.055   0.152   0.
  2017 352 14  6 36 485 352.587922283       2.59     -0.35      0.38  0.       -5621.125       4298.709       -326.219    0.000  -0.055   0.152   0.
  2017 352 14  6 37 484 352.587933857       2.61     -0.19      0.46  0.       -5620.817       4297.199       -328.006    0.000  -0.055   0.152   0.
  2017 352 14  6 38 484 352.587945428       2.69     -0.17      0.52  0.       -5620.508       4295.688       -329.793    0.000  -0.055   0.152   0.
  2017 352 14  6 39 484 352.587957002       2.61     -0.10      0.56  0.       -5620.198       4294.177       -331.580    0.000  -0.055   0.152   0.
  2017 352 14  6 40 485 352.587968576       2.61     -0.06      0.55  0.       -5619.887       4292.665       -333.367    0.000  -0.055   0.152   0.
  2017 352 14  6 41 485 352.587980150       2.53     -0.13      0.49  0.       -5619.576       4291.152       -335.154    0.000  -0.055   0.152   0.
  2017 352 14  6 42 484 352.587991725       2.50     -0.08      0.44  0.       -5619.264       4289.639       -336.941    0.000  -0.055   0.152   0.
  2017 352 14  6 43 484 352.588003299       2.34     -0.14      0.47  0.       -5618.951       4288.126       -338.728    0.000  -0.055   0.152   0.
  2017 352 14  6 44 485 352.588014873       2.13     -0.32      0.68  0.       -5618.638       4286.612       -340.515    0.000  -0.056   0.153   0.
  2017 352 14  6 45 485 352.588026447       2.12     -0.54      0.74  0.       -5618.324       4285.098       -342.302    0.000  -0.056   0.153   0.
  2017 352 14  6 46 485 352.588038021       2.17     -0.76      0.80  0.       -5618.009       4283.583       -344.089    0.000  -0.056   0.153   0.
  2017 352 14  6 47 485 352.588049595       2.06     -0.79      0.78  0.       -5617.694       4282.067       -345.876    0.000  -0.056   0.153   0.
  2017 352 14  6 48 485 352.588061169       2.00     -0.84      0.94  0.       -5617.378       4280.551       -347.662    0.000  -0.056   0.153   0.
  2017 352 14  6 49 484 352.588072743       1.94     -1.00      1.02  0.       -5617.061       4279.034       -349.449    0.000  -0.056   0.153   0.
  2017 352 14  6 50 484 352.588084317       2.15     -1.15      1.27  0.       -5616.744       4277.517       -351.236    0.000  -0.055   0.152   0.
  2017 352 14  6 51 484 352.588095891       2.06     -1.18      1.45  0.       -5616.426       4276.000       -353.022    0.000  -0.055   0.152   0.
  2017 352 14  6 52 484 352.588107465       2.11     -1.17      1.49  0.       -5616.107       4274.482       -354.809    0.000  -0.055   0.152   0.
  2017 352 14  6 53 484 352.588119039       2.06     -1.18      1.50  0.       -5615.788       4272.963       -356.595    0.000  -0.055   0.152   0.
  2017 352 14  6 54 485 352.588130613       2.17     -1.12      1.45  0.       -5615.468       4271.444       -358.382    0.000  -0.055   0.152   0.
  2017 352 14  6 55 485 352.588142188       2.12     -1.06      1.31  0.       -5615.147       4269.924       -360.168    0.000  -0.055   0.152   0.
  2017 352 14  6 56 484 352.588153762       2.04     -1.04      1.25  0.       -5614.825       4268.404       -361.955    0.000  -0.055   0.152   0.
  2017 352 14  6 57 484 352.588165336       2.02     -1.06      1.32  0.       -5614.503       4266.883       -363.741    0.000  -0.055   0.152   0.
  2017 352 14  6 58 485 352.588176910       1.94     -1.11      1.60  0.       -5614.180       4265.362       -365.527    0.000  -0.055   0.152   0.
  2017 352 14  6 59 485 352.588188484       1.83     -1.18      1.67  0.       -5613.857       4263.841       -367.313    0.000  -0.055   0.152   0.
  2017 352 14  7  0 485 352.588200058       1.81     -1.24      1.54  0.       -5613.532       4262.318       -369.100    0.000  -0.055   0.152   0.
  2017 352 14  7  1 485 352.588211632       1.78     -1.24      1.49  0.       -5613.208       4260.795       -370.886    0.000  -0.055   0.152   0.
  2017 352 14  7  2 484 352.588223206       1.90     -1.25      1.54  0.       -5612.882       4259.272       -372.672    0.000  -0.055   0.152   0.
  2017 352 14  7  3 484 352.588234780       2.02     -1.25      1.63  0.       -5612.556       4257.748       -374.458    0.000  -0.055   0.152   0.
  2017 352 14  7  4 484 352.588246354       2.32     -1.38      1.82  0.       -5612.229       4256.224       -376.244    0.000  -0.055   0.152   0.
  2017 352 14  7  5 484 352.588257928       2.38     -1.36      1.72  0.       -5611.901       4254.699       -378.030    0.000  -0.055   0.152   0.
  2017 352 14  7  6 484 352.588269502       2.49     -1.48      1.64  0.       -5611.573       4253.174       -379.816    0.000  -0.056   0.153   0.
  2017 352 14  7  7 485 352.588281076       2.47     -1.63      1.73  0.       -5611.244       4251.648       -381.602    0.000  -0.056   0.153   0.
  2017 352 14  7  8 484 352.588292648       2.28     -1.54      1.75  0.       -5610.914       4250.122       -383.388    0.000  -0.055   0.152   0.
  2017 352 14  7  9 484 352.588304222       2.31     -1.42      1.54  0.       -5610.584       4248.595       -385.173    0.000  -0.055   0.152   0.
  2017 352 14  7 10 484 352.588315796       2.26     -1.37      1.35  0.       -5610.253       4247.067       -386.959    0.000  -0.055   0.152   0.
  2017 352 14  7 11 484 352.588327370       1.97     -1.00      1.28  0.       -5609.921       4245.539       -388.745    0.000  -0.055   0.152   0.
  2017 352 14  7 12 484 352.588338944       1.75     -0.64      1.29  0.       -5609.589       4244.011       -390.530    0.000  -0.055   0.152   0.
  2017 352 14  7 13 484 352.588350518       1.68     -0.47      1.22  0.       -5609.255       4242.482       -392.316    0.000  -0.055   0.152   0.
  2017 352 14  7 14 484 352.588362092       1.77     -0.61      1.28  0.       -5608.922       4240.952       -394.101    0.000  -0.055   0.152   0.
  2017 352 14  7 15 484 352.588373666       1.92     -0.54      1.20  0.       -5608.587       4239.422       -395.887    0.000  -0.055   0.152   0.
  2017 352 14  7 16 484 352.588385240       2.10     -0.60      1.04  0.       -5608.252       4237.891       -397.672    0.000  -0.055   0.152   0.
  2017 352 14  7 17 484 352.588396814       2.13     -0.47      0.92  0.       -5607.916       4236.360       -399.458    0.000  -0.055   0.152   0.
  2017 352 14  7 18 484 352.588408388       2.16     -0.46      1.04  0.       -5607.580       4234.829       -401.243    0.000  -0.056   0.153   0.
  2017 352 14  7 19 484 352.588419962       2.29     -0.56      1.18  0.       -5607.242       4233.297       -403.028    0.000  -0.056   0.153   0.
  2017 352 14  7 20 484 352.588431536       2.16     -0.55      1.11  0.       -5606.904       4231.764       -404.814    0.000  -0.055   0.152   0.
  2017 352 14  7 21 484 352.588443111       2.12     -0.48      1.10  0.       -5606.566       4230.231       -406.599    0.000  -0.055   0.152   0.
  2017 352 14  7 22 484 352.588454685       2.06     -0.67      1.21  0.       -5606.226       4228.697       -408.384    0.000  -0.055   0.152   0.
  2017 352 14  7 23 484 352.588466259       2.11     -0.89      1.25  0.       -5605.886       4227.163       -410.169    0.000  -0.055   0.152   0.
  2017 352 14  7 24 484 352.588477833       2.00     -1.23      1.31  0.       -5605.546       4225.628       -411.954    0.000  -0.055   0.152   0.
  2017 352 14  7 25 484 352.588489407       1.96     -1.37      1.39  0.       -5605.204       4224.093       -413.739    0.000  -0.055   0.152   0.
  2017 352 14  7 26 484 352.588500981       1.98     -1.55      1.49  0.       -5604.862       4222.557       -415.524    0.000  -0.056   0.153   0.
  2017 352 14  7 27 484 352.588512555       2.22     -1.77      1.08  0.       -5604.520       4221.021       -417.309    0.000  -0.056   0.153   0.
  2017 352 14  7 28 484 352.588524129       2.37     -1.51      0.56  0.       -5604.176       4219.484       -419.094    0.000  -0.055   0.152   0.
  2017 352 14  7 29 484 352.588535703       2.46     -1.36      0.39  0.       -5603.832       4217.947       -420.879    0.000  -0.055   0.152   0.
  2017 352 14  7 30 484 352.588547277       2.74     -1.12     -0.09  0.       -5603.487       4216.409       -422.663    0.000  -0.055   0.152   0.
  2017 352 14  7 31 484 352.588558851       3.01     -0.67     -0.85  0.       -5603.142       4214.870       -424.448    0.000  -0.055   0.152   0.
  2017 352 14  7 32 484 352.588570425       1.71      0.18     -1.48  0.       -5602.795       4213.332       -426.233    0.000  -0.055   0.152   0.
  2017 352 14  7 33 484 352.588581999       1.20      1.53     -2.82  0.       -5602.448       4211.792       -428.017    0.000  -0.055   0.152   0.
  2017 352 14  7 34 484 352.588593573       1.64      1.69     -3.13  0.       -5602.101       4210.252       -429.802    0.000  -0.055   0.152   0.
  2017 352 14  7 35 484 352.588605148       2.07      1.79     -3.11  0.       -5601.752       4208.712       -431.586    0.000  -0.055   0.152   0.
  2017 352 14  7 36 484 352.588616722       1.74      2.25     -3.25  0.       -5601.403       4207.171       -433.371    0.000  -0.055   0.152   0.
  2017 352 14  7 37 484 352.588628295       1.24      2.58     -3.31  0.       -5601.054       4205.629       -435.155    0.000  -0.055   0.152   0.
  2017 352 14  7 38 484 352.588639867       0.83      2.67     -3.23  0.       -5600.703       4204.087       -436.939    0.000  -0.055   0.152   0.
  2017 352 14  7 39 484 352.588651441       0.56      2.61     -3.16  0.       -5600.352       4202.545       -438.724    0.000  -0.055   0.152   0.
  2017 352 14  7 40 484 352.588663015       0.38      2.64     -3.09  0.       -5600.001       4201.002       -440.508    0.000  -0.055   0.152   0.
  2017 352 14  7 41 484 352.588674589       0.40      2.61     -3.04  0.       -5599.648       4199.458       -442.292    0.000  -0.055   0.152   0.
  2017 352 14  7 42 484 352.588686163       0.48      2.41     -2.86  0.       -5599.295       4197.914       -444.076    0.000  -0.055   0.152   0.
  2017 352 14  7 43 484 352.588697737       0.50      2.25     -2.74  0.       -5598.941       4196.369       -445.860    0.000  -0.055   0.152   0.
  2017 352 14  7 44 484 352.588709311       0.54      2.43     -2.62  0.       -5598.587       4194.824       -447.644    0.000  -0.055   0.152   0.
  2017 352 14  7 45 484 352.588720885       0.29      2.36     -2.03  0.       -5598.231       4193.279       -449.428    0.000  -0.055   0.152   0.
  2017 352 14  7 46 484 352.588732459       0.11      2.04     -1.42  0.       -5597.875       4191.732       -451.212    0.000  -0.055   0.152   0.
  2017 352 14  7 47 484 352.588744034      -0.04      1.82     -1.12  0.       -5597.519       4190.186       -452.995    0.000  -0.055   0.152   0.
  2017 352 14  7 48 484 352.588755608      -0.13      1.68     -0.93  0.       -5597.161       4188.638       -454.779    0.000  -0.055   0.152   0.
  2017 352 14  7 49 484 352.588767182       0.11      1.39     -0.73  0.       -5596.803       4187.091       -456.563    0.000  -0.055   0.152   0.
  2017 352 14  7 50 484 352.588778756       0.64      1.31     -0.58  0.       -5596.444       4185.542       -458.347    0.000  -0.055   0.152   0.
  2017 352 14  7 51 484 352.588790330       0.96      0.77     -0.35  0.       -5596.085       4183.994       -460.130    0.000  -0.055   0.152   0.
  2017 352 14  7 52 484 352.588801904       1.02      0.45     -0.33  0.       -5595.725       4182.444       -461.914    0.000  -0.056   0.153   0.
  2017 352 14  7 53 484 352.588813478       1.02      0.13     -0.24  0.       -5595.364       4180.894       -463.697    0.000  -0.056   0.153   0.
  2017 352 14  7 54 484 352.588825052       1.34     -0.16     -0.29  0.       -5595.003       4179.344       -465.480    0.000  -0.055   0.152   0.
  2017 352 14  7 55 484 352.588836626       1.60     -0.72     -0.40  0.       -5594.640       4177.793       -467.264    0.000  -0.055   0.152   0.
  2017 352 14  7 56 484 352.588848200       1.44     -0.96     -0.39  0.       -5594.277       4176.242       -469.047    0.000  -0.056   0.153   0.
  2017 352 14  7 57 484 352.588859774       1.39     -1.29     -0.48  0.       -5593.914       4174.689       -470.830    0.000  -0.056   0.153   0.
  2017 352 14  7 58 484 352.588871348       1.27     -1.56     -0.60  0.       -5593.549       4173.137       -472.613    0.000  -0.055   0.152   0.
  2017 352 14  7 59 484 352.588882922       1.34     -1.79     -0.56  0.       -5593.184       4171.584       -474.397    0.000  -0.055   0.152   0.
  2017 352 14  8  0 484 352.588894497       1.40     -1.96     -0.46  0.       -5592.819       4170.031       -476.180    0.000  -0.055   0.152   0.
  2017 352 14  8  1 484 352.588906071       1.09     -1.92     -0.39  0.       -5592.452       4168.477       -477.963    0.000  -0.055   0.152   0.
  2017 352 14  8  2 484 352.588917645       0.85     -1.69     -0.37  0.       -5592.085       4166.922       -479.745    0.000  -0.055   0.152   0.
  2017 352 14  8  3 484 352.588929219       0.68     -1.56     -0.41  0.       -5591.717       4165.367       -481.528    0.000  -0.055   0.152   0.
  2017 352 14  8  4 484 352.588940793       0.59     -1.29     -0.39  0.       -5591.349       4163.811       -483.311    0.000  -0.055   0.152   0.
  2017 352 14  8  5 484 352.588952367       0.28     -1.12     -0.53  0.       -5590.980       4162.255       -485.094    0.000  -0.055   0.152   0.
  2017 352 14  8  6 484 352.588963941       0.13     -1.04     -0.69  0.       -5590.610       4160.699       -486.876    0.000  -0.055   0.152   0.
  2017 352 14  8  7 484 352.588975515       0.08     -0.79     -0.62  0.       -5590.239       4159.142       -488.659    0.000  -0.055   0.152   0.
  2017 352 14  8  8 484 352.588987086       0.10     -0.73     -0.66  0.       -5589.868       4157.584       -490.442    0.000  -0.055   0.152   0.
  2017 352 14  8  9 484 352.588998660       0.13     -0.78     -0.37  0.       -5589.496       4156.026       -492.224    0.000  -0.055   0.152   0.
  2017 352 14  8 10 484 352.589010234      -0.09     -0.59     -0.27  0.       -5589.123       4154.467       -494.007    0.000  -0.055   0.152   0.
  2017 352 14  8 11 484 352.589021808      -0.19     -0.37     -0.21  0.       -5588.749       4152.908       -495.789    0.000  -0.055   0.152   0.
  2017 352 14  8 12 484 352.589033383       0.10     -0.62     -0.00  0.       -5588.375       4151.348       -497.571    0.000  -0.055   0.152   0.
  2017 352 14  8 13 484 352.589044957       0.05     -0.58      0.07  0.       -5588.000       4149.788       -499.353    0.000  -0.055   0.152   0.
  2017 352 14  8 14 484 352.589056531       0.10     -1.21      0.09  0.       -5587.625       4148.227       -501.136    0.000  -0.055   0.152   0.
  2017 352 14  8 15 484 352.589068105      -0.11     -1.36      0.16  0.       -5587.249       4146.665       -502.918    0.000  -0.055   0.152   0.
  2017 352 14  8 16 484 352.589079679      -0.36     -1.52     -0.01  0.       -5586.872       4145.104       -504.700    0.000  -0.055   0.152   0.
  2017 352 14  8 17 484 352.589091253      -0.51     -1.64     -0.10  0.       -5586.494       4143.541       -506.482    0.000  -0.055   0.152   0.
  2017 352 14  8 18 484 352.589102827      -0.84     -1.70     -0.23  0.       -5586.116       4141.978       -508.264    0.000  -0.055   0.152   0.
  2017 352 14  8 19 484 352.589114401      -0.52     -1.53     -0.13  0.       -5585.736       4140.415       -510.046    0.000  -0.055   0.152   0.
  2017 352 14  8 20 484 352.589125975      -0.24     -1.75     -0.00  0.       -5585.357       4138.851       -511.827    0.000  -0.056   0.153   0.
  2017 352 14  8 21 484 352.589137549       0.21     -1.86     -0.11  0.       -5584.976       4137.286       -513.609    0.000  -0.056   0.153   0.
  2017 352 14  8 22 484 352.589149123       1.15     -2.05      0.16  0.       -5584.595       4135.721       -515.391    0.000  -0.055   0.152   0.
  2017 352 14  8 23 484 352.589160697       2.28     -2.15      0.69  0.       -5584.213       4134.156       -517.172    0.000  -0.055   0.152   0.
  2017 352 14  8 24 484 352.589172271       2.66     -1.82      1.12  0.       -5583.831       4132.590       -518.954    0.000  -0.055   0.152   0.
  2017 352 14  8 25 484 352.589183845       2.94     -1.65      1.42  0.       -5583.447       4131.023       -520.735    0.000  -0.055   0.152   0.
  2017 352 14  8 26 484 352.589195420       2.93     -1.51      1.54  0.       -5583.063       4129.456       -522.517    0.000  -0.056   0.153   0.
  2017 352 14  8 27 484 352.589206994       2.76     -1.33      1.42  0.       -5582.678       4127.888       -524.298    0.000  -0.056   0.153   0.
  2017 352 14  8 28 484 352.589218568       2.42     -1.18      1.73  0.       -5582.293       4126.320       -526.079    0.000  -0.055   0.152   0.
  2017 352 14  8 29 484 352.589230142       2.48     -1.08      1.86  0.       -5581.907       4124.752       -527.861    0.000  -0.055   0.152   0.
  2017 352 14  8 30 484 352.589241716       2.21     -0.55      1.34  0.       -5581.520       4123.182       -529.642    0.000  -0.055   0.152   0.
  2017 352 14  8 31 484 352.589253290       1.79     -1.06      0.81  0.       -5581.132       4121.613       -531.423    0.000  -0.055   0.152   0.
  2017 352 14  8 32 484 352.589264864       1.94     -1.96      0.29  0.       -5580.744       4120.042       -533.204    0.000  -0.055   0.152   0.
  2017 352 14  8 33 484 352.589276438       2.05     -2.03      0.37  0.       -5580.355       4118.472       -534.985    0.000  -0.055   0.152   0.
  2017 352 14  8 34 484 352.589288012       1.87     -2.35      0.14  0.       -5579.965       4116.900       -536.765    0.000  -0.055   0.152   0.
  2017 352 14  8 35 484 352.589299586       2.08     -2.63      0.17  0.       -5579.575       4115.328       -538.546    0.000  -0.055   0.152   0.
  2017 352 14  8 36 484 352.589311160       2.25     -2.63      0.82  0.       -5579.184       4113.756       -540.327    0.000  -0.055   0.152   0.
  2017 352 14  8 37 484 352.589322734       2.31     -2.47      0.77  0.       -5578.792       4112.183       -542.108    0.000  -0.055   0.152   0.
  2017 352 14  8 38 483 352.589334306       2.50     -2.32      0.78  0.       -5578.399       4110.610       -543.888    0.000  -0.056   0.153   0.
  2017 352 14  8 39 483 352.589345880       2.78     -2.13      0.75  0.       -5578.006       4109.036       -545.669    0.000  -0.056   0.153   0.
  2017 352 14  8 40 484 352.589357454       3.00     -2.10      0.71  0.       -5577.612       4107.461       -547.449    0.000  -0.055   0.152   0.
  2017 352 14  8 41 484 352.589369028       3.18     -2.20      0.97  0.       -5577.218       4105.886       -549.229    0.000  -0.055   0.152   0.
  2017 352 14  8 42 484 352.589380602       3.11     -1.82      1.30  0.       -5576.822       4104.311       -551.010    0.000  -0.055   0.152   0.
  2017 352 14  8 43 484 352.589392176       2.79     -1.66      1.20  0.       -5576.426       4102.735       -552.790    0.000  -0.055   0.152   0.
  2017 352 14  8 44 483 352.589403750       2.79     -1.52      1.10  0.       -5576.029       4101.158       -554.570    0.000  -0.055   0.152   0.
  2017 352 14  8 45 483 352.589415324       2.51     -1.30      1.25  0.       -5575.632       4099.581       -556.350    0.000  -0.055   0.152   0.
  2017 352 14  8 46 483 352.589426898       2.31     -1.42      1.32  0.       -5575.233       4098.004       -558.130    0.000  -0.055   0.152   0.
  2017 352 14  8 47 483 352.589438472       1.83     -1.66      1.30  0.       -5574.834       4096.426       -559.910    0.000  -0.055   0.152   0.
  2017 352 14  8 48 483 352.589450046       1.72     -2.16      1.32  0.       -5574.435       4094.847       -561.690    0.000  -0.055   0.152   0.
  2017 352 14  8 49 484 352.589461620       1.80     -2.44      1.27  0.       -5574.034       4093.268       -563.470    0.000  -0.055   0.152   0.
  2017 352 14  8 50 484 352.589473194       2.28     -2.53      1.42  0.       -5573.633       4091.688       -565.249    0.000  -0.055   0.152   0.
  2017 352 14  8 51 483 352.589484769       2.25     -2.48      1.50  0.       -5573.232       4090.108       -567.029    0.000  -0.055   0.152   0.
  2017 352 14  8 52 483 352.589496343       2.05     -2.41      1.28  0.       -5572.829       4088.527       -568.809    0.000  -0.055   0.152   0.
  2017 352 14  8 53 484 352.589507917       2.13     -2.46      1.26  0.       -5572.426       4086.946       -570.588    0.000  -0.055   0.152   0.
  2017 352 14  8 54 484 352.589519491       2.01     -2.43      1.50  0.       -5572.022       4085.364       -572.368    0.000  -0.055   0.152   0.
  2017 352 14  8 55 484 352.589531065       1.89     -2.37      1.52  0.       -5571.617       4083.782       -574.147    0.000  -0.055   0.152   0.
  2017 352 14  8 56 484 352.589542639       1.86     -2.46      1.63  0.       -5571.212       4082.199       -575.926    0.000  -0.055   0.152   0.
  2017 352 14  8 57 484 352.589554213       2.05     -2.34      1.81  0.       -5570.806       4080.615       -577.705    0.000  -0.055   0.152   0.
  2017 352 14  8 58 483 352.589565787       1.87     -2.12      1.86  0.       -5570.399       4079.031       -579.485    0.000  -0.055   0.152   0.
  2017 352 14  8 59 483 352.589577361       1.59     -2.04      1.81  0.       -5569.991       4077.447       -581.264    0.000  -0.055   0.152   0.
  2017 352 14  9  0 483 352.589588935       1.40     -2.01      1.59  0.       -5569.583       4075.862       -583.043    0.000  -0.055   0.152   0.
  2017 352 14  9  1 483 352.589600509       1.39     -1.98      1.39  0.       -5569.174       4074.277       -584.821    0.000  -0.055   0.152   0.
  2017 352 14  9  2 483 352.589612083       1.58     -2.02      1.06  0.       -5568.764       4072.691       -586.600    0.000  -0.055   0.152   0.
  2017 352 14  9  3 484 352.589623657       2.19     -2.72      0.53  0.       -5568.354       4071.104       -588.379    0.000  -0.055   0.152   0.
  2017 352 14  9  4 484 352.589635231       2.54     -2.63      0.73  0.       -5567.943       4069.517       -590.158    0.000  -0.055   0.152   0.
  2017 352 14  9  5 483 352.589646806       2.74     -2.14      0.85  0.       -5567.531       4067.930       -591.936    0.000  -0.055   0.152   0.
  2017 352 14  9  6 483 352.589658380       2.69     -1.62      0.88  0.       -5567.118       4066.342       -593.715    0.000  -0.056   0.153   0.
  2017 352 14  9  7 484 352.589669954       2.78     -1.60      0.93  0.       -5566.705       4064.753       -595.493    0.000  -0.056   0.153   0.
  2017 352 14  9  8 484 352.589681528       2.83     -2.21      0.86  0.       -5566.291       4063.164       -597.272    0.000  -0.055   0.152   0.
  2017 352 14  9  9 499 352.589693283       2.63     -2.14      0.95  0.       -5565.870       4061.549       -599.078    0.000  -0.055   0.152   0.
  2017 352 14  9 10 515 352.589705035       2.40     -2.09      0.93  0.       -5565.447       4059.934       -600.884    0.000  -0.055   0.152   0.
  2017 352 14  9 11 515 352.589716609       2.36     -2.44      0.80  0.       -5565.032       4058.344       -602.662    0.000  -0.055   0.152   0.
  2017 352 14  9 12 515 352.589728183       2.42     -2.79      0.72  0.       -5564.615       4056.752       -604.440    0.000  -0.056   0.153   0.
  2017 352 14  9 13 515 352.589739757       2.26     -2.97      0.86  0.       -5564.197       4055.160       -606.218    0.000  -0.056   0.153   0.
  2017 352 14  9 14 514 352.589751331       2.30     -2.67      1.01  0.       -5563.779       4053.568       -607.996    0.000  -0.055   0.152   0.
  2017 352 14  9 15 514 352.589762905       2.14     -2.57      1.05  0.       -5563.360       4051.975       -609.773    0.000  -0.055   0.152   0.
  2017 352 14  9 16 514 352.589774479       2.06     -2.60      1.00  0.       -5562.940       4050.382       -611.551    0.000  -0.056   0.153   0.
  2017 352 14  9 17 514 352.589786053       2.04     -2.75      0.96  0.       -5562.519       4048.788       -613.329    0.000  -0.056   0.153   0.
  2017 352 14  9 18 514 352.589797627       1.86     -2.91      1.08  0.       -5562.098       4047.194       -615.106    0.000  -0.055   0.152   0.
  2017 352 14  9 19 515 352.589809201       1.56     -2.93      1.14  0.       -5561.676       4045.599       -616.884    0.000  -0.055   0.152   0.
  2017 352 14  9 20 515 352.589820775       1.38     -2.91      1.15  0.       -5561.253       4044.003       -618.661    0.000  -0.055   0.152   0.
  2017 352 14  9 21 514 352.589832350       1.19     -3.04      1.12  0.       -5560.830       4042.407       -620.439    0.000  -0.055   0.152   0.
  2017 352 14  9 22 514 352.589843924       0.90     -3.35      1.09  0.       -5560.406       4040.811       -622.216    0.000  -0.056   0.153   0.
  2017 352 14  9 23 515 352.589855498       0.64     -3.39      0.90  0.       -5559.981       4039.213       -623.993    0.000  -0.056   0.153   0.
  2017 352 14  9 24 515 352.589867072       0.65     -3.64      0.79  0.       -5559.555       4037.616       -625.770    0.000  -0.055   0.152   0.
  2017 352 14  9 25 515 352.589878646       0.89     -3.62      0.95  0.       -5559.129       4036.018       -627.547    0.000  -0.055   0.152   0.
  2017 352 14  9 26 515 352.589890220       1.43     -3.72      1.02  0.       -5558.702       4034.419       -629.324    0.000  -0.055   0.152   0.
  2017 352 14  9 27 515 352.589901794       2.03     -3.99      1.29  0.       -5558.274       4032.820       -631.101    0.000  -0.055   0.152   0.
  2017 352 14  9 28 514 352.589913368       2.10     -4.01      1.46  0.       -5557.846       4031.220       -632.878    0.000  -0.055   0.152   0.
  2017 352 14  9 29 514 352.589924942       2.14     -3.93      1.48  0.       -5557.417       4029.620       -634.654    0.000  -0.055   0.152   0.
  2017 352 14  9 30 514 352.589936516       2.07     -3.96      1.30  0.       -5556.987       4028.019       -636.431    0.000  -0.056   0.153   0.
  2017 352 14  9 31 514 352.589948090       2.23     -4.39      1.50  0.       -5556.556       4026.418       -638.207    0.000  -0.056   0.153   0.
  2017 352 14  9 32 514 352.589959664       2.45     -4.27      1.69  0.       -5556.125       4024.816       -639.984    0.000  -0.056   0.153   0.
  2017 352 14  9 33 515 352.589971238       2.94     -3.87      1.44  0.       -5555.692       4023.214       -641.760    0.000  -0.056   0.153   0.
  2017 352 14  9 34 515 352.589982812       2.99     -3.16      1.25  0.       -5555.259       4021.611       -643.536    0.000  -0.055   0.152   0.
  2017 352 14  9 35 514 352.589994387       2.75     -2.65      1.21  0.       -5554.826       4020.008       -645.313    0.000  -0.055   0.152   0.
  2017 352 14  9 36 515 352.590005961       2.66     -2.08      1.07  0.       -5554.392       4018.404       -647.088    0.000  -0.055   0.152   0.
  2017 352 14  9 37 515 352.590017535       2.38     -2.01      0.96  0.       -5553.957       4016.799       -648.865    0.000  -0.055   0.152   0.
  2017 352 14  9 38 515 352.590029109       2.19     -1.79      1.06  0.       -5553.521       4015.194       -650.640    0.000  -0.055   0.152   0.
  2017 352 14  9 39 515 352.590040683       1.99     -1.74      1.20  0.       -5553.084       4013.589       -652.416    0.000  -0.055   0.152   0.
  2017 352 14  9 40 514 352.590052254       2.07     -2.43      1.42  0.       -5552.647       4011.983       -654.192    0.000  -0.055   0.152   0.
  2017 352 14  9 41 514 352.590063828       1.77     -2.48      1.51  0.       -5552.209       4010.376       -655.968    0.000  -0.055   0.152   0.
  2017 352 14  9 42 514 352.590075402       1.45     -2.46      0.99  0.       -5551.770       4008.769       -657.743    0.000  -0.055   0.152   0.
  2017 352 14  9 43 514 352.590086976       1.03     -2.37      0.92  0.       -5551.331       4007.162       -659.519    0.000  -0.055   0.152   0.
  2017 352 14  9 44 514 352.590098550       1.04     -2.57      1.03  0.       -5550.891       4005.554       -661.294    0.000  -0.055   0.152   0.
  2017 352 14  9 45 514 352.590110124       1.09     -2.68      1.16  0.       -5550.450       4003.945       -663.069    0.000  -0.055   0.152   0.
  2017 352 14  9 46 514 352.590121698       1.18     -2.48      1.28  0.       -5550.008       4002.336       -664.845    0.000  -0.055   0.152   0.
  2017 352 14  9 47 514 352.590133273       1.06     -2.02      1.19  0.       -5549.566       4000.726       -666.620    0.000  -0.055   0.152   0.
  2017 352 14  9 48 514 352.590144847       0.87     -1.89      1.08  0.       -5549.123       3999.116       -668.395    0.000  -0.056   0.153   0.
  2017 352 14  9 49 514 352.590156421       0.82     -1.65      0.95  0.       -5548.679       3997.505       -670.170    0.000  -0.056   0.153   0.
  2017 352 14  9 50 514 352.590167995       0.53     -1.96      0.75  0.       -5548.235       3995.894       -671.944    0.000  -0.055   0.152   0.
  2017 352 14  9 51 514 352.590179569       0.64     -1.96      0.68  0.       -5547.789       3994.282       -673.719    0.000  -0.055   0.152   0.
  2017 352 14  9 52 514 352.590191143       0.65     -2.26      0.63  0.       -5547.343       3992.670       -675.494    0.000  -0.056   0.153   0.
  2017 352 14  9 53 514 352.590202717       1.07     -2.40      0.69  0.       -5546.897       3991.057       -677.269    0.000  -0.056   0.153   0.
  2017 352 14  9 54 514 352.590214291       1.27     -2.29      0.69  0.       -5546.449       3989.443       -679.043    0.000  -0.055   0.152   0.
  2017 352 14  9 55 514 352.590225865       1.30     -2.42      0.87  0.       -5546.001       3987.829       -680.817    0.000  -0.055   0.152   0.
  2017 352 14  9 56 514 352.590237439       1.35     -2.60      0.85  0.       -5545.552       3986.215       -682.592    0.000  -0.056   0.153   0.
  2017 352 14  9 57 514 352.590249013       1.87     -2.71      1.04  0.       -5545.102       3984.600       -684.366    0.000  -0.056   0.153   0.
  2017 352 14  9 58 514 352.590260587       1.92     -2.34      1.19  0.       -5544.652       3982.984       -686.140    0.000  -0.056   0.153   0.
  2017 352 14  9 59 514 352.590272161       1.83     -2.26      1.11  0.       -5544.201       3981.368       -687.914    0.000  -0.056   0.153   0.
  2017 352 14 10  0 514 352.590283736       1.80     -2.04      1.36  0.       -5543.749       3979.752       -689.688    0.000  -0.055   0.152   0.
  2017 352 14 10  1 514 352.590295310       1.69     -1.78      1.40  0.       -5543.296       3978.135       -691.462    0.000  -0.055   0.152   0.
  2017 352 14 10  2 514 352.590306884       1.30     -0.78      2.21  0.       -5542.843       3976.517       -693.236    0.000  -0.056   0.153   0.
  2017 352 14 10  3 514 352.590318458       1.55     -1.39      1.72  0.       -5542.389       3974.899       -695.009    0.000  -0.056   0.153   0.
  2017 352 14 10  4 514 352.590330032       1.80     -1.47      1.68  0.       -5541.934       3973.280       -696.783    0.000  -0.056   0.153   0.
  2017 352 14 10  5 514 352.590341606       1.87     -1.74      1.69  0.       -5541.478       3971.661       -698.556    0.000  -0.056   0.153   0.
  2017 352 14 10  6 514 352.590353180       1.93     -1.72      1.58  0.       -5541.022       3970.041       -700.330    0.000  -0.055   0.152   0.
  2017 352 14 10  7 514 352.590364754       1.57     -2.01      1.37  0.       -5540.565       3968.421       -702.103    0.000  -0.055   0.152   0.
  2017 352 14 10  8 514 352.590376328       0.72     -3.25      1.03  0.       -5540.107       3966.800       -703.876    0.000  -0.055   0.152   0.
  2017 352 14 10  9 514 352.590387902       0.50     -3.50      0.79  0.       -5539.649       3965.179       -705.649    0.000  -0.055   0.152   0.
  2017 352 14 10 10 514 352.590399473       0.75     -3.07      0.84  0.       -5539.190       3963.557       -707.422    0.000  -0.055   0.152   0.
  2017 352 14 10 11 514 352.590411047       0.66     -3.04      1.02  0.       -5538.730       3961.935       -709.195    0.000  -0.055   0.152   0.
  2017 352 14 10 12 514 352.590422622       0.25     -3.55      0.75  0.       -5538.269       3960.312       -710.968    0.000  -0.055   0.152   0.
  2017 352 14 10 13 514 352.590434196       0.00     -3.45      0.71  0.       -5537.807       3958.688       -712.741    0.000  -0.055   0.152   0.
  2017 352 14 10 14 514 352.590445770      -0.32     -3.51      0.69  0.       -5537.345       3957.064       -714.514    0.000  -0.055   0.152   0.
  2017 352 14 10 15 514 352.590457344      -0.52     -3.47      0.67  0.       -5536.882       3955.440       -716.286    0.000  -0.055   0.152   0.
  2017 352 14 10 16 514 352.590468918      -0.96     -3.37      0.47  0.       -5536.418       3953.815       -718.058    0.000  -0.055   0.152   0.
  2017 352 14 10 17 514 352.590480492      -1.34     -3.34      0.24  0.       -5535.954       3952.189       -719.831    0.000  -0.055   0.152   0.
  2017 352 14 10 18 514 352.590492066      -1.42     -3.30      0.13  0.       -5535.489       3950.563       -721.603    0.000  -0.056   0.153   0.
  2017 352 14 10 19 514 352.590503640      -1.49     -3.18      0.10  0.       -5535.023       3948.936       -723.375    0.000  -0.056   0.153   0.
  2017 352 14 10 20 514 352.590515214      -1.88     -3.06      0.12  0.       -5534.556       3947.309       -725.147    0.000  -0.055   0.152   0.
  2017 352 14 10 21 514 352.590526788      -2.29     -3.11      0.14  0.       -5534.089       3945.682       -726.919    0.000  -0.055   0.152   0.
  2017 352 14 10 22 514 352.590538362      -2.62     -2.96      0.16  0.       -5533.621       3944.053       -728.691    0.000  -0.055   0.152   0.
  2017 352 14 10 23 514 352.590549936      -2.89     -2.72      0.22  0.       -5533.152       3942.425       -730.463    0.000  -0.055   0.152   0.
  2017 352 14 10 24 514 352.590561510      -3.07     -2.57     -0.18  0.       -5532.682       3940.795       -732.234    0.000  -0.056   0.153   0.
  2017 352 14 10 25 514 352.590573084      -3.14     -2.23     -0.30  0.       -5532.212       3939.166       -734.006    0.000  -0.056   0.153   0.
  2017 352 14 10 26 514 352.590584659      -3.05     -1.77     -0.48  0.       -5531.741       3937.535       -735.777    0.000  -0.055   0.152   0.
  2017 352 14 10 27 514 352.590596233      -2.86     -1.18     -0.67  0.       -5531.269       3935.904       -737.549    0.000  -0.055   0.152   0.
  2017 352 14 10 28 514 352.590607807      -2.56     -0.73     -0.72  0.       -5530.797       3934.273       -739.320    0.000  -0.056   0.153   0.
  2017 352 14 10 29 514 352.590619381      -2.37     -0.22     -0.75  0.       -5530.323       3932.641       -741.091    0.000  -0.056   0.153   0.
  2017 352 14 10 30 514 352.590630955      -2.29     -0.03     -0.78  0.       -5529.849       3931.008       -742.862    0.000  -0.056   0.153   0.
  2017 352 14 10 31 514 352.590642529      -2.23      0.08     -0.75  0.       -5529.374       3929.376       -744.633    0.000  -0.056   0.153   0.
  2017 352 14 10 32 514 352.590654103      -2.17      0.14     -0.57  0.       -5528.899       3927.742       -746.404    0.000  -0.055   0.152   0.
  2017 352 14 10 33 514 352.590665677      -2.10      0.27     -0.53  0.       -5528.422       3926.108       -748.175    0.000  -0.055   0.152   0.
  2017 352 14 10 34 514 352.590677251      -2.07      0.44     -0.39  0.       -5527.945       3924.474       -749.946    0.000  -0.056   0.153   0.
  2017 352 14 10 35 514 352.590688825      -2.08      0.70     -0.20  0.       -5527.468       3922.838       -751.716    0.000  -0.056   0.153   0.
  2017 352 14 10 36 514 352.590700399      -2.16      0.82     -0.01  0.       -5526.989       3921.203       -753.487    0.000  -0.056   0.153   0.
  2017 352 14 10 37 514 352.590711973      -2.31      0.93      0.26  0.       -5526.510       3919.567       -755.257    0.000  -0.056   0.153   0.
  2017 352 14 10 38 514 352.590723547      -2.75      1.15      0.49  0.       -5526.029       3917.930       -757.027    0.000  -0.056   0.153   0.
  2017 352 14 10 39 514 352.590735121      -2.89      1.17      0.55  0.       -5525.549       3916.293       -758.797    0.000  -0.056   0.153   0.
  2017 352 14 10 40 514 352.590746693      -3.03      1.06      0.59  0.       -5525.067       3914.655       -760.567    0.000  -0.055   0.152   0.
  2017 352 14 10 41 514 352.590758267      -3.06      0.78      0.54  0.       -5524.585       3913.017       -762.337    0.000  -0.055   0.152   0.
  2017 352 14 10 42 514 352.590769841      -3.07      0.75      0.55  0.       -5524.102       3911.378       -764.107    0.000  -0.056   0.153   0.
  2017 352 14 10 43 514 352.590781415      -3.00      0.55      0.58  0.       -5523.618       3909.739       -765.877    0.000  -0.056   0.153   0.
  2017 352 14 10 44 514 352.590792989      -3.04      0.37      0.49  0.       -5523.134       3908.099       -767.646    0.000  -0.055   0.152   0.
  2017 352 14 10 45 514 352.590804563      -3.14      0.33      0.26  0.       -5522.648       3906.458       -769.416    0.000  -0.055   0.152   0.
  2017 352 14 10 46 514 352.590816137      -2.94      0.28      0.16  0.       -5522.162       3904.818       -771.185    0.000  -0.055   0.152   0.
  2017 352 14 10 47 514 352.590827711      -2.77      0.22      0.29  0.       -5521.676       3903.176       -772.955    0.000  -0.055   0.152   0.
  2017 352 14 10 48 514 352.590839285      -2.56      0.20      0.52  0.       -5521.188       3901.534       -774.724    0.000  -0.055   0.152   0.
  2017 352 14 10 49 514 352.590850859      -2.38      0.12      0.39  0.       -5520.700       3899.892       -776.493    0.000  -0.055   0.152   0.
  2017 352 14 10 50 514 352.590862433      -2.06     -0.23      0.12  0.       -5520.211       3898.249       -778.262    0.000  -0.055   0.152   0.
  2017 352 14 10 51 514 352.590874008      -1.76     -0.39     -0.34  0.       -5519.721       3896.605       -780.031    0.000  -0.055   0.152   0.
  2017 352 14 10 52 514 352.590885582      -1.50     -0.92     -0.69  0.       -5519.231       3894.961       -781.800    0.000  -0.056   0.153   0.
  2017 352 14 10 53 514 352.590897156      -1.44     -1.21     -0.86  0.       -5518.739       3893.316       -783.568    0.000  -0.056   0.153   0.
  2017 352 14 10 54 514 352.590908730      -1.37     -1.24     -0.75  0.       -5518.247       3891.671       -785.337    0.000  -0.056   0.153   0.
  2017 352 14 10 55 514 352.590920304      -1.13     -1.08     -0.29  0.       -5517.754       3890.025       -787.105    0.000  -0.056   0.153   0.
  2017 352 14 10 56 514 352.590931878      -1.14     -0.84      0.01  0.       -5517.261       3888.379       -788.874    0.000  -0.055   0.152   0.
  2017 352 14 10 57 514 352.590943452      -1.20     -0.83      0.24  0.       -5516.767       3886.732       -790.642    0.000  -0.055   0.152   0.
  2017 352 14 10 58 514 352.590955026      -1.55     -0.93      0.45  0.       -5516.272       3885.085       -792.410    0.000  -0.055   0.152   0.
  2017 352 14 10 59 514 352.590966600      -1.61     -0.88      0.55  0.       -5515.776       3883.437       -794.178    0.000  -0.055   0.152   0.
  2017 352 14 11  0 514 352.590978174      -1.64     -0.71      0.58  0.       -5515.279       3881.789       -795.946    0.000  -0.056   0.153   0.
  2017 352 14 11  1 514 352.590989748      -1.74     -0.53      0.66  0.       -5514.782       3880.140       -797.714    0.000  -0.056   0.153   0.
  2017 352 14 11  2 514 352.591001322      -2.02     -0.32      0.62  0.       -5514.284       3878.491       -799.481    0.000  -0.056   0.153   0.
  2017 352 14 11  3 514 352.591012896      -2.18     -0.44      0.50  0.       -5513.785       3876.841       -801.249    0.000  -0.056   0.153   0.
  2017 352 14 11  4 514 352.591024471      -2.02     -0.54      0.46  0.       -5513.285       3875.190       -803.016    0.000  -0.055   0.152   0.
  2017 352 14 11  5 514 352.591036045      -1.82     -0.50      0.38  0.       -5512.785       3873.539       -804.784    0.000  -0.055   0.152   0.
  2017 352 14 11  6 514 352.591047619      -1.70     -0.53      0.36  0.       -5512.284       3871.888       -806.551    0.000  -0.055   0.152   0.
  2017 352 14 11  7 514 352.591059193      -1.66     -0.43      0.37  0.       -5511.782       3870.236       -808.318    0.000  -0.055   0.152   0.
  2017 352 14 11  8 514 352.591070767      -1.78     -0.49      0.46  0.       -5511.280       3868.583       -810.085    0.000  -0.056   0.153   0.
  2017 352 14 11  9 514 352.591082341      -1.91     -0.44      0.59  0.       -5510.776       3866.930       -811.852    0.000  -0.056   0.153   0.
  2017 352 14 11 10 514 352.591093915      -2.16     -0.43      0.74  0.       -5510.272       3865.276       -813.619    0.000  -0.055   0.152   0.
  2017 352 14 11 11 513 352.591105489      -2.16     -0.22      0.86  0.       -5509.767       3863.622       -815.386    0.000  -0.055   0.152   0.
  2017 352 14 11 12 513 352.591117060      -2.21     -0.04      0.79  0.       -5509.262       3861.967       -817.152    0.000  -0.056   0.153   0.
  2017 352 14 11 13 513 352.591128634      -2.19      0.18      0.67  0.       -5508.755       3860.312       -818.919    0.000  -0.056   0.153   0.
  2017 352 14 11 14 513 352.591140208      -2.22      0.25      0.46  0.       -5508.248       3858.656       -820.685    0.000  -0.055   0.152   0.
  2017 352 14 11 15 514 352.591151782      -2.19      0.18      0.25  0.       -5507.740       3857.000       -822.451    0.000  -0.055   0.152   0.
  2017 352 14 11 16 514 352.591163356      -2.16      0.21      0.06  0.       -5507.232       3855.343       -824.217    0.000  -0.056   0.153   0.
  2017 352 14 11 17 513 352.591174931      -2.15     -0.00     -0.00  0.       -5506.722       3853.686       -825.983    0.000  -0.056   0.153   0.
  2017 352 14 11 18 513 352.591186505      -2.27     -0.08     -0.09  0.       -5506.212       3852.028       -827.749    0.000  -0.055   0.152   0.
  2017 352 14 11 19 514 352.591198079      -2.43     -0.38     -0.41  0.       -5505.701       3850.369       -829.515    0.000  -0.055   0.152   0.
  2017 352 14 11 20 514 352.591209653      -2.50     -1.22     -0.98  0.       -5505.189       3848.710       -831.281    0.000  -0.056   0.153   0.
  2017 352 14 11 21 514 352.591221227      -2.41     -1.07     -1.12  0.       -5504.677       3847.051       -833.046    0.000  -0.056   0.153   0.
  2017 352 14 11 22 514 352.591232801      -2.31     -0.67     -1.12  0.       -5504.164       3845.391       -834.812    0.000  -0.055   0.152   0.
  2017 352 14 11 23 513 352.591244375      -2.41     -0.36     -1.09  0.       -5503.650       3843.730       -836.577    0.000  -0.055   0.152   0.
  2017 352 14 11 24 513 352.591255949      -2.29     -0.67     -1.02  0.       -5503.135       3842.069       -838.342    0.000  -0.056   0.153   0.
  2017 352 14 11 25 513 352.591267523      -2.31     -0.87     -0.99  0.       -5502.620       3840.408       -840.107    0.000  -0.056   0.153   0.
  2017 352 14 11 26 513 352.591279097      -2.48     -1.09     -1.24  0.       -5502.103       3838.745       -841.872    0.000  -0.055   0.152   0.
  2017 352 14 11 27 513 352.591290671      -2.51     -1.32     -1.92  0.       -5501.586       3837.083       -843.637    0.000  -0.055   0.152   0.
  2017 352 14 11 28 514 352.591302245      -2.54     -1.00     -1.90  0.       -5501.068       3835.420       -845.402    0.000  -0.056   0.153   0.
  2017 352 14 11 29 514 352.591313819      -2.30     -0.58     -1.64  0.       -5500.550       3833.756       -847.166    0.000  -0.056   0.153   0.
  2017 352 14 11 30 513 352.591325394      -2.24     -0.18     -1.20  0.       -5500.031       3832.092       -848.931    0.000  -0.055   0.152   0.
  2017 352 14 11 31 513 352.591336968      -2.30     -0.31     -1.03  0.       -5499.511       3830.427       -850.695    0.000  -0.055   0.152   0.
  2017 352 14 11 32 514 352.591348542      -2.59     -0.50     -0.95  0.       -5498.990       3828.761       -852.460    0.000  -0.056   0.153   0.
  2017 352 14 11 33 514 352.591360116      -2.72     -0.61     -0.90  0.       -5498.468       3827.095       -854.224    0.000  -0.056   0.153   0.
  2017 352 14 11 34 514 352.591371690      -2.92     -0.67     -0.85  0.       -5497.946       3825.429       -855.988    0.000  -0.055   0.152   0.
  2017 352 14 11 35 514 352.591383264      -3.02     -0.91     -0.83  0.       -5497.423       3823.762       -857.752    0.000  -0.055   0.152   0.
  2017 352 14 11 36 514 352.591394838      -2.93     -0.96     -0.90  0.       -5496.899       3822.095       -859.515    0.000  -0.056   0.153   0.
  2017 352 14 11 37 513 352.591406412      -2.83     -0.79     -0.91  0.       -5496.374       3820.427       -861.279    0.000  -0.056   0.153   0.
  2017 352 14 11 38 513 352.591417986      -2.78     -0.47     -0.96  0.       -5495.849       3818.758       -863.043    0.000  -0.056   0.153   0.
  2017 352 14 11 39 513 352.591429560      -2.96     -0.47     -1.24  0.       -5495.322       3817.089       -864.806    0.000  -0.056   0.153   0.
  2017 352 14 11 40 513 352.591441134      -3.06     -0.55     -1.64  0.       -5494.795       3815.419       -866.569    0.000  -0.056   0.153   0.
  2017 352 14 11 41 513 352.591452708      -2.63     -0.39     -1.86  0.       -5494.268       3813.749       -868.333    0.000  -0.056   0.153   0.
  2017 352 14 11 42 513 352.591464279      -2.33     -0.09     -1.99  0.       -5493.739       3812.079       -870.096    0.000  -0.055   0.152   0.
  2017 352 14 11 43 513 352.591475854      -2.32     -0.06     -2.45  0.       -5493.210       3810.407       -871.859    0.000  -0.055   0.152   0.
  2017 352 14 11 44 513 352.591487428      -2.45     -0.21     -2.85  0.       -5492.680       3808.735       -873.621    0.000  -0.056   0.153   0.
  2017 352 14 11 45 513 352.591499002      -2.32     -0.18     -2.86  0.       -5492.149       3807.063       -875.384    0.000  -0.056   0.153   0.
  2017 352 14 11 46 513 352.591510576      -2.29     -0.03     -2.87  0.       -5491.618       3805.390       -877.147    0.000  -0.055   0.152   0.
  2017 352 14 11 47 513 352.591522150      -2.02      0.28     -2.46  0.       -5491.085       3803.717       -878.909    0.000  -0.055   0.152   0.
  2017 352 14 11 48 513 352.591533724      -2.14      0.42     -2.32  0.       -5490.552       3802.043       -880.671    0.000  -0.056   0.153   0.
  2017 352 14 11 49 513 352.591545298      -2.27      0.60     -1.93  0.       -5490.018       3800.369       -882.434    0.000  -0.056   0.153   0.
  2017 352 14 11 50 513 352.591556872      -2.36      0.61     -1.85  0.       -5489.484       3798.694       -884.196    0.000  -0.056   0.153   0.
  2017 352 14 11 51 513 352.591568446      -2.63      0.49     -1.97  0.       -5488.948       3797.018       -885.958    0.000  -0.056   0.153   0.
  2017 352 14 11 52 513 352.591580020      -2.76      0.68     -2.02  0.       -5488.412       3795.342       -887.719    0.000  -0.055   0.152   0.
  2017 352 14 11 53 513 352.591591594      -3.02      0.73     -1.95  0.       -5487.875       3793.666       -889.481    0.000  -0.055   0.152   0.
  2017 352 14 11 54 513 352.591603168      -3.24      0.67     -1.91  0.       -5487.337       3791.989       -891.243    0.000  -0.056   0.153   0.
  2017 352 14 11 55 513 352.591614742      -3.38      0.84     -1.91  0.       -5486.799       3790.311       -893.004    0.000  -0.056   0.153   0.
  2017 352 14 11 56 513 352.591626317      -3.45      0.94     -1.83  0.       -5486.260       3788.633       -894.765    0.000  -0.056   0.153   0.
  2017 352 14 11 57 513 352.591637891      -3.47      1.08     -1.63  0.       -5485.720       3786.954       -896.526    0.000  -0.056   0.153   0.
  2017 352 14 11 58 513 352.591649465      -3.42      1.09     -1.36  0.       -5485.179       3785.275       -898.288    0.000  -0.056   0.153   0.
  2017 352 14 11 59 513 352.591661039      -3.39      1.11     -0.94  0.       -5484.637       3783.596       -900.049    0.000  -0.056   0.153   0.
  2017 352 14 12  0 513 352.591672613      -3.33      1.02     -0.83  0.       -5484.095       3781.915       -901.809    0.000  -0.056   0.153   0.
  2017 352 14 12  1 513 352.591684187      -3.57      1.14     -0.90  0.       -5483.552       3780.234       -903.570    0.000  -0.056   0.153   0.
  2017 352 14 12  2 513 352.591695761      -3.67      1.18     -0.63  0.       -5483.008       3778.553       -905.331    0.000  -0.055   0.152   0.
  2017 352 14 12  3 513 352.591707335      -3.33      1.19     -0.55  0.       -5482.463       3776.871       -907.091    0.000  -0.055   0.152   0.
  2017 352 14 12  4 513 352.591718909      -2.98      1.23     -0.86  0.       -5481.918       3775.189       -908.851    0.000  -0.056   0.153   0.
  2017 352 14 12  5 513 352.591730483      -2.89      1.14     -0.99  0.       -5481.372       3773.506       -910.611    0.000  -0.056   0.153   0.
  2017 352 14 12  6 513 352.591742057      -2.84      1.06     -0.98  0.       -5480.825       3771.822       -912.372    0.000  -0.056   0.153   0.
  2017 352 14 12  7 513 352.591753631      -2.82      0.83     -0.97  0.       -5480.277       3770.138       -914.131    0.000  -0.056   0.153   0.
  2017 352 14 12  8 513 352.591765205      -2.96      0.70     -0.98  0.       -5479.728       3768.454       -915.891    0.000  -0.056   0.153   0.
  2017 352 14 12  9 513 352.591776779      -2.95      0.78     -1.09  0.       -5479.179       3766.769       -917.650    0.000  -0.056   0.153   0.
  2017 352 14 12 10 513 352.591788354      -2.96      0.86     -1.48  0.       -5478.629       3765.083       -919.410    0.000  -0.056   0.153   0.
  2017 352 14 12 11 513 352.591799928      -2.91      1.17     -2.25  0.       -5478.078       3763.397       -921.170    0.000  -0.056   0.153   0.
  2017 352 14 12 12 513 352.591811502      -2.95      1.25     -2.16  0.       -5477.527       3761.710       -922.929    0.000  -0.055   0.152   0.
  2017 352 14 12 13 513 352.591823075      -3.17      1.38     -1.99  0.       -5476.974       3760.023       -924.688    0.000  -0.055   0.152   0.
  2017 352 14 12 14 513 352.591834647      -3.43      1.50     -2.07  0.       -5476.421       3758.335       -926.447    0.000  -0.055   0.152   0.
  2017 352 14 12 15 513 352.591846221      -3.51      1.51     -2.06  0.       -5475.867       3756.647       -928.206    0.000  -0.055   0.152   0.
  2017 352 14 12 16 513 352.591857795      -3.73      1.64     -2.20  0.       -5475.312       3754.958       -929.965    0.000  -0.056   0.153   0.
  2017 352 14 12 17 513 352.591869369      -3.72      1.47     -2.23  0.       -5474.757       3753.269       -931.723    0.000  -0.056   0.153   0.
  2017 352 14 12 18 513 352.591880943      -3.81      1.47     -2.21  0.       -5474.200       3751.579       -933.482    0.000  -0.055   0.152   0.
  2017 352 14 12 19 513 352.591892517      -4.03      1.36     -2.07  0.       -5473.643       3749.889       -935.240    0.000  -0.055   0.152   0.
  2017 352 14 12 20 513 352.591904091      -4.10      1.35     -1.87  0.       -5473.085       3748.198       -936.998    0.000  -0.056   0.153   0.
  2017 352 14 12 21 513 352.591915666      -4.15      1.37     -1.59  0.       -5472.527       3746.506       -938.756    0.000  -0.056   0.153   0.
  2017 352 14 12 22 513 352.591927240      -4.07      1.23     -1.24  0.       -5471.967       3744.814       -940.514    0.000  -0.056   0.153   0.
  2017 352 14 12 23 513 352.591938814      -3.83      1.12     -1.20  0.       -5471.407       3743.122       -942.272    0.000  -0.056   0.153   0.
  2017 352 14 12 24 513 352.591950388      -4.13      1.26     -1.43  0.       -5470.846       3741.429       -944.030    0.000  -0.056   0.153   0.
  2017 352 14 12 25 513 352.591961962      -4.29      1.36     -1.60  0.       -5470.284       3739.735       -945.787    0.000  -0.056   0.153   0.
  2017 352 14 12 26 513 352.591973536      -4.22      1.30     -1.66  0.       -5469.722       3738.041       -947.544    0.000  -0.056   0.153   0.
  2017 352 14 12 27 513 352.591985110      -4.11      1.35     -1.74  0.       -5469.158       3736.346       -949.302    0.000  -0.056   0.153   0.
  2017 352 14 12 28 513 352.591996684      -4.02      1.29     -1.65  0.       -5468.594       3734.651       -951.059    0.000  -0.056   0.153   0.
  2017 352 14 12 29 513 352.592008258      -3.86      1.13     -1.74  0.       -5468.029       3732.956       -952.816    0.000  -0.056   0.153   0.
  2017 352 14 12 30 513 352.592019832      -4.21      1.35     -1.85  0.       -5467.464       3731.259       -954.573    0.000  -0.056   0.153   0.
  2017 352 14 12 31 513 352.592031406      -4.71      1.35     -1.83  0.       -5466.897       3729.562       -956.329    0.000  -0.056   0.153   0.
  2017 352 14 12 32 513 352.592042980      -4.80      1.24     -1.79  0.       -5466.330       3727.865       -958.086    0.000  -0.056   0.153   0.
  2017 352 14 12 33 513 352.592054554      -4.73      1.33     -1.85  0.       -5465.762       3726.167       -959.842    0.000  -0.056   0.153   0.
  2017 352 14 12 34 513 352.592066128      -4.53      1.65     -1.87  0.       -5465.193       3724.468       -961.599    0.000  -0.056   0.153   0.
  2017 352 14 12 35 513 352.592077703      -4.50      1.72     -2.04  0.       -5464.624       3722.770       -963.355    0.000  -0.056   0.153   0.
  2017 352 14 12 36 513 352.592089277      -4.53      1.53     -1.90  0.       -5464.053       3721.070       -965.111    0.000  -0.055   0.152   0.
  2017 352 14 12 37 513 352.592100851      -4.83      1.62     -1.65  0.       -5463.482       3719.370       -966.867    0.000  -0.055   0.152   0.
  2017 352 14 12 38 513 352.592112425      -4.91      1.56     -1.53  0.       -5462.910       3717.669       -968.622    0.000  -0.056   0.153   0.
  2017 352 14 12 39 513 352.592123999      -4.80      1.58     -1.75  0.       -5462.337       3715.968       -970.378    0.000  -0.056   0.153   0.
  2017 352 14 12 40 513 352.592135573      -4.75      1.29     -2.05  0.       -5461.764       3714.267       -972.133    0.000  -0.055   0.152   0.
  2017 352 14 12 41 513 352.592147147      -4.57      1.14     -2.01  0.       -5461.190       3712.565       -973.889    0.000  -0.055   0.152   0.
  2017 352 14 12 42 513 352.592158721      -4.56      1.20     -1.92  0.       -5460.615       3710.862       -975.644    0.000  -0.056   0.153   0.
  2017 352 14 12 43 513 352.592170295      -4.62      1.11     -1.81  0.       -5460.039       3709.159       -977.399    0.000  -0.056   0.153   0.
  2017 352 14 12 44 513 352.592181866      -4.81      1.10     -1.87  0.       -5459.462       3707.455       -979.154    0.000  -0.056   0.153   0.
  2017 352 14 12 45 513 352.592193440      -4.87      0.96     -1.92  0.       -5458.885       3705.751       -980.908    0.000  -0.056   0.153   0.
  2017 352 14 12 46 513 352.592205014      -4.87      0.99     -1.92  0.       -5458.306       3704.046       -982.663    0.000  -0.055   0.152   0.
  2017 352 14 12 47 513 352.592216589      -4.94      0.81     -2.00  0.       -5457.727       3702.340       -984.417    0.000  -0.055   0.152   0.
  2017 352 14 12 48 513 352.592228163      -4.82      0.87     -2.05  0.       -5457.147       3700.634       -986.172    0.000  -0.056   0.153   0.
  2017 352 14 12 49 513 352.592239737      -4.77      1.00     -2.07  0.       -5456.567       3698.928       -987.926    0.000  -0.056   0.153   0.
  2017 352 14 12 50 513 352.592251311      -4.59      0.94     -2.30  0.       -5455.985       3697.221       -989.680    0.000  -0.056   0.153   0.
  2017 352 14 12 51 513 352.592262885      -4.45      1.09     -2.38  0.       -5455.403       3695.514       -991.434    0.000  -0.056   0.153   0.
  2017 352 14 12 52 513 352.592274459      -4.35      1.16     -2.41  0.       -5454.820       3693.806       -993.188    0.000  -0.056   0.153   0.
  2017 352 14 12 53 513 352.592286033      -4.19      1.14     -2.49  0.       -5454.237       3692.097       -994.941    0.000  -0.056   0.153   0.
  2017 352 14 12 54 513 352.592297607      -4.08      1.09     -2.48  0.       -5453.652       3690.388       -996.695    0.000  -0.055   0.152   0.
  2017 352 14 12 55 513 352.592309181      -4.01      1.14     -2.39  0.       -5453.067       3688.678       -998.448    0.000  -0.055   0.152   0.
  2017 352 14 12 56 513 352.592320755      -4.09      1.22     -2.35  0.       -5452.480       3686.968      -1000.201    0.000  -0.056   0.153   0.
  2017 352 14 12 57 513 352.592332329      -4.11      1.15     -2.33  0.       -5451.894       3685.257      -1001.954    0.000  -0.056   0.153   0.
  2017 352 14 12 58 513 352.592343903      -4.05      1.16     -2.42  0.       -5451.306       3683.546      -1003.707    0.000  -0.056   0.153   0.
  2017 352 14 12 59 513 352.592355477      -3.95      1.07     -2.53  0.       -5450.717       3681.834      -1005.460    0.000  -0.056   0.153   0.
  2017 352 14 13  0 513 352.592367052      -3.75      1.02     -2.59  0.       -5450.128       3680.122      -1007.212    0.000  -0.056   0.153   0.
  2017 352 14 13  1 513 352.592378626      -3.64      0.97     -2.56  0.       -5449.538       3678.409      -1008.965    0.000  -0.056   0.153   0.
  2017 352 14 13  2 513 352.592390200      -3.53      1.03     -2.49  0.       -5448.947       3676.696      -1010.717    0.000  -0.056   0.153   0.
  2017 352 14 13  3 513 352.592401774      -3.62      1.07     -2.48  0.       -5448.355       3674.982      -1012.469    0.000  -0.056   0.153   0.
  2017 352 14 13  4 513 352.592413348      -3.62      1.12     -2.46  0.       -5447.763       3673.267      -1014.221    0.000  -0.056   0.153   0.
  2017 352 14 13  5 513 352.592424922      -3.52      1.27     -2.49  0.       -5447.170       3671.552      -1015.973    0.000  -0.056   0.153   0.
  2017 352 14 13  6 513 352.592436496      -3.40      1.24     -2.52  0.       -5446.576       3669.837      -1017.724    0.000  -0.056   0.153   0.
  2017 352 14 13  7 513 352.592448070      -3.28      1.25     -2.45  0.       -5445.981       3668.121      -1019.476    0.000  -0.056   0.153   0.
  2017 352 14 13  8 513 352.592459644      -3.31      1.34     -2.34  0.       -5445.385       3666.404      -1021.227    0.000  -0.056   0.153   0.
  2017 352 14 13  9 513 352.592471218      -3.31      1.36     -2.23  0.       -5444.789       3664.687      -1022.979    0.000  -0.056   0.153   0.
  2017 352 14 13 10 513 352.592482792      -3.37      1.43     -2.10  0.       -5444.192       3662.969      -1024.730    0.000  -0.055   0.152   0.
  2017 352 14 13 11 513 352.592494366      -3.42      1.39     -2.05  0.       -5443.593       3661.251      -1026.481    0.000  -0.055   0.152   0.
  2017 352 14 13 12 513 352.592505940      -3.48      1.39     -2.01  0.       -5442.995       3659.532      -1028.231    0.000  -0.055   0.152   0.
  2017 352 14 13 13 512 352.592517514      -3.66      1.22     -1.92  0.       -5442.395       3657.813      -1029.982    0.000  -0.055   0.152   0.
  2017 352 14 13 14 512 352.592529086      -3.66      1.16     -1.81  0.       -5441.795       3656.093      -1031.733    0.000  -0.056   0.153   0.
  2017 352 14 13 15 513 352.592540660      -3.74      1.05     -1.80  0.       -5441.193       3654.373      -1033.483    0.000  -0.056   0.153   0.
  2017 352 14 13 16 513 352.592552234      -3.67      0.94     -1.94  0.       -5440.591       3652.652      -1035.233    0.000  -0.056   0.153   0.
  2017 352 14 13 17 513 352.592563808      -3.68      0.98     -1.97  0.       -5439.989       3650.930      -1036.983    0.000  -0.056   0.153   0.
  2017 352 14 13 18 513 352.592575382      -3.71      0.95     -1.97  0.       -5439.385       3649.209      -1038.733    0.000  -0.055   0.152   0.
  2017 352 14 13 19 512 352.592586956      -3.69      1.02     -1.89  0.       -5438.781       3647.486      -1040.483    0.000  -0.055   0.152   0.
  2017 352 14 13 20 512 352.592598530      -3.72      1.17     -1.88  0.       -5438.175       3645.763      -1042.232    0.000  -0.056   0.153   0.
  2017 352 14 13 21 512 352.592610104      -3.57      1.24     -1.88  0.       -5437.569       3644.039      -1043.982    0.000  -0.056   0.153   0.
  2017 352 14 13 22 512 352.592621678      -3.38      1.47     -1.90  0.       -5436.963       3642.315      -1045.731    0.000  -0.055   0.152   0.
  2017 352 14 13 23 512 352.592633252      -3.28      1.43     -1.97  0.       -5436.355       3640.591      -1047.480    0.000  -0.055   0.152   0.
  2017 352 14 13 24 513 352.592644826      -3.26      1.36     -2.03  0.       -5435.746       3638.865      -1049.229    0.000  -0.055   0.152   0.
  2017 352 14 13 25 513 352.592656400      -3.36      1.25     -2.10  0.       -5435.137       3637.140      -1050.978    0.000  -0.055   0.152   0.
  2017 352 14 13 26 512 352.592667975      -3.35      1.13     -2.08  0.       -5434.527       3635.414      -1052.726    0.000  -0.056   0.153   0.
  2017 352 14 13 27 512 352.592679549      -3.32      1.20     -2.10  0.       -5433.917       3633.687      -1054.475    0.000  -0.056   0.153   0.
  2017 352 14 13 28 513 352.592691123      -3.28      1.20     -1.99  0.       -5433.305       3631.959      -1056.223    0.000  -0.055   0.152   0.
  2017 352 14 13 29 513 352.592702697      -3.24      1.29     -1.83  0.       -5432.693       3630.232      -1057.971    0.000  -0.055   0.152   0.
  2017 352 14 13 30 513 352.592714271      -3.37      1.41     -1.81  0.       -5432.079       3628.503      -1059.719    0.000  -0.055   0.152   0.
  2017 352 14 13 31 513 352.592725845      -3.55      1.51     -1.86  0.       -5431.465       3626.774      -1061.467    0.000  -0.055   0.152   0.
  2017 352 14 13 32 513 352.592737419      -3.71      1.61     -1.87  0.       -5430.850       3625.045      -1063.215    0.000  -0.056   0.153   0.
  2017 352 14 13 33 512 352.592748993      -3.77      1.54     -1.86  0.       -5430.235       3623.315      -1064.962    0.000  -0.056   0.153   0.
  2017 352 14 13 34 512 352.592760567      -3.87      1.44     -1.92  0.       -5429.618       3621.584      -1066.710    0.000  -0.055   0.152   0.
  2017 352 14 13 35 512 352.592772141      -3.99      1.23     -1.96  0.       -5429.001       3619.853      -1068.457    0.000  -0.055   0.152   0.
  2017 352 14 13 36 512 352.592783715      -4.02      1.22     -1.89  0.       -5428.383       3618.121      -1070.204    0.000  -0.055   0.152   0.
  2017 352 14 13 37 512 352.592795289      -4.10      1.27     -1.82  0.       -5427.764       3616.389      -1071.951    0.000  -0.055   0.152   0.
  2017 352 14 13 38 513 352.592806863      -4.02      1.20     -1.80  0.       -5427.145       3614.657      -1073.698    0.000  -0.056   0.153   0.
  2017 352 14 13 39 513 352.592818438      -4.04      1.10     -1.83  0.       -5426.524       3612.923      -1075.444    0.000  -0.056   0.153   0.
  2017 352 14 13 40 512 352.592830012      -4.13      1.02     -1.83  0.       -5425.903       3611.190      -1077.191    0.000  -0.056   0.153   0.
  2017 352 14 13 41 512 352.592841586      -4.17      0.95     -1.87  0.       -5425.281       3609.455      -1078.937    0.000  -0.056   0.153   0.
  2017 352 14 13 42 513 352.592853160      -4.20      0.95     -1.89  0.       -5424.658       3607.721      -1080.683    0.000  -0.055   0.152   0.
  2017 352 14 13 43 513 352.592864733      -4.17      0.97     -1.84  0.       -5424.034       3605.985      -1082.429    0.000  -0.055   0.152   0.
  2017 352 14 13 44 512 352.592876305      -4.17      1.08     -1.74  0.       -5423.410       3604.249      -1084.175    0.000  -0.056   0.153   0.
  2017 352 14 13 45 512 352.592887879      -4.27      1.01     -1.68  0.       -5422.785       3602.513      -1085.920    0.000  -0.056   0.153   0.
  2017 352 14 13 46 512 352.592899453      -4.37      1.09     -1.62  0.       -5422.159       3600.776      -1087.666    0.000  -0.056   0.153   0.
  2017 352 14 13 47 512 352.592911027      -4.48      1.12     -1.63  0.       -5421.532       3599.038      -1089.411    0.000  -0.056   0.153   0.
  2017 352 14 13 48 512 352.592922601      -4.48      1.12     -1.62  0.       -5420.904       3597.300      -1091.156    0.000  -0.056   0.153   0.
  2017 352 14 13 49 512 352.592934175      -4.46      1.14     -1.62  0.       -5420.275       3595.562      -1092.901    0.000  -0.056   0.153   0.
  2017 352 14 13 50 512 352.592945749      -4.42      1.17     -1.61  0.       -5419.646       3593.823      -1094.646    0.000  -0.056   0.153   0.
  2017 352 14 13 51 512 352.592957323      -4.40      1.21     -1.64  0.       -5419.016       3592.083      -1096.390    0.000  -0.056   0.153   0.
  2017 352 14 13 52 512 352.592968898      -4.47      1.20     -1.67  0.       -5418.385       3590.343      -1098.135    0.000  -0.056   0.153   0.
  2017 352 14 13 53 512 352.592980472      -4.40      1.29     -1.72  0.       -5417.753       3588.602      -1099.879    0.000  -0.056   0.153   0.
  2017 352 14 13 54 512 352.592992046      -4.37      1.41     -1.79  0.       -5417.121       3586.861      -1101.623    0.000  -0.056   0.153   0.
  2017 352 14 13 55 512 352.593003620      -4.38      1.43     -1.90  0.       -5416.487       3585.119      -1103.368    0.000  -0.056   0.153   0.
  2017 352 14 13 56 512 352.593015194      -4.32      1.50     -2.13  0.       -5415.853       3583.377      -1105.111    0.000  -0.056   0.153   0.
  2017 352 14 13 57 512 352.593026768      -4.43      1.61     -2.12  0.       -5415.218       3581.634      -1106.855    0.000  -0.056   0.153   0.
  2017 352 14 13 58 512 352.593038342      -4.58      1.66     -2.01  0.       -5414.582       3579.890      -1108.598    0.000  -0.056   0.153   0.
  2017 352 14 13 59 512 352.593049916      -4.77      1.48     -1.61  0.       -5413.946       3578.146      -1110.342    0.000  -0.056   0.153   0.
  2017 352 14 14  0 512 352.593061490      -4.88      1.26     -1.16  0.       -5413.308       3576.402      -1112.085    0.000  -0.056   0.153   0.
  2017 352 14 14  1 512 352.593073064      -4.91      1.25     -0.97  0.       -5412.670       3574.657      -1113.828    0.000  -0.056   0.153   0.
  2017 352 14 14  2 512 352.593084638      -5.03      1.19     -0.87  0.       -5412.031       3572.911      -1115.571    0.000  -0.056   0.153   0.
  2017 352 14 14  3 512 352.593096212      -4.89      1.18     -0.80  0.       -5411.391       3571.165      -1117.313    0.000  -0.056   0.153   0.
  2017 352 14 14  4 512 352.593107786      -4.80      1.17     -0.72  0.       -5410.751       3569.418      -1119.056    0.000  -0.056   0.153   0.
  2017 352 14 14  5 512 352.593119361      -4.80      0.85     -0.86  0.       -5410.109       3567.671      -1120.798    0.000  -0.056   0.153   0.
  2017 352 14 14  6 512 352.593130935      -4.91      0.89     -1.11  0.       -5409.467       3565.923      -1122.540    0.000  -0.056   0.153   0.
  2017 352 14 14  7 512 352.593142509      -5.02      0.84     -1.24  0.       -5408.824       3564.175      -1124.282    0.000  -0.056   0.153   0.
  2017 352 14 14  8 512 352.593154083      -4.96      0.83     -1.52  0.       -5408.180       3562.427      -1126.024    0.000  -0.055   0.152   0.
  2017 352 14 14  9 512 352.593165657      -4.99      0.91     -1.70  0.       -5407.535       3560.677      -1127.765    0.000  -0.055   0.152   0.
  2017 352 14 14 10 512 352.593177231      -4.97      1.01     -1.70  0.       -5406.889       3558.927      -1129.507    0.000  -0.055   0.152   0.
  2017 352 14 14 11 512 352.593188805      -5.00      1.20     -1.71  0.       -5406.243       3557.177      -1131.248    0.000  -0.055   0.152   0.
  2017 352 14 14 12 512 352.593200379      -5.04      1.29     -1.76  0.       -5405.596       3555.426      -1132.989    0.000  -0.055   0.152   0.
  2017 352 14 14 13 512 352.593211953      -4.91      1.33     -1.87  0.       -5404.948       3553.674      -1134.730    0.000  -0.055   0.152   0.
  2017 352 14 14 14 512 352.593223524      -4.93      1.42     -1.93  0.       -5404.299       3551.922      -1136.471    0.000  -0.056   0.153   0.
  2017 352 14 14 15 512 352.593235098      -5.01      1.40     -1.89  0.       -5403.649       3550.170      -1138.211    0.000  -0.056   0.153   0.
  2017 352 14 14 16 512 352.593246672      -5.18      1.61     -1.67  0.       -5402.999       3548.417      -1139.952    0.000  -0.056   0.153   0.
  2017 352 14 14 17 512 352.593258246      -5.36      1.62     -1.44  0.       -5402.347       3546.663      -1141.692    0.000  -0.056   0.153   0.
  2017 352 14 14 18 512 352.593269821      -5.41      1.54     -1.54  0.       -5401.695       3544.909      -1143.432    0.000  -0.056   0.153   0.
  2017 352 14 14 19 512 352.593281395      -5.41      1.61     -1.58  0.       -5401.042       3543.154      -1145.172    0.000  -0.056   0.153   0.
  2017 352 14 14 20 512 352.593292969      -5.43      1.56     -1.63  0.       -5400.389       3541.399      -1146.912    0.000  -0.056   0.153   0.
  2017 352 14 14 21 512 352.593304543      -5.52      1.61     -1.66  0.       -5399.734       3539.643      -1148.651    0.000  -0.056   0.153   0.
  2017 352 14 14 22 512 352.593316117      -5.52      1.63     -1.63  0.       -5399.079       3537.887      -1150.391    0.000  -0.056   0.153   0.
  2017 352 14 14 23 512 352.593327691      -5.44      1.69     -1.64  0.       -5398.423       3536.130      -1152.130    0.000  -0.056   0.153   0.
  2017 352 14 14 24 512 352.593339265      -5.45      1.72     -1.70  0.       -5397.766       3534.373      -1153.869    0.000  -0.056   0.153   0.
  2017 352 14 14 25 512 352.593350839      -5.36      1.70     -1.76  0.       -5397.108       3532.615      -1155.608    0.000  -0.056   0.153   0.
  2017 352 14 14 26 512 352.593362413      -5.28      1.83     -1.87  0.       -5396.449       3530.856      -1157.346    0.000  -0.056   0.153   0.
  2017 352 14 14 27 512 352.593373987      -5.18      1.86     -2.06  0.       -5395.790       3529.097      -1159.085    0.000  -0.056   0.153   0.
  2017 352 14 14 28 512 352.593385561      -5.01      1.95     -2.30  0.       -5395.129       3527.337      -1160.823    0.000  -0.056   0.153   0.
  2017 352 14 14 29 512 352.593397135      -5.05      2.06     -2.27  0.       -5394.468       3525.577      -1162.561    0.000  -0.056   0.153   0.
  2017 352 14 14 30 512 352.593408709      -5.15      1.99     -2.06  0.       -5393.806       3523.817      -1164.299    0.000  -0.056   0.153   0.
  2017 352 14 14 31 512 352.593420284      -5.17      2.05     -2.07  0.       -5393.143       3522.056      -1166.037    0.000  -0.056   0.153   0.
  2017 352 14 14 32 512 352.593431858      -5.16      2.00     -2.11  0.       -5392.480       3520.294      -1167.775    0.000  -0.056   0.153   0.
  2017 352 14 14 33 512 352.593443432      -5.10      1.95     -2.15  0.       -5391.815       3518.532      -1169.512    0.000  -0.056   0.153   0.
  2017 352 14 14 34 512 352.593455006      -5.23      1.80     -2.03  0.       -5391.150       3516.769      -1171.249    0.000  -0.056   0.153   0.
  2017 352 14 14 35 512 352.593466580      -5.27      1.58     -1.95  0.       -5390.484       3515.006      -1172.986    0.000  -0.056   0.153   0.
  2017 352 14 14 36 512 352.593478154      -5.19      1.59     -2.10  0.       -5389.817       3513.242      -1174.723    0.000  -0.055   0.152   0.
  2017 352 14 14 37 512 352.593489728      -5.19      1.60     -2.17  0.       -5389.149       3511.478      -1176.460    0.000  -0.055   0.152   0.
  2017 352 14 14 38 512 352.593501302      -5.07      1.62     -2.28  0.       -5388.481       3509.713      -1178.196    0.000  -0.056   0.153   0.
  2017 352 14 14 39 512 352.593512876      -5.09      1.71     -2.29  0.       -5387.812       3507.947      -1179.933    0.000  -0.056   0.153   0.
  2017 352 14 14 40 512 352.593524450      -5.16      1.73     -2.28  0.       -5387.141       3506.181      -1181.669    0.000  -0.056   0.153   0.
  2017 352 14 14 41 512 352.593536024      -5.21      1.86     -2.26  0.       -5386.470       3504.415      -1183.405    0.000  -0.056   0.153   0.
  2017 352 14 14 42 512 352.593547598      -5.27      1.81     -2.33  0.       -5385.798       3502.648      -1185.141    0.000  -0.056   0.153   0.
  2017 352 14 14 43 512 352.593559172      -5.23      1.76     -2.31  0.       -5385.126       3500.880      -1186.876    0.000  -0.056   0.153   0.
  2017 352 14 14 44 512 352.593570746      -5.29      1.74     -2.27  0.       -5384.452       3499.112      -1188.612    0.000  -0.055   0.152   0.
  2017 352 14 14 45 512 352.593582320      -5.32      1.63     -2.24  0.       -5383.778       3497.343      -1190.347    0.000  -0.055   0.152   0.
  2017 352 14 14 46 512 352.593593892      -5.26      1.61     -2.37  0.       -5383.103       3495.574      -1192.082    0.000  -0.055   0.152   0.
  2017 352 14 14 47 512 352.593605466      -5.25      1.59     -2.37  0.       -5382.427       3493.804      -1193.817    0.000  -0.055   0.152   0.
  2017 352 14 14 48 512 352.593617040      -5.29      1.41     -2.18  0.       -5381.750       3492.034      -1195.551    0.000  -0.056   0.153   0.
  2017 352 14 14 49 512 352.593628614      -5.41      1.42     -1.95  0.       -5381.072       3490.263      -1197.286    0.000  -0.056   0.153   0.
  2017 352 14 14 50 512 352.593640188      -5.41      1.39     -1.86  0.       -5380.394       3488.492      -1199.020    0.000  -0.056   0.153   0.
  2017 352 14 14 51 512 352.593651762      -5.29      1.47     -1.97  0.       -5379.715       3486.720      -1200.754    0.000  -0.056   0.153   0.
  2017 352 14 14 52 512 352.593663336      -5.28      1.50     -2.04  0.       -5379.034       3484.948      -1202.488    0.000  -0.056   0.153   0.
  2017 352 14 14 53 512 352.593674910      -5.25      1.50     -2.02  0.       -5378.353       3483.175      -1204.222    0.000  -0.056   0.153   0.
  2017 352 14 14 54 512 352.593686484      -5.38      1.53     -1.92  0.       -5377.672       3481.401      -1205.956    0.000  -0.055   0.152   0.
  2017 352 14 14 55 512 352.593698058      -5.38      1.50     -1.87  0.       -5376.989       3479.627      -1207.689    0.000  -0.055   0.152   0.
  2017 352 14 14 56 512 352.593709633      -5.26      1.57     -1.93  0.       -5376.306       3477.852      -1209.422    0.000  -0.056   0.153   0.
  2017 352 14 14 57 512 352.593721207      -5.28      1.67     -2.09  0.       -5375.621       3476.077      -1211.155    0.000  -0.056   0.153   0.
  2017 352 14 14 58 512 352.593732781      -5.30      1.69     -2.29  0.       -5374.936       3474.302      -1212.888    0.000  -0.055   0.152   0.
  2017 352 14 14 59 512 352.593744355      -5.23      1.85     -2.48  0.       -5374.250       3472.525      -1214.621    0.000  -0.055   0.152   0.
  2017 352 14 15  0 512 352.593755929      -5.18      1.86     -2.62  0.       -5373.563       3470.749      -1216.353    0.000  -0.056   0.153   0.
  2017 352 14 15  1 512 352.593767503      -5.13      1.84     -2.69  0.       -5372.876       3468.971      -1218.085    0.000  -0.056   0.153   0.
  2017 352 14 15  2 512 352.593779077      -5.29      1.89     -2.79  0.       -5372.187       3467.193      -1219.817    0.000  -0.056   0.153   0.
  2017 352 14 15  3 512 352.593790651      -5.40      1.89     -2.79  0.       -5371.498       3465.415      -1221.549    0.000  -0.056   0.153   0.
  2017 352 14 15  4 512 352.593802225      -5.43      2.12     -2.92  0.       -5370.808       3463.636      -1223.281    0.000  -0.056   0.153   0.
  2017 352 14 15  5 512 352.593813799      -5.50      2.23     -3.09  0.       -5370.117       3461.857      -1225.012    0.000  -0.056   0.153   0.
  2017 352 14 15  6 512 352.593825373      -5.51      2.25     -3.15  0.       -5369.425       3460.077      -1226.744    0.000  -0.056   0.153   0.
  2017 352 14 15  7 512 352.593836947      -5.63      2.32     -3.11  0.       -5368.733       3458.296      -1228.475    0.000  -0.056   0.153   0.
  2017 352 14 15  8 512 352.593848521      -5.60      2.45     -3.15  0.       -5368.039       3456.515      -1230.206    0.000  -0.056   0.153   0.
  2017 352 14 15  9 512 352.593860095      -5.50      2.55     -3.18  0.       -5367.345       3454.734      -1231.936    0.000  -0.056   0.153   0.
  2017 352 14 15 10 512 352.593871670      -5.50      2.53     -3.18  0.       -5366.650       3452.951      -1233.667    0.000  -0.055   0.152   0.
  2017 352 14 15 11 512 352.593883244      -5.48      2.58     -3.12  0.       -5365.954       3451.169      -1235.397    0.000  -0.055   0.152   0.
  2017 352 14 15 12 512 352.593894818      -5.53      2.69     -3.07  0.       -5365.257       3449.386      -1237.127    0.000  -0.056   0.153   0.
  2017 352 14 15 13 512 352.593906392      -5.55      2.66     -3.09  0.       -5364.559       3447.602      -1238.857    0.000  -0.056   0.153   0.
  2017 352 14 15 14 512 352.593917966      -5.50      2.66     -3.05  0.       -5363.861       3445.817      -1240.587    0.000  -0.056   0.153   0.
  2017 352 14 15 15 511 352.593929540      -5.53      2.64     -3.01  0.       -5363.161       3444.033      -1242.317    0.000  -0.056   0.153   0.
  2017 352 14 15 16 511 352.593941111      -5.54      2.56     -2.90  0.       -5362.461       3442.247      -1244.046    0.000  -0.056   0.153   0.
  2017 352 14 15 17 511 352.593952685      -5.54      2.58     -2.92  0.       -5361.760       3440.461      -1245.775    0.000  -0.056   0.153   0.
  2017 352 14 15 18 511 352.593964259      -5.49      2.47     -2.94  0.       -5361.058       3438.675      -1247.504    0.000  -0.056   0.153   0.
  2017 352 14 15 19 511 352.593975833      -5.38      2.42     -2.94  0.       -5360.356       3436.888      -1249.233    0.000  -0.056   0.153   0.
  2017 352 14 15 20 512 352.593987407      -5.35      2.40     -2.90  0.       -5359.652       3435.100      -1250.961    0.000  -0.056   0.153   0.
  2017 352 14 15 21 512 352.593998981      -5.29      2.26     -2.88  0.       -5358.948       3433.312      -1252.690    0.000  -0.056   0.153   0.
  2017 352 14 15 22 511 352.594010556      -5.22      2.23     -2.90  0.       -5358.243       3431.524      -1254.418    0.000  -0.056   0.153   0.
  2017 352 14 15 23 511 352.594022130      -5.16      2.19     -2.94  0.       -5357.537       3429.735      -1256.146    0.000  -0.056   0.153   0.
  2017 352 14 15 24 512 352.594033704      -5.12      2.18     -2.87  0.       -5356.830       3427.945      -1257.874    0.000  -0.056   0.153   0.
  2017 352 14 15 25 512 352.594045278      -5.10      2.28     -2.81  0.       -5356.122       3426.155      -1259.601    0.000  -0.056   0.153   0.
  2017 352 14 15 26 512 352.594056852      -5.04      2.23     -2.88  0.       -5355.414       3424.364      -1261.329    0.000  -0.056   0.153   0.
  2017 352 14 15 27 512 352.594068426      -4.93      2.23     -2.92  0.       -5354.704       3422.573      -1263.056    0.000  -0.056   0.153   0.
  2017 352 14 15 28 511 352.594080000      -4.92      2.17     -2.92  0.       -5353.994       3420.781      -1264.783    0.000  -0.056   0.153   0.
  2017 352 14 15 29 511 352.594091574      -4.94      2.12     -2.84  0.       -5353.283       3418.988      -1266.510    0.000  -0.056   0.153   0.
  2017 352 14 15 30 511 352.594103148      -4.96      2.22     -2.69  0.       -5352.571       3417.196      -1268.236    0.000  -0.055   0.152   0.
  2017 352 14 15 31 511 352.594114722      -4.93      2.15     -2.59  0.       -5351.858       3415.402      -1269.963    0.000  -0.055   0.152   0.
  2017 352 14 15 32 511 352.594126296      -4.89      2.09     -2.55  0.       -5351.144       3413.608      -1271.689    0.000  -0.056   0.153   0.
  2017 352 14 15 33 512 352.594137870      -4.99      2.03     -2.49  0.       -5350.430       3411.814      -1273.415    0.000  -0.056   0.153   0.
  2017 352 14 15 34 512 352.594149444      -4.88      1.96     -2.44  0.       -5349.715       3410.018      -1275.141    0.000  -0.056   0.153   0.
  2017 352 14 15 35 511 352.594161019      -4.73      1.99     -2.41  0.       -5348.999       3408.223      -1276.866    0.000  -0.056   0.153   0.
  2017 352 14 15 36 511 352.594172593      -4.67      1.90     -2.38  0.       -5348.282       3406.427      -1278.592    0.000  -0.056   0.153   0.
  2017 352 14 15 37 512 352.594184167      -4.63      1.85     -2.26  0.       -5347.564       3404.630      -1280.317    0.000  -0.056   0.153   0.
  2017 352 14 15 38 512 352.594195741      -4.58      1.93     -2.21  0.       -5346.845       3402.833      -1282.042    0.000  -0.056   0.153   0.
  2017 352 14 15 39 512 352.594207315      -4.49      1.93     -2.23  0.       -5346.126       3401.035      -1283.767    0.000  -0.056   0.153   0.
  2017 352 14 15 40 512 352.594218889      -4.47      1.88     -2.17  0.       -5345.405       3399.237      -1285.491    0.000  -0.056   0.153   0.
  2017 352 14 15 41 512 352.594230463      -4.58      1.82     -2.15  0.       -5344.684       3397.438      -1287.215    0.000  -0.056   0.153   0.
  2017 352 14 15 42 511 352.594242037      -4.57      1.78     -2.15  0.       -5343.962       3395.639      -1288.940    0.000  -0.055   0.152   0.
  2017 352 14 15 43 511 352.594253611      -4.55      1.79     -2.13  0.       -5343.239       3393.839      -1290.663    0.000  -0.055   0.152   0.
  2017 352 14 15 44 511 352.594265185      -4.50      1.77     -2.09  0.       -5342.515       3392.038      -1292.387    0.000  -0.056   0.153   0.
  2017 352 14 15 45 511 352.594276759      -4.45      1.71     -1.96  0.       -5341.790       3390.237      -1294.111    0.000  -0.056   0.153   0.
  2017 352 14 15 46 511 352.594288330      -4.50      1.83     -1.87  0.       -5341.065       3388.436      -1295.834    0.000  -0.056   0.153   0.
  2017 352 14 15 47 511 352.594299904      -4.46      1.73     -1.84  0.       -5340.339       3386.633      -1297.557    0.000  -0.056   0.153   0.
  2017 352 14 15 48 511 352.594311479      -4.42      1.60     -1.87  0.       -5339.611       3384.831      -1299.280    0.000  -0.056   0.153   0.
  2017 352 14 15 49 511 352.594323053      -4.53      1.51     -1.84  0.       -5338.883       3383.028      -1301.003    0.000  -0.056   0.153   0.
  2017 352 14 15 50 511 352.594334627      -4.59      1.40     -1.83  0.       -5338.155       3381.224      -1302.725    0.000  -0.056   0.153   0.
  2017 352 14 15 51 511 352.594346201      -4.58      1.36     -1.86  0.       -5337.425       3379.420      -1304.448    0.000  -0.056   0.153   0.
  2017 352 14 15 52 511 352.594357775      -4.59      1.24     -1.90  0.       -5336.694       3377.615      -1306.170    0.000  -0.056   0.153   0.
  2017 352 14 15 53 511 352.594369349      -4.59      1.16     -1.84  0.       -5335.963       3375.810      -1307.892    0.000  -0.056   0.153   0.
  2017 352 14 15 54 511 352.594380923      -4.66      1.18     -1.79  0.       -5335.230       3374.004      -1309.613    0.000  -0.056   0.153   0.
  2017 352 14 15 55 511 352.594392497      -4.67      1.13     -1.82  0.       -5334.497       3372.197      -1311.335    0.000  -0.056   0.153   0.
  2017 352 14 15 56 511 352.594404071      -4.67      1.10     -1.84  0.       -5333.763       3370.391      -1313.056    0.000  -0.056   0.153   0.
  2017 352 14 15 57 511 352.594415645      -4.72      1.06     -1.83  0.       -5333.029       3368.583      -1314.777    0.000  -0.056   0.153   0.
  2017 352 14 15 58 511 352.594427219      -4.74      1.03     -1.76  0.       -5332.292       3366.775      -1316.498    0.000  -0.055   0.152   0.
  2017 352 14 15 59 511 352.594438793      -4.71      1.11     -1.69  0.       -5331.556       3364.967      -1318.218    0.000  -0.055   0.152   0.
  2017 352 14 16  0 511 352.594450367      -4.74      1.07     -1.67  0.       -5330.819       3363.157      -1319.939    0.000  -0.056   0.153   0.
  2017 352 14 16  1 511 352.594461942      -4.80      1.01     -1.63  0.       -5330.081       3361.348      -1321.659    0.000  -0.056   0.153   0.
  2017 352 14 16  2 511 352.594473516      -4.88      1.04     -1.63  0.       -5329.342       3359.538      -1323.379    0.000  -0.056   0.153   0.
  2017 352 14 16  3 511 352.594485090      -4.87      0.98     -1.63  0.       -5328.602       3357.727      -1325.099    0.000  -0.056   0.153   0.
  2017 352 14 16  4 511 352.594496664      -4.87      0.97     -1.70  0.       -5327.861       3355.916      -1326.818    0.000  -0.056   0.153   0.
  2017 352 14 16  5 511 352.594508238      -5.02      0.91     -1.73  0.       -5327.119       3354.104      -1328.538    0.000  -0.056   0.153   0.
  2017 352 14 16  6 511 352.594519812      -5.02      0.90     -1.70  0.       -5326.376       3352.292      -1330.257    0.000  -0.056   0.153   0.
  2017 352 14 16  7 511 352.594531386      -4.98      1.00     -1.70  0.       -5325.633       3350.479      -1331.976    0.000  -0.056   0.153   0.
  2017 352 14 16  8 511 352.594542960      -5.01      0.93     -1.68  0.       -5324.889       3348.665      -1333.694    0.000  -0.055   0.152   0.
  2017 352 14 16  9 511 352.594554534      -5.03      0.89     -1.64  0.       -5324.144       3346.851      -1335.413    0.000  -0.055   0.152   0.
  2017 352 14 16 10 511 352.594566108      -5.08      0.94     -1.59  0.       -5323.398       3345.037      -1337.131    0.000  -0.056   0.153   0.
  2017 352 14 16 11 511 352.594577682      -5.07      0.86     -1.62  0.       -5322.651       3343.222      -1338.849    0.000  -0.056   0.153   0.
  2017 352 14 16 12 511 352.594589256      -5.03      0.89     -1.64  0.       -5321.903       3341.406      -1340.567    0.000  -0.056   0.153   0.
  2017 352 14 16 13 511 352.594600830      -5.16      0.86     -1.56  0.       -5321.155       3339.590      -1342.284    0.000  -0.056   0.153   0.
  2017 352 14 16 14 511 352.594612404      -5.16      0.86     -1.53  0.       -5320.405       3337.774      -1344.002    0.000  -0.056   0.153   0.
  2017 352 14 16 15 511 352.594623978      -5.16      0.91     -1.54  0.       -5319.655       3335.956      -1345.719    0.000  -0.056   0.153   0.
  2017 352 14 16 16 511 352.594635550      -5.18      0.89     -1.59  0.       -5318.904       3334.139      -1347.436    0.000  -0.055   0.152   0.
  2017 352 14 16 17 511 352.594647124      -5.24      0.85     -1.59  0.       -5318.152       3332.320      -1349.153    0.000  -0.055   0.152   0.
  2017 352 14 16 18 511 352.594658698      -5.36      0.90     -1.62  0.       -5317.399       3330.502      -1350.869    0.000  -0.055   0.152   0.
  2017 352 14 16 19 511 352.594670272      -5.37      0.87     -1.64  0.       -5316.645       3328.682      -1352.585    0.000  -0.055   0.152   0.
  2017 352 14 16 20 511 352.594681846      -5.38      0.90     -1.63  0.       -5315.891       3326.862      -1354.302    0.000  -0.056   0.153   0.
  2017 352 14 16 21 511 352.594693420      -5.48      1.00     -1.61  0.       -5315.135       3325.042      -1356.017    0.000  -0.056   0.153   0.
  2017 352 14 16 22 511 352.594704994      -5.50      0.95     -1.62  0.       -5314.379       3323.221      -1357.733    0.000  -0.056   0.153   0.
  2017 352 14 16 23 511 352.594716568      -5.44      1.08     -1.70  0.       -5313.622       3321.400      -1359.448    0.000  -0.056   0.153   0.
  2017 352 14 16 24 511 352.594728142      -5.44      1.13     -1.76  0.       -5312.864       3319.578      -1361.164    0.000  -0.055   0.152   0.
  2017 352 14 16 25 511 352.594739716      -5.46      1.12     -1.78  0.       -5312.105       3317.755      -1362.879    0.000  -0.055   0.152   0.
  2017 352 14 16 26 511 352.594751290      -5.46      1.19     -1.85  0.       -5311.345       3315.932      -1364.593    0.000  -0.055   0.152   0.
  2017 352 14 16 27 511 352.594762865      -5.39      1.19     -1.86  0.       -5310.585       3314.108      -1366.308    0.000  -0.055   0.152   0.
  2017 352 14 16 28 511 352.594774439      -5.34      1.17     -1.79  0.       -5309.823       3312.284      -1368.022    0.000  -0.056   0.153   0.
  2017 352 14 16 29 511 352.594786013      -5.36      1.27     -1.75  0.       -5309.061       3310.459      -1369.736    0.000  -0.056   0.153   0.
  2017 352 14 16 30 511 352.594797587      -5.32      1.25     -1.74  0.       -5308.298       3308.634      -1371.450    0.000  -0.056   0.153   0.
  2017 352 14 16 31 511 352.594809161      -5.21      1.19     -1.76  0.       -5307.534       3306.808      -1373.164    0.000  -0.056   0.153   0.
  2017 352 14 16 32 511 352.594820735      -5.25      1.15     -1.72  0.       -5306.769       3304.982      -1374.877    0.000  -0.055   0.152   0.
  2017 352 14 16 33 511 352.594832309      -5.24      1.07     -1.65  0.       -5306.003       3303.155      -1376.590    0.000  -0.055   0.152   0.
  2017 352 14 16 34 511 352.594843883      -5.16      1.05     -1.66  0.       -5305.236       3301.328      -1378.303    0.000  -0.056   0.153   0.
  2017 352 14 16 35 511 352.594855457      -5.16      1.03     -1.64  0.       -5304.469       3299.500      -1380.016    0.000  -0.056   0.153   0.
  2017 352 14 16 36 511 352.594867031      -5.23      1.01     -1.62  0.       -5303.701       3297.671      -1381.728    0.000  -0.055   0.152   0.
  2017 352 14 16 37 511 352.594878605      -5.29      1.08     -1.61  0.       -5302.931       3295.842      -1383.440    0.000  -0.055   0.152   0.
  2017 352 14 16 38 511 352.594890179      -5.27      1.03     -1.61  0.       -5302.161       3294.012      -1385.153    0.000  -0.056   0.153   0.
  2017 352 14 16 39 511 352.594901754      -5.24      1.01     -1.61  0.       -5301.390       3292.182      -1386.865    0.000  -0.056   0.153   0.
  2017 352 14 16 40 511 352.594913328      -5.35      1.03     -1.58  0.       -5300.618       3290.352      -1388.576    0.000  -0.056   0.153   0.
  2017 352 14 16 41 511 352.594924902      -5.38      0.99     -1.58  0.       -5299.846       3288.520      -1390.287    0.000  -0.056   0.153   0.
  2017 352 14 16 42 511 352.594936476      -5.26      1.02     -1.58  0.       -5299.072       3286.689      -1391.998    0.000  -0.056   0.153   0.
  2017 352 14 16 43 511 352.594948050      -5.28      0.95     -1.60  0.       -5298.297       3284.857      -1393.709    0.000  -0.056   0.153   0.
  2017 352 14 16 44 511 352.594959624      -5.28      0.88     -1.53  0.       -5297.522       3283.024      -1395.420    0.000  -0.055   0.152   0.
  2017 352 14 16 45 511 352.594971198      -5.23      0.94     -1.53  0.       -5296.746       3281.190      -1397.130    0.000  -0.055   0.152   0.
  2017 352 14 16 46 511 352.594982769      -5.22      0.91     -1.57  0.       -5295.969       3279.356      -1398.841    0.000  -0.056   0.153   0.
  2017 352 14 16 47 511 352.594994343      -5.24      0.81     -1.50  0.       -5295.191       3277.522      -1400.551    0.000  -0.056   0.153   0.
  2017 352 14 16 48 511 352.595005917      -5.34      0.88     -1.47  0.       -5294.412       3275.687      -1402.260    0.000  -0.055   0.152   0.
  2017 352 14 16 49 511 352.595017491      -5.38      0.80     -1.49  0.       -5293.632       3273.851      -1403.970    0.000  -0.055   0.152   0.
  2017 352 14 16 50 511 352.595029065      -5.36      0.72     -1.46  0.       -5292.852       3272.015      -1405.679    0.000  -0.056   0.153   0.
  2017 352 14 16 51 511 352.595040639      -5.45      0.71     -1.45  0.       -5292.070       3270.179      -1407.388    0.000  -0.056   0.153   0.
  2017 352 14 16 52 511 352.595052214      -5.43      0.70     -1.39  0.       -5291.288       3268.342      -1409.097    0.000  -0.056   0.153   0.
  2017 352 14 16 53 511 352.595063788      -5.35      0.69     -1.41  0.       -5290.505       3266.504      -1410.806    0.000  -0.056   0.153   0.
  2017 352 14 16 54 511 352.595075362      -5.35      0.71     -1.36  0.       -5289.721       3264.666      -1412.514    0.000  -0.055   0.152   0.
  2017 352 14 16 55 511 352.595086936      -5.36      0.65     -1.26  0.       -5288.936       3262.827      -1414.222    0.000  -0.055   0.152   0.
  2017 352 14 16 56 511 352.595098510      -5.30      0.73     -1.19  0.       -5288.150       3260.988      -1415.930    0.000  -0.056   0.153   0.
  2017 352 14 16 57 511 352.595110084      -5.25      0.64     -1.18  0.       -5287.363       3259.148      -1417.638    0.000  -0.056   0.153   0.
  2017 352 14 16 58 511 352.595121658      -5.25      0.59     -1.10  0.       -5286.576       3257.307      -1419.345    0.000  -0.056   0.153   0.
  2017 352 14 16 59 511 352.595133232      -5.27      0.70     -1.06  0.       -5285.787       3255.467      -1421.052    0.000  -0.056   0.153   0.
  2017 352 14 17  0 511 352.595144806      -5.26      0.67     -1.09  0.       -5284.998       3253.625      -1422.759    0.000  -0.056   0.153   0.
  2017 352 14 17  1 511 352.595156380      -5.17      0.67     -1.05  0.       -5284.208       3251.783      -1424.466    0.000  -0.056   0.153   0.
  2017 352 14 17  2 511 352.595167954      -5.18      0.67     -1.05  0.       -5283.417       3249.941      -1426.172    0.000  -0.055   0.152   0.
  2017 352 14 17  3 511 352.595179528      -5.13      0.64     -1.06  0.       -5282.625       3248.097      -1427.878    0.000  -0.055   0.152   0.
  2017 352 14 17  4 511 352.595191102      -5.00      0.62     -1.11  0.       -5281.832       3246.254      -1429.584    0.000  -0.056   0.153   0.
  2017 352 14 17  5 511 352.595202677      -4.96      0.63     -1.09  0.       -5281.038       3244.410      -1431.290    0.000  -0.056   0.153   0.
  2017 352 14 17  6 511 352.595214251      -4.95      0.58     -1.04  0.       -5280.244       3242.565      -1432.996    0.000  -0.056   0.153   0.
  2017 352 14 17  7 511 352.595225825      -4.82      0.66     -1.03  0.       -5279.448       3240.720      -1434.701    0.000  -0.056   0.153   0.
  2017 352 14 17  8 511 352.595237399      -4.80      0.70     -1.01  0.       -5278.652       3238.874      -1436.406    0.000  -0.055   0.152   0.
  2017 352 14 17  9 511 352.595248973      -4.78      0.65     -0.96  0.       -5277.855       3237.028      -1438.111    0.000  -0.055   0.152   0.
  2017 352 14 17 10 511 352.595260547      -4.77      0.76     -0.96  0.       -5277.057       3235.181      -1439.815    0.000  -0.055   0.152   0.
  2017 352 14 17 11 511 352.595272121      -4.76      0.75     -1.00  0.       -5276.258       3233.333      -1441.520    0.000  -0.055   0.152   0.
  2017 352 14 17 12 511 352.595283695      -4.72      0.70     -0.96  0.       -5275.458       3231.485      -1443.224    0.000  -0.056   0.153   0.
  2017 352 14 17 13 511 352.595295269      -4.77      0.80     -0.93  0.       -5274.657       3229.637      -1444.927    0.000  -0.056   0.153   0.
  2017 352 14 17 14 511 352.595306843      -4.76      0.87     -0.90  0.       -5273.856       3227.788      -1446.631    0.000  -0.056   0.153   0.
  2017 352 14 17 15 511 352.595318417      -4.70      0.87     -0.90  0.       -5273.053       3225.938      -1448.334    0.000  -0.056   0.153   0.
  2017 352 14 17 16 511 352.595329991      -4.80      0.94     -0.92  0.       -5272.250       3224.088      -1450.037    0.000  -0.056   0.153   0.
  2017 352 14 17 17 510 352.595341565      -4.85      0.94     -0.91  0.       -5271.445       3222.238      -1451.740    0.000  -0.056   0.153   0.
  2017 352 14 17 18 510 352.595353137      -4.72      1.02     -0.96  0.       -5270.640       3220.386      -1453.443    0.000  -0.055   0.152   0.
  2017 352 14 17 19 510 352.595364711      -4.76      1.05     -0.98  0.       -5269.834       3218.535      -1455.145    0.000  -0.055   0.152   0.
  2017 352 14 17 20 511 352.595376285      -4.81      1.05     -0.94  0.       -5269.027       3216.683      -1456.847    0.000  -0.056   0.153   0.
  2017 352 14 17 21 511 352.595387859      -4.83      1.07     -0.96  0.       -5268.219       3214.830      -1458.549    0.000  -0.056   0.153   0.
  2017 352 14 17 22 511 352.595399433      -4.87      1.11     -0.95  0.       -5267.411       3212.976      -1460.251    0.000  -0.055   0.152   0.
  2017 352 14 17 23 511 352.595411007      -4.90      1.07     -0.93  0.       -5266.601       3211.123      -1461.952    0.000  -0.055   0.152   0.
  2017 352 14 17 24 510 352.595422581      -4.98      1.13     -0.93  0.       -5265.791       3209.268      -1463.653    0.000  -0.055   0.152   0.
  2017 352 14 17 25 510 352.595434155      -5.00      1.17     -0.99  0.       -5264.979       3207.413      -1465.354    0.000  -0.055   0.152   0.
  2017 352 14 17 26 510 352.595445729      -5.03      1.09     -1.03  0.       -5264.167       3205.558      -1467.055    0.000  -0.055   0.152   0.
  2017 352 14 17 27 510 352.595457303      -5.11      1.16     -0.97  0.       -5263.354       3203.702      -1468.755    0.000  -0.055   0.152   0.
  2017 352 14 17 28 510 352.595468877      -5.17      1.21     -1.00  0.       -5262.540       3201.845      -1470.455    0.000  -0.055   0.152   0.
  2017 352 14 17 29 511 352.595480451      -5.12      1.17     -1.07  0.       -5261.725       3199.988      -1472.155    0.000  -0.055   0.152   0.
  2017 352 14 17 30 511 352.595492025      -5.20      1.21     -1.08  0.       -5260.909       3198.130      -1473.855    0.000  -0.055   0.152   0.
  2017 352 14 17 31 510 352.595503600      -5.27      1.20     -1.08  0.       -5260.093       3196.272      -1475.554    0.000  -0.055   0.152   0.
  2017 352 14 17 32 510 352.595515174      -5.20      1.20     -1.11  0.       -5259.275       3194.413      -1477.253    0.000  -0.056   0.153   0.
  2017 352 14 17 33 511 352.595526748      -5.21      1.25     -1.13  0.       -5258.457       3192.554      -1478.952    0.000  -0.056   0.153   0.
  2017 352 14 17 34 511 352.595538322      -5.29      1.27     -1.12  0.       -5257.638       3190.694      -1480.651    0.000  -0.055   0.152   0.
  2017 352 14 17 35 511 352.595549896      -5.23      1.26     -1.17  0.       -5256.817       3188.834      -1482.349    0.000  -0.055   0.152   0.
  2017 352 14 17 36 511 352.595561470      -5.21      1.24     -1.21  0.       -5255.996       3186.973      -1484.047    0.000  -0.056   0.153   0.
  2017 352 14 17 37 511 352.595573044      -5.26      1.19     -1.21  0.       -5255.174       3185.112      -1485.745    0.000  -0.056   0.153   0.
  2017 352 14 17 38 510 352.595584618      -5.23      1.23     -1.19  0.       -5254.351       3183.250      -1487.443    0.000  -0.055   0.152   0.
  2017 352 14 17 39 510 352.595596192      -5.23      1.22     -1.22  0.       -5253.528       3181.387      -1489.140    0.000  -0.055   0.152   0.
  2017 352 14 17 40 510 352.595607766      -5.26      1.12     -1.25  0.       -5252.703       3179.524      -1490.837    0.000  -0.055   0.152   0.
  2017 352 14 17 41 510 352.595619340      -5.30      1.14     -1.25  0.       -5251.877       3177.660      -1492.534    0.000  -0.055   0.152   0.
  2017 352 14 17 42 510 352.595630914      -5.29      1.18     -1.25  0.       -5251.051       3175.796      -1494.231    0.000  -0.056   0.153   0.
  2017 352 14 17 43 511 352.595642488      -5.27      1.02     -1.29  0.       -5250.224       3173.932      -1495.927    0.000  -0.056   0.153   0.
  2017 352 14 17 44 510 352.595654063      -5.33      1.06     -1.31  0.       -5249.395       3172.067      -1497.624    0.000  -0.055   0.152   0.
  2017 352 14 17 45 510 352.595665637      -5.41      1.02     -1.35  0.       -5248.566       3170.201      -1499.320    0.000  -0.055   0.152   0.
  2017 352 14 17 46 511 352.595677211      -5.38      0.93     -1.33  0.       -5247.736       3168.334      -1501.015    0.000  -0.056   0.153   0.
  2017 352 14 17 47 511 352.595688784      -5.45      1.05     -1.27  0.       -5246.905       3166.468      -1502.710    0.000  -0.056   0.153   0.
  2017 352 14 17 48 510 352.595700356      -5.60      0.92     -1.32  0.       -5246.074       3164.600      -1504.405    0.000  -0.055   0.152   0.
  2017 352 14 17 49 510 352.595711930      -5.51      0.87     -1.37  0.       -5245.241       3162.732      -1506.100    0.000  -0.055   0.152   0.
  2017 352 14 17 50 510 352.595723504      -5.61      0.92     -1.31  0.       -5244.407       3160.864      -1507.795    0.000  -0.055   0.152   0.
  2017 352 14 17 51 510 352.595735078      -5.73      0.82     -1.33  0.       -5243.573       3158.995      -1509.489    0.000  -0.055   0.152   0.
  2017 352 14 17 52 510 352.595746652      -5.67      0.77     -1.26  0.       -5242.738       3157.126      -1511.183    0.000  -0.055   0.152   0.
  2017 352 14 17 53 510 352.595758226      -5.61      0.79     -1.23  0.       -5241.901       3155.255      -1512.877    0.000  -0.055   0.152   0.
  2017 352 14 17 54 510 352.595769800      -5.72      0.74     -1.19  0.       -5241.064       3153.385      -1514.570    0.000  -0.056   0.153   0.
  2017 352 14 17 55 510 352.595781374      -5.71      0.76     -1.11  0.       -5240.226       3151.514      -1516.264    0.000  -0.056   0.153   0.
  2017 352 14 17 56 510 352.595792948      -5.77      0.82     -1.09  0.       -5239.387       3149.642      -1517.957    0.000  -0.055   0.152   0.
  2017 352 14 17 57 510 352.595804523      -5.96      0.72     -1.02  0.       -5238.547       3147.770      -1519.649    0.000  -0.055   0.152   0.
  2017 352 14 17 58 510 352.595816097      -6.00      0.69     -0.89  0.       -5237.706       3145.897      -1521.342    0.000  -0.055   0.152   0.
  2017 352 14 17 59 510 352.595827671      -6.01      0.73     -0.84  0.       -5236.865       3144.024      -1523.034    0.000  -0.055   0.152   0.
  2017 352 14 18  0 510 352.595839245      -6.01      0.60     -0.80  0.       -5236.022       3142.150      -1524.726    0.000  -0.055   0.152   0.
  2017 352 14 18  1 510 352.595850819      -5.98      0.63     -0.74  0.       -5235.179       3140.275      -1526.418    0.000  -0.055   0.152   0.
  2017 352 14 18  2 510 352.595862393      -6.01      0.65     -0.73  0.       -5234.334       3138.400      -1528.109    0.000  -0.055   0.152   0.
  2017 352 14 18  3 510 352.595873967      -5.96      0.63     -0.65  0.       -5233.489       3136.525      -1529.800    0.000  -0.055   0.152   0.
  2017 352 14 18  4 510 352.595885541      -6.04      0.61     -0.63  0.       -5232.643       3134.649      -1531.491    0.000  -0.055   0.152   0.
  2017 352 14 18  5 510 352.595897115      -6.14      0.70     -0.66  0.       -5231.796       3132.773      -1533.182    0.000  -0.055   0.152   0.
  2017 352 14 18  6 510 352.595908689      -6.13      0.66     -0.69  0.       -5230.948       3130.896      -1534.872    0.000  -0.055   0.152   0.
  2017 352 14 18  7 510 352.595920263      -6.12      0.78     -0.69  0.       -5230.099       3129.018      -1536.562    0.000  -0.055   0.152   0.
  2017 352 14 18  8 510 352.595931837      -6.17      0.90     -0.75  0.       -5229.249       3127.140      -1538.252    0.000  -0.055   0.152   0.
  2017 352 14 18  9 510 352.595943411      -6.13      0.87     -0.88  0.       -5228.399       3125.261      -1539.942    0.000  -0.055   0.152   0.
  2017 352 14 18 10 510 352.595954986      -6.13      0.89     -0.90  0.       -5227.547       3123.382      -1541.631    0.000  -0.055   0.152   0.
  2017 352 14 18 11 510 352.595966560      -6.21      0.95     -0.91  0.       -5226.695       3121.502      -1543.320    0.000  -0.055   0.152   0.
  2017 352 14 18 12 510 352.595978134      -6.17      0.92     -1.00  0.       -5225.841       3119.622      -1545.009    0.000  -0.055   0.152   0.
  2017 352 14 18 13 510 352.595989708      -6.10      0.89     -1.08  0.       -5224.987       3117.741      -1546.697    0.000  -0.055   0.152   0.
  2017 352 14 18 14 510 352.596001282      -6.15      0.93     -1.09  0.       -5224.132       3115.859      -1548.386    0.000  -0.055   0.152   0.
  2017 352 14 18 15 510 352.596012856      -6.06      0.89     -1.10  0.       -5223.276       3113.978      -1550.074    0.000  -0.055   0.152   0.
  2017 352 14 18 16 510 352.596024430      -6.05      0.85     -1.16  0.       -5222.419       3112.095      -1551.761    0.000  -0.055   0.152   0.
  2017 352 14 18 17 510 352.596036004      -6.15      0.81     -1.13  0.       -5221.561       3110.212      -1553.449    0.000  -0.055   0.152   0.
  2017 352 14 18 18 510 352.596047575      -6.18      0.76     -1.08  0.       -5220.702       3108.328      -1555.136    0.000  -0.055   0.152   0.
  2017 352 14 18 19 510 352.596059149      -6.02      0.74     -1.07  0.       -5219.842       3106.444      -1556.823    0.000  -0.055   0.152   0.
  2017 352 14 18 20 510 352.596070723      -6.06      0.74     -1.06  0.       -5218.982       3104.560      -1558.509    0.000  -0.055   0.152   0.
  2017 352 14 18 21 510 352.596082297      -5.99      0.69     -1.04  0.       -5218.120       3102.675      -1560.196    0.000  -0.055   0.152   0.
  2017 352 14 18 22 510 352.596093872      -5.89      0.72     -1.03  0.       -5217.258       3100.789      -1561.882    0.000  -0.055   0.152   0.
  2017 352 14 18 23 510 352.596105446      -5.90      0.70     -0.97  0.       -5216.394       3098.903      -1563.568    0.000  -0.055   0.152   0.
  2017 352 14 18 24 510 352.596117020      -5.84      0.69     -0.87  0.       -5215.530       3097.016      -1565.253    0.000  -0.055   0.152   0.
  2017 352 14 18 25 510 352.596128594      -5.75      0.74     -0.86  0.       -5214.665       3095.128      -1566.938    0.000  -0.055   0.152   0.
  2017 352 14 18 26 510 352.596140168      -5.77      0.80     -0.82  0.       -5213.799       3093.240      -1568.623    0.000  -0.055   0.152   0.
  2017 352 14 18 27 510 352.596151742      -5.81      0.82     -0.83  0.       -5212.932       3091.352      -1570.308    0.000  -0.055   0.152   0.
  2017 352 14 18 28 510 352.596163316      -5.79      0.92     -0.89  0.       -5212.064       3089.463      -1571.992    0.000  -0.055   0.152   0.
  2017 352 14 18 29 510 352.596174890      -5.85      0.92     -0.98  0.       -5211.196       3087.574      -1573.677    0.000  -0.055   0.152   0.
  2017 352 14 18 30 510 352.596186464      -5.85      0.96     -0.94  0.       -5210.326       3085.684      -1575.361    0.000  -0.055   0.152   0.
  2017 352 14 18 31 510 352.596198038      -5.77      1.12     -1.03  0.       -5209.455       3083.793      -1577.044    0.000  -0.055   0.152   0.
  2017 352 14 18 32 510 352.596209612      -5.78      1.07     -1.20  0.       -5208.584       3081.902      -1578.728    0.000  -0.055   0.152   0.
  2017 352 14 18 33 510 352.596221186      -5.81      1.01     -1.22  0.       -5207.711       3080.010      -1580.411    0.000  -0.055   0.152   0.
  2017 352 14 18 34 510 352.596232760      -5.77      1.03     -1.27  0.       -5206.838       3078.118      -1582.093    0.000  -0.055   0.152   0.
  2017 352 14 18 35 510 352.596244335      -5.79      0.93     -1.39  0.       -5205.964       3076.226      -1583.776    0.000  -0.055   0.152   0.
  2017 352 14 18 36 510 352.596255909      -5.85      0.81     -1.44  0.       -5205.089       3074.332      -1585.458    0.000  -0.055   0.152   0.
  2017 352 14 18 37 510 352.596267483      -5.85      0.79     -1.50  0.       -5204.213       3072.438      -1587.140    0.000  -0.055   0.152   0.
  2017 352 14 18 38 510 352.596279057      -5.83      0.70     -1.64  0.       -5203.336       3070.544      -1588.822    0.000  -0.055   0.152   0.
  2017 352 14 18 39 510 352.596290631      -5.79      0.60     -1.63  0.       -5202.458       3068.649      -1590.503    0.000  -0.055   0.152   0.
  2017 352 14 18 40 510 352.596302205      -5.79      0.62     -1.63  0.       -5201.579       3066.754      -1592.184    0.000  -0.055   0.152   0.
  2017 352 14 18 41 510 352.596313779      -5.77      0.61     -1.65  0.       -5200.699       3064.858      -1593.865    0.000  -0.055   0.152   0.
  2017 352 14 18 42 510 352.596325353      -5.79      0.61     -1.59  0.       -5199.819       3062.961      -1595.545    0.000  -0.055   0.152   0.
  2017 352 14 18 43 510 352.596336927      -5.83      0.70     -1.57  0.       -5198.937       3061.064      -1597.226    0.000  -0.055   0.152   0.
  2017 352 14 18 44 510 352.596348501      -5.84      0.75     -1.66  0.       -5198.055       3059.167      -1598.906    0.000  -0.055   0.152   0.
  2017 352 14 18 45 510 352.596360075      -5.85      0.69     -1.68  0.       -5197.171       3057.269      -1600.585    0.000  -0.055   0.152   0.
  2017 352 14 18 46 510 352.596371649      -5.88      0.77     -1.64  0.       -5196.287       3055.370      -1602.265    0.000  -0.055   0.152   0.
  2017 352 14 18 47 510 352.596383223      -5.88      0.74     -1.70  0.       -5195.402       3053.471      -1603.944    0.000  -0.055   0.152   0.
  2017 352 14 18 48 510 352.596394795      -5.87      0.68     -1.64  0.       -5194.516       3051.571      -1605.623    0.000  -0.055   0.152   0.
  2017 352 14 18 49 510 352.596406369      -5.87      0.79     -1.62  0.       -5193.629       3049.671      -1607.301    0.000  -0.055   0.152   0.
  2017 352 14 18 50 510 352.596417943      -5.93      0.85     -1.69  0.       -5192.741       3047.770      -1608.979    0.000  -0.055   0.152   0.
  2017 352 14 18 51 510 352.596429517      -5.95      0.77     -1.69  0.       -5191.852       3045.869      -1610.657    0.000  -0.055   0.152   0.
  2017 352 14 18 52 510 352.596441091      -6.02      0.84     -1.65  0.       -5190.962       3043.967      -1612.335    0.000  -0.055   0.151   0.
  2017 352 14 18 53 510 352.596452665      -6.07      0.91     -1.68  0.       -5190.071       3042.064      -1614.013    0.000  -0.055   0.151   0.
  2017 352 14 18 54 510 352.596464239      -6.07      0.85     -1.66  0.       -5189.180       3040.161      -1615.690    0.000  -0.055   0.151   0.
  2017 352 14 18 55 510 352.596475813      -6.15      0.83     -1.57  0.       -5188.287       3038.258      -1617.367    0.000  -0.055   0.151   0.
  2017 352 14 18 56 510 352.596487387      -6.16      0.79     -1.59  0.       -5187.394       3036.354      -1619.043    0.000  -0.054   0.150   0.
  2017 352 14 18 57 510 352.596498961      -6.16      0.69     -1.59  0.       -5186.499       3034.449      -1620.719    0.000  -0.054   0.150   0.
  2017 352 14 18 58 510 352.596510535      -6.22      0.68     -1.57  0.       -5185.604       3032.544      -1622.395    0.000  -0.054   0.148   0.
  2017 352 14 18 59 510 352.596522109      -6.14      0.77     -1.58  0.       -5184.708       3030.639      -1624.071    0.000  -0.054   0.148   0.
  2017 352 14 19  0 510 352.596533683      -6.14      0.67     -1.59  0.       -5183.810       3028.732      -1625.746    0.000  -0.053   0.146   0.
  2017 352 14 19  1 510 352.596545258      -6.20      0.71     -1.54  0.       -5182.912       3026.826      -1627.421    0.000  -0.053   0.146   0.
  2017 352 14 19  2 510 352.596556832      -6.20      0.72     -1.51  0.       -5182.013       3024.918      -1629.096    0.000  -0.052   0.144   0.
  2017 352 14 19  3 510 352.596568406      -6.14      0.63     -1.50  0.       -5181.113       3023.010      -1630.771    0.000  -0.052   0.144   0.
  2017 352 14 19  4 510 352.596579980      -6.09      0.66     -1.47  0.       -5180.213       3021.102      -1632.445    0.000  -0.051   0.141   0.
  2017 352 14 19  5 510 352.596591554      -6.04      0.64     -1.49  0.       -5179.311       3019.193      -1634.119    0.000  -0.051   0.141   0.
  2017 352 14 19  6 510 352.596603128      -5.97      0.62     -1.43  0.       -5178.408       3017.284      -1635.793    0.000  -0.050   0.138   0.
  2017 352 14 19  7 510 352.596614702      -5.85      0.62     -1.37  0.       -5177.505       3015.374      -1637.466    0.000  -0.050   0.138   0.
  2017 352 14 19  8 510 352.596626276      -5.72      0.75     -1.43  0.       -5176.600       3013.463      -1639.139    0.000  -0.049   0.135   0.
  2017 352 14 19  9 510 352.596637850      -5.73      0.72     -1.61  0.       -5175.694       3011.552      -1640.812    0.000  -0.049   0.135   0.
  2017 352 14 19 10 510 352.596649424      -5.67      0.65     -1.62  0.       -5174.788       3009.641      -1642.484    0.000  -0.048   0.132   0.
  2017 352 14 19 11 510 352.596660998      -5.61      0.56     -1.73  0.       -5173.881       3007.729      -1644.156    0.000  -0.048   0.132   0.
  2017 352 14 19 12 510 352.596672572      -5.48      0.49     -1.72  0.       -5172.972       3005.816      -1645.828    0.000  -0.047   0.129   0.
  2017 352 14 19 13 510 352.596684146      -5.40      0.41     -1.65  0.       -5172.063       3003.903      -1647.500    0.000  -0.047   0.129   0.
  2017 352 14 19 14 510 352.596695720      -5.32      0.34     -1.67  0.       -5171.153       3001.989      -1649.171    0.000  -0.046   0.127   0.
  2017 352 14 19 15 510 352.596707295      -5.21      0.26     -1.56  0.       -5170.242       3000.075      -1650.842    0.000  -0.046   0.127   0.
  2017 352 14 19 16 510 352.596718869      -5.13      0.37     -1.41  0.       -5169.330       2998.160      -1652.513    0.000  -0.045   0.124   0.
  2017 352 14 19 17 510 352.596730442      -4.99      0.43     -1.46  0.       -5168.417       2996.244      -1654.183    0.000  -0.045   0.124   0.
  2017 352 14 19 18 510 352.596742014      -4.99      0.40     -1.35  0.       -5167.504       2994.329      -1655.853    0.000  -0.044   0.122   0.
  2017 352 14 19 19 510 352.596753588      -5.12      0.41     -1.29  0.       -5166.589       2992.412      -1657.523    0.000  -0.044   0.122   0.
  2017 352 14 19 20 509 352.596765162      -5.12      0.40     -1.32  0.       -5165.673       2990.495      -1659.192    0.000  -0.043   0.119   0.
  2017 352 14 19 21 509 352.596776736      -5.26      0.34     -1.31  0.       -5164.757       2988.578      -1660.862    0.000  -0.043   0.119   0.
  2017 352 14 19 22 509 352.596788310      -5.36      0.23     -1.25  0.       -5163.839       2986.660      -1662.531    0.000  -0.042   0.116   0.
  2017 352 14 19 23 509 352.596799884      -5.21      0.27     -1.22  0.       -5162.921       2984.741      -1664.199    0.000  -0.042   0.116   0.
  2017 352 14 19 24 509 352.596811458      -5.28      0.25     -1.15  0.       -5162.001       2982.822      -1665.867    0.000  -0.041   0.112   0.
  2017 352 14 19 25 510 352.596823032      -5.29      0.29     -1.08  0.       -5161.081       2980.902      -1667.535    0.000  -0.041   0.111   0.
  2017 352 14 19 26 510 352.596834606      -5.24      0.29     -1.13  0.       -5160.160       2978.982      -1669.203    0.000  -0.039   0.107   0.
  2017 352 14 19 27 509 352.596846181      -5.32      0.30     -1.10  0.       -5159.237       2977.061      -1670.870    0.000  -0.039   0.106   0.
  2017 352 14 19 28 509 352.596857755      -5.38      0.29     -1.10  0.       -5158.314       2975.140      -1672.538    0.000  -0.037   0.102   0.
  2017 352 14 19 29 510 352.596869329      -5.33      0.25     -1.14  0.       -5157.390       2973.218      -1674.204    0.000  -0.037   0.101   0.
  2017 352 14 19 30 510 352.596880903      -5.40      0.32     -1.11  0.       -5156.465       2971.296      -1675.871    0.000  -0.035   0.095   0.
  2017 352 14 19 31 510 352.596892477      -5.45      0.27     -1.14  0.       -5155.539       2969.373      -1677.537    0.000  -0.035   0.094   0.
  2017 352 14 19 32 510 352.596904051      -5.32      0.28     -1.21  0.       -5154.613       2967.450      -1679.203    0.000  -0.032   0.088   0.
  2017 352 14 19 33 510 352.596915625      -5.29      0.35     -1.24  0.       -5153.684       2965.526      -1680.868    0.000  -0.032   0.087   0.
  2017 352 14 19 34 509 352.596927199      -5.33      0.21     -1.32  0.       -5152.756       2963.601      -1682.534    0.000  -0.029   0.080   0.
  2017 352 14 19 35 509 352.596938773      -5.23      0.13     -1.36  0.       -5151.826       2961.676      -1684.199    0.000  -0.029   0.079   0.
  2017 352 14 19 36 509 352.596950347      -5.26      0.11     -1.32  0.       -5150.896       2959.750      -1685.863    0.000  -0.026   0.072   0.
  2017 352 14 19 37 509 352.596961921      -5.27      0.04     -1.28  0.       -5149.964       2957.824      -1687.528    0.000  -0.026   0.071   0.
  2017 352 14 19 38 510 352.596973495      -5.22     -0.05     -1.29  0.       -5149.032       2955.898      -1689.192    0.000  -0.023   0.064   0.
  2017 352 14 19 39 510 352.596985069      -5.26     -0.01     -1.26  0.       -5148.098       2953.970      -1690.855    0.000  -0.023   0.063   0.
  2017 352 14 19 40 509 352.596996644      -5.26      0.03     -1.27  0.       -5147.164       2952.043      -1692.519    0.000  -0.020   0.055   0.
  2017 352 14 19 41 509 352.597008218      -5.20     -0.07     -1.26  0.       -5146.229       2950.114      -1694.182    0.000  -0.020   0.054   0.
  2017 352 14 19 42 510 352.597019792      -5.21     -0.09     -1.23  0.       -5145.292       2948.186      -1695.845    0.000  -0.017   0.046   0.
  2017 352 14 19 43 510 352.597031366      -5.17     -0.09     -1.19  0.       -5144.355       2946.256      -1697.507    0.000  -0.017   0.045   0.
  2017 352 14 19 44 510 352.597042940      -5.10     -0.23     -1.16  0.       -5143.417       2944.326      -1699.169    0.000  -0.014   0.038   0.
  2017 352 14 19 45 510 352.597054514      -5.13     -0.12     -1.04  0.       -5142.478       2942.396      -1700.831    0.000  -0.014   0.037   0.
  2017 352 14 19 46 510 352.597066088      -4.94     -0.10     -1.04  0.       -5141.538       2940.465      -1702.493    0.000  -0.011   0.030   0.
  2017 352 14 19 47 509 352.597077662      -5.05     -0.08     -1.01  0.       -5140.597       2938.534      -1704.154    0.000  -0.011   0.029   0.
  2017 352 14 19 48 509 352.597089233      -4.99     -0.11     -0.99  0.       -5139.655       2936.601      -1705.815    0.000  -0.009   0.024   0.
  2017 352 14 19 49 509 352.597100807      -5.04     -0.09     -1.04  0.       -5138.713       2934.669      -1707.475    0.000  -0.009   0.023   0.
  2017 352 14 19 50 509 352.597112381      -5.16     -0.09     -0.98  0.       -5137.769       2932.736      -1709.136    0.000  -0.006   0.018   0.
  2017 352 14 19 51 509 352.597123955      -5.15     -0.08     -0.99  0.       -5136.824       2930.802      -1710.796    0.000  -0.006   0.017   0.
  2017 352 14 19 52 509 352.597135529      -5.12     -0.10     -1.00  0.       -5135.878       2928.868      -1712.455    0.000  -0.005   0.013   0.
  2017 352 14 19 53 509 352.597147104      -5.28     -0.01     -0.93  0.       -5134.932       2926.933      -1714.115    0.000  -0.005   0.013   0.
  2017 352 14 19 54 509 352.597158678      -5.22     -0.04     -0.92  0.       -5133.984       2924.998      -1715.774    0.000  -0.003   0.010   0.
  2017 352 14 19 55 509 352.597170252      -5.14      0.02     -0.86  0.       -5133.036       2923.062      -1717.432    0.000  -0.003   0.010   0.
  2017 352 14 19 56 509 352.597181826      -5.19      0.10     -0.82  0.       -5132.087       2921.126      -1719.091    0.000  -0.002   0.007   0.
  2017 352 14 19 57 509 352.597193400      -5.09      0.06     -0.86  0.       -5131.136       2919.189      -1720.749    0.000  -0.002   0.007   0.
  2017 352 14 19 58 509 352.597204974      -5.03      0.03     -0.81  0.       -5130.185       2917.251      -1722.407    0.000  -0.002   0.005   0.
  2017 352 14 19 59 509 352.597216548      -5.09      0.12     -0.80  0.       -5129.233       2915.314      -1724.064    0.000  -0.002   0.005   0.
  2017 352 14 20  0 509 352.597228122      -5.12      0.13     -0.83  0.       -5128.280       2913.375      -1725.721    0.000  -0.001   0.004   0.
  2017 352 14 20  1 509 352.597239696      -5.17      0.15     -0.75  0.       -5127.325       2911.436      -1727.378    0.000  -0.001   0.004   0.
  2017 352 14 20  2 509 352.597251270      -5.22      0.20     -0.77  0.       -5126.370       2909.496      -1729.034    0.000  -0.001   0.002   0.
  2017 352 14 20  3 509 352.597262844      -5.33      0.10     -0.81  0.       -5125.414       2907.556      -1730.691    0.000  -0.001   0.002   0.
  2017 352 14 20  4 509 352.597274418      -5.34      0.09     -0.74  0.       -5124.457       2905.616      -1732.346    0.000   0.000   0.001   0.
  2017 352 14 20  5 509 352.597285992      -5.33      0.07     -0.73  0.       -5123.500       2903.675      -1734.002    0.000   0.000   0.001   0.
  2017 352 14 20  6 509 352.597297567      -5.36      0.15     -0.67  0.       -5122.541       2901.733      -1735.657    0.000   0.000   0.001   0.
  2017 352 14 20  7 509 352.597309141      -5.43      0.12     -0.68  0.       -5121.581       2899.791      -1737.312    0.000   0.000   0.001   0.
  2017 352 14 20  8 509 352.597320715      -5.46      0.17     -0.74  0.       -5120.620       2897.848      -1738.967    0.000   0.000   0.000   0.
  2017 352 14 20  9 509 352.597332289      -5.60      0.20     -0.73  0.       -5119.658       2895.904      -1740.621    0.000   0.000   0.000   0.
  2017 352 14 20 10 509 352.597343863      -5.70      0.21     -0.74  0.       -5118.696       2893.961      -1742.275    0.000   0.000   0.000   0.
  2017 352 14 20 11 509 352.597355437      -5.69      0.20     -0.82  0.       -5117.732       2892.016      -1743.928    0.000   0.000   0.000   0.
  2017 352 14 20 12 509 352.597367011      -5.88      0.26     -0.87  0.       -5116.768       2890.071      -1745.582    0.000   0.000   0.000   0.
  2017 352 14 20 13 509 352.597378585      -5.97      0.25     -0.95  0.       -5115.802       2888.126      -1747.234    0.000   0.000   0.000   0.
  2017 352 14 20 14 509 352.597390159      -5.97      0.18     -1.01  0.       -5114.836       2886.180      -1748.887    0.000   0.000   0.000   0.
  2017 352 14 20 15 509 352.597401733      -6.08      0.22     -1.02  0.       -5113.868       2884.233      -1750.539    0.000   0.000   0.000   0.
  2017 352 14 20 16 509 352.597413307      -6.12      0.20     -1.11  0.       -5112.900       2882.286      -1752.191    0.000   0.000   0.000   0.
  2017 352 14 20 17 509 352.597424881      -6.14      0.12     -1.11  0.       -5111.931       2880.338      -1753.843    0.000   0.000   0.000   0.
  2017 352 14 20 18 509 352.597436455      -6.18      0.20     -1.13  0.       -5110.960       2878.390      -1755.494    0.000   0.000   0.000   0.
  2017 352 14 20 19 509 352.597448029      -6.21      0.25     -1.22  0.       -5109.989       2876.442      -1757.145    0.000   0.000   0.000   0.
  2017 352 14 20 20 509 352.597459601      -6.31      0.15     -1.21  0.       -5109.017       2874.492      -1758.796    0.000   0.000   0.000   0.
  2017 352 14 20 21 509 352.597471175      -6.29      0.16     -1.18  0.       -5108.044       2872.543      -1760.446    0.000   0.000   0.000   0.
  2017 352 14 20 22 509 352.597482749      -6.25      0.20     -1.23  0.       -5107.070       2870.592      -1762.096    0.000   0.000   0.000   0.
  2017 352 14 20 23 509 352.597494323      -6.29      0.19     -1.23  0.       -5106.095       2868.642      -1763.746    0.000   0.000   0.000   0.
  2017 352 14 20 24 509 352.597505897      -6.18      0.15     -1.25  0.       -5105.119       2866.690      -1765.395    0.000   0.000   0.000   0.
  2017 352 14 20 25 509 352.597517471      -6.17      0.12     -1.32  0.       -5104.142       2864.738      -1767.044    0.000   0.000   0.000   0.
  2017 352 14 20 26 509 352.597529045      -6.25      0.03     -1.36  0.       -5103.164       2862.786      -1768.693    0.000   0.000   0.000   0.
  2017 352 14 20 27 509 352.597540619      -6.16     -0.07     -1.35  0.       -5102.185       2860.833      -1770.341    0.000   0.000   0.000   0.
  2017 352 14 20 28 509 352.597552193      -6.17     -0.09     -1.31  0.       -5101.205       2858.879      -1771.989    0.000   0.000   0.000   0.
  2017 352 14 20 29 509 352.597563767      -6.23     -0.04     -1.25  0.       -5100.225       2856.925      -1773.637    0.000   0.000   0.000   0.
  2017 352 14 20 30 509 352.597575341      -6.20     -0.14     -1.25  0.       -5099.243       2854.971      -1775.284    0.000   0.000   0.000   0.
  2017 352 14 20 31 509 352.597586916      -6.21     -0.15     -1.17  0.       -5098.260       2853.015      -1776.931    0.000   0.000   0.000   0.
  2017 352 14 20 32 509 352.597598490      -6.27     -0.13     -1.18  0.       -5097.277       2851.060      -1778.578    0.000   0.000   0.000   0.
  2017 352 14 20 33 509 352.597610064      -6.28     -0.21     -1.23  0.       -5096.292       2849.104      -1780.224    0.000   0.000   0.000   0.
  2017 352 14 20 34 509 352.597621638      -6.26     -0.20     -1.19  0.       -5095.306       2847.147      -1781.870    0.000   0.000   0.000   0.
  2017 352 14 20 35 509 352.597633212      -6.20     -0.14     -1.21  0.       -5094.320       2845.189      -1783.516    0.000   0.000   0.000   0.
  2017 352 14 20 36 509 352.597644786      -6.25     -0.08     -1.23  0.       -5093.333       2843.232      -1785.161    0.000   0.000   0.000   0.
  2017 352 14 20 37 509 352.597656360      -6.19     -0.09     -1.23  0.       -5092.344       2841.273      -1786.806    0.000   0.000   0.000   0.
  2017 352 14 20 38 509 352.597667934      -6.04     -0.08     -1.25  0.       -5091.355       2839.314      -1788.450    0.000   0.000   0.000   0.
  2017 352 14 20 39 509 352.597679508      -6.05     -0.04     -1.23  0.       -5090.364       2837.355      -1790.095    0.000   0.000   0.000   0.
  2017 352 14 20 40 509 352.597691082      -6.04     -0.12     -1.33  0.       -5089.373       2835.395      -1791.739    0.000   0.000   0.000   0.
  2017 352 14 20 41 509 352.597702656      -5.96     -0.20     -1.35  0.       -5088.381       2833.435      -1793.382    0.000   0.000   0.000   0.
  2017 352 14 20 42 509 352.597714230      -6.01     -0.20     -1.36  0.       -5087.388       2831.474      -1795.026    0.000   0.000   0.000   0.
  2017 352 14 20 43 509 352.597725804      -6.00     -0.21     -1.33  0.       -5086.393       2829.512      -1796.668    0.000   0.000   0.000   0.
  2017 352 14 20 44 509 352.597737378      -6.02     -0.33     -1.27  0.       -5085.398       2827.550      -1798.311    0.000   0.000   0.000   0.
  2017 352 14 20 45 509 352.597748952      -6.01     -0.34     -1.30  0.       -5084.402       2825.587      -1799.953    0.000   0.000   0.000   0.
  2017 352 14 20 46 509 352.597760527      -6.02     -0.42     -1.33  0.       -5083.405       2823.624      -1801.595    0.000   0.000   0.000   0.
  2017 352 14 20 47 509 352.597772101      -6.09     -0.60     -1.27  0.       -5082.407       2821.660      -1803.237    0.000   0.000   0.000   0.
  2017 352 14 20 48 509 352.597783675      -6.06     -0.75     -1.25  0.       -5081.408       2819.696      -1804.878    0.000   0.000   0.000   0.
  2017 352 14 20 49 509 352.597795248      -6.13     -0.82     -1.22  0.       -5080.408       2817.731      -1806.519    0.000   0.000   0.000   0.
  2017 352 14 20 50 509 352.597806820      -6.26     -0.90     -1.18  0.       -5079.407       2815.766      -1808.159    0.000   0.000   0.000   0.
  2017 352 14 20 51 509 352.597818394      -6.24     -0.98     -1.12  0.       -5078.405       2813.800      -1809.800    0.000   0.000   0.000   0.
  2017 352 14 20 52 509 352.597829968      -6.30     -1.02     -1.08  0.       -5077.402       2811.834      -1811.439    0.000   0.000   0.000   0.
  2017 352 14 20 53 509 352.597841542      -6.32     -1.04     -1.06  0.       -5076.398       2809.867      -1813.079    0.000   0.000   0.000   0.
  2017 352 14 20 54 509 352.597853116      -6.33     -1.13     -0.99  0.       -5075.394       2807.899      -1814.718    0.000   0.000   0.000   0.
  2017 352 14 20 55 509 352.597864690      -6.38     -1.11     -0.92  0.       -5074.388       2805.931      -1816.357    0.000   0.000   0.000   0.
  2017 352 14 20 56 509 352.597876264      -6.40     -1.10     -0.96  0.       -5073.381       2803.963      -1817.995    0.000   0.000   0.000   0.
  2017 352 14 20 57 509 352.597887839      -6.53     -1.20     -0.89  0.       -5072.373       2801.994      -1819.633    0.000   0.000   0.000   0.
  2017 352 14 20 58 509 352.597899413      -6.59     -1.22     -0.84  0.       -5071.365       2800.024      -1821.271    0.000   0.000   0.000   0.
  2017 352 14 20 59 509 352.597910987      -6.59     -1.18     -0.86  0.       -5070.355       2798.054      -1822.908    0.000   0.000   0.000   0.
  2017 352 14 21  0 509 352.597922561      -6.76     -1.26     -0.84  0.       -5069.344       2796.083      -1824.546    0.000   0.000   0.000   0.
  2017 352 14 21  1 509 352.597934135      -6.82     -1.34     -0.83  0.       -5068.333       2794.112      -1826.182    0.000   0.000   0.000   0.
  2017 352 14 21  2 509 352.597945709      -6.81     -1.35     -0.76  0.       -5067.320       2792.140      -1827.819    0.000   0.000   0.000   0.
  2017 352 14 21  3 509 352.597957283      -6.89     -1.24     -0.72  0.       -5066.307       2790.168      -1829.455    0.000   0.000   0.000   0.
  2017 352 14 21  4 509 352.597968857      -6.86     -1.25     -0.71  0.       -5065.292       2788.195      -1831.090    0.000   0.000   0.000   0.
  2017 352 14 21  5 509 352.597980431      -6.90     -1.27     -0.66  0.       -5064.277       2786.222      -1832.726    0.000   0.000   0.000   0.
  2017 352 14 21  6 509 352.597992005      -6.89     -1.22     -0.62  0.       -5063.260       2784.248      -1834.360    0.000   0.000   0.000   0.
  2017 352 14 21  7 509 352.598003579      -6.93     -1.26     -0.59  0.       -5062.243       2782.274      -1835.995    0.000   0.000   0.000   0.
  2017 352 14 21  8 509 352.598015153      -6.98     -1.25     -0.51  0.       -5061.224       2780.299      -1837.629    0.000   0.000   0.000   0.
  2017 352 14 21  9 509 352.598026727      -6.86     -1.26     -0.53  0.       -5060.205       2778.323      -1839.263    0.000   0.000   0.000   0.
  2017 352 14 21 10 509 352.598038302      -6.88     -1.25     -0.50  0.       -5059.185       2776.347      -1840.897    0.000   0.000   0.000   0.
  2017 352 14 21 11 509 352.598049876      -6.88     -1.27     -0.53  0.       -5058.163       2774.371      -1842.530    0.000   0.000   0.000   0.
  2017 352 14 21 12 509 352.598061450      -6.82     -1.35     -0.52  0.       -5057.141       2772.393      -1844.162    0.000   0.000   0.000   0.
  2017 352 14 21 13 509 352.598073024      -6.88     -1.29     -0.47  0.       -5056.118       2770.416      -1845.795    0.000   0.000   0.000   0.
  2017 352 14 21 14 509 352.598084598      -6.88     -1.34     -0.53  0.       -5055.094       2768.438      -1847.428    0.000   0.000   0.000   0.
  2017 352 14 21 15 509 352.598096172      -6.90     -1.51     -0.55  0.       -5054.069       2766.459      -1849.059    0.000   0.000   0.000   0.
  2017 352 14 21 16 509 352.598107746      -6.87     -1.50     -0.56  0.       -5053.042       2764.480      -1850.690    0.000   0.000   0.000   0.
  2017 352 14 21 17 509 352.598119320      -6.87     -1.54     -0.67  0.       -5052.015       2762.500      -1852.321    0.000   0.000   0.000   0.
  2017 352 14 21 18 509 352.598130894      -6.98     -1.60     -0.66  0.       -5050.987       2760.520      -1853.952    0.000   0.000   0.000   0.
  2017 352 14 21 19 509 352.598142468      -6.91     -1.63     -0.69  0.       -5049.958       2758.539      -1855.582    0.000   0.000   0.000   0.
  2017 352 14 21 20 509 352.598154042      -6.91     -1.59     -0.68  0.       -5048.928       2756.557      -1857.212    0.000   0.000   0.000   0.
  2017 352 14 21 21 509 352.598165616      -6.99     -1.55     -0.69  0.       -5047.897       2754.576      -1858.842    0.000   0.000   0.000   0.
  2017 352 14 21 22 509 352.598177188      -6.87     -1.59     -0.70  0.       -5046.865       2752.593      -1860.471    0.000   0.000   0.000   0.
  2017 352 14 21 23 508 352.598188762      -6.84     -1.52     -0.63  0.       -5045.832       2750.610      -1862.100    0.000   0.000   0.000   0.
  2017 352 14 21 24 508 352.598200336      -6.81     -1.50     -0.70  0.       -5044.798       2748.627      -1863.728    0.000   0.000   0.000   0.
  2017 352 14 21 25 509 352.598211910      -6.85     -1.56     -0.69  0.       -5043.763       2746.643      -1865.357    0.000   0.000   0.000   0.
  2017 352 14 21 26 509 352.598223484      -6.85     -1.57     -0.70  0.       -5042.727       2744.658      -1866.984    0.000   0.000   0.000   0.
  2017 352 14 21 27 509 352.598235058      -6.79     -1.52     -0.73  0.       -5041.690       2742.673      -1868.612    0.000   0.000   0.000   0.
  2017 352 14 21 28 509 352.598246632      -6.82     -1.38     -0.68  0.       -5040.652       2740.687      -1870.239    0.000   0.000   0.000   0.
  2017 352 14 21 29 508 352.598258206      -6.78     -1.42     -0.73  0.       -5039.613       2738.701      -1871.865    0.000   0.000   0.000   0.
  2017 352 14 21 30 508 352.598269780      -6.75     -1.44     -0.74  0.       -5038.573       2736.714      -1873.492    0.000   0.000   0.000   0.
  2017 352 14 21 31 508 352.598281354      -6.77     -1.38     -0.78  0.       -5037.532       2734.727      -1875.118    0.000   0.000   0.000   0.
  2017 352 14 21 32 508 352.598292928      -6.77     -1.39     -0.83  0.       -5036.490       2732.739      -1876.743    0.000   0.000   0.000   0.
  2017 352 14 21 33 508 352.598304502      -6.80     -1.40     -0.76  0.       -5035.447       2730.751      -1878.368    0.000   0.000   0.000   0.
  2017 352 14 21 34 509 352.598316076      -6.71     -1.33     -0.77  0.       -5034.404       2728.762      -1879.993    0.000   0.000   0.000   0.
  2017 352 14 21 35 509 352.598327650      -6.77     -1.29     -0.79  0.       -5033.359       2726.773      -1881.618    0.000   0.000   0.000   0.
  2017 352 14 21 36 508 352.598339225      -6.79     -1.33     -0.80  0.       -5032.313       2724.783      -1883.242    0.000   0.000   0.000   0.
  2017 352 14 21 37 508 352.598350799      -6.75     -1.41     -0.82  0.       -5031.266       2722.793      -1884.866    0.000   0.000   0.000   0.
  2017 352 14 21 38 509 352.598362373      -6.83     -1.37     -0.80  0.       -5030.218       2720.802      -1886.489    0.000   0.000   0.000   0.
  2017 352 14 21 39 509 352.598373947      -6.78     -1.27     -0.85  0.       -5029.170       2718.810      -1888.112    0.000   0.000   0.000   0.
  2017 352 14 21 40 509 352.598385521      -6.81     -1.26     -0.78  0.       -5028.120       2716.818      -1889.735    0.000   0.000   0.000   0.
  2017 352 14 21 41 509 352.598397095      -6.75     -1.23     -0.78  0.       -5027.069       2714.825      -1891.357    0.000   0.000   0.000   0.
  2017 352 14 21 42 509 352.598408669      -6.73     -1.16     -0.75  0.       -5026.018       2712.832      -1892.979    0.000   0.000   0.000   0.
  2017 352 14 21 43 508 352.598420243      -6.78     -1.07     -0.71  0.       -5024.965       2710.839      -1894.600    0.000   0.000   0.000   0.
  2017 352 14 21 44 508 352.598431817      -6.67     -1.03     -0.72  0.       -5023.911       2708.845      -1896.221    0.000   0.000   0.000   0.
  2017 352 14 21 45 508 352.598443391      -6.62     -0.92     -0.69  0.       -5022.856       2706.850      -1897.842    0.000   0.000   0.000   0.
  2017 352 14 21 46 508 352.598454965      -6.58     -0.81     -0.73  0.       -5021.800       2704.855      -1899.462    0.000   0.000   0.000   0.
  2017 352 14 21 47 509 352.598466539      -6.55     -0.81     -0.72  0.       -5020.744       2702.859      -1901.082    0.000   0.000   0.000   0.
  2017 352 14 21 48 509 352.598478113      -6.49     -0.76     -0.71  0.       -5019.687       2700.863      -1902.702    0.000   0.000   0.000   0.
  2017 352 14 21 49 508 352.598489687      -6.42     -0.68     -0.77  0.       -5018.628       2698.866      -1904.321    0.000   0.000   0.000   0.
  2017 352 14 21 50 508 352.598501262      -6.46     -0.67     -0.72  0.       -5017.568       2696.868      -1905.940    0.000   0.000   0.000   0.
  2017 352 14 21 51 508 352.598512835      -6.40     -0.75     -0.75  0.       -5016.508       2694.870      -1907.559    0.000   0.000   0.000   0.
  2017 352 14 21 52 508 352.598524407      -6.35     -0.71     -0.70  0.       -5015.446       2692.872      -1909.177    0.000   0.000   0.000   0.
  2017 352 14 21 53 508 352.598535981      -6.35     -0.61     -0.71  0.       -5014.383       2690.873      -1910.795    0.000   0.000   0.000   0.
  2017 352 14 21 54 508 352.598547555      -6.32     -0.67     -0.76  0.       -5013.320       2688.873      -1912.412    0.000   0.000   0.000   0.
  2017 352 14 21 55 508 352.598559129      -6.34     -0.68     -0.70  0.       -5012.255       2686.873      -1914.029    0.000   0.000   0.000   0.
  2017 352 14 21 56 508 352.598570703      -6.24     -0.64     -0.69  0.       -5011.190       2684.873      -1915.645    0.000   0.000   0.000   0.
  2017 352 14 21 57 508 352.598582277      -6.32     -0.63     -0.67  0.       -5010.123       2682.872      -1917.262    0.000   0.000   0.000   0.
  2017 352 14 21 58 508 352.598593851      -6.30     -0.64     -0.62  0.       -5009.056       2680.870      -1918.877    0.000   0.000   0.000   0.
  2017 352 14 21 59 508 352.598605425      -6.21     -0.60     -0.57  0.       -5007.987       2678.868      -1920.493    0.000   0.000   0.000   0.
  2017 352 14 22  0 508 352.598616999      -6.21     -0.53     -0.52  0.       -5006.918       2676.865      -1922.108    0.000   0.000   0.000   0.
  2017 352 14 22  1 508 352.598628573      -6.19     -0.59     -0.58  0.       -5005.847       2674.862      -1923.723    0.000   0.000   0.000   0.
  2017 352 14 22  2 508 352.598640148      -6.23     -0.68     -0.56  0.       -5004.776       2672.858      -1925.337    0.000   0.000   0.000   0.
  2017 352 14 22  3 508 352.598651722      -6.16     -0.71     -0.56  0.       -5003.703       2670.854      -1926.951    0.000   0.000   0.000   0.
  2017 352 14 22  4 508 352.598663296      -6.15     -0.68     -0.54  0.       -5002.629       2668.849      -1928.564    0.000   0.000   0.000   0.
  2017 352 14 22  5 508 352.598674870      -6.21     -0.67     -0.54  0.       -5001.555       2666.844      -1930.178    0.000   0.000   0.000   0.
  2017 352 14 22  6 508 352.598686444      -6.20     -0.78     -0.55  0.       -5000.479       2664.838      -1931.790    0.000   0.000   0.000   0.
  2017 352 14 22  7 508 352.598698018      -6.26     -0.90     -0.52  0.       -4999.403       2662.832      -1933.403    0.000   0.000   0.000   0.
  2017 352 14 22  8 508 352.598709592      -6.23     -0.91     -0.56  0.       -4998.325       2660.825      -1935.015    0.000   0.000   0.000   0.
  2017 352 14 22  9 508 352.598721166      -6.32     -0.95     -0.57  0.       -4997.247       2658.817      -1936.626    0.000   0.000   0.000   0.
  2017 352 14 22 10 508 352.598732740      -6.28     -0.97     -0.59  0.       -4996.167       2656.809      -1938.238    0.000   0.000   0.000   0.
  2017 352 14 22 11 508 352.598744314      -6.27     -1.03     -0.59  0.       -4995.087       2654.801      -1939.849    0.000   0.000   0.000   0.
  2017 352 14 22 12 508 352.598755888      -6.37     -1.00     -0.59  0.       -4994.005       2652.791      -1941.459    0.000   0.000   0.000   0.
  2017 352 14 22 13 508 352.598767462      -6.39     -1.05     -0.64  0.       -4992.923       2650.782      -1943.069    0.000   0.000   0.000   0.
  2017 352 14 22 14 508 352.598779036      -6.40     -1.04     -0.57  0.       -4991.839       2648.772      -1944.679    0.000   0.000   0.000   0.
  2017 352 14 22 15 508 352.598790611      -6.38     -1.04     -0.66  0.       -4990.755       2646.761      -1946.288    0.000   0.000   0.000   0.
  2017 352 14 22 16 508 352.598802185      -6.51     -1.06     -0.69  0.       -4989.669       2644.750      -1947.897    0.000   0.000   0.000   0.
  2017 352 14 22 17 508 352.598813759      -6.52     -1.11     -0.72  0.       -4988.583       2642.738      -1949.505    0.000   0.000   0.000   0.
  2017 352 14 22 18 508 352.598825333      -6.49     -1.19     -0.71  0.       -4987.495       2640.726      -1951.113    0.000   0.000   0.000   0.
  2017 352 14 22 19 508 352.598836907      -6.56     -1.12     -0.70  0.       -4986.407       2638.713      -1952.721    0.000   0.000   0.000   0.
  2017 352 14 22 20 508 352.598848481      -6.56     -1.18     -0.75  0.       -4985.317       2636.700      -1954.328    0.000   0.000   0.000   0.
  2017 352 14 22 21 508 352.598860055      -6.62     -1.21     -0.70  0.       -4984.227       2634.686      -1955.935    0.000   0.000   0.000   0.
  2017 352 14 22 22 508 352.598871626      -6.55     -1.18     -0.66  0.       -4983.135       2632.671      -1957.542    0.000   0.000   0.000   0.
  2017 352 14 22 23 508 352.598883200      -6.62     -1.18     -0.64  0.       -4982.043       2630.656      -1959.148    0.000   0.000   0.000   0.
  2017 352 14 22 24 508 352.598894774      -6.66     -1.18     -0.69  0.       -4980.949       2628.641      -1960.753    0.000   0.000   0.000   0.
  2017 352 14 22 25 508 352.598906348      -6.68     -1.27     -0.61  0.       -4979.855       2626.626      -1962.359    0.000   0.000   0.000   0.
  2017 352 14 22 26 508 352.598917923      -6.73     -1.26     -0.54  0.       -4978.759       2624.609      -1963.964    0.000   0.000   0.000   0.
  2017 352 14 22 27 508 352.598929497      -6.72     -1.20     -0.54  0.       -4977.663       2622.592      -1965.568    0.000   0.000   0.000   0.
  2017 352 14 22 28 508 352.598941071      -6.83     -1.21     -0.51  0.       -4976.565       2620.574      -1967.172    0.000   0.000   0.000   0.
  2017 352 14 22 29 508 352.598952645      -6.81     -1.25     -0.53  0.       -4975.466       2618.556      -1968.776    0.000   0.000   0.000   0.
  2017 352 14 22 30 508 352.598964219      -6.80     -1.19     -0.48  0.       -4974.367       2616.537      -1970.379    0.000   0.000   0.000   0.
  2017 352 14 22 31 508 352.598975793      -6.77     -1.12     -0.48  0.       -4973.266       2614.518      -1971.982    0.000   0.000   0.000   0.
  2017 352 14 22 32 508 352.598987367      -6.80     -1.14     -0.47  0.       -4972.165       2612.499      -1973.585    0.000   0.000   0.000   0.
  2017 352 14 22 33 508 352.598998941      -6.83     -1.14     -0.44  0.       -4971.062       2610.478      -1975.187    0.000   0.000   0.000   0.
  2017 352 14 22 34 508 352.599010515      -6.80     -1.22     -0.54  0.       -4969.958       2608.458      -1976.789    0.000   0.000   0.000   0.
  2017 352 14 22 35 508 352.599022089      -6.89     -1.23     -0.47  0.       -4968.854       2606.436      -1978.390    0.000   0.000   0.000   0.
  2017 352 14 22 36 508 352.599033663      -6.87     -1.24     -0.42  0.       -4967.748       2604.414      -1979.991    0.000   0.000   0.000   0.
  2017 352 14 22 37 508 352.599045237      -6.88     -1.21     -0.38  0.       -4966.642       2602.392      -1981.591    0.000   0.000   0.000   0.
  2017 352 14 22 38 508 352.599056811      -6.83     -1.20     -0.47  0.       -4965.534       2600.369      -1983.192    0.000   0.000   0.000   0.
  2017 352 14 22 39 508 352.599068385      -6.85     -1.20     -0.47  0.       -4964.426       2598.346      -1984.791    0.000   0.000   0.000   0.
  2017 352 14 22 40 508 352.599079959      -6.86     -1.24     -0.50  0.       -4963.316       2596.322      -1986.391    0.000   0.000   0.000   0.
  2017 352 14 22 41 508 352.599091534      -6.79     -1.30     -0.50  0.       -4962.205       2594.297      -1987.990    0.000   0.000   0.000   0.
  2017 352 14 22 42 508 352.599103108      -6.79     -1.27     -0.49  0.       -4961.093       2592.272      -1989.588    0.000   0.000   0.000   0.
  2017 352 14 22 43 508 352.599114682      -6.76     -1.34     -0.55  0.       -4959.981       2590.247      -1991.186    0.000   0.000   0.000   0.
  2017 352 14 22 44 508 352.599126256      -6.83     -1.37     -0.51  0.       -4958.867       2588.221      -1992.784    0.000   0.000   0.000   0.
  2017 352 14 22 45 508 352.599137830      -6.72     -1.37     -0.51  0.       -4957.752       2586.194      -1994.381    0.000   0.000   0.000   0.
  2017 352 14 22 46 508 352.599149404      -6.72     -1.33     -0.48  0.       -4956.637       2584.167      -1995.978    0.000   0.000   0.000   0.
  2017 352 14 22 47 508 352.599160978      -6.71     -1.36     -0.51  0.       -4955.520       2582.140      -1997.574    0.000   0.000   0.000   0.
  2017 352 14 22 48 508 352.599172552      -6.71     -1.44     -0.48  0.       -4954.402       2580.111      -1999.170    0.000   0.000   0.000   0.
  2017 352 14 22 49 508 352.599184126      -6.73     -1.55     -0.48  0.       -4953.283       2578.083      -2000.766    0.000   0.000   0.000   0.
  2017 352 14 22 50 508 352.599195700      -6.70     -1.52     -0.53  0.       -4952.163       2576.054      -2002.361    0.000   0.000   0.000   0.
  2017 352 14 22 51 508 352.599207274      -6.84     -1.50     -0.54  0.       -4951.043       2574.024      -2003.956    0.000   0.000   0.000   0.
  2017 352 14 22 52 508 352.599218848      -6.88     -1.56     -0.63  0.       -4949.921       2571.994      -2005.550    0.000   0.000   0.000   0.
  2017 352 14 22 53 508 352.599230422      -6.91     -1.58     -0.58  0.       -4948.798       2569.963      -2007.144    0.000   0.000   0.000   0.
  2017 352 14 22 54 508 352.599241994      -6.88     -1.51     -0.62  0.       -4947.674       2567.931      -2008.738    0.000   0.000   0.000   0.
  2017 352 14 22 55 508 352.599253568      -6.90     -1.44     -0.54  0.       -4946.549       2565.899      -2010.331    0.000   0.000   0.000   0.
  2017 352 14 22 56 508 352.599265142      -6.91     -1.45     -0.53  0.       -4945.424       2563.867      -2011.924    0.000   0.000   0.000   0.
  2017 352 14 22 57 508 352.599276716      -6.91     -1.50     -0.51  0.       -4944.297       2561.834      -2013.516    0.000   0.000   0.000   0.
  2017 352 14 22 58 508 352.599288290      -6.96     -1.43     -0.46  0.       -4943.169       2559.801      -2015.108    0.000   0.000   0.000   0.
  2017 352 14 22 59 508 352.599299864      -7.01     -1.44     -0.49  0.       -4942.040       2557.767      -2016.699    0.000   0.000   0.000   0.
  2017 352 14 23  0 508 352.599311438      -7.05     -1.43     -0.48  0.       -4940.910       2555.732      -2018.290    0.000   0.000   0.000   0.
  2017 352 14 23  1 508 352.599323012      -6.94     -1.48     -0.50  0.       -4939.779       2553.697      -2019.881    0.000   0.000   0.000   0.
  2017 352 14 23  2 508 352.599334586      -6.94     -1.40     -0.43  0.       -4938.647       2551.662      -2021.471    0.000   0.000   0.000   0.
  2017 352 14 23  3 508 352.599346160      -6.94     -1.37     -0.47  0.       -4937.514       2549.626      -2023.061    0.000   0.000   0.000   0.
  2017 352 14 23  4 508 352.599357734      -6.99     -1.36     -0.37  0.       -4936.380       2547.589      -2024.651    0.000   0.000   0.000   0.
  2017 352 14 23  5 508 352.599369308      -6.96     -1.31     -0.37  0.       -4935.245       2545.552      -2026.239    0.000   0.000   0.000   0.
  2017 352 14 23  6 508 352.599380883      -6.94     -1.26     -0.37  0.       -4934.109       2543.514      -2027.828    0.000   0.000   0.000   0.
  2017 352 14 23  7 508 352.599392457      -6.94     -1.11     -0.34  0.       -4932.971       2541.476      -2029.416    0.000   0.000   0.000   0.
  2017 352 14 23  8 508 352.599404031      -6.95     -1.15     -0.41  0.       -4931.833       2539.437      -2031.004    0.000   0.000   0.000   0.
  2017 352 14 23  9 508 352.599415605      -6.89     -1.06     -0.34  0.       -4930.694       2537.398      -2032.591    0.000   0.000   0.000   0.
  2017 352 14 23 10 508 352.599427179      -6.79     -0.94     -0.43  0.       -4929.554       2535.358      -2034.178    0.000   0.000   0.000   0.
  2017 352 14 23 11 508 352.599438753      -6.88     -0.84     -0.41  0.       -4928.413       2533.318      -2035.764    0.000   0.000   0.000   0.
  2017 352 14 23 12 508 352.599450327      -6.90     -0.88     -0.44  0.       -4927.271       2531.277      -2037.350    0.000   0.000   0.000   0.
  2017 352 14 23 13 508 352.599461901      -6.92     -0.96     -0.35  0.       -4926.127       2529.236      -2038.936    0.000   0.000   0.000   0.
  2017 352 14 23 14 508 352.599473475      -6.87     -0.90     -0.38  0.       -4924.983       2527.194      -2040.521    0.000   0.000   0.000   0.
  2017 352 14 23 15 508 352.599485049      -6.89     -0.90     -0.44  0.       -4923.838       2525.151      -2042.106    0.000   0.000   0.000   0.
  2017 352 14 23 16 508 352.599496623      -6.88     -0.90     -0.52  0.       -4922.691       2523.109      -2043.690    0.000   0.000   0.000   0.
  2017 352 14 23 17 508 352.599508197      -6.82     -0.97     -0.56  0.       -4921.544       2521.065      -2045.274    0.000   0.000   0.000   0.
  2017 352 14 23 18 508 352.599519771      -6.74     -0.90     -0.56  0.       -4920.396       2519.021      -2046.857    0.000   0.000   0.000   0.
  2017 352 14 23 19 508 352.599531345      -6.71     -0.90     -0.63  0.       -4919.246       2516.977      -2048.440    0.000   0.000   0.000   0.
  2017 352 14 23 20 508 352.599542920      -6.77     -0.84     -0.66  0.       -4918.096       2514.932      -2050.023    0.000   0.000   0.000   0.
  2017 352 14 23 21 508 352.599554494      -6.70     -0.83     -0.70  0.       -4916.944       2512.886      -2051.605    0.000   0.000   0.000   0.
  2017 352 14 23 22 508 352.599566068      -6.72     -0.80     -0.71  0.       -4915.792       2510.840      -2053.187    0.000   0.000   0.000   0.
  2017 352 14 23 23 508 352.599577641      -6.65     -0.70     -0.77  0.       -4914.638       2508.793      -2054.768    0.000   0.000   0.000   0.
  2017 352 14 23 24 508 352.599589213      -6.70     -0.64     -0.76  0.       -4913.484       2506.746      -2056.349    0.000   0.000   0.000   0.
  2017 352 14 23 25 507 352.599600787      -6.65     -0.64     -0.81  0.       -4912.328       2504.699      -2057.929    0.000   0.000   0.000   0.
  2017 352 14 23 26 507 352.599612361      -6.62     -0.60     -0.81  0.       -4911.171       2502.650      -2059.509    0.000   0.000   0.000   0.
  2017 352 14 23 27 507 352.599623935      -6.56     -0.56     -0.89  0.       -4910.014       2500.602      -2061.089    0.000   0.000   0.000   0.
  2017 352 14 23 28 507 352.599635509      -6.61     -0.52     -0.89  0.       -4908.855       2498.552      -2062.668    0.000   0.000   0.000   0.
  2017 352 14 23 29 507 352.599647083      -6.55     -0.50     -0.88  0.       -4907.695       2496.503      -2064.247    0.000   0.000   0.000   0.
  2017 352 14 23 30 508 352.599658657      -6.46     -0.54     -0.88  0.       -4906.535       2494.452      -2065.825    0.000   0.000   0.000   0.
  2017 352 14 23 31 508 352.599670231      -6.46     -0.51     -0.93  0.       -4905.373       2492.401      -2067.403    0.000   0.000   0.000   0.
  2017 352 14 23 32 507 352.599681806      -6.47     -0.52     -0.97  0.       -4904.210       2490.350      -2068.980    0.000   0.000   0.000   0.
  2017 352 14 23 33 507 352.599693380      -6.48     -0.44     -0.90  0.       -4903.046       2488.298      -2070.557    0.000   0.000   0.000   0.
  2017 352 14 23 34 508 352.599704954      -6.41     -0.50     -0.94  0.       -4901.881       2486.246      -2072.134    0.000   0.000   0.000   0.
  2017 352 14 23 35 508 352.599716528      -6.47     -0.43     -0.92  0.       -4900.715       2484.193      -2073.710    0.000   0.000   0.000   0.
  2017 352 14 23 36 508 352.599728102      -6.41     -0.36     -1.01  0.       -4899.548       2482.140      -2075.285    0.000   0.000   0.000   0.
  2017 352 14 23 37 508 352.599739676      -6.48     -0.35     -0.99  0.       -4898.380       2480.085      -2076.861    0.000   0.000   0.000   0.
  2017 352 14 23 38 507 352.599751250      -6.37     -0.35     -1.06  0.       -4897.211       2478.031      -2078.435    0.000   0.000   0.000   0.
  2017 352 14 23 39 507 352.599762824      -6.36     -0.33     -1.06  0.       -4896.041       2475.976      -2080.010    0.000   0.000   0.000   0.
  2017 352 14 23 40 507 352.599774398      -6.32     -0.32     -1.06  0.       -4894.870       2473.920      -2081.583    0.000   0.000   0.000   0.
  2017 352 14 23 41 507 352.599785972      -6.39     -0.32     -1.05  0.       -4893.698       2471.864      -2083.157    0.000   0.000   0.000   0.
  2017 352 14 23 42 507 352.599797546      -6.36     -0.31     -1.09  0.       -4892.525       2469.808      -2084.730    0.000   0.000   0.000   0.
  2017 352 14 23 43 508 352.599809120      -6.34     -0.38     -1.08  0.       -4891.351       2467.751      -2086.302    0.000   0.000   0.000   0.
  2017 352 14 23 44 508 352.599820694      -6.32     -0.33     -1.13  0.       -4890.175       2465.693      -2087.874    0.000   0.000   0.000   0.
  2017 352 14 23 45 507 352.599832268      -6.36     -0.28     -1.15  0.       -4888.999       2463.635      -2089.446    0.000   0.000   0.000   0.
  2017 352 14 23 46 507 352.599843843      -6.36     -0.31     -1.17  0.       -4887.822       2461.576      -2091.017    0.000   0.000   0.000   0.
  2017 352 14 23 47 508 352.599855417      -6.26     -0.32     -1.12  0.       -4886.643       2459.517      -2092.588    0.000   0.000   0.000   0.
  2017 352 14 23 48 508 352.599866991      -6.22     -0.27     -1.08  0.       -4885.464       2457.457      -2094.158    0.000   0.000   0.000   0.
  2017 352 14 23 49 508 352.599878565      -6.13     -0.22     -1.13  0.       -4884.284       2455.397      -2095.728    0.000   0.000   0.000   0.
  2017 352 14 23 50 508 352.599890139      -6.17     -0.24     -1.16  0.       -4883.102       2453.336      -2097.298    0.000   0.000   0.000   0.
  2017 352 14 23 51 508 352.599901713      -6.10     -0.32     -1.14  0.       -4881.919       2451.275      -2098.867    0.000   0.000   0.000   0.
  2017 352 14 23 52 507 352.599913287      -6.12     -0.33     -1.13  0.       -4880.736       2449.213      -2100.435    0.000   0.000   0.000   0.
  2017 352 14 23 53 507 352.599924861      -6.05     -0.24     -1.13  0.       -4879.551       2447.151      -2102.003    0.000   0.000   0.000   0.
  2017 352 14 23 54 507 352.599936432      -6.11     -0.24     -1.11  0.       -4878.366       2445.088      -2103.570    0.000   0.000   0.000   0.
  2017 352 14 23 55 507 352.599948006      -6.02     -0.27     -1.09  0.       -4877.179       2443.024      -2105.138    0.000   0.000   0.000   0.
  2017 352 14 23 56 507 352.599959580      -6.04     -0.29     -1.04  0.       -4875.991       2440.960      -2106.705    0.000   0.000   0.000   0.
  2017 352 14 23 57 507 352.599971154      -5.96     -0.26     -1.08  0.       -4874.802       2438.896      -2108.271    0.000   0.000   0.000   0.
  2017 352 14 23 58 507 352.599982729      -6.03     -0.20     -1.04  0.       -4873.613       2436.831      -2109.837    0.000   0.000   0.000   0.
  2017 352 14 23 59 507 352.599994303      -6.04     -0.15     -1.10  0.       -4872.422       2434.765      -2111.402    0.000   0.000   0.000   0.
  2017 352 14 24  0 507 352.600005877      -6.07     -0.11     -1.09  0.       -4871.230       2432.699      -2112.967    0.000   0.000   0.000   0.
  2017 352 14 24  1 507 352.600017451      -6.03     -0.14     -1.14  0.       -4870.037       2430.633      -2114.531    0.000   0.000   0.000   0.
  2017 352 14 24  2 507 352.600029025      -6.05     -0.04     -1.16  0.       -4868.843       2428.566      -2116.095    0.000   0.000   0.000   0.
  2017 352 14 24  3 507 352.600040599      -6.06      0.02     -1.26  0.       -4867.648       2426.498      -2117.659    0.000   0.000   0.000   0.
  2017 352 14 24  4 507 352.600052173      -6.11      0.03     -1.26  0.       -4866.452       2424.430      -2119.222    0.000   0.000   0.000   0.
  2017 352 14 24  5 507 352.600063747      -6.01      0.10     -1.18  0.       -4865.254       2422.362      -2120.784    0.000   0.000   0.000   0.
  2017 352 14 24  6 507 352.600075321      -5.99      0.15     -1.23  0.       -4864.056       2420.292      -2122.347    0.000   0.000   0.000   0.
  2017 352 14 24  7 507 352.600086895      -5.99      0.26     -1.19  0.       -4862.857       2418.223      -2123.908    0.000   0.000   0.000   0.
  2017 352 14 24  8 507 352.600098469      -6.03      0.27     -1.20  0.       -4861.657       2416.152      -2125.469    0.000   0.000   0.000   0.
  2017 352 14 24  9 507 352.600110043      -5.98      0.26     -1.22  0.       -4860.455       2414.082      -2127.030    0.000   0.000   0.000   0.
  2017 352 14 24 10 507 352.600121617      -6.00      0.20     -1.25  0.       -4859.253       2412.011      -2128.591    0.000   0.000   0.000   0.
  2017 352 14 24 11 507 352.600133192      -5.98      0.25     -1.22  0.       -4858.049       2409.939      -2130.150    0.000   0.000   0.000   0.
  2017 352 14 24 12 507 352.600144766      -6.03      0.22     -1.28  0.       -4856.845       2407.867      -2131.710    0.000   0.000   0.000   0.
  2017 352 14 24 13 507 352.600156340      -6.09      0.18     -1.28  0.       -4855.639       2405.794      -2133.269    0.000   0.000   0.000   0.
  2017 352 14 24 14 507 352.600167914      -6.04      0.13     -1.23  0.       -4854.433       2403.720      -2134.827    0.000   0.000   0.000   0.
  2017 352 14 24 15 507 352.600179488      -6.02      0.17     -1.26  0.       -4853.225       2401.647      -2136.385    0.000   0.000   0.000   0.
  2017 352 14 24 16 507 352.600191062      -5.98      0.25     -1.24  0.       -4852.016       2399.572      -2137.943    0.000   0.000   0.000   0.
  2017 352 14 24 17 507 352.600202636      -6.02      0.25     -1.21  0.       -4850.807       2397.497      -2139.500    0.000   0.000   0.000   0.
  2017 352 14 24 18 507 352.600214210      -5.99      0.24     -1.31  0.       -4849.596       2395.422      -2141.056    0.000   0.000   0.000   0.
  2017 352 14 24 19 507 352.600225784      -5.97      0.29     -1.31  0.       -4848.384       2393.346      -2142.613    0.000   0.000   0.000   0.
  2017 352 14 24 20 507 352.600237358      -5.90      0.30     -1.40  0.       -4847.171       2391.269      -2144.168    0.000   0.000   0.000   0.
  2017 352 14 24 21 507 352.600248932      -5.93      0.36     -1.40  0.       -4845.957       2389.193      -2145.723    0.000   0.000   0.000   0.
  2017 352 14 24 22 507 352.600260506      -5.85      0.36     -1.48  0.       -4844.742       2387.115      -2147.278    0.000   0.000   0.000   0.
  2017 352 14 24 23 507 352.600272080      -5.91      0.30     -1.50  0.       -4843.526       2385.037      -2148.832    0.000   0.000   0.000   0.
  2017 352 14 24 24 507 352.600283652      -5.84      0.32     -1.56  0.       -4842.309       2382.958      -2150.386    0.000   0.000   0.000   0.
  2017 352 14 24 25 507 352.600295226      -5.91      0.37     -1.56  0.       -4841.091       2380.880      -2151.939    0.000   0.000   0.000   0.
  2017 352 14 24 26 507 352.600306800      -5.90      0.35     -1.61  0.       -4839.871       2378.800      -2153.492    0.000   0.000   0.000   0.
  2017 352 14 24 27 507 352.600318374      -5.98      0.30     -1.59  0.       -4838.651       2376.720      -2155.044    0.000   0.000   0.000   0.
  2017 352 14 24 28 507 352.600329948      -5.92      0.28     -1.60  0.       -4837.430       2374.639      -2156.597    0.000   0.000   0.000   0.
  2017 352 14 24 29 507 352.600341522      -5.94      0.35     -1.59  0.       -4836.207       2372.558      -2158.148    0.000   0.000   0.000   0.
  2017 352 14 24 30 507 352.600353096      -5.93      0.37     -1.68  0.       -4834.984       2370.476      -2159.699    0.000   0.000   0.000   0.
  2017 352 14 24 31 507 352.600364670      -6.04      0.38     -1.65  0.       -4833.759       2368.394      -2161.249    0.000   0.000   0.000   0.
  2017 352 14 24 32 507 352.600376244      -6.00      0.33     -1.70  0.       -4832.534       2366.312      -2162.799    0.000   0.000   0.000   0.
  2017 352 14 24 33 507 352.600387818      -6.05      0.31     -1.69  0.       -4831.307       2364.228      -2164.349    0.000   0.000   0.000   0.
  2017 352 14 24 34 507 352.600399392      -6.07      0.27     -1.79  0.       -4830.079       2362.145      -2165.898    0.000   0.000   0.000   0.
  2017 352 14 24 35 507 352.600410966      -6.21      0.23     -1.83  0.       -4828.850       2360.060      -2167.447    0.000   0.000   0.000   0.
  2017 352 14 24 36 507 352.600422541      -6.18      0.19     -1.85  0.       -4827.620       2357.976      -2168.995    0.000   0.000   0.000   0.
  2017 352 14 24 37 507 352.600434115      -6.24      0.16     -1.86  0.       -4826.390       2355.890      -2170.542    0.000   0.000   0.000   0.
  2017 352 14 24 38 507 352.600445689      -6.20      0.15     -1.95  0.       -4825.158       2353.804      -2172.089    0.000   0.000   0.000   0.
  2017 352 14 24 39 507 352.600457263      -6.23      0.24     -1.90  0.       -4823.925       2351.718      -2173.636    0.000   0.000   0.000   0.
  2017 352 14 24 40 507 352.600468837      -6.21      0.25     -1.94  0.       -4822.690       2349.631      -2175.182    0.000   0.000   0.000   0.
  2017 352 14 24 41 507 352.600480411      -6.24      0.29     -1.92  0.       -4821.455       2347.544      -2176.728    0.000   0.000   0.000   0.
  2017 352 14 24 42 507 352.600491985      -6.21      0.27     -2.00  0.       -4820.219       2345.456      -2178.273    0.000   0.000   0.000   0.
  2017 352 14 24 43 507 352.600503559      -6.27      0.38     -1.96  0.       -4818.982       2343.368      -2179.818    0.000   0.000   0.000   0.
  2017 352 14 24 44 507 352.600515133      -6.28      0.40     -2.03  0.       -4817.743       2341.279      -2181.362    0.000   0.000   0.000   0.
  2017 352 14 24 45 507 352.600526707      -6.39      0.45     -1.99  0.       -4816.504       2339.189      -2182.906    0.000   0.000   0.000   0.
  2017 352 14 24 46 507 352.600538281      -6.41      0.43     -2.02  0.       -4815.264       2337.099      -2184.449    0.000   0.000   0.000   0.
  2017 352 14 24 47 507 352.600549855      -6.48      0.46     -1.97  0.       -4814.022       2335.009      -2185.992    0.000   0.000   0.000   0.
  2017 352 14 24 48 507 352.600561429      -6.50      0.42     -2.01  0.       -4812.779       2332.918      -2187.534    0.000   0.000   0.000   0.
  2017 352 14 24 49 507 352.600573004      -6.59      0.48     -1.97  0.       -4811.536       2330.826      -2189.076    0.000   0.000   0.000   0.
  2017 352 14 24 50 507 352.600584578      -6.59      0.51     -1.96  0.       -4810.291       2328.734      -2190.617    0.000   0.000   0.000   0.
  2017 352 14 24 51 507 352.600596152      -6.64      0.59     -1.94  0.       -4809.045       2326.642      -2192.158    0.000   0.000   0.000   0.
  2017 352 14 24 52 507 352.600607726      -6.59      0.64     -1.98  0.       -4807.798       2324.549      -2193.699    0.000   0.000   0.000   0.
  2017 352 14 24 53 507 352.600619299      -6.60      0.75     -1.92  0.       -4806.550       2322.455      -2195.239    0.000   0.000   0.000   0.
  2017 352 14 24 54 507 352.600630871      -6.55      0.81     -1.92  0.       -4805.301       2320.361      -2196.778    0.000   0.000   0.000   0.
  2017 352 14 24 55 507 352.600642445      -6.61      0.87     -1.85  0.       -4804.051       2318.267      -2198.317    0.000   0.000   0.000   0.
  2017 352 14 24 56 507 352.600654019      -6.58      0.84     -1.86  0.       -4802.800       2316.171      -2199.855    0.000   0.000   0.000   0.
  2017 352 14 24 57 507 352.600665593      -6.55      0.91     -1.79  0.       -4801.548       2314.076      -2201.393    0.000   0.000   0.000   0.
  2017 352 14 24 58 507 352.600677167      -6.50      0.89     -1.81  0.       -4800.294       2311.980      -2202.931    0.000   0.000   0.000   0.
  2017 352 14 24 59 507 352.600688741      -6.59      0.90     -1.85  0.       -4799.040       2309.883      -2204.467    0.000   0.000   0.000   0.
  2017 352 14 25  0 507 352.600700315      -6.59      0.91     -1.83  0.       -4797.785       2307.786      -2206.004    0.000   0.000   0.000   0.
  2017 352 14 25  1 507 352.600711889      -6.61      0.87     -1.80  0.       -4796.528       2305.688      -2207.540    0.000   0.000   0.000   0.
  2017 352 14 25  2 507 352.600723464      -6.61      0.84     -1.84  0.       -4795.271       2303.590      -2209.075    0.000   0.000   0.000   0.
  2017 352 14 25  3 507 352.600735038      -6.62      0.97     -1.83  0.       -4794.012       2301.491      -2210.610    0.000   0.000   0.000   0.
  2017 352 14 25  4 507 352.600746612      -6.67      1.01     -1.83  0.       -4792.752       2299.392      -2212.145    0.000   0.000   0.000   0.
  2017 352 14 25  5 507 352.600758186      -6.66      1.21     -1.73  0.       -4791.491       2297.292      -2213.679    0.000   0.000   0.000   0.
  2017 352 14 25  6 507 352.600769760      -6.67      1.19     -1.73  0.       -4790.229       2295.192      -2215.212    0.000   0.000   0.000   0.
  2017 352 14 25  7 507 352.600781334      -6.68      1.16     -1.75  0.       -4788.966       2293.091      -2216.745    0.000   0.000   0.000   0.
  2017 352 14 25  8 507 352.600792908      -6.66      1.22     -1.74  0.       -4787.702       2290.990      -2218.277    0.000   0.000   0.000   0.
  2017 352 14 25  9 507 352.600804482      -6.68      1.27     -1.72  0.       -4786.437       2288.888      -2219.809    0.000   0.000   0.000   0.
  2017 352 14 25 10 507 352.600816056      -6.67      1.27     -1.65  0.       -4785.171       2286.786      -2221.341    0.000   0.000   0.000   0.
  2017 352 14 25 11 507 352.600827630      -6.67      1.21     -1.66  0.       -4783.904       2284.683      -2222.872    0.000   0.000   0.000   0.
  2017 352 14 25 12 507 352.600839204      -6.63      1.15     -1.61  0.       -4782.635       2282.579      -2224.402    0.000   0.000   0.000   0.
  2017 352 14 25 13 507 352.600850778      -6.57      1.18     -1.61  0.       -4781.366       2280.476      -2225.932    0.000   0.000   0.000   0.
  2017 352 14 25 14 507 352.600862352      -6.66      1.19     -1.60  0.       -4780.096       2278.371      -2227.462    0.000   0.000   0.000   0.
  2017 352 14 25 15 507 352.600873927      -6.65      1.23     -1.56  0.       -4778.824       2276.266      -2228.991    0.000   0.000   0.000   0.
  2017 352 14 25 16 507 352.600885501      -6.72      1.17     -1.53  0.       -4777.551       2274.161      -2230.519    0.000   0.000   0.000   0.
  2017 352 14 25 17 507 352.600897075      -6.69      1.13     -1.65  0.       -4776.278       2272.055      -2232.047    0.000   0.000   0.000   0.
  2017 352 14 25 18 507 352.600908649      -6.71      1.17     -1.61  0.       -4775.003       2269.948      -2233.574    0.000   0.000   0.000   0.
  2017 352 14 25 19 507 352.600920223      -6.59      1.28     -1.57  0.       -4773.727       2267.841      -2235.101    0.000   0.000   0.000   0.
  2017 352 14 25 20 507 352.600931797      -6.69      1.28     -1.52  0.       -4772.450       2265.734      -2236.628    0.000   0.000   0.000   0.
  2017 352 14 25 21 507 352.600943371      -6.70      1.24     -1.59  0.       -4771.172       2263.626      -2238.154    0.000   0.000   0.000   0.
  2017 352 14 25 22 507 352.600954945      -6.76      1.20     -1.65  0.       -4769.893       2261.518      -2239.679    0.000   0.000   0.000   0.
  2017 352 14 25 23 506 352.600966519      -6.73      1.17     -1.71  0.       -4768.612       2259.408      -2241.204    0.000   0.000   0.000   0.
  2017 352 14 25 24 506 352.600978090      -6.70      1.32     -1.59  0.       -4767.331       2257.299      -2242.728    0.000   0.000   0.000   0.
  2017 352 14 25 25 506 352.600989664      -6.68      1.34     -1.60  0.       -4766.049       2255.189      -2244.252    0.000   0.000   0.000   0.
  2017 352 14 25 26 507 352.601001238      -6.70      1.35     -1.63  0.       -4764.765       2253.078      -2245.775    0.000   0.000   0.000   0.
  2017 352 14 25 27 507 352.601012813      -6.68      1.27     -1.69  0.       -4763.481       2250.967      -2247.298    0.000   0.000   0.000   0.
  2017 352 14 25 28 506 352.601024387      -6.67      1.32     -1.65  0.       -4762.195       2248.856      -2248.821    0.000   0.000   0.000   0.
  2017 352 14 25 29 506 352.601035961      -6.73      1.30     -1.73  0.       -4760.908       2246.744      -2250.342    0.000   0.000   0.000   0.
  2017 352 14 25 30 507 352.601047535      -6.75      1.35     -1.76  0.       -4759.621       2244.631      -2251.864    0.000   0.000   0.000   0.
  2017 352 14 25 31 507 352.601059109      -6.70      1.32     -1.74  0.       -4758.332       2242.518      -2253.384    0.000   0.000   0.000   0.
  2017 352 14 25 32 507 352.601070683      -6.61      1.31     -1.78  0.       -4757.042       2240.404      -2254.904    0.000   0.000   0.000   0.
  2017 352 14 25 33 507 352.601082257      -6.64      1.26     -1.85  0.       -4755.751       2238.290      -2256.424    0.000   0.000   0.000   0.
  2017 352 14 25 34 506 352.601093831      -6.55      1.29     -1.93  0.       -4754.459       2236.175      -2257.944    0.000   0.000   0.000   0.
  2017 352 14 25 35 506 352.601105405      -6.62      1.29     -1.88  0.       -4753.165       2234.060      -2259.462    0.000   0.000   0.000   0.
  2017 352 14 25 36 506 352.601116979      -6.67      1.19     -2.01  0.       -4751.871       2231.945      -2260.981    0.000   0.000   0.000   0.
  2017 352 14 25 37 506 352.601128553      -6.70      1.16     -2.03  0.       -4750.576       2229.828      -2262.498    0.000   0.000   0.000   0.
  2017 352 14 25 38 506 352.601140127      -6.65      1.10     -2.10  0.       -4749.279       2227.712      -2264.015    0.000   0.000   0.000   0.
  2017 352 14 25 39 507 352.601151701      -6.60      1.11     -2.05  0.       -4747.981       2225.594      -2265.532    0.000   0.000   0.000   0.
  2017 352 14 25 40 507 352.601163275      -6.53      1.14     -2.05  0.       -4746.683       2223.477      -2267.048    0.000   0.000   0.000   0.
  2017 352 14 25 41 506 352.601174850      -6.58      1.23     -2.01  0.       -4745.383       2221.359      -2268.564    0.000   0.000   0.000   0.
  2017 352 14 25 42 506 352.601186424      -6.62      1.19     -2.07  0.       -4744.082       2219.240      -2270.079    0.000   0.000   0.000   0.
  2017 352 14 25 43 507 352.601197998      -6.62      1.21     -2.04  0.       -4742.780       2217.121      -2271.593    0.000   0.000   0.000   0.
  2017 352 14 25 44 507 352.601209572      -6.54      1.26     -2.04  0.       -4741.477       2215.001      -2273.107    0.000   0.000   0.000   0.
  2017 352 14 25 45 507 352.601221146      -6.47      1.30     -2.05  0.       -4740.173       2212.880      -2274.621    0.000   0.000   0.000   0.
  2017 352 14 25 46 507 352.601232720      -6.45      1.30     -2.10  0.       -4738.868       2210.760      -2276.134    0.000   0.000   0.000   0.
  2017 352 14 25 47 507 352.601244294      -6.45      1.31     -2.15  0.       -4737.561       2208.638      -2277.646    0.000   0.000   0.000   0.
  2017 352 14 25 48 506 352.601255868      -6.52      1.23     -2.16  0.       -4736.254       2206.517      -2279.158    0.000   0.000   0.000   0.
  2017 352 14 25 49 506 352.601267442      -6.45      1.18     -2.22  0.       -4734.946       2204.394      -2280.670    0.000   0.000   0.000   0.
  2017 352 14 25 50 506 352.601279016      -6.50      1.16     -2.23  0.       -4733.636       2202.271      -2282.180    0.000   0.000   0.000   0.
  2017 352 14 25 51 506 352.601290590      -6.42      1.20     -2.29  0.       -4732.325       2200.148      -2283.691    0.000   0.000   0.000   0.
  2017 352 14 25 52 506 352.601302164      -6.43      1.31     -2.29  0.       -4731.013       2198.024      -2285.200    0.000   0.000   0.000   0.
  2017 352 14 25 53 507 352.601313738      -6.39      1.31     -2.31  0.       -4729.701       2195.900      -2286.710    0.000   0.000   0.000   0.
  2017 352 14 25 54 506 352.601325312      -6.40      1.26     -2.22  0.       -4728.387       2193.775      -2288.218    0.000   0.000   0.000   0.
  2017 352 14 25 55 506 352.601336886      -6.32      1.28     -2.20  0.       -4727.072       2191.650      -2289.727    0.000   0.000   0.000   0.
  2017 352 14 25 56 506 352.601348458      -6.33      1.34     -2.25  0.       -4725.755       2189.524      -2291.234    0.000   0.000   0.000   0.
  2017 352 14 25 57 506 352.601360032      -6.35      1.38     -2.26  0.       -4724.438       2187.397      -2292.741    0.000   0.000   0.000   0.
  2017 352 14 25 58 506 352.601371606      -6.34      1.43     -2.34  0.       -4723.120       2185.271      -2294.248    0.000   0.000   0.000   0.
  2017 352 14 25 59 506 352.601383180      -6.33      1.43     -2.35  0.       -4721.800       2183.143      -2295.754    0.000   0.000   0.000   0.
  2017 352 14 26  0 506 352.601394754      -6.31      1.36     -2.48  0.       -4720.480       2181.015      -2297.260    0.000   0.000   0.000   0.
  2017 352 14 26  1 506 352.601406328      -6.31      1.35     -2.50  0.       -4719.158       2178.887      -2298.765    0.000   0.000   0.000   0.
  2017 352 14 26  2 506 352.601417902      -6.26      1.38     -2.53  0.       -4717.835       2176.758      -2300.269    0.000   0.000   0.000   0.
  2017 352 14 26  3 506 352.601429476      -6.31      1.37     -2.51  0.       -4716.511       2174.628      -2301.773    0.000   0.000   0.000   0.
  2017 352 14 26  4 506 352.601441050      -6.31      1.35     -2.63  0.       -4715.186       2172.499      -2303.276    0.000   0.000   0.000   0.
  2017 352 14 26  5 506 352.601452624      -6.36      1.31     -2.62  0.       -4713.860       2170.368      -2304.779    0.000   0.000   0.000   0.
  2017 352 14 26  6 506 352.601464198      -6.30      1.29     -2.56  0.       -4712.533       2168.237      -2306.282    0.000   0.000   0.000   0.
  2017 352 14 26  7 506 352.601475773      -6.23      1.35     -2.56  0.       -4711.205       2166.106      -2307.783    0.000   0.000   0.000   0.
  2017 352 14 26  8 506 352.601487347      -6.22      1.41     -2.54  0.       -4709.876       2163.974      -2309.284    0.000   0.000   0.000   0.
  2017 352 14 26  9 506 352.601498921      -6.22      1.40     -2.58  0.       -4708.545       2161.841      -2310.785    0.000   0.000   0.000   0.
  2017 352 14 26 10 506 352.601510495      -6.27      1.39     -2.56  0.       -4707.214       2159.708      -2312.285    0.000   0.000   0.000   0.
  2017 352 14 26 11 506 352.601522069      -6.17      1.43     -2.51  0.       -4705.881       2157.575      -2313.785    0.000   0.000   0.000   0.
  2017 352 14 26 12 506 352.601533643      -6.18      1.33     -2.53  0.       -4704.547       2155.441      -2315.284    0.000   0.000   0.000   0.
  2017 352 14 26 13 506 352.601545217      -6.07      1.30     -2.61  0.       -4703.212       2153.306      -2316.782    0.000   0.000   0.000   0.
  2017 352 14 26 14 506 352.601556791      -6.11      1.37     -2.50  0.       -4701.876       2151.171      -2318.280    0.000   0.000   0.000   0.
  2017 352 14 26 15 506 352.601568365      -6.13      1.37     -2.51  0.       -4700.539       2149.036      -2319.778    0.000   0.000   0.000   0.
  2017 352 14 26 16 506 352.601579939      -6.08      1.39     -2.45  0.       -4699.201       2146.900      -2321.275    0.000   0.000   0.000   0.
  2017 352 14 26 17 506 352.601591513      -6.01      1.37     -2.45  0.       -4697.862       2144.763      -2322.771    0.000   0.000   0.000   0.
  2017 352 14 26 18 506 352.601603087      -5.93      1.40     -2.46  0.       -4696.521       2142.626      -2324.267    0.000   0.000   0.000   0.
  2017 352 14 26 19 506 352.601614661      -5.87      1.43     -2.46  0.       -4695.180       2140.489      -2325.762    0.000   0.000   0.000   0.
  2017 352 14 26 20 506 352.601626236      -5.83      1.46     -2.50  0.       -4693.837       2138.351      -2327.257    0.000   0.000   0.000   0.
  2017 352 14 26 21 506 352.601637810      -5.85      1.49     -2.55  0.       -4692.493       2136.212      -2328.751    0.000   0.000   0.000   0.
  2017 352 14 26 22 506 352.601649384      -5.84      1.40     -2.52  0.       -4691.149       2134.073      -2330.244    0.000   0.000   0.000   0.
  2017 352 14 26 23 506 352.601660958      -5.79      1.46     -2.46  0.       -4689.803       2131.933      -2331.737    0.000   0.000   0.000   0.
  2017 352 14 26 24 506 352.601672532      -5.70      1.42     -2.44  0.       -4688.456       2129.793      -2333.230    0.000   0.000   0.000   0.
  2017 352 14 26 25 506 352.601684106      -5.71      1.38     -2.38  0.       -4687.107       2127.653      -2334.722    0.000   0.000   0.000   0.
  2017 352 14 26 26 506 352.601695677      -5.75      1.34     -2.34  0.       -4685.758       2125.512      -2336.213    0.000   0.000   0.000   0.
  2017 352 14 26 27 506 352.601707251      -5.81      1.39     -2.33  0.       -4684.408       2123.370      -2337.704    0.000   0.000   0.000   0.
  2017 352 14 26 28 506 352.601718825      -5.87      1.40     -2.30  0.       -4683.056       2121.228      -2339.194    0.000   0.000   0.000   0.
  2017 352 14 26 29 506 352.601730399      -5.84      1.36     -2.29  0.       -4681.704       2119.085      -2340.684    0.000   0.000   0.000   0.
  2017 352 14 26 30 506 352.601741973      -5.90      1.35     -2.19  0.       -4680.350       2116.943      -2342.173    0.000   0.000   0.000   0.
  2017 352 14 26 31 506 352.601753547      -5.97      1.35     -2.21  0.       -4678.995       2114.798      -2343.661    0.000   0.000   0.000   0.
  2017 352 14 26 32 506 352.601765121      -6.02      1.44     -2.15  0.       -4677.639       2112.655      -2345.149    0.000   0.000   0.000   0.
  2017 352 14 26 33 506 352.601776696      -6.03      1.43     -2.16  0.       -4676.282       2110.510      -2346.637    0.000   0.000   0.000   0.
  2017 352 14 26 34 506 352.601788270      -6.03      1.54     -2.08  0.       -4674.924       2108.365      -2348.124    0.000   0.000   0.000   0.
  2017 352 14 26 35 506 352.601799844      -6.00      1.59     -2.09  0.       -4673.565       2106.219      -2349.610    0.000   0.000   0.000   0.
  2017 352 14 26 36 506 352.601811418      -5.88      1.61     -2.18  0.       -4672.204       2104.073      -2351.096    0.000   0.000   0.000   0.
  2017 352 14 26 37 506 352.601822992      -5.82      1.73     -2.20  0.       -4670.843       2101.927      -2352.581    0.000   0.000   0.000   0.
  2017 352 14 26 38 506 352.601834566      -5.70      1.89     -2.31  0.       -4669.480       2099.780      -2354.066    0.000   0.000   0.000   0.
  2017 352 14 26 39 506 352.601846140      -5.64      1.99     -2.38  0.       -4668.116       2097.632      -2355.550    0.000   0.000   0.000   0.
  2017 352 14 26 40 506 352.601857714      -5.56      2.01     -2.46  0.       -4666.752       2095.484      -2357.033    0.000   0.000   0.000   0.
  2017 352 14 26 41 506 352.601869288      -5.48      2.00     -2.50  0.       -4665.386       2093.335      -2358.516    0.000   0.000   0.000   0.
  2017 352 14 26 42 506 352.601880862      -5.37      1.92     -2.47  0.       -4664.018       2091.186      -2359.998    0.000   0.000   0.000   0.
  2017 352 14 26 43 506 352.601892436      -5.26      1.91     -2.52  0.       -4662.650       2089.037      -2361.480    0.000   0.000   0.000   0.
  2017 352 14 26 44 506 352.601904010      -5.21      1.92     -2.55  0.       -4661.281       2086.886      -2362.962    0.000   0.000   0.000   0.
  2017 352 14 26 45 506 352.601915584      -5.18      1.91     -2.62  0.       -4659.910       2084.736      -2364.442    0.000   0.000   0.000   0.
  2017 352 14 26 46 506 352.601927159      -5.26      1.92     -2.69  0.       -4658.539       2082.585      -2365.922    0.000   0.000   0.000   0.
  2017 352 14 26 47 506 352.601938733      -5.23      1.90     -2.69  0.       -4657.166       2080.433      -2367.402    0.000   0.000   0.000   0.
  2017 352 14 26 48 506 352.601950307      -5.22      1.88     -2.70  0.       -4655.792       2078.281      -2368.881    0.000   0.000   0.000   0.
  2017 352 14 26 49 506 352.601961881      -5.19      1.81     -2.69  0.       -4654.417       2076.128      -2370.359    0.000   0.000   0.000   0.
  2017 352 14 26 50 506 352.601973455      -5.08      1.78     -2.73  0.       -4653.042       2073.975      -2371.837    0.000   0.000   0.000   0.
  2017 352 14 26 51 506 352.601985029      -5.09      1.76     -2.68  0.       -4651.664       2071.822      -2373.314    0.000   0.000   0.000   0.
  2017 352 14 26 52 506 352.601996603      -5.06      1.70     -2.75  0.       -4650.286       2069.668      -2374.791    0.000   0.000   0.000   0.
  2017 352 14 26 53 506 352.602008177      -5.12      1.71     -2.77  0.       -4648.906       2067.513      -2376.267    0.000   0.000   0.000   0.
  2017 352 14 26 54 506 352.602019751      -5.13      1.72     -2.65  0.       -4647.526       2065.358      -2377.742    0.000   0.000   0.000   0.
  2017 352 14 26 55 506 352.602031325      -5.19      1.68     -2.61  0.       -4646.144       2063.202      -2379.217    0.000   0.000   0.000   0.
  2017 352 14 26 56 506 352.602042896      -5.23      1.66     -2.59  0.       -4644.762       2061.046      -2380.692    0.000   0.000   0.000   0.
  2017 352 14 26 57 506 352.602054471      -5.24      1.66     -2.58  0.       -4643.378       2058.890      -2382.166    0.000   0.000   0.000   0.
  2017 352 14 26 58 506 352.602066045      -5.38      1.69     -2.53  0.       -4641.993       2056.732      -2383.639    0.000   0.000   0.000   0.
  2017 352 14 26 59 506 352.602077619      -5.42      1.74     -2.54  0.       -4640.606       2054.575      -2385.111    0.000   0.000   0.000   0.
  2017 352 14 27  0 506 352.602089193      -5.51      1.74     -2.46  0.       -4639.219       2052.417      -2386.583    0.000   0.000   0.000   0.
  2017 352 14 27  1 506 352.602100767      -5.54      1.63     -2.50  0.       -4637.831       2050.258      -2388.055    0.000   0.000   0.000   0.
  2017 352 14 27  2 506 352.602112341      -5.48      1.64     -2.50  0.       -4636.441       2048.099      -2389.526    0.000   0.000   0.000   0.
  2017 352 14 27  3 506 352.602123915      -5.48      1.67     -2.50  0.       -4635.051       2045.939      -2390.996    0.000   0.000   0.000   0.
  2017 352 14 27  4 506 352.602135489      -5.40      1.74     -2.47  0.       -4633.659       2043.779      -2392.466    0.000   0.000   0.000   0.
  2017 352 14 27  5 506 352.602147063      -5.43      1.70     -2.48  0.       -4632.266       2041.619      -2393.935    0.000   0.000   0.000   0.
  2017 352 14 27  6 506 352.602158637      -5.51      1.66     -2.52  0.       -4630.872       2039.458      -2395.403    0.000   0.000   0.000   0.
  2017 352 14 27  7 506 352.602170211      -5.56      1.65     -2.54  0.       -4629.477       2037.296      -2396.871    0.000   0.000   0.000   0.
  2017 352 14 27  8 506 352.602181785      -5.65      1.65     -2.55  0.       -4628.080       2035.134      -2398.339    0.000   0.000   0.000   0.
  2017 352 14 27  9 506 352.602193359      -5.57      1.66     -2.54  0.       -4626.683       2032.971      -2399.806    0.000   0.000   0.000   0.
  2017 352 14 27 10 506 352.602204933      -5.49      1.74     -2.49  0.       -4625.284       2030.808      -2401.272    0.000   0.000   0.000   0.
  2017 352 14 27 11 506 352.602216508      -5.38      1.74     -2.48  0.       -4623.885       2028.645      -2402.737    0.000   0.000   0.000   0.
  2017 352 14 27 12 506 352.602228082      -5.34      1.79     -2.52  0.       -4622.484       2026.481      -2404.202    0.000   0.000   0.000   0.
  2017 352 14 27 13 506 352.602239656      -5.30      1.76     -2.55  0.       -4621.082       2024.316      -2405.667    0.000   0.000   0.000   0.
  2017 352 14 27 14 506 352.602251230      -5.19      1.74     -2.61  0.       -4619.679       2022.151      -2407.131    0.000   0.000   0.000   0.
  2017 352 14 27 15 506 352.602262804      -5.16      1.65     -2.64  0.       -4618.275       2019.985      -2408.594    0.000   0.000   0.000   0.
  2017 352 14 27 16 506 352.602274378      -5.05      1.57     -2.70  0.       -4616.869       2017.819      -2410.056    0.000   0.000   0.000   0.
  2017 352 14 27 17 506 352.602285952      -5.00      1.63     -2.69  0.       -4615.463       2015.653      -2411.519    0.000   0.000   0.000   0.
  2017 352 14 27 18 506 352.602297526      -4.95      1.67     -2.78  0.       -4614.055       2013.486      -2412.980    0.000   0.000   0.000   0.
  2017 352 14 27 19 506 352.602309100      -4.94      1.71     -2.90  0.       -4612.646       2011.318      -2414.441    0.000   0.000   0.000   0.
  2017 352 14 27 20 506 352.602320674      -4.95      1.69     -2.89  0.       -4611.237       2009.150      -2415.901    0.000   0.000   0.000   0.
  2017 352 14 27 21 506 352.602332248      -4.94      1.66     -2.99  0.       -4609.826       2006.982      -2417.361    0.000   0.000   0.000   0.
  2017 352 14 27 22 506 352.602343822      -4.94      1.66     -2.98  0.       -4608.413       2004.812      -2418.820    0.000   0.000   0.000   0.
  2017 352 14 27 23 506 352.602355396      -4.87      1.66     -2.96  0.       -4607.000       2002.643      -2420.278    0.000   0.000   0.000   0.
  2017 352 14 27 24 506 352.602366971      -4.88      1.62     -2.98  0.       -4605.586       2000.473      -2421.736    0.000   0.000   0.000   0.
  2017 352 14 27 25 506 352.602378544      -4.93      1.65     -2.98  0.       -4604.170       1998.302      -2423.194    0.000   0.000   0.000   0.
  2017 352 14 27 26 506 352.602390116      -4.92      1.69     -3.04  0.       -4602.753       1996.131      -2424.650    0.000   0.000   0.000   0.
  2017 352 14 27 27 506 352.602401690      -4.96      1.76     -3.04  0.       -4601.336       1993.960      -2426.106    0.000   0.000   0.000   0.
  2017 352 14 27 28 506 352.602413264      -4.95      1.72     -3.06  0.       -4599.917       1991.788      -2427.562    0.000   0.000   0.000   0.
  2017 352 14 27 29 506 352.602424838      -4.92      1.71     -3.04  0.       -4598.497       1989.615      -2429.017    0.000   0.000   0.000   0.
  2017 352 14 27 30 505 352.602436412      -4.93      1.68     -3.02  0.       -4597.075       1987.442      -2430.471    0.000   0.000   0.000   0.
  2017 352 14 27 31 505 352.602447986      -4.90      1.69     -3.04  0.       -4595.653       1985.269      -2431.925    0.000   0.000   0.000   0.
  2017 352 14 27 32 505 352.602459560      -4.98      1.71     -3.03  0.       -4594.229       1983.095      -2433.378    0.000   0.000   0.000   0.
  2017 352 14 27 33 505 352.602471134      -4.98      1.71     -2.99  0.       -4592.805       1980.921      -2434.830    0.000   0.000   0.000   0.
  2017 352 14 27 34 505 352.602482708      -5.01      1.77     -3.02  0.       -4591.379       1978.746      -2436.282    0.000   0.000   0.000   0.
  2017 352 14 27 35 506 352.602494282      -5.02      1.78     -3.11  0.       -4589.952       1976.570      -2437.733    0.000   0.000   0.000   0.
  2017 352 14 27 36 506 352.602505856      -4.92      1.78     -3.24  0.       -4588.524       1974.394      -2439.184    0.000   0.000   0.000   0.
  2017 352 14 27 37 505 352.602517431      -4.88      1.76     -3.29  0.       -4587.095       1972.218      -2440.634    0.000   0.000   0.000   0.
  2017 352 14 27 38 505 352.602529005      -4.84      1.72     -3.28  0.       -4585.664       1970.041      -2442.083    0.000   0.000   0.000   0.
  2017 352 14 27 39 506 352.602540579      -4.82      1.74     -3.33  0.       -4584.233       1967.863      -2443.532    0.000   0.000   0.000   0.
  2017 352 14 27 40 506 352.602552153      -4.90      1.76     -3.42  0.       -4582.800       1965.686      -2444.980    0.000   0.000   0.000   0.
  2017 352 14 27 41 506 352.602563727      -4.85      1.82     -3.47  0.       -4581.366       1963.507      -2446.428    0.000   0.000   0.000   0.
  2017 352 14 27 42 506 352.602575301      -4.91      1.86     -3.48  0.       -4579.931       1961.328      -2447.875    0.000   0.000   0.000   0.
  2017 352 14 27 43 505 352.602586875      -4.90      1.82     -3.54  0.       -4578.495       1959.149      -2449.321    0.000   0.000   0.000   0.
  2017 352 14 27 44 505 352.602598449      -4.89      1.77     -3.54  0.       -4577.058       1956.969      -2450.767    0.000   0.000   0.000   0.
  2017 352 14 27 45 505 352.602610023      -4.94      1.74     -3.55  0.       -4575.620       1954.789      -2452.212    0.000   0.000   0.000   0.
  2017 352 14 27 46 505 352.602621597      -4.90      1.66     -3.56  0.       -4574.180       1952.608      -2453.657    0.000   0.000   0.000   0.
  2017 352 14 27 47 505 352.602633171      -4.89      1.68     -3.54  0.       -4572.739       1950.427      -2455.101    0.000   0.000   0.000   0.
  2017 352 14 27 48 506 352.602644745      -4.83      1.72     -3.50  0.       -4571.298       1948.245      -2456.544    0.000   0.000   0.000   0.
  2017 352 14 27 49 506 352.602656319      -4.86      1.71     -3.43  0.       -4569.855       1946.062      -2457.987    0.000   0.000   0.000   0.
  2017 352 14 27 50 505 352.602667894      -4.94      1.73     -3.38  0.       -4568.411       1943.880      -2459.429    0.000   0.000   0.000   0.
  2017 352 14 27 51 505 352.602679468      -4.95      1.67     -3.39  0.       -4566.965       1941.696      -2460.870    0.000   0.000   0.000   0.
  2017 352 14 27 52 506 352.602691042      -5.04      1.59     -3.36  0.       -4565.519       1939.513      -2462.311    0.000   0.000   0.000   0.
  2017 352 14 27 53 506 352.602702616      -5.00      1.54     -3.18  0.       -4564.071       1937.328      -2463.751    0.000   0.000   0.000   0.
  2017 352 14 27 54 506 352.602714190      -4.98      1.46     -3.07  0.       -4562.623       1935.144      -2465.190    0.000   0.000   0.000   0.
  2017 352 14 27 55 506 352.602725764      -4.99      1.41     -2.97  0.       -4561.173       1932.958      -2466.630    0.000   0.000   0.000   0.
  2017 352 14 27 56 505 352.602737335      -4.93      1.44     -2.90  0.       -4559.722       1930.773      -2468.068    0.000   0.000   0.000   0.
  2017 352 14 27 57 505 352.602748909      -4.94      1.51     -2.84  0.       -4558.270       1928.586      -2469.506    0.000   0.000   0.000   0.
  2017 352 14 27 58 505 352.602760483      -5.00      1.56     -2.79  0.       -4556.816       1926.400      -2470.943    0.000   0.000   0.000   0.
  2017 352 14 27 59 505 352.602772057      -4.94      1.63     -2.86  0.       -4555.362       1924.212      -2472.379    0.000   0.000   0.000   0.
  2017 352 14 28  0 505 352.602783631      -5.00      1.74     -2.88  0.       -4553.906       1922.025      -2473.815    0.000   0.000   0.000   0.
  2017 352 14 28  1 505 352.602795205      -4.91      1.87     -2.78  0.       -4552.449       1919.837      -2475.250    0.000   0.000   0.000   0.
  2017 352 14 28  2 505 352.602806780      -4.81      2.05     -2.74  0.       -4550.991       1917.648      -2476.685    0.000   0.000   0.000   0.
  2017 352 14 28  3 505 352.602818354      -4.74      2.16     -2.66  0.       -4549.532       1915.459      -2478.119    0.000   0.000   0.000   0.
  2017 352 14 28  4 505 352.602829928      -4.65      2.18     -2.70  0.       -4548.072       1913.269      -2479.552    0.000   0.000   0.000   0.
  2017 352 14 28  5 505 352.602841502      -4.52      2.21     -2.67  0.       -4546.611       1911.079      -2480.984    0.000   0.000   0.000   0.
  2017 352 14 28  6 505 352.602853076      -4.58      2.14     -2.64  0.       -4545.148       1908.888      -2482.416    0.000   0.000   0.000   0.
  2017 352 14 28  7 505 352.602864650      -4.48      2.17     -2.71  0.       -4543.684       1906.697      -2483.848    0.000   0.000   0.000   0.
  2017 352 14 28  8 505 352.602876224      -4.38      2.20     -2.77  0.       -4542.220       1904.506      -2485.279    0.000   0.000   0.000   0.
  2017 352 14 28  9 505 352.602887798      -4.25      2.22     -2.80  0.       -4540.754       1902.314      -2486.709    0.000   0.000   0.000   0.
  2017 352 14 28 10 505 352.602899372      -4.18      2.18     -2.91  0.       -4539.286       1900.121      -2488.138    0.000   0.000   0.000   0.
  2017 352 14 28 11 505 352.602910946      -4.08      2.17     -2.97  0.       -4537.818       1897.928      -2489.567    0.000   0.000   0.000   0.
  2017 352 14 28 12 505 352.602922520      -3.95      2.17     -3.00  0.       -4536.349       1895.735      -2490.995    0.000   0.000   0.000   0.
  2017 352 14 28 13 505 352.602934094      -3.87      2.17     -3.00  0.       -4534.878       1893.541      -2492.423    0.000   0.000   0.000   0.
  2017 352 14 28 14 505 352.602945668      -3.88      2.17     -3.01  0.       -4533.406       1891.346      -2493.850    0.000   0.000   0.000   0.
  2017 352 14 28 15 505 352.602957242      -3.91      2.16     -3.10  0.       -4531.933       1889.151      -2495.276    0.000   0.000   0.000   0.
  2017 352 14 28 16 505 352.602968817      -3.90      2.16     -3.18  0.       -4530.459       1886.956      -2496.702    0.000   0.000   0.000   0.
  2017 352 14 28 17 505 352.602980391      -3.92      2.12     -3.19  0.       -4528.984       1884.760      -2498.127    0.000   0.000   0.000   0.
  2017 352 14 28 18 505 352.602991965      -3.93      2.13     -3.18  0.       -4527.507       1882.563      -2499.551    0.000   0.000   0.000   0.
  2017 352 14 28 19 505 352.603003539      -3.93      2.13     -3.31  0.       -4526.030       1880.367      -2500.975    0.000   0.000   0.000   0.
  2017 352 14 28 20 505 352.603015113      -3.85      2.06     -3.50  0.       -4524.551       1878.169      -2502.398    0.000   0.000   0.000   0.
  2017 352 14 28 21 505 352.603026687      -3.72      2.04     -3.67  0.       -4523.071       1875.971      -2503.820    0.000   0.000   0.000   0.
  2017 352 14 28 22 505 352.603038261      -3.74      2.04     -3.78  0.       -4521.590       1873.773      -2505.242    0.000   0.000   0.000   0.
  2017 352 14 28 23 505 352.603049835      -3.74      1.98     -3.86  0.       -4520.108       1871.574      -2506.663    0.000   0.000   0.000   0.
  2017 352 14 28 24 505 352.603061409      -3.80      2.01     -3.90  0.       -4518.624       1869.375      -2508.084    0.000   0.000   0.000   0.
  2017 352 14 28 25 505 352.603072983      -3.85      1.97     -3.98  0.       -4517.140       1867.175      -2509.504    0.000   0.000   0.000   0.
  2017 352 14 28 26 505 352.603084554      -3.78      2.05     -3.98  0.       -4515.654       1864.975      -2510.923    0.000   0.000   0.000   0.
  2017 352 14 28 27 505 352.603096128      -3.74      2.08     -4.03  0.       -4514.167       1862.774      -2512.341    0.000   0.000   0.000   0.
  2017 352 14 28 28 505 352.603107703      -3.60      2.15     -4.08  0.       -4512.679       1860.573      -2513.759    0.000   0.000   0.000   0.
  2017 352 14 28 29 505 352.603119277      -3.57      2.16     -4.16  0.       -4511.190       1858.371      -2515.177    0.000   0.000   0.000   0.
  2017 352 14 28 30 505 352.603130851      -3.47      2.18     -4.21  0.       -4509.699       1856.169      -2516.593    0.000   0.000   0.000   0.
  2017 352 14 28 31 505 352.603142425      -3.35      2.19     -4.30  0.       -4508.208       1853.966      -2518.009    0.000   0.000   0.000   0.
  2017 352 14 28 32 505 352.603153999      -3.34      2.19     -4.40  0.       -4506.715       1851.763      -2519.425    0.000   0.000   0.000   0.
  2017 352 14 28 33 505 352.603165573      -3.36      2.08     -4.56  0.       -4505.221       1849.560      -2520.839    0.000   0.000   0.000   0.
  2017 352 14 28 34 505 352.603177147      -3.37      1.95     -4.68  0.       -4503.726       1847.355      -2522.253    0.000   0.000   0.000   0.
  2017 352 14 28 35 505 352.603188721      -3.41      1.89     -4.65  0.       -4502.230       1845.151      -2523.666    0.000   0.000   0.000   0.
  2017 352 14 28 36 505 352.603200295      -3.39      1.84     -4.58  0.       -4500.732       1842.946      -2525.079    0.000   0.000   0.000   0.
  2017 352 14 28 37 505 352.603211869      -3.34      1.82     -4.49  0.       -4499.234       1840.740      -2526.491    0.000   0.000   0.000   0.
  2017 352 14 28 38 505 352.603223443      -3.34      1.87     -4.32  0.       -4497.734       1838.534      -2527.903    0.000   0.000   0.000   0.
  2017 352 14 28 39 505 352.603235017      -3.29      1.89     -4.24  0.       -4496.233       1836.328      -2529.313    0.000   0.000   0.000   0.
  2017 352 14 28 40 505 352.603246591      -3.30      1.93     -4.23  0.       -4494.731       1834.120      -2530.723    0.000   0.000   0.000   0.
  2017 352 14 28 41 505 352.603258165      -3.31      1.98     -4.17  0.       -4493.228       1831.914      -2532.133    0.000   0.000   0.000   0.
  2017 352 14 28 42 505 352.603269740      -3.24      1.98     -4.12  0.       -4491.723       1829.706      -2533.541    0.000   0.000   0.000   0.
  2017 352 14 28 43 505 352.603281314      -3.19      2.01     -4.04  0.       -4490.218       1827.497      -2534.949    0.000   0.000   0.000   0.
  2017 352 14 28 44 505 352.603292888      -3.22      2.01     -4.00  0.       -4488.711       1825.288      -2536.357    0.000   0.000   0.000   0.
  2017 352 14 28 45 505 352.603304462      -3.12      2.06     -3.99  0.       -4487.203       1823.079      -2537.764    0.000   0.000   0.000   0.
  2017 352 14 28 46 505 352.603316036      -3.11      2.08     -4.02  0.       -4485.694       1820.869      -2539.170    0.000   0.000   0.000   0.
  2017 352 14 28 47 505 352.603327610      -3.11      2.02     -4.06  0.       -4484.184       1818.658      -2540.575    0.000   0.000   0.000   0.
  2017 352 14 28 48 505 352.603339184      -2.97      2.07     -4.00  0.       -4482.672       1816.448      -2541.980    0.000   0.000   0.000   0.
  2017 352 14 28 49 505 352.603350758      -2.94      2.15     -3.93  0.       -4481.160       1814.236      -2543.384    0.000   0.000   0.000   0.
  2017 352 14 28 50 505 352.603362332      -2.93      2.21     -3.96  0.       -4479.646       1812.025      -2544.787    0.000   0.000   0.000   0.
  2017 352 14 28 51 505 352.603373906      -2.87      2.29     -4.05  0.       -4478.131       1809.812      -2546.190    0.000   0.000   0.000   0.
  2017 352 14 28 52 505 352.603385480      -2.85      2.33     -4.12  0.       -4476.615       1807.600      -2547.592    0.000   0.000   0.000   0.
  2017 352 14 28 53 505 352.603397054      -2.81      2.33     -4.18  0.       -4475.097       1805.386      -2548.993    0.000   0.000   0.000   0.
  2017 352 14 28 54 505 352.603408629      -2.80      2.33     -4.21  0.       -4473.579       1803.173      -2550.394    0.000   0.000   0.000   0.
  2017 352 14 28 55 505 352.603420203      -2.78      2.40     -4.22  0.       -4472.059       1800.959      -2551.794    0.000   0.000   0.000   0.
  2017 352 14 28 56 505 352.603431777      -2.65      2.41     -4.22  0.       -4470.538       1798.744      -2553.193    0.000   0.000   0.000   0.
  2017 352 14 28 57 505 352.603443350      -2.59      2.42     -4.29  0.       -4469.016       1796.529      -2554.592    0.000   0.000   0.000   0.
  2017 352 14 28 58 505 352.603454922      -2.58      2.47     -4.21  0.       -4467.493       1794.313      -2555.990    0.000   0.000   0.000   0.
  2017 352 14 28 59 505 352.603466496      -2.52      2.51     -4.21  0.       -4465.968       1792.097      -2557.387    0.000   0.000   0.000   0.
  2017 352 14 29  0 505 352.603478070      -2.54      2.54     -4.25  0.       -4464.443       1789.881      -2558.784    0.000   0.000   0.000   0.
  2017 352 14 29  1 505 352.603489644      -2.52      2.54     -4.32  0.       -4462.916       1787.664      -2560.180    0.000   0.000   0.000   0.
  2017 352 14 29  2 505 352.603501218      -2.50      2.58     -4.39  0.       -4461.388       1785.446      -2561.575    0.000   0.000   0.000   0.
  2017 352 14 29  3 505 352.603512792      -2.47      2.59     -4.43  0.       -4459.859       1783.229      -2562.970    0.000   0.000   0.000   0.
  2017 352 14 29  4 505 352.603524366      -2.39      2.65     -4.44  0.       -4458.329       1781.010      -2564.364    0.000   0.000   0.000   0.
  2017 352 14 29  5 505 352.603535940      -2.21      2.68     -4.52  0.       -4456.797       1778.791      -2565.757    0.000   0.000   0.000   0.
  2017 352 14 29  6 505 352.603547514      -2.09      2.61     -4.71  0.       -4455.265       1776.572      -2567.149    0.000   0.000   0.000   0.
  2017 352 14 29  7 505 352.603559089      -1.97      2.53     -4.76  0.       -4453.731       1774.352      -2568.541    0.000   0.000   0.000   0.
  2017 352 14 29  8 505 352.603570663      -1.84      2.36     -4.84  0.       -4452.196       1772.132      -2569.933    0.000   0.000   0.000   0.
  2017 352 14 29  9 505 352.603582237      -1.76      2.24     -4.85  0.       -4450.659       1769.911      -2571.323    0.000   0.000   0.000   0.
  2017 352 14 29 10 505 352.603593811      -1.78      2.19     -4.84  0.       -4449.122       1767.690      -2572.713    0.000   0.000   0.000   0.
  2017 352 14 29 11 505 352.603605385      -1.72      2.16     -4.86  0.       -4447.583       1765.468      -2574.102    0.000   0.000   0.000   0.
  2017 352 14 29 12 505 352.603616959      -1.64      2.17     -4.81  0.       -4446.044       1763.246      -2575.491    0.000   0.000   0.000   0.
  2017 352 14 29 13 505 352.603628533      -1.65      2.15     -4.74  0.       -4444.503       1761.023      -2576.878    0.000   0.000   0.000   0.
  2017 352 14 29 14 505 352.603640107      -1.62      2.10     -4.64  0.       -4442.960       1758.800      -2578.265    0.000   0.000   0.000   0.
  2017 352 14 29 15 505 352.603651681      -1.57      2.18     -4.58  0.       -4441.417       1756.577      -2579.652    0.000   0.000   0.000   0.
  2017 352 14 29 16 505 352.603663255      -1.57      2.07     -4.57  0.       -4439.873       1754.352      -2581.037    0.000   0.000   0.000   0.
  2017 352 14 29 17 505 352.603674829      -1.58      2.04     -4.49  0.       -4438.327       1752.128      -2582.423    0.000   0.000   0.000   0.
  2017 352 14 29 18 505 352.603686403      -1.60      2.05     -4.42  0.       -4436.780       1749.903      -2583.807    0.000   0.000   0.000   0.
  2017 352 14 29 19 505 352.603697977      -1.61      2.00     -4.37  0.       -4435.232       1747.678      -2585.190    0.000   0.000   0.000   0.
  2017 352 14 29 20 505 352.603709552      -1.57      2.01     -4.39  0.       -4433.683       1745.452      -2586.573    0.000   0.000   0.000   0.
  2017 352 14 29 21 505 352.603721126      -1.65      2.02     -4.40  0.       -4432.132       1743.225      -2587.956    0.000   0.000   0.000   0.
  2017 352 14 29 22 505 352.603732700      -1.69      2.00     -4.35  0.       -4430.581       1740.999      -2589.337    0.000   0.000   0.000   0.
  2017 352 14 29 23 505 352.603744274      -1.69      2.01     -4.30  0.       -4429.028       1738.771      -2590.718    0.000   0.000   0.000   0.
  2017 352 14 29 24 505 352.603755848      -1.70      1.98     -4.24  0.       -4427.474       1736.543      -2592.098    0.000   0.000   0.000   0.
  2017 352 14 29 25 505 352.603767422      -1.73      1.91     -4.20  0.       -4425.918       1734.315      -2593.477    0.000   0.000   0.000   0.
  2017 352 14 29 26 505 352.603778996      -1.61      1.85     -4.22  0.       -4424.362       1732.086      -2594.856    0.000   0.000   0.000   0.
  2017 352 14 29 27 504 352.603790570      -1.62      1.94     -4.28  0.       -4422.804       1729.857      -2596.234    0.000   0.000   0.000   0.
  2017 352 14 29 28 504 352.603802141      -1.66      1.93     -4.32  0.       -4421.246       1727.628      -2597.611    0.000   0.000   0.000   0.
  2017 352 14 29 29 504 352.603813715      -1.65      1.92     -4.31  0.       -4419.686       1725.397      -2598.988    0.000   0.000   0.000   0.
  2017 352 14 29 30 504 352.603825289      -1.76      1.91     -4.34  0.       -4418.124       1723.167      -2600.364    0.000   0.000   0.000   0.
  2017 352 14 29 31 505 352.603836863      -1.79      1.91     -4.32  0.       -4416.562       1720.936      -2601.739    0.000   0.000   0.000   0.
  2017 352 14 29 32 505 352.603848437      -1.81      1.88     -4.34  0.       -4414.998       1718.704      -2603.114    0.000   0.000   0.000   0.
  2017 352 14 29 33 504 352.603860012      -1.87      1.89     -4.30  0.       -4413.434       1716.472      -2604.488    0.000   0.000   0.000   0.
  2017 352 14 29 34 504 352.603871586      -1.92      1.87     -4.27  0.       -4411.868       1714.240      -2605.861    0.000   0.000   0.000   0.
  2017 352 14 29 35 505 352.603883160      -1.90      1.91     -4.23  0.       -4410.300       1712.007      -2607.233    0.000   0.000   0.000   0.
  2017 352 14 29 36 505 352.603894734      -1.94      1.85     -4.21  0.       -4408.732       1709.773      -2608.605    0.000   0.000   0.000   0.
  2017 352 14 29 37 505 352.603906308      -2.00      1.82     -4.03  0.       -4407.163       1707.540      -2609.976    0.000   0.000   0.000   0.
  2017 352 14 29 38 505 352.603917882      -2.11      1.80     -3.92  0.       -4405.592       1705.305      -2611.346    0.000   0.000   0.000   0.
  2017 352 14 29 39 504 352.603929456      -2.15      1.80     -3.84  0.       -4404.020       1703.070      -2612.716    0.000   0.000   0.000   0.
  2017 352 14 29 40 504 352.603941030      -2.19      1.79     -3.73  0.       -4402.447       1700.835      -2614.084    0.000   0.000   0.000   0.
  2017 352 14 29 41 504 352.603952604      -2.22      1.80     -3.67  0.       -4400.872       1698.600      -2615.452    0.000   0.000   0.000   0.
  2017 352 14 29 42 504 352.603964178      -2.20      1.87     -3.65  0.       -4399.297       1696.363      -2616.820    0.000   0.000   0.000   0.
  2017 352 14 29 43 504 352.603975752      -2.25      1.83     -3.54  0.       -4397.720       1694.127      -2618.187    0.000   0.000   0.000   0.
  2017 352 14 29 44 505 352.603987326      -2.37      1.68     -3.41  0.       -4396.142       1691.890      -2619.553    0.000   0.000   0.000   0.
  2017 352 14 29 45 505 352.603998900      -2.44      1.58     -3.35  0.       -4394.563       1689.652      -2620.918    0.000   0.000   0.000   0.
  2017 352 14 29 46 504 352.604010475      -2.46      1.59     -3.32  0.       -4392.983       1687.414      -2622.282    0.000   0.000   0.000   0.
  2017 352 14 29 47 504 352.604022049      -2.48      1.51     -3.29  0.       -4391.401       1685.176      -2623.646    0.000   0.000   0.000   0.
  2017 352 14 29 48 505 352.604033623      -2.43      1.46     -3.25  0.       -4389.818       1682.937      -2625.009    0.000   0.000   0.000   0.
  2017 352 14 29 49 505 352.604045197      -2.49      1.47     -3.15  0.       -4388.234       1680.697      -2626.372    0.000   0.000   0.000   0.
  2017 352 14 29 50 505 352.604056771      -2.57      1.45     -3.07  0.       -4386.649       1678.457      -2627.733    0.000   0.000   0.000   0.
  2017 352 14 29 51 505 352.604068345      -2.60      1.42     -3.09  0.       -4385.063       1676.217      -2629.094    0.000   0.000   0.000   0.
  2017 352 14 29 52 505 352.604079919      -2.62      1.42     -3.04  0.       -4383.475       1673.976      -2630.455    0.000   0.000   0.000   0.
  2017 352 14 29 53 504 352.604091493      -2.68      1.42     -2.91  0.       -4381.887       1671.735      -2631.814    0.000   0.000   0.000   0.
  2017 352 14 29 54 504 352.604103067      -2.68      1.41     -2.84  0.       -4380.297       1669.493      -2633.173    0.000   0.000   0.000   0.
  2017 352 14 29 55 504 352.604114641      -2.67      1.44     -2.84  0.       -4378.705       1667.251      -2634.531    0.000   0.000   0.000   0.
  2017 352 14 29 56 504 352.604126215      -2.71      1.39     -2.74  0.       -4377.113       1665.009      -2635.888    0.000   0.000   0.000   0.
  2017 352 14 29 57 504 352.604137789      -2.78      1.40     -2.67  0.       -4375.520       1662.765      -2637.245    0.000   0.000   0.000   0.
  2017 352 14 29 58 504 352.604149361      -2.80      1.48     -2.53  0.       -4373.925       1660.522      -2638.601    0.000   0.000   0.000   0.
  2017 352 14 29 59 504 352.604160935      -2.80      1.53     -2.44  0.       -4372.329       1658.278      -2639.955    0.000   0.000   0.000   0.
  2017 352 14 30  0 504 352.604172509      -2.83      1.46     -2.47  0.       -4370.732       1656.033      -2641.310    0.000   0.000   0.000   0.
  2017 352 14 30  1 504 352.604184083      -2.83      1.46     -2.42  0.       -4369.133       1653.789      -2642.664    0.000   0.000   0.000   0.
  2017 352 14 30  2 504 352.604195657      -2.93      1.45     -2.37  0.       -4367.534       1651.543      -2644.017    0.000   0.000   0.000   0.
  2017 352 14 30  3 504 352.604207231      -2.98      1.41     -2.28  0.       -4365.933       1649.297      -2645.369    0.000   0.000   0.000   0.
  2017 352 14 30  4 504 352.604218805      -3.02      1.33     -2.25  0.       -4364.331       1647.051      -2646.720    0.000   0.000   0.000   0.
  2017 352 14 30  5 504 352.604230379      -3.17      1.28     -2.27  0.       -4362.728       1644.804      -2648.071    0.000   0.000   0.000   0.
  2017 352 14 30  6 504 352.604241953      -3.26      1.16     -2.33  0.       -4361.123       1642.557      -2649.421    0.000   0.000   0.000   0.
  2017 352 14 30  7 504 352.604253527      -3.27      1.02     -2.34  0.       -4359.517       1640.310      -2650.770    0.000   0.000   0.000   0.
  2017 352 14 30  8 504 352.604265101      -3.31      0.88     -2.36  0.       -4357.911       1638.061      -2652.119    0.000   0.000   0.000   0.
  2017 352 14 30  9 504 352.604276675      -3.37      0.84     -2.39  0.       -4356.302       1635.813      -2653.466    0.000   0.000   0.000   0.
  2017 352 14 30 10 504 352.604288249      -3.35      0.78     -2.44  0.       -4354.693       1633.564      -2654.814    0.000   0.000   0.000   0.
  2017 352 14 30 11 504 352.604299823      -3.28      0.71     -2.40  0.       -4353.083       1631.314      -2656.160    0.000   0.000   0.000   0.
  2017 352 14 30 12 504 352.604311398      -3.24      0.70     -2.30  0.       -4351.471       1629.064      -2657.505    0.000   0.000   0.000   0.
  2017 352 14 30 13 504 352.604322972      -3.25      0.67     -2.24  0.       -4349.858       1626.814      -2658.850    0.000   0.000   0.000   0.
  2017 352 14 30 14 504 352.604334546      -3.19      0.64     -2.27  0.       -4348.244       1624.563      -2660.194    0.000   0.000   0.000   0.
  2017 352 14 30 15 504 352.604346120      -3.09      0.69     -2.27  0.       -4346.628       1622.312      -2661.538    0.000   0.000   0.000   0.
  2017 352 14 30 16 504 352.604357694      -3.04      0.74     -2.36  0.       -4345.012       1620.060      -2662.880    0.000   0.000   0.000   0.
  2017 352 14 30 17 504 352.604369268      -3.00      0.86     -2.56  0.       -4343.394       1617.808      -2664.222    0.000   0.000   0.000   0.
  2017 352 14 30 18 504 352.604380842      -2.92      0.99     -2.61  0.       -4341.775       1615.555      -2665.563    0.000   0.000   0.000   0.
  2017 352 14 30 19 504 352.604392416      -2.84      1.15     -2.54  0.       -4340.155       1613.302      -2666.903    0.000   0.000   0.000   0.
  2017 352 14 30 20 504 352.604403990      -2.75      1.27     -2.50  0.       -4338.534       1611.049      -2668.243    0.000   0.000   0.000   0.
  2017 352 14 30 21 504 352.604415564      -2.73      1.36     -2.57  0.       -4336.911       1608.795      -2669.582    0.000   0.000   0.000   0.
  2017 352 14 30 22 504 352.604427138      -2.67      1.49     -2.60  0.       -4335.287       1606.540      -2670.920    0.000   0.000   0.000   0.
  2017 352 14 30 23 504 352.604438712      -2.59      1.63     -2.54  0.       -4333.662       1604.285      -2672.257    0.000   0.000   0.000   0.
  2017 352 14 30 24 504 352.604450286      -2.42      1.69     -2.50  0.       -4332.036       1602.030      -2673.594    0.000   0.000   0.000   0.
  2017 352 14 30 25 504 352.604461861      -2.24      1.72     -2.43  0.       -4330.408       1599.774      -2674.930    0.000   0.000   0.000   0.
  2017 352 14 30 26 504 352.604473435      -2.15      1.79     -2.35  0.       -4328.780       1597.518      -2676.265    0.000   0.000   0.000   0.
  2017 352 14 30 27 504 352.604485008      -2.04      1.76     -2.29  0.       -4327.150       1595.261      -2677.599    0.000   0.000   0.000   0.
  2017 352 14 30 28 504 352.604496580      -1.97      1.77     -2.33  0.       -4325.519       1593.004      -2678.932    0.000   0.000   0.000   0.
  2017 352 14 30 29 504 352.604508154      -1.94      1.78     -2.32  0.       -4323.886       1590.746      -2680.265    0.000   0.000   0.000   0.
  2017 352 14 30 30 504 352.604519728      -1.89      1.74     -2.26  0.       -4322.252       1588.488      -2681.597    0.000   0.000   0.000   0.
  2017 352 14 30 31 504 352.604531302      -1.81      1.73     -2.28  0.       -4320.618       1586.230      -2682.929    0.000   0.000   0.000   0.
  2017 352 14 30 32 504 352.604542876      -1.75      1.73     -2.24  0.       -4318.982       1583.971      -2684.259    0.000   0.000   0.000   0.
  2017 352 14 30 33 504 352.604554450      -1.74      1.64     -2.21  0.       -4317.344       1581.711      -2685.589    0.000   0.000   0.000   0.
  2017 352 14 30 34 504 352.604566024      -1.83      1.41     -1.96  0.       -4315.706       1579.452      -2686.918    0.000   0.000   0.000   0.
  2017 352 14 30 35 504 352.604577598      -2.23      0.99     -1.72  0.       -4314.066       1577.191      -2688.246    0.000   0.000   0.000   0.
  2017 352 14 30 36 504 352.604589172      -2.61      0.39     -1.32  0.       -4312.425       1574.931      -2689.574    0.000   0.000   0.000   0.
  2017 352 14 30 37 504 352.604600746      -2.86      0.14     -1.14  0.       -4310.783       1572.669      -2690.900    0.000   0.000   0.000   0.
  2017 352 14 30 38 504 352.604612321      -3.08     -0.29     -1.07  0.       -4309.140       1570.408      -2692.226    0.000   0.000   0.000   0.
  2017 352 14 30 39 504 352.604623895      -2.93     -0.50     -0.92  0.       -4307.495       1568.146      -2693.551    0.000   0.000   0.000   0.
  2017 352 14 30 40 504 352.604635469      -2.87     -0.51     -0.77  0.       -4305.849       1565.883      -2694.876    0.000   0.000   0.000   0.
  2017 352 14 30 41 504 352.604647043      -2.84     -0.56     -0.65  0.       -4304.202       1563.620      -2696.199    0.000   0.000   0.000   0.
  2017 352 14 30 42 504 352.604658617      -2.79     -0.44     -0.56  0.       -4302.554       1561.357      -2697.522    0.000   0.000   0.000   0.
  2017 352 14 30 43 504 352.604670191      -2.82     -0.47     -0.50  0.       -4300.904       1559.093      -2698.844    0.000   0.000   0.000   0.
  2017 352 14 30 44 504 352.604681765      -2.67     -0.54     -0.39  0.       -4299.254       1556.829      -2700.166    0.000   0.000   0.000   0.
  2017 352 14 30 45 504 352.604693339      -2.56     -0.66     -0.28  0.       -4297.602       1554.564      -2701.486    0.000   0.000   0.000   0.
  2017 352 14 30 46 504 352.604704913      -2.55     -0.74     -0.27  0.       -4295.948       1552.299      -2702.806    0.000   0.000   0.000   0.
  2017 352 14 30 47 504 352.604716487      -2.58     -0.82     -0.34  0.       -4294.294       1550.033      -2704.125    0.000   0.000   0.000   0.
  2017 352 14 30 48 504 352.604728061      -2.60     -0.91     -0.30  0.       -4292.638       1547.767      -2705.443    0.000   0.000   0.000   0.
  2017 352 14 30 49 504 352.604739635      -2.61     -1.15     -0.12  0.       -4290.982       1545.500      -2706.761    0.000   0.000   0.000   0.
  2017 352 14 30 50 504 352.604751210      -2.55     -1.40      0.07  0.       -4289.323       1543.233      -2708.077    0.000   0.000   0.000   0.
  2017 352 14 30 51 504 352.604762784      -2.48     -1.59      0.32  0.       -4287.664       1540.966      -2709.393    0.000   0.000   0.000   0.
  2017 352 14 30 52 504 352.604774358      -2.36     -1.70      0.57  0.       -4286.004       1538.698      -2710.708    0.000   0.000   0.000   0.
  2017 352 14 30 53 504 352.604785932      -2.09     -1.77      0.78  0.       -4284.342       1536.430      -2712.023    0.000   0.000   0.000   0.
  2017 352 14 30 54 504 352.604797506      -1.80     -1.75      0.96  0.       -4282.679       1534.161      -2713.336    0.000   0.000   0.000   0.
  2017 352 14 30 55 504 352.604809080      -1.54     -1.69      1.14  0.       -4281.015       1531.892      -2714.649    0.000   0.000   0.000   0.
  2017 352 14 30 56 504 352.604820654      -1.29     -1.58      1.12  0.       -4279.349       1529.622      -2715.961    0.000   0.000   0.000   0.
  2017 352 14 30 57 504 352.604832228      -1.08     -1.52      1.19  0.       -4277.682       1527.352      -2717.272    0.000   0.000   0.000   0.
  2017 352 14 30 58 504 352.604843799      -0.90     -1.43      1.15  0.       -4276.014       1525.082      -2718.583    0.000   0.000   0.000   0.
  2017 352 14 30 59 504 352.604855373      -0.81     -1.41      1.14  0.       -4274.345       1522.811      -2719.892    0.000   0.000   0.000   0.
  2017 352 14 31  0 504 352.604866947      -0.72     -1.44      1.23  0.       -4272.675       1520.539      -2721.201    0.000   0.000   0.000   0.
  2017 352 14 31  1 504 352.604878521      -0.56     -1.49      1.28  0.       -4271.003       1518.267      -2722.509    0.000   0.000   0.000   0.
  2017 352 14 31  2 504 352.604890095      -0.39     -1.45      1.43  0.       -4269.330       1515.995      -2723.816    0.000   0.000   0.000   0.
  2017 352 14 31  3 504 352.604901670      -0.22     -1.36      1.55  0.       -4267.656       1513.722      -2725.123    0.000   0.000   0.000   0.
  2017 352 14 31  4 504 352.604913244       0.00     -1.24      1.52  0.       -4265.981       1511.449      -2726.428    0.000   0.000   0.000   0.
  2017 352 14 31  5 504 352.604924818       0.16     -0.97      1.52  0.       -4264.304       1509.176      -2727.733    0.000   0.000   0.000   0.
  2017 352 14 31  6 504 352.604936392       0.25     -0.73      1.39  0.       -4262.626       1506.902      -2729.037    0.000   0.000   0.000   0.
  2017 352 14 31  7 504 352.604947966       0.28     -0.58      1.33  0.       -4260.947       1504.627      -2730.341    0.000   0.000   0.000   0.
  2017 352 14 31  8 504 352.604959540       0.31     -0.44      1.30  0.       -4259.267       1502.352      -2731.643    0.000   0.000   0.000   0.
  2017 352 14 31  9 504 352.604971114       0.28     -0.36      1.31  0.       -4257.585       1500.077      -2732.945    0.000   0.000   0.000   0.
  2017 352 14 31 10 504 352.604982688       0.32     -0.38      1.30  0.       -4255.903       1497.801      -2734.246    0.000   0.000   0.000   0.
  2017 352 14 31 11 504 352.604994262       0.44     -0.33      1.18  0.       -4254.219       1495.525      -2735.546    0.000   0.000   0.000   0.
  2017 352 14 31 12 504 352.605005836       0.52     -0.20      1.11  0.       -4252.533       1493.248      -2736.845    0.000   0.000   0.000   0.
  2017 352 14 31 13 504 352.605017410       0.58     -0.19      1.08  0.       -4250.847       1490.971      -2738.144    0.000   0.000   0.000   0.
  2017 352 14 31 14 504 352.605028984       0.66     -0.22      1.07  0.       -4249.159       1488.694      -2739.442    0.000   0.000   0.000   0.
  2017 352 14 31 15 504 352.605040558       0.69     -0.17      1.00  0.       -4247.470       1486.416      -2740.738    0.000   0.000   0.000   0.
  2017 352 14 31 16 504 352.605052133       0.77     -0.11      0.99  0.       -4245.780       1484.137      -2742.035    0.000   0.000   0.000   0.
  2017 352 14 31 17 504 352.605063707       0.91     -0.11      1.00  0.       -4244.088       1481.859      -2743.330    0.000   0.000   0.000   0.
  2017 352 14 31 18 504 352.605075281       1.06      0.03      1.08  0.       -4242.396       1479.579      -2744.624    0.000   0.000   0.000   0.
  2017 352 14 31 19 504 352.605086855       1.14      0.08      1.09  0.       -4240.702       1477.300      -2745.918    0.000   0.000   0.000   0.
  2017 352 14 31 20 504 352.605098429       1.15      0.14      1.08  0.       -4239.006       1475.019      -2747.211    0.000   0.000   0.000   0.
  2017 352 14 31 21 504 352.605110003       1.18      0.18      1.13  0.       -4237.310       1472.739      -2748.503    0.000   0.000   0.000   0.
  2017 352 14 31 22 504 352.605121577       1.24      0.24      1.16  0.       -4235.613       1470.458      -2749.794    0.000   0.000   0.000   0.
  2017 352 14 31 23 504 352.605133151       1.30      0.20      1.12  0.       -4233.914       1468.177      -2751.085    0.000   0.000   0.000   0.
  2017 352 14 31 24 504 352.605144725       1.36      0.10      1.14  0.       -4232.214       1465.895      -2752.374    0.000   0.000   0.000   0.
  2017 352 14 31 25 504 352.605156299       1.46      0.20      1.19  0.       -4230.512       1463.612      -2753.663    0.000   0.000   0.000   0.
  2017 352 14 31 26 504 352.605167873       1.48      0.28      1.26  0.       -4228.810       1461.330      -2754.951    0.000   0.000   0.000   0.
  2017 352 14 31 27 504 352.605179447       1.54      0.44      1.30  0.       -4227.106       1459.047      -2756.238    0.000   0.000   0.000   0.
  2017 352 14 31 28 503 352.605191019       1.68      0.52      1.32  0.       -4225.400       1456.763      -2757.525    0.000   0.000   0.000   0.
  2017 352 14 31 29 503 352.605202593       1.78      0.49      1.39  0.       -4223.694       1454.479      -2758.810    0.000   0.000   0.000   0.
  2017 352 14 31 30 504 352.605214167       1.86      0.49      1.41  0.       -4221.986       1452.195      -2760.095    0.000   0.000   0.000   0.
  2017 352 14 31 31 504 352.605225741       1.94      0.45      1.43  0.       -4220.278       1449.910      -2761.379    0.000   0.000   0.000   0.
  2017 352 14 31 32 504 352.605237315       1.98      0.44      1.34  0.       -4218.567       1447.624      -2762.662    0.000   0.000   0.000   0.
  2017 352 14 31 33 504 352.605248889       2.08      0.44      1.31  0.       -4216.856       1445.339      -2763.945    0.000   0.000   0.000   0.
  2017 352 14 31 34 504 352.605260463       2.13      0.42      1.36  0.       -4215.144       1443.053      -2765.226    0.000   0.000   0.000   0.
  2017 352 14 31 35 503 352.605272037       2.20      0.44      1.39  0.       -4213.430       1440.766      -2766.507    0.000   0.000   0.000   0.
  2017 352 14 31 36 503 352.605283611       2.21      0.34      1.34  0.       -4211.714       1438.479      -2767.787    0.000   0.000   0.000   0.
  2017 352 14 31 37 503 352.605295185       2.19      0.27      1.26  0.       -4209.998       1436.191      -2769.066    0.000   0.000   0.000   0.
  2017 352 14 31 38 503 352.605306759       2.17      0.24      1.25  0.       -4208.281       1433.903      -2770.344    0.000   0.000   0.000   0.
  2017 352 14 31 39 503 352.605318333       2.19      0.27      1.22  0.       -4206.562       1431.615      -2771.621    0.000   0.000   0.000   0.
  2017 352 14 31 40 504 352.605329907       2.23      0.29      1.15  0.       -4204.842       1429.327      -2772.898    0.000   0.000   0.000   0.
  2017 352 14 31 41 504 352.605341481       2.28      0.32      1.11  0.       -4203.120       1427.038      -2774.173    0.000   0.000   0.000   0.
  2017 352 14 31 42 503 352.605353056       2.29      0.31      1.21  0.       -4201.397       1424.748      -2775.448    0.000   0.000   0.000   0.
  2017 352 14 31 43 503 352.605364630       2.24      0.26      1.34  0.       -4199.674       1422.458      -2776.722    0.000   0.000   0.000   0.
  2017 352 14 31 44 504 352.605376204       2.26      0.28      1.28  0.       -4197.949       1420.168      -2777.996    0.000   0.000   0.000   0.
  2017 352 14 31 45 504 352.605387778       2.35      0.35      1.15  0.       -4196.222       1417.877      -2779.268    0.000   0.000   0.000   0.
  2017 352 14 31 46 504 352.605399352       2.52      0.49      1.04  0.       -4194.495       1415.586      -2780.540    0.000   0.000   0.000   0.
  2017 352 14 31 47 504 352.605410926       2.66      0.49      1.17  0.       -4192.766       1413.294      -2781.810    0.000   0.000   0.000   0.
  2017 352 14 31 48 504 352.605422500       2.80      0.38      1.24  0.       -4191.035       1411.002      -2783.080    0.000   0.000   0.000   0.
  2017 352 14 31 49 503 352.605434074       2.83      0.30      1.27  0.       -4189.304       1408.709      -2784.349    0.000   0.000   0.000   0.
  2017 352 14 31 50 503 352.605445648       2.94      0.24      1.34  0.       -4187.571       1406.416      -2785.618    0.000   0.000   0.000   0.
  2017 352 14 31 51 503 352.605457222       2.85      0.07      1.40  0.       -4185.837       1404.123      -2786.885    0.000   0.000   0.000   0.
  2017 352 14 31 52 503 352.605468796       2.90     -0.00      1.46  0.       -4184.102       1401.829      -2788.151    0.000   0.000   0.000   0.
  2017 352 14 31 53 504 352.605480370       2.88     -0.09      1.50  0.       -4182.366       1399.535      -2789.417    0.000   0.000   0.000   0.
  2017 352 14 31 54 504 352.605491944       2.90     -0.14      1.56  0.       -4180.628       1397.240      -2790.682    0.000   0.000   0.000   0.
  2017 352 14 31 55 503 352.605503519       2.87     -0.12      1.59  0.       -4178.889       1394.945      -2791.946    0.000   0.000   0.000   0.
  2017 352 14 31 56 503 352.605515093       2.88     -0.00      1.59  0.       -4177.149       1392.650      -2793.209    0.000   0.000   0.000   0.
  2017 352 14 31 57 504 352.605526667       2.84      0.08      1.59  0.       -4175.408       1390.354      -2794.472    0.000   0.000   0.000   0.
  2017 352 14 31 58 504 352.605538241       2.80      0.04      1.55  0.       -4173.665       1388.058      -2795.733    0.000   0.000   0.000   0.
  2017 352 14 31 59 504 352.605549814       2.78     -0.02      1.55  0.       -4171.921       1385.761      -2796.994    0.000   0.000   0.000   0.
  2017 352 14 32  0 503 352.605561386       2.76     -0.03      1.57  0.       -4170.176       1383.464      -2798.253    0.000   0.000   0.000   0.
  2017 352 14 32  1 503 352.605572960       2.79      0.01      1.55  0.       -4168.429       1381.166      -2799.512    0.000   0.000   0.000   0.
  2017 352 14 32  2 503 352.605584534       2.77      0.00      1.60  0.       -4166.681       1378.868      -2800.771    0.000   0.000   0.000   0.
  2017 352 14 32  3 503 352.605596108       2.74     -0.02      1.54  0.       -4164.932       1376.570      -2802.028    0.000   0.000   0.000   0.
  2017 352 14 32  4 503 352.605607682       2.72      0.02      1.61  0.       -4163.182       1374.271      -2803.284    0.000   0.000   0.000   0.
  2017 352 14 32  5 503 352.605619256       2.69      0.08      1.68  0.       -4161.431       1371.972      -2804.540    0.000   0.000   0.000   0.
  2017 352 14 32  6 503 352.605630830       2.62      0.03      1.68  0.       -4159.678       1369.672      -2805.794    0.000   0.000   0.000   0.
  2017 352 14 32  7 503 352.605642404       2.58      0.01      1.67  0.       -4157.924       1367.372      -2807.048    0.000   0.000   0.000   0.
  2017 352 14 32  8 503 352.605653979       2.57      0.08      1.72  0.       -4156.168       1365.071      -2808.301    0.000   0.000   0.000   0.
  2017 352 14 32  9 503 352.605665553       2.54      0.11      1.70  0.       -4154.412       1362.770      -2809.553    0.000   0.000   0.000   0.
  2017 352 14 32 10 503 352.605677127       2.50      0.13      1.67  0.       -4152.654       1360.469      -2810.805    0.000   0.000   0.000   0.
  2017 352 14 32 11 503 352.605688701       2.52      0.15      1.61  0.       -4150.895       1358.167      -2812.055    0.000   0.000   0.000   0.
  2017 352 14 32 12 503 352.605700275       2.50      0.13      1.57  0.       -4149.134       1355.865      -2813.305    0.000   0.000   0.000   0.
  2017 352 14 32 13 503 352.605711849       2.47      0.10      1.59  0.       -4147.373       1353.563      -2814.553    0.000   0.000   0.000   0.
  2017 352 14 32 14 503 352.605723423       2.41      0.03      1.53  0.       -4145.610       1351.260      -2815.801    0.000   0.000   0.000   0.
  2017 352 14 32 15 503 352.605734997       2.39      0.04      1.54  0.       -4143.846       1348.956      -2817.048    0.000   0.000   0.000   0.
  2017 352 14 32 16 503 352.605746571       2.38      0.06      1.51  0.       -4142.080       1346.652      -2818.294    0.000   0.000   0.000   0.
  2017 352 14 32 17 503 352.605758145       2.34      0.01      1.50  0.       -4140.313       1344.348      -2819.539    0.000   0.000   0.000   0.
  2017 352 14 32 18 503 352.605769719       2.32     -0.05      1.57  0.       -4138.546       1342.044      -2820.784    0.000   0.000   0.000   0.
  2017 352 14 32 19 503 352.605781293       2.31     -0.07      1.61  0.       -4136.776       1339.739      -2822.027    0.000   0.000   0.000   0.
  2017 352 14 32 20 503 352.605792867       2.31     -0.10      1.67  0.       -4135.006       1337.433      -2823.270    0.000   0.000   0.000   0.
  2017 352 14 32 21 503 352.605804442       2.34     -0.09      1.72  0.       -4133.234       1335.127      -2824.512    0.000   0.000   0.000   0.
  2017 352 14 32 22 503 352.605816016       2.30     -0.09      1.76  0.       -4131.461       1332.821      -2825.753    0.000   0.000   0.000   0.
  2017 352 14 32 23 503 352.605827590       2.24     -0.11      1.84  0.       -4129.686       1330.514      -2826.993    0.000   0.000   0.000   0.
  2017 352 14 32 24 503 352.605839164       2.15     -0.16      1.98  0.       -4127.911       1328.207      -2828.232    0.000   0.000   0.000   0.
  2017 352 14 32 25 503 352.605850738       2.13     -0.29      2.09  0.       -4126.134       1325.900      -2829.470    0.000   0.000   0.000   0.
  2017 352 14 32 26 503 352.605862312       2.08     -0.43      2.13  0.       -4124.356       1323.592      -2830.707    0.000   0.000   0.000   0.
  2017 352 14 32 27 503 352.605873886       2.06     -0.48      2.18  0.       -4122.576       1321.283      -2831.944    0.000   0.000   0.000   0.
  2017 352 14 32 28 503 352.605885460       2.06     -0.48      2.19  0.       -4120.796       1318.975      -2833.180    0.000   0.000   0.000   0.
  2017 352 14 32 29 503 352.605897034       2.08     -0.45      2.21  0.       -4119.014       1316.666      -2834.414    0.000   0.000   0.000   0.
  2017 352 14 32 30 503 352.605908605       2.12     -0.43      2.27  0.       -4117.231       1314.356      -2835.648    0.000   0.000   0.000   0.
  2017 352 14 32 31 503 352.605920179       2.10     -0.48      2.29  0.       -4115.446       1312.046      -2836.881    0.000   0.000   0.000   0.
  2017 352 14 32 32 503 352.605931754       2.06     -0.51      2.36  0.       -4113.660       1309.736      -2838.113    0.000   0.000   0.000   0.
  2017 352 14 32 33 503 352.605943328       2.01     -0.56      2.40  0.       -4111.873       1307.425      -2839.345    0.000   0.000   0.000   0.
  2017 352 14 32 34 503 352.605954902       2.04     -0.58      2.41  0.       -4110.085       1305.114      -2840.575    0.000   0.000   0.000   0.
  2017 352 14 32 35 503 352.605966476       2.01     -0.65      2.43  0.       -4108.295       1302.802      -2841.805    0.000   0.000   0.000   0.
  2017 352 14 32 36 503 352.605978050       2.01     -0.71      2.47  0.       -4106.504       1300.490      -2843.033    0.000   0.000   0.000   0.
  2017 352 14 32 37 503 352.605989624       2.01     -0.75      2.54  0.       -4104.712       1298.178      -2844.261    0.000   0.000   0.000   0.
  2017 352 14 32 38 503 352.606001198       1.98     -0.78      2.53  0.       -4102.919       1295.865      -2845.488    0.000   0.000   0.000   0.
  2017 352 14 32 39 503 352.606012772       1.99     -0.78      2.54  0.       -4101.124       1293.552      -2846.714    0.000   0.000   0.000   0.
  2017 352 14 32 40 503 352.606024346       1.99     -0.80      2.58  0.       -4099.328       1291.238      -2847.939    0.000   0.000   0.000   0.
  2017 352 14 32 41 503 352.606035920       1.99     -0.78      2.57  0.       -4097.531       1288.924      -2849.163    0.000   0.000   0.000   0.
  2017 352 14 32 42 503 352.606047494       1.97     -0.77      2.58  0.       -4095.732       1286.610      -2850.386    0.000   0.000   0.000   0.
  2017 352 14 32 43 503 352.606059068       1.97     -0.80      2.54  0.       -4093.932       1284.295      -2851.609    0.000   0.000   0.000   0.
  2017 352 14 32 44 503 352.606070642       2.04     -0.84      2.57  0.       -4092.131       1281.980      -2852.830    0.000   0.000   0.000   0.
  2017 352 14 32 45 503 352.606082216       2.14     -0.81      2.58  0.       -4090.329       1279.664      -2854.051    0.000   0.000   0.000   0.
  2017 352 14 32 46 503 352.606093791       2.11     -0.88      2.61  0.       -4088.525       1277.348      -2855.270    0.000   0.000   0.000   0.
  2017 352 14 32 47 503 352.606105365       2.13     -0.91      2.65  0.       -4086.720       1275.032      -2856.489    0.000   0.000   0.000   0.
  2017 352 14 32 48 503 352.606116939       2.14     -0.91      2.66  0.       -4084.914       1272.715      -2857.707    0.000   0.000   0.000   0.
  2017 352 14 32 49 503 352.606128513       2.14     -0.89      2.58  0.       -4083.107       1270.398      -2858.924    0.000   0.000   0.000   0.
  2017 352 14 32 50 503 352.606140087       2.18     -0.90      2.54  0.       -4081.298       1268.080      -2860.140    0.000   0.000   0.000   0.
  2017 352 14 32 51 503 352.606151661       2.24     -0.96      2.55  0.       -4079.488       1265.762      -2861.355    0.000   0.000   0.000   0.
  2017 352 14 32 52 503 352.606163235       2.25     -1.00      2.55  0.       -4077.676       1263.444      -2862.570    0.000   0.000   0.000   0.
  2017 352 14 32 53 503 352.606174809       2.24     -1.07      2.54  0.       -4075.864       1261.125      -2863.783    0.000   0.000   0.000   0.
  2017 352 14 32 54 503 352.606186383       2.26     -1.13      2.51  0.       -4074.050       1258.806      -2864.996    0.000   0.000   0.000   0.
  2017 352 14 32 55 503 352.606197957       2.32     -1.11      2.50  0.       -4072.235       1256.486      -2866.207    0.000   0.000   0.000   0.
  2017 352 14 32 56 503 352.606209531       2.37     -1.06      2.54  0.       -4070.418       1254.166      -2867.418    0.000   0.000   0.000   0.
  2017 352 14 32 57 503 352.606221105       2.44     -1.08      2.53  0.       -4068.600       1251.846      -2868.628    0.000   0.000   0.000   0.
  2017 352 14 32 58 503 352.606232679       2.53     -1.02      2.53  0.       -4066.781       1249.525      -2869.836    0.000   0.000   0.000   0.
  2017 352 14 32 59 503 352.606244253       2.62     -0.92      2.46  0.       -4064.961       1247.204      -2871.044    0.000   0.000   0.000   0.
  2017 352 14 33  0 503 352.606255825       2.69     -0.88      2.42  0.       -4063.139       1244.882      -2872.251    0.000   0.000   0.000   0.
  2017 352 14 33  1 503 352.606267399       2.69     -0.92      2.35  0.       -4061.316       1242.560      -2873.458    0.000   0.000   0.000   0.
  2017 352 14 33  2 503 352.606278973       2.68     -0.90      2.35  0.       -4059.492       1240.238      -2874.663    0.000   0.000   0.000   0.
  2017 352 14 33  3 503 352.606290547       2.69     -0.90      2.33  0.       -4057.667       1237.915      -2875.867    0.000   0.000   0.000   0.
  2017 352 14 33  4 503 352.606302121       2.68     -0.92      2.31  0.       -4055.840       1235.592      -2877.071    0.000   0.000   0.000   0.
  2017 352 14 33  5 503 352.606313695       2.72     -0.87      2.42  0.       -4054.012       1233.269      -2878.273    0.000   0.000   0.000   0.
  2017 352 14 33  6 503 352.606325269       2.72     -0.88      2.44  0.       -4052.183       1230.945      -2879.475    0.000   0.000   0.000   0.
  2017 352 14 33  7 503 352.606336843       2.73     -0.87      2.42  0.       -4050.352       1228.620      -2880.675    0.000   0.000   0.000   0.
  2017 352 14 33  8 503 352.606348417       2.72     -0.90      2.40  0.       -4048.520       1226.296      -2881.875    0.000   0.000   0.000   0.
  2017 352 14 33  9 503 352.606359991       2.75     -0.85      2.40  0.       -4046.687       1223.971      -2883.074    0.000   0.000   0.000   0.
  2017 352 14 33 10 503 352.606371565       2.71     -0.88      2.45  0.       -4044.852       1221.645      -2884.272    0.000   0.000   0.000   0.
  2017 352 14 33 11 503 352.606383139       2.69     -0.86      2.48  0.       -4043.017       1219.319      -2885.469    0.000   0.000   0.000   0.
  2017 352 14 33 12 503 352.606394714       2.65     -0.93      2.46  0.       -4041.180       1216.993      -2886.665    0.000   0.000   0.000   0.
  2017 352 14 33 13 503 352.606406288       2.63     -0.91      2.45  0.       -4039.341       1214.666      -2887.860    0.000   0.000   0.000   0.
  2017 352 14 33 14 503 352.606417862       2.60     -0.94      2.48  0.       -4037.502       1212.339      -2889.054    0.000   0.000   0.000   0.
  2017 352 14 33 15 503 352.606429436       2.55     -0.99      2.43  0.       -4035.660       1210.012      -2890.247    0.000   0.000   0.000   0.
  2017 352 14 33 16 503 352.606441010       2.57     -0.99      2.43  0.       -4033.818       1207.684      -2891.439    0.000   0.000   0.000   0.
  2017 352 14 33 17 503 352.606452584       2.54     -1.03      2.45  0.       -4031.975       1205.356      -2892.631    0.000   0.000   0.000   0.
  2017 352 14 33 18 503 352.606464158       2.52     -1.04      2.39  0.       -4030.130       1203.027      -2893.821    0.000   0.000   0.000   0.
  2017 352 14 33 19 503 352.606475732       2.59     -0.94      2.45  0.       -4028.284       1200.698      -2895.011    0.000   0.000   0.000   0.
  2017 352 14 33 20 503 352.606487306       2.56     -0.93      2.46  0.       -4026.436       1198.369      -2896.200    0.000   0.000   0.000   0.
  2017 352 14 33 21 503 352.606498880       2.53     -0.95      2.52  0.       -4024.588       1196.039      -2897.387    0.000   0.000   0.000   0.
  2017 352 14 33 22 503 352.606510454       2.53     -0.97      2.55  0.       -4022.738       1193.709      -2898.574    0.000   0.000   0.000   0.
  2017 352 14 33 23 503 352.606522028       2.59     -0.95      2.57  0.       -4020.886       1191.378      -2899.760    0.000   0.000   0.000   0.
  2017 352 14 33 24 503 352.606533602       2.64     -0.99      2.58  0.       -4019.034       1189.047      -2900.945    0.000   0.000   0.000   0.
  2017 352 14 33 25 503 352.606545177       2.60     -1.03      2.56  0.       -4017.180       1186.716      -2902.128    0.000   0.000   0.000   0.
  2017 352 14 33 26 503 352.606556751       2.60     -1.03      2.57  0.       -4015.325       1184.384      -2903.312    0.000   0.000   0.000   0.
  2017 352 14 33 27 503 352.606568325       2.60     -1.04      2.55  0.       -4013.468       1182.052      -2904.494    0.000   0.000   0.000   0.
  2017 352 14 33 28 503 352.606579899       2.62     -1.05      2.58  0.       -4011.610       1179.720      -2905.675    0.000   0.000   0.000   0.
  2017 352 14 33 29 503 352.606591472       2.67     -1.02      2.62  0.       -4009.751       1177.387      -2906.855    0.000   0.000   0.000   0.
  2017 352 14 33 30 503 352.606603044       2.68     -1.02      2.67  0.       -4007.891       1175.054      -2908.034    0.000   0.000   0.000   0.
  2017 352 14 33 31 502 352.606614618       2.70     -0.97      2.73  0.       -4006.029       1172.720      -2909.212    0.000   0.000   0.000   0.
  2017 352 14 33 32 502 352.606626192       2.71     -1.05      2.75  0.       -4004.166       1170.386      -2910.390    0.000   0.000   0.000   0.
  2017 352 14 33 33 502 352.606637766       2.78     -1.06      2.76  0.       -4002.302       1168.052      -2911.566    0.000   0.000   0.000   0.
  2017 352 14 33 34 502 352.606649340       2.93     -0.96      2.74  0.       -4000.436       1165.717      -2912.742    0.000   0.000   0.000   0.
  2017 352 14 33 35 502 352.606660914       3.05     -0.81      2.70  0.       -3998.569       1163.382      -2913.916    0.000   0.000   0.000   0.
  2017 352 14 33 36 503 352.606672488       3.10     -0.63      2.66  0.       -3996.701       1161.046      -2915.090    0.000   0.000   0.000   0.
  2017 352 14 33 37 502 352.606684063       3.18     -0.57      2.67  0.       -3994.832       1158.710      -2916.262    0.000   0.000   0.000   0.
  2017 352 14 33 38 502 352.606695637       3.21     -0.66      2.64  0.       -3992.961       1156.375      -2917.434    0.000   0.000   0.000   0.
  2017 352 14 33 39 503 352.606707211       3.28     -0.72      2.63  0.       -3991.089       1154.038      -2918.605    0.000   0.000   0.000   0.
  2017 352 14 33 40 503 352.606718785       3.30     -0.74      2.58  0.       -3989.216       1151.701      -2919.774    0.000   0.000   0.000   0.
  2017 352 14 33 41 503 352.606730359       3.29     -0.71      2.57  0.       -3987.341       1149.363      -2920.943    0.000   0.000   0.000   0.
  2017 352 14 33 42 503 352.606741933       3.32     -0.64      2.56  0.       -3985.465       1147.026      -2922.111    0.000   0.000   0.000   0.
  2017 352 14 33 43 503 352.606753507       3.30     -0.67      2.52  0.       -3983.588       1144.687      -2923.278    0.000   0.000   0.000   0.
  2017 352 14 33 44 502 352.606765081       3.39     -0.66      2.55  0.       -3981.709       1142.349      -2924.444    0.000   0.000   0.000   0.
  2017 352 14 33 45 502 352.606776655       3.40     -0.63      2.56  0.       -3979.829       1140.010      -2925.608    0.000   0.000   0.000   0.
  2017 352 14 33 46 502 352.606788229       3.42     -0.56      2.56  0.       -3977.948       1137.671      -2926.772    0.000   0.000   0.000   0.
  2017 352 14 33 47 502 352.606799803       3.37     -0.56      2.54  0.       -3976.065       1135.331      -2927.935    0.000   0.000   0.000   0.
  2017 352 14 33 48 502 352.606811377       3.39     -0.61      2.49  0.       -3974.181       1132.991      -2929.097    0.000   0.000   0.000   0.
  2017 352 14 33 49 503 352.606822951       3.38     -0.56      2.46  0.       -3972.296       1130.651      -2930.259    0.000   0.000   0.000   0.
  2017 352 14 33 50 503 352.606834525       3.36     -0.55      2.45  0.       -3970.410       1128.310      -2931.419    0.000   0.000   0.000   0.
  2017 352 14 33 51 502 352.606846100       3.38     -0.60      2.48  0.       -3968.522       1125.969      -2932.578    0.000   0.000   0.000   0.
  2017 352 14 33 52 502 352.606857674       3.43     -0.53      2.48  0.       -3966.633       1123.627      -2933.736    0.000   0.000   0.000   0.
  2017 352 14 33 53 503 352.606869248       3.43     -0.48      2.48  0.       -3964.743       1121.286      -2934.893    0.000   0.000   0.000   0.
  2017 352 14 33 54 503 352.606880822       3.42     -0.53      2.49  0.       -3962.851       1118.943      -2936.049    0.000   0.000   0.000   0.
  2017 352 14 33 55 503 352.606892396       3.44     -0.54      2.54  0.       -3960.958       1116.601      -2937.205    0.000   0.000   0.000   0.
  2017 352 14 33 56 503 352.606903970       3.42     -0.48      2.51  0.       -3959.064       1114.258      -2938.359    0.000   0.000   0.000   0.
  2017 352 14 33 57 503 352.606915544       3.37     -0.58      2.47  0.       -3957.168       1111.914      -2939.512    0.000   0.000   0.000   0.
  2017 352 14 33 58 502 352.606927118       3.45     -0.59      2.46  0.       -3955.271       1109.571      -2940.665    0.000   0.000   0.000   0.
  2017 352 14 33 59 502 352.606938692       3.41     -0.56      2.44  0.       -3953.373       1107.227      -2941.816    0.000   0.000   0.000   0.
  2017 352 14 34  0 502 352.606950263       3.46     -0.58      2.43  0.       -3951.474       1104.882      -2942.966    0.000   0.000   0.000   0.
  2017 352 14 34  1 502 352.606961837       3.47     -0.57      2.39  0.       -3949.573       1102.537      -2944.116    0.000   0.000   0.000   0.
  2017 352 14 34  2 502 352.606973411       3.45     -0.53      2.38  0.       -3947.671       1100.192      -2945.264    0.000   0.000   0.000   0.
  2017 352 14 34  3 502 352.606984986       3.46     -0.60      2.38  0.       -3945.767       1097.847      -2946.412    0.000   0.000   0.000   0.
  2017 352 14 34  4 502 352.606996560       3.53     -0.60      2.39  0.       -3943.862       1095.501      -2947.558    0.000   0.000   0.000   0.
  2017 352 14 34  5 502 352.607008134       3.61     -0.54      2.29  0.       -3941.956       1093.155      -2948.704    0.000   0.000   0.000   0.
  2017 352 14 34  6 502 352.607019708       3.69     -0.50      2.26  0.       -3940.049       1090.808      -2949.848    0.000   0.000   0.000   0.
  2017 352 14 34  7 502 352.607031282       3.77     -0.44      2.29  0.       -3938.140       1088.461      -2950.992    0.000   0.000   0.000   0.
  2017 352 14 34  8 502 352.607042856       3.75     -0.39      2.24  0.       -3936.230       1086.114      -2952.134    0.000   0.000   0.000   0.
  2017 352 14 34  9 502 352.607054430       3.76     -0.42      2.26  0.       -3934.319       1083.766      -2953.276    0.000   0.000   0.000   0.
  2017 352 14 34 10 502 352.607066004       3.81     -0.37      2.30  0.       -3932.406       1081.418      -2954.416    0.000   0.000   0.000   0.
  2017 352 14 34 11 502 352.607077578       3.81     -0.34      2.24  0.       -3930.492       1079.069      -2955.556    0.000   0.000   0.000   0.
  2017 352 14 34 12 502 352.607089152       3.79     -0.32      2.26  0.       -3928.577       1076.720      -2956.694    0.000   0.000   0.000   0.
  2017 352 14 34 13 502 352.607100726       3.85     -0.31      2.31  0.       -3926.660       1074.371      -2957.832    0.000   0.000   0.000   0.
  2017 352 14 34 14 502 352.607112300       3.84     -0.22      2.29  0.       -3924.743       1072.022      -2958.968    0.000   0.000   0.000   0.
  2017 352 14 34 15 502 352.607123874       3.80     -0.24      2.30  0.       -3922.823       1069.672      -2960.104    0.000   0.000   0.000   0.
  2017 352 14 34 16 502 352.607135448       3.85     -0.23      2.34  0.       -3920.903       1067.322      -2961.239    0.000   0.000   0.000   0.
  2017 352 14 34 17 502 352.607147023       3.82     -0.14      2.35  0.       -3918.981       1064.971      -2962.372    0.000   0.000   0.000   0.
  2017 352 14 34 18 502 352.607158597       3.81     -0.16      2.35  0.       -3917.058       1062.620      -2963.505    0.000   0.000   0.000   0.
  2017 352 14 34 19 502 352.607170171       3.89     -0.16      2.34  0.       -3915.133       1060.269      -2964.637    0.000   0.000   0.000   0.
  2017 352 14 34 20 502 352.607181745       3.89     -0.13      2.28  0.       -3913.207       1057.917      -2965.767    0.000   0.000   0.000   0.
  2017 352 14 34 21 502 352.607193319       3.86     -0.15      2.26  0.       -3911.280       1055.565      -2966.897    0.000   0.000   0.000   0.
  2017 352 14 34 22 502 352.607204893       3.92     -0.18      2.29  0.       -3909.352       1053.212      -2968.025    0.000   0.000   0.000   0.
  2017 352 14 34 23 502 352.607216467       3.93     -0.12      2.25  0.       -3907.422       1050.860      -2969.153    0.000   0.000   0.000   0.
  2017 352 14 34 24 502 352.607228041       3.90     -0.15      2.21  0.       -3905.491       1048.507      -2970.279    0.000   0.000   0.000   0.
  2017 352 14 34 25 502 352.607239615       3.93     -0.18      2.21  0.       -3903.559       1046.153      -2971.405    0.000   0.000   0.000   0.
  2017 352 14 34 26 502 352.607251189       3.95     -0.12      2.16  0.       -3901.625       1043.799      -2972.529    0.000   0.000   0.000   0.
  2017 352 14 34 27 502 352.607262763       3.97     -0.08      2.23  0.       -3899.690       1041.445      -2973.653    0.000   0.000   0.000   0.
  2017 352 14 34 28 502 352.607274337       4.01     -0.10      2.24  0.       -3897.753       1039.091      -2974.776    0.000   0.000   0.000   0.
  2017 352 14 34 29 502 352.607285911       3.99     -0.05      2.19  0.       -3895.816       1036.736      -2975.897    0.000   0.000   0.000   0.
  2017 352 14 34 30 502 352.607297483       3.94     -0.05      2.16  0.       -3893.877       1034.380      -2977.018    0.000   0.000   0.000   0.
  2017 352 14 34 31 502 352.607309057       3.93     -0.07      2.17  0.       -3891.936       1032.025      -2978.137    0.000   0.000   0.000   0.
  2017 352 14 34 32 502 352.607320631       3.86     -0.04      2.11  0.       -3889.995       1029.669      -2979.256    0.000   0.000   0.000   0.
  2017 352 14 34 33 502 352.607332205       3.81     -0.05      2.10  0.       -3888.052       1027.313      -2980.373    0.000   0.000   0.000   0.
  2017 352 14 34 34 502 352.607343779       3.80     -0.10      2.10  0.       -3886.107       1024.956      -2981.489    0.000   0.000   0.000   0.
  2017 352 14 34 35 502 352.607355353       3.79     -0.10      2.02  0.       -3884.162       1022.599      -2982.605    0.000   0.000   0.000   0.
  2017 352 14 34 36 502 352.607366927       3.75     -0.10      1.98  0.       -3882.215       1020.242      -2983.719    0.000   0.000   0.000   0.
  2017 352 14 34 37 502 352.607378501       3.79     -0.09      2.02  0.       -3880.267       1017.884      -2984.833    0.000   0.000   0.000   0.
  2017 352 14 34 38 502 352.607390075       3.77     -0.06      1.99  0.       -3878.317       1015.526      -2985.945    0.000   0.000   0.000   0.
  2017 352 14 34 39 502 352.607401649       3.74     -0.03      1.99  0.       -3876.366       1013.168      -2987.056    0.000   0.000   0.000   0.
  2017 352 14 34 40 502 352.607413223       3.80     -0.07      2.04  0.       -3874.414       1010.809      -2988.167    0.000   0.000   0.000   0.
  2017 352 14 34 41 502 352.607424797       3.81      0.04      2.03  0.       -3872.460       1008.450      -2989.276    0.000   0.000   0.000   0.
  2017 352 14 34 42 502 352.607436372       3.78      0.02      2.01  0.       -3870.505       1006.090      -2990.384    0.000   0.000   0.000   0.
  2017 352 14 34 43 502 352.607447946       3.81      0.00      2.07  0.       -3868.549       1003.731      -2991.492    0.000   0.000   0.000   0.
  2017 352 14 34 44 502 352.607459520       3.78      0.00      2.05  0.       -3866.592       1001.370      -2992.598    0.000   0.000   0.000   0.
  2017 352 14 34 45 502 352.607471094       3.73      0.03      2.03  0.       -3864.633        999.010      -2993.703    0.000   0.000   0.000   0.
  2017 352 14 34 46 502 352.607482668       3.79      0.01      2.03  0.       -3862.672        996.649      -2994.807    0.000   0.000   0.000   0.
  2017 352 14 34 47 502 352.607494242       3.80      0.05      2.00  0.       -3860.711        994.288      -2995.910    0.000   0.000   0.000   0.
  2017 352 14 34 48 502 352.607505816       3.79      0.01      2.00  0.       -3858.748        991.927      -2997.012    0.000   0.000   0.000   0.
  2017 352 14 34 49 502 352.607517390       3.80     -0.02      2.02  0.       -3856.784        989.565      -2998.113    0.000   0.000   0.000   0.
  2017 352 14 34 50 502 352.607528964       3.81      0.03      1.98  0.       -3854.818        987.203      -2999.213    0.000   0.000   0.000   0.
  2017 352 14 34 51 502 352.607540538       3.80      0.03      1.99  0.       -3852.851        984.840      -3000.312    0.000   0.000   0.000   0.
  2017 352 14 34 52 502 352.607552112       3.81      0.01      2.02  0.       -3850.883        982.477      -3001.410    0.000   0.000   0.000   0.
  2017 352 14 34 53 502 352.607563686       3.84      0.06      2.00  0.       -3848.914        980.114      -3002.507    0.000   0.000   0.000   0.
  2017 352 14 34 54 502 352.607575260       3.82      0.06      2.01  0.       -3846.943        977.751      -3003.603    0.000   0.000   0.000   0.
  2017 352 14 34 55 502 352.607586835       3.86      0.02      2.04  0.       -3844.970        975.387      -3004.698    0.000   0.000   0.000   0.
  2017 352 14 34 56 502 352.607598409       3.84      0.01      1.99  0.       -3842.997        973.022      -3005.792    0.000   0.000   0.000   0.
  2017 352 14 34 57 502 352.607609983       3.81      0.02      1.99  0.       -3841.022        970.658      -3006.884    0.000   0.000   0.000   0.
  2017 352 14 34 58 502 352.607621557       3.85     -0.04      2.00  0.       -3839.046        968.293      -3007.976    0.000   0.000   0.000   0.
  2017 352 14 34 59 502 352.607633131       3.88     -0.03      1.98  0.       -3837.068        965.928      -3009.067    0.000   0.000   0.000   0.
  2017 352 14 35  0 502 352.607644705       3.82     -0.03      1.97  0.       -3835.090        963.562      -3010.156    0.000   0.000   0.000   0.
  2017 352 14 35  1 502 352.607656279       3.85     -0.06      1.98  0.       -3833.109        961.196      -3011.245    0.000   0.000   0.000   0.
  2017 352 14 35  2 502 352.607667850       3.88     -0.07      1.94  0.       -3831.128        958.830      -3012.332    0.000   0.000   0.000   0.
  2017 352 14 35  3 502 352.607679424       3.89     -0.05      1.92  0.       -3829.145        956.464      -3013.419    0.000   0.000   0.000   0.
  2017 352 14 35  4 502 352.607690998       3.94     -0.09      1.90  0.       -3827.161        954.097      -3014.504    0.000   0.000   0.000   0.
  2017 352 14 35  5 502 352.607702572       3.95     -0.07      1.86  0.       -3825.175        951.729      -3015.588    0.000   0.000   0.000   0.
  2017 352 14 35  6 502 352.607714146       3.93     -0.07      1.84  0.       -3823.188        949.362      -3016.672    0.000   0.000   0.000   0.
  2017 352 14 35  7 502 352.607725720       3.98     -0.13      1.87  0.       -3821.200        946.994      -3017.754    0.000   0.000   0.000   0.
  2017 352 14 35  8 502 352.607737295       4.00     -0.15      1.85  0.       -3819.211        944.626      -3018.835    0.000   0.000   0.000   0.
  2017 352 14 35  9 502 352.607748869       3.98     -0.14      1.87  0.       -3817.220        942.257      -3019.915    0.000   0.000   0.000   0.
  2017 352 14 35 10 502 352.607760443       4.06     -0.21      1.89  0.       -3815.227        939.888      -3020.994    0.000   0.000   0.000   0.
  2017 352 14 35 11 502 352.607772017       4.09     -0.20      1.83  0.       -3813.234        937.519      -3022.072    0.000   0.000   0.000   0.
  2017 352 14 35 12 502 352.607783591       4.06     -0.26      1.80  0.       -3811.239        935.149      -3023.149    0.000   0.000   0.000   0.
  2017 352 14 35 13 502 352.607795165       4.08     -0.34      1.84  0.       -3809.243        932.780      -3024.225    0.000   0.000   0.000   0.
  2017 352 14 35 14 502 352.607806739       4.13     -0.29      1.80  0.       -3807.245        930.409      -3025.300    0.000   0.000   0.000   0.
  2017 352 14 35 15 502 352.607818313       4.11     -0.30      1.80  0.       -3805.246        928.039      -3026.373    0.000   0.000   0.000   0.
  2017 352 14 35 16 502 352.607829887       4.16     -0.34      1.81  0.       -3803.246        925.668      -3027.446    0.000   0.000   0.000   0.
  2017 352 14 35 17 502 352.607841461       4.20     -0.31      1.79  0.       -3801.244        923.297      -3028.517    0.000   0.000   0.000   0.
  2017 352 14 35 18 502 352.607853035       4.16     -0.31      1.81  0.       -3799.242        920.925      -3029.588    0.000   0.000   0.000   0.
  2017 352 14 35 19 502 352.607864609       4.14     -0.32      1.85  0.       -3797.237        918.553      -3030.657    0.000   0.000   0.000   0.
  2017 352 14 35 20 502 352.607876183       4.14     -0.25      1.85  0.       -3795.232        916.181      -3031.726    0.000   0.000   0.000   0.
  2017 352 14 35 21 502 352.607887758       4.11     -0.24      1.83  0.       -3793.225        913.809      -3032.793    0.000   0.000   0.000   0.
  2017 352 14 35 22 502 352.607899332       4.15     -0.31      1.85  0.       -3791.216        911.436      -3033.859    0.000   0.000   0.000   0.
  2017 352 14 35 23 502 352.607910906       4.17     -0.31      1.92  0.       -3789.207        909.063      -3034.924    0.000   0.000   0.000   0.
  2017 352 14 35 24 502 352.607922480       4.08     -0.29      1.96  0.       -3787.196        906.689      -3035.988    0.000   0.000   0.000   0.
  2017 352 14 35 25 502 352.607934054       4.02     -0.31      1.93  0.       -3785.184        904.316      -3037.051    0.000   0.000   0.000   0.
  2017 352 14 35 26 502 352.607945628       4.04     -0.23      1.92  0.       -3783.170        901.942      -3038.113    0.000   0.000   0.000   0.
  2017 352 14 35 27 502 352.607957202       3.97     -0.17      1.93  0.       -3781.154        899.567      -3039.174    0.000   0.000   0.000   0.
  2017 352 14 35 28 502 352.607968776       3.98     -0.23      1.95  0.       -3779.138        897.192      -3040.234    0.000   0.000   0.000   0.
  2017 352 14 35 29 502 352.607980350       3.97     -0.19      1.94  0.       -3777.121        894.817      -3041.292    0.000   0.000   0.000   0.
  2017 352 14 35 30 502 352.607991924       3.92     -0.16      1.95  0.       -3775.102        892.442      -3042.350    0.000   0.000   0.000   0.
  2017 352 14 35 31 502 352.608003498       3.88     -0.16      2.00  0.       -3773.081        890.066      -3043.406    0.000   0.000   0.000   0.
  2017 352 14 35 32 502 352.608015069       3.89     -0.05      2.03  0.       -3771.060        887.690      -3044.462    0.000   0.000   0.000   0.
  2017 352 14 35 33 501 352.608026644       3.83     -0.02      1.98  0.       -3769.036        885.314      -3045.516    0.000   0.000   0.000   0.
  2017 352 14 35 34 501 352.608038218       3.84     -0.11      1.95  0.       -3767.012        882.937      -3046.569    0.000   0.000   0.000   0.
  2017 352 14 35 35 502 352.608049792       3.83     -0.14      1.90  0.       -3764.986        880.560      -3047.621    0.000   0.000   0.000   0.
  2017 352 14 35 36 502 352.608061366       3.78     -0.15      1.85  0.       -3762.959        878.183      -3048.672    0.000   0.000   0.000   0.
  2017 352 14 35 37 502 352.608072940       3.75     -0.26      1.84  0.       -3760.931        875.805      -3049.722    0.000   0.000   0.000   0.
  2017 352 14 35 38 502 352.608084514       3.79     -0.24      1.80  0.       -3758.901        873.427      -3050.771    0.000   0.000   0.000   0.
  2017 352 14 35 39 502 352.608096088       3.78     -0.19      1.77  0.       -3756.870        871.049      -3051.819    0.000   0.000   0.000   0.
  2017 352 14 35 40 501 352.608107662       3.75     -0.22      1.80  0.       -3754.837        868.671      -3052.865    0.000   0.000   0.000   0.
  2017 352 14 35 41 501 352.608119236       3.74     -0.15      1.81  0.       -3752.803        866.292      -3053.911    0.000   0.000   0.000   0.
  2017 352 14 35 42 501 352.608130810       3.75     -0.08      1.89  0.       -3750.768        863.913      -3054.955    0.000   0.000   0.000   0.
  2017 352 14 35 43 501 352.608142384       3.81     -0.10      1.94  0.       -3748.732        861.533      -3055.999    0.000   0.000   0.000   0.
  2017 352 14 35 44 501 352.608153958       3.89     -0.09      1.93  0.       -3746.694        859.153      -3057.041    0.000   0.000   0.000   0.
  2017 352 14 35 45 502 352.608165532       3.85     -0.13      1.85  0.       -3744.654        856.773      -3058.082    0.000   0.000   0.000   0.
  2017 352 14 35 46 502 352.608177106       3.84     -0.24      1.81  0.       -3742.614        854.393      -3059.122    0.000   0.000   0.000   0.
  2017 352 14 35 47 501 352.608188681       3.94     -0.28      1.72  0.       -3740.572        852.012      -3060.161    0.000   0.000   0.000   0.
  2017 352 14 35 48 501 352.608200255       3.97     -0.26      1.63  0.       -3738.529        849.631      -3061.199    0.000   0.000   0.000   0.
  2017 352 14 35 49 502 352.608211829       3.99     -0.38      1.57  0.       -3736.484        847.250      -3062.235    0.000   0.000   0.000   0.
  2017 352 14 35 50 502 352.608223403       4.04     -0.42      1.51  0.       -3734.438        844.868      -3063.271    0.000   0.000   0.000   0.
  2017 352 14 35 51 502 352.608234977       4.01     -0.48      1.41  0.       -3732.391        842.486      -3064.305    0.000   0.000   0.000   0.
  2017 352 14 35 52 502 352.608246551       4.00     -0.59      1.33  0.       -3730.342        840.104      -3065.339    0.000   0.000   0.000   0.
  2017 352 14 35 53 502 352.608258125       4.06     -0.69      1.25  0.       -3728.292        837.721      -3066.371    0.000   0.000   0.000   0.
  2017 352 14 35 54 501 352.608269699       4.05     -0.76      1.09  0.       -3726.240        835.339      -3067.402    0.000   0.000   0.000   0.
  2017 352 14 35 55 501 352.608281273       4.00     -0.83      1.00  0.       -3724.188        832.955      -3068.432    0.000   0.000   0.000   0.
  2017 352 14 35 56 501 352.608292847       4.00     -0.85      0.94  0.       -3722.133        830.572      -3069.461    0.000   0.000   0.000   0.
  2017 352 14 35 57 501 352.608304421       3.96     -0.83      0.84  0.       -3720.078        828.188      -3070.489    0.000   0.000   0.000   0.
  2017 352 14 35 58 502 352.608315995       3.96     -0.87      0.74  0.       -3718.021        825.804      -3071.515    0.000   0.000   0.000   0.
  2017 352 14 35 59 502 352.608327569       4.01     -1.01      0.57  0.       -3715.963        823.420      -3072.541    0.000   0.000   0.000   0.
  2017 352 14 36  0 501 352.608339143       3.98     -0.99      0.49  0.       -3713.903        821.035      -3073.565    0.000   0.000   0.000   0.
  2017 352 14 36  1 501 352.608350717       3.98     -1.10      0.41  0.       -3711.842        818.650      -3074.589    0.000   0.000   0.000   0.
  2017 352 14 36  2 501 352.608362289       3.99     -1.14      0.32  0.       -3709.780        816.265      -3075.611    0.000   0.000   0.000   0.
  2017 352 14 36  3 501 352.608373863       3.97     -1.16      0.27  0.       -3707.717        813.879      -3076.632    0.000   0.000   0.000   0.
  2017 352 14 36  4 501 352.608385437       3.96     -1.23      0.27  0.       -3705.652        811.493      -3077.652    0.000   0.000   0.000   0.
  2017 352 14 36  5 501 352.608397011       4.00     -1.28      0.29  0.       -3703.585        809.107      -3078.670    0.000   0.000   0.000   0.
  2017 352 14 36  6 501 352.608408585       4.03     -1.23      0.18  0.       -3701.518        806.721      -3079.688    0.000   0.000   0.000   0.
  2017 352 14 36  7 501 352.608420159       4.03     -1.38      0.05  0.       -3699.449        804.334      -3080.704    0.000   0.000   0.000   0.
  2017 352 14 36  8 501 352.608431733       4.12     -1.60     -0.21  0.       -3697.378        801.947      -3081.720    0.000   0.000   0.000   0.
  2017 352 14 36  9 501 352.608443307       4.08     -1.59     -0.40  0.       -3695.306        799.560      -3082.734    0.000   0.000   0.000   0.
  2017 352 14 36 10 501 352.608454881       3.99     -1.65     -0.46  0.       -3693.233        797.172      -3083.747    0.000   0.000   0.000   0.
  2017 352 14 36 11 501 352.608466455       4.03     -1.76     -0.51  0.       -3691.159        794.784      -3084.759    0.000   0.000   0.000   0.
  2017 352 14 36 12 501 352.608478029       4.03     -1.72     -0.58  0.       -3689.083        792.396      -3085.770    0.000   0.000   0.000   0.
  2017 352 14 36 13 501 352.608489604       4.04     -1.72     -0.66  0.       -3687.006        790.007      -3086.780    0.000   0.000   0.000   0.
  2017 352 14 36 14 501 352.608501178       4.09     -1.69     -0.64  0.       -3684.927        787.618      -3087.788    0.000   0.000   0.000   0.
  2017 352 14 36 15 501 352.608512752       4.17     -1.53     -0.58  0.       -3682.847        785.229      -3088.796    0.000   0.000   0.000   0.
  2017 352 14 36 16 501 352.608524326       4.13     -1.56     -0.58  0.       -3680.766        782.840      -3089.802    0.000   0.000   0.000   0.
  2017 352 14 36 17 501 352.608535900       4.08     -1.64     -0.64  0.       -3678.683        780.450      -3090.807    0.000   0.000   0.000   0.
  2017 352 14 36 18 501 352.608547474       4.06     -1.61     -0.74  0.       -3676.599        778.060      -3091.811    0.000   0.000   0.000   0.
  2017 352 14 36 19 501 352.608559048       4.01     -1.60     -0.73  0.       -3674.514        775.670      -3092.814    0.000   0.000   0.000   0.
  2017 352 14 36 20 501 352.608570622       4.00     -1.57     -0.67  0.       -3672.427        773.279      -3093.815    0.000   0.000   0.000   0.
  2017 352 14 36 21 501 352.608582196       3.96     -1.54     -0.69  0.       -3670.339        770.889      -3094.816    0.000   0.000   0.000   0.
  2017 352 14 36 22 501 352.608593770       3.95     -1.64     -0.64  0.       -3668.250        768.497      -3095.815    0.000   0.000   0.000   0.
  2017 352 14 36 23 501 352.608605344       3.98     -1.52     -0.64  0.       -3666.159        766.106      -3096.813    0.000   0.000   0.000   0.
  2017 352 14 36 24 501 352.608616918       3.95     -1.46     -0.64  0.       -3664.067        763.714      -3097.810    0.000   0.000   0.000   0.
  2017 352 14 36 25 501 352.608628492       3.97     -1.47     -0.60  0.       -3661.973        761.322      -3098.806    0.000   0.000   0.000   0.
  2017 352 14 36 26 501 352.608640067       4.10     -1.57     -0.50  0.       -3659.878        758.930      -3099.801    0.000   0.000   0.000   0.
  2017 352 14 36 27 501 352.608651641       4.18     -1.49     -0.39  0.       -3657.782        756.537      -3100.794    0.000   0.000   0.000   0.
  2017 352 14 36 28 501 352.608663215       4.18     -1.50     -0.35  0.       -3655.684        754.145      -3101.787    0.000   0.000   0.000   0.
  2017 352 14 36 29 501 352.608674789       4.23     -1.49     -0.29  0.       -3653.585        751.752      -3102.778    0.000   0.000   0.000   0.
  2017 352 14 36 30 501 352.608686363       4.30     -1.38     -0.27  0.       -3651.485        749.358      -3103.768    0.000   0.000   0.000   0.
  2017 352 14 36 31 501 352.608697937       4.26     -1.36     -0.32  0.       -3649.383        746.964      -3104.757    0.000   0.000   0.000   0.
  2017 352 14 36 32 501 352.608709508       4.26     -1.39     -0.29  0.       -3647.280        744.570      -3105.745    0.000   0.000   0.000   0.
  2017 352 14 36 33 501 352.608721082       4.27     -1.37     -0.33  0.       -3645.176        742.176      -3106.732    0.000   0.000   0.000   0.
  2017 352 14 36 34 501 352.608732656       4.22     -1.40     -0.42  0.       -3643.070        739.782      -3107.717    0.000   0.000   0.000   0.
  2017 352 14 36 35 501 352.608744230       4.27     -1.43     -0.43  0.       -3640.963        737.387      -3108.701    0.000   0.000   0.000   0.
  2017 352 14 36 36 501 352.608755804       4.29     -1.44     -0.43  0.       -3638.854        734.992      -3109.684    0.000   0.000   0.000   0.
  2017 352 14 36 37 501 352.608767378       4.28     -1.49     -0.40  0.       -3636.744        732.596      -3110.666    0.000   0.000   0.000   0.
  2017 352 14 36 38 501 352.608778953       4.36     -1.52     -0.38  0.       -3634.633        730.201      -3111.647    0.000   0.000   0.000   0.
  2017 352 14 36 39 501 352.608790527       4.38     -1.42     -0.40  0.       -3632.520        727.805      -3112.627    0.000   0.000   0.000   0.
  2017 352 14 36 40 501 352.608802101       4.37     -1.45     -0.40  0.       -3630.406        725.409      -3113.605    0.000   0.000   0.000   0.
  2017 352 14 36 41 501 352.608813675       4.45     -1.48     -0.35  0.       -3628.291        723.012      -3114.582    0.000   0.000   0.000   0.
  2017 352 14 36 42 501 352.608825249       4.49     -1.37     -0.33  0.       -3626.174        720.616      -3115.558    0.000   0.000   0.000   0.
  2017 352 14 36 43 501 352.608836823       4.44     -1.38     -0.31  0.       -3624.056        718.219      -3116.533    0.000   0.000   0.000   0.
  2017 352 14 36 44 501 352.608848397       4.46     -1.42     -0.31  0.       -3621.936        715.821      -3117.507    0.000   0.000   0.000   0.
  2017 352 14 36 45 501 352.608859971       4.50     -1.38     -0.35  0.       -3619.815        713.424      -3118.479    0.000   0.000   0.000   0.
  2017 352 14 36 46 501 352.608871545       4.54     -1.35     -0.39  0.       -3617.693        711.026      -3119.450    0.000   0.000   0.000   0.
  2017 352 14 36 47 501 352.608883119       4.60     -1.41     -0.36  0.       -3615.570        708.628      -3120.421    0.000   0.000   0.000   0.
  2017 352 14 36 48 501 352.608894693       4.71     -1.27     -0.33  0.       -3613.445        706.229      -3121.390    0.000   0.000   0.000   0.
  2017 352 14 36 49 501 352.608906267       4.70     -1.25     -0.32  0.       -3611.318        703.831      -3122.357    0.000   0.000   0.000   0.
  2017 352 14 36 50 501 352.608917841       4.74     -1.34     -0.32  0.       -3609.190        701.432      -3123.324    0.000   0.000   0.000   0.
  2017 352 14 36 51 501 352.608929415       4.75     -1.29     -0.35  0.       -3607.061        699.033      -3124.289    0.000   0.000   0.000   0.
  2017 352 14 36 52 501 352.608940990       4.72     -1.33     -0.34  0.       -3604.931        696.633      -3125.254    0.000   0.000   0.000   0.
  2017 352 14 36 53 501 352.608952564       4.76     -1.42     -0.32  0.       -3602.799        694.234      -3126.217    0.000   0.000   0.000   0.
  2017 352 14 36 54 501 352.608964138       4.77     -1.36     -0.32  0.       -3600.666        691.833      -3127.178    0.000   0.000   0.000   0.
  2017 352 14 36 55 501 352.608975712       4.71     -1.33     -0.35  0.       -3598.531        689.433      -3128.139    0.000   0.000   0.000   0.
  2017 352 14 36 56 501 352.608987286       4.73     -1.38     -0.31  0.       -3596.395        687.033      -3129.098    0.000   0.000   0.000   0.
  2017 352 14 36 57 501 352.608998860       4.75     -1.36     -0.30  0.       -3594.258        684.632      -3130.057    0.000   0.000   0.000   0.
  2017 352 14 36 58 501 352.609010434       4.70     -1.33     -0.28  0.       -3592.119        682.231      -3131.014    0.000   0.000   0.000   0.
  2017 352 14 36 59 501 352.609022008       4.73     -1.34     -0.22  0.       -3589.979        679.830      -3131.969    0.000   0.000   0.000   0.
  2017 352 14 37  0 501 352.609033582       4.76     -1.28     -0.20  0.       -3587.838        677.428      -3132.924    0.000   0.000   0.000   0.
  2017 352 14 37  1 501 352.609045156       4.76     -1.30     -0.17  0.       -3585.695        675.027      -3133.877    0.000   0.000   0.000   0.
  2017 352 14 37  2 501 352.609056727       4.78     -1.36     -0.09  0.       -3583.550        672.625      -3134.829    0.000   0.000   0.000   0.
  2017 352 14 37  3 501 352.609068302       4.84     -1.27     -0.08  0.       -3581.405        670.222      -3135.781    0.000   0.000   0.000   0.
  2017 352 14 37  4 501 352.609079876       4.81     -1.29     -0.04  0.       -3579.258        667.820      -3136.730    0.000   0.000   0.000   0.
  2017 352 14 37  5 501 352.609091450       4.81     -1.31      0.02  0.       -3577.110        665.417      -3137.679    0.000   0.000   0.000   0.
  2017 352 14 37  6 501 352.609103024       4.82     -1.27      0.02  0.       -3574.960        663.014      -3138.626    0.000   0.000   0.000   0.
  2017 352 14 37  7 501 352.609114598       4.80     -1.23      0.04  0.       -3572.809        660.610      -3139.572    0.000   0.000   0.000   0.
  2017 352 14 37  8 501 352.609126172       4.84     -1.30      0.08  0.       -3570.656        658.207      -3140.517    0.000   0.000   0.000   0.
  2017 352 14 37  9 501 352.609137746       4.88     -1.30      0.07  0.       -3568.502        655.803      -3141.461    0.000   0.000   0.000   0.
  2017 352 14 37 10 501 352.609149320       4.83     -1.34      0.09  0.       -3566.347        653.399      -3142.404    0.000   0.000   0.000   0.
  2017 352 14 37 11 501 352.609160894       4.85     -1.33      0.13  0.       -3564.191        650.995      -3143.345    0.000   0.000   0.000   0.
  2017 352 14 37 12 501 352.609172468       4.91     -1.28      0.13  0.       -3562.033        648.590      -3144.285    0.000   0.000   0.000   0.
  2017 352 14 37 13 501 352.609184042       4.92     -1.25      0.17  0.       -3559.873        646.185      -3145.224    0.000   0.000   0.000   0.
  2017 352 14 37 14 501 352.609195616       4.98     -1.23      0.22  0.       -3557.712        643.780      -3146.161    0.000   0.000   0.000   0.
  2017 352 14 37 15 501 352.609207190       5.01     -1.18      0.20  0.       -3555.550        641.375      -3147.098    0.000   0.000   0.000   0.
  2017 352 14 37 16 501 352.609218764       5.02     -1.12      0.21  0.       -3553.387        638.969      -3148.033    0.000   0.000   0.000   0.
  2017 352 14 37 17 501 352.609230339       5.08     -1.09      0.22  0.       -3551.222        636.563      -3148.967    0.000   0.000   0.000   0.
  2017 352 14 37 18 501 352.609241913       5.06     -1.06      0.19  0.       -3549.056        634.157      -3149.900    0.000   0.000   0.000   0.
  2017 352 14 37 19 501 352.609253487       5.04     -1.02      0.19  0.       -3546.888        631.751      -3150.831    0.000   0.000   0.000   0.
  2017 352 14 37 20 501 352.609265061       5.05     -1.03      0.24  0.       -3544.719        629.344      -3151.761    0.000   0.000   0.000   0.
  2017 352 14 37 21 501 352.609276635       5.09     -0.91      0.23  0.       -3542.549        626.937      -3152.691    0.000   0.000   0.000   0.
  2017 352 14 37 22 501 352.609288209       5.08     -0.88      0.26  0.       -3540.377        624.530      -3153.618    0.000   0.000   0.000   0.
  2017 352 14 37 23 501 352.609299783       5.10     -0.88      0.34  0.       -3538.204        622.123      -3154.545    0.000   0.000   0.000   0.
  2017 352 14 37 24 501 352.609311357       5.12     -0.79      0.38  0.       -3536.029        619.715      -3155.470    0.000   0.000   0.000   0.
  2017 352 14 37 25 501 352.609322931       5.06     -0.76      0.38  0.       -3533.853        617.308      -3156.394    0.000   0.000   0.000   0.
  2017 352 14 37 26 501 352.609334505       5.08     -0.76      0.42  0.       -3531.676        614.899      -3157.317    0.000   0.000   0.000   0.
  2017 352 14 37 27 501 352.609346079       5.11     -0.69      0.48  0.       -3529.497        612.491      -3158.239    0.000   0.000   0.000   0.
  2017 352 14 37 28 501 352.609357653       5.05     -0.65      0.46  0.       -3527.317        610.083      -3159.159    0.000   0.000   0.000   0.
  2017 352 14 37 29 501 352.609369227       5.07     -0.73      0.43  0.       -3525.135        607.674      -3160.078    0.000   0.000   0.000   0.
  2017 352 14 37 30 501 352.609380802       5.07     -0.66      0.36  0.       -3522.953        605.265      -3160.996    0.000   0.000   0.000   0.
  2017 352 14 37 31 501 352.609392375       5.05     -0.64      0.34  0.       -3520.768        602.855      -3161.913    0.000   0.000   0.000   0.
  2017 352 14 37 32 501 352.609403947       5.06     -0.68      0.31  0.       -3518.583        600.446      -3162.828    0.000   0.000   0.000   0.
  2017 352 14 37 33 501 352.609415521       5.02     -0.65      0.28  0.       -3516.396        598.036      -3163.742    0.000   0.000   0.000   0.
  2017 352 14 37 34 501 352.609427095       4.98     -0.64      0.26  0.       -3514.207        595.626      -3164.655    0.000   0.000   0.000   0.
  2017 352 14 37 35 501 352.609438669       4.99     -0.69      0.25  0.       -3512.018        593.216      -3165.567    0.000   0.000   0.000   0.
  2017 352 14 37 36 500 352.609450243       5.02     -0.64      0.25  0.       -3509.827        590.806      -3166.477    0.000   0.000   0.000   0.
  2017 352 14 37 37 500 352.609461817       4.97     -0.71      0.20  0.       -3507.634        588.395      -3167.387    0.000   0.000   0.000   0.
  2017 352 14 37 38 500 352.609473391       5.02     -0.70      0.23  0.       -3505.440        585.984      -3168.294    0.000   0.000   0.000   0.
  2017 352 14 37 39 500 352.609484965       5.08     -0.56      0.22  0.       -3503.245        583.573      -3169.201    0.000   0.000   0.000   0.
  2017 352 14 37 40 501 352.609496539       5.10     -0.60      0.21  0.       -3501.048        581.161      -3170.106    0.000   0.000   0.000   0.
  2017 352 14 37 41 501 352.609508113       5.19     -0.60      0.23  0.       -3498.850        578.750      -3171.011    0.000   0.000   0.000   0.
  2017 352 14 37 42 500 352.609519687       5.23     -0.57      0.22  0.       -3496.650        576.338      -3171.913    0.000   0.000   0.000   0.
  2017 352 14 37 43 500 352.609531262       5.16     -0.50      0.19  0.       -3494.450        573.926      -3172.815    0.000   0.000   0.000   0.
  2017 352 14 37 44 500 352.609542836       5.20     -0.42      0.22  0.       -3492.247        571.514      -3173.715    0.000   0.000   0.000   0.
  2017 352 14 37 45 501 352.609554410       5.21     -0.28      0.22  0.       -3490.044        569.101      -3174.614    0.000   0.000   0.000   0.
  2017 352 14 37 46 501 352.609565984       5.12     -0.28      0.19  0.       -3487.839        566.688      -3175.512    0.000   0.000   0.000   0.
  2017 352 14 37 47 501 352.609577558       5.16     -0.29      0.16  0.       -3485.632        564.275      -3176.409    0.000   0.000   0.000   0.
  2017 352 14 37 48 501 352.609589132       5.15     -0.23      0.11  0.       -3483.424        561.862      -3177.304    0.000   0.000   0.000   0.
  2017 352 14 37 49 500 352.609600706       5.09     -0.15      0.04  0.       -3481.215        559.449      -3178.198    0.000   0.000   0.000   0.
  2017 352 14 37 50 500 352.609612280       5.08     -0.18      0.02  0.       -3479.005        557.035      -3179.091    0.000   0.000   0.000   0.
  2017 352 14 37 51 500 352.609623854       5.06     -0.16     -0.03  0.       -3476.793        554.621      -3179.982    0.000   0.000   0.000   0.
  2017 352 14 37 52 500 352.609635428       4.99     -0.22     -0.06  0.       -3474.579        552.207      -3180.873    0.000   0.000   0.000   0.
  2017 352 14 37 53 500 352.609647002       5.01     -0.30     -0.04  0.       -3472.365        549.793      -3181.761    0.000   0.000   0.000   0.
  2017 352 14 37 54 501 352.609658576       5.04     -0.32     -0.07  0.       -3470.149        547.378      -3182.649    0.000   0.000   0.000   0.
  2017 352 14 37 55 501 352.609670150       5.00     -0.38     -0.07  0.       -3467.931        544.964      -3183.535    0.000   0.000   0.000   0.
  2017 352 14 37 56 500 352.609681725       5.04     -0.48     -0.04  0.       -3465.712        542.549      -3184.421    0.000   0.000   0.000   0.
  2017 352 14 37 57 500 352.609693299       5.07     -0.44     -0.01  0.       -3463.492        540.133      -3185.304    0.000   0.000   0.000   0.
  2017 352 14 37 58 501 352.609704873       5.09     -0.47     -0.01  0.       -3461.270        537.718      -3186.187    0.000   0.000   0.000   0.
  2017 352 14 37 59 501 352.609716447       5.11     -0.55      0.06  0.       -3459.047        535.302      -3187.068    0.000   0.000   0.000   0.
  2017 352 14 38  0 501 352.609728021       5.15     -0.46      0.11  0.       -3456.823        532.886      -3187.948    0.000   0.000   0.000   0.
  2017 352 14 38  1 501 352.609739595       5.15     -0.50      0.10  0.       -3454.597        530.471      -3188.827    0.000   0.000   0.000   0.
  2017 352 14 38  2 500 352.609751166       5.24     -0.51      0.12  0.       -3452.369        528.054      -3189.704    0.000   0.000   0.000   0.
  2017 352 14 38  3 500 352.609762740       5.28     -0.48      0.11  0.       -3450.141        525.638      -3190.580    0.000   0.000   0.000   0.
  2017 352 14 38  4 500 352.609774314       5.23     -0.45      0.10  0.       -3447.911        523.221      -3191.455    0.000   0.000   0.000   0.
  2017 352 14 38  5 500 352.609785888       5.29     -0.50      0.10  0.       -3445.679        520.804      -3192.329    0.000   0.000   0.000   0.
  2017 352 14 38  6 500 352.609797462       5.36     -0.46      0.04  0.       -3443.446        518.387      -3193.201    0.000   0.000   0.000   0.
  2017 352 14 38  7 500 352.609809036       5.33     -0.48      0.00  0.       -3441.212        515.970      -3194.072    0.000   0.000   0.000   0.
  2017 352 14 38  8 500 352.609820611       5.33     -0.55     -0.00  0.       -3438.977        513.552      -3194.941    0.000   0.000   0.000   0.
  2017 352 14 38  9 500 352.609832185       5.37     -0.55     -0.02  0.       -3436.739        511.134      -3195.810    0.000   0.000   0.000   0.
  2017 352 14 38 10 500 352.609843759       5.36     -0.53      0.00  0.       -3434.501        508.716      -3196.677    0.000   0.000   0.000   0.
  2017 352 14 38 11 500 352.609855333       5.38     -0.59      0.01  0.       -3432.261        506.298      -3197.542    0.000   0.000   0.000   0.
  2017 352 14 38 12 500 352.609866907       5.39     -0.56     -0.02  0.       -3430.020        503.880      -3198.407    0.000   0.000   0.000   0.
  2017 352 14 38 13 500 352.609878481       5.36     -0.56     -0.05  0.       -3427.778        501.461      -3199.270    0.000   0.000   0.000   0.
  2017 352 14 38 14 500 352.609890055       5.40     -0.56     -0.04  0.       -3425.534        499.042      -3200.132    0.000   0.000   0.000   0.
  2017 352 14 38 15 500 352.609901629       5.40     -0.50     -0.05  0.       -3423.288        496.623      -3200.992    0.000   0.000   0.000   0.
  2017 352 14 38 16 500 352.609913203       5.35     -0.49     -0.05  0.       -3421.041        494.204      -3201.851    0.000   0.000   0.000   0.
  2017 352 14 38 17 500 352.609924777       5.37     -0.48     -0.02  0.       -3418.793        491.785      -3202.709    0.000   0.000   0.000   0.
  2017 352 14 38 18 500 352.609936351       5.37     -0.43     -0.02  0.       -3416.544        489.365      -3203.566    0.000   0.000   0.000   0.
  2017 352 14 38 19 500 352.609947925       5.31     -0.44     -0.04  0.       -3414.293        486.945      -3204.421    0.000   0.000   0.000   0.
  2017 352 14 38 20 500 352.609959499       5.35     -0.47      0.00  0.       -3412.040        484.525      -3205.275    0.000   0.000   0.000   0.
  2017 352 14 38 21 500 352.609971073       5.42     -0.32      0.01  0.       -3409.787        482.105      -3206.128    0.000   0.000   0.000   0.
  2017 352 14 38 22 500 352.609982648       5.41     -0.33      0.05  0.       -3407.532        479.685      -3206.979    0.000   0.000   0.000   0.
  2017 352 14 38 23 500 352.609994222       5.41     -0.34      0.07  0.       -3405.275        477.264      -3207.829    0.000   0.000   0.000   0.
  2017 352 14 38 24 500 352.610005796       5.38     -0.30      0.08  0.       -3403.017        474.843      -3208.678    0.000   0.000   0.000   0.
  2017 352 14 38 25 500 352.610017370       5.34     -0.29      0.05  0.       -3400.758        472.423      -3209.525    0.000   0.000   0.000   0.
  2017 352 14 38 26 500 352.610028944       5.35     -0.29      0.06  0.       -3398.497        470.001      -3210.371    0.000   0.000   0.000   0.
  2017 352 14 38 27 500 352.610040518       5.34     -0.27      0.03  0.       -3396.235        467.580      -3211.216    0.000   0.000   0.000   0.
  2017 352 14 38 28 500 352.610052092       5.33     -0.27      0.00  0.       -3393.971        465.158      -3212.059    0.000   0.000   0.000   0.
  2017 352 14 38 29 500 352.610063666       5.37     -0.22     -0.01  0.       -3391.706        462.737      -3212.901    0.000   0.000   0.000   0.
  2017 352 14 38 30 500 352.610075240       5.38     -0.16     -0.05  0.       -3389.440        460.315      -3213.742    0.000   0.000   0.000   0.
  2017 352 14 38 31 500 352.610086814       5.32     -0.20     -0.07  0.       -3387.172        457.893      -3214.582    0.000   0.000   0.000   0.
  2017 352 14 38 32 500 352.610098385       5.36     -0.16     -0.04  0.       -3384.903        455.470      -3215.420    0.000   0.000   0.000   0.
  2017 352 14 38 33 500 352.610109960       5.33     -0.16     -0.10  0.       -3382.633        453.048      -3216.256    0.000   0.000   0.000   0.
  2017 352 14 38 34 500 352.610121534       5.28     -0.17     -0.08  0.       -3380.360        450.625      -3217.092    0.000   0.000   0.000   0.
  2017 352 14 38 35 500 352.610133108       5.30     -0.16     -0.08  0.       -3378.087        448.202      -3217.926    0.000   0.000   0.000   0.
  2017 352 14 38 36 500 352.610144682       5.30     -0.08     -0.08  0.       -3375.813        445.779      -3218.759    0.000   0.000   0.000   0.
  2017 352 14 38 37 500 352.610156256       5.25     -0.02     -0.10  0.       -3373.536        443.356      -3219.590    0.000   0.000   0.000   0.
  2017 352 14 38 38 500 352.610167830       5.27     -0.01     -0.08  0.       -3371.259        440.932      -3220.420    0.000   0.000   0.000   0.
  2017 352 14 38 39 500 352.610179404       5.26      0.05     -0.07  0.       -3368.980        438.509      -3221.249    0.000   0.000   0.000   0.
  2017 352 14 38 40 500 352.610190978       5.20      0.07     -0.10  0.       -3366.700        436.085      -3222.076    0.000   0.000   0.000   0.
  2017 352 14 38 41 500 352.610202552       5.20      0.04     -0.06  0.       -3364.418        433.661      -3222.902    0.000   0.000   0.000   0.
  2017 352 14 38 42 500 352.610214126       5.18      0.10     -0.05  0.       -3362.135        431.237      -3223.727    0.000   0.000   0.000   0.
  2017 352 14 38 43 500 352.610225700       5.14      0.06     -0.00  0.       -3359.850        428.812      -3224.550    0.000   0.000   0.000   0.
  2017 352 14 38 44 500 352.610237274       5.17      0.01      0.04  0.       -3357.564        426.388      -3225.372    0.000   0.000   0.000   0.
  2017 352 14 38 45 500 352.610248848       5.16      0.08      0.08  0.       -3355.277        423.963      -3226.193    0.000   0.000   0.000   0.
  2017 352 14 38 46 500 352.610260423       5.12      0.06      0.11  0.       -3352.988        421.538      -3227.012    0.000   0.000   0.000   0.
  2017 352 14 38 47 500 352.610271996       5.14      0.04      0.16  0.       -3350.698        419.113      -3227.830    0.000   0.000   0.000   0.
  2017 352 14 38 48 500 352.610283571       5.08      0.08      0.15  0.       -3348.407        416.688      -3228.647    0.000   0.000   0.000   0.
  2017 352 14 38 49 500 352.610295145       5.04      0.08      0.16  0.       -3346.113        414.262      -3229.462    0.000   0.000   0.000   0.
  2017 352 14 38 50 500 352.610306719       5.07      0.04      0.18  0.       -3343.819        411.837      -3230.276    0.000   0.000   0.000   0.
  2017 352 14 38 51 500 352.610318293       5.05      0.10      0.19  0.       -3341.523        409.411      -3231.088    0.000   0.000   0.000   0.
  2017 352 14 38 52 500 352.610329867       5.02      0.14      0.23  0.       -3339.226        406.985      -3231.900    0.000   0.000   0.000   0.
  2017 352 14 38 53 500 352.610341441       5.01      0.12      0.28  0.       -3336.928        404.559      -3232.709    0.000   0.000   0.000   0.
  2017 352 14 38 54 500 352.610353015       5.02      0.15      0.28  0.       -3334.628        402.133      -3233.518    0.000   0.000   0.000   0.
  2017 352 14 38 55 500 352.610364589       4.98      0.14      0.30  0.       -3332.326        399.706      -3234.325    0.000   0.000   0.000   0.
  2017 352 14 38 56 500 352.610376163       5.01      0.11      0.29  0.       -3330.024        397.279      -3235.131    0.000   0.000   0.000   0.
  2017 352 14 38 57 500 352.610387737       4.96      0.16      0.24  0.       -3327.720        394.853      -3235.935    0.000   0.000   0.000   0.
  2017 352 14 38 58 500 352.610399311       4.97      0.18      0.27  0.       -3325.414        392.426      -3236.738    0.000   0.000   0.000   0.
  2017 352 14 38 59 500 352.610410885       4.98      0.15      0.24  0.       -3323.107        389.999      -3237.539    0.000   0.000   0.000   0.
  2017 352 14 39  0 500 352.610422460       4.98      0.24      0.19  0.       -3320.799        387.571      -3238.340    0.000   0.000   0.000   0.
  2017 352 14 39  1 500 352.610434033       4.97      0.22      0.26  0.       -3318.489        385.144      -3239.139    0.000   0.000   0.000   0.
  2017 352 14 39  2 500 352.610445605       4.98      0.15      0.27  0.       -3316.177        382.716      -3239.936    0.000   0.000   0.000   0.
  2017 352 14 39  3 500 352.610457179       4.97      0.14      0.30  0.       -3313.865        380.288      -3240.732    0.000   0.000   0.000   0.
  2017 352 14 39  4 500 352.610468753       4.95      0.06      0.33  0.       -3311.551        377.861      -3241.527    0.000   0.000   0.000   0.
  2017 352 14 39  5 500 352.610480327       4.98      0.02      0.36  0.       -3309.236        375.432      -3242.320    0.000   0.000   0.000   0.
  2017 352 14 39  6 500 352.610491901       5.00      0.06      0.34  0.       -3306.919        373.004      -3243.112    0.000   0.000   0.000   0.
  2017 352 14 39  7 500 352.610503475       4.94      0.02      0.35  0.       -3304.600        370.576      -3243.903    0.000   0.000   0.000   0.
  2017 352 14 39  8 500 352.610515049       4.99      0.03      0.39  0.       -3302.281        368.147      -3244.692    0.000   0.000   0.000   0.
  2017 352 14 39  9 500 352.610526623       4.98      0.05      0.41  0.       -3299.960        365.718      -3245.480    0.000   0.000   0.000   0.
  2017 352 14 39 10 500 352.610538197       4.95     -0.01      0.42  0.       -3297.637        363.289      -3246.266    0.000   0.000   0.000   0.
  2017 352 14 39 11 500 352.610549771       5.00     -0.04      0.47  0.       -3295.313        360.860      -3247.051    0.000   0.000   0.000   0.
  2017 352 14 39 12 500 352.610561345       5.02      0.05      0.47  0.       -3292.988        358.431      -3247.835    0.000   0.000   0.000   0.
  2017 352 14 39 13 500 352.610572920       5.01      0.01      0.50  0.       -3290.662        356.002      -3248.617    0.000   0.000   0.000   0.
  2017 352 14 39 14 500 352.610584494       5.04     -0.03      0.57  0.       -3288.334        353.572      -3249.398    0.000   0.000   0.000   0.
  2017 352 14 39 15 500 352.610596068       5.02      0.01      0.58  0.       -3286.004        351.143      -3250.177    0.000   0.000   0.000   0.
  2017 352 14 39 16 500 352.610607642       5.00     -0.01      0.60  0.       -3283.673        348.713      -3250.956    0.000   0.000   0.000   0.
  2017 352 14 39 17 500 352.610619216       5.01     -0.10      0.62  0.       -3281.341        346.283      -3251.732    0.000   0.000   0.000   0.
  2017 352 14 39 18 500 352.610630790       4.98     -0.09      0.55  0.       -3279.007        343.853      -3252.508    0.000   0.000   0.000   0.
  2017 352 14 39 19 500 352.610642364       4.95     -0.15      0.60  0.       -3276.672        341.422      -3253.281    0.000   0.000   0.000   0.
  2017 352 14 39 20 500 352.610653938       5.00     -0.16      0.63  0.       -3274.335        338.992      -3254.054    0.000   0.000   0.000   0.
  2017 352 14 39 21 500 352.610665512       4.97     -0.13      0.64  0.       -3271.998        336.561      -3254.825    0.000   0.000   0.000   0.
  2017 352 14 39 22 500 352.610677086       4.92     -0.17      0.70  0.       -3269.658        334.131      -3255.595    0.000   0.000   0.000   0.
  2017 352 14 39 23 500 352.610688660       4.98     -0.18      0.73  0.       -3267.317        331.700      -3256.363    0.000   0.000   0.000   0.
  2017 352 14 39 24 500 352.610700234       4.97     -0.15      0.73  0.       -3264.975        329.269      -3257.130    0.000   0.000   0.000   0.
  2017 352 14 39 25 500 352.610711808       4.93     -0.16      0.76  0.       -3262.632        326.838      -3257.895    0.000   0.000   0.000   0.
  2017 352 14 39 26 500 352.610723383       5.00     -0.15      0.77  0.       -3260.287        324.406      -3258.659    0.000   0.000   0.000   0.
  2017 352 14 39 27 500 352.610734957       5.01     -0.16      0.75  0.       -3257.940        321.975      -3259.422    0.000   0.000   0.000   0.
  2017 352 14 39 28 500 352.610746531       5.01     -0.15      0.76  0.       -3255.593        319.543      -3260.183    0.000   0.000   0.000   0.
  2017 352 14 39 29 500 352.610758105       5.07     -0.12      0.81  0.       -3253.243        317.112      -3260.943    0.000   0.000   0.000   0.
  2017 352 14 39 30 500 352.610769679       5.08     -0.10      0.79  0.       -3250.893        314.680      -3261.701    0.000   0.000   0.000   0.
  2017 352 14 39 31 500 352.610781253       5.06     -0.17      0.76  0.       -3248.541        312.248      -3262.458    0.000   0.000   0.000   0.
  2017 352 14 39 32 499 352.610792824       5.17     -0.10      0.77  0.       -3246.187        309.816      -3263.214    0.000   0.000   0.000   0.
  2017 352 14 39 33 499 352.610804398       5.15     -0.07      0.76  0.       -3243.833        307.383      -3263.968    0.000   0.000   0.000   0.
  2017 352 14 39 34 499 352.610815972       5.17     -0.07      0.76  0.       -3241.476        304.951      -3264.721    0.000   0.000   0.000   0.
  2017 352 14 39 35 499 352.610827546       5.23     -0.07      0.78  0.       -3239.119        302.518      -3265.472    0.000   0.000   0.000   0.
  2017 352 14 39 36 500 352.610839120       5.20     -0.05      0.78  0.       -3236.759        300.086      -3266.222    0.000   0.000   0.000   0.
  2017 352 14 39 37 500 352.610850694       5.22     -0.08      0.79  0.       -3234.399        297.653      -3266.970    0.000   0.000   0.000   0.
  2017 352 14 39 38 499 352.610862269       5.24     -0.05      0.75  0.       -3232.037        295.220      -3267.717    0.000   0.000   0.000   0.
  2017 352 14 39 39 499 352.610873843       5.23     -0.01      0.74  0.       -3229.674        292.787      -3268.463    0.000   0.000   0.000   0.
  2017 352 14 39 40 500 352.610885417       5.25     -0.04      0.74  0.       -3227.309        290.354      -3269.207    0.000   0.000   0.000   0.
  2017 352 14 39 41 500 352.610896991       5.29     -0.02      0.72  0.       -3224.943        287.921      -3269.950    0.000   0.000   0.000   0.
  2017 352 14 39 42 500 352.610908565       5.29     -0.00      0.67  0.       -3222.575        285.487      -3270.691    0.000   0.000   0.000   0.
  2017 352 14 39 43 500 352.610920139       5.29     -0.02      0.66  0.       -3220.207        283.054      -3271.431    0.000   0.000   0.000   0.
  2017 352 14 39 44 500 352.610931713       5.37     -0.00      0.65  0.       -3217.836        280.620      -3272.169    0.000   0.000   0.000   0.
  2017 352 14 39 45 499 352.610943287       5.37      0.00      0.55  0.       -3215.464        278.186      -3272.906    0.000   0.000   0.000   0.
  2017 352 14 39 46 499 352.610954861       5.41     -0.00      0.52  0.       -3213.091        275.752      -3273.641    0.000   0.000   0.000   0.
  2017 352 14 39 47 499 352.610966435       5.46      0.03      0.49  0.       -3210.716        273.318      -3274.376    0.000   0.000   0.000   0.
  2017 352 14 39 48 499 352.610978009       5.48      0.07      0.42  0.       -3208.340        270.884      -3275.108    0.000   0.000   0.000   0.
  2017 352 14 39 49 499 352.610989583       5.50      0.03      0.35  0.       -3205.963        268.450      -3275.839    0.000   0.000   0.000   0.
  2017 352 14 39 50 500 352.611001157       5.55      0.07      0.32  0.       -3203.584        266.015      -3276.569    0.000   0.000   0.000   0.
  2017 352 14 39 51 500 352.611012731       5.48      0.07      0.29  0.       -3201.204        263.581      -3277.297    0.000   0.000   0.000   0.
  2017 352 14 39 52 499 352.611024306       5.47      0.03      0.25  0.       -3198.822        261.146      -3278.024    0.000   0.000   0.000   0.
  2017 352 14 39 53 499 352.611035880       5.53      0.12      0.22  0.       -3196.439        258.711      -3278.750    0.000   0.000   0.000   0.
  2017 352 14 39 54 500 352.611047454       5.46      0.15      0.20  0.       -3194.055        256.276      -3279.474    0.000   0.000   0.000   0.
  2017 352 14 39 55 500 352.611059028       5.50      0.08      0.20  0.       -3191.669        253.841      -3280.196    0.000   0.000   0.000   0.
  2017 352 14 39 56 500 352.611070602       5.56      0.12      0.19  0.       -3189.281        251.406      -3280.917    0.000   0.000   0.000   0.
  2017 352 14 39 57 500 352.611082176       5.51      0.08      0.22  0.       -3186.893        248.971      -3281.637    0.000   0.000   0.000   0.
  2017 352 14 39 58 500 352.611093750       5.49      0.04      0.24  0.       -3184.503        246.536      -3282.355    0.000   0.000   0.000   0.
  2017 352 14 39 59 499 352.611105324       5.48      0.05      0.19  0.       -3182.111        244.100      -3283.071    0.000   0.000   0.000   0.
  2017 352 14 40  0 499 352.611116898       5.42      0.06      0.14  0.       -3179.718        241.665      -3283.787    0.000   0.000   0.000   0.
  2017 352 14 40  1 499 352.611128472       5.46      0.04      0.17  0.       -3177.324        239.229      -3284.500    0.000   0.000   0.000   0.
  2017 352 14 40  2 499 352.611140043       5.48      0.08      0.16  0.       -3174.928        236.793      -3285.213    0.000   0.000   0.000   0.
  2017 352 14 40  3 499 352.611151617       5.46      0.08      0.12  0.       -3172.531        234.357      -3285.923    0.000   0.000   0.000   0.
  2017 352 14 40  4 499 352.611163192       5.47      0.01      0.13  0.       -3170.132        231.921      -3286.633    0.000   0.000   0.000   0.
  2017 352 14 40  5 499 352.611174766       5.47      0.02      0.08  0.       -3167.732        229.485      -3287.341    0.000   0.000   0.000   0.
  2017 352 14 40  6 499 352.611186340       5.41      0.02      0.04  0.       -3165.330        227.049      -3288.047    0.000   0.000   0.000   0.
  2017 352 14 40  7 499 352.611197914       5.43      0.02      0.01  0.       -3162.927        224.613      -3288.752    0.000   0.000   0.000   0.
  2017 352 14 40  8 499 352.611209488       5.42      0.07     -0.03  0.       -3160.523        222.176      -3289.455    0.000   0.000   0.000   0.
  2017 352 14 40  9 499 352.611221062       5.32      0.08     -0.11  0.       -3158.118        219.740      -3290.157    0.000   0.000   0.000   0.
  2017 352 14 40 10 499 352.611232636       5.33      0.00     -0.13  0.       -3155.710        217.303      -3290.858    0.000   0.000   0.000   0.
  2017 352 14 40 11 499 352.611244210       5.34      0.05     -0.14  0.       -3153.302        214.867      -3291.557    0.000   0.000   0.000   0.
  2017 352 14 40 12 499 352.611255784       5.25      0.02     -0.10  0.       -3150.892        212.430      -3292.254    0.000   0.000   0.000   0.
  2017 352 14 40 13 499 352.611267358       5.26      0.02     -0.02  0.       -3148.481        209.993      -3292.950    0.000   0.000   0.000   0.
  2017 352 14 40 14 499 352.611278932       5.27      0.10      0.02  0.       -3146.068        207.556      -3293.645    0.000   0.000   0.000   0.
  2017 352 14 40 15 499 352.611290506       5.06      0.06      0.11  0.       -3143.654        205.119      -3294.338    0.000   0.000   0.000   0.
  2017 352 14 40 16 499 352.611302080       5.00      0.00      0.17  0.       -3141.238        202.682      -3295.029    0.000   0.000   0.000   0.
  2017 352 14 40 17 499 352.611313654       4.99      0.01      0.24  0.       -3138.821        200.244      -3295.719    0.000   0.000   0.000   0.
  2017 352 14 40 18 499 352.611325229       4.95     -0.02      0.32  0.       -3136.402        197.807      -3296.408    0.000   0.000   0.000   0.
  2017 352 14 40 19 499 352.611336803       5.03     -0.22      0.42  0.       -3133.983        195.370      -3297.095    0.000   0.000   0.000   0.
  2017 352 14 40 20 499 352.611348377       5.17     -0.09      0.32  0.       -3131.561        192.932      -3297.781    0.000   0.000   0.000   0.
  2017 352 14 40 21 499 352.611359951       5.17      0.05      0.23  0.       -3129.139        190.494      -3298.465    0.000   0.000   0.000   0.
  2017 352 14 40 22 499 352.611371525       5.25      0.15      0.21  0.       -3126.714        188.057      -3299.148    0.000   0.000   0.000   0.
  2017 352 14 40 23 499 352.611383099       5.23      0.25      0.13  0.       -3124.289        185.619      -3299.829    0.000   0.000   0.000   0.
  2017 352 14 40 24 499 352.611394673       5.19      0.27      0.10  0.       -3121.862        183.181      -3300.508    0.000   0.000   0.000   0.
  2017 352 14 40 25 499 352.611406247       5.22      0.28      0.04  0.       -3119.434        180.743      -3301.186    0.000   0.000   0.000   0.
  2017 352 14 40 26 499 352.611417821       5.22      0.35      0.00  0.       -3117.004        178.305      -3301.863    0.000   0.000   0.000   0.
  2017 352 14 40 27 499 352.611429395       5.17      0.40     -0.06  0.       -3114.573        175.867      -3302.538    0.000   0.000   0.000   0.
  2017 352 14 40 28 499 352.611440969       5.16      0.37     -0.11  0.       -3112.140        173.429      -3303.212    0.000   0.000   0.000   0.
  2017 352 14 40 29 499 352.611452543       5.12      0.33     -0.17  0.       -3109.706        170.990      -3303.884    0.000   0.000   0.000   0.
  2017 352 14 40 30 499 352.611464117       5.14      0.22     -0.25  0.       -3107.271        168.552      -3304.554    0.000   0.000   0.000   0.
  2017 352 14 40 31 499 352.611475691       5.21      0.11     -0.32  0.       -3104.834        166.114      -3305.224    0.000   0.000   0.000   0.
  2017 352 14 40 32 499 352.611487263       5.24      0.02     -0.51  0.       -3102.395        163.675      -3305.891    0.000   0.000   0.000   0.
  2017 352 14 40 33 499 352.611498837       5.26     -0.11     -0.55  0.       -3099.956        161.236      -3306.557    0.000   0.000   0.000   0.
  2017 352 14 40 34 499 352.611510411       5.38     -0.20     -0.51  0.       -3097.515        158.798      -3307.222    0.000   0.000   0.000   0.
  2017 352 14 40 35 499 352.611521985       5.39     -0.17     -0.62  0.       -3095.072        156.359      -3307.885    0.000   0.000   0.000   0.
  2017 352 14 40 36 499 352.611533559       5.42     -0.15     -0.67  0.       -3092.628        153.920      -3308.546    0.000   0.000   0.000   0.
  2017 352 14 40 37 499 352.611545133       5.43     -0.12     -0.76  0.       -3090.183        151.481      -3309.206    0.000   0.000   0.000   0.
  2017 352 14 40 38 499 352.611556707       5.44     -0.09     -0.83  0.       -3087.736        149.042      -3309.865    0.000   0.000   0.000   0.
  2017 352 14 40 39 499 352.611568281       5.42     -0.06     -0.80  0.       -3085.288        146.603      -3310.521    0.000   0.000   0.000   0.
  2017 352 14 40 40 499 352.611579855       5.48     -0.09     -0.89  0.       -3082.838        144.164      -3311.177    0.000   0.000   0.000   0.
  2017 352 14 40 41 499 352.611591429       5.46     -0.05     -0.98  0.       -3080.387        141.725      -3311.831    0.000   0.000   0.000   0.
  2017 352 14 40 42 499 352.611603004       5.48     -0.07     -1.01  0.       -3077.935        139.286      -3312.483    0.000   0.000   0.000   0.
  2017 352 14 40 43 499 352.611614578       5.55     -0.02     -1.05  0.       -3075.481        136.847      -3313.134    0.000   0.000   0.000   0.
  2017 352 14 40 44 499 352.611626152       5.51      0.02     -1.06  0.       -3073.025        134.407      -3313.783    0.000   0.000   0.000   0.
  2017 352 14 40 45 499 352.611637726       5.54     -0.00     -1.07  0.       -3070.569        131.968      -3314.431    0.000   0.000   0.000   0.
  2017 352 14 40 46 499 352.611649300       5.59      0.02     -1.07  0.       -3068.110        129.528      -3315.077    0.000   0.000   0.000   0.
  2017 352 14 40 47 499 352.611660874       5.57      0.00     -1.11  0.       -3065.651        127.089      -3315.722    0.000   0.000   0.000   0.
  2017 352 14 40 48 499 352.611672448       5.60     -0.04     -1.16  0.       -3063.190        124.649      -3316.365    0.000   0.000   0.000   0.
  2017 352 14 40 49 499 352.611684022       5.63     -0.05     -1.23  0.       -3060.727        122.209      -3317.007    0.000   0.000   0.000   0.
  2017 352 14 40 50 499 352.611695596       5.59     -0.04     -1.30  0.       -3058.264        119.770      -3317.647    0.000   0.000   0.000   0.
  2017 352 14 40 51 499 352.611707170       5.57     -0.10     -1.31  0.       -3055.799        117.330      -3318.286    0.000   0.000   0.000   0.
  2017 352 14 40 52 499 352.611718744       5.58     -0.08     -1.37  0.       -3053.332        114.890      -3318.923    0.000   0.000   0.000   0.
  2017 352 14 40 53 499 352.611730318       5.55     -0.05     -1.45  0.       -3050.864        112.450      -3319.558    0.000   0.000   0.000   0.
  2017 352 14 40 54 499 352.611741892       5.55     -0.08     -1.48  0.       -3048.394        110.010      -3320.192    0.000   0.000   0.000   0.
  2017 352 14 40 55 499 352.611753466       5.57     -0.06     -1.56  0.       -3045.923        107.570      -3320.824    0.000   0.000   0.000   0.
  2017 352 14 40 56 499 352.611765041       5.52     -0.07     -1.64  0.       -3043.451        105.130      -3321.455    0.000   0.000   0.000   0.
  2017 352 14 40 57 499 352.611776615       5.52     -0.13     -1.72  0.       -3040.977        102.690      -3322.084    0.000   0.000   0.000   0.
  2017 352 14 40 58 499 352.611788189       5.48     -0.15     -1.80  0.       -3038.502        100.250      -3322.712    0.000   0.000   0.000   0.
  2017 352 14 40 59 499 352.611799763       5.39     -0.15     -1.90  0.       -3036.026         97.810      -3323.338    0.000   0.000   0.000   0.
  2017 352 14 41  0 499 352.611811337       5.39     -0.26     -1.95  0.       -3033.548         95.370      -3323.963    0.000   0.000   0.000   0.
  2017 352 14 41  1 499 352.611822911       5.41     -0.22     -1.92  0.       -3031.068         92.929      -3324.586    0.000   0.000   0.000   0.
  2017 352 14 41  2 499 352.611834482       5.37     -0.22     -1.95  0.       -3028.587         90.489      -3325.207    0.000   0.000   0.000   0.
  2017 352 14 41  3 499 352.611846056       5.38     -0.21     -2.05  0.       -3026.105         88.048      -3325.827    0.000   0.000   0.000   0.
  2017 352 14 41  4 499 352.611857630       5.34     -0.16     -2.20  0.       -3023.622         85.608      -3326.446    0.000   0.000   0.000   0.
  2017 352 14 41  5 499 352.611869204       5.23     -0.14     -2.28  0.       -3021.136         83.168      -3327.063    0.000   0.000   0.000   0.
  2017 352 14 41  6 499 352.611880778       5.22     -0.17     -2.40  0.       -3018.650         80.727      -3327.678    0.000   0.000   0.000   0.
  2017 352 14 41  7 499 352.611892352       5.18     -0.13     -2.50  0.       -3016.162         78.287      -3328.291    0.000   0.000   0.000   0.
  2017 352 14 41  8 499 352.611903927       5.10     -0.18     -2.49  0.       -3013.673         75.846      -3328.903    0.000   0.000   0.000   0.
  2017 352 14 41  9 499 352.611915501       5.10     -0.20     -2.51  0.       -3011.182         73.405      -3329.514    0.000   0.000   0.000   0.
  2017 352 14 41 10 499 352.611927075       5.06     -0.16     -2.56  0.       -3008.690         70.965      -3330.123    0.000   0.000   0.000   0.
  2017 352 14 41 11 499 352.611938649       4.98     -0.20     -2.60  0.       -3006.196         68.524      -3330.730    0.000   0.000   0.000   0.
  2017 352 14 41 12 499 352.611950223       4.99     -0.16     -2.58  0.       -3003.701         66.083      -3331.336    0.000   0.000   0.000   0.
  2017 352 14 41 13 499 352.611961797       4.95     -0.08     -2.61  0.       -3001.205         63.643      -3331.940    0.000   0.000   0.000   0.
  2017 352 14 41 14 499 352.611973371       4.91     -0.08     -2.60  0.       -2998.707         61.202      -3332.543    0.000   0.000   0.000   0.
  2017 352 14 41 15 499 352.611984945       4.85     -0.07     -2.62  0.       -2996.208         58.761      -3333.144    0.000   0.000   0.000   0.
  2017 352 14 41 16 499 352.611996519       4.77     -0.10     -2.65  0.       -2993.707         56.320      -3333.744    0.000   0.000   0.000   0.
  2017 352 14 41 17 499 352.612008093       4.73     -0.08     -2.66  0.       -2991.205         53.879      -3334.341    0.000   0.000   0.000   0.
  2017 352 14 41 18 499 352.612019667       4.72     -0.11     -2.67  0.       -2988.701         51.438      -3334.938    0.000   0.000   0.000   0.
  2017 352 14 41 19 499 352.612031241       4.77     -0.07     -2.65  0.       -2986.196         48.997      -3335.532    0.000   0.000   0.000   0.
  2017 352 14 41 20 499 352.612042815       4.76     -0.11     -2.69  0.       -2983.690         46.557      -3336.126    0.000   0.000   0.000   0.
  2017 352 14 41 21 499 352.612054389       4.70     -0.10     -2.75  0.       -2981.182         44.116      -3336.717    0.000   0.000   0.000   0.
  2017 352 14 41 22 499 352.612065964       4.70     -0.07     -2.78  0.       -2978.673         41.675      -3337.307    0.000   0.000   0.000   0.
  2017 352 14 41 23 499 352.612077538       4.69     -0.14     -2.79  0.       -2976.162         39.234      -3337.896    0.000   0.000   0.000   0.
  2017 352 14 41 24 499 352.612089112       4.63     -0.19     -2.81  0.       -2973.650         36.793      -3338.482    0.000   0.000   0.000   0.
  2017 352 14 41 25 499 352.612100686       4.62     -0.26     -2.85  0.       -2971.137         34.351      -3339.067    0.000   0.000   0.000   0.
  2017 352 14 41 26 499 352.612112260       4.56     -0.34     -2.96  0.       -2968.622         31.910      -3339.651    0.000   0.000   0.000   0.
  2017 352 14 41 27 499 352.612123834       4.55     -0.38     -3.03  0.       -2966.106         29.469      -3340.233    0.000   0.000   0.000   0.
  2017 352 14 41 28 499 352.612135408       4.53     -0.44     -3.08  0.       -2963.588         27.028      -3340.813    0.000   0.000   0.000   0.
  2017 352 14 41 29 499 352.612146982       4.48     -0.46     -3.12  0.       -2961.069         24.587      -3341.392    0.000   0.000   0.000   0.
  2017 352 14 41 30 499 352.612158556       4.46     -0.48     -3.13  0.       -2958.548         22.146      -3341.969    0.000   0.000   0.000   0.
  2017 352 14 41 31 499 352.612170130       4.40     -0.43     -3.15  0.       -2956.026         19.705      -3342.545    0.000   0.000   0.000   0.
  2017 352 14 41 32 499 352.612181704       4.39     -0.36     -3.12  0.       -2953.503         17.264      -3343.119    0.000   0.000   0.000   0.
  2017 352 14 41 33 499 352.612193278       4.37     -0.33     -3.10  0.       -2950.978         14.823      -3343.691    0.000   0.000   0.000   0.
  2017 352 14 41 34 498 352.612204850       4.39     -0.27     -3.05  0.       -2948.452         12.381      -3344.262    0.000   0.000   0.000   0.
  2017 352 14 41 35 498 352.612216424       4.37     -0.27     -3.04  0.       -2945.924          9.940      -3344.831    0.000   0.000   0.000   0.
  2017 352 14 41 36 499 352.612227998       4.37     -0.16     -2.94  0.       -2943.395          7.499      -3345.398    0.000   0.000   0.000   0.
  2017 352 14 41 37 499 352.612239572       4.38     -0.09     -2.89  0.       -2940.864          5.058      -3345.964    0.000   0.000   0.000   0.
  2017 352 14 41 38 499 352.612251146       4.38     -0.02     -2.89  0.       -2938.333          2.617      -3346.529    0.000   0.000   0.000   0.
  2017 352 14 41 39 499 352.612262720       4.43      0.07     -2.78  0.       -2935.799          0.175      -3347.091    0.000   0.000   0.000   0.
  2017 352 14 41 40 499 352.612274294       4.47      0.05     -2.81  0.       -2933.265         -2.266      -3347.652    0.000   0.000   0.000   0.
  2017 352 14 41 41 498 352.612285868       4.52      0.15     -2.79  0.       -2930.728         -4.707      -3348.212    0.000   0.000   0.000   0.
  2017 352 14 41 42 498 352.612297442       4.57      0.21     -2.79  0.       -2928.191         -7.148      -3348.770    0.000   0.000   0.000   0.
  2017 352 14 41 43 498 352.612309016       4.69      0.25     -2.82  0.       -2925.652         -9.589      -3349.326    0.000   0.000   0.000   0.
  2017 352 14 41 44 498 352.612320590       4.72      0.23     -2.84  0.       -2923.111        -12.031      -3349.880    0.000   0.000   0.000   0.
  2017 352 14 41 45 498 352.612332164       4.76      0.30     -2.90  0.       -2920.570        -14.472      -3350.433    0.000   0.000   0.000   0.
  2017 352 14 41 46 499 352.612343738       4.82      0.32     -2.94  0.       -2918.026        -16.913      -3350.984    0.000   0.000   0.000   0.
  2017 352 14 41 47 498 352.612355312       4.81      0.24     -3.02  0.       -2915.482        -19.354      -3351.534    0.000   0.000   0.000   0.
  2017 352 14 41 48 498 352.612366887       4.81      0.20     -3.04  0.       -2912.936        -21.795      -3352.082    0.000   0.000   0.000   0.
  2017 352 14 41 49 498 352.612378461       4.84      0.16     -3.03  0.       -2910.388        -24.236      -3352.628    0.000   0.000   0.000   0.
  2017 352 14 41 50 499 352.612390035       4.76      0.15     -3.10  0.       -2907.839        -26.678      -3353.173    0.000   0.000   0.000   0.
  2017 352 14 41 51 499 352.612401609       4.76      0.15     -3.18  0.       -2905.289        -29.119      -3353.716    0.000   0.000   0.000   0.
  2017 352 14 41 52 499 352.612413183       4.67      0.07     -3.29  0.       -2902.737        -31.560      -3354.258    0.000   0.000   0.000   0.
  2017 352 14 41 53 499 352.612424757       4.67     -0.03     -3.32  0.       -2900.184        -34.001      -3354.798    0.000   0.000   0.000   0.
  2017 352 14 41 54 498 352.612436331       4.59     -0.11     -3.35  0.       -2897.629        -36.442      -3355.336    0.000   0.000   0.000   0.
  2017 352 14 41 55 498 352.612447905       4.54     -0.21     -3.44  0.       -2895.073        -38.883      -3355.872    0.000   0.000   0.000   0.
  2017 352 14 41 56 498 352.612459479       4.53     -0.21     -3.48  0.       -2892.516        -41.324      -3356.407    0.000   0.000   0.000   0.
  2017 352 14 41 57 498 352.612471053       4.47     -0.23     -3.54  0.       -2889.957        -43.765      -3356.940    0.000   0.000   0.000   0.
  2017 352 14 41 58 498 352.612482627       4.44     -0.27     -3.62  0.       -2887.397        -46.206      -3357.472    0.000   0.000   0.000   0.
  2017 352 14 41 59 499 352.612494201       4.42     -0.31     -3.68  0.       -2884.835        -48.647      -3358.002    0.000   0.000   0.000   0.
  2017 352 14 42  0 499 352.612505775       4.35     -0.31     -3.76  0.       -2882.272        -51.088      -3358.530    0.000   0.000   0.000   0.
  2017 352 14 42  1 498 352.612517350       4.27     -0.29     -3.81  0.       -2879.707        -53.529      -3359.057    0.000   0.000   0.000   0.
  2017 352 14 42  2 498 352.612528924       4.22     -0.30     -3.87  0.       -2877.141        -55.970      -3359.582    0.000   0.000   0.000   0.
  2017 352 14 42  3 499 352.612540497       4.15     -0.30     -3.93  0.       -2874.574        -58.411      -3360.105    0.000   0.000   0.000   0.
  2017 352 14 42  4 498 352.612552069       4.07     -0.35     -3.94  0.       -2872.005        -60.852      -3360.627    0.000   0.000   0.000   0.
  2017 352 14 42  5 498 352.612563643       4.02     -0.31     -3.99  0.       -2869.435        -63.293      -3361.147    0.000   0.000   0.000   0.
  2017 352 14 42  6 498 352.612575217       3.90     -0.31     -4.06  0.       -2866.863        -65.733      -3361.665    0.000   0.000   0.000   0.
  2017 352 14 42  7 498 352.612586791       3.80     -0.29     -4.10  0.       -2864.290        -68.174      -3362.182    0.000   0.000   0.000   0.
  2017 352 14 42  8 498 352.612598365       3.72     -0.27     -4.18  0.       -2861.716        -70.615      -3362.697    0.000   0.000   0.000   0.
  2017 352 14 42  9 498 352.612609939       3.65     -0.18     -4.18  0.       -2859.140        -73.056      -3363.210    0.000   0.000   0.000   0.
  2017 352 14 42 10 498 352.612621513       3.52     -0.16     -4.24  0.       -2856.563        -75.496      -3363.722    0.000   0.000   0.000   0.
  2017 352 14 42 11 498 352.612633087       3.46     -0.15     -4.28  0.       -2853.984        -77.937      -3364.232    0.000   0.000   0.000   0.
  2017 352 14 42 12 498 352.612644661       3.36     -0.08     -4.33  0.       -2851.404        -80.378      -3364.740    0.000   0.000   0.000   0.
  2017 352 14 42 13 498 352.612656236       3.21     -0.07     -4.36  0.       -2848.822        -82.818      -3365.246    0.000   0.000   0.000   0.
  2017 352 14 42 14 498 352.612667810       3.19     -0.13     -4.41  0.       -2846.239        -85.259      -3365.751    0.000   0.000   0.000   0.
  2017 352 14 42 15 498 352.612679384       3.22     -0.17     -4.37  0.       -2843.655        -87.699      -3366.255    0.000   0.000   0.000   0.
  2017 352 14 42 16 498 352.612690958       3.19     -0.15     -4.33  0.       -2841.069        -90.140      -3366.756    0.000   0.000   0.000   0.
  2017 352 14 42 17 498 352.612702532       3.12     -0.21     -4.27  0.       -2838.482        -92.580      -3367.256    0.000   0.000   0.000   0.
  2017 352 14 42 18 498 352.612714106       3.04     -0.27     -4.24  0.       -2835.893        -95.020      -3367.754    0.000   0.000   0.000   0.
  2017 352 14 42 19 498 352.612725680       2.99     -0.23     -4.25  0.       -2833.303        -97.461      -3368.251    0.000   0.000   0.000   0.
  2017 352 14 42 20 498 352.612737254       2.88     -0.27     -4.27  0.       -2830.712        -99.901      -3368.746    0.000   0.000   0.000   0.
  2017 352 14 42 21 498 352.612748828       2.72     -0.32     -4.35  0.       -2828.119       -102.341      -3369.239    0.000   0.000   0.000   0.
  2017 352 14 42 22 498 352.612760402       2.55     -0.31     -4.39  0.       -2825.525       -104.781      -3369.731    0.000   0.000   0.000   0.
  2017 352 14 42 23 498 352.612771976       2.43     -0.28     -4.38  0.       -2822.929       -107.221      -3370.220    0.000   0.000   0.000   0.
  2017 352 14 42 24 498 352.612783550       2.40     -0.30     -4.37  0.       -2820.332       -109.661      -3370.708    0.000   0.000   0.000   0.
  2017 352 14 42 25 498 352.612795124       2.28     -0.27     -4.43  0.       -2817.733       -112.102      -3371.195    0.000   0.000   0.000   0.
  2017 352 14 42 26 498 352.612806698       2.07     -0.26     -4.47  0.       -2815.134       -114.541      -3371.680    0.000   0.000   0.000   0.
  2017 352 14 42 27 498 352.612818273       1.86     -0.29     -4.50  0.       -2812.532       -116.981      -3372.163    0.000   0.000   0.000   0.
  2017 352 14 42 28 498 352.612829847       1.74     -0.18     -4.53  0.       -2809.929       -119.421      -3372.643    0.000   0.000   0.000   0.
  2017 352 14 42 29 498 352.612841421       1.46     -0.20     -4.54  0.       -2807.325       -121.861      -3373.123    0.000   0.000   0.000   0.
  2017 352 14 42 30 498 352.612852995       1.22     -0.22     -4.48  0.       -2804.720       -124.301      -3373.601    0.000   0.000   0.000   0.
  2017 352 14 42 31 498 352.612864569       0.91     -0.15     -4.34  0.       -2802.112       -126.740      -3374.078    0.000   0.000   0.000   0.
  2017 352 14 42 32 498 352.612876143       0.80     -0.18     -4.10  0.       -2799.504       -129.180      -3374.552    0.000   0.000   0.000   0.
  2017 352 14 42 33 498 352.612887717       0.89     -0.10     -3.77  0.       -2796.894       -131.619      -3375.025    0.000   0.000   0.000   0.
  2017 352 14 42 34 498 352.612899288       1.02     -0.11     -3.48  0.       -2794.283       -134.059      -3375.496    0.000   0.000   0.000   0.
  2017 352 14 42 35 498 352.612910862       1.24     -0.11     -3.21  0.       -2791.670       -136.498      -3375.965    0.000   0.000   0.000   0.
  2017 352 14 42 36 498 352.612922436       1.47     -0.09     -2.95  0.       -2789.056       -138.938      -3376.433    0.000   0.000   0.001   0.
  2017 352 14 42 37 498 352.612934010       1.65     -0.11     -2.74  0.       -2786.441       -141.377      -3376.899    0.000  -0.000   0.001   0.
  2017 352 14 42 38 498 352.612945585       1.83     -0.06     -2.59  0.       -2783.824       -143.816      -3377.363    0.000  -0.001   0.002   0.
  2017 352 14 42 39 498 352.612957159       1.89     -0.05     -2.39  0.       -2781.206       -146.255      -3377.826    0.000  -0.001   0.002   0.
  2017 352 14 42 40 498 352.612968733       1.97     -0.01     -2.20  0.       -2778.586       -148.694      -3378.286    0.000  -0.001   0.003   0.
  2017 352 14 42 41 498 352.612980307       1.99     -0.05     -2.07  0.       -2775.965       -151.133      -3378.745    0.000  -0.001   0.003   0.
  2017 352 14 42 42 498 352.612991881       2.09     -0.01     -2.10  0.       -2773.342       -153.572      -3379.203    0.000  -0.002   0.005   0.
  2017 352 14 42 43 498 352.613003455       2.12      0.02     -2.05  0.       -2770.718       -156.011      -3379.658    0.000  -0.002   0.005   0.
  2017 352 14 42 44 498 352.613015029       2.30     -0.00     -2.15  0.       -2768.093       -158.450      -3380.112    0.000  -0.003   0.007   0.
  2017 352 14 42 45 498 352.613026603       2.36      0.02     -2.21  0.       -2765.466       -160.888      -3380.564    0.000  -0.003   0.008   0.
  2017 352 14 42 46 498 352.613038177       2.42      0.04     -2.33  0.       -2762.838       -163.327      -3381.015    0.000  -0.004   0.011   0.
  2017 352 14 42 47 498 352.613049751       2.64      0.14     -2.52  0.       -2760.208       -165.765      -3381.464    0.000  -0.004   0.011   0.
  2017 352 14 42 48 498 352.613061325       2.69      0.24     -2.60  0.       -2757.577       -168.204      -3381.910    0.000  -0.005   0.014   0.
  2017 352 14 42 49 498 352.613072899       2.77      0.19     -2.81  0.       -2754.945       -170.642      -3382.356    0.000  -0.005   0.015   0.
  2017 352 14 42 50 498 352.613084473       2.82      0.22     -2.78  0.       -2752.311       -173.080      -3382.799    0.000  -0.007   0.019   0.
  2017 352 14 42 51 498 352.613096047       2.95      0.16     -2.81  0.       -2749.675       -175.519      -3383.241    0.000  -0.007   0.020   0.
  2017 352 14 42 52 498 352.613107621       2.92      0.09     -3.03  0.       -2747.039       -177.957      -3383.681    0.000  -0.009   0.024   0.
  2017 352 14 42 53 498 352.613119196       3.08      0.27     -3.02  0.       -2744.401       -180.395      -3384.119    0.000  -0.009   0.025   0.
  2017 352 14 42 54 498 352.613130770       3.22      0.29     -2.99  0.       -2741.761       -182.832      -3384.556    0.000  -0.011   0.029   0.
  2017 352 14 42 55 498 352.613142344       3.19      0.32     -2.98  0.       -2739.120       -185.270      -3384.990    0.000  -0.011   0.030   0.
  2017 352 14 42 56 498 352.613153918       3.29      0.46     -2.89  0.       -2736.478       -187.708      -3385.424    0.000  -0.013   0.036   0.
  2017 352 14 42 57 498 352.613165492       3.30      0.51     -2.89  0.       -2733.834       -190.146      -3385.855    0.000  -0.013   0.037   0.
  2017 352 14 42 58 498 352.613177066       3.26      0.56     -2.78  0.       -2731.189       -192.583      -3386.284    0.000  -0.015   0.042   0.
  2017 352 14 42 59 498 352.613188640       3.24      0.51     -2.81  0.       -2728.542       -195.020      -3386.712    0.000  -0.015   0.043   0.
  2017 352 14 43  0 498 352.613200214       3.26      0.41     -2.99  0.       -2725.894       -197.458      -3387.138    0.000  -0.018   0.048   0.
  2017 352 14 43  1 498 352.613211788       3.35      0.49     -3.04  0.       -2723.245       -199.895      -3387.562    0.000  -0.018   0.049   0.
  2017 352 14 43  2 498 352.613223362       3.45      0.39     -3.07  0.       -2720.594       -202.332      -3387.985    0.000  -0.020   0.054   0.
  2017 352 14 43  3 498 352.613234936       3.39      0.38     -3.05  0.       -2717.942       -204.769      -3388.406    0.000  -0.020   0.055   0.
  2017 352 14 43  4 498 352.613246508       3.48      0.38     -3.07  0.       -2715.288       -207.206      -3388.825    0.000  -0.022   0.059   0.
  2017 352 14 43  5 498 352.613258082       3.51      0.47     -2.99  0.       -2712.634       -209.643      -3389.242    0.000  -0.022   0.060   0.
  2017 352 14 43  6 498 352.613269656       3.60      0.42     -2.98  0.       -2709.977       -212.079      -3389.657    0.000  -0.024   0.066   0.
  2017 352 14 43  7 498 352.613281230       3.64      0.53     -2.91  0.       -2707.319       -214.516      -3390.071    0.000  -0.024   0.067   0.
  2017 352 14 43  8 498 352.613292804       3.68      0.50     -2.94  0.       -2704.660       -216.953      -3390.483    0.000  -0.027   0.074   0.
  2017 352 14 43  9 498 352.613304378       3.75      0.57     -2.90  0.       -2701.999       -219.389      -3390.893    0.000  -0.027   0.075   0.
  2017 352 14 43 10 498 352.613315952       3.74      0.58     -2.84  0.       -2699.337       -221.825      -3391.302    0.000  -0.030   0.083   0.
  2017 352 14 43 11 498 352.613327526       3.84      0.63     -2.87  0.       -2696.674       -224.261      -3391.708    0.000  -0.030   0.084   0.
  2017 352 14 43 12 498 352.613339100       3.93      0.64     -2.87  0.       -2694.009       -226.697      -3392.113    0.000  -0.033   0.092   0.
  2017 352 14 43 13 498 352.613350674       3.94      0.65     -2.86  0.       -2691.342       -229.133      -3392.516    0.000  -0.034   0.093   0.
  2017 352 14 43 14 498 352.613362248       3.98      0.68     -2.86  0.       -2688.675       -231.569      -3392.917    0.000  -0.037   0.102   0.
  2017 352 14 43 15 498 352.613373822       4.05      0.71     -2.87  0.       -2686.006       -234.005      -3393.317    0.000  -0.037   0.103   0.
  2017 352 14 43 16 498 352.613385396       4.10      0.66     -2.84  0.       -2683.335       -236.440      -3393.715    0.000  -0.041   0.111   0.
  2017 352 14 43 17 498 352.613396971       4.13      0.64     -2.81  0.       -2680.663       -238.876      -3394.111    0.000  -0.041   0.112   0.
  2017 352 14 43 18 498 352.613408545       4.14      0.68     -2.77  0.       -2677.990       -241.311      -3394.505    0.000  -0.044   0.120   0.
  2017 352 14 43 19 498 352.613420119       4.15      0.63     -2.79  0.       -2675.315       -243.746      -3394.897    0.000  -0.044   0.121   0.
  2017 352 14 43 20 498 352.613431693       4.19      0.63     -2.80  0.       -2672.639       -246.181      -3395.288    0.000  -0.047   0.129   0.
  2017 352 14 43 21 498 352.613443267       4.24      0.62     -2.84  0.       -2669.961       -248.616      -3395.677    0.000  -0.047   0.130   0.
  2017 352 14 43 22 498 352.613454841       4.20      0.55     -2.88  0.       -2667.283       -251.051      -3396.064    0.000  -0.050   0.137   0.
  2017 352 14 43 23 498 352.613466415       4.21      0.56     -2.92  0.       -2664.602       -253.486      -3396.449    0.000  -0.050   0.138   0.
  2017 352 14 43 24 498 352.613477989       4.25      0.56     -2.88  0.       -2661.920       -255.920      -3396.833    0.000  -0.052   0.144   0.
  2017 352 14 43 25 498 352.613489563       4.23      0.47     -2.86  0.       -2659.237       -258.354      -3397.214    0.000  -0.052   0.145   0.
  2017 352 14 43 26 498 352.613501137       4.26      0.37     -2.94  0.       -2656.553       -260.789      -3397.594    0.000  -0.054   0.149   0.
  2017 352 14 43 27 498 352.613512711       4.30      0.33     -2.99  0.       -2653.867       -263.223      -3397.972    0.000  -0.054   0.149   0.
  2017 352 14 43 28 498 352.613524285       4.31      0.30     -3.04  0.       -2651.179       -265.657      -3398.348    0.000  -0.055   0.152   0.
  2017 352 14 43 29 498 352.613535859       4.37      0.28     -3.08  0.       -2648.491       -268.091      -3398.723    0.000  -0.055   0.152   0.
  2017 352 14 43 30 498 352.613547433       4.37      0.26     -3.09  0.       -2645.800       -270.524      -3399.095    0.000  -0.056   0.153   0.
  2017 352 14 43 31 498 352.613559008       4.36      0.06     -3.10  0.       -2643.109       -272.958      -3399.466    0.000  -0.056   0.153   0.
  2017 352 14 43 32 498 352.613570582       4.39     -0.01     -3.20  0.       -2640.416       -275.391      -3399.835    0.000  -0.056   0.153   0.
  2017 352 14 43 33 498 352.613582155       4.42      0.01     -3.30  0.       -2637.721       -277.825      -3400.202    0.000  -0.056   0.153   0.
  2017 352 14 43 34 498 352.613593727       4.36     -0.02     -3.31  0.       -2635.026       -280.258      -3400.568    0.000  -0.056   0.153   0.
  2017 352 14 43 35 498 352.613605301       4.39     -0.02     -3.34  0.       -2632.328       -282.691      -3400.931    0.000  -0.056   0.153   0.
  2017 352 14 43 36 497 352.613616875       4.35     -0.08     -3.41  0.       -2629.630       -285.124      -3401.293    0.000  -0.056   0.153   0.
  2017 352 14 43 37 497 352.613628449       4.39     -0.05     -3.51  0.       -2626.930       -287.556      -3401.653    0.000  -0.056   0.153   0.
  2017 352 14 43 38 497 352.613640023       4.44     -0.12     -3.54  0.       -2624.228       -289.989      -3402.011    0.000  -0.056   0.153   0.
  2017 352 14 43 39 497 352.613651597       4.39     -0.17     -3.52  0.       -2621.526       -292.421      -3402.368    0.000  -0.056   0.153   0.
  2017 352 14 43 40 497 352.613663171       4.44     -0.20     -3.58  0.       -2618.821       -294.853      -3402.722    0.000  -0.056   0.153   0.
  2017 352 14 43 41 498 352.613674745       4.46     -0.21     -3.60  0.       -2616.116       -297.285      -3403.074    0.000  -0.056   0.153   0.
  2017 352 14 43 42 498 352.613686319       4.47     -0.27     -3.60  0.       -2613.409       -299.717      -3403.426    0.000  -0.056   0.153   0.
  2017 352 14 43 43 497 352.613697893       4.45     -0.29     -3.68  0.       -2610.700       -302.149      -3403.775    0.000  -0.056   0.153   0.
  2017 352 14 43 44 497 352.613709468       4.45     -0.28     -3.76  0.       -2607.991       -304.581      -3404.122    0.000  -0.055   0.152   0.
  2017 352 14 43 45 498 352.613721042       4.45     -0.38     -3.81  0.       -2605.279       -307.012      -3404.467    0.000  -0.055   0.152   0.
  2017 352 14 43 46 498 352.613732616       4.43     -0.34     -3.83  0.       -2602.567       -309.443      -3404.811    0.000  -0.055   0.152   0.
  2017 352 14 43 47 498 352.613744190       4.45     -0.41     -3.87  0.       -2599.853       -311.874      -3405.153    0.000  -0.055   0.152   0.
  2017 352 14 43 48 498 352.613755764       4.47     -0.41     -4.00  0.       -2597.137       -314.305      -3405.492    0.000  -0.055   0.152   0.
  2017 352 14 43 49 498 352.613767338       4.40     -0.34     -4.01  0.       -2594.421       -316.736      -3405.831    0.000  -0.055   0.152   0.
  2017 352 14 43 50 497 352.613778912       4.48     -0.40     -4.07  0.       -2591.702       -319.167      -3406.167    0.000  -0.055   0.152   0.
  2017 352 14 43 51 497 352.613790486       4.41     -0.47     -4.14  0.       -2588.983       -321.597      -3406.501    0.000  -0.055   0.152   0.
  2017 352 14 43 52 497 352.613802060       4.31     -0.44     -4.15  0.       -2586.262       -324.027      -3406.834    0.000  -0.055   0.151   0.
  2017 352 14 43 53 497 352.613813634       4.36     -0.53     -4.20  0.       -2583.539       -326.457      -3407.164    0.000  -0.055   0.151   0.
  2017 352 14 43 54 497 352.613825208       4.29     -0.58     -4.21  0.       -2580.816       -328.887      -3407.493    0.000  -0.055   0.151   0.
  2017 352 14 43 55 498 352.613836782       4.26     -0.54     -4.30  0.       -2578.090       -331.317      -3407.820    0.000  -0.055   0.151   0.
  2017 352 14 43 56 498 352.613848357       4.29     -0.60     -4.40  0.       -2575.364       -333.747      -3408.145    0.000  -0.055   0.151   0.
  2017 352 14 43 57 497 352.613859931       4.19     -0.62     -4.34  0.       -2572.636       -336.176      -3408.468    0.000  -0.055   0.151   0.
  2017 352 14 43 58 497 352.613871505       4.17     -0.67     -4.43  0.       -2569.907       -338.605      -3408.790    0.000  -0.055   0.150   0.
  2017 352 14 43 59 498 352.613883079       4.15     -0.65     -4.52  0.       -2567.176       -341.034      -3409.109    0.000  -0.055   0.150   0.
  2017 352 14 44  0 498 352.613894653       4.10     -0.68     -4.57  0.       -2564.444       -343.463      -3409.427    0.000  -0.055   0.150   0.
  2017 352 14 44  1 498 352.613906227       4.16     -0.75     -4.69  0.       -2561.710       -345.892      -3409.743    0.000  -0.055   0.150   0.
  2017 352 14 44  2 497 352.613917798       4.07     -0.69     -4.76  0.       -2558.975       -348.320      -3410.057    0.000  -0.054   0.150   0.
  2017 352 14 44  3 497 352.613929372       4.09     -0.76     -4.84  0.       -2556.239       -350.748      -3410.369    0.000  -0.054   0.150   0.
  2017 352 14 44  4 497 352.613940946       4.02     -0.80     -4.90  0.       -2553.501       -353.177      -3410.679    0.000  -0.054   0.149   0.
  2017 352 14 44  5 497 352.613952520       3.94     -0.85     -4.99  0.       -2550.762       -355.604      -3410.988    0.000  -0.054   0.149   0.
  2017 352 14 44  6 497 352.613964094       3.90     -1.04     -5.18  0.       -2548.021       -358.032      -3411.294    0.000  -0.054   0.149   0.
  2017 352 14 44  7 497 352.613975668       3.97     -1.25     -5.30  0.       -2545.279       -360.460      -3411.599    0.000  -0.054   0.149   0.
  2017 352 14 44  8 497 352.613987242       3.97     -1.38     -5.22  0.       -2542.536       -362.887      -3411.902    0.000  -0.054   0.148   0.
  2017 352 14 44  9 497 352.613998817       3.93     -1.46     -5.22  0.       -2539.791       -365.314      -3412.203    0.000  -0.054   0.148   0.
  2017 352 14 44 10 497 352.614010391       3.96     -1.53     -5.25  0.       -2537.045       -367.741      -3412.502    0.000  -0.054   0.148   0.
  2017 352 14 44 11 497 352.614021965       3.71     -1.56     -5.24  0.       -2534.298       -370.168      -3412.799    0.000  -0.054   0.148   0.
  2017 352 14 44 12 497 352.614033539       3.85     -1.61     -5.39  0.       -2531.549       -372.594      -3413.094    0.000  -0.054   0.147   0.
  2017 352 14 44 13 497 352.614045113       3.91     -1.71     -5.29  0.       -2528.799       -375.021      -3413.388    0.000  -0.054   0.147   0.
  2017 352 14 44 14 497 352.614056687       3.84     -1.68     -5.24  0.       -2526.047       -377.447      -3413.679    0.000  -0.054   0.147   0.
  2017 352 14 44 15 497 352.614068261       3.79     -1.60     -5.32  0.       -2523.294       -379.872      -3413.969    0.000  -0.054   0.147   0.
  2017 352 14 44 16 497 352.614079835       3.85     -1.58     -5.41  0.       -2520.540       -382.298      -3414.257    0.000  -0.053   0.146   0.
  2017 352 14 44 17 497 352.614091409       3.84     -1.56     -5.31  0.       -2517.784       -384.724      -3414.543    0.000  -0.053   0.146   0.
  2017 352 14 44 18 497 352.614102983       3.77     -1.59     -5.28  0.       -2515.027       -387.149      -3414.827    0.000  -0.053   0.146   0.
  2017 352 14 44 19 497 352.614114557       3.92     -1.59     -5.33  0.       -2512.268       -389.574      -3415.109    0.000  -0.053   0.146   0.
  2017 352 14 44 20 497 352.614126131       3.91     -1.51     -5.19  0.       -2509.508       -391.999      -3415.389    0.000  -0.053   0.145   0.
  2017 352 14 44 21 497 352.614137705       3.78     -1.47     -5.22  0.       -2506.746       -394.423      -3415.668    0.000  -0.053   0.145   0.
  2017 352 14 44 22 497 352.614149279       3.91     -1.44     -5.23  0.       -2503.984       -396.848      -3415.944    0.000  -0.053   0.145   0.
  2017 352 14 44 23 497 352.614160854       3.96     -1.41     -5.12  0.       -2501.220       -399.272      -3416.219    0.000  -0.053   0.145   0.
  2017 352 14 44 24 497 352.614172428       3.90     -1.39     -5.03  0.       -2498.454       -401.696      -3416.491    0.000  -0.053   0.144   0.
  2017 352 14 44 25 497 352.614184002       3.87     -1.43     -4.95  0.       -2495.687       -404.120      -3416.762    0.000  -0.053   0.144   0.
  2017 352 14 44 26 497 352.614195576       3.93     -1.40     -4.99  0.       -2492.919       -406.543      -3417.031    0.000  -0.052   0.144   0.
  2017 352 14 44 27 497 352.614207150       3.83     -1.39     -5.04  0.       -2490.149       -408.967      -3417.298    0.000  -0.052   0.144   0.
  2017 352 14 44 28 497 352.614218724       3.91     -1.42     -5.08  0.       -2487.378       -411.390      -3417.563    0.000  -0.052   0.143   0.
  2017 352 14 44 29 497 352.614230298       3.91     -1.51     -4.99  0.       -2484.606       -413.813      -3417.826    0.000  -0.052   0.143   0.
  2017 352 14 44 30 497 352.614241872       3.88     -1.58     -5.03  0.       -2481.832       -416.235      -3418.087    0.000  -0.052   0.143   0.
  2017 352 14 44 31 497 352.614253446       3.79     -1.63     -5.03  0.       -2479.056       -418.658      -3418.347    0.000  -0.052   0.143   0.
  2017 352 14 44 32 497 352.614265020       3.82     -1.72     -4.97  0.       -2476.280       -421.080      -3418.604    0.000  -0.052   0.142   0.
  2017 352 14 44 33 497 352.614276594       3.77     -1.83     -4.95  0.       -2473.502       -423.502      -3418.860    0.000  -0.052   0.142   0.
  2017 352 14 44 34 497 352.614288165       3.81     -1.86     -4.93  0.       -2470.722       -425.923      -3419.113    0.000  -0.051   0.141   0.
  2017 352 14 44 35 497 352.614299740       3.70     -1.87     -4.90  0.       -2467.942       -428.345      -3419.365    0.000  -0.051   0.141   0.
  2017 352 14 44 36 497 352.614311314       3.50     -1.98     -4.92  0.       -2465.160       -430.766      -3419.615    0.000  -0.051   0.141   0.
  2017 352 14 44 37 497 352.614322888       3.52     -1.99     -4.89  0.       -2462.376       -433.187      -3419.862    0.000  -0.051   0.141   0.
  2017 352 14 44 38 497 352.614334462       3.41     -2.03     -5.01  0.       -2459.591       -435.608      -3420.108    0.000  -0.051   0.140   0.
  2017 352 14 44 39 497 352.614346036       3.48     -2.00     -5.19  0.       -2456.805       -438.028      -3420.352    0.000  -0.051   0.140   0.
  2017 352 14 44 40 497 352.614357610       3.56     -1.97     -5.04  0.       -2454.017       -440.449      -3420.595    0.000  -0.051   0.139   0.
  2017 352 14 44 41 497 352.614369184       3.39     -1.98     -5.05  0.       -2451.228       -442.869      -3420.835    0.000  -0.051   0.139   0.
  2017 352 14 44 42 497 352.614380758       3.42     -1.99     -5.05  0.       -2448.438       -445.288      -3421.073    0.000  -0.050   0.139   0.
  2017 352 14 44 43 497 352.614392332       3.33     -1.95     -5.27  0.       -2445.646       -447.708      -3421.309    0.000  -0.050   0.139   0.
  2017 352 14 44 44 497 352.614403906       3.70     -1.95     -5.36  0.       -2442.853       -450.127      -3421.544    0.000  -0.050   0.138   0.
  2017 352 14 44 45 497 352.614415480       3.59     -2.12     -4.93  0.       -2440.058       -452.546      -3421.776    0.000  -0.050   0.138   0.
  2017 352 14 44 46 497 352.614427054       3.33     -2.14     -5.03  0.       -2437.262       -454.965      -3422.006    0.000  -0.050   0.137   0.
  2017 352 14 44 47 497 352.614438629       3.54     -2.21     -5.12  0.       -2434.465       -457.384      -3422.235    0.000  -0.050   0.137   0.
  2017 352 14 44 48 497 352.614450202       3.50     -2.39     -4.88  0.       -2431.666       -459.802      -3422.462    0.000  -0.050   0.137   0.
  2017 352 14 44 49 497 352.614461777       3.29     -2.51     -4.95  0.       -2428.866       -462.220      -3422.686    0.000  -0.050   0.137   0.
  2017 352 14 44 50 497 352.614473351       3.22     -2.47     -4.90  0.       -2426.065       -464.637      -3422.909    0.000  -0.049   0.136   0.
  2017 352 14 44 51 497 352.614484925       2.97     -2.49     -4.92  0.       -2423.262       -467.055      -3423.130    0.000  -0.049   0.136   0.
  2017 352 14 44 52 497 352.614496499       3.05     -2.42     -5.25  0.       -2420.458       -469.472      -3423.349    0.000  -0.049   0.135   0.
  2017 352 14 44 53 497 352.614508073       3.21     -2.47     -5.08  0.       -2417.652       -471.889      -3423.566    0.000  -0.049   0.135   0.
  2017 352 14 44 54 497 352.614519647       2.86     -2.55     -5.11  0.       -2414.845       -474.306      -3423.781    0.000  -0.049   0.134   0.
  2017 352 14 44 55 497 352.614531221       2.90     -2.39     -5.38  0.       -2412.037       -476.722      -3423.994    0.000  -0.049   0.134   0.
  2017 352 14 44 56 497 352.614542795       2.95     -2.21     -5.43  0.       -2409.227       -479.138      -3424.205    0.000  -0.049   0.134   0.
  2017 352 14 44 57 497 352.614554369       3.12     -2.13     -5.46  0.       -2406.416       -481.554      -3424.414    0.000  -0.049   0.134   0.
  2017 352 14 44 58 497 352.614565943       3.05     -2.26     -5.31  0.       -2403.604       -483.970      -3424.621    0.000  -0.048   0.133   0.
  2017 352 14 44 59 497 352.614577517       3.14     -2.12     -5.47  0.       -2400.790       -486.385      -3424.826    0.000  -0.048   0.133   0.
  2017 352 14 45  0 497 352.614589091       3.20     -2.19     -5.30  0.       -2397.975       -488.800      -3425.029    0.000  -0.048   0.132   0.
  2017 352 14 45  1 497 352.614600666       3.19     -2.08     -5.48  0.       -2395.158       -491.215      -3425.231    0.000  -0.048   0.132   0.
  2017 352 14 45  2 497 352.614612240       3.31     -2.05     -5.46  0.       -2392.340       -493.629      -3425.430    0.000  -0.048   0.131   0.
  2017 352 14 45  3 497 352.614623813       3.33     -2.21     -5.25  0.       -2389.521       -496.044      -3425.627    0.000  -0.048   0.131   0.
  2017 352 14 45  4 497 352.614635385       3.06     -2.40     -5.28  0.       -2386.700       -498.458      -3425.823    0.000  -0.047   0.130   0.
  2017 352 14 45  5 497 352.614646959       3.08     -2.36     -5.41  0.       -2383.878       -500.871      -3426.016    0.000  -0.047   0.130   0.
  2017 352 14 45  6 497 352.614658533       3.08     -2.31     -5.41  0.       -2381.055       -503.285      -3426.208    0.000  -0.047   0.129   0.
  2017 352 14 45  7 497 352.614670107       3.11     -2.20     -5.53  0.       -2378.230       -505.698      -3426.397    0.000  -0.047   0.129   0.
  2017 352 14 45  8 497 352.614681681       3.09     -2.33     -5.54  0.       -2375.404       -508.110      -3426.584    0.000  -0.047   0.129   0.
  2017 352 14 45  9 497 352.614693255       3.13     -2.27     -5.59  0.       -2372.576       -510.523      -3426.770    0.000  -0.047   0.129   0.
  2017 352 14 45 10 497 352.614704829       3.02     -2.37     -5.62  0.       -2369.747       -512.935      -3426.954    0.000  -0.046   0.128   0.
  2017 352 14 45 11 497 352.614716403       2.99     -2.34     -5.64  0.       -2366.917       -515.347      -3427.135    0.000  -0.046   0.128   0.
  2017 352 14 45 12 497 352.614727977       2.99     -2.44     -5.60  0.       -2364.086       -517.759      -3427.315    0.000  -0.046   0.127   0.
  2017 352 14 45 13 497 352.614739552       2.95     -2.47     -5.58  0.       -2361.253       -520.170      -3427.492    0.000  -0.046   0.127   0.
  2017 352 14 45 14 497 352.614751126       3.03     -2.56     -5.53  0.       -2358.418       -522.581      -3427.668    0.000  -0.046   0.126   0.
  2017 352 14 45 15 497 352.614762700       3.01     -2.59     -5.55  0.       -2355.583       -524.992      -3427.841    0.000  -0.046   0.126   0.
  2017 352 14 45 16 497 352.614774274       3.01     -2.74     -5.56  0.       -2352.746       -527.402      -3428.013    0.000  -0.045   0.125   0.
  2017 352 14 45 17 497 352.614785848       3.06     -2.76     -5.54  0.       -2349.907       -529.812      -3428.183    0.000  -0.045   0.125   0.
  2017 352 14 45 18 497 352.614797422       2.98     -2.95     -5.52  0.       -2347.067       -532.222      -3428.351    0.000  -0.045   0.124   0.
  2017 352 14 45 19 497 352.614808996       2.81     -3.15     -5.56  0.       -2344.226       -534.632      -3428.516    0.000  -0.045   0.124   0.
  2017 352 14 45 20 497 352.614820570       2.69     -3.14     -5.74  0.       -2341.384       -537.041      -3428.680    0.000  -0.045   0.123   0.
  2017 352 14 45 21 497 352.614832144       2.71     -2.99     -5.69  0.       -2338.540       -539.450      -3428.841    0.000  -0.045   0.123   0.
  2017 352 14 45 22 497 352.614843718       2.76     -3.27     -5.60  0.       -2335.695       -541.858      -3429.001    0.000  -0.044   0.122   0.
  2017 352 14 45 23 497 352.614855292       2.57     -3.32     -5.68  0.       -2332.848       -544.267      -3429.159    0.000  -0.044   0.122   0.
  2017 352 14 45 24 497 352.614866866       2.52     -3.15     -5.76  0.       -2330.000       -546.674      -3429.315    0.000  -0.044   0.121   0.
  2017 352 14 45 25 497 352.614878440       2.56     -3.11     -5.70  0.       -2327.151       -549.082      -3429.468    0.000  -0.044   0.121   0.
  2017 352 14 45 26 497 352.614890014       2.62     -3.20     -5.75  0.       -2324.300       -551.489      -3429.620    0.000  -0.044   0.120   0.
  2017 352 14 45 27 497 352.614901589       2.55     -3.30     -5.78  0.       -2321.448       -553.896      -3429.770    0.000  -0.044   0.120   0.
  2017 352 14 45 28 497 352.614913163       2.46     -3.26     -5.86  0.       -2318.595       -556.303      -3429.917    0.000  -0.043   0.119   0.
  2017 352 14 45 29 497 352.614924737       2.48     -3.30     -5.80  0.       -2315.740       -558.709      -3430.063    0.000  -0.043   0.119   0.
  2017 352 14 45 30 497 352.614936311       2.39     -3.40     -5.78  0.       -2312.884       -561.115      -3430.207    0.000  -0.043   0.118   0.
  2017 352 14 45 31 497 352.614947885       2.29     -3.30     -5.80  0.       -2310.026       -563.521      -3430.348    0.000  -0.043   0.118   0.
  2017 352 14 45 32 497 352.614959459       2.38     -3.32     -5.83  0.       -2307.168       -565.926      -3430.488    0.000  -0.043   0.117   0.
  2017 352 14 45 33 496 352.614971033       2.37     -3.35     -5.79  0.       -2304.307       -568.332      -3430.626    0.000  -0.043   0.117   0.
  2017 352 14 45 34 496 352.614982604       2.32     -3.29     -5.76  0.       -2301.446       -570.736      -3430.761    0.000  -0.042   0.116   0.
  2017 352 14 45 35 496 352.614994178       2.33     -3.28     -5.75  0.       -2298.583       -573.141      -3430.895    0.000  -0.042   0.116   0.
  2017 352 14 45 36 496 352.615005752       2.24     -3.42     -5.73  0.       -2295.719       -575.545      -3431.026    0.000  -0.042   0.115   0.
  2017 352 14 45 37 497 352.615017326       2.26     -3.43     -5.68  0.       -2292.853       -577.948      -3431.156    0.000  -0.042   0.115   0.
  2017 352 14 45 38 497 352.615028900       2.20     -3.59     -5.69  0.       -2289.986       -580.352      -3431.283    0.000  -0.042   0.114   0.
  2017 352 14 45 39 496 352.615040475       2.19     -3.65     -5.74  0.       -2287.118       -582.755      -3431.409    0.000  -0.042   0.114   0.
  2017 352 14 45 40 496 352.615052049       2.17     -3.70     -5.72  0.       -2284.248       -585.157      -3431.532    0.000  -0.041   0.113   0.
  2017 352 14 45 41 497 352.615063623       2.19     -3.72     -5.74  0.       -2281.377       -587.560      -3431.654    0.000  -0.041   0.113   0.
  2017 352 14 45 42 497 352.615075197       2.20     -3.77     -5.79  0.       -2278.505       -589.962      -3431.773    0.000  -0.041   0.112   0.
  2017 352 14 45 43 497 352.615086771       2.15     -3.86     -5.79  0.       -2275.631       -592.363      -3431.890    0.000  -0.041   0.112   0.
  2017 352 14 45 44 497 352.615098345       2.17     -3.90     -5.84  0.       -2272.756       -594.765      -3432.006    0.000  -0.040   0.111   0.
  2017 352 14 45 45 497 352.615109919       2.11     -4.10     -5.79  0.       -2269.880       -597.165      -3432.119    0.000  -0.040   0.111   0.
  2017 352 14 45 46 496 352.615121493       1.98     -4.27     -5.79  0.       -2267.002       -599.567      -3432.230    0.000  -0.040   0.110   0.
  2017 352 14 45 47 496 352.615133067       1.91     -4.28     -5.83  0.       -2264.123       -601.966      -3432.339    0.000  -0.040   0.110   0.
  2017 352 14 45 48 496 352.615144641       1.97     -4.32     -5.82  0.       -2261.243       -604.367      -3432.447    0.000  -0.040   0.109   0.
  2017 352 14 45 49 496 352.615156215       2.00     -4.38     -5.82  0.       -2258.361       -606.766      -3432.552    0.000  -0.040   0.109   0.
  2017 352 14 45 50 497 352.615167789       1.96     -4.36     -5.80  0.       -2255.478       -609.165      -3432.655    0.000  -0.039   0.108   0.
  2017 352 14 45 51 497 352.615179363       2.05     -4.29     -5.78  0.       -2252.594       -611.564      -3432.756    0.000  -0.039   0.108   0.
  2017 352 14 45 52 497 352.615190937       2.09     -4.29     -5.73  0.       -2249.708       -613.962      -3432.855    0.000  -0.039   0.106   0.
  2017 352 14 45 53 496 352.615202512       2.03     -4.33     -5.72  0.       -2246.821       -616.360      -3432.951    0.000  -0.039   0.106   0.
  2017 352 14 45 54 496 352.615214086       2.01     -4.29     -5.66  0.       -2243.932       -618.758      -3433.046    0.000  -0.038   0.105   0.
  2017 352 14 45 55 497 352.615225660       2.03     -4.27     -5.64  0.       -2241.043       -621.156      -3433.139    0.000  -0.038   0.105   0.
  2017 352 14 45 56 497 352.615237234       2.01     -4.26     -5.61  0.       -2238.151       -623.553      -3433.230    0.000  -0.038   0.104   0.
  2017 352 14 45 57 497 352.615248808       2.05     -4.40     -5.53  0.       -2235.259       -625.949      -3433.319    0.000  -0.038   0.104   0.
  2017 352 14 45 58 497 352.615260382       1.94     -4.48     -5.58  0.       -2232.365       -628.345      -3433.405    0.000  -0.038   0.103   0.
  2017 352 14 45 59 496 352.615271956       1.84     -4.49     -5.56  0.       -2229.470       -630.741      -3433.490    0.000  -0.038   0.103   0.
  2017 352 14 46  0 496 352.615283530       1.83     -4.57     -5.58  0.       -2226.573       -633.137      -3433.572    0.000  -0.037   0.102   0.
  2017 352 14 46  1 496 352.615295104       1.64     -4.60     -5.63  0.       -2223.676       -635.532      -3433.653    0.000  -0.037   0.102   0.
  2017 352 14 46  2 496 352.615306678       1.61     -4.48     -5.73  0.       -2220.776       -637.927      -3433.731    0.000  -0.037   0.100   0.
  2017 352 14 46  3 496 352.615318252       1.58     -4.40     -5.78  0.       -2217.876       -640.321      -3433.808    0.000  -0.037   0.100   0.
  2017 352 14 46  4 496 352.615329823       1.59     -4.37     -5.72  0.       -2214.974       -642.715      -3433.882    0.000  -0.036   0.099   0.
  2017 352 14 46  5 496 352.615341398       1.54     -4.40     -5.78  0.       -2212.071       -645.109      -3433.954    0.000  -0.036   0.099   0.
  2017 352 14 46  6 496 352.615352972       1.50     -4.35     -5.80  0.       -2209.166       -647.502      -3434.024    0.000  -0.036   0.098   0.
  2017 352 14 46  7 496 352.615364546       1.51     -4.26     -5.83  0.       -2206.261       -649.895      -3434.092    0.000  -0.036   0.098   0.
  2017 352 14 46  8 496 352.615376120       1.59     -4.23     -5.80  0.       -2203.353       -652.287      -3434.158    0.000  -0.035   0.097   0.
  2017 352 14 46  9 496 352.615387694       1.57     -4.26     -5.71  0.       -2200.445       -654.679      -3434.222    0.000  -0.035   0.097   0.
  2017 352 14 46 10 496 352.615399268       1.50     -4.32     -5.77  0.       -2197.535       -657.071      -3434.284    0.000  -0.035   0.096   0.
  2017 352 14 46 11 496 352.615410842       1.47     -4.27     -5.78  0.       -2194.623       -659.462      -3434.343    0.000  -0.035   0.096   0.
  2017 352 14 46 12 496 352.615422416       1.49     -4.22     -5.83  0.       -2191.711       -661.853      -3434.401    0.000  -0.034   0.094   0.
  2017 352 14 46 13 496 352.615433990       1.49     -4.25     -5.83  0.       -2188.798       -664.243      -3434.457    0.000  -0.034   0.094   0.
  2017 352 14 46 14 496 352.615445564       1.50     -4.32     -5.85  0.       -2185.882       -666.633      -3434.510    0.000  -0.034   0.093   0.
  2017 352 14 46 15 496 352.615457138       1.48     -4.29     -5.89  0.       -2182.966       -669.023      -3434.561    0.000  -0.034   0.093   0.
  2017 352 14 46 16 496 352.615468712       1.54     -4.29     -5.90  0.       -2180.048       -671.412      -3434.611    0.000  -0.033   0.092   0.
  2017 352 14 46 17 496 352.615480286       1.54     -4.41     -5.86  0.       -2177.129       -673.801      -3434.658    0.000  -0.033   0.092   0.
  2017 352 14 46 18 496 352.615491861       1.49     -4.46     -5.88  0.       -2174.209       -676.189      -3434.703    0.000  -0.033   0.091   0.
  2017 352 14 46 19 496 352.615503435       1.51     -4.44     -5.88  0.       -2171.287       -678.577      -3434.746    0.000  -0.033   0.091   0.
  2017 352 14 46 20 496 352.615515009       1.52     -4.52     -5.79  0.       -2168.364       -680.965      -3434.787    0.000  -0.033   0.089   0.
  2017 352 14 46 21 496 352.615526583       1.54     -4.56     -5.78  0.       -2165.439       -683.352      -3434.826    0.000  -0.033   0.089   0.
  2017 352 14 46 22 496 352.615538157       1.54     -4.55     -5.71  0.       -2162.514       -685.739      -3434.862    0.000  -0.032   0.088   0.
  2017 352 14 46 23 496 352.615549731       1.48     -4.58     -5.70  0.       -2159.586       -688.125      -3434.897    0.000  -0.032   0.088   0.
  2017 352 14 46 24 496 352.615561305       1.47     -4.55     -5.76  0.       -2156.658       -690.511      -3434.929    0.000  -0.032   0.087   0.
  2017 352 14 46 25 496 352.615572879       1.53     -4.54     -5.69  0.       -2153.728       -692.897      -3434.960    0.000  -0.032   0.087   0.
  2017 352 14 46 26 496 352.615584453       1.60     -4.65     -5.65  0.       -2150.797       -695.282      -3434.988    0.000  -0.031   0.086   0.
  2017 352 14 46 27 496 352.615596027       1.57     -4.75     -5.75  0.       -2147.865       -697.667      -3435.014    0.000  -0.031   0.086   0.
  2017 352 14 46 28 496 352.615607601       1.58     -4.78     -5.71  0.       -2144.931       -700.051      -3435.038    0.000  -0.031   0.084   0.
  2017 352 14 46 29 496 352.615619175       1.57     -4.84     -5.71  0.       -2141.996       -702.435      -3435.060    0.000  -0.031   0.084   0.
  2017 352 14 46 30 496 352.615630749       1.62     -4.88     -5.76  0.       -2139.060       -704.818      -3435.080    0.000  -0.030   0.083   0.
  2017 352 14 46 31 496 352.615642323       1.64     -4.86     -5.74  0.       -2136.122       -707.201      -3435.098    0.000  -0.030   0.083   0.
  2017 352 14 46 32 496 352.615653898       1.65     -4.87     -5.65  0.       -2133.183       -709.584      -3435.113    0.000  -0.030   0.081   0.
  2017 352 14 46 33 496 352.615665471       1.53     -4.86     -5.60  0.       -2130.243       -711.966      -3435.127    0.000  -0.030   0.081   0.
  2017 352 14 46 34 496 352.615677043       1.51     -4.81     -5.56  0.       -2127.302       -714.347      -3435.138    0.000  -0.029   0.080   0.
  2017 352 14 46 35 496 352.615688617       1.45     -4.82     -5.54  0.       -2124.359       -716.729      -3435.147    0.000  -0.029   0.080   0.
  2017 352 14 46 36 496 352.615700191       1.40     -4.85     -5.47  0.       -2121.414       -719.109      -3435.154    0.000  -0.029   0.079   0.
  2017 352 14 46 37 496 352.615711765       1.36     -4.96     -5.44  0.       -2118.469       -721.490      -3435.159    0.000  -0.029   0.079   0.
  2017 352 14 46 38 496 352.615723339       1.26     -4.94     -5.51  0.       -2115.522       -723.870      -3435.162    0.000  -0.028   0.078   0.
  2017 352 14 46 39 496 352.615734913       1.18     -4.91     -5.55  0.       -2112.574       -726.249      -3435.163    0.000  -0.028   0.078   0.
  2017 352 14 46 40 496 352.615746487       1.29     -4.71     -5.70  0.       -2109.624       -728.628      -3435.162    0.000  -0.028   0.076   0.
  2017 352 14 46 41 496 352.615758061       1.29     -4.77     -5.71  0.       -2106.674       -731.006      -3435.158    0.000  -0.028   0.076   0.
  2017 352 14 46 42 496 352.615769635       1.25     -4.70     -5.59  0.       -2103.722       -733.385      -3435.152    0.000  -0.027   0.075   0.
  2017 352 14 46 43 496 352.615781210       1.27     -4.70     -5.54  0.       -2100.768       -735.762      -3435.144    0.000  -0.027   0.075   0.
  2017 352 14 46 44 496 352.615792784       1.18     -4.73     -5.51  0.       -2097.814       -738.140      -3435.134    0.000  -0.027   0.073   0.
  2017 352 14 46 45 496 352.615804358       1.12     -4.70     -5.52  0.       -2094.858       -740.516      -3435.122    0.000  -0.027   0.073   0.
  2017 352 14 46 46 496 352.615815932       1.23     -4.74     -5.49  0.       -2091.900       -742.893      -3435.108    0.000  -0.026   0.072   0.
  2017 352 14 46 47 496 352.615827506       1.24     -4.83     -5.45  0.       -2088.942       -745.268      -3435.092    0.000  -0.026   0.072   0.
  2017 352 14 46 48 496 352.615839080       1.20     -4.86     -5.47  0.       -2085.982       -747.644      -3435.073    0.000  -0.026   0.071   0.
  2017 352 14 46 49 496 352.615850654       1.19     -4.91     -5.56  0.       -2083.021       -750.019      -3435.053    0.000  -0.026   0.071   0.
  2017 352 14 46 50 496 352.615862228       1.16     -4.93     -5.53  0.       -2080.058       -752.393      -3435.030    0.000  -0.025   0.069   0.
  2017 352 14 46 51 496 352.615873802       1.11     -4.94     -5.55  0.       -2077.094       -754.767      -3435.005    0.000  -0.025   0.069   0.
  2017 352 14 46 52 496 352.615885376       1.12     -4.88     -5.64  0.       -2074.129       -757.140      -3434.978    0.000  -0.025   0.068   0.
  2017 352 14 46 53 496 352.615896950       1.09     -4.89     -5.67  0.       -2071.163       -759.514      -3434.948    0.000  -0.025   0.068   0.
  2017 352 14 46 54 496 352.615908524       1.04     -4.84     -5.80  0.       -2068.195       -761.886      -3434.917    0.000  -0.024   0.066   0.
  2017 352 14 46 55 496 352.615920098       1.06     -4.75     -5.82  0.       -2065.226       -764.258      -3434.883    0.000  -0.024   0.066   0.
  2017 352 14 46 56 496 352.615931672       1.07     -4.69     -5.87  0.       -2062.256       -766.630      -3434.848    0.000  -0.024   0.065   0.
  2017 352 14 46 57 496 352.615943247       1.10     -4.56     -5.90  0.       -2059.284       -769.001      -3434.810    0.000  -0.024   0.065   0.
  2017 352 14 46 58 496 352.615954821       1.11     -4.52     -5.87  0.       -2056.311       -771.371      -3434.770    0.000  -0.023   0.064   0.
  2017 352 14 46 59 496 352.615966395       1.06     -4.39     -5.99  0.       -2053.337       -773.742      -3434.727    0.000  -0.023   0.064   0.
  2017 352 14 47  0 496 352.615977969       1.18     -4.43     -6.01  0.       -2050.362       -776.111      -3434.683    0.000  -0.023   0.062   0.
  2017 352 14 47  1 496 352.615989543       1.21     -4.49     -5.93  0.       -2047.385       -778.481      -3434.636    0.000  -0.023   0.062   0.
  2017 352 14 47  2 496 352.616001117       1.28     -4.58     -5.91  0.       -2044.407       -780.849      -3434.588    0.000  -0.022   0.061   0.
  2017 352 14 47  3 496 352.616012691       1.23     -4.54     -5.96  0.       -2041.428       -783.217      -3434.537    0.000  -0.022   0.061   0.
  2017 352 14 47  4 496 352.616024262       1.17     -4.38     -6.01  0.       -2038.447       -785.585      -3434.484    0.000  -0.022   0.060   0.
  2017 352 14 47  5 496 352.616035836       1.15     -4.34     -6.11  0.       -2035.465       -787.952      -3434.428    0.000  -0.022   0.060   0.
  2017 352 14 47  6 496 352.616047410       1.09     -4.23     -6.08  0.       -2032.482       -790.319      -3434.371    0.000  -0.021   0.058   0.
  2017 352 14 47  7 496 352.616058984       1.08     -4.22     -6.04  0.       -2029.497       -792.685      -3434.311    0.000  -0.021   0.058   0.
  2017 352 14 47  8 496 352.616070558       1.04     -4.37     -6.02  0.       -2026.512       -795.051      -3434.249    0.000  -0.021   0.057   0.
  2017 352 14 47  9 496 352.616082133       1.13     -4.45     -5.97  0.       -2023.524       -797.416      -3434.186    0.000  -0.021   0.057   0.
  2017 352 14 47 10 496 352.616093707       1.15     -4.50     -6.04  0.       -2020.536       -799.781      -3434.119    0.000  -0.020   0.055   0.
  2017 352 14 47 11 496 352.616105281       1.21     -4.42     -6.13  0.       -2017.546       -802.145      -3434.051    0.000  -0.020   0.055   0.
  2017 352 14 47 12 496 352.616116855       1.36     -4.22     -6.20  0.       -2014.555       -804.509      -3433.980    0.000  -0.020   0.054   0.
  2017 352 14 47 13 496 352.616128429       1.34     -4.25     -6.27  0.       -2011.563       -806.872      -3433.908    0.000  -0.020   0.054   0.
  2017 352 14 47 14 496 352.616140003       1.34     -4.25     -6.30  0.       -2008.570       -809.235      -3433.833    0.000  -0.019   0.052   0.
  2017 352 14 47 15 496 352.616151577       1.16     -4.28     -6.25  0.       -2005.575       -811.597      -3433.756    0.000  -0.019   0.052   0.
  2017 352 14 47 16 496 352.616163151       1.17     -4.18     -6.29  0.       -2002.579       -813.959      -3433.676    0.000  -0.019   0.051   0.
  2017 352 14 47 17 496 352.616174725       1.11     -4.16     -6.27  0.       -1999.582       -816.320      -3433.595    0.000  -0.019   0.051   0.
  2017 352 14 47 18 496 352.616186299       1.20     -4.06     -6.24  0.       -1996.583       -818.680      -3433.511    0.000  -0.018   0.049   0.
  2017 352 14 47 19 496 352.616197873       1.17     -4.12     -6.17  0.       -1993.583       -821.041      -3433.425    0.000  -0.018   0.049   0.
  2017 352 14 47 20 496 352.616209447       1.14     -4.00     -6.32  0.       -1990.582       -823.400      -3433.337    0.000  -0.017   0.048   0.
  2017 352 14 47 21 496 352.616221021       1.13     -3.82     -6.34  0.       -1987.580       -825.759      -3433.247    0.000  -0.017   0.048   0.
  2017 352 14 47 22 496 352.616232595       1.15     -3.93     -6.13  0.       -1984.576       -828.118      -3433.154    0.000  -0.017   0.046   0.
  2017 352 14 47 23 496 352.616244170       1.01     -3.97     -6.26  0.       -1981.571       -830.476      -3433.060    0.000  -0.017   0.046   0.
  2017 352 14 47 24 496 352.616255744       1.03     -4.04     -6.31  0.       -1978.565       -832.833      -3432.963    0.000  -0.016   0.045   0.
  2017 352 14 47 25 496 352.616267318       0.84     -3.97     -6.21  0.       -1975.557       -835.190      -3432.864    0.000  -0.016   0.045   0.
  2017 352 14 47 26 496 352.616278892       0.95     -3.97     -6.33  0.       -1972.548       -837.547      -3432.762    0.000  -0.016   0.044   0.
  2017 352 14 47 27 496 352.616290466       1.01     -4.13     -6.49  0.       -1969.538       -839.903      -3432.659    0.000  -0.016   0.044   0.
  2017 352 14 47 28 496 352.616302040       1.06     -3.85     -6.37  0.       -1966.527       -842.258      -3432.553    0.000  -0.015   0.042   0.
  2017 352 14 47 29 496 352.616313614       1.14     -3.99     -6.47  0.       -1963.514       -844.613      -3432.445    0.000  -0.015   0.042   0.
  2017 352 14 47 30 496 352.616325188       1.18     -3.94     -6.41  0.       -1960.500       -846.967      -3432.335    0.000  -0.015   0.041   0.
  2017 352 14 47 31 496 352.616336762       1.06     -3.93     -6.37  0.       -1957.485       -849.321      -3432.223    0.000  -0.015   0.041   0.
  2017 352 14 47 32 496 352.616348336       1.14     -4.04     -6.35  0.       -1954.469       -851.674      -3432.108    0.000  -0.014   0.040   0.
  2017 352 14 47 33 496 352.616359910       0.95     -4.14     -6.45  0.       -1951.451       -854.027      -3431.991    0.000  -0.014   0.040   0.
  2017 352 14 47 34 496 352.616371481       0.84     -3.89     -6.33  0.       -1948.432       -856.378      -3431.872    0.000  -0.014   0.038   0.
  2017 352 14 47 35 495 352.616383056       0.93     -3.88     -6.47  0.       -1945.412       -858.730      -3431.751    0.000  -0.014   0.038   0.
  2017 352 14 47 36 495 352.616394630       0.91     -3.86     -6.60  0.       -1942.391       -861.081      -3431.627    0.000  -0.013   0.037   0.
  2017 352 14 47 37 496 352.616406204       0.97     -3.78     -6.63  0.       -1939.368       -863.431      -3431.502    0.000  -0.013   0.037   0.
  2017 352 14 47 38 496 352.616417778       0.96     -3.81     -6.62  0.       -1936.344       -865.781      -3431.374    0.000  -0.013   0.035   0.
  2017 352 14 47 39 496 352.616429352       0.94     -3.83     -6.56  0.       -1933.319       -868.131      -3431.243    0.000  -0.013   0.035   0.
  2017 352 14 47 40 496 352.616440926       0.84     -3.85     -6.54  0.       -1930.292       -870.479      -3431.111    0.000  -0.012   0.034   0.
  2017 352 14 47 41 496 352.616452500       0.91     -3.91     -6.53  0.       -1927.265       -872.828      -3430.976    0.000  -0.012   0.034   0.
  2017 352 14 47 42 495 352.616464074       0.98     -4.01     -6.68  0.       -1924.236       -875.175      -3430.839    0.000  -0.012   0.033   0.
  2017 352 14 47 43 495 352.616475648       1.11     -3.99     -6.73  0.       -1921.205       -877.522      -3430.700    0.000  -0.012   0.033   0.
  2017 352 14 47 44 495 352.616487222       1.09     -4.11     -6.65  0.       -1918.174       -879.869      -3430.559    0.000  -0.011   0.031   0.
  2017 352 14 47 45 495 352.616498796       1.01     -4.11     -6.91  0.       -1915.141       -882.215      -3430.415    0.000  -0.011   0.031   0.
  2017 352 14 47 46 496 352.616510370       1.00     -4.04     -7.05  0.       -1912.107       -884.560      -3430.269    0.000  -0.011   0.030   0.
  2017 352 14 47 47 496 352.616521944       0.96     -4.06     -7.06  0.       -1909.072       -886.905      -3430.121    0.000  -0.011   0.030   0.
  2017 352 14 47 48 495 352.616533518       0.91     -4.15     -7.07  0.       -1906.035       -889.249      -3429.971    0.000  -0.010   0.028   0.
  2017 352 14 47 49 495 352.616545093       0.85     -4.26     -7.05  0.       -1902.997       -891.592      -3429.818    0.000  -0.010   0.028   0.
  2017 352 14 47 50 496 352.616556667       0.88     -4.29     -6.93  0.       -1899.958       -893.935      -3429.663    0.000  -0.010   0.027   0.
  2017 352 14 47 51 496 352.616568241       0.89     -4.45     -6.81  0.       -1896.918       -896.278      -3429.506    0.000  -0.010   0.027   0.
  2017 352 14 47 52 496 352.616579815       0.71     -4.48     -6.84  0.       -1893.877       -898.620      -3429.346    0.000  -0.009   0.026   0.
  2017 352 14 47 53 496 352.616591389       0.70     -4.42     -6.90  0.       -1890.834       -900.961      -3429.185    0.000  -0.009   0.026   0.
  2017 352 14 47 54 496 352.616602963       0.57     -4.41     -6.96  0.       -1887.790       -903.302      -3429.021    0.000  -0.009   0.025   0.
  2017 352 14 47 55 495 352.616614537       0.34     -4.42     -7.02  0.       -1884.745       -905.642      -3428.855    0.000  -0.009   0.025   0.
  2017 352 14 47 56 495 352.616626111       0.22     -4.37     -7.09  0.       -1881.698       -907.981      -3428.687    0.000  -0.008   0.023   0.
  2017 352 14 47 57 495 352.616637685       0.14     -4.43     -7.13  0.       -1878.651       -910.320      -3428.516    0.000  -0.008   0.023   0.
  2017 352 14 47 58 495 352.616649259       0.17     -4.46     -7.12  0.       -1875.602       -912.658      -3428.343    0.000  -0.008   0.022   0.
  2017 352 14 47 59 495 352.616660833       0.19     -4.56     -7.02  0.       -1872.551       -914.996      -3428.168    0.000  -0.008   0.022   0.
  2017 352 14 48  0 496 352.616672407       0.14     -4.68     -6.96  0.       -1869.500       -917.333      -3427.991    0.000  -0.007   0.021   0.
  2017 352 14 48  1 496 352.616683981       0.06     -4.66     -7.00  0.       -1866.447       -919.669      -3427.811    0.000  -0.007   0.021   0.
  2017 352 14 48  2 495 352.616695556      -0.01     -4.67     -7.03  0.       -1863.393       -922.005      -3427.629    0.000  -0.007   0.020   0.
  2017 352 14 48  3 495 352.616707129      -0.19     -4.70     -7.17  0.       -1860.338       -924.341      -3427.445    0.000  -0.007   0.020   0.
  2017 352 14 48  4 495 352.616718701      -0.30     -4.67     -7.26  0.       -1857.282       -926.676      -3427.258    0.000  -0.007   0.018   0.
  2017 352 14 48  5 495 352.616730275      -0.34     -4.66     -7.26  0.       -1854.224       -929.010      -3427.069    0.000  -0.007   0.018   0.
  2017 352 14 48  6 495 352.616741849      -0.25     -4.78     -7.27  0.       -1851.165       -931.343      -3426.878    0.000  -0.006   0.017   0.
  2017 352 14 48  7 495 352.616753423      -0.27     -4.75     -7.34  0.       -1848.105       -933.676      -3426.685    0.000  -0.006   0.017   0.
  2017 352 14 48  8 495 352.616764997      -0.16     -4.76     -7.22  0.       -1845.044       -936.008      -3426.489    0.000  -0.006   0.016   0.
  2017 352 14 48  9 495 352.616776571      -0.21     -4.86     -7.20  0.       -1841.982       -938.340      -3426.291    0.000  -0.006   0.016   0.
  2017 352 14 48 10 495 352.616788145      -0.22     -4.88     -7.23  0.       -1838.918       -940.671      -3426.091    0.000  -0.005   0.014   0.
  2017 352 14 48 11 495 352.616799719      -0.36     -4.90     -7.28  0.       -1835.853       -943.001      -3425.888    0.000  -0.005   0.014   0.
  2017 352 14 48 12 495 352.616811293      -0.49     -4.85     -7.23  0.       -1832.787       -945.331      -3425.684    0.000  -0.005   0.014   0.
  2017 352 14 48 13 495 352.616822867      -0.62     -4.80     -7.19  0.       -1829.719       -947.660      -3425.476    0.000  -0.005   0.014   0.
  2017 352 14 48 14 495 352.616834442      -0.66     -4.75     -7.16  0.       -1826.651       -949.988      -3425.267    0.000  -0.005   0.013   0.
  2017 352 14 48 15 495 352.616846016      -0.68     -4.76     -7.10  0.       -1823.581       -952.316      -3425.056    0.000  -0.005   0.013   0.
  2017 352 14 48 16 495 352.616857590      -0.67     -4.83     -7.02  0.       -1820.510       -954.644      -3424.842    0.000  -0.004   0.011   0.
  2017 352 14 48 17 495 352.616869164      -0.78     -4.91     -7.02  0.       -1817.438       -956.970      -3424.625    0.000  -0.004   0.011   0.
  2017 352 14 48 18 495 352.616880738      -0.87     -4.98     -7.00  0.       -1814.364       -959.296      -3424.407    0.000  -0.004   0.010   0.
  2017 352 14 48 19 495 352.616892312      -1.00     -5.06     -6.96  0.       -1811.289       -961.621      -3424.186    0.000  -0.004   0.010   0.
  2017 352 14 48 20 495 352.616903886      -1.09     -5.06     -6.95  0.       -1808.213       -963.946      -3423.963    0.000  -0.003   0.010   0.
  2017 352 14 48 21 495 352.616915460      -1.10     -5.13     -6.93  0.       -1805.136       -966.270      -3423.737    0.000  -0.003   0.010   0.
  2017 352 14 48 22 495 352.616927034      -1.11     -5.27     -6.94  0.       -1802.058       -968.593      -3423.510    0.000  -0.003   0.008   0.
  2017 352 14 48 23 495 352.616938608      -1.16     -5.35     -6.94  0.       -1798.978       -970.916      -3423.280    0.000  -0.003   0.008   0.
  2017 352 14 48 24 495 352.616950182      -1.26     -5.46     -6.91  0.       -1795.897       -973.238      -3423.047    0.000  -0.003   0.008   0.
  2017 352 14 48 25 495 352.616961756      -1.34     -5.46     -6.92  0.       -1792.815       -975.560      -3422.813    0.000  -0.003   0.008   0.
  2017 352 14 48 26 495 352.616973330      -1.37     -5.47     -6.89  0.       -1789.732       -977.880      -3422.576    0.000  -0.002   0.007   0.
  2017 352 14 48 27 495 352.616984905      -1.43     -5.50     -6.97  0.       -1786.648       -980.201      -3422.336    0.000  -0.002   0.007   0.
  2017 352 14 48 28 495 352.616996479      -1.48     -5.64     -7.04  0.       -1783.562       -982.520      -3422.095    0.000  -0.002   0.006   0.
  2017 352 14 48 29 495 352.617008053      -1.56     -5.67     -7.01  0.       -1780.475       -984.839      -3421.851    0.000  -0.002   0.006   0.
  2017 352 14 48 30 495 352.617019627      -1.68     -5.77     -6.99  0.       -1777.387       -987.157      -3421.605    0.000  -0.002   0.005   0.
  2017 352 14 48 31 495 352.617031201      -1.88     -5.82     -7.07  0.       -1774.298       -989.474      -3421.356    0.000  -0.002   0.005   0.
  2017 352 14 48 32 495 352.617042775      -2.04     -5.83     -7.16  0.       -1771.208       -991.791      -3421.105    0.000  -0.001   0.004   0.
  2017 352 14 48 33 495 352.617054349      -2.26     -5.92     -7.14  0.       -1768.116       -994.107      -3420.852    0.000  -0.001   0.004   0.
  2017 352 14 48 34 495 352.617065920      -2.57     -5.96     -7.07  0.       -1765.023       -996.423      -3420.597    0.000  -0.001   0.003   0.
  2017 352 14 48 35 495 352.617077494      -2.73     -5.85     -6.96  0.       -1761.929       -998.737      -3420.339    0.000  -0.001   0.003   0.
  2017 352 14 48 36 495 352.617089068      -2.74     -5.78     -6.91  0.       -1758.834      -1001.052      -3420.079    0.000  -0.001   0.002   0.
  2017 352 14 48 37 495 352.617100642      -2.72     -5.69     -6.94  0.       -1755.737      -1003.365      -3419.816    0.000  -0.001   0.002   0.
  2017 352 14 48 38 495 352.617112216      -2.81     -5.60     -6.92  0.       -1752.640      -1005.678      -3419.551    0.000  -0.001   0.002   0.
  2017 352 14 48 39 495 352.617123791      -2.89     -5.51     -6.92  0.       -1749.541      -1007.990      -3419.284    0.000  -0.001   0.002   0.
  2017 352 14 48 40 495 352.617135365      -2.96     -5.44     -6.89  0.       -1746.441      -1010.301      -3419.015    0.000  -0.001   0.002   0.
  2017 352 14 48 41 495 352.617146939      -3.13     -5.35     -6.86  0.       -1743.340      -1012.612      -3418.743    0.000  -0.001   0.002   0.
  2017 352 14 48 42 495 352.617158513      -3.19     -5.33     -6.77  0.       -1740.237      -1014.922      -3418.469    0.000   0.000   0.001   0.
  2017 352 14 48 43 495 352.617170087      -3.22     -5.32     -6.76  0.       -1737.133      -1017.231      -3418.192    0.000   0.000   0.001   0.
  2017 352 14 48 44 495 352.617181661      -3.17     -5.30     -6.73  0.       -1734.029      -1019.540      -3417.914    0.000   0.000   0.000   0.
  2017 352 14 48 45 495 352.617193235      -3.07     -5.34     -6.75  0.       -1730.923      -1021.848      -3417.632    0.000   0.000   0.000   0.
  2017 352 14 48 46 495 352.617204809      -3.09     -5.37     -6.73  0.       -1727.816      -1024.155      -3417.349    0.000   0.000   0.000   0.
  2017 352 14 48 47 495 352.617216383      -3.15     -5.29     -6.72  0.       -1724.707      -1026.462      -3417.063    0.000   0.000   0.000   0.
  2017 352 14 48 48 495 352.617227957      -3.11     -5.29     -6.72  0.       -1721.598      -1028.768      -3416.775    0.000   0.000   0.000   0.
  2017 352 14 48 49 495 352.617239531      -3.08     -5.32     -6.74  0.       -1718.487      -1031.073      -3416.484    0.000   0.000   0.000   0.
  2017 352 14 48 50 495 352.617251105      -3.13     -5.34     -6.74  0.       -1715.375      -1033.377      -3416.192    0.000   0.000   0.000   0.
  2017 352 14 48 51 495 352.617262679      -3.10     -5.36     -6.78  0.       -1712.262      -1035.681      -3415.896    0.000   0.000   0.000   0.
  2017 352 14 48 52 495 352.617274253      -3.02     -5.49     -6.80  0.       -1709.148      -1037.984      -3415.599    0.000   0.000   0.000   0.
  2017 352 14 48 53 495 352.617285828      -2.98     -5.57     -6.80  0.       -1706.033      -1040.286      -3415.299    0.000   0.000   0.000   0.
  2017 352 14 48 54 495 352.617297402      -2.94     -5.58     -6.81  0.       -1702.916      -1042.588      -3414.997    0.000   0.000   0.000   0.
  2017 352 14 48 55 495 352.617308976      -2.91     -5.66     -6.82  0.       -1699.798      -1044.889      -3414.692    0.000   0.000   0.000   0.
  2017 352 14 48 56 495 352.617320550      -2.90     -5.73     -6.91  0.       -1696.679      -1047.189      -3414.385    0.000   0.000   0.000   0.
  2017 352 14 48 57 495 352.617332124      -2.91     -5.70     -6.88  0.       -1693.559      -1049.489      -3414.076    0.000   0.000   0.000   0.
  2017 352 14 48 58 495 352.617343698      -2.91     -5.70     -6.88  0.       -1690.438      -1051.787      -3413.764    0.000   0.000   0.000   0.
  2017 352 14 48 59 495 352.617355272      -2.88     -5.73     -6.85  0.       -1687.316      -1054.085      -3413.450    0.000   0.000   0.000   0.
  2017 352 14 49  0 495 352.617366846      -2.95     -5.69     -6.87  0.       -1684.192      -1056.383      -3413.133    0.000   0.000   0.000   0.
  2017 352 14 49  1 495 352.617378420      -2.93     -5.70     -6.88  0.       -1681.067      -1058.679      -3412.815    0.000   0.000   0.000   0.
  2017 352 14 49  2 495 352.617389994      -2.93     -5.85     -6.91  0.       -1677.941      -1060.975      -3412.493    0.000   0.000   0.000   0.
  2017 352 14 49  3 495 352.617401568      -2.99     -5.91     -6.90  0.       -1674.814      -1063.270      -3412.170    0.000   0.000   0.000   0.
  2017 352 14 49  4 495 352.617413139      -2.95     -5.98     -6.97  0.       -1671.686      -1065.565      -3411.844    0.000   0.000   0.000   0.
  2017 352 14 49  5 495 352.617424714      -2.95     -6.13     -7.05  0.       -1668.556      -1067.858      -3411.516    0.000   0.000   0.000   0.
  2017 352 14 49  6 495 352.617436288      -3.01     -6.15     -7.08  0.       -1665.426      -1070.151      -3411.185    0.000   0.000   0.000   0.
  2017 352 14 49  7 495 352.617447862      -3.03     -6.19     -7.09  0.       -1662.294      -1072.443      -3410.852    0.000   0.000   0.000   0.
  2017 352 14 49  8 495 352.617459436      -3.05     -6.23     -7.11  0.       -1659.161      -1074.735      -3410.517    0.000   0.000   0.000   0.
  2017 352 14 49  9 495 352.617471010      -3.05     -6.19     -7.05  0.       -1656.027      -1077.025      -3410.179    0.000   0.000   0.000   0.
  2017 352 14 49 10 495 352.617482584      -3.01     -6.26     -6.99  0.       -1652.892      -1079.315      -3409.839    0.000   0.000   0.000   0.
  2017 352 14 49 11 495 352.617494158      -3.01     -6.34     -7.02  0.       -1649.756      -1081.604      -3409.496    0.000   0.000   0.000   0.
  2017 352 14 49 12 495 352.617505732      -2.99     -6.37     -7.06  0.       -1646.618      -1083.893      -3409.151    0.000   0.000   0.000   0.
  2017 352 14 49 13 495 352.617517306      -2.97     -6.50     -7.07  0.       -1643.479      -1086.181      -3408.804    0.000   0.000   0.000   0.
  2017 352 14 49 14 495 352.617528880      -3.02     -6.56     -7.08  0.       -1640.340      -1088.468      -3408.454    0.000   0.000   0.000   0.
  2017 352 14 49 15 495 352.617540454      -3.06     -6.59     -7.07  0.       -1637.199      -1090.754      -3408.102    0.000   0.000   0.000   0.
  2017 352 14 49 16 495 352.617552028      -3.05     -6.67     -7.07  0.       -1634.056      -1093.039      -3407.748    0.000   0.000   0.000   0.
  2017 352 14 49 17 495 352.617563602      -3.10     -6.61     -7.01  0.       -1630.913      -1095.324      -3407.391    0.000   0.000   0.000   0.
  2017 352 14 49 18 495 352.617575177      -3.05     -6.63     -7.03  0.       -1627.769      -1097.608      -3407.032    0.000   0.000   0.000   0.
  2017 352 14 49 19 495 352.617586751      -3.08     -6.65     -7.07  0.       -1624.623      -1099.891      -3406.670    0.000   0.000   0.000   0.
  2017 352 14 49 20 495 352.617598325      -3.11     -6.63     -7.06  0.       -1621.477      -1102.173      -3406.306    0.000   0.000   0.000   0.
  2017 352 14 49 21 495 352.617609899      -3.03     -6.60     -7.13  0.       -1618.329      -1104.455      -3405.940    0.000   0.000   0.000   0.
  2017 352 14 49 22 495 352.617621473      -3.01     -6.69     -7.05  0.       -1615.180      -1106.736      -3405.571    0.000   0.000   0.000   0.
  2017 352 14 49 23 495 352.617633047      -3.11     -6.62     -7.13  0.       -1612.030      -1109.016      -3405.200    0.000   0.000   0.000   0.
  2017 352 14 49 24 495 352.617644621      -3.08     -6.54     -7.20  0.       -1608.878      -1111.295      -3404.826    0.000   0.000   0.000   0.
  2017 352 14 49 25 495 352.617656195      -3.02     -6.61     -7.31  0.       -1605.726      -1113.573      -3404.450    0.000   0.000   0.000   0.
  2017 352 14 49 26 495 352.617667769      -3.03     -6.64     -7.31  0.       -1602.573      -1115.851      -3404.072    0.000   0.000   0.000   0.
  2017 352 14 49 27 495 352.617679343      -3.01     -6.53     -7.33  0.       -1599.418      -1118.128      -3403.691    0.000   0.000   0.000   0.
  2017 352 14 49 28 495 352.617690917      -2.95     -6.56     -7.33  0.       -1596.262      -1120.404      -3403.308    0.000   0.000   0.000   0.
  2017 352 14 49 29 495 352.617702491      -2.99     -6.68     -7.40  0.       -1593.105      -1122.679      -3402.922    0.000   0.000   0.000   0.
  2017 352 14 49 30 495 352.617714065      -2.88     -6.78     -7.48  0.       -1589.947      -1124.954      -3402.534    0.000   0.000   0.000   0.
  2017 352 14 49 31 495 352.617725639      -2.86     -6.87     -7.51  0.       -1586.788      -1127.228      -3402.144    0.000   0.000   0.000   0.
  2017 352 14 49 32 495 352.617737214      -2.94     -6.86     -7.48  0.       -1583.628      -1129.500      -3401.751    0.000   0.000   0.000   0.
  2017 352 14 49 33 495 352.617748787      -2.90     -6.80     -7.57  0.       -1580.466      -1131.773      -3401.355    0.000   0.000   0.000   0.
  2017 352 14 49 34 495 352.617760359      -2.77     -6.92     -7.53  0.       -1577.304      -1134.044      -3400.958    0.000   0.000   0.000   0.
  2017 352 14 49 35 495 352.617771933      -2.56     -6.74     -7.47  0.       -1574.140      -1136.315      -3400.558    0.000   0.000   0.000   0.
  2017 352 14 49 36 495 352.617783507      -2.66     -6.77     -7.45  0.       -1570.975      -1138.584      -3400.155    0.000   0.000   0.000   0.
  2017 352 14 49 37 494 352.617795081      -2.87     -6.78     -7.33  0.       -1567.809      -1140.853      -3399.750    0.000   0.000   0.000   0.
  2017 352 14 49 38 494 352.617806655      -3.00     -7.04     -7.37  0.       -1564.642      -1143.122      -3399.343    0.000   0.000   0.000   0.
  2017 352 14 49 39 494 352.617818229      -3.04     -7.10     -7.27  0.       -1561.474      -1145.389      -3398.933    0.000   0.000   0.000   0.
  2017 352 14 49 40 494 352.617829803      -3.23     -7.13     -7.08  0.       -1558.305      -1147.655      -3398.521    0.000   0.000   0.000   0.
  2017 352 14 49 41 494 352.617841377      -3.40     -7.05     -6.74  0.       -1555.135      -1149.921      -3398.106    0.000   0.000   0.000   0.
  2017 352 14 49 42 495 352.617852951      -3.68     -6.98     -6.51  0.       -1551.963      -1152.186      -3397.689    0.000   0.000   0.000   0.
  2017 352 14 49 43 495 352.617864525      -4.19     -6.92     -6.19  0.       -1548.791      -1154.450      -3397.269    0.000   0.000   0.000   0.
  2017 352 14 49 44 494 352.617876100      -4.45     -6.95     -6.02  0.       -1545.617      -1156.713      -3396.847    0.000   0.000   0.000   0.
  2017 352 14 49 45 494 352.617887674      -4.60     -6.83     -5.85  0.       -1542.442      -1158.976      -3396.423    0.000   0.000   0.000   0.
  2017 352 14 49 46 495 352.617899248      -4.55     -6.90     -5.89  0.       -1539.266      -1161.237      -3395.996    0.000   0.000   0.000   0.
  2017 352 14 49 47 495 352.617910822      -4.65     -7.00     -5.64  0.       -1536.089      -1163.498      -3395.567    0.000   0.000   0.000   0.
  2017 352 14 49 48 495 352.617922396      -4.76     -7.19     -5.65  0.       -1532.911      -1165.758      -3395.135    0.000   0.000   0.000   0.
  2017 352 14 49 49 495 352.617933970      -4.82     -7.47     -5.52  0.       -1529.732      -1168.017      -3394.701    0.000   0.000   0.000   0.
  2017 352 14 49 50 495 352.617945544      -4.93     -7.68     -5.45  0.       -1526.552      -1170.276      -3394.265    0.000   0.000   0.000   0.
  2017 352 14 49 51 494 352.617957118      -5.17     -7.90     -5.44  0.       -1523.370      -1172.533      -3393.826    0.000   0.000   0.000   0.
  2017 352 14 49 52 494 352.617968692      -5.42     -8.06     -5.41  0.       -1520.188      -1174.790      -3393.384    0.000   0.000   0.000   0.
  2017 352 14 49 53 494 352.617980266      -5.57     -8.24     -5.35  0.       -1517.004      -1177.045      -3392.940    0.000   0.000   0.000   0.
  2017 352 14 49 54 494 352.617991840      -5.98     -8.45     -5.17  0.       -1513.820      -1179.300      -3392.494    0.000   0.000   0.000   0.
  2017 352 14 49 55 494 352.618003414      -6.26     -8.65     -5.03  0.       -1510.634      -1181.554      -3392.045    0.000   0.000   0.000   0.
  2017 352 14 49 56 495 352.618014988      -6.52     -8.68     -4.82  0.       -1507.447      -1183.808      -3391.594    0.000   0.000   0.000   0.
  2017 352 14 49 57 495 352.618026563      -6.69     -8.77     -4.52  0.       -1504.259      -1186.060      -3391.140    0.000   0.000   0.000   0.
  2017 352 14 49 58 494 352.618038137      -6.92     -8.82     -4.28  0.       -1501.070      -1188.312      -3390.684    0.000   0.000   0.000   0.
  2017 352 14 49 59 495 352.618049711      -6.70     -8.83     -4.26  0.       -1497.880      -1190.562      -3390.226    0.000   0.000   0.000   0.
  2017 352 14 50  0 495 352.618061285      -6.86     -8.90     -4.13  0.       -1494.689      -1192.812      -3389.765    0.000   0.000   0.000   0.
  2017 352 14 50  1 495 352.618072859      -6.77     -8.85     -4.04  0.       -1491.496      -1195.061      -3389.301    0.000   0.000   0.000   0.
  2017 352 14 50  2 495 352.618084433      -6.79     -8.76     -3.72  0.       -1488.303      -1197.309      -3388.835    0.000   0.000   0.000   0.
  2017 352 14 50  3 495 352.618096007      -6.59     -8.78     -3.71  0.       -1485.108      -1199.556      -3388.367    0.000   0.000   0.000   0.
  2017 352 14 50  4 494 352.618107578      -6.59     -8.92     -3.66  0.       -1481.913      -1201.803      -3387.896    0.000   0.000   0.000   0.
  2017 352 14 50  5 494 352.618119152      -6.43     -8.75     -3.55  0.       -1478.716      -1204.048      -3387.423    0.000   0.000   0.000   0.
  2017 352 14 50  6 494 352.618130726      -6.41     -8.72     -3.72  0.       -1475.519      -1206.293      -3386.947    0.000   0.000   0.000   0.
  2017 352 14 50  7 494 352.618142300      -6.36     -8.56     -3.62  0.       -1472.320      -1208.537      -3386.469    0.000   0.000   0.000   0.
  2017 352 14 50  8 494 352.618153874      -6.06     -8.42     -3.65  0.       -1469.120      -1210.780      -3385.988    0.000   0.000   0.000   0.
  2017 352 14 50  9 494 352.618165448      -5.99     -8.48     -3.73  0.       -1465.919      -1213.022      -3385.505    0.000   0.000   0.000   0.
  2017 352 14 50 10 494 352.618177023      -6.16     -8.63     -3.70  0.       -1462.717      -1215.263      -3385.019    0.000   0.000   0.000   0.
  2017 352 14 50 11 494 352.618188597      -6.31     -8.63     -3.61  0.       -1459.514      -1217.503      -3384.531    0.000   0.000   0.000   0.
  2017 352 14 50 12 494 352.618200171      -6.30     -8.43     -3.58  0.       -1456.310      -1219.742      -3384.040    0.000   0.000   0.000   0.
  2017 352 14 50 13 494 352.618211745      -6.20     -8.47     -3.63  0.       -1453.105      -1221.981      -3383.547    0.000   0.000   0.000   0.
  2017 352 14 50 14 494 352.618223319      -6.24     -8.55     -3.63  0.       -1449.899      -1224.219      -3383.052    0.000   0.000   0.000   0.
  2017 352 14 50 15 494 352.618234893      -6.30     -8.41     -3.60  0.       -1446.691      -1226.455      -3382.554    0.000   0.000   0.000   0.
  2017 352 14 50 16 494 352.618246467      -6.39     -8.54     -3.50  0.       -1443.483      -1228.691      -3382.053    0.000   0.000   0.000   0.
  2017 352 14 50 17 494 352.618258041      -6.45     -8.49     -3.45  0.       -1440.274      -1230.926      -3381.550    0.000   0.000   0.000   0.
  2017 352 14 50 18 494 352.618269615      -6.56     -8.44     -3.42  0.       -1437.063      -1233.160      -3381.045    0.000   0.000   0.000   0.
  2017 352 14 50 19 494 352.618281189      -6.57     -8.38     -3.42  0.       -1433.852      -1235.393      -3380.537    0.000   0.000   0.000   0.
  2017 352 14 50 20 494 352.618292763      -6.64     -8.32     -3.65  0.       -1430.639      -1237.625      -3380.026    0.000   0.000   0.000   0.
  2017 352 14 50 21 494 352.618304337      -6.66     -8.57     -3.96  0.       -1427.425      -1239.857      -3379.513    0.000   0.000   0.000   0.
  2017 352 14 50 22 494 352.618315911      -6.65     -8.80     -3.86  0.       -1424.211      -1242.087      -3378.998    0.000   0.000   0.000   0.
  2017 352 14 50 23 494 352.618327486      -6.80     -8.71     -3.71  0.       -1420.995      -1244.317      -3378.480    0.000   0.000   0.000   0.
  2017 352 14 50 24 494 352.618339060      -7.10     -8.77     -3.78  0.       -1417.778      -1246.545      -3377.960    0.000   0.000   0.000   0.
  2017 352 14 50 25 494 352.618350634      -7.06     -8.88     -3.73  0.       -1414.561      -1248.773      -3377.437    0.000   0.000   0.000   0.
  2017 352 14 50 26 494 352.618362208      -7.16     -8.76     -3.71  0.       -1411.342      -1251.000      -3376.912    0.000   0.000   0.000   0.
  2017 352 14 50 27 494 352.618373782      -7.22     -8.81     -3.87  0.       -1408.122      -1253.225      -3376.384    0.000   0.000   0.000   0.
  2017 352 14 50 28 494 352.618385356      -7.27     -8.78     -3.81  0.       -1404.901      -1255.450      -3375.854    0.000   0.000   0.000   0.
  2017 352 14 50 29 494 352.618396930      -7.49     -8.80     -3.79  0.       -1401.679      -1257.674      -3375.321    0.000   0.000   0.000   0.
  2017 352 14 50 30 494 352.618408504      -7.60     -8.70     -3.67  0.       -1398.456      -1259.898      -3374.785    0.000   0.000   0.000   0.
  2017 352 14 50 31 494 352.618420078      -7.76     -8.62     -3.71  0.       -1395.232      -1262.120      -3374.248    0.000   0.000   0.000   0.
  2017 352 14 50 32 494 352.618431649      -7.94     -8.61     -3.74  0.       -1392.007      -1264.341      -3373.707    0.000   0.000   0.000   0.
  2017 352 14 50 33 494 352.618443223      -8.05     -8.71     -3.62  0.       -1388.781      -1266.561      -3373.165    0.000   0.000   0.000   0.
  2017 352 14 50 34 494 352.618454797      -8.17     -8.54     -3.69  0.       -1385.553      -1268.781      -3372.619    0.000   0.000   0.000   0.
  2017 352 14 50 35 494 352.618466371      -8.17     -8.46     -3.65  0.       -1382.325      -1270.999      -3372.071    0.000   0.000   0.000   0.
  2017 352 14 50 36 494 352.618477946      -8.22     -8.45     -3.61  0.       -1379.096      -1273.216      -3371.521    0.000   0.000   0.000   0.
  2017 352 14 50 37 494 352.618489520      -8.25     -8.42     -3.64  0.       -1375.866      -1275.433      -3370.968    0.000   0.000   0.000   0.
  2017 352 14 50 38 494 352.618501094      -8.31     -8.42     -3.65  0.       -1372.635      -1277.649      -3370.413    0.000   0.000   0.000   0.
  2017 352 14 50 39 494 352.618512668      -8.25     -8.49     -3.73  0.       -1369.402      -1279.863      -3369.855    0.000   0.000   0.000   0.
  2017 352 14 50 40 494 352.618524242      -8.39     -8.65     -3.82  0.       -1366.169      -1282.077      -3369.295    0.000   0.000   0.000   0.
  2017 352 14 50 41 494 352.618535816      -8.50     -8.75     -3.82  0.       -1362.935      -1284.290      -3368.732    0.000   0.000   0.000   0.
  2017 352 14 50 42 494 352.618547390      -8.58     -8.80     -3.70  0.       -1359.699      -1286.502      -3368.166    0.000   0.000   0.000   0.
  2017 352 14 50 43 494 352.618558964      -8.64     -8.90     -3.78  0.       -1356.463      -1288.712      -3367.599    0.000   0.000   0.000   0.
  2017 352 14 50 44 494 352.618570538      -8.71     -9.00     -3.77  0.       -1353.226      -1290.922      -3367.028    0.000   0.000   0.000   0.
  2017 352 14 50 45 494 352.618582112      -8.87     -9.02     -3.70  0.       -1349.987      -1293.131      -3366.455    0.000   0.000   0.000   0.
  2017 352 14 50 46 494 352.618593686      -8.99     -8.86     -3.75  0.       -1346.748      -1295.339      -3365.880    0.000   0.000   0.000   0.
  2017 352 14 50 47 494 352.618605260      -8.99     -8.86     -3.99  0.       -1343.507      -1297.546      -3365.302    0.000   0.000   0.000   0.
  2017 352 14 50 48 494 352.618616835      -9.06     -9.02     -3.97  0.       -1340.266      -1299.752      -3364.721    0.000   0.000   0.000   0.
  2017 352 14 50 49 494 352.618628409      -9.20     -8.94     -4.22  0.       -1337.024      -1301.957      -3364.138    0.000   0.000   0.000   0.
  2017 352 14 50 50 494 352.618639983      -9.21     -8.94     -4.43  0.       -1333.780      -1304.161      -3363.553    0.000   0.000   0.000   0.
  2017 352 14 50 51 494 352.618651557      -9.29     -8.89     -4.57  0.       -1330.536      -1306.365      -3362.965    0.000   0.000   0.000   0.
  2017 352 14 50 52 494 352.618663131      -9.32     -8.82     -4.77  0.       -1327.290      -1308.567      -3362.374    0.000   0.000   0.000   0.
  2017 352 14 50 53 494 352.618674705      -9.44     -8.78     -4.87  0.       -1324.044      -1310.768      -3361.781    0.000   0.000   0.000   0.
  2017 352 14 50 54 494 352.618686279      -9.63     -8.71     -5.15  0.       -1320.796      -1312.968      -3361.185    0.000   0.000   0.000   0.
  2017 352 14 50 55 494 352.618697853      -9.62     -8.77     -5.29  0.       -1317.548      -1315.167      -3360.587    0.000   0.000   0.000   0.
  2017 352 14 50 56 494 352.618709427      -9.77     -8.82     -5.33  0.       -1314.299      -1317.366      -3359.986    0.000   0.000   0.000   0.
  2017 352 14 50 57 494 352.618721001      -9.81     -8.71     -5.34  0.       -1311.048      -1319.563      -3359.383    0.000   0.000   0.000   0.
  2017 352 14 50 58 494 352.618732575      -9.80     -8.82     -5.34  0.       -1307.797      -1321.759      -3358.777    0.000   0.000   0.000   0.
  2017 352 14 50 59 494 352.618744149      -9.87     -8.88     -5.41  0.       -1304.545      -1323.954      -3358.169    0.000   0.000   0.000   0.
  2017 352 14 51  0 494 352.618755723     -10.01     -9.06     -5.44  0.       -1301.291      -1326.149      -3357.558    0.000   0.000   0.000   0.
  2017 352 14 51  1 494 352.618767297     -10.08     -8.97     -5.45  0.       -1298.037      -1328.342      -3356.945    0.000   0.000   0.000   0.
  2017 352 14 51  2 494 352.618778869     -10.11     -9.01     -5.53  0.       -1294.782      -1330.534      -3356.329    0.000   0.000   0.000   0.
  2017 352 14 51  3 494 352.618790443     -10.27     -9.06     -5.58  0.       -1291.525      -1332.725      -3355.710    0.000   0.000   0.000   0.
  2017 352 14 51  4 494 352.618802017     -10.43     -8.94     -5.72  0.       -1288.268      -1334.916      -3355.090    0.000   0.000   0.000   0.
  2017 352 14 51  5 494 352.618813591     -10.49     -8.80     -5.69  0.       -1285.010      -1337.105      -3354.466    0.000   0.000   0.000   0.
  2017 352 14 51  6 494 352.618825165     -10.57     -8.86     -5.84  0.       -1281.751      -1339.293      -3353.840    0.000   0.000   0.000   0.
  2017 352 14 51  7 494 352.618836739     -10.69     -8.87     -5.82  0.       -1278.490      -1341.480      -3353.211    0.000   0.000   0.000   0.
  2017 352 14 51  8 494 352.618848313     -10.70     -8.87     -5.87  0.       -1275.229      -1343.667      -3352.580    0.000   0.000   0.000   0.
  2017 352 14 51  9 494 352.618859887     -10.74     -8.83     -5.86  0.       -1271.967      -1345.852      -3351.946    0.000   0.000   0.000   0.
  2017 352 14 51 10 494 352.618871461     -10.80     -9.00     -6.02  0.       -1268.704      -1348.036      -3351.310    0.000   0.000   0.000   0.
  2017 352 14 51 11 494 352.618883035     -10.86     -9.04     -6.13  0.       -1265.440      -1350.219      -3350.671    0.000   0.000   0.000   0.
  2017 352 14 51 12 494 352.618894609     -10.98     -8.97     -6.20  0.       -1262.175      -1352.401      -3350.030    0.000   0.000   0.000   0.
  2017 352 14 51 13 494 352.618906183     -10.98     -8.85     -6.25  0.       -1258.909      -1354.583      -3349.386    0.000   0.000   0.000   0.
  2017 352 14 51 14 494 352.618917758     -11.07     -8.73     -6.33  0.       -1255.642      -1356.763      -3348.739    0.000   0.000   0.000   0.
  2017 352 14 51 15 494 352.618929332     -11.16     -8.80     -6.53  0.       -1252.374      -1358.942      -3348.090    0.000   0.000   0.000   0.
  2017 352 14 51 16 494 352.618940906     -11.23     -8.76     -6.36  0.       -1249.105      -1361.120      -3347.439    0.000   0.000   0.000   0.
  2017 352 14 51 17 494 352.618952480     -11.30     -8.68     -6.41  0.       -1245.835      -1363.297      -3346.784    0.000   0.000   0.000   0.
  2017 352 14 51 18 494 352.618964054     -11.26     -8.71     -6.55  0.       -1242.564      -1365.473      -3346.128    0.000   0.000   0.000   0.
  2017 352 14 51 19 494 352.618975628     -11.23     -8.77     -6.61  0.       -1239.293      -1367.648      -3345.468    0.000   0.000   0.000   0.
  2017 352 14 51 20 494 352.618987202     -11.27     -8.70     -6.74  0.       -1236.020      -1369.822      -3344.807    0.000   0.000   0.000   0.
  2017 352 14 51 21 494 352.618998776     -11.30     -8.72     -6.80  0.       -1232.746      -1371.995      -3344.142    0.000   0.000   0.000   0.
  2017 352 14 51 22 494 352.619010350     -11.30     -8.74     -6.97  0.       -1229.472      -1374.166      -3343.475    0.000   0.000   0.000   0.
  2017 352 14 51 23 494 352.619021924     -11.28     -8.76     -7.10  0.       -1226.196      -1376.337      -3342.806    0.000   0.000   0.000   0.
  2017 352 14 51 24 494 352.619033498     -11.27     -8.78     -7.26  0.       -1222.920      -1378.507      -3342.134    0.000   0.000   0.000   0.
  2017 352 14 51 25 494 352.619045072     -11.34     -8.78     -7.47  0.       -1219.642      -1380.675      -3341.459    0.000   0.000   0.000   0.
  2017 352 14 51 26 494 352.619056646     -11.27     -8.73     -7.66  0.       -1216.364      -1382.843      -3340.782    0.000   0.000   0.000   0.
  2017 352 14 51 27 494 352.619068221     -11.24     -8.79     -7.74  0.       -1213.084      -1385.010      -3340.102    0.000   0.000   0.000   0.
  2017 352 14 51 28 494 352.619079795     -11.25     -8.87     -7.85  0.       -1209.804      -1387.175      -3339.419    0.000   0.000   0.000   0.
  2017 352 14 51 29 494 352.619091369     -11.23     -8.89     -7.97  0.       -1206.523      -1389.339      -3338.735    0.000   0.000   0.000   0.
  2017 352 14 51 30 494 352.619102943     -11.32     -8.94     -8.09  0.       -1203.241      -1391.503      -3338.047    0.000   0.000   0.000   0.
  2017 352 14 51 31 494 352.619114517     -11.26     -9.03     -8.05  0.       -1199.958      -1393.665      -3337.357    0.000   0.000   0.000   0.
  2017 352 14 51 32 494 352.619126091     -11.03     -9.19     -7.92  0.       -1196.674      -1395.826      -3336.664    0.000   0.000   0.000   0.
  2017 352 14 51 33 493 352.619137665     -10.97     -9.53     -7.59  0.       -1193.389      -1397.986      -3335.969    0.000   0.000   0.000   0.
  2017 352 14 51 34 493 352.619149236     -10.98     -9.86     -7.19  0.       -1190.104      -1400.146      -3335.271    0.000   0.000   0.000   0.
  2017 352 14 51 35 493 352.619160810     -11.21    -10.18     -7.18  0.       -1186.817      -1402.303      -3334.571    0.000   0.000   0.000   0.
  2017 352 14 51 36 493 352.619172384     -11.49    -10.36     -7.35  0.       -1183.529      -1404.460      -3333.868    0.000   0.000   0.000   0.
  2017 352 14 51 37 493 352.619183958     -11.67    -10.38     -7.39  0.       -1180.241      -1406.616      -3333.162    0.000   0.000   0.000   0.
  2017 352 14 51 38 494 352.619195532     -11.77    -10.34     -7.48  0.       -1176.951      -1408.771      -3332.454    0.000   0.000   0.000   0.
  2017 352 14 51 39 494 352.619207106     -11.79    -10.32     -7.35  0.       -1173.661      -1410.925      -3331.743    0.000   0.000   0.000   0.
  2017 352 14 51 40 493 352.619218681     -11.79    -10.32     -7.38  0.       -1170.369      -1413.077      -3331.030    0.000   0.000   0.000   0.
  2017 352 14 51 41 493 352.619230255     -11.65    -10.24     -7.51  0.       -1167.077      -1415.229      -3330.314    0.000   0.000   0.000   0.
  2017 352 14 51 42 494 352.619241829     -11.59    -10.14     -7.72  0.       -1163.784      -1417.379      -3329.595    0.000   0.000   0.000   0.
  2017 352 14 51 43 494 352.619253403     -11.60    -10.16     -7.91  0.       -1160.490      -1419.528      -3328.874    0.000   0.000   0.000   0.
  2017 352 14 51 44 494 352.619264977     -11.67     -9.99     -8.08  0.       -1157.195      -1421.677      -3328.150    0.000   0.000   0.000   0.
  2017 352 14 51 45 494 352.619276551     -11.60     -9.85     -8.20  0.       -1153.899      -1423.824      -3327.424    0.000   0.000   0.000   0.
  2017 352 14 51 46 494 352.619288125     -11.50     -9.69     -8.25  0.       -1150.603      -1425.970      -3326.695    0.000   0.000   0.000   0.
  2017 352 14 51 47 493 352.619299699     -11.28     -9.66     -8.24  0.       -1147.305      -1428.114      -3325.964    0.000   0.000   0.000   0.
  2017 352 14 51 48 493 352.619311273     -11.08     -9.75     -8.11  0.       -1144.006      -1430.258      -3325.229    0.000   0.000   0.000   0.
  2017 352 14 51 49 493 352.619322847     -11.04     -9.76     -8.08  0.       -1140.707      -1432.401      -3324.493    0.000   0.000   0.000   0.
  2017 352 14 51 50 493 352.619334421     -10.89     -9.91     -8.16  0.       -1137.407      -1434.543      -3323.754    0.000   0.000   0.000   0.
  2017 352 14 51 51 494 352.619345995     -10.79    -10.16     -8.20  0.       -1134.105      -1436.683      -3323.012    0.000   0.000   0.000   0.
  2017 352 14 51 52 494 352.619357569     -10.65    -10.28     -8.30  0.       -1130.803      -1438.822      -3322.267    0.000   0.000   0.000   0.
  2017 352 14 51 53 493 352.619369144     -10.61    -10.41     -8.13  0.       -1127.500      -1440.961      -3321.520    0.000   0.000   0.000   0.
  2017 352 14 51 54 493 352.619380718     -10.46    -10.64     -8.25  0.       -1124.196      -1443.098      -3320.771    0.000   0.000   0.000   0.
  2017 352 14 51 55 494 352.619392292     -10.34    -10.80     -8.13  0.       -1120.892      -1445.234      -3320.018    0.000   0.000   0.000   0.
  2017 352 14 51 56 494 352.619403866     -10.35    -10.93     -8.23  0.       -1117.586      -1447.368      -3319.263    0.000   0.000   0.000   0.
  2017 352 14 51 57 494 352.619415440     -10.40    -10.94     -8.10  0.       -1114.280      -1449.502      -3318.506    0.000   0.000   0.000   0.
  2017 352 14 51 58 494 352.619427014     -10.35    -11.06     -7.89  0.       -1110.972      -1451.635      -3317.746    0.000   0.000   0.000   0.
  2017 352 14 51 59 494 352.619438588     -10.33    -10.91     -7.82  0.       -1107.664      -1453.766      -3316.983    0.000   0.000   0.000   0.
  2017 352 14 52  0 493 352.619450162     -10.46    -11.01     -7.74  0.       -1104.355      -1455.896      -3316.218    0.000   0.000   0.000   0.
  2017 352 14 52  1 493 352.619461736     -10.42    -11.12     -7.49  0.       -1101.045      -1458.025      -3315.450    0.000   0.000   0.000   0.
  2017 352 14 52  2 493 352.619473310     -10.20    -11.28     -7.36  0.       -1097.734      -1460.153      -3314.679    0.000   0.000   0.000   0.
  2017 352 14 52  3 493 352.619484884     -10.15    -11.38     -7.15  0.       -1094.422      -1462.280      -3313.906    0.000   0.000   0.000   0.
  2017 352 14 52  4 493 352.619496455     -10.08    -11.49     -7.06  0.       -1091.110      -1464.406      -3313.130    0.000   0.000   0.000   0.
  2017 352 14 52  5 493 352.619508029      -9.98    -11.71     -6.84  0.       -1087.796      -1466.531      -3312.352    0.000   0.000   0.000   0.
  2017 352 14 52  6 493 352.619519604     -10.01    -11.81     -6.52  0.       -1084.482      -1468.654      -3311.571    0.000   0.000   0.000   0.
  2017 352 14 52  7 493 352.619531178     -10.06    -11.81     -6.21  0.       -1081.167      -1470.776      -3310.787    0.000   0.000   0.000   0.
  2017 352 14 52  8 493 352.619542752      -9.88    -11.83     -5.91  0.       -1077.851      -1472.897      -3310.001    0.000   0.000   0.000   0.
  2017 352 14 52  9 493 352.619554326     -10.12    -11.81     -5.58  0.       -1074.534      -1475.017      -3309.212    0.000   0.000   0.000   0.
  2017 352 14 52 10 493 352.619565900     -10.09    -12.07     -5.24  0.       -1071.216      -1477.136      -3308.421    0.000   0.000   0.000   0.
  2017 352 14 52 11 493 352.619577474     -10.19    -12.22     -4.83  0.       -1067.897      -1479.254      -3307.627    0.000   0.000   0.000   0.
  2017 352 14 52 12 493 352.619589048     -10.45    -12.36     -4.50  0.       -1064.578      -1481.370      -3306.830    0.000   0.000   0.000   0.
  2017 352 14 52 13 493 352.619600622     -10.64    -12.35     -4.31  0.       -1061.258      -1483.486      -3306.030    0.000   0.000   0.000   0.
  2017 352 14 52 14 493 352.619612196     -10.75    -12.47     -4.10  0.       -1057.936      -1485.600      -3305.229    0.000   0.000   0.000   0.
  2017 352 14 52 15 493 352.619623770     -10.78    -12.48     -3.74  0.       -1054.614      -1487.713      -3304.424    0.000   0.000   0.000   0.
  2017 352 14 52 16 493 352.619635344     -10.93    -12.53     -3.53  0.       -1051.292      -1489.824      -3303.617    0.000   0.000   0.000   0.
  2017 352 14 52 17 493 352.619646918     -11.25    -12.69     -3.51  0.       -1047.968      -1491.935      -3302.807    0.000   0.000   0.000   0.
  2017 352 14 52 18 493 352.619658492     -11.51    -12.61     -3.37  0.       -1044.643      -1494.044      -3301.995    0.000   0.000   0.000   0.
  2017 352 14 52 19 493 352.619670067     -11.70    -12.53     -3.29  0.       -1041.318      -1496.153      -3301.179    0.000   0.000   0.000   0.
  2017 352 14 52 20 493 352.619681641     -11.90    -12.47     -3.31  0.       -1037.992      -1498.260      -3300.362    0.000   0.000   0.000   0.
  2017 352 14 52 21 493 352.619693215     -12.06    -12.47     -3.37  0.       -1034.665      -1500.366      -3299.541    0.000   0.000   0.000   0.
  2017 352 14 52 22 493 352.619704789     -12.01    -12.33     -3.57  0.       -1031.337      -1502.470      -3298.718    0.000   0.000   0.000   0.
  2017 352 14 52 23 493 352.619716363     -11.75    -12.31     -3.74  0.       -1028.009      -1504.574      -3297.893    0.000   0.000   0.000   0.
  2017 352 14 52 24 493 352.619727937     -11.54    -12.53     -3.35  0.       -1024.679      -1506.676      -3297.065    0.000   0.000   0.000   0.
  2017 352 14 52 25 493 352.619739511     -11.40    -12.81     -2.94  0.       -1021.349      -1508.777      -3296.234    0.000   0.000   0.000   0.
  2017 352 14 52 26 493 352.619751085     -11.27    -13.01     -2.56  0.       -1018.018      -1510.877      -3295.400    0.000   0.000   0.000   0.
  2017 352 14 52 27 493 352.619762659     -11.32    -13.08     -2.45  0.       -1014.686      -1512.976      -3294.564    0.000   0.000   0.000   0.
  2017 352 14 52 28 493 352.619774233     -11.40    -13.00     -2.34  0.       -1011.353      -1515.073      -3293.725    0.000   0.000   0.000   0.
  2017 352 14 52 29 493 352.619785807     -11.25    -12.92     -2.01  0.       -1008.020      -1517.169      -3292.884    0.000   0.000   0.000   0.
  2017 352 14 52 30 493 352.619797381     -11.21    -12.92     -2.17  0.       -1004.685      -1519.264      -3292.040    0.000   0.000   0.000   0.
  2017 352 14 52 31 493 352.619808955     -11.30    -12.84     -2.43  0.       -1001.350      -1521.358      -3291.193    0.000   0.000   0.000   0.
  2017 352 14 52 32 493 352.619820529     -11.49    -12.84     -2.58  0.        -998.014      -1523.451      -3290.343    0.000   0.000   0.000   0.
  2017 352 14 52 33 493 352.619832103     -11.64    -12.80     -2.88  0.        -994.677      -1525.542      -3289.491    0.000   0.000   0.000   0.
  2017 352 14 52 34 493 352.619843675     -11.86    -13.02     -2.78  0.        -991.340      -1527.633      -3288.637    0.000   0.000   0.000   0.
  2017 352 14 52 35 493 352.619855249     -12.11    -13.29     -2.45  0.        -988.001      -1529.721      -3287.779    0.000   0.000   0.000   0.
  2017 352 14 52 36 493 352.619866823     -12.23    -13.37     -2.47  0.        -984.662      -1531.809      -3286.920    0.000   0.000   0.000   0.
  2017 352 14 52 37 493 352.619878397     -12.23    -13.42     -2.52  0.        -981.322      -1533.896      -3286.057    0.000   0.000   0.000   0.
  2017 352 14 52 38 493 352.619889971     -12.26    -13.56     -2.44  0.        -977.981      -1535.981      -3285.192    0.000   0.000   0.000   0.
  2017 352 14 52 39 493 352.619901545     -12.33    -13.64     -2.25  0.        -974.640      -1538.065      -3284.324    0.000   0.000   0.000   0.
  2017 352 14 52 40 493 352.619913119     -12.35    -13.65     -2.11  0.        -971.298      -1540.148      -3283.453    0.000   0.000   0.000   0.
  2017 352 14 52 41 493 352.619924693     -12.51    -13.66     -1.71  0.        -967.954      -1542.229      -3282.580    0.000   0.000   0.000   0.
  2017 352 14 52 42 493 352.619936267     -12.64    -13.66     -0.68  0.        -964.611      -1544.310      -3281.704    0.000   0.000   0.000   0.
  2017 352 14 52 43 493 352.619947841     -12.62    -13.73     -0.40  0.        -961.266      -1546.389      -3280.826    0.000   0.000   0.000   0.
  2017 352 14 52 44 493 352.619959415     -12.50    -13.71     -0.08  0.        -957.920      -1548.467      -3279.944    0.000   0.000   0.000   0.
  2017 352 14 52 45 493 352.619970990     -12.47    -13.71      0.21  0.        -954.574      -1550.543      -3279.061    0.000   0.000   0.000   0.
  2017 352 14 52 46 493 352.619982564     -12.47    -13.78      0.30  0.        -951.227      -1552.619      -3278.174    0.000   0.000   0.000   0.
  2017 352 14 52 47 493 352.619994138     -12.40    -13.80      0.42  0.        -947.879      -1554.693      -3277.285    0.000   0.000   0.000   0.
  2017 352 14 52 48 493 352.620005712     -12.27    -13.79      0.45  0.        -944.531      -1556.766      -3276.393    0.000   0.000   0.000   0.
  2017 352 14 52 49 493 352.620017286     -12.07    -13.83      0.43  0.        -941.181      -1558.837      -3275.499    0.000   0.000   0.000   0.
  2017 352 14 52 50 493 352.620028860     -11.76    -13.65      0.60  0.        -937.831      -1560.908      -3274.602    0.000   0.000   0.000   0.
  2017 352 14 52 51 493 352.620040434     -11.55    -13.61      0.82  0.        -934.480      -1562.977      -3273.702    0.000   0.000   0.000   0.
  2017 352 14 52 52 493 352.620052008     -11.46    -13.65      0.92  0.        -931.129      -1565.045      -3272.799    0.000   0.000   0.000   0.
  2017 352 14 52 53 493 352.620063582     -11.38    -13.77      0.99  0.        -927.776      -1567.111      -3271.894    0.000   0.000   0.000   0.
  2017 352 14 52 54 493 352.620075156     -11.32    -13.73      1.06  0.        -924.423      -1569.177      -3270.987    0.000   0.000   0.000   0.
  2017 352 14 52 55 493 352.620086730     -11.32    -13.85      1.00  0.        -921.069      -1571.241      -3270.076    0.000   0.000   0.000   0.
  2017 352 14 52 56 493 352.620098304     -11.27    -13.81      1.00  0.        -917.715      -1573.303      -3269.163    0.000   0.000   0.000   0.
  2017 352 14 52 57 493 352.620109878     -11.21    -13.75      1.07  0.        -914.359      -1575.365      -3268.247    0.000   0.000   0.000   0.
  2017 352 14 52 58 493 352.620121452     -11.09    -13.71      1.38  0.        -911.003      -1577.425      -3267.329    0.000   0.000   0.000   0.
  2017 352 14 52 59 493 352.620133027     -11.03    -13.70      1.60  0.        -907.646      -1579.484      -3266.408    0.000   0.000   0.000   0.
  2017 352 14 53  0 493 352.620144601     -10.91    -13.70      1.89  0.        -904.289      -1581.542      -3265.484    0.000   0.000   0.000   0.
  2017 352 14 53  1 493 352.620156174     -10.79    -13.66      2.17  0.        -900.930      -1583.598      -3264.558    0.000   0.000   0.000   0.
  2017 352 14 53  2 493 352.620167746     -10.70    -13.60      2.55  0.        -897.572      -1585.653      -3263.629    0.000   0.000   0.000   0.
  2017 352 14 53  3 493 352.620179320     -10.63    -13.54      2.83  0.        -894.212      -1587.707      -3262.697    0.000   0.000   0.000   0.
  2017 352 14 53  4 493 352.620190894     -10.54    -13.48      3.15  0.        -890.851      -1589.759      -3261.762    0.000   0.000   0.000   0.
  2017 352 14 53  5 493 352.620202468     -10.47    -13.30      3.63  0.        -887.490      -1591.810      -3260.825    0.000   0.000   0.000   0.
  2017 352 14 53  6 493 352.620214042     -10.41    -13.15      4.07  0.        -884.128      -1593.860      -3259.885    0.000   0.000   0.000   0.
  2017 352 14 53  7 493 352.620225616     -10.36    -13.11      4.23  0.        -880.765      -1595.909      -3258.943    0.000   0.000   0.000   0.
  2017 352 14 53  8 493 352.620237190     -10.24    -13.13      4.29  0.        -877.401      -1597.956      -3257.998    0.000   0.000   0.000   0.
  2017 352 14 53  9 493 352.620248764     -10.14    -13.08      4.30  0.        -874.037      -1600.002      -3257.050    0.000   0.000   0.000   0.
  2017 352 14 53 10 493 352.620260339     -10.06    -12.93      4.51  0.        -870.672      -1602.047      -3256.100    0.000   0.000   0.000   0.
  2017 352 14 53 11 493 352.620271913      -9.94    -12.74      4.73  0.        -867.306      -1604.090      -3255.146    0.000   0.000   0.000   0.
  2017 352 14 53 12 493 352.620283487      -9.85    -12.53      4.87  0.        -863.940      -1606.132      -3254.191    0.000   0.000   0.000   0.
  2017 352 14 53 13 493 352.620295061      -9.79    -12.32      5.12  0.        -860.573      -1608.173      -3253.232    0.000   0.000   0.000   0.
  2017 352 14 53 14 493 352.620306635      -9.67    -12.23      5.32  0.        -857.205      -1610.212      -3252.271    0.000   0.000   0.000   0.
  2017 352 14 53 15 493 352.620318209      -9.61    -12.21      5.34  0.        -853.837      -1612.250      -3251.307    0.000   0.000   0.000   0.
  2017 352 14 53 16 493 352.620329783      -9.62    -12.12      5.45  0.        -850.467      -1614.287      -3250.340    0.000   0.000   0.000   0.
  2017 352 14 53 17 493 352.620341357      -9.67    -11.95      5.71  0.        -847.097      -1616.323      -3249.371    0.000   0.000   0.000   0.
  2017 352 14 53 18 493 352.620352931      -9.64    -11.81      6.01  0.        -843.727      -1618.357      -3248.399    0.000   0.000   0.000   0.
  2017 352 14 53 19 493 352.620364505      -9.55    -11.78      6.13  0.        -840.356      -1620.390      -3247.424    0.000   0.000   0.000   0.
  2017 352 14 53 20 493 352.620376079      -9.48    -11.80      6.08  0.        -836.984      -1622.421      -3246.447    0.000   0.000   0.000   0.
  2017 352 14 53 21 493 352.620387653      -9.39    -11.71      5.93  0.        -833.611      -1624.451      -3245.467    0.000   0.000   0.000   0.
  2017 352 14 53 22 493 352.620399227      -9.25    -11.72      5.80  0.        -830.237      -1626.480      -3244.484    0.000   0.000   0.000   0.
  2017 352 14 53 23 493 352.620410802      -9.19    -11.66      6.01  0.        -826.863      -1628.507      -3243.499    0.000   0.000   0.000   0.
  2017 352 14 53 24 493 352.620422376      -9.14    -11.69      5.90  0.        -823.489      -1630.533      -3242.511    0.000   0.000   0.000   0.
  2017 352 14 53 25 493 352.620433950      -8.94    -11.52      5.98  0.        -820.113      -1632.558      -3241.521    0.000   0.000   0.000   0.
  2017 352 14 53 26 493 352.620445524      -8.93    -11.44      6.08  0.        -816.737      -1634.582      -3240.527    0.000   0.000   0.000   0.
  2017 352 14 53 27 493 352.620457098      -8.93    -11.28      6.15  0.        -813.360      -1636.604      -3239.531    0.000   0.000   0.000   0.
  2017 352 14 53 28 493 352.620468672      -9.02    -11.07      6.28  0.        -809.983      -1638.624      -3238.532    0.000   0.000   0.000   0.
  2017 352 14 53 29 493 352.620480246      -9.00    -11.05      6.35  0.        -806.604      -1640.644      -3237.530    0.000   0.000   0.000   0.
  2017 352 14 53 30 493 352.620491820      -8.91    -11.01      6.40  0.        -803.226      -1642.662      -3236.526    0.000   0.000   0.000   0.
  2017 352 14 53 31 492 352.620503394      -8.88    -10.94      6.59  0.        -799.846      -1644.678      -3235.519    0.000   0.000   0.000   0.
  2017 352 14 53 32 492 352.620514965      -8.81    -10.89      6.64  0.        -796.466      -1646.693      -3234.510    0.000   0.000   0.000   0.
  2017 352 14 53 33 492 352.620526539      -8.73    -10.79      6.85  0.        -793.085      -1648.707      -3233.497    0.000   0.000   0.000   0.
  2017 352 14 53 34 493 352.620538113      -8.41    -11.15      6.66  0.        -789.703      -1650.720      -3232.482    0.000   0.000   0.000   0.
  2017 352 14 53 35 492 352.620549687      -8.25    -11.17      6.64  0.        -786.321      -1652.731      -3231.465    0.000   0.000   0.000   0.
  2017 352 14 53 36 492 352.620561262      -8.34    -10.74      6.86  0.        -782.938      -1654.741      -3230.444    0.000   0.000   0.000   0.
  2017 352 14 53 37 492 352.620572836      -8.44    -10.37      7.25  0.        -779.555      -1656.749      -3229.421    0.000   0.000   0.000   0.
  2017 352 14 53 38 493 352.620584410      -8.42    -10.35      7.33  0.        -776.171      -1658.756      -3228.396    0.000   0.000   0.000   0.
  2017 352 14 53 39 493 352.620595984      -8.36    -10.28      7.45  0.        -772.786      -1660.762      -3227.367    0.000   0.000   0.000   0.
  2017 352 14 53 40 493 352.620607558      -8.28    -10.28      7.47  0.        -769.400      -1662.766      -3226.336    0.000   0.000   0.000   0.
  2017 352 14 53 41 493 352.620619132      -8.23    -10.22      7.40  0.        -766.014      -1664.769      -3225.302    0.000   0.000   0.000   0.
  2017 352 14 53 42 492 352.620630706      -8.16    -10.27      7.09  0.        -762.628      -1666.771      -3224.265    0.000   0.000   0.000   0.
  2017 352 14 53 43 492 352.620642280      -8.01    -10.36      6.78  0.        -759.240      -1668.771      -3223.226    0.000   0.000   0.000   0.
  2017 352 14 53 44 492 352.620653854      -7.88    -10.37      6.63  0.        -755.852      -1670.770      -3222.184    0.000   0.000   0.000   0.
  2017 352 14 53 45 492 352.620665428      -7.83    -10.37      6.68  0.        -752.463      -1672.767      -3221.139    0.000   0.000   0.000   0.
  2017 352 14 53 46 492 352.620677002      -7.74    -10.35      6.67  0.        -749.074      -1674.763      -3220.092    0.000   0.000   0.000   0.
  2017 352 14 53 47 493 352.620688576      -7.69    -10.37      6.55  0.        -745.684      -1676.757      -3219.042    0.000   0.000   0.000   0.
  2017 352 14 53 48 493 352.620700150      -7.65    -10.41      6.39  0.        -742.294      -1678.751      -3217.989    0.000   0.000   0.000   0.
  2017 352 14 53 49 492 352.620711725      -7.59    -10.46      6.38  0.        -738.903      -1680.742      -3216.934    0.000   0.000   0.000   0.
  2017 352 14 53 50 492 352.620723299      -7.45    -10.37      6.39  0.        -735.511      -1682.733      -3215.875    0.000   0.000   0.000   0.
  2017 352 14 53 51 493 352.620734873      -7.28    -10.28      6.42  0.        -732.118      -1684.722      -3214.814    0.000   0.000   0.000   0.
  2017 352 14 53 52 493 352.620746447      -7.19    -10.49      6.20  0.        -728.725      -1686.709      -3213.751    0.000   0.000   0.000   0.
  2017 352 14 53 53 493 352.620758021      -7.05    -10.71      5.84  0.        -725.332      -1688.695      -3212.684    0.000   0.000   0.000   0.
  2017 352 14 53 54 493 352.620769595      -6.89    -10.94      5.37  0.        -721.937      -1690.680      -3211.615    0.000   0.000   0.000   0.
  2017 352 14 53 55 493 352.620781169      -6.74    -11.06      4.78  0.        -718.542      -1692.663      -3210.544    0.000   0.000   0.000   0.
  2017 352 14 53 56 492 352.620792743      -6.58    -11.10      4.27  0.        -715.147      -1694.645      -3209.469    0.000   0.000   0.000   0.
  2017 352 14 53 57 492 352.620804317      -6.39    -10.98      3.91  0.        -711.751      -1696.625      -3208.392    0.000   0.000   0.000   0.
  2017 352 14 53 58 492 352.620815891      -6.25    -10.85      3.85  0.        -708.354      -1698.604      -3207.312    0.000   0.000   0.000   0.
  2017 352 14 53 59 492 352.620827465      -6.25    -10.72      4.10  0.        -704.957      -1700.582      -3206.230    0.000   0.000   0.000   0.
  2017 352 14 54  0 492 352.620839039      -6.18    -10.58      4.30  0.        -701.559      -1702.558      -3205.144    0.000   0.000   0.000   0.
  2017 352 14 54  1 493 352.620850613      -6.05    -10.18      4.52  0.        -698.160      -1704.533      -3204.056    0.000   0.000   0.000   0.
  2017 352 14 54  2 492 352.620862185      -6.05     -9.86      4.52  0.        -694.761      -1706.506      -3202.965    0.000   0.000   0.000   0.
  2017 352 14 54  3 492 352.620873759      -6.10     -9.94      4.32  0.        -691.361      -1708.478      -3201.872    0.000   0.000   0.000   0.
  2017 352 14 54  4 492 352.620885333      -6.02    -10.21      4.10  0.        -687.961      -1710.448      -3200.776    0.000   0.000   0.000   0.
  2017 352 14 54  5 492 352.620896907      -5.83    -10.45      3.52  0.        -684.560      -1712.417      -3199.677    0.000   0.000   0.000   0.
  2017 352 14 54  6 492 352.620908481      -5.63    -10.63      2.98  0.        -681.159      -1714.385      -3198.575    0.000   0.000   0.000   0.
  2017 352 14 54  7 492 352.620920055      -5.35    -10.91      2.59  0.        -677.757      -1716.351      -3197.471    0.000   0.000   0.000   0.
  2017 352 14 54  8 492 352.620931629      -5.08    -11.31      1.90  0.        -674.354      -1718.315      -3196.364    0.000   0.000   0.000   0.
  2017 352 14 54  9 492 352.620943203      -5.17    -12.16      1.63  0.        -670.951      -1720.278      -3195.254    0.000   0.000   0.000   0.
  2017 352 14 54 10 492 352.620954777      -5.33    -12.80      1.69  0.        -667.547      -1722.240      -3194.142    0.000   0.000   0.000   0.
  2017 352 14 54 11 492 352.620966351      -5.53    -12.87      2.03  0.        -664.143      -1724.200      -3193.026    0.000   0.000   0.000   0.
  2017 352 14 54 12 492 352.620977925      -5.72    -12.78      2.55  0.        -660.738      -1726.159      -3191.908    0.000   0.000   0.000   0.
  2017 352 14 54 13 492 352.620989499      -5.75    -12.69      2.81  0.        -657.333      -1728.116      -3190.788    0.000   0.000   0.000   0.
  2017 352 14 54 14 492 352.621001073      -5.77    -12.56      2.79  0.        -653.927      -1730.072      -3189.664    0.000   0.000   0.000   0.
  2017 352 14 54 15 492 352.621012648      -5.79    -12.30      2.90  0.        -650.520      -1732.027      -3188.538    0.000   0.000   0.000   0.
  2017 352 14 54 16 492 352.621024222      -5.88    -12.14      3.08  0.        -647.113      -1733.979      -3187.410    0.000   0.000   0.000   0.
  2017 352 14 54 17 492 352.621035796      -6.02    -12.03      3.19  0.        -643.705      -1735.931      -3186.278    0.000   0.000   0.000   0.
  2017 352 14 54 18 492 352.621047370      -6.19    -11.82      3.29  0.        -640.297      -1737.881      -3185.144    0.000   0.000   0.000   0.
  2017 352 14 54 19 492 352.621058944      -6.25    -11.68      3.44  0.        -636.888      -1739.829      -3184.007    0.000   0.000   0.000   0.
  2017 352 14 54 20 492 352.621070518      -6.27    -11.37      3.88  0.        -633.479      -1741.776      -3182.867    0.000   0.000   0.000   0.
  2017 352 14 54 21 492 352.621082092      -6.34    -11.29      4.10  0.        -630.069      -1743.722      -3181.725    0.000   0.000   0.000   0.
  2017 352 14 54 22 492 352.621093666      -6.42    -11.26      4.03  0.        -626.658      -1745.666      -3180.580    0.000   0.000   0.000   0.
  2017 352 14 54 23 492 352.621105240      -6.60    -11.39      3.79  0.        -623.247      -1747.608      -3179.432    0.000   0.000   0.000   0.
  2017 352 14 54 24 492 352.621116814      -6.75    -11.43      3.53  0.        -619.836      -1749.549      -3178.281    0.000   0.000   0.000   0.
  2017 352 14 54 25 492 352.621128388      -6.91    -11.45      3.49  0.        -616.424      -1751.489      -3177.128    0.000   0.000   0.000   0.
  2017 352 14 54 26 492 352.621139962      -7.06    -11.32      3.56  0.        -613.011      -1753.427      -3175.972    0.000   0.000   0.000   0.
  2017 352 14 54 27 492 352.621151536      -7.11    -10.97      3.70  0.        -609.598      -1755.364      -3174.813    0.000   0.000   0.000   0.
  2017 352 14 54 28 492 352.621163111      -7.19    -10.78      3.85  0.        -606.184      -1757.299      -3173.651    0.000   0.000   0.000   0.
  2017 352 14 54 29 492 352.621174685      -7.28    -10.87      3.92  0.        -602.770      -1759.232      -3172.487    0.000   0.000   0.000   0.
  2017 352 14 54 30 492 352.621186259      -7.40    -10.88      4.05  0.        -599.355      -1761.164      -3171.320    0.000   0.000   0.000   0.
  2017 352 14 54 31 492 352.621197833      -7.54    -10.90      4.21  0.        -595.940      -1763.095      -3170.150    0.000   0.000   0.000   0.
  2017 352 14 54 32 492 352.621209407      -7.57    -10.81      4.28  0.        -592.524      -1765.024      -3168.978    0.000   0.000   0.000   0.
  2017 352 14 54 33 492 352.621220981      -7.65    -10.73      4.33  0.        -589.108      -1766.951      -3167.803    0.000   0.000   0.000   0.
  2017 352 14 54 34 492 352.621232552      -7.67    -10.71      4.28  0.        -585.691      -1768.877      -3166.625    0.000   0.000   0.000   0.
  2017 352 14 54 35 492 352.621244126      -7.72    -10.50      4.40  0.        -582.274      -1770.802      -3165.444    0.000   0.000   0.000   0.
  2017 352 14 54 36 492 352.621255700      -7.78    -10.42      4.48  0.        -578.857      -1772.725      -3164.261    0.000   0.000   0.000   0.
  2017 352 14 54 37 492 352.621267274      -7.83    -10.44      4.51  0.        -575.438      -1774.646      -3163.075    0.000   0.000   0.000   0.
  2017 352 14 54 38 492 352.621278848      -7.84    -10.44      4.47  0.        -572.019      -1776.566      -3161.886    0.000   0.000   0.000   0.
  2017 352 14 54 39 492 352.621290423      -7.84    -10.47      4.40  0.        -568.600      -1778.485      -3160.695    0.000   0.000   0.000   0.
  2017 352 14 54 40 492 352.621301997      -7.86    -10.49      4.34  0.        -565.180      -1780.401      -3159.500    0.000   0.000   0.000   0.
  2017 352 14 54 41 492 352.621313571      -7.88    -10.50      4.34  0.        -561.760      -1782.317      -3158.303    0.000   0.000   0.000   0.
  2017 352 14 54 42 492 352.621325145      -7.90    -10.47      4.30  0.        -558.339      -1784.231      -3157.103    0.000   0.000   0.000   0.
  2017 352 14 54 43 492 352.621336719      -7.92    -10.45      4.26  0.        -554.918      -1786.143      -3155.901    0.000   0.000   0.000   0.
  2017 352 14 54 44 492 352.621348293      -8.01    -10.42      4.27  0.        -551.496      -1788.054      -3154.696    0.000   0.000   0.000   0.
  2017 352 14 54 45 492 352.621359867      -8.15    -10.38      4.33  0.        -548.074      -1789.963      -3153.488    0.000   0.000   0.000   0.
  2017 352 14 54 46 492 352.621371441      -8.28    -10.29      4.39  0.        -544.652      -1791.870      -3152.277    0.000   0.000   0.000   0.
  2017 352 14 54 47 492 352.621383015      -8.31    -10.17      4.38  0.        -541.228      -1793.776      -3151.064    0.000   0.000   0.000   0.
  2017 352 14 54 48 492 352.621394589      -8.36    -10.24      4.17  0.        -537.805      -1795.681      -3149.848    0.000   0.000   0.000   0.
  2017 352 14 54 49 492 352.621406163      -8.41    -10.33      3.81  0.        -534.380      -1797.584      -3148.629    0.000   0.000   0.000   0.
  2017 352 14 54 50 492 352.621417737      -8.45    -10.35      3.51  0.        -530.956      -1799.485      -3147.407    0.000   0.000   0.000   0.
  2017 352 14 54 51 492 352.621429311      -8.46    -10.35      3.30  0.        -527.531      -1801.385      -3146.183    0.000   0.000   0.000   0.
  2017 352 14 54 52 492 352.621440885      -8.40    -10.27      3.29  0.        -524.106      -1803.284      -3144.955    0.000   0.000   0.000   0.
  2017 352 14 54 53 492 352.621452460      -8.34    -10.21      3.34  0.        -520.680      -1805.180      -3143.726    0.000   0.000   0.000   0.
  2017 352 14 54 54 492 352.621464034      -8.23    -10.08      3.40  0.        -517.253      -1807.076      -3142.493    0.000   0.000   0.000   0.
  2017 352 14 54 55 492 352.621475608      -8.09     -9.97      3.66  0.        -513.826      -1808.969      -3141.258    0.000   0.000   0.000   0.
  2017 352 14 54 56 492 352.621487182      -7.96     -9.92      4.08  0.        -510.399      -1810.861      -3140.020    0.000   0.000   0.000   0.
  2017 352 14 54 57 492 352.621498756      -7.81    -10.00      4.67  0.        -506.971      -1812.752      -3138.779    0.000   0.000   0.000   0.
  2017 352 14 54 58 492 352.621510330      -7.83    -10.18      5.16  0.        -503.543      -1814.640      -3137.535    0.000   0.000   0.000   0.
  2017 352 14 54 59 492 352.621521904      -7.82    -10.25      5.33  0.        -500.115      -1816.528      -3136.289    0.000   0.000   0.000   0.
  2017 352 14 55  0 492 352.621533478      -7.72    -10.33      5.53  0.        -496.685      -1818.414      -3135.040    0.000   0.000   0.000   0.
  2017 352 14 55  1 492 352.621545052      -7.69    -10.43      5.77  0.        -493.256      -1820.298      -3133.788    0.000   0.000   0.000   0.
  2017 352 14 55  2 492 352.621556626      -7.52    -10.32      5.90  0.        -489.826      -1822.181      -3132.534    0.000   0.000   0.000   0.
  2017 352 14 55  3 492 352.621568200      -7.34    -10.24      6.18  0.        -486.396      -1824.062      -3131.276    0.000   0.000   0.000   0.
  2017 352 14 55  4 492 352.621579771      -7.19    -10.25      6.43  0.        -482.965      -1825.941      -3130.016    0.000   0.000   0.000   0.
  2017 352 14 55  5 492 352.621591345      -7.08    -10.32      6.60  0.        -479.534      -1827.819      -3128.754    0.000   0.000   0.000   0.
  2017 352 14 55  6 492 352.621602920      -6.96    -10.33      6.68  0.        -476.102      -1829.695      -3127.488    0.000   0.000   0.000   0.
  2017 352 14 55  7 492 352.621614494      -6.91    -10.29      6.67  0.        -472.670      -1831.570      -3126.220    0.000   0.000   0.000   0.
  2017 352 14 55  8 492 352.621626068      -7.05    -10.30      6.39  0.        -469.237      -1833.443      -3124.949    0.000   0.000   0.000   0.
  2017 352 14 55  9 492 352.621637642      -7.25    -10.33      6.11  0.        -465.804      -1835.314      -3123.675    0.000   0.000   0.000   0.
  2017 352 14 55 10 492 352.621649216      -7.37    -10.36      5.81  0.        -462.371      -1837.184      -3122.399    0.000   0.000   0.000   0.
  2017 352 14 55 11 492 352.621660790      -7.43    -10.38      5.61  0.        -458.937      -1839.052      -3121.120    0.000   0.000   0.000   0.
  2017 352 14 55 12 492 352.621672364      -7.47    -10.38      5.52  0.        -455.503      -1840.919      -3119.838    0.000   0.000   0.000   0.
  2017 352 14 55 13 492 352.621683938      -7.51    -10.37      5.46  0.        -452.069      -1842.784      -3118.553    0.000   0.000   0.000   0.
  2017 352 14 55 14 492 352.621695512      -7.57    -10.26      5.50  0.        -448.634      -1844.647      -3117.266    0.000   0.000   0.000   0.
  2017 352 14 55 15 492 352.621707086      -7.66    -10.18      5.52  0.        -445.198      -1846.509      -3115.976    0.000   0.000   0.000   0.
  2017 352 14 55 16 492 352.621718660      -7.69    -10.07      5.59  0.        -441.763      -1848.369      -3114.683    0.000   0.000   0.000   0.
  2017 352 14 55 17 492 352.621730234      -7.67    -10.04      5.54  0.        -438.326      -1850.228      -3113.387    0.000   0.000   0.000   0.
  2017 352 14 55 18 492 352.621741808      -7.68    -10.08      5.49  0.        -434.890      -1852.085      -3112.089    0.000   0.000   0.000   0.
  2017 352 14 55 19 492 352.621753383      -7.64    -10.07      5.41  0.        -431.453      -1853.940      -3110.787    0.000   0.000   0.000   0.
  2017 352 14 55 20 492 352.621764957      -7.62    -10.12      5.41  0.        -428.016      -1855.794      -3109.484    0.000   0.000   0.000   0.
  2017 352 14 55 21 492 352.621776531      -7.55    -10.14      5.42  0.        -424.578      -1857.646      -3108.177    0.000   0.000   0.000   0.
  2017 352 14 55 22 492 352.621788105      -7.51    -10.23      5.38  0.        -421.140      -1859.496      -3106.868    0.000   0.000   0.000   0.
  2017 352 14 55 23 492 352.621799679      -7.55    -10.28      5.27  0.        -417.701      -1861.345      -3105.556    0.000   0.000   0.000   0.
  2017 352 14 55 24 492 352.621811253      -7.63    -10.31      5.19  0.        -414.263      -1863.192      -3104.241    0.000   0.000   0.000   0.
  2017 352 14 55 25 492 352.621822827      -7.72    -10.32      5.06  0.        -410.823      -1865.038      -3102.923    0.000   0.000   0.000   0.
  2017 352 14 55 26 492 352.621834401      -7.82    -10.25      5.08  0.        -407.384      -1866.882      -3101.603    0.000   0.000   0.000   0.
  2017 352 14 55 27 492 352.621845975      -7.81    -10.24      5.14  0.        -403.944      -1868.724      -3100.280    0.000   0.000   0.000   0.
  2017 352 14 55 28 492 352.621857549      -7.95    -10.05      5.31  0.        -400.504      -1870.564      -3098.954    0.000   0.000   0.000   0.
  2017 352 14 55 29 492 352.621869123      -8.09    -10.01      5.34  0.        -397.063      -1872.403      -3097.625    0.000   0.000   0.000   0.
  2017 352 14 55 30 492 352.621880697      -8.12     -9.99      5.24  0.        -393.622      -1874.241      -3096.294    0.000   0.000   0.000   0.
  2017 352 14 55 31 491 352.621892271      -8.12     -9.94      5.13  0.        -390.181      -1876.076      -3094.960    0.000   0.000   0.000   0.
  2017 352 14 55 32 491 352.621903843      -8.25     -9.98      5.11  0.        -386.739      -1877.910      -3093.623    0.000   0.000   0.000   0.
  2017 352 14 55 33 492 352.621915417      -8.35     -9.93      5.06  0.        -383.297      -1879.742      -3092.283    0.000   0.000   0.000   0.
  2017 352 14 55 34 492 352.621926991      -8.36     -9.88      5.11  0.        -379.855      -1881.573      -3090.941    0.000   0.000   0.000   0.
  2017 352 14 55 35 492 352.621938565      -8.37     -9.88      5.19  0.        -376.412      -1883.402      -3089.596    0.000   0.000   0.000   0.
  2017 352 14 55 36 492 352.621950139      -8.35     -9.90      5.30  0.        -372.969      -1885.229      -3088.248    0.000   0.000   0.000   0.
  2017 352 14 55 37 492 352.621961713      -8.39     -9.90      5.30  0.        -369.525      -1887.055      -3086.898    0.000   0.000   0.000   0.
  2017 352 14 55 38 491 352.621973287      -8.47     -9.81      5.27  0.        -366.082      -1888.879      -3085.544    0.000   0.000   0.000   0.
  2017 352 14 55 39 491 352.621984861      -8.58     -9.74      5.31  0.        -362.638      -1890.701      -3084.188    0.000   0.000   0.000   0.
  2017 352 14 55 40 491 352.621996435      -8.71     -9.72      5.34  0.        -359.193      -1892.522      -3082.829    0.000   0.000   0.000   0.
  2017 352 14 55 41 491 352.622008009      -8.82     -9.78      5.28  0.        -355.749      -1894.341      -3081.468    0.000   0.000   0.000   0.
  2017 352 14 55 42 491 352.622019583      -8.97     -9.66      5.19  0.        -352.304      -1896.158      -3080.104    0.000   0.000   0.000   0.
  2017 352 14 55 43 492 352.622031157      -9.19     -9.61      5.20  0.        -348.858      -1897.974      -3078.737    0.000   0.000   0.000   0.
  2017 352 14 55 44 492 352.622042731      -9.35     -9.48      5.04  0.        -345.413      -1899.788      -3077.367    0.000   0.000   0.000   0.
  2017 352 14 55 45 491 352.622054306      -9.46     -9.38      5.07  0.        -341.967      -1901.600      -3075.994    0.000   0.000   0.000   0.
  2017 352 14 55 46 491 352.622065880      -9.61     -9.27      4.99  0.        -338.520      -1903.410      -3074.619    0.000   0.000   0.000   0.
  2017 352 14 55 47 492 352.622077454      -9.82     -9.12      4.94  0.        -335.074      -1905.219      -3073.241    0.000   0.000   0.000   0.
  2017 352 14 55 48 492 352.622089028      -9.99     -8.90      4.87  0.        -331.627      -1907.026      -3071.860    0.000   0.000   0.000   0.
  2017 352 14 55 49 492 352.622100602     -10.06     -8.80      4.75  0.        -328.180      -1908.832      -3070.477    0.000   0.000   0.000   0.
  2017 352 14 55 50 492 352.622112176     -10.13     -8.75      4.62  0.        -324.732      -1910.636      -3069.090    0.000   0.000   0.000   0.
  2017 352 14 55 51 492 352.622123750     -10.32     -8.56      4.55  0.        -321.284      -1912.438      -3067.701    0.000   0.000   0.000   0.
  2017 352 14 55 52 491 352.622135324     -10.60     -8.26      4.46  0.        -317.836      -1914.238      -3066.310    0.000   0.000   0.000   0.
  2017 352 14 55 53 491 352.622146898     -10.91     -8.07      4.25  0.        -314.388      -1916.037      -3064.915    0.000   0.000   0.000   0.
  2017 352 14 55 54 491 352.622158472     -11.16     -7.98      3.92  0.        -310.939      -1917.834      -3063.518    0.000   0.000   0.000   0.
  2017 352 14 55 55 491 352.622170046     -11.46     -7.91      3.60  0.        -307.490      -1919.629      -3062.118    0.000   0.000   0.000   0.
  2017 352 14 55 56 492 352.622181620     -11.70     -7.89      3.20  0.        -304.041      -1921.422      -3060.715    0.000   0.000   0.000   0.
  2017 352 14 55 57 492 352.622193194     -11.81     -7.91      2.80  0.        -300.592      -1923.214      -3059.310    0.000   0.000   0.000   0.
  2017 352 14 55 58 491 352.622204769     -11.85     -7.96      2.42  0.        -297.142      -1925.004      -3057.901    0.000   0.000   0.000   0.
  2017 352 14 55 59 491 352.622216343     -11.92     -7.96      2.15  0.        -293.692      -1926.793      -3056.490    0.000   0.000   0.000   0.
  2017 352 14 56  0 492 352.622227917     -12.04     -7.87      2.02  0.        -290.242      -1928.579      -3055.077    0.000   0.000   0.000   0.
  2017 352 14 56  1 492 352.622239490     -12.18     -7.72      2.02  0.        -286.791      -1930.364      -3053.660    0.000   0.000   0.000   0.
  2017 352 14 56  2 491 352.622251062     -12.34     -7.64      2.00  0.        -283.340      -1932.147      -3052.241    0.000   0.000   0.000   0.
  2017 352 14 56  3 491 352.622262636     -12.49     -7.63      1.97  0.        -279.889      -1933.929      -3050.819    0.000   0.000   0.000   0.
  2017 352 14 56  4 491 352.622274210     -12.67     -7.62      1.82  0.        -276.438      -1935.708      -3049.394    0.000   0.000   0.000   0.
  2017 352 14 56  5 491 352.622285784     -12.82     -7.55      1.90  0.        -272.986      -1937.486      -3047.967    0.000   0.000   0.000   0.
  2017 352 14 56  6 491 352.622297358     -12.97     -7.45      1.98  0.        -269.534      -1939.263      -3046.536    0.000   0.000   0.000   0.
  2017 352 14 56  7 491 352.622308932     -13.11     -7.49      1.96  0.        -266.082      -1941.037      -3045.103    0.000   0.000   0.000   0.
  2017 352 14 56  8 491 352.622320506     -13.20     -7.51      1.96  0.        -262.630      -1942.810      -3043.668    0.000   0.000   0.000   0.
  2017 352 14 56  9 491 352.622332080     -13.40     -7.57      2.01  0.        -259.177      -1944.581      -3042.229    0.000   0.000   0.000   0.
  2017 352 14 56 10 491 352.622343654     -13.46     -7.41      2.29  0.        -255.725      -1946.350      -3040.788    0.000   0.000   0.000   0.
  2017 352 14 56 11 491 352.622355229     -13.66     -7.37      2.41  0.        -252.271      -1948.118      -3039.344    0.000   0.000   0.000   0.
  2017 352 14 56 12 491 352.622366803     -13.82     -7.50      2.40  0.        -248.818      -1949.883      -3037.897    0.000   0.000   0.000   0.
  2017 352 14 56 13 491 352.622378377     -13.78     -7.41      2.31  0.        -245.365      -1951.648      -3036.448    0.000   0.000   0.000   0.
  2017 352 14 56 14 491 352.622389951     -13.81     -7.51      2.21  0.        -241.911      -1953.410      -3034.996    0.000   0.000   0.000   0.
  2017 352 14 56 15 491 352.622401525     -13.84     -7.51      2.15  0.        -238.457      -1955.170      -3033.541    0.000   0.000   0.000   0.
  2017 352 14 56 16 491 352.622413099     -13.93     -7.41      2.03  0.        -235.003      -1956.929      -3032.083    0.000   0.000   0.000   0.
  2017 352 14 56 17 491 352.622424673     -13.99     -7.47      1.86  0.        -231.548      -1958.686      -3030.623    0.000   0.000   0.000   0.
  2017 352 14 56 18 491 352.622436247     -14.03     -7.59      1.64  0.        -228.094      -1960.441      -3029.160    0.000   0.000   0.000   0.
  2017 352 14 56 19 491 352.622447821     -14.04     -7.71      1.53  0.        -224.639      -1962.195      -3027.694    0.000   0.000   0.000   0.
  2017 352 14 56 20 491 352.622459395     -14.05     -7.86      1.43  0.        -221.184      -1963.946      -3026.225    0.000   0.000   0.000   0.
  2017 352 14 56 21 491 352.622470969     -14.01     -8.01      1.45  0.        -217.729      -1965.696      -3024.754    0.000   0.000   0.000   0.
  2017 352 14 56 22 491 352.622482543     -13.99     -8.11      1.49  0.        -214.273      -1967.444      -3023.279    0.000   0.000   0.000   0.
  2017 352 14 56 23 491 352.622494117     -14.00     -8.23      1.46  0.        -210.818      -1969.191      -3021.802    0.000   0.000   0.000   0.
  2017 352 14 56 24 491 352.622505692     -14.03     -8.43      1.46  0.        -207.362      -1970.935      -3020.323    0.000   0.000   0.000   0.
  2017 352 14 56 25 491 352.622517266     -14.08     -8.67      1.51  0.        -203.906      -1972.678      -3018.840    0.000   0.000   0.000   0.
  2017 352 14 56 26 491 352.622528840     -14.11     -8.87      1.56  0.        -200.450      -1974.419      -3017.355    0.000   0.000   0.000   0.
  2017 352 14 56 27 491 352.622540414     -14.14     -9.05      1.75  0.        -196.993      -1976.158      -3015.867    0.000   0.000   0.000   0.
  2017 352 14 56 28 491 352.622551988     -14.13     -9.23      1.99  0.        -193.537      -1977.896      -3014.377    0.000   0.000   0.000   0.
  2017 352 14 56 29 491 352.622563562     -14.07     -9.53      1.93  0.        -190.080      -1979.631      -3012.883    0.000   0.000   0.000   0.
  2017 352 14 56 30 491 352.622575136     -13.82     -9.90      1.73  0.        -186.623      -1981.365      -3011.387    0.000   0.000   0.000   0.
  2017 352 14 56 31 491 352.622586710     -13.51    -10.22      1.50  0.        -183.166      -1983.097      -3009.888    0.000   0.000   0.000   0.
  2017 352 14 56 32 491 352.622598281     -13.29    -10.47      1.23  0.        -179.708      -1984.828      -3008.387    0.000   0.000   0.000   0.
  2017 352 14 56 33 491 352.622609855     -13.05    -10.73      0.92  0.        -176.251      -1986.556      -3006.883    0.000   0.000   0.000   0.
  2017 352 14 56 34 491 352.622621429     -12.90    -10.96      0.91  0.        -172.793      -1988.283      -3005.376    0.000   0.000   0.000   0.
  2017 352 14 56 35 491 352.622633003     -12.79    -11.27      0.81  0.        -169.336      -1990.008      -3003.866    0.000   0.000   0.000   0.
  2017 352 14 56 36 491 352.622644578     -12.62    -11.61      0.41  0.        -165.878      -1991.731      -3002.353    0.000   0.000   0.000   0.
  2017 352 14 56 37 491 352.622656152     -12.61    -11.91     -0.22  0.        -162.420      -1993.452      -3000.838    0.000   0.000   0.000   0.
  2017 352 14 56 38 491 352.622667726     -12.49    -11.92     -0.59  0.        -158.961      -1995.171      -2999.320    0.000   0.000   0.000   0.
  2017 352 14 56 39 491 352.622679300     -12.38    -11.95     -0.71  0.        -155.503      -1996.889      -2997.799    0.000   0.000   0.000   0.
  2017 352 14 56 40 491 352.622690874     -12.31    -11.98     -0.67  0.        -152.044      -1998.605      -2996.276    0.000   0.000   0.000   0.
  2017 352 14 56 41 491 352.622702448     -12.25    -12.02     -0.52  0.        -148.586      -2000.319      -2994.749    0.000   0.000   0.000   0.
  2017 352 14 56 42 491 352.622714022     -12.20    -12.06     -0.27  0.        -145.127      -2002.031      -2993.220    0.000   0.000   0.000   0.
  2017 352 14 56 43 491 352.622725596     -12.19    -12.11     -0.04  0.        -141.668      -2003.741      -2991.689    0.000   0.000   0.000   0.
  2017 352 14 56 44 491 352.622737170     -12.14    -12.13      0.20  0.        -138.209      -2005.450      -2990.154    0.000   0.000   0.000   0.
  2017 352 14 56 45 491 352.622748744     -12.06    -12.17      0.37  0.        -134.750      -2007.156      -2988.617    0.000   0.000   0.000   0.
  2017 352 14 56 46 491 352.622760318     -11.98    -12.23      0.50  0.        -131.290      -2008.861      -2987.077    0.000   0.000   0.000   0.
  2017 352 14 56 47 491 352.622771892     -11.91    -12.33      0.58  0.        -127.831      -2010.564      -2985.534    0.000   0.000   0.000   0.
  2017 352 14 56 48 491 352.622783466     -11.89    -12.37      0.55  0.        -124.371      -2012.266      -2983.989    0.000   0.000   0.000   0.
  2017 352 14 56 49 491 352.622795041     -11.88    -12.44      0.33  0.        -120.911      -2013.965      -2982.441    0.000   0.000   0.000   0.
  2017 352 14 56 50 491 352.622806615     -11.85    -12.47      0.14  0.        -117.452      -2015.662      -2980.890    0.000   0.000   0.000   0.
  2017 352 14 56 51 491 352.622818189     -11.74    -12.43     -0.03  0.        -113.992      -2017.358      -2979.336    0.000   0.000   0.000   0.
  2017 352 14 56 52 491 352.622829763     -11.56    -12.37     -0.15  0.        -110.532      -2019.052      -2977.780    0.000   0.000   0.000   0.
  2017 352 14 56 53 491 352.622841337     -11.31    -12.27     -0.36  0.        -107.072      -2020.744      -2976.221    0.000   0.000   0.000   0.
  2017 352 14 56 54 491 352.622852911     -11.06    -12.17     -0.71  0.        -103.611      -2022.434      -2974.659    0.000   0.000   0.001   0.
  2017 352 14 56 55 491 352.622864485     -10.78    -12.01     -1.04  0.        -100.151      -2024.122      -2973.094    0.000   0.000   0.001   0.
  2017 352 14 56 56 491 352.622876059     -10.56    -11.81     -1.22  0.         -96.690      -2025.809      -2971.527    0.000   0.000   0.000   0.
  2017 352 14 56 57 491 352.622887633     -10.35    -11.56     -1.45  0.         -93.230      -2027.493      -2969.957    0.000   0.000   0.000   0.
  2017 352 14 56 58 491 352.622899207     -10.14    -11.35     -1.77  0.         -89.769      -2029.176      -2968.384    0.000   0.000   0.001   0.
  2017 352 14 56 59 491 352.622910781      -9.92    -11.20     -2.07  0.         -86.308      -2030.857      -2966.809    0.000   0.000   0.001   0.
  2017 352 14 57  0 491 352.622922355      -9.69    -10.97     -2.35  0.         -82.848      -2032.536      -2965.230    0.000   0.000   0.001   0.
  2017 352 14 57  1 491 352.622933929      -9.53    -10.81     -2.59  0.         -79.387      -2034.213      -2963.649    0.000   0.000   0.001   0.
  2017 352 14 57  2 491 352.622945501      -9.43    -10.74     -2.78  0.         -75.926      -2035.888      -2962.066    0.000   0.000   0.001   0.
  2017 352 14 57  3 491 352.622957075      -9.37    -10.69     -2.98  0.         -72.465      -2037.562      -2960.479    0.000   0.000   0.001   0.
  2017 352 14 57  4 491 352.622968649      -9.23    -10.61     -3.21  0.         -69.004      -2039.233      -2958.890    0.000   0.000   0.001   0.
  2017 352 14 57  5 491 352.622980223      -9.13    -10.52     -3.34  0.         -65.543      -2040.903      -2957.298    0.000   0.000   0.001   0.
  2017 352 14 57  6 491 352.622991797      -9.00    -10.26     -3.55  0.         -62.081      -2042.571      -2955.704    0.000   0.000   0.001   0.
  2017 352 14 57  7 491 352.623003371      -8.87    -10.00     -3.55  0.         -58.620      -2044.237      -2954.106    0.000  -0.000   0.001   0.
  2017 352 14 57  8 491 352.623014945      -8.76     -9.76     -3.10  0.         -55.158      -2045.901      -2952.506    0.000  -0.001   0.002   0.
  2017 352 14 57  9 491 352.623026519      -8.58     -9.60     -2.41  0.         -51.697      -2047.563      -2950.903    0.000  -0.001   0.002   0.
  2017 352 14 57 10 491 352.623038093      -8.52     -9.58     -2.01  0.         -48.236      -2049.223      -2949.298    0.000  -0.001   0.002   0.
  2017 352 14 57 11 491 352.623049667      -8.56     -9.47     -2.16  0.         -44.774      -2050.882      -2947.690    0.000  -0.001   0.002   0.
  2017 352 14 57 12 491 352.623061241      -8.56     -9.30     -2.43  0.         -41.312      -2052.538      -2946.078    0.000  -0.001   0.002   0.
  2017 352 14 57 13 491 352.623072815      -8.57     -9.15     -2.63  0.         -37.851      -2054.193      -2944.465    0.000  -0.001   0.002   0.
  2017 352 14 57 14 491 352.623084389      -8.63     -8.99     -2.83  0.         -34.389      -2055.846      -2942.848    0.000  -0.001   0.002   0.
  2017 352 14 57 15 491 352.623095964      -8.66     -8.75     -3.14  0.         -30.928      -2057.496      -2941.229    0.000  -0.001   0.002   0.
  2017 352 14 57 16 491 352.623107538      -8.75     -8.47     -3.49  0.         -27.466      -2059.145      -2939.607    0.000  -0.001   0.002   0.
  2017 352 14 57 17 491 352.623119112      -8.83     -8.12     -3.86  0.         -24.004      -2060.792      -2937.983    0.000  -0.001   0.002   0.
  2017 352 14 57 18 491 352.623130686      -8.87     -7.88     -4.09  0.         -20.542      -2062.438      -2936.355    0.000  -0.001   0.002   0.
  2017 352 14 57 19 491 352.623142260      -8.87     -7.70     -4.20  0.         -17.080      -2064.081      -2934.725    0.000  -0.001   0.002   0.
  2017 352 14 57 20 491 352.623153834      -8.87     -7.51     -4.25  0.         -13.619      -2065.722      -2933.093    0.000  -0.001   0.002   0.
  2017 352 14 57 21 491 352.623165408      -8.94     -7.41     -4.30  0.         -10.157      -2067.362      -2931.457    0.000  -0.001   0.002   0.
  2017 352 14 57 22 491 352.623176982      -9.02     -7.30     -4.37  0.          -6.695      -2068.999      -2929.819    0.000  -0.001   0.003   0.
  2017 352 14 57 23 491 352.623188556      -9.10     -7.28     -4.39  0.          -3.233      -2070.635      -2928.178    0.000  -0.001   0.003   0.
  2017 352 14 57 24 491 352.623200130      -9.24     -7.32     -4.37  0.           0.229      -2072.268      -2926.534    0.000  -0.001   0.003   0.
  2017 352 14 57 25 491 352.623211704      -9.36     -7.31     -4.34  0.           3.691      -2073.900      -2924.888    0.000  -0.001   0.003   0.
  2017 352 14 57 26 491 352.623223278      -9.53     -7.34     -4.26  0.           7.153      -2075.530      -2923.239    0.000  -0.001   0.003   0.
  2017 352 14 57 27 491 352.623234852      -9.68     -7.37     -4.14  0.          10.614      -2077.158      -2921.587    0.000  -0.001   0.003   0.
  2017 352 14 57 28 491 352.623246427      -9.81     -7.39     -3.94  0.          14.076      -2078.784      -2919.932    0.000  -0.001   0.004   0.
  2017 352 14 57 29 491 352.623258001      -9.97     -7.42     -3.75  0.          17.538      -2080.408      -2918.275    0.000  -0.001   0.004   0.
  2017 352 14 57 30 491 352.623269575     -10.08     -7.41     -3.50  0.          21.000      -2082.030      -2916.615    0.000  -0.001   0.004   0.
  2017 352 14 57 31 491 352.623281148     -10.21     -7.36     -3.41  0.          24.462      -2083.650      -2914.952    0.000  -0.001   0.004   0.
  2017 352 14 57 32 491 352.623292720     -10.37     -7.22     -3.53  0.          27.924      -2085.269      -2913.287    0.000  -0.001   0.004   0.
  2017 352 14 57 33 491 352.623304294     -10.55     -7.02     -3.78  0.          31.386      -2086.885      -2911.619    0.000  -0.001   0.004   0.
  2017 352 14 57 34 490 352.623315868     -10.75     -6.78     -4.15  0.          34.847      -2088.499      -2909.948    0.000  -0.001   0.004   0.
  2017 352 14 57 35 490 352.623327442     -10.90     -6.39     -4.58  0.          38.309      -2090.112      -2908.274    0.000  -0.001   0.004   0.
  2017 352 14 57 36 490 352.623339016     -10.91     -6.09     -4.90  0.          41.771      -2091.722      -2906.598    0.000  -0.002   0.005   0.
  2017 352 14 57 37 490 352.623350590     -10.84     -5.98     -4.97  0.          45.233      -2093.331      -2904.919    0.000  -0.002   0.005   0.
  2017 352 14 57 38 490 352.623362164     -10.93     -5.85     -5.14  0.          48.694      -2094.938      -2903.237    0.000  -0.002   0.005   0.
  2017 352 14 57 39 491 352.623373738     -11.04     -5.69     -5.32  0.          52.156      -2096.542      -2901.553    0.000  -0.002   0.005   0.
  2017 352 14 57 40 490 352.623385313     -11.15     -5.55     -5.48  0.          55.617      -2098.145      -2899.866    0.000  -0.002   0.005   0.
  2017 352 14 57 41 490 352.623396887     -11.24     -5.44     -5.64  0.          59.079      -2099.746      -2898.176    0.000  -0.002   0.005   0.
  2017 352 14 57 42 490 352.623408461     -11.42     -5.38     -5.72  0.          62.540      -2101.345      -2896.483    0.000  -0.002   0.005   0.
  2017 352 14 57 43 491 352.623420035     -11.58     -5.34     -5.87  0.          66.002      -2102.942      -2894.788    0.000  -0.002   0.005   0.
  2017 352 14 57 44 491 352.623431609     -11.71     -5.35     -6.03  0.          69.463      -2104.537      -2893.090    0.000  -0.002   0.005   0.
  2017 352 14 57 45 491 352.623443183     -11.84     -5.39     -6.13  0.          72.924      -2106.130      -2891.390    0.000  -0.002   0.005   0.
  2017 352 14 57 46 491 352.623454757     -12.03     -5.45     -6.32  0.          76.386      -2107.721      -2889.686    0.000  -0.002   0.006   0.
  2017 352 14 57 47 490 352.623466331     -12.18     -5.50     -6.56  0.          79.847      -2109.310      -2887.980    0.000  -0.002   0.006   0.
  2017 352 14 57 48 490 352.623477905     -12.29     -5.51     -6.81  0.          83.308      -2110.897      -2886.271    0.000  -0.002   0.006   0.
  2017 352 14 57 49 490 352.623489479     -12.37     -5.47     -7.05  0.          86.769      -2112.482      -2884.560    0.000  -0.002   0.006   0.
  2017 352 14 57 50 490 352.623501053     -12.44     -5.44     -7.22  0.          90.230      -2114.065      -2882.846    0.000  -0.002   0.006   0.
  2017 352 14 57 51 490 352.623512627     -12.48     -5.41     -7.48  0.          93.691      -2115.646      -2881.129    0.000  -0.002   0.006   0.
  2017 352 14 57 52 491 352.623524201     -12.59     -5.40     -7.67  0.          97.151      -2117.225      -2879.409    0.000  -0.002   0.007   0.
  2017 352 14 57 53 491 352.623535775     -12.70     -5.49     -7.60  0.         100.612      -2118.803      -2877.687    0.000  -0.002   0.007   0.
  2017 352 14 57 54 490 352.623547350     -12.84     -5.63     -7.44  0.         104.073      -2120.378      -2875.962    0.000  -0.002   0.007   0.
  2017 352 14 57 55 490 352.623558924     -12.90     -5.76     -7.43  0.         107.533      -2121.951      -2874.234    0.000  -0.002   0.007   0.
  2017 352 14 57 56 491 352.623570498     -12.82     -5.83     -7.32  0.         110.994      -2123.523      -2872.504    0.000  -0.003   0.007   0.
  2017 352 14 57 57 491 352.623582072     -12.72     -5.92     -7.24  0.         114.454      -2125.091      -2870.771    0.000  -0.003   0.007   0.
  2017 352 14 57 58 491 352.623593646     -12.62     -5.95     -7.00  0.         117.914      -2126.659      -2869.035    0.000  -0.003   0.008   0.
  2017 352 14 57 59 491 352.623605220     -12.64     -6.03     -6.55  0.         121.374      -2128.224      -2867.296    0.000  -0.003   0.008   0.
  2017 352 14 58  0 490 352.623616791     -12.79     -6.14     -6.12  0.         124.834      -2129.788      -2865.555    0.000  -0.003   0.008   0.
  2017 352 14 58  1 490 352.623628365     -12.90     -6.20     -5.94  0.         128.294      -2131.349      -2863.811    0.000  -0.003   0.008   0.
  2017 352 14 58  2 490 352.623639939     -13.01     -6.17     -5.87  0.         131.754      -2132.909      -2862.065    0.000  -0.003   0.008   0.
  2017 352 14 58  3 490 352.623651513     -13.08     -6.17     -5.80  0.         135.214      -2134.466      -2860.316    0.000  -0.003   0.008   0.
  2017 352 14 58  4 490 352.623663087     -13.20     -6.25     -5.75  0.         138.673      -2136.021      -2858.564    0.000  -0.003   0.008   0.
  2017 352 14 58  5 490 352.623674661     -13.31     -6.31     -5.70  0.         142.133      -2137.575      -2856.809    0.000  -0.003   0.008   0.
  2017 352 14 58  6 490 352.623686236     -13.42     -6.40     -5.72  0.         145.592      -2139.126      -2855.052    0.000  -0.003   0.008   0.
  2017 352 14 58  7 490 352.623697810     -13.56     -6.47     -5.76  0.         149.051      -2140.675      -2853.292    0.000  -0.003   0.008   0.
  2017 352 14 58  8 490 352.623709384     -13.71     -6.50     -5.77  0.         152.510      -2142.223      -2851.529    0.000  -0.003   0.009   0.
  2017 352 14 58  9 490 352.623720958     -13.85     -6.46     -5.92  0.         155.969      -2143.768      -2849.764    0.000  -0.003   0.009   0.
  2017 352 14 58 10 490 352.623732532     -13.92     -6.34     -6.05  0.         159.428      -2145.311      -2847.996    0.000  -0.003   0.009   0.
  2017 352 14 58 11 490 352.623744106     -14.00     -6.30     -6.14  0.         162.886      -2146.853      -2846.225    0.000  -0.003   0.009   0.
  2017 352 14 58 12 490 352.623755680     -14.16     -6.36     -6.11  0.         166.345      -2148.392      -2844.451    0.000  -0.003   0.010   0.
  2017 352 14 58 13 490 352.623767254     -14.35     -6.33     -6.38  0.         169.803      -2149.929      -2842.675    0.000  -0.003   0.010   0.
  2017 352 14 58 14 490 352.623778828     -14.27     -6.28     -6.79  0.         173.261      -2151.465      -2840.896    0.000  -0.004   0.010   0.
  2017 352 14 58 15 490 352.623790402     -14.09     -6.13     -7.17  0.         176.719      -2152.998      -2839.115    0.000  -0.004   0.010   0.
  2017 352 14 58 16 490 352.623801976     -13.97     -6.12     -7.37  0.         180.177      -2154.529      -2837.331    0.000  -0.004   0.010   0.
  2017 352 14 58 17 490 352.623813550     -13.91     -6.15     -7.47  0.         183.635      -2156.058      -2835.544    0.000  -0.004   0.010   0.
  2017 352 14 58 18 490 352.623825124     -13.91     -6.23     -7.53  0.         187.092      -2157.585      -2833.754    0.000  -0.004   0.010   0.
  2017 352 14 58 19 490 352.623836698     -13.90     -6.32     -7.60  0.         190.549      -2159.110      -2831.962    0.000  -0.004   0.010   0.
  2017 352 14 58 20 490 352.623848273     -13.87     -6.39     -7.72  0.         194.006      -2160.634      -2830.167    0.000  -0.004   0.011   0.
  2017 352 14 58 21 490 352.623859847     -13.88     -6.49     -7.91  0.         197.463      -2162.155      -2828.370    0.000  -0.004   0.011   0.
  2017 352 14 58 22 490 352.623871421     -13.82     -6.68     -8.16  0.         200.920      -2163.674      -2826.569    0.000  -0.004   0.011   0.
  2017 352 14 58 23 490 352.623882995     -13.69     -6.81     -8.34  0.         204.377      -2165.191      -2824.766    0.000  -0.004   0.011   0.
  2017 352 14 58 24 490 352.623894569     -13.49     -6.91     -8.47  0.         207.833      -2166.706      -2822.961    0.000  -0.004   0.011   0.
  2017 352 14 58 25 490 352.623906143     -13.32     -7.15     -8.58  0.         211.289      -2168.218      -2821.153    0.000  -0.004   0.011   0.
  2017 352 14 58 26 490 352.623917717     -13.13     -7.33     -8.76  0.         214.745      -2169.729      -2819.342    0.000  -0.004   0.011   0.
  2017 352 14 58 27 490 352.623929291     -12.93     -7.50     -8.89  0.         218.201      -2171.238      -2817.528    0.000  -0.004   0.011   0.
  2017 352 14 58 28 490 352.623940865     -12.74     -7.69     -8.98  0.         221.657      -2172.745      -2815.712    0.000  -0.004   0.012   0.
  2017 352 14 58 29 490 352.623952439     -12.56     -7.89     -9.03  0.         225.112      -2174.249      -2813.893    0.000  -0.004   0.012   0.
  2017 352 14 58 30 490 352.623964013     -12.41     -8.07     -9.06  0.         228.567      -2175.752      -2812.071    0.000  -0.004   0.012   0.
  2017 352 14 58 31 490 352.623975587     -12.30     -8.27     -9.14  0.         232.022      -2177.253      -2810.247    0.000  -0.004   0.012   0.
  2017 352 14 58 32 490 352.623987159     -12.21     -8.47     -9.29  0.         235.477      -2178.752      -2808.420    0.000  -0.005   0.013   0.
  2017 352 14 58 33 490 352.623998733     -12.10     -8.66     -9.34  0.         238.932      -2180.248      -2806.590    0.000  -0.005   0.013   0.
  2017 352 14 58 34 490 352.624010307     -12.04     -8.85     -9.42  0.         242.386      -2181.743      -2804.758    0.000  -0.005   0.013   0.
  2017 352 14 58 35 490 352.624021881     -12.05     -9.03     -9.61  0.         245.840      -2183.235      -2802.923    0.000  -0.005   0.013   0.
  2017 352 14 58 36 490 352.624033455     -12.10     -9.12     -9.81  0.         249.294      -2184.725      -2801.085    0.000  -0.005   0.013   0.
  2017 352 14 58 37 490 352.624045029     -12.15     -9.21    -10.02  0.         252.748      -2186.213      -2799.245    0.000  -0.005   0.013   0.
  2017 352 14 58 38 490 352.624056603     -12.16     -9.35    -10.29  0.         256.201      -2187.700      -2797.402    0.000  -0.005   0.014   0.
  2017 352 14 58 39 490 352.624068177     -12.19     -9.47    -10.50  0.         259.654      -2189.184      -2795.557    0.000  -0.005   0.014   0.
  2017 352 14 58 40 490 352.624079751     -12.23     -9.63    -10.72  0.         263.107      -2190.666      -2793.708    0.000  -0.005   0.014   0.
  2017 352 14 58 41 490 352.624091325     -12.23     -9.78    -10.93  0.         266.560      -2192.146      -2791.858    0.000  -0.005   0.014   0.
  2017 352 14 58 42 490 352.624102899     -12.31     -9.92    -11.13  0.         270.012      -2193.624      -2790.004    0.000  -0.005   0.014   0.
  2017 352 14 58 43 490 352.624114473     -12.38    -10.04    -11.28  0.         273.465      -2195.100      -2788.148    0.000  -0.005   0.014   0.
  2017 352 14 58 44 490 352.624126047     -12.49    -10.26    -11.47  0.         276.916      -2196.573      -2786.289    0.000  -0.005   0.014   0.
  2017 352 14 58 45 490 352.624137622     -12.64    -10.41    -11.71  0.         280.368      -2198.045      -2784.427    0.000  -0.005   0.014   0.
  2017 352 14 58 46 490 352.624149196     -12.78    -10.52    -11.95  0.         283.820      -2199.515      -2782.563    0.000  -0.006   0.015   0.
  2017 352 14 58 47 490 352.624160770     -12.88    -10.65    -12.19  0.         287.271      -2200.982      -2780.696    0.000  -0.006   0.015   0.
  2017 352 14 58 48 490 352.624172344     -12.97    -10.78    -12.45  0.         290.722      -2202.448      -2778.827    0.000  -0.006   0.016   0.
  2017 352 14 58 49 490 352.624183918     -13.07    -10.92    -12.69  0.         294.172      -2203.911      -2776.955    0.000  -0.006   0.016   0.
  2017 352 14 58 50 490 352.624195492     -13.18    -11.04    -12.91  0.         297.623      -2205.372      -2775.080    0.000  -0.006   0.016   0.
  2017 352 14 58 51 490 352.624207066     -13.28    -11.22    -13.13  0.         301.073      -2206.831      -2773.203    0.000  -0.006   0.016   0.
  2017 352 14 58 52 490 352.624218640     -13.33    -11.37    -13.36  0.         304.522      -2208.288      -2771.323    0.000  -0.006   0.016   0.
  2017 352 14 58 53 490 352.624230214     -13.37    -11.54    -13.51  0.         307.972      -2209.743      -2769.440    0.000  -0.006   0.016   0.
  2017 352 14 58 54 490 352.624241788     -13.42    -11.76    -13.70  0.         311.421      -2211.196      -2767.555    0.000  -0.006   0.017   0.
  2017 352 14 58 55 490 352.624253362     -13.45    -11.94    -13.87  0.         314.870      -2212.647      -2765.667    0.000  -0.006   0.017   0.
  2017 352 14 58 56 490 352.624264936     -13.48    -12.11    -14.08  0.         318.319      -2214.096      -2763.776    0.000  -0.006   0.017   0.
  2017 352 14 58 57 490 352.624276510     -13.48    -12.21    -14.40  0.         321.767      -2215.542      -2761.883    0.000  -0.006   0.017   0.
  2017 352 14 58 58 490 352.624288085     -13.56    -12.26    -14.67  0.         325.215      -2216.987      -2759.987    0.000  -0.006   0.017   0.
  2017 352 14 58 59 490 352.624299659     -13.59    -12.24    -14.89  0.         328.663      -2218.429      -2758.088    0.000  -0.006   0.017   0.
  2017 352 14 59  0 490 352.624311233     -13.64    -12.21    -15.08  0.         332.110      -2219.869      -2756.187    0.000  -0.006   0.018   0.
  2017 352 14 59  1 490 352.624322806     -13.65    -12.16    -15.32  0.         335.557      -2221.307      -2754.284    0.000  -0.006   0.018   0.
  2017 352 14 59  2 490 352.624334378     -13.60    -12.08    -15.55  0.         339.004      -2222.743      -2752.377    0.000  -0.007   0.018   0.
  2017 352 14 59  3 490 352.624345952     -13.51    -11.99    -15.71  0.         342.451      -2224.177      -2750.468    0.000  -0.007   0.018   0.
  2017 352 14 59  4 490 352.624357526     -13.32    -11.95    -15.76  0.         345.897      -2225.609      -2748.556    0.000  -0.007   0.019   0.
  2017 352 14 59  5 490 352.624369100     -13.12    -12.08    -15.72  0.         349.342      -2227.039      -2746.642    0.000  -0.007   0.019   0.
  2017 352 14 59  6 490 352.624380674     -12.86    -12.19    -15.59  0.         352.788      -2228.466      -2744.725    0.000  -0.007   0.019   0.
  2017 352 14 59  7 490 352.624392248     -12.56    -12.39    -15.38  0.         356.233      -2229.892      -2742.806    0.000  -0.007   0.019   0.
  2017 352 14 59  8 490 352.624403822     -12.29    -12.81    -15.07  0.         359.678      -2231.315      -2740.883    0.000  -0.007   0.019   0.
  2017 352 14 59  9 490 352.624415396     -12.04    -13.17    -14.88  0.         363.122      -2232.736      -2738.959    0.000  -0.007   0.019   0.
  2017 352 14 59 10 490 352.624426970     -11.75    -13.47    -14.68  0.         366.567      -2234.155      -2737.031    0.000  -0.007   0.020   0.
  2017 352 14 59 11 490 352.624438545     -11.52    -13.91    -14.43  0.         370.010      -2235.572      -2735.101    0.000  -0.007   0.020   0.
  2017 352 14 59 12 490 352.624450119     -11.30    -14.31    -14.23  0.         373.454      -2236.987      -2733.169    0.000  -0.007   0.020   0.
  2017 352 14 59 13 490 352.624461693     -11.08    -14.71    -14.04  0.         376.897      -2238.400      -2731.233    0.000  -0.007   0.020   0.
  2017 352 14 59 14 490 352.624473267     -10.80    -14.94    -13.91  0.         380.339      -2239.810      -2729.295    0.000  -0.007   0.021   0.
  2017 352 14 59 15 490 352.624484841     -10.47    -15.11    -13.87  0.         383.782      -2241.219      -2727.355    0.000  -0.007   0.021   0.
  2017 352 14 59 16 490 352.624496415     -10.22    -15.32    -13.76  0.         387.224      -2242.625      -2725.412    0.000  -0.008   0.021   0.
  2017 352 14 59 17 490 352.624507989     -10.06    -15.55    -13.69  0.         390.666      -2244.029      -2723.466    0.000  -0.008   0.021   0.
  2017 352 14 59 18 490 352.624519563      -9.97    -15.66    -13.69  0.         394.107      -2245.431      -2721.518    0.000  -0.008   0.021   0.
  2017 352 14 59 19 490 352.624531137      -9.88    -15.71    -13.68  0.         397.548      -2246.831      -2719.567    0.000  -0.008   0.021   0.
  2017 352 14 59 20 490 352.624542711      -9.64    -15.73    -13.60  0.         400.988      -2248.228      -2717.613    0.000  -0.008   0.022   0.
  2017 352 14 59 21 490 352.624554285      -9.53    -16.27    -12.98  0.         404.429      -2249.624      -2715.657    0.000  -0.008   0.022   0.
  2017 352 14 59 22 490 352.624565859      -9.38    -16.79    -12.44  0.         407.868      -2251.017      -2713.698    0.000  -0.008   0.022   0.
  2017 352 14 59 23 490 352.624577433      -9.25    -17.58    -11.76  0.         411.308      -2252.409      -2711.737    0.000  -0.008   0.022   0.
  2017 352 14 59 24 490 352.624589008      -9.14    -18.07    -11.97  0.         414.747      -2253.798      -2709.773    0.000  -0.008   0.023   0.
  2017 352 14 59 25 490 352.624600582      -8.87    -17.99    -12.68  0.         418.185      -2255.185      -2707.806    0.000  -0.008   0.023   0.
  2017 352 14 59 26 490 352.624612156      -8.54    -18.16    -12.68  0.         421.623      -2256.569      -2705.837    0.000  -0.008   0.023   0.
  2017 352 14 59 27 490 352.624623730      -8.23    -18.51    -12.71  0.         425.061      -2257.952      -2703.865    0.000  -0.008   0.023   0.
  2017 352 14 59 28 490 352.624635304      -7.99    -18.86    -12.71  0.         428.499      -2259.332      -2701.891    0.000  -0.008   0.023   0.
  2017 352 14 59 29 489 352.624646877      -7.74    -19.25    -12.68  0.         431.936      -2260.711      -2699.914    0.000  -0.008   0.023   0.
  2017 352 14 59 30 489 352.624658449      -7.50    -19.71    -12.42  0.         435.372      -2262.087      -2697.934    0.000  -0.009   0.024   0.
  2017 352 14 59 31 489 352.624670023      -7.30    -20.18    -12.08  0.         438.808      -2263.461      -2695.952    0.000  -0.009   0.024   0.
  2017 352 14 59 32 489 352.624681597      -7.14    -20.63    -11.63  0.         442.244      -2264.833      -2693.967    0.000  -0.009   0.024   0.
  2017 352 14 59 33 489 352.624693171      -6.99    -21.07    -11.17  0.         445.680      -2266.202      -2691.980    0.000  -0.009   0.024   0.
  2017 352 14 59 34 490 352.624704745      -6.90    -21.50    -10.44  0.         449.114      -2267.570      -2689.990    0.000  -0.009   0.025   0.
  2017 352 14 59 35 490 352.624716319      -6.85    -21.83     -9.64  0.         452.549      -2268.935      -2687.998    0.000  -0.009   0.025   0.
  2017 352 14 59 36 489 352.624727894      -6.80    -22.04     -8.83  0.         455.983      -2270.298      -2686.002    0.000  -0.009   0.025   0.
  2017 352 14 59 37 489 352.624739468      -6.74    -22.03     -8.09  0.         459.417      -2271.659      -2684.005    0.000  -0.009   0.025   0.
  2017 352 14 59 38 490 352.624751042      -6.67    -21.96     -7.49  0.         462.850      -2273.018      -2682.004    0.000  -0.009   0.025   0.
  2017 352 14 59 39 490 352.624762616      -6.63    -21.75     -7.15  0.         466.283      -2274.375      -2680.002    0.000  -0.009   0.025   0.
  2017 352 14 59 40 490 352.624774190      -6.65    -21.48     -6.98  0.         469.715      -2275.729      -2677.996    0.000  -0.009   0.026   0.
  2017 352 14 59 41 490 352.624785764      -6.71    -21.08     -7.10  0.         473.147      -2277.081      -2675.988    0.000  -0.009   0.026   0.
  2017 352 14 59 42 490 352.624797338      -6.81    -20.64     -7.26  0.         476.578      -2278.431      -2673.977    0.000  -0.010   0.026   0.
  2017 352 14 59 43 489 352.624808912      -7.02    -20.26     -7.52  0.         480.009      -2279.779      -2671.964    0.000  -0.010   0.026   0.
  2017 352 14 59 44 489 352.624820486      -7.24    -19.79     -7.81  0.         483.440      -2281.125      -2669.948    0.000  -0.010   0.027   0.
  2017 352 14 59 45 489 352.624832060      -7.36    -19.36     -7.86  0.         486.870      -2282.468      -2667.930    0.000  -0.010   0.027   0.
  2017 352 14 59 46 489 352.624843634      -7.47    -18.96     -7.67  0.         490.299      -2283.810      -2665.909    0.000  -0.010   0.027   0.
  2017 352 14 59 47 489 352.624855208      -7.64    -18.67     -7.59  0.         493.728      -2285.149      -2663.886    0.000  -0.010   0.027   0.
  2017 352 14 59 48 490 352.624866782      -7.60    -17.89     -7.39  0.         497.157      -2286.486      -2661.860    0.000  -0.010   0.028   0.
  2017 352 14 59 49 490 352.624878356      -6.52    -17.51     -4.61  0.         500.585      -2287.820      -2659.831    0.000  -0.010   0.028   0.
  2017 352 14 59 50 489 352.624889931      -5.59    -18.17     -2.26  0.         504.013      -2289.153      -2657.800    0.000  -0.010   0.028   0.
  2017 352 14 59 51 489 352.624901505      -4.89    -19.06     -0.73  0.         507.440      -2290.483      -2655.766    0.000  -0.010   0.028   0.
  2017 352 14 59 52 490 352.624913079      -4.74    -19.48     -0.50  0.         510.867      -2291.811      -2653.730    0.000  -0.010   0.028   0.
  2017 352 14 59 53 490 352.624924653      -4.41    -19.67     -0.29  0.         514.293      -2293.137      -2651.691    0.000  -0.010   0.028   0.
  2017 352 14 59 54 490 352.624936227      -4.11    -19.77     -0.18  0.         517.719      -2294.461      -2649.650    0.000  -0.011   0.029   0.
  2017 352 14 59 55 490 352.624947801      -3.95    -19.98     -0.20  0.         521.144      -2295.783      -2647.606    0.000  -0.011   0.029   0.
  2017 352 14 59 56 490 352.624959375      -4.04    -19.97     -0.59  0.         524.569      -2297.102      -2645.559    0.000  -0.011   0.030   0.
  2017 352 14 59 57 489 352.624970949      -3.98    -19.90     -0.64  0.         527.994      -2298.419      -2643.510    0.000  -0.011   0.030   0.
  2017 352 14 59 58 489 352.624982523      -3.95    -19.90     -0.71  0.         531.417      -2299.734      -2641.459    0.000  -0.011   0.030   0.
  2017 352 14 59 59 489 352.624994097      -3.91    -19.84     -0.78  0.         534.840      -2301.046      -2639.404    0.000  -0.011   0.030   0.
  2017 352 15  0  0 489 352.625005668      -3.85    -19.70     -0.89  0.         538.263      -2302.357      -2637.348    0.000  -0.011   0.030   0.
  2017 352 15  0  1 489 352.625017242      -3.75    -19.60     -1.06  0.         541.685      -2303.665      -2635.288    0.000  -0.011   0.030   0.
  2017 352 15  0  2 489 352.625028817      -3.63    -19.51     -1.23  0.         545.107      -2304.971      -2633.226    0.000  -0.011   0.031   0.
  2017 352 15  0  3 489 352.625040391      -3.50    -19.46     -1.41  0.         548.528      -2306.275      -2631.162    0.000  -0.011   0.031   0.
  2017 352 15  0  4 489 352.625051965      -3.35    -19.48     -1.60  0.         551.949      -2307.577      -2629.095    0.000  -0.011   0.031   0.
  2017 352 15  0  5 489 352.625063539      -3.25    -19.52     -1.79  0.         555.369      -2308.876      -2627.026    0.000  -0.011   0.031   0.
  2017 352 15  0  6 489 352.625075113      -3.14    -19.58     -1.98  0.         558.788      -2310.173      -2624.954    0.000  -0.012   0.032   0.
  2017 352 15  0  7 489 352.625086687      -3.00    -19.62     -2.17  0.         562.208      -2311.468      -2622.879    0.000  -0.012   0.032   0.
  2017 352 15  0  8 489 352.625098261      -2.84    -19.74     -2.34  0.         565.626      -2312.761      -2620.802    0.000  -0.012   0.032   0.
  2017 352 15  0  9 489 352.625109835      -2.67    -19.84     -2.51  0.         569.044      -2314.051      -2618.722    0.000  -0.012   0.032   0.
  2017 352 15  0 10 489 352.625121409      -2.52    -20.01     -2.65  0.         572.462      -2315.340      -2616.640    0.000  -0.012   0.033   0.
  2017 352 15  0 11 489 352.625132983      -2.40    -20.27     -2.75  0.         575.878      -2316.626      -2614.556    0.000  -0.012   0.033   0.
  2017 352 15  0 12 489 352.625144557      -2.32    -20.61     -2.85  0.         579.295      -2317.909      -2612.468    0.000  -0.012   0.033   0.
  2017 352 15  0 13 489 352.625156131      -2.23    -21.04     -2.85  0.         582.711      -2319.191      -2610.379    0.000  -0.012   0.033   0.
  2017 352 15  0 14 489 352.625167705      -2.18    -21.47     -2.77  0.         586.126      -2320.470      -2608.286    0.000  -0.012   0.034   0.
  2017 352 15  0 15 489 352.625179280      -2.12    -21.79     -2.60  0.         589.541      -2321.748      -2606.192    0.000  -0.012   0.034   0.
  2017 352 15  0 16 489 352.625190854      -2.04    -22.02     -2.36  0.         592.955      -2323.022      -2604.094    0.000  -0.012   0.034   0.
  2017 352 15  0 17 489 352.625202428      -1.93    -22.15     -2.13  0.         596.368      -2324.295      -2601.994    0.000  -0.012   0.034   0.
  2017 352 15  0 18 489 352.625214002      -1.85    -22.19     -1.86  0.         599.781      -2325.565      -2599.892    0.000  -0.013   0.034   0.
  2017 352 15  0 19 489 352.625225576      -1.78    -22.15     -1.53  0.         603.194      -2326.833      -2597.787    0.000  -0.013   0.034   0.
  2017 352 15  0 20 489 352.625237150      -1.61    -22.04     -1.17  0.         606.605      -2328.099      -2595.680    0.000  -0.013   0.035   0.
  2017 352 15  0 21 489 352.625248724      -1.35    -21.70     -0.77  0.         610.017      -2329.363      -2593.570    0.000  -0.013   0.035   0.
  2017 352 15  0 22 489 352.625260298      -0.95    -21.26     -0.42  0.         613.427      -2330.624      -2591.458    0.000  -0.013   0.035   0.
  2017 352 15  0 23 489 352.625271872      -0.55    -20.83     -0.20  0.         616.837      -2331.884      -2589.343    0.000  -0.013   0.035   0.
  2017 352 15  0 24 489 352.625283446      -0.23    -20.43     -0.07  0.         620.247      -2333.140      -2587.225    0.000  -0.013   0.036   0.
  2017 352 15  0 25 489 352.625295020      -0.03    -20.08     -0.10  0.         623.656      -2334.395      -2585.105    0.000  -0.013   0.036   0.
  2017 352 15  0 26 489 352.625306594       0.04    -19.84     -0.06  0.         627.064      -2335.647      -2582.983    0.000  -0.013   0.036   0.
  2017 352 15  0 27 489 352.625318168      -0.01    -19.59     -0.00  0.         630.472      -2336.897      -2580.858    0.000  -0.013   0.036   0.
  2017 352 15  0 28 489 352.625329742      -0.07    -19.35      0.02  0.         633.879      -2338.145      -2578.730    0.000  -0.013   0.037   0.
  2017 352 15  0 29 489 352.625341316      -0.18    -19.18      0.07  0.         637.285      -2339.391      -2576.600    0.000  -0.013   0.037   0.
  2017 352 15  0 30 489 352.625352888      -0.32    -18.96      0.25  0.         640.691      -2340.634      -2574.468    0.000  -0.014   0.037   0.
  2017 352 15  0 31 489 352.625364462      -0.45    -18.65      0.43  0.         644.096      -2341.876      -2572.333    0.000  -0.014   0.037   0.
  2017 352 15  0 32 489 352.625376036      -0.58    -18.27      0.54  0.         647.501      -2343.115      -2570.196    0.000  -0.014   0.038   0.
  2017 352 15  0 33 489 352.625387610      -0.74    -17.87      0.60  0.         650.905      -2344.351      -2568.056    0.000  -0.014   0.038   0.
  2017 352 15  0 34 489 352.625399184      -0.88    -17.50      0.64  0.         654.308      -2345.585      -2565.913    0.000  -0.014   0.038   0.
  2017 352 15  0 35 489 352.625410758      -1.02    -17.26      0.61  0.         657.711      -2346.817      -2563.768    0.000  -0.014   0.038   0.
  2017 352 15  0 36 489 352.625422332      -1.15    -17.16      0.57  0.         661.113      -2348.047      -2561.621    0.000  -0.014   0.039   0.
  2017 352 15  0 37 489 352.625433906      -1.31    -17.21      0.54  0.         664.515      -2349.275      -2559.471    0.000  -0.014   0.039   0.
  2017 352 15  0 38 489 352.625445480      -1.47    -17.33      0.57  0.         667.916      -2350.500      -2557.319    0.000  -0.014   0.039   0.
  2017 352 15  0 39 489 352.625457054      -1.64    -17.49      0.73  0.         671.316      -2351.723      -2555.164    0.000  -0.014   0.039   0.
  2017 352 15  0 40 489 352.625468629      -1.74    -17.60      0.98  0.         674.715      -2352.944      -2553.006    0.000  -0.014   0.040   0.
  2017 352 15  0 41 489 352.625480203      -1.81    -17.63      1.23  0.         678.114      -2354.162      -2550.847    0.000  -0.014   0.040   0.
  2017 352 15  0 42 489 352.625491777      -1.86    -17.73      1.48  0.         681.513      -2355.378      -2548.684    0.000  -0.015   0.040   0.
  2017 352 15  0 43 489 352.625503351      -1.90    -17.79      1.74  0.         684.910      -2356.592      -2546.519    0.000  -0.015   0.040   0.
  2017 352 15  0 44 489 352.625514925      -1.94    -17.91      2.03  0.         688.307      -2357.804      -2544.352    0.000  -0.015   0.040   0.
  2017 352 15  0 45 489 352.625526499      -2.03    -18.14      2.29  0.         691.703      -2359.013      -2542.183    0.000  -0.015   0.040   0.
  2017 352 15  0 46 489 352.625538073      -2.10    -18.38      2.52  0.         695.099      -2360.220      -2540.010    0.000  -0.015   0.041   0.
  2017 352 15  0 47 489 352.625549647      -2.15    -18.59      2.88  0.         698.494      -2361.425      -2537.836    0.000  -0.015   0.041   0.
  2017 352 15  0 48 489 352.625561221      -2.18    -18.62      3.22  0.         701.888      -2362.627      -2535.659    0.000  -0.015   0.042   0.
  2017 352 15  0 49 489 352.625572795      -2.06    -18.50      3.51  0.         705.282      -2363.827      -2533.479    0.000  -0.015   0.042   0.
  2017 352 15  0 50 489 352.625584369      -1.84    -18.29      3.59  0.         708.675      -2365.025      -2531.297    0.000  -0.015   0.042   0.
  2017 352 15  0 51 489 352.625595943      -1.62    -18.04      3.67  0.         712.067      -2366.221      -2529.113    0.000  -0.015   0.042   0.
  2017 352 15  0 52 489 352.625607517      -1.44    -17.74      3.74  0.         715.458      -2367.414      -2526.926    0.000  -0.016   0.043   0.
  2017 352 15  0 53 489 352.625619091      -1.24    -17.30      3.77  0.         718.849      -2368.605      -2524.736    0.000  -0.016   0.043   0.
  2017 352 15  0 54 489 352.625630666      -0.96    -16.62      3.89  0.         722.239      -2369.794      -2522.544    0.000  -0.016   0.043   0.
  2017 352 15  0 55 489 352.625642240      -0.50    -15.80      3.82  0.         725.629      -2370.980      -2520.350    0.000  -0.016   0.043   0.
  2017 352 15  0 56 489 352.625653814       0.16    -15.04      3.73  0.         729.018      -2372.164      -2518.153    0.000  -0.016   0.043   0.
  2017 352 15  0 57 489 352.625665388       0.89    -14.30      3.60  0.         732.406      -2373.347      -2515.954    0.000  -0.016   0.043   0.
  2017 352 15  0 58 489 352.625676962       1.72    -13.63      3.52  0.         735.793      -2374.526      -2513.752    0.000  -0.016   0.044   0.
  2017 352 15  0 59 489 352.625688536       2.55    -12.98      3.40  0.         739.180      -2375.703      -2511.548    0.000  -0.016   0.044   0.
  2017 352 15  1  0 489 352.625700107       3.40    -12.24      3.41  0.         742.566      -2376.878      -2509.341    0.000  -0.016   0.045   0.
  2017 352 15  1  1 489 352.625711681       4.19    -11.44      3.48  0.         745.951      -2378.051      -2507.133    0.000  -0.016   0.045   0.
  2017 352 15  1  2 489 352.625723255       4.96    -10.59      3.58  0.         749.335      -2379.221      -2504.921    0.000  -0.016   0.045   0.
  2017 352 15  1  3 489 352.625734829       5.70     -9.82      3.71  0.         752.719      -2380.389      -2502.707    0.000  -0.016   0.045   0.
  2017 352 15  1  4 489 352.625746403       6.46     -9.05      3.88  0.         756.102      -2381.555      -2500.491    0.000  -0.017   0.046   0.
  2017 352 15  1  5 489 352.625757977       7.22     -8.31      4.13  0.         759.485      -2382.718      -2498.272    0.000  -0.017   0.046   0.
  2017 352 15  1  6 489 352.625769552       7.94     -7.68      4.39  0.         762.866      -2383.880      -2496.051    0.000  -0.017   0.046   0.
  2017 352 15  1  7 489 352.625781126       8.67     -7.02      4.72  0.         766.247      -2385.038      -2493.828    0.000  -0.017   0.046   0.
  2017 352 15  1  8 489 352.625792700       9.35     -6.33      5.07  0.         769.627      -2386.195      -2491.602    0.000  -0.017   0.046   0.
  2017 352 15  1  9 489 352.625804274       9.98     -5.63      5.36  0.         773.007      -2387.349      -2489.373    0.000  -0.017   0.046   0.
  2017 352 15  1 10 489 352.625815848      10.62     -4.91      5.56  0.         776.385      -2388.501      -2487.142    0.000  -0.017   0.047   0.
  2017 352 15  1 11 489 352.625827422      11.29     -4.23      5.58  0.         779.763      -2389.651      -2484.909    0.000  -0.017   0.047   0.
  2017 352 15  1 12 489 352.625838996      12.04     -3.52      5.51  0.         783.140      -2390.798      -2482.673    0.000  -0.017   0.048   0.
  2017 352 15  1 13 489 352.625850570      12.83     -2.86      5.41  0.         786.517      -2391.943      -2480.435    0.000  -0.017   0.048   0.
  2017 352 15  1 14 489 352.625862144      13.63     -2.13      5.31  0.         789.892      -2393.085      -2478.195    0.000  -0.018   0.048   0.
  2017 352 15  1 15 489 352.625873718      14.42     -1.41      5.29  0.         793.267      -2394.226      -2475.952    0.000  -0.018   0.048   0.
  2017 352 15  1 16 489 352.625885292      15.20     -0.66      5.26  0.         796.641      -2395.364      -2473.706    0.000  -0.018   0.049   0.
  2017 352 15  1 17 489 352.625896866      15.93     -0.06      5.15  0.         800.015      -2396.499      -2471.459    0.000  -0.018   0.049   0.
  2017 352 15  1 18 489 352.625908440      16.54      0.53      5.11  0.         803.387      -2397.633      -2469.209    0.000  -0.018   0.049   0.
  2017 352 15  1 19 489 352.625920014      16.95      1.05      5.15  0.         806.759      -2398.764      -2466.956    0.000  -0.018   0.049   0.
  2017 352 15  1 20 489 352.625931589      17.20      1.50      5.26  0.         810.130      -2399.892      -2464.701    0.000  -0.018   0.049   0.
  2017 352 15  1 21 489 352.625943163      17.33      1.98      5.37  0.         813.500      -2401.019      -2462.444    0.000  -0.018   0.049   0.
  2017 352 15  1 22 489 352.625954737      17.35      2.51      5.57  0.         816.870      -2402.143      -2460.184    0.000  -0.018   0.050   0.
  2017 352 15  1 23 489 352.625966311      17.29      3.04      5.74  0.         820.238      -2403.265      -2457.922    0.000  -0.018   0.050   0.
  2017 352 15  1 24 489 352.625977885      17.14      3.59      5.88  0.         823.606      -2404.384      -2455.657    0.000  -0.018   0.051   0.
  2017 352 15  1 25 489 352.625989459      16.93      4.25      6.03  0.         826.973      -2405.501      -2453.390    0.000  -0.018   0.051   0.
  2017 352 15  1 26 489 352.626001033      16.68      5.01      6.23  0.         830.339      -2406.616      -2451.121    0.000  -0.019   0.051   0.
  2017 352 15  1 27 488 352.626012607      16.36      5.89      6.39  0.         833.705      -2407.728      -2448.849    0.000  -0.019   0.051   0.
  2017 352 15  1 28 488 352.626024178      16.01      6.95      6.56  0.         837.070      -2408.838      -2446.575    0.000  -0.019   0.052   0.
  2017 352 15  1 29 488 352.626035752      15.64      8.15      6.73  0.         840.433      -2409.946      -2444.299    0.000  -0.019   0.052   0.
  2017 352 15  1 30 489 352.626047326      15.18      9.45      6.95  0.         843.796      -2411.051      -2442.020    0.000  -0.019   0.052   0.
  2017 352 15  1 31 489 352.626058900      14.61     10.73      7.15  0.         847.159      -2412.154      -2439.739    0.000  -0.019   0.052   0.
  2017 352 15  1 32 488 352.626070475      14.00     12.01      7.32  0.         850.520      -2413.255      -2437.455    0.000  -0.019   0.053   0.
  2017 352 15  1 33 488 352.626082049      13.43     13.29      7.55  0.         853.880      -2414.353      -2435.169    0.000  -0.019   0.053   0.
  2017 352 15  1 34 489 352.626093623      13.00     14.67      7.73  0.         857.240      -2415.449      -2432.881    0.000  -0.019   0.053   0.
  2017 352 15  1 35 489 352.626105197      12.68     16.10      7.77  0.         860.599      -2416.543      -2430.590    0.000  -0.019   0.053   0.
  2017 352 15  1 36 489 352.626116771      12.54     17.42      7.54  0.         863.957      -2417.634      -2428.297    0.000  -0.020   0.054   0.
  2017 352 15  1 37 489 352.626128345      12.47     18.71      7.14  0.         867.315      -2418.723      -2426.001    0.000  -0.020   0.054   0.
  2017 352 15  1 38 489 352.626139919      12.50     19.93      6.54  0.         870.671      -2419.810      -2423.704    0.000  -0.020   0.054   0.
  2017 352 15  1 39 488 352.626151493      12.51     21.04      5.90  0.         874.027      -2420.894      -2421.403    0.000  -0.020   0.054   0.
  2017 352 15  1 40 488 352.626163067      12.35     21.86      5.18  0.         877.381      -2421.976      -2419.101    0.000  -0.020   0.055   0.
  2017 352 15  1 41 488 352.626174641      11.92     22.45      4.64  0.         880.735      -2423.056      -2416.796    0.000  -0.020   0.055   0.
  2017 352 15  1 42 488 352.626186215      11.22     23.02      4.26  0.         884.088      -2424.133      -2414.489    0.000  -0.020   0.055   0.
  2017 352 15  1 43 489 352.626197789      10.38     23.66      4.04  0.         887.440      -2425.208      -2412.179    0.000  -0.020   0.055   0.
  2017 352 15  1 44 489 352.626209363       9.48     24.47      3.82  0.         890.792      -2426.280      -2409.867    0.000  -0.020   0.056   0.
  2017 352 15  1 45 488 352.626220938       8.47     25.51      3.57  0.         894.142      -2427.350      -2407.553    0.000  -0.020   0.056   0.
  2017 352 15  1 46 488 352.626232512       7.34     26.84      3.31  0.         897.492      -2428.418      -2405.236    0.000  -0.021   0.056   0.
  2017 352 15  1 47 488 352.626244086       6.59     28.52      3.06  0.         900.841      -2429.484      -2402.917    0.000  -0.021   0.056   0.
  2017 352 15  1 48 489 352.626255660       6.64     29.81      2.82  0.         904.188      -2430.547      -2400.596    0.000  -0.021   0.057   0.
  2017 352 15  1 49 489 352.626267234       6.70     30.72      2.47  0.         907.535      -2431.608      -2398.272    0.000  -0.021   0.057   0.
  2017 352 15  1 50 489 352.626278808       6.78     31.39      1.97  0.         910.881      -2432.666      -2395.946    0.000  -0.021   0.057   0.
  2017 352 15  1 51 489 352.626290382       6.69     31.74      1.34  0.         914.227      -2433.722      -2393.618    0.000  -0.021   0.057   0.
  2017 352 15  1 52 488 352.626301956       6.40     31.74      0.55  0.         917.571      -2434.776      -2391.287    0.000  -0.021   0.058   0.
  2017 352 15  1 53 488 352.626313530       5.86     31.41     -0.48  0.         920.914      -2435.827      -2388.954    0.000  -0.021   0.058   0.
  2017 352 15  1 54 488 352.626325104       5.07     30.77     -1.59  0.         924.257      -2436.876      -2386.619    0.000  -0.021   0.059   0.
  2017 352 15  1 55 488 352.626336678       3.88     29.74     -2.63  0.         927.599      -2437.923      -2384.281    0.000  -0.021   0.059   0.
  2017 352 15  1 56 488 352.626348252       1.74     28.55     -3.48  0.         930.939      -2438.967      -2381.941    0.000  -0.021   0.059   0.
  2017 352 15  1 57 489 352.626359826      -0.87     27.88     -4.18  0.         934.279      -2440.009      -2379.599    0.000  -0.021   0.059   0.
  2017 352 15  1 58 489 352.626371400      -3.17     27.62     -4.83  0.         937.618      -2441.048      -2377.254    0.000  -0.022   0.060   0.
  2017 352 15  1 59 488 352.626382974      -4.81     27.57     -5.54  0.         940.956      -2442.085      -2374.908    0.000  -0.022   0.060   0.
  2017 352 15  2  0 488 352.626394546      -6.06     27.56     -6.19  0.         944.293      -2443.120      -2372.558    0.000  -0.022   0.060   0.
  2017 352 15  2  1 488 352.626406120      -7.00     27.52     -6.93  0.         947.630      -2444.152      -2370.207    0.000  -0.022   0.060   0.
  2017 352 15  2  2 488 352.626417694      -7.80     27.41     -7.76  0.         950.965      -2445.182      -2367.853    0.000  -0.022   0.061   0.
  2017 352 15  2  3 488 352.626429268      -8.50     27.15     -8.76  0.         954.299      -2446.210      -2365.497    0.000  -0.022   0.061   0.
  2017 352 15  2  4 488 352.626440842      -9.25     26.78     -9.79  0.         957.633      -2447.235      -2363.138    0.000  -0.022   0.061   0.
  2017 352 15  2  5 488 352.626452416     -10.05     26.30    -10.94  0.         960.966      -2448.258      -2360.778    0.000  -0.022   0.061   0.
  2017 352 15  2  6 488 352.626463990     -11.04     25.75    -12.00  0.         964.297      -2449.279      -2358.415    0.000  -0.022   0.062   0.
  2017 352 15  2  7 488 352.626475564     -12.11     25.17    -13.09  0.         967.628      -2450.297      -2356.049    0.000  -0.022   0.062   0.
  2017 352 15  2  8 488 352.626487138     -13.27     24.57    -14.18  0.         970.958      -2451.313      -2353.682    0.000  -0.023   0.062   0.
  2017 352 15  2  9 488 352.626498712     -14.47     23.90    -15.26  0.         974.286      -2452.326      -2351.312    0.000  -0.023   0.062   0.
  2017 352 15  2 10 488 352.626510286     -15.67     23.21    -16.14  0.         977.614      -2453.337      -2348.939    0.000  -0.023   0.063   0.
  2017 352 15  2 11 488 352.626521861     -16.84     22.37    -17.02  0.         980.941      -2454.346      -2346.565    0.000  -0.023   0.063   0.
  2017 352 15  2 12 488 352.626533435     -17.90     21.36    -17.85  0.         984.267      -2455.352      -2344.188    0.000  -0.023   0.063   0.
  2017 352 15  2 13 488 352.626545009     -18.88     20.23    -18.60  0.         987.592      -2456.356      -2341.809    0.000  -0.023   0.063   0.
  2017 352 15  2 14 488 352.626556583     -19.83     18.94    -19.39  0.         990.916      -2457.357      -2339.428    0.000  -0.023   0.064   0.
  2017 352 15  2 15 488 352.626568157     -20.73     17.50    -20.10  0.         994.239      -2458.356      -2337.044    0.000  -0.023   0.064   0.
  2017 352 15  2 16 488 352.626579731     -21.67     15.97    -20.77  0.         997.561      -2459.353      -2334.658    0.000  -0.023   0.064   0.
  2017 352 15  2 17 488 352.626591305     -22.57     14.40    -21.48  0.        1000.883      -2460.347      -2332.270    0.000  -0.023   0.064   0.
  2017 352 15  2 18 488 352.626602879     -23.37     12.84    -22.17  0.        1004.203      -2461.339      -2329.879    0.000  -0.023   0.065   0.
  2017 352 15  2 19 488 352.626614453     -24.16     11.27    -22.86  0.        1007.522      -2462.329      -2327.487    0.000  -0.023   0.065   0.
  2017 352 15  2 20 488 352.626626027     -24.83      9.75    -23.61  0.        1010.840      -2463.316      -2325.092    0.000  -0.024   0.065   0.
  2017 352 15  2 21 488 352.626637601     -25.33      8.26    -24.46  0.        1014.158      -2464.301      -2322.694    0.000  -0.024   0.065   0.
  2017 352 15  2 22 488 352.626649175     -25.74      6.78    -25.43  0.        1017.474      -2465.283      -2320.295    0.000  -0.024   0.066   0.
  2017 352 15  2 23 488 352.626660749     -26.04      5.28    -26.45  0.        1020.789      -2466.263      -2317.893    0.000  -0.024   0.066   0.
  2017 352 15  2 24 488 352.626672323     -26.19      3.73    -27.62  0.        1024.104      -2467.241      -2315.489    0.000  -0.024   0.066   0.
  2017 352 15  2 25 488 352.626683898     -26.23      2.14    -28.82  0.        1027.417      -2468.216      -2313.083    0.000  -0.024   0.066   0.
  2017 352 15  2 26 488 352.626695472     -26.11      0.53    -30.16  0.        1030.729      -2469.189      -2310.674    0.000  -0.024   0.067   0.
  2017 352 15  2 27 488 352.626707046     -25.72     -1.04    -31.66  0.        1034.041      -2470.159      -2308.264    0.000  -0.024   0.067   0.
  2017 352 15  2 28 488 352.626718620     -25.01     -2.59    -33.29  0.        1037.351      -2471.127      -2305.851    0.000  -0.024   0.067   0.
  2017 352 15  2 29 488 352.626730193     -24.07     -4.08    -35.00  0.        1040.661      -2472.093      -2303.435    0.000  -0.024   0.067   0.
  2017 352 15  2 30 488 352.626741765     -22.87     -5.64    -36.86  0.        1043.969      -2473.056      -2301.018    0.000  -0.025   0.068   0.
  2017 352 15  2 31 488 352.626753339     -21.41     -7.21    -38.75  0.        1047.276      -2474.017      -2298.598    0.000  -0.025   0.068   0.
  2017 352 15  2 32 488 352.626764913     -19.67     -8.67    -40.61  0.        1050.583      -2474.976      -2296.176    0.000  -0.025   0.068   0.
  2017 352 15  2 33 488 352.626776487     -17.33     -9.83    -42.20  0.        1053.888      -2475.932      -2293.752    0.000  -0.025   0.068   0.
  2017 352 15  2 34 488 352.626788061     -15.83    -11.64    -42.13  0.        1057.192      -2476.885      -2291.325    0.000  -0.025   0.069   0.
  2017 352 15  2 35 488 352.626799635     -15.11    -14.00    -42.36  0.        1060.496      -2477.837      -2288.897    0.000  -0.025   0.069   0.
  2017 352 15  2 36 488 352.626811210     -14.11    -16.03    -42.49  0.        1063.798      -2478.786      -2286.466    0.000  -0.025   0.070   0.
  2017 352 15  2 37 488 352.626822784     -13.12    -17.89    -42.39  0.        1067.099      -2479.732      -2284.033    0.000  -0.025   0.070   0.
  2017 352 15  2 38 488 352.626834358     -12.04    -19.46    -42.19  0.        1070.399      -2480.676      -2281.597    0.000  -0.025   0.070   0.
  2017 352 15  2 39 488 352.626845932     -11.03    -20.85    -41.95  0.        1073.698      -2481.618      -2279.160    0.000  -0.025   0.070   0.
  2017 352 15  2 40 488 352.626857506      -9.89    -22.05    -41.91  0.        1076.997      -2482.557      -2276.720    0.000  -0.026   0.071   0.
  2017 352 15  2 41 488 352.626869080      -8.49    -22.95    -41.87  0.        1080.293      -2483.494      -2274.278    0.000  -0.026   0.071   0.
  2017 352 15  2 42 488 352.626880654      -6.83    -23.65    -41.70  0.        1083.590      -2484.428      -2271.834    0.000  -0.026   0.071   0.
  2017 352 15  2 43 488 352.626892228      -5.09    -24.30    -41.33  0.        1086.885      -2485.360      -2269.387    0.000  -0.026   0.071   0.
  2017 352 15  2 44 488 352.626903802      -3.41    -24.98    -40.82  0.        1090.179      -2486.290      -2266.939    0.000  -0.026   0.072   0.
  2017 352 15  2 45 488 352.626915376      -1.81    -25.64    -40.32  0.        1093.472      -2487.217      -2264.488    0.000  -0.026   0.072   0.
  2017 352 15  2 46 488 352.626926950      -0.13    -26.36    -39.74  0.        1096.763      -2488.142      -2262.035    0.000  -0.026   0.072   0.
  2017 352 15  2 47 488 352.626938524       1.52    -27.25    -39.03  0.        1100.054      -2489.064      -2259.580    0.000  -0.026   0.072   0.
  2017 352 15  2 48 488 352.626950098       3.08    -28.16    -38.24  0.        1103.344      -2489.984      -2257.122    0.000  -0.026   0.073   0.
  2017 352 15  2 49 488 352.626961673       4.66    -28.93    -37.14  0.        1106.632      -2490.902      -2254.663    0.000  -0.026   0.073   0.
  2017 352 15  2 50 488 352.626973247       6.36    -29.58    -36.01  0.        1109.920      -2491.817      -2252.201    0.000  -0.027   0.073   0.
  2017 352 15  2 51 488 352.626984821       8.15    -30.10    -34.81  0.        1113.207      -2492.730      -2249.737    0.000  -0.027   0.073   0.
  2017 352 15  2 52 488 352.626996395       9.95    -30.49    -33.61  0.        1116.492      -2493.640      -2247.271    0.000  -0.027   0.074   0.
  2017 352 15  2 53 488 352.627007969      11.75    -30.72    -32.46  0.        1119.776      -2494.548      -2244.802    0.000  -0.027   0.074   0.
  2017 352 15  2 54 488 352.627019543      13.62    -30.62    -31.37  0.        1123.060      -2495.454      -2242.332    0.000  -0.027   0.074   0.
  2017 352 15  2 55 488 352.627031117      15.48    -30.08    -30.21  0.        1126.342      -2496.357      -2239.859    0.000  -0.027   0.074   0.
  2017 352 15  2 56 488 352.627042691      17.10    -29.21    -28.73  0.        1129.623      -2497.258      -2237.384    0.000  -0.027   0.075   0.
  2017 352 15  2 57 488 352.627054265      18.50    -28.21    -26.93  0.        1132.903      -2498.156      -2234.907    0.000  -0.027   0.075   0.
  2017 352 15  2 58 488 352.627065839      19.74    -27.24    -25.15  0.        1136.182      -2499.052      -2232.428    0.000  -0.027   0.075   0.
  2017 352 15  2 59 488 352.627077413      20.89    -26.32    -23.40  0.        1139.460      -2499.945      -2229.947    0.000  -0.027   0.075   0.
  2017 352 15  3  0 488 352.627088984      21.95    -25.47    -21.56  0.        1142.736      -2500.836      -2227.463    0.000  -0.028   0.076   0.
  2017 352 15  3  1 488 352.627100558      22.98    -24.78    -19.78  0.        1146.012      -2501.725      -2224.977    0.000  -0.028   0.076   0.
  2017 352 15  3  2 488 352.627112133      23.93    -24.26    -17.99  0.        1149.286      -2502.611      -2222.489    0.000  -0.028   0.076   0.
  2017 352 15  3  3 488 352.627123707      24.78    -23.92    -16.09  0.        1152.560      -2503.495      -2219.999    0.000  -0.028   0.076   0.
  2017 352 15  3  4 488 352.627135281      25.61    -23.54    -14.30  0.        1155.832      -2504.376      -2217.507    0.000  -0.028   0.077   0.
  2017 352 15  3  5 488 352.627146855      26.31    -23.20    -12.42  0.        1159.103      -2505.255      -2215.013    0.000  -0.028   0.077   0.
  2017 352 15  3  6 488 352.627158429      26.86    -22.98    -10.48  0.        1162.373      -2506.131      -2212.516    0.000  -0.028   0.078   0.
  2017 352 15  3  7 488 352.627170003      27.32    -22.85     -8.45  0.        1165.642      -2507.006      -2210.018    0.000  -0.028   0.078   0.
  2017 352 15  3  8 488 352.627181577      27.78    -22.80     -6.38  0.        1168.910      -2507.877      -2207.517    0.000  -0.028   0.078   0.
  2017 352 15  3  9 488 352.627193151      28.32    -22.81     -4.31  0.        1172.177      -2508.746      -2205.014    0.000  -0.028   0.078   0.
  2017 352 15  3 10 488 352.627204725      28.99    -22.82     -2.23  0.        1175.442      -2509.613      -2202.509    0.000  -0.029   0.078   0.
  2017 352 15  3 11 488 352.627216299      29.81    -22.71     -0.14  0.        1178.707      -2510.478      -2200.002    0.000  -0.029   0.078   0.
  2017 352 15  3 12 488 352.627227873      30.76    -22.50      1.89  0.        1181.970      -2511.340      -2197.493    0.000  -0.029   0.079   0.
  2017 352 15  3 13 488 352.627239447      31.79    -22.20      3.83  0.        1185.232      -2512.199      -2194.981    0.000  -0.029   0.079   0.
  2017 352 15  3 14 488 352.627251021      32.83    -21.79      5.71  0.        1188.493      -2513.056      -2192.467    0.000  -0.029   0.080   0.
  2017 352 15  3 15 488 352.627262596      33.97    -21.35      7.38  0.        1191.753      -2513.911      -2189.952    0.000  -0.029   0.080   0.
  2017 352 15  3 16 488 352.627274170      35.15    -20.80      8.89  0.        1195.012      -2514.763      -2187.434    0.000  -0.029   0.080   0.
  2017 352 15  3 17 488 352.627285744      36.35    -20.21     10.28  0.        1198.269      -2515.613      -2184.914    0.000  -0.029   0.080   0.
  2017 352 15  3 18 488 352.627297318      37.56    -19.50     11.54  0.        1201.526      -2516.460      -2182.392    0.000  -0.029   0.081   0.
  2017 352 15  3 19 488 352.627308892      38.74    -18.74     12.70  0.        1204.781      -2517.305      -2179.868    0.000  -0.029   0.081   0.
  2017 352 15  3 20 488 352.627320466      39.79    -17.96     13.83  0.        1208.035      -2518.148      -2177.341    0.000  -0.030   0.081   0.
  2017 352 15  3 21 488 352.627332040      40.75    -17.11     14.95  0.        1211.288      -2518.988      -2174.813    0.000  -0.030   0.081   0.
  2017 352 15  3 22 488 352.627343614      41.56    -16.20     16.14  0.        1214.540      -2519.826      -2172.283    0.000  -0.030   0.082   0.
  2017 352 15  3 23 488 352.627355188      42.25    -15.16     17.40  0.        1217.790      -2520.661      -2169.750    0.000  -0.030   0.082   0.
  2017 352 15  3 24 488 352.627366762      42.80    -14.00     18.69  0.        1221.040      -2521.494      -2167.215    0.000  -0.030   0.082   0.
  2017 352 15  3 25 488 352.627378336      43.26    -12.74     20.00  0.        1224.288      -2522.324      -2164.678    0.000  -0.030   0.082   0.
  2017 352 15  3 26 488 352.627389910      43.61    -11.34     21.35  0.        1227.535      -2523.152      -2162.140    0.000  -0.030   0.083   0.
  2017 352 15  3 27 488 352.627401484      43.88     -9.85     22.63  0.        1230.781      -2523.978      -2159.599    0.000  -0.030   0.083   0.
  2017 352 15  3 28 487 352.627413056      44.12     -8.34     23.85  0.        1234.026      -2524.801      -2157.055    0.000  -0.030   0.083   0.
  2017 352 15  3 29 487 352.627424630      44.29     -6.77     25.07  0.        1237.269      -2525.621      -2154.510    0.000  -0.030   0.083   0.
  2017 352 15  3 30 488 352.627436204      44.43     -5.19     26.13  0.        1240.512      -2526.440      -2151.963    0.000  -0.031   0.084   0.
  2017 352 15  3 31 488 352.627447778      44.52     -3.61     27.11  0.        1243.753      -2527.255      -2149.414    0.000  -0.031   0.084   0.
  2017 352 15  3 32 488 352.627459352      44.65     -2.07     27.96  0.        1246.993      -2528.069      -2146.862    0.000  -0.031   0.084   0.
  2017 352 15  3 33 488 352.627470926      44.70     -0.60     28.73  0.        1250.231      -2528.880      -2144.309    0.000  -0.031   0.084   0.
  2017 352 15  3 34 487 352.627482500      44.74      0.91     29.46  0.        1253.469      -2529.688      -2141.753    0.000  -0.031   0.085   0.
  2017 352 15  3 35 487 352.627494074      44.73      2.40     30.08  0.        1256.705      -2530.494      -2139.196    0.000  -0.031   0.085   0.
  2017 352 15  3 36 487 352.627505648      44.65      3.92     30.60  0.        1259.940      -2531.298      -2136.636    0.000  -0.031   0.086   0.
  2017 352 15  3 37 487 352.627517222      44.52      5.41     30.99  0.        1263.174      -2532.099      -2134.074    0.000  -0.031   0.086   0.
  2017 352 15  3 38 487 352.627528796      44.32      6.95     31.29  0.        1266.406      -2532.898      -2131.510    0.000  -0.031   0.086   0.
  2017 352 15  3 39 488 352.627540370      44.01      8.45     31.46  0.        1269.638      -2533.694      -2128.944    0.000  -0.031   0.086   0.
  2017 352 15  3 40 488 352.627551944      43.65      9.86     31.48  0.        1272.869      -2534.488      -2126.377    0.000  -0.032   0.087   0.
  2017 352 15  3 41 487 352.627563519      43.22     11.22     31.47  0.        1276.098      -2535.279      -2123.806    0.000  -0.032   0.087   0.
  2017 352 15  3 42 487 352.627575093      42.75     12.53     31.37  0.        1279.325      -2536.068      -2121.235    0.000  -0.032   0.087   0.
  2017 352 15  3 43 488 352.627586667      42.20     13.79     31.21  0.        1282.552      -2536.855      -2118.660    0.000  -0.032   0.087   0.
  2017 352 15  3 44 488 352.627598241      41.62     14.99     31.01  0.        1285.777      -2537.639      -2116.084    0.000  -0.032   0.088   0.
  2017 352 15  3 45 488 352.627609815      41.03     16.10     30.78  0.        1289.001      -2538.420      -2113.506    0.000  -0.032   0.088   0.
  2017 352 15  3 46 488 352.627621389      40.42     17.16     30.48  0.        1292.224      -2539.200      -2110.926    0.000  -0.032   0.088   0.
  2017 352 15  3 47 488 352.627632963      39.81     18.17     30.19  0.        1295.446      -2539.976      -2108.344    0.000  -0.032   0.088   0.
  2017 352 15  3 48 487 352.627644537      39.21     19.06     29.91  0.        1298.666      -2540.751      -2105.759    0.000  -0.032   0.089   0.
  2017 352 15  3 49 487 352.627656111      38.58     19.87     29.60  0.        1301.885      -2541.523      -2103.173    0.000  -0.032   0.089   0.
  2017 352 15  3 50 487 352.627667685      37.92     20.71     29.40  0.        1305.103      -2542.292      -2100.585    0.000  -0.033   0.090   0.
  2017 352 15  3 51 487 352.627679259      37.28     21.50     29.20  0.        1308.320      -2543.059      -2097.994    0.000  -0.033   0.090   0.
  2017 352 15  3 52 487 352.627690833      36.61     22.29     29.02  0.        1311.535      -2543.824      -2095.402    0.000  -0.033   0.090   0.
  2017 352 15  3 53 488 352.627702407      35.88     23.09     28.86  0.        1314.749      -2544.586      -2092.807    0.000  -0.033   0.090   0.
  2017 352 15  3 54 488 352.627713982      35.16     23.85     28.64  0.        1317.962      -2545.345      -2090.211    0.000  -0.033   0.091   0.
  2017 352 15  3 55 487 352.627725556      34.45     24.59     28.37  0.        1321.174      -2546.103      -2087.613    0.000  -0.033   0.091   0.
  2017 352 15  3 56 487 352.627737130      33.76     25.25     28.08  0.        1324.384      -2546.857      -2085.012    0.000  -0.033   0.091   0.
  2017 352 15  3 57 488 352.627748703      33.09     25.83     27.75  0.        1327.593      -2547.610      -2082.410    0.000  -0.033   0.091   0.
  2017 352 15  3 58 487 352.627760275      32.44     26.44     27.49  0.        1330.801      -2548.360      -2079.805    0.000  -0.033   0.092   0.
  2017 352 15  3 59 487 352.627771849      31.76     27.03     27.30  0.        1334.008      -2549.107      -2077.199    0.000  -0.033   0.092   0.
  2017 352 15  4  0 487 352.627783423      31.08     27.65     27.13  0.        1337.213      -2549.852      -2074.590    0.000  -0.033   0.092   0.
  2017 352 15  4  1 487 352.627794997      30.38     28.29     26.93  0.        1340.417      -2550.595      -2071.980    0.000  -0.033   0.092   0.
  2017 352 15  4  2 487 352.627806571      29.63     29.01     26.68  0.        1343.619      -2551.335      -2069.367    0.000  -0.034   0.093   0.
  2017 352 15  4  3 487 352.627818145      28.90     29.75     26.33  0.        1346.821      -2552.072      -2066.753    0.000  -0.034   0.093   0.
  2017 352 15  4  4 487 352.627829719      28.17     30.46     25.90  0.        1350.021      -2552.807      -2064.136    0.000  -0.034   0.093   0.
  2017 352 15  4  5 487 352.627841293      27.49     31.17     25.39  0.        1353.220      -2553.540      -2061.518    0.000  -0.034   0.093   0.
  2017 352 15  4  6 487 352.627852867      26.82     31.79     24.84  0.        1356.417      -2554.271      -2058.898    0.000  -0.034   0.094   0.
  2017 352 15  4  7 487 352.627864442      26.21     32.33     24.17  0.        1359.613      -2554.998      -2056.275    0.000  -0.034   0.094   0.
  2017 352 15  4  8 487 352.627876016      25.66     32.76     23.40  0.        1362.808      -2555.724      -2053.651    0.000  -0.034   0.094   0.
  2017 352 15  4  9 487 352.627887590      25.12     33.07     22.56  0.        1366.002      -2556.447      -2051.024    0.000  -0.034   0.094   0.
  2017 352 15  4 10 487 352.627899164      24.56     33.26     21.73  0.        1369.194      -2557.167      -2048.396    0.000  -0.035   0.095   0.
  2017 352 15  4 11 487 352.627910738      24.09     33.37     20.93  0.        1372.385      -2557.885      -2045.766    0.000  -0.035   0.095   0.
  2017 352 15  4 12 487 352.627922312      23.69     33.39     20.10  0.        1375.575      -2558.601      -2043.134    0.000  -0.035   0.095   0.
  2017 352 15  4 13 487 352.627933886      23.36     33.36     19.34  0.        1378.763      -2559.314      -2040.499    0.000  -0.035   0.095   0.
  2017 352 15  4 14 487 352.627945460      23.08     33.25     18.48  0.        1381.950      -2560.025      -2037.863    0.000  -0.035   0.096   0.
  2017 352 15  4 15 487 352.627957034      22.76     33.16     17.76  0.        1385.136      -2560.733      -2035.225    0.000  -0.035   0.096   0.
  2017 352 15  4 16 487 352.627968608      22.48     33.09     17.20  0.        1388.320      -2561.439      -2032.585    0.000  -0.035   0.096   0.
  2017 352 15  4 17 487 352.627980182      22.19     33.01     16.75  0.        1391.504      -2562.142      -2029.943    0.000  -0.035   0.096   0.
  2017 352 15  4 18 487 352.627991756      21.91     32.92     16.39  0.        1394.685      -2562.843      -2027.299    0.000  -0.035   0.097   0.
  2017 352 15  4 19 487 352.628003330      21.61     32.75     16.10  0.        1397.866      -2563.542      -2024.653    0.000  -0.035   0.097   0.
  2017 352 15  4 20 487 352.628014905      21.39     32.51     15.75  0.        1401.045      -2564.238      -2022.005    0.000  -0.036   0.098   0.
  2017 352 15  4 21 487 352.628026479      21.18     32.24     15.46  0.        1404.222      -2564.931      -2019.356    0.000  -0.036   0.098   0.
  2017 352 15  4 22 487 352.628038053      21.08     31.95     15.14  0.        1407.399      -2565.622      -2016.704    0.000  -0.036   0.098   0.
  2017 352 15  4 23 487 352.628049627      21.11     31.58     14.72  0.        1410.574      -2566.311      -2014.050    0.000  -0.036   0.098   0.
  2017 352 15  4 24 487 352.628061201      21.24     31.22     14.42  0.        1413.748      -2566.997      -2011.395    0.000  -0.036   0.099   0.
  2017 352 15  4 25 487 352.628072775      21.41     30.78     14.16  0.        1416.920      -2567.681      -2008.737    0.000  -0.036   0.099   0.
  2017 352 15  4 26 487 352.628084349      21.62     30.39     14.02  0.        1420.091      -2568.362      -2006.078    0.000  -0.036   0.099   0.
  2017 352 15  4 27 487 352.628095923      21.89     30.00     13.88  0.        1423.260      -2569.041      -2003.416    0.000  -0.036   0.099   0.
  2017 352 15  4 28 487 352.628107494      22.21     29.55     13.89  0.        1426.429      -2569.718      -2000.753    0.000  -0.036   0.100   0.
  2017 352 15  4 29 487 352.628119068      22.58     28.98     13.97  0.        1429.596      -2570.391      -1998.088    0.000  -0.036   0.100   0.
  2017 352 15  4 30 487 352.628130642      23.00     28.38     14.14  0.        1432.761      -2571.063      -1995.421    0.000  -0.037   0.100   0.
  2017 352 15  4 31 487 352.628142216      23.40     27.77     14.40  0.        1435.926      -2571.732      -1992.752    0.000  -0.037   0.100   0.
  2017 352 15  4 32 487 352.628153791      23.88     27.11     14.62  0.        1439.088      -2572.399      -1990.081    0.000  -0.037   0.101   0.
  2017 352 15  4 33 487 352.628165365      24.34     26.40     14.95  0.        1442.250      -2573.063      -1987.408    0.000  -0.037   0.101   0.
  2017 352 15  4 34 487 352.628176939      24.81     25.68     15.28  0.        1445.410      -2573.725      -1984.733    0.000  -0.037   0.101   0.
  2017 352 15  4 35 487 352.628188513      25.25     24.96     15.67  0.        1448.569      -2574.384      -1982.056    0.000  -0.037   0.101   0.
  2017 352 15  4 36 487 352.628200087      25.68     24.22     15.98  0.        1451.726      -2575.040      -1979.378    0.000  -0.037   0.102   0.
  2017 352 15  4 37 487 352.628211661      26.12     23.53     16.35  0.        1454.882      -2575.695      -1976.697    0.000  -0.037   0.102   0.
  2017 352 15  4 38 487 352.628223235      26.51     22.88     16.62  0.        1458.037      -2576.347      -1974.015    0.000  -0.037   0.102   0.
  2017 352 15  4 39 487 352.628234809      26.91     22.25     16.91  0.        1461.190      -2576.996      -1971.331    0.000  -0.037   0.102   0.
  2017 352 15  4 40 487 352.628246383      27.27     21.72     17.29  0.        1464.342      -2577.643      -1968.645    0.000  -0.038   0.103   0.
  2017 352 15  4 41 487 352.628257957      27.60     21.26     17.74  0.        1467.492      -2578.288      -1965.957    0.000  -0.038   0.103   0.
  2017 352 15  4 42 487 352.628269531      27.91     20.88     18.18  0.        1470.641      -2578.930      -1963.267    0.000  -0.038   0.104   0.
  2017 352 15  4 43 487 352.628281105      28.17     20.61     18.60  0.        1473.789      -2579.569      -1960.575    0.000  -0.038   0.104   0.
  2017 352 15  4 44 487 352.628292679      28.34     20.43     19.02  0.        1476.935      -2580.207      -1957.882    0.000  -0.038   0.104   0.
  2017 352 15  4 45 487 352.628304254      28.45     20.31     19.43  0.        1480.080      -2580.841      -1955.186    0.000  -0.038   0.104   0.
  2017 352 15  4 46 487 352.628315828      28.53     20.25     19.75  0.        1483.223      -2581.473      -1952.489    0.000  -0.038   0.105   0.
  2017 352 15  4 47 487 352.628327402      28.53     20.24     20.11  0.        1486.365      -2582.103      -1949.790    0.000  -0.038   0.105   0.
  2017 352 15  4 48 487 352.628338976      28.49     20.26     20.45  0.        1489.506      -2582.731      -1947.089    0.000  -0.038   0.105   0.
  2017 352 15  4 49 487 352.628350550      28.46     20.29     20.72  0.        1492.645      -2583.355      -1944.386    0.000  -0.038   0.105   0.
  2017 352 15  4 50 487 352.628362124      28.42     20.35     20.97  0.        1495.783      -2583.978      -1941.681    0.000  -0.038   0.106   0.
  2017 352 15  4 51 487 352.628373698      28.38     20.44     21.19  0.        1498.919      -2584.598      -1938.975    0.000  -0.038   0.106   0.
  2017 352 15  4 52 487 352.628385272      28.30     20.54     21.34  0.        1502.054      -2585.215      -1936.266    0.000  -0.039   0.106   0.
  2017 352 15  4 53 487 352.628396846      28.19     20.63     21.42  0.        1505.187      -2585.830      -1933.556    0.000  -0.039   0.106   0.
  2017 352 15  4 54 487 352.628408420      28.13     20.71     21.38  0.        1508.319      -2586.443      -1930.844    0.000  -0.039   0.107   0.
  2017 352 15  4 55 487 352.628419994      28.03     20.86     21.44  0.        1511.450      -2587.053      -1928.130    0.000  -0.039   0.107   0.
  2017 352 15  4 56 487 352.628431565      27.91     21.03     21.47  0.        1514.579      -2587.661      -1925.414    0.000  -0.039   0.107   0.
  2017 352 15  4 57 487 352.628443139      27.77     21.23     21.49  0.        1517.707      -2588.266      -1922.697    0.000  -0.039   0.107   0.
  2017 352 15  4 58 487 352.628454714      27.62     21.49     21.48  0.        1520.833      -2588.869      -1919.978    0.000  -0.039   0.108   0.
  2017 352 15  4 59 487 352.628466288      27.44     21.76     21.46  0.        1523.958      -2589.469      -1917.256    0.000  -0.039   0.108   0.
  2017 352 15  5  0 487 352.628477862      27.22     22.03     21.34  0.        1527.082      -2590.067      -1914.533    0.000  -0.039   0.108   0.
  2017 352 15  5  1 487 352.628489436      27.01     22.37     21.23  0.        1530.204      -2590.663      -1911.808    0.000  -0.039   0.108   0.
  2017 352 15  5  2 487 352.628501010      26.77     22.71     21.03  0.        1533.324      -2591.256      -1909.081    0.000  -0.040   0.109   0.
  2017 352 15  5  3 487 352.628512584      26.51     23.02     20.78  0.        1536.443      -2591.846      -1906.353    0.000  -0.040   0.109   0.
  2017 352 15  5  4 487 352.628524158      26.28     23.38     20.51  0.        1539.561      -2592.434      -1903.623    0.000  -0.040   0.110   0.
  2017 352 15  5  5 487 352.628535732      26.00     23.76     20.26  0.        1542.677      -2593.020      -1900.890    0.000  -0.040   0.110   0.
  2017 352 15  5  6 487 352.628547306      25.66     24.15     19.98  0.        1545.792      -2593.603      -1898.156    0.000  -0.040   0.110   0.
  2017 352 15  5  7 487 352.628558880      25.31     24.51     19.63  0.        1548.905      -2594.184      -1895.421    0.000  -0.040   0.110   0.
  2017 352 15  5  8 487 352.628570454      24.93     24.88     19.27  0.        1552.017      -2594.762      -1892.683    0.000  -0.040   0.111   0.
  2017 352 15  5  9 487 352.628582028      24.51     25.27     18.91  0.        1555.127      -2595.338      -1889.944    0.000  -0.040   0.111   0.
  2017 352 15  5 10 487 352.628593602      24.05     25.68     18.52  0.        1558.236      -2595.911      -1887.203    0.000  -0.040   0.111   0.
  2017 352 15  5 11 487 352.628605177      23.61     26.10     18.15  0.        1561.344      -2596.482      -1884.460    0.000  -0.040   0.111   0.
  2017 352 15  5 12 487 352.628616751      23.15     26.52     17.76  0.        1564.450      -2597.051      -1881.715    0.000  -0.041   0.112   0.
  2017 352 15  5 13 487 352.628628325      22.69     26.93     17.32  0.        1567.554      -2597.617      -1878.969    0.000  -0.041   0.112   0.
  2017 352 15  5 14 487 352.628639899      22.23     27.36     16.83  0.        1570.657      -2598.180      -1876.220    0.000  -0.041   0.112   0.
  2017 352 15  5 15 487 352.628651473      21.76     27.80     16.42  0.        1573.759      -2598.741      -1873.470    0.000  -0.041   0.112   0.
  2017 352 15  5 16 487 352.628663047      21.32     28.24     16.01  0.        1576.859      -2599.300      -1870.719    0.000  -0.041   0.113   0.
  2017 352 15  5 17 487 352.628674621      20.86     28.74     15.60  0.        1579.957      -2599.856      -1867.965    0.000  -0.041   0.113   0.
  2017 352 15  5 18 487 352.628686195      20.35     29.21     15.23  0.        1583.054      -2600.410      -1865.210    0.000  -0.041   0.113   0.
  2017 352 15  5 19 487 352.628697769      19.84     29.65     14.83  0.        1586.150      -2600.961      -1862.452    0.000  -0.041   0.113   0.
  2017 352 15  5 20 487 352.628709343      19.28     30.14     14.50  0.        1589.244      -2601.510      -1859.694    0.000  -0.042   0.114   0.
  2017 352 15  5 21 487 352.628720917      18.71     30.63     14.14  0.        1592.336      -2602.056      -1856.933    0.000  -0.042   0.114   0.
  2017 352 15  5 22 487 352.628732491      18.11     31.16     13.77  0.        1595.427      -2602.600      -1854.171    0.000  -0.042   0.114   0.
  2017 352 15  5 23 487 352.628744065      17.50     31.69     13.45  0.        1598.517      -2603.142      -1851.406    0.000  -0.042   0.114   0.
  2017 352 15  5 24 487 352.628755639      16.87     32.29     13.16  0.        1601.605      -2603.681      -1848.641    0.000  -0.042   0.115   0.
  2017 352 15  5 25 487 352.628767213      16.21     32.87     12.87  0.        1604.691      -2604.218      -1845.873    0.000  -0.042   0.115   0.
  2017 352 15  5 26 487 352.628778785      15.57     33.52     12.57  0.        1607.776      -2604.752      -1843.104    0.000  -0.042   0.116   0.
  2017 352 15  5 27 487 352.628790359      14.94     34.13     12.28  0.        1610.860      -2605.283      -1840.332    0.000  -0.042   0.116   0.
  2017 352 15  5 28 487 352.628801933      14.35     34.80     12.00  0.        1613.942      -2605.812      -1837.560    0.000  -0.042   0.116   0.
  2017 352 15  5 29 487 352.628813507      13.71     35.41     11.70  0.        1617.023      -2606.339      -1834.785    0.000  -0.042   0.116   0.
  2017 352 15  5 30 486 352.628825081      13.17     36.06     11.51  0.        1620.101      -2606.864      -1832.009    0.000  -0.042   0.117   0.
  2017 352 15  5 31 486 352.628836655      12.86     36.63     11.30  0.        1623.179      -2607.386      -1829.231    0.000  -0.042   0.117   0.
  2017 352 15  5 32 486 352.628848229      12.62     36.97     10.99  0.        1626.255      -2607.905      -1826.451    0.000  -0.043   0.117   0.
  2017 352 15  5 33 486 352.628859803      11.96     36.98     11.33  0.        1629.329      -2608.422      -1823.670    0.000  -0.043   0.117   0.
  2017 352 15  5 34 486 352.628871377      10.51     36.96     12.51  0.        1632.402      -2608.937      -1820.887    0.000  -0.043   0.118   0.
  2017 352 15  5 35 487 352.628882951       7.99     36.93     13.95  0.        1635.474      -2609.449      -1818.101    0.000  -0.043   0.118   0.
  2017 352 15  5 36 487 352.628894525       4.39     36.39     16.06  0.        1638.543      -2609.958      -1815.315    0.000  -0.043   0.118   0.
  2017 352 15  5 37 486 352.628906100       0.81     36.30     18.80  0.        1641.612      -2610.465      -1812.527    0.000  -0.043   0.118   0.
  2017 352 15  5 38 486 352.628917674      -1.97     35.71     20.72  0.        1644.678      -2610.970      -1809.737    0.000  -0.043   0.119   0.
  2017 352 15  5 39 487 352.628929248      -3.13     37.37     21.62  0.        1647.744      -2611.472      -1806.945    0.000  -0.043   0.119   0.
  2017 352 15  5 40 487 352.628940822      -1.49     40.31     18.49  0.        1650.807      -2611.972      -1804.152    0.000  -0.043   0.119   0.
  2017 352 15  5 41 487 352.628952396      -1.53     41.66     16.68  0.        1653.869      -2612.470      -1801.356    0.000  -0.043   0.119   0.
  2017 352 15  5 42 487 352.628963970      -1.46     42.95     14.65  0.        1656.930      -2612.965      -1798.560    0.000  -0.044   0.120   0.
  2017 352 15  5 43 487 352.628975544      -1.63     43.96     12.79  0.        1659.989      -2613.457      -1795.761    0.000  -0.044   0.120   0.
  2017 352 15  5 44 486 352.628987118      -2.08     44.85     11.22  0.        1663.046      -2613.947      -1792.961    0.000  -0.044   0.120   0.
  2017 352 15  5 45 486 352.628998692      -2.76     45.60      9.80  0.        1666.102      -2614.435      -1790.159    0.000  -0.044   0.120   0.
  2017 352 15  5 46 486 352.629010266      -3.61     46.21      8.58  0.        1669.157      -2614.920      -1787.356    0.000  -0.044   0.121   0.
  2017 352 15  5 47 486 352.629021840      -4.67     46.75      7.50  0.        1672.209      -2615.403      -1784.550    0.000  -0.044   0.121   0.
  2017 352 15  5 48 486 352.629033414      -5.80     47.30      6.58  0.        1675.261      -2615.883      -1781.743    0.000  -0.044   0.121   0.
  2017 352 15  5 49 487 352.629044988      -6.88     47.95      5.71  0.        1678.310      -2616.361      -1778.935    0.000  -0.044   0.121   0.
  2017 352 15  5 50 487 352.629056562      -7.85     48.56      4.61  0.        1681.358      -2616.836      -1776.125    0.000  -0.044   0.122   0.
  2017 352 15  5 51 486 352.629068137      -8.85     49.05      3.42  0.        1684.405      -2617.309      -1773.313    0.000  -0.044   0.122   0.
  2017 352 15  5 52 487 352.629079711      -9.91     49.50      2.21  0.        1687.450      -2617.780      -1770.499    0.000  -0.044   0.122   0.
  2017 352 15  5 53 487 352.629091285     -10.93     49.96      0.99  0.        1690.493      -2618.248      -1767.684    0.000  -0.044   0.122   0.
  2017 352 15  5 54 487 352.629102859     -11.92     50.43     -0.36  0.        1693.535      -2618.713      -1764.867    0.000  -0.045   0.123   0.
  2017 352 15  5 55 487 352.629114433     -12.86     50.77     -1.79  0.        1696.575      -2619.177      -1762.049    0.000  -0.045   0.123   0.
  2017 352 15  5 56 487 352.629126007     -13.93     51.06     -3.22  0.        1699.614      -2619.637      -1759.229    0.000  -0.045   0.124   0.
  2017 352 15  5 57 486 352.629137581     -15.13     51.20     -4.68  0.        1702.651      -2620.096      -1756.407    0.000  -0.045   0.124   0.
  2017 352 15  5 58 486 352.629149152     -16.42     51.23     -6.06  0.        1705.686      -2620.551      -1753.583    0.000  -0.045   0.124   0.
  2017 352 15  5 59 486 352.629160726     -17.76     51.28     -7.23  0.        1708.720      -2621.005      -1750.758    0.000  -0.045   0.124   0.
  2017 352 15  6  0 486 352.629172300     -19.06     51.36     -8.48  0.        1711.753      -2621.456      -1747.932    0.000  -0.045   0.125   0.
  2017 352 15  6  1 486 352.629183874     -20.31     51.40     -9.81  0.        1714.783      -2621.904      -1745.103    0.000  -0.045   0.125   0.
  2017 352 15  6  2 486 352.629195448     -21.48     51.43    -11.22  0.        1717.812      -2622.351      -1742.273    0.000  -0.046   0.125   0.
  2017 352 15  6  3 486 352.629207023     -22.61     51.42    -12.77  0.        1720.840      -2622.794      -1739.442    0.000  -0.046   0.125   0.
  2017 352 15  6  4 486 352.629218597     -23.76     51.27    -14.31  0.        1723.866      -2623.235      -1736.609    0.000  -0.046   0.126   0.
  2017 352 15  6  5 486 352.629230171     -24.84     51.06    -15.93  0.        1726.890      -2623.674      -1733.774    0.000  -0.046   0.126   0.
  2017 352 15  6  6 486 352.629241745     -25.86     50.83    -17.47  0.        1729.913      -2624.110      -1730.937    0.000  -0.046   0.126   0.
  2017 352 15  6  7 486 352.629253319     -26.82     50.66    -19.02  0.        1732.934      -2624.544      -1728.099    0.000  -0.046   0.126   0.
  2017 352 15  6  8 486 352.629264893     -27.69     50.39    -20.73  0.        1735.953      -2624.976      -1725.260    0.000  -0.046   0.127   0.
  2017 352 15  6  9 486 352.629276467     -28.54     50.09    -22.43  0.        1738.971      -2625.405      -1722.418    0.000  -0.046   0.127   0.
  2017 352 15  6 10 486 352.629288041     -29.37     49.74    -24.09  0.        1741.987      -2625.831      -1719.576    0.000  -0.046   0.127   0.
  2017 352 15  6 11 486 352.629299615     -30.16     49.35    -25.81  0.        1745.002      -2626.255      -1716.731    0.000  -0.046   0.127   0.
  2017 352 15  6 12 486 352.629311189     -30.84     48.88    -27.57  0.        1748.015      -2626.677      -1713.885    0.000  -0.046   0.128   0.
  2017 352 15  6 13 486 352.629322763     -31.51     48.32    -29.34  0.        1751.026      -2627.097      -1711.038    0.000  -0.046   0.128   0.
  2017 352 15  6 14 486 352.629334337     -32.11     47.74    -31.09  0.        1754.036      -2627.513      -1708.188    0.000  -0.047   0.128   0.
  2017 352 15  6 15 486 352.629345911     -32.64     47.14    -32.77  0.        1757.045      -2627.928      -1705.337    0.000  -0.047   0.128   0.
  2017 352 15  6 16 486 352.629357486     -33.02     46.52    -34.54  0.        1760.051      -2628.340      -1702.485    0.000  -0.047   0.129   0.
  2017 352 15  6 17 486 352.629369060     -33.30     45.90    -36.39  0.        1763.056      -2628.749      -1699.631    0.000  -0.047   0.129   0.
  2017 352 15  6 18 486 352.629380634     -33.51     45.23    -38.26  0.        1766.059      -2629.156      -1696.775    0.000  -0.047   0.129   0.
  2017 352 15  6 19 486 352.629392208     -33.65     44.50    -40.23  0.        1769.061      -2629.561      -1693.918    0.000  -0.047   0.129   0.
  2017 352 15  6 20 486 352.629403782     -33.73     43.73    -42.22  0.        1772.061      -2629.963      -1691.060    0.000  -0.047   0.130   0.
  2017 352 15  6 21 486 352.629415356     -33.70     42.92    -44.28  0.        1775.059      -2630.363      -1688.199    0.000  -0.047   0.130   0.
  2017 352 15  6 22 486 352.629426930     -33.74     42.01    -46.35  0.        1778.056      -2630.760      -1685.337    0.000  -0.048   0.131   0.
  2017 352 15  6 23 486 352.629438504     -33.73     41.00    -48.39  0.        1781.051      -2631.155      -1682.474    0.000  -0.048   0.131   0.
  2017 352 15  6 24 486 352.629450078     -33.64     39.91    -50.38  0.        1784.044      -2631.548      -1679.609    0.000  -0.048   0.131   0.
  2017 352 15  6 25 486 352.629461652     -33.49     38.75    -52.38  0.        1787.036      -2631.938      -1676.743    0.000  -0.048   0.131   0.
  2017 352 15  6 26 486 352.629473223     -33.29     37.49    -54.40  0.        1790.026      -2632.326      -1673.875    0.000  -0.048   0.132   0.
  2017 352 15  6 27 486 352.629484797     -33.04     36.12    -56.35  0.        1793.015      -2632.711      -1671.005    0.000  -0.048   0.132   0.
  2017 352 15  6 28 486 352.629496372     -32.69     34.81    -58.27  0.        1796.002      -2633.094      -1668.134    0.000  -0.048   0.132   0.
  2017 352 15  6 29 486 352.629507946     -32.25     33.42    -60.20  0.        1798.987      -2633.474      -1665.261    0.000  -0.048   0.132   0.
  2017 352 15  6 30 486 352.629519520     -31.75     32.00    -62.17  0.        1801.970      -2633.852      -1662.387    0.000  -0.048   0.133   0.
  2017 352 15  6 31 486 352.629531094     -31.19     30.53    -64.08  0.        1804.952      -2634.227      -1659.511    0.000  -0.048   0.133   0.
  2017 352 15  6 32 486 352.629542668     -30.56     28.96    -66.00  0.        1807.932      -2634.600      -1656.634    0.000  -0.049   0.133   0.
  2017 352 15  6 33 486 352.629554242     -29.87     27.40    -67.86  0.        1810.911      -2634.971      -1653.755    0.000  -0.049   0.133   0.
  2017 352 15  6 34 486 352.629565816     -29.06     25.80    -69.69  0.        1813.888      -2635.339      -1650.875    0.000  -0.049   0.134   0.
  2017 352 15  6 35 486 352.629577390     -28.20     24.19    -71.44  0.        1816.863      -2635.705      -1647.993    0.000  -0.049   0.134   0.
  2017 352 15  6 36 486 352.629588964     -27.23     22.56    -73.12  0.        1819.837      -2636.069      -1645.109    0.000  -0.049   0.134   0.
  2017 352 15  6 37 486 352.629600538     -26.14     20.91    -74.85  0.        1822.808      -2636.430      -1642.225    0.000  -0.049   0.134   0.
  2017 352 15  6 38 486 352.629612112     -24.95     19.15    -76.60  0.        1825.779      -2636.788      -1639.338    0.000  -0.049   0.135   0.
  2017 352 15  6 39 486 352.629623686     -23.72     17.35    -78.35  0.        1828.747      -2637.144      -1636.450    0.000  -0.049   0.135   0.
  2017 352 15  6 40 486 352.629635260     -22.47     15.51    -79.99  0.        1831.714      -2637.498      -1633.561    0.000  -0.049   0.135   0.
  2017 352 15  6 41 486 352.629646834     -21.08     13.66    -81.59  0.        1834.679      -2637.849      -1630.670    0.000  -0.049   0.135   0.
  2017 352 15  6 42 486 352.629658409     -19.60     11.77    -83.12  0.        1837.643      -2638.198      -1627.777    0.000  -0.049   0.136   0.
  2017 352 15  6 43 486 352.629669983     -18.02      9.82    -84.64  0.        1840.604      -2638.544      -1624.883    0.000  -0.049   0.136   0.
  2017 352 15  6 44 486 352.629681557     -16.40      7.84    -86.06  0.        1843.564      -2638.888      -1621.988    0.000  -0.050   0.136   0.
  2017 352 15  6 45 486 352.629693131     -14.69      5.83    -87.40  0.        1846.523      -2639.230      -1619.091    0.000  -0.050   0.136   0.
  2017 352 15  6 46 486 352.629704705     -12.92      3.73    -88.70  0.        1849.480      -2639.569      -1616.193    0.000  -0.050   0.137   0.
  2017 352 15  6 47 486 352.629716279     -11.09      1.56    -89.94  0.        1852.435      -2639.906      -1613.293    0.000  -0.050   0.137   0.
  2017 352 15  6 48 486 352.629727853      -9.19     -0.71    -91.08  0.        1855.388      -2640.240      -1610.391    0.000  -0.050   0.137   0.
  2017 352 15  6 49 486 352.629739427      -7.26     -2.99    -92.10  0.        1858.340      -2640.572      -1607.489    0.000  -0.050   0.137   0.
  2017 352 15  6 50 486 352.629751001      -5.27     -5.28    -92.96  0.        1861.289      -2640.902      -1604.584    0.000  -0.050   0.138   0.
  2017 352 15  6 51 486 352.629762575      -3.20     -7.57    -93.70  0.        1864.238      -2641.229      -1601.679    0.000  -0.050   0.138   0.
  2017 352 15  6 52 486 352.629774149      -1.03     -9.86    -94.36  0.        1867.184      -2641.554      -1598.771    0.000  -0.050   0.138   0.
  2017 352 15  6 53 486 352.629785723       1.13    -12.24    -94.91  0.        1870.129      -2641.876      -1595.863    0.000  -0.050   0.138   0.
  2017 352 15  6 54 486 352.629797297       3.27    -14.68    -95.24  0.        1873.072      -2642.196      -1592.952    0.000  -0.051   0.139   0.
  2017 352 15  6 55 486 352.629808871       5.44    -17.16    -95.47  0.        1876.014      -2642.513      -1590.040    0.000  -0.051   0.139   0.
  2017 352 15  6 56 486 352.629820443       7.69    -19.60    -95.56  0.        1878.953      -2642.828      -1587.128    0.000  -0.051   0.140   0.
  2017 352 15  6 57 486 352.629832017       9.95    -22.05    -95.60  0.        1881.891      -2643.141      -1584.213    0.000  -0.051   0.140   0.
  2017 352 15  6 58 486 352.629843591      12.18    -24.50    -95.42  0.        1884.827      -2643.451      -1581.297    0.000  -0.051   0.140   0.
  2017 352 15  6 59 486 352.629855165      14.44    -26.83    -95.07  0.        1887.762      -2643.759      -1578.380    0.000  -0.051   0.140   0.
  2017 352 15  7  0 486 352.629866739      16.83    -28.70    -94.63  0.        1890.695      -2644.064      -1575.461    0.000  -0.051   0.140   0.
  2017 352 15  7  1 486 352.629878313      19.50    -30.08    -94.21  0.        1893.626      -2644.367      -1572.541    0.000  -0.051   0.140   0.
  2017 352 15  7  2 486 352.629889887      22.43    -30.78    -93.74  0.        1896.555      -2644.668      -1569.619    0.000  -0.051   0.141   0.
  2017 352 15  7  3 486 352.629901461      25.66    -30.92    -93.27  0.        1899.483      -2644.966      -1566.696    0.000  -0.051   0.141   0.
  2017 352 15  7  4 486 352.629913035      29.26    -30.19    -92.64  0.        1902.409      -2645.262      -1563.771    0.000  -0.052   0.142   0.
  2017 352 15  7  5 486 352.629924609      32.95    -29.25    -91.89  0.        1905.333      -2645.555      -1560.845    0.000  -0.052   0.142   0.
  2017 352 15  7  6 486 352.629936183      36.62    -28.26    -90.84  0.        1908.255      -2645.846      -1557.918    0.000  -0.052   0.142   0.
  2017 352 15  7  7 486 352.629947758      40.10    -27.43    -89.51  0.        1911.176      -2646.134      -1554.989    0.000  -0.052   0.142   0.
  2017 352 15  7  8 486 352.629959332      43.39    -27.02    -88.18  0.        1914.095      -2646.421      -1552.059    0.000  -0.052   0.143   0.
  2017 352 15  7  9 486 352.629970906      46.39    -27.07    -86.61  0.        1917.013      -2646.704      -1549.127    0.000  -0.052   0.143   0.
  2017 352 15  7 10 486 352.629982480      49.31    -27.28    -85.00  0.        1919.928      -2646.986      -1546.194    0.000  -0.052   0.143   0.
  2017 352 15  7 11 486 352.629994054      52.17    -27.67    -83.31  0.        1922.842      -2647.265      -1543.259    0.000  -0.052   0.143   0.
  2017 352 15  7 12 486 352.630005628      54.88    -28.08    -81.37  0.        1925.754      -2647.541      -1540.324    0.000  -0.052   0.144   0.
  2017 352 15  7 13 486 352.630017202      57.49    -28.44    -79.26  0.        1928.664      -2647.815      -1537.386    0.000  -0.052   0.144   0.
  2017 352 15  7 14 486 352.630028776      60.14    -28.66    -77.06  0.        1931.573      -2648.087      -1534.448    0.000  -0.053   0.144   0.
  2017 352 15  7 15 486 352.630040350      62.81    -28.58    -74.76  0.        1934.479      -2648.356      -1531.508    0.000  -0.053   0.144   0.
  2017 352 15  7 16 486 352.630051924      64.90    -29.44    -72.78  0.        1937.384      -2648.623      -1528.566    0.000  -0.053   0.145   0.
  2017 352 15  7 17 486 352.630063498      67.04    -29.27    -70.40  0.        1940.288      -2648.888      -1525.623    0.000  -0.053   0.145   0.
  2017 352 15  7 18 486 352.630075072      68.57    -30.31    -68.38  0.        1943.189      -2649.150      -1522.679    0.000  -0.053   0.145   0.
  2017 352 15  7 19 486 352.630086646      70.23    -30.34    -66.09  0.        1946.089      -2649.410      -1519.733    0.000  -0.053   0.145   0.
  2017 352 15  7 20 486 352.630098221      72.35    -29.26    -63.67  0.        1948.987      -2649.667      -1516.786    0.000  -0.053   0.146   0.
  2017 352 15  7 21 486 352.630109795      74.03    -28.96    -61.24  0.        1951.883      -2649.922      -1513.838    0.000  -0.053   0.146   0.
  2017 352 15  7 22 486 352.630121369      75.27    -29.40    -58.74  0.        1954.778      -2650.175      -1510.888    0.000  -0.053   0.146   0.
  2017 352 15  7 23 486 352.630132943      76.61    -29.21    -56.19  0.        1957.670      -2650.425      -1507.937    0.000  -0.053   0.146   0.
  2017 352 15  7 24 486 352.630144517      77.64    -29.24    -53.70  0.        1960.561      -2650.673      -1504.985    0.000  -0.053   0.147   0.
  2017 352 15  7 25 486 352.630156090      79.26    -27.70    -51.32  0.        1963.451      -2650.918      -1502.031    0.000  -0.053   0.147   0.
  2017 352 15  7 26 485 352.630167662      80.82    -25.70    -48.66  0.        1966.338      -2651.161      -1499.076    0.000  -0.054   0.147   0.
  2017 352 15  7 27 485 352.630179236      81.90    -24.87    -46.01  0.        1969.224      -2651.401      -1496.119    0.000  -0.054   0.147   0.
  2017 352 15  7 28 485 352.630190810      82.71    -24.52    -43.42  0.        1972.107      -2651.640      -1493.161    0.000  -0.054   0.148   0.
  2017 352 15  7 29 485 352.630202384      83.48    -23.44    -41.00  0.        1974.990      -2651.876      -1490.202    0.000  -0.054   0.148   0.
  2017 352 15  7 30 485 352.630213958      83.57    -23.92    -38.47  0.        1977.870      -2652.109      -1487.242    0.000  -0.054   0.148   0.
  2017 352 15  7 31 486 352.630225532      83.45    -25.40    -35.88  0.        1980.748      -2652.340      -1484.280    0.000  -0.054   0.148   0.
  2017 352 15  7 32 486 352.630237106      83.09    -26.95    -33.41  0.        1983.625      -2652.569      -1481.316    0.000  -0.054   0.149   0.
  2017 352 15  7 33 485 352.630248681      83.85    -26.36    -30.97  0.        1986.500      -2652.795      -1478.352    0.000  -0.054   0.149   0.
  2017 352 15  7 34 485 352.630260255      85.33    -22.21    -28.15  0.        1989.373      -2653.019      -1475.386    0.000  -0.054   0.149   0.
  2017 352 15  7 35 486 352.630271829      85.71    -19.61    -25.49  0.        1992.245      -2653.241      -1472.419    0.000  -0.054   0.149   0.
  2017 352 15  7 36 486 352.630283403      85.74    -19.21    -23.13  0.        1995.114      -2653.460      -1469.450    0.000  -0.055   0.150   0.
  2017 352 15  7 37 486 352.630294977      85.37    -19.53    -20.98  0.        1997.982      -2653.676      -1466.480    0.000  -0.055   0.150   0.
  2017 352 15  7 38 486 352.630306551      85.34    -18.93    -18.99  0.        2000.848      -2653.891      -1463.509    0.000  -0.055   0.150   0.
  2017 352 15  7 39 486 352.630318125      85.46    -17.05    -16.93  0.        2003.712      -2654.103      -1460.537    0.000  -0.055   0.150   0.
  2017 352 15  7 40 485 352.630329699      85.32    -15.33    -14.86  0.        2006.575      -2654.312      -1457.563    0.000  -0.055   0.151   0.
  2017 352 15  7 41 485 352.630341273      84.90    -14.83    -12.83  0.        2009.436      -2654.520      -1454.588    0.000  -0.055   0.151   0.
  2017 352 15  7 42 485 352.630352847      84.15    -14.87    -10.88  0.        2012.294      -2654.725      -1451.611    0.000  -0.055   0.151   0.
  2017 352 15  7 43 485 352.630364421      83.57    -15.39     -8.94  0.        2015.151      -2654.927      -1448.634    0.000  -0.055   0.151   0.
  2017 352 15  7 44 486 352.630375995      82.98    -15.38     -7.89  0.        2018.007      -2655.127      -1445.655    0.000  -0.055   0.152   0.
  2017 352 15  7 45 486 352.630387569      81.93    -15.74     -6.64  0.        2020.860      -2655.325      -1442.674    0.000  -0.055   0.152   0.
  2017 352 15  7 46 485 352.630399143      81.14    -16.76     -5.34  0.        2023.712      -2655.520      -1439.693    0.000  -0.056   0.153   0.
  2017 352 15  7 47 485 352.630410718      80.82    -15.06     -3.42  0.        2026.561      -2655.713      -1436.710    0.000  -0.056   0.153   0.
  2017 352 15  7 48 486 352.630422292      80.15    -13.62     -1.67  0.        2029.409      -2655.904      -1433.726    0.000  -0.056   0.153   0.
  2017 352 15  7 49 486 352.630433866      79.49    -12.57     -0.10  0.        2032.256      -2656.092      -1430.740    0.000  -0.056   0.153   0.
  2017 352 15  7 50 486 352.630445440      78.83    -11.44      1.30  0.        2035.100      -2656.278      -1427.753    0.000  -0.056   0.154   0.
  2017 352 15  7 51 486 352.630457014      78.17    -10.31      2.66  0.        2037.943      -2656.462      -1424.765    0.000  -0.056   0.154   0.
  2017 352 15  7 52 486 352.630468588      77.47     -9.28      3.90  0.        2040.784      -2656.643      -1421.776    0.000  -0.056   0.154   0.
  2017 352 15  7 53 485 352.630480162      76.78     -8.42      4.99  0.        2043.622      -2656.822      -1418.786    0.000  -0.056   0.154   0.
  2017 352 15  7 54 485 352.630491733      75.97     -7.64      6.14  0.        2046.460      -2656.998      -1415.794    0.000  -0.056   0.155   0.
  2017 352 15  7 55 485 352.630503307      75.13     -7.03      7.14  0.        2049.295      -2657.172      -1412.801    0.000  -0.056   0.155   0.
  2017 352 15  7 56 485 352.630514881      74.24     -6.49      8.16  0.        2052.128      -2657.344      -1409.806    0.000  -0.056   0.155   0.
  2017 352 15  7 57 485 352.630526455      73.34     -6.07      9.15  0.        2054.960      -2657.513      -1406.811    0.000  -0.056   0.155   0.
  2017 352 15  7 58 485 352.630538030      72.50     -5.73     10.04  0.        2057.790      -2657.680      -1403.814    0.000  -0.057   0.156   0.
  2017 352 15  7 59 485 352.630549604      71.68     -5.42     10.89  0.        2060.618      -2657.845      -1400.816    0.000  -0.057   0.156   0.
  2017 352 15  8  0 485 352.630561178      70.84     -5.10     11.76  0.        2063.444      -2658.007      -1397.817    0.000  -0.057   0.156   0.
  2017 352 15  8  1 485 352.630572752      70.06     -4.80     12.56  0.        2066.268      -2658.167      -1394.816    0.000  -0.057   0.156   0.
  2017 352 15  8  2 485 352.630584326      69.21     -4.47     13.33  0.        2069.091      -2658.324      -1391.814    0.000  -0.057   0.157   0.
  2017 352 15  8  3 485 352.630595900      68.34     -4.14     14.08  0.        2071.912      -2658.480      -1388.811    0.000  -0.057   0.157   0.
  2017 352 15  8  4 485 352.630607474      67.42     -3.82     14.85  0.        2074.730      -2658.632      -1385.807    0.000  -0.057   0.157   0.
  2017 352 15  8  5 485 352.630619048      66.54     -3.59     15.48  0.        2077.547      -2658.783      -1382.801    0.000  -0.057   0.157   0.
  2017 352 15  8  6 485 352.630630622      65.65     -3.40     16.06  0.        2080.363      -2658.931      -1379.795    0.000  -0.057   0.158   0.
  2017 352 15  8  7 485 352.630642196      64.75     -3.27     16.64  0.        2083.176      -2659.077      -1376.787    0.000  -0.057   0.158   0.
  2017 352 15  8  8 485 352.630653770      63.85     -3.17     17.19  0.        2085.987      -2659.220      -1373.778    0.000  -0.058   0.158   0.
  2017 352 15  8  9 485 352.630665344      62.96     -3.07     17.73  0.        2088.797      -2659.361      -1370.767    0.000  -0.058   0.158   0.
  2017 352 15  8 10 485 352.630676918      62.11     -2.96     18.23  0.        2091.605      -2659.500      -1367.756    0.000  -0.058   0.159   0.
  2017 352 15  8 11 485 352.630688492      61.27     -2.76     18.75  0.        2094.411      -2659.636      -1364.743    0.000  -0.058   0.159   0.
  2017 352 15  8 12 485 352.630700067      60.44     -2.62     19.16  0.        2097.215      -2659.770      -1361.729    0.000  -0.058   0.159   0.
  2017 352 15  8 13 485 352.630711641      59.65     -2.43     19.66  0.        2100.017      -2659.902      -1358.714    0.000  -0.058   0.159   0.
  2017 352 15  8 14 485 352.630723215      58.88     -2.24     20.09  0.        2102.817      -2660.031      -1355.697    0.000  -0.058   0.160   0.
  2017 352 15  8 15 485 352.630734789      58.11     -2.03     20.49  0.        2105.616      -2660.158      -1352.679    0.000  -0.058   0.160   0.
  2017 352 15  8 16 485 352.630746363      57.34     -1.82     20.89  0.        2108.413      -2660.283      -1349.661    0.000  -0.058   0.160   0.
  2017 352 15  8 17 485 352.630757937      56.58     -1.61     21.26  0.        2111.207      -2660.405      -1346.641    0.000  -0.058   0.160   0.
  2017 352 15  8 18 485 352.630769511      55.84     -1.42     21.65  0.        2114.000      -2660.525      -1343.620    0.000  -0.059   0.161   0.
  2017 352 15  8 19 485 352.630781085      55.07     -1.19     21.95  0.        2116.791      -2660.643      -1340.597    0.000  -0.059   0.161   0.
  2017 352 15  8 20 485 352.630792659      54.34     -1.02     22.29  0.        2119.581      -2660.758      -1337.573    0.000  -0.059   0.161   0.
  2017 352 15  8 21 485 352.630804233      53.62     -0.83     22.62  0.        2122.368      -2660.871      -1334.549    0.000  -0.059   0.161   0.
  2017 352 15  8 22 485 352.630815807      52.92     -0.68     22.94  0.        2125.153      -2660.981      -1331.523    0.000  -0.059   0.162   0.
  2017 352 15  8 23 485 352.630827381      52.23     -0.49     23.24  0.        2127.937      -2661.090      -1328.496    0.000  -0.059   0.162   0.
  2017 352 15  8 24 485 352.630838953      51.58     -0.30     23.52  0.        2130.719      -2661.196      -1325.468    0.000  -0.059   0.162   0.
  2017 352 15  8 25 485 352.630850527      50.96     -0.11     23.80  0.        2133.499      -2661.299      -1322.438    0.000  -0.059   0.162   0.
  2017 352 15  8 26 485 352.630862101      50.32      0.08     24.04  0.        2136.277      -2661.400      -1319.408    0.000  -0.059   0.163   0.
  2017 352 15  8 27 485 352.630873675      49.73      0.22     24.25  0.        2139.053      -2661.499      -1316.376    0.000  -0.059   0.163   0.
  2017 352 15  8 28 485 352.630885249      49.11      0.43     24.49  0.        2141.827      -2661.595      -1313.343    0.000  -0.059   0.163   0.
  2017 352 15  8 29 485 352.630896823      48.54      0.59     24.67  0.        2144.600      -2661.690      -1310.309    0.000  -0.059   0.163   0.
  2017 352 15  8 30 485 352.630908397      47.93      0.76     24.88  0.        2147.370      -2661.782      -1307.274    0.000  -0.060   0.164   0.
  2017 352 15  8 31 485 352.630919971      47.36      0.93     25.10  0.        2150.139      -2661.871      -1304.238    0.000  -0.060   0.164   0.
  2017 352 15  8 32 485 352.630931545      46.83      1.07     25.31  0.        2152.906      -2661.959      -1301.200    0.000  -0.060   0.164   0.
  2017 352 15  8 33 485 352.630943119      46.28      1.21     25.49  0.        2155.671      -2662.044      -1298.162    0.000  -0.060   0.164   0.
  2017 352 15  8 34 485 352.630954693      45.76      1.26     25.67  0.        2158.434      -2662.126      -1295.122    0.000  -0.060   0.165   0.
  2017 352 15  8 35 485 352.630966267      45.28      1.33     25.82  0.        2161.195      -2662.207      -1292.081    0.000  -0.060   0.165   0.
  2017 352 15  8 36 485 352.630977841      44.85      1.44     25.97  0.        2163.954      -2662.284      -1289.039    0.000  -0.060   0.165   0.
  2017 352 15  8 37 485 352.630989415      44.37      1.55     26.18  0.        2166.711      -2662.360      -1285.996    0.000  -0.060   0.165   0.
  2017 352 15  8 38 485 352.631000990      43.90      1.64     26.38  0.        2169.467      -2662.433      -1282.952    0.000  -0.060   0.166   0.
  2017 352 15  8 39 485 352.631012564      43.51      1.74     26.51  0.        2172.220      -2662.504      -1279.906    0.000  -0.060   0.166   0.
  2017 352 15  8 40 485 352.631024138      43.09      1.90     26.66  0.        2174.972      -2662.573      -1276.860    0.000  -0.061   0.166   0.
  2017 352 15  8 41 485 352.631035712      42.67      2.00     26.85  0.        2177.722      -2662.639      -1273.812    0.000  -0.061   0.166   0.
  2017 352 15  8 42 485 352.631047286      42.28      2.15     27.03  0.        2180.470      -2662.704      -1270.764    0.000  -0.061   0.167   0.
  2017 352 15  8 43 485 352.631058860      41.89      2.28     27.23  0.        2183.216      -2662.765      -1267.714    0.000  -0.061   0.167   0.
  2017 352 15  8 44 485 352.631070434      41.51      2.45     27.38  0.        2185.960      -2662.825      -1264.663    0.000  -0.061   0.167   0.
  2017 352 15  8 45 485 352.631082008      41.13      2.61     27.54  0.        2188.702      -2662.882      -1261.611    0.000  -0.061   0.167   0.
  2017 352 15  8 46 485 352.631093582      40.74      2.72     27.68  0.        2191.442      -2662.936      -1258.558    0.000  -0.061   0.168   0.
  2017 352 15  8 47 485 352.631105156      40.37      2.86     27.82  0.        2194.180      -2662.989      -1255.504    0.000  -0.061   0.168   0.
  2017 352 15  8 48 485 352.631116730      39.99      3.01     28.00  0.        2196.917      -2663.039      -1252.448    0.000  -0.061   0.168   0.
  2017 352 15  8 49 485 352.631128304      39.60      3.14     28.17  0.        2199.651      -2663.087      -1249.392    0.000  -0.061   0.168   0.
  2017 352 15  8 50 485 352.631139878      39.24      3.25     28.31  0.        2202.384      -2663.132      -1246.335    0.000  -0.061   0.169   0.
  2017 352 15  8 51 485 352.631151452      38.90      3.36     28.48  0.        2205.115      -2663.176      -1243.276    0.000  -0.061   0.169   0.
  2017 352 15  8 52 485 352.631163027      38.53      3.47     28.62  0.        2207.844      -2663.217      -1240.217    0.000  -0.062   0.169   0.
  2017 352 15  8 53 485 352.631174600      38.20      3.56     28.76  0.        2210.571      -2663.255      -1237.156    0.000  -0.062   0.169   0.
  2017 352 15  8 54 485 352.631186172      37.89      3.65     28.90  0.        2213.296      -2663.291      -1234.094    0.000  -0.062   0.170   0.
  2017 352 15  8 55 485 352.631197746      37.61      3.75     28.98  0.        2216.019      -2663.325      -1231.031    0.000  -0.062   0.170   0.
  2017 352 15  8 56 485 352.631209320      37.29      3.85     29.10  0.        2218.740      -2663.357      -1227.968    0.000  -0.062   0.170   0.
  2017 352 15  8 57 485 352.631220894      36.94      4.01     29.36  0.        2221.459      -2663.387      -1224.903    0.000  -0.062   0.170   0.
  2017 352 15  8 58 485 352.631232468      36.63      4.12     29.49  0.        2224.177      -2663.414      -1221.837    0.000  -0.062   0.171   0.
  2017 352 15  8 59 485 352.631244042      36.35      4.25     29.68  0.        2226.892      -2663.439      -1218.770    0.000  -0.062   0.171   0.
  2017 352 15  9  0 485 352.631255616      36.09      4.36     29.85  0.        2229.606      -2663.461      -1215.702    0.000  -0.062   0.171   0.
  2017 352 15  9  1 485 352.631267190      35.84      4.45     30.06  0.        2232.317      -2663.481      -1212.632    0.000  -0.062   0.171   0.
  2017 352 15  9  2 485 352.631278764      35.58      4.56     30.24  0.        2235.027      -2663.499      -1209.562    0.000  -0.063   0.172   0.
  2017 352 15  9  3 485 352.631290339      35.34      4.65     30.47  0.        2237.735      -2663.515      -1206.491    0.000  -0.063   0.172   0.
  2017 352 15  9  4 485 352.631301913      35.11      4.78     30.70  0.        2240.441      -2663.528      -1203.419    0.000  -0.063   0.172   0.
  2017 352 15  9  5 485 352.631313487      34.85      4.92     30.92  0.        2243.145      -2663.539      -1200.345    0.000  -0.063   0.172   0.
  2017 352 15  9  6 485 352.631325061      34.63      5.04     31.09  0.        2245.847      -2663.548      -1197.271    0.000  -0.063   0.173   0.
  2017 352 15  9  7 485 352.631336635      34.33      5.17     31.29  0.        2248.547      -2663.555      -1194.196    0.000  -0.063   0.173   0.
  2017 352 15  9  8 485 352.631348209      34.06      5.30     31.50  0.        2251.245      -2663.559      -1191.119    0.000  -0.063   0.173   0.
  2017 352 15  9  9 485 352.631359783      33.80      5.44     31.59  0.        2253.941      -2663.561      -1188.042    0.000  -0.063   0.173   0.
  2017 352 15  9 10 485 352.631371357      33.57      5.53     31.76  0.        2256.635      -2663.561      -1184.964    0.000  -0.063   0.174   0.
  2017 352 15  9 11 485 352.631382931      33.26      5.69     31.96  0.        2259.328      -2663.558      -1181.884    0.000  -0.063   0.174   0.
  2017 352 15  9 12 485 352.631394505      32.98      5.85     32.17  0.        2262.018      -2663.553      -1178.804    0.000  -0.063   0.174   0.
  2017 352 15  9 13 485 352.631406079      32.72      5.97     32.35  0.        2264.706      -2663.546      -1175.722    0.000  -0.063   0.174   0.
  2017 352 15  9 14 485 352.631417653      32.43      6.16     32.53  0.        2267.393      -2663.536      -1172.640    0.000  -0.064   0.175   0.
  2017 352 15  9 15 485 352.631429227      32.11      6.35     32.79  0.        2270.077      -2663.524      -1169.556    0.000  -0.064   0.175   0.
  2017 352 15  9 16 485 352.631440802      31.79      6.52     33.00  0.        2272.760      -2663.510      -1166.472    0.000  -0.064   0.175   0.
  2017 352 15  9 17 485 352.631452376      31.49      6.66     33.21  0.        2275.441      -2663.494      -1163.386    0.000  -0.064   0.175   0.
  2017 352 15  9 18 485 352.631463950      31.20      6.84     33.42  0.        2278.119      -2663.476      -1160.300    0.000  -0.064   0.176   0.
  2017 352 15  9 19 485 352.631475524      30.89      7.00     33.63  0.        2280.796      -2663.455      -1157.213    0.000  -0.064   0.176   0.
  2017 352 15  9 20 485 352.631487098      30.58      7.19     33.81  0.        2283.471      -2663.432      -1154.124    0.000  -0.064   0.176   0.
  2017 352 15  9 21 485 352.631498672      30.25      7.41     34.02  0.        2286.144      -2663.406      -1151.035    0.000  -0.064   0.176   0.
  2017 352 15  9 22 484 352.631510243      29.94      7.63     34.22  0.        2288.815      -2663.378      -1147.944    0.000  -0.064   0.177   0.
  2017 352 15  9 23 484 352.631521817      29.60      7.83     34.40  0.        2291.484      -2663.348      -1144.853    0.000  -0.064   0.177   0.
  2017 352 15  9 24 484 352.631533391      29.28      8.02     34.53  0.        2294.151      -2663.316      -1141.761    0.000  -0.064   0.177   0.
  2017 352 15  9 25 484 352.631544965      28.90      8.29     34.76  0.        2296.816      -2663.282      -1138.667    0.000  -0.064   0.177   0.
  2017 352 15  9 26 485 352.631556539      28.51      8.49     35.00  0.        2299.479      -2663.245      -1135.573    0.000  -0.065   0.178   0.
  2017 352 15  9 27 485 352.631568113      28.14      8.67     35.15  0.        2302.141      -2663.206      -1132.478    0.000  -0.065   0.178   0.
  2017 352 15  9 28 484 352.631579688      27.75      8.90     35.34  0.        2304.800      -2663.165      -1129.382    0.000  -0.065   0.178   0.
  2017 352 15  9 29 484 352.631591262      27.37      9.08     35.53  0.        2307.457      -2663.121      -1126.284    0.000  -0.065   0.178   0.
  2017 352 15  9 30 485 352.631602836      27.00      9.27     35.69  0.        2310.112      -2663.076      -1123.186    0.000  -0.065   0.178   0.
  2017 352 15  9 31 485 352.631614410      26.60      9.48     35.87  0.        2312.766      -2663.028      -1120.087    0.000  -0.065   0.178   0.
  2017 352 15  9 32 485 352.631625984      26.19      9.66     36.02  0.        2315.417      -2662.977      -1116.987    0.000  -0.065   0.179   0.
  2017 352 15  9 33 485 352.631637558      25.79      9.86     36.15  0.        2318.067      -2662.925      -1113.886    0.000  -0.065   0.179   0.
  2017 352 15  9 34 485 352.631649132      25.37     10.04     36.31  0.        2320.714      -2662.870      -1110.784    0.000  -0.065   0.179   0.
  2017 352 15  9 35 484 352.631660706      24.96     10.26     36.45  0.        2323.360      -2662.813      -1107.682    0.000  -0.065   0.179   0.
  2017 352 15  9 36 484 352.631672280      24.54     10.48     36.57  0.        2326.003      -2662.754      -1104.578    0.000  -0.065   0.180   0.
  2017 352 15  9 37 484 352.631683854      24.14     10.64     36.68  0.        2328.645      -2662.692      -1101.473    0.000  -0.065   0.180   0.
  2017 352 15  9 38 484 352.631695428      23.71     10.85     36.79  0.        2331.285      -2662.628      -1098.367    0.000  -0.066   0.180   0.
  2017 352 15  9 39 484 352.631707002      23.28     11.08     36.99  0.        2333.922      -2662.562      -1095.261    0.000  -0.066   0.180   0.
  2017 352 15  9 40 485 352.631718576      22.85     11.28     37.10  0.        2336.558      -2662.494      -1092.153    0.000  -0.066   0.181   0.
  2017 352 15  9 41 485 352.631730150      22.47     11.45     37.19  0.        2339.192      -2662.423      -1089.045    0.000  -0.066   0.181   0.
  2017 352 15  9 42 484 352.631741725      22.01     11.68     37.33  0.        2341.823      -2662.351      -1085.936    0.000  -0.066   0.181   0.
  2017 352 15  9 43 484 352.631753299      21.57     11.87     37.44  0.        2344.453      -2662.275      -1082.825    0.000  -0.066   0.181   0.
  2017 352 15  9 44 485 352.631764873      21.12     12.09     37.59  0.        2347.081      -2662.198      -1079.714    0.000  -0.066   0.182   0.
  2017 352 15  9 45 485 352.631776447      20.69     12.23     37.71  0.        2349.707      -2662.119      -1076.602    0.000  -0.066   0.182   0.
  2017 352 15  9 46 485 352.631788021      20.25     12.45     37.81  0.        2352.331      -2662.037      -1073.489    0.000  -0.066   0.182   0.
  2017 352 15  9 47 485 352.631799595      19.78     12.70     38.04  0.        2354.953      -2661.953      -1070.375    0.000  -0.066   0.182   0.
  2017 352 15  9 48 485 352.631811169      19.37     12.85     38.19  0.        2357.572      -2661.867      -1067.261    0.000  -0.066   0.183   0.
  2017 352 15  9 49 484 352.631822743      19.00     13.03     38.33  0.        2360.190      -2661.778      -1064.145    0.000  -0.066   0.183   0.
  2017 352 15  9 50 484 352.631834317      18.56     13.24     38.52  0.        2362.806      -2661.688      -1061.028    0.000  -0.067   0.183   0.
  2017 352 15  9 51 484 352.631845891      18.20     13.46     38.60  0.        2365.420      -2661.595      -1057.911    0.000  -0.067   0.183   0.
  2017 352 15  9 52 484 352.631857465      17.80     13.67     38.70  0.        2368.032      -2661.499      -1054.793    0.000  -0.067   0.184   0.
  2017 352 15  9 53 485 352.631869039      17.31     13.91     38.81  0.        2370.642      -2661.402      -1051.673    0.000  -0.067   0.184   0.
  2017 352 15  9 54 484 352.631880611      16.84     14.08     38.91  0.        2373.250      -2661.303      -1048.553    0.000  -0.067   0.184   0.
  2017 352 15  9 55 484 352.631892185      16.37     14.27     38.90  0.        2375.856      -2661.201      -1045.432    0.000  -0.067   0.184   0.
  2017 352 15  9 56 484 352.631903759      15.90     14.43     38.96  0.        2378.460      -2661.097      -1042.311    0.000  -0.067   0.185   0.
  2017 352 15  9 57 484 352.631915333      15.43     14.60     39.01  0.        2381.062      -2660.991      -1039.188    0.000  -0.067   0.185   0.
  2017 352 15  9 58 484 352.631926907      14.97     14.80     39.08  0.        2383.662      -2660.882      -1036.064    0.000  -0.067   0.185   0.
  2017 352 15  9 59 484 352.631938481      14.52     14.98     39.13  0.        2386.260      -2660.771      -1032.940    0.000  -0.067   0.185   0.
  2017 352 15 10  0 484 352.631950055      14.09     15.20     39.16  0.        2388.857      -2660.658      -1029.815    0.000  -0.068   0.186   0.
  2017 352 15 10  1 484 352.631961629      13.62     15.39     39.18  0.        2391.451      -2660.543      -1026.688    0.000  -0.068   0.186   0.
  2017 352 15 10  2 484 352.631973203      13.18     15.60     39.20  0.        2394.043      -2660.426      -1023.561    0.000  -0.068   0.186   0.
  2017 352 15 10  3 484 352.631984777      12.71     15.76     39.22  0.        2396.633      -2660.306      -1020.434    0.000  -0.068   0.186   0.
  2017 352 15 10  4 484 352.631996351      12.24     15.93     39.26  0.        2399.221      -2660.185      -1017.305    0.000  -0.068   0.187   0.
  2017 352 15 10  5 484 352.632007925      11.80     16.16     39.29  0.        2401.807      -2660.061      -1014.175    0.000  -0.068   0.187   0.
  2017 352 15 10  6 484 352.632019499      11.27     16.35     39.39  0.        2404.391      -2659.935      -1011.045    0.000  -0.068   0.187   0.
  2017 352 15 10  7 484 352.632031073      10.84     16.52     39.41  0.        2406.973      -2659.806      -1007.914    0.000  -0.068   0.187   0.
  2017 352 15 10  8 484 352.632042648      10.39     16.68     39.42  0.        2409.553      -2659.675      -1004.782    0.000  -0.068   0.188   0.
  2017 352 15 10  9 484 352.632054222       9.95     16.84     39.42  0.        2412.132      -2659.543      -1001.649    0.000  -0.068   0.188   0.
  2017 352 15 10 10 484 352.632065796       9.52     16.97     39.35  0.        2414.708      -2659.408       -998.515    0.000  -0.068   0.188   0.
  2017 352 15 10 11 484 352.632077370       9.04     17.15     39.27  0.        2417.282      -2659.270       -995.381    0.000  -0.068   0.188   0.
  2017 352 15 10 12 484 352.632088944       8.58     17.25     39.15  0.        2419.854      -2659.131       -992.245    0.000  -0.069   0.189   0.
  2017 352 15 10 13 484 352.632100518       8.13     17.35     38.99  0.        2422.424      -2658.989       -989.109    0.000  -0.069   0.189   0.
  2017 352 15 10 14 484 352.632112092       7.66     17.42     38.85  0.        2424.992      -2658.845       -985.972    0.000  -0.069   0.189   0.
  2017 352 15 10 15 484 352.632123666       7.20     17.47     38.65  0.        2427.558      -2658.699       -982.834    0.000  -0.069   0.189   0.
  2017 352 15 10 16 484 352.632135240       6.76     17.51     38.46  0.        2430.122      -2658.551       -979.696    0.000  -0.069   0.190   0.
  2017 352 15 10 17 484 352.632146814       6.32     17.55     38.27  0.        2432.685      -2658.401       -976.556    0.000  -0.069   0.190   0.
  2017 352 15 10 18 484 352.632158388       5.85     17.57     38.05  0.        2435.245      -2658.248       -973.416    0.000  -0.069   0.190   0.
  2017 352 15 10 19 484 352.632169962       5.45     17.58     37.83  0.        2437.803      -2658.093       -970.275    0.000  -0.069   0.190   0.
  2017 352 15 10 20 484 352.632181536       5.01     17.61     37.59  0.        2440.359      -2657.936       -967.133    0.000  -0.069   0.190   0.
  2017 352 15 10 21 484 352.632193111       4.57     17.64     37.36  0.        2442.913      -2657.777       -963.990    0.000  -0.069   0.190   0.
  2017 352 15 10 22 484 352.632204685       4.14     17.64     37.16  0.        2445.465      -2657.616       -960.847    0.000  -0.070   0.191   0.
  2017 352 15 10 23 484 352.632216258       3.72     17.65     36.94  0.        2448.015      -2657.452       -957.703    0.000  -0.070   0.191   0.
  2017 352 15 10 24 484 352.632227830       3.33     17.66     36.70  0.        2450.563      -2657.286       -954.558    0.000  -0.070   0.191   0.
  2017 352 15 10 25 484 352.632239404       2.90     17.68     36.47  0.        2453.109      -2657.118       -951.412    0.000  -0.070   0.191   0.
  2017 352 15 10 26 484 352.632250978       2.50     17.68     36.24  0.        2455.653      -2656.948       -948.265    0.000  -0.070   0.192   0.
  2017 352 15 10 27 484 352.632262552       2.14     17.70     35.94  0.        2458.195      -2656.776       -945.118    0.000  -0.070   0.192   0.
  2017 352 15 10 28 484 352.632274126       1.76     17.69     35.71  0.        2460.735      -2656.601       -941.970    0.000  -0.070   0.192   0.
  2017 352 15 10 29 484 352.632285700       1.38     17.73     35.45  0.        2463.273      -2656.425       -938.821    0.000  -0.070   0.192   0.
  2017 352 15 10 30 484 352.632297274       0.98     17.73     35.24  0.        2465.809      -2656.246       -935.671    0.000  -0.070   0.193   0.
  2017 352 15 10 31 484 352.632308848       0.64     17.75     34.98  0.        2468.343      -2656.065       -932.521    0.000  -0.070   0.193   0.
  2017 352 15 10 32 484 352.632320423       0.28     17.76     34.75  0.        2470.875      -2655.882       -929.370    0.000  -0.070   0.193   0.
  2017 352 15 10 33 484 352.632331997      -0.10     17.79     34.57  0.        2473.404      -2655.697       -926.218    0.000  -0.070   0.193   0.
  2017 352 15 10 34 484 352.632343571      -0.43     17.86     34.37  0.        2475.932      -2655.509       -923.065    0.000  -0.070   0.194   0.
  2017 352 15 10 35 484 352.632355145      -0.79     17.85     34.17  0.        2478.458      -2655.320       -919.912    0.000  -0.070   0.194   0.
  2017 352 15 10 36 484 352.632366719      -1.10     17.85     33.99  0.        2480.982      -2655.128       -916.757    0.000  -0.071   0.194   0.
  2017 352 15 10 37 484 352.632378293      -1.41     17.83     33.80  0.        2483.504      -2654.934       -913.602    0.000  -0.071   0.194   0.
  2017 352 15 10 38 484 352.632389867      -1.72     17.84     33.65  0.        2486.023      -2654.737       -910.447    0.000  -0.071   0.195   0.
  2017 352 15 10 39 484 352.632401441      -2.01     17.87     33.50  0.        2488.541      -2654.539       -907.290    0.000  -0.071   0.195   0.
  2017 352 15 10 40 484 352.632413015      -2.29     17.89     33.35  0.        2491.057      -2654.339       -904.133    0.000  -0.071   0.195   0.
  2017 352 15 10 41 484 352.632424589      -2.47     17.87     33.08  0.        2493.571      -2654.136       -900.975    0.000  -0.071   0.195   0.
  2017 352 15 10 42 484 352.632436163      -2.78     17.90     32.94  0.        2496.082      -2653.931       -897.817    0.000  -0.071   0.195   0.
  2017 352 15 10 43 484 352.632447737      -3.00     17.89     32.73  0.        2498.592      -2653.724       -894.657    0.000  -0.071   0.195   0.
  2017 352 15 10 44 484 352.632459311      -3.21     17.89     32.49  0.        2501.099      -2653.515       -891.497    0.000  -0.071   0.196   0.
  2017 352 15 10 45 484 352.632470885      -3.43     17.87     32.21  0.        2503.605      -2653.304       -888.336    0.000  -0.071   0.196   0.
  2017 352 15 10 46 484 352.632482460      -3.67     17.87     32.00  0.        2506.109      -2653.090       -885.175    0.000  -0.071   0.196   0.
  2017 352 15 10 47 484 352.632494034      -3.85     17.83     31.69  0.        2508.610      -2652.875       -882.013    0.000  -0.071   0.196   0.
  2017 352 15 10 48 484 352.632505608      -4.05     17.83     31.44  0.        2511.109      -2652.657       -878.850    0.000  -0.072   0.197   0.
  2017 352 15 10 49 484 352.632517182      -4.27     17.80     31.19  0.        2513.607      -2652.437       -875.686    0.000  -0.072   0.197   0.
  2017 352 15 10 50 484 352.632528756      -4.47     17.77     30.94  0.        2516.102      -2652.215       -872.522    0.000  -0.072   0.197   0.
  2017 352 15 10 51 484 352.632540330      -4.71     17.71     30.73  0.        2518.596      -2651.991       -869.356    0.000  -0.072   0.197   0.
  2017 352 15 10 52 484 352.632551901      -4.92     17.69     30.58  0.        2521.087      -2651.765       -866.191    0.000  -0.072   0.198   0.
  2017 352 15 10 53 484 352.632563475      -5.08     17.64     30.42  0.        2523.576      -2651.536       -863.024    0.000  -0.072   0.198   0.
  2017 352 15 10 54 484 352.632575049      -5.25     17.63     30.27  0.        2526.063      -2651.305       -859.857    0.000  -0.072   0.198   0.
  2017 352 15 10 55 484 352.632586623      -5.39     17.61     30.08  0.        2528.549      -2651.073       -856.689    0.000  -0.072   0.198   0.
  2017 352 15 10 56 484 352.632598197      -5.53     17.60     29.88  0.        2531.032      -2650.838       -853.521    0.000  -0.072   0.199   0.
  2017 352 15 10 57 484 352.632609771      -5.63     17.49     29.66  0.        2533.513      -2650.601       -850.351    0.000  -0.072   0.199   0.
  2017 352 15 10 58 484 352.632621345      -5.76     17.45     29.43  0.        2535.992      -2650.362       -847.182    0.000  -0.073   0.199   0.
  2017 352 15 10 59 484 352.632632920      -5.87     17.35     29.19  0.        2538.469      -2650.120       -844.011    0.000  -0.073   0.199   0.
  2017 352 15 11  0 484 352.632644494      -6.00     17.31     28.95  0.        2540.944      -2649.877       -840.840    0.000  -0.073   0.200   0.
  2017 352 15 11  1 484 352.632656068      -6.11     17.23     28.76  0.        2543.417      -2649.632       -837.668    0.000  -0.073   0.200   0.
  2017 352 15 11  2 484 352.632667642      -6.25     17.11     28.53  0.        2545.888      -2649.384       -834.495    0.000  -0.073   0.200   0.
  2017 352 15 11  3 484 352.632679216      -6.35     17.05     28.33  0.        2548.357      -2649.134       -831.322    0.000  -0.073   0.200   0.
  2017 352 15 11  4 484 352.632690790      -6.42     16.97     28.13  0.        2550.824      -2648.882       -828.148    0.000  -0.073   0.201   0.
  2017 352 15 11  5 484 352.632702364      -6.50     16.88     27.93  0.        2553.288      -2648.628       -824.973    0.000  -0.073   0.201   0.
  2017 352 15 11  6 484 352.632713938      -6.58     16.79     27.66  0.        2555.751      -2648.372       -821.798    0.000  -0.073   0.201   0.
  2017 352 15 11  7 484 352.632725512      -6.63     16.67     27.38  0.        2558.212      -2648.114       -818.622    0.000  -0.073   0.201   0.
  2017 352 15 11  8 484 352.632737086      -6.70     16.58     27.10  0.        2560.671      -2647.853       -815.445    0.000  -0.073   0.201   0.
  2017 352 15 11  9 484 352.632748660      -6.76     16.47     26.78  0.        2563.127      -2647.591       -812.268    0.000  -0.073   0.201   0.
  2017 352 15 11 10 484 352.632760234      -6.82     16.32     26.43  0.        2565.582      -2647.326       -809.090    0.000  -0.074   0.202   0.
  2017 352 15 11 11 484 352.632771808      -6.90     16.18     26.10  0.        2568.034      -2647.059       -805.912    0.000  -0.074   0.202   0.
  2017 352 15 11 12 484 352.632783383      -7.01     16.02     25.79  0.        2570.485      -2646.791       -802.733    0.000  -0.074   0.202   0.
  2017 352 15 11 13 484 352.632794957      -7.08     15.81     25.51  0.        2572.933      -2646.519       -799.553    0.000  -0.074   0.202   0.
  2017 352 15 11 14 484 352.632806531      -7.16     15.62     25.25  0.        2575.379      -2646.247       -796.372    0.000  -0.074   0.203   0.
  2017 352 15 11 15 484 352.632818105      -7.26     15.46     25.07  0.        2577.824      -2645.971       -793.191    0.000  -0.074   0.203   0.
  2017 352 15 11 16 484 352.632829679      -7.32     15.32     24.90  0.        2580.266      -2645.694       -790.010    0.000  -0.074   0.203   0.
  2017 352 15 11 17 484 352.632841253      -7.36     15.21     24.74  0.        2582.706      -2645.415       -786.827    0.000  -0.074   0.203   0.
  2017 352 15 11 18 484 352.632852827      -7.34     15.08     24.53  0.        2585.144      -2645.133       -783.644    0.000  -0.074   0.204   0.
  2017 352 15 11 19 484 352.632864401      -7.35     14.95     24.36  0.        2587.580      -2644.850       -780.460    0.000  -0.074   0.204   0.
  2017 352 15 11 20 484 352.632875975      -7.34     14.81     24.10  0.        2590.014      -2644.564       -777.276    0.000  -0.074   0.204   0.
  2017 352 15 11 21 483 352.632887549      -7.29     14.66     23.82  0.        2592.446      -2644.276       -774.092    0.000  -0.074   0.204   0.
  2017 352 15 11 22 484 352.632899120      -7.26     14.52     23.48  0.        2594.876      -2643.986       -770.906    0.000  -0.075   0.205   0.
  2017 352 15 11 23 484 352.632910694      -7.19     14.36     23.11  0.        2597.304      -2643.694       -767.720    0.000  -0.075   0.205   0.
  2017 352 15 11 24 483 352.632922269      -7.16     14.16     22.78  0.        2599.730      -2643.400       -764.534    0.000  -0.075   0.205   0.
  2017 352 15 11 25 483 352.632933843      -7.12     13.98     22.44  0.        2602.154      -2643.104       -761.346    0.000  -0.075   0.205   0.
  2017 352 15 11 26 484 352.632945417      -7.10     13.73     22.11  0.        2604.575      -2642.806       -758.159    0.000  -0.075   0.206   0.
  2017 352 15 11 27 484 352.632956991      -7.04     13.51     21.78  0.        2606.995      -2642.505       -754.970    0.000  -0.075   0.206   0.
  2017 352 15 11 28 484 352.632968565      -7.04     13.31     21.50  0.        2609.412      -2642.203       -751.781    0.000  -0.075   0.206   0.
  2017 352 15 11 29 484 352.632980139      -7.03     13.16     21.29  0.        2611.828      -2641.898       -748.591    0.000  -0.075   0.206   0.
  2017 352 15 11 30 484 352.632991713      -7.06     13.04     21.08  0.        2614.241      -2641.592       -745.401    0.000  -0.075   0.206   0.
  2017 352 15 11 31 483 352.633003287      -7.03     12.85     20.87  0.        2616.653      -2641.283       -742.211    0.000  -0.075   0.206   0.
  2017 352 15 11 32 483 352.633014861      -6.97     12.67     20.61  0.        2619.062      -2640.972       -739.019    0.000  -0.075   0.207   0.
  2017 352 15 11 33 483 352.633026435      -6.91     12.51     20.38  0.        2621.469      -2640.660       -735.827    0.000  -0.075   0.207   0.
  2017 352 15 11 34 483 352.633038009      -6.83     12.39     20.15  0.        2623.875      -2640.345       -732.635    0.000  -0.075   0.207   0.
  2017 352 15 11 35 483 352.633049583      -6.75     12.23     19.89  0.        2626.278      -2640.028       -729.442    0.000  -0.075   0.207   0.
  2017 352 15 11 36 484 352.633061157      -6.75     12.10     19.72  0.        2628.679      -2639.709       -726.248    0.000  -0.076   0.208   0.
  2017 352 15 11 37 484 352.633072731      -6.69     11.94     19.47  0.        2631.078      -2639.387       -723.054    0.000  -0.076   0.208   0.
  2017 352 15 11 38 483 352.633084306      -6.60     11.74     19.14  0.        2633.475      -2639.064       -719.859    0.000  -0.076   0.208   0.
  2017 352 15 11 39 483 352.633095880      -6.54     11.55     18.85  0.        2635.869      -2638.739       -716.663    0.000  -0.076   0.208   0.
  2017 352 15 11 40 484 352.633107454      -6.46     11.37     18.57  0.        2638.262      -2638.412       -713.468    0.000  -0.076   0.209   0.
  2017 352 15 11 41 484 352.633119028      -6.40     11.18     18.30  0.        2640.653      -2638.082       -710.271    0.000  -0.076   0.209   0.
  2017 352 15 11 42 484 352.633130602      -6.32     11.01     18.03  0.        2643.042      -2637.751       -707.074    0.000  -0.076   0.209   0.
  2017 352 15 11 43 484 352.633142176      -6.21     10.82     17.75  0.        2645.428      -2637.417       -703.876    0.000  -0.076   0.209   0.
  2017 352 15 11 44 484 352.633153750      -6.11     10.67     17.49  0.        2647.813      -2637.082       -700.678    0.000  -0.076   0.209   0.
  2017 352 15 11 45 483 352.633165324      -6.01     10.54     17.24  0.        2650.195      -2636.744       -697.480    0.000  -0.076   0.209   0.
  2017 352 15 11 46 483 352.633176898      -5.88     10.40     16.92  0.        2652.576      -2636.404       -694.280    0.000  -0.076   0.210   0.
  2017 352 15 11 47 483 352.633188472      -5.72     10.24     16.58  0.        2654.954      -2636.063       -691.081    0.000  -0.076   0.210   0.
  2017 352 15 11 48 483 352.633200046      -5.57     10.10     16.24  0.        2657.330      -2635.719       -687.880    0.000  -0.077   0.210   0.
  2017 352 15 11 49 484 352.633211620      -5.40      9.99     15.89  0.        2659.704      -2635.373       -684.680    0.000  -0.077   0.210   0.
  2017 352 15 11 50 484 352.633223194      -5.21      9.89     15.54  0.        2662.077      -2635.025       -681.478    0.000  -0.077   0.211   0.
  2017 352 15 11 51 499 352.633234949      -5.08      9.80     15.21  0.        2664.484      -2634.669       -678.226    0.000  -0.077   0.211   0.
  2017 352 15 11 52 515 352.633246701      -4.94      9.72     14.84  0.        2666.889      -2634.312       -674.974    0.000  -0.077   0.211   0.
  2017 352 15 11 53 515 352.633258275      -4.73      9.63     14.47  0.        2669.254      -2633.958       -671.771    0.000  -0.077   0.211   0.
  2017 352 15 11 54 514 352.633269850      -4.60      9.65     14.22  0.        2671.618      -2633.602       -668.567    0.000  -0.077   0.212   0.
  2017 352 15 11 55 514 352.633281424      -4.40      9.57     13.88  0.        2673.980      -2633.243       -665.363    0.000  -0.077   0.212   0.
  2017 352 15 11 56 515 352.633292998      -4.23      9.57     13.53  0.        2676.339      -2632.883       -662.159    0.000  -0.077   0.212   0.
  2017 352 15 11 57 515 352.633304572      -4.02      9.58     13.16  0.        2678.697      -2632.521       -658.954    0.000  -0.077   0.212   0.
  2017 352 15 11 58 515 352.633316146      -3.82      9.55     12.71  0.        2681.052      -2632.156       -655.748    0.000  -0.077   0.212   0.
  2017 352 15 11 59 515 352.633327720      -3.57      9.50     12.30  0.        2683.406      -2631.790       -652.542    0.000  -0.077   0.212   0.
  2017 352 15 12  0 515 352.633339294      -3.35      9.47     11.85  0.        2685.757      -2631.422       -649.336    0.000  -0.078   0.213   0.
  2017 352 15 12  1 514 352.633350868      -3.17      9.46     11.51  0.        2688.106      -2631.051       -646.129    0.000  -0.078   0.213   0.
  2017 352 15 12  2 514 352.633362442      -2.97      9.39     11.10  0.        2690.453      -2630.679       -642.921    0.000  -0.078   0.213   0.
  2017 352 15 12  3 514 352.633374016      -2.76      9.14     10.77  0.        2692.798      -2630.304       -639.713    0.000  -0.078   0.213   0.
  2017 352 15 12  4 514 352.633385590      -2.64      8.54     10.64  0.        2695.141      -2629.928       -636.505    0.000  -0.078   0.214   0.
  2017 352 15 12  5 514 352.633397164      -2.53      7.93     10.64  0.        2697.482      -2629.549       -633.296    0.000  -0.078   0.214   0.
  2017 352 15 12  6 515 352.633408738      -2.48      7.36     10.73  0.        2699.821      -2629.168       -630.086    0.000  -0.078   0.214   0.
  2017 352 15 12  7 514 352.633420313      -2.50      6.51     11.17  0.        2702.158      -2628.786       -626.876    0.000  -0.078   0.214   0.
  2017 352 15 12  8 514 352.633431887      -2.20      5.85     10.40  0.        2704.493      -2628.401       -623.666    0.000  -0.078   0.215   0.
  2017 352 15 12  9 515 352.633443461      -2.08      5.24     10.91  0.        2706.825      -2628.015       -620.455    0.000  -0.078   0.215   0.
  2017 352 15 12 10 515 352.633455035      -1.94      4.53     10.20  0.        2709.156      -2627.626       -617.244    0.000  -0.078   0.215   0.
  2017 352 15 12 11 515 352.633466609      -2.00      4.37      9.33  0.        2711.484      -2627.235       -614.032    0.000  -0.078   0.215   0.
  2017 352 15 12 12 515 352.633478183      -2.08      4.53      8.77  0.        2713.811      -2626.843       -610.819    0.000  -0.078   0.215   0.
  2017 352 15 12 13 515 352.633489757      -2.04      4.82      8.31  0.        2716.135      -2626.448       -607.606    0.000  -0.078   0.215   0.
  2017 352 15 12 14 514 352.633501331      -1.93      5.03      7.84  0.        2718.457      -2626.051       -604.393    0.000  -0.079   0.216   0.
  2017 352 15 12 15 514 352.633512905      -1.64      4.97      7.82  0.        2720.777      -2625.652       -601.180    0.000  -0.079   0.216   0.
  2017 352 15 12 16 514 352.633524479      -1.07      5.23      7.28  0.        2723.095      -2625.252       -597.965    0.000  -0.079   0.216   0.
  2017 352 15 12 17 514 352.633536053      -0.62      5.43      6.80  0.        2725.411      -2624.849       -594.751    0.000  -0.079   0.216   0.
  2017 352 15 12 18 514 352.633547627      -0.15      5.50      6.29  0.        2727.725      -2624.444       -591.536    0.000  -0.079   0.217   0.
  2017 352 15 12 19 515 352.633559201       0.08      5.57      5.82  0.        2730.037      -2624.037       -588.320    0.000  -0.079   0.217   0.
  2017 352 15 12 20 514 352.633570773      -0.01      5.62      5.58  0.        2732.347      -2623.629       -585.104    0.000  -0.079   0.217   0.
  2017 352 15 12 21 514 352.633582347      -0.06      5.69      5.36  0.        2734.654      -2623.218       -581.888    0.000  -0.079   0.217   0.
  2017 352 15 12 22 514 352.633593921      -0.21      5.45      5.31  0.        2736.960      -2622.805       -578.671    0.000  -0.079   0.218   0.
  2017 352 15 12 23 514 352.633605495      -0.15      4.98      5.35  0.        2739.263      -2622.390       -575.454    0.000  -0.079   0.218   0.
  2017 352 15 12 24 514 352.633617069       0.21      4.68      5.28  0.        2741.565      -2621.974       -572.236    0.000  -0.079   0.218   0.
  2017 352 15 12 25 514 352.633628643       0.76      4.59      5.02  0.        2743.864      -2621.555       -569.018    0.000  -0.079   0.218   0.
  2017 352 15 12 26 514 352.633640217       1.19      4.56      4.60  0.        2746.161      -2621.134       -565.799    0.000  -0.080   0.218   0.
  2017 352 15 12 27 514 352.633651791       1.29      4.45      4.18  0.        2748.456      -2620.711       -562.580    0.000  -0.080   0.218   0.
  2017 352 15 12 28 514 352.633663365       1.44      4.25      3.84  0.        2750.749      -2620.287       -559.361    0.000  -0.080   0.219   0.
  2017 352 15 12 29 514 352.633674939       1.79      4.13      3.39  0.        2753.040      -2619.860       -556.141    0.000  -0.080   0.219   0.
  2017 352 15 12 30 514 352.633686513       2.15      4.02      3.11  0.        2755.329      -2619.431       -552.920    0.000  -0.080   0.219   0.
  2017 352 15 12 31 514 352.633698087       2.57      3.93      2.85  0.        2757.616      -2619.001       -549.700    0.000  -0.080   0.219   0.
  2017 352 15 12 32 514 352.633709661       3.06      3.86      2.52  0.        2759.901      -2618.568       -546.479    0.000  -0.080   0.220   0.
  2017 352 15 12 33 514 352.633721236       3.45      3.73      2.16  0.        2762.183      -2618.133       -543.257    0.000  -0.080   0.220   0.
  2017 352 15 12 34 514 352.633732810       3.89      3.59      1.66  0.        2764.464      -2617.697       -540.035    0.000  -0.080   0.220   0.
  2017 352 15 12 35 514 352.633744384       4.25      3.57      1.33  0.        2766.742      -2617.258       -536.813    0.000  -0.080   0.220   0.
  2017 352 15 12 36 514 352.633755958       4.47      3.52      1.23  0.        2769.019      -2616.818       -533.590    0.000  -0.080   0.221   0.
  2017 352 15 12 37 514 352.633767532       4.69      3.34      0.93  0.        2771.293      -2616.375       -530.367    0.000  -0.080   0.221   0.
  2017 352 15 12 38 514 352.633779106       5.02      3.37      0.35  0.        2773.565      -2615.931       -527.143    0.000  -0.080   0.221   0.
  2017 352 15 12 39 514 352.633790680       5.21      3.53      0.08  0.        2775.835      -2615.485       -523.919    0.000  -0.080   0.221   0.
  2017 352 15 12 40 514 352.633802254       5.28      3.46      0.36  0.        2778.103      -2615.036       -520.695    0.000  -0.081   0.222   0.
  2017 352 15 12 41 514 352.633813828       5.62      2.66      0.09  0.        2780.369      -2614.586       -517.470    0.000  -0.081   0.222   0.
  2017 352 15 12 42 514 352.633825402       6.58      2.34     -0.71  0.        2782.633      -2614.133       -514.245    0.000  -0.081   0.222   0.
  2017 352 15 12 43 514 352.633836976       7.63      2.78     -1.21  0.        2784.895      -2613.679       -511.020    0.000  -0.081   0.222   0.
  2017 352 15 12 44 514 352.633848550       7.72      3.82     -0.97  0.        2787.154      -2613.223       -507.794    0.000  -0.081   0.222   0.
  2017 352 15 12 45 514 352.633860124       7.54      4.00     -0.64  0.        2789.412      -2612.764       -504.568    0.000  -0.081   0.222   0.
  2017 352 15 12 46 514 352.633871698       7.30      3.67     -0.06  0.        2791.667      -2612.304       -501.341    0.000  -0.081   0.223   0.
  2017 352 15 12 47 514 352.633883273       6.98      3.67      0.05  0.        2793.921      -2611.842       -498.114    0.000  -0.081   0.223   0.
  2017 352 15 12 48 514 352.633894847       6.59      3.74     -0.13  0.        2796.172      -2611.378       -494.887    0.000  -0.081   0.223   0.
  2017 352 15 12 49 514 352.633906420       5.66      4.09      0.20  0.        2798.421      -2610.912       -491.659    0.000  -0.081   0.223   0.
  2017 352 15 12 50 514 352.633917992       3.94      3.64      1.05  0.        2800.668      -2610.444       -488.431    0.000  -0.081   0.223   0.
  2017 352 15 12 51 514 352.633929566       4.78      3.80      0.60  0.        2802.913      -2609.974       -485.203    0.000  -0.081   0.223   0.
  2017 352 15 12 52 514 352.633941140       6.23      4.26      0.69  0.        2805.156      -2609.502       -481.974    0.000  -0.082   0.224   0.
  2017 352 15 12 53 514 352.633952714       8.70      5.47      0.65  0.        2807.397      -2609.028       -478.745    0.000  -0.082   0.224   0.
  2017 352 15 12 54 514 352.633964288       8.15      5.95      0.91  0.        2809.635      -2608.553       -475.515    0.000  -0.082   0.225   0.
  2017 352 15 12 55 514 352.633975862       8.27      5.45      0.60  0.        2811.872      -2608.075       -472.285    0.000  -0.082   0.225   0.
  2017 352 15 12 56 514 352.633987436       8.15      4.77      0.24  0.        2814.107      -2607.595       -469.055    0.000  -0.082   0.225   0.
  2017 352 15 12 57 514 352.633999010       8.37      4.69     -0.29  0.        2816.339      -2607.114       -465.824    0.000  -0.082   0.225   0.
  2017 352 15 12 58 514 352.634010584       7.73      5.16      0.77  0.        2818.570      -2606.630       -462.594    0.000  -0.082   0.225   0.
  2017 352 15 12 59 514 352.634022159       6.83      4.58      1.30  0.        2820.798      -2606.145       -459.363    0.000  -0.082   0.225   0.
  2017 352 15 13  0 514 352.634033733       6.88      4.50      0.53  0.        2823.024      -2605.657       -456.131    0.000  -0.082   0.226   0.
  2017 352 15 13  1 514 352.634045307       7.81      4.34     -0.54  0.        2825.248      -2605.168       -452.899    0.000  -0.082   0.226   0.
  2017 352 15 13  2 514 352.634056881       8.96      4.74     -0.57  0.        2827.470      -2604.677       -449.666    0.000  -0.082   0.226   0.
  2017 352 15 13  3 514 352.634068455       9.96      5.42     -0.64  0.        2829.690      -2604.183       -446.434    0.000  -0.082   0.226   0.
  2017 352 15 13  4 514 352.634080029      10.59      5.53     -0.47  0.        2831.908      -2603.688       -443.201    0.000  -0.082   0.226   0.
  2017 352 15 13  5 514 352.634091603      10.98      6.34      1.00  0.        2834.123      -2603.191       -439.968    0.000  -0.082   0.226   0.
  2017 352 15 13  6 514 352.634103177       9.87      5.77      1.50  0.        2836.337      -2602.692       -436.734    0.000  -0.083   0.227   0.
  2017 352 15 13  7 514 352.634114751       9.58      5.72      0.64  0.        2838.549      -2602.191       -433.500    0.000  -0.083   0.227   0.
  2017 352 15 13  8 514 352.634126325       9.49      6.07      1.70  0.        2840.758      -2601.689       -430.266    0.000  -0.083   0.228   0.
  2017 352 15 13  9 514 352.634137899      10.24      6.60      1.93  0.        2842.965      -2601.184       -427.032    0.000  -0.083   0.228   0.
  2017 352 15 13 10 514 352.634149473      10.47      7.24      2.50  0.        2845.170      -2600.677       -423.797    0.000  -0.083   0.228   0.
  2017 352 15 13 11 514 352.634161047       9.39      7.26      2.75  0.        2847.374      -2600.169       -420.562    0.000  -0.083   0.228   0.
  2017 352 15 13 12 514 352.634172621       8.38      6.87      2.78  0.        2849.575      -2599.658       -417.326    0.000  -0.083   0.228   0.
  2017 352 15 13 13 514 352.634184196       8.12      6.23      2.29  0.        2851.774      -2599.146       -414.091    0.000  -0.083   0.228   0.
  2017 352 15 13 14 514 352.634195770       7.97      5.84      2.59  0.        2853.970      -2598.632       -410.855    0.000  -0.083   0.229   0.
  2017 352 15 13 15 514 352.634207344       7.49      5.23      2.68  0.        2856.165      -2598.116       -407.618    0.000  -0.083   0.229   0.
  2017 352 15 13 16 514 352.634218918       7.12      4.73      2.71  0.        2858.358      -2597.598       -404.382    0.000  -0.083   0.229   0.
  2017 352 15 13 17 514 352.634230492       7.48      4.80      2.05  0.        2860.548      -2597.078       -401.145    0.000  -0.083   0.229   0.
  2017 352 15 13 18 514 352.634242066       8.60      5.78      2.22  0.        2862.737      -2596.556       -397.908    0.000  -0.084   0.229   0.
  2017 352 15 13 19 514 352.634253640       9.24      6.31      2.76  0.        2864.923      -2596.032       -394.670    0.000  -0.084   0.229   0.
  2017 352 15 13 20 514 352.634265211       9.19      6.74      3.21  0.        2867.108      -2595.506       -391.432    0.000  -0.084   0.230   0.
  2017 352 15 13 21 514 352.634276785      10.03      7.35      3.38  0.        2869.290      -2594.979       -388.194    0.000  -0.084   0.230   0.
  2017 352 15 13 22 514 352.634288359       9.72      7.85      4.23  0.        2871.470      -2594.449       -384.956    0.000  -0.084   0.231   0.
  2017 352 15 13 23 514 352.634299933      10.26      8.26      4.00  0.        2873.648      -2593.918       -381.717    0.000  -0.084   0.231   0.
  2017 352 15 13 24 514 352.634311508       9.99      7.76      3.84  0.        2875.824      -2593.385       -378.478    0.000  -0.084   0.231   0.
  2017 352 15 13 25 514 352.634323082       9.43      7.14      3.65  0.        2877.998      -2592.849       -375.239    0.000  -0.084   0.231   0.
  2017 352 15 13 26 514 352.634334656      10.01      6.87      2.56  0.        2880.169      -2592.312       -372.000    0.000  -0.084   0.231   0.
  2017 352 15 13 27 514 352.634346230      11.07      8.11      2.61  0.        2882.339      -2591.773       -368.760    0.000  -0.084   0.231   0.
  2017 352 15 13 28 514 352.634357804      10.83      8.69      3.43  0.        2884.506      -2591.233       -365.520    0.000  -0.084   0.231   0.
  2017 352 15 13 29 514 352.634369378      10.72      9.03      4.14  0.        2886.672      -2590.690       -362.280    0.000  -0.084   0.231   0.
  2017 352 15 13 30 514 352.634380952      11.14      9.19      3.98  0.        2888.835      -2590.145       -359.039    0.000  -0.084   0.232   0.
  2017 352 15 13 31 514 352.634392526      11.89     10.12      4.49  0.        2890.996      -2589.599       -355.799    0.000  -0.084   0.232   0.
  2017 352 15 13 32 514 352.634404100      11.83      9.95      4.84  0.        2893.155      -2589.051       -352.558    0.000  -0.085   0.232   0.
  2017 352 15 13 33 514 352.634415674      11.63      9.60      4.84  0.        2895.312      -2588.501       -349.316    0.000  -0.085   0.232   0.
  2017 352 15 13 34 514 352.634427248      11.21      8.84      4.23  0.        2897.467      -2587.949       -346.075    0.000  -0.085   0.233   0.
  2017 352 15 13 35 514 352.634438822      11.81     10.20      4.41  0.        2899.620      -2587.395       -342.833    0.000  -0.085   0.233   0.
  2017 352 15 13 36 514 352.634450396      11.66     10.60      5.30  0.        2901.771      -2586.839       -339.591    0.000  -0.085   0.233   0.
  2017 352 15 13 37 514 352.634461970      12.67     11.07      5.68  0.        2903.920      -2586.281       -336.349    0.000  -0.085   0.233   0.
  2017 352 15 13 38 514 352.634473545      12.64     10.29      5.17  0.        2906.066      -2585.721       -333.106    0.000  -0.085   0.234   0.
  2017 352 15 13 39 514 352.634485119      12.42     10.27      4.87  0.        2908.211      -2585.160       -329.864    0.000  -0.085   0.234   0.
  2017 352 15 13 40 514 352.634496693      12.48     10.58      5.03  0.        2910.353      -2584.597       -326.621    0.000  -0.085   0.234   0.
  2017 352 15 13 41 514 352.634508267      12.85     10.63      4.94  0.        2912.493      -2584.032       -323.378    0.000  -0.085   0.234   0.
  2017 352 15 13 42 514 352.634519841      12.92     10.35      4.31  0.        2914.631      -2583.465       -320.134    0.000  -0.085   0.234   0.
  2017 352 15 13 43 514 352.634531415      12.59     10.03      3.89  0.        2916.768      -2582.896       -316.890    0.000  -0.085   0.234   0.
  2017 352 15 13 44 514 352.634542989      12.82     10.78      3.90  0.        2918.902      -2582.325       -313.647    0.000  -0.085   0.234   0.
  2017 352 15 13 45 514 352.634554563      12.51     11.84      4.88  0.        2921.033      -2581.753       -310.403    0.000  -0.085   0.234   0.
  2017 352 15 13 46 514 352.634566137      11.66     10.91      4.99  0.        2923.163      -2581.178       -307.158    0.000  -0.085   0.234   0.
  2017 352 15 13 47 514 352.634577711      11.78     10.30      4.60  0.        2925.291      -2580.602       -303.914    0.000  -0.085   0.234   0.
  2017 352 15 13 48 514 352.634589285      11.66      9.64      4.25  0.        2927.416      -2580.024       -300.669    0.000  -0.085   0.234   0.
  2017 352 15 13 49 514 352.634600859      11.60      9.24      3.85  0.        2929.540      -2579.444       -297.424    0.000  -0.085   0.234   0.
  2017 352 15 13 50 513 352.634612431      11.30      9.06      3.24  0.        2931.661      -2578.862       -294.179    0.000  -0.085   0.234   0.
  2017 352 15 13 51 513 352.634624005      11.38      9.86      3.55  0.        2933.781      -2578.279       -290.934    0.000  -0.085   0.234   0.
  2017 352 15 13 52 514 352.634635579      12.21     10.43      3.15  0.        2935.898      -2577.693       -287.688    0.000  -0.085   0.234   0.
  2017 352 15 13 53 514 352.634647153      12.77     11.40      3.43  0.        2938.013      -2577.106       -284.442    0.000  -0.085   0.234   0.
  2017 352 15 13 54 514 352.634658727      13.08     11.44      4.41  0.        2940.126      -2576.517       -281.196    0.000  -0.085   0.234   0.
  2017 352 15 13 55 514 352.634670301      12.57     10.62      4.51  0.        2942.237      -2575.926       -277.950    0.000  -0.085   0.234   0.
  2017 352 15 13 56 514 352.634681875      12.15     10.11      4.05  0.        2944.346      -2575.333       -274.704    0.000  -0.085   0.234   0.
  2017 352 15 13 57 513 352.634693449      11.63      9.82      4.43  0.        2946.452      -2574.738       -271.457    0.000  -0.085   0.234   0.
  2017 352 15 13 58 513 352.634705023      11.47      9.53      3.99  0.        2948.557      -2574.142       -268.211    0.000  -0.085   0.234   0.
  2017 352 15 13 59 513 352.634716597      11.07      9.26      3.77  0.        2950.660      -2573.544       -264.964    0.000  -0.085   0.234   0.
  2017 352 15 14  0 513 352.634728171      10.98      9.30      3.58  0.        2952.760      -2572.944       -261.716    0.000  -0.085   0.234   0.
  2017 352 15 14  1 514 352.634739745      11.20      9.55      2.85  0.        2954.858      -2572.342       -258.469    0.000  -0.085   0.234   0.
  2017 352 15 14  2 514 352.634751319      11.24     10.22      2.72  0.        2956.955      -2571.738       -255.222    0.000  -0.085   0.234   0.
  2017 352 15 14  3 513 352.634762894      11.75     11.56      2.34  0.        2959.049      -2571.132       -251.974    0.000  -0.085   0.234   0.
  2017 352 15 14  4 513 352.634774468      12.44     11.90      4.11  0.        2961.141      -2570.524       -248.726    0.000  -0.085   0.234   0.
  2017 352 15 14  5 514 352.634786042      12.79     10.87      3.80  0.        2963.231      -2569.916       -245.478    0.000  -0.085   0.234   0.
  2017 352 15 14  6 514 352.634797616      13.54     12.09      3.47  0.        2965.319      -2569.305       -242.230    0.000  -0.085   0.234   0.
  2017 352 15 14  7 514 352.634809190      13.67     12.79      4.26  0.        2967.405      -2568.692       -238.982    0.000  -0.085   0.234   0.
  2017 352 15 14  8 514 352.634820764      13.09     12.66      5.66  0.        2969.488      -2568.077       -235.733    0.000  -0.085   0.234   0.
  2017 352 15 14  9 514 352.634832338      12.45     11.83      6.40  0.        2971.570      -2567.461       -232.485    0.000  -0.085   0.234   0.
  2017 352 15 14 10 513 352.634843912      12.09     11.16      5.03  0.        2973.649      -2566.842       -229.236    0.000  -0.085   0.234   0.
  2017 352 15 14 11 513 352.634855486      11.81     11.77      4.65  0.        2975.727      -2566.222       -225.987    0.000  -0.085   0.234   0.
  2017 352 15 14 12 513 352.634867060      12.06     12.88      5.65  0.        2977.802      -2565.600       -222.738    0.000  -0.085   0.234   0.
  2017 352 15 14 13 513 352.634878634      11.70     12.29      5.76  0.        2979.875      -2564.976       -219.488    0.000  -0.085   0.234   0.
  2017 352 15 14 14 513 352.634890208      11.65     12.30      5.16  0.        2981.946      -2564.351       -216.239    0.000  -0.085   0.234   0.
  2017 352 15 14 15 514 352.634901782      11.96     12.55      5.17  0.        2984.015      -2563.724       -212.989    0.000  -0.085   0.234   0.
  2017 352 15 14 16 514 352.634913356      12.30     12.64      4.64  0.        2986.082      -2563.095       -209.740    0.000  -0.085   0.234   0.
  2017 352 15 14 17 513 352.634924931      12.20     12.51      5.14  0.        2988.147      -2562.464       -206.490    0.000  -0.085   0.234   0.
  2017 352 15 14 18 513 352.634936505      12.56     12.08      5.08  0.        2990.210      -2561.831       -203.240    0.000  -0.085   0.234   0.
  2017 352 15 14 19 514 352.634948078      12.92     12.10      4.92  0.        2992.270      -2561.197       -199.989    0.000  -0.085   0.234   0.
  2017 352 15 14 20 513 352.634959650      13.07     12.42      4.24  0.        2994.329      -2560.560       -196.739    0.000  -0.085   0.234   0.
  2017 352 15 14 21 513 352.634971224      12.82     12.87      5.09  0.        2996.385      -2559.922       -193.489    0.000  -0.085   0.234   0.
  2017 352 15 14 22 513 352.634982798      13.06     11.72      4.30  0.        2998.440      -2559.282       -190.238    0.000  -0.085   0.234   0.
  2017 352 15 14 23 513 352.634994372      12.80     11.30      3.39  0.        3000.492      -2558.641       -186.988    0.000  -0.085   0.234   0.
  2017 352 15 14 24 513 352.635005946      11.81     11.09      3.61  0.        3002.542      -2557.997       -183.737    0.000  -0.085   0.234   0.
  2017 352 15 14 25 513 352.635017520      11.24     10.23      3.47  0.        3004.590      -2557.352       -180.486    0.000  -0.085   0.234   0.
  2017 352 15 14 26 513 352.635029094      10.36      9.78      2.73  0.        3006.636      -2556.705       -177.235    0.000  -0.085   0.234   0.
  2017 352 15 14 27 513 352.635040668       9.66      9.41      2.69  0.        3008.680      -2556.056       -173.984    0.000  -0.085   0.234   0.
  2017 352 15 14 28 513 352.635052242       9.25      9.72      2.50  0.        3010.722      -2555.406       -170.732    0.000  -0.085   0.234   0.
  2017 352 15 14 29 513 352.635063817       9.16     10.99      1.33  0.        3012.762      -2554.754       -167.481    0.000  -0.085   0.234   0.
  2017 352 15 14 30 513 352.635075391      10.43     14.50      3.86  0.        3014.799      -2554.099       -164.229    0.000  -0.085   0.234   0.
  2017 352 15 14 31 513 352.635086965      11.52     14.62      6.18  0.        3016.835      -2553.444       -160.978    0.000  -0.085   0.234   0.
  2017 352 15 14 32 513 352.635098539      11.32     12.91      6.85  0.        3018.868      -2552.786       -157.726    0.000  -0.085   0.234   0.
  2017 352 15 14 33 513 352.635110113      10.87     11.46      5.76  0.        3020.900      -2552.127       -154.474    0.000  -0.085   0.234   0.
  2017 352 15 14 34 513 352.635121687      11.13     11.69      5.58  0.        3022.929      -2551.465       -151.222    0.000  -0.085   0.234   0.
  2017 352 15 14 35 513 352.635133261      10.78     11.08      5.49  0.        3024.956      -2550.802       -147.970    0.000  -0.085   0.234   0.
  2017 352 15 14 36 513 352.635144835      10.84     10.95      3.87  0.        3026.981      -2550.138       -144.718    0.000  -0.085   0.234   0.
  2017 352 15 14 37 513 352.635156409      10.33     11.25      3.20  0.        3029.004      -2549.471       -141.466    0.000  -0.085   0.234   0.
  2017 352 15 14 38 513 352.635167983      10.47     12.41      2.99  0.        3031.025      -2548.803       -138.213    0.000  -0.085   0.234   0.
  2017 352 15 14 39 513 352.635179557      10.56     11.93      3.17  0.        3033.044      -2548.133       -134.961    0.000  -0.085   0.234   0.
  2017 352 15 14 40 513 352.635191131      10.49     12.84      3.13  0.        3035.061      -2547.461       -131.708    0.000  -0.085   0.234   0.
  2017 352 15 14 41 513 352.635202705      10.43     12.98      3.48  0.        3037.075      -2546.788       -128.456    0.000  -0.085   0.234   0.
  2017 352 15 14 42 513 352.635214279       9.95     13.04      3.69  0.        3039.088      -2546.113       -125.203    0.000  -0.085   0.234   0.
  2017 352 15 14 43 513 352.635225854      10.19     13.63      3.94  0.        3041.098      -2545.436       -121.950    0.000  -0.085   0.234   0.
  2017 352 15 14 44 513 352.635237428      10.74     14.07      4.72  0.        3043.107      -2544.757       -118.697    0.000  -0.085   0.234   0.
  2017 352 15 14 45 513 352.635249002      11.12     13.99      4.62  0.        3045.113      -2544.077       -115.445    0.000  -0.085   0.234   0.
  2017 352 15 14 46 513 352.635260576      11.07     14.17      5.74  0.        3047.117      -2543.395       -112.191    0.000  -0.085   0.234   0.
  2017 352 15 14 47 513 352.635272150      10.86     13.12      5.84  0.        3049.119      -2542.711       -108.938    0.000  -0.085   0.234   0.
  2017 352 15 14 48 513 352.635283721      10.99     12.51      5.35  0.        3051.119      -2542.025       -105.685    0.000  -0.085   0.234   0.
  2017 352 15 14 49 513 352.635295295      11.59     12.80      3.64  0.        3053.117      -2541.337       -102.432    0.000  -0.085   0.234   0.
  2017 352 15 14 50 513 352.635306869      11.87     13.42      2.97  0.        3055.113      -2540.648        -99.179    0.000  -0.085   0.234   0.
  2017 352 15 14 51 513 352.635318443      11.21     14.17      3.23  0.        3057.107      -2539.957        -95.925    0.000  -0.085   0.234   0.
  2017 352 15 14 52 513 352.635330017      13.15     12.07      0.95  0.        3059.098      -2539.265        -92.672    0.000  -0.085   0.234   0.
  2017 352 15 14 53 513 352.635341591      13.39      9.83     -0.53  0.        3061.088      -2538.570        -89.418    0.000  -0.085   0.234   0.
  2017 352 15 14 54 513 352.635353165      10.28      8.90     -1.74  0.        3063.075      -2537.874        -86.165    0.000  -0.085   0.234   0.
  2017 352 15 14 55 513 352.635364740      10.44      9.34     -1.14  0.        3065.061      -2537.177        -82.911    0.000  -0.085   0.234   0.
  2017 352 15 14 56 513 352.635376314      10.91     10.35     -1.26  0.        3067.044      -2536.477        -79.658    0.000  -0.085   0.234   0.
  2017 352 15 14 57 513 352.635387888       9.43      9.33     -0.79  0.        3069.025      -2535.776        -76.404    0.000  -0.085   0.234   0.
  2017 352 15 14 58 513 352.635399462       8.81      7.41     -0.60  0.        3071.004      -2535.073        -73.150    0.000  -0.085   0.234   0.
  2017 352 15 14 59 513 352.635411036       8.87      6.89     -0.75  0.        3072.981      -2534.368        -69.897    0.000  -0.085   0.234   0.
  2017 352 15 15  0 513 352.635422610       8.57      7.88      1.19  0.        3074.956      -2533.662        -66.643    0.000  -0.085   0.234   0.
  2017 352 15 15  1 513 352.635434184       8.31      8.52      1.73  0.        3076.929      -2532.954        -63.389    0.000  -0.085   0.234   0.
  2017 352 15 15  2 513 352.635445758       8.30      8.90      1.77  0.        3078.900      -2532.244        -60.135    0.000  -0.085   0.234   0.
  2017 352 15 15  3 513 352.635457332       8.16      9.37      1.93  0.        3080.869      -2531.532        -56.881    0.000  -0.085   0.234   0.
  2017 352 15 15  4 513 352.635468906       8.32      9.98      1.88  0.        3082.835      -2530.819        -53.627    0.000  -0.085   0.234   0.
  2017 352 15 15  5 513 352.635480480       8.13     10.17      2.46  0.        3084.800      -2530.104        -50.373    0.000  -0.085   0.234   0.
  2017 352 15 15  6 513 352.635492054       7.90     10.99      2.95  0.        3086.762      -2529.387        -47.119    0.000  -0.085   0.234   0.
  2017 352 15 15  7 513 352.635503629       7.60     10.52      1.96  0.        3088.723      -2528.669        -43.865    0.000  -0.085   0.234   0.
  2017 352 15 15  8 513 352.635515203       7.83     11.49      1.09  0.        3090.681      -2527.949        -40.611    0.000  -0.085   0.234   0.
  2017 352 15 15  9 513 352.635526777       8.85     12.07      1.02  0.        3092.637      -2527.227        -37.357    0.000  -0.085   0.234   0.
  2017 352 15 15 10 513 352.635538351       8.86     10.41      1.09  0.        3094.591      -2526.503        -34.103    0.000  -0.085   0.234   0.
  2017 352 15 15 11 513 352.635549925       9.12      9.44     -0.31  0.        3096.543      -2525.778        -30.848    0.000  -0.085   0.234   0.
  2017 352 15 15 12 513 352.635561499       8.76      9.78     -0.69  0.        3098.493      -2525.051        -27.594    0.000  -0.085   0.234   0.
  2017 352 15 15 13 513 352.635573073       7.47      9.37     -0.15  0.        3100.441      -2524.323        -24.340    0.000  -0.085   0.234   0.
  2017 352 15 15 14 513 352.635584647       7.60     11.18      0.02  0.        3102.387      -2523.592        -21.086    0.000  -0.085   0.234   0.
  2017 352 15 15 15 513 352.635596221       8.18     13.35      1.27  0.        3104.331      -2522.860        -17.832    0.000  -0.085   0.234   0.
  2017 352 15 15 16 513 352.635607795       7.81     12.78      1.61  0.        3106.272      -2522.127        -14.577    0.000  -0.085   0.234   0.
  2017 352 15 15 17 513 352.635619369       8.37     11.67      0.66  0.        3108.212      -2521.391        -11.323    0.000  -0.085   0.234   0.
  2017 352 15 15 18 513 352.635630940       8.57     12.96      1.14  0.        3110.149      -2520.654         -8.069    0.000  -0.085   0.235   0.
  2017 352 15 15 19 513 352.635642514       9.11     14.71      1.30  0.        3112.085      -2519.915         -4.815    0.000  -0.085   0.235   0.
  2017 352 15 15 20 513 352.635654089      10.47     15.32     -1.17  0.        3114.018      -2519.175         -1.561    0.000  -0.085   0.235   0.
  2017 352 15 15 21 513 352.635665663      10.59     15.45     -2.71  0.        3115.949      -2518.433          1.694    0.000  -0.085   0.235   0.
  2017 352 15 15 22 513 352.635677237      12.11     13.19     -2.04  0.        3117.879      -2517.689          4.948    0.000  -0.085   0.234   0.
  2017 352 15 15 23 513 352.635688811      10.79     11.73     -1.02  0.        3119.806      -2516.944          8.202    0.000  -0.085   0.234   0.
  2017 352 15 15 24 513 352.635700385       9.90     11.56      0.56  0.        3121.731      -2516.197         11.456    0.000  -0.085   0.234   0.
  2017 352 15 15 25 513 352.635711959       9.29     11.55      0.89  0.        3123.654      -2515.448         14.710    0.000  -0.085   0.234   0.
  2017 352 15 15 26 513 352.635723533       8.89     10.57      0.63  0.        3125.574      -2514.697         17.965    0.000  -0.085   0.235   0.
  2017 352 15 15 27 513 352.635735107       9.54      9.38      0.36  0.        3127.493      -2513.945         21.219    0.000  -0.085   0.235   0.
  2017 352 15 15 28 513 352.635746681       8.61      8.92     -0.48  0.        3129.410      -2513.191         24.473    0.000  -0.085   0.234   0.
  2017 352 15 15 29 513 352.635758255       7.87      9.26     -0.57  0.        3131.325      -2512.436         27.727    0.000  -0.085   0.234   0.
  2017 352 15 15 30 513 352.635769829       7.73      9.37     -0.61  0.        3133.237      -2511.679         30.981    0.000  -0.085   0.235   0.
  2017 352 15 15 31 513 352.635781403       7.58      9.31     -0.31  0.        3135.148      -2510.920         34.235    0.000  -0.085   0.235   0.
  2017 352 15 15 32 513 352.635792977       7.67      9.57     -0.56  0.        3137.056      -2510.160         37.489    0.000  -0.085   0.234   0.
  2017 352 15 15 33 513 352.635804552       7.88     10.48     -0.52  0.        3138.962      -2509.398         40.743    0.000  -0.085   0.234   0.
  2017 352 15 15 34 513 352.635816126       8.23     10.53     -0.94  0.        3140.866      -2508.634         43.997    0.000  -0.085   0.234   0.
  2017 352 15 15 35 513 352.635827700       7.49     11.77     -0.19  0.        3142.769      -2507.868         47.251    0.000  -0.085   0.234   0.
  2017 352 15 15 36 513 352.635839274       7.29     11.12     -0.38  0.        3144.669      -2507.101         50.505    0.000  -0.085   0.234   0.
  2017 352 15 15 37 513 352.635850848       6.66     11.12      0.21  0.        3146.567      -2506.333         53.759    0.000  -0.085   0.234   0.
  2017 352 15 15 38 513 352.635862422       8.00     11.36      0.16  0.        3148.463      -2505.562         57.013    0.000  -0.085   0.235   0.
  2017 352 15 15 39 513 352.635873996       8.72     11.81     -0.26  0.        3150.357      -2504.790         60.267    0.000  -0.085   0.235   0.
  2017 352 15 15 40 513 352.635885570       8.39     10.58     -0.57  0.        3152.248      -2504.016         63.520    0.000  -0.085   0.235   0.
  2017 352 15 15 41 513 352.635897144       8.11      8.12     -1.95  0.        3154.138      -2503.241         66.774    0.000  -0.085   0.235   0.
  2017 352 15 15 42 513 352.635908718       7.05      4.30     -3.49  0.        3156.026      -2502.464         70.028    0.000  -0.085   0.235   0.
  2017 352 15 15 43 513 352.635920292       7.14      4.26     -4.35  0.        3157.911      -2501.686         73.281    0.000  -0.085   0.235   0.
  2017 352 15 15 44 513 352.635931866       6.98      5.56     -4.76  0.        3159.795      -2500.905         76.535    0.000  -0.085   0.235   0.
  2017 352 15 15 45 513 352.635943440       7.01      8.54     -4.09  0.        3161.676      -2500.123         79.789    0.000  -0.085   0.235   0.
  2017 352 15 15 46 513 352.635955014       7.89     10.65     -3.68  0.        3163.556      -2499.340         83.042    0.000  -0.085   0.234   0.
  2017 352 15 15 47 513 352.635966588       8.72     13.66     -5.00  0.        3165.433      -2498.555         86.296    0.000  -0.085   0.234   0.
  2017 352 15 15 48 513 352.635978160      10.34     12.89     -6.75  0.        3167.308      -2497.768         89.549    0.000  -0.085   0.235   0.
  2017 352 15 15 49 513 352.635989734      10.54     10.46     -8.01  0.        3169.182      -2496.980         92.802    0.000  -0.085   0.235   0.
  2017 352 15 15 50 513 352.636001308       9.67     11.08     -3.80  0.        3171.053      -2496.189         96.055    0.000  -0.085   0.235   0.
  2017 352 15 15 51 513 352.636012882      10.68     11.53     -2.33  0.        3172.922      -2495.398         99.308    0.000  -0.085   0.235   0.
  2017 352 15 15 52 512 352.636024456      12.10     10.13     -1.30  0.        3174.789      -2494.604        102.562    0.000  -0.085   0.235   0.
  2017 352 15 15 53 512 352.636036030       9.30      4.93     -4.16  0.        3176.654      -2493.810        105.814    0.000  -0.085   0.235   0.
  2017 352 15 15 54 512 352.636047604       6.64      5.71     -4.84  0.        3178.517      -2493.013        109.067    0.000  -0.085   0.235   0.
  2017 352 15 15 55 512 352.636059178       6.66      5.80     -4.94  0.        3180.377      -2492.215        112.320    0.000  -0.085   0.235   0.
  2017 352 15 15 56 512 352.636070752       4.91      4.69     -5.22  0.        3182.236      -2491.415        115.573    0.000  -0.085   0.235   0.
  2017 352 15 15 57 513 352.636082326       3.20      3.38     -5.03  0.        3184.093      -2490.614        118.826    0.000  -0.085   0.235   0.
  2017 352 15 15 58 513 352.636093900       2.96      3.36     -0.17  0.        3185.947      -2489.811        122.078    0.000  -0.085   0.235   0.
  2017 352 15 15 59 512 352.636105475       5.40      4.92     -5.58  0.        3187.800      -2489.006        125.331    0.000  -0.085   0.235   0.
  2017 352 15 16  0 512 352.636117049       2.80      4.72     -5.40  0.        3189.650      -2488.200        128.583    0.000  -0.085   0.235   0.
  2017 352 15 16  1 513 352.636128623       6.10      8.04     -3.84  0.        3191.499      -2487.392        131.836    0.000  -0.085   0.235   0.
  2017 352 15 16  2 513 352.636140197       9.92     11.47     -3.19  0.        3193.345      -2486.583        135.088    0.000  -0.085   0.235   0.
  2017 352 15 16  3 513 352.636151771      12.67     14.06     -2.53  0.        3195.189      -2485.772        138.340    0.000  -0.085   0.235   0.
  2017 352 15 16  4 513 352.636163345       7.43     12.58     -0.89  0.        3197.031      -2484.959        141.592    0.000  -0.085   0.235   0.
  2017 352 15 16  5 513 352.636174919       6.23     11.62      1.65  0.        3198.872      -2484.145        144.844    0.000  -0.085   0.235   0.
  2017 352 15 16  6 512 352.636186493       6.27      8.53      4.08  0.        3200.710      -2483.329        148.096    0.000  -0.085   0.235   0.
  2017 352 15 16  7 512 352.636198067       8.07      7.55      2.70  0.        3202.546      -2482.511        151.348    0.000  -0.085   0.235   0.
  2017 352 15 16  8 512 352.636209641       8.27      9.42      0.45  0.        3204.380      -2481.692        154.600    0.000  -0.085   0.235   0.
  2017 352 15 16  9 512 352.636221215       8.44     10.72     -1.36  0.        3206.211      -2480.872        157.851    0.000  -0.085   0.235   0.
  2017 352 15 16 10 513 352.636232789       8.59     10.67     -3.94  0.        3208.041      -2480.050        161.103    0.000  -0.085   0.235   0.
  2017 352 15 16 11 513 352.636244363       8.16     11.25     -2.94  0.        3209.869      -2479.226        164.354    0.000  -0.085   0.235   0.
  2017 352 15 16 12 512 352.636255938       5.74      5.22     -1.36  0.        3211.695      -2478.400        167.605    0.000  -0.085   0.235   0.
  2017 352 15 16 13 512 352.636267512      11.33      7.60     -1.36  0.        3213.518      -2477.573        170.857    0.000  -0.085   0.235   0.
  2017 352 15 16 14 512 352.636279086      10.73      8.33     -1.82  0.        3215.340      -2476.745        174.108    0.000  -0.085   0.235   0.
  2017 352 15 16 15 513 352.636290659       6.14      8.14     -0.54  0.        3217.160      -2475.915        177.359    0.000  -0.085   0.235   0.
  2017 352 15 16 16 512 352.636302231       8.16     10.13      3.19  0.        3218.977      -2475.083        180.609    0.000  -0.086   0.235   0.
  2017 352 15 16 17 512 352.636313805       8.74      9.47      2.26  0.        3220.793      -2474.250        183.860    0.000  -0.086   0.235   0.
  2017 352 15 16 18 512 352.636325379       7.90      8.28     -1.13  0.        3222.606      -2473.415        187.111    0.000  -0.085   0.235   0.
  2017 352 15 16 19 512 352.636336953       7.92     10.12     -4.19  0.        3224.417      -2472.578        190.361    0.000  -0.085   0.235   0.
  2017 352 15 16 20 512 352.636348527      10.38      8.62     -6.80  0.        3226.227      -2471.740        193.611    0.000  -0.086   0.235   0.
  2017 352 15 16 21 512 352.636360101      10.64      7.79     -5.56  0.        3228.034      -2470.900        196.862    0.000  -0.086   0.235   0.
  2017 352 15 16 22 512 352.636371675       9.43      7.47     -4.02  0.        3229.839      -2470.059        200.112    0.000  -0.085   0.235   0.
  2017 352 15 16 23 512 352.636383249       8.40      8.30     -2.54  0.        3231.642      -2469.217        203.362    0.000  -0.085   0.235   0.
  2017 352 15 16 24 512 352.636394823       6.63      9.57     -2.34  0.        3233.443      -2468.372        206.611    0.000  -0.085   0.235   0.
  2017 352 15 16 25 512 352.636406398       6.81      8.11     -2.77  0.        3235.242      -2467.526        209.861    0.000  -0.085   0.235   0.
  2017 352 15 16 26 512 352.636417972       8.24     11.16     -2.32  0.        3237.039      -2466.679        213.111    0.000  -0.085   0.235   0.
  2017 352 15 16 27 512 352.636429546       8.23     12.65     -2.04  0.        3238.834      -2465.830        216.360    0.000  -0.085   0.235   0.
  2017 352 15 16 28 512 352.636441120       9.17     12.16     -2.59  0.        3240.627      -2464.979        219.609    0.000  -0.086   0.235   0.
  2017 352 15 16 29 512 352.636452694      10.74     10.90     -4.44  0.        3242.418      -2464.127        222.858    0.000  -0.086   0.235   0.
  2017 352 15 16 30 512 352.636464268      11.23      9.48     -6.19  0.        3244.207      -2463.273        226.107    0.000  -0.086   0.235   0.
  2017 352 15 16 31 512 352.636475842      11.09      7.89     -5.15  0.        3245.993      -2462.418        229.356    0.000  -0.086   0.235   0.
  2017 352 15 16 32 512 352.636487416      10.01      7.70     -4.33  0.        3247.778      -2461.561        232.605    0.000  -0.085   0.235   0.
  2017 352 15 16 33 512 352.636498990       7.78      6.10     -2.87  0.        3249.560      -2460.703        235.853    0.000  -0.085   0.235   0.
  2017 352 15 16 34 512 352.636510564       7.22      8.65     -1.82  0.        3251.341      -2459.843        239.102    0.000  -0.085   0.235   0.
  2017 352 15 16 35 512 352.636522138       6.05     10.17     -3.90  0.        3253.120      -2458.982        242.350    0.000  -0.085   0.235   0.
  2017 352 15 16 36 512 352.636533712       3.74     11.33     -5.51  0.        3254.896      -2458.119        245.598    0.000  -0.085   0.235   0.
  2017 352 15 16 37 512 352.636545286       8.46      4.07     -3.82  0.        3256.671      -2457.254        248.846    0.000  -0.085   0.235   0.
  2017 352 15 16 38 512 352.636556861      10.82      6.13     -2.48  0.        3258.443      -2456.388        252.093    0.000  -0.085   0.235   0.
  2017 352 15 16 39 512 352.636568435      13.46      7.86     -2.14  0.        3260.213      -2455.521        255.341    0.000  -0.085   0.235   0.
  2017 352 15 16 40 512 352.636580009      12.12      7.31     -0.95  0.        3261.982      -2454.651        258.589    0.000  -0.086   0.235   0.
  2017 352 15 16 41 512 352.636591583      11.99      7.35      0.52  0.        3263.748      -2453.781        261.836    0.000  -0.086   0.235   0.
  2017 352 15 16 42 512 352.636603157      10.59      5.21     -0.67  0.        3265.512      -2452.908        265.083    0.000  -0.086   0.235   0.
  2017 352 15 16 43 512 352.636614731       9.37      7.04     -1.07  0.        3267.274      -2452.035        268.330    0.000  -0.086   0.235   0.
  2017 352 15 16 44 512 352.636626305       9.66      7.84     -0.03  0.        3269.034      -2451.159        271.576    0.000  -0.085   0.235   0.
  2017 352 15 16 45 512 352.636637879      10.66      7.22     -1.76  0.        3270.792      -2450.283        274.823    0.000  -0.085   0.235   0.
  2017 352 15 16 46 512 352.636649450       9.89      6.77     -4.04  0.        3272.548      -2449.404        278.069    0.000  -0.085   0.235   0.
  2017 352 15 16 47 512 352.636661024       7.72      6.81     -5.00  0.        3274.302      -2448.524        281.316    0.000  -0.085   0.235   0.
  2017 352 15 16 48 512 352.636672598       6.49      8.72     -5.51  0.        3276.054      -2447.643        284.562    0.000  -0.086   0.235   0.
  2017 352 15 16 49 512 352.636684172       7.60      9.87     -6.16  0.        3277.804      -2446.760        287.808    0.000  -0.086   0.235   0.
  2017 352 15 16 50 512 352.636695747      10.72      9.07     -8.33  0.        3279.552      -2445.876        291.053    0.000  -0.086   0.235   0.
  2017 352 15 16 51 512 352.636707321      11.34      8.02     -7.87  0.        3281.298      -2444.990        294.299    0.000  -0.086   0.235   0.
  2017 352 15 16 52 512 352.636718895      10.57      5.91     -8.44  0.        3283.042      -2444.102        297.544    0.000  -0.085   0.235   0.
  2017 352 15 16 53 512 352.636730469       9.31      7.33     -6.46  0.        3284.784      -2443.213        300.789    0.000  -0.085   0.235   0.
  2017 352 15 16 54 512 352.636742043       8.96      7.62     -8.24  0.        3286.523      -2442.323        304.034    0.000  -0.086   0.235   0.
  2017 352 15 16 55 512 352.636753617       7.23      6.20     -8.13  0.        3288.261      -2441.431        307.279    0.000  -0.086   0.235   0.
  2017 352 15 16 56 512 352.636765191       9.90      7.69     -5.89  0.        3289.997      -2440.537        310.523    0.000  -0.086   0.235   0.
  2017 352 15 16 57 512 352.636776765      14.51      6.20     -4.56  0.        3291.730      -2439.642        313.767    0.000  -0.086   0.235   0.
  2017 352 15 16 58 512 352.636788339       5.18     -0.01     -1.24  0.        3293.462      -2438.746        317.012    0.000  -0.086   0.235   0.
  2017 352 15 16 59 512 352.636799913       3.73      4.28      0.21  0.        3295.192      -2437.848        320.256    0.000  -0.086   0.235   0.
  2017 352 15 17  0 512 352.636811487       5.64      6.63     -2.56  0.        3296.919      -2436.948        323.499    0.000  -0.086   0.235   0.
  2017 352 15 17  1 512 352.636823061       5.40     11.36     -0.02  0.        3298.645      -2436.047        326.743    0.000  -0.086   0.235   0.
  2017 352 15 17  2 512 352.636834635      11.94     10.08      0.78  0.        3300.368      -2435.144        329.986    0.000  -0.085   0.235   0.
  2017 352 15 17  3 512 352.636846210      11.31      9.37     -0.77  0.        3302.089      -2434.240        333.229    0.000  -0.085   0.235   0.
  2017 352 15 17  4 512 352.636857784      13.20      8.74     -1.62  0.        3303.809      -2433.335        336.472    0.000  -0.086   0.235   0.
  2017 352 15 17  5 512 352.636869358      12.14      7.08     -0.68  0.        3305.526      -2432.428        339.715    0.000  -0.086   0.235   0.
  2017 352 15 17  6 512 352.636880932      11.16      6.80     -0.62  0.        3307.242      -2431.519        342.957    0.000  -0.086   0.235   0.
  2017 352 15 17  7 512 352.636892506       7.50      8.39     -0.67  0.        3308.955      -2430.609        346.200    0.000  -0.086   0.235   0.
  2017 352 15 17  8 512 352.636904080       7.24      7.46     -2.83  0.        3310.666      -2429.698        349.442    0.000  -0.085   0.235   0.
  2017 352 15 17  9 512 352.636915654       5.75      8.84     -3.68  0.        3312.375      -2428.785        352.683    0.000  -0.085   0.235   0.
  2017 352 15 17 10 512 352.636927228       7.24     11.97     -3.09  0.        3314.083      -2427.870        355.925    0.000  -0.086   0.235   0.
  2017 352 15 17 11 512 352.636938802       9.63     11.12     -3.15  0.        3315.788      -2426.954        359.166    0.000  -0.086   0.235   0.
  2017 352 15 17 12 512 352.636950376       9.21     10.45     -2.09  0.        3317.491      -2426.037        362.408    0.000  -0.086   0.235   0.
  2017 352 15 17 13 512 352.636961950       9.79     13.83     -3.30  0.        3319.192      -2425.118        365.649    0.000  -0.086   0.235   0.
  2017 352 15 17 14 512 352.636973524       8.91     12.75     -9.13  0.        3320.891      -2424.198        368.889    0.000  -0.086   0.235   0.
  2017 352 15 17 15 512 352.636985095      15.48      7.93     -4.73  0.        3322.589      -2423.276        372.130    0.000  -0.086   0.235   0.
  2017 352 15 17 16 512 352.636996670      13.07      5.05     -0.90  0.        3324.284      -2422.352        375.370    0.000  -0.085   0.235   0.
  2017 352 15 17 17 512 352.637008244       8.82      5.58      0.10  0.        3325.977      -2421.428        378.610    0.000  -0.085   0.235   0.
  2017 352 15 17 18 512 352.637019818       7.29      6.14      0.38  0.        3327.668      -2420.501        381.850    0.000  -0.086   0.235   0.
  2017 352 15 17 19 512 352.637031392       5.92      7.28      0.37  0.        3329.357      -2419.573        385.089    0.000  -0.086   0.235   0.
  2017 352 15 17 20 512 352.637042966       5.61      7.90      0.42  0.        3331.044      -2418.644        388.329    0.000  -0.086   0.235   0.
  2017 352 15 17 21 512 352.637054540       5.25      8.35      0.82  0.        3332.729      -2417.714        391.568    0.000  -0.086   0.235   0.
  2017 352 15 17 22 512 352.637066114       5.54      9.72      0.38  0.        3334.412      -2416.782        394.807    0.000  -0.086   0.235   0.
  2017 352 15 17 23 512 352.637077688       5.09     10.16     -3.07  0.        3336.093      -2415.848        398.045    0.000  -0.086   0.235   0.
  2017 352 15 17 24 512 352.637089262       6.12     12.62     -5.87  0.        3337.772      -2414.913        401.284    0.000  -0.086   0.235   0.
  2017 352 15 17 25 512 352.637100836       4.44     16.38     -6.89  0.        3339.448      -2413.976        404.522    0.000  -0.086   0.235   0.
  2017 352 15 17 26 512 352.637112410       6.61     13.91     -7.96  0.        3341.123      -2413.038        407.759    0.000  -0.086   0.235   0.
  2017 352 15 17 27 512 352.637123984       5.74      6.71    -12.12  0.        3342.796      -2412.099        410.997    0.000  -0.086   0.235   0.
  2017 352 15 17 28 512 352.637135558       6.41      0.26    -11.05  0.        3344.467      -2411.158        414.234    0.000  -0.086   0.235   0.
  2017 352 15 17 29 512 352.637147133       5.71     -0.57     -4.71  0.        3346.136      -2410.216        417.472    0.000  -0.086   0.235   0.
  2017 352 15 17 30 512 352.637158707       3.00      2.01     -4.75  0.        3347.803      -2409.272        420.708    0.000  -0.086   0.235   0.
  2017 352 15 17 31 512 352.637170281       6.22      2.96     -1.76  0.        3349.468      -2408.327        423.945    0.000  -0.086   0.235   0.
  2017 352 15 17 32 512 352.637181855       6.59      1.03     -1.64  0.        3351.130      -2407.380        427.181    0.000  -0.086   0.235   0.
  2017 352 15 17 33 512 352.637193429       6.14      3.31     -2.08  0.        3352.791      -2406.432        430.417    0.000  -0.086   0.235   0.
  2017 352 15 17 34 512 352.637205003       8.87      3.11     -3.78  0.        3354.450      -2405.482        433.653    0.000  -0.086   0.235   0.
  2017 352 15 17 35 512 352.637216577       5.03      4.21     -3.96  0.        3356.107      -2404.531        436.889    0.000  -0.086   0.235   0.
  2017 352 15 17 36 512 352.637228151       6.40      7.70     -4.70  0.        3357.761      -2403.579        440.124    0.000  -0.086   0.235   0.
  2017 352 15 17 37 512 352.637239725       5.90      5.81     -6.30  0.        3359.414      -2402.625        443.359    0.000  -0.086   0.235   0.
  2017 352 15 17 38 512 352.637251299       6.72      6.72     -4.26  0.        3361.065      -2401.669        446.594    0.000  -0.086   0.235   0.
  2017 352 15 17 39 512 352.637262873       3.65      3.95     -3.82  0.        3362.714      -2400.713        449.828    0.000  -0.086   0.235   0.
  2017 352 15 17 40 512 352.637274447       5.54      6.15     -2.19  0.        3364.360      -2399.754        453.062    0.000  -0.086   0.235   0.
  2017 352 15 17 41 512 352.637286021       5.84      7.43     -1.28  0.        3366.005      -2398.795        456.296    0.000  -0.086   0.235   0.
  2017 352 15 17 42 512 352.637297595       5.78      8.13     -2.21  0.        3367.648      -2397.834        459.530    0.000  -0.086   0.235   0.
  2017 352 15 17 43 512 352.637309169       4.59      8.93     -1.37  0.        3369.289      -2396.871        462.763    0.000  -0.086   0.235   0.
  2017 352 15 17 44 512 352.637320741       6.48     12.53     -4.35  0.        3370.927      -2395.907        465.996    0.000  -0.086   0.235   0.
  2017 352 15 17 45 512 352.637332317      10.04     13.12     -7.07  0.        3372.564      -2394.942        469.229    0.000  -0.086   0.235   0.
  2017 352 15 17 46 512 352.637343889      12.87     13.33    -10.85  0.        3374.199      -2393.975        472.462    0.000  -0.086   0.235   0.
  2017 352 15 17 47 512 352.637355463      14.02     11.44    -13.34  0.        3375.832      -2393.007        475.694    0.000  -0.086   0.235   0.
  2017 352 15 17 48 511 352.637367037      12.03      4.58    -10.08  0.        3377.462      -2392.037        478.925    0.000  -0.086   0.235   0.
  2017 352 15 17 49 511 352.637378611       7.70      3.21     -8.07  0.        3379.091      -2391.066        482.158    0.000  -0.086   0.235   0.
  2017 352 15 17 50 511 352.637390185       5.32      3.81     -3.93  0.        3380.718      -2390.094        485.389    0.000  -0.086   0.235   0.
  2017 352 15 17 51 511 352.637401759       4.41      7.39     -3.77  0.        3382.342      -2389.120        488.620    0.000  -0.086   0.235   0.
  2017 352 15 17 52 511 352.637413333       0.91      8.15     -5.77  0.        3383.965      -2388.145        491.851    0.000  -0.086   0.235   0.
  2017 352 15 17 53 512 352.637424907      -0.82      9.90      0.42  0.        3385.586      -2387.168        495.081    0.000  -0.086   0.235   0.
  2017 352 15 17 54 512 352.637436482       0.93     12.55     -2.37  0.        3387.204      -2386.190        498.311    0.000  -0.086   0.235   0.
  2017 352 15 17 55 511 352.637448056       6.52      8.27     -4.79  0.        3388.821      -2385.211        501.541    0.000  -0.086   0.235   0.
  2017 352 15 17 56 511 352.637459630       6.28      4.72     -5.35  0.        3390.436      -2384.230        504.771    0.000  -0.086   0.235   0.
  2017 352 15 17 57 512 352.637471204       8.52      5.27     -3.72  0.        3392.048      -2383.248        508.000    0.000  -0.086   0.235   0.
  2017 352 15 17 58 512 352.637482778      10.81      6.26     -1.35  0.        3393.659      -2382.264        511.229    0.000  -0.086   0.235   0.
  2017 352 15 17 59 512 352.637494352      10.83      5.12     -3.38  0.        3395.268      -2381.279        514.458    0.000  -0.086   0.235   0.
  2017 352 15 18  0 512 352.637505926       7.06      1.78     -0.67  0.        3396.874      -2380.292        517.686    0.000  -0.086   0.235   0.
  2017 352 15 18  1 512 352.637517500       5.35      1.92     -2.47  0.        3398.479      -2379.304        520.914    0.000  -0.086   0.235   0.
  2017 352 15 18  2 511 352.637529074       9.27      7.10     -3.01  0.        3400.082      -2378.315        524.142    0.000  -0.086   0.235   0.
  2017 352 15 18  3 511 352.637540648       6.45      4.11     -3.09  0.        3401.683      -2377.325        527.370    0.000  -0.086   0.235   0.
  2017 352 15 18  4 511 352.637552222       7.86      5.06     -2.62  0.        3403.281      -2376.332        530.597    0.000  -0.086   0.235   0.
  2017 352 15 18  5 511 352.637563796       9.02      4.01      0.11  0.        3404.878      -2375.339        533.823    0.000  -0.086   0.235   0.
  2017 352 15 18  6 512 352.637575370       8.08      5.03      2.26  0.        3406.473      -2374.344        537.050    0.000  -0.086   0.235   0.
  2017 352 15 18  7 512 352.637586944       8.13      6.22     -3.11  0.        3408.066      -2373.348        540.276    0.000  -0.086   0.235   0.
  2017 352 15 18  8 511 352.637598518       9.33      7.36     -4.17  0.        3409.656      -2372.350        543.502    0.000  -0.086   0.235   0.
  2017 352 15 18  9 511 352.637610093      11.91      9.20     -5.33  0.        3411.245      -2371.351        546.728    0.000  -0.086   0.235   0.
  2017 352 15 18 10 512 352.637621667      13.03      7.34     -6.24  0.        3412.832      -2370.351        549.953    0.000  -0.086   0.235   0.
  2017 352 15 18 11 512 352.637633241      11.67      1.32     -3.56  0.        3414.417      -2369.349        553.178    0.000  -0.086   0.235   0.
  2017 352 15 18 12 512 352.637644815       7.27      2.49     -5.26  0.        3416.000      -2368.346        556.402    0.000  -0.086   0.235   0.
  2017 352 15 18 13 512 352.637656389       7.66      5.21     -4.41  0.        3417.581      -2367.342        559.626    0.000  -0.086   0.235   0.
  2017 352 15 18 14 512 352.637667963       7.38      4.31     -4.02  0.        3419.159      -2366.336        562.850    0.000  -0.086   0.235   0.
  2017 352 15 18 15 511 352.637679537       4.86      8.01     -3.52  0.        3420.736      -2365.329        566.074    0.000  -0.086   0.235   0.
  2017 352 15 18 16 511 352.637691108       6.39      5.75     -1.97  0.        3422.311      -2364.320        569.297    0.000  -0.086   0.235   0.
  2017 352 15 18 17 511 352.637702682       7.20      3.19     -1.34  0.        3423.884      -2363.310        572.520    0.000  -0.086   0.235   0.
  2017 352 15 18 18 511 352.637714256       7.97      6.07     -0.44  0.        3425.455      -2362.299        575.743    0.000  -0.086   0.235   0.
  2017 352 15 18 19 511 352.637725830       6.84      4.94      0.98  0.        3427.024      -2361.286        578.965    0.000  -0.086   0.235   0.
  2017 352 15 18 20 511 352.637737404       4.60      2.96      1.41  0.        3428.591      -2360.272        582.187    0.000  -0.086   0.235   0.
  2017 352 15 18 21 511 352.637748979       5.71      3.77      1.27  0.        3430.156      -2359.256        585.409    0.000  -0.086   0.235   0.
  2017 352 15 18 22 511 352.637760553       5.40      6.17      1.32  0.        3431.719      -2358.240        588.630    0.000  -0.086   0.235   0.
  2017 352 15 18 23 511 352.637772127       5.34      5.87      0.57  0.        3433.280      -2357.222        591.851    0.000  -0.086   0.235   0.
  2017 352 15 18 24 511 352.637783701       5.66      4.70     -0.50  0.        3434.839      -2356.202        595.071    0.000  -0.086   0.235   0.
  2017 352 15 18 25 511 352.637795275       4.82      4.78     -0.78  0.        3436.396      -2355.181        598.291    0.000  -0.086   0.235   0.
  2017 352 15 18 26 511 352.637806849       5.16      4.75     -0.56  0.        3437.952      -2354.159        601.511    0.000  -0.086   0.235   0.
  2017 352 15 18 27 511 352.637818423       6.07      4.41     -0.90  0.        3439.505      -2353.135        604.731    0.000  -0.086   0.235   0.
  2017 352 15 18 28 511 352.637829997       6.05      4.03     -2.92  0.        3441.056      -2352.111        607.950    0.000  -0.086   0.235   0.
  2017 352 15 18 29 511 352.637841571       6.20      3.87     -4.82  0.        3442.605      -2351.084        611.169    0.000  -0.086   0.235   0.
  2017 352 15 18 30 511 352.637853145       4.53      2.11     -5.08  0.        3444.152      -2350.057        614.387    0.000  -0.086   0.235   0.
  2017 352 15 18 31 511 352.637864719       2.51      4.06     -3.16  0.        3445.698      -2349.028        617.605    0.000  -0.086   0.235   0.
  2017 352 15 18 32 511 352.637876293       3.54      4.09     -3.42  0.        3447.241      -2347.997        620.823    0.000  -0.086   0.235   0.
  2017 352 15 18 33 511 352.637887867       5.12      6.36     -3.09  0.        3448.782      -2346.966        624.040    0.000  -0.086   0.235   0.
  2017 352 15 18 34 511 352.637899442       6.64      5.61     -1.60  0.        3450.321      -2345.933        627.257    0.000  -0.086   0.235   0.
  2017 352 15 18 35 511 352.637911016       6.06      4.81     -2.61  0.        3451.859      -2344.898        630.474    0.000  -0.086   0.235   0.
  2017 352 15 18 36 511 352.637922590       4.78      4.43     -4.67  0.        3453.394      -2343.863        633.690    0.000  -0.086   0.235   0.
  2017 352 15 18 37 511 352.637934164       3.93      3.53     -5.33  0.        3454.928      -2342.826        636.906    0.000  -0.086   0.235   0.
  2017 352 15 18 38 511 352.637945738       2.53      4.41     -5.20  0.        3456.459      -2341.788        640.122    0.000  -0.086   0.235   0.
  2017 352 15 18 39 511 352.637957312       1.13      6.42     -4.15  0.        3457.989      -2340.748        643.337    0.000  -0.086   0.235   0.
  2017 352 15 18 40 511 352.637968886      -0.65     12.14     -1.51  0.        3459.516      -2339.707        646.552    0.000  -0.086   0.235   0.
  2017 352 15 18 41 511 352.637980460       5.85     12.09     -2.58  0.        3461.042      -2338.665        649.766    0.000  -0.086   0.235   0.
  2017 352 15 18 42 511 352.637992034       8.24      6.07     -4.84  0.        3462.566      -2337.621        652.980    0.000  -0.086   0.235   0.
  2017 352 15 18 43 511 352.638003608       7.98      6.18     -3.44  0.        3464.087      -2336.576        656.194    0.000  -0.086   0.235   0.
  2017 352 15 18 44 511 352.638015179       5.62      7.64     -1.64  0.        3465.607      -2335.530        659.407    0.000  -0.086   0.235   0.
  2017 352 15 18 45 511 352.638026753       2.76      5.77     -0.05  0.        3467.125      -2334.482        662.620    0.000  -0.086   0.235   0.
  2017 352 15 18 46 511 352.638038328       4.19      5.75     -0.07  0.        3468.640      -2333.433        665.833    0.000  -0.086   0.236   0.
  2017 352 15 18 47 511 352.638049902       3.99      3.73     -0.42  0.        3470.154      -2332.383        669.045    0.000  -0.086   0.236   0.
  2017 352 15 18 48 511 352.638061476       2.97      1.84      4.34  0.        3471.666      -2331.332        672.257    0.000  -0.086   0.236   0.
  2017 352 15 18 49 511 352.638073050       6.31      4.50      1.65  0.        3473.176      -2330.279        675.468    0.000  -0.086   0.236   0.
  2017 352 15 18 50 511 352.638084624       5.59      3.24      2.07  0.        3474.684      -2329.225        678.679    0.000  -0.086   0.236   0.
  2017 352 15 18 51 511 352.638096198       5.51      2.77      1.54  0.        3476.190      -2328.170        681.890    0.000  -0.086   0.236   0.
  2017 352 15 18 52 511 352.638107772       7.19      3.94      0.14  0.        3477.694      -2327.112        685.100    0.000  -0.086   0.236   0.
  2017 352 15 18 53 511 352.638119346       5.35      3.11      0.15  0.        3479.196      -2326.054        688.310    0.000  -0.086   0.236   0.
  2017 352 15 18 54 511 352.638130920       3.17      7.02      0.89  0.        3480.696      -2324.995        691.519    0.000  -0.086   0.237   0.
  2017 352 15 18 55 511 352.638142494       4.68      8.69      2.35  0.        3482.194      -2323.934        694.729    0.000  -0.086   0.237   0.
  2017 352 15 18 56 511 352.638154068       4.50      9.12      2.02  0.        3483.691      -2322.872        697.937    0.000  -0.086   0.237   0.
  2017 352 15 18 57 511 352.638165642       2.22      8.57      3.15  0.        3485.185      -2321.809        701.146    0.000  -0.086   0.237   0.
  2017 352 15 18 58 511 352.638177216       2.41      9.15      2.10  0.        3486.677      -2320.744        704.353    0.000  -0.086   0.237   0.
  2017 352 15 18 59 511 352.638188791       2.62      9.24      1.37  0.        3488.168      -2319.679        707.561    0.000  -0.086   0.237   0.
  2017 352 15 19  0 511 352.638200365       4.96     10.57      3.64  0.        3489.656      -2318.611        710.768    0.000  -0.086   0.237   0.
  2017 352 15 19  1 511 352.638211939       7.89      7.16      4.14  0.        3491.142      -2317.543        713.975    0.000  -0.086   0.237   0.
  2017 352 15 19  2 511 352.638223513       9.14      8.89      2.04  0.        3492.627      -2316.473        717.181    0.000  -0.086   0.237   0.
  2017 352 15 19  3 511 352.638235087       7.71      7.97     -3.74  0.        3494.110      -2315.402        720.387    0.000  -0.086   0.237   0.
  2017 352 15 19  4 511 352.638246661       9.67      6.01     -2.44  0.        3495.590      -2314.330        723.593    0.000  -0.086   0.237   0.
  2017 352 15 19  5 511 352.638258235       9.15      4.19      0.58  0.        3497.069      -2313.256        726.798    0.000  -0.086   0.237   0.
  2017 352 15 19  6 511 352.638269809       7.18      3.29     -0.49  0.        3498.546      -2312.181        730.002    0.000  -0.086   0.238   0.
  2017 352 15 19  7 511 352.638281383       5.00      3.55     -0.47  0.        3500.020      -2311.105        733.207    0.000  -0.086   0.238   0.
  2017 352 15 19  8 511 352.638292957       3.02      4.84      0.70  0.        3501.493      -2310.027        736.410    0.000  -0.087   0.238   0.
  2017 352 15 19  9 511 352.638304531      -0.49      4.14      2.89  0.        3502.964      -2308.949        739.614    0.000  -0.087   0.238   0.
  2017 352 15 19 10 511 352.638316105      -3.34      2.16      6.23  0.        3504.433      -2307.869        742.817    0.000  -0.087   0.239   0.
  2017 352 15 19 11 511 352.638327679      -4.49      3.15      5.80  0.        3505.900      -2306.787        746.019    0.000  -0.087   0.239   0.
  2017 352 15 19 12 511 352.638339253      -1.58      1.15     10.62  0.        3507.365      -2305.705        749.222    0.000  -0.087   0.239   0.
  2017 352 15 19 13 511 352.638350827       0.97      4.26     17.32  0.        3508.829      -2304.621        752.423    0.000  -0.087   0.239   0.
  2017 352 15 19 14 511 352.638362399       4.75      3.25     12.69  0.        3510.290      -2303.536        755.625    0.000  -0.087   0.240   0.
  2017 352 15 19 15 511 352.638373973       1.85      3.08      7.30  0.        3511.749      -2302.449        758.826    0.000  -0.087   0.240   0.
  2017 352 15 19 16 511 352.638385547      -2.20      4.63      7.33  0.        3513.206      -2301.362        762.026    0.000  -0.087   0.240   0.
  2017 352 15 19 17 511 352.638397121      -5.49     10.83      2.67  0.        3514.662      -2300.273        765.226    0.000  -0.087   0.240   0.
  2017 352 15 19 18 511 352.638408695      -7.63      9.61      2.87  0.        3516.115      -2299.182        768.426    0.000  -0.087   0.240   0.
  2017 352 15 19 19 511 352.638420269      -5.31      6.85     -1.82  0.        3517.567      -2298.091        771.625    0.000  -0.087   0.240   0.
  2017 352 15 19 20 511 352.638431843      -2.28      3.25     -4.90  0.        3519.016      -2296.998        774.824    0.000  -0.088   0.241   0.
  2017 352 15 19 21 511 352.638443417       3.41      0.30     -6.91  0.        3520.464      -2295.904        778.023    0.000  -0.088   0.241   0.
  2017 352 15 19 22 511 352.638454991       3.10      1.75     -6.93  0.        3521.910      -2294.809        781.220    0.000  -0.088   0.241   0.
  2017 352 15 19 23 511 352.638466565       5.09      0.49     -7.06  0.        3523.354      -2293.713        784.418    0.000  -0.088   0.241   0.
  2017 352 15 19 24 511 352.638478139       5.32      2.23     -5.26  0.        3524.795      -2292.615        787.615    0.000  -0.088   0.242   0.
  2017 352 15 19 25 511 352.638489714       5.42     -0.36     -7.58  0.        3526.235      -2291.516        790.812    0.000  -0.088   0.242   0.
  2017 352 15 19 26 511 352.638501288       5.53      3.52     -4.59  0.        3527.674      -2290.415        794.008    0.000  -0.088   0.242   0.
  2017 352 15 19 27 511 352.638512862       5.15      4.74     -1.49  0.        3529.110      -2289.314        797.204    0.000  -0.088   0.242   0.
  2017 352 15 19 28 511 352.638524436       2.17      7.05      0.72  0.        3530.544      -2288.211        800.399    0.000  -0.088   0.243   0.
  2017 352 15 19 29 511 352.638536010      -0.70      8.82      3.98  0.        3531.976      -2287.107        803.594    0.000  -0.088   0.243   0.
  2017 352 15 19 30 511 352.638547584      -5.36      6.68      3.03  0.        3533.406      -2286.002        806.788    0.000  -0.089   0.243   0.
  2017 352 15 19 31 511 352.638559158      -2.66      4.84      0.37  0.        3534.835      -2284.895        809.982    0.000  -0.089   0.243   0.
  2017 352 15 19 32 511 352.638570732      -1.61      4.69      0.55  0.        3536.261      -2283.788        813.176    0.000  -0.089   0.244   0.
  2017 352 15 19 33 511 352.638582306       1.04      2.62     -6.76  0.        3537.686      -2282.679        816.369    0.000  -0.089   0.244   0.
  2017 352 15 19 34 511 352.638593880       3.55      4.46     -7.55  0.        3539.109      -2281.568        819.562    0.000  -0.089   0.244   0.
  2017 352 15 19 35 511 352.638605454       7.19      1.91     -9.62  0.        3540.529      -2280.457        822.754    0.000  -0.089   0.244   0.
  2017 352 15 19 36 511 352.638617028       5.12      2.63     -9.49  0.        3541.948      -2279.344        825.946    0.000  -0.089   0.245   0.
  2017 352 15 19 37 511 352.638628602       5.89      3.43     -1.35  0.        3543.365      -2278.230        829.137    0.000  -0.089   0.245   0.
  2017 352 15 19 38 511 352.638640177       6.88      4.30      3.10  0.        3544.780      -2277.115        832.328    0.000  -0.089   0.246   0.
  2017 352 15 19 39 511 352.638651751       5.20      3.78     -0.23  0.        3546.193      -2275.999        835.519    0.000  -0.089   0.246   0.
  2017 352 15 19 40 511 352.638663325       2.18      3.57      0.35  0.        3547.604      -2274.881        838.708    0.000  -0.090   0.246   0.
  2017 352 15 19 41 511 352.638674899      -1.24      5.74      5.82  0.        3549.013      -2273.762        841.898    0.000  -0.090   0.246   0.
  2017 352 15 19 42 511 352.638686473       1.10      3.83      2.31  0.        3550.421      -2272.642        845.087    0.000  -0.090   0.247   0.
  2017 352 15 19 43 511 352.638698046       5.74      2.87      1.11  0.        3551.826      -2271.521        848.276    0.000  -0.090   0.247   0.
  2017 352 15 19 44 510 352.638709618       4.69      4.04      1.22  0.        3553.230      -2270.398        851.464    0.000  -0.090   0.248   0.
  2017 352 15 19 45 510 352.638721192       2.14      5.29      0.59  0.        3554.631      -2269.275        854.651    0.000  -0.090   0.248   0.
  2017 352 15 19 46 510 352.638732766      -1.53     10.77      1.96  0.        3556.031      -2268.150        857.839    0.000  -0.090   0.248   0.
  2017 352 15 19 47 510 352.638744340      -0.73      6.47     -1.08  0.        3557.428      -2267.024        861.025    0.000  -0.090   0.248   0.
  2017 352 15 19 48 510 352.638755914       4.49      1.00     -6.17  0.        3558.824      -2265.896        864.212    0.000  -0.091   0.249   0.
  2017 352 15 19 49 511 352.638767488      10.00     -1.62     -7.28  0.        3560.218      -2264.768        867.397    0.000  -0.091   0.249   0.
  2017 352 15 19 50 511 352.638779063       6.98     -2.64     -5.39  0.        3561.610      -2263.638        870.583    0.000  -0.091   0.249   0.
  2017 352 15 19 51 510 352.638790637       8.70     -0.05     -1.86  0.        3563.000      -2262.507        873.768    0.000  -0.091   0.249   0.
  2017 352 15 19 52 510 352.638802211       6.45      3.27      0.29  0.        3564.389      -2261.374        876.952    0.000  -0.091   0.250   0.
  2017 352 15 19 53 511 352.638813785       4.75      4.58      1.63  0.        3565.775      -2260.241        880.136    0.000  -0.091   0.250   0.
  2017 352 15 19 54 511 352.638825359       2.47      3.50      2.78  0.        3567.159      -2259.106        883.319    0.000  -0.091   0.251   0.
  2017 352 15 19 55 511 352.638836933       0.85      3.36      2.35  0.        3568.542      -2257.971        886.502    0.000  -0.091   0.251   0.
  2017 352 15 19 56 511 352.638848507      -0.12      5.63      2.33  0.        3569.922      -2256.833        889.685    0.000  -0.091   0.251   0.
  2017 352 15 19 57 510 352.638860081      -0.00      6.21      0.05  0.        3571.301      -2255.695        892.867    0.000  -0.091   0.251   0.
  2017 352 15 19 58 510 352.638871655      -2.90      9.26      0.04  0.        3572.677      -2254.556        896.048    0.000  -0.092   0.252   0.
  2017 352 15 19 59 510 352.638883229      -5.62     12.31      5.05  0.        3574.053      -2253.415        899.230    0.000  -0.092   0.252   0.
  2017 352 15 20  0 510 352.638894803      -1.37      8.05     -0.10  0.        3575.426      -2252.273        902.410    0.000  -0.092   0.253   0.
  2017 352 15 20  1 510 352.638906377       6.29      0.16     -8.37  0.        3576.797      -2251.130        905.590    0.000  -0.092   0.253   0.
  2017 352 15 20  2 511 352.638917951       7.40     -0.13    -10.02  0.        3578.166      -2249.986        908.770    0.000  -0.092   0.253   0.
  2017 352 15 20  3 511 352.638929525       4.84      5.18     -8.26  0.        3579.533      -2248.841        911.949    0.000  -0.092   0.253   0.
  2017 352 15 20  4 510 352.638941100       3.29      5.04     -4.62  0.        3580.899      -2247.694        915.128    0.000  -0.092   0.254   0.
  2017 352 15 20  5 510 352.638952674       1.19      2.64      2.22  0.        3582.262      -2246.546        918.306    0.000  -0.092   0.254   0.
  2017 352 15 20  6 511 352.638964248       2.98      0.55     -0.35  0.        3583.624      -2245.397        921.483    0.000  -0.093   0.255   0.
  2017 352 15 20  7 511 352.638975822       3.28      0.09     -3.45  0.        3584.984      -2244.247        924.661    0.000  -0.093   0.255   0.
  2017 352 15 20  8 511 352.638987396       3.32      2.33     -1.36  0.        3586.342      -2243.096        927.837    0.000  -0.093   0.255   0.
  2017 352 15 20  9 511 352.638998970      -0.00      3.02     -0.35  0.        3587.697      -2241.943        931.013    0.000  -0.093   0.255   0.
  2017 352 15 20 10 511 352.639010544      -0.50      4.13      1.39  0.        3589.051      -2240.789        934.189    0.000  -0.093   0.256   0.
  2017 352 15 20 11 510 352.639022118      -2.11      6.14      2.55  0.        3590.404      -2239.634        937.364    0.000  -0.093   0.256   0.
  2017 352 15 20 12 510 352.639033689      -3.56      6.31      0.29  0.        3591.754      -2238.478        940.539    0.000  -0.093   0.256   0.
  2017 352 15 20 13 510 352.639045263      -2.72      7.33     -4.35  0.        3593.102      -2237.321        943.713    0.000  -0.093   0.256   0.
  2017 352 15 20 14 510 352.639056837       0.68      9.02     -4.76  0.        3594.449      -2236.163        946.887    0.000  -0.094   0.257   0.
  2017 352 15 20 15 510 352.639068411       0.69     10.13     -5.41  0.        3595.794      -2235.003        950.060    0.000  -0.094   0.257   0.
  2017 352 15 20 16 510 352.639079986       1.68      6.39      1.22  0.        3597.136      -2233.842        953.233    0.000  -0.094   0.257   0.
  2017 352 15 20 17 510 352.639091560      -0.12      7.51      8.98  0.        3598.477      -2232.680        956.405    0.000  -0.094   0.257   0.
  2017 352 15 20 18 510 352.639103134       0.85     12.30      5.77  0.        3599.816      -2231.517        959.577    0.000  -0.094   0.258   0.
  2017 352 15 20 19 510 352.639114708       4.23     10.51     -2.92  0.        3601.153      -2230.353        962.748    0.000  -0.094   0.258   0.
  2017 352 15 20 20 510 352.639126282       6.39      7.45     -3.84  0.        3602.488      -2229.187        965.918    0.000  -0.094   0.259   0.
  2017 352 15 20 21 510 352.639137856       5.18      4.97     -5.07  0.        3603.822      -2228.021        969.089    0.000  -0.094   0.259   0.
  2017 352 15 20 22 510 352.639149430       2.44      5.09     -3.72  0.        3605.153      -2226.853        972.258    0.000  -0.094   0.259   0.
  2017 352 15 20 23 510 352.639161004       4.83      4.49     -2.32  0.        3606.483      -2225.684        975.427    0.000  -0.094   0.259   0.
  2017 352 15 20 24 510 352.639172578       3.41      0.73     -2.10  0.        3607.810      -2224.514        978.596    0.000  -0.095   0.260   0.
  2017 352 15 20 25 510 352.639184152       4.08      0.83     -1.42  0.        3609.136      -2223.343        981.764    0.000  -0.095   0.260   0.
  2017 352 15 20 26 510 352.639195726       2.89      4.05      2.07  0.        3610.460      -2222.170        984.932    0.000  -0.095   0.260   0.
  2017 352 15 20 27 510 352.639207300      -0.64      5.69      2.30  0.        3611.782      -2220.997        988.099    0.000  -0.095   0.260   0.
  2017 352 15 20 28 510 352.639218874      -1.34      6.87      2.60  0.        3613.102      -2219.822        991.265    0.000  -0.095   0.261   0.
  2017 352 15 20 29 510 352.639230448      -4.10      8.65      1.19  0.        3614.421      -2218.646        994.432    0.000  -0.095   0.261   0.
  2017 352 15 20 30 510 352.639242023      -4.22     10.97      0.02  0.        3615.737      -2217.469        997.597    0.000  -0.095   0.262   0.
  2017 352 15 20 31 510 352.639253597      -0.92      8.21     -1.89  0.        3617.052      -2216.291       1000.762    0.000  -0.095   0.262   0.
  2017 352 15 20 32 510 352.639265171       4.58      1.53     -6.43  0.        3618.365      -2215.112       1003.927    0.000  -0.096   0.263   0.
  2017 352 15 20 33 510 352.639276745       2.59     -1.30     -2.46  0.        3619.675      -2213.931       1007.091    0.000  -0.096   0.263   0.
  2017 352 15 20 34 510 352.639288319       3.81     -1.95     -0.34  0.        3620.984      -2212.750       1010.254    0.000  -0.096   0.263   0.
  2017 352 15 20 35 510 352.639299893       2.27      1.76      1.09  0.        3622.291      -2211.567       1013.417    0.000  -0.096   0.263   0.
  2017 352 15 20 36 510 352.639311467      -0.72      5.22      6.76  0.        3623.596      -2210.383       1016.579    0.000  -0.096   0.264   0.
  2017 352 15 20 37 510 352.639323041      -4.31      8.99      7.25  0.        3624.900      -2209.198       1019.741    0.000  -0.096   0.264   0.
  2017 352 15 20 38 510 352.639334615      -4.51      7.02      2.38  0.        3626.201      -2208.012       1022.903    0.000  -0.096   0.264   0.
  2017 352 15 20 39 510 352.639346189      -0.53      2.56      0.54  0.        3627.501      -2206.825       1026.063    0.000  -0.096   0.264   0.
  2017 352 15 20 40 510 352.639357763       1.47     -0.28     -1.17  0.        3628.799      -2205.637       1029.224    0.000  -0.096   0.265   0.
  2017 352 15 20 41 510 352.639369337       2.57      1.71     -2.66  0.        3630.095      -2204.447       1032.383    0.000  -0.096   0.265   0.
  2017 352 15 20 42 510 352.639380909      -0.46      4.61     -0.86  0.        3631.389      -2203.256       1035.543    0.000  -0.097   0.266   0.
  2017 352 15 20 43 510 352.639392483      -2.72      4.83      1.54  0.        3632.681      -2202.065       1038.701    0.000  -0.097   0.266   0.
  2017 352 15 20 44 510 352.639404057      -3.14      3.27      2.41  0.        3633.971      -2200.872       1041.859    0.000  -0.097   0.266   0.
  2017 352 15 20 45 510 352.639415631      -3.36      1.71      5.46  0.        3635.259      -2199.678       1045.017    0.000  -0.097   0.266   0.
  2017 352 15 20 46 510 352.639427205      -5.35      2.71     -3.01  0.        3636.546      -2198.482       1048.174    0.000  -0.097   0.267   0.
  2017 352 15 20 47 510 352.639438779      -3.50     -0.92     -5.41  0.        3637.831      -2197.286       1051.331    0.000  -0.097   0.267   0.
  2017 352 15 20 48 510 352.639450353      -1.78      0.06     -4.38  0.        3639.114      -2196.089       1054.487    0.000  -0.097   0.267   0.
  2017 352 15 20 49 510 352.639461927      -3.24      1.08     -3.06  0.        3640.395      -2194.890       1057.642    0.000  -0.097   0.267   0.
  2017 352 15 20 50 510 352.639473501      -1.83      0.54     -0.14  0.        3641.674      -2193.690       1060.797    0.000  -0.098   0.268   0.
  2017 352 15 20 51 510 352.639485075      -0.80      1.55      0.55  0.        3642.951      -2192.490       1063.951    0.000  -0.098   0.268   0.
  2017 352 15 20 52 510 352.639496649       0.66      3.04     -1.04  0.        3644.227      -2191.288       1067.105    0.000  -0.098   0.269   0.
  2017 352 15 20 53 510 352.639508223       2.62      1.87     -6.23  0.        3645.500      -2190.085       1070.259    0.000  -0.098   0.269   0.
  2017 352 15 20 54 510 352.639519798       1.54      4.55     -3.41  0.        3646.772      -2188.881       1073.411    0.000  -0.098   0.269   0.
  2017 352 15 20 55 510 352.639531372      -0.40      6.12     -2.13  0.        3648.042      -2187.676       1076.564    0.000  -0.098   0.269   0.
  2017 352 15 20 56 510 352.639542946      -1.10      5.25      2.01  0.        3649.310      -2186.469       1079.715    0.000  -0.098   0.270   0.
  2017 352 15 20 57 510 352.639554520      -1.07      6.22      0.71  0.        3650.576      -2185.262       1082.866    0.000  -0.098   0.270   0.
  2017 352 15 20 58 510 352.639566094      -1.82      3.26     -0.86  0.        3651.841      -2184.054       1086.017    0.000  -0.098   0.270   0.
  2017 352 15 20 59 510 352.639577668       0.40      1.50     -0.67  0.        3653.103      -2182.844       1089.167    0.000  -0.098   0.270   0.
  2017 352 15 21  0 510 352.639589242       0.70      1.06     -2.94  0.        3654.364      -2181.633       1092.316    0.000  -0.099   0.271   0.
  2017 352 15 21  1 510 352.639600816       0.09      1.39     -4.37  0.        3655.623      -2180.421       1095.465    0.000  -0.099   0.271   0.
  2017 352 15 21  2 510 352.639612390       1.73      5.16     -1.45  0.        3656.880      -2179.208       1098.613    0.000  -0.099   0.272   0.
  2017 352 15 21  3 510 352.639623964       6.96      3.26     -2.06  0.        3658.135      -2177.994       1101.761    0.000  -0.099   0.272   0.
  2017 352 15 21  4 510 352.639635538       9.11      3.74     -1.12  0.        3659.388      -2176.779       1104.908    0.000  -0.099   0.272   0.
  2017 352 15 21  5 510 352.639647112       9.86      4.43      3.06  0.        3660.640      -2175.563       1108.055    0.000  -0.099   0.272   0.
  2017 352 15 21  6 510 352.639658686       8.23      4.35      2.96  0.        3661.889      -2174.346       1111.201    0.000  -0.099   0.273   0.
  2017 352 15 21  7 510 352.639670260       7.28      4.45      1.69  0.        3663.137      -2173.127       1114.346    0.000  -0.099   0.273   0.
  2017 352 15 21  8 510 352.639681834       4.68      4.86     -0.10  0.        3664.383      -2171.908       1117.491    0.000  -0.100   0.273   0.
  2017 352 15 21  9 510 352.639693408       1.82      5.87     -1.72  0.        3665.627      -2170.687       1120.636    0.000  -0.100   0.273   0.
  2017 352 15 21 10 510 352.639704980       0.96      7.12     -2.33  0.        3666.870      -2169.466       1123.779    0.000  -0.100   0.274   0.
  2017 352 15 21 11 510 352.639716554      -1.27      7.76     -4.71  0.        3668.110      -2168.243       1126.923    0.000  -0.100   0.274   0.
  2017 352 15 21 12 510 352.639728128      -2.52      7.10     -9.36  0.        3669.349      -2167.019       1130.065    0.000  -0.100   0.275   0.
  2017 352 15 21 13 510 352.639739702      -2.36      7.11     -2.96  0.        3670.585      -2165.794       1133.208    0.000  -0.100   0.275   0.
  2017 352 15 21 14 510 352.639751276       4.06     12.37      1.11  0.        3671.820      -2164.568       1136.349    0.000  -0.100   0.275   0.
  2017 352 15 21 15 510 352.639762850       4.52      5.37      2.39  0.        3673.053      -2163.341       1139.490    0.000  -0.100   0.275   0.
  2017 352 15 21 16 510 352.639774424       4.41      2.35      1.21  0.        3674.285      -2162.113       1142.630    0.000  -0.100   0.276   0.
  2017 352 15 21 17 510 352.639785998       0.69      1.32     -1.35  0.        3675.514      -2160.884       1145.770    0.000  -0.100   0.276   0.
  2017 352 15 21 18 510 352.639797572      -0.75      1.77     -1.97  0.        3676.742      -2159.654       1148.910    0.000  -0.101   0.276   0.
  2017 352 15 21 19 510 352.639809146       1.39      2.46      1.40  0.        3677.968      -2158.422       1152.048    0.000  -0.101   0.276   0.
  2017 352 15 21 20 510 352.639820721       0.36      0.87     -3.02  0.        3679.192      -2157.190       1155.186    0.000  -0.101   0.277   0.
  2017 352 15 21 21 510 352.639832295       3.92      2.55     -3.88  0.        3680.414      -2155.956       1158.324    0.000  -0.101   0.277   0.
  2017 352 15 21 22 510 352.639843869       9.13      3.64     -2.46  0.        3681.634      -2154.722       1161.461    0.000  -0.101   0.278   0.
  2017 352 15 21 23 510 352.639855443       6.81      1.55      0.64  0.        3682.853      -2153.486       1164.597    0.000  -0.101   0.278   0.
  2017 352 15 21 24 510 352.639867017       6.24      1.77      2.19  0.        3684.069      -2152.249       1167.733    0.000  -0.101   0.278   0.
  2017 352 15 21 25 510 352.639878591       5.62      2.09      1.12  0.        3685.284      -2151.012       1170.868    0.000  -0.101   0.278   0.
  2017 352 15 21 26 510 352.639890165       3.01      2.72      0.31  0.        3686.497      -2149.773       1174.003    0.000  -0.101   0.279   0.
  2017 352 15 21 27 510 352.639901739       1.16      2.41      2.19  0.        3687.708      -2148.533       1177.137    0.000  -0.101   0.279   0.
  2017 352 15 21 28 510 352.639913313       2.24      4.69      5.65  0.        3688.918      -2147.292       1180.270    0.000  -0.102   0.279   0.
  2017 352 15 21 29 510 352.639924887       2.02      7.80      7.20  0.        3690.125      -2146.050       1183.403    0.000  -0.102   0.279   0.
  2017 352 15 21 30 510 352.639936461       1.38      5.44      6.57  0.        3691.331      -2144.807       1186.535    0.000  -0.102   0.280   0.
  2017 352 15 21 31 510 352.639948035       0.73      7.62      4.12  0.        3692.535      -2143.563       1189.667    0.000  -0.102   0.280   0.
  2017 352 15 21 32 510 352.639959609       1.39      8.34     -0.10  0.        3693.737      -2142.318       1192.798    0.000  -0.102   0.281   0.
  2017 352 15 21 33 510 352.639971183      -0.60      7.57     -1.26  0.        3694.937      -2141.071       1195.929    0.000  -0.102   0.281   0.
  2017 352 15 21 34 510 352.639982758      -0.13      4.71      0.45  0.        3696.136      -2139.824       1199.059    0.000  -0.102   0.281   0.
  2017 352 15 21 35 510 352.639994332       1.76      7.71     -0.37  0.        3697.333      -2138.576       1202.188    0.000  -0.102   0.281   0.
  2017 352 15 21 36 510 352.640005906       1.99      7.03      2.97  0.        3698.528      -2137.326       1205.317    0.000  -0.103   0.282   0.
  2017 352 15 21 37 510 352.640017480       0.09      7.67      1.64  0.        3699.721      -2136.076       1208.445    0.000  -0.103   0.282   0.
  2017 352 15 21 38 510 352.640029054      -1.67      8.13      4.67  0.        3700.912      -2134.824       1211.572    0.000  -0.103   0.282   0.
  2017 352 15 21 39 509 352.640040627      -2.91      7.91      2.99  0.        3702.101      -2133.572       1214.699    0.000  -0.103   0.282   0.
  2017 352 15 21 40 509 352.640052199      -2.43      6.11      3.71  0.        3703.289      -2132.318       1217.826    0.000  -0.103   0.283   0.
  2017 352 15 21 41 509 352.640063773       1.61      2.95     -5.87  0.        3704.475      -2131.064       1220.951    0.000  -0.103   0.283   0.
  2017 352 15 21 42 509 352.640075347       3.11      2.13     -6.50  0.        3705.659      -2129.808       1224.077    0.000  -0.103   0.284   0.
  2017 352 15 21 43 509 352.640086921       2.07      1.88     -3.68  0.        3706.841      -2128.552       1227.201    0.000  -0.103   0.284   0.
  2017 352 15 21 44 510 352.640098495       2.78      2.20     -2.83  0.        3708.022      -2127.294       1230.325    0.000  -0.103   0.284   0.
  2017 352 15 21 45 510 352.640110069       5.86      3.23     -4.86  0.        3709.200      -2126.035       1233.449    0.000  -0.103   0.284   0.
  2017 352 15 21 46 509 352.640121644       3.36      3.77     -4.93  0.        3710.377      -2124.775       1236.571    0.000  -0.104   0.285   0.
  2017 352 15 21 47 509 352.640133218      -0.06      3.35     -2.63  0.        3711.552      -2123.515       1239.694    0.000  -0.104   0.285   0.
  2017 352 15 21 48 510 352.640144792      -5.57      4.64     -0.82  0.        3712.725      -2122.253       1242.815    0.000  -0.104   0.285   0.
  2017 352 15 21 49 510 352.640156366      -7.01      5.78      2.15  0.        3713.897      -2120.990       1245.936    0.000  -0.104   0.285   0.
  2017 352 15 21 50 510 352.640167940      -5.05      5.57      4.86  0.        3715.066      -2119.726       1249.057    0.000  -0.104   0.286   0.
  2017 352 15 21 51 510 352.640179514      -2.07      6.51      6.35  0.        3716.234      -2118.461       1252.176    0.000  -0.104   0.286   0.
  2017 352 15 21 52 510 352.640191088      -2.87      3.02      1.97  0.        3717.400      -2117.195       1255.295    0.000  -0.104   0.287   0.
  2017 352 15 21 53 509 352.640202662      -3.85     -1.41     -6.49  0.        3718.564      -2115.928       1258.414    0.000  -0.104   0.287   0.
  2017 352 15 21 54 509 352.640214236      -5.11      0.76     -7.73  0.        3719.727      -2114.660       1261.532    0.000  -0.105   0.287   0.
  2017 352 15 21 55 509 352.640225810      -1.46      1.77     -4.31  0.        3720.887      -2113.391       1264.649    0.000  -0.105   0.287   0.
  2017 352 15 21 56 509 352.640237384       3.64      2.57      0.44  0.        3722.046      -2112.121       1267.766    0.000  -0.105   0.288   0.
  2017 352 15 21 57 509 352.640248958       7.87      2.94     -4.90  0.        3723.203      -2110.850       1270.882    0.000  -0.105   0.288   0.
  2017 352 15 21 58 510 352.640260532       6.28      0.47     -5.64  0.        3724.359      -2109.578       1273.997    0.000  -0.105   0.288   0.
  2017 352 15 21 59 510 352.640272107       7.89      1.64     -7.40  0.        3725.512      -2108.305       1277.112    0.000  -0.105   0.288   0.
  2017 352 15 22  0 509 352.640283681       7.27      4.49     -4.37  0.        3726.664      -2107.031       1280.226    0.000  -0.105   0.289   0.
  2017 352 15 22  1 509 352.640295255       4.93      2.56     -1.22  0.        3727.814      -2105.756       1283.340    0.000  -0.105   0.289   0.
  2017 352 15 22  2 510 352.640306829       4.73      4.07     -2.45  0.        3728.962      -2104.480       1286.453    0.000  -0.105   0.290   0.
  2017 352 15 22  3 510 352.640318403       3.12      5.39     -2.81  0.        3730.108      -2103.203       1289.565    0.000  -0.105   0.290   0.
  2017 352 15 22  4 510 352.640329977       2.11      5.88     -3.80  0.        3731.253      -2101.925       1292.677    0.000  -0.106   0.290   0.
  2017 352 15 22  5 510 352.640341551       2.15      7.06     -6.98  0.        3732.395      -2100.646       1295.788    0.000  -0.106   0.290   0.
  2017 352 15 22  6 509 352.640353125       0.33      8.57     -8.00  0.        3733.536      -2099.366       1298.898    0.000  -0.106   0.291   0.
  2017 352 15 22  7 509 352.640364699       1.57     10.64     -7.57  0.        3734.676      -2098.085       1302.008    0.000  -0.106   0.291   0.
  2017 352 15 22  8 509 352.640376273       5.99      6.02     -2.05  0.        3735.813      -2096.803       1305.118    0.000  -0.106   0.291   0.
  2017 352 15 22  9 509 352.640387847       3.94      1.49     -3.03  0.        3736.949      -2095.520       1308.226    0.000  -0.106   0.291   0.
  2017 352 15 22 10 509 352.640399421       4.26      2.09     -2.66  0.        3738.083      -2094.236       1311.334    0.000  -0.106   0.292   0.
  2017 352 15 22 11 510 352.640410995       1.95      0.47     -0.67  0.        3739.215      -2092.950       1314.441    0.000  -0.106   0.292   0.
  2017 352 15 22 12 509 352.640422567      -2.45      5.96      2.92  0.        3740.345      -2091.664       1317.548    0.000  -0.107   0.293   0.
  2017 352 15 22 13 509 352.640434141      -3.57      7.80      4.10  0.        3741.473      -2090.377       1320.654    0.000  -0.107   0.293   0.
  2017 352 15 22 14 509 352.640445715       1.21      3.02     -9.65  0.        3742.600      -2089.089       1323.760    0.000  -0.107   0.293   0.
  2017 352 15 22 15 509 352.640457289       5.75      1.82    -11.43  0.        3743.725      -2087.800       1326.865    0.000  -0.107   0.293   0.
  2017 352 15 22 16 509 352.640468863       8.62      0.84    -10.28  0.        3744.848      -2086.510       1329.968    0.000  -0.107   0.294   0.
  2017 352 15 22 17 509 352.640480437       8.43      2.54     -4.69  0.        3745.969      -2085.219       1333.072    0.000  -0.107   0.294   0.
  2017 352 15 22 18 509 352.640492011       9.50      3.77     -1.68  0.        3747.089      -2083.927       1336.175    0.000  -0.107   0.295   0.
  2017 352 15 22 19 509 352.640503585       8.02      2.43     -0.44  0.        3748.207      -2082.634       1339.278    0.000  -0.107   0.295   0.
  2017 352 15 22 20 509 352.640515159       5.65      1.59     -0.68  0.        3749.323      -2081.340       1342.379    0.000  -0.107   0.295   0.
  2017 352 15 22 21 509 352.640526733       5.57      4.29     -2.63  0.        3750.438      -2080.045       1345.480    0.000  -0.107   0.295   0.
  2017 352 15 22 22 509 352.640538307       4.82      8.87     -4.35  0.        3751.550      -2078.749       1348.581    0.000  -0.107   0.295   0.
  2017 352 15 22 23 509 352.640549881       2.05      7.63     -5.09  0.        3752.661      -2077.452       1351.681    0.000  -0.107   0.295   0.
  2017 352 15 22 24 509 352.640561455      -0.71      5.80     -2.32  0.        3753.770      -2076.155       1354.780    0.000  -0.108   0.296   0.
  2017 352 15 22 25 509 352.640573030       1.09      4.73      4.11  0.        3754.877      -2074.856       1357.878    0.000  -0.108   0.296   0.
  2017 352 15 22 26 509 352.640584604       4.54      2.26      2.14  0.        3755.983      -2073.556       1360.976    0.000  -0.108   0.296   0.
  2017 352 15 22 27 509 352.640596178       4.15      3.28     -3.54  0.        3757.087      -2072.255       1364.073    0.000  -0.108   0.296   0.
  2017 352 15 22 28 509 352.640607752       5.33      4.00     -4.67  0.        3758.189      -2070.953       1367.170    0.000  -0.108   0.298   0.
  2017 352 15 22 29 509 352.640619326       3.65      7.28     -3.54  0.        3759.289      -2069.650       1370.266    0.000  -0.108   0.298   0.
  2017 352 15 22 30 509 352.640630900       0.90      9.19     -3.12  0.        3760.388      -2068.347       1373.361    0.000  -0.108   0.298   0.
  2017 352 15 22 31 509 352.640642474       2.91      4.94     -4.07  0.        3761.484      -2067.042       1376.455    0.000  -0.108   0.298   0.
  2017 352 15 22 32 509 352.640654048       7.14      1.17     -3.96  0.        3762.579      -2065.736       1379.549    0.000  -0.109   0.298   0.
  2017 352 15 22 33 509 352.640665622       4.22      4.40     -4.11  0.        3763.672      -2064.430       1382.643    0.000  -0.109   0.298   0.
  2017 352 15 22 34 509 352.640677196      -0.95      4.45     -1.55  0.        3764.764      -2063.122       1385.735    0.000  -0.109   0.299   0.
  2017 352 15 22 35 509 352.640688770      -1.25      6.51      1.42  0.        3765.854      -2061.814       1388.828    0.000  -0.109   0.299   0.
  2017 352 15 22 36 509 352.640700344       1.86      4.74      0.45  0.        3766.942      -2060.504       1391.919    0.000  -0.109   0.299   0.
  2017 352 15 22 37 509 352.640711918       5.55      2.60     -4.26  0.        3768.028      -2059.194       1395.010    0.000  -0.109   0.299   0.
  2017 352 15 22 38 509 352.640723492       7.28      3.73     -1.56  0.        3769.112      -2057.883       1398.100    0.000  -0.109   0.301   0.
  2017 352 15 22 39 509 352.640735066       6.33      6.32     -0.61  0.        3770.195      -2056.570       1401.189    0.000  -0.109   0.301   0.
  2017 352 15 22 40 509 352.640746638       4.96      8.38      0.05  0.        3771.276      -2055.257       1404.278    0.000  -0.109   0.301   0.
  2017 352 15 22 41 509 352.640758212       3.93      8.99      0.89  0.        3772.355      -2053.942       1407.366    0.000  -0.109   0.301   0.
  2017 352 15 22 42 509 352.640769786       3.81      6.44      2.06  0.        3773.432      -2052.627       1410.453    0.000  -0.110   0.302   0.
  2017 352 15 22 43 509 352.640781360       1.72      2.68     -1.08  0.        3774.508      -2051.311       1413.540    0.000  -0.110   0.302   0.
  2017 352 15 22 44 509 352.640792934      -1.06      5.08     -0.65  0.        3775.582      -2049.994       1416.626    0.000  -0.110   0.302   0.
  2017 352 15 22 45 509 352.640804508      -1.01      4.88      2.70  0.        3776.654      -2048.676       1419.712    0.000  -0.110   0.302   0.
  2017 352 15 22 46 509 352.640816082      -1.52      4.46      1.43  0.        3777.725      -2047.357       1422.797    0.000  -0.110   0.302   0.
  2017 352 15 22 47 509 352.640827656      -0.28      2.24      2.22  0.        3778.793      -2046.037       1425.881    0.000  -0.110   0.302   0.
  2017 352 15 22 48 509 352.640839230      -0.50      4.97      2.38  0.        3779.860      -2044.716       1428.964    0.000  -0.110   0.303   0.
  2017 352 15 22 49 509 352.640850804      -0.23      5.25      2.62  0.        3780.926      -2043.394       1432.047    0.000  -0.110   0.303   0.
  2017 352 15 22 50 509 352.640862379      -0.92      6.83      2.83  0.        3781.989      -2042.071       1435.129    0.000  -0.111   0.304   0.
  2017 352 15 22 51 509 352.640873953      -1.48      9.79     -0.56  0.        3783.051      -2040.748       1438.211    0.000  -0.111   0.304   0.
  2017 352 15 22 52 509 352.640885527      -1.39      7.96      1.37  0.        3784.111      -2039.423       1441.292    0.000  -0.111   0.304   0.
  2017 352 15 22 53 509 352.640897101       3.77     -0.56     -1.84  0.        3785.169      -2038.097       1444.372    0.000  -0.111   0.304   0.
  2017 352 15 22 54 509 352.640908675       5.06     -3.07      0.46  0.        3786.226      -2036.771       1447.451    0.000  -0.111   0.305   0.
  2017 352 15 22 55 509 352.640920249       4.11     -1.14     -1.25  0.        3787.280      -2035.443       1450.530    0.000  -0.111   0.305   0.
  2017 352 15 22 56 509 352.640931823       0.95      0.25     -4.47  0.        3788.333      -2034.115       1453.608    0.000  -0.111   0.306   0.
  2017 352 15 22 57 509 352.640943397      -0.45      2.44     -0.29  0.        3789.385      -2032.786       1456.686    0.000  -0.111   0.306   0.
  2017 352 15 22 58 509 352.640954971      -0.70      2.69      1.56  0.        3790.434      -2031.455       1459.763    0.000  -0.111   0.306   0.
  2017 352 15 22 59 509 352.640966545       0.72      3.32     -1.20  0.        3791.482      -2030.124       1462.839    0.000  -0.111   0.306   0.
  2017 352 15 23  0 509 352.640978119      -2.33      2.33      0.79  0.        3792.528      -2028.792       1465.914    0.000  -0.112   0.307   0.
  2017 352 15 23  1 509 352.640989693      -5.01      4.83      1.60  0.        3793.573      -2027.459       1468.989    0.000  -0.112   0.307   0.
  2017 352 15 23  2 509 352.641001267      -2.61      2.87     -3.41  0.        3794.615      -2026.125       1472.063    0.000  -0.112   0.307   0.
  2017 352 15 23  3 509 352.641012841      -0.55      3.99     -3.94  0.        3795.657      -2024.790       1475.137    0.000  -0.112   0.307   0.
  2017 352 15 23  4 509 352.641024416       0.59      3.15     -1.25  0.        3796.696      -2023.454       1478.210    0.000  -0.112   0.308   0.
  2017 352 15 23  5 509 352.641035990       7.94      1.67     -3.54  0.        3797.733      -2022.118       1481.282    0.000  -0.112   0.308   0.
  2017 352 15 23  6 509 352.641047564       6.65      0.75     -3.93  0.        3798.769      -2020.780       1484.353    0.000  -0.112   0.308   0.
  2017 352 15 23  7 509 352.641059138       4.20     -0.79     -3.51  0.        3799.803      -2019.442       1487.424    0.000  -0.112   0.308   0.
  2017 352 15 23  8 509 352.641070712       3.87     -0.05     -5.26  0.        3800.835      -2018.102       1490.494    0.000  -0.112   0.309   0.
  2017 352 15 23  9 509 352.641082286       3.23      0.56     -7.35  0.        3801.866      -2016.762       1493.563    0.000  -0.112   0.309   0.
  2017 352 15 23 10 509 352.641093857      -0.61      2.44     -3.04  0.        3802.895      -2015.420       1496.632    0.000  -0.112   0.309   0.
  2017 352 15 23 11 509 352.641105431      -3.01      4.27      3.19  0.        3803.922      -2014.078       1499.700    0.000  -0.112   0.309   0.
  2017 352 15 23 12 509 352.641117005      -3.05      5.08     12.69  0.        3804.947      -2012.735       1502.768    0.000  -0.113   0.310   0.
  2017 352 15 23 13 509 352.641128579      -1.87      5.49     11.92  0.        3805.971      -2011.391       1505.834    0.000  -0.113   0.310   0.
  2017 352 15 23 14 509 352.641140153      -3.26      7.10      9.56  0.        3806.993      -2010.046       1508.900    0.000  -0.113   0.311   0.
  2017 352 15 23 15 509 352.641151727      -1.20      5.22     -2.72  0.        3808.013      -2008.700       1511.966    0.000  -0.113   0.311   0.
  2017 352 15 23 16 509 352.641163302       8.74     -1.89     -2.19  0.        3809.032      -2007.354       1515.030    0.000  -0.113   0.311   0.
  2017 352 15 23 17 509 352.641174876       4.37     -1.22      2.29  0.        3810.049      -2006.006       1518.094    0.000  -0.113   0.311   0.
  2017 352 15 23 18 509 352.641186450       3.13     -1.83      3.27  0.        3811.064      -2004.657       1521.157    0.000  -0.113   0.312   0.
  2017 352 15 23 19 509 352.641198024       2.25      0.99      3.16  0.        3812.078      -2003.308       1524.220    0.000  -0.113   0.312   0.
  2017 352 15 23 20 509 352.641209598       6.15      9.47     -0.58  0.        3813.089      -2001.958       1527.282    0.000  -0.114   0.313   0.
  2017 352 15 23 21 509 352.641221172       4.49      5.35      3.51  0.        3814.099      -2000.606       1530.343    0.000  -0.114   0.313   0.
  2017 352 15 23 22 509 352.641232746       1.38      5.82      3.90  0.        3815.107      -1999.254       1533.404    0.000  -0.114   0.313   0.
  2017 352 15 23 23 509 352.641244320       0.39      6.08      4.13  0.        3816.114      -1997.901       1536.463    0.000  -0.114   0.313   0.
  2017 352 15 23 24 509 352.641255894       1.34      8.07      3.44  0.        3817.119      -1996.547       1539.523    0.000  -0.114   0.314   0.
  2017 352 15 23 25 509 352.641267468       2.41      5.33     -1.21  0.        3818.122      -1995.193       1542.581    0.000  -0.114   0.314   0.
  2017 352 15 23 26 509 352.641279042       2.92      6.22     -3.56  0.        3819.124      -1993.837       1545.639    0.000  -0.114   0.314   0.
  2017 352 15 23 27 509 352.641290616       4.90      5.60     -2.76  0.        3820.124      -1992.480       1548.696    0.000  -0.114   0.314   0.
  2017 352 15 23 28 509 352.641302190       3.17      3.28     -1.16  0.        3821.122      -1991.123       1551.752    0.000  -0.114   0.314   0.
  2017 352 15 23 29 509 352.641313764       1.15      2.52      0.20  0.        3822.118      -1989.764       1554.808    0.000  -0.114   0.314   0.
  2017 352 15 23 30 509 352.641325339      -0.90      5.29      2.63  0.        3823.113      -1988.405       1557.863    0.000  -0.115   0.315   0.
  2017 352 15 23 31 509 352.641336913      -2.92      7.03      4.84  0.        3824.106      -1987.045       1560.917    0.000  -0.115   0.315   0.
  2017 352 15 23 32 509 352.641348487      -2.68      4.75     -0.23  0.        3825.097      -1985.684       1563.971    0.000  -0.115   0.316   0.
  2017 352 15 23 33 509 352.641360061      -2.18      3.49     -2.64  0.        3826.086      -1984.322       1567.024    0.000  -0.115   0.316   0.
  2017 352 15 23 34 509 352.641371635      -3.39      3.40     -0.78  0.        3827.074      -1982.960       1570.076    0.000  -0.115   0.316   0.
  2017 352 15 23 35 509 352.641383209      -1.16      1.17      0.17  0.        3828.061      -1981.596       1573.127    0.000  -0.115   0.316   0.
  2017 352 15 23 36 509 352.641394783       0.75      0.88     -5.00  0.        3829.045      -1980.231       1576.178    0.000  -0.115   0.317   0.
  2017 352 15 23 37 508 352.641406356       1.99      2.73     -0.51  0.        3830.028      -1978.866       1579.228    0.000  -0.115   0.317   0.
  2017 352 15 23 38 508 352.641417928      -0.75      7.15      3.14  0.        3831.009      -1977.500       1582.277    0.000  -0.115   0.317   0.
  2017 352 15 23 39 508 352.641429502      -1.32      7.24      2.80  0.        3831.988      -1976.132       1585.326    0.000  -0.115   0.317   0.
  2017 352 15 23 40 509 352.641441076      -0.92      2.75      2.26  0.        3832.966      -1974.764       1588.374    0.000  -0.116   0.318   0.
  2017 352 15 23 41 509 352.641452650      -0.62      1.59      0.60  0.        3833.942      -1973.396       1591.421    0.000  -0.116   0.318   0.
  2017 352 15 23 42 508 352.641464225      -1.66      1.99      1.53  0.        3834.917      -1972.026       1594.468    0.000  -0.116   0.319   0.
  2017 352 15 23 43 508 352.641475799       1.23      2.64      0.85  0.        3835.889      -1970.655       1597.514    0.000  -0.116   0.319   0.
  2017 352 15 23 44 509 352.641487373       3.70      2.22     -2.04  0.        3836.860      -1969.284       1600.559    0.000  -0.116   0.319   0.
  2017 352 15 23 45 509 352.641498947       1.48      3.38     -0.94  0.        3837.829      -1967.911       1603.604    0.000  -0.116   0.319   0.
  2017 352 15 23 46 509 352.641510521       0.88      3.08      1.21  0.        3838.797      -1966.538       1606.647    0.000  -0.116   0.320   0.
  2017 352 15 23 47 509 352.641522095      -0.37      3.12      0.60  0.        3839.763      -1965.164       1609.690    0.000  -0.116   0.320   0.
  2017 352 15 23 48 509 352.641533669      -0.94      4.11      0.20  0.        3840.727      -1963.789       1612.733    0.000  -0.117   0.320   0.
  2017 352 15 23 49 508 352.641545243      -1.84      4.21      0.79  0.        3841.690      -1962.414       1615.774    0.000  -0.117   0.320   0.
  2017 352 15 23 50 508 352.641556817       0.15      2.25      1.93  0.        3842.651      -1961.037       1618.815    0.000  -0.117   0.320   0.
  2017 352 15 23 51 508 352.641568391      -0.58      1.84      0.00  0.        3843.610      -1959.659       1621.855    0.000  -0.117   0.320   0.
  2017 352 15 23 52 508 352.641579965      -0.72      1.90     -1.15  0.        3844.567      -1958.281       1624.895    0.000  -0.117   0.321   0.
  2017 352 15 23 53 508 352.641591539      -1.83      1.44      0.40  0.        3845.523      -1956.902       1627.934    0.000  -0.117   0.321   0.
  2017 352 15 23 54 509 352.641603113      -2.89      2.36      1.59  0.        3846.477      -1955.521       1630.972    0.000  -0.117   0.322   0.
  2017 352 15 23 55 509 352.641614688      -5.44      2.07     -1.54  0.        3847.430      -1954.140       1634.009    0.000  -0.117   0.322   0.
  2017 352 15 23 56 508 352.641626262      -5.89      0.50     -3.48  0.        3848.381      -1952.759       1637.046    0.000  -0.117   0.322   0.
  2017 352 15 23 57 509 352.641637836      -2.22      0.95     -0.17  0.        3849.330      -1951.376       1640.082    0.000  -0.117   0.322   0.
  2017 352 15 23 58 509 352.641649410      -0.21      2.11     -0.27  0.        3850.277      -1949.993       1643.117    0.000  -0.117   0.322   0.
  2017 352 15 23 59 509 352.641660984      -0.82      2.55      0.66  0.        3851.223      -1948.608       1646.151    0.000  -0.117   0.322   0.
  2017 352 15 24  0 509 352.641672558       0.10      3.27      0.57  0.        3852.167      -1947.223       1649.185    0.000  -0.118   0.323   0.
  2017 352 15 24  1 509 352.641684132      -2.24      4.24     -1.19  0.        3853.109      -1945.837       1652.218    0.000  -0.118   0.323   0.
  2017 352 15 24  2 508 352.641695706      -3.35      3.30     -2.54  0.        3854.050      -1944.450       1655.250    0.000  -0.118   0.324   0.
  2017 352 15 24  3 508 352.641707280      -3.07      2.00     -2.28  0.        3854.989      -1943.063       1658.282    0.000  -0.118   0.324   0.
  2017 352 15 24  4 508 352.641718854      -3.03      1.92      0.10  0.        3855.927      -1941.674       1661.313    0.000  -0.118   0.325   0.
  2017 352 15 24  5 508 352.641730428      -4.09      1.54     -1.34  0.        3856.863      -1940.285       1664.343    0.000  -0.118   0.325   0.
  2017 352 15 24  6 508 352.641742002      -3.76      1.50      1.95  0.        3857.797      -1938.894       1667.372    0.000  -0.118   0.325   0.
  2017 352 15 24  7 509 352.641753576      -3.97      3.93      2.73  0.        3858.729      -1937.503       1670.401    0.000  -0.118   0.325   0.
  2017 352 15 24  8 508 352.641765148       1.27      1.30     -2.53  0.        3859.660      -1936.111       1673.429    0.000  -0.119   0.326   0.
  2017 352 15 24  9 508 352.641776722       5.87      2.12     -6.43  0.        3860.589      -1934.719       1676.456    0.000  -0.119   0.326   0.
  2017 352 15 24 10 508 352.641788296       4.78      2.22     -7.22  0.        3861.516      -1933.325       1679.483    0.000  -0.119   0.326   0.
  2017 352 15 24 11 508 352.641799870       3.73      2.49     -5.73  0.        3862.442      -1931.931       1682.509    0.000  -0.119   0.326   0.
  2017 352 15 24 12 508 352.641811444       3.25      3.07     -6.20  0.        3863.366      -1930.536       1685.534    0.000  -0.119   0.326   0.
  2017 352 15 24 13 508 352.641823018       0.51      2.92     -6.19  0.        3864.289      -1929.140       1688.558    0.000  -0.119   0.326   0.
  2017 352 15 24 14 508 352.641834592      -0.78      4.18     -6.60  0.        3865.210      -1927.743       1691.582    0.000  -0.119   0.327   0.
  2017 352 15 24 15 508 352.641846166      -0.97      4.67     -4.96  0.        3866.129      -1926.345       1694.605    0.000  -0.119   0.327   0.
  2017 352 15 24 16 508 352.641857740       0.30      4.34     -2.04  0.        3867.046      -1924.947       1697.627    0.000  -0.119   0.328   0.
  2017 352 15 24 17 508 352.641869314      -1.56      6.25      1.26  0.        3867.962      -1923.547       1700.648    0.000  -0.119   0.328   0.
  2017 352 15 24 18 508 352.641880888      -1.58      9.03      2.56  0.        3868.876      -1922.147       1703.669    0.000  -0.119   0.328   0.
  2017 352 15 24 19 508 352.641892462       1.48      7.56     -3.27  0.        3869.789      -1920.746       1706.689    0.000  -0.119   0.328   0.
  2017 352 15 24 20 508 352.641904036       6.88      2.18     -2.20  0.        3870.700      -1919.344       1709.708    0.000  -0.120   0.329   0.
  2017 352 15 24 21 508 352.641915611       8.59      0.98     -5.94  0.        3871.609      -1917.942       1712.727    0.000  -0.120   0.329   0.
  2017 352 15 24 22 508 352.641927185       7.75      2.98     -5.83  0.        3872.517      -1916.538       1715.745    0.000  -0.120   0.329   0.
  2017 352 15 24 23 508 352.641938759       8.39      8.23     -2.74  0.        3873.423      -1915.134       1718.762    0.000  -0.120   0.329   0.
  2017 352 15 24 24 508 352.641950333       8.24      4.36      1.96  0.        3874.327      -1913.729       1721.778    0.000  -0.120   0.330   0.
  2017 352 15 24 25 508 352.641961907      10.15      3.85     -0.38  0.        3875.230      -1912.323       1724.794    0.000  -0.120   0.330   0.
  2017 352 15 24 26 508 352.641973481       8.95      3.99     -1.65  0.        3876.131      -1910.917       1727.808    0.000  -0.120   0.331   0.
  2017 352 15 24 27 508 352.641985055       5.37      3.94     -3.93  0.        3877.030      -1909.509       1730.822    0.000  -0.120   0.331   0.
  2017 352 15 24 28 508 352.641996629       3.81     10.03     -2.63  0.        3877.928      -1908.101       1733.836    0.000  -0.120   0.331   0.
  2017 352 15 24 29 508 352.642008203       5.95     10.47      1.80  0.        3878.824      -1906.692       1736.849    0.000  -0.120   0.331   0.
  2017 352 15 24 30 508 352.642019777       5.70      4.12      0.88  0.        3879.718      -1905.282       1739.860    0.000  -0.121   0.331   0.
  2017 352 15 24 31 508 352.642031351       3.92      3.91      1.47  0.        3880.611      -1903.871       1742.871    0.000  -0.121   0.331   0.
  2017 352 15 24 32 508 352.642042925       2.79      3.17      1.62  0.        3881.502      -1902.459       1745.882    0.000  -0.121   0.332   0.
  2017 352 15 24 33 508 352.642054499       0.69      1.69     -1.01  0.        3882.392      -1901.047       1748.892    0.000  -0.121   0.332   0.
  2017 352 15 24 34 508 352.642066073      -0.14      1.52     -3.32  0.        3883.279      -1899.634       1751.901    0.000  -0.121   0.333   0.
  2017 352 15 24 35 508 352.642077648      -4.64      3.31     -4.05  0.        3884.166      -1898.220       1754.909    0.000  -0.121   0.333   0.
  2017 352 15 24 36 508 352.642089222      -6.73      2.99     -2.18  0.        3885.050      -1896.805       1757.916    0.000  -0.121   0.333   0.
  2017 352 15 24 37 508 352.642100795      -4.79      5.68      3.31  0.        3885.933      -1895.390       1760.923    0.000  -0.121   0.333   0.
  2017 352 15 24 38 508 352.642112367      -2.66      5.86      3.54  0.        3886.815      -1893.973       1763.929    0.000  -0.122   0.334   0.
  2017 352 15 24 39 508 352.642123941       0.72      3.35     -0.28  0.        3887.694      -1892.556       1766.934    0.000  -0.122   0.334   0.
  2017 352 15 24 40 508 352.642135515       3.97      3.08     -2.75  0.        3888.572      -1891.138       1769.939    0.000  -0.122   0.334   0.
  2017 352 15 24 41 508 352.642147089       3.78      3.71     -4.69  0.        3889.449      -1889.720       1772.942    0.000  -0.122   0.334   0.
  2017 352 15 24 42 508 352.642158663       1.93      7.75     -7.19  0.        3890.324      -1888.300       1775.945    0.000  -0.122   0.335   0.
  2017 352 15 24 43 508 352.642170237      -1.89      7.15     -3.75  0.        3891.197      -1886.880       1778.948    0.000  -0.122   0.335   0.
  2017 352 15 24 44 508 352.642181811       4.58      1.46     -1.75  0.        3892.068      -1885.459       1781.949    0.000  -0.122   0.335   0.
  2017 352 15 24 45 508 352.642193385       9.61      1.88     -2.11  0.        3892.938      -1884.037       1784.950    0.000  -0.122   0.335   0.
  2017 352 15 24 46 508 352.642204960       6.21      2.14     -1.28  0.        3893.807      -1882.614       1787.950    0.000  -0.122   0.336   0.
  2017 352 15 24 47 508 352.642216534       1.46      2.20     -1.87  0.        3894.673      -1881.191       1790.949    0.000  -0.122   0.336   0.
  2017 352 15 24 48 508 352.642228108      -2.21      2.63     -1.38  0.        3895.539      -1879.767       1793.947    0.000  -0.122   0.336   0.
  2017 352 15 24 49 508 352.642239682      -4.60      2.92     -1.93  0.        3896.402      -1878.342       1796.945    0.000  -0.122   0.336   0.
  2017 352 15 24 50 508 352.642251256      -7.02      3.52     -1.33  0.        3897.264      -1876.916       1799.942    0.000  -0.123   0.337   0.
  2017 352 15 24 51 508 352.642262830      -6.90      4.35      1.10  0.        3898.124      -1875.489       1802.939    0.000  -0.123   0.337   0.
  2017 352 15 24 52 508 352.642274404      -8.78      4.86      3.35  0.        3898.982      -1874.062       1805.934    0.000  -0.123   0.337   0.
  2017 352 15 24 53 508 352.642285978      -5.42      4.00      3.76  0.        3899.839      -1872.634       1808.929    0.000  -0.123   0.337   0.
  2017 352 15 24 54 508 352.642297552       4.24      1.29     -0.91  0.        3900.695      -1871.205       1811.923    0.000  -0.123   0.337   0.
  2017 352 15 24 55 508 352.642309126       9.05     -1.33     -9.38  0.        3901.548      -1869.775       1814.916    0.000  -0.123   0.337   0.
  2017 352 15 24 56 508 352.642320700       6.78      1.46     -8.47  0.        3902.401      -1868.345       1817.909    0.000  -0.123   0.338   0.
  2017 352 15 24 57 508 352.642332274       6.56      3.77     -5.81  0.        3903.251      -1866.914       1820.900    0.000  -0.123   0.338   0.
  2017 352 15 24 58 508 352.642343848       4.55      6.34     -4.65  0.        3904.100      -1865.482       1823.891    0.000  -0.123   0.339   0.
  2017 352 15 24 59 508 352.642355422       4.74      7.43     -2.44  0.        3904.947      -1864.049       1826.881    0.000  -0.123   0.339   0.
  2017 352 15 25  0 508 352.642366996       2.62      5.85     -1.54  0.        3905.793      -1862.615       1829.871    0.000  -0.123   0.339   0.
  2017 352 15 25  1 508 352.642378571       1.90      3.28     -1.57  0.        3906.637      -1861.181       1832.859    0.000  -0.123   0.339   0.
  2017 352 15 25  2 508 352.642390145       1.78      1.17     -2.28  0.        3907.479      -1859.746       1835.847    0.000  -0.124   0.340   0.
  2017 352 15 25  3 508 352.642401719       3.51      0.84      0.57  0.        3908.320      -1858.310       1838.835    0.000  -0.124   0.340   0.
  2017 352 15 25  4 508 352.642413293       2.41      4.02      2.71  0.        3909.159      -1856.874       1841.821    0.000  -0.124   0.340   0.
  2017 352 15 25  5 508 352.642424867       1.43      5.74      3.76  0.        3909.997      -1855.436       1844.807    0.000  -0.124   0.340   0.
  2017 352 15 25  6 508 352.642436438       0.42      4.98      2.08  0.        3910.833      -1853.998       1847.791    0.000  -0.124   0.340   0.
  2017 352 15 25  7 508 352.642448012      -1.19      6.29      0.09  0.        3911.667      -1852.559       1850.776    0.000  -0.124   0.340   0.
  2017 352 15 25  8 508 352.642459586      -0.96      8.71     -0.68  0.        3912.500      -1851.120       1853.759    0.000  -0.124   0.342   0.
  2017 352 15 25  9 508 352.642471160      -1.14      4.43     -0.61  0.        3913.331      -1849.679       1856.742    0.000  -0.124   0.342   0.
  2017 352 15 25 10 508 352.642482734       0.52      2.37      0.38  0.        3914.161      -1848.238       1859.723    0.000  -0.124   0.342   0.
  2017 352 15 25 11 508 352.642494308       1.67      0.67     -2.46  0.        3914.989      -1846.796       1862.704    0.000  -0.124   0.342   0.
  2017 352 15 25 12 508 352.642505883       2.01      2.14     -1.81  0.        3915.815      -1845.354       1865.685    0.000  -0.125   0.342   0.
  2017 352 15 25 13 508 352.642517457       1.72      2.90      1.46  0.        3916.640      -1843.910       1868.664    0.000  -0.125   0.342   0.
  2017 352 15 25 14 508 352.642529031       1.97      0.70      2.60  0.        3917.463      -1842.466       1871.643    0.000  -0.125   0.342   0.
  2017 352 15 25 15 508 352.642540605       2.23      2.15     -2.67  0.        3918.285      -1841.021       1874.621    0.000  -0.125   0.342   0.
  2017 352 15 25 16 508 352.642552179       1.33      7.04     -2.64  0.        3919.105      -1839.576       1877.598    0.000  -0.125   0.343   0.
  2017 352 15 25 17 508 352.642563753       3.04      6.41      1.93  0.        3919.923      -1838.129       1880.575    0.000  -0.125   0.343   0.
  2017 352 15 25 18 508 352.642575327       2.92      1.59     -3.30  0.        3920.740      -1836.682       1883.551    0.000  -0.125   0.343   0.
  2017 352 15 25 19 508 352.642586901       1.79      2.47     -5.59  0.        3921.555      -1835.234       1886.525    0.000  -0.125   0.343   0.
  2017 352 15 25 20 508 352.642598475       0.67      1.85     -1.14  0.        3922.369      -1833.785       1889.500    0.000  -0.125   0.344   0.
  2017 352 15 25 21 508 352.642610049      -0.70      1.01      0.54  0.        3923.181      -1832.336       1892.473    0.000  -0.125   0.344   0.
  2017 352 15 25 22 508 352.642621623      -0.88      0.53      0.39  0.        3923.991      -1830.886       1895.446    0.000  -0.125   0.345   0.
  2017 352 15 25 23 508 352.642633197      -0.44      1.10      1.28  0.        3924.800      -1829.435       1898.418    0.000  -0.125   0.345   0.
  2017 352 15 25 24 508 352.642644771       0.20      4.97      1.30  0.        3925.607      -1827.983       1901.389    0.000  -0.126   0.345   0.
  2017 352 15 25 25 508 352.642656346       1.05      6.49     -2.88  0.        3926.413      -1826.531       1904.359    0.000  -0.126   0.345   0.
  2017 352 15 25 26 508 352.642667920       3.24      7.98     -3.71  0.        3927.217      -1825.078       1907.329    0.000  -0.126   0.345   0.
  2017 352 15 25 27 508 352.642679494       1.85      6.29     -2.80  0.        3928.020      -1823.624       1910.297    0.000  -0.126   0.345   0.
  2017 352 15 25 28 508 352.642691068      -2.28      5.44     -2.78  0.        3928.821      -1822.170       1913.265    0.000  -0.126   0.346   0.
  2017 352 15 25 29 508 352.642702642      -5.87      7.87     -0.55  0.        3929.620      -1820.714       1916.233    0.000  -0.126   0.346   0.
  2017 352 15 25 30 508 352.642714216      -3.17      7.76      3.02  0.        3930.418      -1819.258       1919.199    0.000  -0.126   0.347   0.
  2017 352 15 25 31 508 352.642725790       0.47      3.24      0.72  0.        3931.214      -1817.802       1922.165    0.000  -0.126   0.347   0.
  2017 352 15 25 32 508 352.642737364       1.85      4.11      0.28  0.        3932.009      -1816.344       1925.130    0.000  -0.126   0.347   0.
  2017 352 15 25 33 508 352.642748938       2.17      3.45      1.47  0.        3932.802      -1814.886       1928.094    0.000  -0.126   0.347   0.
  2017 352 15 25 34 508 352.642760512       4.18      3.36     -1.93  0.        3933.593      -1813.427       1931.057    0.000  -0.126   0.348   0.
  2017 352 15 25 35 507 352.642772085       6.40      3.34     -3.34  0.        3934.383      -1811.967       1934.020    0.000  -0.126   0.348   0.
  2017 352 15 25 36 508 352.642783657       4.03      5.70     -2.12  0.        3935.171      -1810.507       1936.981    0.000  -0.127   0.348   0.
  2017 352 15 25 37 508 352.642795231       0.80      6.18     -1.87  0.        3935.958      -1809.046       1939.942    0.000  -0.127   0.348   0.
  2017 352 15 25 38 507 352.642806806      -0.73      6.00     -2.49  0.        3936.743      -1807.584       1942.903    0.000  -0.127   0.348   0.
  2017 352 15 25 39 507 352.642818380      -0.90      3.87     -0.40  0.        3937.527      -1806.121       1945.862    0.000  -0.127   0.348   0.
  2017 352 15 25 40 508 352.642829954       1.40      1.11     -3.64  0.        3938.309      -1804.658       1948.821    0.000  -0.127   0.348   0.
  2017 352 15 25 41 508 352.642841528      -2.99      2.05     -0.69  0.        3939.089      -1803.194       1951.779    0.000  -0.127   0.348   0.
  2017 352 15 25 42 508 352.642853102       0.76      2.14      0.68  0.        3939.868      -1801.729       1954.736    0.000  -0.127   0.350   0.
  2017 352 15 25 43 508 352.642864676       2.05      4.24      0.67  0.        3940.645      -1800.264       1957.692    0.000  -0.127   0.350   0.
  2017 352 15 25 44 507 352.642876250       4.44      3.38      2.65  0.        3941.421      -1798.798       1960.648    0.000  -0.127   0.350   0.
  2017 352 15 25 45 507 352.642887824       6.15      1.60      0.86  0.        3942.195      -1797.331       1963.602    0.000  -0.127   0.350   0.
  2017 352 15 25 46 507 352.642899398       1.41      5.80      0.73  0.        3942.968      -1795.863       1966.556    0.000  -0.128   0.351   0.
  2017 352 15 25 47 507 352.642910972      -2.54      2.55     -0.92  0.        3943.739      -1794.395       1969.510    0.000  -0.128   0.351   0.
  2017 352 15 25 48 507 352.642922546      -4.05      0.33     -1.72  0.        3944.508      -1792.926       1972.462    0.000  -0.128   0.351   0.
  2017 352 15 25 49 508 352.642934120      -3.53      1.43      1.78  0.        3945.276      -1791.456       1975.414    0.000  -0.128   0.351   0.
  2017 352 15 25 50 508 352.642945694      -3.73      4.71      4.83  0.        3946.042      -1789.986       1978.364    0.000  -0.128   0.351   0.
  2017 352 15 25 51 507 352.642957269      -2.25      5.89      5.33  0.        3946.807      -1788.515       1981.315    0.000  -0.128   0.351   0.
  2017 352 15 25 52 507 352.642968843       0.45      7.33      5.06  0.        3947.570      -1787.043       1984.264    0.000  -0.128   0.351   0.
  2017 352 15 25 53 508 352.642980417      -0.28      7.37      0.68  0.        3948.332      -1785.570       1987.212    0.000  -0.128   0.351   0.
  2017 352 15 25 54 508 352.642991991      -0.01      5.02     -1.57  0.        3949.092      -1784.097       1990.160    0.000  -0.128   0.352   0.
  2017 352 15 25 55 508 352.643003565       1.44      2.69     -3.71  0.        3949.850      -1782.623       1993.107    0.000  -0.128   0.352   0.
  2017 352 15 25 56 508 352.643015139      -0.05      0.28     -2.34  0.        3950.607      -1781.149       1996.053    0.000  -0.128   0.352   0.
  2017 352 15 25 57 508 352.643026713      -0.75      1.23     -1.17  0.        3951.363      -1779.673       1998.998    0.000  -0.128   0.352   0.
  2017 352 15 25 58 507 352.643038287       0.12      1.22     -0.65  0.        3952.117      -1778.197       2001.943    0.000  -0.128   0.353   0.
  2017 352 15 25 59 507 352.643049861      -0.04      6.00     -1.82  0.        3952.869      -1776.720       2004.887    0.000  -0.128   0.353   0.
  2017 352 15 26  0 507 352.643061435      -0.00      6.00     -0.42  0.        3953.620      -1775.243       2007.830    0.000  -0.129   0.354   0.
  2017 352 15 26  1 507 352.643073009      -0.01      4.45     -1.08  0.        3954.369      -1773.765       2010.772    0.000  -0.129   0.354   0.
  2017 352 15 26  2 507 352.643084583       0.34      4.34     -2.49  0.        3955.117      -1772.286       2013.713    0.000  -0.129   0.354   0.
  2017 352 15 26  3 508 352.643096157      -0.70      5.10     -1.07  0.        3955.863      -1770.806       2016.654    0.000  -0.129   0.354   0.
  2017 352 15 26  4 507 352.643107729       0.39      4.04     -0.91  0.        3956.607      -1769.326       2019.593    0.000  -0.129   0.354   0.
  2017 352 15 26  5 507 352.643119303      -0.77      2.27     -1.21  0.        3957.350      -1767.845       2022.533    0.000  -0.129   0.354   0.
  2017 352 15 26  6 507 352.643130877       0.31      2.32     -3.88  0.        3958.092      -1766.364       2025.471    0.000  -0.129   0.355   0.
  2017 352 15 26  7 507 352.643142451      -1.44      1.62     -0.95  0.        3958.832      -1764.882       2028.408    0.000  -0.129   0.355   0.
  2017 352 15 26  8 507 352.643154025      -1.50      1.07      0.21  0.        3959.570      -1763.398       2031.345    0.000  -0.129   0.356   0.
  2017 352 15 26  9 507 352.643165599       2.51      2.59      0.03  0.        3960.307      -1761.915       2034.281    0.000  -0.129   0.356   0.
  2017 352 15 26 10 507 352.643177173       2.77      3.35     -2.11  0.        3961.042      -1760.430       2037.216    0.000  -0.129   0.355   0.
  2017 352 15 26 11 507 352.643188747       0.05      2.44     -2.57  0.        3961.776      -1758.945       2040.150    0.000  -0.129   0.355   0.
  2017 352 15 26 12 507 352.643200321      -2.26      3.54      0.46  0.        3962.508      -1757.460       2043.083    0.000  -0.130   0.357   0.
  2017 352 15 26 13 507 352.643211895      -3.45      5.18      2.14  0.        3963.239      -1755.973       2046.016    0.000  -0.130   0.357   0.
  2017 352 15 26 14 507 352.643223469      -0.26      3.87      0.61  0.        3963.968      -1754.486       2048.948    0.000  -0.130   0.357   0.
  2017 352 15 26 15 507 352.643235043       1.51      2.40     -2.11  0.        3964.696      -1752.999       2051.879    0.000  -0.130   0.357   0.
  2017 352 15 26 16 507 352.643246617       0.73      3.01      1.84  0.        3965.422      -1751.510       2054.809    0.000  -0.130   0.357   0.
  2017 352 15 26 17 507 352.643258192       1.67      3.72      3.94  0.        3966.146      -1750.021       2057.739    0.000  -0.130   0.357   0.
  2017 352 15 26 18 507 352.643269766       1.03      4.79      7.29  0.        3966.869      -1748.531       2060.667    0.000  -0.130   0.358   0.
  2017 352 15 26 19 507 352.643281340       0.78      9.33      5.96  0.        3967.591      -1747.041       2063.595    0.000  -0.130   0.358   0.
  2017 352 15 26 20 507 352.643292914       0.26     16.87      0.95  0.        3968.311      -1745.549       2066.522    0.000  -0.130   0.358   0.
  2017 352 15 26 21 507 352.643304488       0.44     11.39     -0.22  0.        3969.029      -1744.058       2069.448    0.000  -0.130   0.358   0.
  2017 352 15 26 22 507 352.643316062      -1.44      4.93      0.16  0.        3969.746      -1742.565       2072.374    0.000  -0.130   0.358   0.
  2017 352 15 26 23 507 352.643327636      -0.19      1.42     -2.01  0.        3970.461      -1741.072       2075.298    0.000  -0.130   0.358   0.
  2017 352 15 26 24 507 352.643339210       1.61      0.44     -0.30  0.        3971.175      -1739.578       2078.222    0.000  -0.131   0.359   0.
  2017 352 15 26 25 507 352.643350784       3.14      0.02     -0.58  0.        3971.887      -1738.084       2081.145    0.000  -0.131   0.359   0.
  2017 352 15 26 26 507 352.643362358       2.39     -0.42     -2.44  0.        3972.598      -1736.588       2084.067    0.000  -0.131   0.359   0.
  2017 352 15 26 27 507 352.643373932       1.60      2.21     -1.67  0.        3973.307      -1735.093       2086.989    0.000  -0.131   0.359   0.
  2017 352 15 26 28 507 352.643385506       1.39      2.46     -0.74  0.        3974.015      -1733.596       2089.909    0.000  -0.131   0.360   0.
  2017 352 15 26 29 507 352.643397080       1.18      1.54     -1.58  0.        3974.721      -1732.099       2092.829    0.000  -0.131   0.360   0.
  2017 352 15 26 30 507 352.643408655       1.28      0.63     -2.32  0.        3975.426      -1730.601       2095.748    0.000  -0.131   0.360   0.
  2017 352 15 26 31 507 352.643420229       0.45      1.20     -1.79  0.        3976.129      -1729.103       2098.667    0.000  -0.131   0.360   0.
  2017 352 15 26 32 507 352.643431803       0.21      6.85     -0.23  0.        3976.830      -1727.603       2101.584    0.000  -0.131   0.361   0.
  2017 352 15 26 33 507 352.643443377       2.91      8.12     -4.26  0.        3977.530      -1726.104       2104.501    0.000  -0.131   0.361   0.
  2017 352 15 26 34 507 352.643454951       3.13      5.75     -4.43  0.        3978.229      -1724.603       2107.416    0.000  -0.131   0.361   0.
  2017 352 15 26 35 507 352.643466525       3.41      5.79     -0.77  0.        3978.926      -1723.102       2110.331    0.000  -0.131   0.361   0.
  2017 352 15 26 36 507 352.643478096       5.71      5.84     -0.80  0.        3979.622      -1721.600       2113.246    0.000  -0.132   0.362   0.
  2017 352 15 26 37 507 352.643489670       5.48      4.50     -1.64  0.        3980.316      -1720.098       2116.159    0.000  -0.132   0.362   0.
  2017 352 15 26 38 507 352.643501244       4.12      2.53     -1.15  0.        3981.008      -1718.595       2119.072    0.000  -0.132   0.362   0.
  2017 352 15 26 39 507 352.643512818       3.52      1.65     -0.58  0.        3981.699      -1717.091       2121.983    0.000  -0.132   0.362   0.
  2017 352 15 26 40 507 352.643524392       3.87      1.86     -0.74  0.        3982.389      -1715.587       2124.894    0.000  -0.132   0.362   0.
  2017 352 15 26 41 507 352.643535966       3.08      3.03      0.59  0.        3983.077      -1714.081       2127.804    0.000  -0.132   0.362   0.
  2017 352 15 26 42 507 352.643547540       2.06      2.99     -0.47  0.        3983.763      -1712.576       2130.714    0.000  -0.132   0.363   0.
  2017 352 15 26 43 507 352.643559115      -0.49      1.74     -2.00  0.        3984.448      -1711.069       2133.622    0.000  -0.132   0.363   0.
  2017 352 15 26 44 507 352.643570689       0.47     -0.01     -5.01  0.        3985.131      -1709.562       2136.530    0.000  -0.132   0.363   0.
  2017 352 15 26 45 507 352.643582263       1.18     -1.34     -4.58  0.        3985.813      -1708.055       2139.437    0.000  -0.132   0.363   0.
  2017 352 15 26 46 507 352.643593837       0.05      6.65      1.57  0.        3986.494      -1706.546       2142.343    0.000  -0.132   0.364   0.
  2017 352 15 26 47 507 352.643605411       0.78     12.74     -3.22  0.        3987.173      -1705.037       2145.248    0.000  -0.132   0.364   0.
  2017 352 15 26 48 507 352.643616985      -0.23      4.43     -1.30  0.        3987.850      -1703.528       2148.152    0.000  -0.133   0.365   0.
  2017 352 15 26 49 507 352.643628559       0.81      2.55     -0.12  0.        3988.526      -1702.018       2151.056    0.000  -0.133   0.365   0.
  2017 352 15 26 50 507 352.643640133      -1.21      1.64     -0.74  0.        3989.200      -1700.507       2153.959    0.000  -0.133   0.365   0.
  2017 352 15 26 51 507 352.643651707      -0.23      2.42      0.72  0.        3989.873      -1698.995       2156.861    0.000  -0.133   0.365   0.
  2017 352 15 26 52 507 352.643663281      -2.29      2.04      1.34  0.        3990.545      -1697.483       2159.762    0.000  -0.133   0.365   0.
  2017 352 15 26 53 507 352.643674855      -4.30      2.74      3.69  0.        3991.215      -1695.970       2162.663    0.000  -0.133   0.365   0.
  2017 352 15 26 54 507 352.643686429      -3.77      2.45      5.03  0.        3991.883      -1694.457       2165.562    0.000  -0.133   0.365   0.
  2017 352 15 26 55 507 352.643698003      -1.04      1.78      3.96  0.        3992.550      -1692.943       2168.461    0.000  -0.133   0.365   0.
  2017 352 15 26 56 507 352.643709578       0.49      2.39     -0.55  0.        3993.215      -1691.428       2171.359    0.000  -0.133   0.366   0.
  2017 352 15 26 57 507 352.643721152       3.58      2.96     -2.54  0.        3993.879      -1689.913       2174.256    0.000  -0.133   0.366   0.
  2017 352 15 26 58 507 352.643732726       4.12      3.58     -1.89  0.        3994.542      -1688.397       2177.152    0.000  -0.133   0.366   0.
  2017 352 15 26 59 507 352.643744300       3.53      3.93      0.99  0.        3995.202      -1686.880       2180.048    0.000  -0.133   0.366   0.
  2017 352 15 27  0 507 352.643755874       3.11      3.00      2.94  0.        3995.862      -1685.363       2182.942    0.000  -0.133   0.366   0.
  2017 352 15 27  1 507 352.643767448       4.84      1.95      2.04  0.        3996.520      -1683.845       2185.836    0.000  -0.133   0.366   0.
  2017 352 15 27  2 507 352.643779022       4.17      2.72     -3.01  0.        3997.176      -1682.327       2188.729    0.000  -0.134   0.367   0.
  2017 352 15 27  3 507 352.643790596       2.86      7.03     -3.90  0.        3997.831      -1680.808       2191.621    0.000  -0.134   0.367   0.
  2017 352 15 27  4 507 352.643802167       1.80      6.85     -0.97  0.        3998.485      -1679.288       2194.513    0.000  -0.134   0.367   0.
  2017 352 15 27  5 507 352.643813741      -0.29      2.46     -0.37  0.        3999.137      -1677.768       2197.403    0.000  -0.134   0.367   0.
  2017 352 15 27  6 507 352.643825315      -1.58      2.97      0.97  0.        3999.787      -1676.247       2200.293    0.000  -0.134   0.368   0.
  2017 352 15 27  7 507 352.643836889      -2.05      4.93      2.35  0.        4000.436      -1674.725       2203.182    0.000  -0.134   0.368   0.
  2017 352 15 27  8 507 352.643848464       6.12      1.08     -1.14  0.        4001.084      -1673.203       2206.070    0.000  -0.134   0.368   0.
  2017 352 15 27  9 507 352.643860038       9.93      0.91     -5.66  0.        4001.730      -1671.680       2208.957    0.000  -0.134   0.368   0.
  2017 352 15 27 10 507 352.643871612       4.61      1.73     -2.31  0.        4002.374      -1670.157       2211.844    0.000  -0.134   0.369   0.
  2017 352 15 27 11 507 352.643883186       1.00      1.15      1.69  0.        4003.017      -1668.632       2214.729    0.000  -0.134   0.369   0.
  2017 352 15 27 12 507 352.643894760       0.09      5.35      5.72  0.        4003.659      -1667.108       2217.614    0.000  -0.134   0.369   0.
  2017 352 15 27 13 507 352.643906334      -2.74      8.87      6.42  0.        4004.299      -1665.582       2220.498    0.000  -0.134   0.369   0.
  2017 352 15 27 14 507 352.643917908      -4.30      9.22      1.29  0.        4004.937      -1664.057       2223.381    0.000  -0.135   0.370   0.
  2017 352 15 27 15 507 352.643929482      -2.53      5.40     -2.91  0.        4005.575      -1662.530       2226.264    0.000  -0.135   0.370   0.
  2017 352 15 27 16 507 352.643941056       0.86      3.29     -2.09  0.        4006.210      -1661.003       2229.145    0.000  -0.134   0.369   0.
  2017 352 15 27 17 507 352.643952630       0.22      2.20     -1.85  0.        4006.844      -1659.475       2232.026    0.000  -0.134   0.369   0.
  2017 352 15 27 18 507 352.643964204      -0.97      3.78      0.17  0.        4007.477      -1657.947       2234.906    0.000  -0.135   0.370   0.
  2017 352 15 27 19 507 352.643975778       0.11      3.36     -0.40  0.        4008.108      -1656.418       2237.785    0.000  -0.135   0.370   0.
  2017 352 15 27 20 507 352.643987352       1.27      1.42      0.16  0.        4008.738      -1654.888       2240.663    0.000  -0.135   0.371   0.
  2017 352 15 27 21 507 352.643998927       3.89      2.23      0.84  0.        4009.366      -1653.358       2243.541    0.000  -0.135   0.371   0.
  2017 352 15 27 22 507 352.644010501       2.87      2.16     -0.65  0.        4009.993      -1651.827       2246.417    0.000  -0.135   0.371   0.
  2017 352 15 27 23 507 352.644022075       4.10      4.28     -0.57  0.        4010.618      -1650.296       2249.293    0.000  -0.135   0.371   0.
  2017 352 15 27 24 507 352.644033649       4.08      5.59     -2.22  0.        4011.242      -1648.764       2252.168    0.000  -0.135   0.372   0.
  2017 352 15 27 25 507 352.644045223       1.11      3.97     -2.20  0.        4011.865      -1647.231       2255.042    0.000  -0.135   0.372   0.
  2017 352 15 27 26 507 352.644056797      -1.46      3.08     -1.45  0.        4012.486      -1645.698       2257.915    0.000  -0.135   0.372   0.
  2017 352 15 27 27 507 352.644068371      -1.64      5.04     -1.62  0.        4013.105      -1644.164       2260.788    0.000  -0.135   0.372   0.
  2017 352 15 27 28 507 352.644079945      -1.13      6.02     -0.43  0.        4013.723      -1642.630       2263.659    0.000  -0.135   0.372   0.
  2017 352 15 27 29 507 352.644091519       1.14      4.63     -1.21  0.        4014.340      -1641.095       2266.530    0.000  -0.135   0.372   0.
  2017 352 15 27 30 507 352.644103093       1.08      5.50     -2.62  0.        4014.955      -1639.559       2269.400    0.000  -0.136   0.372   0.
  2017 352 15 27 31 507 352.644114667       1.85      6.13      1.45  0.        4015.568      -1638.023       2272.269    0.000  -0.136   0.372   0.
  2017 352 15 27 32 507 352.644126241       1.80      0.37     -1.62  0.        4016.180      -1636.486       2275.137    0.000  -0.136   0.373   0.
  2017 352 15 27 33 506 352.644137815       0.44      2.01      0.58  0.        4016.791      -1634.948       2278.005    0.000  -0.136   0.373   0.
  2017 352 15 27 34 506 352.644149387       0.91      2.03      0.16  0.        4017.400      -1633.410       2280.871    0.000  -0.136   0.373   0.
  2017 352 15 27 35 507 352.644160961      -1.77      2.62      0.49  0.        4018.008      -1631.872       2283.737    0.000  -0.136   0.373   0.
  2017 352 15 27 36 507 352.644172535      -3.77      3.07      2.98  0.        4018.614      -1630.333       2286.602    0.000  -0.136   0.374   0.
  2017 352 15 27 37 507 352.644184109       0.66      1.09      1.75  0.        4019.219      -1628.793       2289.466    0.000  -0.136   0.374   0.
  2017 352 15 27 38 507 352.644195683       1.72      1.31     -3.24  0.        4019.822      -1627.252       2292.329    0.000  -0.136   0.374   0.
  2017 352 15 27 39 507 352.644207257      -0.39      1.31     -3.67  0.        4020.424      -1625.712       2295.192    0.000  -0.136   0.374   0.
  2017 352 15 27 40 506 352.644218831      -2.28      3.43     -1.61  0.        4021.025      -1624.170       2298.053    0.000  -0.136   0.374   0.
  2017 352 15 27 41 506 352.644230405       0.48      3.61     -1.11  0.        4021.624      -1622.628       2300.914    0.000  -0.136   0.374   0.
  2017 352 15 27 42 506 352.644241979      -0.94      4.96     -2.75  0.        4022.221      -1621.085       2303.774    0.000  -0.136   0.375   0.
  2017 352 15 27 43 506 352.644253553      -3.35      2.89      0.01  0.        4022.818      -1619.542       2306.633    0.000  -0.136   0.375   0.
  2017 352 15 27 44 506 352.644265127      -3.27      1.56      1.25  0.        4023.412      -1617.998       2309.492    0.000  -0.136   0.375   0.
  2017 352 15 27 45 507 352.644276701      -1.06      1.37      0.93  0.        4024.005      -1616.453       2312.349    0.000  -0.136   0.375   0.
  2017 352 15 27 46 507 352.644288275      -0.89      1.82     -0.02  0.        4024.597      -1614.908       2315.206    0.000  -0.137   0.375   0.
  2017 352 15 27 47 506 352.644299850      -2.29      1.46     -0.90  0.        4025.188      -1613.363       2318.061    0.000  -0.137   0.375   0.
  2017 352 15 27 48 506 352.644311424      -2.48      1.09     -0.13  0.        4025.776      -1611.816       2320.916    0.000  -0.137   0.375   0.
  2017 352 15 27 49 507 352.644322998      -0.94      3.55     -0.00  0.        4026.364      -1610.270       2323.770    0.000  -0.137   0.375   0.
  2017 352 15 27 50 507 352.644334572       0.24      3.93     -1.51  0.        4026.950      -1608.722       2326.624    0.000  -0.137   0.376   0.
  2017 352 15 27 51 507 352.644346146       0.18      5.22     -0.67  0.        4027.534      -1607.174       2329.476    0.000  -0.137   0.376   0.
  2017 352 15 27 52 507 352.644357720       0.16      4.67     -1.00  0.        4028.117      -1605.626       2332.328    0.000  -0.137   0.376   0.
  2017 352 15 27 53 507 352.644369294      -0.78      4.15     -2.22  0.        4028.699      -1604.077       2335.178    0.000  -0.137   0.376   0.
  2017 352 15 27 54 506 352.644380868      -0.04      3.65      0.60  0.        4029.279      -1602.527       2338.028    0.000  -0.137   0.377   0.
  2017 352 15 27 55 506 352.644392442       0.48      2.09     -1.88  0.        4029.858      -1600.977       2340.877    0.000  -0.137   0.377   0.
  2017 352 15 27 56 506 352.644404016      -0.85      1.47     -0.41  0.        4030.435      -1599.426       2343.725    0.000  -0.137   0.377   0.
  2017 352 15 27 57 506 352.644415590       2.38      2.93     -0.46  0.        4031.011      -1597.875       2346.573    0.000  -0.137   0.377   0.
  2017 352 15 27 58 506 352.644427164       5.96      3.78     -2.33  0.        4031.586      -1596.323       2349.420    0.000  -0.137   0.377   0.
  2017 352 15 27 59 507 352.644438738       2.31      3.85     -1.38  0.        4032.159      -1594.770       2352.265    0.000  -0.137   0.377   0.
  2017 352 15 28  0 506 352.644450312      -0.36      4.47      2.41  0.        4032.730      -1593.217       2355.110    0.000  -0.137   0.377   0.
  2017 352 15 28  1 506 352.644461887      -0.26      4.48      3.13  0.        4033.300      -1591.663       2357.954    0.000  -0.137   0.377   0.
  2017 352 15 28  2 507 352.644473461      -2.31      5.19      2.27  0.        4033.869      -1590.109       2360.797    0.000  -0.138   0.378   0.
  2017 352 15 28  3 507 352.644485034      -1.25      6.16      3.08  0.        4034.436      -1588.554       2363.640    0.000  -0.138   0.378   0.
  2017 352 15 28  4 506 352.644496606       0.64      5.75      3.09  0.        4035.002      -1586.999       2366.481    0.000  -0.137   0.378   0.
  2017 352 15 28  5 506 352.644508180       0.65      2.15     -1.49  0.        4035.567      -1585.443       2369.322    0.000  -0.137   0.378   0.
  2017 352 15 28  6 506 352.644519754       4.18      2.03      0.80  0.        4036.130      -1583.887       2372.162    0.000  -0.138   0.378   0.
  2017 352 15 28  7 506 352.644531328       5.38      1.71     -1.40  0.        4036.691      -1582.330       2375.001    0.000  -0.138   0.378   0.
  2017 352 15 28  8 506 352.644542902       1.37      1.96     -2.77  0.        4037.251      -1580.772       2377.839    0.000  -0.138   0.378   0.
  2017 352 15 28  9 506 352.644554476      -1.17      3.53     -2.72  0.        4037.810      -1579.214       2380.676    0.000  -0.138   0.378   0.
  2017 352 15 28 10 506 352.644566050      -0.61      4.49     -2.07  0.        4038.367      -1577.655       2383.512    0.000  -0.138   0.378   0.
  2017 352 15 28 11 506 352.644577624       2.12      5.80     -0.42  0.        4038.923      -1576.096       2386.348    0.000  -0.138   0.378   0.
  2017 352 15 28 12 506 352.644589198       3.79      5.40     -0.56  0.        4039.477      -1574.536       2389.183    0.000  -0.138   0.378   0.
  2017 352 15 28 13 506 352.644600773       5.19      6.14     -2.21  0.        4040.030      -1572.976       2392.017    0.000  -0.138   0.378   0.
  2017 352 15 28 14 506 352.644612347       4.26      4.47     -1.93  0.        4040.582      -1571.415       2394.850    0.000  -0.138   0.378   0.
  2017 352 15 28 15 506 352.644623921       0.37      1.81     -0.56  0.        4041.132      -1569.853       2397.682    0.000  -0.138   0.378   0.
  2017 352 15 28 16 506 352.644635495      -0.14      1.39     -1.51  0.        4041.681      -1568.291       2400.513    0.000  -0.138   0.379   0.
  2017 352 15 28 17 506 352.644647069      -0.54      1.44     -0.05  0.        4042.228      -1566.728       2403.344    0.000  -0.138   0.379   0.
  2017 352 15 28 18 506 352.644658643       2.05      1.72     -1.28  0.        4042.774      -1565.165       2406.174    0.000  -0.138   0.379   0.
  2017 352 15 28 19 506 352.644670217       3.08      2.62     -1.11  0.        4043.318      -1563.602       2409.003    0.000  -0.138   0.379   0.
  2017 352 15 28 20 506 352.644681791       4.35      3.11     -2.48  0.        4043.862      -1562.037       2411.831    0.000  -0.138   0.379   0.
  2017 352 15 28 21 506 352.644693365       3.09      3.78     -4.56  0.        4044.403      -1560.473       2414.658    0.000  -0.138   0.379   0.
  2017 352 15 28 22 506 352.644704939       2.96      3.23     -5.08  0.        4044.944      -1558.907       2417.484    0.000  -0.138   0.379   0.
  2017 352 15 28 23 506 352.644716513      -0.88      2.05     -3.90  0.        4045.482      -1557.341       2420.309    0.000  -0.138   0.379   0.
  2017 352 15 28 24 506 352.644728087      -2.94     -0.82     -3.62  0.        4046.020      -1555.775       2423.134    0.000  -0.138   0.379   0.
  2017 352 15 28 25 506 352.644739661      -3.54     -0.15     -2.85  0.        4046.556      -1554.208       2425.958    0.000  -0.138   0.379   0.
  2017 352 15 28 26 506 352.644751236      -2.22      0.39     -1.52  0.        4047.090      -1552.641       2428.781    0.000  -0.138   0.379   0.
  2017 352 15 28 27 506 352.644762810      -1.30      2.66     -0.54  0.        4047.623      -1551.073       2431.603    0.000  -0.138   0.379   0.
  2017 352 15 28 28 506 352.644774384      -1.13      2.25      0.15  0.        4048.155      -1549.504       2434.424    0.000  -0.138   0.379   0.
  2017 352 15 28 29 506 352.644785958      -2.14      3.80     -0.15  0.        4048.686      -1547.935       2437.244    0.000  -0.138   0.379   0.
  2017 352 15 28 30 506 352.644797532      -1.93      4.43      0.92  0.        4049.215      -1546.365       2440.064    0.000  -0.138   0.379   0.
  2017 352 15 28 31 506 352.644809106      -1.51      4.59     -0.57  0.        4049.742      -1544.795       2442.882    0.000  -0.138   0.379   0.
  2017 352 15 28 32 506 352.644820677      -0.82      3.76     -0.44  0.        4050.268      -1543.224       2445.700    0.000  -0.138   0.380   0.
  2017 352 15 28 33 506 352.644832251      -1.68      3.01      0.56  0.        4050.793      -1541.653       2448.517    0.000  -0.138   0.380   0.
  2017 352 15 28 34 506 352.644843825       0.08      1.56     -0.34  0.        4051.316      -1540.081       2451.333    0.000  -0.138   0.379   0.
  2017 352 15 28 35 506 352.644855399      -1.79      0.96     -1.34  0.        4051.838      -1538.509       2454.149    0.000  -0.138   0.379   0.
  2017 352 15 28 36 506 352.644866973       0.80      2.83     -0.88  0.        4052.359      -1536.936       2456.963    0.000  -0.138   0.380   0.
  2017 352 15 28 37 506 352.644878547      -1.29      0.23     -0.48  0.        4052.878      -1535.363       2459.777    0.000  -0.138   0.380   0.
  2017 352 15 28 38 506 352.644890121      -1.83      1.49     -1.25  0.        4053.395      -1533.789       2462.589    0.000  -0.138   0.379   0.
  2017 352 15 28 39 506 352.644901696      -1.36      1.68     -0.85  0.        4053.912      -1532.214       2465.401    0.000  -0.138   0.379   0.
  2017 352 15 28 40 506 352.644913270      -0.69     -0.89      0.74  0.        4054.427      -1530.639       2468.212    0.000  -0.138   0.379   0.
  2017 352 15 28 41 506 352.644924844       1.77      3.76      0.13  0.        4054.940      -1529.064       2471.022    0.000  -0.138   0.379   0.
  2017 352 15 28 42 506 352.644936418       4.48      6.65     -3.02  0.        4055.452      -1527.488       2473.831    0.000  -0.138   0.380   0.
  2017 352 15 28 43 506 352.644947992       0.54      5.23      1.78  0.        4055.963      -1525.911       2476.640    0.000  -0.138   0.380   0.
  2017 352 15 28 44 506 352.644959566      -2.41     -2.27      1.46  0.        4056.472      -1524.334       2479.447    0.000  -0.138   0.379   0.
  2017 352 15 28 45 506 352.644971140      -1.33     -1.86     -2.99  0.        4056.980      -1522.756       2482.254    0.000  -0.138   0.379   0.
  2017 352 15 28 46 506 352.644982714      -0.22      2.38      0.28  0.        4057.487      -1521.178       2485.060    0.000  -0.138   0.380   0.
  2017 352 15 28 47 506 352.644994288       3.39      1.38      0.05  0.        4057.992      -1519.600       2487.865    0.000  -0.138   0.380   0.
  2017 352 15 28 48 506 352.645005862       5.16      0.48     -1.30  0.        4058.496      -1518.021       2490.669    0.000  -0.138   0.379   0.
  2017 352 15 28 49 506 352.645017436       5.42      1.99     -3.79  0.        4058.998      -1516.441       2493.472    0.000  -0.138   0.379   0.
  2017 352 15 28 50 506 352.645029010       6.90      3.51     -4.15  0.        4059.499      -1514.861       2496.275    0.000  -0.138   0.379   0.
  2017 352 15 28 51 506 352.645040585       0.90      4.25     -1.21  0.        4059.999      -1513.280       2499.077    0.000  -0.138   0.379   0.
  2017 352 15 28 52 506 352.645052159      -4.32      1.59      1.71  0.        4060.497      -1511.699       2501.877    0.000  -0.138   0.379   0.
  2017 352 15 28 53 506 352.645063733      -5.21      1.58      1.55  0.        4060.994      -1510.117       2504.677    0.000  -0.138   0.379   0.
  2017 352 15 28 54 506 352.645075307      -3.86      3.43      1.49  0.        4061.489      -1508.535       2507.476    0.000  -0.138   0.379   0.
  2017 352 15 28 55 506 352.645086881      -1.63      4.93     -0.03  0.        4061.983      -1506.952       2510.274    0.000  -0.138   0.379   0.
  2017 352 15 28 56 506 352.645098455       0.06      5.32     -0.30  0.        4062.476      -1505.369       2513.072    0.000  -0.138   0.380   0.
  2017 352 15 28 57 506 352.645110029       1.26      2.34     -0.59  0.        4062.967      -1503.785       2515.868    0.000  -0.138   0.380   0.
  2017 352 15 28 58 506 352.645121603       2.03      1.72     -1.00  0.        4063.457      -1502.200       2518.664    0.000  -0.138   0.379   0.
  2017 352 15 28 59 506 352.645133177       1.08      2.55     -1.34  0.        4063.946      -1500.616       2521.458    0.000  -0.138   0.379   0.
  2017 352 15 29  0 506 352.645144751       1.13      4.08     -2.74  0.        4064.433      -1499.030       2524.252    0.000  -0.138   0.380   0.
  2017 352 15 29  1 506 352.645156325       0.20      4.06     -1.06  0.        4064.919      -1497.444       2527.045    0.000  -0.138   0.380   0.
  2017 352 15 29  2 506 352.645167896       0.02      2.48     -0.75  0.        4065.403      -1495.858       2529.837    0.000  -0.138   0.379   0.
  2017 352 15 29  3 506 352.645179470      -0.84      2.26     -1.33  0.        4065.886      -1494.271       2532.629    0.000  -0.138   0.379   0.
  2017 352 15 29  4 506 352.645191045      -1.70      2.02     -1.09  0.        4066.368      -1492.684       2535.419    0.000  -0.138   0.379   0.
  2017 352 15 29  5 506 352.645202619      -1.81      2.93     -0.25  0.        4066.848      -1491.096       2538.209    0.000  -0.138   0.379   0.
  2017 352 15 29  6 506 352.645214193      -0.68      1.51      0.09  0.        4067.327      -1489.508       2540.997    0.000  -0.138   0.380   0.
  2017 352 15 29  7 506 352.645225767      -0.83      2.16     -1.23  0.        4067.805      -1487.919       2543.785    0.000  -0.138   0.380   0.
  2017 352 15 29  8 506 352.645237341       0.43      2.18     -0.86  0.        4068.281      -1486.329       2546.572    0.000  -0.138   0.379   0.
  2017 352 15 29  9 506 352.645248915      -2.14      3.02      0.44  0.        4068.756      -1484.739       2549.359    0.000  -0.138   0.379   0.
  2017 352 15 29 10 506 352.645260489      -1.02      3.03     -0.73  0.        4069.229      -1483.149       2552.144    0.000  -0.138   0.380   0.
  2017 352 15 29 11 506 352.645272063      -2.04      3.54     -1.47  0.        4069.701      -1481.558       2554.929    0.000  -0.138   0.380   0.
  2017 352 15 29 12 506 352.645283637      -3.28      3.92     -0.42  0.        4070.172      -1479.967       2557.712    0.000  -0.138   0.379   0.
  2017 352 15 29 13 506 352.645295211      -1.45      1.45     -0.29  0.        4070.641      -1478.375       2560.494    0.000  -0.138   0.379   0.
  2017 352 15 29 14 506 352.645306785      -0.85     -0.47     -0.90  0.        4071.109      -1476.783       2563.276    0.000  -0.138   0.380   0.
  2017 352 15 29 15 506 352.645318359      -1.13      0.09     -2.01  0.        4071.576      -1475.190       2566.057    0.000  -0.138   0.380   0.
  2017 352 15 29 16 506 352.645329933      -1.68      1.63     -0.28  0.        4072.041      -1473.596       2568.837    0.000  -0.138   0.379   0.
  2017 352 15 29 17 506 352.645341508      -1.24      2.47      0.90  0.        4072.505      -1472.002       2571.617    0.000  -0.138   0.379   0.
  2017 352 15 29 18 506 352.645353082      -0.64      0.98      0.34  0.        4072.967      -1470.408       2574.395    0.000  -0.138   0.379   0.
  2017 352 15 29 19 506 352.645364656      -0.60      1.58      0.57  0.        4073.428      -1468.813       2577.172    0.000  -0.138   0.379   0.
  2017 352 15 29 20 506 352.645376230       2.07      1.77      2.13  0.        4073.888      -1467.218       2579.949    0.000  -0.138   0.380   0.
  2017 352 15 29 21 506 352.645387804       5.57      2.38      0.69  0.        4074.347      -1465.622       2582.725    0.000  -0.138   0.380   0.
  2017 352 15 29 22 506 352.645399378       6.51      3.28      2.06  0.        4074.804      -1464.026       2585.500    0.000  -0.138   0.379   0.
  2017 352 15 29 23 506 352.645410952       6.44      4.03      0.45  0.        4075.259      -1462.429       2588.274    0.000  -0.138   0.379   0.
  2017 352 15 29 24 506 352.645422526       5.06      5.68     -0.70  0.        4075.714      -1460.832       2591.047    0.000  -0.138   0.380   0.
  2017 352 15 29 25 506 352.645434100       5.35      6.85     -0.20  0.        4076.167      -1459.234       2593.819    0.000  -0.138   0.380   0.
  2017 352 15 29 26 506 352.645445674       5.27      7.92     -2.64  0.        4076.618      -1457.636       2596.591    0.000  -0.138   0.379   0.
  2017 352 15 29 27 506 352.645457248       1.25      4.84      0.08  0.        4077.069      -1456.037       2599.361    0.000  -0.138   0.379   0.
  2017 352 15 29 28 506 352.645468822      -0.67     -0.06     -0.34  0.        4077.518      -1454.438       2602.131    0.000  -0.138   0.380   0.
  2017 352 15 29 29 506 352.645480396      -0.65      0.96     -3.09  0.        4077.965      -1452.838       2604.900    0.000  -0.138   0.380   0.
  2017 352 15 29 30 506 352.645491970      -0.76      1.06     -2.14  0.        4078.411      -1451.238       2607.668    0.000  -0.138   0.379   0.
  2017 352 15 29 31 506 352.645503544      -1.92      0.50     -0.97  0.        4078.856      -1449.637       2610.435    0.000  -0.138   0.379   0.
  2017 352 15 29 32 506 352.645515116      -2.64      0.25     -0.92  0.        4079.300      -1448.036       2613.201    0.000  -0.138   0.380   0.
  2017 352 15 29 33 506 352.645526690      -3.03      0.45     -1.11  0.        4079.742      -1446.435       2615.967    0.000  -0.138   0.380   0.
  2017 352 15 29 34 506 352.645538264      -2.84      0.55     -1.59  0.        4080.183      -1444.832       2618.731    0.000  -0.138   0.379   0.
  2017 352 15 29 35 506 352.645549838      -2.32      0.21     -1.67  0.        4080.622      -1443.230       2621.495    0.000  -0.138   0.379   0.
  2017 352 15 29 36 505 352.645561412      -0.98      0.58     -2.45  0.        4081.060      -1441.627       2624.258    0.000  -0.138   0.380   0.
  2017 352 15 29 37 505 352.645572986      -0.82      2.14     -3.34  0.        4081.497      -1440.023       2627.020    0.000  -0.138   0.380   0.
  2017 352 15 29 38 505 352.645584560      -1.51      3.21     -2.34  0.        4081.932      -1438.419       2629.781    0.000  -0.138   0.379   0.
  2017 352 15 29 39 505 352.645596134      -1.99      2.49     -0.80  0.        4082.367      -1436.815       2632.541    0.000  -0.138   0.379   0.
  2017 352 15 29 40 505 352.645607708      -1.83      2.58     -1.12  0.        4082.800      -1435.210       2635.300    0.000  -0.138   0.379   0.
  2017 352 15 29 41 506 352.645619282      -1.54      2.96     -0.56  0.        4083.231      -1433.605       2638.059    0.000  -0.138   0.379   0.
  2017 352 15 29 42 506 352.645630856      -0.34      2.55     -0.80  0.        4083.661      -1431.999       2640.816    0.000  -0.138   0.379   0.
  2017 352 15 29 43 505 352.645642431       0.76      3.67     -0.61  0.        4084.090      -1430.392       2643.573    0.000  -0.138   0.379   0.
  2017 352 15 29 44 505 352.645654005      -1.09      1.99     -0.82  0.        4084.517      -1428.785       2646.329    0.000  -0.138   0.379   0.
  2017 352 15 29 45 506 352.645665579      -0.79      2.41     -0.26  0.        4084.943      -1427.178       2649.084    0.000  -0.138   0.379   0.
  2017 352 15 29 46 506 352.645677153      -2.60      2.43      0.75  0.        4085.368      -1425.570       2651.838    0.000  -0.138   0.379   0.
  2017 352 15 29 47 506 352.645688727      -0.49      2.97      1.05  0.        4085.791      -1423.962       2654.591    0.000  -0.138   0.379   0.
  2017 352 15 29 48 506 352.645700301      -0.75      1.36      0.16  0.        4086.213      -1422.354       2657.344    0.000  -0.138   0.379   0.
  2017 352 15 29 49 505 352.645711875      -0.87      1.82      1.72  0.        4086.634      -1420.744       2660.095    0.000  -0.138   0.379   0.
  2017 352 15 29 50 505 352.645723449       3.58      0.93     -0.51  0.        4087.053      -1419.135       2662.846    0.000  -0.138   0.379   0.
  2017 352 15 29 51 505 352.645735023       5.38      1.55     -0.84  0.        4087.471      -1417.525       2665.596    0.000  -0.138   0.379   0.
  2017 352 15 29 52 505 352.645746597       7.26      1.09     -0.93  0.        4087.888      -1415.914       2668.345    0.000  -0.138   0.380   0.
  2017 352 15 29 53 505 352.645758171       6.13      1.65     -0.94  0.        4088.303      -1414.303       2671.093    0.000  -0.138   0.380   0.
  2017 352 15 29 54 506 352.645769745       6.67      3.44     -1.52  0.        4088.718      -1412.692       2673.840    0.000  -0.138   0.380   0.
  2017 352 15 29 55 506 352.645781319       5.27      3.82     -2.62  0.        4089.130      -1411.080       2676.586    0.000  -0.138   0.380   0.
  2017 352 15 29 56 505 352.645792894       5.69      4.85     -1.59  0.        4089.542      -1409.467       2679.331    0.000  -0.138   0.379   0.
  2017 352 15 29 57 505 352.645804468       6.21      6.04     -1.75  0.        4089.952      -1407.855       2682.076    0.000  -0.138   0.379   0.
  2017 352 15 29 58 506 352.645816042       6.32      7.82     -1.86  0.        4090.361      -1406.241       2684.820    0.000  -0.138   0.380   0.
  2017 352 15 29 59 506 352.645827615       4.63      7.04      1.60  0.        4090.768      -1404.628       2687.562    0.000  -0.138   0.380   0.
  2017 352 15 30  0 505 352.645839187      -0.34      1.45     -0.14  0.        4091.174      -1403.013       2690.304    0.000  -0.138   0.379   0.
  2017 352 15 30  1 505 352.645850761       0.08      2.55     -0.12  0.        4091.579      -1401.399       2693.045    0.000  -0.138   0.379   0.
  2017 352 15 30  2 505 352.645862335       0.89      2.42     -0.31  0.        4091.982      -1399.784       2695.786    0.000  -0.138   0.379   0.
  2017 352 15 30  3 505 352.645873909       0.78      1.35     -1.49  0.        4092.385      -1398.168       2698.525    0.000  -0.138   0.379   0.
  2017 352 15 30  4 505 352.645885483      -0.64      1.54     -0.18  0.        4092.785      -1396.552       2701.263    0.000  -0.138   0.380   0.
  2017 352 15 30  5 505 352.645897057       0.41      2.21      0.25  0.        4093.185      -1394.936       2704.001    0.000  -0.138   0.380   0.
  2017 352 15 30  6 505 352.645908631       1.03      1.22     -1.26  0.        4093.583      -1393.319       2706.737    0.000  -0.138   0.379   0.
  2017 352 15 30  7 505 352.645920205      -0.01      1.28      0.02  0.        4093.980      -1391.701       2709.473    0.000  -0.138   0.379   0.
  2017 352 15 30  8 505 352.645931779       0.95      2.09      0.37  0.        4094.375      -1390.084       2712.208    0.000  -0.138   0.380   0.
  2017 352 15 30  9 505 352.645943354       1.62      1.95     -0.58  0.        4094.770      -1388.465       2714.942    0.000  -0.138   0.380   0.
  2017 352 15 30 10 505 352.645954928       0.44      0.89     -0.89  0.        4095.163      -1386.847       2717.675    0.000  -0.138   0.380   0.
  2017 352 15 30 11 505 352.645966502      -0.17      1.50     -1.70  0.        4095.554      -1385.228       2720.408    0.000  -0.138   0.380   0.
  2017 352 15 30 12 505 352.645978076       0.61      3.72      0.27  0.        4095.944      -1383.608       2723.139    0.000  -0.138   0.379   0.
  2017 352 15 30 13 505 352.645989650       1.33      1.52      0.80  0.        4096.333      -1381.988       2725.870    0.000  -0.138   0.379   0.
  2017 352 15 30 14 505 352.646001224       2.12      0.76     -0.86  0.        4096.721      -1380.367       2728.599    0.000  -0.138   0.380   0.
  2017 352 15 30 15 505 352.646012798      -1.13      1.60     -0.62  0.        4097.108      -1378.747       2731.328    0.000  -0.138   0.380   0.
  2017 352 15 30 16 505 352.646024372      -1.29      3.48      0.17  0.        4097.493      -1377.125       2734.056    0.000  -0.138   0.379   0.
  2017 352 15 30 17 505 352.646035946       0.15      3.63     -0.28  0.        4097.876      -1375.503       2736.783    0.000  -0.138   0.379   0.
  2017 352 15 30 18 505 352.646047520      -1.79      4.86      0.11  0.        4098.259      -1373.881       2739.510    0.000  -0.138   0.379   0.
  2017 352 15 30 19 505 352.646059094      -2.89      3.76      1.09  0.        4098.640      -1372.259       2742.235    0.000  -0.138   0.379   0.
  2017 352 15 30 20 505 352.646070668       1.09      4.45     -0.50  0.        4099.020      -1370.635       2744.959    0.000  -0.138   0.380   0.
  2017 352 15 30 21 505 352.646082242       0.11      1.94     -0.72  0.        4099.398      -1369.012       2747.683    0.000  -0.138   0.380   0.
  2017 352 15 30 22 505 352.646093817       1.33      2.18     -0.79  0.        4099.775      -1367.388       2750.406    0.000  -0.138   0.379   0.
  2017 352 15 30 23 505 352.646105391       2.44      2.03     -0.84  0.        4100.151      -1365.764       2753.127    0.000  -0.138   0.379   0.
  2017 352 15 30 24 505 352.646116965      -0.15      1.50      0.19  0.        4100.526      -1364.139       2755.848    0.000  -0.138   0.380   0.
  2017 352 15 30 25 505 352.646128539       0.25      1.96      0.38  0.        4100.899      -1362.513       2758.568    0.000  -0.138   0.380   0.
  2017 352 15 30 26 505 352.646140113       1.56      2.93     -0.41  0.        4101.271      -1360.888       2761.287    0.000  -0.138   0.380   0.
  2017 352 15 30 27 505 352.646151687       1.62      3.02     -0.69  0.        4101.642      -1359.262       2764.006    0.000  -0.138   0.380   0.
  2017 352 15 30 28 505 352.646163261       1.28      3.33     -1.04  0.        4102.011      -1357.635       2766.723    0.000  -0.138   0.380   0.
  2017 352 15 30 29 505 352.646174835       1.94      4.04      0.13  0.        4102.379      -1356.008       2769.440    0.000  -0.138   0.380   0.
  2017 352 15 30 30 505 352.646186409       2.61      3.38      0.80  0.        4102.746      -1354.381       2772.155    0.000  -0.138   0.380   0.
  2017 352 15 30 31 505 352.646197983       2.04      1.63     -1.89  0.        4103.112      -1352.753       2774.870    0.000  -0.138   0.380   0.
  2017 352 15 30 32 505 352.646209554       0.80      1.80     -0.52  0.        4103.476      -1351.124       2777.584    0.000  -0.138   0.379   0.
  2017 352 15 30 33 505 352.646221129       0.75      2.75      0.02  0.        4103.839      -1349.496       2780.297    0.000  -0.138   0.379   0.
  2017 352 15 30 34 505 352.646232703       0.00      3.68      0.34  0.        4104.200      -1347.867       2783.009    0.000  -0.138   0.379   0.
  2017 352 15 30 35 505 352.646244277      -0.59      1.72      0.15  0.        4104.561      -1346.237       2785.720    0.000  -0.138   0.379   0.
  2017 352 15 30 36 505 352.646255851      -0.53      1.51      0.28  0.        4104.920      -1344.607       2788.431    0.000  -0.138   0.379   0.
  2017 352 15 30 37 505 352.646267425       0.63      1.48      0.20  0.        4105.278      -1342.977       2791.140    0.000  -0.138   0.379   0.
  2017 352 15 30 38 505 352.646278999       1.66      1.58      0.20  0.        4105.634      -1341.346       2793.849    0.000  -0.138   0.380   0.
  2017 352 15 30 39 505 352.646290573       2.32      1.47     -0.16  0.        4105.989      -1339.715       2796.557    0.000  -0.138   0.380   0.
  2017 352 15 30 40 505 352.646302147       3.16      1.20     -0.29  0.        4106.343      -1338.083       2799.264    0.000  -0.138   0.379   0.
  2017 352 15 30 41 505 352.646313721       4.21      2.89      0.75  0.        4106.695      -1336.451       2801.970    0.000  -0.138   0.379   0.
  2017 352 15 30 42 505 352.646325295       1.34      1.79      0.32  0.        4107.047      -1334.818       2804.675    0.000  -0.138   0.380   0.
  2017 352 15 30 43 505 352.646336869       1.00      2.30      0.13  0.        4107.397      -1333.185       2807.379    0.000  -0.138   0.380   0.
  2017 352 15 30 44 505 352.646348443       1.21      2.41     -0.25  0.        4107.746      -1331.552       2810.082    0.000  -0.138   0.380   0.
  2017 352 15 30 45 505 352.646360017      -0.70      1.14     -0.44  0.        4108.093      -1329.918       2812.785    0.000  -0.138   0.380   0.
  2017 352 15 30 46 505 352.646371591      -1.71      1.10      0.22  0.        4108.440      -1328.284       2815.486    0.000  -0.138   0.380   0.
  2017 352 15 30 47 505 352.646383166      -1.54      1.73      1.68  0.        4108.784      -1326.650       2818.187    0.000  -0.138   0.380   0.
  2017 352 15 30 48 505 352.646394740       0.53      2.89      0.78  0.        4109.128      -1325.015       2820.887    0.000  -0.138   0.380   0.
  2017 352 15 30 49 505 352.646406314       0.68      1.89      0.25  0.        4109.470      -1323.379       2823.586    0.000  -0.138   0.380   0.
  2017 352 15 30 50 505 352.646417888      -0.75      2.42     -1.86  0.        4109.811      -1321.744       2826.284    0.000  -0.138   0.380   0.
  2017 352 15 30 51 505 352.646429462      -0.83      1.56     -0.64  0.        4110.151      -1320.107       2828.981    0.000  -0.138   0.380   0.
  2017 352 15 30 52 505 352.646441036      -1.13      1.77     -0.56  0.        4110.490      -1318.471       2831.677    0.000  -0.138   0.380   0.
  2017 352 15 30 53 505 352.646452610      -0.58      1.89      0.16  0.        4110.827      -1316.834       2834.373    0.000  -0.138   0.380   0.
  2017 352 15 30 54 505 352.646464184       0.32      2.47     -0.06  0.        4111.163      -1315.196       2837.067    0.000  -0.138   0.379   0.
  2017 352 15 30 55 505 352.646475758      -0.80      0.98     -0.66  0.        4111.498      -1313.558       2839.761    0.000  -0.138   0.379   0.
  2017 352 15 30 56 505 352.646487332       0.17      2.07     -0.26  0.        4111.831      -1311.920       2842.454    0.000  -0.138   0.380   0.
  2017 352 15 30 57 505 352.646498906       1.37      1.88     -1.98  0.        4112.163      -1310.281       2845.146    0.000  -0.138   0.380   0.
  2017 352 15 30 58 505 352.646510480      -0.07      3.10     -2.33  0.        4112.494      -1308.642       2847.837    0.000  -0.138   0.380   0.
  2017 352 15 30 59 505 352.646522054       0.67      2.42     -1.02  0.        4112.824      -1307.003       2850.527    0.000  -0.138   0.380   0.
  2017 352 15 31  0 505 352.646533626       0.94      1.87     -0.49  0.        4113.152      -1305.363       2853.216    0.000  -0.138   0.380   0.
  2017 352 15 31  1 505 352.646545200       1.61      1.05     -0.43  0.        4113.479      -1303.723       2855.904    0.000  -0.138   0.380   0.
  2017 352 15 31  2 505 352.646556774       0.80      1.31     -0.08  0.        4113.805      -1302.082       2858.592    0.000  -0.138   0.380   0.
  2017 352 15 31  3 505 352.646568348       0.84      2.42     -0.64  0.        4114.129      -1300.441       2861.279    0.000  -0.138   0.380   0.
  2017 352 15 31  4 505 352.646579922      -1.82      2.39      0.74  0.        4114.452      -1298.799       2863.964    0.000  -0.138   0.380   0.
  2017 352 15 31  5 505 352.646591496      -0.53      2.65      1.24  0.        4114.774      -1297.157       2866.649    0.000  -0.138   0.380   0.
  2017 352 15 31  6 505 352.646603070       0.69      2.59      0.76  0.        4115.095      -1295.515       2869.333    0.000  -0.138   0.380   0.
  2017 352 15 31  7 505 352.646614644       1.24      1.74      0.23  0.        4115.415      -1293.872       2872.016    0.000  -0.138   0.380   0.
  2017 352 15 31  8 505 352.646626218       1.44      2.14     -0.68  0.        4115.733      -1292.229       2874.698    0.000  -0.138   0.380   0.
  2017 352 15 31  9 505 352.646637792       1.70      2.67     -0.31  0.        4116.050      -1290.586       2877.379    0.000  -0.138   0.380   0.
  2017 352 15 31 10 505 352.646649366       1.45      2.81     -0.50  0.        4116.365      -1288.942       2880.060    0.000  -0.138   0.380   0.
  2017 352 15 31 11 505 352.646660940       2.18      3.69     -1.29  0.        4116.680      -1287.298       2882.739    0.000  -0.138   0.380   0.
  2017 352 15 31 12 505 352.646672514       1.86      4.38     -1.61  0.        4116.993      -1285.653       2885.418    0.000  -0.138   0.380   0.
  2017 352 15 31 13 505 352.646684089       0.07      4.88     -3.20  0.        4117.305      -1284.008       2888.096    0.000  -0.138   0.380   0.
  2017 352 15 31 14 505 352.646695663      -1.19      7.39     -3.18  0.        4117.615      -1282.363       2890.773    0.000  -0.138   0.380   0.
  2017 352 15 31 15 505 352.646707237      -0.24      8.27      0.22  0.        4117.925      -1280.717       2893.449    0.000  -0.138   0.380   0.
  2017 352 15 31 16 505 352.646718811       0.37      4.28      1.10  0.        4118.233      -1279.071       2896.124    0.000  -0.138   0.380   0.
  2017 352 15 31 17 505 352.646730385      -0.70      1.50      0.18  0.        4118.540      -1277.424       2898.798    0.000  -0.138   0.380   0.
  2017 352 15 31 18 505 352.646741959      -0.41      2.00      0.55  0.        4118.845      -1275.777       2901.471    0.000  -0.138   0.380   0.
  2017 352 15 31 19 505 352.646753533       0.39      1.88      0.74  0.        4119.150      -1274.129       2904.144    0.000  -0.138   0.380   0.
  2017 352 15 31 20 505 352.646765107       0.73      2.23      0.49  0.        4119.453      -1272.482       2906.815    0.000  -0.138   0.380   0.
  2017 352 15 31 21 505 352.646776681      -0.27      1.66      0.10  0.        4119.755      -1270.833       2909.486    0.000  -0.138   0.380   0.
  2017 352 15 31 22 505 352.646788255      -0.55      1.80     -0.11  0.        4120.055      -1269.185       2912.156    0.000  -0.138   0.380   0.
  2017 352 15 31 23 505 352.646799829      -0.78      2.02      0.55  0.        4120.355      -1267.536       2914.825    0.000  -0.138   0.380   0.
  2017 352 15 31 24 505 352.646811403      -1.74      1.27      0.43  0.        4120.653      -1265.887       2917.493    0.000  -0.138   0.380   0.
  2017 352 15 31 25 505 352.646822977      -1.90      1.53      0.10  0.        4120.949      -1264.237       2920.160    0.000  -0.138   0.380   0.
  2017 352 15 31 26 505 352.646834552      -1.55      2.28      1.20  0.        4121.245      -1262.587       2922.826    0.000  -0.138   0.380   0.
  2017 352 15 31 27 505 352.646846126      -0.41      2.69      0.96  0.        4121.539      -1260.936       2925.491    0.000  -0.138   0.380   0.
  2017 352 15 31 28 505 352.646857700       0.08      2.82      0.04  0.        4121.833      -1259.286       2928.156    0.000  -0.138   0.380   0.
  2017 352 15 31 29 505 352.646869273      -0.25      3.42      0.25  0.        4122.124      -1257.634       2930.819    0.000  -0.138   0.380   0.
  2017 352 15 31 30 505 352.646880845      -1.98      2.23     -2.12  0.        4122.415      -1255.983       2933.482    0.000  -0.138   0.380   0.
  2017 352 15 31 31 505 352.646892419      -1.98      1.79     -0.52  0.        4122.704      -1254.331       2936.144    0.000  -0.138   0.380   0.
  2017 352 15 31 32 504 352.646903993      -1.63      1.24     -1.69  0.        4122.993      -1252.678       2938.805    0.000  -0.138   0.380   0.
  2017 352 15 31 33 504 352.646915567      -1.51      1.64     -2.24  0.        4123.279      -1251.026       2941.465    0.000  -0.138   0.380   0.
  2017 352 15 31 34 504 352.646927141      -0.57      0.78      0.85  0.        4123.565      -1249.373       2944.124    0.000  -0.138   0.380   0.
  2017 352 15 31 35 504 352.646938715      -0.51      1.34     -0.82  0.        4123.849      -1247.719       2946.782    0.000  -0.138   0.380   0.
  2017 352 15 31 36 505 352.646950289      -1.04      1.15     -0.64  0.        4124.133      -1246.065       2949.439    0.000  -0.138   0.380   0.
  2017 352 15 31 37 505 352.646961863      -0.79      1.40     -0.03  0.        4124.415      -1244.411       2952.096    0.000  -0.138   0.380   0.
  2017 352 15 31 38 504 352.646973437      -0.65      1.56      0.91  0.        4124.695      -1242.756       2954.752    0.000  -0.138   0.380   0.
  2017 352 15 31 39 504 352.646985012       1.82      1.15      0.97  0.        4124.975      -1241.101       2957.406    0.000  -0.138   0.380   0.
  2017 352 15 31 40 505 352.646996586       2.61      0.89     -0.33  0.        4125.253      -1239.446       2960.060    0.000  -0.138   0.380   0.
  2017 352 15 31 41 505 352.647008160       2.26      1.34     -0.28  0.        4125.530      -1237.790       2962.713    0.000  -0.138   0.380   0.
  2017 352 15 31 42 505 352.647019734       1.21      1.19     -0.76  0.        4125.806      -1236.134       2965.365    0.000  -0.138   0.380   0.
  2017 352 15 31 43 505 352.647031308       0.95      2.74     -0.94  0.        4126.080      -1234.477       2968.016    0.000  -0.138   0.380   0.
  2017 352 15 31 44 505 352.647042882      -0.91      1.57     -0.52  0.        4126.353      -1232.821       2970.666    0.000  -0.138   0.380   0.
  2017 352 15 31 45 504 352.647054456      -0.27      1.57     -0.19  0.        4126.625      -1231.163       2973.316    0.000  -0.138   0.380   0.
  2017 352 15 31 46 504 352.647066030       1.07      1.44      0.30  0.        4126.896      -1229.506       2975.964    0.000  -0.138   0.380   0.
  2017 352 15 31 47 504 352.647077604      -0.03      1.37      0.32  0.        4127.166      -1227.848       2978.612    0.000  -0.138   0.380   0.
  2017 352 15 31 48 504 352.647089178      -0.72      1.13     -0.06  0.        4127.434      -1226.190       2981.259    0.000  -0.138   0.380   0.
  2017 352 15 31 49 504 352.647100752      -0.92      1.55     -0.47  0.        4127.701      -1224.531       2983.904    0.000  -0.138   0.380   0.
  2017 352 15 31 50 505 352.647112326      -0.85      2.02     -0.43  0.        4127.967      -1222.872       2986.549    0.000  -0.138   0.380   0.
  2017 352 15 31 51 505 352.647123900      -1.47      1.95     -0.29  0.        4128.232      -1221.213       2989.193    0.000  -0.138   0.380   0.
  2017 352 15 31 52 504 352.647135475      -1.46      1.32     -0.32  0.        4128.496      -1219.553       2991.837    0.000  -0.138   0.380   0.
  2017 352 15 31 53 504 352.647147049      -1.87      1.46      0.01  0.        4128.758      -1217.893       2994.479    0.000  -0.138   0.380   0.
  2017 352 15 31 54 505 352.647158623      -0.99      1.81     -0.23  0.        4129.019      -1216.232       2997.120    0.000  -0.138   0.380   0.
  2017 352 15 31 55 505 352.647170197      -1.39      1.79     -0.85  0.        4129.279      -1214.571       2999.760    0.000  -0.138   0.380   0.
  2017 352 15 31 56 505 352.647181771      -2.40      2.22      0.04  0.        4129.537      -1212.910       3002.400    0.000  -0.138   0.380   0.
  2017 352 15 31 57 505 352.647193345      -2.62      2.35     -0.27  0.        4129.795      -1211.249       3005.039    0.000  -0.138   0.380   0.
  2017 352 15 31 58 504 352.647204916      -3.30      2.36     -0.42  0.        4130.051      -1209.587       3007.677    0.000  -0.138   0.380   0.
  2017 352 15 31 59 504 352.647216490      -2.76      2.34      0.74  0.        4130.306      -1207.924       3010.314    0.000  -0.138   0.380   0.
  2017 352 15 32  0 504 352.647228064      -2.65      2.12      0.05  0.        4130.559      -1206.262       3012.950    0.000  -0.138   0.380   0.
  2017 352 15 32  1 504 352.647239638      -2.14      2.97      0.38  0.        4130.812      -1204.599       3015.585    0.000  -0.138   0.380   0.
  2017 352 15 32  2 504 352.647251212      -0.83      3.05      0.38  0.        4131.063      -1202.935       3018.219    0.000  -0.138   0.380   0.
  2017 352 15 32  3 504 352.647262786      -0.66      2.48      0.43  0.        4131.313      -1201.272       3020.852    0.000  -0.138   0.380   0.
  2017 352 15 32  4 504 352.647274361      -0.72      1.48      0.02  0.        4131.562      -1199.608       3023.485    0.000  -0.138   0.380   0.
  2017 352 15 32  5 504 352.647285935      -0.20      1.49     -0.45  0.        4131.810      -1197.943       3026.116    0.000  -0.138   0.380   0.
  2017 352 15 32  6 504 352.647297509       0.39      1.60     -0.39  0.        4132.056      -1196.278       3028.747    0.000  -0.138   0.380   0.
  2017 352 15 32  7 504 352.647309083       0.74      1.70     -0.33  0.        4132.301      -1194.613       3031.377    0.000  -0.138   0.380   0.
  2017 352 15 32  8 504 352.647320657       0.31      1.66     -0.15  0.        4132.545      -1192.948       3034.006    0.000  -0.138   0.380   0.
  2017 352 15 32  9 504 352.647332231      -0.26      1.67     -0.39  0.        4132.788      -1191.282       3036.634    0.000  -0.138   0.380   0.
  2017 352 15 32 10 504 352.647343805      -0.83      1.17     -0.53  0.        4133.029      -1189.616       3039.261    0.000  -0.138   0.380   0.
  2017 352 15 32 11 504 352.647355379      -1.71      0.70     -0.55  0.        4133.270      -1187.949       3041.887    0.000  -0.138   0.380   0.
  2017 352 15 32 12 504 352.647366953      -1.51      1.20     -0.27  0.        4133.509      -1186.283       3044.513    0.000  -0.138   0.380   0.
  2017 352 15 32 13 504 352.647378527      -2.25      1.85      0.09  0.        4133.747      -1184.615       3047.137    0.000  -0.138   0.380   0.
  2017 352 15 32 14 504 352.647390101      -0.98      2.09     -0.19  0.        4133.984      -1182.948       3049.761    0.000  -0.138   0.380   0.
  2017 352 15 32 15 504 352.647401675      -0.34      1.41     -1.13  0.        4134.219      -1181.280       3052.383    0.000  -0.138   0.380   0.
  2017 352 15 32 16 504 352.647413249      -0.80      1.03     -0.42  0.        4134.453      -1179.612       3055.005    0.000  -0.138   0.380   0.
  2017 352 15 32 17 504 352.647424823      -0.16      1.90      0.26  0.        4134.686      -1177.943       3057.626    0.000  -0.138   0.380   0.
  2017 352 15 32 18 504 352.647436398       0.99      1.43      0.90  0.        4134.918      -1176.274       3060.246    0.000  -0.138   0.380   0.
  2017 352 15 32 19 504 352.647447972       1.34      3.03      0.56  0.        4135.149      -1174.605       3062.865    0.000  -0.138   0.380   0.
  2017 352 15 32 20 504 352.647459546       0.73      2.30      0.46  0.        4135.379      -1172.935       3065.483    0.000  -0.138   0.380   0.
  2017 352 15 32 21 504 352.647471120       0.07      2.23      0.06  0.        4135.607      -1171.265       3068.100    0.000  -0.138   0.380   0.
  2017 352 15 32 22 504 352.647482694      -0.90      2.27      0.21  0.        4135.834      -1169.595       3070.717    0.000  -0.138   0.380   0.
  2017 352 15 32 23 504 352.647494268      -1.20      1.59      0.14  0.        4136.060      -1167.925       3073.332    0.000  -0.138   0.380   0.
  2017 352 15 32 24 504 352.647505842      -1.07      1.85     -0.44  0.        4136.284      -1166.254       3075.947    0.000  -0.138   0.380   0.
  2017 352 15 32 25 504 352.647517416      -0.38      2.15     -0.45  0.        4136.508      -1164.582       3078.561    0.000  -0.138   0.380   0.
  2017 352 15 32 26 504 352.647528990      -0.27      1.76     -0.55  0.        4136.730      -1162.911       3081.174    0.000  -0.138   0.380   0.
  2017 352 15 32 27 504 352.647540564       0.05      2.01     -0.71  0.        4136.952      -1161.239       3083.786    0.000  -0.138   0.380   0.
  2017 352 15 32 28 504 352.647552135       0.02      2.19     -0.43  0.        4137.172      -1159.566       3086.397    0.000  -0.138   0.380   0.
  2017 352 15 32 29 504 352.647563710       0.03      2.33      0.01  0.        4137.390      -1157.894       3089.007    0.000  -0.138   0.380   0.
  2017 352 15 32 30 504 352.647575284      -0.01      1.41     -0.50  0.        4137.608      -1156.221       3091.616    0.000  -0.138   0.380   0.
  2017 352 15 32 31 504 352.647586858      -1.80      1.54     -0.06  0.        4137.824      -1154.547       3094.224    0.000  -0.138   0.380   0.
  2017 352 15 32 32 504 352.647598432      -1.59      1.52     -0.15  0.        4138.039      -1152.874       3096.832    0.000  -0.138   0.380   0.
  2017 352 15 32 33 504 352.647610006      -1.61      3.21      0.29  0.        4138.253      -1151.200       3099.438    0.000  -0.138   0.380   0.
  2017 352 15 32 34 504 352.647621580       0.90      3.16      0.03  0.        4138.466      -1149.526       3102.044    0.000  -0.138   0.380   0.
  2017 352 15 32 35 504 352.647633154       2.35      2.34     -0.70  0.        4138.678      -1147.851       3104.649    0.000  -0.138   0.380   0.
  2017 352 15 32 36 504 352.647644728       3.22      2.65     -1.05  0.        4138.888      -1146.176       3107.253    0.000  -0.138   0.380   0.
  2017 352 15 32 37 504 352.647656302       2.83      1.78     -1.06  0.        4139.097      -1144.501       3109.856    0.000  -0.138   0.380   0.
  2017 352 15 32 38 504 352.647667876       0.56      1.32     -0.39  0.        4139.305      -1142.825       3112.458    0.000  -0.138   0.380   0.
  2017 352 15 32 39 504 352.647679450      -1.33      1.21      0.91  0.        4139.512      -1141.149       3115.059    0.000  -0.138   0.380   0.
  2017 352 15 32 40 504 352.647691024      -1.39      1.21      1.17  0.        4139.718      -1139.473       3117.660    0.000  -0.138   0.380   0.
  2017 352 15 32 41 504 352.647702598      -1.10      1.42      0.44  0.        4139.922      -1137.796       3120.259    0.000  -0.138   0.380   0.
  2017 352 15 32 42 504 352.647714173      -1.51      1.29     -0.09  0.        4140.126      -1136.119       3122.858    0.000  -0.138   0.380   0.
  2017 352 15 32 43 504 352.647725746      -1.86      1.56     -0.09  0.        4140.328      -1134.442       3125.455    0.000  -0.138   0.380   0.
  2017 352 15 32 44 504 352.647737321      -1.88      1.61     -0.32  0.        4140.528      -1132.764       3128.052    0.000  -0.138   0.380   0.
  2017 352 15 32 45 504 352.647748895      -1.23      1.45     -0.53  0.        4140.728      -1131.087       3130.648    0.000  -0.138   0.380   0.
  2017 352 15 32 46 504 352.647760469      -0.34      1.82     -0.59  0.        4140.927      -1129.408       3133.243    0.000  -0.138   0.380   0.
  2017 352 15 32 47 504 352.647772043      -0.73      2.65     -0.63  0.        4141.124      -1127.730       3135.837    0.000  -0.138   0.380   0.
  2017 352 15 32 48 504 352.647783617      -0.04      2.77     -0.61  0.        4141.320      -1126.051       3138.430    0.000  -0.138   0.380   0.
  2017 352 15 32 49 504 352.647795191      -0.17      2.14     -0.14  0.        4141.515      -1124.372       3141.023    0.000  -0.138   0.380   0.
  2017 352 15 32 50 504 352.647806765       0.47      1.75      0.12  0.        4141.709      -1122.692       3143.614    0.000  -0.138   0.380   0.
  2017 352 15 32 51 504 352.647818339       1.07      1.80     -0.08  0.        4141.902      -1121.012       3146.204    0.000  -0.138   0.380   0.
  2017 352 15 32 52 504 352.647829913       1.00      2.05     -0.69  0.        4142.093      -1119.332       3148.794    0.000  -0.138   0.380   0.
  2017 352 15 32 53 504 352.647841487      -0.63      1.57     -0.20  0.        4142.284      -1117.652       3151.383    0.000  -0.138   0.380   0.
  2017 352 15 32 54 504 352.647853061      -1.18      1.83     -0.35  0.        4142.473      -1115.971       3153.970    0.000  -0.138   0.380   0.
  2017 352 15 32 55 504 352.647864635      -0.94      1.49     -0.40  0.        4142.661      -1114.290       3156.557    0.000  -0.138   0.380   0.
  2017 352 15 32 56 504 352.647876209      -2.25      1.76     -0.07  0.        4142.848      -1112.609       3159.143    0.000  -0.138   0.380   0.
  2017 352 15 32 57 504 352.647887783      -2.91      2.04      0.51  0.        4143.033      -1110.927       3161.729    0.000  -0.138   0.380   0.
  2017 352 15 32 58 504 352.647899355      -2.64      2.33      0.64  0.        4143.218      -1109.245       3164.313    0.000  -0.138   0.380   0.
  2017 352 15 32 59 504 352.647910929      -1.98      2.76      1.21  0.        4143.401      -1107.563       3166.896    0.000  -0.138   0.380   0.
  2017 352 15 33  0 504 352.647922503       0.11      2.76      0.75  0.        4143.583      -1105.880       3169.479    0.000  -0.138   0.380   0.
  2017 352 15 33  1 504 352.647934077       1.06      2.78      0.07  0.        4143.764      -1104.197       3172.060    0.000  -0.138   0.380   0.
  2017 352 15 33  2 504 352.647945651       1.58      2.63      0.35  0.        4143.944      -1102.514       3174.641    0.000  -0.138   0.380   0.
  2017 352 15 33  3 504 352.647957225       1.68      1.94     -0.08  0.        4144.123      -1100.830       3177.221    0.000  -0.138   0.380   0.
  2017 352 15 33  4 504 352.647968799       1.63      1.47     -0.02  0.        4144.300      -1099.146       3179.799    0.000  -0.138   0.380   0.
  2017 352 15 33  5 504 352.647980373       2.09      1.17      0.01  0.        4144.476      -1097.462       3182.377    0.000  -0.138   0.380   0.
  2017 352 15 33  6 504 352.647991947       2.58      1.22     -0.01  0.        4144.652      -1095.778       3184.954    0.000  -0.138   0.380   0.
  2017 352 15 33  7 504 352.648003521       1.76      1.32      0.02  0.        4144.826      -1094.093       3187.531    0.000  -0.138   0.380   0.
  2017 352 15 33  8 504 352.648015096       1.21      0.94     -0.07  0.        4144.998      -1092.408       3190.106    0.000  -0.138   0.380   0.
  2017 352 15 33  9 504 352.648026670       0.97      1.23     -0.48  0.        4145.170      -1090.722       3192.680    0.000  -0.138   0.380   0.
  2017 352 15 33 10 504 352.648038244       0.96      1.36     -0.31  0.        4145.341      -1089.037       3195.254    0.000  -0.138   0.380   0.
  2017 352 15 33 11 504 352.648049818       0.71      1.44     -0.25  0.        4145.510      -1087.351       3197.826    0.000  -0.138   0.380   0.
  2017 352 15 33 12 504 352.648061392       0.25      1.39      0.10  0.        4145.678      -1085.664       3200.398    0.000  -0.138   0.380   0.
  2017 352 15 33 13 504 352.648072966      -0.13      1.72      0.93  0.        4145.845      -1083.978       3202.969    0.000  -0.138   0.380   0.
  2017 352 15 33 14 504 352.648084540       0.49      0.84     -0.53  0.        4146.011      -1082.291       3205.539    0.000  -0.138   0.380   0.
  2017 352 15 33 15 504 352.648096114       0.34      1.27     -0.17  0.        4146.176      -1080.603       3208.108    0.000  -0.138   0.380   0.
  2017 352 15 33 16 504 352.648107688       2.93      2.00      0.44  0.        4146.339      -1078.916       3210.676    0.000  -0.138   0.380   0.
  2017 352 15 33 17 504 352.648119262       2.52      1.73     -0.27  0.        4146.502      -1077.228       3213.243    0.000  -0.138   0.380   0.
  2017 352 15 33 18 504 352.648130836      -0.30      1.19      0.36  0.        4146.663      -1075.540       3215.810    0.000  -0.138   0.380   0.
  2017 352 15 33 19 504 352.648142410      -1.27      0.75     -0.38  0.        4146.823      -1073.851       3218.375    0.000  -0.138   0.380   0.
  2017 352 15 33 20 504 352.648153984      -0.29      1.31     -0.81  0.        4146.982      -1072.163       3220.939    0.000  -0.138   0.380   0.
  2017 352 15 33 21 504 352.648165558      -0.71      1.02     -1.32  0.        4147.140      -1070.474       3223.503    0.000  -0.138   0.380   0.
  2017 352 15 33 22 504 352.648177133      -0.96      1.58     -1.19  0.        4147.296      -1068.784       3226.066    0.000  -0.138   0.380   0.
  2017 352 15 33 23 504 352.648188707      -1.16      1.37     -1.04  0.        4147.452      -1067.095       3228.628    0.000  -0.138   0.380   0.
  2017 352 15 33 24 504 352.648200281      -0.94      1.58     -0.40  0.        4147.606      -1065.405       3231.189    0.000  -0.138   0.380   0.
  2017 352 15 33 25 504 352.648211854       0.50      2.42      0.20  0.        4147.759      -1063.714       3233.749    0.000  -0.138   0.380   0.
  2017 352 15 33 26 504 352.648223426       0.60      2.65     -0.10  0.        4147.911      -1062.024       3236.308    0.000  -0.138   0.380   0.
  2017 352 15 33 27 503 352.648235000      -0.10      2.03     -1.01  0.        4148.062      -1060.333       3238.866    0.000  -0.138   0.380   0.
  2017 352 15 33 28 503 352.648246574      -0.89      1.79     -1.19  0.        4148.212      -1058.642       3241.424    0.000  -0.138   0.380   0.
  2017 352 15 33 29 503 352.648258148      -0.28      2.12     -0.79  0.        4148.361      -1056.951       3243.980    0.000  -0.138   0.380   0.
  2017 352 15 33 30 503 352.648269722      -0.87      1.67     -0.03  0.        4148.508      -1055.259       3246.536    0.000  -0.138   0.380   0.
  2017 352 15 33 31 503 352.648281296      -0.52      1.84      0.69  0.        4148.654      -1053.567       3249.090    0.000  -0.138   0.380   0.
  2017 352 15 33 32 504 352.648292870       0.54      1.66     -0.06  0.        4148.800      -1051.875       3251.644    0.000  -0.138   0.380   0.
  2017 352 15 33 33 504 352.648304444      -0.59      1.14     -0.48  0.        4148.944      -1050.182       3254.197    0.000  -0.138   0.380   0.
  2017 352 15 33 34 503 352.648316018      -1.94      1.42      0.60  0.        4149.087      -1048.489       3256.749    0.000  -0.138   0.380   0.
  2017 352 15 33 35 503 352.648327593      -1.96      1.39      0.38  0.        4149.228      -1046.796       3259.300    0.000  -0.138   0.380   0.
  2017 352 15 33 36 504 352.648339167      -1.86      1.42     -0.59  0.        4149.369      -1045.103       3261.850    0.000  -0.138   0.380   0.
  2017 352 15 33 37 504 352.648350741      -1.70      2.08     -0.93  0.        4149.508      -1043.409       3264.399    0.000  -0.138   0.380   0.
  2017 352 15 33 38 504 352.648362315      -0.95      2.55     -1.58  0.        4149.647      -1041.715       3266.948    0.000  -0.138   0.380   0.
  2017 352 15 33 39 504 352.648373889      -1.44      2.75     -1.21  0.        4149.784      -1040.021       3269.495    0.000  -0.138   0.380   0.
  2017 352 15 33 40 504 352.648385463      -0.17      2.40      0.40  0.        4149.920      -1038.326       3272.042    0.000  -0.138   0.380   0.
  2017 352 15 33 41 503 352.648397037       3.38      2.67      0.12  0.        4150.055      -1036.631       3274.588    0.000  -0.138   0.380   0.
  2017 352 15 33 42 503 352.648408611       3.68      4.27     -0.93  0.        4150.189      -1034.936       3277.133    0.000  -0.138   0.380   0.
  2017 352 15 33 43 503 352.648420185       1.65      2.67     -1.44  0.        4150.321      -1033.241       3279.676    0.000  -0.138   0.380   0.
  2017 352 15 33 44 503 352.648431759      -3.24      1.72     -0.48  0.        4150.453      -1031.546       3282.219    0.000  -0.138   0.380   0.
  2017 352 15 33 45 503 352.648443333      -2.08      2.25      0.10  0.        4150.583      -1029.850       3284.762    0.000  -0.138   0.380   0.
  2017 352 15 33 46 504 352.648454907      -1.13      1.89     -0.38  0.        4150.713      -1028.153       3287.303    0.000  -0.138   0.380   0.
  2017 352 15 33 47 504 352.648466481       0.21      1.95     -0.76  0.        4150.841      -1026.457       3289.843    0.000  -0.138   0.380   0.
  2017 352 15 33 48 503 352.648478056       0.12      1.36     -0.63  0.        4150.968      -1024.760       3292.383    0.000  -0.138   0.380   0.
  2017 352 15 33 49 503 352.648489630      -0.37      1.36     -0.42  0.        4151.094      -1023.062       3294.921    0.000  -0.138   0.380   0.
  2017 352 15 33 50 504 352.648501204       0.29      1.56      0.18  0.        4151.219      -1021.365       3297.459    0.000  -0.138   0.380   0.
  2017 352 15 33 51 504 352.648512778      -0.69      1.38      0.41  0.        4151.342      -1019.668       3299.995    0.000  -0.138   0.380   0.
  2017 352 15 33 52 504 352.648524352      -1.24      1.27      0.44  0.        4151.465      -1017.970       3302.531    0.000  -0.138   0.380   0.
  2017 352 15 33 53 504 352.648535926      -0.71      1.58      0.43  0.        4151.586      -1016.271       3305.066    0.000  -0.138   0.380   0.
  2017 352 15 33 54 504 352.648547500      -0.51      1.63      0.64  0.        4151.706      -1014.573       3307.600    0.000  -0.138   0.380   0.
  2017 352 15 33 55 503 352.648559074       0.08      1.68      0.55  0.        4151.826      -1012.874       3310.133    0.000  -0.138   0.380   0.
  2017 352 15 33 56 503 352.648570645       0.62      2.30      0.03  0.        4151.944      -1011.175       3312.666    0.000  -0.138   0.380   0.
  2017 352 15 33 57 503 352.648582219       1.02      1.80      0.48  0.        4152.060      -1009.476       3315.197    0.000  -0.138   0.380   0.
  2017 352 15 33 58 503 352.648593793       0.80      1.35     -0.24  0.        4152.176      -1007.776       3317.727    0.000  -0.138   0.380   0.
  2017 352 15 33 59 503 352.648605367       0.44      1.74     -0.59  0.        4152.291      -1006.076       3320.257    0.000  -0.138   0.380   0.
  2017 352 15 34  0 503 352.648616942      -0.20      1.80     -0.62  0.        4152.404      -1004.376       3322.785    0.000  -0.138   0.380   0.
  2017 352 15 34  1 503 352.648628516       0.33      1.65     -1.39  0.        4152.517      -1002.676       3325.314    0.000  -0.138   0.380   0.
  2017 352 15 34  2 503 352.648640090      -0.28      1.79     -1.41  0.        4152.628      -1000.975       3327.840    0.000  -0.138   0.380   0.
  2017 352 15 34  3 503 352.648651664      -1.33      1.44     -0.74  0.        4152.738       -999.274       3330.366    0.000  -0.138   0.380   0.
  2017 352 15 34  4 503 352.648663238      -0.76      1.70     -1.04  0.        4152.847       -997.573       3332.891    0.000  -0.138   0.380   0.
  2017 352 15 34  5 503 352.648674812       0.13      2.01     -0.58  0.        4152.955       -995.872       3335.416    0.000  -0.138   0.380   0.
  2017 352 15 34  6 503 352.648686386       1.16      2.00     -0.40  0.        4153.062       -994.170       3337.939    0.000  -0.138   0.380   0.
  2017 352 15 34  7 503 352.648697960       1.00      2.32     -0.72  0.        4153.168       -992.468       3340.461    0.000  -0.138   0.380   0.
  2017 352 15 34  8 503 352.648709534      -0.03      1.19     -0.03  0.        4153.272       -990.766       3342.983    0.000  -0.138   0.380   0.
  2017 352 15 34  9 503 352.648721108      -0.72      1.36     -0.45  0.        4153.376       -989.063       3345.503    0.000  -0.138   0.380   0.
  2017 352 15 34 10 503 352.648732682      -0.61      1.32     -0.20  0.        4153.478       -987.360       3348.023    0.000  -0.138   0.380   0.
  2017 352 15 34 11 503 352.648744256       0.18      1.27      0.07  0.        4153.580       -985.657       3350.542    0.000  -0.138   0.380   0.
  2017 352 15 34 12 503 352.648755830       0.09      1.42      0.04  0.        4153.680       -983.954       3353.060    0.000  -0.138   0.380   0.
  2017 352 15 34 13 503 352.648767404       0.30      1.66     -0.22  0.        4153.779       -982.250       3355.577    0.000  -0.138   0.380   0.
  2017 352 15 34 14 503 352.648778979       0.12      1.76      0.01  0.        4153.877       -980.547       3358.093    0.000  -0.138   0.380   0.
  2017 352 15 34 15 503 352.648790553       0.11      1.55     -0.12  0.        4153.973       -978.842       3360.608    0.000  -0.138   0.380   0.
  2017 352 15 34 16 503 352.648802127      -0.35      1.49     -0.10  0.        4154.069       -977.138       3363.122    0.000  -0.138   0.380   0.
  2017 352 15 34 17 503 352.648813701      -0.85      1.59     -0.17  0.        4154.164       -975.434       3365.636    0.000  -0.138   0.380   0.
  2017 352 15 34 18 503 352.648825275      -1.13      1.73     -0.26  0.        4154.257       -973.729       3368.148    0.000  -0.138   0.380   0.
  2017 352 15 34 19 503 352.648836849      -1.71      1.56     -0.40  0.        4154.350       -972.023       3370.660    0.000  -0.138   0.380   0.
  2017 352 15 34 20 503 352.648848423      -1.02      1.56     -0.25  0.        4154.441       -970.318       3373.170    0.000  -0.138   0.380   0.
  2017 352 15 34 21 503 352.648859997       0.20      1.80     -0.26  0.        4154.531       -968.612       3375.680    0.000  -0.138   0.380   0.
  2017 352 15 34 22 503 352.648871571       0.90      2.30     -0.65  0.        4154.620       -966.907       3378.189    0.000  -0.138   0.380   0.
  2017 352 15 34 23 503 352.648883145       0.38      1.90      0.16  0.        4154.708       -965.200       3380.697    0.000  -0.138   0.380   0.
  2017 352 15 34 24 503 352.648894716       0.77      1.73      0.11  0.        4154.795       -963.494       3383.204    0.000  -0.138   0.380   0.
  2017 352 15 34 25 503 352.648906291       1.01      1.97     -0.14  0.        4154.881       -961.787       3385.710    0.000  -0.138   0.380   0.
  2017 352 15 34 26 503 352.648917865       0.51      1.56     -0.53  0.        4154.966       -960.080       3388.216    0.000  -0.138   0.380   0.
  2017 352 15 34 27 503 352.648929439      -0.63      0.52     -0.05  0.        4155.049       -958.373       3390.720    0.000  -0.138   0.380   0.
  2017 352 15 34 28 503 352.648941013       0.09      1.40     -0.92  0.        4155.132       -956.666       3393.224    0.000  -0.138   0.380   0.
  2017 352 15 34 29 503 352.648952587       0.14      1.93     -0.37  0.        4155.213       -954.958       3395.726    0.000  -0.138   0.380   0.
  2017 352 15 34 30 503 352.648964161      -0.04      1.84     -0.42  0.        4155.293       -953.250       3398.228    0.000  -0.138   0.380   0.
  2017 352 15 34 31 503 352.648975735      -0.53      1.76     -0.62  0.        4155.373       -951.542       3400.729    0.000  -0.138   0.380   0.
  2017 352 15 34 32 503 352.648987309      -0.85      1.63     -0.11  0.        4155.451       -949.833       3403.229    0.000  -0.138   0.380   0.
  2017 352 15 34 33 503 352.648998883      -1.84      0.92     -0.43  0.        4155.528       -948.125       3405.728    0.000  -0.138   0.380   0.
  2017 352 15 34 34 503 352.649010457      -1.86      1.67     -0.23  0.        4155.604       -946.416       3408.226    0.000  -0.138   0.380   0.
  2017 352 15 34 35 503 352.649022031      -0.95      1.37      0.23  0.        4155.679       -944.707       3410.723    0.000  -0.138   0.380   0.
  2017 352 15 34 36 503 352.649033605      -1.20      0.33     -0.83  0.        4155.752       -942.997       3413.220    0.000  -0.138   0.380   0.
  2017 352 15 34 37 503 352.649045179      -0.31      1.03     -0.85  0.        4155.825       -941.287       3415.715    0.000  -0.138   0.380   0.
  2017 352 15 34 38 503 352.649056754       0.27      1.33     -0.66  0.        4155.897       -939.577       3418.210    0.000  -0.138   0.380   0.
  2017 352 15 34 39 503 352.649068327       0.66      1.04     -1.46  0.        4155.967       -937.867       3420.703    0.000  -0.138   0.380   0.
  2017 352 15 34 40 503 352.649079902      -0.18      1.05     -1.44  0.        4156.036       -936.157       3423.196    0.000  -0.138   0.380   0.
  2017 352 15 34 41 503 352.649091476      -1.14      1.28     -0.10  0.        4156.105       -934.446       3425.688    0.000  -0.138   0.380   0.
  2017 352 15 34 42 503 352.649103050      -1.63      0.80     -0.11  0.        4156.172       -932.735       3428.179    0.000  -0.138   0.380   0.
  2017 352 15 34 43 503 352.649114624      -1.35      1.29     -0.47  0.        4156.238       -931.024       3430.669    0.000  -0.138   0.380   0.
  2017 352 15 34 44 503 352.649126198      -1.02      2.06     -0.99  0.        4156.303       -929.313       3433.158    0.000  -0.138   0.380   0.
  2017 352 15 34 45 503 352.649137772      -1.61      1.78      0.19  0.        4156.367       -927.601       3435.646    0.000  -0.138   0.380   0.
  2017 352 15 34 46 503 352.649149346      -2.09      2.33      0.48  0.        4156.430       -925.889       3438.134    0.000  -0.138   0.380   0.
  2017 352 15 34 47 503 352.649160920      -1.27      2.43     -0.76  0.        4156.492       -924.177       3440.620    0.000  -0.138   0.380   0.
  2017 352 15 34 48 503 352.649172494      -2.93      3.33     -0.24  0.        4156.552       -922.465       3443.106    0.000  -0.138   0.380   0.
  2017 352 15 34 49 503 352.649184068      -3.01      2.62     -1.08  0.        4156.612       -920.752       3445.590    0.000  -0.138   0.380   0.
  2017 352 15 34 50 503 352.649195642      -2.12      2.80     -0.78  0.        4156.671       -919.039       3448.074    0.000  -0.138   0.380   0.
  2017 352 15 34 51 503 352.649207216       0.31      2.96     -0.26  0.        4156.728       -917.326       3450.557    0.000  -0.138   0.380   0.
  2017 352 15 34 52 503 352.649218790       1.58      3.34      0.12  0.        4156.784       -915.613       3453.039    0.000  -0.138   0.380   0.
  2017 352 15 34 53 503 352.649230365      -1.06      1.19      0.57  0.        4156.840       -913.899       3455.520    0.000  -0.138   0.380   0.
  2017 352 15 34 54 503 352.649241939      -0.82      1.17     -0.83  0.        4156.894       -912.185       3458.000    0.000  -0.138   0.380   0.
  2017 352 15 34 55 503 352.649253512       0.06      1.73     -0.31  0.        4156.947       -910.471       3460.479    0.000  -0.138   0.380   0.
  2017 352 15 34 56 503 352.649265084      -0.08      1.57     -0.15  0.        4156.999       -908.757       3462.958    0.000  -0.138   0.380   0.
  2017 352 15 34 57 503 352.649276658      -0.36      1.40     -0.28  0.        4157.050       -907.042       3465.435    0.000  -0.138   0.380   0.
  2017 352 15 34 58 503 352.649288232      -0.49      1.59     -0.34  0.        4157.100       -905.328       3467.912    0.000  -0.138   0.380   0.
  2017 352 15 34 59 503 352.649299806      -0.18      1.79     -0.87  0.        4157.149       -903.613       3470.388    0.000  -0.138   0.380   0.
  2017 352 15 35  0 503 352.649311380      -0.67      1.57     -0.71  0.        4157.197       -901.898       3472.862    0.000  -0.138   0.380   0.
  2017 352 15 35  1 503 352.649322954      -0.33      1.40     -0.80  0.        4157.243       -900.182       3475.336    0.000  -0.138   0.380   0.
  2017 352 15 35  2 503 352.649334528      -0.72      1.27     -0.36  0.        4157.289       -898.466       3477.809    0.000  -0.138   0.380   0.
  2017 352 15 35  3 503 352.649346102      -0.49      1.35      0.10  0.        4157.334       -896.751       3480.281    0.000  -0.138   0.380   0.
  2017 352 15 35  4 503 352.649357677      -0.96      1.69      0.76  0.        4157.377       -895.034       3482.753    0.000  -0.138   0.380   0.
  2017 352 15 35  5 503 352.649369251      -0.14      1.40      0.08  0.        4157.420       -893.318       3485.223    0.000  -0.138   0.380   0.
  2017 352 15 35  6 503 352.649380825       0.03      1.35      0.05  0.        4157.461       -891.601       3487.692    0.000  -0.138   0.380   0.
  2017 352 15 35  7 503 352.649392399      -0.30      1.39      0.20  0.        4157.501       -889.885       3490.161    0.000  -0.138   0.380   0.
  2017 352 15 35  8 503 352.649403973      -0.36      1.43     -0.12  0.        4157.540       -888.167       3492.628    0.000  -0.138   0.380   0.
  2017 352 15 35  9 503 352.649415547      -1.27      1.09     -0.74  0.        4157.579       -886.450       3495.095    0.000  -0.138   0.380   0.
  2017 352 15 35 10 503 352.649427121      -1.59      1.45     -0.12  0.        4157.616       -884.733       3497.561    0.000  -0.138   0.380   0.
  2017 352 15 35 11 503 352.649438695      -1.41      1.56     -0.61  0.        4157.652       -883.015       3500.026    0.000  -0.138   0.380   0.
  2017 352 15 35 12 503 352.649450269      -1.59      1.04     -0.65  0.        4157.687       -881.297       3502.490    0.000  -0.138   0.380   0.
  2017 352 15 35 13 503 352.649461843      -0.98      1.61     -0.50  0.        4157.721       -879.579       3504.953    0.000  -0.138   0.380   0.
  2017 352 15 35 14 503 352.649473417      -0.84      1.92      0.57  0.        4157.754       -877.860       3507.415    0.000  -0.138   0.380   0.
  2017 352 15 35 15 503 352.649484991       0.92      2.00      0.44  0.        4157.785       -876.142       3509.876    0.000  -0.138   0.380   0.
  2017 352 15 35 16 503 352.649496565       0.92      1.65     -0.81  0.        4157.816       -874.423       3512.337    0.000  -0.138   0.380   0.
  2017 352 15 35 17 503 352.649508139      -0.12      2.15     -0.56  0.        4157.846       -872.704       3514.796    0.000  -0.138   0.380   0.
  2017 352 15 35 18 503 352.649519714      -0.55      1.75     -0.14  0.        4157.874       -870.985       3517.255    0.000  -0.138   0.380   0.
  2017 352 15 35 19 503 352.649531288      -0.42      1.07     -0.04  0.        4157.902       -869.265       3519.713    0.000  -0.138   0.380   0.
  2017 352 15 35 20 503 352.649542862       0.73      1.20     -0.73  0.        4157.928       -867.545       3522.170    0.000  -0.138   0.380   0.
  2017 352 15 35 21 503 352.649554436       0.92      1.53     -0.54  0.        4157.953       -865.825       3524.626    0.000  -0.138   0.380   0.
  2017 352 15 35 22 503 352.649566010      -0.61      0.73     -0.08  0.        4157.978       -864.105       3527.081    0.000  -0.138   0.380   0.
  2017 352 15 35 23 502 352.649577583      -1.35      1.06      0.32  0.        4158.001       -862.385       3529.535    0.000  -0.138   0.380   0.
  2017 352 15 35 24 502 352.649589155      -0.94      0.88      0.40  0.        4158.023       -860.664       3531.988    0.000  -0.138   0.380   0.
  2017 352 15 35 25 502 352.649600729       0.40      1.57     -0.41  0.        4158.045       -858.943       3534.440    0.000  -0.138   0.380   0.
  2017 352 15 35 26 502 352.649612303       0.09      1.31     -0.67  0.        4158.065       -857.222       3536.892    0.000  -0.138   0.380   0.
  2017 352 15 35 27 502 352.649623877      -1.22      1.44      0.65  0.        4158.084       -855.501       3539.342    0.000  -0.138   0.380   0.
  2017 352 15 35 28 503 352.649635451       0.10      1.62     -1.18  0.        4158.102       -853.779       3541.792    0.000  -0.138   0.380   0.
  2017 352 15 35 29 503 352.649647025       0.08      1.02     -2.91  0.        4158.119       -852.058       3544.241    0.000  -0.138   0.380   0.
  2017 352 15 35 30 502 352.649658600       0.71      2.41     -1.91  0.        4158.135       -850.336       3546.689    0.000  -0.138   0.380   0.
  2017 352 15 35 31 502 352.649670174      -0.03      2.29     -0.13  0.        4158.150       -848.614       3549.136    0.000  -0.138   0.380   0.
  2017 352 15 35 32 503 352.649681748      -0.81      1.64      0.38  0.        4158.163       -846.891       3551.582    0.000  -0.138   0.380   0.
  2017 352 15 35 33 503 352.649693322      -0.47      2.15      0.73  0.        4158.176       -845.169       3554.027    0.000  -0.138   0.380   0.
  2017 352 15 35 34 503 352.649704896      -1.18      1.23      0.13  0.        4158.188       -843.446       3556.471    0.000  -0.138   0.380   0.
  2017 352 15 35 35 503 352.649716470      -1.65      1.65     -0.25  0.        4158.199       -841.723       3558.914    0.000  -0.138   0.380   0.
  2017 352 15 35 36 503 352.649728044      -2.05      2.04      0.15  0.        4158.208       -840.000       3561.357    0.000  -0.138   0.380   0.
  2017 352 15 35 37 502 352.649739618      -1.75      4.06     -0.09  0.        4158.217       -838.276       3563.799    0.000  -0.138   0.380   0.
  2017 352 15 35 38 502 352.649751192      -0.87      2.95     -2.06  0.        4158.225       -836.553       3566.239    0.000  -0.138   0.380   0.
  2017 352 15 35 39 502 352.649762766      -0.78      2.75     -2.13  0.        4158.231       -834.829       3568.679    0.000  -0.138   0.380   0.
  2017 352 15 35 40 502 352.649774340      -0.69      1.99     -0.98  0.        4158.237       -833.105       3571.118    0.000  -0.138   0.380   0.
  2017 352 15 35 41 503 352.649785914      -0.89      1.46     -0.43  0.        4158.241       -831.380       3573.556    0.000  -0.138   0.380   0.
  2017 352 15 35 42 503 352.649797488      -1.00      1.20     -0.59  0.        4158.244       -829.656       3575.993    0.000  -0.138   0.380   0.
  2017 352 15 35 43 503 352.649809063      -1.01      1.37     -0.41  0.        4158.247       -827.931       3578.429    0.000  -0.138   0.380   0.
  2017 352 15 35 44 502 352.649820637      -0.84      1.51      0.16  0.        4158.248       -826.206       3580.865    0.000  -0.138   0.380   0.
  2017 352 15 35 45 502 352.649832211      -0.66      1.25     -0.20  0.        4158.248       -824.481       3583.299    0.000  -0.138   0.380   0.
  2017 352 15 35 46 503 352.649843785      -0.68      1.18     -0.28  0.        4158.248       -822.756       3585.732    0.000  -0.138   0.380   0.
  2017 352 15 35 47 503 352.649855359      -0.73      1.40     -0.25  0.        4158.246       -821.031       3588.165    0.000  -0.138   0.380   0.
  2017 352 15 35 48 503 352.649866933      -0.73      1.60      0.26  0.        4158.243       -819.305       3590.597    0.000  -0.138   0.380   0.
  2017 352 15 35 49 503 352.649878507      -0.78      1.05     -0.24  0.        4158.239       -817.579       3593.028    0.000  -0.138   0.380   0.
  2017 352 15 35 50 502 352.649890081      -0.88      1.18     -0.36  0.        4158.234       -815.853       3595.457    0.000  -0.138   0.380   0.
  2017 352 15 35 51 502 352.649901655      -0.74      1.13     -0.28  0.        4158.228       -814.127       3597.887    0.000  -0.138   0.380   0.
  2017 352 15 35 52 502 352.649913229      -0.80      1.22     -0.43  0.        4158.221       -812.400       3600.315    0.000  -0.138   0.380   0.
  2017 352 15 35 53 502 352.649924803      -0.90      1.19     -0.71  0.        4158.213       -810.673       3602.742    0.000  -0.138   0.380   0.
  2017 352 15 35 54 502 352.649936374      -1.75      1.03      0.06  0.        4158.204       -808.946       3605.168    0.000  -0.138   0.380   0.
  2017 352 15 35 55 502 352.649947948      -1.40      1.82      0.16  0.        4158.194       -807.219       3607.594    0.000  -0.138   0.380   0.
  2017 352 15 35 56 502 352.649959523      -1.60      1.20      0.21  0.        4158.183       -805.492       3610.018    0.000  -0.138   0.380   0.
  2017 352 15 35 57 502 352.649971097      -1.35      0.09     -0.73  0.        4158.171       -803.764       3612.442    0.000  -0.138   0.380   0.
  2017 352 15 35 58 502 352.649982671      -1.13     -0.69     -1.52  0.        4158.158       -802.037       3614.865    0.000  -0.138   0.380   0.
  2017 352 15 35 59 502 352.649994245      -0.93     -0.57     -0.81  0.        4158.143       -800.309       3617.286    0.000  -0.138   0.380   0.
  2017 352 15 36  0 502 352.650005819      -0.66      0.40     -1.86  0.        4158.128       -798.581       3619.707    0.000  -0.138   0.380   0.
  2017 352 15 36  1 502 352.650017393      -0.24      1.21     -2.25  0.        4158.112       -796.852       3622.127    0.000  -0.138   0.380   0.
  2017 352 15 36  2 502 352.650028967      -0.84      1.44     -0.66  0.        4158.094       -795.124       3624.547    0.000  -0.138   0.380   0.
  2017 352 15 36  3 502 352.650040541       0.34      2.05     -0.85  0.        4158.076       -793.395       3626.965    0.000  -0.138   0.380   0.
  2017 352 15 36  4 502 352.650052115       0.61      2.29     -1.60  0.        4158.057       -791.666       3629.382    0.000  -0.138   0.380   0.
  2017 352 15 36  5 502 352.650063689       0.93      2.54     -0.77  0.        4158.036       -789.937       3631.798    0.000  -0.138   0.380   0.
  2017 352 15 36  6 502 352.650075263       0.90      1.47     -0.73  0.        4158.015       -788.208       3634.214    0.000  -0.138   0.380   0.
  2017 352 15 36  7 502 352.650086837       1.03      2.06     -0.54  0.        4157.993       -786.478       3636.629    0.000  -0.138   0.380   0.
  2017 352 15 36  8 502 352.650098411       1.75      2.61     -1.33  0.        4157.969       -784.749       3639.043    0.000  -0.138   0.380   0.
  2017 352 15 36  9 502 352.650109986      -0.08      3.30     -0.02  0.        4157.945       -783.019       3641.456    0.000  -0.138   0.380   0.
  2017 352 15 36 10 502 352.650121560      -3.32      2.29      1.02  0.        4157.919       -781.289       3643.868    0.000  -0.138   0.380   0.
  2017 352 15 36 11 502 352.650133134      -1.33      1.30     -0.51  0.        4157.893       -779.558       3646.279    0.000  -0.138   0.380   0.
  2017 352 15 36 12 502 352.650144708       0.72      1.90     -0.85  0.        4157.865       -777.828       3648.689    0.000  -0.138   0.380   0.
  2017 352 15 36 13 502 352.650156282       3.20      3.07     -0.56  0.        4157.837       -776.097       3651.098    0.000  -0.138   0.380   0.
  2017 352 15 36 14 502 352.650167856       3.81      3.33     -1.19  0.        4157.807       -774.367       3653.507    0.000  -0.138   0.380   0.
  2017 352 15 36 15 502 352.650179430       3.48      3.35     -1.13  0.        4157.776       -772.635       3655.914    0.000  -0.138   0.380   0.
  2017 352 15 36 16 502 352.650191004      -0.39      2.28     -1.01  0.        4157.745       -770.904       3658.321    0.000  -0.138   0.380   0.
  2017 352 15 36 17 502 352.650202578      -1.12      0.88     -0.66  0.        4157.712       -769.173       3660.726    0.000  -0.138   0.380   0.
  2017 352 15 36 18 502 352.650214152      -0.92      1.29     -0.19  0.        4157.679       -767.441       3663.131    0.000  -0.138   0.380   0.
  2017 352 15 36 19 502 352.650225726       0.14      1.16     -0.04  0.        4157.644       -765.710       3665.535    0.000  -0.138   0.380   0.
  2017 352 15 36 20 502 352.650237300       1.14      1.47     -0.48  0.        4157.608       -763.978       3667.938    0.000  -0.138   0.380   0.
  2017 352 15 36 21 502 352.650248874       0.69      1.36     -0.12  0.        4157.572       -762.245       3670.340    0.000  -0.138   0.380   0.
  2017 352 15 36 22 502 352.650260448       0.13      1.46     -0.50  0.        4157.534       -760.513       3672.742    0.000  -0.138   0.380   0.
  2017 352 15 36 23 502 352.650272022      -2.44      1.35     -0.47  0.        4157.495       -758.781       3675.142    0.000  -0.138   0.380   0.
  2017 352 15 36 24 502 352.650283594      -2.61      1.71      0.09  0.        4157.456       -757.048       3677.541    0.000  -0.138   0.380   0.
  2017 352 15 36 25 502 352.650295168      -1.10      1.59     -0.49  0.        4157.415       -755.315       3679.940    0.000  -0.138   0.380   0.
  2017 352 15 36 26 502 352.650306742      -0.61      1.47     -0.64  0.        4157.373       -753.582       3682.338    0.000  -0.138   0.380   0.
  2017 352 15 36 27 502 352.650318316      -0.49      1.31     -0.58  0.        4157.331       -751.849       3684.734    0.000  -0.138   0.380   0.
  2017 352 15 36 28 502 352.650329890      -0.45      1.38     -0.59  0.        4157.287       -750.115       3687.130    0.000  -0.138   0.380   0.
  2017 352 15 36 29 502 352.650341464      -0.55      1.37     -0.41  0.        4157.242       -748.382       3689.525    0.000  -0.138   0.380   0.
  2017 352 15 36 30 502 352.650353038      -0.40      1.51     -0.41  0.        4157.196       -746.648       3691.919    0.000  -0.138   0.380   0.
  2017 352 15 36 31 502 352.650364612       0.30      1.85     -0.75  0.        4157.150       -744.914       3694.312    0.000  -0.138   0.380   0.
  2017 352 15 36 32 502 352.650376186      -0.09      1.18     -1.13  0.        4157.102       -743.180       3696.705    0.000  -0.138   0.380   0.
  2017 352 15 36 33 502 352.650387760      -1.38      1.15     -1.18  0.        4157.053       -741.445       3699.096    0.000  -0.138   0.380   0.
  2017 352 15 36 34 502 352.650399335      -2.71      1.25     -1.35  0.        4157.003       -739.711       3701.487    0.000  -0.138   0.380   0.
  2017 352 15 36 35 502 352.650410909      -2.31      3.30      0.55  0.        4156.953       -737.976       3703.876    0.000  -0.138   0.380   0.
  2017 352 15 36 36 502 352.650422483       0.18      2.99     -0.50  0.        4156.901       -736.241       3706.265    0.000  -0.138   0.380   0.
  2017 352 15 36 37 502 352.650434057       0.15      2.21     -0.39  0.        4156.848       -734.506       3708.653    0.000  -0.138   0.380   0.
  2017 352 15 36 38 502 352.650445631      -0.47      1.76      0.03  0.        4156.794       -732.771       3711.040    0.000  -0.138   0.380   0.
  2017 352 15 36 39 502 352.650457205      -0.01      1.39     -0.13  0.        4156.739       -731.036       3713.426    0.000  -0.138   0.380   0.
  2017 352 15 36 40 502 352.650468779       1.33      2.17      0.21  0.        4156.684       -729.300       3715.811    0.000  -0.138   0.380   0.
  2017 352 15 36 41 502 352.650480353       1.05      1.41      0.10  0.        4156.627       -727.564       3718.195    0.000  -0.138   0.380   0.
  2017 352 15 36 42 502 352.650491927       0.93      1.23     -0.47  0.        4156.569       -725.829       3720.578    0.000  -0.138   0.380   0.
  2017 352 15 36 43 502 352.650503501       0.32      1.13     -0.50  0.        4156.510       -724.092       3722.961    0.000  -0.138   0.380   0.
  2017 352 15 36 44 502 352.650515075      -0.34      1.21     -0.90  0.        4156.451       -722.356       3725.342    0.000  -0.138   0.380   0.
  2017 352 15 36 45 502 352.650526649      -0.23      1.36     -0.53  0.        4156.390       -720.620       3727.723    0.000  -0.138   0.380   0.
  2017 352 15 36 46 502 352.650538223      -0.77      1.25     -0.48  0.        4156.328       -718.883       3730.103    0.000  -0.138   0.380   0.
  2017 352 15 36 47 502 352.650549797      -0.64      1.16     -0.49  0.        4156.265       -717.146       3732.482    0.000  -0.138   0.380   0.
  2017 352 15 36 48 502 352.650561371      -0.63      1.24     -0.50  0.        4156.202       -715.409       3734.860    0.000  -0.138   0.380   0.
  2017 352 15 36 49 502 352.650572946      -0.71      1.53      0.34  0.        4156.137       -713.672       3737.237    0.000  -0.138   0.380   0.
  2017 352 15 36 50 502 352.650584520       0.05      2.62      1.10  0.        4156.071       -711.935       3739.613    0.000  -0.138   0.380   0.
  2017 352 15 36 51 502 352.650596093       0.06      2.61      0.73  0.        4156.004       -710.197       3741.988    0.000  -0.138   0.380   0.
  2017 352 15 36 52 502 352.650607665      -1.41      1.67      0.56  0.        4155.937       -708.460       3744.363    0.000  -0.138   0.380   0.
  2017 352 15 36 53 502 352.650619239      -1.82      2.09      0.32  0.        4155.868       -706.722       3746.736    0.000  -0.138   0.380   0.
  2017 352 15 36 54 502 352.650630813      -2.15      1.39     -0.19  0.        4155.798       -704.984       3749.109    0.000  -0.138   0.380   0.
  2017 352 15 36 55 502 352.650642387      -3.00      1.17     -0.52  0.        4155.728       -703.246       3751.480    0.000  -0.138   0.380   0.
  2017 352 15 36 56 502 352.650653961      -0.43      0.91     -0.33  0.        4155.656       -701.507       3753.851    0.000  -0.138   0.380   0.
  2017 352 15 36 57 502 352.650665535       0.85      0.64      0.34  0.        4155.583       -699.769       3756.221    0.000  -0.138   0.380   0.
  2017 352 15 36 58 502 352.650677109       2.47      0.87      0.03  0.        4155.510       -698.030       3758.590    0.000  -0.138   0.380   0.
  2017 352 15 36 59 502 352.650688683       4.13      4.37      0.20  0.        4155.435       -696.292       3760.958    0.000  -0.138   0.380   0.
  2017 352 15 37  0 502 352.650700258       1.69      3.92     -0.06  0.        4155.359       -694.552       3763.326    0.000  -0.138   0.380   0.
  2017 352 15 37  1 502 352.650711832      -1.41      1.23     -0.39  0.        4155.283       -692.813       3765.692    0.000  -0.138   0.380   0.
  2017 352 15 37  2 502 352.650723406      -1.34      1.32     -0.65  0.        4155.205       -691.074       3768.057    0.000  -0.138   0.380   0.
  2017 352 15 37  3 502 352.650734980      -1.11      1.27     -0.67  0.        4155.127       -689.335       3770.422    0.000  -0.138   0.380   0.
  2017 352 15 37  4 502 352.650746554      -0.86      1.61     -0.58  0.        4155.047       -687.595       3772.786    0.000  -0.138   0.380   0.
  2017 352 15 37  5 502 352.650758128      -0.71      1.88     -0.01  0.        4154.967       -685.855       3775.148    0.000  -0.138   0.380   0.
  2017 352 15 37  6 502 352.650769702      -0.02      1.86      0.27  0.        4154.885       -684.115       3777.510    0.000  -0.138   0.380   0.
  2017 352 15 37  7 502 352.650781276      -0.10      1.89      0.31  0.        4154.803       -682.375       3779.871    0.000  -0.138   0.380   0.
  2017 352 15 37  8 502 352.650792850       0.55      1.74      0.11  0.        4154.719       -680.635       3782.231    0.000  -0.138   0.380   0.
  2017 352 15 37  9 502 352.650804424       0.76      1.85      0.34  0.        4154.635       -678.894       3784.591    0.000  -0.138   0.380   0.
  2017 352 15 37 10 502 352.650815998       0.36      1.77      0.30  0.        4154.549       -677.154       3786.949    0.000  -0.138   0.380   0.
  2017 352 15 37 11 502 352.650827572       0.24      1.86      0.15  0.        4154.463       -675.413       3789.306    0.000  -0.138   0.380   0.
  2017 352 15 37 12 502 352.650839146      -0.94      1.24     -0.45  0.        4154.375       -673.672       3791.663    0.000  -0.138   0.380   0.
  2017 352 15 37 13 502 352.650850721      -1.19      1.50     -0.20  0.        4154.287       -671.931       3794.018    0.000  -0.138   0.380   0.
  2017 352 15 37 14 502 352.650862295      -1.05      1.30     -0.15  0.        4154.198       -670.190       3796.373    0.000  -0.138   0.380   0.
  2017 352 15 37 15 502 352.650873869      -0.99      0.72     -0.89  0.        4154.107       -668.448       3798.727    0.000  -0.138   0.380   0.
  2017 352 15 37 16 502 352.650885443      -1.02      0.41     -1.34  0.        4154.016       -666.707       3801.080    0.000  -0.138   0.380   0.
  2017 352 15 37 17 502 352.650897017      -1.15      0.89     -0.71  0.        4153.924       -664.965       3803.432    0.000  -0.138   0.380   0.
  2017 352 15 37 18 502 352.650908591      -1.56      0.61     -1.03  0.        4153.831       -663.223       3805.783    0.000  -0.138   0.380   0.
  2017 352 15 37 19 502 352.650920165      -1.96      0.45     -0.30  0.        4153.736       -661.481       3808.134    0.000  -0.138   0.380   0.
  2017 352 15 37 20 502 352.650931739      -1.35      1.00      0.04  0.        4153.641       -659.739       3810.483    0.000  -0.138   0.380   0.
  2017 352 15 37 21 501 352.650943312      -0.34      1.41      0.11  0.        4153.545       -657.997       3812.831    0.000  -0.138   0.380   0.
  2017 352 15 37 22 501 352.650954884       1.14      2.16      0.24  0.        4153.448       -656.254       3815.179    0.000  -0.138   0.380   0.
  2017 352 15 37 23 501 352.650966458       1.70      2.11      0.52  0.        4153.350       -654.512       3817.526    0.000  -0.138   0.380   0.
  2017 352 15 37 24 502 352.650978032       0.68      1.16      0.26  0.        4153.251       -652.769       3819.871    0.000  -0.138   0.380   0.
  2017 352 15 37 25 502 352.650989606      -0.71      0.97      0.06  0.        4153.151       -651.026       3822.216    0.000  -0.138   0.380   0.
  2017 352 15 37 26 501 352.651001181      -0.76      0.87     -0.10  0.        4153.050       -649.283       3824.560    0.000  -0.138   0.380   0.
  2017 352 15 37 27 501 352.651012755       0.54      1.54     -0.21  0.        4152.948       -647.540       3826.904    0.000  -0.138   0.380   0.
  2017 352 15 37 28 502 352.651024329       3.00      1.93     -0.69  0.        4152.845       -645.796       3829.246    0.000  -0.138   0.380   0.
  2017 352 15 37 29 502 352.651035903       1.26      1.57     -1.24  0.        4152.741       -644.053       3831.587    0.000  -0.138   0.380   0.
  2017 352 15 37 30 502 352.651047477      -1.33      1.23     -1.07  0.        4152.636       -642.309       3833.928    0.000  -0.138   0.380   0.
  2017 352 15 37 31 502 352.651059051      -2.01      3.46     -2.29  0.        4152.530       -640.565       3836.267    0.000  -0.138   0.380   0.
  2017 352 15 37 32 501 352.651070625      -1.75      4.05     -2.52  0.        4152.424       -638.821       3838.606    0.000  -0.138   0.380   0.
  2017 352 15 37 33 501 352.651082199      -1.13      3.43     -0.34  0.        4152.316       -637.077       3840.944    0.000  -0.138   0.380   0.
  2017 352 15 37 34 501 352.651093773      -0.09      1.81      0.16  0.        4152.207       -635.333       3843.281    0.000  -0.138   0.380   0.
  2017 352 15 37 35 501 352.651105347      -1.94      0.94     -0.86  0.        4152.098       -633.588       3845.617    0.000  -0.138   0.380   0.
  2017 352 15 37 36 501 352.651116921      -1.61      0.83     -0.67  0.        4151.987       -631.844       3847.952    0.000  -0.138   0.380   0.
  2017 352 15 37 37 502 352.651128495      -0.89      1.95     -0.41  0.        4151.876       -630.099       3850.286    0.000  -0.138   0.380   0.
  2017 352 15 37 38 502 352.651140069       0.22      1.82     -0.52  0.        4151.763       -628.354       3852.619    0.000  -0.138   0.380   0.
  2017 352 15 37 39 501 352.651151644       0.64      1.36     -0.82  0.        4151.649       -626.609       3854.952    0.000  -0.138   0.380   0.
  2017 352 15 37 40 501 352.651163218      -0.56      1.22     -0.49  0.        4151.535       -624.864       3857.283    0.000  -0.138   0.380   0.
  2017 352 15 37 41 502 352.651174792      -1.67      1.08     -0.21  0.        4151.419       -623.119       3859.614    0.000  -0.138   0.380   0.
  2017 352 15 37 42 502 352.651186366      -2.10      1.26     -0.78  0.        4151.303       -621.373       3861.944    0.000  -0.138   0.380   0.
  2017 352 15 37 43 502 352.651197940      -1.42      1.82     -1.15  0.        4151.186       -619.628       3864.273    0.000  -0.138   0.380   0.
  2017 352 15 37 44 502 352.651209514      -0.55      1.92     -0.47  0.        4151.067       -617.882       3866.601    0.000  -0.138   0.380   0.
  2017 352 15 37 45 502 352.651221088       0.35      1.94     -0.07  0.        4150.948       -616.136       3868.928    0.000  -0.138   0.380   0.
  2017 352 15 37 46 501 352.651232662       0.55      1.20     -0.54  0.        4150.828       -614.390       3871.254    0.000  -0.138   0.380   0.
  2017 352 15 37 47 501 352.651244236      -0.85      1.14     -0.75  0.        4150.707       -612.644       3873.579    0.000  -0.138   0.380   0.
  2017 352 15 37 48 501 352.651255810      -0.94      1.56      0.05  0.        4150.585       -610.897       3875.904    0.000  -0.138   0.380   0.
  2017 352 15 37 49 501 352.651267384      -1.37      0.49     -0.97  0.        4150.462       -609.151       3878.227    0.000  -0.138   0.380   0.
  2017 352 15 37 50 501 352.651278955      -1.74      1.70     -0.31  0.        4150.338       -607.404       3880.550    0.000  -0.138   0.380   0.
  2017 352 15 37 51 501 352.651290530      -1.92      1.35     -0.30  0.        4150.213       -605.658       3882.872    0.000  -0.138   0.380   0.
  2017 352 15 37 52 501 352.651302104      -0.88      1.87     -0.78  0.        4150.087       -603.911       3885.192    0.000  -0.138   0.380   0.
  2017 352 15 37 53 501 352.651313678      -0.95      1.90     -0.23  0.        4149.960       -602.164       3887.512    0.000  -0.138   0.380   0.
  2017 352 15 37 54 501 352.651325252      -0.41      1.35     -0.57  0.        4149.832       -600.417       3889.832    0.000  -0.138   0.380   0.
  2017 352 15 37 55 501 352.651336826       0.37      1.69     -0.07  0.        4149.704       -598.670       3892.150    0.000  -0.138   0.380   0.
  2017 352 15 37 56 501 352.651348400       0.14      1.45     -0.02  0.        4149.574       -596.922       3894.467    0.000  -0.138   0.380   0.
  2017 352 15 37 57 501 352.651359974      -0.59      1.35     -0.42  0.        4149.443       -595.175       3896.783    0.000  -0.138   0.380   0.
  2017 352 15 37 58 501 352.651371548      -0.18      1.40     -0.47  0.        4149.312       -593.427       3899.099    0.000  -0.138   0.380   0.
  2017 352 15 37 59 501 352.651383122      -0.22      1.31     -0.67  0.        4149.179       -591.679       3901.414    0.000  -0.138   0.380   0.
  2017 352 15 38  0 501 352.651394696      -0.02      2.08     -0.12  0.        4149.046       -589.931       3903.727    0.000  -0.138   0.380   0.
  2017 352 15 38  1 501 352.651406270       0.35      2.02     -0.83  0.        4148.911       -588.183       3906.040    0.000  -0.138   0.380   0.
  2017 352 15 38  2 501 352.651417844      -0.33      1.81     -0.99  0.        4148.776       -586.435       3908.352    0.000  -0.138   0.380   0.
  2017 352 15 38  3 501 352.651429418      -1.30      1.26     -0.32  0.        4148.640       -584.686       3910.663    0.000  -0.138   0.380   0.
  2017 352 15 38  4 501 352.651440992      -0.53      2.02     -0.37  0.        4148.502       -582.938       3912.974    0.000  -0.139   0.381   0.
  2017 352 15 38  5 501 352.651452567       0.54      2.00     -0.08  0.        4148.364       -581.189       3915.283    0.000  -0.139   0.381   0.
  2017 352 15 38  6 501 352.651464141       0.52      1.84     -0.18  0.        4148.225       -579.441       3917.591    0.000  -0.138   0.380   0.
  2017 352 15 38  7 501 352.651475715      -0.62      1.44     -0.24  0.        4148.085       -577.692       3919.899    0.000  -0.138   0.380   0.
  2017 352 15 38  8 501 352.651487289      -0.75      1.29     -0.62  0.        4147.944       -575.943       3922.205    0.000  -0.138   0.380   0.
  2017 352 15 38  9 501 352.651498863      -0.28      1.37     -0.76  0.        4147.802       -574.194       3924.511    0.000  -0.138   0.380   0.
  2017 352 15 38 10 501 352.651510437      -0.49      1.71     -0.51  0.        4147.659       -572.444       3926.816    0.000  -0.138   0.380   0.
  2017 352 15 38 11 501 352.651522011      -0.73      1.73     -0.33  0.        4147.515       -570.695       3929.120    0.000  -0.138   0.380   0.
  2017 352 15 38 12 501 352.651533585      -0.76      1.19     -0.48  0.        4147.371       -568.945       3931.423    0.000  -0.138   0.380   0.
  2017 352 15 38 13 501 352.651545159      -0.17      1.67     -0.76  0.        4147.225       -567.196       3933.725    0.000  -0.138   0.380   0.
  2017 352 15 38 14 501 352.651556733      -0.27      1.51     -0.70  0.        4147.078       -565.446       3936.027    0.000  -0.138   0.380   0.
  2017 352 15 38 15 501 352.651568307      -0.86      1.74     -1.22  0.        4146.931       -563.696       3938.327    0.000  -0.138   0.380   0.
  2017 352 15 38 16 501 352.651579881      -1.03      1.82     -0.81  0.        4146.782       -561.946       3940.627    0.000  -0.138   0.380   0.
  2017 352 15 38 17 501 352.651591455      -0.78      1.52     -0.71  0.        4146.633       -560.196       3942.925    0.000  -0.138   0.380   0.
  2017 352 15 38 18 501 352.651603030      -0.33      1.27     -0.32  0.        4146.483       -558.446       3945.223    0.000  -0.138   0.380   0.
  2017 352 15 38 19 501 352.651614603      -0.06      1.40     -0.33  0.        4146.331       -556.695       3947.520    0.000  -0.138   0.380   0.
  2017 352 15 38 20 501 352.651626175      -0.57      1.81     -0.06  0.        4146.179       -554.945       3949.816    0.000  -0.138   0.380   0.
  2017 352 15 38 21 501 352.651637749      -0.83      1.24      0.02  0.        4146.026       -553.194       3952.111    0.000  -0.138   0.380   0.
  2017 352 15 38 22 501 352.651649323      -1.11      1.19      0.17  0.        4145.872       -551.443       3954.405    0.000  -0.138   0.380   0.
  2017 352 15 38 23 501 352.651660897      -1.15      1.47      0.07  0.        4145.717       -549.692       3956.698    0.000  -0.138   0.380   0.
  2017 352 15 38 24 501 352.651672471      -1.06      1.28     -0.32  0.        4145.561       -547.941       3958.991    0.000  -0.138   0.380   0.
  2017 352 15 38 25 501 352.651684045      -0.83      1.19     -0.80  0.        4145.404       -546.190       3961.282    0.000  -0.138   0.380   0.
  2017 352 15 38 26 501 352.651695619      -0.75      1.34     -1.34  0.        4145.246       -544.439       3963.573    0.000  -0.138   0.380   0.
  2017 352 15 38 27 501 352.651707193      -1.38      1.22     -1.22  0.        4145.087       -542.687       3965.863    0.000  -0.138   0.380   0.
  2017 352 15 38 28 501 352.651718767      -2.82      1.32     -0.66  0.        4144.928       -540.936       3968.152    0.000  -0.138   0.380   0.
  2017 352 15 38 29 501 352.651730341      -3.91      2.75     -0.07  0.        4144.767       -539.184       3970.440    0.000  -0.138   0.380   0.
  2017 352 15 38 30 501 352.651741915      -1.84      2.68     -0.25  0.        4144.606       -537.432       3972.727    0.000  -0.138   0.380   0.
  2017 352 15 38 31 501 352.651753490      -0.57      3.37     -0.65  0.        4144.444       -535.680       3975.013    0.000  -0.138   0.380   0.
  2017 352 15 38 32 501 352.651765064       1.19      2.76     -0.86  0.        4144.280       -533.928       3977.298    0.000  -0.138   0.380   0.
  2017 352 15 38 33 501 352.651776638       0.07      1.96     -0.59  0.        4144.116       -532.176       3979.583    0.000  -0.138   0.380   0.
  2017 352 15 38 34 501 352.651788212       0.25      2.59     -1.24  0.        4143.951       -530.424       3981.866    0.000  -0.138   0.380   0.
  2017 352 15 38 35 501 352.651799786       0.41      2.65      0.09  0.        4143.785       -528.672       3984.149    0.000  -0.138   0.380   0.
  2017 352 15 38 36 501 352.651811360       1.11      2.96     -0.22  0.        4143.618       -526.919       3986.431    0.000  -0.138   0.380   0.
  2017 352 15 38 37 501 352.651822934      -0.10      1.53     -0.94  0.        4143.450       -525.167       3988.712    0.000  -0.138   0.380   0.
  2017 352 15 38 38 501 352.651834508       0.26      1.59     -0.31  0.        4143.281       -523.414       3990.992    0.000  -0.138   0.380   0.
  2017 352 15 38 39 501 352.651846082       0.04      1.39     -0.05  0.        4143.111       -521.661       3993.271    0.000  -0.138   0.380   0.
  2017 352 15 38 40 501 352.651857656      -0.23      1.23     -0.47  0.        4142.941       -519.908       3995.549    0.000  -0.138   0.380   0.
  2017 352 15 38 41 501 352.651869230       0.18      1.35     -0.53  0.        4142.769       -518.155       3997.826    0.000  -0.138   0.380   0.
  2017 352 15 38 42 501 352.651880804      -0.17      1.38     -0.13  0.        4142.596       -516.402       4000.103    0.000  -0.138   0.380   0.
  2017 352 15 38 43 501 352.651892378      -1.08      0.86     -0.12  0.        4142.423       -514.649       4002.378    0.000  -0.138   0.380   0.
  2017 352 15 38 44 501 352.651903953      -1.16      1.24      0.28  0.        4142.249       -512.895       4004.653    0.000  -0.138   0.380   0.
  2017 352 15 38 45 501 352.651915527      -0.52      1.35      0.18  0.        4142.073       -511.142       4006.927    0.000  -0.138   0.380   0.
  2017 352 15 38 46 501 352.651927101       0.34      1.70     -0.37  0.        4141.897       -509.388       4009.200    0.000  -0.138   0.380   0.
  2017 352 15 38 47 501 352.651938674       0.07      1.99     -0.60  0.        4141.720       -507.635       4011.472    0.000  -0.138   0.380   0.
  2017 352 15 38 48 501 352.651950246       0.54      2.44     -1.15  0.        4141.542       -505.881       4013.743    0.000  -0.138   0.380   0.
  2017 352 15 38 49 501 352.651961820      -0.31      2.03     -0.10  0.        4141.363       -504.127       4016.013    0.000  -0.138   0.380   0.
  2017 352 15 38 50 501 352.651973394       0.45      2.61      0.73  0.        4141.183       -502.373       4018.283    0.000  -0.138   0.380   0.
  2017 352 15 38 51 501 352.651984968       0.05      2.03     -0.02  0.        4141.002       -500.618       4020.551    0.000  -0.138   0.380   0.
  2017 352 15 38 52 501 352.651996542      -1.17      0.10     -1.32  0.        4140.821       -498.864       4022.819    0.000  -0.138   0.380   0.
  2017 352 15 38 53 501 352.652008116      -2.21      0.50     -1.53  0.        4140.638       -497.110       4025.086    0.000  -0.138   0.380   0.
  2017 352 15 38 54 501 352.652019690      -1.54      1.52     -1.64  0.        4140.455       -495.355       4027.352    0.000  -0.138   0.380   0.
  2017 352 15 38 55 501 352.652031264      -1.08      1.42     -1.65  0.        4140.271       -493.601       4029.616    0.000  -0.138   0.380   0.
  2017 352 15 38 56 501 352.652042839      -2.63      1.93     -1.21  0.        4140.085       -491.846       4031.881    0.000  -0.138   0.380   0.
  2017 352 15 38 57 501 352.652054413      -1.04      2.78     -0.59  0.        4139.899       -490.091       4034.144    0.000  -0.138   0.380   0.
  2017 352 15 38 58 501 352.652065987       0.53      3.27     -0.01  0.        4139.712       -488.336       4036.406    0.000  -0.138   0.380   0.
  2017 352 15 38 59 501 352.652077561      -0.23      1.57      1.08  0.        4139.524       -486.581       4038.667    0.000  -0.138   0.380   0.
  2017 352 15 39  0 501 352.652089135      -0.30      1.27      0.46  0.        4139.335       -484.826       4040.928    0.000  -0.138   0.380   0.
  2017 352 15 39  1 501 352.652100709       0.03      1.47     -0.92  0.        4139.145       -483.071       4043.188    0.000  -0.138   0.380   0.
  2017 352 15 39  2 501 352.652112283      -0.31      1.01     -1.26  0.        4138.955       -481.315       4045.446    0.000  -0.138   0.380   0.
  2017 352 15 39  3 501 352.652123857      -0.99      0.99     -0.65  0.        4138.763       -479.560       4047.704    0.000  -0.138   0.380   0.
  2017 352 15 39  4 501 352.652135431      -1.00      1.13     -0.43  0.        4138.571       -477.804       4049.961    0.000  -0.138   0.380   0.
  2017 352 15 39  5 501 352.652147005      -1.04      1.12     -0.36  0.        4138.377       -476.049       4052.217    0.000  -0.138   0.380   0.
  2017 352 15 39  6 501 352.652158579      -0.79      1.50     -0.15  0.        4138.183       -474.293       4054.473    0.000  -0.138   0.380   0.
  2017 352 15 39  7 501 352.652170153      -1.14      1.70      0.42  0.        4137.988       -472.537       4056.727    0.000  -0.138   0.380   0.
  2017 352 15 39  8 501 352.652181727      -0.48      2.30      0.93  0.        4137.792       -470.781       4058.981    0.000  -0.138   0.380   0.
  2017 352 15 39  9 501 352.652193302      -0.41      2.16      1.29  0.        4137.595       -469.025       4061.233    0.000  -0.138   0.380   0.
  2017 352 15 39 10 501 352.652204876       0.02      1.82      0.60  0.        4137.397       -467.269       4063.485    0.000  -0.138   0.380   0.
  2017 352 15 39 11 501 352.652216450       0.43      1.69      0.01  0.        4137.198       -465.512       4065.736    0.000  -0.138   0.380   0.
  2017 352 15 39 12 501 352.652228024       1.13      1.34     -0.49  0.        4136.998       -463.756       4067.986    0.000  -0.138   0.380   0.
  2017 352 15 39 13 501 352.652239598       1.08      1.96     -0.99  0.        4136.797       -461.999       4070.235    0.000  -0.138   0.380   0.
  2017 352 15 39 14 501 352.652251172       0.24      2.17      0.35  0.        4136.596       -460.243       4072.483    0.000  -0.138   0.380   0.
  2017 352 15 39 15 501 352.652262746      -0.23      1.62      0.14  0.        4136.394       -458.486       4074.730    0.000  -0.138   0.380   0.
  2017 352 15 39 16 501 352.652274320       0.03      1.28     -0.80  0.        4136.190       -456.729       4076.977    0.000  -0.138   0.380   0.
  2017 352 15 39 17 501 352.652285894      -0.39      1.45     -0.64  0.        4135.986       -454.972       4079.222    0.000  -0.138   0.380   0.
  2017 352 15 39 18 501 352.652297468      -0.25      1.58     -0.19  0.        4135.781       -453.216       4081.467    0.000  -0.138   0.380   0.
  2017 352 15 39 19 500 352.652309041      -0.95      1.50      0.01  0.        4135.575       -451.458       4083.710    0.000  -0.138   0.380   0.
  2017 352 15 39 20 501 352.652320613      -1.55      0.98      0.49  0.        4135.368       -449.701       4085.953    0.000  -0.138   0.380   0.
  2017 352 15 39 21 501 352.652332188      -0.96      1.61      0.16  0.        4135.161       -447.944       4088.195    0.000  -0.138   0.380   0.
  2017 352 15 39 22 500 352.652343762      -0.65      1.37      0.69  0.        4134.952       -446.187       4090.436    0.000  -0.138   0.380   0.
  2017 352 15 39 23 501 352.652355336      -1.06      0.93     -0.62  0.        4134.742       -444.429       4092.677    0.000  -0.138   0.380   0.
  2017 352 15 39 24 501 352.652366910      -1.28      1.06     -0.74  0.        4134.532       -442.672       4094.916    0.000  -0.138   0.380   0.
  2017 352 15 39 25 501 352.652378484      -1.11      1.22     -1.30  0.        4134.321       -440.914       4097.154    0.000  -0.138   0.380   0.
  2017 352 15 39 26 501 352.652390058      -0.87      1.34     -1.15  0.        4134.108       -439.156       4099.392    0.000  -0.138   0.380   0.
  2017 352 15 39 27 501 352.652401632      -0.70      1.77     -0.90  0.        4133.895       -437.398       4101.629    0.000  -0.138   0.380   0.
  2017 352 15 39 28 500 352.652413206      -0.35      1.36     -0.88  0.        4133.681       -435.640       4103.865    0.000  -0.138   0.380   0.
  2017 352 15 39 29 500 352.652424780      -0.73      0.82     -1.06  0.        4133.467       -433.882       4106.100    0.000  -0.138   0.380   0.
  2017 352 15 39 30 500 352.652436354      -0.28      1.41     -0.48  0.        4133.251       -432.124       4108.334    0.000  -0.138   0.380   0.
  2017 352 15 39 31 500 352.652447928      -0.16      1.48     -0.13  0.        4133.034       -430.366       4110.567    0.000  -0.138   0.380   0.
  2017 352 15 39 32 500 352.652459502      -0.12      1.30     -0.05  0.        4132.817       -428.608       4112.799    0.000  -0.138   0.380   0.
  2017 352 15 39 33 501 352.652471076       0.30      1.50     -0.26  0.        4132.598       -426.849       4115.031    0.000  -0.138   0.380   0.
  2017 352 15 39 34 501 352.652482650       0.27      1.57     -0.37  0.        4132.379       -425.091       4117.261    0.000  -0.138   0.380   0.
  2017 352 15 39 35 500 352.652494225       1.02      1.62     -0.15  0.        4132.159       -423.332       4119.491    0.000  -0.138   0.380   0.
  2017 352 15 39 36 500 352.652505799       0.72      1.49     -0.07  0.        4131.938       -421.573       4121.720    0.000  -0.138   0.380   0.
  2017 352 15 39 37 501 352.652517373       0.63      1.37     -0.34  0.        4131.716       -419.815       4123.947    0.000  -0.138   0.380   0.
  2017 352 15 39 38 501 352.652528947       0.01      1.00     -1.13  0.        4131.493       -418.056       4126.175    0.000  -0.138   0.380   0.
  2017 352 15 39 39 501 352.652540521      -1.11      1.18     -1.76  0.        4131.270       -416.297       4128.401    0.000  -0.138   0.380   0.
  2017 352 15 39 40 501 352.652552095      -0.65      0.84     -1.06  0.        4131.045       -414.538       4130.626    0.000  -0.138   0.380   0.
  2017 352 15 39 41 501 352.652563669       0.50      1.47      0.07  0.        4130.820       -412.779       4132.850    0.000  -0.138   0.380   0.
  2017 352 15 39 42 500 352.652575243       0.22      1.54      0.21  0.        4130.593       -411.019       4135.074    0.000  -0.138   0.380   0.
  2017 352 15 39 43 500 352.652586817      -0.61      1.28      0.32  0.        4130.366       -409.260       4137.296    0.000  -0.138   0.380   0.
  2017 352 15 39 44 500 352.652598391      -0.83      1.51      0.36  0.        4130.138       -407.500       4139.518    0.000  -0.138   0.380   0.
  2017 352 15 39 45 500 352.652609965      -0.84      1.16      0.18  0.        4129.909       -405.741       4141.739    0.000  -0.138   0.380   0.
  2017 352 15 39 46 501 352.652621539      -1.86      0.76     -0.50  0.        4129.679       -403.981       4143.959    0.000  -0.138   0.380   0.
  2017 352 15 39 47 501 352.652633113      -1.57      0.94     -0.40  0.        4129.448       -402.222       4146.178    0.000  -0.138   0.380   0.
  2017 352 15 39 48 500 352.652644685      -1.04      1.21     -0.55  0.        4129.217       -400.463       4148.396    0.000  -0.138   0.380   0.
  2017 352 15 39 49 500 352.652656259      -0.66      1.85     -0.81  0.        4128.985       -398.702       4150.614    0.000  -0.138   0.380   0.
  2017 352 15 39 50 500 352.652667833      -1.83      1.09      0.44  0.        4128.751       -396.942       4152.830    0.000  -0.138   0.380   0.
  2017 352 15 39 51 500 352.652679407      -1.90      1.15      0.80  0.        4128.517       -395.183       4155.046    0.000  -0.138   0.380   0.
  2017 352 15 39 52 500 352.652690981      -1.04      2.01      0.29  0.        4128.282       -393.423       4157.260    0.000  -0.138   0.380   0.
  2017 352 15 39 53 500 352.652702555      -1.81      0.94     -0.80  0.        4128.046       -391.663       4159.474    0.000  -0.138   0.380   0.
  2017 352 15 39 54 500 352.652714129      -2.09      2.99      1.22  0.        4127.809       -389.902       4161.687    0.000  -0.138   0.380   0.
  2017 352 15 39 55 500 352.652725703       0.63      4.31     -0.31  0.        4127.572       -388.141       4163.899    0.000  -0.138   0.380   0.
  2017 352 15 39 56 500 352.652737277       1.97      2.64     -1.30  0.        4127.333       -386.381       4166.110    0.000  -0.138   0.380   0.
  2017 352 15 39 57 500 352.652748851       1.76      2.04     -1.00  0.        4127.093       -384.621       4168.321    0.000  -0.138   0.380   0.
  2017 352 15 39 58 500 352.652760425       0.97      1.95      0.22  0.        4126.853       -382.860       4170.530    0.000  -0.138   0.380   0.
  2017 352 15 39 59 500 352.652771999      -0.19      1.44     -0.20  0.        4126.612       -381.099       4172.739    0.000  -0.138   0.380   0.
  2017 352 15 40  0 500 352.652783573      -0.74      1.32      0.04  0.        4126.370       -379.339       4174.947    0.000  -0.138   0.380   0.
  2017 352 15 40  1 500 352.652795148      -1.36      1.17     -0.12  0.        4126.127       -377.578       4177.153    0.000  -0.138   0.380   0.
  2017 352 15 40  2 500 352.652806722      -1.26      1.15     -0.40  0.        4125.884       -375.817       4179.359    0.000  -0.138   0.380   0.
  2017 352 15 40  3 500 352.652818296      -0.49      1.51     -0.31  0.        4125.639       -374.056       4181.564    0.000  -0.138   0.380   0.
  2017 352 15 40  4 500 352.652829870       0.82      1.63     -0.30  0.        4125.394       -372.295       4183.768    0.000  -0.138   0.380   0.
  2017 352 15 40  5 500 352.652841444       0.72      1.43     -0.63  0.        4125.147       -370.534       4185.972    0.000  -0.138   0.380   0.
  2017 352 15 40  6 500 352.652853018       0.77      1.43     -0.79  0.        4124.900       -368.773       4188.174    0.000  -0.138   0.380   0.
  2017 352 15 40  7 500 352.652864592       0.38      1.71      0.15  0.        4124.652       -367.012       4190.376    0.000  -0.138   0.380   0.
  2017 352 15 40  8 500 352.652876166      -0.31      1.18      0.15  0.        4124.403       -365.250       4192.576    0.000  -0.138   0.380   0.
  2017 352 15 40  9 500 352.652887740      -0.42      1.21     -0.43  0.        4124.153       -363.489       4194.776    0.000  -0.138   0.380   0.
  2017 352 15 40 10 500 352.652899314       0.45      1.32     -0.91  0.        4123.903       -361.727       4196.975    0.000  -0.138   0.380   0.
  2017 352 15 40 11 500 352.652910888       0.35      1.70     -0.43  0.        4123.651       -359.966       4199.173    0.000  -0.138   0.380   0.
  2017 352 15 40 12 500 352.652922462      -0.12      2.09     -0.05  0.        4123.399       -358.204       4201.370    0.000  -0.138   0.380   0.
  2017 352 15 40 13 500 352.652934036       0.78      2.32     -0.95  0.        4123.146       -356.442       4203.566    0.000  -0.138   0.380   0.
  2017 352 15 40 14 500 352.652945611       0.62      1.98     -1.28  0.        4122.892       -354.680       4205.762    0.000  -0.138   0.380   0.
  2017 352 15 40 15 500 352.652957185      -0.14      1.79     -0.23  0.        4122.637       -352.919       4207.956    0.000  -0.138   0.380   0.
  2017 352 15 40 16 500 352.652968759      -0.75      1.52     -0.37  0.        4122.381       -351.157       4210.150    0.000  -0.138   0.380   0.
  2017 352 15 40 17 500 352.652980332       0.29      1.65     -0.54  0.        4122.124       -349.395       4212.343    0.000  -0.138   0.380   0.
  2017 352 15 40 18 500 352.652991904       0.62      1.97     -0.07  0.        4121.867       -347.633       4214.535    0.000  -0.138   0.380   0.
  2017 352 15 40 19 500 352.653003478      -0.23      1.53      0.24  0.        4121.608       -345.870       4216.726    0.000  -0.138   0.380   0.
  2017 352 15 40 20 500 352.653015052      -0.45      1.43     -0.26  0.        4121.349       -344.108       4218.916    0.000  -0.138   0.380   0.
  2017 352 15 40 21 500 352.653026626      -0.63      1.29     -0.55  0.        4121.089       -342.346       4221.105    0.000  -0.138   0.380   0.
  2017 352 15 40 22 500 352.653038200      -1.19      1.44     -0.06  0.        4120.828       -340.583       4223.294    0.000  -0.138   0.380   0.
  2017 352 15 40 23 500 352.653049774      -0.69      1.51      0.16  0.        4120.566       -338.821       4225.481    0.000  -0.138   0.380   0.
  2017 352 15 40 24 500 352.653061348      -1.12      0.94     -0.18  0.        4120.304       -337.058       4227.668    0.000  -0.138   0.380   0.
  2017 352 15 40 25 500 352.653072922      -1.14      1.33      0.24  0.        4120.040       -335.296       4229.854    0.000  -0.138   0.380   0.
  2017 352 15 40 26 500 352.653084497      -0.71      1.24      0.53  0.        4119.776       -333.533       4232.038    0.000  -0.138   0.380   0.
  2017 352 15 40 27 500 352.653096071      -0.70      1.08     -0.23  0.        4119.511       -331.770       4234.222    0.000  -0.138   0.380   0.
  2017 352 15 40 28 500 352.653107645      -0.69      1.24     -0.35  0.        4119.245       -330.008       4236.406    0.000  -0.138   0.380   0.
  2017 352 15 40 29 500 352.653119219      -0.54      1.16     -0.42  0.        4118.978       -328.245       4238.588    0.000  -0.138   0.380   0.
  2017 352 15 40 30 500 352.653130793      -0.25      1.63      0.08  0.        4118.710       -326.482       4240.769    0.000  -0.138   0.380   0.
  2017 352 15 40 31 500 352.653142367       0.10      1.79      0.45  0.        4118.442       -324.719       4242.950    0.000  -0.138   0.380   0.
  2017 352 15 40 32 500 352.653153941       0.20      1.71      0.44  0.        4118.172       -322.956       4245.129    0.000  -0.138   0.380   0.
  2017 352 15 40 33 500 352.653165515       0.43      1.78      0.37  0.        4117.902       -321.193       4247.308    0.000  -0.138   0.380   0.
  2017 352 15 40 34 500 352.653177089       0.09      1.39     -0.60  0.        4117.631       -319.429       4249.486    0.000  -0.138   0.380   0.
  2017 352 15 40 35 500 352.653188663       0.93      2.06     -0.07  0.        4117.359       -317.666       4251.663    0.000  -0.138   0.380   0.
  2017 352 15 40 36 500 352.653200237       0.65      1.13     -0.42  0.        4117.086       -315.903       4253.839    0.000  -0.138   0.380   0.
  2017 352 15 40 37 500 352.653211811       1.33      1.63      0.04  0.        4116.812       -314.139       4256.015    0.000  -0.138   0.380   0.
  2017 352 15 40 38 500 352.653223385       0.41      1.41     -0.20  0.        4116.538       -312.376       4258.189    0.000  -0.138   0.380   0.
  2017 352 15 40 39 500 352.653234960      -1.11      1.21      0.07  0.        4116.263       -310.612       4260.363    0.000  -0.138   0.380   0.
  2017 352 15 40 40 500 352.653246534      -1.54      1.19     -0.78  0.        4115.986       -308.849       4262.535    0.000  -0.138   0.380   0.
  2017 352 15 40 41 500 352.653258108      -1.65      1.66      0.11  0.        4115.709       -307.085       4264.707    0.000  -0.138   0.380   0.
  2017 352 15 40 42 500 352.653269682      -0.09      1.92     -0.77  0.        4115.432       -305.322       4266.878    0.000  -0.138   0.380   0.
  2017 352 15 40 43 500 352.653281256       0.14      1.75     -1.26  0.        4115.153       -303.558       4269.048    0.000  -0.138   0.380   0.
  2017 352 15 40 44 500 352.653292830      -0.22      1.33     -1.45  0.        4114.873       -301.794       4271.217    0.000  -0.138   0.380   0.
  2017 352 15 40 45 500 352.653304404      -0.24      2.10     -1.08  0.        4114.593       -300.030       4273.385    0.000  -0.138   0.380   0.
  2017 352 15 40 46 500 352.653315978      -1.12      1.33     -0.22  0.        4114.312       -298.266       4275.553    0.000  -0.138   0.380   0.
  2017 352 15 40 47 500 352.653327552      -1.45      0.62     -0.81  0.        4114.030       -296.502       4277.719    0.000  -0.138   0.380   0.
  2017 352 15 40 48 500 352.653339123      -0.91      1.16     -0.64  0.        4113.747       -294.738       4279.885    0.000  -0.138   0.380   0.
  2017 352 15 40 49 500 352.653350697       0.01      1.88     -0.41  0.        4113.463       -292.974       4282.050    0.000  -0.138   0.380   0.
  2017 352 15 40 50 500 352.653362271       0.07      1.65     -0.11  0.        4113.179       -291.209       4284.214    0.000  -0.138   0.380   0.
  2017 352 15 40 51 500 352.653373846      -0.26      1.50     -0.14  0.        4112.893       -289.445       4286.377    0.000  -0.138   0.380   0.
  2017 352 15 40 52 500 352.653385420      -1.07      1.09     -0.28  0.        4112.607       -287.681       4288.539    0.000  -0.138   0.380   0.
  2017 352 15 40 53 500 352.653396994      -2.02      1.23      0.10  0.        4112.320       -285.917       4290.700    0.000  -0.138   0.380   0.
  2017 352 15 40 54 500 352.653408568      -1.96      1.79     -0.46  0.        4112.032       -284.152       4292.861    0.000  -0.138   0.380   0.
  2017 352 15 40 55 500 352.653420142       0.33      1.89      0.04  0.        4111.743       -282.388       4295.020    0.000  -0.138   0.380   0.
  2017 352 15 40 56 500 352.653431716       2.04      2.36      0.67  0.        4111.454       -280.623       4297.179    0.000  -0.138   0.380   0.
  2017 352 15 40 57 500 352.653443290       0.67      1.75      0.13  0.        4111.163       -278.858       4299.337    0.000  -0.138   0.380   0.
  2017 352 15 40 58 500 352.653454864      -1.12      1.07     -0.64  0.        4110.872       -277.094       4301.494    0.000  -0.138   0.380   0.
  2017 352 15 40 59 500 352.653466438      -2.26      1.13     -0.88  0.        4110.580       -275.329       4303.650    0.000  -0.138   0.380   0.
  2017 352 15 41  0 500 352.653478012      -1.16      1.26     -0.71  0.        4110.287       -273.564       4305.805    0.000  -0.138   0.380   0.
  2017 352 15 41  1 500 352.653489586      -0.25      1.53     -0.71  0.        4109.994       -271.799       4307.960    0.000  -0.138   0.380   0.
  2017 352 15 41  2 500 352.653501160      -0.00      1.68     -0.47  0.        4109.699       -270.035       4310.113    0.000  -0.138   0.380   0.
  2017 352 15 41  3 500 352.653512734      -0.39      1.60     -0.66  0.        4109.403       -268.270       4312.266    0.000  -0.138   0.380   0.
  2017 352 15 41  4 500 352.653524308      -0.93      1.20     -0.61  0.        4109.107       -266.505       4314.417    0.000  -0.138   0.380   0.
  2017 352 15 41  5 500 352.653535883       0.01      1.77     -0.69  0.        4108.810       -264.740       4316.568    0.000  -0.138   0.380   0.
  2017 352 15 41  6 500 352.653547457       0.63      1.62     -0.40  0.        4108.512       -262.974       4318.718    0.000  -0.138   0.380   0.
  2017 352 15 41  7 500 352.653559031       0.37      1.55     -0.53  0.        4108.214       -261.209       4320.867    0.000  -0.138   0.380   0.
  2017 352 15 41  8 500 352.653570605      -0.93      1.03     -0.53  0.        4107.914       -259.444       4323.016    0.000  -0.138   0.380   0.
  2017 352 15 41  9 500 352.653582179      -1.56      0.57     -0.48  0.        4107.614       -257.679       4325.163    0.000  -0.138   0.380   0.
  2017 352 15 41 10 500 352.653593753      -0.99      1.68     -0.31  0.        4107.313       -255.913       4327.310    0.000  -0.138   0.380   0.
  2017 352 15 41 11 500 352.653605327      -0.14      1.92     -0.35  0.        4107.011       -254.148       4329.455    0.000  -0.138   0.380   0.
  2017 352 15 41 12 500 352.653616901      -0.16      1.77     -0.48  0.        4106.708       -252.383       4331.600    0.000  -0.138   0.380   0.
  2017 352 15 41 13 500 352.653628475      -1.41      1.33      0.69  0.        4106.404       -250.617       4333.744    0.000  -0.138   0.380   0.
  2017 352 15 41 14 500 352.653640049      -1.30      0.98      0.20  0.        4106.100       -248.852       4335.887    0.000  -0.138   0.380   0.
  2017 352 15 41 15 500 352.653651623      -1.02      1.38      0.57  0.        4105.795       -247.086       4338.029    0.000  -0.138   0.380   0.
  2017 352 15 41 16 500 352.653663194      -0.40      1.34      0.11  0.        4105.489       -245.321       4340.170    0.000  -0.138   0.380   0.
  2017 352 15 41 17 499 352.653674768      -0.48      0.84     -0.30  0.        4105.182       -243.555       4342.311    0.000  -0.138   0.380   0.
  2017 352 15 41 18 499 352.653686343      -0.19      1.03     -0.46  0.        4104.874       -241.789       4344.450    0.000  -0.138   0.380   0.
  2017 352 15 41 19 500 352.653697917       0.60      1.86     -0.58  0.        4104.565       -240.023       4346.589    0.000  -0.138   0.380   0.
  2017 352 15 41 20 500 352.653709491      -0.04      1.96      0.19  0.        4104.256       -238.257       4348.727    0.000  -0.138   0.380   0.
  2017 352 15 41 21 500 352.653721065      -0.44      1.27      0.33  0.        4103.946       -236.492       4350.864    0.000  -0.138   0.380   0.
  2017 352 15 41 22 500 352.653732639      -0.75      1.01     -0.06  0.        4103.635       -234.726       4353.000    0.000  -0.138   0.380   0.
  2017 352 15 41 23 500 352.653744213      -0.52      1.33     -0.06  0.        4103.323       -232.960       4355.135    0.000  -0.138   0.380   0.
  2017 352 15 41 24 499 352.653755787      -0.06      1.75     -0.14  0.        4103.010       -231.194       4357.270    0.000  -0.138   0.380   0.
  2017 352 15 41 25 499 352.653767361      -0.45      1.88     -0.10  0.        4102.697       -229.428       4359.403    0.000  -0.138   0.380   0.
  2017 352 15 41 26 499 352.653778935       0.06      1.72     -1.50  0.        4102.383       -227.662       4361.536    0.000  -0.138   0.380   0.
  2017 352 15 41 27 499 352.653790509      -2.01      0.08     -0.81  0.        4102.067       -225.896       4363.668    0.000  -0.138   0.380   0.
  2017 352 15 41 28 499 352.653802083      -1.15      0.49     -0.58  0.        4101.752       -224.129       4365.798    0.000  -0.138   0.380   0.
  2017 352 15 41 29 500 352.653813657       0.24      1.37     -1.43  0.        4101.435       -222.363       4367.928    0.000  -0.138   0.380   0.
  2017 352 15 41 30 500 352.653825231      -0.86      1.48     -0.14  0.        4101.117       -220.597       4370.058    0.000  -0.138   0.380   0.
  2017 352 15 41 31 499 352.653836806      -1.36      1.00      0.28  0.        4100.799       -218.831       4372.186    0.000  -0.138   0.380   0.
  2017 352 15 41 32 499 352.653848380      -0.96      0.76     -0.60  0.        4100.480       -217.064       4374.313    0.000  -0.138   0.380   0.
  2017 352 15 41 33 500 352.653859954      -1.05      0.94     -0.32  0.        4100.160       -215.298       4376.440    0.000  -0.138   0.380   0.
  2017 352 15 41 34 500 352.653871528      -0.90      0.85     -0.20  0.        4099.839       -213.531       4378.565    0.000  -0.138   0.380   0.
  2017 352 15 41 35 500 352.653883102      -0.81      1.25     -0.37  0.        4099.518       -211.765       4380.690    0.000  -0.138   0.380   0.
  2017 352 15 41 36 500 352.653894676      -0.45      1.23     -0.62  0.        4099.195       -209.998       4382.814    0.000  -0.138   0.380   0.
  2017 352 15 41 37 499 352.653906250      -0.46      1.26     -0.76  0.        4098.872       -208.232       4384.937    0.000  -0.138   0.380   0.
  2017 352 15 41 38 499 352.653917824      -0.54      1.03     -0.75  0.        4098.548       -206.465       4387.060    0.000  -0.138   0.380   0.
  2017 352 15 41 39 499 352.653929398      -1.05      1.18      0.40  0.        4098.223       -204.698       4389.181    0.000  -0.138   0.380   0.
  2017 352 15 41 40 499 352.653940972      -0.69      1.62      0.77  0.        4097.898       -202.932       4391.301    0.000  -0.138   0.380   0.
  2017 352 15 41 41 499 352.653952546      -0.83      1.32      0.31  0.        4097.571       -201.165       4393.421    0.000  -0.138   0.380   0.
  2017 352 15 41 42 500 352.653964120      -0.92      1.61     -0.33  0.        4097.244       -199.398       4395.540    0.000  -0.138   0.380   0.
  2017 352 15 41 43 500 352.653975694      -1.07      1.68     -0.44  0.        4096.916       -197.631       4397.658    0.000  -0.138   0.380   0.
  2017 352 15 41 44 499 352.653987269      -0.56      2.03     -0.16  0.        4096.587       -195.865       4399.775    0.000  -0.138   0.380   0.
  2017 352 15 41 45 499 352.653998842      -0.20      1.47     -0.07  0.        4096.257       -194.098       4401.891    0.000  -0.138   0.380   0.
  2017 352 15 41 46 499 352.654010414      -0.24      1.25     -0.21  0.        4095.927       -192.331       4404.006    0.000  -0.138   0.380   0.
  2017 352 15 41 47 499 352.654021988      -0.97      1.27      0.09  0.        4095.596       -190.564       4406.121    0.000  -0.138   0.380   0.
  2017 352 15 41 48 499 352.654033562      -0.53      1.38     -0.61  0.        4095.264       -188.797       4408.234    0.000  -0.138   0.380   0.
  2017 352 15 41 49 499 352.654045136      -0.50      0.96     -0.73  0.        4094.931       -187.030       4410.347    0.000  -0.138   0.380   0.
  2017 352 15 41 50 499 352.654056710       0.57      2.00      0.46  0.        4094.597       -185.263       4412.459    0.000  -0.138   0.380   0.
  2017 352 15 41 51 499 352.654068284      -0.38      1.74      0.58  0.        4094.263       -183.496       4414.570    0.000  -0.138   0.380   0.
  2017 352 15 41 52 499 352.654079858      -0.76      1.07     -0.44  0.        4093.927       -181.728       4416.680    0.000  -0.138   0.380   0.
  2017 352 15 41 53 499 352.654091432      -0.61      1.46     -0.88  0.        4093.591       -179.961       4418.789    0.000  -0.138   0.380   0.
  2017 352 15 41 54 499 352.654103006      -1.18      1.12     -0.12  0.        4093.254       -178.194       4420.898    0.000  -0.138   0.380   0.
  2017 352 15 41 55 499 352.654114580      -0.43      1.11     -0.32  0.        4092.917       -176.427       4423.005    0.000  -0.138   0.380   0.
  2017 352 15 41 56 499 352.654126155       0.33      1.66      0.09  0.        4092.578       -174.659       4425.112    0.000  -0.138   0.380   0.
  2017 352 15 41 57 499 352.654137729       0.24      1.43      0.28  0.        4092.239       -172.892       4427.217    0.000  -0.138   0.380   0.
  2017 352 15 41 58 499 352.654149303      -0.04      1.22      0.18  0.        4091.899       -171.125       4429.322    0.000  -0.138   0.380   0.
  2017 352 15 41 59 499 352.654160877      -0.54      1.19     -0.14  0.        4091.558       -169.357       4431.426    0.000  -0.138   0.380   0.
  2017 352 15 42  0 499 352.654172451      -0.58      1.44     -0.03  0.        4091.217       -167.590       4433.530    0.000  -0.138   0.380   0.
  2017 352 15 42  1 499 352.654184025      -0.55      1.44     -0.22  0.        4090.874       -165.822       4435.632    0.000  -0.138   0.380   0.
  2017 352 15 42  2 499 352.654195599      -0.44      1.43     -0.29  0.        4090.531       -164.055       4437.733    0.000  -0.138   0.380   0.
  2017 352 15 42  3 499 352.654207173      -0.69      1.17     -0.50  0.        4090.187       -162.287       4439.834    0.000  -0.138   0.380   0.
  2017 352 15 42  4 499 352.654218747      -0.89      1.32      0.07  0.        4089.842       -160.520       4441.934    0.000  -0.138   0.380   0.
  2017 352 15 42  5 499 352.654230321      -0.57      1.48     -0.06  0.        4089.496       -158.752       4444.033    0.000  -0.138   0.380   0.
  2017 352 15 42  6 499 352.654241895      -0.45      1.72     -0.20  0.        4089.150       -156.985       4446.131    0.000  -0.138   0.380   0.
  2017 352 15 42  7 499 352.654253469      -1.23      1.05     -0.63  0.        4088.803       -155.217       4448.228    0.000  -0.138   0.380   0.
  2017 352 15 42  8 499 352.654265043      -1.70      2.03      0.16  0.        4088.455       -153.449       4450.324    0.000  -0.138   0.380   0.
  2017 352 15 42  9 499 352.654276617      -0.96      2.33     -0.34  0.        4088.106       -151.682       4452.420    0.000  -0.138   0.380   0.
  2017 352 15 42 10 499 352.654288192      -0.63      2.13      0.01  0.        4087.757       -149.914       4454.514    0.000  -0.138   0.380   0.
  2017 352 15 42 11 499 352.654299766      -0.53      2.05     -0.45  0.        4087.406       -148.146       4456.608    0.000  -0.138   0.380   0.
  2017 352 15 42 12 499 352.654311340      -0.61      2.36      0.20  0.        4087.055       -146.378       4458.701    0.000  -0.138   0.380   0.
  2017 352 15 42 13 499 352.654322913      -0.80      1.95     -0.30  0.        4086.703       -144.611       4460.793    0.000  -0.138   0.380   0.
  2017 352 15 42 14 499 352.654334485      -1.23      1.55     -0.33  0.        4086.350       -142.843       4462.884    0.000  -0.138   0.380   0.
  2017 352 15 42 15 499 352.654346059      -0.90      1.76     -0.82  0.        4085.997       -141.075       4464.974    0.000  -0.138   0.380   0.
  2017 352 15 42 16 499 352.654357633      -0.76      1.55     -0.20  0.        4085.643       -139.307       4467.064    0.000  -0.138   0.380   0.
  2017 352 15 42 17 499 352.654369207      -0.66      0.98     -0.63  0.        4085.287       -137.539       4469.152    0.000  -0.138   0.380   0.
  2017 352 15 42 18 499 352.654380781      -1.19      1.03     -0.28  0.        4084.932       -135.771       4471.240    0.000  -0.138   0.380   0.
  2017 352 15 42 19 499 352.654392355      -0.68      1.37     -0.85  0.        4084.575       -134.003       4473.327    0.000  -0.138   0.380   0.
  2017 352 15 42 20 499 352.654403929      -0.46      1.63     -0.97  0.        4084.218       -132.235       4475.413    0.000  -0.138   0.380   0.
  2017 352 15 42 21 499 352.654415503       0.60      1.81     -0.47  0.        4083.859       -130.467       4477.498    0.000  -0.138   0.380   0.
  2017 352 15 42 22 499 352.654427078       0.85      1.91      0.62  0.        4083.500       -128.699       4479.582    0.000  -0.138   0.380   0.
  2017 352 15 42 23 499 352.654438652      -0.26      1.18      0.32  0.        4083.140       -126.931       4481.666    0.000  -0.138   0.380   0.
  2017 352 15 42 24 499 352.654450226      -0.79      1.13     -0.11  0.        4082.780       -125.163       4483.748    0.000  -0.138   0.380   0.
  2017 352 15 42 25 499 352.654461800      -0.69      1.45      0.01  0.        4082.419       -123.395       4485.830    0.000  -0.138   0.380   0.
  2017 352 15 42 26 499 352.654473374      -0.81      1.25      0.44  0.        4082.056       -121.626       4487.910    0.000  -0.138   0.380   0.
  2017 352 15 42 27 499 352.654484948      -0.81      1.20      0.05  0.        4081.694       -119.858       4489.990    0.000  -0.138   0.380   0.
  2017 352 15 42 28 499 352.654496522      -0.70      1.39      0.11  0.        4081.330       -118.090       4492.070    0.000  -0.138   0.380   0.
  2017 352 15 42 29 499 352.654508096      -0.58      1.44      0.13  0.        4080.965       -116.322       4494.148    0.000  -0.138   0.380   0.
  2017 352 15 42 30 499 352.654519670      -1.06      0.93     -0.10  0.        4080.600       -114.554       4496.225    0.000  -0.138   0.380   0.
  2017 352 15 42 31 499 352.654531244      -0.93      1.41      0.85  0.        4080.234       -112.785       4498.302    0.000  -0.138   0.380   0.
  2017 352 15 42 32 499 352.654542818      -0.47      1.75      0.87  0.        4079.867       -111.017       4500.377    0.000  -0.138   0.380   0.
  2017 352 15 42 33 499 352.654554392      -0.32      1.71      0.56  0.        4079.500       -109.249       4502.452    0.000  -0.138   0.380   0.
  2017 352 15 42 34 499 352.654565966      -1.07      1.59      0.71  0.        4079.131       -107.480       4504.526    0.000  -0.138   0.380   0.
  2017 352 15 42 35 499 352.654577540      -1.94      0.61      0.39  0.        4078.762       -105.712       4506.599    0.000  -0.138   0.380   0.
  2017 352 15 42 36 499 352.654589115      -1.31      0.96     -0.14  0.        4078.392       -103.944       4508.671    0.000  -0.138   0.380   0.
  2017 352 15 42 37 499 352.654600689      -1.16      1.59     -0.65  0.        4078.022       -102.175       4510.743    0.000  -0.138   0.380   0.
  2017 352 15 42 38 499 352.654612263      -0.21      2.22      0.77  0.        4077.650       -100.407       4512.813    0.000  -0.138   0.380   0.
  2017 352 15 42 39 499 352.654623837       1.51      2.09      0.26  0.        4077.278        -98.638       4514.883    0.000  -0.138   0.380   0.
  2017 352 15 42 40 499 352.654635411       0.81      1.77      0.72  0.        4076.905        -96.870       4516.952    0.000  -0.138   0.380   0.
  2017 352 15 42 41 499 352.654646985      -0.48      1.14     -0.57  0.        4076.531        -95.102       4519.020    0.000  -0.138   0.380   0.
  2017 352 15 42 42 499 352.654658559      -1.64      0.68      0.05  0.        4076.157        -93.333       4521.087    0.000  -0.138   0.380   0.
  2017 352 15 42 43 499 352.654670133      -1.59      0.68      0.81  0.        4075.781        -91.565       4523.153    0.000  -0.138   0.380   0.
  2017 352 15 42 44 499 352.654681704      -1.24      0.36     -0.24  0.        4075.405        -89.796       4525.218    0.000  -0.138   0.380   0.
  2017 352 15 42 45 499 352.654693278      -0.74      1.40      0.04  0.        4075.028        -88.027       4527.283    0.000  -0.138   0.380   0.
  2017 352 15 42 46 499 352.654704852      -1.11      1.12     -0.26  0.        4074.651        -86.259       4529.346    0.000  -0.138   0.380   0.
  2017 352 15 42 47 499 352.654716427      -1.25      1.86      0.28  0.        4074.272        -84.490       4531.409    0.000  -0.138   0.380   0.
  2017 352 15 42 48 499 352.654728001      -0.69      2.08      0.44  0.        4073.893        -82.722       4533.471    0.000  -0.138   0.380   0.
  2017 352 15 42 49 499 352.654739575      -0.07      1.90     -0.46  0.        4073.513        -80.953       4535.532    0.000  -0.138   0.380   0.
  2017 352 15 42 50 499 352.654751149      -0.47      1.75      0.13  0.        4073.132        -79.184       4537.592    0.000  -0.138   0.380   0.
  2017 352 15 42 51 499 352.654762723       0.31      2.82     -0.10  0.        4072.751        -77.416       4539.652    0.000  -0.138   0.380   0.
  2017 352 15 42 52 499 352.654774297       0.63      2.54     -0.37  0.        4072.369        -75.647       4541.710    0.000  -0.138   0.380   0.
  2017 352 15 42 53 499 352.654785871      -0.13      1.35     -0.76  0.        4071.986        -73.878       4543.768    0.000  -0.138   0.380   0.
  2017 352 15 42 54 499 352.654797445      -0.87      1.28      0.31  0.        4071.602        -72.110       4545.825    0.000  -0.138   0.380   0.
  2017 352 15 42 55 499 352.654809019      -0.49      1.35     -0.10  0.        4071.217        -70.341       4547.881    0.000  -0.138   0.380   0.
  2017 352 15 42 56 499 352.654820593      -0.26      2.28     -0.01  0.        4070.832        -68.572       4549.936    0.000  -0.138   0.380   0.
  2017 352 15 42 57 499 352.654832167      -0.36      1.89     -0.02  0.        4070.446        -66.804       4551.990    0.000  -0.138   0.380   0.
  2017 352 15 42 58 499 352.654843741      -1.07      1.02      0.02  0.        4070.059        -65.035       4554.043    0.000  -0.138   0.380   0.
  2017 352 15 42 59 499 352.654855315      -0.72      1.35      0.84  0.        4069.672        -63.266       4556.096    0.000  -0.138   0.380   0.
  2017 352 15 43  0 499 352.654866889      -0.38      1.71      0.87  0.        4069.283        -61.497       4558.148    0.000  -0.138   0.380   0.
  2017 352 15 43  1 499 352.654878464       0.72      2.18      0.31  0.        4068.894        -59.729       4560.198    0.000  -0.138   0.380   0.
  2017 352 15 43  2 499 352.654890038       0.41      2.18      0.22  0.        4068.504        -57.960       4562.248    0.000  -0.138   0.380   0.
  2017 352 15 43  3 499 352.654901612      -0.30      1.32      0.33  0.        4068.114        -56.191       4564.298    0.000  -0.138   0.380   0.
  2017 352 15 43  4 499 352.654913186      -0.32      1.12     -0.54  0.        4067.722        -54.422       4566.346    0.000  -0.138   0.380   0.
  2017 352 15 43  5 499 352.654924760       0.08      1.44     -0.72  0.        4067.330        -52.654       4568.393    0.000  -0.138   0.380   0.
  2017 352 15 43  6 499 352.654936334      -0.49      1.08     -0.58  0.        4066.937        -50.885       4570.440    0.000  -0.138   0.380   0.
  2017 352 15 43  7 499 352.654947908      -0.32      2.02      0.03  0.        4066.543        -49.116       4572.485    0.000  -0.138   0.380   0.
  2017 352 15 43  8 499 352.654959482      -0.46      1.31     -0.52  0.        4066.149        -47.347       4574.530    0.000  -0.138   0.380   0.
  2017 352 15 43  9 499 352.654971056      -0.66      1.51     -0.13  0.        4065.754        -45.578       4576.574    0.000  -0.138   0.380   0.
  2017 352 15 43 10 499 352.654982630      -0.53      1.57      0.14  0.        4065.358        -43.809       4578.617    0.000  -0.138   0.380   0.
  2017 352 15 43 11 499 352.654994204      -0.78      1.48      0.44  0.        4064.961        -42.040       4580.660    0.000  -0.138   0.380   0.
  2017 352 15 43 12 499 352.655005775      -1.37      1.37      0.46  0.        4064.564        -40.272       4582.701    0.000  -0.138   0.380   0.
  2017 352 15 43 13 498 352.655017350      -1.19      0.67      0.15  0.        4064.166        -38.503       4584.742    0.000  -0.138   0.380   0.
  2017 352 15 43 14 498 352.655028924      -0.85      0.54     -1.36  0.        4063.767        -36.734       4586.781    0.000  -0.138   0.380   0.
  2017 352 15 43 15 499 352.655040498      -0.25      1.66     -0.57  0.        4063.367        -34.965       4588.820    0.000  -0.138   0.380   0.
  2017 352 15 43 16 499 352.655052072       0.44      2.40     -0.06  0.        4062.966        -33.196       4590.858    0.000  -0.138   0.380   0.
  2017 352 15 43 17 499 352.655063646       0.14      1.87     -0.31  0.        4062.565        -31.427       4592.895    0.000  -0.138   0.380   0.
  2017 352 15 43 18 499 352.655075220      -0.85      0.88     -0.12  0.        4062.163        -29.658       4594.932    0.000  -0.138   0.380   0.
  2017 352 15 43 19 499 352.655086794      -0.41      1.45      0.35  0.        4061.760        -27.889       4596.967    0.000  -0.138   0.380   0.
  2017 352 15 43 20 498 352.655098368       0.98      1.46     -0.45  0.        4061.357        -26.120       4599.002    0.000  -0.138   0.380   0.
  2017 352 15 43 21 498 352.655109942       1.26      1.28     -1.04  0.        4060.953        -24.351       4601.035    0.000  -0.138   0.380   0.
  2017 352 15 43 22 498 352.655121516      -0.03      0.70     -1.97  0.        4060.548        -22.582       4603.068    0.000  -0.138   0.380   0.
  2017 352 15 43 23 498 352.655133090      -2.70     -0.06     -1.71  0.        4060.142        -20.813       4605.100    0.000  -0.138   0.380   0.
  2017 352 15 43 24 499 352.655144664      -3.71      1.81     -0.37  0.        4059.735        -19.045       4607.132    0.000  -0.138   0.380   0.
  2017 352 15 43 25 499 352.655156238      -1.26      2.58      0.29  0.        4059.328        -17.276       4609.162    0.000  -0.138   0.380   0.
  2017 352 15 43 26 498 352.655167812      -0.64      0.96      0.29  0.        4058.920        -15.507       4611.191    0.000  -0.138   0.380   0.
  2017 352 15 43 27 498 352.655179387       0.26      2.17      0.21  0.        4058.511        -13.738       4613.220    0.000  -0.138   0.380   0.
  2017 352 15 43 28 499 352.655190961       0.68      2.00     -0.21  0.        4058.102        -11.969       4615.248    0.000  -0.138   0.380   0.
  2017 352 15 43 29 499 352.655202535       0.23      1.59     -0.90  0.        4057.692        -10.200       4617.275    0.000  -0.138   0.380   0.
  2017 352 15 43 30 499 352.655214109       0.01      1.61     -0.64  0.        4057.281         -8.431       4619.301    0.000  -0.138   0.380   0.
  2017 352 15 43 31 499 352.655225683      -0.03      1.54     -0.75  0.        4056.869         -6.662       4621.326    0.000  -0.138   0.380   0.
  2017 352 15 43 32 499 352.655237257      -0.45      1.22     -0.58  0.        4056.457         -4.893       4623.351    0.000  -0.138   0.380   0.
  2017 352 15 43 33 498 352.655248831       0.01      1.34     -1.01  0.        4056.043         -3.124       4625.374    0.000  -0.138   0.380   0.
  2017 352 15 43 34 498 352.655260405       0.20      1.41     -0.98  0.        4055.629         -1.355       4627.397    0.000  -0.138   0.380   0.
  2017 352 15 43 35 498 352.655271979      -0.28      1.30     -0.22  0.        4055.215          0.414       4629.419    0.000  -0.138   0.380   0.
  2017 352 15 43 36 498 352.655283553      -0.69      1.46      0.36  0.        4054.800          2.183       4631.440    0.000  -0.138   0.380   0.
  2017 352 15 43 37 498 352.655295127      -0.69      1.69      0.68  0.        4054.383          3.952       4633.460    0.000  -0.138   0.380   0.
  2017 352 15 43 38 499 352.655306701      -0.17      1.94      0.50  0.        4053.966          5.721       4635.479    0.000  -0.138   0.380   0.
  2017 352 15 43 39 499 352.655318275      -0.26      1.63     -0.15  0.        4053.548          7.490       4637.497    0.000  -0.138   0.380   0.
  2017 352 15 43 40 498 352.655329850      -0.34      1.73     -0.15  0.        4053.130          9.259       4639.515    0.000  -0.138   0.380   0.
  2017 352 15 43 41 498 352.655341424      -0.13      1.60     -0.49  0.        4052.711         11.028       4641.532    0.000  -0.138   0.380   0.
  2017 352 15 43 42 499 352.655352998      -1.00      1.00     -0.61  0.        4052.291         12.797       4643.547    0.000  -0.138   0.380   0.
  2017 352 15 43 43 499 352.655364571      -0.58      1.55      0.16  0.        4051.870         14.566       4645.563    0.000  -0.138   0.380   0.
  2017 352 15 43 44 498 352.655376143      -0.67      1.72      0.45  0.        4051.449         16.335       4647.577    0.000  -0.138   0.380   0.
  2017 352 15 43 45 498 352.655387717       0.70      1.73     -0.38  0.        4051.027         18.104       4649.590    0.000  -0.138   0.380   0.
  2017 352 15 43 46 498 352.655399291      -0.68      0.77     -1.15  0.        4050.604         19.873       4651.603    0.000  -0.138   0.380   0.
  2017 352 15 43 47 498 352.655410865      -1.30      0.89     -0.69  0.        4050.180         21.642       4653.614    0.000  -0.138   0.380   0.
  2017 352 15 43 48 498 352.655422439      -1.67      1.08      0.12  0.        4049.756         23.411       4655.625    0.000  -0.138   0.380   0.
  2017 352 15 43 49 498 352.655434013      -0.65      1.43      0.96  0.        4049.331         25.179       4657.635    0.000  -0.138   0.380   0.
  2017 352 15 43 50 498 352.655445587      -0.63      1.55      0.81  0.        4048.905         26.948       4659.644    0.000  -0.138   0.380   0.
  2017 352 15 43 51 498 352.655457161      -0.25      1.53      0.22  0.        4048.479         28.717       4661.652    0.000  -0.138   0.380   0.
  2017 352 15 43 52 498 352.655468736      -1.20      0.54     -0.60  0.        4048.051         30.486       4663.660    0.000  -0.138   0.380   0.
  2017 352 15 43 53 498 352.655480310      -2.04      0.58      0.10  0.        4047.623         32.255       4665.666    0.000  -0.138   0.380   0.
  2017 352 15 43 54 498 352.655491884      -1.43      1.15      0.24  0.        4047.195         34.024       4667.672    0.000  -0.138   0.380   0.
  2017 352 15 43 55 498 352.655503458      -1.38      1.00     -0.15  0.        4046.765         35.793       4669.677    0.000  -0.138   0.380   0.
  2017 352 15 43 56 498 352.655515032      -1.76      1.16      0.34  0.        4046.335         37.562       4671.681    0.000  -0.138   0.380   0.
  2017 352 15 43 57 498 352.655526606      -0.65      2.13      1.11  0.        4045.904         39.331       4673.684    0.000  -0.138   0.380   0.
  2017 352 15 43 58 498 352.655538180       0.05      1.93      0.29  0.        4045.473         41.100       4675.687    0.000  -0.138   0.380   0.
  2017 352 15 43 59 498 352.655549754      -0.67      1.47     -0.05  0.        4045.040         42.869       4677.688    0.000  -0.138   0.380   0.
  2017 352 15 44  0 498 352.655561328      -0.96      1.09     -0.25  0.        4044.607         44.637       4679.689    0.000  -0.138   0.380   0.
  2017 352 15 44  1 498 352.655572902      -1.17      1.12     -0.40  0.        4044.173         46.406       4681.688    0.000  -0.138   0.380   0.
  2017 352 15 44  2 498 352.655584476      -1.09      1.38     -0.18  0.        4043.739         48.175       4683.687    0.000  -0.138   0.380   0.
  2017 352 15 44  3 498 352.655596050      -0.83      1.53      0.23  0.        4043.303         49.944       4685.686    0.000  -0.138   0.380   0.
  2017 352 15 44  4 498 352.655607624      -0.67      1.39      0.46  0.        4042.867         51.713       4687.683    0.000  -0.138   0.380   0.
  2017 352 15 44  5 498 352.655619198      -0.65      1.39      0.44  0.        4042.430         53.482       4689.679    0.000  -0.138   0.380   0.
  2017 352 15 44  6 498 352.655630773      -0.81      1.30      0.19  0.        4041.993         55.250       4691.675    0.000  -0.138   0.380   0.
  2017 352 15 44  7 498 352.655642347      -0.65      1.22     -0.15  0.        4041.555         57.019       4693.669    0.000  -0.138   0.380   0.
  2017 352 15 44  8 498 352.655653921      -0.43      1.57     -0.22  0.        4041.116         58.788       4695.663    0.000  -0.138   0.380   0.
  2017 352 15 44  9 498 352.655665495      -0.20      1.89     -0.03  0.        4040.676         60.557       4697.656    0.000  -0.138   0.380   0.
  2017 352 15 44 10 498 352.655677069      -0.17      1.70     -0.05  0.        4040.236         62.326       4699.649    0.000  -0.138   0.380   0.
  2017 352 15 44 11 498 352.655688643      -0.87      1.79      0.55  0.        4039.795         64.094       4701.640    0.000  -0.138   0.380   0.
  2017 352 15 44 12 498 352.655700214      -0.19      1.68     -0.56  0.        4039.353         65.863       4703.630    0.000  -0.138   0.380   0.
  2017 352 15 44 13 498 352.655711788      -0.86      0.91     -1.02  0.        4038.910         67.632       4705.620    0.000  -0.138   0.380   0.
  2017 352 15 44 14 498 352.655723362      -0.77      0.67     -1.01  0.        4038.467         69.401       4707.609    0.000  -0.138   0.380   0.
  2017 352 15 44 15 498 352.655734936      -1.13      0.62     -0.80  0.        4038.023         71.169       4709.597    0.000  -0.138   0.380   0.
  2017 352 15 44 16 498 352.655746510      -1.85      0.81      0.74  0.        4037.578         72.938       4711.584    0.000  -0.138   0.380   0.
  2017 352 15 44 17 498 352.655758085      -0.53      1.14     -0.22  0.        4037.133         74.707       4713.570    0.000  -0.138   0.380   0.
  2017 352 15 44 18 498 352.655769659      -0.27      2.08      0.18  0.        4036.686         76.476       4715.556    0.000  -0.138   0.380   0.
  2017 352 15 44 19 498 352.655781233      -1.64      0.59      0.05  0.        4036.240         78.244       4717.540    0.000  -0.138   0.380   0.
  2017 352 15 44 20 498 352.655792807      -0.13      1.48     -0.83  0.        4035.792         80.013       4719.524    0.000  -0.138   0.380   0.
  2017 352 15 44 21 498 352.655804381       0.37      2.02      0.07  0.        4035.344         81.781       4721.507    0.000  -0.138   0.380   0.
  2017 352 15 44 22 498 352.655815955      -0.62      1.84     -0.01  0.        4034.894         83.550       4723.489    0.000  -0.138   0.380   0.
  2017 352 15 44 23 498 352.655827529      -0.70      2.11     -0.32  0.        4034.445         85.319       4725.470    0.000  -0.138   0.380   0.
  2017 352 15 44 24 498 352.655839103       0.19      1.82     -0.47  0.        4033.994         87.087       4727.451    0.000  -0.138   0.380   0.
  2017 352 15 44 25 498 352.655850677       0.69      2.33     -0.91  0.        4033.543         88.856       4729.430    0.000  -0.138   0.380   0.
  2017 352 15 44 26 498 352.655862251      -0.32      2.00     -0.25  0.        4033.091         90.625       4731.409    0.000  -0.138   0.380   0.
  2017 352 15 44 27 498 352.655873825      -0.56      1.21     -0.26  0.        4032.638         92.393       4733.387    0.000  -0.138   0.380   0.
  2017 352 15 44 28 498 352.655885399      -1.07      1.11      0.12  0.        4032.185         94.162       4735.364    0.000  -0.138   0.380   0.
  2017 352 15 44 29 498 352.655896973      -0.49      1.70     -0.31  0.        4031.731         95.930       4737.340    0.000  -0.138   0.380   0.
  2017 352 15 44 30 498 352.655908548      -0.27      2.36     -0.02  0.        4031.276         97.699       4739.315    0.000  -0.138   0.380   0.
  2017 352 15 44 31 498 352.655920122      -0.31      2.30      0.38  0.        4030.820         99.467       4741.290    0.000  -0.138   0.380   0.
  2017 352 15 44 32 498 352.655931696      -0.48      1.80      0.38  0.        4030.364        101.236       4743.263    0.000  -0.138   0.380   0.
  2017 352 15 44 33 498 352.655943270      -0.62      1.33     -0.21  0.        4029.907        103.004       4745.236    0.000  -0.138   0.380   0.
  2017 352 15 44 34 498 352.655954844      -1.47      0.97     -0.13  0.        4029.450        104.772       4747.208    0.000  -0.138   0.380   0.
  2017 352 15 44 35 498 352.655966418      -2.05      1.26      0.24  0.        4028.991        106.541       4749.179    0.000  -0.138   0.380   0.
  2017 352 15 44 36 498 352.655977992      -2.21      1.36     -0.28  0.        4028.532        108.309       4751.150    0.000  -0.138   0.380   0.
  2017 352 15 44 37 498 352.655989566      -0.68      1.93     -0.68  0.        4028.072        110.078       4753.119    0.000  -0.138   0.380   0.
  2017 352 15 44 38 498 352.656001140       0.60      2.24     -0.87  0.        4027.612        111.846       4755.088    0.000  -0.138   0.380   0.
  2017 352 15 44 39 498 352.656012714      -0.19      1.47     -0.85  0.        4027.151        113.614       4757.055    0.000  -0.138   0.380   0.
  2017 352 15 44 40 498 352.656024288      -0.94      1.29     -0.26  0.        4026.689        115.383       4759.022    0.000  -0.138   0.380   0.
  2017 352 15 44 41 498 352.656035862      -0.24      1.81     -0.41  0.        4026.226        117.151       4760.988    0.000  -0.138   0.380   0.
  2017 352 15 44 42 498 352.656047433       0.38      2.07      0.10  0.        4025.763        118.919       4762.954    0.000  -0.138   0.380   0.
  2017 352 15 44 43 498 352.656059008      -0.29      1.53      0.09  0.        4025.299        120.687       4764.918    0.000  -0.138   0.380   0.
  2017 352 15 44 44 498 352.656070582      -0.37      1.79     -0.13  0.        4024.834        122.456       4766.882    0.000  -0.138   0.380   0.
  2017 352 15 44 45 498 352.656082156      -0.47      1.49     -0.09  0.        4024.369        124.224       4768.844    0.000  -0.138   0.380   0.
  2017 352 15 44 46 498 352.656093730      -0.78      1.44     -0.11  0.        4023.902        125.992       4770.806    0.000  -0.138   0.380   0.
  2017 352 15 44 47 498 352.656105304      -0.92      1.37      0.19  0.        4023.436        127.760       4772.767    0.000  -0.138   0.380   0.
  2017 352 15 44 48 498 352.656116878      -1.09      1.28      0.39  0.        4022.968        129.528       4774.727    0.000  -0.138   0.380   0.
  2017 352 15 44 49 498 352.656128452      -1.31      1.06      0.54  0.        4022.500        131.296       4776.687    0.000  -0.138   0.380   0.
  2017 352 15 44 50 498 352.656140026      -1.38      1.16      0.23  0.        4022.031        133.065       4778.645    0.000  -0.138   0.380   0.
  2017 352 15 44 51 498 352.656151600      -1.05      1.51     -0.33  0.        4021.561        134.833       4780.603    0.000  -0.138   0.380   0.
  2017 352 15 44 52 498 352.656163174      -1.11      1.57     -0.16  0.        4021.090        136.601       4782.560    0.000  -0.138   0.380   0.
  2017 352 15 44 53 498 352.656174748      -1.10      1.99      0.68  0.        4020.619        138.369       4784.516    0.000  -0.138   0.380   0.
  2017 352 15 44 54 498 352.656186322       0.11      2.09     -0.37  0.        4020.148        140.137       4786.471    0.000  -0.138   0.380   0.
  2017 352 15 44 55 498 352.656197896       0.97      2.40     -0.10  0.        4019.675        141.905       4788.425    0.000  -0.138   0.380   0.
  2017 352 15 44 56 498 352.656209470       0.43      2.27      0.68  0.        4019.202        143.673       4790.379    0.000  -0.138   0.380   0.
  2017 352 15 44 57 498 352.656221045      -1.34      1.12      1.24  0.        4018.728        145.441       4792.332    0.000  -0.138   0.380   0.
  2017 352 15 44 58 498 352.656232619      -1.53      0.43      0.01  0.        4018.253        147.209       4794.283    0.000  -0.138   0.380   0.
  2017 352 15 44 59 498 352.656244193      -1.08      1.11     -0.27  0.        4017.778        148.977       4796.234    0.000  -0.138   0.380   0.
  2017 352 15 45  0 498 352.656255767      -0.33      2.03     -0.22  0.        4017.302        150.744       4798.184    0.000  -0.138   0.380   0.
  2017 352 15 45  1 498 352.656267341      -0.15      2.14      0.40  0.        4016.825        152.512       4800.134    0.000  -0.138   0.380   0.
  2017 352 15 45  2 498 352.656278915      -0.04      1.97      0.51  0.        4016.348        154.280       4802.082    0.000  -0.138   0.380   0.
  2017 352 15 45  3 498 352.656290489       0.19      2.52      0.62  0.        4015.870        156.048       4804.030    0.000  -0.138   0.380   0.
  2017 352 15 45  4 498 352.656302063      -0.52      1.91      0.26  0.        4015.391        157.815       4805.977    0.000  -0.138   0.380   0.
  2017 352 15 45  5 498 352.656313637      -0.56      2.03     -0.47  0.        4014.911        159.583       4807.923    0.000  -0.138   0.380   0.
  2017 352 15 45  6 498 352.656325211      -0.15      2.16     -0.23  0.        4014.431        161.351       4809.868    0.000  -0.138   0.380   0.
  2017 352 15 45  7 498 352.656336785      -0.12      2.04     -0.68  0.        4013.950        163.119       4811.812    0.000  -0.138   0.380   0.
  2017 352 15 45  8 498 352.656348359      -0.62      1.42     -0.91  0.        4013.469        164.886       4813.755    0.000  -0.138   0.380   0.
  2017 352 15 45  9 498 352.656359933      -0.95      1.42     -0.82  0.        4012.986        166.654       4815.698    0.000  -0.138   0.380   0.
  2017 352 15 45 10 498 352.656371508      -1.16      1.61     -0.24  0.        4012.503        168.421       4817.640    0.000  -0.138   0.380   0.
  2017 352 15 45 11 498 352.656383081      -0.61      1.59     -0.10  0.        4012.020        170.189       4819.581    0.000  -0.138   0.380   0.
  2017 352 15 45 12 498 352.656394653      -1.16      1.41     -0.55  0.        4011.535        171.956       4821.521    0.000  -0.138   0.380   0.
  2017 352 15 45 13 498 352.656406227      -0.80      1.76     -0.52  0.        4011.050        173.724       4823.460    0.000  -0.138   0.380   0.
  2017 352 15 45 14 498 352.656417801      -0.89      1.96     -0.13  0.        4010.564        175.491       4825.399    0.000  -0.138   0.380   0.
  2017 352 15 45 15 498 352.656429375      -1.38      1.55     -0.33  0.        4010.078        177.259       4827.336    0.000  -0.138   0.380   0.
  2017 352 15 45 16 497 352.656440949      -1.98      1.38     -0.42  0.        4009.591        179.026       4829.273    0.000  -0.138   0.380   0.
  2017 352 15 45 17 497 352.656452523      -0.79      2.15      0.32  0.        4009.103        180.794       4831.209    0.000  -0.138   0.380   0.
  2017 352 15 45 18 497 352.656464097       0.47      2.24      0.83  0.        4008.614        182.561       4833.144    0.000  -0.138   0.380   0.
  2017 352 15 45 19 497 352.656475671      -0.47      1.35      1.42  0.        4008.125        184.328       4835.078    0.000  -0.138   0.380   0.
  2017 352 15 45 20 498 352.656487245      -1.04      1.29      1.11  0.        4007.635        186.096       4837.012    0.000  -0.138   0.380   0.
  2017 352 15 45 21 498 352.656498819      -1.05      1.57      0.48  0.        4007.145        187.863       4838.944    0.000  -0.138   0.380   0.
  2017 352 15 45 22 497 352.656510394      -0.74      1.27     -0.56  0.        4006.653        189.630       4840.876    0.000  -0.138   0.380   0.
  2017 352 15 45 23 497 352.656521968      -1.16      1.21     -0.00  0.        4006.161        191.397       4842.807    0.000  -0.138   0.380   0.
  2017 352 15 45 24 498 352.656533542      -1.18      1.31      0.61  0.        4005.669        193.164       4844.737    0.000  -0.138   0.380   0.
  2017 352 15 45 25 498 352.656545116      -0.94      1.26      0.59  0.        4005.175        194.932       4846.667    0.000  -0.138   0.380   0.
  2017 352 15 45 26 498 352.656556690      -1.19      1.32      0.43  0.        4004.681        196.699       4848.595    0.000  -0.138   0.380   0.
  2017 352 15 45 27 498 352.656568264      -0.92      1.59      0.63  0.        4004.186        198.466       4850.523    0.000  -0.138   0.380   0.
  2017 352 15 45 28 498 352.656579838      -0.66      1.88      0.30  0.        4003.691        200.233       4852.449    0.000  -0.138   0.380   0.
  2017 352 15 45 29 497 352.656591412      -1.04      2.09      0.60  0.        4003.195        202.000       4854.375    0.000  -0.138   0.380   0.
  2017 352 15 45 30 497 352.656602986      -0.44      2.07      0.35  0.        4002.698        203.767       4856.300    0.000  -0.138   0.380   0.
  2017 352 15 45 31 497 352.656614560      -0.32      2.28      0.75  0.        4002.201        205.533       4858.225    0.000  -0.138   0.380   0.
  2017 352 15 45 32 497 352.656626134      -0.57      1.69      0.75  0.        4001.702        207.300       4860.148    0.000  -0.138   0.380   0.
  2017 352 15 45 33 497 352.656637708      -0.56      1.39      0.29  0.        4001.204        209.067       4862.071    0.000  -0.138   0.380   0.
  2017 352 15 45 34 498 352.656649282      -0.47      1.67      0.11  0.        4000.704        210.834       4863.993    0.000  -0.138   0.380   0.
  2017 352 15 45 35 498 352.656660856      -0.74      1.65      0.31  0.        4000.204        212.601       4865.913    0.000  -0.138   0.380   0.
  2017 352 15 45 36 497 352.656672431      -1.00      1.39      0.75  0.        3999.703        214.368       4867.834    0.000  -0.138   0.380   0.
  2017 352 15 45 37 497 352.656684005      -1.36      1.34      0.64  0.        3999.201        216.134       4869.753    0.000  -0.138   0.380   0.
  2017 352 15 45 38 498 352.656695579      -0.96      0.89     -0.31  0.        3998.699        217.901       4871.671    0.000  -0.138   0.380   0.
  2017 352 15 45 39 498 352.656707152      -0.48      1.33     -0.21  0.        3998.196        219.667       4873.589    0.000  -0.138   0.380   0.
  2017 352 15 45 40 497 352.656718724      -0.16      1.53     -0.50  0.        3997.693        221.434       4875.506    0.000  -0.138   0.380   0.
  2017 352 15 45 41 497 352.656730298      -0.45      1.49     -0.53  0.        3997.188        223.201       4877.422    0.000  -0.138   0.380   0.
  2017 352 15 45 42 497 352.656741872      -0.86      1.75      0.57  0.        3996.683        224.967       4879.337    0.000  -0.138   0.380   0.
  2017 352 15 45 43 497 352.656753446      -0.45      2.05      0.69  0.        3996.177        226.734       4881.251    0.000  -0.138   0.380   0.
  2017 352 15 45 44 497 352.656765020      -0.80      1.64      0.20  0.        3995.671        228.500       4883.165    0.000  -0.138   0.380   0.
  2017 352 15 45 45 497 352.656776594      -0.95      1.53      0.70  0.        3995.164        230.266       4885.077    0.000  -0.138   0.380   0.
  2017 352 15 45 46 497 352.656788168      -0.42      2.11      0.54  0.        3994.656        232.033       4886.989    0.000  -0.138   0.380   0.
  2017 352 15 45 47 497 352.656799742      -0.18      1.89      0.50  0.        3994.148        233.799       4888.900    0.000  -0.138   0.380   0.
  2017 352 15 45 48 497 352.656811317      -0.50      1.62      0.70  0.        3993.639        235.565       4890.810    0.000  -0.138   0.380   0.
  2017 352 15 45 49 497 352.656822891      -0.53      1.40      0.67  0.        3993.129        237.332       4892.719    0.000  -0.138   0.380   0.
  2017 352 15 45 50 497 352.656834465      -0.66      1.71      0.01  0.        3992.619        239.098       4894.628    0.000  -0.138   0.380   0.
  2017 352 15 45 51 497 352.656846039      -0.69      1.87     -0.48  0.        3992.108        240.864       4896.536    0.000  -0.138   0.380   0.
  2017 352 15 45 52 497 352.656857613      -1.81      0.98      0.20  0.        3991.596        242.630       4898.443    0.000  -0.138   0.380   0.
  2017 352 15 45 53 497 352.656869187      -1.71      0.86      0.73  0.        3991.084        244.396       4900.349    0.000  -0.138   0.380   0.
  2017 352 15 45 54 497 352.656880761      -0.94      1.20     -0.05  0.        3990.571        246.162       4902.254    0.000  -0.138   0.380   0.
  2017 352 15 45 55 497 352.656892335      -0.65      1.47     -0.57  0.        3990.057        247.928       4904.158    0.000  -0.138   0.380   0.
  2017 352 15 45 56 497 352.656903909      -1.20      1.87      0.27  0.        3989.542        249.694       4906.062    0.000  -0.138   0.380   0.
  2017 352 15 45 57 497 352.656915483      -1.18      3.20      0.28  0.        3989.027        251.460       4907.964    0.000  -0.138   0.380   0.
  2017 352 15 45 58 497 352.656927057      -1.61      2.99      0.53  0.        3988.511        253.226       4909.866    0.000  -0.138   0.380   0.
  2017 352 15 45 59 497 352.656938631      -1.31      1.67      0.49  0.        3987.995        254.992       4911.767    0.000  -0.138   0.380   0.
  2017 352 15 46  0 497 352.656950205      -0.73      2.09      0.10  0.        3987.478        256.758       4913.667    0.000  -0.138   0.380   0.
  2017 352 15 46  1 497 352.656961779      -1.07      0.97      0.32  0.        3986.960        258.523       4915.567    0.000  -0.138   0.380   0.
  2017 352 15 46  2 497 352.656973354      -0.57      1.67     -0.02  0.        3986.441        260.289       4917.465    0.000  -0.138   0.380   0.
  2017 352 15 46  3 497 352.656984928      -0.55      1.70     -0.08  0.        3985.922        262.055       4919.363    0.000  -0.138   0.380   0.
  2017 352 15 46  4 497 352.656996502      -0.95      1.55      0.11  0.        3985.402        263.820       4921.260    0.000  -0.138   0.380   0.
  2017 352 15 46  5 497 352.657008076      -1.24      1.98      0.84  0.        3984.882        265.586       4923.156    0.000  -0.138   0.380   0.
  2017 352 15 46  6 497 352.657019650      -0.97      1.27      0.49  0.        3984.361        267.351       4925.051    0.000  -0.138   0.380   0.
  2017 352 15 46  7 497 352.657031224      -1.19      1.21      0.38  0.        3983.839        269.117       4926.946    0.000  -0.138   0.380   0.
  2017 352 15 46  8 497 352.657042798      -0.75      1.29      0.11  0.        3983.317        270.882       4928.839    0.000  -0.138   0.380   0.
  2017 352 15 46  9 497 352.657054372      -1.53      1.42      0.93  0.        3982.793        272.648       4930.732    0.000  -0.138   0.380   0.
  2017 352 15 46 10 497 352.657065943      -1.00      1.18      0.02  0.        3982.269        274.413       4932.624    0.000  -0.138   0.380   0.
  2017 352 15 46 11 497 352.657077517      -1.48      1.00      0.76  0.        3981.745        276.178       4934.515    0.000  -0.138   0.380   0.
  2017 352 15 46 12 497 352.657089091      -0.78      1.13     -0.20  0.        3981.220        277.944       4936.405    0.000  -0.138   0.380   0.
  2017 352 15 46 13 497 352.657100666      -1.58      0.65     -0.47  0.        3980.694        279.709       4938.295    0.000  -0.138   0.380   0.
  2017 352 15 46 14 497 352.657112240      -1.81      0.96     -0.51  0.        3980.168        281.474       4940.184    0.000  -0.138   0.380   0.
  2017 352 15 46 15 497 352.657123814      -1.39      0.90     -0.23  0.        3979.640        283.239       4942.071    0.000  -0.138   0.380   0.
  2017 352 15 46 16 497 352.657135388      -1.70      0.15      0.30  0.        3979.113        285.004       4943.958    0.000  -0.138   0.380   0.
  2017 352 15 46 17 497 352.657146962      -1.22      1.17      0.36  0.        3978.584        286.769       4945.844    0.000  -0.138   0.380   0.
  2017 352 15 46 18 497 352.657158536      -0.18      2.50      0.26  0.        3978.055        288.534       4947.730    0.000  -0.138   0.380   0.
  2017 352 15 46 19 497 352.657170110      -0.34      1.89     -0.07  0.        3977.525        290.299       4949.614    0.000  -0.138   0.380   0.
  2017 352 15 46 20 497 352.657181684      -0.86      1.31      0.20  0.        3976.995        292.064       4951.498    0.000  -0.138   0.380   0.
  2017 352 15 46 21 497 352.657193258      -0.74      1.46      0.21  0.        3976.464        293.829       4953.381    0.000  -0.138   0.380   0.
  2017 352 15 46 22 497 352.657204832      -0.82      1.38      0.23  0.        3975.932        295.594       4955.263    0.000  -0.138   0.380   0.
  2017 352 15 46 23 497 352.657216406      -1.00      1.62      0.65  0.        3975.399        297.358       4957.144    0.000  -0.138   0.380   0.
  2017 352 15 46 24 497 352.657227980      -0.88      1.60      0.73  0.        3974.866        299.123       4959.025    0.000  -0.138   0.380   0.
  2017 352 15 46 25 497 352.657239554      -0.62      1.89      0.70  0.        3974.332        300.888       4960.904    0.000  -0.138   0.380   0.
  2017 352 15 46 26 497 352.657251128      -0.42      1.75      0.55  0.        3973.798        302.652       4962.783    0.000  -0.138   0.380   0.
  2017 352 15 46 27 497 352.657262703      -0.32      1.70      0.58  0.        3973.263        304.417       4964.661    0.000  -0.138   0.380   0.
  2017 352 15 46 28 497 352.657274277      -0.40      1.60      0.37  0.        3972.727        306.181       4966.538    0.000  -0.138   0.380   0.
  2017 352 15 46 29 497 352.657285851      -0.74      1.47      0.15  0.        3972.191        307.946       4968.414    0.000  -0.138   0.380   0.
  2017 352 15 46 30 497 352.657297425      -0.86      1.50     -0.04  0.        3971.654        309.710       4970.290    0.000  -0.138   0.380   0.
  2017 352 15 46 31 497 352.657308999      -0.87      1.45      0.02  0.        3971.116        311.474       4972.164    0.000  -0.138   0.380   0.
  2017 352 15 46 32 497 352.657320573      -0.75      1.60      0.32  0.        3970.578        313.239       4974.038    0.000  -0.138   0.380   0.
  2017 352 15 46 33 497 352.657332147      -0.59      1.99      0.06  0.        3970.039        315.003       4975.911    0.000  -0.138   0.380   0.
  2017 352 15 46 34 497 352.657343721      -0.66      1.81     -0.02  0.        3969.499        316.767       4977.783    0.000  -0.138   0.380   0.
  2017 352 15 46 35 497 352.657355295      -0.76      1.63      0.46  0.        3968.959        318.531       4979.654    0.000  -0.138   0.380   0.
  2017 352 15 46 36 497 352.657366869      -0.92      1.43      0.12  0.        3968.418        320.295       4981.525    0.000  -0.138   0.380   0.
  2017 352 15 46 37 497 352.657378443      -0.71      1.43     -0.60  0.        3967.876        322.059       4983.395    0.000  -0.138   0.380   0.
  2017 352 15 46 38 497 352.657390014      -1.18      1.49      0.20  0.        3967.334        323.823       4985.264    0.000  -0.138   0.380   0.
  2017 352 15 46 39 497 352.657401589      -0.97      1.50      0.20  0.        3966.791        325.587       4987.132    0.000  -0.138   0.380   0.
  2017 352 15 46 40 497 352.657413163      -1.04      1.44      0.76  0.        3966.247        327.351       4988.999    0.000  -0.138   0.380   0.
  2017 352 15 46 41 497 352.657424737      -0.60      1.45      0.07  0.        3965.703        329.115       4990.865    0.000  -0.138   0.380   0.
  2017 352 15 46 42 497 352.657436311      -0.43      1.66     -0.53  0.        3965.158        330.879       4992.731    0.000  -0.138   0.380   0.
  2017 352 15 46 43 497 352.657447885      -0.62      2.16      0.32  0.        3964.613        332.642       4994.596    0.000  -0.138   0.380   0.
  2017 352 15 46 44 497 352.657459459      -0.32      2.22      0.70  0.        3964.066        334.406       4996.460    0.000  -0.138   0.380   0.
  2017 352 15 46 45 497 352.657471033      -0.57      1.75      0.61  0.        3963.519        336.169       4998.323    0.000  -0.138   0.380   0.
  2017 352 15 46 46 497 352.657482607      -0.78      1.46      0.35  0.        3962.972        337.933       5000.185    0.000  -0.138   0.380   0.
  2017 352 15 46 47 497 352.657494181      -1.01      1.56      0.34  0.        3962.424        339.696       5002.047    0.000  -0.138   0.380   0.
  2017 352 15 46 48 497 352.657505755      -1.16      1.55      0.09  0.        3961.875        341.460       5003.907    0.000  -0.138   0.380   0.
  2017 352 15 46 49 497 352.657517329      -0.86      1.43      0.29  0.        3961.326        343.223       5005.767    0.000  -0.138   0.380   0.
  2017 352 15 46 50 497 352.657528903      -1.28      1.38      0.39  0.        3960.775        344.987       5007.626    0.000  -0.138   0.380   0.
  2017 352 15 46 51 497 352.657540477      -1.60      1.48      0.28  0.        3960.225        346.750       5009.484    0.000  -0.138   0.380   0.
  2017 352 15 46 52 497 352.657552052      -1.36      1.94      0.38  0.        3959.673        348.513       5011.342    0.000  -0.138   0.380   0.
  2017 352 15 46 53 497 352.657563626      -0.42      2.41      0.82  0.        3959.121        350.276       5013.198    0.000  -0.138   0.380   0.
  2017 352 15 46 54 497 352.657575200      -0.62      2.01      1.35  0.        3958.569        352.039       5015.054    0.000  -0.138   0.380   0.
  2017 352 15 46 55 497 352.657586774      -0.35      1.87      0.25  0.        3958.015        353.802       5016.909    0.000  -0.138   0.380   0.
  2017 352 15 46 56 497 352.657598348      -0.65      1.68      0.15  0.        3957.461        355.565       5018.763    0.000  -0.138   0.380   0.
  2017 352 15 46 57 497 352.657609922      -0.61      1.62      0.17  0.        3956.907        357.328       5020.616    0.000  -0.138   0.380   0.
  2017 352 15 46 58 497 352.657621496      -0.97      1.36     -0.19  0.        3956.351        359.091       5022.469    0.000  -0.138   0.380   0.
  2017 352 15 46 59 497 352.657633070      -0.58      1.50     -0.44  0.        3955.796        360.854       5024.320    0.000  -0.138   0.380   0.
  2017 352 15 47  0 497 352.657644644      -0.80      1.32      0.12  0.        3955.239        362.616       5026.171    0.000  -0.138   0.380   0.
  2017 352 15 47  1 497 352.657656218      -1.06      1.37      0.51  0.        3954.682        364.379       5028.021    0.000  -0.138   0.380   0.
  2017 352 15 47  2 497 352.657667792      -0.53      1.79      0.51  0.        3954.124        366.142       5029.871    0.000  -0.138   0.380   0.
  2017 352 15 47  3 497 352.657679366      -0.08      1.93     -0.26  0.        3953.565        367.904       5031.719    0.000  -0.138   0.380   0.
  2017 352 15 47  4 497 352.657690940      -0.44      1.46     -0.34  0.        3953.006        369.667       5033.566    0.000  -0.138   0.380   0.
  2017 352 15 47  5 497 352.657702514      -0.57      1.68      0.07  0.        3952.447        371.429       5035.413    0.000  -0.138   0.380   0.
  2017 352 15 47  6 497 352.657714089      -0.65      1.34     -0.24  0.        3951.886        373.192       5037.259    0.000  -0.138   0.380   0.
  2017 352 15 47  7 497 352.657725662      -0.57      1.94     -0.22  0.        3951.325        374.954       5039.104    0.000  -0.138   0.380   0.
  2017 352 15 47  8 497 352.657737234      -0.41      1.94     -0.17  0.        3950.763        376.716       5040.949    0.000  -0.138   0.380   0.
  2017 352 15 47  9 497 352.657748808      -0.68      1.86     -0.81  0.        3950.201        378.478       5042.792    0.000  -0.138   0.380   0.
  2017 352 15 47 10 497 352.657760382      -0.69      1.74     -0.85  0.        3949.638        380.241       5044.635    0.000  -0.138   0.380   0.
  2017 352 15 47 11 496 352.657771956      -0.95      1.93      0.19  0.        3949.075        382.003       5046.477    0.000  -0.138   0.380   0.
  2017 352 15 47 12 496 352.657783530       0.31      2.59     -0.10  0.        3948.510        383.765       5048.318    0.000  -0.138   0.380   0.
  2017 352 15 47 13 496 352.657795104       0.13      2.93      0.37  0.        3947.945        385.527       5050.158    0.000  -0.138   0.380   0.
  2017 352 15 47 14 496 352.657806678      -1.09      1.63      1.13  0.        3947.380        387.289       5051.997    0.000  -0.138   0.380   0.
  2017 352 15 47 15 496 352.657818252      -0.63      1.21      0.32  0.        3946.814        389.050       5053.836    0.000  -0.138   0.380   0.
  2017 352 15 47 16 497 352.657829826      -0.44      1.60      0.38  0.        3946.247        390.812       5055.674    0.000  -0.138   0.380   0.
  2017 352 15 47 17 497 352.657841400      -0.72      1.24      0.12  0.        3945.680        392.574       5057.511    0.000  -0.138   0.380   0.
  2017 352 15 47 18 496 352.657852975      -0.38      1.47     -0.52  0.        3945.112        394.335       5059.347    0.000  -0.138   0.380   0.
  2017 352 15 47 19 496 352.657864549      -0.72      1.67      0.34  0.        3944.543        396.097       5061.182    0.000  -0.138   0.380   0.
  2017 352 15 47 20 497 352.657876123      -0.95      1.21      0.28  0.        3943.974        397.859       5063.017    0.000  -0.138   0.380   0.
  2017 352 15 47 21 497 352.657887697      -1.08      1.06      0.00  0.        3943.404        399.620       5064.850    0.000  -0.138   0.380   0.
  2017 352 15 47 22 497 352.657899271      -0.91      1.01     -0.41  0.        3942.833        401.381       5066.683    0.000  -0.138   0.380   0.
  2017 352 15 47 23 497 352.657910845      -0.89      1.18     -0.34  0.        3942.262        403.143       5068.515    0.000  -0.138   0.380   0.
  2017 352 15 47 24 497 352.657922419      -0.88      1.57      0.18  0.        3941.690        404.904       5070.347    0.000  -0.138   0.380   0.
  2017 352 15 47 25 496 352.657933993       0.11      2.08     -0.83  0.        3941.118        406.665       5072.177    0.000  -0.138   0.380   0.
  2017 352 15 47 26 496 352.657945567      -1.33      0.10     -1.36  0.        3940.544        408.426       5074.007    0.000  -0.138   0.380   0.
  2017 352 15 47 27 496 352.657957141      -2.10      1.38      0.59  0.        3939.971        410.187       5075.835    0.000  -0.138   0.380   0.
  2017 352 15 47 28 496 352.657968715      -0.58      1.57      0.11  0.        3939.396        411.948       5077.663    0.000  -0.138   0.380   0.
  2017 352 15 47 29 496 352.657980289      -0.85      1.70      0.37  0.        3938.821        413.709       5079.491    0.000  -0.138   0.380   0.
  2017 352 15 47 30 497 352.657991863      -0.85      1.49      0.89  0.        3938.246        415.470       5081.317    0.000  -0.138   0.380   0.
  2017 352 15 47 31 496 352.658003438      -0.80      0.99      0.20  0.        3937.669        417.231       5083.143    0.000  -0.138   0.380   0.
  2017 352 15 47 32 496 352.658015012      -0.90      1.45      0.33  0.        3937.093        418.992       5084.967    0.000  -0.138   0.380   0.
  2017 352 15 47 33 496 352.658026586      -0.86      1.24     -0.22  0.        3936.515        420.753       5086.791    0.000  -0.138   0.380   0.
  2017 352 15 47 34 497 352.658038160      -0.81      1.45     -0.37  0.        3935.937        422.513       5088.614    0.000  -0.138   0.380   0.
  2017 352 15 47 35 497 352.658049733      -1.02      1.10      0.28  0.        3935.358        424.274       5090.437    0.000  -0.138   0.380   0.
  2017 352 15 47 36 496 352.658061305      -0.76      1.39      0.29  0.        3934.779        426.034       5092.258    0.000  -0.138   0.380   0.
  2017 352 15 47 37 496 352.658072879      -0.97      1.19      0.68  0.        3934.199        427.795       5094.079    0.000  -0.138   0.380   0.
  2017 352 15 47 38 496 352.658084453      -1.10      1.29      0.82  0.        3933.618        429.555       5095.899    0.000  -0.138   0.380   0.
  2017 352 15 47 39 496 352.658096027      -1.28      0.47      0.27  0.        3933.037        431.315       5097.718    0.000  -0.138   0.380   0.
  2017 352 15 47 40 496 352.658107601      -0.85      1.48      0.27  0.        3932.455        433.076       5099.536    0.000  -0.138   0.380   0.
  2017 352 15 47 41 496 352.658119175      -0.50      1.87      0.84  0.        3931.872        434.836       5101.353    0.000  -0.138   0.380   0.
  2017 352 15 47 42 496 352.658130749      -0.97      1.34      0.47  0.        3931.289        436.595       5103.170    0.000  -0.138   0.380   0.
  2017 352 15 47 43 496 352.658142323      -1.22      1.00      0.39  0.        3930.705        438.355       5104.986    0.000  -0.138   0.380   0.
  2017 352 15 47 44 496 352.658153898      -1.55      0.90     -0.72  0.        3930.121        440.116       5106.801    0.000  -0.138   0.380   0.
  2017 352 15 47 45 496 352.658165472      -1.13      1.33     -0.37  0.        3929.536        441.875       5108.615    0.000  -0.138   0.380   0.
  2017 352 15 47 46 496 352.658177046      -0.49      1.81      0.56  0.        3928.950        443.635       5110.429    0.000  -0.138   0.380   0.
  2017 352 15 47 47 496 352.658188620      -0.84      1.52      0.20  0.        3928.364        445.394       5112.241    0.000  -0.138   0.380   0.
  2017 352 15 47 48 496 352.658200194      -1.11      1.15     -0.29  0.        3927.777        447.154       5114.053    0.000  -0.138   0.380   0.
  2017 352 15 47 49 496 352.658211768      -1.22      0.98     -0.41  0.        3927.190        448.913       5115.864    0.000  -0.138   0.380   0.
  2017 352 15 47 50 496 352.658223342      -0.44      1.77     -0.08  0.        3926.601        450.673       5117.674    0.000  -0.138   0.380   0.
  2017 352 15 47 51 496 352.658234916      -0.64      1.64      0.61  0.        3926.013        452.433       5119.483    0.000  -0.138   0.380   0.
  2017 352 15 47 52 496 352.658246490      -1.02      1.63     -0.36  0.        3925.423        454.192       5121.292    0.000  -0.138   0.380   0.
  2017 352 15 47 53 496 352.658258064      -0.88      1.72     -0.13  0.        3924.833        455.951       5123.100    0.000  -0.138   0.380   0.
  2017 352 15 47 54 496 352.658269638      -0.50      1.42     -0.25  0.        3924.243        457.711       5124.906    0.000  -0.138   0.380   0.
  2017 352 15 47 55 496 352.658281212      -0.22      1.61     -0.63  0.        3923.651        459.470       5126.713    0.000  -0.138   0.380   0.
  2017 352 15 47 56 496 352.658292786      -0.61      2.22      0.38  0.        3923.060        461.229       5128.518    0.000  -0.138   0.380   0.
  2017 352 15 47 57 496 352.658304361      -1.17      1.24      0.66  0.        3922.467        462.988       5130.322    0.000  -0.138   0.380   0.
  2017 352 15 47 58 496 352.658315935      -0.99      1.29      0.66  0.        3921.874        464.747       5132.126    0.000  -0.138   0.380   0.
  2017 352 15 47 59 496 352.658327509      -0.91      1.02      0.06  0.        3921.280        466.505       5133.929    0.000  -0.138   0.380   0.
  2017 352 15 48  0 496 352.658339083      -1.03      1.21     -0.02  0.        3920.686        468.264       5135.731    0.000  -0.138   0.380   0.
  2017 352 15 48  1 496 352.658350657      -1.02      1.21      0.55  0.        3920.091        470.023       5137.532    0.000  -0.138   0.380   0.
  2017 352 15 48  2 496 352.658362231      -0.41      1.57     -0.03  0.        3919.495        471.782       5139.333    0.000  -0.138   0.380   0.
  2017 352 15 48  3 496 352.658373805      -0.63      1.42     -0.70  0.        3918.899        473.540       5141.132    0.000  -0.138   0.380   0.
  2017 352 15 48  4 496 352.658385379      -0.79      1.96     -0.02  0.        3918.303        475.299       5142.931    0.000  -0.138   0.380   0.
  2017 352 15 48  5 496 352.658396953      -1.19      1.65      1.08  0.        3917.705        477.057       5144.729    0.000  -0.138   0.380   0.
  2017 352 15 48  6 496 352.658408527      -1.25      0.59      0.08  0.        3917.107        478.815       5146.526    0.000  -0.138   0.380   0.
  2017 352 15 48  7 496 352.658420101      -0.88      1.42     -0.34  0.        3916.508        480.574       5148.323    0.000  -0.138   0.380   0.
  2017 352 15 48  8 496 352.658431673      -1.01      1.16      0.22  0.        3915.909        482.332       5150.118    0.000  -0.138   0.380   0.
  2017 352 15 48  9 496 352.658443246      -0.29      1.63     -0.76  0.        3915.309        484.090       5151.913    0.000  -0.138   0.380   0.
  2017 352 15 48 10 496 352.658454821      -0.81      1.60      0.07  0.        3914.709        485.848       5153.707    0.000  -0.138   0.380   0.
  2017 352 15 48 11 496 352.658466395      -1.17      0.99     -0.27  0.        3914.108        487.606       5155.500    0.000  -0.138   0.380   0.
  2017 352 15 48 12 496 352.658477969      -1.12      1.31     -0.12  0.        3913.506        489.364       5157.293    0.000  -0.138   0.380   0.
  2017 352 15 48 13 496 352.658489543      -0.82      1.28     -0.33  0.        3912.904        491.122       5159.084    0.000  -0.138   0.380   0.
  2017 352 15 48 14 496 352.658501117      -0.99      1.12     -0.23  0.        3912.301        492.879       5160.875    0.000  -0.138   0.380   0.
  2017 352 15 48 15 496 352.658512691      -1.30      1.41      0.65  0.        3911.697        494.637       5162.665    0.000  -0.138   0.380   0.
  2017 352 15 48 16 496 352.658524265      -1.01      1.46      0.54  0.        3911.093        496.395       5164.454    0.000  -0.138   0.380   0.
  2017 352 15 48 17 496 352.658535839      -1.08      1.53      0.31  0.        3910.489        498.152       5166.242    0.000  -0.138   0.380   0.
  2017 352 15 48 18 496 352.658547413      -0.95      1.55     -0.19  0.        3909.883        499.909       5168.030    0.000  -0.138   0.380   0.
  2017 352 15 48 19 496 352.658558987      -1.07      1.27     -0.33  0.        3909.277        501.667       5169.817    0.000  -0.138   0.380   0.
  2017 352 15 48 20 496 352.658570561      -0.85      1.98      0.84  0.        3908.671        503.424       5171.602    0.000  -0.138   0.380   0.
  2017 352 15 48 21 496 352.658582135      -1.02      2.06      1.06  0.        3908.064        505.181       5173.388    0.000  -0.138   0.380   0.
  2017 352 15 48 22 496 352.658593709      -1.06      1.89      0.87  0.        3907.455        506.938       5175.172    0.000  -0.138   0.380   0.
  2017 352 15 48 23 496 352.658605284      -1.59      0.51      0.22  0.        3906.848        508.695       5176.956    0.000  -0.138   0.380   0.
  2017 352 15 48 24 496 352.658616858      -1.11      1.28     -0.25  0.        3906.238        510.452       5178.738    0.000  -0.138   0.380   0.
  2017 352 15 48 25 496 352.658628432       0.07      1.88      0.14  0.        3905.629        512.209       5180.520    0.000  -0.138   0.380   0.
  2017 352 15 48 26 496 352.658640006      -0.24      1.62     -0.27  0.        3905.019        513.966       5182.301    0.000  -0.138   0.380   0.
  2017 352 15 48 27 496 352.658651580      -0.49      1.25     -0.46  0.        3904.408        515.723       5184.081    0.000  -0.138   0.380   0.
  2017 352 15 48 28 496 352.658663154      -0.70      1.54     -0.65  0.        3903.796        517.479       5185.861    0.000  -0.138   0.380   0.
  2017 352 15 48 29 496 352.658674728      -0.95      1.37     -0.69  0.        3903.184        519.236       5187.640    0.000  -0.138   0.380   0.
  2017 352 15 48 30 496 352.658686302      -0.92      1.44     -0.37  0.        3902.572        520.992       5189.418    0.000  -0.138   0.380   0.
  2017 352 15 48 31 496 352.658697876      -1.00      1.44     -0.58  0.        3901.959        522.749       5191.195    0.000  -0.138   0.380   0.
  2017 352 15 48 32 496 352.658709450      -1.03      1.57     -0.47  0.        3901.345        524.505       5192.971    0.000  -0.138   0.380   0.
  2017 352 15 48 33 496 352.658721024      -0.63      1.61     -0.27  0.        3900.730        526.261       5194.746    0.000  -0.138   0.380   0.
  2017 352 15 48 34 496 352.658732598      -0.82      1.85     -0.84  0.        3900.115        528.017       5196.521    0.000  -0.138   0.380   0.
  2017 352 15 48 35 496 352.658744172      -0.40      2.11      0.07  0.        3899.500        529.773       5198.295    0.000  -0.138   0.380   0.
  2017 352 15 48 36 496 352.658755744      -0.81      1.75     -0.59  0.        3898.883        531.529       5200.068    0.000  -0.138   0.380   0.
  2017 352 15 48 37 496 352.658767318      -0.93      2.06     -1.23  0.        3898.267        533.285       5201.840    0.000  -0.138   0.380   0.
  2017 352 15 48 38 496 352.658778892      -0.04      2.34     -0.31  0.        3897.649        535.041       5203.612    0.000  -0.138   0.380   0.
  2017 352 15 48 39 496 352.658790466      -0.65      1.70      0.35  0.        3897.031        536.797       5205.382    0.000  -0.138   0.380   0.
  2017 352 15 48 40 496 352.658802040      -0.86      1.56     -0.18  0.        3896.413        538.553       5207.152    0.000  -0.138   0.380   0.
  2017 352 15 48 41 496 352.658813614      -0.88      1.82     -0.30  0.        3895.793        540.308       5208.921    0.000  -0.138   0.380   0.
  2017 352 15 48 42 496 352.658825188      -0.91      1.42     -0.70  0.        3895.173        542.064       5210.690    0.000  -0.138   0.380   0.
  2017 352 15 48 43 496 352.658836762      -0.97      1.67     -0.09  0.        3894.553        543.819       5212.457    0.000  -0.138   0.380   0.
  2017 352 15 48 44 496 352.658848336      -0.96      1.49     -0.42  0.        3893.932        545.574       5214.224    0.000  -0.138   0.380   0.
  2017 352 15 48 45 496 352.658859910      -0.88      1.71     -0.62  0.        3893.310        547.330       5215.989    0.000  -0.138   0.380   0.
  2017 352 15 48 46 496 352.658871484      -0.97      1.55     -0.46  0.        3892.688        549.085       5217.755    0.000  -0.138   0.380   0.
  2017 352 15 48 47 496 352.658883058      -0.64      1.74     -0.30  0.        3892.065        550.840       5219.519    0.000  -0.138   0.380   0.
  2017 352 15 48 48 496 352.658894633      -0.56      1.69     -0.11  0.        3891.442        552.595       5221.282    0.000  -0.138   0.380   0.
  2017 352 15 48 49 496 352.658906207      -0.81      1.07     -0.36  0.        3890.818        554.350       5223.045    0.000  -0.138   0.380   0.
  2017 352 15 48 50 496 352.658917781      -1.01      1.42     -0.28  0.        3890.193        556.105       5224.807    0.000  -0.138   0.380   0.
  2017 352 15 48 51 496 352.658929355      -0.92      0.87     -0.67  0.        3889.568        557.859       5226.568    0.000  -0.138   0.380   0.
  2017 352 15 48 52 496 352.658940929      -1.23      1.11     -0.38  0.        3888.942        559.614       5228.328    0.000  -0.138   0.380   0.
  2017 352 15 48 53 496 352.658952503      -0.29      2.22     -0.40  0.        3888.316        561.369       5230.087    0.000  -0.138   0.380   0.
  2017 352 15 48 54 496 352.658964077      -0.42      2.29     -0.53  0.        3887.689        563.123       5231.846    0.000  -0.138   0.380   0.
  2017 352 15 48 55 496 352.658975651      -0.87      1.80     -0.53  0.        3887.061        564.877       5233.604    0.000  -0.138   0.380   0.
  2017 352 15 48 56 496 352.658987225      -0.54      1.27     -0.81  0.        3886.433        566.632       5235.361    0.000  -0.138   0.380   0.
  2017 352 15 48 57 496 352.658998799       0.07      1.27     -1.45  0.        3885.804        568.386       5237.117    0.000  -0.138   0.380   0.
  2017 352 15 48 58 496 352.659010373      -0.36      1.76     -0.38  0.        3885.175        570.140       5238.873    0.000  -0.138   0.380   0.
  2017 352 15 48 59 496 352.659021947      -0.93      1.39      0.05  0.        3884.545        571.894       5240.627    0.000  -0.138   0.380   0.
  2017 352 15 49  0 496 352.659033521      -0.57      1.38     -0.32  0.        3883.915        573.648       5242.381    0.000  -0.138   0.380   0.
  2017 352 15 49  1 496 352.659045096      -0.69      1.33     -0.50  0.        3883.284        575.402       5244.134    0.000  -0.138   0.380   0.
  2017 352 15 49  2 496 352.659056670      -0.83      1.51     -0.49  0.        3882.652        577.156       5245.887    0.000  -0.138   0.380   0.
  2017 352 15 49  3 496 352.659068244      -0.91      1.57     -0.52  0.        3882.019        578.909       5247.638    0.000  -0.138   0.380   0.
  2017 352 15 49  4 496 352.659079818      -1.25      1.26     -0.54  0.        3881.387        580.663       5249.389    0.000  -0.138   0.380   0.
  2017 352 15 49  5 496 352.659091391      -0.14      1.94     -0.71  0.        3880.753        582.417       5251.139    0.000  -0.138   0.380   0.
  2017 352 15 49  6 496 352.659102963       0.24      1.44     -0.81  0.        3880.119        584.170       5252.888    0.000  -0.138   0.380   0.
  2017 352 15 49  7 495 352.659114537      -0.10      1.29     -1.15  0.        3879.484        585.923       5254.636    0.000  -0.138   0.380   0.
  2017 352 15 49  8 495 352.659126111      -0.55      1.23     -0.92  0.        3878.849        587.677       5256.383    0.000  -0.138   0.380   0.
  2017 352 15 49  9 495 352.659137685      -1.06      0.75     -0.77  0.        3878.213        589.430       5258.130    0.000  -0.138   0.380   0.
  2017 352 15 49 10 495 352.659149259      -1.08      1.11     -0.35  0.        3877.577        591.183       5259.876    0.000  -0.138   0.380   0.
  2017 352 15 49 11 495 352.659160833      -0.54      1.64     -0.35  0.        3876.940        592.936       5261.621    0.000  -0.138   0.380   0.
  2017 352 15 49 12 496 352.659172407       0.21      1.32     -1.00  0.        3876.302        594.689       5263.365    0.000  -0.138   0.380   0.
  2017 352 15 49 13 496 352.659183982      -0.28      1.44     -0.94  0.        3875.664        596.442       5265.109    0.000  -0.138   0.380   0.
  2017 352 15 49 14 495 352.659195556      -0.35      1.17     -1.18  0.        3875.025        598.194       5266.852    0.000  -0.138   0.380   0.
  2017 352 15 49 15 495 352.659207130      -0.57      1.18     -1.08  0.        3874.386        599.947       5268.594    0.000  -0.138   0.380   0.
  2017 352 15 49 16 496 352.659218704      -0.76      1.40     -0.67  0.        3873.746        601.699       5270.335    0.000  -0.138   0.380   0.
  2017 352 15 49 17 496 352.659230278      -0.69      1.26     -0.73  0.        3873.106        603.452       5272.075    0.000  -0.138   0.380   0.
  2017 352 15 49 18 496 352.659241852      -0.75      1.26     -0.30  0.        3872.465        605.204       5273.814    0.000  -0.138   0.380   0.
  2017 352 15 49 19 496 352.659253426      -0.50      1.26     -0.14  0.        3871.823        606.957       5275.553    0.000  -0.138   0.380   0.
  2017 352 15 49 20 496 352.659265000      -0.17      1.95     -0.18  0.        3871.181        608.709       5277.291    0.000  -0.138   0.380   0.
  2017 352 15 49 21 495 352.659276574      -0.16      1.45     -0.82  0.        3870.538        610.461       5279.028    0.000  -0.138   0.380   0.
  2017 352 15 49 22 495 352.659288148       0.07      1.61     -0.62  0.        3869.894        612.213       5280.765    0.000  -0.138   0.380   0.
  2017 352 15 49 23 495 352.659299722      -0.21      1.40     -0.66  0.        3869.250        613.965       5282.500    0.000  -0.138   0.380   0.
  2017 352 15 49 24 495 352.659311296      -0.38      0.76     -0.95  0.        3868.606        615.717       5284.235    0.000  -0.138   0.380   0.
  2017 352 15 49 25 496 352.659322870      -0.50      1.25     -0.57  0.        3867.960        617.468       5285.969    0.000  -0.138   0.380   0.
  2017 352 15 49 26 496 352.659334444      -0.06      1.39     -0.99  0.        3867.315        619.220       5287.702    0.000  -0.138   0.380   0.
  2017 352 15 49 27 495 352.659346019      -0.64      1.07     -0.68  0.        3866.668        620.971       5289.434    0.000  -0.138   0.380   0.
  2017 352 15 49 28 495 352.659357593      -0.67      1.45     -0.41  0.        3866.021        622.723       5291.166    0.000  -0.138   0.380   0.
  2017 352 15 49 29 496 352.659369167      -0.87      1.43     -0.13  0.        3865.374        624.474       5292.897    0.000  -0.138   0.380   0.
  2017 352 15 49 30 496 352.659380741      -0.92      1.47      0.03  0.        3864.726        626.226       5294.627    0.000  -0.138   0.380   0.
  2017 352 15 49 31 496 352.659392315      -0.46      1.31     -0.18  0.        3864.077        627.977       5296.356    0.000  -0.138   0.380   0.
  2017 352 15 49 32 496 352.659403889      -0.00      1.62     -0.03  0.        3863.428        629.728       5298.084    0.000  -0.138   0.380   0.
  2017 352 15 49 33 496 352.659415463       0.06      1.20     -0.75  0.        3862.778        631.479       5299.812    0.000  -0.138   0.380   0.
  2017 352 15 49 34 495 352.659427034      -0.58      0.89     -0.65  0.        3862.128        633.230       5301.539    0.000  -0.138   0.380   0.
  2017 352 15 49 35 495 352.659438608      -0.82      1.09     -0.79  0.        3861.477        634.980       5303.265    0.000  -0.138   0.380   0.
  2017 352 15 49 36 495 352.659450182      -0.35      1.39     -0.83  0.        3860.825        636.731       5304.990    0.000  -0.138   0.380   0.
  2017 352 15 49 37 495 352.659461756      -0.11      1.15     -1.02  0.        3860.173        638.482       5306.714    0.000  -0.138   0.380   0.
  2017 352 15 49 38 495 352.659473330      -0.28      0.60     -1.44  0.        3859.521        640.232       5308.438    0.000  -0.138   0.380   0.
  2017 352 15 49 39 495 352.659484905      -0.34      0.99     -1.11  0.        3858.867        641.983       5310.161    0.000  -0.138   0.380   0.
  2017 352 15 49 40 495 352.659496479       0.06      1.43     -0.90  0.        3858.213        643.733       5311.883    0.000  -0.138   0.380   0.
  2017 352 15 49 41 495 352.659508053       0.07      1.83     -0.64  0.        3857.559        645.483       5313.604    0.000  -0.138   0.380   0.
  2017 352 15 49 42 495 352.659519627      -0.33      1.60     -0.75  0.        3856.904        647.233       5315.325    0.000  -0.138   0.380   0.
  2017 352 15 49 43 495 352.659531201      -0.76      1.10     -0.88  0.        3856.248        648.983       5317.044    0.000  -0.138   0.380   0.
  2017 352 15 49 44 495 352.659542775      -1.16      1.32     -0.41  0.        3855.592        650.733       5318.763    0.000  -0.138   0.380   0.
  2017 352 15 49 45 495 352.659554349      -0.39      2.20     -0.30  0.        3854.936        652.483       5320.481    0.000  -0.138   0.380   0.
  2017 352 15 49 46 495 352.659565923      -0.27      1.22     -1.16  0.        3854.278        654.233       5322.199    0.000  -0.138   0.380   0.
  2017 352 15 49 47 495 352.659577497      -0.70      1.18     -0.64  0.        3853.621        655.983       5323.915    0.000  -0.138   0.380   0.
  2017 352 15 49 48 495 352.659589071      -0.42      1.28     -0.63  0.        3852.962        657.732       5325.631    0.000  -0.138   0.380   0.
  2017 352 15 49 49 495 352.659600645       0.27      2.46     -0.21  0.        3852.303        659.482       5327.346    0.000  -0.138   0.380   0.
  2017 352 15 49 50 495 352.659612219       1.17      1.88     -1.46  0.        3851.644        661.231       5329.060    0.000  -0.138   0.380   0.
  2017 352 15 49 51 495 352.659623793       0.88      1.10     -1.82  0.        3850.983        662.980       5330.773    0.000  -0.138   0.380   0.
  2017 352 15 49 52 495 352.659635367       0.29      1.20     -1.32  0.        3850.323        664.729       5332.486    0.000  -0.138   0.380   0.
  2017 352 15 49 53 495 352.659646942      -0.32      1.39     -0.70  0.        3849.662        666.478       5334.198    0.000  -0.138   0.380   0.
  2017 352 15 49 54 495 352.659658516      -0.86      1.11     -0.61  0.        3849.000        668.227       5335.909    0.000  -0.138   0.380   0.
  2017 352 15 49 55 495 352.659670090      -0.93      1.41      0.24  0.        3848.337        669.976       5337.619    0.000  -0.138   0.380   0.
  2017 352 15 49 56 495 352.659681664      -0.39      1.68     -0.18  0.        3847.674        671.725       5339.328    0.000  -0.138   0.380   0.
  2017 352 15 49 57 495 352.659693238       0.25      1.98     -0.66  0.        3847.011        673.474       5341.037    0.000  -0.138   0.380   0.
  2017 352 15 49 58 495 352.659704812      -0.16      1.73     -0.51  0.        3846.347        675.222       5342.745    0.000  -0.138   0.380   0.
  2017 352 15 49 59 495 352.659716386      -0.55      0.98     -0.61  0.        3845.682        676.971       5344.452    0.000  -0.138   0.380   0.
  2017 352 15 50  0 495 352.659727960      -0.81      1.00     -0.72  0.        3845.017        678.719       5346.158    0.000  -0.138   0.380   0.
  2017 352 15 50  1 495 352.659739534      -1.23      0.89     -0.99  0.        3844.351        680.467       5347.864    0.000  -0.138   0.380   0.
  2017 352 15 50  2 495 352.659751108      -0.90      1.42     -0.77  0.        3843.684        682.215       5349.568    0.000  -0.138   0.380   0.
  2017 352 15 50  3 495 352.659762682       0.15      1.64     -0.76  0.        3843.018        683.963       5351.272    0.000  -0.138   0.380   0.
  2017 352 15 50  4 495 352.659774254      -0.16      1.42     -0.66  0.        3842.350        685.711       5352.975    0.000  -0.138   0.380   0.
  2017 352 15 50  5 495 352.659785827      -0.17      1.35     -0.98  0.        3841.682        687.459       5354.678    0.000  -0.138   0.380   0.
  2017 352 15 50  6 495 352.659797402      -1.15      1.06     -0.59  0.        3841.013        689.207       5356.379    0.000  -0.138   0.380   0.
  2017 352 15 50  7 495 352.659808976      -1.14      1.50     -0.40  0.        3840.344        690.955       5358.080    0.000  -0.138   0.380   0.
  2017 352 15 50  8 495 352.659820550      -0.39      1.54     -0.93  0.        3839.674        692.702       5359.780    0.000  -0.138   0.380   0.
  2017 352 15 50  9 495 352.659832124      -0.54      1.34     -0.87  0.        3839.004        694.450       5361.479    0.000  -0.138   0.380   0.
  2017 352 15 50 10 495 352.659843698      -0.68      1.51     -0.44  0.        3838.333        696.197       5363.177    0.000  -0.138   0.380   0.
  2017 352 15 50 11 495 352.659855272      -0.17      1.35     -0.57  0.        3837.662        697.944       5364.875    0.000  -0.138   0.380   0.
  2017 352 15 50 12 495 352.659866846      -0.11      1.43     -0.60  0.        3836.990        699.691       5366.572    0.000  -0.138   0.380   0.
  2017 352 15 50 13 495 352.659878420      -0.36      1.12     -0.70  0.        3836.317        701.438       5368.267    0.000  -0.138   0.380   0.
  2017 352 15 50 14 495 352.659889994      -0.38      1.29     -0.53  0.        3835.644        703.185       5369.963    0.000  -0.138   0.380   0.
  2017 352 15 50 15 495 352.659901568      -0.57      1.06     -0.91  0.        3834.970        704.932       5371.657    0.000  -0.138   0.380   0.
  2017 352 15 50 16 495 352.659913142      -0.08      1.58     -0.20  0.        3834.296        706.679       5373.351    0.000  -0.138   0.380   0.
  2017 352 15 50 17 495 352.659924716       0.10      1.29     -0.95  0.        3833.621        708.426       5375.044    0.000  -0.138   0.380   0.
  2017 352 15 50 18 495 352.659936291      -0.12      1.22     -0.86  0.        3832.946        710.172       5376.736    0.000  -0.138   0.380   0.
  2017 352 15 50 19 495 352.659947865      -0.57      1.07     -0.53  0.        3832.270        711.919       5378.427    0.000  -0.138   0.380   0.
  2017 352 15 50 20 495 352.659959439      -0.01      1.03     -1.19  0.        3831.593        713.665       5380.118    0.000  -0.138   0.380   0.
  2017 352 15 50 21 495 352.659971013      -0.93      0.54     -1.17  0.        3830.916        715.411       5381.808    0.000  -0.138   0.380   0.
  2017 352 15 50 22 495 352.659982587      -0.64      1.00     -0.76  0.        3830.239        717.157       5383.497    0.000  -0.138   0.380   0.
  2017 352 15 50 23 495 352.659994161      -0.47      1.41     -0.56  0.        3829.561        718.903       5385.185    0.000  -0.138   0.380   0.
  2017 352 15 50 24 495 352.660005735      -0.83      1.06     -0.30  0.        3828.882        720.649       5386.872    0.000  -0.138   0.380   0.
  2017 352 15 50 25 495 352.660017309      -0.90      0.70     -0.62  0.        3828.203        722.395       5388.559    0.000  -0.138   0.380   0.
  2017 352 15 50 26 495 352.660028883      -0.71      0.63     -1.16  0.        3827.523        724.141       5390.245    0.000  -0.138   0.380   0.
  2017 352 15 50 27 495 352.660040457      -0.40      1.17     -1.06  0.        3826.842        725.886       5391.930    0.000  -0.138   0.380   0.
  2017 352 15 50 28 495 352.660052031      -0.46      1.45     -0.51  0.        3826.161        727.632       5393.614    0.000  -0.138   0.380   0.
  2017 352 15 50 29 495 352.660063605      -0.30      1.47     -0.43  0.        3825.480        729.377       5395.297    0.000  -0.138   0.380   0.
  2017 352 15 50 30 495 352.660075179       0.10      1.60     -0.72  0.        3824.798        731.122       5396.980    0.000  -0.138   0.380   0.
  2017 352 15 50 31 495 352.660086753       0.17      1.44     -0.75  0.        3824.115        732.868       5398.662    0.000  -0.138   0.380   0.
  2017 352 15 50 32 495 352.660098325       0.02      1.48     -0.65  0.        3823.432        734.613       5400.343    0.000  -0.138   0.380   0.
  2017 352 15 50 33 495 352.660109899      -0.27      1.29     -0.74  0.        3822.748        736.358       5402.024    0.000  -0.138   0.380   0.
  2017 352 15 50 34 495 352.660121473      -0.81      1.06     -0.58  0.        3822.064        738.103       5403.703    0.000  -0.138   0.380   0.
  2017 352 15 50 35 495 352.660133047      -0.91      1.04     -0.71  0.        3821.379        739.847       5405.382    0.000  -0.138   0.380   0.
  2017 352 15 50 36 495 352.660144621      -0.89      1.39     -0.46  0.        3820.694        741.592       5407.060    0.000  -0.138   0.380   0.
  2017 352 15 50 37 495 352.660156195      -0.70      1.24     -0.74  0.        3820.008        743.336       5408.737    0.000  -0.138   0.380   0.
  2017 352 15 50 38 495 352.660167769      -0.89      1.18     -0.89  0.        3819.322        745.081       5410.413    0.000  -0.138   0.380   0.
  2017 352 15 50 39 495 352.660179343      -0.87      1.02     -0.98  0.        3818.634        746.825       5412.089    0.000  -0.138   0.380   0.
  2017 352 15 50 40 495 352.660190917      -1.08      0.98     -0.74  0.        3817.947        748.569       5413.764    0.000  -0.138   0.380   0.
  2017 352 15 50 41 495 352.660202491      -0.96      1.60     -0.34  0.        3817.259        750.313       5415.438    0.000  -0.138   0.380   0.
  2017 352 15 50 42 495 352.660214065      -0.71      1.45     -0.90  0.        3816.570        752.058       5417.111    0.000  -0.138   0.380   0.
  2017 352 15 50 43 495 352.660225639      -1.04      1.29     -0.42  0.        3815.881        753.801       5418.784    0.000  -0.138   0.380   0.
  2017 352 15 50 44 495 352.660237214      -0.70      1.67      0.04  0.        3815.191        755.545       5420.455    0.000  -0.138   0.380   0.
  2017 352 15 50 45 495 352.660248788      -0.17      1.90     -0.24  0.        3814.501        757.289       5422.126    0.000  -0.138   0.380   0.
  2017 352 15 50 46 495 352.660260362      -0.15      1.21     -1.08  0.        3813.810        759.032       5423.797    0.000  -0.138   0.380   0.
  2017 352 15 50 47 495 352.660271936      -0.36      1.27     -0.85  0.        3813.118        760.776       5425.466    0.000  -0.138   0.380   0.
  2017 352 15 50 48 495 352.660283510       0.01      1.48     -0.89  0.        3812.426        762.519       5427.135    0.000  -0.138   0.380   0.
  2017 352 15 50 49 495 352.660295084      -0.39      0.98     -0.85  0.        3811.734        764.263       5428.802    0.000  -0.138   0.380   0.
  2017 352 15 50 50 495 352.660306658      -0.61      1.26     -0.69  0.        3811.041        766.006       5430.469    0.000  -0.138   0.380   0.
  2017 352 15 50 51 495 352.660318232      -0.53      1.26     -0.84  0.        3810.347        767.749       5432.136    0.000  -0.138   0.380   0.
  2017 352 15 50 52 495 352.660329806      -0.65      1.25     -0.67  0.        3809.653        769.492       5433.801    0.000  -0.138   0.380   0.
  2017 352 15 50 53 495 352.660341380      -0.76      1.39     -0.47  0.        3808.958        771.234       5435.466    0.000  -0.138   0.380   0.
  2017 352 15 50 54 495 352.660352954      -0.50      1.82     -0.31  0.        3808.263        772.977       5437.130    0.000  -0.138   0.380   0.
  2017 352 15 50 55 495 352.660364528      -0.35      1.57     -0.41  0.        3807.567        774.720       5438.793    0.000  -0.138   0.380   0.
  2017 352 15 50 56 495 352.660376102      -0.42      1.61     -0.40  0.        3806.871        776.462       5440.455    0.000  -0.138   0.380   0.
  2017 352 15 50 57 495 352.660387677      -0.11      1.66     -0.34  0.        3806.174        778.205       5442.117    0.000  -0.138   0.380   0.
  2017 352 15 50 58 495 352.660399251      -0.18      1.59     -0.36  0.        3805.477        779.947       5443.778    0.000  -0.138   0.380   0.
  2017 352 15 50 59 495 352.660410825      -0.33      1.69     -0.27  0.        3804.779        781.689       5445.438    0.000  -0.138   0.380   0.
  2017 352 15 51  0 495 352.660422399      -0.44      1.68      0.10  0.        3804.080        783.431       5447.097    0.000  -0.138   0.380   0.
  2017 352 15 51  1 495 352.660433972      -0.45      1.42     -0.05  0.        3803.381        785.173       5448.756    0.000  -0.138   0.380   0.
  2017 352 15 51  2 495 352.660445544      -1.01      1.03      0.08  0.        3802.681        786.915       5450.413    0.000  -0.138   0.380   0.
  2017 352 15 51  3 494 352.660457118      -1.03      1.17      0.19  0.        3801.981        788.656       5452.070    0.000  -0.138   0.380   0.
  2017 352 15 51  4 494 352.660468692      -0.98      1.03     -0.27  0.        3801.281        790.398       5453.726    0.000  -0.138   0.380   0.
  2017 352 15 51  5 494 352.660480266      -1.17      0.91     -0.55  0.        3800.579        792.139       5455.382    0.000  -0.138   0.380   0.
  2017 352 15 51  6 494 352.660491840      -0.57      0.80     -0.95  0.        3799.878        793.881       5457.036    0.000  -0.138   0.380   0.
  2017 352 15 51  7 495 352.660503414      -0.12      1.99     -0.32  0.        3799.175        795.622       5458.690    0.000  -0.138   0.380   0.
  2017 352 15 51  8 495 352.660514988       0.03      1.84     -0.71  0.        3798.472        797.363       5460.343    0.000  -0.138   0.380   0.
  2017 352 15 51  9 494 352.660526562      -0.47      1.91     -0.21  0.        3797.769        799.104       5461.995    0.000  -0.138   0.380   0.
  2017 352 15 51 10 494 352.660538137      -0.32      2.02     -0.63  0.        3797.065        800.845       5463.647    0.000  -0.138   0.380   0.
  2017 352 15 51 11 494 352.660549711      -0.58      1.58     -0.41  0.        3796.361        802.586       5465.298    0.000  -0.138   0.380   0.
  2017 352 15 51 12 495 352.660561285      -0.49      1.61     -0.25  0.        3795.656        804.327       5466.948    0.000  -0.138   0.380   0.
  2017 352 15 51 13 495 352.660572859       0.39      1.99     -0.66  0.        3794.950        806.067       5468.597    0.000  -0.138   0.380   0.
  2017 352 15 51 14 495 352.660584433       0.67      1.52     -1.68  0.        3794.244        807.807       5470.245    0.000  -0.138   0.380   0.
  2017 352 15 51 15 495 352.660596007       0.04      1.34     -1.47  0.        3793.537        809.548       5471.893    0.000  -0.138   0.380   0.
  2017 352 15 51 16 494 352.660607581      -0.36      1.34     -0.93  0.        3792.830        811.288       5473.539    0.000  -0.138   0.380   0.
  2017 352 15 51 17 494 352.660619155      -0.69      1.17     -0.63  0.        3792.122        813.028       5475.186    0.000  -0.138   0.380   0.
  2017 352 15 51 18 494 352.660630729      -0.65      1.36     -0.36  0.        3791.414        814.768       5476.831    0.000  -0.138   0.380   0.
  2017 352 15 51 19 494 352.660642303      -0.61      1.44     -0.50  0.        3790.705        816.508       5478.475    0.000  -0.138   0.380   0.
  2017 352 15 51 20 494 352.660653877      -0.85      1.27     -0.63  0.        3789.996        818.248       5480.119    0.000  -0.138   0.380   0.
  2017 352 15 51 21 495 352.660665451      -0.65      1.45     -0.46  0.        3789.286        819.987       5481.762    0.000  -0.138   0.380   0.
  2017 352 15 51 22 495 352.660677025      -0.72      1.23     -0.48  0.        3788.576        821.727       5483.404    0.000  -0.138   0.380   0.
  2017 352 15 51 23 494 352.660688600      -0.12      2.11     -0.34  0.        3787.865        823.466       5485.046    0.000  -0.138   0.380   0.
  2017 352 15 51 24 494 352.660700174       0.27      1.48     -1.14  0.        3787.154        825.206       5486.686    0.000  -0.138   0.380   0.
  2017 352 15 51 25 495 352.660711748      -0.98      0.85     -0.70  0.        3786.442        826.945       5488.326    0.000  -0.138   0.380   0.
  2017 352 15 51 26 495 352.660723322      -0.23      2.10     -0.14  0.        3785.729        828.684       5489.965    0.000  -0.138   0.380   0.
  2017 352 15 51 27 495 352.660734896       0.13      1.72     -0.29  0.        3785.016        830.423       5491.603    0.000  -0.138   0.380   0.
  2017 352 15 51 28 495 352.660746470      -0.42      1.58     -0.21  0.        3784.302        832.162       5493.241    0.000  -0.138   0.380   0.
  2017 352 15 51 29 495 352.660758044      -0.25      1.76     -0.75  0.        3783.588        833.901       5494.878    0.000  -0.138   0.380   0.
  2017 352 15 51 30 494 352.660769618      -0.33      1.35     -1.11  0.        3782.874        835.639       5496.514    0.000  -0.138   0.380   0.
  2017 352 15 51 31 494 352.660781192      -0.53      0.94     -1.15  0.        3782.159        837.377       5498.149    0.000  -0.138   0.380   0.
  2017 352 15 51 32 494 352.660792763      -0.74      0.95     -1.15  0.        3781.443        839.116       5499.783    0.000  -0.138   0.380   0.
  2017 352 15 51 33 494 352.660804337      -0.56      1.21     -0.65  0.        3780.727        840.854       5501.417    0.000  -0.138   0.380   0.
  2017 352 15 51 34 494 352.660815911      -0.31      1.43     -0.73  0.        3780.010        842.592       5503.050    0.000  -0.138   0.380   0.
  2017 352 15 51 35 494 352.660827486      -0.09      0.66     -1.51  0.        3779.293        844.330       5504.682    0.000  -0.138   0.380   0.
  2017 352 15 51 36 494 352.660839060       0.64      1.15     -1.29  0.        3778.575        846.068       5506.313    0.000  -0.138   0.380   0.
  2017 352 15 51 37 494 352.660850634       0.67      1.59     -0.61  0.        3777.856        847.806       5507.944    0.000  -0.138   0.380   0.
  2017 352 15 51 38 494 352.660862208       0.03      1.49      0.28  0.        3777.137        849.544       5509.574    0.000  -0.138   0.380   0.
  2017 352 15 51 39 494 352.660873782      -0.76      1.47      0.49  0.        3776.418        851.281       5511.203    0.000  -0.138   0.380   0.
  2017 352 15 51 40 494 352.660885356      -0.94      1.37     -0.15  0.        3775.698        853.018       5512.831    0.000  -0.138   0.380   0.
  2017 352 15 51 41 494 352.660896930      -1.18      1.13     -0.45  0.        3774.978        854.756       5514.459    0.000  -0.138   0.380   0.
  2017 352 15 51 42 494 352.660908504      -1.12      1.30     -0.48  0.        3774.257        856.493       5516.085    0.000  -0.138   0.380   0.
  2017 352 15 51 43 494 352.660920078      -0.64      1.70     -0.57  0.        3773.535        858.230       5517.711    0.000  -0.138   0.380   0.
  2017 352 15 51 44 494 352.660931652      -0.03      1.25     -1.03  0.        3772.813        859.967       5519.336    0.000  -0.138   0.380   0.
  2017 352 15 51 45 494 352.660943226       0.16      1.36     -0.71  0.        3772.090        861.704       5520.961    0.000  -0.138   0.380   0.
  2017 352 15 51 46 494 352.660954800      -0.01      1.14     -0.91  0.        3771.367        863.440       5522.584    0.000  -0.138   0.380   0.
  2017 352 15 51 47 494 352.660966374      -0.81      0.83     -0.74  0.        3770.644        865.177       5524.207    0.000  -0.138   0.380   0.
  2017 352 15 51 48 494 352.660977948      -1.05      1.42     -0.36  0.        3769.920        866.913       5525.829    0.000  -0.138   0.380   0.
  2017 352 15 51 49 494 352.660989523      -0.49      1.37     -0.25  0.        3769.195        868.650       5527.451    0.000  -0.138   0.380   0.
  2017 352 15 51 50 494 352.661001097       0.16      1.34     -0.71  0.        3768.470        870.386       5529.071    0.000  -0.138   0.380   0.
  2017 352 15 51 51 494 352.661012671       0.43      1.35     -0.93  0.        3767.744        872.122       5530.691    0.000  -0.138   0.380   0.
  2017 352 15 51 52 494 352.661024245       0.34      1.20     -1.39  0.        3767.018        873.858       5532.310    0.000  -0.138   0.380   0.
  2017 352 15 51 53 494 352.661035819      -0.08      0.99     -1.30  0.        3766.291        875.594       5533.928    0.000  -0.138   0.380   0.
  2017 352 15 51 54 494 352.661047393      -0.59      0.80     -1.19  0.        3765.564        877.330       5535.546    0.000  -0.138   0.380   0.
  2017 352 15 51 55 494 352.661058967      -0.87      0.98     -0.77  0.        3764.836        879.065       5537.162    0.000  -0.138   0.380   0.
  2017 352 15 51 56 494 352.661070541      -0.74      1.43     -0.41  0.        3764.107        880.801       5538.778    0.000  -0.138   0.380   0.
  2017 352 15 51 57 494 352.661082115      -0.15      2.09     -0.65  0.        3763.379        882.536       5540.393    0.000  -0.138   0.380   0.
  2017 352 15 51 58 494 352.661093689      -0.24      1.38     -1.16  0.        3762.649        884.271       5542.008    0.000  -0.138   0.380   0.
  2017 352 15 51 59 494 352.661105263      -0.54      1.52     -0.69  0.        3761.919        886.007       5543.621    0.000  -0.138   0.380   0.
  2017 352 15 52  0 494 352.661116835      -0.80      1.67     -0.84  0.        3761.189        887.742       5545.234    0.000  -0.138   0.380   0.
  2017 352 15 52  1 494 352.661128409      -0.61      1.69     -1.25  0.        3760.458        889.476       5546.846    0.000  -0.138   0.380   0.
  2017 352 15 52  2 494 352.661139983      -0.79      1.58     -1.18  0.        3759.726        891.211       5548.458    0.000  -0.138   0.380   0.
  2017 352 15 52  3 494 352.661151557      -0.99      1.67     -0.89  0.        3758.994        892.946       5550.068    0.000  -0.138   0.380   0.
  2017 352 15 52  4 494 352.661163131      -1.08      1.39     -0.82  0.        3758.262        894.680       5551.678    0.000  -0.138   0.380   0.
  2017 352 15 52  5 494 352.661174705      -1.09      1.27     -0.80  0.        3757.529        896.415       5553.287    0.000  -0.138   0.380   0.
  2017 352 15 52  6 494 352.661186279      -0.91      1.38     -1.01  0.        3756.795        898.149       5554.895    0.000  -0.138   0.380   0.
  2017 352 15 52  7 494 352.661197853      -0.93      1.65     -1.08  0.        3756.061        899.883       5556.503    0.000  -0.138   0.380   0.
  2017 352 15 52  8 494 352.661209427      -1.05      1.32     -1.19  0.        3755.327        901.617       5558.110    0.000  -0.138   0.380   0.
  2017 352 15 52  9 494 352.661221001      -1.13      0.95     -0.87  0.        3754.591        903.351       5559.715    0.000  -0.138   0.380   0.
  2017 352 15 52 10 494 352.661232575      -0.94      0.45     -1.06  0.        3753.856        905.085       5561.321    0.000  -0.138   0.380   0.
  2017 352 15 52 11 494 352.661244149      -1.03      0.88     -0.58  0.        3753.120        906.818       5562.925    0.000  -0.138   0.380   0.
  2017 352 15 52 12 494 352.661255723      -0.49      1.66     -0.31  0.        3752.383        908.552       5564.529    0.000  -0.138   0.380   0.
  2017 352 15 52 13 494 352.661267297      -0.10      1.54     -0.68  0.        3751.646        910.285       5566.132    0.000  -0.138   0.380   0.
  2017 352 15 52 14 494 352.661278871      -0.19      1.06     -1.28  0.        3750.908        912.019       5567.734    0.000  -0.138   0.380   0.
  2017 352 15 52 15 494 352.661290446      -0.49      1.26     -0.67  0.        3750.170        913.752       5569.335    0.000  -0.138   0.380   0.
  2017 352 15 52 16 494 352.661302020      -0.87      1.30     -0.50  0.        3749.431        915.485       5570.936    0.000  -0.138   0.380   0.
  2017 352 15 52 17 494 352.661313594      -0.34      1.33     -0.42  0.        3748.692        917.218       5572.536    0.000  -0.138   0.380   0.
  2017 352 15 52 18 494 352.661325168      -0.47      1.36      0.02  0.        3747.952        918.950       5574.135    0.000  -0.138   0.380   0.
  2017 352 15 52 19 494 352.661336742      -0.96      0.90     -0.10  0.        3747.212        920.683       5575.733    0.000  -0.138   0.380   0.
  2017 352 15 52 20 494 352.661348316      -1.42      1.24      0.17  0.        3746.471        922.416       5577.330    0.000  -0.138   0.380   0.
  2017 352 15 52 21 494 352.661359890      -1.03      1.50      0.17  0.        3745.730        924.148       5578.927    0.000  -0.138   0.380   0.
  2017 352 15 52 22 494 352.661371464      -0.94      1.56     -0.02  0.        3744.988        925.880       5580.523    0.000  -0.138   0.380   0.
  2017 352 15 52 23 494 352.661383038      -0.76      1.37     -0.43  0.        3744.246        927.612       5582.118    0.000  -0.138   0.380   0.
  2017 352 15 52 24 494 352.661394612      -1.26      0.96     -0.49  0.        3743.503        929.344       5583.713    0.000  -0.138   0.380   0.
  2017 352 15 52 25 494 352.661406186      -1.28      1.34     -0.20  0.        3742.760        931.076       5585.306    0.000  -0.138   0.380   0.
  2017 352 15 52 26 494 352.661417760      -1.04      1.22     -0.51  0.        3742.016        932.808       5586.899    0.000  -0.138   0.380   0.
  2017 352 15 52 27 494 352.661429335      -0.94      1.43     -0.85  0.        3741.272        934.540       5588.492    0.000  -0.138   0.380   0.
  2017 352 15 52 28 494 352.661440909      -0.11      1.82     -1.00  0.        3740.527        936.271       5590.083    0.000  -0.138   0.380   0.
  2017 352 15 52 29 494 352.661452482      -0.23      1.65     -0.87  0.        3739.781        938.003       5591.674    0.000  -0.138   0.380   0.
  2017 352 15 52 30 494 352.661464054      -0.86      1.37     -0.70  0.        3739.036        939.734       5593.263    0.000  -0.138   0.380   0.
  2017 352 15 52 31 494 352.661475628      -1.43      0.87     -0.59  0.        3738.289        941.465       5594.853    0.000  -0.138   0.380   0.
  2017 352 15 52 32 494 352.661487202      -1.35      0.92     -0.81  0.        3737.542        943.196       5596.441    0.000  -0.138   0.380   0.
  2017 352 15 52 33 494 352.661498776      -1.30      1.39     -1.19  0.        3736.795        944.927       5598.029    0.000  -0.138   0.380   0.
  2017 352 15 52 34 494 352.661510350      -0.98      1.44     -1.12  0.        3736.047        946.657       5599.615    0.000  -0.138   0.380   0.
  2017 352 15 52 35 494 352.661521924      -0.54      1.54     -0.78  0.        3735.299        948.388       5601.202    0.000  -0.138   0.380   0.
  2017 352 15 52 36 494 352.661533498      -0.43      1.45     -0.24  0.        3734.550        950.119       5602.787    0.000  -0.138   0.380   0.
  2017 352 15 52 37 494 352.661545072      -0.00      1.67      0.11  0.        3733.800        951.849       5604.371    0.000  -0.138   0.380   0.
  2017 352 15 52 38 494 352.661556646       0.34      1.73     -0.05  0.        3733.050        953.579       5605.955    0.000  -0.138   0.380   0.
  2017 352 15 52 39 494 352.661568220       0.54      1.80     -0.27  0.        3732.300        955.309       5607.538    0.000  -0.138   0.380   0.
  2017 352 15 52 40 494 352.661579795      -0.01      1.42     -0.32  0.        3731.549        957.039       5609.120    0.000  -0.138   0.380   0.
  2017 352 15 52 41 494 352.661591369      -0.13      1.60      0.09  0.        3730.797        958.769       5610.702    0.000  -0.138   0.380   0.
  2017 352 15 52 42 494 352.661602943       0.50      1.78     -0.16  0.        3730.045        960.499       5612.283    0.000  -0.138   0.380   0.
  2017 352 15 52 43 494 352.661614517       0.90      1.77     -0.03  0.        3729.293        962.228       5613.863    0.000  -0.138   0.380   0.
  2017 352 15 52 44 494 352.661626091       0.64      1.69      0.63  0.        3728.540        963.958       5615.442    0.000  -0.138   0.380   0.
  2017 352 15 52 45 494 352.661637665       0.53      1.43      0.62  0.        3727.786        965.687       5617.020    0.000  -0.138   0.380   0.
  2017 352 15 52 46 494 352.661649239       0.30      1.48      0.43  0.        3727.032        967.416       5618.598    0.000  -0.138   0.380   0.
  2017 352 15 52 47 494 352.661660813      -0.27      1.44      0.30  0.        3726.278        969.145       5620.175    0.000  -0.138   0.380   0.
  2017 352 15 52 48 494 352.661672387      -0.45      1.31     -0.00  0.        3725.523        970.874       5621.751    0.000  -0.138   0.380   0.
  2017 352 15 52 49 494 352.661683961      -0.14      1.28     -0.68  0.        3724.767        972.603       5623.326    0.000  -0.138   0.380   0.
  2017 352 15 52 50 494 352.661695535      -0.36      1.28     -0.90  0.        3724.011        974.332       5624.901    0.000  -0.138   0.380   0.
  2017 352 15 52 51 494 352.661707109      -0.52      1.57     -0.37  0.        3723.255        976.060       5626.475    0.000  -0.138   0.380   0.
  2017 352 15 52 52 494 352.661718683      -0.34      1.54     -0.08  0.        3722.498        977.789       5628.048    0.000  -0.138   0.380   0.
  2017 352 15 52 53 494 352.661730258      -0.78      1.16     -0.20  0.        3721.740        979.517       5629.621    0.000  -0.138   0.380   0.
  2017 352 15 52 54 494 352.661741832      -1.01      1.08     -0.34  0.        3720.982        981.245       5631.192    0.000  -0.138   0.380   0.
  2017 352 15 52 55 494 352.661753406      -0.77      1.37     -0.69  0.        3720.224        982.973       5632.763    0.000  -0.138   0.380   0.
  2017 352 15 52 56 494 352.661764980      -0.63      1.85     -0.98  0.        3719.465        984.701       5634.333    0.000  -0.138   0.380   0.
  2017 352 15 52 57 494 352.661776554      -1.03      1.25     -1.43  0.        3718.705        986.428       5635.902    0.000  -0.138   0.380   0.
  2017 352 15 52 58 494 352.661788128      -1.58      1.09     -0.61  0.        3717.945        988.156       5637.471    0.000  -0.138   0.380   0.
  2017 352 15 52 59 493 352.661799701      -1.02      2.20     -0.85  0.        3717.185        989.884       5639.039    0.000  -0.138   0.380   0.
  2017 352 15 53  0 493 352.661811273      -0.21      1.35     -1.40  0.        3716.424        991.611       5640.606    0.000  -0.138   0.380   0.
  2017 352 15 53  1 493 352.661822847       0.19      1.11     -1.57  0.        3715.662        993.338       5642.172    0.000  -0.138   0.380   0.
  2017 352 15 53  2 493 352.661834421       0.75      1.75     -1.13  0.        3714.900        995.065       5643.738    0.000  -0.138   0.380   0.
  2017 352 15 53  3 494 352.661845995       0.71      1.84     -0.14  0.        3714.138        996.792       5645.302    0.000  -0.138   0.380   0.
  2017 352 15 53  4 494 352.661857569       0.14      1.64     -0.02  0.        3713.375        998.519       5646.867    0.000  -0.138   0.380   0.
  2017 352 15 53  5 493 352.661869143      -0.04      1.76     -0.06  0.        3712.611       1000.246       5648.430    0.000  -0.138   0.380   0.
  2017 352 15 53  6 493 352.661880718      -0.47      1.36     -0.45  0.        3711.847       1001.972       5649.992    0.000  -0.138   0.380   0.
  2017 352 15 53  7 494 352.661892292      -1.16      1.19     -0.48  0.        3711.083       1003.699       5651.554    0.000  -0.138   0.380   0.
  2017 352 15 53  8 494 352.661903866      -0.70      1.10     -0.83  0.        3710.318       1005.425       5653.115    0.000  -0.138   0.380   0.
  2017 352 15 53  9 494 352.661915440      -1.24      1.29     -0.54  0.        3709.552       1007.151       5654.675    0.000  -0.138   0.380   0.
  2017 352 15 53 10 494 352.661927014      -0.36      2.08     -0.49  0.        3708.786       1008.877       5656.235    0.000  -0.138   0.380   0.
  2017 352 15 53 11 494 352.661938588       0.35      1.76     -0.48  0.        3708.020       1010.603       5657.793    0.000  -0.138   0.380   0.
  2017 352 15 53 12 493 352.661950162       0.88      2.05     -0.39  0.        3707.253       1012.328       5659.351    0.000  -0.138   0.380   0.
  2017 352 15 53 13 493 352.661961736       0.33      1.81     -0.27  0.        3706.485       1014.054       5660.909    0.000  -0.138   0.380   0.
  2017 352 15 53 14 493 352.661973310      -0.37      1.51     -0.07  0.        3705.717       1015.780       5662.465    0.000  -0.138   0.380   0.
  2017 352 15 53 15 493 352.661984884      -0.76      1.28     -0.23  0.        3704.949       1017.505       5664.021    0.000  -0.138   0.380   0.
  2017 352 15 53 16 493 352.661996458      -0.65      1.30     -0.41  0.        3704.180       1019.230       5665.576    0.000  -0.138   0.380   0.
  2017 352 15 53 17 494 352.662008032      -0.33      1.25     -0.92  0.        3703.410       1020.955       5667.130    0.000  -0.138   0.380   0.
  2017 352 15 53 18 494 352.662019606       0.07      1.52     -0.94  0.        3702.640       1022.680       5668.683    0.000  -0.138   0.380   0.
  2017 352 15 53 19 493 352.662031181      -0.12      1.17     -0.96  0.        3701.870       1024.405       5670.236    0.000  -0.138   0.380   0.
  2017 352 15 53 20 493 352.662042755      -0.25      1.43     -0.74  0.        3701.099       1026.129       5671.788    0.000  -0.138   0.380   0.
  2017 352 15 53 21 494 352.662054329      -0.48      1.54     -0.57  0.        3700.328       1027.854       5673.339    0.000  -0.138   0.380   0.
  2017 352 15 53 22 494 352.662065903      -0.47      1.31     -0.65  0.        3699.556       1029.578       5674.890    0.000  -0.138   0.380   0.
  2017 352 15 53 23 494 352.662077477       0.04      1.51     -0.90  0.        3698.783       1031.303       5676.439    0.000  -0.138   0.380   0.
  2017 352 15 53 24 494 352.662089051       0.32      1.05     -1.24  0.        3698.010       1033.027       5677.988    0.000  -0.138   0.380   0.
  2017 352 15 53 25 493 352.662100625      -0.82      0.49     -1.50  0.        3697.237       1034.751       5679.536    0.000  -0.138   0.380   0.
  2017 352 15 53 26 493 352.662112199      -1.20      0.88     -0.84  0.        3696.463       1036.475       5681.084    0.000  -0.138   0.380   0.
  2017 352 15 53 27 493 352.662123773      -1.11      1.02     -0.50  0.        3695.689       1038.198       5682.630    0.000  -0.138   0.380   0.
  2017 352 15 53 28 493 352.662135347      -0.90      1.26     -0.39  0.        3694.914       1039.922       5684.176    0.000  -0.138   0.380   0.
  2017 352 15 53 29 493 352.662146921      -0.90      1.43     -0.14  0.        3694.138       1041.645       5685.721    0.000  -0.138   0.380   0.
  2017 352 15 53 30 493 352.662158492      -0.09      1.53     -0.70  0.        3693.363       1043.368       5687.266    0.000  -0.138   0.380   0.
  2017 352 15 53 31 493 352.662170067      -0.46      1.13     -0.95  0.        3692.586       1045.092       5688.809    0.000  -0.138   0.380   0.
  2017 352 15 53 32 493 352.662181641      -0.57      1.13     -0.90  0.        3691.810       1046.815       5690.352    0.000  -0.138   0.380   0.
  2017 352 15 53 33 493 352.662193215      -0.72      1.37     -0.43  0.        3691.032       1048.537       5691.894    0.000  -0.138   0.380   0.
  2017 352 15 53 34 493 352.662204789      -0.62      1.55     -0.30  0.        3690.254       1050.260       5693.436    0.000  -0.138   0.380   0.
  2017 352 15 53 35 493 352.662216363      -0.61      1.54     -0.40  0.        3689.476       1051.983       5694.976    0.000  -0.138   0.380   0.
  2017 352 15 53 36 493 352.662227937      -0.73      1.45     -0.35  0.        3688.697       1053.705       5696.516    0.000  -0.138   0.380   0.
  2017 352 15 53 37 493 352.662239511      -0.44      1.62     -0.21  0.        3687.918       1055.428       5698.055    0.000  -0.138   0.380   0.
  2017 352 15 53 38 493 352.662251085      -0.29      2.00     -0.13  0.        3687.138       1057.150       5699.594    0.000  -0.138   0.380   0.
  2017 352 15 53 39 493 352.662262659       0.13      2.32     -0.03  0.        3686.358       1058.872       5701.131    0.000  -0.138   0.380   0.
  2017 352 15 53 40 493 352.662274233      -0.38      1.68     -0.00  0.        3685.577       1060.594       5702.668    0.000  -0.138   0.380   0.
  2017 352 15 53 41 493 352.662285807      -0.48      1.28     -0.38  0.        3684.796       1062.315       5704.204    0.000  -0.138   0.380   0.
  2017 352 15 53 42 493 352.662297381      -0.39      1.53     -0.57  0.        3684.015       1064.037       5705.740    0.000  -0.138   0.380   0.
  2017 352 15 53 43 493 352.662308955      -0.12      1.92     -0.75  0.        3683.232       1065.758       5707.274    0.000  -0.138   0.380   0.
  2017 352 15 53 44 493 352.662320529      -0.72      1.08     -0.51  0.        3682.450       1067.480       5708.808    0.000  -0.138   0.380   0.
  2017 352 15 53 45 493 352.662332104      -0.82      1.61     -0.21  0.        3681.667       1069.201       5710.341    0.000  -0.138   0.380   0.
  2017 352 15 53 46 493 352.662343678      -0.75      1.72     -0.24  0.        3680.883       1070.922       5711.873    0.000  -0.138   0.380   0.
  2017 352 15 53 47 493 352.662355252      -0.45      1.87     -0.27  0.        3680.099       1072.643       5713.405    0.000  -0.138   0.380   0.
  2017 352 15 53 48 493 352.662366826      -0.57      2.05     -0.31  0.        3679.314       1074.364       5714.936    0.000  -0.138   0.380   0.
  2017 352 15 53 49 493 352.662378400      -0.69      1.91     -0.33  0.        3678.529       1076.084       5716.466    0.000  -0.138   0.380   0.
  2017 352 15 53 50 493 352.662389974      -0.34      1.51     -0.77  0.        3677.744       1077.805       5717.995    0.000  -0.138   0.380   0.
  2017 352 15 53 51 493 352.662401548      -0.84      1.16     -0.95  0.        3676.958       1079.525       5719.524    0.000  -0.138   0.380   0.
  2017 352 15 53 52 493 352.662413122      -0.75      1.13     -1.03  0.        3676.171       1081.245       5721.052    0.000  -0.138   0.380   0.
  2017 352 15 53 53 493 352.662424696      -1.15      1.05     -0.71  0.        3675.384       1082.965       5722.579    0.000  -0.138   0.380   0.
  2017 352 15 53 54 493 352.662436270      -0.73      1.53     -0.42  0.        3674.597       1084.685       5724.105    0.000  -0.138   0.380   0.
  2017 352 15 53 55 493 352.662447844      -0.34      1.65     -0.39  0.        3673.809       1086.405       5725.631    0.000  -0.138   0.380   0.
  2017 352 15 53 56 493 352.662459418      -0.50      1.42     -0.64  0.        3673.020       1088.125       5727.156    0.000  -0.138   0.380   0.
  2017 352 15 53 57 493 352.662470992      -0.55      1.31     -0.40  0.        3672.231       1089.844       5728.680    0.000  -0.138   0.380   0.
  2017 352 15 53 58 493 352.662482564       0.03      1.27     -0.57  0.        3671.442       1091.564       5730.203    0.000  -0.138   0.380   0.
  2017 352 15 53 59 493 352.662494138      -0.03      1.16     -0.66  0.        3670.652       1093.283       5731.726    0.000  -0.138   0.380   0.
  2017 352 15 54  0 493 352.662505712       0.08      1.34     -0.54  0.        3669.862       1095.002       5733.248    0.000  -0.138   0.380   0.
  2017 352 15 54  1 493 352.662517286       0.08      1.43     -0.37  0.        3669.071       1096.721       5734.769    0.000  -0.138   0.380   0.
  2017 352 15 54  2 493 352.662528860      -0.03      1.29     -0.55  0.        3668.280       1098.440       5736.289    0.000  -0.138   0.380   0.
  2017 352 15 54  3 493 352.662540434      -0.28      1.34     -0.66  0.        3667.488       1100.158       5737.809    0.000  -0.138   0.380   0.
  2017 352 15 54  4 493 352.662552008      -0.44      1.37     -0.62  0.        3666.696       1101.877       5739.327    0.000  -0.138   0.380   0.
  2017 352 15 54  5 493 352.662563582      -0.26      1.59     -0.39  0.        3665.903       1103.595       5740.846    0.000  -0.138   0.380   0.
  2017 352 15 54  6 493 352.662575156      -0.29      1.37     -0.57  0.        3665.110       1105.313       5742.363    0.000  -0.138   0.380   0.
  2017 352 15 54  7 493 352.662586730      -0.48      1.14     -0.68  0.        3664.316       1107.032       5743.880    0.000  -0.138   0.380   0.
  2017 352 15 54  8 493 352.662598304      -0.62      1.30     -0.43  0.        3663.522       1108.749       5745.395    0.000  -0.138   0.380   0.
  2017 352 15 54  9 493 352.662609879      -0.53      1.35     -0.52  0.        3662.727       1110.467       5746.911    0.000  -0.138   0.380   0.
  2017 352 15 54 10 493 352.662621453      -0.47      1.43     -0.50  0.        3661.932       1112.185       5748.425    0.000  -0.138   0.380   0.
  2017 352 15 54 11 493 352.662633027      -0.37      1.32     -0.50  0.        3661.136       1113.902       5749.939    0.000  -0.138   0.380   0.
  2017 352 15 54 12 493 352.662644601       0.00      1.55     -0.66  0.        3660.340       1115.620       5751.452    0.000  -0.138   0.380   0.
  2017 352 15 54 13 493 352.662656175       0.08      1.42     -0.79  0.        3659.544       1117.337       5752.964    0.000  -0.138   0.380   0.
  2017 352 15 54 14 493 352.662667749      -0.17      1.11     -0.83  0.        3658.747       1119.054       5754.475    0.000  -0.138   0.380   0.
  2017 352 15 54 15 493 352.662679323      -0.24      0.85     -1.03  0.        3657.949       1120.771       5755.986    0.000  -0.138   0.380   0.
  2017 352 15 54 16 493 352.662690897      -0.63      0.72     -0.71  0.        3657.151       1122.488       5757.496    0.000  -0.138   0.380   0.
  2017 352 15 54 17 493 352.662702471      -0.65      1.22     -0.22  0.        3656.353       1124.204       5759.005    0.000  -0.138   0.380   0.
  2017 352 15 54 18 493 352.662714045       0.13      1.92      0.01  0.        3655.554       1125.921       5760.513    0.000  -0.138   0.380   0.
  2017 352 15 54 19 493 352.662725619       0.17      1.60     -0.45  0.        3654.754       1127.637       5762.021    0.000  -0.138   0.380   0.
  2017 352 15 54 20 493 352.662737193       0.15      1.02     -1.19  0.        3653.954       1129.353       5763.528    0.000  -0.138   0.380   0.
  2017 352 15 54 21 493 352.662748767      -0.37      0.73     -1.41  0.        3653.154       1131.069       5765.034    0.000  -0.138   0.380   0.
  2017 352 15 54 22 493 352.662760341      -0.19      0.99     -1.59  0.        3652.354       1132.785       5766.539    0.000  -0.138   0.380   0.
  2017 352 15 54 23 493 352.662771916      -0.38      1.41     -1.18  0.        3651.552       1134.501       5768.044    0.000  -0.138   0.380   0.
  2017 352 15 54 24 493 352.662783490      -0.33      1.59     -0.86  0.        3650.751       1136.217       5769.548    0.000  -0.138   0.380   0.
  2017 352 15 54 25 493 352.662795064      -0.43      1.49     -0.53  0.        3649.948       1137.932       5771.051    0.000  -0.138   0.380   0.
  2017 352 15 54 26 493 352.662806638      -0.36      1.22     -0.64  0.        3649.146       1139.647       5772.554    0.000  -0.138   0.380   0.
  2017 352 15 54 27 493 352.662818211      -0.26      1.38     -0.57  0.        3648.343       1141.363       5774.055    0.000  -0.138   0.380   0.
  2017 352 15 54 28 493 352.662829783      -0.21      1.26     -0.79  0.        3647.539       1143.078       5775.556    0.000  -0.138   0.380   0.
  2017 352 15 54 29 493 352.662841357      -0.30      1.14     -0.67  0.        3646.735       1144.792       5777.056    0.000  -0.138   0.380   0.
  2017 352 15 54 30 493 352.662852931      -0.19      1.36     -0.52  0.        3645.930       1146.507       5778.556    0.000  -0.138   0.380   0.
  2017 352 15 54 31 493 352.662864505       0.13      1.37     -0.55  0.        3645.125       1148.222       5780.055    0.000  -0.138   0.380   0.
  2017 352 15 54 32 493 352.662876079       0.21      1.30     -0.61  0.        3644.320       1149.936       5781.553    0.000  -0.138   0.380   0.
  2017 352 15 54 33 493 352.662887653      -0.07      1.31     -0.73  0.        3643.514       1151.651       5783.050    0.000  -0.138   0.380   0.
  2017 352 15 54 34 493 352.662899227       0.15      1.50     -0.75  0.        3642.707       1153.365       5784.546    0.000  -0.138   0.380   0.
  2017 352 15 54 35 493 352.662910802       0.24      1.23     -0.91  0.        3641.901       1155.079       5786.042    0.000  -0.138   0.380   0.
  2017 352 15 54 36 493 352.662922376      -0.37      1.16     -0.67  0.        3641.093       1156.792       5787.537    0.000  -0.138   0.380   0.
  2017 352 15 54 37 493 352.662933950      -0.09      1.54     -0.66  0.        3640.285       1158.506       5789.031    0.000  -0.138   0.380   0.
  2017 352 15 54 38 493 352.662945524      -0.28      1.36     -0.99  0.        3639.477       1160.220       5790.525    0.000  -0.138   0.380   0.
  2017 352 15 54 39 493 352.662957098      -0.31      1.30     -0.68  0.        3638.668       1161.933       5792.018    0.000  -0.138   0.380   0.
  2017 352 15 54 40 493 352.662968672      -0.46      1.10     -0.64  0.        3637.859       1163.646       5793.510    0.000  -0.138   0.380   0.
  2017 352 15 54 41 493 352.662980246      -0.45      1.32     -0.60  0.        3637.049       1165.360       5795.001    0.000  -0.138   0.380   0.
  2017 352 15 54 42 493 352.662991820      -0.48      1.23     -0.75  0.        3636.239       1167.072       5796.492    0.000  -0.138   0.380   0.
  2017 352 15 54 43 493 352.663003394      -0.38      1.21     -0.78  0.        3635.429       1168.785       5797.982    0.000  -0.138   0.380   0.
  2017 352 15 54 44 493 352.663014968      -0.35      1.13     -0.88  0.        3634.617       1170.498       5799.471    0.000  -0.138   0.380   0.
  2017 352 15 54 45 493 352.663026542      -0.45      1.30     -0.72  0.        3633.806       1172.210       5800.959    0.000  -0.138   0.380   0.
  2017 352 15 54 46 493 352.663038116      -0.26      1.33     -0.80  0.        3632.994       1173.923       5802.447    0.000  -0.138   0.380   0.
  2017 352 15 54 47 493 352.663049690      -0.23      1.50     -0.53  0.        3632.181       1175.635       5803.933    0.000  -0.138   0.380   0.
  2017 352 15 54 48 493 352.663061264      -0.02      1.64     -0.48  0.        3631.368       1177.347       5805.420    0.000  -0.138   0.380   0.
  2017 352 15 54 49 493 352.663072839      -0.21      1.51     -0.48  0.        3630.555       1179.059       5806.905    0.000  -0.138   0.380   0.
  2017 352 15 54 50 493 352.663084413      -0.35      1.36     -0.24  0.        3629.741       1180.771       5808.390    0.000  -0.138   0.380   0.
  2017 352 15 54 51 493 352.663095987      -0.20      1.39     -0.18  0.        3628.927       1182.482       5809.873    0.000  -0.138   0.380   0.
  2017 352 15 54 52 493 352.663107561       0.11      1.53     -0.11  0.        3628.112       1184.194       5811.356    0.000  -0.138   0.380   0.
  2017 352 15 54 53 493 352.663119135       0.21      1.41     -0.21  0.        3627.297       1185.905       5812.839    0.000  -0.138   0.380   0.
  2017 352 15 54 54 493 352.663130709       0.12      1.39     -0.33  0.        3626.481       1187.616       5814.321    0.000  -0.138   0.380   0.
  2017 352 15 54 55 492 352.663142282       0.27      1.19     -0.47  0.        3625.665       1189.327       5815.802    0.000  -0.138   0.380   0.
  2017 352 15 54 56 492 352.663153854       0.44      1.60     -0.70  0.        3624.848       1191.038       5817.282    0.000  -0.138   0.380   0.
  2017 352 15 54 57 492 352.663165428       0.93      1.61     -0.76  0.        3624.031       1192.749       5818.761    0.000  -0.138   0.380   0.
  2017 352 15 54 58 492 352.663177002       0.77      1.11     -1.25  0.        3623.214       1194.459       5820.240    0.000  -0.138   0.380   0.
  2017 352 15 54 59 493 352.663188576      -0.42      0.69     -0.90  0.        3622.396       1196.170       5821.718    0.000  -0.138   0.380   0.
  2017 352 15 55  0 493 352.663200150      -0.76      1.45     -0.37  0.        3621.577       1197.880       5823.195    0.000  -0.138   0.380   0.
  2017 352 15 55  1 492 352.663211725      -0.82      0.80     -0.84  0.        3620.758       1199.590       5824.672    0.000  -0.138   0.380   0.
  2017 352 15 55  2 492 352.663223299      -1.07      1.04     -0.44  0.        3619.939       1201.300       5826.148    0.000  -0.138   0.380   0.
  2017 352 15 55  3 493 352.663234873      -0.40      1.62     -0.41  0.        3619.119       1203.010       5827.623    0.000  -0.138   0.380   0.
  2017 352 15 55  4 493 352.663246447      -0.53      1.41     -0.32  0.        3618.299       1204.720       5829.097    0.000  -0.138   0.380   0.
  2017 352 15 55  5 493 352.663258021      -0.21      1.69     -0.77  0.        3617.478       1206.429       5830.570    0.000  -0.138   0.380   0.
  2017 352 15 55  6 493 352.663269595       0.21      1.14     -1.29  0.        3616.657       1208.138       5832.043    0.000  -0.138   0.380   0.
  2017 352 15 55  7 493 352.663281169      -0.89      0.94     -0.64  0.        3615.835       1209.848       5833.515    0.000  -0.138   0.380   0.
  2017 352 15 55  8 492 352.663292743      -0.37      2.07     -0.24  0.        3615.013       1211.557       5834.987    0.000  -0.138   0.380   0.
  2017 352 15 55  9 492 352.663304317       0.12      0.84     -1.10  0.        3614.190       1213.266       5836.457    0.000  -0.138   0.380   0.
  2017 352 15 55 10 492 352.663315891      -0.74      0.28     -0.93  0.        3613.367       1214.974       5837.927    0.000  -0.138   0.380   0.
  2017 352 15 55 11 492 352.663327465      -0.84      0.76     -0.71  0.        3612.544       1216.683       5839.396    0.000  -0.138   0.380   0.
  2017 352 15 55 12 493 352.663339039      -0.65      1.21     -0.53  0.        3611.720       1218.391       5840.865    0.000  -0.138   0.380   0.
  2017 352 15 55 13 493 352.663350613      -0.34      1.56     -0.66  0.        3610.895       1220.100       5842.332    0.000  -0.138   0.380   0.
  2017 352 15 55 14 493 352.663362188       0.05      1.64     -0.64  0.        3610.071       1221.808       5843.799    0.000  -0.138   0.380   0.
  2017 352 15 55 15 492 352.663373762      -0.17      1.55     -0.57  0.        3609.245       1223.516       5845.265    0.000  -0.138   0.380   0.
  2017 352 15 55 16 493 352.663385336      -0.13      1.83     -0.35  0.        3608.419       1225.223       5846.731    0.000  -0.138   0.380   0.
  2017 352 15 55 17 493 352.663396910      -0.64      1.31     -0.17  0.        3607.593       1226.931       5848.196    0.000  -0.138   0.380   0.
  2017 352 15 55 18 493 352.663408484       1.05      2.35     -0.36  0.        3606.767       1228.639       5849.660    0.000  -0.138   0.380   0.
  2017 352 15 55 19 493 352.663420058       1.45      1.85     -1.06  0.        3605.939       1230.346       5851.123    0.000  -0.138   0.380   0.
  2017 352 15 55 20 493 352.663431632       0.61      1.40     -0.57  0.        3605.112       1232.053       5852.585    0.000  -0.138   0.380   0.
  2017 352 15 55 21 492 352.663443206      -0.46      1.45     -0.47  0.        3604.284       1233.760       5854.047    0.000  -0.138   0.380   0.
  2017 352 15 55 22 492 352.663454780      -0.03      1.63     -0.75  0.        3603.455       1235.467       5855.508    0.000  -0.138   0.380   0.
  2017 352 15 55 23 492 352.663466354      -0.67      1.40     -0.67  0.        3602.626       1237.174       5856.968    0.000  -0.138   0.380   0.
  2017 352 15 55 24 492 352.663477928      -0.72      1.77     -0.39  0.        3601.797       1238.880       5858.428    0.000  -0.138   0.380   0.
  2017 352 15 55 25 492 352.663489502      -0.05      2.15      0.06  0.        3600.967       1240.587       5859.887    0.000  -0.138   0.380   0.
  2017 352 15 55 26 492 352.663501073       0.57      1.94     -0.07  0.        3600.137       1242.293       5861.345    0.000  -0.138   0.380   0.
  2017 352 15 55 27 492 352.663512648      -0.06      1.45     -0.19  0.        3599.306       1243.999       5862.802    0.000  -0.138   0.380   0.
  2017 352 15 55 28 492 352.663524222       0.05      1.35     -0.31  0.        3598.475       1245.705       5864.259    0.000  -0.138   0.380   0.
  2017 352 15 55 29 492 352.663535796       0.31      1.61     -0.92  0.        3597.643       1247.411       5865.715    0.000  -0.138   0.380   0.
  2017 352 15 55 30 492 352.663547370       0.05      1.28     -0.83  0.        3596.811       1249.117       5867.170    0.000  -0.138   0.380   0.
  2017 352 15 55 31 492 352.663558944      -0.12      1.40     -0.48  0.        3595.979       1250.822       5868.624    0.000  -0.138   0.380   0.
  2017 352 15 55 32 492 352.663570518      -0.00      1.47     -0.49  0.        3595.146       1252.527       5870.078    0.000  -0.138   0.380   0.
  2017 352 15 55 33 492 352.663582092      -0.08      1.20     -0.73  0.        3594.312       1254.233       5871.531    0.000  -0.138   0.380   0.
  2017 352 15 55 34 492 352.663593666      -0.13      1.06     -0.74  0.        3593.478       1255.938       5872.983    0.000  -0.138   0.380   0.
  2017 352 15 55 35 492 352.663605240      -0.40      1.20     -0.43  0.        3592.644       1257.643       5874.435    0.000  -0.138   0.380   0.
  2017 352 15 55 36 492 352.663616814      -0.43      1.00     -0.65  0.        3591.809       1259.347       5875.886    0.000  -0.138   0.380   0.
  2017 352 15 55 37 492 352.663628388      -0.45      1.26     -0.59  0.        3590.974       1261.052       5877.336    0.000  -0.138   0.380   0.
  2017 352 15 55 38 492 352.663639962      -0.51      1.35     -0.53  0.        3590.138       1262.756       5878.785    0.000  -0.138   0.380   0.
  2017 352 15 55 39 492 352.663651536      -0.65      1.06     -0.69  0.        3589.302       1264.460       5880.233    0.000  -0.138   0.380   0.
  2017 352 15 55 40 492 352.663663111      -0.68      1.05     -0.70  0.        3588.466       1266.164       5881.681    0.000  -0.138   0.380   0.
  2017 352 15 55 41 492 352.663674685      -0.82      0.97     -0.75  0.        3587.628       1267.868       5883.128    0.000  -0.138   0.380   0.
  2017 352 15 55 42 492 352.663686259      -1.24      1.12     -0.40  0.        3586.791       1269.572       5884.575    0.000  -0.138   0.380   0.
  2017 352 15 55 43 492 352.663697833      -0.78      1.75      0.01  0.        3585.953       1271.276       5886.020    0.000  -0.138   0.380   0.
  2017 352 15 55 44 492 352.663709407      -0.18      2.11     -0.27  0.        3585.115       1272.979       5887.465    0.000  -0.138   0.380   0.
  2017 352 15 55 45 492 352.663720981      -0.04      1.68     -0.50  0.        3584.276       1274.683       5888.909    0.000  -0.138   0.380   0.
  2017 352 15 55 46 492 352.663732555      -0.04      1.29     -0.82  0.        3583.437       1276.386       5890.353    0.000  -0.138   0.380   0.
  2017 352 15 55 47 492 352.663744129      -0.41      1.26     -0.56  0.        3582.597       1278.089       5891.796    0.000  -0.138   0.380   0.
  2017 352 15 55 48 492 352.663755703      -0.34      1.40     -0.60  0.        3581.757       1279.791       5893.238    0.000  -0.138   0.380   0.
  2017 352 15 55 49 492 352.663767277      -0.21      1.54     -0.42  0.        3580.916       1281.494       5894.679    0.000  -0.138   0.380   0.
  2017 352 15 55 50 492 352.663778851       0.21      1.60     -0.77  0.        3580.075       1283.197       5896.120    0.000  -0.138   0.380   0.
  2017 352 15 55 51 492 352.663790425       0.39      1.52     -0.96  0.        3579.234       1284.899       5897.559    0.000  -0.138   0.380   0.
  2017 352 15 55 52 492 352.663801999       0.50      1.24     -1.12  0.        3578.392       1286.601       5898.998    0.000  -0.138   0.380   0.
  2017 352 15 55 53 492 352.663813573       0.06      0.68     -1.38  0.        3577.550       1288.303       5900.437    0.000  -0.138   0.380   0.
  2017 352 15 55 54 492 352.663825145      -0.19      0.66     -1.20  0.        3576.707       1290.005       5901.874    0.000  -0.138   0.380   0.
  2017 352 15 55 55 492 352.663836719      -0.06      0.85     -1.24  0.        3575.864       1291.707       5903.311    0.000  -0.138   0.380   0.
  2017 352 15 55 56 492 352.663848293       0.10      1.27     -1.06  0.        3575.020       1293.408       5904.747    0.000  -0.138   0.380   0.
  2017 352 15 55 57 492 352.663859867       0.01      1.18     -1.11  0.        3574.176       1295.110       5906.183    0.000  -0.138   0.380   0.
  2017 352 15 55 58 492 352.663871441      -0.36      1.19     -1.14  0.        3573.331       1296.811       5907.617    0.000  -0.138   0.380   0.
  2017 352 15 55 59 492 352.663883015      -0.35      1.51     -0.83  0.        3572.486       1298.512       5909.051    0.000  -0.138   0.380   0.
  2017 352 15 56  0 492 352.663894589      -0.09      1.22     -1.18  0.        3571.641       1300.213       5910.484    0.000  -0.138   0.380   0.
  2017 352 15 56  1 492 352.663906163      -0.20      1.02     -0.85  0.        3570.795       1301.914       5911.917    0.000  -0.138   0.380   0.
  2017 352 15 56  2 492 352.663917737      -0.11      1.06     -0.79  0.        3569.949       1303.614       5913.349    0.000  -0.138   0.380   0.
  2017 352 15 56  3 492 352.663929311      -0.15      1.02     -1.00  0.        3569.102       1305.315       5914.780    0.000  -0.138   0.380   0.
  2017 352 15 56  4 492 352.663940885      -0.25      1.24     -0.94  0.        3568.255       1307.015       5916.210    0.000  -0.138   0.380   0.
  2017 352 15 56  5 492 352.663952460      -0.10      1.38     -1.03  0.        3567.407       1308.715       5917.640    0.000  -0.138   0.380   0.
  2017 352 15 56  6 492 352.663964034      -0.11      1.32     -1.06  0.        3566.559       1310.415       5919.068    0.000  -0.138   0.380   0.
  2017 352 15 56  7 492 352.663975608      -0.23      1.46     -0.96  0.        3565.710       1312.115       5920.497    0.000  -0.138   0.380   0.
  2017 352 15 56  8 492 352.663987182      -0.44      0.98     -1.06  0.        3564.861       1313.815       5921.924    0.000  -0.138   0.380   0.
  2017 352 15 56  9 492 352.663998756      -0.57      0.91     -0.94  0.        3564.012       1315.514       5923.351    0.000  -0.138   0.380   0.
  2017 352 15 56 10 492 352.664010330      -0.64      1.00     -0.79  0.        3563.162       1317.213       5924.777    0.000  -0.138   0.380   0.
  2017 352 15 56 11 492 352.664021904      -0.62      1.12     -0.78  0.        3562.312       1318.912       5926.202    0.000  -0.138   0.380   0.
  2017 352 15 56 12 492 352.664033478      -0.50      1.27     -0.64  0.        3561.461       1320.611       5927.626    0.000  -0.138   0.380   0.
  2017 352 15 56 13 492 352.664045052      -0.43      1.09     -0.76  0.        3560.610       1322.310       5929.050    0.000  -0.138   0.380   0.
  2017 352 15 56 14 492 352.664056626      -0.58      0.99     -0.55  0.        3559.759       1324.009       5930.473    0.000  -0.138   0.380   0.
  2017 352 15 56 15 492 352.664068200      -0.64      1.31     -0.34  0.        3558.907       1325.707       5931.895    0.000  -0.138   0.380   0.
  2017 352 15 56 16 492 352.664079774      -0.37      1.73     -0.39  0.        3558.054       1327.406       5933.317    0.000  -0.138   0.380   0.
  2017 352 15 56 17 492 352.664091348      -0.14      1.46     -0.85  0.        3557.201       1329.104       5934.738    0.000  -0.138   0.380   0.
  2017 352 15 56 18 492 352.664102922      -0.05      1.33     -0.77  0.        3556.348       1330.802       5936.158    0.000  -0.138   0.380   0.
  2017 352 15 56 19 492 352.664114497      -0.24      1.41     -0.48  0.        3555.494       1332.500       5937.577    0.000  -0.138   0.380   0.
  2017 352 15 56 20 492 352.664126071       0.29      1.59     -0.92  0.        3554.640       1334.197       5938.996    0.000  -0.138   0.380   0.
  2017 352 15 56 21 492 352.664137645      -0.39      0.96     -0.64  0.        3553.786       1335.895       5940.414    0.000  -0.138   0.380   0.
  2017 352 15 56 22 492 352.664149219      -0.09      1.85     -0.20  0.        3552.930       1337.592       5941.831    0.000  -0.138   0.380   0.
  2017 352 15 56 23 492 352.664160792       0.33      1.65     -1.01  0.        3552.075       1339.290       5943.248    0.000  -0.138   0.380   0.
  2017 352 15 56 24 492 352.664172364       0.38      1.68     -1.00  0.        3551.219       1340.987       5944.664    0.000  -0.138   0.380   0.
  2017 352 15 56 25 492 352.664183938      -0.59      1.03     -0.92  0.        3550.363       1342.683       5946.079    0.000  -0.138   0.380   0.
  2017 352 15 56 26 492 352.664195512      -0.39      1.10     -0.59  0.        3549.506       1344.380       5947.493    0.000  -0.138   0.380   0.
  2017 352 15 56 27 492 352.664207086      -0.28      1.38     -0.74  0.        3548.649       1346.077       5948.907    0.000  -0.138   0.380   0.
  2017 352 15 56 28 492 352.664218660      -0.01      1.41     -0.61  0.        3547.791       1347.774       5950.319    0.000  -0.138   0.380   0.
  2017 352 15 56 29 492 352.664230234      -0.51      1.12     -0.67  0.        3546.933       1349.469       5951.732    0.000  -0.138   0.380   0.
  2017 352 15 56 30 492 352.664241808      -0.66      1.53     -0.61  0.        3546.075       1351.166       5953.143    0.000  -0.138   0.380   0.
  2017 352 15 56 31 492 352.664253383      -0.68      1.90     -0.63  0.        3545.216       1352.861       5954.554    0.000  -0.138   0.380   0.
  2017 352 15 56 32 492 352.664264957      -0.61      1.73     -0.82  0.        3544.356       1354.557       5955.964    0.000  -0.138   0.380   0.
  2017 352 15 56 33 492 352.664276531      -0.37      1.55     -1.00  0.        3543.496       1356.253       5957.373    0.000  -0.138   0.380   0.
  2017 352 15 56 34 492 352.664288105      -0.39      1.39     -0.95  0.        3542.636       1357.948       5958.782    0.000  -0.138   0.380   0.
  2017 352 15 56 35 492 352.664299679      -0.53      1.44     -0.77  0.        3541.776       1359.643       5960.189    0.000  -0.138   0.380   0.
  2017 352 15 56 36 492 352.664311253      -0.56      1.52     -0.63  0.        3540.915       1361.338       5961.597    0.000  -0.138   0.380   0.
  2017 352 15 56 37 492 352.664322827      -0.64      1.37     -0.57  0.        3540.053       1363.033       5963.003    0.000  -0.138   0.380   0.
  2017 352 15 56 38 492 352.664334401      -0.64      1.31     -0.63  0.        3539.191       1364.728       5964.409    0.000  -0.138   0.380   0.
  2017 352 15 56 39 492 352.664345975      -0.81      1.41     -0.28  0.        3538.329       1366.423       5965.813    0.000  -0.138   0.380   0.
  2017 352 15 56 40 492 352.664357549      -0.55      1.58     -0.34  0.        3537.466       1368.117       5967.218    0.000  -0.138   0.380   0.
  2017 352 15 56 41 492 352.664369123      -0.66      1.42     -0.71  0.        3536.602       1369.811       5968.621    0.000  -0.138   0.380   0.
  2017 352 15 56 42 492 352.664380697      -0.88      1.25     -0.74  0.        3535.739       1371.505       5970.024    0.000  -0.138   0.380   0.
  2017 352 15 56 43 492 352.664392271      -0.92      1.39     -0.68  0.        3534.875       1373.199       5971.426    0.000  -0.138   0.380   0.
  2017 352 15 56 44 492 352.664403846      -0.79      1.48     -0.78  0.        3534.010       1374.893       5972.827    0.000  -0.138   0.380   0.
  2017 352 15 56 45 492 352.664415420      -0.36      1.53     -0.73  0.        3533.146       1376.587       5974.228    0.000  -0.138   0.380   0.
  2017 352 15 56 46 492 352.664426994      -0.54      1.47     -0.75  0.        3532.280       1378.280       5975.628    0.000  -0.138   0.380   0.
  2017 352 15 56 47 492 352.664438568      -0.69      1.06     -0.63  0.        3531.414       1379.973       5977.027    0.000  -0.138   0.380   0.
  2017 352 15 56 48 492 352.664450142      -0.37      1.85     -0.12  0.        3530.548       1381.666       5978.425    0.000  -0.138   0.380   0.
  2017 352 15 56 49 492 352.664461716       0.23      1.97     -0.79  0.        3529.682       1383.359       5979.823    0.000  -0.138   0.380   0.
  2017 352 15 56 50 492 352.664473290       0.32      1.58     -0.91  0.        3528.815       1385.052       5981.220    0.000  -0.138   0.380   0.
  2017 352 15 56 51 491 352.664484863       0.31      1.33     -0.67  0.        3527.947       1386.745       5982.616    0.000  -0.138   0.380   0.
  2017 352 15 56 52 491 352.664496435       0.07      1.62     -0.64  0.        3527.079       1388.437       5984.012    0.000  -0.138   0.380   0.
  2017 352 15 56 53 491 352.664508009      -0.03      1.35     -0.58  0.        3526.211       1390.129       5985.407    0.000  -0.138   0.380   0.
  2017 352 15 56 54 491 352.664519583      -0.42      1.13     -0.79  0.        3525.342       1391.821       5986.801    0.000  -0.138   0.380   0.
  2017 352 15 56 55 492 352.664531157      -0.57      1.15     -0.67  0.        3524.473       1393.513       5988.194    0.000  -0.138   0.380   0.
  2017 352 15 56 56 492 352.664542731      -0.51      1.40     -0.53  0.        3523.603       1395.205       5989.587    0.000  -0.138   0.380   0.
  2017 352 15 56 57 491 352.664554306      -0.53      1.34     -0.32  0.        3522.733       1396.897       5990.979    0.000  -0.138   0.380   0.
  2017 352 15 56 58 491 352.664565880      -0.26      1.44     -0.27  0.        3521.863       1398.588       5992.370    0.000  -0.138   0.380   0.
  2017 352 15 56 59 492 352.664577454      -0.39      1.54     -0.06  0.        3520.992       1400.279       5993.760    0.000  -0.138   0.380   0.
  2017 352 15 57  0 492 352.664589028      -0.00      1.58     -0.20  0.        3520.121       1401.970       5995.150    0.000  -0.138   0.380   0.
  2017 352 15 57  1 492 352.664600602      -0.08      1.02     -0.82  0.        3519.249       1403.661       5996.539    0.000  -0.138   0.380   0.
  2017 352 15 57  2 492 352.664612176      -0.53      1.20     -0.57  0.        3518.377       1405.352       5997.928    0.000  -0.138   0.380   0.
  2017 352 15 57  3 492 352.664623750      -0.50      1.39     -0.22  0.        3517.504       1407.043       5999.315    0.000  -0.138   0.380   0.
  2017 352 15 57  4 491 352.664635324      -0.54      1.62     -0.09  0.        3516.631       1408.733       6000.702    0.000  -0.138   0.380   0.
  2017 352 15 57  5 491 352.664646898      -0.01      1.93     -0.16  0.        3515.758       1410.423       6002.088    0.000  -0.138   0.380   0.
  2017 352 15 57  6 491 352.664658472      -0.37      0.95     -0.86  0.        3514.884       1412.113       6003.474    0.000  -0.138   0.380   0.
  2017 352 15 57  7 491 352.664670046      -1.28      1.27     -0.31  0.        3514.010       1413.803       6004.859    0.000  -0.138   0.380   0.
  2017 352 15 57  8 492 352.664681620      -1.40      1.93      0.06  0.        3513.135       1415.493       6006.243    0.000  -0.138   0.380   0.
  2017 352 15 57  9 492 352.664693194      -0.61      1.77     -0.33  0.        3512.260       1417.183       6007.626    0.000  -0.138   0.380   0.
  2017 352 15 57 10 491 352.664704769      -0.57      1.68     -0.58  0.        3511.385       1418.872       6009.009    0.000  -0.138   0.380   0.
  2017 352 15 57 11 491 352.664716343      -0.86      1.52     -0.55  0.        3510.509       1420.561       6010.391    0.000  -0.138   0.380   0.
  2017 352 15 57 12 492 352.664727917      -0.84      1.30     -0.55  0.        3509.632       1422.250       6011.772    0.000  -0.138   0.380   0.
  2017 352 15 57 13 492 352.664739491      -0.75      1.39     -0.49  0.        3508.756       1423.939       6013.152    0.000  -0.138   0.380   0.
  2017 352 15 57 14 492 352.664751065      -0.03      2.10     -0.35  0.        3507.878       1425.628       6014.532    0.000  -0.138   0.380   0.
  2017 352 15 57 15 492 352.664762639       0.64      1.66     -0.98  0.        3507.001       1427.317       6015.911    0.000  -0.138   0.380   0.
  2017 352 15 57 16 492 352.664774213       0.22      1.40     -0.85  0.        3506.123       1429.005       6017.289    0.000  -0.138   0.380   0.
  2017 352 15 57 17 491 352.664785787      -0.39      1.44     -0.36  0.        3505.245       1430.693       6018.667    0.000  -0.138   0.380   0.
  2017 352 15 57 18 491 352.664797361      -0.37      1.46     -0.24  0.        3504.366       1432.381       6020.043    0.000  -0.138   0.380   0.
  2017 352 15 57 19 491 352.664808935       0.42      1.76     -0.29  0.        3503.486       1434.069       6021.419    0.000  -0.138   0.380   0.
  2017 352 15 57 20 491 352.664820509       0.51      1.50     -0.58  0.        3502.607       1435.757       6022.795    0.000  -0.138   0.380   0.
  2017 352 15 57 21 491 352.664832083       0.43      0.81     -1.11  0.        3501.727       1437.444       6024.170    0.000  -0.138   0.380   0.
  2017 352 15 57 22 492 352.664843657      -0.24      0.42     -1.36  0.        3500.846       1439.132       6025.544    0.000  -0.138   0.380   0.
  2017 352 15 57 23 492 352.664855231      -0.53      0.75     -1.40  0.        3499.965       1440.819       6026.917    0.000  -0.138   0.380   0.
  2017 352 15 57 24 491 352.664866803      -0.32      0.80     -1.60  0.        3499.084       1442.506       6028.290    0.000  -0.138   0.380   0.
  2017 352 15 57 25 491 352.664878377      -0.39      1.46     -1.09  0.        3498.202       1444.193       6029.662    0.000  -0.138   0.380   0.
  2017 352 15 57 26 491 352.664889951       0.30      1.92     -0.41  0.        3497.320       1445.879       6031.033    0.000  -0.138   0.380   0.
  2017 352 15 57 27 491 352.664901525       0.10      1.41     -0.30  0.        3496.437       1447.566       6032.403    0.000  -0.138   0.380   0.
  2017 352 15 57 28 491 352.664913099      -0.79      1.52     -0.17  0.        3495.555       1449.252       6033.773    0.000  -0.138   0.380   0.
  2017 352 15 57 29 491 352.664924673      -0.51      1.37     -0.76  0.        3494.671       1450.939       6035.142    0.000  -0.138   0.380   0.
  2017 352 15 57 30 491 352.664936247      -0.33      1.33     -1.03  0.        3493.787       1452.625       6036.510    0.000  -0.138   0.380   0.
  2017 352 15 57 31 491 352.664947821      -0.23      1.10     -1.11  0.        3492.903       1454.310       6037.878    0.000  -0.138   0.380   0.
  2017 352 15 57 32 491 352.664959395      -0.28      1.07     -1.15  0.        3492.018       1455.996       6039.245    0.000  -0.138   0.380   0.
  2017 352 15 57 33 491 352.664970969      -0.67      0.93     -1.01  0.        3491.133       1457.682       6040.611    0.000  -0.138   0.380   0.
  2017 352 15 57 34 491 352.664982543      -0.64      1.40     -0.92  0.        3490.248       1459.367       6041.976    0.000  -0.138   0.380   0.
  2017 352 15 57 35 491 352.664994117      -0.35      1.34     -1.19  0.        3489.362       1461.052       6043.341    0.000  -0.138   0.380   0.
  2017 352 15 57 36 491 352.665005692      -0.21      1.14     -1.28  0.        3488.476       1462.737       6044.705    0.000  -0.138   0.380   0.
  2017 352 15 57 37 491 352.665017266      -0.80      0.69     -1.14  0.        3487.589       1464.422       6046.068    0.000  -0.138   0.380   0.
  2017 352 15 57 38 491 352.665028840      -0.49      1.60     -0.72  0.        3486.702       1466.106       6047.431    0.000  -0.138   0.380   0.
  2017 352 15 57 39 491 352.665040414       0.07      1.57     -0.92  0.        3485.814       1467.791       6048.793    0.000  -0.138   0.380   0.
  2017 352 15 57 40 491 352.665051988       0.01      0.86     -1.22  0.        3484.927       1469.475       6050.154    0.000  -0.138   0.380   0.
  2017 352 15 57 41 491 352.665063562      -0.09      1.15     -0.99  0.        3484.038       1471.159       6051.514    0.000  -0.138   0.380   0.
  2017 352 15 57 42 491 352.665075136       0.03      1.16     -1.14  0.        3483.149       1472.843       6052.874    0.000  -0.138   0.380   0.
  2017 352 15 57 43 491 352.665086710      -0.41      0.77     -1.21  0.        3482.260       1474.527       6054.233    0.000  -0.138   0.380   0.
  2017 352 15 57 44 491 352.665098284      -0.74      1.08     -1.04  0.        3481.371       1476.211       6055.592    0.000  -0.138   0.380   0.
  2017 352 15 57 45 491 352.665109858      -0.54      1.43     -1.44  0.        3480.481       1477.894       6056.949    0.000  -0.138   0.380   0.
  2017 352 15 57 46 491 352.665121432      -0.65      1.45     -1.03  0.        3479.590       1479.577       6058.306    0.000  -0.138   0.380   0.
  2017 352 15 57 47 491 352.665133006      -0.67      1.41     -0.59  0.        3478.700       1481.260       6059.662    0.000  -0.138   0.380   0.
  2017 352 15 57 48 491 352.665144580      -0.61      1.21     -0.52  0.        3477.808       1482.943       6061.018    0.000  -0.138   0.380   0.
  2017 352 15 57 49 491 352.665156155      -0.43      0.79     -0.73  0.        3476.917       1484.626       6062.372    0.000  -0.138   0.380   0.
  2017 352 15 57 50 491 352.665167729      -0.32      0.99     -0.86  0.        3476.025       1486.308       6063.726    0.000  -0.138   0.380   0.
  2017 352 15 57 51 491 352.665179302      -0.33      1.36     -0.68  0.        3475.132       1487.991       6065.080    0.000  -0.138   0.380   0.
  2017 352 15 57 52 491 352.665190874      -0.35      1.50     -0.54  0.        3474.239       1489.673       6066.432    0.000  -0.138   0.380   0.
  2017 352 15 57 53 491 352.665202448      -0.32      1.45     -0.68  0.        3473.346       1491.355       6067.784    0.000  -0.138   0.380   0.
  2017 352 15 57 54 491 352.665214022      -0.40      1.30     -0.57  0.        3472.453       1493.037       6069.135    0.000  -0.138   0.380   0.
  2017 352 15 57 55 491 352.665225596      -0.33      1.30     -0.55  0.        3471.559       1494.719       6070.486    0.000  -0.138   0.380   0.
  2017 352 15 57 56 491 352.665237170      -0.35      1.27     -0.60  0.        3470.664       1496.400       6071.836    0.000  -0.138   0.380   0.
  2017 352 15 57 57 491 352.665248744      -0.22      1.05     -0.76  0.        3469.769       1498.081       6073.185    0.000  -0.138   0.380   0.
  2017 352 15 57 58 491 352.665260318      -0.39      1.35     -0.51  0.        3468.874       1499.763       6074.533    0.000  -0.138   0.380   0.
  2017 352 15 57 59 491 352.665271892       0.03      1.19     -0.77  0.        3467.978       1501.444       6075.881    0.000  -0.138   0.380   0.
  2017 352 15 58  0 491 352.665283466      -0.48      1.08     -0.61  0.        3467.082       1503.124       6077.228    0.000  -0.138   0.380   0.
  2017 352 15 58  1 491 352.665295040      -0.37      1.23     -0.98  0.        3466.186       1504.805       6078.574    0.000  -0.138   0.380   0.
  2017 352 15 58  2 491 352.665306615      -0.32      1.24     -1.07  0.        3465.289       1506.485       6079.919    0.000  -0.138   0.380   0.
  2017 352 15 58  3 491 352.665318189      -0.33      1.36     -1.09  0.        3464.392       1508.165       6081.264    0.000  -0.138   0.380   0.
  2017 352 15 58  4 491 352.665329763      -0.44      0.95     -1.19  0.        3463.494       1509.846       6082.608    0.000  -0.138   0.380   0.
  2017 352 15 58  5 491 352.665341337      -0.67      1.01     -0.86  0.        3462.596       1511.526       6083.952    0.000  -0.138   0.380   0.
  2017 352 15 58  6 491 352.665352911      -0.20      0.95     -1.14  0.        3461.697       1513.205       6085.294    0.000  -0.138   0.380   0.
  2017 352 15 58  7 491 352.665364485      -0.84      0.76     -1.13  0.        3460.798       1514.885       6086.636    0.000  -0.138   0.380   0.
  2017 352 15 58  8 491 352.665376059      -1.13      0.89     -0.79  0.        3459.899       1516.564       6087.978    0.000  -0.138   0.380   0.
  2017 352 15 58  9 491 352.665387633      -1.32      0.97     -0.53  0.        3458.999       1518.244       6089.318    0.000  -0.138   0.380   0.
  2017 352 15 58 10 491 352.665399207      -1.03      1.52     -0.64  0.        3458.099       1519.923       6090.658    0.000  -0.138   0.380   0.
  2017 352 15 58 11 491 352.665410781      -1.23      1.11     -0.70  0.        3457.199       1521.602       6091.997    0.000  -0.138   0.380   0.
  2017 352 15 58 12 491 352.665422355      -1.10      0.96     -0.69  0.        3456.298       1523.280       6093.336    0.000  -0.138   0.380   0.
  2017 352 15 58 13 491 352.665433929      -1.45      1.04     -0.39  0.        3455.397       1524.959       6094.673    0.000  -0.138   0.380   0.
  2017 352 15 58 14 491 352.665445503      -1.28      1.58     -0.03  0.        3454.495       1526.637       6096.010    0.000  -0.138   0.380   0.
  2017 352 15 58 15 491 352.665457077      -0.29      1.59     -0.59  0.        3453.593       1528.315       6097.347    0.000  -0.138   0.380   0.
  2017 352 15 58 16 491 352.665468652      -1.07      1.80      0.07  0.        3452.690       1529.993       6098.682    0.000  -0.138   0.380   0.
  2017 352 15 58 17 491 352.665480226      -0.67      1.78     -0.33  0.        3451.787       1531.671       6100.017    0.000  -0.138   0.380   0.
  2017 352 15 58 18 491 352.665491800      -0.39      2.14     -0.50  0.        3450.884       1533.349       6101.351    0.000  -0.138   0.380   0.
  2017 352 15 58 19 491 352.665503374      -0.18      1.54     -1.27  0.        3449.980       1535.026       6102.685    0.000  -0.138   0.380   0.
  2017 352 15 58 20 491 352.665514948      -0.57      0.93     -1.34  0.        3449.076       1536.703       6104.018    0.000  -0.138   0.380   0.
  2017 352 15 58 21 491 352.665526522      -0.93      0.96     -1.03  0.        3448.172       1538.381       6105.350    0.000  -0.138   0.380   0.
  2017 352 15 58 22 491 352.665538093      -1.04      1.12     -1.01  0.        3447.267       1540.058       6106.681    0.000  -0.138   0.380   0.
  2017 352 15 58 23 491 352.665549667      -0.98      1.43     -0.90  0.        3446.362       1541.734       6108.012    0.000  -0.138   0.380   0.
  2017 352 15 58 24 491 352.665561241      -0.57      1.52     -0.85  0.        3445.456       1543.411       6109.342    0.000  -0.138   0.380   0.
  2017 352 15 58 25 491 352.665572815      -0.26      1.61     -0.90  0.        3444.550       1545.087       6110.671    0.000  -0.138   0.380   0.
  2017 352 15 58 26 491 352.665584389      -0.21      1.13     -1.04  0.        3443.643       1546.763       6112.000    0.000  -0.138   0.380   0.
  2017 352 15 58 27 491 352.665595964      -0.45      1.44     -0.81  0.        3442.736       1548.439       6113.327    0.000  -0.138   0.380   0.
  2017 352 15 58 28 491 352.665607538      -1.00      1.58     -0.54  0.        3441.829       1550.115       6114.654    0.000  -0.138   0.380   0.
  2017 352 15 58 29 491 352.665619112      -0.20      1.18     -1.19  0.        3440.921       1551.791       6115.981    0.000  -0.138   0.380   0.
  2017 352 15 58 30 491 352.665630686      -1.33      1.15     -0.98  0.        3440.013       1553.467       6117.307    0.000  -0.138   0.380   0.
  2017 352 15 58 31 491 352.665642260      -0.56      1.34     -1.41  0.        3439.105       1555.142       6118.632    0.000  -0.138   0.380   0.
  2017 352 15 58 32 491 352.665653834      -0.39     -0.37     -2.07  0.        3438.196       1556.817       6119.956    0.000  -0.138   0.380   0.
  2017 352 15 58 33 491 352.665665408      -1.54     -0.05     -1.40  0.        3437.287       1558.492       6121.279    0.000  -0.138   0.380   0.
  2017 352 15 58 34 491 352.665676982      -0.94      1.86     -0.28  0.        3436.377       1560.167       6122.602    0.000  -0.138   0.380   0.
  2017 352 15 58 35 491 352.665688556       0.03      1.60     -1.20  0.        3435.467       1561.841       6123.925    0.000  -0.138   0.380   0.
  2017 352 15 58 36 491 352.665700130       0.60      1.40     -1.53  0.        3434.557       1563.516       6125.246    0.000  -0.138   0.380   0.
  2017 352 15 58 37 491 352.665711704       0.64      1.27     -1.80  0.        3433.646       1565.190       6126.567    0.000  -0.138   0.380   0.
  2017 352 15 58 38 491 352.665723278       0.38      1.65     -0.93  0.        3432.734       1566.864       6127.887    0.000  -0.138   0.380   0.
  2017 352 15 58 39 491 352.665734852      -0.07      1.45     -0.12  0.        3431.823       1568.538       6129.206    0.000  -0.138   0.380   0.
  2017 352 15 58 40 491 352.665746427       0.09      1.34      0.06  0.        3430.911       1570.212       6130.525    0.000  -0.138   0.380   0.
  2017 352 15 58 41 491 352.665758001      -0.24      1.33     -0.27  0.        3429.998       1571.885       6131.843    0.000  -0.138   0.380   0.
  2017 352 15 58 42 491 352.665769575      -0.38      1.41     -0.47  0.        3429.086       1573.559       6133.160    0.000  -0.138   0.380   0.
  2017 352 15 58 43 491 352.665781149      -0.04      1.29     -1.06  0.        3428.172       1575.232       6134.477    0.000  -0.138   0.380   0.
  2017 352 15 58 44 491 352.665792723      -0.08      0.98     -1.52  0.        3427.259       1576.905       6135.793    0.000  -0.138   0.380   0.
  2017 352 15 58 45 491 352.665804297      -0.29      1.00     -1.55  0.        3426.345       1578.578       6137.108    0.000  -0.138   0.380   0.
  2017 352 15 58 46 491 352.665815871      -0.15      0.97     -1.43  0.        3425.430       1580.250       6138.422    0.000  -0.138   0.380   0.
  2017 352 15 58 47 491 352.665827445       0.14      1.28     -1.45  0.        3424.516       1581.923       6139.736    0.000  -0.138   0.380   0.
  2017 352 15 58 48 491 352.665839019       0.05      1.16     -1.44  0.        3423.600       1583.595       6141.049    0.000  -0.138   0.380   0.
  2017 352 15 58 49 490 352.665850592      -0.45      0.83     -0.98  0.        3422.685       1585.267       6142.361    0.000  -0.138   0.380   0.
  2017 352 15 58 50 490 352.665862164      -0.45      1.02     -0.94  0.        3421.769       1586.939       6143.673    0.000  -0.138   0.380   0.
  2017 352 15 58 51 491 352.665873738      -0.80      1.13     -0.86  0.        3420.853       1588.611       6144.984    0.000  -0.138   0.380   0.
  2017 352 15 58 52 490 352.665885312      -0.82      1.18     -0.75  0.        3419.936       1590.282       6146.294    0.000  -0.138   0.380   0.
  2017 352 15 58 53 490 352.665896887      -0.30      1.51     -0.79  0.        3419.019       1591.954       6147.604    0.000  -0.138   0.380   0.
  2017 352 15 58 54 491 352.665908461      -0.43      1.23     -0.76  0.        3418.101       1593.625       6148.913    0.000  -0.138   0.380   0.
  2017 352 15 58 55 491 352.665920035      -0.42      1.29     -0.78  0.        3417.183       1595.296       6150.221    0.000  -0.138   0.380   0.
  2017 352 15 58 56 491 352.665931609      -0.22      1.95     -0.24  0.        3416.265       1596.967       6151.528    0.000  -0.138   0.380   0.
  2017 352 15 58 57 491 352.665943183       0.14      1.43     -1.04  0.        3415.346       1598.637       6152.835    0.000  -0.138   0.380   0.
  2017 352 15 58 58 491 352.665954757      -0.59      1.44     -0.62  0.        3414.427       1600.308       6154.141    0.000  -0.138   0.380   0.
  2017 352 15 58 59 490 352.665966331      -0.17      1.80     -0.40  0.        3413.508       1601.978       6155.447    0.000  -0.138   0.380   0.
  2017 352 15 59  0 490 352.665977905      -0.20      0.63     -1.49  0.        3412.588       1603.648       6156.751    0.000  -0.138   0.380   0.
  2017 352 15 59  1 490 352.665989479      -1.46      0.43     -0.39  0.        3411.668       1605.318       6158.055    0.000  -0.138   0.380   0.
  2017 352 15 59  2 490 352.666001053      -0.70      0.51     -0.90  0.        3410.747       1606.988       6159.358    0.000  -0.138   0.380   0.
  2017 352 15 59  3 490 352.666012627      -1.28      0.45     -1.29  0.        3409.826       1608.657       6160.661    0.000  -0.138   0.380   0.
  2017 352 15 59  4 491 352.666024201      -1.65      1.23     -0.32  0.        3408.905       1610.327       6161.963    0.000  -0.138   0.380   0.
  2017 352 15 59  5 491 352.666035775      -1.03      1.11     -0.81  0.        3407.983       1611.996       6163.264    0.000  -0.138   0.380   0.
  2017 352 15 59  6 490 352.666047350      -0.28      1.59     -0.88  0.        3407.061       1613.665       6164.564    0.000  -0.138   0.380   0.
  2017 352 15 59  7 490 352.666058924      -0.07      1.42     -1.32  0.        3406.138       1615.334       6165.864    0.000  -0.138   0.380   0.
  2017 352 15 59  8 491 352.666070498      -0.44      1.34     -1.32  0.        3405.216       1617.002       6167.163    0.000  -0.138   0.380   0.
  2017 352 15 59  9 491 352.666082072      -0.18      1.38     -0.97  0.        3404.292       1618.671       6168.462    0.000  -0.138   0.380   0.
  2017 352 15 59 10 491 352.666093646      -0.03      1.42     -0.64  0.        3403.368       1620.339       6169.759    0.000  -0.138   0.380   0.
  2017 352 15 59 11 491 352.666105220      -0.45      1.13     -0.94  0.        3402.444       1622.007       6171.056    0.000  -0.138   0.380   0.
  2017 352 15 59 12 491 352.666116794      -1.03      0.94     -1.24  0.        3401.520       1623.675       6172.353    0.000  -0.138   0.380   0.
  2017 352 15 59 13 490 352.666128368      -0.80      1.01     -1.03  0.        3400.595       1625.343       6173.648    0.000  -0.138   0.380   0.
  2017 352 15 59 14 490 352.666139942      -0.64      1.22     -0.95  0.        3399.670       1627.010       6174.943    0.000  -0.138   0.380   0.
  2017 352 15 59 15 490 352.666151516      -0.45      1.09     -0.97  0.        3398.744       1628.678       6176.237    0.000  -0.138   0.380   0.
  2017 352 15 59 16 490 352.666163090      -0.27      0.94     -1.11  0.        3397.818       1630.345       6177.530    0.000  -0.138   0.380   0.
  2017 352 15 59 17 490 352.666174664      -0.68      0.83     -0.95  0.        3396.892       1632.012       6178.823    0.000  -0.138   0.380   0.
  2017 352 15 59 18 491 352.666186238      -0.98      1.00     -0.61  0.        3395.965       1633.679       6180.115    0.000  -0.138   0.380   0.
  2017 352 15 59 19 491 352.666197812      -0.83      1.25     -0.38  0.        3395.038       1635.345       6181.407    0.000  -0.138   0.380   0.
  2017 352 15 59 20 490 352.666209384      -0.63      1.24     -0.34  0.        3394.111       1637.012       6182.697    0.000  -0.138   0.380   0.
  2017 352 15 59 21 490 352.666220958      -0.77      0.92     -0.51  0.        3393.183       1638.678       6183.987    0.000  -0.138   0.380   0.
  2017 352 15 59 22 490 352.666232532      -0.80      1.05     -0.60  0.        3392.254       1640.344       6185.277    0.000  -0.138   0.380   0.
  2017 352 15 59 23 490 352.666244106      -0.82      1.33     -0.30  0.        3391.326       1642.010       6186.565    0.000  -0.138   0.380   0.
  2017 352 15 59 24 490 352.666255680      -0.83      1.50     -0.37  0.        3390.396       1643.676       6187.853    0.000  -0.138   0.380   0.
  2017 352 15 59 25 490 352.666267254      -0.42      1.89     -0.57  0.        3389.467       1645.341       6189.140    0.000  -0.138   0.380   0.
  2017 352 15 59 26 490 352.666278828      -1.06      1.34     -0.69  0.        3388.537       1647.007       6190.427    0.000  -0.138   0.380   0.
  2017 352 15 59 27 490 352.666290402      -0.86      1.42     -0.82  0.        3387.607       1648.672       6191.713    0.000  -0.138   0.380   0.
  2017 352 15 59 28 490 352.666301976      -0.76      1.16     -0.39  0.        3386.676       1650.337       6192.998    0.000  -0.138   0.380   0.
  2017 352 15 59 29 490 352.666313550      -0.90      1.05     -0.46  0.        3385.745       1652.001       6194.282    0.000  -0.138   0.380   0.
  2017 352 15 59 30 490 352.666325124      -1.42      1.29     -0.26  0.        3384.814       1653.666       6195.566    0.000  -0.138   0.380   0.
  2017 352 15 59 31 490 352.666336698      -1.21      1.81      0.06  0.        3383.882       1655.330       6196.849    0.000  -0.138   0.380   0.
  2017 352 15 59 32 490 352.666348273      -0.47      2.13     -0.05  0.        3382.950       1656.995       6198.131    0.000  -0.138   0.380   0.
  2017 352 15 59 33 490 352.666359847      -0.12      1.81     -0.45  0.        3382.018       1658.659       6199.413    0.000  -0.138   0.380   0.
  2017 352 15 59 34 490 352.666371421      -0.46      1.09     -0.94  0.        3381.085       1660.323       6200.694    0.000  -0.138   0.380   0.
  2017 352 15 59 35 490 352.666382995      -0.98      1.08     -0.84  0.        3380.152       1661.986       6201.974    0.000  -0.138   0.380   0.
  2017 352 15 59 36 490 352.666394569      -0.69      1.71     -0.42  0.        3379.218       1663.650       6203.254    0.000  -0.138   0.380   0.
  2017 352 15 59 37 490 352.666406143      -0.45      1.57     -0.78  0.        3378.284       1665.313       6204.532    0.000  -0.138   0.380   0.
  2017 352 15 59 38 490 352.666417717      -0.74      1.09     -1.05  0.        3377.350       1666.976       6205.810    0.000  -0.138   0.380   0.
  2017 352 15 59 39 490 352.666429291      -1.37      0.93     -0.85  0.        3376.415       1668.639       6207.088    0.000  -0.138   0.380   0.
  2017 352 15 59 40 490 352.666440865      -1.76      1.40     -0.10  0.        3375.480       1670.302       6208.365    0.000  -0.138   0.380   0.
  2017 352 15 59 41 490 352.666452439      -1.80      1.65      0.18  0.        3374.544       1671.964       6209.641    0.000  -0.138   0.380   0.
  2017 352 15 59 42 490 352.666464013      -1.83      1.53      0.14  0.        3373.608       1673.627       6210.916    0.000  -0.138   0.380   0.
  2017 352 15 59 43 490 352.666475587      -1.43      1.78      0.10  0.        3372.672       1675.289       6212.191    0.000  -0.138   0.380   0.
  2017 352 15 59 44 490 352.666487161      -1.05      1.59     -0.07  0.        3371.735       1676.951       6213.465    0.000  -0.138   0.380   0.
  2017 352 15 59 45 490 352.666498736      -0.51      1.67     -0.23  0.        3370.799       1678.613       6214.738    0.000  -0.138   0.380   0.
  2017 352 15 59 46 490 352.666510310      -0.50      1.24     -0.76  0.        3369.861       1680.274       6216.011    0.000  -0.138   0.380   0.
  2017 352 15 59 47 490 352.666521883      -0.78      1.40     -0.50  0.        3368.923       1681.936       6217.283    0.000  -0.138   0.380   0.
  2017 352 15 59 48 490 352.666533455      -0.91      1.53     -0.11  0.        3367.985       1683.597       6218.554    0.000  -0.138   0.380   0.
  2017 352 15 59 49 490 352.666545029      -0.76      1.69      0.20  0.        3367.047       1685.258       6219.824    0.000  -0.138   0.380   0.
  2017 352 15 59 50 490 352.666556603      -0.32      2.05      0.09  0.        3366.108       1686.919       6221.094    0.000  -0.138   0.380   0.
  2017 352 15 59 51 490 352.666568177      -0.12      1.68     -0.60  0.        3365.169       1688.580       6222.363    0.000  -0.138   0.380   0.
  2017 352 15 59 52 490 352.666579751      -0.44      1.11     -0.66  0.        3364.229       1690.240       6223.632    0.000  -0.138   0.380   0.
  2017 352 15 59 53 490 352.666591325      -0.73      1.08     -0.45  0.        3363.289       1691.900       6224.900    0.000  -0.138   0.380   0.
  2017 352 15 59 54 490 352.666602899      -0.44      1.06     -0.81  0.        3362.349       1693.560       6226.167    0.000  -0.138   0.380   0.
  2017 352 15 59 55 490 352.666614473      -0.58      1.36     -0.67  0.        3361.408       1695.220       6227.433    0.000  -0.138   0.380   0.
  2017 352 15 59 56 490 352.666626047      -0.52      1.15     -0.80  0.        3360.467       1696.880       6228.699    0.000  -0.138   0.380   0.
  2017 352 15 59 57 490 352.666637622      -0.74      1.17     -0.82  0.        3359.525       1698.540       6229.964    0.000  -0.138   0.380   0.
  2017 352 15 59 58 490 352.666649196      -0.86      1.21     -0.70  0.        3358.583       1700.199       6231.228    0.000  -0.138   0.380   0.
  2017 352 15 59 59 490 352.666660770      -0.69      1.46     -0.58  0.        3357.641       1701.858       6232.492    0.000  -0.138   0.380   0.
  2017 352 16  0  0 490 352.666672344      -0.48      1.36     -0.76  0.        3356.698       1703.517       6233.755    0.000  -0.138   0.380   0.
  2017 352 16  0  1 490 352.666683918      -0.63      0.99     -0.88  0.        3355.755       1705.176       6235.017    0.000  -0.138   0.380   0.
  2017 352 16  0  2 490 352.666695492      -1.15      1.04     -0.68  0.        3354.812       1706.835       6236.278    0.000  -0.138   0.380   0.
  2017 352 16  0  3 490 352.666707066      -1.07      1.25     -0.65  0.        3353.869       1708.493       6237.539    0.000  -0.138   0.380   0.
  2017 352 16  0  4 490 352.666718640      -1.09      1.40     -0.57  0.        3352.924       1710.151       6238.799    0.000  -0.138   0.380   0.
  2017 352 16  0  5 490 352.666730214      -0.56      1.50     -0.79  0.        3351.980       1711.809       6240.059    0.000  -0.138   0.380   0.
  2017 352 16  0  6 490 352.666741788      -0.74      1.26     -0.88  0.        3351.035       1713.467       6241.318    0.000  -0.138   0.380   0.
  2017 352 16  0  7 490 352.666753362      -0.83      1.23     -0.84  0.        3350.090       1715.125       6242.576    0.000  -0.138   0.380   0.
  2017 352 16  0  8 490 352.666764936      -0.62      1.45     -0.65  0.        3349.144       1716.782       6243.833    0.000  -0.138   0.380   0.
  2017 352 16  0  9 490 352.666776510      -0.75      1.29     -0.57  0.        3348.198       1718.440       6245.090    0.000  -0.138   0.380   0.
  2017 352 16  0 10 490 352.666788085      -0.35      1.66     -0.30  0.        3347.252       1720.097       6246.346    0.000  -0.138   0.380   0.
  2017 352 16  0 11 490 352.666799659      -0.18      1.51     -0.72  0.        3346.305       1721.754       6247.601    0.000  -0.138   0.380   0.
  2017 352 16  0 12 490 352.666811233      -0.58      1.25     -0.79  0.        3345.358       1723.411       6248.856    0.000  -0.138   0.380   0.
  2017 352 16  0 13 490 352.666822807      -0.65      1.42     -0.55  0.        3344.411       1725.067       6250.110    0.000  -0.138   0.380   0.
  2017 352 16  0 14 490 352.666834381      -0.40      1.34     -0.83  0.        3343.463       1726.723       6251.363    0.000  -0.138   0.380   0.
  2017 352 16  0 15 490 352.666845955      -0.66      1.20     -0.95  0.        3342.515       1728.380       6252.616    0.000  -0.138   0.380   0.
  2017 352 16  0 16 490 352.666857529      -0.34      1.42     -1.47  0.        3341.566       1730.035       6253.868    0.000  -0.138   0.380   0.
  2017 352 16  0 17 490 352.666869103      -0.87      1.20     -0.91  0.        3340.617       1731.691       6255.119    0.000  -0.138   0.380   0.
  2017 352 16  0 18 490 352.666880674      -1.04      0.97     -0.55  0.        3339.668       1733.347       6256.369    0.000  -0.138   0.380   0.
  2017 352 16  0 19 490 352.666892248      -0.85      1.63     -0.34  0.        3338.718       1735.002       6257.619    0.000  -0.138   0.380   0.
  2017 352 16  0 20 490 352.666903822       0.08      2.29     -0.43  0.        3337.769       1736.657       6258.868    0.000  -0.138   0.380   0.
  2017 352 16  0 21 490 352.666915396       0.59      1.65     -0.94  0.        3336.818       1738.312       6260.116    0.000  -0.138   0.380   0.
  2017 352 16  0 22 490 352.666926971       0.32      1.41     -0.98  0.        3335.867       1739.967       6261.365    0.000  -0.138   0.380   0.
  2017 352 16  0 23 490 352.666938545       0.05      0.97     -0.99  0.        3334.916       1741.622       6262.612    0.000  -0.138   0.380   0.
  2017 352 16  0 24 490 352.666950119      -0.35      0.82     -0.95  0.        3333.965       1743.276       6263.858    0.000  -0.138   0.380   0.
  2017 352 16  0 25 490 352.666961693      -0.22      1.44     -0.74  0.        3333.013       1744.931       6265.104    0.000  -0.138   0.380   0.
  2017 352 16  0 26 490 352.666973267      -0.05      1.55     -0.72  0.        3332.061       1746.585       6266.349    0.000  -0.138   0.380   0.
  2017 352 16  0 27 490 352.666984841       0.15      1.37     -0.70  0.        3331.108       1748.239       6267.593    0.000  -0.138   0.380   0.
  2017 352 16  0 28 490 352.666996415      -0.29      1.16     -0.37  0.        3330.155       1749.892       6268.837    0.000  -0.138   0.380   0.
  2017 352 16  0 29 490 352.667007989      -0.25      1.62     -0.28  0.        3329.202       1751.546       6270.080    0.000  -0.138   0.380   0.
  2017 352 16  0 30 490 352.667019563       0.10      1.69     -0.54  0.        3328.248       1753.199       6271.322    0.000  -0.138   0.380   0.
  2017 352 16  0 31 490 352.667031137       0.07      1.53     -0.91  0.        3327.294       1754.852       6272.564    0.000  -0.138   0.380   0.
  2017 352 16  0 32 490 352.667042711       0.27      1.72     -0.97  0.        3326.340       1756.505       6273.804    0.000  -0.138   0.380   0.
  2017 352 16  0 33 490 352.667054285       0.14      1.48     -0.89  0.        3325.385       1758.158       6275.045    0.000  -0.138   0.380   0.
  2017 352 16  0 34 490 352.667065859      -0.20      1.38     -1.21  0.        3324.430       1759.810       6276.284    0.000  -0.138   0.380   0.
  2017 352 16  0 35 490 352.667077433      -0.45      0.96     -1.37  0.        3323.475       1761.463       6277.523    0.000  -0.138   0.380   0.
  2017 352 16  0 36 490 352.667089008      -0.89      1.12     -0.88  0.        3322.519       1763.115       6278.761    0.000  -0.138   0.380   0.
  2017 352 16  0 37 490 352.667100582      -0.96      1.78     -0.73  0.        3321.563       1764.767       6279.999    0.000  -0.138   0.380   0.
  2017 352 16  0 38 490 352.667112156      -0.26      1.98     -1.27  0.        3320.606       1766.419       6281.235    0.000  -0.138   0.380   0.
  2017 352 16  0 39 490 352.667123730      -0.06      1.57     -1.56  0.        3319.649       1768.070       6282.471    0.000  -0.138   0.380   0.
  2017 352 16  0 40 490 352.667135304      -0.03      0.89     -1.58  0.        3318.692       1769.722       6283.707    0.000  -0.138   0.380   0.
  2017 352 16  0 41 490 352.667146878      -0.20      1.14     -1.31  0.        3317.734       1771.373       6284.942    0.000  -0.138   0.380   0.
  2017 352 16  0 42 490 352.667158452      -0.20      1.09     -1.21  0.        3316.776       1773.024       6286.176    0.000  -0.138   0.380   0.
  2017 352 16  0 43 490 352.667170026      -0.35      1.30     -0.78  0.        3315.818       1774.675       6287.409    0.000  -0.138   0.380   0.
  2017 352 16  0 44 490 352.667181600      -0.35      1.60     -0.53  0.        3314.859       1776.325       6288.642    0.000  -0.138   0.380   0.
  2017 352 16  0 45 489 352.667193173      -0.01      1.35     -0.67  0.        3313.900       1777.976       6289.874    0.000  -0.138   0.380   0.
  2017 352 16  0 46 490 352.667204745      -0.02      1.17     -0.78  0.        3312.941       1779.626       6291.105    0.000  -0.138   0.380   0.
  2017 352 16  0 47 490 352.667216319      -0.51      1.11     -0.59  0.        3311.981       1781.276       6292.336    0.000  -0.138   0.380   0.
  2017 352 16  0 48 489 352.667227894      -0.24      1.54     -0.42  0.        3311.021       1782.926       6293.566    0.000  -0.138   0.380   0.
  2017 352 16  0 49 489 352.667239468       0.21      1.48     -0.74  0.        3310.060       1784.575       6294.795    0.000  -0.138   0.380   0.
  2017 352 16  0 50 490 352.667251042      -0.18      1.38     -0.63  0.        3309.100       1786.225       6296.023    0.000  -0.138   0.380   0.
  2017 352 16  0 51 490 352.667262616      -0.15      1.66     -0.40  0.        3308.138       1787.874       6297.251    0.000  -0.138   0.380   0.
  2017 352 16  0 52 490 352.667274190      -0.19      1.56     -0.45  0.        3307.177       1789.523       6298.479    0.000  -0.138   0.380   0.
  2017 352 16  0 53 490 352.667285764      -0.37      1.46     -0.58  0.        3306.215       1791.172       6299.705    0.000  -0.138   0.380   0.
  2017 352 16  0 54 490 352.667297338      -0.70      1.26     -0.55  0.        3305.253       1792.821       6300.931    0.000  -0.138   0.380   0.
  2017 352 16  0 55 489 352.667308912      -0.64      1.12     -0.75  0.        3304.290       1794.469       6302.156    0.000  -0.138   0.380   0.
  2017 352 16  0 56 489 352.667320486      -0.46      1.32     -0.71  0.        3303.327       1796.118       6303.380    0.000  -0.138   0.380   0.
  2017 352 16  0 57 489 352.667332060       0.13      1.65     -0.68  0.        3302.363       1797.766       6304.604    0.000  -0.138   0.380   0.
  2017 352 16  0 58 489 352.667343634       0.13      1.61     -0.29  0.        3301.400       1799.413       6305.827    0.000  -0.138   0.380   0.
  2017 352 16  0 59 489 352.667355208      -0.15      1.37     -0.51  0.        3300.436       1801.061       6307.050    0.000  -0.138   0.380   0.
  2017 352 16  1  0 490 352.667366782      -0.17      1.33     -0.62  0.        3299.471       1802.709       6308.272    0.000  -0.138   0.380   0.
  2017 352 16  1  1 490 352.667378356      -0.54      1.16     -0.64  0.        3298.506       1804.356       6309.493    0.000  -0.138   0.380   0.
  2017 352 16  1  2 489 352.667389931      -0.66      1.44     -0.52  0.        3297.541       1806.003       6310.713    0.000  -0.138   0.380   0.
  2017 352 16  1  3 489 352.667401505      -0.55      1.41     -0.67  0.        3296.576       1807.650       6311.933    0.000  -0.138   0.380   0.
  2017 352 16  1  4 490 352.667413079      -0.59      1.40     -0.78  0.        3295.610       1809.297       6313.152    0.000  -0.138   0.380   0.
  2017 352 16  1  5 490 352.667424653      -0.42      1.56     -0.87  0.        3294.644       1810.943       6314.370    0.000  -0.138   0.380   0.
  2017 352 16  1  6 490 352.667436227      -0.46      1.43     -0.97  0.        3293.677       1812.590       6315.588    0.000  -0.138   0.380   0.
  2017 352 16  1  7 490 352.667447801      -0.56      1.29     -0.90  0.        3292.710       1814.236       6316.805    0.000  -0.138   0.380   0.
  2017 352 16  1  8 490 352.667459375      -0.64      1.02     -0.72  0.        3291.743       1815.882       6318.021    0.000  -0.138   0.380   0.
  2017 352 16  1  9 489 352.667470949      -0.69      1.04     -0.54  0.        3290.775       1817.528       6319.237    0.000  -0.138   0.380   0.
  2017 352 16  1 10 489 352.667482523      -0.28      1.18     -0.58  0.        3289.807       1819.173       6320.452    0.000  -0.138   0.380   0.
  2017 352 16  1 11 489 352.667494097      -0.19      1.37     -0.44  0.        3288.839       1820.819       6321.666    0.000  -0.138   0.380   0.
  2017 352 16  1 12 489 352.667505671       0.16      1.49     -0.43  0.        3287.870       1822.464       6322.880    0.000  -0.138   0.380   0.
  2017 352 16  1 13 490 352.667517245       0.29      1.46     -0.69  0.        3286.901       1824.109       6324.093    0.000  -0.138   0.380   0.
  2017 352 16  1 14 490 352.667528819       0.29      1.30     -0.89  0.        3285.932       1825.754       6325.305    0.000  -0.138   0.380   0.
  2017 352 16  1 15 489 352.667540393       0.26      1.13     -0.91  0.        3284.962       1827.398       6326.516    0.000  -0.138   0.380   0.
  2017 352 16  1 16 489 352.667551965       0.22      1.18     -0.68  0.        3283.992       1829.042       6327.727    0.000  -0.138   0.380   0.
  2017 352 16  1 17 489 352.667563539      -0.06      1.07     -0.59  0.        3283.021       1830.687       6328.937    0.000  -0.138   0.380   0.
  2017 352 16  1 18 489 352.667575113      -0.38      1.33     -0.51  0.        3282.051       1832.331       6330.147    0.000  -0.138   0.380   0.
  2017 352 16  1 19 489 352.667586687      -0.23      1.67     -0.56  0.        3281.079       1833.974       6331.356    0.000  -0.138   0.380   0.
  2017 352 16  1 20 489 352.667598261      -0.08      1.41     -0.88  0.        3280.108       1835.618       6332.564    0.000  -0.138   0.380   0.
  2017 352 16  1 21 489 352.667609835      -0.17      1.27     -0.77  0.        3279.136       1837.261       6333.771    0.000  -0.138   0.380   0.
  2017 352 16  1 22 489 352.667621409      -0.12      1.35     -0.69  0.        3278.164       1838.905       6334.978    0.000  -0.138   0.380   0.
  2017 352 16  1 23 489 352.667632983      -0.22      1.38     -0.45  0.        3277.191       1840.548       6336.184    0.000  -0.138   0.380   0.
  2017 352 16  1 24 489 352.667644557      -0.07      1.50     -0.40  0.        3276.218       1842.191       6337.390    0.000  -0.138   0.380   0.
  2017 352 16  1 25 489 352.667656131      -0.35      1.40     -0.48  0.        3275.245       1843.833       6338.595    0.000  -0.138   0.380   0.
  2017 352 16  1 26 489 352.667667705      -0.34      1.53     -0.46  0.        3274.271       1845.476       6339.799    0.000  -0.138   0.380   0.
  2017 352 16  1 27 489 352.667679279      -0.51      1.31     -0.62  0.        3273.297       1847.118       6341.002    0.000  -0.138   0.380   0.
  2017 352 16  1 28 489 352.667690854      -0.36      1.71     -0.35  0.        3272.323       1848.760       6342.205    0.000  -0.138   0.380   0.
  2017 352 16  1 29 489 352.667702428       0.09      1.72     -0.47  0.        3271.348       1850.402       6343.407    0.000  -0.138   0.380   0.
  2017 352 16  1 30 489 352.667714002       0.23      1.52     -0.76  0.        3270.373       1852.043       6344.608    0.000  -0.138   0.380   0.
  2017 352 16  1 31 489 352.667725576      -0.19      1.14     -0.91  0.        3269.398       1853.685       6345.809    0.000  -0.138   0.380   0.
  2017 352 16  1 32 489 352.667737150      -0.70      1.15     -0.79  0.        3268.422       1855.326       6347.009    0.000  -0.138   0.380   0.
  2017 352 16  1 33 489 352.667748724      -0.81      1.49     -0.36  0.        3267.446       1856.967       6348.208    0.000  -0.138   0.380   0.
  2017 352 16  1 34 489 352.667760298      -0.43      1.76     -0.12  0.        3266.470       1858.608       6349.407    0.000  -0.138   0.380   0.
  2017 352 16  1 35 489 352.667771872      -0.24      1.67     -0.17  0.        3265.493       1860.249       6350.605    0.000  -0.138   0.380   0.
  2017 352 16  1 36 489 352.667783446      -0.39      1.84      0.09  0.        3264.516       1861.889       6351.802    0.000  -0.138   0.380   0.
  2017 352 16  1 37 489 352.667795020      -0.35      1.84     -0.11  0.        3263.538       1863.529       6352.999    0.000  -0.138   0.380   0.
  2017 352 16  1 38 489 352.667806594      -0.29      1.64     -0.40  0.        3262.561       1865.169       6354.195    0.000  -0.138   0.380   0.
  2017 352 16  1 39 489 352.667818168      -0.58      1.35     -0.62  0.        3261.583       1866.809       6355.390    0.000  -0.138   0.380   0.
  2017 352 16  1 40 489 352.667829742      -0.91      1.49     -0.34  0.        3260.604       1868.449       6356.585    0.000  -0.138   0.380   0.
  2017 352 16  1 41 489 352.667841317      -0.49      1.45     -0.39  0.        3259.625       1870.088       6357.779    0.000  -0.138   0.380   0.
  2017 352 16  1 42 489 352.667852891      -0.37      1.35     -0.51  0.        3258.646       1871.728       6358.972    0.000  -0.138   0.380   0.
  2017 352 16  1 43 489 352.667864464      -0.22      1.21     -0.72  0.        3257.667       1873.367       6360.164    0.000  -0.138   0.380   0.
  2017 352 16  1 44 489 352.667876036      -0.40      1.24     -0.67  0.        3256.687       1875.006       6361.356    0.000  -0.138   0.380   0.
  2017 352 16  1 45 489 352.667887610      -0.28      1.22     -0.82  0.        3255.706       1876.644       6362.548    0.000  -0.138   0.380   0.
  2017 352 16  1 46 489 352.667899184      -0.72      1.20     -0.95  0.        3254.726       1878.283       6363.738    0.000  -0.138   0.380   0.
  2017 352 16  1 47 489 352.667910758      -0.79      1.45     -0.74  0.        3253.745       1879.921       6364.928    0.000  -0.138   0.380   0.
  2017 352 16  1 48 489 352.667922332      -0.22      1.60     -0.84  0.        3252.764       1881.559       6366.117    0.000  -0.138   0.380   0.
  2017 352 16  1 49 489 352.667933906      -0.22      1.34     -0.78  0.        3251.782       1883.197       6367.306    0.000  -0.138   0.380   0.
  2017 352 16  1 50 489 352.667945480       0.04      1.65     -0.69  0.        3250.800       1884.835       6368.494    0.000  -0.138   0.380   0.
  2017 352 16  1 51 489 352.667957054      -0.08      1.35     -0.90  0.        3249.818       1886.472       6369.681    0.000  -0.138   0.380   0.
  2017 352 16  1 52 489 352.667968628      -0.15      1.34     -0.72  0.        3248.835       1888.110       6370.867    0.000  -0.138   0.380   0.
  2017 352 16  1 53 489 352.667980203      -0.25      1.37     -0.64  0.        3247.852       1889.747       6372.053    0.000  -0.138   0.380   0.
  2017 352 16  1 54 489 352.667991777      -0.13      1.13     -0.91  0.        3246.869       1891.384       6373.238    0.000  -0.138   0.380   0.
  2017 352 16  1 55 489 352.668003351      -0.32      1.20     -0.83  0.        3245.885       1893.020       6374.422    0.000  -0.138   0.380   0.
  2017 352 16  1 56 489 352.668014925      -0.15      1.00     -1.12  0.        3244.901       1894.657       6375.606    0.000  -0.138   0.380   0.
  2017 352 16  1 57 489 352.668026499      -0.45      0.51     -1.05  0.        3243.917       1896.293       6376.790    0.000  -0.138   0.380   0.
  2017 352 16  1 58 489 352.668038073      -0.71      0.73     -0.86  0.        3242.932       1897.929       6377.972    0.000  -0.138   0.380   0.
  2017 352 16  1 59 489 352.668049647      -0.86      0.93     -0.62  0.        3241.947       1899.565       6379.154    0.000  -0.138   0.380   0.
  2017 352 16  2  0 489 352.668061221      -0.35      1.29     -0.38  0.        3240.962       1901.201       6380.335    0.000  -0.138   0.380   0.
  2017 352 16  2  1 489 352.668072795      -0.40      1.22     -0.29  0.        3239.976       1902.836       6381.516    0.000  -0.138   0.380   0.
  2017 352 16  2  2 489 352.668084369      -0.44      1.33     -0.42  0.        3238.990       1904.471       6382.696    0.000  -0.138   0.380   0.
  2017 352 16  2  3 489 352.668095943      -0.59      1.30     -0.43  0.        3238.004       1906.107       6383.875    0.000  -0.138   0.380   0.
  2017 352 16  2  4 489 352.668107517      -0.29      1.93     -0.37  0.        3237.017       1907.741       6385.053    0.000  -0.138   0.380   0.
  2017 352 16  2  5 489 352.668119091      -0.11      1.46     -0.81  0.        3236.030       1909.376       6386.231    0.000  -0.138   0.380   0.
  2017 352 16  2  6 489 352.668130666      -0.55      1.16     -0.45  0.        3235.042       1911.011       6387.408    0.000  -0.138   0.380   0.
  2017 352 16  2  7 489 352.668142240      -0.71      1.22     -0.33  0.        3234.055       1912.645       6388.585    0.000  -0.138   0.380   0.
  2017 352 16  2  8 489 352.668153814      -0.50      1.56     -0.15  0.        3233.067       1914.279       6389.760    0.000  -0.138   0.380   0.
  2017 352 16  2  9 489 352.668165388      -0.37      1.65     -0.28  0.        3232.078       1915.913       6390.935    0.000  -0.138   0.380   0.
  2017 352 16  2 10 489 352.668176962      -0.41      1.43     -0.32  0.        3231.089       1917.547       6392.110    0.000  -0.138   0.380   0.
  2017 352 16  2 11 489 352.668188536      -0.43      1.74     -0.38  0.        3230.100       1919.180       6393.283    0.000  -0.138   0.380   0.
  2017 352 16  2 12 489 352.668200110      -0.52      1.42     -0.73  0.        3229.111       1920.813       6394.457    0.000  -0.138   0.380   0.
  2017 352 16  2 13 489 352.668211684      -0.55      1.56     -0.55  0.        3228.121       1922.446       6395.629    0.000  -0.138   0.380   0.
  2017 352 16  2 14 489 352.668223258      -0.35      1.64     -0.69  0.        3227.131       1924.079       6396.801    0.000  -0.138   0.380   0.
  2017 352 16  2 15 489 352.668234832      -0.30      1.48     -0.70  0.        3226.140       1925.712       6397.972    0.000  -0.138   0.380   0.
  2017 352 16  2 16 489 352.668246403      -0.33      1.48     -0.55  0.        3225.150       1927.345       6399.142    0.000  -0.138   0.380   0.
  2017 352 16  2 17 489 352.668257977      -0.26      1.59     -0.50  0.        3224.159       1928.976       6400.312    0.000  -0.138   0.380   0.
  2017 352 16  2 18 489 352.668269552      -0.12      1.61     -0.87  0.        3223.167       1930.608       6401.481    0.000  -0.138   0.380   0.
  2017 352 16  2 19 489 352.668281126      -0.03      1.44     -0.92  0.        3222.176       1932.241       6402.649    0.000  -0.138   0.380   0.
  2017 352 16  2 20 489 352.668292700      -0.15      1.39     -0.73  0.        3221.183       1933.873       6403.817    0.000  -0.138   0.380   0.
  2017 352 16  2 21 489 352.668304274      -0.22      1.48     -0.62  0.        3220.191       1935.504       6404.984    0.000  -0.138   0.380   0.
  2017 352 16  2 22 489 352.668315848      -0.06      1.49     -0.75  0.        3219.198       1937.135       6406.150    0.000  -0.138   0.380   0.
  2017 352 16  2 23 489 352.668327422      -0.18      1.40     -0.81  0.        3218.205       1938.766       6407.316    0.000  -0.138   0.380   0.
  2017 352 16  2 24 489 352.668338996      -0.13      1.34     -0.70  0.        3217.211       1940.397       6408.481    0.000  -0.138   0.380   0.
  2017 352 16  2 25 489 352.668350570      -0.09      1.38     -0.62  0.        3216.217       1942.028       6409.646    0.000  -0.138   0.380   0.
  2017 352 16  2 26 489 352.668362144      -0.20      1.26     -0.69  0.        3215.223       1943.658       6410.809    0.000  -0.138   0.380   0.
  2017 352 16  2 27 489 352.668373718      -0.02      1.16     -0.75  0.        3214.229       1945.288       6411.972    0.000  -0.138   0.380   0.
  2017 352 16  2 28 489 352.668385292      -0.35      1.07     -0.72  0.        3213.234       1946.919       6413.135    0.000  -0.138   0.380   0.
  2017 352 16  2 29 489 352.668396866      -0.41      1.21     -0.72  0.        3212.239       1948.548       6414.296    0.000  -0.138   0.380   0.
  2017 352 16  2 30 489 352.668408440      -0.15      1.49     -0.49  0.        3211.243       1950.178       6415.457    0.000  -0.138   0.380   0.
  2017 352 16  2 31 489 352.668420014       0.03      1.32     -0.65  0.        3210.247       1951.807       6416.618    0.000  -0.138   0.380   0.
  2017 352 16  2 32 489 352.668431589      -0.08      1.19     -1.00  0.        3209.251       1953.437       6417.777    0.000  -0.138   0.380   0.
  2017 352 16  2 33 489 352.668443163      -0.19      1.17     -0.82  0.        3208.255       1955.066       6418.936    0.000  -0.138   0.380   0.
  2017 352 16  2 34 489 352.668454737      -0.14      1.09     -0.85  0.        3207.258       1956.695       6420.095    0.000  -0.138   0.380   0.
  2017 352 16  2 35 489 352.668466311      -0.36      1.06     -1.07  0.        3206.261       1958.323       6421.253    0.000  -0.138   0.380   0.
  2017 352 16  2 36 489 352.668477885      -0.29      1.19     -1.04  0.        3205.263       1959.952       6422.409    0.000  -0.138   0.380   0.
  2017 352 16  2 37 489 352.668489459      -0.28      1.02     -1.05  0.        3204.265       1961.580       6423.566    0.000  -0.138   0.380   0.
  2017 352 16  2 38 489 352.668501033      -0.54      0.96     -0.95  0.        3203.267       1963.208       6424.721    0.000  -0.138   0.380   0.
  2017 352 16  2 39 489 352.668512607      -0.72      0.91     -1.01  0.        3202.269       1964.836       6425.877    0.000  -0.138   0.380   0.
  2017 352 16  2 40 489 352.668524181      -0.86      1.06     -1.03  0.        3201.270       1966.463       6427.031    0.000  -0.138   0.380   0.
  2017 352 16  2 41 489 352.668535755      -0.86      1.06     -1.05  0.        3200.271       1968.091       6428.185    0.000  -0.138   0.380   0.
  2017 352 16  2 42 489 352.668547329      -1.11      1.12     -0.93  0.        3199.271       1969.718       6429.338    0.000  -0.138   0.380   0.
  2017 352 16  2 43 489 352.668558903      -0.97      1.05     -0.93  0.        3198.271       1971.345       6430.490    0.000  -0.138   0.380   0.
  2017 352 16  2 44 488 352.668570475      -1.13      1.12     -0.70  0.        3197.271       1972.972       6431.642    0.000  -0.138   0.380   0.
  2017 352 16  2 45 488 352.668582049      -0.72      1.48     -0.42  0.        3196.271       1974.598       6432.793    0.000  -0.138   0.380   0.
  2017 352 16  2 46 489 352.668593623      -0.14      1.61     -0.74  0.        3195.270       1976.225       6433.943    0.000  -0.138   0.380   0.
  2017 352 16  2 47 489 352.668605197       0.34      0.87     -1.46  0.        3194.269       1977.851       6435.093    0.000  -0.138   0.380   0.
  2017 352 16  2 48 489 352.668616771      -0.18      0.65     -1.37  0.        3193.267       1979.477       6436.242    0.000  -0.138   0.380   0.
  2017 352 16  2 49 489 352.668628345      -0.54      1.02     -1.02  0.        3192.265       1981.103       6437.390    0.000  -0.138   0.380   0.
  2017 352 16  2 50 489 352.668639919      -0.20      1.47     -0.92  0.        3191.263       1982.728       6438.538    0.000  -0.138   0.380   0.
  2017 352 16  2 51 488 352.668651493      -0.18      1.36     -1.05  0.        3190.261       1984.354       6439.685    0.000  -0.138   0.380   0.
  2017 352 16  2 52 488 352.668663067      -0.35      1.47     -0.70  0.        3189.258       1985.979       6440.831    0.000  -0.138   0.380   0.
  2017 352 16  2 53 488 352.668674641      -0.44      1.30     -0.68  0.        3188.255       1987.604       6441.977    0.000  -0.138   0.380   0.
  2017 352 16  2 54 488 352.668686215      -0.63      1.49     -0.61  0.        3187.251       1989.229       6443.122    0.000  -0.138   0.380   0.
  2017 352 16  2 55 488 352.668697789      -0.53      1.51     -0.54  0.        3186.248       1990.853       6444.266    0.000  -0.138   0.380   0.
  2017 352 16  2 56 489 352.668709363      -0.38      1.34     -0.63  0.        3185.244       1992.478       6445.410    0.000  -0.138   0.380   0.
  2017 352 16  2 57 488 352.668720938      -0.37      1.37     -0.63  0.        3184.239       1994.102       6446.553    0.000  -0.138   0.380   0.
  2017 352 16  2 58 488 352.668732512      -0.12      1.36     -0.64  0.        3183.234       1995.726       6447.695    0.000  -0.138   0.380   0.
  2017 352 16  2 59 488 352.668744086      -0.22      1.31     -0.88  0.        3182.229       1997.349       6448.837    0.000  -0.138   0.380   0.
  2017 352 16  3  0 489 352.668755660      -0.40      1.33     -0.91  0.        3181.224       1998.973       6449.978    0.000  -0.138   0.380   0.
  2017 352 16  3  1 489 352.668767234      -0.41      1.30     -0.76  0.        3180.218       2000.596       6451.119    0.000  -0.138   0.380   0.
  2017 352 16  3  2 489 352.668778808      -0.36      1.32     -0.72  0.        3179.212       2002.219       6452.258    0.000  -0.138   0.380   0.
  2017 352 16  3  3 489 352.668790382      -0.44      1.42     -0.62  0.        3178.206       2003.842       6453.397    0.000  -0.138   0.380   0.
  2017 352 16  3  4 488 352.668801956      -0.40      1.49     -0.43  0.        3177.199       2005.465       6454.536    0.000  -0.138   0.380   0.
  2017 352 16  3  5 488 352.668813530      -0.26      1.64     -0.41  0.        3176.192       2007.088       6455.673    0.000  -0.138   0.380   0.
  2017 352 16  3  6 488 352.668825104      -0.09      1.53     -0.62  0.        3175.185       2008.710       6456.810    0.000  -0.138   0.380   0.
  2017 352 16  3  7 488 352.668836678      -0.25      1.29     -0.68  0.        3174.177       2010.332       6457.947    0.000  -0.138   0.380   0.
  2017 352 16  3  8 488 352.668848252      -0.55      1.17     -0.51  0.        3173.169       2011.954       6459.083    0.000  -0.138   0.380   0.
  2017 352 16  3  9 489 352.668859826      -0.12      1.55     -0.41  0.        3172.160       2013.576       6460.218    0.000  -0.138   0.380   0.
  2017 352 16  3 10 489 352.668871400       0.09      1.59     -0.58  0.        3171.152       2015.197       6461.352    0.000  -0.138   0.380   0.
  2017 352 16  3 11 488 352.668882975      -0.18      1.24     -0.94  0.        3170.143       2016.818       6462.486    0.000  -0.138   0.380   0.
  2017 352 16  3 12 488 352.668894549      -0.54      1.32     -0.75  0.        3169.133       2018.439       6463.619    0.000  -0.138   0.380   0.
  2017 352 16  3 13 489 352.668906122      -0.63      1.57     -0.51  0.        3168.124       2020.060       6464.751    0.000  -0.138   0.380   0.
  2017 352 16  3 14 488 352.668917694      -0.22      1.43     -0.86  0.        3167.114       2021.681       6465.883    0.000  -0.138   0.380   0.
  2017 352 16  3 15 488 352.668929268      -0.44      1.48     -0.62  0.        3166.104       2023.301       6467.014    0.000  -0.138   0.380   0.
  2017 352 16  3 16 488 352.668940842      -0.30      1.41     -0.49  0.        3165.093       2024.922       6468.145    0.000  -0.138   0.380   0.
  2017 352 16  3 17 488 352.668952416      -0.52      1.35     -0.38  0.        3164.082       2026.542       6469.275    0.000  -0.138   0.380   0.
  2017 352 16  3 18 488 352.668963990      -0.35      1.84     -0.19  0.        3163.071       2028.162       6470.404    0.000  -0.138   0.380   0.
  2017 352 16  3 19 488 352.668975564       0.26      1.80     -0.30  0.        3162.059       2029.781       6471.532    0.000  -0.138   0.380   0.
  2017 352 16  3 20 488 352.668987138       0.06      1.39     -0.56  0.        3161.047       2031.400       6472.660    0.000  -0.138   0.380   0.
  2017 352 16  3 21 488 352.668998712      -0.30      1.16     -0.72  0.        3160.035       2033.020       6473.787    0.000  -0.138   0.380   0.
  2017 352 16  3 22 488 352.669010286      -0.28      1.47     -0.61  0.        3159.022       2034.639       6474.914    0.000  -0.138   0.380   0.
  2017 352 16  3 23 488 352.669021861      -0.40      1.14     -0.74  0.        3158.010       2036.258       6476.039    0.000  -0.138   0.380   0.
  2017 352 16  3 24 488 352.669033435      -0.54      1.19     -0.71  0.        3156.996       2037.876       6477.165    0.000  -0.138   0.380   0.
  2017 352 16  3 25 488 352.669045009      -0.46      1.53     -0.56  0.        3155.983       2039.495       6478.289    0.000  -0.138   0.380   0.
  2017 352 16  3 26 488 352.669056583      -0.51      1.42     -0.71  0.        3154.969       2041.113       6479.413    0.000  -0.138   0.380   0.
  2017 352 16  3 27 488 352.669068157      -0.60      1.20     -0.78  0.        3153.955       2042.731       6480.536    0.000  -0.138   0.380   0.
  2017 352 16  3 28 488 352.669079731      -0.76      1.27     -0.49  0.        3152.940       2044.348       6481.659    0.000  -0.138   0.380   0.
  2017 352 16  3 29 488 352.669091305      -0.61      1.26     -0.52  0.        3151.926       2045.966       6482.781    0.000  -0.138   0.380   0.
  2017 352 16  3 30 488 352.669102879      -0.73      1.24     -0.54  0.        3150.910       2047.583       6483.902    0.000  -0.138   0.380   0.
  2017 352 16  3 31 488 352.669114453      -0.69      1.27     -0.56  0.        3149.895       2049.200       6485.023    0.000  -0.138   0.380   0.
  2017 352 16  3 32 488 352.669126027      -0.85      1.20     -0.46  0.        3148.879       2050.817       6486.142    0.000  -0.138   0.380   0.
  2017 352 16  3 33 488 352.669137601      -0.83      1.36     -0.36  0.        3147.863       2052.434       6487.261    0.000  -0.138   0.380   0.
  2017 352 16  3 34 488 352.669149175      -0.54      1.43     -0.40  0.        3146.847       2054.051       6488.380    0.000  -0.138   0.380   0.
  2017 352 16  3 35 488 352.669160749      -0.56      1.33     -0.60  0.        3145.830       2055.667       6489.498    0.000  -0.138   0.380   0.
  2017 352 16  3 36 488 352.669172323      -0.40      1.52     -0.53  0.        3144.813       2057.283       6490.615    0.000  -0.138   0.380   0.
  2017 352 16  3 37 488 352.669183898      -0.26      1.70     -0.64  0.        3143.796       2058.899       6491.732    0.000  -0.138   0.380   0.
  2017 352 16  3 38 488 352.669195472      -0.14      1.49     -1.08  0.        3142.778       2060.515       6492.848    0.000  -0.138   0.380   0.
  2017 352 16  3 39 488 352.669207046      -0.24      1.03     -1.23  0.        3141.760       2062.130       6493.963    0.000  -0.138   0.380   0.
  2017 352 16  3 40 488 352.669218620      -0.51      1.09     -0.76  0.        3140.742       2063.745       6495.078    0.000  -0.138   0.380   0.
  2017 352 16  3 41 488 352.669230194      -0.48      1.20     -0.59  0.        3139.723       2065.360       6496.192    0.000  -0.138   0.380   0.
  2017 352 16  3 42 488 352.669241765      -0.65      1.20     -0.58  0.        3138.704       2066.975       6497.305    0.000  -0.138   0.380   0.
  2017 352 16  3 43 488 352.669253339      -0.75      1.32     -0.52  0.        3137.685       2068.590       6498.417    0.000  -0.138   0.380   0.
  2017 352 16  3 44 488 352.669264913      -0.28      1.65     -0.39  0.        3136.665       2070.204       6499.529    0.000  -0.138   0.380   0.
  2017 352 16  3 45 488 352.669276487      -0.10      1.47     -0.69  0.        3135.645       2071.819       6500.641    0.000  -0.138   0.380   0.
  2017 352 16  3 46 488 352.669288061      -0.47      1.31     -0.84  0.        3134.625       2073.433       6501.752    0.000  -0.138   0.380   0.
  2017 352 16  3 47 488 352.669299635      -0.06      1.59     -0.74  0.        3133.605       2075.046       6502.862    0.000  -0.138   0.380   0.
  2017 352 16  3 48 488 352.669311209       0.06      1.46     -0.72  0.        3132.584       2076.660       6503.971    0.000  -0.138   0.380   0.
  2017 352 16  3 49 488 352.669322784      -0.20      1.32     -0.57  0.        3131.563       2078.273       6505.080    0.000  -0.138   0.380   0.
  2017 352 16  3 50 488 352.669334358      -0.37      1.60     -0.29  0.        3130.541       2079.886       6506.188    0.000  -0.138   0.380   0.
  2017 352 16  3 51 488 352.669345932      -0.03      1.40     -0.60  0.        3129.519       2081.499       6507.295    0.000  -0.138   0.380   0.
  2017 352 16  3 52 488 352.669357506      -0.41      1.12     -0.73  0.        3128.497       2083.112       6508.402    0.000  -0.138   0.380   0.
  2017 352 16  3 53 488 352.669369080      -0.71      0.83     -0.70  0.        3127.475       2084.725       6509.508    0.000  -0.138   0.380   0.
  2017 352 16  3 54 488 352.669380654      -0.92      1.15     -0.43  0.        3126.452       2086.337       6510.613    0.000  -0.138   0.380   0.
  2017 352 16  3 55 488 352.669392228      -0.84      1.71     -0.12  0.        3125.429       2087.949       6511.718    0.000  -0.138   0.380   0.
  2017 352 16  3 56 488 352.669403802      -0.43      1.55     -0.59  0.        3124.406       2089.561       6512.822    0.000  -0.138   0.380   0.
  2017 352 16  3 57 488 352.669415376      -0.80      1.59     -0.51  0.        3123.382       2091.173       6513.926    0.000  -0.138   0.380   0.
  2017 352 16  3 58 488 352.669426950      -0.63      1.99     -0.51  0.        3122.358       2092.784       6515.028    0.000  -0.138   0.380   0.
  2017 352 16  3 59 488 352.669438524      -0.46      1.83     -0.54  0.        3121.334       2094.396       6516.131    0.000  -0.138   0.380   0.
  2017 352 16  4  0 488 352.669450098      -0.17      1.79     -0.38  0.        3120.309       2096.007       6517.232    0.000  -0.138   0.380   0.
  2017 352 16  4  1 488 352.669461673      -0.14      1.66     -0.38  0.        3119.284       2097.618       6518.333    0.000  -0.138   0.380   0.
  2017 352 16  4  2 488 352.669473247      -0.46      1.79     -0.35  0.        3118.259       2099.228       6519.433    0.000  -0.138   0.380   0.
  2017 352 16  4  3 488 352.669484821      -0.15      2.14     -0.30  0.        3117.233       2100.839       6520.533    0.000  -0.138   0.380   0.
  2017 352 16  4  4 488 352.669496395       0.15      1.86     -0.62  0.        3116.207       2102.449       6521.632    0.000  -0.138   0.380   0.
  2017 352 16  4  5 488 352.669507969      -0.12      1.30     -0.82  0.        3115.181       2104.059       6522.730    0.000  -0.138   0.380   0.
  2017 352 16  4  6 488 352.669519543      -0.43      1.31     -0.60  0.        3114.155       2105.669       6523.827    0.000  -0.138   0.380   0.
  2017 352 16  4  7 488 352.669531117      -0.42      1.54     -0.29  0.        3113.128       2107.278       6524.924    0.000  -0.138   0.380   0.
  2017 352 16  4  8 488 352.669542691      -0.32      1.65     -0.20  0.        3112.101       2108.888       6526.020    0.000  -0.138   0.380   0.
  2017 352 16  4  9 488 352.669554265      -0.31      1.83     -0.04  0.        3111.073       2110.497       6527.116    0.000  -0.138   0.380   0.
  2017 352 16  4 10 488 352.669565839       0.01      2.02     -0.04  0.        3110.045       2112.106       6528.211    0.000  -0.138   0.380   0.
  2017 352 16  4 11 488 352.669577413       0.14      2.02     -0.16  0.        3109.017       2113.715       6529.305    0.000  -0.138   0.380   0.
  2017 352 16  4 12 488 352.669588984       0.21      1.83     -0.32  0.        3107.989       2115.323       6530.399    0.000  -0.138   0.380   0.
  2017 352 16  4 13 488 352.669600558       0.11      1.60     -0.50  0.        3106.960       2116.932       6531.492    0.000  -0.138   0.380   0.
  2017 352 16  4 14 488 352.669612133      -0.12      1.56     -0.73  0.        3105.931       2118.540       6532.584    0.000  -0.138   0.380   0.
  2017 352 16  4 15 488 352.669623707      -0.34      1.46     -0.79  0.        3104.902       2120.148       6533.676    0.000  -0.138   0.380   0.
  2017 352 16  4 16 488 352.669635281      -0.81      1.25     -0.56  0.        3103.872       2121.755       6534.767    0.000  -0.138   0.380   0.
  2017 352 16  4 17 488 352.669646855      -0.52      1.75     -0.06  0.        3102.842       2123.363       6535.857    0.000  -0.138   0.380   0.
  2017 352 16  4 18 488 352.669658429      -0.14      1.77     -0.09  0.        3101.812       2124.970       6536.947    0.000  -0.138   0.380   0.
  2017 352 16  4 19 488 352.669670003      -0.09      1.89     -0.12  0.        3100.782       2126.577       6538.036    0.000  -0.138   0.380   0.
  2017 352 16  4 20 488 352.669681577       0.29      2.24     -0.09  0.        3099.751       2128.184       6539.125    0.000  -0.138   0.380   0.
  2017 352 16  4 21 488 352.669693151       1.08      2.06     -0.51  0.        3098.720       2129.791       6540.212    0.000  -0.138   0.380   0.
  2017 352 16  4 22 488 352.669704725       0.84      1.29     -1.01  0.        3097.688       2131.397       6541.300    0.000  -0.138   0.380   0.
  2017 352 16  4 23 488 352.669716299       0.50      1.09     -1.02  0.        3096.657       2133.003       6542.386    0.000  -0.138   0.380   0.
  2017 352 16  4 24 488 352.669727873       0.25      1.22     -0.97  0.        3095.624       2134.609       6543.472    0.000  -0.138   0.380   0.
  2017 352 16  4 25 488 352.669739447       0.15      1.06     -1.07  0.        3094.592       2136.215       6544.557    0.000  -0.138   0.380   0.
  2017 352 16  4 26 488 352.669751021      -0.13      1.28     -0.87  0.        3093.559       2137.821       6545.642    0.000  -0.138   0.380   0.
  2017 352 16  4 27 488 352.669762596      -0.29      1.08     -1.01  0.        3092.526       2139.426       6546.725    0.000  -0.138   0.380   0.
  2017 352 16  4 28 488 352.669774170       0.04      1.19     -0.97  0.        3091.493       2141.031       6547.809    0.000  -0.138   0.380   0.
  2017 352 16  4 29 488 352.669785744      -0.07      1.00     -0.92  0.        3090.459       2142.636       6548.891    0.000  -0.138   0.380   0.
  2017 352 16  4 30 488 352.669797318      -0.23      1.06     -0.78  0.        3089.425       2144.241       6549.973    0.000  -0.138   0.380   0.
  2017 352 16  4 31 488 352.669808892      -0.55      1.14     -0.62  0.        3088.391       2145.845       6551.054    0.000  -0.138   0.380   0.
  2017 352 16  4 32 488 352.669820466      -0.38      1.39     -0.43  0.        3087.357       2147.450       6552.135    0.000  -0.138   0.380   0.
  2017 352 16  4 33 488 352.669832040      -0.10      1.23     -0.61  0.        3086.322       2149.054       6553.215    0.000  -0.138   0.380   0.
  2017 352 16  4 34 488 352.669843614      -0.29      1.06     -0.62  0.        3085.287       2150.658       6554.294    0.000  -0.138   0.380   0.
  2017 352 16  4 35 488 352.669855188      -0.40      1.05     -0.55  0.        3084.251       2152.262       6555.373    0.000  -0.138   0.380   0.
  2017 352 16  4 36 488 352.669866762      -0.55      1.27     -0.42  0.        3083.215       2153.865       6556.451    0.000  -0.138   0.380   0.
  2017 352 16  4 37 488 352.669878336      -0.51      1.46     -0.32  0.        3082.179       2155.468       6557.528    0.000  -0.138   0.380   0.
  2017 352 16  4 38 488 352.669889910      -0.47      1.46     -0.48  0.        3081.143       2157.071       6558.605    0.000  -0.138   0.380   0.
  2017 352 16  4 39 488 352.669901484      -0.27      1.42     -0.44  0.        3080.106       2158.674       6559.681    0.000  -0.138   0.380   0.
  2017 352 16  4 40 487 352.669913056      -0.53      1.30     -0.46  0.        3079.069       2160.277       6560.756    0.000  -0.138   0.380   0.
  2017 352 16  4 41 487 352.669924630      -0.71      1.42     -0.31  0.        3078.032       2161.879       6561.831    0.000  -0.138   0.380   0.
  2017 352 16  4 42 488 352.669936204      -0.52      1.56     -0.45  0.        3076.995       2163.481       6562.905    0.000  -0.138   0.380   0.
  2017 352 16  4 43 488 352.669947778      -0.37      1.40     -0.58  0.        3075.957       2165.083       6563.979    0.000  -0.138   0.380   0.
  2017 352 16  4 44 488 352.669959352      -0.28      1.36     -0.61  0.        3074.918       2166.685       6565.052    0.000  -0.138   0.380   0.
  2017 352 16  4 45 488 352.669970926      -0.14      1.31     -0.55  0.        3073.880       2168.287       6566.124    0.000  -0.138   0.380   0.
  2017 352 16  4 46 488 352.669982500       0.12      1.36     -0.38  0.        3072.841       2169.888       6567.195    0.000  -0.138   0.380   0.
  2017 352 16  4 47 487 352.669994074       0.14      1.25     -0.48  0.        3071.802       2171.489       6568.266    0.000  -0.138   0.380   0.
  2017 352 16  4 48 487 352.670005648      -0.01      1.05     -0.67  0.        3070.763       2173.090       6569.336    0.000  -0.138   0.380   0.
  2017 352 16  4 49 487 352.670017222      -0.18      1.25     -0.57  0.        3069.723       2174.691       6570.406    0.000  -0.138   0.380   0.
  2017 352 16  4 50 487 352.670028796      -0.16      1.48     -0.54  0.        3068.683       2176.291       6571.475    0.000  -0.138   0.380   0.
  2017 352 16  4 51 488 352.670040370       0.17      1.54     -0.27  0.        3067.643       2177.891       6572.543    0.000  -0.138   0.380   0.
  2017 352 16  4 52 488 352.670051944       0.25      1.47     -0.33  0.        3066.602       2179.491       6573.611    0.000  -0.138   0.380   0.
  2017 352 16  4 53 487 352.670063519       0.02      1.34     -0.61  0.        3065.561       2181.091       6574.678    0.000  -0.138   0.380   0.
  2017 352 16  4 54 487 352.670075093      -0.40      1.36     -0.47  0.        3064.520       2182.691       6575.744    0.000  -0.138   0.380   0.
  2017 352 16  4 55 488 352.670086667      -0.42      1.32     -0.61  0.        3063.478       2184.290       6576.810    0.000  -0.138   0.380   0.
  2017 352 16  4 56 488 352.670098241      -0.67      1.38     -0.48  0.        3062.436       2185.889       6577.875    0.000  -0.138   0.380   0.
  2017 352 16  4 57 488 352.670109815      -0.43      1.59     -0.38  0.        3061.394       2187.488       6578.939    0.000  -0.138   0.380   0.
  2017 352 16  4 58 488 352.670121389      -0.37      1.37     -0.81  0.        3060.352       2189.087       6580.003    0.000  -0.138   0.380   0.
  2017 352 16  4 59 488 352.670132963      -0.52      1.29     -0.78  0.        3059.309       2190.686       6581.066    0.000  -0.138   0.380   0.
  2017 352 16  5  0 487 352.670144537      -0.47      1.19     -0.68  0.        3058.266       2192.284       6582.129    0.000  -0.138   0.380   0.
  2017 352 16  5  1 487 352.670156111      -0.50      1.10     -0.77  0.        3057.223       2193.882       6583.190    0.000  -0.138   0.380   0.
  2017 352 16  5  2 487 352.670167685      -0.60      1.23     -0.56  0.        3056.179       2195.480       6584.252    0.000  -0.138   0.380   0.
  2017 352 16  5  3 487 352.670179259      -0.39      1.38     -0.52  0.        3055.135       2197.078       6585.312    0.000  -0.138   0.380   0.
  2017 352 16  5  4 487 352.670190833      -0.15      1.31     -0.73  0.        3054.091       2198.675       6586.372    0.000  -0.138   0.380   0.
  2017 352 16  5  5 488 352.670202407      -0.20      1.26     -0.66  0.        3053.047       2200.272       6587.431    0.000  -0.138   0.380   0.
  2017 352 16  5  6 488 352.670213982      -0.16      1.20     -0.69  0.        3052.002       2201.869       6588.490    0.000  -0.138   0.380   0.
  2017 352 16  5  7 487 352.670225556      -0.15      1.24     -0.78  0.        3050.957       2203.466       6589.548    0.000  -0.138   0.380   0.
  2017 352 16  5  8 487 352.670237130      -0.26      1.14     -0.76  0.        3049.911       2205.063       6590.605    0.000  -0.138   0.380   0.
  2017 352 16  5  9 488 352.670248703      -0.59      1.05     -0.79  0.        3048.865       2206.659       6591.662    0.000  -0.138   0.380   0.
  2017 352 16  5 10 487 352.670260275      -0.63      1.18     -0.81  0.        3047.819       2208.256       6592.718    0.000  -0.138   0.380   0.
  2017 352 16  5 11 487 352.670271849      -0.71      1.10     -0.69  0.        3046.773       2209.851       6593.773    0.000  -0.138   0.380   0.
  2017 352 16  5 12 487 352.670283423      -0.52      1.48     -0.32  0.        3045.726       2211.447       6594.828    0.000  -0.138   0.380   0.
  2017 352 16  5 13 487 352.670294997      -0.39      1.44     -0.46  0.        3044.680       2213.043       6595.882    0.000  -0.138   0.380   0.
  2017 352 16  5 14 487 352.670306571      -0.33      1.34     -0.78  0.        3043.632       2214.638       6596.935    0.000  -0.138   0.380   0.
  2017 352 16  5 15 487 352.670318145      -0.77      1.10     -0.74  0.        3042.585       2216.233       6597.988    0.000  -0.138   0.380   0.
  2017 352 16  5 16 487 352.670329719      -0.57      1.51     -0.42  0.        3041.537       2217.828       6599.040    0.000  -0.138   0.380   0.
  2017 352 16  5 17 487 352.670341293      -0.83      1.43     -0.05  0.        3040.489       2219.423       6600.092    0.000  -0.138   0.380   0.
  2017 352 16  5 18 487 352.670352867      -0.59      1.79      0.39  0.        3039.441       2221.017       6601.143    0.000  -0.138   0.380   0.
  2017 352 16  5 19 487 352.670364442      -0.35      1.51      0.05  0.        3038.392       2222.611       6602.193    0.000  -0.138   0.380   0.
  2017 352 16  5 20 487 352.670376016      -0.36      1.34     -0.21  0.        3037.343       2224.205       6603.242    0.000  -0.138   0.380   0.
  2017 352 16  5 21 487 352.670387590      -0.44      1.47     -0.53  0.        3036.294       2225.799       6604.291    0.000  -0.138   0.380   0.
  2017 352 16  5 22 487 352.670399164      -0.47      1.35     -0.87  0.        3035.244       2227.393       6605.340    0.000  -0.138   0.380   0.
  2017 352 16  5 23 487 352.670410738      -0.23      1.49     -1.01  0.        3034.194       2228.986       6606.387    0.000  -0.138   0.380   0.
  2017 352 16  5 24 487 352.670422312      -0.32      1.27     -1.06  0.        3033.144       2230.579       6607.434    0.000  -0.138   0.380   0.
  2017 352 16  5 25 487 352.670433886      -0.32      1.38     -0.64  0.        3032.094       2232.172       6608.480    0.000  -0.138   0.380   0.
  2017 352 16  5 26 487 352.670445460      -0.38      1.20     -0.71  0.        3031.043       2233.765       6609.526    0.000  -0.138   0.380   0.
  2017 352 16  5 27 487 352.670457034      -0.53      1.01     -0.88  0.        3029.992       2235.357       6610.571    0.000  -0.138   0.380   0.
  2017 352 16  5 28 487 352.670468608      -0.46      1.16     -0.74  0.        3028.940       2236.950       6611.616    0.000  -0.138   0.380   0.
  2017 352 16  5 29 487 352.670480182      -0.09      1.49     -0.54  0.        3027.889       2238.542       6612.659    0.000  -0.138   0.380   0.
  2017 352 16  5 30 487 352.670491756       0.10      1.53     -0.55  0.        3026.837       2240.134       6613.703    0.000  -0.138   0.380   0.
  2017 352 16  5 31 487 352.670503330       0.14      1.35     -0.60  0.        3025.785       2241.725       6614.745    0.000  -0.138   0.380   0.
  2017 352 16  5 32 487 352.670514905       0.01      1.33     -0.63  0.        3024.732       2243.317       6615.787    0.000  -0.138   0.380   0.
  2017 352 16  5 33 487 352.670526479       0.05      1.34     -0.63  0.        3023.679       2244.908       6616.828    0.000  -0.138   0.380   0.
  2017 352 16  5 34 487 352.670538053       0.07      1.20     -0.83  0.        3022.626       2246.499       6617.869    0.000  -0.138   0.380   0.
  2017 352 16  5 35 487 352.670549627      -0.10      1.16     -0.80  0.        3021.573       2248.090       6618.909    0.000  -0.138   0.380   0.
  2017 352 16  5 36 487 352.670561201      -0.20      1.15     -0.73  0.        3020.519       2249.680       6619.948    0.000  -0.138   0.380   0.
  2017 352 16  5 37 487 352.670572775      -0.57      1.22     -0.51  0.        3019.465       2251.271       6620.987    0.000  -0.138   0.380   0.
  2017 352 16  5 38 487 352.670584346      -0.39      1.54     -0.51  0.        3018.411       2252.861       6622.025    0.000  -0.138   0.380   0.
  2017 352 16  5 39 487 352.670595920      -0.29      1.41     -0.63  0.        3017.356       2254.451       6623.062    0.000  -0.138   0.380   0.
  2017 352 16  5 40 487 352.670607494      -0.37      1.51     -0.63  0.        3016.301       2256.040       6624.099    0.000  -0.138   0.380   0.
  2017 352 16  5 41 487 352.670619068      -0.09      1.61     -0.49  0.        3015.246       2257.630       6625.135    0.000  -0.138   0.380   0.
  2017 352 16  5 42 487 352.670630642      -0.07      1.44     -0.73  0.        3014.191       2259.219       6626.170    0.000  -0.138   0.380   0.
  2017 352 16  5 43 487 352.670642216      -0.26      1.25     -0.99  0.        3013.136       2260.808       6627.205    0.000  -0.138   0.380   0.
  2017 352 16  5 44 487 352.670653790      -0.58      1.16     -0.84  0.        3012.080       2262.397       6628.239    0.000  -0.138   0.380   0.
  2017 352 16  5 45 487 352.670665365      -0.81      1.34     -0.56  0.        3011.023       2263.985       6629.273    0.000  -0.138   0.380   0.
  2017 352 16  5 46 487 352.670676939      -0.59      1.48     -0.39  0.        3009.966       2265.574       6630.306    0.000  -0.138   0.380   0.
  2017 352 16  5 47 487 352.670688513      -0.34      1.49     -0.23  0.        3008.909       2267.162       6631.338    0.000  -0.138   0.380   0.
  2017 352 16  5 48 487 352.670700087      -0.24      1.30     -0.38  0.        3007.852       2268.750       6632.369    0.000  -0.138   0.380   0.
  2017 352 16  5 49 487 352.670711661      -0.04      1.28     -0.47  0.        3006.795       2270.338       6633.400    0.000  -0.138   0.380   0.
  2017 352 16  5 50 487 352.670723235       0.21      1.19     -0.75  0.        3005.737       2271.925       6634.431    0.000  -0.138   0.380   0.
  2017 352 16  5 51 487 352.670734809      -0.10      0.87     -1.05  0.        3004.679       2273.512       6635.460    0.000  -0.138   0.380   0.
  2017 352 16  5 52 487 352.670746383      -0.28      0.94     -0.87  0.        3003.621       2275.099       6636.489    0.000  -0.138   0.380   0.
  2017 352 16  5 53 487 352.670757957      -0.35      0.98     -0.86  0.        3002.562       2276.686       6637.518    0.000  -0.138   0.380   0.
  2017 352 16  5 54 487 352.670769531      -0.51      1.07     -1.03  0.        3001.503       2278.273       6638.546    0.000  -0.138   0.380   0.
  2017 352 16  5 55 487 352.670781105      -0.53      0.94     -0.86  0.        3000.444       2279.859       6639.573    0.000  -0.138   0.380   0.
  2017 352 16  5 56 487 352.670792679      -0.77      1.01     -0.50  0.        2999.384       2281.446       6640.599    0.000  -0.138   0.380   0.
  2017 352 16  5 57 487 352.670804254      -0.44      1.56     -0.42  0.        2998.324       2283.032       6641.625    0.000  -0.138   0.380   0.
  2017 352 16  5 58 487 352.670815828      -0.23      1.53     -0.71  0.        2997.264       2284.617       6642.650    0.000  -0.138   0.380   0.
  2017 352 16  5 59 487 352.670827402      -0.20      1.30     -0.77  0.        2996.204       2286.203       6643.675    0.000  -0.138   0.380   0.
  2017 352 16  6  0 487 352.670838976      -0.23      1.38     -0.74  0.        2995.144       2287.788       6644.699    0.000  -0.138   0.380   0.
  2017 352 16  6  1 487 352.670850550      -0.26      1.41     -0.52  0.        2994.083       2289.373       6645.722    0.000  -0.138   0.380   0.
  2017 352 16  6  2 487 352.670862124      -0.39      1.41     -0.61  0.        2993.021       2290.958       6646.745    0.000  -0.138   0.380   0.
  2017 352 16  6  3 487 352.670873698      -0.58      1.35     -0.63  0.        2991.960       2292.543       6647.767    0.000  -0.138   0.380   0.
  2017 352 16  6  4 487 352.670885272      -0.56      1.45     -0.64  0.        2990.898       2294.127       6648.788    0.000  -0.138   0.380   0.
  2017 352 16  6  5 487 352.670896846      -0.56      1.38     -0.68  0.        2989.836       2295.712       6649.809    0.000  -0.138   0.380   0.
  2017 352 16  6  6 487 352.670908420      -0.58      1.58     -0.40  0.        2988.774       2297.296       6650.829    0.000  -0.138   0.380   0.
  2017 352 16  6  7 487 352.670919994      -0.24      1.77     -0.34  0.        2987.711       2298.879       6651.848    0.000  -0.138   0.380   0.
  2017 352 16  6  8 487 352.670931565       0.16      1.58     -0.60  0.        2986.648       2300.463       6652.867    0.000  -0.138   0.380   0.
  2017 352 16  6  9 487 352.670943139       0.07      1.18     -0.82  0.        2985.585       2302.046       6653.885    0.000  -0.138   0.380   0.
  2017 352 16  6 10 487 352.670954714      -0.34      0.90     -0.81  0.        2984.521       2303.629       6654.903    0.000  -0.138   0.380   0.
  2017 352 16  6 11 487 352.670966288      -0.84      1.28     -0.52  0.        2983.458       2305.212       6655.920    0.000  -0.138   0.380   0.
  2017 352 16  6 12 487 352.670977862      -0.24      1.56     -0.31  0.        2982.393       2306.795       6656.936    0.000  -0.138   0.380   0.
  2017 352 16  6 13 487 352.670989436      -0.10      1.32     -0.45  0.        2981.329       2308.377       6657.952    0.000  -0.138   0.380   0.
  2017 352 16  6 14 487 352.671001010      -0.20      1.20     -0.41  0.        2980.264       2309.959       6658.967    0.000  -0.138   0.380   0.
  2017 352 16  6 15 487 352.671012584      -0.47      1.23     -0.16  0.        2979.199       2311.542       6659.981    0.000  -0.138   0.380   0.
  2017 352 16  6 16 487 352.671024158      -0.46      1.44     -0.24  0.        2978.134       2313.123       6660.995    0.000  -0.138   0.380   0.
  2017 352 16  6 17 487 352.671035732      -0.45      1.54     -0.26  0.        2977.069       2314.705       6662.008    0.000  -0.138   0.380   0.
  2017 352 16  6 18 487 352.671047306      -0.58      1.59     -0.44  0.        2976.003       2316.286       6663.021    0.000  -0.138   0.380   0.
  2017 352 16  6 19 487 352.671058880      -0.50      1.51     -0.34  0.        2974.937       2317.867       6664.033    0.000  -0.138   0.380   0.
  2017 352 16  6 20 487 352.671070454      -0.51      1.45     -0.22  0.        2973.871       2319.448       6665.044    0.000  -0.138   0.380   0.
  2017 352 16  6 21 487 352.671082028      -0.45      1.47     -0.20  0.        2972.804       2321.029       6666.054    0.000  -0.138   0.380   0.
  2017 352 16  6 22 487 352.671093602      -0.36      1.42     -0.26  0.        2971.737       2322.609       6667.064    0.000  -0.138   0.380   0.
  2017 352 16  6 23 487 352.671105177      -0.41      1.47     -0.31  0.        2970.670       2324.190       6668.074    0.000  -0.138   0.380   0.
  2017 352 16  6 24 487 352.671116751      -0.22      1.42     -0.54  0.        2969.602       2325.770       6669.082    0.000  -0.138   0.380   0.
  2017 352 16  6 25 487 352.671128325      -0.31      1.33     -0.52  0.        2968.535       2327.350       6670.090    0.000  -0.138   0.380   0.
  2017 352 16  6 26 487 352.671139899      -0.43      1.38     -0.27  0.        2967.467       2328.929       6671.098    0.000  -0.138   0.380   0.
  2017 352 16  6 27 487 352.671151473      -0.48      1.46     -0.01  0.        2966.398       2330.509       6672.104    0.000  -0.138   0.380   0.
  2017 352 16  6 28 487 352.671163047      -0.48      1.46      0.10  0.        2965.330       2332.088       6673.111    0.000  -0.138   0.380   0.
  2017 352 16  6 29 487 352.671174621      -0.43      1.30     -0.20  0.        2964.261       2333.667       6674.116    0.000  -0.138   0.380   0.
  2017 352 16  6 30 487 352.671186195      -0.48      1.24     -0.45  0.        2963.192       2335.245       6675.121    0.000  -0.138   0.380   0.
  2017 352 16  6 31 487 352.671197769      -0.61      1.26     -0.41  0.        2962.122       2336.824       6676.125    0.000  -0.138   0.380   0.
  2017 352 16  6 32 487 352.671209343      -0.60      1.66      0.04  0.        2961.052       2338.402       6677.129    0.000  -0.138   0.380   0.
  2017 352 16  6 33 487 352.671220917      -0.19      1.80      0.17  0.        2959.982       2339.980       6678.132    0.000  -0.138   0.380   0.
  2017 352 16  6 34 487 352.671232491      -0.31      1.60     -0.21  0.        2958.912       2341.558       6679.134    0.000  -0.138   0.380   0.
  2017 352 16  6 35 487 352.671244065      -0.39      1.66     -0.04  0.        2957.841       2343.136       6680.136    0.000  -0.138   0.380   0.
  2017 352 16  6 36 486 352.671255637      -0.60      1.57     -0.05  0.        2956.771       2344.713       6681.137    0.000  -0.138   0.380   0.
  2017 352 16  6 37 487 352.671267211      -0.60      1.51     -0.16  0.        2955.699       2346.290       6682.137    0.000  -0.138   0.380   0.
  2017 352 16  6 38 487 352.671278785      -0.54      1.33     -0.37  0.        2954.628       2347.867       6683.137    0.000  -0.138   0.380   0.
  2017 352 16  6 39 487 352.671290359      -0.54      1.25     -0.37  0.        2953.557       2349.444       6684.136    0.000  -0.138   0.380   0.
  2017 352 16  6 40 487 352.671301933      -0.41      1.30     -0.29  0.        2952.485       2351.020       6685.135    0.000  -0.138   0.380   0.
  2017 352 16  6 41 487 352.671313507      -0.51      1.22     -0.53  0.        2951.412       2352.596       6686.133    0.000  -0.138   0.380   0.
  2017 352 16  6 42 486 352.671325081      -0.33      1.42     -0.51  0.        2950.340       2354.173       6687.130    0.000  -0.138   0.380   0.
  2017 352 16  6 43 486 352.671336655      -0.34      1.40     -0.53  0.        2949.267       2355.748       6688.126    0.000  -0.138   0.380   0.
  2017 352 16  6 44 486 352.671348229      -0.39      1.32     -0.68  0.        2948.194       2357.324       6689.123    0.000  -0.138   0.380   0.
  2017 352 16  6 45 486 352.671359803      -0.35      1.34     -0.69  0.        2947.120       2358.899       6690.118    0.000  -0.138   0.380   0.
  2017 352 16  6 46 486 352.671371377      -0.17      1.38     -0.66  0.        2946.047       2360.475       6691.113    0.000  -0.138   0.380   0.
  2017 352 16  6 47 487 352.671382951       0.09      1.49     -0.79  0.        2944.973       2362.050       6692.107    0.000  -0.138   0.380   0.
  2017 352 16  6 48 487 352.671394525       0.32      1.55     -0.82  0.        2943.899       2363.624       6693.100    0.000  -0.138   0.380   0.
  2017 352 16  6 49 486 352.671406100       0.44      1.64     -0.84  0.        2942.824       2365.199       6694.093    0.000  -0.138   0.380   0.
  2017 352 16  6 50 486 352.671417674       0.21      1.63     -0.79  0.        2941.749       2366.773       6695.085    0.000  -0.138   0.380   0.
  2017 352 16  6 51 487 352.671429248       0.01      1.48     -0.50  0.        2940.674       2368.347       6696.077    0.000  -0.138   0.380   0.
  2017 352 16  6 52 487 352.671440822      -0.08      1.51     -0.05  0.        2939.599       2369.921       6697.068    0.000  -0.138   0.380   0.
  2017 352 16  6 53 487 352.671452396      -0.04      1.58     -0.23  0.        2938.523       2371.494       6698.058    0.000  -0.138   0.380   0.
  2017 352 16  6 54 487 352.671463970      -0.01      1.58     -0.25  0.        2937.448       2373.068       6699.048    0.000  -0.138   0.380   0.
  2017 352 16  6 55 487 352.671475544      -0.32      1.48     -0.51  0.        2936.372       2374.641       6700.037    0.000  -0.138   0.380   0.
  2017 352 16  6 56 486 352.671487118      -0.30      1.57     -0.20  0.        2935.295       2376.214       6701.025    0.000  -0.138   0.380   0.
  2017 352 16  6 57 486 352.671498692      -0.13      1.58     -0.08  0.        2934.218       2377.787       6702.013    0.000  -0.138   0.380   0.
  2017 352 16  6 58 486 352.671510266      -0.19      1.77     -0.01  0.        2933.141       2379.359       6703.000    0.000  -0.138   0.380   0.
  2017 352 16  6 59 486 352.671521840      -0.19      1.77      0.14  0.        2932.064       2380.931       6703.987    0.000  -0.138   0.380   0.
  2017 352 16  7  0 487 352.671533414      -0.20      1.67     -0.01  0.        2930.987       2382.503       6704.973    0.000  -0.138   0.380   0.
  2017 352 16  7  1 487 352.671544988      -0.04      1.68     -0.41  0.        2929.909       2384.075       6705.958    0.000  -0.138   0.380   0.
  2017 352 16  7  2 486 352.671556563       0.12      1.22     -1.03  0.        2928.831       2385.647       6706.943    0.000  -0.138   0.380   0.
  2017 352 16  7  3 486 352.671568137      -0.80      0.83     -1.10  0.        2927.753       2387.218       6707.927    0.000  -0.138   0.380   0.
  2017 352 16  7  4 486 352.671579711      -1.30      1.16     -0.39  0.        2926.674       2388.789       6708.910    0.000  -0.138   0.380   0.
  2017 352 16  7  5 487 352.671591284      -1.34      1.47      0.11  0.        2925.595       2390.360       6709.893    0.000  -0.138   0.380   0.
  2017 352 16  7  6 486 352.671602856      -1.29      1.61      0.21  0.        2924.516       2391.931       6710.875    0.000  -0.138   0.380   0.
  2017 352 16  7  7 486 352.671614430      -1.01      1.79      0.18  0.        2923.436       2393.502       6711.857    0.000  -0.138   0.380   0.
  2017 352 16  7  8 486 352.671626004      -0.43      1.88     -0.15  0.        2922.357       2395.072       6712.837    0.000  -0.138   0.380   0.
  2017 352 16  7  9 486 352.671637578      -0.16      1.71     -0.54  0.        2921.277       2396.642       6713.818    0.000  -0.138   0.380   0.
  2017 352 16  7 10 486 352.671649152      -0.48      1.58     -0.46  0.        2920.197       2398.212       6714.797    0.000  -0.138   0.380   0.
  2017 352 16  7 11 486 352.671660726      -0.35      1.79     -0.41  0.        2919.116       2399.781       6715.776    0.000  -0.138   0.380   0.
  2017 352 16  7 12 486 352.671672300      -0.38      1.73     -0.47  0.        2918.035       2401.351       6716.755    0.000  -0.138   0.380   0.
  2017 352 16  7 13 486 352.671683874      -0.56      1.76     -0.46  0.        2916.954       2402.920       6717.732    0.000  -0.138   0.380   0.
  2017 352 16  7 14 486 352.671695448      -0.60      1.80     -0.75  0.        2915.873       2404.488       6718.709    0.000  -0.138   0.380   0.
  2017 352 16  7 15 486 352.671707023      -0.36      1.83     -0.75  0.        2914.791       2406.057       6719.686    0.000  -0.138   0.380   0.
  2017 352 16  7 16 486 352.671718597      -0.20      1.68     -0.57  0.        2913.709       2407.625       6720.662    0.000  -0.138   0.380   0.
  2017 352 16  7 17 486 352.671730171       0.14      1.78     -0.63  0.        2912.627       2409.194       6721.637    0.000  -0.138   0.380   0.
  2017 352 16  7 18 486 352.671741745       0.24      1.17     -1.22  0.        2911.545       2410.762       6722.612    0.000  -0.138   0.380   0.
  2017 352 16  7 19 486 352.671753319      -0.64      0.82     -1.03  0.        2910.462       2412.329       6723.586    0.000  -0.138   0.380   0.
  2017 352 16  7 20 486 352.671764893      -1.02      1.10     -0.49  0.        2909.379       2413.897       6724.559    0.000  -0.138   0.380   0.
  2017 352 16  7 21 486 352.671776467      -0.83      1.40     -0.41  0.        2908.296       2415.465       6725.532    0.000  -0.138   0.380   0.
  2017 352 16  7 22 486 352.671788041      -0.65      1.66     -0.51  0.        2907.212       2417.032       6726.504    0.000  -0.138   0.380   0.
  2017 352 16  7 23 486 352.671799615      -0.55      1.51     -0.45  0.        2906.128       2418.599       6727.475    0.000  -0.138   0.380   0.
  2017 352 16  7 24 486 352.671811189      -0.35      1.59     -0.34  0.        2905.044       2420.165       6728.446    0.000  -0.138   0.380   0.
  2017 352 16  7 25 486 352.671822763      -0.16      1.41     -0.41  0.        2903.960       2421.732       6729.416    0.000  -0.138   0.380   0.
  2017 352 16  7 26 486 352.671834337      -0.18      1.32     -0.59  0.        2902.876       2423.298       6730.386    0.000  -0.138   0.380   0.
  2017 352 16  7 27 486 352.671845911      -0.38      1.28     -0.59  0.        2901.791       2424.864       6731.355    0.000  -0.138   0.380   0.
  2017 352 16  7 28 486 352.671857486      -0.50      1.40     -0.29  0.        2900.706       2426.430       6732.323    0.000  -0.138   0.380   0.
  2017 352 16  7 29 486 352.671869060      -0.12      1.95      0.04  0.        2899.620       2427.995       6733.291    0.000  -0.138   0.380   0.
  2017 352 16  7 30 486 352.671880634       0.54      2.17      0.05  0.        2898.534       2429.561       6734.258    0.000  -0.138   0.380   0.
  2017 352 16  7 31 486 352.671892208       0.65      1.53     -0.77  0.        2897.449       2431.126       6735.224    0.000  -0.138   0.380   0.
  2017 352 16  7 32 486 352.671903782       0.28      1.54     -0.82  0.        2896.362       2432.691       6736.190    0.000  -0.138   0.380   0.
  2017 352 16  7 33 486 352.671915356       0.41      1.68     -0.72  0.        2895.276       2434.255       6737.156    0.000  -0.138   0.380   0.
  2017 352 16  7 34 486 352.671926930       0.15      1.61     -0.49  0.        2894.189       2435.820       6738.120    0.000  -0.138   0.380   0.
  2017 352 16  7 35 486 352.671938504       0.11      1.69     -0.18  0.        2893.102       2437.384       6739.084    0.000  -0.138   0.380   0.
  2017 352 16  7 36 486 352.671950075       0.01      1.52     -0.17  0.        2892.015       2438.948       6740.047    0.000  -0.138   0.380   0.
  2017 352 16  7 37 486 352.671961649      -0.47      1.50     -0.33  0.        2890.927       2440.512       6741.010    0.000  -0.138   0.380   0.
  2017 352 16  7 38 486 352.671973223      -0.23      1.54     -0.51  0.        2889.839       2442.075       6741.972    0.000  -0.138   0.380   0.
  2017 352 16  7 39 486 352.671984798      -0.58      1.11     -0.67  0.        2888.751       2443.638       6742.934    0.000  -0.138   0.380   0.
  2017 352 16  7 40 486 352.671996371      -1.13      1.06     -0.39  0.        2887.663       2445.201       6743.895    0.000  -0.138   0.380   0.
  2017 352 16  7 41 486 352.672007946      -1.13      1.32     -0.05  0.        2886.574       2446.764       6744.855    0.000  -0.138   0.380   0.
  2017 352 16  7 42 486 352.672019520      -1.01      1.74      0.22  0.        2885.485       2448.327       6745.814    0.000  -0.138   0.380   0.
  2017 352 16  7 43 486 352.672031094      -0.52      2.34      0.01  0.        2884.396       2449.889       6746.773    0.000  -0.138   0.380   0.
  2017 352 16  7 44 486 352.672042668      -0.39      1.69     -0.66  0.        2883.307       2451.451       6747.732    0.000  -0.138   0.380   0.
  2017 352 16  7 45 486 352.672054242      -0.69      1.36     -0.68  0.        2882.217       2453.013       6748.689    0.000  -0.138   0.380   0.
  2017 352 16  7 46 486 352.672065816      -0.70      1.27     -0.57  0.        2881.127       2454.575       6749.646    0.000  -0.138   0.380   0.
  2017 352 16  7 47 486 352.672077390      -0.87      1.09     -0.49  0.        2880.037       2456.137       6750.603    0.000  -0.138   0.380   0.
  2017 352 16  7 48 486 352.672088964      -1.21      1.20     -0.07  0.        2878.947       2457.698       6751.559    0.000  -0.138   0.380   0.
  2017 352 16  7 49 486 352.672100538      -0.96      1.64      0.19  0.        2877.856       2459.259       6752.514    0.000  -0.138   0.380   0.
  2017 352 16  7 50 486 352.672112112      -0.66      1.74      0.10  0.        2876.765       2460.820       6753.469    0.000  -0.138   0.380   0.
  2017 352 16  7 51 486 352.672123686      -0.40      1.67     -0.23  0.        2875.674       2462.380       6754.423    0.000  -0.138   0.380   0.
  2017 352 16  7 52 486 352.672135260      -0.34      1.57     -0.66  0.        2874.582       2463.941       6755.376    0.000  -0.138   0.380   0.
  2017 352 16  7 53 486 352.672146835      -0.52      1.16     -0.82  0.        2873.490       2465.501       6756.329    0.000  -0.138   0.380   0.
  2017 352 16  7 54 486 352.672158409      -1.05      1.36     -0.40  0.        2872.398       2467.061       6757.281    0.000  -0.138   0.380   0.
  2017 352 16  7 55 486 352.672169983      -0.78      1.92     -0.07  0.        2871.306       2468.620       6758.232    0.000  -0.138   0.380   0.
  2017 352 16  7 56 486 352.672181557      -0.50      1.98     -0.07  0.        2870.213       2470.180       6759.183    0.000  -0.138   0.380   0.
  2017 352 16  7 57 486 352.672193131      -0.43      2.14     -0.03  0.        2869.120       2471.739       6760.133    0.000  -0.138   0.380   0.
  2017 352 16  7 58 486 352.672204705      -0.35      1.95     -0.16  0.        2868.027       2473.298       6761.083    0.000  -0.138   0.380   0.
  2017 352 16  7 59 486 352.672216279      -0.48      1.45     -0.55  0.        2866.934       2474.857       6762.032    0.000  -0.138   0.380   0.
  2017 352 16  8  0 486 352.672227853      -0.64      1.31     -0.70  0.        2865.840       2476.415       6762.980    0.000  -0.138   0.380   0.
  2017 352 16  8  1 486 352.672239427      -0.60      1.39     -0.78  0.        2864.746       2477.973       6763.928    0.000  -0.138   0.380   0.
  2017 352 16  8  2 486 352.672251001      -0.91      1.32     -0.76  0.        2863.652       2479.532       6764.875    0.000  -0.138   0.380   0.
  2017 352 16  8  3 486 352.672262575      -0.71      1.70     -0.43  0.        2862.558       2481.089       6765.822    0.000  -0.138   0.380   0.
  2017 352 16  8  4 486 352.672274146      -0.11      1.94     -0.23  0.        2861.463       2482.647       6766.768    0.000  -0.138   0.380   0.
  2017 352 16  8  5 486 352.672285721       0.41      1.91     -0.52  0.        2860.368       2484.204       6767.713    0.000  -0.138   0.380   0.
  2017 352 16  8  6 486 352.672297295       0.73      1.45     -1.32  0.        2859.273       2485.762       6768.658    0.000  -0.138   0.380   0.
  2017 352 16  8  7 486 352.672308869       0.51      0.86     -1.73  0.        2858.177       2487.319       6769.602    0.000  -0.138   0.380   0.
  2017 352 16  8  8 486 352.672320443       0.28      0.55     -1.86  0.        2857.081       2488.875       6770.545    0.000  -0.138   0.380   0.
  2017 352 16  8  9 486 352.672332017      -0.28      0.42     -1.61  0.        2855.985       2490.432       6771.488    0.000  -0.138   0.380   0.
  2017 352 16  8 10 486 352.672343591      -0.55      0.62     -1.28  0.        2854.889       2491.988       6772.430    0.000  -0.138   0.380   0.
  2017 352 16  8 11 486 352.672355165      -0.65      1.00     -1.24  0.        2853.793       2493.544       6773.372    0.000  -0.138   0.380   0.
  2017 352 16  8 12 486 352.672366739      -0.21      1.24     -1.22  0.        2852.696       2495.100       6774.313    0.000  -0.138   0.380   0.
  2017 352 16  8 13 486 352.672378313       0.10      0.98     -1.28  0.        2851.599       2496.655       6775.253    0.000  -0.138   0.380   0.
  2017 352 16  8 14 486 352.672389887       0.02      0.85     -1.12  0.        2850.501       2498.211       6776.193    0.000  -0.138   0.380   0.
  2017 352 16  8 15 486 352.672401461       0.00      0.91     -0.95  0.        2849.404       2499.766       6777.132    0.000  -0.138   0.380   0.
  2017 352 16  8 16 486 352.672413035      -0.16      0.93     -0.80  0.        2848.306       2501.321       6778.070    0.000  -0.138   0.380   0.
  2017 352 16  8 17 486 352.672424609      -0.19      1.23     -0.67  0.        2847.208       2502.875       6779.008    0.000  -0.138   0.380   0.
  2017 352 16  8 18 486 352.672436183       0.02      1.39     -0.81  0.        2846.109       2504.430       6779.945    0.000  -0.138   0.380   0.
  2017 352 16  8 19 486 352.672447758      -0.22      1.02     -1.05  0.        2845.011       2505.984       6780.882    0.000  -0.138   0.380   0.
  2017 352 16  8 20 486 352.672459332      -0.53      1.19     -0.58  0.        2843.912       2507.538       6781.818    0.000  -0.138   0.380   0.
  2017 352 16  8 21 486 352.672470906      -0.44      1.36     -0.41  0.        2842.813       2509.092       6782.753    0.000  -0.138   0.380   0.
  2017 352 16  8 22 486 352.672482480      -0.23      1.51     -0.38  0.        2841.714       2510.645       6783.688    0.000  -0.138   0.380   0.
  2017 352 16  8 23 486 352.672494054       0.15      1.52     -0.60  0.        2840.614       2512.199       6784.622    0.000  -0.138   0.380   0.
  2017 352 16  8 24 486 352.672505628      -0.24      1.14     -0.87  0.        2839.514       2513.752       6785.555    0.000  -0.138   0.380   0.
  2017 352 16  8 25 486 352.672517202      -0.78      1.26     -0.71  0.        2838.414       2515.305       6786.488    0.000  -0.138   0.380   0.
  2017 352 16  8 26 486 352.672528776      -0.83      1.67     -0.30  0.        2837.313       2516.857       6787.421    0.000  -0.138   0.380   0.
  2017 352 16  8 27 486 352.672540350      -0.51      1.87     -0.16  0.        2836.213       2518.409       6788.352    0.000  -0.138   0.380   0.
  2017 352 16  8 28 486 352.672551924      -0.12      1.66     -0.67  0.        2835.112       2519.961       6789.283    0.000  -0.138   0.380   0.
  2017 352 16  8 29 486 352.672563498      -0.16      1.16     -1.02  0.        2834.010       2521.514       6790.214    0.000  -0.138   0.380   0.
  2017 352 16  8 30 486 352.672575072       0.04      1.34     -0.80  0.        2832.909       2523.065       6791.144    0.000  -0.138   0.380   0.
  2017 352 16  8 31 486 352.672586646       0.39      1.64     -0.56  0.        2831.807       2524.617       6792.073    0.000  -0.138   0.380   0.
  2017 352 16  8 32 486 352.672598221       0.84      1.57     -0.88  0.        2830.705       2526.168       6793.002    0.000  -0.138   0.380   0.
  2017 352 16  8 33 486 352.672609794       0.84      0.81     -1.54  0.        2829.603       2527.719       6793.929    0.000  -0.138   0.380   0.
  2017 352 16  8 34 486 352.672621366      -0.11      0.72     -1.51  0.        2828.501       2529.270       6794.857    0.000  -0.138   0.380   0.
  2017 352 16  8 35 486 352.672632940      -0.31      1.09     -1.25  0.        2827.398       2530.820       6795.783    0.000  -0.138   0.380   0.
  2017 352 16  8 36 486 352.672644514      -0.59      0.88     -1.37  0.        2826.295       2532.371       6796.709    0.000  -0.138   0.380   0.
  2017 352 16  8 37 486 352.672656088      -1.11      1.08     -1.19  0.        2825.192       2533.921       6797.635    0.000  -0.138   0.380   0.
  2017 352 16  8 38 485 352.672667662      -1.10      1.26     -1.07  0.        2824.088       2535.471       6798.560    0.000  -0.138   0.380   0.
  2017 352 16  8 39 485 352.672679236      -0.55      1.58     -0.67  0.        2822.985       2537.020       6799.484    0.000  -0.138   0.380   0.
  2017 352 16  8 40 485 352.672690810      -0.59      1.46     -0.78  0.        2821.880       2538.570       6800.408    0.000  -0.138   0.380   0.
  2017 352 16  8 41 485 352.672702384      -0.78      1.14     -0.84  0.        2820.776       2540.119       6801.331    0.000  -0.138   0.380   0.
  2017 352 16  8 42 485 352.672713958      -0.76      1.24     -0.61  0.        2819.671       2541.668       6802.253    0.000  -0.138   0.380   0.
  2017 352 16  8 43 486 352.672725532      -0.41      1.45     -0.62  0.        2818.567       2543.217       6803.175    0.000  -0.138   0.380   0.
  2017 352 16  8 44 486 352.672737107      -0.46      1.18     -0.82  0.        2817.462       2544.765       6804.096    0.000  -0.138   0.380   0.
  2017 352 16  8 45 485 352.672748681      -0.80      1.13     -0.84  0.        2816.356       2546.313       6805.016    0.000  -0.138   0.380   0.
  2017 352 16  8 46 485 352.672760255      -0.64      1.30     -0.77  0.        2815.251       2547.861       6805.936    0.000  -0.138   0.380   0.
  2017 352 16  8 47 486 352.672771829      -0.53      0.98     -1.16  0.        2814.145       2549.409       6806.856    0.000  -0.138   0.380   0.
  2017 352 16  8 48 486 352.672783403      -1.01      0.79     -1.10  0.        2813.039       2550.957       6807.774    0.000  -0.138   0.380   0.
  2017 352 16  8 49 486 352.672794977      -1.14      1.07     -0.72  0.        2811.933       2552.504       6808.693    0.000  -0.138   0.380   0.
  2017 352 16  8 50 486 352.672806551      -1.06      1.33     -0.41  0.        2810.826       2554.051       6809.610    0.000  -0.138   0.380   0.
  2017 352 16  8 51 485 352.672818125      -0.41      1.51     -0.44  0.        2809.719       2555.598       6810.527    0.000  -0.138   0.380   0.
  2017 352 16  8 52 485 352.672829699      -0.28      1.29     -0.67  0.        2808.612       2557.144       6811.443    0.000  -0.138   0.380   0.
  2017 352 16  8 53 485 352.672841273      -0.40      1.04     -0.92  0.        2807.505       2558.691       6812.359    0.000  -0.138   0.380   0.
  2017 352 16  8 54 485 352.672852847      -0.39      1.16     -0.87  0.        2806.397       2560.237       6813.274    0.000  -0.138   0.380   0.
  2017 352 16  8 55 485 352.672864421      -0.02      1.28     -1.06  0.        2805.289       2561.783       6814.188    0.000  -0.138   0.380   0.
  2017 352 16  8 56 486 352.672875995       0.25      0.71     -1.57  0.        2804.181       2563.329       6815.102    0.000  -0.138   0.380   0.
  2017 352 16  8 57 486 352.672887569      -0.41      0.74     -1.44  0.        2803.073       2564.874       6816.015    0.000  -0.138   0.380   0.
  2017 352 16  8 58 485 352.672899144      -0.43      0.90     -1.27  0.        2801.964       2566.420       6816.928    0.000  -0.138   0.380   0.
  2017 352 16  8 59 485 352.672910718      -0.18      1.22     -1.19  0.        2800.856       2567.965       6817.840    0.000  -0.138   0.380   0.
  2017 352 16  9  0 486 352.672922292       0.07      1.13     -1.23  0.        2799.746       2569.510       6818.751    0.000  -0.138   0.380   0.
  2017 352 16  9  1 486 352.672933865      -0.32      0.89     -0.92  0.        2798.637       2571.054       6819.662    0.000  -0.138   0.380   0.
  2017 352 16  9  2 485 352.672945437      -0.46      1.39     -0.40  0.        2797.527       2572.598       6820.572    0.000  -0.138   0.380   0.
  2017 352 16  9  3 485 352.672957011      -0.25      1.41     -0.67  0.        2796.418       2574.143       6821.481    0.000  -0.138   0.380   0.
  2017 352 16  9  4 485 352.672968585      -0.68      0.79     -1.10  0.        2795.308       2575.686       6822.390    0.000  -0.138   0.380   0.
  2017 352 16  9  5 485 352.672980159      -0.85      1.11     -0.87  0.        2794.197       2577.230       6823.298    0.000  -0.138   0.380   0.
  2017 352 16  9  6 485 352.672991733      -0.39      1.35     -0.90  0.        2793.087       2578.773       6824.206    0.000  -0.138   0.380   0.
  2017 352 16  9  7 485 352.673003307      -0.26      1.23     -0.81  0.        2791.976       2580.317       6825.113    0.000  -0.138   0.380   0.
  2017 352 16  9  8 485 352.673014881      -0.15      1.43     -0.66  0.        2790.865       2581.860       6826.020    0.000  -0.138   0.380   0.
  2017 352 16  9  9 485 352.673026455      -0.22      1.42     -0.73  0.        2789.753       2583.402       6826.925    0.000  -0.138   0.380   0.
  2017 352 16  9 10 485 352.673038030      -0.26      1.45     -0.77  0.        2788.642       2584.945       6827.831    0.000  -0.138   0.380   0.
  2017 352 16  9 11 485 352.673049604      -0.20      1.39     -0.77  0.        2787.530       2586.487       6828.735    0.000  -0.138   0.380   0.
  2017 352 16  9 12 485 352.673061178      -0.46      1.22     -0.81  0.        2786.418       2588.029       6829.639    0.000  -0.138   0.380   0.
  2017 352 16  9 13 485 352.673072752      -0.68      1.22     -0.75  0.        2785.305       2589.571       6830.543    0.000  -0.138   0.380   0.
  2017 352 16  9 14 485 352.673084326      -0.69      1.28     -0.66  0.        2784.193       2591.112       6831.445    0.000  -0.138   0.380   0.
  2017 352 16  9 15 485 352.673095900      -0.67      1.32     -0.57  0.        2783.080       2592.654       6832.347    0.000  -0.138   0.380   0.
  2017 352 16  9 16 485 352.673107474      -0.78      1.31     -0.63  0.        2781.967       2594.195       6833.249    0.000  -0.138   0.380   0.
  2017 352 16  9 17 485 352.673119048      -0.89      1.39     -0.61  0.        2780.853       2595.736       6834.150    0.000  -0.138   0.380   0.
  2017 352 16  9 18 485 352.673130622      -1.46      1.19     -0.55  0.        2779.740       2597.276       6835.050    0.000  -0.138   0.380   0.
  2017 352 16  9 19 485 352.673142196      -2.11      1.06     -0.31  0.        2778.626       2598.817       6835.950    0.000  -0.138   0.380   0.
  2017 352 16  9 20 485 352.673153770      -2.03      1.27     -0.11  0.        2777.512       2600.357       6836.849    0.000  -0.138   0.380   0.
  2017 352 16  9 21 485 352.673165344      -1.83      1.49     -0.01  0.        2776.397       2601.897       6837.747    0.000  -0.138   0.380   0.
  2017 352 16  9 22 485 352.673176918      -1.77      1.70      0.11  0.        2775.283       2603.437       6838.645    0.000  -0.138   0.380   0.
  2017 352 16  9 23 485 352.673188492      -1.34      1.89      0.32  0.        2774.168       2604.976       6839.543    0.000  -0.138   0.380   0.
  2017 352 16  9 24 485 352.673200067      -1.00      1.95      0.22  0.        2773.053       2606.515       6840.439    0.000  -0.138   0.380   0.
  2017 352 16  9 25 485 352.673211641      -0.79      1.90      0.07  0.        2771.938       2608.054       6841.335    0.000  -0.138   0.380   0.
  2017 352 16  9 26 485 352.673223215      -0.67      1.73     -0.05  0.        2770.822       2609.593       6842.231    0.000  -0.138   0.380   0.
  2017 352 16  9 27 485 352.673234789      -0.64      1.39     -0.28  0.        2769.706       2611.132       6843.126    0.000  -0.138   0.380   0.
  2017 352 16  9 28 485 352.673246363      -0.71      1.39     -0.34  0.        2768.590       2612.670       6844.020    0.000  -0.138   0.380   0.
  2017 352 16  9 29 485 352.673257937      -0.56      1.51     -0.30  0.        2767.474       2614.208       6844.913    0.000  -0.138   0.380   0.
  2017 352 16  9 30 485 352.673269511      -0.39      1.48     -0.34  0.        2766.357       2615.746       6845.806    0.000  -0.138   0.380   0.
  2017 352 16  9 31 485 352.673281085      -0.25      1.38     -0.43  0.        2765.240       2617.284       6846.699    0.000  -0.138   0.380   0.
  2017 352 16  9 32 485 352.673292656      -0.46      1.30     -0.60  0.        2764.123       2618.821       6847.591    0.000  -0.138   0.380   0.
  2017 352 16  9 33 485 352.673304230      -0.58      1.47     -0.54  0.        2763.006       2620.358       6848.482    0.000  -0.138   0.380   0.
  2017 352 16  9 34 485 352.673315804      -0.43      1.61     -0.36  0.        2761.889       2621.895       6849.372    0.000  -0.138   0.380   0.
  2017 352 16  9 35 485 352.673327378      -0.16      1.52     -0.41  0.        2760.771       2623.432       6850.262    0.000  -0.138   0.380   0.
  2017 352 16  9 36 485 352.673338953      -0.09      1.46     -0.54  0.        2759.653       2624.968       6851.151    0.000  -0.138   0.380   0.
  2017 352 16  9 37 485 352.673350527       0.02      1.49     -0.49  0.        2758.534       2626.504       6852.040    0.000  -0.138   0.380   0.
  2017 352 16  9 38 485 352.673362101       0.02      1.31     -0.53  0.        2757.416       2628.040       6852.928    0.000  -0.138   0.380   0.
  2017 352 16  9 39 485 352.673373675      -0.14      1.30     -0.48  0.        2756.297       2629.576       6853.816    0.000  -0.138   0.380   0.
  2017 352 16  9 40 485 352.673385249      -0.21      1.36     -0.43  0.        2755.178       2631.112       6854.703    0.000  -0.138   0.380   0.
  2017 352 16  9 41 485 352.673396823      -0.15      1.46     -0.54  0.        2754.059       2632.647       6855.589    0.000  -0.138   0.380   0.
  2017 352 16  9 42 485 352.673408397      -0.02      1.64     -0.52  0.        2752.940       2634.182       6856.475    0.000  -0.138   0.380   0.
  2017 352 16  9 43 485 352.673419971      -0.10      1.44     -0.51  0.        2751.819       2635.717       6857.360    0.000  -0.138   0.380   0.
  2017 352 16  9 44 485 352.673431545      -0.42      1.29     -0.58  0.        2750.699       2637.251       6858.244    0.000  -0.138   0.380   0.
  2017 352 16  9 45 485 352.673443119      -0.65      1.29     -0.50  0.        2749.580       2638.786       6859.128    0.000  -0.138   0.380   0.
  2017 352 16  9 46 485 352.673454693      -0.61      1.44     -0.31  0.        2748.459       2640.320       6860.011    0.000  -0.138   0.380   0.
  2017 352 16  9 47 485 352.673466267      -0.59      1.47     -0.32  0.        2747.338       2641.854       6860.894    0.000  -0.138   0.380   0.
  2017 352 16  9 48 485 352.673477841      -0.66      1.47     -0.26  0.        2746.217       2643.388       6861.776    0.000  -0.138   0.380   0.
  2017 352 16  9 49 485 352.673489416      -0.71      1.35     -0.25  0.        2745.096       2644.921       6862.657    0.000  -0.138   0.380   0.
  2017 352 16  9 50 485 352.673500990      -0.85      1.35     -0.38  0.        2743.975       2646.454       6863.538    0.000  -0.138   0.380   0.
  2017 352 16  9 51 485 352.673512564      -0.87      1.43     -0.27  0.        2742.853       2647.987       6864.418    0.000  -0.138   0.380   0.
  2017 352 16  9 52 485 352.673524138      -0.81      1.38     -0.24  0.        2741.731       2649.520       6865.298    0.000  -0.138   0.380   0.
  2017 352 16  9 53 485 352.673535712      -0.71      1.33     -0.18  0.        2740.609       2651.052       6866.177    0.000  -0.138   0.380   0.
  2017 352 16  9 54 485 352.673547286      -0.67      1.39     -0.11  0.        2739.486       2652.585       6867.055    0.000  -0.138   0.380   0.
  2017 352 16  9 55 485 352.673558860      -0.59      1.37     -0.13  0.        2738.364       2654.117       6867.933    0.000  -0.138   0.380   0.
  2017 352 16  9 56 485 352.673570434      -0.50      1.36     -0.26  0.        2737.241       2655.648       6868.810    0.000  -0.138   0.380   0.
  2017 352 16  9 57 485 352.673582008      -0.50      1.32     -0.28  0.        2736.118       2657.180       6869.687    0.000  -0.138   0.380   0.
  2017 352 16  9 58 485 352.673593582      -0.54      1.34     -0.36  0.        2734.994       2658.711       6870.563    0.000  -0.138   0.380   0.
  2017 352 16  9 59 485 352.673605156      -0.51      1.41     -0.36  0.        2733.871       2660.242       6871.438    0.000  -0.138   0.380   0.
  2017 352 16 10  0 485 352.673616727      -0.59      1.39     -0.37  0.        2732.747       2661.773       6872.313    0.000  -0.138   0.380   0.
  2017 352 16 10  1 485 352.673628302      -0.71      1.40     -0.34  0.        2731.623       2663.304       6873.187    0.000  -0.138   0.380   0.
  2017 352 16 10  2 485 352.673639876      -0.59      1.43     -0.29  0.        2730.498       2664.834       6874.061    0.000  -0.138   0.380   0.
  2017 352 16 10  3 485 352.673651450      -0.49      1.46     -0.27  0.        2729.374       2666.364       6874.934    0.000  -0.138   0.380   0.
  2017 352 16 10  4 485 352.673663024      -0.32      1.41     -0.32  0.        2728.249       2667.894       6875.806    0.000  -0.138   0.380   0.
  2017 352 16 10  5 485 352.673674598      -0.26      1.30     -0.30  0.        2727.124       2669.424       6876.678    0.000  -0.138   0.380   0.
  2017 352 16 10  6 485 352.673686172      -0.30      1.26     -0.41  0.        2725.998       2670.953       6877.549    0.000  -0.138   0.380   0.
  2017 352 16 10  7 485 352.673697746      -0.73      1.29     -0.47  0.        2724.873       2672.483       6878.420    0.000  -0.138   0.380   0.
  2017 352 16 10  8 485 352.673709320      -0.79      1.43     -0.24  0.        2723.747       2674.012       6879.289    0.000  -0.138   0.380   0.
  2017 352 16 10  9 485 352.673720894      -0.69      1.42     -0.19  0.        2722.621       2675.540       6880.159    0.000  -0.138   0.380   0.
  2017 352 16 10 10 485 352.673732468      -0.72      1.31     -0.28  0.        2721.495       2677.069       6881.028    0.000  -0.138   0.380   0.
  2017 352 16 10 11 485 352.673744042      -0.80      1.36     -0.20  0.        2720.368       2678.597       6881.896    0.000  -0.138   0.380   0.
  2017 352 16 10 12 485 352.673755616      -0.89      1.39     -0.21  0.        2719.242       2680.125       6882.763    0.000  -0.138   0.380   0.
  2017 352 16 10 13 485 352.673767190      -0.96      1.31     -0.22  0.        2718.115       2681.653       6883.630    0.000  -0.138   0.380   0.
  2017 352 16 10 14 485 352.673778764      -0.71      1.34     -0.11  0.        2716.987       2683.181       6884.496    0.000  -0.138   0.380   0.
  2017 352 16 10 15 485 352.673790339      -0.65      1.30     -0.28  0.        2715.860       2684.708       6885.362    0.000  -0.138   0.380   0.
  2017 352 16 10 16 485 352.673801913      -0.67      1.37     -0.38  0.        2714.732       2686.235       6886.227    0.000  -0.138   0.380   0.
  2017 352 16 10 17 485 352.673813487      -0.62      1.41     -0.27  0.        2713.604       2687.762       6887.091    0.000  -0.138   0.380   0.
  2017 352 16 10 18 485 352.673825061      -0.60      1.39     -0.19  0.        2712.476       2689.289       6887.956    0.000  -0.138   0.380   0.
  2017 352 16 10 19 485 352.673836635      -0.66      1.46     -0.20  0.        2711.348       2690.815       6888.819    0.000  -0.138   0.380   0.
  2017 352 16 10 20 485 352.673848209      -0.73      1.51     -0.16  0.        2710.219       2692.341       6889.681    0.000  -0.138   0.380   0.
  2017 352 16 10 21 485 352.673859783      -0.79      1.48     -0.01  0.        2709.090       2693.867       6890.543    0.000  -0.138   0.380   0.
  2017 352 16 10 22 485 352.673871357      -0.78      1.56      0.08  0.        2707.961       2695.393       6891.405    0.000  -0.138   0.380   0.
  2017 352 16 10 23 485 352.673882931      -0.75      1.49      0.00  0.        2706.832       2696.918       6892.266    0.000  -0.138   0.380   0.
  2017 352 16 10 24 485 352.673894505      -0.64      1.56     -0.09  0.        2705.702       2698.443       6893.126    0.000  -0.138   0.380   0.
  2017 352 16 10 25 485 352.673906079      -0.58      1.55     -0.37  0.        2704.572       2699.968       6893.986    0.000  -0.138   0.380   0.
  2017 352 16 10 26 485 352.673917653      -0.54      1.48     -0.68  0.        2703.442       2701.493       6894.845    0.000  -0.138   0.380   0.
  2017 352 16 10 27 485 352.673929227      -0.50      1.37     -0.92  0.        2702.312       2703.018       6895.703    0.000  -0.138   0.380   0.
  2017 352 16 10 28 485 352.673940802      -0.43      1.27     -0.83  0.        2701.181       2704.542       6896.561    0.000  -0.138   0.380   0.
  2017 352 16 10 29 485 352.673952375      -0.20      1.19     -0.84  0.        2700.051       2706.066       6897.418    0.000  -0.138   0.380   0.
  2017 352 16 10 30 485 352.673963947      -0.05      1.26     -0.85  0.        2698.920       2707.590       6898.275    0.000  -0.138   0.380   0.
  2017 352 16 10 31 485 352.673975521      -0.02      1.29     -0.83  0.        2697.788       2709.114       6899.131    0.000  -0.138   0.380   0.
  2017 352 16 10 32 485 352.673987095      -0.04      1.22     -0.79  0.        2696.657       2710.637       6899.986    0.000  -0.138   0.380   0.
  2017 352 16 10 33 485 352.673998669      -0.05      1.26     -0.78  0.        2695.525       2712.160       6900.841    0.000  -0.138   0.380   0.
  2017 352 16 10 34 484 352.674010243      -0.11      1.31     -0.75  0.        2694.393       2713.683       6901.695    0.000  -0.138   0.380   0.
  2017 352 16 10 35 484 352.674021817      -0.16      1.25     -0.89  0.        2693.261       2715.205       6902.549    0.000  -0.138   0.380   0.
  2017 352 16 10 36 484 352.674033391      -0.41      1.27     -0.80  0.        2692.129       2716.728       6903.402    0.000  -0.138   0.380   0.
  2017 352 16 10 37 484 352.674044965      -0.57      1.30     -0.65  0.        2690.996       2718.250       6904.255    0.000  -0.138   0.380   0.
  2017 352 16 10 38 485 352.674056539      -0.76      1.40     -0.49  0.        2689.863       2719.772       6905.106    0.000  -0.138   0.380   0.
  2017 352 16 10 39 485 352.674068113      -0.63      1.40     -0.22  0.        2688.730       2721.294       6905.958    0.000  -0.138   0.380   0.
  2017 352 16 10 40 485 352.674079688      -0.57      1.34     -0.11  0.        2687.597       2722.815       6906.808    0.000  -0.138   0.380   0.
  2017 352 16 10 41 484 352.674091262      -0.66      1.29     -0.11  0.        2686.463       2724.336       6907.658    0.000  -0.138   0.380   0.
  2017 352 16 10 42 485 352.674102836      -0.80      1.37      0.09  0.        2685.329       2725.857       6908.508    0.000  -0.138   0.380   0.
  2017 352 16 10 43 485 352.674114410      -0.76      1.51      0.24  0.        2684.195       2727.378       6909.357    0.000  -0.138   0.380   0.
  2017 352 16 10 44 485 352.674125984      -0.64      1.56      0.18  0.        2683.061       2728.898       6910.205    0.000  -0.138   0.380   0.
  2017 352 16 10 45 485 352.674137558      -0.68      1.56      0.18  0.        2681.926       2730.419       6911.052    0.000  -0.138   0.380   0.
  2017 352 16 10 46 485 352.674149132      -0.73      1.53      0.14  0.        2680.792       2731.939       6911.900    0.000  -0.138   0.380   0.
  2017 352 16 10 47 484 352.674160706      -0.72      1.43      0.07  0.        2679.657       2733.459       6912.746    0.000  -0.138   0.380   0.
  2017 352 16 10 48 484 352.674172280      -0.74      1.39      0.01  0.        2678.521       2734.978       6913.592    0.000  -0.138   0.380   0.
  2017 352 16 10 49 484 352.674183854      -0.90      1.40     -0.04  0.        2677.386       2736.497       6914.437    0.000  -0.138   0.380   0.
  2017 352 16 10 50 484 352.674195428      -0.96      1.51     -0.03  0.        2676.250       2738.017       6915.282    0.000  -0.138   0.380   0.
  2017 352 16 10 51 484 352.674207002      -0.94      1.46      0.05  0.        2675.115       2739.535       6916.126    0.000  -0.138   0.380   0.
  2017 352 16 10 52 485 352.674218576      -1.00      1.39     -0.05  0.        2673.978       2741.054       6916.969    0.000  -0.138   0.380   0.
  2017 352 16 10 53 485 352.674230150      -1.14      1.35      0.00  0.        2672.842       2742.572       6917.812    0.000  -0.138   0.380   0.
  2017 352 16 10 54 484 352.674241725      -1.09      1.28      0.09  0.        2671.705       2744.090       6918.654    0.000  -0.138   0.380   0.
  2017 352 16 10 55 484 352.674253299      -1.07      1.28     -0.09  0.        2670.569       2745.608       6919.496    0.000  -0.138   0.380   0.
  2017 352 16 10 56 485 352.674264873      -1.01      1.44      0.01  0.        2669.431       2747.126       6920.337    0.000  -0.138   0.380   0.
  2017 352 16 10 57 485 352.674276446      -0.74      1.62      0.13  0.        2668.294       2748.644       6921.177    0.000  -0.138   0.380   0.
  2017 352 16 10 58 484 352.674288018      -0.40      1.59     -0.07  0.        2667.157       2750.161       6922.017    0.000  -0.138   0.380   0.
  2017 352 16 10 59 484 352.674299592      -0.18      1.58     -0.25  0.        2666.019       2751.678       6922.856    0.000  -0.138   0.380   0.
  2017 352 16 11  0 484 352.674311166       0.02      1.42     -0.42  0.        2664.881       2753.194       6923.695    0.000  -0.138   0.380   0.
  2017 352 16 11  1 484 352.674322740      -0.02      1.27     -0.57  0.        2663.743       2754.711       6924.533    0.000  -0.138   0.380   0.
  2017 352 16 11  2 484 352.674334314      -0.09      1.11     -0.65  0.        2662.604       2756.227       6925.371    0.000  -0.138   0.380   0.
  2017 352 16 11  3 484 352.674345888      -0.34      0.93     -0.67  0.        2661.466       2757.743       6926.207    0.000  -0.138   0.380   0.
  2017 352 16 11  4 484 352.674357462      -0.48      0.96     -0.71  0.        2660.327       2759.259       6927.044    0.000  -0.138   0.380   0.
  2017 352 16 11  5 484 352.674369036      -0.62      1.11     -0.54  0.        2659.188       2760.774       6927.879    0.000  -0.138   0.380   0.
  2017 352 16 11  6 484 352.674380611      -0.53      1.30     -0.47  0.        2658.048       2762.290       6928.714    0.000  -0.138   0.380   0.
  2017 352 16 11  7 484 352.674392185      -0.42      1.32     -0.50  0.        2656.909       2763.805       6929.549    0.000  -0.138   0.380   0.
  2017 352 16 11  8 484 352.674403759      -0.49      1.33     -0.39  0.        2655.769       2765.320       6930.383    0.000  -0.138   0.380   0.
  2017 352 16 11  9 484 352.674415333      -0.50      1.26     -0.35  0.        2654.629       2766.834       6931.216    0.000  -0.138   0.380   0.
  2017 352 16 11 10 484 352.674426907      -0.64      1.24     -0.43  0.        2653.488       2768.348       6932.049    0.000  -0.138   0.380   0.
  2017 352 16 11 11 484 352.674438481      -0.69      1.21     -0.45  0.        2652.348       2769.863       6932.881    0.000  -0.138   0.380   0.
  2017 352 16 11 12 484 352.674450055      -0.74      1.21     -0.33  0.        2651.207       2771.376       6933.712    0.000  -0.138   0.380   0.
  2017 352 16 11 13 484 352.674461629      -0.74      1.31     -0.10  0.        2650.066       2772.890       6934.543    0.000  -0.138   0.380   0.
  2017 352 16 11 14 484 352.674473203      -0.71      1.39     -0.08  0.        2648.925       2774.403       6935.373    0.000  -0.138   0.380   0.
  2017 352 16 11 15 484 352.674484777      -0.66      1.47     -0.12  0.        2647.784       2775.917       6936.203    0.000  -0.138   0.380   0.
  2017 352 16 11 16 484 352.674496351      -0.64      1.55     -0.17  0.        2646.642       2777.429       6937.032    0.000  -0.138   0.380   0.
  2017 352 16 11 17 484 352.674507925      -0.66      1.51     -0.12  0.        2645.500       2778.942       6937.861    0.000  -0.138   0.380   0.
  2017 352 16 11 18 484 352.674519499      -0.73      1.37     -0.26  0.        2644.358       2780.455       6938.689    0.000  -0.138   0.380   0.
  2017 352 16 11 19 484 352.674531073      -0.68      1.41     -0.16  0.        2643.216       2781.967       6939.516    0.000  -0.138   0.380   0.
  2017 352 16 11 20 484 352.674542648      -0.70      1.40     -0.20  0.        2642.073       2783.479       6940.343    0.000  -0.138   0.380   0.
  2017 352 16 11 21 484 352.674554222      -0.70      1.45     -0.27  0.        2640.930       2784.990       6941.169    0.000  -0.138   0.380   0.
  2017 352 16 11 22 484 352.674565796      -0.76      1.34     -0.24  0.        2639.787       2786.502       6941.994    0.000  -0.138   0.380   0.
  2017 352 16 11 23 484 352.674577370      -0.99      1.30     -0.21  0.        2638.644       2788.013       6942.819    0.000  -0.138   0.380   0.
  2017 352 16 11 24 484 352.674588944      -1.17      1.31     -0.23  0.        2637.501       2789.524       6943.643    0.000  -0.138   0.380   0.
  2017 352 16 11 25 484 352.674600518      -1.34      1.30     -0.10  0.        2636.357       2791.035       6944.467    0.000  -0.138   0.380   0.
  2017 352 16 11 26 484 352.674612092      -1.33      1.29     -0.08  0.        2635.213       2792.545       6945.290    0.000  -0.138   0.380   0.
  2017 352 16 11 27 484 352.674623666      -1.17      1.42     -0.03  0.        2634.069       2794.056       6946.113    0.000  -0.138   0.380   0.
  2017 352 16 11 28 484 352.674635237      -1.15      1.49      0.06  0.        2632.925       2795.566       6946.935    0.000  -0.138   0.380   0.
  2017 352 16 11 29 484 352.674646811      -1.15      1.37      0.02  0.        2631.780       2797.076       6947.756    0.000  -0.138   0.380   0.
  2017 352 16 11 30 484 352.674658385      -0.92      1.35      0.00  0.        2630.635       2798.585       6948.577    0.000  -0.138   0.380   0.
  2017 352 16 11 31 484 352.674669959      -0.67      1.45     -0.10  0.        2629.490       2800.094       6949.397    0.000  -0.138   0.380   0.
  2017 352 16 11 32 484 352.674681534      -0.78      1.32     -0.29  0.        2628.345       2801.604       6950.217    0.000  -0.138   0.380   0.
  2017 352 16 11 33 484 352.674693108      -0.90      1.31     -0.34  0.        2627.199       2803.113       6951.036    0.000  -0.138   0.380   0.
  2017 352 16 11 34 484 352.674704682      -0.94      1.40     -0.38  0.        2626.054       2804.621       6951.854    0.000  -0.138   0.380   0.
  2017 352 16 11 35 484 352.674716256      -1.02      1.42     -0.45  0.        2624.908       2806.130       6952.672    0.000  -0.138   0.380   0.
  2017 352 16 11 36 484 352.674727830      -1.18      1.53     -0.26  0.        2623.762       2807.638       6953.489    0.000  -0.138   0.380   0.
  2017 352 16 11 37 484 352.674739404      -0.93      1.59     -0.17  0.        2622.615       2809.146       6954.306    0.000  -0.138   0.380   0.
  2017 352 16 11 38 484 352.674750978      -0.72      1.44     -0.40  0.        2621.469       2810.653       6955.122    0.000  -0.138   0.380   0.
  2017 352 16 11 39 484 352.674762552      -0.91      1.38     -0.37  0.        2620.322       2812.161       6955.937    0.000  -0.138   0.380   0.
  2017 352 16 11 40 484 352.674774126      -0.75      1.44     -0.23  0.        2619.175       2813.668       6956.752    0.000  -0.138   0.380   0.
  2017 352 16 11 41 484 352.674785700      -0.72      1.47     -0.36  0.        2618.028       2815.175       6957.566    0.000  -0.138   0.380   0.
  2017 352 16 11 42 484 352.674797274      -0.80      1.55     -0.33  0.        2616.880       2816.681       6958.380    0.000  -0.138   0.380   0.
  2017 352 16 11 43 484 352.674808848      -0.80      1.52     -0.26  0.        2615.732       2818.188       6959.193    0.000  -0.138   0.380   0.
  2017 352 16 11 44 484 352.674820422      -0.72      1.63     -0.34  0.        2614.584       2819.694       6960.005    0.000  -0.138   0.380   0.
  2017 352 16 11 45 484 352.674831997      -0.57      1.70     -0.52  0.        2613.436       2821.200       6960.817    0.000  -0.138   0.380   0.
  2017 352 16 11 46 484 352.674843571      -0.56      1.54     -0.68  0.        2612.288       2822.706       6961.629    0.000  -0.138   0.380   0.
  2017 352 16 11 47 484 352.674855145      -0.52      1.37     -0.50  0.        2611.139       2824.211       6962.439    0.000  -0.138   0.380   0.
  2017 352 16 11 48 484 352.674866719      -0.43      1.42     -0.31  0.        2609.990       2825.717       6963.249    0.000  -0.138   0.380   0.
  2017 352 16 11 49 484 352.674878293      -0.42      1.38     -0.42  0.        2608.841       2827.222       6964.059    0.000  -0.138   0.380   0.
  2017 352 16 11 50 484 352.674889867      -0.45      1.34     -0.40  0.        2607.692       2828.726       6964.868    0.000  -0.138   0.380   0.
  2017 352 16 11 51 484 352.674901441      -0.55      1.32     -0.23  0.        2606.543       2830.231       6965.676    0.000  -0.138   0.380   0.
  2017 352 16 11 52 484 352.674913015      -0.66      1.23     -0.26  0.        2605.393       2831.735       6966.484    0.000  -0.138   0.380   0.
  2017 352 16 11 53 484 352.674924589      -0.85      1.28     -0.22  0.        2604.243       2833.239       6967.291    0.000  -0.138   0.380   0.
  2017 352 16 11 54 484 352.674936163      -0.92      1.45     -0.04  0.        2603.093       2834.743       6968.097    0.000  -0.138   0.380   0.
  2017 352 16 11 55 484 352.674947737      -0.80      1.56     -0.06  0.        2601.942       2836.247       6968.903    0.000  -0.138   0.380   0.
  2017 352 16 11 56 484 352.674959308      -0.73      1.61     -0.14  0.        2600.792       2837.750       6969.709    0.000  -0.138   0.380   0.
  2017 352 16 11 57 484 352.674970883      -0.61      1.54     -0.18  0.        2599.641       2839.253       6970.514    0.000  -0.138   0.380   0.
  2017 352 16 11 58 484 352.674982457      -0.72      1.58     -0.23  0.        2598.490       2840.756       6971.318    0.000  -0.138   0.380   0.
  2017 352 16 11 59 484 352.674994031      -0.60      1.60     -0.11  0.        2597.339       2842.259       6972.121    0.000  -0.138   0.380   0.
  2017 352 16 12  0 484 352.675005605      -0.47      1.61     -0.13  0.        2596.187       2843.761       6972.924    0.000  -0.138   0.380   0.
  2017 352 16 12  1 484 352.675017179      -0.50      1.45     -0.42  0.        2595.036       2845.263       6973.727    0.000  -0.138   0.380   0.
  2017 352 16 12  2 484 352.675028753      -0.72      1.37     -0.27  0.        2593.884       2846.765       6974.528    0.000  -0.138   0.380   0.
  2017 352 16 12  3 484 352.675040327      -0.81      1.47     -0.12  0.        2592.731       2848.267       6975.330    0.000  -0.138   0.380   0.
  2017 352 16 12  4 484 352.675051901      -0.72      1.47     -0.01  0.        2591.579       2849.768       6976.130    0.000  -0.138   0.380   0.
  2017 352 16 12  5 484 352.675063475      -0.61      1.49     -0.03  0.        2590.427       2851.269       6976.930    0.000  -0.138   0.380   0.
  2017 352 16 12  6 484 352.675075049      -0.61      1.43     -0.20  0.        2589.274       2852.770       6977.730    0.000  -0.138   0.380   0.
  2017 352 16 12  7 484 352.675086623      -0.61      1.45     -0.28  0.        2588.121       2854.271       6978.529    0.000  -0.138   0.380   0.
  2017 352 16 12  8 484 352.675098197      -0.58      1.47     -0.30  0.        2586.968       2855.772       6979.327    0.000  -0.138   0.380   0.
  2017 352 16 12  9 484 352.675109771      -0.72      1.39     -0.26  0.        2585.814       2857.272       6980.125    0.000  -0.138   0.380   0.
  2017 352 16 12 10 484 352.675121346      -0.83      1.44     -0.36  0.        2584.660       2858.772       6980.922    0.000  -0.138   0.380   0.
  2017 352 16 12 11 484 352.675132920      -0.59      1.68     -0.25  0.        2583.507       2860.272       6981.718    0.000  -0.138   0.380   0.
  2017 352 16 12 12 484 352.675144494      -0.63      1.44     -0.57  0.        2582.352       2861.771       6982.514    0.000  -0.138   0.380   0.
  2017 352 16 12 13 484 352.675156068      -1.00      1.35     -0.55  0.        2581.198       2863.270       6983.310    0.000  -0.138   0.380   0.
  2017 352 16 12 14 484 352.675167642      -0.92      1.32     -0.40  0.        2580.044       2864.769       6984.104    0.000  -0.138   0.380   0.
  2017 352 16 12 15 484 352.675179216      -0.98      1.21     -0.30  0.        2578.889       2866.268       6984.898    0.000  -0.138   0.380   0.
  2017 352 16 12 16 484 352.675190790      -1.11      1.26     -0.29  0.        2577.734       2867.767       6985.692    0.000  -0.138   0.380   0.
  2017 352 16 12 17 484 352.675202364      -1.00      1.34     -0.16  0.        2576.579       2869.265       6986.485    0.000  -0.138   0.380   0.
  2017 352 16 12 18 484 352.675213938      -0.78      1.47     -0.15  0.        2575.423       2870.763       6987.277    0.000  -0.138   0.380   0.
  2017 352 16 12 19 484 352.675225512      -0.81      1.26     -0.17  0.        2574.268       2872.261       6988.069    0.000  -0.138   0.380   0.
  2017 352 16 12 20 484 352.675237086      -0.94      1.29     -0.10  0.        2573.112       2873.758       6988.860    0.000  -0.138   0.380   0.
  2017 352 16 12 21 484 352.675248660      -0.88      1.51     -0.02  0.        2571.956       2875.256       6989.651    0.000  -0.138   0.380   0.
  2017 352 16 12 22 484 352.675260234      -0.80      1.69      0.01  0.        2570.800       2876.753       6990.441    0.000  -0.138   0.380   0.
  2017 352 16 12 23 484 352.675271808      -0.76      1.52     -0.17  0.        2569.643       2878.250       6991.230    0.000  -0.138   0.380   0.
  2017 352 16 12 24 484 352.675283383      -0.89      1.41     -0.40  0.        2568.486       2879.746       6992.019    0.000  -0.138   0.380   0.
  2017 352 16 12 25 484 352.675294957      -0.87      1.54     -0.42  0.        2567.329       2881.242       6992.808    0.000  -0.138   0.380   0.
  2017 352 16 12 26 484 352.675306531      -0.76      1.65     -0.37  0.        2566.172       2882.739       6993.595    0.000  -0.138   0.380   0.
  2017 352 16 12 27 484 352.675318104      -0.87      1.43     -0.51  0.        2565.015       2884.234       6994.382    0.000  -0.138   0.380   0.
  2017 352 16 12 28 484 352.675329676      -1.10      1.57     -0.35  0.        2563.857       2885.730       6995.169    0.000  -0.138   0.380   0.
  2017 352 16 12 29 483 352.675341250      -0.84      1.71     -0.45  0.        2562.700       2887.226       6995.955    0.000  -0.138   0.380   0.
  2017 352 16 12 30 483 352.675352824      -0.88      1.42     -0.71  0.        2561.542       2888.721       6996.740    0.000  -0.138   0.380   0.
  2017 352 16 12 31 483 352.675364398      -0.91      1.49     -0.32  0.        2560.383       2890.216       6997.525    0.000  -0.138   0.380   0.
  2017 352 16 12 32 483 352.675375972      -0.95      1.42     -0.05  0.        2559.225       2891.710       6998.309    0.000  -0.138   0.380   0.
  2017 352 16 12 33 483 352.675387546      -0.86      1.44      0.09  0.        2558.066       2893.205       6999.093    0.000  -0.138   0.380   0.
  2017 352 16 12 34 484 352.675399120      -0.61      1.41     -0.08  0.        2556.908       2894.699       6999.876    0.000  -0.138   0.380   0.
  2017 352 16 12 35 484 352.675410694      -0.63      1.33     -0.31  0.        2555.748       2896.193       7000.658    0.000  -0.138   0.380   0.
  2017 352 16 12 36 483 352.675422269      -0.56      1.37     -0.39  0.        2554.589       2897.687       7001.440    0.000  -0.138   0.380   0.
  2017 352 16 12 37 483 352.675433843      -0.54      1.28     -0.35  0.        2553.430       2899.180       7002.221    0.000  -0.138   0.380   0.
  2017 352 16 12 38 484 352.675445417      -0.66      1.39     -0.23  0.        2552.270       2900.673       7003.002    0.000  -0.138   0.380   0.
  2017 352 16 12 39 484 352.675456991      -0.67      1.47     -0.19  0.        2551.110       2902.166       7003.782    0.000  -0.138   0.380   0.
  2017 352 16 12 40 484 352.675468565      -0.72      1.49     -0.30  0.        2549.950       2903.659       7004.561    0.000  -0.138   0.380   0.
  2017 352 16 12 41 484 352.675480139      -0.84      1.44     -0.35  0.        2548.790       2905.151       7005.340    0.000  -0.138   0.380   0.
  2017 352 16 12 42 484 352.675491713      -0.70      1.56     -0.38  0.        2547.629       2906.644       7006.118    0.000  -0.138   0.380   0.
  2017 352 16 12 43 483 352.675503287      -0.67      1.45     -0.48  0.        2546.468       2908.136       7006.896    0.000  -0.138   0.380   0.
  2017 352 16 12 44 483 352.675514861      -0.86      1.34     -0.69  0.        2545.307       2909.627       7007.673    0.000  -0.139   0.381   0.
  2017 352 16 12 45 483 352.675526435      -1.27      1.36     -0.64  0.        2544.146       2911.119       7008.450    0.000  -0.139   0.381   0.
  2017 352 16 12 46 483 352.675538009      -1.27      1.43     -0.19  0.        2542.985       2912.610       7009.226    0.000  -0.138   0.380   0.
  2017 352 16 12 47 483 352.675549583      -1.27      1.48     -0.14  0.        2541.823       2914.101       7010.001    0.000  -0.138   0.380   0.
  2017 352 16 12 48 484 352.675561157      -1.28      1.57     -0.14  0.        2540.661       2915.592       7010.776    0.000  -0.138   0.380   0.
  2017 352 16 12 49 484 352.675572731      -1.22      1.62     -0.18  0.        2539.499       2917.083       7011.550    0.000  -0.138   0.380   0.
  2017 352 16 12 50 483 352.675584306      -1.24      1.61     -0.14  0.        2538.337       2918.573       7012.324    0.000  -0.138   0.380   0.
  2017 352 16 12 51 483 352.675595880      -1.25      1.64     -0.11  0.        2537.175       2920.063       7013.097    0.000  -0.138   0.380   0.
  2017 352 16 12 52 484 352.675607454      -1.27      1.60     -0.18  0.        2536.012       2921.553       7013.869    0.000  -0.138   0.380   0.
  2017 352 16 12 53 484 352.675619028      -1.06      1.55     -0.17  0.        2534.849       2923.042       7014.641    0.000  -0.138   0.380   0.
  2017 352 16 12 54 484 352.675630602      -0.86      1.59     -0.12  0.        2533.686       2924.532       7015.412    0.000  -0.138   0.380   0.
  2017 352 16 12 55 499 352.675642356      -0.63      1.62     -0.27  0.        2532.504       2926.044       7016.195    0.000  -0.138   0.380   0.
  2017 352 16 12 56 515 352.675654109      -0.58      1.44     -0.40  0.        2531.323       2927.556       7016.977    0.000  -0.138   0.380   0.
  2017 352 16 12 57 515 352.675665683      -0.83      1.41     -0.47  0.        2530.159       2929.045       7017.747    0.000  -0.138   0.380   0.
  2017 352 16 12 58 515 352.675677257      -1.10      1.41     -0.19  0.        2528.995       2930.533       7018.516    0.000  -0.138   0.380   0.
  2017 352 16 12 59 514 352.675688831      -1.18      1.48     -0.13  0.        2527.831       2932.021       7019.284    0.000  -0.138   0.380   0.
  2017 352 16 13  0 514 352.675700405      -1.30      1.50     -0.10  0.        2526.666       2933.509       7020.052    0.000  -0.138   0.380   0.
  2017 352 16 13  1 514 352.675711979      -1.33      1.50     -0.19  0.        2525.502       2934.997       7020.819    0.000  -0.138   0.380   0.
  2017 352 16 13  2 514 352.675723553      -1.18      1.51     -0.11  0.        2524.337       2936.484       7021.586    0.000  -0.138   0.380   0.
  2017 352 16 13  3 514 352.675735127      -0.95      1.59     -0.20  0.        2523.172       2937.971       7022.352    0.000  -0.138   0.380   0.
  2017 352 16 13  4 515 352.675746701      -1.02      1.45     -0.23  0.        2522.007       2939.458       7023.117    0.000  -0.138   0.380   0.
  2017 352 16 13  5 515 352.675758275      -1.17      1.40     -0.33  0.        2520.841       2940.945       7023.882    0.000  -0.138   0.380   0.
  2017 352 16 13  6 514 352.675769850      -1.37      1.32     -0.21  0.        2519.676       2942.431       7024.646    0.000  -0.138   0.380   0.
  2017 352 16 13  7 514 352.675781424      -1.49      1.21     -0.01  0.        2518.510       2943.917       7025.410    0.000  -0.138   0.380   0.
  2017 352 16 13  8 515 352.675792998      -1.44      1.50      0.20  0.        2517.344       2945.403       7026.173    0.000  -0.138   0.380   0.
  2017 352 16 13  9 515 352.675804572      -0.97      1.60     -0.04  0.        2516.178       2946.889       7026.936    0.000  -0.138   0.380   0.
  2017 352 16 13 10 515 352.675816146      -0.85      1.35     -0.37  0.        2515.011       2948.374       7027.697    0.000  -0.138   0.380   0.
  2017 352 16 13 11 515 352.675827720      -0.81      1.47     -0.15  0.        2513.845       2949.860       7028.459    0.000  -0.138   0.380   0.
  2017 352 16 13 12 515 352.675839294      -0.89      1.32     -0.16  0.        2512.678       2951.345       7029.220    0.000  -0.138   0.380   0.
  2017 352 16 13 13 514 352.675850868      -0.59      1.67     -0.40  0.        2511.511       2952.829       7029.980    0.000  -0.138   0.380   0.
  2017 352 16 13 14 514 352.675862442      -0.72      1.37     -0.58  0.        2510.343       2954.314       7030.739    0.000  -0.138   0.380   0.
  2017 352 16 13 15 514 352.675874016      -0.87      1.51     -0.05  0.        2509.176       2955.798       7031.498    0.000  -0.138   0.380   0.
  2017 352 16 13 16 514 352.675885590      -0.96      1.63      0.27  0.        2508.008       2957.282       7032.257    0.000  -0.138   0.380   0.
  2017 352 16 13 17 514 352.675897164      -1.11      1.53      0.46  0.        2506.841       2958.766       7033.015    0.000  -0.138   0.380   0.
  2017 352 16 13 18 515 352.675908738      -1.05      1.43      0.18  0.        2505.672       2960.249       7033.772    0.000  -0.138   0.380   0.
  2017 352 16 13 19 515 352.675920312      -0.83      1.55     -0.02  0.        2504.504       2961.732       7034.529    0.000  -0.138   0.380   0.
  2017 352 16 13 20 514 352.675931887      -0.67      1.69      0.01  0.        2503.335       2963.215       7035.285    0.000  -0.138   0.380   0.
  2017 352 16 13 21 515 352.675943461      -0.78      1.50     -0.08  0.        2502.167       2964.698       7036.040    0.000  -0.138   0.380   0.
  2017 352 16 13 22 515 352.675955035      -1.11      1.46     -0.13  0.        2500.998       2966.181       7036.795    0.000  -0.138   0.380   0.
  2017 352 16 13 23 515 352.675966609      -1.32      1.64      0.07  0.        2499.829       2967.663       7037.550    0.000  -0.138   0.380   0.
  2017 352 16 13 24 515 352.675978183      -0.98      2.07     -0.04  0.        2498.659       2969.145       7038.304    0.000  -0.138   0.380   0.
  2017 352 16 13 25 515 352.675989757      -0.57      2.07     -0.32  0.        2497.490       2970.627       7039.057    0.000  -0.138   0.380   0.
  2017 352 16 13 26 514 352.676001328      -0.23      1.67     -0.82  0.        2496.320       2972.108       7039.809    0.000  -0.138   0.380   0.
  2017 352 16 13 27 514 352.676012902      -0.24      1.08     -1.45  0.        2495.150       2973.590       7040.561    0.000  -0.138   0.380   0.
  2017 352 16 13 28 514 352.676024476      -0.60      1.40     -0.91  0.        2493.980       2975.071       7041.313    0.000  -0.138   0.380   0.
  2017 352 16 13 29 514 352.676036050      -0.59      1.87     -0.51  0.        2492.809       2976.551       7042.064    0.000  -0.138   0.380   0.
  2017 352 16 13 30 514 352.676047624      -0.69      1.76     -0.47  0.        2491.639       2978.032       7042.814    0.000  -0.138   0.380   0.
  2017 352 16 13 31 514 352.676059198      -0.74      1.82     -0.12  0.        2490.468       2979.512       7043.564    0.000  -0.138   0.380   0.
  2017 352 16 13 32 514 352.676070773      -0.60      1.85      0.12  0.        2489.297       2980.992       7044.313    0.000  -0.139   0.381   0.
  2017 352 16 13 33 514 352.676082347      -0.53      1.62      0.09  0.        2488.126       2982.472       7045.062    0.000  -0.139   0.381   0.
  2017 352 16 13 34 514 352.676093921      -0.50      1.55      0.11  0.        2486.954       2983.952       7045.810    0.000  -0.138   0.380   0.
  2017 352 16 13 35 514 352.676105495      -0.67      1.50     -0.02  0.        2485.783       2985.431       7046.557    0.000  -0.138   0.380   0.
  2017 352 16 13 36 514 352.676117069      -0.94      1.46     -0.07  0.        2484.611       2986.910       7047.304    0.000  -0.139   0.381   0.
  2017 352 16 13 37 514 352.676128643      -0.99      1.62      0.06  0.        2483.439       2988.389       7048.050    0.000  -0.139   0.381   0.
  2017 352 16 13 38 514 352.676140217      -0.92      1.62     -0.13  0.        2482.267       2989.868       7048.796    0.000  -0.138   0.380   0.
  2017 352 16 13 39 514 352.676151791      -1.09      1.62     -0.20  0.        2481.094       2991.346       7049.541    0.000  -0.138   0.380   0.
  2017 352 16 13 40 514 352.676163365      -0.94      1.82     -0.14  0.        2479.922       2992.824       7050.286    0.000  -0.138   0.380   0.
  2017 352 16 13 41 514 352.676174939      -0.76      1.57     -0.15  0.        2478.749       2994.302       7051.030    0.000  -0.138   0.380   0.
  2017 352 16 13 42 514 352.676186513      -0.81      1.49     -0.11  0.        2477.576       2995.780       7051.773    0.000  -0.138   0.380   0.
  2017 352 16 13 43 514 352.676198087      -0.64      1.60     -0.18  0.        2476.403       2997.257       7052.516    0.000  -0.138   0.380   0.
  2017 352 16 13 44 514 352.676209661      -0.40      1.68     -0.32  0.        2475.229       2998.734       7053.258    0.000  -0.138   0.380   0.
  2017 352 16 13 45 514 352.676221236      -0.22      1.64     -0.86  0.        2474.056       3000.211       7054.000    0.000  -0.138   0.380   0.
  2017 352 16 13 46 514 352.676232810      -1.04      0.81     -0.88  0.        2472.882       3001.688       7054.741    0.000  -0.138   0.380   0.
  2017 352 16 13 47 514 352.676244384      -1.03      1.24     -0.26  0.        2471.708       3003.164       7055.481    0.000  -0.138   0.380   0.
  2017 352 16 13 48 514 352.676255958      -0.83      1.65     -0.16  0.        2470.533       3004.640       7056.221    0.000  -0.138   0.380   0.
  2017 352 16 13 49 514 352.676267532      -0.43      1.75     -0.46  0.        2469.359       3006.116       7056.960    0.000  -0.138   0.380   0.
  2017 352 16 13 50 514 352.676279106      -0.29      1.06     -1.07  0.        2468.184       3007.592       7057.699    0.000  -0.138   0.380   0.
  2017 352 16 13 51 514 352.676290680      -0.68      1.02     -0.89  0.        2467.009       3009.067       7058.437    0.000  -0.138   0.380   0.
  2017 352 16 13 52 514 352.676302254      -0.96      1.30     -0.35  0.        2465.834       3010.542       7059.175    0.000  -0.138   0.380   0.
  2017 352 16 13 53 514 352.676313828      -0.87      1.52     -0.13  0.        2464.659       3012.017       7059.912    0.000  -0.138   0.380   0.
  2017 352 16 13 54 514 352.676325399      -0.62      1.54     -0.19  0.        2463.484       3013.492       7060.649    0.000  -0.138   0.380   0.
  2017 352 16 13 55 514 352.676336973      -0.53      1.46     -0.31  0.        2462.308       3014.966       7061.384    0.000  -0.138   0.380   0.
  2017 352 16 13 56 514 352.676348547      -0.50      1.36     -0.46  0.        2461.132       3016.440       7062.120    0.000  -0.138   0.380   0.
  2017 352 16 13 57 514 352.676360122      -0.54      1.23     -0.56  0.        2459.956       3017.914       7062.854    0.000  -0.138   0.380   0.
  2017 352 16 13 58 514 352.676371696      -0.83      1.06     -0.50  0.        2458.780       3019.388       7063.589    0.000  -0.138   0.380   0.
  2017 352 16 13 59 514 352.676383270      -1.02      1.14     -0.27  0.        2457.603       3020.862       7064.322    0.000  -0.138   0.380   0.
  2017 352 16 14  0 514 352.676394844      -0.95      1.60     -0.02  0.        2456.427       3022.335       7065.055    0.000  -0.138   0.380   0.
  2017 352 16 14  1 514 352.676406418      -0.48      1.71     -0.09  0.        2455.250       3023.808       7065.787    0.000  -0.138   0.380   0.
  2017 352 16 14  2 514 352.676417992      -0.44      1.39     -0.44  0.        2454.073       3025.280       7066.519    0.000  -0.138   0.380   0.
  2017 352 16 14  3 514 352.676429566      -0.38      1.50     -0.44  0.        2452.896       3026.753       7067.251    0.000  -0.138   0.380   0.
  2017 352 16 14  4 514 352.676441140      -0.33      1.36     -0.57  0.        2451.718       3028.225       7067.981    0.000  -0.139   0.381   0.
  2017 352 16 14  5 514 352.676452714      -0.36      1.32     -0.63  0.        2450.541       3029.697       7068.711    0.000  -0.139   0.381   0.
  2017 352 16 14  6 514 352.676464288      -0.32      1.39     -0.61  0.        2449.363       3031.169       7069.441    0.000  -0.139   0.381   0.
  2017 352 16 14  7 514 352.676475862      -0.43      1.20     -0.80  0.        2448.185       3032.640       7070.170    0.000  -0.139   0.381   0.
  2017 352 16 14  8 514 352.676487436      -0.84      1.04     -0.75  0.        2447.006       3034.111       7070.898    0.000  -0.138   0.380   0.
  2017 352 16 14  9 514 352.676499010      -0.90      1.40     -0.49  0.        2445.828       3035.582       7071.626    0.000  -0.138   0.380   0.
  2017 352 16 14 10 514 352.676510584      -0.86      1.38     -0.44  0.        2444.649       3037.053       7072.353    0.000  -0.138   0.380   0.
  2017 352 16 14 11 514 352.676522159      -0.62      1.35     -0.66  0.        2443.470       3038.524       7073.080    0.000  -0.138   0.380   0.
  2017 352 16 14 12 514 352.676533733      -0.81      1.02     -0.73  0.        2442.291       3039.994       7073.806    0.000  -0.138   0.380   0.
  2017 352 16 14 13 514 352.676545307      -1.25      1.35     -0.25  0.        2441.112       3041.464       7074.532    0.000  -0.138   0.380   0.
  2017 352 16 14 14 514 352.676556881      -0.52      2.13      0.07  0.        2439.933       3042.934       7075.257    0.000  -0.138   0.380   0.
  2017 352 16 14 15 514 352.676568455      -0.35      1.75     -0.60  0.        2438.753       3044.403       7075.981    0.000  -0.138   0.380   0.
  2017 352 16 14 16 514 352.676580029      -0.86      1.20     -0.77  0.        2437.573       3045.872       7076.705    0.000  -0.139   0.381   0.
  2017 352 16 14 17 514 352.676591603      -0.76      1.80     -0.25  0.        2436.393       3047.341       7077.428    0.000  -0.139   0.381   0.
  2017 352 16 14 18 514 352.676603177      -0.04      1.87     -0.42  0.        2435.213       3048.810       7078.151    0.000  -0.138   0.380   0.
  2017 352 16 14 19 514 352.676614751       0.11      1.06     -1.24  0.        2434.033       3050.279       7078.873    0.000  -0.138   0.380   0.
  2017 352 16 14 20 514 352.676626325      -0.64      0.76     -1.22  0.        2432.852       3051.747       7079.594    0.000  -0.139   0.381   0.
  2017 352 16 14 21 514 352.676637899      -1.10      0.96     -0.74  0.        2431.671       3053.215       7080.315    0.000  -0.139   0.381   0.
  2017 352 16 14 22 514 352.676649473      -1.19      1.14     -0.49  0.        2430.490       3054.683       7081.035    0.000  -0.138   0.380   0.
  2017 352 16 14 23 514 352.676661047      -1.08      1.62     -0.08  0.        2429.309       3056.150       7081.755    0.000  -0.138   0.380   0.
  2017 352 16 14 24 514 352.676672619      -0.37      1.74     -0.00  0.        2428.127       3057.618       7082.474    0.000  -0.138   0.380   0.
  2017 352 16 14 25 514 352.676684193      -0.25      1.51     -0.24  0.        2426.946       3059.085       7083.193    0.000  -0.138   0.380   0.
  2017 352 16 14 26 514 352.676695767      -0.56      1.27     -0.48  0.        2425.764       3060.552       7083.911    0.000  -0.138   0.380   0.
  2017 352 16 14 27 514 352.676707341      -0.90      1.12     -0.40  0.        2424.582       3062.018       7084.629    0.000  -0.138   0.380   0.
  2017 352 16 14 28 514 352.676718915      -0.83      1.13     -0.34  0.        2423.400       3063.484       7085.346    0.000  -0.138   0.380   0.
  2017 352 16 14 29 514 352.676730489      -0.83      1.36     -0.23  0.        2422.217       3064.950       7086.062    0.000  -0.138   0.380   0.
  2017 352 16 14 30 514 352.676742063      -0.53      1.60     -0.30  0.        2421.035       3066.416       7086.778    0.000  -0.138   0.380   0.
  2017 352 16 14 31 514 352.676753637      -0.19      1.46     -0.55  0.        2419.852       3067.882       7087.493    0.000  -0.138   0.380   0.
  2017 352 16 14 32 514 352.676765211      -0.54      1.39     -0.68  0.        2418.669       3069.347       7088.207    0.000  -0.139   0.381   0.
  2017 352 16 14 33 514 352.676776785      -0.46      1.90     -0.49  0.        2417.486       3070.812       7088.922    0.000  -0.139   0.381   0.
  2017 352 16 14 34 514 352.676788359      -0.04      1.78     -0.80  0.        2416.303       3072.277       7089.635    0.000  -0.139   0.381   0.
  2017 352 16 14 35 514 352.676799933      -0.41      1.24     -1.16  0.        2415.119       3073.742       7090.348    0.000  -0.139   0.381   0.
  2017 352 16 14 36 514 352.676811508      -0.84      1.20     -1.73  0.        2413.936       3075.206       7091.060    0.000  -0.138   0.380   0.
  2017 352 16 14 37 514 352.676823082      -1.43      0.91     -1.64  0.        2412.751       3076.670       7091.772    0.000  -0.138   0.380   0.
  2017 352 16 14 38 514 352.676834656      -1.71      0.93     -0.93  0.        2411.567       3078.134       7092.483    0.000  -0.138   0.380   0.
  2017 352 16 14 39 514 352.676846230      -2.00      1.23     -0.22  0.        2410.383       3079.597       7093.194    0.000  -0.138   0.380   0.
  2017 352 16 14 40 514 352.676857804      -1.75      2.19      0.04  0.        2409.198       3081.061       7093.904    0.000  -0.138   0.380   0.
  2017 352 16 14 41 514 352.676869378      -1.19      2.36      0.11  0.        2408.014       3082.524       7094.613    0.000  -0.138   0.380   0.
  2017 352 16 14 42 514 352.676880952      -0.60      2.01     -0.03  0.        2406.829       3083.987       7095.322    0.000  -0.139   0.381   0.
  2017 352 16 14 43 514 352.676892526      -0.44      2.05     -0.09  0.        2405.643       3085.449       7096.031    0.000  -0.139   0.381   0.
  2017 352 16 14 44 514 352.676904100       0.13      2.18     -0.52  0.        2404.458       3086.911       7096.738    0.000  -0.138   0.380   0.
  2017 352 16 14 45 514 352.676915674      -0.00      1.62     -1.01  0.        2403.273       3088.374       7097.446    0.000  -0.138   0.380   0.
  2017 352 16 14 46 514 352.676927248      -0.48      1.54     -1.10  0.        2402.087       3089.835       7098.152    0.000  -0.138   0.380   0.
  2017 352 16 14 47 514 352.676938822      -0.44      1.31     -1.04  0.        2400.901       3091.297       7098.858    0.000  -0.138   0.380   0.
  2017 352 16 14 48 514 352.676950396      -0.35      1.10     -0.93  0.        2399.715       3092.758       7099.564    0.000  -0.139   0.381   0.
  2017 352 16 14 49 514 352.676961971      -0.53      1.29     -0.59  0.        2398.529       3094.219       7100.269    0.000  -0.139   0.381   0.
  2017 352 16 14 50 514 352.676973545      -0.10      1.73     -0.29  0.        2397.342       3095.680       7100.973    0.000  -0.138   0.380   0.
  2017 352 16 14 51 514 352.676985118       0.51      1.78     -0.54  0.        2396.156       3097.141       7101.677    0.000  -0.138   0.380   0.
  2017 352 16 14 52 514 352.676996690       0.55      1.58     -0.71  0.        2394.969       3098.601       7102.380    0.000  -0.138   0.380   0.
  2017 352 16 14 53 514 352.677008264       0.56      1.63     -0.41  0.        2393.782       3100.061       7103.083    0.000  -0.138   0.380   0.
  2017 352 16 14 54 514 352.677019838       0.60      1.50     -0.47  0.        2392.594       3101.521       7103.785    0.000  -0.139   0.381   0.
  2017 352 16 14 55 513 352.677031412       0.84      1.22     -0.96  0.        2391.407       3102.981       7104.486    0.000  -0.139   0.381   0.
  2017 352 16 14 56 513 352.677042986       0.11      0.99     -0.77  0.        2390.219       3104.440       7105.187    0.000  -0.138   0.380   0.
  2017 352 16 14 57 513 352.677054560       0.10      1.92     -0.16  0.        2389.032       3105.899       7105.887    0.000  -0.138   0.380   0.
  2017 352 16 14 58 513 352.677066134       0.39      2.02     -0.18  0.        2387.844       3107.358       7106.587    0.000  -0.138   0.380   0.
  2017 352 16 14 59 513 352.677077708       0.39      1.89     -0.25  0.        2386.655       3108.817       7107.286    0.000  -0.138   0.380   0.
  2017 352 16 15  0 514 352.677089282       0.07      1.55     -0.51  0.        2385.467       3110.275       7107.985    0.000  -0.138   0.380   0.
  2017 352 16 15  1 514 352.677100857       0.06      1.51     -0.06  0.        2384.278       3111.733       7108.683    0.000  -0.138   0.380   0.
  2017 352 16 15  2 513 352.677112431       0.03      1.64     -0.00  0.        2383.090       3113.191       7109.381    0.000  -0.138   0.380   0.
  2017 352 16 15  3 513 352.677124005       0.41      1.70     -0.48  0.        2381.901       3114.649       7110.078    0.000  -0.138   0.380   0.
  2017 352 16 15  4 514 352.677135579       0.45      1.51     -0.71  0.        2380.712       3116.106       7110.774    0.000  -0.138   0.380   0.
  2017 352 16 15  5 514 352.677147153       0.14      1.25     -0.72  0.        2379.522       3117.563       7111.470    0.000  -0.138   0.380   0.
  2017 352 16 15  6 514 352.677158727      -0.08      1.11     -0.74  0.        2378.333       3119.020       7112.165    0.000  -0.139   0.381   0.
  2017 352 16 15  7 514 352.677170301      -0.43      1.15     -0.63  0.        2377.143       3120.477       7112.860    0.000  -0.139   0.381   0.
  2017 352 16 15  8 513 352.677181875      -0.39      1.18     -0.54  0.        2375.953       3121.933       7113.554    0.000  -0.138   0.380   0.
  2017 352 16 15  9 513 352.677193449      -0.41      1.23     -0.39  0.        2374.763       3123.389       7114.247    0.000  -0.138   0.380   0.
  2017 352 16 15 10 513 352.677205023      -0.29      1.34     -0.24  0.        2373.573       3124.845       7114.940    0.000  -0.139   0.381   0.
  2017 352 16 15 11 513 352.677216597      -0.24      1.28     -0.32  0.        2372.382       3126.301       7115.633    0.000  -0.139   0.381   0.
  2017 352 16 15 12 513 352.677228171      -0.22      1.34     -0.30  0.        2371.192       3127.756       7116.325    0.000  -0.139   0.381   0.
  2017 352 16 15 13 514 352.677239745      -0.27      1.32     -0.51  0.        2370.001       3129.211       7117.016    0.000  -0.139   0.381   0.
  2017 352 16 15 14 514 352.677251319      -0.44      1.18     -0.60  0.        2368.810       3130.666       7117.707    0.000  -0.138   0.380   0.
  2017 352 16 15 15 513 352.677262894      -0.65      1.24     -0.46  0.        2367.618       3132.121       7118.397    0.000  -0.138   0.380   0.
  2017 352 16 15 16 513 352.677274468      -0.74      1.29     -0.32  0.        2366.427       3133.575       7119.086    0.000  -0.138   0.380   0.
  2017 352 16 15 17 514 352.677286042      -0.74      1.30     -0.30  0.        2365.235       3135.029       7119.775    0.000  -0.138   0.380   0.
  2017 352 16 15 18 514 352.677297616      -0.59      1.30     -0.34  0.        2364.044       3136.483       7120.463    0.000  -0.138   0.380   0.
  2017 352 16 15 19 514 352.677309190      -0.71      1.25     -0.29  0.        2362.852       3137.937       7121.151    0.000  -0.138   0.380   0.
  2017 352 16 15 20 514 352.677320764      -0.76      1.24     -0.29  0.        2361.660       3139.390       7121.839    0.000  -0.138   0.380   0.
  2017 352 16 15 21 514 352.677332338      -0.78      1.24     -0.29  0.        2360.467       3140.843       7122.526    0.000  -0.138   0.380   0.
  2017 352 16 15 22 513 352.677343909      -0.73      1.24     -0.29  0.        2359.275       3142.296       7123.212    0.000  -0.139   0.381   0.
  2017 352 16 15 23 513 352.677355483      -0.68      1.26     -0.37  0.        2358.082       3143.749       7123.897    0.000  -0.139   0.381   0.
  2017 352 16 15 24 513 352.677367057      -0.88      1.24     -0.44  0.        2356.889       3145.201       7124.582    0.000  -0.139   0.381   0.
  2017 352 16 15 25 513 352.677378631      -1.05      1.32     -0.41  0.        2355.696       3146.654       7125.267    0.000  -0.139   0.381   0.
  2017 352 16 15 26 513 352.677390205      -0.88      1.38     -0.39  0.        2354.503       3148.105       7125.951    0.000  -0.138   0.380   0.
  2017 352 16 15 27 513 352.677401780      -0.72      1.26     -0.41  0.        2353.309       3149.557       7126.634    0.000  -0.138   0.380   0.
  2017 352 16 15 28 513 352.677413354      -0.83      1.25     -0.40  0.        2352.115       3151.008       7127.317    0.000  -0.139   0.381   0.
  2017 352 16 15 29 513 352.677424928      -0.78      1.26     -0.53  0.        2350.922       3152.460       7127.999    0.000  -0.139   0.381   0.
  2017 352 16 15 30 513 352.677436502      -0.61      1.29     -0.62  0.        2349.728       3153.911       7128.681    0.000  -0.139   0.381   0.
  2017 352 16 15 31 513 352.677448076      -0.76      1.28     -0.55  0.        2348.533       3155.361       7129.362    0.000  -0.139   0.381   0.
  2017 352 16 15 32 513 352.677459650      -0.75      1.30     -0.49  0.        2347.339       3156.812       7130.042    0.000  -0.138   0.380   0.
  2017 352 16 15 33 513 352.677471224      -0.81      1.26     -0.35  0.        2346.144       3158.262       7130.722    0.000  -0.138   0.380   0.
  2017 352 16 15 34 513 352.677482798      -0.58      1.48     -0.30  0.        2344.950       3159.712       7131.401    0.000  -0.139   0.381   0.
  2017 352 16 15 35 513 352.677494372      -0.60      1.24     -0.56  0.        2343.755       3161.161       7132.080    0.000  -0.139   0.381   0.
  2017 352 16 15 36 513 352.677505946      -0.64      1.34     -0.29  0.        2342.559       3162.611       7132.759    0.000  -0.139   0.381   0.
  2017 352 16 15 37 513 352.677517520      -0.39      1.56     -0.29  0.        2341.364       3164.060       7133.436    0.000  -0.139   0.381   0.
  2017 352 16 15 38 513 352.677529094      -0.19      1.32     -0.61  0.        2340.169       3165.509       7134.113    0.000  -0.138   0.380   0.
  2017 352 16 15 39 513 352.677540668      -0.44      1.17     -0.41  0.        2338.973       3166.957       7134.790    0.000  -0.138   0.380   0.
  2017 352 16 15 40 513 352.677552242      -0.41      1.41     -0.20  0.        2337.777       3168.406       7135.466    0.000  -0.139   0.381   0.
  2017 352 16 15 41 513 352.677563817      -0.20      1.44     -0.42  0.        2336.581       3169.854       7136.141    0.000  -0.139   0.381   0.
  2017 352 16 15 42 513 352.677575391      -0.40      1.26     -0.62  0.        2335.385       3171.302       7136.816    0.000  -0.139   0.381   0.
  2017 352 16 15 43 513 352.677586965      -0.50      1.18     -0.74  0.        2334.188       3172.750       7137.490    0.000  -0.139   0.381   0.
  2017 352 16 15 44 513 352.677598539      -0.86      0.89     -0.73  0.        2332.991       3174.197       7138.164    0.000  -0.138   0.380   0.
  2017 352 16 15 45 513 352.677610113      -1.03      1.41     -0.04  0.        2331.795       3175.644       7138.837    0.000  -0.138   0.380   0.
  2017 352 16 15 46 513 352.677621687      -0.82      1.88      0.06  0.        2330.598       3177.091       7139.510    0.000  -0.139   0.381   0.
  2017 352 16 15 47 513 352.677633261      -0.55      1.74     -0.26  0.        2329.401       3178.538       7140.182    0.000  -0.139   0.381   0.
  2017 352 16 15 48 513 352.677644835      -0.78      1.36     -0.37  0.        2328.203       3179.984       7140.854    0.000  -0.139   0.381   0.
  2017 352 16 15 49 513 352.677656409      -1.14      1.34      0.01  0.        2327.006       3181.430       7141.524    0.000  -0.139   0.381   0.
  2017 352 16 15 50 513 352.677667980      -0.95      1.89      0.34  0.        2325.808       3182.876       7142.195    0.000  -0.138   0.380   0.
  2017 352 16 15 51 513 352.677679554       0.27      2.27      0.05  0.        2324.610       3184.322       7142.865    0.000  -0.138   0.380   0.
  2017 352 16 15 52 513 352.677691128       0.36      1.74     -0.60  0.        2323.412       3185.767       7143.534    0.000  -0.139   0.381   0.
  2017 352 16 15 53 513 352.677702703      -0.21      1.35     -0.55  0.        2322.214       3187.212       7144.202    0.000  -0.139   0.381   0.
  2017 352 16 15 54 513 352.677714277      -0.47      1.36     -0.33  0.        2321.015       3188.657       7144.871    0.000  -0.139   0.381   0.
  2017 352 16 15 55 513 352.677725851      -0.55      1.30     -0.44  0.        2319.817       3190.102       7145.538    0.000  -0.139   0.381   0.
  2017 352 16 15 56 513 352.677737425      -0.59      1.28     -0.55  0.        2318.618       3191.546       7146.205    0.000  -0.138   0.380   0.
  2017 352 16 15 57 513 352.677748999      -0.55      1.16     -0.64  0.        2317.419       3192.990       7146.871    0.000  -0.138   0.380   0.
  2017 352 16 15 58 513 352.677760573      -1.02      1.02     -0.66  0.        2316.219       3194.434       7147.537    0.000  -0.139   0.381   0.
  2017 352 16 15 59 513 352.677772147      -0.98      1.52     -0.55  0.        2315.020       3195.878       7148.203    0.000  -0.139   0.381   0.
  2017 352 16 16  0 513 352.677783721      -0.85      1.27     -0.73  0.        2313.821       3197.321       7148.867    0.000  -0.139   0.381   0.
  2017 352 16 16  1 513 352.677795295      -0.90      1.29     -0.63  0.        2312.621       3198.764       7149.532    0.000  -0.139   0.381   0.
  2017 352 16 16  2 513 352.677806869      -1.07      1.26     -0.37  0.        2311.421       3200.207       7150.195    0.000  -0.138   0.380   0.
  2017 352 16 16  3 513 352.677818443      -1.17      1.32      0.01  0.        2310.221       3201.650       7150.858    0.000  -0.138   0.380   0.
  2017 352 16 16  4 513 352.677830017      -1.05      1.67      0.30  0.        2309.020       3203.092       7151.521    0.000  -0.139   0.381   0.
  2017 352 16 16  5 513 352.677841591      -0.50      1.81      0.15  0.        2307.820       3204.534       7152.183    0.000  -0.139   0.381   0.
  2017 352 16 16  6 513 352.677853166      -0.32      1.70     -0.21  0.        2306.619       3205.976       7152.844    0.000  -0.139   0.381   0.
  2017 352 16 16  7 513 352.677864740      -0.47      1.45     -0.39  0.        2305.419       3207.418       7153.505    0.000  -0.139   0.381   0.
  2017 352 16 16  8 513 352.677876314      -0.48      1.44     -0.36  0.        2304.218       3208.859       7154.165    0.000  -0.138   0.380   0.
  2017 352 16 16  9 513 352.677887888      -0.32      1.54     -0.53  0.        2303.016       3210.300       7154.825    0.000  -0.138   0.380   0.
  2017 352 16 16 10 513 352.677899462      -0.12      1.51     -0.86  0.        2301.815       3211.741       7155.484    0.000  -0.139   0.381   0.
  2017 352 16 16 11 513 352.677911036      -0.22      1.41     -0.78  0.        2300.613       3213.182       7156.142    0.000  -0.139   0.381   0.
  2017 352 16 16 12 513 352.677922610      -0.49      1.41     -0.58  0.        2299.412       3214.622       7156.800    0.000  -0.138   0.380   0.
  2017 352 16 16 13 513 352.677934184      -0.39      1.44     -0.55  0.        2298.210       3216.062       7157.458    0.000  -0.138   0.380   0.
  2017 352 16 16 14 513 352.677945758      -0.58      1.28     -0.49  0.        2297.008       3217.503       7158.115    0.000  -0.139   0.381   0.
  2017 352 16 16 15 513 352.677957332      -0.46      1.52     -0.18  0.        2295.805       3218.942       7158.771    0.000  -0.139   0.381   0.
  2017 352 16 16 16 513 352.677968906      -0.63      1.59     -0.18  0.        2294.603       3220.381       7159.427    0.000  -0.138   0.380   0.
  2017 352 16 16 17 513 352.677980480      -0.69      1.97      0.06  0.        2293.400       3221.820       7160.082    0.000  -0.138   0.380   0.
  2017 352 16 16 18 513 352.677992052      -0.57      1.69     -0.43  0.        2292.198       3223.259       7160.736    0.000  -0.138   0.380   0.
  2017 352 16 16 19 513 352.678003626      -0.96      1.23     -0.56  0.        2290.995       3224.698       7161.391    0.000  -0.138   0.380   0.
  2017 352 16 16 20 513 352.678015200      -0.67      1.86     -0.14  0.        2289.791       3226.136       7162.044    0.000  -0.139   0.381   0.
  2017 352 16 16 21 513 352.678026774      -0.04      1.63     -0.70  0.        2288.588       3227.574       7162.697    0.000  -0.139   0.381   0.
  2017 352 16 16 22 513 352.678038348      -0.53      1.07     -0.83  0.        2287.385       3229.012       7163.349    0.000  -0.138   0.380   0.
  2017 352 16 16 23 513 352.678049922      -0.76      1.19     -0.61  0.        2286.181       3230.450       7164.001    0.000  -0.138   0.380   0.
  2017 352 16 16 24 513 352.678061496      -0.65      1.35     -0.52  0.        2284.977       3231.887       7164.652    0.000  -0.138   0.380   0.
  2017 352 16 16 25 513 352.678073070      -0.62      1.48     -0.37  0.        2283.773       3233.324       7165.303    0.000  -0.138   0.380   0.
  2017 352 16 16 26 513 352.678084644      -0.67      1.57     -0.36  0.        2282.569       3234.761       7165.953    0.000  -0.139   0.381   0.
  2017 352 16 16 27 513 352.678096218      -0.70      1.43     -0.54  0.        2281.364       3236.198       7166.603    0.000  -0.139   0.381   0.
  2017 352 16 16 28 513 352.678107792      -1.05      1.25     -0.56  0.        2280.160       3237.634       7167.252    0.000  -0.138   0.380   0.
  2017 352 16 16 29 513 352.678119366      -1.29      1.37     -0.27  0.        2278.955       3239.070       7167.900    0.000  -0.138   0.380   0.
  2017 352 16 16 30 513 352.678130940      -1.28      1.60     -0.17  0.        2277.750       3240.506       7168.548    0.000  -0.138   0.380   0.
  2017 352 16 16 31 513 352.678142514      -1.15      1.61     -0.35  0.        2276.545       3241.942       7169.196    0.000  -0.138   0.380   0.
  2017 352 16 16 32 513 352.678154089      -1.62      1.32     -0.17  0.        2275.340       3243.377       7169.842    0.000  -0.138   0.380   0.
  2017 352 16 16 33 513 352.678165663      -1.60      1.61      0.07  0.        2274.134       3244.812       7170.489    0.000  -0.138   0.380   0.
  2017 352 16 16 34 513 352.678177237      -1.36      1.95      0.03  0.        2272.929       3246.247       7171.135    0.000  -0.139   0.381   0.
  2017 352 16 16 35 513 352.678188811      -1.15      1.85     -0.04  0.        2271.723       3247.682       7171.780    0.000  -0.139   0.381   0.
  2017 352 16 16 36 513 352.678200385      -1.13      1.68     -0.37  0.        2270.517       3249.116       7172.424    0.000  -0.138   0.380   0.
  2017 352 16 16 37 513 352.678211959      -1.18      1.70     -0.31  0.        2269.310       3250.550       7173.068    0.000  -0.138   0.380   0.
  2017 352 16 16 38 513 352.678223533      -1.17      1.66     -0.13  0.        2268.104       3251.984       7173.712    0.000  -0.138   0.380   0.
  2017 352 16 16 39 513 352.678235107      -1.17      1.77     -0.06  0.        2266.898       3253.417       7174.354    0.000  -0.138   0.380   0.
  2017 352 16 16 40 513 352.678246681      -0.96      1.75     -0.06  0.        2265.691       3254.851       7174.997    0.000  -0.139   0.381   0.
  2017 352 16 16 41 513 352.678258255      -0.67      1.70     -0.00  0.        2264.484       3256.284       7175.639    0.000  -0.139   0.381   0.
  2017 352 16 16 42 513 352.678269829      -0.84      1.47     -0.25  0.        2263.277       3257.717       7176.280    0.000  -0.139   0.381   0.
  2017 352 16 16 43 513 352.678281403      -1.43      1.62      0.13  0.        2262.070       3259.149       7176.921    0.000  -0.139   0.381   0.
  2017 352 16 16 44 513 352.678292977      -0.88      1.94     -0.06  0.        2260.862       3260.581       7177.561    0.000  -0.139   0.381   0.
  2017 352 16 16 45 513 352.678304552      -0.77      1.66     -0.28  0.        2259.655       3262.013       7178.200    0.000  -0.139   0.381   0.
  2017 352 16 16 46 513 352.678316126      -0.77      1.96     -0.42  0.        2258.447       3263.445       7178.839    0.000  -0.138   0.380   0.
  2017 352 16 16 47 513 352.678327700      -0.28      1.98     -0.71  0.        2257.239       3264.877       7179.478    0.000  -0.138   0.380   0.
  2017 352 16 16 48 513 352.678339274      -0.31      1.56     -0.78  0.        2256.031       3266.308       7180.115    0.000  -0.139   0.381   0.
  2017 352 16 16 49 513 352.678350847      -0.65      1.19     -0.94  0.        2254.823       3267.739       7180.753    0.000  -0.139   0.381   0.
  2017 352 16 16 50 513 352.678362419      -0.75      1.09     -1.01  0.        2253.614       3269.170       7181.390    0.000  -0.139   0.381   0.
  2017 352 16 16 51 512 352.678373993      -0.71      1.32     -0.95  0.        2252.406       3270.601       7182.026    0.000  -0.139   0.381   0.
  2017 352 16 16 52 512 352.678385567      -0.70      1.17     -0.82  0.        2251.197       3272.031       7182.661    0.000  -0.139   0.381   0.
  2017 352 16 16 53 512 352.678397141      -0.95      1.05     -0.69  0.        2249.988       3273.461       7183.297    0.000  -0.139   0.381   0.
  2017 352 16 16 54 512 352.678408715      -1.05      1.19     -0.51  0.        2248.779       3274.891       7183.931    0.000  -0.139   0.381   0.
  2017 352 16 16 55 513 352.678420289      -0.89      1.29     -0.48  0.        2247.569       3276.320       7184.565    0.000  -0.139   0.381   0.
  2017 352 16 16 56 513 352.678431863      -0.98      1.09     -0.64  0.        2246.360       3277.750       7185.199    0.000  -0.139   0.381   0.
  2017 352 16 16 57 512 352.678443437      -1.29      1.15     -0.47  0.        2245.150       3279.179       7185.831    0.000  -0.139   0.381   0.
  2017 352 16 16 58 512 352.678455012      -1.11      1.43     -0.17  0.        2243.940       3280.607       7186.464    0.000  -0.139   0.381   0.
  2017 352 16 16 59 513 352.678466586      -1.11      1.47     -0.32  0.        2242.730       3282.036       7187.096    0.000  -0.139   0.381   0.
  2017 352 16 17  0 513 352.678478160      -1.02      1.45     -0.19  0.        2241.520       3283.464       7187.727    0.000  -0.139   0.381   0.
  2017 352 16 17  1 513 352.678489734      -0.89      1.47     -0.13  0.        2240.310       3284.892       7188.357    0.000  -0.139   0.381   0.
  2017 352 16 17  2 513 352.678501308      -1.00      1.33     -0.45  0.        2239.099       3286.320       7188.987    0.000  -0.138   0.380   0.
  2017 352 16 17  3 513 352.678512882      -1.32      1.18     -0.41  0.        2237.888       3287.747       7189.617    0.000  -0.138   0.380   0.
  2017 352 16 17  4 512 352.678524456      -1.37      1.61      0.04  0.        2236.677       3289.175       7190.246    0.000  -0.139   0.381   0.
  2017 352 16 17  5 512 352.678536030      -0.88      1.68      0.03  0.        2235.466       3290.602       7190.874    0.000  -0.139   0.381   0.
  2017 352 16 17  6 512 352.678547604      -0.65      1.77     -0.03  0.        2234.255       3292.029       7191.502    0.000  -0.139   0.381   0.
  2017 352 16 17  7 512 352.678559178      -0.26      1.53     -0.39  0.        2233.044       3293.455       7192.130    0.000  -0.139   0.381   0.
  2017 352 16 17  8 512 352.678570752      -0.32      1.28     -0.57  0.        2231.832       3294.881       7192.756    0.000  -0.138   0.380   0.
  2017 352 16 17  9 513 352.678582326      -0.33      1.29     -0.58  0.        2230.620       3296.307       7193.383    0.000  -0.138   0.380   0.
  2017 352 16 17 10 513 352.678593900      -0.51      1.32     -0.38  0.        2229.409       3297.733       7194.008    0.000  -0.139   0.381   0.
  2017 352 16 17 11 512 352.678605475      -0.56      1.47     -0.23  0.        2228.196       3299.158       7194.633    0.000  -0.139   0.381   0.
  2017 352 16 17 12 512 352.678617049      -0.54      1.51     -0.22  0.        2226.984       3300.584       7195.258    0.000  -0.139   0.381   0.
  2017 352 16 17 13 513 352.678628623      -0.55      1.49     -0.12  0.        2225.772       3302.009       7195.882    0.000  -0.139   0.381   0.
  2017 352 16 17 14 513 352.678640197      -0.38      1.56     -0.10  0.        2224.559       3303.433       7196.505    0.000  -0.138   0.380   0.
  2017 352 16 17 15 513 352.678651771      -0.27      1.68     -0.15  0.        2223.346       3304.858       7197.128    0.000  -0.138   0.380   0.
  2017 352 16 17 16 513 352.678663345      -0.14      1.74     -0.31  0.        2222.133       3306.282       7197.751    0.000  -0.139   0.381   0.
  2017 352 16 17 17 513 352.678674919      -0.16      1.59     -0.36  0.        2220.920       3307.706       7198.372    0.000  -0.139   0.381   0.
  2017 352 16 17 18 512 352.678686490      -0.38      1.52     -0.22  0.        2219.707       3309.130       7198.994    0.000  -0.139   0.381   0.
  2017 352 16 17 19 512 352.678698064      -0.49      1.58     -0.09  0.        2218.494       3310.553       7199.614    0.000  -0.139   0.381   0.
  2017 352 16 17 20 512 352.678709638      -0.37      1.85     -0.06  0.        2217.280       3311.976       7200.235    0.000  -0.138   0.380   0.
  2017 352 16 17 21 512 352.678721212       0.13      2.00     -0.21  0.        2216.066       3313.399       7200.854    0.000  -0.138   0.380   0.
  2017 352 16 17 22 512 352.678732786       0.26      1.83     -0.41  0.        2214.852       3314.822       7201.473    0.000  -0.139   0.381   0.
  2017 352 16 17 23 512 352.678744361       0.10      1.48     -0.69  0.        2213.638       3316.244       7202.092    0.000  -0.139   0.381   0.
  2017 352 16 17 24 512 352.678755935      -0.21      1.33     -0.71  0.        2212.424       3317.667       7202.710    0.000  -0.139   0.381   0.
  2017 352 16 17 25 512 352.678767509      -0.58      1.26     -0.62  0.        2211.209       3319.089       7203.327    0.000  -0.139   0.381   0.
  2017 352 16 17 26 512 352.678779083      -0.78      1.37     -0.37  0.        2209.995       3320.510       7203.944    0.000  -0.138   0.380   0.
  2017 352 16 17 27 512 352.678790657      -0.57      1.58     -0.27  0.        2208.780       3321.932       7204.560    0.000  -0.138   0.380   0.
  2017 352 16 17 28 512 352.678802231      -0.42      1.56     -0.40  0.        2207.565       3323.353       7205.176    0.000  -0.138   0.380   0.
  2017 352 16 17 29 512 352.678813805      -0.40      1.46     -0.48  0.        2206.350       3324.774       7205.791    0.000  -0.138   0.380   0.
  2017 352 16 17 30 512 352.678825379      -0.36      1.43     -0.39  0.        2205.134       3326.194       7206.405    0.000  -0.139   0.381   0.
  2017 352 16 17 31 512 352.678836953      -0.40      1.38     -0.37  0.        2203.919       3327.615       7207.020    0.000  -0.139   0.381   0.
  2017 352 16 17 32 512 352.678848527      -0.50      1.39     -0.43  0.        2202.703       3329.035       7207.633    0.000  -0.138   0.380   0.
  2017 352 16 17 33 512 352.678860101      -0.54      1.38     -0.35  0.        2201.487       3330.455       7208.246    0.000  -0.138   0.380   0.
  2017 352 16 17 34 512 352.678871675      -0.58      1.34     -0.36  0.        2200.271       3331.875       7208.858    0.000  -0.138   0.380   0.
  2017 352 16 17 35 512 352.678883249      -0.61      1.38     -0.37  0.        2199.055       3333.294       7209.470    0.000  -0.138   0.380   0.
  2017 352 16 17 36 512 352.678894823      -0.63      1.34     -0.38  0.        2197.839       3334.713       7210.082    0.000  -0.139   0.381   0.
  2017 352 16 17 37 512 352.678906398      -0.75      1.32     -0.35  0.        2196.622       3336.132       7210.692    0.000  -0.139   0.381   0.
  2017 352 16 17 38 512 352.678917972      -0.72      1.41     -0.26  0.        2195.406       3337.550       7211.302    0.000  -0.138   0.380   0.
  2017 352 16 17 39 512 352.678929546      -0.70      1.40     -0.21  0.        2194.189       3338.969       7211.912    0.000  -0.138   0.380   0.
  2017 352 16 17 40 512 352.678941120      -0.78      1.34     -0.23  0.        2192.972       3340.387       7212.521    0.000  -0.138   0.380   0.
  2017 352 16 17 41 512 352.678952694      -0.78      1.46     -0.16  0.        2191.755       3341.805       7213.129    0.000  -0.138   0.380   0.
  2017 352 16 17 42 512 352.678964268      -0.65      1.44     -0.08  0.        2190.537       3343.223       7213.738    0.000  -0.138   0.380   0.
  2017 352 16 17 43 512 352.678975842      -0.69      1.46     -0.13  0.        2189.320       3344.640       7214.345    0.000  -0.138   0.380   0.
  2017 352 16 17 44 512 352.678987416      -0.83      1.32     -0.28  0.        2188.102       3346.057       7214.952    0.000  -0.138   0.380   0.
  2017 352 16 17 45 512 352.678998990      -0.95      1.37     -0.11  0.        2186.884       3347.474       7215.558    0.000  -0.138   0.380   0.
  2017 352 16 17 46 512 352.679010564      -0.88      1.55     -0.22  0.        2185.666       3348.890       7216.164    0.000  -0.139   0.381   0.
  2017 352 16 17 47 512 352.679022138      -0.95      1.43     -0.29  0.        2184.448       3350.307       7216.769    0.000  -0.139   0.381   0.
  2017 352 16 17 48 512 352.679033710      -0.98      1.42     -0.19  0.        2183.230       3351.723       7217.374    0.000  -0.138   0.380   0.
  2017 352 16 17 49 512 352.679045284      -0.88      1.54     -0.25  0.        2182.011       3353.139       7217.978    0.000  -0.138   0.380   0.
  2017 352 16 17 50 512 352.679056858      -0.69      1.53     -0.34  0.        2180.793       3354.554       7218.582    0.000  -0.139   0.381   0.
  2017 352 16 17 51 512 352.679068432      -0.61      1.51     -0.37  0.        2179.574       3355.970       7219.185    0.000  -0.139   0.381   0.
  2017 352 16 17 52 512 352.679080006      -0.73      1.33     -0.54  0.        2178.355       3357.385       7219.787    0.000  -0.138   0.380   0.
  2017 352 16 17 53 512 352.679091580      -0.80      1.47     -0.36  0.        2177.136       3358.799       7220.389    0.000  -0.138   0.380   0.
  2017 352 16 17 54 512 352.679103154      -0.52      1.56     -0.20  0.        2175.916       3360.214       7220.991    0.000  -0.139   0.381   0.
  2017 352 16 17 55 512 352.679114728      -0.46      1.40     -0.35  0.        2174.697       3361.628       7221.592    0.000  -0.139   0.381   0.
  2017 352 16 17 56 512 352.679126302      -0.38      1.43     -0.31  0.        2173.477       3363.042       7222.192    0.000  -0.138   0.380   0.
  2017 352 16 17 57 512 352.679137876      -0.16      1.51     -0.29  0.        2172.257       3364.456       7222.792    0.000  -0.138   0.380   0.
  2017 352 16 17 58 512 352.679149450       0.09      1.34     -0.62  0.        2171.037       3365.870       7223.391    0.000  -0.138   0.380   0.
  2017 352 16 17 59 512 352.679161024      -0.02      1.21     -0.88  0.        2169.817       3367.283       7223.989    0.000  -0.138   0.380   0.
  2017 352 16 18  0 512 352.679172598      -0.25      1.10     -0.88  0.        2168.597       3368.696       7224.588    0.000  -0.139   0.381   0.
  2017 352 16 18  1 512 352.679184173      -0.41      1.18     -0.77  0.        2167.376       3370.109       7225.185    0.000  -0.139   0.381   0.
  2017 352 16 18  2 512 352.679195746      -0.16      1.33     -0.74  0.        2166.156       3371.521       7225.782    0.000  -0.138   0.380   0.
  2017 352 16 18  3 512 352.679207321      -0.17      1.21     -0.76  0.        2164.935       3372.933       7226.379    0.000  -0.138   0.380   0.
  2017 352 16 18  4 512 352.679218895      -0.27      1.18     -0.70  0.        2163.714       3374.345       7226.975    0.000  -0.139   0.381   0.
  2017 352 16 18  5 512 352.679230469      -0.26      1.27     -0.63  0.        2162.493       3375.757       7227.570    0.000  -0.139   0.381   0.
  2017 352 16 18  6 512 352.679242043      -0.26      1.28     -0.73  0.        2161.271       3377.169       7228.165    0.000  -0.139   0.381   0.
  2017 352 16 18  7 512 352.679253617      -0.62      1.07     -0.64  0.        2160.050       3378.580       7228.759    0.000  -0.139   0.381   0.
  2017 352 16 18  8 512 352.679265191      -0.67      1.29     -0.46  0.        2158.828       3379.991       7229.353    0.000  -0.138   0.380   0.
  2017 352 16 18  9 512 352.679276765      -0.57      1.50     -0.31  0.        2157.607       3381.402       7229.946    0.000  -0.138   0.380   0.
  2017 352 16 18 10 512 352.679288339      -0.49      1.49     -0.41  0.        2156.385       3382.812       7230.539    0.000  -0.139   0.381   0.
  2017 352 16 18 11 512 352.679299913      -0.64      1.51     -0.24  0.        2155.162       3384.222       7231.131    0.000  -0.139   0.381   0.
  2017 352 16 18 12 512 352.679311487      -0.63      1.59     -0.16  0.        2153.940       3385.632       7231.722    0.000  -0.138   0.380   0.
  2017 352 16 18 13 512 352.679323061      -0.63      1.44     -0.32  0.        2152.718       3387.042       7232.313    0.000  -0.138   0.380   0.
  2017 352 16 18 14 512 352.679334635      -0.64      1.41     -0.21  0.        2151.495       3388.451       7232.903    0.000  -0.139   0.381   0.
  2017 352 16 18 15 512 352.679346209      -0.66      1.42     -0.10  0.        2150.272       3389.861       7233.493    0.000  -0.139   0.381   0.
  2017 352 16 18 16 512 352.679357781      -0.25      1.76     -0.27  0.        2149.049       3391.269       7234.083    0.000  -0.139   0.381   0.
  2017 352 16 18 17 512 352.679369355      -0.11      1.32     -0.87  0.        2147.826       3392.678       7234.672    0.000  -0.139   0.381   0.
  2017 352 16 18 18 512 352.679380929      -0.72      0.91     -0.83  0.        2146.603       3394.087       7235.260    0.000  -0.139   0.381   0.
  2017 352 16 18 19 512 352.679392503      -0.88      1.38     -0.42  0.        2145.380       3395.495       7235.847    0.000  -0.139   0.381   0.
  2017 352 16 18 20 512 352.679404077      -0.28      1.59     -0.53  0.        2144.156       3396.903       7236.435    0.000  -0.138   0.380   0.
  2017 352 16 18 21 512 352.679415651      -0.22      1.41     -0.86  0.        2142.932       3398.310       7237.021    0.000  -0.138   0.380   0.
  2017 352 16 18 22 512 352.679427225      -0.33      1.22     -0.90  0.        2141.708       3399.718       7237.607    0.000  -0.139   0.381   0.
  2017 352 16 18 23 512 352.679438799      -0.60      1.10     -0.70  0.        2140.484       3401.125       7238.193    0.000  -0.139   0.381   0.
  2017 352 16 18 24 512 352.679450373      -0.57      1.18     -0.48  0.        2139.260       3402.532       7238.778    0.000  -0.139   0.381   0.
  2017 352 16 18 25 512 352.679461947      -0.56      1.19     -0.59  0.        2138.036       3403.938       7239.362    0.000  -0.139   0.381   0.
  2017 352 16 18 26 512 352.679473521      -0.58      1.26     -0.56  0.        2136.811       3405.345       7239.946    0.000  -0.138   0.380   0.
  2017 352 16 18 27 512 352.679485095      -0.63      1.34     -0.46  0.        2135.586       3406.751       7240.529    0.000  -0.138   0.380   0.
  2017 352 16 18 28 512 352.679496670      -0.60      1.44     -0.51  0.        2134.362       3408.157       7241.112    0.000  -0.139   0.381   0.
  2017 352 16 18 29 512 352.679508244      -0.52      1.33     -0.51  0.        2133.137       3409.562       7241.694    0.000  -0.139   0.381   0.
  2017 352 16 18 30 512 352.679519818      -0.52      1.49     -0.60  0.        2131.911       3410.968       7242.276    0.000  -0.138   0.380   0.
  2017 352 16 18 31 512 352.679531392      -0.41      1.41     -0.69  0.        2130.686       3412.373       7242.857    0.000  -0.138   0.380   0.
  2017 352 16 18 32 512 352.679542966      -0.45      1.33     -0.64  0.        2129.460       3413.778       7243.438    0.000  -0.139   0.381   0.
  2017 352 16 18 33 512 352.679554540      -0.57      1.30     -0.62  0.        2128.235       3415.182       7244.018    0.000  -0.139   0.381   0.
  2017 352 16 18 34 512 352.679566114      -0.50      1.39     -0.55  0.        2127.009       3416.586       7244.597    0.000  -0.139   0.381   0.
  2017 352 16 18 35 512 352.679577688      -0.40      1.34     -0.54  0.        2125.783       3417.990       7245.176    0.000  -0.139   0.381   0.
  2017 352 16 18 36 512 352.679589262      -0.42      1.33     -0.57  0.        2124.557       3419.394       7245.755    0.000  -0.138   0.380   0.
  2017 352 16 18 37 512 352.679600836      -0.26      1.37     -0.52  0.        2123.330       3420.798       7246.333    0.000  -0.138   0.380   0.
  2017 352 16 18 38 512 352.679612410      -0.37      1.27     -0.49  0.        2122.104       3422.201       7246.910    0.000  -0.139   0.381   0.
  2017 352 16 18 39 512 352.679623984      -0.52      1.19     -0.50  0.        2120.878       3423.604       7247.487    0.000  -0.139   0.381   0.
  2017 352 16 18 40 512 352.679635558      -0.59      1.19     -0.51  0.        2119.651       3425.007       7248.063    0.000  -0.138   0.380   0.
  2017 352 16 18 41 512 352.679647133      -0.67      1.21     -0.52  0.        2118.424       3426.409       7248.639    0.000  -0.138   0.380   0.
  2017 352 16 18 42 512 352.679658707      -0.69      1.26     -0.48  0.        2117.197       3427.812       7249.214    0.000  -0.139   0.381   0.
  2017 352 16 18 43 512 352.679670281      -0.64      1.32     -0.46  0.        2115.969       3429.214       7249.789    0.000  -0.139   0.381   0.
  2017 352 16 18 44 512 352.679681855      -0.68      1.26     -0.54  0.        2114.742       3430.615       7250.363    0.000  -0.138   0.380   0.
  2017 352 16 18 45 512 352.679693428      -0.79      1.21     -0.73  0.        2113.514       3432.017       7250.936    0.000  -0.138   0.380   0.
  2017 352 16 18 46 512 352.679705000      -0.64      1.41     -0.41  0.        2112.286       3433.418       7251.509    0.000  -0.139   0.381   0.
  2017 352 16 18 47 511 352.679716574      -0.53      1.26     -0.43  0.        2111.059       3434.819       7252.082    0.000  -0.139   0.381   0.
  2017 352 16 18 48 511 352.679728148      -0.61      1.23     -0.50  0.        2109.831       3436.220       7252.653    0.000  -0.139   0.381   0.
  2017 352 16 18 49 511 352.679739722      -0.68      1.25     -0.57  0.        2108.602       3437.620       7253.225    0.000  -0.139   0.381   0.
  2017 352 16 18 50 511 352.679751296      -0.69      1.18     -0.62  0.        2107.374       3439.021       7253.796    0.000  -0.139   0.381   0.
  2017 352 16 18 51 512 352.679762870      -0.66      1.32     -0.71  0.        2106.145       3440.421       7254.366    0.000  -0.139   0.381   0.
  2017 352 16 18 52 512 352.679774444      -0.60      1.25     -0.80  0.        2104.917       3441.820       7254.936    0.000  -0.139   0.381   0.
  2017 352 16 18 53 511 352.679786018      -0.77      1.31     -0.78  0.        2103.688       3443.220       7255.505    0.000  -0.139   0.381   0.
  2017 352 16 18 54 511 352.679797593      -0.55      1.27     -0.89  0.        2102.459       3444.619       7256.073    0.000  -0.138   0.380   0.
  2017 352 16 18 55 512 352.679809167      -0.74      1.18     -0.72  0.        2101.230       3446.018       7256.641    0.000  -0.138   0.380   0.
  2017 352 16 18 56 512 352.679820741      -0.85      1.37     -0.58  0.        2100.000       3447.416       7257.209    0.000  -0.138   0.380   0.
  2017 352 16 18 57 512 352.679832315      -0.79      1.57     -0.43  0.        2098.771       3448.815       7257.776    0.000  -0.138   0.380   0.
  2017 352 16 18 58 512 352.679843889      -0.51      1.49     -0.57  0.        2097.541       3450.213       7258.343    0.000  -0.138   0.380   0.
  2017 352 16 18 59 512 352.679855463      -0.63      1.33     -0.55  0.        2096.311       3451.611       7258.908    0.000  -0.138   0.380   0.
  2017 352 16 19  0 511 352.679867037      -0.80      1.39     -0.51  0.        2095.082       3453.008       7259.474    0.000  -0.139   0.381   0.
  2017 352 16 19  1 511 352.679878611      -0.87      1.40     -0.51  0.        2093.851       3454.406       7260.039    0.000  -0.139   0.381   0.
  2017 352 16 19  2 511 352.679890185      -0.68      1.51     -0.43  0.        2092.621       3455.803       7260.603    0.000  -0.138   0.380   0.
  2017 352 16 19  3 511 352.679901759      -0.49      1.41     -0.59  0.        2091.391       3457.200       7261.167    0.000  -0.138   0.380   0.
  2017 352 16 19  4 511 352.679913333      -0.71      1.25     -0.61  0.        2090.160       3458.597       7261.730    0.000  -0.139   0.381   0.
  2017 352 16 19  5 512 352.679924907      -0.82      1.27     -0.51  0.        2088.929       3459.993       7262.293    0.000  -0.139   0.381   0.
  2017 352 16 19  6 512 352.679936481      -0.73      1.37     -0.59  0.        2087.699       3461.389       7262.855    0.000  -0.138   0.380   0.
  2017 352 16 19  7 511 352.679948056      -0.60      1.34     -0.59  0.        2086.467       3462.785       7263.416    0.000  -0.138   0.380   0.
  2017 352 16 19  8 511 352.679959630      -0.67      1.26     -0.55  0.        2085.236       3464.180       7263.977    0.000  -0.138   0.380   0.
  2017 352 16 19  9 512 352.679971204      -0.78      1.23     -0.56  0.        2084.005       3465.576       7264.538    0.000  -0.138   0.380   0.
  2017 352 16 19 10 512 352.679982778      -0.85      1.28     -0.42  0.        2082.774       3466.971       7265.098    0.000  -0.139   0.381   0.
  2017 352 16 19 11 512 352.679994352      -0.76      1.23     -0.46  0.        2081.542       3468.366       7265.657    0.000  -0.139   0.381   0.
  2017 352 16 19 12 512 352.680005926      -0.58      1.39     -0.43  0.        2080.310       3469.760       7266.216    0.000  -0.139   0.381   0.
  2017 352 16 19 13 511 352.680017500      -0.31      1.48     -0.48  0.        2079.078       3471.154       7266.775    0.000  -0.139   0.381   0.
  2017 352 16 19 14 511 352.680029071      -0.26      1.43     -0.57  0.        2077.846       3472.548       7267.332    0.000  -0.138   0.380   0.
  2017 352 16 19 15 511 352.680040645      -0.28      1.49     -0.56  0.        2076.614       3473.942       7267.890    0.000  -0.138   0.380   0.
  2017 352 16 19 16 511 352.680052219      -0.13      1.44     -0.49  0.        2075.381       3475.336       7268.446    0.000  -0.139   0.381   0.
  2017 352 16 19 17 511 352.680063793      -0.06      1.37     -0.47  0.        2074.149       3476.729       7269.003    0.000  -0.139   0.381   0.
  2017 352 16 19 18 511 352.680075367      -0.16      1.42     -0.55  0.        2072.916       3478.122       7269.558    0.000  -0.138   0.380   0.
  2017 352 16 19 19 511 352.680086942      -0.10      1.35     -0.62  0.        2071.683       3479.515       7270.113    0.000  -0.138   0.380   0.
  2017 352 16 19 20 511 352.680098516      -0.22      1.20     -0.68  0.        2070.450       3480.907       7270.668    0.000  -0.138   0.380   0.
  2017 352 16 19 21 511 352.680110090      -0.24      1.19     -0.60  0.        2069.217       3482.299       7271.222    0.000  -0.138   0.380   0.
  2017 352 16 19 22 511 352.680121664      -0.16      1.14     -0.57  0.        2067.983       3483.691       7271.775    0.000  -0.138   0.380   0.
  2017 352 16 19 23 511 352.680133238      -0.12      1.11     -0.66  0.        2066.750       3485.083       7272.328    0.000  -0.138   0.380   0.
  2017 352 16 19 24 511 352.680144812      -0.06      1.13     -0.85  0.        2065.516       3486.475       7272.881    0.000  -0.139   0.381   0.
  2017 352 16 19 25 511 352.680156386      -0.14      1.12     -0.93  0.        2064.282       3487.866       7273.433    0.000  -0.139   0.381   0.
  2017 352 16 19 26 511 352.680167960      -0.23      1.12     -0.87  0.        2063.048       3489.257       7273.984    0.000  -0.138   0.380   0.
  2017 352 16 19 27 511 352.680179534      -0.37      1.22     -0.87  0.        2061.814       3490.648       7274.535    0.000  -0.138   0.380   0.
  2017 352 16 19 28 511 352.680191108      -0.30      1.24     -0.85  0.        2060.580       3492.038       7275.085    0.000  -0.139   0.381   0.
  2017 352 16 19 29 511 352.680202682      -0.34      1.11     -0.84  0.        2059.346       3493.428       7275.635    0.000  -0.139   0.381   0.
  2017 352 16 19 30 511 352.680214256      -0.26      1.16     -0.79  0.        2058.111       3494.818       7276.184    0.000  -0.138   0.380   0.
  2017 352 16 19 31 511 352.680225830      -0.34      1.03     -0.94  0.        2056.876       3496.208       7276.733    0.000  -0.138   0.380   0.
  2017 352 16 19 32 511 352.680237404      -0.44      1.13     -0.78  0.        2055.641       3497.597       7277.281    0.000  -0.139   0.381   0.
  2017 352 16 19 33 511 352.680248979      -0.36      1.18     -0.72  0.        2054.406       3498.986       7277.828    0.000  -0.139   0.381   0.
  2017 352 16 19 34 511 352.680260553      -0.27      1.30     -0.77  0.        2053.171       3500.375       7278.375    0.000  -0.138   0.380   0.
  2017 352 16 19 35 511 352.680272127      -0.22      1.15     -0.98  0.        2051.936       3501.764       7278.922    0.000  -0.138   0.380   0.
  2017 352 16 19 36 511 352.680283701      -0.34      1.13     -0.94  0.        2050.700       3503.152       7279.468    0.000  -0.139   0.381   0.
  2017 352 16 19 37 511 352.680295275      -0.63      1.16     -0.79  0.        2049.465       3504.540       7280.013    0.000  -0.139   0.381   0.
  2017 352 16 19 38 511 352.680306849      -0.85      1.22     -0.77  0.        2048.229       3505.928       7280.558    0.000  -0.139   0.381   0.
  2017 352 16 19 39 511 352.680318423      -0.93      1.26     -0.68  0.        2046.993       3507.315       7281.102    0.000  -0.139   0.381   0.
  2017 352 16 19 40 511 352.680329997      -0.93      1.29     -0.68  0.        2045.757       3508.703       7281.646    0.000  -0.138   0.380   0.
  2017 352 16 19 41 511 352.680341571      -0.86      1.39     -0.70  0.        2044.521       3510.090       7282.189    0.000  -0.138   0.380   0.
  2017 352 16 19 42 511 352.680353145      -0.92      1.38     -0.67  0.        2043.284       3511.477       7282.732    0.000  -0.138   0.380   0.
  2017 352 16 19 43 511 352.680364719      -0.97      1.35     -0.61  0.        2042.048       3512.863       7283.274    0.000  -0.138   0.380   0.
  2017 352 16 19 44 511 352.680376291      -0.85      1.34     -0.63  0.        2040.811       3514.250       7283.816    0.000  -0.138   0.380   0.
  2017 352 16 19 45 511 352.680387865      -0.82      1.31     -0.63  0.        2039.574       3515.636       7284.357    0.000  -0.138   0.380   0.
  2017 352 16 19 46 511 352.680399439      -0.98      1.28     -0.60  0.        2038.337       3517.021       7284.898    0.000  -0.139   0.381   0.
  2017 352 16 19 47 511 352.680411013      -0.97      1.29     -0.60  0.        2037.100       3518.407       7285.438    0.000  -0.139   0.381   0.
  2017 352 16 19 48 511 352.680422587      -0.79      1.37     -0.41  0.        2035.863       3519.792       7285.977    0.000  -0.139   0.381   0.
  2017 352 16 19 49 511 352.680434161      -0.77      1.45     -0.40  0.        2034.625       3521.177       7286.516    0.000  -0.139   0.381   0.
  2017 352 16 19 50 511 352.680445735      -0.57      1.36     -0.56  0.        2033.388       3522.562       7287.054    0.000  -0.138   0.380   0.
  2017 352 16 19 51 511 352.680457309      -0.60      1.39     -0.46  0.        2032.150       3523.946       7287.592    0.000  -0.138   0.380   0.
  2017 352 16 19 52 511 352.680468883      -0.50      1.45     -0.43  0.        2030.912       3525.331       7288.130    0.000  -0.139   0.381   0.
  2017 352 16 19 53 511 352.680480457      -0.30      1.37     -0.56  0.        2029.674       3526.714       7288.666    0.000  -0.139   0.381   0.
  2017 352 16 19 54 511 352.680492031      -0.59      1.19     -0.77  0.        2028.436       3528.098       7289.203    0.000  -0.139   0.381   0.
  2017 352 16 19 55 511 352.680503605      -0.69      1.29     -0.66  0.        2027.198       3529.482       7289.738    0.000  -0.139   0.381   0.
  2017 352 16 19 56 511 352.680515179      -0.73      1.45     -0.60  0.        2025.959       3530.865       7290.274    0.000  -0.138   0.380   0.
  2017 352 16 19 57 511 352.680526754      -0.45      1.46     -0.53  0.        2024.720       3532.248       7290.808    0.000  -0.138   0.380   0.
  2017 352 16 19 58 511 352.680538327      -0.53      1.24     -0.58  0.        2023.482       3533.630       7291.342    0.000  -0.139   0.381   0.
  2017 352 16 19 59 511 352.680549902      -0.70      1.27     -0.61  0.        2022.243       3535.013       7291.876    0.000  -0.139   0.381   0.
  2017 352 16 20  0 511 352.680561476      -0.73      1.31     -0.56  0.        2021.004       3536.395       7292.409    0.000  -0.138   0.380   0.
  2017 352 16 20  1 511 352.680573050      -0.64      1.41     -0.53  0.        2019.764       3537.777       7292.942    0.000  -0.138   0.380   0.
  2017 352 16 20  2 511 352.680584624      -0.49      1.50     -0.51  0.        2018.525       3539.158       7293.474    0.000  -0.139   0.381   0.
  2017 352 16 20  3 511 352.680596198      -0.56      1.32     -0.65  0.        2017.285       3540.540       7294.005    0.000  -0.139   0.381   0.
  2017 352 16 20  4 511 352.680607772      -0.70      1.28     -0.62  0.        2016.046       3541.921       7294.536    0.000  -0.138   0.380   0.
  2017 352 16 20  5 511 352.680619346      -0.53      1.39     -0.64  0.        2014.806       3543.302       7295.066    0.000  -0.138   0.380   0.
  2017 352 16 20  6 511 352.680630920      -0.40      1.40     -0.59  0.        2013.566       3544.682       7295.596    0.000  -0.138   0.380   0.
  2017 352 16 20  7 511 352.680642494      -0.23      1.44     -0.65  0.        2012.326       3546.063       7296.125    0.000  -0.138   0.380   0.
  2017 352 16 20  8 511 352.680654068      -0.24      1.42     -0.85  0.        2011.086       3547.443       7296.654    0.000  -0.139   0.381   0.
  2017 352 16 20  9 511 352.680665642      -0.22      1.42     -0.87  0.        2009.845       3548.822       7297.182    0.000  -0.139   0.381   0.
  2017 352 16 20 10 511 352.680677216      -0.06      1.24     -1.00  0.        2008.605       3550.202       7297.710    0.000  -0.138   0.380   0.
  2017 352 16 20 11 511 352.680688790      -0.13      1.12     -1.11  0.        2007.364       3551.581       7298.237    0.000  -0.138   0.380   0.
  2017 352 16 20 12 511 352.680700362      -0.12      1.14     -1.06  0.        2006.123       3552.960       7298.764    0.000  -0.139   0.381   0.
  2017 352 16 20 13 511 352.680711936      -0.09      1.04     -1.11  0.        2004.882       3554.339       7299.290    0.000  -0.139   0.381   0.
  2017 352 16 20 14 511 352.680723510      -0.27      1.08     -1.16  0.        2003.641       3555.718       7299.816    0.000  -0.139   0.381   0.
  2017 352 16 20 15 511 352.680735084      -0.35      1.11     -1.16  0.        2002.400       3557.096       7300.341    0.000  -0.139   0.381   0.
  2017 352 16 20 16 511 352.680746658      -0.37      1.08     -1.01  0.        2001.158       3558.474       7300.865    0.000  -0.139   0.381   0.
  2017 352 16 20 17 511 352.680758232      -0.35      1.11     -0.97  0.        1999.917       3559.852       7301.389    0.000  -0.139   0.381   0.
  2017 352 16 20 18 511 352.680769806      -0.27      1.12     -0.95  0.        1998.675       3561.229       7301.913    0.000  -0.138   0.380   0.
  2017 352 16 20 19 511 352.680781380      -0.40      1.12     -0.87  0.        1997.433       3562.606       7302.435    0.000  -0.138   0.380   0.
  2017 352 16 20 20 511 352.680792954      -0.40      1.17     -0.74  0.        1996.191       3563.983       7302.958    0.000  -0.139   0.381   0.
  2017 352 16 20 21 511 352.680804528      -0.40      1.21     -0.67  0.        1994.949       3565.360       7303.480    0.000  -0.139   0.381   0.
  2017 352 16 20 22 511 352.680816102      -0.36      1.18     -0.64  0.        1993.706       3566.736       7304.001    0.000  -0.138   0.380   0.
  2017 352 16 20 23 511 352.680827677      -0.37      1.24     -0.58  0.        1992.464       3568.113       7304.522    0.000  -0.138   0.380   0.
  2017 352 16 20 24 511 352.680839251      -0.31      1.45     -0.46  0.        1991.221       3569.489       7305.042    0.000  -0.138   0.380   0.
  2017 352 16 20 25 511 352.680850825      -0.34      1.40     -0.42  0.        1989.979       3570.864       7305.562    0.000  -0.138   0.380   0.
  2017 352 16 20 26 511 352.680862399      -0.51      1.31     -0.45  0.        1988.736       3572.240       7306.081    0.000  -0.139   0.381   0.
  2017 352 16 20 27 511 352.680873973      -0.62      1.34     -0.28  0.        1987.493       3573.615       7306.599    0.000  -0.139   0.381   0.
  2017 352 16 20 28 511 352.680885547      -0.60      1.41     -0.18  0.        1986.250       3574.989       7307.117    0.000  -0.138   0.380   0.
  2017 352 16 20 29 511 352.680897121      -0.47      1.45     -0.28  0.        1985.006       3576.364       7307.635    0.000  -0.138   0.380   0.
  2017 352 16 20 30 511 352.680908695      -0.44      1.39     -0.31  0.        1983.763       3577.738       7308.152    0.000  -0.139   0.381   0.
  2017 352 16 20 31 511 352.680920269      -0.56      1.35     -0.37  0.        1982.519       3579.112       7308.669    0.000  -0.139   0.381   0.
  2017 352 16 20 32 511 352.680931843      -0.55      1.35     -0.47  0.        1981.275       3580.486       7309.185    0.000  -0.138   0.380   0.
  2017 352 16 20 33 511 352.680943417      -0.67      1.33     -0.42  0.        1980.031       3581.860       7309.700    0.000  -0.138   0.380   0.
  2017 352 16 20 34 511 352.680954991      -0.74      1.34     -0.38  0.        1978.787       3583.233       7310.215    0.000  -0.139   0.381   0.
  2017 352 16 20 35 511 352.680966565      -0.59      1.47     -0.36  0.        1977.543       3584.606       7310.729    0.000  -0.139   0.381   0.
  2017 352 16 20 36 511 352.680978139      -0.46      1.46     -0.32  0.        1976.299       3585.979       7311.243    0.000  -0.139   0.381   0.
  2017 352 16 20 37 511 352.680989714      -0.42      1.40     -0.33  0.        1975.054       3587.352       7311.756    0.000  -0.139   0.381   0.
  2017 352 16 20 38 511 352.681001288      -0.31      1.49     -0.28  0.        1973.810       3588.724       7312.269    0.000  -0.138   0.380   0.
  2017 352 16 20 39 511 352.681012862      -0.27      1.53     -0.38  0.        1972.565       3590.096       7312.781    0.000  -0.138   0.380   0.
  2017 352 16 20 40 511 352.681024436      -0.30      1.32     -0.54  0.        1971.320       3591.468       7313.293    0.000  -0.138   0.380   0.
  2017 352 16 20 41 511 352.681036009      -0.39      1.28     -0.58  0.        1970.075       3592.839       7313.804    0.000  -0.138   0.380   0.
  2017 352 16 20 42 510 352.681047581      -0.36      1.28     -0.54  0.        1968.830       3594.210       7314.315    0.000  -0.139   0.381   0.
  2017 352 16 20 43 510 352.681059155      -0.32      1.21     -0.69  0.        1967.584       3595.581       7314.825    0.000  -0.139   0.381   0.
  2017 352 16 20 44 510 352.681070729      -0.30      1.11     -0.82  0.        1966.339       3596.952       7315.335    0.000  -0.138   0.380   0.
  2017 352 16 20 45 510 352.681082303      -0.42      1.17     -0.76  0.        1965.093       3598.322       7315.844    0.000  -0.138   0.380   0.
  2017 352 16 20 46 510 352.681093877      -0.44      1.20     -0.80  0.        1963.848       3599.693       7316.352    0.000  -0.138   0.380   0.
  2017 352 16 20 47 511 352.681105451      -0.52      1.27     -0.74  0.        1962.602       3601.062       7316.860    0.000  -0.138   0.380   0.
  2017 352 16 20 48 511 352.681117025      -0.57      1.33     -0.59  0.        1961.356       3602.432       7317.368    0.000  -0.139   0.381   0.
  2017 352 16 20 49 510 352.681128600      -0.56      1.26     -0.68  0.        1960.109       3603.802       7317.875    0.000  -0.139   0.381   0.
  2017 352 16 20 50 510 352.681140174      -0.52      1.30     -0.71  0.        1958.863       3605.171       7318.381    0.000  -0.139   0.381   0.
  2017 352 16 20 51 511 352.681151748      -0.47      1.37     -0.68  0.        1957.617       3606.540       7318.887    0.000  -0.139   0.381   0.
  2017 352 16 20 52 511 352.681163322      -0.43      1.16     -0.69  0.        1956.370       3607.908       7319.392    0.000  -0.138   0.380   0.
  2017 352 16 20 53 511 352.681174896      -0.48      1.15     -0.62  0.        1955.123       3609.277       7319.897    0.000  -0.138   0.380   0.
  2017 352 16 20 54 511 352.681186470      -0.60      1.20     -0.46  0.        1953.876       3610.644       7320.401    0.000  -0.139   0.381   0.
  2017 352 16 20 55 511 352.681198044      -0.61      1.20     -0.44  0.        1952.629       3612.012       7320.905    0.000  -0.139   0.381   0.
  2017 352 16 20 56 510 352.681209618      -0.67      1.21     -0.48  0.        1951.382       3613.380       7321.408    0.000  -0.138   0.380   0.
  2017 352 16 20 57 510 352.681221192      -0.68      1.26     -0.41  0.        1950.134       3614.747       7321.911    0.000  -0.138   0.380   0.
  2017 352 16 20 58 510 352.681232766      -0.70      1.30     -0.46  0.        1948.888       3616.114       7322.413    0.000  -0.139   0.381   0.
  2017 352 16 20 59 510 352.681244340      -0.67      1.27     -0.56  0.        1947.640       3617.481       7322.915    0.000  -0.139   0.381   0.
  2017 352 16 21  0 511 352.681255914      -0.82      1.22     -0.53  0.        1946.392       3618.848       7323.416    0.000  -0.139   0.381   0.
  2017 352 16 21  1 511 352.681267488      -0.97      1.17     -0.61  0.        1945.143       3620.214       7323.916    0.000  -0.139   0.381   0.
  2017 352 16 21  2 510 352.681279063      -1.10      1.22     -0.58  0.        1943.896       3621.580       7324.417    0.000  -0.138   0.380   0.
  2017 352 16 21  3 510 352.681290637      -1.09      1.29     -0.42  0.        1942.648       3622.946       7324.916    0.000  -0.138   0.380   0.
  2017 352 16 21  4 511 352.681302211      -1.07      1.35     -0.25  0.        1941.400       3624.311       7325.415    0.000  -0.138   0.380   0.
  2017 352 16 21  5 511 352.681313785      -1.13      1.44     -0.25  0.        1940.151       3625.676       7325.913    0.000  -0.138   0.380   0.
  2017 352 16 21  6 511 352.681325359      -1.32      1.41     -0.18  0.        1938.902       3627.041       7326.411    0.000  -0.139   0.381   0.
  2017 352 16 21  7 511 352.681336933      -1.29      1.29     -0.12  0.        1937.654       3628.406       7326.909    0.000  -0.139   0.381   0.
  2017 352 16 21  8 511 352.681348507      -1.24      1.33      0.07  0.        1936.405       3629.770       7327.406    0.000  -0.138   0.380   0.
  2017 352 16 21  9 510 352.681360081      -1.11      1.37      0.01  0.        1935.156       3631.135       7327.902    0.000  -0.138   0.380   0.
  2017 352 16 21 10 510 352.681371652      -1.02      1.42      0.01  0.        1933.907       3632.499       7328.398    0.000  -0.138   0.380   0.
  2017 352 16 21 11 510 352.681383226      -0.86      1.53     -0.18  0.        1932.657       3633.862       7328.893    0.000  -0.138   0.380   0.
  2017 352 16 21 12 510 352.681394800      -0.64      1.44     -0.29  0.        1931.408       3635.226       7329.388    0.000  -0.139   0.381   0.
  2017 352 16 21 13 510 352.681406374      -0.70      1.30     -0.32  0.        1930.158       3636.589       7329.882    0.000  -0.139   0.381   0.
  2017 352 16 21 14 510 352.681417948      -0.64      1.39     -0.26  0.        1928.909       3637.952       7330.376    0.000  -0.138   0.380   0.
  2017 352 16 21 15 510 352.681429523      -0.56      1.35     -0.21  0.        1927.659       3639.314       7330.869    0.000  -0.138   0.380   0.
  2017 352 16 21 16 510 352.681441097      -0.56      1.36     -0.16  0.        1926.409       3640.677       7331.362    0.000  -0.139   0.381   0.
  2017 352 16 21 17 510 352.681452671      -0.50      1.37     -0.27  0.        1925.159       3642.039       7331.854    0.000  -0.139   0.381   0.
  2017 352 16 21 18 510 352.681464245      -0.50      1.39     -0.29  0.        1923.908       3643.400       7332.345    0.000  -0.139   0.381   0.
  2017 352 16 21 19 510 352.681475819      -0.54      1.38     -0.26  0.        1922.658       3644.762       7332.836    0.000  -0.139   0.381   0.
  2017 352 16 21 20 510 352.681487393      -0.66      1.45     -0.27  0.        1921.408       3646.123       7333.327    0.000  -0.139   0.381   0.
  2017 352 16 21 21 510 352.681498967      -0.66      1.55     -0.24  0.        1920.157       3647.484       7333.817    0.000  -0.139   0.381   0.
  2017 352 16 21 22 510 352.681510541      -0.68      1.60     -0.33  0.        1918.906       3648.845       7334.306    0.000  -0.138   0.380   0.
  2017 352 16 21 23 510 352.681522115      -0.61      1.46     -0.42  0.        1917.655       3650.206       7334.795    0.000  -0.138   0.380   0.
  2017 352 16 21 24 510 352.681533689      -0.58      1.36     -0.65  0.        1916.404       3651.566       7335.284    0.000  -0.138   0.380   0.
  2017 352 16 21 25 510 352.681545263      -0.55      1.42     -0.51  0.        1915.153       3652.926       7335.772    0.000  -0.138   0.380   0.
  2017 352 16 21 26 510 352.681556837      -0.32      1.61     -0.28  0.        1913.901       3654.286       7336.259    0.000  -0.139   0.381   0.
  2017 352 16 21 27 510 352.681568411      -0.29      1.50     -0.33  0.        1912.650       3655.645       7336.746    0.000  -0.139   0.381   0.
  2017 352 16 21 28 510 352.681579986      -0.30      1.48     -0.38  0.        1911.398       3657.004       7337.232    0.000  -0.139   0.381   0.
  2017 352 16 21 29 510 352.681591560      -0.42      1.64     -0.24  0.        1910.146       3658.363       7337.718    0.000  -0.139   0.381   0.
  2017 352 16 21 30 510 352.681603134      -0.37      1.51     -0.16  0.        1908.895       3659.722       7338.203    0.000  -0.138   0.380   0.
  2017 352 16 21 31 510 352.681614708      -0.31      1.30     -0.27  0.        1907.642       3661.080       7338.688    0.000  -0.138   0.380   0.
  2017 352 16 21 32 510 352.681626282      -0.36      1.33     -0.38  0.        1906.390       3662.439       7339.172    0.000  -0.138   0.380   0.
  2017 352 16 21 33 510 352.681637856      -0.46      1.38     -0.53  0.        1905.138       3663.796       7339.656    0.000  -0.138   0.380   0.
  2017 352 16 21 34 510 352.681649430      -0.40      1.49     -0.56  0.        1903.886       3665.154       7340.139    0.000  -0.139   0.381   0.
  2017 352 16 21 35 510 352.681661004      -0.05      1.48     -0.67  0.        1902.633       3666.511       7340.622    0.000  -0.139   0.381   0.
  2017 352 16 21 36 510 352.681672578       0.18      1.43     -0.73  0.        1901.380       3667.869       7341.104    0.000  -0.139   0.381   0.
  2017 352 16 21 37 510 352.681684152       0.01      1.26     -0.68  0.        1900.127       3669.225       7341.585    0.000  -0.139   0.381   0.
  2017 352 16 21 38 510 352.681695726      -0.12      1.28     -0.64  0.        1898.874       3670.582       7342.066    0.000  -0.139   0.381   0.
  2017 352 16 21 39 510 352.681707300      -0.23      1.12     -0.68  0.        1897.621       3671.938       7342.547    0.000  -0.139   0.381   0.
  2017 352 16 21 40 510 352.681718872      -0.38      1.26     -0.71  0.        1896.368       3673.294       7343.027    0.000  -0.139   0.381   0.
  2017 352 16 21 41 510 352.681730446      -0.57      1.23     -0.90  0.        1895.114       3674.650       7343.506    0.000  -0.139   0.381   0.
  2017 352 16 21 42 510 352.681742020      -0.71      1.11     -0.86  0.        1893.861       3676.006       7343.985    0.000  -0.138   0.380   0.
  2017 352 16 21 43 510 352.681753594      -0.62      1.29     -0.81  0.        1892.607       3677.361       7344.464    0.000  -0.138   0.380   0.
  2017 352 16 21 44 510 352.681765168      -0.51      1.23     -0.95  0.        1891.353       3678.716       7344.942    0.000  -0.139   0.381   0.
  2017 352 16 21 45 510 352.681776742      -0.54      1.38     -0.84  0.        1890.100       3680.071       7345.419    0.000  -0.139   0.381   0.
  2017 352 16 21 46 510 352.681788316      -0.52      1.31     -0.76  0.        1888.845       3681.425       7345.896    0.000  -0.138   0.380   0.
  2017 352 16 21 47 510 352.681799890      -0.50      1.32     -0.75  0.        1887.591       3682.779       7346.372    0.000  -0.138   0.380   0.
  2017 352 16 21 48 510 352.681811464      -0.59      1.41     -0.80  0.        1886.337       3684.133       7346.848    0.000  -0.139   0.381   0.
  2017 352 16 21 49 510 352.681823038      -0.61      1.45     -0.74  0.        1885.082       3685.487       7347.323    0.000  -0.139   0.381   0.
  2017 352 16 21 50 510 352.681834612      -0.43      1.48     -0.80  0.        1883.828       3686.841       7347.798    0.000  -0.139   0.381   0.
  2017 352 16 21 51 510 352.681846186      -0.45      1.25     -0.95  0.        1882.573       3688.194       7348.272    0.000  -0.139   0.381   0.
  2017 352 16 21 52 510 352.681857760      -0.75      1.28     -0.81  0.        1881.318       3689.547       7348.746    0.000  -0.139   0.381   0.
  2017 352 16 21 53 510 352.681869334      -0.83      1.39     -0.59  0.        1880.063       3690.899       7349.219    0.000  -0.139   0.381   0.
  2017 352 16 21 54 510 352.681880909      -0.80      1.46     -0.33  0.        1878.808       3692.252       7349.692    0.000  -0.138   0.380   0.
  2017 352 16 21 55 510 352.681892483      -0.70      1.41     -0.26  0.        1877.553       3693.604       7350.164    0.000  -0.138   0.380   0.
  2017 352 16 21 56 510 352.681904057      -0.61      1.38     -0.24  0.        1876.297       3694.956       7350.636    0.000  -0.139   0.381   0.
  2017 352 16 21 57 510 352.681915631      -0.67      1.39     -0.31  0.        1875.042       3696.307       7351.107    0.000  -0.139   0.381   0.
  2017 352 16 21 58 510 352.681927205      -0.71      1.49     -0.21  0.        1873.786       3697.659       7351.577    0.000  -0.138   0.380   0.
  2017 352 16 21 59 510 352.681938779      -0.74      1.40     -0.22  0.        1872.530       3699.010       7352.047    0.000  -0.138   0.380   0.
  2017 352 16 22  0 510 352.681950353      -0.90      1.39     -0.22  0.        1871.274       3700.360       7352.517    0.000  -0.139   0.381   0.
  2017 352 16 22  1 510 352.681961927      -0.86      1.46     -0.02  0.        1870.018       3701.711       7352.986    0.000  -0.139   0.381   0.
  2017 352 16 22  2 510 352.681973501      -0.81      1.64     -0.02  0.        1868.762       3703.061       7353.454    0.000  -0.138   0.380   0.
  2017 352 16 22  3 510 352.681985075      -0.90      1.76     -0.07  0.        1867.505       3704.411       7353.922    0.000  -0.138   0.380   0.
  2017 352 16 22  4 510 352.681996649      -0.85      1.76     -0.16  0.        1866.249       3705.761       7354.390    0.000  -0.139   0.381   0.
  2017 352 16 22  5 510 352.682008223      -0.71      1.65     -0.12  0.        1864.992       3707.110       7354.857    0.000  -0.139   0.381   0.
  2017 352 16 22  6 510 352.682019797      -0.52      1.73     -0.20  0.        1863.736       3708.460       7355.323    0.000  -0.139   0.381   0.
  2017 352 16 22  7 510 352.682031372      -0.54      1.79     -0.39  0.        1862.479       3709.809       7355.789    0.000  -0.139   0.381   0.
  2017 352 16 22  8 510 352.682042946      -0.58      1.72     -0.59  0.        1861.222       3711.157       7356.254    0.000  -0.139   0.381   0.
  2017 352 16 22  9 510 352.682054519      -0.58      1.65     -0.44  0.        1859.965       3712.506       7356.719    0.000  -0.139   0.381   0.
  2017 352 16 22 10 510 352.682066091      -0.61      1.59     -0.34  0.        1858.707       3713.854       7357.183    0.000  -0.139   0.381   0.
  2017 352 16 22 11 510 352.682077665      -0.64      1.62     -0.26  0.        1857.450       3715.202       7357.647    0.000  -0.139   0.381   0.
  2017 352 16 22 12 510 352.682089239      -0.68      1.61     -0.25  0.        1856.192       3716.550       7358.110    0.000  -0.139   0.381   0.
  2017 352 16 22 13 510 352.682100813      -0.53      1.57     -0.20  0.        1854.935       3717.897       7358.573    0.000  -0.139   0.381   0.
  2017 352 16 22 14 510 352.682112387      -0.48      1.50     -0.24  0.        1853.677       3719.244       7359.035    0.000  -0.138   0.380   0.
  2017 352 16 22 15 510 352.682123961      -0.55      1.56     -0.32  0.        1852.419       3720.591       7359.497    0.000  -0.138   0.380   0.
  2017 352 16 22 16 510 352.682135535      -0.60      1.60     -0.28  0.        1851.161       3721.938       7359.958    0.000  -0.139   0.381   0.
  2017 352 16 22 17 510 352.682147109      -0.52      1.65     -0.31  0.        1849.902       3723.284       7360.419    0.000  -0.139   0.381   0.
  2017 352 16 22 18 510 352.682158683      -0.47      1.61     -0.41  0.        1848.644       3724.630       7360.879    0.000  -0.139   0.381   0.
  2017 352 16 22 19 510 352.682170258      -0.48      1.56     -0.43  0.        1847.386       3725.976       7361.339    0.000  -0.139   0.381   0.
  2017 352 16 22 20 510 352.682181832      -0.59      1.51     -0.38  0.        1846.127       3727.321       7361.798    0.000  -0.138   0.380   0.
  2017 352 16 22 21 510 352.682193406      -0.65      1.45     -0.46  0.        1844.868       3728.667       7362.256    0.000  -0.138   0.380   0.
  2017 352 16 22 22 510 352.682204980      -0.79      1.45     -0.42  0.        1843.610       3730.012       7362.714    0.000  -0.139   0.381   0.
  2017 352 16 22 23 510 352.682216554      -0.60      1.56     -0.28  0.        1842.351       3731.356       7363.172    0.000  -0.139   0.381   0.
  2017 352 16 22 24 510 352.682228128      -0.54      1.41     -0.29  0.        1841.091       3732.701       7363.629    0.000  -0.139   0.381   0.
  2017 352 16 22 25 510 352.682239702      -0.57      1.38     -0.25  0.        1839.832       3734.045       7364.085    0.000  -0.139   0.381   0.
  2017 352 16 22 26 510 352.682251276      -0.53      1.37     -0.36  0.        1838.573       3735.389       7364.541    0.000  -0.139   0.381   0.
  2017 352 16 22 27 510 352.682262850      -0.63      1.37     -0.44  0.        1837.313       3736.733       7364.997    0.000  -0.139   0.381   0.
  2017 352 16 22 28 510 352.682274424      -0.55      1.49     -0.31  0.        1836.054       3738.076       7365.451    0.000  -0.139   0.381   0.
  2017 352 16 22 29 510 352.682285998      -0.30      1.66     -0.26  0.        1834.794       3739.419       7365.906    0.000  -0.139   0.381   0.
  2017 352 16 22 30 510 352.682297572      -0.26      1.64     -0.39  0.        1833.534       3740.762       7366.360    0.000  -0.138   0.380   0.
  2017 352 16 22 31 510 352.682309146      -0.37      1.53     -0.44  0.        1832.274       3742.105       7366.813    0.000  -0.138   0.380   0.
  2017 352 16 22 32 510 352.682320721      -0.35      1.62     -0.45  0.        1831.014       3743.447       7367.266    0.000  -0.138   0.380   0.
  2017 352 16 22 33 510 352.682332295      -0.25      1.72     -0.25  0.        1829.753       3744.789       7367.718    0.000  -0.138   0.380   0.
  2017 352 16 22 34 510 352.682343869      -0.15      1.53     -0.47  0.        1828.493       3746.131       7368.170    0.000  -0.138   0.380   0.
  2017 352 16 22 35 510 352.682355443      -0.32      1.45     -0.45  0.        1827.233       3747.473       7368.621    0.000  -0.138   0.380   0.
  2017 352 16 22 36 510 352.682367017      -0.57      1.37     -0.41  0.        1825.972       3748.814       7369.072    0.000  -0.138   0.380   0.
  2017 352 16 22 37 510 352.682378590      -0.44      1.55     -0.30  0.        1824.711       3750.155       7369.522    0.000  -0.138   0.380   0.
  2017 352 16 22 38 509 352.682390162      -0.26      1.50     -0.39  0.        1823.450       3751.496       7369.972    0.000  -0.138   0.380   0.
  2017 352 16 22 39 509 352.682401736      -0.40      1.39     -0.43  0.        1822.189       3752.837       7370.421    0.000  -0.138   0.380   0.
  2017 352 16 22 40 509 352.682413310      -0.45      1.52     -0.31  0.        1820.928       3754.177       7370.870    0.000  -0.139   0.381   0.
  2017 352 16 22 41 509 352.682424884      -0.12      1.49     -0.47  0.        1819.667       3755.517       7371.318    0.000  -0.139   0.381   0.
  2017 352 16 22 42 509 352.682436458      -0.33      1.33     -0.54  0.        1818.405       3756.857       7371.766    0.000  -0.138   0.380   0.
  2017 352 16 22 43 510 352.682448032      -0.41      1.64     -0.47  0.        1817.144       3758.196       7372.213    0.000  -0.138   0.380   0.
  2017 352 16 22 44 510 352.682459606      -0.50      1.46     -0.61  0.        1815.882       3759.535       7372.659    0.000  -0.139   0.381   0.
  2017 352 16 22 45 509 352.682471181      -0.65      1.50     -0.53  0.        1814.620       3760.874       7373.105    0.000  -0.139   0.381   0.
  2017 352 16 22 46 509 352.682482755      -0.59      1.59     -0.49  0.        1813.358       3762.213       7373.551    0.000  -0.139   0.381   0.
  2017 352 16 22 47 510 352.682494329      -0.46      1.62     -0.54  0.        1812.096       3763.551       7373.996    0.000  -0.139   0.381   0.
  2017 352 16 22 48 510 352.682505903      -0.66      1.57     -0.63  0.        1810.834       3764.890       7374.440    0.000  -0.139   0.381   0.
  2017 352 16 22 49 510 352.682517477      -0.68      1.67     -0.41  0.        1809.571       3766.227       7374.884    0.000  -0.139   0.381   0.
  2017 352 16 22 50 510 352.682529051      -0.47      1.58     -0.47  0.        1808.309       3767.565       7375.328    0.000  -0.138   0.380   0.
  2017 352 16 22 51 510 352.682540625      -0.43      1.52     -0.47  0.        1807.046       3768.902       7375.771    0.000  -0.138   0.380   0.
  2017 352 16 22 52 509 352.682552199      -0.35      1.41     -0.50  0.        1805.784       3770.239       7376.213    0.000  -0.138   0.380   0.
  2017 352 16 22 53 509 352.682563773      -0.27      1.39     -0.59  0.        1804.521       3771.576       7376.655    0.000  -0.138   0.380   0.
  2017 352 16 22 54 509 352.682575347      -0.35      1.41     -0.73  0.        1803.258       3772.913       7377.097    0.000  -0.139   0.381   0.
  2017 352 16 22 55 509 352.682586921      -0.51      1.44     -0.70  0.        1801.995       3774.249       7377.538    0.000  -0.139   0.381   0.
  2017 352 16 22 56 510 352.682598495      -0.51      1.49     -0.52  0.        1800.732       3775.585       7377.978    0.000  -0.138   0.380   0.
  2017 352 16 22 57 510 352.682610069      -0.43      1.35     -0.65  0.        1799.468       3776.921       7378.418    0.000  -0.138   0.380   0.
  2017 352 16 22 58 509 352.682621644      -0.52      1.41     -0.56  0.        1798.205       3778.257       7378.857    0.000  -0.139   0.381   0.
  2017 352 16 22 59 509 352.682633218      -0.62      1.59     -0.59  0.        1796.941       3779.592       7379.296    0.000  -0.139   0.381   0.
  2017 352 16 23  0 510 352.682644792      -0.44      1.67     -0.64  0.        1795.678       3780.927       7379.734    0.000  -0.139   0.381   0.
  2017 352 16 23  1 510 352.682656366      -0.45      1.61     -0.54  0.        1794.413       3782.261       7380.172    0.000  -0.139   0.381   0.
  2017 352 16 23  2 510 352.682667940      -0.58      1.60     -0.44  0.        1793.149       3783.596       7380.609    0.000  -0.138   0.380   0.
  2017 352 16 23  3 510 352.682679514      -0.69      1.64     -0.39  0.        1791.886       3784.930       7381.046    0.000  -0.138   0.380   0.
  2017 352 16 23  4 510 352.682691088      -0.53      1.75     -0.29  0.        1790.621       3786.264       7381.482    0.000  -0.139   0.381   0.
  2017 352 16 23  5 509 352.682702662      -0.79      1.62     -0.19  0.        1789.357       3787.598       7381.918    0.000  -0.139   0.381   0.
  2017 352 16 23  6 509 352.682714236      -0.84      1.62      0.02  0.        1788.092       3788.931       7382.353    0.000  -0.139   0.381   0.
  2017 352 16 23  7 509 352.682725810      -0.62      1.76     -0.02  0.        1786.828       3790.264       7382.788    0.000  -0.139   0.381   0.
  2017 352 16 23  8 509 352.682737381      -0.51      1.72     -0.07  0.        1785.563       3791.597       7383.222    0.000  -0.138   0.380   0.
  2017 352 16 23  9 509 352.682748955      -0.49      1.73     -0.09  0.        1784.298       3792.930       7383.656    0.000  -0.138   0.380   0.
  2017 352 16 23 10 509 352.682760530      -0.42      1.65     -0.20  0.        1783.033       3794.262       7384.089    0.000  -0.139   0.381   0.
  2017 352 16 23 11 509 352.682772104      -0.24      1.53     -0.37  0.        1781.768       3795.594       7384.521    0.000  -0.139   0.381   0.
  2017 352 16 23 12 509 352.682783678      -0.34      1.41     -0.47  0.        1780.503       3796.926       7384.953    0.000  -0.138   0.380   0.
  2017 352 16 23 13 509 352.682795252      -0.53      1.45     -0.45  0.        1779.238       3798.257       7385.385    0.000  -0.138   0.380   0.
  2017 352 16 23 14 509 352.682806826      -0.31      1.59     -0.40  0.        1777.972       3799.589       7385.816    0.000  -0.139   0.381   0.
  2017 352 16 23 15 509 352.682818400      -0.35      1.52     -0.41  0.        1776.706       3800.920       7386.247    0.000  -0.139   0.381   0.
  2017 352 16 23 16 509 352.682829974      -0.41      1.46     -0.47  0.        1775.441       3802.251       7386.677    0.000  -0.138   0.380   0.
  2017 352 16 23 17 509 352.682841548      -0.48      1.46     -0.34  0.        1774.175       3803.581       7387.106    0.000  -0.138   0.380   0.
  2017 352 16 23 18 509 352.682853122      -0.40      1.53     -0.22  0.        1772.909       3804.911       7387.535    0.000  -0.139   0.381   0.
  2017 352 16 23 19 509 352.682864696      -0.33      1.47     -0.31  0.        1771.643       3806.241       7387.964    0.000  -0.139   0.381   0.
  2017 352 16 23 20 509 352.682876270      -0.22      1.53     -0.32  0.        1770.377       3807.571       7388.392    0.000  -0.138   0.380   0.
  2017 352 16 23 21 509 352.682887844      -0.20      1.61     -0.44  0.        1769.110       3808.900       7388.819    0.000  -0.138   0.380   0.
  2017 352 16 23 22 509 352.682899418      -0.35      1.64     -0.44  0.        1767.844       3810.229       7389.246    0.000  -0.138   0.380   0.
  2017 352 16 23 23 509 352.682910992      -0.36      1.60     -0.49  0.        1766.577       3811.558       7389.673    0.000  -0.138   0.380   0.
  2017 352 16 23 24 509 352.682922567      -0.50      1.52     -0.48  0.        1765.310       3812.887       7390.099    0.000  -0.139   0.381   0.
  2017 352 16 23 25 509 352.682934141      -0.62      1.44     -0.36  0.        1764.044       3814.215       7390.524    0.000  -0.139   0.381   0.
  2017 352 16 23 26 509 352.682945715      -0.61      1.47     -0.23  0.        1762.777       3815.543       7390.949    0.000  -0.138   0.380   0.
  2017 352 16 23 27 509 352.682957289      -0.73      1.63     -0.17  0.        1761.510       3816.871       7391.373    0.000  -0.138   0.380   0.
  2017 352 16 23 28 509 352.682968863      -0.76      1.67     -0.12  0.        1760.242       3818.199       7391.797    0.000  -0.138   0.380   0.
  2017 352 16 23 29 509 352.682980437      -0.73      1.61     -0.02  0.        1758.975       3819.526       7392.220    0.000  -0.138   0.380   0.
  2017 352 16 23 30 509 352.682992011      -0.68      1.67      0.01  0.        1757.708       3820.853       7392.643    0.000  -0.139   0.381   0.
  2017 352 16 23 31 509 352.683003585      -0.57      1.73     -0.02  0.        1756.440       3822.180       7393.066    0.000  -0.139   0.381   0.
  2017 352 16 23 32 509 352.683015159      -0.37      1.66     -0.13  0.        1755.172       3823.506       7393.487    0.000  -0.139   0.381   0.
  2017 352 16 23 33 509 352.683026733      -0.28      1.68     -0.28  0.        1753.905       3824.833       7393.909    0.000  -0.139   0.381   0.
  2017 352 16 23 34 509 352.683038307      -0.26      1.75     -0.31  0.        1752.637       3826.159       7394.329    0.000  -0.138   0.380   0.
  2017 352 16 23 35 509 352.683049881      -0.35      1.75     -0.41  0.        1751.369       3827.484       7394.750    0.000  -0.138   0.380   0.
  2017 352 16 23 36 509 352.683061453      -0.40      1.58     -0.36  0.        1750.100       3828.810       7395.169    0.000  -0.138   0.380   0.
  2017 352 16 23 37 509 352.683073027      -0.43      1.49     -0.34  0.        1748.832       3830.135       7395.589    0.000  -0.138   0.380   0.
  2017 352 16 23 38 509 352.683084601      -0.50      1.43     -0.32  0.        1747.564       3831.460       7396.007    0.000  -0.139   0.381   0.
  2017 352 16 23 39 509 352.683096175      -0.49      1.53     -0.35  0.        1746.295       3832.784       7396.426    0.000  -0.139   0.381   0.
  2017 352 16 23 40 509 352.683107749      -0.46      1.56     -0.49  0.        1745.027       3834.109       7396.843    0.000  -0.138   0.380   0.
  2017 352 16 23 41 509 352.683119323      -0.50      1.51     -0.47  0.        1743.758       3835.433       7397.260    0.000  -0.138   0.380   0.
  2017 352 16 23 42 509 352.683130897      -0.55      1.44     -0.49  0.        1742.489       3836.757       7397.677    0.000  -0.138   0.380   0.
  2017 352 16 23 43 509 352.683142471      -0.46      1.30     -0.57  0.        1741.220       3838.080       7398.093    0.000  -0.138   0.380   0.
  2017 352 16 23 44 509 352.683154045      -0.77      1.40     -0.64  0.        1739.951       3839.404       7398.509    0.000  -0.139   0.381   0.
  2017 352 16 23 45 509 352.683165619      -1.05      1.56     -0.40  0.        1738.681       3840.727       7398.924    0.000  -0.139   0.381   0.
  2017 352 16 23 46 509 352.683177193      -0.93      1.60     -0.29  0.        1737.412       3842.050       7399.339    0.000  -0.138   0.380   0.
  2017 352 16 23 47 509 352.683188767      -0.93      1.63     -0.31  0.        1736.143       3843.372       7399.753    0.000  -0.138   0.380   0.
  2017 352 16 23 48 509 352.683200341      -0.94      1.72     -0.28  0.        1734.873       3844.694       7400.166    0.000  -0.139   0.381   0.
  2017 352 16 23 49 509 352.683211915      -0.96      1.75     -0.29  0.        1733.603       3846.016       7400.579    0.000  -0.139   0.381   0.
  2017 352 16 23 50 509 352.683223490      -0.92      1.73     -0.26  0.        1732.333       3847.338       7400.992    0.000  -0.139   0.381   0.
  2017 352 16 23 51 509 352.683235064      -0.84      1.68     -0.30  0.        1731.063       3848.659       7401.404    0.000  -0.139   0.381   0.
  2017 352 16 23 52 509 352.683246638      -0.89      1.73     -0.32  0.        1729.793       3849.981       7401.815    0.000  -0.138   0.380   0.
  2017 352 16 23 53 509 352.683258212      -0.95      1.82     -0.15  0.        1728.523       3851.302       7402.226    0.000  -0.138   0.380   0.
  2017 352 16 23 54 509 352.683269786      -0.88      1.70     -0.03  0.        1727.253       3852.622       7402.637    0.000  -0.138   0.380   0.
  2017 352 16 23 55 509 352.683281360      -0.91      1.76      0.07  0.        1725.982       3853.943       7403.047    0.000  -0.138   0.380   0.
  2017 352 16 23 56 509 352.683292934      -0.76      1.72      0.02  0.        1724.712       3855.263       7403.456    0.000  -0.138   0.380   0.
  2017 352 16 23 57 509 352.683304508      -0.61      1.71     -0.04  0.        1723.441       3856.583       7403.865    0.000  -0.138   0.380   0.
  2017 352 16 23 58 509 352.683316082      -0.67      1.78     -0.11  0.        1722.170       3857.902       7404.274    0.000  -0.138   0.380   0.
  2017 352 16 23 59 509 352.683327656      -0.57      1.91     -0.12  0.        1720.899       3859.221       7404.682    0.000  -0.138   0.380   0.
  2017 352 16 24  0 509 352.683339230      -0.53      1.78     -0.16  0.        1719.628       3860.541       7405.089    0.000  -0.138   0.380   0.
  2017 352 16 24  1 509 352.683350804      -0.38      1.65     -0.18  0.        1718.357       3861.859       7405.496    0.000  -0.138   0.380   0.
  2017 352 16 24  2 509 352.683362378      -0.26      1.57     -0.38  0.        1717.086       3863.178       7405.903    0.000  -0.138   0.380   0.
  2017 352 16 24  3 509 352.683373953      -0.39      1.47     -0.39  0.        1715.814       3864.496       7406.309    0.000  -0.138   0.380   0.
  2017 352 16 24  4 509 352.683385527      -0.24      1.57     -0.41  0.        1714.543       3865.814       7406.714    0.000  -0.138   0.380   0.
  2017 352 16 24  5 509 352.683397100      -0.20      1.52     -0.59  0.        1713.271       3867.132       7407.119    0.000  -0.138   0.380   0.
  2017 352 16 24  6 509 352.683408672      -0.30      1.54     -0.59  0.        1711.999       3868.449       7407.523    0.000  -0.138   0.380   0.
  2017 352 16 24  7 509 352.683420246      -0.26      1.61     -0.69  0.        1710.727       3869.767       7407.927    0.000  -0.138   0.380   0.
  2017 352 16 24  8 509 352.683431820      -0.34      1.39     -0.78  0.        1709.455       3871.084       7408.330    0.000  -0.138   0.380   0.
  2017 352 16 24  9 509 352.683443394      -0.47      1.39     -0.70  0.        1708.183       3872.400       7408.733    0.000  -0.138   0.380   0.
  2017 352 16 24 10 509 352.683454968      -0.45      1.49     -0.59  0.        1706.911       3873.717       7409.136    0.000  -0.138   0.380   0.
  2017 352 16 24 11 509 352.683466542      -0.53      1.48     -0.57  0.        1705.639       3875.033       7409.537    0.000  -0.138   0.380   0.
  2017 352 16 24 12 509 352.683478116      -0.53      1.49     -0.53  0.        1704.366       3876.349       7409.939    0.000  -0.138   0.380   0.
  2017 352 16 24 13 509 352.683489690      -0.52      1.49     -0.54  0.        1703.093       3877.664       7410.339    0.000  -0.138   0.380   0.
  2017 352 16 24 14 509 352.683501264      -0.42      1.45     -0.52  0.        1701.821       3878.979       7410.740    0.000  -0.138   0.380   0.
  2017 352 16 24 15 509 352.683512839      -0.45      1.43     -0.58  0.        1700.548       3880.295       7411.140    0.000  -0.138   0.380   0.
  2017 352 16 24 16 509 352.683524413      -0.54      1.35     -0.56  0.        1699.275       3881.609       7411.539    0.000  -0.138   0.380   0.
  2017 352 16 24 17 509 352.683535987      -0.71      1.42     -0.48  0.        1698.002       3882.924       7411.938    0.000  -0.138   0.380   0.
  2017 352 16 24 18 509 352.683547561      -0.84      1.49     -0.44  0.        1696.729       3884.238       7412.336    0.000  -0.138   0.380   0.
  2017 352 16 24 19 509 352.683559135      -0.79      1.54     -0.43  0.        1695.455       3885.552       7412.734    0.000  -0.138   0.380   0.
  2017 352 16 24 20 509 352.683570709      -0.85      1.57     -0.41  0.        1694.182       3886.866       7413.131    0.000  -0.138   0.380   0.
  2017 352 16 24 21 509 352.683582283      -0.90      1.58     -0.27  0.        1692.909       3888.179       7413.528    0.000  -0.138   0.380   0.
  2017 352 16 24 22 509 352.683593857      -0.85      1.61     -0.20  0.        1691.635       3889.493       7413.924    0.000  -0.138   0.380   0.
  2017 352 16 24 23 509 352.683605431      -0.79      1.58     -0.20  0.        1690.361       3890.805       7414.319    0.000  -0.138   0.380   0.
  2017 352 16 24 24 509 352.683617005      -0.73      1.69     -0.20  0.        1689.087       3892.118       7414.715    0.000  -0.138   0.380   0.
  2017 352 16 24 25 509 352.683628579      -0.64      1.64     -0.29  0.        1687.813       3893.430       7415.109    0.000  -0.138   0.380   0.
  2017 352 16 24 26 509 352.683640153      -0.72      1.59     -0.35  0.        1686.539       3894.743       7415.503    0.000  -0.138   0.380   0.
  2017 352 16 24 27 509 352.683651727      -0.80      1.60     -0.23  0.        1685.265       3896.055       7415.897    0.000  -0.138   0.380   0.
  2017 352 16 24 28 509 352.683663302      -0.76      1.62     -0.22  0.        1683.991       3897.366       7416.290    0.000  -0.138   0.380   0.
  2017 352 16 24 29 509 352.683674876      -0.82      1.66     -0.34  0.        1682.716       3898.677       7416.683    0.000  -0.138   0.380   0.
  2017 352 16 24 30 509 352.683686450      -0.84      1.74     -0.27  0.        1681.442       3899.989       7417.075    0.000  -0.138   0.380   0.
  2017 352 16 24 31 509 352.683698024      -0.69      1.78     -0.05  0.        1680.167       3901.299       7417.467    0.000  -0.138   0.380   0.
  2017 352 16 24 32 509 352.683709598      -0.55      1.73     -0.05  0.        1678.892       3902.610       7417.858    0.000  -0.138   0.380   0.
  2017 352 16 24 33 509 352.683721171      -0.64      1.69     -0.11  0.        1677.617       3903.920       7418.248    0.000  -0.138   0.380   0.
  2017 352 16 24 34 508 352.683732743      -0.60      1.74     -0.27  0.        1676.342       3905.230       7418.639    0.000  -0.138   0.380   0.
  2017 352 16 24 35 508 352.683744317      -0.44      1.73     -0.32  0.        1675.067       3906.540       7419.028    0.000  -0.138   0.380   0.
  2017 352 16 24 36 508 352.683755891      -0.34      1.75     -0.26  0.        1673.792       3907.849       7419.417    0.000  -0.138   0.380   0.
  2017 352 16 24 37 508 352.683767465      -0.39      1.76     -0.24  0.        1672.516       3909.159       7419.806    0.000  -0.138   0.380   0.
  2017 352 16 24 38 509 352.683779039      -0.50      1.65     -0.32  0.        1671.241       3910.467       7420.194    0.000  -0.138   0.380   0.
  2017 352 16 24 39 509 352.683790613      -0.64      1.58     -0.32  0.        1669.965       3911.776       7420.581    0.000  -0.138   0.380   0.
  2017 352 16 24 40 509 352.683802188      -0.55      1.55     -0.26  0.        1668.690       3913.084       7420.968    0.000  -0.138   0.380   0.
  2017 352 16 24 41 508 352.683813762      -0.35      1.59     -0.27  0.        1667.414       3914.393       7421.355    0.000  -0.138   0.380   0.
  2017 352 16 24 42 508 352.683825336      -0.42      1.49     -0.47  0.        1666.138       3915.700       7421.741    0.000  -0.138   0.380   0.
  2017 352 16 24 43 509 352.683836910      -0.54      1.52     -0.40  0.        1664.862       3917.008       7422.127    0.000  -0.138   0.380   0.
  2017 352 16 24 44 509 352.683848484      -0.43      1.63     -0.37  0.        1663.586       3918.315       7422.512    0.000  -0.138   0.380   0.
  2017 352 16 24 45 509 352.683860058      -0.42      1.64     -0.45  0.        1662.309       3919.622       7422.896    0.000  -0.138   0.380   0.
  2017 352 16 24 46 509 352.683871632      -0.46      1.62     -0.55  0.        1661.033       3920.929       7423.280    0.000  -0.138   0.380   0.
  2017 352 16 24 47 508 352.683883206      -0.60      1.61     -0.65  0.        1659.756       3922.236       7423.664    0.000  -0.138   0.380   0.
  2017 352 16 24 48 508 352.683894780      -0.65      1.53     -0.70  0.        1658.480       3923.542       7424.047    0.000  -0.138   0.380   0.
  2017 352 16 24 49 508 352.683906354      -0.72      1.48     -0.58  0.        1657.203       3924.848       7424.429    0.000  -0.138   0.380   0.
  2017 352 16 24 50 508 352.683917928      -0.59      1.57     -0.51  0.        1655.926       3926.154       7424.811    0.000  -0.139   0.381   0.
  2017 352 16 24 51 508 352.683929502      -0.60      1.54     -0.56  0.        1654.649       3927.459       7425.193    0.000  -0.139   0.381   0.
  2017 352 16 24 52 509 352.683941076      -0.76      1.49     -0.52  0.        1653.372       3928.764       7425.574    0.000  -0.138   0.380   0.
  2017 352 16 24 53 509 352.683952650      -0.84      1.46     -0.59  0.        1652.095       3930.069       7425.954    0.000  -0.138   0.380   0.
  2017 352 16 24 54 508 352.683964225      -0.90      1.41     -0.60  0.        1650.818       3931.374       7426.334    0.000  -0.138   0.380   0.
  2017 352 16 24 55 508 352.683975799      -0.84      1.45     -0.58  0.        1649.540       3932.678       7426.713    0.000  -0.138   0.380   0.
  2017 352 16 24 56 509 352.683987373      -0.74      1.45     -0.64  0.        1648.263       3933.983       7427.092    0.000  -0.138   0.380   0.
  2017 352 16 24 57 509 352.683998947      -0.73      1.46     -0.68  0.        1646.985       3935.286       7427.471    0.000  -0.138   0.380   0.
  2017 352 16 24 58 509 352.684010521      -0.40      1.44     -0.77  0.        1645.707       3936.590       7427.849    0.000  -0.138   0.380   0.
  2017 352 16 24 59 509 352.684022095      -0.07      1.36     -0.84  0.        1644.430       3937.893       7428.226    0.000  -0.138   0.380   0.
  2017 352 16 25  0 509 352.684033669       0.03      1.33     -0.88  0.        1643.152       3939.196       7428.603    0.000  -0.138   0.380   0.
  2017 352 16 25  1 508 352.684045243      -0.17      1.31     -0.85  0.        1641.873       3940.499       7428.980    0.000  -0.138   0.380   0.
  2017 352 16 25  2 508 352.684056817      -0.17      1.38     -0.92  0.        1640.595       3941.801       7429.355    0.000  -0.138   0.380   0.
  2017 352 16 25  3 508 352.684068391      -0.28      1.34     -0.96  0.        1639.317       3943.104       7429.731    0.000  -0.138   0.380   0.
  2017 352 16 25  4 508 352.684079962      -0.39      1.45     -1.00  0.        1638.039       3944.406       7430.106    0.000  -0.138   0.380   0.
  2017 352 16 25  5 508 352.684091536      -0.37      1.52     -1.10  0.        1636.760       3945.707       7430.480    0.000  -0.138   0.380   0.
  2017 352 16 25  6 508 352.684103111      -0.37      1.43     -1.20  0.        1635.481       3947.009       7430.854    0.000  -0.138   0.380   0.
  2017 352 16 25  7 508 352.684114685      -0.58      1.39     -1.13  0.        1634.203       3948.310       7431.227    0.000  -0.138   0.380   0.
  2017 352 16 25  8 508 352.684126259      -0.48      1.59     -0.84  0.        1632.924       3949.611       7431.600    0.000  -0.138   0.380   0.
  2017 352 16 25  9 508 352.684137833      -0.63      1.55     -0.79  0.        1631.645       3950.912       7431.973    0.000  -0.138   0.380   0.
  2017 352 16 25 10 508 352.684149407      -0.55      1.61     -0.68  0.        1630.366       3952.212       7432.345    0.000  -0.138   0.380   0.
  2017 352 16 25 11 508 352.684160981      -0.58      1.52     -0.65  0.        1629.086       3953.512       7432.716    0.000  -0.138   0.380   0.
  2017 352 16 25 12 508 352.684172555      -0.69      1.68     -0.60  0.        1627.807       3954.812       7433.087    0.000  -0.138   0.380   0.
  2017 352 16 25 13 508 352.684184129      -0.57      1.73     -0.48  0.        1626.528       3956.111       7433.457    0.000  -0.138   0.380   0.
  2017 352 16 25 14 508 352.684195703      -0.58      1.63     -0.37  0.        1625.248       3957.411       7433.827    0.000  -0.138   0.380   0.
  2017 352 16 25 15 508 352.684207277      -0.52      1.69     -0.25  0.        1623.969       3958.710       7434.196    0.000  -0.138   0.380   0.
  2017 352 16 25 16 508 352.684218851      -0.48      1.63     -0.22  0.        1622.689       3960.008       7434.565    0.000  -0.138   0.380   0.
  2017 352 16 25 17 508 352.684230425      -0.50      1.65     -0.16  0.        1621.409       3961.307       7434.933    0.000  -0.138   0.380   0.
  2017 352 16 25 18 508 352.684241999      -0.39      1.56     -0.19  0.        1620.129       3962.605       7435.301    0.000  -0.138   0.380   0.
  2017 352 16 25 19 508 352.684253573      -0.32      1.58     -0.28  0.        1618.849       3963.903       7435.669    0.000  -0.138   0.380   0.
  2017 352 16 25 20 508 352.684265148      -0.29      1.54     -0.35  0.        1617.569       3965.201       7436.036    0.000  -0.138   0.380   0.
  2017 352 16 25 21 508 352.684276722      -0.46      1.49     -0.43  0.        1616.289       3966.498       7436.402    0.000  -0.138   0.380   0.
  2017 352 16 25 22 508 352.684288296      -0.67      1.56     -0.43  0.        1615.008       3967.795       7436.768    0.000  -0.138   0.380   0.
  2017 352 16 25 23 508 352.684299870      -0.77      1.57     -0.36  0.        1613.728       3969.092       7437.133    0.000  -0.138   0.380   0.
  2017 352 16 25 24 508 352.684311444      -0.80      1.61     -0.25  0.        1612.447       3970.389       7437.498    0.000  -0.138   0.380   0.
  2017 352 16 25 25 508 352.684323018      -0.67      1.64     -0.26  0.        1611.166       3971.685       7437.862    0.000  -0.138   0.380   0.
  2017 352 16 25 26 508 352.684334592      -0.61      1.64     -0.36  0.        1609.885       3972.982       7438.226    0.000  -0.138   0.380   0.
  2017 352 16 25 27 508 352.684346166      -0.97      1.68     -0.42  0.        1608.604       3974.277       7438.589    0.000  -0.138   0.380   0.
  2017 352 16 25 28 508 352.684357740      -1.14      1.80     -0.33  0.        1607.323       3975.573       7438.952    0.000  -0.138   0.380   0.
  2017 352 16 25 29 508 352.684369314      -1.07      1.72     -0.23  0.        1606.042       3976.868       7439.314    0.000  -0.138   0.380   0.
  2017 352 16 25 30 508 352.684380888      -0.87      1.75     -0.27  0.        1604.761       3978.163       7439.676    0.000  -0.138   0.380   0.
  2017 352 16 25 31 508 352.684392462      -0.67      1.70     -0.28  0.        1603.480       3979.458       7440.037    0.000  -0.138   0.380   0.
  2017 352 16 25 32 508 352.684404034      -0.54      1.74     -0.25  0.        1602.198       3980.752       7440.398    0.000  -0.138   0.380   0.
  2017 352 16 25 33 508 352.684415608      -0.40      1.62     -0.29  0.        1600.917       3982.046       7440.758    0.000  -0.138   0.380   0.
  2017 352 16 25 34 508 352.684427182      -0.43      1.50     -0.34  0.        1599.635       3983.340       7441.118    0.000  -0.138   0.380   0.
  2017 352 16 25 35 508 352.684438756      -0.52      1.39     -0.50  0.        1598.353       3984.634       7441.478    0.000  -0.138   0.380   0.
  2017 352 16 25 36 508 352.684450330      -0.58      1.43     -0.44  0.        1597.071       3985.927       7441.836    0.000  -0.138   0.380   0.
  2017 352 16 25 37 508 352.684461904      -0.63      1.47     -0.35  0.        1595.789       3987.220       7442.195    0.000  -0.138   0.380   0.
  2017 352 16 25 38 508 352.684473478      -0.65      1.49     -0.25  0.        1594.507       3988.513       7442.552    0.000  -0.138   0.380   0.
  2017 352 16 25 39 508 352.684485052      -0.55      1.64     -0.30  0.        1593.225       3989.806       7442.910    0.000  -0.138   0.380   0.
  2017 352 16 25 40 508 352.684496626      -0.29      1.77     -0.23  0.        1591.942       3991.098       7443.266    0.000  -0.138   0.380   0.
  2017 352 16 25 41 508 352.684508200      -0.06      1.78     -0.42  0.        1590.660       3992.390       7443.623    0.000  -0.138   0.380   0.
  2017 352 16 25 42 508 352.684519774      -0.27      1.54     -0.70  0.        1589.377       3993.682       7443.978    0.000  -0.138   0.380   0.
  2017 352 16 25 43 508 352.684531348      -0.37      1.65     -0.66  0.        1588.095       3994.974       7444.334    0.000  -0.138   0.380   0.
  2017 352 16 25 44 508 352.684542922      -0.29      1.57     -0.62  0.        1586.812       3996.265       7444.688    0.000  -0.138   0.380   0.
  2017 352 16 25 45 508 352.684554496      -0.28      1.51     -0.44  0.        1585.529       3997.556       7445.043    0.000  -0.138   0.380   0.
  2017 352 16 25 46 508 352.684566071      -0.09      1.70     -0.50  0.        1584.246       3998.847       7445.397    0.000  -0.138   0.380   0.
  2017 352 16 25 47 508 352.684577645       0.21      1.70     -0.64  0.        1582.963       4000.137       7445.750    0.000  -0.138   0.380   0.
  2017 352 16 25 48 508 352.684589219       0.36      1.60     -0.86  0.        1581.680       4001.427       7446.102    0.000  -0.138   0.380   0.
  2017 352 16 25 49 508 352.684600793       0.22      1.45     -0.97  0.        1580.396       4002.717       7446.455    0.000  -0.138   0.380   0.
  2017 352 16 25 50 508 352.684612367       0.12      1.45     -0.89  0.        1579.113       4004.007       7446.806    0.000  -0.138   0.380   0.
  2017 352 16 25 51 508 352.684623941       0.06      1.55     -0.69  0.        1577.829       4005.296       7447.158    0.000  -0.138   0.380   0.
  2017 352 16 25 52 508 352.684635515      -0.10      1.44     -0.50  0.        1576.546       4006.585       7447.509    0.000  -0.138   0.380   0.
  2017 352 16 25 53 508 352.684647089      -0.32      1.62     -0.36  0.        1575.262       4007.874       7447.859    0.000  -0.138   0.380   0.
  2017 352 16 25 54 508 352.684658663      -0.26      1.73     -0.31  0.        1573.978       4009.162       7448.209    0.000  -0.138   0.380   0.
  2017 352 16 25 55 508 352.684670237      -0.10      1.76     -0.21  0.        1572.694       4010.451       7448.558    0.000  -0.138   0.380   0.
  2017 352 16 25 56 508 352.684681811      -0.24      1.79     -0.16  0.        1571.410       4011.739       7448.907    0.000  -0.138   0.380   0.
  2017 352 16 25 57 508 352.684693385      -0.37      1.75     -0.00  0.        1570.126       4013.026       7449.255    0.000  -0.138   0.380   0.
  2017 352 16 25 58 508 352.684704959      -0.37      1.88      0.11  0.        1568.842       4014.314       7449.603    0.000  -0.138   0.380   0.
  2017 352 16 25 59 508 352.684716534      -0.28      1.85      0.04  0.        1567.557       4015.601       7449.950    0.000  -0.138   0.380   0.
  2017 352 16 26  0 508 352.684728108      -0.32      1.70     -0.02  0.        1566.273       4016.888       7450.297    0.000  -0.138   0.380   0.
  2017 352 16 26  1 508 352.684739681      -0.39      1.72      0.01  0.        1564.988       4018.175       7450.643    0.000  -0.138   0.380   0.
  2017 352 16 26  2 508 352.684751253      -0.42      1.71      0.09  0.        1563.704       4019.461       7450.989    0.000  -0.138   0.380   0.
  2017 352 16 26  3 508 352.684762827      -0.40      1.68      0.12  0.        1562.419       4020.747       7451.334    0.000  -0.138   0.380   0.
  2017 352 16 26  4 508 352.684774401      -0.42      1.68      0.13  0.        1561.134       4022.033       7451.679    0.000  -0.138   0.380   0.
  2017 352 16 26  5 508 352.684785975      -0.49      1.69      0.11  0.        1559.849       4023.319       7452.023    0.000  -0.138   0.380   0.
  2017 352 16 26  6 508 352.684797549      -0.48      1.70      0.13  0.        1558.564       4024.604       7452.367    0.000  -0.138   0.380   0.
  2017 352 16 26  7 508 352.684809123      -0.45      1.80      0.12  0.        1557.279       4025.889       7452.710    0.000  -0.138   0.380   0.
  2017 352 16 26  8 508 352.684820697      -0.42      1.77      0.06  0.        1555.993       4027.174       7453.053    0.000  -0.138   0.380   0.
  2017 352 16 26  9 508 352.684832271      -0.32      1.75     -0.03  0.        1554.708       4028.458       7453.395    0.000  -0.138   0.380   0.
  2017 352 16 26 10 508 352.684843846      -0.32      1.81     -0.09  0.        1553.422       4029.743       7453.737    0.000  -0.138   0.380   0.
  2017 352 16 26 11 508 352.684855420      -0.27      1.71     -0.13  0.        1552.137       4031.027       7454.078    0.000  -0.138   0.380   0.
  2017 352 16 26 12 508 352.684866994      -0.22      1.56     -0.31  0.        1550.851       4032.310       7454.419    0.000  -0.138   0.380   0.
  2017 352 16 26 13 508 352.684878568      -0.47      1.58     -0.35  0.        1549.565       4033.594       7454.759    0.000  -0.138   0.380   0.
  2017 352 16 26 14 508 352.684890142      -0.50      1.54     -0.33  0.        1548.279       4034.877       7455.099    0.000  -0.138   0.380   0.
  2017 352 16 26 15 508 352.684901716      -0.56      1.49     -0.36  0.        1546.993       4036.160       7455.438    0.000  -0.138   0.380   0.
  2017 352 16 26 16 508 352.684913290      -0.72      1.59     -0.27  0.        1545.707       4037.442       7455.777    0.000  -0.138   0.380   0.
  2017 352 16 26 17 508 352.684924864      -0.73      1.65     -0.31  0.        1544.421       4038.725       7456.115    0.000  -0.138   0.380   0.
  2017 352 16 26 18 508 352.684936438      -0.77      1.66     -0.36  0.        1543.134       4040.007       7456.453    0.000  -0.138   0.380   0.
  2017 352 16 26 19 508 352.684948012      -0.68      1.65     -0.47  0.        1541.848       4041.289       7456.790    0.000  -0.138   0.380   0.
  2017 352 16 26 20 508 352.684959586      -0.46      1.64     -0.51  0.        1540.561       4042.570       7457.127    0.000  -0.138   0.380   0.
  2017 352 16 26 21 508 352.684971160      -0.48      1.51     -0.59  0.        1539.275       4043.852       7457.463    0.000  -0.138   0.380   0.
  2017 352 16 26 22 508 352.684982734      -0.54      1.48     -0.62  0.        1537.988       4045.133       7457.799    0.000  -0.138   0.380   0.
  2017 352 16 26 23 508 352.684994308      -0.61      1.54     -0.65  0.        1536.701       4046.413       7458.134    0.000  -0.138   0.380   0.
  2017 352 16 26 24 508 352.685005883      -0.64      1.65     -0.52  0.        1535.414       4047.694       7458.469    0.000  -0.138   0.380   0.
  2017 352 16 26 25 508 352.685017457      -0.55      1.56     -0.54  0.        1534.127       4048.974       7458.803    0.000  -0.138   0.380   0.
  2017 352 16 26 26 508 352.685029031      -0.48      1.58     -0.51  0.        1532.840       4050.254       7459.137    0.000  -0.138   0.380   0.
  2017 352 16 26 27 508 352.685040605      -0.41      1.63     -0.41  0.        1531.553       4051.534       7459.470    0.000  -0.138   0.380   0.
  2017 352 16 26 28 508 352.685052179      -0.38      1.59     -0.46  0.        1530.265       4052.813       7459.803    0.000  -0.138   0.380   0.
  2017 352 16 26 29 508 352.685063752      -0.36      1.52     -0.60  0.        1528.978       4054.092       7460.135    0.000  -0.138   0.380   0.
  2017 352 16 26 30 507 352.685075324      -0.46      1.54     -0.64  0.        1527.690       4055.371       7460.467    0.000  -0.138   0.380   0.
  2017 352 16 26 31 507 352.685086898      -0.49      1.69     -0.63  0.        1526.403       4056.650       7460.798    0.000  -0.138   0.380   0.
  2017 352 16 26 32 507 352.685098472      -0.33      1.64     -0.66  0.        1525.115       4057.928       7461.129    0.000  -0.138   0.380   0.
  2017 352 16 26 33 507 352.685110046      -0.55      1.60     -0.68  0.        1523.827       4059.206       7461.459    0.000  -0.138   0.380   0.
  2017 352 16 26 34 508 352.685121620      -0.44      1.68     -0.58  0.        1522.539       4060.484       7461.789    0.000  -0.138   0.380   0.
  2017 352 16 26 35 508 352.685133194      -0.39      1.62     -0.57  0.        1521.251       4061.761       7462.118    0.000  -0.138   0.380   0.
  2017 352 16 26 36 507 352.685144769      -0.40      1.60     -0.66  0.        1519.963       4063.038       7462.447    0.000  -0.138   0.380   0.
  2017 352 16 26 37 507 352.685156343      -0.40      1.55     -0.67  0.        1518.674       4064.315       7462.776    0.000  -0.138   0.380   0.
  2017 352 16 26 38 508 352.685167917      -0.37      1.53     -0.53  0.        1517.386       4065.592       7463.103    0.000  -0.138   0.380   0.
  2017 352 16 26 39 508 352.685179491      -0.21      1.62     -0.39  0.        1516.097       4066.868       7463.431    0.000  -0.138   0.380   0.
  2017 352 16 26 40 508 352.685191065      -0.06      1.73     -0.49  0.        1514.809       4068.145       7463.757    0.000  -0.138   0.380   0.
  2017 352 16 26 41 508 352.685202639      -0.00      1.67     -0.50  0.        1513.520       4069.421       7464.084    0.000  -0.138   0.380   0.
  2017 352 16 26 42 508 352.685214213       0.04      1.58     -0.51  0.        1512.231       4070.696       7464.410    0.000  -0.138   0.380   0.
  2017 352 16 26 43 507 352.685225787      -0.13      1.53     -0.91  0.        1510.942       4071.971       7464.735    0.000  -0.138   0.380   0.
  2017 352 16 26 44 507 352.685237361      -0.20      1.57     -0.70  0.        1509.654       4073.247       7465.060    0.000  -0.138   0.380   0.
  2017 352 16 26 45 507 352.685248935      -0.17      1.55     -0.56  0.        1508.364       4074.521       7465.384    0.000  -0.138   0.380   0.
  2017 352 16 26 46 507 352.685260509      -0.16      1.51     -0.61  0.        1507.075       4075.796       7465.708    0.000  -0.138   0.380   0.
  2017 352 16 26 47 507 352.685272083      -0.29      1.39     -0.79  0.        1505.786       4077.070       7466.031    0.000  -0.138   0.380   0.
  2017 352 16 26 48 508 352.685283657      -0.37      1.33     -0.89  0.        1504.497       4078.344       7466.354    0.000  -0.138   0.380   0.
  2017 352 16 26 49 508 352.685295231      -0.41      1.41     -0.83  0.        1503.207       4079.618       7466.676    0.000  -0.138   0.380   0.
  2017 352 16 26 50 507 352.685306806      -0.26      1.49     -0.85  0.        1501.917       4080.891       7466.998    0.000  -0.138   0.380   0.
  2017 352 16 26 51 507 352.685318380      -0.26      1.32     -1.14  0.        1500.628       4082.164       7467.320    0.000  -0.138   0.380   0.
  2017 352 16 26 52 508 352.685329954      -0.19      1.30     -1.19  0.        1499.338       4083.437       7467.641    0.000  -0.138   0.380   0.
  2017 352 16 26 53 508 352.685341528      -0.41      1.13     -1.23  0.        1498.048       4084.710       7467.961    0.000  -0.138   0.380   0.
  2017 352 16 26 54 508 352.685353102      -0.45      1.19     -1.20  0.        1496.758       4085.982       7468.281    0.000  -0.138   0.380   0.
  2017 352 16 26 55 508 352.685364676      -0.26      1.23     -1.22  0.        1495.468       4087.255       7468.600    0.000  -0.138   0.380   0.
  2017 352 16 26 56 507 352.685376250      -0.19      1.50     -1.03  0.        1494.178       4088.526       7468.919    0.000  -0.138   0.380   0.
  2017 352 16 26 57 507 352.685387824      -0.45      1.55     -0.95  0.        1492.888       4089.798       7469.238    0.000  -0.138   0.380   0.
  2017 352 16 26 58 507 352.685399395      -0.39      1.56     -0.80  0.        1491.597       4091.069       7469.555    0.000  -0.138   0.380   0.
  2017 352 16 26 59 507 352.685410969      -0.02      1.56     -0.91  0.        1490.307       4092.340       7469.873    0.000  -0.138   0.380   0.
  2017 352 16 27  0 507 352.685422543      -0.17      1.31     -0.79  0.        1489.016       4093.611       7470.190    0.000  -0.138   0.380   0.
  2017 352 16 27  1 507 352.685434117      -0.36      1.31     -0.51  0.        1487.726       4094.881       7470.506    0.000  -0.138   0.380   0.
  2017 352 16 27  2 507 352.685445692      -0.26      1.51     -0.44  0.        1486.435       4096.152       7470.822    0.000  -0.138   0.380   0.
  2017 352 16 27  3 507 352.685457266      -0.07      1.72     -0.58  0.        1485.144       4097.422       7471.137    0.000  -0.138   0.380   0.
  2017 352 16 27  4 507 352.685468840      -0.04      1.57     -0.76  0.        1483.853       4098.691       7471.452    0.000  -0.138   0.380   0.
  2017 352 16 27  5 507 352.685480414      -0.20      1.74     -0.66  0.        1482.562       4099.961       7471.767    0.000  -0.138   0.380   0.
  2017 352 16 27  6 507 352.685491988      -0.12      1.92     -0.71  0.        1481.271       4101.230       7472.081    0.000  -0.138   0.380   0.
  2017 352 16 27  7 507 352.685503562      -0.05      1.87     -0.78  0.        1479.979       4102.499       7472.394    0.000  -0.138   0.380   0.
  2017 352 16 27  8 507 352.685515136       0.04      1.60     -0.86  0.        1478.688       4103.767       7472.707    0.000  -0.138   0.380   0.
  2017 352 16 27  9 507 352.685526710       0.15      1.53     -0.96  0.        1477.396       4105.035       7473.020    0.000  -0.138   0.380   0.
  2017 352 16 27 10 507 352.685538284       0.31      1.21     -1.11  0.        1476.105       4106.304       7473.332    0.000  -0.138   0.380   0.
  2017 352 16 27 11 507 352.685549858      -0.06      1.05     -1.23  0.        1474.813       4107.571       7473.643    0.000  -0.138   0.380   0.
  2017 352 16 27 12 507 352.685561432      -0.38      1.23     -0.98  0.        1473.521       4108.839       7473.954    0.000  -0.138   0.380   0.
  2017 352 16 27 13 507 352.685573006      -0.40      1.56     -0.41  0.        1472.230       4110.106       7474.265    0.000  -0.138   0.380   0.
  2017 352 16 27 14 507 352.685584580      -0.35      1.71     -0.28  0.        1470.938       4111.373       7474.575    0.000  -0.138   0.380   0.
  2017 352 16 27 15 507 352.685596155      -0.23      1.68     -0.28  0.        1469.646       4112.640       7474.884    0.000  -0.138   0.380   0.
  2017 352 16 27 16 507 352.685607729      -0.16      1.57     -0.39  0.        1468.353       4113.906       7475.193    0.000  -0.138   0.380   0.
  2017 352 16 27 17 507 352.685619303      -0.27      1.55     -0.53  0.        1467.061       4115.172       7475.502    0.000  -0.138   0.380   0.
  2017 352 16 27 18 507 352.685630877      -0.35      1.46     -0.56  0.        1465.769       4116.438       7475.810    0.000  -0.138   0.380   0.
  2017 352 16 27 19 507 352.685642451      -0.46      1.50     -0.60  0.        1464.476       4117.704       7476.117    0.000  -0.138   0.380   0.
  2017 352 16 27 20 507 352.685654025      -0.48      1.69     -0.40  0.        1463.184       4118.969       7476.424    0.000  -0.138   0.380   0.
  2017 352 16 27 21 507 352.685665599      -0.14      1.80     -0.46  0.        1461.891       4120.234       7476.731    0.000  -0.138   0.380   0.
  2017 352 16 27 22 507 352.685677173      -0.09      1.56     -0.63  0.        1460.599       4121.499       7477.037    0.000  -0.138   0.380   0.
  2017 352 16 27 23 507 352.685688747       0.05      1.39     -0.68  0.        1459.306       4122.763       7477.342    0.000  -0.138   0.380   0.
  2017 352 16 27 24 507 352.685700321      -0.13      1.40     -0.78  0.        1458.013       4124.028       7477.647    0.000  -0.138   0.380   0.
  2017 352 16 27 25 507 352.685711895      -0.06      1.34     -0.78  0.        1456.720       4125.292       7477.952    0.000  -0.138   0.380   0.
  2017 352 16 27 26 507 352.685723469      -0.10      1.29     -0.79  0.        1455.427       4126.555       7478.256    0.000  -0.138   0.380   0.
  2017 352 16 27 27 507 352.685735043       0.07      1.30     -0.90  0.        1454.134       4127.819       7478.560    0.000  -0.138   0.380   0.
  2017 352 16 27 28 507 352.685746617       0.01      0.93     -1.07  0.        1452.840       4129.082       7478.863    0.000  -0.138   0.380   0.
  2017 352 16 27 29 507 352.685758191      -0.43      1.04     -1.05  0.        1451.547       4130.345       7479.165    0.000  -0.138   0.380   0.
  2017 352 16 27 30 507 352.685769763      -0.41      1.12     -1.06  0.        1450.253       4131.607       7479.467    0.000  -0.138   0.380   0.
  2017 352 16 27 31 507 352.685781337      -0.76      0.96     -1.01  0.        1448.960       4132.870       7479.769    0.000  -0.138   0.380   0.
  2017 352 16 27 32 507 352.685792911      -0.92      1.26     -0.68  0.        1447.666       4134.132       7480.070    0.000  -0.138   0.380   0.
  2017 352 16 27 33 507 352.685804485      -0.77      1.12     -0.72  0.        1446.372       4135.394       7480.371    0.000  -0.138   0.380   0.
  2017 352 16 27 34 507 352.685816059      -1.10      1.16     -0.41  0.        1445.078       4136.655       7480.671    0.000  -0.138   0.380   0.
  2017 352 16 27 35 507 352.685827633      -0.72      1.78     -0.01  0.        1443.784       4137.916       7480.971    0.000  -0.138   0.380   0.
  2017 352 16 27 36 507 352.685839207       0.22      1.86     -0.40  0.        1442.490       4139.177       7481.270    0.000  -0.138   0.380   0.
  2017 352 16 27 37 507 352.685850781      -0.02      1.59     -0.62  0.        1441.196       4140.438       7481.568    0.000  -0.138   0.380   0.
  2017 352 16 27 38 507 352.685862355       0.05      1.42     -0.90  0.        1439.902       4141.699       7481.867    0.000  -0.138   0.380   0.
  2017 352 16 27 39 507 352.685873929      -0.31      1.20     -0.86  0.        1438.608       4142.959       7482.164    0.000  -0.138   0.380   0.
  2017 352 16 27 40 507 352.685885504      -0.42      1.27     -0.93  0.        1437.313       4144.219       7482.461    0.000  -0.138   0.380   0.
  2017 352 16 27 41 507 352.685897078      -0.57      1.16     -0.78  0.        1436.019       4145.478       7482.758    0.000  -0.138   0.380   0.
  2017 352 16 27 42 507 352.685908652      -0.52      1.66     -0.33  0.        1434.724       4146.738       7483.054    0.000  -0.138   0.380   0.
  2017 352 16 27 43 507 352.685920226       0.10      1.68     -0.60  0.        1433.429       4147.997       7483.350    0.000  -0.138   0.380   0.
  2017 352 16 27 44 507 352.685931800      -0.11      1.24     -0.70  0.        1432.135       4149.256       7483.645    0.000  -0.138   0.380   0.
  2017 352 16 27 45 507 352.685943374      -0.55      1.56     -0.38  0.        1430.840       4150.514       7483.940    0.000  -0.138   0.380   0.
  2017 352 16 27 46 507 352.685954948      -0.12      1.86     -0.20  0.        1429.545       4151.773       7484.234    0.000  -0.138   0.380   0.
  2017 352 16 27 47 507 352.685966522       0.20      1.39     -0.33  0.        1428.250       4153.030       7484.528    0.000  -0.138   0.380   0.
  2017 352 16 27 48 507 352.685978096      -0.37      1.38     -0.37  0.        1426.954       4154.288       7484.821    0.000  -0.138   0.380   0.
  2017 352 16 27 49 507 352.685989670      -0.18      1.76     -0.34  0.        1425.659       4155.546       7485.114    0.000  -0.138   0.380   0.
  2017 352 16 27 50 507 352.686001244       0.32      1.95     -0.51  0.        1424.364       4156.803       7485.406    0.000  -0.138   0.380   0.
  2017 352 16 27 51 507 352.686012818       0.50      1.65     -0.96  0.        1423.068       4158.060       7485.698    0.000  -0.138   0.380   0.
  2017 352 16 27 52 507 352.686024392       0.29      1.62     -0.92  0.        1421.773       4159.316       7485.990    0.000  -0.138   0.380   0.
  2017 352 16 27 53 507 352.686035966       0.42      1.76     -0.89  0.        1420.477       4160.573       7486.280    0.000  -0.138   0.380   0.
  2017 352 16 27 54 507 352.686047540       0.29      1.62     -0.94  0.        1419.181       4161.829       7486.571    0.000  -0.138   0.380   0.
  2017 352 16 27 55 507 352.686059115       0.26      1.80     -0.72  0.        1417.885       4163.085       7486.861    0.000  -0.138   0.380   0.
  2017 352 16 27 56 507 352.686070689       0.25      1.92     -0.54  0.        1416.589       4164.340       7487.150    0.000  -0.138   0.380   0.
  2017 352 16 27 57 507 352.686082262       0.30      2.07     -0.29  0.        1415.293       4165.596       7487.439    0.000  -0.138   0.380   0.
  2017 352 16 27 58 507 352.686093834       0.74      1.99     -0.09  0.        1413.998       4166.851       7487.727    0.000  -0.138   0.380   0.
  2017 352 16 27 59 507 352.686105408       0.85      1.85     -0.30  0.        1412.701       4168.105       7488.015    0.000  -0.138   0.380   0.
  2017 352 16 28  0 507 352.686116982       1.02      1.75     -0.52  0.        1411.405       4169.360       7488.302    0.000  -0.138   0.380   0.
  2017 352 16 28  1 507 352.686128556       1.35      1.52     -0.93  0.        1410.108       4170.614       7488.589    0.000  -0.138   0.380   0.
  2017 352 16 28  2 507 352.686140130       1.43      1.23     -1.36  0.        1408.812       4171.868       7488.876    0.000  -0.138   0.380   0.
  2017 352 16 28  3 507 352.686151704       0.78      0.84     -1.47  0.        1407.515       4173.122       7489.162    0.000  -0.138   0.380   0.
  2017 352 16 28  4 507 352.686163278       0.17      0.86     -1.18  0.        1406.219       4174.375       7489.447    0.000  -0.138   0.380   0.
  2017 352 16 28  5 507 352.686174852      -0.15      1.17     -0.93  0.        1404.922       4175.628       7489.732    0.000  -0.138   0.380   0.
  2017 352 16 28  6 507 352.686186427      -0.11      1.41     -0.75  0.        1403.625       4176.881       7490.017    0.000  -0.138   0.380   0.
  2017 352 16 28  7 507 352.686198001       0.00      1.45     -0.65  0.        1402.328       4178.134       7490.301    0.000  -0.138   0.380   0.
  2017 352 16 28  8 507 352.686209575       0.19      1.46     -0.78  0.        1401.031       4179.386       7490.584    0.000  -0.138   0.380   0.
  2017 352 16 28  9 507 352.686221149       0.37      1.38     -0.98  0.        1399.734       4180.638       7490.867    0.000  -0.138   0.380   0.
  2017 352 16 28 10 507 352.686232723       0.34      1.38     -1.03  0.        1398.437       4181.890       7491.150    0.000  -0.138   0.380   0.
  2017 352 16 28 11 507 352.686244297       0.30      1.54     -0.89  0.        1397.140       4183.141       7491.432    0.000  -0.138   0.380   0.
  2017 352 16 28 12 507 352.686255871       0.42      1.59     -0.90  0.        1395.842       4184.392       7491.713    0.000  -0.138   0.380   0.
  2017 352 16 28 13 507 352.686267445       0.44      1.46     -1.08  0.        1394.545       4185.643       7491.994    0.000  -0.138   0.380   0.
  2017 352 16 28 14 507 352.686279019       0.14      1.17     -1.15  0.        1393.247       4186.894       7492.275    0.000  -0.138   0.380   0.
  2017 352 16 28 15 507 352.686290593      -0.30      1.01     -1.09  0.        1391.949       4188.144       7492.555    0.000  -0.138   0.380   0.
  2017 352 16 28 16 507 352.686302167      -0.70      1.13     -0.83  0.        1390.652       4189.394       7492.834    0.000  -0.138   0.380   0.
  2017 352 16 28 17 507 352.686313741      -0.93      1.31     -0.56  0.        1389.354       4190.644       7493.113    0.000  -0.138   0.380   0.
  2017 352 16 28 18 507 352.686325315      -0.98      1.46     -0.33  0.        1388.056       4191.894       7493.392    0.000  -0.138   0.380   0.
  2017 352 16 28 19 507 352.686336889      -0.96      1.50     -0.25  0.        1386.758       4193.143       7493.670    0.000  -0.138   0.380   0.
  2017 352 16 28 20 507 352.686348464      -1.01      1.40     -0.25  0.        1385.460       4194.392       7493.948    0.000  -0.138   0.380   0.
  2017 352 16 28 21 507 352.686360038      -1.19      1.39     -0.22  0.        1384.161       4195.641       7494.225    0.000  -0.138   0.380   0.
  2017 352 16 28 22 507 352.686371612      -1.33      1.49     -0.17  0.        1382.863       4196.890       7494.502    0.000  -0.138   0.380   0.
  2017 352 16 28 23 507 352.686383186      -1.34      1.79     -0.03  0.        1381.565       4198.138       7494.778    0.000  -0.138   0.380   0.
  2017 352 16 28 24 507 352.686394760      -0.97      2.24      0.14  0.        1380.266       4199.386       7495.053    0.000  -0.138   0.380   0.
  2017 352 16 28 25 507 352.686406334      -0.49      2.36      0.01  0.        1378.968       4200.633       7495.329    0.000  -0.138   0.380   0.
  2017 352 16 28 26 507 352.686417908      -0.17      2.14     -0.07  0.        1377.669       4201.880       7495.603    0.000  -0.138   0.380   0.
  2017 352 16 28 27 506 352.686429481      -0.03      1.97     -0.31  0.        1376.370       4203.128       7495.878    0.000  -0.138   0.380   0.
  2017 352 16 28 28 506 352.686441053      -0.07      1.95     -0.43  0.        1375.072       4204.375       7496.151    0.000  -0.138   0.380   0.
  2017 352 16 28 29 506 352.686452627      -0.37      1.83     -0.62  0.        1373.773       4205.621       7496.425    0.000  -0.138   0.380   0.
  2017 352 16 28 30 507 352.686464201      -0.55      1.72     -0.69  0.        1372.473       4206.867       7496.697    0.000  -0.138   0.380   0.
  2017 352 16 28 31 507 352.686475775      -0.91      1.44     -0.92  0.        1371.174       4208.114       7496.969    0.000  -0.138   0.380   0.
  2017 352 16 28 32 506 352.686487350      -1.12      1.53     -0.71  0.        1369.875       4209.359       7497.241    0.000  -0.138   0.380   0.
  2017 352 16 28 33 506 352.686498924      -1.03      1.72     -0.38  0.        1368.576       4210.605       7497.513    0.000  -0.138   0.380   0.
  2017 352 16 28 34 507 352.686510498      -0.74      1.92     -0.40  0.        1367.277       4211.850       7497.783    0.000  -0.138   0.380   0.
  2017 352 16 28 35 507 352.686522072      -0.18      1.69     -0.70  0.        1365.977       4213.095       7498.054    0.000  -0.138   0.380   0.
  2017 352 16 28 36 507 352.686533646       0.03      1.45     -0.87  0.        1364.678       4214.340       7498.324    0.000  -0.138   0.380   0.
  2017 352 16 28 37 507 352.686545220       0.03      1.44     -0.99  0.        1363.378       4215.584       7498.593    0.000  -0.138   0.380   0.
  2017 352 16 28 38 507 352.686556794       0.00      1.36     -1.14  0.        1362.078       4216.828       7498.862    0.000  -0.138   0.380   0.
  2017 352 16 28 39 506 352.686568368       0.01      1.15     -1.42  0.        1360.778       4218.072       7499.130    0.000  -0.138   0.380   0.
  2017 352 16 28 40 506 352.686579942      -0.03      0.97     -1.50  0.        1359.479       4219.316       7499.398    0.000  -0.138   0.380   0.
  2017 352 16 28 41 506 352.686591516       0.12      0.88     -1.63  0.        1358.178       4220.559       7499.666    0.000  -0.138   0.380   0.
  2017 352 16 28 42 506 352.686603090       0.21      0.95     -1.66  0.        1356.878       4221.802       7499.932    0.000  -0.138   0.380   0.
  2017 352 16 28 43 506 352.686614664       0.23      1.04     -1.52  0.        1355.578       4223.045       7500.199    0.000  -0.138   0.380   0.
  2017 352 16 28 44 507 352.686626238       0.01      1.12     -1.41  0.        1354.278       4224.287       7500.465    0.000  -0.138   0.380   0.
  2017 352 16 28 45 507 352.686637812       0.20      1.10     -1.46  0.        1352.978       4225.529       7500.730    0.000  -0.138   0.380   0.
  2017 352 16 28 46 506 352.686649387       0.16      0.95     -1.68  0.        1351.677       4226.771       7500.995    0.000  -0.138   0.380   0.
  2017 352 16 28 47 507 352.686660961      -0.20      0.91     -1.82  0.        1350.377       4228.013       7501.260    0.000  -0.138   0.380   0.
  2017 352 16 28 48 507 352.686672535      -0.51      0.80     -1.74  0.        1349.076       4229.254       7501.524    0.000  -0.138   0.380   0.
  2017 352 16 28 49 507 352.686684109      -0.75      0.82     -1.51  0.        1347.775       4230.495       7501.787    0.000  -0.138   0.380   0.
  2017 352 16 28 50 507 352.686695683      -0.60      0.84     -1.32  0.        1346.475       4231.736       7502.050    0.000  -0.138   0.380   0.
  2017 352 16 28 51 507 352.686707257      -0.70      0.76     -1.30  0.        1345.174       4232.977       7502.313    0.000  -0.138   0.380   0.
  2017 352 16 28 52 506 352.686718831      -0.95      0.95     -0.94  0.        1343.873       4234.217       7502.575    0.000  -0.138   0.380   0.
  2017 352 16 28 53 506 352.686730405      -0.64      1.62     -0.68  0.        1342.572       4235.457       7502.837    0.000  -0.138   0.380   0.
  2017 352 16 28 54 506 352.686741979      -0.12      1.70     -0.72  0.        1341.271       4236.697       7503.098    0.000  -0.138   0.380   0.
  2017 352 16 28 55 506 352.686753553      -0.31      1.48     -0.92  0.        1339.969       4237.936       7503.358    0.000  -0.138   0.380   0.
  2017 352 16 28 56 506 352.686765124      -0.72      1.48     -0.92  0.        1338.668       4239.176       7503.618    0.000  -0.138   0.380   0.
  2017 352 16 28 57 506 352.686776698      -0.93      1.72     -0.67  0.        1337.367       4240.415       7503.878    0.000  -0.138   0.380   0.
  2017 352 16 28 58 506 352.686788273      -0.59      1.70     -0.57  0.        1336.065       4241.653       7504.137    0.000  -0.138   0.380   0.
  2017 352 16 28 59 506 352.686799847      -0.17      1.54     -0.64  0.        1334.764       4242.892       7504.396    0.000  -0.138   0.380   0.
  2017 352 16 29  0 506 352.686811421      -0.22      1.54     -0.69  0.        1333.462       4244.130       7504.654    0.000  -0.138   0.380   0.
  2017 352 16 29  1 506 352.686822995      -0.27      1.53     -0.92  0.        1332.160       4245.368       7504.912    0.000  -0.138   0.380   0.
  2017 352 16 29  2 506 352.686834569      -0.65      1.29     -1.00  0.        1330.859       4246.605       7505.169    0.000  -0.138   0.380   0.
  2017 352 16 29  3 506 352.686846143      -1.23      1.30     -0.71  0.        1329.557       4247.843       7505.426    0.000  -0.138   0.380   0.
  2017 352 16 29  4 506 352.686857717      -0.92      1.71     -0.34  0.        1328.255       4249.080       7505.682    0.000  -0.138   0.380   0.
  2017 352 16 29  5 506 352.686869291      -0.34      2.18     -0.11  0.        1326.953       4250.316       7505.938    0.000  -0.138   0.380   0.
  2017 352 16 29  6 506 352.686880865      -0.29      2.02     -0.20  0.        1325.650       4251.553       7506.193    0.000  -0.138   0.380   0.
  2017 352 16 29  7 506 352.686892439      -0.19      1.72     -0.35  0.        1324.348       4252.789       7506.448    0.000  -0.138   0.380   0.
  2017 352 16 29  8 506 352.686904013      -0.21      1.83     -0.33  0.        1323.046       4254.025       7506.702    0.000  -0.138   0.380   0.
  2017 352 16 29  9 506 352.686915587      -0.02      1.77     -0.36  0.        1321.743       4255.261       7506.956    0.000  -0.138   0.380   0.
  2017 352 16 29 10 506 352.686927161      -0.01      1.50     -0.66  0.        1320.441       4256.496       7507.210    0.000  -0.138   0.380   0.
  2017 352 16 29 11 506 352.686938736      -0.29      1.42     -0.77  0.        1319.138       4257.731       7507.463    0.000  -0.138   0.380   0.
  2017 352 16 29 12 506 352.686950310      -0.24      1.56     -0.78  0.        1317.836       4258.966       7507.715    0.000  -0.138   0.380   0.
  2017 352 16 29 13 506 352.686961884      -0.40      1.49     -0.98  0.        1316.533       4260.200       7507.967    0.000  -0.138   0.380   0.
  2017 352 16 29 14 506 352.686973458      -0.62      1.49     -0.82  0.        1315.230       4261.435       7508.218    0.000  -0.138   0.380   0.
  2017 352 16 29 15 506 352.686985032      -0.61      1.56     -0.61  0.        1313.927       4262.669       7508.469    0.000  -0.138   0.380   0.
  2017 352 16 29 16 506 352.686996606      -0.43      1.66     -0.46  0.        1312.624       4263.903       7508.720    0.000  -0.138   0.380   0.
  2017 352 16 29 17 506 352.687008180      -0.08      1.83     -0.51  0.        1311.321       4265.136       7508.970    0.000  -0.138   0.380   0.
  2017 352 16 29 18 506 352.687019754       0.13      1.73     -0.87  0.        1310.018       4266.369       7509.219    0.000  -0.138   0.380   0.
  2017 352 16 29 19 506 352.687031328      -0.22      1.23     -1.16  0.        1308.715       4267.602       7509.468    0.000  -0.138   0.380   0.
  2017 352 16 29 20 506 352.687042902      -0.88      1.19     -0.95  0.        1307.411       4268.835       7509.717    0.000  -0.138   0.380   0.
  2017 352 16 29 21 506 352.687054476      -0.94      1.50     -0.66  0.        1306.108       4270.067       7509.965    0.000  -0.138   0.380   0.
  2017 352 16 29 22 506 352.687066050      -0.70      1.60     -0.60  0.        1304.804       4271.299       7510.212    0.000  -0.138   0.380   0.
  2017 352 16 29 23 506 352.687077624      -0.63      1.50     -0.64  0.        1303.501       4272.531       7510.460    0.000  -0.138   0.380   0.
  2017 352 16 29 24 506 352.687089198      -1.06      1.40     -0.64  0.        1302.197       4273.763       7510.706    0.000  -0.138   0.380   0.
  2017 352 16 29 25 506 352.687100772      -1.26      1.62     -0.54  0.        1300.894       4274.994       7510.952    0.000  -0.138   0.380   0.
  2017 352 16 29 26 506 352.687112344      -1.09      1.78     -0.52  0.        1299.590       4276.225       7511.198    0.000  -0.138   0.380   0.
  2017 352 16 29 27 506 352.687123918      -0.93      1.78     -0.67  0.        1298.286       4277.456       7511.443    0.000  -0.138   0.380   0.
  2017 352 16 29 28 506 352.687135492      -1.01      1.68     -1.00  0.        1296.982       4278.686       7511.688    0.000  -0.138   0.380   0.
  2017 352 16 29 29 506 352.687147066      -0.93      1.71     -1.13  0.        1295.678       4279.916       7511.932    0.000  -0.138   0.380   0.
  2017 352 16 29 30 506 352.687158640      -0.67      1.67     -1.38  0.        1294.373       4281.146       7512.176    0.000  -0.138   0.380   0.
  2017 352 16 29 31 506 352.687170214      -0.75      1.58     -1.50  0.        1293.069       4282.376       7512.419    0.000  -0.138   0.380   0.
  2017 352 16 29 32 506 352.687181788      -0.65      1.54     -1.44  0.        1291.765       4283.605       7512.662    0.000  -0.138   0.380   0.
  2017 352 16 29 33 506 352.687193362      -0.34      1.58     -1.41  0.        1290.460       4284.834       7512.904    0.000  -0.138   0.380   0.
  2017 352 16 29 34 506 352.687204936      -0.12      1.64     -1.52  0.        1289.156       4286.063       7513.146    0.000  -0.138   0.380   0.
  2017 352 16 29 35 506 352.687216510       0.36      1.76     -1.64  0.        1287.851       4287.292       7513.387    0.000  -0.138   0.380   0.
  2017 352 16 29 36 506 352.687228085       0.64      1.51     -1.76  0.        1286.547       4288.520       7513.628    0.000  -0.138   0.380   0.
  2017 352 16 29 37 506 352.687239659       0.67      1.30     -1.89  0.        1285.242       4289.748       7513.868    0.000  -0.138   0.380   0.
  2017 352 16 29 38 506 352.687251233       0.58      1.31     -1.84  0.        1283.937       4290.976       7514.108    0.000  -0.138   0.380   0.
  2017 352 16 29 39 506 352.687262807       0.52      1.27     -1.95  0.        1282.632       4292.203       7514.348    0.000  -0.138   0.380   0.
  2017 352 16 29 40 506 352.687274381       0.03      1.53     -1.56  0.        1281.327       4293.430       7514.587    0.000  -0.138   0.380   0.
  2017 352 16 29 41 506 352.687285955      -0.00      1.41     -1.45  0.        1280.022       4294.657       7514.825    0.000  -0.138   0.380   0.
  2017 352 16 29 42 506 352.687297529      -0.02      1.47     -1.38  0.        1278.717       4295.884       7515.063    0.000  -0.138   0.380   0.
  2017 352 16 29 43 506 352.687309103      -0.14      1.40     -1.27  0.        1277.412       4297.110       7515.300    0.000  -0.138   0.380   0.
  2017 352 16 29 44 506 352.687320677      -0.28      1.49     -1.11  0.        1276.106       4298.336       7515.537    0.000  -0.138   0.380   0.
  2017 352 16 29 45 506 352.687332251      -0.37      1.55     -0.94  0.        1274.801       4299.562       7515.774    0.000  -0.138   0.380   0.
  2017 352 16 29 46 506 352.687343825      -0.55      1.58     -0.86  0.        1273.496       4300.788       7516.010    0.000  -0.138   0.380   0.
  2017 352 16 29 47 506 352.687355399      -0.25      1.86     -0.70  0.        1272.190       4302.013       7516.245    0.000  -0.138   0.380   0.
  2017 352 16 29 48 506 352.687366973       0.23      1.86     -0.87  0.        1270.884       4303.238       7516.481    0.000  -0.138   0.380   0.
  2017 352 16 29 49 506 352.687378547       0.40      1.84     -1.02  0.        1269.579       4304.463       7516.715    0.000  -0.138   0.380   0.
  2017 352 16 29 50 506 352.687390122       0.70      1.78     -1.32  0.        1268.273       4305.687       7516.949    0.000  -0.138   0.380   0.
  2017 352 16 29 51 506 352.687401696       0.45      1.42     -1.37  0.        1266.967       4306.911       7517.183    0.000  -0.138   0.380   0.
  2017 352 16 29 52 506 352.687413270       0.06      1.32     -1.11  0.        1265.661       4308.135       7517.416    0.000  -0.138   0.380   0.
  2017 352 16 29 53 506 352.687424843      -0.19      1.56     -0.76  0.        1264.355       4309.359       7517.649    0.000  -0.138   0.380   0.
  2017 352 16 29 54 506 352.687436415      -0.12      1.69     -0.58  0.        1263.049       4310.582       7517.881    0.000  -0.138   0.380   0.
  2017 352 16 29 55 506 352.687447989      -0.04      1.68     -0.66  0.        1261.743       4311.805       7518.113    0.000  -0.138   0.380   0.
  2017 352 16 29 56 506 352.687459563      -0.17      1.62     -0.67  0.        1260.436       4313.028       7518.344    0.000  -0.138   0.380   0.
  2017 352 16 29 57 506 352.687471137      -0.31      1.69     -0.65  0.        1259.130       4314.250       7518.575    0.000  -0.138   0.380   0.
  2017 352 16 29 58 506 352.687482711      -0.20      1.80     -0.89  0.        1257.823       4315.473       7518.805    0.000  -0.138   0.380   0.
  2017 352 16 29 59 506 352.687494285      -0.06      1.63     -1.01  0.        1256.517       4316.695       7519.035    0.000  -0.138   0.380   0.
  2017 352 16 30  0 506 352.687505859      -0.12      1.48     -0.93  0.        1255.210       4317.916       7519.264    0.000  -0.138   0.380   0.
  2017 352 16 30  1 506 352.687517433      -0.21      1.56     -0.78  0.        1253.904       4319.138       7519.493    0.000  -0.138   0.380   0.
  2017 352 16 30  2 506 352.687529008      -0.12      1.56     -0.82  0.        1252.597       4320.359       7519.721    0.000  -0.138   0.380   0.
  2017 352 16 30  3 506 352.687540582       0.16      1.40     -0.94  0.        1251.290       4321.580       7519.949    0.000  -0.138   0.380   0.
  2017 352 16 30  4 506 352.687552156       0.20      1.22     -1.16  0.        1249.983       4322.800       7520.177    0.000  -0.138   0.380   0.
  2017 352 16 30  5 506 352.687563730       0.23      1.20     -1.26  0.        1248.676       4324.021       7520.404    0.000  -0.138   0.380   0.
  2017 352 16 30  6 506 352.687575304       0.33      0.97     -1.49  0.        1247.369       4325.241       7520.630    0.000  -0.138   0.380   0.
  2017 352 16 30  7 506 352.687586878       0.12      0.91     -1.52  0.        1246.062       4326.460       7520.856    0.000  -0.138   0.380   0.
  2017 352 16 30  8 506 352.687598452       0.07      0.90     -1.37  0.        1244.755       4327.680       7521.081    0.000  -0.138   0.380   0.
  2017 352 16 30  9 506 352.687610026       0.28      0.94     -1.38  0.        1243.447       4328.899       7521.307    0.000  -0.138   0.380   0.
  2017 352 16 30 10 506 352.687621600       0.62      0.90     -1.45  0.        1242.140       4330.118       7521.531    0.000  -0.138   0.380   0.
  2017 352 16 30 11 506 352.687633174       0.74      1.08     -1.37  0.        1240.832       4331.337       7521.755    0.000  -0.138   0.380   0.
  2017 352 16 30 12 506 352.687644748       1.11      1.34     -1.49  0.        1239.525       4332.555       7521.979    0.000  -0.138   0.379   0.
  2017 352 16 30 13 506 352.687656322       0.85      1.44     -1.87  0.        1238.217       4333.773       7522.202    0.000  -0.138   0.379   0.
  2017 352 16 30 14 506 352.687667896       0.49      1.58     -2.10  0.        1236.909       4334.991       7522.424    0.000  -0.138   0.380   0.
  2017 352 16 30 15 506 352.687679471       0.23      1.49     -2.02  0.        1235.602       4336.209       7522.647    0.000  -0.138   0.380   0.
  2017 352 16 30 16 506 352.687691045       0.20      1.42     -2.03  0.        1234.294       4337.426       7522.868    0.000  -0.138   0.380   0.
  2017 352 16 30 17 506 352.687702619       0.07      1.23     -1.78  0.        1232.986       4338.643       7523.089    0.000  -0.138   0.380   0.
  2017 352 16 30 18 506 352.687714193       0.00      1.25     -1.38  0.        1231.678       4339.860       7523.310    0.000  -0.138   0.379   0.
  2017 352 16 30 19 506 352.687725767       0.06      1.26     -1.22  0.        1230.370       4341.076       7523.530    0.000  -0.138   0.379   0.
  2017 352 16 30 20 506 352.687737341      -0.11      1.32     -1.38  0.        1229.061       4342.292       7523.750    0.000  -0.138   0.380   0.
  2017 352 16 30 21 506 352.687748915      -0.20      1.24     -1.40  0.        1227.753       4343.508       7523.969    0.000  -0.138   0.380   0.
  2017 352 16 30 22 506 352.687760489      -0.24      1.13     -1.27  0.        1226.445       4344.724       7524.188    0.000  -0.138   0.380   0.
  2017 352 16 30 23 505 352.687772062      -0.38      1.23     -1.16  0.        1225.136       4345.939       7524.407    0.000  -0.138   0.380   0.
  2017 352 16 30 24 505 352.687783634      -0.34      1.37     -1.02  0.        1223.828       4347.154       7524.624    0.000  -0.138   0.379   0.
  2017 352 16 30 25 505 352.687795208      -0.07      1.50     -0.92  0.        1222.519       4348.369       7524.842    0.000  -0.138   0.379   0.
  2017 352 16 30 26 506 352.687806782       0.40      1.56     -0.97  0.        1221.211       4349.584       7525.059    0.000  -0.138   0.380   0.
  2017 352 16 30 27 506 352.687818356       0.66      1.46     -1.23  0.        1219.902       4350.798       7525.275    0.000  -0.138   0.380   0.
  2017 352 16 30 28 505 352.687829931       0.71      1.45     -1.49  0.        1218.593       4352.012       7525.491    0.000  -0.138   0.380   0.
  2017 352 16 30 29 505 352.687841505       0.58      1.31     -1.56  0.        1217.284       4353.226       7525.707    0.000  -0.138   0.380   0.
  2017 352 16 30 30 506 352.687853079       0.39      1.21     -1.49  0.        1215.975       4354.439       7525.922    0.000  -0.138   0.380   0.
  2017 352 16 30 31 506 352.687864653       0.22      1.26     -1.52  0.        1214.666       4355.652       7526.136    0.000  -0.138   0.380   0.
  2017 352 16 30 32 506 352.687876227       0.46      1.18     -1.60  0.        1213.357       4356.865       7526.350    0.000  -0.138   0.380   0.
  2017 352 16 30 33 506 352.687887801       0.38      1.12     -1.67  0.        1212.048       4358.078       7526.564    0.000  -0.138   0.380   0.
  2017 352 16 30 34 506 352.687899375       0.28      1.52     -1.61  0.        1210.739       4359.290       7526.777    0.000  -0.138   0.380   0.
  2017 352 16 30 35 505 352.687910949       0.33      1.56     -1.48  0.        1209.429       4360.502       7526.989    0.000  -0.138   0.380   0.
  2017 352 16 30 36 505 352.687922523       0.35      1.54     -1.37  0.        1208.120       4361.714       7527.202    0.000  -0.138   0.379   0.
  2017 352 16 30 37 505 352.687934097       0.41      1.48     -1.32  0.        1206.810       4362.926       7527.413    0.000  -0.138   0.379   0.
  2017 352 16 30 38 505 352.687945671       0.62      1.69     -0.99  0.        1205.501       4364.137       7527.624    0.000  -0.138   0.380   0.
  2017 352 16 30 39 506 352.687957245       0.79      1.93     -0.70  0.        1204.191       4365.348       7527.835    0.000  -0.138   0.380   0.
  2017 352 16 30 40 506 352.687968819       1.15      1.94     -0.54  0.        1202.881       4366.559       7528.045    0.000  -0.138   0.380   0.
  2017 352 16 30 41 505 352.687980394       1.35      1.99     -0.51  0.        1201.572       4367.769       7528.255    0.000  -0.138   0.380   0.
  2017 352 16 30 42 505 352.687991968       1.55      1.79     -0.61  0.        1200.262       4368.979       7528.464    0.000  -0.138   0.379   0.
  2017 352 16 30 43 506 352.688003542       1.43      1.37     -0.89  0.        1198.952       4370.189       7528.673    0.000  -0.138   0.379   0.
  2017 352 16 30 44 506 352.688015116       0.88      1.20     -1.12  0.        1197.642       4371.399       7528.881    0.000  -0.138   0.380   0.
  2017 352 16 30 45 506 352.688026690       0.53      1.30     -1.28  0.        1196.332       4372.608       7529.090    0.000  -0.138   0.380   0.
  2017 352 16 30 46 506 352.688038264       0.49      1.34     -1.38  0.        1195.021       4373.817       7529.297    0.000  -0.138   0.380   0.
  2017 352 16 30 47 506 352.688049838       0.43      1.17     -1.37  0.        1193.711       4375.026       7529.504    0.000  -0.138   0.380   0.
  2017 352 16 30 48 505 352.688061412       0.38      1.07     -1.45  0.        1192.401       4376.234       7529.710    0.000  -0.138   0.380   0.
  2017 352 16 30 49 505 352.688072986       0.24      0.94     -1.49  0.        1191.090       4377.442       7529.916    0.000  -0.138   0.380   0.
  2017 352 16 30 50 505 352.688084560       0.37      0.91     -1.55  0.        1189.780       4378.650       7530.122    0.000  -0.138   0.379   0.
  2017 352 16 30 51 505 352.688096134       0.41      0.84     -1.47  0.        1188.469       4379.858       7530.327    0.000  -0.138   0.379   0.
  2017 352 16 30 52 505 352.688107705       0.11      1.15     -1.33  0.        1187.159       4381.065       7530.531    0.000  -0.138   0.380   0.
  2017 352 16 30 53 505 352.688119279       0.27      1.30     -1.19  0.        1185.848       4382.273       7530.735    0.000  -0.138   0.380   0.
  2017 352 16 30 54 505 352.688130854       0.14      1.17     -1.28  0.        1184.537       4383.479       7530.939    0.000  -0.138   0.380   0.
  2017 352 16 30 55 505 352.688142428      -0.09      1.27     -1.26  0.        1183.226       4384.686       7531.142    0.000  -0.138   0.380   0.
  2017 352 16 30 56 505 352.688154002      -0.21      1.37     -1.19  0.        1181.916       4385.892       7531.345    0.000  -0.138   0.379   0.
  2017 352 16 30 57 505 352.688165576      -0.20      1.38     -1.21  0.        1180.604       4387.098       7531.547    0.000  -0.138   0.379   0.
  2017 352 16 30 58 505 352.688177150      -0.46      1.31     -1.19  0.        1179.293       4388.304       7531.749    0.000  -0.138   0.380   0.
  2017 352 16 30 59 505 352.688188724      -0.67      1.25     -1.11  0.        1177.982       4389.510       7531.950    0.000  -0.138   0.380   0.
  2017 352 16 31  0 505 352.688200298      -0.76      1.23     -1.08  0.        1176.671       4390.715       7532.151    0.000  -0.138   0.380   0.
  2017 352 16 31  1 505 352.688211872      -0.87      1.32     -1.03  0.        1175.360       4391.920       7532.351    0.000  -0.138   0.380   0.
  2017 352 16 31  2 505 352.688223446      -0.86      1.42     -1.09  0.        1174.048       4393.124       7532.551    0.000  -0.138   0.379   0.
  2017 352 16 31  3 505 352.688235020      -1.05      1.50     -1.21  0.        1172.737       4394.329       7532.750    0.000  -0.138   0.379   0.
  2017 352 16 31  4 505 352.688246594      -1.48      1.58     -0.98  0.        1171.426       4395.533       7532.949    0.000  -0.138   0.380   0.
  2017 352 16 31  5 505 352.688258168      -1.42      1.57     -0.78  0.        1170.114       4396.736       7533.147    0.000  -0.138   0.380   0.
  2017 352 16 31  6 505 352.688269742      -1.16      1.34     -0.66  0.        1168.803       4397.940       7533.345    0.000  -0.138   0.380   0.
  2017 352 16 31  7 505 352.688281317      -0.97      1.29     -0.77  0.        1167.491       4399.143       7533.543    0.000  -0.138   0.380   0.
  2017 352 16 31  8 505 352.688292891      -1.14      1.45     -0.64  0.        1166.178       4400.346       7533.740    0.000  -0.138   0.380   0.
  2017 352 16 31  9 505 352.688304465      -1.10      1.56     -0.47  0.        1164.867       4401.549       7533.936    0.000  -0.138   0.380   0.
  2017 352 16 31 10 505 352.688316039      -0.87      1.62     -0.39  0.        1163.554       4402.751       7534.132    0.000  -0.138   0.380   0.
  2017 352 16 31 11 505 352.688327613      -1.03      1.47     -0.48  0.        1162.242       4403.954       7534.328    0.000  -0.138   0.380   0.
  2017 352 16 31 12 505 352.688339187      -1.33      1.64     -0.37  0.        1160.930       4405.155       7534.523    0.000  -0.138   0.379   0.
  2017 352 16 31 13 505 352.688350761      -1.32      1.81     -0.20  0.        1159.619       4406.357       7534.717    0.000  -0.138   0.379   0.
  2017 352 16 31 14 505 352.688362335      -1.18      1.91     -0.24  0.        1158.306       4407.558       7534.911    0.000  -0.138   0.380   0.
  2017 352 16 31 15 505 352.688373909      -1.26      1.74     -0.10  0.        1156.994       4408.759       7535.105    0.000  -0.138   0.380   0.
  2017 352 16 31 16 505 352.688385483      -0.97      1.62     -0.20  0.        1155.681       4409.960       7535.298    0.000  -0.138   0.379   0.
  2017 352 16 31 17 505 352.688397057      -0.92      1.63     -0.41  0.        1154.369       4411.161       7535.491    0.000  -0.138   0.379   0.
  2017 352 16 31 18 505 352.688408631      -0.99      1.52     -0.38  0.        1153.056       4412.361       7535.683    0.000  -0.138   0.380   0.
  2017 352 16 31 19 505 352.688420205      -0.99      1.50     -0.38  0.        1151.744       4413.561       7535.875    0.000  -0.138   0.380   0.
  2017 352 16 31 20 505 352.688431777      -0.98      1.55     -0.40  0.        1150.431       4414.761       7536.066    0.000  -0.138   0.379   0.
  2017 352 16 31 21 505 352.688443351      -1.37      1.54     -0.32  0.        1149.119       4415.960       7536.257    0.000  -0.138   0.379   0.
  2017 352 16 31 22 505 352.688454925      -1.40      1.51     -0.16  0.        1147.806       4417.159       7536.447    0.000  -0.138   0.379   0.
  2017 352 16 31 23 505 352.688466499      -1.14      1.56     -0.32  0.        1146.493       4418.358       7536.637    0.000  -0.138   0.379   0.
  2017 352 16 31 24 505 352.688478073      -1.18      1.50     -0.36  0.        1145.180       4419.556       7536.827    0.000  -0.138   0.380   0.
  2017 352 16 31 25 505 352.688489647      -1.38      1.51     -0.35  0.        1143.867       4420.755       7537.016    0.000  -0.138   0.380   0.
  2017 352 16 31 26 505 352.688501221      -1.46      1.59     -0.16  0.        1142.554       4421.953       7537.204    0.000  -0.138   0.379   0.
  2017 352 16 31 27 505 352.688512795      -1.54      1.60     -0.14  0.        1141.240       4423.150       7537.392    0.000  -0.138   0.379   0.
  2017 352 16 31 28 505 352.688524369      -1.41      1.67     -0.20  0.        1139.927       4424.348       7537.580    0.000  -0.138   0.379   0.
  2017 352 16 31 29 505 352.688535943      -1.28      1.66     -0.25  0.        1138.614       4425.545       7537.767    0.000  -0.138   0.379   0.
  2017 352 16 31 30 505 352.688547517      -1.16      1.76     -0.27  0.        1137.300       4426.742       7537.953    0.000  -0.138   0.380   0.
  2017 352 16 31 31 505 352.688559091      -1.04      1.66     -0.25  0.        1135.987       4427.939       7538.139    0.000  -0.138   0.380   0.
  2017 352 16 31 32 505 352.688570666      -1.19      1.64     -0.37  0.        1134.673       4429.135       7538.325    0.000  -0.138   0.379   0.
  2017 352 16 31 33 505 352.688582240      -1.42      1.71     -0.25  0.        1133.360       4430.331       7538.510    0.000  -0.138   0.379   0.
  2017 352 16 31 34 505 352.688593814      -1.29      2.06      0.03  0.        1132.046       4431.527       7538.695    0.000  -0.138   0.380   0.
  2017 352 16 31 35 505 352.688605388      -0.91      2.05     -0.00  0.        1130.732       4432.722       7538.879    0.000  -0.138   0.380   0.
  2017 352 16 31 36 505 352.688616962      -0.83      1.87     -0.21  0.        1129.419       4433.918       7539.063    0.000  -0.138   0.379   0.
  2017 352 16 31 37 505 352.688628536      -1.06      1.75     -0.35  0.        1128.105       4435.113       7539.246    0.000  -0.138   0.379   0.
  2017 352 16 31 38 505 352.688640110      -1.15      1.65     -0.42  0.        1126.791       4436.307       7539.429    0.000  -0.138   0.380   0.
  2017 352 16 31 39 505 352.688651684      -1.10      1.58     -0.50  0.        1125.477       4437.502       7539.611    0.000  -0.138   0.380   0.
  2017 352 16 31 40 505 352.688663258      -1.06      1.43     -0.51  0.        1124.163       4438.696       7539.793    0.000  -0.138   0.380   0.
  2017 352 16 31 41 505 352.688674832      -1.06      1.45     -0.41  0.        1122.848       4439.890       7539.975    0.000  -0.138   0.380   0.
  2017 352 16 31 42 505 352.688686406      -0.78      1.49     -0.36  0.        1121.534       4441.083       7540.156    0.000  -0.138   0.379   0.
  2017 352 16 31 43 505 352.688697980      -0.70      1.65     -0.59  0.        1120.220       4442.277       7540.336    0.000  -0.138   0.379   0.
  2017 352 16 31 44 505 352.688709554      -0.64      1.72     -0.62  0.        1118.905       4443.470       7540.516    0.000  -0.138   0.380   0.
  2017 352 16 31 45 505 352.688721128      -0.47      1.61     -0.62  0.        1117.591       4444.663       7540.696    0.000  -0.138   0.380   0.
  2017 352 16 31 46 505 352.688732703      -0.35      1.63     -0.92  0.        1116.276       4445.855       7540.875    0.000  -0.138   0.380   0.
  2017 352 16 31 47 505 352.688744277      -0.28      1.58     -1.03  0.        1114.962       4447.047       7541.053    0.000  -0.138   0.380   0.
  2017 352 16 31 48 505 352.688755851      -0.25      1.53     -0.95  0.        1113.647       4448.239       7541.231    0.000  -0.138   0.380   0.
  2017 352 16 31 49 505 352.688767424      -0.11      1.41     -0.88  0.        1112.332       4449.431       7541.409    0.000  -0.138   0.380   0.
  2017 352 16 31 50 505 352.688778996      -0.02      1.37     -0.92  0.        1111.018       4450.622       7541.586    0.000  -0.138   0.379   0.
  2017 352 16 31 51 505 352.688790570       0.10      1.44     -0.98  0.        1109.703       4451.813       7541.763    0.000  -0.138   0.379   0.
  2017 352 16 31 52 505 352.688802144       0.12      1.39     -0.95  0.        1108.388       4453.004       7541.939    0.000  -0.138   0.380   0.
  2017 352 16 31 53 505 352.688813718       0.31      1.32     -1.01  0.        1107.073       4454.195       7542.115    0.000  -0.138   0.380   0.
  2017 352 16 31 54 505 352.688825292       0.34      1.14     -1.07  0.        1105.758       4455.385       7542.290    0.000  -0.138   0.380   0.
  2017 352 16 31 55 505 352.688836866       0.17      1.13     -1.05  0.        1104.443       4456.575       7542.465    0.000  -0.138   0.380   0.
  2017 352 16 31 56 505 352.688848440       0.20      1.27     -1.03  0.        1103.127       4457.765       7542.639    0.000  -0.138   0.380   0.
  2017 352 16 31 57 505 352.688860014       0.34      1.39     -0.97  0.        1101.812       4458.954       7542.813    0.000  -0.138   0.380   0.
  2017 352 16 31 58 505 352.688871589       0.34      1.42     -1.13  0.        1100.497       4460.143       7542.987    0.000  -0.138   0.380   0.
  2017 352 16 31 59 505 352.688883163       0.19      1.46     -1.15  0.        1099.181       4461.332       7543.160    0.000  -0.138   0.380   0.
  2017 352 16 32  0 505 352.688894737       0.25      1.56     -1.12  0.        1097.866       4462.521       7543.332    0.000  -0.138   0.380   0.
  2017 352 16 32  1 505 352.688906311       0.08      1.54     -1.10  0.        1096.550       4463.709       7543.504    0.000  -0.138   0.380   0.
  2017 352 16 32  2 505 352.688917885      -0.18      1.54     -0.94  0.        1095.235       4464.897       7543.676    0.000  -0.138   0.379   0.
  2017 352 16 32  3 505 352.688929459      -0.02      1.49     -0.65  0.        1093.919       4466.085       7543.847    0.000  -0.138   0.379   0.
  2017 352 16 32  4 505 352.688941033      -0.03      1.55     -0.69  0.        1092.603       4467.272       7544.017    0.000  -0.138   0.380   0.
  2017 352 16 32  5 505 352.688952607       0.07      1.46     -0.60  0.        1091.287       4468.460       7544.188    0.000  -0.138   0.380   0.
  2017 352 16 32  6 505 352.688964181       0.23      1.39     -0.51  0.        1089.972       4469.647       7544.357    0.000  -0.138   0.380   0.
  2017 352 16 32  7 505 352.688975755       0.12      1.40     -0.59  0.        1088.656       4470.833       7544.526    0.000  -0.138   0.380   0.
  2017 352 16 32  8 505 352.688987329       0.06      1.36     -0.61  0.        1087.340       4472.020       7544.695    0.000  -0.138   0.380   0.
  2017 352 16 32  9 505 352.688998903      -0.06      1.40     -0.63  0.        1086.023       4473.206       7544.864    0.000  -0.138   0.380   0.
  2017 352 16 32 10 505 352.689010477      -0.11      1.49     -0.57  0.        1084.707       4474.392       7545.031    0.000  -0.138   0.380   0.
  2017 352 16 32 11 505 352.689022052       0.04      1.62     -0.53  0.        1083.391       4475.577       7545.199    0.000  -0.138   0.380   0.
  2017 352 16 32 12 505 352.689033626       0.15      1.65     -0.59  0.        1082.075       4476.763       7545.365    0.000  -0.138   0.380   0.
  2017 352 16 32 13 505 352.689045200       0.16      1.57     -0.62  0.        1080.758       4477.948       7545.532    0.000  -0.138   0.380   0.
  2017 352 16 32 14 505 352.689056774       0.10      1.55     -0.78  0.        1079.442       4479.132       7545.698    0.000  -0.138   0.379   0.
  2017 352 16 32 15 505 352.689068348      -0.14      1.43     -0.75  0.        1078.125       4480.316       7545.863    0.000  -0.138   0.379   0.
  2017 352 16 32 16 505 352.689079922      -0.25      1.51     -0.79  0.        1076.809       4481.501       7546.028    0.000  -0.138   0.380   0.
  2017 352 16 32 17 505 352.689091496      -0.27      1.46     -0.85  0.        1075.492       4482.684       7546.193    0.000  -0.138   0.380   0.
  2017 352 16 32 18 505 352.689103070      -0.32      1.49     -0.73  0.        1074.176       4483.868       7546.357    0.000  -0.138   0.380   0.
  2017 352 16 32 19 504 352.689114643      -0.31      1.48     -0.75  0.        1072.859       4485.052       7546.520    0.000  -0.138   0.380   0.
  2017 352 16 32 20 504 352.689126215      -0.41      1.45     -0.71  0.        1071.542       4486.235       7546.684    0.000  -0.138   0.379   0.
  2017 352 16 32 21 505 352.689137789      -0.31      1.52     -0.63  0.        1070.225       4487.418       7546.846    0.000  -0.138   0.379   0.
  2017 352 16 32 22 505 352.689149363      -0.49      1.49     -0.60  0.        1068.908       4488.600       7547.008    0.000  -0.138   0.380   0.
  2017 352 16 32 23 504 352.689160937      -0.55      1.50     -0.70  0.        1067.591       4489.783       7547.170    0.000  -0.138   0.380   0.
  2017 352 16 32 24 504 352.689172512      -0.73      1.52     -0.75  0.        1066.274       4490.964       7547.331    0.000  -0.138   0.380   0.
  2017 352 16 32 25 505 352.689184086      -0.79      1.48     -0.48  0.        1064.957       4492.146       7547.492    0.000  -0.138   0.380   0.
  2017 352 16 32 26 505 352.689195660      -0.70      1.61     -0.45  0.        1063.640       4493.328       7547.653    0.000  -0.138   0.379   0.
  2017 352 16 32 27 505 352.689207234      -0.58      1.59     -0.34  0.        1062.322       4494.509       7547.812    0.000  -0.138   0.379   0.
  2017 352 16 32 28 505 352.689218808      -0.50      1.55     -0.48  0.        1061.005       4495.690       7547.972    0.000  -0.138   0.380   0.
  2017 352 16 32 29 505 352.689230382      -0.43      1.56     -0.67  0.        1059.688       4496.870       7548.131    0.000  -0.138   0.380   0.
  2017 352 16 32 30 504 352.689241956      -0.34      1.71     -0.62  0.        1058.370       4498.050       7548.289    0.000  -0.138   0.380   0.
  2017 352 16 32 31 504 352.689253530      -0.28      1.56     -0.56  0.        1057.053       4499.230       7548.447    0.000  -0.138   0.380   0.
  2017 352 16 32 32 504 352.689265104      -0.26      1.43     -0.58  0.        1055.735       4500.410       7548.605    0.000  -0.138   0.380   0.
  2017 352 16 32 33 504 352.689276678      -0.22      1.45     -0.71  0.        1054.417       4501.590       7548.762    0.000  -0.138   0.380   0.
  2017 352 16 32 34 504 352.689288252      -0.50      1.41     -0.80  0.        1053.100       4502.769       7548.918    0.000  -0.138   0.379   0.
  2017 352 16 32 35 505 352.689299826      -0.56      1.51     -0.74  0.        1051.782       4503.948       7549.075    0.000  -0.138   0.379   0.
  2017 352 16 32 36 505 352.689311400      -0.66      1.42     -0.63  0.        1050.464       4505.126       7549.230    0.000  -0.138   0.380   0.
  2017 352 16 32 37 504 352.689322975      -0.59      1.40     -0.53  0.        1049.146       4506.305       7549.385    0.000  -0.138   0.380   0.
  2017 352 16 32 38 504 352.689334549      -0.66      1.49     -0.38  0.        1047.828       4507.483       7549.540    0.000  -0.138   0.379   0.
  2017 352 16 32 39 505 352.689346123      -0.92      1.52     -0.34  0.        1046.510       4508.661       7549.694    0.000  -0.138   0.379   0.
  2017 352 16 32 40 505 352.689357697      -0.97      1.61     -0.22  0.        1045.192       4509.838       7549.848    0.000  -0.138   0.379   0.
  2017 352 16 32 41 505 352.689369271      -1.04      1.73     -0.21  0.        1043.873       4511.015       7550.001    0.000  -0.138   0.379   0.
  2017 352 16 32 42 505 352.689380845      -0.93      1.77     -0.21  0.        1042.555       4512.192       7550.154    0.000  -0.138   0.379   0.
  2017 352 16 32 43 505 352.689392419      -0.82      1.75     -0.16  0.        1041.237       4513.369       7550.307    0.000  -0.138   0.379   0.
  2017 352 16 32 44 504 352.689403993      -0.63      1.73     -0.09  0.        1039.918       4514.546       7550.459    0.000  -0.138   0.380   0.
  2017 352 16 32 45 504 352.689415567      -0.50      1.63     -0.29  0.        1038.600       4515.722       7550.610    0.000  -0.138   0.380   0.
  2017 352 16 32 46 504 352.689427141      -0.61      1.60     -0.23  0.        1037.281       4516.898       7550.761    0.000  -0.138   0.379   0.
  2017 352 16 32 47 504 352.689438715      -0.56      1.57     -0.44  0.        1035.963       4518.073       7550.912    0.000  -0.138   0.379   0.
  2017 352 16 32 48 505 352.689450289      -0.52      1.57     -0.46  0.        1034.644       4519.248       7551.062    0.000  -0.138   0.380   0.
  2017 352 16 32 49 505 352.689461863      -0.61      1.61     -0.39  0.        1033.325       4520.423       7551.211    0.000  -0.138   0.380   0.
  2017 352 16 32 50 504 352.689473435      -0.54      1.57     -0.25  0.        1032.007       4521.598       7551.361    0.000  -0.138   0.380   0.
  2017 352 16 32 51 504 352.689485009      -0.57      1.54     -0.30  0.        1030.688       4522.773       7551.509    0.000  -0.138   0.380   0.
  2017 352 16 32 52 504 352.689496583      -0.48      1.49     -0.37  0.        1029.369       4523.947       7551.658    0.000  -0.138   0.379   0.
  2017 352 16 32 53 504 352.689508157      -0.52      1.48     -0.39  0.        1028.050       4525.121       7551.805    0.000  -0.138   0.379   0.
  2017 352 16 32 54 504 352.689519731      -0.57      1.49     -0.47  0.        1026.731       4526.294       7551.953    0.000  -0.138   0.379   0.
  2017 352 16 32 55 504 352.689531305      -0.62      1.51     -0.44  0.        1025.412       4527.468       7552.099    0.000  -0.138   0.379   0.
  2017 352 16 32 56 504 352.689542879      -0.59      1.52     -0.44  0.        1024.093       4528.641       7552.246    0.000  -0.138   0.380   0.
  2017 352 16 32 57 504 352.689554453      -0.59      1.46     -0.55  0.        1022.774       4529.814       7552.392    0.000  -0.138   0.380   0.
  2017 352 16 32 58 504 352.689566027      -0.76      1.56     -0.72  0.        1021.454       4530.986       7552.537    0.000  -0.138   0.379   0.
  2017 352 16 32 59 504 352.689577601      -0.94      1.56     -0.66  0.        1020.135       4532.159       7552.682    0.000  -0.138   0.379   0.
  2017 352 16 33  0 504 352.689589175      -1.14      1.60     -0.53  0.        1018.815       4533.330       7552.826    0.000  -0.138   0.379   0.
  2017 352 16 33  1 504 352.689600749      -1.24      1.61     -0.20  0.        1017.496       4534.502       7552.970    0.000  -0.138   0.379   0.
  2017 352 16 33  2 504 352.689612323      -1.24      1.68      0.17  0.        1016.177       4535.674       7553.114    0.000  -0.138   0.379   0.
  2017 352 16 33  3 504 352.689623898      -1.15      1.72      0.21  0.        1014.857       4536.845       7553.257    0.000  -0.138   0.379   0.
  2017 352 16 33  4 504 352.689635472      -1.05      1.57      0.20  0.        1013.537       4538.016       7553.400    0.000  -0.138   0.380   0.
  2017 352 16 33  5 504 352.689647046      -1.07      1.56      0.15  0.        1012.218       4539.186       7553.542    0.000  -0.138   0.380   0.
  2017 352 16 33  6 504 352.689658620      -0.76      1.50      0.02  0.        1010.898       4540.356       7553.684    0.000  -0.138   0.379   0.
  2017 352 16 33  7 504 352.689670194      -0.46      1.59     -0.25  0.        1009.578       4541.526       7553.825    0.000  -0.138   0.379   0.
  2017 352 16 33  8 504 352.689681768      -0.51      1.65     -0.42  0.        1008.258       4542.696       7553.966    0.000  -0.138   0.380   0.
  2017 352 16 33  9 504 352.689693342      -0.63      1.58     -0.36  0.        1006.938       4543.866       7554.106    0.000  -0.138   0.380   0.
  2017 352 16 33 10 504 352.689704916      -0.41      1.56     -0.43  0.        1005.618       4545.035       7554.246    0.000  -0.138   0.379   0.
  2017 352 16 33 11 504 352.689716490      -0.38      1.63     -0.41  0.        1004.298       4546.204       7554.386    0.000  -0.138   0.379   0.
  2017 352 16 33 12 504 352.689728064      -0.37      1.68     -0.37  0.        1002.978       4547.372       7554.524    0.000  -0.138   0.379   0.
  2017 352 16 33 13 504 352.689739638      -0.36      1.59     -0.30  0.        1001.658       4548.541       7554.663    0.000  -0.138   0.379   0.
  2017 352 16 33 14 504 352.689751212      -0.44      1.57     -0.44  0.        1000.337       4549.709       7554.801    0.000  -0.138   0.380   0.
  2017 352 16 33 15 504 352.689762786      -0.41      1.50     -0.57  0.         999.017       4550.877       7554.939    0.000  -0.138   0.380   0.
  2017 352 16 33 16 504 352.689774361      -0.49      1.47     -0.62  0.         997.697       4552.044       7555.076    0.000  -0.138   0.380   0.
  2017 352 16 33 17 504 352.689785934      -0.53      1.42     -0.74  0.         996.376       4553.211       7555.212    0.000  -0.138   0.380   0.
  2017 352 16 33 18 504 352.689797506      -0.64      1.39     -0.76  0.         995.056       4554.378       7555.349    0.000  -0.138   0.380   0.
  2017 352 16 33 19 504 352.689809080      -0.65      1.52     -0.72  0.         993.735       4555.545       7555.484    0.000  -0.138   0.380   0.
  2017 352 16 33 20 504 352.689820654      -0.80      1.57     -0.61  0.         992.414       4556.712       7555.620    0.000  -0.138   0.380   0.
  2017 352 16 33 21 504 352.689832228      -0.85      1.60     -0.26  0.         991.094       4557.878       7555.754    0.000  -0.138   0.380   0.
  2017 352 16 33 22 504 352.689843802      -0.68      1.58     -0.26  0.         989.773       4559.043       7555.889    0.000  -0.138   0.380   0.
  2017 352 16 33 23 504 352.689855376      -0.54      1.53     -0.25  0.         988.452       4560.209       7556.023    0.000  -0.138   0.380   0.
  2017 352 16 33 24 504 352.689866950      -0.53      1.54     -0.45  0.         987.131       4561.374       7556.156    0.000  -0.138   0.380   0.
  2017 352 16 33 25 504 352.689878524      -0.66      1.51     -0.55  0.         985.810       4562.539       7556.289    0.000  -0.138   0.380   0.
  2017 352 16 33 26 504 352.689890098      -0.74      1.49     -0.59  0.         984.489       4563.704       7556.421    0.000  -0.138   0.380   0.
  2017 352 16 33 27 504 352.689901673      -0.60      1.51     -0.68  0.         983.168       4564.869       7556.553    0.000  -0.138   0.380   0.
  2017 352 16 33 28 504 352.689913246      -0.80      1.55     -0.78  0.         981.847       4566.033       7556.685    0.000  -0.138   0.380   0.
  2017 352 16 33 29 504 352.689924821      -0.86      1.49     -0.58  0.         980.526       4567.197       7556.816    0.000  -0.138   0.380   0.
  2017 352 16 33 30 504 352.689936395      -0.79      1.43     -0.37  0.         979.205       4568.360       7556.947    0.000  -0.138   0.380   0.
  2017 352 16 33 31 504 352.689947969      -0.58      1.62     -0.41  0.         977.883       4569.524       7557.077    0.000  -0.138   0.380   0.
  2017 352 16 33 32 504 352.689959543      -0.55      1.65     -0.45  0.         976.562       4570.687       7557.207    0.000  -0.138   0.380   0.
  2017 352 16 33 33 504 352.689971117      -0.68      1.55     -0.63  0.         975.241       4571.849       7557.336    0.000  -0.138   0.380   0.
  2017 352 16 33 34 504 352.689982691      -0.66      1.49     -0.47  0.         973.919       4573.012       7557.465    0.000  -0.138   0.380   0.
  2017 352 16 33 35 504 352.689994265      -0.49      1.54     -0.41  0.         972.598       4574.174       7557.593    0.000  -0.138   0.380   0.
  2017 352 16 33 36 504 352.690005839      -0.52      1.53     -0.50  0.         971.276       4575.336       7557.721    0.000  -0.138   0.379   0.
  2017 352 16 33 37 504 352.690017413      -0.29      1.59     -0.39  0.         969.954       4576.498       7557.848    0.000  -0.138   0.379   0.
  2017 352 16 33 38 504 352.690028987      -0.07      1.74     -0.87  0.         968.633       4577.659       7557.975    0.000  -0.138   0.380   0.
  2017 352 16 33 39 504 352.690040561      -0.33      1.53     -0.88  0.         967.311       4578.820       7558.102    0.000  -0.138   0.380   0.
  2017 352 16 33 40 504 352.690052135      -0.19      1.59     -0.65  0.         965.989       4579.981       7558.228    0.000  -0.138   0.379   0.
  2017 352 16 33 41 504 352.690063709      -0.31      1.51     -0.58  0.         964.667       4581.142       7558.353    0.000  -0.138   0.379   0.
  2017 352 16 33 42 504 352.690075284      -0.47      1.58     -0.64  0.         963.345       4582.302       7558.478    0.000  -0.138   0.379   0.
  2017 352 16 33 43 504 352.690086858      -0.71      1.64     -0.64  0.         962.023       4583.462       7558.603    0.000  -0.138   0.379   0.
  2017 352 16 33 44 504 352.690098432      -0.71      1.49     -0.47  0.         960.701       4584.622       7558.727    0.000  -0.138   0.380   0.
  2017 352 16 33 45 504 352.690110006      -0.60      1.56     -0.57  0.         959.379       4585.781       7558.851    0.000  -0.138   0.380   0.
  2017 352 16 33 46 504 352.690121580      -0.58      1.42     -0.81  0.         958.057       4586.941       7558.974    0.000  -0.138   0.380   0.
  2017 352 16 33 47 504 352.690133153      -0.59      1.42     -0.76  0.         956.735       4588.099       7559.097    0.000  -0.138   0.380   0.
  2017 352 16 33 48 504 352.690144725      -0.48      1.43     -0.86  0.         955.412       4589.258       7559.219    0.000  -0.138   0.380   0.
  2017 352 16 33 49 504 352.690156299      -0.57      1.48     -0.87  0.         954.090       4590.416       7559.341    0.000  -0.138   0.380   0.
  2017 352 16 33 50 504 352.690167873      -0.59      1.44     -0.67  0.         952.768       4591.574       7559.463    0.000  -0.138   0.380   0.
  2017 352 16 33 51 504 352.690179447      -0.48      1.41     -0.58  0.         951.445       4592.732       7559.584    0.000  -0.138   0.380   0.
  2017 352 16 33 52 504 352.690191021      -0.43      1.52     -0.63  0.         950.123       4593.890       7559.704    0.000  -0.138   0.380   0.
  2017 352 16 33 53 504 352.690202596      -0.46      1.48     -0.63  0.         948.800       4595.047       7559.824    0.000  -0.138   0.380   0.
  2017 352 16 33 54 504 352.690214170      -0.44      1.48     -0.80  0.         947.477       4596.204       7559.944    0.000  -0.138   0.380   0.
  2017 352 16 33 55 504 352.690225744      -0.62      1.43     -0.93  0.         946.155       4597.360       7560.063    0.000  -0.138   0.380   0.
  2017 352 16 33 56 504 352.690237318      -0.84      1.43     -0.73  0.         944.832       4598.517       7560.181    0.000  -0.138   0.379   0.
  2017 352 16 33 57 504 352.690248892      -1.01      1.46     -0.56  0.         943.509       4599.673       7560.300    0.000  -0.138   0.379   0.
  2017 352 16 33 58 504 352.690260466      -0.94      1.47     -0.38  0.         942.186       4600.829       7560.417    0.000  -0.138   0.380   0.
  2017 352 16 33 59 504 352.690272040      -0.76      1.53     -0.26  0.         940.863       4601.984       7560.535    0.000  -0.138   0.380   0.
  2017 352 16 34  0 504 352.690283614      -0.73      1.49     -0.21  0.         939.540       4603.140       7560.652    0.000  -0.138   0.380   0.
  2017 352 16 34  1 504 352.690295188      -0.67      1.50     -0.34  0.         938.217       4604.295       7560.768    0.000  -0.138   0.380   0.
  2017 352 16 34  2 504 352.690306762      -0.66      1.51     -0.46  0.         936.894       4605.449       7560.884    0.000  -0.138   0.379   0.
  2017 352 16 34  3 504 352.690318336      -0.76      1.55     -0.49  0.         935.571       4606.604       7560.999    0.000  -0.138   0.379   0.
  2017 352 16 34  4 504 352.690329910      -0.73      1.56     -0.73  0.         934.248       4607.758       7561.114    0.000  -0.138   0.380   0.
  2017 352 16 34  5 504 352.690341484      -0.85      1.48     -0.76  0.         932.924       4608.912       7561.229    0.000  -0.138   0.380   0.
  2017 352 16 34  6 504 352.690353058      -0.76      1.52     -0.62  0.         931.601       4610.065       7561.343    0.000  -0.138   0.380   0.
  2017 352 16 34  7 504 352.690364633      -0.66      1.47     -0.52  0.         930.278       4611.219       7561.457    0.000  -0.138   0.380   0.
  2017 352 16 34  8 504 352.690376207      -0.76      1.52     -0.65  0.         928.954       4612.372       7561.570    0.000  -0.138   0.380   0.
  2017 352 16 34  9 504 352.690387781      -0.69      1.51     -0.58  0.         927.631       4613.524       7561.682    0.000  -0.138   0.380   0.
  2017 352 16 34 10 504 352.690399355      -0.70      1.49     -0.67  0.         926.307       4614.677       7561.794    0.000  -0.138   0.380   0.
  2017 352 16 34 11 504 352.690410929      -0.78      1.56     -0.85  0.         924.984       4615.829       7561.906    0.000  -0.138   0.380   0.
  2017 352 16 34 12 504 352.690422503      -0.82      1.37     -0.66  0.         923.660       4616.981       7562.018    0.000  -0.138   0.380   0.
  2017 352 16 34 13 504 352.690434077      -0.77      1.39     -0.75  0.         922.336       4618.133       7562.129    0.000  -0.138   0.380   0.
  2017 352 16 34 14 504 352.690445651      -0.81      1.41     -0.62  0.         921.012       4619.284       7562.239    0.000  -0.138   0.380   0.
  2017 352 16 34 15 503 352.690457224      -0.81      1.43     -0.61  0.         919.689       4620.435       7562.349    0.000  -0.138   0.380   0.
  2017 352 16 34 16 503 352.690468796      -0.88      1.49     -0.57  0.         918.365       4621.586       7562.459    0.000  -0.138   0.380   0.
  2017 352 16 34 17 504 352.690480370      -0.73      1.51     -0.80  0.         917.041       4622.736       7562.567    0.000  -0.138   0.380   0.
  2017 352 16 34 18 504 352.690491944      -0.85      1.61     -1.08  0.         915.717       4623.887       7562.676    0.000  -0.138   0.380   0.
  2017 352 16 34 19 503 352.690503519      -1.09      1.53     -0.96  0.         914.393       4625.037       7562.784    0.000  -0.138   0.380   0.
  2017 352 16 34 20 503 352.690515093      -1.00      1.50     -0.78  0.         913.069       4626.186       7562.892    0.000  -0.138   0.379   0.
  2017 352 16 34 21 504 352.690526667      -1.02      1.53     -0.76  0.         911.744       4627.336       7562.999    0.000  -0.138   0.379   0.
  2017 352 16 34 22 504 352.690538241      -1.02      1.54     -0.63  0.         910.420       4628.485       7563.106    0.000  -0.138   0.380   0.
  2017 352 16 34 23 504 352.690549815      -0.94      1.47     -0.55  0.         909.096       4629.634       7563.212    0.000  -0.138   0.380   0.
  2017 352 16 34 24 504 352.690561389      -0.83      1.52     -0.32  0.         907.772       4630.782       7563.318    0.000  -0.138   0.380   0.
  2017 352 16 34 25 504 352.690572963      -0.89      1.41     -0.46  0.         906.447       4631.931       7563.423    0.000  -0.138   0.380   0.
  2017 352 16 34 26 503 352.690584537      -0.89      1.31     -0.44  0.         905.123       4633.079       7563.528    0.000  -0.138   0.380   0.
  2017 352 16 34 27 503 352.690596111      -0.87      1.44     -0.33  0.         903.798       4634.226       7563.633    0.000  -0.138   0.380   0.
  2017 352 16 34 28 503 352.690607685      -0.71      1.58     -0.23  0.         902.474       4635.374       7563.737    0.000  -0.138   0.379   0.
  2017 352 16 34 29 503 352.690619259      -0.66      1.63     -0.34  0.         901.149       4636.521       7563.840    0.000  -0.138   0.379   0.
  2017 352 16 34 30 503 352.690630833      -0.71      1.52     -0.47  0.         899.825       4637.668       7563.943    0.000  -0.138   0.379   0.
  2017 352 16 34 31 504 352.690642407      -0.85      1.60     -0.18  0.         898.500       4638.814       7564.046    0.000  -0.138   0.379   0.
  2017 352 16 34 32 504 352.690653982      -0.79      1.53     -0.28  0.         897.175       4639.961       7564.148    0.000  -0.138   0.380   0.
  2017 352 16 34 33 503 352.690665556      -0.76      1.44     -0.33  0.         895.850       4641.107       7564.250    0.000  -0.138   0.380   0.
  2017 352 16 34 34 503 352.690677130      -0.69      1.52     -0.27  0.         894.525       4642.252       7564.351    0.000  -0.138   0.379   0.
  2017 352 16 34 35 504 352.690688704      -0.53      1.47     -0.26  0.         893.200       4643.398       7564.452    0.000  -0.138   0.379   0.
  2017 352 16 34 36 504 352.690700278      -0.57      1.52     -0.39  0.         891.875       4644.543       7564.552    0.000  -0.138   0.380   0.
  2017 352 16 34 37 504 352.690711852      -0.77      1.56     -0.43  0.         890.550       4645.688       7564.652    0.000  -0.138   0.380   0.
  2017 352 16 34 38 504 352.690723426      -0.51      1.39     -0.25  0.         889.225       4646.833       7564.752    0.000  -0.138   0.380   0.
  2017 352 16 34 39 504 352.690735000      -0.29      1.59     -0.56  0.         887.900       4647.977       7564.851    0.000  -0.138   0.380   0.
  2017 352 16 34 40 503 352.690746574      -0.44      1.49     -0.85  0.         886.575       4649.121       7564.949    0.000  -0.138   0.380   0.
  2017 352 16 34 41 503 352.690758148      -0.57      1.52     -1.11  0.         885.250       4650.265       7565.047    0.000  -0.138   0.380   0.
  2017 352 16 34 42 503 352.690769722      -0.69      1.40     -1.04  0.         883.924       4651.409       7565.145    0.000  -0.138   0.379   0.
  2017 352 16 34 43 503 352.690781296      -0.87      1.41     -0.79  0.         882.599       4652.552       7565.242    0.000  -0.138   0.379   0.
  2017 352 16 34 44 504 352.690792870      -0.94      1.40     -0.71  0.         881.274       4653.695       7565.339    0.000  -0.138   0.379   0.
  2017 352 16 34 45 504 352.690804444      -0.91      1.39     -0.62  0.         879.948       4654.838       7565.435    0.000  -0.138   0.379   0.
  2017 352 16 34 46 503 352.690816016      -0.90      1.51     -0.57  0.         878.623       4655.980       7565.531    0.000  -0.138   0.380   0.
  2017 352 16 34 47 503 352.690827590      -0.77      1.58     -0.81  0.         877.297       4657.122       7565.626    0.000  -0.138   0.380   0.
  2017 352 16 34 48 503 352.690839164      -0.52      1.64     -1.07  0.         875.971       4658.264       7565.721    0.000  -0.138   0.379   0.
  2017 352 16 34 49 503 352.690850738      -0.99      1.58     -1.30  0.         874.646       4659.406       7565.816    0.000  -0.138   0.379   0.
  2017 352 16 34 50 503 352.690862312      -1.29      1.73     -0.95  0.         873.320       4660.547       7565.909    0.000  -0.138   0.380   0.
  2017 352 16 34 51 503 352.690873886      -1.04      1.96     -0.51  0.         871.994       4661.688       7566.003    0.000  -0.138   0.380   0.
  2017 352 16 34 52 503 352.690885460      -1.28      1.88     -0.37  0.         870.668       4662.829       7566.096    0.000  -0.138   0.380   0.
  2017 352 16 34 53 503 352.690897034      -1.50      1.67     -0.02  0.         869.343       4663.969       7566.189    0.000  -0.138   0.380   0.
  2017 352 16 34 54 503 352.690908608      -1.39      1.77     -0.03  0.         868.017       4665.109       7566.281    0.000  -0.138   0.379   0.
  2017 352 16 34 55 503 352.690920182      -1.48      1.80     -0.02  0.         866.691       4666.249       7566.373    0.000  -0.138   0.379   0.
  2017 352 16 34 56 503 352.690931756      -1.29      1.82      0.19  0.         865.365       4667.389       7566.464    0.000  -0.138   0.380   0.
  2017 352 16 34 57 503 352.690943330      -1.09      1.77      0.14  0.         864.039       4668.528       7566.555    0.000  -0.138   0.380   0.
  2017 352 16 34 58 503 352.690954905      -0.96      1.68      0.00  0.         862.712       4669.667       7566.645    0.000  -0.138   0.380   0.
  2017 352 16 34 59 503 352.690966479      -1.02      1.60      0.05  0.         861.386       4670.806       7566.735    0.000  -0.138   0.380   0.
  2017 352 16 35  0 503 352.690978053      -0.89      1.60      0.19  0.         860.060       4671.944       7566.824    0.000  -0.138   0.380   0.
  2017 352 16 35  1 503 352.690989627      -0.71      1.52      0.31  0.         858.734       4673.083       7566.913    0.000  -0.138   0.380   0.
  2017 352 16 35  2 503 352.691001201      -0.59      1.46      0.18  0.         857.407       4674.221       7567.002    0.000  -0.138   0.380   0.
  2017 352 16 35  3 503 352.691012775      -0.47      1.48     -0.01  0.         856.081       4675.358       7567.090    0.000  -0.138   0.380   0.
  2017 352 16 35  4 503 352.691024349      -0.22      1.70     -0.30  0.         854.754       4676.496       7567.177    0.000  -0.138   0.379   0.
  2017 352 16 35  5 503 352.691035923      -0.30      2.02     -0.59  0.         853.428       4677.633       7567.265    0.000  -0.138   0.379   0.
  2017 352 16 35  6 503 352.691047497      -0.48      1.89     -0.37  0.         852.101       4678.769       7567.351    0.000  -0.138   0.380   0.
  2017 352 16 35  7 503 352.691059071      -0.50      1.83     -0.25  0.         850.775       4679.906       7567.438    0.000  -0.138   0.380   0.
  2017 352 16 35  8 503 352.691070645      -0.57      1.69     -0.29  0.         849.448       4681.042       7567.523    0.000  -0.138   0.380   0.
  2017 352 16 35  9 503 352.691082219      -0.48      1.85     -0.35  0.         848.121       4682.178       7567.609    0.000  -0.138   0.380   0.
  2017 352 16 35 10 503 352.691093793      -0.42      1.79     -0.49  0.         846.795       4683.314       7567.694    0.000  -0.138   0.380   0.
  2017 352 16 35 11 503 352.691105367      -0.73      1.88     -0.64  0.         845.468       4684.449       7567.778    0.000  -0.138   0.380   0.
  2017 352 16 35 12 503 352.691116942      -0.95      1.76     -0.44  0.         844.141       4685.584       7567.862    0.000  -0.138   0.380   0.
  2017 352 16 35 13 503 352.691128515      -0.88      1.61     -0.12  0.         842.814       4686.719       7567.945    0.000  -0.138   0.380   0.
  2017 352 16 35 14 503 352.691140087      -0.86      1.63     -0.19  0.         841.487       4687.854       7568.029    0.000  -0.138   0.380   0.
  2017 352 16 35 15 503 352.691151661      -0.89      1.66     -0.16  0.         840.160       4688.988       7568.111    0.000  -0.138   0.380   0.
  2017 352 16 35 16 503 352.691163235      -0.73      1.64     -0.08  0.         838.833       4690.122       7568.193    0.000  -0.138   0.380   0.
  2017 352 16 35 17 503 352.691174809      -0.56      1.59     -0.19  0.         837.506       4691.256       7568.275    0.000  -0.138   0.380   0.
  2017 352 16 35 18 503 352.691186383      -0.44      1.57     -0.34  0.         836.179       4692.389       7568.356    0.000  -0.138   0.380   0.
  2017 352 16 35 19 503 352.691197957      -0.42      1.60     -0.41  0.         834.852       4693.523       7568.437    0.000  -0.138   0.380   0.
  2017 352 16 35 20 503 352.691209531      -0.48      1.51     -0.35  0.         833.524       4694.655       7568.518    0.000  -0.138   0.380   0.
  2017 352 16 35 21 503 352.691221105      -0.31      1.57     -0.31  0.         832.197       4695.788       7568.597    0.000  -0.138   0.380   0.
  2017 352 16 35 22 503 352.691232679      -0.30      1.52     -0.44  0.         830.870       4696.920       7568.677    0.000  -0.138   0.380   0.
  2017 352 16 35 23 503 352.691244254      -0.36      1.44     -0.56  0.         829.542       4698.052       7568.756    0.000  -0.138   0.380   0.
  2017 352 16 35 24 503 352.691255828      -0.33      1.45     -0.67  0.         828.215       4699.184       7568.834    0.000  -0.138   0.380   0.
  2017 352 16 35 25 503 352.691267402      -0.25      1.53     -0.74  0.         826.887       4700.316       7568.913    0.000  -0.138   0.380   0.
  2017 352 16 35 26 503 352.691278976      -0.20      1.55     -0.85  0.         825.560       4701.447       7568.990    0.000  -0.138   0.380   0.
  2017 352 16 35 27 503 352.691290550      -0.32      1.58     -0.78  0.         824.232       4702.578       7569.067    0.000  -0.138   0.380   0.
  2017 352 16 35 28 503 352.691302124      -0.20      1.49     -0.60  0.         822.904       4703.708       7569.144    0.000  -0.138   0.380   0.
  2017 352 16 35 29 503 352.691313698      -0.19      1.42     -0.79  0.         821.577       4704.839       7569.220    0.000  -0.138   0.380   0.
  2017 352 16 35 30 503 352.691325272      -0.39      1.55     -0.76  0.         820.249       4705.969       7569.296    0.000  -0.138   0.380   0.
  2017 352 16 35 31 503 352.691336846      -0.60      1.47     -0.81  0.         818.921       4707.099       7569.372    0.000  -0.138   0.380   0.
  2017 352 16 35 32 503 352.691348420      -0.71      1.34     -0.82  0.         817.594       4708.228       7569.447    0.000  -0.138   0.380   0.
  2017 352 16 35 33 503 352.691359994      -0.66      1.37     -0.78  0.         816.266       4709.357       7569.521    0.000  -0.138   0.380   0.
  2017 352 16 35 34 503 352.691371568      -0.36      1.48     -0.74  0.         814.938       4710.486       7569.595    0.000  -0.138   0.380   0.
  2017 352 16 35 35 503 352.691383142      -0.52      1.40     -0.94  0.         813.610       4711.615       7569.669    0.000  -0.138   0.380   0.
  2017 352 16 35 36 503 352.691394716      -0.76      1.36     -1.02  0.         812.281       4712.744       7569.742    0.000  -0.138   0.380   0.
  2017 352 16 35 37 503 352.691406291      -0.95      1.30     -0.84  0.         810.953       4713.872       7569.814    0.000  -0.138   0.380   0.
  2017 352 16 35 38 503 352.691417865      -0.97      1.37     -0.70  0.         809.625       4714.999       7569.887    0.000  -0.138   0.379   0.
  2017 352 16 35 39 503 352.691429439      -0.90      1.44     -0.42  0.         808.297       4716.127       7569.958    0.000  -0.138   0.379   0.
  2017 352 16 35 40 503 352.691441013      -0.91      1.60     -0.57  0.         806.969       4717.254       7570.030    0.000  -0.138   0.380   0.
  2017 352 16 35 41 503 352.691452586      -1.12      1.60     -0.64  0.         805.641       4718.381       7570.101    0.000  -0.138   0.380   0.
  2017 352 16 35 42 503 352.691464158      -1.05      1.78     -0.07  0.         804.312       4719.508       7570.171    0.000  -0.138   0.380   0.
  2017 352 16 35 43 503 352.691475732      -1.05      1.64      0.11  0.         802.984       4720.634       7570.241    0.000  -0.138   0.380   0.
  2017 352 16 35 44 503 352.691487306      -0.79      1.57      0.01  0.         801.655       4721.761       7570.311    0.000  -0.138   0.380   0.
  2017 352 16 35 45 503 352.691498880      -0.60      1.58     -0.29  0.         800.327       4722.887       7570.380    0.000  -0.138   0.380   0.
  2017 352 16 35 46 503 352.691510454      -0.54      1.60     -0.38  0.         798.998       4724.012       7570.448    0.000  -0.138   0.380   0.
  2017 352 16 35 47 503 352.691522028      -0.41      1.67     -0.31  0.         797.670       4725.137       7570.516    0.000  -0.138   0.380   0.
  2017 352 16 35 48 503 352.691533602      -0.38      1.57     -0.36  0.         796.341       4726.262       7570.584    0.000  -0.138   0.380   0.
  2017 352 16 35 49 503 352.691545177      -0.31      1.62     -0.42  0.         795.012       4727.387       7570.651    0.000  -0.138   0.380   0.
  2017 352 16 35 50 503 352.691556751      -0.23      1.62     -0.39  0.         793.684       4728.512       7570.718    0.000  -0.138   0.380   0.
  2017 352 16 35 51 503 352.691568325      -0.24      1.54     -0.34  0.         792.355       4729.636       7570.785    0.000  -0.138   0.380   0.
  2017 352 16 35 52 503 352.691579899      -0.21      1.54     -0.39  0.         791.026       4730.760       7570.850    0.000  -0.138   0.380   0.
  2017 352 16 35 53 503 352.691591473      -0.28      1.44     -0.48  0.         789.697       4731.883       7570.916    0.000  -0.138   0.380   0.
  2017 352 16 35 54 503 352.691603047      -0.41      1.45     -0.50  0.         788.368       4733.007       7570.981    0.000  -0.138   0.380   0.
  2017 352 16 35 55 503 352.691614621      -0.18      1.47     -0.71  0.         787.040       4734.130       7571.045    0.000  -0.138   0.380   0.
  2017 352 16 35 56 503 352.691626195      -0.41      1.48     -0.74  0.         785.711       4735.253       7571.110    0.000  -0.138   0.380   0.
  2017 352 16 35 57 503 352.691637769      -0.37      1.46     -0.62  0.         784.381       4736.375       7571.173    0.000  -0.138   0.380   0.
  2017 352 16 35 58 503 352.691649343      -0.12      1.49     -0.54  0.         783.052       4737.497       7571.236    0.000  -0.138   0.380   0.
  2017 352 16 35 59 503 352.691660917      -0.04      1.70     -0.53  0.         781.723       4738.619       7571.299    0.000  -0.138   0.380   0.
  2017 352 16 36  0 503 352.691672491      -0.23      1.63     -0.31  0.         780.394       4739.741       7571.361    0.000  -0.138   0.380   0.
  2017 352 16 36  1 503 352.691684065      -0.29      1.54     -0.36  0.         779.065       4740.862       7571.423    0.000  -0.138   0.380   0.
  2017 352 16 36  2 503 352.691695639      -0.36      1.47     -0.25  0.         777.736       4741.983       7571.485    0.000  -0.138   0.379   0.
  2017 352 16 36  3 503 352.691707214      -0.44      1.46     -0.30  0.         776.406       4743.104       7571.546    0.000  -0.138   0.379   0.
  2017 352 16 36  4 503 352.691718788      -0.52      1.49     -0.36  0.         775.077       4744.224       7571.606    0.000  -0.138   0.380   0.
  2017 352 16 36  5 503 352.691730362      -0.55      1.42     -0.42  0.         773.747       4745.345       7571.666    0.000  -0.138   0.380   0.
  2017 352 16 36  6 503 352.691741936      -0.64      1.49     -0.42  0.         772.418       4746.465       7571.726    0.000  -0.138   0.380   0.
  2017 352 16 36  7 503 352.691753510      -0.62      1.54     -0.37  0.         771.088       4747.585       7571.785    0.000  -0.138   0.380   0.
  2017 352 16 36  8 503 352.691765084      -0.65      1.65     -0.20  0.         769.759       4748.704       7571.844    0.000  -0.138   0.380   0.
  2017 352 16 36  9 503 352.691776658      -0.65      1.61     -0.23  0.         768.429       4749.823       7571.902    0.000  -0.138   0.380   0.
  2017 352 16 36 10 503 352.691788232      -0.70      1.58     -0.38  0.         767.100       4750.942       7571.960    0.000  -0.138   0.380   0.
  2017 352 16 36 11 502 352.691799805      -0.54      1.57     -0.62  0.         765.770       4752.061       7572.017    0.000  -0.138   0.380   0.
  2017 352 16 36 12 502 352.691811377      -0.65      1.49     -0.72  0.         764.440       4753.179       7572.074    0.000  -0.138   0.380   0.
  2017 352 16 36 13 503 352.691822951      -0.86      1.67     -0.71  0.         763.111       4754.297       7572.131    0.000  -0.138   0.380   0.
  2017 352 16 36 14 503 352.691834525      -0.73      1.47     -0.73  0.         761.781       4755.415       7572.187    0.000  -0.138   0.380   0.
  2017 352 16 36 15 502 352.691846100      -0.63      1.42     -0.67  0.         760.451       4756.532       7572.242    0.000  -0.138   0.380   0.
  2017 352 16 36 16 502 352.691857674      -0.49      1.52     -0.56  0.         759.121       4757.649       7572.297    0.000  -0.138   0.380   0.
  2017 352 16 36 17 503 352.691869248      -0.54      1.51     -0.72  0.         757.791       4758.766       7572.352    0.000  -0.138   0.380   0.
  2017 352 16 36 18 503 352.691880822      -0.52      1.46     -0.92  0.         756.461       4759.883       7572.406    0.000  -0.138   0.380   0.
  2017 352 16 36 19 503 352.691892396      -0.74      1.53     -0.85  0.         755.131       4760.999       7572.460    0.000  -0.138   0.380   0.
  2017 352 16 36 20 503 352.691903970      -0.73      1.75     -0.86  0.         753.801       4762.115       7572.513    0.000  -0.138   0.380   0.
  2017 352 16 36 21 503 352.691915544      -0.98      1.71     -0.78  0.         752.471       4763.231       7572.566    0.000  -0.138   0.380   0.
  2017 352 16 36 22 502 352.691927118      -1.18      1.58     -0.77  0.         751.141       4764.346       7572.619    0.000  -0.138   0.380   0.
  2017 352 16 36 23 502 352.691938692      -1.35      1.57     -0.59  0.         749.810       4765.462       7572.671    0.000  -0.138   0.380   0.
  2017 352 16 36 24 502 352.691950266      -1.15      1.68     -0.27  0.         748.480       4766.576       7572.722    0.000  -0.138   0.380   0.
  2017 352 16 36 25 502 352.691961840      -1.00      1.76     -0.51  0.         747.150       4767.691       7572.773    0.000  -0.138   0.380   0.
  2017 352 16 36 26 503 352.691973414      -1.03      1.70     -0.46  0.         745.819       4768.805       7572.824    0.000  -0.138   0.380   0.
  2017 352 16 36 27 503 352.691984988      -0.91      1.72     -0.40  0.         744.489       4769.919       7572.874    0.000  -0.138   0.380   0.
  2017 352 16 36 28 502 352.691996562      -0.78      1.72     -0.39  0.         743.159       4771.033       7572.924    0.000  -0.138   0.380   0.
  2017 352 16 36 29 502 352.692008137      -0.84      1.68     -0.32  0.         741.828       4772.147       7572.973    0.000  -0.138   0.380   0.
  2017 352 16 36 30 502 352.692019711      -0.94      1.59     -0.46  0.         740.497       4773.260       7573.022    0.000  -0.138   0.380   0.
  2017 352 16 36 31 503 352.692031285      -1.10      1.51     -0.25  0.         739.167       4774.373       7573.070    0.000  -0.138   0.380   0.
  2017 352 16 36 32 503 352.692042859      -0.92      1.69     -0.26  0.         737.836       4775.486       7573.118    0.000  -0.138   0.380   0.
  2017 352 16 36 33 503 352.692054433      -0.75      1.63     -0.52  0.         736.506       4776.598       7573.166    0.000  -0.138   0.380   0.
  2017 352 16 36 34 503 352.692066007      -1.16      1.66     -0.68  0.         735.175       4777.710       7573.213    0.000  -0.138   0.380   0.
  2017 352 16 36 35 502 352.692077581      -0.84      1.36     -0.65  0.         733.844       4778.822       7573.260    0.000  -0.138   0.380   0.
  2017 352 16 36 36 502 352.692089155      -0.55      1.31     -0.73  0.         732.513       4779.933       7573.306    0.000  -0.138   0.380   0.
  2017 352 16 36 37 502 352.692100729      -0.47      1.22     -1.00  0.         731.183       4781.045       7573.351    0.000  -0.138   0.380   0.
  2017 352 16 36 38 502 352.692112303      -0.28      1.03     -1.45  0.         729.852       4782.156       7573.397    0.000  -0.138   0.380   0.
  2017 352 16 36 39 502 352.692123877      -0.38      1.27     -1.14  0.         728.521       4783.266       7573.442    0.000  -0.138   0.380   0.
  2017 352 16 36 40 502 352.692135448      -0.62      1.30     -1.04  0.         727.190       4784.377       7573.486    0.000  -0.138   0.380   0.
  2017 352 16 36 41 502 352.692147023      -0.78      1.37     -0.65  0.         725.859       4785.487       7573.530    0.000  -0.138   0.380   0.
  2017 352 16 36 42 502 352.692158597      -0.46      1.39     -0.73  0.         724.528       4786.597       7573.573    0.000  -0.138   0.380   0.
  2017 352 16 36 43 502 352.692170171      -0.52      1.20     -0.85  0.         723.197       4787.706       7573.616    0.000  -0.138   0.380   0.
  2017 352 16 36 44 502 352.692181745      -0.70      1.24     -0.84  0.         721.865       4788.815       7573.659    0.000  -0.138   0.380   0.
  2017 352 16 36 45 502 352.692193319      -0.65      1.27     -0.73  0.         720.534       4789.925       7573.701    0.000  -0.138   0.380   0.
  2017 352 16 36 46 502 352.692204893      -0.33      1.40     -1.01  0.         719.203       4791.033       7573.743    0.000  -0.138   0.380   0.
  2017 352 16 36 47 502 352.692216467      -0.50      0.95     -1.20  0.         717.872       4792.142       7573.784    0.000  -0.138   0.380   0.
  2017 352 16 36 48 502 352.692228041      -0.55      0.89     -1.10  0.         716.541       4793.250       7573.825    0.000  -0.138   0.380   0.
  2017 352 16 36 49 502 352.692239615      -0.66      1.21     -1.03  0.         715.209       4794.358       7573.865    0.000  -0.138   0.380   0.
  2017 352 16 36 50 502 352.692251189      -0.42      1.32     -1.09  0.         713.878       4795.465       7573.905    0.000  -0.138   0.380   0.
  2017 352 16 36 51 502 352.692262763      -0.23      1.42     -1.13  0.         712.546       4796.573       7573.945    0.000  -0.138   0.380   0.
  2017 352 16 36 52 502 352.692274337      -0.15      1.43     -1.14  0.         711.215       4797.680       7573.984    0.000  -0.138   0.380   0.
  2017 352 16 36 53 502 352.692285911      -0.48      1.24     -1.09  0.         709.883       4798.786       7574.022    0.000  -0.138   0.380   0.
  2017 352 16 36 54 502 352.692297486      -0.62      1.27     -1.24  0.         708.552       4799.893       7574.060    0.000  -0.138   0.380   0.
  2017 352 16 36 55 502 352.692309060      -0.62      1.28     -1.11  0.         707.220       4800.999       7574.098    0.000  -0.138   0.380   0.
  2017 352 16 36 56 502 352.692320634      -0.68      1.59     -1.06  0.         705.889       4802.105       7574.135    0.000  -0.138   0.380   0.
  2017 352 16 36 57 502 352.692332208      -0.44      1.48     -1.38  0.         704.557       4803.210       7574.172    0.000  -0.138   0.380   0.
  2017 352 16 36 58 502 352.692343782      -0.42      1.53     -1.51  0.         703.225       4804.316       7574.208    0.000  -0.138   0.380   0.
  2017 352 16 36 59 502 352.692355356      -0.22      1.19     -1.61  0.         701.893       4805.421       7574.244    0.000  -0.138   0.380   0.
  2017 352 16 37  0 502 352.692366930      -0.94      1.18     -1.22  0.         700.562       4806.526       7574.280    0.000  -0.138   0.380   0.
  2017 352 16 37  1 502 352.692378504      -0.84      1.41     -1.04  0.         699.230       4807.630       7574.315    0.000  -0.138   0.380   0.
  2017 352 16 37  2 502 352.692390078      -0.80      1.22     -1.06  0.         697.898       4808.734       7574.349    0.000  -0.138   0.379   0.
  2017 352 16 37  3 502 352.692401652      -1.07      1.26     -0.96  0.         696.566       4809.838       7574.384    0.000  -0.138   0.379   0.
  2017 352 16 37  4 502 352.692413226      -0.83      1.42     -0.84  0.         695.234       4810.942       7574.417    0.000  -0.138   0.380   0.
  2017 352 16 37  5 502 352.692424800      -0.75      1.51     -0.86  0.         693.902       4812.045       7574.450    0.000  -0.138   0.380   0.
  2017 352 16 37  6 502 352.692436374      -0.68      1.50     -0.75  0.         692.570       4813.148       7574.483    0.000  -0.138   0.380   0.
  2017 352 16 37  7 502 352.692447948      -0.58      1.44     -0.76  0.         691.238       4814.251       7574.515    0.000  -0.138   0.380   0.
  2017 352 16 37  8 502 352.692459523      -0.38      1.42     -0.74  0.         689.906       4815.354       7574.547    0.000  -0.138   0.380   0.
  2017 352 16 37  9 502 352.692471097      -0.43      1.36     -0.75  0.         688.574       4816.456       7574.579    0.000  -0.138   0.380   0.
  2017 352 16 37 10 502 352.692482671      -0.38      1.47     -0.73  0.         687.241       4817.558       7574.610    0.000  -0.138   0.380   0.
  2017 352 16 37 11 502 352.692494244      -0.43      1.50     -0.72  0.         685.909       4818.659       7574.641    0.000  -0.138   0.380   0.
  2017 352 16 37 12 502 352.692505816      -0.47      1.54     -0.95  0.         684.577       4819.761       7574.671    0.000  -0.138   0.380   0.
  2017 352 16 37 13 502 352.692517390      -0.60      1.48     -1.19  0.         683.244       4820.862       7574.700    0.000  -0.138   0.380   0.
  2017 352 16 37 14 502 352.692528964      -0.73      1.41     -1.14  0.         681.912       4821.963       7574.730    0.000  -0.138   0.380   0.
  2017 352 16 37 15 502 352.692540538      -0.75      1.36     -1.15  0.         680.580       4823.063       7574.758    0.000  -0.138   0.380   0.
  2017 352 16 37 16 502 352.692552112      -0.86      1.30     -1.15  0.         679.247       4824.163       7574.787    0.000  -0.138   0.380   0.
  2017 352 16 37 17 502 352.692563686      -0.91      1.56     -1.08  0.         677.915       4825.263       7574.815    0.000  -0.138   0.380   0.
  2017 352 16 37 18 502 352.692575260      -0.92      1.50     -1.12  0.         676.582       4826.363       7574.842    0.000  -0.138   0.380   0.
  2017 352 16 37 19 502 352.692586834      -0.98      1.48     -1.18  0.         675.250       4827.463       7574.869    0.000  -0.138   0.380   0.
  2017 352 16 37 20 502 352.692598409      -1.29      1.43     -1.12  0.         673.917       4828.562       7574.896    0.000  -0.138   0.380   0.
  2017 352 16 37 21 502 352.692609983      -1.51      1.51     -0.69  0.         672.584       4829.660       7574.922    0.000  -0.138   0.380   0.
  2017 352 16 37 22 502 352.692621557      -1.32      1.71     -0.51  0.         671.252       4830.759       7574.948    0.000  -0.138   0.379   0.
  2017 352 16 37 23 502 352.692633131      -1.43      1.85     -0.56  0.         669.919       4831.857       7574.973    0.000  -0.138   0.379   0.
  2017 352 16 37 24 502 352.692644705      -1.67      1.85     -0.46  0.         668.586       4832.955       7574.998    0.000  -0.138   0.379   0.
  2017 352 16 37 25 502 352.692656279      -1.64      1.88     -0.39  0.         667.253       4834.053       7575.022    0.000  -0.138   0.379   0.
  2017 352 16 37 26 502 352.692667853      -1.60      1.86     -0.49  0.         665.921       4835.150       7575.046    0.000  -0.138   0.380   0.
  2017 352 16 37 27 502 352.692679427      -1.67      1.73     -0.73  0.         664.588       4836.248       7575.069    0.000  -0.138   0.380   0.
  2017 352 16 37 28 502 352.692691001      -1.91      1.62     -0.77  0.         663.255       4837.344       7575.092    0.000  -0.138   0.380   0.
  2017 352 16 37 29 502 352.692702575      -1.95      1.94     -0.49  0.         661.922       4838.441       7575.115    0.000  -0.138   0.380   0.
  2017 352 16 37 30 502 352.692714149      -1.87      1.90     -0.43  0.         660.589       4839.537       7575.137    0.000  -0.138   0.380   0.
  2017 352 16 37 31 502 352.692725723      -1.95      1.76     -0.42  0.         659.256       4840.633       7575.159    0.000  -0.138   0.380   0.
  2017 352 16 37 32 502 352.692737297      -1.86      1.89     -0.40  0.         657.923       4841.729       7575.180    0.000  -0.138   0.379   0.
  2017 352 16 37 33 502 352.692748872      -1.89      1.76     -0.31  0.         656.589       4842.825       7575.201    0.000  -0.138   0.379   0.
  2017 352 16 37 34 502 352.692760446      -1.75      1.79     -0.20  0.         655.256       4843.920       7575.221    0.000  -0.138   0.380   0.
  2017 352 16 37 35 502 352.692772020      -2.01      2.01     -0.08  0.         653.923       4845.015       7575.241    0.000  -0.138   0.380   0.
  2017 352 16 37 36 502 352.692783594      -2.08      2.15      0.00  0.         652.590       4846.109       7575.261    0.000  -0.138   0.380   0.
  2017 352 16 37 37 502 352.692795168      -1.89      2.12     -0.21  0.         651.257       4847.203       7575.280    0.000  -0.138   0.380   0.
  2017 352 16 37 38 502 352.692806742      -1.75      2.11     -0.43  0.         649.923       4848.298       7575.298    0.000  -0.138   0.380   0.
  2017 352 16 37 39 502 352.692818315      -1.77      2.11     -0.44  0.         648.590       4849.391       7575.316    0.000  -0.138   0.380   0.
  2017 352 16 37 40 502 352.692829887      -1.89      1.84     -0.59  0.         647.257       4850.485       7575.334    0.000  -0.138   0.380   0.
  2017 352 16 37 41 502 352.692841461      -1.91      1.82     -0.45  0.         645.923       4851.578       7575.351    0.000  -0.138   0.380   0.
  2017 352 16 37 42 502 352.692853035      -1.84      1.97     -0.51  0.         644.590       4852.671       7575.368    0.000  -0.138   0.380   0.
  2017 352 16 37 43 502 352.692864609      -1.96      2.07     -0.62  0.         643.256       4853.763       7575.385    0.000  -0.138   0.380   0.
  2017 352 16 37 44 502 352.692876183      -1.79      2.16     -0.37  0.         641.923       4854.856       7575.400    0.000  -0.138   0.380   0.
  2017 352 16 37 45 502 352.692887758      -1.76      2.45     -0.34  0.         640.589       4855.948       7575.416    0.000  -0.138   0.380   0.
  2017 352 16 37 46 502 352.692899332      -1.84      2.32     -0.25  0.         639.256       4857.040       7575.431    0.000  -0.138   0.380   0.
  2017 352 16 37 47 502 352.692910906      -1.51      2.16     -0.11  0.         637.922       4858.131       7575.446    0.000  -0.138   0.380   0.
  2017 352 16 37 48 502 352.692922480      -1.14      2.25     -0.33  0.         636.588       4859.222       7575.460    0.000  -0.138   0.380   0.
  2017 352 16 37 49 502 352.692934054      -0.97      2.09     -0.55  0.         635.255       4860.313       7575.474    0.000  -0.138   0.380   0.
  2017 352 16 37 50 502 352.692945628      -1.22      1.93     -0.70  0.         633.921       4861.404       7575.487    0.000  -0.138   0.380   0.
  2017 352 16 37 51 502 352.692957202      -0.96      1.82     -0.55  0.         632.587       4862.494       7575.500    0.000  -0.138   0.380   0.
  2017 352 16 37 52 502 352.692968776      -0.76      1.58     -0.69  0.         631.253       4863.584       7575.512    0.000  -0.138   0.380   0.
  2017 352 16 37 53 502 352.692980350      -0.77      1.48     -0.95  0.         629.919       4864.674       7575.524    0.000  -0.138   0.380   0.
  2017 352 16 37 54 502 352.692991924      -0.84      1.45     -1.15  0.         628.585       4865.764       7575.536    0.000  -0.138   0.380   0.
  2017 352 16 37 55 502 352.693003498      -0.89      1.44     -1.06  0.         627.251       4866.853       7575.547    0.000  -0.138   0.380   0.
  2017 352 16 37 56 502 352.693015072      -0.46      1.32     -1.12  0.         625.918       4867.942       7575.557    0.000  -0.138   0.380   0.
  2017 352 16 37 57 502 352.693026646      -0.24      1.21     -1.28  0.         624.583       4869.030       7575.568    0.000  -0.138   0.380   0.
  2017 352 16 37 58 502 352.693038221      -0.15      1.18     -1.39  0.         623.249       4870.119       7575.577    0.000  -0.138   0.380   0.
  2017 352 16 37 59 502 352.693049795      -0.11      1.09     -1.45  0.         621.915       4871.207       7575.587    0.000  -0.138   0.380   0.
  2017 352 16 38  0 502 352.693061369       0.19      1.03     -1.49  0.         620.581       4872.295       7575.596    0.000  -0.138   0.380   0.
  2017 352 16 38  1 502 352.693072943       0.45      0.95     -1.52  0.         619.247       4873.382       7575.604    0.000  -0.138   0.380   0.
  2017 352 16 38  2 502 352.693084517       0.49      1.00     -1.74  0.         617.913       4874.470       7575.612    0.000  -0.138   0.380   0.
  2017 352 16 38  3 502 352.693096091       0.52      0.68     -1.80  0.         616.579       4875.557       7575.620    0.000  -0.138   0.380   0.
  2017 352 16 38  4 502 352.693107665       0.38      0.71     -1.75  0.         615.244       4876.643       7575.627    0.000  -0.138   0.380   0.
  2017 352 16 38  5 502 352.693119239       0.30      0.91     -1.91  0.         613.910       4877.730       7575.633    0.000  -0.138   0.380   0.
  2017 352 16 38  6 502 352.693130813       0.40      1.00     -1.89  0.         612.576       4878.816       7575.640    0.000  -0.138   0.380   0.
  2017 352 16 38  7 502 352.693142387       0.30      0.86     -1.89  0.         611.241       4879.902       7575.645    0.000  -0.138   0.380   0.
  2017 352 16 38  8 502 352.693153961       0.03      0.77     -1.77  0.         609.907       4880.987       7575.651    0.000  -0.138   0.380   0.
  2017 352 16 38  9 502 352.693165535      -0.07      1.00     -1.87  0.         608.572       4882.072       7575.656    0.000  -0.138   0.380   0.
  2017 352 16 38 10 502 352.693177107      -0.34      1.06     -1.89  0.         607.238       4883.157       7575.660    0.000  -0.138   0.380   0.
  2017 352 16 38 11 501 352.693188681      -0.33      0.97     -1.78  0.         605.904       4884.242       7575.664    0.000  -0.138   0.380   0.
  2017 352 16 38 12 501 352.693200255      -0.38      0.76     -1.94  0.         604.569       4885.326       7575.668    0.000  -0.138   0.380   0.
  2017 352 16 38 13 502 352.693211829      -0.70      0.56     -1.88  0.         603.234       4886.411       7575.671    0.000  -0.138   0.380   0.
  2017 352 16 38 14 502 352.693223403      -0.88      0.84     -1.72  0.         601.900       4887.494       7575.674    0.000  -0.138   0.380   0.
  2017 352 16 38 15 502 352.693234977      -0.90      0.89     -1.61  0.         600.565       4888.578       7575.676    0.000  -0.138   0.380   0.
  2017 352 16 38 16 502 352.693246551      -1.01      1.09     -1.49  0.         599.230       4889.661       7575.678    0.000  -0.138   0.380   0.
  2017 352 16 38 17 501 352.693258125      -1.20      1.14     -1.33  0.         597.896       4890.744       7575.679    0.000  -0.138   0.380   0.
  2017 352 16 38 18 501 352.693269699      -1.35      1.17     -1.28  0.         596.561       4891.827       7575.680    0.000  -0.138   0.380   0.
  2017 352 16 38 19 501 352.693281273      -1.39      1.26     -1.23  0.         595.226       4892.909       7575.681    0.000  -0.138   0.380   0.
  2017 352 16 38 20 501 352.693292847      -1.38      1.33     -1.01  0.         593.891       4893.992       7575.681    0.000  -0.138   0.380   0.
  2017 352 16 38 21 501 352.693304421      -1.74      1.70     -1.12  0.         592.556       4895.073       7575.680    0.000  -0.138   0.380   0.
  2017 352 16 38 22 502 352.693315995      -2.35      1.75     -0.58  0.         591.222       4896.155       7575.680    0.000  -0.138   0.380   0.
  2017 352 16 38 23 502 352.693327569      -2.40      1.33     -0.13  0.         589.887       4897.236       7575.678    0.000  -0.138   0.380   0.
  2017 352 16 38 24 501 352.693339144      -2.40      0.97     -0.19  0.         588.552       4898.317       7575.677    0.000  -0.138   0.380   0.
  2017 352 16 38 25 501 352.693350718      -2.54      1.07     -0.11  0.         587.217       4899.398       7575.675    0.000  -0.138   0.380   0.
  2017 352 16 38 26 502 352.693362292      -2.70      1.72      0.09  0.         585.882       4900.478       7575.672    0.000  -0.138   0.380   0.
  2017 352 16 38 27 502 352.693373866      -3.16      1.68      0.09  0.         584.547       4901.559       7575.669    0.000  -0.138   0.380   0.
  2017 352 16 38 28 502 352.693385440      -3.14      1.64      0.08  0.         583.212       4902.639       7575.666    0.000  -0.138   0.380   0.
  2017 352 16 38 29 502 352.693397014      -3.07      1.40     -0.02  0.         581.876       4903.718       7575.662    0.000  -0.138   0.380   0.
  2017 352 16 38 30 502 352.693408588      -2.97      1.46     -0.05  0.         580.541       4904.797       7575.657    0.000  -0.138   0.380   0.
  2017 352 16 38 31 501 352.693420162      -2.44      1.71     -0.24  0.         579.206       4905.876       7575.653    0.000  -0.138   0.380   0.
  2017 352 16 38 32 501 352.693431736      -2.39      1.73     -0.44  0.         577.871       4906.955       7575.648    0.000  -0.138   0.380   0.
  2017 352 16 38 33 501 352.693443310      -1.95      2.42     -0.31  0.         576.536       4908.034       7575.642    0.000  -0.138   0.380   0.
  2017 352 16 38 34 501 352.693454884      -1.03      2.48     -0.13  0.         575.200       4909.112       7575.636    0.000  -0.138   0.380   0.
  2017 352 16 38 35 501 352.693466458      -0.88      2.13     -0.21  0.         573.865       4910.190       7575.629    0.000  -0.138   0.380   0.
  2017 352 16 38 36 502 352.693478032      -0.80      2.10     -0.31  0.         572.530       4911.267       7575.622    0.000  -0.138   0.380   0.
  2017 352 16 38 37 502 352.693489606      -0.49      1.92     -0.42  0.         571.194       4912.345       7575.615    0.000  -0.138   0.380   0.
  2017 352 16 38 38 501 352.693501178      -0.45      1.74     -0.64  0.         569.859       4913.422       7575.607    0.000  -0.138   0.380   0.
  2017 352 16 38 39 501 352.693512752      -0.22      1.71     -0.65  0.         568.523       4914.499       7575.599    0.000  -0.138   0.380   0.
  2017 352 16 38 40 501 352.693524326       0.01      1.34     -0.89  0.         567.188       4915.575       7575.590    0.000  -0.138   0.379   0.
  2017 352 16 38 41 501 352.693535900      -0.22      0.89     -1.16  0.         565.852       4916.651       7575.581    0.000  -0.138   0.379   0.
  2017 352 16 38 42 501 352.693547474      -0.82      0.72     -1.08  0.         564.517       4917.727       7575.572    0.000  -0.138   0.380   0.
  2017 352 16 38 43 501 352.693559048      -1.36      1.02     -0.88  0.         563.181       4918.803       7575.562    0.000  -0.138   0.380   0.
  2017 352 16 38 44 501 352.693570622      -1.13      1.35     -0.60  0.         561.845       4919.878       7575.551    0.000  -0.138   0.380   0.
  2017 352 16 38 45 501 352.693582196      -0.77      1.49     -0.75  0.         560.510       4920.953       7575.540    0.000  -0.138   0.380   0.
  2017 352 16 38 46 501 352.693593770      -0.53      1.37     -0.79  0.         559.174       4922.028       7575.529    0.000  -0.138   0.380   0.
  2017 352 16 38 47 501 352.693605344      -0.56      1.48     -0.81  0.         557.838       4923.102       7575.517    0.000  -0.138   0.380   0.
  2017 352 16 38 48 501 352.693616918      -0.73      1.66     -0.70  0.         556.503       4924.177       7575.505    0.000  -0.138   0.380   0.
  2017 352 16 38 49 501 352.693628492      -0.34      1.64     -0.58  0.         555.167       4925.251       7575.492    0.000  -0.138   0.380   0.
  2017 352 16 38 50 501 352.693640067      -0.25      1.48     -0.82  0.         553.831       4926.324       7575.479    0.000  -0.138   0.380   0.
  2017 352 16 38 51 501 352.693651641      -0.39      1.27     -1.03  0.         552.495       4927.398       7575.466    0.000  -0.138   0.380   0.
  2017 352 16 38 52 501 352.693663215      -0.59      1.16     -1.14  0.         551.159       4928.471       7575.452    0.000  -0.138   0.380   0.
  2017 352 16 38 53 501 352.693674789      -0.82      1.02     -1.25  0.         549.823       4929.543       7575.437    0.000  -0.138   0.380   0.
  2017 352 16 38 54 501 352.693686363      -1.02      1.19     -1.13  0.         548.488       4930.616       7575.423    0.000  -0.138   0.380   0.
  2017 352 16 38 55 501 352.693697937      -0.74      1.22     -1.26  0.         547.151       4931.688       7575.407    0.000  -0.138   0.380   0.
  2017 352 16 38 56 501 352.693709511      -0.69      1.04     -1.09  0.         545.816       4932.760       7575.391    0.000  -0.138   0.380   0.
  2017 352 16 38 57 501 352.693721085      -0.53      1.15     -1.04  0.         544.479       4933.832       7575.376    0.000  -0.138   0.380   0.
  2017 352 16 38 58 501 352.693732659      -0.66      1.29     -0.95  0.         543.143       4934.903       7575.359    0.000  -0.138   0.380   0.
  2017 352 16 38 59 501 352.693744233      -0.59      1.43     -0.86  0.         541.807       4935.974       7575.342    0.000  -0.138   0.380   0.
  2017 352 16 39  0 501 352.693755807      -0.59      1.31     -0.91  0.         540.471       4937.045       7575.325    0.000  -0.138   0.380   0.
  2017 352 16 39  1 501 352.693767381      -0.39      1.24     -1.04  0.         539.135       4938.115       7575.307    0.000  -0.138   0.380   0.
  2017 352 16 39  2 501 352.693778955       0.02      1.26     -1.16  0.         537.799       4939.186       7575.288    0.000  -0.138   0.380   0.
  2017 352 16 39  3 501 352.693790530       0.02      0.84     -1.24  0.         536.462       4940.256       7575.270    0.000  -0.138   0.380   0.
  2017 352 16 39  4 501 352.693802104      -0.43      1.20     -1.12  0.         535.126       4941.325       7575.251    0.000  -0.138   0.380   0.
  2017 352 16 39  5 501 352.693813678      -0.59      1.37     -0.99  0.         533.790       4942.395       7575.231    0.000  -0.138   0.380   0.
  2017 352 16 39  6 501 352.693825252      -0.79      1.36     -0.96  0.         532.454       4943.464       7575.211    0.000  -0.138   0.380   0.
  2017 352 16 39  7 501 352.693836825      -0.91      1.46     -0.86  0.         531.117       4944.533       7575.190    0.000  -0.138   0.380   0.
  2017 352 16 39  8 501 352.693848397      -0.88      1.47     -0.66  0.         529.781       4945.601       7575.169    0.000  -0.138   0.380   0.
  2017 352 16 39  9 501 352.693859971      -0.57      1.60     -0.43  0.         528.444       4946.669       7575.148    0.000  -0.138   0.380   0.
  2017 352 16 39 10 501 352.693871545      -0.52      1.47     -0.44  0.         527.108       4947.737       7575.126    0.000  -0.138   0.380   0.
  2017 352 16 39 11 501 352.693883119      -0.35      1.58     -0.63  0.         525.772       4948.805       7575.104    0.000  -0.138   0.380   0.
  2017 352 16 39 12 501 352.693894693      -0.10      1.59     -0.65  0.         524.435       4949.872       7575.081    0.000  -0.138   0.380   0.
  2017 352 16 39 13 501 352.693906267       0.12      1.44     -0.71  0.         523.098       4950.940       7575.058    0.000  -0.138   0.380   0.
  2017 352 16 39 14 501 352.693917841       0.83      1.58     -1.14  0.         521.762       4952.006       7575.035    0.000  -0.138   0.380   0.
  2017 352 16 39 15 501 352.693929415       1.25      1.89     -1.58  0.         520.425       4953.073       7575.011    0.000  -0.138   0.380   0.
  2017 352 16 39 16 501 352.693940990       1.58      2.09     -2.05  0.         519.089       4954.139       7574.986    0.000  -0.138   0.380   0.
  2017 352 16 39 17 501 352.693952564       1.27      1.42     -2.04  0.         517.752       4955.205       7574.962    0.000  -0.138   0.380   0.
  2017 352 16 39 18 501 352.693964138       1.30      1.15     -2.03  0.         516.415       4956.271       7574.936    0.000  -0.138   0.380   0.
  2017 352 16 39 19 501 352.693975712       0.67      0.93     -1.62  0.         515.079       4957.336       7574.911    0.000  -0.138   0.380   0.
  2017 352 16 39 20 501 352.693987286       0.59      0.99     -1.32  0.         513.742       4958.401       7574.884    0.000  -0.138   0.380   0.
  2017 352 16 39 21 501 352.693998860       0.40      1.29     -1.19  0.         512.405       4959.466       7574.858    0.000  -0.138   0.380   0.
  2017 352 16 39 22 501 352.694010434       0.27      1.36     -1.18  0.         511.068       4960.531       7574.831    0.000  -0.138   0.380   0.
  2017 352 16 39 23 501 352.694022008       0.21      1.36     -1.26  0.         509.732       4961.595       7574.803    0.000  -0.138   0.380   0.
  2017 352 16 39 24 501 352.694033582       0.50      1.45     -1.38  0.         508.395       4962.659       7574.775    0.000  -0.138   0.380   0.
  2017 352 16 39 25 501 352.694045156       0.65      1.20     -1.58  0.         507.058       4963.723       7574.747    0.000  -0.138   0.380   0.
  2017 352 16 39 26 501 352.694056730       0.31      1.04     -1.55  0.         505.721       4964.786       7574.718    0.000  -0.138   0.380   0.
  2017 352 16 39 27 501 352.694068304       0.17      1.06     -1.59  0.         504.384       4965.849       7574.689    0.000  -0.138   0.380   0.
  2017 352 16 39 28 501 352.694079878       0.09      1.12     -1.76  0.         503.047       4966.912       7574.660    0.000  -0.138   0.380   0.
  2017 352 16 39 29 501 352.694091453      -0.07      1.17     -1.87  0.         501.710       4967.975       7574.629    0.000  -0.138   0.380   0.
  2017 352 16 39 30 501 352.694103027      -0.01      1.33     -1.65  0.         500.373       4969.037       7574.599    0.000  -0.138   0.380   0.
  2017 352 16 39 31 501 352.694114601       0.25      1.32     -1.42  0.         499.036       4970.099       7574.568    0.000  -0.138   0.380   0.
  2017 352 16 39 32 501 352.694126175       0.26      1.13     -1.25  0.         497.699       4971.161       7574.536    0.000  -0.138   0.380   0.
  2017 352 16 39 33 501 352.694137749       0.38      1.08     -1.17  0.         496.362       4972.222       7574.505    0.000  -0.138   0.380   0.
  2017 352 16 39 34 501 352.694149323       0.46      1.24     -0.89  0.         495.025       4973.283       7574.473    0.000  -0.138   0.380   0.
  2017 352 16 39 35 501 352.694160896       0.69      1.33     -0.87  0.         493.687       4974.344       7574.440    0.000  -0.138   0.380   0.
  2017 352 16 39 36 501 352.694172468       0.74      1.32     -1.10  0.         492.350       4975.405       7574.407    0.000  -0.138   0.380   0.
  2017 352 16 39 37 501 352.694184042       0.82      1.33     -1.00  0.         491.013       4976.465       7574.373    0.000  -0.138   0.380   0.
  2017 352 16 39 38 501 352.694195616       0.93      1.15     -1.20  0.         489.676       4977.525       7574.339    0.000  -0.138   0.380   0.
  2017 352 16 39 39 501 352.694207190       0.48      0.78     -1.35  0.         488.338       4978.585       7574.305    0.000  -0.138   0.380   0.
  2017 352 16 39 40 501 352.694218764      -0.16      0.99     -1.35  0.         487.001       4979.644       7574.270    0.000  -0.138   0.380   0.
  2017 352 16 39 41 501 352.694230339      -0.48      0.98     -1.01  0.         485.664       4980.703       7574.235    0.000  -0.138   0.380   0.
  2017 352 16 39 42 501 352.694241913      -0.38      0.97     -0.99  0.         484.326       4981.762       7574.199    0.000  -0.138   0.380   0.
  2017 352 16 39 43 501 352.694253487      -0.59      0.92     -1.01  0.         482.989       4982.821       7574.163    0.000  -0.138   0.380   0.
  2017 352 16 39 44 501 352.694265061      -0.78      0.97     -0.83  0.         481.652       4983.879       7574.127    0.000  -0.138   0.380   0.
  2017 352 16 39 45 501 352.694276635      -0.78      1.21     -0.76  0.         480.314       4984.937       7574.089    0.000  -0.138   0.380   0.
  2017 352 16 39 46 501 352.694288209      -0.69      1.24     -0.65  0.         478.977       4985.995       7574.052    0.000  -0.138   0.380   0.
  2017 352 16 39 47 501 352.694299783      -0.70      1.45     -0.51  0.         477.639       4987.052       7574.014    0.000  -0.138   0.380   0.
  2017 352 16 39 48 501 352.694311357      -0.51      1.60     -0.53  0.         476.302       4988.109       7573.976    0.000  -0.138   0.380   0.
  2017 352 16 39 49 501 352.694322931      -0.44      1.50     -0.64  0.         474.964       4989.166       7573.937    0.000  -0.138   0.380   0.
  2017 352 16 39 50 501 352.694334505      -0.76      1.46     -0.76  0.         473.627       4990.223       7573.898    0.000  -0.138   0.380   0.
  2017 352 16 39 51 501 352.694346079      -0.87      1.61     -0.53  0.         472.289       4991.279       7573.858    0.000  -0.138   0.380   0.
  2017 352 16 39 52 501 352.694357653      -0.70      1.83     -0.55  0.         470.951       4992.334       7573.818    0.000  -0.138   0.380   0.
  2017 352 16 39 53 501 352.694369227      -0.75      1.74     -0.52  0.         469.613       4993.391       7573.778    0.000  -0.138   0.380   0.
  2017 352 16 39 54 501 352.694380802      -0.67      1.84     -0.21  0.         468.276       4994.446       7573.737    0.000  -0.138   0.380   0.
  2017 352 16 39 55 501 352.694392376      -0.34      1.97     -0.04  0.         466.938       4995.501       7573.696    0.000  -0.138   0.380   0.
  2017 352 16 39 56 501 352.694403950      -0.17      1.83     -0.13  0.         465.600       4996.556       7573.654    0.000  -0.138   0.380   0.
  2017 352 16 39 57 501 352.694415524      -0.19      1.77     -0.40  0.         464.263       4997.611       7573.612    0.000  -0.138   0.380   0.
  2017 352 16 39 58 501 352.694427098      -0.21      1.54     -0.52  0.         462.925       4998.665       7573.569    0.000  -0.138   0.380   0.
  2017 352 16 39 59 501 352.694438672      -0.50      1.40     -0.64  0.         461.587       4999.719       7573.526    0.000  -0.138   0.380   0.
  2017 352 16 40  0 501 352.694450246      -0.72      1.30     -0.66  0.         460.249       5000.773       7573.483    0.000  -0.138   0.380   0.
  2017 352 16 40  1 501 352.694461820      -0.85      1.28     -0.53  0.         458.911       5001.826       7573.439    0.000  -0.138   0.380   0.
  2017 352 16 40  2 501 352.694473394      -0.81      1.32     -0.49  0.         457.573       5002.879       7573.394    0.000  -0.138   0.380   0.
  2017 352 16 40  3 500 352.694484967      -0.84      1.36     -0.57  0.         456.235       5003.932       7573.349    0.000  -0.138   0.380   0.
  2017 352 16 40  4 501 352.694496539      -0.84      1.37     -0.60  0.         454.897       5004.985       7573.304    0.000  -0.138   0.380   0.
  2017 352 16 40  5 501 352.694508113      -0.56      1.39     -0.73  0.         453.559       5006.037       7573.259    0.000  -0.138   0.380   0.
  2017 352 16 40  6 501 352.694519687      -0.38      1.39     -0.87  0.         452.221       5007.089       7573.212    0.000  -0.138   0.380   0.
  2017 352 16 40  7 500 352.694531262      -0.53      1.36     -0.97  0.         450.883       5008.141       7573.166    0.000  -0.138   0.380   0.
  2017 352 16 40  8 501 352.694542836      -0.70      1.20     -0.92  0.         449.545       5009.192       7573.119    0.000  -0.138   0.380   0.
  2017 352 16 40  9 501 352.694554410      -0.93      1.24     -0.75  0.         448.207       5010.244       7573.072    0.000  -0.138   0.380   0.
  2017 352 16 40 10 501 352.694565984      -0.89      1.15     -0.58  0.         446.869       5011.294       7573.024    0.000  -0.138   0.380   0.
  2017 352 16 40 11 501 352.694577558      -0.76      1.18     -0.62  0.         445.531       5012.345       7572.976    0.000  -0.138   0.380   0.
  2017 352 16 40 12 501 352.694589132      -0.45      1.20     -0.79  0.         444.193       5013.395       7572.927    0.000  -0.138   0.380   0.
  2017 352 16 40 13 500 352.694600706      -0.44      1.20     -1.05  0.         442.855       5014.445       7572.878    0.000  -0.138   0.380   0.
  2017 352 16 40 14 500 352.694612280      -0.56      1.23     -1.19  0.         441.516       5015.495       7572.828    0.000  -0.138   0.380   0.
  2017 352 16 40 15 500 352.694623854      -0.60      1.13     -1.23  0.         440.178       5016.545       7572.778    0.000  -0.138   0.380   0.
  2017 352 16 40 16 500 352.694635428      -0.77      1.15     -1.21  0.         438.840       5017.594       7572.728    0.000  -0.138   0.380   0.
  2017 352 16 40 17 500 352.694647002      -0.71      1.13     -1.16  0.         437.502       5018.643       7572.677    0.000  -0.138   0.380   0.
  2017 352 16 40 18 501 352.694658576      -0.76      1.28     -1.33  0.         436.163       5019.691       7572.626    0.000  -0.138   0.380   0.
  2017 352 16 40 19 501 352.694670150      -0.79      1.34     -1.39  0.         434.825       5020.740       7572.574    0.000  -0.138   0.380   0.
  2017 352 16 40 20 500 352.694681725      -0.69      1.12     -1.11  0.         433.487       5021.788       7572.522    0.000  -0.138   0.380   0.
  2017 352 16 40 21 500 352.694693299      -0.52      1.15     -0.96  0.         432.148       5022.835       7572.469    0.000  -0.138   0.380   0.
  2017 352 16 40 22 501 352.694704873      -0.61      1.01     -0.80  0.         430.810       5023.883       7572.417    0.000  -0.138   0.380   0.
  2017 352 16 40 23 501 352.694716447      -0.49      1.16     -0.78  0.         429.471       5024.930       7572.363    0.000  -0.138   0.380   0.
  2017 352 16 40 24 501 352.694728021      -0.58      1.37     -0.79  0.         428.133       5025.977       7572.309    0.000  -0.138   0.380   0.
  2017 352 16 40 25 501 352.694739595      -0.83      1.46     -0.57  0.         426.794       5027.023       7572.255    0.000  -0.138   0.380   0.
  2017 352 16 40 26 501 352.694751169      -0.64      1.52     -0.43  0.         425.456       5028.070       7572.200    0.000  -0.138   0.380   0.
  2017 352 16 40 27 500 352.694762743      -0.69      1.62     -0.42  0.         424.117       5029.116       7572.145    0.000  -0.138   0.380   0.
  2017 352 16 40 28 500 352.694774317      -0.78      1.51     -0.44  0.         422.779       5030.162       7572.089    0.000  -0.138   0.380   0.
  2017 352 16 40 29 500 352.694785891      -0.81      1.48     -0.40  0.         421.440       5031.207       7572.034    0.000  -0.138   0.380   0.
  2017 352 16 40 30 500 352.694797465      -0.93      1.47     -0.36  0.         420.102       5032.252       7571.977    0.000  -0.138   0.380   0.
  2017 352 16 40 31 501 352.694809039      -0.97      1.38     -0.36  0.         418.763       5033.297       7571.920    0.000  -0.138   0.380   0.
  2017 352 16 40 32 501 352.694820613      -0.90      1.30     -0.41  0.         417.424       5034.342       7571.863    0.000  -0.138   0.380   0.
  2017 352 16 40 33 500 352.694832187      -0.82      1.41     -0.40  0.         416.086       5035.386       7571.805    0.000  -0.138   0.380   0.
  2017 352 16 40 34 500 352.694843759      -0.79      1.38     -0.30  0.         414.747       5036.430       7571.747    0.000  -0.138   0.380   0.
  2017 352 16 40 35 500 352.694855333      -0.70      1.38     -0.40  0.         413.408       5037.474       7571.688    0.000  -0.138   0.380   0.
  2017 352 16 40 36 500 352.694866907      -0.66      1.29     -0.46  0.         412.069       5038.517       7571.629    0.000  -0.138   0.380   0.
  2017 352 16 40 37 500 352.694878481      -0.56      1.39     -0.39  0.         410.731       5039.560       7571.570    0.000  -0.138   0.380   0.
  2017 352 16 40 38 500 352.694890055      -0.42      1.52     -0.50  0.         409.392       5040.603       7571.510    0.000  -0.138   0.380   0.
  2017 352 16 40 39 500 352.694901629      -0.17      1.49     -0.55  0.         408.053       5041.646       7571.450    0.000  -0.138   0.380   0.
  2017 352 16 40 40 500 352.694913203      -0.16      1.58     -0.89  0.         406.714       5042.688       7571.389    0.000  -0.138   0.380   0.
  2017 352 16 40 41 500 352.694924777      -0.55      1.32     -0.92  0.         405.375       5043.730       7571.328    0.000  -0.138   0.380   0.
  2017 352 16 40 42 500 352.694936351      -0.87      1.37     -0.89  0.         404.037       5044.772       7571.266    0.000  -0.138   0.380   0.
  2017 352 16 40 43 500 352.694947925      -1.08      1.45     -0.83  0.         402.698       5045.814       7571.204    0.000  -0.138   0.380   0.
  2017 352 16 40 44 500 352.694959499      -1.16      1.44     -0.67  0.         401.359       5046.855       7571.142    0.000  -0.138   0.380   0.
  2017 352 16 40 45 500 352.694971073      -1.19      1.46     -0.69  0.         400.020       5047.896       7571.079    0.000  -0.138   0.380   0.
  2017 352 16 40 46 500 352.694982648      -1.39      1.64     -0.61  0.         398.681       5048.936       7571.016    0.000  -0.138   0.380   0.
  2017 352 16 40 47 500 352.694994222      -1.35      1.71     -0.53  0.         397.342       5049.977       7570.952    0.000  -0.138   0.380   0.
  2017 352 16 40 48 500 352.695005796      -1.47      1.44     -0.44  0.         396.003       5051.017       7570.888    0.000  -0.138   0.380   0.
  2017 352 16 40 49 500 352.695017370      -1.38      1.40     -0.30  0.         394.664       5052.056       7570.823    0.000  -0.138   0.380   0.
  2017 352 16 40 50 500 352.695028944      -1.28      1.50     -0.23  0.         393.325       5053.096       7570.758    0.000  -0.138   0.380   0.
  2017 352 16 40 51 500 352.695040518      -1.23      1.56     -0.08  0.         391.986       5054.135       7570.693    0.000  -0.138   0.380   0.
  2017 352 16 40 52 500 352.695052092      -0.99      1.76      0.00  0.         390.646       5055.174       7570.627    0.000  -0.138   0.380   0.
  2017 352 16 40 53 500 352.695063666      -0.95      1.78      0.00  0.         389.307       5056.212       7570.561    0.000  -0.138   0.380   0.
  2017 352 16 40 54 500 352.695075240      -0.92      1.70     -0.03  0.         387.968       5057.251       7570.494    0.000  -0.138   0.380   0.
  2017 352 16 40 55 500 352.695086814      -0.71      1.67     -0.19  0.         386.629       5058.289       7570.427    0.000  -0.138   0.380   0.
  2017 352 16 40 56 500 352.695098388      -0.59      1.67     -0.45  0.         385.290       5059.327       7570.359    0.000  -0.138   0.380   0.
  2017 352 16 40 57 500 352.695109962      -0.80      1.65     -0.53  0.         383.951       5060.364       7570.291    0.000  -0.138   0.380   0.
  2017 352 16 40 58 500 352.695121536      -0.80      1.58     -0.41  0.         382.611       5061.401       7570.223    0.000  -0.138   0.380   0.
  2017 352 16 40 59 500 352.695133111      -0.73      1.55     -0.40  0.         381.272       5062.438       7570.154    0.000  -0.138   0.380   0.
  2017 352 16 41  0 500 352.695144685      -0.69      1.62     -0.43  0.         379.933       5063.475       7570.085    0.000  -0.138   0.380   0.
  2017 352 16 41  1 500 352.695156258      -0.79      1.50     -0.69  0.         378.593       5064.511       7570.015    0.000  -0.138   0.380   0.
  2017 352 16 41  2 500 352.695167830      -0.96      1.38     -0.95  0.         377.254       5065.547       7569.945    0.000  -0.138   0.380   0.
  2017 352 16 41  3 500 352.695179404      -1.09      1.60     -0.93  0.         375.915       5066.583       7569.874    0.000  -0.138   0.380   0.
  2017 352 16 41  4 500 352.695190978      -0.95      1.56     -0.39  0.         374.575       5067.618       7569.803    0.000  -0.138   0.380   0.
  2017 352 16 41  5 500 352.695202552      -0.69      1.53     -0.00  0.         373.236       5068.654       7569.732    0.000  -0.138   0.380   0.
  2017 352 16 41  6 500 352.695214126      -0.86      1.43     -0.24  0.         371.897       5069.689       7569.660    0.000  -0.138   0.380   0.
  2017 352 16 41  7 500 352.695225700      -1.05      1.40     -0.36  0.         370.557       5070.723       7569.588    0.000  -0.138   0.380   0.
  2017 352 16 41  8 500 352.695237274      -1.06      1.42     -0.54  0.         369.218       5071.757       7569.515    0.000  -0.138   0.380   0.
  2017 352 16 41  9 500 352.695248848      -1.12      1.42     -0.74  0.         367.878       5072.791       7569.442    0.000  -0.138   0.380   0.
  2017 352 16 41 10 500 352.695260423      -0.97      1.32     -0.61  0.         366.539       5073.825       7569.368    0.000  -0.138   0.380   0.
  2017 352 16 41 11 500 352.695271996      -0.74      1.26     -0.59  0.         365.199       5074.859       7569.294    0.000  -0.138   0.380   0.
  2017 352 16 41 12 500 352.695283571      -0.77      1.38     -0.69  0.         363.860       5075.892       7569.220    0.000  -0.138   0.380   0.
  2017 352 16 41 13 500 352.695295145      -0.77      1.33     -0.61  0.         362.520       5076.925       7569.145    0.000  -0.138   0.380   0.
  2017 352 16 41 14 500 352.695306719      -0.78      1.39     -0.66  0.         361.181       5077.957       7569.069    0.000  -0.138   0.380   0.
  2017 352 16 41 15 500 352.695318293      -1.03      1.31     -0.69  0.         359.841       5078.990       7568.994    0.000  -0.138   0.380   0.
  2017 352 16 41 16 500 352.695329867      -1.18      1.33     -0.68  0.         358.501       5080.022       7568.918    0.000  -0.138   0.380   0.
  2017 352 16 41 17 500 352.695341441      -1.16      1.37     -0.47  0.         357.162       5081.053       7568.841    0.000  -0.138   0.380   0.
  2017 352 16 41 18 500 352.695353015      -1.19      1.42     -0.42  0.         355.822       5082.085       7568.764    0.000  -0.138   0.380   0.
  2017 352 16 41 19 500 352.695364589      -1.11      1.43     -0.28  0.         354.482       5083.116       7568.687    0.000  -0.138   0.380   0.
  2017 352 16 41 20 500 352.695376163      -0.91      1.36     -0.31  0.         353.143       5084.147       7568.609    0.000  -0.138   0.380   0.
  2017 352 16 41 21 500 352.695387737      -0.97      1.45     -0.55  0.         351.803       5085.177       7568.531    0.000  -0.138   0.380   0.
  2017 352 16 41 22 500 352.695399311      -1.05      1.39     -0.60  0.         350.463       5086.208       7568.452    0.000  -0.138   0.380   0.
  2017 352 16 41 23 500 352.695410885      -1.00      1.51     -0.48  0.         349.123       5087.238       7568.373    0.000  -0.138   0.380   0.
  2017 352 16 41 24 500 352.695422459      -0.97      1.47     -0.65  0.         347.784       5088.268       7568.293    0.000  -0.138   0.380   0.
  2017 352 16 41 25 500 352.695434034      -0.82      1.51     -0.47  0.         346.444       5089.297       7568.213    0.000  -0.138   0.380   0.
  2017 352 16 41 26 500 352.695445608      -0.79      1.51     -0.71  0.         345.104       5090.326       7568.133    0.000  -0.138   0.380   0.
  2017 352 16 41 27 500 352.695457182      -0.82      1.51     -0.91  0.         343.764       5091.355       7568.052    0.000  -0.138   0.380   0.
  2017 352 16 41 28 500 352.695468756      -0.85      1.53     -0.88  0.         342.424       5092.384       7567.971    0.000  -0.138   0.380   0.
  2017 352 16 41 29 500 352.695480330      -0.91      1.47     -0.78  0.         341.085       5093.412       7567.889    0.000  -0.138   0.380   0.
  2017 352 16 41 30 500 352.695491904      -0.86      1.44     -0.67  0.         339.745       5094.440       7567.807    0.000  -0.138   0.380   0.
  2017 352 16 41 31 500 352.695503477      -0.87      1.48     -0.69  0.         338.405       5095.468       7567.724    0.000  -0.138   0.380   0.
  2017 352 16 41 32 500 352.695515049      -0.96      1.46     -0.71  0.         337.065       5096.495       7567.641    0.000  -0.138   0.380   0.
  2017 352 16 41 33 500 352.695526623      -1.10      1.51     -0.76  0.         335.725       5097.522       7567.558    0.000  -0.138   0.380   0.
  2017 352 16 41 34 500 352.695538197      -1.14      1.54     -0.53  0.         334.385       5098.549       7567.474    0.000  -0.138   0.380   0.
  2017 352 16 41 35 500 352.695549771      -1.26      1.56     -0.43  0.         333.045       5099.576       7567.390    0.000  -0.138   0.380   0.
  2017 352 16 41 36 500 352.695561346      -1.20      1.58     -0.26  0.         331.705       5100.602       7567.305    0.000  -0.138   0.380   0.
  2017 352 16 41 37 500 352.695572920      -1.20      1.62     -0.10  0.         330.365       5101.628       7567.220    0.000  -0.138   0.380   0.
  2017 352 16 41 38 500 352.695584494      -1.17      1.78      0.27  0.         329.025       5102.654       7567.135    0.000  -0.138   0.380   0.
  2017 352 16 41 39 500 352.695596068      -1.16      1.55      0.29  0.         327.685       5103.679       7567.049    0.000  -0.138   0.380   0.
  2017 352 16 41 40 500 352.695607642      -1.01      1.53      0.23  0.         326.345       5104.705       7566.962    0.000  -0.138   0.380   0.
  2017 352 16 41 41 500 352.695619216      -0.83      1.57      0.15  0.         325.005       5105.729       7566.876    0.000  -0.138   0.380   0.
  2017 352 16 41 42 500 352.695630790      -0.73      1.57      0.05  0.         323.665       5106.754       7566.788    0.000  -0.138   0.380   0.
  2017 352 16 41 43 500 352.695642364      -0.56      1.66     -0.08  0.         322.324       5107.778       7566.701    0.000  -0.138   0.380   0.
  2017 352 16 41 44 500 352.695653938      -0.58      1.60     -0.20  0.         320.984       5108.802       7566.613    0.000  -0.138   0.380   0.
  2017 352 16 41 45 500 352.695665512      -0.69      1.57     -0.38  0.         319.644       5109.826       7566.524    0.000  -0.138   0.380   0.
  2017 352 16 41 46 500 352.695677086      -0.69      1.45     -0.44  0.         318.304       5110.850       7566.435    0.000  -0.138   0.380   0.
  2017 352 16 41 47 500 352.695688660      -0.39      1.34     -0.44  0.         316.964       5111.873       7566.346    0.000  -0.138   0.380   0.
  2017 352 16 41 48 500 352.695700234      -0.46      1.37     -0.52  0.         315.623       5112.896       7566.256    0.000  -0.138   0.380   0.
  2017 352 16 41 49 500 352.695711808      -0.62      1.26     -0.52  0.         314.283       5113.918       7566.166    0.000  -0.138   0.380   0.
  2017 352 16 41 50 500 352.695723383      -0.71      1.47     -0.57  0.         312.943       5114.941       7566.075    0.000  -0.138   0.380   0.
  2017 352 16 41 51 500 352.695734957      -0.65      1.56     -0.46  0.         311.603       5115.962       7565.984    0.000  -0.138   0.380   0.
  2017 352 16 41 52 500 352.695746531      -0.59      1.43     -0.66  0.         310.262       5116.984       7565.893    0.000  -0.138   0.380   0.
  2017 352 16 41 53 500 352.695758105      -0.89      1.33     -0.81  0.         308.922       5118.006       7565.801    0.000  -0.138   0.380   0.
  2017 352 16 41 54 500 352.695769679      -1.07      1.31     -0.79  0.         307.582       5119.027       7565.709    0.000  -0.138   0.380   0.
  2017 352 16 41 55 500 352.695781253      -1.14      1.39     -0.67  0.         306.241       5120.048       7565.616    0.000  -0.138   0.380   0.
  2017 352 16 41 56 500 352.695792827      -0.81      1.43     -0.31  0.         304.901       5121.068       7565.523    0.000  -0.138   0.380   0.
  2017 352 16 41 57 500 352.695804401      -0.80      1.35     -0.39  0.         303.561       5122.089       7565.429    0.000  -0.138   0.380   0.
  2017 352 16 41 58 500 352.695815975      -0.98      1.36     -0.73  0.         302.220       5123.109       7565.335    0.000  -0.138   0.380   0.
  2017 352 16 41 59 499 352.695827548      -1.04      1.41     -0.60  0.         300.880       5124.128       7565.241    0.000  -0.138   0.380   0.
  2017 352 16 42  0 500 352.695839120      -0.91      1.42     -0.60  0.         299.539       5125.148       7565.146    0.000  -0.138   0.380   0.
  2017 352 16 42  1 500 352.695850694      -0.94      1.33     -0.62  0.         298.199       5126.167       7565.050    0.000  -0.138   0.380   0.
  2017 352 16 42  2 499 352.695862268      -1.00      1.29     -0.69  0.         296.858       5127.186       7564.954    0.000  -0.138   0.380   0.
  2017 352 16 42  3 499 352.695873843      -1.01      1.24     -0.83  0.         295.518       5128.204       7564.859    0.000  -0.138   0.380   0.
  2017 352 16 42  4 500 352.695885417      -1.36      1.21     -0.99  0.         294.178       5129.223       7564.762    0.000  -0.138   0.380   0.
  2017 352 16 42  5 500 352.695896991      -1.47      1.33     -0.88  0.         292.837       5130.241       7564.665    0.000  -0.138   0.380   0.
  2017 352 16 42  6 500 352.695908565      -1.63      1.34     -0.81  0.         291.496       5131.258       7564.568    0.000  -0.138   0.380   0.
  2017 352 16 42  7 500 352.695920139      -1.70      1.37     -0.90  0.         290.156       5132.276       7564.470    0.000  -0.138   0.380   0.
  2017 352 16 42  8 500 352.695931713      -1.76      1.24     -0.75  0.         288.815       5133.293       7564.372    0.000  -0.138   0.380   0.
  2017 352 16 42  9 499 352.695943287      -1.75      1.39     -0.34  0.         287.475       5134.310       7564.273    0.000  -0.138   0.380   0.
  2017 352 16 42 10 499 352.695954861      -1.59      1.42     -0.23  0.         286.134       5135.326       7564.174    0.000  -0.138   0.380   0.
  2017 352 16 42 11 499 352.695966435      -1.49      1.27     -0.11  0.         284.794       5136.343       7564.075    0.000  -0.138   0.380   0.
  2017 352 16 42 12 499 352.695978009      -1.45      1.55     -0.07  0.         283.453       5137.358       7563.975    0.000  -0.138   0.380   0.
  2017 352 16 42 13 499 352.695989583      -1.80      1.39      0.13  0.         282.112       5138.374       7563.874    0.000  -0.138   0.380   0.
  2017 352 16 42 14 500 352.696001157      -1.45      1.27      0.46  0.         280.772       5139.390       7563.773    0.000  -0.138   0.380   0.
  2017 352 16 42 15 500 352.696012731      -1.04      1.61      0.26  0.         279.431       5140.405       7563.672    0.000  -0.138   0.380   0.
  2017 352 16 42 16 499 352.696024306      -1.05      1.86      0.18  0.         278.090       5141.420       7563.571    0.000  -0.138   0.380   0.
  2017 352 16 42 17 499 352.696035880      -0.90      1.86     -0.13  0.         276.750       5142.434       7563.469    0.000  -0.138   0.380   0.
  2017 352 16 42 18 500 352.696047454      -0.75      1.81     -0.16  0.         275.409       5143.448       7563.366    0.000  -0.138   0.380   0.
  2017 352 16 42 19 500 352.696059028      -0.67      1.77     -0.08  0.         274.068       5144.462       7563.263    0.000  -0.138   0.380   0.
  2017 352 16 42 20 500 352.696070602      -0.58      1.58     -0.15  0.         272.727       5145.476       7563.160    0.000  -0.138   0.380   0.
  2017 352 16 42 21 500 352.696082176      -0.83      1.60     -0.32  0.         271.387       5146.490       7563.056    0.000  -0.138   0.380   0.
  2017 352 16 42 22 499 352.696093750      -0.97      1.52     -0.17  0.         270.046       5147.503       7562.952    0.000  -0.138   0.380   0.
  2017 352 16 42 23 499 352.696105324      -0.96      1.46     -0.06  0.         268.705       5148.515       7562.847    0.000  -0.138   0.380   0.
  2017 352 16 42 24 499 352.696116898      -1.02      1.47     -0.21  0.         267.364       5149.528       7562.742    0.000  -0.138   0.380   0.
  2017 352 16 42 25 499 352.696128472      -1.09      1.41     -0.20  0.         266.023       5150.540       7562.637    0.000  -0.138   0.380   0.
  2017 352 16 42 26 499 352.696140046      -1.27      1.55     -0.21  0.         264.683       5151.552       7562.531    0.000  -0.138   0.380   0.
  2017 352 16 42 27 500 352.696151620      -1.45      1.61     -0.11  0.         263.342       5152.564       7562.425    0.000  -0.138   0.380   0.
  2017 352 16 42 28 500 352.696163194      -1.47      1.38      0.08  0.         262.001       5153.575       7562.318    0.000  -0.138   0.380   0.
  2017 352 16 42 29 499 352.696174768      -1.45      1.58     -0.06  0.         260.660       5154.586       7562.211    0.000  -0.138   0.380   0.
  2017 352 16 42 30 499 352.696186343      -1.33      1.69      0.26  0.         259.319       5155.597       7562.103    0.000  -0.138   0.380   0.
  2017 352 16 42 31 500 352.696197916      -1.04      1.61      0.34  0.         257.978       5156.608       7561.995    0.000  -0.138   0.380   0.
  2017 352 16 42 32 499 352.696209488      -0.83      1.55      0.24  0.         256.637       5157.618       7561.887    0.000  -0.138   0.380   0.
  2017 352 16 42 33 499 352.696221062      -0.77      1.61      0.16  0.         255.296       5158.628       7561.778    0.000  -0.138   0.380   0.
  2017 352 16 42 34 499 352.696232636      -0.82      1.59      0.00  0.         253.955       5159.638       7561.669    0.000  -0.138   0.380   0.
  2017 352 16 42 35 499 352.696244210      -0.82      1.41     -0.06  0.         252.614       5160.647       7561.559    0.000  -0.138   0.380   0.
  2017 352 16 42 36 499 352.696255784      -0.97      1.35     -0.20  0.         251.273       5161.656       7561.449    0.000  -0.138   0.380   0.
  2017 352 16 42 37 499 352.696267358      -1.10      1.24     -0.35  0.         249.932       5162.665       7561.339    0.000  -0.138   0.380   0.
  2017 352 16 42 38 499 352.696278932      -1.18      1.35     -0.37  0.         248.591       5163.673       7561.228    0.000  -0.138   0.380   0.
  2017 352 16 42 39 499 352.696290506      -1.06      1.63     -0.28  0.         247.250       5164.682       7561.117    0.000  -0.138   0.380   0.
  2017 352 16 42 40 499 352.696302080      -0.84      1.67     -0.21  0.         245.909       5165.690       7561.005    0.000  -0.138   0.380   0.
  2017 352 16 42 41 499 352.696313655      -0.86      1.65     -0.32  0.         244.568       5166.697       7560.892    0.000  -0.138   0.380   0.
  2017 352 16 42 42 499 352.696325229      -0.88      1.48     -0.47  0.         243.227       5167.705       7560.780    0.000  -0.138   0.380   0.
  2017 352 16 42 43 499 352.696336803      -0.83      1.45     -0.53  0.         241.886       5168.712       7560.667    0.000  -0.138   0.380   0.
  2017 352 16 42 44 499 352.696348377      -0.63      1.38     -0.53  0.         240.545       5169.719       7560.554    0.000  -0.138   0.380   0.
  2017 352 16 42 45 499 352.696359951      -0.64      1.43     -0.52  0.         239.204       5170.725       7560.440    0.000  -0.138   0.380   0.
  2017 352 16 42 46 499 352.696371525      -0.48      1.50     -0.72  0.         237.863       5171.731       7560.325    0.000  -0.138   0.380   0.
  2017 352 16 42 47 499 352.696383099      -0.20      1.46     -0.90  0.         236.522       5172.737       7560.211    0.000  -0.138   0.380   0.
  2017 352 16 42 48 499 352.696394673      -0.17      1.37     -0.96  0.         235.181       5173.743       7560.096    0.000  -0.138   0.380   0.
  2017 352 16 42 49 499 352.696406247      -0.25      1.25     -0.95  0.         233.839       5174.748       7559.980    0.000  -0.138   0.380   0.
  2017 352 16 42 50 499 352.696417821      -0.33      1.26     -1.02  0.         232.498       5175.753       7559.864    0.000  -0.138   0.380   0.
  2017 352 16 42 51 499 352.696429395      -0.40      1.35     -0.93  0.         231.157       5176.758       7559.748    0.000  -0.138   0.380   0.
  2017 352 16 42 52 499 352.696440969      -0.67      1.26     -0.77  0.         229.816       5177.763       7559.631    0.000  -0.138   0.380   0.
  2017 352 16 42 53 499 352.696452543      -0.69      1.17     -0.58  0.         228.475       5178.767       7559.513    0.000  -0.138   0.380   0.
  2017 352 16 42 54 499 352.696464117      -0.65      1.14     -0.69  0.         227.133       5179.771       7559.396    0.000  -0.138   0.380   0.
  2017 352 16 42 55 499 352.696475692      -0.96      1.26     -0.79  0.         225.792       5180.774       7559.278    0.000  -0.138   0.380   0.
  2017 352 16 42 56 499 352.696487266      -1.14      1.32     -0.62  0.         224.451       5181.778       7559.159    0.000  -0.138   0.380   0.
  2017 352 16 42 57 499 352.696498840      -1.05      1.28     -0.60  0.         223.110       5182.781       7559.040    0.000  -0.138   0.380   0.
  2017 352 16 42 58 499 352.696510414      -1.07      1.37     -0.67  0.         221.768       5183.784       7558.921    0.000  -0.138   0.380   0.
  2017 352 16 42 59 499 352.696521987      -0.95      1.35     -0.53  0.         220.427       5184.786       7558.801    0.000  -0.138   0.380   0.
  2017 352 16 43  0 499 352.696533559      -0.74      1.45     -0.58  0.         219.086       5185.788       7558.681    0.000  -0.138   0.380   0.
  2017 352 16 43  1 499 352.696545133      -0.57      1.39     -0.63  0.         217.745       5186.790       7558.561    0.000  -0.138   0.380   0.
  2017 352 16 43  2 499 352.696556707      -0.78      1.54     -0.88  0.         216.403       5187.792       7558.440    0.000  -0.138   0.380   0.
  2017 352 16 43  3 499 352.696568281      -1.03      1.54     -0.84  0.         215.062       5188.793       7558.318    0.000  -0.138   0.380   0.
  2017 352 16 43  4 499 352.696579855      -1.14      1.60     -0.77  0.         213.720       5189.794       7558.196    0.000  -0.138   0.380   0.
  2017 352 16 43  5 499 352.696591429      -1.36      1.63     -0.63  0.         212.379       5190.795       7558.074    0.000  -0.138   0.380   0.
  2017 352 16 43  6 499 352.696603004      -1.30      1.56     -0.41  0.         211.038       5191.795       7557.951    0.000  -0.138   0.380   0.
  2017 352 16 43  7 499 352.696614578      -1.32      1.63     -0.13  0.         209.696       5192.796       7557.828    0.000  -0.138   0.380   0.
  2017 352 16 43  8 499 352.696626152      -1.28      1.60     -0.18  0.         208.355       5193.796       7557.705    0.000  -0.138   0.380   0.
  2017 352 16 43  9 499 352.696637726      -1.02      1.52     -0.17  0.         207.014       5194.795       7557.581    0.000  -0.138   0.380   0.
  2017 352 16 43 10 499 352.696649300      -0.98      1.63     -0.18  0.         205.672       5195.794       7557.456    0.000  -0.138   0.380   0.
  2017 352 16 43 11 499 352.696660874      -0.95      1.60     -0.24  0.         204.331       5196.794       7557.332    0.000  -0.138   0.380   0.
  2017 352 16 43 12 499 352.696672448      -0.79      1.49     -0.41  0.         202.989       5197.792       7557.206    0.000  -0.138   0.380   0.
  2017 352 16 43 13 499 352.696684022      -0.90      1.60     -0.52  0.         201.648       5198.791       7557.081    0.000  -0.138   0.380   0.
  2017 352 16 43 14 499 352.696695596      -1.03      1.62     -0.53  0.         200.306       5199.789       7556.955    0.000  -0.138   0.380   0.
  2017 352 16 43 15 499 352.696707170      -1.16      1.55     -0.40  0.         198.965       5200.787       7556.828    0.000  -0.138   0.380   0.
  2017 352 16 43 16 499 352.696718744      -1.15      1.46     -0.34  0.         197.623       5201.784       7556.701    0.000  -0.138   0.380   0.
  2017 352 16 43 17 499 352.696730318      -1.25      1.51     -0.49  0.         196.282       5202.782       7556.574    0.000  -0.138   0.380   0.
  2017 352 16 43 18 499 352.696741892      -1.48      1.51     -0.44  0.         194.940       5203.779       7556.446    0.000  -0.138   0.380   0.
  2017 352 16 43 19 499 352.696753466      -1.43      1.53     -0.17  0.         193.599       5204.775       7556.318    0.000  -0.138   0.380   0.
  2017 352 16 43 20 499 352.696765041      -1.09      1.63     -0.24  0.         192.257       5205.772       7556.190    0.000  -0.138   0.380   0.
  2017 352 16 43 21 499 352.696776615      -0.93      1.61     -0.17  0.         190.916       5206.768       7556.061    0.000  -0.138   0.380   0.
  2017 352 16 43 22 499 352.696788189      -0.82      1.73     -0.34  0.         189.574       5207.764       7555.931    0.000  -0.138   0.380   0.
  2017 352 16 43 23 499 352.696799763      -1.11      1.58     -0.44  0.         188.233       5208.760       7555.802    0.000  -0.138   0.380   0.
  2017 352 16 43 24 499 352.696811337      -1.22      1.58     -0.15  0.         186.891       5209.755       7555.671    0.000  -0.138   0.380   0.
  2017 352 16 43 25 499 352.696822911      -1.43      1.57     -0.41  0.         185.550       5210.750       7555.541    0.000  -0.138   0.380   0.
  2017 352 16 43 26 499 352.696834485      -1.35      1.38     -0.55  0.         184.208       5211.745       7555.410    0.000  -0.138   0.380   0.
  2017 352 16 43 27 499 352.696846059      -1.00      1.47     -0.65  0.         182.866       5212.739       7555.278    0.000  -0.138   0.380   0.
  2017 352 16 43 28 499 352.696857633      -0.97      1.67     -0.66  0.         181.525       5213.733       7555.146    0.000  -0.138   0.380   0.
  2017 352 16 43 29 499 352.696869206      -1.17      1.90      0.09  0.         180.183       5214.727       7555.014    0.000  -0.138   0.380   0.
  2017 352 16 43 30 499 352.696880778      -0.99      1.85     -0.33  0.         178.842       5215.720       7554.881    0.000  -0.138   0.380   0.
  2017 352 16 43 31 499 352.696892352      -1.28      1.68     -0.13  0.         177.500       5216.714       7554.748    0.000  -0.138   0.380   0.
  2017 352 16 43 32 499 352.696903927      -1.19      1.59     -0.16  0.         176.158       5217.707       7554.614    0.000  -0.138   0.380   0.
  2017 352 16 43 33 499 352.696915501      -1.28      1.54     -0.26  0.         174.817       5218.699       7554.480    0.000  -0.138   0.380   0.
  2017 352 16 43 34 499 352.696927075      -1.39      1.77     -0.24  0.         173.475       5219.691       7554.346    0.000  -0.138   0.380   0.
  2017 352 16 43 35 499 352.696938649      -1.42      1.80     -0.15  0.         172.133       5220.684       7554.211    0.000  -0.138   0.380   0.
  2017 352 16 43 36 499 352.696950223      -1.24      1.86     -0.00  0.         170.792       5221.675       7554.076    0.000  -0.138   0.380   0.
  2017 352 16 43 37 499 352.696961797      -1.04      1.84      0.05  0.         169.450       5222.667       7553.940    0.000  -0.138   0.380   0.
  2017 352 16 43 38 499 352.696973371      -1.00      1.76     -0.29  0.         168.108       5223.659       7553.804    0.000  -0.138   0.380   0.
  2017 352 16 43 39 499 352.696984945      -1.08      1.56     -0.37  0.         166.767       5224.650       7553.668    0.000  -0.138   0.380   0.
  2017 352 16 43 40 499 352.696996519      -0.85      1.57     -0.26  0.         165.425       5225.640       7553.531    0.000  -0.138   0.380   0.
  2017 352 16 43 41 499 352.697008093      -0.79      1.53     -0.18  0.         164.083       5226.631       7553.393    0.000  -0.138   0.380   0.
  2017 352 16 43 42 499 352.697019667      -0.77      1.63     -0.37  0.         162.741       5227.621       7553.256    0.000  -0.138   0.380   0.
  2017 352 16 43 43 499 352.697031241      -0.84      1.60     -0.64  0.         161.400       5228.611       7553.118    0.000  -0.138   0.380   0.
  2017 352 16 43 44 499 352.697042815      -1.00      1.46     -0.67  0.         160.058       5229.600       7552.979    0.000  -0.138   0.380   0.
  2017 352 16 43 45 499 352.697054389      -1.06      1.39     -0.44  0.         158.716       5230.589       7552.840    0.000  -0.138   0.380   0.
  2017 352 16 43 46 499 352.697065964      -0.90      1.49     -0.25  0.         157.374       5231.578       7552.701    0.000  -0.138   0.380   0.
  2017 352 16 43 47 499 352.697077538      -0.70      1.54     -0.13  0.         156.033       5232.567       7552.561    0.000  -0.138   0.380   0.
  2017 352 16 43 48 499 352.697089112      -0.68      1.57     -0.18  0.         154.691       5233.555       7552.420    0.000  -0.138   0.380   0.
  2017 352 16 43 49 499 352.697100686      -0.67      1.42     -0.38  0.         153.349       5234.543       7552.280    0.000  -0.138   0.380   0.
  2017 352 16 43 50 499 352.697112260      -0.73      1.40     -0.64  0.         152.007       5235.531       7552.139    0.000  -0.138   0.380   0.
  2017 352 16 43 51 499 352.697123834      -0.88      1.53     -0.81  0.         150.665       5236.519       7551.997    0.000  -0.138   0.380   0.
  2017 352 16 43 52 499 352.697135408      -1.18      1.51     -0.70  0.         149.323       5237.506       7551.855    0.000  -0.138   0.380   0.
  2017 352 16 43 53 499 352.697146982      -1.22      1.47     -0.35  0.         147.982       5238.493       7551.713    0.000  -0.138   0.380   0.
  2017 352 16 43 54 499 352.697158556      -1.04      1.46     -0.37  0.         146.640       5239.480       7551.570    0.000  -0.138   0.380   0.
  2017 352 16 43 55 499 352.697170130      -1.15      1.49     -0.60  0.         145.298       5240.466       7551.427    0.000  -0.138   0.380   0.
  2017 352 16 43 56 499 352.697181704      -1.20      1.69     -0.49  0.         143.956       5241.452       7551.283    0.000  -0.138   0.380   0.
  2017 352 16 43 57 499 352.697193278      -1.08      1.64     -0.32  0.         142.614       5242.438       7551.139    0.000  -0.138   0.380   0.
  2017 352 16 43 58 498 352.697204850      -1.06      1.61     -0.28  0.         141.272       5243.423       7550.995    0.000  -0.138   0.380   0.
  2017 352 16 43 59 498 352.697216424      -0.92      1.57     -0.41  0.         139.930       5244.408       7550.850    0.000  -0.138   0.380   0.
  2017 352 16 44  0 499 352.697227998      -0.75      1.42     -0.36  0.         138.589       5245.393       7550.705    0.000  -0.138   0.380   0.
  2017 352 16 44  1 499 352.697239572      -0.88      1.38     -0.57  0.         137.247       5246.378       7550.559    0.000  -0.138   0.380   0.
  2017 352 16 44  2 499 352.697251146      -0.95      1.32     -0.65  0.         135.905       5247.362       7550.413    0.000  -0.138   0.380   0.
  2017 352 16 44  3 499 352.697262720      -0.89      1.36     -0.56  0.         134.563       5248.346       7550.267    0.000  -0.138   0.380   0.
  2017 352 16 44  4 499 352.697274294      -1.09      1.49     -0.51  0.         133.221       5249.330       7550.120    0.000  -0.138   0.380   0.
  2017 352 16 44  5 498 352.697285868      -1.05      1.40     -0.31  0.         131.879       5250.314       7549.973    0.000  -0.138   0.380   0.
  2017 352 16 44  6 498 352.697297442      -0.93      1.45     -0.51  0.         130.537       5251.297       7549.825    0.000  -0.138   0.380   0.
  2017 352 16 44  7 498 352.697309016      -0.99      1.54     -0.61  0.         129.195       5252.280       7549.677    0.000  -0.138   0.380   0.
  2017 352 16 44  8 498 352.697320590      -1.25      1.66     -0.54  0.         127.853       5253.262       7549.528    0.000  -0.138   0.380   0.
  2017 352 16 44  9 499 352.697332164      -1.63      1.52     -0.61  0.         126.511       5254.245       7549.379    0.000  -0.138   0.380   0.
  2017 352 16 44 10 499 352.697343738      -1.87      1.37     -0.41  0.         125.169       5255.227       7549.230    0.000  -0.138   0.380   0.
  2017 352 16 44 11 499 352.697355313      -2.05      1.63     -0.17  0.         123.827       5256.208       7549.080    0.000  -0.138   0.380   0.
  2017 352 16 44 12 498 352.697366887      -2.21      1.78      0.20  0.         122.485       5257.190       7548.930    0.000  -0.138   0.380   0.
  2017 352 16 44 13 499 352.697378461      -2.06      1.90      0.39  0.         121.143       5258.171       7548.779    0.000  -0.138   0.380   0.
  2017 352 16 44 14 499 352.697390035      -1.86      1.91      0.05  0.         119.801       5259.152       7548.628    0.000  -0.138   0.380   0.
  2017 352 16 44 15 499 352.697401609      -1.92      1.82     -0.04  0.         118.459       5260.132       7548.476    0.000  -0.138   0.380   0.
  2017 352 16 44 16 499 352.697413183      -1.74      1.97      0.00  0.         117.117       5261.113       7548.324    0.000  -0.138   0.380   0.
  2017 352 16 44 17 499 352.697424757      -1.72      1.82     -0.03  0.         115.775       5262.093       7548.172    0.000  -0.138   0.380   0.
  2017 352 16 44 18 498 352.697436331      -1.47      1.78     -0.07  0.         114.433       5263.072       7548.019    0.000  -0.138   0.380   0.
  2017 352 16 44 19 498 352.697447905      -1.35      1.53      0.03  0.         113.091       5264.052       7547.866    0.000  -0.138   0.380   0.
  2017 352 16 44 20 498 352.697459479      -1.15      1.61      0.21  0.         111.749       5265.031       7547.713    0.000  -0.138   0.380   0.
  2017 352 16 44 21 498 352.697471053      -0.92      1.63      0.15  0.         110.407       5266.010       7547.559    0.000  -0.138   0.380   0.
  2017 352 16 44 22 498 352.697482627      -0.84      1.63      0.09  0.         109.065       5266.989       7547.404    0.000  -0.138   0.380   0.
  2017 352 16 44 23 499 352.697494201      -0.69      1.68      0.06  0.         107.723       5267.967       7547.250    0.000  -0.138   0.380   0.
  2017 352 16 44 24 499 352.697505775      -0.62      1.63     -0.08  0.         106.381       5268.945       7547.094    0.000  -0.138   0.380   0.
  2017 352 16 44 25 498 352.697517349      -0.60      1.62     -0.09  0.         105.039       5269.922       7546.939    0.000  -0.138   0.380   0.
  2017 352 16 44 26 498 352.697528921      -0.58      1.56     -0.09  0.         103.697       5270.900       7546.783    0.000  -0.138   0.380   0.
  2017 352 16 44 27 498 352.697540495      -0.69      1.53     -0.26  0.         102.355       5271.877       7546.626    0.000  -0.138   0.380   0.
  2017 352 16 44 28 498 352.697552069      -0.72      1.47     -0.53  0.         101.013       5272.854       7546.469    0.000  -0.138   0.380   0.
  2017 352 16 44 29 498 352.697563643      -0.69      1.46     -0.54  0.          99.671       5273.830       7546.312    0.000  -0.138   0.380   0.
  2017 352 16 44 30 498 352.697575217      -0.61      1.63     -0.48  0.          98.329       5274.807       7546.155    0.000  -0.138   0.380   0.
  2017 352 16 44 31 498 352.697586791      -0.51      1.73     -0.33  0.          96.987       5275.782       7545.996    0.000  -0.138   0.380   0.
  2017 352 16 44 32 498 352.697598365      -0.48      1.71     -0.25  0.          95.645       5276.758       7545.838    0.000  -0.138   0.380   0.
  2017 352 16 44 33 498 352.697609939      -0.56      1.64     -0.41  0.          94.302       5277.734       7545.679    0.000  -0.138   0.380   0.
  2017 352 16 44 34 498 352.697621513      -0.57      1.52     -0.90  0.          92.960       5278.709       7545.520    0.000  -0.138   0.380   0.
  2017 352 16 44 35 498 352.697633087      -0.98      1.61     -0.69  0.          91.618       5279.684       7545.360    0.000  -0.138   0.380   0.
  2017 352 16 44 36 498 352.697644661      -0.76      1.69     -0.21  0.          90.276       5280.658       7545.199    0.000  -0.138   0.380   0.
  2017 352 16 44 37 498 352.697656236      -0.65      1.53     -0.26  0.          88.934       5281.632       7545.039    0.000  -0.138   0.380   0.
  2017 352 16 44 38 498 352.697667810      -0.72      1.35     -0.70  0.          87.592       5282.606       7544.878    0.000  -0.138   0.380   0.
  2017 352 16 44 39 498 352.697679384      -0.68      1.29     -0.71  0.          86.250       5283.580       7544.717    0.000  -0.138   0.380   0.
  2017 352 16 44 40 498 352.697690958      -0.61      1.39     -0.71  0.          84.908       5284.553       7544.555    0.000  -0.138   0.380   0.
  2017 352 16 44 41 498 352.697702532      -0.57      1.36     -0.53  0.          83.565       5285.526       7544.393    0.000  -0.138   0.380   0.
  2017 352 16 44 42 498 352.697714106      -0.36      1.38     -0.60  0.          82.223       5286.499       7544.230    0.000  -0.138   0.380   0.
  2017 352 16 44 43 498 352.697725680      -0.36      1.44     -0.91  0.          80.881       5287.472       7544.067    0.000  -0.138   0.380   0.
  2017 352 16 44 44 498 352.697737254      -0.38      1.52     -0.82  0.          79.539       5288.444       7543.903    0.000  -0.138   0.380   0.
  2017 352 16 44 45 498 352.697748828      -0.58      1.53     -0.79  0.          78.197       5289.416       7543.739    0.000  -0.138   0.380   0.
  2017 352 16 44 46 498 352.697760402      -0.61      1.50     -0.66  0.          76.855       5290.387       7543.575    0.000  -0.138   0.380   0.
  2017 352 16 44 47 498 352.697771976      -0.63      1.51     -0.58  0.          75.513       5291.359       7543.410    0.000  -0.138   0.380   0.
  2017 352 16 44 48 498 352.697783550      -0.28      1.58     -0.55  0.          74.170       5292.330       7543.245    0.000  -0.138   0.380   0.
  2017 352 16 44 49 498 352.697795124      -0.14      1.53     -0.23  0.          72.828       5293.301       7543.080    0.000  -0.138   0.380   0.
  2017 352 16 44 50 498 352.697806698      -0.13      1.47     -0.33  0.          71.486       5294.271       7542.914    0.000  -0.138   0.380   0.
  2017 352 16 44 51 498 352.697818273      -0.27      1.48     -0.55  0.          70.144       5295.241       7542.747    0.000  -0.138   0.380   0.
  2017 352 16 44 52 498 352.697829847      -0.28      1.37     -0.50  0.          68.802       5296.211       7542.581    0.000  -0.138   0.380   0.
  2017 352 16 44 53 498 352.697841421      -0.07      1.42     -0.47  0.          67.460       5297.181       7542.413    0.000  -0.138   0.380   0.
  2017 352 16 44 54 498 352.697852995      -0.02      1.43     -0.58  0.          66.117       5298.150       7542.246    0.000  -0.138   0.380   0.
  2017 352 16 44 55 498 352.697864569      -0.24      1.47     -0.70  0.          64.775       5299.119       7542.078    0.000  -0.138   0.380   0.
  2017 352 16 44 56 498 352.697876140      -0.47      1.45     -0.53  0.          63.433       5300.088       7541.909    0.000  -0.138   0.380   0.
  2017 352 16 44 57 498 352.697887714      -0.44      1.49     -0.41  0.          62.091       5301.056       7541.740    0.000  -0.138   0.380   0.
  2017 352 16 44 58 498 352.697899288      -0.72      1.45     -0.37  0.          60.748       5302.024       7541.571    0.000  -0.138   0.380   0.
  2017 352 16 44 59 498 352.697910862      -0.72      1.44     -0.20  0.          59.406       5302.992       7541.402    0.000  -0.138   0.380   0.
  2017 352 16 45  0 498 352.697922436      -0.47      1.59     -0.37  0.          58.064       5303.960       7541.231    0.000  -0.138   0.380   0.
  2017 352 16 45  1 498 352.697934010      -0.62      1.70     -0.39  0.          56.722       5304.927       7541.061    0.000  -0.138   0.380   0.
  2017 352 16 45  2 498 352.697945584      -0.88      1.68     -0.24  0.          55.380       5305.894       7540.890    0.000  -0.138   0.380   0.
  2017 352 16 45  3 498 352.697957159      -0.87      1.53     -0.08  0.          54.037       5306.861       7540.719    0.000  -0.138   0.380   0.
  2017 352 16 45  4 498 352.697968733      -0.74      1.43     -0.14  0.          52.695       5307.827       7540.547    0.000  -0.138   0.380   0.
  2017 352 16 45  5 498 352.697980307      -0.47      1.39     -0.38  0.          51.353       5308.793       7540.375    0.000  -0.138   0.380   0.
  2017 352 16 45  6 498 352.697991881      -0.41      1.34     -0.56  0.          50.011       5309.759       7540.202    0.000  -0.138   0.380   0.
  2017 352 16 45  7 498 352.698003455      -0.44      1.37     -0.57  0.          48.668       5310.725       7540.029    0.000  -0.138   0.380   0.
  2017 352 16 45  8 498 352.698015029      -0.53      1.28     -0.45  0.          47.326       5311.690       7539.856    0.000  -0.138   0.380   0.
  2017 352 16 45  9 498 352.698026603      -0.58      1.32     -0.52  0.          45.984       5312.655       7539.682    0.000  -0.138   0.380   0.
  2017 352 16 45 10 498 352.698038177      -0.54      1.38     -0.53  0.          44.642       5313.620       7539.508    0.000  -0.138   0.380   0.
  2017 352 16 45 11 498 352.698049751      -0.56      1.39     -0.44  0.          43.300       5314.584       7539.333    0.000  -0.138   0.380   0.
  2017 352 16 45 12 498 352.698061325      -0.40      1.45     -0.44  0.          41.957       5315.548       7539.158    0.000  -0.138   0.380   0.
  2017 352 16 45 13 498 352.698072899      -0.37      1.34     -0.50  0.          40.615       5316.512       7538.983    0.000  -0.138   0.380   0.
  2017 352 16 45 14 498 352.698084473      -0.42      1.29     -0.55  0.          39.273       5317.475       7538.807    0.000  -0.138   0.380   0.
  2017 352 16 45 15 498 352.698096048      -0.45      1.32     -0.70  0.          37.931       5318.439       7538.631    0.000  -0.138   0.380   0.
  2017 352 16 45 16 498 352.698107622      -0.55      1.37     -0.53  0.          36.588       5319.402       7538.454    0.000  -0.138   0.380   0.
  2017 352 16 45 17 498 352.698119196      -0.54      1.41     -0.55  0.          35.246       5320.364       7538.277    0.000  -0.138   0.380   0.
  2017 352 16 45 18 498 352.698130770      -0.54      1.34     -0.47  0.          33.904       5321.327       7538.100    0.000  -0.138   0.380   0.
  2017 352 16 45 19 498 352.698142344      -0.62      1.36     -0.61  0.          32.562       5322.289       7537.922    0.000  -0.138   0.380   0.
  2017 352 16 45 20 498 352.698153918      -0.63      1.43     -0.57  0.          31.219       5323.251       7537.743    0.000  -0.138   0.380   0.
  2017 352 16 45 21 498 352.698165492      -0.66      1.44     -0.40  0.          29.877       5324.212       7537.565    0.000  -0.138   0.380   0.
  2017 352 16 45 22 498 352.698177066      -0.65      1.48     -0.27  0.          28.535       5325.173       7537.385    0.000  -0.138   0.380   0.
  2017 352 16 45 23 498 352.698188639      -0.53      1.51     -0.11  0.          27.193       5326.134       7537.206    0.000  -0.138   0.380   0.
  2017 352 16 45 24 498 352.698200211      -0.43      1.61     -0.20  0.          25.850       5327.095       7537.026    0.000  -0.138   0.380   0.
  2017 352 16 45 25 498 352.698211785      -0.59      1.48     -0.23  0.          24.508       5328.055       7536.846    0.000  -0.138   0.380   0.
  2017 352 16 45 26 498 352.698223359      -0.69      1.56     -0.18  0.          23.166       5329.015       7536.665    0.000  -0.138   0.380   0.
  2017 352 16 45 27 498 352.698234933      -0.65      1.55     -0.15  0.          21.823       5329.975       7536.484    0.000  -0.138   0.380   0.
  2017 352 16 45 28 498 352.698246508      -0.78      1.50     -0.16  0.          20.481       5330.934       7536.302    0.000  -0.138   0.380   0.
  2017 352 16 45 29 498 352.698258082      -0.77      1.84     -0.13  0.          19.139       5331.894       7536.120    0.000  -0.138   0.380   0.
  2017 352 16 45 30 498 352.698269656      -1.25      1.68     -0.19  0.          17.797       5332.853       7535.938    0.000  -0.138   0.380   0.
  2017 352 16 45 31 498 352.698281230      -1.37      1.72      0.31  0.          16.454       5333.811       7535.755    0.000  -0.138   0.380   0.
  2017 352 16 45 32 498 352.698292804      -1.15      1.82      0.21  0.          15.112       5334.769       7535.571    0.000  -0.138   0.380   0.
  2017 352 16 45 33 498 352.698304378      -0.99      1.63      0.27  0.          13.770       5335.727       7535.388    0.000  -0.138   0.380   0.
  2017 352 16 45 34 498 352.698315952      -0.66      1.63      0.22  0.          12.428       5336.685       7535.204    0.000  -0.138   0.380   0.
  2017 352 16 45 35 498 352.698327526      -0.43      1.58      0.13  0.          11.085       5337.643       7535.019    0.000  -0.138   0.380   0.
  2017 352 16 45 36 498 352.698339100      -0.24      1.64      0.02  0.           9.743       5338.600       7534.834    0.000  -0.138   0.380   0.
  2017 352 16 45 37 498 352.698350674      -0.14      1.70     -0.24  0.           8.401       5339.557       7534.649    0.000  -0.138   0.380   0.
  2017 352 16 45 38 498 352.698362248      -0.20      1.57     -0.38  0.           7.058       5340.513       7534.463    0.000  -0.138   0.380   0.
  2017 352 16 45 39 498 352.698373822      -0.22      1.63     -0.37  0.           5.716       5341.469       7534.277    0.000  -0.138   0.380   0.
  2017 352 16 45 40 498 352.698385396      -0.45      1.66     -0.39  0.           4.374       5342.425       7534.091    0.000  -0.138   0.380   0.
  2017 352 16 45 41 498 352.698396971      -0.74      1.68     -0.43  0.           3.032       5343.381       7533.904    0.000  -0.138   0.380   0.
  2017 352 16 45 42 498 352.698408545      -0.86      1.68     -0.24  0.           1.689       5344.337       7533.717    0.000  -0.138   0.380   0.
  2017 352 16 45 43 498 352.698420119      -0.70      1.67     -0.07  0.           0.347       5345.292       7533.529    0.000  -0.138   0.380   0.
  2017 352 16 45 44 498 352.698431693      -0.52      1.81     -0.11  0.          -0.995       5346.247       7533.341    0.000  -0.138   0.380   0.
  2017 352 16 45 45 498 352.698443267      -0.62      1.60     -0.27  0.          -2.338       5347.201       7533.152    0.000  -0.138   0.380   0.
  2017 352 16 45 46 498 352.698454841      -0.58      1.51     -0.29  0.          -3.680       5348.155       7532.963    0.000  -0.138   0.380   0.
  2017 352 16 45 47 498 352.698466415      -0.47      1.51     -0.25  0.          -5.022       5349.109       7532.774    0.000  -0.138   0.380   0.
  2017 352 16 45 48 498 352.698477989      -0.69      1.46     -0.44  0.          -6.364       5350.063       7532.584    0.000  -0.138   0.380   0.
  2017 352 16 45 49 498 352.698489563      -0.19      1.63     -0.40  0.          -7.707       5351.016       7532.394    0.000  -0.138   0.380   0.
  2017 352 16 45 50 498 352.698501137      -0.54      1.47     -0.46  0.          -9.049       5351.969       7532.203    0.000  -0.138   0.380   0.
  2017 352 16 45 51 498 352.698512711      -0.50      1.62     -0.34  0.         -10.391       5352.922       7532.012    0.000  -0.138   0.380   0.
  2017 352 16 45 52 498 352.698524285      -0.46      1.41     -0.42  0.         -11.733       5353.875       7531.821    0.000  -0.138   0.380   0.
  2017 352 16 45 53 498 352.698535859      -0.54      1.41     -0.32  0.         -13.076       5354.827       7531.629    0.000  -0.138   0.380   0.
  2017 352 16 45 54 497 352.698547431      -0.24      1.49     -0.16  0.         -14.418       5355.779       7531.437    0.000  -0.138   0.380   0.
  2017 352 16 45 55 497 352.698559005      -0.21      1.44     -0.18  0.         -15.760       5356.731       7531.244    0.000  -0.138   0.380   0.
  2017 352 16 45 56 498 352.698570579      -0.22      1.43     -0.36  0.         -17.103       5357.682       7531.051    0.000  -0.138   0.380   0.
  2017 352 16 45 57 498 352.698582153      -0.24      1.36     -0.38  0.         -18.445       5358.633       7530.857    0.000  -0.138   0.380   0.
  2017 352 16 45 58 498 352.698593727      -0.20      1.42     -0.40  0.         -19.787       5359.584       7530.664    0.000  -0.138   0.380   0.
  2017 352 16 45 59 498 352.698605301      -0.23      1.36     -0.49  0.         -21.129       5360.534       7530.469    0.000  -0.138   0.380   0.
  2017 352 16 46  0 497 352.698616875      -0.48      1.27     -0.44  0.         -22.472       5361.484       7530.275    0.000  -0.138   0.380   0.
  2017 352 16 46  1 497 352.698628449      -0.33      1.45     -0.60  0.         -23.814       5362.434       7530.079    0.000  -0.138   0.380   0.
  2017 352 16 46  2 497 352.698640023      -0.39      1.38     -0.53  0.         -25.156       5363.384       7529.884    0.000  -0.138   0.380   0.
  2017 352 16 46  3 497 352.698651597      -0.34      1.39     -0.43  0.         -26.499       5364.333       7529.688    0.000  -0.138   0.380   0.
  2017 352 16 46  4 497 352.698663171      -0.34      1.51     -0.50  0.         -27.841       5365.282       7529.492    0.000  -0.138   0.380   0.
  2017 352 16 46  5 498 352.698674745      -0.27      1.61     -0.25  0.         -29.183       5366.231       7529.295    0.000  -0.138   0.380   0.
  2017 352 16 46  6 498 352.698686319      -0.39      1.54     -0.30  0.         -30.525       5367.179       7529.098    0.000  -0.138   0.380   0.
  2017 352 16 46  7 497 352.698697894      -0.42      1.38     -0.40  0.         -31.868       5368.128       7528.900    0.000  -0.138   0.380   0.
  2017 352 16 46  8 497 352.698709468      -0.31      1.43     -0.44  0.         -33.210       5369.075       7528.702    0.000  -0.138   0.380   0.
  2017 352 16 46  9 498 352.698721042      -0.39      1.42     -0.38  0.         -34.552       5370.023       7528.504    0.000  -0.138   0.380   0.
  2017 352 16 46 10 498 352.698732616      -0.50      1.45     -0.35  0.         -35.894       5370.970       7528.305    0.000  -0.138   0.380   0.
  2017 352 16 46 11 498 352.698744190      -0.55      1.49     -0.32  0.         -37.237       5371.917       7528.106    0.000  -0.138   0.380   0.
  2017 352 16 46 12 498 352.698755764      -0.73      1.42     -0.33  0.         -38.579       5372.864       7527.906    0.000  -0.138   0.380   0.
  2017 352 16 46 13 498 352.698767338      -0.66      1.43     -0.26  0.         -39.921       5373.810       7527.706    0.000  -0.138   0.380   0.
  2017 352 16 46 14 497 352.698778912      -0.58      1.32     -0.32  0.         -41.263       5374.756       7527.506    0.000  -0.138   0.380   0.
  2017 352 16 46 15 497 352.698790486      -0.60      1.38     -0.28  0.         -42.606       5375.702       7527.305    0.000  -0.138   0.380   0.
  2017 352 16 46 16 497 352.698802060      -0.57      1.46     -0.23  0.         -43.948       5376.648       7527.104    0.000  -0.138   0.380   0.
  2017 352 16 46 17 497 352.698813634      -0.44      1.47     -0.36  0.         -45.290       5377.593       7526.902    0.000  -0.138   0.380   0.
  2017 352 16 46 18 497 352.698825208      -0.52      1.49     -0.29  0.         -46.632       5378.538       7526.700    0.000  -0.138   0.380   0.
  2017 352 16 46 19 498 352.698836782      -0.55      1.37     -0.28  0.         -47.975       5379.483       7526.498    0.000  -0.138   0.380   0.
  2017 352 16 46 20 498 352.698848356      -0.36      1.38     -0.27  0.         -49.317       5380.427       7526.295    0.000  -0.138   0.380   0.
  2017 352 16 46 21 497 352.698859930      -0.38      1.34     -0.30  0.         -50.659       5381.371       7526.092    0.000  -0.138   0.380   0.
  2017 352 16 46 22 497 352.698871502      -0.47      1.26     -0.40  0.         -52.001       5382.315       7525.888    0.000  -0.138   0.380   0.
  2017 352 16 46 23 497 352.698883076      -0.54      1.32     -0.69  0.         -53.343       5383.259       7525.684    0.000  -0.138   0.380   0.
  2017 352 16 46 24 497 352.698894650      -0.55      1.29     -0.67  0.         -54.686       5384.202       7525.480    0.000  -0.138   0.380   0.
  2017 352 16 46 25 497 352.698906224      -0.49      1.33     -0.48  0.         -56.028       5385.145       7525.275    0.000  -0.138   0.380   0.
  2017 352 16 46 26 497 352.698917798      -0.48      1.41     -0.42  0.         -57.370       5386.087       7525.069    0.000  -0.138   0.380   0.
  2017 352 16 46 27 497 352.698929372      -0.44      1.42     -0.31  0.         -58.712       5387.030       7524.864    0.000  -0.138   0.380   0.
  2017 352 16 46 28 497 352.698940946      -0.40      1.38     -0.40  0.         -60.054       5387.972       7524.658    0.000  -0.138   0.380   0.
  2017 352 16 46 29 497 352.698952520      -0.52      1.36     -0.57  0.         -61.397       5388.914       7524.451    0.000  -0.138   0.380   0.
  2017 352 16 46 30 497 352.698964094      -0.68      1.33     -0.56  0.         -62.739       5389.855       7524.244    0.000  -0.138   0.380   0.
  2017 352 16 46 31 497 352.698975668      -0.61      1.40     -0.45  0.         -64.081       5390.796       7524.037    0.000  -0.138   0.380   0.
  2017 352 16 46 32 497 352.698987242      -0.68      1.40     -0.33  0.         -65.423       5391.737       7523.829    0.000  -0.138   0.380   0.
  2017 352 16 46 33 497 352.698998817      -0.64      1.44     -0.38  0.         -66.765       5392.678       7523.621    0.000  -0.138   0.380   0.
  2017 352 16 46 34 497 352.699010391      -0.50      1.43     -0.27  0.         -68.108       5393.618       7523.412    0.000  -0.138   0.380   0.
  2017 352 16 46 35 497 352.699021965      -0.59      1.46     -0.42  0.         -69.450       5394.558       7523.203    0.000  -0.138   0.380   0.
  2017 352 16 46 36 497 352.699033539      -0.70      1.41     -0.37  0.         -70.792       5395.498       7522.994    0.000  -0.138   0.380   0.
  2017 352 16 46 37 497 352.699045113      -0.65      1.37     -0.29  0.         -72.134       5396.437       7522.784    0.000  -0.138   0.380   0.
  2017 352 16 46 38 497 352.699056687      -0.59      1.42     -0.27  0.         -73.476       5397.376       7522.574    0.000  -0.138   0.380   0.
  2017 352 16 46 39 497 352.699068261      -0.50      1.32     -0.25  0.         -74.819       5398.315       7522.364    0.000  -0.138   0.380   0.
  2017 352 16 46 40 497 352.699079835      -0.38      1.40     -0.33  0.         -76.161       5399.254       7522.153    0.000  -0.138   0.380   0.
  2017 352 16 46 41 497 352.699091409      -0.47      1.38     -0.46  0.         -77.503       5400.192       7521.941    0.000  -0.138   0.380   0.
  2017 352 16 46 42 497 352.699102983      -0.61      1.42     -0.34  0.         -78.845       5401.130       7521.729    0.000  -0.138   0.380   0.
  2017 352 16 46 43 497 352.699114557      -0.49      1.66      0.05  0.         -80.187       5402.068       7521.517    0.000  -0.138   0.380   0.
  2017 352 16 46 44 497 352.699126131      -0.68      1.51     -0.05  0.         -81.529       5403.005       7521.305    0.000  -0.138   0.380   0.
  2017 352 16 46 45 497 352.699137705      -0.64      1.45     -0.12  0.         -82.871       5403.942       7521.092    0.000  -0.138   0.380   0.
  2017 352 16 46 46 497 352.699149280      -0.52      1.38     -0.18  0.         -84.214       5404.879       7520.878    0.000  -0.138   0.380   0.
  2017 352 16 46 47 497 352.699160854      -0.57      1.35     -0.27  0.         -85.556       5405.816       7520.664    0.000  -0.138   0.380   0.
  2017 352 16 46 48 497 352.699172428      -0.61      1.39     -0.38  0.         -86.898       5406.752       7520.450    0.000  -0.138   0.380   0.
  2017 352 16 46 49 497 352.699184002      -0.60      1.38     -0.39  0.         -88.240       5407.688       7520.236    0.000  -0.138   0.380   0.
  2017 352 16 46 50 497 352.699195576      -0.64      1.51     -0.31  0.         -89.582       5408.623       7520.021    0.000  -0.138   0.380   0.
  2017 352 16 46 51 497 352.699207150      -0.79      1.30     -0.30  0.         -90.924       5409.559       7519.805    0.000  -0.138   0.380   0.
  2017 352 16 46 52 497 352.699218721      -0.66      1.24     -0.25  0.         -92.266       5410.494       7519.589    0.000  -0.138   0.380   0.
  2017 352 16 46 53 497 352.699230295      -0.60      1.37     -0.30  0.         -93.608       5411.429       7519.373    0.000  -0.138   0.380   0.
  2017 352 16 46 54 497 352.699241869      -0.51      1.53     -0.66  0.         -94.950       5412.363       7519.156    0.000  -0.138   0.380   0.
  2017 352 16 46 55 497 352.699253443      -1.02      1.45     -0.36  0.         -96.293       5413.297       7518.939    0.000  -0.138   0.380   0.
  2017 352 16 46 56 497 352.699265017      -0.75      1.48     -0.19  0.         -97.635       5414.231       7518.722    0.000  -0.138   0.380   0.
  2017 352 16 46 57 497 352.699276591      -0.65      1.52     -0.08  0.         -98.977       5415.165       7518.504    0.000  -0.138   0.380   0.
  2017 352 16 46 58 497 352.699288165      -0.77      1.48     -0.37  0.        -100.319       5416.098       7518.286    0.000  -0.138   0.380   0.
  2017 352 16 46 59 497 352.699299740      -0.74      1.41     -0.43  0.        -101.661       5417.031       7518.067    0.000  -0.138   0.380   0.
  2017 352 16 47  0 497 352.699311314      -0.55      1.58     -0.39  0.        -103.003       5417.964       7517.848    0.000  -0.138   0.380   0.
  2017 352 16 47  1 497 352.699322888      -0.76      1.53     -0.40  0.        -104.345       5418.896       7517.628    0.000  -0.138   0.380   0.
  2017 352 16 47  2 497 352.699334462      -0.94      1.54     -0.41  0.        -105.687       5419.829       7517.409    0.000  -0.138   0.380   0.
  2017 352 16 47  3 497 352.699346036      -0.90      1.51     -0.17  0.        -107.029       5420.761       7517.188    0.000  -0.138   0.380   0.
  2017 352 16 47  4 497 352.699357610      -0.87      1.41     -0.18  0.        -108.371       5421.692       7516.968    0.000  -0.138   0.380   0.
  2017 352 16 47  5 497 352.699369184      -0.88      1.53     -0.21  0.        -109.713       5422.623       7516.746    0.000  -0.138   0.380   0.
  2017 352 16 47  6 497 352.699380758      -1.07      1.48     -0.20  0.        -111.055       5423.554       7516.525    0.000  -0.138   0.380   0.
  2017 352 16 47  7 497 352.699392332      -1.18      1.36     -0.41  0.        -112.397       5424.485       7516.303    0.000  -0.138   0.380   0.
  2017 352 16 47  8 497 352.699403906      -0.73      1.64      0.06  0.        -113.739       5425.416       7516.081    0.000  -0.138   0.380   0.
  2017 352 16 47  9 497 352.699415480      -0.66      1.48     -0.17  0.        -115.081       5426.346       7515.858    0.000  -0.138   0.380   0.
  2017 352 16 47 10 497 352.699427054      -0.98      1.38     -0.33  0.        -116.423       5427.275       7515.635    0.000  -0.138   0.380   0.
  2017 352 16 47 11 497 352.699438628      -0.66      1.60     -0.32  0.        -117.765       5428.205       7515.412    0.000  -0.138   0.380   0.
  2017 352 16 47 12 497 352.699450203      -0.62      1.62     -0.30  0.        -119.107       5429.134       7515.188    0.000  -0.138   0.380   0.
  2017 352 16 47 13 497 352.699461777      -0.57      1.47     -0.31  0.        -120.449       5430.063       7514.963    0.000  -0.138   0.380   0.
  2017 352 16 47 14 497 352.699473351      -0.60      1.51     -0.23  0.        -121.791       5430.992       7514.738    0.000  -0.138   0.380   0.
  2017 352 16 47 15 497 352.699484925      -0.52      1.50     -0.32  0.        -123.133       5431.920       7514.513    0.000  -0.138   0.380   0.
  2017 352 16 47 16 497 352.699496499      -0.62      1.40     -0.24  0.        -124.475       5432.849       7514.288    0.000  -0.138   0.380   0.
  2017 352 16 47 17 497 352.699508073      -0.57      1.37     -0.25  0.        -125.817       5433.776       7514.062    0.000  -0.138   0.380   0.
  2017 352 16 47 18 497 352.699519647      -0.54      1.32     -0.33  0.        -127.159       5434.704       7513.835    0.000  -0.138   0.380   0.
  2017 352 16 47 19 497 352.699531221      -0.50      1.34     -0.32  0.        -128.501       5435.631       7513.609    0.000  -0.138   0.380   0.
  2017 352 16 47 20 497 352.699542795      -0.52      1.30     -0.41  0.        -129.843       5436.558       7513.382    0.000  -0.138   0.380   0.
  2017 352 16 47 21 497 352.699554369      -0.44      1.29     -0.37  0.        -131.185       5437.484       7513.154    0.000  -0.138   0.380   0.
  2017 352 16 47 22 497 352.699565940      -0.49      1.42     -0.52  0.        -132.527       5438.411       7512.926    0.000  -0.138   0.380   0.
  2017 352 16 47 23 497 352.699577514      -0.51      1.46     -0.44  0.        -133.869       5439.337       7512.698    0.000  -0.138   0.380   0.
  2017 352 16 47 24 497 352.699589089      -0.55      1.52     -0.44  0.        -135.211       5440.263       7512.469    0.000  -0.138   0.380   0.
  2017 352 16 47 25 497 352.699600663      -0.62      1.59     -0.20  0.        -136.553       5441.188       7512.240    0.000  -0.138   0.380   0.
  2017 352 16 47 26 497 352.699612237      -0.75      1.43      0.04  0.        -137.894       5442.113       7512.010    0.000  -0.138   0.380   0.
  2017 352 16 47 27 497 352.699623811      -0.89      1.28     -0.37  0.        -139.236       5443.038       7511.780    0.000  -0.138   0.380   0.
  2017 352 16 47 28 497 352.699635385      -0.85      1.35     -0.55  0.        -140.578       5443.963       7511.550    0.000  -0.138   0.380   0.
  2017 352 16 47 29 497 352.699646959      -0.55      1.59     -0.22  0.        -141.920       5444.887       7511.319    0.000  -0.138   0.380   0.
  2017 352 16 47 30 497 352.699658533      -0.76      1.65     -0.01  0.        -143.262       5445.811       7511.088    0.000  -0.138   0.380   0.
  2017 352 16 47 31 497 352.699670107      -0.87      1.48     -0.18  0.        -144.604       5446.735       7510.856    0.000  -0.138   0.380   0.
  2017 352 16 47 32 497 352.699681681      -1.01      1.40     -0.39  0.        -145.946       5447.658       7510.624    0.000  -0.138   0.380   0.
  2017 352 16 47 33 497 352.699693255      -0.98      1.44     -0.53  0.        -147.287       5448.581       7510.392    0.000  -0.138   0.380   0.
  2017 352 16 47 34 497 352.699704829      -0.88      1.63     -0.59  0.        -148.629       5449.504       7510.159    0.000  -0.138   0.380   0.
  2017 352 16 47 35 497 352.699716403      -0.97      1.80     -0.37  0.        -149.971       5450.427       7509.926    0.000  -0.138   0.380   0.
  2017 352 16 47 36 497 352.699727977      -0.84      1.76     -0.41  0.        -151.313       5451.349       7509.692    0.000  -0.138   0.380   0.
  2017 352 16 47 37 497 352.699739552      -0.87      1.72     -0.58  0.        -152.655       5452.271       7509.458    0.000  -0.138   0.380   0.
  2017 352 16 47 38 497 352.699751126      -0.93      1.62     -0.37  0.        -153.997       5453.193       7509.224    0.000  -0.138   0.380   0.
  2017 352 16 47 39 497 352.699762700      -0.98      1.57     -0.18  0.        -155.338       5454.114       7508.989    0.000  -0.138   0.380   0.
  2017 352 16 47 40 497 352.699774274      -0.83      1.64     -0.25  0.        -156.680       5455.035       7508.754    0.000  -0.138   0.380   0.
  2017 352 16 47 41 497 352.699785848      -0.90      1.40     -0.29  0.        -158.022       5455.956       7508.518    0.000  -0.138   0.380   0.
  2017 352 16 47 42 497 352.699797422      -0.52      1.57     -0.38  0.        -159.364       5456.876       7508.282    0.000  -0.138   0.380   0.
  2017 352 16 47 43 497 352.699808996      -0.69      1.43     -0.70  0.        -160.705       5457.797       7508.046    0.000  -0.138   0.380   0.
  2017 352 16 47 44 497 352.699820570      -0.49      1.91     -0.47  0.        -162.047       5458.717       7507.809    0.000  -0.138   0.380   0.
  2017 352 16 47 45 497 352.699832144      -0.60      1.69     -0.66  0.        -163.389       5459.636       7507.572    0.000  -0.138   0.380   0.
  2017 352 16 47 46 497 352.699843718      -0.83      1.64     -0.34  0.        -164.731       5460.556       7507.334    0.000  -0.138   0.380   0.
  2017 352 16 47 47 497 352.699855292      -0.68      1.64     -0.45  0.        -166.072       5461.475       7507.096    0.000  -0.138   0.380   0.
  2017 352 16 47 48 497 352.699866866      -0.58      1.48     -0.50  0.        -167.414       5462.393       7506.858    0.000  -0.138   0.380   0.
  2017 352 16 47 49 497 352.699878440      -0.62      1.49     -0.57  0.        -168.756       5463.312       7506.619    0.000  -0.138   0.380   0.
  2017 352 16 47 50 497 352.699890014      -0.58      1.47     -0.49  0.        -170.098       5464.230       7506.380    0.000  -0.138   0.380   0.
  2017 352 16 47 51 497 352.699901588      -0.49      1.43     -0.48  0.        -171.439       5465.148       7506.140    0.000  -0.138   0.380   0.
  2017 352 16 47 52 497 352.699913160      -0.57      1.52     -0.58  0.        -172.781       5466.065       7505.900    0.000  -0.138   0.380   0.
  2017 352 16 47 53 497 352.699924734      -0.69      1.62     -0.38  0.        -174.123       5466.983       7505.659    0.000  -0.138   0.380   0.
  2017 352 16 47 54 497 352.699936308      -0.73      1.57     -0.14  0.        -175.464       5467.900       7505.419    0.000  -0.138   0.380   0.
  2017 352 16 47 55 497 352.699947882      -0.84      1.30     -0.46  0.        -176.806       5468.816       7505.177    0.000  -0.138   0.380   0.
  2017 352 16 47 56 496 352.699959456      -0.84      1.33     -0.56  0.        -178.148       5469.733       7504.936    0.000  -0.138   0.380   0.
  2017 352 16 47 57 496 352.699971030      -0.74      1.45     -0.51  0.        -179.489       5470.649       7504.694    0.000  -0.138   0.380   0.
  2017 352 16 47 58 496 352.699982604      -0.63      1.41     -0.41  0.        -180.831       5471.565       7504.451    0.000  -0.138   0.380   0.
  2017 352 16 47 59 496 352.699994178      -0.62      1.43     -0.51  0.        -182.172       5472.480       7504.208    0.000  -0.138   0.380   0.
  2017 352 16 48  0 496 352.700005752      -0.51      1.46     -0.32  0.        -183.514       5473.396       7503.965    0.000  -0.138   0.380   0.
  2017 352 16 48  1 497 352.700017326      -0.47      1.47     -0.30  0.        -184.856       5474.311       7503.722    0.000  -0.138   0.380   0.
  2017 352 16 48  2 497 352.700028900      -0.47      1.53     -0.27  0.        -186.197       5475.225       7503.478    0.000  -0.138   0.380   0.
  2017 352 16 48  3 496 352.700040475      -0.45      1.66      0.01  0.        -187.539       5476.140       7503.233    0.000  -0.138   0.380   0.
  2017 352 16 48  4 496 352.700052049      -0.55      1.56     -0.30  0.        -188.880       5477.054       7502.988    0.000  -0.138   0.380   0.
  2017 352 16 48  5 497 352.700063623      -1.04      1.16     -0.76  0.        -190.222       5477.968       7502.743    0.000  -0.138   0.380   0.
  2017 352 16 48  6 497 352.700075197      -0.59      1.75     -0.14  0.        -191.563       5478.881       7502.497    0.000  -0.138   0.380   0.
  2017 352 16 48  7 497 352.700086771      -0.47      1.54     -0.79  0.        -192.905       5479.794       7502.251    0.000  -0.138   0.380   0.
  2017 352 16 48  8 497 352.700098345      -0.58      1.59     -0.35  0.        -194.246       5480.707       7502.005    0.000  -0.138   0.380   0.
  2017 352 16 48  9 497 352.700109919      -0.52      1.78     -0.57  0.        -195.588       5481.620       7501.758    0.000  -0.138   0.380   0.
  2017 352 16 48 10 496 352.700121493      -0.52      1.59     -0.77  0.        -196.930       5482.532       7501.511    0.000  -0.138   0.380   0.
  2017 352 16 48 11 496 352.700133067      -0.61      1.64     -0.48  0.        -198.271       5483.444       7501.263    0.000  -0.138   0.380   0.
  2017 352 16 48 12 496 352.700144641      -0.60      1.55     -0.52  0.        -199.612       5484.356       7501.015    0.000  -0.138   0.380   0.
  2017 352 16 48 13 496 352.700156215      -0.72      1.44     -0.74  0.        -200.954       5485.267       7500.767    0.000  -0.138   0.380   0.
  2017 352 16 48 14 497 352.700167789      -0.69      1.65     -0.60  0.        -202.295       5486.179       7500.518    0.000  -0.138   0.380   0.
  2017 352 16 48 15 497 352.700179363      -0.70      1.68     -0.39  0.        -203.637       5487.090       7500.269    0.000  -0.138   0.380   0.
  2017 352 16 48 16 496 352.700190937      -0.81      1.54     -0.53  0.        -204.978       5488.000       7500.019    0.000  -0.138   0.380   0.
  2017 352 16 48 17 496 352.700202512      -0.69      1.47     -0.56  0.        -206.320       5488.910       7499.769    0.000  -0.138   0.380   0.
  2017 352 16 48 18 497 352.700214086      -0.57      1.42     -0.66  0.        -207.661       5489.820       7499.518    0.000  -0.138   0.380   0.
  2017 352 16 48 19 497 352.700225659      -0.50      1.45     -0.71  0.        -209.002       5490.730       7499.268    0.000  -0.138   0.380   0.
  2017 352 16 48 20 496 352.700237231      -0.55      1.30     -0.68  0.        -210.344       5491.639       7499.016    0.000  -0.138   0.380   0.
  2017 352 16 48 21 496 352.700248805      -0.51      1.48     -0.61  0.        -211.685       5492.549       7498.765    0.000  -0.138   0.380   0.
  2017 352 16 48 22 496 352.700260379      -0.60      1.49     -0.68  0.        -213.027       5493.457       7498.513    0.000  -0.138   0.380   0.
  2017 352 16 48 23 496 352.700271953      -0.65      1.47     -0.45  0.        -214.368       5494.366       7498.260    0.000  -0.138   0.380   0.
  2017 352 16 48 24 496 352.700283527      -0.52      1.65     -0.43  0.        -215.709       5495.274       7498.007    0.000  -0.138   0.380   0.
  2017 352 16 48 25 496 352.700295101      -0.55      1.54     -0.47  0.        -217.051       5496.182       7497.754    0.000  -0.138   0.380   0.
  2017 352 16 48 26 496 352.700306675      -0.64      1.54     -0.49  0.        -218.392       5497.090       7497.500    0.000  -0.138   0.380   0.
  2017 352 16 48 27 496 352.700318249      -0.66      1.49     -0.55  0.        -219.733       5497.997       7497.246    0.000  -0.138   0.380   0.
  2017 352 16 48 28 496 352.700329823      -0.56      1.40     -0.62  0.        -221.075       5498.904       7496.992    0.000  -0.138   0.380   0.
  2017 352 16 48 29 496 352.700341398      -0.59      1.47     -0.68  0.        -222.416       5499.811       7496.737    0.000  -0.138   0.380   0.
  2017 352 16 48 30 496 352.700352972      -0.55      1.52     -0.60  0.        -223.757       5500.718       7496.482    0.000  -0.138   0.380   0.
  2017 352 16 48 31 496 352.700364546      -0.56      1.60     -0.51  0.        -225.098       5501.624       7496.226    0.000  -0.138   0.380   0.
  2017 352 16 48 32 496 352.700376120      -0.63      1.50     -0.61  0.        -226.440       5502.530       7495.970    0.000  -0.138   0.380   0.
  2017 352 16 48 33 496 352.700387694      -0.51      1.51     -0.38  0.        -227.781       5503.435       7495.714    0.000  -0.138   0.380   0.
  2017 352 16 48 34 496 352.700399268      -0.53      1.44     -0.47  0.        -229.122       5504.341       7495.457    0.000  -0.138   0.380   0.
  2017 352 16 48 35 496 352.700410842      -0.45      1.35     -0.50  0.        -230.463       5505.246       7495.200    0.000  -0.138   0.380   0.
  2017 352 16 48 36 496 352.700422416      -0.45      1.36     -0.55  0.        -231.805       5506.150       7494.942    0.000  -0.138   0.380   0.
  2017 352 16 48 37 496 352.700433990      -0.50      1.37     -0.55  0.        -233.146       5507.055       7494.684    0.000  -0.138   0.380   0.
  2017 352 16 48 38 496 352.700445564      -0.44      1.40     -0.51  0.        -234.487       5507.959       7494.426    0.000  -0.138   0.380   0.
  2017 352 16 48 39 496 352.700457138      -0.41      1.52     -0.54  0.        -235.828       5508.863       7494.167    0.000  -0.138   0.380   0.
  2017 352 16 48 40 496 352.700468712      -0.53      1.49     -0.55  0.        -237.169       5509.766       7493.908    0.000  -0.138   0.380   0.
  2017 352 16 48 41 496 352.700480286      -0.69      1.34     -0.75  0.        -238.510       5510.670       7493.648    0.000  -0.138   0.380   0.
  2017 352 16 48 42 496 352.700491861      -0.64      1.47     -0.70  0.        -239.852       5511.573       7493.388    0.000  -0.138   0.380   0.
  2017 352 16 48 43 496 352.700503435      -0.43      1.65     -0.45  0.        -241.193       5512.475       7493.127    0.000  -0.138   0.380   0.
  2017 352 16 48 44 496 352.700515009      -0.54      1.66     -0.41  0.        -242.534       5513.378       7492.867    0.000  -0.138   0.380   0.
  2017 352 16 48 45 496 352.700526583      -0.53      1.59     -0.32  0.        -243.875       5514.280       7492.605    0.000  -0.138   0.380   0.
  2017 352 16 48 46 496 352.700538157      -0.52      1.62     -0.33  0.        -245.216       5515.182       7492.344    0.000  -0.138   0.380   0.
  2017 352 16 48 47 496 352.700549731      -0.30      1.48     -0.45  0.        -246.557       5516.083       7492.082    0.000  -0.138   0.380   0.
  2017 352 16 48 48 496 352.700561302      -0.44      1.44     -0.48  0.        -247.898       5516.984       7491.819    0.000  -0.138   0.380   0.
  2017 352 16 48 49 496 352.700572876      -0.43      1.42     -0.56  0.        -249.239       5517.885       7491.557    0.000  -0.138   0.380   0.
  2017 352 16 48 50 496 352.700584450      -0.45      1.33     -0.58  0.        -250.580       5518.786       7491.293    0.000  -0.138   0.380   0.
  2017 352 16 48 51 496 352.700596024      -0.54      1.38     -0.45  0.        -251.921       5519.686       7491.030    0.000  -0.138   0.380   0.
  2017 352 16 48 52 496 352.700607598      -0.53      1.41     -0.52  0.        -253.262       5520.586       7490.766    0.000  -0.138   0.380   0.
  2017 352 16 48 53 496 352.700619173      -0.62      1.34     -0.45  0.        -254.603       5521.486       7490.501    0.000  -0.138   0.380   0.
  2017 352 16 48 54 496 352.700630746      -0.40      1.40     -0.45  0.        -255.944       5522.386       7490.237    0.000  -0.138   0.380   0.
  2017 352 16 48 55 496 352.700642321      -0.61      1.39     -0.41  0.        -257.285       5523.285       7489.971    0.000  -0.138   0.380   0.
  2017 352 16 48 56 496 352.700653895      -0.57      1.51     -0.13  0.        -258.626       5524.184       7489.706    0.000  -0.138   0.380   0.
  2017 352 16 48 57 496 352.700665469      -0.46      1.41     -0.24  0.        -259.967       5525.082       7489.440    0.000  -0.138   0.380   0.
  2017 352 16 48 58 496 352.700677043      -0.49      1.40     -0.32  0.        -261.308       5525.981       7489.173    0.000  -0.138   0.380   0.
  2017 352 16 48 59 496 352.700688617      -0.41      1.44     -0.40  0.        -262.649       5526.879       7488.907    0.000  -0.138   0.380   0.
  2017 352 16 49  0 496 352.700700191      -0.40      1.37     -0.15  0.        -263.990       5527.776       7488.639    0.000  -0.138   0.380   0.
  2017 352 16 49  1 496 352.700711765      -0.57      1.32     -0.35  0.        -265.331       5528.674       7488.372    0.000  -0.138   0.380   0.
  2017 352 16 49  2 496 352.700723339      -0.35      1.36     -0.40  0.        -266.671       5529.571       7488.104    0.000  -0.138   0.380   0.
  2017 352 16 49  3 496 352.700734913      -0.27      1.45     -0.33  0.        -268.012       5530.468       7487.835    0.000  -0.138   0.380   0.
  2017 352 16 49  4 496 352.700746487      -0.36      1.44     -0.22  0.        -269.353       5531.364       7487.567    0.000  -0.138   0.380   0.
  2017 352 16 49  5 496 352.700758061      -0.38      1.39     -0.31  0.        -270.694       5532.260       7487.298    0.000  -0.138   0.380   0.
  2017 352 16 49  6 496 352.700769635      -0.37      1.51     -0.38  0.        -272.035       5533.156       7487.028    0.000  -0.138   0.380   0.
  2017 352 16 49  7 496 352.700781210      -0.42      1.49     -0.21  0.        -273.376       5534.052       7486.758    0.000  -0.138   0.380   0.
  2017 352 16 49  8 496 352.700792784      -0.53      1.38     -0.33  0.        -274.716       5534.947       7486.488    0.000  -0.138   0.380   0.
  2017 352 16 49  9 496 352.700804358      -0.59      1.23     -0.72  0.        -276.057       5535.843       7486.217    0.000  -0.138   0.380   0.
  2017 352 16 49 10 496 352.700815932      -0.30      1.49     -0.44  0.        -277.398       5536.737       7485.946    0.000  -0.138   0.380   0.
  2017 352 16 49 11 496 352.700827506      -0.29      1.47     -0.68  0.        -278.738       5537.632       7485.674    0.000  -0.138   0.380   0.
  2017 352 16 49 12 496 352.700839080      -0.33      1.45     -0.51  0.        -280.079       5538.526       7485.402    0.000  -0.138   0.380   0.
  2017 352 16 49 13 496 352.700850654      -0.43      1.50     -0.36  0.        -281.420       5539.420       7485.130    0.000  -0.138   0.380   0.
  2017 352 16 49 14 496 352.700862228      -0.39      1.48     -0.39  0.        -282.761       5540.314       7484.857    0.000  -0.138   0.380   0.
  2017 352 16 49 15 496 352.700873802      -0.45      1.52     -0.28  0.        -284.101       5541.207       7484.584    0.000  -0.138   0.380   0.
  2017 352 16 49 16 496 352.700885376      -0.49      1.48     -0.42  0.        -285.442       5542.100       7484.310    0.000  -0.138   0.380   0.
  2017 352 16 49 17 496 352.700896950      -0.51      1.32     -0.57  0.        -286.783       5542.993       7484.037    0.000  -0.138   0.380   0.
  2017 352 16 49 18 496 352.700908521      -0.48      1.38     -0.71  0.        -288.123       5543.885       7483.762    0.000  -0.138   0.380   0.
  2017 352 16 49 19 496 352.700920096      -0.60      1.55     -0.58  0.        -289.464       5544.777       7483.488    0.000  -0.138   0.380   0.
  2017 352 16 49 20 496 352.700931670      -0.65      1.52     -0.39  0.        -290.804       5545.669       7483.212    0.000  -0.138   0.380   0.
  2017 352 16 49 21 496 352.700943244      -0.58      1.56     -0.38  0.        -292.145       5546.561       7482.937    0.000  -0.138   0.380   0.
  2017 352 16 49 22 496 352.700954818      -0.61      1.49     -0.44  0.        -293.486       5547.452       7482.661    0.000  -0.138   0.380   0.
  2017 352 16 49 23 496 352.700966392      -0.67      1.38     -0.46  0.        -294.826       5548.343       7482.385    0.000  -0.138   0.380   0.
  2017 352 16 49 24 496 352.700977966      -0.68      1.38     -0.47  0.        -296.167       5549.234       7482.108    0.000  -0.138   0.380   0.
  2017 352 16 49 25 496 352.700989540      -0.70      1.41     -0.29  0.        -297.507       5550.124       7481.831    0.000  -0.138   0.380   0.
  2017 352 16 49 26 496 352.701001114      -0.49      1.48     -0.43  0.        -298.848       5551.014       7481.553    0.000  -0.138   0.380   0.
  2017 352 16 49 27 496 352.701012688      -0.75      1.33     -0.51  0.        -300.188       5551.904       7481.276    0.000  -0.138   0.380   0.
  2017 352 16 49 28 496 352.701024262      -0.69      1.52     -0.32  0.        -301.529       5552.793       7480.997    0.000  -0.138   0.380   0.
  2017 352 16 49 29 496 352.701035836      -0.62      1.45     -0.26  0.        -302.869       5553.683       7480.719    0.000  -0.138   0.380   0.
  2017 352 16 49 30 496 352.701047410      -0.53      1.37     -0.31  0.        -304.210       5554.571       7480.440    0.000  -0.138   0.380   0.
  2017 352 16 49 31 496 352.701058984      -0.45      1.37     -0.31  0.        -305.550       5555.460       7480.160    0.000  -0.138   0.380   0.
  2017 352 16 49 32 496 352.701070558      -0.56      1.32     -0.32  0.        -306.890       5556.349       7479.880    0.000  -0.138   0.380   0.
  2017 352 16 49 33 496 352.701082133      -0.55      1.33     -0.36  0.        -308.231       5557.236       7479.600    0.000  -0.138   0.380   0.
  2017 352 16 49 34 496 352.701093707      -0.50      1.31     -0.46  0.        -309.571       5558.124       7479.319    0.000  -0.138   0.380   0.
  2017 352 16 49 35 496 352.701105281      -0.53      1.28     -0.34  0.        -310.911       5559.012       7479.038    0.000  -0.138   0.380   0.
  2017 352 16 49 36 496 352.701116855      -0.50      1.36     -0.44  0.        -312.252       5559.899       7478.757    0.000  -0.138   0.380   0.
  2017 352 16 49 37 496 352.701128429      -0.57      1.41     -0.25  0.        -313.592       5560.786       7478.475    0.000  -0.138   0.380   0.
  2017 352 16 49 38 496 352.701140003      -0.46      1.41     -0.31  0.        -314.932       5561.672       7478.193    0.000  -0.138   0.380   0.
  2017 352 16 49 39 496 352.701151577      -0.55      1.29     -0.53  0.        -316.273       5562.559       7477.910    0.000  -0.138   0.380   0.
  2017 352 16 49 40 496 352.701163151      -0.61      1.37     -0.35  0.        -317.613       5563.445       7477.627    0.000  -0.138   0.380   0.
  2017 352 16 49 41 496 352.701174725      -0.27      1.57     -0.29  0.        -318.953       5564.330       7477.344    0.000  -0.138   0.380   0.
  2017 352 16 49 42 496 352.701186299      -0.82      1.21     -0.36  0.        -320.293       5565.216       7477.060    0.000  -0.138   0.380   0.
  2017 352 16 49 43 496 352.701197873      -0.68      1.50     -0.37  0.        -321.634       5566.101       7476.776    0.000  -0.138   0.380   0.
  2017 352 16 49 44 496 352.701209447      -0.55      1.41     -0.53  0.        -322.974       5566.986       7476.491    0.000  -0.138   0.380   0.
  2017 352 16 49 45 495 352.701221021      -0.85      1.36     -0.34  0.        -324.314       5567.870       7476.206    0.000  -0.138   0.380   0.
  2017 352 16 49 46 495 352.701232593      -0.66      1.42     -0.49  0.        -325.654       5568.754       7475.921    0.000  -0.138   0.380   0.
  2017 352 16 49 47 496 352.701244167      -0.87      1.34     -0.49  0.        -326.994       5569.638       7475.635    0.000  -0.138   0.380   0.
  2017 352 16 49 48 496 352.701255741      -0.53      1.48     -0.41  0.        -328.335       5570.522       7475.349    0.000  -0.138   0.380   0.
  2017 352 16 49 49 496 352.701267315      -0.78      1.30     -0.84  0.        -329.675       5571.405       7475.062    0.000  -0.138   0.380   0.
  2017 352 16 49 50 496 352.701278889      -0.89      1.40     -0.60  0.        -331.015       5572.288       7474.775    0.000  -0.138   0.380   0.
  2017 352 16 49 51 496 352.701290463      -0.76      1.52     -0.26  0.        -332.355       5573.171       7474.488    0.000  -0.138   0.380   0.
  2017 352 16 49 52 495 352.701302037      -0.79      1.46     -0.58  0.        -333.695       5574.054       7474.199    0.000  -0.138   0.380   0.
  2017 352 16 49 53 495 352.701313611      -0.88      1.64     -0.13  0.        -335.035       5574.936       7473.912    0.000  -0.138   0.380   0.
  2017 352 16 49 54 495 352.701325185      -0.88      1.46      0.02  0.        -336.375       5575.818       7473.623    0.000  -0.138   0.380   0.
  2017 352 16 49 55 495 352.701336759      -0.88      0.95     -0.85  0.        -337.715       5576.699       7473.334    0.000  -0.138   0.380   0.
  2017 352 16 49 56 495 352.701348333      -0.56      1.44     -0.39  0.        -339.055       5577.581       7473.045    0.000  -0.138   0.380   0.
  2017 352 16 49 57 496 352.701359907      -0.29      1.72      0.01  0.        -340.395       5578.462       7472.755    0.000  -0.138   0.380   0.
  2017 352 16 49 58 496 352.701371481      -0.84      1.21     -0.62  0.        -341.735       5579.342       7472.465    0.000  -0.138   0.380   0.
  2017 352 16 49 59 495 352.701383056      -0.46      1.63     -0.41  0.        -343.075       5580.223       7472.175    0.000  -0.138   0.380   0.
  2017 352 16 50  0 495 352.701394630      -0.50      1.85     -0.03  0.        -344.415       5581.103       7471.884    0.000  -0.138   0.380   0.
  2017 352 16 50  1 496 352.701406204      -0.54      1.52     -0.21  0.        -345.755       5581.983       7471.592    0.000  -0.138   0.380   0.
  2017 352 16 50  2 496 352.701417778      -0.52      1.33     -0.44  0.        -347.095       5582.862       7471.301    0.000  -0.138   0.380   0.
  2017 352 16 50  3 496 352.701429352      -0.74      1.37     -0.61  0.        -348.434       5583.741       7471.009    0.000  -0.138   0.380   0.
  2017 352 16 50  4 496 352.701440926      -0.68      1.42     -0.39  0.        -349.774       5584.620       7470.716    0.000  -0.138   0.380   0.
  2017 352 16 50  5 495 352.701452500      -0.62      1.32     -0.06  0.        -351.114       5585.499       7470.423    0.000  -0.138   0.380   0.
  2017 352 16 50  6 495 352.701464074      -0.57      1.37     -0.32  0.        -352.454       5586.377       7470.130    0.000  -0.138   0.380   0.
  2017 352 16 50  7 495 352.701475648      -0.48      1.42     -0.31  0.        -353.794       5587.255       7469.836    0.000  -0.138   0.380   0.
  2017 352 16 50  8 495 352.701487222      -0.56      1.50     -0.29  0.        -355.134       5588.133       7469.542    0.000  -0.138   0.380   0.
  2017 352 16 50  9 495 352.701498796      -0.62      1.44     -0.30  0.        -356.473       5589.011       7469.248    0.000  -0.138   0.380   0.
  2017 352 16 50 10 496 352.701510370      -0.63      1.45     -0.29  0.        -357.813       5589.888       7468.953    0.000  -0.138   0.380   0.
  2017 352 16 50 11 496 352.701521944      -0.50      1.55     -0.27  0.        -359.153       5590.765       7468.658    0.000  -0.138   0.380   0.
  2017 352 16 50 12 495 352.701533519      -0.51      1.42     -0.13  0.        -360.492       5591.641       7468.362    0.000  -0.138   0.380   0.
  2017 352 16 50 13 495 352.701545093      -0.69      1.41     -0.50  0.        -361.832       5592.518       7468.066    0.000  -0.138   0.380   0.
  2017 352 16 50 14 496 352.701556667      -0.77      1.23     -0.81  0.        -363.172       5593.394       7467.770    0.000  -0.138   0.380   0.
  2017 352 16 50 15 496 352.701568240      -0.91      1.28     -0.90  0.        -364.511       5594.269       7467.473    0.000  -0.138   0.380   0.
  2017 352 16 50 16 495 352.701579812      -0.36      2.17      0.12  0.        -365.851       5595.145       7467.176    0.000  -0.138   0.380   0.
  2017 352 16 50 17 495 352.701591386      -0.26      1.63     -0.17  0.        -367.191       5596.020       7466.878    0.000  -0.138   0.380   0.
  2017 352 16 50 18 495 352.701602960      -0.82      1.39     -0.52  0.        -368.530       5596.895       7466.580    0.000  -0.138   0.380   0.
  2017 352 16 50 19 495 352.701614534      -0.76      1.44     -0.40  0.        -369.870       5597.769       7466.282    0.000  -0.138   0.380   0.
  2017 352 16 50 20 495 352.701626108      -0.62      1.46     -0.58  0.        -371.209       5598.644       7465.983    0.000  -0.138   0.380   0.
  2017 352 16 50 21 495 352.701637682      -0.61      1.35     -0.53  0.        -372.549       5599.518       7465.684    0.000  -0.138   0.380   0.
  2017 352 16 50 22 495 352.701649256      -0.68      1.49     -0.47  0.        -373.888       5600.391       7465.384    0.000  -0.138   0.380   0.
  2017 352 16 50 23 495 352.701660830      -0.68      1.48     -0.52  0.        -375.228       5601.265       7465.084    0.000  -0.138   0.380   0.
  2017 352 16 50 24 495 352.701672405      -0.69      1.44     -0.44  0.        -376.567       5602.138       7464.784    0.000  -0.138   0.380   0.
  2017 352 16 50 25 495 352.701683979      -0.42      1.54     -0.10  0.        -377.907       5603.010       7464.483    0.000  -0.138   0.380   0.
  2017 352 16 50 26 495 352.701695553      -0.41      1.47     -0.40  0.        -379.246       5603.883       7464.182    0.000  -0.138   0.380   0.
  2017 352 16 50 27 495 352.701707127      -0.65      1.36     -0.53  0.        -380.586       5604.755       7463.880    0.000  -0.138   0.380   0.
  2017 352 16 50 28 495 352.701718701      -0.59      1.59     -0.22  0.        -381.925       5605.627       7463.579    0.000  -0.138   0.380   0.
  2017 352 16 50 29 495 352.701730275      -0.62      1.49     -0.04  0.        -383.264       5606.499       7463.276    0.000  -0.138   0.380   0.
  2017 352 16 50 30 495 352.701741849      -0.69      1.45     -0.11  0.        -384.604       5607.370       7462.974    0.000  -0.138   0.380   0.
  2017 352 16 50 31 495 352.701753423      -0.63      1.41     -0.49  0.        -385.943       5608.241       7462.670    0.000  -0.138   0.380   0.
  2017 352 16 50 32 495 352.701764997      -0.58      1.36     -0.45  0.        -387.282       5609.112       7462.367    0.000  -0.138   0.380   0.
  2017 352 16 50 33 495 352.701776571      -0.60      1.45     -0.54  0.        -388.622       5609.982       7462.063    0.000  -0.138   0.380   0.
  2017 352 16 50 34 495 352.701788145      -0.85      1.69     -0.92  0.        -389.961       5610.852       7461.759    0.000  -0.138   0.380   0.
  2017 352 16 50 35 495 352.701799719      -1.05      1.67     -0.26  0.        -391.300       5611.722       7461.454    0.000  -0.138   0.380   0.
  2017 352 16 50 36 495 352.701811293      -0.71      1.74     -0.20  0.        -392.639       5612.592       7461.149    0.000  -0.138   0.380   0.
  2017 352 16 50 37 495 352.701822867      -0.99      1.41     -0.82  0.        -393.979       5613.461       7460.844    0.000  -0.138   0.380   0.
  2017 352 16 50 38 495 352.701834442      -1.27      1.65     -0.93  0.        -395.318       5614.330       7460.538    0.000  -0.138   0.380   0.
  2017 352 16 50 39 495 352.701846016      -1.20      1.76     -0.72  0.        -396.657       5615.198       7460.232    0.000  -0.138   0.380   0.
  2017 352 16 50 40 495 352.701857590      -0.80      1.83     -0.54  0.        -397.996       5616.067       7459.925    0.000  -0.138   0.380   0.
  2017 352 16 50 41 495 352.701869164      -0.80      1.70     -0.44  0.        -399.335       5616.935       7459.618    0.000  -0.138   0.380   0.
  2017 352 16 50 42 495 352.701880738      -0.70      1.55     -0.45  0.        -400.674       5617.803       7459.311    0.000  -0.138   0.380   0.
  2017 352 16 50 43 495 352.701892312      -0.66      1.61     -0.42  0.        -402.013       5618.670       7459.003    0.000  -0.138   0.380   0.
  2017 352 16 50 44 495 352.701903883      -0.53      1.62     -0.32  0.        -403.352       5619.537       7458.695    0.000  -0.138   0.380   0.
  2017 352 16 50 45 495 352.701915457      -0.51      1.67     -0.40  0.        -404.692       5620.404       7458.386    0.000  -0.138   0.380   0.
  2017 352 16 50 46 495 352.701927031      -0.66      1.81     -0.12  0.        -406.031       5621.271       7458.077    0.000  -0.138   0.380   0.
  2017 352 16 50 47 495 352.701938605      -0.59      1.69     -0.17  0.        -407.370       5622.137       7457.768    0.000  -0.138   0.380   0.
  2017 352 16 50 48 495 352.701950179      -0.66      1.49     -0.42  0.        -408.709       5623.003       7457.458    0.000  -0.138   0.380   0.
  2017 352 16 50 49 495 352.701961753      -0.73      1.45     -0.57  0.        -410.047       5623.869       7457.148    0.000  -0.138   0.380   0.
  2017 352 16 50 50 495 352.701973328      -0.65      1.67     -0.58  0.        -411.386       5624.734       7456.837    0.000  -0.138   0.380   0.
  2017 352 16 50 51 495 352.701984902      -0.77      1.68     -0.45  0.        -412.725       5625.599       7456.526    0.000  -0.138   0.380   0.
  2017 352 16 50 52 495 352.701996476      -0.52      1.58     -0.30  0.        -414.064       5626.464       7456.215    0.000  -0.138   0.380   0.
  2017 352 16 50 53 495 352.702008050      -0.58      1.51     -0.33  0.        -415.403       5627.328       7455.903    0.000  -0.138   0.380   0.
  2017 352 16 50 54 495 352.702019624      -0.51      1.42     -0.36  0.        -416.742       5628.193       7455.591    0.000  -0.138   0.380   0.
  2017 352 16 50 55 495 352.702031198      -0.66      1.38     -0.40  0.        -418.081       5629.056       7455.279    0.000  -0.138   0.380   0.
  2017 352 16 50 56 495 352.702042772      -0.76      1.44     -0.57  0.        -419.420       5629.921       7454.966    0.000  -0.138   0.380   0.
  2017 352 16 50 57 495 352.702054346      -0.82      1.57     -0.62  0.        -420.758       5630.784       7454.653    0.000  -0.138   0.380   0.
  2017 352 16 50 58 495 352.702065920      -0.50      1.83     -0.05  0.        -422.097       5631.647       7454.339    0.000  -0.138   0.380   0.
  2017 352 16 50 59 495 352.702077494      -0.67      1.64     -0.11  0.        -423.436       5632.510       7454.025    0.000  -0.138   0.380   0.
  2017 352 16 51  0 495 352.702089068      -0.63      1.47     -0.17  0.        -424.774       5633.372       7453.711    0.000  -0.138   0.380   0.
  2017 352 16 51  1 495 352.702100642      -0.60      1.43     -0.39  0.        -426.113       5634.234       7453.396    0.000  -0.138   0.380   0.
  2017 352 16 51  2 495 352.702112216      -0.49      1.36     -0.21  0.        -427.452       5635.096       7453.081    0.000  -0.138   0.380   0.
  2017 352 16 51  3 495 352.702123791      -0.50      1.49     -0.23  0.        -428.791       5635.958       7452.765    0.000  -0.138   0.380   0.
  2017 352 16 51  4 495 352.702135365      -0.39      1.38      0.03  0.        -430.129       5636.819       7452.449    0.000  -0.138   0.380   0.
  2017 352 16 51  5 495 352.702146939      -0.37      1.32     -0.28  0.        -431.468       5637.680       7452.133    0.000  -0.138   0.380   0.
  2017 352 16 51  6 495 352.702158513      -0.51      1.30     -0.47  0.        -432.806       5638.541       7451.816    0.000  -0.138   0.380   0.
  2017 352 16 51  7 495 352.702170087      -0.70      1.53     -0.66  0.        -434.145       5639.401       7451.499    0.000  -0.138   0.380   0.
  2017 352 16 51  8 495 352.702181661      -0.62      1.72     -0.28  0.        -435.483       5640.261       7451.181    0.000  -0.138   0.380   0.
  2017 352 16 51  9 495 352.702193235      -0.51      1.63     -0.16  0.        -436.822       5641.121       7450.863    0.000  -0.138   0.380   0.
  2017 352 16 51 10 495 352.702204809      -0.48      1.45     -0.35  0.        -438.160       5641.981       7450.545    0.000  -0.138   0.380   0.
  2017 352 16 51 11 495 352.702216383      -0.50      1.38     -0.40  0.        -439.499       5642.840       7450.226    0.000  -0.138   0.380   0.
  2017 352 16 51 12 495 352.702227957      -0.50      1.47     -0.52  0.        -440.837       5643.699       7449.907    0.000  -0.138   0.380   0.
  2017 352 16 51 13 495 352.702239531      -0.49      1.67     -0.04  0.        -442.176       5644.558       7449.588    0.000  -0.138   0.380   0.
  2017 352 16 51 14 495 352.702251102      -0.59      1.60     -0.17  0.        -443.514       5645.416       7449.268    0.000  -0.138   0.380   0.
  2017 352 16 51 15 495 352.702262677      -0.61      1.46     -0.22  0.        -444.852       5646.274       7448.948    0.000  -0.138   0.380   0.
  2017 352 16 51 16 495 352.702274251      -0.79      1.54     -0.53  0.        -446.191       5647.132       7448.627    0.000  -0.138   0.380   0.
  2017 352 16 51 17 495 352.702285825      -0.64      1.61     -0.11  0.        -447.529       5647.989       7448.306    0.000  -0.138   0.380   0.
  2017 352 16 51 18 495 352.702297399      -0.62      1.53     -0.37  0.        -448.867       5648.846       7447.984    0.000  -0.138   0.380   0.
  2017 352 16 51 19 495 352.702308973      -0.65      1.43     -0.44  0.        -450.206       5649.703       7447.663    0.000  -0.138   0.380   0.
  2017 352 16 51 20 495 352.702320547      -0.76      1.41     -0.38  0.        -451.544       5650.560       7447.340    0.000  -0.138   0.380   0.
  2017 352 16 51 21 495 352.702332121      -0.67      1.42     -0.47  0.        -452.882       5651.416       7447.018    0.000  -0.138   0.380   0.
  2017 352 16 51 22 495 352.702343695      -0.57      1.45     -0.55  0.        -454.220       5652.272       7446.695    0.000  -0.138   0.380   0.
  2017 352 16 51 23 495 352.702355269      -0.61      1.54     -0.27  0.        -455.559       5653.128       7446.371    0.000  -0.138   0.380   0.
  2017 352 16 51 24 495 352.702366843      -0.55      1.47     -0.32  0.        -456.897       5653.983       7446.048    0.000  -0.138   0.380   0.
  2017 352 16 51 25 495 352.702378417      -0.52      1.41     -0.38  0.        -458.235       5654.838       7445.723    0.000  -0.138   0.380   0.
  2017 352 16 51 26 495 352.702389991      -0.41      1.35     -0.56  0.        -459.573       5655.693       7445.399    0.000  -0.138   0.380   0.
  2017 352 16 51 27 495 352.702401565      -0.43      1.32     -0.47  0.        -460.911       5656.548       7445.074    0.000  -0.138   0.380   0.
  2017 352 16 51 28 495 352.702413139      -0.52      1.31     -0.79  0.        -462.249       5657.402       7444.749    0.000  -0.138   0.380   0.
  2017 352 16 51 29 495 352.702424714      -0.69      1.46     -0.61  0.        -463.587       5658.256       7444.423    0.000  -0.138   0.380   0.
  2017 352 16 51 30 495 352.702436288      -0.58      1.67     -0.21  0.        -464.925       5659.109       7444.097    0.000  -0.138   0.380   0.
  2017 352 16 51 31 495 352.702447862      -0.46      1.48     -0.71  0.        -466.263       5659.963       7443.770    0.000  -0.138   0.380   0.
  2017 352 16 51 32 495 352.702459436      -0.89      1.16     -0.73  0.        -467.601       5660.816       7443.443    0.000  -0.138   0.380   0.
  2017 352 16 51 33 495 352.702471010      -0.70      1.42     -0.76  0.        -468.939       5661.669       7443.116    0.000  -0.138   0.380   0.
  2017 352 16 51 34 495 352.702482584      -0.63      1.40     -0.65  0.        -470.277       5662.521       7442.788    0.000  -0.138   0.380   0.
  2017 352 16 51 35 495 352.702494158      -0.67      1.45     -0.55  0.        -471.615       5663.373       7442.460    0.000  -0.138   0.380   0.
  2017 352 16 51 36 495 352.702505732      -0.65      1.40     -0.60  0.        -472.953       5664.225       7442.132    0.000  -0.138   0.380   0.
  2017 352 16 51 37 495 352.702517306      -0.57      1.33     -0.44  0.        -474.291       5665.077       7441.803    0.000  -0.138   0.380   0.
  2017 352 16 51 38 495 352.702528880      -0.53      1.32     -0.58  0.        -475.628       5665.928       7441.474    0.000  -0.138   0.380   0.
  2017 352 16 51 39 495 352.702540454      -0.50      1.29     -0.83  0.        -476.966       5666.779       7441.144    0.000  -0.138   0.380   0.
  2017 352 16 51 40 495 352.702552028      -0.87      1.44     -1.01  0.        -478.304       5667.630       7440.814    0.000  -0.138   0.380   0.
  2017 352 16 51 41 494 352.702563602      -0.65      1.66     -0.20  0.        -479.642       5668.480       7440.484    0.000  -0.138   0.380   0.
  2017 352 16 51 42 494 352.702575174      -0.45      1.51     -0.19  0.        -480.979       5669.330       7440.153    0.000  -0.138   0.380   0.
  2017 352 16 51 43 495 352.702586748      -0.61      1.53     -0.38  0.        -482.317       5670.180       7439.822    0.000  -0.138   0.380   0.
  2017 352 16 51 44 495 352.702598322      -0.92      1.42     -0.58  0.        -483.655       5671.029       7439.490    0.000  -0.138   0.380   0.
  2017 352 16 51 45 495 352.702609896      -0.70      1.53     -0.48  0.        -484.992       5671.879       7439.158    0.000  -0.138   0.380   0.
  2017 352 16 51 46 495 352.702621470      -0.73      1.50     -0.70  0.        -486.330       5672.728       7438.826    0.000  -0.138   0.380   0.
  2017 352 16 51 47 495 352.702633044      -0.73      1.34     -0.26  0.        -487.668       5673.576       7438.493    0.000  -0.138   0.380   0.
  2017 352 16 51 48 494 352.702644618      -0.57      1.42     -0.57  0.        -489.005       5674.425       7438.160    0.000  -0.138   0.380   0.
  2017 352 16 51 49 494 352.702656192      -0.46      1.46     -0.57  0.        -490.343       5675.273       7437.827    0.000  -0.138   0.380   0.
  2017 352 16 51 50 494 352.702667766      -1.05      1.28     -0.77  0.        -491.680       5676.120       7437.493    0.000  -0.138   0.380   0.
  2017 352 16 51 51 494 352.702679340      -0.75      1.75     -0.29  0.        -493.018       5676.968       7437.159    0.000  -0.138   0.380   0.
  2017 352 16 51 52 495 352.702690914      -0.89      1.51     -0.57  0.        -494.355       5677.815       7436.824    0.000  -0.138   0.380   0.
  2017 352 16 51 53 495 352.702702488      -0.86      1.38     -0.54  0.        -495.693       5678.662       7436.489    0.000  -0.138   0.380   0.
  2017 352 16 51 54 495 352.702714062      -0.68      1.51     -0.52  0.        -497.030       5679.508       7436.154    0.000  -0.138   0.380   0.
  2017 352 16 51 55 494 352.702725637      -0.69      1.60     -0.18  0.        -498.367       5680.355       7435.818    0.000  -0.138   0.380   0.
  2017 352 16 51 56 494 352.702737211      -0.65      1.56     -0.40  0.        -499.705       5681.200       7435.482    0.000  -0.138   0.380   0.
  2017 352 16 51 57 495 352.702748785      -0.69      1.50     -0.52  0.        -501.042       5682.046       7435.145    0.000  -0.138   0.380   0.
  2017 352 16 51 58 495 352.702760359      -0.54      1.66     -0.53  0.        -502.379       5682.891       7434.808    0.000  -0.138   0.380   0.
  2017 352 16 51 59 495 352.702771933      -0.52      1.60     -0.44  0.        -503.717       5683.737       7434.471    0.000  -0.138   0.380   0.
  2017 352 16 52  0 495 352.702783507      -0.66      1.66     -0.30  0.        -505.054       5684.581       7434.133    0.000  -0.138   0.380   0.
  2017 352 16 52  1 494 352.702795081      -0.56      1.74     -0.31  0.        -506.391       5685.426       7433.795    0.000  -0.138   0.380   0.
  2017 352 16 52  2 494 352.702806655      -0.54      1.52     -0.22  0.        -507.728       5686.270       7433.456    0.000  -0.138   0.380   0.
  2017 352 16 52  3 494 352.702818229      -0.22      1.65      0.03  0.        -509.066       5687.114       7433.118    0.000  -0.138   0.380   0.
  2017 352 16 52  4 494 352.702829803      -0.53      1.39     -0.30  0.        -510.403       5687.958       7432.778    0.000  -0.138   0.380   0.
  2017 352 16 52  5 494 352.702841377      -0.49      1.41     -0.34  0.        -511.740       5688.801       7432.439    0.000  -0.138   0.380   0.
  2017 352 16 52  6 495 352.702852951      -0.48      1.46     -0.44  0.        -513.077       5689.644       7432.099    0.000  -0.138   0.380   0.
  2017 352 16 52  7 495 352.702864525      -0.58      1.50     -0.42  0.        -514.414       5690.486       7431.758    0.000  -0.138   0.380   0.
  2017 352 16 52  8 494 352.702876100      -0.49      1.46     -0.46  0.        -515.751       5691.329       7431.417    0.000  -0.138   0.380   0.
  2017 352 16 52  9 494 352.702887674      -0.43      1.48     -0.43  0.        -517.088       5692.171       7431.076    0.000  -0.138   0.380   0.
  2017 352 16 52 10 495 352.702899248      -0.58      1.39     -0.36  0.        -518.425       5693.013       7430.734    0.000  -0.138   0.380   0.
  2017 352 16 52 11 495 352.702910822      -0.39      1.44     -0.49  0.        -519.762       5693.854       7430.392    0.000  -0.138   0.380   0.
  2017 352 16 52 12 495 352.702922396      -0.54      1.30     -0.72  0.        -521.099       5694.696       7430.050    0.000  -0.138   0.380   0.
  2017 352 16 52 13 495 352.702933970      -0.36      1.65     -0.88  0.        -522.436       5695.537       7429.707    0.000  -0.138   0.380   0.
  2017 352 16 52 14 494 352.702945541      -0.52      1.51     -0.74  0.        -523.773       5696.377       7429.364    0.000  -0.138   0.380   0.
  2017 352 16 52 15 494 352.702957115      -0.74      1.35     -0.58  0.        -525.110       5697.218       7429.021    0.000  -0.138   0.380   0.
  2017 352 16 52 16 494 352.702968689      -0.65      1.39     -0.65  0.        -526.447       5698.058       7428.677    0.000  -0.138   0.380   0.
  2017 352 16 52 17 494 352.702980263      -0.68      1.23     -1.04  0.        -527.783       5698.897       7428.332    0.000  -0.138   0.380   0.
  2017 352 16 52 18 494 352.702991837      -1.02      1.11     -1.20  0.        -529.120       5699.737       7427.988    0.000  -0.138   0.380   0.
  2017 352 16 52 19 494 352.703003411      -0.70      1.79     -0.86  0.        -530.457       5700.576       7427.643    0.000  -0.138   0.380   0.
  2017 352 16 52 20 494 352.703014986      -0.58      1.56     -0.53  0.        -531.794       5701.415       7427.297    0.000  -0.138   0.380   0.
  2017 352 16 52 21 494 352.703026560      -0.53      1.42     -0.58  0.        -533.130       5702.254       7426.951    0.000  -0.138   0.380   0.
  2017 352 16 52 22 494 352.703038134      -0.48      1.15     -0.73  0.        -534.467       5703.092       7426.605    0.000  -0.138   0.380   0.
  2017 352 16 52 23 494 352.703049708      -0.46      1.17     -0.74  0.        -535.804       5703.930       7426.258    0.000  -0.138   0.380   0.
  2017 352 16 52 24 494 352.703061282      -0.42      1.11     -0.82  0.        -537.140       5704.767       7425.912    0.000  -0.138   0.380   0.
  2017 352 16 52 25 494 352.703072856      -0.46      1.17     -0.56  0.        -538.477       5705.605       7425.564    0.000  -0.138   0.380   0.
  2017 352 16 52 26 494 352.703084430      -0.38      1.31     -0.54  0.        -539.813       5706.442       7425.216    0.000  -0.138   0.380   0.
  2017 352 16 52 27 494 352.703096004      -0.38      1.28     -0.68  0.        -541.150       5707.279       7424.868    0.000  -0.138   0.380   0.
  2017 352 16 52 28 494 352.703107578      -0.63      1.42     -0.66  0.        -542.486       5708.115       7424.520    0.000  -0.138   0.380   0.
  2017 352 16 52 29 494 352.703119152      -0.37      1.42     -0.33  0.        -543.823       5708.951       7424.171    0.000  -0.138   0.380   0.
  2017 352 16 52 30 494 352.703130726      -0.43      1.08     -0.82  0.        -545.159       5709.787       7423.821    0.000  -0.138   0.380   0.
  2017 352 16 52 31 494 352.703142300      -0.43      1.22     -0.79  0.        -546.496       5710.623       7423.472    0.000  -0.138   0.380   0.
  2017 352 16 52 32 494 352.703153874      -0.38      1.15     -0.73  0.        -547.832       5711.458       7423.122    0.000  -0.138   0.380   0.
  2017 352 16 52 33 494 352.703165448      -0.40      1.26     -0.60  0.        -549.168       5712.293       7422.771    0.000  -0.138   0.380   0.
  2017 352 16 52 34 494 352.703177023      -0.40      1.49     -0.46  0.        -550.505       5713.128       7422.420    0.000  -0.138   0.380   0.
  2017 352 16 52 35 494 352.703188597      -0.44      1.46     -0.38  0.        -551.841       5713.963       7422.069    0.000  -0.138   0.380   0.
  2017 352 16 52 36 494 352.703200171      -0.57      1.32     -0.59  0.        -553.177       5714.797       7421.718    0.000  -0.138   0.380   0.
  2017 352 16 52 37 494 352.703211745      -0.70      1.26     -0.56  0.        -554.513       5715.631       7421.365    0.000  -0.138   0.380   0.
  2017 352 16 52 38 494 352.703223319      -0.53      1.30     -0.65  0.        -555.850       5716.464       7421.013    0.000  -0.138   0.380   0.
  2017 352 16 52 39 494 352.703234893      -0.48      1.11     -0.72  0.        -557.186       5717.297       7420.660    0.000  -0.138   0.380   0.
  2017 352 16 52 40 494 352.703246467      -0.33      1.30     -0.66  0.        -558.522       5718.130       7420.307    0.000  -0.138   0.380   0.
  2017 352 16 52 41 494 352.703258041      -0.28      1.57     -0.36  0.        -559.858       5718.963       7419.954    0.000  -0.138   0.380   0.
  2017 352 16 52 42 494 352.703269612      -0.52      1.30     -0.46  0.        -561.194       5719.795       7419.600    0.000  -0.138   0.380   0.
  2017 352 16 52 43 494 352.703281186      -0.61      1.27     -0.56  0.        -562.530       5720.627       7419.245    0.000  -0.138   0.380   0.
  2017 352 16 52 44 494 352.703292760      -0.64      1.28     -0.69  0.        -563.866       5721.459       7418.891    0.000  -0.138   0.380   0.
  2017 352 16 52 45 494 352.703304335      -0.69      1.06     -0.78  0.        -565.202       5722.291       7418.535    0.000  -0.138   0.380   0.
  2017 352 16 52 46 494 352.703315909      -0.45      1.31     -0.33  0.        -566.538       5723.122       7418.180    0.000  -0.138   0.380   0.
  2017 352 16 52 47 494 352.703327483      -0.19      1.37     -0.16  0.        -567.874       5723.953       7417.824    0.000  -0.138   0.380   0.
  2017 352 16 52 48 494 352.703339057      -0.18      1.57      0.19  0.        -569.210       5724.783       7417.468    0.000  -0.138   0.380   0.
  2017 352 16 52 49 494 352.703350631      -0.49      1.33     -0.08  0.        -570.546       5725.614       7417.111    0.000  -0.138   0.380   0.
  2017 352 16 52 50 494 352.703362205      -0.92      1.02     -0.47  0.        -571.882       5726.444       7416.754    0.000  -0.138   0.380   0.
  2017 352 16 52 51 494 352.703373779      -0.82      1.28     -0.40  0.        -573.218       5727.273       7416.397    0.000  -0.138   0.380   0.
  2017 352 16 52 52 494 352.703385353      -0.80      1.49     -0.41  0.        -574.554       5728.103       7416.039    0.000  -0.138   0.380   0.
  2017 352 16 52 53 494 352.703396927      -0.76      1.54     -0.39  0.        -575.889       5728.932       7415.681    0.000  -0.138   0.380   0.
  2017 352 16 52 54 494 352.703408501      -0.62      1.45     -0.51  0.        -577.225       5729.761       7415.322    0.000  -0.138   0.380   0.
  2017 352 16 52 55 494 352.703420075      -0.58      1.27     -0.62  0.        -578.561       5730.589       7414.963    0.000  -0.138   0.380   0.
  2017 352 16 52 56 494 352.703431649      -0.55      1.30     -0.58  0.        -579.896       5731.417       7414.604    0.000  -0.138   0.380   0.
  2017 352 16 52 57 494 352.703443223      -0.66      1.47     -0.53  0.        -581.232       5732.245       7414.244    0.000  -0.138   0.380   0.
  2017 352 16 52 58 494 352.703454797      -0.69      1.41     -0.29  0.        -582.568       5733.073       7413.884    0.000  -0.138   0.380   0.
  2017 352 16 52 59 494 352.703466372      -0.65      1.31     -0.46  0.        -583.903       5733.900       7413.524    0.000  -0.138   0.380   0.
  2017 352 16 53  0 494 352.703477946      -0.67      1.15     -0.73  0.        -585.239       5734.727       7413.163    0.000  -0.138   0.380   0.
  2017 352 16 53  1 494 352.703489520      -0.66      1.08     -0.93  0.        -586.574       5735.554       7412.802    0.000  -0.138   0.380   0.
  2017 352 16 53  2 494 352.703501094      -0.41      1.37     -0.59  0.        -587.910       5736.380       7412.440    0.000  -0.138   0.380   0.
  2017 352 16 53  3 494 352.703512668      -0.36      1.55     -0.26  0.        -589.245       5737.207       7412.078    0.000  -0.138   0.380   0.
  2017 352 16 53  4 494 352.703524242      -0.34      1.44     -0.31  0.        -590.581       5738.033       7411.716    0.000  -0.138   0.380   0.
  2017 352 16 53  5 494 352.703535816      -0.55      1.29     -0.44  0.        -591.916       5738.858       7411.353    0.000  -0.138   0.380   0.
  2017 352 16 53  6 494 352.703547390      -0.57      1.37     -0.51  0.        -593.252       5739.683       7410.990    0.000  -0.138   0.380   0.
  2017 352 16 53  7 494 352.703558964      -0.43      1.37     -0.46  0.        -594.587       5740.508       7410.627    0.000  -0.138   0.380   0.
  2017 352 16 53  8 494 352.703570538      -0.47      1.39     -0.60  0.        -595.922       5741.333       7410.263    0.000  -0.138   0.380   0.
  2017 352 16 53  9 494 352.703582112      -0.60      1.34     -0.62  0.        -597.258       5742.157       7409.898    0.000  -0.138   0.380   0.
  2017 352 16 53 10 494 352.703593686      -0.54      1.32     -0.56  0.        -598.593       5742.981       7409.534    0.000  -0.138   0.380   0.
  2017 352 16 53 11 494 352.703605260      -0.41      1.43     -0.34  0.        -599.928       5743.805       7409.169    0.000  -0.138   0.380   0.
  2017 352 16 53 12 494 352.703616832      -0.49      1.29     -0.32  0.        -601.263       5744.629       7408.803    0.000  -0.138   0.380   0.
  2017 352 16 53 13 494 352.703628406      -0.56      1.22     -0.52  0.        -602.598       5745.452       7408.437    0.000  -0.138   0.380   0.
  2017 352 16 53 14 494 352.703639980      -0.59      1.20     -0.74  0.        -603.933       5746.275       7408.071    0.000  -0.138   0.380   0.
  2017 352 16 53 15 494 352.703651554      -0.54      1.20     -0.67  0.        -605.269       5747.097       7407.705    0.000  -0.138   0.380   0.
  2017 352 16 53 16 494 352.703663128      -0.48      1.40     -0.51  0.        -606.604       5747.920       7407.338    0.000  -0.138   0.380   0.
  2017 352 16 53 17 494 352.703674702      -0.76      1.06     -0.61  0.        -607.939       5748.742       7406.970    0.000  -0.138   0.380   0.
  2017 352 16 53 18 494 352.703686276      -0.57      1.07     -0.68  0.        -609.274       5749.563       7406.602    0.000  -0.138   0.380   0.
  2017 352 16 53 19 494 352.703697850      -0.55      1.26     -0.94  0.        -610.609       5750.385       7406.234    0.000  -0.138   0.380   0.
  2017 352 16 53 20 494 352.703709424      -0.71      1.19     -0.81  0.        -611.944       5751.206       7405.866    0.000  -0.138   0.380   0.
  2017 352 16 53 21 494 352.703720998      -0.72      1.30     -0.86  0.        -613.279       5752.027       7405.497    0.000  -0.138   0.380   0.
  2017 352 16 53 22 494 352.703732572      -0.67      1.12     -0.48  0.        -614.613       5752.847       7405.128    0.000  -0.138   0.380   0.
  2017 352 16 53 23 494 352.703744146      -0.30      1.11     -0.39  0.        -615.948       5753.667       7404.758    0.000  -0.138   0.380   0.
  2017 352 16 53 24 494 352.703755720      -0.17      1.22     -0.70  0.        -617.283       5754.487       7404.388    0.000  -0.138   0.380   0.
  2017 352 16 53 25 494 352.703767295      -0.34      1.32     -0.49  0.        -618.618       5755.307       7404.018    0.000  -0.138   0.380   0.
  2017 352 16 53 26 494 352.703778869      -0.58      1.28     -0.39  0.        -619.953       5756.126       7403.647    0.000  -0.138   0.380   0.
  2017 352 16 53 27 494 352.703790443      -0.30      1.29     -0.37  0.        -621.287       5756.945       7403.276    0.000  -0.138   0.380   0.
  2017 352 16 53 28 494 352.703802017      -0.41      1.14     -0.77  0.        -622.622       5757.764       7402.904    0.000  -0.138   0.380   0.
  2017 352 16 53 29 494 352.703813591      -0.44      1.23     -0.49  0.        -623.957       5758.582       7402.532    0.000  -0.138   0.380   0.
  2017 352 16 53 30 494 352.703825165      -0.73      1.13     -0.54  0.        -625.291       5759.401       7402.160    0.000  -0.138   0.380   0.
  2017 352 16 53 31 494 352.703836739      -1.01      1.32     -0.55  0.        -626.626       5760.218       7401.787    0.000  -0.138   0.380   0.
  2017 352 16 53 32 494 352.703848313      -0.80      1.24     -0.46  0.        -627.960       5761.036       7401.414    0.000  -0.138   0.380   0.
  2017 352 16 53 33 494 352.703859887      -0.68      1.26     -0.49  0.        -629.295       5761.853       7401.041    0.000  -0.138   0.380   0.
  2017 352 16 53 34 494 352.703871461      -0.57      1.19     -0.63  0.        -630.629       5762.670       7400.667    0.000  -0.138   0.380   0.
  2017 352 16 53 35 494 352.703883035      -0.59      1.25     -0.64  0.        -631.964       5763.487       7400.293    0.000  -0.138   0.380   0.
  2017 352 16 53 36 494 352.703894609      -0.87      1.25     -0.95  0.        -633.298       5764.303       7399.918    0.000  -0.138   0.380   0.
  2017 352 16 53 37 494 352.703906183      -0.82      1.26     -0.76  0.        -634.633       5765.119       7399.543    0.000  -0.138   0.380   0.
  2017 352 16 53 38 494 352.703917758      -0.75      1.34     -0.66  0.        -635.967       5765.935       7399.168    0.000  -0.138   0.380   0.
  2017 352 16 53 39 494 352.703929331      -0.66      1.42     -0.79  0.        -637.301       5766.751       7398.792    0.000  -0.138   0.380   0.
  2017 352 16 53 40 494 352.703940903      -0.76      1.46     -0.44  0.        -638.636       5767.566       7398.416    0.000  -0.138   0.380   0.
  2017 352 16 53 41 494 352.703952477      -0.65      1.36     -0.43  0.        -639.970       5768.381       7398.039    0.000  -0.138   0.380   0.
  2017 352 16 53 42 494 352.703964051      -0.57      1.31     -0.53  0.        -641.304       5769.195       7397.662    0.000  -0.138   0.380   0.
  2017 352 16 53 43 493 352.703975625      -0.53      1.21     -0.52  0.        -642.638       5770.010       7397.285    0.000  -0.138   0.380   0.
  2017 352 16 53 44 493 352.703987199      -0.47      1.28     -0.44  0.        -643.973       5770.824       7396.907    0.000  -0.138   0.380   0.
  2017 352 16 53 45 493 352.703998773      -0.38      1.26     -0.46  0.        -645.307       5771.637       7396.529    0.000  -0.138   0.380   0.
  2017 352 16 53 46 493 352.704010347      -0.45      1.23     -0.91  0.        -646.641       5772.451       7396.151    0.000  -0.138   0.380   0.
  2017 352 16 53 47 493 352.704021921      -0.77      1.16     -0.91  0.        -647.975       5773.264       7395.772    0.000  -0.138   0.380   0.
  2017 352 16 53 48 494 352.704033495      -0.53      1.27     -0.53  0.        -649.309       5774.077       7395.393    0.000  -0.138   0.380   0.
  2017 352 16 53 49 494 352.704045069      -0.51      1.26     -0.55  0.        -650.643       5774.889       7395.013    0.000  -0.138   0.380   0.
  2017 352 16 53 50 493 352.704056644      -0.55      1.32     -0.49  0.        -651.977       5775.701       7394.633    0.000  -0.138   0.380   0.
  2017 352 16 53 51 493 352.704068218      -0.55      1.43     -0.25  0.        -653.311       5776.513       7394.253    0.000  -0.138   0.380   0.
  2017 352 16 53 52 494 352.704079792      -0.48      1.36     -0.27  0.        -654.645       5777.325       7393.872    0.000  -0.138   0.380   0.
  2017 352 16 53 53 494 352.704091366      -0.78      1.04     -0.84  0.        -655.979       5778.136       7393.491    0.000  -0.138   0.380   0.
  2017 352 16 53 54 494 352.704102940      -0.54      1.42     -0.38  0.        -657.312       5778.947       7393.110    0.000  -0.138   0.380   0.
  2017 352 16 53 55 494 352.704114514      -0.25      1.54     -0.18  0.        -658.646       5779.758       7392.728    0.000  -0.138   0.380   0.
  2017 352 16 53 56 494 352.704126088      -0.44      1.30     -0.63  0.        -659.980       5780.568       7392.346    0.000  -0.138   0.380   0.
  2017 352 16 53 57 493 352.704137662      -0.71      1.24     -0.58  0.        -661.314       5781.378       7391.963    0.000  -0.138   0.380   0.
  2017 352 16 53 58 493 352.704149236      -0.64      1.33     -0.67  0.        -662.647       5782.188       7391.580    0.000  -0.138   0.380   0.
  2017 352 16 53 59 493 352.704160810      -0.67      1.32     -0.57  0.        -663.981       5782.998       7391.197    0.000  -0.138   0.380   0.
  2017 352 16 54  0 493 352.704172384      -0.48      1.25     -0.35  0.        -665.315       5783.807       7390.813    0.000  -0.138   0.380   0.
  2017 352 16 54  1 493 352.704183958      -0.47      1.18     -0.45  0.        -666.648       5784.616       7390.429    0.000  -0.138   0.380   0.
  2017 352 16 54  2 494 352.704195532      -0.35      1.15     -0.52  0.        -667.982       5785.425       7390.044    0.000  -0.138   0.380   0.
  2017 352 16 54  3 494 352.704207107      -0.36      1.11     -0.55  0.        -669.315       5786.233       7389.660    0.000  -0.138   0.380   0.
  2017 352 16 54  4 493 352.704218681      -0.31      1.21     -0.53  0.        -670.649       5787.041       7389.274    0.000  -0.138   0.380   0.
  2017 352 16 54  5 493 352.704230255      -0.38      1.16     -0.54  0.        -671.982       5787.849       7388.889    0.000  -0.138   0.380   0.
  2017 352 16 54  6 494 352.704241829      -0.37      1.20     -0.38  0.        -673.316       5788.656       7388.503    0.000  -0.138   0.380   0.
  2017 352 16 54  7 494 352.704253402      -0.39      1.27     -0.46  0.        -674.649       5789.463       7388.116    0.000  -0.138   0.380   0.
  2017 352 16 54  8 493 352.704264974      -0.55      1.14     -0.59  0.        -675.982       5790.270       7387.729    0.000  -0.138   0.380   0.
  2017 352 16 54  9 493 352.704276548      -0.65      1.18     -0.56  0.        -677.316       5791.077       7387.342    0.000  -0.138   0.380   0.
  2017 352 16 54 10 493 352.704288122      -0.56      1.19     -0.62  0.        -678.649       5791.883       7386.955    0.000  -0.138   0.380   0.
  2017 352 16 54 11 493 352.704299696      -0.43      1.28     -0.52  0.        -679.982       5792.689       7386.567    0.000  -0.138   0.380   0.
  2017 352 16 54 12 493 352.704311270      -0.54      1.28     -0.47  0.        -681.315       5793.495       7386.178    0.000  -0.138   0.380   0.
  2017 352 16 54 13 493 352.704322844      -0.59      1.12     -0.57  0.        -682.649       5794.300       7385.790    0.000  -0.138   0.380   0.
  2017 352 16 54 14 493 352.704334418      -0.44      1.20     -0.65  0.        -683.982       5795.105       7385.401    0.000  -0.138   0.380   0.
  2017 352 16 54 15 493 352.704345992      -0.40      1.26     -0.46  0.        -685.315       5795.910       7385.011    0.000  -0.138   0.380   0.
  2017 352 16 54 16 493 352.704357567      -0.50      1.13     -0.72  0.        -686.648       5796.714       7384.621    0.000  -0.138   0.380   0.
  2017 352 16 54 17 493 352.704369141      -0.79      0.97     -0.78  0.        -687.981       5797.519       7384.231    0.000  -0.138   0.380   0.
  2017 352 16 54 18 493 352.704380715      -0.42      1.25     -0.24  0.        -689.314       5798.323       7383.841    0.000  -0.138   0.380   0.
  2017 352 16 54 19 493 352.704392289      -0.23      1.58     -0.15  0.        -690.647       5799.126       7383.450    0.000  -0.138   0.380   0.
  2017 352 16 54 20 493 352.704403863      -0.56      1.35     -0.49  0.        -691.980       5799.929       7383.058    0.000  -0.138   0.380   0.
  2017 352 16 54 21 493 352.704415437      -0.96      1.33     -0.25  0.        -693.313       5800.732       7382.667    0.000  -0.138   0.380   0.
  2017 352 16 54 22 493 352.704427011      -0.82      1.29     -0.43  0.        -694.646       5801.535       7382.275    0.000  -0.138   0.380   0.
  2017 352 16 54 23 493 352.704438585      -0.75      1.12     -0.62  0.        -695.978       5802.338       7381.882    0.000  -0.138   0.380   0.
  2017 352 16 54 24 493 352.704450159      -0.65      1.27     -0.51  0.        -697.311       5803.140       7381.489    0.000  -0.138   0.380   0.
  2017 352 16 54 25 493 352.704461733      -0.69      1.36     -0.27  0.        -698.644       5803.941       7381.096    0.000  -0.138   0.380   0.
  2017 352 16 54 26 493 352.704473307      -0.77      1.22     -0.33  0.        -699.977       5804.743       7380.702    0.000  -0.138   0.380   0.
  2017 352 16 54 27 493 352.704484881      -0.74      1.09     -0.83  0.        -701.309       5805.544       7380.308    0.000  -0.138   0.380   0.
  2017 352 16 54 28 493 352.704496455      -0.65      1.35     -0.56  0.        -702.642       5806.345       7379.914    0.000  -0.138   0.380   0.
  2017 352 16 54 29 493 352.704508030      -0.74      1.51     -0.29  0.        -703.975       5807.146       7379.519    0.000  -0.138   0.380   0.
  2017 352 16 54 30 493 352.704519604      -0.77      1.31     -0.53  0.        -705.307       5807.946       7379.124    0.000  -0.138   0.380   0.
  2017 352 16 54 31 493 352.704531178      -0.65      1.52     -0.50  0.        -706.640       5808.746       7378.729    0.000  -0.138   0.380   0.
  2017 352 16 54 32 493 352.704542752      -0.77      1.51     -0.69  0.        -707.972       5809.546       7378.333    0.000  -0.138   0.380   0.
  2017 352 16 54 33 493 352.704554326      -1.29      1.35     -0.94  0.        -709.305       5810.345       7377.936    0.000  -0.138   0.380   0.
  2017 352 16 54 34 493 352.704565900      -1.62      1.21     -1.03  0.        -710.637       5811.144       7377.540    0.000  -0.138   0.380   0.
  2017 352 16 54 35 493 352.704577474      -1.59      1.08     -0.72  0.        -711.970       5811.943       7377.143    0.000  -0.138   0.380   0.
  2017 352 16 54 36 493 352.704589048      -0.81      1.53     -0.51  0.        -713.302       5812.742       7376.745    0.000  -0.138   0.380   0.
  2017 352 16 54 37 493 352.704600622      -1.12      1.15     -1.06  0.        -714.634       5813.540       7376.348    0.000  -0.138   0.380   0.
  2017 352 16 54 38 493 352.704612193      -1.38      1.07     -0.90  0.        -715.966       5814.338       7375.950    0.000  -0.138   0.380   0.
  2017 352 16 54 39 493 352.704623767      -1.28      1.27     -0.51  0.        -717.299       5815.136       7375.551    0.000  -0.138   0.380   0.
  2017 352 16 54 40 493 352.704635341      -1.02      1.41     -0.56  0.        -718.631       5815.933       7375.152    0.000  -0.138   0.380   0.
  2017 352 16 54 41 493 352.704646916      -1.14      1.37     -0.62  0.        -719.963       5816.730       7374.753    0.000  -0.138   0.380   0.
  2017 352 16 54 42 493 352.704658490      -1.02      1.51     -0.62  0.        -721.295       5817.527       7374.353    0.000  -0.138   0.380   0.
  2017 352 16 54 43 493 352.704670064      -0.92      1.41     -0.46  0.        -722.627       5818.323       7373.953    0.000  -0.138   0.380   0.
  2017 352 16 54 44 493 352.704681638      -0.66      1.44     -0.42  0.        -723.959       5819.119       7373.553    0.000  -0.138   0.380   0.
  2017 352 16 54 45 493 352.704693212      -0.70      1.22     -0.58  0.        -725.291       5819.915       7373.152    0.000  -0.138   0.380   0.
  2017 352 16 54 46 493 352.704704786      -0.78      1.15     -0.60  0.        -726.623       5820.711       7372.751    0.000  -0.138   0.380   0.
  2017 352 16 54 47 493 352.704716360      -0.87      1.32     -0.51  0.        -727.955       5821.506       7372.349    0.000  -0.138   0.380   0.
  2017 352 16 54 48 493 352.704727934      -0.85      1.36     -0.44  0.        -729.287       5822.301       7371.947    0.000  -0.138   0.380   0.
  2017 352 16 54 49 493 352.704739508      -0.76      1.35     -0.52  0.        -730.619       5823.096       7371.545    0.000  -0.138   0.380   0.
  2017 352 16 54 50 493 352.704751082      -0.71      1.23     -0.65  0.        -731.951       5823.890       7371.142    0.000  -0.138   0.380   0.
  2017 352 16 54 51 493 352.704762656      -0.64      1.17     -0.63  0.        -733.283       5824.684       7370.739    0.000  -0.138   0.380   0.
  2017 352 16 54 52 493 352.704774230      -0.61      1.21     -0.65  0.        -734.614       5825.478       7370.336    0.000  -0.138   0.380   0.
  2017 352 16 54 53 493 352.704785804      -0.58      1.24     -0.65  0.        -735.946       5826.271       7369.932    0.000  -0.138   0.380   0.
  2017 352 16 54 54 493 352.704797378      -0.47      1.33     -0.57  0.        -737.278       5827.065       7369.528    0.000  -0.138   0.380   0.
  2017 352 16 54 55 493 352.704808953      -0.46      1.35     -0.64  0.        -738.610       5827.857       7369.123    0.000  -0.138   0.380   0.
  2017 352 16 54 56 493 352.704820527      -0.55      1.25     -0.64  0.        -739.941       5828.650       7368.718    0.000  -0.138   0.380   0.
  2017 352 16 54 57 493 352.704832101      -0.58      1.29     -0.77  0.        -741.273       5829.442       7368.313    0.000  -0.138   0.380   0.
  2017 352 16 54 58 493 352.704843675      -0.54      1.21     -0.74  0.        -742.604       5830.234       7367.907    0.000  -0.138   0.380   0.
  2017 352 16 54 59 493 352.704855249      -0.56      1.18     -0.69  0.        -743.936       5831.026       7367.501    0.000  -0.138   0.380   0.
  2017 352 16 55  0 493 352.704866823      -0.51      1.30     -0.89  0.        -745.267       5831.817       7367.095    0.000  -0.138   0.380   0.
  2017 352 16 55  1 493 352.704878397      -0.83      1.13     -0.91  0.        -746.599       5832.608       7366.688    0.000  -0.138   0.380   0.
  2017 352 16 55  2 493 352.704889971      -0.64      1.27     -0.58  0.        -747.930       5833.399       7366.281    0.000  -0.138   0.380   0.
  2017 352 16 55  3 493 352.704901545      -0.59      1.17     -0.77  0.        -749.261       5834.190       7365.873    0.000  -0.138   0.380   0.
  2017 352 16 55  4 493 352.704913119      -0.66      1.28     -0.79  0.        -750.593       5834.980       7365.465    0.000  -0.138   0.380   0.
  2017 352 16 55  5 493 352.704924693      -0.68      1.33     -0.87  0.        -751.924       5835.770       7365.057    0.000  -0.138   0.380   0.
  2017 352 16 55  6 493 352.704936264      -0.76      1.22     -1.02  0.        -753.255       5836.559       7364.648    0.000  -0.138   0.380   0.
  2017 352 16 55  7 493 352.704947839      -0.78      1.24     -0.86  0.        -754.586       5837.349       7364.239    0.000  -0.138   0.380   0.
  2017 352 16 55  8 493 352.704959413      -0.65      1.14     -0.81  0.        -755.917       5838.138       7363.829    0.000  -0.138   0.380   0.
  2017 352 16 55  9 493 352.704970987      -0.58      1.23     -0.72  0.        -757.249       5838.926       7363.420    0.000  -0.138   0.380   0.
  2017 352 16 55 10 493 352.704982561      -0.74      1.42     -0.68  0.        -758.580       5839.715       7363.009    0.000  -0.138   0.380   0.
  2017 352 16 55 11 493 352.704994135      -0.99      1.28     -0.67  0.        -759.911       5840.503       7362.599    0.000  -0.138   0.380   0.
  2017 352 16 55 12 493 352.705005709      -0.88      1.25     -0.62  0.        -761.242       5841.291       7362.188    0.000  -0.138   0.380   0.
  2017 352 16 55 13 493 352.705017283      -0.46      1.30     -0.65  0.        -762.573       5842.078       7361.776    0.000  -0.138   0.380   0.
  2017 352 16 55 14 493 352.705028857      -0.22      1.27     -0.67  0.        -763.904       5842.866       7361.365    0.000  -0.138   0.380   0.
  2017 352 16 55 15 493 352.705040431      -0.22      1.25     -0.70  0.        -765.234       5843.653       7360.953    0.000  -0.138   0.380   0.
  2017 352 16 55 16 493 352.705052005      -0.31      1.17     -0.60  0.        -766.565       5844.439       7360.540    0.000  -0.138   0.380   0.
  2017 352 16 55 17 493 352.705063579      -0.65      1.15     -0.56  0.        -767.896       5845.225       7360.127    0.000  -0.138   0.380   0.
  2017 352 16 55 18 493 352.705075153      -0.66      1.05     -0.76  0.        -769.227       5846.011       7359.714    0.000  -0.138   0.380   0.
  2017 352 16 55 19 493 352.705086727      -0.43      1.16     -0.76  0.        -770.558       5846.797       7359.300    0.000  -0.138   0.380   0.
  2017 352 16 55 20 493 352.705098302      -0.18      1.41     -0.78  0.        -771.888       5847.583       7358.887    0.000  -0.138   0.380   0.
  2017 352 16 55 21 493 352.705109876      -0.21      1.28     -0.70  0.        -773.219       5848.368       7358.472    0.000  -0.138   0.380   0.
  2017 352 16 55 22 493 352.705121450      -0.28      1.33     -0.75  0.        -774.549       5849.153       7358.057    0.000  -0.138   0.380   0.
  2017 352 16 55 23 493 352.705133024      -0.56      1.44     -0.72  0.        -775.880       5849.937       7357.642    0.000  -0.138   0.380   0.
  2017 352 16 55 24 493 352.705144598      -0.47      1.28     -0.62  0.        -777.211       5850.721       7357.226    0.000  -0.138   0.380   0.
  2017 352 16 55 25 493 352.705156172      -0.47      1.45     -0.53  0.        -778.541       5851.505       7356.811    0.000  -0.138   0.380   0.
  2017 352 16 55 26 493 352.705167746      -0.59      1.53     -0.73  0.        -779.871       5852.289       7356.395    0.000  -0.138   0.380   0.
  2017 352 16 55 27 493 352.705179320      -0.84      1.61     -0.57  0.        -781.202       5853.072       7355.978    0.000  -0.138   0.380   0.
  2017 352 16 55 28 493 352.705190894      -0.74      1.84     -0.28  0.        -782.532       5853.855       7355.561    0.000  -0.138   0.380   0.
  2017 352 16 55 29 493 352.705202468      -0.62      2.03     -0.02  0.        -783.863       5854.638       7355.144    0.000  -0.138   0.380   0.
  2017 352 16 55 30 493 352.705214042      -0.40      2.12      0.24  0.        -785.193       5855.421       7354.726    0.000  -0.138   0.380   0.
  2017 352 16 55 31 493 352.705225616       0.01      2.06      0.28  0.        -786.523       5856.203       7354.308    0.000  -0.138   0.380   0.
  2017 352 16 55 32 493 352.705237190       0.14      2.01      0.12  0.        -787.853       5856.985       7353.890    0.000  -0.138   0.380   0.
  2017 352 16 55 33 493 352.705248764       0.38      2.01     -0.10  0.        -789.184       5857.766       7353.471    0.000  -0.138   0.380   0.
  2017 352 16 55 34 493 352.705260339       0.76      1.83     -0.23  0.        -790.514       5858.547       7353.051    0.000  -0.138   0.380   0.
  2017 352 16 55 35 493 352.705271912       0.92      1.48     -0.60  0.        -791.844       5859.328       7352.632    0.000  -0.138   0.380   0.
  2017 352 16 55 36 493 352.705283484       0.62      1.22     -0.78  0.        -793.174       5860.109       7352.212    0.000  -0.138   0.380   0.
  2017 352 16 55 37 493 352.705295058       0.49      1.25     -0.80  0.        -794.504       5860.889       7351.791    0.000  -0.138   0.380   0.
  2017 352 16 55 38 493 352.705306632       0.29      1.25     -0.75  0.        -795.834       5861.669       7351.371    0.000  -0.138   0.380   0.
  2017 352 16 55 39 492 352.705318206       0.28      1.21     -0.70  0.        -797.164       5862.449       7350.950    0.000  -0.138   0.380   0.
  2017 352 16 55 40 492 352.705329780       0.16      1.33     -0.82  0.        -798.494       5863.229       7350.528    0.000  -0.138   0.380   0.
  2017 352 16 55 41 492 352.705341354       0.09      1.27     -0.95  0.        -799.823       5864.008       7350.106    0.000  -0.138   0.380   0.
  2017 352 16 55 42 492 352.705352928      -0.08      1.33     -1.04  0.        -801.153       5864.787       7349.684    0.000  -0.138   0.380   0.
  2017 352 16 55 43 492 352.705364502      -0.12      1.40     -1.16  0.        -802.483       5865.565       7349.261    0.000  -0.138   0.380   0.
  2017 352 16 55 44 493 352.705376076       0.00      1.02     -1.19  0.        -803.813       5866.344       7348.838    0.000  -0.138   0.380   0.
  2017 352 16 55 45 493 352.705387650       0.09      0.83     -1.28  0.        -805.142       5867.122       7348.415    0.000  -0.138   0.380   0.
  2017 352 16 55 46 492 352.705399225      -0.17      0.61     -1.70  0.        -806.472       5867.899       7347.991    0.000  -0.138   0.380   0.
  2017 352 16 55 47 492 352.705410799      -0.70      0.31     -1.68  0.        -807.802       5868.677       7347.567    0.000  -0.138   0.380   0.
  2017 352 16 55 48 493 352.705422373      -1.19      0.63     -1.19  0.        -809.131       5869.454       7347.143    0.000  -0.138   0.380   0.
  2017 352 16 55 49 493 352.705433947      -1.09      0.92     -0.76  0.        -810.461       5870.230       7346.718    0.000  -0.138   0.380   0.
  2017 352 16 55 50 493 352.705445521      -0.55      1.06     -0.41  0.        -811.790       5871.007       7346.293    0.000  -0.138   0.380   0.
  2017 352 16 55 51 493 352.705457095      -0.39      1.21     -0.29  0.        -813.120       5871.783       7345.867    0.000  -0.138   0.380   0.
  2017 352 16 55 52 493 352.705468669       0.04      1.65     -0.14  0.        -814.449       5872.559       7345.441    0.000  -0.138   0.380   0.
  2017 352 16 55 53 492 352.705480243       0.32      1.63     -0.23  0.        -815.778       5873.335       7345.015    0.000  -0.138   0.380   0.
  2017 352 16 55 54 492 352.705491817       0.27      1.59     -0.11  0.        -817.108       5874.110       7344.588    0.000  -0.138   0.380   0.
  2017 352 16 55 55 492 352.705503391       0.05      1.38     -0.16  0.        -818.437       5874.885       7344.161    0.000  -0.138   0.380   0.
  2017 352 16 55 56 492 352.705514965      -0.09      1.35     -0.46  0.        -819.766       5875.659       7343.733    0.000  -0.138   0.380   0.
  2017 352 16 55 57 493 352.705526539      -0.38      1.24     -0.59  0.        -821.095       5876.434       7343.306    0.000  -0.138   0.380   0.
  2017 352 16 55 58 493 352.705538113      -0.47      1.37     -0.68  0.        -822.424       5877.208       7342.877    0.000  -0.138   0.380   0.
  2017 352 16 55 59 493 352.705549688      -0.43      1.39     -0.66  0.        -823.753       5877.982       7342.449    0.000  -0.138   0.380   0.
  2017 352 16 56  0 492 352.705561262      -0.50      1.34     -0.94  0.        -825.082       5878.755       7342.020    0.000  -0.138   0.380   0.
  2017 352 16 56  1 493 352.705572836      -0.43      1.32     -0.84  0.        -826.412       5879.528       7341.590    0.000  -0.138   0.380   0.
  2017 352 16 56  2 493 352.705584410      -0.55      1.33     -0.90  0.        -827.740       5880.301       7341.161    0.000  -0.138   0.380   0.
  2017 352 16 56  3 493 352.705595983      -0.28      1.37     -0.77  0.        -829.069       5881.074       7340.731    0.000  -0.138   0.380   0.
  2017 352 16 56  4 492 352.705607555      -0.48      1.22     -0.79  0.        -830.398       5881.846       7340.300    0.000  -0.138   0.380   0.
  2017 352 16 56  5 492 352.705619129      -0.19      1.32     -0.29  0.        -831.727       5882.618       7339.869    0.000  -0.138   0.380   0.
  2017 352 16 56  6 492 352.705630703      -0.18      1.44     -0.44  0.        -833.056       5883.390       7339.438    0.000  -0.138   0.380   0.
  2017 352 16 56  7 492 352.705642277      -0.21      1.39     -0.51  0.        -834.385       5884.161       7339.006    0.000  -0.138   0.380   0.
  2017 352 16 56  8 492 352.705653851      -0.32      1.37     -0.60  0.        -835.713       5884.932       7338.574    0.000  -0.138   0.380   0.
  2017 352 16 56  9 492 352.705665425      -0.42      1.34     -0.57  0.        -837.042       5885.703       7338.142    0.000  -0.138   0.380   0.
  2017 352 16 56 10 492 352.705676999      -0.47      1.30     -0.60  0.        -838.371       5886.474       7337.710    0.000  -0.138   0.380   0.
  2017 352 16 56 11 492 352.705688573      -0.55      1.19     -0.71  0.        -839.699       5887.244       7337.277    0.000  -0.138   0.380   0.
  2017 352 16 56 12 492 352.705700148      -0.48      1.07     -0.73  0.        -841.028       5888.014       7336.843    0.000  -0.138   0.380   0.
  2017 352 16 56 13 492 352.705711722      -0.47      1.19     -0.70  0.        -842.356       5888.784       7336.409    0.000  -0.138   0.380   0.
  2017 352 16 56 14 492 352.705723296      -0.38      1.31     -0.75  0.        -843.685       5889.553       7335.975    0.000  -0.138   0.380   0.
  2017 352 16 56 15 492 352.705734870      -0.55      1.34     -0.76  0.        -845.013       5890.322       7335.540    0.000  -0.138   0.380   0.
  2017 352 16 56 16 492 352.705746444      -0.79      1.36     -0.63  0.        -846.342       5891.091       7335.106    0.000  -0.138   0.380   0.
  2017 352 16 56 17 492 352.705758018      -0.81      1.24     -0.45  0.        -847.670       5891.859       7334.670    0.000  -0.138   0.380   0.
  2017 352 16 56 18 492 352.705769592      -0.49      1.17     -0.58  0.        -848.998       5892.627       7334.235    0.000  -0.138   0.380   0.
  2017 352 16 56 19 492 352.705781166      -0.47      1.27     -0.66  0.        -850.327       5893.395       7333.798    0.000  -0.138   0.380   0.
  2017 352 16 56 20 492 352.705792740      -0.39      1.52     -0.56  0.        -851.655       5894.162       7333.362    0.000  -0.138   0.380   0.
  2017 352 16 56 21 492 352.705804314      -0.36      1.66     -0.45  0.        -852.983       5894.930       7332.925    0.000  -0.138   0.380   0.
  2017 352 16 56 22 492 352.705815888      -0.29      1.56     -0.67  0.        -854.311       5895.697       7332.488    0.000  -0.138   0.380   0.
  2017 352 16 56 23 492 352.705827462      -0.40      1.34     -0.94  0.        -855.639       5896.463       7332.051    0.000  -0.138   0.380   0.
  2017 352 16 56 24 492 352.705839036      -0.37      1.21     -1.23  0.        -856.967       5897.230       7331.613    0.000  -0.138   0.380   0.
  2017 352 16 56 25 492 352.705850611      -0.55      1.07     -1.13  0.        -858.295       5897.996       7331.174    0.000  -0.138   0.380   0.
  2017 352 16 56 26 492 352.705862185      -0.50      1.04     -1.27  0.        -859.623       5898.761       7330.736    0.000  -0.138   0.380   0.
  2017 352 16 56 27 492 352.705873759      -0.55      0.95     -1.24  0.        -860.951       5899.527       7330.297    0.000  -0.138   0.380   0.
  2017 352 16 56 28 492 352.705885333      -0.49      1.08     -0.96  0.        -862.279       5900.292       7329.857    0.000  -0.138   0.380   0.
  2017 352 16 56 29 492 352.705896907      -0.24      1.27     -0.73  0.        -863.607       5901.057       7329.418    0.000  -0.138   0.380   0.
  2017 352 16 56 30 492 352.705908481      -0.65      1.15     -0.85  0.        -864.934       5901.821       7328.977    0.000  -0.139   0.381   0.
  2017 352 16 56 31 492 352.705920055      -0.84      1.21     -0.47  0.        -866.262       5902.585       7328.537    0.000  -0.139   0.381   0.
  2017 352 16 56 32 492 352.705931629      -0.62      1.34     -0.31  0.        -867.590       5903.349       7328.096    0.000  -0.138   0.380   0.
  2017 352 16 56 33 492 352.705943203      -0.53      1.27     -0.15  0.        -868.917       5904.113       7327.655    0.000  -0.138   0.380   0.
  2017 352 16 56 34 492 352.705954774      -0.48      1.35     -0.07  0.        -870.245       5904.876       7327.213    0.000  -0.138   0.380   0.
  2017 352 16 56 35 492 352.705966348      -0.53      1.28      0.04  0.        -871.572       5905.639       7326.771    0.000  -0.138   0.380   0.
  2017 352 16 56 36 492 352.705977922      -0.49      1.31      0.12  0.        -872.900       5906.402       7326.329    0.000  -0.138   0.380   0.
  2017 352 16 56 37 492 352.705989496      -0.43      1.24      0.26  0.        -874.227       5907.164       7325.886    0.000  -0.138   0.380   0.
  2017 352 16 56 38 492 352.706001071      -0.16      1.29      0.21  0.        -875.555       5907.927       7325.443    0.000  -0.138   0.380   0.
  2017 352 16 56 39 492 352.706012645       0.12      1.34     -0.03  0.        -876.882       5908.688       7324.999    0.000  -0.138   0.380   0.
  2017 352 16 56 40 492 352.706024219       0.15      1.30     -0.21  0.        -878.210       5909.450       7324.555    0.000  -0.138   0.380   0.
  2017 352 16 56 41 492 352.706035793       0.03      1.36     -0.50  0.        -879.537       5910.211       7324.111    0.000  -0.138   0.380   0.
  2017 352 16 56 42 492 352.706047367      -0.26      1.36     -0.38  0.        -880.864       5910.972       7323.667    0.000  -0.138   0.380   0.
  2017 352 16 56 43 492 352.706058941      -0.51      1.47     -0.20  0.        -882.191       5911.733       7323.222    0.000  -0.138   0.380   0.
  2017 352 16 56 44 492 352.706070515      -0.35      1.65      0.00  0.        -883.518       5912.493       7322.776    0.000  -0.138   0.380   0.
  2017 352 16 56 45 492 352.706082089      -0.12      1.47      0.15  0.        -884.845       5913.253       7322.330    0.000  -0.138   0.380   0.
  2017 352 16 56 46 492 352.706093663      -0.16      1.29     -0.15  0.        -886.173       5914.013       7321.884    0.000  -0.138   0.380   0.
  2017 352 16 56 47 492 352.706105237      -0.24      1.34     -0.26  0.        -887.500       5914.772       7321.438    0.000  -0.138   0.380   0.
  2017 352 16 56 48 492 352.706116811      -0.24      1.18     -0.17  0.        -888.827       5915.531       7320.991    0.000  -0.138   0.380   0.
  2017 352 16 56 49 492 352.706128385      -0.23      1.55      0.04  0.        -890.153       5916.290       7320.544    0.000  -0.138   0.380   0.
  2017 352 16 56 50 492 352.706139959      -0.13      1.54      0.01  0.        -891.480       5917.049       7320.096    0.000  -0.138   0.380   0.
  2017 352 16 56 51 492 352.706151534      -0.16      1.57      0.09  0.        -892.807       5917.807       7319.648    0.000  -0.138   0.380   0.
  2017 352 16 56 52 492 352.706163108      -0.13      1.55     -0.17  0.        -894.134       5918.565       7319.200    0.000  -0.138   0.380   0.
  2017 352 16 56 53 492 352.706174682      -0.24      1.44     -0.38  0.        -895.461       5919.323       7318.751    0.000  -0.138   0.380   0.
  2017 352 16 56 54 492 352.706186256      -0.46      1.51     -0.32  0.        -896.787       5920.080       7318.302    0.000  -0.138   0.380   0.
  2017 352 16 56 55 492 352.706197830      -0.65      1.37     -0.05  0.        -898.114       5920.837       7317.853    0.000  -0.138   0.380   0.
  2017 352 16 56 56 492 352.706209404      -0.42      1.40      0.15  0.        -899.441       5921.594       7317.403    0.000  -0.138   0.380   0.
  2017 352 16 56 57 492 352.706220978      -0.25      1.35     -0.05  0.        -900.767       5922.350       7316.953    0.000  -0.138   0.380   0.
  2017 352 16 56 58 492 352.706232552      -0.24      1.32     -0.15  0.        -902.094       5923.106       7316.502    0.000  -0.138   0.380   0.
  2017 352 16 56 59 492 352.706244126      -0.43      1.33     -0.34  0.        -903.420       5923.862       7316.051    0.000  -0.138   0.380   0.
  2017 352 16 57  0 492 352.706255700      -0.40      1.26     -0.27  0.        -904.747       5924.618       7315.600    0.000  -0.138   0.380   0.
  2017 352 16 57  1 492 352.706267274      -0.35      1.33     -0.33  0.        -906.073       5925.373       7315.148    0.000  -0.138   0.380   0.
  2017 352 16 57  2 492 352.706278846      -0.17      1.25     -0.27  0.        -907.399       5926.128       7314.696    0.000  -0.138   0.380   0.
  2017 352 16 57  3 492 352.706290420       0.01      1.07     -0.31  0.        -908.726       5926.883       7314.244    0.000  -0.138   0.380   0.
  2017 352 16 57  4 492 352.706301994       0.09      1.09     -0.53  0.        -910.052       5927.637       7313.791    0.000  -0.138   0.380   0.
  2017 352 16 57  5 492 352.706313568       0.10      1.12     -0.58  0.        -911.378       5928.391       7313.338    0.000  -0.138   0.380   0.
  2017 352 16 57  6 492 352.706325142      -0.00      1.10     -0.70  0.        -912.704       5929.145       7312.884    0.000  -0.138   0.380   0.
  2017 352 16 57  7 492 352.706336716      -0.22      1.18     -0.72  0.        -914.030       5929.898       7312.431    0.000  -0.138   0.380   0.
  2017 352 16 57  8 492 352.706348290      -0.34      1.20     -0.67  0.        -915.356       5930.651       7311.976    0.000  -0.138   0.380   0.
  2017 352 16 57  9 492 352.706359864      -0.58      1.38     -0.59  0.        -916.682       5931.404       7311.522    0.000  -0.138   0.380   0.
  2017 352 16 57 10 492 352.706371438      -0.49      1.33     -0.49  0.        -918.008       5932.157       7311.067    0.000  -0.138   0.380   0.
  2017 352 16 57 11 492 352.706383012      -0.61      1.32     -0.45  0.        -919.334       5932.909       7310.611    0.000  -0.138   0.380   0.
  2017 352 16 57 12 492 352.706394586      -0.61      1.40     -0.52  0.        -920.660       5933.661       7310.156    0.000  -0.138   0.380   0.
  2017 352 16 57 13 492 352.706406160      -0.66      1.56     -0.13  0.        -921.986       5934.413       7309.700    0.000  -0.138   0.380   0.
  2017 352 16 57 14 492 352.706417734      -0.37      1.79     -0.06  0.        -923.312       5935.164       7309.243    0.000  -0.138   0.380   0.
  2017 352 16 57 15 492 352.706429308      -0.53      1.55      0.00  0.        -924.637       5935.915       7308.786    0.000  -0.138   0.380   0.
  2017 352 16 57 16 492 352.706440883      -0.52      1.52     -0.03  0.        -925.963       5936.666       7308.329    0.000  -0.138   0.380   0.
  2017 352 16 57 17 492 352.706452457      -0.62      1.66     -0.28  0.        -927.289       5937.416       7307.871    0.000  -0.138   0.380   0.
  2017 352 16 57 18 492 352.706464031      -0.71      1.46     -0.27  0.        -928.614       5938.166       7307.414    0.000  -0.138   0.380   0.
  2017 352 16 57 19 492 352.706475605      -0.67      1.56     -0.02  0.        -929.940       5938.916       7306.955    0.000  -0.138   0.380   0.
  2017 352 16 57 20 492 352.706487179      -0.55      1.56     -0.34  0.        -931.265       5939.666       7306.497    0.000  -0.138   0.380   0.
  2017 352 16 57 21 492 352.706498753      -0.84      1.51      0.11  0.        -932.591       5940.415       7306.037    0.000  -0.138   0.380   0.
  2017 352 16 57 22 492 352.706510327      -0.48      1.44      0.26  0.        -933.916       5941.164       7305.578    0.000  -0.138   0.380   0.
  2017 352 16 57 23 492 352.706521901      -0.46      1.58     -0.40  0.        -935.241       5941.913       7305.118    0.000  -0.138   0.380   0.
  2017 352 16 57 24 492 352.706533475      -0.71      1.54      0.26  0.        -936.567       5942.661       7304.658    0.000  -0.138   0.380   0.
  2017 352 16 57 25 492 352.706545049      -0.30      1.95      0.42  0.        -937.892       5943.409       7304.198    0.000  -0.138   0.380   0.
  2017 352 16 57 26 492 352.706556623      -0.34      1.78      0.22  0.        -939.217       5944.157       7303.737    0.000  -0.138   0.380   0.
  2017 352 16 57 27 492 352.706568197      -0.70      1.49     -0.37  0.        -940.542       5944.904       7303.275    0.000  -0.138   0.380   0.
  2017 352 16 57 28 492 352.706579771      -0.16      1.85     -0.26  0.        -941.867       5945.651       7302.814    0.000  -0.138   0.380   0.
  2017 352 16 57 29 492 352.706591346      -0.00      1.85      0.16  0.        -943.193       5946.398       7302.352    0.000  -0.138   0.380   0.
  2017 352 16 57 30 492 352.706602920       0.32      1.76      0.25  0.        -944.518       5947.145       7301.889    0.000  -0.138   0.380   0.
  2017 352 16 57 31 492 352.706614494      -0.06      1.56     -0.03  0.        -945.843       5947.891       7301.427    0.000  -0.138   0.380   0.
  2017 352 16 57 32 492 352.706626068       0.11      1.58     -0.37  0.        -947.168       5948.637       7300.963    0.000  -0.138   0.380   0.
  2017 352 16 57 33 492 352.706637641       0.01      1.53     -0.47  0.        -948.492       5949.383       7300.500    0.000  -0.138   0.380   0.
  2017 352 16 57 34 492 352.706649213      -0.25      1.49     -0.22  0.        -949.817       5950.128       7300.036    0.000  -0.138   0.380   0.
  2017 352 16 57 35 491 352.706660787      -0.13      1.62     -0.29  0.        -951.142       5950.873       7299.572    0.000  -0.138   0.380   0.
  2017 352 16 57 36 491 352.706672361      -0.11      1.70     -0.20  0.        -952.467       5951.618       7299.107    0.000  -0.138   0.380   0.
  2017 352 16 57 37 491 352.706683935      -0.07      1.63     -0.40  0.        -953.791       5952.362       7298.642    0.000  -0.138   0.380   0.
  2017 352 16 57 38 491 352.706695509      -0.27      1.55     -0.62  0.        -955.116       5953.106       7298.177    0.000  -0.138   0.380   0.
  2017 352 16 57 39 491 352.706707083      -0.40      1.66     -0.60  0.        -956.441       5953.850       7297.711    0.000  -0.138   0.380   0.
  2017 352 16 57 40 492 352.706718657      -0.39      1.81     -0.60  0.        -957.765       5954.594       7297.245    0.000  -0.138   0.380   0.
  2017 352 16 57 41 492 352.706730232      -0.35      1.85     -0.19  0.        -959.090       5955.337       7296.779    0.000  -0.138   0.380   0.
  2017 352 16 57 42 491 352.706741806      -0.32      1.67     -0.24  0.        -960.414       5956.080       7296.312    0.000  -0.138   0.380   0.
  2017 352 16 57 43 491 352.706753380      -0.45      1.49     -0.50  0.        -961.738       5956.823       7295.845    0.000  -0.138   0.380   0.
  2017 352 16 57 44 492 352.706764954      -0.13      1.78     -0.27  0.        -963.063       5957.565       7295.377    0.000  -0.138   0.380   0.
  2017 352 16 57 45 492 352.706776528      -0.18      2.05      0.17  0.        -964.387       5958.307       7294.909    0.000  -0.138   0.380   0.
  2017 352 16 57 46 492 352.706788102      -0.23      1.70      0.21  0.        -965.711       5959.049       7294.441    0.000  -0.138   0.380   0.
  2017 352 16 57 47 492 352.706799676      -0.32      1.52     -0.13  0.        -967.036       5959.790       7293.972    0.000  -0.138   0.380   0.
  2017 352 16 57 48 491 352.706811250      -0.19      1.51     -0.39  0.        -968.360       5960.531       7293.503    0.000  -0.138   0.380   0.
  2017 352 16 57 49 491 352.706822824      -0.40      1.45     -0.12  0.        -969.684       5961.272       7293.034    0.000  -0.138   0.380   0.
  2017 352 16 57 50 491 352.706834398      -0.21      1.67     -0.08  0.        -971.008       5962.013       7292.564    0.000  -0.138   0.380   0.
  2017 352 16 57 51 491 352.706845972      -0.06      1.60     -0.19  0.        -972.332       5962.753       7292.094    0.000  -0.138   0.380   0.
  2017 352 16 57 52 491 352.706857546      -0.61      1.35     -0.27  0.        -973.656       5963.493       7291.624    0.000  -0.138   0.380   0.
  2017 352 16 57 53 492 352.706869120      -0.15      1.51     -0.26  0.        -974.980       5964.233       7291.153    0.000  -0.138   0.380   0.
  2017 352 16 57 54 492 352.706880694      -0.26      1.42     -0.25  0.        -976.304       5964.972       7290.682    0.000  -0.138   0.380   0.
  2017 352 16 57 55 491 352.706892269      -0.40      1.66     -0.46  0.        -977.627       5965.711       7290.210    0.000  -0.138   0.380   0.
  2017 352 16 57 56 491 352.706903843      -0.30      1.63     -0.36  0.        -978.951       5966.450       7289.738    0.000  -0.139   0.381   0.
  2017 352 16 57 57 492 352.706915417      -0.51      1.52     -0.26  0.        -980.275       5967.188       7289.266    0.000  -0.139   0.381   0.
  2017 352 16 57 58 492 352.706926991      -0.34      1.47      0.04  0.        -981.599       5967.926       7288.793    0.000  -0.138   0.380   0.
  2017 352 16 57 59 492 352.706938565      -0.39      1.39     -0.07  0.        -982.922       5968.664       7288.320    0.000  -0.138   0.380   0.
  2017 352 16 58  0 492 352.706950139      -0.25      1.59     -0.16  0.        -984.246       5969.402       7287.847    0.000  -0.138   0.380   0.
  2017 352 16 58  1 492 352.706961713      -0.32      1.63     -0.30  0.        -985.569       5970.139       7287.373    0.000  -0.138   0.380   0.
  2017 352 16 58  2 491 352.706973284      -0.56      1.37     -0.31  0.        -986.893       5970.876       7286.899    0.000  -0.138   0.380   0.
  2017 352 16 58  3 491 352.706984858      -0.43      1.52     -0.16  0.        -988.216       5971.613       7286.424    0.000  -0.138   0.380   0.
  2017 352 16 58  4 491 352.706996432      -0.60      1.63     -0.23  0.        -989.539       5972.349       7285.949    0.000  -0.138   0.380   0.
  2017 352 16 58  5 491 352.707008006      -0.88      1.65     -0.30  0.        -990.863       5973.084       7285.474    0.000  -0.138   0.380   0.
  2017 352 16 58  6 491 352.707019580      -0.94      1.62     -0.39  0.        -992.186       5973.820       7284.998    0.000  -0.138   0.380   0.
  2017 352 16 58  7 491 352.707031155      -0.68      1.39      0.19  0.        -993.509       5974.556       7284.522    0.000  -0.138   0.380   0.
  2017 352 16 58  8 491 352.707042729      -0.41      1.41     -0.17  0.        -994.832       5975.291       7284.046    0.000  -0.138   0.380   0.
  2017 352 16 58  9 491 352.707054303       0.20      1.54     -0.26  0.        -996.155       5976.026       7283.569    0.000  -0.138   0.380   0.
  2017 352 16 58 10 491 352.707065877      -0.06      1.46     -0.70  0.        -997.479       5976.760       7283.092    0.000  -0.138   0.380   0.
  2017 352 16 58 11 491 352.707077451      -0.76      1.30     -0.74  0.        -998.802       5977.495       7282.615    0.000  -0.138   0.380   0.
  2017 352 16 58 12 491 352.707089025      -0.27      1.57     -0.94  0.       -1000.125       5978.229       7282.137    0.000  -0.138   0.380   0.
  2017 352 16 58 13 491 352.707100599      -0.52      1.57     -0.84  0.       -1001.447       5978.962       7281.659    0.000  -0.138   0.380   0.
  2017 352 16 58 14 491 352.707112173      -0.08      1.68     -0.44  0.       -1002.770       5979.696       7281.180    0.000  -0.139   0.381   0.
  2017 352 16 58 15 491 352.707123747      -0.29      1.67     -0.51  0.       -1004.093       5980.429       7280.701    0.000  -0.139   0.381   0.
  2017 352 16 58 16 491 352.707135321      -0.34      1.68     -0.27  0.       -1005.416       5981.161       7280.222    0.000  -0.138   0.380   0.
  2017 352 16 58 17 491 352.707146895      -0.47      1.53     -0.38  0.       -1006.739       5981.894       7279.742    0.000  -0.138   0.380   0.
  2017 352 16 58 18 491 352.707158469      -0.49      1.68     -0.56  0.       -1008.061       5982.626       7279.263    0.000  -0.138   0.380   0.
  2017 352 16 58 19 491 352.707170043      -0.79      1.55     -0.49  0.       -1009.384       5983.358       7278.782    0.000  -0.138   0.380   0.
  2017 352 16 58 20 491 352.707181617      -0.41      1.54     -0.13  0.       -1010.706       5984.089       7278.301    0.000  -0.138   0.380   0.
  2017 352 16 58 21 491 352.707193192      -0.19      1.57     -0.18  0.       -1012.029       5984.821       7277.820    0.000  -0.138   0.380   0.
  2017 352 16 58 22 491 352.707204766      -0.57      1.68     -0.08  0.       -1013.351       5985.552       7277.339    0.000  -0.138   0.380   0.
  2017 352 16 58 23 491 352.707216340      -0.31      1.77      0.05  0.       -1014.674       5986.282       7276.857    0.000  -0.138   0.380   0.
  2017 352 16 58 24 491 352.707227914      -0.70      1.56     -0.63  0.       -1015.996       5987.012       7276.374    0.000  -0.138   0.380   0.
  2017 352 16 58 25 491 352.707239488      -1.26      1.57     -0.49  0.       -1017.318       5987.742       7275.892    0.000  -0.138   0.380   0.
  2017 352 16 58 26 491 352.707251062      -1.31      1.81     -0.08  0.       -1018.641       5988.472       7275.409    0.000  -0.138   0.380   0.
  2017 352 16 58 27 491 352.707262636      -0.61      1.54     -0.17  0.       -1019.963       5989.202       7274.926    0.000  -0.138   0.380   0.
  2017 352 16 58 28 491 352.707274210      -0.63      1.41     -0.74  0.       -1021.285       5989.931       7274.442    0.000  -0.139   0.381   0.
  2017 352 16 58 29 491 352.707285784      -0.50      1.62     -0.68  0.       -1022.607       5990.660       7273.958    0.000  -0.139   0.381   0.
  2017 352 16 58 30 491 352.707297358      -0.32      1.72     -0.50  0.       -1023.929       5991.388       7273.473    0.000  -0.138   0.380   0.
  2017 352 16 58 31 491 352.707308932      -0.47      1.62     -0.76  0.       -1025.251       5992.116       7272.989    0.000  -0.138   0.380   0.
  2017 352 16 58 32 491 352.707320504      -0.38      1.84     -0.14  0.       -1026.573       5992.844       7272.504    0.000  -0.138   0.380   0.
  2017 352 16 58 33 491 352.707332078      -0.43      1.87     -0.20  0.       -1027.895       5993.572       7272.018    0.000  -0.138   0.380   0.
  2017 352 16 58 34 491 352.707343652      -0.16      1.89     -0.10  0.       -1029.217       5994.299       7271.532    0.000  -0.139   0.381   0.
  2017 352 16 58 35 491 352.707355226      -0.33      1.56     -0.28  0.       -1030.539       5995.026       7271.046    0.000  -0.139   0.381   0.
  2017 352 16 58 36 491 352.707366800      -0.27      1.77     -0.39  0.       -1031.860       5995.753       7270.559    0.000  -0.138   0.380   0.
  2017 352 16 58 37 491 352.707378374      -0.25      1.55     -0.62  0.       -1033.182       5996.479       7270.072    0.000  -0.138   0.380   0.
  2017 352 16 58 38 491 352.707389948      -0.42      1.66     -0.62  0.       -1034.504       5997.205       7269.585    0.000  -0.138   0.380   0.
  2017 352 16 58 39 491 352.707401522      -0.33      1.89     -0.95  0.       -1035.825       5997.931       7269.097    0.000  -0.138   0.380   0.
  2017 352 16 58 40 491 352.707413096      -0.58      1.88     -0.80  0.       -1037.147       5998.657       7268.609    0.000  -0.138   0.380   0.
  2017 352 16 58 41 491 352.707424670      -0.62      2.15     -0.45  0.       -1038.468       5999.382       7268.121    0.000  -0.138   0.380   0.
  2017 352 16 58 42 491 352.707436244      -0.34      2.16     -0.54  0.       -1039.790       6000.107       7267.632    0.000  -0.138   0.380   0.
  2017 352 16 58 43 491 352.707447818      -0.45      1.85     -0.82  0.       -1041.111       6000.831       7267.143    0.000  -0.138   0.380   0.
  2017 352 16 58 44 491 352.707459392      -0.83      1.73     -0.66  0.       -1042.432       6001.556       7266.653    0.000  -0.138   0.380   0.
  2017 352 16 58 45 491 352.707470966      -0.69      1.74     -0.33  0.       -1043.754       6002.280       7266.163    0.000  -0.138   0.380   0.
  2017 352 16 58 46 491 352.707482541      -0.53      1.56     -0.60  0.       -1045.075       6003.003       7265.673    0.000  -0.138   0.380   0.
  2017 352 16 58 47 491 352.707494115      -0.35      1.96     -0.43  0.       -1046.396       6003.727       7265.182    0.000  -0.138   0.380   0.
  2017 352 16 58 48 491 352.707505689      -0.07      2.16     -0.32  0.       -1047.717       6004.450       7264.691    0.000  -0.138   0.380   0.
  2017 352 16 58 49 491 352.707517263      -0.36      1.77     -0.23  0.       -1049.038       6005.173       7264.200    0.000  -0.138   0.380   0.
  2017 352 16 58 50 491 352.707528837      -0.39      1.78     -0.55  0.       -1050.359       6005.895       7263.708    0.000  -0.138   0.380   0.
  2017 352 16 58 51 491 352.707540411      -0.65      1.63     -0.52  0.       -1051.680       6006.618       7263.216    0.000  -0.138   0.380   0.
  2017 352 16 58 52 491 352.707551985      -0.62      1.69     -0.48  0.       -1053.001       6007.339       7262.724    0.000  -0.138   0.380   0.
  2017 352 16 58 53 491 352.707563559      -0.56      1.68     -0.31  0.       -1054.322       6008.061       7262.231    0.000  -0.138   0.380   0.
  2017 352 16 58 54 491 352.707575133      -0.45      1.81     -0.31  0.       -1055.643       6008.782       7261.738    0.000  -0.138   0.380   0.
  2017 352 16 58 55 491 352.707586707      -0.33      1.74     -0.31  0.       -1056.963       6009.503       7261.244    0.000  -0.138   0.380   0.
  2017 352 16 58 56 491 352.707598281      -0.63      1.71     -0.52  0.       -1058.284       6010.224       7260.750    0.000  -0.138   0.380   0.
  2017 352 16 58 57 491 352.707609855      -0.78      1.80     -0.29  0.       -1059.605       6010.944       7260.256    0.000  -0.138   0.380   0.
  2017 352 16 58 58 491 352.707621429      -0.37      1.79     -0.31  0.       -1060.925       6011.665       7259.761    0.000  -0.138   0.380   0.
  2017 352 16 58 59 491 352.707633003      -0.51      1.36     -0.18  0.       -1062.246       6012.384       7259.266    0.000  -0.138   0.380   0.
  2017 352 16 59  0 491 352.707644575      -0.04      1.79      0.07  0.       -1063.566       6013.104       7258.771    0.000  -0.138   0.380   0.
  2017 352 16 59  1 491 352.707656149      -0.06      1.73     -0.26  0.       -1064.887       6013.823       7258.275    0.000  -0.138   0.380   0.
  2017 352 16 59  2 491 352.707667723      -0.22      1.72     -0.51  0.       -1066.207       6014.542       7257.779    0.000  -0.138   0.380   0.
  2017 352 16 59  3 491 352.707679297      -0.35      1.63     -0.33  0.       -1067.527       6015.260       7257.283    0.000  -0.138   0.380   0.
  2017 352 16 59  4 491 352.707690871      -0.62      1.66     -0.25  0.       -1068.848       6015.979       7256.786    0.000  -0.138   0.380   0.
  2017 352 16 59  5 491 352.707702445      -0.56      1.66     -0.43  0.       -1070.168       6016.697       7256.289    0.000  -0.138   0.380   0.
  2017 352 16 59  6 491 352.707714019      -0.60      1.53     -0.68  0.       -1071.488       6017.414       7255.791    0.000  -0.138   0.380   0.
  2017 352 16 59  7 491 352.707725593      -0.56      1.49     -0.65  0.       -1072.808       6018.132       7255.293    0.000  -0.138   0.380   0.
  2017 352 16 59  8 491 352.707737167      -0.52      1.51     -0.43  0.       -1074.128       6018.849       7254.795    0.000  -0.138   0.380   0.
  2017 352 16 59  9 491 352.707748741      -0.23      1.52     -0.36  0.       -1075.448       6019.566       7254.296    0.000  -0.138   0.380   0.
  2017 352 16 59 10 491 352.707760315      -0.45      1.47     -0.48  0.       -1076.768       6020.282       7253.797    0.000  -0.138   0.380   0.
  2017 352 16 59 11 491 352.707771889      -0.22      1.59     -0.31  0.       -1078.088       6020.998       7253.298    0.000  -0.138   0.380   0.
  2017 352 16 59 12 491 352.707783464      -0.30      1.50     -0.46  0.       -1079.408       6021.714       7252.798    0.000  -0.138   0.380   0.
  2017 352 16 59 13 491 352.707795038      -0.36      1.41     -0.54  0.       -1080.727       6022.430       7252.298    0.000  -0.138   0.380   0.
  2017 352 16 59 14 491 352.707806612      -0.60      1.30     -0.63  0.       -1082.047       6023.145       7251.798    0.000  -0.138   0.380   0.
  2017 352 16 59 15 491 352.707818186      -0.62      1.48     -0.58  0.       -1083.367       6023.860       7251.297    0.000  -0.138   0.380   0.
  2017 352 16 59 16 491 352.707829760      -0.60      1.68     -0.39  0.       -1084.686       6024.575       7250.796    0.000  -0.138   0.380   0.
  2017 352 16 59 17 491 352.707841334      -0.54      1.67     -0.44  0.       -1086.006       6025.289       7250.294    0.000  -0.138   0.380   0.
  2017 352 16 59 18 491 352.707852908      -0.56      1.56     -0.29  0.       -1087.325       6026.003       7249.792    0.000  -0.138   0.380   0.
  2017 352 16 59 19 491 352.707864482      -0.31      1.56     -0.28  0.       -1088.645       6026.717       7249.290    0.000  -0.138   0.380   0.
  2017 352 16 59 20 491 352.707876056      -0.40      1.57     -0.62  0.       -1089.964       6027.430       7248.787    0.000  -0.138   0.380   0.
  2017 352 16 59 21 491 352.707887630      -0.37      1.58     -0.56  0.       -1091.284       6028.143       7248.284    0.000  -0.138   0.380   0.
  2017 352 16 59 22 491 352.707899204      -0.55      1.65     -0.76  0.       -1092.603       6028.856       7247.781    0.000  -0.138   0.380   0.
  2017 352 16 59 23 491 352.707910778      -0.50      1.78     -0.31  0.       -1093.922       6029.569       7247.277    0.000  -0.138   0.380   0.
  2017 352 16 59 24 491 352.707922352      -0.45      1.56     -0.45  0.       -1095.241       6030.281       7246.773    0.000  -0.138   0.380   0.
  2017 352 16 59 25 491 352.707933927      -0.49      1.45     -0.52  0.       -1096.560       6030.993       7246.269    0.000  -0.138   0.380   0.
  2017 352 16 59 26 491 352.707945501      -0.46      1.42     -0.57  0.       -1097.880       6031.705       7245.764    0.000  -0.138   0.380   0.
  2017 352 16 59 27 491 352.707957074      -0.42      1.48     -0.48  0.       -1099.198       6032.416       7245.258    0.000  -0.138   0.380   0.
  2017 352 16 59 28 491 352.707968646      -0.44      1.56     -0.44  0.       -1100.517       6033.127       7244.753    0.000  -0.138   0.380   0.
  2017 352 16 59 29 491 352.707980220      -0.33      1.61     -0.55  0.       -1101.836       6033.838       7244.247    0.000  -0.138   0.380   0.
  2017 352 16 59 30 491 352.707991794      -0.59      1.49     -0.48  0.       -1103.155       6034.548       7243.741    0.000  -0.138   0.380   0.
  2017 352 16 59 31 490 352.708003368      -0.55      1.44     -0.54  0.       -1104.474       6035.258       7243.234    0.000  -0.138   0.380   0.
  2017 352 16 59 32 490 352.708014942      -0.68      1.44     -0.85  0.       -1105.793       6035.968       7242.727    0.000  -0.138   0.380   0.
  2017 352 16 59 33 490 352.708026516      -0.56      1.48     -0.48  0.       -1107.111       6036.678       7242.220    0.000  -0.138   0.380   0.
  2017 352 16 59 34 490 352.708038090      -0.64      1.46     -0.31  0.       -1108.430       6037.387       7241.712    0.000  -0.138   0.380   0.
  2017 352 16 59 35 490 352.708049664      -0.39      1.57     -0.41  0.       -1109.749       6038.096       7241.204    0.000  -0.138   0.380   0.
  2017 352 16 59 36 491 352.708061238      -0.28      1.53     -0.49  0.       -1111.067       6038.804       7240.695    0.000  -0.138   0.380   0.
  2017 352 16 59 37 491 352.708072813      -0.32      1.33     -0.51  0.       -1112.386       6039.513       7240.187    0.000  -0.138   0.380   0.
  2017 352 16 59 38 490 352.708084387      -0.21      1.62     -0.44  0.       -1113.704       6040.221       7239.677    0.000  -0.138   0.380   0.
  2017 352 16 59 39 491 352.708095961      -0.44      1.45     -0.34  0.       -1115.022       6040.928       7239.168    0.000  -0.138   0.380   0.
  2017 352 16 59 40 491 352.708107535      -0.22      1.52     -0.45  0.       -1116.341       6041.636       7238.658    0.000  -0.138   0.380   0.
  2017 352 16 59 41 491 352.708119109      -0.31      1.55     -0.26  0.       -1117.659       6042.343       7238.148    0.000  -0.138   0.380   0.
  2017 352 16 59 42 491 352.708130683      -0.13      1.60     -0.20  0.       -1118.977       6043.050       7237.637    0.000  -0.138   0.380   0.
  2017 352 16 59 43 491 352.708142257      -0.40      1.61     -0.63  0.       -1120.295       6043.756       7237.126    0.000  -0.138   0.380   0.
  2017 352 16 59 44 490 352.708153831      -1.06      1.24     -0.68  0.       -1121.613       6044.463       7236.615    0.000  -0.138   0.380   0.
  2017 352 16 59 45 490 352.708165405      -0.25      1.69     -0.32  0.       -1122.931       6045.169       7236.103    0.000  -0.138   0.380   0.
  2017 352 16 59 46 490 352.708176979      -0.38      1.59     -0.55  0.       -1124.249       6045.874       7235.591    0.000  -0.138   0.380   0.
  2017 352 16 59 47 490 352.708188553      -0.57      1.67     -0.59  0.       -1125.567       6046.579       7235.079    0.000  -0.138   0.380   0.
  2017 352 16 59 48 490 352.708200127      -0.68      2.04     -0.61  0.       -1126.885       6047.284       7234.566    0.000  -0.138   0.380   0.
  2017 352 16 59 49 491 352.708211701      -0.32      1.85     -0.35  0.       -1128.203       6047.989       7234.053    0.000  -0.138   0.380   0.
  2017 352 16 59 50 491 352.708223275      -0.32      1.84     -0.39  0.       -1129.520       6048.694       7233.539    0.000  -0.139   0.381   0.
  2017 352 16 59 51 490 352.708234850      -0.42      1.85     -0.34  0.       -1130.838       6049.398       7233.025    0.000  -0.139   0.381   0.
  2017 352 16 59 52 490 352.708246424      -0.70      1.56     -0.84  0.       -1132.156       6050.101       7232.511    0.000  -0.138   0.380   0.
  2017 352 16 59 53 491 352.708257998      -0.52      1.67     -0.66  0.       -1133.473       6050.805       7231.996    0.000  -0.138   0.380   0.
  2017 352 16 59 54 491 352.708269572      -0.60      1.68     -0.58  0.       -1134.791       6051.508       7231.481    0.000  -0.138   0.380   0.
  2017 352 16 59 55 491 352.708281146      -0.27      1.69     -0.53  0.       -1136.108       6052.211       7230.966    0.000  -0.138   0.380   0.
  2017 352 16 59 56 491 352.708292720      -0.68      1.52     -0.61  0.       -1137.425       6052.914       7230.450    0.000  -0.138   0.380   0.
  2017 352 16 59 57 491 352.708304294      -0.46      1.51     -0.52  0.       -1138.743       6053.616       7229.934    0.000  -0.138   0.380   0.
  2017 352 16 59 58 490 352.708315865      -0.51      1.36     -0.70  0.       -1140.060       6054.318       7229.418    0.000  -0.138   0.380   0.
  2017 352 16 59 59 490 352.708327439      -0.57      1.48     -0.62  0.       -1141.377       6055.020       7228.901    0.000  -0.138   0.380   0.
  2017 352 17  0  0 490 352.708339013      -0.67      1.57     -0.38  0.       -1142.695       6055.721       7228.384    0.000  -0.138   0.380   0.
  2017 352 17  0  1 490 352.708350587      -0.38      1.65     -0.38  0.       -1144.012       6056.422       7227.866    0.000  -0.138   0.380   0.
  2017 352 17  0  2 490 352.708362161      -0.61      1.60     -0.50  0.       -1145.329       6057.123       7227.349    0.000  -0.138   0.380   0.
  2017 352 17  0  3 490 352.708373736      -0.40      1.68     -0.38  0.       -1146.646       6057.823       7226.830    0.000  -0.138   0.380   0.
  2017 352 17  0  4 490 352.708385310      -0.50      1.64     -0.49  0.       -1147.963       6058.523       7226.312    0.000  -0.138   0.380   0.
  2017 352 17  0  5 490 352.708396884      -0.30      1.69     -0.47  0.       -1149.279       6059.223       7225.793    0.000  -0.138   0.380   0.
  2017 352 17  0  6 490 352.708408458      -0.78      1.43     -0.78  0.       -1150.596       6059.923       7225.274    0.000  -0.139   0.381   0.
  2017 352 17  0  7 490 352.708420032      -0.56      1.99     -0.51  0.       -1151.913       6060.622       7224.754    0.000  -0.139   0.381   0.
  2017 352 17  0  8 490 352.708431606      -0.49      1.50     -0.80  0.       -1153.230       6061.321       7224.234    0.000  -0.138   0.380   0.
  2017 352 17  0  9 490 352.708443180      -0.87      1.71     -0.41  0.       -1154.546       6062.020       7223.714    0.000  -0.138   0.380   0.
  2017 352 17  0 10 490 352.708454754      -0.15      2.00     -0.48  0.       -1155.863       6062.718       7223.193    0.000  -0.139   0.381   0.
  2017 352 17  0 11 490 352.708466328      -0.60      1.50     -0.61  0.       -1157.179       6063.416       7222.672    0.000  -0.139   0.381   0.
  2017 352 17  0 12 490 352.708477902      -0.51      1.57     -0.34  0.       -1158.496       6064.114       7222.150    0.000  -0.138   0.380   0.
  2017 352 17  0 13 490 352.708489476      -0.49      1.53     -0.64  0.       -1159.812       6064.811       7221.628    0.000  -0.138   0.380   0.
  2017 352 17  0 14 490 352.708501050      -0.74      1.40     -0.79  0.       -1161.129       6065.508       7221.106    0.000  -0.138   0.380   0.
  2017 352 17  0 15 490 352.708512624      -0.50      1.62     -0.54  0.       -1162.445       6066.205       7220.584    0.000  -0.138   0.380   0.
  2017 352 17  0 16 490 352.708524198      -0.63      1.90     -0.28  0.       -1163.761       6066.902       7220.061    0.000  -0.138   0.380   0.
  2017 352 17  0 17 490 352.708535773      -0.32      2.18     -0.32  0.       -1165.077       6067.598       7219.537    0.000  -0.138   0.380   0.
  2017 352 17  0 18 490 352.708547347      -0.82      1.98     -0.08  0.       -1166.394       6068.294       7219.014    0.000  -0.139   0.381   0.
  2017 352 17  0 19 490 352.708558921      -0.42      2.02     -0.35  0.       -1167.710       6068.990       7218.490    0.000  -0.139   0.381   0.
  2017 352 17  0 20 490 352.708570495      -0.89      1.30     -0.64  0.       -1169.026       6069.685       7217.965    0.000  -0.138   0.380   0.
  2017 352 17  0 21 490 352.708582069      -0.24      1.97     -0.20  0.       -1170.342       6070.380       7217.441    0.000  -0.138   0.380   0.
  2017 352 17  0 22 490 352.708593643      -0.50      1.76     -0.22  0.       -1171.657       6071.075       7216.916    0.000  -0.138   0.380   0.
  2017 352 17  0 23 490 352.708605217      -0.31      1.72     -0.45  0.       -1172.973       6071.769       7216.390    0.000  -0.138   0.380   0.
  2017 352 17  0 24 490 352.708616791      -0.46      1.63     -0.60  0.       -1174.289       6072.463       7215.864    0.000  -0.138   0.380   0.
  2017 352 17  0 25 490 352.708628365      -0.56      1.67     -0.59  0.       -1175.605       6073.157       7215.338    0.000  -0.138   0.380   0.
  2017 352 17  0 26 490 352.708639936      -0.33      1.76     -0.33  0.       -1176.920       6073.851       7214.812    0.000  -0.138   0.380   0.
  2017 352 17  0 27 490 352.708651510      -0.37      1.64     -0.50  0.       -1178.236       6074.544       7214.285    0.000  -0.138   0.380   0.
  2017 352 17  0 28 490 352.708663084      -0.36      1.47     -0.62  0.       -1179.552       6075.237       7213.758    0.000  -0.138   0.380   0.
  2017 352 17  0 29 490 352.708674659      -0.33      1.47     -0.94  0.       -1180.867       6075.929       7213.230    0.000  -0.138   0.380   0.
  2017 352 17  0 30 490 352.708686233      -0.85      1.37     -0.97  0.       -1182.182       6076.622       7212.702    0.000  -0.138   0.380   0.
  2017 352 17  0 31 490 352.708697807      -0.58      1.78     -0.36  0.       -1183.498       6077.314       7212.174    0.000  -0.138   0.380   0.
  2017 352 17  0 32 490 352.708709381       0.23      2.37     -0.33  0.       -1184.813       6078.005       7211.645    0.000  -0.138   0.380   0.
  2017 352 17  0 33 490 352.708720955      -0.05      1.77     -0.51  0.       -1186.128       6078.697       7211.116    0.000  -0.138   0.380   0.
  2017 352 17  0 34 490 352.708732529      -0.45      1.47     -0.38  0.       -1187.443       6079.388       7210.587    0.000  -0.138   0.380   0.
  2017 352 17  0 35 490 352.708744103      -0.53      1.54     -0.66  0.       -1188.759       6080.079       7210.057    0.000  -0.138   0.380   0.
  2017 352 17  0 36 490 352.708755677      -0.31      1.32     -0.46  0.       -1190.074       6080.769       7209.527    0.000  -0.138   0.380   0.
  2017 352 17  0 37 490 352.708767251      -0.25      1.21     -0.58  0.       -1191.389       6081.459       7208.996    0.000  -0.138   0.380   0.
  2017 352 17  0 38 490 352.708778825      -0.35      1.30     -0.50  0.       -1192.704       6082.149       7208.466    0.000  -0.139   0.381   0.
  2017 352 17  0 39 490 352.708790399      -0.24      1.26     -0.59  0.       -1194.019       6082.839       7207.934    0.000  -0.139   0.381   0.
  2017 352 17  0 40 490 352.708801973      -0.38      1.21     -0.62  0.       -1195.333       6083.528       7207.403    0.000  -0.138   0.380   0.
  2017 352 17  0 41 490 352.708813547      -0.37      1.23     -0.55  0.       -1196.648       6084.217       7206.871    0.000  -0.138   0.380   0.
  2017 352 17  0 42 490 352.708825122      -0.26      1.39     -0.45  0.       -1197.963       6084.906       7206.339    0.000  -0.138   0.380   0.
  2017 352 17  0 43 490 352.708836696      -0.05      1.50     -0.63  0.       -1199.277       6085.594       7205.806    0.000  -0.138   0.380   0.
  2017 352 17  0 44 490 352.708848270      -0.59      1.14     -0.52  0.       -1200.592       6086.282       7205.273    0.000  -0.139   0.381   0.
  2017 352 17  0 45 490 352.708859844      -0.41      1.46     -0.52  0.       -1201.907       6086.970       7204.740    0.000  -0.139   0.381   0.
  2017 352 17  0 46 490 352.708871418      -0.24      1.47     -0.25  0.       -1203.221       6087.657       7204.206    0.000  -0.138   0.380   0.
  2017 352 17  0 47 490 352.708882992      -0.25      1.48     -0.34  0.       -1204.535       6088.345       7203.672    0.000  -0.138   0.380   0.
  2017 352 17  0 48 490 352.708894566      -0.30      1.37     -0.45  0.       -1205.850       6089.031       7203.138    0.000  -0.138   0.380   0.
  2017 352 17  0 49 490 352.708906140      -0.34      1.23     -0.58  0.       -1207.164       6089.718       7202.603    0.000  -0.138   0.380   0.
  2017 352 17  0 50 490 352.708917714      -0.25      1.31     -0.63  0.       -1208.478       6090.404       7202.068    0.000  -0.138   0.380   0.
  2017 352 17  0 51 490 352.708929288      -0.31      1.32     -0.84  0.       -1209.793       6091.090       7201.532    0.000  -0.138   0.380   0.
  2017 352 17  0 52 490 352.708940862      -0.47      1.35     -0.68  0.       -1211.107       6091.776       7200.996    0.000  -0.139   0.381   0.
  2017 352 17  0 53 490 352.708952436      -0.57      1.32     -0.62  0.       -1212.421       6092.461       7200.460    0.000  -0.139   0.381   0.
  2017 352 17  0 54 490 352.708964010      -0.35      1.41     -0.53  0.       -1213.735       6093.146       7199.923    0.000  -0.138   0.380   0.
  2017 352 17  0 55 490 352.708975584      -0.33      1.42     -0.51  0.       -1215.049       6093.831       7199.387    0.000  -0.138   0.380   0.
  2017 352 17  0 56 490 352.708987156      -0.56      1.39     -0.56  0.       -1216.362       6094.515       7198.849    0.000  -0.138   0.380   0.
  2017 352 17  0 57 490 352.708998730      -0.43      1.45     -0.22  0.       -1217.676       6095.199       7198.312    0.000  -0.138   0.380   0.
  2017 352 17  0 58 490 352.709010304      -0.36      1.42     -0.44  0.       -1218.990       6095.883       7197.774    0.000  -0.138   0.380   0.
  2017 352 17  0 59 490 352.709021878      -0.56      1.29     -0.52  0.       -1220.304       6096.567       7197.235    0.000  -0.138   0.380   0.
  2017 352 17  1  0 490 352.709033452      -0.71      1.34     -0.40  0.       -1221.617       6097.250       7196.697    0.000  -0.138   0.380   0.
  2017 352 17  1  1 490 352.709045026      -0.60      1.30     -0.68  0.       -1222.931       6097.933       7196.157    0.000  -0.138   0.380   0.
  2017 352 17  1  2 490 352.709056600      -0.88      1.07     -1.03  0.       -1224.244       6098.616       7195.618    0.000  -0.138   0.380   0.
  2017 352 17  1  3 490 352.709068174      -0.70      1.47     -0.60  0.       -1225.558       6099.298       7195.078    0.000  -0.138   0.380   0.
  2017 352 17  1  4 490 352.709079748      -0.54      1.44     -0.53  0.       -1226.871       6099.980       7194.538    0.000  -0.138   0.380   0.
  2017 352 17  1  5 490 352.709091322      -0.54      1.36     -0.29  0.       -1228.184       6100.662       7193.998    0.000  -0.138   0.380   0.
  2017 352 17  1  6 490 352.709102896      -0.44      1.49     -0.39  0.       -1229.498       6101.343       7193.457    0.000  -0.138   0.380   0.
  2017 352 17  1  7 490 352.709114470      -0.47      1.40     -0.41  0.       -1230.811       6102.024       7192.915    0.000  -0.138   0.380   0.
  2017 352 17  1  8 490 352.709126045      -0.62      1.34     -0.48  0.       -1232.124       6102.705       7192.374    0.000  -0.138   0.380   0.
  2017 352 17  1  9 490 352.709137619      -0.61      1.27     -0.47  0.       -1233.437       6103.385       7191.832    0.000  -0.138   0.380   0.
  2017 352 17  1 10 490 352.709149193      -0.53      1.26     -0.45  0.       -1234.750       6104.065       7191.290    0.000  -0.138   0.380   0.
  2017 352 17  1 11 490 352.709160767      -0.62      1.46     -0.44  0.       -1236.063       6104.745       7190.747    0.000  -0.138   0.380   0.
  2017 352 17  1 12 490 352.709172341      -0.60      1.41     -0.22  0.       -1237.376       6105.425       7190.204    0.000  -0.139   0.381   0.
  2017 352 17  1 13 490 352.709183915      -0.46      1.41     -0.23  0.       -1238.689       6106.104       7189.660    0.000  -0.139   0.381   0.
  2017 352 17  1 14 490 352.709195489      -0.65      1.44     -0.60  0.       -1240.002       6106.783       7189.117    0.000  -0.138   0.380   0.
  2017 352 17  1 15 490 352.709207063      -0.76      1.38     -0.45  0.       -1241.314       6107.462       7188.573    0.000  -0.138   0.380   0.
  2017 352 17  1 16 490 352.709218637      -0.59      1.53     -0.22  0.       -1242.627       6108.140       7188.028    0.000  -0.138   0.380   0.
  2017 352 17  1 17 490 352.709230211      -0.27      1.64     -0.11  0.       -1243.939       6108.818       7187.483    0.000  -0.138   0.380   0.
  2017 352 17  1 18 490 352.709241785      -0.46      1.74      0.14  0.       -1245.252       6109.496       7186.938    0.000  -0.138   0.380   0.
  2017 352 17  1 19 490 352.709253359      -0.45      1.62      0.17  0.       -1246.564       6110.173       7186.393    0.000  -0.138   0.380   0.
  2017 352 17  1 20 490 352.709264933      -0.47      1.34     -0.18  0.       -1247.877       6110.851       7185.847    0.000  -0.138   0.380   0.
  2017 352 17  1 21 490 352.709276508      -0.64      1.48     -0.37  0.       -1249.189       6111.528       7185.301    0.000  -0.138   0.380   0.
  2017 352 17  1 22 490 352.709288082      -0.86      1.65     -0.28  0.       -1250.502       6112.204       7184.754    0.000  -0.138   0.380   0.
  2017 352 17  1 23 490 352.709299655      -1.00      1.55     -0.22  0.       -1251.814       6112.880       7184.207    0.000  -0.138   0.380   0.
  2017 352 17  1 24 490 352.709311227      -0.97      1.32     -0.27  0.       -1253.126       6113.556       7183.660    0.000  -0.139   0.381   0.
  2017 352 17  1 25 490 352.709322801      -0.83      1.26     -0.27  0.       -1254.437       6114.232       7183.112    0.000  -0.139   0.381   0.
  2017 352 17  1 26 490 352.709334375      -1.08      1.26     -0.35  0.       -1255.749       6114.907       7182.564    0.000  -0.139   0.381   0.
  2017 352 17  1 27 489 352.709345949      -0.79      1.53     -0.44  0.       -1257.062       6115.582       7182.016    0.000  -0.139   0.381   0.
  2017 352 17  1 28 489 352.709357523      -0.89      1.64     -0.43  0.       -1258.373       6116.257       7181.467    0.000  -0.139   0.381   0.
  2017 352 17  1 29 489 352.709369097      -0.65      1.68     -0.37  0.       -1259.686       6116.931       7180.918    0.000  -0.139   0.381   0.
  2017 352 17  1 30 489 352.709380671      -0.32      1.63     -0.25  0.       -1260.998       6117.606       7180.368    0.000  -0.138   0.380   0.
  2017 352 17  1 31 490 352.709392245      -0.20      1.68     -0.35  0.       -1262.309       6118.279       7179.819    0.000  -0.138   0.380   0.
  2017 352 17  1 32 490 352.709403819      -0.36      1.71     -0.29  0.       -1263.620       6118.953       7179.269    0.000  -0.138   0.380   0.
  2017 352 17  1 33 489 352.709415394      -0.80      1.67     -0.20  0.       -1264.932       6119.626       7178.718    0.000  -0.138   0.380   0.
  2017 352 17  1 34 489 352.709426968      -0.62      1.57      0.05  0.       -1266.244       6120.299       7178.167    0.000  -0.139   0.381   0.
  2017 352 17  1 35 490 352.709438542      -0.65      1.58      0.02  0.       -1267.555       6120.972       7177.616    0.000  -0.139   0.381   0.
  2017 352 17  1 36 490 352.709450116      -0.67      1.46      0.06  0.       -1268.867       6121.644       7177.064    0.000  -0.139   0.381   0.
  2017 352 17  1 37 490 352.709461690      -0.44      1.59     -0.13  0.       -1270.178       6122.316       7176.512    0.000  -0.139   0.381   0.
  2017 352 17  1 38 490 352.709473264      -0.32      1.59      0.08  0.       -1271.489       6122.988       7175.960    0.000  -0.138   0.380   0.
  2017 352 17  1 39 490 352.709484838      -0.42      1.43     -0.18  0.       -1272.801       6123.659       7175.407    0.000  -0.138   0.380   0.
  2017 352 17  1 40 489 352.709496412      -0.47      1.44     -0.33  0.       -1274.112       6124.330       7174.854    0.000  -0.139   0.381   0.
  2017 352 17  1 41 489 352.709507986      -0.43      1.56     -0.50  0.       -1275.423       6125.001       7174.301    0.000  -0.139   0.381   0.
  2017 352 17  1 42 489 352.709519560      -0.70      1.62     -0.52  0.       -1276.734       6125.671       7173.747    0.000  -0.138   0.380   0.
  2017 352 17  1 43 489 352.709531134      -0.63      1.65     -0.31  0.       -1278.045       6126.341       7173.193    0.000  -0.138   0.380   0.
  2017 352 17  1 44 489 352.709542708      -0.69      1.52     -0.32  0.       -1279.356       6127.011       7172.639    0.000  -0.139   0.381   0.
  2017 352 17  1 45 490 352.709554282      -0.48      1.53     -0.32  0.       -1280.666       6127.681       7172.084    0.000  -0.139   0.381   0.
  2017 352 17  1 46 490 352.709565856      -0.48      1.53     -0.13  0.       -1281.977       6128.350       7171.529    0.000  -0.139   0.381   0.
  2017 352 17  1 47 489 352.709577431      -0.21      1.54     -0.31  0.       -1283.288       6129.019       7170.973    0.000  -0.139   0.381   0.
  2017 352 17  1 48 489 352.709589005      -0.82      1.37     -0.67  0.       -1284.598       6129.688       7170.417    0.000  -0.139   0.381   0.
  2017 352 17  1 49 490 352.709600579      -0.48      1.45     -0.33  0.       -1285.909       6130.356       7169.861    0.000  -0.139   0.381   0.
  2017 352 17  1 50 490 352.709612153      -0.34      2.13      0.31  0.       -1287.220       6131.024       7169.305    0.000  -0.139   0.381   0.
  2017 352 17  1 51 490 352.709623727      -0.13      1.71     -0.39  0.       -1288.530       6131.692       7168.748    0.000  -0.139   0.381   0.
  2017 352 17  1 52 490 352.709635301      -0.74      1.39     -0.13  0.       -1289.840       6132.359       7168.190    0.000  -0.139   0.381   0.
  2017 352 17  1 53 489 352.709646875      -0.23      1.71     -0.33  0.       -1291.151       6133.026       7167.633    0.000  -0.139   0.381   0.
  2017 352 17  1 54 489 352.709658446      -0.58      1.48     -0.33  0.       -1292.461       6133.693       7167.075    0.000  -0.138   0.380   0.
  2017 352 17  1 55 489 352.709670020      -0.19      1.48     -0.13  0.       -1293.771       6134.360       7166.516    0.000  -0.138   0.380   0.
  2017 352 17  1 56 489 352.709681594      -0.64      1.36     -0.64  0.       -1295.081       6135.026       7165.958    0.000  -0.139   0.381   0.
  2017 352 17  1 57 489 352.709693168      -0.43      1.39     -0.19  0.       -1296.391       6135.692       7165.399    0.000  -0.139   0.381   0.
  2017 352 17  1 58 489 352.709704742       0.01      1.61      0.03  0.       -1297.701       6136.357       7164.839    0.000  -0.138   0.380   0.
  2017 352 17  1 59 489 352.709716317      -0.45      1.60     -0.34  0.       -1299.011       6137.023       7164.279    0.000  -0.138   0.380   0.
  2017 352 17  2  0 489 352.709727891      -0.68      1.40     -0.34  0.       -1300.321       6137.688       7163.719    0.000  -0.139   0.381   0.
  2017 352 17  2  1 489 352.709739465      -0.53      1.58     -0.38  0.       -1301.631       6138.352       7163.159    0.000  -0.139   0.381   0.
  2017 352 17  2  2 489 352.709751039      -0.80      1.55     -0.25  0.       -1302.941       6139.017       7162.598    0.000  -0.139   0.381   0.
  2017 352 17  2  3 489 352.709762613      -0.46      1.46     -0.53  0.       -1304.250       6139.681       7162.037    0.000  -0.139   0.381   0.
  2017 352 17  2  4 489 352.709774187      -0.86      1.51     -0.37  0.       -1305.560       6140.345       7161.475    0.000  -0.138   0.380   0.
  2017 352 17  2  5 489 352.709785761      -0.49      1.91      0.10  0.       -1306.869       6141.008       7160.913    0.000  -0.138   0.380   0.
  2017 352 17  2  6 489 352.709797335      -0.63      1.65     -0.16  0.       -1308.179       6141.671       7160.351    0.000  -0.138   0.380   0.
  2017 352 17  2  7 489 352.709808909      -0.50      1.51     -0.22  0.       -1309.488       6142.334       7159.788    0.000  -0.138   0.380   0.
  2017 352 17  2  8 489 352.709820483      -0.59      1.70     -0.34  0.       -1310.798       6142.997       7159.226    0.000  -0.138   0.380   0.
  2017 352 17  2  9 489 352.709832057      -0.63      1.68     -0.25  0.       -1312.107       6143.659       7158.662    0.000  -0.138   0.380   0.
  2017 352 17  2 10 489 352.709843631      -0.68      1.53     -0.35  0.       -1313.416       6144.321       7158.099    0.000  -0.138   0.380   0.
  2017 352 17  2 11 489 352.709855205      -0.64      1.56     -0.36  0.       -1314.725       6144.983       7157.534    0.000  -0.138   0.380   0.
  2017 352 17  2 12 489 352.709866779      -0.65      1.50     -0.44  0.       -1316.034       6145.644       7156.970    0.000  -0.138   0.380   0.
  2017 352 17  2 13 489 352.709878354      -0.64      1.80     -0.34  0.       -1317.343       6146.305       7156.405    0.000  -0.138   0.380   0.
  2017 352 17  2 14 489 352.709889928      -0.46      1.57     -0.65  0.       -1318.652       6146.966       7155.840    0.000  -0.138   0.380   0.
  2017 352 17  2 15 489 352.709901502      -0.79      1.37     -0.76  0.       -1319.961       6147.626       7155.275    0.000  -0.138   0.380   0.
  2017 352 17  2 16 489 352.709913076      -0.60      1.92     -0.30  0.       -1321.270       6148.286       7154.709    0.000  -0.138   0.380   0.
  2017 352 17  2 17 489 352.709924650      -0.53      1.65     -0.36  0.       -1322.579       6148.946       7154.143    0.000  -0.138   0.380   0.
  2017 352 17  2 18 489 352.709936224      -0.72      1.64     -0.63  0.       -1323.888       6149.606       7153.576    0.000  -0.139   0.381   0.
  2017 352 17  2 19 489 352.709947798      -0.69      1.95     -0.24  0.       -1325.196       6150.265       7153.009    0.000  -0.139   0.381   0.
  2017 352 17  2 20 489 352.709959372      -0.97      1.72     -0.39  0.       -1326.505       6150.924       7152.442    0.000  -0.139   0.381   0.
  2017 352 17  2 21 489 352.709970946      -0.40      1.63      0.05  0.       -1327.813       6151.583       7151.875    0.000  -0.139   0.381   0.
  2017 352 17  2 22 489 352.709982520      -0.53      1.52     -0.17  0.       -1329.122       6152.241       7151.307    0.000  -0.138   0.380   0.
  2017 352 17  2 23 489 352.709994094      -0.42      1.43     -0.38  0.       -1330.430       6152.899       7150.738    0.000  -0.138   0.380   0.
  2017 352 17  2 24 489 352.710005665      -0.45      1.34     -0.58  0.       -1331.738       6153.557       7150.170    0.000  -0.139   0.381   0.
  2017 352 17  2 25 489 352.710017240      -0.66      1.27     -0.58  0.       -1333.047       6154.214       7149.601    0.000  -0.139   0.381   0.
  2017 352 17  2 26 489 352.710028814      -0.55      1.58     -0.53  0.       -1334.355       6154.871       7149.031    0.000  -0.139   0.381   0.
  2017 352 17  2 27 489 352.710040388      -0.33      1.56     -0.61  0.       -1335.663       6155.528       7148.462    0.000  -0.139   0.381   0.
  2017 352 17  2 28 489 352.710051962      -0.42      1.46     -0.85  0.       -1336.971       6156.184       7147.892    0.000  -0.139   0.381   0.
  2017 352 17  2 29 489 352.710063536      -0.79      1.50     -0.37  0.       -1338.279       6156.841       7147.321    0.000  -0.139   0.381   0.
  2017 352 17  2 30 489 352.710075110      -0.29      1.65     -0.19  0.       -1339.587       6157.496       7146.750    0.000  -0.139   0.381   0.
  2017 352 17  2 31 489 352.710086684      -0.58      1.41     -0.62  0.       -1340.895       6158.152       7146.179    0.000  -0.139   0.381   0.
  2017 352 17  2 32 489 352.710098258      -0.41      1.64     -0.26  0.       -1342.202       6158.807       7145.608    0.000  -0.138   0.380   0.
  2017 352 17  2 33 489 352.710109832      -0.28      1.59     -0.48  0.       -1343.510       6159.462       7145.036    0.000  -0.138   0.380   0.
  2017 352 17  2 34 489 352.710121406      -0.34      1.50     -0.42  0.       -1344.818       6160.117       7144.464    0.000  -0.139   0.381   0.
  2017 352 17  2 35 489 352.710132980      -0.29      1.66     -0.52  0.       -1346.125       6160.771       7143.891    0.000  -0.139   0.381   0.
  2017 352 17  2 36 489 352.710144554      -0.27      1.61     -0.57  0.       -1347.433       6161.425       7143.318    0.000  -0.139   0.381   0.
  2017 352 17  2 37 489 352.710156128      -0.55      1.48     -0.59  0.       -1348.740       6162.079       7142.745    0.000  -0.139   0.381   0.
  2017 352 17  2 38 489 352.710167703      -0.68      1.60     -0.46  0.       -1350.048       6162.732       7142.172    0.000  -0.139   0.381   0.
  2017 352 17  2 39 489 352.710179277      -0.48      1.73     -0.33  0.       -1351.355       6163.386       7141.598    0.000  -0.139   0.381   0.
  2017 352 17  2 40 489 352.710190851      -0.70      1.64     -0.37  0.       -1352.662       6164.038       7141.023    0.000  -0.139   0.381   0.
  2017 352 17  2 41 489 352.710202425      -0.47      1.46     -0.23  0.       -1353.969       6164.691       7140.449    0.000  -0.139   0.381   0.
  2017 352 17  2 42 489 352.710213999      -0.53      1.64     -0.61  0.       -1355.276       6165.343       7139.874    0.000  -0.139   0.381   0.
  2017 352 17  2 43 489 352.710225573      -0.47      1.44     -0.34  0.       -1356.583       6165.995       7139.298    0.000  -0.139   0.381   0.
  2017 352 17  2 44 489 352.710237147      -0.51      1.79     -0.30  0.       -1357.890       6166.647       7138.723    0.000  -0.139   0.381   0.
  2017 352 17  2 45 489 352.710248721      -0.32      1.63     -0.41  0.       -1359.197       6167.298       7138.146    0.000  -0.139   0.381   0.
  2017 352 17  2 46 489 352.710260295      -0.26      1.32     -0.38  0.       -1360.504       6167.949       7137.570    0.000  -0.139   0.381   0.
  2017 352 17  2 47 489 352.710271869      -0.24      1.46     -0.36  0.       -1361.811       6168.600       7136.993    0.000  -0.139   0.381   0.
  2017 352 17  2 48 489 352.710283443      -0.26      1.28     -0.28  0.       -1363.118       6169.250       7136.416    0.000  -0.139   0.381   0.
  2017 352 17  2 49 489 352.710295017      -0.20      1.16     -0.44  0.       -1364.424       6169.900       7135.839    0.000  -0.139   0.381   0.
  2017 352 17  2 50 489 352.710306591      -0.23      1.08     -0.42  0.       -1365.731       6170.550       7135.261    0.000  -0.139   0.381   0.
  2017 352 17  2 51 489 352.710318166      -0.11      1.13     -0.26  0.       -1367.037       6171.199       7134.683    0.000  -0.139   0.381   0.
  2017 352 17  2 52 489 352.710329740      -0.06      1.24     -0.28  0.       -1368.344       6171.849       7134.104    0.000  -0.139   0.381   0.
  2017 352 17  2 53 489 352.710341313      -0.08      1.10     -0.37  0.       -1369.650       6172.497       7133.525    0.000  -0.139   0.381   0.
  2017 352 17  2 54 489 352.710352885      -0.30      1.01     -0.38  0.       -1370.956       6173.146       7132.946    0.000  -0.139   0.381   0.
  2017 352 17  2 55 489 352.710364459      -0.32      1.09     -0.46  0.       -1372.263       6173.794       7132.366    0.000  -0.139   0.381   0.
  2017 352 17  2 56 489 352.710376033      -0.37      1.09     -0.40  0.       -1373.569       6174.442       7131.786    0.000  -0.139   0.381   0.
  2017 352 17  2 57 489 352.710387607      -0.26      1.17     -0.35  0.       -1374.875       6175.090       7131.206    0.000  -0.139   0.381   0.
  2017 352 17  2 58 489 352.710399181      -0.25      1.07     -0.50  0.       -1376.181       6175.737       7130.625    0.000  -0.139   0.381   0.
  2017 352 17  2 59 489 352.710410755      -0.38      1.06     -0.54  0.       -1377.487       6176.384       7130.044    0.000  -0.139   0.381   0.
  2017 352 17  3  0 489 352.710422329      -0.42      1.01     -0.54  0.       -1378.793       6177.031       7129.463    0.000  -0.138   0.380   0.
  2017 352 17  3  1 489 352.710433903      -0.32      0.99     -0.38  0.       -1380.099       6177.677       7128.881    0.000  -0.138   0.380   0.
  2017 352 17  3  2 489 352.710445477      -0.20      1.01     -0.48  0.       -1381.404       6178.323       7128.299    0.000  -0.139   0.381   0.
  2017 352 17  3  3 489 352.710457052      -0.28      0.94     -0.38  0.       -1382.710       6178.969       7127.717    0.000  -0.139   0.381   0.
  2017 352 17  3  4 489 352.710468626      -0.25      1.06     -0.37  0.       -1384.016       6179.615       7127.134    0.000  -0.139   0.381   0.
  2017 352 17  3  5 489 352.710480200      -0.17      1.11     -0.35  0.       -1385.321       6180.260       7126.551    0.000  -0.139   0.381   0.
  2017 352 17  3  6 489 352.710491774      -0.15      1.02     -0.43  0.       -1386.627       6180.905       7125.967    0.000  -0.139   0.381   0.
  2017 352 17  3  7 489 352.710503348      -0.20      0.98     -0.32  0.       -1387.932       6181.549       7125.383    0.000  -0.139   0.381   0.
  2017 352 17  3  8 489 352.710514922      -0.20      0.87     -0.49  0.       -1389.237       6182.194       7124.799    0.000  -0.139   0.381   0.
  2017 352 17  3  9 489 352.710526496      -0.21      0.83     -0.37  0.       -1390.543       6182.838       7124.215    0.000  -0.139   0.381   0.
  2017 352 17  3 10 489 352.710538070      -0.16      0.84     -0.37  0.       -1391.848       6183.481       7123.630    0.000  -0.138   0.380   0.
  2017 352 17  3 11 489 352.710549644      -0.17      0.81     -0.39  0.       -1393.153       6184.125       7123.045    0.000  -0.138   0.380   0.
  2017 352 17  3 12 489 352.710561218      -0.16      0.76     -0.48  0.       -1394.458       6184.768       7122.459    0.000  -0.138   0.380   0.
  2017 352 17  3 13 489 352.710572792      -0.07      0.89     -0.32  0.       -1395.763       6185.411       7121.873    0.000  -0.138   0.380   0.
  2017 352 17  3 14 489 352.710584366      -0.11      0.86     -0.31  0.       -1397.068       6186.053       7121.287    0.000  -0.138   0.380   0.
  2017 352 17  3 15 489 352.710595940      -0.27      0.81     -0.29  0.       -1398.373       6186.695       7120.700    0.000  -0.138   0.380   0.
  2017 352 17  3 16 489 352.710607514      -0.07      0.98     -0.32  0.       -1399.678       6187.337       7120.113    0.000  -0.139   0.381   0.
  2017 352 17  3 17 489 352.710619089      -0.07      0.90     -0.15  0.       -1400.982       6187.979       7119.526    0.000  -0.139   0.381   0.
  2017 352 17  3 18 489 352.710630663       0.09      1.05     -0.05  0.       -1402.287       6188.620       7118.938    0.000  -0.139   0.381   0.
  2017 352 17  3 19 489 352.710642237      -0.08      0.89     -0.33  0.       -1403.592       6189.261       7118.350    0.000  -0.139   0.381   0.
  2017 352 17  3 20 489 352.710653811      -0.27      0.76     -0.27  0.       -1404.896       6189.901       7117.762    0.000  -0.138   0.380   0.
  2017 352 17  3 21 489 352.710665384      -0.04      1.09     -0.26  0.       -1406.201       6190.542       7117.173    0.000  -0.138   0.380   0.
  2017 352 17  3 22 488 352.710676956      -0.11      0.94     -0.37  0.       -1407.505       6191.182       7116.584    0.000  -0.139   0.381   0.
  2017 352 17  3 23 488 352.710688530      -0.55      0.69     -0.54  0.       -1408.809       6191.822       7115.994    0.000  -0.139   0.381   0.
  2017 352 17  3 24 488 352.710700104      -0.25      1.03     -0.17  0.       -1410.113       6192.461       7115.405    0.000  -0.139   0.381   0.
  2017 352 17  3 25 488 352.710711678       0.51      1.64     -0.15  0.       -1411.418       6193.100       7114.814    0.000  -0.139   0.381   0.
  2017 352 17  3 26 488 352.710723252      -0.68      0.96     -0.87  0.       -1412.722       6193.739       7114.224    0.000  -0.139   0.381   0.
  2017 352 17  3 27 489 352.710734826      -0.73      0.85     -0.62  0.       -1414.026       6194.377       7113.633    0.000  -0.139   0.381   0.
  2017 352 17  3 28 489 352.710746400      -0.45      1.20     -0.46  0.       -1415.330       6195.016       7113.042    0.000  -0.138   0.380   0.
  2017 352 17  3 29 488 352.710757975      -0.41      1.08     -0.58  0.       -1416.634       6195.653       7112.450    0.000  -0.138   0.380   0.
  2017 352 17  3 30 488 352.710769549      -0.13      1.17     -0.58  0.       -1417.937       6196.291       7111.859    0.000  -0.138   0.380   0.
  2017 352 17  3 31 489 352.710781123      -0.43      0.92     -0.94  0.       -1419.241       6196.928       7111.266    0.000  -0.138   0.380   0.
  2017 352 17  3 32 489 352.710792697      -0.51      0.83     -0.50  0.       -1420.545       6197.565       7110.673    0.000  -0.139   0.381   0.
  2017 352 17  3 33 489 352.710804271       0.26      1.65     -0.19  0.       -1421.848       6198.202       7110.081    0.000  -0.139   0.381   0.
  2017 352 17  3 34 489 352.710815845      -0.45      0.86     -0.62  0.       -1423.152       6198.838       7109.487    0.000  -0.138   0.380   0.
  2017 352 17  3 35 489 352.710827419      -0.38      0.99     -0.51  0.       -1424.455       6199.474       7108.894    0.000  -0.138   0.380   0.
  2017 352 17  3 36 488 352.710838993       0.12      1.13     -0.35  0.       -1425.759       6200.110       7108.300    0.000  -0.138   0.380   0.
  2017 352 17  3 37 488 352.710850567      -0.17      0.93     -0.35  0.       -1427.062       6200.745       7107.705    0.000  -0.138   0.380   0.
  2017 352 17  3 38 488 352.710862141      -0.26      0.88     -0.07  0.       -1428.365       6201.381       7107.110    0.000  -0.138   0.380   0.
  2017 352 17  3 39 488 352.710873715      -0.10      0.93     -0.22  0.       -1429.669       6202.015       7106.515    0.000  -0.138   0.380   0.
  2017 352 17  3 40 488 352.710885289      -0.48      0.72     -0.46  0.       -1430.972       6202.650       7105.920    0.000  -0.139   0.381   0.
  2017 352 17  3 41 489 352.710896863      -0.43      0.79     -0.40  0.       -1432.275       6203.284       7105.324    0.000  -0.139   0.381   0.
  2017 352 17  3 42 488 352.710908438      -0.30      0.92     -0.38  0.       -1433.578       6203.918       7104.728    0.000  -0.139   0.381   0.
  2017 352 17  3 43 488 352.710920012      -0.28      0.93     -0.33  0.       -1434.881       6204.552       7104.132    0.000  -0.139   0.381   0.
  2017 352 17  3 44 489 352.710931586      -0.16      1.07     -0.37  0.       -1436.183       6205.185       7103.535    0.000  -0.138   0.380   0.
  2017 352 17  3 45 489 352.710943160      -0.29      1.02     -0.29  0.       -1437.486       6205.818       7102.938    0.000  -0.138   0.380   0.
  2017 352 17  3 46 489 352.710954734      -0.38      0.93     -0.41  0.       -1438.789       6206.451       7102.340    0.000  -0.139   0.381   0.
  2017 352 17  3 47 489 352.710966308      -0.50      0.92     -0.58  0.       -1440.092       6207.083       7101.742    0.000  -0.139   0.381   0.
  2017 352 17  3 48 489 352.710977882      -0.10      1.15     -0.12  0.       -1441.394       6207.715       7101.144    0.000  -0.139   0.381   0.
  2017 352 17  3 49 488 352.710989456      -0.14      1.16     -0.18  0.       -1442.697       6208.347       7100.545    0.000  -0.139   0.381   0.
  2017 352 17  3 50 488 352.711001030      -0.39      1.10     -0.21  0.       -1443.999       6208.978       7099.946    0.000  -0.138   0.380   0.
  2017 352 17  3 51 488 352.711012604      -0.30      1.20     -0.34  0.       -1445.301       6209.609       7099.347    0.000  -0.138   0.380   0.
  2017 352 17  3 52 488 352.711024175      -0.30      1.13     -0.43  0.       -1446.604       6210.240       7098.747    0.000  -0.138   0.380   0.
  2017 352 17  3 53 488 352.711035749      -0.34      1.18     -0.36  0.       -1447.906       6210.871       7098.148    0.000  -0.138   0.380   0.
  2017 352 17  3 54 488 352.711047323      -0.16      1.16     -0.21  0.       -1449.208       6211.501       7097.547    0.000  -0.139   0.381   0.
  2017 352 17  3 55 488 352.711058898      -0.23      1.19     -0.17  0.       -1450.510       6212.131       7096.947    0.000  -0.139   0.381   0.
  2017 352 17  3 56 488 352.711070472      -0.21      1.16     -0.29  0.       -1451.812       6212.761       7096.345    0.000  -0.138   0.380   0.
  2017 352 17  3 57 488 352.711082046      -0.52      1.04     -0.51  0.       -1453.114       6213.390       7095.744    0.000  -0.138   0.380   0.
  2017 352 17  3 58 488 352.711093620      -0.33      1.09     -0.47  0.       -1454.416       6214.019       7095.142    0.000  -0.138   0.380   0.
  2017 352 17  3 59 488 352.711105194      -0.57      1.06     -0.58  0.       -1455.717       6214.648       7094.540    0.000  -0.138   0.380   0.
  2017 352 17  4  0 488 352.711116768      -0.24      1.26     -0.37  0.       -1457.019       6215.276       7093.938    0.000  -0.138   0.380   0.
  2017 352 17  4  1 488 352.711128342      -0.29      1.23     -0.28  0.       -1458.321       6215.904       7093.335    0.000  -0.138   0.380   0.
  2017 352 17  4  2 488 352.711139916      -0.30      1.20     -0.30  0.       -1459.622       6216.532       7092.732    0.000  -0.138   0.380   0.
  2017 352 17  4  3 488 352.711151490      -0.31      1.18     -0.39  0.       -1460.924       6217.159       7092.129    0.000  -0.138   0.380   0.
  2017 352 17  4  4 488 352.711163064      -0.45      1.12     -0.82  0.       -1462.225       6217.787       7091.525    0.000  -0.138   0.380   0.
  2017 352 17  4  5 488 352.711174638      -0.32      1.25     -0.33  0.       -1463.526       6218.414       7090.921    0.000  -0.138   0.380   0.
  2017 352 17  4  6 488 352.711186212      -0.46      0.99     -0.66  0.       -1464.828       6219.040       7090.316    0.000  -0.138   0.380   0.
  2017 352 17  4  7 488 352.711197786      -0.37      1.23     -0.45  0.       -1466.129       6219.666       7089.711    0.000  -0.138   0.380   0.
  2017 352 17  4  8 488 352.711209361      -0.11      1.26     -0.45  0.       -1467.430       6220.292       7089.106    0.000  -0.138   0.380   0.
  2017 352 17  4  9 488 352.711220935      -0.22      1.06     -0.45  0.       -1468.731       6220.918       7088.500    0.000  -0.138   0.380   0.
  2017 352 17  4 10 488 352.711232509      -0.45      1.24     -0.44  0.       -1470.032       6221.543       7087.894    0.000  -0.139   0.381   0.
  2017 352 17  4 11 488 352.711244083      -0.57      1.10     -0.63  0.       -1471.333       6222.168       7087.288    0.000  -0.139   0.381   0.
  2017 352 17  4 12 488 352.711255657      -0.46      1.00     -0.14  0.       -1472.634       6222.793       7086.681    0.000  -0.138   0.380   0.
  2017 352 17  4 13 488 352.711267231       0.07      1.39     -0.15  0.       -1473.934       6223.418       7086.075    0.000  -0.138   0.380   0.
  2017 352 17  4 14 488 352.711278805      -0.15      1.16     -0.63  0.       -1475.235       6224.042       7085.467    0.000  -0.138   0.380   0.
  2017 352 17  4 15 488 352.711290379      -0.64      0.91     -0.37  0.       -1476.536       6224.666       7084.860    0.000  -0.138   0.380   0.
  2017 352 17  4 16 488 352.711301953      -0.52      1.12     -0.56  0.       -1477.836       6225.289       7084.251    0.000  -0.139   0.381   0.
  2017 352 17  4 17 488 352.711313527      -0.64      1.19     -0.39  0.       -1479.137       6225.912       7083.643    0.000  -0.139   0.381   0.
  2017 352 17  4 18 488 352.711325101      -0.35      1.11     -0.40  0.       -1480.437       6226.535       7083.034    0.000  -0.139   0.381   0.
  2017 352 17  4 19 488 352.711336675      -0.27      1.03     -0.51  0.       -1481.737       6227.158       7082.425    0.000  -0.139   0.381   0.
  2017 352 17  4 20 488 352.711348246      -0.40      1.02     -0.32  0.       -1483.038       6227.780       7081.816    0.000  -0.138   0.380   0.
  2017 352 17  4 21 488 352.711359821      -0.25      1.05     -0.37  0.       -1484.338       6228.402       7081.206    0.000  -0.138   0.380   0.
  2017 352 17  4 22 488 352.711371395      -0.29      0.95     -0.34  0.       -1485.638       6229.024       7080.596    0.000  -0.139   0.381   0.
  2017 352 17  4 23 488 352.711382969      -0.38      0.95     -0.42  0.       -1486.938       6229.645       7079.986    0.000  -0.139   0.381   0.
  2017 352 17  4 24 488 352.711394543      -0.43      0.97     -0.37  0.       -1488.238       6230.266       7079.375    0.000  -0.138   0.380   0.
  2017 352 17  4 25 488 352.711406117      -0.32      1.03     -0.33  0.       -1489.538       6230.887       7078.764    0.000  -0.138   0.380   0.
  2017 352 17  4 26 488 352.711417691      -0.31      1.05     -0.26  0.       -1490.838       6231.507       7078.152    0.000  -0.139   0.381   0.
  2017 352 17  4 27 488 352.711429265      -0.20      1.08     -0.41  0.       -1492.137       6232.127       7077.540    0.000  -0.139   0.381   0.
  2017 352 17  4 28 488 352.711440839      -0.34      1.02     -0.49  0.       -1493.437       6232.747       7076.928    0.000  -0.138   0.380   0.
  2017 352 17  4 29 488 352.711452413      -0.45      0.96     -0.52  0.       -1494.737       6233.367       7076.316    0.000  -0.138   0.380   0.
  2017 352 17  4 30 488 352.711463987      -0.28      1.00     -0.35  0.       -1496.036       6233.986       7075.703    0.000  -0.139   0.381   0.
  2017 352 17  4 31 488 352.711475561      -0.27      1.10     -0.32  0.       -1497.336       6234.605       7075.090    0.000  -0.139   0.381   0.
  2017 352 17  4 32 488 352.711487135      -0.18      1.13     -0.29  0.       -1498.635       6235.223       7074.476    0.000  -0.138   0.380   0.
  2017 352 17  4 33 488 352.711498710      -0.25      1.03     -0.51  0.       -1499.934       6235.842       7073.862    0.000  -0.138   0.380   0.
  2017 352 17  4 34 488 352.711510284      -0.40      0.96     -0.61  0.       -1501.234       6236.460       7073.248    0.000  -0.138   0.380   0.
  2017 352 17  4 35 488 352.711521858      -0.39      0.96     -0.56  0.       -1502.533       6237.077       7072.633    0.000  -0.138   0.380   0.
  2017 352 17  4 36 488 352.711533432      -0.31      1.13     -0.52  0.       -1503.832       6237.695       7072.018    0.000  -0.139   0.381   0.
  2017 352 17  4 37 488 352.711545006      -0.41      1.11     -0.66  0.       -1505.131       6238.312       7071.403    0.000  -0.139   0.381   0.
  2017 352 17  4 38 488 352.711556580      -0.60      0.90     -0.65  0.       -1506.430       6238.929       7070.787    0.000  -0.138   0.380   0.
  2017 352 17  4 39 488 352.711568154      -0.46      1.05     -0.64  0.       -1507.728       6239.545       7070.171    0.000  -0.138   0.380   0.
  2017 352 17  4 40 488 352.711579728      -0.30      1.22     -0.53  0.       -1509.027       6240.161       7069.555    0.000  -0.139   0.381   0.
  2017 352 17  4 41 488 352.711591302      -0.50      1.08     -0.53  0.       -1510.326       6240.777       7068.938    0.000  -0.139   0.381   0.
  2017 352 17  4 42 488 352.711602876      -0.44      1.05     -0.50  0.       -1511.624       6241.393       7068.321    0.000  -0.139   0.381   0.
  2017 352 17  4 43 488 352.711614450      -0.39      1.09     -0.45  0.       -1512.923       6242.008       7067.703    0.000  -0.139   0.381   0.
  2017 352 17  4 44 488 352.711626024      -0.35      1.24     -0.27  0.       -1514.222       6242.623       7067.086    0.000  -0.138   0.380   0.
  2017 352 17  4 45 488 352.711637598      -0.33      1.28     -0.11  0.       -1515.520       6243.237       7066.468    0.000  -0.138   0.380   0.
  2017 352 17  4 46 488 352.711649172      -0.72      1.02     -0.44  0.       -1516.818       6243.852       7065.849    0.000  -0.139   0.381   0.
  2017 352 17  4 47 488 352.711660747      -0.41      1.21     -0.46  0.       -1518.117       6244.466       7065.230    0.000  -0.139   0.381   0.
  2017 352 17  4 48 488 352.711672321      -0.52      1.27     -0.61  0.       -1519.415       6245.079       7064.611    0.000  -0.138   0.380   0.
  2017 352 17  4 49 488 352.711683894      -0.49      1.17     -0.21  0.       -1520.713       6245.693       7063.992    0.000  -0.138   0.380   0.
  2017 352 17  4 50 488 352.711695466      -0.24      1.38     -0.35  0.       -1522.011       6246.306       7063.372    0.000  -0.139   0.381   0.
  2017 352 17  4 51 488 352.711707040      -0.37      1.12     -0.13  0.       -1523.309       6246.919       7062.752    0.000  -0.139   0.381   0.
  2017 352 17  4 52 488 352.711718614       0.12      1.33     -0.19  0.       -1524.607       6247.531       7062.131    0.000  -0.139   0.381   0.
  2017 352 17  4 53 488 352.711730188      -0.03      1.27     -0.13  0.       -1525.904       6248.143       7061.510    0.000  -0.139   0.381   0.
  2017 352 17  4 54 488 352.711741762      -0.14      1.15     -0.25  0.       -1527.202       6248.755       7060.889    0.000  -0.138   0.380   0.
  2017 352 17  4 55 488 352.711753336      -0.20      0.92     -0.56  0.       -1528.500       6249.367       7060.267    0.000  -0.138   0.380   0.
  2017 352 17  4 56 488 352.711764910      -0.20      0.88     -0.52  0.       -1529.797       6249.978       7059.645    0.000  -0.138   0.380   0.
  2017 352 17  4 57 488 352.711776484      -0.18      1.08     -0.35  0.       -1531.095       6250.589       7059.023    0.000  -0.138   0.380   0.
  2017 352 17  4 58 488 352.711788058       0.06      1.21     -0.38  0.       -1532.392       6251.200       7058.401    0.000  -0.139   0.381   0.
  2017 352 17  4 59 488 352.711799633      -0.11      1.09     -0.81  0.       -1533.690       6251.810       7057.778    0.000  -0.139   0.381   0.
  2017 352 17  5  0 488 352.711811207      -0.62      1.00     -0.82  0.       -1534.987       6252.420       7057.154    0.000  -0.138   0.380   0.
  2017 352 17  5  1 488 352.711822781      -0.46      0.97     -0.52  0.       -1536.284       6253.030       7056.531    0.000  -0.138   0.380   0.
  2017 352 17  5  2 488 352.711834355      -0.39      1.11     -0.76  0.       -1537.581       6253.639       7055.907    0.000  -0.138   0.380   0.
  2017 352 17  5  3 488 352.711845929      -0.61      1.14     -1.11  0.       -1538.878       6254.248       7055.282    0.000  -0.138   0.380   0.
  2017 352 17  5  4 488 352.711857503      -0.85      0.92     -1.12  0.       -1540.175       6254.857       7054.658    0.000  -0.139   0.381   0.
  2017 352 17  5  5 488 352.711869077      -0.85      0.90     -1.02  0.       -1541.472       6255.466       7054.033    0.000  -0.139   0.381   0.
  2017 352 17  5  6 488 352.711880651      -0.55      1.56     -0.09  0.       -1542.769       6256.073       7053.407    0.000  -0.139   0.381   0.
  2017 352 17  5  7 488 352.711892225      -0.06      1.90      0.31  0.       -1544.066       6256.681       7052.781    0.000  -0.139   0.381   0.
  2017 352 17  5  8 488 352.711903799       0.10      1.54     -0.31  0.       -1545.362       6257.289       7052.155    0.000  -0.138   0.380   0.
  2017 352 17  5  9 488 352.711915373      -0.40      1.04     -0.89  0.       -1546.659       6257.896       7051.529    0.000  -0.138   0.380   0.
  2017 352 17  5 10 488 352.711926947      -0.81      0.80     -0.86  0.       -1547.956       6258.503       7050.902    0.000  -0.139   0.381   0.
  2017 352 17  5 11 488 352.711938521      -0.35      1.39     -0.50  0.       -1549.252       6259.110       7050.275    0.000  -0.139   0.381   0.
  2017 352 17  5 12 488 352.711950095      -0.19      1.34     -0.44  0.       -1550.548       6259.716       7049.647    0.000  -0.139   0.381   0.
  2017 352 17  5 13 488 352.711961670      -0.32      1.25     -0.28  0.       -1551.845       6260.322       7049.020    0.000  -0.139   0.381   0.
  2017 352 17  5 14 488 352.711973244      -0.09      1.55     -0.25  0.       -1553.141       6260.928       7048.391    0.000  -0.139   0.381   0.
  2017 352 17  5 15 488 352.711984818      -0.12      1.16     -0.98  0.       -1554.437       6261.534       7047.763    0.000  -0.139   0.381   0.
  2017 352 17  5 16 488 352.711996392      -0.73      0.67     -0.86  0.       -1555.733       6262.139       7047.134    0.000  -0.138   0.380   0.
  2017 352 17  5 17 488 352.712007965      -0.33      1.21     -0.27  0.       -1557.029       6262.743       7046.505    0.000  -0.138   0.380   0.
  2017 352 17  5 18 487 352.712019537       0.24      1.54     -0.26  0.       -1558.325       6263.348       7045.875    0.000  -0.139   0.381   0.
  2017 352 17  5 19 487 352.712031111      -0.32      1.00     -0.71  0.       -1559.621       6263.952       7045.245    0.000  -0.139   0.381   0.
  2017 352 17  5 20 487 352.712042685      -0.26      1.02     -0.20  0.       -1560.917       6264.556       7044.615    0.000  -0.139   0.381   0.
  2017 352 17  5 21 487 352.712054259       0.14      1.49     -0.52  0.       -1562.212       6265.160       7043.985    0.000  -0.139   0.381   0.
  2017 352 17  5 22 487 352.712065833      -0.25      1.06     -0.83  0.       -1563.508       6265.763       7043.354    0.000  -0.138   0.380   0.
  2017 352 17  5 23 488 352.712077407      -0.53      0.81     -1.04  0.       -1564.803       6266.366       7042.722    0.000  -0.138   0.380   0.
  2017 352 17  5 24 488 352.712088981      -0.43      1.21     -1.00  0.       -1566.099       6266.968       7042.091    0.000  -0.139   0.381   0.
  2017 352 17  5 25 487 352.712100556      -0.50      1.26     -0.92  0.       -1567.394       6267.571       7041.459    0.000  -0.139   0.381   0.
  2017 352 17  5 26 487 352.712112130      -0.47      1.47     -0.74  0.       -1568.689       6268.173       7040.826    0.000  -0.139   0.381   0.
  2017 352 17  5 27 488 352.712123704      -0.55      1.49     -0.53  0.       -1569.985       6268.775       7040.194    0.000  -0.139   0.381   0.
  2017 352 17  5 28 488 352.712135278      -0.40      1.38     -0.58  0.       -1571.280       6269.376       7039.561    0.000  -0.138   0.380   0.
  2017 352 17  5 29 488 352.712146852      -0.56      1.24     -0.90  0.       -1572.575       6269.977       7038.927    0.000  -0.138   0.380   0.
  2017 352 17  5 30 488 352.712158426      -0.72      1.06     -0.80  0.       -1573.870       6270.578       7038.294    0.000  -0.139   0.381   0.
  2017 352 17  5 31 488 352.712170000      -0.55      1.21     -0.53  0.       -1575.165       6271.178       7037.660    0.000  -0.139   0.381   0.
  2017 352 17  5 32 487 352.712181574      -0.25      1.35     -0.56  0.       -1576.460       6271.779       7037.025    0.000  -0.139   0.381   0.
  2017 352 17  5 33 487 352.712193148      -0.26      1.30     -0.44  0.       -1577.754       6272.379       7036.391    0.000  -0.139   0.381   0.
  2017 352 17  5 34 487 352.712204722      -0.07      1.30     -0.45  0.       -1579.049       6272.978       7035.755    0.000  -0.138   0.380   0.
  2017 352 17  5 35 487 352.712216296      -0.10      1.24     -0.44  0.       -1580.344       6273.577       7035.120    0.000  -0.138   0.380   0.
  2017 352 17  5 36 488 352.712227870      -0.12      1.20     -0.44  0.       -1581.638       6274.176       7034.484    0.000  -0.138   0.380   0.
  2017 352 17  5 37 488 352.712239444      -0.04      1.18     -0.62  0.       -1582.933       6274.775       7033.848    0.000  -0.138   0.380   0.
  2017 352 17  5 38 487 352.712251019      -0.25      1.08     -0.56  0.       -1584.227       6275.373       7033.212    0.000  -0.139   0.381   0.
  2017 352 17  5 39 487 352.712262593      -0.29      1.09     -0.57  0.       -1585.521       6275.971       7032.575    0.000  -0.139   0.381   0.
  2017 352 17  5 40 488 352.712274167      -0.20      1.11     -0.69  0.       -1586.816       6276.569       7031.938    0.000  -0.138   0.380   0.
  2017 352 17  5 41 488 352.712285741      -0.28      1.17     -0.75  0.       -1588.110       6277.167       7031.300    0.000  -0.138   0.380   0.
  2017 352 17  5 42 488 352.712297315      -0.33      1.32     -0.78  0.       -1589.404       6277.764       7030.662    0.000  -0.138   0.380   0.
  2017 352 17  5 43 488 352.712308889      -0.60      1.04     -0.88  0.       -1590.698       6278.360       7030.024    0.000  -0.138   0.380   0.
  2017 352 17  5 44 488 352.712320463      -0.29      1.29     -0.60  0.       -1591.992       6278.957       7029.386    0.000  -0.138   0.380   0.
  2017 352 17  5 45 487 352.712332037      -0.30      1.21     -0.65  0.       -1593.285       6279.553       7028.747    0.000  -0.138   0.380   0.
  2017 352 17  5 46 487 352.712343611      -0.34      1.02     -0.71  0.       -1594.579       6280.149       7028.108    0.000  -0.139   0.381   0.
  2017 352 17  5 47 487 352.712355185      -0.43      1.07     -0.76  0.       -1595.873       6280.745       7027.468    0.000  -0.139   0.381   0.
  2017 352 17  5 48 487 352.712366756      -0.53      1.07     -0.73  0.       -1597.166       6281.340       7026.828    0.000  -0.139   0.381   0.
  2017 352 17  5 49 487 352.712378330      -0.38      1.09     -0.67  0.       -1598.460       6281.935       7026.188    0.000  -0.139   0.381   0.
  2017 352 17  5 50 487 352.712389904      -0.41      1.18     -0.81  0.       -1599.753       6282.530       7025.547    0.000  -0.138   0.380   0.
  2017 352 17  5 51 487 352.712401479      -0.57      1.13     -0.91  0.       -1601.047       6283.124       7024.906    0.000  -0.138   0.380   0.
  2017 352 17  5 52 487 352.712413053      -0.66      1.10     -0.90  0.       -1602.340       6283.718       7024.265    0.000  -0.139   0.381   0.
  2017 352 17  5 53 487 352.712424627      -0.62      1.24     -0.84  0.       -1603.633       6284.312       7023.623    0.000  -0.139   0.381   0.
  2017 352 17  5 54 487 352.712436201      -0.65      1.27     -0.82  0.       -1604.926       6284.905       7022.981    0.000  -0.138   0.380   0.
  2017 352 17  5 55 487 352.712447775      -0.61      1.16     -0.65  0.       -1606.219       6285.498       7022.339    0.000  -0.138   0.380   0.
  2017 352 17  5 56 487 352.712459349      -0.45      1.13     -0.83  0.       -1607.512       6286.091       7021.696    0.000  -0.139   0.381   0.
  2017 352 17  5 57 487 352.712470923      -0.57      1.03     -0.86  0.       -1608.805       6286.684       7021.053    0.000  -0.139   0.381   0.
  2017 352 17  5 58 487 352.712482497      -0.53      1.13     -0.76  0.       -1610.098       6287.276       7020.410    0.000  -0.139   0.381   0.
  2017 352 17  5 59 487 352.712494071      -0.55      1.19     -0.40  0.       -1611.391       6287.868       7019.766    0.000  -0.139   0.381   0.
  2017 352 17  6  0 487 352.712505645      -0.52      1.17     -0.41  0.       -1612.683       6288.459       7019.122    0.000  -0.138   0.380   0.
  2017 352 17  6  1 487 352.712517219      -0.51      1.17     -0.34  0.       -1613.976       6289.051       7018.478    0.000  -0.138   0.380   0.
  2017 352 17  6  2 487 352.712528793      -0.34      1.22     -0.28  0.       -1615.268       6289.642       7017.833    0.000  -0.139   0.381   0.
  2017 352 17  6  3 487 352.712540367      -0.77      0.78     -0.83  0.       -1616.561       6290.232       7017.188    0.000  -0.139   0.381   0.
  2017 352 17  6  4 487 352.712551942      -1.01      0.57     -1.53  0.       -1617.853       6290.823       7016.543    0.000  -0.138   0.380   0.
  2017 352 17  6  5 487 352.712563516      -0.73      0.40     -1.51  0.       -1619.145       6291.413       7015.897    0.000  -0.138   0.380   0.
  2017 352 17  6  6 487 352.712575090      -0.72      0.90     -1.02  0.       -1620.438       6292.002       7015.251    0.000  -0.138   0.380   0.
  2017 352 17  6  7 487 352.712586664      -0.50      1.33     -0.61  0.       -1621.730       6292.592       7014.604    0.000  -0.138   0.380   0.
  2017 352 17  6  8 487 352.712598238      -0.24      1.27     -0.60  0.       -1623.022       6293.181       7013.958    0.000  -0.138   0.380   0.
  2017 352 17  6  9 487 352.712609812      -0.35      1.13     -0.73  0.       -1624.314       6293.770       7013.310    0.000  -0.138   0.380   0.
  2017 352 17  6 10 487 352.712621386      -0.56      0.97     -0.40  0.       -1625.605       6294.358       7012.663    0.000  -0.139   0.381   0.
  2017 352 17  6 11 487 352.712632960      -0.17      1.32     -0.01  0.       -1626.897       6294.946       7012.015    0.000  -0.139   0.381   0.
  2017 352 17  6 12 487 352.712644534       0.08      1.43     -0.19  0.       -1628.189       6295.534       7011.367    0.000  -0.138   0.380   0.
  2017 352 17  6 13 487 352.712656108      -0.37      1.30     -0.61  0.       -1629.481       6296.122       7010.718    0.000  -0.138   0.380   0.
  2017 352 17  6 14 487 352.712667682      -0.91      1.21     -0.29  0.       -1630.772       6296.709       7010.070    0.000  -0.139   0.381   0.
  2017 352 17  6 15 487 352.712679256      -0.65      1.34      0.18  0.       -1632.064       6297.296       7009.420    0.000  -0.139   0.381   0.
  2017 352 17  6 16 487 352.712690828      -0.44      1.42     -0.37  0.       -1633.355       6297.883       7008.771    0.000  -0.138   0.380   0.
  2017 352 17  6 17 487 352.712702402      -0.44      1.18     -0.55  0.       -1634.646       6298.469       7008.121    0.000  -0.138   0.380   0.
  2017 352 17  6 18 487 352.712713976      -0.44      1.14     -0.46  0.       -1635.937       6299.055       7007.471    0.000  -0.138   0.380   0.
  2017 352 17  6 19 487 352.712725550      -0.26      1.38     -0.38  0.       -1637.229       6299.641       7006.820    0.000  -0.138   0.380   0.
  2017 352 17  6 20 487 352.712737124      -0.05      1.39     -0.39  0.       -1638.520       6300.226       7006.169    0.000  -0.138   0.380   0.
  2017 352 17  6 21 487 352.712748698      -0.29      1.33     -0.87  0.       -1639.810       6300.811       7005.518    0.000  -0.138   0.380   0.
  2017 352 17  6 22 487 352.712760272      -0.66      1.26     -0.64  0.       -1641.102       6301.396       7004.866    0.000  -0.139   0.381   0.
  2017 352 17  6 23 487 352.712771846      -0.28      1.31     -0.47  0.       -1642.392       6301.981       7004.215    0.000  -0.139   0.381   0.
  2017 352 17  6 24 487 352.712783420      -0.44      1.10     -0.94  0.       -1643.683       6302.565       7003.562    0.000  -0.139   0.381   0.
  2017 352 17  6 25 487 352.712794994      -0.95      1.19     -0.52  0.       -1644.973       6303.149       7002.910    0.000  -0.139   0.381   0.
  2017 352 17  6 26 487 352.712806568      -0.55      1.40     -0.38  0.       -1646.264       6303.732       7002.257    0.000  -0.138   0.380   0.
  2017 352 17  6 27 487 352.712818142      -0.42      1.34     -0.61  0.       -1647.555       6304.316       7001.603    0.000  -0.138   0.380   0.
  2017 352 17  6 28 487 352.712829716      -0.37      1.19     -0.64  0.       -1648.845       6304.899       7000.950    0.000  -0.139   0.381   0.
  2017 352 17  6 29 487 352.712841291      -0.43      1.19     -0.49  0.       -1650.135       6305.481       7000.296    0.000  -0.139   0.381   0.
  2017 352 17  6 30 487 352.712852865      -0.30      1.17     -0.47  0.       -1651.426       6306.064       6999.641    0.000  -0.139   0.381   0.
  2017 352 17  6 31 487 352.712864439      -0.09      1.25     -0.40  0.       -1652.716       6306.646       6998.987    0.000  -0.139   0.381   0.
  2017 352 17  6 32 487 352.712876013      -0.01      1.21     -0.58  0.       -1654.006       6307.227       6998.332    0.000  -0.139   0.381   0.
  2017 352 17  6 33 487 352.712887587      -0.07      1.12     -0.46  0.       -1655.296       6307.809       6997.676    0.000  -0.139   0.381   0.
  2017 352 17  6 34 487 352.712899161      -0.15      1.11     -0.41  0.       -1656.586       6308.390       6997.020    0.000  -0.139   0.381   0.
  2017 352 17  6 35 487 352.712910735      -0.07      1.23     -0.43  0.       -1657.876       6308.971       6996.365    0.000  -0.139   0.381   0.
  2017 352 17  6 36 487 352.712922309       0.12      1.23     -0.46  0.       -1659.165       6309.551       6995.708    0.000  -0.139   0.381   0.
  2017 352 17  6 37 487 352.712933883      -0.05      1.13     -0.75  0.       -1660.455       6310.131       6995.051    0.000  -0.139   0.381   0.
  2017 352 17  6 38 487 352.712945457      -0.34      1.11     -0.42  0.       -1661.745       6310.711       6994.394    0.000  -0.138   0.380   0.
  2017 352 17  6 39 487 352.712957031      -0.12      1.40     -0.30  0.       -1663.034       6311.291       6993.737    0.000  -0.138   0.380   0.
  2017 352 17  6 40 487 352.712968605      -0.05      1.21     -0.65  0.       -1664.324       6311.870       6993.079    0.000  -0.138   0.380   0.
  2017 352 17  6 41 487 352.712980179      -0.28      0.86     -0.83  0.       -1665.613       6312.449       6992.421    0.000  -0.138   0.380   0.
  2017 352 17  6 42 487 352.712991754      -0.30      0.97     -0.89  0.       -1666.902       6313.028       6991.763    0.000  -0.139   0.381   0.
  2017 352 17  6 43 487 352.713003328      -0.19      1.32     -0.49  0.       -1668.192       6313.606       6991.104    0.000  -0.139   0.381   0.
  2017 352 17  6 44 487 352.713014902       0.16      1.55     -0.43  0.       -1669.481       6314.184       6990.445    0.000  -0.138   0.380   0.
  2017 352 17  6 45 487 352.713026475      -0.11      1.21     -0.44  0.       -1670.770       6314.762       6989.785    0.000  -0.138   0.380   0.
  2017 352 17  6 46 487 352.713038047      -0.30      1.15     -0.60  0.       -1672.059       6315.339       6989.125    0.000  -0.139   0.381   0.
  2017 352 17  6 47 487 352.713049621       0.04      1.22     -0.38  0.       -1673.347       6315.916       6988.465    0.000  -0.139   0.381   0.
  2017 352 17  6 48 487 352.713061195      -0.30      1.14     -0.65  0.       -1674.636       6316.493       6987.805    0.000  -0.139   0.381   0.
  2017 352 17  6 49 487 352.713072769      -0.40      1.07     -0.54  0.       -1675.925       6317.069       6987.144    0.000  -0.139   0.381   0.
  2017 352 17  6 50 487 352.713084343      -0.06      1.23     -0.61  0.       -1677.214       6317.646       6986.483    0.000  -0.138   0.380   0.
  2017 352 17  6 51 487 352.713095917      -0.10      1.11     -0.91  0.       -1678.502       6318.221       6985.821    0.000  -0.138   0.380   0.
  2017 352 17  6 52 487 352.713107491      -0.69      1.02     -0.81  0.       -1679.791       6318.797       6985.159    0.000  -0.139   0.381   0.
  2017 352 17  6 53 487 352.713119065      -0.35      1.39     -0.77  0.       -1681.079       6319.372       6984.497    0.000  -0.139   0.381   0.
  2017 352 17  6 54 487 352.713130639      -0.24      1.33     -0.53  0.       -1682.367       6319.947       6983.834    0.000  -0.139   0.381   0.
  2017 352 17  6 55 487 352.713142214       0.00      1.35     -0.51  0.       -1683.656       6320.522       6983.172    0.000  -0.139   0.381   0.
  2017 352 17  6 56 487 352.713153788      -0.13      1.28     -0.62  0.       -1684.944       6321.096       6982.508    0.000  -0.138   0.380   0.
  2017 352 17  6 57 487 352.713165362      -0.30      1.00     -0.68  0.       -1686.232       6321.670       6981.845    0.000  -0.138   0.380   0.
  2017 352 17  6 58 487 352.713176936      -0.32      1.01     -0.58  0.       -1687.520       6322.244       6981.181    0.000  -0.138   0.380   0.
  2017 352 17  6 59 487 352.713188510      -0.20      1.24     -0.63  0.       -1688.808       6322.817       6980.517    0.000  -0.138   0.380   0.
  2017 352 17  7  0 487 352.713200084      -0.29      1.16     -0.70  0.       -1690.095       6323.390       6979.852    0.000  -0.139   0.381   0.
  2017 352 17  7  1 487 352.713211658      -0.40      0.99     -0.72  0.       -1691.383       6323.963       6979.187    0.000  -0.139   0.381   0.
  2017 352 17  7  2 487 352.713223232      -0.28      1.14     -0.54  0.       -1692.671       6324.536       6978.522    0.000  -0.138   0.380   0.
  2017 352 17  7  3 487 352.713234806      -0.10      1.26     -0.47  0.       -1693.958       6325.108       6977.856    0.000  -0.138   0.380   0.
  2017 352 17  7  4 487 352.713246380      -0.18      1.19     -0.62  0.       -1695.246       6325.680       6977.190    0.000  -0.138   0.380   0.
  2017 352 17  7  5 487 352.713257954      -0.25      0.95     -0.62  0.       -1696.533       6326.251       6976.524    0.000  -0.138   0.380   0.
  2017 352 17  7  6 487 352.713269528      -0.24      0.87     -0.56  0.       -1697.820       6326.822       6975.857    0.000  -0.139   0.381   0.
  2017 352 17  7  7 487 352.713281102      -0.20      0.73     -0.49  0.       -1699.108       6327.393       6975.190    0.000  -0.139   0.381   0.
  2017 352 17  7  8 487 352.713292677      -0.09      0.58     -0.43  0.       -1700.395       6327.964       6974.523    0.000  -0.139   0.381   0.
  2017 352 17  7  9 487 352.713304251      -0.07      0.55     -0.44  0.       -1701.682       6328.534       6973.855    0.000  -0.139   0.381   0.
  2017 352 17  7 10 487 352.713315825      -0.11      0.44     -0.39  0.       -1702.969       6329.104       6973.187    0.000  -0.138   0.380   0.
  2017 352 17  7 11 487 352.713327399      -0.15      0.41     -0.36  0.       -1704.256       6329.674       6972.519    0.000  -0.138   0.380   0.
  2017 352 17  7 12 487 352.713338973      -0.18      0.39     -0.40  0.       -1705.542       6330.243       6971.850    0.000  -0.139   0.381   0.
  2017 352 17  7 13 487 352.713350547      -0.06      0.40     -0.30  0.       -1706.829       6330.812       6971.181    0.000  -0.139   0.381   0.
  2017 352 17  7 14 487 352.713362121       0.15      0.51     -0.27  0.       -1708.116       6331.381       6970.512    0.000  -0.139   0.381   0.
  2017 352 17  7 15 486 352.713373694       0.07      0.58     -0.30  0.       -1709.402       6331.950       6969.842    0.000  -0.139   0.381   0.
  2017 352 17  7 16 486 352.713385266      -0.29      0.44     -0.41  0.       -1710.689       6332.518       6969.172    0.000  -0.139   0.381   0.
  2017 352 17  7 17 486 352.713396840      -0.04      0.69     -0.52  0.       -1711.975       6333.086       6968.502    0.000  -0.139   0.381   0.
  2017 352 17  7 18 486 352.713408414      -0.11      0.73     -0.39  0.       -1713.261       6333.653       6967.831    0.000  -0.139   0.381   0.
  2017 352 17  7 19 487 352.713419988      -0.22      0.97     -0.68  0.       -1714.548       6334.220       6967.160    0.000  -0.139   0.381   0.
  2017 352 17  7 20 486 352.713431563      -0.17      1.25     -0.62  0.       -1715.834       6334.787       6966.489    0.000  -0.139   0.381   0.
  2017 352 17  7 21 486 352.713443137      -0.14      1.39     -0.73  0.       -1717.120       6335.354       6965.817    0.000  -0.139   0.381   0.
  2017 352 17  7 22 486 352.713454711      -0.20      1.33     -0.45  0.       -1718.406       6335.920       6965.144    0.000  -0.138   0.380   0.
  2017 352 17  7 23 487 352.713466285       0.07      1.48     -0.37  0.       -1719.692       6336.486       6964.472    0.000  -0.138   0.380   0.
  2017 352 17  7 24 487 352.713477859       0.03      1.35     -0.62  0.       -1720.978       6337.052       6963.799    0.000  -0.139   0.381   0.
  2017 352 17  7 25 487 352.713489433      -0.58      1.13     -0.85  0.       -1722.263       6337.617       6963.126    0.000  -0.139   0.381   0.
  2017 352 17  7 26 487 352.713501007      -0.59      1.17     -0.43  0.       -1723.549       6338.182       6962.453    0.000  -0.139   0.381   0.
  2017 352 17  7 27 486 352.713512581       0.05      1.58     -0.26  0.       -1724.834       6338.747       6961.779    0.000  -0.139   0.381   0.
  2017 352 17  7 28 486 352.713524155      -0.03      1.26     -0.59  0.       -1726.120       6339.311       6961.105    0.000  -0.138   0.380   0.
  2017 352 17  7 29 486 352.713535729      -0.23      1.09     -0.53  0.       -1727.405       6339.875       6960.430    0.000  -0.138   0.380   0.
  2017 352 17  7 30 486 352.713547303      -0.00      1.31     -0.41  0.       -1728.690       6340.439       6959.756    0.000  -0.139   0.381   0.
  2017 352 17  7 31 486 352.713558877       0.17      1.53     -0.27  0.       -1729.976       6341.003       6959.080    0.000  -0.139   0.381   0.
  2017 352 17  7 32 487 352.713570451      -0.15      1.22     -0.51  0.       -1731.261       6341.566       6958.405    0.000  -0.139   0.381   0.
  2017 352 17  7 33 487 352.713582025      -0.15      1.37     -0.46  0.       -1732.546       6342.129       6957.729    0.000  -0.139   0.381   0.
  2017 352 17  7 34 486 352.713593600      -0.30      1.18     -0.42  0.       -1733.831       6342.691       6957.053    0.000  -0.138   0.380   0.
  2017 352 17  7 35 486 352.713605174      -0.10      1.20     -0.46  0.       -1735.116       6343.254       6956.376    0.000  -0.138   0.380   0.
  2017 352 17  7 36 487 352.713616748      -0.14      1.12     -0.45  0.       -1736.401       6343.816       6955.700    0.000  -0.138   0.380   0.
  2017 352 17  7 37 487 352.713628322       0.00      1.11     -0.50  0.       -1737.685       6344.377       6955.022    0.000  -0.138   0.380   0.
  2017 352 17  7 38 487 352.713639896      -0.03      1.05     -0.78  0.       -1738.970       6344.939       6954.345    0.000  -0.139   0.381   0.
  2017 352 17  7 39 487 352.713651470      -0.08      1.12     -0.66  0.       -1740.254       6345.500       6953.667    0.000  -0.139   0.381   0.
  2017 352 17  7 40 487 352.713663044      -0.07      1.13     -0.70  0.       -1741.539       6346.060       6952.989    0.000  -0.138   0.380   0.
  2017 352 17  7 41 486 352.713674618      -0.08      1.23     -0.30  0.       -1742.823       6346.621       6952.310    0.000  -0.138   0.380   0.
  2017 352 17  7 42 486 352.713686192       0.12      1.24     -0.42  0.       -1744.107       6347.181       6951.631    0.000  -0.138   0.380   0.
  2017 352 17  7 43 486 352.713697766      -0.03      1.26     -0.30  0.       -1745.392       6347.741       6950.952    0.000  -0.138   0.380   0.
  2017 352 17  7 44 486 352.713709337      -0.17      1.37     -0.64  0.       -1746.676       6348.300       6950.272    0.000  -0.139   0.381   0.
  2017 352 17  7 45 486 352.713720911       0.01      1.34     -0.24  0.       -1747.960       6348.859       6949.592    0.000  -0.139   0.381   0.
  2017 352 17  7 46 486 352.713732486      -0.28      1.32     -0.76  0.       -1749.244       6349.418       6948.912    0.000  -0.139   0.381   0.
  2017 352 17  7 47 486 352.713744060      -0.27      1.22     -0.40  0.       -1750.528       6349.977       6948.232    0.000  -0.139   0.381   0.
  2017 352 17  7 48 486 352.713755634      -0.07      1.28     -0.56  0.       -1751.811       6350.535       6947.551    0.000  -0.139   0.381   0.
  2017 352 17  7 49 486 352.713767208      -0.07      1.22     -0.76  0.       -1753.095       6351.093       6946.869    0.000  -0.139   0.381   0.
  2017 352 17  7 50 486 352.713778782      -0.08      1.09     -0.54  0.       -1754.379       6351.651       6946.188    0.000  -0.138   0.380   0.
  2017 352 17  7 51 486 352.713790356      -0.14      1.17     -0.63  0.       -1755.662       6352.208       6945.506    0.000  -0.138   0.380   0.
  2017 352 17  7 52 486 352.713801930      -0.23      1.05     -0.68  0.       -1756.946       6352.765       6944.824    0.000  -0.138   0.380   0.
  2017 352 17  7 53 486 352.713813504      -0.36      1.04     -0.55  0.       -1758.229       6353.322       6944.141    0.000  -0.138   0.380   0.
  2017 352 17  7 54 486 352.713825078      -0.14      1.35     -0.35  0.       -1759.512       6353.878       6943.458    0.000  -0.139   0.381   0.
  2017 352 17  7 55 486 352.713836652      -0.03      1.30     -0.97  0.       -1760.795       6354.434       6942.775    0.000  -0.139   0.381   0.
  2017 352 17  7 56 486 352.713848226      -0.29      1.22     -0.92  0.       -1762.078       6354.990       6942.091    0.000  -0.139   0.381   0.
  2017 352 17  7 57 486 352.713859800      -0.52      1.21     -1.16  0.       -1763.361       6355.545       6941.407    0.000  -0.139   0.381   0.
  2017 352 17  7 58 486 352.713871374      -0.65      1.07     -0.89  0.       -1764.644       6356.100       6940.723    0.000  -0.138   0.380   0.
  2017 352 17  7 59 486 352.713882948      -0.60      1.16     -0.85  0.       -1765.927       6356.655       6940.038    0.000  -0.138   0.380   0.
  2017 352 17  8  0 486 352.713894523      -0.59      1.20     -0.58  0.       -1767.210       6357.210       6939.353    0.000  -0.139   0.381   0.
  2017 352 17  8  1 486 352.713906097      -0.53      1.15     -0.42  0.       -1768.492       6357.764       6938.668    0.000  -0.139   0.381   0.
  2017 352 17  8  2 486 352.713917671      -0.33      1.25     -0.41  0.       -1769.775       6358.318       6937.982    0.000  -0.139   0.381   0.
  2017 352 17  8  3 486 352.713929245      -0.17      1.21     -0.35  0.       -1771.058       6358.872       6937.296    0.000  -0.139   0.381   0.
  2017 352 17  8  4 486 352.713940819      -0.21      1.18     -0.56  0.       -1772.340       6359.425       6936.610    0.000  -0.139   0.381   0.
  2017 352 17  8  5 486 352.713952393      -0.33      1.08     -0.50  0.       -1773.622       6359.978       6935.923    0.000  -0.139   0.381   0.
  2017 352 17  8  6 486 352.713963967      -0.14      1.18     -0.39  0.       -1774.904       6360.530       6935.236    0.000  -0.139   0.381   0.
  2017 352 17  8  7 486 352.713975541       0.12      1.42     -0.33  0.       -1776.187       6361.083       6934.549    0.000  -0.139   0.381   0.
  2017 352 17  8  8 486 352.713987115       0.02      1.25     -0.30  0.       -1777.469       6361.635       6933.861    0.000  -0.139   0.381   0.
  2017 352 17  8  9 486 352.713998689      -0.04      1.16     -0.46  0.       -1778.751       6362.187       6933.173    0.000  -0.139   0.381   0.
  2017 352 17  8 10 486 352.714010263      -0.08      0.96     -0.65  0.       -1780.032       6362.738       6932.485    0.000  -0.139   0.381   0.
  2017 352 17  8 11 486 352.714021837       0.07      0.90     -0.65  0.       -1781.314       6363.289       6931.796    0.000  -0.139   0.381   0.
  2017 352 17  8 12 486 352.714033411       0.10      0.93     -0.59  0.       -1782.596       6363.840       6931.107    0.000  -0.139   0.381   0.
  2017 352 17  8 13 486 352.714044985       0.18      0.84     -0.62  0.       -1783.878       6364.391       6930.417    0.000  -0.139   0.381   0.
  2017 352 17  8 14 486 352.714056557       0.22      0.80     -0.62  0.       -1785.159       6364.941       6929.728    0.000  -0.138   0.380   0.
  2017 352 17  8 15 486 352.714068131       0.12      0.77     -0.72  0.       -1786.440       6365.491       6929.038    0.000  -0.138   0.380   0.
  2017 352 17  8 16 486 352.714079705      -0.26      0.53     -0.80  0.       -1787.722       6366.040       6928.347    0.000  -0.139   0.381   0.
  2017 352 17  8 17 486 352.714091279      -0.24      0.57     -0.64  0.       -1789.003       6366.589       6927.657    0.000  -0.139   0.381   0.
  2017 352 17  8 18 486 352.714102853       0.42      0.80     -0.49  0.       -1790.284       6367.138       6926.965    0.000  -0.139   0.381   0.
  2017 352 17  8 19 486 352.714114427       0.80      0.87     -0.70  0.       -1791.565       6367.687       6926.274    0.000  -0.139   0.381   0.
  2017 352 17  8 20 486 352.714126001      -0.59      0.84     -0.53  0.       -1792.846       6368.235       6925.582    0.000  -0.138   0.380   0.
  2017 352 17  8 21 486 352.714137575      -0.76      1.14     -0.85  0.       -1794.127       6368.783       6924.890    0.000  -0.138   0.380   0.
  2017 352 17  8 22 486 352.714149149      -0.48      1.02     -0.94  0.       -1795.408       6369.331       6924.198    0.000  -0.139   0.381   0.
  2017 352 17  8 23 486 352.714160723      -0.26      0.84     -0.73  0.       -1796.689       6369.878       6923.505    0.000  -0.139   0.381   0.
  2017 352 17  8 24 486 352.714172297       0.27      0.96     -0.38  0.       -1797.969       6370.426       6922.812    0.000  -0.139   0.381   0.
  2017 352 17  8 25 486 352.714183872       0.42      1.17     -0.15  0.       -1799.250       6370.972       6922.118    0.000  -0.139   0.381   0.
  2017 352 17  8 26 486 352.714195446       0.08      1.26     -0.33  0.       -1800.531       6371.519       6921.425    0.000  -0.139   0.381   0.
  2017 352 17  8 27 486 352.714207020      -0.11      1.10     -0.47  0.       -1801.811       6372.065       6920.731    0.000  -0.139   0.381   0.
  2017 352 17  8 28 486 352.714218594      -0.44      0.89     -0.75  0.       -1803.091       6372.611       6920.036    0.000  -0.139   0.381   0.
  2017 352 17  8 29 486 352.714230168      -0.50      0.88     -0.82  0.       -1804.371       6373.156       6919.341    0.000  -0.139   0.381   0.
  2017 352 17  8 30 486 352.714241742      -0.59      0.91     -0.83  0.       -1805.652       6373.702       6918.646    0.000  -0.138   0.380   0.
  2017 352 17  8 31 486 352.714253316      -0.51      1.14     -0.66  0.       -1806.932       6374.246       6917.951    0.000  -0.138   0.380   0.
  2017 352 17  8 32 486 352.714264890      -0.53      0.97     -0.49  0.       -1808.212       6374.791       6917.255    0.000  -0.139   0.381   0.
  2017 352 17  8 33 486 352.714276464      -0.70      0.87     -0.53  0.       -1809.491       6375.336       6916.559    0.000  -0.139   0.381   0.
  2017 352 17  8 34 486 352.714288038      -0.61      0.89     -0.62  0.       -1810.771       6375.880       6915.862    0.000  -0.138   0.380   0.
  2017 352 17  8 35 486 352.714299612      -0.42      1.07     -0.50  0.       -1812.051       6376.423       6915.165    0.000  -0.138   0.380   0.
  2017 352 17  8 36 486 352.714311186      -0.30      1.20     -0.51  0.       -1813.330       6376.967       6914.468    0.000  -0.138   0.380   0.
  2017 352 17  8 37 486 352.714322760      -0.30      1.25     -0.49  0.       -1814.610       6377.509       6913.771    0.000  -0.138   0.380   0.
  2017 352 17  8 38 486 352.714334334      -0.31      1.18     -0.51  0.       -1815.889       6378.052       6913.073    0.000  -0.139   0.381   0.
  2017 352 17  8 39 486 352.714345909      -0.35      1.13     -0.63  0.       -1817.169       6378.595       6912.375    0.000  -0.139   0.381   0.
  2017 352 17  8 40 486 352.714357483      -0.43      0.97     -0.57  0.       -1818.448       6379.137       6911.676    0.000  -0.138   0.380   0.
  2017 352 17  8 41 486 352.714369056      -0.37      1.02     -0.49  0.       -1819.727       6379.679       6910.977    0.000  -0.138   0.380   0.
  2017 352 17  8 42 486 352.714380628      -0.13      1.07     -0.46  0.       -1821.006       6380.220       6910.278    0.000  -0.138   0.380   0.
  2017 352 17  8 43 486 352.714392202       0.05      1.09     -0.36  0.       -1822.285       6380.761       6909.579    0.000  -0.138   0.380   0.
  2017 352 17  8 44 486 352.714403776       0.24      1.29     -0.25  0.       -1823.564       6381.302       6908.879    0.000  -0.139   0.381   0.
  2017 352 17  8 45 486 352.714415350       0.28      1.25     -0.14  0.       -1824.843       6381.843       6908.179    0.000  -0.139   0.381   0.
  2017 352 17  8 46 486 352.714426924       0.15      1.14     -0.15  0.       -1826.121       6382.383       6907.478    0.000  -0.139   0.381   0.
  2017 352 17  8 47 486 352.714438498      -0.01      1.05     -0.23  0.       -1827.400       6382.923       6906.777    0.000  -0.139   0.381   0.
  2017 352 17  8 48 486 352.714450072       0.00      0.98     -0.25  0.       -1828.679       6383.463       6906.076    0.000  -0.138   0.380   0.
  2017 352 17  8 49 486 352.714461646       0.14      1.00     -0.21  0.       -1829.957       6384.002       6905.375    0.000  -0.138   0.380   0.
  2017 352 17  8 50 486 352.714473220       0.26      1.01     -0.30  0.       -1831.235       6384.541       6904.673    0.000  -0.139   0.381   0.
  2017 352 17  8 51 486 352.714484795       0.26      0.97     -0.33  0.       -1832.514       6385.080       6903.971    0.000  -0.139   0.381   0.
  2017 352 17  8 52 486 352.714496369       0.20      0.97     -0.34  0.       -1833.792       6385.618       6903.268    0.000  -0.139   0.381   0.
  2017 352 17  8 53 486 352.714507943       0.20      0.93     -0.32  0.       -1835.070       6386.156       6902.565    0.000  -0.139   0.381   0.
  2017 352 17  8 54 486 352.714519517       0.16      0.99     -0.35  0.       -1836.348       6386.694       6901.862    0.000  -0.138   0.380   0.
  2017 352 17  8 55 486 352.714531091       0.01      1.03     -0.45  0.       -1837.626       6387.231       6901.158    0.000  -0.138   0.380   0.
  2017 352 17  8 56 486 352.714542665      -0.22      1.09     -0.39  0.       -1838.904       6387.769       6900.455    0.000  -0.138   0.380   0.
  2017 352 17  8 57 486 352.714554239      -0.17      1.29     -0.26  0.       -1840.181       6388.305       6899.750    0.000  -0.138   0.380   0.
  2017 352 17  8 58 486 352.714565813       0.05      1.30     -0.06  0.       -1841.459       6388.842       6899.046    0.000  -0.139   0.381   0.
  2017 352 17  8 59 486 352.714577387       0.13      1.31     -0.10  0.       -1842.737       6389.378       6898.341    0.000  -0.139   0.381   0.
  2017 352 17  9  0 486 352.714588961      -0.33      1.12     -0.50  0.       -1844.014       6389.914       6897.636    0.000  -0.138   0.380   0.
  2017 352 17  9  1 486 352.714600535      -0.58      0.91     -0.61  0.       -1845.291       6390.450       6896.930    0.000  -0.138   0.380   0.
  2017 352 17  9  2 486 352.714612109      -0.37      1.04     -0.44  0.       -1846.569       6390.985       6896.224    0.000  -0.138   0.380   0.
  2017 352 17  9  3 486 352.714623683      -0.21      1.09     -0.28  0.       -1847.846       6391.520       6895.518    0.000  -0.138   0.380   0.
  2017 352 17  9  4 486 352.714635258      -0.10      0.92     -0.37  0.       -1849.123       6392.055       6894.811    0.000  -0.139   0.381   0.
  2017 352 17  9  5 486 352.714646832       0.00      0.86     -0.61  0.       -1850.400       6392.589       6894.104    0.000  -0.139   0.381   0.
  2017 352 17  9  6 486 352.714658406      -0.10      0.96     -0.65  0.       -1851.677       6393.123       6893.397    0.000  -0.139   0.381   0.
  2017 352 17  9  7 486 352.714669980      -0.25      0.86     -0.64  0.       -1852.954       6393.657       6892.690    0.000  -0.139   0.381   0.
  2017 352 17  9  8 486 352.714681554      -0.42      0.84     -0.70  0.       -1854.230       6394.190       6891.982    0.000  -0.138   0.380   0.
  2017 352 17  9  9 486 352.714693128      -0.51      0.78     -0.68  0.       -1855.507       6394.723       6891.273    0.000  -0.138   0.380   0.
  2017 352 17  9 10 486 352.714704702      -0.42      0.80     -0.73  0.       -1856.784       6395.256       6890.565    0.000  -0.139   0.381   0.
  2017 352 17  9 11 485 352.714716275      -0.44      0.88     -0.66  0.       -1858.060       6395.789       6889.856    0.000  -0.139   0.381   0.
  2017 352 17  9 12 485 352.714727847      -0.34      0.94     -0.46  0.       -1859.337       6396.321       6889.147    0.000  -0.139   0.381   0.
  2017 352 17  9 13 485 352.714739421      -0.26      1.11     -0.39  0.       -1860.613       6396.853       6888.437    0.000  -0.139   0.381   0.
  2017 352 17  9 14 486 352.714750995      -0.12      1.14     -0.46  0.       -1861.889       6397.384       6887.727    0.000  -0.138   0.380   0.
  2017 352 17  9 15 486 352.714762569      -0.10      1.09     -0.65  0.       -1863.165       6397.915       6887.017    0.000  -0.138   0.380   0.
  2017 352 17  9 16 485 352.714774143      -0.04      1.08     -0.69  0.       -1864.441       6398.446       6886.306    0.000  -0.139   0.381   0.
  2017 352 17  9 17 485 352.714785718      -0.34      0.91     -0.77  0.       -1865.717       6398.977       6885.595    0.000  -0.139   0.381   0.
  2017 352 17  9 18 486 352.714797292      -0.25      1.03     -0.24  0.       -1866.993       6399.507       6884.884    0.000  -0.139   0.381   0.
  2017 352 17  9 19 486 352.714808866       0.11      1.23     -0.42  0.       -1868.269       6400.037       6884.173    0.000  -0.139   0.381   0.
  2017 352 17  9 20 486 352.714820440       0.02      1.15     -0.59  0.       -1869.544       6400.567       6883.461    0.000  -0.138   0.380   0.
  2017 352 17  9 21 486 352.714832014      -0.34      1.00     -0.64  0.       -1870.820       6401.096       6882.748    0.000  -0.138   0.380   0.
  2017 352 17  9 22 486 352.714843588      -0.50      0.91     -0.57  0.       -1872.095       6401.625       6882.036    0.000  -0.139   0.381   0.
  2017 352 17  9 23 485 352.714855162      -0.43      0.94     -0.61  0.       -1873.371       6402.154       6881.323    0.000  -0.139   0.381   0.
  2017 352 17  9 24 485 352.714866736      -0.31      0.98     -0.71  0.       -1874.646       6402.683       6880.610    0.000  -0.139   0.381   0.
  2017 352 17  9 25 485 352.714878310      -0.21      0.96     -0.68  0.       -1875.921       6403.211       6879.896    0.000  -0.139   0.381   0.
  2017 352 17  9 26 485 352.714889884      -0.21      1.05     -0.64  0.       -1877.196       6403.739       6879.182    0.000  -0.138   0.380   0.
  2017 352 17  9 27 485 352.714901458      -0.30      1.16     -0.57  0.       -1878.471       6404.266       6878.468    0.000  -0.138   0.380   0.
  2017 352 17  9 28 486 352.714913032      -0.41      1.12     -0.61  0.       -1879.746       6404.793       6877.753    0.000  -0.138   0.380   0.
  2017 352 17  9 29 486 352.714924607      -0.46      1.14     -0.81  0.       -1881.021       6405.320       6877.038    0.000  -0.138   0.380   0.
  2017 352 17  9 30 485 352.714936181      -0.51      1.03     -0.91  0.       -1882.296       6405.847       6876.323    0.000  -0.139   0.381   0.
  2017 352 17  9 31 485 352.714947755      -0.56      1.10     -0.74  0.       -1883.571       6406.373       6875.607    0.000  -0.139   0.381   0.
  2017 352 17  9 32 486 352.714959329      -0.41      1.11     -0.85  0.       -1884.845       6406.899       6874.891    0.000  -0.138   0.380   0.
  2017 352 17  9 33 486 352.714970903      -0.35      1.03     -0.87  0.       -1886.119       6407.425       6874.175    0.000  -0.138   0.380   0.
  2017 352 17  9 34 486 352.714982477      -0.24      0.99     -0.99  0.       -1887.394       6407.950       6873.458    0.000  -0.138   0.380   0.
  2017 352 17  9 35 486 352.714994051      -0.44      0.86     -1.18  0.       -1888.668       6408.475       6872.741    0.000  -0.138   0.380   0.
  2017 352 17  9 36 486 352.715005625      -0.66      0.95     -0.70  0.       -1889.942       6409.000       6872.024    0.000  -0.139   0.381   0.
  2017 352 17  9 37 485 352.715017199      -0.36      1.20     -0.60  0.       -1891.216       6409.524       6871.306    0.000  -0.139   0.381   0.
  2017 352 17  9 38 485 352.715028773      -0.44      1.10     -0.72  0.       -1892.490       6410.048       6870.589    0.000  -0.139   0.381   0.
  2017 352 17  9 39 485 352.715040347      -0.69      1.03     -0.82  0.       -1893.764       6410.572       6869.870    0.000  -0.139   0.381   0.
  2017 352 17  9 40 485 352.715051918      -0.88      1.16     -0.48  0.       -1895.038       6411.096       6869.152    0.000  -0.138   0.380   0.
  2017 352 17  9 41 485 352.715063492      -0.81      1.18     -0.29  0.       -1896.312       6411.619       6868.433    0.000  -0.138   0.380   0.
  2017 352 17  9 42 485 352.715075067      -0.93      1.00     -0.47  0.       -1897.585       6412.141       6867.713    0.000  -0.139   0.381   0.
  2017 352 17  9 43 485 352.715086641      -0.63      1.01     -0.48  0.       -1898.859       6412.664       6866.994    0.000  -0.139   0.381   0.
  2017 352 17  9 44 485 352.715098215      -0.15      1.49     -0.22  0.       -1900.133       6413.186       6866.274    0.000  -0.138   0.380   0.
  2017 352 17  9 45 485 352.715109789      -0.19      1.34     -0.20  0.       -1901.406       6413.708       6865.553    0.000  -0.138   0.380   0.
  2017 352 17  9 46 485 352.715121363       0.05      1.39     -0.18  0.       -1902.679       6414.230       6864.833    0.000  -0.138   0.380   0.
  2017 352 17  9 47 485 352.715132937       0.08      1.19     -0.47  0.       -1903.952       6414.751       6864.112    0.000  -0.138   0.380   0.
  2017 352 17  9 48 485 352.715144511      -0.17      1.11     -0.66  0.       -1905.225       6415.272       6863.391    0.000  -0.139   0.381   0.
  2017 352 17  9 49 485 352.715156085      -0.20      1.12     -0.52  0.       -1906.498       6415.793       6862.669    0.000  -0.139   0.381   0.
  2017 352 17  9 50 485 352.715167659      -0.28      1.13     -0.55  0.       -1907.771       6416.313       6861.947    0.000  -0.139   0.381   0.
  2017 352 17  9 51 485 352.715179233      -0.19      1.07     -0.44  0.       -1909.044       6416.833       6861.225    0.000  -0.139   0.381   0.
  2017 352 17  9 52 485 352.715190807       0.01      1.17     -0.41  0.       -1910.317       6417.353       6860.502    0.000  -0.138   0.380   0.
  2017 352 17  9 53 485 352.715202381      -0.11      1.04     -0.55  0.       -1911.589       6417.872       6859.779    0.000  -0.138   0.380   0.
  2017 352 17  9 54 485 352.715213955      -0.26      0.93     -0.61  0.       -1912.862       6418.391       6859.056    0.000  -0.139   0.381   0.
  2017 352 17  9 55 485 352.715225530      -0.22      0.95     -0.47  0.       -1914.134       6418.910       6858.332    0.000  -0.139   0.381   0.
  2017 352 17  9 56 485 352.715237104      -0.17      0.91     -0.45  0.       -1915.407       6419.429       6857.608    0.000  -0.139   0.381   0.
  2017 352 17  9 57 485 352.715248678      -0.10      0.85     -0.53  0.       -1916.679       6419.947       6856.884    0.000  -0.139   0.381   0.
  2017 352 17  9 58 485 352.715260252      -0.11      0.92     -0.49  0.       -1917.951       6420.465       6856.159    0.000  -0.138   0.380   0.
  2017 352 17  9 59 485 352.715271826      -0.21      0.88     -0.49  0.       -1919.223       6420.982       6855.434    0.000  -0.138   0.380   0.
  2017 352 17 10  0 485 352.715283400      -0.01      0.93     -0.26  0.       -1920.495       6421.499       6854.709    0.000  -0.139   0.381   0.
  2017 352 17 10  1 485 352.715294974       0.55      1.27     -0.16  0.       -1921.767       6422.016       6853.983    0.000  -0.139   0.381   0.
  2017 352 17 10  2 485 352.715306548       0.07      0.99     -0.36  0.       -1923.039       6422.533       6853.257    0.000  -0.139   0.381   0.
  2017 352 17 10  3 485 352.715318122      -0.61      0.76     -0.43  0.       -1924.311       6423.049       6852.531    0.000  -0.139   0.381   0.
  2017 352 17 10  4 485 352.715329696      -0.25      1.05     -0.52  0.       -1925.582       6423.565       6851.804    0.000  -0.138   0.380   0.
  2017 352 17 10  5 485 352.715341270      -0.25      0.93     -0.35  0.       -1926.854       6424.081       6851.077    0.000  -0.138   0.380   0.
  2017 352 17 10  6 485 352.715352844      -0.42      1.13     -0.18  0.       -1928.125       6424.596       6850.350    0.000  -0.139   0.381   0.
  2017 352 17 10  7 485 352.715364418      -0.53      0.97     -0.50  0.       -1929.396       6425.111       6849.623    0.000  -0.139   0.381   0.
  2017 352 17 10  8 485 352.715375992      -0.66      1.01     -0.74  0.       -1930.668       6425.626       6848.894    0.000  -0.139   0.381   0.
  2017 352 17 10  9 485 352.715387566      -0.53      0.98     -0.64  0.       -1931.939       6426.141       6848.166    0.000  -0.139   0.381   0.
  2017 352 17 10 10 485 352.715399138      -0.41      1.06     -0.61  0.       -1933.210       6426.655       6847.438    0.000  -0.139   0.381   0.
  2017 352 17 10 11 485 352.715410712      -0.19      1.12     -0.43  0.       -1934.481       6427.168       6846.709    0.000  -0.139   0.381   0.
  2017 352 17 10 12 485 352.715422286      -0.21      1.19     -0.46  0.       -1935.751       6427.682       6845.979    0.000  -0.139   0.381   0.
  2017 352 17 10 13 485 352.715433860      -0.78      1.19     -0.10  0.       -1937.022       6428.195       6845.250    0.000  -0.139   0.381   0.
  2017 352 17 10 14 485 352.715445434      -0.93      1.13     -0.19  0.       -1938.293       6428.708       6844.520    0.000  -0.139   0.381   0.
  2017 352 17 10 15 485 352.715457008      -0.97      1.03     -0.10  0.       -1939.563       6429.221       6843.789    0.000  -0.139   0.381   0.
  2017 352 17 10 16 485 352.715468582      -0.75      1.09     -0.10  0.       -1940.834       6429.733       6843.059    0.000  -0.138   0.380   0.
  2017 352 17 10 17 485 352.715480156      -0.62      1.07     -0.09  0.       -1942.104       6430.245       6842.328    0.000  -0.138   0.380   0.
  2017 352 17 10 18 485 352.715491730      -0.35      1.15     -0.14  0.       -1943.375       6430.756       6841.597    0.000  -0.139   0.381   0.
  2017 352 17 10 19 485 352.715503304      -0.36      1.33     -0.43  0.       -1944.645       6431.268       6840.865    0.000  -0.139   0.381   0.
  2017 352 17 10 20 485 352.715514878      -0.54      1.28     -0.69  0.       -1945.915       6431.779       6840.133    0.000  -0.138   0.380   0.
  2017 352 17 10 21 485 352.715526453      -0.87      1.03     -0.59  0.       -1947.185       6432.289       6839.401    0.000  -0.138   0.380   0.
  2017 352 17 10 22 485 352.715538027      -0.80      1.26     -0.48  0.       -1948.455       6432.800       6838.668    0.000  -0.138   0.380   0.
  2017 352 17 10 23 485 352.715549601      -0.74      1.39     -0.55  0.       -1949.725       6433.310       6837.935    0.000  -0.138   0.380   0.
  2017 352 17 10 24 485 352.715561175      -0.72      1.32     -0.74  0.       -1950.994       6433.820       6837.202    0.000  -0.139   0.381   0.
  2017 352 17 10 25 485 352.715572749      -0.73      1.30     -0.64  0.       -1952.264       6434.329       6836.468    0.000  -0.139   0.381   0.
  2017 352 17 10 26 485 352.715584323      -0.44      1.45     -0.43  0.       -1953.533       6434.838       6835.734    0.000  -0.138   0.380   0.
  2017 352 17 10 27 485 352.715595897      -1.00      1.12     -0.41  0.       -1954.803       6435.347       6835.000    0.000  -0.138   0.380   0.
  2017 352 17 10 28 485 352.715607471      -0.76      1.22     -0.21  0.       -1956.072       6435.855       6834.265    0.000  -0.138   0.380   0.
  2017 352 17 10 29 485 352.715619045      -0.43      1.41     -0.00  0.       -1957.341       6436.364       6833.531    0.000  -0.138   0.380   0.
  2017 352 17 10 30 485 352.715630619      -0.29      1.29     -0.17  0.       -1958.611       6436.871       6832.795    0.000  -0.139   0.381   0.
  2017 352 17 10 31 485 352.715642193      -0.43      1.09     -0.46  0.       -1959.880       6437.379       6832.059    0.000  -0.139   0.381   0.
  2017 352 17 10 32 485 352.715653767      -0.27      1.03     -0.53  0.       -1961.149       6437.886       6831.324    0.000  -0.139   0.381   0.
  2017 352 17 10 33 485 352.715665341      -0.43      1.15     -0.57  0.       -1962.417       6438.393       6830.588    0.000  -0.139   0.381   0.
  2017 352 17 10 34 485 352.715676916      -0.18      1.16     -0.45  0.       -1963.686       6438.900       6829.851    0.000  -0.138   0.380   0.
  2017 352 17 10 35 485 352.715688490      -0.15      1.23     -0.59  0.       -1964.955       6439.406       6829.114    0.000  -0.138   0.380   0.
  2017 352 17 10 36 485 352.715700064      -0.45      1.16     -0.53  0.       -1966.223       6439.912       6828.377    0.000  -0.139   0.381   0.
  2017 352 17 10 37 485 352.715711637      -0.08      1.13     -0.13  0.       -1967.492       6440.418       6827.639    0.000  -0.139   0.381   0.
  2017 352 17 10 38 485 352.715723209       0.05      1.20     -0.37  0.       -1968.760       6440.923       6826.901    0.000  -0.139   0.381   0.
  2017 352 17 10 39 485 352.715734783      -0.21      1.05     -0.45  0.       -1970.029       6441.428       6826.163    0.000  -0.139   0.381   0.
  2017 352 17 10 40 485 352.715746357      -0.03      1.15     -0.01  0.       -1971.297       6441.933       6825.424    0.000  -0.138   0.380   0.
  2017 352 17 10 41 485 352.715757931       0.02      1.28     -0.07  0.       -1972.565       6442.437       6824.685    0.000  -0.138   0.380   0.
  2017 352 17 10 42 485 352.715769505       0.11      1.17     -0.24  0.       -1973.833       6442.941       6823.946    0.000  -0.139   0.381   0.
  2017 352 17 10 43 485 352.715781079       0.04      0.81     -0.68  0.       -1975.101       6443.445       6823.206    0.000  -0.139   0.381   0.
  2017 352 17 10 44 485 352.715792653      -0.32      0.77     -0.44  0.       -1976.369       6443.949       6822.466    0.000  -0.139   0.381   0.
  2017 352 17 10 45 485 352.715804227       0.29      1.48     -0.16  0.       -1977.636       6444.452       6821.726    0.000  -0.139   0.381   0.
  2017 352 17 10 46 485 352.715815802       0.23      1.45     -0.19  0.       -1978.904       6444.955       6820.986    0.000  -0.138   0.380   0.
  2017 352 17 10 47 485 352.715827376       0.04      1.08     -0.68  0.       -1980.171       6445.458       6820.245    0.000  -0.138   0.380   0.
  2017 352 17 10 48 485 352.715838950      -0.45      0.65     -0.41  0.       -1981.439       6445.960       6819.503    0.000  -0.138   0.380   0.
  2017 352 17 10 49 485 352.715850524       0.21      1.33     -0.29  0.       -1982.706       6446.462       6818.762    0.000  -0.138   0.380   0.
  2017 352 17 10 50 485 352.715862098       0.01      1.31     -0.97  0.       -1983.973       6446.963       6818.020    0.000  -0.139   0.381   0.
  2017 352 17 10 51 485 352.715873672      -0.56      1.10     -0.16  0.       -1985.240       6447.465       6817.278    0.000  -0.139   0.381   0.
  2017 352 17 10 52 485 352.715885246      -0.07      1.33     -0.31  0.       -1986.507       6447.966       6816.535    0.000  -0.138   0.380   0.
  2017 352 17 10 53 485 352.715896820      -0.06      1.33     -0.31  0.       -1987.774       6448.466       6815.792    0.000  -0.138   0.380   0.
  2017 352 17 10 54 485 352.715908394      -0.10      1.14     -0.67  0.       -1989.041       6448.967       6815.049    0.000  -0.139   0.381   0.
  2017 352 17 10 55 485 352.715919968      -0.51      0.95     -0.43  0.       -1990.308       6449.467       6814.305    0.000  -0.139   0.381   0.
  2017 352 17 10 56 485 352.715931542      -0.01      1.18     -0.08  0.       -1991.575       6449.967       6813.561    0.000  -0.138   0.380   0.
  2017 352 17 10 57 485 352.715943116      -0.07      1.19     -0.50  0.       -1992.841       6450.466       6812.817    0.000  -0.138   0.380   0.
  2017 352 17 10 58 485 352.715954690      -0.10      1.14     -0.38  0.       -1994.108       6450.965       6812.073    0.000  -0.139   0.381   0.
  2017 352 17 10 59 485 352.715966264      -0.16      1.19     -0.59  0.       -1995.374       6451.464       6811.328    0.000  -0.139   0.381   0.
  2017 352 17 11  0 485 352.715977839      -0.38      1.13     -0.59  0.       -1996.640       6451.962       6810.583    0.000  -0.138   0.380   0.
  2017 352 17 11  1 485 352.715989413      -0.53      1.00     -0.62  0.       -1997.906       6452.461       6809.837    0.000  -0.138   0.380   0.
  2017 352 17 11  2 485 352.716000987      -0.42      1.28     -0.38  0.       -1999.173       6452.958       6809.091    0.000  -0.138   0.380   0.
  2017 352 17 11  3 485 352.716012561      -0.22      1.34     -0.33  0.       -2000.438       6453.456       6808.345    0.000  -0.138   0.380   0.
  2017 352 17 11  4 485 352.716024135      -0.22      1.30     -0.14  0.       -2001.704       6453.953       6807.599    0.000  -0.139   0.381   0.
  2017 352 17 11  5 485 352.716035709      -0.25      1.24     -0.04  0.       -2002.970       6454.450       6806.852    0.000  -0.139   0.381   0.
  2017 352 17 11  6 485 352.716047283      -0.18      1.23     -0.34  0.       -2004.236       6454.947       6806.104    0.000  -0.139   0.381   0.
  2017 352 17 11  7 484 352.716058856      -0.61      1.04     -0.34  0.       -2005.501       6455.443       6805.357    0.000  -0.139   0.381   0.
  2017 352 17 11  8 484 352.716070428      -0.45      1.11     -0.06  0.       -2006.767       6455.939       6804.609    0.000  -0.139   0.381   0.
  2017 352 17 11  9 484 352.716082002      -0.28      1.12     -0.08  0.       -2008.032       6456.435       6803.861    0.000  -0.139   0.381   0.
  2017 352 17 11 10 485 352.716093576      -0.11      1.15     -0.19  0.       -2009.298       6456.930       6803.112    0.000  -0.138   0.380   0.
  2017 352 17 11 11 485 352.716105150       0.39      1.34     -0.23  0.       -2010.563       6457.425       6802.364    0.000  -0.138   0.380   0.
  2017 352 17 11 12 484 352.716116725       0.16      1.11     -0.30  0.       -2011.828       6457.920       6801.614    0.000  -0.138   0.380   0.
  2017 352 17 11 13 484 352.716128299      -0.06      0.95     -0.57  0.       -2013.093       6458.414       6800.865    0.000  -0.138   0.380   0.
  2017 352 17 11 14 485 352.716139873      -0.38      0.85     -0.59  0.       -2014.358       6458.908       6800.115    0.000  -0.139   0.381   0.
  2017 352 17 11 15 485 352.716151447      -0.37      0.86     -0.57  0.       -2015.623       6459.402       6799.365    0.000  -0.139   0.381   0.
  2017 352 17 11 16 485 352.716163021      -0.42      0.96     -0.44  0.       -2016.887       6459.896       6798.614    0.000  -0.138   0.380   0.
  2017 352 17 11 17 485 352.716174595      -0.19      1.07     -0.27  0.       -2018.152       6460.389       6797.863    0.000  -0.138   0.380   0.
  2017 352 17 11 18 485 352.716186169      -0.14      1.19     -0.35  0.       -2019.416       6460.882       6797.112    0.000  -0.138   0.380   0.
  2017 352 17 11 19 484 352.716197743      -0.21      1.06     -0.37  0.       -2020.681       6461.374       6796.361    0.000  -0.138   0.380   0.
  2017 352 17 11 20 484 352.716209317      -0.10      1.02     -0.23  0.       -2021.945       6461.867       6795.609    0.000  -0.139   0.381   0.
  2017 352 17 11 21 484 352.716220891      -0.05      1.12     -0.38  0.       -2023.210       6462.359       6794.857    0.000  -0.139   0.381   0.
  2017 352 17 11 22 484 352.716232465      -0.10      1.02     -0.51  0.       -2024.474       6462.850       6794.104    0.000  -0.139   0.381   0.
  2017 352 17 11 23 485 352.716244039      -0.13      1.17     -0.30  0.       -2025.737       6463.341       6793.352    0.000  -0.139   0.381   0.
  2017 352 17 11 24 485 352.716255613       0.13      1.36     -0.50  0.       -2027.002       6463.832       6792.598    0.000  -0.138   0.380   0.
  2017 352 17 11 25 484 352.716267188      -0.20      1.11     -0.53  0.       -2028.265       6464.323       6791.845    0.000  -0.138   0.380   0.
  2017 352 17 11 26 484 352.716278762      -0.32      1.14     -0.30  0.       -2029.529       6464.813       6791.091    0.000  -0.139   0.381   0.
  2017 352 17 11 27 484 352.716290336      -0.01      1.20     -0.32  0.       -2030.793       6465.303       6790.337    0.000  -0.139   0.381   0.
  2017 352 17 11 28 485 352.716301910      -0.17      0.99     -0.45  0.       -2032.056       6465.793       6789.583    0.000  -0.139   0.381   0.
  2017 352 17 11 29 485 352.716313484      -0.00      1.32     -0.16  0.       -2033.319       6466.283       6788.828    0.000  -0.139   0.381   0.
  2017 352 17 11 30 485 352.716325058       0.13      1.21     -0.39  0.       -2034.583       6466.772       6788.073    0.000  -0.138   0.380   0.
  2017 352 17 11 31 485 352.716336632      -0.09      1.10     -0.58  0.       -2035.846       6467.261       6787.317    0.000  -0.138   0.380   0.
  2017 352 17 11 32 484 352.716348206      -0.27      1.14     -0.62  0.       -2037.109       6467.749       6786.561    0.000  -0.138   0.380   0.
  2017 352 17 11 33 484 352.716359780      -0.48      1.08     -0.43  0.       -2038.372       6468.237       6785.805    0.000  -0.138   0.380   0.
  2017 352 17 11 34 484 352.716371354      -0.56      1.09     -0.78  0.       -2039.635       6468.725       6785.049    0.000  -0.139   0.381   0.
  2017 352 17 11 35 484 352.716382928      -0.70      0.91     -0.72  0.       -2040.898       6469.213       6784.292    0.000  -0.139   0.381   0.
  2017 352 17 11 36 484 352.716394499      -0.13      1.38     -0.36  0.       -2042.161       6469.700       6783.535    0.000  -0.139   0.381   0.
  2017 352 17 11 37 484 352.716406073       0.29      1.63     -0.59  0.       -2043.423       6470.187       6782.778    0.000  -0.139   0.381   0.
  2017 352 17 11 38 484 352.716417648      -0.01      1.33     -0.37  0.       -2044.686       6470.673       6782.020    0.000  -0.138   0.380   0.
  2017 352 17 11 39 484 352.716429222       0.44      1.57     -0.50  0.       -2045.948       6471.160       6781.262    0.000  -0.138   0.380   0.
  2017 352 17 11 40 484 352.716440796       0.24      1.54     -0.05  0.       -2047.211       6471.646       6780.503    0.000  -0.138   0.380   0.
  2017 352 17 11 41 484 352.716452370       0.50      1.45     -0.38  0.       -2048.473       6472.131       6779.745    0.000  -0.138   0.380   0.
  2017 352 17 11 42 484 352.716463944       0.23      1.32     -0.16  0.       -2049.735       6472.617       6778.986    0.000  -0.139   0.381   0.
  2017 352 17 11 43 484 352.716475518       0.53      1.31     -0.20  0.       -2050.997       6473.102       6778.226    0.000  -0.139   0.381   0.
  2017 352 17 11 44 484 352.716487092       0.25      1.22     -0.64  0.       -2052.259       6473.586       6777.467    0.000  -0.138   0.380   0.
  2017 352 17 11 45 484 352.716498666      -0.09      1.04     -0.65  0.       -2053.521       6474.071       6776.706    0.000  -0.138   0.380   0.
  2017 352 17 11 46 484 352.716510240      -0.38      0.88     -0.68  0.       -2054.783       6474.555       6775.946    0.000  -0.138   0.380   0.
  2017 352 17 11 47 484 352.716521814      -0.09      1.24     -0.14  0.       -2056.044       6475.039       6775.185    0.000  -0.138   0.380   0.
  2017 352 17 11 48 484 352.716533388       0.10      1.32     -0.39  0.       -2057.306       6475.522       6774.424    0.000  -0.139   0.381   0.
  2017 352 17 11 49 484 352.716544962      -0.17      1.05     -0.52  0.       -2058.567       6476.005       6773.663    0.000  -0.139   0.381   0.
  2017 352 17 11 50 484 352.716556536      -0.36      1.00     -0.62  0.       -2059.829       6476.488       6772.901    0.000  -0.138   0.380   0.
  2017 352 17 11 51 484 352.716568111      -0.51      0.96     -0.57  0.       -2061.090       6476.971       6772.139    0.000  -0.138   0.380   0.
  2017 352 17 11 52 484 352.716579685      -0.35      1.30     -0.18  0.       -2062.351       6477.453       6771.377    0.000  -0.139   0.381   0.
  2017 352 17 11 53 484 352.716591259       0.12      1.68      0.08  0.       -2063.612       6477.935       6770.614    0.000  -0.139   0.381   0.
  2017 352 17 11 54 484 352.716602833       0.29      1.25     -0.48  0.       -2064.873       6478.416       6769.851    0.000  -0.138   0.380   0.
  2017 352 17 11 55 484 352.716614407       0.10      0.97     -0.69  0.       -2066.134       6478.897       6769.088    0.000  -0.138   0.380   0.
  2017 352 17 11 56 484 352.716625981       0.25      1.12     -0.61  0.       -2067.395       6479.378       6768.324    0.000  -0.138   0.380   0.
  2017 352 17 11 57 484 352.716637555       0.91      1.56     -0.39  0.       -2068.655       6479.859       6767.560    0.000  -0.138   0.380   0.
  2017 352 17 11 58 484 352.716649129      -0.20      0.79     -0.90  0.       -2069.916       6480.339       6766.796    0.000  -0.139   0.381   0.
  2017 352 17 11 59 484 352.716660703      -1.00      0.42     -1.31  0.       -2071.176       6480.820       6766.031    0.000  -0.139   0.381   0.
  2017 352 17 12  0 484 352.716672277      -0.46      1.09     -1.00  0.       -2072.437       6481.299       6765.266    0.000  -0.139   0.381   0.
  2017 352 17 12  1 484 352.716683851      -0.33      1.77     -1.11  0.       -2073.697       6481.778       6764.501    0.000  -0.139   0.381   0.
  2017 352 17 12  2 484 352.716695425      -0.09      1.61     -0.99  0.       -2074.957       6482.258       6763.735    0.000  -0.138   0.380   0.
  2017 352 17 12  3 484 352.716706999      -0.19      1.25     -1.20  0.       -2076.217       6482.736       6762.969    0.000  -0.138   0.380   0.
  2017 352 17 12  4 484 352.716718573      -0.53      0.96     -1.08  0.       -2077.477       6483.215       6762.203    0.000  -0.139   0.381   0.
  2017 352 17 12  5 484 352.716730147      -0.31      1.16     -0.71  0.       -2078.737       6483.693       6761.436    0.000  -0.139   0.381   0.
  2017 352 17 12  6 484 352.716741719       0.04      1.47     -0.37  0.       -2079.997       6484.171       6760.670    0.000  -0.139   0.381   0.
  2017 352 17 12  7 484 352.716753293       0.04      1.13     -0.73  0.       -2081.256       6484.648       6759.902    0.000  -0.139   0.381   0.
  2017 352 17 12  8 484 352.716764867      -0.32      0.81     -0.74  0.       -2082.516       6485.125       6759.135    0.000  -0.138   0.380   0.
  2017 352 17 12  9 484 352.716776441      -0.46      1.08     -0.67  0.       -2083.775       6485.602       6758.367    0.000  -0.138   0.380   0.
  2017 352 17 12 10 484 352.716788015      -0.38      1.18     -0.69  0.       -2085.034       6486.079       6757.598    0.000  -0.138   0.380   0.
  2017 352 17 12 11 484 352.716799589      -0.25      1.18     -0.48  0.       -2086.294       6486.555       6756.830    0.000  -0.138   0.380   0.
  2017 352 17 12 12 484 352.716811163      -0.18      1.17     -0.60  0.       -2087.553       6487.031       6756.061    0.000  -0.138   0.380   0.
  2017 352 17 12 13 484 352.716822737      -0.39      1.11     -0.60  0.       -2088.812       6487.507       6755.292    0.000  -0.138   0.380   0.
  2017 352 17 12 14 484 352.716834311      -0.18      1.44     -0.16  0.       -2090.071       6487.982       6754.522    0.000  -0.138   0.380   0.
  2017 352 17 12 15 484 352.716845885      -0.22      1.38     -0.38  0.       -2091.330       6488.457       6753.752    0.000  -0.138   0.380   0.
  2017 352 17 12 16 484 352.716857460      -0.43      1.22     -0.52  0.       -2092.588       6488.931       6752.982    0.000  -0.138   0.380   0.
  2017 352 17 12 17 484 352.716869034      -0.82      1.11     -0.47  0.       -2093.847       6489.406       6752.211    0.000  -0.138   0.380   0.
  2017 352 17 12 18 484 352.716880608      -0.66      1.20     -0.14  0.       -2095.106       6489.880       6751.441    0.000  -0.139   0.381   0.
  2017 352 17 12 19 484 352.716892182      -0.55      1.29     -0.23  0.       -2096.364       6490.354       6750.669    0.000  -0.139   0.381   0.
  2017 352 17 12 20 484 352.716903756      -0.56      1.23     -0.56  0.       -2097.622       6490.827       6749.898    0.000  -0.138   0.380   0.
  2017 352 17 12 21 484 352.716915330      -0.49      1.11     -0.56  0.       -2098.881       6491.300       6749.126    0.000  -0.138   0.380   0.
  2017 352 17 12 22 484 352.716926904      -0.36      1.12     -0.46  0.       -2100.139       6491.773       6748.354    0.000  -0.138   0.380   0.
  2017 352 17 12 23 484 352.716938478      -0.39      1.23     -0.47  0.       -2101.397       6492.245       6747.581    0.000  -0.138   0.380   0.
  2017 352 17 12 24 484 352.716950052      -0.31      1.34     -0.54  0.       -2102.655       6492.717       6746.809    0.000  -0.138   0.380   0.
  2017 352 17 12 25 484 352.716961626      -0.48      1.20     -0.79  0.       -2103.912       6493.189       6746.035    0.000  -0.138   0.380   0.
  2017 352 17 12 26 484 352.716973200      -0.66      1.13     -0.68  0.       -2105.170       6493.661       6745.262    0.000  -0.139   0.381   0.
  2017 352 17 12 27 484 352.716984774      -0.60      1.23     -0.64  0.       -2106.428       6494.132       6744.488    0.000  -0.139   0.381   0.
  2017 352 17 12 28 484 352.716996348      -0.51      1.17     -0.69  0.       -2107.685       6494.603       6743.714    0.000  -0.139   0.381   0.
  2017 352 17 12 29 484 352.717007922      -0.59      0.97     -0.68  0.       -2108.943       6495.074       6742.939    0.000  -0.139   0.381   0.
  2017 352 17 12 30 484 352.717019496      -0.42      0.99     -0.70  0.       -2110.200       6495.544       6742.165    0.000  -0.138   0.380   0.
  2017 352 17 12 31 484 352.717031071      -0.53      1.20     -0.75  0.       -2111.457       6496.014       6741.390    0.000  -0.138   0.380   0.
  2017 352 17 12 32 484 352.717042645      -0.69      1.11     -0.97  0.       -2112.714       6496.483       6740.614    0.000  -0.139   0.381   0.
  2017 352 17 12 33 484 352.717054219      -0.82      0.85     -0.79  0.       -2113.971       6496.953       6739.838    0.000  -0.139   0.381   0.
  2017 352 17 12 34 484 352.717065793      -0.67      0.95     -0.72  0.       -2115.228       6497.422       6739.062    0.000  -0.139   0.381   0.
  2017 352 17 12 35 484 352.717077366      -1.04      1.29     -0.75  0.       -2116.485       6497.891       6738.286    0.000  -0.139   0.381   0.
  2017 352 17 12 36 484 352.717088938      -0.83      1.63     -0.31  0.       -2117.742       6498.359       6737.509    0.000  -0.138   0.380   0.
  2017 352 17 12 37 484 352.717100512      -0.73      1.27     -0.63  0.       -2118.998       6498.827       6736.732    0.000  -0.138   0.380   0.
  2017 352 17 12 38 484 352.717112086      -0.89      0.78     -0.87  0.       -2120.255       6499.295       6735.954    0.000  -0.138   0.380   0.
  2017 352 17 12 39 484 352.717123660      -0.58      0.86     -0.49  0.       -2121.511       6499.762       6735.177    0.000  -0.138   0.380   0.
  2017 352 17 12 40 484 352.717135234      -0.30      1.73     -0.21  0.       -2122.767       6500.229       6734.399    0.000  -0.139   0.381   0.
  2017 352 17 12 41 484 352.717146808      -0.51      1.58     -0.73  0.       -2124.024       6500.696       6733.620    0.000  -0.139   0.381   0.
  2017 352 17 12 42 484 352.717158383      -0.71      1.20     -0.13  0.       -2125.280       6501.163       6732.842    0.000  -0.138   0.380   0.
  2017 352 17 12 43 484 352.717169957      -0.46      1.59     -0.20  0.       -2126.535       6501.629       6732.063    0.000  -0.138   0.380   0.
  2017 352 17 12 44 484 352.717181531      -0.36      1.60     -0.32  0.       -2127.791       6502.095       6731.283    0.000  -0.138   0.380   0.
  2017 352 17 12 45 484 352.717193105      -0.39      1.47     -0.39  0.       -2129.047       6502.560       6730.503    0.000  -0.138   0.380   0.
  2017 352 17 12 46 484 352.717204679      -0.30      1.39     -0.37  0.       -2130.303       6503.025       6729.723    0.000  -0.139   0.381   0.
  2017 352 17 12 47 484 352.717216253      -0.23      1.32     -0.34  0.       -2131.558       6503.490       6728.943    0.000  -0.139   0.381   0.
  2017 352 17 12 48 484 352.717227827      -0.15      1.37     -0.31  0.       -2132.814       6503.955       6728.162    0.000  -0.138   0.380   0.
  2017 352 17 12 49 484 352.717239401      -0.30      1.19     -0.49  0.       -2134.069       6504.419       6727.381    0.000  -0.138   0.380   0.
  2017 352 17 12 50 484 352.717250975      -0.39      1.09     -0.37  0.       -2135.325       6504.883       6726.600    0.000  -0.138   0.380   0.
  2017 352 17 12 51 484 352.717262549      -0.53      1.03     -0.35  0.       -2136.580       6505.347       6725.818    0.000  -0.138   0.380   0.
  2017 352 17 12 52 484 352.717274123      -0.26      1.15     -0.49  0.       -2137.835       6505.810       6725.036    0.000  -0.139   0.381   0.
  2017 352 17 12 53 484 352.717285697      -0.57      0.98     -0.74  0.       -2139.090       6506.273       6724.254    0.000  -0.139   0.381   0.
  2017 352 17 12 54 484 352.717297271      -0.36      1.16     -0.64  0.       -2140.345       6506.736       6723.472    0.000  -0.138   0.380   0.
  2017 352 17 12 55 484 352.717308845      -0.52      1.11     -0.62  0.       -2141.599       6507.198       6722.689    0.000  -0.138   0.380   0.
  2017 352 17 12 56 484 352.717320420      -0.32      1.21     -0.26  0.       -2142.854       6507.660       6721.905    0.000  -0.139   0.381   0.
  2017 352 17 12 57 484 352.717331994       0.07      1.37     -0.19  0.       -2144.108       6508.122       6721.122    0.000  -0.139   0.381   0.
  2017 352 17 12 58 484 352.717343568      -0.08      1.27     -0.44  0.       -2145.363       6508.584       6720.338    0.000  -0.139   0.381   0.
  2017 352 17 12 59 484 352.717355142       0.07      1.22     -0.32  0.       -2146.617       6509.045       6719.553    0.000  -0.139   0.381   0.
  2017 352 17 13  0 484 352.717366716      -0.02      1.30     -0.58  0.       -2147.871       6509.506       6718.769    0.000  -0.138   0.380   0.
  2017 352 17 13  1 484 352.717378290       0.32      1.45     -0.26  0.       -2149.125       6509.966       6717.984    0.000  -0.138   0.380   0.
  2017 352 17 13  2 484 352.717389864       0.15      1.35     -0.35  0.       -2150.379       6510.426       6717.199    0.000  -0.138   0.380   0.
  2017 352 17 13  3 483 352.717401437       0.42      1.53     -0.58  0.       -2151.633       6510.886       6716.413    0.000  -0.138   0.380   0.
  2017 352 17 13  4 483 352.717413009      -0.75      0.80     -0.46  0.       -2152.887       6511.346       6715.627    0.000  -0.138   0.380   0.
  2017 352 17 13  5 483 352.717424583      -0.54      1.34     -0.96  0.       -2154.141       6511.805       6714.841    0.000  -0.138   0.380   0.
  2017 352 17 13  6 484 352.717436157      -0.76      0.96     -0.62  0.       -2155.394       6512.264       6714.055    0.000  -0.139   0.381   0.
  2017 352 17 13  7 484 352.717447731       0.05      1.48     -0.01  0.       -2156.648       6512.723       6713.268    0.000  -0.139   0.381   0.
  2017 352 17 13  8 483 352.717459306       0.46      1.48     -0.52  0.       -2157.901       6513.181       6712.481    0.000  -0.138   0.380   0.
  2017 352 17 13  9 483 352.717470880      -0.28      1.18     -0.50  0.       -2159.155       6513.639       6711.693    0.000  -0.138   0.380   0.
  2017 352 17 13 10 484 352.717482454      -0.19      1.27     -0.32  0.       -2160.408       6514.097       6710.905    0.000  -0.139   0.381   0.
  2017 352 17 13 11 484 352.717494028      -0.16      1.19     -0.37  0.       -2161.661       6514.554       6710.117    0.000  -0.139   0.381   0.
  2017 352 17 13 12 484 352.717505602      -0.21      0.92     -0.48  0.       -2162.914       6515.011       6709.329    0.000  -0.138   0.380   0.
  2017 352 17 13 13 484 352.717517176      -0.21      0.99     -0.63  0.       -2164.167       6515.468       6708.540    0.000  -0.138   0.380   0.
  2017 352 17 13 14 483 352.717528750      -0.27      1.18     -0.61  0.       -2165.419       6515.924       6707.751    0.000  -0.138   0.380   0.
  2017 352 17 13 15 483 352.717540324      -0.30      0.92     -0.57  0.       -2166.672       6516.380       6706.961    0.000  -0.138   0.380   0.
  2017 352 17 13 16 483 352.717551898      -0.31      1.03     -0.58  0.       -2167.925       6516.836       6706.171    0.000  -0.139   0.381   0.
  2017 352 17 13 17 483 352.717563472      -0.28      1.09     -0.49  0.       -2169.177       6517.292       6705.381    0.000  -0.139   0.381   0.
  2017 352 17 13 18 483 352.717575046      -0.20      1.24     -0.50  0.       -2170.429       6517.747       6704.591    0.000  -0.138   0.380   0.
  2017 352 17 13 19 484 352.717586620      -0.24      1.23     -0.49  0.       -2171.682       6518.202       6703.800    0.000  -0.138   0.380   0.
  2017 352 17 13 20 484 352.717598194      -0.32      1.07     -0.48  0.       -2172.934       6518.656       6703.009    0.000  -0.139   0.381   0.
  2017 352 17 13 21 483 352.717609769      -0.32      1.09     -0.52  0.       -2174.186       6519.110       6702.218    0.000  -0.139   0.381   0.
  2017 352 17 13 22 483 352.717621343      -0.13      1.22     -0.61  0.       -2175.438       6519.564       6701.426    0.000  -0.138   0.380   0.
  2017 352 17 13 23 484 352.717632917      -0.15      1.20     -0.75  0.       -2176.689       6520.018       6700.634    0.000  -0.138   0.380   0.
  2017 352 17 13 24 484 352.717644491      -0.27      1.16     -0.64  0.       -2177.941       6520.471       6699.841    0.000  -0.138   0.380   0.
  2017 352 17 13 25 484 352.717656065      -0.25      1.18     -0.80  0.       -2179.193       6520.924       6699.049    0.000  -0.138   0.380   0.
  2017 352 17 13 26 484 352.717667639      -0.20      1.11     -0.84  0.       -2180.444       6521.377       6698.256    0.000  -0.139   0.381   0.
  2017 352 17 13 27 484 352.717679213      -0.24      1.07     -0.72  0.       -2181.696       6521.829       6697.462    0.000  -0.139   0.381   0.
  2017 352 17 13 28 483 352.717690787      -0.12      1.03     -0.48  0.       -2182.947       6522.281       6696.669    0.000  -0.138   0.380   0.
  2017 352 17 13 29 483 352.717702361      -0.24      1.00     -0.57  0.       -2184.198       6522.733       6695.875    0.000  -0.138   0.380   0.
  2017 352 17 13 30 483 352.717713935      -0.39      1.02     -0.55  0.       -2185.449       6523.184       6695.080    0.000  -0.139   0.381   0.
  2017 352 17 13 31 483 352.717725509      -0.33      1.00     -0.56  0.       -2186.700       6523.635       6694.286    0.000  -0.139   0.381   0.
  2017 352 17 13 32 483 352.717737083      -0.37      1.02     -0.62  0.       -2187.951       6524.086       6693.491    0.000  -0.138   0.380   0.
  2017 352 17 13 33 499 352.717748838      -0.46      1.11     -0.52  0.       -2189.221       6524.543       6692.683    0.000  -0.138   0.380   0.
  2017 352 17 13 34 514 352.717760590      -0.49      0.99     -0.45  0.       -2190.491       6525.000       6691.875    0.000  -0.139   0.381   0.
  2017 352 17 13 35 514 352.717772164      -0.42      1.03     -0.36  0.       -2191.742       6525.450       6691.079    0.000  -0.139   0.381   0.
  2017 352 17 13 36 515 352.717783738      -0.18      1.19     -0.27  0.       -2192.992       6525.900       6690.283    0.000  -0.138   0.380   0.
  2017 352 17 13 37 515 352.717795313      -0.31      1.05     -0.47  0.       -2194.243       6526.349       6689.486    0.000  -0.138   0.380   0.
  2017 352 17 13 38 514 352.717806887      -0.78      0.96     -0.59  0.       -2195.493       6526.798       6688.689    0.000  -0.138   0.380   0.
  2017 352 17 13 39 514 352.717818461      -0.69      0.90     -0.48  0.       -2196.743       6527.246       6687.892    0.000  -0.138   0.380   0.
  2017 352 17 13 40 515 352.717830035      -0.16      1.17     -0.21  0.       -2197.993       6527.694       6687.094    0.000  -0.138   0.380   0.
  2017 352 17 13 41 515 352.717841609       0.11      1.38     -0.37  0.       -2199.243       6528.142       6686.296    0.000  -0.138   0.380   0.
  2017 352 17 13 42 515 352.717853183      -0.21      1.15     -0.31  0.       -2200.493       6528.590       6685.498    0.000  -0.138   0.380   0.
  2017 352 17 13 43 515 352.717864757       0.12      1.21     -0.42  0.       -2201.742       6529.037       6684.700    0.000  -0.138   0.380   0.
  2017 352 17 13 44 514 352.717876331       0.02      0.89     -0.43  0.       -2202.992       6529.484       6683.901    0.000  -0.139   0.381   0.
  2017 352 17 13 45 514 352.717887905       0.49      1.20     -0.06  0.       -2204.241       6529.931       6683.102    0.000  -0.139   0.381   0.
  2017 352 17 13 46 514 352.717899479       0.63      1.44     -0.31  0.       -2205.491       6530.377       6682.302    0.000  -0.139   0.381   0.
  2017 352 17 13 47 514 352.717911053       0.30      1.28     -0.58  0.       -2206.740       6530.823       6681.503    0.000  -0.139   0.381   0.
  2017 352 17 13 48 514 352.717922627      -0.24      1.18     -0.75  0.       -2207.989       6531.269       6680.702    0.000  -0.139   0.381   0.
  2017 352 17 13 49 515 352.717934201      -0.72      1.15     -0.73  0.       -2209.238       6531.714       6679.902    0.000  -0.139   0.381   0.
  2017 352 17 13 50 515 352.717945775      -0.63      1.25     -0.51  0.       -2210.487       6532.159       6679.101    0.000  -0.139   0.381   0.
  2017 352 17 13 51 514 352.717957350      -0.46      1.24     -0.54  0.       -2211.736       6532.604       6678.300    0.000  -0.139   0.381   0.
  2017 352 17 13 52 514 352.717968924      -0.28      1.17     -0.76  0.       -2212.985       6533.048       6677.498    0.000  -0.139   0.381   0.
  2017 352 17 13 53 515 352.717980498      -0.62      0.73     -0.51  0.       -2214.233       6533.492       6676.696    0.000  -0.139   0.381   0.
  2017 352 17 13 54 515 352.717992072      -0.30      1.09     -0.46  0.       -2215.481       6533.936       6675.894    0.000  -0.138   0.380   0.
  2017 352 17 13 55 515 352.718003646      -0.37      0.70     -0.95  0.       -2216.730       6534.380       6675.092    0.000  -0.138   0.380   0.
  2017 352 17 13 56 515 352.718015220      -0.76      0.48     -0.45  0.       -2217.978       6534.823       6674.289    0.000  -0.138   0.380   0.
  2017 352 17 13 57 515 352.718026794       0.05      1.22     -0.30  0.       -2219.227       6535.266       6673.486    0.000  -0.138   0.380   0.
  2017 352 17 13 58 514 352.718038368       0.12      0.94     -0.75  0.       -2220.474       6535.708       6672.683    0.000  -0.138   0.380   0.
  2017 352 17 13 59 514 352.718049942      -0.39      0.72     -0.63  0.       -2221.722       6536.150       6671.879    0.000  -0.138   0.380   0.
  2017 352 17 14  0 514 352.718061516      -0.26      0.95     -0.38  0.       -2222.970       6536.592       6671.075    0.000  -0.139   0.381   0.
  2017 352 17 14  1 514 352.718073090       0.49      1.60     -0.34  0.       -2224.218       6537.034       6670.270    0.000  -0.139   0.381   0.
  2017 352 17 14  2 514 352.718084661       0.01      1.02     -0.97  0.       -2225.466       6537.475       6669.466    0.000  -0.138   0.380   0.
  2017 352 17 14  3 514 352.718096236      -1.44      0.03     -1.14  0.       -2226.713       6537.916       6668.661    0.000  -0.138   0.380   0.
  2017 352 17 14  4 514 352.718107810      -1.04      0.87     -0.49  0.       -2227.961       6538.357       6667.855    0.000  -0.139   0.381   0.
  2017 352 17 14  5 514 352.718119384       0.31      2.16     -0.49  0.       -2229.208       6538.797       6667.050    0.000  -0.139   0.381   0.
  2017 352 17 14  6 514 352.718130958      -0.23      0.91     -1.17  0.       -2230.455       6539.237       6666.244    0.000  -0.139   0.381   0.
  2017 352 17 14  7 514 352.718142532      -1.30      0.11     -0.89  0.       -2231.703       6539.677       6665.437    0.000  -0.139   0.381   0.
  2017 352 17 14  8 514 352.718154106      -0.92      1.02     -0.55  0.       -2232.950       6540.116       6664.631    0.000  -0.138   0.380   0.
  2017 352 17 14  9 514 352.718165680       0.20      1.77     -0.29  0.       -2234.196       6540.555       6663.824    0.000  -0.138   0.380   0.
  2017 352 17 14 10 514 352.718177254       0.29      1.40     -0.57  0.       -2235.443       6540.994       6663.017    0.000  -0.139   0.381   0.
  2017 352 17 14 11 514 352.718188828      -0.23      0.82     -0.70  0.       -2236.690       6541.432       6662.209    0.000  -0.139   0.381   0.
  2017 352 17 14 12 514 352.718200402      -0.59      0.58     -0.76  0.       -2237.936       6541.870       6661.401    0.000  -0.138   0.380   0.
  2017 352 17 14 13 514 352.718211976      -0.60      0.71     -0.65  0.       -2239.183       6542.308       6660.593    0.000  -0.138   0.380   0.
  2017 352 17 14 14 514 352.718223550      -0.34      0.70     -0.60  0.       -2240.429       6542.745       6659.784    0.000  -0.139   0.381   0.
  2017 352 17 14 15 514 352.718235124      -0.19      0.84     -0.58  0.       -2241.676       6543.183       6658.975    0.000  -0.139   0.381   0.
  2017 352 17 14 16 514 352.718246698       0.20      1.02     -0.29  0.       -2242.922       6543.619       6658.166    0.000  -0.139   0.381   0.
  2017 352 17 14 17 514 352.718258273       0.17      0.96     -0.37  0.       -2244.168       6544.056       6657.357    0.000  -0.139   0.381   0.
  2017 352 17 14 18 514 352.718269847       0.11      1.00     -0.53  0.       -2245.414       6544.492       6656.547    0.000  -0.138   0.380   0.
  2017 352 17 14 19 514 352.718281421       0.14      0.90     -0.64  0.       -2246.660       6544.928       6655.737    0.000  -0.138   0.380   0.
  2017 352 17 14 20 514 352.718292995      -0.14      0.73     -0.58  0.       -2247.905       6545.364       6654.926    0.000  -0.139   0.381   0.
  2017 352 17 14 21 514 352.718304569      -0.22      0.77     -0.63  0.       -2249.151       6545.799       6654.115    0.000  -0.139   0.381   0.
  2017 352 17 14 22 514 352.718316143      -0.12      0.82     -0.68  0.       -2250.396       6546.234       6653.304    0.000  -0.138   0.380   0.
  2017 352 17 14 23 514 352.718327717      -0.00      1.00     -0.51  0.       -2251.642       6546.668       6652.493    0.000  -0.138   0.380   0.
  2017 352 17 14 24 514 352.718339291       0.20      1.14     -0.51  0.       -2252.887       6547.103       6651.681    0.000  -0.138   0.380   0.
  2017 352 17 14 25 514 352.718350865       0.14      0.90     -0.54  0.       -2254.132       6547.537       6650.869    0.000  -0.138   0.380   0.
  2017 352 17 14 26 514 352.718362439       0.02      0.93     -0.43  0.       -2255.377       6547.970       6650.056    0.000  -0.139   0.381   0.
  2017 352 17 14 27 514 352.718374013       0.26      1.28     -0.19  0.       -2256.622       6548.404       6649.244    0.000  -0.139   0.381   0.
  2017 352 17 14 28 514 352.718385587       0.21      1.07     -0.38  0.       -2257.867       6548.837       6648.431    0.000  -0.138   0.380   0.
  2017 352 17 14 29 514 352.718397161       0.09      0.97     -0.31  0.       -2259.112       6549.269       6647.617    0.000  -0.138   0.380   0.
  2017 352 17 14 30 514 352.718408736       0.27      0.86     -0.29  0.       -2260.356       6549.702       6646.804    0.000  -0.138   0.380   0.
  2017 352 17 14 31 514 352.718420309       0.45      1.19     -0.24  0.       -2261.601       6550.134       6645.990    0.000  -0.138   0.380   0.
  2017 352 17 14 32 514 352.718431881       0.18      1.01     -0.29  0.       -2262.845       6550.566       6645.175    0.000  -0.139   0.381   0.
  2017 352 17 14 33 514 352.718443455       0.23      0.96     -0.31  0.       -2264.089       6550.997       6644.360    0.000  -0.139   0.381   0.
  2017 352 17 14 34 514 352.718455029      -0.03      0.84     -0.45  0.       -2265.334       6551.428       6643.545    0.000  -0.139   0.381   0.
  2017 352 17 14 35 514 352.718466603      -0.17      0.78     -0.24  0.       -2266.578       6551.859       6642.730    0.000  -0.139   0.381   0.
  2017 352 17 14 36 514 352.718478177      -0.13      0.78     -0.29  0.       -2267.822       6552.290       6641.915    0.000  -0.138   0.380   0.
  2017 352 17 14 37 514 352.718489751       0.26      0.95     -0.30  0.       -2269.065       6552.720       6641.099    0.000  -0.138   0.380   0.
  2017 352 17 14 38 514 352.718501325       0.60      0.98     -0.41  0.       -2270.309       6553.150       6640.282    0.000  -0.139   0.381   0.
  2017 352 17 14 39 514 352.718512899       0.11      0.77     -0.48  0.       -2271.553       6553.579       6639.466    0.000  -0.139   0.381   0.
  2017 352 17 14 40 514 352.718524473      -0.33      0.72     -0.33  0.       -2272.796       6554.008       6638.649    0.000  -0.138   0.380   0.
  2017 352 17 14 41 514 352.718536047      -0.13      0.81     -0.25  0.       -2274.040       6554.437       6637.831    0.000  -0.138   0.380   0.
  2017 352 17 14 42 514 352.718547621       0.11      0.87     -0.35  0.       -2275.283       6554.866       6637.014    0.000  -0.138   0.380   0.
  2017 352 17 14 43 514 352.718559196       0.20      0.96     -0.47  0.       -2276.526       6555.294       6636.196    0.000  -0.138   0.380   0.
  2017 352 17 14 44 514 352.718570770       0.06      0.90     -0.49  0.       -2277.769       6555.722       6635.378    0.000  -0.139   0.381   0.
  2017 352 17 14 45 514 352.718582344      -0.12      0.86     -0.40  0.       -2279.012       6556.150       6634.559    0.000  -0.139   0.381   0.
  2017 352 17 14 46 514 352.718593918      -0.16      0.81     -0.31  0.       -2280.255       6556.577       6633.740    0.000  -0.139   0.381   0.
  2017 352 17 14 47 514 352.718605492      -0.17      0.77     -0.37  0.       -2281.498       6557.004       6632.921    0.000  -0.139   0.381   0.
  2017 352 17 14 48 514 352.718617066      -0.04      0.78     -0.58  0.       -2282.740       6557.431       6632.102    0.000  -0.138   0.380   0.
  2017 352 17 14 49 514 352.718628640       0.08      0.74     -0.39  0.       -2283.983       6557.857       6631.282    0.000  -0.138   0.380   0.
  2017 352 17 14 50 514 352.718640214       0.03      0.79     -0.40  0.       -2285.225       6558.283       6630.462    0.000  -0.139   0.381   0.
  2017 352 17 14 51 514 352.718651788       0.13      0.79     -0.36  0.       -2286.468       6558.709       6629.641    0.000  -0.139   0.381   0.
  2017 352 17 14 52 514 352.718663362      -0.01      0.69     -0.54  0.       -2287.710       6559.134       6628.820    0.000  -0.139   0.381   0.
  2017 352 17 14 53 514 352.718674936      -0.35      0.68     -0.37  0.       -2288.952       6559.560       6627.999    0.000  -0.139   0.381   0.
  2017 352 17 14 54 514 352.718686510      -0.03      0.81     -0.26  0.       -2290.194       6559.984       6627.178    0.000  -0.138   0.380   0.
  2017 352 17 14 55 514 352.718698084       0.21      0.88     -0.38  0.       -2291.436       6560.409       6626.356    0.000  -0.138   0.380   0.
  2017 352 17 14 56 514 352.718709659       0.23      0.97     -0.38  0.       -2292.678       6560.833       6625.534    0.000  -0.138   0.380   0.
  2017 352 17 14 57 514 352.718721233       0.15      0.80     -0.35  0.       -2293.919       6561.257       6624.712    0.000  -0.138   0.380   0.
  2017 352 17 14 58 514 352.718732807       0.05      0.76     -0.52  0.       -2295.161       6561.680       6623.889    0.000  -0.138   0.380   0.
  2017 352 17 14 59 514 352.718744380      -0.29      0.71     -0.54  0.       -2296.402       6562.104       6623.066    0.000  -0.138   0.380   0.
  2017 352 17 15  0 514 352.718755952      -0.50      0.73     -0.52  0.       -2297.643       6562.526       6622.243    0.000  -0.139   0.381   0.
  2017 352 17 15  1 514 352.718767526      -0.23      0.80     -0.52  0.       -2298.885       6562.949       6621.419    0.000  -0.139   0.381   0.
  2017 352 17 15  2 514 352.718779100       0.05      0.72     -0.53  0.       -2300.126       6563.371       6620.595    0.000  -0.138   0.380   0.
  2017 352 17 15  3 514 352.718790674       0.13      0.82     -0.34  0.       -2301.367       6563.793       6619.771    0.000  -0.138   0.380   0.
  2017 352 17 15  4 514 352.718802248       0.02      0.92     -0.19  0.       -2302.608       6564.215       6618.946    0.000  -0.139   0.381   0.
  2017 352 17 15  5 514 352.718813822       0.05      0.94     -0.28  0.       -2303.848       6564.636       6618.121    0.000  -0.139   0.381   0.
  2017 352 17 15  6 514 352.718825396       0.11      0.83     -0.38  0.       -2305.089       6565.057       6617.296    0.000  -0.139   0.381   0.
  2017 352 17 15  7 514 352.718836971       0.03      0.78     -0.47  0.       -2306.329       6565.478       6616.470    0.000  -0.139   0.381   0.
  2017 352 17 15  8 514 352.718848545      -0.16      0.76     -0.44  0.       -2307.570       6565.898       6615.644    0.000  -0.138   0.380   0.
  2017 352 17 15  9 514 352.718860119      -0.30      0.84     -0.45  0.       -2308.810       6566.318       6614.818    0.000  -0.138   0.380   0.
  2017 352 17 15 10 514 352.718871693      -0.31      0.89     -0.49  0.       -2310.050       6566.738       6613.992    0.000  -0.138   0.380   0.
  2017 352 17 15 11 514 352.718883267      -0.31      0.86     -0.47  0.       -2311.291       6567.157       6613.165    0.000  -0.138   0.380   0.
  2017 352 17 15 12 514 352.718894841      -0.25      0.88     -0.50  0.       -2312.530       6567.576       6612.338    0.000  -0.139   0.381   0.
  2017 352 17 15 13 514 352.718906415      -0.49      0.78     -0.48  0.       -2313.770       6567.995       6611.510    0.000  -0.139   0.381   0.
  2017 352 17 15 14 514 352.718917989      -0.47      0.74     -0.33  0.       -2315.010       6568.414       6610.682    0.000  -0.138   0.380   0.
  2017 352 17 15 15 514 352.718929563      -0.38      0.82     -0.42  0.       -2316.250       6568.832       6609.854    0.000  -0.138   0.380   0.
  2017 352 17 15 16 514 352.718941137      -0.37      0.85     -0.46  0.       -2317.489       6569.250       6609.026    0.000  -0.138   0.380   0.
  2017 352 17 15 17 514 352.718952711      -0.30      0.88     -0.41  0.       -2318.729       6569.667       6608.197    0.000  -0.138   0.380   0.
  2017 352 17 15 18 514 352.718964285      -0.23      0.94     -0.41  0.       -2319.968       6570.084       6607.368    0.000  -0.139   0.381   0.
  2017 352 17 15 19 514 352.718975859      -0.16      0.90     -0.30  0.       -2321.207       6570.501       6606.538    0.000  -0.139   0.381   0.
  2017 352 17 15 20 514 352.718987433      -0.16      0.93     -0.33  0.       -2322.446       6570.918       6605.709    0.000  -0.138   0.380   0.
  2017 352 17 15 21 514 352.718999008      -0.09      0.94     -0.28  0.       -2323.685       6571.333       6604.878    0.000  -0.138   0.380   0.
  2017 352 17 15 22 514 352.719010582      -0.14      0.94     -0.30  0.       -2324.924       6571.749       6604.048    0.000  -0.138   0.380   0.
  2017 352 17 15 23 514 352.719022156      -0.26      0.97     -0.40  0.       -2326.163       6572.166       6603.217    0.000  -0.138   0.380   0.
  2017 352 17 15 24 514 352.719033730      -0.32      0.90     -0.31  0.       -2327.401       6572.581       6602.386    0.000  -0.139   0.381   0.
  2017 352 17 15 25 514 352.719045304      -0.27      0.90     -0.34  0.       -2328.640       6572.996       6601.555    0.000  -0.139   0.381   0.
  2017 352 17 15 26 514 352.719056878      -0.20      0.76     -0.41  0.       -2329.878       6573.410       6600.723    0.000  -0.138   0.380   0.
  2017 352 17 15 27 514 352.719068452      -0.31      0.69     -0.41  0.       -2331.116       6573.825       6599.891    0.000  -0.138   0.380   0.
  2017 352 17 15 28 514 352.719080026      -0.31      0.75     -0.49  0.       -2332.355       6574.239       6599.059    0.000  -0.139   0.381   0.
  2017 352 17 15 29 513 352.719091599      -0.23      0.73     -0.42  0.       -2333.593       6574.652       6598.226    0.000  -0.139   0.381   0.
  2017 352 17 15 30 513 352.719103171      -0.25      0.72     -0.43  0.       -2334.831       6575.066       6597.394    0.000  -0.138   0.380   0.
  2017 352 17 15 31 514 352.719114745      -0.21      0.71     -0.49  0.       -2336.068       6575.479       6596.560    0.000  -0.138   0.380   0.
  2017 352 17 15 32 514 352.719126319      -0.12      0.69     -0.46  0.       -2337.306       6575.891       6595.727    0.000  -0.138   0.380   0.
  2017 352 17 15 33 513 352.719137894      -0.12      0.73     -0.39  0.       -2338.544       6576.304       6594.893    0.000  -0.138   0.380   0.
  2017 352 17 15 34 513 352.719149468       0.08      0.85     -0.44  0.       -2339.781       6576.716       6594.059    0.000  -0.139   0.381   0.
  2017 352 17 15 35 514 352.719161042       0.03      0.82     -0.40  0.       -2341.019       6577.128       6593.224    0.000  -0.139   0.381   0.
  2017 352 17 15 36 514 352.719172616      -0.02      0.83     -0.34  0.       -2342.256       6577.539       6592.389    0.000  -0.138   0.380   0.
  2017 352 17 15 37 514 352.719184190       0.06      0.82     -0.33  0.       -2343.493       6577.950       6591.554    0.000  -0.138   0.380   0.
  2017 352 17 15 38 514 352.719195764       0.04      0.82     -0.42  0.       -2344.730       6578.361       6590.718    0.000  -0.138   0.380   0.
  2017 352 17 15 39 514 352.719207338      -0.04      0.84     -0.49  0.       -2345.967       6578.772       6589.883    0.000  -0.138   0.380   0.
  2017 352 17 15 40 513 352.719218912      -0.01      0.80     -0.38  0.       -2347.204       6579.182       6589.047    0.000  -0.139   0.381   0.
  2017 352 17 15 41 513 352.719230486       0.05      0.77     -0.39  0.       -2348.441       6579.592       6588.210    0.000  -0.139   0.381   0.
  2017 352 17 15 42 513 352.719242060      -0.02      0.88     -0.50  0.       -2349.677       6580.001       6587.373    0.000  -0.138   0.380   0.
  2017 352 17 15 43 513 352.719253634      -0.00      0.78     -0.64  0.       -2350.914       6580.410       6586.536    0.000  -0.138   0.380   0.
  2017 352 17 15 44 513 352.719265208      -0.37      0.72     -0.69  0.       -2352.150       6580.819       6585.699    0.000  -0.138   0.380   0.
  2017 352 17 15 45 514 352.719276782      -0.57      0.76     -0.46  0.       -2353.386       6581.228       6584.861    0.000  -0.138   0.380   0.
  2017 352 17 15 46 514 352.719288356      -0.17      0.80     -0.29  0.       -2354.622       6581.636       6584.023    0.000  -0.139   0.381   0.
  2017 352 17 15 47 513 352.719299931      -0.06      0.97     -0.57  0.       -2355.858       6582.044       6583.185    0.000  -0.139   0.381   0.
  2017 352 17 15 48 513 352.719311505      -0.34      0.65     -0.37  0.       -2357.094       6582.452       6582.346    0.000  -0.139   0.381   0.
  2017 352 17 15 49 514 352.719323079      -0.01      0.76     -0.41  0.       -2358.330       6582.859       6581.507    0.000  -0.139   0.381   0.
  2017 352 17 15 50 514 352.719334653       0.00      0.76     -0.91  0.       -2359.566       6583.266       6580.668    0.000  -0.138   0.380   0.
  2017 352 17 15 51 514 352.719346227      -0.37      0.77     -0.52  0.       -2360.801       6583.673       6579.828    0.000  -0.138   0.380   0.
  2017 352 17 15 52 514 352.719357801      -0.16      0.89     -0.46  0.       -2362.037       6584.079       6578.988    0.000  -0.138   0.380   0.
  2017 352 17 15 53 513 352.719369375      -0.17      0.75     -0.51  0.       -2363.272       6584.485       6578.148    0.000  -0.138   0.380   0.
  2017 352 17 15 54 513 352.719380949      -0.05      0.72     -0.39  0.       -2364.507       6584.891       6577.307    0.000  -0.139   0.381   0.
  2017 352 17 15 55 513 352.719392523       0.07      0.72     -0.45  0.       -2365.742       6585.297       6576.466    0.000  -0.139   0.381   0.
  2017 352 17 15 56 513 352.719404097      -0.04      0.70     -0.57  0.       -2366.977       6585.702       6575.625    0.000  -0.138   0.380   0.
  2017 352 17 15 57 513 352.719415671      -0.18      0.63     -0.55  0.       -2368.212       6586.106       6574.784    0.000  -0.138   0.380   0.
  2017 352 17 15 58 513 352.719427242      -0.26      0.64     -0.57  0.       -2369.447       6586.511       6573.942    0.000  -0.138   0.380   0.
  2017 352 17 15 59 513 352.719438817      -0.23      0.70     -0.54  0.       -2370.682       6586.915       6573.100    0.000  -0.138   0.380   0.
  2017 352 17 16  0 513 352.719450391      -0.12      0.73     -0.45  0.       -2371.916       6587.319       6572.257    0.000  -0.139   0.381   0.
  2017 352 17 16  1 513 352.719461965       0.13      1.06     -0.36  0.       -2373.151       6587.722       6571.414    0.000  -0.139   0.381   0.
  2017 352 17 16  2 513 352.719473539       0.25      1.04     -0.39  0.       -2374.385       6588.126       6570.571    0.000  -0.138   0.380   0.
  2017 352 17 16  3 513 352.719485113       0.03      0.88     -0.52  0.       -2375.619       6588.528       6569.728    0.000  -0.138   0.380   0.
  2017 352 17 16  4 513 352.719496687      -0.09      0.87     -0.52  0.       -2376.853       6588.931       6568.884    0.000  -0.138   0.380   0.
  2017 352 17 16  5 513 352.719508261      -0.10      0.95     -0.29  0.       -2378.087       6589.333       6568.040    0.000  -0.138   0.380   0.
  2017 352 17 16  6 513 352.719519835       0.02      0.92     -0.34  0.       -2379.321       6589.735       6567.195    0.000  -0.139   0.381   0.
  2017 352 17 16  7 513 352.719531409      -0.04      0.92     -0.40  0.       -2380.555       6590.137       6566.351    0.000  -0.139   0.381   0.
  2017 352 17 16  8 513 352.719542983      -0.16      0.91     -0.45  0.       -2381.788       6590.538       6565.506    0.000  -0.139   0.381   0.
  2017 352 17 16  9 513 352.719554557      -0.27      0.82     -0.35  0.       -2383.022       6590.939       6564.660    0.000  -0.139   0.381   0.
  2017 352 17 16 10 513 352.719566131      -0.12      0.80     -0.36  0.       -2384.255       6591.340       6563.815    0.000  -0.138   0.380   0.
  2017 352 17 16 11 513 352.719577705       0.16      0.92     -0.26  0.       -2385.488       6591.740       6562.969    0.000  -0.138   0.380   0.
  2017 352 17 16 12 513 352.719589280       0.38      1.14     -0.34  0.       -2386.722       6592.140       6562.122    0.000  -0.138   0.380   0.
  2017 352 17 16 13 513 352.719600854       0.17      0.96     -0.27  0.       -2387.955       6592.540       6561.276    0.000  -0.138   0.380   0.
  2017 352 17 16 14 513 352.719612428       0.04      0.90     -0.27  0.       -2389.188       6592.939       6560.429    0.000  -0.138   0.380   0.
  2017 352 17 16 15 513 352.719624002       0.10      0.88     -0.26  0.       -2390.420       6593.338       6559.581    0.000  -0.138   0.380   0.
  2017 352 17 16 16 513 352.719635576       0.23      0.88     -0.24  0.       -2391.653       6593.737       6558.734    0.000  -0.138   0.380   0.
  2017 352 17 16 17 513 352.719647150       0.31      0.83     -0.31  0.       -2392.886       6594.135       6557.886    0.000  -0.138   0.380   0.
  2017 352 17 16 18 513 352.719658724       0.25      0.76     -0.34  0.       -2394.118       6594.533       6557.038    0.000  -0.139   0.381   0.
  2017 352 17 16 19 513 352.719670298       0.10      0.71     -0.43  0.       -2395.350       6594.931       6556.189    0.000  -0.139   0.381   0.
  2017 352 17 16 20 513 352.719681872      -0.03      0.67     -0.46  0.       -2396.582       6595.328       6555.340    0.000  -0.138   0.380   0.
  2017 352 17 16 21 513 352.719693446      -0.18      0.67     -0.30  0.       -2397.815       6595.726       6554.491    0.000  -0.138   0.380   0.
  2017 352 17 16 22 513 352.719705020      -0.08      0.73     -0.23  0.       -2399.047       6596.122       6553.642    0.000  -0.138   0.380   0.
  2017 352 17 16 23 513 352.719716594      -0.01      0.69     -0.30  0.       -2400.278       6596.519       6552.792    0.000  -0.138   0.380   0.
  2017 352 17 16 24 513 352.719728168       0.06      0.67     -0.28  0.       -2401.511       6596.915       6551.942    0.000  -0.139   0.381   0.
  2017 352 17 16 25 513 352.719739742       0.15      0.77     -0.32  0.       -2402.742       6597.311       6551.091    0.000  -0.139   0.381   0.
  2017 352 17 16 26 513 352.719751317       0.09      0.76     -0.35  0.       -2403.974       6597.707       6550.241    0.000  -0.138   0.380   0.
  2017 352 17 16 27 513 352.719762890      -0.15      0.70     -0.29  0.       -2405.205       6598.102       6549.390    0.000  -0.138   0.380   0.
  2017 352 17 16 28 513 352.719774462      -0.09      0.78     -0.21  0.       -2406.436       6598.497       6548.538    0.000  -0.138   0.380   0.
  2017 352 17 16 29 513 352.719786036       0.29      0.87     -0.33  0.       -2407.668       6598.891       6547.686    0.000  -0.138   0.380   0.
  2017 352 17 16 30 513 352.719797610       0.17      0.78     -0.69  0.       -2408.899       6599.286       6546.834    0.000  -0.139   0.381   0.
  2017 352 17 16 31 513 352.719809184      -0.39      0.52     -0.60  0.       -2410.130       6599.679       6545.982    0.000  -0.139   0.381   0.
  2017 352 17 16 32 513 352.719820758      -0.84      0.48     -0.40  0.       -2411.360       6600.073       6545.129    0.000  -0.139   0.381   0.
  2017 352 17 16 33 513 352.719832332      -0.46      0.86     -0.33  0.       -2412.591       6600.466       6544.276    0.000  -0.139   0.381   0.
  2017 352 17 16 34 513 352.719843906      -0.07      1.00     -0.31  0.       -2413.822       6600.859       6543.423    0.000  -0.138   0.380   0.
  2017 352 17 16 35 513 352.719855480      -0.12      0.77     -0.21  0.       -2415.052       6601.252       6542.570    0.000  -0.138   0.380   0.
  2017 352 17 16 36 513 352.719867054      -0.03      0.68     -0.33  0.       -2416.282       6601.644       6541.716    0.000  -0.138   0.380   0.
  2017 352 17 16 37 513 352.719878628      -0.01      0.69     -0.41  0.       -2417.513       6602.037       6540.861    0.000  -0.138   0.380   0.
  2017 352 17 16 38 513 352.719890202       0.03      0.69     -0.41  0.       -2418.743       6602.428       6540.007    0.000  -0.139   0.381   0.
  2017 352 17 16 39 513 352.719901777       0.21      0.76     -0.32  0.       -2419.973       6602.820       6539.152    0.000  -0.139   0.381   0.
  2017 352 17 16 40 513 352.719913351       0.42      0.70     -0.23  0.       -2421.203       6603.211       6538.297    0.000  -0.138   0.380   0.
  2017 352 17 16 41 513 352.719924925       0.25      0.67     -0.33  0.       -2422.433       6603.601       6537.441    0.000  -0.138   0.380   0.
  2017 352 17 16 42 513 352.719936499       0.22      0.68     -0.36  0.       -2423.662       6603.992       6536.586    0.000  -0.138   0.380   0.
  2017 352 17 16 43 513 352.719948073      -0.00      0.66     -0.49  0.       -2424.892       6604.382       6535.729    0.000  -0.138   0.380   0.
  2017 352 17 16 44 513 352.719959647      -0.43      0.70     -0.47  0.       -2426.121       6604.772       6534.873    0.000  -0.139   0.381   0.
  2017 352 17 16 45 513 352.719971221      -0.75      0.60     -0.24  0.       -2427.350       6605.161       6534.016    0.000  -0.139   0.381   0.
  2017 352 17 16 46 513 352.719982795      -0.55      0.64     -0.14  0.       -2428.580       6605.550       6533.159    0.000  -0.138   0.380   0.
  2017 352 17 16 47 513 352.719994369      -0.18      0.80     -0.27  0.       -2429.809       6605.939       6532.302    0.000  -0.138   0.380   0.
  2017 352 17 16 48 513 352.720005943       0.02      0.78     -0.32  0.       -2431.038       6606.328       6531.444    0.000  -0.139   0.381   0.
  2017 352 17 16 49 513 352.720017517       0.09      0.82     -0.34  0.       -2432.267       6606.716       6530.586    0.000  -0.139   0.381   0.
  2017 352 17 16 50 513 352.720029091       0.08      0.79     -0.38  0.       -2433.495       6607.104       6529.728    0.000  -0.138   0.380   0.
  2017 352 17 16 51 513 352.720040665       0.11      0.73     -0.34  0.       -2434.724       6607.491       6528.869    0.000  -0.138   0.380   0.
  2017 352 17 16 52 513 352.720052240       0.15      0.79     -0.37  0.       -2435.952       6607.879       6528.010    0.000  -0.138   0.380   0.
  2017 352 17 16 53 513 352.720063814       0.07      0.75     -0.50  0.       -2437.181       6608.266       6527.151    0.000  -0.138   0.380   0.
  2017 352 17 16 54 513 352.720075388      -0.14      0.69     -0.44  0.       -2438.409       6608.652       6526.291    0.000  -0.139   0.381   0.
  2017 352 17 16 55 513 352.720086961      -0.24      0.76     -0.27  0.       -2439.637       6609.039       6525.431    0.000  -0.139   0.381   0.
  2017 352 17 16 56 513 352.720098533      -0.06      0.78     -0.21  0.       -2440.865       6609.425       6524.571    0.000  -0.139   0.381   0.
  2017 352 17 16 57 513 352.720110107       0.16      0.74     -0.26  0.       -2442.093       6609.810       6523.710    0.000  -0.139   0.381   0.
  2017 352 17 16 58 513 352.720121681       0.02      0.70     -0.30  0.       -2443.321       6610.196       6522.850    0.000  -0.139   0.381   0.
  2017 352 17 16 59 513 352.720133255      -0.04      0.62     -0.24  0.       -2444.549       6610.581       6521.988    0.000  -0.139   0.381   0.
  2017 352 17 17  0 513 352.720144829       0.07      0.67     -0.21  0.       -2445.776       6610.965       6521.127    0.000  -0.138   0.380   0.
  2017 352 17 17  1 513 352.720156403      -0.02      0.74     -0.22  0.       -2447.004       6611.350       6520.265    0.000  -0.138   0.380   0.
  2017 352 17 17  2 513 352.720167977      -0.03      0.65     -0.15  0.       -2448.231       6611.734       6519.403    0.000  -0.138   0.380   0.
  2017 352 17 17  3 513 352.720179552       0.13      0.74     -0.21  0.       -2449.458       6612.117       6518.540    0.000  -0.138   0.380   0.
  2017 352 17 17  4 513 352.720191126       0.15      0.77     -0.30  0.       -2450.685       6612.501       6517.678    0.000  -0.139   0.381   0.
  2017 352 17 17  5 513 352.720202700       0.04      0.66     -0.23  0.       -2451.912       6612.884       6516.814    0.000  -0.139   0.381   0.
  2017 352 17 17  6 513 352.720214274       0.00      0.69     -0.23  0.       -2453.139       6613.267       6515.951    0.000  -0.138   0.380   0.
  2017 352 17 17  7 513 352.720225848       0.07      0.66     -0.31  0.       -2454.366       6613.649       6515.088    0.000  -0.138   0.380   0.
  2017 352 17 17  8 513 352.720237422       0.06      0.63     -0.30  0.       -2455.592       6614.031       6514.224    0.000  -0.138   0.380   0.
  2017 352 17 17  9 513 352.720248996       0.01      0.60     -0.33  0.       -2456.819       6614.413       6513.359    0.000  -0.138   0.380   0.
  2017 352 17 17 10 513 352.720260570      -0.02      0.55     -0.28  0.       -2458.045       6614.795       6512.494    0.000  -0.138   0.380   0.
  2017 352 17 17 11 513 352.720272144      -0.04      0.61     -0.39  0.       -2459.271       6615.176       6511.629    0.000  -0.138   0.380   0.
  2017 352 17 17 12 513 352.720283718      -0.04      0.64     -0.45  0.       -2460.497       6615.557       6510.764    0.000  -0.138   0.380   0.
  2017 352 17 17 13 513 352.720295292       0.00      0.57     -0.37  0.       -2461.723       6615.937       6509.899    0.000  -0.138   0.380   0.
  2017 352 17 17 14 513 352.720306866      -0.09      0.51     -0.36  0.       -2462.949       6616.317       6509.033    0.000  -0.138   0.380   0.
  2017 352 17 17 15 513 352.720318440       0.09      0.60     -0.30  0.       -2464.175       6616.697       6508.166    0.000  -0.138   0.380   0.
  2017 352 17 17 16 513 352.720330014       0.01      0.54     -0.40  0.       -2465.401       6617.077       6507.300    0.000  -0.138   0.380   0.
  2017 352 17 17 17 513 352.720341589       0.07      0.49     -0.34  0.       -2466.626       6617.456       6506.433    0.000  -0.138   0.380   0.
  2017 352 17 17 18 513 352.720353163       0.10      0.50     -0.32  0.       -2467.852       6617.835       6505.566    0.000  -0.138   0.380   0.
  2017 352 17 17 19 513 352.720364737       0.06      0.57     -0.28  0.       -2469.077       6618.214       6504.698    0.000  -0.138   0.380   0.
  2017 352 17 17 20 513 352.720376311       0.10      0.59     -0.24  0.       -2470.302       6618.592       6503.831    0.000  -0.138   0.380   0.
  2017 352 17 17 21 513 352.720387885       0.23      0.62     -0.34  0.       -2471.527       6618.970       6502.962    0.000  -0.138   0.380   0.
  2017 352 17 17 22 513 352.720399459       0.14      0.63     -0.38  0.       -2472.752       6619.348       6502.094    0.000  -0.138   0.380   0.
  2017 352 17 17 23 513 352.720411033       0.09      0.62     -0.29  0.       -2473.977       6619.725       6501.225    0.000  -0.138   0.380   0.
  2017 352 17 17 24 513 352.720422607      -0.03      0.58     -0.33  0.       -2475.201       6620.102       6500.356    0.000  -0.138   0.380   0.
  2017 352 17 17 25 513 352.720434181      -0.01      0.69     -0.37  0.       -2476.426       6620.479       6499.487    0.000  -0.138   0.380   0.
  2017 352 17 17 26 513 352.720445755       0.18      0.74     -0.33  0.       -2477.651       6620.855       6498.617    0.000  -0.138   0.380   0.
  2017 352 17 17 27 513 352.720457329       0.28      0.77     -0.28  0.       -2478.875       6621.231       6497.747    0.000  -0.138   0.380   0.
  2017 352 17 17 28 513 352.720468900       0.19      0.75     -0.29  0.       -2480.099       6621.607       6496.877    0.000  -0.138   0.380   0.
  2017 352 17 17 29 512 352.720480475      -0.09      0.59     -0.27  0.       -2481.323       6621.982       6496.006    0.000  -0.138   0.380   0.
  2017 352 17 17 30 512 352.720492049      -0.20      0.49     -0.33  0.       -2482.547       6622.357       6495.135    0.000  -0.139   0.381   0.
  2017 352 17 17 31 513 352.720503623       0.10      0.55     -0.37  0.       -2483.771       6622.732       6494.264    0.000  -0.139   0.381   0.
  2017 352 17 17 32 513 352.720515197       0.14      0.66     -0.30  0.       -2484.995       6623.107       6493.392    0.000  -0.138   0.380   0.
  2017 352 17 17 33 513 352.720526771      -0.03      0.64     -0.12  0.       -2486.218       6623.481       6492.520    0.000  -0.138   0.380   0.
  2017 352 17 17 34 513 352.720538345       0.38      1.01     -0.37  0.       -2487.442       6623.855       6491.648    0.000  -0.139   0.381   0.
  2017 352 17 17 35 513 352.720549919      -0.95     -0.48     -1.63  0.       -2488.665       6624.228       6490.776    0.000  -0.139   0.381   0.
  2017 352 17 17 36 512 352.720561493      -1.83     -0.99     -1.08  0.       -2489.888       6624.601       6489.903    0.000  -0.138   0.380   0.
  2017 352 17 17 37 512 352.720573067      -0.66      0.14     -0.04  0.       -2491.112       6624.974       6489.030    0.000  -0.138   0.380   0.
  2017 352 17 17 38 512 352.720584641       0.07      0.61      0.24  0.       -2492.335       6625.347       6488.156    0.000  -0.138   0.380   0.
  2017 352 17 17 39 512 352.720596215      -0.33      0.73     -0.53  0.       -2493.557       6625.719       6487.283    0.000  -0.138   0.380   0.
  2017 352 17 17 40 512 352.720607789      -0.16      1.15      0.09  0.       -2494.780       6626.091       6486.409    0.000  -0.139   0.381   0.
  2017 352 17 17 41 513 352.720619363       0.13      2.18     -0.25  0.       -2496.003       6626.462       6485.534    0.000  -0.139   0.381   0.
  2017 352 17 17 42 513 352.720630937       0.37      2.68     -0.69  0.       -2497.225       6626.834       6484.659    0.000  -0.139   0.381   0.
  2017 352 17 17 43 512 352.720642512       0.50      2.21     -0.34  0.       -2498.448       6627.205       6483.784    0.000  -0.139   0.381   0.
  2017 352 17 17 44 512 352.720654086       0.46      1.33     -0.27  0.       -2499.670       6627.575       6482.909    0.000  -0.139   0.381   0.
  2017 352 17 17 45 513 352.720665660       0.33      1.02     -0.27  0.       -2500.892       6627.945       6482.033    0.000  -0.139   0.381   0.
  2017 352 17 17 46 513 352.720677234       0.16      0.92     -0.34  0.       -2502.114       6628.315       6481.157    0.000  -0.138   0.380   0.
  2017 352 17 17 47 513 352.720688808       0.13      0.90     -0.48  0.       -2503.336       6628.685       6480.281    0.000  -0.138   0.380   0.
  2017 352 17 17 48 513 352.720700382       0.05      0.84     -0.50  0.       -2504.558       6629.054       6479.404    0.000  -0.138   0.380   0.
  2017 352 17 17 49 512 352.720711956      -0.07      0.80     -0.47  0.       -2505.780       6629.423       6478.528    0.000  -0.138   0.380   0.
  2017 352 17 17 50 512 352.720723530      -0.05      0.77     -0.42  0.       -2507.001       6629.792       6477.650    0.000  -0.139   0.381   0.
  2017 352 17 17 51 512 352.720735104      -0.05      0.70     -0.43  0.       -2508.223       6630.160       6476.773    0.000  -0.139   0.381   0.
  2017 352 17 17 52 512 352.720746678      -0.12      0.70     -0.43  0.       -2509.444       6630.528       6475.895    0.000  -0.139   0.381   0.
  2017 352 17 17 53 512 352.720758252      -0.30      0.67     -0.38  0.       -2510.665       6630.896       6475.017    0.000  -0.139   0.381   0.
  2017 352 17 17 54 513 352.720769826      -0.26      0.71     -0.36  0.       -2511.886       6631.264       6474.138    0.000  -0.138   0.380   0.
  2017 352 17 17 55 513 352.720781400      -0.18      0.76     -0.37  0.       -2513.107       6631.631       6473.260    0.000  -0.138   0.380   0.
  2017 352 17 17 56 512 352.720792972      -0.31      0.73     -0.32  0.       -2514.328       6631.998       6472.380    0.000  -0.139   0.381   0.
  2017 352 17 17 57 512 352.720804546      -0.30      0.76     -0.27  0.       -2515.549       6632.364       6471.501    0.000  -0.139   0.381   0.
  2017 352 17 17 58 512 352.720816120      -0.21      0.74     -0.23  0.       -2516.769       6632.730       6470.621    0.000  -0.139   0.381   0.
  2017 352 17 17 59 512 352.720827694      -0.02      0.76     -0.15  0.       -2517.990       6633.096       6469.741    0.000  -0.139   0.381   0.
  2017 352 17 18  0 512 352.720839268       0.10      0.78     -0.18  0.       -2519.210       6633.462       6468.861    0.000  -0.138   0.380   0.
  2017 352 17 18  1 512 352.720850842       0.09      0.76     -0.22  0.       -2520.430       6633.827       6467.980    0.000  -0.138   0.380   0.
  2017 352 17 18  2 512 352.720862416      -0.01      0.73     -0.18  0.       -2521.650       6634.191       6467.099    0.000  -0.139   0.381   0.
  2017 352 17 18  3 512 352.720873990      -0.20      0.72     -0.21  0.       -2522.870       6634.556       6466.218    0.000  -0.139   0.381   0.
  2017 352 17 18  4 512 352.720885564      -0.23      0.68     -0.14  0.       -2524.090       6634.920       6465.336    0.000  -0.138   0.380   0.
  2017 352 17 18  5 512 352.720897138      -0.13      0.75     -0.07  0.       -2525.310       6635.284       6464.454    0.000  -0.138   0.380   0.
  2017 352 17 18  6 512 352.720908712      -0.00      0.78     -0.09  0.       -2526.530       6635.648       6463.572    0.000  -0.138   0.380   0.
  2017 352 17 18  7 512 352.720920286       0.09      0.74     -0.07  0.       -2527.749       6636.011       6462.690    0.000  -0.138   0.380   0.
  2017 352 17 18  8 512 352.720931861       0.11      0.71     -0.18  0.       -2528.969       6636.374       6461.807    0.000  -0.139   0.381   0.
  2017 352 17 18  9 512 352.720943435       0.09      0.72     -0.25  0.       -2530.188       6636.736       6460.924    0.000  -0.139   0.381   0.
  2017 352 17 18 10 512 352.720955009       0.13      0.72     -0.37  0.       -2531.407       6637.099       6460.040    0.000  -0.139   0.381   0.
  2017 352 17 18 11 512 352.720966583       0.04      0.73     -0.45  0.       -2532.626       6637.461       6459.156    0.000  -0.139   0.381   0.
  2017 352 17 18 12 512 352.720978157      -0.08      0.66     -0.39  0.       -2533.845       6637.822       6458.272    0.000  -0.138   0.380   0.
  2017 352 17 18 13 512 352.720989731      -0.06      0.65     -0.35  0.       -2535.063       6638.184       6457.388    0.000  -0.138   0.380   0.
  2017 352 17 18 14 512 352.721001305      -0.04      0.69     -0.37  0.       -2536.282       6638.545       6456.503    0.000  -0.139   0.381   0.
  2017 352 17 18 15 512 352.721012879      -0.13      0.69     -0.33  0.       -2537.501       6638.905       6455.618    0.000  -0.139   0.381   0.
  2017 352 17 18 16 512 352.721024453      -0.18      0.71     -0.35  0.       -2538.719       6639.266       6454.733    0.000  -0.139   0.381   0.
  2017 352 17 18 17 512 352.721036027      -0.13      0.66     -0.39  0.       -2539.937       6639.626       6453.847    0.000  -0.139   0.381   0.
  2017 352 17 18 18 512 352.721047601      -0.43      0.54     -0.59  0.       -2541.155       6639.985       6452.961    0.000  -0.138   0.380   0.
  2017 352 17 18 19 512 352.721059175      -0.19      0.63     -0.60  0.       -2542.374       6640.345       6452.075    0.000  -0.138   0.380   0.
  2017 352 17 18 20 512 352.721070749      -0.10      0.72     -0.49  0.       -2543.591       6640.704       6451.188    0.000  -0.138   0.380   0.
  2017 352 17 18 21 512 352.721082323      -0.16      0.63     -0.46  0.       -2544.809       6641.063       6450.301    0.000  -0.138   0.380   0.
  2017 352 17 18 22 512 352.721093898      -0.08      0.68     -0.26  0.       -2546.027       6641.421       6449.414    0.000  -0.139   0.381   0.
  2017 352 17 18 23 512 352.721105472       0.22      0.66     -0.30  0.       -2547.244       6641.779       6448.526    0.000  -0.139   0.381   0.
  2017 352 17 18 24 512 352.721117046       0.17      0.64     -0.26  0.       -2548.462       6642.137       6447.639    0.000  -0.138   0.380   0.
  2017 352 17 18 25 512 352.721128619       0.05      0.60     -0.29  0.       -2549.679       6642.495       6446.750    0.000  -0.138   0.380   0.
  2017 352 17 18 26 512 352.721140191      -0.11      0.49     -0.32  0.       -2550.896       6642.852       6445.862    0.000  -0.138   0.380   0.
  2017 352 17 18 27 512 352.721151765      -0.14      0.46     -0.31  0.       -2552.113       6643.208       6444.973    0.000  -0.138   0.380   0.
  2017 352 17 18 28 512 352.721163339      -0.12      0.46     -0.31  0.       -2553.330       6643.565       6444.084    0.000  -0.139   0.381   0.
  2017 352 17 18 29 512 352.721174913      -0.06      0.47     -0.29  0.       -2554.547       6643.921       6443.194    0.000  -0.139   0.381   0.
  2017 352 17 18 30 512 352.721186487      -0.11      0.49     -0.33  0.       -2555.764       6644.277       6442.305    0.000  -0.139   0.381   0.
  2017 352 17 18 31 512 352.721198061      -0.05      0.47     -0.22  0.       -2556.980       6644.633       6441.415    0.000  -0.139   0.381   0.
  2017 352 17 18 32 512 352.721209635      -0.14      0.45     -0.19  0.       -2558.197       6644.988       6440.524    0.000  -0.138   0.380   0.
  2017 352 17 18 33 512 352.721221210      -0.20      0.48     -0.20  0.       -2559.413       6645.343       6439.634    0.000  -0.138   0.380   0.
  2017 352 17 18 34 512 352.721232784      -0.25      0.53     -0.21  0.       -2560.629       6645.697       6438.743    0.000  -0.139   0.381   0.
  2017 352 17 18 35 512 352.721244358      -0.31      0.54     -0.19  0.       -2561.845       6646.052       6437.852    0.000  -0.139   0.381   0.
  2017 352 17 18 36 512 352.721255932      -0.07      0.60     -0.39  0.       -2563.061       6646.405       6436.960    0.000  -0.139   0.381   0.
  2017 352 17 18 37 512 352.721267506      -0.11      0.58     -0.29  0.       -2564.277       6646.759       6436.068    0.000  -0.139   0.381   0.
  2017 352 17 18 38 512 352.721279080       0.01      0.58     -0.27  0.       -2565.492       6647.112       6435.176    0.000  -0.138   0.380   0.
  2017 352 17 18 39 512 352.721290654       0.15      0.53     -0.22  0.       -2566.708       6647.465       6434.283    0.000  -0.138   0.380   0.
  2017 352 17 18 40 512 352.721302228       0.17      0.49     -0.18  0.       -2567.923       6647.818       6433.390    0.000  -0.138   0.380   0.
  2017 352 17 18 41 512 352.721313802       0.21      0.55     -0.30  0.       -2569.139       6648.170       6432.497    0.000  -0.138   0.380   0.
  2017 352 17 18 42 512 352.721325376      -0.02      0.56     -0.12  0.       -2570.354       6648.523       6431.604    0.000  -0.139   0.381   0.
  2017 352 17 18 43 512 352.721336950      -0.03      0.73     -0.15  0.       -2571.569       6648.874       6430.710    0.000  -0.139   0.381   0.
  2017 352 17 18 44 512 352.721348524       0.34      0.87     -0.32  0.       -2572.784       6649.225       6429.816    0.000  -0.139   0.381   0.
  2017 352 17 18 45 512 352.721360098       0.11      0.86     -0.38  0.       -2573.999       6649.576       6428.922    0.000  -0.139   0.381   0.
  2017 352 17 18 46 512 352.721371672      -0.95      0.57     -0.19  0.       -2575.213       6649.927       6428.027    0.000  -0.138   0.380   0.
  2017 352 17 18 47 512 352.721383247      -0.88      0.67     -0.16  0.       -2576.428       6650.277       6427.132    0.000  -0.138   0.380   0.
  2017 352 17 18 48 512 352.721394821      -0.32      0.72     -0.32  0.       -2577.642       6650.628       6426.236    0.000  -0.139   0.381   0.
  2017 352 17 18 49 512 352.721406395       0.01      0.97     -0.39  0.       -2578.857       6650.977       6425.341    0.000  -0.139   0.381   0.
  2017 352 17 18 50 512 352.721417969      -0.14      0.75     -0.47  0.       -2580.071       6651.327       6424.445    0.000  -0.139   0.381   0.
  2017 352 17 18 51 512 352.721429543      -0.31      0.66     -0.36  0.       -2581.285       6651.676       6423.549    0.000  -0.139   0.381   0.
  2017 352 17 18 52 512 352.721441117      -0.16      0.80     -0.32  0.       -2582.499       6652.025       6422.652    0.000  -0.138   0.380   0.
  2017 352 17 18 53 512 352.721452690       0.01      0.88     -0.22  0.       -2583.713       6652.373       6421.755    0.000  -0.138   0.380   0.
  2017 352 17 18 54 512 352.721464262      -0.15      0.85     -0.18  0.       -2584.926       6652.721       6420.858    0.000  -0.139   0.381   0.
  2017 352 17 18 55 512 352.721475836      -0.42      0.76     -0.11  0.       -2586.140       6653.069       6419.960    0.000  -0.139   0.381   0.
  2017 352 17 18 56 512 352.721487410      -0.37      0.61     -0.20  0.       -2587.353       6653.417       6419.062    0.000  -0.139   0.381   0.
  2017 352 17 18 57 512 352.721498984      -0.23      0.66     -0.29  0.       -2588.566       6653.764       6418.164    0.000  -0.139   0.381   0.
  2017 352 17 18 58 512 352.721510558      -0.07      0.68     -0.31  0.       -2589.780       6654.111       6417.266    0.000  -0.138   0.380   0.
  2017 352 17 18 59 512 352.721522133       0.00      0.66     -0.36  0.       -2590.993       6654.457       6416.367    0.000  -0.138   0.380   0.
  2017 352 17 19  0 512 352.721533707       0.07      0.70     -0.44  0.       -2592.206       6654.803       6415.468    0.000  -0.139   0.381   0.
  2017 352 17 19  1 512 352.721545281      -0.07      0.67     -0.43  0.       -2593.418       6655.149       6414.569    0.000  -0.139   0.381   0.
  2017 352 17 19  2 512 352.721556855      -0.10      0.67     -0.37  0.       -2594.631       6655.495       6413.669    0.000  -0.138   0.380   0.
  2017 352 17 19  3 512 352.721568429      -0.00      0.68     -0.39  0.       -2595.844       6655.840       6412.769    0.000  -0.138   0.380   0.
  2017 352 17 19  4 512 352.721580003      -0.16      0.65     -0.38  0.       -2597.056       6656.185       6411.869    0.000  -0.139   0.381   0.
  2017 352 17 19  5 512 352.721591577      -0.26      0.70     -0.41  0.       -2598.268       6656.530       6410.968    0.000  -0.139   0.381   0.
  2017 352 17 19  6 512 352.721603151      -0.35      0.72     -0.47  0.       -2599.481       6656.874       6410.067    0.000  -0.138   0.380   0.
  2017 352 17 19  7 512 352.721614725      -0.51      0.73     -0.45  0.       -2600.693       6657.218       6409.166    0.000  -0.138   0.380   0.
  2017 352 17 19  8 512 352.721626299      -0.57      0.70     -0.40  0.       -2601.904       6657.561       6408.264    0.000  -0.138   0.380   0.
  2017 352 17 19  9 512 352.721637873      -0.46      0.68     -0.60  0.       -2603.116       6657.905       6407.363    0.000  -0.138   0.380   0.
  2017 352 17 19 10 512 352.721649447      -0.75      0.56     -0.67  0.       -2604.328       6658.248       6406.460    0.000  -0.139   0.381   0.
  2017 352 17 19 11 512 352.721661021      -0.72      0.59     -0.44  0.       -2605.540       6658.591       6405.558    0.000  -0.139   0.381   0.
  2017 352 17 19 12 512 352.721672595      -0.38      0.85     -0.19  0.       -2606.751       6658.933       6404.655    0.000  -0.139   0.381   0.
  2017 352 17 19 13 512 352.721684170       0.05      0.97     -0.44  0.       -2607.962       6659.275       6403.752    0.000  -0.139   0.381   0.
  2017 352 17 19 14 512 352.721695744      -0.22      0.78     -0.62  0.       -2609.173       6659.617       6402.849    0.000  -0.138   0.380   0.
  2017 352 17 19 15 512 352.721707318      -0.94      0.40     -0.42  0.       -2610.384       6659.958       6401.945    0.000  -0.138   0.380   0.
  2017 352 17 19 16 512 352.721718892      -0.93      0.64     -0.13  0.       -2611.595       6660.299       6401.041    0.000  -0.138   0.380   0.
  2017 352 17 19 17 512 352.721730466      -0.37      0.83     -0.08  0.       -2612.806       6660.640       6400.136    0.000  -0.138   0.380   0.
  2017 352 17 19 18 512 352.721742040       0.06      1.22     -0.11  0.       -2614.017       6660.980       6399.232    0.000  -0.139   0.381   0.
  2017 352 17 19 19 512 352.721753614      -0.36      1.10     -0.53  0.       -2615.227       6661.320       6398.327    0.000  -0.139   0.381   0.
  2017 352 17 19 20 512 352.721765188      -1.07      0.82     -0.44  0.       -2616.438       6661.660       6397.422    0.000  -0.139   0.381   0.
  2017 352 17 19 21 512 352.721776762      -0.97      0.73     -0.55  0.       -2617.648       6662.000       6396.516    0.000  -0.139   0.381   0.
  2017 352 17 19 22 512 352.721788336      -0.56      0.99     -0.42  0.       -2618.858       6662.339       6395.610    0.000  -0.138   0.380   0.
  2017 352 17 19 23 512 352.721799910      -0.58      1.13     -0.26  0.       -2620.068       6662.677       6394.704    0.000  -0.138   0.380   0.
  2017 352 17 19 24 512 352.721811481      -0.81      0.91      0.10  0.       -2621.278       6663.016       6393.798    0.000  -0.138   0.380   0.
  2017 352 17 19 25 511 352.721823056      -0.67      1.05      0.26  0.       -2622.488       6663.354       6392.891    0.000  -0.138   0.380   0.
  2017 352 17 19 26 511 352.721834630      -0.34      1.19      0.27  0.       -2623.698       6663.692       6391.983    0.000  -0.138   0.380   0.
  2017 352 17 19 27 512 352.721846204      -0.28      1.33      0.01  0.       -2624.907       6664.029       6391.076    0.000  -0.138   0.380   0.
  2017 352 17 19 28 512 352.721857778      -0.52      1.10     -0.12  0.       -2626.116       6664.367       6390.168    0.000  -0.139   0.381   0.
  2017 352 17 19 29 512 352.721869352      -0.82      0.89     -0.14  0.       -2627.326       6664.704       6389.260    0.000  -0.139   0.381   0.
  2017 352 17 19 30 512 352.721880926      -0.90      1.07     -0.07  0.       -2628.535       6665.040       6388.352    0.000  -0.138   0.380   0.
  2017 352 17 19 31 511 352.721892500      -0.75      1.28     -0.02  0.       -2629.744       6665.377       6387.443    0.000  -0.138   0.380   0.
  2017 352 17 19 32 511 352.721904074      -0.58      1.27     -0.05  0.       -2630.953       6665.712       6386.534    0.000  -0.139   0.381   0.
  2017 352 17 19 33 511 352.721915648      -0.40      1.14     -0.18  0.       -2632.161       6666.048       6385.625    0.000  -0.139   0.381   0.
  2017 352 17 19 34 511 352.721927222      -0.25      1.18     -0.10  0.       -2633.370       6666.383       6384.715    0.000  -0.139   0.381   0.
  2017 352 17 19 35 511 352.721938796      -0.13      1.31     -0.07  0.       -2634.579       6666.718       6383.805    0.000  -0.139   0.381   0.
  2017 352 17 19 36 512 352.721950370      -0.21      1.21     -0.20  0.       -2635.787       6667.053       6382.895    0.000  -0.138   0.380   0.
  2017 352 17 19 37 512 352.721961944      -0.57      0.91     -0.37  0.       -2636.995       6667.387       6381.985    0.000  -0.138   0.380   0.
  2017 352 17 19 38 511 352.721973519      -1.10      0.75     -0.44  0.       -2638.203       6667.721       6381.074    0.000  -0.139   0.381   0.
  2017 352 17 19 39 511 352.721985093      -1.21      0.86     -0.30  0.       -2639.411       6668.055       6380.163    0.000  -0.139   0.381   0.
  2017 352 17 19 40 512 352.721996667      -0.84      0.87     -0.14  0.       -2640.619       6668.388       6379.251    0.000  -0.139   0.381   0.
  2017 352 17 19 41 512 352.722008241      -0.27      1.05     -0.19  0.       -2641.827       6668.721       6378.340    0.000  -0.139   0.381   0.
  2017 352 17 19 42 512 352.722019815       0.01      0.99     -0.19  0.       -2643.034       6669.054       6377.427    0.000  -0.138   0.380   0.
  2017 352 17 19 43 512 352.722031389      -0.21      0.94     -0.42  0.       -2644.242       6669.386       6376.515    0.000  -0.138   0.380   0.
  2017 352 17 19 44 512 352.722042963      -0.55      0.91     -0.28  0.       -2645.449       6669.718       6375.602    0.000  -0.139   0.381   0.
  2017 352 17 19 45 511 352.722054537      -0.21      0.95     -0.26  0.       -2646.657       6670.050       6374.689    0.000  -0.139   0.381   0.
  2017 352 17 19 46 511 352.722066111       0.07      1.16     -0.49  0.       -2647.864       6670.381       6373.776    0.000  -0.139   0.381   0.
  2017 352 17 19 47 511 352.722077685      -0.36      1.01     -0.79  0.       -2649.071       6670.712       6372.862    0.000  -0.139   0.381   0.
  2017 352 17 19 48 511 352.722089259      -1.14      0.65     -0.50  0.       -2650.277       6671.043       6371.948    0.000  -0.138   0.380   0.
  2017 352 17 19 49 511 352.722100833      -0.59      0.91     -0.38  0.       -2651.484       6671.373       6371.034    0.000  -0.138   0.380   0.
  2017 352 17 19 50 512 352.722112407      -0.20      1.12     -0.73  0.       -2652.691       6671.703       6370.120    0.000  -0.139   0.381   0.
  2017 352 17 19 51 512 352.722123981      -0.64      0.96     -0.38  0.       -2653.897       6672.033       6369.205    0.000  -0.139   0.381   0.
  2017 352 17 19 52 511 352.722135553      -0.36      1.04     -0.19  0.       -2655.103       6672.363       6368.290    0.000  -0.138   0.380   0.
  2017 352 17 19 53 511 352.722147127       0.17      0.90     -0.34  0.       -2656.310       6672.692       6367.374    0.000  -0.138   0.380   0.
  2017 352 17 19 54 511 352.722158701       0.43      1.10     -0.29  0.       -2657.516       6673.020       6366.458    0.000  -0.139   0.381   0.
  2017 352 17 19 55 511 352.722170275       0.02      1.05      0.05  0.       -2658.722       6673.349       6365.542    0.000  -0.139   0.381   0.
  2017 352 17 19 56 511 352.722181849      -0.49      0.72      0.15  0.       -2659.928       6673.677       6364.626    0.000  -0.139   0.381   0.
  2017 352 17 19 57 511 352.722193423      -0.46      0.60     -0.11  0.       -2661.133       6674.005       6363.709    0.000  -0.139   0.381   0.
  2017 352 17 19 58 511 352.722204997      -0.29      0.62     -0.24  0.       -2662.339       6674.332       6362.792    0.000  -0.138   0.380   0.
  2017 352 17 19 59 511 352.722216571      -0.10      0.68     -0.24  0.       -2663.544       6674.660       6361.875    0.000  -0.138   0.380   0.
  2017 352 17 20  0 511 352.722228145       0.21      0.78     -0.32  0.       -2664.750       6674.987       6360.957    0.000  -0.139   0.381   0.
  2017 352 17 20  1 511 352.722239719       0.44      0.73     -0.54  0.       -2665.955       6675.313       6360.039    0.000  -0.139   0.381   0.
  2017 352 17 20  2 511 352.722251293       0.41      0.64     -0.57  0.       -2667.160       6675.639       6359.121    0.000  -0.138   0.380   0.
  2017 352 17 20  3 511 352.722262867       0.15      0.72     -0.52  0.       -2668.365       6675.965       6358.202    0.000  -0.138   0.380   0.
  2017 352 17 20  4 511 352.722274442       0.01      0.72     -0.40  0.       -2669.569       6676.291       6357.283    0.000  -0.138   0.380   0.
  2017 352 17 20  5 511 352.722286016      -0.05      0.74     -0.30  0.       -2670.774       6676.616       6356.364    0.000  -0.138   0.380   0.
  2017 352 17 20  6 511 352.722297590      -0.15      0.93     -0.39  0.       -2671.978       6676.941       6355.445    0.000  -0.139   0.381   0.
  2017 352 17 20  7 511 352.722309164      -0.07      0.94     -0.25  0.       -2673.183       6677.266       6354.525    0.000  -0.139   0.381   0.
  2017 352 17 20  8 511 352.722320738      -0.22      0.83     -0.32  0.       -2674.387       6677.590       6353.605    0.000  -0.138   0.380   0.
  2017 352 17 20  9 511 352.722332312      -0.49      0.70     -0.35  0.       -2675.591       6677.914       6352.685    0.000  -0.138   0.380   0.
  2017 352 17 20 10 511 352.722343886      -0.81      0.68     -0.25  0.       -2676.795       6678.237       6351.764    0.000  -0.139   0.381   0.
  2017 352 17 20 11 511 352.722355460      -0.57      0.84     -0.22  0.       -2677.999       6678.561       6350.843    0.000  -0.139   0.381   0.
  2017 352 17 20 12 511 352.722367034      -0.34      0.86     -0.34  0.       -2679.203       6678.884       6349.921    0.000  -0.138   0.380   0.
  2017 352 17 20 13 511 352.722378608      -0.36      0.80     -0.20  0.       -2680.407       6679.206       6349.000    0.000  -0.138   0.380   0.
  2017 352 17 20 14 511 352.722390182      -0.18      0.87     -0.40  0.       -2681.610       6679.529       6348.078    0.000  -0.138   0.380   0.
  2017 352 17 20 15 511 352.722401756      -0.14      0.88     -0.31  0.       -2682.813       6679.851       6347.156    0.000  -0.138   0.380   0.
  2017 352 17 20 16 511 352.722413330      -0.30      0.88     -0.41  0.       -2684.017       6680.173       6346.233    0.000  -0.139   0.381   0.
  2017 352 17 20 17 511 352.722424904      -0.40      0.81     -0.42  0.       -2685.220       6680.494       6345.310    0.000  -0.139   0.381   0.
  2017 352 17 20 18 511 352.722436479      -0.34      0.85     -0.26  0.       -2686.423       6680.815       6344.387    0.000  -0.139   0.381   0.
  2017 352 17 20 19 511 352.722448053      -0.30      0.94     -0.34  0.       -2687.625       6681.136       6343.464    0.000  -0.139   0.381   0.
  2017 352 17 20 20 511 352.722459627      -0.29      0.85     -0.31  0.       -2688.828       6681.456       6342.540    0.000  -0.138   0.380   0.
  2017 352 17 20 21 511 352.722471200      -0.42      0.80     -0.36  0.       -2690.031       6681.776       6341.616    0.000  -0.138   0.380   0.
  2017 352 17 20 22 511 352.722482772      -0.40      0.77     -0.41  0.       -2691.233       6682.096       6340.691    0.000  -0.139   0.381   0.
  2017 352 17 20 23 511 352.722494346      -0.39      0.73     -0.33  0.       -2692.435       6682.415       6339.767    0.000  -0.139   0.381   0.
  2017 352 17 20 24 511 352.722505920      -0.35      0.65     -0.29  0.       -2693.638       6682.734       6338.842    0.000  -0.139   0.381   0.
  2017 352 17 20 25 511 352.722517494      -0.17      0.81     -0.43  0.       -2694.840       6683.053       6337.916    0.000  -0.139   0.381   0.
  2017 352 17 20 26 511 352.722529068      -0.15      0.62     -0.51  0.       -2696.042       6683.372       6336.991    0.000  -0.138   0.380   0.
  2017 352 17 20 27 511 352.722540642      -0.32      0.69     -0.74  0.       -2697.243       6683.690       6336.065    0.000  -0.138   0.380   0.
  2017 352 17 20 28 511 352.722552216      -0.97      0.43     -0.60  0.       -2698.445       6684.008       6335.138    0.000  -0.138   0.380   0.
  2017 352 17 20 29 511 352.722563790      -1.54      0.80     -0.56  0.       -2699.647       6684.325       6334.212    0.000  -0.138   0.380   0.
  2017 352 17 20 30 511 352.722575365      -0.95      0.35     -0.29  0.       -2700.848       6684.642       6333.285    0.000  -0.139   0.381   0.
  2017 352 17 20 31 511 352.722586939      -1.08      0.85      0.42  0.       -2702.049       6684.959       6332.358    0.000  -0.139   0.381   0.
  2017 352 17 20 32 511 352.722598513      -1.02      1.13     -0.38  0.       -2703.250       6685.276       6331.430    0.000  -0.139   0.381   0.
  2017 352 17 20 33 511 352.722610087      -1.00      0.85     -0.35  0.       -2704.451       6685.592       6330.503    0.000  -0.139   0.381   0.
  2017 352 17 20 34 511 352.722621661      -1.04      1.05     -0.49  0.       -2705.652       6685.908       6329.574    0.000  -0.138   0.380   0.
  2017 352 17 20 35 511 352.722633235      -0.81      1.17     -0.38  0.       -2706.853       6686.223       6328.646    0.000  -0.138   0.380   0.
  2017 352 17 20 36 511 352.722644809      -0.80      1.27     -0.03  0.       -2708.054       6686.538       6327.717    0.000  -0.139   0.381   0.
  2017 352 17 20 37 511 352.722656383       0.08      1.49     -0.16  0.       -2709.254       6686.853       6326.788    0.000  -0.139   0.381   0.
  2017 352 17 20 38 511 352.722667957      -0.27      1.10     -0.56  0.       -2710.454       6687.168       6325.859    0.000  -0.139   0.381   0.
  2017 352 17 20 39 511 352.722679531      -0.58      1.06     -0.36  0.       -2711.655       6687.482       6324.929    0.000  -0.139   0.381   0.
  2017 352 17 20 40 511 352.722691105      -0.72      1.04     -0.20  0.       -2712.855       6687.796       6323.999    0.000  -0.138   0.380   0.
  2017 352 17 20 41 511 352.722702679      -0.62      0.84     -0.37  0.       -2714.055       6688.110       6323.069    0.000  -0.138   0.380   0.
  2017 352 17 20 42 511 352.722714254      -0.20      1.16     -0.20  0.       -2715.254       6688.423       6322.139    0.000  -0.139   0.381   0.
  2017 352 17 20 43 511 352.722725828      -0.20      1.34     -0.02  0.       -2716.454       6688.736       6321.208    0.000  -0.139   0.381   0.
  2017 352 17 20 44 511 352.722737402      -0.23      1.12      0.11  0.       -2717.654       6689.049       6320.277    0.000  -0.139   0.381   0.
  2017 352 17 20 45 511 352.722748976      -0.10      1.05     -0.38  0.       -2718.853       6689.361       6319.345    0.000  -0.139   0.381   0.
  2017 352 17 20 46 511 352.722760550      -0.68      1.09     -1.04  0.       -2720.053       6689.673       6318.413    0.000  -0.138   0.380   0.
  2017 352 17 20 47 511 352.722772124      -2.29     -0.40     -1.92  0.       -2721.252       6689.985       6317.481    0.000  -0.138   0.380   0.
  2017 352 17 20 48 511 352.722783698      -2.30     -0.69     -1.56  0.       -2722.451       6690.296       6316.549    0.000  -0.139   0.381   0.
  2017 352 17 20 49 511 352.722795271      -2.15      0.43     -0.84  0.       -2723.650       6690.607       6315.616    0.000  -0.139   0.381   0.
  2017 352 17 20 50 511 352.722806843      -1.22      1.56      0.20  0.       -2724.848       6690.918       6314.683    0.000  -0.138   0.380   0.
  2017 352 17 20 51 511 352.722818417      -1.01      3.04      0.00  0.       -2726.047       6691.228       6313.750    0.000  -0.138   0.380   0.
  2017 352 17 20 52 511 352.722829991      -0.89      2.33     -0.14  0.       -2727.245       6691.538       6312.816    0.000  -0.138   0.380   0.
  2017 352 17 20 53 511 352.722841565      -0.74      2.26     -0.16  0.       -2728.444       6691.848       6311.883    0.000  -0.138   0.380   0.
  2017 352 17 20 54 511 352.722853139      -0.10      1.25     -0.52  0.       -2729.642       6692.157       6310.948    0.000  -0.139   0.381   0.
  2017 352 17 20 55 511 352.722864714      -0.79      0.75     -0.26  0.       -2730.840       6692.466       6310.014    0.000  -0.139   0.381   0.
  2017 352 17 20 56 511 352.722876288      -0.71      1.21     -0.01  0.       -2732.038       6692.775       6309.079    0.000  -0.138   0.380   0.
  2017 352 17 20 57 511 352.722887862       0.03      1.77     -0.41  0.       -2733.236       6693.083       6308.144    0.000  -0.138   0.380   0.
  2017 352 17 20 58 511 352.722899436      -0.02      1.07     -0.84  0.       -2734.434       6693.391       6307.208    0.000  -0.138   0.380   0.
  2017 352 17 20 59 511 352.722911010      -0.70      1.02     -0.76  0.       -2735.631       6693.699       6306.273    0.000  -0.138   0.380   0.
  2017 352 17 21  0 511 352.722922584      -0.77      1.47     -0.75  0.       -2736.829       6694.007       6305.337    0.000  -0.139   0.381   0.
  2017 352 17 21  1 511 352.722934158      -0.77      1.26     -0.43  0.       -2738.026       6694.314       6304.400    0.000  -0.139   0.381   0.
  2017 352 17 21  2 511 352.722945732      -0.82      1.37     -0.35  0.       -2739.223       6694.621       6303.464    0.000  -0.138   0.380   0.
  2017 352 17 21  3 511 352.722957306      -0.95      1.11     -0.10  0.       -2740.420       6694.927       6302.527    0.000  -0.138   0.380   0.
  2017 352 17 21  4 511 352.722968880      -0.82      1.26     -0.26  0.       -2741.617       6695.233       6301.589    0.000  -0.139   0.381   0.
  2017 352 17 21  5 511 352.722980454      -0.65      0.76     -0.38  0.       -2742.814       6695.539       6300.652    0.000  -0.139   0.381   0.
  2017 352 17 21  6 511 352.722992028      -0.46      0.68     -0.19  0.       -2744.011       6695.845       6299.714    0.000  -0.138   0.380   0.
  2017 352 17 21  7 511 352.723003602      -0.35      0.68     -0.23  0.       -2745.207       6696.150       6298.776    0.000  -0.138   0.380   0.
  2017 352 17 21  8 511 352.723015177      -0.34      0.73     -0.19  0.       -2746.403       6696.455       6297.837    0.000  -0.138   0.380   0.
  2017 352 17 21  9 511 352.723026751      -0.26      0.94     -0.24  0.       -2747.600       6696.759       6296.898    0.000  -0.138   0.380   0.
  2017 352 17 21 10 511 352.723038325      -0.14      0.87     -0.27  0.       -2748.796       6697.063       6295.959    0.000  -0.139   0.381   0.
  2017 352 17 21 11 511 352.723049899      -0.19      0.95     -0.45  0.       -2749.992       6697.367       6295.020    0.000  -0.139   0.381   0.
  2017 352 17 21 12 511 352.723061473      -0.29      0.87     -0.59  0.       -2751.188       6697.671       6294.080    0.000  -0.138   0.380   0.
  2017 352 17 21 13 511 352.723073047      -0.26      0.83     -0.47  0.       -2752.383       6697.974       6293.140    0.000  -0.138   0.380   0.
  2017 352 17 21 14 511 352.723084621      -0.17      0.84     -0.41  0.       -2753.579       6698.277       6292.200    0.000  -0.138   0.380   0.
  2017 352 17 21 15 511 352.723096195      -0.06      0.92     -0.29  0.       -2754.774       6698.579       6291.259    0.000  -0.138   0.380   0.
  2017 352 17 21 16 511 352.723107769       0.20      1.14     -0.10  0.       -2755.970       6698.882       6290.318    0.000  -0.139   0.381   0.
  2017 352 17 21 17 511 352.723119343       0.28      1.39     -0.04  0.       -2757.165       6699.184       6289.377    0.000  -0.139   0.381   0.
  2017 352 17 21 18 511 352.723130917      -0.02      1.41      0.06  0.       -2758.360       6699.485       6288.435    0.000  -0.139   0.381   0.
  2017 352 17 21 19 511 352.723142491      -0.45      1.34      0.07  0.       -2759.555       6699.786       6287.493    0.000  -0.139   0.381   0.
  2017 352 17 21 20 510 352.723154062      -1.10      1.14     -0.12  0.       -2760.750       6700.087       6286.551    0.000  -0.138   0.380   0.
  2017 352 17 21 21 510 352.723165637      -1.23      1.11     -0.22  0.       -2761.944       6700.388       6285.609    0.000  -0.138   0.380   0.
  2017 352 17 21 22 510 352.723177211      -1.40      1.39     -0.61  0.       -2763.139       6700.688       6284.666    0.000  -0.139   0.381   0.
  2017 352 17 21 23 511 352.723188785      -1.48      1.05     -0.80  0.       -2764.333       6700.988       6283.723    0.000  -0.139   0.381   0.
  2017 352 17 21 24 511 352.723200359      -1.17      0.72     -0.84  0.       -2765.527       6701.288       6282.780    0.000  -0.139   0.381   0.
  2017 352 17 21 25 511 352.723211933      -0.31      0.77     -1.02  0.       -2766.722       6701.587       6281.836    0.000  -0.139   0.381   0.
  2017 352 17 21 26 511 352.723223507       0.56      1.18     -0.95  0.       -2767.916       6701.886       6280.892    0.000  -0.138   0.380   0.
  2017 352 17 21 27 510 352.723235081       0.49      1.25     -0.73  0.       -2769.109       6702.185       6279.948    0.000  -0.138   0.380   0.
  2017 352 17 21 28 510 352.723246655      -0.39      1.18     -0.44  0.       -2770.303       6702.483       6279.003    0.000  -0.139   0.381   0.
  2017 352 17 21 29 510 352.723258229      -1.01      1.08     -0.06  0.       -2771.497       6702.781       6278.058    0.000  -0.139   0.381   0.
  2017 352 17 21 30 510 352.723269803      -0.87      1.12     -0.03  0.       -2772.690       6703.079       6277.113    0.000  -0.138   0.380   0.
  2017 352 17 21 31 510 352.723281377      -0.46      1.26     -0.18  0.       -2773.883       6703.376       6276.167    0.000  -0.138   0.380   0.
  2017 352 17 21 32 511 352.723292951      -0.35      1.17     -0.23  0.       -2775.076       6703.674       6275.222    0.000  -0.139   0.381   0.
  2017 352 17 21 33 511 352.723304525      -0.74      1.35     -0.28  0.       -2776.270       6703.970       6274.276    0.000  -0.139   0.381   0.
  2017 352 17 21 34 510 352.723316100      -0.56      1.29     -0.35  0.       -2777.462       6704.267       6273.329    0.000  -0.138   0.380   0.
  2017 352 17 21 35 510 352.723327674      -0.65      0.89     -0.40  0.       -2778.655       6704.563       6272.382    0.000  -0.138   0.380   0.
  2017 352 17 21 36 511 352.723339248      -0.61      0.90     -0.18  0.       -2779.848       6704.859       6271.435    0.000  -0.138   0.380   0.
  2017 352 17 21 37 511 352.723350822      -0.27      1.05      0.07  0.       -2781.040       6705.154       6270.488    0.000  -0.138   0.380   0.
  2017 352 17 21 38 511 352.723362396      -0.24      1.05     -0.09  0.       -2782.233       6705.449       6269.540    0.000  -0.138   0.380   0.
  2017 352 17 21 39 511 352.723373970      -0.56      1.15     -0.05  0.       -2783.425       6705.744       6268.592    0.000  -0.138   0.380   0.
  2017 352 17 21 40 511 352.723385544      -0.34      1.09     -0.13  0.       -2784.617       6706.038       6267.644    0.000  -0.138   0.380   0.
  2017 352 17 21 41 510 352.723397118      -0.42      1.30     -0.29  0.       -2785.809       6706.332       6266.696    0.000  -0.138   0.380   0.
  2017 352 17 21 42 510 352.723408692      -0.54      1.28      0.01  0.       -2787.001       6706.626       6265.747    0.000  -0.138   0.380   0.
  2017 352 17 21 43 510 352.723420266      -0.69      1.41     -0.01  0.       -2788.192       6706.920       6264.798    0.000  -0.138   0.380   0.
  2017 352 17 21 44 510 352.723431840      -0.61      1.62     -0.29  0.       -2789.384       6707.213       6263.848    0.000  -0.138   0.380   0.
  2017 352 17 21 45 510 352.723443414      -0.40      1.70     -0.35  0.       -2790.575       6707.506       6262.898    0.000  -0.138   0.380   0.
  2017 352 17 21 46 511 352.723454988      -0.13      1.49     -0.19  0.       -2791.767       6707.798       6261.948    0.000  -0.138   0.380   0.
  2017 352 17 21 47 510 352.723466562      -0.55      0.94     -0.62  0.       -2792.958       6708.090       6260.998    0.000  -0.138   0.380   0.
  2017 352 17 21 48 510 352.723478134      -0.48      1.35     -0.71  0.       -2794.149       6708.382       6260.047    0.000  -0.138   0.380   0.
  2017 352 17 21 49 510 352.723489708      -0.37      1.20     -0.27  0.       -2795.340       6708.674       6259.096    0.000  -0.138   0.380   0.
  2017 352 17 21 50 510 352.723501282      -0.32      1.07     -0.59  0.       -2796.530       6708.965       6258.145    0.000  -0.138   0.380   0.
  2017 352 17 21 51 510 352.723512856      -1.13      0.90     -0.37  0.       -2797.721       6709.256       6257.193    0.000  -0.138   0.380   0.
  2017 352 17 21 52 510 352.723524430      -0.58      1.02     -0.34  0.       -2798.912       6709.546       6256.241    0.000  -0.139   0.381   0.
  2017 352 17 21 53 510 352.723536004      -0.29      1.05     -0.36  0.       -2800.102       6709.837       6255.289    0.000  -0.139   0.381   0.
  2017 352 17 21 54 510 352.723547578      -0.08      0.99     -0.33  0.       -2801.292       6710.127       6254.337    0.000  -0.139   0.381   0.
  2017 352 17 21 55 510 352.723559152      -0.03      0.86     -0.26  0.       -2802.482       6710.416       6253.384    0.000  -0.139   0.381   0.
  2017 352 17 21 56 510 352.723570726       0.21      0.80     -0.34  0.       -2803.672       6710.705       6252.431    0.000  -0.139   0.381   0.
  2017 352 17 21 57 510 352.723582300       0.36      0.85     -0.41  0.       -2804.862       6710.994       6251.477    0.000  -0.139   0.381   0.
  2017 352 17 21 58 510 352.723593874      -0.01      0.82     -0.40  0.       -2806.051       6711.283       6250.523    0.000  -0.138   0.380   0.
  2017 352 17 21 59 510 352.723605448      -0.29      0.83     -0.31  0.       -2807.241       6711.572       6249.569    0.000  -0.138   0.380   0.
  2017 352 17 22  0 510 352.723617023      -0.34      0.70     -0.36  0.       -2808.430       6711.859       6248.615    0.000  -0.138   0.380   0.
  2017 352 17 22  1 510 352.723628597      -0.38      0.80     -0.47  0.       -2809.620       6712.146       6247.661    0.000  -0.138   0.380   0.
  2017 352 17 22  2 510 352.723640171      -0.33      0.89     -0.44  0.       -2810.809       6712.434       6246.706    0.000  -0.139   0.381   0.
  2017 352 17 22  3 510 352.723651745      -0.29      0.87     -0.42  0.       -2811.998       6712.721       6245.750    0.000  -0.139   0.381   0.
  2017 352 17 22  4 510 352.723663319      -0.10      0.99     -0.60  0.       -2813.186       6713.008       6244.795    0.000  -0.139   0.381   0.
  2017 352 17 22  5 510 352.723674893      -0.17      1.11     -0.86  0.       -2814.375       6713.294       6243.839    0.000  -0.139   0.381   0.
  2017 352 17 22  6 510 352.723686467      -0.46      0.99     -0.98  0.       -2815.564       6713.580       6242.883    0.000  -0.139   0.381   0.
  2017 352 17 22  7 510 352.723698041      -0.67      0.99     -0.76  0.       -2816.752       6713.866       6241.926    0.000  -0.139   0.381   0.
  2017 352 17 22  8 510 352.723709615      -0.65      0.92     -0.66  0.       -2817.940       6714.151       6240.970    0.000  -0.138   0.380   0.
  2017 352 17 22  9 510 352.723721189      -0.47      0.80     -0.56  0.       -2819.129       6714.436       6240.012    0.000  -0.138   0.380   0.
  2017 352 17 22 10 510 352.723732763      -0.37      0.88     -0.58  0.       -2820.317       6714.721       6239.055    0.000  -0.139   0.381   0.
  2017 352 17 22 11 510 352.723744337      -0.27      0.88     -0.63  0.       -2821.504       6715.005       6238.097    0.000  -0.139   0.381   0.
  2017 352 17 22 12 510 352.723755911      -0.15      0.76     -0.67  0.       -2822.692       6715.289       6237.140    0.000  -0.138   0.380   0.
  2017 352 17 22 13 510 352.723767486      -0.32      0.67     -0.42  0.       -2823.880       6715.573       6236.181    0.000  -0.138   0.380   0.
  2017 352 17 22 14 510 352.723779060      -0.17      0.76     -0.17  0.       -2825.067       6715.856       6235.223    0.000  -0.138   0.380   0.
  2017 352 17 22 15 510 352.723790634      -0.01      0.74     -0.27  0.       -2826.255       6716.139       6234.264    0.000  -0.138   0.380   0.
  2017 352 17 22 16 510 352.723802208      -0.10      0.54     -0.35  0.       -2827.442       6716.422       6233.305    0.000  -0.139   0.381   0.
  2017 352 17 22 17 510 352.723813782      -0.13      0.54     -0.31  0.       -2828.629       6716.704       6232.345    0.000  -0.139   0.381   0.
  2017 352 17 22 18 510 352.723825356      -0.15      0.49     -0.27  0.       -2829.816       6716.986       6231.385    0.000  -0.139   0.381   0.
  2017 352 17 22 19 510 352.723836929      -0.21      0.45     -0.28  0.       -2831.003       6717.268       6230.425    0.000  -0.139   0.381   0.
  2017 352 17 22 20 510 352.723848501      -0.24      0.48     -0.28  0.       -2832.189       6717.550       6229.465    0.000  -0.138   0.380   0.
  2017 352 17 22 21 510 352.723860075      -0.23      0.50     -0.23  0.       -2833.376       6717.831       6228.504    0.000  -0.138   0.380   0.
  2017 352 17 22 22 510 352.723871649      -0.18      0.50     -0.19  0.       -2834.562       6718.112       6227.543    0.000  -0.139   0.381   0.
  2017 352 17 22 23 510 352.723883223      -0.22      0.49     -0.33  0.       -2835.748       6718.392       6226.582    0.000  -0.139   0.381   0.
  2017 352 17 22 24 510 352.723894797      -0.27      0.41     -0.24  0.       -2836.934       6718.672       6225.620    0.000  -0.139   0.381   0.
  2017 352 17 22 25 510 352.723906371      -0.37      0.45     -0.23  0.       -2838.120       6718.952       6224.658    0.000  -0.139   0.381   0.
  2017 352 17 22 26 510 352.723917946      -0.25      0.59     -0.25  0.       -2839.306       6719.231       6223.696    0.000  -0.138   0.380   0.
  2017 352 17 22 27 510 352.723929520      -0.14      0.57     -0.18  0.       -2840.492       6719.511       6222.734    0.000  -0.138   0.380   0.
  2017 352 17 22 28 510 352.723941094      -0.27      0.61     -0.22  0.       -2841.677       6719.789       6221.771    0.000  -0.139   0.381   0.
  2017 352 17 22 29 510 352.723952668      -0.41      0.58     -0.32  0.       -2842.863       6720.068       6220.808    0.000  -0.139   0.381   0.
  2017 352 17 22 30 510 352.723964242      -0.44      0.58     -0.21  0.       -2844.048       6720.346       6219.844    0.000  -0.138   0.380   0.
  2017 352 17 22 31 510 352.723975816      -0.42      0.68     -0.32  0.       -2845.233       6720.624       6218.881    0.000  -0.138   0.380   0.
  2017 352 17 22 32 510 352.723987390      -0.40      0.59     -0.30  0.       -2846.418       6720.901       6217.917    0.000  -0.139   0.381   0.
  2017 352 17 22 33 510 352.723998964      -0.41      0.60     -0.19  0.       -2847.603       6721.179       6216.952    0.000  -0.139   0.381   0.
  2017 352 17 22 34 510 352.724010538      -0.17      0.69     -0.23  0.       -2848.788       6721.455       6215.988    0.000  -0.138   0.380   0.
  2017 352 17 22 35 510 352.724022112      -0.12      0.68     -0.24  0.       -2849.972       6721.732       6215.023    0.000  -0.138   0.380   0.
  2017 352 17 22 36 510 352.724033686      -0.35      0.52     -0.39  0.       -2851.157       6722.008       6214.057    0.000  -0.138   0.380   0.
  2017 352 17 22 37 510 352.724045260      -0.52      0.47     -0.35  0.       -2852.341       6722.284       6213.092    0.000  -0.138   0.380   0.
  2017 352 17 22 38 510 352.724056834      -0.14      0.59     -0.11  0.       -2853.525       6722.560       6212.126    0.000  -0.139   0.381   0.
  2017 352 17 22 39 510 352.724068409       0.17      0.93      0.08  0.       -2854.709       6722.835       6211.160    0.000  -0.139   0.381   0.
  2017 352 17 22 40 510 352.724079983       0.28      1.16      0.18  0.       -2855.893       6723.110       6210.193    0.000  -0.139   0.381   0.
  2017 352 17 22 41 510 352.724091557      -0.13      0.89     -0.12  0.       -2857.076       6723.384       6209.227    0.000  -0.139   0.381   0.
  2017 352 17 22 42 510 352.724103131      -0.14      0.97     -0.17  0.       -2858.261       6723.659       6208.260    0.000  -0.138   0.380   0.
  2017 352 17 22 43 510 352.724114705       0.21      1.14      0.06  0.       -2859.444       6723.933       6207.292    0.000  -0.138   0.380   0.
  2017 352 17 22 44 510 352.724126279       0.06      1.13     -0.01  0.       -2860.627       6724.206       6206.325    0.000  -0.138   0.380   0.
  2017 352 17 22 45 510 352.724137853      -0.60      1.22     -0.45  0.       -2861.810       6724.479       6205.357    0.000  -0.138   0.380   0.
  2017 352 17 22 46 510 352.724149427      -0.99      0.43     -0.87  0.       -2862.993       6724.752       6204.389    0.000  -0.139   0.381   0.
  2017 352 17 22 47 510 352.724161000      -0.66      1.67     -0.77  0.       -2864.176       6725.025       6203.420    0.000  -0.139   0.381   0.
  2017 352 17 22 48 510 352.724172572      -0.54      2.77     -0.61  0.       -2865.359       6725.297       6202.451    0.000  -0.138   0.380   0.
  2017 352 17 22 49 510 352.724184146      -0.36      1.61     -0.74  0.       -2866.542       6725.569       6201.482    0.000  -0.138   0.380   0.
  2017 352 17 22 50 510 352.724195720      -0.28      1.16     -0.48  0.       -2867.724       6725.841       6200.513    0.000  -0.138   0.380   0.
  2017 352 17 22 51 510 352.724207295       0.34      1.66     -0.14  0.       -2868.906       6726.112       6199.543    0.000  -0.138   0.380   0.
  2017 352 17 22 52 510 352.724218869      -0.01      1.26     -0.68  0.       -2870.089       6726.383       6198.573    0.000  -0.139   0.381   0.
  2017 352 17 22 53 510 352.724230443      -0.86      0.72     -1.36  0.       -2871.271       6726.654       6197.602    0.000  -0.139   0.381   0.
  2017 352 17 22 54 510 352.724242017      -1.26      0.92     -1.73  0.       -2872.453       6726.924       6196.632    0.000  -0.138   0.380   0.
  2017 352 17 22 55 510 352.724253591      -1.18      1.33     -1.88  0.       -2873.634       6727.194       6195.661    0.000  -0.138   0.380   0.
  2017 352 17 22 56 510 352.724265165      -0.70      1.25     -1.14  0.       -2874.816       6727.464       6194.689    0.000  -0.138   0.380   0.
  2017 352 17 22 57 510 352.724276739      -0.29      1.19     -0.67  0.       -2875.998       6727.733       6193.718    0.000  -0.138   0.380   0.
  2017 352 17 22 58 510 352.724288313      -0.06      1.59      0.19  0.       -2877.179       6728.002       6192.746    0.000  -0.139   0.381   0.
  2017 352 17 22 59 510 352.724299887       0.05      2.06      0.12  0.       -2878.360       6728.271       6191.774    0.000  -0.139   0.381   0.
  2017 352 17 23  0 510 352.724311461       0.07      1.71     -0.47  0.       -2879.541       6728.539       6190.801    0.000  -0.139   0.381   0.
  2017 352 17 23  1 510 352.724323035      -0.14      1.24     -0.61  0.       -2880.722       6728.807       6189.829    0.000  -0.139   0.381   0.
  2017 352 17 23  2 510 352.724334609      -0.41      1.35     -0.59  0.       -2881.903       6729.075       6188.855    0.000  -0.138   0.380   0.
  2017 352 17 23  3 510 352.724346183      -0.35      1.13     -0.38  0.       -2883.084       6729.343       6187.882    0.000  -0.138   0.380   0.
  2017 352 17 23  4 510 352.724357758       0.10      1.36     -0.34  0.       -2884.264       6729.610       6186.908    0.000  -0.138   0.380   0.
  2017 352 17 23  5 510 352.724369332       0.23      1.18     -0.53  0.       -2885.445       6729.876       6185.934    0.000  -0.138   0.380   0.
  2017 352 17 23  6 510 352.724380906      -0.07      0.98     -0.62  0.       -2886.625       6730.143       6184.960    0.000  -0.139   0.381   0.
  2017 352 17 23  7 510 352.724392480      -0.07      1.01     -0.53  0.       -2887.805       6730.409       6183.986    0.000  -0.139   0.381   0.
  2017 352 17 23  8 510 352.724404054      -0.15      1.03     -0.67  0.       -2888.985       6730.675       6183.011    0.000  -0.138   0.380   0.
  2017 352 17 23  9 510 352.724415628      -0.25      1.03     -0.49  0.       -2890.165       6730.940       6182.036    0.000  -0.138   0.380   0.
  2017 352 17 23 10 510 352.724427202      -0.12      1.13     -0.38  0.       -2891.344       6731.205       6181.060    0.000  -0.138   0.380   0.
  2017 352 17 23 11 510 352.724438776      -0.07      1.06     -0.51  0.       -2892.524       6731.470       6180.085    0.000  -0.138   0.380   0.
  2017 352 17 23 12 510 352.724450350      -0.44      1.14     -0.73  0.       -2893.703       6731.734       6179.108    0.000  -0.139   0.381   0.
  2017 352 17 23 13 510 352.724461924      -0.39      1.28     -0.27  0.       -2894.883       6731.998       6178.132    0.000  -0.139   0.381   0.
  2017 352 17 23 14 510 352.724473498       0.20      1.41     -0.13  0.       -2896.062       6732.262       6177.155    0.000  -0.138   0.380   0.
  2017 352 17 23 15 510 352.724485072       0.20      1.50     -0.10  0.       -2897.241       6732.526       6176.178    0.000  -0.138   0.380   0.
  2017 352 17 23 16 510 352.724496646       0.22      1.23     -0.15  0.       -2898.420       6732.789       6175.201    0.000  -0.138   0.380   0.
  2017 352 17 23 17 509 352.724508220      -0.12      0.98     -0.22  0.       -2899.598       6733.052       6174.223    0.000  -0.138   0.380   0.
  2017 352 17 23 18 510 352.724519792      -0.10      0.91     -0.42  0.       -2900.777       6733.314       6173.245    0.000  -0.139   0.381   0.
  2017 352 17 23 19 510 352.724531366      -0.16      1.05     -0.57  0.       -2901.955       6733.576       6172.267    0.000  -0.139   0.381   0.
  2017 352 17 23 20 510 352.724542940      -0.13      1.01     -0.45  0.       -2903.134       6733.838       6171.289    0.000  -0.138   0.380   0.
  2017 352 17 23 21 510 352.724554514      -0.30      1.20     -0.54  0.       -2904.312       6734.100       6170.310    0.000  -0.138   0.380   0.
  2017 352 17 23 22 510 352.724566088      -0.62      0.96     -0.47  0.       -2905.490       6734.361       6169.331    0.000  -0.139   0.381   0.
  2017 352 17 23 23 509 352.724577662      -0.55      1.01     -0.52  0.       -2906.668       6734.622       6168.352    0.000  -0.139   0.381   0.
  2017 352 17 23 24 509 352.724589236      -0.56      1.10     -0.55  0.       -2907.845       6734.882       6167.372    0.000  -0.139   0.381   0.
  2017 352 17 23 25 509 352.724600810      -0.53      1.07     -0.53  0.       -2909.023       6735.142       6166.392    0.000  -0.139   0.381   0.
  2017 352 17 23 26 509 352.724612384      -0.52      1.01     -0.48  0.       -2910.200       6735.402       6165.412    0.000  -0.138   0.380   0.
  2017 352 17 23 27 509 352.724623958      -0.51      0.85     -0.49  0.       -2911.378       6735.662       6164.431    0.000  -0.138   0.380   0.
  2017 352 17 23 28 510 352.724635532      -0.48      0.64     -0.48  0.       -2912.555       6735.921       6163.450    0.000  -0.139   0.381   0.
  2017 352 17 23 29 510 352.724647106       0.05      1.09     -0.24  0.       -2913.732       6736.180       6162.469    0.000  -0.139   0.381   0.
  2017 352 17 23 30 509 352.724658681       0.61      1.47     -0.01  0.       -2914.909       6736.438       6161.487    0.000  -0.139   0.381   0.
  2017 352 17 23 31 509 352.724670255       0.40      1.10     -0.12  0.       -2916.085       6736.697       6160.506    0.000  -0.139   0.381   0.
  2017 352 17 23 32 510 352.724681829       0.23      0.99     -0.40  0.       -2917.262       6736.955       6159.524    0.000  -0.138   0.380   0.
  2017 352 17 23 33 510 352.724693403      -0.07      0.82     -0.41  0.       -2918.438       6737.212       6158.541    0.000  -0.138   0.380   0.
  2017 352 17 23 34 510 352.724704977      -0.33      0.81     -0.48  0.       -2919.615       6737.469       6157.558    0.000  -0.139   0.381   0.
  2017 352 17 23 35 510 352.724716551      -0.43      0.77     -0.49  0.       -2920.791       6737.726       6156.576    0.000  -0.139   0.381   0.
  2017 352 17 23 36 510 352.724728125      -0.26      0.74     -0.34  0.       -2921.967       6737.983       6155.592    0.000  -0.139   0.381   0.
  2017 352 17 23 37 509 352.724739699      -0.25      0.69     -0.39  0.       -2923.143       6738.239       6154.609    0.000  -0.139   0.381   0.
  2017 352 17 23 38 509 352.724751273      -0.27      0.63     -0.33  0.       -2924.318       6738.495       6153.625    0.000  -0.138   0.380   0.
  2017 352 17 23 39 509 352.724762847      -0.10      0.84     -0.29  0.       -2925.494       6738.751       6152.641    0.000  -0.138   0.380   0.
  2017 352 17 23 40 509 352.724774421      -0.05      0.82     -0.33  0.       -2926.669       6739.006       6151.656    0.000  -0.139   0.381   0.
  2017 352 17 23 41 510 352.724785995      -0.08      0.70     -0.20  0.       -2927.845       6739.261       6150.671    0.000  -0.139   0.381   0.
  2017 352 17 23 42 510 352.724797569       0.10      0.93     -0.19  0.       -2929.020       6739.516       6149.686    0.000  -0.139   0.381   0.
  2017 352 17 23 43 509 352.724809144      -0.03      0.94     -0.33  0.       -2930.195       6739.770       6148.701    0.000  -0.139   0.381   0.
  2017 352 17 23 44 509 352.724820718      -0.01      0.79     -0.30  0.       -2931.370       6740.024       6147.715    0.000  -0.138   0.380   0.
  2017 352 17 23 45 510 352.724832291      -0.04      0.99     -0.31  0.       -2932.544       6740.278       6146.729    0.000  -0.138   0.380   0.
  2017 352 17 23 46 509 352.724843863      -0.35      0.68     -0.44  0.       -2933.719       6740.531       6145.743    0.000  -0.139   0.381   0.
  2017 352 17 23 47 509 352.724855437      -0.35      0.86     -0.46  0.       -2934.894       6740.784       6144.756    0.000  -0.139   0.381   0.
  2017 352 17 23 48 509 352.724867011      -0.31      0.75     -0.33  0.       -2936.068       6741.037       6143.769    0.000  -0.139   0.381   0.
  2017 352 17 23 49 509 352.724878585      -0.02      0.93     -0.32  0.       -2937.242       6741.289       6142.782    0.000  -0.139   0.381   0.
  2017 352 17 23 50 509 352.724890159       0.10      0.84     -0.39  0.       -2938.416       6741.541       6141.795    0.000  -0.138   0.380   0.
  2017 352 17 23 51 509 352.724901733       0.11      0.88     -0.52  0.       -2939.590       6741.793       6140.807    0.000  -0.138   0.380   0.
  2017 352 17 23 52 509 352.724913307      -0.07      0.71     -0.61  0.       -2940.764       6742.044       6139.819    0.000  -0.138   0.380   0.
  2017 352 17 23 53 509 352.724924881      -0.41      0.65     -0.50  0.       -2941.937       6742.295       6138.831    0.000  -0.138   0.380   0.
  2017 352 17 23 54 509 352.724936455      -0.41      0.74     -0.54  0.       -2943.111       6742.546       6137.842    0.000  -0.139   0.381   0.
  2017 352 17 23 55 509 352.724948029      -0.55      0.76     -0.36  0.       -2944.284       6742.796       6136.853    0.000  -0.139   0.381   0.
  2017 352 17 23 56 509 352.724959604      -0.06      0.87     -0.16  0.       -2945.457       6743.046       6135.864    0.000  -0.138   0.380   0.
  2017 352 17 23 57 509 352.724971178       0.51      1.19     -0.58  0.       -2946.630       6743.296       6134.874    0.000  -0.138   0.380   0.
  2017 352 17 23 58 509 352.724982752      -0.23      0.66     -0.85  0.       -2947.803       6743.545       6133.884    0.000  -0.138   0.380   0.
  2017 352 17 23 59 509 352.724994326      -1.55      0.48     -0.63  0.       -2948.976       6743.794       6132.894    0.000  -0.138   0.380   0.
  2017 352 17 24  0 509 352.725005900      -1.41      1.05     -0.34  0.       -2950.148       6744.043       6131.904    0.000  -0.139   0.381   0.
  2017 352 17 24  1 509 352.725017474      -0.66      1.02     -0.51  0.       -2951.321       6744.291       6130.913    0.000  -0.139   0.381   0.
  2017 352 17 24  2 509 352.725029048      -0.34      0.67     -0.54  0.       -2952.493       6744.539       6129.922    0.000  -0.139   0.381   0.
  2017 352 17 24  3 509 352.725040622      -0.29      0.60     -0.34  0.       -2953.665       6744.787       6128.930    0.000  -0.139   0.381   0.
  2017 352 17 24  4 509 352.725052196      -0.19      0.74     -0.18  0.       -2954.837       6745.034       6127.939    0.000  -0.138   0.380   0.
  2017 352 17 24  5 509 352.725063770      -0.00      0.90     -0.33  0.       -2956.009       6745.281       6126.947    0.000  -0.138   0.380   0.
  2017 352 17 24  6 509 352.725075344      -0.43      0.59     -0.51  0.       -2957.181       6745.528       6125.954    0.000  -0.139   0.381   0.
  2017 352 17 24  7 509 352.725086918      -0.88      0.85     -0.44  0.       -2958.352       6745.775       6124.962    0.000  -0.139   0.381   0.
  2017 352 17 24  8 509 352.725098492      -0.30      0.58     -0.69  0.       -2959.524       6746.021       6123.969    0.000  -0.139   0.381   0.
  2017 352 17 24  9 509 352.725110067      -0.65      0.71      0.65  0.       -2960.695       6746.267       6122.976    0.000  -0.139   0.381   0.
  2017 352 17 24 10 509 352.725121641      -0.20      1.10     -0.73  0.       -2961.866       6746.512       6121.983    0.000  -0.138   0.380   0.
  2017 352 17 24 11 509 352.725133215      -0.01      1.67     -0.49  0.       -2963.037       6746.757       6120.989    0.000  -0.138   0.380   0.
  2017 352 17 24 12 509 352.725144789       0.29      1.82     -0.68  0.       -2964.208       6747.002       6119.995    0.000  -0.138   0.380   0.
  2017 352 17 24 13 509 352.725156363      -0.46      1.72     -1.55  0.       -2965.379       6747.246       6119.000    0.000  -0.138   0.380   0.
  2017 352 17 24 14 509 352.725167937      -0.83      1.82     -1.72  0.       -2966.549       6747.490       6118.006    0.000  -0.138   0.380   0.
  2017 352 17 24 15 509 352.725179510      -0.82      1.65     -1.43  0.       -2967.720       6747.734       6117.011    0.000  -0.138   0.380   0.
  2017 352 17 24 16 509 352.725191082      -0.68      1.68     -0.86  0.       -2968.890       6747.978       6116.016    0.000  -0.138   0.380   0.
  2017 352 17 24 17 509 352.725202656      -0.32      1.43     -0.72  0.       -2970.060       6748.221       6115.020    0.000  -0.138   0.380   0.
  2017 352 17 24 18 509 352.725214230      -0.30      1.40     -0.47  0.       -2971.230       6748.464       6114.024    0.000  -0.138   0.380   0.
  2017 352 17 24 19 509 352.725225804      -0.34      1.48     -0.35  0.       -2972.400       6748.706       6113.028    0.000  -0.138   0.380   0.
  2017 352 17 24 20 509 352.725237379      -0.06      1.09     -0.16  0.       -2973.570       6748.948       6112.032    0.000  -0.138   0.380   0.
  2017 352 17 24 21 509 352.725248953       0.01      0.81     -0.48  0.       -2974.739       6749.190       6111.035    0.000  -0.138   0.380   0.
  2017 352 17 24 22 509 352.725260527      -1.06      0.94     -0.47  0.       -2975.909       6749.432       6110.038    0.000  -0.138   0.380   0.
  2017 352 17 24 23 509 352.725272101      -0.49      0.89     -0.46  0.       -2977.078       6749.673       6109.041    0.000  -0.138   0.380   0.
  2017 352 17 24 24 509 352.725283675       0.30      0.88     -0.56  0.       -2978.247       6749.914       6108.043    0.000  -0.138   0.380   0.
  2017 352 17 24 25 509 352.725295249       0.43      1.05     -0.41  0.       -2979.416       6750.154       6107.045    0.000  -0.138   0.380   0.
  2017 352 17 24 26 509 352.725306823       0.31      0.94     -0.36  0.       -2980.585       6750.394       6106.047    0.000  -0.139   0.381   0.
  2017 352 17 24 27 509 352.725318397       0.37      1.02     -0.44  0.       -2981.754       6750.634       6105.048    0.000  -0.139   0.381   0.
  2017 352 17 24 28 509 352.725329971       0.29      0.91     -0.15  0.       -2982.922       6750.874       6104.050    0.000  -0.138   0.380   0.
  2017 352 17 24 29 509 352.725341545       0.48      1.05      0.05  0.       -2984.090       6751.113       6103.050    0.000  -0.138   0.380   0.
  2017 352 17 24 30 509 352.725353119       0.47      1.09      0.02  0.       -2985.259       6751.352       6102.051    0.000  -0.138   0.380   0.
  2017 352 17 24 31 509 352.725364693       0.44      0.93     -0.02  0.       -2986.427       6751.590       6101.051    0.000  -0.138   0.380   0.
  2017 352 17 24 32 509 352.725376267       0.51      0.90      0.01  0.       -2987.595       6751.828       6100.051    0.000  -0.139   0.381   0.
  2017 352 17 24 33 509 352.725387841       0.55      0.85     -0.11  0.       -2988.762       6752.066       6099.051    0.000  -0.139   0.381   0.
  2017 352 17 24 34 509 352.725399415       0.63      0.87     -0.09  0.       -2989.930       6752.304       6098.050    0.000  -0.138   0.380   0.
  2017 352 17 24 35 509 352.725410990       0.41      0.91     -0.22  0.       -2991.098       6752.541       6097.050    0.000  -0.138   0.380   0.
  2017 352 17 24 36 509 352.725422564      -0.07      0.77     -0.33  0.       -2992.265       6752.778       6096.048    0.000  -0.139   0.381   0.
  2017 352 17 24 37 509 352.725434138      -0.43      0.76     -0.34  0.       -2993.432       6753.015       6095.047    0.000  -0.139   0.381   0.
  2017 352 17 24 38 509 352.725445712      -0.42      0.83     -0.26  0.       -2994.599       6753.251       6094.045    0.000  -0.139   0.381   0.
  2017 352 17 24 39 509 352.725457286       0.41      0.83     -0.35  0.       -2995.766       6753.487       6093.043    0.000  -0.139   0.381   0.
  2017 352 17 24 40 509 352.725468860       0.16      0.76     -0.28  0.       -2996.933       6753.722       6092.041    0.000  -0.138   0.380   0.
  2017 352 17 24 41 509 352.725480434      -0.06      0.79     -0.23  0.       -2998.100       6753.957       6091.038    0.000  -0.138   0.380   0.
  2017 352 17 24 42 509 352.725492008      -0.11      0.77     -0.40  0.       -2999.266       6754.192       6090.035    0.000  -0.139   0.381   0.
  2017 352 17 24 43 509 352.725503581      -0.19      0.77     -0.15  0.       -3000.433       6754.427       6089.032    0.000  -0.139   0.381   0.
  2017 352 17 24 44 509 352.725515153      -0.04      0.89     -0.23  0.       -3001.599       6754.661       6088.028    0.000  -0.138   0.380   0.
  2017 352 17 24 45 509 352.725526727      -0.05      0.86     -0.20  0.       -3002.765       6754.895       6087.024    0.000  -0.138   0.380   0.
  2017 352 17 24 46 509 352.725538302       0.28      0.92     -0.35  0.       -3003.931       6755.129       6086.020    0.000  -0.139   0.381   0.
  2017 352 17 24 47 509 352.725549876       0.32      0.92     -0.46  0.       -3005.097       6755.362       6085.016    0.000  -0.139   0.381   0.
  2017 352 17 24 48 509 352.725561450       0.14      0.84     -0.29  0.       -3006.262       6755.595       6084.011    0.000  -0.139   0.381   0.
  2017 352 17 24 49 509 352.725573024       0.11      0.85     -0.31  0.       -3007.428       6755.828       6083.006    0.000  -0.139   0.381   0.
  2017 352 17 24 50 509 352.725584598       0.17      0.81     -0.43  0.       -3008.593       6756.060       6082.000    0.000  -0.138   0.380   0.
  2017 352 17 24 51 509 352.725596172       0.12      0.84     -0.39  0.       -3009.758       6756.292       6080.995    0.000  -0.138   0.380   0.
  2017 352 17 24 52 509 352.725607746      -0.02      0.94     -0.39  0.       -3010.923       6756.523       6079.989    0.000  -0.139   0.381   0.
  2017 352 17 24 53 509 352.725619320      -0.28      0.78     -0.45  0.       -3012.088       6756.755       6078.983    0.000  -0.139   0.381   0.
  2017 352 17 24 54 509 352.725630894      -0.40      0.59     -0.90  0.       -3013.253       6756.986       6077.976    0.000  -0.139   0.381   0.
  2017 352 17 24 55 509 352.725642468      -0.69      0.66     -0.97  0.       -3014.417       6757.216       6076.969    0.000  -0.139   0.381   0.
  2017 352 17 24 56 509 352.725654042      -0.25      1.18     -0.42  0.       -3015.582       6757.447       6075.962    0.000  -0.138   0.380   0.
  2017 352 17 24 57 509 352.725665616      -0.24      0.90      0.17  0.       -3016.746       6757.677       6074.955    0.000  -0.138   0.380   0.
  2017 352 17 24 58 509 352.725677190      -0.12      0.90     -0.58  0.       -3017.910       6757.906       6073.947    0.000  -0.139   0.381   0.
  2017 352 17 24 59 509 352.725688764      -0.94      0.98     -1.10  0.       -3019.074       6758.136       6072.939    0.000  -0.139   0.381   0.
  2017 352 17 25  0 509 352.725700339      -0.38      1.08     -0.55  0.       -3020.238       6758.365       6071.931    0.000  -0.138   0.380   0.
  2017 352 17 25  1 509 352.725711913       0.14      1.16      0.08  0.       -3021.402       6758.593       6070.922    0.000  -0.138   0.380   0.
  2017 352 17 25  2 509 352.725723487       0.54      1.06     -0.33  0.       -3022.565       6758.822       6069.913    0.000  -0.139   0.381   0.
  2017 352 17 25  3 509 352.725735061      -0.17      0.94     -0.38  0.       -3023.729       6759.050       6068.904    0.000  -0.139   0.381   0.
  2017 352 17 25  4 509 352.725746635      -0.47      1.12     -0.38  0.       -3024.892       6759.277       6067.894    0.000  -0.139   0.381   0.
  2017 352 17 25  5 509 352.725758209      -0.08      1.45     -0.25  0.       -3026.055       6759.505       6066.885    0.000  -0.139   0.381   0.
  2017 352 17 25  6 509 352.725769783      -0.10      1.52     -0.67  0.       -3027.218       6759.732       6065.875    0.000  -0.139   0.381   0.
  2017 352 17 25  7 509 352.725781357      -0.44      1.30     -0.71  0.       -3028.381       6759.958       6064.864    0.000  -0.139   0.381   0.
  2017 352 17 25  8 509 352.725792931      -0.39      1.51     -0.93  0.       -3029.544       6760.185       6063.853    0.000  -0.139   0.381   0.
  2017 352 17 25  9 509 352.725804505      -0.59      1.15     -1.01  0.       -3030.706       6760.411       6062.842    0.000  -0.139   0.381   0.
  2017 352 17 25 10 509 352.725816079      -0.41      0.77     -0.72  0.       -3031.869       6760.636       6061.831    0.000  -0.139   0.381   0.
  2017 352 17 25 11 509 352.725827653      -0.26      1.19     -0.80  0.       -3033.031       6760.862       6060.820    0.000  -0.139   0.381   0.
  2017 352 17 25 12 509 352.725839227       0.11      1.52     -0.31  0.       -3034.193       6761.087       6059.808    0.000  -0.138   0.380   0.
  2017 352 17 25 13 508 352.725850801       0.61      1.78     -0.16  0.       -3035.355       6761.312       6058.796    0.000  -0.138   0.380   0.
  2017 352 17 25 14 509 352.725862373       0.51      1.42     -0.81  0.       -3036.517       6761.536       6057.783    0.000  -0.138   0.380   0.
  2017 352 17 25 15 509 352.725873947       0.29      1.28     -0.53  0.       -3037.678       6761.760       6056.770    0.000  -0.138   0.380   0.
  2017 352 17 25 16 509 352.725885521      -0.41      0.87     -1.15  0.       -3038.840       6761.984       6055.757    0.000  -0.139   0.381   0.
  2017 352 17 25 17 509 352.725897095      -0.43      0.84     -0.85  0.       -3040.001       6762.207       6054.744    0.000  -0.139   0.381   0.
  2017 352 17 25 18 509 352.725908669      -0.84      1.25     -0.77  0.       -3041.162       6762.430       6053.730    0.000  -0.138   0.380   0.
  2017 352 17 25 19 508 352.725920243      -0.33      1.89     -0.38  0.       -3042.323       6762.653       6052.716    0.000  -0.138   0.380   0.
  2017 352 17 25 20 508 352.725931817      -0.17      1.62     -0.46  0.       -3043.484       6762.875       6051.702    0.000  -0.138   0.380   0.
  2017 352 17 25 21 508 352.725943391      -0.08      1.33     -0.31  0.       -3044.645       6763.097       6050.688    0.000  -0.138   0.380   0.
  2017 352 17 25 22 508 352.725954965      -0.02      1.23     -0.42  0.       -3045.806       6763.319       6049.673    0.000  -0.139   0.381   0.
  2017 352 17 25 23 508 352.725966539       0.08      1.00     -0.30  0.       -3046.966       6763.540       6048.658    0.000  -0.139   0.381   0.
  2017 352 17 25 24 509 352.725978113      -0.15      0.85     -0.58  0.       -3048.126       6763.761       6047.642    0.000  -0.138   0.380   0.
  2017 352 17 25 25 509 352.725989687      -0.13      0.85     -0.28  0.       -3049.286       6763.982       6046.626    0.000  -0.138   0.380   0.
  2017 352 17 25 26 508 352.726001262      -0.21      1.05     -0.35  0.       -3050.446       6764.203       6045.610    0.000  -0.139   0.381   0.
  2017 352 17 25 27 508 352.726012836       0.04      1.40      0.08  0.       -3051.606       6764.423       6044.594    0.000  -0.139   0.381   0.
  2017 352 17 25 28 509 352.726024410       0.09      1.27     -0.13  0.       -3052.766       6764.642       6043.578    0.000  -0.138   0.380   0.
  2017 352 17 25 29 509 352.726035984       0.12      1.06     -0.16  0.       -3053.926       6764.862       6042.561    0.000  -0.138   0.380   0.
  2017 352 17 25 30 509 352.726047558       0.88      1.45      0.09  0.       -3055.085       6765.081       6041.543    0.000  -0.139   0.381   0.
  2017 352 17 25 31 509 352.726059132       1.08      1.54     -0.24  0.       -3056.244       6765.300       6040.526    0.000  -0.139   0.381   0.
  2017 352 17 25 32 508 352.726070706      -0.03      1.09     -0.17  0.       -3057.403       6765.518       6039.508    0.000  -0.139   0.381   0.
  2017 352 17 25 33 508 352.726082280      -0.02      1.12     -0.32  0.       -3058.562       6765.736       6038.490    0.000  -0.139   0.381   0.
  2017 352 17 25 34 508 352.726093854       0.18      1.06     -0.25  0.       -3059.721       6765.954       6037.472    0.000  -0.139   0.381   0.
  2017 352 17 25 35 508 352.726105428       0.29      1.20     -0.12  0.       -3060.880       6766.171       6036.453    0.000  -0.139   0.381   0.
  2017 352 17 25 36 508 352.726117002       0.54      1.15     -0.67  0.       -3062.038       6766.388       6035.434    0.000  -0.139   0.381   0.
  2017 352 17 25 37 509 352.726128576       0.02      0.60     -1.08  0.       -3063.197       6766.605       6034.415    0.000  -0.139   0.381   0.
  2017 352 17 25 38 509 352.726140150      -0.42      0.71     -0.79  0.       -3064.355       6766.822       6033.395    0.000  -0.139   0.381   0.
  2017 352 17 25 39 508 352.726151725      -0.12      1.39     -0.69  0.       -3065.513       6767.038       6032.375    0.000  -0.139   0.381   0.
  2017 352 17 25 40 508 352.726163299      -0.09      0.93     -0.39  0.       -3066.671       6767.254       6031.355    0.000  -0.139   0.381   0.
  2017 352 17 25 41 509 352.726174872       0.29      0.96     -0.17  0.       -3067.829       6767.469       6030.335    0.000  -0.139   0.381   0.
  2017 352 17 25 42 508 352.726186444       0.26      1.07     -0.29  0.       -3068.986       6767.684       6029.314    0.000  -0.138   0.380   0.
  2017 352 17 25 43 508 352.726198018       0.39      0.84     -0.78  0.       -3070.144       6767.899       6028.293    0.000  -0.138   0.380   0.
  2017 352 17 25 44 508 352.726209592       0.04      0.67     -0.99  0.       -3071.301       6768.113       6027.272    0.000  -0.139   0.381   0.
  2017 352 17 25 45 508 352.726221166      -0.16      0.91     -0.56  0.       -3072.458       6768.328       6026.250    0.000  -0.139   0.381   0.
  2017 352 17 25 46 508 352.726232740      -0.07      1.18     -0.35  0.       -3073.615       6768.541       6025.228    0.000  -0.139   0.381   0.
  2017 352 17 25 47 508 352.726244314       0.14      1.27      0.03  0.       -3074.772       6768.755       6024.206    0.000  -0.139   0.381   0.
  2017 352 17 25 48 508 352.726255888       0.46      1.10     -0.50  0.       -3075.929       6768.968       6023.184    0.000  -0.139   0.381   0.
  2017 352 17 25 49 508 352.726267462       0.16      0.79     -1.10  0.       -3077.085       6769.181       6022.161    0.000  -0.139   0.381   0.
  2017 352 17 25 50 508 352.726279036      -0.29      0.71     -1.01  0.       -3078.242       6769.393       6021.138    0.000  -0.139   0.381   0.
  2017 352 17 25 51 508 352.726290611      -0.00      0.59     -1.11  0.       -3079.398       6769.605       6020.114    0.000  -0.139   0.381   0.
  2017 352 17 25 52 508 352.726302185      -0.56      1.02     -1.54  0.       -3080.554       6769.817       6019.091    0.000  -0.139   0.381   0.
  2017 352 17 25 53 508 352.726313759      -0.82      0.98     -0.19  0.       -3081.710       6770.029       6018.067    0.000  -0.139   0.381   0.
  2017 352 17 25 54 508 352.726325333       1.08      1.42      0.24  0.       -3082.866       6770.240       6017.042    0.000  -0.138   0.380   0.
  2017 352 17 25 55 508 352.726336907       1.36      1.95     -1.08  0.       -3084.022       6770.451       6016.018    0.000  -0.138   0.380   0.
  2017 352 17 25 56 508 352.726348481      -0.09      1.27     -1.44  0.       -3085.177       6770.661       6014.993    0.000  -0.139   0.381   0.
  2017 352 17 25 57 508 352.726360055      -0.47      1.44     -0.65  0.       -3086.332       6770.871       6013.968    0.000  -0.139   0.381   0.
  2017 352 17 25 58 508 352.726371629       0.04      1.83     -0.41  0.       -3087.488       6771.081       6012.942    0.000  -0.139   0.381   0.
  2017 352 17 25 59 508 352.726383203       0.27      1.72     -0.49  0.       -3088.643       6771.291       6011.917    0.000  -0.139   0.381   0.
  2017 352 17 26  0 508 352.726394777       0.28      1.43     -0.98  0.       -3089.798       6771.500       6010.891    0.000  -0.138   0.380   0.
  2017 352 17 26  1 508 352.726406351      -0.05      1.19     -0.82  0.       -3090.952       6771.709       6009.864    0.000  -0.138   0.380   0.
  2017 352 17 26  2 508 352.726417925       0.06      1.21     -0.78  0.       -3092.107       6771.917       6008.838    0.000  -0.139   0.381   0.
  2017 352 17 26  3 508 352.726429499      -0.38      1.19     -0.76  0.       -3093.261       6772.125       6007.811    0.000  -0.139   0.381   0.
  2017 352 17 26  4 508 352.726441073      -0.37      1.45     -0.95  0.       -3094.416       6772.333       6006.783    0.000  -0.139   0.381   0.
  2017 352 17 26  5 508 352.726452648      -1.20      0.70     -1.22  0.       -3095.570       6772.541       6005.756    0.000  -0.139   0.381   0.
  2017 352 17 26  6 508 352.726464222      -0.76      1.06     -0.54  0.       -3096.724       6772.748       6004.728    0.000  -0.138   0.380   0.
  2017 352 17 26  7 508 352.726475796       0.51      1.99      0.05  0.       -3097.878       6772.955       6003.700    0.000  -0.138   0.380   0.
  2017 352 17 26  8 508 352.726487370       1.07      2.22      0.03  0.       -3099.031       6773.161       6002.672    0.000  -0.138   0.380   0.
  2017 352 17 26  9 508 352.726498944      -0.13      1.22     -0.36  0.       -3100.185       6773.368       6001.643    0.000  -0.138   0.380   0.
  2017 352 17 26 10 508 352.726510518      -0.75      0.89     -0.82  0.       -3101.338       6773.573       6000.614    0.000  -0.139   0.381   0.
  2017 352 17 26 11 508 352.726522091      -0.30      1.48     -0.68  0.       -3102.492       6773.779       5999.585    0.000  -0.139   0.381   0.
  2017 352 17 26 12 508 352.726533663      -0.13      1.54     -0.43  0.       -3103.645       6773.984       5998.555    0.000  -0.139   0.381   0.
  2017 352 17 26 13 508 352.726545237       0.15      1.37     -0.25  0.       -3104.798       6774.189       5997.525    0.000  -0.139   0.381   0.
  2017 352 17 26 14 508 352.726556811      -0.20      1.24     -0.93  0.       -3105.950       6774.394       5996.495    0.000  -0.139   0.381   0.
  2017 352 17 26 15 508 352.726568385      -0.71      0.95     -1.06  0.       -3107.103       6774.598       5995.465    0.000  -0.139   0.381   0.
  2017 352 17 26 16 508 352.726579959      -0.59      1.11     -0.87  0.       -3108.256       6774.802       5994.434    0.000  -0.139   0.381   0.
  2017 352 17 26 17 508 352.726591534      -0.33      1.29     -0.73  0.       -3109.408       6775.005       5993.403    0.000  -0.139   0.381   0.
  2017 352 17 26 18 508 352.726603108      -0.33      1.29     -0.41  0.       -3110.560       6775.208       5992.372    0.000  -0.139   0.381   0.
  2017 352 17 26 19 508 352.726614682      -0.48      1.02     -0.53  0.       -3111.712       6775.411       5991.340    0.000  -0.139   0.381   0.
  2017 352 17 26 20 508 352.726626256      -0.46      1.00     -0.61  0.       -3112.864       6775.614       5990.308    0.000  -0.139   0.381   0.
  2017 352 17 26 21 508 352.726637830       0.27      1.44     -0.19  0.       -3114.016       6775.816       5989.276    0.000  -0.139   0.381   0.
  2017 352 17 26 22 508 352.726649404      -0.06      1.06     -0.54  0.       -3115.167       6776.018       5988.243    0.000  -0.139   0.381   0.
  2017 352 17 26 23 508 352.726660978      -0.92      0.77     -0.54  0.       -3116.319       6776.219       5987.211    0.000  -0.139   0.381   0.
  2017 352 17 26 24 508 352.726672552      -0.16      1.48     -0.22  0.       -3117.470       6776.421       5986.178    0.000  -0.139   0.381   0.
  2017 352 17 26 25 508 352.726684126       0.15      1.51      0.08  0.       -3118.621       6776.622       5985.144    0.000  -0.139   0.381   0.
  2017 352 17 26 26 508 352.726695700       0.09      1.17     -0.19  0.       -3119.772       6776.822       5984.111    0.000  -0.139   0.381   0.
  2017 352 17 26 27 508 352.726707274      -0.11      0.91     -0.32  0.       -3120.923       6777.022       5983.077    0.000  -0.139   0.381   0.
  2017 352 17 26 28 508 352.726718848       0.06      1.11     -0.25  0.       -3122.073       6777.222       5982.042    0.000  -0.139   0.381   0.
  2017 352 17 26 29 508 352.726730422      -0.05      1.24     -0.76  0.       -3123.224       6777.422       5981.008    0.000  -0.139   0.381   0.
  2017 352 17 26 30 508 352.726741997      -0.21      1.23     -0.68  0.       -3124.374       6777.621       5979.973    0.000  -0.139   0.381   0.
  2017 352 17 26 31 508 352.726753571       0.36      1.39     -1.07  0.       -3125.524       6777.820       5978.938    0.000  -0.139   0.381   0.
  2017 352 17 26 32 508 352.726765145      -0.51      0.83     -1.51  0.       -3126.674       6778.018       5977.902    0.000  -0.138   0.380   0.
  2017 352 17 26 33 508 352.726776719      -1.96      0.10     -1.01  0.       -3127.824       6778.217       5976.867    0.000  -0.138   0.380   0.
  2017 352 17 26 34 508 352.726788293      -0.89      0.95     -0.18  0.       -3128.974       6778.415       5975.831    0.000  -0.139   0.381   0.
  2017 352 17 26 35 508 352.726799867       1.55      2.00     -0.94  0.       -3130.124       6778.612       5974.794    0.000  -0.139   0.381   0.
  2017 352 17 26 36 508 352.726811441       1.63      1.43     -0.75  0.       -3131.273       6778.809       5973.758    0.000  -0.139   0.381   0.
  2017 352 17 26 37 508 352.726823015       1.61      1.15     -0.51  0.       -3132.422       6779.006       5972.721    0.000  -0.139   0.381   0.
  2017 352 17 26 38 508 352.726834589       1.09      0.86     -0.34  0.       -3133.571       6779.203       5971.684    0.000  -0.138   0.380   0.
  2017 352 17 26 39 508 352.726846163       0.47      1.02     -0.39  0.       -3134.720       6779.399       5970.646    0.000  -0.138   0.380   0.
  2017 352 17 26 40 508 352.726857737       0.44      1.31     -0.78  0.       -3135.869       6779.595       5969.609    0.000  -0.138   0.380   0.
  2017 352 17 26 41 508 352.726869311       0.47      1.20     -0.88  0.       -3137.018       6779.791       5968.570    0.000  -0.138   0.380   0.
  2017 352 17 26 42 508 352.726880883       0.00      1.05     -0.67  0.       -3138.166       6779.986       5967.532    0.000  -0.139   0.381   0.
  2017 352 17 26 43 508 352.726892457      -0.11      1.05     -0.77  0.       -3139.315       6780.181       5966.493    0.000  -0.139   0.381   0.
  2017 352 17 26 44 508 352.726904031      -0.29      1.01     -0.85  0.       -3140.463       6780.375       5965.455    0.000  -0.138   0.380   0.
  2017 352 17 26 45 508 352.726915605      -0.34      1.08     -0.93  0.       -3141.611       6780.570       5964.415    0.000  -0.138   0.380   0.
  2017 352 17 26 46 508 352.726927179      -0.66      1.19     -0.98  0.       -3142.759       6780.764       5963.376    0.000  -0.138   0.380   0.
  2017 352 17 26 47 508 352.726938753      -0.83      1.42     -0.83  0.       -3143.907       6780.957       5962.336    0.000  -0.138   0.380   0.
  2017 352 17 26 48 508 352.726950327      -0.09      1.68     -0.25  0.       -3145.054       6781.151       5961.296    0.000  -0.139   0.381   0.
  2017 352 17 26 49 508 352.726961901       0.06      1.58     -0.41  0.       -3146.202       6781.343       5960.255    0.000  -0.139   0.381   0.
  2017 352 17 26 50 508 352.726973475      -0.02      1.38     -0.51  0.       -3147.349       6781.536       5959.215    0.000  -0.139   0.381   0.
  2017 352 17 26 51 508 352.726985049      -0.39      1.28     -1.26  0.       -3148.496       6781.728       5958.174    0.000  -0.139   0.381   0.
  2017 352 17 26 52 508 352.726996623      -1.77      1.40     -0.75  0.       -3149.643       6781.920       5957.133    0.000  -0.138   0.380   0.
  2017 352 17 26 53 508 352.727008197      -0.53      1.38     -0.20  0.       -3150.790       6782.112       5956.091    0.000  -0.138   0.380   0.
  2017 352 17 26 54 508 352.727019771       0.03      1.62     -0.64  0.       -3151.937       6782.303       5955.049    0.000  -0.139   0.381   0.
  2017 352 17 26 55 508 352.727031346      -0.29      1.33     -0.46  0.       -3153.083       6782.494       5954.007    0.000  -0.139   0.381   0.
  2017 352 17 26 56 508 352.727042920      -1.23      0.86     -1.41  0.       -3154.229       6782.685       5952.965    0.000  -0.139   0.381   0.
  2017 352 17 26 57 508 352.727054494      -1.31      1.29     -0.95  0.       -3155.376       6782.875       5951.922    0.000  -0.139   0.381   0.
  2017 352 17 26 58 508 352.727066068      -0.65      1.39     -0.82  0.       -3156.522       6783.065       5950.879    0.000  -0.139   0.381   0.
  2017 352 17 26 59 508 352.727077642       0.16      1.24     -0.57  0.       -3157.667       6783.254       5949.835    0.000  -0.139   0.381   0.
  2017 352 17 27  0 508 352.727089216       0.39      1.47     -0.90  0.       -3158.813       6783.444       5948.792    0.000  -0.139   0.381   0.
  2017 352 17 27  1 508 352.727100790      -0.06      1.54     -0.84  0.       -3159.959       6783.633       5947.748    0.000  -0.139   0.381   0.
  2017 352 17 27  2 508 352.727112364      -0.45      1.12     -1.08  0.       -3161.104       6783.821       5946.704    0.000  -0.139   0.381   0.
  2017 352 17 27  3 508 352.727123938      -0.25      1.07     -0.45  0.       -3162.249       6784.010       5945.659    0.000  -0.139   0.381   0.
  2017 352 17 27  4 508 352.727135512      -0.13      1.15     -0.46  0.       -3163.395       6784.198       5944.615    0.000  -0.139   0.381   0.
  2017 352 17 27  5 508 352.727147086      -0.24      1.24     -0.46  0.       -3164.540       6784.385       5943.569    0.000  -0.139   0.381   0.
  2017 352 17 27  6 508 352.727158660       0.43      1.48     -0.32  0.       -3165.684       6784.572       5942.524    0.000  -0.139   0.381   0.
  2017 352 17 27  7 508 352.727170234       0.17      0.99     -0.75  0.       -3166.829       6784.759       5941.478    0.000  -0.139   0.381   0.
  2017 352 17 27  8 508 352.727181808      -0.54      1.12     -0.45  0.       -3167.973       6784.946       5940.433    0.000  -0.139   0.381   0.
  2017 352 17 27  9 507 352.727193382      -0.47      1.05     -0.36  0.       -3169.118       6785.132       5939.386    0.000  -0.139   0.381   0.
  2017 352 17 27 10 508 352.727204954       0.04      1.28     -0.46  0.       -3170.262       6785.318       5938.340    0.000  -0.139   0.381   0.
  2017 352 17 27 11 508 352.727216528       0.46      1.36     -0.42  0.       -3171.406       6785.504       5937.293    0.000  -0.139   0.381   0.
  2017 352 17 27 12 508 352.727228102      -0.11      0.89     -0.56  0.       -3172.550       6785.689       5936.246    0.000  -0.138   0.380   0.
  2017 352 17 27 13 508 352.727239676       0.17      1.20     -0.61  0.       -3173.694       6785.874       5935.198    0.000  -0.138   0.380   0.
  2017 352 17 27 14 507 352.727251250      -0.40      0.78     -0.32  0.       -3174.837       6786.059       5934.151    0.000  -0.139   0.381   0.
  2017 352 17 27 15 507 352.727262824       0.09      1.05     -0.41  0.       -3175.981       6786.243       5933.103    0.000  -0.139   0.381   0.
  2017 352 17 27 16 507 352.727274398       0.31      1.20     -0.94  0.       -3177.124       6786.427       5932.055    0.000  -0.138   0.380   0.
  2017 352 17 27 17 507 352.727285972      -0.71      0.27     -0.73  0.       -3178.267       6786.611       5931.006    0.000  -0.138   0.380   0.
  2017 352 17 27 18 507 352.727297546      -0.14      0.89     -0.77  0.       -3179.410       6786.794       5929.957    0.000  -0.139   0.381   0.
  2017 352 17 27 19 508 352.727309120      -0.12      1.21     -0.92  0.       -3180.553       6786.977       5928.908    0.000  -0.139   0.381   0.
  2017 352 17 27 20 508 352.727320694      -0.70      0.41     -1.24  0.       -3181.695       6787.159       5927.859    0.000  -0.139   0.381   0.
  2017 352 17 27 21 507 352.727332268      -0.07      1.80     -1.39  0.       -3182.838       6787.342       5926.809    0.000  -0.139   0.381   0.
  2017 352 17 27 22 507 352.727343843       0.08      1.31     -0.59  0.       -3183.980       6787.524       5925.759    0.000  -0.139   0.381   0.
  2017 352 17 27 23 508 352.727355417       0.02      0.92     -0.45  0.       -3185.122       6787.705       5924.708    0.000  -0.139   0.381   0.
  2017 352 17 27 24 508 352.727366991       0.25      1.56     -0.11  0.       -3186.264       6787.886       5923.658    0.000  -0.138   0.380   0.
  2017 352 17 27 25 508 352.727378565       0.11      1.25     -0.56  0.       -3187.406       6788.068       5922.607    0.000  -0.138   0.380   0.
  2017 352 17 27 26 508 352.727390139      -0.91      0.55     -1.02  0.       -3188.548       6788.248       5921.556    0.000  -0.139   0.381   0.
  2017 352 17 27 27 508 352.727401713      -0.64      1.47     -0.57  0.       -3189.689       6788.428       5920.504    0.000  -0.139   0.381   0.
  2017 352 17 27 28 507 352.727413287       0.26      2.55     -0.40  0.       -3190.831       6788.608       5919.453    0.000  -0.139   0.381   0.
  2017 352 17 27 29 507 352.727424861      -0.80      0.27     -0.96  0.       -3191.972       6788.788       5918.401    0.000  -0.139   0.381   0.
  2017 352 17 27 30 507 352.727436435      -0.41      0.39     -1.09  0.       -3193.113       6788.967       5917.348    0.000  -0.139   0.381   0.
  2017 352 17 27 31 507 352.727448009       0.13      1.14     -0.67  0.       -3194.254       6789.146       5916.296    0.000  -0.139   0.381   0.
  2017 352 17 27 32 507 352.727459583       0.46      2.11     -0.27  0.       -3195.394       6789.325       5915.243    0.000  -0.139   0.381   0.
  2017 352 17 27 33 508 352.727471157       0.53      2.24     -0.57  0.       -3196.535       6789.503       5914.189    0.000  -0.139   0.381   0.
  2017 352 17 27 34 508 352.727482732      -0.92      0.61     -1.04  0.       -3197.675       6789.681       5913.136    0.000  -0.139   0.381   0.
  2017 352 17 27 35 507 352.727494306      -0.79      1.34     -1.06  0.       -3198.816       6789.859       5912.082    0.000  -0.139   0.381   0.
  2017 352 17 27 36 507 352.727505880       0.13      2.22     -0.79  0.       -3199.956       6790.036       5911.028    0.000  -0.139   0.381   0.
  2017 352 17 27 37 508 352.727517454       0.03      1.22     -0.56  0.       -3201.096       6790.213       5909.974    0.000  -0.139   0.381   0.
  2017 352 17 27 38 508 352.727529028       0.31      1.07     -0.28  0.       -3202.236       6790.390       5908.919    0.000  -0.139   0.381   0.
  2017 352 17 27 39 508 352.727540602       0.67      1.15      0.03  0.       -3203.375       6790.566       5907.864    0.000  -0.139   0.381   0.
  2017 352 17 27 40 507 352.727552173       0.88      1.25     -0.16  0.       -3204.515       6790.742       5906.809    0.000  -0.139   0.381   0.
  2017 352 17 27 41 507 352.727563747      -0.05      0.82     -0.89  0.       -3205.654       6790.918       5905.753    0.000  -0.139   0.381   0.
  2017 352 17 27 42 507 352.727575321      -0.80      0.34     -0.88  0.       -3206.793       6791.093       5904.697    0.000  -0.139   0.381   0.
  2017 352 17 27 43 507 352.727586895      -1.00      0.86     -0.92  0.       -3207.932       6791.268       5903.642    0.000  -0.139   0.381   0.
  2017 352 17 27 44 507 352.727598469      -0.33      2.00     -1.07  0.       -3209.071       6791.442       5902.585    0.000  -0.139   0.381   0.
  2017 352 17 27 45 507 352.727610043      -0.07      1.65     -0.72  0.       -3210.210       6791.617       5901.528    0.000  -0.139   0.381   0.
  2017 352 17 27 46 507 352.727621617      -0.16      0.92     -0.94  0.       -3211.348       6791.791       5900.471    0.000  -0.139   0.381   0.
  2017 352 17 27 47 507 352.727633192      -0.24      0.79     -0.95  0.       -3212.487       6791.964       5899.414    0.000  -0.139   0.381   0.
  2017 352 17 27 48 507 352.727644766       0.49      0.73     -0.40  0.       -3213.625       6792.138       5898.356    0.000  -0.139   0.381   0.
  2017 352 17 27 49 507 352.727656340       0.83      1.44     -0.48  0.       -3214.763       6792.310       5897.298    0.000  -0.139   0.381   0.
  2017 352 17 27 50 507 352.727667914       0.46      1.48     -0.71  0.       -3215.901       6792.483       5896.240    0.000  -0.139   0.381   0.
  2017 352 17 27 51 507 352.727679488       0.41      1.20     -0.44  0.       -3217.039       6792.655       5895.182    0.000  -0.139   0.381   0.
  2017 352 17 27 52 507 352.727691062       0.34      0.92     -0.43  0.       -3218.176       6792.827       5894.123    0.000  -0.139   0.381   0.
  2017 352 17 27 53 507 352.727702636       0.72      0.83     -0.29  0.       -3219.314       6792.999       5893.064    0.000  -0.139   0.381   0.
  2017 352 17 27 54 507 352.727714210       1.45      1.45     -0.28  0.       -3220.451       6793.170       5892.005    0.000  -0.139   0.381   0.
  2017 352 17 27 55 507 352.727725784       1.14      1.39     -0.84  0.       -3221.588       6793.341       5890.945    0.000  -0.139   0.381   0.
  2017 352 17 27 56 507 352.727737358      -0.02      0.93     -1.20  0.       -3222.725       6793.512       5889.885    0.000  -0.139   0.381   0.
  2017 352 17 27 57 507 352.727748932      -0.95      1.20     -2.10  0.       -3223.862       6793.682       5888.825    0.000  -0.139   0.381   0.
  2017 352 17 27 58 507 352.727760506      -0.59      1.73     -1.85  0.       -3224.999       6793.852       5887.765    0.000  -0.139   0.381   0.
  2017 352 17 27 59 507 352.727772080       0.56      2.01     -2.54  0.       -3226.135       6794.022       5886.704    0.000  -0.139   0.381   0.
  2017 352 17 28  0 507 352.727783654      -0.22      0.86     -1.55  0.       -3227.271       6794.191       5885.643    0.000  -0.139   0.381   0.
  2017 352 17 28  1 507 352.727795229      -0.72      0.85     -0.92  0.       -3228.408       6794.360       5884.582    0.000  -0.139   0.381   0.
  2017 352 17 28  2 507 352.727806803       0.34      2.73     -1.09  0.       -3229.543       6794.529       5883.520    0.000  -0.139   0.381   0.
  2017 352 17 28  3 507 352.727818377       0.81      2.55     -0.80  0.       -3230.679       6794.697       5882.458    0.000  -0.139   0.381   0.
  2017 352 17 28  4 507 352.727829951       0.30      1.47     -0.76  0.       -3231.815       6794.865       5881.396    0.000  -0.139   0.381   0.
  2017 352 17 28  5 507 352.727841525      -0.31      0.99     -1.18  0.       -3232.951       6795.033       5880.333    0.000  -0.139   0.381   0.
  2017 352 17 28  6 507 352.727853099      -1.47      0.57     -1.37  0.       -3234.086       6795.200       5879.271    0.000  -0.139   0.381   0.
  2017 352 17 28  7 507 352.727864673      -2.13      1.08     -1.61  0.       -3235.221       6795.367       5878.208    0.000  -0.139   0.381   0.
  2017 352 17 28  8 507 352.727876247      -1.25      2.08     -1.42  0.       -3236.356       6795.533       5877.144    0.000  -0.139   0.381   0.
  2017 352 17 28  9 507 352.727887820      -0.07      1.41     -0.49  0.       -3237.491       6795.700       5876.081    0.000  -0.139   0.381   0.
  2017 352 17 28 10 507 352.727899392      -0.14      1.09     -0.52  0.       -3238.626       6795.866       5875.017    0.000  -0.139   0.381   0.
  2017 352 17 28 11 507 352.727910966      -0.18      0.97     -0.45  0.       -3239.760       6796.031       5873.952    0.000  -0.139   0.381   0.
  2017 352 17 28 12 507 352.727922541      -0.08      1.09     -0.56  0.       -3240.895       6796.197       5872.888    0.000  -0.139   0.381   0.
  2017 352 17 28 13 507 352.727934115      -0.14      0.96     -0.71  0.       -3242.029       6796.361       5871.823    0.000  -0.139   0.381   0.
  2017 352 17 28 14 507 352.727945689      -0.25      1.13     -0.55  0.       -3243.163       6796.526       5870.758    0.000  -0.139   0.381   0.
  2017 352 17 28 15 507 352.727957263      -0.19      1.23     -0.48  0.       -3244.297       6796.690       5869.693    0.000  -0.139   0.381   0.
  2017 352 17 28 16 507 352.727968837      -0.03      1.06     -0.41  0.       -3245.431       6796.854       5868.627    0.000  -0.139   0.381   0.
  2017 352 17 28 17 507 352.727980411       0.03      1.00     -0.46  0.       -3246.565       6797.018       5867.561    0.000  -0.139   0.381   0.
  2017 352 17 28 18 507 352.727991985      -0.25      0.88     -0.59  0.       -3247.698       6797.181       5866.495    0.000  -0.139   0.381   0.
  2017 352 17 28 19 507 352.728003559      -0.31      0.93     -0.57  0.       -3248.831       6797.344       5865.428    0.000  -0.139   0.381   0.
  2017 352 17 28 20 507 352.728015133      -0.40      1.27     -1.02  0.       -3249.965       6797.507       5864.361    0.000  -0.139   0.381   0.
  2017 352 17 28 21 507 352.728026707      -0.81      1.15     -0.91  0.       -3251.097       6797.669       5863.294    0.000  -0.139   0.381   0.
  2017 352 17 28 22 507 352.728038281      -0.40      1.41     -0.45  0.       -3252.230       6797.831       5862.227    0.000  -0.139   0.381   0.
  2017 352 17 28 23 507 352.728049855       0.21      1.58     -0.38  0.       -3253.363       6797.993       5861.159    0.000  -0.139   0.381   0.
  2017 352 17 28 24 507 352.728061429       0.15      1.22     -0.53  0.       -3254.495       6798.154       5860.091    0.000  -0.139   0.381   0.
  2017 352 17 28 25 507 352.728073003       0.14      1.10     -0.61  0.       -3255.628       6798.315       5859.023    0.000  -0.139   0.381   0.
  2017 352 17 28 26 507 352.728084578      -0.33      1.07     -0.66  0.       -3256.760       6798.476       5857.954    0.000  -0.139   0.381   0.
  2017 352 17 28 27 507 352.728096152      -0.86      0.94     -0.73  0.       -3257.892       6798.636       5856.886    0.000  -0.139   0.381   0.
  2017 352 17 28 28 507 352.728107726      -0.58      0.90     -0.43  0.       -3259.024       6798.796       5855.816    0.000  -0.139   0.381   0.
  2017 352 17 28 29 507 352.728119300      -0.26      1.03     -0.55  0.       -3260.156       6798.955       5854.747    0.000  -0.139   0.381   0.
  2017 352 17 28 30 507 352.728130874      -0.12      0.96     -0.53  0.       -3261.287       6799.114       5853.677    0.000  -0.139   0.381   0.
  2017 352 17 28 31 507 352.728142448      -0.36      0.80     -0.49  0.       -3262.419       6799.273       5852.607    0.000  -0.139   0.381   0.
  2017 352 17 28 32 507 352.728154022      -0.10      1.31     -0.74  0.       -3263.550       6799.432       5851.537    0.000  -0.139   0.381   0.
  2017 352 17 28 33 507 352.728165596      -0.27      1.06     -0.61  0.       -3264.681       6799.590       5850.466    0.000  -0.139   0.381   0.
  2017 352 17 28 34 507 352.728177170      -0.49      0.98     -1.10  0.       -3265.812       6799.748       5849.396    0.000  -0.139   0.381   0.
  2017 352 17 28 35 507 352.728188744      -0.14      1.04     -1.13  0.       -3266.942       6799.906       5848.324    0.000  -0.139   0.381   0.
  2017 352 17 28 36 507 352.728200318      -0.10      0.67     -1.04  0.       -3268.073       6800.063       5847.253    0.000  -0.139   0.381   0.
  2017 352 17 28 37 507 352.728211892       0.13      0.91     -0.80  0.       -3269.203       6800.220       5846.181    0.000  -0.139   0.381   0.
  2017 352 17 28 38 507 352.728223464       0.36      1.29     -0.26  0.       -3270.334       6800.377       5845.109    0.000  -0.138   0.380   0.
  2017 352 17 28 39 507 352.728235038       0.27      1.20     -0.25  0.       -3271.464       6800.533       5844.037    0.000  -0.138   0.380   0.
  2017 352 17 28 40 507 352.728246612       0.34      1.23     -0.43  0.       -3272.594       6800.689       5842.964    0.000  -0.139   0.381   0.
  2017 352 17 28 41 507 352.728258186       0.10      1.07     -0.64  0.       -3273.723       6800.844       5841.891    0.000  -0.139   0.381   0.
  2017 352 17 28 42 507 352.728269760       0.07      1.00     -0.72  0.       -3274.853       6801.000       5840.818    0.000  -0.139   0.381   0.
  2017 352 17 28 43 507 352.728281334      -0.37      0.64     -0.90  0.       -3275.983       6801.154       5839.745    0.000  -0.139   0.381   0.
  2017 352 17 28 44 507 352.728292908      -0.25      0.63     -0.81  0.       -3277.112       6801.309       5838.671    0.000  -0.139   0.381   0.
  2017 352 17 28 45 507 352.728304482       0.49      1.35     -0.56  0.       -3278.241       6801.463       5837.597    0.000  -0.139   0.381   0.
  2017 352 17 28 46 507 352.728316056       0.95      1.60     -0.82  0.       -3279.370       6801.617       5836.523    0.000  -0.139   0.381   0.
  2017 352 17 28 47 507 352.728327630      -0.52      0.60     -0.93  0.       -3280.499       6801.771       5835.448    0.000  -0.139   0.381   0.
  2017 352 17 28 48 507 352.728339204      -0.95      0.31     -1.13  0.       -3281.627       6801.924       5834.373    0.000  -0.139   0.381   0.
  2017 352 17 28 49 507 352.728350778      -0.24      0.84     -1.07  0.       -3282.756       6802.077       5833.298    0.000  -0.139   0.381   0.
  2017 352 17 28 50 507 352.728362352       0.05      1.46     -1.00  0.       -3283.883       6802.227       5832.227    0.000  -0.139   0.381   0.
  2017 352 17 28 51 507 352.728373927       0.17      1.45     -0.93  0.       -3285.005       6802.367       5831.168    0.000  -0.139   0.381   0.
  2017 352 17 28 52 507 352.728385501       0.16      1.48     -0.85  0.       -3286.132       6802.519       5830.092    0.000  -0.139   0.381   0.
  2017 352 17 28 53 507 352.728397075       0.04      1.27     -0.74  0.       -3287.260       6802.671       5829.016    0.000  -0.139   0.381   0.
  2017 352 17 28 54 507 352.728408649       0.40      1.47     -0.43  0.       -3288.388       6802.822       5827.939    0.000  -0.138   0.380   0.
  2017 352 17 28 55 507 352.728420223       0.43      1.36     -0.49  0.       -3289.516       6802.973       5826.862    0.000  -0.138   0.380   0.
  2017 352 17 28 56 507 352.728431797       0.18      1.35     -0.47  0.       -3290.643       6803.124       5825.785    0.000  -0.139   0.381   0.
  2017 352 17 28 57 507 352.728443371       0.17      1.31     -0.54  0.       -3291.770       6803.274       5824.708    0.000  -0.139   0.381   0.
  2017 352 17 28 58 507 352.728454945       0.11      1.06     -0.80  0.       -3292.897       6803.424       5823.630    0.000  -0.139   0.381   0.
  2017 352 17 28 59 507 352.728466519      -0.22      0.86     -1.15  0.       -3294.024       6803.573       5822.552    0.000  -0.139   0.381   0.
  2017 352 17 29  0 507 352.728478093      -1.20      0.82     -1.83  0.       -3295.151       6803.723       5821.473    0.000  -0.139   0.381   0.
  2017 352 17 29  1 507 352.728489667      -1.90      1.61     -1.63  0.       -3296.277       6803.871       5820.395    0.000  -0.139   0.381   0.
  2017 352 17 29  2 507 352.728501241      -0.43      2.66      0.19  0.       -3297.404       6804.020       5819.316    0.000  -0.139   0.381   0.
  2017 352 17 29  3 507 352.728512815       0.68      1.59     -0.53  0.       -3298.530       6804.168       5818.237    0.000  -0.139   0.381   0.
  2017 352 17 29  4 507 352.728524389      -0.65      0.65     -1.22  0.       -3299.656       6804.316       5817.157    0.000  -0.139   0.381   0.
  2017 352 17 29  5 507 352.728535964      -1.42      0.70     -0.73  0.       -3300.782       6804.464       5816.077    0.000  -0.139   0.381   0.
  2017 352 17 29  6 507 352.728547538      -0.89      1.56     -0.80  0.       -3301.907       6804.611       5814.997    0.000  -0.139   0.381   0.
  2017 352 17 29  7 507 352.728559111      -0.76      1.76     -0.57  0.       -3303.033       6804.758       5813.917    0.000  -0.139   0.381   0.
  2017 352 17 29  8 507 352.728570683      -0.37      1.32     -0.52  0.       -3304.158       6804.904       5812.836    0.000  -0.139   0.381   0.
  2017 352 17 29  9 507 352.728582257      -0.47      1.28     -0.35  0.       -3305.284       6805.050       5811.756    0.000  -0.139   0.381   0.
  2017 352 17 29 10 506 352.728593831      -0.59      1.05     -0.43  0.       -3306.409       6805.196       5810.674    0.000  -0.139   0.381   0.
  2017 352 17 29 11 506 352.728605405      -0.27      1.18     -0.37  0.       -3307.534       6805.342       5809.593    0.000  -0.139   0.381   0.
  2017 352 17 29 12 506 352.728616979       0.21      1.53     -0.21  0.       -3308.658       6805.487       5808.511    0.000  -0.139   0.381   0.
  2017 352 17 29 13 506 352.728628553       0.02      1.33     -0.30  0.       -3309.783       6805.632       5807.429    0.000  -0.139   0.381   0.
  2017 352 17 29 14 506 352.728640127      -0.06      1.28     -0.29  0.       -3310.907       6805.776       5806.347    0.000  -0.139   0.381   0.
  2017 352 17 29 15 507 352.728651701      -0.48      0.97     -0.80  0.       -3312.032       6805.920       5805.264    0.000  -0.139   0.381   0.
  2017 352 17 29 16 507 352.728663275      -0.56      1.27     -0.29  0.       -3313.156       6806.064       5804.181    0.000  -0.139   0.381   0.
  2017 352 17 29 17 506 352.728674850      -0.04      1.30     -0.46  0.       -3314.280       6806.208       5803.098    0.000  -0.139   0.381   0.
  2017 352 17 29 18 506 352.728686424      -0.39      0.89     -0.40  0.       -3315.403       6806.351       5802.014    0.000  -0.139   0.381   0.
  2017 352 17 29 19 507 352.728697998       0.18      1.37     -0.23  0.       -3316.527       6806.494       5800.931    0.000  -0.139   0.381   0.
  2017 352 17 29 20 507 352.728709572      -0.04      1.12     -0.77  0.       -3317.650       6806.637       5799.846    0.000  -0.139   0.381   0.
  2017 352 17 29 21 507 352.728721146      -1.93      0.22     -1.55  0.       -3318.774       6806.779       5798.762    0.000  -0.139   0.381   0.
  2017 352 17 29 22 507 352.728732720      -2.91      0.54     -1.77  0.       -3319.897       6806.921       5797.677    0.000  -0.138   0.380   0.
  2017 352 17 29 23 507 352.728744294      -2.56      1.70     -1.20  0.       -3321.020       6807.062       5796.592    0.000  -0.138   0.380   0.
  2017 352 17 29 24 506 352.728755868      -1.02      3.05     -0.33  0.       -3322.143       6807.203       5795.507    0.000  -0.139   0.381   0.
  2017 352 17 29 25 506 352.728767442       0.82      1.77     -0.07  0.       -3323.265       6807.344       5794.422    0.000  -0.139   0.381   0.
  2017 352 17 29 26 506 352.728779016       0.19      1.00     -1.27  0.       -3324.388       6807.485       5793.336    0.000  -0.139   0.381   0.
  2017 352 17 29 27 506 352.728790590      -2.40     -0.83     -1.86  0.       -3325.510       6807.625       5792.250    0.000  -0.139   0.381   0.
  2017 352 17 29 28 506 352.728802164      -2.07      0.14     -2.27  0.       -3326.632       6807.765       5791.164    0.000  -0.139   0.381   0.
  2017 352 17 29 29 507 352.728813738      -0.74      1.19     -1.74  0.       -3327.754       6807.904       5790.077    0.000  -0.139   0.381   0.
  2017 352 17 29 30 507 352.728825313       0.05      2.72     -1.71  0.       -3328.876       6808.043       5788.990    0.000  -0.139   0.381   0.
  2017 352 17 29 31 506 352.728836887       0.74      2.30     -1.85  0.       -3329.997       6808.182       5787.903    0.000  -0.139   0.381   0.
  2017 352 17 29 32 506 352.728848461       0.33      2.38     -1.05  0.       -3331.119       6808.320       5786.815    0.000  -0.139   0.381   0.
  2017 352 17 29 33 507 352.728860035       0.68      1.36     -1.19  0.       -3332.240       6808.459       5785.727    0.000  -0.139   0.381   0.
  2017 352 17 29 34 507 352.728871609      -0.42      0.59     -1.24  0.       -3333.361       6808.596       5784.639    0.000  -0.139   0.381   0.
  2017 352 17 29 35 507 352.728883183      -0.55      1.49     -1.30  0.       -3334.482       6808.734       5783.551    0.000  -0.139   0.381   0.
  2017 352 17 29 36 506 352.728894754      -0.04      2.82     -1.24  0.       -3335.603       6808.871       5782.462    0.000  -0.139   0.381   0.
  2017 352 17 29 37 506 352.728906328       0.65      1.84     -0.83  0.       -3336.724       6809.008       5781.373    0.000  -0.139   0.381   0.
  2017 352 17 29 38 506 352.728917902       0.72      1.21     -1.28  0.       -3337.844       6809.144       5780.284    0.000  -0.139   0.381   0.
  2017 352 17 29 39 506 352.728929476      -0.01      1.06     -1.42  0.       -3338.965       6809.280       5779.195    0.000  -0.139   0.381   0.
  2017 352 17 29 40 506 352.728941050       0.11      1.95     -1.32  0.       -3340.084       6809.416       5778.105    0.000  -0.139   0.381   0.
  2017 352 17 29 41 506 352.728952624       0.56      1.54     -0.47  0.       -3341.204       6809.552       5777.015    0.000  -0.139   0.381   0.
  2017 352 17 29 42 506 352.728964198       0.09      0.99     -0.43  0.       -3342.324       6809.687       5775.924    0.000  -0.139   0.381   0.
  2017 352 17 29 43 506 352.728975773       0.23      1.22     -0.36  0.       -3343.445       6809.822       5774.834    0.000  -0.139   0.381   0.
  2017 352 17 29 44 506 352.728987347       0.20      1.14     -0.45  0.       -3344.564       6809.956       5773.743    0.000  -0.139   0.381   0.
  2017 352 17 29 45 506 352.728998921       0.71      1.31     -0.48  0.       -3345.683       6810.090       5772.652    0.000  -0.139   0.381   0.
  2017 352 17 29 46 506 352.729010495       0.12      0.71     -0.82  0.       -3346.802       6810.224       5771.560    0.000  -0.139   0.381   0.
  2017 352 17 29 47 506 352.729022069      -0.67      0.06     -1.18  0.       -3347.921       6810.357       5770.468    0.000  -0.139   0.381   0.
  2017 352 17 29 48 506 352.729033643      -0.62     -0.09     -1.29  0.       -3349.040       6810.491       5769.376    0.000  -0.139   0.381   0.
  2017 352 17 29 49 506 352.729045217      -0.07      1.17     -0.26  0.       -3350.159       6810.623       5768.284    0.000  -0.139   0.381   0.
  2017 352 17 29 50 506 352.729056791       1.27      2.05     -1.06  0.       -3351.277       6810.756       5767.191    0.000  -0.139   0.381   0.
  2017 352 17 29 51 506 352.729068365      -0.40      0.62     -1.13  0.       -3352.396       6810.888       5766.098    0.000  -0.139   0.381   0.
  2017 352 17 29 52 506 352.729079939      -1.01     -0.07     -1.09  0.       -3353.514       6811.020       5765.005    0.000  -0.139   0.381   0.
  2017 352 17 29 53 506 352.729091513      -0.54      1.34     -1.52  0.       -3354.632       6811.151       5763.912    0.000  -0.139   0.381   0.
  2017 352 17 29 54 506 352.729103087      -0.36      1.86     -1.65  0.       -3355.750       6811.282       5762.818    0.000  -0.139   0.381   0.
  2017 352 17 29 55 506 352.729114661      -0.54      1.56     -1.72  0.       -3356.867       6811.413       5761.724    0.000  -0.139   0.381   0.
  2017 352 17 29 56 506 352.729126236      -0.37      2.14     -1.58  0.       -3357.985       6811.543       5760.629    0.000  -0.139   0.381   0.
  2017 352 17 29 57 506 352.729137810      -0.51      1.31     -0.92  0.       -3359.102       6811.673       5759.535    0.000  -0.139   0.381   0.
  2017 352 17 29 58 506 352.729149384      -0.68      1.24     -1.06  0.       -3360.219       6811.803       5758.440    0.000  -0.139   0.381   0.
  2017 352 17 29 59 506 352.729160958      -0.74      1.04     -0.94  0.       -3361.336       6811.932       5757.345    0.000  -0.139   0.381   0.
  2017 352 17 30  0 506 352.729172532      -0.89      0.98     -0.86  0.       -3362.453       6812.062       5756.249    0.000  -0.139   0.381   0.
  2017 352 17 30  1 506 352.729184106      -0.28      1.39     -0.77  0.       -3363.570       6812.190       5755.153    0.000  -0.139   0.381   0.
  2017 352 17 30  2 506 352.729195680       0.25      1.51     -0.41  0.       -3364.686       6812.319       5754.057    0.000  -0.139   0.381   0.
  2017 352 17 30  3 506 352.729207254       0.55      1.46     -0.22  0.       -3365.803       6812.447       5752.961    0.000  -0.139   0.381   0.
  2017 352 17 30  4 506 352.729218828       0.39      1.16     -0.60  0.       -3366.919       6812.574       5751.864    0.000  -0.139   0.381   0.
  2017 352 17 30  5 506 352.729230401      -0.53      0.63     -1.03  0.       -3368.035       6812.702       5750.767    0.000  -0.139   0.381   0.
  2017 352 17 30  6 506 352.729241973      -1.99      0.60     -1.17  0.       -3369.151       6812.829       5749.670    0.000  -0.139   0.381   0.
  2017 352 17 30  7 506 352.729253547      -1.90      1.64     -1.70  0.       -3370.266       6812.956       5748.573    0.000  -0.139   0.381   0.
  2017 352 17 30  8 506 352.729265122      -2.02      2.60     -2.40  0.       -3371.382       6813.082       5747.475    0.000  -0.139   0.381   0.
  2017 352 17 30  9 506 352.729276696      -1.16      1.50     -1.00  0.       -3372.497       6813.208       5746.377    0.000  -0.139   0.381   0.
  2017 352 17 30 10 506 352.729288270      -0.39      0.98     -0.72  0.       -3373.612       6813.334       5745.278    0.000  -0.139   0.381   0.
  2017 352 17 30 11 506 352.729299844      -0.26      0.93     -0.96  0.       -3374.727       6813.459       5744.180    0.000  -0.139   0.381   0.
  2017 352 17 30 12 506 352.729311418       0.09      1.13     -0.86  0.       -3375.842       6813.584       5743.081    0.000  -0.139   0.381   0.
  2017 352 17 30 13 506 352.729322992      -0.02      0.97     -0.78  0.       -3376.957       6813.709       5741.982    0.000  -0.139   0.381   0.
  2017 352 17 30 14 506 352.729334566      -0.62      0.66     -1.01  0.       -3378.071       6813.833       5740.882    0.000  -0.139   0.381   0.
  2017 352 17 30 15 506 352.729346140      -0.90      1.14     -1.53  0.       -3379.186       6813.957       5739.783    0.000  -0.139   0.381   0.
  2017 352 17 30 16 506 352.729357714      -0.35      1.25     -1.19  0.       -3380.300       6814.081       5738.682    0.000  -0.139   0.381   0.
  2017 352 17 30 17 506 352.729369288      -0.05      1.03     -0.74  0.       -3381.414       6814.204       5737.582    0.000  -0.139   0.381   0.
  2017 352 17 30 18 506 352.729380862       0.09      1.06     -0.76  0.       -3382.528       6814.327       5736.482    0.000  -0.139   0.381   0.
  2017 352 17 30 19 506 352.729392436       0.23      1.01     -0.64  0.       -3383.642       6814.450       5735.381    0.000  -0.139   0.381   0.
  2017 352 17 30 20 506 352.729404010       0.52      1.09     -0.62  0.       -3384.755       6814.572       5734.279    0.000  -0.139   0.381   0.
  2017 352 17 30 21 506 352.729415584       0.36      1.00     -0.96  0.       -3385.868       6814.694       5733.178    0.000  -0.139   0.381   0.
  2017 352 17 30 22 506 352.729427159      -0.22      0.66     -1.06  0.       -3386.981       6814.816       5732.076    0.000  -0.139   0.381   0.
  2017 352 17 30 23 506 352.729438733      -0.47      0.67     -0.91  0.       -3388.095       6814.937       5730.974    0.000  -0.139   0.381   0.
  2017 352 17 30 24 506 352.729450307      -0.42      0.95     -0.83  0.       -3389.207       6815.058       5729.872    0.000  -0.139   0.381   0.
  2017 352 17 30 25 506 352.729461881       0.06      1.50     -0.87  0.       -3390.320       6815.179       5728.769    0.000  -0.139   0.381   0.
  2017 352 17 30 26 506 352.729473455      -0.03      1.45     -1.34  0.       -3391.432       6815.299       5727.666    0.000  -0.139   0.381   0.
  2017 352 17 30 27 506 352.729485029      -0.57      0.96     -1.53  0.       -3392.545       6815.419       5726.563    0.000  -0.139   0.381   0.
  2017 352 17 30 28 506 352.729496603      -0.22      1.16     -1.13  0.       -3393.657       6815.538       5725.460    0.000  -0.139   0.381   0.
  2017 352 17 30 29 506 352.729508177       0.34      1.39     -0.82  0.       -3394.769       6815.658       5724.356    0.000  -0.139   0.381   0.
  2017 352 17 30 30 506 352.729519751       0.66      1.28     -0.63  0.       -3395.881       6815.777       5723.252    0.000  -0.139   0.381   0.
  2017 352 17 30 31 506 352.729531325       0.52      1.35     -0.72  0.       -3396.992       6815.895       5722.148    0.000  -0.139   0.381   0.
  2017 352 17 30 32 506 352.729542899       0.44      1.35     -0.63  0.       -3398.104       6816.014       5721.043    0.000  -0.139   0.381   0.
  2017 352 17 30 33 506 352.729554473       0.53      1.10     -0.69  0.       -3399.215       6816.132       5719.938    0.000  -0.139   0.381   0.
  2017 352 17 30 34 506 352.729566045       0.18      0.73     -0.77  0.       -3400.326       6816.249       5718.833    0.000  -0.139   0.381   0.
  2017 352 17 30 35 506 352.729577619       0.09      0.50     -0.85  0.       -3401.437       6816.366       5717.728    0.000  -0.139   0.381   0.
  2017 352 17 30 36 506 352.729589193      -0.08      0.35     -0.76  0.       -3402.548       6816.483       5716.622    0.000  -0.139   0.381   0.
  2017 352 17 30 37 506 352.729600767       0.24      0.82     -0.41  0.       -3403.659       6816.600       5715.516    0.000  -0.139   0.381   0.
  2017 352 17 30 38 506 352.729612341       0.70      1.05     -0.51  0.       -3404.769       6816.716       5714.410    0.000  -0.139   0.381   0.
  2017 352 17 30 39 506 352.729623915       0.44      0.77     -0.63  0.       -3405.880       6816.832       5713.303    0.000  -0.139   0.381   0.
  2017 352 17 30 40 506 352.729635489       0.50      0.92     -0.56  0.       -3406.990       6816.948       5712.196    0.000  -0.139   0.381   0.
  2017 352 17 30 41 506 352.729647063       0.54      0.98     -0.42  0.       -3408.100       6817.063       5711.089    0.000  -0.139   0.381   0.
  2017 352 17 30 42 506 352.729658637       0.48      0.88     -0.44  0.       -3409.210       6817.178       5709.982    0.000  -0.139   0.381   0.
  2017 352 17 30 43 506 352.729670211       0.30      0.73     -0.72  0.       -3410.319       6817.292       5708.874    0.000  -0.139   0.381   0.
  2017 352 17 30 44 506 352.729681785       0.38      1.01     -0.45  0.       -3411.429       6817.407       5707.766    0.000  -0.139   0.381   0.
  2017 352 17 30 45 506 352.729693359       0.46      1.05     -0.56  0.       -3412.538       6817.520       5706.658    0.000  -0.139   0.381   0.
  2017 352 17 30 46 506 352.729704933       0.41      1.03     -0.73  0.       -3413.647       6817.634       5705.549    0.000  -0.139   0.381   0.
  2017 352 17 30 47 506 352.729716508       0.17      0.75     -0.68  0.       -3414.756       6817.747       5704.440    0.000  -0.139   0.381   0.
  2017 352 17 30 48 506 352.729728082       0.11      0.83     -0.58  0.       -3415.865       6817.860       5703.331    0.000  -0.139   0.381   0.
  2017 352 17 30 49 506 352.729739656       0.27      0.91     -0.69  0.       -3416.973       6817.973       5702.222    0.000  -0.139   0.381   0.
  2017 352 17 30 50 506 352.729751230       0.25      0.89     -0.95  0.       -3418.082       6818.085       5701.112    0.000  -0.139   0.381   0.
  2017 352 17 30 51 506 352.729762804       0.06      0.92     -0.62  0.       -3419.190       6818.197       5700.002    0.000  -0.139   0.381   0.
  2017 352 17 30 52 506 352.729774378       0.19      0.97     -0.73  0.       -3420.298       6818.308       5698.892    0.000  -0.139   0.381   0.
  2017 352 17 30 53 506 352.729785952      -0.01      0.81     -0.77  0.       -3421.406       6818.419       5697.781    0.000  -0.139   0.381   0.
  2017 352 17 30 54 506 352.729797526       0.00      0.92     -1.02  0.       -3422.514       6818.530       5696.670    0.000  -0.139   0.381   0.
  2017 352 17 30 55 506 352.729809100      -0.05      0.81     -1.10  0.       -3423.622       6818.641       5695.559    0.000  -0.139   0.381   0.
  2017 352 17 30 56 506 352.729820674      -0.13      0.91     -0.77  0.       -3424.729       6818.751       5694.448    0.000  -0.139   0.381   0.
  2017 352 17 30 57 506 352.729832248      -0.06      1.00     -0.80  0.       -3425.836       6818.861       5693.336    0.000  -0.139   0.381   0.
  2017 352 17 30 58 506 352.729843822      -0.04      0.98     -0.67  0.       -3426.943       6818.970       5692.224    0.000  -0.139   0.381   0.
  2017 352 17 30 59 506 352.729855396      -0.01      0.94     -0.73  0.       -3428.050       6819.079       5691.112    0.000  -0.139   0.381   0.
  2017 352 17 31  0 506 352.729866971      -0.18      0.90     -0.80  0.       -3429.157       6819.188       5690.000    0.000  -0.139   0.381   0.
  2017 352 17 31  1 506 352.729878545      -0.11      0.85     -0.64  0.       -3430.264       6819.297       5688.887    0.000  -0.139   0.381   0.
  2017 352 17 31  2 506 352.729890119       0.13      0.94     -0.60  0.       -3431.370       6819.405       5687.774    0.000  -0.139   0.381   0.
  2017 352 17 31  3 506 352.729901692       0.19      1.17     -0.62  0.       -3432.476       6819.513       5686.660    0.000  -0.139   0.381   0.
  2017 352 17 31  4 506 352.729913264      -0.30      1.04     -0.86  0.       -3433.582       6819.620       5685.547    0.000  -0.139   0.381   0.
  2017 352 17 31  5 506 352.729924838      -0.81      0.87     -0.86  0.       -3434.688       6819.727       5684.433    0.000  -0.139   0.381   0.
  2017 352 17 31  6 505 352.729936412      -0.67      0.89     -0.68  0.       -3435.794       6819.834       5683.319    0.000  -0.139   0.381   0.
  2017 352 17 31  7 505 352.729947986      -0.29      0.93     -0.57  0.       -3436.900       6819.940       5682.204    0.000  -0.139   0.381   0.
  2017 352 17 31  8 505 352.729959560       0.14      1.28     -0.48  0.       -3438.005       6820.046       5681.089    0.000  -0.139   0.381   0.
  2017 352 17 31  9 505 352.729971134       0.26      1.32     -0.47  0.       -3439.110       6820.152       5679.974    0.000  -0.139   0.381   0.
  2017 352 17 31 10 505 352.729982708      -0.15      0.87     -0.57  0.       -3440.215       6820.258       5678.859    0.000  -0.139   0.381   0.
  2017 352 17 31 11 506 352.729994282      -0.09      1.16     -0.64  0.       -3441.320       6820.363       5677.743    0.000  -0.139   0.381   0.
  2017 352 17 31 12 506 352.730005856      -0.17      1.17     -0.60  0.       -3442.425       6820.468       5676.627    0.000  -0.139   0.381   0.
  2017 352 17 31 13 505 352.730017431      -0.28      0.49     -0.47  0.       -3443.529       6820.572       5675.511    0.000  -0.139   0.381   0.
  2017 352 17 31 14 505 352.730029005       0.30      0.56     -0.46  0.       -3444.634       6820.676       5674.395    0.000  -0.139   0.381   0.
  2017 352 17 31 15 506 352.730040579       0.86      1.21     -0.02  0.       -3445.738       6820.780       5673.278    0.000  -0.139   0.381   0.
  2017 352 17 31 16 506 352.730052153       1.52      1.60     -0.68  0.       -3446.842       6820.883       5672.161    0.000  -0.139   0.381   0.
  2017 352 17 31 17 506 352.730063727      -0.33      0.55     -1.35  0.       -3447.946       6820.986       5671.044    0.000  -0.139   0.381   0.
  2017 352 17 31 18 506 352.730075301      -1.32      0.31     -3.01  0.       -3449.050       6821.089       5669.926    0.000  -0.139   0.381   0.
  2017 352 17 31 19 505 352.730086875      -0.74      2.90     -3.01  0.       -3450.153       6821.191       5668.808    0.000  -0.139   0.381   0.
  2017 352 17 31 20 505 352.730098449      -1.08      3.62     -1.49  0.       -3451.256       6821.293       5667.690    0.000  -0.139   0.381   0.
  2017 352 17 31 21 505 352.730110023      -0.03      2.02     -0.78  0.       -3452.359       6821.395       5666.572    0.000  -0.139   0.381   0.
  2017 352 17 31 22 505 352.730121597       0.22      1.66     -1.29  0.       -3453.462       6821.496       5665.453    0.000  -0.139   0.381   0.
  2017 352 17 31 23 505 352.730133171      -0.84      0.91     -1.31  0.       -3454.565       6821.597       5664.334    0.000  -0.139   0.381   0.
  2017 352 17 31 24 506 352.730144745      -1.99      0.71     -1.13  0.       -3455.668       6821.698       5663.214    0.000  -0.139   0.381   0.
  2017 352 17 31 25 506 352.730156319      -1.65      1.45     -1.21  0.       -3456.770       6821.799       5662.095    0.000  -0.139   0.381   0.
  2017 352 17 31 26 505 352.730167894       0.27      2.70     -1.13  0.       -3457.873       6821.899       5660.975    0.000  -0.139   0.381   0.
  2017 352 17 31 27 505 352.730179468       0.29      3.07     -0.10  0.       -3458.975       6821.998       5659.855    0.000  -0.139   0.381   0.
  2017 352 17 31 28 506 352.730191042       0.47      2.18     -0.68  0.       -3460.077       6822.098       5658.734    0.000  -0.139   0.381   0.
  2017 352 17 31 29 506 352.730202616      -0.11      0.95     -0.63  0.       -3461.179       6822.197       5657.614    0.000  -0.139   0.381   0.
  2017 352 17 31 30 506 352.730214190      -0.24      0.98     -0.69  0.       -3462.280       6822.295       5656.493    0.000  -0.139   0.381   0.
  2017 352 17 31 31 506 352.730225764      -0.17      1.22     -0.59  0.       -3463.382       6822.394       5655.372    0.000  -0.139   0.381   0.
  2017 352 17 31 32 506 352.730237338      -0.23      1.35     -0.32  0.       -3464.483       6822.491       5654.250    0.000  -0.139   0.381   0.
  2017 352 17 31 33 505 352.730248912      -0.32      1.37     -0.25  0.       -3465.584       6822.589       5653.128    0.000  -0.139   0.381   0.
  2017 352 17 31 34 505 352.730260483      -0.13      1.25     -0.30  0.       -3466.685       6822.686       5652.006    0.000  -0.139   0.381   0.
  2017 352 17 31 35 505 352.730272057       0.06      1.17     -0.22  0.       -3467.786       6822.783       5650.884    0.000  -0.139   0.381   0.
  2017 352 17 31 36 505 352.730283631      -0.02      1.15     -0.51  0.       -3468.886       6822.880       5649.761    0.000  -0.139   0.381   0.
  2017 352 17 31 37 505 352.730295205      -0.21      0.90     -0.82  0.       -3469.987       6822.976       5648.638    0.000  -0.139   0.381   0.
  2017 352 17 31 38 505 352.730306780      -0.52      0.93     -0.74  0.       -3471.087       6823.073       5647.515    0.000  -0.139   0.381   0.
  2017 352 17 31 39 505 352.730318354      -0.30      1.18     -0.53  0.       -3472.187       6823.168       5646.391    0.000  -0.139   0.381   0.
  2017 352 17 31 40 505 352.730329928       0.13      1.32     -0.22  0.       -3473.287       6823.263       5645.268    0.000  -0.139   0.381   0.
  2017 352 17 31 41 505 352.730341502       0.34      1.47     -0.05  0.       -3474.387       6823.358       5644.144    0.000  -0.139   0.381   0.
  2017 352 17 31 42 505 352.730353076       0.21      1.26     -0.39  0.       -3475.486       6823.453       5643.019    0.000  -0.139   0.381   0.
  2017 352 17 31 43 505 352.730364650      -0.04      0.97     -0.86  0.       -3476.586       6823.547       5641.895    0.000  -0.139   0.381   0.
  2017 352 17 31 44 505 352.730376224      -0.45      0.62     -0.92  0.       -3477.685       6823.641       5640.770    0.000  -0.139   0.381   0.
  2017 352 17 31 45 505 352.730387798      -0.29      0.77     -0.65  0.       -3478.784       6823.734       5639.644    0.000  -0.139   0.381   0.
  2017 352 17 31 46 505 352.730399372       0.13      1.16     -0.15  0.       -3479.883       6823.828       5638.519    0.000  -0.139   0.381   0.
  2017 352 17 31 47 505 352.730410946       0.98      1.68     -0.12  0.       -3480.981       6823.920       5637.393    0.000  -0.139   0.381   0.
  2017 352 17 31 48 505 352.730422520       0.48      1.18     -0.53  0.       -3482.080       6824.013       5636.267    0.000  -0.139   0.381   0.
  2017 352 17 31 49 505 352.730434094       0.19      0.84     -0.66  0.       -3483.178       6824.105       5635.141    0.000  -0.139   0.381   0.
  2017 352 17 31 50 505 352.730445668      -0.04      1.08     -0.25  0.       -3484.276       6824.197       5634.014    0.000  -0.139   0.381   0.
  2017 352 17 31 51 505 352.730457242       0.69      1.22     -0.65  0.       -3485.374       6824.289       5632.887    0.000  -0.139   0.381   0.
  2017 352 17 31 52 505 352.730468817      -0.33      0.61     -1.41  0.       -3486.472       6824.380       5631.760    0.000  -0.139   0.381   0.
  2017 352 17 31 53 505 352.730480391      -1.82      0.45     -1.81  0.       -3487.570       6824.471       5630.633    0.000  -0.139   0.381   0.
  2017 352 17 31 54 505 352.730491965      -1.71      0.79     -1.74  0.       -3488.667       6824.561       5629.505    0.000  -0.139   0.381   0.
  2017 352 17 31 55 505 352.730503539      -0.35      2.60     -1.24  0.       -3489.765       6824.651       5628.377    0.000  -0.139   0.381   0.
  2017 352 17 31 56 505 352.730515113       0.14      2.79     -0.71  0.       -3490.862       6824.741       5627.249    0.000  -0.139   0.381   0.
  2017 352 17 31 57 505 352.730526687      -1.16      0.17     -1.37  0.       -3491.959       6824.831       5626.120    0.000  -0.139   0.381   0.
  2017 352 17 31 58 505 352.730538261      -1.47      0.80     -1.73  0.       -3493.055       6824.920       5624.991    0.000  -0.139   0.381   0.
  2017 352 17 31 59 505 352.730549835      -1.11      1.64     -1.37  0.       -3494.152       6825.009       5623.862    0.000  -0.139   0.381   0.
  2017 352 17 32  0 505 352.730561409      -0.30      1.85     -0.16  0.       -3495.248       6825.097       5622.733    0.000  -0.139   0.381   0.
  2017 352 17 32  1 505 352.730572983       1.06      2.23      0.02  0.       -3496.345       6825.185       5621.603    0.000  -0.139   0.381   0.
  2017 352 17 32  2 505 352.730584557       0.60      1.51     -0.57  0.       -3497.441       6825.273       5620.473    0.000  -0.139   0.381   0.
  2017 352 17 32  3 505 352.730596131      -1.58      0.61     -0.37  0.       -3498.537       6825.360       5619.343    0.000  -0.139   0.381   0.
  2017 352 17 32  4 505 352.730607703      -2.39      1.78     -0.99  0.       -3499.632       6825.448       5618.213    0.000  -0.139   0.381   0.
  2017 352 17 32  5 505 352.730619277      -1.39      2.30     -0.79  0.       -3500.728       6825.534       5617.082    0.000  -0.139   0.381   0.
  2017 352 17 32  6 505 352.730630851      -0.33      1.21     -0.09  0.       -3501.823       6825.621       5615.951    0.000  -0.139   0.381   0.
  2017 352 17 32  7 505 352.730642425      -0.13      1.20     -0.24  0.       -3502.919       6825.707       5614.819    0.000  -0.139   0.381   0.
  2017 352 17 32  8 505 352.730653999      -0.24      1.13     -0.45  0.       -3504.014       6825.793       5613.688    0.000  -0.139   0.381   0.
  2017 352 17 32  9 505 352.730665573      -0.07      1.35     -0.46  0.       -3505.108       6825.878       5612.556    0.000  -0.139   0.381   0.
  2017 352 17 32 10 505 352.730677147       0.33      1.67     -0.74  0.       -3506.203       6825.963       5611.424    0.000  -0.139   0.381   0.
  2017 352 17 32 11 505 352.730688721      -0.36      1.18     -0.93  0.       -3507.298       6826.048       5610.291    0.000  -0.139   0.381   0.
  2017 352 17 32 12 505 352.730700295      -0.97      0.73     -1.44  0.       -3508.392       6826.132       5609.158    0.000  -0.139   0.381   0.
  2017 352 17 32 13 505 352.730711869      -1.27      1.61     -1.35  0.       -3509.486       6826.216       5608.025    0.000  -0.139   0.381   0.
  2017 352 17 32 14 505 352.730723443      -0.76      2.54     -0.88  0.       -3510.580       6826.300       5606.892    0.000  -0.139   0.381   0.
  2017 352 17 32 15 505 352.730735017      -0.58      0.92     -0.92  0.       -3511.674       6826.383       5605.758    0.000  -0.139   0.381   0.
  2017 352 17 32 16 505 352.730746591      -0.92      0.96     -0.96  0.       -3512.768       6826.466       5604.625    0.000  -0.139   0.381   0.
  2017 352 17 32 17 505 352.730758165      -0.20      1.29     -0.38  0.       -3513.861       6826.549       5603.490    0.000  -0.139   0.381   0.
  2017 352 17 32 18 505 352.730769740       0.24      2.15      0.21  0.       -3514.954       6826.631       5602.356    0.000  -0.139   0.381   0.
  2017 352 17 32 19 505 352.730781314      -0.34      2.11     -0.36  0.       -3516.047       6826.713       5601.221    0.000  -0.139   0.381   0.
  2017 352 17 32 20 505 352.730792888      -1.24      0.90     -0.22  0.       -3517.140       6826.795       5600.086    0.000  -0.139   0.381   0.
  2017 352 17 32 21 505 352.730804462      -0.56      1.85     -0.17  0.       -3518.233       6826.877       5598.951    0.000  -0.139   0.381   0.
  2017 352 17 32 22 505 352.730816036      -0.51      1.56     -0.44  0.       -3519.326       6826.957       5597.815    0.000  -0.139   0.381   0.
  2017 352 17 32 23 505 352.730827610      -0.80      0.93     -1.00  0.       -3520.418       6827.038       5596.679    0.000  -0.139   0.381   0.
  2017 352 17 32 24 505 352.730839184      -1.16      1.17     -1.28  0.       -3521.510       6827.119       5595.544    0.000  -0.139   0.381   0.
  2017 352 17 32 25 505 352.730850758      -1.87      0.48     -1.27  0.       -3522.602       6827.198       5594.407    0.000  -0.139   0.381   0.
  2017 352 17 32 26 505 352.730862332      -0.53      1.67     -1.88  0.       -3523.694       6827.278       5593.270    0.000  -0.139   0.381   0.
  2017 352 17 32 27 505 352.730873906      -0.24      2.87     -1.14  0.       -3524.786       6827.357       5592.133    0.000  -0.139   0.381   0.
  2017 352 17 32 28 505 352.730885480      -0.44      2.84     -0.49  0.       -3525.877       6827.436       5590.996    0.000  -0.139   0.381   0.
  2017 352 17 32 29 505 352.730897054       0.10      3.50     -1.05  0.       -3526.969       6827.515       5589.859    0.000  -0.139   0.381   0.
  2017 352 17 32 30 505 352.730908629      -0.01      2.95     -0.57  0.       -3528.060       6827.593       5588.721    0.000  -0.139   0.381   0.
  2017 352 17 32 31 505 352.730920202      -0.73      1.74     -0.43  0.       -3529.151       6827.671       5587.583    0.000  -0.139   0.381   0.
  2017 352 17 32 32 505 352.730931774      -0.67      1.40     -0.54  0.       -3530.242       6827.749       5586.445    0.000  -0.138   0.380   0.
  2017 352 17 32 33 505 352.730943348       0.02      1.85     -0.50  0.       -3531.332       6827.826       5585.306    0.000  -0.138   0.380   0.
  2017 352 17 32 34 505 352.730954922      -0.31      1.22     -1.05  0.       -3532.423       6827.903       5584.167    0.000  -0.139   0.381   0.
  2017 352 17 32 35 505 352.730966496      -1.26      0.45     -1.74  0.       -3533.513       6827.979       5583.028    0.000  -0.139   0.381   0.
  2017 352 17 32 36 505 352.730978070      -1.93      0.43     -2.63  0.       -3534.603       6828.056       5581.888    0.000  -0.139   0.381   0.
  2017 352 17 32 37 505 352.730989644      -1.67      1.62     -2.35  0.       -3535.693       6828.131       5580.749    0.000  -0.139   0.381   0.
  2017 352 17 32 38 505 352.731001218      -0.77      3.23     -2.74  0.       -3536.783       6828.207       5579.609    0.000  -0.139   0.381   0.
  2017 352 17 32 39 505 352.731012792      -0.34      1.41     -2.47  0.       -3537.873       6828.282       5578.468    0.000  -0.139   0.381   0.
  2017 352 17 32 40 505 352.731024366      -0.90     -0.95     -3.44  0.       -3538.962       6828.357       5577.328    0.000  -0.139   0.381   0.
  2017 352 17 32 41 505 352.731035940      -1.21     -0.55     -3.01  0.       -3540.051       6828.432       5576.187    0.000  -0.139   0.381   0.
  2017 352 17 32 42 505 352.731047514      -0.59      1.51     -2.47  0.       -3541.140       6828.506       5575.046    0.000  -0.139   0.381   0.
  2017 352 17 32 43 505 352.731059089       0.21      3.08     -1.73  0.       -3542.229       6828.580       5573.904    0.000  -0.139   0.381   0.
  2017 352 17 32 44 505 352.731070663      -0.08      4.03     -0.98  0.       -3543.318       6828.653       5572.763    0.000  -0.139   0.381   0.
  2017 352 17 32 45 505 352.731082237      -0.72      2.03     -0.14  0.       -3544.407       6828.726       5571.621    0.000  -0.139   0.381   0.
  2017 352 17 32 46 505 352.731093811      -0.32      1.61     -0.29  0.       -3545.495       6828.799       5570.478    0.000  -0.139   0.381   0.
  2017 352 17 32 47 505 352.731105385       0.11      1.52     -0.39  0.       -3546.583       6828.872       5569.336    0.000  -0.139   0.381   0.
  2017 352 17 32 48 505 352.731116959       0.19      1.29     -0.59  0.       -3547.671       6828.944       5568.193    0.000  -0.139   0.381   0.
  2017 352 17 32 49 505 352.731128533      -0.30      0.93     -0.36  0.       -3548.759       6829.015       5567.050    0.000  -0.139   0.381   0.
  2017 352 17 32 50 505 352.731140107       0.01      0.96     -0.97  0.       -3549.846       6829.087       5565.907    0.000  -0.139   0.381   0.
  2017 352 17 32 51 505 352.731151681      -0.12      0.93     -1.17  0.       -3550.934       6829.158       5564.763    0.000  -0.139   0.381   0.
  2017 352 17 32 52 505 352.731163255      -1.52      1.88     -0.92  0.       -3552.021       6829.229       5563.619    0.000  -0.139   0.381   0.
  2017 352 17 32 53 505 352.731174829       0.04      2.94     -1.56  0.       -3553.108       6829.299       5562.475    0.000  -0.139   0.381   0.
  2017 352 17 32 54 505 352.731186403       0.49      3.27     -1.60  0.       -3554.195       6829.369       5561.330    0.000  -0.139   0.381   0.
  2017 352 17 32 55 505 352.731197977       0.00      1.68     -1.08  0.       -3555.282       6829.439       5560.186    0.000  -0.139   0.381   0.
  2017 352 17 32 56 505 352.731209552      -0.52      1.22     -0.84  0.       -3556.369       6829.508       5559.041    0.000  -0.139   0.381   0.
  2017 352 17 32 57 505 352.731221126      -0.61      1.40     -0.96  0.       -3557.455       6829.578       5557.895    0.000  -0.139   0.381   0.
  2017 352 17 32 58 505 352.731232700      -1.14      0.94     -1.35  0.       -3558.541       6829.646       5556.750    0.000  -0.139   0.381   0.
  2017 352 17 32 59 505 352.731244274      -0.91      1.07     -1.22  0.       -3559.627       6829.715       5555.604    0.000  -0.139   0.381   0.
  2017 352 17 33  0 505 352.731255848      -0.45      1.00     -1.20  0.       -3560.713       6829.783       5554.458    0.000  -0.139   0.381   0.
  2017 352 17 33  1 505 352.731267421      -1.58      1.58     -1.49  0.       -3561.799       6829.850       5553.311    0.000  -0.139   0.381   0.
  2017 352 17 33  2 504 352.731278993      -0.74      1.70     -0.43  0.       -3562.884       6829.918       5552.165    0.000  -0.139   0.381   0.
  2017 352 17 33  3 504 352.731290567      -0.04      2.96     -1.21  0.       -3563.970       6829.985       5551.018    0.000  -0.139   0.381   0.
  2017 352 17 33  4 504 352.731302141      -0.47      0.73     -1.37  0.       -3565.055       6830.051       5549.870    0.000  -0.139   0.381   0.
  2017 352 17 33  5 504 352.731313715      -1.15     -0.84     -0.83  0.       -3566.140       6830.118       5548.723    0.000  -0.139   0.381   0.
  2017 352 17 33  6 504 352.731325289       0.49      1.26     -0.24  0.       -3567.225       6830.184       5547.575    0.000  -0.139   0.381   0.
  2017 352 17 33  7 505 352.731336863       1.68      2.44      0.35  0.       -3568.309       6830.249       5546.427    0.000  -0.139   0.381   0.
  2017 352 17 33  8 505 352.731348438       1.29      1.80     -0.64  0.       -3569.394       6830.315       5545.279    0.000  -0.139   0.381   0.
  2017 352 17 33  9 504 352.731360012      -1.30      0.55     -1.15  0.       -3570.478       6830.380       5544.130    0.000  -0.139   0.381   0.
  2017 352 17 33 10 505 352.731371586      -1.77      0.20     -2.32  0.       -3571.562       6830.444       5542.981    0.000  -0.139   0.381   0.
  2017 352 17 33 11 505 352.731383160      -0.59      0.60     -2.50  0.       -3572.646       6830.509       5541.832    0.000  -0.139   0.381   0.
  2017 352 17 33 12 505 352.731394734       0.16      2.07     -1.55  0.       -3573.730       6830.572       5540.682    0.000  -0.139   0.381   0.
  2017 352 17 33 13 505 352.731406308       0.37      2.97     -0.50  0.       -3574.813       6830.636       5539.533    0.000  -0.139   0.381   0.
  2017 352 17 33 14 505 352.731417882       0.54      3.66     -0.02  0.       -3575.897       6830.699       5538.383    0.000  -0.139   0.381   0.
  2017 352 17 33 15 504 352.731429456      -0.89      2.50      0.22  0.       -3576.980       6830.762       5537.232    0.000  -0.139   0.381   0.
  2017 352 17 33 16 504 352.731441030      -0.88      1.89      0.09  0.       -3578.063       6830.825       5536.082    0.000  -0.139   0.381   0.
  2017 352 17 33 17 504 352.731452604      -0.12      1.58     -0.61  0.       -3579.146       6830.887       5534.931    0.000  -0.139   0.381   0.
  2017 352 17 33 18 504 352.731464178      -0.07      1.64     -0.91  0.       -3580.228       6830.949       5533.780    0.000  -0.139   0.381   0.
  2017 352 17 33 19 504 352.731475752      -0.54      1.43     -1.41  0.       -3581.311       6831.010       5532.628    0.000  -0.139   0.381   0.
  2017 352 17 33 20 505 352.731487326      -1.60      1.23     -2.09  0.       -3582.393       6831.072       5531.477    0.000  -0.139   0.381   0.
  2017 352 17 33 21 505 352.731498900      -1.30      1.40     -3.34  0.       -3583.475       6831.133       5530.325    0.000  -0.139   0.381   0.
  2017 352 17 33 22 504 352.731510475      -0.99      2.64     -3.00  0.       -3584.557       6831.193       5529.172    0.000  -0.139   0.381   0.
  2017 352 17 33 23 504 352.731522049      -0.69      1.94     -1.73  0.       -3585.639       6831.253       5528.020    0.000  -0.139   0.381   0.
  2017 352 17 33 24 505 352.731533623      -1.19      1.23     -2.08  0.       -3586.720       6831.313       5526.867    0.000  -0.139   0.381   0.
  2017 352 17 33 25 505 352.731545197      -1.63      1.26     -3.47  0.       -3587.802       6831.373       5525.714    0.000  -0.139   0.381   0.
  2017 352 17 33 26 505 352.731556771      -2.01      1.55     -4.99  0.       -3588.883       6831.432       5524.561    0.000  -0.139   0.381   0.
  2017 352 17 33 27 505 352.731568345      -2.12      2.24     -4.75  0.       -3589.964       6831.490       5523.407    0.000  -0.139   0.381   0.
  2017 352 17 33 28 505 352.731579919      -1.39      2.09     -4.31  0.       -3591.045       6831.549       5522.253    0.000  -0.139   0.381   0.
  2017 352 17 33 29 504 352.731591493      -0.72      2.66     -2.49  0.       -3592.126       6831.607       5521.099    0.000  -0.139   0.381   0.
  2017 352 17 33 30 504 352.731603064       0.47      1.66     -0.32  0.       -3593.206       6831.665       5519.944    0.000  -0.139   0.381   0.
  2017 352 17 33 31 504 352.731614638       0.19      1.67      0.33  0.       -3594.286       6831.722       5518.790    0.000  -0.139   0.381   0.
  2017 352 17 33 32 504 352.731626212      -1.19      1.49     -0.04  0.       -3595.367       6831.779       5517.635    0.000  -0.139   0.381   0.
  2017 352 17 33 33 504 352.731637786       0.66      1.30     -2.14  0.       -3596.446       6831.836       5516.479    0.000  -0.139   0.381   0.
  2017 352 17 33 34 504 352.731649361       0.52      2.63     -2.22  0.       -3597.526       6831.893       5515.324    0.000  -0.139   0.381   0.
  2017 352 17 33 35 504 352.731660935      -0.33      2.87     -1.84  0.       -3598.606       6831.949       5514.168    0.000  -0.139   0.381   0.
  2017 352 17 33 36 504 352.731672509      -0.50      1.80     -1.21  0.       -3599.685       6832.004       5513.012    0.000  -0.139   0.381   0.
  2017 352 17 33 37 504 352.731684083      -0.50      1.38     -0.16  0.       -3600.764       6832.060       5511.856    0.000  -0.139   0.381   0.
  2017 352 17 33 38 504 352.731695657       0.43      0.72      0.56  0.       -3601.843       6832.115       5510.699    0.000  -0.139   0.381   0.
  2017 352 17 33 39 504 352.731707231       0.52      0.64      1.05  0.       -3602.922       6832.170       5509.542    0.000  -0.139   0.381   0.
  2017 352 17 33 40 504 352.731718805       1.40      1.59      1.10  0.       -3604.001       6832.224       5508.385    0.000  -0.139   0.381   0.
  2017 352 17 33 41 504 352.731730379       0.29      1.46     -0.50  0.       -3605.080       6832.278       5507.227    0.000  -0.139   0.381   0.
  2017 352 17 33 42 504 352.731741953      -2.06      0.63     -0.97  0.       -3606.158       6832.332       5506.069    0.000  -0.139   0.381   0.
  2017 352 17 33 43 504 352.731753527      -1.20      0.60     -1.57  0.       -3607.236       6832.385       5504.911    0.000  -0.139   0.381   0.
  2017 352 17 33 44 504 352.731765101       0.36      1.12     -1.09  0.       -3608.314       6832.438       5503.753    0.000  -0.139   0.381   0.
  2017 352 17 33 45 504 352.731776675       1.21      2.37     -0.77  0.       -3609.392       6832.491       5502.594    0.000  -0.139   0.381   0.
  2017 352 17 33 46 504 352.731788249       1.45      2.26     -0.32  0.       -3610.469       6832.543       5501.435    0.000  -0.139   0.381   0.
  2017 352 17 33 47 504 352.731799823       1.54      2.11      0.60  0.       -3611.547       6832.595       5500.276    0.000  -0.139   0.381   0.
  2017 352 17 33 48 504 352.731811398       1.80      2.02      0.04  0.       -3612.624       6832.647       5499.117    0.000  -0.139   0.381   0.
  2017 352 17 33 49 504 352.731822972       1.70      1.93     -0.61  0.       -3613.701       6832.698       5497.957    0.000  -0.139   0.381   0.
  2017 352 17 33 50 504 352.731834546       1.14      2.16     -0.52  0.       -3614.778       6832.749       5496.797    0.000  -0.139   0.381   0.
  2017 352 17 33 51 504 352.731846120       0.21      1.98     -0.79  0.       -3615.855       6832.799       5495.637    0.000  -0.139   0.381   0.
  2017 352 17 33 52 504 352.731857694      -1.66      1.62     -0.32  0.       -3616.931       6832.850       5494.476    0.000  -0.139   0.381   0.
  2017 352 17 33 53 504 352.731869268      -1.82      1.55      0.50  0.       -3618.008       6832.899       5493.316    0.000  -0.139   0.381   0.
  2017 352 17 33 54 504 352.731880842       0.31      2.44     -1.28  0.       -3619.084       6832.949       5492.154    0.000  -0.139   0.381   0.
  2017 352 17 33 55 504 352.731892416       0.24      2.83     -1.58  0.       -3620.160       6832.998       5490.993    0.000  -0.139   0.381   0.
  2017 352 17 33 56 504 352.731903990       0.30      3.40     -0.94  0.       -3621.235       6833.047       5489.831    0.000  -0.139   0.381   0.
  2017 352 17 33 57 504 352.731915564       0.22      2.87     -1.77  0.       -3622.311       6833.096       5488.670    0.000  -0.139   0.381   0.
  2017 352 17 33 58 504 352.731927138      -0.55      1.37     -2.98  0.       -3623.387       6833.144       5487.507    0.000  -0.139   0.381   0.
  2017 352 17 33 59 504 352.731938712      -1.64      0.15     -2.43  0.       -3624.462       6833.192       5486.345    0.000  -0.139   0.381   0.
  2017 352 17 34  0 504 352.731950284      -1.86      0.78     -1.22  0.       -3625.537       6833.239       5485.182    0.000  -0.139   0.381   0.
  2017 352 17 34  1 504 352.731961858      -1.19      1.65     -0.60  0.       -3626.612       6833.286       5484.019    0.000  -0.139   0.381   0.
  2017 352 17 34  2 504 352.731973432      -0.77      4.18     -0.48  0.       -3627.686       6833.333       5482.856    0.000  -0.139   0.381   0.
  2017 352 17 34  3 504 352.731985006       0.24      6.79     -1.78  0.       -3628.761       6833.380       5481.692    0.000  -0.139   0.381   0.
  2017 352 17 34  4 504 352.731996580      -0.10      3.04     -2.92  0.       -3629.835       6833.426       5480.528    0.000  -0.139   0.381   0.
  2017 352 17 34  5 504 352.732008154      -1.37      0.77     -3.38  0.       -3630.909       6833.472       5479.364    0.000  -0.139   0.381   0.
  2017 352 17 34  6 504 352.732019728      -1.67      1.64     -3.63  0.       -3631.983       6833.517       5478.200    0.000  -0.138   0.380   0.
  2017 352 17 34  7 504 352.732031302      -2.04      3.66     -2.95  0.       -3633.057       6833.562       5477.035    0.000  -0.138   0.380   0.
  2017 352 17 34  8 504 352.732042876      -1.89      4.01     -2.74  0.       -3634.131       6833.607       5475.870    0.000  -0.139   0.381   0.
  2017 352 17 34  9 504 352.732054450      -1.43      2.62     -1.86  0.       -3635.204       6833.651       5474.705    0.000  -0.139   0.381   0.
  2017 352 17 34 10 504 352.732066024      -0.05      2.90     -1.35  0.       -3636.278       6833.695       5473.540    0.000  -0.139   0.381   0.
  2017 352 17 34 11 504 352.732077598       1.27      2.47     -0.71  0.       -3637.351       6833.739       5472.374    0.000  -0.139   0.381   0.
  2017 352 17 34 12 504 352.732089172       0.68      2.20     -1.92  0.       -3638.423       6833.783       5471.208    0.000  -0.139   0.381   0.
  2017 352 17 34 13 504 352.732100747      -1.48      0.95     -3.92  0.       -3639.496       6833.826       5470.041    0.000  -0.139   0.381   0.
  2017 352 17 34 14 504 352.732112321      -1.09      1.78     -2.74  0.       -3640.569       6833.868       5468.875    0.000  -0.139   0.381   0.
  2017 352 17 34 15 504 352.732123895      -0.80      2.77     -1.65  0.       -3641.641       6833.911       5467.708    0.000  -0.139   0.381   0.
  2017 352 17 34 16 504 352.732135469      -1.20      2.82     -2.95  0.       -3642.713       6833.953       5466.541    0.000  -0.139   0.381   0.
  2017 352 17 34 17 504 352.732147043      -2.30      1.20     -2.88  0.       -3643.785       6833.994       5465.373    0.000  -0.139   0.381   0.
  2017 352 17 34 18 504 352.732158617      -1.60      0.07     -2.69  0.       -3644.857       6834.036       5464.206    0.000  -0.139   0.381   0.
  2017 352 17 34 19 504 352.732170191      -0.21      0.49     -1.88  0.       -3645.928       6834.077       5463.038    0.000  -0.139   0.381   0.
  2017 352 17 34 20 504 352.732181765      -0.67      1.24     -2.10  0.       -3647.000       6834.117       5461.869    0.000  -0.139   0.381   0.
  2017 352 17 34 21 504 352.732193339      -0.51      2.07     -1.92  0.       -3648.071       6834.157       5460.701    0.000  -0.139   0.381   0.
  2017 352 17 34 22 504 352.732204913      -0.60      4.07     -3.37  0.       -3649.142       6834.198       5459.532    0.000  -0.138   0.380   0.
  2017 352 17 34 23 504 352.732216487      -2.88      4.52     -3.22  0.       -3650.213       6834.237       5458.363    0.000  -0.138   0.380   0.
  2017 352 17 34 24 504 352.732228061      -3.61      2.77     -3.62  0.       -3651.284       6834.276       5457.194    0.000  -0.139   0.381   0.
  2017 352 17 34 25 504 352.732239635      -2.13      1.03     -2.52  0.       -3652.354       6834.315       5456.024    0.000  -0.139   0.381   0.
  2017 352 17 34 26 504 352.732251210      -0.24      2.10     -2.31  0.       -3653.424       6834.354       5454.854    0.000  -0.139   0.381   0.
  2017 352 17 34 27 504 352.732262783      -0.98      2.79     -1.42  0.       -3654.495       6834.392       5453.684    0.000  -0.139   0.381   0.
  2017 352 17 34 28 504 352.732274355      -0.73      3.16     -0.62  0.       -3655.565       6834.430       5452.513    0.000  -0.139   0.381   0.
  2017 352 17 34 29 504 352.732285929       0.14      3.21     -1.26  0.       -3656.634       6834.467       5451.343    0.000  -0.139   0.381   0.
  2017 352 17 34 30 504 352.732297503       1.10      3.60     -1.78  0.       -3657.704       6834.505       5450.172    0.000  -0.139   0.381   0.
  2017 352 17 34 31 504 352.732309077       0.69      4.59     -0.81  0.       -3658.773       6834.542       5449.000    0.000  -0.139   0.381   0.
  2017 352 17 34 32 504 352.732320651       0.16      4.34      0.14  0.       -3659.843       6834.578       5447.829    0.000  -0.138   0.380   0.
  2017 352 17 34 33 504 352.732332225       0.75      3.87     -0.16  0.       -3660.912       6834.614       5446.657    0.000  -0.138   0.380   0.
  2017 352 17 34 34 504 352.732343799       0.72      2.83     -0.98  0.       -3661.980       6834.650       5445.485    0.000  -0.139   0.381   0.
  2017 352 17 34 35 504 352.732355373      -1.67      1.93     -1.29  0.       -3663.049       6834.686       5444.313    0.000  -0.139   0.381   0.
  2017 352 17 34 36 504 352.732366947      -2.27      0.76     -2.34  0.       -3664.117       6834.721       5443.140    0.000  -0.139   0.381   0.
  2017 352 17 34 37 504 352.732378521      -0.67      1.07     -2.80  0.       -3665.186       6834.756       5441.967    0.000  -0.139   0.381   0.
  2017 352 17 34 38 504 352.732390095       0.35      2.09     -1.36  0.       -3666.254       6834.790       5440.794    0.000  -0.139   0.381   0.
  2017 352 17 34 39 504 352.732401670       0.85      2.10      0.50  0.       -3667.322       6834.824       5439.620    0.000  -0.139   0.381   0.
  2017 352 17 34 40 504 352.732413244       1.46      2.25      0.46  0.       -3668.390       6834.858       5438.447    0.000  -0.139   0.381   0.
  2017 352 17 34 41 504 352.732424818      -0.63      1.14     -1.72  0.       -3669.457       6834.891       5437.273    0.000  -0.139   0.381   0.
  2017 352 17 34 42 504 352.732436392      -1.56      0.73     -3.43  0.       -3670.524       6834.924       5436.098    0.000  -0.139   0.381   0.
  2017 352 17 34 43 504 352.732447966      -1.51      1.10     -3.84  0.       -3671.592       6834.957       5434.924    0.000  -0.139   0.381   0.
  2017 352 17 34 44 504 352.732459540      -0.91      1.71     -3.73  0.       -3672.659       6834.989       5433.749    0.000  -0.139   0.381   0.
  2017 352 17 34 45 504 352.732471114      -1.34      2.25     -3.57  0.       -3673.725       6835.022       5432.574    0.000  -0.139   0.381   0.
  2017 352 17 34 46 504 352.732482688      -1.78      2.54     -2.39  0.       -3674.792       6835.053       5431.399    0.000  -0.138   0.380   0.
  2017 352 17 34 47 504 352.732494262      -1.93      2.26     -0.30  0.       -3675.858       6835.084       5430.223    0.000  -0.138   0.380   0.
  2017 352 17 34 48 504 352.732505836      -1.00      2.65     -1.35  0.       -3676.925       6835.116       5429.047    0.000  -0.139   0.381   0.
  2017 352 17 34 49 504 352.732517410      -0.03      3.52     -2.20  0.       -3677.991       6835.146       5427.871    0.000  -0.139   0.381   0.
  2017 352 17 34 50 504 352.732528984      -0.50      4.11     -1.11  0.       -3679.057       6835.177       5426.694    0.000  -0.139   0.381   0.
  2017 352 17 34 51 504 352.732540558      -0.95      3.11     -0.67  0.       -3680.122       6835.207       5425.517    0.000  -0.139   0.381   0.
  2017 352 17 34 52 504 352.732552133      -1.34      2.23     -1.77  0.       -3681.188       6835.236       5424.340    0.000  -0.139   0.381   0.
  2017 352 17 34 53 504 352.732563707      -1.19      1.83     -3.14  0.       -3682.253       6835.266       5423.163    0.000  -0.139   0.381   0.
  2017 352 17 34 54 504 352.732575281      -1.35      1.32     -3.72  0.       -3683.318       6835.294       5421.986    0.000  -0.139   0.381   0.
  2017 352 17 34 55 504 352.732586855      -0.13      1.59     -2.99  0.       -3684.383       6835.323       5420.808    0.000  -0.139   0.381   0.
  2017 352 17 34 56 504 352.732598429      -0.74      2.27     -1.81  0.       -3685.448       6835.351       5419.630    0.000  -0.139   0.381   0.
  2017 352 17 34 57 504 352.732610002      -0.98      1.78     -1.60  0.       -3686.513       6835.379       5418.451    0.000  -0.139   0.381   0.
  2017 352 17 34 58 503 352.732621574      -0.78      1.67     -1.30  0.       -3687.577       6835.407       5417.273    0.000  -0.139   0.381   0.
  2017 352 17 34 59 503 352.732633148      -1.33      3.14     -1.50  0.       -3688.641       6835.434       5416.094    0.000  -0.139   0.381   0.
  2017 352 17 35  0 503 352.732644722      -1.15      4.24     -3.33  0.       -3689.705       6835.461       5414.914    0.000  -0.139   0.381   0.
  2017 352 17 35  1 503 352.732656296      -0.50      3.37     -3.26  0.       -3690.769       6835.487       5413.735    0.000  -0.139   0.381   0.
  2017 352 17 35  2 504 352.732667870      -0.02      3.43     -3.13  0.       -3691.833       6835.514       5412.555    0.000  -0.139   0.381   0.
  2017 352 17 35  3 504 352.732679444       0.72      3.43     -2.89  0.       -3692.896       6835.539       5411.375    0.000  -0.139   0.381   0.
  2017 352 17 35  4 503 352.732691019       1.41      3.33     -2.11  0.       -3693.959       6835.565       5410.195    0.000  -0.139   0.381   0.
  2017 352 17 35  5 503 352.732702593       1.96      4.24     -2.27  0.       -3695.023       6835.590       5409.014    0.000  -0.139   0.381   0.
  2017 352 17 35  6 504 352.732714167       0.95      3.55     -1.28  0.       -3696.086       6835.615       5407.833    0.000  -0.138   0.380   0.
  2017 352 17 35  7 504 352.732725741       0.19      3.57     -2.41  0.       -3697.148       6835.639       5406.652    0.000  -0.138   0.380   0.
  2017 352 17 35  8 504 352.732737315      -1.01      3.42     -3.18  0.       -3698.211       6835.664       5405.471    0.000  -0.139   0.381   0.
  2017 352 17 35  9 504 352.732748889      -1.84      1.25     -3.36  0.       -3699.273       6835.687       5404.289    0.000  -0.139   0.381   0.
  2017 352 17 35 10 504 352.732760463      -1.62      0.42     -3.01  0.       -3700.335       6835.711       5403.107    0.000  -0.139   0.381   0.
  2017 352 17 35 11 503 352.732772037      -0.28      1.19     -3.50  0.       -3701.397       6835.734       5401.925    0.000  -0.139   0.381   0.
  2017 352 17 35 12 503 352.732783611       0.34      3.22     -2.93  0.       -3702.459       6835.757       5400.743    0.000  -0.139   0.381   0.
  2017 352 17 35 13 503 352.732795185      -0.52      3.77     -1.22  0.       -3703.521       6835.779       5399.560    0.000  -0.139   0.381   0.
  2017 352 17 35 14 503 352.732806759      -0.71      2.67      0.35  0.       -3704.582       6835.801       5398.377    0.000  -0.139   0.381   0.
  2017 352 17 35 15 503 352.732818333      -0.45      2.13     -1.83  0.       -3705.643       6835.823       5397.193    0.000  -0.139   0.381   0.
  2017 352 17 35 16 504 352.732829907      -1.51      2.07     -2.19  0.       -3706.704       6835.844       5396.010    0.000  -0.139   0.381   0.
  2017 352 17 35 17 504 352.732841481      -2.18      1.82     -1.41  0.       -3707.765       6835.865       5394.827    0.000  -0.139   0.381   0.
  2017 352 17 35 18 503 352.732853056      -0.81      1.69     -1.22  0.       -3708.826       6835.886       5393.642    0.000  -0.139   0.381   0.
  2017 352 17 35 19 503 352.732864630       0.53      2.44     -2.38  0.       -3709.886       6835.906       5392.458    0.000  -0.139   0.381   0.
  2017 352 17 35 20 504 352.732876204      -0.66      2.89     -2.48  0.       -3710.947       6835.926       5391.273    0.000  -0.139   0.381   0.
  2017 352 17 35 21 504 352.732887778      -0.39      2.19     -2.82  0.       -3712.007       6835.946       5390.088    0.000  -0.139   0.381   0.
  2017 352 17 35 22 504 352.732899352      -0.15      2.41     -2.39  0.       -3713.067       6835.965       5388.903    0.000  -0.139   0.381   0.
  2017 352 17 35 23 504 352.732910926      -1.11      3.38     -1.24  0.       -3714.126       6835.984       5387.717    0.000  -0.139   0.381   0.
  2017 352 17 35 24 503 352.732922500      -0.79      2.57     -0.90  0.       -3715.186       6836.003       5386.531    0.000  -0.139   0.381   0.
  2017 352 17 35 25 503 352.732934074      -0.57      1.64     -1.37  0.       -3716.245       6836.021       5385.345    0.000  -0.139   0.381   0.
  2017 352 17 35 26 503 352.732945645      -0.09      2.18     -1.51  0.       -3717.304       6836.039       5384.159    0.000  -0.139   0.381   0.
  2017 352 17 35 27 503 352.732957219      -0.10      2.24     -1.15  0.       -3718.363       6836.056       5382.973    0.000  -0.139   0.381   0.
  2017 352 17 35 28 503 352.732968793      -0.18      2.85     -2.05  0.       -3719.422       6836.073       5381.786    0.000  -0.139   0.381   0.
  2017 352 17 35 29 503 352.732980367      -0.49      2.15     -1.84  0.       -3720.481       6836.090       5380.599    0.000  -0.139   0.381   0.
  2017 352 17 35 30 503 352.732991942      -0.35      1.17     -2.08  0.       -3721.539       6836.107       5379.411    0.000  -0.139   0.381   0.
  2017 352 17 35 31 503 352.733003516      -0.56      0.96     -1.55  0.       -3722.597       6836.123       5378.224    0.000  -0.139   0.381   0.
  2017 352 17 35 32 503 352.733015090      -1.43      0.57     -1.01  0.       -3723.655       6836.139       5377.036    0.000  -0.139   0.381   0.
  2017 352 17 35 33 503 352.733026664      -1.19      0.51     -1.55  0.       -3724.713       6836.154       5375.847    0.000  -0.139   0.381   0.
  2017 352 17 35 34 503 352.733038238      -0.14      1.39     -2.08  0.       -3725.771       6836.169       5374.659    0.000  -0.139   0.381   0.
  2017 352 17 35 35 503 352.733049812      -0.01      1.56     -1.60  0.       -3726.828       6836.184       5373.470    0.000  -0.139   0.381   0.
  2017 352 17 35 36 503 352.733061386      -0.75      1.28     -0.87  0.       -3727.886       6836.199       5372.281    0.000  -0.139   0.381   0.
  2017 352 17 35 37 503 352.733072960      -0.65      0.85     -1.25  0.       -3728.943       6836.213       5371.092    0.000  -0.139   0.381   0.
  2017 352 17 35 38 503 352.733084534      -0.55      0.71     -1.44  0.       -3730.000       6836.227       5369.902    0.000  -0.139   0.381   0.
  2017 352 17 35 39 503 352.733096108      -0.72      0.64     -1.15  0.       -3731.056       6836.240       5368.712    0.000  -0.139   0.381   0.
  2017 352 17 35 40 503 352.733107682      -0.81      1.92     -0.85  0.       -3732.113       6836.253       5367.522    0.000  -0.139   0.381   0.
  2017 352 17 35 41 503 352.733119256      -0.17      3.27     -1.30  0.       -3733.169       6836.266       5366.332    0.000  -0.139   0.381   0.
  2017 352 17 35 42 503 352.733130830       0.04      3.44     -2.42  0.       -3734.226       6836.278       5365.141    0.000  -0.139   0.381   0.
  2017 352 17 35 43 503 352.733142404      -0.06      3.11     -2.69  0.       -3735.281       6836.290       5363.950    0.000  -0.139   0.381   0.
  2017 352 17 35 44 503 352.733153979      -1.24      3.13     -1.82  0.       -3736.337       6836.302       5362.759    0.000  -0.139   0.381   0.
  2017 352 17 35 45 503 352.733165553      -1.70      2.65     -1.10  0.       -3737.392       6836.313       5361.568    0.000  -0.139   0.381   0.
  2017 352 17 35 46 503 352.733177127      -1.83      2.42     -0.77  0.       -3738.448       6836.324       5360.376    0.000  -0.139   0.381   0.
  2017 352 17 35 47 503 352.733188701      -1.96      2.44     -0.65  0.       -3739.503       6836.335       5359.184    0.000  -0.139   0.381   0.
  2017 352 17 35 48 503 352.733200275      -1.60      2.70     -1.44  0.       -3740.558       6836.345       5357.992    0.000  -0.139   0.381   0.
  2017 352 17 35 49 503 352.733211849      -1.67      3.32     -2.32  0.       -3741.613       6836.355       5356.799    0.000  -0.139   0.381   0.
  2017 352 17 35 50 503 352.733223423      -2.01      3.19     -1.95  0.       -3742.668       6836.365       5355.606    0.000  -0.139   0.381   0.
  2017 352 17 35 51 503 352.733234997      -1.99      2.62     -1.86  0.       -3743.722       6836.374       5354.413    0.000  -0.139   0.381   0.
  2017 352 17 35 52 503 352.733246571      -1.58      2.13     -2.26  0.       -3744.776       6836.383       5353.220    0.000  -0.139   0.381   0.
  2017 352 17 35 53 503 352.733258145      -1.71      1.89     -2.06  0.       -3745.831       6836.391       5352.026    0.000  -0.139   0.381   0.
  2017 352 17 35 54 503 352.733269719      -1.77      1.38     -2.04  0.       -3746.884       6836.400       5350.832    0.000  -0.139   0.381   0.
  2017 352 17 35 55 503 352.733281293      -1.28      0.94     -1.67  0.       -3747.938       6836.408       5349.638    0.000  -0.139   0.381   0.
  2017 352 17 35 56 503 352.733292867      -0.39      1.46     -1.65  0.       -3748.992       6836.415       5348.444    0.000  -0.139   0.381   0.
  2017 352 17 35 57 503 352.733304441       0.11      1.58     -1.41  0.       -3750.045       6836.422       5347.249    0.000  -0.139   0.381   0.
  2017 352 17 35 58 503 352.733316013      -0.02      1.79     -0.81  0.       -3751.098       6836.429       5346.054    0.000  -0.139   0.381   0.
  2017 352 17 35 59 503 352.733327587      -0.55      2.07     -0.24  0.       -3752.151       6836.436       5344.859    0.000  -0.139   0.381   0.
  2017 352 17 36  0 503 352.733339161      -0.98      2.34      0.84  0.       -3753.204       6836.442       5343.663    0.000  -0.139   0.381   0.
  2017 352 17 36  1 503 352.733350735      -1.02      2.14      0.82  0.       -3754.256       6836.448       5342.467    0.000  -0.139   0.381   0.
  2017 352 17 36  2 503 352.733362309      -1.33      2.43     -0.46  0.       -3755.309       6836.453       5341.271    0.000  -0.139   0.381   0.
  2017 352 17 36  3 503 352.733373883      -1.88      2.53     -0.14  0.       -3756.361       6836.458       5340.075    0.000  -0.139   0.381   0.
  2017 352 17 36  4 503 352.733385457      -1.89      1.97     -0.26  0.       -3757.413       6836.463       5338.878    0.000  -0.139   0.381   0.
  2017 352 17 36  5 503 352.733397031      -2.03      1.51     -0.65  0.       -3758.465       6836.467       5337.681    0.000  -0.139   0.381   0.
  2017 352 17 36  6 503 352.733408605      -2.06      1.11     -0.54  0.       -3759.516       6836.471       5336.484    0.000  -0.139   0.381   0.
  2017 352 17 36  7 503 352.733420179      -1.58      1.71     -0.60  0.       -3760.568       6836.475       5335.287    0.000  -0.139   0.381   0.
  2017 352 17 36  8 503 352.733431753      -1.02      2.96     -1.39  0.       -3761.619       6836.479       5334.089    0.000  -0.139   0.381   0.
  2017 352 17 36  9 503 352.733443328      -0.65      3.36     -1.88  0.       -3762.670       6836.482       5332.891    0.000  -0.139   0.381   0.
  2017 352 17 36 10 503 352.733454902      -0.74      3.22     -1.78  0.       -3763.721       6836.484       5331.693    0.000  -0.139   0.381   0.
  2017 352 17 36 11 503 352.733466476      -0.25      2.41     -1.70  0.       -3764.771       6836.487       5330.494    0.000  -0.139   0.381   0.
  2017 352 17 36 12 503 352.733478050       0.08      2.40     -1.55  0.       -3765.822       6836.489       5329.295    0.000  -0.139   0.381   0.
  2017 352 17 36 13 503 352.733489624       0.04      2.97     -1.13  0.       -3766.872       6836.490       5328.096    0.000  -0.139   0.381   0.
  2017 352 17 36 14 503 352.733501198      -0.39      3.15     -1.13  0.       -3767.922       6836.491       5326.897    0.000  -0.139   0.381   0.
  2017 352 17 36 15 503 352.733512772      -0.31      2.69     -1.27  0.       -3768.972       6836.492       5325.698    0.000  -0.139   0.381   0.
  2017 352 17 36 16 503 352.733524346      -0.33      2.29     -1.07  0.       -3770.022       6836.493       5324.498    0.000  -0.139   0.381   0.
  2017 352 17 36 17 503 352.733535920      -0.81      1.91     -0.56  0.       -3771.071       6836.493       5323.298    0.000  -0.139   0.381   0.
  2017 352 17 36 18 503 352.733547494      -0.33      0.85     -0.96  0.       -3772.120       6836.493       5322.097    0.000  -0.139   0.381   0.
  2017 352 17 36 19 503 352.733559068       0.46      0.85     -1.49  0.       -3773.170       6836.493       5320.896    0.000  -0.139   0.381   0.
  2017 352 17 36 20 503 352.733570642       0.27      0.81     -1.56  0.       -3774.218       6836.492       5319.695    0.000  -0.139   0.381   0.
  2017 352 17 36 21 503 352.733582216       0.29      1.24     -1.03  0.       -3775.267       6836.491       5318.494    0.000  -0.139   0.381   0.
  2017 352 17 36 22 503 352.733593791      -0.66      0.79      0.09  0.       -3776.316       6836.489       5317.293    0.000  -0.139   0.381   0.
  2017 352 17 36 23 503 352.733605365       0.34      1.05      0.39  0.       -3777.364       6836.488       5316.091    0.000  -0.139   0.381   0.
  2017 352 17 36 24 503 352.733616939       1.20      2.05     -1.09  0.       -3778.412       6836.485       5314.889    0.000  -0.139   0.381   0.
  2017 352 17 36 25 503 352.733628512       0.66      2.41     -0.95  0.       -3779.460       6836.483       5313.687    0.000  -0.139   0.381   0.
  2017 352 17 36 26 503 352.733640084      -0.29      1.80     -0.42  0.       -3780.508       6836.480       5312.484    0.000  -0.139   0.381   0.
  2017 352 17 36 27 503 352.733651658      -0.17      1.24     -0.98  0.       -3781.556       6836.477       5311.281    0.000  -0.139   0.381   0.
  2017 352 17 36 28 503 352.733663232      -0.19      1.02     -1.41  0.       -3782.603       6836.473       5310.078    0.000  -0.139   0.381   0.
  2017 352 17 36 29 503 352.733674806      -0.39      1.71     -1.63  0.       -3783.650       6836.469       5308.875    0.000  -0.139   0.381   0.
  2017 352 17 36 30 503 352.733686380      -0.15      2.36     -1.85  0.       -3784.697       6836.465       5307.671    0.000  -0.139   0.381   0.
  2017 352 17 36 31 503 352.733697954      -0.55      2.28     -1.55  0.       -3785.744       6836.460       5306.467    0.000  -0.139   0.381   0.
  2017 352 17 36 32 503 352.733709528      -1.13      1.84     -0.62  0.       -3786.791       6836.456       5305.263    0.000  -0.139   0.381   0.
  2017 352 17 36 33 503 352.733721102      -1.45      2.31     -0.70  0.       -3787.837       6836.450       5304.058    0.000  -0.139   0.381   0.
  2017 352 17 36 34 503 352.733732677      -1.15      2.84     -1.55  0.       -3788.883       6836.445       5302.854    0.000  -0.139   0.381   0.
  2017 352 17 36 35 503 352.733744251      -1.25      3.08     -3.10  0.       -3789.929       6836.439       5301.649    0.000  -0.139   0.381   0.
  2017 352 17 36 36 503 352.733755825      -1.28      2.97     -3.25  0.       -3790.975       6836.432       5300.444    0.000  -0.139   0.381   0.
  2017 352 17 36 37 503 352.733767399      -1.12      2.33     -2.49  0.       -3792.021       6836.426       5299.238    0.000  -0.139   0.381   0.
  2017 352 17 36 38 503 352.733778973      -1.37      2.47     -1.99  0.       -3793.066       6836.419       5298.032    0.000  -0.139   0.381   0.
  2017 352 17 36 39 503 352.733790547      -1.47      2.52     -1.78  0.       -3794.112       6836.411       5296.826    0.000  -0.139   0.381   0.
  2017 352 17 36 40 503 352.733802121      -1.42      2.97     -1.77  0.       -3795.157       6836.404       5295.620    0.000  -0.139   0.381   0.
  2017 352 17 36 41 503 352.733813695      -0.70      2.64     -1.77  0.       -3796.202       6836.395       5294.413    0.000  -0.139   0.381   0.
  2017 352 17 36 42 503 352.733825269      -0.13      1.64     -1.58  0.       -3797.246       6836.387       5293.206    0.000  -0.139   0.381   0.
  2017 352 17 36 43 503 352.733836843       0.15      1.84     -1.75  0.       -3798.291       6836.378       5291.999    0.000  -0.139   0.381   0.
  2017 352 17 36 44 503 352.733848417       0.30      2.84     -2.48  0.       -3799.335       6836.369       5290.792    0.000  -0.139   0.381   0.
  2017 352 17 36 45 503 352.733859991      -0.25      3.57     -2.36  0.       -3800.379       6836.360       5289.584    0.000  -0.139   0.381   0.
  2017 352 17 36 46 503 352.733871565      -1.31      2.83     -1.09  0.       -3801.423       6836.350       5288.376    0.000  -0.139   0.381   0.
  2017 352 17 36 47 503 352.733883139      -1.49      1.66     -0.55  0.       -3802.467       6836.340       5287.168    0.000  -0.139   0.381   0.
  2017 352 17 36 48 503 352.733894714      -0.92      1.38     -0.75  0.       -3803.510       6836.329       5285.959    0.000  -0.139   0.381   0.
  2017 352 17 36 49 503 352.733906288      -0.52      1.43     -0.52  0.       -3804.554       6836.318       5284.751    0.000  -0.139   0.381   0.
  2017 352 17 36 50 503 352.733917862       0.73      1.18     -1.29  0.       -3805.597       6836.307       5283.541    0.000  -0.139   0.381   0.
  2017 352 17 36 51 503 352.733929436       0.90      1.42     -1.45  0.       -3806.640       6836.295       5282.332    0.000  -0.139   0.381   0.
  2017 352 17 36 52 503 352.733941010       0.40      1.20     -1.47  0.       -3807.682       6836.284       5281.123    0.000  -0.139   0.381   0.
  2017 352 17 36 53 503 352.733952584       0.19      1.80     -1.64  0.       -3808.725       6836.271       5279.913    0.000  -0.139   0.381   0.
  2017 352 17 36 54 503 352.733964158       0.06      1.98     -1.03  0.       -3809.767       6836.259       5278.703    0.000  -0.139   0.381   0.
  2017 352 17 36 55 502 352.733975731       0.59      2.54     -1.44  0.       -3810.810       6836.246       5277.492    0.000  -0.139   0.381   0.
  2017 352 17 36 56 502 352.733987303       0.64      3.20     -1.47  0.       -3811.852       6836.233       5276.282    0.000  -0.139   0.381   0.
  2017 352 17 36 57 502 352.733998877      -0.27      2.80     -1.42  0.       -3812.893       6836.219       5275.071    0.000  -0.139   0.381   0.
  2017 352 17 36 58 503 352.734010451      -1.07      2.04     -1.17  0.       -3813.935       6836.205       5273.859    0.000  -0.139   0.381   0.
  2017 352 17 36 59 503 352.734022025      -1.06      1.11     -0.58  0.       -3814.976       6836.191       5272.648    0.000  -0.139   0.381   0.
  2017 352 17 37  0 502 352.734033600      -0.48      0.21     -0.94  0.       -3816.018       6836.176       5271.436    0.000  -0.139   0.381   0.
  2017 352 17 37  1 502 352.734045174      -0.13      0.42     -1.51  0.       -3817.059       6836.161       5270.224    0.000  -0.139   0.381   0.
  2017 352 17 37  2 503 352.734056748       0.54      1.60     -2.04  0.       -3818.099       6836.145       5269.012    0.000  -0.139   0.381   0.
  2017 352 17 37  3 503 352.734068322       0.33      2.08     -1.70  0.       -3819.140       6836.130       5267.800    0.000  -0.139   0.381   0.
  2017 352 17 37  4 503 352.734079896      -0.34      2.62     -0.75  0.       -3820.180       6836.114       5266.587    0.000  -0.139   0.381   0.
  2017 352 17 37  5 503 352.734091470      -0.20      1.49     -0.66  0.       -3821.220       6836.097       5265.374    0.000  -0.139   0.381   0.
  2017 352 17 37  6 503 352.734103044       0.09      1.96     -0.65  0.       -3822.260       6836.081       5264.160    0.000  -0.139   0.381   0.
  2017 352 17 37  7 502 352.734114618      -0.02      2.63     -0.25  0.       -3823.301       6836.063       5262.947    0.000  -0.139   0.381   0.
  2017 352 17 37  8 502 352.734126192       0.45      2.76     -0.14  0.       -3824.340       6836.046       5261.733    0.000  -0.139   0.381   0.
  2017 352 17 37  9 502 352.734137766      -0.32      2.59      0.23  0.       -3825.380       6836.028       5260.519    0.000  -0.139   0.381   0.
  2017 352 17 37 10 502 352.734149340      -0.58      3.18      0.77  0.       -3826.419       6836.010       5259.304    0.000  -0.139   0.381   0.
  2017 352 17 37 11 502 352.734160914      -0.70      3.17      0.65  0.       -3827.458       6835.991       5258.090    0.000  -0.139   0.381   0.
  2017 352 17 37 12 503 352.734172488      -1.18      3.30      0.55  0.       -3828.497       6835.973       5256.875    0.000  -0.139   0.381   0.
  2017 352 17 37 13 502 352.734184062      -0.28      2.93     -1.06  0.       -3829.536       6835.953       5255.659    0.000  -0.139   0.381   0.
  2017 352 17 37 14 502 352.734195637      -0.89      2.46     -1.77  0.       -3830.574       6835.934       5254.444    0.000  -0.139   0.381   0.
  2017 352 17 37 15 503 352.734207211      -1.42      1.63     -2.00  0.       -3831.612       6835.914       5253.228    0.000  -0.139   0.381   0.
  2017 352 17 37 16 503 352.734218785      -1.84      1.24     -1.89  0.       -3832.650       6835.894       5252.012    0.000  -0.139   0.381   0.
  2017 352 17 37 17 503 352.734230359      -1.97      1.63     -0.60  0.       -3833.688       6835.873       5250.796    0.000  -0.139   0.381   0.
  2017 352 17 37 18 503 352.734241933      -1.43      3.07     -0.65  0.       -3834.726       6835.852       5249.579    0.000  -0.139   0.381   0.
  2017 352 17 37 19 503 352.734253507      -0.62      2.88     -1.05  0.       -3835.763       6835.831       5248.363    0.000  -0.139   0.381   0.
  2017 352 17 37 20 502 352.734265081      -0.21      2.73     -1.33  0.       -3836.801       6835.809       5247.146    0.000  -0.139   0.381   0.
  2017 352 17 37 21 502 352.734276655      -0.80      3.29     -0.48  0.       -3837.838       6835.787       5245.928    0.000  -0.139   0.381   0.
  2017 352 17 37 22 502 352.734288229      -1.49      3.10     -0.55  0.       -3838.875       6835.765       5244.710    0.000  -0.139   0.381   0.
  2017 352 17 37 23 502 352.734299803      -1.68      2.31     -0.28  0.       -3839.911       6835.742       5243.493    0.000  -0.139   0.381   0.
  2017 352 17 37 24 502 352.734311374      -1.01      1.60     -0.82  0.       -3840.948       6835.719       5242.274    0.000  -0.139   0.381   0.
  2017 352 17 37 25 502 352.734322948       0.35      1.05     -1.52  0.       -3841.984       6835.696       5241.056    0.000  -0.139   0.381   0.
  2017 352 17 37 26 502 352.734334523       1.26      0.94     -1.44  0.       -3843.020       6835.672       5239.837    0.000  -0.139   0.381   0.
  2017 352 17 37 27 502 352.734346097       1.14      1.04     -1.59  0.       -3844.056       6835.648       5238.618    0.000  -0.139   0.381   0.
  2017 352 17 37 28 502 352.734357671       0.97      2.02     -1.60  0.       -3845.092       6835.623       5237.399    0.000  -0.139   0.381   0.
  2017 352 17 37 29 502 352.734369245      -0.54      4.04     -1.10  0.       -3846.128       6835.599       5236.180    0.000  -0.139   0.381   0.
  2017 352 17 37 30 502 352.734380819      -2.01      4.08     -0.94  0.       -3847.163       6835.573       5234.960    0.000  -0.139   0.381   0.
  2017 352 17 37 31 502 352.734392393      -2.84      3.02     -0.69  0.       -3848.198       6835.548       5233.740    0.000  -0.139   0.381   0.
  2017 352 17 37 32 502 352.734403967      -3.15      2.69     -0.67  0.       -3849.233       6835.522       5232.520    0.000  -0.139   0.381   0.
  2017 352 17 37 33 502 352.734415541      -2.09      2.09     -0.63  0.       -3850.268       6835.496       5231.299    0.000  -0.139   0.381   0.
  2017 352 17 37 34 502 352.734427115      -1.25      1.56     -0.89  0.       -3851.303       6835.469       5230.078    0.000  -0.139   0.381   0.
  2017 352 17 37 35 502 352.734438689      -0.96      2.18     -1.24  0.       -3852.337       6835.443       5228.857    0.000  -0.139   0.381   0.
  2017 352 17 37 36 502 352.734450263      -0.65      3.39     -1.54  0.       -3853.371       6835.415       5227.636    0.000  -0.139   0.381   0.
  2017 352 17 37 37 502 352.734461837      -0.34      3.95     -2.68  0.       -3854.405       6835.388       5226.414    0.000  -0.139   0.381   0.
  2017 352 17 37 38 502 352.734473411      -1.03      2.71     -2.59  0.       -3855.439       6835.360       5225.192    0.000  -0.139   0.381   0.
  2017 352 17 37 39 502 352.734484986      -2.19      1.19     -1.84  0.       -3856.472       6835.331       5223.970    0.000  -0.139   0.381   0.
  2017 352 17 37 40 502 352.734496560      -2.25      1.14     -1.60  0.       -3857.506       6835.303       5222.747    0.000  -0.139   0.381   0.
  2017 352 17 37 41 502 352.734508134      -1.25      2.03     -1.19  0.       -3858.539       6835.274       5221.525    0.000  -0.139   0.381   0.
  2017 352 17 37 42 502 352.734519708       0.07      2.80     -1.31  0.       -3859.572       6835.245       5220.302    0.000  -0.139   0.381   0.
  2017 352 17 37 43 502 352.734531282       1.13      3.04     -1.50  0.       -3860.605       6835.215       5219.079    0.000  -0.139   0.381   0.
  2017 352 17 37 44 502 352.734542856       1.47      3.06     -0.60  0.       -3861.637       6835.185       5217.855    0.000  -0.139   0.381   0.
  2017 352 17 37 45 502 352.734554430       1.02      2.61      0.09  0.       -3862.670       6835.155       5216.631    0.000  -0.139   0.381   0.
  2017 352 17 37 46 502 352.734566004      -1.32      3.14      0.79  0.       -3863.702       6835.124       5215.407    0.000  -0.139   0.381   0.
  2017 352 17 37 47 502 352.734577578      -1.94      2.93      0.40  0.       -3864.734       6835.093       5214.183    0.000  -0.139   0.381   0.
  2017 352 17 37 48 502 352.734589152      -1.10      2.52     -0.50  0.       -3865.766       6835.061       5212.958    0.000  -0.139   0.381   0.
  2017 352 17 37 49 502 352.734600726      -0.13      1.42     -1.29  0.       -3866.797       6835.030       5211.734    0.000  -0.139   0.381   0.
  2017 352 17 37 50 502 352.734612300      -0.87      0.55     -1.40  0.       -3867.829       6834.997       5210.508    0.000  -0.139   0.381   0.
  2017 352 17 37 51 502 352.734623874      -1.05      0.10     -1.35  0.       -3868.860       6834.965       5209.283    0.000  -0.139   0.381   0.
  2017 352 17 37 52 502 352.734635448      -1.59      0.18     -0.73  0.       -3869.891       6834.932       5208.057    0.000  -0.139   0.381   0.
  2017 352 17 37 53 502 352.734647022      -1.23      1.59     -0.63  0.       -3870.922       6834.899       5206.832    0.000  -0.139   0.381   0.
  2017 352 17 37 54 502 352.734658594      -0.83      2.52     -1.73  0.       -3871.952       6834.865       5205.605    0.000  -0.139   0.381   0.
  2017 352 17 37 55 502 352.734670168      -0.65      2.10     -2.53  0.       -3872.983       6834.832       5204.379    0.000  -0.139   0.381   0.
  2017 352 17 37 56 502 352.734681742      -0.74      2.42     -2.44  0.       -3874.013       6834.797       5203.152    0.000  -0.139   0.381   0.
  2017 352 17 37 57 502 352.734693316      -0.29      3.00     -2.20  0.       -3875.043       6834.763       5201.925    0.000  -0.139   0.381   0.
  2017 352 17 37 58 502 352.734704890      -0.76      3.09     -0.77  0.       -3876.073       6834.728       5200.698    0.000  -0.139   0.381   0.
  2017 352 17 37 59 502 352.734716464      -1.10      2.04     -0.28  0.       -3877.102       6834.693       5199.470    0.000  -0.139   0.381   0.
  2017 352 17 38  0 502 352.734728038      -0.55      2.52     -0.52  0.       -3878.132       6834.657       5198.243    0.000  -0.139   0.381   0.
  2017 352 17 38  1 502 352.734739612      -0.47      2.68     -0.96  0.       -3879.161       6834.621       5197.015    0.000  -0.139   0.381   0.
  2017 352 17 38  2 502 352.734751186      -1.03      2.44     -1.45  0.       -3880.190       6834.585       5195.786    0.000  -0.139   0.381   0.
  2017 352 17 38  3 502 352.734762760      -1.16      1.60     -1.20  0.       -3881.219       6834.548       5194.558    0.000  -0.139   0.381   0.
  2017 352 17 38  4 502 352.734774335      -1.06      1.18     -1.15  0.       -3882.247       6834.511       5193.329    0.000  -0.139   0.381   0.
  2017 352 17 38  5 502 352.734785909      -1.28      0.66     -1.10  0.       -3883.276       6834.474       5192.100    0.000  -0.139   0.381   0.
  2017 352 17 38  6 502 352.734797483      -1.28      0.31     -1.53  0.       -3884.304       6834.436       5190.870    0.000  -0.139   0.381   0.
  2017 352 17 38  7 502 352.734809057      -0.79      1.23     -1.27  0.       -3885.332       6834.398       5189.641    0.000  -0.139   0.381   0.
  2017 352 17 38  8 502 352.734820631       0.18      1.94     -1.43  0.       -3886.360       6834.359       5188.411    0.000  -0.139   0.381   0.
  2017 352 17 38  9 502 352.734832205       0.39      2.77     -1.56  0.       -3887.388       6834.321       5187.181    0.000  -0.139   0.381   0.
  2017 352 17 38 10 502 352.734843779      -0.78      2.81     -0.79  0.       -3888.415       6834.282       5185.950    0.000  -0.139   0.381   0.
  2017 352 17 38 11 502 352.734855353      -1.18      2.46     -0.08  0.       -3889.442       6834.242       5184.720    0.000  -0.139   0.381   0.
  2017 352 17 38 12 502 352.734866927      -1.20      2.32      0.08  0.       -3890.469       6834.202       5183.489    0.000  -0.139   0.381   0.
  2017 352 17 38 13 502 352.734878501      -0.87      2.26     -0.33  0.       -3891.496       6834.162       5182.257    0.000  -0.139   0.381   0.
  2017 352 17 38 14 502 352.734890075      -0.59      2.52     -1.48  0.       -3892.523       6834.122       5181.026    0.000  -0.139   0.381   0.
  2017 352 17 38 15 502 352.734901649      -1.58      3.40     -1.56  0.       -3893.549       6834.081       5179.794    0.000  -0.139   0.381   0.
  2017 352 17 38 16 502 352.734913223      -1.98      2.84     -1.27  0.       -3894.575       6834.039       5178.562    0.000  -0.139   0.381   0.
  2017 352 17 38 17 502 352.734924797      -2.05      2.08     -1.44  0.       -3895.602       6833.998       5177.330    0.000  -0.139   0.381   0.
  2017 352 17 38 18 502 352.734936372      -1.86      1.42     -1.24  0.       -3896.627       6833.956       5176.097    0.000  -0.139   0.381   0.
  2017 352 17 38 19 502 352.734947946      -1.05      1.95     -1.40  0.       -3897.653       6833.914       5174.864    0.000  -0.139   0.381   0.
  2017 352 17 38 20 502 352.734959520      -0.48      2.51     -1.77  0.       -3898.678       6833.871       5173.631    0.000  -0.139   0.381   0.
  2017 352 17 38 21 502 352.734971093      -0.03      2.11     -2.25  0.       -3899.704       6833.828       5172.398    0.000  -0.139   0.381   0.
  2017 352 17 38 22 502 352.734982665      -0.06      2.11     -2.17  0.       -3900.729       6833.785       5171.164    0.000  -0.139   0.381   0.
  2017 352 17 38 23 502 352.734994239      -0.58      2.50     -1.49  0.       -3901.754       6833.741       5169.931    0.000  -0.139   0.381   0.
  2017 352 17 38 24 502 352.735005813      -1.19      2.44     -0.97  0.       -3902.778       6833.697       5168.696    0.000  -0.139   0.381   0.
  2017 352 17 38 25 502 352.735017387      -1.38      2.05     -0.61  0.       -3903.803       6833.653       5167.462    0.000  -0.139   0.381   0.
  2017 352 17 38 26 502 352.735028961      -1.34      1.91     -1.25  0.       -3904.827       6833.608       5166.227    0.000  -0.139   0.381   0.
  2017 352 17 38 27 502 352.735040535      -1.31      1.94     -0.54  0.       -3905.851       6833.563       5164.992    0.000  -0.139   0.381   0.
  2017 352 17 38 28 502 352.735052109      -0.87      2.08     -0.38  0.       -3906.875       6833.518       5163.757    0.000  -0.139   0.381   0.
  2017 352 17 38 29 502 352.735063683      -1.25      2.62     -0.27  0.       -3907.898       6833.472       5162.522    0.000  -0.139   0.381   0.
  2017 352 17 38 30 502 352.735075258      -1.89      2.98      0.08  0.       -3908.922       6833.426       5161.286    0.000  -0.139   0.381   0.
  2017 352 17 38 31 502 352.735086832      -2.07      2.28      0.12  0.       -3909.945       6833.379       5160.050    0.000  -0.139   0.381   0.
  2017 352 17 38 32 502 352.735098406      -1.25      1.39     -0.21  0.       -3910.968       6833.332       5158.814    0.000  -0.139   0.381   0.
  2017 352 17 38 33 502 352.735109980       0.25      0.72     -1.16  0.       -3911.991       6833.285       5157.577    0.000  -0.139   0.381   0.
  2017 352 17 38 34 502 352.735121554       0.14      0.35     -1.16  0.       -3913.014       6833.238       5156.340    0.000  -0.139   0.381   0.
  2017 352 17 38 35 502 352.735133128       0.41      2.66     -1.30  0.       -3914.036       6833.190       5155.103    0.000  -0.139   0.381   0.
  2017 352 17 38 36 502 352.735144702       0.49      3.45     -1.33  0.       -3915.058       6833.142       5153.866    0.000  -0.139   0.381   0.
  2017 352 17 38 37 502 352.735156276       0.08      3.54     -1.07  0.       -3916.080       6833.093       5152.628    0.000  -0.139   0.381   0.
  2017 352 17 38 38 502 352.735167850       0.50      3.11     -1.40  0.       -3917.102       6833.044       5151.390    0.000  -0.139   0.381   0.
  2017 352 17 38 39 502 352.735179424       0.02      3.11     -0.70  0.       -3918.124       6832.995       5150.152    0.000  -0.139   0.381   0.
  2017 352 17 38 40 502 352.735190998      -0.54      3.16     -1.39  0.       -3919.145       6832.945       5148.914    0.000  -0.139   0.381   0.
  2017 352 17 38 41 502 352.735202572      -0.58      2.64     -2.17  0.       -3920.166       6832.895       5147.675    0.000  -0.139   0.381   0.
  2017 352 17 38 42 502 352.735214146      -0.86      3.16     -2.66  0.       -3921.187       6832.845       5146.436    0.000  -0.139   0.381   0.
  2017 352 17 38 43 502 352.735225720      -1.20      2.98     -1.77  0.       -3922.208       6832.794       5145.197    0.000  -0.139   0.381   0.
  2017 352 17 38 44 502 352.735237295      -0.50      3.04     -1.95  0.       -3923.229       6832.743       5143.958    0.000  -0.139   0.381   0.
  2017 352 17 38 45 502 352.735248869      -0.47      2.63     -1.63  0.       -3924.249       6832.692       5142.718    0.000  -0.139   0.381   0.
  2017 352 17 38 46 502 352.735260443      -0.59      2.65     -1.53  0.       -3925.269       6832.640       5141.478    0.000  -0.139   0.381   0.
  2017 352 17 38 47 502 352.735272017      -0.30      2.38     -1.96  0.       -3926.289       6832.588       5140.238    0.000  -0.139   0.381   0.
  2017 352 17 38 48 502 352.735283591      -0.16      2.05     -2.34  0.       -3927.309       6832.535       5138.997    0.000  -0.139   0.381   0.
  2017 352 17 38 49 502 352.735295165      -0.11      1.91     -2.52  0.       -3928.329       6832.483       5137.756    0.000  -0.139   0.381   0.
  2017 352 17 38 50 502 352.735306739      -0.49      1.68     -2.64  0.       -3929.348       6832.430       5136.515    0.000  -0.139   0.381   0.
  2017 352 17 38 51 501 352.735318312      -0.94      1.86     -2.40  0.       -3930.368       6832.376       5135.274    0.000  -0.139   0.381   0.
  2017 352 17 38 52 501 352.735329884      -1.33      1.95     -2.28  0.       -3931.387       6832.322       5134.033    0.000  -0.139   0.381   0.
  2017 352 17 38 53 501 352.735341458      -1.15      2.06     -2.05  0.       -3932.405       6832.268       5132.791    0.000  -0.139   0.381   0.
  2017 352 17 38 54 502 352.735353032      -0.74      1.91     -1.70  0.       -3933.424       6832.213       5131.549    0.000  -0.139   0.381   0.
  2017 352 17 38 55 502 352.735364606      -0.33      1.91     -1.15  0.       -3934.442       6832.159       5130.306    0.000  -0.139   0.381   0.
  2017 352 17 38 56 501 352.735376181      -0.52      2.36     -1.27  0.       -3935.461       6832.103       5129.064    0.000  -0.139   0.381   0.
  2017 352 17 38 57 501 352.735387755      -0.86      2.44     -1.17  0.       -3936.479       6832.048       5127.821    0.000  -0.139   0.381   0.
  2017 352 17 38 58 502 352.735399329      -1.03      2.32     -0.80  0.       -3937.496       6831.992       5126.578    0.000  -0.139   0.381   0.
  2017 352 17 38 59 502 352.735410903      -0.80      1.80     -1.05  0.       -3938.514       6831.935       5125.334    0.000  -0.139   0.381   0.
  2017 352 17 39  0 502 352.735422477      -0.57      1.67     -1.34  0.       -3939.531       6831.879       5124.091    0.000  -0.139   0.381   0.
  2017 352 17 39  1 502 352.735434051      -0.60      1.21     -1.39  0.       -3940.549       6831.822       5122.847    0.000  -0.139   0.381   0.
  2017 352 17 39  2 502 352.735445625      -1.14      1.09     -1.05  0.       -3941.565       6831.764       5121.602    0.000  -0.139   0.381   0.
  2017 352 17 39  3 501 352.735457199      -0.73      1.56     -0.93  0.       -3942.582       6831.707       5120.358    0.000  -0.139   0.381   0.
  2017 352 17 39  4 501 352.735468773      -0.85      1.18     -1.06  0.       -3943.599       6831.649       5119.113    0.000  -0.139   0.381   0.
  2017 352 17 39  5 501 352.735480347      -0.75      1.26     -1.08  0.       -3944.615       6831.590       5117.868    0.000  -0.139   0.381   0.
  2017 352 17 39  6 501 352.735491921      -0.41      1.47     -1.18  0.       -3945.631       6831.531       5116.623    0.000  -0.139   0.381   0.
  2017 352 17 39  7 502 352.735503495      -0.57      1.77     -0.80  0.       -3946.647       6831.472       5115.377    0.000  -0.139   0.381   0.
  2017 352 17 39  8 502 352.735515069      -0.63      1.60     -1.61  0.       -3947.663       6831.413       5114.132    0.000  -0.139   0.381   0.
  2017 352 17 39  9 501 352.735526644      -0.68      1.25     -1.71  0.       -3948.679       6831.353       5112.886    0.000  -0.139   0.381   0.
  2017 352 17 39 10 501 352.735538218      -0.63      0.59     -1.26  0.       -3949.694       6831.293       5111.639    0.000  -0.139   0.381   0.
  2017 352 17 39 11 502 352.735549792      -1.33      1.42     -0.95  0.       -3950.709       6831.232       5110.393    0.000  -0.139   0.381   0.
  2017 352 17 39 12 502 352.735561366      -0.99      2.15     -1.27  0.       -3951.724       6831.171       5109.146    0.000  -0.139   0.381   0.
  2017 352 17 39 13 502 352.735572940      -0.95      1.98     -0.95  0.       -3952.739       6831.110       5107.899    0.000  -0.139   0.381   0.
  2017 352 17 39 14 502 352.735584514      -1.40      1.98     -1.27  0.       -3953.753       6831.049       5106.651    0.000  -0.139   0.381   0.
  2017 352 17 39 15 502 352.735596088      -1.54      2.16     -1.28  0.       -3954.768       6830.987       5105.403    0.000  -0.139   0.381   0.
  2017 352 17 39 16 501 352.735607662      -1.74      2.72     -0.68  0.       -3955.782       6830.924       5104.155    0.000  -0.139   0.381   0.
  2017 352 17 39 17 501 352.735619236      -1.12      2.39     -0.71  0.       -3956.796       6830.862       5102.908    0.000  -0.139   0.381   0.
  2017 352 17 39 18 501 352.735630810      -0.70      2.30     -1.34  0.       -3957.810       6830.799       5101.659    0.000  -0.139   0.381   0.
  2017 352 17 39 19 501 352.735642384      -0.58      2.08     -1.04  0.       -3958.823       6830.735       5100.410    0.000  -0.139   0.381   0.
  2017 352 17 39 20 501 352.735653955      -0.75      1.78     -0.81  0.       -3959.836       6830.672       5099.162    0.000  -0.139   0.381   0.
  2017 352 17 39 21 501 352.735665529      -0.95      1.47     -1.26  0.       -3960.849       6830.608       5097.912    0.000  -0.139   0.381   0.
  2017 352 17 39 22 501 352.735677104      -1.60      1.46     -1.56  0.       -3961.862       6830.543       5096.663    0.000  -0.139   0.381   0.
  2017 352 17 39 23 501 352.735688678      -2.07      1.93     -0.99  0.       -3962.875       6830.479       5095.413    0.000  -0.139   0.381   0.
  2017 352 17 39 24 501 352.735700252      -1.96      2.47     -1.03  0.       -3963.888       6830.413       5094.163    0.000  -0.139   0.381   0.
  2017 352 17 39 25 501 352.735711826      -1.07      2.02     -1.09  0.       -3964.900       6830.348       5092.913    0.000  -0.139   0.381   0.
  2017 352 17 39 26 501 352.735723400      -0.34      2.51     -1.33  0.       -3965.912       6830.282       5091.662    0.000  -0.139   0.381   0.
  2017 352 17 39 27 501 352.735734974      -0.76      3.27     -1.10  0.       -3966.924       6830.216       5090.412    0.000  -0.139   0.381   0.
  2017 352 17 39 28 501 352.735746548      -1.19      3.66     -0.39  0.       -3967.936       6830.150       5089.161    0.000  -0.139   0.381   0.
  2017 352 17 39 29 501 352.735758122      -1.11      3.37     -0.10  0.       -3968.947       6830.083       5087.909    0.000  -0.139   0.381   0.
  2017 352 17 39 30 501 352.735769696      -0.77      2.94     -0.36  0.       -3969.958       6830.015       5086.658    0.000  -0.139   0.381   0.
  2017 352 17 39 31 501 352.735781270      -1.09      2.96      0.11  0.       -3970.969       6829.948       5085.406    0.000  -0.139   0.381   0.
  2017 352 17 39 32 501 352.735792844      -1.14      2.64     -0.47  0.       -3971.980       6829.880       5084.154    0.000  -0.139   0.381   0.
  2017 352 17 39 33 501 352.735804418      -1.28      2.98     -1.07  0.       -3972.991       6829.812       5082.901    0.000  -0.139   0.381   0.
  2017 352 17 39 34 501 352.735815992      -1.04      2.47     -1.44  0.       -3974.001       6829.743       5081.649    0.000  -0.139   0.381   0.
  2017 352 17 39 35 501 352.735827567      -0.84      2.97     -1.75  0.       -3975.012       6829.674       5080.396    0.000  -0.139   0.381   0.
  2017 352 17 39 36 501 352.735839141      -1.10      2.73     -0.98  0.       -3976.022       6829.605       5079.143    0.000  -0.139   0.381   0.
  2017 352 17 39 37 501 352.735850715      -1.44      2.16     -0.48  0.       -3977.031       6829.535       5077.889    0.000  -0.139   0.381   0.
  2017 352 17 39 38 501 352.735862289      -1.66      1.93      0.26  0.       -3978.041       6829.465       5076.636    0.000  -0.139   0.381   0.
  2017 352 17 39 39 501 352.735873863      -1.05      1.60      0.00  0.       -3979.051       6829.395       5075.382    0.000  -0.139   0.381   0.
  2017 352 17 39 40 501 352.735885437      -0.31      1.07     -1.03  0.       -3980.060       6829.324       5074.127    0.000  -0.139   0.381   0.
  2017 352 17 39 41 501 352.735897011       0.13      1.11     -1.48  0.       -3981.069       6829.253       5072.873    0.000  -0.139   0.381   0.
  2017 352 17 39 42 501 352.735908585      -0.07      1.42     -1.27  0.       -3982.078       6829.181       5071.618    0.000  -0.139   0.381   0.
  2017 352 17 39 43 501 352.735920159      -0.52      1.25     -1.13  0.       -3983.086       6829.110       5070.363    0.000  -0.139   0.381   0.
  2017 352 17 39 44 501 352.735931733      -0.87      1.38     -0.10  0.       -3984.094       6829.037       5069.108    0.000  -0.139   0.381   0.
  2017 352 17 39 45 501 352.735943307      -1.32      1.80      0.24  0.       -3985.103       6828.965       5067.853    0.000  -0.139   0.381   0.
  2017 352 17 39 46 501 352.735954881      -1.19      1.33     -0.73  0.       -3986.111       6828.892       5066.597    0.000  -0.139   0.381   0.
  2017 352 17 39 47 501 352.735966455      -1.02      1.34     -1.24  0.       -3987.119       6828.819       5065.341    0.000  -0.139   0.381   0.
  2017 352 17 39 48 501 352.735978029      -1.19      2.20     -1.15  0.       -3988.126       6828.745       5064.084    0.000  -0.139   0.381   0.
  2017 352 17 39 49 501 352.735989603      -1.45      3.72     -0.77  0.       -3989.133       6828.671       5062.828    0.000  -0.139   0.381   0.
  2017 352 17 39 50 501 352.736001175      -1.36      3.17     -0.74  0.       -3990.141       6828.597       5061.571    0.000  -0.139   0.381   0.
  2017 352 17 39 51 501 352.736012749      -0.87      2.12     -1.48  0.       -3991.148       6828.522       5060.314    0.000  -0.139   0.381   0.
  2017 352 17 39 52 501 352.736024323      -1.33      1.49     -1.88  0.       -3992.154       6828.447       5059.057    0.000  -0.139   0.381   0.
  2017 352 17 39 53 501 352.736035897      -0.91      1.14     -1.20  0.       -3993.161       6828.372       5057.799    0.000  -0.139   0.381   0.
  2017 352 17 39 54 501 352.736047471      -0.77      1.97      0.27  0.       -3994.167       6828.296       5056.541    0.000  -0.139   0.381   0.
  2017 352 17 39 55 501 352.736059045      -1.15      2.11      0.55  0.       -3995.173       6828.220       5055.283    0.000  -0.139   0.381   0.
  2017 352 17 39 56 501 352.736070619      -1.03      2.54      0.77  0.       -3996.179       6828.144       5054.025    0.000  -0.139   0.381   0.
  2017 352 17 39 57 501 352.736082193      -1.33      2.68      0.35  0.       -3997.185       6828.067       5052.766    0.000  -0.139   0.381   0.
  2017 352 17 39 58 501 352.736093767      -1.05      2.27     -0.86  0.       -3998.190       6827.990       5051.507    0.000  -0.139   0.381   0.
  2017 352 17 39 59 501 352.736105341      -1.16      1.68     -0.97  0.       -3999.196       6827.913       5050.248    0.000  -0.139   0.381   0.
  2017 352 17 40  0 501 352.736116916      -0.92      2.05     -0.22  0.       -4000.201       6827.835       5048.988    0.000  -0.139   0.381   0.
  2017 352 17 40  1 501 352.736128490      -0.99      2.07      0.10  0.       -4001.206       6827.757       5047.729    0.000  -0.139   0.381   0.
  2017 352 17 40  2 501 352.736140064      -1.41      1.24      0.26  0.       -4002.210       6827.678       5046.469    0.000  -0.139   0.381   0.
  2017 352 17 40  3 501 352.736151638      -1.26      0.68     -0.80  0.       -4003.215       6827.599       5045.208    0.000  -0.139   0.381   0.
  2017 352 17 40  4 501 352.736163212      -0.96      0.95     -1.47  0.       -4004.219       6827.520       5043.948    0.000  -0.139   0.381   0.
  2017 352 17 40  5 501 352.736174786      -0.36      1.26     -1.44  0.       -4005.223       6827.440       5042.687    0.000  -0.139   0.381   0.
  2017 352 17 40  6 501 352.736186360      -0.48      1.35     -1.32  0.       -4006.227       6827.361       5041.426    0.000  -0.139   0.381   0.
  2017 352 17 40  7 501 352.736197934      -0.97      1.92     -0.72  0.       -4007.231       6827.280       5040.165    0.000  -0.139   0.381   0.
  2017 352 17 40  8 501 352.736209508      -1.21      2.09      0.34  0.       -4008.234       6827.200       5038.903    0.000  -0.139   0.381   0.
  2017 352 17 40  9 501 352.736221082      -1.51      2.44      0.83  0.       -4009.237       6827.119       5037.642    0.000  -0.139   0.381   0.
  2017 352 17 40 10 501 352.736232656      -1.36      2.24      0.59  0.       -4010.240       6827.037       5036.380    0.000  -0.139   0.381   0.
  2017 352 17 40 11 501 352.736244230      -1.32      2.20     -0.42  0.       -4011.243       6826.956       5035.117    0.000  -0.139   0.381   0.
  2017 352 17 40 12 501 352.736255804      -1.47      2.03     -0.21  0.       -4012.246       6826.874       5033.855    0.000  -0.139   0.381   0.
  2017 352 17 40 13 501 352.736267379      -1.90      2.34     -0.52  0.       -4013.248       6826.791       5032.592    0.000  -0.139   0.381   0.
  2017 352 17 40 14 501 352.736278953      -1.86      3.06     -0.32  0.       -4014.250       6826.708       5031.329    0.000  -0.139   0.381   0.
  2017 352 17 40 15 501 352.736290527      -1.81      2.94      0.02  0.       -4015.252       6826.625       5030.065    0.000  -0.139   0.381   0.
  2017 352 17 40 16 501 352.736302101      -1.97      2.29      0.06  0.       -4016.254       6826.542       5028.802    0.000  -0.139   0.381   0.
  2017 352 17 40 17 501 352.736313674      -1.31      2.03     -0.50  0.       -4017.256       6826.458       5027.538    0.000  -0.139   0.381   0.
  2017 352 17 40 18 501 352.736325246      -1.27      2.16     -0.50  0.       -4018.257       6826.374       5026.274    0.000  -0.139   0.381   0.
  2017 352 17 40 19 501 352.736336820      -1.03      2.40     -0.44  0.       -4019.258       6826.289       5025.009    0.000  -0.139   0.381   0.
  2017 352 17 40 20 501 352.736348394      -0.63      2.55     -0.79  0.       -4020.259       6826.204       5023.745    0.000  -0.139   0.381   0.
  2017 352 17 40 21 501 352.736359968      -0.60      2.47     -1.27  0.       -4021.260       6826.119       5022.480    0.000  -0.139   0.381   0.
  2017 352 17 40 22 501 352.736371542      -0.67      2.22     -0.99  0.       -4022.260       6826.034       5021.215    0.000  -0.139   0.381   0.
  2017 352 17 40 23 501 352.736383116      -0.13      2.20     -0.78  0.       -4023.261       6825.948       5019.949    0.000  -0.139   0.381   0.
  2017 352 17 40 24 501 352.736394690       0.23      1.88     -1.01  0.       -4024.261       6825.861       5018.683    0.000  -0.139   0.381   0.
  2017 352 17 40 25 501 352.736406264      -0.26      1.79     -1.06  0.       -4025.261       6825.775       5017.417    0.000  -0.139   0.381   0.
  2017 352 17 40 26 501 352.736417839      -0.36      1.63     -1.38  0.       -4026.260       6825.688       5016.151    0.000  -0.139   0.381   0.
  2017 352 17 40 27 501 352.736429413      -0.14      1.49     -1.35  0.       -4027.260       6825.600       5014.885    0.000  -0.139   0.381   0.
  2017 352 17 40 28 501 352.736440987      -0.36      1.45     -1.65  0.       -4028.259       6825.513       5013.618    0.000  -0.139   0.381   0.
  2017 352 17 40 29 501 352.736452561      -0.44      1.93     -1.98  0.       -4029.258       6825.425       5012.351    0.000  -0.139   0.381   0.
  2017 352 17 40 30 501 352.736464135      -0.88      2.36     -2.02  0.       -4030.257       6825.336       5011.084    0.000  -0.139   0.381   0.
  2017 352 17 40 31 501 352.736475709      -1.00      2.26     -1.58  0.       -4031.256       6825.247       5009.816    0.000  -0.139   0.381   0.
  2017 352 17 40 32 501 352.736487283      -0.32      1.79     -1.88  0.       -4032.254       6825.158       5008.548    0.000  -0.139   0.381   0.
  2017 352 17 40 33 501 352.736498857      -0.38      1.49     -2.07  0.       -4033.252       6825.069       5007.280    0.000  -0.139   0.381   0.
  2017 352 17 40 34 501 352.736510431      -0.24      2.15     -1.61  0.       -4034.250       6824.979       5006.012    0.000  -0.139   0.381   0.
  2017 352 17 40 35 501 352.736522005      -0.58      2.85     -1.22  0.       -4035.248       6824.889       5004.743    0.000  -0.139   0.381   0.
  2017 352 17 40 36 501 352.736533579      -1.01      2.56     -1.11  0.       -4036.246       6824.798       5003.475    0.000  -0.139   0.381   0.
  2017 352 17 40 37 501 352.736545153      -1.20      2.32     -0.91  0.       -4037.243       6824.707       5002.206    0.000  -0.139   0.381   0.
  2017 352 17 40 38 501 352.736556727      -0.94      2.03     -0.35  0.       -4038.240       6824.616       5000.936    0.000  -0.139   0.381   0.
  2017 352 17 40 39 501 352.736568302      -0.44      2.62     -0.89  0.       -4039.237       6824.524       4999.667    0.000  -0.139   0.381   0.
  2017 352 17 40 40 501 352.736579876      -0.14      2.82     -1.48  0.       -4040.234       6824.432       4998.397    0.000  -0.139   0.381   0.
  2017 352 17 40 41 501 352.736591450       0.23      2.06     -2.58  0.       -4041.231       6824.340       4997.127    0.000  -0.139   0.381   0.
  2017 352 17 40 42 501 352.736603024       0.66      1.47     -2.14  0.       -4042.227       6824.247       4995.856    0.000  -0.139   0.381   0.
  2017 352 17 40 43 501 352.736614598      -0.06      2.20     -0.77  0.       -4043.223       6824.154       4994.586    0.000  -0.139   0.381   0.
  2017 352 17 40 44 501 352.736626172      -0.84      2.17     -0.07  0.       -4044.219       6824.061       4993.315    0.000  -0.139   0.381   0.
  2017 352 17 40 45 501 352.736637746      -1.52      0.66     -0.31  0.       -4045.215       6823.967       4992.043    0.000  -0.139   0.381   0.
  2017 352 17 40 46 501 352.736649320      -1.75      0.52     -0.37  0.       -4046.210       6823.873       4990.772    0.000  -0.139   0.381   0.
  2017 352 17 40 47 501 352.736660894      -0.73      1.99     -1.11  0.       -4047.205       6823.779       4989.500    0.000  -0.139   0.381   0.
  2017 352 17 40 48 501 352.736672468      -0.19      2.21     -0.98  0.       -4048.200       6823.684       4988.228    0.000  -0.139   0.381   0.
  2017 352 17 40 49 500 352.736684041      -0.87      2.66     -0.23  0.       -4049.195       6823.589       4986.956    0.000  -0.139   0.381   0.
  2017 352 17 40 50 501 352.736695613      -1.63      2.04      0.37  0.       -4050.190       6823.494       4985.684    0.000  -0.139   0.381   0.
  2017 352 17 40 51 500 352.736707187      -1.74      1.04      0.11  0.       -4051.184       6823.397       4984.411    0.000  -0.139   0.381   0.
  2017 352 17 40 52 500 352.736718762      -1.72      0.65     -1.19  0.       -4052.179       6823.301       4983.138    0.000  -0.139   0.381   0.
  2017 352 17 40 53 500 352.736730336      -1.29      1.67     -1.46  0.       -4053.173       6823.204       4981.865    0.000  -0.139   0.381   0.
  2017 352 17 40 54 501 352.736741910      -1.26      2.32     -1.31  0.       -4054.166       6823.108       4980.591    0.000  -0.139   0.381   0.
  2017 352 17 40 55 501 352.736753484      -0.88      3.05     -1.01  0.       -4055.160       6823.010       4979.317    0.000  -0.139   0.381   0.
  2017 352 17 40 56 501 352.736765058      -1.08      3.77     -0.03  0.       -4056.153       6822.913       4978.043    0.000  -0.139   0.381   0.
  2017 352 17 40 57 501 352.736776632      -1.12      3.93     -0.06  0.       -4057.147       6822.815       4976.769    0.000  -0.139   0.381   0.
  2017 352 17 40 58 500 352.736788206      -1.14      3.32     -0.36  0.       -4058.140       6822.716       4975.495    0.000  -0.139   0.381   0.
  2017 352 17 40 59 500 352.736799780      -1.04      2.35     -1.01  0.       -4059.132       6822.618       4974.220    0.000  -0.139   0.381   0.
  2017 352 17 41  0 500 352.736811354      -1.25      1.71     -1.21  0.       -4060.125       6822.519       4972.945    0.000  -0.139   0.381   0.
  2017 352 17 41  1 500 352.736822928      -1.14      1.18     -1.25  0.       -4061.117       6822.419       4971.669    0.000  -0.139   0.381   0.
  2017 352 17 41  2 500 352.736834502      -0.29      1.10     -1.57  0.       -4062.110       6822.319       4970.394    0.000  -0.139   0.381   0.
  2017 352 17 41  3 501 352.736846076       0.81      1.71     -2.28  0.       -4063.102       6822.219       4969.118    0.000  -0.139   0.381   0.
  2017 352 17 41  4 501 352.736857650       0.83      2.54     -2.66  0.       -4064.093       6822.119       4967.842    0.000  -0.139   0.381   0.
  2017 352 17 41  5 500 352.736869225      -0.79      3.41     -0.82  0.       -4065.085       6822.018       4966.566    0.000  -0.139   0.381   0.
  2017 352 17 41  6 500 352.736880799      -1.26      2.60     -1.12  0.       -4066.076       6821.917       4965.289    0.000  -0.139   0.381   0.
  2017 352 17 41  7 501 352.736892373      -0.53      2.92     -1.72  0.       -4067.067       6821.815       4964.012    0.000  -0.139   0.381   0.
  2017 352 17 41  8 501 352.736903947      -0.01      3.62     -1.95  0.       -4068.058       6821.713       4962.735    0.000  -0.139   0.381   0.
  2017 352 17 41  9 501 352.736915521       0.49      2.08     -1.36  0.       -4069.048       6821.611       4961.457    0.000  -0.139   0.381   0.
  2017 352 17 41 10 501 352.736927095      -0.40      1.20     -0.58  0.       -4070.039       6821.508       4960.180    0.000  -0.139   0.381   0.
  2017 352 17 41 11 501 352.736938669      -1.05      0.38     -1.11  0.       -4071.029       6821.405       4958.902    0.000  -0.139   0.381   0.
  2017 352 17 41 12 500 352.736950243      -0.80      1.10     -0.97  0.       -4072.019       6821.302       4957.624    0.000  -0.139   0.381   0.
  2017 352 17 41 13 500 352.736961817      -0.27      0.99     -0.66  0.       -4073.009       6821.198       4956.345    0.000  -0.139   0.381   0.
  2017 352 17 41 14 500 352.736973391      -0.52      1.51     -0.05  0.       -4073.998       6821.094       4955.067    0.000  -0.139   0.381   0.
  2017 352 17 41 15 500 352.736984965      -1.39      0.82     -1.05  0.       -4074.988       6820.990       4953.788    0.000  -0.139   0.381   0.
  2017 352 17 41 16 500 352.736996539      -2.00     -0.07     -1.84  0.       -4075.977       6820.885       4952.508    0.000  -0.139   0.381   0.
  2017 352 17 41 17 501 352.737008113      -1.34      0.23     -1.76  0.       -4076.966       6820.780       4951.229    0.000  -0.139   0.381   0.
  2017 352 17 41 18 500 352.737019685      -1.44      0.48     -1.37  0.       -4077.954       6820.675       4949.949    0.000  -0.139   0.381   0.
  2017 352 17 41 19 500 352.737031259      -0.77      1.11     -1.00  0.       -4078.943       6820.569       4948.669    0.000  -0.139   0.381   0.
  2017 352 17 41 20 500 352.737042833      -0.94      2.93     -0.51  0.       -4079.931       6820.463       4947.389    0.000  -0.139   0.381   0.
  2017 352 17 41 21 500 352.737054407      -1.01      2.98      0.15  0.       -4080.919       6820.356       4946.109    0.000  -0.139   0.381   0.
  2017 352 17 41 22 500 352.737065981      -1.39      2.00     -0.68  0.       -4081.907       6820.249       4944.828    0.000  -0.139   0.381   0.
  2017 352 17 41 23 500 352.737077555      -0.42      1.14     -1.92  0.       -4082.895       6820.142       4943.547    0.000  -0.139   0.381   0.
  2017 352 17 41 24 500 352.737089129      -0.71      0.26     -2.06  0.       -4083.882       6820.034       4942.266    0.000  -0.139   0.381   0.
  2017 352 17 41 25 500 352.737100703      -1.20      1.46     -2.39  0.       -4084.870       6819.926       4940.984    0.000  -0.139   0.381   0.
  2017 352 17 41 26 500 352.737112277      -1.07      1.85     -2.97  0.       -4085.857       6819.818       4939.702    0.000  -0.139   0.381   0.
  2017 352 17 41 27 500 352.737123851      -1.25      1.73     -2.84  0.       -4086.843       6819.709       4938.420    0.000  -0.139   0.381   0.
  2017 352 17 41 28 500 352.737135425      -1.41      2.46     -1.83  0.       -4087.830       6819.600       4937.138    0.000  -0.139   0.381   0.
  2017 352 17 41 29 500 352.737146999      -1.29      2.98     -1.19  0.       -4088.816       6819.491       4935.855    0.000  -0.139   0.381   0.
  2017 352 17 41 30 500 352.737158573      -1.32      1.95     -0.42  0.       -4089.802       6819.381       4934.572    0.000  -0.139   0.381   0.
  2017 352 17 41 31 500 352.737170148      -1.95      2.40     -1.14  0.       -4090.788       6819.271       4933.289    0.000  -0.139   0.381   0.
  2017 352 17 41 32 500 352.737181722      -1.23      2.12     -2.04  0.       -4091.774       6819.161       4932.006    0.000  -0.139   0.381   0.
  2017 352 17 41 33 500 352.737193296      -0.72      1.87     -1.87  0.       -4092.760       6819.050       4930.722    0.000  -0.139   0.381   0.
  2017 352 17 41 34 500 352.737204870      -0.64      1.42     -1.12  0.       -4093.745       6818.939       4929.439    0.000  -0.139   0.381   0.
  2017 352 17 41 35 500 352.737216444      -0.06      1.07     -1.74  0.       -4094.730       6818.827       4928.155    0.000  -0.139   0.381   0.
  2017 352 17 41 36 500 352.737228018       0.21      1.02     -3.34  0.       -4095.715       6818.716       4926.870    0.000  -0.139   0.381   0.
  2017 352 17 41 37 500 352.737239592       0.28      1.94     -1.63  0.       -4096.700       6818.603       4925.586    0.000  -0.139   0.381   0.
  2017 352 17 41 38 500 352.737251166      -0.05      4.29     -0.83  0.       -4097.684       6818.491       4924.301    0.000  -0.139   0.381   0.
  2017 352 17 41 39 500 352.737262740       1.08      3.52     -2.04  0.       -4098.668       6818.378       4923.015    0.000  -0.139   0.381   0.
  2017 352 17 41 40 500 352.737274314       1.97      2.21     -2.81  0.       -4099.652       6818.264       4921.730    0.000  -0.139   0.381   0.
  2017 352 17 41 41 500 352.737285888       0.36      1.09     -1.79  0.       -4100.636       6818.151       4920.444    0.000  -0.139   0.381   0.
  2017 352 17 41 42 500 352.737297462      -1.27      1.29     -2.36  0.       -4101.620       6818.037       4919.159    0.000  -0.139   0.381   0.
  2017 352 17 41 43 500 352.737309036      -2.50      2.51     -3.96  0.       -4102.603       6817.922       4917.872    0.000  -0.139   0.381   0.
  2017 352 17 41 44 500 352.737320611      -2.38      1.76     -3.81  0.       -4103.586       6817.808       4916.586    0.000  -0.139   0.381   0.
  2017 352 17 41 45 500 352.737332185      -1.75      0.71     -2.56  0.       -4104.569       6817.693       4915.299    0.000  -0.139   0.381   0.
  2017 352 17 41 46 500 352.737343759      -1.27      1.70     -1.89  0.       -4105.552       6817.577       4914.012    0.000  -0.139   0.381   0.
  2017 352 17 41 47 500 352.737355332      -0.71      3.90     -1.11  0.       -4106.535       6817.461       4912.725    0.000  -0.139   0.381   0.
  2017 352 17 41 48 500 352.737366904       1.59      4.47     -0.73  0.       -4107.517       6817.345       4911.438    0.000  -0.139   0.381   0.
  2017 352 17 41 49 500 352.737378478       1.56      4.51     -0.06  0.       -4108.499       6817.229       4910.150    0.000  -0.139   0.381   0.
  2017 352 17 41 50 500 352.737390052      -0.10      3.37     -0.48  0.       -4109.481       6817.112       4908.862    0.000  -0.139   0.381   0.
  2017 352 17 41 51 500 352.737401626      -1.27      1.88     -1.74  0.       -4110.462       6816.994       4907.574    0.000  -0.139   0.381   0.
  2017 352 17 41 52 500 352.737413200      -2.15      1.80     -1.13  0.       -4111.444       6816.877       4906.285    0.000  -0.139   0.381   0.
  2017 352 17 41 53 500 352.737424774      -2.03      1.64     -1.00  0.       -4112.425       6816.759       4904.997    0.000  -0.139   0.381   0.
  2017 352 17 41 54 500 352.737436348      -2.22      1.70     -1.32  0.       -4113.406       6816.641       4903.708    0.000  -0.139   0.381   0.
  2017 352 17 41 55 500 352.737447922      -1.68      3.47     -1.59  0.       -4114.387       6816.522       4902.418    0.000  -0.139   0.381   0.
  2017 352 17 41 56 500 352.737459497      -0.63      2.80     -1.88  0.       -4115.368       6816.403       4901.129    0.000  -0.139   0.381   0.
  2017 352 17 41 57 500 352.737471071      -0.16      1.45     -0.62  0.       -4116.348       6816.284       4899.839    0.000  -0.139   0.381   0.
  2017 352 17 41 58 500 352.737482645       0.19      1.68     -1.00  0.       -4117.328       6816.164       4898.549    0.000  -0.139   0.381   0.
  2017 352 17 41 59 500 352.737494219      -0.25      1.75     -0.84  0.       -4118.308       6816.044       4897.259    0.000  -0.139   0.381   0.
  2017 352 17 42  0 500 352.737505793      -0.04      1.69     -0.94  0.       -4119.288       6815.923       4895.968    0.000  -0.139   0.381   0.
  2017 352 17 42  1 500 352.737517367      -0.12      1.53     -0.22  0.       -4120.267       6815.803       4894.677    0.000  -0.139   0.381   0.
  2017 352 17 42  2 500 352.737528941       0.05      1.37      0.08  0.       -4121.247       6815.682       4893.386    0.000  -0.139   0.381   0.
  2017 352 17 42  3 500 352.737540515       0.71      1.19      0.14  0.       -4122.226       6815.560       4892.095    0.000  -0.139   0.381   0.
  2017 352 17 42  4 500 352.737552089       1.03      1.15     -0.24  0.       -4123.204       6815.438       4890.803    0.000  -0.139   0.381   0.
  2017 352 17 42  5 500 352.737563663       0.90      1.18     -0.52  0.       -4124.183       6815.316       4889.512    0.000  -0.139   0.381   0.
  2017 352 17 42  6 500 352.737575237       0.72      1.24     -0.85  0.       -4125.162       6815.193       4888.220    0.000  -0.139   0.381   0.
  2017 352 17 42  7 500 352.737586811      -0.69      0.63     -1.35  0.       -4126.140       6815.070       4886.927    0.000  -0.139   0.381   0.
  2017 352 17 42  8 500 352.737598385      -2.95     -0.47     -0.99  0.       -4127.118       6814.947       4885.635    0.000  -0.139   0.381   0.
  2017 352 17 42  9 500 352.737609960      -1.41     -0.14     -0.80  0.       -4128.096       6814.823       4884.342    0.000  -0.139   0.381   0.
  2017 352 17 42 10 500 352.737621534       0.20      1.05     -1.21  0.       -4129.073       6814.699       4883.049    0.000  -0.139   0.381   0.
  2017 352 17 42 11 500 352.737633108       0.63      2.65     -0.90  0.       -4130.050       6814.575       4881.755    0.000  -0.139   0.381   0.
  2017 352 17 42 12 500 352.737644682      -0.88      1.44     -0.85  0.       -4131.028       6814.450       4880.462    0.000  -0.139   0.381   0.
  2017 352 17 42 13 500 352.737656256      -0.39      0.34      0.38  0.       -4132.005       6814.325       4879.168    0.000  -0.139   0.381   0.
  2017 352 17 42 14 500 352.737667830       0.86      2.66     -0.42  0.       -4132.981       6814.200       4877.874    0.000  -0.139   0.381   0.
  2017 352 17 42 15 500 352.737679403       0.72      3.16     -0.02  0.       -4133.958       6814.074       4876.579    0.000  -0.139   0.381   0.
  2017 352 17 42 16 500 352.737690975       1.21      2.12     -0.35  0.       -4134.934       6813.948       4875.285    0.000  -0.139   0.381   0.
  2017 352 17 42 17 500 352.737702549      -0.08      1.25     -0.02  0.       -4135.910       6813.821       4873.990    0.000  -0.139   0.381   0.
  2017 352 17 42 18 500 352.737714123      -0.08      1.44     -0.02  0.       -4136.886       6813.695       4872.695    0.000  -0.139   0.381   0.
  2017 352 17 42 19 500 352.737725697       0.40      1.90     -0.85  0.       -4137.861       6813.567       4871.399    0.000  -0.139   0.381   0.
  2017 352 17 42 20 500 352.737737271       0.30      1.28     -0.43  0.       -4138.837       6813.440       4870.104    0.000  -0.139   0.381   0.
  2017 352 17 42 21 500 352.737748845       0.05      1.06     -0.15  0.       -4139.812       6813.312       4868.807    0.000  -0.139   0.381   0.
  2017 352 17 42 22 500 352.737760420      -0.51      1.15     -0.18  0.       -4140.787       6813.183       4867.512    0.000  -0.139   0.381   0.
  2017 352 17 42 23 500 352.737771994      -0.42      1.10     -0.31  0.       -4141.762       6813.055       4866.215    0.000  -0.139   0.381   0.
  2017 352 17 42 24 500 352.737783568      -0.10      1.27     -0.31  0.       -4142.736       6812.926       4864.918    0.000  -0.139   0.381   0.
  2017 352 17 42 25 500 352.737795142       0.26      1.20     -0.65  0.       -4143.710       6812.796       4863.621    0.000  -0.139   0.381   0.
  2017 352 17 42 26 500 352.737806716      -0.65      0.96     -0.70  0.       -4144.685       6812.667       4862.324    0.000  -0.139   0.381   0.
  2017 352 17 42 27 500 352.737818290      -1.30      0.19     -0.84  0.       -4145.658       6812.537       4861.027    0.000  -0.139   0.381   0.
  2017 352 17 42 28 500 352.737829864      -1.60      0.17     -0.85  0.       -4146.632       6812.406       4859.729    0.000  -0.139   0.381   0.
  2017 352 17 42 29 500 352.737841438      -1.46      1.00     -1.13  0.       -4147.606       6812.275       4858.431    0.000  -0.139   0.381   0.
  2017 352 17 42 30 500 352.737853012      -1.51      2.39     -1.55  0.       -4148.579       6812.144       4857.133    0.000  -0.139   0.381   0.
  2017 352 17 42 31 500 352.737864586      -1.66      1.86     -0.71  0.       -4149.552       6812.013       4855.834    0.000  -0.139   0.381   0.
  2017 352 17 42 32 500 352.737876160      -0.82      0.70     -0.22  0.       -4150.525       6811.881       4854.536    0.000  -0.139   0.381   0.
  2017 352 17 42 33 500 352.737887734       0.56      0.61     -0.74  0.       -4151.497       6811.749       4853.237    0.000  -0.139   0.381   0.
  2017 352 17 42 34 500 352.737899308       1.13      1.63     -0.78  0.       -4152.469       6811.616       4851.937    0.000  -0.139   0.381   0.
  2017 352 17 42 35 500 352.737910883       2.05      2.15     -1.10  0.       -4153.441       6811.483       4850.638    0.000  -0.139   0.381   0.
  2017 352 17 42 36 500 352.737922457       1.68      1.75     -0.76  0.       -4154.413       6811.350       4849.338    0.000  -0.139   0.381   0.
  2017 352 17 42 37 500 352.737934031       0.27      1.69     -0.39  0.       -4155.385       6811.216       4848.038    0.000  -0.139   0.381   0.
  2017 352 17 42 38 500 352.737945605       0.24      1.70     -0.13  0.       -4156.357       6811.082       4846.738    0.000  -0.139   0.381   0.
  2017 352 17 42 39 500 352.737957179      -0.69     -0.28     -1.97  0.       -4157.328       6810.948       4845.437    0.000  -0.139   0.381   0.
  2017 352 17 42 40 500 352.737968753      -0.67     -0.65     -0.34  0.       -4158.299       6810.813       4844.137    0.000  -0.139   0.381   0.
  2017 352 17 42 41 500 352.737980327       0.40      1.25     -0.29  0.       -4159.270       6810.678       4842.835    0.000  -0.139   0.381   0.
  2017 352 17 42 42 500 352.737991901       0.38      2.46     -0.33  0.       -4160.240       6810.542       4841.534    0.000  -0.139   0.381   0.
  2017 352 17 42 43 500 352.738003475       0.18      3.76     -1.00  0.       -4161.211       6810.406       4840.233    0.000  -0.139   0.381   0.
  2017 352 17 42 44 500 352.738015049      -1.12      0.57     -0.92  0.       -4162.181       6810.270       4838.931    0.000  -0.139   0.381   0.
  2017 352 17 42 45 500 352.738026623      -0.53      0.07     -0.67  0.       -4163.151       6810.134       4837.629    0.000  -0.139   0.381   0.
  2017 352 17 42 46 500 352.738038194      -0.34      0.65     -1.17  0.       -4164.120       6809.997       4836.327    0.000  -0.139   0.381   0.
  2017 352 17 42 47 499 352.738049769      -0.23      1.85     -1.68  0.       -4165.090       6809.860       4835.024    0.000  -0.139   0.381   0.
  2017 352 17 42 48 499 352.738061343      -0.22      2.96     -1.58  0.       -4166.059       6809.722       4833.721    0.000  -0.139   0.381   0.
  2017 352 17 42 49 500 352.738072917       0.32      3.67     -1.48  0.       -4167.028       6809.584       4832.418    0.000  -0.139   0.381   0.
  2017 352 17 42 50 500 352.738084491      -0.16      2.07     -1.92  0.       -4167.997       6809.446       4831.115    0.000  -0.139   0.381   0.
  2017 352 17 42 51 500 352.738096065      -1.21      1.52     -0.98  0.       -4168.966       6809.307       4829.811    0.000  -0.139   0.381   0.
  2017 352 17 42 52 500 352.738107639      -1.70      2.96     -1.64  0.       -4169.934       6809.168       4828.507    0.000  -0.139   0.381   0.
  2017 352 17 42 53 500 352.738119213      -1.15      2.30     -1.05  0.       -4170.902       6809.028       4827.203    0.000  -0.139   0.381   0.
  2017 352 17 42 54 499 352.738130787      -1.71      1.42     -0.89  0.       -4171.870       6808.889       4825.899    0.000  -0.139   0.381   0.
  2017 352 17 42 55 499 352.738142361      -1.36      1.16     -1.04  0.       -4172.838       6808.749       4824.594    0.000  -0.139   0.381   0.
  2017 352 17 42 56 499 352.738153935       0.98      1.49     -2.12  0.       -4173.806       6808.608       4823.289    0.000  -0.139   0.381   0.
  2017 352 17 42 57 499 352.738165509      -0.21      0.50     -2.57  0.       -4174.773       6808.467       4821.984    0.000  -0.139   0.381   0.
  2017 352 17 42 58 499 352.738177083      -1.26     -0.71     -2.80  0.       -4175.740       6808.326       4820.679    0.000  -0.139   0.381   0.
  2017 352 17 42 59 500 352.738188657      -1.34     -0.47     -2.68  0.       -4176.707       6808.184       4819.373    0.000  -0.139   0.381   0.
  2017 352 17 43  0 500 352.738200232      -1.30     -0.13     -2.33  0.       -4177.673       6808.043       4818.067    0.000  -0.139   0.381   0.
  2017 352 17 43  1 499 352.738211806      -1.01      1.17     -1.62  0.       -4178.640       6807.900       4816.761    0.000  -0.139   0.381   0.
  2017 352 17 43  2 499 352.738223380      -0.75      2.56     -0.95  0.       -4179.606       6807.758       4815.455    0.000  -0.139   0.381   0.
  2017 352 17 43  3 500 352.738234954      -0.57      3.22     -0.21  0.       -4180.572       6807.615       4814.148    0.000  -0.139   0.381   0.
  2017 352 17 43  4 500 352.738246528      -0.08      2.79     -0.41  0.       -4181.538       6807.471       4812.841    0.000  -0.139   0.381   0.
  2017 352 17 43  5 500 352.738258102      -0.12      3.65     -0.59  0.       -4182.503       6807.328       4811.534    0.000  -0.139   0.381   0.
  2017 352 17 43  6 500 352.738269676       0.26      3.36     -0.40  0.       -4183.469       6807.184       4810.227    0.000  -0.139   0.381   0.
  2017 352 17 43  7 500 352.738281250       0.77      3.69     -0.59  0.       -4184.434       6807.039       4808.919    0.000  -0.139   0.381   0.
  2017 352 17 43  8 499 352.738292824       0.15      3.37      0.42  0.       -4185.399       6806.894       4807.611    0.000  -0.139   0.381   0.
  2017 352 17 43  9 499 352.738304398      -0.16      3.39     -0.27  0.       -4186.363       6806.749       4806.303    0.000  -0.139   0.381   0.
  2017 352 17 43 10 499 352.738315972      -0.00      2.86     -1.08  0.       -4187.328       6806.604       4804.995    0.000  -0.139   0.381   0.
  2017 352 17 43 11 499 352.738327546      -0.49      2.43     -0.32  0.       -4188.292       6806.458       4803.686    0.000  -0.139   0.381   0.
  2017 352 17 43 12 500 352.738339120       0.96      2.56     -0.50  0.       -4189.256       6806.311       4802.377    0.000  -0.139   0.381   0.
  2017 352 17 43 13 500 352.738350694       1.17      1.78     -0.63  0.       -4190.220       6806.165       4801.068    0.000  -0.139   0.381   0.
  2017 352 17 43 14 499 352.738362269      -0.27      1.09     -1.12  0.       -4191.183       6806.018       4799.759    0.000  -0.139   0.381   0.
  2017 352 17 43 15 499 352.738373842      -1.53      0.60     -1.63  0.       -4192.147       6805.871       4798.449    0.000  -0.139   0.381   0.
  2017 352 17 43 16 499 352.738385414      -2.10      0.12     -1.86  0.       -4193.110       6805.723       4797.139    0.000  -0.139   0.381   0.
  2017 352 17 43 17 499 352.738396988      -1.72      0.27     -0.57  0.       -4194.072       6805.575       4795.829    0.000  -0.139   0.381   0.
  2017 352 17 43 18 499 352.738408562      -0.18      0.63      0.27  0.       -4195.035       6805.427       4794.518    0.000  -0.139   0.381   0.
  2017 352 17 43 19 499 352.738420136       0.60      1.98     -0.90  0.       -4195.998       6805.278       4793.208    0.000  -0.139   0.381   0.
  2017 352 17 43 20 499 352.738431710      -0.97      3.08     -1.98  0.       -4196.960       6805.129       4791.897    0.000  -0.139   0.381   0.
  2017 352 17 43 21 499 352.738443284      -3.18      2.67     -2.79  0.       -4197.922       6804.979       4790.586    0.000  -0.139   0.381   0.
  2017 352 17 43 22 499 352.738454858      -3.20     -0.10     -2.09  0.       -4198.884       6804.829       4789.274    0.000  -0.139   0.381   0.
  2017 352 17 43 23 499 352.738466432      -2.50      0.23     -1.46  0.       -4199.845       6804.679       4787.963    0.000  -0.139   0.381   0.
  2017 352 17 43 24 499 352.738478006      -1.18      0.74     -1.01  0.       -4200.806       6804.529       4786.651    0.000  -0.139   0.381   0.
  2017 352 17 43 25 499 352.738489580      -1.11      1.46     -1.15  0.       -4201.768       6804.378       4785.338    0.000  -0.139   0.381   0.
  2017 352 17 43 26 499 352.738501155      -1.42      3.17     -0.97  0.       -4202.728       6804.226       4784.026    0.000  -0.139   0.381   0.
  2017 352 17 43 27 499 352.738512729      -1.12      4.02      0.20  0.       -4203.689       6804.075       4782.713    0.000  -0.139   0.381   0.
  2017 352 17 43 28 499 352.738524303      -0.86      3.62      1.08  0.       -4204.650       6803.923       4781.400    0.000  -0.139   0.381   0.
  2017 352 17 43 29 499 352.738535877       0.15      4.65      0.30  0.       -4205.610       6803.771       4780.087    0.000  -0.139   0.381   0.
  2017 352 17 43 30 499 352.738547451       0.48      3.62     -0.98  0.       -4206.570       6803.618       4778.773    0.000  -0.139   0.381   0.
  2017 352 17 43 31 499 352.738559025       0.51      1.42     -2.00  0.       -4207.530       6803.465       4777.459    0.000  -0.139   0.381   0.
  2017 352 17 43 32 499 352.738570599      -0.72      0.36     -2.65  0.       -4208.489       6803.311       4776.146    0.000  -0.139   0.381   0.
  2017 352 17 43 33 499 352.738582173      -0.89     -0.14     -1.48  0.       -4209.448       6803.157       4774.831    0.000  -0.139   0.381   0.
  2017 352 17 43 34 499 352.738593747      -0.34      0.89     -0.07  0.       -4210.408       6803.003       4773.517    0.000  -0.139   0.381   0.
  2017 352 17 43 35 499 352.738605321       0.30      1.84      0.52  0.       -4211.366       6802.849       4772.202    0.000  -0.139   0.381   0.
  2017 352 17 43 36 499 352.738616895       0.25      2.04      1.51  0.       -4212.325       6802.694       4770.887    0.000  -0.139   0.381   0.
  2017 352 17 43 37 499 352.738628469       0.43      3.01      2.72  0.       -4213.283       6802.539       4769.572    0.000  -0.139   0.381   0.
  2017 352 17 43 38 499 352.738640043       0.69      2.62      1.88  0.       -4214.242       6802.383       4768.256    0.000  -0.139   0.381   0.
  2017 352 17 43 39 499 352.738651617       2.01      3.72     -0.24  0.       -4215.200       6802.227       4766.941    0.000  -0.139   0.381   0.
  2017 352 17 43 40 499 352.738663192       1.84      4.62      0.03  0.       -4216.157       6802.071       4765.624    0.000  -0.139   0.381   0.
  2017 352 17 43 41 499 352.738674766       0.59      2.03     -1.51  0.       -4217.115       6801.914       4764.308    0.000  -0.139   0.381   0.
  2017 352 17 43 42 499 352.738686340      -3.10      0.39      0.68  0.       -4218.072       6801.757       4762.992    0.000  -0.139   0.381   0.
  2017 352 17 43 43 499 352.738697913      -1.29      1.95      0.14  0.       -4219.029       6801.600       4761.675    0.000  -0.139   0.381   0.
  2017 352 17 43 44 499 352.738709485       1.10      1.78     -1.43  0.       -4219.986       6801.442       4760.358    0.000  -0.139   0.381   0.
  2017 352 17 43 45 499 352.738721059       1.75      2.29     -1.72  0.       -4220.943       6801.284       4759.041    0.000  -0.139   0.381   0.
  2017 352 17 43 46 499 352.738732633       0.91      1.37     -1.15  0.       -4221.899       6801.125       4757.723    0.000  -0.139   0.381   0.
  2017 352 17 43 47 499 352.738744207       0.56      1.07     -1.27  0.       -4222.856       6800.967       4756.405    0.000  -0.139   0.381   0.
  2017 352 17 43 48 499 352.738755781       0.32      1.38     -1.87  0.       -4223.812       6800.807       4755.087    0.000  -0.139   0.381   0.
  2017 352 17 43 49 499 352.738767355       0.24      1.18     -2.12  0.       -4224.767       6800.647       4753.769    0.000  -0.139   0.381   0.
  2017 352 17 43 50 499 352.738778929      -0.13      0.49     -2.24  0.       -4225.723       6800.488       4752.450    0.000  -0.139   0.381   0.
  2017 352 17 43 51 499 352.738790504      -1.23     -0.13     -2.68  0.       -4226.678       6800.328       4751.132    0.000  -0.139   0.381   0.
  2017 352 17 43 52 499 352.738802078      -1.44      0.30     -2.72  0.       -4227.633       6800.167       4749.813    0.000  -0.139   0.381   0.
  2017 352 17 43 53 499 352.738813652      -1.24      1.66     -1.85  0.       -4228.588       6800.006       4748.493    0.000  -0.139   0.381   0.
  2017 352 17 43 54 499 352.738825226      -1.58      3.29     -1.41  0.       -4229.543       6799.845       4747.174    0.000  -0.139   0.381   0.
  2017 352 17 43 55 499 352.738836800       1.20      3.67     -2.49  0.       -4230.497       6799.683       4745.854    0.000  -0.139   0.381   0.
  2017 352 17 43 56 499 352.738848374      -1.47      0.45     -0.50  0.       -4231.451       6799.521       4744.534    0.000  -0.139   0.381   0.
  2017 352 17 43 57 499 352.738859948      -1.23      1.34     -1.97  0.       -4232.405       6799.358       4743.214    0.000  -0.139   0.381   0.
  2017 352 17 43 58 499 352.738871522      -1.15      0.71     -2.18  0.       -4233.359       6799.196       4741.893    0.000  -0.139   0.381   0.
  2017 352 17 43 59 499 352.738883096      -1.51     -0.22     -0.94  0.       -4234.312       6799.032       4740.572    0.000  -0.139   0.381   0.
  2017 352 17 44  0 499 352.738894670      -2.11      1.97     -0.20  0.       -4235.266       6798.869       4739.251    0.000  -0.139   0.381   0.
  2017 352 17 44  1 499 352.738906244      -1.50      3.60     -2.23  0.       -4236.219       6798.705       4737.930    0.000  -0.139   0.381   0.
  2017 352 17 44  2 499 352.738917818      -0.65      2.87     -1.44  0.       -4237.172       6798.541       4736.608    0.000  -0.139   0.381   0.
  2017 352 17 44  3 499 352.738929392      -1.22      1.73     -1.25  0.       -4238.124       6798.376       4735.287    0.000  -0.139   0.381   0.
  2017 352 17 44  4 499 352.738940966      -2.28      1.27     -0.26  0.       -4239.077       6798.211       4733.965    0.000  -0.139   0.381   0.
  2017 352 17 44  5 499 352.738952541      -1.64      0.98      0.39  0.       -4240.029       6798.046       4732.642    0.000  -0.139   0.381   0.
  2017 352 17 44  6 499 352.738964115      -0.09      1.97     -0.87  0.       -4240.981       6797.880       4731.320    0.000  -0.139   0.381   0.
  2017 352 17 44  7 499 352.738975689       0.74      3.79     -0.39  0.       -4241.932       6797.714       4729.997    0.000  -0.139   0.381   0.
  2017 352 17 44  8 499 352.738987263       2.26      3.20     -1.42  0.       -4242.884       6797.548       4728.674    0.000  -0.139   0.381   0.
  2017 352 17 44  9 499 352.738998837       0.41      1.73     -2.12  0.       -4243.835       6797.381       4727.350    0.000  -0.139   0.381   0.
  2017 352 17 44 10 499 352.739010411      -2.73      0.85     -2.71  0.       -4244.786       6797.214       4726.027    0.000  -0.139   0.381   0.
  2017 352 17 44 11 499 352.739021985      -4.18      0.55     -2.29  0.       -4245.737       6797.046       4724.703    0.000  -0.139   0.381   0.
  2017 352 17 44 12 499 352.739033559      -3.93      0.57     -0.80  0.       -4246.688       6796.879       4723.379    0.000  -0.139   0.381   0.
  2017 352 17 44 13 499 352.739045132      -3.11      1.80     -0.00  0.       -4247.638       6796.710       4722.055    0.000  -0.139   0.381   0.
  2017 352 17 44 14 499 352.739056704      -1.31      3.41     -1.62  0.       -4248.588       6796.542       4720.730    0.000  -0.139   0.381   0.
  2017 352 17 44 15 499 352.739068278      -0.07      1.39     -1.21  0.       -4249.538       6796.373       4719.405    0.000  -0.139   0.381   0.
  2017 352 17 44 16 499 352.739079852       0.30      1.38     -2.10  0.       -4250.488       6796.203       4718.080    0.000  -0.139   0.381   0.
  2017 352 17 44 17 499 352.739091427      -1.13      1.53     -2.51  0.       -4251.437       6796.034       4716.755    0.000  -0.139   0.381   0.
  2017 352 17 44 18 499 352.739103001      -1.94      1.08     -2.18  0.       -4252.386       6795.864       4715.429    0.000  -0.139   0.381   0.
  2017 352 17 44 19 499 352.739114575      -2.18      0.82     -2.50  0.       -4253.335       6795.693       4714.103    0.000  -0.139   0.381   0.
  2017 352 17 44 20 499 352.739126149      -2.25      1.37     -3.14  0.       -4254.284       6795.523       4712.777    0.000  -0.139   0.381   0.
  2017 352 17 44 21 499 352.739137723      -1.74      1.85     -2.82  0.       -4255.233       6795.351       4711.451    0.000  -0.139   0.381   0.
  2017 352 17 44 22 499 352.739149297      -0.55      2.64     -1.49  0.       -4256.181       6795.180       4710.124    0.000  -0.139   0.381   0.
  2017 352 17 44 23 499 352.739160871       0.35      2.32     -0.68  0.       -4257.129       6795.008       4708.798    0.000  -0.139   0.381   0.
  2017 352 17 44 24 499 352.739172445       0.29      2.28     -0.40  0.       -4258.077       6794.836       4707.470    0.000  -0.139   0.381   0.
  2017 352 17 44 25 499 352.739184019       0.44      2.57     -0.40  0.       -4259.025       6794.663       4706.143    0.000  -0.139   0.381   0.
  2017 352 17 44 26 499 352.739195593      -0.09      2.14     -0.58  0.       -4259.972       6794.490       4704.815    0.000  -0.139   0.381   0.
  2017 352 17 44 27 499 352.739207167      -0.53      1.54     -0.11  0.       -4260.919       6794.317       4703.488    0.000  -0.139   0.381   0.
  2017 352 17 44 28 499 352.739218741      -0.59      0.39     -0.61  0.       -4261.866       6794.144       4702.159    0.000  -0.139   0.381   0.
  2017 352 17 44 29 499 352.739230315       0.08      0.95     -0.65  0.       -4262.813       6793.970       4700.831    0.000  -0.139   0.381   0.
  2017 352 17 44 30 499 352.739241889       0.88      0.63     -0.16  0.       -4263.759       6793.795       4699.503    0.000  -0.139   0.381   0.
  2017 352 17 44 31 499 352.739253464       0.74      2.56      0.38  0.       -4264.706       6793.620       4698.174    0.000  -0.139   0.381   0.
  2017 352 17 44 32 499 352.739265038       0.55      2.78      0.31  0.       -4265.652       6793.445       4696.845    0.000  -0.139   0.381   0.
  2017 352 17 44 33 499 352.739276612      -0.95      1.48     -0.61  0.       -4266.597       6793.270       4695.515    0.000  -0.139   0.381   0.
  2017 352 17 44 34 499 352.739288186      -1.81      0.22     -0.21  0.       -4267.543       6793.094       4694.186    0.000  -0.139   0.381   0.
  2017 352 17 44 35 499 352.739299760      -0.52      1.20     -0.28  0.       -4268.488       6792.918       4692.856    0.000  -0.139   0.381   0.
  2017 352 17 44 36 499 352.739311334       1.15      1.90     -1.76  0.       -4269.434       6792.741       4691.526    0.000  -0.139   0.381   0.
  2017 352 17 44 37 499 352.739322908       0.25      3.90     -1.54  0.       -4270.378       6792.564       4690.195    0.000  -0.139   0.381   0.
  2017 352 17 44 38 499 352.739334482      -1.17      4.60     -1.33  0.       -4271.323       6792.387       4688.865    0.000  -0.139   0.381   0.
  2017 352 17 44 39 499 352.739346056      -0.69      2.54     -1.86  0.       -4272.268       6792.210       4687.534    0.000  -0.139   0.381   0.
  2017 352 17 44 40 499 352.739357630       0.26      3.01     -3.05  0.       -4273.212       6792.031       4686.203    0.000  -0.139   0.381   0.
  2017 352 17 44 41 499 352.739369204      -1.60      2.82     -3.25  0.       -4274.156       6791.853       4684.872    0.000  -0.139   0.381   0.
  2017 352 17 44 42 499 352.739380775      -1.93      2.04     -2.45  0.       -4275.099       6791.674       4683.540    0.000  -0.139   0.381   0.
  2017 352 17 44 43 498 352.739392350      -0.87      1.99     -1.09  0.       -4276.043       6791.495       4682.208    0.000  -0.139   0.381   0.
  2017 352 17 44 44 498 352.739403924       0.51      2.16     -1.10  0.       -4276.986       6791.316       4680.876    0.000  -0.139   0.381   0.
  2017 352 17 44 45 499 352.739415498       0.96      1.68     -0.92  0.       -4277.930       6791.136       4679.544    0.000  -0.139   0.381   0.
  2017 352 17 44 46 499 352.739427072       1.95      1.77      0.30  0.       -4278.872       6790.956       4678.211    0.000  -0.139   0.381   0.
  2017 352 17 44 47 499 352.739438646       2.16      1.39     -0.03  0.       -4279.815       6790.775       4676.878    0.000  -0.139   0.381   0.
  2017 352 17 44 48 499 352.739450220       0.63      1.70      0.62  0.       -4280.757       6790.595       4675.545    0.000  -0.139   0.381   0.
  2017 352 17 44 49 499 352.739461794      -0.90      0.87     -0.49  0.       -4281.700       6790.413       4674.212    0.000  -0.139   0.381   0.
  2017 352 17 44 50 498 352.739473368      -0.18      1.44     -0.30  0.       -4282.641       6790.232       4672.878    0.000  -0.139   0.381   0.
  2017 352 17 44 51 498 352.739484942       1.90      2.81      0.02  0.       -4283.583       6790.050       4671.544    0.000  -0.139   0.381   0.
  2017 352 17 44 52 498 352.739496516       2.62      2.20     -0.64  0.       -4284.525       6789.867       4670.210    0.000  -0.139   0.381   0.
  2017 352 17 44 53 498 352.739508090       1.45      2.35     -0.50  0.       -4285.466       6789.685       4668.876    0.000  -0.139   0.381   0.
  2017 352 17 44 54 499 352.739519664       0.33      2.03     -0.68  0.       -4286.407       6789.502       4667.541    0.000  -0.139   0.381   0.
  2017 352 17 44 55 499 352.739531238      -0.84      1.37     -1.08  0.       -4287.348       6789.318       4666.206    0.000  -0.139   0.381   0.
  2017 352 17 44 56 499 352.739542813      -2.70      0.34     -0.94  0.       -4288.288       6789.134       4664.871    0.000  -0.139   0.381   0.
  2017 352 17 44 57 498 352.739554387      -2.38      1.60     -1.25  0.       -4289.229       6788.950       4663.536    0.000  -0.139   0.381   0.
  2017 352 17 44 58 498 352.739565961      -1.94      1.40     -0.73  0.       -4290.169       6788.766       4662.200    0.000  -0.139   0.381   0.
  2017 352 17 44 59 499 352.739577535      -2.55     -0.25     -1.60  0.       -4291.109       6788.581       4660.864    0.000  -0.139   0.381   0.
  2017 352 17 45  0 499 352.739589109      -2.29     -0.05     -0.94  0.       -4292.048       6788.395       4659.528    0.000  -0.139   0.381   0.
  2017 352 17 45  1 499 352.739600683      -0.65      0.26     -1.67  0.       -4292.988       6788.210       4658.192    0.000  -0.139   0.381   0.
  2017 352 17 45  2 499 352.739612257       0.27      0.38     -1.62  0.       -4293.927       6788.024       4656.856    0.000  -0.139   0.381   0.
  2017 352 17 45  3 498 352.739623831       0.88      0.57     -0.79  0.       -4294.866       6787.838       4655.519    0.000  -0.139   0.381   0.
  2017 352 17 45  4 498 352.739635405       0.21      0.81     -2.25  0.       -4295.805       6787.651       4654.182    0.000  -0.139   0.381   0.
  2017 352 17 45  5 498 352.739646979       0.43      0.67     -2.73  0.       -4296.743       6787.464       4652.844    0.000  -0.139   0.381   0.
  2017 352 17 45  6 498 352.739658553       0.52      2.17     -2.41  0.       -4297.681       6787.276       4651.507    0.000  -0.139   0.381   0.
  2017 352 17 45  7 498 352.739670127      -0.62      2.99     -1.00  0.       -4298.619       6787.089       4650.169    0.000  -0.139   0.381   0.
  2017 352 17 45  8 499 352.739681701      -1.25      2.88     -0.53  0.       -4299.557       6786.900       4648.831    0.000  -0.139   0.381   0.
  2017 352 17 45  9 499 352.739693275      -1.21      1.75     -0.33  0.       -4300.495       6786.712       4647.492    0.000  -0.139   0.381   0.
  2017 352 17 45 10 498 352.739704850      -1.61      2.08     -0.91  0.       -4301.432       6786.523       4646.154    0.000  -0.139   0.381   0.
  2017 352 17 45 11 498 352.739716424      -1.91      3.10     -2.33  0.       -4302.369       6786.334       4644.815    0.000  -0.139   0.381   0.
  2017 352 17 45 12 499 352.739727998      -1.91      2.57     -1.71  0.       -4303.306       6786.144       4643.476    0.000  -0.139   0.381   0.
  2017 352 17 45 13 499 352.739739571      -1.64      1.05     -1.27  0.       -4304.243       6785.954       4642.137    0.000  -0.139   0.381   0.
  2017 352 17 45 14 498 352.739751143       0.02      0.56      0.79  0.       -4305.179       6785.764       4640.797    0.000  -0.139   0.381   0.
  2017 352 17 45 15 498 352.739762717       0.98      0.56      0.94  0.       -4306.115       6785.573       4639.457    0.000  -0.139   0.381   0.
  2017 352 17 45 16 498 352.739774291       0.04      2.32      1.00  0.       -4307.051       6785.382       4638.117    0.000  -0.139   0.381   0.
  2017 352 17 45 17 498 352.739785865       0.58      3.69      1.31  0.       -4307.987       6785.191       4636.777    0.000  -0.139   0.381   0.
  2017 352 17 45 18 498 352.739797439       1.49      3.89      0.15  0.       -4308.923       6784.999       4635.436    0.000  -0.139   0.381   0.
  2017 352 17 45 19 498 352.739809013       1.22      4.25     -1.25  0.       -4309.858       6784.807       4634.095    0.000  -0.139   0.381   0.
  2017 352 17 45 20 498 352.739820587      -1.30      2.86     -1.02  0.       -4310.793       6784.614       4632.754    0.000  -0.139   0.381   0.
  2017 352 17 45 21 498 352.739832161      -2.29      1.52     -2.20  0.       -4311.728       6784.421       4631.413    0.000  -0.139   0.381   0.
  2017 352 17 45 22 498 352.739843736      -1.76      0.99     -2.32  0.       -4312.662       6784.228       4630.071    0.000  -0.139   0.381   0.
  2017 352 17 45 23 498 352.739855310      -0.92      0.52     -2.39  0.       -4313.597       6784.035       4628.729    0.000  -0.139   0.381   0.
  2017 352 17 45 24 498 352.739866884      -1.01      0.12     -2.16  0.       -4314.531       6783.841       4627.387    0.000  -0.139   0.381   0.
  2017 352 17 45 25 498 352.739878458      -0.82      0.65     -2.28  0.       -4315.465       6783.646       4626.045    0.000  -0.139   0.381   0.
  2017 352 17 45 26 498 352.739890032      -0.79      0.97     -2.32  0.       -4316.398       6783.452       4624.703    0.000  -0.139   0.381   0.
  2017 352 17 45 27 498 352.739901606      -0.93      1.40     -2.28  0.       -4317.332       6783.256       4623.360    0.000  -0.139   0.381   0.
  2017 352 17 45 28 498 352.739913180      -1.47      2.80     -2.56  0.       -4318.265       6783.061       4622.017    0.000  -0.139   0.381   0.
  2017 352 17 45 29 498 352.739924754      -2.45      2.81     -2.16  0.       -4319.198       6782.865       4620.673    0.000  -0.139   0.381   0.
  2017 352 17 45 30 498 352.739936328      -2.80      1.83     -1.68  0.       -4320.131       6782.669       4619.330    0.000  -0.139   0.381   0.
  2017 352 17 45 31 498 352.739947902      -2.17      1.06     -1.67  0.       -4321.063       6782.473       4617.986    0.000  -0.139   0.381   0.
  2017 352 17 45 32 498 352.739959476      -1.39      1.02     -1.45  0.       -4321.995       6782.276       4616.642    0.000  -0.139   0.381   0.
  2017 352 17 45 33 498 352.739971050      -1.34      2.51     -0.41  0.       -4322.927       6782.078       4615.298    0.000  -0.139   0.381   0.
  2017 352 17 45 34 498 352.739982624      -0.98      3.45      0.55  0.       -4323.859       6781.881       4613.953    0.000  -0.139   0.381   0.
  2017 352 17 45 35 498 352.739994198      -0.87      4.39     -0.48  0.       -4324.791       6781.683       4612.608    0.000  -0.139   0.381   0.
  2017 352 17 45 36 498 352.740005773      -2.04      2.83     -1.46  0.       -4325.722       6781.484       4611.263    0.000  -0.139   0.381   0.
  2017 352 17 45 37 498 352.740017347      -1.77      1.28     -0.45  0.       -4326.653       6781.286       4609.918    0.000  -0.139   0.381   0.
  2017 352 17 45 38 498 352.740028921      -2.22      0.20      1.07  0.       -4327.584       6781.087       4608.572    0.000  -0.139   0.381   0.
  2017 352 17 45 39 498 352.740040495      -1.68      0.84     -0.31  0.       -4328.515       6780.887       4607.227    0.000  -0.139   0.381   0.
  2017 352 17 45 40 498 352.740052069       0.80      2.70     -3.67  0.       -4329.445       6780.688       4605.881    0.000  -0.139   0.381   0.
  2017 352 17 45 41 498 352.740063642      -1.15      3.60     -4.21  0.       -4330.375       6780.487       4604.534    0.000  -0.139   0.381   0.
  2017 352 17 45 42 498 352.740075214      -2.98      1.29     -3.91  0.       -4331.305       6780.287       4603.188    0.000  -0.139   0.381   0.
  2017 352 17 45 43 498 352.740086788      -3.41      0.82     -2.93  0.       -4332.235       6780.086       4601.841    0.000  -0.139   0.381   0.
  2017 352 17 45 44 498 352.740098362      -3.10      1.54     -1.67  0.       -4333.165       6779.885       4600.494    0.000  -0.139   0.381   0.
  2017 352 17 45 45 498 352.740109936      -1.99      1.36     -0.86  0.       -4334.094       6779.683       4599.147    0.000  -0.139   0.381   0.
  2017 352 17 45 46 498 352.740121510      -0.52      2.17     -2.05  0.       -4335.023       6779.481       4597.799    0.000  -0.139   0.381   0.
  2017 352 17 45 47 498 352.740133084       1.05      3.81     -0.49  0.       -4335.952       6779.279       4596.451    0.000  -0.139   0.381   0.
  2017 352 17 45 48 498 352.740144659       0.09      3.16      0.46  0.       -4336.880       6779.076       4595.103    0.000  -0.139   0.381   0.
  2017 352 17 45 49 498 352.740156233      -1.91      1.83     -0.31  0.       -4337.809       6778.873       4593.755    0.000  -0.139   0.381   0.
  2017 352 17 45 50 498 352.740167807      -3.45      0.65     -1.08  0.       -4338.736       6778.670       4592.407    0.000  -0.139   0.381   0.
  2017 352 17 45 51 498 352.740179381      -2.94      0.65     -0.47  0.       -4339.664       6778.466       4591.058    0.000  -0.139   0.381   0.
  2017 352 17 45 52 498 352.740190955      -0.30      2.42     -1.50  0.       -4340.592       6778.262       4589.709    0.000  -0.139   0.381   0.
  2017 352 17 45 53 498 352.740202529       1.39      2.96     -2.26  0.       -4341.519       6778.057       4588.360    0.000  -0.139   0.381   0.
  2017 352 17 45 54 498 352.740214103       0.27      3.07     -1.36  0.       -4342.446       6777.852       4587.010    0.000  -0.139   0.381   0.
  2017 352 17 45 55 498 352.740225677      -1.24      0.37     -1.79  0.       -4343.373       6777.647       4585.660    0.000  -0.139   0.381   0.
  2017 352 17 45 56 498 352.740237251      -1.16     -1.01     -2.77  0.       -4344.300       6777.441       4584.310    0.000  -0.139   0.381   0.
  2017 352 17 45 57 498 352.740248825      -1.41     -0.56     -2.78  0.       -4345.226       6777.235       4582.960    0.000  -0.139   0.381   0.
  2017 352 17 45 58 498 352.740260399      -2.02      0.91     -1.56  0.       -4346.153       6777.029       4581.610    0.000  -0.139   0.381   0.
  2017 352 17 45 59 498 352.740271973      -1.69      2.15     -0.88  0.       -4347.079       6776.822       4580.259    0.000  -0.139   0.381   0.
  2017 352 17 46  0 498 352.740283547      -1.58      2.19     -0.10  0.       -4348.004       6776.615       4578.908    0.000  -0.139   0.381   0.
  2017 352 17 46  1 498 352.740295121      -1.64      2.22      0.35  0.       -4348.930       6776.408       4577.557    0.000  -0.139   0.381   0.
  2017 352 17 46  2 498 352.740306696      -1.16      3.09     -0.14  0.       -4349.855       6776.199       4576.205    0.000  -0.139   0.381   0.
  2017 352 17 46  3 498 352.740318270      -1.04      2.77      0.04  0.       -4350.780       6775.992       4574.853    0.000  -0.139   0.381   0.
  2017 352 17 46  4 498 352.740329844      -1.59      2.50     -0.27  0.       -4351.705       6775.783       4573.502    0.000  -0.139   0.381   0.
  2017 352 17 46  5 498 352.740341418      -1.76      1.25     -2.06  0.       -4352.630       6775.574       4572.149    0.000  -0.139   0.381   0.
  2017 352 17 46  6 498 352.740352992      -1.61      0.86     -2.99  0.       -4353.554       6775.365       4570.797    0.000  -0.139   0.381   0.
  2017 352 17 46  7 498 352.740364566      -0.75      0.05     -3.22  0.       -4354.478       6775.155       4569.444    0.000  -0.139   0.381   0.
  2017 352 17 46  8 498 352.740376140      -0.57     -0.32     -1.84  0.       -4355.402       6774.945       4568.091    0.000  -0.139   0.381   0.
  2017 352 17 46  9 498 352.740387714      -0.24      0.61     -1.72  0.       -4356.325       6774.735       4566.738    0.000  -0.139   0.381   0.
  2017 352 17 46 10 498 352.740399288      -0.78      2.70     -1.52  0.       -4357.249       6774.524       4565.384    0.000  -0.139   0.381   0.
  2017 352 17 46 11 498 352.740410862      -0.47      2.76     -0.75  0.       -4358.172       6774.313       4564.031    0.000  -0.139   0.381   0.
  2017 352 17 46 12 498 352.740422433       1.14      2.49     -1.23  0.       -4359.095       6774.101       4562.677    0.000  -0.139   0.381   0.
  2017 352 17 46 13 498 352.740434008       0.71      2.14     -0.00  0.       -4360.018       6773.890       4561.323    0.000  -0.139   0.381   0.
  2017 352 17 46 14 498 352.740445582       0.35      1.88     -0.79  0.       -4360.940       6773.677       4559.968    0.000  -0.139   0.381   0.
  2017 352 17 46 15 498 352.740457156       0.25      1.85     -1.68  0.       -4361.862       6773.465       4558.613    0.000  -0.139   0.381   0.
  2017 352 17 46 16 498 352.740468730      -0.80      0.26     -1.48  0.       -4362.784       6773.252       4557.259    0.000  -0.139   0.381   0.
  2017 352 17 46 17 498 352.740480304      -0.50      1.00     -0.68  0.       -4363.706       6773.039       4555.903    0.000  -0.139   0.381   0.
  2017 352 17 46 18 498 352.740491878       0.16      2.89     -2.01  0.       -4364.628       6772.825       4554.548    0.000  -0.139   0.381   0.
  2017 352 17 46 19 498 352.740503452      -0.52      1.64     -1.97  0.       -4365.549       6772.611       4553.192    0.000  -0.139   0.381   0.
  2017 352 17 46 20 498 352.740515026      -1.37      1.08     -2.57  0.       -4366.470       6772.396       4551.836    0.000  -0.139   0.381   0.
  2017 352 17 46 21 498 352.740526600      -1.30      1.25     -2.47  0.       -4367.391       6772.182       4550.480    0.000  -0.139   0.381   0.
  2017 352 17 46 22 498 352.740538174      -0.73      1.32     -1.53  0.       -4368.311       6771.967       4549.124    0.000  -0.139   0.381   0.
  2017 352 17 46 23 498 352.740549748      -0.70      1.27     -1.00  0.       -4369.232       6771.751       4547.767    0.000  -0.139   0.381   0.
  2017 352 17 46 24 498 352.740561322      -1.10      1.91     -0.59  0.       -4370.152       6771.535       4546.410    0.000  -0.139   0.381   0.
  2017 352 17 46 25 498 352.740572896      -1.67      1.50     -0.73  0.       -4371.072       6771.319       4545.053    0.000  -0.139   0.381   0.
  2017 352 17 46 26 498 352.740584470      -1.47      1.02     -1.05  0.       -4371.991       6771.102       4543.696    0.000  -0.139   0.381   0.
  2017 352 17 46 27 498 352.740596045      -1.38      0.97     -0.76  0.       -4372.911       6770.885       4542.338    0.000  -0.139   0.381   0.
  2017 352 17 46 28 498 352.740607619      -0.98      0.96     -0.61  0.       -4373.830       6770.668       4540.980    0.000  -0.139   0.381   0.
  2017 352 17 46 29 498 352.740619193      -0.05      1.33     -1.01  0.       -4374.749       6770.450       4539.622    0.000  -0.139   0.381   0.
  2017 352 17 46 30 498 352.740630767       0.25      1.57     -1.59  0.       -4375.667       6770.232       4538.264    0.000  -0.139   0.381   0.
  2017 352 17 46 31 498 352.740642341       0.18      1.93     -1.78  0.       -4376.586       6770.014       4536.905    0.000  -0.139   0.381   0.
  2017 352 17 46 32 498 352.740653915      -0.46      1.89     -2.30  0.       -4377.504       6769.795       4535.546    0.000  -0.139   0.381   0.
  2017 352 17 46 33 498 352.740665489      -0.43      0.85     -2.20  0.       -4378.422       6769.576       4534.187    0.000  -0.139   0.381   0.
  2017 352 17 46 34 498 352.740677063       0.21      0.96     -1.77  0.       -4379.340       6769.356       4532.828    0.000  -0.139   0.381   0.
  2017 352 17 46 35 498 352.740688637      -0.05      1.63     -1.54  0.       -4380.257       6769.137       4531.468    0.000  -0.139   0.381   0.
  2017 352 17 46 36 498 352.740700211       0.32      1.47     -1.81  0.       -4381.174       6768.916       4530.109    0.000  -0.139   0.381   0.
  2017 352 17 46 37 498 352.740711785      -0.41      1.83     -0.85  0.       -4382.091       6768.696       4528.748    0.000  -0.139   0.381   0.
  2017 352 17 46 38 498 352.740723359      -1.52      2.13     -1.11  0.       -4383.008       6768.475       4527.388    0.000  -0.139   0.381   0.
  2017 352 17 46 39 497 352.740734933      -1.49      1.75     -2.25  0.       -4383.925       6768.253       4526.027    0.000  -0.139   0.381   0.
  2017 352 17 46 40 497 352.740746505      -1.32      1.40     -2.62  0.       -4384.841       6768.032       4524.667    0.000  -0.139   0.381   0.
  2017 352 17 46 41 498 352.740758079      -0.98      1.44     -1.93  0.       -4385.757       6767.810       4523.306    0.000  -0.139   0.381   0.
  2017 352 17 46 42 498 352.740769653      -0.16      0.88     -2.62  0.       -4386.673       6767.587       4521.944    0.000  -0.139   0.381   0.
  2017 352 17 46 43 498 352.740781227      -0.19      0.81     -1.60  0.       -4387.588       6767.364       4520.583    0.000  -0.139   0.381   0.
  2017 352 17 46 44 498 352.740792801       0.41      1.77     -0.96  0.       -4388.504       6767.141       4519.221    0.000  -0.139   0.381   0.
  2017 352 17 46 45 498 352.740804375       0.88      3.05     -1.62  0.       -4389.419       6766.917       4517.859    0.000  -0.139   0.381   0.
  2017 352 17 46 46 497 352.740815949       0.62      2.84     -1.07  0.       -4390.334       6766.693       4516.496    0.000  -0.139   0.381   0.
  2017 352 17 46 47 497 352.740827523       0.38      2.03     -1.35  0.       -4391.248       6766.470       4515.134    0.000  -0.139   0.381   0.
  2017 352 17 46 48 497 352.740839097       0.25      1.22     -2.47  0.       -4392.163       6766.244       4513.771    0.000  -0.139   0.381   0.
  2017 352 17 46 49 497 352.740850671       0.30      1.25     -3.79  0.       -4393.077       6766.020       4512.408    0.000  -0.139   0.381   0.
  2017 352 17 46 50 498 352.740862245       0.48      1.37     -4.73  0.       -4393.991       6765.794       4511.045    0.000  -0.139   0.381   0.
  2017 352 17 46 51 498 352.740873819       0.26      2.07     -4.22  0.       -4394.905       6765.568       4509.681    0.000  -0.139   0.381   0.
  2017 352 17 46 52 497 352.740885393       0.43      1.88     -2.04  0.       -4395.818       6765.342       4508.318    0.000  -0.139   0.381   0.
  2017 352 17 46 53 497 352.740896968       0.67      2.68     -0.01  0.       -4396.731       6765.116       4506.954    0.000  -0.139   0.381   0.
  2017 352 17 46 54 498 352.740908542       1.65      2.56     -0.71  0.       -4397.644       6764.889       4505.589    0.000  -0.139   0.381   0.
  2017 352 17 46 55 498 352.740920116       2.30      2.89     -2.29  0.       -4398.557       6764.662       4504.225    0.000  -0.139   0.381   0.
  2017 352 17 46 56 498 352.740931690       3.35      2.69     -2.10  0.       -4399.470       6764.434       4502.860    0.000  -0.139   0.381   0.
  2017 352 17 46 57 498 352.740943264       2.36      2.29     -1.86  0.       -4400.382       6764.206       4501.495    0.000  -0.139   0.381   0.
  2017 352 17 46 58 498 352.740954838       1.49      2.71     -1.88  0.       -4401.294       6763.978       4500.130    0.000  -0.139   0.381   0.
  2017 352 17 46 59 497 352.740966412       0.62      1.47     -3.31  0.       -4402.206       6763.749       4498.764    0.000  -0.139   0.381   0.
  2017 352 17 47  0 497 352.740977986       0.02      0.52     -2.93  0.       -4403.117       6763.520       4497.399    0.000  -0.139   0.381   0.
  2017 352 17 47  1 497 352.740989560       0.03      0.30     -2.42  0.       -4404.028       6763.291       4496.033    0.000  -0.139   0.381   0.
  2017 352 17 47  2 497 352.741001134       0.02      0.90     -2.20  0.       -4404.939       6763.061       4494.667    0.000  -0.139   0.381   0.
  2017 352 17 47  3 497 352.741012708      -0.76      2.19     -1.44  0.       -4405.850       6762.831       4493.300    0.000  -0.139   0.381   0.
  2017 352 17 47  4 498 352.741024282      -1.30      2.14     -1.12  0.       -4406.761       6762.600       4491.933    0.000  -0.139   0.381   0.
  2017 352 17 47  5 498 352.741035856      -1.40      1.86     -1.29  0.       -4407.671       6762.369       4490.566    0.000  -0.139   0.381   0.
  2017 352 17 47  6 497 352.741047431      -1.01      1.20     -2.48  0.       -4408.581       6762.138       4489.199    0.000  -0.139   0.381   0.
  2017 352 17 47  7 497 352.741059005      -0.34      0.95     -2.74  0.       -4409.491       6761.906       4487.832    0.000  -0.139   0.381   0.
  2017 352 17 47  8 498 352.741070579       0.15      0.71     -2.61  0.       -4410.401       6761.674       4486.464    0.000  -0.139   0.381   0.
  2017 352 17 47  9 498 352.741082152      -0.86      2.43     -3.01  0.       -4411.310       6761.442       4485.096    0.000  -0.139   0.381   0.
  2017 352 17 47 10 497 352.741093724      -1.22      3.05     -2.93  0.       -4412.219       6761.209       4483.728    0.000  -0.139   0.381   0.
  2017 352 17 47 11 497 352.741105298      -0.87      2.14     -2.07  0.       -4413.128       6760.976       4482.360    0.000  -0.139   0.381   0.
  2017 352 17 47 12 497 352.741116872      -1.07      1.97     -1.59  0.       -4414.037       6760.743       4480.991    0.000  -0.139   0.381   0.
  2017 352 17 47 13 497 352.741128446      -0.99      2.23     -0.90  0.       -4414.945       6760.509       4479.622    0.000  -0.139   0.381   0.
  2017 352 17 47 14 497 352.741140020      -0.60      1.28     -0.68  0.       -4415.854       6760.275       4478.253    0.000  -0.139   0.381   0.
  2017 352 17 47 15 497 352.741151594      -0.62      0.97     -0.54  0.       -4416.761       6760.040       4476.884    0.000  -0.139   0.381   0.
  2017 352 17 47 16 497 352.741163168      -0.47      0.92     -0.92  0.       -4417.669       6759.805       4475.514    0.000  -0.139   0.381   0.
  2017 352 17 47 17 497 352.741174742       0.14      0.89     -0.77  0.       -4418.577       6759.570       4474.144    0.000  -0.139   0.381   0.
  2017 352 17 47 18 497 352.741186317       0.56      0.93     -0.84  0.       -4419.484       6759.334       4472.774    0.000  -0.139   0.381   0.
  2017 352 17 47 19 497 352.741197891       0.31      0.99     -0.13  0.       -4420.391       6759.098       4471.404    0.000  -0.139   0.381   0.
  2017 352 17 47 20 497 352.741209465       0.51      1.04      0.42  0.       -4421.297       6758.862       4470.033    0.000  -0.139   0.381   0.
  2017 352 17 47 21 497 352.741221039       1.00      0.50     -0.09  0.       -4422.204       6758.625       4468.662    0.000  -0.139   0.381   0.
  2017 352 17 47 22 497 352.741232613       0.90      1.19     -0.85  0.       -4423.110       6758.388       4467.291    0.000  -0.139   0.381   0.
  2017 352 17 47 23 497 352.741244187      -0.21      2.91     -0.07  0.       -4424.016       6758.150       4465.920    0.000  -0.139   0.381   0.
  2017 352 17 47 24 497 352.741255761      -1.10      1.94      1.22  0.       -4424.922       6757.912       4464.548    0.000  -0.139   0.381   0.
  2017 352 17 47 25 497 352.741267335      -0.89      1.92      0.62  0.       -4425.828       6757.674       4463.176    0.000  -0.139   0.381   0.
  2017 352 17 47 26 497 352.741278909       0.07      2.78     -0.76  0.       -4426.733       6757.436       4461.804    0.000  -0.139   0.381   0.
  2017 352 17 47 27 497 352.741290483       0.17      2.42     -0.97  0.       -4427.638       6757.197       4460.432    0.000  -0.139   0.381   0.
  2017 352 17 47 28 497 352.741302057       0.70      3.47     -0.99  0.       -4428.543       6756.957       4459.059    0.000  -0.139   0.381   0.
  2017 352 17 47 29 497 352.741313631      -0.13      2.70     -0.44  0.       -4429.447       6756.718       4457.687    0.000  -0.139   0.381   0.
  2017 352 17 47 30 497 352.741325205      -1.32      1.00     -0.22  0.       -4430.352       6756.477       4456.314    0.000  -0.139   0.381   0.
  2017 352 17 47 31 497 352.741336779      -1.14      0.61     -0.20  0.       -4431.256       6756.237       4454.940    0.000  -0.139   0.381   0.
  2017 352 17 47 32 497 352.741348354      -0.64      1.28     -1.30  0.       -4432.160       6755.996       4453.567    0.000  -0.139   0.381   0.
  2017 352 17 47 33 497 352.741359928      -0.08      1.68     -1.67  0.       -4433.063       6755.755       4452.193    0.000  -0.139   0.381   0.
  2017 352 17 47 34 497 352.741371502       0.23      2.20     -1.22  0.       -4433.967       6755.513       4450.819    0.000  -0.139   0.381   0.
  2017 352 17 47 35 497 352.741383076       0.24      2.87     -1.00  0.       -4434.870       6755.271       4449.445    0.000  -0.139   0.381   0.
  2017 352 17 47 36 497 352.741394650      -0.10      2.86     -1.10  0.       -4435.773       6755.029       4448.070    0.000  -0.139   0.381   0.
  2017 352 17 47 37 497 352.741406223      -0.88      2.42     -0.33  0.       -4436.675       6754.786       4446.696    0.000  -0.139   0.381   0.
  2017 352 17 47 38 497 352.741417795      -1.13      1.63     -0.29  0.       -4437.578       6754.543       4445.321    0.000  -0.139   0.381   0.
  2017 352 17 47 39 497 352.741429369      -1.18      1.41     -0.37  0.       -4438.480       6754.300       4443.946    0.000  -0.139   0.381   0.
  2017 352 17 47 40 497 352.741440943      -1.21      0.67     -0.72  0.       -4439.382       6754.056       4442.570    0.000  -0.139   0.381   0.
  2017 352 17 47 41 497 352.741452517      -0.83      0.69     -1.71  0.       -4440.284       6753.812       4441.194    0.000  -0.139   0.381   0.
  2017 352 17 47 42 497 352.741464091      -0.22      1.35     -1.88  0.       -4441.185       6753.568       4439.819    0.000  -0.139   0.381   0.
  2017 352 17 47 43 497 352.741475666      -0.11      1.43     -1.30  0.       -4442.086       6753.323       4438.442    0.000  -0.139   0.381   0.
  2017 352 17 47 44 497 352.741487240       0.20      2.03     -0.96  0.       -4442.987       6753.077       4437.066    0.000  -0.139   0.381   0.
  2017 352 17 47 45 497 352.741498814      -0.50      2.41     -0.21  0.       -4443.888       6752.832       4435.689    0.000  -0.139   0.381   0.
  2017 352 17 47 46 497 352.741510388      -1.23      2.30     -0.22  0.       -4444.788       6752.586       4434.312    0.000  -0.139   0.381   0.
  2017 352 17 47 47 497 352.741521962      -1.54      1.03     -0.27  0.       -4445.688       6752.339       4432.935    0.000  -0.139   0.381   0.
  2017 352 17 47 48 497 352.741533536      -1.93      0.38     -0.45  0.       -4446.588       6752.093       4431.558    0.000  -0.139   0.381   0.
  2017 352 17 47 49 497 352.741545110      -1.49      0.77     -1.63  0.       -4447.488       6751.846       4430.180    0.000  -0.139   0.381   0.
  2017 352 17 47 50 497 352.741556684      -0.78      1.56     -2.08  0.       -4448.388       6751.598       4428.802    0.000  -0.139   0.381   0.
  2017 352 17 47 51 497 352.741568258      -1.60      2.75     -1.48  0.       -4449.287       6751.350       4427.424    0.000  -0.139   0.381   0.
  2017 352 17 47 52 497 352.741579832      -1.25      2.06     -0.74  0.       -4450.186       6751.102       4426.046    0.000  -0.139   0.381   0.
  2017 352 17 47 53 497 352.741591406      -1.22      1.94     -1.38  0.       -4451.085       6750.854       4424.667    0.000  -0.139   0.381   0.
  2017 352 17 47 54 497 352.741602980      -1.31      2.57     -1.50  0.       -4451.983       6750.605       4423.288    0.000  -0.139   0.381   0.
  2017 352 17 47 55 497 352.741614554      -1.16      2.34     -1.49  0.       -4452.881       6750.355       4421.909    0.000  -0.139   0.381   0.
  2017 352 17 47 56 497 352.741626129      -0.84      1.81     -1.18  0.       -4453.779       6750.106       4420.530    0.000  -0.139   0.381   0.
  2017 352 17 47 57 497 352.741637702      -0.73      2.51     -1.10  0.       -4454.677       6749.856       4419.150    0.000  -0.139   0.381   0.
  2017 352 17 47 58 497 352.741649277      -0.39      2.36     -1.73  0.       -4455.575       6749.605       4417.770    0.000  -0.139   0.381   0.
  2017 352 17 47 59 497 352.741660851      -0.38      1.47     -2.06  0.       -4456.472       6749.354       4416.390    0.000  -0.139   0.381   0.
  2017 352 17 48  0 497 352.741672425      -0.76      1.60     -1.98  0.       -4457.369       6749.103       4415.010    0.000  -0.139   0.381   0.
  2017 352 17 48  1 497 352.741683999      -1.21      1.71     -1.71  0.       -4458.266       6748.852       4413.629    0.000  -0.139   0.381   0.
  2017 352 17 48  2 497 352.741695573      -1.06      1.93     -1.90  0.       -4459.163       6748.600       4412.249    0.000  -0.139   0.381   0.
  2017 352 17 48  3 497 352.741707147      -0.97      1.48     -2.24  0.       -4460.059       6748.348       4410.868    0.000  -0.139   0.381   0.
  2017 352 17 48  4 497 352.741718721      -0.63      1.36     -2.80  0.       -4460.955       6748.095       4409.486    0.000  -0.139   0.381   0.
  2017 352 17 48  5 497 352.741730295      -0.70      0.45     -2.81  0.       -4461.851       6747.842       4408.105    0.000  -0.139   0.381   0.
  2017 352 17 48  6 497 352.741741869      -0.85      0.64     -2.86  0.       -4462.746       6747.589       4406.723    0.000  -0.139   0.381   0.
  2017 352 17 48  7 497 352.741753443      -1.54      0.76     -2.30  0.       -4463.642       6747.335       4405.341    0.000  -0.139   0.381   0.
  2017 352 17 48  8 497 352.741765014      -1.91      1.38     -1.92  0.       -4464.537       6747.081       4403.959    0.000  -0.139   0.381   0.
  2017 352 17 48  9 497 352.741776589      -2.23      1.93     -1.94  0.       -4465.432       6746.826       4402.576    0.000  -0.139   0.381   0.
  2017 352 17 48 10 497 352.741788163      -1.86      1.56     -1.54  0.       -4466.326       6746.571       4401.194    0.000  -0.139   0.381   0.
  2017 352 17 48 11 497 352.741799737      -1.44      1.27     -0.91  0.       -4467.221       6746.316       4399.811    0.000  -0.139   0.381   0.
  2017 352 17 48 12 497 352.741811311      -1.58      1.96     -0.87  0.       -4468.115       6746.061       4398.427    0.000  -0.139   0.381   0.
  2017 352 17 48 13 497 352.741822885      -1.34      2.40     -1.54  0.       -4469.009       6745.805       4397.044    0.000  -0.139   0.381   0.
  2017 352 17 48 14 497 352.741834459      -1.75      2.49     -1.30  0.       -4469.902       6745.548       4395.660    0.000  -0.139   0.381   0.
  2017 352 17 48 15 497 352.741846033      -1.61      2.16     -2.40  0.       -4470.796       6745.292       4394.276    0.000  -0.139   0.381   0.
  2017 352 17 48 16 497 352.741857607      -0.71      1.28     -2.67  0.       -4471.689       6745.035       4392.892    0.000  -0.139   0.381   0.
  2017 352 17 48 17 497 352.741869181      -0.63      1.21     -2.46  0.       -4472.582       6744.777       4391.508    0.000  -0.139   0.381   0.
  2017 352 17 48 18 497 352.741880755      -1.18      1.16     -2.30  0.       -4473.474       6744.519       4390.123    0.000  -0.139   0.381   0.
  2017 352 17 48 19 497 352.741892329      -1.54      1.36     -1.57  0.       -4474.367       6744.261       4388.738    0.000  -0.139   0.381   0.
  2017 352 17 48 20 497 352.741903903      -1.56      1.20     -1.07  0.       -4475.259       6744.003       4387.353    0.000  -0.139   0.381   0.
  2017 352 17 48 21 497 352.741915477      -1.43      0.91     -0.67  0.       -4476.151       6743.744       4385.968    0.000  -0.139   0.381   0.
  2017 352 17 48 22 497 352.741927052      -1.05      1.10     -0.43  0.       -4477.042       6743.484       4384.582    0.000  -0.139   0.381   0.
  2017 352 17 48 23 497 352.741938626      -0.64      1.41     -1.03  0.       -4477.934       6743.225       4383.196    0.000  -0.139   0.381   0.
  2017 352 17 48 24 497 352.741950200      -0.20      1.25     -1.29  0.       -4478.825       6742.965       4381.810    0.000  -0.139   0.381   0.
  2017 352 17 48 25 497 352.741961774      -0.89      1.81     -1.45  0.       -4479.716       6742.704       4380.424    0.000  -0.139   0.381   0.
  2017 352 17 48 26 497 352.741973348      -0.83      1.90     -2.06  0.       -4480.607       6742.444       4379.037    0.000  -0.139   0.381   0.
  2017 352 17 48 27 497 352.741984922      -0.99      1.54     -1.83  0.       -4481.497       6742.182       4377.651    0.000  -0.139   0.381   0.
  2017 352 17 48 28 497 352.741996496      -1.30      1.58     -1.51  0.       -4482.387       6741.921       4376.263    0.000  -0.139   0.381   0.
  2017 352 17 48 29 497 352.742008070      -1.76      2.04     -0.68  0.       -4483.277       6741.659       4374.876    0.000  -0.139   0.381   0.
  2017 352 17 48 30 497 352.742019644      -1.92      2.40     -0.36  0.       -4484.167       6741.397       4373.489    0.000  -0.139   0.381   0.
  2017 352 17 48 31 497 352.742031218      -2.10      3.04     -0.69  0.       -4485.056       6741.134       4372.101    0.000  -0.139   0.381   0.
  2017 352 17 48 32 497 352.742042792      -1.44      2.36     -0.74  0.       -4485.946       6740.871       4370.713    0.000  -0.139   0.381   0.
  2017 352 17 48 33 497 352.742054366      -1.26      1.82     -0.81  0.       -4486.835       6740.608       4369.325    0.000  -0.139   0.381   0.
  2017 352 17 48 34 497 352.742065940      -1.25      1.75     -1.33  0.       -4487.723       6740.344       4367.936    0.000  -0.139   0.381   0.
  2017 352 17 48 35 497 352.742077514      -1.34      1.82     -1.20  0.       -4488.612       6740.080       4366.547    0.000  -0.139   0.381   0.
  2017 352 17 48 36 497 352.742089089      -1.64      2.04     -0.93  0.       -4489.500       6739.815       4365.158    0.000  -0.139   0.381   0.
  2017 352 17 48 37 497 352.742100662      -1.69      1.84     -1.00  0.       -4490.388       6739.551       4363.769    0.000  -0.139   0.381   0.
  2017 352 17 48 38 497 352.742112234      -1.20      1.16     -0.84  0.       -4491.276       6739.285       4362.380    0.000  -0.139   0.381   0.
  2017 352 17 48 39 497 352.742123808      -1.28      1.68      0.19  0.       -4492.163       6739.020       4360.990    0.000  -0.139   0.381   0.
  2017 352 17 48 40 497 352.742135382      -1.11      1.92     -0.66  0.       -4493.050       6738.754       4359.600    0.000  -0.139   0.381   0.
  2017 352 17 48 41 496 352.742146956      -1.51      1.81     -1.37  0.       -4493.937       6738.488       4358.210    0.000  -0.139   0.381   0.
  2017 352 17 48 42 496 352.742158530      -1.44      1.11     -1.58  0.       -4494.824       6738.221       4356.819    0.000  -0.139   0.381   0.
  2017 352 17 48 43 496 352.742170104      -1.60      1.33     -1.48  0.       -4495.711       6737.954       4355.429    0.000  -0.139   0.381   0.
  2017 352 17 48 44 496 352.742181678      -1.10      1.25     -2.18  0.       -4496.597       6737.686       4354.038    0.000  -0.139   0.381   0.
  2017 352 17 48 45 496 352.742193252      -1.04      1.38     -2.27  0.       -4497.483       6737.419       4352.647    0.000  -0.139   0.381   0.
  2017 352 17 48 46 497 352.742204826      -1.07      1.69     -1.36  0.       -4498.369       6737.150       4351.255    0.000  -0.139   0.381   0.
  2017 352 17 48 47 497 352.742216400      -1.05      1.41     -0.69  0.       -4499.254       6736.882       4349.864    0.000  -0.139   0.381   0.
  2017 352 17 48 48 496 352.742227975      -0.86      1.11     -0.67  0.       -4500.139       6736.613       4348.472    0.000  -0.139   0.381   0.
  2017 352 17 48 49 496 352.742239549      -0.17      1.25     -1.27  0.       -4501.024       6736.344       4347.080    0.000  -0.139   0.381   0.
  2017 352 17 48 50 497 352.742251123       0.01      1.10     -1.54  0.       -4501.909       6736.074       4345.687    0.000  -0.139   0.381   0.
  2017 352 17 48 51 497 352.742262697      -0.23      1.01     -1.44  0.       -4502.794       6735.804       4344.295    0.000  -0.139   0.381   0.
  2017 352 17 48 52 497 352.742274271      -0.54      0.96     -0.96  0.       -4503.678       6735.533       4342.902    0.000  -0.139   0.381   0.
  2017 352 17 48 53 497 352.742285845      -0.96      0.87     -0.21  0.       -4504.562       6735.263       4341.509    0.000  -0.139   0.381   0.
  2017 352 17 48 54 497 352.742297419      -0.86      0.95     -0.40  0.       -4505.446       6734.992       4340.116    0.000  -0.139   0.381   0.
  2017 352 17 48 55 496 352.742308993      -0.61      0.93     -0.63  0.       -4506.329       6734.720       4338.722    0.000  -0.139   0.381   0.
  2017 352 17 48 56 496 352.742320567      -0.18      1.00     -0.77  0.       -4507.212       6734.448       4337.328    0.000  -0.139   0.381   0.
  2017 352 17 48 57 496 352.742332141      -0.69      1.12     -1.17  0.       -4508.096       6734.176       4335.934    0.000  -0.139   0.381   0.
  2017 352 17 48 58 496 352.742343715      -0.89      1.88     -1.07  0.       -4508.978       6733.903       4334.540    0.000  -0.139   0.381   0.
  2017 352 17 48 59 496 352.742355289      -1.27      2.10     -1.05  0.       -4509.861       6733.630       4333.146    0.000  -0.139   0.381   0.
  2017 352 17 49  0 497 352.742366863      -1.20      1.67     -0.71  0.       -4510.743       6733.357       4331.751    0.000  -0.139   0.381   0.
  2017 352 17 49  1 497 352.742378438      -0.85      0.76     -0.23  0.       -4511.625       6733.083       4330.356    0.000  -0.139   0.381   0.
  2017 352 17 49  2 496 352.742390012      -0.77      1.71     -1.52  0.       -4512.507       6732.809       4328.961    0.000  -0.139   0.381   0.
  2017 352 17 49  3 497 352.742401586      -0.58      2.11     -2.25  0.       -4513.388       6732.534       4327.565    0.000  -0.139   0.381   0.
  2017 352 17 49  4 497 352.742413160      -0.67      2.09     -1.60  0.       -4514.270       6732.260       4326.170    0.000  -0.139   0.381   0.
  2017 352 17 49  5 497 352.742424733      -0.98      1.86     -1.53  0.       -4515.151       6731.984       4324.774    0.000  -0.139   0.381   0.
  2017 352 17 49  6 496 352.742436305      -1.20      1.57     -1.81  0.       -4516.031       6731.709       4323.378    0.000  -0.139   0.381   0.
  2017 352 17 49  7 496 352.742447879      -1.14      1.13     -1.09  0.       -4516.912       6731.433       4321.981    0.000  -0.139   0.381   0.
  2017 352 17 49  8 496 352.742459453      -1.02      1.05     -0.82  0.       -4517.792       6731.156       4320.584    0.000  -0.139   0.381   0.
  2017 352 17 49  9 496 352.742471027      -1.19      1.31     -0.99  0.       -4518.672       6730.880       4319.188    0.000  -0.139   0.381   0.
  2017 352 17 49 10 496 352.742482601      -1.08      1.62     -1.11  0.       -4519.552       6730.603       4317.791    0.000  -0.139   0.381   0.
  2017 352 17 49 11 496 352.742494175      -0.60      1.78     -1.75  0.       -4520.432       6730.325       4316.393    0.000  -0.139   0.381   0.
  2017 352 17 49 12 496 352.742505749      -0.22      1.25     -2.07  0.       -4521.311       6730.047       4314.996    0.000  -0.139   0.381   0.
  2017 352 17 49 13 496 352.742517323      -0.52      1.48     -1.61  0.       -4522.190       6729.769       4313.598    0.000  -0.139   0.381   0.
  2017 352 17 49 14 496 352.742528898      -1.13      2.68     -1.56  0.       -4523.069       6729.491       4312.200    0.000  -0.139   0.381   0.
  2017 352 17 49 15 496 352.742540472      -0.75      2.07     -2.09  0.       -4523.947       6729.212       4310.801    0.000  -0.139   0.381   0.
  2017 352 17 49 16 496 352.742552046      -1.35      1.85     -1.14  0.       -4524.825       6728.932       4309.403    0.000  -0.139   0.381   0.
  2017 352 17 49 17 496 352.742563620      -1.55      1.79     -0.43  0.       -4525.704       6728.652       4308.004    0.000  -0.139   0.381   0.
  2017 352 17 49 18 496 352.742575194      -1.86      1.33     -0.15  0.       -4526.581       6728.372       4306.605    0.000  -0.139   0.381   0.
  2017 352 17 49 19 496 352.742586768      -2.04      0.79     -0.49  0.       -4527.459       6728.092       4305.206    0.000  -0.139   0.381   0.
  2017 352 17 49 20 496 352.742598342      -2.19      0.66      0.04  0.       -4528.336       6727.811       4303.806    0.000  -0.139   0.381   0.
  2017 352 17 49 21 496 352.742609916      -2.13      1.23      0.20  0.       -4529.213       6727.530       4302.406    0.000  -0.139   0.381   0.
  2017 352 17 49 22 496 352.742621490      -2.01      1.71     -0.59  0.       -4530.090       6727.248       4301.006    0.000  -0.139   0.381   0.
  2017 352 17 49 23 496 352.742633064      -1.78      2.16     -0.92  0.       -4530.967       6726.966       4299.606    0.000  -0.139   0.381   0.
  2017 352 17 49 24 496 352.742644638      -1.40      1.91     -1.10  0.       -4531.843       6726.684       4298.206    0.000  -0.139   0.381   0.
  2017 352 17 49 25 496 352.742656212      -1.41      1.68     -0.95  0.       -4532.719       6726.402       4296.805    0.000  -0.139   0.381   0.
  2017 352 17 49 26 496 352.742667786      -1.53      1.34     -0.66  0.       -4533.595       6726.119       4295.404    0.000  -0.139   0.381   0.
  2017 352 17 49 27 496 352.742679361      -1.32      1.41     -0.94  0.       -4534.470       6725.835       4294.003    0.000  -0.139   0.381   0.
  2017 352 17 49 28 496 352.742690935      -1.00      1.69     -1.56  0.       -4535.345       6725.551       4292.601    0.000  -0.139   0.381   0.
  2017 352 17 49 29 496 352.742702509      -1.04      1.86     -1.55  0.       -4536.220       6725.267       4291.200    0.000  -0.139   0.381   0.
  2017 352 17 49 30 496 352.742714083      -1.14      1.39     -1.38  0.       -4537.095       6724.983       4289.798    0.000  -0.139   0.381   0.
  2017 352 17 49 31 496 352.742725657      -1.06      0.98     -2.04  0.       -4537.970       6724.698       4288.396    0.000  -0.139   0.381   0.
  2017 352 17 49 32 496 352.742737231      -0.74      0.71     -2.38  0.       -4538.844       6724.412       4286.993    0.000  -0.139   0.381   0.
  2017 352 17 49 33 496 352.742748805      -0.58      0.94     -2.29  0.       -4539.718       6724.127       4285.591    0.000  -0.139   0.381   0.
  2017 352 17 49 34 496 352.742760379      -0.94      1.57     -2.52  0.       -4540.592       6723.841       4284.188    0.000  -0.139   0.381   0.
  2017 352 17 49 35 496 352.742771952      -1.03      1.80     -2.25  0.       -4541.465       6723.554       4282.785    0.000  -0.139   0.381   0.
  2017 352 17 49 36 496 352.742783524      -0.57      1.50     -1.59  0.       -4542.338       6723.267       4281.382    0.000  -0.139   0.381   0.
  2017 352 17 49 37 496 352.742795098      -0.10      1.54     -1.09  0.       -4543.211       6722.980       4279.978    0.000  -0.139   0.381   0.
  2017 352 17 49 38 496 352.742806672       0.37      1.25     -1.66  0.       -4544.084       6722.693       4278.574    0.000  -0.139   0.381   0.
  2017 352 17 49 39 496 352.742818247       0.37      2.14     -1.81  0.       -4544.957       6722.405       4277.170    0.000  -0.139   0.381   0.
  2017 352 17 49 40 496 352.742829821       1.09      0.99     -2.35  0.       -4545.829       6722.117       4275.766    0.000  -0.139   0.381   0.
  2017 352 17 49 41 496 352.742841395       0.34      0.97     -2.10  0.       -4546.701       6721.828       4274.362    0.000  -0.139   0.381   0.
  2017 352 17 49 42 496 352.742852969      -0.37      1.57     -0.98  0.       -4547.573       6721.539       4272.957    0.000  -0.139   0.381   0.
  2017 352 17 49 43 496 352.742864543      -0.43      1.90     -0.55  0.       -4548.444       6721.250       4271.552    0.000  -0.139   0.381   0.
  2017 352 17 49 44 496 352.742876117      -0.57      2.41     -0.69  0.       -4549.315       6720.960       4270.147    0.000  -0.139   0.381   0.
  2017 352 17 49 45 496 352.742887691      -1.30      2.66     -0.83  0.       -4550.187       6720.670       4268.741    0.000  -0.139   0.381   0.
  2017 352 17 49 46 496 352.742899265      -1.45      2.21     -1.44  0.       -4551.057       6720.379       4267.336    0.000  -0.139   0.381   0.
  2017 352 17 49 47 496 352.742910839      -1.49      2.73     -2.05  0.       -4551.928       6720.088       4265.930    0.000  -0.139   0.381   0.
  2017 352 17 49 48 496 352.742922413      -2.57      1.67     -0.76  0.       -4552.798       6719.797       4264.523    0.000  -0.139   0.381   0.
  2017 352 17 49 49 496 352.742933987      -2.33      0.48     -0.84  0.       -4553.668       6719.505       4263.117    0.000  -0.139   0.381   0.
  2017 352 17 49 50 496 352.742945561      -1.75     -0.20     -1.14  0.       -4554.538       6719.213       4261.710    0.000  -0.139   0.381   0.
  2017 352 17 49 51 496 352.742957135      -0.98      0.34     -1.32  0.       -4555.407       6718.921       4260.304    0.000  -0.139   0.381   0.
  2017 352 17 49 52 496 352.742968710      -0.37      1.25     -1.84  0.       -4556.276       6718.628       4258.896    0.000  -0.139   0.381   0.
  2017 352 17 49 53 496 352.742980284      -1.42      2.52     -1.94  0.       -4557.145       6718.335       4257.489    0.000  -0.139   0.381   0.
  2017 352 17 49 54 496 352.742991858      -2.03      1.16     -1.31  0.       -4558.014       6718.042       4256.082    0.000  -0.139   0.381   0.
  2017 352 17 49 55 496 352.743003432      -1.16      0.44     -2.28  0.       -4558.883       6717.748       4254.674    0.000  -0.139   0.381   0.
  2017 352 17 49 56 496 352.743015006      -0.58     -0.12     -2.79  0.       -4559.751       6717.454       4253.266    0.000  -0.139   0.381   0.
  2017 352 17 49 57 496 352.743026580      -1.01      0.12     -2.40  0.       -4560.619       6717.159       4251.857    0.000  -0.139   0.381   0.
  2017 352 17 49 58 496 352.743038154      -1.55      0.69     -1.68  0.       -4561.486       6716.864       4250.449    0.000  -0.139   0.381   0.
  2017 352 17 49 59 496 352.743049728      -1.81      0.88     -0.98  0.       -4562.354       6716.569       4249.040    0.000  -0.139   0.381   0.
  2017 352 17 50  0 496 352.743061302      -2.09      0.78     -0.64  0.       -4563.221       6716.273       4247.631    0.000  -0.139   0.381   0.
  2017 352 17 50  1 496 352.743072876      -2.24      0.54     -0.62  0.       -4564.088       6715.977       4246.222    0.000  -0.139   0.381   0.
  2017 352 17 50  2 496 352.743084450      -2.23      1.21     -0.97  0.       -4564.955       6715.680       4244.812    0.000  -0.139   0.381   0.
  2017 352 17 50  3 496 352.743096024      -2.53      2.22     -1.54  0.       -4565.821       6715.384       4243.403    0.000  -0.139   0.381   0.
  2017 352 17 50  4 496 352.743107598      -2.60      2.85     -1.31  0.       -4566.687       6715.086       4241.993    0.000  -0.139   0.381   0.
  2017 352 17 50  5 496 352.743119172      -2.63      2.79     -1.28  0.       -4567.553       6714.789       4240.583    0.000  -0.139   0.381   0.
  2017 352 17 50  6 496 352.743130744      -1.12      1.20     -1.65  0.       -4568.419       6714.491       4239.172    0.000  -0.139   0.381   0.
  2017 352 17 50  7 496 352.743142318      -0.61      1.70     -1.22  0.       -4569.284       6714.192       4237.761    0.000  -0.139   0.381   0.
  2017 352 17 50  8 496 352.743153892      -0.70      1.41     -1.47  0.       -4570.149       6713.894       4236.351    0.000  -0.139   0.381   0.
  2017 352 17 50  9 496 352.743165466      -0.81      1.54     -0.86  0.       -4571.014       6713.595       4234.939    0.000  -0.139   0.381   0.
  2017 352 17 50 10 496 352.743177040      -0.41      1.34     -1.09  0.       -4571.879       6713.295       4233.528    0.000  -0.139   0.381   0.
  2017 352 17 50 11 496 352.743188614      -0.33      0.14     -0.30  0.       -4572.744       6712.995       4232.116    0.000  -0.139   0.381   0.
  2017 352 17 50 12 496 352.743200188      -0.79      0.46     -2.08  0.       -4573.608       6712.695       4230.705    0.000  -0.139   0.381   0.
  2017 352 17 50 13 496 352.743211762      -1.07      1.34     -3.76  0.       -4574.472       6712.394       4229.293    0.000  -0.139   0.381   0.
  2017 352 17 50 14 496 352.743223336      -1.71      1.65     -1.95  0.       -4575.335       6712.093       4227.880    0.000  -0.139   0.381   0.
  2017 352 17 50 15 496 352.743234910      -1.88      0.77     -1.14  0.       -4576.198       6711.792       4226.468    0.000  -0.139   0.381   0.
  2017 352 17 50 16 496 352.743246484      -1.23      0.79     -1.34  0.       -4577.061       6711.490       4225.055    0.000  -0.139   0.381   0.
  2017 352 17 50 17 496 352.743258058      -0.86      1.07     -1.30  0.       -4577.924       6711.188       4223.642    0.000  -0.139   0.381   0.
  2017 352 17 50 18 496 352.743269633      -0.06      1.12     -2.03  0.       -4578.787       6710.886       4222.229    0.000  -0.139   0.381   0.
  2017 352 17 50 19 496 352.743281207       0.13      1.23     -1.93  0.       -4579.649       6710.583       4220.815    0.000  -0.139   0.381   0.
  2017 352 17 50 20 496 352.743292781       0.12      1.61     -1.51  0.       -4580.511       6710.280       4219.401    0.000  -0.139   0.381   0.
  2017 352 17 50 21 496 352.743304355       0.15      1.52     -1.70  0.       -4581.373       6709.976       4217.987    0.000  -0.139   0.381   0.
  2017 352 17 50 22 496 352.743315929       0.02      0.83     -1.41  0.       -4582.235       6709.672       4216.573    0.000  -0.139   0.381   0.
  2017 352 17 50 23 496 352.743327503      -1.00      1.50     -0.79  0.       -4583.096       6709.368       4215.159    0.000  -0.139   0.381   0.
  2017 352 17 50 24 496 352.743339077      -1.47      1.64     -1.84  0.       -4583.957       6709.063       4213.744    0.000  -0.139   0.381   0.
  2017 352 17 50 25 496 352.743350651      -1.18      0.82     -1.84  0.       -4584.818       6708.758       4212.329    0.000  -0.139   0.381   0.
  2017 352 17 50 26 496 352.743362225      -1.16      1.06     -0.21  0.       -4585.679       6708.453       4210.914    0.000  -0.139   0.381   0.
  2017 352 17 50 27 496 352.743373799      -1.09      2.10     -0.41  0.       -4586.539       6708.147       4209.499    0.000  -0.139   0.381   0.
  2017 352 17 50 28 496 352.743385373      -1.70      3.10     -1.24  0.       -4587.399       6707.841       4208.083    0.000  -0.139   0.381   0.
  2017 352 17 50 29 496 352.743396947      -2.09      3.13     -2.33  0.       -4588.259       6707.534       4206.667    0.000  -0.139   0.381   0.
  2017 352 17 50 30 496 352.743408521      -2.20      2.09     -2.33  0.       -4589.118       6707.227       4205.251    0.000  -0.139   0.381   0.
  2017 352 17 50 31 496 352.743420096      -2.24      0.80     -2.27  0.       -4589.978       6706.920       4203.835    0.000  -0.139   0.381   0.
  2017 352 17 50 32 496 352.743431670      -2.25      0.17     -1.68  0.       -4590.837       6706.612       4202.418    0.000  -0.139   0.381   0.
  2017 352 17 50 33 496 352.743443244      -1.55      0.69     -1.13  0.       -4591.695       6706.304       4201.002    0.000  -0.139   0.381   0.
  2017 352 17 50 34 496 352.743454818      -1.48      1.92     -0.19  0.       -4592.554       6705.995       4199.585    0.000  -0.139   0.381   0.
  2017 352 17 50 35 496 352.743466391      -1.97      2.40     -0.46  0.       -4593.412       6705.687       4198.167    0.000  -0.139   0.381   0.
  2017 352 17 50 36 496 352.743477963      -2.64      2.11     -0.69  0.       -4594.270       6705.377       4196.750    0.000  -0.139   0.381   0.
  2017 352 17 50 37 495 352.743489537      -2.38      1.18     -0.85  0.       -4595.128       6705.068       4195.332    0.000  -0.139   0.381   0.
  2017 352 17 50 38 495 352.743501111      -1.54      0.78     -0.57  0.       -4595.985       6704.758       4193.914    0.000  -0.139   0.381   0.
  2017 352 17 50 39 495 352.743512685      -0.96      0.95     -0.02  0.       -4596.843       6704.447       4192.496    0.000  -0.139   0.381   0.
  2017 352 17 50 40 495 352.743524259      -0.25      2.27      0.17  0.       -4597.700       6704.137       4191.078    0.000  -0.139   0.381   0.
  2017 352 17 50 41 495 352.743535833      -1.17      3.54     -0.06  0.       -4598.556       6703.826       4189.659    0.000  -0.139   0.381   0.
  2017 352 17 50 42 496 352.743547407      -1.03      1.31     -0.02  0.       -4599.413       6703.514       4188.240    0.000  -0.139   0.381   0.
  2017 352 17 50 43 496 352.743558981      -1.61      0.20      0.34  0.       -4600.269       6703.202       4186.821    0.000  -0.139   0.381   0.
  2017 352 17 50 44 495 352.743570556      -0.11      1.02     -0.90  0.       -4601.125       6702.890       4185.402    0.000  -0.139   0.381   0.
  2017 352 17 50 45 495 352.743582130       1.28      1.48      0.35  0.       -4601.981       6702.578       4183.982    0.000  -0.139   0.381   0.
  2017 352 17 50 46 496 352.743593704       0.47     -0.19      1.94  0.       -4602.836       6702.265       4182.562    0.000  -0.139   0.381   0.
  2017 352 17 50 47 496 352.743605278       2.51      0.67     -0.80  0.       -4603.691       6701.951       4181.142    0.000  -0.139   0.381   0.
  2017 352 17 50 48 496 352.743616852       1.76      3.21     -0.57  0.       -4604.546       6701.638       4179.722    0.000  -0.139   0.381   0.
  2017 352 17 50 49 496 352.743628426      -0.48      2.34     -1.24  0.       -4605.401       6701.323       4178.301    0.000  -0.139   0.381   0.
  2017 352 17 50 50 496 352.743640000      -1.73      1.38     -0.21  0.       -4606.255       6701.009       4176.880    0.000  -0.139   0.381   0.
  2017 352 17 50 51 495 352.743651574      -1.08      0.36     -0.92  0.       -4607.109       6700.694       4175.459    0.000  -0.139   0.381   0.
  2017 352 17 50 52 495 352.743663148       1.69      1.44     -2.35  0.       -4607.963       6700.379       4174.038    0.000  -0.139   0.381   0.
  2017 352 17 50 53 495 352.743674722       2.00      1.33     -1.74  0.       -4608.817       6700.063       4172.617    0.000  -0.139   0.381   0.
  2017 352 17 50 54 495 352.743686296       0.73      1.42     -1.15  0.       -4609.670       6699.747       4171.195    0.000  -0.139   0.381   0.
  2017 352 17 50 55 496 352.743697870      -0.52      0.49     -1.39  0.       -4610.523       6699.431       4169.773    0.000  -0.139   0.381   0.
  2017 352 17 50 56 496 352.743709444      -2.13     -0.37     -0.99  0.       -4611.376       6699.114       4168.351    0.000  -0.139   0.381   0.
  2017 352 17 50 57 495 352.743721019      -1.70     -0.31     -2.06  0.       -4612.229       6698.797       4166.928    0.000  -0.139   0.381   0.
  2017 352 17 50 58 495 352.743732593      -0.98      1.10     -1.81  0.       -4613.081       6698.480       4165.506    0.000  -0.139   0.381   0.
  2017 352 17 50 59 496 352.743744167      -1.82      2.16     -0.22  0.       -4613.933       6698.162       4164.083    0.000  -0.139   0.381   0.
  2017 352 17 51  0 496 352.743755741      -0.45      2.57      0.29  0.       -4614.785       6697.844       4162.660    0.000  -0.139   0.381   0.
  2017 352 17 51  1 496 352.743767315      -0.51      2.08     -1.56  0.       -4615.636       6697.525       4161.237    0.000  -0.139   0.381   0.
  2017 352 17 51  2 496 352.743778889      -0.66      2.22     -3.84  0.       -4616.488       6697.206       4159.813    0.000  -0.139   0.381   0.
  2017 352 17 51  3 496 352.743790463      -1.27      1.12     -3.76  0.       -4617.339       6696.887       4158.389    0.000  -0.139   0.381   0.
  2017 352 17 51  4 495 352.743802034      -0.80      0.09     -3.90  0.       -4618.189       6696.567       4156.965    0.000  -0.139   0.381   0.
  2017 352 17 51  5 495 352.743813608      -0.45      0.05     -3.04  0.       -4619.040       6696.247       4155.541    0.000  -0.139   0.381   0.
  2017 352 17 51  6 495 352.743825182       0.12      0.52     -2.30  0.       -4619.890       6695.926       4154.116    0.000  -0.139   0.381   0.
  2017 352 17 51  7 495 352.743836756       1.83      0.59     -2.36  0.       -4620.740       6695.606       4152.692    0.000  -0.139   0.381   0.
  2017 352 17 51  8 495 352.743848330       3.18      0.80     -0.77  0.       -4621.590       6695.284       4151.267    0.000  -0.139   0.381   0.
  2017 352 17 51  9 495 352.743859904       2.10     -2.38     -1.19  0.       -4622.439       6694.963       4149.841    0.000  -0.139   0.381   0.
  2017 352 17 51 10 495 352.743871479       0.88     -0.68     -2.86  0.       -4623.289       6694.641       4148.416    0.000  -0.139   0.381   0.
  2017 352 17 51 11 495 352.743883053       0.76      1.41     -2.47  0.       -4624.138       6694.318       4146.990    0.000  -0.139   0.381   0.
  2017 352 17 51 12 495 352.743894627       1.13      2.11     -1.97  0.       -4624.986       6693.996       4145.564    0.000  -0.139   0.381   0.
  2017 352 17 51 13 495 352.743906201       1.50      2.17     -2.08  0.       -4625.835       6693.673       4144.138    0.000  -0.139   0.381   0.
  2017 352 17 51 14 495 352.743917775       1.72      2.18     -1.73  0.       -4626.683       6693.349       4142.712    0.000  -0.139   0.381   0.
  2017 352 17 51 15 495 352.743929349       0.15      1.94     -0.41  0.       -4627.531       6693.025       4141.285    0.000  -0.139   0.381   0.
  2017 352 17 51 16 495 352.743940923      -0.11      1.62     -0.99  0.       -4628.378       6692.701       4139.858    0.000  -0.139   0.381   0.
  2017 352 17 51 17 495 352.743952497       0.23      1.22     -1.22  0.       -4629.226       6692.376       4138.431    0.000  -0.139   0.381   0.
  2017 352 17 51 18 495 352.743964071       0.45      1.77     -2.98  0.       -4630.073       6692.051       4137.004    0.000  -0.139   0.381   0.
  2017 352 17 51 19 495 352.743975645      -0.63      0.48     -1.47  0.       -4630.920       6691.726       4135.576    0.000  -0.139   0.381   0.
  2017 352 17 51 20 495 352.743987219      -0.52      1.20     -1.25  0.       -4631.766       6691.400       4134.149    0.000  -0.139   0.381   0.
  2017 352 17 51 21 495 352.743998793      -0.49      0.71     -1.76  0.       -4632.613       6691.074       4132.721    0.000  -0.139   0.381   0.
  2017 352 17 51 22 495 352.744010367      -1.25      1.78     -1.29  0.       -4633.459       6690.748       4131.292    0.000  -0.139   0.381   0.
  2017 352 17 51 23 495 352.744021942      -0.79      2.68     -1.77  0.       -4634.305       6690.421       4129.864    0.000  -0.139   0.381   0.
  2017 352 17 51 24 495 352.744033516      -0.96      3.38     -2.60  0.       -4635.150       6690.093       4128.435    0.000  -0.139   0.381   0.
  2017 352 17 51 25 495 352.744045090      -1.30      2.83     -2.16  0.       -4635.996       6689.766       4127.006    0.000  -0.139   0.381   0.
  2017 352 17 51 26 495 352.744056664      -1.33      1.41     -1.97  0.       -4636.841       6689.438       4125.577    0.000  -0.139   0.381   0.
  2017 352 17 51 27 495 352.744068238      -1.43      0.65     -1.05  0.       -4637.685       6689.109       4124.148    0.000  -0.139   0.381   0.
  2017 352 17 51 28 495 352.744079812      -1.37      1.21     -1.41  0.       -4638.530       6688.781       4122.718    0.000  -0.139   0.381   0.
  2017 352 17 51 29 495 352.744091386      -1.73      1.64     -2.08  0.       -4639.374       6688.451       4121.288    0.000  -0.139   0.381   0.
  2017 352 17 51 30 495 352.744102960      -1.68      1.06     -2.63  0.       -4640.218       6688.122       4119.858    0.000  -0.139   0.381   0.
  2017 352 17 51 31 495 352.744114534      -1.44      0.66     -2.69  0.       -4641.062       6687.792       4118.428    0.000  -0.139   0.381   0.
  2017 352 17 51 32 495 352.744126108      -1.06      0.88     -2.92  0.       -4641.905       6687.462       4116.997    0.000  -0.139   0.381   0.
  2017 352 17 51 33 495 352.744137682      -1.10      0.36     -3.32  0.       -4642.749       6687.131       4115.566    0.000  -0.139   0.381   0.
  2017 352 17 51 34 495 352.744149253      -1.12     -0.33     -3.30  0.       -4643.592       6686.800       4114.135    0.000  -0.139   0.381   0.
  2017 352 17 51 35 495 352.744160828      -1.35      0.23     -3.21  0.       -4644.434       6686.469       4112.704    0.000  -0.139   0.381   0.
  2017 352 17 51 36 495 352.744172402      -1.65     -0.12     -3.67  0.       -4645.277       6686.137       4111.273    0.000  -0.139   0.381   0.
  2017 352 17 51 37 495 352.744183976      -1.58     -0.55     -2.77  0.       -4646.119       6685.805       4109.841    0.000  -0.139   0.381   0.
  2017 352 17 51 38 495 352.744195550      -1.54      0.28     -1.29  0.       -4646.961       6685.472       4108.409    0.000  -0.139   0.381   0.
  2017 352 17 51 39 495 352.744207124      -1.15      1.33     -0.80  0.       -4647.802       6685.139       4106.977    0.000  -0.139   0.381   0.
  2017 352 17 51 40 495 352.744218698      -1.22      0.97     -0.55  0.       -4648.644       6684.806       4105.544    0.000  -0.139   0.381   0.
  2017 352 17 51 41 495 352.744230272      -1.72      1.18     -0.76  0.       -4649.485       6684.472       4104.112    0.000  -0.139   0.381   0.
  2017 352 17 51 42 495 352.744241846      -1.61      1.22     -0.81  0.       -4650.326       6684.138       4102.679    0.000  -0.139   0.381   0.
  2017 352 17 51 43 495 352.744253420      -0.95      1.52     -1.37  0.       -4651.166       6683.804       4101.246    0.000  -0.139   0.381   0.
  2017 352 17 51 44 495 352.744264994      -1.06      1.64     -1.43  0.       -4652.007       6683.469       4099.812    0.000  -0.139   0.381   0.
  2017 352 17 51 45 495 352.744276568      -0.98      1.61     -1.11  0.       -4652.847       6683.134       4098.379    0.000  -0.139   0.381   0.
  2017 352 17 51 46 495 352.744288142      -0.87      1.51     -1.65  0.       -4653.686       6682.798       4096.945    0.000  -0.139   0.381   0.
  2017 352 17 51 47 495 352.744299716      -0.99      1.17     -3.13  0.       -4654.526       6682.462       4095.511    0.000  -0.139   0.381   0.
  2017 352 17 51 48 495 352.744311291      -0.46     -0.45     -4.92  0.       -4655.365       6682.126       4094.076    0.000  -0.139   0.381   0.
  2017 352 17 51 49 495 352.744322865      -0.05     -1.23     -3.00  0.       -4656.204       6681.789       4092.642    0.000  -0.139   0.381   0.
  2017 352 17 51 50 495 352.744334439      -0.72      0.43     -1.19  0.       -4657.043       6681.452       4091.207    0.000  -0.139   0.381   0.
  2017 352 17 51 51 495 352.744346013      -0.82      1.61     -0.53  0.       -4657.882       6681.115       4089.772    0.000  -0.139   0.381   0.
  2017 352 17 51 52 495 352.744357587      -0.83      1.57     -1.36  0.       -4658.720       6680.777       4088.337    0.000  -0.139   0.381   0.
  2017 352 17 51 53 495 352.744369161      -1.03      1.16     -2.30  0.       -4659.558       6680.439       4086.902    0.000  -0.139   0.381   0.
  2017 352 17 51 54 495 352.744380735      -0.98      0.75     -2.17  0.       -4660.395       6680.100       4085.466    0.000  -0.139   0.381   0.
  2017 352 17 51 55 495 352.744392309      -1.05      0.66     -1.87  0.       -4661.233       6679.761       4084.030    0.000  -0.139   0.381   0.
  2017 352 17 51 56 495 352.744403883      -0.72      0.85     -1.59  0.       -4662.070       6679.422       4082.594    0.000  -0.139   0.381   0.
  2017 352 17 51 57 495 352.744415457      -0.26      0.93     -1.68  0.       -4662.907       6679.082       4081.158    0.000  -0.139   0.381   0.
  2017 352 17 51 58 495 352.744427031      -0.32      0.79     -2.21  0.       -4663.744       6678.742       4079.721    0.000  -0.139   0.381   0.
  2017 352 17 51 59 495 352.744438605      -0.00      0.89     -1.85  0.       -4664.580       6678.402       4078.284    0.000  -0.139   0.381   0.
  2017 352 17 52  0 495 352.744450179       0.37      1.04     -2.22  0.       -4665.416       6678.061       4076.847    0.000  -0.139   0.381   0.
  2017 352 17 52  1 495 352.744461753       0.54      1.03     -2.27  0.       -4666.252       6677.720       4075.410    0.000  -0.139   0.381   0.
  2017 352 17 52  2 495 352.744473325       0.02      1.05     -2.13  0.       -4667.087       6677.378       4073.972    0.000  -0.139   0.381   0.
  2017 352 17 52  3 495 352.744484899      -0.79      1.59     -1.18  0.       -4667.923       6677.036       4072.534    0.000  -0.139   0.381   0.
  2017 352 17 52  4 495 352.744496473      -1.29      2.02     -0.10  0.       -4668.758       6676.694       4071.097    0.000  -0.139   0.381   0.
  2017 352 17 52  5 495 352.744508047      -1.18      1.83     -0.55  0.       -4669.593       6676.351       4069.658    0.000  -0.139   0.381   0.
  2017 352 17 52  6 495 352.744519621      -0.68      1.11     -0.99  0.       -4670.427       6676.008       4068.220    0.000  -0.139   0.381   0.
  2017 352 17 52  7 495 352.744531195      -0.35      1.62     -1.78  0.       -4671.261       6675.664       4066.781    0.000  -0.139   0.381   0.
  2017 352 17 52  8 495 352.744542769      -0.27      2.44     -1.22  0.       -4672.095       6675.320       4065.342    0.000  -0.139   0.381   0.
  2017 352 17 52  9 495 352.744554343      -1.24      2.27     -0.54  0.       -4672.929       6674.976       4063.903    0.000  -0.139   0.381   0.
  2017 352 17 52 10 495 352.744565917      -1.73      1.73      0.06  0.       -4673.763       6674.632       4062.464    0.000  -0.139   0.381   0.
  2017 352 17 52 11 495 352.744577491      -1.19      1.71     -0.09  0.       -4674.596       6674.287       4061.024    0.000  -0.139   0.381   0.
  2017 352 17 52 12 495 352.744589065      -1.11      1.70     -0.64  0.       -4675.429       6673.941       4059.584    0.000  -0.139   0.381   0.
  2017 352 17 52 13 495 352.744600639      -1.12      0.75     -0.95  0.       -4676.261       6673.595       4058.144    0.000  -0.139   0.381   0.
  2017 352 17 52 14 495 352.744612214      -0.22      0.82     -0.83  0.       -4677.094       6673.249       4056.704    0.000  -0.139   0.381   0.
  2017 352 17 52 15 495 352.744623788       0.14      1.08     -0.29  0.       -4677.926       6672.903       4055.264    0.000  -0.139   0.381   0.
  2017 352 17 52 16 495 352.744635362      -0.46      1.95     -1.52  0.       -4678.758       6672.556       4053.823    0.000  -0.139   0.381   0.
  2017 352 17 52 17 495 352.744646936      -0.94      2.07     -1.65  0.       -4679.589       6672.209       4052.382    0.000  -0.139   0.381   0.
  2017 352 17 52 18 495 352.744658510      -0.90      1.21     -1.95  0.       -4680.421       6671.861       4050.941    0.000  -0.139   0.381   0.
  2017 352 17 52 19 495 352.744670084      -0.80      0.93     -1.89  0.       -4681.252       6671.513       4049.499    0.000  -0.139   0.381   0.
  2017 352 17 52 20 495 352.744681658      -0.87      0.98     -0.66  0.       -4682.083       6671.164       4048.057    0.000  -0.139   0.381   0.
  2017 352 17 52 21 495 352.744693232      -0.84      0.74     -0.43  0.       -4682.913       6670.816       4046.616    0.000  -0.139   0.381   0.
  2017 352 17 52 22 495 352.744704806      -1.59      1.68     -0.38  0.       -4683.744       6670.466       4045.173    0.000  -0.139   0.381   0.
  2017 352 17 52 23 495 352.744716380      -2.21      1.63      0.21  0.       -4684.574       6670.117       4043.731    0.000  -0.139   0.381   0.
  2017 352 17 52 24 495 352.744727954      -2.90      1.75      0.60  0.       -4685.403       6669.767       4042.288    0.000  -0.139   0.381   0.
  2017 352 17 52 25 495 352.744739528      -3.31      1.95      0.52  0.       -4686.233       6669.417       4040.846    0.000  -0.139   0.381   0.
  2017 352 17 52 26 495 352.744751102      -3.15      2.19      0.06  0.       -4687.062       6669.066       4039.403    0.000  -0.139   0.381   0.
  2017 352 17 52 27 495 352.744762677      -2.88      2.49     -0.17  0.       -4687.891       6668.715       4037.959    0.000  -0.139   0.381   0.
  2017 352 17 52 28 495 352.744774251      -2.40      1.99     -0.20  0.       -4688.720       6668.363       4036.516    0.000  -0.139   0.381   0.
  2017 352 17 52 29 495 352.744785825      -1.98      1.65     -0.51  0.       -4689.548       6668.012       4035.072    0.000  -0.139   0.381   0.
  2017 352 17 52 30 495 352.744797399      -2.14      1.72     -1.55  0.       -4690.376       6667.659       4033.628    0.000  -0.139   0.381   0.
  2017 352 17 52 31 495 352.744808972      -3.00      2.01     -2.08  0.       -4691.204       6667.307       4032.184    0.000  -0.139   0.381   0.
  2017 352 17 52 32 495 352.744820544      -3.59      1.89     -2.28  0.       -4692.032       6666.954       4030.739    0.000  -0.139   0.381   0.
  2017 352 17 52 33 494 352.744832118      -3.54      1.71     -3.21  0.       -4692.859       6666.600       4029.295    0.000  -0.139   0.381   0.
  2017 352 17 52 34 494 352.744843692      -3.19      1.15     -3.11  0.       -4693.686       6666.247       4027.850    0.000  -0.139   0.381   0.
  2017 352 17 52 35 494 352.744855266      -2.38      1.08     -2.28  0.       -4694.513       6665.893       4026.405    0.000  -0.139   0.381   0.
  2017 352 17 52 36 494 352.744866840      -1.93      1.08     -2.39  0.       -4695.339       6665.538       4024.959    0.000  -0.139   0.381   0.
  2017 352 17 52 37 494 352.744878414      -1.80      1.19     -1.53  0.       -4696.166       6665.183       4023.514    0.000  -0.139   0.381   0.
  2017 352 17 52 38 495 352.744889988      -2.26      1.60     -1.64  0.       -4696.992       6664.828       4022.068    0.000  -0.139   0.381   0.
  2017 352 17 52 39 494 352.744901563      -2.17      1.39     -1.87  0.       -4697.817       6664.472       4020.622    0.000  -0.139   0.381   0.
  2017 352 17 52 40 494 352.744913137      -2.00      1.52     -1.35  0.       -4698.643       6664.116       4019.176    0.000  -0.139   0.381   0.
  2017 352 17 52 41 494 352.744924711      -2.29      1.71     -0.87  0.       -4699.468       6663.760       4017.729    0.000  -0.139   0.381   0.
  2017 352 17 52 42 495 352.744936285      -2.35      1.93     -1.59  0.       -4700.293       6663.403       4016.283    0.000  -0.139   0.381   0.
  2017 352 17 52 43 495 352.744947859      -1.61      0.90     -1.77  0.       -4701.118       6663.046       4014.836    0.000  -0.139   0.381   0.
  2017 352 17 52 44 495 352.744959433      -1.16      0.77     -1.78  0.       -4701.942       6662.688       4013.388    0.000  -0.139   0.381   0.
  2017 352 17 52 45 495 352.744971007      -1.67      1.83     -1.20  0.       -4702.766       6662.331       4011.941    0.000  -0.139   0.381   0.
  2017 352 17 52 46 494 352.744982581      -1.47      2.98     -0.84  0.       -4703.590       6661.972       4010.493    0.000  -0.139   0.381   0.
  2017 352 17 52 47 494 352.744994155      -1.33      2.51     -2.16  0.       -4704.414       6661.614       4009.046    0.000  -0.139   0.381   0.
  2017 352 17 52 48 494 352.745005729      -1.37      2.01     -1.74  0.       -4705.237       6661.254       4007.597    0.000  -0.139   0.381   0.
  2017 352 17 52 49 494 352.745017303      -1.92      1.67     -1.84  0.       -4706.060       6660.895       4006.149    0.000  -0.139   0.381   0.
  2017 352 17 52 50 494 352.745028877      -1.44      0.76     -1.24  0.       -4706.883       6660.535       4004.701    0.000  -0.139   0.381   0.
  2017 352 17 52 51 495 352.745040451      -1.42      0.69     -0.94  0.       -4707.705       6660.175       4003.252    0.000  -0.139   0.381   0.
  2017 352 17 52 52 495 352.745052025      -1.08      1.48     -1.31  0.       -4708.528       6659.815       4001.803    0.000  -0.139   0.381   0.
  2017 352 17 52 53 494 352.745063600      -1.00      1.09     -1.37  0.       -4709.350       6659.454       4000.354    0.000  -0.139   0.381   0.
  2017 352 17 52 54 494 352.745075174      -0.43      0.66     -0.64  0.       -4710.171       6659.092       3998.904    0.000  -0.139   0.381   0.
  2017 352 17 52 55 495 352.745086748      -0.06      0.82     -1.03  0.       -4710.993       6658.731       3997.454    0.000  -0.139   0.381   0.
  2017 352 17 52 56 495 352.745098322       0.38      1.20     -0.81  0.       -4711.814       6658.368       3996.004    0.000  -0.139   0.381   0.
  2017 352 17 52 57 495 352.745109896       0.68      1.10     -0.85  0.       -4712.635       6658.006       3994.554    0.000  -0.139   0.381   0.
  2017 352 17 52 58 495 352.745121470       1.59      1.15     -1.73  0.       -4713.455       6657.643       3993.104    0.000  -0.139   0.381   0.
  2017 352 17 52 59 495 352.745133044       1.91      0.83     -1.21  0.       -4714.276       6657.280       3991.653    0.000  -0.139   0.381   0.
  2017 352 17 53  0 494 352.745144618       1.35      1.39     -0.86  0.       -4715.096       6656.916       3990.202    0.000  -0.139   0.381   0.
  2017 352 17 53  1 494 352.745156192       1.00      1.58     -1.32  0.       -4715.916       6656.552       3988.751    0.000  -0.139   0.381   0.
  2017 352 17 53  2 494 352.745167763       0.67      1.51     -1.50  0.       -4716.735       6656.188       3987.300    0.000  -0.139   0.381   0.
  2017 352 17 53  3 494 352.745179337       0.39      1.20     -1.29  0.       -4717.555       6655.823       3985.849    0.000  -0.139   0.381   0.
  2017 352 17 53  4 494 352.745190911       0.01      1.49     -0.88  0.       -4718.374       6655.458       3984.397    0.000  -0.139   0.381   0.
  2017 352 17 53  5 494 352.745202486      -0.43      1.75     -1.52  0.       -4719.192       6655.092       3982.945    0.000  -0.139   0.381   0.
  2017 352 17 53  6 494 352.745214060      -1.09      1.94     -1.70  0.       -4720.011       6654.727       3981.493    0.000  -0.139   0.381   0.
  2017 352 17 53  7 494 352.745225634      -0.99      1.59     -1.55  0.       -4720.829       6654.360       3980.040    0.000  -0.139   0.381   0.
  2017 352 17 53  8 494 352.745237208      -0.53      1.52     -0.72  0.       -4721.647       6653.994       3978.588    0.000  -0.139   0.381   0.
  2017 352 17 53  9 494 352.745248782      -0.28      1.06     -1.52  0.       -4722.465       6653.627       3977.135    0.000  -0.139   0.381   0.
  2017 352 17 53 10 494 352.745260356      -0.77      1.49      0.44  0.       -4723.282       6653.259       3975.682    0.000  -0.139   0.381   0.
  2017 352 17 53 11 494 352.745271930      -1.40      2.30      0.36  0.       -4724.099       6652.891       3974.228    0.000  -0.139   0.381   0.
  2017 352 17 53 12 494 352.745283504      -1.62      2.91     -0.92  0.       -4724.916       6652.523       3972.775    0.000  -0.139   0.381   0.
  2017 352 17 53 13 494 352.745295078      -1.69      3.10     -2.34  0.       -4725.733       6652.155       3971.321    0.000  -0.139   0.381   0.
  2017 352 17 53 14 494 352.745306652      -1.28      1.55     -2.58  0.       -4726.549       6651.786       3969.867    0.000  -0.139   0.381   0.
  2017 352 17 53 15 494 352.745318226      -1.38      0.55     -2.04  0.       -4727.365       6651.416       3968.413    0.000  -0.139   0.381   0.
  2017 352 17 53 16 494 352.745329800      -1.75      0.64     -1.49  0.       -4728.181       6651.047       3966.958    0.000  -0.139   0.381   0.
  2017 352 17 53 17 494 352.745341374      -1.19      1.00     -1.05  0.       -4728.996       6650.677       3965.503    0.000  -0.139   0.381   0.
  2017 352 17 53 18 494 352.745352948      -0.48      0.88     -1.45  0.       -4729.812       6650.306       3964.048    0.000  -0.139   0.381   0.
  2017 352 17 53 19 494 352.745364523      -0.65      1.23     -0.27  0.       -4730.627       6649.935       3962.593    0.000  -0.139   0.381   0.
  2017 352 17 53 20 494 352.745376097      -1.62      1.70     -1.03  0.       -4731.441       6649.564       3961.138    0.000  -0.139   0.381   0.
  2017 352 17 53 21 494 352.745387671      -1.52      1.29     -2.61  0.       -4732.256       6649.192       3959.682    0.000  -0.139   0.381   0.
  2017 352 17 53 22 494 352.745399245      -1.01      0.41     -2.91  0.       -4733.070       6648.820       3958.226    0.000  -0.139   0.381   0.
  2017 352 17 53 23 494 352.745410819      -1.28      0.43     -2.59  0.       -4733.884       6648.448       3956.770    0.000  -0.139   0.381   0.
  2017 352 17 53 24 494 352.745422393      -1.62      1.04     -2.52  0.       -4734.697       6648.075       3955.314    0.000  -0.139   0.381   0.
  2017 352 17 53 25 494 352.745433967      -1.75      1.29     -2.42  0.       -4735.511       6647.702       3953.857    0.000  -0.139   0.381   0.
  2017 352 17 53 26 494 352.745445541      -1.61      1.05     -1.85  0.       -4736.324       6647.329       3952.401    0.000  -0.139   0.381   0.
  2017 352 17 53 27 494 352.745457115      -1.46      0.59     -1.88  0.       -4737.136       6646.955       3950.944    0.000  -0.139   0.381   0.
  2017 352 17 53 28 494 352.745468689      -1.83      0.41     -1.36  0.       -4737.949       6646.580       3949.487    0.000  -0.139   0.381   0.
  2017 352 17 53 29 494 352.745480263      -2.09      0.42     -1.00  0.       -4738.761       6646.206       3948.029    0.000  -0.139   0.381   0.
  2017 352 17 53 30 494 352.745491834      -2.53      0.61     -0.64  0.       -4739.573       6645.831       3946.571    0.000  -0.139   0.381   0.
  2017 352 17 53 31 494 352.745503409      -2.84      1.17     -0.40  0.       -4740.385       6645.455       3945.113    0.000  -0.139   0.381   0.
  2017 352 17 53 32 494 352.745514983      -2.46      1.59     -0.43  0.       -4741.196       6645.079       3943.655    0.000  -0.139   0.381   0.
  2017 352 17 53 33 494 352.745526557      -1.93      1.45     -0.25  0.       -4742.008       6644.703       3942.197    0.000  -0.139   0.381   0.
  2017 352 17 53 34 494 352.745538131      -2.21      1.84     -0.35  0.       -4742.818       6644.327       3940.738    0.000  -0.139   0.381   0.
  2017 352 17 53 35 494 352.745549705      -2.29      2.51     -0.24  0.       -4743.629       6643.950       3939.280    0.000  -0.139   0.381   0.
  2017 352 17 53 36 494 352.745561279      -1.73      1.95     -0.49  0.       -4744.439       6643.572       3937.821    0.000  -0.139   0.381   0.
  2017 352 17 53 37 494 352.745572853      -0.72      1.68      0.53  0.       -4745.249       6643.195       3936.361    0.000  -0.139   0.381   0.
  2017 352 17 53 38 494 352.745584427       0.15      2.04     -0.55  0.       -4746.059       6642.816       3934.902    0.000  -0.139   0.381   0.
  2017 352 17 53 39 494 352.745596001      -0.44      2.33     -0.25  0.       -4746.869       6642.438       3933.442    0.000  -0.139   0.381   0.
  2017 352 17 53 40 494 352.745607575      -1.36      2.05      0.12  0.       -4747.678       6642.059       3931.982    0.000  -0.139   0.381   0.
  2017 352 17 53 41 494 352.745619149      -1.80      1.32     -0.04  0.       -4748.487       6641.680       3930.522    0.000  -0.139   0.381   0.
  2017 352 17 53 42 494 352.745630723      -2.25      1.38     -0.39  0.       -4749.296       6641.300       3929.062    0.000  -0.139   0.381   0.
  2017 352 17 53 43 494 352.745642297      -2.98      1.16     -0.67  0.       -4750.104       6640.920       3927.601    0.000  -0.139   0.381   0.
  2017 352 17 53 44 494 352.745653871      -3.16      1.16     -0.59  0.       -4750.912       6640.540       3926.140    0.000  -0.139   0.381   0.
  2017 352 17 53 45 494 352.745665446      -3.16      1.49     -0.39  0.       -4751.720       6640.159       3924.679    0.000  -0.139   0.381   0.
  2017 352 17 53 46 494 352.745677020      -2.85      1.78     -0.31  0.       -4752.528       6639.778       3923.218    0.000  -0.139   0.381   0.
  2017 352 17 53 47 494 352.745688594      -2.40      1.73     -0.66  0.       -4753.335       6639.396       3921.756    0.000  -0.139   0.381   0.
  2017 352 17 53 48 494 352.745700168      -2.33      1.71     -0.94  0.       -4754.142       6639.014       3920.295    0.000  -0.139   0.381   0.
  2017 352 17 53 49 494 352.745711742      -2.36      1.47     -1.23  0.       -4754.949       6638.632       3918.833    0.000  -0.139   0.381   0.
  2017 352 17 53 50 494 352.745723316      -2.18      1.20     -1.24  0.       -4755.755       6638.249       3917.371    0.000  -0.139   0.381   0.
  2017 352 17 53 51 494 352.745734890      -1.84      1.51     -0.91  0.       -4756.562       6637.866       3915.908    0.000  -0.139   0.381   0.
  2017 352 17 53 52 494 352.745746464      -2.26      1.90     -0.73  0.       -4757.368       6637.483       3914.445    0.000  -0.139   0.381   0.
  2017 352 17 53 53 494 352.745758038      -2.88      2.11     -0.60  0.       -4758.173       6637.099       3912.983    0.000  -0.139   0.381   0.
  2017 352 17 53 54 494 352.745769612      -3.22      2.08     -0.91  0.       -4758.979       6636.715       3911.520    0.000  -0.139   0.381   0.
  2017 352 17 53 55 494 352.745781186      -3.27      2.17     -0.65  0.       -4759.784       6636.330       3910.056    0.000  -0.139   0.381   0.
  2017 352 17 53 56 494 352.745792760      -3.13      2.05     -0.16  0.       -4760.589       6635.945       3908.593    0.000  -0.139   0.381   0.
  2017 352 17 53 57 494 352.745804335      -2.84      1.69      0.19  0.       -4761.393       6635.560       3907.129    0.000  -0.139   0.381   0.
  2017 352 17 53 58 494 352.745815909      -2.34      1.52      0.19  0.       -4762.198       6635.174       3905.665    0.000  -0.139   0.381   0.
  2017 352 17 53 59 494 352.745827482      -1.60      1.41      0.13  0.       -4763.002       6634.788       3904.201    0.000  -0.139   0.381   0.
  2017 352 17 54  0 494 352.745839054      -1.58      1.79     -0.22  0.       -4763.805       6634.401       3902.736    0.000  -0.139   0.381   0.
  2017 352 17 54  1 494 352.745850628      -1.94      2.14     -0.61  0.       -4764.609       6634.014       3901.272    0.000  -0.139   0.381   0.
  2017 352 17 54  2 494 352.745862202      -2.08      2.62     -0.65  0.       -4765.412       6633.627       3899.807    0.000  -0.139   0.381   0.
  2017 352 17 54  3 494 352.745873776      -1.27      2.53     -1.50  0.       -4766.215       6633.240       3898.342    0.000  -0.139   0.381   0.
  2017 352 17 54  4 494 352.745885350      -0.12      2.01     -1.77  0.       -4767.018       6632.851       3896.876    0.000  -0.139   0.381   0.
  2017 352 17 54  5 494 352.745896924      -0.52     -0.05     -1.02  0.       -4767.820       6632.463       3895.410    0.000  -0.139   0.381   0.
  2017 352 17 54  6 494 352.745908498      -0.76     -0.79      0.52  0.       -4768.622       6632.074       3893.945    0.000  -0.139   0.381   0.
  2017 352 17 54  7 494 352.745920072      -0.61      0.04     -0.41  0.       -4769.424       6631.685       3892.479    0.000  -0.139   0.381   0.
  2017 352 17 54  8 494 352.745931646      -0.70      0.47     -0.50  0.       -4770.226       6631.295       3891.012    0.000  -0.139   0.381   0.
  2017 352 17 54  9 494 352.745943220      -0.73      0.33     -0.47  0.       -4771.027       6630.905       3889.546    0.000  -0.139   0.381   0.
  2017 352 17 54 10 494 352.745954795      -0.29      0.78     -0.48  0.       -4771.828       6630.515       3888.079    0.000  -0.139   0.381   0.
  2017 352 17 54 11 494 352.745966369      -0.27      1.46     -1.10  0.       -4772.628       6630.124       3886.612    0.000  -0.139   0.381   0.
  2017 352 17 54 12 494 352.745977943      -0.38      1.02     -0.97  0.       -4773.429       6629.733       3885.145    0.000  -0.139   0.381   0.
  2017 352 17 54 13 494 352.745989517      -0.50      1.13     -0.91  0.       -4774.229       6629.342       3883.678    0.000  -0.139   0.381   0.
  2017 352 17 54 14 494 352.746001091      -0.92      1.59     -1.46  0.       -4775.029       6628.950       3882.210    0.000  -0.139   0.381   0.
  2017 352 17 54 15 494 352.746012665      -1.13      1.55     -1.49  0.       -4775.829       6628.558       3880.742    0.000  -0.139   0.381   0.
  2017 352 17 54 16 494 352.746024239      -1.44      1.65     -1.25  0.       -4776.628       6628.165       3879.274    0.000  -0.139   0.381   0.
  2017 352 17 54 17 494 352.746035813      -1.78      1.65     -0.91  0.       -4777.427       6627.772       3877.806    0.000  -0.139   0.381   0.
  2017 352 17 54 18 494 352.746047387      -1.47      1.50     -0.75  0.       -4778.226       6627.378       3876.338    0.000  -0.139   0.381   0.
  2017 352 17 54 19 494 352.746058961      -1.12      1.13     -1.13  0.       -4779.025       6626.985       3874.869    0.000  -0.139   0.381   0.
  2017 352 17 54 20 494 352.746070535      -1.00      0.99     -1.16  0.       -4779.823       6626.590       3873.400    0.000  -0.139   0.381   0.
  2017 352 17 54 21 494 352.746082109      -0.98      1.20     -0.93  0.       -4780.621       6626.196       3871.931    0.000  -0.139   0.381   0.
  2017 352 17 54 22 494 352.746093683      -0.86      1.16     -0.77  0.       -4781.418       6625.801       3870.461    0.000  -0.139   0.381   0.
  2017 352 17 54 23 494 352.746105258      -0.77      1.27     -0.89  0.       -4782.216       6625.406       3868.992    0.000  -0.139   0.381   0.
  2017 352 17 54 24 494 352.746116832      -0.74      1.26     -0.32  0.       -4783.013       6625.010       3867.522    0.000  -0.139   0.381   0.
  2017 352 17 54 25 494 352.746128406      -1.24      1.29      0.16  0.       -4783.810       6624.614       3866.052    0.000  -0.139   0.381   0.
  2017 352 17 54 26 494 352.746139980      -1.34      1.57     -1.01  0.       -4784.606       6624.217       3864.582    0.000  -0.139   0.381   0.
  2017 352 17 54 27 494 352.746151554      -1.38      1.47     -1.20  0.       -4785.403       6623.820       3863.111    0.000  -0.139   0.381   0.
  2017 352 17 54 28 494 352.746163128      -1.44      1.49     -1.38  0.       -4786.199       6623.423       3861.640    0.000  -0.139   0.381   0.
  2017 352 17 54 29 493 352.746174701      -1.53      1.83     -0.98  0.       -4786.995       6623.025       3860.169    0.000  -0.139   0.381   0.
  2017 352 17 54 30 493 352.746186273      -1.30      2.12     -0.53  0.       -4787.790       6622.627       3858.698    0.000  -0.139   0.381   0.
  2017 352 17 54 31 493 352.746197847      -1.50      1.90     -0.98  0.       -4788.585       6622.229       3857.227    0.000  -0.139   0.381   0.
  2017 352 17 54 32 493 352.746209421      -1.55      1.69     -1.13  0.       -4789.380       6621.830       3855.755    0.000  -0.139   0.381   0.
  2017 352 17 54 33 494 352.746220995      -1.57      1.50     -1.53  0.       -4790.175       6621.431       3854.283    0.000  -0.139   0.381   0.
  2017 352 17 54 34 494 352.746232569      -1.67      1.18     -1.64  0.       -4790.969       6621.032       3852.811    0.000  -0.139   0.381   0.
  2017 352 17 54 35 493 352.746244144      -1.44      0.91     -1.36  0.       -4791.763       6620.631       3851.339    0.000  -0.139   0.381   0.
  2017 352 17 54 36 493 352.746255718      -1.05      0.60     -0.96  0.       -4792.557       6620.231       3849.866    0.000  -0.139   0.381   0.
  2017 352 17 54 37 494 352.746267292      -1.01      0.84     -0.82  0.       -4793.351       6619.830       3848.393    0.000  -0.139   0.381   0.
  2017 352 17 54 38 494 352.746278866      -0.51      1.17     -0.33  0.       -4794.144       6619.429       3846.921    0.000  -0.139   0.381   0.
  2017 352 17 54 39 494 352.746290440      -0.27      1.27     -0.71  0.       -4794.937       6619.028       3845.447    0.000  -0.139   0.381   0.
  2017 352 17 54 40 494 352.746302014      -0.74      1.98     -1.19  0.       -4795.729       6618.626       3843.974    0.000  -0.139   0.381   0.
  2017 352 17 54 41 494 352.746313588      -0.91      2.05     -1.32  0.       -4796.522       6618.224       3842.500    0.000  -0.139   0.381   0.
  2017 352 17 54 42 493 352.746325162      -1.37      2.31     -1.25  0.       -4797.314       6617.821       3841.026    0.000  -0.139   0.381   0.
  2017 352 17 54 43 493 352.746336736      -1.05      1.35     -1.53  0.       -4798.106       6617.418       3839.552    0.000  -0.139   0.381   0.
  2017 352 17 54 44 493 352.746348310      -1.25      1.06     -1.48  0.       -4798.897       6617.015       3838.078    0.000  -0.139   0.381   0.
  2017 352 17 54 45 493 352.746359884      -1.51      1.29     -1.45  0.       -4799.689       6616.611       3836.603    0.000  -0.139   0.381   0.
  2017 352 17 54 46 493 352.746371458      -1.52      1.72     -1.32  0.       -4800.480       6616.207       3835.129    0.000  -0.139   0.381   0.
  2017 352 17 54 47 494 352.746383032      -1.48      1.94     -1.33  0.       -4801.271       6615.802       3833.654    0.000  -0.139   0.381   0.
  2017 352 17 54 48 494 352.746394607      -1.49      1.89     -1.21  0.       -4802.061       6615.397       3832.178    0.000  -0.139   0.381   0.
  2017 352 17 54 49 493 352.746406181      -1.72      1.71     -1.61  0.       -4802.851       6614.992       3830.703    0.000  -0.139   0.381   0.
  2017 352 17 54 50 493 352.746417755      -1.80      1.34     -1.56  0.       -4803.641       6614.586       3829.227    0.000  -0.139   0.381   0.
  2017 352 17 54 51 494 352.746429329      -1.48      0.83     -1.51  0.       -4804.431       6614.180       3827.751    0.000  -0.139   0.381   0.
  2017 352 17 54 52 494 352.746440903      -1.17      1.60     -2.08  0.       -4805.220       6613.773       3826.275    0.000  -0.139   0.381   0.
  2017 352 17 54 53 494 352.746452477      -0.69      1.33     -3.66  0.       -4806.009       6613.367       3824.799    0.000  -0.139   0.381   0.
  2017 352 17 54 54 494 352.746464051      -0.39      0.68     -3.42  0.       -4806.798       6612.959       3823.322    0.000  -0.139   0.381   0.
  2017 352 17 54 55 494 352.746475625       0.43      0.08     -2.95  0.       -4807.586       6612.552       3821.846    0.000  -0.139   0.381   0.
  2017 352 17 54 56 493 352.746487199       0.20      0.35     -2.78  0.       -4808.375       6612.144       3820.369    0.000  -0.139   0.381   0.
  2017 352 17 54 57 493 352.746498773      -0.19      0.64     -2.43  0.       -4809.163       6611.735       3818.891    0.000  -0.139   0.381   0.
  2017 352 17 54 58 493 352.746510347       0.39      1.13     -1.80  0.       -4809.950       6611.326       3817.414    0.000  -0.139   0.381   0.
  2017 352 17 54 59 493 352.746521921       0.60      1.43     -1.66  0.       -4810.738       6610.917       3815.936    0.000  -0.139   0.381   0.
  2017 352 17 55  0 493 352.746533492       0.70      1.10     -1.24  0.       -4811.525       6610.508       3814.458    0.000  -0.139   0.381   0.
  2017 352 17 55  1 493 352.746545067       0.33      1.00     -1.35  0.       -4812.312       6610.098       3812.980    0.000  -0.139   0.381   0.
  2017 352 17 55  2 493 352.746556641      -0.18      1.07     -1.49  0.       -4813.098       6609.687       3811.502    0.000  -0.139   0.381   0.
  2017 352 17 55  3 493 352.746568215      -0.37      1.12     -1.53  0.       -4813.884       6609.277       3810.023    0.000  -0.139   0.381   0.
  2017 352 17 55  4 493 352.746579789      -0.23      1.47     -1.76  0.       -4814.670       6608.865       3808.545    0.000  -0.139   0.381   0.
  2017 352 17 55  5 493 352.746591363      -0.77      1.44     -1.86  0.       -4815.456       6608.454       3807.066    0.000  -0.139   0.381   0.
  2017 352 17 55  6 493 352.746602937      -1.08      1.55     -1.52  0.       -4816.241       6608.042       3805.586    0.000  -0.139   0.381   0.
  2017 352 17 55  7 493 352.746614511      -1.01      1.96     -1.39  0.       -4817.027       6607.630       3804.107    0.000  -0.139   0.381   0.
  2017 352 17 55  8 493 352.746626085      -1.29      2.05     -1.39  0.       -4817.811       6607.217       3802.627    0.000  -0.139   0.381   0.
  2017 352 17 55  9 493 352.746637659      -0.89      1.58     -1.26  0.       -4818.596       6606.804       3801.148    0.000  -0.139   0.381   0.
  2017 352 17 55 10 493 352.746649233      -0.17      1.25     -1.33  0.       -4819.380       6606.391       3799.667    0.000  -0.139   0.381   0.
  2017 352 17 55 11 493 352.746660807       0.44      1.16     -1.45  0.       -4820.164       6605.977       3798.187    0.000  -0.139   0.381   0.
  2017 352 17 55 12 493 352.746672381       0.94      1.30     -1.28  0.       -4820.948       6605.563       3796.706    0.000  -0.139   0.381   0.
  2017 352 17 55 13 493 352.746683955       0.88      1.60     -1.75  0.       -4821.731       6605.148       3795.226    0.000  -0.139   0.381   0.
  2017 352 17 55 14 493 352.746695529       0.21      1.74     -1.52  0.       -4822.515       6604.733       3793.745    0.000  -0.139   0.381   0.
  2017 352 17 55 15 493 352.746707104       0.43      1.01     -1.03  0.       -4823.298       6604.318       3792.263    0.000  -0.139   0.381   0.
  2017 352 17 55 16 493 352.746718678       0.69      1.17     -0.67  0.       -4824.080       6603.902       3790.782    0.000  -0.139   0.381   0.
  2017 352 17 55 17 493 352.746730252       1.01      1.22     -1.47  0.       -4824.862       6603.485       3789.300    0.000  -0.139   0.381   0.
  2017 352 17 55 18 493 352.746741826       0.61      0.62     -1.57  0.       -4825.644       6603.069       3787.818    0.000  -0.139   0.381   0.
  2017 352 17 55 19 493 352.746753400       0.36      0.64     -0.74  0.       -4826.426       6602.652       3786.336    0.000  -0.139   0.381   0.
  2017 352 17 55 20 493 352.746764974      -0.17      0.91     -0.22  0.       -4827.208       6602.235       3784.854    0.000  -0.139   0.381   0.
  2017 352 17 55 21 493 352.746776548      -0.21      1.15     -0.19  0.       -4827.989       6601.817       3783.372    0.000  -0.139   0.381   0.
  2017 352 17 55 22 493 352.746788122      -0.59      0.71     -0.55  0.       -4828.770       6601.399       3781.889    0.000  -0.139   0.381   0.
  2017 352 17 55 23 493 352.746799696      -0.26      0.85     -0.67  0.       -4829.550       6600.981       3780.406    0.000  -0.139   0.381   0.
  2017 352 17 55 24 493 352.746811270      -0.23      1.37     -0.20  0.       -4830.331       6600.562       3778.922    0.000  -0.139   0.381   0.
  2017 352 17 55 25 493 352.746822844       0.27      1.37     -0.47  0.       -4831.111       6600.143       3777.439    0.000  -0.139   0.381   0.
  2017 352 17 55 26 493 352.746834418      -0.04      1.15     -0.08  0.       -4831.891       6599.723       3775.955    0.000  -0.139   0.381   0.
  2017 352 17 55 27 493 352.746845992      -0.63      1.34     -0.85  0.       -4832.670       6599.303       3774.471    0.000  -0.139   0.381   0.
  2017 352 17 55 28 493 352.746857564      -0.68      1.08     -0.21  0.       -4833.449       6598.883       3772.987    0.000  -0.139   0.381   0.
  2017 352 17 55 29 493 352.746869138      -0.69      1.07      0.19  0.       -4834.228       6598.462       3771.503    0.000  -0.139   0.381   0.
  2017 352 17 55 30 493 352.746880712      -0.54      1.33     -0.00  0.       -4835.007       6598.041       3770.019    0.000  -0.139   0.381   0.
  2017 352 17 55 31 493 352.746892286      -0.58      1.45     -0.44  0.       -4835.785       6597.619       3768.534    0.000  -0.139   0.381   0.
  2017 352 17 55 32 493 352.746903860      -0.22      1.47     -0.78  0.       -4836.563       6597.197       3767.049    0.000  -0.139   0.381   0.
  2017 352 17 55 33 493 352.746915434       0.17      1.03     -1.29  0.       -4837.341       6596.775       3765.564    0.000  -0.139   0.381   0.
  2017 352 17 55 34 493 352.746927008       0.41      0.92     -1.03  0.       -4838.119       6596.352       3764.078    0.000  -0.139   0.381   0.
  2017 352 17 55 35 493 352.746938582       0.21      1.10     -1.19  0.       -4838.896       6595.929       3762.592    0.000  -0.139   0.381   0.
  2017 352 17 55 36 493 352.746950156      -0.15      1.53     -1.22  0.       -4839.673       6595.506       3761.107    0.000  -0.139   0.381   0.
  2017 352 17 55 37 493 352.746961730      -0.53      1.50     -1.19  0.       -4840.449       6595.082       3759.621    0.000  -0.139   0.381   0.
  2017 352 17 55 38 493 352.746973304      -0.86      1.91     -1.30  0.       -4841.226       6594.658       3758.134    0.000  -0.139   0.381   0.
  2017 352 17 55 39 493 352.746984879      -0.68      0.94     -1.03  0.       -4842.002       6594.233       3756.648    0.000  -0.139   0.381   0.
  2017 352 17 55 40 493 352.746996453      -1.12      1.25     -0.62  0.       -4842.778       6593.808       3755.161    0.000  -0.139   0.381   0.
  2017 352 17 55 41 493 352.747008027      -1.28      1.67     -0.39  0.       -4843.553       6593.383       3753.674    0.000  -0.139   0.381   0.
  2017 352 17 55 42 493 352.747019601      -1.22      1.67     -0.78  0.       -4844.329       6592.957       3752.187    0.000  -0.139   0.381   0.
  2017 352 17 55 43 493 352.747031175      -1.38      1.72     -1.54  0.       -4845.103       6592.531       3750.699    0.000  -0.139   0.381   0.
  2017 352 17 55 44 493 352.747042749      -1.38      1.47     -2.11  0.       -4845.878       6592.104       3749.212    0.000  -0.139   0.381   0.
  2017 352 17 55 45 493 352.747054323      -1.36      1.13     -1.79  0.       -4846.652       6591.677       3747.724    0.000  -0.139   0.381   0.
  2017 352 17 55 46 493 352.747065897      -1.19      1.14     -1.24  0.       -4847.427       6591.250       3746.236    0.000  -0.139   0.381   0.
  2017 352 17 55 47 493 352.747077471      -1.58      1.64     -0.95  0.       -4848.200       6590.822       3744.748    0.000  -0.139   0.381   0.
  2017 352 17 55 48 493 352.747089045      -1.48      1.96     -1.36  0.       -4848.974       6590.394       3743.259    0.000  -0.139   0.381   0.
  2017 352 17 55 49 493 352.747100619      -1.14      2.16     -1.08  0.       -4849.747       6589.965       3741.770    0.000  -0.139   0.381   0.
  2017 352 17 55 50 493 352.747112193      -1.01      1.74     -1.44  0.       -4850.520       6589.536       3740.281    0.000  -0.139   0.381   0.
  2017 352 17 55 51 493 352.747123767      -1.25      1.78     -1.13  0.       -4851.293       6589.107       3738.792    0.000  -0.139   0.381   0.
  2017 352 17 55 52 493 352.747135341      -1.62      1.81     -0.87  0.       -4852.065       6588.678       3737.303    0.000  -0.139   0.381   0.
  2017 352 17 55 53 493 352.747146916      -1.35      1.69     -1.55  0.       -4852.837       6588.247       3735.813    0.000  -0.139   0.381   0.
  2017 352 17 55 54 493 352.747158490      -1.50      1.42     -1.74  0.       -4853.609       6587.817       3734.323    0.000  -0.139   0.381   0.
  2017 352 17 55 55 493 352.747170064      -1.52      1.03     -1.21  0.       -4854.381       6587.386       3732.833    0.000  -0.139   0.381   0.
  2017 352 17 55 56 493 352.747181638      -1.31      1.02     -0.67  0.       -4855.152       6586.955       3731.343    0.000  -0.139   0.381   0.
  2017 352 17 55 57 493 352.747193211      -1.36      0.99     -0.63  0.       -4855.923       6586.523       3729.852    0.000  -0.139   0.381   0.
  2017 352 17 55 58 493 352.747204783      -1.17      0.49     -0.58  0.       -4856.694       6586.091       3728.362    0.000  -0.139   0.381   0.
  2017 352 17 55 59 493 352.747216357      -0.55      0.07     -1.09  0.       -4857.464       6585.659       3726.871    0.000  -0.139   0.381   0.
  2017 352 17 56  0 493 352.747227931      -0.37     -0.13     -1.47  0.       -4858.234       6585.226       3725.380    0.000  -0.139   0.381   0.
  2017 352 17 56  1 493 352.747239505      -0.35      0.19     -0.90  0.       -4859.004       6584.793       3723.888    0.000  -0.139   0.381   0.
  2017 352 17 56  2 493 352.747251079       0.84      0.44     -1.10  0.       -4859.773       6584.359       3722.397    0.000  -0.139   0.381   0.
  2017 352 17 56  3 493 352.747262653       1.39      0.24     -0.67  0.       -4860.543       6583.926       3720.905    0.000  -0.139   0.381   0.
  2017 352 17 56  4 493 352.747274227       1.04      0.68     -0.27  0.       -4861.312       6583.491       3719.413    0.000  -0.139   0.381   0.
  2017 352 17 56  5 493 352.747285802       0.61      1.89      0.44  0.       -4862.080       6583.056       3717.921    0.000  -0.139   0.381   0.
  2017 352 17 56  6 493 352.747297376       0.13      2.16      0.31  0.       -4862.849       6582.621       3716.428    0.000  -0.139   0.381   0.
  2017 352 17 56  7 493 352.747308950      -0.41      2.26      0.31  0.       -4863.617       6582.186       3714.936    0.000  -0.139   0.381   0.
  2017 352 17 56  8 493 352.747320524      -0.85      2.55     -0.70  0.       -4864.385       6581.750       3713.443    0.000  -0.139   0.381   0.
  2017 352 17 56  9 493 352.747332098      -0.76      1.38     -1.45  0.       -4865.152       6581.314       3711.949    0.000  -0.139   0.381   0.
  2017 352 17 56 10 493 352.747343672      -0.89      0.98     -1.35  0.       -4865.919       6580.877       3710.456    0.000  -0.139   0.381   0.
  2017 352 17 56 11 493 352.747355246      -0.86      0.38     -1.12  0.       -4866.686       6580.440       3708.963    0.000  -0.139   0.381   0.
  2017 352 17 56 12 493 352.747366820      -0.95      0.05     -0.96  0.       -4867.453       6580.003       3707.469    0.000  -0.139   0.381   0.
  2017 352 17 56 13 493 352.747378394      -0.91     -0.15     -1.08  0.       -4868.219       6579.565       3705.975    0.000  -0.139   0.381   0.
  2017 352 17 56 14 493 352.747389968      -0.92      0.46     -1.17  0.       -4868.985       6579.127       3704.481    0.000  -0.139   0.381   0.
  2017 352 17 56 15 493 352.747401542      -0.93      1.24     -1.15  0.       -4869.751       6578.688       3702.986    0.000  -0.139   0.381   0.
  2017 352 17 56 16 493 352.747413116      -1.48      2.47     -1.17  0.       -4870.517       6578.249       3701.491    0.000  -0.139   0.381   0.
  2017 352 17 56 17 493 352.747424690      -1.47      2.24     -0.58  0.       -4871.282       6577.810       3699.997    0.000  -0.139   0.381   0.
  2017 352 17 56 18 493 352.747436264      -1.36      1.83     -0.99  0.       -4872.047       6577.370       3698.501    0.000  -0.139   0.381   0.
  2017 352 17 56 19 493 352.747447839      -1.27      1.83     -0.95  0.       -4872.812       6576.930       3697.006    0.000  -0.139   0.381   0.
  2017 352 17 56 20 493 352.747459413      -1.48      1.94     -0.68  0.       -4873.576       6576.489       3695.511    0.000  -0.139   0.381   0.
  2017 352 17 56 21 493 352.747470987      -1.20      1.40     -0.81  0.       -4874.340       6576.048       3694.015    0.000  -0.139   0.381   0.
  2017 352 17 56 22 493 352.747482561      -0.87      1.12     -0.95  0.       -4875.104       6575.607       3692.519    0.000  -0.139   0.381   0.
  2017 352 17 56 23 493 352.747494135      -0.85      0.94     -1.23  0.       -4875.867       6575.165       3691.023    0.000  -0.139   0.381   0.
  2017 352 17 56 24 493 352.747505709      -0.68      0.89     -1.18  0.       -4876.631       6574.723       3689.526    0.000  -0.139   0.381   0.
  2017 352 17 56 25 492 352.747517282      -0.80      1.16     -0.80  0.       -4877.393       6574.281       3688.030    0.000  -0.139   0.381   0.
  2017 352 17 56 26 492 352.747528854      -0.97      0.82     -0.45  0.       -4878.156       6573.838       3686.533    0.000  -0.139   0.381   0.
  2017 352 17 56 27 492 352.747540428       0.12      0.28     -1.08  0.       -4878.918       6573.394       3685.036    0.000  -0.139   0.381   0.
  2017 352 17 56 28 492 352.747552002       0.71      1.02     -1.75  0.       -4879.680       6572.951       3683.538    0.000  -0.139   0.381   0.
  2017 352 17 56 29 493 352.747563576       0.72      1.38     -1.30  0.       -4880.442       6572.507       3682.041    0.000  -0.139   0.381   0.
  2017 352 17 56 30 493 352.747575150       0.81      1.26     -1.09  0.       -4881.204       6572.062       3680.543    0.000  -0.139   0.381   0.
  2017 352 17 56 31 492 352.747586725       0.67      0.80     -1.20  0.       -4881.965       6571.618       3679.045    0.000  -0.139   0.381   0.
  2017 352 17 56 32 492 352.747598299       0.57      1.04     -1.44  0.       -4882.726       6571.172       3677.547    0.000  -0.139   0.381   0.
  2017 352 17 56 33 493 352.747609873      -0.09      1.50     -1.56  0.       -4883.486       6570.727       3676.049    0.000  -0.139   0.381   0.
  2017 352 17 56 34 493 352.747621447      -0.15      1.28     -1.31  0.       -4884.247       6570.281       3674.550    0.000  -0.139   0.381   0.
  2017 352 17 56 35 493 352.747633021      -0.60      1.45     -1.14  0.       -4885.007       6569.834       3673.051    0.000  -0.139   0.381   0.
  2017 352 17 56 36 493 352.747644595      -0.98      1.71     -1.16  0.       -4885.766       6569.388       3671.552    0.000  -0.139   0.381   0.
  2017 352 17 56 37 493 352.747656169      -1.29      1.15     -0.90  0.       -4886.526       6568.940       3670.053    0.000  -0.139   0.381   0.
  2017 352 17 56 38 492 352.747667743      -1.06      0.79     -0.42  0.       -4887.285       6568.493       3668.554    0.000  -0.139   0.381   0.
  2017 352 17 56 39 492 352.747679317       0.10      1.10     -0.98  0.       -4888.044       6568.045       3667.054    0.000  -0.139   0.381   0.
  2017 352 17 56 40 492 352.747690891       0.12      1.62     -0.84  0.       -4888.803       6567.597       3665.554    0.000  -0.139   0.381   0.
  2017 352 17 56 41 492 352.747702465       0.16      1.31     -1.30  0.       -4889.561       6567.148       3664.054    0.000  -0.139   0.381   0.
  2017 352 17 56 42 492 352.747714039       0.24      1.07     -1.46  0.       -4890.319       6566.699       3662.554    0.000  -0.139   0.381   0.
  2017 352 17 56 43 493 352.747725613      -0.11      1.15     -1.86  0.       -4891.077       6566.249       3661.053    0.000  -0.139   0.381   0.
  2017 352 17 56 44 492 352.747737188      -0.44      1.33     -0.98  0.       -4891.834       6565.799       3659.552    0.000  -0.139   0.381   0.
  2017 352 17 56 45 492 352.747748762      -1.05      1.54     -0.52  0.       -4892.591       6565.349       3658.051    0.000  -0.139   0.381   0.
  2017 352 17 56 46 492 352.747760336      -1.06      1.22     -0.67  0.       -4893.348       6564.898       3656.550    0.000  -0.139   0.381   0.
  2017 352 17 56 47 493 352.747771910      -0.65      0.77     -0.44  0.       -4894.105       6564.447       3655.049    0.000  -0.139   0.381   0.
  2017 352 17 56 48 493 352.747783484      -0.31      0.51     -0.48  0.       -4894.861       6563.996       3653.547    0.000  -0.139   0.381   0.
  2017 352 17 56 49 493 352.747795058      -0.27      0.65     -0.56  0.       -4895.617       6563.544       3652.045    0.000  -0.139   0.381   0.
  2017 352 17 56 50 493 352.747806632       0.05      0.89     -1.14  0.       -4896.372       6563.092       3650.543    0.000  -0.139   0.381   0.
  2017 352 17 56 51 492 352.747818206       0.44      1.44     -0.90  0.       -4897.128       6562.639       3649.041    0.000  -0.139   0.381   0.
  2017 352 17 56 52 492 352.747829780       0.11      1.92     -0.42  0.       -4897.883       6562.186       3647.538    0.000  -0.139   0.381   0.
  2017 352 17 56 53 492 352.747841354      -0.40      1.92     -0.21  0.       -4898.638       6561.733       3646.036    0.000  -0.139   0.381   0.
  2017 352 17 56 54 492 352.747852928      -0.68      1.79     -0.28  0.       -4899.392       6561.279       3644.533    0.000  -0.139   0.381   0.
  2017 352 17 56 55 492 352.747864502      -0.72      1.60     -0.47  0.       -4900.146       6560.825       3643.029    0.000  -0.139   0.381   0.
  2017 352 17 56 56 492 352.747876073      -1.00      1.46     -0.54  0.       -4900.900       6560.370       3641.526    0.000  -0.139   0.381   0.
  2017 352 17 56 57 492 352.747887648      -1.17      1.68     -0.54  0.       -4901.654       6559.915       3640.023    0.000  -0.139   0.381   0.
  2017 352 17 56 58 492 352.747899222      -1.02      1.34     -0.57  0.       -4902.407       6559.460       3638.519    0.000  -0.139   0.381   0.
  2017 352 17 56 59 492 352.747910796      -1.23      1.06     -0.27  0.       -4903.160       6559.004       3637.015    0.000  -0.139   0.381   0.
  2017 352 17 57  0 492 352.747922370      -1.24      1.25     -0.06  0.       -4903.913       6558.548       3635.511    0.000  -0.139   0.381   0.
  2017 352 17 57  1 492 352.747933944      -1.35      1.77     -0.53  0.       -4904.666       6558.092       3634.006    0.000  -0.139   0.381   0.
  2017 352 17 57  2 492 352.747945518      -1.52      2.02     -0.32  0.       -4905.418       6557.635       3632.501    0.000  -0.139   0.381   0.
  2017 352 17 57  3 492 352.747957092      -2.11      2.26     -0.25  0.       -4906.170       6557.177       3630.997    0.000  -0.139   0.381   0.
  2017 352 17 57  4 492 352.747968666      -2.12      2.26     -0.89  0.       -4906.921       6556.720       3629.491    0.000  -0.139   0.381   0.
  2017 352 17 57  5 492 352.747980240      -1.74      1.97     -1.22  0.       -4907.673       6556.262       3627.986    0.000  -0.139   0.381   0.
  2017 352 17 57  6 492 352.747991814      -1.57      1.58     -0.87  0.       -4908.424       6555.803       3626.481    0.000  -0.139   0.381   0.
  2017 352 17 57  7 492 352.748003388      -1.84      1.05     -0.54  0.       -4909.174       6555.344       3624.975    0.000  -0.139   0.381   0.
  2017 352 17 57  8 492 352.748014962      -2.27      0.71     -0.54  0.       -4909.925       6554.885       3623.469    0.000  -0.139   0.381   0.
  2017 352 17 57  9 492 352.748026536      -2.22      0.53     -0.54  0.       -4910.675       6554.425       3621.963    0.000  -0.139   0.381   0.
  2017 352 17 57 10 492 352.748038111      -1.86      0.83     -0.40  0.       -4911.425       6553.965       3620.456    0.000  -0.139   0.381   0.
  2017 352 17 57 11 492 352.748049685      -1.72      1.14     -0.59  0.       -4912.174       6553.505       3618.950    0.000  -0.139   0.381   0.
  2017 352 17 57 12 492 352.748061259      -1.55      1.44     -0.72  0.       -4912.924       6553.044       3617.443    0.000  -0.139   0.381   0.
  2017 352 17 57 13 492 352.748072833      -1.19      1.67     -0.87  0.       -4913.673       6552.583       3615.936    0.000  -0.139   0.381   0.
  2017 352 17 57 14 492 352.748084407      -1.11      1.83     -1.02  0.       -4914.421       6552.121       3614.429    0.000  -0.139   0.381   0.
  2017 352 17 57 15 492 352.748095981      -0.90      1.61     -0.99  0.       -4915.170       6551.659       3612.921    0.000  -0.139   0.381   0.
  2017 352 17 57 16 492 352.748107555      -0.78      1.28     -0.76  0.       -4915.918       6551.197       3611.413    0.000  -0.139   0.381   0.
  2017 352 17 57 17 492 352.748119129      -1.18      0.58     -0.23  0.       -4916.666       6550.734       3609.905    0.000  -0.139   0.381   0.
  2017 352 17 57 18 492 352.748130703      -1.17      0.43     -0.15  0.       -4917.413       6550.271       3608.397    0.000  -0.139   0.381   0.
  2017 352 17 57 19 492 352.748142277      -0.46      1.15     -0.75  0.       -4918.160       6549.807       3606.889    0.000  -0.139   0.381   0.
  2017 352 17 57 20 492 352.748153851      -0.43      1.53     -1.05  0.       -4918.907       6549.343       3605.380    0.000  -0.139   0.381   0.
  2017 352 17 57 21 492 352.748165425      -0.04      1.57     -1.19  0.       -4919.654       6548.879       3603.872    0.000  -0.139   0.381   0.
  2017 352 17 57 22 492 352.748176999      -0.10      1.76     -0.29  0.       -4920.400       6548.415       3602.363    0.000  -0.139   0.381   0.
  2017 352 17 57 23 492 352.748188573      -0.50      1.64      0.32  0.       -4921.146       6547.949       3600.854    0.000  -0.139   0.381   0.
  2017 352 17 57 24 492 352.748200148      -0.53      1.62      0.72  0.       -4921.892       6547.484       3599.344    0.000  -0.139   0.381   0.
  2017 352 17 57 25 492 352.748211721      -0.26      1.66      0.74  0.       -4922.637       6547.018       3597.834    0.000  -0.139   0.381   0.
  2017 352 17 57 26 492 352.748223293       0.06      1.18      0.64  0.       -4923.382       6546.552       3596.325    0.000  -0.139   0.381   0.
  2017 352 17 57 27 492 352.748234867       0.07      0.97      0.45  0.       -4924.127       6546.085       3594.815    0.000  -0.139   0.381   0.
  2017 352 17 57 28 492 352.748246441       0.32      1.47      0.05  0.       -4924.872       6545.618       3593.304    0.000  -0.139   0.381   0.
  2017 352 17 57 29 492 352.748258015       0.18      1.17     -0.66  0.       -4925.616       6545.151       3591.794    0.000  -0.139   0.381   0.
  2017 352 17 57 30 492 352.748269589       0.40      1.13     -1.11  0.       -4926.360       6544.683       3590.283    0.000  -0.139   0.381   0.
  2017 352 17 57 31 492 352.748281163       0.33      0.69     -1.24  0.       -4927.104       6544.214       3588.772    0.000  -0.139   0.381   0.
  2017 352 17 57 32 492 352.748292737       0.24      0.24     -0.83  0.       -4927.847       6543.746       3587.261    0.000  -0.139   0.381   0.
  2017 352 17 57 33 492 352.748304311       0.11      0.24     -1.04  0.       -4928.590       6543.277       3585.750    0.000  -0.139   0.381   0.
  2017 352 17 57 34 492 352.748315885       0.27      1.36     -1.28  0.       -4929.333       6542.807       3584.238    0.000  -0.139   0.381   0.
  2017 352 17 57 35 492 352.748327460      -0.12      1.22     -0.84  0.       -4930.075       6542.337       3582.726    0.000  -0.139   0.381   0.
  2017 352 17 57 36 492 352.748339034      -0.85      1.47      0.12  0.       -4930.818       6541.867       3581.214    0.000  -0.139   0.381   0.
  2017 352 17 57 37 492 352.748350608      -0.71      2.06     -0.19  0.       -4931.560       6541.397       3579.702    0.000  -0.139   0.381   0.
  2017 352 17 57 38 492 352.748362182      -0.04      2.53     -1.03  0.       -4932.301       6540.926       3578.190    0.000  -0.139   0.381   0.
  2017 352 17 57 39 492 352.748373756      -0.20      1.63     -0.90  0.       -4933.042       6540.454       3576.677    0.000  -0.139   0.381   0.
  2017 352 17 57 40 492 352.748385330      -0.19      1.04     -0.76  0.       -4933.783       6539.983       3575.164    0.000  -0.139   0.381   0.
  2017 352 17 57 41 492 352.748396904      -0.12      1.38     -0.77  0.       -4934.524       6539.510       3573.651    0.000  -0.139   0.381   0.
  2017 352 17 57 42 492 352.748408478       0.54      1.06     -0.62  0.       -4935.265       6539.038       3572.138    0.000  -0.139   0.381   0.
  2017 352 17 57 43 492 352.748420052       1.01      0.96     -1.07  0.       -4936.005       6538.565       3570.624    0.000  -0.139   0.381   0.
  2017 352 17 57 44 492 352.748431626       1.17      0.96     -0.96  0.       -4936.745       6538.091       3569.111    0.000  -0.139   0.381   0.
  2017 352 17 57 45 492 352.748443200       0.63      1.38     -0.77  0.       -4937.484       6537.618       3567.597    0.000  -0.139   0.381   0.
  2017 352 17 57 46 492 352.748454774      -0.37      1.49     -0.66  0.       -4938.223       6537.144       3566.082    0.000  -0.139   0.381   0.
  2017 352 17 57 47 492 352.748466348      -1.31      0.85     -0.98  0.       -4938.962       6536.669       3564.568    0.000  -0.139   0.381   0.
  2017 352 17 57 48 492 352.748477922      -1.48      0.85     -0.72  0.       -4939.701       6536.194       3563.054    0.000  -0.139   0.381   0.
  2017 352 17 57 49 492 352.748489497      -1.11      1.18     -1.08  0.       -4940.439       6535.719       3561.539    0.000  -0.139   0.381   0.
  2017 352 17 57 50 492 352.748501071      -0.50      1.32     -1.28  0.       -4941.177       6535.243       3560.024    0.000  -0.139   0.381   0.
  2017 352 17 57 51 492 352.748512645      -0.53      1.65     -0.90  0.       -4941.915       6534.767       3558.509    0.000  -0.139   0.381   0.
  2017 352 17 57 52 492 352.748524219      -0.38      2.01     -1.39  0.       -4942.652       6534.291       3556.993    0.000  -0.139   0.381   0.
  2017 352 17 57 53 492 352.748535792      -0.18      2.19     -1.67  0.       -4943.390       6533.814       3555.477    0.000  -0.139   0.381   0.
  2017 352 17 57 54 492 352.748547364      -0.27      1.29     -1.40  0.       -4944.126       6533.336       3553.962    0.000  -0.139   0.381   0.
  2017 352 17 57 55 492 352.748558938      -0.23      0.78     -0.51  0.       -4944.863       6532.859       3552.446    0.000  -0.139   0.381   0.
  2017 352 17 57 56 492 352.748570512       0.45      1.57     -1.31  0.       -4945.599       6532.381       3550.929    0.000  -0.139   0.381   0.
  2017 352 17 57 57 492 352.748582086       0.68      1.98     -1.57  0.       -4946.336       6531.902       3549.413    0.000  -0.139   0.381   0.
  2017 352 17 57 58 492 352.748593660      -0.29      1.78     -1.06  0.       -4947.071       6531.423       3547.896    0.000  -0.139   0.381   0.
  2017 352 17 57 59 492 352.748605234      -1.01      0.54     -0.61  0.       -4947.806       6530.944       3546.379    0.000  -0.139   0.381   0.
  2017 352 17 58  0 492 352.748616808      -0.66      0.39     -0.27  0.       -4948.541       6530.465       3544.862    0.000  -0.139   0.381   0.
  2017 352 17 58  1 492 352.748628383      -0.49      1.67     -0.51  0.       -4949.276       6529.984       3543.345    0.000  -0.139   0.381   0.
  2017 352 17 58  2 492 352.748639957      -0.45      1.14     -0.80  0.       -4950.011       6529.504       3541.827    0.000  -0.139   0.381   0.
  2017 352 17 58  3 492 352.748651531      -0.30      0.96     -0.76  0.       -4950.745       6529.023       3540.309    0.000  -0.139   0.381   0.
  2017 352 17 58  4 492 352.748663105      -0.14      0.59      0.67  0.       -4951.479       6528.542       3538.791    0.000  -0.139   0.381   0.
  2017 352 17 58  5 492 352.748674679      -0.18      0.93      0.62  0.       -4952.212       6528.060       3537.273    0.000  -0.139   0.381   0.
  2017 352 17 58  6 492 352.748686253      -0.36      1.28     -0.82  0.       -4952.946       6527.579       3535.755    0.000  -0.139   0.381   0.
  2017 352 17 58  7 492 352.748697827       0.04      0.65     -1.25  0.       -4953.679       6527.096       3534.236    0.000  -0.139   0.381   0.
  2017 352 17 58  8 492 352.748709401      -0.65      0.13     -1.50  0.       -4954.411       6526.613       3532.717    0.000  -0.139   0.381   0.
  2017 352 17 58  9 492 352.748720975      -0.36      0.23     -0.75  0.       -4955.144       6526.130       3531.198    0.000  -0.139   0.381   0.
  2017 352 17 58 10 492 352.748732549       0.19      0.87     -0.32  0.       -4955.876       6525.647       3529.679    0.000  -0.139   0.381   0.
  2017 352 17 58 11 492 352.748744123       0.10      1.73      0.08  0.       -4956.608       6525.163       3528.159    0.000  -0.139   0.381   0.
  2017 352 17 58 12 492 352.748755697      -0.54      2.20      0.48  0.       -4957.339       6524.678       3526.640    0.000  -0.139   0.381   0.
  2017 352 17 58 13 492 352.748767271      -1.06      2.03     -0.16  0.       -4958.070       6524.194       3525.120    0.000  -0.139   0.381   0.
  2017 352 17 58 14 492 352.748778845      -1.48      1.57     -0.47  0.       -4958.801       6523.708       3523.600    0.000  -0.139   0.381   0.
  2017 352 17 58 15 492 352.748790420      -1.56      1.06     -0.11  0.       -4959.532       6523.223       3522.079    0.000  -0.139   0.381   0.
  2017 352 17 58 16 492 352.748801994      -2.04      1.12     -0.21  0.       -4960.262       6522.737       3520.559    0.000  -0.139   0.381   0.
  2017 352 17 58 17 492 352.748813568      -2.20      1.48     -0.41  0.       -4960.992       6522.251       3519.038    0.000  -0.139   0.381   0.
  2017 352 17 58 18 492 352.748825142      -2.03      1.71     -0.55  0.       -4961.722       6521.764       3517.517    0.000  -0.139   0.381   0.
  2017 352 17 58 19 492 352.748836716      -2.01      1.66     -0.55  0.       -4962.451       6521.277       3515.996    0.000  -0.139   0.381   0.
  2017 352 17 58 20 492 352.748848290      -1.73      1.38     -0.33  0.       -4963.180       6520.789       3514.475    0.000  -0.139   0.381   0.
  2017 352 17 58 21 492 352.748859864      -1.45      1.23     -0.84  0.       -4963.909       6520.301       3512.953    0.000  -0.139   0.381   0.
  2017 352 17 58 22 492 352.748871438      -1.12      1.25     -1.05  0.       -4964.638       6519.813       3511.431    0.000  -0.139   0.381   0.
  2017 352 17 58 23 492 352.748883012      -0.56      1.49     -0.86  0.       -4965.366       6519.324       3509.909    0.000  -0.139   0.381   0.
  2017 352 17 58 24 492 352.748894586      -0.56      1.83     -0.13  0.       -4966.094       6518.835       3508.387    0.000  -0.139   0.381   0.
  2017 352 17 58 25 492 352.748906160      -0.73      2.00     -0.27  0.       -4966.821       6518.346       3506.864    0.000  -0.139   0.381   0.
  2017 352 17 58 26 492 352.748917731      -0.92      1.92     -0.16  0.       -4967.549       6517.856       3505.342    0.000  -0.139   0.381   0.
  2017 352 17 58 27 491 352.748929306      -1.18      1.51      0.20  0.       -4968.276       6517.366       3503.819    0.000  -0.139   0.381   0.
  2017 352 17 58 28 491 352.748940880      -1.07      1.30      0.31  0.       -4969.002       6516.875       3502.296    0.000  -0.139   0.381   0.
  2017 352 17 58 29 492 352.748952454      -0.69      1.28      0.27  0.       -4969.729       6516.384       3500.772    0.000  -0.139   0.381   0.
  2017 352 17 58 30 492 352.748964028      -0.05      1.53      0.33  0.       -4970.455       6515.893       3499.249    0.000  -0.139   0.381   0.
  2017 352 17 58 31 492 352.748975602       0.03      1.31      0.53  0.       -4971.181       6515.401       3497.725    0.000  -0.139   0.381   0.
  2017 352 17 58 32 492 352.748987176      -0.41      1.20      0.67  0.       -4971.906       6514.909       3496.201    0.000  -0.139   0.381   0.
  2017 352 17 58 33 491 352.748998750      -0.11      1.46      0.60  0.       -4972.631       6514.416       3494.677    0.000  -0.139   0.381   0.
  2017 352 17 58 34 491 352.749010324       0.45      1.35     -0.01  0.       -4973.356       6513.923       3493.153    0.000  -0.139   0.381   0.
  2017 352 17 58 35 491 352.749021898       0.62      1.38     -0.26  0.       -4974.081       6513.430       3491.628    0.000  -0.139   0.381   0.
  2017 352 17 58 36 491 352.749033472       0.39      1.13      0.02  0.       -4974.805       6512.936       3490.103    0.000  -0.139   0.381   0.
  2017 352 17 58 37 491 352.749045046       0.24      0.34      1.18  0.       -4975.529       6512.442       3488.578    0.000  -0.139   0.381   0.
  2017 352 17 58 38 492 352.749056620       0.18      0.73      1.30  0.       -4976.253       6511.947       3487.053    0.000  -0.139   0.381   0.
  2017 352 17 58 39 492 352.749068194      -0.37      1.33      0.86  0.       -4976.976       6511.452       3485.528    0.000  -0.139   0.381   0.
  2017 352 17 58 40 491 352.749079768       0.08      0.94     -0.12  0.       -4977.699       6510.957       3484.002    0.000  -0.139   0.381   0.
  2017 352 17 58 41 491 352.749091343       0.12      1.07     -0.18  0.       -4978.422       6510.461       3482.476    0.000  -0.139   0.381   0.
  2017 352 17 58 42 492 352.749102917      -0.59      2.17      0.01  0.       -4979.145       6509.965       3480.950    0.000  -0.139   0.381   0.
  2017 352 17 58 43 492 352.749114491      -1.20      2.87      0.31  0.       -4979.867       6509.468       3479.424    0.000  -0.139   0.381   0.
  2017 352 17 58 44 492 352.749126065      -1.25      3.06     -0.01  0.       -4980.589       6508.971       3477.897    0.000  -0.139   0.381   0.
  2017 352 17 58 45 492 352.749137639      -1.51      2.75     -0.14  0.       -4981.310       6508.474       3476.371    0.000  -0.139   0.381   0.
  2017 352 17 58 46 492 352.749149213      -1.85      2.76      0.16  0.       -4982.031       6507.976       3474.844    0.000  -0.139   0.381   0.
  2017 352 17 58 47 491 352.749160787      -1.82      2.76      0.13  0.       -4982.752       6507.478       3473.317    0.000  -0.139   0.381   0.
  2017 352 17 58 48 491 352.749172361      -1.13      2.72      0.02  0.       -4983.473       6506.979       3471.789    0.000  -0.139   0.381   0.
  2017 352 17 58 49 491 352.749183935      -0.85      2.95     -0.56  0.       -4984.193       6506.480       3470.262    0.000  -0.139   0.381   0.
  2017 352 17 58 50 491 352.749195509      -0.71      2.55     -0.74  0.       -4984.913       6505.981       3468.734    0.000  -0.139   0.381   0.
  2017 352 17 58 51 491 352.749207083       0.01      1.64     -0.95  0.       -4985.633       6505.481       3467.206    0.000  -0.139   0.381   0.
  2017 352 17 58 52 492 352.749218657       0.31      1.26     -1.27  0.       -4986.353       6504.981       3465.678    0.000  -0.139   0.381   0.
  2017 352 17 58 53 492 352.749230231       0.23      1.28     -1.05  0.       -4987.072       6504.481       3464.150    0.000  -0.139   0.381   0.
  2017 352 17 58 54 491 352.749241803      -0.66      1.57     -0.57  0.       -4987.791       6503.980       3462.621    0.000  -0.139   0.381   0.
  2017 352 17 58 55 491 352.749253377      -0.89      1.84     -0.66  0.       -4988.509       6503.478       3461.092    0.000  -0.139   0.381   0.
  2017 352 17 58 56 491 352.749264951      -0.79      2.20     -0.68  0.       -4989.228       6502.977       3459.563    0.000  -0.139   0.381   0.
  2017 352 17 58 57 491 352.749276525      -0.85      1.84     -0.62  0.       -4989.946       6502.475       3458.034    0.000  -0.139   0.381   0.
  2017 352 17 58 58 491 352.749288099      -1.04      1.60     -0.67  0.       -4990.663       6501.972       3456.505    0.000  -0.139   0.381   0.
  2017 352 17 58 59 491 352.749299673      -1.06      1.20     -0.33  0.       -4991.380       6501.469       3454.975    0.000  -0.139   0.381   0.
  2017 352 17 59  0 491 352.749311247      -0.65      0.92     -0.32  0.       -4992.098       6500.966       3453.445    0.000  -0.139   0.381   0.
  2017 352 17 59  1 491 352.749322821      -0.04      1.47     -0.45  0.       -4992.814       6500.462       3451.915    0.000  -0.139   0.381   0.
  2017 352 17 59  2 491 352.749334395      -0.32      2.06     -0.23  0.       -4993.531       6499.958       3450.385    0.000  -0.139   0.381   0.
  2017 352 17 59  3 491 352.749345969      -0.45      1.89      0.01  0.       -4994.247       6499.454       3448.854    0.000  -0.139   0.381   0.
  2017 352 17 59  4 491 352.749357543      -0.37      1.97     -0.08  0.       -4994.963       6498.949       3447.324    0.000  -0.139   0.381   0.
  2017 352 17 59  5 491 352.749369117      -0.58      2.14     -0.49  0.       -4995.678       6498.443       3445.793    0.000  -0.139   0.381   0.
  2017 352 17 59  6 491 352.749380692      -0.95      2.08     -0.07  0.       -4996.393       6497.938       3444.262    0.000  -0.139   0.381   0.
  2017 352 17 59  7 491 352.749392266      -1.06      2.02      0.46  0.       -4997.108       6497.432       3442.730    0.000  -0.139   0.381   0.
  2017 352 17 59  8 491 352.749403840      -0.67      2.07     -0.00  0.       -4997.823       6496.925       3441.199    0.000  -0.139   0.381   0.
  2017 352 17 59  9 491 352.749415414      -0.57      2.09     -0.16  0.       -4998.537       6496.418       3439.667    0.000  -0.139   0.381   0.
  2017 352 17 59 10 491 352.749426988      -0.77      2.13     -0.93  0.       -4999.251       6495.911       3438.135    0.000  -0.139   0.381   0.
  2017 352 17 59 11 491 352.749438562      -1.12      0.90     -1.36  0.       -4999.965       6495.404       3436.603    0.000  -0.139   0.381   0.
  2017 352 17 59 12 491 352.749450136      -1.86      0.15     -0.39  0.       -5000.678       6494.896       3435.071    0.000  -0.139   0.381   0.
  2017 352 17 59 13 491 352.749461710      -2.22      0.81      0.28  0.       -5001.391       6494.387       3433.538    0.000  -0.139   0.381   0.
  2017 352 17 59 14 491 352.749473284      -1.76      0.67     -0.19  0.       -5002.104       6493.878       3432.005    0.000  -0.139   0.381   0.
  2017 352 17 59 15 491 352.749484858      -1.53      0.73     -0.67  0.       -5002.816       6493.369       3430.472    0.000  -0.139   0.381   0.
  2017 352 17 59 16 491 352.749496432      -1.66      1.09     -0.38  0.       -5003.529       6492.859       3428.939    0.000  -0.139   0.381   0.
  2017 352 17 59 17 491 352.749508006      -1.82      1.23      0.03  0.       -5004.241       6492.349       3427.406    0.000  -0.139   0.381   0.
  2017 352 17 59 18 491 352.749519580      -1.84      1.83      0.24  0.       -5004.952       6491.839       3425.872    0.000  -0.139   0.381   0.
  2017 352 17 59 19 491 352.749531154      -2.12      2.34      0.22  0.       -5005.663       6491.328       3424.338    0.000  -0.139   0.381   0.
  2017 352 17 59 20 491 352.749542729      -2.23      2.12     -0.17  0.       -5006.374       6490.817       3422.804    0.000  -0.139   0.381   0.
  2017 352 17 59 21 491 352.749554303      -2.37      2.03     -0.00  0.       -5007.085       6490.305       3421.270    0.000  -0.139   0.381   0.
  2017 352 17 59 22 491 352.749565877      -1.89      2.12      0.22  0.       -5007.795       6489.793       3419.735    0.000  -0.139   0.381   0.
  2017 352 17 59 23 491 352.749577450      -1.56      1.99      0.10  0.       -5008.505       6489.281       3418.201    0.000  -0.139   0.381   0.
  2017 352 17 59 24 491 352.749589022      -1.35      1.82      0.18  0.       -5009.215       6488.768       3416.666    0.000  -0.139   0.381   0.
  2017 352 17 59 25 491 352.749600596      -1.48      1.45      0.02  0.       -5009.924       6488.255       3415.131    0.000  -0.139   0.381   0.
  2017 352 17 59 26 491 352.749612170      -1.74      1.29     -0.10  0.       -5010.633       6487.741       3413.595    0.000  -0.139   0.381   0.
  2017 352 17 59 27 491 352.749623744      -1.94      1.71      0.03  0.       -5011.342       6487.227       3412.060    0.000  -0.139   0.381   0.
  2017 352 17 59 28 491 352.749635318      -1.98      2.11     -0.14  0.       -5012.051       6486.713       3410.524    0.000  -0.139   0.381   0.
  2017 352 17 59 29 491 352.749646892      -2.04      2.12      0.08  0.       -5012.759       6486.198       3408.988    0.000  -0.139   0.381   0.
  2017 352 17 59 30 491 352.749658466      -1.97      2.23      0.37  0.       -5013.467       6485.683       3407.452    0.000  -0.139   0.381   0.
  2017 352 17 59 31 491 352.749670041      -1.81      2.26      0.44  0.       -5014.174       6485.167       3405.916    0.000  -0.139   0.381   0.
  2017 352 17 59 32 491 352.749681615      -1.77      2.00      0.58  0.       -5014.882       6484.651       3404.379    0.000  -0.139   0.381   0.
  2017 352 17 59 33 491 352.749693189      -1.97      1.71      0.17  0.       -5015.589       6484.135       3402.842    0.000  -0.139   0.381   0.
  2017 352 17 59 34 491 352.749704763      -1.92      1.04     -0.53  0.       -5016.295       6483.618       3401.306    0.000  -0.139   0.381   0.
  2017 352 17 59 35 491 352.749716337      -2.00      0.92     -0.89  0.       -5017.002       6483.101       3399.768    0.000  -0.139   0.381   0.
  2017 352 17 59 36 491 352.749727911      -2.29      1.67     -0.85  0.       -5017.708       6482.584       3398.231    0.000  -0.139   0.381   0.
  2017 352 17 59 37 491 352.749739485      -2.62      2.25     -0.52  0.       -5018.413       6482.066       3396.693    0.000  -0.139   0.381   0.
  2017 352 17 59 38 491 352.749751059      -2.47      1.83     -0.05  0.       -5019.119       6481.547       3395.156    0.000  -0.139   0.381   0.
  2017 352 17 59 39 491 352.749762633      -2.01      1.66     -0.22  0.       -5019.824       6481.029       3393.618    0.000  -0.139   0.381   0.
  2017 352 17 59 40 491 352.749774207      -1.86      1.77     -1.08  0.       -5020.529       6480.509       3392.079    0.000  -0.139   0.381   0.
  2017 352 17 59 41 491 352.749785781      -1.92      1.74     -1.54  0.       -5021.233       6479.990       3390.541    0.000  -0.139   0.381   0.
  2017 352 17 59 42 491 352.749797355      -1.98      1.86     -1.28  0.       -5021.937       6479.470       3389.002    0.000  -0.139   0.381   0.
  2017 352 17 59 43 491 352.749808929      -1.51      2.07     -0.33  0.       -5022.641       6478.950       3387.463    0.000  -0.139   0.381   0.
  2017 352 17 59 44 491 352.749820503      -1.08      2.15      0.14  0.       -5023.345       6478.429       3385.924    0.000  -0.139   0.381   0.
  2017 352 17 59 45 491 352.749832077      -1.02      2.07      0.26  0.       -5024.048       6477.908       3384.385    0.000  -0.139   0.381   0.
  2017 352 17 59 46 491 352.749843652      -1.34      1.77     -0.20  0.       -5024.751       6477.386       3382.846    0.000  -0.139   0.381   0.
  2017 352 17 59 47 491 352.749855226      -1.39      2.05      0.09  0.       -5025.454       6476.864       3381.306    0.000  -0.139   0.381   0.
  2017 352 17 59 48 491 352.749866800      -1.23      1.53     -0.43  0.       -5026.156       6476.342       3379.766    0.000  -0.139   0.381   0.
  2017 352 17 59 49 491 352.749878374      -1.15      1.71     -0.07  0.       -5026.858       6475.819       3378.226    0.000  -0.139   0.381   0.
  2017 352 17 59 50 491 352.749889948      -1.89      2.56     -0.02  0.       -5027.560       6475.296       3376.686    0.000  -0.139   0.381   0.
  2017 352 17 59 51 491 352.749901521      -1.99      2.23      0.09  0.       -5028.261       6474.772       3375.145    0.000  -0.139   0.381   0.
  2017 352 17 59 52 491 352.749913093      -1.90      1.96      0.61  0.       -5028.962       6474.249       3373.605    0.000  -0.139   0.381   0.
  2017 352 17 59 53 491 352.749924667      -1.93      1.91      0.68  0.       -5029.663       6473.724       3372.064    0.000  -0.139   0.381   0.
  2017 352 17 59 54 491 352.749936241      -2.25      1.48      0.55  0.       -5030.364       6473.199       3370.523    0.000  -0.139   0.381   0.
  2017 352 17 59 55 491 352.749947815      -2.04      1.28      0.68  0.       -5031.064       6472.674       3368.981    0.000  -0.139   0.381   0.
  2017 352 17 59 56 491 352.749959389      -1.16      1.09      0.12  0.       -5031.764       6472.149       3367.440    0.000  -0.139   0.381   0.
  2017 352 17 59 57 491 352.749970964      -1.06      1.27     -0.37  0.       -5032.463       6471.623       3365.898    0.000  -0.139   0.381   0.
  2017 352 17 59 58 491 352.749982538      -1.13      1.19     -0.34  0.       -5033.162       6471.097       3364.356    0.000  -0.139   0.381   0.
  2017 352 17 59 59 491 352.749994112      -1.59      1.20      0.28  0.       -5033.861       6470.570       3362.814    0.000  -0.139   0.381   0.
  2017 352 18  0  0 491 352.750005686      -2.27      1.54      0.28  0.       -5034.560       6470.043       3361.271    0.000  -0.139   0.381   0.
  2017 352 18  0  1 491 352.750017260      -2.38      1.51      0.20  0.       -5035.258       6469.515       3359.729    0.000  -0.139   0.381   0.
  2017 352 18  0  2 491 352.750028834      -2.33      1.93      0.32  0.       -5035.956       6468.988       3358.186    0.000  -0.139   0.381   0.
  2017 352 18  0  3 491 352.750040408      -2.39      1.90     -0.09  0.       -5036.654       6468.459       3356.643    0.000  -0.139   0.381   0.
  2017 352 18  0  4 491 352.750051982      -2.41      1.60     -0.00  0.       -5037.351       6467.930       3355.100    0.000  -0.139   0.381   0.
  2017 352 18  0  5 491 352.750063556      -2.08      1.23     -0.90  0.       -5038.048       6467.401       3353.556    0.000  -0.139   0.381   0.
  2017 352 18  0  6 491 352.750075130      -1.52      0.64     -1.39  0.       -5038.745       6466.872       3352.013    0.000  -0.139   0.381   0.
  2017 352 18  0  7 491 352.750086704      -1.19      0.93     -1.20  0.       -5039.442       6466.342       3350.469    0.000  -0.139   0.381   0.
  2017 352 18  0  8 491 352.750098278      -1.12      1.31      0.31  0.       -5040.138       6465.812       3348.925    0.000  -0.139   0.381   0.
  2017 352 18  0  9 491 352.750109852      -1.02      1.37      0.69  0.       -5040.834       6465.281       3347.381    0.000  -0.139   0.381   0.
  2017 352 18  0 10 491 352.750121427      -0.81      1.52     -0.11  0.       -5041.529       6464.750       3345.836    0.000  -0.139   0.381   0.
  2017 352 18  0 11 491 352.750133001      -0.50      1.45     -0.17  0.       -5042.224       6464.218       3344.292    0.000  -0.139   0.381   0.
  2017 352 18  0 12 491 352.750144575      -0.92      1.36      0.22  0.       -5042.919       6463.686       3342.747    0.000  -0.139   0.381   0.
  2017 352 18  0 13 491 352.750156149      -1.39      1.76      0.34  0.       -5043.614       6463.154       3341.202    0.000  -0.139   0.381   0.
  2017 352 18  0 14 491 352.750167723      -1.50      1.78      0.25  0.       -5044.308       6462.621       3339.656    0.000  -0.139   0.381   0.
  2017 352 18  0 15 491 352.750179297      -1.67      1.72     -0.09  0.       -5045.002       6462.088       3338.111    0.000  -0.139   0.381   0.
  2017 352 18  0 16 491 352.750190871      -1.48      1.10     -0.40  0.       -5045.696       6461.555       3336.565    0.000  -0.139   0.381   0.
  2017 352 18  0 17 491 352.750202445      -1.20      0.88     -0.72  0.       -5046.389       6461.021       3335.020    0.000  -0.139   0.381   0.
  2017 352 18  0 18 491 352.750214019      -0.82      0.65     -0.68  0.       -5047.082       6460.487       3333.473    0.000  -0.139   0.381   0.
  2017 352 18  0 19 491 352.750225593      -0.48      0.70     -0.57  0.       -5047.775       6459.952       3331.927    0.000  -0.139   0.381   0.
  2017 352 18  0 20 491 352.750237167      -1.05      1.29     -1.63  0.       -5048.467       6459.417       3330.381    0.000  -0.139   0.381   0.
  2017 352 18  0 21 491 352.750248741      -1.19      1.16     -1.06  0.       -5049.159       6458.881       3328.834    0.000  -0.139   0.381   0.
  2017 352 18  0 22 491 352.750260313      -1.43      1.40     -0.44  0.       -5049.851       6458.346       3327.287    0.000  -0.139   0.381   0.
  2017 352 18  0 23 490 352.750271887      -1.11      1.44     -0.26  0.       -5050.543       6457.809       3325.740    0.000  -0.139   0.381   0.
  2017 352 18  0 24 490 352.750283461      -0.94      1.45      0.39  0.       -5051.234       6457.273       3324.193    0.000  -0.139   0.381   0.
  2017 352 18  0 25 491 352.750295035      -0.97      1.68      0.51  0.       -5051.925       6456.735       3322.645    0.000  -0.139   0.381   0.
  2017 352 18  0 26 491 352.750306609      -1.03      1.34      0.20  0.       -5052.615       6456.198       3321.097    0.000  -0.139   0.381   0.
  2017 352 18  0 27 491 352.750318183      -1.32      1.50      0.03  0.       -5053.305       6455.660       3319.549    0.000  -0.139   0.381   0.
  2017 352 18  0 28 491 352.750329757      -1.04      1.71     -0.40  0.       -5053.995       6455.122       3318.001    0.000  -0.139   0.381   0.
  2017 352 18  0 29 490 352.750341331      -0.98      1.32     -1.02  0.       -5054.685       6454.583       3316.453    0.000  -0.139   0.381   0.
  2017 352 18  0 30 490 352.750352905      -1.45      1.87     -1.33  0.       -5055.374       6454.044       3314.904    0.000  -0.139   0.381   0.
  2017 352 18  0 31 490 352.750364479      -1.25      1.46     -1.79  0.       -5056.063       6453.505       3313.356    0.000  -0.139   0.381   0.
  2017 352 18  0 32 490 352.750376053      -1.16      1.07     -1.78  0.       -5056.752       6452.965       3311.807    0.000  -0.139   0.381   0.
  2017 352 18  0 33 490 352.750387627      -1.38      0.89     -1.38  0.       -5057.440       6452.424       3310.257    0.000  -0.139   0.381   0.
  2017 352 18  0 34 491 352.750399201      -1.46      0.80     -1.14  0.       -5058.128       6451.884       3308.708    0.000  -0.139   0.381   0.
  2017 352 18  0 35 491 352.750410775      -1.56      1.19     -0.70  0.       -5058.816       6451.343       3307.159    0.000  -0.139   0.381   0.
  2017 352 18  0 36 490 352.750422350      -1.56      1.43     -0.85  0.       -5059.503       6450.801       3305.609    0.000  -0.139   0.381   0.
  2017 352 18  0 37 490 352.750433924      -1.71      1.66     -0.96  0.       -5060.190       6450.259       3304.059    0.000  -0.139   0.381   0.
  2017 352 18  0 38 491 352.750445498      -2.35      2.15     -0.88  0.       -5060.877       6449.717       3302.508    0.000  -0.139   0.381   0.
  2017 352 18  0 39 491 352.750457072      -2.19      2.31     -1.01  0.       -5061.564       6449.174       3300.958    0.000  -0.139   0.381   0.
  2017 352 18  0 40 491 352.750468646      -1.56      2.32     -1.57  0.       -5062.250       6448.631       3299.407    0.000  -0.139   0.381   0.
  2017 352 18  0 41 491 352.750480220      -1.21      1.62     -0.99  0.       -5062.936       6448.088       3297.857    0.000  -0.139   0.381   0.
  2017 352 18  0 42 491 352.750491794      -1.19      1.44     -1.02  0.       -5063.621       6447.544       3296.306    0.000  -0.139   0.381   0.
  2017 352 18  0 43 490 352.750503368      -1.30      1.61     -0.87  0.       -5064.306       6446.999       3294.754    0.000  -0.139   0.381   0.
  2017 352 18  0 44 490 352.750514942      -1.25      1.30     -0.96  0.       -5064.991       6446.455       3293.203    0.000  -0.139   0.381   0.
  2017 352 18  0 45 490 352.750526516      -1.26      1.11     -0.87  0.       -5065.676       6445.910       3291.651    0.000  -0.139   0.381   0.
  2017 352 18  0 46 490 352.750538090      -1.60      1.30     -0.86  0.       -5066.360       6445.364       3290.099    0.000  -0.139   0.381   0.
  2017 352 18  0 47 491 352.750549664      -1.59      1.31     -0.41  0.       -5067.044       6444.819       3288.548    0.000  -0.139   0.381   0.
  2017 352 18  0 48 491 352.750561238      -1.43      1.28     -0.55  0.       -5067.728       6444.272       3286.995    0.000  -0.139   0.381   0.
  2017 352 18  0 49 490 352.750572812      -1.22      1.27     -1.46  0.       -5068.411       6443.726       3285.443    0.000  -0.139   0.381   0.
  2017 352 18  0 50 490 352.750584387      -0.58      1.22     -0.53  0.       -5069.094       6443.179       3283.890    0.000  -0.139   0.381   0.
  2017 352 18  0 51 490 352.750595960      -1.04      1.62      0.34  0.       -5069.777       6442.631       3282.337    0.000  -0.139   0.381   0.
  2017 352 18  0 52 490 352.750607532      -1.17      1.79      0.49  0.       -5070.459       6442.083       3280.784    0.000  -0.139   0.381   0.
  2017 352 18  0 53 490 352.750619106      -1.20      1.84      0.17  0.       -5071.141       6441.535       3279.231    0.000  -0.139   0.381   0.
  2017 352 18  0 54 490 352.750630680      -1.74      2.81     -0.95  0.       -5071.823       6440.986       3277.678    0.000  -0.139   0.381   0.
  2017 352 18  0 55 490 352.750642254      -1.45      1.83     -1.64  0.       -5072.504       6440.437       3276.124    0.000  -0.139   0.381   0.
  2017 352 18  0 56 490 352.750653828      -1.33      1.19     -1.24  0.       -5073.185       6439.888       3274.570    0.000  -0.139   0.381   0.
  2017 352 18  0 57 490 352.750665402      -1.45      1.29      0.14  0.       -5073.866       6439.338       3273.016    0.000  -0.139   0.381   0.
  2017 352 18  0 58 490 352.750676976      -1.30      1.88     -0.49  0.       -5074.547       6438.787       3271.462    0.000  -0.139   0.381   0.
  2017 352 18  0 59 490 352.750688550      -1.47      2.05     -1.45  0.       -5075.227       6438.237       3269.907    0.000  -0.139   0.381   0.
  2017 352 18  1  0 490 352.750700124      -1.59      1.78     -1.27  0.       -5075.907       6437.686       3268.352    0.000  -0.139   0.381   0.
  2017 352 18  1  1 490 352.750711698      -1.56      1.24     -0.29  0.       -5076.586       6437.134       3266.798    0.000  -0.139   0.381   0.
  2017 352 18  1  2 490 352.750723273      -1.79      1.42      0.07  0.       -5077.265       6436.582       3265.242    0.000  -0.139   0.381   0.
  2017 352 18  1  3 490 352.750734847      -1.85      1.94      0.04  0.       -5077.944       6436.030       3263.687    0.000  -0.139   0.381   0.
  2017 352 18  1  4 490 352.750746421      -1.95      2.09     -0.64  0.       -5078.623       6435.477       3262.132    0.000  -0.139   0.381   0.
  2017 352 18  1  5 490 352.750757995      -2.01      1.94     -1.11  0.       -5079.301       6434.924       3260.576    0.000  -0.139   0.381   0.
  2017 352 18  1  6 490 352.750769569      -1.30      1.73     -1.57  0.       -5079.979       6434.371       3259.020    0.000  -0.139   0.381   0.
  2017 352 18  1  7 490 352.750781143      -1.04      1.14     -1.06  0.       -5080.657       6433.817       3257.464    0.000  -0.139   0.381   0.
  2017 352 18  1  8 490 352.750792717      -1.03      0.34     -0.32  0.       -5081.334       6433.263       3255.908    0.000  -0.139   0.381   0.
  2017 352 18  1  9 490 352.750804291      -1.00      0.04     -0.08  0.       -5082.011       6432.708       3254.351    0.000  -0.139   0.381   0.
  2017 352 18  1 10 490 352.750815865      -1.15      0.34      0.16  0.       -5082.688       6432.153       3252.794    0.000  -0.139   0.381   0.
  2017 352 18  1 11 490 352.750827439      -0.89      1.00      0.41  0.       -5083.364       6431.597       3251.237    0.000  -0.139   0.381   0.
  2017 352 18  1 12 490 352.750839013      -0.79      1.80     -0.04  0.       -5084.040       6431.041       3249.680    0.000  -0.139   0.381   0.
  2017 352 18  1 13 490 352.750850587      -1.17      1.68     -0.11  0.       -5084.716       6430.485       3248.123    0.000  -0.139   0.381   0.
  2017 352 18  1 14 490 352.750862161      -1.61      2.15      0.26  0.       -5085.391       6429.928       3246.565    0.000  -0.139   0.381   0.
  2017 352 18  1 15 490 352.750873736      -1.41      2.07      0.62  0.       -5086.066       6429.371       3245.008    0.000  -0.139   0.381   0.
  2017 352 18  1 16 490 352.750885310      -1.47      1.89      0.41  0.       -5086.741       6428.814       3243.450    0.000  -0.139   0.381   0.
  2017 352 18  1 17 490 352.750896884      -1.74      1.88     -0.01  0.       -5087.416       6428.256       3241.892    0.000  -0.139   0.381   0.
  2017 352 18  1 18 490 352.750908458      -1.73      1.93     -0.20  0.       -5088.090       6427.697       3240.333    0.000  -0.139   0.381   0.
  2017 352 18  1 19 490 352.750920031      -1.84      1.85     -0.89  0.       -5088.763       6427.139       3238.775    0.000  -0.139   0.381   0.
  2017 352 18  1 20 490 352.750931603      -1.63      1.22     -1.10  0.       -5089.437       6426.580       3237.216    0.000  -0.139   0.381   0.
  2017 352 18  1 21 490 352.750943177      -1.18      0.81     -0.91  0.       -5090.110       6426.020       3235.657    0.000  -0.139   0.381   0.
  2017 352 18  1 22 490 352.750954751      -0.65      0.62     -0.35  0.       -5090.783       6425.460       3234.098    0.000  -0.139   0.381   0.
  2017 352 18  1 23 490 352.750966325      -0.65      1.64      0.31  0.       -5091.456       6424.900       3232.538    0.000  -0.139   0.381   0.
  2017 352 18  1 24 490 352.750977899      -0.90      2.44     -0.38  0.       -5092.128       6424.339       3230.979    0.000  -0.139   0.381   0.
  2017 352 18  1 25 490 352.750989473      -0.44      1.63     -0.71  0.       -5092.800       6423.778       3229.419    0.000  -0.139   0.381   0.
  2017 352 18  1 26 490 352.751001048      -0.62      1.77     -0.39  0.       -5093.471       6423.216       3227.859    0.000  -0.139   0.381   0.
  2017 352 18  1 27 490 352.751012622      -1.10      1.42     -0.51  0.       -5094.143       6422.654       3226.299    0.000  -0.139   0.381   0.
  2017 352 18  1 28 490 352.751024196      -1.52      1.15     -0.62  0.       -5094.814       6422.092       3224.739    0.000  -0.139   0.381   0.
  2017 352 18  1 29 490 352.751035770      -1.62      1.08     -0.52  0.       -5095.484       6421.529       3223.178    0.000  -0.139   0.381   0.
  2017 352 18  1 30 490 352.751047344      -1.73      1.02     -0.99  0.       -5096.155       6420.966       3221.617    0.000  -0.139   0.381   0.
  2017 352 18  1 31 490 352.751058918      -2.28      0.94     -1.07  0.       -5096.825       6420.403       3220.056    0.000  -0.139   0.381   0.
  2017 352 18  1 32 490 352.751070492      -2.36      1.15     -0.26  0.       -5097.494       6419.839       3218.495    0.000  -0.139   0.381   0.
  2017 352 18  1 33 490 352.751082066      -1.95      1.57      0.53  0.       -5098.164       6419.274       3216.934    0.000  -0.139   0.381   0.
  2017 352 18  1 34 490 352.751093640      -2.07      2.28      0.37  0.       -5098.833       6418.710       3215.372    0.000  -0.139   0.381   0.
  2017 352 18  1 35 490 352.751105214      -1.55      1.92      0.14  0.       -5099.501       6418.145       3213.810    0.000  -0.139   0.381   0.
  2017 352 18  1 36 490 352.751116788      -1.38      2.07      0.21  0.       -5100.170       6417.579       3212.248    0.000  -0.139   0.381   0.
  2017 352 18  1 37 490 352.751128362      -1.91      2.38      0.34  0.       -5100.838       6417.013       3210.686    0.000  -0.139   0.381   0.
  2017 352 18  1 38 490 352.751139936      -2.58      2.99      0.65  0.       -5101.506       6416.447       3209.124    0.000  -0.139   0.381   0.
  2017 352 18  1 39 490 352.751151510      -2.14      2.21      0.63  0.       -5102.173       6415.880       3207.561    0.000  -0.139   0.381   0.
  2017 352 18  1 40 490 352.751163084      -1.62      1.91      0.69  0.       -5102.840       6415.313       3205.998    0.000  -0.139   0.381   0.
  2017 352 18  1 41 490 352.751174659      -1.61      2.08      0.85  0.       -5103.507       6414.745       3204.435    0.000  -0.139   0.381   0.
  2017 352 18  1 42 490 352.751186233      -1.67      1.46      0.56  0.       -5104.173       6414.177       3202.872    0.000  -0.139   0.381   0.
  2017 352 18  1 43 490 352.751197807      -1.60      1.17      0.06  0.       -5104.840       6413.609       3201.309    0.000  -0.139   0.381   0.
  2017 352 18  1 44 490 352.751209381      -2.04      1.05      0.41  0.       -5105.505       6413.040       3199.745    0.000  -0.139   0.381   0.
  2017 352 18  1 45 490 352.751220955      -1.88      1.68      0.95  0.       -5106.171       6412.471       3198.181    0.000  -0.139   0.381   0.
  2017 352 18  1 46 490 352.751232529      -1.72      1.61      0.52  0.       -5106.836       6411.901       3196.617    0.000  -0.139   0.381   0.
  2017 352 18  1 47 490 352.751244103      -1.80      1.35      0.07  0.       -5107.501       6411.331       3195.053    0.000  -0.139   0.381   0.
  2017 352 18  1 48 490 352.751255677      -1.94      1.45     -0.38  0.       -5108.165       6410.761       3193.489    0.000  -0.139   0.381   0.
  2017 352 18  1 49 490 352.751267250      -1.51      1.48     -0.67  0.       -5108.830       6410.190       3191.924    0.000  -0.139   0.381   0.
  2017 352 18  1 50 490 352.751278822      -1.68      1.15     -0.23  0.       -5109.494       6409.619       3190.359    0.000  -0.139   0.381   0.
  2017 352 18  1 51 490 352.751290396      -2.28      1.44     -0.27  0.       -5110.157       6409.047       3188.794    0.000  -0.139   0.381   0.
  2017 352 18  1 52 490 352.751301971      -2.02      1.06     -0.32  0.       -5110.820       6408.475       3187.229    0.000  -0.139   0.381   0.
  2017 352 18  1 53 490 352.751313545      -1.61      0.80     -0.21  0.       -5111.483       6407.903       3185.664    0.000  -0.139   0.381   0.
  2017 352 18  1 54 490 352.751325119      -1.27      1.06     -0.79  0.       -5112.146       6407.330       3184.098    0.000  -0.139   0.381   0.
  2017 352 18  1 55 490 352.751336693      -1.08      2.00     -0.65  0.       -5112.808       6406.757       3182.532    0.000  -0.139   0.381   0.
  2017 352 18  1 56 490 352.751348267      -0.62      1.18     -0.38  0.       -5113.470       6406.183       3180.966    0.000  -0.139   0.381   0.
  2017 352 18  1 57 490 352.751359841      -0.86      1.46     -0.03  0.       -5114.132       6405.609       3179.400    0.000  -0.139   0.381   0.
  2017 352 18  1 58 490 352.751371415      -0.97      1.90      0.35  0.       -5114.793       6405.035       3177.834    0.000  -0.139   0.381   0.
  2017 352 18  1 59 490 352.751382989      -0.31      1.64      1.09  0.       -5115.454       6404.460       3176.267    0.000  -0.139   0.381   0.
  2017 352 18  2  0 490 352.751394563      -0.16      1.46      1.28  0.       -5116.115       6403.885       3174.700    0.000  -0.139   0.381   0.
  2017 352 18  2  1 490 352.751406137      -0.36      1.43      1.19  0.       -5116.775       6403.309       3173.133    0.000  -0.139   0.381   0.
  2017 352 18  2  2 490 352.751417711      -0.47      1.46      0.62  0.       -5117.435       6402.733       3171.566    0.000  -0.139   0.381   0.
  2017 352 18  2  3 490 352.751429285      -0.34      1.20     -0.01  0.       -5118.095       6402.157       3169.998    0.000  -0.139   0.381   0.
  2017 352 18  2  4 490 352.751440859      -0.27      1.28     -0.13  0.       -5118.755       6401.580       3168.431    0.000  -0.139   0.381   0.
  2017 352 18  2  5 490 352.751452433       0.09      1.63     -0.12  0.       -5119.414       6401.002       3166.864    0.000  -0.139   0.381   0.
  2017 352 18  2  6 490 352.751464008       0.02      1.99      0.43  0.       -5120.072       6400.425       3165.296    0.000  -0.139   0.381   0.
  2017 352 18  2  7 490 352.751475582      -0.13      1.55      0.74  0.       -5120.731       6399.847       3163.727    0.000  -0.139   0.381   0.
  2017 352 18  2  8 490 352.751487156      -0.37      0.44      0.46  0.       -5121.389       6399.268       3162.159    0.000  -0.139   0.381   0.
  2017 352 18  2  9 490 352.751498730       1.11      0.77      0.32  0.       -5122.047       6398.689       3160.590    0.000  -0.139   0.381   0.
  2017 352 18  2 10 490 352.751510304       1.05      1.12      0.85  0.       -5122.704       6398.110       3159.021    0.000  -0.139   0.381   0.
  2017 352 18  2 11 490 352.751521878       0.81      1.49      1.02  0.       -5123.361       6397.530       3157.452    0.000  -0.139   0.381   0.
  2017 352 18  2 12 490 352.751533452       1.41      2.04      1.04  0.       -5124.018       6396.950       3155.883    0.000  -0.139   0.381   0.
  2017 352 18  2 13 490 352.751545026       0.97      2.05     -0.21  0.       -5124.675       6396.370       3154.314    0.000  -0.139   0.381   0.
  2017 352 18  2 14 490 352.751556600       0.68      1.50     -1.23  0.       -5125.330       6395.789       3152.744    0.000  -0.139   0.381   0.
  2017 352 18  2 15 490 352.751568174      -0.14      0.80     -0.35  0.       -5125.987       6395.208       3151.174    0.000  -0.139   0.381   0.
  2017 352 18  2 16 490 352.751579748      -0.79      1.50      0.50  0.       -5126.642       6394.626       3149.604    0.000  -0.139   0.381   0.
  2017 352 18  2 17 490 352.751591322      -0.95      2.73      0.61  0.       -5127.297       6394.044       3148.034    0.000  -0.139   0.381   0.
  2017 352 18  2 18 489 352.751602894      -1.72      2.84     -0.10  0.       -5127.952       6393.461       3146.464    0.000  -0.139   0.381   0.
  2017 352 18  2 19 489 352.751614468      -1.75      1.55     -0.47  0.       -5128.607       6392.878       3144.893    0.000  -0.139   0.381   0.
  2017 352 18  2 20 490 352.751626042      -1.74      0.47      0.37  0.       -5129.261       6392.295       3143.322    0.000  -0.139   0.381   0.
  2017 352 18  2 21 490 352.751637616      -1.09      0.73      0.43  0.       -5129.915       6391.711       3141.751    0.000  -0.139   0.381   0.
  2017 352 18  2 22 490 352.751649190       0.41      1.39      0.97  0.       -5130.568       6391.127       3140.180    0.000  -0.139   0.381   0.
  2017 352 18  2 23 490 352.751660764       0.40      2.02      0.91  0.       -5131.222       6390.543       3138.609    0.000  -0.139   0.381   0.
  2017 352 18  2 24 490 352.751672338      -0.33      2.02      0.24  0.       -5131.875       6389.958       3137.037    0.000  -0.139   0.381   0.
  2017 352 18  2 25 489 352.751683912      -0.46      0.94     -0.32  0.       -5132.527       6389.372       3135.465    0.000  -0.139   0.381   0.
  2017 352 18  2 26 489 352.751695486       0.32      1.58     -0.14  0.       -5133.179       6388.787       3133.893    0.000  -0.139   0.381   0.
  2017 352 18  2 27 489 352.751707060      -0.14      1.91      0.99  0.       -5133.831       6388.201       3132.321    0.000  -0.139   0.381   0.
  2017 352 18  2 28 489 352.751718634      -0.97      2.19      1.17  0.       -5134.483       6387.614       3130.749    0.000  -0.139   0.381   0.
  2017 352 18  2 29 489 352.751730208      -0.96      2.52      0.17  0.       -5135.134       6387.027       3129.176    0.000  -0.139   0.381   0.
  2017 352 18  2 30 490 352.751741782      -0.51      2.44     -1.33  0.       -5135.785       6386.440       3127.603    0.000  -0.139   0.381   0.
  2017 352 18  2 31 490 352.751753357      -1.45      1.27     -1.75  0.       -5136.436       6385.852       3126.030    0.000  -0.139   0.381   0.
  2017 352 18  2 32 489 352.751764931      -2.01      0.74     -0.97  0.       -5137.086       6385.264       3124.457    0.000  -0.139   0.381   0.
  2017 352 18  2 33 489 352.751776505      -2.10      0.97     -0.10  0.       -5137.736       6384.675       3122.884    0.000  -0.139   0.381   0.
  2017 352 18  2 34 490 352.751788079      -1.78      1.00     -0.10  0.       -5138.386       6384.086       3121.310    0.000  -0.139   0.381   0.
  2017 352 18  2 35 490 352.751799653      -1.63      0.71      0.17  0.       -5139.035       6383.497       3119.736    0.000  -0.139   0.381   0.
  2017 352 18  2 36 490 352.751811227      -1.88      0.88      0.61  0.       -5139.684       6382.907       3118.162    0.000  -0.139   0.381   0.
  2017 352 18  2 37 490 352.751822801      -1.62      1.35      1.29  0.       -5140.333       6382.317       3116.588    0.000  -0.139   0.381   0.
  2017 352 18  2 38 489 352.751834375      -0.89      1.52      0.63  0.       -5140.981       6381.726       3115.014    0.000  -0.139   0.381   0.
  2017 352 18  2 39 489 352.751845949      -0.91      0.93      0.23  0.       -5141.629       6381.135       3113.439    0.000  -0.139   0.381   0.
  2017 352 18  2 40 489 352.751857523      -1.43      1.04      1.08  0.       -5142.277       6380.544       3111.864    0.000  -0.139   0.381   0.
  2017 352 18  2 41 489 352.751869097      -1.54      1.36      1.59  0.       -5142.924       6379.952       3110.289    0.000  -0.139   0.381   0.
  2017 352 18  2 42 489 352.751880671      -1.35      0.99      2.21  0.       -5143.571       6379.360       3108.714    0.000  -0.139   0.381   0.
  2017 352 18  2 43 490 352.751892245      -1.37      1.20      2.26  0.       -5144.218       6378.767       3107.139    0.000  -0.139   0.381   0.
  2017 352 18  2 44 490 352.751903819      -1.36      1.89      1.73  0.       -5144.864       6378.174       3105.563    0.000  -0.139   0.381   0.
  2017 352 18  2 45 489 352.751915393      -0.81      2.08      1.20  0.       -5145.510       6377.580       3103.988    0.000  -0.139   0.381   0.
  2017 352 18  2 46 489 352.751926968      -0.58      1.93      0.81  0.       -5146.156       6376.987       3102.412    0.000  -0.139   0.381   0.
  2017 352 18  2 47 490 352.751938542      -1.67      1.28      0.36  0.       -5146.802       6376.392       3100.835    0.000  -0.139   0.381   0.
  2017 352 18  2 48 490 352.751950116      -2.20      1.60      0.27  0.       -5147.447       6375.798       3099.259    0.000  -0.139   0.381   0.
  2017 352 18  2 49 490 352.751961689      -2.42      1.19      0.77  0.       -5148.092       6375.202       3097.682    0.000  -0.139   0.381   0.
  2017 352 18  2 50 489 352.751973261      -2.64      1.91      1.12  0.       -5148.736       6374.607       3096.106    0.000  -0.139   0.381   0.
  2017 352 18  2 51 489 352.751984835      -2.27      3.06      1.46  0.       -5149.380       6374.011       3094.529    0.000  -0.139   0.381   0.
  2017 352 18  2 52 489 352.751996409      -0.94      2.56      0.71  0.       -5150.024       6373.415       3092.952    0.000  -0.139   0.381   0.
  2017 352 18  2 53 489 352.752007983       0.61      0.68      0.08  0.       -5150.667       6372.818       3091.374    0.000  -0.139   0.381   0.
  2017 352 18  2 54 489 352.752019557       0.36      1.52      0.22  0.       -5151.310       6372.221       3089.797    0.000  -0.139   0.381   0.
  2017 352 18  2 55 489 352.752031131       0.24      2.21      0.86  0.       -5151.953       6371.624       3088.219    0.000  -0.139   0.381   0.
  2017 352 18  2 56 489 352.752042705      -0.11      1.75      0.34  0.       -5152.596       6371.026       3086.641    0.000  -0.139   0.381   0.
  2017 352 18  2 57 489 352.752054279      -1.54      2.35      1.39  0.       -5153.238       6370.427       3085.063    0.000  -0.139   0.381   0.
  2017 352 18  2 58 489 352.752065854      -1.33      3.34      1.01  0.       -5153.880       6369.829       3083.485    0.000  -0.139   0.381   0.
  2017 352 18  2 59 489 352.752077428      -1.33      3.18      0.45  0.       -5154.521       6369.229       3081.906    0.000  -0.139   0.381   0.
  2017 352 18  3  0 489 352.752089002      -1.20      2.75      0.00  0.       -5155.162       6368.630       3080.327    0.000  -0.139   0.381   0.
  2017 352 18  3  1 489 352.752100576      -0.76      2.00     -0.26  0.       -5155.803       6368.030       3078.748    0.000  -0.139   0.381   0.
  2017 352 18  3  2 489 352.752112150      -1.26      2.43      0.00  0.       -5156.443       6367.430       3077.169    0.000  -0.139   0.381   0.
  2017 352 18  3  3 489 352.752123724      -1.50      2.51      0.03  0.       -5157.084       6366.829       3075.590    0.000  -0.139   0.381   0.
  2017 352 18  3  4 489 352.752135298      -1.46      1.89      0.48  0.       -5157.723       6366.228       3074.010    0.000  -0.139   0.381   0.
  2017 352 18  3  5 489 352.752146872      -0.79      2.25      0.05  0.       -5158.363       6365.626       3072.431    0.000  -0.139   0.381   0.
  2017 352 18  3  6 489 352.752158446      -1.30      1.74      0.38  0.       -5159.002       6365.024       3070.851    0.000  -0.139   0.381   0.
  2017 352 18  3  7 489 352.752170020      -2.11      1.79      0.27  0.       -5159.641       6364.422       3069.271    0.000  -0.139   0.381   0.
  2017 352 18  3  8 489 352.752181594      -2.12      1.90     -0.54  0.       -5160.279       6363.819       3067.691    0.000  -0.139   0.381   0.
  2017 352 18  3  9 489 352.752193168      -2.09      1.77     -0.88  0.       -5160.918       6363.216       3066.110    0.000  -0.139   0.381   0.
  2017 352 18  3 10 489 352.752204742      -1.86      1.80     -0.98  0.       -5161.555       6362.612       3064.529    0.000  -0.139   0.381   0.
  2017 352 18  3 11 489 352.752216317      -1.13      1.77     -1.34  0.       -5162.193       6362.008       3062.948    0.000  -0.139   0.381   0.
  2017 352 18  3 12 489 352.752227891      -1.11      1.66     -1.24  0.       -5162.830       6361.404       3061.367    0.000  -0.139   0.381   0.
  2017 352 18  3 13 489 352.752239465      -1.74      1.57     -1.01  0.       -5163.467       6360.799       3059.786    0.000  -0.139   0.381   0.
  2017 352 18  3 14 489 352.752251039      -2.25      1.33     -0.60  0.       -5164.104       6360.193       3058.205    0.000  -0.139   0.381   0.
  2017 352 18  3 15 489 352.752262613      -2.40      1.27     -0.18  0.       -5164.740       6359.588       3056.623    0.000  -0.139   0.381   0.
  2017 352 18  3 16 489 352.752274187      -1.99      1.81      0.14  0.       -5165.376       6358.982       3055.041    0.000  -0.139   0.381   0.
  2017 352 18  3 17 489 352.752285760      -0.71      1.82      0.53  0.       -5166.011       6358.375       3053.459    0.000  -0.139   0.381   0.
  2017 352 18  3 18 489 352.752297332      -0.61      2.29      0.48  0.       -5166.646       6357.768       3051.877    0.000  -0.139   0.381   0.
  2017 352 18  3 19 489 352.752308906      -0.18      2.98     -0.43  0.       -5167.281       6357.161       3050.294    0.000  -0.139   0.381   0.
  2017 352 18  3 20 489 352.752320480      -0.53      3.24     -0.86  0.       -5167.916       6356.553       3048.712    0.000  -0.139   0.381   0.
  2017 352 18  3 21 489 352.752332054      -1.32      2.78     -0.76  0.       -5168.550       6355.946       3047.129    0.000  -0.139   0.381   0.
  2017 352 18  3 22 489 352.752343629      -0.63      1.65     -0.99  0.       -5169.184       6355.337       3045.546    0.000  -0.139   0.381   0.
  2017 352 18  3 23 489 352.752355203      -1.06      0.63      0.12  0.       -5169.817       6354.728       3043.963    0.000  -0.139   0.381   0.
  2017 352 18  3 24 489 352.752366777      -1.28      0.73      0.73  0.       -5170.451       6354.119       3042.379    0.000  -0.139   0.381   0.
  2017 352 18  3 25 489 352.752378351      -1.57      1.30      1.44  0.       -5171.083       6353.509       3040.795    0.000  -0.139   0.381   0.
  2017 352 18  3 26 489 352.752389925      -1.21      1.71      1.48  0.       -5171.716       6352.899       3039.211    0.000  -0.139   0.381   0.
  2017 352 18  3 27 489 352.752401499      -1.37      0.66      1.59  0.       -5172.348       6352.288       3037.628    0.000  -0.139   0.381   0.
  2017 352 18  3 28 489 352.752413073      -1.68      0.51      0.72  0.       -5172.980       6351.677       3036.044    0.000  -0.139   0.381   0.
  2017 352 18  3 29 489 352.752424647      -1.70      0.39     -0.27  0.       -5173.612       6351.066       3034.459    0.000  -0.139   0.381   0.
  2017 352 18  3 30 489 352.752436221      -1.55      1.18      0.09  0.       -5174.243       6350.454       3032.874    0.000  -0.139   0.381   0.
  2017 352 18  3 31 489 352.752447795      -0.87      1.83      0.65  0.       -5174.874       6349.842       3031.290    0.000  -0.139   0.381   0.
  2017 352 18  3 32 489 352.752459369      -0.29      1.61      0.87  0.       -5175.504       6349.229       3029.705    0.000  -0.139   0.381   0.
  2017 352 18  3 33 489 352.752470943      -0.17      1.28      0.90  0.       -5176.135       6348.616       3028.120    0.000  -0.139   0.381   0.
  2017 352 18  3 34 489 352.752482517      -0.98      1.72     -0.18  0.       -5176.764       6348.003       3026.534    0.000  -0.139   0.381   0.
  2017 352 18  3 35 489 352.752494091      -1.55      1.16     -0.31  0.       -5177.394       6347.389       3024.949    0.000  -0.139   0.381   0.
  2017 352 18  3 36 489 352.752505666      -1.73      0.88      0.83  0.       -5178.023       6346.775       3023.363    0.000  -0.139   0.381   0.
  2017 352 18  3 37 489 352.752517240      -1.30      1.04      1.50  0.       -5178.652       6346.160       3021.777    0.000  -0.139   0.381   0.
  2017 352 18  3 38 489 352.752528814      -1.84      1.27      1.97  0.       -5179.281       6345.545       3020.191    0.000  -0.139   0.381   0.
  2017 352 18  3 39 489 352.752540388      -1.88      2.16      2.01  0.       -5179.909       6344.930       3018.604    0.000  -0.139   0.381   0.
  2017 352 18  3 40 489 352.752551962      -1.52      1.62      1.94  0.       -5180.537       6344.314       3017.018    0.000  -0.139   0.381   0.
  2017 352 18  3 41 489 352.752563536      -2.22      1.33      1.79  0.       -5181.164       6343.698       3015.431    0.000  -0.139   0.381   0.
  2017 352 18  3 42 489 352.752575110      -2.75      1.87      1.82  0.       -5181.792       6343.081       3013.844    0.000  -0.139   0.381   0.
  2017 352 18  3 43 489 352.752586684      -3.42      2.59      2.24  0.       -5182.418       6342.464       3012.257    0.000  -0.139   0.381   0.
  2017 352 18  3 44 489 352.752598258      -3.16      3.63      1.61  0.       -5183.045       6341.846       3010.670    0.000  -0.139   0.381   0.
  2017 352 18  3 45 489 352.752609832      -2.83      3.38      1.46  0.       -5183.671       6341.229       3009.082    0.000  -0.139   0.381   0.
  2017 352 18  3 46 489 352.752621406      -1.42      3.71      1.35  0.       -5184.297       6340.610       3007.494    0.000  -0.139   0.381   0.
  2017 352 18  3 47 489 352.752632980      -0.86      3.18      0.77  0.       -5184.923       6339.992       3005.907    0.000  -0.139   0.381   0.
  2017 352 18  3 48 489 352.752644552      -0.97      2.28     -0.11  0.       -5185.548       6339.372       3004.319    0.000  -0.139   0.381   0.
  2017 352 18  3 49 489 352.752656126      -0.90      1.44     -0.95  0.       -5186.173       6338.753       3002.730    0.000  -0.139   0.381   0.
  2017 352 18  3 50 489 352.752667700      -1.62      1.56     -0.24  0.       -5186.797       6338.133       3001.142    0.000  -0.139   0.381   0.
  2017 352 18  3 51 489 352.752679274      -2.01      2.41     -0.51  0.       -5187.421       6337.513       2999.553    0.000  -0.139   0.381   0.
  2017 352 18  3 52 489 352.752690848      -1.90      2.75      0.12  0.       -5188.045       6336.892       2997.964    0.000  -0.139   0.381   0.
  2017 352 18  3 53 489 352.752702422      -1.72      3.21     -0.13  0.       -5188.669       6336.271       2996.375    0.000  -0.139   0.381   0.
  2017 352 18  3 54 489 352.752713996      -1.63      3.03     -1.78  0.       -5189.292       6335.649       2994.786    0.000  -0.139   0.381   0.
  2017 352 18  3 55 489 352.752725570      -1.73      2.84     -2.20  0.       -5189.915       6335.027       2993.196    0.000  -0.139   0.381   0.
  2017 352 18  3 56 489 352.752737144      -0.54      1.30     -2.03  0.       -5190.538       6334.405       2991.607    0.000  -0.139   0.381   0.
  2017 352 18  3 57 489 352.752748718      -0.58      2.99     -3.07  0.       -5191.160       6333.782       2990.017    0.000  -0.139   0.381   0.
  2017 352 18  3 58 489 352.752760292      -1.14      2.36     -3.27  0.       -5191.782       6333.159       2988.427    0.000  -0.139   0.381   0.
  2017 352 18  3 59 489 352.752771866      -1.27      1.34     -2.11  0.       -5192.403       6332.535       2986.837    0.000  -0.139   0.381   0.
  2017 352 18  4  0 489 352.752783440      -0.35      0.65     -0.31  0.       -5193.024       6331.911       2985.246    0.000  -0.139   0.381   0.
  2017 352 18  4  1 489 352.752795014       0.44      0.44     -1.30  0.       -5193.645       6331.287       2983.656    0.000  -0.139   0.381   0.
  2017 352 18  4  2 489 352.752806589      -0.03      1.06     -2.58  0.       -5194.266       6330.662       2982.065    0.000  -0.139   0.381   0.
  2017 352 18  4  3 489 352.752818163      -0.19      1.33     -3.39  0.       -5194.886       6330.036       2980.474    0.000  -0.139   0.381   0.
  2017 352 18  4  4 489 352.752829737      -0.56      0.78     -3.63  0.       -5195.506       6329.411       2978.883    0.000  -0.139   0.381   0.
  2017 352 18  4  5 489 352.752841311      -1.04      0.05     -2.15  0.       -5196.125       6328.785       2977.291    0.000  -0.139   0.381   0.
  2017 352 18  4  6 489 352.752852885      -0.44      0.25     -1.51  0.       -5196.745       6328.158       2975.700    0.000  -0.139   0.381   0.
  2017 352 18  4  7 489 352.752864459       0.03      0.33     -1.61  0.       -5197.363       6327.531       2974.108    0.000  -0.139   0.381   0.
  2017 352 18  4  8 489 352.752876033       0.08      0.27     -1.59  0.       -5197.982       6326.904       2972.516    0.000  -0.139   0.381   0.
  2017 352 18  4  9 489 352.752887607      -0.28      0.51     -1.57  0.       -5198.600       6326.276       2970.924    0.000  -0.139   0.381   0.
  2017 352 18  4 10 489 352.752899181      -0.87      0.92     -1.41  0.       -5199.218       6325.648       2969.331    0.000  -0.139   0.381   0.
  2017 352 18  4 11 489 352.752910755      -1.19      1.23     -1.68  0.       -5199.835       6325.020       2967.739    0.000  -0.139   0.381   0.
  2017 352 18  4 12 489 352.752922329      -1.14      1.23     -1.62  0.       -5200.453       6324.391       2966.146    0.000  -0.139   0.381   0.
  2017 352 18  4 13 489 352.752933903      -1.69      1.70     -0.48  0.       -5201.069       6323.761       2964.553    0.000  -0.139   0.381   0.
  2017 352 18  4 14 489 352.752945477      -2.05      1.56      0.38  0.       -5201.686       6323.132       2962.960    0.000  -0.139   0.381   0.
  2017 352 18  4 15 489 352.752957052      -2.09      1.13      0.40  0.       -5202.302       6322.501       2961.367    0.000  -0.139   0.381   0.
  2017 352 18  4 16 489 352.752968626      -1.75      1.33      0.59  0.       -5202.918       6321.871       2959.773    0.000  -0.139   0.381   0.
  2017 352 18  4 17 489 352.752980199      -1.18      1.61      0.38  0.       -5203.533       6321.240       2958.180    0.000  -0.139   0.381   0.
  2017 352 18  4 18 489 352.752991771      -0.13      1.21     -0.05  0.       -5204.148       6320.608       2956.586    0.000  -0.139   0.381   0.
  2017 352 18  4 19 489 352.753003345       1.46      0.52     -0.38  0.       -5204.763       6319.977       2954.992    0.000  -0.139   0.381   0.
  2017 352 18  4 20 489 352.753014919       1.40      0.43     -0.24  0.       -5205.378       6319.344       2953.397    0.000  -0.139   0.381   0.
  2017 352 18  4 21 488 352.753026493       0.62      0.32     -0.40  0.       -5205.992       6318.712       2951.803    0.000  -0.139   0.381   0.
  2017 352 18  4 22 488 352.753038067       0.57      0.73     -0.45  0.       -5206.606       6318.079       2950.208    0.000  -0.139   0.381   0.
  2017 352 18  4 23 488 352.753049641      -0.28      1.71     -0.76  0.       -5207.219       6317.445       2948.613    0.000  -0.139   0.381   0.
  2017 352 18  4 24 488 352.753061215      -1.14      2.39     -0.76  0.       -5207.832       6316.811       2947.018    0.000  -0.139   0.381   0.
  2017 352 18  4 25 488 352.753072789      -1.66      2.28     -0.57  0.       -5208.445       6316.177       2945.423    0.000  -0.139   0.381   0.
  2017 352 18  4 26 489 352.753084363      -2.24      2.05     -0.79  0.       -5209.057       6315.542       2943.828    0.000  -0.139   0.381   0.
  2017 352 18  4 27 489 352.753095938      -2.83      2.18     -0.36  0.       -5209.669       6314.907       2942.232    0.000  -0.139   0.381   0.
  2017 352 18  4 28 488 352.753107512      -2.57      2.24     -0.67  0.       -5210.281       6314.272       2940.636    0.000  -0.139   0.381   0.
  2017 352 18  4 29 489 352.753119086      -2.30      2.15     -0.68  0.       -5210.893       6313.636       2939.040    0.000  -0.139   0.381   0.
  2017 352 18  4 30 489 352.753130660      -2.17      1.86     -0.66  0.       -5211.504       6312.999       2937.444    0.000  -0.139   0.381   0.
  2017 352 18  4 31 489 352.753142234      -1.69      1.38     -0.82  0.       -5212.114       6312.363       2935.848    0.000  -0.139   0.381   0.
  2017 352 18  4 32 489 352.753153808      -1.88      2.08     -0.60  0.       -5212.725       6311.726       2934.251    0.000  -0.139   0.381   0.
  2017 352 18  4 33 489 352.753165382      -2.23      2.91     -0.14  0.       -5213.335       6311.088       2932.654    0.000  -0.139   0.381   0.
  2017 352 18  4 34 488 352.753176956      -1.54      2.95     -0.61  0.       -5213.945       6310.450       2931.058    0.000  -0.139   0.381   0.
  2017 352 18  4 35 488 352.753188530      -1.12      2.46     -0.82  0.       -5214.554       6309.812       2929.460    0.000  -0.139   0.381   0.
  2017 352 18  4 36 488 352.753200104      -1.62      2.53     -1.37  0.       -5215.163       6309.173       2927.863    0.000  -0.139   0.381   0.
  2017 352 18  4 37 488 352.753211678      -1.61      2.30     -1.83  0.       -5215.771       6308.534       2926.266    0.000  -0.139   0.381   0.
  2017 352 18  4 38 488 352.753223252      -1.87      2.32     -1.29  0.       -5216.380       6307.894       2924.668    0.000  -0.139   0.381   0.
  2017 352 18  4 39 489 352.753234826      -2.56      2.66     -1.07  0.       -5216.988       6307.254       2923.070    0.000  -0.139   0.381   0.
  2017 352 18  4 40 489 352.753246400      -2.94      1.95     -1.27  0.       -5217.596       6306.613       2921.472    0.000  -0.139   0.381   0.
  2017 352 18  4 41 488 352.753257975      -3.03      1.50     -0.86  0.       -5218.203       6305.973       2919.873    0.000  -0.139   0.381   0.
  2017 352 18  4 42 488 352.753269549      -2.76      1.73     -0.37  0.       -5218.810       6305.331       2918.275    0.000  -0.139   0.381   0.
  2017 352 18  4 43 489 352.753281123      -2.21      1.66      0.16  0.       -5219.417       6304.690       2916.676    0.000  -0.139   0.381   0.
  2017 352 18  4 44 489 352.753292697      -1.46      1.77      0.48  0.       -5220.023       6304.047       2915.078    0.000  -0.139   0.381   0.
  2017 352 18  4 45 489 352.753304271      -1.27      2.42     -0.02  0.       -5220.629       6303.405       2913.478    0.000  -0.139   0.381   0.
  2017 352 18  4 46 488 352.753315842      -0.68      1.73     -1.59  0.       -5221.235       6302.762       2911.879    0.000  -0.139   0.381   0.
  2017 352 18  4 47 488 352.753327416      -0.35      1.45     -1.55  0.       -5221.840       6302.119       2910.280    0.000  -0.139   0.381   0.
  2017 352 18  4 48 488 352.753338990      -0.17      1.69     -0.27  0.       -5222.445       6301.475       2908.680    0.000  -0.139   0.381   0.
  2017 352 18  4 49 488 352.753350564      -0.10      1.40      0.25  0.       -5223.050       6300.831       2907.080    0.000  -0.139   0.381   0.
  2017 352 18  4 50 488 352.753362138      -0.10      1.16     -0.49  0.       -5223.654       6300.186       2905.480    0.000  -0.139   0.381   0.
  2017 352 18  4 51 488 352.753373712      -1.92      0.99     -1.38  0.       -5224.258       6299.541       2903.880    0.000  -0.139   0.381   0.
  2017 352 18  4 52 488 352.753385286      -2.51      1.62     -2.26  0.       -5224.861       6298.896       2902.280    0.000  -0.139   0.381   0.
  2017 352 18  4 53 488 352.753396861      -1.97      1.48     -2.21  0.       -5225.465       6298.250       2900.679    0.000  -0.139   0.381   0.
  2017 352 18  4 54 488 352.753408435      -2.26      1.59     -1.45  0.       -5226.067       6297.604       2899.079    0.000  -0.139   0.381   0.
  2017 352 18  4 55 488 352.753420009      -2.86      2.31     -0.95  0.       -5226.670       6296.957       2897.478    0.000  -0.139   0.381   0.
  2017 352 18  4 56 488 352.753431583      -3.00      2.71     -0.72  0.       -5227.272       6296.310       2895.876    0.000  -0.139   0.381   0.
  2017 352 18  4 57 488 352.753443157      -2.22      2.67     -1.24  0.       -5227.874       6295.663       2894.275    0.000  -0.139   0.381   0.
  2017 352 18  4 58 488 352.753454731      -1.72      2.92     -2.01  0.       -5228.476       6295.015       2892.674    0.000  -0.139   0.381   0.
  2017 352 18  4 59 488 352.753466305      -2.71      2.52     -1.61  0.       -5229.077       6294.367       2891.072    0.000  -0.139   0.381   0.
  2017 352 18  5  0 488 352.753477879      -2.67      1.55     -1.12  0.       -5229.678       6293.718       2889.470    0.000  -0.139   0.381   0.
  2017 352 18  5  1 488 352.753489453      -2.08      1.52     -0.66  0.       -5230.278       6293.069       2887.868    0.000  -0.139   0.381   0.
  2017 352 18  5  2 488 352.753501027      -1.90      1.08     -0.63  0.       -5230.878       6292.419       2886.266    0.000  -0.139   0.381   0.
  2017 352 18  5  3 488 352.753512601      -1.32      0.77     -1.27  0.       -5231.478       6291.769       2884.663    0.000  -0.139   0.381   0.
  2017 352 18  5  4 488 352.753524175      -0.29      1.41     -2.25  0.       -5232.078       6291.119       2883.060    0.000  -0.139   0.381   0.
  2017 352 18  5  5 488 352.753535749      -0.25      1.13     -2.96  0.       -5232.677       6290.468       2881.458    0.000  -0.139   0.381   0.
  2017 352 18  5  6 488 352.753547323      -0.85      1.09     -2.28  0.       -5233.276       6289.817       2879.855    0.000  -0.139   0.381   0.
  2017 352 18  5  7 488 352.753558898      -1.50      0.88     -1.91  0.       -5233.874       6289.166       2878.251    0.000  -0.139   0.381   0.
  2017 352 18  5  8 488 352.753570472      -1.96      0.72     -1.35  0.       -5234.472       6288.514       2876.648    0.000  -0.139   0.381   0.
  2017 352 18  5  9 488 352.753582046      -1.95      1.06     -1.02  0.       -5235.070       6287.861       2875.044    0.000  -0.139   0.381   0.
  2017 352 18  5 10 488 352.753593620      -1.76      1.34     -1.33  0.       -5235.667       6287.208       2873.441    0.000  -0.139   0.381   0.
  2017 352 18  5 11 488 352.753605194      -1.38      1.75     -1.60  0.       -5236.264       6286.555       2871.837    0.000  -0.139   0.381   0.
  2017 352 18  5 12 488 352.753616768      -0.84      1.97     -2.17  0.       -5236.861       6285.901       2870.232    0.000  -0.139   0.381   0.
  2017 352 18  5 13 488 352.753628342      -1.50      2.19     -1.50  0.       -5237.458       6285.247       2868.628    0.000  -0.139   0.381   0.
  2017 352 18  5 14 488 352.753639916      -1.70      2.43     -1.34  0.       -5238.054       6284.593       2867.024    0.000  -0.139   0.381   0.
  2017 352 18  5 15 488 352.753651489      -1.86      1.82     -0.77  0.       -5238.649       6283.938       2865.419    0.000  -0.139   0.381   0.
  2017 352 18  5 16 488 352.753663061      -1.63      1.73     -0.28  0.       -5239.245       6283.283       2863.814    0.000  -0.139   0.381   0.
  2017 352 18  5 17 488 352.753674635      -1.45      1.62     -1.58  0.       -5239.840       6282.627       2862.209    0.000  -0.139   0.381   0.
  2017 352 18  5 18 488 352.753686210      -1.43      1.75     -1.62  0.       -5240.434       6281.971       2860.604    0.000  -0.139   0.381   0.
  2017 352 18  5 19 488 352.753697784      -1.22      1.88     -1.70  0.       -5241.029       6281.314       2858.998    0.000  -0.139   0.381   0.
  2017 352 18  5 20 488 352.753709358      -1.77      2.58     -2.13  0.       -5241.623       6280.657       2857.392    0.000  -0.139   0.381   0.
  2017 352 18  5 21 488 352.753720932      -2.46      2.97     -2.46  0.       -5242.216       6280.000       2855.787    0.000  -0.139   0.381   0.
  2017 352 18  5 22 488 352.753732506      -2.51      2.86     -2.11  0.       -5242.809       6279.342       2854.180    0.000  -0.139   0.381   0.
  2017 352 18  5 23 488 352.753744080      -2.20      2.02     -1.71  0.       -5243.402       6278.684       2852.574    0.000  -0.139   0.381   0.
  2017 352 18  5 24 488 352.753755654      -1.76      1.47     -1.57  0.       -5243.995       6278.026       2850.968    0.000  -0.139   0.381   0.
  2017 352 18  5 25 488 352.753767228      -1.93      1.63     -2.49  0.       -5244.587       6277.366       2849.361    0.000  -0.139   0.381   0.
  2017 352 18  5 26 488 352.753778802      -2.48      1.22     -2.12  0.       -5245.179       6276.707       2847.754    0.000  -0.139   0.381   0.
  2017 352 18  5 27 488 352.753790376      -2.41      1.32     -1.90  0.       -5245.771       6276.047       2846.147    0.000  -0.139   0.381   0.
  2017 352 18  5 28 488 352.753801950      -2.11      1.42     -1.67  0.       -5246.362       6275.387       2844.540    0.000  -0.139   0.381   0.
  2017 352 18  5 29 488 352.753813524      -2.45      1.55     -1.37  0.       -5246.953       6274.726       2842.933    0.000  -0.139   0.381   0.
  2017 352 18  5 30 488 352.753825098      -3.38      2.06     -1.31  0.       -5247.543       6274.065       2841.325    0.000  -0.139   0.381   0.
  2017 352 18  5 31 488 352.753836672      -3.87      2.39     -0.69  0.       -5248.133       6273.404       2839.718    0.000  -0.139   0.381   0.
  2017 352 18  5 32 488 352.753848246      -3.91      3.03     -1.12  0.       -5248.723       6272.742       2838.110    0.000  -0.139   0.381   0.
  2017 352 18  5 33 488 352.753859821      -4.04      2.23     -2.02  0.       -5249.313       6272.079       2836.502    0.000  -0.139   0.381   0.
  2017 352 18  5 34 488 352.753871395      -2.98      0.93     -2.31  0.       -5249.902       6271.417       2834.893    0.000  -0.139   0.381   0.
  2017 352 18  5 35 488 352.753882969      -2.25      1.06     -1.87  0.       -5250.491       6270.754       2833.285    0.000  -0.139   0.381   0.
  2017 352 18  5 36 488 352.753894543      -1.67      1.36     -1.20  0.       -5251.079       6270.090       2831.676    0.000  -0.139   0.381   0.
  2017 352 18  5 37 488 352.753906117      -1.49      1.08     -1.63  0.       -5251.667       6269.426       2830.067    0.000  -0.139   0.381   0.
  2017 352 18  5 38 488 352.753917691      -1.26      0.96     -1.62  0.       -5252.255       6268.762       2828.458    0.000  -0.139   0.381   0.
  2017 352 18  5 39 488 352.753929265      -0.91      0.25     -1.59  0.       -5252.842       6268.097       2826.849    0.000  -0.139   0.381   0.
  2017 352 18  5 40 488 352.753940839      -0.59      0.13     -2.12  0.       -5253.430       6267.432       2825.239    0.000  -0.139   0.381   0.
  2017 352 18  5 41 488 352.753952413      -1.07      0.33     -2.16  0.       -5254.016       6266.766       2823.630    0.000  -0.139   0.381   0.
  2017 352 18  5 42 488 352.753963987      -1.25      0.32     -1.56  0.       -5254.603       6266.100       2822.020    0.000  -0.139   0.381   0.
  2017 352 18  5 43 488 352.753975561      -0.70     -0.17     -2.11  0.       -5255.189       6265.433       2820.410    0.000  -0.139   0.381   0.
  2017 352 18  5 44 488 352.753987135      -0.34      0.01     -1.75  0.       -5255.774       6264.766       2818.800    0.000  -0.139   0.381   0.
  2017 352 18  5 45 488 352.753998709      -0.03      0.28     -1.80  0.       -5256.360       6264.099       2817.190    0.000  -0.139   0.381   0.
  2017 352 18  5 46 488 352.754010281      -0.51      0.51     -1.46  0.       -5256.944       6263.431       2815.579    0.000  -0.139   0.381   0.
  2017 352 18  5 47 488 352.754021855      -1.07     -0.07     -1.01  0.       -5257.529       6262.763       2813.968    0.000  -0.139   0.381   0.
  2017 352 18  5 48 488 352.754033429      -1.77     -0.14     -0.82  0.       -5258.113       6262.095       2812.357    0.000  -0.139   0.381   0.
  2017 352 18  5 49 488 352.754045003      -1.98     -0.11      0.23  0.       -5258.697       6261.426       2810.746    0.000  -0.139   0.381   0.
  2017 352 18  5 50 488 352.754056577      -1.94      0.19      0.46  0.       -5259.281       6260.757       2809.135    0.000  -0.139   0.381   0.
  2017 352 18  5 51 488 352.754068151      -1.47      0.77      0.07  0.       -5259.864       6260.087       2807.524    0.000  -0.139   0.381   0.
  2017 352 18  5 52 488 352.754079725      -1.60      1.54     -0.25  0.       -5260.447       6259.417       2805.912    0.000  -0.139   0.381   0.
  2017 352 18  5 53 488 352.754091299      -1.37      1.47     -0.27  0.       -5261.030       6258.746       2804.300    0.000  -0.139   0.381   0.
  2017 352 18  5 54 488 352.754102873      -1.41      1.59      0.08  0.       -5261.612       6258.075       2802.688    0.000  -0.139   0.381   0.
  2017 352 18  5 55 488 352.754114447      -1.45      1.54     -0.24  0.       -5262.194       6257.404       2801.076    0.000  -0.139   0.381   0.
  2017 352 18  5 56 488 352.754126021      -1.74      1.89     -0.20  0.       -5262.775       6256.731       2799.463    0.000  -0.139   0.381   0.
  2017 352 18  5 57 488 352.754137596      -2.09      2.02      0.02  0.       -5263.356       6256.059       2797.851    0.000  -0.139   0.381   0.
  2017 352 18  5 58 488 352.754149170      -1.31      1.24     -0.17  0.       -5263.937       6255.387       2796.238    0.000  -0.139   0.381   0.
  2017 352 18  5 59 488 352.754160744      -0.89      0.36     -0.50  0.       -5264.517       6254.713       2794.625    0.000  -0.139   0.381   0.
  2017 352 18  6  0 488 352.754172318      -0.84      0.69     -0.61  0.       -5265.097       6254.040       2793.012    0.000  -0.139   0.381   0.
  2017 352 18  6  1 488 352.754183892      -0.97      2.68     -0.28  0.       -5265.677       6253.366       2791.399    0.000  -0.139   0.381   0.
  2017 352 18  6  2 488 352.754195466      -0.93      2.26     -0.28  0.       -5266.257       6252.692       2789.785    0.000  -0.139   0.381   0.
  2017 352 18  6  3 488 352.754207040      -1.28      1.50      0.20  0.       -5266.836       6252.017       2788.171    0.000  -0.139   0.381   0.
  2017 352 18  6  4 488 352.754218614      -0.63      0.83     -0.07  0.       -5267.414       6251.342       2786.557    0.000  -0.139   0.381   0.
  2017 352 18  6  5 488 352.754230188      -0.69      0.61     -0.81  0.       -5267.993       6250.666       2784.943    0.000  -0.139   0.381   0.
  2017 352 18  6  6 488 352.754241762      -0.83      0.12     -0.75  0.       -5268.571       6249.990       2783.329    0.000  -0.139   0.381   0.
  2017 352 18  6  7 488 352.754253336      -0.78      0.77     -1.03  0.       -5269.148       6249.314       2781.715    0.000  -0.139   0.381   0.
  2017 352 18  6  8 488 352.754264910      -2.36      2.07     -0.83  0.       -5269.726       6248.637       2780.100    0.000  -0.139   0.381   0.
  2017 352 18  6  9 488 352.754276484      -2.17      2.45     -1.43  0.       -5270.302       6247.959       2778.485    0.000  -0.139   0.381   0.
  2017 352 18  6 10 488 352.754288058      -1.66      1.54     -1.72  0.       -5270.879       6247.282       2776.870    0.000  -0.139   0.381   0.
  2017 352 18  6 11 488 352.754299633      -1.70      1.03     -0.87  0.       -5271.455       6246.604       2775.255    0.000  -0.139   0.381   0.
  2017 352 18  6 12 488 352.754311207      -1.45      0.74     -0.21  0.       -5272.031       6245.925       2773.640    0.000  -0.139   0.381   0.
  2017 352 18  6 13 488 352.754322780      -1.67      0.83      0.67  0.       -5272.607       6245.246       2772.024    0.000  -0.139   0.381   0.
  2017 352 18  6 14 488 352.754334352      -1.47      0.85      0.71  0.       -5273.182       6244.567       2770.409    0.000  -0.139   0.381   0.
  2017 352 18  6 15 488 352.754345926      -0.91      0.74      0.58  0.       -5273.757       6243.887       2768.793    0.000  -0.139   0.381   0.
  2017 352 18  6 16 487 352.754357500      -0.11      0.20      0.36  0.       -5274.331       6243.207       2767.177    0.000  -0.139   0.381   0.
  2017 352 18  6 17 487 352.754369074       0.18      0.13     -0.24  0.       -5274.905       6242.526       2765.560    0.000  -0.139   0.381   0.
  2017 352 18  6 18 487 352.754380648       1.03      1.20     -0.84  0.       -5275.479       6241.845       2763.944    0.000  -0.139   0.381   0.
  2017 352 18  6 19 487 352.754392222      -0.06      0.74     -0.52  0.       -5276.052       6241.164       2762.327    0.000  -0.139   0.381   0.
  2017 352 18  6 20 487 352.754403796      -0.99      2.02     -1.57  0.       -5276.626       6240.482       2760.710    0.000  -0.139   0.381   0.
  2017 352 18  6 21 488 352.754415370      -0.64      2.66     -1.64  0.       -5277.198       6239.800       2759.093    0.000  -0.139   0.381   0.
  2017 352 18  6 22 488 352.754426944      -0.57      3.13     -1.23  0.       -5277.771       6239.117       2757.476    0.000  -0.139   0.381   0.
  2017 352 18  6 23 487 352.754438519      -0.55      2.76     -1.82  0.       -5278.343       6238.434       2755.859    0.000  -0.139   0.381   0.
  2017 352 18  6 24 487 352.754450093      -0.38      1.19     -1.34  0.       -5278.914       6237.751       2754.241    0.000  -0.139   0.381   0.
  2017 352 18  6 25 488 352.754461667      -0.76      1.31     -1.81  0.       -5279.486       6237.067       2752.623    0.000  -0.139   0.381   0.
  2017 352 18  6 26 488 352.754473241      -0.76      1.22     -1.66  0.       -5280.057       6236.382       2751.005    0.000  -0.139   0.381   0.
  2017 352 18  6 27 488 352.754484815      -1.95      1.89     -2.56  0.       -5280.627       6235.698       2749.387    0.000  -0.139   0.381   0.
  2017 352 18  6 28 488 352.754496389      -2.32      1.44     -2.95  0.       -5281.197       6235.012       2747.769    0.000  -0.139   0.381   0.
  2017 352 18  6 29 488 352.754507963      -1.87      1.68     -2.48  0.       -5281.767       6234.327       2746.150    0.000  -0.139   0.381   0.
  2017 352 18  6 30 487 352.754519537      -1.51      1.43     -2.34  0.       -5282.337       6233.641       2744.532    0.000  -0.139   0.381   0.
  2017 352 18  6 31 487 352.754531111      -1.45      0.46     -2.32  0.       -5282.906       6232.954       2742.913    0.000  -0.139   0.381   0.
  2017 352 18  6 32 487 352.754542685      -1.10     -0.15     -1.81  0.       -5283.475       6232.267       2741.294    0.000  -0.139   0.381   0.
  2017 352 18  6 33 487 352.754554259      -0.48     -0.04     -1.83  0.       -5284.043       6231.580       2739.675    0.000  -0.139   0.381   0.
  2017 352 18  6 34 487 352.754565833      -1.23      0.76     -0.96  0.       -5284.612       6230.892       2738.055    0.000  -0.139   0.381   0.
  2017 352 18  6 35 488 352.754577407      -2.86      1.49     -0.33  0.       -5285.179       6230.204       2736.435    0.000  -0.139   0.381   0.
  2017 352 18  6 36 488 352.754588981      -2.87      2.01     -0.52  0.       -5285.747       6229.516       2734.816    0.000  -0.139   0.381   0.
  2017 352 18  6 37 487 352.754600556      -2.15      2.47     -0.89  0.       -5286.314       6228.827       2733.196    0.000  -0.139   0.381   0.
  2017 352 18  6 38 487 352.754612130      -1.89      2.74     -0.64  0.       -5286.880       6228.138       2731.576    0.000  -0.139   0.381   0.
  2017 352 18  6 39 488 352.754623704      -1.71      2.77     -1.00  0.       -5287.447       6227.448       2729.955    0.000  -0.139   0.381   0.
  2017 352 18  6 40 488 352.754635278      -1.70      2.85     -1.91  0.       -5288.013       6226.758       2728.335    0.000  -0.139   0.381   0.
  2017 352 18  6 41 488 352.754646852      -1.54      1.54     -2.27  0.       -5288.579       6226.067       2726.714    0.000  -0.139   0.381   0.
  2017 352 18  6 42 488 352.754658426      -1.23      0.79     -2.18  0.       -5289.144       6225.376       2725.093    0.000  -0.139   0.381   0.
  2017 352 18  6 43 488 352.754670000      -0.65      0.39     -2.41  0.       -5289.709       6224.685       2723.472    0.000  -0.139   0.381   0.
  2017 352 18  6 44 487 352.754681571      -0.24      0.26     -2.64  0.       -5290.273       6223.993       2721.851    0.000  -0.139   0.381   0.
  2017 352 18  6 45 487 352.754693145      -0.30      0.14     -2.38  0.       -5290.838       6223.301       2720.229    0.000  -0.139   0.381   0.
  2017 352 18  6 46 487 352.754704719      -0.07     -0.45     -1.62  0.       -5291.401       6222.608       2718.608    0.000  -0.139   0.381   0.
  2017 352 18  6 47 487 352.754716293       0.06     -0.74     -2.52  0.       -5291.965       6221.915       2716.986    0.000  -0.139   0.381   0.
  2017 352 18  6 48 487 352.754727867       0.48     -0.16     -2.15  0.       -5292.528       6221.221       2715.364    0.000  -0.139   0.381   0.
  2017 352 18  6 49 487 352.754739442       0.90      0.49     -1.92  0.       -5293.091       6220.527       2713.742    0.000  -0.139   0.381   0.
  2017 352 18  6 50 487 352.754751016      -0.44      0.22     -2.04  0.       -5293.653       6219.833       2712.120    0.000  -0.139   0.381   0.
  2017 352 18  6 51 487 352.754762590      -0.93      0.47     -2.62  0.       -5294.216       6219.138       2710.497    0.000  -0.139   0.381   0.
  2017 352 18  6 52 487 352.754774164      -0.69      0.47     -2.30  0.       -5294.777       6218.443       2708.874    0.000  -0.139   0.381   0.
  2017 352 18  6 53 487 352.754785738      -0.17      0.29     -1.21  0.       -5295.339       6217.747       2707.251    0.000  -0.139   0.381   0.
  2017 352 18  6 54 487 352.754797312       0.43      0.44     -3.70  0.       -5295.900       6217.051       2705.628    0.000  -0.139   0.381   0.
  2017 352 18  6 55 487 352.754808886       0.03      1.51     -3.32  0.       -5296.460       6216.355       2704.005    0.000  -0.139   0.381   0.
  2017 352 18  6 56 487 352.754820460      -0.88      1.07     -1.53  0.       -5297.021       6215.658       2702.382    0.000  -0.139   0.381   0.
  2017 352 18  6 57 487 352.754832034      -1.80      1.80     -1.24  0.       -5297.581       6214.961       2700.758    0.000  -0.139   0.381   0.
  2017 352 18  6 58 487 352.754843608      -2.60      2.02     -1.01  0.       -5298.140       6214.263       2699.134    0.000  -0.139   0.381   0.
  2017 352 18  6 59 487 352.754855182      -3.34      1.68     -1.32  0.       -5298.699       6213.565       2697.510    0.000  -0.139   0.381   0.
  2017 352 18  7  0 487 352.754866756      -3.20      1.53     -1.55  0.       -5299.258       6212.866       2695.886    0.000  -0.139   0.381   0.
  2017 352 18  7  1 487 352.754878330      -1.84      0.98     -1.54  0.       -5299.817       6212.167       2694.262    0.000  -0.139   0.381   0.
  2017 352 18  7  2 487 352.754889905      -1.86      1.27     -1.78  0.       -5300.375       6211.468       2692.637    0.000  -0.139   0.381   0.
  2017 352 18  7  3 487 352.754901479      -2.30      2.09     -1.32  0.       -5300.933       6210.768       2691.012    0.000  -0.139   0.381   0.
  2017 352 18  7  4 487 352.754913053      -2.47      2.37     -1.38  0.       -5301.490       6210.068       2689.388    0.000  -0.139   0.381   0.
  2017 352 18  7  5 487 352.754924627      -2.67      1.95     -0.86  0.       -5302.047       6209.367       2687.763    0.000  -0.139   0.381   0.
  2017 352 18  7  6 487 352.754936201      -2.11      1.40     -1.66  0.       -5302.604       6208.666       2686.137    0.000  -0.139   0.381   0.
  2017 352 18  7  7 487 352.754947775      -1.09      0.85     -1.99  0.       -5303.161       6207.965       2684.512    0.000  -0.139   0.381   0.
  2017 352 18  7  8 487 352.754959349      -0.55      0.66     -2.20  0.       -5303.717       6207.263       2682.886    0.000  -0.139   0.381   0.
  2017 352 18  7  9 487 352.754970923      -0.68      0.21     -2.24  0.       -5304.272       6206.561       2681.260    0.000  -0.139   0.381   0.
  2017 352 18  7 10 487 352.754982497       0.16      0.19     -1.20  0.       -5304.828       6205.858       2679.634    0.000  -0.139   0.381   0.
  2017 352 18  7 11 487 352.754994071       0.30      0.72     -1.49  0.       -5305.383       6205.155       2678.008    0.000  -0.139   0.381   0.
  2017 352 18  7 12 487 352.755005645      -1.30      0.68     -1.69  0.       -5305.937       6204.451       2676.382    0.000  -0.139   0.381   0.
  2017 352 18  7 13 487 352.755017219      -1.29      1.07     -0.64  0.       -5306.492       6203.747       2674.755    0.000  -0.139   0.381   0.
  2017 352 18  7 14 487 352.755028790      -0.43      1.50     -0.83  0.       -5307.045       6203.043       2673.129    0.000  -0.139   0.381   0.
  2017 352 18  7 15 487 352.755040365       0.71      1.26     -1.22  0.       -5307.599       6202.338       2671.502    0.000  -0.139   0.381   0.
  2017 352 18  7 16 487 352.755051939       0.22      1.80     -1.84  0.       -5308.152       6201.633       2669.875    0.000  -0.139   0.381   0.
  2017 352 18  7 17 487 352.755063513      -0.37      2.01     -1.45  0.       -5308.705       6200.927       2668.248    0.000  -0.139   0.381   0.
  2017 352 18  7 18 487 352.755075087      -0.46      2.95     -2.67  0.       -5309.257       6200.221       2666.620    0.000  -0.139   0.381   0.
  2017 352 18  7 19 487 352.755086661       0.23      2.13     -1.87  0.       -5309.809       6199.515       2664.993    0.000  -0.139   0.381   0.
  2017 352 18  7 20 487 352.755098235       0.31      2.42     -0.82  0.       -5310.361       6198.808       2663.365    0.000  -0.139   0.381   0.
  2017 352 18  7 21 487 352.755109809       0.13      2.18     -0.93  0.       -5310.913       6198.100       2661.737    0.000  -0.139   0.381   0.
  2017 352 18  7 22 487 352.755121383      -0.43      1.54     -0.33  0.       -5311.464       6197.393       2660.109    0.000  -0.139   0.381   0.
  2017 352 18  7 23 487 352.755132957      -0.41      0.86     -1.42  0.       -5312.014       6196.684       2658.480    0.000  -0.139   0.381   0.
  2017 352 18  7 24 487 352.755144531      -0.44      1.15     -1.53  0.       -5312.565       6195.976       2656.852    0.000  -0.139   0.381   0.
  2017 352 18  7 25 487 352.755156105       0.63     -0.20     -1.75  0.       -5313.114       6195.267       2655.223    0.000  -0.139   0.381   0.
  2017 352 18  7 26 487 352.755167679       0.45      0.53     -2.17  0.       -5313.664       6194.557       2653.594    0.000  -0.139   0.381   0.
  2017 352 18  7 27 487 352.755179253       0.26      1.97     -1.77  0.       -5314.213       6193.847       2651.965    0.000  -0.139   0.381   0.
  2017 352 18  7 28 487 352.755190828       0.26      1.55     -2.02  0.       -5314.762       6193.137       2650.336    0.000  -0.139   0.381   0.
  2017 352 18  7 29 487 352.755202402      -0.24      1.47     -2.40  0.       -5315.311       6192.427       2648.707    0.000  -0.139   0.381   0.
  2017 352 18  7 30 487 352.755213976       0.22      0.76     -2.20  0.       -5315.859       6191.715       2647.077    0.000  -0.139   0.381   0.
  2017 352 18  7 31 487 352.755225550       0.90      0.38     -1.41  0.       -5316.406       6191.004       2645.447    0.000  -0.139   0.381   0.
  2017 352 18  7 32 487 352.755237124       0.66      0.35     -2.07  0.       -5316.954       6190.292       2643.817    0.000  -0.139   0.381   0.
  2017 352 18  7 33 487 352.755248698      -0.04      0.92     -2.32  0.       -5317.501       6189.580       2642.187    0.000  -0.139   0.381   0.
  2017 352 18  7 34 487 352.755260272      -0.68      1.31     -2.41  0.       -5318.048       6188.867       2640.557    0.000  -0.139   0.381   0.
  2017 352 18  7 35 487 352.755271846      -1.08      0.46     -2.62  0.       -5318.594       6188.153       2638.926    0.000  -0.139   0.381   0.
  2017 352 18  7 36 487 352.755283420      -0.99      0.25     -3.31  0.       -5319.140       6187.440       2637.296    0.000  -0.139   0.381   0.
  2017 352 18  7 37 487 352.755294994      -0.69     -0.38     -3.41  0.       -5319.686       6186.726       2635.665    0.000  -0.139   0.381   0.
  2017 352 18  7 38 487 352.755306568       0.04     -0.35     -1.94  0.       -5320.231       6186.011       2634.034    0.000  -0.139   0.381   0.
  2017 352 18  7 39 487 352.755318142      -0.22     -0.00     -2.28  0.       -5320.776       6185.296       2632.403    0.000  -0.139   0.381   0.
  2017 352 18  7 40 487 352.755329716      -0.02      0.53     -2.01  0.       -5321.321       6184.581       2630.772    0.000  -0.139   0.381   0.
  2017 352 18  7 41 487 352.755341290      -0.03      0.86     -1.30  0.       -5321.865       6183.865       2629.140    0.000  -0.139   0.381   0.
  2017 352 18  7 42 487 352.755352865      -0.69      0.92     -0.83  0.       -5322.408       6183.149       2627.509    0.000  -0.139   0.381   0.
  2017 352 18  7 43 487 352.755364438      -0.70      1.08     -0.66  0.       -5322.952       6182.433       2625.876    0.000  -0.139   0.381   0.
  2017 352 18  7 44 487 352.755376010      -0.41      1.40     -0.73  0.       -5323.495       6181.716       2624.244    0.000  -0.139   0.381   0.
  2017 352 18  7 45 487 352.755387584       0.06      0.89     -0.98  0.       -5324.037       6180.998       2622.612    0.000  -0.139   0.381   0.
  2017 352 18  7 46 487 352.755399158      -0.41      1.62     -1.10  0.       -5324.580       6180.280       2620.979    0.000  -0.139   0.381   0.
  2017 352 18  7 47 487 352.755410732      -1.05      2.60     -1.72  0.       -5325.122       6179.562       2619.347    0.000  -0.139   0.381   0.
  2017 352 18  7 48 487 352.755422306      -0.42      2.87     -1.75  0.       -5325.663       6178.843       2617.714    0.000  -0.139   0.381   0.
  2017 352 18  7 49 487 352.755433880       0.43      3.10     -1.99  0.       -5326.205       6178.124       2616.081    0.000  -0.139   0.381   0.
  2017 352 18  7 50 487 352.755445454       0.06      2.20     -1.35  0.       -5326.746       6177.405       2614.448    0.000  -0.139   0.381   0.
  2017 352 18  7 51 487 352.755457028       0.01      1.89     -0.94  0.       -5327.286       6176.685       2612.815    0.000  -0.139   0.381   0.
  2017 352 18  7 52 487 352.755468602       0.53      2.30     -0.94  0.       -5327.826       6175.964       2611.181    0.000  -0.139   0.381   0.
  2017 352 18  7 53 487 352.755480177       0.56      2.51     -2.46  0.       -5328.366       6175.244       2609.547    0.000  -0.139   0.381   0.
  2017 352 18  7 54 487 352.755491751       0.65      1.73     -3.05  0.       -5328.906       6174.523       2607.913    0.000  -0.139   0.381   0.
  2017 352 18  7 55 487 352.755503325      -0.19      0.57     -2.89  0.       -5329.445       6173.801       2606.279    0.000  -0.139   0.381   0.
  2017 352 18  7 56 487 352.755514899      -1.45      0.39     -2.51  0.       -5329.983       6173.079       2604.645    0.000  -0.139   0.381   0.
  2017 352 18  7 57 487 352.755526473      -2.28     -0.34     -0.92  0.       -5330.522       6172.356       2603.011    0.000  -0.139   0.381   0.
  2017 352 18  7 58 487 352.755538047      -2.09      0.42     -0.76  0.       -5331.060       6171.634       2601.376    0.000  -0.139   0.381   0.
  2017 352 18  7 59 487 352.755549621      -2.11      0.45      0.05  0.       -5331.597       6170.910       2599.741    0.000  -0.139   0.381   0.
  2017 352 18  8  0 487 352.755561195      -2.08     -0.03      0.45  0.       -5332.135       6170.186       2598.106    0.000  -0.139   0.381   0.
  2017 352 18  8  1 487 352.755572769      -2.08      0.22      0.18  0.       -5332.672       6169.462       2596.471    0.000  -0.139   0.381   0.
  2017 352 18  8  2 487 352.755584343      -1.83      0.58     -0.19  0.       -5333.208       6168.738       2594.836    0.000  -0.139   0.381   0.
  2017 352 18  8  3 487 352.755595917      -1.82      1.74     -0.50  0.       -5333.744       6168.013       2593.201    0.000  -0.139   0.381   0.
  2017 352 18  8  4 487 352.755607491      -0.50      2.14     -0.91  0.       -5334.280       6167.287       2591.565    0.000  -0.139   0.381   0.
  2017 352 18  8  5 487 352.755619065      -1.04      1.62     -0.79  0.       -5334.816       6166.561       2589.929    0.000  -0.139   0.381   0.
  2017 352 18  8  6 487 352.755630639      -1.72      1.29      0.06  0.       -5335.351       6165.835       2588.293    0.000  -0.139   0.381   0.
  2017 352 18  8  7 487 352.755642214      -2.07      0.64      0.35  0.       -5335.885       6165.108       2586.657    0.000  -0.139   0.381   0.
  2017 352 18  8  8 487 352.755653788      -1.80      0.54      0.40  0.       -5336.420       6164.381       2585.021    0.000  -0.139   0.381   0.
  2017 352 18  8  9 487 352.755665362      -1.32      0.56      0.25  0.       -5336.954       6163.654       2583.384    0.000  -0.139   0.381   0.
  2017 352 18  8 10 487 352.755676936      -1.00      0.59     -0.45  0.       -5337.487       6162.926       2581.747    0.000  -0.139   0.381   0.
  2017 352 18  8 11 487 352.755688510      -1.34      0.36     -0.65  0.       -5338.021       6162.197       2580.110    0.000  -0.139   0.381   0.
  2017 352 18  8 12 487 352.755700084      -1.29      0.83     -0.99  0.       -5338.553       6161.469       2578.473    0.000  -0.139   0.381   0.
  2017 352 18  8 13 486 352.755711657      -1.22      1.36     -1.68  0.       -5339.086       6160.739       2576.836    0.000  -0.139   0.381   0.
  2017 352 18  8 14 486 352.755723229      -1.10      0.90     -2.14  0.       -5339.618       6160.010       2575.199    0.000  -0.139   0.381   0.
  2017 352 18  8 15 486 352.755734803      -1.00      0.74     -2.12  0.       -5340.150       6159.280       2573.561    0.000  -0.139   0.381   0.
  2017 352 18  8 16 486 352.755746377      -0.75      1.05     -2.64  0.       -5340.681       6158.549       2571.923    0.000  -0.139   0.381   0.
  2017 352 18  8 17 487 352.755757951      -0.38      1.53     -2.79  0.       -5341.212       6157.818       2570.286    0.000  -0.139   0.381   0.
  2017 352 18  8 18 487 352.755769525      -0.52      1.34     -2.62  0.       -5341.743       6157.087       2568.647    0.000  -0.139   0.381   0.
  2017 352 18  8 19 486 352.755781100      -1.10      0.20     -2.22  0.       -5342.273       6156.355       2567.009    0.000  -0.139   0.381   0.
  2017 352 18  8 20 486 352.755792674      -1.36      0.21     -1.47  0.       -5342.803       6155.623       2565.371    0.000  -0.139   0.381   0.
  2017 352 18  8 21 487 352.755804248      -1.61      0.47     -0.91  0.       -5343.333       6154.890       2563.732    0.000  -0.139   0.381   0.
  2017 352 18  8 22 487 352.755815822      -1.61      0.55      0.19  0.       -5343.862       6154.157       2562.093    0.000  -0.139   0.381   0.
  2017 352 18  8 23 487 352.755827396      -1.41      0.97      0.55  0.       -5344.391       6153.424       2560.454    0.000  -0.139   0.381   0.
  2017 352 18  8 24 487 352.755838970      -1.11      1.49     -0.54  0.       -5344.919       6152.690       2558.815    0.000  -0.139   0.381   0.
  2017 352 18  8 25 487 352.755850544      -0.77      1.84     -1.18  0.       -5345.448       6151.956       2557.176    0.000  -0.139   0.381   0.
  2017 352 18  8 26 486 352.755862118      -0.83      1.49     -1.30  0.       -5345.975       6151.221       2555.536    0.000  -0.139   0.381   0.
  2017 352 18  8 27 486 352.755873692      -0.99      0.94     -1.23  0.       -5346.503       6150.486       2553.896    0.000  -0.139   0.381   0.
  2017 352 18  8 28 486 352.755885266      -0.63      0.52     -1.11  0.       -5347.030       6149.751       2552.256    0.000  -0.139   0.381   0.
  2017 352 18  8 29 486 352.755896840      -0.34      0.68     -1.12  0.       -5347.556       6149.014       2550.617    0.000  -0.139   0.381   0.
  2017 352 18  8 30 486 352.755908414      -0.45      0.92     -1.23  0.       -5348.083       6148.278       2548.976    0.000  -0.139   0.381   0.
  2017 352 18  8 31 487 352.755919988      -0.53      1.36     -1.27  0.       -5348.609       6147.541       2547.336    0.000  -0.139   0.381   0.
  2017 352 18  8 32 486 352.755931562      -0.30      0.99     -1.06  0.       -5349.134       6146.804       2545.695    0.000  -0.139   0.381   0.
  2017 352 18  8 33 486 352.755943137       0.16      1.01     -1.43  0.       -5349.659       6146.066       2544.054    0.000  -0.139   0.381   0.
  2017 352 18  8 34 486 352.755954711      -0.44      1.63     -1.47  0.       -5350.184       6145.328       2542.414    0.000  -0.139   0.381   0.
  2017 352 18  8 35 487 352.755966285      -0.68      2.13     -1.18  0.       -5350.709       6144.590       2540.772    0.000  -0.139   0.381   0.
  2017 352 18  8 36 487 352.755977859      -1.15      1.45     -0.51  0.       -5351.233       6143.851       2539.131    0.000  -0.139   0.381   0.
  2017 352 18  8 37 487 352.755989433      -2.14      1.19      0.44  0.       -5351.757       6143.111       2537.490    0.000  -0.139   0.381   0.
  2017 352 18  8 38 487 352.756001007      -2.30      2.41      0.53  0.       -5352.280       6142.372       2535.848    0.000  -0.139   0.381   0.
  2017 352 18  8 39 486 352.756012581      -1.95      2.17     -0.38  0.       -5352.803       6141.631       2534.206    0.000  -0.139   0.381   0.
  2017 352 18  8 40 486 352.756024155      -2.34      1.46     -0.98  0.       -5353.325       6140.891       2532.564    0.000  -0.139   0.381   0.
  2017 352 18  8 41 486 352.756035729      -2.81      1.34     -0.70  0.       -5353.848       6140.150       2530.922    0.000  -0.139   0.381   0.
  2017 352 18  8 42 486 352.756047300      -3.22      1.50     -0.36  0.       -5354.370       6139.408       2529.280    0.000  -0.139   0.381   0.
  2017 352 18  8 43 486 352.756058874      -2.65      1.46     -0.63  0.       -5354.891       6138.666       2527.637    0.000  -0.139   0.381   0.
  2017 352 18  8 44 486 352.756070448      -2.23      1.19     -0.79  0.       -5355.412       6137.924       2525.995    0.000  -0.139   0.381   0.
  2017 352 18  8 45 486 352.756082023      -1.74      1.41     -0.93  0.       -5355.933       6137.181       2524.352    0.000  -0.139   0.381   0.
  2017 352 18  8 46 486 352.756093597      -1.81      2.09     -1.05  0.       -5356.453       6136.438       2522.709    0.000  -0.139   0.381   0.
  2017 352 18  8 47 486 352.756105171      -1.89      2.47     -1.23  0.       -5356.973       6135.694       2521.066    0.000  -0.139   0.381   0.
  2017 352 18  8 48 486 352.756116745      -2.15      2.48     -0.90  0.       -5357.493       6134.950       2519.422    0.000  -0.139   0.381   0.
  2017 352 18  8 49 486 352.756128319      -2.23      2.61     -0.58  0.       -5358.012       6134.206       2517.779    0.000  -0.139   0.381   0.
  2017 352 18  8 50 486 352.756139893      -1.44      1.79     -1.03  0.       -5358.531       6133.461       2516.135    0.000  -0.139   0.381   0.
  2017 352 18  8 51 486 352.756151467      -0.80      2.02     -1.26  0.       -5359.050       6132.716       2514.491    0.000  -0.139   0.381   0.
  2017 352 18  8 52 486 352.756163041      -1.05      2.25     -1.42  0.       -5359.568       6131.970       2512.847    0.000  -0.139   0.381   0.
  2017 352 18  8 53 486 352.756174615      -1.55      2.17     -1.86  0.       -5360.086       6131.224       2511.203    0.000  -0.139   0.381   0.
  2017 352 18  8 54 486 352.756186189      -1.45      1.70     -2.10  0.       -5360.603       6130.477       2509.558    0.000  -0.139   0.381   0.
  2017 352 18  8 55 486 352.756197763      -1.18      1.76     -2.40  0.       -5361.120       6129.730       2507.914    0.000  -0.139   0.381   0.
  2017 352 18  8 56 486 352.756209337      -0.94      1.94     -2.70  0.       -5361.637       6128.983       2506.269    0.000  -0.139   0.381   0.
  2017 352 18  8 57 486 352.756220911      -1.39      1.94     -2.50  0.       -5362.153       6128.235       2504.624    0.000  -0.139   0.381   0.
  2017 352 18  8 58 486 352.756232486      -1.50      1.55     -1.53  0.       -5362.669       6127.487       2502.979    0.000  -0.139   0.381   0.
  2017 352 18  8 59 486 352.756244060      -1.12      1.05     -0.88  0.       -5363.185       6126.738       2501.334    0.000  -0.139   0.381   0.
  2017 352 18  9  0 486 352.756255634      -0.81      0.92     -0.77  0.       -5363.700       6125.989       2499.688    0.000  -0.139   0.381   0.
  2017 352 18  9  1 486 352.756267208      -1.20      0.62      0.08  0.       -5364.215       6125.239       2498.042    0.000  -0.139   0.381   0.
  2017 352 18  9  2 486 352.756278782      -1.63      0.42      0.87  0.       -5364.729       6124.489       2496.397    0.000  -0.139   0.381   0.
  2017 352 18  9  3 486 352.756290356      -1.73      0.44      1.08  0.       -5365.243       6123.739       2494.751    0.000  -0.139   0.381   0.
  2017 352 18  9  4 486 352.756301930      -1.69      1.19      1.36  0.       -5365.757       6122.988       2493.104    0.000  -0.139   0.381   0.
  2017 352 18  9  5 486 352.756313504      -1.41      1.15      0.71  0.       -5366.270       6122.237       2491.458    0.000  -0.139   0.381   0.
  2017 352 18  9  6 486 352.756325078      -1.58      0.71      0.08  0.       -5366.783       6121.485       2489.812    0.000  -0.139   0.381   0.
  2017 352 18  9  7 486 352.756336652      -1.19      1.33     -0.22  0.       -5367.296       6120.733       2488.165    0.000  -0.139   0.381   0.
  2017 352 18  9  8 486 352.756348226      -1.86      2.06     -0.74  0.       -5367.808       6119.981       2486.518    0.000  -0.139   0.381   0.
  2017 352 18  9  9 486 352.756359800      -1.85      1.38     -1.10  0.       -5368.320       6119.228       2484.871    0.000  -0.139   0.381   0.
  2017 352 18  9 10 486 352.756371374      -1.57      0.79     -0.74  0.       -5368.831       6118.474       2483.224    0.000  -0.139   0.381   0.
  2017 352 18  9 11 486 352.756382948      -1.23      1.30     -0.94  0.       -5369.342       6117.721       2481.577    0.000  -0.139   0.381   0.
  2017 352 18  9 12 486 352.756394520      -0.99      1.74     -1.22  0.       -5369.853       6116.966       2479.929    0.000  -0.139   0.381   0.
  2017 352 18  9 13 486 352.756406094      -0.59      1.85     -1.08  0.       -5370.364       6116.212       2478.281    0.000  -0.139   0.381   0.
  2017 352 18  9 14 486 352.756417668      -0.72      1.35     -0.81  0.       -5370.873       6115.457       2476.633    0.000  -0.139   0.381   0.
  2017 352 18  9 15 486 352.756429242      -0.72      0.96     -1.00  0.       -5371.383       6114.701       2474.986    0.000  -0.139   0.381   0.
  2017 352 18  9 16 486 352.756440816       0.02      1.44     -0.73  0.       -5371.892       6113.945       2473.337    0.000  -0.139   0.381   0.
  2017 352 18  9 17 486 352.756452390      -0.31      1.50     -0.89  0.       -5372.401       6113.189       2471.689    0.000  -0.139   0.381   0.
  2017 352 18  9 18 486 352.756463964      -0.40      1.60     -1.21  0.       -5372.910       6112.432       2470.040    0.000  -0.139   0.381   0.
  2017 352 18  9 19 486 352.756475538      -0.81      1.84     -0.79  0.       -5373.418       6111.675       2468.391    0.000  -0.139   0.381   0.
  2017 352 18  9 20 486 352.756487112      -0.58      1.95     -1.33  0.       -5373.926       6110.917       2466.743    0.000  -0.139   0.381   0.
  2017 352 18  9 21 486 352.756498686      -0.09      1.96     -1.85  0.       -5374.433       6110.159       2465.093    0.000  -0.139   0.381   0.
  2017 352 18  9 22 486 352.756510260      -0.80      1.85     -1.91  0.       -5374.940       6109.401       2463.444    0.000  -0.139   0.381   0.
  2017 352 18  9 23 486 352.756521835      -1.24      2.22     -2.66  0.       -5375.446       6108.642       2461.795    0.000  -0.139   0.381   0.
  2017 352 18  9 24 486 352.756533409      -1.15      2.72     -1.96  0.       -5375.953       6107.883       2460.145    0.000  -0.139   0.381   0.
  2017 352 18  9 25 486 352.756544983      -0.59      1.76     -0.64  0.       -5376.459       6107.123       2458.495    0.000  -0.139   0.381   0.
  2017 352 18  9 26 486 352.756556557      -0.94      1.72      0.09  0.       -5376.964       6106.363       2456.845    0.000  -0.139   0.381   0.
  2017 352 18  9 27 486 352.756568131      -1.23      1.08     -2.18  0.       -5377.469       6105.602       2455.195    0.000  -0.139   0.381   0.
  2017 352 18  9 28 486 352.756579705      -1.21      1.91     -2.89  0.       -5377.974       6104.841       2453.545    0.000  -0.139   0.381   0.
  2017 352 18  9 29 486 352.756591279      -1.02      1.79     -1.10  0.       -5378.478       6104.080       2451.895    0.000  -0.139   0.381   0.
  2017 352 18  9 30 486 352.756602853      -1.32      2.88     -0.70  0.       -5378.982       6103.318       2450.244    0.000  -0.139   0.381   0.
  2017 352 18  9 31 486 352.756614427      -1.04      1.91     -0.90  0.       -5379.486       6102.555       2448.593    0.000  -0.139   0.381   0.
  2017 352 18  9 32 486 352.756626001      -1.23      2.07     -2.36  0.       -5379.989       6101.793       2446.942    0.000  -0.139   0.381   0.
  2017 352 18  9 33 486 352.756637575      -0.73      1.01     -1.99  0.       -5380.492       6101.029       2445.291    0.000  -0.139   0.381   0.
  2017 352 18  9 34 486 352.756649149      -0.76      0.44     -1.60  0.       -5380.995       6100.266       2443.640    0.000  -0.139   0.381   0.
  2017 352 18  9 35 486 352.756660723      -0.40      0.10     -1.14  0.       -5381.497       6099.502       2441.988    0.000  -0.139   0.381   0.
  2017 352 18  9 36 486 352.756672298       0.09      0.15     -1.38  0.       -5381.998       6098.737       2440.337    0.000  -0.139   0.381   0.
  2017 352 18  9 37 486 352.756683871       0.03      0.53     -1.80  0.       -5382.500       6097.973       2438.685    0.000  -0.139   0.381   0.
  2017 352 18  9 38 486 352.756695446      -0.64      1.27     -1.92  0.       -5383.001       6097.207       2437.033    0.000  -0.139   0.381   0.
  2017 352 18  9 39 486 352.756707019      -0.61      1.34     -2.08  0.       -5383.501       6096.441       2435.381    0.000  -0.139   0.381   0.
  2017 352 18  9 40 486 352.756718591      -0.75      0.76     -1.49  0.       -5384.002       6095.675       2433.728    0.000  -0.139   0.381   0.
  2017 352 18  9 41 486 352.756730165      -1.22      0.86     -0.84  0.       -5384.501       6094.909       2432.076    0.000  -0.139   0.381   0.
  2017 352 18  9 42 486 352.756741739      -1.25      0.80     -0.31  0.       -5385.001       6094.142       2430.423    0.000  -0.139   0.381   0.
  2017 352 18  9 43 486 352.756753313      -1.18      1.29     -0.40  0.       -5385.500       6093.374       2428.770    0.000  -0.139   0.381   0.
  2017 352 18  9 44 486 352.756764887      -0.70      0.96     -0.90  0.       -5385.999       6092.606       2427.117    0.000  -0.139   0.381   0.
  2017 352 18  9 45 486 352.756776461      -0.68      0.41     -1.15  0.       -5386.497       6091.838       2425.464    0.000  -0.139   0.381   0.
  2017 352 18  9 46 486 352.756788035      -0.18      0.32     -1.34  0.       -5386.995       6091.069       2423.811    0.000  -0.139   0.381   0.
  2017 352 18  9 47 486 352.756799609      -0.52      0.16     -1.34  0.       -5387.493       6090.300       2422.157    0.000  -0.139   0.381   0.
  2017 352 18  9 48 486 352.756811183      -0.98      0.78     -1.01  0.       -5387.990       6089.531       2420.504    0.000  -0.139   0.381   0.
  2017 352 18  9 49 486 352.756822758      -0.87      1.69     -1.02  0.       -5388.487       6088.761       2418.850    0.000  -0.139   0.381   0.
  2017 352 18  9 50 486 352.756834332      -0.06      2.10     -1.24  0.       -5388.983       6087.990       2417.196    0.000  -0.139   0.381   0.
  2017 352 18  9 51 486 352.756845906       0.24      1.29     -1.63  0.       -5389.479       6087.220       2415.541    0.000  -0.139   0.381   0.
  2017 352 18  9 52 486 352.756857480       0.08      0.62     -1.76  0.       -5389.975       6086.448       2413.887    0.000  -0.139   0.381   0.
  2017 352 18  9 53 486 352.756869054      -0.48      0.15     -1.61  0.       -5390.470       6085.677       2412.232    0.000  -0.139   0.381   0.
  2017 352 18  9 54 486 352.756880628      -0.83      0.23     -1.66  0.       -5390.965       6084.904       2410.578    0.000  -0.139   0.381   0.
  2017 352 18  9 55 486 352.756892202      -0.75      0.80     -2.11  0.       -5391.460       6084.132       2408.923    0.000  -0.139   0.381   0.
  2017 352 18  9 56 486 352.756903776      -0.53      0.46     -1.81  0.       -5391.954       6083.359       2407.268    0.000  -0.139   0.381   0.
  2017 352 18  9 57 486 352.756915350      -1.10      0.73     -1.16  0.       -5392.448       6082.585       2405.613    0.000  -0.139   0.381   0.
  2017 352 18  9 58 486 352.756926924      -1.84      1.10     -0.88  0.       -5392.941       6081.812       2403.957    0.000  -0.139   0.381   0.
  2017 352 18  9 59 486 352.756938498      -2.44      1.35     -0.79  0.       -5393.434       6081.037       2402.302    0.000  -0.139   0.381   0.
  2017 352 18 10  0 486 352.756950072      -2.99      1.45     -0.68  0.       -5393.927       6080.263       2400.646    0.000  -0.139   0.381   0.
  2017 352 18 10  1 486 352.756961646      -3.19      1.91     -1.06  0.       -5394.419       6079.488       2398.990    0.000  -0.139   0.381   0.
  2017 352 18 10  2 486 352.756973220      -3.08      2.21     -1.43  0.       -5394.911       6078.712       2397.334    0.000  -0.139   0.381   0.
  2017 352 18 10  3 486 352.756984795      -2.68      2.11     -1.51  0.       -5395.403       6077.936       2395.678    0.000  -0.139   0.381   0.
  2017 352 18 10  4 486 352.756996369      -2.67      1.90     -1.13  0.       -5395.894       6077.160       2394.021    0.000  -0.139   0.381   0.
  2017 352 18 10  5 486 352.757007943      -2.65      2.16     -0.73  0.       -5396.384       6076.383       2392.365    0.000  -0.139   0.381   0.
  2017 352 18 10  6 486 352.757019517      -2.29      2.53     -0.86  0.       -5396.875       6075.606       2390.708    0.000  -0.139   0.381   0.
  2017 352 18 10  7 486 352.757031091      -2.23      2.33     -0.53  0.       -5397.365       6074.828       2389.051    0.000  -0.139   0.381   0.
  2017 352 18 10  8 486 352.757042665      -2.25      2.15     -0.39  0.       -5397.854       6074.050       2387.394    0.000  -0.139   0.381   0.
  2017 352 18 10  9 485 352.757054238      -2.28      1.56     -0.27  0.       -5398.344       6073.271       2385.737    0.000  -0.139   0.381   0.
  2017 352 18 10 10 485 352.757065810      -2.33      1.59     -0.12  0.       -5398.833       6072.492       2384.079    0.000  -0.139   0.381   0.
  2017 352 18 10 11 485 352.757077384      -2.09      2.15     -0.86  0.       -5399.321       6071.713       2382.422    0.000  -0.139   0.381   0.
  2017 352 18 10 12 485 352.757088958      -1.70      2.28     -1.26  0.       -5399.809       6070.933       2380.764    0.000  -0.139   0.381   0.
  2017 352 18 10 13 486 352.757100532      -1.58      2.40     -1.80  0.       -5400.297       6070.153       2379.106    0.000  -0.139   0.381   0.
  2017 352 18 10 14 486 352.757112107      -1.69      2.25     -1.77  0.       -5400.784       6069.372       2377.448    0.000  -0.139   0.381   0.
  2017 352 18 10 15 485 352.757123681      -1.80      2.53     -1.58  0.       -5401.271       6068.591       2375.790    0.000  -0.139   0.381   0.
  2017 352 18 10 16 485 352.757135255      -1.74      2.67     -1.81  0.       -5401.758       6067.809       2374.131    0.000  -0.139   0.381   0.
  2017 352 18 10 17 486 352.757146829      -1.70      2.81     -2.27  0.       -5402.244       6067.027       2372.473    0.000  -0.139   0.381   0.
  2017 352 18 10 18 486 352.757158403      -1.87      2.46     -2.11  0.       -5402.730       6066.245       2370.814    0.000  -0.139   0.381   0.
  2017 352 18 10 19 486 352.757169977      -1.89      2.41     -2.13  0.       -5403.215       6065.462       2369.155    0.000  -0.139   0.381   0.
  2017 352 18 10 20 486 352.757181551      -1.68      2.30     -2.27  0.       -5403.700       6064.679       2367.496    0.000  -0.139   0.381   0.
  2017 352 18 10 21 486 352.757193125      -1.76      2.46     -2.33  0.       -5404.185       6063.895       2365.837    0.000  -0.139   0.381   0.
  2017 352 18 10 22 485 352.757204699      -1.91      2.32     -2.19  0.       -5404.669       6063.111       2364.177    0.000  -0.139   0.381   0.
  2017 352 18 10 23 485 352.757216273      -1.89      2.51     -1.96  0.       -5405.153       6062.327       2362.518    0.000  -0.139   0.381   0.
  2017 352 18 10 24 485 352.757227847      -2.39      2.28     -1.74  0.       -5405.637       6061.542       2360.858    0.000  -0.139   0.381   0.
  2017 352 18 10 25 485 352.757239421      -2.40      1.73     -1.32  0.       -5406.120       6060.756       2359.198    0.000  -0.139   0.381   0.
  2017 352 18 10 26 486 352.757250995      -1.93      1.42     -1.57  0.       -5406.603       6059.970       2357.538    0.000  -0.139   0.381   0.
  2017 352 18 10 27 486 352.757262569      -1.91      1.40     -1.94  0.       -5407.085       6059.184       2355.878    0.000  -0.139   0.381   0.
  2017 352 18 10 28 485 352.757274144      -1.94      0.96     -1.81  0.       -5407.567       6058.397       2354.217    0.000  -0.139   0.381   0.
  2017 352 18 10 29 485 352.757285718      -1.80      1.04     -1.38  0.       -5408.049       6057.610       2352.557    0.000  -0.139   0.381   0.
  2017 352 18 10 30 486 352.757297292      -2.02      1.11     -1.04  0.       -5408.530       6056.823       2350.896    0.000  -0.139   0.381   0.
  2017 352 18 10 31 486 352.757308866      -2.50      1.15     -0.26  0.       -5409.010       6056.035       2349.235    0.000  -0.139   0.381   0.
  2017 352 18 10 32 486 352.757320440      -2.84      1.41      0.05  0.       -5409.491       6055.246       2347.574    0.000  -0.139   0.381   0.
  2017 352 18 10 33 486 352.757332014      -3.14      1.54     -0.01  0.       -5409.972       6054.457       2345.913    0.000  -0.139   0.381   0.
  2017 352 18 10 34 486 352.757343588      -3.27      1.17     -0.09  0.       -5410.451       6053.668       2344.251    0.000  -0.139   0.381   0.
  2017 352 18 10 35 485 352.757355162      -2.65      0.81     -0.10  0.       -5410.930       6052.879       2342.590    0.000  -0.139   0.381   0.
  2017 352 18 10 36 485 352.757366736      -2.39      1.10      0.05  0.       -5411.409       6052.088       2340.928    0.000  -0.139   0.381   0.
  2017 352 18 10 37 485 352.757378310      -2.12      1.10      0.13  0.       -5411.888       6051.298       2339.266    0.000  -0.139   0.381   0.
  2017 352 18 10 38 485 352.757389884      -2.06      0.93     -0.11  0.       -5412.366       6050.507       2337.604    0.000  -0.139   0.381   0.
  2017 352 18 10 39 485 352.757401458      -2.06      1.00     -0.45  0.       -5412.844       6049.715       2335.942    0.000  -0.139   0.381   0.
  2017 352 18 10 40 485 352.757413030      -1.90      1.27     -0.39  0.       -5413.321       6048.923       2334.279    0.000  -0.139   0.381   0.
  2017 352 18 10 41 485 352.757424604      -1.86      1.33     -0.36  0.       -5413.798       6048.131       2332.617    0.000  -0.139   0.381   0.
  2017 352 18 10 42 485 352.757436178      -1.70      1.39     -0.35  0.       -5414.275       6047.339       2330.954    0.000  -0.139   0.381   0.
  2017 352 18 10 43 485 352.757447752      -1.76      1.33     -0.28  0.       -5414.751       6046.545       2329.291    0.000  -0.139   0.381   0.
  2017 352 18 10 44 485 352.757459326      -1.73      1.21     -0.31  0.       -5415.227       6045.752       2327.628    0.000  -0.139   0.381   0.
  2017 352 18 10 45 485 352.757470900      -1.97      1.29     -0.59  0.       -5415.702       6044.958       2325.965    0.000  -0.139   0.381   0.
  2017 352 18 10 46 485 352.757482474      -2.28      1.65     -0.29  0.       -5416.177       6044.163       2324.301    0.000  -0.139   0.381   0.
  2017 352 18 10 47 485 352.757494048      -2.26      1.30      0.14  0.       -5416.652       6043.369       2322.637    0.000  -0.139   0.381   0.
  2017 352 18 10 48 485 352.757505622      -1.53      0.73     -0.29  0.       -5417.126       6042.573       2320.974    0.000  -0.139   0.381   0.
  2017 352 18 10 49 485 352.757517196      -1.57      1.40     -0.91  0.       -5417.600       6041.778       2319.310    0.000  -0.139   0.381   0.
  2017 352 18 10 50 485 352.757528770      -1.69      1.69     -1.25  0.       -5418.074       6040.981       2317.646    0.000  -0.139   0.381   0.
  2017 352 18 10 51 485 352.757540344      -1.68      1.11     -1.17  0.       -5418.547       6040.185       2315.982    0.000  -0.139   0.381   0.
  2017 352 18 10 52 485 352.757551918      -1.33      1.05     -1.13  0.       -5419.020       6039.388       2314.317    0.000  -0.139   0.381   0.
  2017 352 18 10 53 485 352.757563492      -1.30      0.99     -0.82  0.       -5419.492       6038.590       2312.652    0.000  -0.139   0.381   0.
  2017 352 18 10 54 485 352.757575067      -1.69      0.78     -0.17  0.       -5419.964       6037.793       2310.988    0.000  -0.139   0.381   0.
  2017 352 18 10 55 485 352.757586641      -1.99      0.93     -0.06  0.       -5420.436       6036.994       2309.323    0.000  -0.139   0.381   0.
  2017 352 18 10 56 485 352.757598215      -1.60      0.62     -0.04  0.       -5420.907       6036.195       2307.658    0.000  -0.139   0.381   0.
  2017 352 18 10 57 485 352.757609789      -1.41      0.55     -0.11  0.       -5421.378       6035.396       2305.993    0.000  -0.139   0.381   0.
  2017 352 18 10 58 485 352.757621363      -1.48      0.39      0.22  0.       -5421.848       6034.596       2304.327    0.000  -0.139   0.381   0.
  2017 352 18 10 59 485 352.757632937      -1.75      0.68      0.17  0.       -5422.318       6033.796       2302.662    0.000  -0.139   0.381   0.
  2017 352 18 11  0 485 352.757644511      -1.82      0.56      0.12  0.       -5422.788       6032.996       2300.996    0.000  -0.139   0.381   0.
  2017 352 18 11  1 485 352.757656085      -1.87      0.86      0.12  0.       -5423.257       6032.195       2299.330    0.000  -0.139   0.381   0.
  2017 352 18 11  2 485 352.757667659      -2.25      0.88     -0.14  0.       -5423.726       6031.394       2297.664    0.000  -0.139   0.381   0.
  2017 352 18 11  3 485 352.757679233      -2.30      1.16     -0.31  0.       -5424.194       6030.592       2295.998    0.000  -0.139   0.381   0.
  2017 352 18 11  4 485 352.757690807      -2.08      1.39     -0.81  0.       -5424.663       6029.790       2294.331    0.000  -0.139   0.381   0.
  2017 352 18 11  5 485 352.757702381      -2.24      1.80     -1.28  0.       -5425.130       6028.988       2292.665    0.000  -0.139   0.381   0.
  2017 352 18 11  6 485 352.757713955      -2.26      1.89     -1.47  0.       -5425.598       6028.184       2290.998    0.000  -0.139   0.381   0.
  2017 352 18 11  7 485 352.757725529      -1.37      1.61     -1.65  0.       -5426.065       6027.381       2289.331    0.000  -0.139   0.381   0.
  2017 352 18 11  8 485 352.757737101      -1.19      1.21     -1.19  0.       -5426.531       6026.577       2287.664    0.000  -0.139   0.381   0.
  2017 352 18 11  9 485 352.757748675      -1.93      1.76     -1.08  0.       -5426.997       6025.773       2285.997    0.000  -0.139   0.381   0.
  2017 352 18 11 10 485 352.757760249      -2.73      1.60     -1.15  0.       -5427.463       6024.968       2284.330    0.000  -0.139   0.381   0.
  2017 352 18 11 11 485 352.757771823      -3.08      1.55     -0.30  0.       -5427.929       6024.163       2282.662    0.000  -0.139   0.381   0.
  2017 352 18 11 12 485 352.757783397      -2.86      1.87     -0.16  0.       -5428.394       6023.357       2280.994    0.000  -0.138   0.380   0.
  2017 352 18 11 13 485 352.757794971      -2.30      2.29     -0.23  0.       -5428.858       6022.551       2279.326    0.000  -0.138   0.380   0.
  2017 352 18 11 14 485 352.757806545      -2.22      2.19     -1.11  0.       -5429.322       6021.745       2277.658    0.000  -0.139   0.381   0.
  2017 352 18 11 15 485 352.757818119      -2.94      2.34     -2.16  0.       -5429.786       6020.938       2275.990    0.000  -0.139   0.381   0.
  2017 352 18 11 16 485 352.757829693      -3.34      2.11     -2.97  0.       -5430.250       6020.130       2274.322    0.000  -0.139   0.381   0.
  2017 352 18 11 17 485 352.757841267      -3.58      2.21     -2.87  0.       -5430.713       6019.323       2272.653    0.000  -0.139   0.381   0.
  2017 352 18 11 18 485 352.757852841      -4.02      1.98     -2.24  0.       -5431.175       6018.514       2270.985    0.000  -0.139   0.381   0.
  2017 352 18 11 19 485 352.757864416      -4.25      2.12     -1.54  0.       -5431.638       6017.706       2269.316    0.000  -0.139   0.381   0.
  2017 352 18 11 20 485 352.757875990      -4.14      2.04     -1.63  0.       -5432.100       6016.897       2267.647    0.000  -0.139   0.381   0.
  2017 352 18 11 21 485 352.757887564      -3.70      1.56     -1.74  0.       -5432.561       6016.087       2265.978    0.000  -0.139   0.381   0.
  2017 352 18 11 22 485 352.757899138      -3.01      1.99     -1.51  0.       -5433.022       6015.277       2264.308    0.000  -0.139   0.381   0.
  2017 352 18 11 23 485 352.757910712      -2.32      2.58     -1.12  0.       -5433.483       6014.467       2262.639    0.000  -0.139   0.381   0.
  2017 352 18 11 24 485 352.757922286      -1.84      2.13     -1.39  0.       -5433.943       6013.656       2260.969    0.000  -0.139   0.381   0.
  2017 352 18 11 25 485 352.757933860      -1.57      1.62     -1.25  0.       -5434.403       6012.845       2259.299    0.000  -0.139   0.381   0.
  2017 352 18 11 26 485 352.757945434      -1.73      1.36     -1.31  0.       -5434.863       6012.033       2257.629    0.000  -0.139   0.381   0.
  2017 352 18 11 27 485 352.757957008      -2.48      1.75     -1.87  0.       -5435.322       6011.221       2255.959    0.000  -0.139   0.381   0.
  2017 352 18 11 28 485 352.757968582      -2.47      1.80     -1.68  0.       -5435.781       6010.408       2254.289    0.000  -0.139   0.381   0.
  2017 352 18 11 29 485 352.757980156      -2.70      1.65     -1.82  0.       -5436.239       6009.595       2252.618    0.000  -0.139   0.381   0.
  2017 352 18 11 30 485 352.757991730      -2.81      1.53     -1.53  0.       -5436.697       6008.782       2250.948    0.000  -0.139   0.381   0.
  2017 352 18 11 31 485 352.758003304      -2.88      1.70     -1.38  0.       -5437.155       6007.968       2249.277    0.000  -0.139   0.381   0.
  2017 352 18 11 32 485 352.758014879      -2.87      1.80     -1.58  0.       -5437.612       6007.154       2247.606    0.000  -0.139   0.381   0.
  2017 352 18 11 33 485 352.758026453      -2.88      1.81     -1.45  0.       -5438.069       6006.339       2245.935    0.000  -0.139   0.381   0.
  2017 352 18 11 34 485 352.758038027      -2.87      1.83     -1.43  0.       -5438.525       6005.524       2244.264    0.000  -0.139   0.381   0.
  2017 352 18 11 35 485 352.758049601      -2.66      1.64     -1.61  0.       -5438.981       6004.708       2242.592    0.000  -0.139   0.381   0.
  2017 352 18 11 36 485 352.758061175      -2.31      1.63     -2.06  0.       -5439.437       6003.892       2240.921    0.000  -0.139   0.381   0.
  2017 352 18 11 37 485 352.758072749      -2.70      2.05     -2.01  0.       -5439.892       6003.076       2239.249    0.000  -0.139   0.381   0.
  2017 352 18 11 38 485 352.758084323      -2.88      1.94     -2.23  0.       -5440.347       6002.259       2237.577    0.000  -0.139   0.381   0.
  2017 352 18 11 39 485 352.758095896      -2.24      2.05     -2.51  0.       -5440.801       6001.442       2235.905    0.000  -0.139   0.381   0.
  2017 352 18 11 40 485 352.758107468      -1.79      2.40     -3.00  0.       -5441.256       6000.624       2234.233    0.000  -0.139   0.381   0.
  2017 352 18 11 41 485 352.758119042      -1.75      2.64     -2.96  0.       -5441.709       5999.806       2232.560    0.000  -0.139   0.381   0.
  2017 352 18 11 42 485 352.758130616      -2.03      2.73     -2.94  0.       -5442.162       5998.987       2230.888    0.000  -0.139   0.381   0.
  2017 352 18 11 43 485 352.758142190      -2.48      2.35     -2.88  0.       -5442.615       5998.168       2229.215    0.000  -0.139   0.381   0.
  2017 352 18 11 44 485 352.758153764      -2.81      2.16     -2.63  0.       -5443.068       5997.349       2227.542    0.000  -0.139   0.381   0.
  2017 352 18 11 45 485 352.758165339      -3.09      2.23     -2.53  0.       -5443.520       5996.529       2225.869    0.000  -0.139   0.381   0.
  2017 352 18 11 46 485 352.758176913      -3.54      2.15     -2.24  0.       -5443.972       5995.708       2224.196    0.000  -0.139   0.381   0.
  2017 352 18 11 47 485 352.758188487      -3.80      2.16     -2.06  0.       -5444.423       5994.888       2222.522    0.000  -0.139   0.381   0.
  2017 352 18 11 48 485 352.758200061      -3.73      2.33     -2.16  0.       -5444.874       5994.066       2220.849    0.000  -0.139   0.381   0.
  2017 352 18 11 49 485 352.758211635      -3.77      2.61     -2.36  0.       -5445.324       5993.245       2219.175    0.000  -0.139   0.381   0.
  2017 352 18 11 50 485 352.758223209      -3.82      2.77     -2.31  0.       -5445.775       5992.423       2217.501    0.000  -0.139   0.381   0.
  2017 352 18 11 51 485 352.758234783      -3.70      2.91     -2.36  0.       -5446.224       5991.600       2215.827    0.000  -0.139   0.381   0.
  2017 352 18 11 52 485 352.758246357      -3.81      2.91     -2.39  0.       -5446.674       5990.777       2214.153    0.000  -0.139   0.381   0.
  2017 352 18 11 53 485 352.758257931      -3.55      2.50     -2.48  0.       -5447.123       5989.954       2212.479    0.000  -0.139   0.381   0.
  2017 352 18 11 54 485 352.758269505      -3.27      2.00     -2.70  0.       -5447.571       5989.130       2210.805    0.000  -0.139   0.381   0.
  2017 352 18 11 55 485 352.758281079      -3.11      2.11     -2.76  0.       -5448.019       5988.306       2209.130    0.000  -0.139   0.381   0.
  2017 352 18 11 56 485 352.758292653      -3.31      2.24     -2.60  0.       -5448.467       5987.481       2207.455    0.000  -0.139   0.381   0.
  2017 352 18 11 57 485 352.758304227      -3.35      2.01     -2.75  0.       -5448.915       5986.656       2205.780    0.000  -0.139   0.381   0.
  2017 352 18 11 58 485 352.758315802      -3.20      1.80     -2.84  0.       -5449.361       5985.830       2204.105    0.000  -0.139   0.381   0.
  2017 352 18 11 59 485 352.758327376      -3.31      1.66     -2.91  0.       -5449.808       5985.004       2202.430    0.000  -0.139   0.381   0.
  2017 352 18 12  0 485 352.758338950      -3.15      1.80     -2.74  0.       -5450.254       5984.178       2200.754    0.000  -0.139   0.381   0.
  2017 352 18 12  1 485 352.758350524      -3.44      1.90     -2.58  0.       -5450.700       5983.351       2199.079    0.000  -0.139   0.381   0.
  2017 352 18 12  2 485 352.758362098      -3.19      1.89     -2.53  0.       -5451.145       5982.524       2197.403    0.000  -0.139   0.381   0.
  2017 352 18 12  3 485 352.758373672      -3.00      2.03     -2.55  0.       -5451.590       5981.696       2195.727    0.000  -0.139   0.381   0.
  2017 352 18 12  4 485 352.758385246      -2.92      1.96     -2.77  0.       -5452.035       5980.868       2194.051    0.000  -0.139   0.381   0.
  2017 352 18 12  5 485 352.758396820      -2.68      1.93     -2.92  0.       -5452.479       5980.040       2192.374    0.000  -0.139   0.381   0.
  2017 352 18 12  6 485 352.758408394      -2.42      1.79     -2.93  0.       -5452.923       5979.210       2190.698    0.000  -0.139   0.381   0.
  2017 352 18 12  7 484 352.758419967      -2.14      1.60     -2.82  0.       -5453.367       5978.381       2189.021    0.000  -0.139   0.381   0.
  2017 352 18 12  8 484 352.758431539      -1.66      1.77     -2.75  0.       -5453.810       5977.551       2187.345    0.000  -0.139   0.381   0.
  2017 352 18 12  9 485 352.758443113      -1.71      1.96     -2.74  0.       -5454.252       5976.721       2185.668    0.000  -0.139   0.381   0.
  2017 352 18 12 10 485 352.758454687      -1.75      2.00     -2.76  0.       -5454.694       5975.890       2183.991    0.000  -0.139   0.381   0.
  2017 352 18 12 11 484 352.758466262      -1.61      2.00     -2.74  0.       -5455.136       5975.059       2182.314    0.000  -0.139   0.381   0.
  2017 352 18 12 12 484 352.758477836      -1.48      1.77     -3.07  0.       -5455.578       5974.227       2180.636    0.000  -0.139   0.381   0.
  2017 352 18 12 13 485 352.758489410      -1.42      1.85     -3.18  0.       -5456.019       5973.395       2178.959    0.000  -0.139   0.381   0.
  2017 352 18 12 14 485 352.758500984      -1.34      1.78     -2.70  0.       -5456.459       5972.563       2177.281    0.000  -0.139   0.381   0.
  2017 352 18 12 15 485 352.758512558      -1.08      1.77     -2.58  0.       -5456.899       5971.730       2175.603    0.000  -0.139   0.381   0.
  2017 352 18 12 16 485 352.758524132      -0.97      1.85     -2.59  0.       -5457.339       5970.896       2173.925    0.000  -0.139   0.381   0.
  2017 352 18 12 17 484 352.758535706      -1.26      1.90     -2.62  0.       -5457.779       5970.062       2172.247    0.000  -0.139   0.381   0.
  2017 352 18 12 18 484 352.758547280      -1.46      1.71     -2.47  0.       -5458.218       5969.228       2170.569    0.000  -0.139   0.381   0.
  2017 352 18 12 19 484 352.758558854      -1.68      1.61     -2.38  0.       -5458.657       5968.394       2168.890    0.000  -0.139   0.381   0.
  2017 352 18 12 20 484 352.758570428      -1.82      1.46     -2.33  0.       -5459.095       5967.558       2167.212    0.000  -0.139   0.381   0.
  2017 352 18 12 21 484 352.758582002      -1.84      1.30     -2.21  0.       -5459.533       5966.723       2165.533    0.000  -0.139   0.381   0.
  2017 352 18 12 22 485 352.758593576      -1.95      1.27     -2.14  0.       -5459.970       5965.887       2163.854    0.000  -0.139   0.381   0.
  2017 352 18 12 23 485 352.758605150      -2.11      1.28     -2.16  0.       -5460.407       5965.050       2162.175    0.000  -0.139   0.381   0.
  2017 352 18 12 24 484 352.758616725      -2.22      1.31     -2.22  0.       -5460.844       5964.214       2160.495    0.000  -0.139   0.381   0.
  2017 352 18 12 25 484 352.758628299      -2.08      1.66     -2.16  0.       -5461.280       5963.376       2158.816    0.000  -0.139   0.381   0.
  2017 352 18 12 26 485 352.758639873      -1.95      1.85     -2.48  0.       -5461.716       5962.539       2157.137    0.000  -0.139   0.381   0.
  2017 352 18 12 27 485 352.758651447      -2.09      1.94     -2.74  0.       -5462.151       5961.700       2155.457    0.000  -0.139   0.381   0.
  2017 352 18 12 28 485 352.758663021      -2.16      1.82     -2.90  0.       -5462.587       5960.862       2153.777    0.000  -0.139   0.381   0.
  2017 352 18 12 29 485 352.758674595      -2.20      1.75     -2.99  0.       -5463.021       5960.023       2152.097    0.000  -0.139   0.381   0.
  2017 352 18 12 30 485 352.758686169      -2.17      1.72     -3.12  0.       -5463.455       5959.183       2150.416    0.000  -0.139   0.381   0.
  2017 352 18 12 31 484 352.758697743      -2.24      1.81     -3.15  0.       -5463.889       5958.344       2148.736    0.000  -0.139   0.381   0.
  2017 352 18 12 32 484 352.758709317      -2.50      2.13     -3.38  0.       -5464.323       5957.503       2147.056    0.000  -0.139   0.381   0.
  2017 352 18 12 33 484 352.758720891      -2.49      2.23     -3.40  0.       -5464.756       5956.662       2145.375    0.000  -0.139   0.381   0.
  2017 352 18 12 34 484 352.758732465      -2.25      2.06     -3.51  0.       -5465.189       5955.821       2143.694    0.000  -0.139   0.381   0.
  2017 352 18 12 35 484 352.758744039      -2.32      2.17     -3.45  0.       -5465.621       5954.979       2142.013    0.000  -0.139   0.381   0.
  2017 352 18 12 36 485 352.758755613      -2.25      2.04     -3.51  0.       -5466.053       5954.137       2140.332    0.000  -0.139   0.381   0.
  2017 352 18 12 37 484 352.758767187      -2.33      1.96     -3.31  0.       -5466.484       5953.295       2138.651    0.000  -0.139   0.381   0.
  2017 352 18 12 38 484 352.758778759      -2.18      2.25     -3.21  0.       -5466.915       5952.452       2136.969    0.000  -0.139   0.381   0.
  2017 352 18 12 39 484 352.758790333      -2.00      2.36     -3.14  0.       -5467.346       5951.609       2135.288    0.000  -0.139   0.381   0.
  2017 352 18 12 40 484 352.758801907      -2.14      2.28     -3.05  0.       -5467.776       5950.765       2133.606    0.000  -0.139   0.381   0.
  2017 352 18 12 41 484 352.758813481      -2.24      2.33     -3.01  0.       -5468.206       5949.920       2131.924    0.000  -0.139   0.381   0.
  2017 352 18 12 42 484 352.758825055      -2.32      2.51     -2.73  0.       -5468.636       5949.076       2130.242    0.000  -0.139   0.381   0.
  2017 352 18 12 43 484 352.758836629      -2.43      2.48     -2.96  0.       -5469.064       5948.231       2128.560    0.000  -0.139   0.381   0.
  2017 352 18 12 44 484 352.758848203      -2.43      2.41     -2.86  0.       -5469.493       5947.385       2126.877    0.000  -0.139   0.381   0.
  2017 352 18 12 45 484 352.758859777      -2.43      2.19     -2.88  0.       -5469.921       5946.539       2125.195    0.000  -0.139   0.381   0.
  2017 352 18 12 46 484 352.758871351      -2.91      2.37     -2.98  0.       -5470.349       5945.693       2123.512    0.000  -0.139   0.381   0.
  2017 352 18 12 47 484 352.758882925      -3.22      1.96     -3.11  0.       -5470.777       5944.846       2121.829    0.000  -0.139   0.381   0.
  2017 352 18 12 48 484 352.758894499      -3.44      1.85     -3.11  0.       -5471.204       5943.998       2120.146    0.000  -0.139   0.381   0.
  2017 352 18 12 49 484 352.758906073      -3.63      1.83     -3.19  0.       -5471.630       5943.151       2118.463    0.000  -0.139   0.381   0.
  2017 352 18 12 50 484 352.758917648      -3.59      2.06     -3.22  0.       -5472.057       5942.302       2116.779    0.000  -0.139   0.381   0.
  2017 352 18 12 51 484 352.758929222      -3.77      2.25     -3.31  0.       -5472.483       5941.454       2115.096    0.000  -0.139   0.381   0.
  2017 352 18 12 52 484 352.758940796      -3.86      2.33     -3.40  0.       -5472.908       5940.605       2113.412    0.000  -0.139   0.381   0.
  2017 352 18 12 53 484 352.758952370      -3.94      2.45     -3.43  0.       -5473.333       5939.755       2111.729    0.000  -0.139   0.381   0.
  2017 352 18 12 54 484 352.758963944      -3.98      2.40     -3.40  0.       -5473.758       5938.905       2110.045    0.000  -0.139   0.381   0.
  2017 352 18 12 55 484 352.758975518      -4.02      2.52     -3.32  0.       -5474.182       5938.055       2108.360    0.000  -0.139   0.381   0.
  2017 352 18 12 56 484 352.758987092      -4.06      2.56     -3.18  0.       -5474.606       5937.204       2106.676    0.000  -0.139   0.381   0.
  2017 352 18 12 57 484 352.758998666      -4.22      2.50     -3.22  0.       -5475.029       5936.353       2104.992    0.000  -0.139   0.381   0.
  2017 352 18 12 58 484 352.759010240      -4.26      2.48     -3.20  0.       -5475.452       5935.501       2103.307    0.000  -0.139   0.381   0.
  2017 352 18 12 59 484 352.759021814      -4.42      2.52     -3.12  0.       -5475.875       5934.649       2101.622    0.000  -0.139   0.381   0.
  2017 352 18 13  0 484 352.759033388      -4.40      2.51     -3.01  0.       -5476.297       5933.796       2099.938    0.000  -0.139   0.381   0.
  2017 352 18 13  1 484 352.759044962      -4.36      2.44     -2.94  0.       -5476.719       5932.943       2098.253    0.000  -0.139   0.381   0.
  2017 352 18 13  2 484 352.759056536      -4.42      2.52     -2.99  0.       -5477.140       5932.090       2096.567    0.000  -0.139   0.381   0.
  2017 352 18 13  3 484 352.759068111      -4.40      2.48     -3.03  0.       -5477.561       5931.236       2094.882    0.000  -0.139   0.381   0.
  2017 352 18 13  4 484 352.759079685      -4.38      2.56     -2.94  0.       -5477.982       5930.382       2093.196    0.000  -0.139   0.381   0.
  2017 352 18 13  5 484 352.759091259      -4.12      2.58     -2.80  0.       -5478.402       5929.527       2091.511    0.000  -0.139   0.381   0.
  2017 352 18 13  6 484 352.759102833      -3.77      2.65     -2.89  0.       -5478.822       5928.672       2089.825    0.000  -0.139   0.381   0.
  2017 352 18 13  7 484 352.759114406      -3.89      2.75     -2.90  0.       -5479.241       5927.816       2088.139    0.000  -0.139   0.381   0.
  2017 352 18 13  8 484 352.759125978      -3.88      2.81     -2.85  0.       -5479.660       5926.960       2086.453    0.000  -0.139   0.381   0.
  2017 352 18 13  9 484 352.759137552      -3.88      2.57     -3.11  0.       -5480.079       5926.103       2084.767    0.000  -0.139   0.381   0.
  2017 352 18 13 10 484 352.759149126      -4.14      2.38     -3.13  0.       -5480.497       5925.247       2083.080    0.000  -0.139   0.381   0.
  2017 352 18 13 11 484 352.759160700      -4.13      2.12     -3.04  0.       -5480.915       5924.389       2081.394    0.000  -0.139   0.381   0.
  2017 352 18 13 12 484 352.759172274      -4.00      1.99     -3.04  0.       -5481.332       5923.531       2079.707    0.000  -0.139   0.381   0.
  2017 352 18 13 13 484 352.759183848      -3.92      2.11     -3.01  0.       -5481.749       5922.673       2078.020    0.000  -0.139   0.381   0.
  2017 352 18 13 14 484 352.759195422      -3.78      2.35     -3.08  0.       -5482.166       5921.814       2076.333    0.000  -0.139   0.381   0.
  2017 352 18 13 15 484 352.759206996      -3.84      2.34     -3.00  0.       -5482.582       5920.955       2074.646    0.000  -0.139   0.381   0.
  2017 352 18 13 16 484 352.759218571      -3.86      2.43     -2.83  0.       -5482.998       5920.096       2072.958    0.000  -0.139   0.381   0.
  2017 352 18 13 17 484 352.759230145      -3.91      2.69     -2.73  0.       -5483.413       5919.236       2071.271    0.000  -0.139   0.381   0.
  2017 352 18 13 18 484 352.759241719      -3.89      2.83     -3.02  0.       -5483.828       5918.375       2069.583    0.000  -0.139   0.381   0.
  2017 352 18 13 19 484 352.759253293      -3.91      2.87     -3.24  0.       -5484.242       5917.514       2067.895    0.000  -0.139   0.381   0.
  2017 352 18 13 20 484 352.759264867      -3.88      2.96     -3.28  0.       -5484.656       5916.653       2066.207    0.000  -0.139   0.381   0.
  2017 352 18 13 21 484 352.759276441      -3.89      2.98     -3.43  0.       -5485.070       5915.791       2064.519    0.000  -0.139   0.381   0.
  2017 352 18 13 22 484 352.759288015      -3.82      2.94     -3.60  0.       -5485.484       5914.929       2062.831    0.000  -0.139   0.381   0.
  2017 352 18 13 23 484 352.759299589      -3.95      2.89     -3.76  0.       -5485.896       5914.066       2061.142    0.000  -0.139   0.381   0.
  2017 352 18 13 24 484 352.759311163      -4.03      2.85     -3.44  0.       -5486.309       5913.203       2059.454    0.000  -0.139   0.381   0.
  2017 352 18 13 25 484 352.759322737      -3.99      2.83     -3.29  0.       -5486.721       5912.340       2057.765    0.000  -0.139   0.381   0.
  2017 352 18 13 26 484 352.759334311      -4.22      2.65     -3.27  0.       -5487.133       5911.476       2056.076    0.000  -0.139   0.381   0.
  2017 352 18 13 27 484 352.759345885      -4.47      2.45     -3.21  0.       -5487.544       5910.611       2054.387    0.000  -0.139   0.381   0.
  2017 352 18 13 28 484 352.759357459      -4.56      2.34     -2.94  0.       -5487.955       5909.746       2052.698    0.000  -0.139   0.381   0.
  2017 352 18 13 29 484 352.759369034      -4.58      2.43     -2.79  0.       -5488.365       5908.881       2051.009    0.000  -0.139   0.381   0.
  2017 352 18 13 30 484 352.759380608      -4.62      2.43     -2.65  0.       -5488.775       5908.015       2049.319    0.000  -0.139   0.381   0.
  2017 352 18 13 31 484 352.759392182      -4.51      2.37     -2.62  0.       -5489.185       5907.149       2047.629    0.000  -0.139   0.381   0.
  2017 352 18 13 32 484 352.759403756      -4.44      2.37     -2.53  0.       -5489.594       5906.283       2045.940    0.000  -0.139   0.381   0.
  2017 352 18 13 33 484 352.759415330      -4.38      2.44     -2.48  0.       -5490.003       5905.415       2044.250    0.000  -0.139   0.381   0.
  2017 352 18 13 34 484 352.759426904      -4.44      2.46     -2.39  0.       -5490.411       5904.548       2042.560    0.000  -0.139   0.381   0.
  2017 352 18 13 35 484 352.759438477      -4.50      2.47     -2.34  0.       -5490.819       5903.680       2040.869    0.000  -0.139   0.381   0.
  2017 352 18 13 36 484 352.759450049      -4.49      2.45     -2.10  0.       -5491.227       5902.812       2039.179    0.000  -0.139   0.381   0.
  2017 352 18 13 37 484 352.759461623      -4.41      2.51     -1.95  0.       -5491.634       5901.943       2037.488    0.000  -0.139   0.381   0.
  2017 352 18 13 38 484 352.759473197      -4.38      2.49     -1.70  0.       -5492.041       5901.074       2035.798    0.000  -0.139   0.381   0.
  2017 352 18 13 39 484 352.759484771      -4.24      2.57     -1.71  0.       -5492.447       5900.204       2034.107    0.000  -0.139   0.381   0.
  2017 352 18 13 40 484 352.759496345      -4.22      2.61     -1.89  0.       -5492.853       5899.334       2032.416    0.000  -0.139   0.381   0.
  2017 352 18 13 41 484 352.759507920      -4.19      2.69     -1.93  0.       -5493.259       5898.463       2030.725    0.000  -0.139   0.381   0.
  2017 352 18 13 42 484 352.759519494      -4.22      2.69     -1.92  0.       -5493.664       5897.592       2029.033    0.000  -0.139   0.381   0.
  2017 352 18 13 43 484 352.759531068      -4.19      2.81     -1.95  0.       -5494.069       5896.721       2027.342    0.000  -0.139   0.381   0.
  2017 352 18 13 44 484 352.759542642      -4.25      2.87     -1.88  0.       -5494.473       5895.849       2025.650    0.000  -0.139   0.381   0.
  2017 352 18 13 45 484 352.759554216      -4.36      2.91     -1.67  0.       -5494.877       5894.977       2023.958    0.000  -0.139   0.381   0.
  2017 352 18 13 46 484 352.759565790      -4.29      2.98     -1.67  0.       -5495.280       5894.104       2022.267    0.000  -0.139   0.381   0.
  2017 352 18 13 47 484 352.759577364      -4.18      3.09     -1.51  0.       -5495.683       5893.231       2020.574    0.000  -0.139   0.381   0.
  2017 352 18 13 48 484 352.759588938      -4.12      2.99     -1.54  0.       -5496.086       5892.357       2018.882    0.000  -0.139   0.381   0.
  2017 352 18 13 49 484 352.759600512      -4.08      3.06     -1.50  0.       -5496.488       5891.483       2017.190    0.000  -0.139   0.381   0.
  2017 352 18 13 50 484 352.759612086      -4.06      3.03     -1.45  0.       -5496.890       5890.608       2015.497    0.000  -0.139   0.381   0.
  2017 352 18 13 51 484 352.759623660      -4.10      3.04     -1.45  0.       -5497.292       5889.733       2013.805    0.000  -0.139   0.381   0.
  2017 352 18 13 52 484 352.759635234      -4.01      3.01     -1.62  0.       -5497.693       5888.858       2012.112    0.000  -0.139   0.381   0.
  2017 352 18 13 53 484 352.759646808      -3.91      2.97     -1.83  0.       -5498.093       5887.982       2010.419    0.000  -0.139   0.381   0.
  2017 352 18 13 54 484 352.759658383      -3.99      2.98     -2.14  0.       -5498.494       5887.106       2008.726    0.000  -0.139   0.381   0.
  2017 352 18 13 55 484 352.759669957      -4.08      2.99     -2.30  0.       -5498.893       5886.229       2007.032    0.000  -0.139   0.381   0.
  2017 352 18 13 56 484 352.759681531      -4.23      2.92     -2.24  0.       -5499.293       5885.352       2005.339    0.000  -0.139   0.381   0.
  2017 352 18 13 57 484 352.759693105      -4.19      2.81     -2.10  0.       -5499.692       5884.474       2003.645    0.000  -0.139   0.381   0.
  2017 352 18 13 58 484 352.759704679      -4.21      2.63     -1.97  0.       -5500.090       5883.596       2001.952    0.000  -0.139   0.381   0.
  2017 352 18 13 59 484 352.759716253      -4.28      2.44     -1.86  0.       -5500.488       5882.718       2000.258    0.000  -0.139   0.381   0.
  2017 352 18 14  0 484 352.759727827      -4.12      2.30     -1.80  0.       -5500.886       5881.839       1998.564    0.000  -0.139   0.381   0.
  2017 352 18 14  1 484 352.759739401      -3.91      2.10     -1.83  0.       -5501.284       5880.960       1996.869    0.000  -0.139   0.381   0.
  2017 352 18 14  2 484 352.759750975      -3.78      1.89     -1.82  0.       -5501.680       5880.080       1995.175    0.000  -0.139   0.381   0.
  2017 352 18 14  3 484 352.759762549      -3.84      1.72     -1.76  0.       -5502.077       5879.199       1993.481    0.000  -0.139   0.381   0.
  2017 352 18 14  4 484 352.759774123      -3.71      1.78     -1.73  0.       -5502.473       5878.319       1991.786    0.000  -0.139   0.381   0.
  2017 352 18 14  5 484 352.759785697      -3.72      1.91     -1.79  0.       -5502.869       5877.438       1990.091    0.000  -0.139   0.381   0.
  2017 352 18 14  6 483 352.759797268      -3.85      2.17     -1.79  0.       -5503.264       5876.556       1988.396    0.000  -0.139   0.381   0.
  2017 352 18 14  7 483 352.759808843      -4.07      2.38     -1.80  0.       -5503.659       5875.674       1986.701    0.000  -0.139   0.381   0.
  2017 352 18 14  8 484 352.759820417      -4.19      2.60     -1.77  0.       -5504.053       5874.792       1985.006    0.000  -0.139   0.381   0.
  2017 352 18 14  9 484 352.759831991      -4.21      2.77     -1.87  0.       -5504.447       5873.909       1983.311    0.000  -0.139   0.381   0.
  2017 352 18 14 10 484 352.759843565      -4.23      2.83     -1.99  0.       -5504.841       5873.025       1981.615    0.000  -0.139   0.381   0.
  2017 352 18 14 11 484 352.759855139      -4.32      2.98     -1.97  0.       -5505.234       5872.142       1979.919    0.000  -0.139   0.381   0.
  2017 352 18 14 12 484 352.759866713      -4.34      3.09     -2.17  0.       -5505.627       5871.257       1978.224    0.000  -0.139   0.381   0.
  2017 352 18 14 13 483 352.759878287      -4.50      3.02     -2.07  0.       -5506.019       5870.373       1976.527    0.000  -0.139   0.381   0.
  2017 352 18 14 14 483 352.759889861      -4.42      2.68     -2.19  0.       -5506.411       5869.488       1974.832    0.000  -0.139   0.381   0.
  2017 352 18 14 15 483 352.759901435      -4.18      2.45     -2.35  0.       -5506.803       5868.602       1973.135    0.000  -0.139   0.381   0.
  2017 352 18 14 16 483 352.759913009      -4.05      2.31     -2.40  0.       -5507.194       5867.716       1971.439    0.000  -0.139   0.381   0.
  2017 352 18 14 17 483 352.759924583      -4.01      2.31     -2.38  0.       -5507.585       5866.830       1969.742    0.000  -0.139   0.381   0.
  2017 352 18 14 18 484 352.759936157      -3.99      2.35     -2.27  0.       -5507.975       5865.943       1968.046    0.000  -0.139   0.381   0.
  2017 352 18 14 19 484 352.759947731      -4.00      2.41     -2.04  0.       -5508.365       5865.055       1966.349    0.000  -0.139   0.381   0.
  2017 352 18 14 20 483 352.759959306      -4.09      2.52     -1.80  0.       -5508.754       5864.168       1964.652    0.000  -0.139   0.381   0.
  2017 352 18 14 21 483 352.759970880      -4.22      2.69     -1.80  0.       -5509.143       5863.279       1962.954    0.000  -0.139   0.381   0.
  2017 352 18 14 22 484 352.759982454      -4.31      2.73     -1.89  0.       -5509.532       5862.391       1961.257    0.000  -0.139   0.381   0.
  2017 352 18 14 23 484 352.759994028      -4.33      2.69     -2.01  0.       -5509.920       5861.502       1959.560    0.000  -0.139   0.381   0.
  2017 352 18 14 24 484 352.760005602      -4.52      2.77     -2.08  0.       -5510.308       5860.612       1957.862    0.000  -0.139   0.381   0.
  2017 352 18 14 25 484 352.760017176      -4.61      2.71     -2.15  0.       -5510.695       5859.722       1956.164    0.000  -0.139   0.381   0.
  2017 352 18 14 26 484 352.760028750      -4.68      2.65     -2.14  0.       -5511.082       5858.832       1954.466    0.000  -0.139   0.381   0.
  2017 352 18 14 27 483 352.760040324      -4.77      2.59     -2.13  0.       -5511.469       5857.941       1952.768    0.000  -0.139   0.381   0.
  2017 352 18 14 28 483 352.760051898      -4.78      2.45     -2.11  0.       -5511.855       5857.050       1951.070    0.000  -0.139   0.381   0.
  2017 352 18 14 29 483 352.760063472      -4.75      2.43     -2.11  0.       -5512.241       5856.158       1949.372    0.000  -0.139   0.381   0.
  2017 352 18 14 30 483 352.760075046      -4.78      2.31     -2.08  0.       -5512.626       5855.266       1947.673    0.000  -0.139   0.381   0.
  2017 352 18 14 31 484 352.760086620      -4.71      2.16     -2.03  0.       -5513.011       5854.373       1945.975    0.000  -0.139   0.381   0.
  2017 352 18 14 32 484 352.760098194      -4.66      1.99     -2.05  0.       -5513.395       5853.480       1944.276    0.000  -0.139   0.381   0.
  2017 352 18 14 33 483 352.760109769      -4.49      1.95     -1.98  0.       -5513.780       5852.587       1942.577    0.000  -0.139   0.381   0.
  2017 352 18 14 34 483 352.760121343      -4.42      2.01     -1.78  0.       -5514.163       5851.693       1940.878    0.000  -0.139   0.381   0.
  2017 352 18 14 35 499 352.760133097      -4.34      2.16     -1.65  0.       -5514.552       5850.784       1939.152    0.000  -0.139   0.381   0.
  2017 352 18 14 36 514 352.760144850      -4.36      2.27     -1.57  0.       -5514.941       5849.875       1937.426    0.000  -0.139   0.381   0.
  2017 352 18 14 37 514 352.760156424      -4.37      2.37     -1.47  0.       -5515.323       5848.980       1935.727    0.000  -0.139   0.381   0.
  2017 352 18 14 38 515 352.760167998      -4.46      2.33     -1.32  0.       -5515.705       5848.084       1934.027    0.000  -0.139   0.381   0.
  2017 352 18 14 39 515 352.760179572      -4.46      2.36     -1.29  0.       -5516.087       5847.188       1932.327    0.000  -0.139   0.381   0.
  2017 352 18 14 40 515 352.760191146      -4.51      2.43     -1.35  0.       -5516.468       5846.291       1930.627    0.000  -0.139   0.381   0.
  2017 352 18 14 41 515 352.760202720      -4.51      2.49     -1.48  0.       -5516.849       5845.394       1928.927    0.000  -0.139   0.381   0.
  2017 352 18 14 42 515 352.760214294      -4.41      2.54     -1.56  0.       -5517.229       5844.497       1927.227    0.000  -0.139   0.381   0.
  2017 352 18 14 43 514 352.760225868      -4.46      2.43     -1.66  0.       -5517.609       5843.599       1925.526    0.000  -0.139   0.381   0.
  2017 352 18 14 44 514 352.760237442      -4.47      2.39     -1.65  0.       -5517.988       5842.700       1923.826    0.000  -0.139   0.381   0.
  2017 352 18 14 45 514 352.760249016      -4.35      2.41     -1.70  0.       -5518.367       5841.802       1922.125    0.000  -0.139   0.381   0.
  2017 352 18 14 46 514 352.760260590      -4.38      2.29     -1.78  0.       -5518.746       5840.902       1920.424    0.000  -0.139   0.381   0.
  2017 352 18 14 47 514 352.760272164      -4.45      2.17     -1.85  0.       -5519.124       5840.003       1918.723    0.000  -0.139   0.381   0.
  2017 352 18 14 48 515 352.760283738      -4.50      2.04     -1.85  0.       -5519.502       5839.102       1917.022    0.000  -0.139   0.381   0.
  2017 352 18 14 49 515 352.760295313      -4.30      2.07     -1.96  0.       -5519.879       5838.202       1915.321    0.000  -0.139   0.381   0.
  2017 352 18 14 50 514 352.760306887      -4.29      2.12     -2.02  0.       -5520.256       5837.301       1913.620    0.000  -0.139   0.381   0.
  2017 352 18 14 51 514 352.760318461      -4.13      2.32     -1.86  0.       -5520.633       5836.399       1911.918    0.000  -0.139   0.381   0.
  2017 352 18 14 52 515 352.760330035      -4.09      2.36     -1.78  0.       -5521.009       5835.497       1910.216    0.000  -0.139   0.381   0.
  2017 352 18 14 53 515 352.760341609      -4.03      2.40     -1.67  0.       -5521.385       5834.595       1908.514    0.000  -0.139   0.381   0.
  2017 352 18 14 54 515 352.760353183      -4.01      2.46     -1.68  0.       -5521.760       5833.692       1906.812    0.000  -0.139   0.381   0.
  2017 352 18 14 55 515 352.760364757      -3.99      2.48     -1.63  0.       -5522.135       5832.789       1905.110    0.000  -0.139   0.381   0.
  2017 352 18 14 56 514 352.760376331      -4.01      2.33     -1.44  0.       -5522.509       5831.885       1903.408    0.000  -0.139   0.381   0.
  2017 352 18 14 57 514 352.760387905      -4.05      2.29     -1.29  0.       -5522.883       5830.981       1901.706    0.000  -0.139   0.381   0.
  2017 352 18 14 58 514 352.760399479      -4.04      2.38     -1.12  0.       -5523.257       5830.076       1900.003    0.000  -0.139   0.381   0.
  2017 352 18 14 59 514 352.760411053      -3.93      2.51     -0.98  0.       -5523.630       5829.171       1898.300    0.000  -0.139   0.381   0.
  2017 352 18 15  0 514 352.760422627      -4.00      2.45     -1.02  0.       -5524.003       5828.266       1896.597    0.000  -0.139   0.381   0.
  2017 352 18 15  1 515 352.760434201      -3.98      2.49     -1.35  0.       -5524.375       5827.360       1894.894    0.000  -0.139   0.381   0.
  2017 352 18 15  2 515 352.760445775      -3.77      2.41     -1.47  0.       -5524.747       5826.453       1893.191    0.000  -0.139   0.381   0.
  2017 352 18 15  3 514 352.760457349      -3.81      2.21     -1.43  0.       -5525.118       5825.547       1891.488    0.000  -0.139   0.381   0.
  2017 352 18 15  4 514 352.760468921      -3.81      2.13     -1.40  0.       -5525.489       5824.639       1889.784    0.000  -0.139   0.381   0.
  2017 352 18 15  5 514 352.760480495      -3.55      2.13     -1.39  0.       -5525.860       5823.732       1888.081    0.000  -0.139   0.381   0.
  2017 352 18 15  6 514 352.760492069      -3.45      2.07     -1.45  0.       -5526.230       5822.823       1886.377    0.000  -0.139   0.381   0.
  2017 352 18 15  7 514 352.760503643      -3.49      2.16     -1.54  0.       -5526.600       5821.915       1884.673    0.000  -0.139   0.381   0.
  2017 352 18 15  8 514 352.760515217      -3.43      2.19     -1.71  0.       -5526.969       5821.006       1882.969    0.000  -0.139   0.381   0.
  2017 352 18 15  9 514 352.760526791      -3.58      2.37     -1.90  0.       -5527.338       5820.096       1881.265    0.000  -0.139   0.381   0.
  2017 352 18 15 10 514 352.760538365      -4.06      2.65     -1.69  0.       -5527.707       5819.186       1879.561    0.000  -0.139   0.381   0.
  2017 352 18 15 11 514 352.760549939      -4.26      2.66     -1.48  0.       -5528.075       5818.276       1877.856    0.000  -0.139   0.381   0.
  2017 352 18 15 12 514 352.760561513      -4.33      2.55     -1.48  0.       -5528.442       5817.365       1876.152    0.000  -0.139   0.381   0.
  2017 352 18 15 13 514 352.760573087      -4.32      2.45     -1.62  0.       -5528.810       5816.454       1874.447    0.000  -0.139   0.381   0.
  2017 352 18 15 14 514 352.760584661      -4.41      2.51     -1.64  0.       -5529.177       5815.542       1872.742    0.000  -0.139   0.381   0.
  2017 352 18 15 15 514 352.760596236      -4.41      2.53     -1.65  0.       -5529.543       5814.630       1871.037    0.000  -0.139   0.381   0.
  2017 352 18 15 16 514 352.760607810      -4.30      2.73     -1.63  0.       -5529.909       5813.717       1869.332    0.000  -0.139   0.381   0.
  2017 352 18 15 17 514 352.760619384      -4.25      2.95     -1.80  0.       -5530.274       5812.804       1867.627    0.000  -0.139   0.381   0.
  2017 352 18 15 18 514 352.760630958      -4.21      3.15     -2.07  0.       -5530.640       5811.891       1865.921    0.000  -0.139   0.381   0.
  2017 352 18 15 19 514 352.760642532      -4.22      3.36     -2.10  0.       -5531.004       5810.977       1864.215    0.000  -0.139   0.381   0.
  2017 352 18 15 20 514 352.760654106      -4.22      3.42     -1.87  0.       -5531.369       5810.062       1862.510    0.000  -0.139   0.381   0.
  2017 352 18 15 21 514 352.760665680      -4.24      2.91     -1.70  0.       -5531.732       5809.147       1860.804    0.000  -0.139   0.381   0.
  2017 352 18 15 22 514 352.760677254      -4.32      2.69     -1.45  0.       -5532.096       5808.232       1859.098    0.000  -0.139   0.381   0.
  2017 352 18 15 23 514 352.760688828      -4.26      2.62     -1.40  0.       -5532.459       5807.316       1857.392    0.000  -0.139   0.381   0.
  2017 352 18 15 24 514 352.760700402      -4.26      2.54     -1.40  0.       -5532.821       5806.400       1855.685    0.000  -0.139   0.381   0.
  2017 352 18 15 25 514 352.760711976      -4.27      2.57     -1.47  0.       -5533.184       5805.483       1853.979    0.000  -0.139   0.381   0.
  2017 352 18 15 26 514 352.760723550      -4.24      2.56     -1.52  0.       -5533.545       5804.566       1852.272    0.000  -0.139   0.381   0.
  2017 352 18 15 27 514 352.760735124      -4.30      2.63     -1.52  0.       -5533.907       5803.649       1850.565    0.000  -0.139   0.381   0.
  2017 352 18 15 28 514 352.760746698      -4.37      2.71     -1.65  0.       -5534.268       5802.731       1848.859    0.000  -0.139   0.381   0.
  2017 352 18 15 29 514 352.760758273      -4.41      2.63     -1.83  0.       -5534.628       5801.812       1847.152    0.000  -0.139   0.381   0.
  2017 352 18 15 30 514 352.760769847      -4.39      2.48     -2.07  0.       -5534.988       5800.894       1845.444    0.000  -0.139   0.381   0.
  2017 352 18 15 31 514 352.760781421      -4.28      2.27     -2.15  0.       -5535.348       5799.974       1843.737    0.000  -0.139   0.381   0.
  2017 352 18 15 32 514 352.760792995      -4.21      2.18     -2.18  0.       -5535.707       5799.054       1842.030    0.000  -0.139   0.381   0.
  2017 352 18 15 33 514 352.760804569      -4.26      2.12     -2.19  0.       -5536.066       5798.134       1840.322    0.000  -0.139   0.381   0.
  2017 352 18 15 34 514 352.760816143      -4.34      2.19     -2.12  0.       -5536.424       5797.214       1838.614    0.000  -0.139   0.381   0.
  2017 352 18 15 35 514 352.760827716      -4.49      2.17     -1.98  0.       -5536.782       5796.293       1836.906    0.000  -0.139   0.381   0.
  2017 352 18 15 36 514 352.760839288      -4.47      2.22     -1.97  0.       -5537.139       5795.371       1835.198    0.000  -0.139   0.381   0.
  2017 352 18 15 37 514 352.760850862      -4.46      2.30     -1.81  0.       -5537.496       5794.449       1833.490    0.000  -0.139   0.381   0.
  2017 352 18 15 38 514 352.760862436      -4.46      2.36     -1.69  0.       -5537.853       5793.527       1831.782    0.000  -0.139   0.381   0.
  2017 352 18 15 39 514 352.760874010      -4.57      2.40     -1.64  0.       -5538.209       5792.604       1830.073    0.000  -0.139   0.381   0.
  2017 352 18 15 40 514 352.760885585      -4.62      2.51     -1.50  0.       -5538.565       5791.680       1828.365    0.000  -0.139   0.381   0.
  2017 352 18 15 41 514 352.760897159      -4.61      2.59     -1.42  0.       -5538.920       5790.757       1826.656    0.000  -0.139   0.381   0.
  2017 352 18 15 42 514 352.760908733      -4.61      2.60     -1.35  0.       -5539.275       5789.832       1824.947    0.000  -0.139   0.381   0.
  2017 352 18 15 43 514 352.760920307      -4.60      2.56     -1.33  0.       -5539.630       5788.908       1823.238    0.000  -0.139   0.381   0.
  2017 352 18 15 44 514 352.760931881      -4.47      2.58     -1.30  0.       -5539.984       5787.983       1821.529    0.000  -0.139   0.381   0.
  2017 352 18 15 45 514 352.760943455      -4.50      2.59     -1.35  0.       -5540.337       5787.057       1819.820    0.000  -0.139   0.381   0.
  2017 352 18 15 46 514 352.760955029      -4.49      2.68     -1.32  0.       -5540.691       5786.131       1818.110    0.000  -0.139   0.381   0.
  2017 352 18 15 47 514 352.760966603      -4.45      2.70     -1.42  0.       -5541.044       5785.205       1816.401    0.000  -0.139   0.381   0.
  2017 352 18 15 48 514 352.760978177      -4.40      2.71     -1.40  0.       -5541.395       5784.278       1814.691    0.000  -0.139   0.381   0.
  2017 352 18 15 49 514 352.760989751      -4.28      2.76     -1.38  0.       -5541.748       5783.351       1812.981    0.000  -0.139   0.381   0.
  2017 352 18 15 50 514 352.761001325      -4.22      2.82     -1.30  0.       -5542.099       5782.423       1811.271    0.000  -0.139   0.381   0.
  2017 352 18 15 51 514 352.761012899      -4.36      2.81     -1.35  0.       -5542.450       5781.495       1809.561    0.000  -0.139   0.381   0.
  2017 352 18 15 52 514 352.761024473      -4.46      2.79     -1.52  0.       -5542.801       5780.565       1807.851    0.000  -0.139   0.381   0.
  2017 352 18 15 53 514 352.761036048      -4.61      2.84     -1.72  0.       -5543.151       5779.636       1806.141    0.000  -0.139   0.381   0.
  2017 352 18 15 54 514 352.761047621      -4.69      2.84     -1.92  0.       -5543.501       5778.707       1804.430    0.000  -0.139   0.381   0.
  2017 352 18 15 55 514 352.761059196      -4.60      2.89     -1.86  0.       -5543.850       5777.777       1802.719    0.000  -0.139   0.381   0.
  2017 352 18 15 56 514 352.761070770      -4.59      2.91     -1.80  0.       -5544.199       5776.846       1801.008    0.000  -0.139   0.381   0.
  2017 352 18 15 57 514 352.761082344      -4.37      2.84     -2.17  0.       -5544.548       5775.915       1799.297    0.000  -0.139   0.381   0.
  2017 352 18 15 58 514 352.761093918      -4.34      2.78     -2.31  0.       -5544.896       5774.984       1797.586    0.000  -0.139   0.381   0.
  2017 352 18 15 59 514 352.761105492      -4.51      2.79     -2.24  0.       -5545.243       5774.052       1795.875    0.000  -0.139   0.381   0.
  2017 352 18 16  0 514 352.761117066      -4.74      2.82     -1.78  0.       -5545.590       5773.120       1794.164    0.000  -0.139   0.381   0.
  2017 352 18 16  1 514 352.761128640      -4.89      2.61     -1.58  0.       -5545.937       5772.187       1792.452    0.000  -0.139   0.381   0.
  2017 352 18 16  2 514 352.761140214      -4.90      2.34     -1.59  0.       -5546.284       5771.254       1790.740    0.000  -0.139   0.381   0.
  2017 352 18 16  3 514 352.761151788      -4.96      2.22     -1.44  0.       -5546.630       5770.320       1789.029    0.000  -0.139   0.381   0.
  2017 352 18 16  4 514 352.761163359      -4.96      2.08     -1.31  0.       -5546.975       5769.386       1787.317    0.000  -0.139   0.381   0.
  2017 352 18 16  5 514 352.761174933      -4.96      2.00     -1.23  0.       -5547.320       5768.452       1785.605    0.000  -0.139   0.381   0.
  2017 352 18 16  6 514 352.761186508      -4.92      2.02     -1.21  0.       -5547.665       5767.517       1783.893    0.000  -0.139   0.381   0.
  2017 352 18 16  7 514 352.761198082      -4.98      1.96     -1.22  0.       -5548.009       5766.581       1782.180    0.000  -0.139   0.381   0.
  2017 352 18 16  8 514 352.761209656      -5.02      1.92     -1.15  0.       -5548.353       5765.646       1780.468    0.000  -0.139   0.381   0.
  2017 352 18 16  9 514 352.761221230      -5.02      1.93     -1.06  0.       -5548.696       5764.709       1778.755    0.000  -0.139   0.381   0.
  2017 352 18 16 10 514 352.761232804      -4.99      2.01     -0.83  0.       -5549.039       5763.773       1777.042    0.000  -0.139   0.381   0.
  2017 352 18 16 11 514 352.761244378      -4.81      2.02     -0.55  0.       -5549.381       5762.835       1775.329    0.000  -0.139   0.381   0.
  2017 352 18 16 12 514 352.761255952      -5.05      1.90     -0.52  0.       -5549.723       5761.898       1773.616    0.000  -0.139   0.381   0.
  2017 352 18 16 13 514 352.761267526      -5.07      2.12     -0.62  0.       -5550.065       5760.960       1771.903    0.000  -0.139   0.381   0.
  2017 352 18 16 14 514 352.761279100      -4.98      2.14     -0.58  0.       -5550.406       5760.021       1770.190    0.000  -0.139   0.381   0.
  2017 352 18 16 15 514 352.761290674      -4.93      2.37     -0.70  0.       -5550.747       5759.082       1768.476    0.000  -0.139   0.381   0.
  2017 352 18 16 16 514 352.761302248      -4.91      2.47     -0.93  0.       -5551.087       5758.143       1766.763    0.000  -0.139   0.381   0.
  2017 352 18 16 17 514 352.761313822      -4.72      2.44     -1.22  0.       -5551.427       5757.203       1765.049    0.000  -0.139   0.381   0.
  2017 352 18 16 18 514 352.761325396      -4.56      2.39     -1.53  0.       -5551.766       5756.262       1763.335    0.000  -0.139   0.381   0.
  2017 352 18 16 19 514 352.761336971      -4.52      2.41     -1.71  0.       -5552.105       5755.322       1761.621    0.000  -0.139   0.381   0.
  2017 352 18 16 20 514 352.761348545      -4.54      2.47     -1.64  0.       -5552.444       5754.380       1759.907    0.000  -0.139   0.381   0.
  2017 352 18 16 21 514 352.761360119      -4.51      2.47     -1.59  0.       -5552.782       5753.439       1758.193    0.000  -0.139   0.381   0.
  2017 352 18 16 22 514 352.761371693      -4.52      2.45     -1.58  0.       -5553.120       5752.496       1756.478    0.000  -0.139   0.381   0.
  2017 352 18 16 23 514 352.761383267      -4.53      2.42     -1.45  0.       -5553.457       5751.554       1754.764    0.000  -0.139   0.381   0.
  2017 352 18 16 24 514 352.761394841      -4.54      2.29     -1.36  0.       -5553.794       5750.611       1753.049    0.000  -0.139   0.381   0.
  2017 352 18 16 25 514 352.761406415      -4.54      2.25     -1.33  0.       -5554.130       5749.667       1751.334    0.000  -0.139   0.381   0.
  2017 352 18 16 26 514 352.761417989      -4.55      2.23     -1.40  0.       -5554.466       5748.724       1749.619    0.000  -0.139   0.381   0.
  2017 352 18 16 27 514 352.761429563      -4.54      2.26     -1.54  0.       -5554.802       5747.779       1747.904    0.000  -0.139   0.381   0.
  2017 352 18 16 28 514 352.761441137      -4.61      2.34     -1.68  0.       -5555.137       5746.834       1746.189    0.000  -0.139   0.381   0.
  2017 352 18 16 29 514 352.761452711      -4.70      2.44     -1.75  0.       -5555.472       5745.889       1744.473    0.000  -0.139   0.381   0.
  2017 352 18 16 30 514 352.761464285      -4.79      2.56     -1.71  0.       -5555.806       5744.943       1742.758    0.000  -0.139   0.381   0.
  2017 352 18 16 31 514 352.761475859      -4.81      2.62     -1.81  0.       -5556.140       5743.997       1741.042    0.000  -0.139   0.381   0.
  2017 352 18 16 32 514 352.761487433      -4.89      2.68     -1.84  0.       -5556.473       5743.050       1739.326    0.000  -0.139   0.381   0.
  2017 352 18 16 33 513 352.761499007      -4.91      2.66     -1.84  0.       -5556.806       5742.103       1737.611    0.000  -0.139   0.381   0.
  2017 352 18 16 34 514 352.761510579      -4.87      2.63     -1.99  0.       -5557.138       5741.156       1735.894    0.000  -0.139   0.381   0.
  2017 352 18 16 35 514 352.761522153      -4.83      2.54     -2.17  0.       -5557.470       5740.208       1734.178    0.000  -0.139   0.381   0.
  2017 352 18 16 36 514 352.761533727      -4.85      2.58     -2.23  0.       -5557.802       5739.259       1732.462    0.000  -0.139   0.381   0.
  2017 352 18 16 37 514 352.761545301      -4.75      2.63     -2.13  0.       -5558.133       5738.310       1730.745    0.000  -0.139   0.381   0.
  2017 352 18 16 38 513 352.761556875      -4.68      2.63     -2.08  0.       -5558.464       5737.361       1729.029    0.000  -0.139   0.381   0.
  2017 352 18 16 39 513 352.761568449      -4.65      2.64     -2.06  0.       -5558.794       5736.411       1727.312    0.000  -0.139   0.381   0.
  2017 352 18 16 40 513 352.761580023      -4.52      2.55     -2.06  0.       -5559.124       5735.461       1725.595    0.000  -0.139   0.381   0.
  2017 352 18 16 41 513 352.761591597      -4.35      2.38     -2.49  0.       -5559.454       5734.510       1723.878    0.000  -0.139   0.381   0.
  2017 352 18 16 42 513 352.761603171      -4.57      2.40     -2.41  0.       -5559.783       5733.559       1722.161    0.000  -0.139   0.381   0.
  2017 352 18 16 43 514 352.761614745      -4.68      2.49     -2.28  0.       -5560.111       5732.608       1720.444    0.000  -0.139   0.381   0.
  2017 352 18 16 44 514 352.761626319      -4.81      2.49     -2.25  0.       -5560.439       5731.656       1718.726    0.000  -0.139   0.381   0.
  2017 352 18 16 45 513 352.761637893      -4.94      2.51     -2.12  0.       -5560.767       5730.703       1717.009    0.000  -0.139   0.381   0.
  2017 352 18 16 46 513 352.761649468      -5.07      2.42     -2.08  0.       -5561.094       5729.750       1715.291    0.000  -0.139   0.381   0.
  2017 352 18 16 47 514 352.761661042      -5.13      2.28     -2.09  0.       -5561.421       5728.797       1713.573    0.000  -0.139   0.381   0.
  2017 352 18 16 48 514 352.761672616      -5.19      2.20     -1.97  0.       -5561.748       5727.843       1711.855    0.000  -0.139   0.381   0.
  2017 352 18 16 49 514 352.761684190      -5.19      2.18     -1.82  0.       -5562.074       5726.889       1710.137    0.000  -0.139   0.381   0.
  2017 352 18 16 50 514 352.761695764      -5.24      1.97     -1.91  0.       -5562.399       5725.934       1708.419    0.000  -0.139   0.381   0.
  2017 352 18 16 51 514 352.761707338      -5.16      1.94     -1.97  0.       -5562.724       5724.979       1706.701    0.000  -0.139   0.381   0.
  2017 352 18 16 52 513 352.761718912      -5.09      1.89     -2.04  0.       -5563.049       5724.023       1704.982    0.000  -0.139   0.381   0.
  2017 352 18 16 53 513 352.761730486      -5.00      1.89     -2.06  0.       -5563.373       5723.067       1703.263    0.000  -0.139   0.381   0.
  2017 352 18 16 54 513 352.761742060      -4.93      1.90     -2.03  0.       -5563.697       5722.110       1701.545    0.000  -0.139   0.381   0.
  2017 352 18 16 55 513 352.761753634      -4.88      1.96     -2.03  0.       -5564.020       5721.153       1699.826    0.000  -0.139   0.381   0.
  2017 352 18 16 56 513 352.761765208      -4.84      2.01     -2.05  0.       -5564.343       5720.196       1698.107    0.000  -0.139   0.381   0.
  2017 352 18 16 57 514 352.761776782      -4.73      2.09     -2.08  0.       -5564.665       5719.238       1696.388    0.000  -0.139   0.381   0.
  2017 352 18 16 58 514 352.761788357      -4.72      2.15     -2.08  0.       -5564.987       5718.280       1694.668    0.000  -0.139   0.381   0.
  2017 352 18 16 59 513 352.761799931      -4.75      2.16     -2.00  0.       -5565.309       5717.321       1692.949    0.000  -0.139   0.381   0.
  2017 352 18 17  0 513 352.761811505      -4.77      2.13     -1.90  0.       -5565.630       5716.362       1691.229    0.000  -0.139   0.381   0.
  2017 352 18 17  1 514 352.761823079      -4.81      2.15     -1.77  0.       -5565.951       5715.402       1689.510    0.000  -0.139   0.381   0.
  2017 352 18 17  2 514 352.761834653      -4.88      2.16     -1.73  0.       -5566.271       5714.442       1687.790    0.000  -0.139   0.381   0.
  2017 352 18 17  3 514 352.761846226      -4.93      2.05     -1.84  0.       -5566.591       5713.481       1686.070    0.000  -0.139   0.381   0.
  2017 352 18 17  4 513 352.761857798      -4.94      1.90     -1.90  0.       -5566.910       5712.520       1684.350    0.000  -0.139   0.381   0.
  2017 352 18 17  5 513 352.761869372      -4.97      1.88     -1.93  0.       -5567.229       5711.559       1682.630    0.000  -0.139   0.381   0.
  2017 352 18 17  6 513 352.761880946      -4.88      1.97     -1.99  0.       -5567.548       5710.597       1680.909    0.000  -0.139   0.381   0.
  2017 352 18 17  7 513 352.761892520      -4.83      2.10     -2.04  0.       -5567.866       5709.634       1679.189    0.000  -0.139   0.381   0.
  2017 352 18 17  8 513 352.761904094      -4.78      2.26     -2.05  0.       -5568.183       5708.671       1677.468    0.000  -0.139   0.381   0.
  2017 352 18 17  9 513 352.761915668      -4.76      2.27     -2.08  0.       -5568.500       5707.708       1675.747    0.000  -0.139   0.381   0.
  2017 352 18 17 10 513 352.761927242      -4.79      2.25     -2.11  0.       -5568.817       5706.744       1674.026    0.000  -0.139   0.381   0.
  2017 352 18 17 11 513 352.761938817      -4.79      2.26     -2.17  0.       -5569.133       5705.780       1672.305    0.000  -0.139   0.381   0.
  2017 352 18 17 12 513 352.761950391      -4.74      2.26     -2.10  0.       -5569.449       5704.815       1670.584    0.000  -0.139   0.381   0.
  2017 352 18 17 13 513 352.761961965      -4.68      2.20     -2.12  0.       -5569.765       5703.850       1668.863    0.000  -0.139   0.381   0.
  2017 352 18 17 14 513 352.761973539      -4.64      2.12     -2.18  0.       -5570.079       5702.885       1667.141    0.000  -0.139   0.381   0.
  2017 352 18 17 15 513 352.761985113      -4.62      2.11     -2.12  0.       -5570.394       5701.919       1665.420    0.000  -0.139   0.381   0.
  2017 352 18 17 16 513 352.761996687      -4.52      2.10     -2.07  0.       -5570.708       5700.952       1663.698    0.000  -0.139   0.381   0.
  2017 352 18 17 17 513 352.762008261      -4.47      2.19     -2.04  0.       -5571.022       5699.985       1661.976    0.000  -0.139   0.381   0.
  2017 352 18 17 18 513 352.762019835      -4.48      2.28     -2.11  0.       -5571.335       5699.018       1660.254    0.000  -0.139   0.381   0.
  2017 352 18 17 19 513 352.762031409      -4.37      2.39     -2.22  0.       -5571.648       5698.050       1658.532    0.000  -0.139   0.381   0.
  2017 352 18 17 20 513 352.762042983      -4.39      2.47     -2.23  0.       -5571.960       5697.082       1656.810    0.000  -0.139   0.381   0.
  2017 352 18 17 21 513 352.762054557      -4.36      2.59     -2.23  0.       -5572.272       5696.113       1655.088    0.000  -0.139   0.381   0.
  2017 352 18 17 22 513 352.762066131      -4.30      2.77     -2.19  0.       -5572.583       5695.144       1653.365    0.000  -0.139   0.381   0.
  2017 352 18 17 23 513 352.762077705      -4.37      2.90     -2.17  0.       -5572.894       5694.174       1651.643    0.000  -0.139   0.381   0.
  2017 352 18 17 24 513 352.762089279      -4.34      2.90     -2.15  0.       -5573.205       5693.204       1649.920    0.000  -0.139   0.381   0.
  2017 352 18 17 25 513 352.762100854      -4.39      2.90     -2.11  0.       -5573.515       5692.233       1648.197    0.000  -0.139   0.381   0.
  2017 352 18 17 26 513 352.762112428      -4.43      3.00     -2.18  0.       -5573.824       5691.263       1646.474    0.000  -0.139   0.381   0.
  2017 352 18 17 27 513 352.762124002      -4.52      2.96     -2.24  0.       -5574.134       5690.291       1644.751    0.000  -0.139   0.381   0.
  2017 352 18 17 28 513 352.762135576      -4.70      2.77     -2.19  0.       -5574.443       5689.319       1643.028    0.000  -0.139   0.381   0.
  2017 352 18 17 29 513 352.762147150      -4.66      2.66     -2.10  0.       -5574.751       5688.347       1641.304    0.000  -0.139   0.381   0.
  2017 352 18 17 30 513 352.762158724      -4.56      2.66     -2.04  0.       -5575.059       5687.374       1639.581    0.000  -0.139   0.381   0.
  2017 352 18 17 31 513 352.762170297      -4.57      2.55     -2.01  0.       -5575.366       5686.401       1637.857    0.000  -0.139   0.381   0.
  2017 352 18 17 32 513 352.762181869      -4.42      2.58     -2.04  0.       -5575.673       5685.427       1636.133    0.000  -0.139   0.381   0.
  2017 352 18 17 33 513 352.762193443      -4.18      2.65     -2.11  0.       -5575.980       5684.453       1634.409    0.000  -0.139   0.381   0.
  2017 352 18 17 34 513 352.762205017      -4.11      2.71     -2.31  0.       -5576.286       5683.478       1632.685    0.000  -0.139   0.381   0.
  2017 352 18 17 35 513 352.762216591      -4.06      2.89     -2.35  0.       -5576.591       5682.503       1630.961    0.000  -0.139   0.381   0.
  2017 352 18 17 36 513 352.762228166      -4.18      2.89     -2.41  0.       -5576.897       5681.528       1629.237    0.000  -0.139   0.381   0.
  2017 352 18 17 37 513 352.762239740      -4.25      2.96     -2.40  0.       -5577.201       5680.552       1627.512    0.000  -0.139   0.381   0.
  2017 352 18 17 38 513 352.762251314      -4.31      3.03     -2.40  0.       -5577.506       5679.575       1625.788    0.000  -0.139   0.381   0.
  2017 352 18 17 39 513 352.762262888      -4.36      3.03     -2.38  0.       -5577.809       5678.598       1624.063    0.000  -0.139   0.381   0.
  2017 352 18 17 40 513 352.762274462      -4.41      3.06     -2.39  0.       -5578.113       5677.621       1622.338    0.000  -0.139   0.381   0.
  2017 352 18 17 41 513 352.762286036      -4.45      3.04     -2.40  0.       -5578.416       5676.643       1620.613    0.000  -0.139   0.381   0.
  2017 352 18 17 42 513 352.762297610      -4.50      3.13     -2.41  0.       -5578.718       5675.665       1618.888    0.000  -0.139   0.381   0.
  2017 352 18 17 43 513 352.762309184      -4.58      3.15     -2.44  0.       -5579.021       5674.686       1617.163    0.000  -0.139   0.381   0.
  2017 352 18 17 44 513 352.762320758      -4.68      3.04     -2.43  0.       -5579.322       5673.707       1615.438    0.000  -0.139   0.381   0.
  2017 352 18 17 45 513 352.762332332      -4.77      2.94     -2.33  0.       -5579.623       5672.727       1613.712    0.000  -0.139   0.381   0.
  2017 352 18 17 46 513 352.762343906      -4.71      2.86     -2.50  0.       -5579.924       5671.747       1611.987    0.000  -0.139   0.381   0.
  2017 352 18 17 47 513 352.762355480      -4.65      2.90     -2.55  0.       -5580.224       5670.767       1610.261    0.000  -0.139   0.381   0.
  2017 352 18 17 48 513 352.762367054      -4.55      2.92     -2.51  0.       -5580.524       5669.786       1608.535    0.000  -0.139   0.381   0.
  2017 352 18 17 49 513 352.762378629      -4.55      2.83     -2.46  0.       -5580.824       5668.804       1606.809    0.000  -0.139   0.381   0.
  2017 352 18 17 50 513 352.762390203      -4.63      2.73     -2.36  0.       -5581.123       5667.822       1605.083    0.000  -0.139   0.381   0.
  2017 352 18 17 51 513 352.762401777      -4.69      2.65     -2.22  0.       -5581.421       5666.840       1603.357    0.000  -0.139   0.381   0.
  2017 352 18 17 52 513 352.762413351      -4.64      2.53     -2.20  0.       -5581.719       5665.857       1601.630    0.000  -0.139   0.381   0.
  2017 352 18 17 53 513 352.762424925      -4.61      2.40     -2.20  0.       -5582.017       5664.874       1599.904    0.000  -0.139   0.381   0.
  2017 352 18 17 54 513 352.762436499      -4.65      2.34     -2.14  0.       -5582.314       5663.890       1598.177    0.000  -0.139   0.381   0.
  2017 352 18 17 55 513 352.762448073      -4.58      2.35     -2.06  0.       -5582.611       5662.906       1596.450    0.000  -0.139   0.381   0.
  2017 352 18 17 56 513 352.762459647      -4.48      2.26     -2.09  0.       -5582.907       5661.921       1594.723    0.000  -0.139   0.381   0.
  2017 352 18 17 57 513 352.762471221      -4.37      2.31     -2.08  0.       -5583.203       5660.936       1592.996    0.000  -0.139   0.381   0.
  2017 352 18 17 58 513 352.762482795      -4.25      2.42     -2.08  0.       -5583.498       5659.951       1591.269    0.000  -0.139   0.381   0.
  2017 352 18 17 59 513 352.762494369      -4.18      2.50     -2.12  0.       -5583.793       5658.965       1589.542    0.000  -0.139   0.381   0.
  2017 352 18 18  0 513 352.762505943      -4.18      2.63     -2.11  0.       -5584.088       5657.978       1587.815    0.000  -0.139   0.381   0.
  2017 352 18 18  1 513 352.762517517      -4.19      2.69     -2.14  0.       -5584.382       5656.992       1586.087    0.000  -0.139   0.381   0.
  2017 352 18 18  2 513 352.762529089      -4.20      2.69     -2.11  0.       -5584.675       5656.004       1584.359    0.000  -0.139   0.381   0.
  2017 352 18 18  3 513 352.762540663      -4.18      2.77     -2.22  0.       -5584.968       5655.016       1582.632    0.000  -0.139   0.381   0.
  2017 352 18 18  4 513 352.762552237      -4.32      2.91     -2.13  0.       -5585.261       5654.028       1580.904    0.000  -0.139   0.381   0.
  2017 352 18 18  5 513 352.762563811      -4.40      2.88     -2.01  0.       -5585.553       5653.039       1579.176    0.000  -0.139   0.381   0.
  2017 352 18 18  6 513 352.762575385      -4.50      2.88     -1.86  0.       -5585.845       5652.050       1577.448    0.000  -0.139   0.381   0.
  2017 352 18 18  7 513 352.762586959      -4.63      2.80     -1.56  0.       -5586.136       5651.061       1575.719    0.000  -0.139   0.381   0.
  2017 352 18 18  8 513 352.762598533      -4.70      2.74     -1.40  0.       -5586.427       5650.070       1573.991    0.000  -0.139   0.381   0.
  2017 352 18 18  9 513 352.762610107      -4.84      2.79     -1.42  0.       -5586.718       5649.080       1572.262    0.000  -0.139   0.381   0.
  2017 352 18 18 10 513 352.762621681      -4.91      2.86     -1.44  0.       -5587.008       5648.089       1570.534    0.000  -0.139   0.381   0.
  2017 352 18 18 11 513 352.762633255      -5.01      2.77     -1.46  0.       -5587.297       5647.097       1568.805    0.000  -0.139   0.381   0.
  2017 352 18 18 12 513 352.762644829      -4.97      2.73     -1.49  0.       -5587.586       5646.105       1567.076    0.000  -0.139   0.381   0.
  2017 352 18 18 13 513 352.762656403      -4.91      2.67     -1.72  0.       -5587.875       5645.113       1565.347    0.000  -0.139   0.381   0.
  2017 352 18 18 14 513 352.762667977      -4.81      2.66     -1.93  0.       -5588.164       5644.120       1563.618    0.000  -0.139   0.381   0.
  2017 352 18 18 15 513 352.762679552      -4.76      2.62     -2.22  0.       -5588.451       5643.127       1561.888    0.000  -0.139   0.381   0.
  2017 352 18 18 16 513 352.762691126      -4.82      2.58     -2.34  0.       -5588.738       5642.133       1560.159    0.000  -0.139   0.381   0.
  2017 352 18 18 17 513 352.762702700      -4.84      2.65     -2.42  0.       -5589.025       5641.139       1558.429    0.000  -0.139   0.381   0.
  2017 352 18 18 18 513 352.762714274      -4.86      2.69     -2.44  0.       -5589.311       5640.145       1556.700    0.000  -0.139   0.381   0.
  2017 352 18 18 19 513 352.762725848      -4.86      2.78     -2.52  0.       -5589.597       5639.149       1554.970    0.000  -0.139   0.381   0.
  2017 352 18 18 20 513 352.762737422      -4.79      2.91     -2.55  0.       -5589.883       5638.154       1553.240    0.000  -0.139   0.381   0.
  2017 352 18 18 21 513 352.762748996      -4.63      2.90     -2.70  0.       -5590.168       5637.158       1551.510    0.000  -0.139   0.381   0.
  2017 352 18 18 22 513 352.762760570      -4.53      2.94     -2.84  0.       -5590.453       5636.162       1549.780    0.000  -0.139   0.381   0.
  2017 352 18 18 23 513 352.762772144      -4.62      2.99     -2.83  0.       -5590.737       5635.165       1548.049    0.000  -0.139   0.381   0.
  2017 352 18 18 24 513 352.762783718      -4.71      3.02     -2.77  0.       -5591.020       5634.167       1546.319    0.000  -0.139   0.381   0.
  2017 352 18 18 25 513 352.762795292      -4.84      2.92     -2.69  0.       -5591.303       5633.169       1544.588    0.000  -0.139   0.381   0.
  2017 352 18 18 26 513 352.762806866      -5.01      2.83     -2.52  0.       -5591.586       5632.171       1542.858    0.000  -0.139   0.381   0.
  2017 352 18 18 27 513 352.762818440      -5.11      2.72     -2.28  0.       -5591.869       5631.172       1541.127    0.000  -0.139   0.381   0.
  2017 352 18 18 28 513 352.762830014      -5.04      2.64     -2.13  0.       -5592.150       5630.173       1539.396    0.000  -0.139   0.381   0.
  2017 352 18 18 29 513 352.762841589      -5.05      2.55     -2.02  0.       -5592.432       5629.173       1537.665    0.000  -0.139   0.381   0.
  2017 352 18 18 30 513 352.762853163      -4.95      2.56     -1.98  0.       -5592.713       5628.173       1535.934    0.000  -0.139   0.381   0.
  2017 352 18 18 31 513 352.762864736      -4.89      2.49     -1.96  0.       -5592.993       5627.173       1534.202    0.000  -0.139   0.381   0.
  2017 352 18 18 32 513 352.762876308      -4.79      2.49     -1.99  0.       -5593.273       5626.172       1532.471    0.000  -0.139   0.381   0.
  2017 352 18 18 33 513 352.762887882      -4.70      2.53     -1.97  0.       -5593.553       5625.170       1530.739    0.000  -0.139   0.381   0.
  2017 352 18 18 34 512 352.762899456      -4.68      2.56     -2.05  0.       -5593.832       5624.168       1529.008    0.000  -0.139   0.381   0.
  2017 352 18 18 35 512 352.762911030      -4.62      2.63     -2.14  0.       -5594.111       5623.166       1527.276    0.000  -0.139   0.381   0.
  2017 352 18 18 36 512 352.762922604      -4.67      2.77     -2.14  0.       -5594.389       5622.163       1525.544    0.000  -0.139   0.381   0.
  2017 352 18 18 37 512 352.762934178      -4.58      2.75     -2.17  0.       -5594.667       5621.160       1523.812    0.000  -0.139   0.381   0.
  2017 352 18 18 38 512 352.762945752      -4.58      2.62     -2.18  0.       -5594.944       5620.156       1522.080    0.000  -0.139   0.381   0.
  2017 352 18 18 39 513 352.762957326      -4.56      2.58     -2.04  0.       -5595.221       5619.152       1520.347    0.000  -0.139   0.381   0.
  2017 352 18 18 40 513 352.762968900      -4.60      2.59     -1.96  0.       -5595.497       5618.147       1518.615    0.000  -0.139   0.381   0.
  2017 352 18 18 41 512 352.762980475      -4.67      2.58     -1.84  0.       -5595.773       5617.142       1516.883    0.000  -0.139   0.381   0.
  2017 352 18 18 42 512 352.762992049      -4.62      2.60     -1.76  0.       -5596.049       5616.136       1515.150    0.000  -0.139   0.381   0.
  2017 352 18 18 43 513 352.763003623      -4.61      2.61     -1.71  0.       -5596.324       5615.130       1513.417    0.000  -0.139   0.381   0.
  2017 352 18 18 44 513 352.763015197      -4.54      2.66     -1.62  0.       -5596.598       5614.124       1511.684    0.000  -0.139   0.381   0.
  2017 352 18 18 45 513 352.763026771      -4.53      2.75     -1.53  0.       -5596.872       5613.117       1509.951    0.000  -0.139   0.381   0.
  2017 352 18 18 46 513 352.763038345      -4.57      2.85     -1.52  0.       -5597.146       5612.109       1508.218    0.000  -0.139   0.381   0.
  2017 352 18 18 47 513 352.763049919      -4.56      2.87     -1.58  0.       -5597.419       5611.102       1506.484    0.000  -0.139   0.381   0.
  2017 352 18 18 48 512 352.763061493      -4.53      2.91     -1.61  0.       -5597.692       5610.093       1504.751    0.000  -0.139   0.381   0.
  2017 352 18 18 49 512 352.763073067      -4.54      2.94     -1.68  0.       -5597.965       5609.084       1503.018    0.000  -0.139   0.381   0.
  2017 352 18 18 50 512 352.763084641      -4.51      2.94     -1.77  0.       -5598.236       5608.075       1501.284    0.000  -0.139   0.381   0.
  2017 352 18 18 51 512 352.763096215      -4.47      2.90     -1.87  0.       -5598.508       5607.065       1499.550    0.000  -0.139   0.381   0.
  2017 352 18 18 52 513 352.763107789      -4.48      2.86     -2.07  0.       -5598.779       5606.055       1497.816    0.000  -0.139   0.381   0.
  2017 352 18 18 53 513 352.763119363      -4.54      2.93     -2.18  0.       -5599.049       5605.044       1496.082    0.000  -0.139   0.381   0.
  2017 352 18 18 54 513 352.763130938      -4.69      2.89     -2.15  0.       -5599.319       5604.033       1494.348    0.000  -0.139   0.381   0.
  2017 352 18 18 55 512 352.763142512      -4.83      2.80     -2.24  0.       -5599.589       5603.022       1492.614    0.000  -0.139   0.381   0.
  2017 352 18 18 56 512 352.763154086      -4.85      2.83     -2.43  0.       -5599.858       5602.010       1490.879    0.000  -0.139   0.381   0.
  2017 352 18 18 57 513 352.763165660      -4.87      2.85     -2.49  0.       -5600.126       5600.997       1489.145    0.000  -0.139   0.381   0.
  2017 352 18 18 58 513 352.763177234      -4.92      3.00     -2.31  0.       -5600.395       5599.985       1487.410    0.000  -0.139   0.381   0.
  2017 352 18 18 59 513 352.763188807      -4.88      3.14     -2.21  0.       -5600.662       5598.971       1485.676    0.000  -0.139   0.381   0.
  2017 352 18 19  0 512 352.763200379      -4.94      3.08     -2.02  0.       -5600.929       5597.957       1483.941    0.000  -0.139   0.381   0.
  2017 352 18 19  1 512 352.763211953      -4.94      3.01     -1.94  0.       -5601.196       5596.943       1482.206    0.000  -0.139   0.381   0.
  2017 352 18 19  2 512 352.763223527      -4.96      2.92     -1.91  0.       -5601.463       5595.928       1480.471    0.000  -0.139   0.381   0.
  2017 352 18 19  3 512 352.763235101      -5.01      2.89     -1.95  0.       -5601.728       5594.913       1478.735    0.000  -0.139   0.381   0.
  2017 352 18 19  4 512 352.763246675      -5.01      2.89     -2.00  0.       -5601.994       5593.897       1477.000    0.000  -0.139   0.381   0.
  2017 352 18 19  5 512 352.763258249      -4.94      2.96     -2.12  0.       -5602.259       5592.881       1475.265    0.000  -0.139   0.381   0.
  2017 352 18 19  6 512 352.763269823      -4.98      3.03     -2.26  0.       -5602.523       5591.865       1473.529    0.000  -0.139   0.381   0.
  2017 352 18 19  7 512 352.763281398      -4.97      3.00     -2.34  0.       -5602.788       5590.847       1471.793    0.000  -0.139   0.381   0.
  2017 352 18 19  8 512 352.763292972      -5.01      3.05     -2.34  0.       -5603.051       5589.830       1470.057    0.000  -0.139   0.381   0.
  2017 352 18 19  9 512 352.763304546      -5.02      3.16     -2.29  0.       -5603.314       5588.812       1468.321    0.000  -0.139   0.381   0.
  2017 352 18 19 10 512 352.763316120      -5.06      3.20     -2.29  0.       -5603.577       5587.793       1466.585    0.000  -0.139   0.381   0.
  2017 352 18 19 11 512 352.763327694      -5.13      3.19     -2.25  0.       -5603.839       5586.775       1464.849    0.000  -0.139   0.381   0.
  2017 352 18 19 12 512 352.763339268      -5.11      3.20     -2.15  0.       -5604.101       5585.755       1463.113    0.000  -0.139   0.381   0.
  2017 352 18 19 13 512 352.763350842      -4.95      3.20     -2.25  0.       -5604.362       5584.735       1461.376    0.000  -0.139   0.381   0.
  2017 352 18 19 14 512 352.763362416      -4.80      3.20     -2.44  0.       -5604.623       5583.715       1459.640    0.000  -0.139   0.381   0.
  2017 352 18 19 15 512 352.763373990      -4.60      3.21     -2.60  0.       -5604.883       5582.694       1457.903    0.000  -0.139   0.381   0.
  2017 352 18 19 16 512 352.763385564      -4.47      3.10     -2.82  0.       -5605.143       5581.673       1456.166    0.000  -0.139   0.381   0.
  2017 352 18 19 17 512 352.763397138      -4.38      2.94     -2.95  0.       -5605.403       5580.652       1454.429    0.000  -0.139   0.381   0.
  2017 352 18 19 18 512 352.763408712      -4.34      2.82     -2.95  0.       -5605.662       5579.630       1452.692    0.000  -0.139   0.381   0.
  2017 352 18 19 19 512 352.763420286      -4.27      2.68     -2.96  0.       -5605.920       5578.607       1450.955    0.000  -0.139   0.381   0.
  2017 352 18 19 20 512 352.763431861      -4.24      2.69     -2.99  0.       -5606.178       5577.584       1449.218    0.000  -0.139   0.381   0.
  2017 352 18 19 21 512 352.763443435      -4.28      2.68     -2.99  0.       -5606.436       5576.560       1447.480    0.000  -0.139   0.381   0.
  2017 352 18 19 22 512 352.763455009      -4.36      2.67     -2.98  0.       -5606.693       5575.537       1445.743    0.000  -0.139   0.381   0.
  2017 352 18 19 23 512 352.763466583      -4.35      2.70     -3.03  0.       -5606.950       5574.512       1444.005    0.000  -0.139   0.381   0.
  2017 352 18 19 24 512 352.763478157      -4.48      2.71     -3.07  0.       -5607.206       5573.487       1442.267    0.000  -0.139   0.381   0.
  2017 352 18 19 25 512 352.763489731      -4.68      2.77     -3.02  0.       -5607.462       5572.462       1440.530    0.000  -0.139   0.381   0.
  2017 352 18 19 26 512 352.763501305      -4.83      2.80     -2.83  0.       -5607.717       5571.436       1438.792    0.000  -0.139   0.381   0.
  2017 352 18 19 27 512 352.763512879      -4.77      2.87     -2.76  0.       -5607.972       5570.410       1437.053    0.000  -0.139   0.381   0.
  2017 352 18 19 28 512 352.763524453      -4.76      2.84     -2.73  0.       -5608.226       5569.383       1435.315    0.000  -0.139   0.381   0.
  2017 352 18 19 29 512 352.763536027      -4.72      2.70     -2.72  0.       -5608.480       5568.356       1433.577    0.000  -0.139   0.381   0.
  2017 352 18 19 30 512 352.763547601      -4.72      2.60     -2.65  0.       -5608.733       5567.328       1431.839    0.000  -0.139   0.381   0.
  2017 352 18 19 31 512 352.763559175      -4.72      2.54     -2.54  0.       -5608.986       5566.300       1430.100    0.000  -0.139   0.381   0.
  2017 352 18 19 32 512 352.763570747      -4.64      2.43     -2.51  0.       -5609.239       5565.272       1428.361    0.000  -0.139   0.381   0.
  2017 352 18 19 33 512 352.763582321      -4.58      2.37     -2.50  0.       -5609.491       5564.243       1426.622    0.000  -0.139   0.381   0.
  2017 352 18 19 34 512 352.763593895      -4.56      2.33     -2.43  0.       -5609.743       5563.213       1424.883    0.000  -0.139   0.381   0.
  2017 352 18 19 35 512 352.763605469      -4.54      2.34     -2.41  0.       -5609.994       5562.183       1423.144    0.000  -0.139   0.381   0.
  2017 352 18 19 36 512 352.763617043      -4.53      2.36     -2.37  0.       -5610.244       5561.153       1421.405    0.000  -0.139   0.381   0.
  2017 352 18 19 37 512 352.763628617      -4.54      2.45     -2.33  0.       -5610.494       5560.122       1419.666    0.000  -0.139   0.381   0.
  2017 352 18 19 38 512 352.763640191      -4.60      2.56     -2.31  0.       -5610.744       5559.091       1417.926    0.000  -0.139   0.381   0.
  2017 352 18 19 39 512 352.763651765      -4.60      2.68     -2.34  0.       -5610.993       5558.059       1416.187    0.000  -0.139   0.381   0.
  2017 352 18 19 40 512 352.763663339      -4.58      2.80     -2.44  0.       -5611.242       5557.027       1414.447    0.000  -0.139   0.381   0.
  2017 352 18 19 41 512 352.763674913      -4.55      2.86     -2.61  0.       -5611.491       5555.994       1412.707    0.000  -0.139   0.381   0.
  2017 352 18 19 42 512 352.763686487      -4.56      2.85     -2.72  0.       -5611.738       5554.961       1410.967    0.000  -0.139   0.381   0.
  2017 352 18 19 43 512 352.763698061      -4.74      2.78     -2.82  0.       -5611.986       5553.927       1409.228    0.000  -0.139   0.381   0.
  2017 352 18 19 44 512 352.763709635      -4.84      2.79     -2.82  0.       -5612.233       5552.893       1407.487    0.000  -0.139   0.381   0.
  2017 352 18 19 45 512 352.763721209      -4.92      2.62     -2.62  0.       -5612.479       5551.859       1405.747    0.000  -0.139   0.381   0.
  2017 352 18 19 46 512 352.763732784      -4.88      2.46     -2.52  0.       -5612.725       5550.824       1404.007    0.000  -0.139   0.381   0.
  2017 352 18 19 47 512 352.763744358      -4.86      2.38     -2.51  0.       -5612.971       5549.788       1402.266    0.000  -0.139   0.381   0.
  2017 352 18 19 48 512 352.763755932      -4.60      2.25     -2.66  0.       -5613.216       5548.752       1400.526    0.000  -0.139   0.381   0.
  2017 352 18 19 49 512 352.763767506      -4.42      2.18     -2.88  0.       -5613.460       5547.716       1398.785    0.000  -0.139   0.381   0.
  2017 352 18 19 50 512 352.763779080      -4.37      2.21     -2.94  0.       -5613.704       5546.679       1397.044    0.000  -0.139   0.381   0.
  2017 352 18 19 51 512 352.763790654      -4.43      2.41     -2.78  0.       -5613.948       5545.642       1395.303    0.000  -0.139   0.381   0.
  2017 352 18 19 52 512 352.763802228      -4.54      2.55     -2.66  0.       -5614.191       5544.604       1393.562    0.000  -0.139   0.381   0.
  2017 352 18 19 53 512 352.763813802      -4.70      2.59     -2.59  0.       -5614.434       5543.566       1391.821    0.000  -0.139   0.381   0.
  2017 352 18 19 54 512 352.763825376      -4.74      2.68     -2.48  0.       -5614.676       5542.527       1390.080    0.000  -0.139   0.381   0.
  2017 352 18 19 55 512 352.763836950      -4.85      2.78     -2.38  0.       -5614.918       5541.488       1388.338    0.000  -0.139   0.381   0.
  2017 352 18 19 56 512 352.763848524      -4.98      2.78     -2.32  0.       -5615.159       5540.449       1386.597    0.000  -0.139   0.381   0.
  2017 352 18 19 57 512 352.763860098      -5.07      2.73     -2.33  0.       -5615.400       5539.408       1384.855    0.000  -0.139   0.381   0.
  2017 352 18 19 58 512 352.763871672      -5.17      2.61     -2.36  0.       -5615.641       5538.368       1383.113    0.000  -0.139   0.381   0.
  2017 352 18 19 59 512 352.763883246      -5.17      2.51     -2.46  0.       -5615.881       5537.327       1381.372    0.000  -0.139   0.381   0.
  2017 352 18 20  0 512 352.763894821      -5.10      2.47     -2.53  0.       -5616.120       5536.285       1379.630    0.000  -0.139   0.381   0.
  2017 352 18 20  1 512 352.763906394      -5.01      2.53     -2.62  0.       -5616.359       5535.243       1377.888    0.000  -0.139   0.381   0.
  2017 352 18 20  2 512 352.763917966      -5.00      2.61     -2.61  0.       -5616.598       5534.201       1376.145    0.000  -0.139   0.381   0.
  2017 352 18 20  3 512 352.763929540      -5.01      2.62     -2.62  0.       -5616.836       5533.158       1374.403    0.000  -0.139   0.381   0.
  2017 352 18 20  4 512 352.763941114      -5.01      2.67     -2.68  0.       -5617.073       5532.115       1372.661    0.000  -0.139   0.381   0.
  2017 352 18 20  5 512 352.763952688      -4.99      2.67     -2.69  0.       -5617.310       5531.071       1370.918    0.000  -0.139   0.381   0.
  2017 352 18 20  6 512 352.763964262      -5.04      2.72     -2.64  0.       -5617.547       5530.027       1369.175    0.000  -0.139   0.381   0.
  2017 352 18 20  7 512 352.763975836      -5.15      2.74     -2.53  0.       -5617.783       5528.982       1367.433    0.000  -0.139   0.381   0.
  2017 352 18 20  8 512 352.763987410      -5.33      2.74     -2.32  0.       -5618.019       5527.937       1365.690    0.000  -0.139   0.381   0.
  2017 352 18 20  9 512 352.763998984      -5.44      2.68     -2.15  0.       -5618.254       5526.891       1363.947    0.000  -0.139   0.381   0.
  2017 352 18 20 10 512 352.764010558      -5.50      2.60     -2.00  0.       -5618.489       5525.845       1362.204    0.000  -0.139   0.381   0.
  2017 352 18 20 11 512 352.764022133      -5.44      2.59     -1.98  0.       -5618.723       5524.799       1360.460    0.000  -0.139   0.381   0.
  2017 352 18 20 12 512 352.764033707      -5.46      2.54     -2.09  0.       -5618.957       5523.752       1358.717    0.000  -0.139   0.381   0.
  2017 352 18 20 13 512 352.764045281      -5.42      2.59     -2.15  0.       -5619.190       5522.704       1356.974    0.000  -0.139   0.381   0.
  2017 352 18 20 14 512 352.764056855      -5.43      2.63     -2.19  0.       -5619.423       5521.656       1355.230    0.000  -0.139   0.381   0.
  2017 352 18 20 15 512 352.764068429      -5.40      2.64     -2.12  0.       -5619.656       5520.608       1353.486    0.000  -0.139   0.381   0.
  2017 352 18 20 16 512 352.764080003      -5.32      2.64     -2.10  0.       -5619.887       5519.559       1351.742    0.000  -0.139   0.381   0.
  2017 352 18 20 17 512 352.764091577      -5.23      2.66     -2.23  0.       -5620.119       5518.510       1349.999    0.000  -0.139   0.381   0.
  2017 352 18 20 18 512 352.764103151      -5.20      2.63     -2.25  0.       -5620.350       5517.460       1348.255    0.000  -0.139   0.381   0.
  2017 352 18 20 19 512 352.764114725      -5.08      2.67     -2.40  0.       -5620.580       5516.410       1346.510    0.000  -0.139   0.381   0.
  2017 352 18 20 20 512 352.764126299      -4.94      2.82     -2.54  0.       -5620.811       5515.359       1344.766    0.000  -0.139   0.381   0.
  2017 352 18 20 21 512 352.764137873      -4.84      2.85     -2.72  0.       -5621.040       5514.308       1343.022    0.000  -0.139   0.381   0.
  2017 352 18 20 22 512 352.764149447      -4.80      2.84     -2.80  0.       -5621.269       5513.256       1341.277    0.000  -0.139   0.381   0.
  2017 352 18 20 23 512 352.764161021      -4.78      2.83     -2.78  0.       -5621.498       5512.204       1339.533    0.000  -0.139   0.381   0.
  2017 352 18 20 24 512 352.764172596      -4.78      2.78     -2.79  0.       -5621.726       5511.151       1337.788    0.000  -0.139   0.381   0.
  2017 352 18 20 25 512 352.764184170      -4.69      2.89     -2.72  0.       -5621.954       5510.098       1336.043    0.000  -0.139   0.381   0.
  2017 352 18 20 26 512 352.764195744      -4.68      2.95     -2.71  0.       -5622.181       5509.045       1334.298    0.000  -0.139   0.381   0.
  2017 352 18 20 27 512 352.764207318      -4.72      3.01     -2.76  0.       -5622.408       5507.991       1332.553    0.000  -0.139   0.381   0.
  2017 352 18 20 28 512 352.764218892      -4.78      3.07     -2.88  0.       -5622.634       5506.936       1330.808    0.000  -0.139   0.381   0.
  2017 352 18 20 29 512 352.764230465      -4.86      2.99     -2.98  0.       -5622.860       5505.881       1329.063    0.000  -0.139   0.381   0.
  2017 352 18 20 30 511 352.764242037      -4.91      2.87     -3.01  0.       -5623.085       5504.826       1327.317    0.000  -0.139   0.381   0.
  2017 352 18 20 31 511 352.764253611      -4.95      2.67     -2.95  0.       -5623.310       5503.770       1325.572    0.000  -0.139   0.381   0.
  2017 352 18 20 32 511 352.764265185      -5.04      2.57     -2.97  0.       -5623.535       5502.714       1323.826    0.000  -0.139   0.381   0.
  2017 352 18 20 33 511 352.764276759      -5.08      2.51     -2.94  0.       -5623.758       5501.657       1322.081    0.000  -0.139   0.381   0.
  2017 352 18 20 34 511 352.764288333      -5.01      2.44     -2.86  0.       -5623.982       5500.600       1320.335    0.000  -0.139   0.381   0.
  2017 352 18 20 35 512 352.764299907      -5.01      2.40     -2.81  0.       -5624.204       5499.542       1318.589    0.000  -0.139   0.381   0.
  2017 352 18 20 36 512 352.764311481      -5.03      2.24     -2.87  0.       -5624.427       5498.484       1316.843    0.000  -0.139   0.381   0.
  2017 352 18 20 37 511 352.764323056      -5.04      2.15     -2.84  0.       -5624.649       5497.426       1315.097    0.000  -0.139   0.381   0.
  2017 352 18 20 38 511 352.764334630      -5.07      2.13     -2.79  0.       -5624.870       5496.367       1313.350    0.000  -0.139   0.381   0.
  2017 352 18 20 39 512 352.764346204      -5.06      2.21     -2.75  0.       -5625.092       5495.307       1311.604    0.000  -0.139   0.381   0.
  2017 352 18 20 40 512 352.764357778      -5.05      2.29     -2.76  0.       -5625.312       5494.247       1309.858    0.000  -0.139   0.381   0.
  2017 352 18 20 41 512 352.764369352      -5.14      2.29     -2.71  0.       -5625.532       5493.187       1308.111    0.000  -0.139   0.381   0.
  2017 352 18 20 42 512 352.764380926      -5.14      2.46     -2.64  0.       -5625.752       5492.126       1306.364    0.000  -0.139   0.381   0.
  2017 352 18 20 43 511 352.764392500      -5.20      2.57     -2.61  0.       -5625.971       5491.064       1304.617    0.000  -0.139   0.381   0.
  2017 352 18 20 44 511 352.764404074      -5.28      2.78     -2.42  0.       -5626.190       5490.002       1302.870    0.000  -0.139   0.381   0.
  2017 352 18 20 45 511 352.764415648      -5.34      3.03     -2.31  0.       -5626.408       5488.940       1301.123    0.000  -0.139   0.381   0.
  2017 352 18 20 46 511 352.764427222      -5.41      3.12     -2.37  0.       -5626.626       5487.877       1299.376    0.000  -0.139   0.381   0.
  2017 352 18 20 47 511 352.764438796      -5.30      3.13     -2.51  0.       -5626.843       5486.814       1297.629    0.000  -0.139   0.381   0.
  2017 352 18 20 48 512 352.764450370      -5.22      3.03     -2.67  0.       -5627.060       5485.750       1295.882    0.000  -0.139   0.381   0.
  2017 352 18 20 49 512 352.764461944      -5.20      2.94     -2.71  0.       -5627.276       5484.686       1294.134    0.000  -0.139   0.381   0.
  2017 352 18 20 50 511 352.764473519      -5.06      2.78     -2.89  0.       -5627.492       5483.622       1292.387    0.000  -0.139   0.381   0.
  2017 352 18 20 51 511 352.764485093      -4.95      2.60     -2.94  0.       -5627.707       5482.556       1290.639    0.000  -0.139   0.381   0.
  2017 352 18 20 52 512 352.764496667      -4.89      2.41     -2.81  0.       -5627.922       5481.491       1288.891    0.000  -0.139   0.381   0.
  2017 352 18 20 53 512 352.764508241      -4.83      2.30     -2.79  0.       -5628.136       5480.425       1287.143    0.000  -0.139   0.381   0.
  2017 352 18 20 54 512 352.764519815      -4.79      2.33     -2.75  0.       -5628.350       5479.358       1285.395    0.000  -0.139   0.381   0.
  2017 352 18 20 55 512 352.764531389      -4.70      2.37     -2.75  0.       -5628.564       5478.291       1283.647    0.000  -0.139   0.381   0.
  2017 352 18 20 56 512 352.764542963      -4.63      2.50     -2.82  0.       -5628.776       5477.224       1281.899    0.000  -0.139   0.381   0.
  2017 352 18 20 57 511 352.764554537      -4.52      2.64     -2.98  0.       -5628.989       5476.156       1280.150    0.000  -0.139   0.381   0.
  2017 352 18 20 58 511 352.764566111      -4.50      2.85     -3.09  0.       -5629.201       5475.088       1278.402    0.000  -0.139   0.381   0.
  2017 352 18 20 59 511 352.764577684      -4.48      2.97     -3.10  0.       -5629.413       5474.019       1276.653    0.000  -0.139   0.381   0.
  2017 352 18 21  0 511 352.764589256      -4.59      2.97     -3.09  0.       -5629.623       5472.950       1274.905    0.000  -0.139   0.381   0.
  2017 352 18 21  1 511 352.764600830      -4.70      2.98     -3.11  0.       -5629.834       5471.880       1273.156    0.000  -0.139   0.381   0.
  2017 352 18 21  2 511 352.764612405      -4.69      2.97     -3.03  0.       -5630.044       5470.810       1271.407    0.000  -0.139   0.381   0.
  2017 352 18 21  3 511 352.764623979      -4.73      2.95     -2.93  0.       -5630.254       5469.739       1269.658    0.000  -0.139   0.381   0.
  2017 352 18 21  4 511 352.764635553      -4.80      2.84     -2.88  0.       -5630.463       5468.668       1267.909    0.000  -0.139   0.381   0.
  2017 352 18 21  5 511 352.764647127      -4.73      2.74     -2.90  0.       -5630.671       5467.596       1266.160    0.000  -0.139   0.381   0.
  2017 352 18 21  6 511 352.764658701      -4.73      2.63     -2.99  0.       -5630.880       5466.524       1264.410    0.000  -0.139   0.381   0.
  2017 352 18 21  7 511 352.764670275      -4.76      2.49     -2.96  0.       -5631.087       5465.451       1262.661    0.000  -0.139   0.381   0.
  2017 352 18 21  8 511 352.764681849      -4.61      2.43     -2.92  0.       -5631.294       5464.378       1260.911    0.000  -0.139   0.381   0.
  2017 352 18 21  9 511 352.764693423      -4.52      2.31     -2.94  0.       -5631.501       5463.305       1259.162    0.000  -0.139   0.381   0.
  2017 352 18 21 10 511 352.764704997      -4.52      2.23     -2.95  0.       -5631.707       5462.231       1257.412    0.000  -0.139   0.381   0.
  2017 352 18 21 11 511 352.764716571      -4.44      2.04     -2.98  0.       -5631.913       5461.156       1255.662    0.000  -0.139   0.381   0.
  2017 352 18 21 12 511 352.764728145      -4.43      1.92     -2.99  0.       -5632.118       5460.082       1253.912    0.000  -0.139   0.381   0.
  2017 352 18 21 13 511 352.764739719      -4.41      1.89     -2.94  0.       -5632.323       5459.006       1252.162    0.000  -0.139   0.381   0.
  2017 352 18 21 14 511 352.764751293      -4.44      1.90     -2.92  0.       -5632.527       5457.930       1250.412    0.000  -0.139   0.381   0.
  2017 352 18 21 15 511 352.764762867      -4.49      1.93     -2.90  0.       -5632.731       5456.854       1248.661    0.000  -0.139   0.381   0.
  2017 352 18 21 16 511 352.764774442      -4.56      1.91     -2.94  0.       -5632.935       5455.777       1246.911    0.000  -0.139   0.381   0.
  2017 352 18 21 17 511 352.764786016      -4.61      1.98     -2.92  0.       -5633.138       5454.700       1245.161    0.000  -0.139   0.381   0.
  2017 352 18 21 18 511 352.764797590      -4.64      2.03     -2.85  0.       -5633.340       5453.622       1243.410    0.000  -0.139   0.381   0.
  2017 352 18 21 19 511 352.764809164      -4.67      2.10     -2.84  0.       -5633.542       5452.544       1241.659    0.000  -0.139   0.381   0.
  2017 352 18 21 20 511 352.764820738      -4.68      2.21     -2.81  0.       -5633.743       5451.466       1239.908    0.000  -0.139   0.381   0.
  2017 352 18 21 21 511 352.764832312      -4.67      2.27     -2.79  0.       -5633.944       5450.386       1238.157    0.000  -0.139   0.381   0.
  2017 352 18 21 22 511 352.764843886      -4.75      2.31     -2.76  0.       -5634.145       5449.307       1236.406    0.000  -0.139   0.381   0.
  2017 352 18 21 23 511 352.764855460      -4.81      2.42     -2.72  0.       -5634.345       5448.227       1234.655    0.000  -0.139   0.381   0.
  2017 352 18 21 24 511 352.764867034      -4.96      2.50     -2.53  0.       -5634.544       5447.146       1232.904    0.000  -0.139   0.381   0.
  2017 352 18 21 25 511 352.764878608      -5.01      2.57     -2.41  0.       -5634.743       5446.065       1231.153    0.000  -0.139   0.381   0.
  2017 352 18 21 26 511 352.764890182      -5.09      2.64     -2.33  0.       -5634.942       5444.984       1229.401    0.000  -0.139   0.381   0.
  2017 352 18 21 27 511 352.764901756      -5.14      2.72     -2.23  0.       -5635.140       5443.902       1227.650    0.000  -0.139   0.381   0.
  2017 352 18 21 28 511 352.764913330      -5.21      2.74     -2.27  0.       -5635.337       5442.820       1225.898    0.000  -0.139   0.381   0.
  2017 352 18 21 29 511 352.764924904      -5.28      2.79     -2.37  0.       -5635.534       5441.737       1224.146    0.000  -0.139   0.381   0.
  2017 352 18 21 30 511 352.764936476      -5.40      2.76     -2.35  0.       -5635.731       5440.653       1222.394    0.000  -0.139   0.381   0.
  2017 352 18 21 31 511 352.764948050      -5.39      2.74     -2.39  0.       -5635.927       5439.570       1220.642    0.000  -0.139   0.381   0.
  2017 352 18 21 32 511 352.764959624      -5.34      2.79     -2.33  0.       -5636.123       5438.485       1218.890    0.000  -0.139   0.381   0.
  2017 352 18 21 33 511 352.764971198      -5.26      2.77     -2.33  0.       -5636.318       5437.401       1217.138    0.000  -0.139   0.381   0.
  2017 352 18 21 34 511 352.764982772      -5.14      2.82     -2.35  0.       -5636.512       5436.316       1215.386    0.000  -0.139   0.381   0.
  2017 352 18 21 35 511 352.764994346      -5.10      2.81     -2.38  0.       -5636.707       5435.230       1213.633    0.000  -0.139   0.381   0.
  2017 352 18 21 36 511 352.765005920      -4.98      2.98     -2.39  0.       -5636.900       5434.144       1211.881    0.000  -0.139   0.381   0.
  2017 352 18 21 37 511 352.765017494      -4.81      3.18     -2.49  0.       -5637.093       5433.057       1210.128    0.000  -0.139   0.381   0.
  2017 352 18 21 38 511 352.765029068      -4.76      3.27     -2.60  0.       -5637.286       5431.970       1208.375    0.000  -0.139   0.381   0.
  2017 352 18 21 39 511 352.765040642      -4.76      3.30     -2.67  0.       -5637.478       5430.883       1206.623    0.000  -0.139   0.381   0.
  2017 352 18 21 40 511 352.765052216      -4.77      3.28     -2.71  0.       -5637.670       5429.795       1204.870    0.000  -0.139   0.381   0.
  2017 352 18 21 41 511 352.765063790      -4.77      3.28     -2.75  0.       -5637.861       5428.706       1203.117    0.000  -0.139   0.381   0.
  2017 352 18 21 42 511 352.765075365      -4.79      3.19     -2.82  0.       -5638.052       5427.617       1201.364    0.000  -0.139   0.381   0.
  2017 352 18 21 43 511 352.765086939      -4.93      2.90     -2.69  0.       -5638.242       5426.528       1199.610    0.000  -0.139   0.381   0.
  2017 352 18 21 44 511 352.765098513      -5.05      2.76     -2.59  0.       -5638.432       5425.438       1197.857    0.000  -0.139   0.381   0.
  2017 352 18 21 45 511 352.765110087      -5.07      2.79     -2.46  0.       -5638.621       5424.348       1196.104    0.000  -0.139   0.381   0.
  2017 352 18 21 46 511 352.765121661      -5.09      2.69     -2.33  0.       -5638.810       5423.257       1194.350    0.000  -0.139   0.381   0.
  2017 352 18 21 47 511 352.765133235      -5.09      2.53     -2.32  0.       -5638.999       5422.166       1192.596    0.000  -0.139   0.381   0.
  2017 352 18 21 48 511 352.765144809      -5.13      2.59     -2.29  0.       -5639.186       5421.074       1190.843    0.000  -0.139   0.381   0.
  2017 352 18 21 49 511 352.765156383      -5.13      2.75     -2.27  0.       -5639.374       5419.982       1189.089    0.000  -0.139   0.381   0.
  2017 352 18 21 50 511 352.765167957      -5.20      2.83     -2.17  0.       -5639.561       5418.889       1187.335    0.000  -0.139   0.381   0.
  2017 352 18 21 51 511 352.765179531      -5.28      2.74     -2.09  0.       -5639.747       5417.796       1185.581    0.000  -0.139   0.381   0.
  2017 352 18 21 52 511 352.765191105      -5.32      2.79     -1.99  0.       -5639.933       5416.702       1183.827    0.000  -0.139   0.381   0.
  2017 352 18 21 53 511 352.765202679      -5.39      2.77     -1.98  0.       -5640.118       5415.608       1182.072    0.000  -0.139   0.381   0.
  2017 352 18 21 54 511 352.765214254      -5.48      2.57     -1.98  0.       -5640.303       5414.514       1180.318    0.000  -0.139   0.381   0.
  2017 352 18 21 55 511 352.765225828      -5.45      2.54     -2.03  0.       -5640.488       5413.419       1178.563    0.000  -0.139   0.381   0.
  2017 352 18 21 56 511 352.765237402      -5.37      2.60     -1.95  0.       -5640.672       5412.323       1176.809    0.000  -0.139   0.381   0.
  2017 352 18 21 57 511 352.765248975      -5.37      2.68     -1.96  0.       -5640.855       5411.227       1175.054    0.000  -0.139   0.381   0.
  2017 352 18 21 58 511 352.765260547      -5.34      2.78     -2.04  0.       -5641.038       5410.131       1173.299    0.000  -0.139   0.381   0.
  2017 352 18 21 59 511 352.765272121      -5.27      2.83     -2.08  0.       -5641.220       5409.034       1171.545    0.000  -0.139   0.381   0.
  2017 352 18 22  0 511 352.765283695      -5.17      2.85     -2.14  0.       -5641.402       5407.937       1169.790    0.000  -0.139   0.381   0.
  2017 352 18 22  1 511 352.765295269      -5.16      2.80     -2.16  0.       -5641.584       5406.839       1168.034    0.000  -0.139   0.381   0.
  2017 352 18 22  2 511 352.765306843      -5.14      2.77     -2.12  0.       -5641.765       5405.740       1166.279    0.000  -0.139   0.381   0.
  2017 352 18 22  3 511 352.765318417      -5.07      2.84     -2.12  0.       -5641.945       5404.642       1164.524    0.000  -0.139   0.381   0.
  2017 352 18 22  4 511 352.765329991      -5.06      2.83     -2.17  0.       -5642.125       5403.543       1162.769    0.000  -0.139   0.381   0.
  2017 352 18 22  5 511 352.765341565      -5.06      2.83     -2.21  0.       -5642.305       5402.443       1161.013    0.000  -0.139   0.381   0.
  2017 352 18 22  6 511 352.765353139      -5.08      2.76     -2.20  0.       -5642.484       5401.343       1159.258    0.000  -0.139   0.381   0.
  2017 352 18 22  7 511 352.765364714      -5.13      2.72     -2.12  0.       -5642.662       5400.242       1157.502    0.000  -0.139   0.381   0.
  2017 352 18 22  8 511 352.765376288      -5.18      2.63     -2.13  0.       -5642.841       5399.141       1155.746    0.000  -0.139   0.381   0.
  2017 352 18 22  9 511 352.765387862      -5.31      2.62     -2.09  0.       -5643.018       5398.039       1153.990    0.000  -0.139   0.381   0.
  2017 352 18 22 10 511 352.765399436      -5.38      2.65     -2.00  0.       -5643.195       5396.937       1152.234    0.000  -0.139   0.381   0.
  2017 352 18 22 11 511 352.765411010      -5.42      2.66     -1.95  0.       -5643.372       5395.835       1150.478    0.000  -0.139   0.381   0.
  2017 352 18 22 12 511 352.765422584      -5.37      2.74     -1.92  0.       -5643.548       5394.732       1148.722    0.000  -0.139   0.381   0.
  2017 352 18 22 13 511 352.765434158      -5.29      2.85     -1.96  0.       -5643.723       5393.628       1146.966    0.000  -0.139   0.381   0.
  2017 352 18 22 14 511 352.765445732      -5.15      2.93     -1.96  0.       -5643.899       5392.524       1145.209    0.000  -0.139   0.381   0.
  2017 352 18 22 15 511 352.765457306      -4.92      3.03     -1.96  0.       -5644.073       5391.420       1143.453    0.000  -0.139   0.381   0.
  2017 352 18 22 16 511 352.765468880      -4.86      3.10     -1.89  0.       -5644.247       5390.315       1141.696    0.000  -0.139   0.381   0.
  2017 352 18 22 17 511 352.765480454      -4.89      3.15     -1.98  0.       -5644.421       5389.210       1139.939    0.000  -0.139   0.381   0.
  2017 352 18 22 18 511 352.765492028      -4.93      3.05     -2.13  0.       -5644.594       5388.104       1138.183    0.000  -0.139   0.381   0.
  2017 352 18 22 19 511 352.765503602      -4.89      3.01     -2.18  0.       -5644.767       5386.998       1136.426    0.000  -0.139   0.381   0.
  2017 352 18 22 20 511 352.765515177      -4.98      3.01     -2.20  0.       -5644.939       5385.891       1134.669    0.000  -0.139   0.381   0.
  2017 352 18 22 21 511 352.765526751      -5.08      3.06     -2.19  0.       -5645.111       5384.783       1132.912    0.000  -0.139   0.381   0.
  2017 352 18 22 22 511 352.765538325      -5.09      3.20     -2.00  0.       -5645.282       5383.676       1131.155    0.000  -0.139   0.381   0.
  2017 352 18 22 23 511 352.765549899      -5.19      3.13     -1.97  0.       -5645.452       5382.568       1129.397    0.000  -0.139   0.381   0.
  2017 352 18 22 24 511 352.765561473      -5.23      3.13     -1.99  0.       -5645.623       5381.459       1127.640    0.000  -0.139   0.381   0.
  2017 352 18 22 25 511 352.765573047      -5.17      3.11     -1.98  0.       -5645.792       5380.350       1125.882    0.000  -0.139   0.381   0.
  2017 352 18 22 26 511 352.765584621      -5.20      3.12     -1.96  0.       -5645.961       5379.240       1124.125    0.000  -0.139   0.381   0.
  2017 352 18 22 27 510 352.765596194      -5.16      3.08     -1.97  0.       -5646.130       5378.130       1122.367    0.000  -0.139   0.381   0.
  2017 352 18 22 28 510 352.765607766      -5.11      2.98     -2.10  0.       -5646.298       5377.020       1120.609    0.000  -0.139   0.381   0.
  2017 352 18 22 29 510 352.765619340      -5.16      2.87     -2.18  0.       -5646.466       5375.909       1118.851    0.000  -0.139   0.381   0.
  2017 352 18 22 30 510 352.765630914      -5.13      2.81     -2.17  0.       -5646.633       5374.797       1117.093    0.000  -0.139   0.381   0.
  2017 352 18 22 31 511 352.765642488      -5.10      2.83     -2.12  0.       -5646.800       5373.685       1115.335    0.000  -0.139   0.381   0.
  2017 352 18 22 32 511 352.765654063      -5.14      2.83     -2.13  0.       -5646.966       5372.573       1113.577    0.000  -0.139   0.381   0.
  2017 352 18 22 33 510 352.765665637      -5.20      2.91     -2.04  0.       -5647.132       5371.460       1111.819    0.000  -0.139   0.381   0.
  2017 352 18 22 34 511 352.765677211      -5.16      2.91     -2.02  0.       -5647.297       5370.347       1110.061    0.000  -0.139   0.381   0.
  2017 352 18 22 35 511 352.765688785      -5.11      2.83     -1.94  0.       -5647.462       5369.233       1108.302    0.000  -0.139   0.381   0.
  2017 352 18 22 36 511 352.765700359      -5.04      2.79     -1.85  0.       -5647.626       5368.118       1106.544    0.000  -0.139   0.381   0.
  2017 352 18 22 37 511 352.765711933      -5.12      2.78     -1.83  0.       -5647.790       5367.004       1104.785    0.000  -0.139   0.381   0.
  2017 352 18 22 38 511 352.765723507      -5.09      2.76     -1.88  0.       -5647.953       5365.888       1103.026    0.000  -0.139   0.381   0.
  2017 352 18 22 39 510 352.765735081      -5.09      2.83     -2.02  0.       -5648.116       5364.773       1101.267    0.000  -0.139   0.381   0.
  2017 352 18 22 40 510 352.765746655      -5.18      2.87     -2.12  0.       -5648.278       5363.657       1099.508    0.000  -0.139   0.381   0.
  2017 352 18 22 41 510 352.765758229      -5.19      2.93     -2.24  0.       -5648.440       5362.540       1097.749    0.000  -0.139   0.381   0.
  2017 352 18 22 42 510 352.765769803      -5.20      2.97     -2.36  0.       -5648.601       5361.423       1095.990    0.000  -0.139   0.381   0.
  2017 352 18 22 43 510 352.765781377      -5.14      3.03     -2.42  0.       -5648.762       5360.305       1094.231    0.000  -0.139   0.381   0.
  2017 352 18 22 44 511 352.765792951      -5.12      3.07     -2.51  0.       -5648.922       5359.187       1092.471    0.000  -0.139   0.381   0.
  2017 352 18 22 45 511 352.765804525      -5.03      3.17     -2.52  0.       -5649.082       5358.068       1090.713    0.000  -0.139   0.381   0.
  2017 352 18 22 46 510 352.765816100      -4.86      3.26     -2.54  0.       -5649.241       5356.949       1088.952    0.000  -0.139   0.381   0.
  2017 352 18 22 47 510 352.765827674      -4.77      3.35     -2.59  0.       -5649.400       5355.830       1087.193    0.000  -0.139   0.381   0.
  2017 352 18 22 48 511 352.765839248      -4.81      3.28     -2.65  0.       -5649.558       5354.710       1085.433    0.000  -0.139   0.381   0.
  2017 352 18 22 49 511 352.765850822      -4.76      3.22     -2.66  0.       -5649.716       5353.590       1083.673    0.000  -0.139   0.381   0.
  2017 352 18 22 50 511 352.765862396      -4.69      3.13     -2.69  0.       -5649.873       5352.469       1081.913    0.000  -0.139   0.381   0.
  2017 352 18 22 51 511 352.765873970      -4.69      3.06     -2.77  0.       -5650.030       5351.347       1080.153    0.000  -0.139   0.381   0.
  2017 352 18 22 52 511 352.765885544      -4.66      3.03     -2.81  0.       -5650.186       5350.225       1078.393    0.000  -0.139   0.381   0.
  2017 352 18 22 53 510 352.765897118      -4.65      3.01     -2.87  0.       -5650.342       5349.103       1076.634    0.000  -0.139   0.381   0.
  2017 352 18 22 54 510 352.765908692      -4.67      3.01     -2.89  0.       -5650.497       5347.980       1074.873    0.000  -0.139   0.381   0.
  2017 352 18 22 55 510 352.765920266      -4.69      3.04     -2.84  0.       -5650.652       5346.857       1073.113    0.000  -0.139   0.381   0.
  2017 352 18 22 56 510 352.765931840      -4.64      3.19     -2.71  0.       -5650.806       5345.733       1071.352    0.000  -0.139   0.381   0.
  2017 352 18 22 57 510 352.765943414      -4.70      3.28     -2.66  0.       -5650.960       5344.609       1069.592    0.000  -0.139   0.381   0.
  2017 352 18 22 58 510 352.765954986      -4.73      3.34     -2.55  0.       -5651.114       5343.484       1067.831    0.000  -0.139   0.381   0.
  2017 352 18 22 59 510 352.765966560      -4.69      3.46     -2.51  0.       -5651.266       5342.359       1066.070    0.000  -0.139   0.381   0.
  2017 352 18 23  0 510 352.765978134      -4.60      3.53     -2.53  0.       -5651.418       5341.233       1064.310    0.000  -0.139   0.381   0.
  2017 352 18 23  1 510 352.765989708      -4.63      3.66     -2.56  0.       -5651.570       5340.107       1062.548    0.000  -0.139   0.381   0.
  2017 352 18 23  2 510 352.766001282      -4.65      3.71     -2.72  0.       -5651.722       5338.981       1060.787    0.000  -0.139   0.381   0.
  2017 352 18 23  3 510 352.766012856      -4.80      3.71     -2.75  0.       -5651.872       5337.854       1059.026    0.000  -0.139   0.381   0.
  2017 352 18 23  4 510 352.766024430      -5.04      3.54     -2.66  0.       -5652.023       5336.726       1057.265    0.000  -0.139   0.381   0.
  2017 352 18 23  5 510 352.766036004      -5.29      3.49     -2.51  0.       -5652.173       5335.598       1055.504    0.000  -0.139   0.381   0.
  2017 352 18 23  6 510 352.766047578      -5.41      3.36     -2.40  0.       -5652.322       5334.470       1053.742    0.000  -0.139   0.381   0.
  2017 352 18 23  7 510 352.766059152      -5.52      3.17     -2.42  0.       -5652.471       5333.341       1051.981    0.000  -0.139   0.381   0.
  2017 352 18 23  8 510 352.766070726      -5.50      3.08     -2.50  0.       -5652.619       5332.211       1050.219    0.000  -0.139   0.381   0.
  2017 352 18 23  9 510 352.766082300      -5.50      2.94     -2.62  0.       -5652.767       5331.081       1048.458    0.000  -0.139   0.381   0.
  2017 352 18 23 10 510 352.766093874      -5.48      2.91     -2.69  0.       -5652.914       5329.951       1046.696    0.000  -0.139   0.381   0.
  2017 352 18 23 11 510 352.766105448      -5.46      2.89     -2.73  0.       -5653.061       5328.820       1044.934    0.000  -0.139   0.381   0.
  2017 352 18 23 12 510 352.766117023      -5.42      2.90     -2.80  0.       -5653.207       5327.689       1043.172    0.000  -0.139   0.381   0.
  2017 352 18 23 13 510 352.766128597      -5.39      2.95     -2.86  0.       -5653.353       5326.557       1041.410    0.000  -0.139   0.381   0.
  2017 352 18 23 14 510 352.766140171      -5.38      2.95     -2.97  0.       -5653.498       5325.425       1039.648    0.000  -0.139   0.381   0.
  2017 352 18 23 15 510 352.766151745      -5.42      2.96     -2.96  0.       -5653.643       5324.292       1037.885    0.000  -0.139   0.381   0.
  2017 352 18 23 16 510 352.766163319      -5.39      2.88     -2.93  0.       -5653.787       5323.159       1036.123    0.000  -0.139   0.381   0.
  2017 352 18 23 17 510 352.766174893      -5.36      2.97     -2.93  0.       -5653.931       5322.025       1034.361    0.000  -0.139   0.381   0.
  2017 352 18 23 18 510 352.766186467      -5.35      3.10     -3.10  0.       -5654.074       5320.891       1032.598    0.000  -0.139   0.381   0.
  2017 352 18 23 19 510 352.766198041      -5.45      3.11     -3.10  0.       -5654.217       5319.756       1030.836    0.000  -0.139   0.381   0.
  2017 352 18 23 20 510 352.766209615      -5.67      3.17     -2.80  0.       -5654.359       5318.621       1029.073    0.000  -0.139   0.381   0.
  2017 352 18 23 21 510 352.766221189      -5.79      3.15     -2.49  0.       -5654.501       5317.485       1027.310    0.000  -0.139   0.381   0.
  2017 352 18 23 22 510 352.766232763      -5.75      3.11     -2.45  0.       -5654.642       5316.349       1025.547    0.000  -0.139   0.381   0.
  2017 352 18 23 23 510 352.766244337      -5.72      3.07     -2.59  0.       -5654.783       5315.213       1023.784    0.000  -0.139   0.381   0.
  2017 352 18 23 24 510 352.766255911      -5.68      3.10     -2.65  0.       -5654.923       5314.076       1022.021    0.000  -0.139   0.381   0.
  2017 352 18 23 25 510 352.766267485      -5.54      3.11     -2.77  0.       -5655.062       5312.938       1020.258    0.000  -0.139   0.381   0.
  2017 352 18 23 26 510 352.766279057      -5.41      3.25     -2.76  0.       -5655.202       5311.801       1018.495    0.000  -0.139   0.381   0.
  2017 352 18 23 27 510 352.766290631      -5.23      3.38     -2.90  0.       -5655.340       5310.662       1016.731    0.000  -0.139   0.381   0.
  2017 352 18 23 28 510 352.766302205      -5.08      3.41     -3.17  0.       -5655.479       5309.523       1014.968    0.000  -0.139   0.381   0.
  2017 352 18 23 29 510 352.766313779      -5.06      3.33     -3.43  0.       -5655.616       5308.384       1013.204    0.000  -0.139   0.381   0.
  2017 352 18 23 30 510 352.766325353      -5.04      3.20     -3.67  0.       -5655.753       5307.244       1011.441    0.000  -0.139   0.381   0.
  2017 352 18 23 31 510 352.766336927      -5.08      3.08     -3.73  0.       -5655.890       5306.104       1009.677    0.000  -0.139   0.381   0.
  2017 352 18 23 32 510 352.766348501      -5.16      3.01     -3.74  0.       -5656.026       5304.963       1007.913    0.000  -0.139   0.381   0.
  2017 352 18 23 33 510 352.766360075      -5.25      2.92     -3.64  0.       -5656.162       5303.821       1006.149    0.000  -0.139   0.381   0.
  2017 352 18 23 34 510 352.766371649      -5.29      2.89     -3.54  0.       -5656.297       5302.680       1004.385    0.000  -0.139   0.381   0.
  2017 352 18 23 35 510 352.766383223      -5.27      2.77     -3.49  0.       -5656.432       5301.537       1002.621    0.000  -0.139   0.381   0.
  2017 352 18 23 36 510 352.766394797      -5.28      2.67     -3.54  0.       -5656.566       5300.395       1000.857    0.000  -0.139   0.381   0.
  2017 352 18 23 37 510 352.766406372      -5.31      2.52     -3.58  0.       -5656.699       5299.251        999.093    0.000  -0.139   0.381   0.
  2017 352 18 23 38 510 352.766417946      -5.29      2.50     -3.65  0.       -5656.833       5298.108        997.328    0.000  -0.139   0.381   0.
  2017 352 18 23 39 510 352.766429520      -5.19      2.57     -3.65  0.       -5656.965       5296.964        995.564    0.000  -0.139   0.381   0.
  2017 352 18 23 40 510 352.766441094      -5.08      2.65     -3.53  0.       -5657.097       5295.819        993.800    0.000  -0.139   0.381   0.
  2017 352 18 23 41 510 352.766452668      -5.08      2.58     -3.56  0.       -5657.229       5294.674        992.035    0.000  -0.139   0.381   0.
  2017 352 18 23 42 510 352.766464242      -5.01      2.54     -3.66  0.       -5657.360       5293.528        990.270    0.000  -0.139   0.381   0.
  2017 352 18 23 43 510 352.766475816      -5.00      2.55     -3.65  0.       -5657.491       5292.382        988.505    0.000  -0.139   0.381   0.
  2017 352 18 23 44 510 352.766487390      -4.98      2.60     -3.61  0.       -5657.621       5291.236        986.741    0.000  -0.139   0.381   0.
  2017 352 18 23 45 510 352.766498964      -4.88      2.63     -3.55  0.       -5657.750       5290.089        984.976    0.000  -0.139   0.381   0.
  2017 352 18 23 46 510 352.766510538      -4.95      2.58     -3.41  0.       -5657.879       5288.941        983.211    0.000  -0.139   0.381   0.
  2017 352 18 23 47 510 352.766522112      -5.11      2.61     -3.35  0.       -5658.008       5287.793        981.445    0.000  -0.139   0.381   0.
  2017 352 18 23 48 510 352.766533686      -5.13      2.56     -3.31  0.       -5658.136       5286.645        979.680    0.000  -0.139   0.381   0.
  2017 352 18 23 49 510 352.766545260      -5.07      2.39     -3.34  0.       -5658.264       5285.496        977.915    0.000  -0.139   0.381   0.
  2017 352 18 23 50 510 352.766556835      -4.96      2.21     -3.41  0.       -5658.391       5284.347        976.149    0.000  -0.139   0.381   0.
  2017 352 18 23 51 510 352.766568409      -5.00      2.17     -3.32  0.       -5658.517       5283.197        974.384    0.000  -0.139   0.381   0.
  2017 352 18 23 52 510 352.766579983      -4.96      2.22     -3.20  0.       -5658.643       5282.046        972.618    0.000  -0.139   0.381   0.
  2017 352 18 23 53 510 352.766591557      -4.89      2.09     -3.26  0.       -5658.769       5280.896        970.853    0.000  -0.139   0.381   0.
  2017 352 18 23 54 510 352.766603131      -4.81      2.08     -3.37  0.       -5658.894       5279.744        969.087    0.000  -0.139   0.381   0.
  2017 352 18 23 55 510 352.766614705      -4.91      1.99     -3.43  0.       -5659.018       5278.593        967.321    0.000  -0.139   0.381   0.
  2017 352 18 23 56 510 352.766626279      -4.80      1.92     -3.47  0.       -5659.142       5277.440        965.555    0.000  -0.139   0.381   0.
  2017 352 18 23 57 510 352.766637852      -4.64      1.92     -3.59  0.       -5659.265       5276.288        963.789    0.000  -0.139   0.381   0.
  2017 352 18 23 58 510 352.766649424      -4.60      1.90     -3.76  0.       -5659.388       5275.134        962.023    0.000  -0.139   0.381   0.
  2017 352 18 23 59 510 352.766660998      -4.45      1.90     -3.93  0.       -5659.511       5273.981        960.257    0.000  -0.139   0.381   0.
  2017 352 18 24  0 510 352.766672572      -4.29      1.84     -4.15  0.       -5659.633       5272.827        958.491    0.000  -0.139   0.381   0.
  2017 352 18 24  1 510 352.766684146      -4.20      1.80     -4.21  0.       -5659.754       5271.672        956.724    0.000  -0.139   0.381   0.
  2017 352 18 24  2 510 352.766695721      -4.18      1.78     -4.15  0.       -5659.875       5270.517        954.958    0.000  -0.139   0.381   0.
  2017 352 18 24  3 510 352.766707295      -4.30      1.67     -4.00  0.       -5659.995       5269.361        953.191    0.000  -0.139   0.381   0.
  2017 352 18 24  4 510 352.766718869      -4.29      1.56     -3.86  0.       -5660.115       5268.205        951.425    0.000  -0.139   0.381   0.
  2017 352 18 24  5 510 352.766730443      -4.29      1.49     -3.82  0.       -5660.235       5267.049        949.658    0.000  -0.139   0.381   0.
  2017 352 18 24  6 510 352.766742017      -4.32      1.39     -3.76  0.       -5660.353       5265.892        947.891    0.000  -0.139   0.381   0.
  2017 352 18 24  7 510 352.766753591      -4.42      1.36     -3.67  0.       -5660.472       5264.734        946.124    0.000  -0.139   0.381   0.
  2017 352 18 24  8 510 352.766765165      -4.45      1.38     -3.54  0.       -5660.590       5263.576        944.357    0.000  -0.139   0.381   0.
  2017 352 18 24  9 510 352.766776739      -4.45      1.36     -3.46  0.       -5660.707       5262.418        942.590    0.000  -0.139   0.381   0.
  2017 352 18 24 10 510 352.766788313      -4.46      1.38     -3.37  0.       -5660.824       5261.259        940.823    0.000  -0.139   0.381   0.
  2017 352 18 24 11 510 352.766799887      -4.46      1.41     -3.28  0.       -5660.940       5260.099        939.056    0.000  -0.139   0.381   0.
  2017 352 18 24 12 510 352.766811461      -4.43      1.42     -3.23  0.       -5661.056       5258.940        937.289    0.000  -0.139   0.381   0.
  2017 352 18 24 13 510 352.766823035      -4.41      1.47     -3.16  0.       -5661.171       5257.779        935.521    0.000  -0.139   0.381   0.
  2017 352 18 24 14 510 352.766834609      -4.39      1.58     -3.09  0.       -5661.286       5256.618        933.754    0.000  -0.139   0.381   0.
  2017 352 18 24 15 510 352.766846183      -4.39      1.65     -3.06  0.       -5661.400       5255.457        931.986    0.000  -0.139   0.381   0.
  2017 352 18 24 16 510 352.766857758      -4.44      1.70     -3.03  0.       -5661.514       5254.295        930.219    0.000  -0.139   0.381   0.
  2017 352 18 24 17 510 352.766869332      -4.50      1.75     -2.90  0.       -5661.627       5253.133        928.451    0.000  -0.139   0.381   0.
  2017 352 18 24 18 510 352.766880906      -4.53      1.74     -2.83  0.       -5661.739       5251.970        926.683    0.000  -0.139   0.381   0.
  2017 352 18 24 19 510 352.766892480      -4.56      1.80     -2.80  0.       -5661.851       5250.807        924.915    0.000  -0.139   0.381   0.
  2017 352 18 24 20 510 352.766904054      -4.61      1.88     -2.86  0.       -5661.963       5249.643        923.147    0.000  -0.139   0.381   0.
  2017 352 18 24 21 510 352.766915628      -4.66      1.98     -2.90  0.       -5662.074       5248.479        921.379    0.000  -0.139   0.381   0.
  2017 352 18 24 22 510 352.766927202      -4.74      2.04     -2.96  0.       -5662.185       5247.315        919.611    0.000  -0.139   0.381   0.
  2017 352 18 24 23 510 352.766938776      -4.72      2.05     -2.96  0.       -5662.295       5246.149        917.843    0.000  -0.139   0.381   0.
  2017 352 18 24 24 510 352.766950350      -4.65      2.08     -2.95  0.       -5662.405       5244.984        916.074    0.000  -0.139   0.381   0.
  2017 352 18 24 25 509 352.766961923      -4.60      2.11     -2.92  0.       -5662.514       5243.818        914.306    0.000  -0.139   0.381   0.
  2017 352 18 24 26 510 352.766973495      -4.66      2.13     -2.83  0.       -5662.622       5242.651        912.537    0.000  -0.139   0.381   0.
  2017 352 18 24 27 510 352.766985069      -4.73      2.08     -2.79  0.       -5662.730       5241.484        910.769    0.000  -0.139   0.381   0.
  2017 352 18 24 28 509 352.766996644      -4.71      2.05     -2.74  0.       -5662.838       5240.316        909.000    0.000  -0.139   0.381   0.
  2017 352 18 24 29 509 352.767008218      -4.74      2.05     -2.69  0.       -5662.945       5239.149        907.231    0.000  -0.139   0.381   0.
  2017 352 18 24 30 510 352.767019792      -4.72      2.09     -2.69  0.       -5663.051       5237.980        905.463    0.000  -0.139   0.381   0.
  2017 352 18 24 31 510 352.767031366      -4.74      2.07     -2.71  0.       -5663.157       5236.811        903.694    0.000  -0.139   0.381   0.
  2017 352 18 24 32 510 352.767042940      -4.81      2.04     -2.76  0.       -5663.263       5235.642        901.925    0.000  -0.139   0.381   0.
  2017 352 18 24 33 510 352.767054514      -4.86      2.04     -2.72  0.       -5663.368       5234.472        900.156    0.000  -0.139   0.381   0.
  2017 352 18 24 34 510 352.767066088      -4.89      2.02     -2.73  0.       -5663.472       5233.301        898.387    0.000  -0.139   0.381   0.
  2017 352 18 24 35 509 352.767077662      -4.93      2.07     -2.71  0.       -5663.576       5232.130        896.617    0.000  -0.139   0.381   0.
  2017 352 18 24 36 509 352.767089236      -4.91      2.02     -2.65  0.       -5663.679       5230.959        894.848    0.000  -0.139   0.381   0.
  2017 352 18 24 37 509 352.767100810      -4.97      1.93     -2.64  0.       -5663.782       5229.787        893.079    0.000  -0.139   0.381   0.
  2017 352 18 24 38 509 352.767112384      -4.95      1.92     -2.61  0.       -5663.885       5228.615        891.309    0.000  -0.139   0.381   0.
  2017 352 18 24 39 509 352.767123958      -4.98      1.89     -2.63  0.       -5663.986       5227.442        889.540    0.000  -0.139   0.381   0.
  2017 352 18 24 40 510 352.767135532      -4.97      1.84     -2.58  0.       -5664.088       5226.269        887.770    0.000  -0.139   0.381   0.
  2017 352 18 24 41 510 352.767147106      -4.94      1.80     -2.62  0.       -5664.189       5225.095        886.000    0.000  -0.139   0.381   0.
  2017 352 18 24 42 509 352.767158681      -4.91      1.81     -2.63  0.       -5664.289       5223.921        884.230    0.000  -0.139   0.381   0.
  2017 352 18 24 43 509 352.767170255      -4.93      1.75     -2.68  0.       -5664.389       5222.746        882.461    0.000  -0.139   0.381   0.
  2017 352 18 24 44 510 352.767181829      -4.90      1.75     -2.65  0.       -5664.488       5221.571        880.691    0.000  -0.139   0.381   0.
  2017 352 18 24 45 510 352.767193403      -4.98      1.75     -2.65  0.       -5664.586       5220.395        878.921    0.000  -0.139   0.381   0.
  2017 352 18 24 46 510 352.767204977      -5.00      1.73     -2.66  0.       -5664.685       5219.219        877.150    0.000  -0.139   0.381   0.
  2017 352 18 24 47 510 352.767216551      -4.96      1.80     -2.66  0.       -5664.782       5218.042        875.380    0.000  -0.139   0.381   0.
  2017 352 18 24 48 509 352.767228125      -4.92      1.91     -2.63  0.       -5664.879       5216.865        873.610    0.000  -0.139   0.381   0.
  2017 352 18 24 49 509 352.767239699      -5.00      1.92     -2.60  0.       -5664.976       5215.688        871.840    0.000  -0.139   0.381   0.
  2017 352 18 24 50 509 352.767251273      -5.05      1.91     -2.59  0.       -5665.072       5214.510        870.069    0.000  -0.139   0.381   0.
  2017 352 18 24 51 509 352.767262847      -5.14      1.92     -2.54  0.       -5665.167       5213.331        868.299    0.000  -0.139   0.381   0.
  2017 352 18 24 52 509 352.767274421      -5.24      1.90     -2.47  0.       -5665.263       5212.152        866.528    0.000  -0.139   0.381   0.
  2017 352 18 24 53 510 352.767285995      -5.22      1.86     -2.33  0.       -5665.357       5210.973        864.757    0.000  -0.139   0.381   0.
  2017 352 18 24 54 510 352.767297569      -5.25      1.82     -2.21  0.       -5665.451       5209.793        862.987    0.000  -0.139   0.381   0.
  2017 352 18 24 55 509 352.767309143      -5.23      1.80     -2.11  0.       -5665.545       5208.612        861.216    0.000  -0.139   0.381   0.
  2017 352 18 24 56 509 352.767320715      -5.21      1.83     -2.08  0.       -5665.638       5207.431        859.445    0.000  -0.139   0.381   0.
  2017 352 18 24 57 509 352.767332289      -5.27      1.80     -2.04  0.       -5665.730       5206.250        857.674    0.000  -0.139   0.381   0.
  2017 352 18 24 58 509 352.767343863      -5.32      1.81     -1.99  0.       -5665.822       5205.068        855.903    0.000  -0.139   0.381   0.
  2017 352 18 24 59 509 352.767355437      -5.33      1.81     -1.98  0.       -5665.913       5203.885        854.132    0.000  -0.139   0.381   0.
  2017 352 18 25  0 509 352.767367011      -5.37      1.86     -1.88  0.       -5666.004       5202.703        852.360    0.000  -0.139   0.381   0.
  2017 352 18 25  1 509 352.767378585      -5.42      1.90     -1.75  0.       -5666.095       5201.519        850.589    0.000  -0.139   0.381   0.
  2017 352 18 25  2 509 352.767390159      -5.46      1.91     -1.65  0.       -5666.185       5200.335        848.818    0.000  -0.139   0.381   0.
  2017 352 18 25  3 509 352.767401733      -5.53      1.92     -1.56  0.       -5666.274       5199.151        847.046    0.000  -0.139   0.381   0.
  2017 352 18 25  4 509 352.767413307      -5.54      1.88     -1.57  0.       -5666.363       5197.966        845.275    0.000  -0.139   0.381   0.
  2017 352 18 25  5 509 352.767424881      -5.51      1.84     -1.58  0.       -5666.451       5196.781        843.503    0.000  -0.139   0.381   0.
  2017 352 18 25  6 509 352.767436455      -5.52      1.79     -1.57  0.       -5666.539       5195.595        841.731    0.000  -0.139   0.381   0.
  2017 352 18 25  7 509 352.767448030      -5.46      1.87     -1.56  0.       -5666.626       5194.409        839.960    0.000  -0.139   0.381   0.
  2017 352 18 25  8 509 352.767459604      -5.47      1.89     -1.61  0.       -5666.712       5193.222        838.188    0.000  -0.139   0.381   0.
  2017 352 18 25  9 509 352.767471178      -5.52      1.87     -1.68  0.       -5666.799       5192.035        836.416    0.000  -0.139   0.381   0.
  2017 352 18 25 10 509 352.767482752      -5.54      1.89     -1.73  0.       -5666.884       5190.847        834.644    0.000  -0.139   0.381   0.
  2017 352 18 25 11 509 352.767494326      -5.53      1.81     -1.79  0.       -5666.969       5189.659        832.872    0.000  -0.139   0.381   0.
  2017 352 18 25 12 509 352.767505900      -5.54      1.76     -1.84  0.       -5667.054       5188.470        831.099    0.000  -0.139   0.381   0.
  2017 352 18 25 13 509 352.767517474      -5.59      1.75     -1.93  0.       -5667.138       5187.281        829.327    0.000  -0.139   0.381   0.
  2017 352 18 25 14 509 352.767529048      -5.63      1.76     -2.01  0.       -5667.221       5186.092        827.555    0.000  -0.139   0.381   0.
  2017 352 18 25 15 509 352.767540622      -5.66      1.76     -2.04  0.       -5667.304       5184.902        825.782    0.000  -0.139   0.381   0.
  2017 352 18 25 16 509 352.767552196      -5.73      1.77     -1.99  0.       -5667.387       5183.711        824.010    0.000  -0.139   0.381   0.
  2017 352 18 25 17 509 352.767563770      -5.74      1.75     -1.94  0.       -5667.469       5182.520        822.237    0.000  -0.139   0.381   0.
  2017 352 18 25 18 509 352.767575344      -5.70      1.73     -1.90  0.       -5667.550       5181.328        820.465    0.000  -0.139   0.381   0.
  2017 352 18 25 19 509 352.767586918      -5.71      1.69     -1.90  0.       -5667.631       5180.136        818.692    0.000  -0.139   0.381   0.
  2017 352 18 25 20 509 352.767598492      -5.70      1.61     -1.92  0.       -5667.711       5178.944        816.919    0.000  -0.139   0.381   0.
  2017 352 18 25 21 509 352.767610067      -5.61      1.61     -1.94  0.       -5667.791       5177.751        815.147    0.000  -0.139   0.381   0.
  2017 352 18 25 22 509 352.767621641      -5.58      1.59     -2.01  0.       -5667.871       5176.557        813.374    0.000  -0.139   0.381   0.
  2017 352 18 25 23 509 352.767633215      -5.55      1.56     -2.04  0.       -5667.949       5175.363        811.601    0.000  -0.139   0.381   0.
  2017 352 18 25 24 509 352.767644789      -5.43      1.57     -2.02  0.       -5668.028       5174.169        809.828    0.000  -0.139   0.381   0.
  2017 352 18 25 25 509 352.767656362      -5.45      1.64     -1.99  0.       -5668.105       5172.974        808.054    0.000  -0.139   0.381   0.
  2017 352 18 25 26 509 352.767667934      -5.44      1.65     -1.96  0.       -5668.183       5171.779        806.281    0.000  -0.139   0.381   0.
  2017 352 18 25 27 509 352.767679508      -5.39      1.70     -1.97  0.       -5668.259       5170.583        804.508    0.000  -0.139   0.381   0.
  2017 352 18 25 28 509 352.767691082      -5.40      1.76     -1.96  0.       -5668.335       5169.386        802.734    0.000  -0.139   0.381   0.
  2017 352 18 25 29 509 352.767702656      -5.44      1.80     -1.99  0.       -5668.411       5168.190        800.961    0.000  -0.139   0.381   0.
  2017 352 18 25 30 509 352.767714230      -5.43      1.82     -2.07  0.       -5668.486       5166.992        799.187    0.000  -0.139   0.381   0.
  2017 352 18 25 31 509 352.767725804      -5.46      1.89     -2.15  0.       -5668.561       5165.794        797.414    0.000  -0.139   0.381   0.
  2017 352 18 25 32 509 352.767737379      -5.49      1.93     -2.17  0.       -5668.635       5164.596        795.640    0.000  -0.139   0.381   0.
  2017 352 18 25 33 509 352.767748953      -5.50      1.98     -2.18  0.       -5668.708       5163.397        793.866    0.000  -0.139   0.381   0.
  2017 352 18 25 34 509 352.767760527      -5.52      2.03     -2.08  0.       -5668.781       5162.198        792.093    0.000  -0.139   0.381   0.
  2017 352 18 25 35 509 352.767772101      -5.60      2.02     -1.93  0.       -5668.854       5160.998        790.319    0.000  -0.139   0.381   0.
  2017 352 18 25 36 509 352.767783675      -5.61      1.96     -1.86  0.       -5668.926       5159.798        788.545    0.000  -0.139   0.381   0.
  2017 352 18 25 37 509 352.767795249      -5.61      1.97     -1.84  0.       -5668.997       5158.597        786.771    0.000  -0.139   0.381   0.
  2017 352 18 25 38 509 352.767806823      -5.64      1.98     -1.83  0.       -5669.068       5157.396        784.996    0.000  -0.139   0.381   0.
  2017 352 18 25 39 509 352.767818397      -5.56      2.07     -1.88  0.       -5669.138       5156.195        783.222    0.000  -0.139   0.381   0.
  2017 352 18 25 40 509 352.767829971      -5.58      2.11     -2.01  0.       -5669.208       5154.992        781.448    0.000  -0.139   0.381   0.
  2017 352 18 25 41 509 352.767841545      -5.52      2.29     -2.06  0.       -5669.277       5153.790        779.674    0.000  -0.139   0.381   0.
  2017 352 18 25 42 509 352.767853119      -5.53      2.31     -2.12  0.       -5669.346       5152.587        777.899    0.000  -0.139   0.381   0.
  2017 352 18 25 43 509 352.767864693      -5.63      2.30     -2.21  0.       -5669.414       5151.383        776.125    0.000  -0.139   0.381   0.
  2017 352 18 25 44 509 352.767876267      -5.67      2.34     -2.16  0.       -5669.482       5150.179        774.350    0.000  -0.139   0.381   0.
  2017 352 18 25 45 509 352.767887841      -5.63      2.34     -2.11  0.       -5669.549       5148.974        772.576    0.000  -0.139   0.381   0.
  2017 352 18 25 46 509 352.767899415      -5.64      2.29     -2.14  0.       -5669.615       5147.769        770.801    0.000  -0.139   0.381   0.
  2017 352 18 25 47 509 352.767910990      -5.68      2.18     -2.19  0.       -5669.681       5146.564        769.026    0.000  -0.139   0.381   0.
  2017 352 18 25 48 509 352.767922564      -5.66      2.16     -2.20  0.       -5669.747       5145.358        767.251    0.000  -0.139   0.381   0.
  2017 352 18 25 49 509 352.767934138      -5.69      2.08     -2.26  0.       -5669.812       5144.151        765.476    0.000  -0.139   0.381   0.
  2017 352 18 25 50 509 352.767945712      -5.70      2.06     -2.27  0.       -5669.876       5142.944        763.701    0.000  -0.139   0.381   0.
  2017 352 18 25 51 509 352.767957286      -5.69      2.07     -2.29  0.       -5669.940       5141.737        761.926    0.000  -0.139   0.381   0.
  2017 352 18 25 52 509 352.767968860      -5.68      2.02     -2.31  0.       -5670.004       5140.529        760.151    0.000  -0.139   0.381   0.
  2017 352 18 25 53 509 352.767980433      -5.69      1.99     -2.29  0.       -5670.067       5139.320        758.376    0.000  -0.139   0.381   0.
  2017 352 18 25 54 509 352.767992005      -5.66      1.95     -2.31  0.       -5670.129       5138.111        756.601    0.000  -0.139   0.381   0.
  2017 352 18 25 55 509 352.768003579      -5.70      1.91     -2.36  0.       -5670.191       5136.902        754.825    0.000  -0.139   0.381   0.
  2017 352 18 25 56 509 352.768015153      -5.75      1.86     -2.41  0.       -5670.252       5135.692        753.050    0.000  -0.139   0.381   0.
  2017 352 18 25 57 509 352.768026727      -5.72      1.88     -2.41  0.       -5670.313       5134.482        751.274    0.000  -0.139   0.381   0.
  2017 352 18 25 58 509 352.768038302      -5.67      1.90     -2.46  0.       -5670.373       5133.271        749.499    0.000  -0.139   0.381   0.
  2017 352 18 25 59 509 352.768049876      -5.69      1.94     -2.49  0.       -5670.433       5132.059        747.723    0.000  -0.139   0.381   0.
  2017 352 18 26  0 509 352.768061450      -5.73      1.97     -2.49  0.       -5670.492       5130.848        745.947    0.000  -0.139   0.381   0.
  2017 352 18 26  1 509 352.768073024      -5.76      1.98     -2.52  0.       -5670.550       5129.635        744.172    0.000  -0.139   0.381   0.
  2017 352 18 26  2 509 352.768084598      -5.73      2.07     -2.55  0.       -5670.608       5128.422        742.396    0.000  -0.139   0.381   0.
  2017 352 18 26  3 509 352.768096172      -5.76      2.24     -2.42  0.       -5670.666       5127.209        740.620    0.000  -0.139   0.381   0.
  2017 352 18 26  4 509 352.768107746      -5.75      2.35     -2.35  0.       -5670.723       5125.995        738.844    0.000  -0.139   0.381   0.
  2017 352 18 26  5 509 352.768119320      -5.79      2.55     -2.27  0.       -5670.779       5124.781        737.068    0.000  -0.139   0.381   0.
  2017 352 18 26  6 509 352.768130894      -5.76      2.82     -2.07  0.       -5670.835       5123.566        735.292    0.000  -0.139   0.381   0.
  2017 352 18 26  7 509 352.768142468      -5.75      2.87     -2.02  0.       -5670.891       5122.351        733.515    0.000  -0.139   0.381   0.
  2017 352 18 26  8 509 352.768154042      -5.78      2.97     -2.02  0.       -5670.945       5121.135        731.739    0.000  -0.139   0.381   0.
  2017 352 18 26  9 509 352.768165616      -5.77      3.01     -2.12  0.       -5671.000       5119.919        729.963    0.000  -0.139   0.381   0.
  2017 352 18 26 10 509 352.768177190      -5.76      3.04     -2.21  0.       -5671.053       5118.703        728.187    0.000  -0.139   0.381   0.
  2017 352 18 26 11 509 352.768188764      -5.79      2.96     -2.31  0.       -5671.107       5117.485        726.410    0.000  -0.139   0.381   0.
  2017 352 18 26 12 509 352.768200339      -5.79      2.91     -2.37  0.       -5671.159       5116.268        724.634    0.000  -0.139   0.381   0.
  2017 352 18 26 13 509 352.768211913      -5.82      2.86     -2.42  0.       -5671.211       5115.050        722.857    0.000  -0.139   0.381   0.
  2017 352 18 26 14 509 352.768223487      -5.84      2.79     -2.41  0.       -5671.263       5113.831        721.080    0.000  -0.139   0.381   0.
  2017 352 18 26 15 509 352.768235061      -5.86      2.76     -2.40  0.       -5671.314       5112.612        719.304    0.000  -0.139   0.381   0.
  2017 352 18 26 16 509 352.768246635      -5.88      2.72     -2.42  0.       -5671.365       5111.392        717.527    0.000  -0.139   0.381   0.
  2017 352 18 26 17 509 352.768258209      -5.84      2.73     -2.40  0.       -5671.415       5110.172        715.750    0.000  -0.139   0.381   0.
  2017 352 18 26 18 509 352.768269783      -5.88      2.67     -2.45  0.       -5671.464       5108.952        713.973    0.000  -0.139   0.381   0.
  2017 352 18 26 19 509 352.768281357      -5.87      2.65     -2.40  0.       -5671.513       5107.730        712.196    0.000  -0.139   0.381   0.
  2017 352 18 26 20 509 352.768292931      -5.80      2.69     -2.41  0.       -5671.561       5106.509        710.419    0.000  -0.139   0.381   0.
  2017 352 18 26 21 509 352.768304505      -5.76      2.74     -2.39  0.       -5671.609       5105.287        708.642    0.000  -0.139   0.381   0.
  2017 352 18 26 22 509 352.768316079      -5.77      2.79     -2.42  0.       -5671.656       5104.064        706.864    0.000  -0.139   0.381   0.
  2017 352 18 26 23 509 352.768327653      -5.73      2.79     -2.50  0.       -5671.703       5102.841        705.087    0.000  -0.139   0.381   0.
  2017 352 18 26 24 508 352.768339225      -5.80      2.83     -2.53  0.       -5671.749       5101.618        703.310    0.000  -0.139   0.381   0.
  2017 352 18 26 25 508 352.768350799      -5.88      2.78     -2.58  0.       -5671.795       5100.394        701.532    0.000  -0.139   0.381   0.
  2017 352 18 26 26 509 352.768362373      -5.93      2.80     -2.66  0.       -5671.840       5099.169        699.755    0.000  -0.139   0.381   0.
  2017 352 18 26 27 509 352.768373947      -6.01      2.77     -2.72  0.       -5671.885       5097.945        697.977    0.000  -0.139   0.381   0.
  2017 352 18 26 28 509 352.768385521      -6.03      2.62     -2.84  0.       -5671.929       5096.719        696.200    0.000  -0.139   0.381   0.
  2017 352 18 26 29 509 352.768397095      -6.00      2.46     -3.02  0.       -5671.972       5095.493        694.422    0.000  -0.139   0.381   0.
  2017 352 18 26 30 509 352.768408669      -6.02      2.42     -3.12  0.       -5672.015       5094.267        692.644    0.000  -0.139   0.381   0.
  2017 352 18 26 31 508 352.768420243      -5.98      2.47     -3.09  0.       -5672.058       5093.040        690.866    0.000  -0.139   0.381   0.
  2017 352 18 26 32 508 352.768431817      -5.95      2.51     -3.04  0.       -5672.100       5091.813        689.089    0.000  -0.139   0.381   0.
  2017 352 18 26 33 508 352.768443391      -5.95      2.54     -3.00  0.       -5672.141       5090.585        687.311    0.000  -0.139   0.381   0.
  2017 352 18 26 34 508 352.768454965      -5.95      2.46     -3.00  0.       -5672.182       5089.356        685.533    0.000  -0.139   0.381   0.
  2017 352 18 26 35 509 352.768466539      -5.93      2.45     -3.00  0.       -5672.222       5088.127        683.755    0.000  -0.139   0.381   0.
  2017 352 18 26 36 509 352.768478113      -5.95      2.48     -2.97  0.       -5672.262       5086.898        681.976    0.000  -0.139   0.381   0.
  2017 352 18 26 37 508 352.768489687      -5.94      2.49     -2.86  0.       -5672.301       5085.668        680.198    0.000  -0.139   0.381   0.
  2017 352 18 26 38 508 352.768501262      -5.94      2.48     -2.83  0.       -5672.340       5084.438        678.420    0.000  -0.139   0.381   0.
  2017 352 18 26 39 509 352.768512836      -5.99      2.52     -2.74  0.       -5672.378       5083.207        676.642    0.000  -0.139   0.381   0.
  2017 352 18 26 40 509 352.768524410      -5.99      2.52     -2.66  0.       -5672.415       5081.976        674.863    0.000  -0.139   0.381   0.
  2017 352 18 26 41 509 352.768535984      -6.07      2.46     -2.61  0.       -5672.452       5080.744        673.085    0.000  -0.139   0.381   0.
  2017 352 18 26 42 509 352.768547558      -6.01      2.41     -2.61  0.       -5672.489       5079.512        671.306    0.000  -0.139   0.381   0.
  2017 352 18 26 43 509 352.768559132      -5.96      2.29     -2.63  0.       -5672.525       5078.279        669.528    0.000  -0.139   0.381   0.
  2017 352 18 26 44 508 352.768570706      -6.03      2.17     -2.69  0.       -5672.560       5077.046        667.749    0.000  -0.139   0.381   0.
  2017 352 18 26 45 508 352.768582280      -5.94      2.08     -2.76  0.       -5672.595       5075.812        665.970    0.000  -0.139   0.381   0.
  2017 352 18 26 46 508 352.768593854      -5.91      2.08     -2.69  0.       -5672.629       5074.578        664.191    0.000  -0.139   0.381   0.
  2017 352 18 26 47 508 352.768605428      -5.83      2.04     -2.67  0.       -5672.663       5073.343        662.413    0.000  -0.139   0.381   0.
  2017 352 18 26 48 508 352.768617002      -5.79      2.01     -2.58  0.       -5672.696       5072.108        660.634    0.000  -0.139   0.381   0.
  2017 352 18 26 49 509 352.768628576      -5.74      1.97     -2.59  0.       -5672.728       5070.873        658.855    0.000  -0.139   0.381   0.
  2017 352 18 26 50 509 352.768640150      -5.79      1.89     -2.66  0.       -5672.761       5069.637        657.076    0.000  -0.139   0.381   0.
  2017 352 18 26 51 508 352.768651725      -5.81      1.89     -2.67  0.       -5672.793       5068.400        655.297    0.000  -0.139   0.381   0.
  2017 352 18 26 52 508 352.768663299      -5.80      1.89     -2.67  0.       -5672.823       5067.163        653.517    0.000  -0.139   0.381   0.
  2017 352 18 26 53 509 352.768674872      -5.85      1.95     -2.67  0.       -5672.854       5065.925        651.738    0.000  -0.139   0.381   0.
  2017 352 18 26 54 508 352.768686444      -5.92      2.00     -2.63  0.       -5672.884       5064.687        649.959    0.000  -0.139   0.381   0.
  2017 352 18 26 55 508 352.768698018      -5.97      2.09     -2.51  0.       -5672.913       5063.448        648.180    0.000  -0.139   0.381   0.
  2017 352 18 26 56 508 352.768709592      -5.97      2.16     -2.46  0.       -5672.942       5062.209        646.400    0.000  -0.139   0.381   0.
  2017 352 18 26 57 508 352.768721166      -6.07      2.21     -2.50  0.       -5672.970       5060.970        644.621    0.000  -0.139   0.381   0.
  2017 352 18 26 58 508 352.768732740      -6.18      2.23     -2.55  0.       -5672.998       5059.730        642.841    0.000  -0.139   0.381   0.
  2017 352 18 26 59 508 352.768744314      -6.17      2.23     -2.60  0.       -5673.025       5058.489        641.061    0.000  -0.139   0.381   0.
  2017 352 18 27  0 508 352.768755888      -6.24      2.23     -2.70  0.       -5673.052       5057.248        639.282    0.000  -0.139   0.381   0.
  2017 352 18 27  1 508 352.768767462      -6.23      2.27     -2.64  0.       -5673.078       5056.007        637.502    0.000  -0.139   0.381   0.
  2017 352 18 27  2 508 352.768779036      -6.12      2.31     -2.63  0.       -5673.104       5054.765        635.722    0.000  -0.139   0.381   0.
  2017 352 18 27  3 508 352.768790611      -6.09      2.32     -2.69  0.       -5673.129       5053.522        633.942    0.000  -0.139   0.381   0.
  2017 352 18 27  4 508 352.768802185      -6.09      2.42     -2.74  0.       -5673.153       5052.279        632.163    0.000  -0.139   0.381   0.
  2017 352 18 27  5 508 352.768813759      -6.07      2.45     -2.73  0.       -5673.177       5051.036        630.383    0.000  -0.139   0.381   0.
  2017 352 18 27  6 508 352.768825333      -6.10      2.54     -2.67  0.       -5673.200       5049.792        628.603    0.000  -0.139   0.381   0.
  2017 352 18 27  7 508 352.768836907      -6.18      2.60     -2.57  0.       -5673.223       5048.547        626.822    0.000  -0.139   0.381   0.
  2017 352 18 27  8 508 352.768848481      -6.22      2.72     -2.35  0.       -5673.245       5047.303        625.042    0.000  -0.139   0.381   0.
  2017 352 18 27  9 508 352.768860055      -6.29      2.78     -2.26  0.       -5673.267       5046.057        623.262    0.000  -0.139   0.381   0.
  2017 352 18 27 10 508 352.768871629      -6.34      2.78     -2.25  0.       -5673.288       5044.811        621.482    0.000  -0.139   0.381   0.
  2017 352 18 27 11 508 352.768883203      -6.27      2.71     -2.33  0.       -5673.309       5043.565        619.701    0.000  -0.139   0.381   0.
  2017 352 18 27 12 508 352.768894777      -6.31      2.59     -2.41  0.       -5673.329       5042.318        617.921    0.000  -0.139   0.381   0.
  2017 352 18 27 13 508 352.768906351      -6.33      2.51     -2.49  0.       -5673.348       5041.070        616.141    0.000  -0.139   0.381   0.
  2017 352 18 27 14 508 352.768917925      -6.25      2.48     -2.50  0.       -5673.367       5039.823        614.360    0.000  -0.139   0.381   0.
  2017 352 18 27 15 508 352.768929499      -6.26      2.50     -2.51  0.       -5673.386       5038.574        612.580    0.000  -0.139   0.381   0.
  2017 352 18 27 16 508 352.768941073      -6.24      2.50     -2.61  0.       -5673.404       5037.325        610.799    0.000  -0.139   0.381   0.
  2017 352 18 27 17 508 352.768952648      -6.29      2.58     -2.53  0.       -5673.421       5036.076        609.018    0.000  -0.139   0.381   0.
  2017 352 18 27 18 508 352.768964222      -6.36      2.56     -2.42  0.       -5673.438       5034.826        607.237    0.000  -0.139   0.381   0.
  2017 352 18 27 19 508 352.768975796      -6.54      2.50     -2.22  0.       -5673.454       5033.576        605.457    0.000  -0.139   0.381   0.
  2017 352 18 27 20 508 352.768987370      -6.58      2.52     -2.14  0.       -5673.469       5032.325        603.676    0.000  -0.139   0.381   0.
  2017 352 18 27 21 508 352.768998944      -6.53      2.52     -2.17  0.       -5673.485       5031.074        601.895    0.000  -0.139   0.381   0.
  2017 352 18 27 22 508 352.769010518      -6.51      2.55     -2.21  0.       -5673.499       5029.822        600.114    0.000  -0.139   0.381   0.
  2017 352 18 27 23 508 352.769022091      -6.52      2.51     -2.18  0.       -5673.513       5028.570        598.333    0.000  -0.139   0.381   0.
  2017 352 18 27 24 508 352.769033663      -6.51      2.47     -2.22  0.       -5673.527       5027.317        596.552    0.000  -0.139   0.381   0.
  2017 352 18 27 25 508 352.769045237      -6.53      2.45     -2.33  0.       -5673.539       5026.064        594.771    0.000  -0.139   0.381   0.
  2017 352 18 27 26 508 352.769056811      -6.55      2.47     -2.39  0.       -5673.552       5024.810        592.990    0.000  -0.139   0.381   0.
  2017 352 18 27 27 508 352.769068385      -6.51      2.44     -2.46  0.       -5673.564       5023.556        591.208    0.000  -0.139   0.381   0.
  2017 352 18 27 28 508 352.769079960      -6.46      2.51     -2.50  0.       -5673.575       5022.301        589.427    0.000  -0.139   0.381   0.
  2017 352 18 27 29 508 352.769091534      -6.33      2.66     -2.58  0.       -5673.585       5021.046        587.645    0.000  -0.139   0.381   0.
  2017 352 18 27 30 508 352.769103108      -6.25      2.73     -2.68  0.       -5673.596       5019.790        585.864    0.000  -0.139   0.381   0.
  2017 352 18 27 31 508 352.769114682      -6.19      2.79     -2.68  0.       -5673.605       5018.534        584.082    0.000  -0.139   0.381   0.
  2017 352 18 27 32 508 352.769126256      -6.23      2.85     -2.54  0.       -5673.614       5017.277        582.301    0.000  -0.139   0.381   0.
  2017 352 18 27 33 508 352.769137830      -6.23      2.80     -2.49  0.       -5673.623       5016.020        580.519    0.000  -0.139   0.381   0.
  2017 352 18 27 34 508 352.769149404      -6.22      2.73     -2.46  0.       -5673.630       5014.762        578.738    0.000  -0.139   0.381   0.
  2017 352 18 27 35 508 352.769160978      -6.20      2.69     -2.48  0.       -5673.638       5013.504        576.956    0.000  -0.139   0.381   0.
  2017 352 18 27 36 508 352.769172552      -6.16      2.61     -2.56  0.       -5673.645       5012.246        575.174    0.000  -0.139   0.381   0.
  2017 352 18 27 37 508 352.769184126      -6.11      2.57     -2.70  0.       -5673.651       5010.987        573.392    0.000  -0.139   0.381   0.
  2017 352 18 27 38 508 352.769195700      -6.09      2.49     -2.75  0.       -5673.657       5009.727        571.610    0.000  -0.139   0.381   0.
  2017 352 18 27 39 508 352.769207274      -6.12      2.46     -2.64  0.       -5673.662       5008.467        569.828    0.000  -0.139   0.381   0.
  2017 352 18 27 40 508 352.769218848      -6.20      2.43     -2.56  0.       -5673.666       5007.206        568.046    0.000  -0.139   0.381   0.
  2017 352 18 27 41 508 352.769230423      -6.21      2.50     -2.45  0.       -5673.670       5005.945        566.264    0.000  -0.139   0.381   0.
  2017 352 18 27 42 508 352.769241996      -6.21      2.52     -2.34  0.       -5673.674       5004.684        564.482    0.000  -0.139   0.381   0.
  2017 352 18 27 43 508 352.769253571      -6.28      2.51     -2.19  0.       -5673.677       5003.421        562.700    0.000  -0.139   0.381   0.
  2017 352 18 27 44 508 352.769265145      -6.31      2.56     -2.05  0.       -5673.679       5002.159        560.918    0.000  -0.139   0.381   0.
  2017 352 18 27 45 508 352.769276719      -6.33      2.39     -2.03  0.       -5673.681       5000.896        559.136    0.000  -0.139   0.381   0.
  2017 352 18 27 46 508 352.769288293      -6.41      2.30     -1.92  0.       -5673.682       4999.632        557.353    0.000  -0.139   0.381   0.
  2017 352 18 27 47 508 352.769299867      -6.44      2.28     -1.86  0.       -5673.683       4998.368        555.571    0.000  -0.139   0.381   0.
  2017 352 18 27 48 508 352.769311441      -6.47      2.27     -1.75  0.       -5673.683       4997.104        553.788    0.000  -0.139   0.381   0.
  2017 352 18 27 49 508 352.769323015      -6.52      2.22     -1.74  0.       -5673.682       4995.839        552.006    0.000  -0.139   0.381   0.
  2017 352 18 27 50 508 352.769334589      -6.55      2.19     -1.69  0.       -5673.681       4994.573        550.223    0.000  -0.139   0.381   0.
  2017 352 18 27 51 508 352.769346163      -6.57      2.19     -1.68  0.       -5673.680       4993.307        548.441    0.000  -0.139   0.381   0.
  2017 352 18 27 52 508 352.769357737      -6.58      2.16     -1.66  0.       -5673.678       4992.041        546.658    0.000  -0.139   0.381   0.
  2017 352 18 27 53 508 352.769369311      -6.62      2.15     -1.60  0.       -5673.675       4990.774        544.875    0.000  -0.139   0.381   0.
  2017 352 18 27 54 508 352.769380883      -6.68      2.08     -1.58  0.       -5673.672       4989.506        543.093    0.000  -0.139   0.381   0.
  2017 352 18 27 55 508 352.769392457      -6.63      2.07     -1.49  0.       -5673.668       4988.238        541.310    0.000  -0.139   0.381   0.
  2017 352 18 27 56 508 352.769404031      -6.66      2.08     -1.37  0.       -5673.664       4986.970        539.527    0.000  -0.139   0.381   0.
  2017 352 18 27 57 508 352.769415605      -6.73      2.08     -1.32  0.       -5673.659       4985.701        537.744    0.000  -0.139   0.381   0.
  2017 352 18 27 58 508 352.769427179      -6.74      2.12     -1.31  0.       -5673.653       4984.431        535.961    0.000  -0.139   0.381   0.
  2017 352 18 27 59 508 352.769438753      -6.74      2.17     -1.26  0.       -5673.647       4983.161        534.178    0.000  -0.139   0.381   0.
  2017 352 18 28  0 508 352.769450327      -6.66      2.31     -1.30  0.       -5673.641       4981.891        532.395    0.000  -0.139   0.381   0.
  2017 352 18 28  1 508 352.769461901      -6.48      2.55     -1.37  0.       -5673.634       4980.620        530.612    0.000  -0.139   0.381   0.
  2017 352 18 28  2 508 352.769473475      -6.34      2.68     -1.42  0.       -5673.626       4979.349        528.829    0.000  -0.139   0.381   0.
  2017 352 18 28  3 508 352.769485049      -6.30      2.69     -1.42  0.       -5673.618       4978.077        527.045    0.000  -0.139   0.381   0.
  2017 352 18 28  4 508 352.769496623      -6.31      2.58     -1.46  0.       -5673.609       4976.804        525.262    0.000  -0.139   0.381   0.
  2017 352 18 28  5 508 352.769508197      -6.41      2.32     -1.46  0.       -5673.599       4975.531        523.479    0.000  -0.139   0.381   0.
  2017 352 18 28  6 508 352.769519771      -6.46      2.16     -1.44  0.       -5673.589       4974.258        521.695    0.000  -0.139   0.381   0.
  2017 352 18 28  7 508 352.769531345      -6.38      2.05     -1.40  0.       -5673.579       4972.984        519.912    0.000  -0.139   0.381   0.
  2017 352 18 28  8 508 352.769542920      -6.43      2.06     -1.30  0.       -5673.568       4971.710        518.128    0.000  -0.139   0.381   0.
  2017 352 18 28  9 508 352.769554494      -6.45      2.00     -1.39  0.       -5673.556       4970.435        516.345    0.000  -0.139   0.381   0.
  2017 352 18 28 10 508 352.769566068      -6.40      1.92     -1.54  0.       -5673.544       4969.160        514.561    0.000  -0.139   0.381   0.
  2017 352 18 28 11 508 352.769577642      -6.36      1.77     -1.62  0.       -5673.531       4967.884        512.778    0.000  -0.139   0.381   0.
  2017 352 18 28 12 508 352.769589216      -6.37      1.77     -1.63  0.       -5673.518       4966.607        510.994    0.000  -0.139   0.381   0.
  2017 352 18 28 13 508 352.769600790      -6.41      1.78     -1.68  0.       -5673.504       4965.331        509.210    0.000  -0.139   0.381   0.
  2017 352 18 28 14 508 352.769612364      -6.47      1.84     -1.71  0.       -5673.490       4964.053        507.426    0.000  -0.139   0.381   0.
  2017 352 18 28 15 508 352.769623938      -6.45      1.92     -1.76  0.       -5673.475       4962.775        505.642    0.000  -0.139   0.381   0.
  2017 352 18 28 16 508 352.769635512      -6.52      2.01     -1.77  0.       -5673.459       4961.497        503.858    0.000  -0.139   0.381   0.
  2017 352 18 28 17 508 352.769647086      -6.55      2.06     -1.74  0.       -5673.443       4960.218        502.075    0.000  -0.139   0.381   0.
  2017 352 18 28 18 508 352.769658660      -6.52      1.97     -1.72  0.       -5673.426       4958.939        500.291    0.000  -0.139   0.381   0.
  2017 352 18 28 19 508 352.769670234      -6.50      1.88     -1.71  0.       -5673.409       4957.659        498.507    0.000  -0.139   0.381   0.
  2017 352 18 28 20 508 352.769681808      -6.52      1.73     -1.87  0.       -5673.391       4956.379        496.722    0.000  -0.139   0.381   0.
  2017 352 18 28 21 508 352.769693383      -6.41      1.79     -1.81  0.       -5673.373       4955.098        494.938    0.000  -0.139   0.381   0.
  2017 352 18 28 22 508 352.769704957      -6.42      1.86     -1.83  0.       -5673.354       4953.817        493.154    0.000  -0.139   0.381   0.
  2017 352 18 28 23 508 352.769716530      -6.38      2.03     -1.85  0.       -5673.334       4952.535        491.370    0.000  -0.139   0.381   0.
  2017 352 18 28 24 508 352.769728102      -6.28      2.21     -1.87  0.       -5673.314       4951.253        489.586    0.000  -0.139   0.381   0.
  2017 352 18 28 25 508 352.769739676      -6.19      2.27     -1.92  0.       -5673.294       4949.970        487.801    0.000  -0.139   0.381   0.
  2017 352 18 28 26 508 352.769751250      -6.13      2.40     -2.07  0.       -5673.272       4948.687        486.017    0.000  -0.139   0.381   0.
  2017 352 18 28 27 507 352.769762824      -6.10      2.61     -2.14  0.       -5673.250       4947.403        484.232    0.000  -0.139   0.381   0.
  2017 352 18 28 28 507 352.769774398      -5.99      2.70     -2.26  0.       -5673.228       4946.119        482.448    0.000  -0.139   0.381   0.
  2017 352 18 28 29 507 352.769785972      -5.97      2.72     -2.37  0.       -5673.205       4944.834        480.663    0.000  -0.139   0.381   0.
  2017 352 18 28 30 507 352.769797546      -5.96      2.84     -2.42  0.       -5673.182       4943.549        478.879    0.000  -0.139   0.381   0.
  2017 352 18 28 31 508 352.769809120      -5.96      2.82     -2.35  0.       -5673.158       4942.263        477.094    0.000  -0.139   0.381   0.
  2017 352 18 28 32 508 352.769820694      -5.99      2.82     -2.25  0.       -5673.133       4940.977        475.309    0.000  -0.139   0.381   0.
  2017 352 18 28 33 507 352.769832269      -5.99      2.78     -2.17  0.       -5673.108       4939.690        473.525    0.000  -0.139   0.381   0.
  2017 352 18 28 34 507 352.769843843      -5.97      2.76     -2.04  0.       -5673.082       4938.403        471.740    0.000  -0.139   0.381   0.
  2017 352 18 28 35 508 352.769855417      -6.08      2.71     -1.85  0.       -5673.056       4937.115        469.955    0.000  -0.139   0.381   0.
  2017 352 18 28 36 508 352.769866991      -6.18      2.72     -1.51  0.       -5673.029       4935.827        468.170    0.000  -0.139   0.381   0.
  2017 352 18 28 37 508 352.769878565      -6.06      2.79     -1.43  0.       -5673.002       4934.538        466.385    0.000  -0.139   0.381   0.
  2017 352 18 28 38 508 352.769890139      -5.86      3.02     -1.55  0.       -5672.973       4933.249        464.600    0.000  -0.139   0.381   0.
  2017 352 18 28 39 508 352.769901713      -5.75      3.19     -1.60  0.       -5672.945       4931.960        462.815    0.000  -0.139   0.381   0.
  2017 352 18 28 40 507 352.769913287      -5.59      3.37     -1.59  0.       -5672.916       4930.669        461.030    0.000  -0.139   0.381   0.
  2017 352 18 28 41 507 352.769924861      -5.50      3.46     -1.62  0.       -5672.886       4929.379        459.245    0.000  -0.139   0.381   0.
  2017 352 18 28 42 507 352.769936435      -5.47      3.34     -1.68  0.       -5672.856       4928.087        457.460    0.000  -0.139   0.381   0.
  2017 352 18 28 43 507 352.769948009      -5.51      3.25     -1.80  0.       -5672.825       4926.796        455.675    0.000  -0.139   0.381   0.
  2017 352 18 28 44 507 352.769959583      -5.64      3.18     -1.99  0.       -5672.794       4925.504        453.890    0.000  -0.139   0.381   0.
  2017 352 18 28 45 508 352.769971157      -5.85      3.12     -2.08  0.       -5672.762       4924.211        452.104    0.000  -0.139   0.381   0.
  2017 352 18 28 46 508 352.769982731      -5.91      3.05     -2.16  0.       -5672.729       4922.918        450.319    0.000  -0.139   0.381   0.
  2017 352 18 28 47 507 352.769994306      -5.97      3.06     -2.20  0.       -5672.696       4921.624        448.534    0.000  -0.139   0.381   0.
  2017 352 18 28 48 507 352.770005880      -5.99      3.09     -2.11  0.       -5672.662       4920.330        446.748    0.000  -0.139   0.381   0.
  2017 352 18 28 49 508 352.770017454      -5.97      2.86     -2.12  0.       -5672.628       4919.036        444.963    0.000  -0.139   0.381   0.
  2017 352 18 28 50 508 352.770029028      -5.88      2.46     -2.43  0.       -5672.593       4917.740        443.177    0.000  -0.139   0.381   0.
  2017 352 18 28 51 508 352.770040601      -5.65      1.98     -2.62  0.       -5672.557       4916.445        441.392    0.000  -0.139   0.381   0.
  2017 352 18 28 52 507 352.770052173      -5.58      1.68     -2.75  0.       -5672.521       4915.149        439.606    0.000  -0.139   0.381   0.
  2017 352 18 28 53 507 352.770063747      -5.61      1.62     -2.75  0.       -5672.485       4913.852        437.821    0.000  -0.139   0.381   0.
  2017 352 18 28 54 507 352.770075321      -5.66      1.65     -2.79  0.       -5672.448       4912.555        436.035    0.000  -0.139   0.381   0.
  2017 352 18 28 55 507 352.770086895      -5.64      1.59     -2.92  0.       -5672.410       4911.257        434.249    0.000  -0.139   0.381   0.
  2017 352 18 28 56 507 352.770098469      -5.59      1.41     -3.14  0.       -5672.372       4909.959        432.463    0.000  -0.139   0.381   0.
  2017 352 18 28 57 507 352.770110043      -5.52      1.25     -3.28  0.       -5672.333       4908.661        430.677    0.000  -0.139   0.381   0.
  2017 352 18 28 58 507 352.770121617      -5.48      1.14     -3.33  0.       -5672.293       4907.362        428.892    0.000  -0.139   0.381   0.
  2017 352 18 28 59 507 352.770133192      -5.30      0.95     -3.53  0.       -5672.253       4906.062        427.106    0.000  -0.139   0.381   0.
  2017 352 18 29  0 507 352.770144766      -5.24      0.81     -3.51  0.       -5672.213       4904.762        425.320    0.000  -0.139   0.381   0.
  2017 352 18 29  1 507 352.770156340      -5.20      0.78     -3.51  0.       -5672.172       4903.461        423.534    0.000  -0.139   0.381   0.
  2017 352 18 29  2 507 352.770167914      -5.36      0.85     -3.50  0.       -5672.130       4902.160        421.748    0.000  -0.139   0.381   0.
  2017 352 18 29  3 507 352.770179488      -5.48      0.98     -3.47  0.       -5672.088       4900.859        419.962    0.000  -0.139   0.381   0.
  2017 352 18 29  4 507 352.770191062      -5.57      1.15     -3.42  0.       -5672.045       4899.557        418.176    0.000  -0.139   0.381   0.
  2017 352 18 29  5 507 352.770202636      -5.67      1.18     -3.52  0.       -5672.001       4898.254        416.389    0.000  -0.139   0.381   0.
  2017 352 18 29  6 507 352.770214210      -5.82      1.16     -3.52  0.       -5671.957       4896.951        414.603    0.000  -0.139   0.381   0.
  2017 352 18 29  7 507 352.770225784      -5.86      1.09     -3.64  0.       -5671.913       4895.648        412.817    0.000  -0.139   0.381   0.
  2017 352 18 29  8 507 352.770237358      -5.74      0.95     -3.86  0.       -5671.867       4894.344        411.031    0.000  -0.139   0.381   0.
  2017 352 18 29  9 507 352.770248932      -5.69      0.75     -4.03  0.       -5671.822       4893.039        409.244    0.000  -0.139   0.381   0.
  2017 352 18 29 10 507 352.770260506      -5.58      0.69     -4.13  0.       -5671.775       4891.734        407.458    0.000  -0.139   0.381   0.
  2017 352 18 29 11 507 352.770272080      -5.50      0.70     -4.11  0.       -5671.728       4890.428        405.672    0.000  -0.139   0.381   0.
  2017 352 18 29 12 507 352.770283654      -5.45      0.67     -4.06  0.       -5671.681       4889.122        403.885    0.000  -0.139   0.381   0.
  2017 352 18 29 13 507 352.770295229      -5.34      0.68     -4.03  0.       -5671.633       4887.816        402.099    0.000  -0.139   0.381   0.
  2017 352 18 29 14 507 352.770306803      -5.28      0.68     -4.02  0.       -5671.584       4886.509        400.312    0.000  -0.139   0.381   0.
  2017 352 18 29 15 507 352.770318377      -5.36      0.78     -3.91  0.       -5671.535       4885.201        398.526    0.000  -0.139   0.381   0.
  2017 352 18 29 16 507 352.770329951      -5.30      0.88     -3.88  0.       -5671.485       4883.893        396.739    0.000  -0.139   0.381   0.
  2017 352 18 29 17 507 352.770341525      -5.36      1.00     -3.93  0.       -5671.435       4882.585        394.952    0.000  -0.139   0.381   0.
  2017 352 18 29 18 507 352.770353099      -5.43      1.13     -3.98  0.       -5671.384       4881.276        393.166    0.000  -0.139   0.381   0.
  2017 352 18 29 19 507 352.770364673      -5.46      1.22     -4.00  0.       -5671.333       4879.966        391.379    0.000  -0.139   0.381   0.
  2017 352 18 29 20 507 352.770376247      -5.54      1.27     -4.04  0.       -5671.281       4878.656        389.592    0.000  -0.139   0.381   0.
  2017 352 18 29 21 507 352.770387820      -5.55      1.27     -4.03  0.       -5671.228       4877.346        387.805    0.000  -0.139   0.381   0.
  2017 352 18 29 22 507 352.770399392      -5.53      1.28     -3.99  0.       -5671.175       4876.035        386.018    0.000  -0.139   0.381   0.
  2017 352 18 29 23 507 352.770410966      -5.62      1.28     -3.90  0.       -5671.121       4874.724        384.232    0.000  -0.139   0.381   0.
  2017 352 18 29 24 507 352.770422541      -5.67      1.30     -3.76  0.       -5671.066       4873.412        382.445    0.000  -0.139   0.381   0.
  2017 352 18 29 25 507 352.770434115      -5.66      1.31     -3.62  0.       -5671.011       4872.099        380.658    0.000  -0.139   0.381   0.
  2017 352 18 29 26 507 352.770445689      -5.63      1.29     -3.55  0.       -5670.956       4870.786        378.871    0.000  -0.139   0.381   0.
  2017 352 18 29 27 507 352.770457263      -5.58      1.21     -3.51  0.       -5670.900       4869.472        377.084    0.000  -0.139   0.381   0.
  2017 352 18 29 28 507 352.770468837      -5.56      1.18     -3.50  0.       -5670.843       4868.158        375.297    0.000  -0.139   0.381   0.
  2017 352 18 29 29 507 352.770480411      -5.48      1.08     -3.49  0.       -5670.786       4866.844        373.509    0.000  -0.139   0.381   0.
  2017 352 18 29 30 507 352.770491985      -5.49      1.08     -3.43  0.       -5670.728       4865.529        371.722    0.000  -0.139   0.381   0.
  2017 352 18 29 31 507 352.770503559      -5.49      1.12     -3.35  0.       -5670.669       4864.213        369.935    0.000  -0.139   0.381   0.
  2017 352 18 29 32 507 352.770515133      -5.48      1.16     -3.35  0.       -5670.610       4862.897        368.148    0.000  -0.139   0.381   0.
  2017 352 18 29 33 507 352.770526707      -5.50      1.25     -3.31  0.       -5670.551       4861.581        366.361    0.000  -0.139   0.381   0.
  2017 352 18 29 34 507 352.770538281      -5.54      1.26     -3.29  0.       -5670.490       4860.264        364.573    0.000  -0.139   0.381   0.
  2017 352 18 29 35 507 352.770549855      -5.61      1.20     -3.32  0.       -5670.430       4858.947        362.786    0.000  -0.139   0.381   0.
  2017 352 18 29 36 507 352.770561429      -5.69      1.15     -3.35  0.       -5670.368       4857.629        360.998    0.000  -0.139   0.381   0.
  2017 352 18 29 37 507 352.770573004      -5.62      1.13     -3.36  0.       -5670.306       4856.310        359.211    0.000  -0.139   0.381   0.
  2017 352 18 29 38 507 352.770584578      -5.72      1.02     -3.41  0.       -5670.244       4854.991        357.424    0.000  -0.139   0.381   0.
  2017 352 18 29 39 507 352.770596152      -5.77      1.00     -3.35  0.       -5670.181       4853.672        355.636    0.000  -0.139   0.381   0.
  2017 352 18 29 40 507 352.770607726      -5.73      1.03     -3.31  0.       -5670.117       4852.352        353.849    0.000  -0.139   0.381   0.
  2017 352 18 29 41 507 352.770619300      -5.70      0.99     -3.37  0.       -5670.053       4851.031        352.061    0.000  -0.139   0.381   0.
  2017 352 18 29 42 507 352.770630874      -5.70      1.00     -3.41  0.       -5669.988       4849.710        350.274    0.000  -0.139   0.381   0.
  2017 352 18 29 43 507 352.770642448      -5.73      1.05     -3.39  0.       -5669.923       4848.389        348.486    0.000  -0.139   0.381   0.
  2017 352 18 29 44 507 352.770654022      -5.79      1.04     -3.42  0.       -5669.857       4847.067        346.698    0.000  -0.139   0.381   0.
  2017 352 18 29 45 507 352.770665596      -5.83      1.12     -3.40  0.       -5669.790       4845.744        344.910    0.000  -0.139   0.381   0.
  2017 352 18 29 46 507 352.770677170      -5.81      1.13     -3.39  0.       -5669.723       4844.422        343.123    0.000  -0.139   0.381   0.
  2017 352 18 29 47 507 352.770688744      -5.80      1.20     -3.38  0.       -5669.655       4843.098        341.335    0.000  -0.139   0.381   0.
  2017 352 18 29 48 507 352.770700318      -5.82      1.29     -3.35  0.       -5669.587       4841.774        339.547    0.000  -0.139   0.381   0.
  2017 352 18 29 49 507 352.770711892      -5.70      1.38     -3.29  0.       -5669.518       4840.450        337.759    0.000  -0.139   0.381   0.
  2017 352 18 29 50 507 352.770723466      -5.72      1.35     -3.25  0.       -5669.448       4839.125        335.971    0.000  -0.139   0.381   0.
  2017 352 18 29 51 507 352.770735040      -5.84      1.29     -3.14  0.       -5669.378       4837.799        334.184    0.000  -0.139   0.381   0.
  2017 352 18 29 52 507 352.770746612      -5.95      1.32     -3.00  0.       -5669.307       4836.473        332.396    0.000  -0.139   0.381   0.
  2017 352 18 29 53 507 352.770758186      -5.95      1.41     -2.94  0.       -5669.236       4835.147        330.608    0.000  -0.139   0.381   0.
  2017 352 18 29 54 507 352.770769760      -5.91      1.54     -2.82  0.       -5669.164       4833.820        328.820    0.000  -0.139   0.381   0.
  2017 352 18 29 55 507 352.770781334      -5.79      1.64     -2.83  0.       -5669.092       4832.492        327.031    0.000  -0.139   0.381   0.
  2017 352 18 29 56 507 352.770792908      -5.85      1.71     -2.79  0.       -5669.019       4831.165        325.244    0.000  -0.139   0.381   0.
  2017 352 18 29 57 507 352.770804482      -5.88      1.78     -2.78  0.       -5668.945       4829.836        323.455    0.000  -0.139   0.381   0.
  2017 352 18 29 58 507 352.770816056      -5.92      1.85     -2.77  0.       -5668.871       4828.507        321.667    0.000  -0.139   0.381   0.
  2017 352 18 29 59 507 352.770827630      -5.99      1.85     -2.77  0.       -5668.796       4827.178        319.879    0.000  -0.139   0.381   0.
  2017 352 18 30  0 507 352.770839204      -5.99      1.89     -2.73  0.       -5668.721       4825.848        318.091    0.000  -0.139   0.381   0.
  2017 352 18 30  1 507 352.770850778      -6.01      1.87     -2.77  0.       -5668.645       4824.517        316.303    0.000  -0.139   0.381   0.
  2017 352 18 30  2 507 352.770862352      -5.95      1.82     -2.80  0.       -5668.568       4823.186        314.514    0.000  -0.139   0.381   0.
  2017 352 18 30  3 507 352.770873927      -6.00      1.77     -2.86  0.       -5668.491       4821.855        312.726    0.000  -0.139   0.381   0.
  2017 352 18 30  4 507 352.770885501      -6.04      1.77     -2.77  0.       -5668.414       4820.523        310.938    0.000  -0.139   0.381   0.
  2017 352 18 30  5 507 352.770897075      -6.03      1.90     -2.63  0.       -5668.335       4819.191        309.149    0.000  -0.139   0.381   0.
  2017 352 18 30  6 507 352.770908649      -5.99      2.16     -2.40  0.       -5668.256       4817.858        307.361    0.000  -0.139   0.381   0.
  2017 352 18 30  7 507 352.770920223      -6.06      2.26     -2.31  0.       -5668.177       4816.524        305.572    0.000  -0.139   0.381   0.
  2017 352 18 30  8 507 352.770931797      -6.00      2.29     -2.31  0.       -5668.097       4815.190        303.784    0.000  -0.139   0.381   0.
  2017 352 18 30  9 507 352.770943371      -5.99      2.38     -2.25  0.       -5668.016       4813.856        301.995    0.000  -0.139   0.381   0.
  2017 352 18 30 10 507 352.770954945      -5.86      2.39     -2.12  0.       -5667.935       4812.521        300.207    0.000  -0.139   0.381   0.
  2017 352 18 30 11 507 352.770966519      -5.77      2.43     -2.03  0.       -5667.853       4811.185        298.418    0.000  -0.139   0.381   0.
  2017 352 18 30 12 507 352.770978093      -5.71      2.37     -1.97  0.       -5667.771       4809.849        296.630    0.000  -0.139   0.381   0.
  2017 352 18 30 13 507 352.770989667      -5.60      2.30     -1.86  0.       -5667.688       4808.513        294.841    0.000  -0.139   0.381   0.
  2017 352 18 30 14 507 352.771001241      -5.48      2.23     -1.86  0.       -5667.604       4807.176        293.053    0.000  -0.139   0.381   0.
  2017 352 18 30 15 507 352.771012815      -5.51      2.09     -1.85  0.       -5667.520       4805.839        291.264    0.000  -0.139   0.381   0.
  2017 352 18 30 16 507 352.771024389      -5.54      2.04     -1.92  0.       -5667.435       4804.501        289.475    0.000  -0.139   0.381   0.
  2017 352 18 30 17 507 352.771035964      -5.59      2.00     -1.98  0.       -5667.350       4803.162        287.686    0.000  -0.139   0.381   0.
  2017 352 18 30 18 507 352.771047538      -5.68      2.00     -2.02  0.       -5667.264       4801.823        285.898    0.000  -0.139   0.381   0.
  2017 352 18 30 19 507 352.771059112      -5.72      2.04     -2.02  0.       -5667.177       4800.484        284.109    0.000  -0.139   0.381   0.
  2017 352 18 30 20 507 352.771070686      -5.82      2.04     -2.02  0.       -5667.090       4799.144        282.320    0.000  -0.139   0.381   0.
  2017 352 18 30 21 507 352.771082259      -5.91      2.04     -2.02  0.       -5667.002       4797.804        280.531    0.000  -0.139   0.381   0.
  2017 352 18 30 22 506 352.771093831      -5.90      2.08     -1.92  0.       -5666.914       4796.463        278.742    0.000  -0.139   0.381   0.
  2017 352 18 30 23 506 352.771105405      -5.91      2.04     -1.96  0.       -5666.825       4795.121        276.953    0.000  -0.139   0.381   0.
  2017 352 18 30 24 506 352.771116979      -5.93      2.07     -1.93  0.       -5666.736       4793.779        275.164    0.000  -0.139   0.381   0.
  2017 352 18 30 25 506 352.771128553      -5.86      2.08     -1.89  0.       -5666.645       4792.437        273.375    0.000  -0.139   0.381   0.
  2017 352 18 30 26 506 352.771140127      -5.85      2.05     -1.86  0.       -5666.555       4791.094        271.586    0.000  -0.139   0.381   0.
  2017 352 18 30 27 507 352.771151701      -5.85      2.06     -1.86  0.       -5666.464       4789.750        269.797    0.000  -0.139   0.381   0.
  2017 352 18 30 28 507 352.771163275      -5.82      2.14     -1.79  0.       -5666.372       4788.406        268.008    0.000  -0.139   0.381   0.
  2017 352 18 30 29 506 352.771174850      -5.80      2.20     -1.75  0.       -5666.279       4787.062        266.219    0.000  -0.139   0.381   0.
  2017 352 18 30 30 506 352.771186424      -5.77      2.34     -1.61  0.       -5666.186       4785.717        264.430    0.000  -0.139   0.381   0.
  2017 352 18 30 31 507 352.771197998      -5.71      2.49     -1.54  0.       -5666.092       4784.372        262.641    0.000  -0.139   0.381   0.
  2017 352 18 30 32 507 352.771209572      -5.65      2.65     -1.57  0.       -5665.998       4783.026        260.852    0.000  -0.139   0.381   0.
  2017 352 18 30 33 507 352.771221146      -5.43      2.79     -1.45  0.       -5665.903       4781.679        259.062    0.000  -0.139   0.381   0.
  2017 352 18 30 34 507 352.771232720      -5.36      2.88     -1.40  0.       -5665.807       4780.332        257.273    0.000  -0.139   0.381   0.
  2017 352 18 30 35 507 352.771244294      -5.35      2.92     -1.42  0.       -5665.711       4778.985        255.484    0.000  -0.139   0.381   0.
  2017 352 18 30 36 506 352.771255868      -5.27      2.93     -1.42  0.       -5665.615       4777.637        253.695    0.000  -0.139   0.381   0.
  2017 352 18 30 37 506 352.771267442      -5.23      2.91     -1.39  0.       -5665.518       4776.288        251.905    0.000  -0.139   0.381   0.
  2017 352 18 30 38 506 352.771279016      -5.23      2.83     -1.45  0.       -5665.420       4774.939        250.116    0.000  -0.139   0.381   0.
  2017 352 18 30 39 506 352.771290590      -5.24      2.83     -1.48  0.       -5665.322       4773.590        248.327    0.000  -0.139   0.381   0.
  2017 352 18 30 40 506 352.771302164      -5.24      2.81     -1.50  0.       -5665.223       4772.240        246.537    0.000  -0.139   0.381   0.
  2017 352 18 30 41 507 352.771313738      -5.23      2.87     -1.52  0.       -5665.123       4770.889        244.748    0.000  -0.139   0.381   0.
  2017 352 18 30 42 506 352.771325312      -5.20      2.93     -1.54  0.       -5665.023       4769.538        242.959    0.000  -0.139   0.381   0.
  2017 352 18 30 43 506 352.771336887      -5.21      2.96     -1.51  0.       -5664.922       4768.187        241.169    0.000  -0.139   0.381   0.
  2017 352 18 30 44 506 352.771348461      -5.23      2.91     -1.58  0.       -5664.821       4766.835        239.380    0.000  -0.139   0.381   0.
  2017 352 18 30 45 507 352.771360035      -5.22      2.93     -1.61  0.       -5664.719       4765.482        237.590    0.000  -0.139   0.381   0.
  2017 352 18 30 46 507 352.771371609      -5.29      2.90     -1.67  0.       -5664.616       4764.129        235.801    0.000  -0.139   0.381   0.
  2017 352 18 30 47 507 352.771383183      -5.31      2.87     -1.75  0.       -5664.513       4762.776        234.011    0.000  -0.139   0.381   0.
  2017 352 18 30 48 507 352.771394757      -5.32      2.90     -1.81  0.       -5664.409       4761.422        232.221    0.000  -0.139   0.381   0.
  2017 352 18 30 49 506 352.771406330      -5.41      2.84     -1.84  0.       -5664.305       4760.067        230.432    0.000  -0.139   0.381   0.
  2017 352 18 30 50 506 352.771417902      -5.36      2.81     -1.92  0.       -5664.200       4758.713        228.642    0.000  -0.139   0.381   0.
  2017 352 18 30 51 506 352.771429476      -5.43      2.76     -1.96  0.       -5664.094       4757.357        226.852    0.000  -0.139   0.381   0.
  2017 352 18 30 52 506 352.771441050      -5.38      2.80     -2.02  0.       -5663.988       4756.001        225.063    0.000  -0.139   0.381   0.
  2017 352 18 30 53 506 352.771452624      -5.33      2.82     -2.07  0.       -5663.881       4754.644        223.273    0.000  -0.139   0.381   0.
  2017 352 18 30 54 506 352.771464198      -5.38      2.80     -2.03  0.       -5663.774       4753.287        221.483    0.000  -0.139   0.381   0.
  2017 352 18 30 55 506 352.771475773      -5.34      2.78     -1.97  0.       -5663.666       4751.930        219.694    0.000  -0.139   0.381   0.
  2017 352 18 30 56 506 352.771487347      -5.33      2.76     -1.98  0.       -5663.557       4750.572        217.904    0.000  -0.139   0.381   0.
  2017 352 18 30 57 506 352.771498921      -5.42      2.67     -1.97  0.       -5663.448       4749.213        216.114    0.000  -0.139   0.381   0.
  2017 352 18 30 58 506 352.771510495      -5.48      2.62     -1.96  0.       -5663.338       4747.854        214.324    0.000  -0.139   0.381   0.
  2017 352 18 30 59 506 352.771522069      -5.48      2.52     -1.95  0.       -5663.228       4746.495        212.534    0.000  -0.139   0.381   0.
  2017 352 18 31  0 506 352.771533643      -5.50      2.48     -1.93  0.       -5663.117       4745.135        210.745    0.000  -0.139   0.381   0.
  2017 352 18 31  1 506 352.771545217      -5.44      2.40     -1.95  0.       -5663.006       4743.774        208.955    0.000  -0.139   0.381   0.
  2017 352 18 31  2 506 352.771556791      -5.38      2.36     -1.93  0.       -5662.893       4742.413        207.165    0.000  -0.139   0.381   0.
  2017 352 18 31  3 506 352.771568365      -5.46      2.25     -1.94  0.       -5662.780       4741.052        205.375    0.000  -0.139   0.381   0.
  2017 352 18 31  4 506 352.771579939      -5.48      2.18     -1.92  0.       -5662.667       4739.690        203.585    0.000  -0.139   0.381   0.
  2017 352 18 31  5 506 352.771591513      -5.42      2.13     -1.98  0.       -5662.553       4738.327        201.795    0.000  -0.139   0.381   0.
  2017 352 18 31  6 506 352.771603087      -5.40      2.08     -1.94  0.       -5662.439       4736.964        200.005    0.000  -0.139   0.381   0.
  2017 352 18 31  7 506 352.771614661      -5.36      2.05     -1.93  0.       -5662.323       4735.601        198.215    0.000  -0.139   0.381   0.
  2017 352 18 31  8 506 352.771626236      -5.25      2.05     -1.93  0.       -5662.208       4734.236        196.425    0.000  -0.139   0.381   0.
  2017 352 18 31  9 506 352.771637810      -5.33      2.06     -1.93  0.       -5662.091       4732.872        194.635    0.000  -0.139   0.381   0.
  2017 352 18 31 10 506 352.771649384      -5.30      2.05     -1.92  0.       -5661.974       4731.507        192.845    0.000  -0.139   0.381   0.
  2017 352 18 31 11 506 352.771660958      -5.27      2.08     -1.92  0.       -5661.857       4730.141        191.055    0.000  -0.139   0.381   0.
  2017 352 18 31 12 506 352.771672532      -5.34      2.06     -1.93  0.       -5661.738       4728.775        189.264    0.000  -0.139   0.381   0.
  2017 352 18 31 13 506 352.771684106      -5.24      2.15     -1.92  0.       -5661.620       4727.409        187.474    0.000  -0.139   0.381   0.
  2017 352 18 31 14 506 352.771695680      -5.24      2.11     -1.88  0.       -5661.500       4726.042        185.684    0.000  -0.139   0.381   0.
  2017 352 18 31 15 506 352.771707254      -5.21      2.14     -1.80  0.       -5661.380       4724.674        183.894    0.000  -0.139   0.381   0.
  2017 352 18 31 16 506 352.771718828      -5.19      2.15     -1.78  0.       -5661.260       4723.306        182.104    0.000  -0.139   0.381   0.
  2017 352 18 31 17 506 352.771730402      -5.17      2.20     -1.80  0.       -5661.138       4721.937        180.314    0.000  -0.139   0.381   0.
  2017 352 18 31 18 506 352.771741976      -5.17      2.23     -1.79  0.       -5661.017       4720.568        178.523    0.000  -0.139   0.381   0.
  2017 352 18 31 19 506 352.771753550      -5.14      2.30     -1.78  0.       -5660.894       4719.199        176.733    0.000  -0.139   0.381   0.
  2017 352 18 31 20 506 352.771765124      -5.22      2.26     -1.83  0.       -5660.771       4717.828        174.943    0.000  -0.139   0.381   0.
  2017 352 18 31 21 506 352.771776698      -5.25      2.28     -1.82  0.       -5660.647       4716.458        173.153    0.000  -0.139   0.381   0.
  2017 352 18 31 22 506 352.771788270      -5.19      2.26     -1.79  0.       -5660.523       4715.087        171.362    0.000  -0.139   0.381   0.
  2017 352 18 31 23 506 352.771799844      -5.26      2.22     -1.76  0.       -5660.398       4713.715        169.572    0.000  -0.139   0.381   0.
  2017 352 18 31 24 506 352.771811418      -5.26      2.24     -1.73  0.       -5660.273       4712.343        167.782    0.000  -0.139   0.381   0.
  2017 352 18 31 25 506 352.771822992      -5.27      2.23     -1.71  0.       -5660.147       4710.970        165.991    0.000  -0.139   0.381   0.
  2017 352 18 31 26 506 352.771834566      -5.24      2.24     -1.77  0.       -5660.020       4709.597        164.201    0.000  -0.139   0.381   0.
  2017 352 18 31 27 506 352.771846140      -5.23      2.27     -1.74  0.       -5659.893       4708.224        162.411    0.000  -0.139   0.381   0.
  2017 352 18 31 28 506 352.771857714      -5.24      2.28     -1.77  0.       -5659.765       4706.849        160.620    0.000  -0.139   0.381   0.
  2017 352 18 31 29 506 352.771869288      -5.22      2.25     -1.82  0.       -5659.637       4705.475        158.830    0.000  -0.139   0.381   0.
  2017 352 18 31 30 506 352.771880862      -5.25      2.34     -1.79  0.       -5659.508       4704.100        157.039    0.000  -0.139   0.381   0.
  2017 352 18 31 31 506 352.771892436      -5.29      2.35     -1.77  0.       -5659.378       4702.724        155.249    0.000  -0.139   0.381   0.
  2017 352 18 31 32 506 352.771904010      -5.34      2.41     -1.78  0.       -5659.247       4701.347        153.458    0.000  -0.139   0.381   0.
  2017 352 18 31 33 506 352.771915584      -5.35      2.47     -1.78  0.       -5659.117       4699.971        151.668    0.000  -0.139   0.381   0.
  2017 352 18 31 34 506 352.771927159      -5.40      2.46     -1.78  0.       -5658.985       4698.594        149.877    0.000  -0.139   0.381   0.
  2017 352 18 31 35 506 352.771938733      -5.39      2.42     -1.82  0.       -5658.853       4697.216        148.087    0.000  -0.139   0.381   0.
  2017 352 18 31 36 506 352.771950307      -5.36      2.44     -1.82  0.       -5658.720       4695.838        146.296    0.000  -0.139   0.381   0.
  2017 352 18 31 37 506 352.771961881      -5.27      2.38     -1.84  0.       -5658.587       4694.459        144.506    0.000  -0.139   0.381   0.
  2017 352 18 31 38 506 352.771973455      -5.27      2.35     -1.87  0.       -5658.453       4693.080        142.715    0.000  -0.139   0.381   0.
  2017 352 18 31 39 506 352.771985029      -5.18      2.33     -1.86  0.       -5658.318       4691.700        140.924    0.000  -0.139   0.381   0.
  2017 352 18 31 40 506 352.771996603      -5.09      2.33     -1.89  0.       -5658.183       4690.320        139.134    0.000  -0.139   0.381   0.
  2017 352 18 31 41 506 352.772008177      -5.07      2.30     -1.93  0.       -5658.047       4688.940        137.343    0.000  -0.139   0.381   0.
  2017 352 18 31 42 506 352.772019751      -5.10      2.34     -1.95  0.       -5657.911       4687.558        135.553    0.000  -0.139   0.381   0.
  2017 352 18 31 43 506 352.772031325      -5.11      2.30     -2.05  0.       -5657.774       4686.177        133.762    0.000  -0.139   0.381   0.
  2017 352 18 31 44 506 352.772042899      -5.16      2.28     -2.10  0.       -5657.636       4684.794        131.971    0.000  -0.139   0.381   0.
  2017 352 18 31 45 506 352.772054473      -5.10      2.24     -2.08  0.       -5657.498       4683.412        130.181    0.000  -0.139   0.381   0.
  2017 352 18 31 46 506 352.772066047      -5.14      2.16     -2.10  0.       -5657.359       4682.028        128.390    0.000  -0.139   0.381   0.
  2017 352 18 31 47 506 352.772077622      -5.11      2.17     -2.16  0.       -5657.220       4680.644        126.599    0.000  -0.139   0.381   0.
  2017 352 18 31 48 506 352.772089196      -5.12      2.20     -2.14  0.       -5657.080       4679.260        124.809    0.000  -0.139   0.381   0.
  2017 352 18 31 49 506 352.772100770      -5.10      2.18     -2.18  0.       -5656.939       4677.876        123.018    0.000  -0.139   0.381   0.
  2017 352 18 31 50 506 352.772112344      -5.14      2.16     -2.22  0.       -5656.798       4676.490        121.227    0.000  -0.139   0.381   0.
  2017 352 18 31 51 506 352.772123917      -5.09      2.22     -2.23  0.       -5656.656       4675.104        119.436    0.000  -0.139   0.381   0.
  2017 352 18 31 52 506 352.772135489      -5.10      2.23     -2.24  0.       -5656.513       4673.718        117.646    0.000  -0.139   0.381   0.
  2017 352 18 31 53 506 352.772147063      -5.14      2.24     -2.26  0.       -5656.370       4672.331        115.855    0.000  -0.139   0.381   0.
  2017 352 18 31 54 506 352.772158637      -5.06      2.30     -2.23  0.       -5656.227       4670.944        114.064    0.000  -0.139   0.381   0.
  2017 352 18 31 55 506 352.772170211      -5.07      2.28     -2.23  0.       -5656.082       4669.556        112.273    0.000  -0.139   0.381   0.
  2017 352 18 31 56 506 352.772181785      -5.04      2.25     -2.20  0.       -5655.937       4668.168        110.482    0.000  -0.139   0.381   0.
  2017 352 18 31 57 506 352.772193359      -5.03      2.23     -2.15  0.       -5655.792       4666.779        108.692    0.000  -0.139   0.381   0.
  2017 352 18 31 58 506 352.772204933      -5.03      2.18     -2.16  0.       -5655.645       4665.390        106.901    0.000  -0.139   0.381   0.
  2017 352 18 31 59 506 352.772216508      -5.05      2.21     -2.10  0.       -5655.499       4664.000        105.110    0.000  -0.139   0.381   0.
  2017 352 18 32  0 506 352.772228082      -5.03      2.21     -2.04  0.       -5655.351       4662.610        103.319    0.000  -0.139   0.381   0.
  2017 352 18 32  1 506 352.772239656      -4.98      2.24     -2.02  0.       -5655.203       4661.219        101.528    0.000  -0.139   0.381   0.
  2017 352 18 32  2 506 352.772251230      -5.00      2.22     -2.04  0.       -5655.055       4659.827         99.737    0.000  -0.139   0.381   0.
  2017 352 18 32  3 506 352.772262804      -4.90      2.28     -1.99  0.       -5654.905       4658.436         97.946    0.000  -0.139   0.381   0.
  2017 352 18 32  4 506 352.772274378      -4.82      2.26     -2.02  0.       -5654.755       4657.043         96.156    0.000  -0.139   0.381   0.
  2017 352 18 32  5 506 352.772285952      -4.88      2.27     -2.00  0.       -5654.605       4655.650         94.365    0.000  -0.139   0.381   0.
  2017 352 18 32  6 506 352.772297526      -4.84      2.29     -2.01  0.       -5654.454       4654.257         92.574    0.000  -0.139   0.381   0.
  2017 352 18 32  7 506 352.772309100      -4.76      2.30     -2.03  0.       -5654.302       4652.863         90.783    0.000  -0.139   0.381   0.
  2017 352 18 32  8 506 352.772320674      -4.87      2.29     -2.11  0.       -5654.150       4651.469         88.992    0.000  -0.139   0.381   0.
  2017 352 18 32  9 506 352.772332248      -4.88      2.32     -2.13  0.       -5653.997       4650.074         87.201    0.000  -0.139   0.381   0.
  2017 352 18 32 10 506 352.772343822      -4.91      2.33     -2.18  0.       -5653.843       4648.678         85.410    0.000  -0.139   0.381   0.
  2017 352 18 32 11 506 352.772355396      -4.95      2.37     -2.22  0.       -5653.689       4647.282         83.619    0.000  -0.139   0.381   0.
  2017 352 18 32 12 506 352.772366971      -4.91      2.41     -2.21  0.       -5653.534       4645.886         81.828    0.000  -0.139   0.381   0.
  2017 352 18 32 13 506 352.772378545      -4.83      2.42     -2.20  0.       -5653.379       4644.489         80.037    0.000  -0.139   0.381   0.
  2017 352 18 32 14 506 352.772390119      -4.89      2.37     -2.22  0.       -5653.223       4643.092         78.246    0.000  -0.139   0.381   0.
  2017 352 18 32 15 506 352.772401693      -4.82      2.38     -2.21  0.       -5653.066       4641.694         76.455    0.000  -0.139   0.381   0.
  2017 352 18 32 16 506 352.772413267      -4.81      2.36     -2.21  0.       -5652.909       4640.295         74.664    0.000  -0.139   0.381   0.
  2017 352 18 32 17 506 352.772424841      -4.86      2.34     -2.19  0.       -5652.751       4638.896         72.873    0.000  -0.139   0.381   0.
  2017 352 18 32 18 506 352.772436415      -4.79      2.32     -2.14  0.       -5652.592       4637.497         71.082    0.000  -0.139   0.381   0.
  2017 352 18 32 19 505 352.772447988      -4.82      2.31     -2.07  0.       -5652.433       4636.097         69.291    0.000  -0.139   0.381   0.
  2017 352 18 32 20 505 352.772459560      -4.89      2.21     -1.95  0.       -5652.273       4634.696         67.500    0.000  -0.139   0.381   0.
  2017 352 18 32 21 505 352.772471134      -4.88      2.15     -1.87  0.       -5652.113       4633.295         65.709    0.000  -0.139   0.381   0.
  2017 352 18 32 22 505 352.772482708      -4.92      2.07     -1.79  0.       -5651.952       4631.894         63.918    0.000  -0.139   0.381   0.
  2017 352 18 32 23 506 352.772494282      -4.96      2.02     -1.74  0.       -5651.790       4630.492         62.127    0.000  -0.139   0.381   0.
  2017 352 18 32 24 506 352.772505857      -4.85      2.07     -1.66  0.       -5651.628       4629.089         60.336    0.000  -0.139   0.381   0.
  2017 352 18 32 25 505 352.772517431      -4.84      2.06     -1.68  0.       -5651.465       4627.686         58.544    0.000  -0.139   0.381   0.
  2017 352 18 32 26 505 352.772529005      -4.87      2.08     -1.62  0.       -5651.302       4626.283         56.753    0.000  -0.139   0.381   0.
  2017 352 18 32 27 506 352.772540579      -4.86      2.08     -1.58  0.       -5651.138       4624.879         54.962    0.000  -0.139   0.381   0.
  2017 352 18 32 28 506 352.772552153      -4.88      2.11     -1.52  0.       -5650.973       4623.474         53.171    0.000  -0.139   0.381   0.
  2017 352 18 32 29 506 352.772563727      -4.91      2.09     -1.49  0.       -5650.807       4622.069         51.380    0.000  -0.139   0.381   0.
  2017 352 18 32 30 506 352.772575301      -4.90      2.12     -1.43  0.       -5650.642       4620.663         49.589    0.000  -0.139   0.381   0.
  2017 352 18 32 31 506 352.772586875      -4.88      2.09     -1.43  0.       -5650.475       4619.257         47.798    0.000  -0.139   0.381   0.
  2017 352 18 32 32 505 352.772598449      -4.90      2.07     -1.37  0.       -5650.308       4617.851         46.007    0.000  -0.139   0.381   0.
  2017 352 18 32 33 505 352.772610023      -4.81      2.02     -1.38  0.       -5650.140       4616.444         44.216    0.000  -0.139   0.381   0.
  2017 352 18 32 34 505 352.772621597      -4.79      2.01     -1.36  0.       -5649.971       4615.036         42.425    0.000  -0.139   0.381   0.
  2017 352 18 32 35 505 352.772633171      -4.84      2.04     -1.35  0.       -5649.802       4613.628         40.633    0.000  -0.139   0.381   0.
  2017 352 18 32 36 506 352.772644745      -4.88      2.09     -1.37  0.       -5649.633       4612.219         38.842    0.000  -0.139   0.381   0.
  2017 352 18 32 37 506 352.772656319      -4.91      2.11     -1.43  0.       -5649.462       4610.810         37.051    0.000  -0.139   0.381   0.
  2017 352 18 32 38 505 352.772667894      -5.04      2.09     -1.46  0.       -5649.291       4609.400         35.260    0.000  -0.139   0.381   0.
  2017 352 18 32 39 505 352.772679468      -5.01      2.12     -1.48  0.       -5649.120       4607.990         33.469    0.000  -0.139   0.381   0.
  2017 352 18 32 40 506 352.772691042      -5.04      2.10     -1.54  0.       -5648.948       4606.580         31.678    0.000  -0.139   0.381   0.
  2017 352 18 32 41 506 352.772702616      -5.01      2.08     -1.47  0.       -5648.775       4605.168         29.887    0.000  -0.139   0.381   0.
  2017 352 18 32 42 506 352.772714190      -4.92      2.13     -1.45  0.       -5648.601       4603.757         28.095    0.000  -0.139   0.381   0.
  2017 352 18 32 43 506 352.772725764      -4.95      2.10     -1.43  0.       -5648.427       4602.344         26.304    0.000  -0.139   0.381   0.
  2017 352 18 32 44 506 352.772737338      -5.01      2.08     -1.38  0.       -5648.252       4600.932         24.513    0.000  -0.139   0.381   0.
  2017 352 18 32 45 505 352.772748912      -4.93      2.11     -1.32  0.       -5648.077       4599.518         22.722    0.000  -0.139   0.381   0.
  2017 352 18 32 46 505 352.772760486      -4.84      2.17     -1.33  0.       -5647.901       4598.105         20.931    0.000  -0.139   0.381   0.
  2017 352 18 32 47 505 352.772772060      -4.85      2.22     -1.28  0.       -5647.725       4596.690         19.140    0.000  -0.139   0.381   0.
  2017 352 18 32 48 505 352.772783634      -4.85      2.24     -1.26  0.       -5647.547       4595.276         17.349    0.000  -0.139   0.381   0.
  2017 352 18 32 49 505 352.772795208      -4.88      2.30     -1.28  0.       -5647.370       4593.861         15.557    0.000  -0.139   0.381   0.
  2017 352 18 32 50 505 352.772806780      -4.90      2.37     -1.28  0.       -5647.191       4592.445         13.766    0.000  -0.139   0.381   0.
  2017 352 18 32 51 505 352.772818354      -4.94      2.43     -1.26  0.       -5647.012       4591.028         11.975    0.000  -0.139   0.381   0.
  2017 352 18 32 52 505 352.772829928      -4.99      2.39     -1.29  0.       -5646.832       4589.612         10.184    0.000  -0.139   0.381   0.
  2017 352 18 32 53 505 352.772841502      -5.05      2.43     -1.34  0.       -5646.652       4588.194          8.393    0.000  -0.139   0.381   0.
  2017 352 18 32 54 505 352.772853076      -5.11      2.43     -1.41  0.       -5646.471       4586.777          6.601    0.000  -0.139   0.381   0.
  2017 352 18 32 55 505 352.772864650      -5.20      2.42     -1.50  0.       -5646.289       4585.358          4.810    0.000  -0.139   0.381   0.
  2017 352 18 32 56 505 352.772876224      -5.25      2.41     -1.50  0.       -5646.107       4583.939          3.019    0.000  -0.139   0.381   0.
  2017 352 18 32 57 505 352.772887798      -5.27      2.36     -1.44  0.       -5645.924       4582.520          1.228    0.000  -0.139   0.381   0.
  2017 352 18 32 58 505 352.772899372      -5.37      2.32     -1.42  0.       -5645.741       4581.100         -0.563    0.000  -0.139   0.381   0.
  2017 352 18 32 59 505 352.772910946      -5.45      2.34     -1.41  0.       -5645.557       4579.680         -2.354    0.000  -0.139   0.381   0.
  2017 352 18 33  0 505 352.772922520      -5.50      2.29     -1.44  0.       -5645.372       4578.259         -4.146    0.000  -0.139   0.381   0.
  2017 352 18 33  1 505 352.772934094      -5.59      2.31     -1.44  0.       -5645.187       4576.838         -5.937    0.000  -0.139   0.381   0.
  2017 352 18 33  2 505 352.772945668      -5.73      2.24     -1.43  0.       -5645.001       4575.416         -7.728    0.000  -0.139   0.381   0.
  2017 352 18 33  3 505 352.772957242      -5.78      2.26     -1.42  0.       -5644.814       4573.993         -9.519    0.000  -0.139   0.381   0.
  2017 352 18 33  4 505 352.772968817      -5.89      2.23     -1.43  0.       -5644.627       4572.570        -11.310    0.000  -0.139   0.381   0.
  2017 352 18 33  5 505 352.772980391      -5.92      2.24     -1.39  0.       -5644.439       4571.147        -13.101    0.000  -0.139   0.381   0.
  2017 352 18 33  6 505 352.772991965      -5.93      2.14     -1.42  0.       -5644.250       4569.723        -14.893    0.000  -0.139   0.381   0.
  2017 352 18 33  7 505 352.773003539      -6.01      2.12     -1.41  0.       -5644.061       4568.299        -16.684    0.000  -0.139   0.381   0.
  2017 352 18 33  8 505 352.773015113      -6.05      2.14     -1.39  0.       -5643.871       4566.874        -18.475    0.000  -0.139   0.381   0.
  2017 352 18 33  9 505 352.773026687      -6.12      2.12     -1.41  0.       -5643.681       4565.448        -20.266    0.000  -0.139   0.381   0.
  2017 352 18 33 10 505 352.773038261      -6.15      2.17     -1.39  0.       -5643.490       4564.022        -22.057    0.000  -0.139   0.381   0.
  2017 352 18 33 11 505 352.773049835      -6.20      2.21     -1.31  0.       -5643.298       4562.596        -23.848    0.000  -0.139   0.381   0.
  2017 352 18 33 12 505 352.773061409      -6.29      2.22     -1.27  0.       -5643.106       4561.169        -25.639    0.000  -0.139   0.381   0.
  2017 352 18 33 13 505 352.773072983      -6.35      2.25     -1.21  0.       -5642.913       4559.741        -27.431    0.000  -0.139   0.381   0.
  2017 352 18 33 14 505 352.773084557      -6.31      2.34     -1.14  0.       -5642.719       4558.313        -29.222    0.000  -0.139   0.381   0.
  2017 352 18 33 15 505 352.773096131      -6.34      2.29     -1.11  0.       -5642.525       4556.885        -31.013    0.000  -0.139   0.381   0.
  2017 352 18 33 16 505 352.773107705      -6.42      2.17     -1.04  0.       -5642.330       4555.456        -32.804    0.000  -0.139   0.381   0.
  2017 352 18 33 17 505 352.773119280      -6.39      2.07     -0.94  0.       -5642.135       4554.026        -34.595    0.000  -0.139   0.381   0.
  2017 352 18 33 18 505 352.773130854      -6.36      2.01     -0.91  0.       -5641.939       4552.596        -36.386    0.000  -0.139   0.381   0.
  2017 352 18 33 19 505 352.773142427      -6.39      1.96     -0.77  0.       -5641.742       4551.165        -38.177    0.000  -0.139   0.381   0.
  2017 352 18 33 20 505 352.773153999      -6.31      1.92     -0.70  0.       -5641.545       4549.734        -39.969    0.000  -0.139   0.381   0.
  2017 352 18 33 21 505 352.773165573      -6.29      1.86     -0.62  0.       -5641.347       4548.303        -41.760    0.000  -0.139   0.381   0.
  2017 352 18 33 22 505 352.773177147      -6.23      1.88     -0.51  0.       -5641.148       4546.870        -43.551    0.000  -0.139   0.381   0.
  2017 352 18 33 23 505 352.773188721      -6.14      1.82     -0.46  0.       -5640.949       4545.438        -45.342    0.000  -0.139   0.381   0.
  2017 352 18 33 24 505 352.773200295      -6.07      1.76     -0.42  0.       -5640.749       4544.005        -47.133    0.000  -0.139   0.381   0.
  2017 352 18 33 25 505 352.773211869      -5.89      1.66     -0.39  0.       -5640.548       4542.571        -48.924    0.000  -0.139   0.381   0.
  2017 352 18 33 26 505 352.773223443      -5.75      1.61     -0.34  0.       -5640.347       4541.137        -50.715    0.000  -0.139   0.381   0.
  2017 352 18 33 27 505 352.773235017      -5.39      1.54     -0.36  0.       -5640.145       4539.702        -52.506    0.000  -0.139   0.381   0.
  2017 352 18 33 28 505 352.773246591      -5.20      1.51     -0.32  0.       -5639.943       4538.267        -54.297    0.000  -0.139   0.381   0.
  2017 352 18 33 29 505 352.773258166      -5.07      1.47     -0.36  0.       -5639.740       4536.831        -56.088    0.000  -0.139   0.381   0.
  2017 352 18 33 30 505 352.773269740      -4.98      1.42     -0.40  0.       -5639.536       4535.395        -57.879    0.000  -0.139   0.381   0.
  2017 352 18 33 31 505 352.773281314      -4.77      1.37     -0.52  0.       -5639.332       4533.958        -59.670    0.000  -0.139   0.381   0.
  2017 352 18 33 32 505 352.773292888      -4.73      1.27     -0.65  0.       -5639.127       4532.521        -61.462    0.000  -0.139   0.381   0.
  2017 352 18 33 33 505 352.773304462      -4.69      1.15     -0.70  0.       -5638.921       4531.083        -63.253    0.000  -0.139   0.381   0.
  2017 352 18 33 34 505 352.773316036      -4.64      1.10     -0.61  0.       -5638.715       4529.645        -65.044    0.000  -0.139   0.381   0.
  2017 352 18 33 35 505 352.773327610      -4.60      1.07     -0.63  0.       -5638.508       4528.206        -66.835    0.000  -0.139   0.381   0.
  2017 352 18 33 36 505 352.773339184      -4.62      0.99     -0.73  0.       -5638.300       4526.767        -68.626    0.000  -0.139   0.381   0.
  2017 352 18 33 37 505 352.773350758      -4.52      0.94     -0.75  0.       -5638.092       4525.328        -70.417    0.000  -0.139   0.381   0.
  2017 352 18 33 38 505 352.773362332      -4.49      0.93     -0.79  0.       -5637.883       4523.887        -72.208    0.000  -0.139   0.381   0.
  2017 352 18 33 39 505 352.773373906      -4.48      0.86     -0.85  0.       -5637.674       4522.446        -73.999    0.000  -0.139   0.381   0.
  2017 352 18 33 40 505 352.773385480      -4.37      0.78     -0.87  0.       -5637.464       4521.005        -75.790    0.000  -0.139   0.381   0.
  2017 352 18 33 41 505 352.773397054      -4.25      0.72     -0.99  0.       -5637.253       4519.563        -77.581    0.000  -0.139   0.381   0.
  2017 352 18 33 42 505 352.773408628      -4.26      0.69     -0.95  0.       -5637.041       4518.120        -79.372    0.000  -0.139   0.381   0.
  2017 352 18 33 43 505 352.773420203      -4.16      0.71     -0.95  0.       -5636.829       4516.677        -81.163    0.000  -0.139   0.381   0.
  2017 352 18 33 44 505 352.773431777      -4.14      0.66     -0.92  0.       -5636.617       4515.234        -82.953    0.000  -0.139   0.381   0.
  2017 352 18 33 45 505 352.773443351      -4.18      0.66     -0.99  0.       -5636.403       4513.790        -84.744    0.000  -0.139   0.381   0.
  2017 352 18 33 46 505 352.773454925      -4.18      0.62     -0.96  0.       -5636.189       4512.346        -86.535    0.000  -0.139   0.381   0.
  2017 352 18 33 47 505 352.773466498      -4.24      0.56     -1.00  0.       -5635.975       4510.901        -88.326    0.000  -0.139   0.381   0.
  2017 352 18 33 48 505 352.773478070      -4.23      0.58     -0.95  0.       -5635.760       4509.455        -90.117    0.000  -0.139   0.381   0.
  2017 352 18 33 49 505 352.773489644      -4.25      0.63     -0.94  0.       -5635.544       4508.009        -91.908    0.000  -0.139   0.381   0.
  2017 352 18 33 50 505 352.773501218      -4.25      0.60     -1.00  0.       -5635.327       4506.563        -93.699    0.000  -0.139   0.381   0.
  2017 352 18 33 51 505 352.773512792      -4.26      0.61     -1.01  0.       -5635.110       4505.116        -95.490    0.000  -0.139   0.381   0.
  2017 352 18 33 52 505 352.773524366      -4.27      0.58     -1.02  0.       -5634.892       4503.668        -97.281    0.000  -0.139   0.381   0.
  2017 352 18 33 53 505 352.773535940      -4.32      0.57     -1.07  0.       -5634.674       4502.220        -99.072    0.000  -0.139   0.381   0.
  2017 352 18 33 54 505 352.773547514      -4.41      0.54     -1.06  0.       -5634.455       4500.772       -100.862    0.000  -0.139   0.381   0.
  2017 352 18 33 55 505 352.773559089      -4.40      0.55     -1.10  0.       -5634.235       4499.323       -102.653    0.000  -0.139   0.381   0.
  2017 352 18 33 56 505 352.773570663      -4.38      0.53     -1.12  0.       -5634.015       4497.873       -104.444    0.000  -0.139   0.381   0.
  2017 352 18 33 57 505 352.773582237      -4.36      0.56     -1.10  0.       -5633.793       4496.423       -106.235    0.000  -0.139   0.381   0.
  2017 352 18 33 58 505 352.773593811      -4.35      0.51     -1.10  0.       -5633.572       4494.973       -108.026    0.000  -0.139   0.381   0.
  2017 352 18 33 59 505 352.773605385      -4.31      0.51     -1.07  0.       -5633.350       4493.521       -109.816    0.000  -0.139   0.381   0.
  2017 352 18 34  0 505 352.773616959      -4.32      0.54     -0.99  0.       -5633.127       4492.070       -111.607    0.000  -0.139   0.381   0.
  2017 352 18 34  1 505 352.773628533      -4.26      0.60     -0.99  0.       -5632.903       4490.618       -113.398    0.000  -0.139   0.381   0.
  2017 352 18 34  2 505 352.773640107      -4.25      0.63     -1.04  0.       -5632.678       4489.165       -115.189    0.000  -0.139   0.381   0.
  2017 352 18 34  3 505 352.773651681      -4.28      0.72     -1.07  0.       -5632.454       4487.712       -116.979    0.000  -0.139   0.381   0.
  2017 352 18 34  4 505 352.773663255      -4.31      0.77     -1.10  0.       -5632.228       4486.258       -118.770    0.000  -0.139   0.381   0.
  2017 352 18 34  5 505 352.773674829      -4.32      0.97     -1.11  0.       -5632.002       4484.804       -120.561    0.000  -0.139   0.381   0.
  2017 352 18 34  6 505 352.773686403      -4.18      1.09     -1.15  0.       -5631.775       4483.349       -122.351    0.000  -0.139   0.381   0.
  2017 352 18 34  7 505 352.773697977      -4.14      1.17     -1.19  0.       -5631.548       4481.894       -124.142    0.000  -0.139   0.381   0.
  2017 352 18 34  8 505 352.773709552      -4.14      1.25     -1.28  0.       -5631.320       4480.438       -125.933    0.000  -0.139   0.381   0.
  2017 352 18 34  9 505 352.773721126      -4.20      1.38     -1.28  0.       -5631.091       4478.982       -127.723    0.000  -0.139   0.381   0.
  2017 352 18 34 10 505 352.773732700      -4.19      1.45     -1.32  0.       -5630.862       4477.525       -129.514    0.000  -0.139   0.381   0.
  2017 352 18 34 11 505 352.773744274      -4.14      1.53     -1.24  0.       -5630.632       4476.068       -131.305    0.000  -0.139   0.381   0.
  2017 352 18 34 12 505 352.773755848      -4.14      1.57     -1.16  0.       -5630.401       4474.610       -133.095    0.000  -0.139   0.381   0.
  2017 352 18 34 13 505 352.773767422      -4.15      1.61     -1.17  0.       -5630.169       4473.152       -134.886    0.000  -0.139   0.381   0.
  2017 352 18 34 14 505 352.773778996      -4.17      1.72     -1.21  0.       -5629.937       4471.693       -136.676    0.000  -0.139   0.381   0.
  2017 352 18 34 15 505 352.773790570      -4.17      1.80     -1.21  0.       -5629.705       4470.234       -138.467    0.000  -0.139   0.381   0.
  2017 352 18 34 16 505 352.773802144      -4.26      1.86     -1.25  0.       -5629.471       4468.774       -140.257    0.000  -0.139   0.381   0.
  2017 352 18 34 17 504 352.773813717      -4.28      2.00     -1.21  0.       -5629.238       4467.313       -142.048    0.000  -0.139   0.381   0.
  2017 352 18 34 18 505 352.773825289      -4.26      2.13     -1.26  0.       -5629.003       4465.852       -143.838    0.000  -0.139   0.381   0.
  2017 352 18 34 19 505 352.773836863      -4.36      2.19     -1.33  0.       -5628.768       4464.391       -145.629    0.000  -0.139   0.381   0.
  2017 352 18 34 20 504 352.773848437      -4.38      2.23     -1.37  0.       -5628.532       4462.929       -147.419    0.000  -0.139   0.381   0.
  2017 352 18 34 21 504 352.773860012      -4.46      2.23     -1.42  0.       -5628.295       4461.467       -149.210    0.000  -0.139   0.381   0.
  2017 352 18 34 22 504 352.773871586      -4.54      2.19     -1.47  0.       -5628.058       4460.004       -151.000    0.000  -0.139   0.381   0.
  2017 352 18 34 23 505 352.773883160      -4.61      2.22     -1.45  0.       -5627.820       4458.540       -152.791    0.000  -0.139   0.381   0.
  2017 352 18 34 24 505 352.773894734      -4.63      2.14     -1.54  0.       -5627.582       4457.076       -154.581    0.000  -0.139   0.381   0.
  2017 352 18 34 25 505 352.773906308      -4.66      2.14     -1.62  0.       -5627.343       4455.612       -156.371    0.000  -0.139   0.381   0.
  2017 352 18 34 26 505 352.773917882      -4.74      2.15     -1.67  0.       -5627.103       4454.147       -158.162    0.000  -0.139   0.381   0.
  2017 352 18 34 27 504 352.773929456      -4.80      2.10     -1.71  0.       -5626.862       4452.681       -159.952    0.000  -0.139   0.381   0.
  2017 352 18 34 28 504 352.773941030      -4.80      2.02     -1.75  0.       -5626.621       4451.215       -161.742    0.000  -0.139   0.381   0.
  2017 352 18 34 29 504 352.773952604      -4.80      2.00     -1.79  0.       -5626.379       4449.749       -163.533    0.000  -0.139   0.381   0.
  2017 352 18 34 30 504 352.773964178      -4.77      1.90     -1.88  0.       -5626.137       4448.282       -165.323    0.000  -0.139   0.381   0.
  2017 352 18 34 31 504 352.773975752      -4.80      1.71     -1.96  0.       -5625.894       4446.814       -167.113    0.000  -0.139   0.381   0.
  2017 352 18 34 32 505 352.773987326      -4.80      1.56     -1.98  0.       -5625.650       4445.346       -168.903    0.000  -0.139   0.381   0.
  2017 352 18 34 33 505 352.773998900      -4.85      1.45     -1.99  0.       -5625.406       4443.877       -170.694    0.000  -0.139   0.381   0.
  2017 352 18 34 34 504 352.774010475      -4.89      1.40     -2.06  0.       -5625.161       4442.408       -172.484    0.000  -0.139   0.381   0.
  2017 352 18 34 35 504 352.774022049      -4.86      1.40     -2.07  0.       -5624.915       4440.938       -174.274    0.000  -0.139   0.381   0.
  2017 352 18 34 36 505 352.774033623      -4.95      1.28     -2.08  0.       -5624.669       4439.468       -176.064    0.000  -0.139   0.381   0.
  2017 352 18 34 37 505 352.774045197      -4.95      1.29     -2.04  0.       -5624.422       4437.998       -177.854    0.000  -0.139   0.381   0.
  2017 352 18 34 38 505 352.774056771      -4.86      1.31     -1.96  0.       -5624.174       4436.526       -179.644    0.000  -0.139   0.381   0.
  2017 352 18 34 39 505 352.774068345      -4.81      1.20     -1.94  0.       -5623.926       4435.055       -181.434    0.000  -0.139   0.381   0.
  2017 352 18 34 40 505 352.774079919      -4.78      1.13     -1.96  0.       -5623.677       4433.582       -183.225    0.000  -0.139   0.381   0.
  2017 352 18 34 41 504 352.774091493      -4.69      1.17     -1.88  0.       -5623.427       4432.110       -185.015    0.000  -0.139   0.381   0.
  2017 352 18 34 42 504 352.774103067      -4.65      1.09     -1.90  0.       -5623.177       4430.636       -186.805    0.000  -0.139   0.381   0.
  2017 352 18 34 43 504 352.774114641      -4.57      1.01     -1.87  0.       -5622.926       4429.163       -188.595    0.000  -0.139   0.381   0.
  2017 352 18 34 44 504 352.774126215      -4.51      0.93     -1.94  0.       -5622.675       4427.688       -190.385    0.000  -0.139   0.381   0.
  2017 352 18 34 45 505 352.774137789      -4.47      0.86     -1.97  0.       -5622.423       4426.213       -192.175    0.000  -0.139   0.381   0.
  2017 352 18 34 46 505 352.774149363      -4.45      0.88     -1.96  0.       -5622.170       4424.738       -193.964    0.000  -0.139   0.381   0.
  2017 352 18 34 47 505 352.774160937      -4.41      0.90     -1.84  0.       -5621.916       4423.262       -195.754    0.000  -0.139   0.381   0.
  2017 352 18 34 48 504 352.774172509      -4.30      0.90     -1.79  0.       -5621.662       4421.786       -197.544    0.000  -0.139   0.381   0.
  2017 352 18 34 49 504 352.774184083      -4.23      0.91     -1.70  0.       -5621.407       4420.309       -199.334    0.000  -0.139   0.381   0.
  2017 352 18 34 50 504 352.774195657      -4.10      0.91     -1.62  0.       -5621.152       4418.832       -201.124    0.000  -0.139   0.381   0.
  2017 352 18 34 51 504 352.774207231      -4.09      0.90     -1.55  0.       -5620.895       4417.354       -202.914    0.000  -0.139   0.381   0.
  2017 352 18 34 52 504 352.774218805      -4.09      0.93     -1.46  0.       -5620.639       4415.875       -204.704    0.000  -0.139   0.381   0.
  2017 352 18 34 53 504 352.774230379      -4.08      0.98     -1.39  0.       -5620.381       4414.396       -206.493    0.000  -0.139   0.381   0.
  2017 352 18 34 54 504 352.774241953      -4.09      0.93     -1.39  0.       -5620.123       4412.917       -208.283    0.000  -0.139   0.381   0.
  2017 352 18 34 55 504 352.774253527      -4.11      0.93     -1.30  0.       -5619.864       4411.437       -210.073    0.000  -0.139   0.381   0.
  2017 352 18 34 56 504 352.774265101      -4.03      0.96     -1.28  0.       -5619.605       4409.956       -211.862    0.000  -0.139   0.381   0.
  2017 352 18 34 57 504 352.774276675      -3.99      0.97     -1.28  0.       -5619.345       4408.475       -213.652    0.000  -0.139   0.381   0.
  2017 352 18 34 58 504 352.774288249      -3.99      0.95     -1.29  0.       -5619.084       4406.994       -215.442    0.000  -0.139   0.381   0.
  2017 352 18 34 59 504 352.774299823      -3.98      0.97     -1.32  0.       -5618.822       4405.512       -217.231    0.000  -0.139   0.381   0.
  2017 352 18 35  0 504 352.774311398      -3.97      0.95     -1.39  0.       -5618.560       4404.029       -219.021    0.000  -0.139   0.381   0.
  2017 352 18 35  1 504 352.774322972      -3.99      0.95     -1.37  0.       -5618.298       4402.546       -220.811    0.000  -0.139   0.381   0.
  2017 352 18 35  2 504 352.774334546      -3.97      0.95     -1.43  0.       -5618.034       4401.062       -222.600    0.000  -0.139   0.381   0.
  2017 352 18 35  3 504 352.774346120      -3.99      0.95     -1.46  0.       -5617.770       4399.578       -224.390    0.000  -0.139   0.381   0.
  2017 352 18 35  4 504 352.774357694      -4.05      0.92     -1.51  0.       -5617.505       4398.094       -226.179    0.000  -0.139   0.381   0.
  2017 352 18 35  5 504 352.774369268      -4.05      0.95     -1.54  0.       -5617.240       4396.608       -227.969    0.000  -0.139   0.381   0.
  2017 352 18 35  6 504 352.774380842      -4.08      0.99     -1.57  0.       -5616.974       4395.123       -229.758    0.000  -0.139   0.381   0.
  2017 352 18 35  7 504 352.774392416      -4.15      1.01     -1.56  0.       -5616.707       4393.636       -231.547    0.000  -0.139   0.381   0.
  2017 352 18 35  8 504 352.774403990      -4.18      0.99     -1.61  0.       -5616.440       4392.150       -233.337    0.000  -0.139   0.381   0.
  2017 352 18 35  9 504 352.774415564      -4.23      1.03     -1.64  0.       -5616.172       4390.662       -235.126    0.000  -0.139   0.381   0.
  2017 352 18 35 10 504 352.774427138      -4.23      1.02     -1.65  0.       -5615.903       4389.174       -236.915    0.000  -0.139   0.381   0.
  2017 352 18 35 11 504 352.774438712      -4.22      1.02     -1.69  0.       -5615.634       4387.686       -238.705    0.000  -0.139   0.381   0.
  2017 352 18 35 12 504 352.774450286      -4.22      1.07     -1.73  0.       -5615.364       4386.198       -240.494    0.000  -0.139   0.381   0.
  2017 352 18 35 13 504 352.774461861      -4.21      1.07     -1.71  0.       -5615.093       4384.708       -242.283    0.000  -0.139   0.381   0.
  2017 352 18 35 14 504 352.774473435      -4.26      1.02     -1.74  0.       -5614.822       4383.218       -244.073    0.000  -0.139   0.381   0.
  2017 352 18 35 15 504 352.774485009      -4.30      1.02     -1.77  0.       -5614.550       4381.728       -245.862    0.000  -0.139   0.381   0.
  2017 352 18 35 16 504 352.774496583      -4.28      1.04     -1.79  0.       -5614.277       4380.237       -247.651    0.000  -0.139   0.381   0.
  2017 352 18 35 17 504 352.774508156      -4.37      1.03     -1.85  0.       -5614.004       4378.746       -249.440    0.000  -0.139   0.381   0.
  2017 352 18 35 18 504 352.774519728      -4.37      1.05     -1.86  0.       -5613.730       4377.254       -251.229    0.000  -0.139   0.381   0.
  2017 352 18 35 19 504 352.774531302      -4.31      1.08     -1.91  0.       -5613.455       4375.761       -253.018    0.000  -0.139   0.381   0.
  2017 352 18 35 20 504 352.774542876      -4.39      1.10     -2.02  0.       -5613.180       4374.269       -254.807    0.000  -0.139   0.381   0.
  2017 352 18 35 21 504 352.774554450      -4.44      1.13     -2.03  0.       -5612.904       4372.775       -256.596    0.000  -0.139   0.381   0.
  2017 352 18 35 22 504 352.774566024      -4.50      1.15     -2.02  0.       -5612.627       4371.281       -258.385    0.000  -0.139   0.381   0.
  2017 352 18 35 23 504 352.774577598      -4.54      1.13     -2.01  0.       -5612.350       4369.787       -260.174    0.000  -0.139   0.381   0.
  2017 352 18 35 24 504 352.774589172      -4.57      1.17     -2.00  0.       -5612.072       4368.292       -261.963    0.000  -0.139   0.381   0.
  2017 352 18 35 25 504 352.774600747      -4.54      1.19     -2.01  0.       -5611.793       4366.796       -263.752    0.000  -0.139   0.381   0.
  2017 352 18 35 26 504 352.774612321      -4.46      1.25     -2.03  0.       -5611.513       4365.300       -265.541    0.000  -0.139   0.381   0.
  2017 352 18 35 27 504 352.774623895      -4.52      1.32     -1.96  0.       -5611.233       4363.803       -267.329    0.000  -0.139   0.381   0.
  2017 352 18 35 28 504 352.774635469      -4.49      1.36     -1.94  0.       -5610.953       4362.306       -269.118    0.000  -0.139   0.381   0.
  2017 352 18 35 29 504 352.774647043      -4.51      1.38     -1.89  0.       -5610.671       4360.809       -270.907    0.000  -0.139   0.381   0.
  2017 352 18 35 30 504 352.774658617      -4.53      1.42     -1.86  0.       -5610.389       4359.310       -272.696    0.000  -0.139   0.381   0.
  2017 352 18 35 31 504 352.774670191      -4.52      1.44     -1.80  0.       -5610.107       4357.812       -274.484    0.000  -0.139   0.381   0.
  2017 352 18 35 32 504 352.774681765      -4.54      1.48     -1.79  0.       -5609.823       4356.313       -276.273    0.000  -0.139   0.381   0.
  2017 352 18 35 33 504 352.774693339      -4.49      1.51     -1.79  0.       -5609.539       4354.813       -278.062    0.000  -0.139   0.381   0.
  2017 352 18 35 34 504 352.774704913      -4.38      1.49     -1.81  0.       -5609.255       4353.313       -279.850    0.000  -0.139   0.381   0.
  2017 352 18 35 35 504 352.774716487      -4.28      1.47     -1.80  0.       -5608.969       4351.812       -281.639    0.000  -0.139   0.381   0.
  2017 352 18 35 36 504 352.774728061      -4.18      1.41     -1.76  0.       -5608.683       4350.311       -283.427    0.000  -0.139   0.381   0.
  2017 352 18 35 37 504 352.774739635      -4.19      1.32     -1.75  0.       -5608.397       4348.809       -285.216    0.000  -0.139   0.381   0.
  2017 352 18 35 38 504 352.774751209      -4.21      1.36     -1.68  0.       -5608.110       4347.307       -287.004    0.000  -0.139   0.381   0.
  2017 352 18 35 39 504 352.774762784      -4.16      1.37     -1.61  0.       -5607.821       4345.804       -288.793    0.000  -0.139   0.381   0.
  2017 352 18 35 40 504 352.774774358      -4.08      1.34     -1.57  0.       -5607.532       4344.300       -290.581    0.000  -0.139   0.381   0.
  2017 352 18 35 41 504 352.774785932      -4.03      1.34     -1.55  0.       -5607.243       4342.797       -292.369    0.000  -0.139   0.381   0.
  2017 352 18 35 42 504 352.774797506      -3.97      1.30     -1.49  0.       -5606.953       4341.292       -294.158    0.000  -0.139   0.381   0.
  2017 352 18 35 43 504 352.774809080      -3.91      1.26     -1.51  0.       -5606.662       4339.787       -295.946    0.000  -0.139   0.381   0.
  2017 352 18 35 44 504 352.774820654      -3.98      1.27     -1.52  0.       -5606.371       4338.282       -297.734    0.000  -0.139   0.381   0.
  2017 352 18 35 45 504 352.774832228      -3.80      1.37     -1.49  0.       -5606.079       4336.776       -299.522    0.000  -0.139   0.381   0.
  2017 352 18 35 46 504 352.774843802      -3.71      1.42     -1.47  0.       -5605.786       4335.270       -301.310    0.000  -0.139   0.381   0.
  2017 352 18 35 47 504 352.774855375      -3.61      1.48     -1.37  0.       -5605.493       4333.762       -303.099    0.000  -0.139   0.381   0.
  2017 352 18 35 48 504 352.774866947      -3.47      1.43     -1.28  0.       -5605.199       4332.255       -304.887    0.000  -0.139   0.381   0.
  2017 352 18 35 49 504 352.774878521      -3.37      1.44     -1.21  0.       -5604.904       4330.747       -306.675    0.000  -0.139   0.381   0.
  2017 352 18 35 50 504 352.774890095      -3.26      1.52     -1.19  0.       -5604.608       4329.238       -308.463    0.000  -0.139   0.381   0.
  2017 352 18 35 51 504 352.774901670      -3.02      1.65     -1.17  0.       -5604.312       4327.729       -310.251    0.000  -0.139   0.381   0.
  2017 352 18 35 52 504 352.774913244      -2.98      1.55     -1.15  0.       -5604.016       4326.220       -312.039    0.000  -0.139   0.381   0.
  2017 352 18 35 53 504 352.774924818      -2.92      1.47     -1.09  0.       -5603.718       4324.710       -313.827    0.000  -0.139   0.381   0.
  2017 352 18 35 54 504 352.774936392      -2.92      1.40     -1.01  0.       -5603.420       4323.199       -315.614    0.000  -0.139   0.381   0.
  2017 352 18 35 55 504 352.774947966      -2.91      1.39     -0.97  0.       -5603.121       4321.688       -317.402    0.000  -0.139   0.381   0.
  2017 352 18 35 56 504 352.774959540      -2.86      1.37     -0.98  0.       -5602.822       4320.176       -319.190    0.000  -0.139   0.381   0.
  2017 352 18 35 57 504 352.774971114      -2.83      1.35     -0.98  0.       -5602.522       4318.664       -320.978    0.000  -0.139   0.381   0.
  2017 352 18 35 58 504 352.774982688      -2.88      1.29     -1.00  0.       -5602.221       4317.151       -322.765    0.000  -0.139   0.381   0.
  2017 352 18 35 59 504 352.774994262      -2.90      1.23     -1.01  0.       -5601.919       4315.638       -324.553    0.000  -0.139   0.381   0.
  2017 352 18 36  0 504 352.775005836      -2.82      1.24     -1.01  0.       -5601.617       4314.124       -326.341    0.000  -0.139   0.381   0.
  2017 352 18 36  1 504 352.775017410      -2.80      1.25     -1.05  0.       -5601.314       4312.610       -328.128    0.000  -0.139   0.381   0.
  2017 352 18 36  2 504 352.775028984      -2.78      1.19     -1.07  0.       -5601.010       4311.095       -329.916    0.000  -0.139   0.381   0.
  2017 352 18 36  3 504 352.775040558      -2.83      1.13     -1.11  0.       -5600.706       4309.580       -331.703    0.000  -0.139   0.381   0.
  2017 352 18 36  4 504 352.775052133      -2.80      1.04     -1.10  0.       -5600.402       4308.064       -333.491    0.000  -0.139   0.381   0.
  2017 352 18 36  5 504 352.775063707      -2.76      0.99     -1.08  0.       -5600.096       4306.548       -335.278    0.000  -0.139   0.381   0.
  2017 352 18 36  6 504 352.775075281      -2.89      0.82     -1.10  0.       -5599.790       4305.031       -337.066    0.000  -0.139   0.381   0.
  2017 352 18 36  7 504 352.775086855      -2.97      0.79     -1.01  0.       -5599.483       4303.513       -338.853    0.000  -0.139   0.381   0.
  2017 352 18 36  8 504 352.775098429      -2.99      0.76     -0.95  0.       -5599.175       4301.996       -340.640    0.000  -0.139   0.381   0.
  2017 352 18 36  9 504 352.775110003      -3.00      0.80     -0.89  0.       -5598.867       4300.477       -342.427    0.000  -0.139   0.381   0.
  2017 352 18 36 10 504 352.775121577      -2.96      0.83     -0.85  0.       -5598.558       4298.958       -344.215    0.000  -0.139   0.381   0.
  2017 352 18 36 11 504 352.775133151      -2.96      0.84     -0.83  0.       -5598.248       4297.439       -346.002    0.000  -0.139   0.381   0.
  2017 352 18 36 12 504 352.775144725      -2.94      0.83     -0.87  0.       -5597.938       4295.919       -347.789    0.000  -0.139   0.381   0.
  2017 352 18 36 13 504 352.775156299      -2.96      0.81     -0.87  0.       -5597.627       4294.398       -349.576    0.000  -0.139   0.381   0.
  2017 352 18 36 14 504 352.775167873      -2.93      0.74     -0.95  0.       -5597.315       4292.877       -351.363    0.000  -0.139   0.381   0.
  2017 352 18 36 15 504 352.775179447      -3.07      0.63     -1.02  0.       -5597.003       4291.355       -353.150    0.000  -0.139   0.381   0.
  2017 352 18 36 16 504 352.775191021      -3.08      0.48     -1.06  0.       -5596.690       4289.833       -354.937    0.000  -0.139   0.381   0.
  2017 352 18 36 17 503 352.775202595      -3.09      0.44     -1.09  0.       -5596.376       4288.311       -356.724    0.000  -0.139   0.381   0.
  2017 352 18 36 18 504 352.775214167      -3.07      0.57     -1.16  0.       -5596.062       4286.788       -358.511    0.000  -0.139   0.381   0.
  2017 352 18 36 19 504 352.775225741      -3.12      0.69     -1.13  0.       -5595.747       4285.264       -360.298    0.000  -0.139   0.381   0.
  2017 352 18 36 20 504 352.775237315      -3.15      0.82     -1.13  0.       -5595.431       4283.740       -362.084    0.000  -0.139   0.381   0.
  2017 352 18 36 21 504 352.775248889      -3.22      1.04     -1.07  0.       -5595.115       4282.215       -363.871    0.000  -0.139   0.381   0.
  2017 352 18 36 22 504 352.775260463      -3.26      1.18     -1.02  0.       -5594.798       4280.690       -365.658    0.000  -0.139   0.381   0.
  2017 352 18 36 23 503 352.775272037      -3.36      1.34     -0.99  0.       -5594.480       4279.164       -367.445    0.000  -0.139   0.381   0.
  2017 352 18 36 24 503 352.775283611      -3.40      1.49     -0.93  0.       -5594.161       4277.638       -369.231    0.000  -0.139   0.381   0.
  2017 352 18 36 25 503 352.775295185      -3.58      1.59     -0.88  0.       -5593.842       4276.111       -371.018    0.000  -0.139   0.381   0.
  2017 352 18 36 26 503 352.775306759      -3.68      1.63     -0.93  0.       -5593.522       4274.584       -372.804    0.000  -0.139   0.381   0.
  2017 352 18 36 27 503 352.775318333      -3.75      1.78     -0.86  0.       -5593.202       4273.056       -374.591    0.000  -0.139   0.381   0.
  2017 352 18 36 28 504 352.775329907      -3.83      1.84     -0.84  0.       -5592.881       4271.528       -376.377    0.000  -0.139   0.381   0.
  2017 352 18 36 29 504 352.775341481      -3.89      1.89     -0.85  0.       -5592.559       4269.999       -378.164    0.000  -0.139   0.381   0.
  2017 352 18 36 30 503 352.775353056      -3.95      1.88     -0.92  0.       -5592.236       4268.469       -379.950    0.000  -0.139   0.381   0.
  2017 352 18 36 31 503 352.775364630      -3.98      1.82     -0.94  0.       -5591.913       4266.939       -381.736    0.000  -0.139   0.381   0.
  2017 352 18 36 32 504 352.775376204      -3.96      1.90     -0.90  0.       -5591.589       4265.409       -383.522    0.000  -0.139   0.381   0.
  2017 352 18 36 33 504 352.775387778      -3.98      2.11     -0.81  0.       -5591.264       4263.878       -385.309    0.000  -0.139   0.381   0.
  2017 352 18 36 34 504 352.775399352      -3.99      2.24     -0.78  0.       -5590.939       4262.346       -387.095    0.000  -0.139   0.381   0.
  2017 352 18 36 35 504 352.775410926      -3.98      2.44     -0.78  0.       -5590.613       4260.814       -388.881    0.000  -0.139   0.381   0.
  2017 352 18 36 36 503 352.775422500      -3.98      2.51     -0.80  0.       -5590.286       4259.282       -390.667    0.000  -0.139   0.381   0.
  2017 352 18 36 37 503 352.775434074      -3.95      2.62     -0.83  0.       -5589.959       4257.749       -392.453    0.000  -0.139   0.381   0.
  2017 352 18 36 38 503 352.775445648      -3.98      2.69     -0.86  0.       -5589.631       4256.215       -394.239    0.000  -0.138   0.380   0.
  2017 352 18 36 39 503 352.775457222      -4.14      2.81     -0.89  0.       -5589.302       4254.681       -396.025    0.000  -0.138   0.380   0.
  2017 352 18 36 40 503 352.775468796      -4.25      2.85     -0.92  0.       -5588.972       4253.146       -397.810    0.000  -0.139   0.381   0.
  2017 352 18 36 41 504 352.775480370      -4.24      2.92     -0.90  0.       -5588.642       4251.611       -399.596    0.000  -0.139   0.381   0.
  2017 352 18 36 42 504 352.775491944      -4.28      2.88     -0.93  0.       -5588.311       4250.075       -401.382    0.000  -0.139   0.381   0.
  2017 352 18 36 43 503 352.775503518      -4.27      2.89     -0.93  0.       -5587.980       4248.539       -403.168    0.000  -0.139   0.381   0.
  2017 352 18 36 44 503 352.775515093      -4.26      2.86     -0.96  0.       -5587.648       4247.003       -404.953    0.000  -0.139   0.381   0.
  2017 352 18 36 45 504 352.775526667      -4.31      2.83     -1.03  0.       -5587.315       4245.465       -406.739    0.000  -0.139   0.381   0.
  2017 352 18 36 46 504 352.775538241      -4.30      2.81     -1.07  0.       -5586.981       4243.927       -408.525    0.000  -0.139   0.381   0.
  2017 352 18 36 47 504 352.775549814      -4.33      2.83     -1.12  0.       -5586.647       4242.389       -410.310    0.000  -0.139   0.381   0.
  2017 352 18 36 48 503 352.775561386      -4.33      2.77     -1.13  0.       -5586.312       4240.850       -412.095    0.000  -0.139   0.381   0.
  2017 352 18 36 49 503 352.775572960      -4.28      2.80     -1.13  0.       -5585.976       4239.311       -413.881    0.000  -0.139   0.381   0.
  2017 352 18 36 50 503 352.775584534      -4.30      2.82     -1.13  0.       -5585.640       4237.771       -415.666    0.000  -0.139   0.381   0.
  2017 352 18 36 51 503 352.775596108      -4.25      2.81     -1.11  0.       -5585.303       4236.231       -417.451    0.000  -0.139   0.381   0.
  2017 352 18 36 52 503 352.775607682      -4.21      2.82     -1.13  0.       -5584.965       4234.690       -419.237    0.000  -0.139   0.381   0.
  2017 352 18 36 53 503 352.775619256      -4.22      2.81     -1.12  0.       -5584.627       4233.148       -421.022    0.000  -0.139   0.381   0.
  2017 352 18 36 54 503 352.775630830      -4.25      2.74     -1.13  0.       -5584.288       4231.606       -422.807    0.000  -0.139   0.381   0.
  2017 352 18 36 55 503 352.775642404      -4.24      2.74     -1.15  0.       -5583.948       4230.064       -424.592    0.000  -0.139   0.381   0.
  2017 352 18 36 56 503 352.775653979      -4.29      2.68     -1.15  0.       -5583.608       4228.521       -426.377    0.000  -0.139   0.381   0.
  2017 352 18 36 57 503 352.775665553      -4.27      2.70     -1.15  0.       -5583.266       4226.977       -428.162    0.000  -0.139   0.381   0.
  2017 352 18 36 58 503 352.775677127      -4.37      2.66     -1.14  0.       -5582.924       4225.433       -429.947    0.000  -0.139   0.381   0.
  2017 352 18 36 59 503 352.775688701      -4.41      2.67     -1.15  0.       -5582.582       4223.889       -431.732    0.000  -0.139   0.381   0.
  2017 352 18 37  0 503 352.775700275      -4.43      2.63     -1.15  0.       -5582.239       4222.343       -433.517    0.000  -0.139   0.381   0.
  2017 352 18 37  1 503 352.775711849      -4.49      2.63     -1.12  0.       -5581.895       4220.798       -435.301    0.000  -0.139   0.381   0.
  2017 352 18 37  2 503 352.775723423      -4.52      2.60     -1.12  0.       -5581.550       4219.252       -437.086    0.000  -0.139   0.381   0.
  2017 352 18 37  3 503 352.775734997      -4.55      2.60     -1.14  0.       -5581.205       4217.705       -438.871    0.000  -0.139   0.381   0.
  2017 352 18 37  4 503 352.775746571      -4.61      2.64     -1.12  0.       -5580.859       4216.158       -440.655    0.000  -0.139   0.381   0.
  2017 352 18 37  5 503 352.775758145      -4.65      2.62     -1.15  0.       -5580.512       4214.610       -442.440    0.000  -0.139   0.381   0.
  2017 352 18 37  6 503 352.775769719      -4.71      2.62     -1.14  0.       -5580.165       4213.062       -444.224    0.000  -0.139   0.381   0.
  2017 352 18 37  7 503 352.775781293      -4.72      2.65     -1.16  0.       -5579.816       4211.513       -446.009    0.000  -0.139   0.381   0.
  2017 352 18 37  8 503 352.775792867      -4.74      2.62     -1.18  0.       -5579.468       4209.964       -447.793    0.000  -0.139   0.381   0.
  2017 352 18 37  9 503 352.775804442      -4.77      2.59     -1.21  0.       -5579.118       4208.414       -449.578    0.000  -0.139   0.381   0.
  2017 352 18 37 10 503 352.775816016      -4.85      2.58     -1.26  0.       -5578.768       4206.863       -451.362    0.000  -0.139   0.381   0.
  2017 352 18 37 11 503 352.775827590      -4.84      2.55     -1.31  0.       -5578.417       4205.313       -453.146    0.000  -0.139   0.381   0.
  2017 352 18 37 12 503 352.775839164      -4.88      2.60     -1.32  0.       -5578.065       4203.761       -454.930    0.000  -0.139   0.381   0.
  2017 352 18 37 13 503 352.775850738      -4.97      2.57     -1.38  0.       -5577.713       4202.209       -456.714    0.000  -0.139   0.381   0.
  2017 352 18 37 14 503 352.775862312      -4.92      2.58     -1.38  0.       -5577.360       4200.657       -458.498    0.000  -0.139   0.381   0.
  2017 352 18 37 15 503 352.775873885      -4.96      2.61     -1.39  0.       -5577.007       4199.104       -460.282    0.000  -0.139   0.381   0.
  2017 352 18 37 16 503 352.775885457      -5.04      2.61     -1.42  0.       -5576.652       4197.550       -462.066    0.000  -0.139   0.381   0.
  2017 352 18 37 17 503 352.775897031      -5.25      2.63     -1.46  0.       -5576.297       4195.996       -463.850    0.000  -0.139   0.381   0.
  2017 352 18 37 18 503 352.775908605      -5.26      2.74     -1.43  0.       -5575.941       4194.442       -465.634    0.000  -0.139   0.381   0.
  2017 352 18 37 19 503 352.775920179      -5.27      2.83     -1.45  0.       -5575.585       4192.886       -467.418    0.000  -0.139   0.381   0.
  2017 352 18 37 20 503 352.775931754      -5.35      2.89     -1.42  0.       -5575.228       4191.331       -469.201    0.000  -0.139   0.381   0.
  2017 352 18 37 21 503 352.775943328      -5.47      2.92     -1.42  0.       -5574.870       4189.775       -470.985    0.000  -0.139   0.381   0.
  2017 352 18 37 22 503 352.775954902      -5.65      2.90     -1.45  0.       -5574.511       4188.218       -472.768    0.000  -0.138   0.380   0.
  2017 352 18 37 23 503 352.775966476      -5.75      2.93     -1.43  0.       -5574.152       4186.661       -474.552    0.000  -0.138   0.380   0.
  2017 352 18 37 24 503 352.775978050      -5.85      2.99     -1.42  0.       -5573.792       4185.103       -476.335    0.000  -0.139   0.381   0.
  2017 352 18 37 25 503 352.775989624      -5.94      3.02     -1.48  0.       -5573.431       4183.545       -478.119    0.000  -0.139   0.381   0.
  2017 352 18 37 26 503 352.776001198      -5.99      3.08     -1.45  0.       -5573.070       4181.986       -479.902    0.000  -0.139   0.381   0.
  2017 352 18 37 27 503 352.776012772      -6.05      3.11     -1.46  0.       -5572.708       4180.427       -481.685    0.000  -0.139   0.381   0.
  2017 352 18 37 28 503 352.776024346      -6.11      3.13     -1.46  0.       -5572.345       4178.867       -483.468    0.000  -0.139   0.381   0.
  2017 352 18 37 29 503 352.776035920      -6.13      3.12     -1.43  0.       -5571.982       4177.307       -485.252    0.000  -0.139   0.381   0.
  2017 352 18 37 30 503 352.776047494      -6.17      3.15     -1.42  0.       -5571.618       4175.746       -487.035    0.000  -0.139   0.381   0.
  2017 352 18 37 31 503 352.776059068      -6.23      3.11     -1.45  0.       -5571.253       4174.184       -488.818    0.000  -0.139   0.381   0.
  2017 352 18 37 32 503 352.776070642      -6.22      3.12     -1.44  0.       -5570.887       4172.622       -490.601    0.000  -0.139   0.381   0.
  2017 352 18 37 33 503 352.776082216      -6.21      3.05     -1.43  0.       -5570.521       4171.060       -492.384    0.000  -0.139   0.381   0.
  2017 352 18 37 34 503 352.776093790      -6.23      3.00     -1.43  0.       -5570.154       4169.497       -494.166    0.000  -0.139   0.381   0.
  2017 352 18 37 35 503 352.776105365      -6.18      2.98     -1.38  0.       -5569.787       4167.934       -495.949    0.000  -0.139   0.381   0.
  2017 352 18 37 36 503 352.776116939      -6.20      2.94     -1.43  0.       -5569.418       4166.369       -497.732    0.000  -0.139   0.381   0.
  2017 352 18 37 37 503 352.776128513      -6.17      2.93     -1.42  0.       -5569.049       4164.805       -499.514    0.000  -0.139   0.381   0.
  2017 352 18 37 38 503 352.776140087      -6.11      2.92     -1.39  0.       -5568.679       4163.240       -501.297    0.000  -0.139   0.381   0.
  2017 352 18 37 39 503 352.776151661      -6.09      2.89     -1.34  0.       -5568.309       4161.674       -503.080    0.000  -0.139   0.381   0.
  2017 352 18 37 40 503 352.776163235      -6.03      2.87     -1.27  0.       -5567.937       4160.108       -504.862    0.000  -0.139   0.381   0.
  2017 352 18 37 41 503 352.776174809      -6.00      2.84     -1.18  0.       -5567.566       4158.541       -506.644    0.000  -0.139   0.381   0.
  2017 352 18 37 42 503 352.776186383      -5.94      2.83     -1.19  0.       -5567.193       4156.974       -508.427    0.000  -0.139   0.381   0.
  2017 352 18 37 43 503 352.776197957      -5.89      2.89     -1.19  0.       -5566.820       4155.407       -510.209    0.000  -0.139   0.381   0.
  2017 352 18 37 44 503 352.776209531      -5.92      2.85     -1.22  0.       -5566.446       4153.838       -511.991    0.000  -0.139   0.381   0.
  2017 352 18 37 45 503 352.776221105      -5.96      2.82     -1.22  0.       -5566.071       4152.269       -513.773    0.000  -0.139   0.381   0.
  2017 352 18 37 46 503 352.776232677      -6.01      2.81     -1.20  0.       -5565.695       4150.700       -515.555    0.000  -0.139   0.381   0.
  2017 352 18 37 47 503 352.776244251      -6.08      2.77     -1.18  0.       -5565.319       4149.130       -517.337    0.000  -0.139   0.381   0.
  2017 352 18 37 48 503 352.776255825      -6.16      2.71     -1.16  0.       -5564.943       4147.560       -519.119    0.000  -0.139   0.381   0.
  2017 352 18 37 49 503 352.776267399      -6.13      2.77     -1.11  0.       -5564.565       4145.989       -520.901    0.000  -0.139   0.381   0.
  2017 352 18 37 50 503 352.776278973      -6.09      2.73     -1.11  0.       -5564.187       4144.418       -522.683    0.000  -0.139   0.381   0.
  2017 352 18 37 51 503 352.776290547      -6.15      2.79     -1.14  0.       -5563.808       4142.846       -524.465    0.000  -0.139   0.381   0.
  2017 352 18 37 52 503 352.776302121      -6.18      2.81     -1.13  0.       -5563.428       4141.273       -526.246    0.000  -0.139   0.381   0.
  2017 352 18 37 53 503 352.776313695      -6.24      2.76     -1.15  0.       -5563.048       4139.700       -528.028    0.000  -0.139   0.381   0.
  2017 352 18 37 54 503 352.776325269      -6.22      2.76     -1.15  0.       -5562.667       4138.127       -529.809    0.000  -0.139   0.381   0.
  2017 352 18 37 55 503 352.776336843      -6.23      2.77     -1.15  0.       -5562.285       4136.553       -531.591    0.000  -0.139   0.381   0.
  2017 352 18 37 56 503 352.776348417      -6.28      2.69     -1.19  0.       -5561.902       4134.978       -533.372    0.000  -0.139   0.381   0.
  2017 352 18 37 57 503 352.776359991      -6.35      2.67     -1.17  0.       -5561.519       4133.403       -535.154    0.000  -0.139   0.381   0.
  2017 352 18 37 58 503 352.776371565      -6.29      2.65     -1.18  0.       -5561.135       4131.828       -536.935    0.000  -0.139   0.381   0.
  2017 352 18 37 59 503 352.776383139      -6.27      2.63     -1.17  0.       -5560.751       4130.251       -538.716    0.000  -0.139   0.381   0.
  2017 352 18 38  0 503 352.776394714      -6.25      2.60     -1.17  0.       -5560.365       4128.675       -540.497    0.000  -0.139   0.381   0.
  2017 352 18 38  1 503 352.776406288      -6.21      2.60     -1.17  0.       -5559.979       4127.097       -542.278    0.000  -0.139   0.381   0.
  2017 352 18 38  2 503 352.776417862      -6.14      2.57     -1.21  0.       -5559.593       4125.520       -544.059    0.000  -0.139   0.381   0.
  2017 352 18 38  3 503 352.776429436      -6.15      2.56     -1.24  0.       -5559.205       4123.941       -545.840    0.000  -0.139   0.381   0.
  2017 352 18 38  4 503 352.776441010      -6.06      2.51     -1.29  0.       -5558.817       4122.363       -547.621    0.000  -0.139   0.381   0.
  2017 352 18 38  5 503 352.776452584      -6.08      2.50     -1.36  0.       -5558.428       4120.783       -549.402    0.000  -0.139   0.381   0.
  2017 352 18 38  6 503 352.776464158      -6.06      2.51     -1.35  0.       -5558.038       4119.203       -551.182    0.000  -0.139   0.381   0.
  2017 352 18 38  7 503 352.776475732      -6.04      2.54     -1.36  0.       -5557.648       4117.623       -552.963    0.000  -0.139   0.381   0.
  2017 352 18 38  8 503 352.776487306      -6.04      2.48     -1.37  0.       -5557.257       4116.042       -554.743    0.000  -0.139   0.381   0.
  2017 352 18 38  9 503 352.776498880      -5.99      2.43     -1.42  0.       -5556.865       4114.461       -556.524    0.000  -0.139   0.381   0.
  2017 352 18 38 10 503 352.776510454      -5.98      2.37     -1.51  0.       -5556.473       4112.879       -558.304    0.000  -0.139   0.381   0.
  2017 352 18 38 11 503 352.776522028      -6.00      2.29     -1.62  0.       -5556.080       4111.296       -560.085    0.000  -0.139   0.381   0.
  2017 352 18 38 12 503 352.776533602      -6.05      2.21     -1.64  0.       -5555.686       4109.713       -561.865    0.000  -0.139   0.381   0.
  2017 352 18 38 13 503 352.776545177      -5.94      2.19     -1.62  0.       -5555.291       4108.130       -563.645    0.000  -0.139   0.381   0.
  2017 352 18 38 14 503 352.776556751      -5.93      2.14     -1.58  0.       -5554.896       4106.546       -565.425    0.000  -0.139   0.381   0.
  2017 352 18 38 15 503 352.776568324      -5.92      2.02     -1.53  0.       -5554.500       4104.961       -567.205    0.000  -0.139   0.381   0.
  2017 352 18 38 16 503 352.776579896      -5.83      1.94     -1.51  0.       -5554.103       4103.376       -568.985    0.000  -0.139   0.381   0.
  2017 352 18 38 17 503 352.776591470      -5.81      1.89     -1.45  0.       -5553.706       4101.790       -570.765    0.000  -0.139   0.381   0.
  2017 352 18 38 18 503 352.776603044      -5.72      1.85     -1.39  0.       -5553.308       4100.204       -572.545    0.000  -0.139   0.381   0.
  2017 352 18 38 19 502 352.776614618      -5.68      1.83     -1.39  0.       -5552.909       4098.618       -574.325    0.000  -0.139   0.381   0.
  2017 352 18 38 20 502 352.776626192      -5.78      1.78     -1.33  0.       -5552.509       4097.030       -576.104    0.000  -0.139   0.381   0.
  2017 352 18 38 21 502 352.776637766      -5.79      1.72     -1.32  0.       -5552.109       4095.443       -577.884    0.000  -0.139   0.381   0.
  2017 352 18 38 22 502 352.776649340      -5.75      1.74     -1.30  0.       -5551.708       4093.854       -579.663    0.000  -0.139   0.381   0.
  2017 352 18 38 23 502 352.776660914      -5.75      1.73     -1.35  0.       -5551.306       4092.265       -581.443    0.000  -0.139   0.381   0.
  2017 352 18 38 24 503 352.776672488      -5.75      1.72     -1.37  0.       -5550.904       4090.676       -583.222    0.000  -0.139   0.381   0.
  2017 352 18 38 25 503 352.776684063      -5.72      1.71     -1.34  0.       -5550.500       4089.086       -585.002    0.000  -0.139   0.381   0.
  2017 352 18 38 26 502 352.776695637      -5.80      1.70     -1.27  0.       -5550.097       4087.496       -586.781    0.000  -0.139   0.381   0.
  2017 352 18 38 27 503 352.776707211      -5.80      1.68     -1.32  0.       -5549.692       4085.905       -588.560    0.000  -0.139   0.381   0.
  2017 352 18 38 28 503 352.776718785      -5.81      1.71     -1.26  0.       -5549.287       4084.313       -590.339    0.000  -0.139   0.381   0.
  2017 352 18 38 29 503 352.776730359      -5.70      1.69     -1.24  0.       -5548.881       4082.721       -592.118    0.000  -0.139   0.381   0.
  2017 352 18 38 30 503 352.776741933      -5.72      1.68     -1.25  0.       -5548.474       4081.129       -593.897    0.000  -0.139   0.381   0.
  2017 352 18 38 31 503 352.776753507      -5.66      1.65     -1.26  0.       -5548.066       4079.536       -595.676    0.000  -0.139   0.381   0.
  2017 352 18 38 32 502 352.776765081      -5.57      1.58     -1.22  0.       -5547.658       4077.942       -597.454    0.000  -0.139   0.381   0.
  2017 352 18 38 33 502 352.776776655      -5.55      1.55     -1.19  0.       -5547.249       4076.348       -599.233    0.000  -0.139   0.381   0.
  2017 352 18 38 34 502 352.776788229      -5.57      1.53     -1.11  0.       -5546.840       4074.753       -601.012    0.000  -0.139   0.381   0.
  2017 352 18 38 35 502 352.776799803      -5.50      1.49     -1.06  0.       -5546.429       4073.158       -602.790    0.000  -0.139   0.381   0.
  2017 352 18 38 36 502 352.776811377      -5.35      1.52     -0.98  0.       -5546.018       4071.562       -604.569    0.000  -0.139   0.381   0.
  2017 352 18 38 37 503 352.776822951      -5.31      1.57     -0.94  0.       -5545.606       4069.966       -606.347    0.000  -0.139   0.381   0.
  2017 352 18 38 38 503 352.776834525      -5.25      1.54     -0.94  0.       -5545.194       4068.370       -608.125    0.000  -0.139   0.381   0.
  2017 352 18 38 39 502 352.776846100      -5.24      1.58     -0.91  0.       -5544.781       4066.772       -609.903    0.000  -0.139   0.381   0.
  2017 352 18 38 40 502 352.776857674      -5.19      1.59     -0.93  0.       -5544.367       4065.174       -611.682    0.000  -0.139   0.381   0.
  2017 352 18 38 41 503 352.776869248      -5.18      1.62     -0.99  0.       -5543.952       4063.576       -613.460    0.000  -0.139   0.381   0.
  2017 352 18 38 42 503 352.776880822      -5.19      1.58     -1.00  0.       -5543.536       4061.977       -615.238    0.000  -0.139   0.381   0.
  2017 352 18 38 43 503 352.776892396      -5.16      1.54     -0.95  0.       -5543.120       4060.378       -617.015    0.000  -0.139   0.381   0.
  2017 352 18 38 44 503 352.776903970      -5.12      1.48     -0.97  0.       -5542.703       4058.778       -618.793    0.000  -0.139   0.381   0.
  2017 352 18 38 45 503 352.776915543      -5.04      1.55     -0.94  0.       -5542.286       4057.177       -620.571    0.000  -0.139   0.381   0.
  2017 352 18 38 46 502 352.776927115      -5.03      1.56     -1.00  0.       -5541.868       4055.576       -622.349    0.000  -0.139   0.381   0.
  2017 352 18 38 47 502 352.776938689      -5.05      1.63     -1.07  0.       -5541.449       4053.975       -624.126    0.000  -0.139   0.381   0.
  2017 352 18 38 48 502 352.776950263      -5.04      1.67     -1.15  0.       -5541.029       4052.373       -625.904    0.000  -0.139   0.381   0.
  2017 352 18 38 49 502 352.776961837      -5.02      1.65     -1.21  0.       -5540.608       4050.770       -627.681    0.000  -0.139   0.381   0.
  2017 352 18 38 50 502 352.776973411      -5.02      1.60     -1.26  0.       -5540.187       4049.167       -629.458    0.000  -0.139   0.381   0.
  2017 352 18 38 51 502 352.776984986      -5.03      1.57     -1.24  0.       -5539.765       4047.563       -631.236    0.000  -0.139   0.381   0.
  2017 352 18 38 52 502 352.776996560      -5.03      1.50     -1.29  0.       -5539.343       4045.959       -633.013    0.000  -0.139   0.381   0.
  2017 352 18 38 53 502 352.777008134      -5.05      1.52     -1.30  0.       -5538.919       4044.355       -634.790    0.000  -0.139   0.381   0.
  2017 352 18 38 54 502 352.777019708      -5.09      1.53     -1.32  0.       -5538.495       4042.749       -636.567    0.000  -0.139   0.381   0.
  2017 352 18 38 55 502 352.777031282      -5.21      1.55     -1.38  0.       -5538.070       4041.144       -638.344    0.000  -0.139   0.381   0.
  2017 352 18 38 56 502 352.777042856      -5.23      1.66     -1.39  0.       -5537.645       4039.537       -640.120    0.000  -0.139   0.381   0.
  2017 352 18 38 57 502 352.777054430      -5.24      1.86     -1.36  0.       -5537.219       4037.930       -641.897    0.000  -0.139   0.381   0.
  2017 352 18 38 58 502 352.777066004      -5.31      1.93     -1.37  0.       -5536.792       4036.323       -643.674    0.000  -0.139   0.381   0.
  2017 352 18 38 59 502 352.777077578      -5.32      1.99     -1.36  0.       -5536.364       4034.715       -645.450    0.000  -0.139   0.381   0.
  2017 352 18 39  0 502 352.777089152      -5.36      1.98     -1.36  0.       -5535.935       4033.107       -647.227    0.000  -0.139   0.381   0.
  2017 352 18 39  1 502 352.777100726      -5.40      2.00     -1.35  0.       -5535.506       4031.498       -649.003    0.000  -0.139   0.381   0.
  2017 352 18 39  2 502 352.777112300      -5.43      2.04     -1.28  0.       -5535.076       4029.888       -650.780    0.000  -0.139   0.381   0.
  2017 352 18 39  3 502 352.777123874      -5.53      2.05     -1.26  0.       -5534.646       4028.278       -652.555    0.000  -0.139   0.381   0.
  2017 352 18 39  4 502 352.777135448      -5.58      2.10     -1.22  0.       -5534.214       4026.668       -654.332    0.000  -0.139   0.381   0.
  2017 352 18 39  5 502 352.777147023      -5.64      2.13     -1.19  0.       -5533.782       4025.057       -656.108    0.000  -0.139   0.381   0.
  2017 352 18 39  6 502 352.777158597      -5.65      2.15     -1.17  0.       -5533.349       4023.445       -657.884    0.000  -0.139   0.381   0.
  2017 352 18 39  7 502 352.777170171      -5.63      2.19     -1.20  0.       -5532.916       4021.833       -659.659    0.000  -0.139   0.381   0.
  2017 352 18 39  8 502 352.777181745      -5.59      2.21     -1.22  0.       -5532.481       4020.220       -661.436    0.000  -0.139   0.381   0.
  2017 352 18 39  9 502 352.777193319      -5.55      2.17     -1.27  0.       -5532.046       4018.607       -663.211    0.000  -0.139   0.381   0.
  2017 352 18 39 10 502 352.777204893      -5.52      2.18     -1.20  0.       -5531.611       4016.993       -664.987    0.000  -0.139   0.381   0.
  2017 352 18 39 11 502 352.777216467      -5.46      2.10     -1.22  0.       -5531.174       4015.379       -666.762    0.000  -0.139   0.381   0.
  2017 352 18 39 12 502 352.777228041      -5.45      2.05     -1.22  0.       -5530.737       4013.764       -668.538    0.000  -0.139   0.381   0.
  2017 352 18 39 13 502 352.777239615      -5.44      1.97     -1.16  0.       -5530.299       4012.149       -670.313    0.000  -0.139   0.381   0.
  2017 352 18 39 14 502 352.777251189      -5.35      1.94     -1.16  0.       -5529.860       4010.533       -672.088    0.000  -0.139   0.381   0.
  2017 352 18 39 15 502 352.777262763      -5.36      1.86     -1.20  0.       -5529.421       4008.917       -673.863    0.000  -0.139   0.381   0.
  2017 352 18 39 16 502 352.777274335      -5.42      1.85     -1.14  0.       -5528.981       4007.300       -675.638    0.000  -0.139   0.381   0.
  2017 352 18 39 17 502 352.777285909      -5.41      1.86     -1.08  0.       -5528.540       4005.682       -677.413    0.000  -0.139   0.381   0.
  2017 352 18 39 18 502 352.777297483      -5.43      1.93     -1.07  0.       -5528.098       4004.064       -679.188    0.000  -0.139   0.381   0.
  2017 352 18 39 19 502 352.777309057      -5.51      1.94     -1.00  0.       -5527.656       4002.446       -680.963    0.000  -0.139   0.381   0.
  2017 352 18 39 20 502 352.777320631      -5.50      1.93     -0.99  0.       -5527.213       4000.827       -682.738    0.000  -0.139   0.381   0.
  2017 352 18 39 21 502 352.777332205      -5.49      1.95     -0.98  0.       -5526.769       3999.207       -684.512    0.000  -0.139   0.381   0.
  2017 352 18 39 22 502 352.777343779      -5.54      1.89     -1.00  0.       -5526.325       3997.587       -686.287    0.000  -0.139   0.381   0.
  2017 352 18 39 23 502 352.777355353      -5.58      1.88     -0.96  0.       -5525.879       3995.967       -688.061    0.000  -0.139   0.381   0.
  2017 352 18 39 24 502 352.777366927      -5.52      1.89     -0.91  0.       -5525.433       3994.345       -689.836    0.000  -0.139   0.381   0.
  2017 352 18 39 25 502 352.777378501      -5.65      1.87     -0.90  0.       -5524.987       3992.724       -691.610    0.000  -0.139   0.381   0.
  2017 352 18 39 26 502 352.777390075      -5.71      1.92     -0.88  0.       -5524.539       3991.101       -693.384    0.000  -0.139   0.381   0.
  2017 352 18 39 27 502 352.777401649      -5.74      2.00     -0.85  0.       -5524.091       3989.479       -695.158    0.000  -0.139   0.381   0.
  2017 352 18 39 28 502 352.777413223      -5.81      2.05     -0.90  0.       -5523.642       3987.855       -696.932    0.000  -0.139   0.381   0.
  2017 352 18 39 29 502 352.777424797      -5.84      2.15     -0.88  0.       -5523.192       3986.231       -698.706    0.000  -0.139   0.381   0.
  2017 352 18 39 30 502 352.777436372      -5.88      2.11     -0.94  0.       -5522.742       3984.607       -700.480    0.000  -0.139   0.381   0.
  2017 352 18 39 31 502 352.777447946      -5.93      2.10     -0.92  0.       -5522.291       3982.982       -702.253    0.000  -0.139   0.381   0.
  2017 352 18 39 32 502 352.777459520      -6.00      2.14     -0.85  0.       -5521.839       3981.357       -704.027    0.000  -0.139   0.381   0.
  2017 352 18 39 33 502 352.777471094      -5.89      2.34     -0.69  0.       -5521.386       3979.731       -705.800    0.000  -0.139   0.381   0.
  2017 352 18 39 34 502 352.777482668      -5.73      2.54     -0.65  0.       -5520.933       3978.104       -707.574    0.000  -0.139   0.381   0.
  2017 352 18 39 35 502 352.777494242      -5.64      2.65     -0.53  0.       -5520.479       3976.478       -709.347    0.000  -0.139   0.381   0.
  2017 352 18 39 36 502 352.777505816      -5.57      2.80     -0.54  0.       -5520.024       3974.850       -711.120    0.000  -0.139   0.381   0.
  2017 352 18 39 37 502 352.777517390      -5.53      2.91     -0.54  0.       -5519.568       3973.222       -712.894    0.000  -0.139   0.381   0.
  2017 352 18 39 38 502 352.777528964      -5.39      2.98     -0.44  0.       -5519.112       3971.593       -714.667    0.000  -0.139   0.381   0.
  2017 352 18 39 39 502 352.777540538      -5.24      3.09     -0.42  0.       -5518.655       3969.964       -716.440    0.000  -0.139   0.381   0.
  2017 352 18 39 40 502 352.777552112      -5.14      3.18     -0.35  0.       -5518.197       3968.334       -718.212    0.000  -0.139   0.381   0.
  2017 352 18 39 41 502 352.777563686      -4.96      3.21     -0.29  0.       -5517.738       3966.704       -719.985    0.000  -0.139   0.381   0.
  2017 352 18 39 42 502 352.777575260      -4.78      3.25     -0.29  0.       -5517.279       3965.073       -721.758    0.000  -0.139   0.381   0.
  2017 352 18 39 43 502 352.777586835      -4.56      3.26     -0.32  0.       -5516.819       3963.442       -723.530    0.000  -0.139   0.381   0.
  2017 352 18 39 44 502 352.777598409      -4.38      3.18     -0.30  0.       -5516.358       3961.811       -725.303    0.000  -0.139   0.381   0.
  2017 352 18 39 45 502 352.777609982      -4.26      3.26     -0.36  0.       -5515.897       3960.178       -727.075    0.000  -0.139   0.381   0.
  2017 352 18 39 46 502 352.777621554      -4.04      3.35     -0.27  0.       -5515.435       3958.545       -728.847    0.000  -0.139   0.381   0.
  2017 352 18 39 47 502 352.777633128      -3.79      3.52     -0.15  0.       -5514.972       3956.912       -730.619    0.000  -0.139   0.381   0.
  2017 352 18 39 48 502 352.777644702      -3.69      3.57     -0.24  0.       -5514.508       3955.278       -732.391    0.000  -0.139   0.381   0.
  2017 352 18 39 49 502 352.777656276      -3.81      3.47     -0.47  0.       -5514.043       3953.643       -734.163    0.000  -0.139   0.381   0.
  2017 352 18 39 50 502 352.777667850      -3.74      3.38     -0.48  0.       -5513.578       3952.008       -735.935    0.000  -0.139   0.381   0.
  2017 352 18 39 51 502 352.777679424      -3.72      3.35     -0.56  0.       -5513.112       3950.373       -737.707    0.000  -0.139   0.381   0.
  2017 352 18 39 52 502 352.777690998      -3.67      3.40     -0.55  0.       -5512.646       3948.737       -739.478    0.000  -0.139   0.381   0.
  2017 352 18 39 53 502 352.777702572      -3.61      3.28     -0.62  0.       -5512.178       3947.100       -741.250    0.000  -0.139   0.381   0.
  2017 352 18 39 54 502 352.777714146      -3.55      3.15     -0.67  0.       -5511.710       3945.463       -743.022    0.000  -0.139   0.381   0.
  2017 352 18 39 55 502 352.777725721      -3.50      3.00     -0.65  0.       -5511.241       3943.825       -744.793    0.000  -0.139   0.381   0.
  2017 352 18 39 56 502 352.777737295      -3.48      2.90     -0.70  0.       -5510.771       3942.187       -746.564    0.000  -0.139   0.381   0.
  2017 352 18 39 57 502 352.777748869      -3.49      2.80     -0.65  0.       -5510.301       3940.548       -748.335    0.000  -0.139   0.381   0.
  2017 352 18 39 58 502 352.777760443      -3.41      2.76     -0.64  0.       -5509.830       3938.909       -750.106    0.000  -0.139   0.381   0.
  2017 352 18 39 59 502 352.777772017      -3.39      2.67     -0.63  0.       -5509.358       3937.269       -751.877    0.000  -0.139   0.381   0.
  2017 352 18 40  0 502 352.777783591      -3.29      2.63     -0.57  0.       -5508.885       3935.629       -753.648    0.000  -0.139   0.381   0.
  2017 352 18 40  1 502 352.777795165      -3.24      2.56     -0.54  0.       -5508.412       3933.988       -755.419    0.000  -0.139   0.381   0.
  2017 352 18 40  2 502 352.777806739      -3.18      2.56     -0.51  0.       -5507.937       3932.347       -757.189    0.000  -0.139   0.381   0.
  2017 352 18 40  3 502 352.777818313      -3.04      2.60     -0.42  0.       -5507.463       3930.705       -758.960    0.000  -0.139   0.381   0.
  2017 352 18 40  4 502 352.777829887      -2.81      2.55     -0.37  0.       -5506.987       3929.062       -760.730    0.000  -0.139   0.381   0.
  2017 352 18 40  5 502 352.777841461      -2.72      2.47     -0.27  0.       -5506.511       3927.419       -762.501    0.000  -0.139   0.381   0.
  2017 352 18 40  6 502 352.777853035      -2.60      2.40     -0.21  0.       -5506.033       3925.776       -764.271    0.000  -0.139   0.381   0.
  2017 352 18 40  7 502 352.777864609      -2.50      2.35     -0.12  0.       -5505.556       3924.132       -766.041    0.000  -0.139   0.381   0.
  2017 352 18 40  8 502 352.777876183      -2.36      2.28      0.01  0.       -5505.077       3922.487       -767.811    0.000  -0.139   0.381   0.
  2017 352 18 40  9 502 352.777887758      -2.25      2.21      0.11  0.       -5504.597       3920.842       -769.581    0.000  -0.139   0.381   0.
  2017 352 18 40 10 502 352.777899332      -2.21      2.14      0.21  0.       -5504.118       3919.196       -771.351    0.000  -0.139   0.381   0.
  2017 352 18 40 11 502 352.777910906      -2.17      2.04      0.25  0.       -5503.636       3917.550       -773.120    0.000  -0.139   0.381   0.
  2017 352 18 40 12 502 352.777922480      -2.07      1.89      0.24  0.       -5503.155       3915.903       -774.890    0.000  -0.139   0.381   0.
  2017 352 18 40 13 502 352.777934054      -2.02      1.82      0.19  0.       -5502.672       3914.256       -776.659    0.000  -0.139   0.381   0.
  2017 352 18 40 14 502 352.777945628      -1.94      1.74      0.23  0.       -5502.189       3912.608       -778.429    0.000  -0.139   0.381   0.
  2017 352 18 40 15 501 352.777957201      -1.90      1.62      0.13  0.       -5501.705       3910.960       -780.198    0.000  -0.139   0.381   0.
  2017 352 18 40 16 501 352.777968773      -1.90      1.46      0.10  0.       -5501.221       3909.311       -781.967    0.000  -0.139   0.381   0.
  2017 352 18 40 17 501 352.777980347      -1.82      1.31      0.05  0.       -5500.735       3907.662       -783.736    0.000  -0.139   0.381   0.
  2017 352 18 40 18 501 352.777991921      -1.74      1.17      0.11  0.       -5500.249       3906.012       -785.505    0.000  -0.139   0.381   0.
  2017 352 18 40 19 502 352.778003495      -1.58      1.15      0.23  0.       -5499.762       3904.361       -787.274    0.000  -0.139   0.381   0.
  2017 352 18 40 20 502 352.778015069      -1.48      1.03      0.39  0.       -5499.275       3902.710       -789.043    0.000  -0.139   0.381   0.
  2017 352 18 40 21 501 352.778026644      -1.35      0.88      0.49  0.       -5498.786       3901.059       -790.811    0.000  -0.139   0.381   0.
  2017 352 18 40 22 501 352.778038218      -1.26      0.87      0.62  0.       -5498.297       3899.407       -792.580    0.000  -0.139   0.381   0.
  2017 352 18 40 23 502 352.778049792      -1.14      0.91      0.63  0.       -5497.807       3897.754       -794.348    0.000  -0.139   0.381   0.
  2017 352 18 40 24 502 352.778061366      -0.98      0.96      0.71  0.       -5497.317       3896.101       -796.116    0.000  -0.139   0.381   0.
  2017 352 18 40 25 502 352.778072940      -0.77      0.98      0.79  0.       -5496.825       3894.447       -797.885    0.000  -0.139   0.381   0.
  2017 352 18 40 26 502 352.778084514      -0.60      1.05      0.80  0.       -5496.333       3892.793       -799.653    0.000  -0.139   0.381   0.
  2017 352 18 40 27 502 352.778096088      -0.61      1.19      0.89  0.       -5495.840       3891.138       -801.421    0.000  -0.139   0.381   0.
  2017 352 18 40 28 501 352.778107662      -0.44      1.32      0.95  0.       -5495.347       3889.483       -803.189    0.000  -0.139   0.381   0.
  2017 352 18 40 29 501 352.778119236      -0.34      1.37      0.94  0.       -5494.852       3887.827       -804.956    0.000  -0.139   0.381   0.
  2017 352 18 40 30 501 352.778130810      -0.28      1.45      0.89  0.       -5494.357       3886.171       -806.724    0.000  -0.139   0.381   0.
  2017 352 18 40 31 501 352.778142384      -0.24      1.47      0.94  0.       -5493.861       3884.514       -808.491    0.000  -0.139   0.381   0.
  2017 352 18 40 32 501 352.778153958      -0.16      1.42      0.97  0.       -5493.364       3882.857       -810.259    0.000  -0.139   0.381   0.
  2017 352 18 40 33 502 352.778165532      -0.01      1.47      0.99  0.       -5492.867       3881.199       -812.026    0.000  -0.139   0.381   0.
  2017 352 18 40 34 502 352.778177106       0.14      1.45      0.92  0.       -5492.369       3879.540       -813.793    0.000  -0.139   0.381   0.
  2017 352 18 40 35 501 352.778188681       0.18      1.54      0.88  0.       -5491.870       3877.881       -815.560    0.000  -0.139   0.381   0.
  2017 352 18 40 36 501 352.778200255       0.20      1.53      0.82  0.       -5491.370       3876.222       -817.327    0.000  -0.139   0.381   0.
  2017 352 18 40 37 502 352.778211829       0.20      1.56      0.78  0.       -5490.870       3874.562       -819.094    0.000  -0.139   0.381   0.
  2017 352 18 40 38 502 352.778223403       0.20      1.58      0.78  0.       -5490.368       3872.901       -820.861    0.000  -0.139   0.381   0.
  2017 352 18 40 39 502 352.778234977       0.16      1.64      0.75  0.       -5489.866       3871.240       -822.628    0.000  -0.139   0.381   0.
  2017 352 18 40 40 502 352.778246551       0.01      1.72      0.64  0.       -5489.364       3869.578       -824.394    0.000  -0.139   0.381   0.
  2017 352 18 40 41 501 352.778258125      -0.13      1.76      0.80  0.       -5488.860       3867.916       -826.160    0.000  -0.139   0.381   0.
  2017 352 18 40 42 501 352.778269699      -0.16      1.68      0.81  0.       -5488.356       3866.253       -827.927    0.000  -0.139   0.381   0.
  2017 352 18 40 43 501 352.778281272      -0.08      1.65      0.79  0.       -5487.851       3864.590       -829.693    0.000  -0.139   0.381   0.
  2017 352 18 40 44 501 352.778292844       0.03      1.69      0.80  0.       -5487.345       3862.926       -831.459    0.000  -0.139   0.381   0.
  2017 352 18 40 45 501 352.778304418       0.05      1.64      0.79  0.       -5486.838       3861.262       -833.225    0.000  -0.139   0.381   0.
  2017 352 18 40 46 501 352.778315992       0.09      1.57      0.79  0.       -5486.331       3859.597       -834.991    0.000  -0.139   0.381   0.
  2017 352 18 40 47 501 352.778327567       0.24      1.49      0.70  0.       -5485.823       3857.931       -836.756    0.000  -0.139   0.381   0.
  2017 352 18 40 48 501 352.778339141       0.17      1.46      0.57  0.       -5485.314       3856.265       -838.522    0.000  -0.139   0.381   0.
  2017 352 18 40 49 501 352.778350715       0.21      1.52      0.49  0.       -5484.805       3854.599       -840.287    0.000  -0.139   0.381   0.
  2017 352 18 40 50 501 352.778362289       0.19      1.57      0.40  0.       -5484.294       3852.932       -842.053    0.000  -0.139   0.381   0.
  2017 352 18 40 51 501 352.778373863       0.21      1.76      0.34  0.       -5483.783       3851.264       -843.818    0.000  -0.139   0.381   0.
  2017 352 18 40 52 501 352.778385437       0.20      2.04      0.27  0.       -5483.271       3849.596       -845.583    0.000  -0.139   0.381   0.
  2017 352 18 40 53 501 352.778397011       0.27      1.96      0.08  0.       -5482.759       3847.927       -847.348    0.000  -0.139   0.381   0.
  2017 352 18 40 54 501 352.778408585       0.33      1.98      0.07  0.       -5482.245       3846.258       -849.113    0.000  -0.139   0.381   0.
  2017 352 18 40 55 501 352.778420159       0.32      1.83     -0.02  0.       -5481.731       3844.588       -850.878    0.000  -0.139   0.381   0.
  2017 352 18 40 56 501 352.778431733       0.10      1.80     -0.14  0.       -5481.216       3842.918       -852.642    0.000  -0.139   0.381   0.
  2017 352 18 40 57 501 352.778443307      -0.01      1.79     -0.16  0.       -5480.701       3841.247       -854.407    0.000  -0.139   0.381   0.
  2017 352 18 40 58 501 352.778454881      -0.08      1.79     -0.19  0.       -5480.184       3839.576       -856.171    0.000  -0.139   0.381   0.
  2017 352 18 40 59 501 352.778466455      -0.12      1.82     -0.19  0.       -5479.667       3837.904       -857.935    0.000  -0.139   0.381   0.
  2017 352 18 41  0 501 352.778478030      -0.17      1.75     -0.26  0.       -5479.149       3836.232       -859.699    0.000  -0.139   0.381   0.
  2017 352 18 41  1 501 352.778489604      -0.28      1.80     -0.35  0.       -5478.630       3834.559       -861.463    0.000  -0.139   0.381   0.
  2017 352 18 41  2 501 352.778501178      -0.47      1.92     -0.36  0.       -5478.111       3832.885       -863.227    0.000  -0.139   0.381   0.
  2017 352 18 41  3 501 352.778512752      -0.71      2.01     -0.29  0.       -5477.590       3831.211       -864.991    0.000  -0.139   0.381   0.
  2017 352 18 41  4 501 352.778524326      -0.73      2.04     -0.34  0.       -5477.069       3829.537       -866.755    0.000  -0.139   0.381   0.
  2017 352 18 41  5 501 352.778535900      -0.86      2.03     -0.57  0.       -5476.548       3827.862       -868.518    0.000  -0.139   0.381   0.
  2017 352 18 41  6 501 352.778547474      -1.22      1.96     -0.78  0.       -5476.025       3826.186       -870.282    0.000  -0.139   0.381   0.
  2017 352 18 41  7 501 352.778559048      -1.49      2.00     -0.94  0.       -5475.502       3824.510       -872.045    0.000  -0.139   0.381   0.
  2017 352 18 41  8 501 352.778570622      -1.67      2.02     -1.01  0.       -5474.978       3822.833       -873.808    0.000  -0.139   0.381   0.
  2017 352 18 41  9 501 352.778582196      -1.78      1.93     -1.12  0.       -5474.453       3821.156       -875.571    0.000  -0.139   0.381   0.
  2017 352 18 41 10 501 352.778593770      -1.93      1.96     -1.24  0.       -5473.927       3819.478       -877.334    0.000  -0.139   0.381   0.
  2017 352 18 41 11 501 352.778605344      -2.04      1.98     -1.11  0.       -5473.401       3817.800       -879.097    0.000  -0.139   0.381   0.
  2017 352 18 41 12 501 352.778616918      -2.23      2.02     -0.99  0.       -5472.874       3816.121       -880.860    0.000  -0.139   0.381   0.
  2017 352 18 41 13 501 352.778628492      -2.45      1.86     -1.00  0.       -5472.346       3814.442       -882.622    0.000  -0.139   0.381   0.
  2017 352 18 41 14 501 352.778640064      -2.48      1.76     -1.03  0.       -5471.817       3812.762       -884.385    0.000  -0.139   0.381   0.
  2017 352 18 41 15 501 352.778651638      -2.37      1.73     -1.10  0.       -5471.287       3811.081       -886.147    0.000  -0.139   0.381   0.
  2017 352 18 41 16 501 352.778663212      -2.40      1.77     -1.06  0.       -5470.757       3809.401       -887.909    0.000  -0.139   0.381   0.
  2017 352 18 41 17 501 352.778674786      -2.39      1.83     -0.99  0.       -5470.226       3807.719       -889.671    0.000  -0.139   0.381   0.
  2017 352 18 41 18 501 352.778686360      -2.47      1.89     -0.91  0.       -5469.694       3806.037       -891.433    0.000  -0.139   0.381   0.
  2017 352 18 41 19 501 352.778697934      -2.50      1.94     -0.81  0.       -5469.162       3804.354       -893.195    0.000  -0.139   0.381   0.
  2017 352 18 41 20 501 352.778709508      -2.50      1.93     -0.80  0.       -5468.629       3802.671       -894.957    0.000  -0.139   0.381   0.
  2017 352 18 41 21 501 352.778721082      -2.47      1.88     -0.83  0.       -5468.094       3800.988       -896.718    0.000  -0.139   0.381   0.
  2017 352 18 41 22 501 352.778732656      -2.56      1.79     -0.81  0.       -5467.560       3799.303       -898.480    0.000  -0.139   0.381   0.
  2017 352 18 41 23 501 352.778744230      -2.56      1.74     -0.89  0.       -5467.024       3797.619       -900.241    0.000  -0.139   0.381   0.
  2017 352 18 41 24 501 352.778755804      -2.59      1.73     -0.90  0.       -5466.487       3795.933       -902.002    0.000  -0.139   0.381   0.
  2017 352 18 41 25 501 352.778767378      -2.64      1.75     -0.92  0.       -5465.950       3794.248       -903.763    0.000  -0.139   0.381   0.
  2017 352 18 41 26 501 352.778778953      -2.63      1.77     -0.81  0.       -5465.412       3792.561       -905.524    0.000  -0.139   0.381   0.
  2017 352 18 41 27 501 352.778790527      -2.59      1.78     -0.76  0.       -5464.874       3790.874       -907.285    0.000  -0.139   0.381   0.
  2017 352 18 41 28 501 352.778802101      -2.55      1.68     -0.71  0.       -5464.334       3789.187       -909.045    0.000  -0.139   0.381   0.
  2017 352 18 41 29 501 352.778813675      -2.60      1.70     -0.87  0.       -5463.794       3787.499       -910.806    0.000  -0.139   0.381   0.
  2017 352 18 41 30 501 352.778825249      -2.68      1.57     -1.14  0.       -5463.253       3785.810       -912.567    0.000  -0.139   0.381   0.
  2017 352 18 41 31 501 352.778836823      -2.66      1.50     -1.31  0.       -5462.711       3784.121       -914.327    0.000  -0.139   0.381   0.
  2017 352 18 41 32 501 352.778848397      -2.69      1.53     -1.39  0.       -5462.168       3782.432       -916.086    0.000  -0.139   0.381   0.
  2017 352 18 41 33 501 352.778859971      -2.78      1.65     -1.33  0.       -5461.625       3780.742       -917.846    0.000  -0.139   0.381   0.
  2017 352 18 41 34 501 352.778871545      -2.92      1.57     -1.34  0.       -5461.081       3779.051       -919.606    0.000  -0.139   0.381   0.
  2017 352 18 41 35 501 352.778883119      -3.08      1.54     -1.36  0.       -5460.536       3777.360       -921.367    0.000  -0.139   0.381   0.
  2017 352 18 41 36 501 352.778894693      -3.24      1.47     -1.38  0.       -5459.990       3775.668       -923.126    0.000  -0.139   0.381   0.
  2017 352 18 41 37 501 352.778906267      -3.34      1.47     -1.43  0.       -5459.444       3773.976       -924.886    0.000  -0.139   0.381   0.
  2017 352 18 41 38 501 352.778917841      -3.50      1.40     -1.45  0.       -5458.896       3772.283       -926.645    0.000  -0.139   0.381   0.
  2017 352 18 41 39 501 352.778929416      -3.57      1.43     -1.55  0.       -5458.348       3770.590       -928.404    0.000  -0.139   0.381   0.
  2017 352 18 41 40 501 352.778940990      -3.71      1.49     -1.65  0.       -5457.800       3768.896       -930.163    0.000  -0.139   0.381   0.
  2017 352 18 41 41 501 352.778952564      -3.75      1.48     -1.63  0.       -5457.250       3767.202       -931.922    0.000  -0.139   0.381   0.
  2017 352 18 41 42 501 352.778964138      -3.75      1.54     -1.63  0.       -5456.700       3765.507       -933.681    0.000  -0.139   0.381   0.
  2017 352 18 41 43 501 352.778975711      -3.82      1.57     -1.71  0.       -5456.148       3763.812       -935.440    0.000  -0.139   0.381   0.
  2017 352 18 41 44 501 352.778987283      -3.99      1.55     -1.75  0.       -5455.596       3762.115       -937.198    0.000  -0.139   0.381   0.
  2017 352 18 41 45 501 352.778998857      -4.04      1.54     -1.76  0.       -5455.044       3760.419       -938.956    0.000  -0.139   0.381   0.
  2017 352 18 41 46 501 352.779010431      -4.04      1.53     -1.72  0.       -5454.490       3758.722       -940.715    0.000  -0.139   0.381   0.
  2017 352 18 41 47 501 352.779022005      -4.14      1.50     -1.76  0.       -5453.936       3757.024       -942.473    0.000  -0.139   0.381   0.
  2017 352 18 41 48 501 352.779033579      -4.14      1.54     -1.75  0.       -5453.381       3755.326       -944.231    0.000  -0.139   0.381   0.
  2017 352 18 41 49 501 352.779045153      -4.14      1.55     -1.71  0.       -5452.825       3753.627       -945.989    0.000  -0.139   0.381   0.
  2017 352 18 41 50 501 352.779056727      -4.07      1.55     -1.68  0.       -5452.269       3751.928       -947.746    0.000  -0.139   0.381   0.
  2017 352 18 41 51 501 352.779068302      -3.98      1.60     -1.62  0.       -5451.711       3750.228       -949.504    0.000  -0.139   0.381   0.
  2017 352 18 41 52 501 352.779079876      -3.94      1.56     -1.62  0.       -5451.153       3748.528       -951.262    0.000  -0.139   0.381   0.
  2017 352 18 41 53 501 352.779091450      -3.89      1.54     -1.66  0.       -5450.594       3746.827       -953.019    0.000  -0.139   0.381   0.
  2017 352 18 41 54 501 352.779103024      -3.77      1.54     -1.69  0.       -5450.034       3745.126       -954.776    0.000  -0.139   0.381   0.
  2017 352 18 41 55 501 352.779114598      -3.69      1.45     -1.70  0.       -5449.474       3743.424       -956.533    0.000  -0.139   0.381   0.
  2017 352 18 41 56 501 352.779126172      -3.62      1.39     -1.73  0.       -5448.913       3741.721       -958.290    0.000  -0.139   0.381   0.
  2017 352 18 41 57 501 352.779137746      -3.57      1.26     -1.75  0.       -5448.350       3740.018       -960.047    0.000  -0.139   0.381   0.
  2017 352 18 41 58 501 352.779149320      -3.48      1.18     -1.73  0.       -5447.788       3738.315       -961.803    0.000  -0.139   0.381   0.
  2017 352 18 41 59 501 352.779160894      -3.39      1.20     -1.69  0.       -5447.224       3736.611       -963.560    0.000  -0.139   0.381   0.
  2017 352 18 42  0 501 352.779172468      -3.34      1.21     -1.65  0.       -5446.660       3734.906       -965.316    0.000  -0.139   0.381   0.
  2017 352 18 42  1 501 352.779184042      -3.35      1.21     -1.69  0.       -5446.094       3733.201       -967.073    0.000  -0.139   0.381   0.
  2017 352 18 42  2 501 352.779195616      -3.34      1.20     -1.60  0.       -5445.528       3731.495       -968.829    0.000  -0.139   0.381   0.
  2017 352 18 42  3 501 352.779207190      -3.29      1.21     -1.51  0.       -5444.962       3729.789       -970.585    0.000  -0.139   0.381   0.
  2017 352 18 42  4 501 352.779218764      -3.11      1.23     -1.42  0.       -5444.394       3728.082       -972.340    0.000  -0.139   0.381   0.
  2017 352 18 42  5 501 352.779230339      -2.99      1.11     -1.33  0.       -5443.826       3726.375       -974.096    0.000  -0.139   0.381   0.
  2017 352 18 42  6 501 352.779241913      -2.84      1.02     -1.36  0.       -5443.257       3724.667       -975.851    0.000  -0.139   0.381   0.
  2017 352 18 42  7 501 352.779253487      -2.79      0.91     -1.40  0.       -5442.687       3722.959       -977.607    0.000  -0.139   0.381   0.
  2017 352 18 42  8 501 352.779265061      -2.73      0.88     -1.28  0.       -5442.116       3721.250       -979.362    0.000  -0.139   0.381   0.
  2017 352 18 42  9 501 352.779276635      -2.64      0.82     -1.25  0.       -5441.544       3719.540       -981.117    0.000  -0.139   0.381   0.
  2017 352 18 42 10 501 352.779288209      -2.60      0.68     -1.30  0.       -5440.972       3717.830       -982.872    0.000  -0.139   0.381   0.
  2017 352 18 42 11 501 352.779299783      -2.61      0.57     -1.30  0.       -5440.399       3716.120       -984.627    0.000  -0.139   0.381   0.
  2017 352 18 42 12 501 352.779311357      -2.66      0.50     -1.28  0.       -5439.825       3714.409       -986.382    0.000  -0.139   0.381   0.
  2017 352 18 42 13 500 352.779322930      -2.71      0.46     -1.27  0.       -5439.251       3712.697       -988.136    0.000  -0.139   0.381   0.
  2017 352 18 42 14 500 352.779334502      -2.64      0.47     -1.25  0.       -5438.675       3710.985       -989.890    0.000  -0.139   0.381   0.
  2017 352 18 42 15 501 352.779346076      -2.66      0.47     -1.22  0.       -5438.099       3709.272       -991.645    0.000  -0.139   0.381   0.
  2017 352 18 42 16 501 352.779357650      -2.62      0.47     -1.15  0.       -5437.522       3707.559       -993.399    0.000  -0.139   0.381   0.
  2017 352 18 42 17 500 352.779369225      -2.56      0.53     -1.07  0.       -5436.944       3705.845       -995.153    0.000  -0.139   0.381   0.
  2017 352 18 42 18 500 352.779380799      -2.49      0.61     -0.97  0.       -5436.365       3704.131       -996.906    0.000  -0.139   0.381   0.
  2017 352 18 42 19 501 352.779392373      -2.39      0.68     -0.92  0.       -5435.786       3702.416       -998.660    0.000  -0.139   0.381   0.
  2017 352 18 42 20 501 352.779403947      -2.32      0.74     -0.90  0.       -5435.206       3700.701      -1000.414    0.000  -0.139   0.381   0.
  2017 352 18 42 21 501 352.779415521      -2.27      0.67     -0.93  0.       -5434.625       3698.985      -1002.167    0.000  -0.139   0.381   0.
  2017 352 18 42 22 501 352.779427095      -2.19      0.58     -0.97  0.       -5434.043       3697.268      -1003.920    0.000  -0.139   0.381   0.
  2017 352 18 42 23 501 352.779438669      -2.16      0.57     -0.97  0.       -5433.461       3695.551      -1005.673    0.000  -0.139   0.381   0.
  2017 352 18 42 24 500 352.779450243      -2.12      0.56     -0.92  0.       -5432.877       3693.834      -1007.426    0.000  -0.139   0.381   0.
  2017 352 18 42 25 500 352.779461817      -2.03      0.52     -0.97  0.       -5432.293       3692.116      -1009.179    0.000  -0.139   0.381   0.
  2017 352 18 42 26 500 352.779473391      -2.01      0.46     -0.95  0.       -5431.708       3690.397      -1010.932    0.000  -0.139   0.381   0.
  2017 352 18 42 27 500 352.779484965      -2.01      0.36     -0.95  0.       -5431.122       3688.678      -1012.684    0.000  -0.139   0.381   0.
  2017 352 18 42 28 500 352.779496539      -2.15      0.32     -0.94  0.       -5430.536       3686.958      -1014.436    0.000  -0.139   0.381   0.
  2017 352 18 42 29 501 352.779508113      -2.30      0.21     -0.98  0.       -5429.949       3685.238      -1016.189    0.000  -0.139   0.381   0.
  2017 352 18 42 30 500 352.779519687      -2.31      0.13     -0.96  0.       -5429.361       3683.517      -1017.941    0.000  -0.139   0.381   0.
  2017 352 18 42 31 500 352.779531262      -2.32      0.16     -0.93  0.       -5428.772       3681.796      -1019.692    0.000  -0.139   0.381   0.
  2017 352 18 42 32 500 352.779542836      -2.38      0.04     -0.90  0.       -5428.182       3680.074      -1021.444    0.000  -0.139   0.381   0.
  2017 352 18 42 33 501 352.779554410      -2.38      0.07     -0.96  0.       -5427.592       3678.352      -1023.196    0.000  -0.139   0.381   0.
  2017 352 18 42 34 501 352.779565984      -2.44      0.07     -0.96  0.       -5427.000       3676.629      -1024.947    0.000  -0.139   0.381   0.
  2017 352 18 42 35 501 352.779577558      -2.50      0.09     -0.91  0.       -5426.408       3674.905      -1026.698    0.000  -0.139   0.381   0.
  2017 352 18 42 36 501 352.779589132      -2.59      0.14     -0.92  0.       -5425.815       3673.181      -1028.450    0.000  -0.139   0.381   0.
  2017 352 18 42 37 500 352.779600706      -2.65      0.25     -0.86  0.       -5425.222       3671.457      -1030.200    0.000  -0.139   0.381   0.
  2017 352 18 42 38 500 352.779612280      -2.57      0.17     -0.94  0.       -5424.627       3669.732      -1031.951    0.000  -0.139   0.381   0.
  2017 352 18 42 39 500 352.779623854      -2.62      0.14     -0.95  0.       -5424.032       3668.006      -1033.702    0.000  -0.139   0.381   0.
  2017 352 18 42 40 500 352.779635428      -2.68      0.08     -1.01  0.       -5423.436       3666.280      -1035.453    0.000  -0.139   0.381   0.
  2017 352 18 42 41 500 352.779647002      -2.82      0.05     -1.05  0.       -5422.839       3664.553      -1037.203    0.000  -0.139   0.381   0.
  2017 352 18 42 42 501 352.779658576      -2.91      0.09     -0.98  0.       -5422.241       3662.826      -1038.953    0.000  -0.139   0.381   0.
  2017 352 18 42 43 501 352.779670150      -2.93      0.13     -0.94  0.       -5421.643       3661.098      -1040.703    0.000  -0.139   0.381   0.
  2017 352 18 42 44 500 352.779681722      -2.98      0.18     -0.86  0.       -5421.044       3659.370      -1042.453    0.000  -0.139   0.381   0.
  2017 352 18 42 45 500 352.779693296      -2.94      0.24     -0.75  0.       -5420.444       3657.641      -1044.203    0.000  -0.139   0.381   0.
  2017 352 18 42 46 500 352.779704870      -2.82      0.30     -0.67  0.       -5419.843       3655.912      -1045.952    0.000  -0.139   0.381   0.
  2017 352 18 42 47 500 352.779716444      -2.74      0.27     -0.69  0.       -5419.241       3654.182      -1047.702    0.000  -0.139   0.381   0.
  2017 352 18 42 48 500 352.779728018      -2.67      0.30     -0.66  0.       -5418.639       3652.451      -1049.451    0.000  -0.139   0.381   0.
  2017 352 18 42 49 500 352.779739592      -2.57      0.26     -0.67  0.       -5418.036       3650.720      -1051.200    0.000  -0.139   0.381   0.
  2017 352 18 42 50 500 352.779751166      -2.60      0.24     -0.65  0.       -5417.432       3648.989      -1052.949    0.000  -0.139   0.381   0.
  2017 352 18 42 51 500 352.779762740      -2.46      0.22     -0.69  0.       -5416.827       3647.257      -1054.698    0.000  -0.139   0.381   0.
  2017 352 18 42 52 500 352.779774314      -2.36      0.15     -0.73  0.       -5416.221       3645.524      -1056.447    0.000  -0.139   0.381   0.
  2017 352 18 42 53 500 352.779785888      -2.32      0.03     -0.69  0.       -5415.615       3643.791      -1058.195    0.000  -0.139   0.381   0.
  2017 352 18 42 54 500 352.779797462      -2.27     -0.07     -0.76  0.       -5415.007       3642.057      -1059.943    0.000  -0.139   0.381   0.
  2017 352 18 42 55 500 352.779809036      -2.30     -0.06     -0.75  0.       -5414.399       3640.323      -1061.692    0.000  -0.139   0.381   0.
  2017 352 18 42 56 500 352.779820611      -2.28     -0.10     -0.69  0.       -5413.790       3638.588      -1063.440    0.000  -0.139   0.381   0.
  2017 352 18 42 57 500 352.779832185      -2.20     -0.09     -0.62  0.       -5413.181       3636.853      -1065.188    0.000  -0.139   0.381   0.
  2017 352 18 42 58 500 352.779843759      -2.24     -0.11     -0.65  0.       -5412.570       3635.117      -1066.935    0.000  -0.139   0.381   0.
  2017 352 18 42 59 500 352.779855333      -2.20     -0.07     -0.62  0.       -5411.959       3633.380      -1068.683    0.000  -0.139   0.381   0.
  2017 352 18 43  0 500 352.779866907      -2.20     -0.09     -0.64  0.       -5411.347       3631.643      -1070.430    0.000  -0.139   0.381   0.
  2017 352 18 43  1 500 352.779878481      -2.12     -0.10     -0.64  0.       -5410.734       3629.906      -1072.177    0.000  -0.139   0.381   0.
  2017 352 18 43  2 500 352.779890055      -2.10     -0.09     -0.68  0.       -5410.120       3628.168      -1073.924    0.000  -0.139   0.381   0.
  2017 352 18 43  3 500 352.779901629      -2.11     -0.06     -0.67  0.       -5409.506       3626.429      -1075.671    0.000  -0.139   0.381   0.
  2017 352 18 43  4 500 352.779913203      -2.09     -0.09     -0.63  0.       -5408.891       3624.690      -1077.418    0.000  -0.139   0.381   0.
  2017 352 18 43  5 500 352.779924777      -2.01     -0.12     -0.68  0.       -5408.275       3622.951      -1079.165    0.000  -0.139   0.381   0.
  2017 352 18 43  6 500 352.779936351      -2.07     -0.10     -0.67  0.       -5407.658       3621.210      -1080.911    0.000  -0.139   0.381   0.
  2017 352 18 43  7 500 352.779947925      -2.00     -0.13     -0.66  0.       -5407.040       3619.470      -1082.657    0.000  -0.139   0.381   0.
  2017 352 18 43  8 500 352.779959499      -1.97     -0.15     -0.65  0.       -5406.422       3617.728      -1084.403    0.000  -0.139   0.381   0.
  2017 352 18 43  9 500 352.779971073      -1.90     -0.21     -0.61  0.       -5405.802       3615.987      -1086.149    0.000  -0.139   0.381   0.
  2017 352 18 43 10 500 352.779982648      -1.86     -0.39     -0.58  0.       -5405.182       3614.244      -1087.895    0.000  -0.139   0.381   0.
  2017 352 18 43 11 500 352.779994222      -1.86     -0.64     -0.49  0.       -5404.561       3612.501      -1089.641    0.000  -0.139   0.381   0.
  2017 352 18 43 12 500 352.780005796      -1.94     -0.73     -0.44  0.       -5403.939       3610.758      -1091.386    0.000  -0.139   0.381   0.
  2017 352 18 43 13 500 352.780017369      -1.91     -0.72     -0.47  0.       -5403.317       3609.014      -1093.132    0.000  -0.139   0.381   0.
  2017 352 18 43 14 500 352.780028941      -1.76     -0.65     -0.50  0.       -5402.694       3607.269      -1094.877    0.000  -0.139   0.381   0.
  2017 352 18 43 15 500 352.780040515      -1.67     -0.62     -0.53  0.       -5402.069       3605.524      -1096.622    0.000  -0.139   0.381   0.
  2017 352 18 43 16 500 352.780052089      -1.71     -0.65     -0.57  0.       -5401.444       3603.779      -1098.366    0.000  -0.139   0.381   0.
  2017 352 18 43 17 500 352.780063663      -1.75     -0.61     -0.56  0.       -5400.819       3602.033      -1100.111    0.000  -0.139   0.381   0.
  2017 352 18 43 18 500 352.780075237      -1.77     -0.48     -0.61  0.       -5400.192       3600.286      -1101.855    0.000  -0.139   0.381   0.
  2017 352 18 43 19 500 352.780086811      -1.79     -0.41     -0.63  0.       -5399.565       3598.539      -1103.600    0.000  -0.139   0.381   0.
  2017 352 18 43 20 500 352.780098385      -1.79     -0.39     -0.62  0.       -5398.936       3596.791      -1105.344    0.000  -0.139   0.381   0.
  2017 352 18 43 21 500 352.780109960      -1.75     -0.40     -0.63  0.       -5398.307       3595.043      -1107.088    0.000  -0.139   0.381   0.
  2017 352 18 43 22 500 352.780121534      -1.84     -0.34     -0.60  0.       -5397.678       3593.294      -1108.832    0.000  -0.139   0.381   0.
  2017 352 18 43 23 500 352.780133108      -1.81     -0.36     -0.63  0.       -5397.047       3591.544      -1110.575    0.000  -0.139   0.381   0.
  2017 352 18 43 24 500 352.780144682      -1.71     -0.16     -0.69  0.       -5396.415       3589.795      -1112.319    0.000  -0.139   0.381   0.
  2017 352 18 43 25 500 352.780156256      -1.58     -0.16     -0.71  0.       -5395.783       3588.044      -1114.062    0.000  -0.139   0.381   0.
  2017 352 18 43 26 500 352.780167830      -1.47     -0.26     -0.75  0.       -5395.150       3586.293      -1115.805    0.000  -0.139   0.381   0.
  2017 352 18 43 27 500 352.780179404      -1.60     -0.38     -0.70  0.       -5394.516       3584.542      -1117.548    0.000  -0.139   0.381   0.
  2017 352 18 43 28 500 352.780190978      -1.69     -0.46     -0.49  0.       -5393.882       3582.790      -1119.291    0.000  -0.139   0.381   0.
  2017 352 18 43 29 500 352.780202552      -1.65     -0.52     -0.34  0.       -5393.246       3581.037      -1121.033    0.000  -0.139   0.381   0.
  2017 352 18 43 30 500 352.780214126      -1.58     -0.53     -0.19  0.       -5392.610       3579.284      -1122.776    0.000  -0.139   0.381   0.
  2017 352 18 43 31 500 352.780225700      -1.56     -0.59     -0.08  0.       -5391.973       3577.530      -1124.518    0.000  -0.139   0.381   0.
  2017 352 18 43 32 500 352.780237274      -1.49     -0.57     -0.02  0.       -5391.335       3575.776      -1126.260    0.000  -0.139   0.381   0.
  2017 352 18 43 33 500 352.780248848      -1.44     -0.61      0.11  0.       -5390.696       3574.021      -1128.002    0.000  -0.139   0.381   0.
  2017 352 18 43 34 500 352.780260422      -1.44     -0.66      0.20  0.       -5390.056       3572.266      -1129.744    0.000  -0.139   0.381   0.
  2017 352 18 43 35 500 352.780271997      -1.34     -0.55      0.36  0.       -5389.416       3570.510      -1131.486    0.000  -0.139   0.381   0.
  2017 352 18 43 36 500 352.780283571      -1.25     -0.55      0.51  0.       -5388.775       3568.753      -1133.227    0.000  -0.139   0.381   0.
  2017 352 18 43 37 500 352.780295145      -1.17     -0.54      0.61  0.       -5388.133       3566.996      -1134.968    0.000  -0.139   0.381   0.
  2017 352 18 43 38 500 352.780306719      -1.06     -0.54      0.83  0.       -5387.490       3565.239      -1136.709    0.000  -0.139   0.381   0.
  2017 352 18 43 39 500 352.780318293      -1.09     -0.64      0.93  0.       -5386.846       3563.481      -1138.450    0.000  -0.139   0.381   0.
  2017 352 18 43 40 500 352.780329867      -1.14     -0.51      0.94  0.       -5386.202       3561.722      -1140.191    0.000  -0.139   0.381   0.
  2017 352 18 43 41 500 352.780341441      -1.12     -0.71      0.94  0.       -5385.556       3559.963      -1141.931    0.000  -0.139   0.381   0.
  2017 352 18 43 42 500 352.780353015      -1.27     -0.82      0.82  0.       -5384.910       3558.204      -1143.672    0.000  -0.139   0.381   0.
  2017 352 18 43 43 500 352.780364588      -1.43     -0.73      0.78  0.       -5384.263       3556.443      -1145.412    0.000  -0.139   0.381   0.
  2017 352 18 43 44 500 352.780376160      -1.37     -0.87      1.00  0.       -5383.615       3554.683      -1147.152    0.000  -0.139   0.381   0.
  2017 352 18 43 45 500 352.780387734      -1.42     -0.97      1.01  0.       -5382.967       3552.921      -1148.892    0.000  -0.139   0.381   0.
  2017 352 18 43 46 500 352.780399308      -1.41     -1.02      0.97  0.       -5382.317       3551.160      -1150.632    0.000  -0.139   0.381   0.
  2017 352 18 43 47 500 352.780410883      -1.36     -0.98      0.98  0.       -5381.667       3549.397      -1152.371    0.000  -0.139   0.381   0.
  2017 352 18 43 48 500 352.780422457      -1.30     -1.02      0.98  0.       -5381.016       3547.634      -1154.110    0.000  -0.139   0.381   0.
  2017 352 18 43 49 500 352.780434031      -1.12     -0.90      1.03  0.       -5380.364       3545.871      -1155.850    0.000  -0.139   0.381   0.
  2017 352 18 43 50 500 352.780445605      -1.16     -0.91      1.03  0.       -5379.712       3544.107      -1157.589    0.000  -0.139   0.381   0.
  2017 352 18 43 51 500 352.780457179      -1.24     -0.88      1.16  0.       -5379.058       3542.342      -1159.328    0.000  -0.139   0.381   0.
  2017 352 18 43 52 500 352.780468753      -1.09     -0.88      1.19  0.       -5378.404       3540.577      -1161.066    0.000  -0.139   0.381   0.
  2017 352 18 43 53 500 352.780480327      -0.79     -0.82      1.40  0.       -5377.749       3538.812      -1162.804    0.000  -0.139   0.381   0.
  2017 352 18 43 54 500 352.780491901      -0.75     -0.64      1.38  0.       -5377.093       3537.046      -1164.543    0.000  -0.139   0.381   0.
  2017 352 18 43 55 500 352.780503475      -0.77     -0.42      1.38  0.       -5376.436       3535.279      -1166.281    0.000  -0.139   0.381   0.
  2017 352 18 43 56 500 352.780515049      -0.79     -0.37      1.41  0.       -5375.778       3533.512      -1168.019    0.000  -0.139   0.381   0.
  2017 352 18 43 57 500 352.780526623      -0.60     -0.21      1.53  0.       -5375.120       3531.744      -1169.756    0.000  -0.139   0.381   0.
  2017 352 18 43 58 500 352.780538197      -0.33      0.00      1.35  0.       -5374.461       3529.976      -1171.494    0.000  -0.139   0.381   0.
  2017 352 18 43 59 500 352.780549771      -0.16      0.11      1.46  0.       -5373.801       3528.207      -1173.231    0.000  -0.139   0.381   0.
  2017 352 18 44  0 500 352.780561345       0.12      0.01      1.56  0.       -5373.140       3526.437      -1174.968    0.000  -0.139   0.381   0.
  2017 352 18 44  1 500 352.780572920       0.14      0.12      1.60  0.       -5372.478       3524.667      -1176.705    0.000  -0.139   0.381   0.
  2017 352 18 44  2 500 352.780584494       0.17      0.33      1.68  0.       -5371.815       3522.897      -1178.442    0.000  -0.139   0.381   0.
  2017 352 18 44  3 500 352.780596068       0.34      0.41      1.73  0.       -5371.152       3521.126      -1180.179    0.000  -0.139   0.381   0.
  2017 352 18 44  4 500 352.780607642       0.42      0.52      1.67  0.       -5370.488       3519.354      -1181.915    0.000  -0.139   0.381   0.
  2017 352 18 44  5 500 352.780619216       0.53      0.53      1.71  0.       -5369.823       3517.582      -1183.652    0.000  -0.139   0.381   0.
  2017 352 18 44  6 500 352.780630790       0.61      0.62      1.57  0.       -5369.157       3515.810      -1185.388    0.000  -0.139   0.381   0.
  2017 352 18 44  7 500 352.780642364       0.70      0.81      1.55  0.       -5368.490       3514.036      -1187.124    0.000  -0.139   0.381   0.
  2017 352 18 44  8 500 352.780653938       0.93      0.94      1.38  0.       -5367.823       3512.263      -1188.859    0.000  -0.139   0.381   0.
  2017 352 18 44  9 500 352.780665512       1.18      1.09      1.27  0.       -5367.154       3510.488      -1190.595    0.000  -0.139   0.381   0.
  2017 352 18 44 10 500 352.780677086       1.33      1.13      1.28  0.       -5366.485       3508.714      -1192.330    0.000  -0.139   0.381   0.
  2017 352 18 44 11 500 352.780688660       1.43      1.12      1.14  0.       -5365.815       3506.938      -1194.065    0.000  -0.139   0.381   0.
  2017 352 18 44 12 500 352.780700231       1.44      1.04      1.31  0.       -5365.144       3505.162      -1195.800    0.000  -0.139   0.381   0.
  2017 352 18 44 13 499 352.780711806       1.59      0.99      1.17  0.       -5364.472       3503.386      -1197.535    0.000  -0.139   0.381   0.
  2017 352 18 44 14 499 352.780723380       1.54      0.84      1.07  0.       -5363.800       3501.609      -1199.270    0.000  -0.139   0.381   0.
  2017 352 18 44 15 500 352.780734954       1.46      0.75      0.99  0.       -5363.127       3499.831      -1201.004    0.000  -0.139   0.381   0.
  2017 352 18 44 16 500 352.780746528       1.42      0.78      1.05  0.       -5362.453       3498.053      -1202.738    0.000  -0.139   0.381   0.
  2017 352 18 44 17 500 352.780758102       1.40      0.73      1.04  0.       -5361.778       3496.275      -1204.473    0.000  -0.139   0.381   0.
  2017 352 18 44 18 500 352.780769676       1.45      0.69      1.07  0.       -5361.102       3494.496      -1206.206    0.000  -0.139   0.381   0.
  2017 352 18 44 19 500 352.780781250       1.48      0.54      1.07  0.       -5360.425       3492.716      -1207.940    0.000  -0.139   0.381   0.
  2017 352 18 44 20 499 352.780792824       1.39      0.47      0.97  0.       -5359.748       3490.936      -1209.674    0.000  -0.139   0.381   0.
  2017 352 18 44 21 499 352.780804398       1.30      0.46      0.96  0.       -5359.070       3489.155      -1211.407    0.000  -0.139   0.381   0.
  2017 352 18 44 22 499 352.780815972       1.39      0.49      0.90  0.       -5358.390       3487.374      -1213.140    0.000  -0.139   0.381   0.
  2017 352 18 44 23 499 352.780827546       1.47      0.50      0.86  0.       -5357.710       3485.592      -1214.873    0.000  -0.139   0.381   0.
  2017 352 18 44 24 500 352.780839120       1.54      0.40      0.76  0.       -5357.030       3483.809      -1216.606    0.000  -0.139   0.381   0.
  2017 352 18 44 25 500 352.780850694       1.48      0.54      0.94  0.       -5356.348       3482.026      -1218.338    0.000  -0.139   0.381   0.
  2017 352 18 44 26 499 352.780862269       1.53      0.55      0.95  0.       -5355.666       3480.243      -1220.071    0.000  -0.139   0.381   0.
  2017 352 18 44 27 499 352.780873843       1.51      0.58      0.94  0.       -5354.982       3478.459      -1221.803    0.000  -0.139   0.381   0.
  2017 352 18 44 28 500 352.780885417       1.37      0.59      1.17  0.       -5354.298       3476.674      -1223.535    0.000  -0.139   0.381   0.
  2017 352 18 44 29 500 352.780896991       1.51      0.70      1.23  0.       -5353.613       3474.889      -1225.266    0.000  -0.139   0.381   0.
  2017 352 18 44 30 500 352.780908565       1.58      0.74      1.24  0.       -5352.927       3473.104      -1226.998    0.000  -0.139   0.381   0.
  2017 352 18 44 31 500 352.780920139       1.57      0.74      1.27  0.       -5352.241       3471.317      -1228.729    0.000  -0.139   0.381   0.
  2017 352 18 44 32 500 352.780931713       1.64      0.68      1.16  0.       -5351.553       3469.531      -1230.461    0.000  -0.139   0.381   0.
  2017 352 18 44 33 499 352.780943287       1.71      0.60      1.14  0.       -5350.865       3467.743      -1232.192    0.000  -0.139   0.381   0.
  2017 352 18 44 34 499 352.780954861       1.77      0.52      1.11  0.       -5350.176       3465.956      -1233.922    0.000  -0.139   0.381   0.
  2017 352 18 44 35 499 352.780966435       1.81      0.35      1.02  0.       -5349.486       3464.167      -1235.653    0.000  -0.139   0.381   0.
  2017 352 18 44 36 499 352.780978009       1.89      0.24      0.96  0.       -5348.795       3462.378      -1237.383    0.000  -0.139   0.381   0.
  2017 352 18 44 37 499 352.780989583       1.95      0.10      0.85  0.       -5348.103       3460.589      -1239.114    0.000  -0.139   0.381   0.
  2017 352 18 44 38 500 352.781001157       1.92      0.08      0.76  0.       -5347.411       3458.799      -1240.844    0.000  -0.139   0.381   0.
  2017 352 18 44 39 500 352.781012731       1.79      0.09      0.74  0.       -5346.718       3457.008      -1242.574    0.000  -0.139   0.381   0.
  2017 352 18 44 40 499 352.781024306       1.77      0.17      0.70  0.       -5346.023       3455.217      -1244.303    0.000  -0.139   0.381   0.
  2017 352 18 44 41 499 352.781035879       1.72      0.25      0.68  0.       -5345.328       3453.426      -1246.033    0.000  -0.139   0.381   0.
  2017 352 18 44 42 499 352.781047451       1.66      0.25      0.65  0.       -5344.633       3451.634      -1247.762    0.000  -0.139   0.381   0.
  2017 352 18 44 43 499 352.781059025       1.58      0.32      0.63  0.       -5343.936       3449.841      -1249.491    0.000  -0.139   0.381   0.
  2017 352 18 44 44 499 352.781070599       1.54      0.34      0.65  0.       -5343.238       3448.048      -1251.220    0.000  -0.139   0.381   0.
  2017 352 18 44 45 499 352.781082173       1.52      0.24      0.70  0.       -5342.540       3446.254      -1252.949    0.000  -0.139   0.381   0.
  2017 352 18 44 46 499 352.781093747       1.46      0.08      0.73  0.       -5341.841       3444.460      -1254.677    0.000  -0.139   0.381   0.
  2017 352 18 44 47 499 352.781105321       1.54     -0.03      0.72  0.       -5341.141       3442.665      -1256.405    0.000  -0.139   0.381   0.
  2017 352 18 44 48 499 352.781116895       1.56     -0.02      0.74  0.       -5340.440       3440.869      -1258.133    0.000  -0.139   0.381   0.
  2017 352 18 44 49 499 352.781128469       1.52     -0.14      0.96  0.       -5339.738       3439.073      -1259.861    0.000  -0.139   0.381   0.
  2017 352 18 44 50 499 352.781140043       1.49     -0.05      0.98  0.       -5339.036       3437.277      -1261.589    0.000  -0.139   0.381   0.
  2017 352 18 44 51 499 352.781151617       1.50      0.12      0.96  0.       -5338.332       3435.480      -1263.316    0.000  -0.139   0.381   0.
  2017 352 18 44 52 499 352.781163192       1.52      0.23      0.87  0.       -5337.628       3433.682      -1265.044    0.000  -0.139   0.381   0.
  2017 352 18 44 53 499 352.781174766       1.66      0.42      0.83  0.       -5336.923       3431.884      -1266.771    0.000  -0.139   0.381   0.
  2017 352 18 44 54 499 352.781186340       1.73      0.42      0.93  0.       -5336.217       3430.085      -1268.498    0.000  -0.139   0.381   0.
  2017 352 18 44 55 499 352.781197914       1.79      0.40      0.88  0.       -5335.510       3428.286      -1270.224    0.000  -0.139   0.381   0.
  2017 352 18 44 56 499 352.781209488       1.92      0.38      0.80  0.       -5334.802       3426.486      -1271.951    0.000  -0.139   0.381   0.
  2017 352 18 44 57 499 352.781221062       2.01      0.47      0.77  0.       -5334.094       3424.686      -1273.677    0.000  -0.139   0.381   0.
  2017 352 18 44 58 499 352.781232636       2.14      0.47      0.69  0.       -5333.385       3422.885      -1275.403    0.000  -0.139   0.381   0.
  2017 352 18 44 59 499 352.781244210       2.21      0.39      0.58  0.       -5332.675       3421.084      -1277.129    0.000  -0.139   0.381   0.
  2017 352 18 45  0 499 352.781255784       2.24      0.31      0.51  0.       -5331.964       3419.282      -1278.855    0.000  -0.139   0.381   0.
  2017 352 18 45  1 499 352.781267358       2.24      0.23      0.44  0.       -5331.252       3417.479      -1280.580    0.000  -0.139   0.381   0.
  2017 352 18 45  2 499 352.781278932       2.20      0.19      0.43  0.       -5330.539       3415.677      -1282.305    0.000  -0.139   0.381   0.
  2017 352 18 45  3 499 352.781290506       2.27      0.09      0.30  0.       -5329.825       3413.873      -1284.030    0.000  -0.139   0.381   0.
  2017 352 18 45  4 499 352.781302080       2.36      0.10      0.25  0.       -5329.111       3412.069      -1285.755    0.000  -0.139   0.381   0.
  2017 352 18 45  5 499 352.781313654       2.39      0.02      0.10  0.       -5328.396       3410.264      -1287.480    0.000  -0.139   0.381   0.
  2017 352 18 45  6 499 352.781325229       2.34     -0.04      0.02  0.       -5327.680       3408.459      -1289.204    0.000  -0.139   0.381   0.
  2017 352 18 45  7 499 352.781336803       2.36     -0.04     -0.02  0.       -5326.963       3406.653      -1290.928    0.000  -0.139   0.381   0.
  2017 352 18 45  8 499 352.781348377       2.29     -0.10     -0.21  0.       -5326.245       3404.847      -1292.652    0.000  -0.139   0.381   0.
  2017 352 18 45  9 499 352.781359951       2.12     -0.10     -0.22  0.       -5325.526       3403.040      -1294.376    0.000  -0.139   0.381   0.
  2017 352 18 45 10 499 352.781371525       2.10     -0.09     -0.38  0.       -5324.807       3401.233      -1296.100    0.000  -0.139   0.381   0.
  2017 352 18 45 11 499 352.781383098       1.94     -0.16     -0.60  0.       -5324.087       3399.425      -1297.823    0.000  -0.139   0.381   0.
  2017 352 18 45 12 499 352.781394670       1.85     -0.13     -0.51  0.       -5323.365       3397.617      -1299.546    0.000  -0.139   0.381   0.
  2017 352 18 45 13 499 352.781406244       1.86     -0.01     -0.40  0.       -5322.643       3395.808      -1301.269    0.000  -0.139   0.381   0.
  2017 352 18 45 14 499 352.781417818       1.82      0.07     -0.38  0.       -5321.921       3393.998      -1302.992    0.000  -0.139   0.381   0.
  2017 352 18 45 15 499 352.781429392       1.75      0.25     -0.32  0.       -5321.197       3392.188      -1304.715    0.000  -0.139   0.381   0.
  2017 352 18 45 16 499 352.781440966       1.76      0.38     -0.37  0.       -5320.472       3390.378      -1306.437    0.000  -0.139   0.381   0.
  2017 352 18 45 17 499 352.781452541       1.71      0.36     -0.27  0.       -5319.747       3388.566      -1308.159    0.000  -0.139   0.381   0.
  2017 352 18 45 18 499 352.781464115       1.72      0.40     -0.13  0.       -5319.020       3386.755      -1309.881    0.000  -0.139   0.381   0.
  2017 352 18 45 19 499 352.781475689       1.73      0.38     -0.15  0.       -5318.293       3384.942      -1311.603    0.000  -0.139   0.381   0.
  2017 352 18 45 20 499 352.781487263       1.69      0.27     -0.18  0.       -5317.565       3383.130      -1313.324    0.000  -0.139   0.381   0.
  2017 352 18 45 21 499 352.781498837       1.62      0.25     -0.05  0.       -5316.837       3381.316      -1315.046    0.000  -0.139   0.381   0.
  2017 352 18 45 22 499 352.781510411       1.60      0.42      0.08  0.       -5316.107       3379.503      -1316.767    0.000  -0.139   0.381   0.
  2017 352 18 45 23 499 352.781521985       1.56      0.13      0.06  0.       -5315.376       3377.688      -1318.488    0.000  -0.139   0.381   0.
  2017 352 18 45 24 499 352.781533559       1.39     -0.09      0.02  0.       -5314.645       3375.873      -1320.208    0.000  -0.139   0.381   0.
  2017 352 18 45 25 499 352.781545133       1.22     -0.23      0.08  0.       -5313.913       3374.058      -1321.929    0.000  -0.139   0.381   0.
  2017 352 18 45 26 499 352.781556707       1.19     -0.20      0.15  0.       -5313.180       3372.242      -1323.649    0.000  -0.139   0.381   0.
  2017 352 18 45 27 499 352.781568281       1.17     -0.11      0.25  0.       -5312.446       3370.425      -1325.369    0.000  -0.139   0.381   0.
  2017 352 18 45 28 499 352.781579855       1.11      0.02      0.26  0.       -5311.711       3368.608      -1327.089    0.000  -0.139   0.381   0.
  2017 352 18 45 29 499 352.781591429       1.05      0.10      0.30  0.       -5310.975       3366.790      -1328.808    0.000  -0.139   0.381   0.
  2017 352 18 45 30 499 352.781603004       0.92      0.25      0.39  0.       -5310.238       3364.972      -1330.528    0.000  -0.139   0.381   0.
  2017 352 18 45 31 499 352.781614578       0.81      0.19      0.54  0.       -5309.501       3363.153      -1332.247    0.000  -0.139   0.381   0.
  2017 352 18 45 32 499 352.781626152       0.68      0.34      0.59  0.       -5308.763       3361.334      -1333.966    0.000  -0.139   0.381   0.
  2017 352 18 45 33 499 352.781637726       0.53      0.44      0.77  0.       -5308.024       3359.514      -1335.685    0.000  -0.139   0.381   0.
  2017 352 18 45 34 499 352.781649300       0.36      0.32      1.00  0.       -5307.284       3357.694      -1337.403    0.000  -0.139   0.381   0.
  2017 352 18 45 35 499 352.781660874       0.16      0.27      1.06  0.       -5306.543       3355.873      -1339.121    0.000  -0.139   0.381   0.
  2017 352 18 45 36 499 352.781672448      -0.08      0.45      0.99  0.       -5305.801       3354.051      -1340.839    0.000  -0.139   0.381   0.
  2017 352 18 45 37 499 352.781684022      -0.23      0.77      0.71  0.       -5305.059       3352.229      -1342.557    0.000  -0.139   0.381   0.
  2017 352 18 45 38 499 352.781695596      -0.41      0.78      0.59  0.       -5304.315       3350.407      -1344.275    0.000  -0.139   0.381   0.
  2017 352 18 45 39 499 352.781707170      -0.57      0.74      0.59  0.       -5303.571       3348.584      -1345.993    0.000  -0.139   0.381   0.
  2017 352 18 45 40 499 352.781718744      -0.67      0.74      0.70  0.       -5302.826       3346.760      -1347.709    0.000  -0.139   0.381   0.
  2017 352 18 45 41 499 352.781730318      -0.64      0.78      0.75  0.       -5302.080       3344.936      -1349.427    0.000  -0.139   0.381   0.
  2017 352 18 45 42 499 352.781741889      -0.54      0.80      0.73  0.       -5301.333       3343.111      -1351.143    0.000  -0.139   0.381   0.
  2017 352 18 45 43 499 352.781753464      -0.43      0.89      0.62  0.       -5300.586       3341.286      -1352.860    0.000  -0.139   0.381   0.
  2017 352 18 45 44 499 352.781765038      -0.34      1.00      0.70  0.       -5299.837       3339.460      -1354.576    0.000  -0.139   0.381   0.
  2017 352 18 45 45 499 352.781776612      -0.41      1.00      0.62  0.       -5299.088       3337.634      -1356.292    0.000  -0.139   0.381   0.
  2017 352 18 45 46 499 352.781788186      -0.47      0.97      0.50  0.       -5298.337       3335.807      -1358.008    0.000  -0.139   0.381   0.
  2017 352 18 45 47 499 352.781799760      -0.49      0.92      0.29  0.       -5297.586       3333.980      -1359.724    0.000  -0.139   0.381   0.
  2017 352 18 45 48 499 352.781811334      -0.58      0.96      0.21  0.       -5296.834       3332.152      -1361.439    0.000  -0.139   0.381   0.
  2017 352 18 45 49 499 352.781822908      -0.64      0.96      0.18  0.       -5296.081       3330.323      -1363.155    0.000  -0.139   0.381   0.
  2017 352 18 45 50 499 352.781834482      -0.64      0.96      0.11  0.       -5295.328       3328.494      -1364.870    0.000  -0.139   0.381   0.
  2017 352 18 45 51 499 352.781846056      -0.63      0.92      0.06  0.       -5294.573       3326.664      -1366.584    0.000  -0.139   0.381   0.
  2017 352 18 45 52 499 352.781857630      -0.65      0.84     -0.02  0.       -5293.818       3324.834      -1368.299    0.000  -0.139   0.381   0.
  2017 352 18 45 53 499 352.781869204      -0.70      0.78     -0.02  0.       -5293.061       3323.003      -1370.013    0.000  -0.139   0.381   0.
  2017 352 18 45 54 499 352.781880778      -0.72      0.76     -0.05  0.       -5292.304       3321.172      -1371.727    0.000  -0.139   0.381   0.
  2017 352 18 45 55 499 352.781892352      -0.78      0.69     -0.04  0.       -5291.546       3319.340      -1373.441    0.000  -0.139   0.381   0.
  2017 352 18 45 56 499 352.781903927      -0.68      0.57      0.01  0.       -5290.787       3317.508      -1375.155    0.000  -0.139   0.381   0.
  2017 352 18 45 57 499 352.781915501      -0.59      0.49      0.01  0.       -5290.027       3315.675      -1376.868    0.000  -0.139   0.381   0.
  2017 352 18 45 58 499 352.781927075      -0.55      0.44      0.02  0.       -5289.267       3313.842      -1378.581    0.000  -0.139   0.381   0.
  2017 352 18 45 59 499 352.781938649      -0.47      0.43      0.03  0.       -5288.505       3312.008      -1380.294    0.000  -0.139   0.381   0.
  2017 352 18 46  0 499 352.781950223      -0.45      0.41      0.07  0.       -5287.743       3310.173      -1382.007    0.000  -0.139   0.381   0.
  2017 352 18 46  1 499 352.781961797      -0.43      0.42      0.06  0.       -5286.979       3308.338      -1383.719    0.000  -0.139   0.381   0.
  2017 352 18 46  2 499 352.781973371      -0.45      0.45      0.05  0.       -5286.215       3306.503      -1385.432    0.000  -0.139   0.381   0.
  2017 352 18 46  3 499 352.781984945      -0.43      0.52      0.13  0.       -5285.450       3304.667      -1387.144    0.000  -0.139   0.381   0.
  2017 352 18 46  4 499 352.781996519      -0.39      0.56      0.11  0.       -5284.685       3302.830      -1388.856    0.000  -0.139   0.381   0.
  2017 352 18 46  5 499 352.782008093      -0.35      0.60      0.04  0.       -5283.918       3300.993      -1390.567    0.000  -0.139   0.381   0.
  2017 352 18 46  6 499 352.782019667      -0.27      0.56      0.02  0.       -5283.150       3299.155      -1392.279    0.000  -0.139   0.381   0.
  2017 352 18 46  7 499 352.782031241      -0.24      0.58     -0.05  0.       -5282.382       3297.317      -1393.990    0.000  -0.139   0.381   0.
  2017 352 18 46  8 499 352.782042815      -0.29      0.63     -0.14  0.       -5281.612       3295.478      -1395.701    0.000  -0.139   0.381   0.
  2017 352 18 46  9 498 352.782054389      -0.25      0.61     -0.17  0.       -5280.842       3293.638      -1397.411    0.000  -0.139   0.381   0.
  2017 352 18 46 10 498 352.782065961      -0.18      0.61     -0.24  0.       -5280.071       3291.798      -1399.122    0.000  -0.139   0.381   0.
  2017 352 18 46 11 499 352.782077535      -0.19      0.61     -0.34  0.       -5279.299       3289.958      -1400.832    0.000  -0.139   0.381   0.
  2017 352 18 46 12 499 352.782089109      -0.17      0.56     -0.28  0.       -5278.526       3288.117      -1402.542    0.000  -0.139   0.381   0.
  2017 352 18 46 13 499 352.782100683      -0.18      0.46     -0.27  0.       -5277.753       3286.275      -1404.252    0.000  -0.139   0.381   0.
  2017 352 18 46 14 499 352.782112257      -0.20      0.42     -0.26  0.       -5276.978       3284.433      -1405.961    0.000  -0.139   0.381   0.
  2017 352 18 46 15 498 352.782123831      -0.15      0.37     -0.23  0.       -5276.203       3282.591      -1407.671    0.000  -0.139   0.381   0.
  2017 352 18 46 16 498 352.782135405      -0.12      0.46     -0.19  0.       -5275.426       3280.747      -1409.380    0.000  -0.139   0.381   0.
  2017 352 18 46 17 498 352.782146979      -0.18      0.44     -0.14  0.       -5274.649       3278.904      -1411.088    0.000  -0.139   0.381   0.
  2017 352 18 46 18 498 352.782158553      -0.16      0.39     -0.15  0.       -5273.871       3277.060      -1412.797    0.000  -0.139   0.381   0.
  2017 352 18 46 19 498 352.782170127      -0.11      0.40     -0.09  0.       -5273.092       3275.215      -1414.505    0.000  -0.139   0.381   0.
  2017 352 18 46 20 499 352.782181701      -0.05      0.31     -0.12  0.       -5272.312       3273.369      -1416.213    0.000  -0.139   0.381   0.
  2017 352 18 46 21 499 352.782193275      -0.07      0.36     -0.11  0.       -5271.532       3271.523      -1417.921    0.000  -0.139   0.381   0.
  2017 352 18 46 22 498 352.782204850      -0.09      0.45     -0.09  0.       -5270.750       3269.677      -1419.629    0.000  -0.139   0.381   0.
  2017 352 18 46 23 498 352.782216424      -0.04      0.41     -0.11  0.       -5269.968       3267.830      -1421.336    0.000  -0.139   0.381   0.
  2017 352 18 46 24 499 352.782227998      -0.00      0.38     -0.10  0.       -5269.184       3265.982      -1423.044    0.000  -0.139   0.381   0.
  2017 352 18 46 25 499 352.782239572       0.09      0.33     -0.05  0.       -5268.400       3264.134      -1424.750    0.000  -0.139   0.381   0.
  2017 352 18 46 26 499 352.782251146       0.09      0.31     -0.05  0.       -5267.615       3262.286      -1426.457    0.000  -0.139   0.381   0.
  2017 352 18 46 27 499 352.782262720       0.10      0.31     -0.05  0.       -5266.829       3260.436      -1428.164    0.000  -0.139   0.381   0.
  2017 352 18 46 28 499 352.782274294       0.17      0.33     -0.04  0.       -5266.042       3258.587      -1429.870    0.000  -0.139   0.381   0.
  2017 352 18 46 29 498 352.782285868       0.19      0.37      0.00  0.       -5265.255       3256.736      -1431.576    0.000  -0.139   0.381   0.
  2017 352 18 46 30 498 352.782297442       0.31      0.46      0.01  0.       -5264.466       3254.886      -1433.281    0.000  -0.139   0.381   0.
  2017 352 18 46 31 498 352.782309016       0.44      0.52     -0.02  0.       -5263.677       3253.034      -1434.987    0.000  -0.139   0.381   0.
  2017 352 18 46 32 498 352.782320590       0.32      0.51     -0.03  0.       -5262.886       3251.183      -1436.692    0.000  -0.139   0.381   0.
  2017 352 18 46 33 498 352.782332164       0.33      0.51     -0.02  0.       -5262.095       3249.330      -1438.397    0.000  -0.139   0.381   0.
  2017 352 18 46 34 499 352.782343738       0.35      0.44     -0.02  0.       -5261.303       3247.477      -1440.102    0.000  -0.139   0.381   0.
  2017 352 18 46 35 498 352.782355312       0.34      0.45     -0.03  0.       -5260.510       3245.624      -1441.806    0.000  -0.139   0.381   0.
  2017 352 18 46 36 498 352.782366887       0.41      0.48     -0.03  0.       -5259.716       3243.770      -1443.511    0.000  -0.139   0.381   0.
  2017 352 18 46 37 499 352.782378461       0.47      0.53     -0.00  0.       -5258.922       3241.915      -1445.215    0.000  -0.139   0.381   0.
  2017 352 18 46 38 499 352.782390035       0.48      0.49     -0.01  0.       -5258.126       3240.060      -1446.919    0.000  -0.139   0.381   0.
  2017 352 18 46 39 499 352.782401609       0.53      0.43      0.04  0.       -5257.329       3238.204      -1448.622    0.000  -0.139   0.381   0.
  2017 352 18 46 40 499 352.782413183       0.64      0.39      0.05  0.       -5256.532       3236.348      -1450.325    0.000  -0.139   0.381   0.
  2017 352 18 46 41 499 352.782424756       0.65      0.32      0.01  0.       -5255.734       3234.491      -1452.029    0.000  -0.139   0.381   0.
  2017 352 18 46 42 498 352.782436328       0.68      0.34     -0.02  0.       -5254.935       3232.634      -1453.731    0.000  -0.139   0.381   0.
  2017 352 18 46 43 498 352.782447902       0.70      0.36     -0.05  0.       -5254.135       3230.776      -1455.434    0.000  -0.139   0.381   0.
  2017 352 18 46 44 498 352.782459476       0.64      0.33     -0.07  0.       -5253.334       3228.917      -1457.136    0.000  -0.139   0.381   0.
  2017 352 18 46 45 498 352.782471050       0.63      0.38     -0.06  0.       -5252.532       3227.058      -1458.838    0.000  -0.139   0.381   0.
  2017 352 18 46 46 498 352.782482624       0.61      0.38     -0.10  0.       -5251.729       3225.199      -1460.540    0.000  -0.139   0.381   0.
  2017 352 18 46 47 498 352.782494198       0.58      0.44     -0.08  0.       -5250.926       3223.339      -1462.242    0.000  -0.139   0.381   0.
  2017 352 18 46 48 498 352.782505773       0.58      0.49     -0.05  0.       -5250.121       3221.478      -1463.943    0.000  -0.139   0.381   0.
  2017 352 18 46 49 498 352.782517347       0.54      0.49     -0.07  0.       -5249.316       3219.617      -1465.644    0.000  -0.139   0.381   0.
  2017 352 18 46 50 498 352.782528921       0.54      0.52      0.01  0.       -5248.510       3217.756      -1467.345    0.000  -0.139   0.381   0.
  2017 352 18 46 51 498 352.782540495       0.57      0.52     -0.05  0.       -5247.703       3215.893      -1469.046    0.000  -0.139   0.381   0.
  2017 352 18 46 52 498 352.782552069       0.57      0.56     -0.05  0.       -5246.895       3214.031      -1470.746    0.000  -0.139   0.381   0.
  2017 352 18 46 53 498 352.782563643       0.53      0.55     -0.05  0.       -5246.086       3212.167      -1472.446    0.000  -0.139   0.381   0.
  2017 352 18 46 54 498 352.782575217       0.48      0.57     -0.06  0.       -5245.276       3210.303      -1474.146    0.000  -0.139   0.381   0.
  2017 352 18 46 55 498 352.782586791       0.47      0.65     -0.02  0.       -5244.465       3208.439      -1475.846    0.000  -0.139   0.381   0.
  2017 352 18 46 56 498 352.782598365       0.48      0.72     -0.02  0.       -5243.654       3206.574      -1477.545    0.000  -0.139   0.381   0.
  2017 352 18 46 57 498 352.782609939       0.51      0.85      0.02  0.       -5242.841       3204.709      -1479.244    0.000  -0.139   0.381   0.
  2017 352 18 46 58 498 352.782621513       0.56      0.91      0.06  0.       -5242.028       3202.843      -1480.943    0.000  -0.139   0.381   0.
  2017 352 18 46 59 498 352.782633087       0.60      0.94      0.08  0.       -5241.214       3200.976      -1482.641    0.000  -0.139   0.381   0.
  2017 352 18 47  0 498 352.782644661       0.62      1.06      0.10  0.       -5240.399       3199.109      -1484.340    0.000  -0.139   0.381   0.
  2017 352 18 47  1 498 352.782656236       0.68      1.09      0.07  0.       -5239.583       3197.241      -1486.038    0.000  -0.139   0.381   0.
  2017 352 18 47  2 498 352.782667810       0.71      1.13      0.09  0.       -5238.766       3195.373      -1487.736    0.000  -0.139   0.381   0.
  2017 352 18 47  3 498 352.782679384       0.81      1.10      0.12  0.       -5237.948       3193.504      -1489.433    0.000  -0.139   0.381   0.
  2017 352 18 47  4 498 352.782690958       0.92      1.09      0.18  0.       -5237.130       3191.635      -1491.131    0.000  -0.139   0.381   0.
  2017 352 18 47  5 498 352.782702532       1.00      1.07      0.12  0.       -5236.310       3189.765      -1492.828    0.000  -0.139   0.381   0.
  2017 352 18 47  6 498 352.782714106       0.88      1.02      0.18  0.       -5235.490       3187.895      -1494.524    0.000  -0.139   0.381   0.
  2017 352 18 47  7 498 352.782725680       0.89      0.99      0.22  0.       -5234.668       3186.024      -1496.221    0.000  -0.139   0.381   0.
  2017 352 18 47  8 498 352.782737254       0.84      0.92      0.19  0.       -5233.846       3184.152      -1497.918    0.000  -0.139   0.381   0.
  2017 352 18 47  9 498 352.782748828       0.88      0.92      0.16  0.       -5233.023       3182.280      -1499.613    0.000  -0.139   0.381   0.
  2017 352 18 47 10 498 352.782760402       0.89      0.88      0.15  0.       -5232.199       3180.408      -1501.309    0.000  -0.139   0.381   0.
  2017 352 18 47 11 498 352.782771975       0.93      0.85      0.09  0.       -5231.374       3178.535      -1503.005    0.000  -0.139   0.381   0.
  2017 352 18 47 12 498 352.782783547       0.88      0.81      0.08  0.       -5230.548       3176.661      -1504.700    0.000  -0.139   0.381   0.
  2017 352 18 47 13 498 352.782795122       0.59      0.94      0.14  0.       -5229.722       3174.787      -1506.395    0.000  -0.139   0.381   0.
  2017 352 18 47 14 498 352.782806696       0.47      1.03      0.14  0.       -5228.894       3172.912      -1508.090    0.000  -0.139   0.381   0.
  2017 352 18 47 15 498 352.782818270       0.40      0.98      0.09  0.       -5228.066       3171.037      -1509.784    0.000  -0.139   0.381   0.
  2017 352 18 47 16 498 352.782829844       0.41      0.96      0.05  0.       -5227.236       3169.161      -1511.478    0.000  -0.139   0.381   0.
  2017 352 18 47 17 498 352.782841418       0.36      0.92      0.03  0.       -5226.406       3167.285      -1513.172    0.000  -0.139   0.381   0.
  2017 352 18 47 18 498 352.782852992       0.28      0.89      0.03  0.       -5225.575       3165.408      -1514.866    0.000  -0.139   0.381   0.
  2017 352 18 47 19 498 352.782864566       0.25      0.84      0.00  0.       -5224.743       3163.531      -1516.560    0.000  -0.139   0.381   0.
  2017 352 18 47 20 498 352.782876140       0.18      0.85      0.01  0.       -5223.910       3161.653      -1518.253    0.000  -0.139   0.381   0.
  2017 352 18 47 21 498 352.782887714       0.13      0.93     -0.04  0.       -5223.076       3159.774      -1519.946    0.000  -0.139   0.381   0.
  2017 352 18 47 22 498 352.782899288       0.18      0.92     -0.13  0.       -5222.241       3157.895      -1521.638    0.000  -0.139   0.381   0.
  2017 352 18 47 23 498 352.782910862       0.05      0.88     -0.01  0.       -5221.405       3156.015      -1523.331    0.000  -0.139   0.381   0.
  2017 352 18 47 24 498 352.782922436      -0.09      0.75      0.05  0.       -5220.569       3154.135      -1525.023    0.000  -0.139   0.381   0.
  2017 352 18 47 25 498 352.782934010      -0.22      0.48      0.02  0.       -5219.731       3152.255      -1526.715    0.000  -0.139   0.381   0.
  2017 352 18 47 26 498 352.782945585      -0.50      0.32      0.17  0.       -5218.893       3150.373      -1528.407    0.000  -0.139   0.381   0.
  2017 352 18 47 27 498 352.782957159      -0.61      0.32      0.26  0.       -5218.054       3148.492      -1530.098    0.000  -0.139   0.381   0.
  2017 352 18 47 28 498 352.782968733      -0.63      0.34      0.40  0.       -5217.214       3146.609      -1531.789    0.000  -0.139   0.381   0.
  2017 352 18 47 29 498 352.782980307      -0.74      0.33      0.46  0.       -5216.373       3144.726      -1533.480    0.000  -0.139   0.381   0.
  2017 352 18 47 30 498 352.782991881      -0.85      0.25      0.29  0.       -5215.531       3142.843      -1535.170    0.000  -0.139   0.381   0.
  2017 352 18 47 31 498 352.783003455      -0.96      0.21      0.13  0.       -5214.688       3140.959      -1536.861    0.000  -0.139   0.381   0.
  2017 352 18 47 32 498 352.783015029      -1.06      0.17      0.00  0.       -5213.844       3139.074      -1538.551    0.000  -0.139   0.381   0.
  2017 352 18 47 33 498 352.783026603      -1.08      0.11     -0.03  0.       -5213.000       3137.189      -1540.240    0.000  -0.139   0.381   0.
  2017 352 18 47 34 498 352.783038177      -1.12     -0.27     -0.03  0.       -5212.154       3135.304      -1541.930    0.000  -0.139   0.381   0.
  2017 352 18 47 35 498 352.783049751      -1.05     -0.32      0.11  0.       -5211.307       3133.418      -1543.619    0.000  -0.139   0.381   0.
  2017 352 18 47 36 498 352.783061325      -1.02     -0.31      0.15  0.       -5210.460       3131.531      -1545.308    0.000  -0.139   0.381   0.
  2017 352 18 47 37 498 352.783072899      -0.96     -0.35      0.04  0.       -5209.612       3129.644      -1546.997    0.000  -0.139   0.381   0.
  2017 352 18 47 38 498 352.783084473      -0.95     -0.32      0.06  0.       -5208.763       3127.757      -1548.685    0.000  -0.139   0.381   0.
  2017 352 18 47 39 498 352.783096047      -0.82     -0.09      0.13  0.       -5207.913       3125.868      -1550.373    0.000  -0.139   0.381   0.
  2017 352 18 47 40 498 352.783107621      -0.83     -0.06      0.11  0.       -5207.062       3123.979      -1552.061    0.000  -0.139   0.381   0.
  2017 352 18 47 41 498 352.783119195      -0.80     -0.09      0.17  0.       -5206.210       3122.090      -1553.749    0.000  -0.139   0.381   0.
  2017 352 18 47 42 498 352.783130767      -0.60     -0.08      0.13  0.       -5205.357       3120.200      -1555.436    0.000  -0.139   0.381   0.
  2017 352 18 47 43 498 352.783142341      -0.48      0.25      0.10  0.       -5204.503       3118.309      -1557.123    0.000  -0.139   0.381   0.
  2017 352 18 47 44 498 352.783153915      -0.42      0.39     -0.10  0.       -5203.649       3116.418      -1558.810    0.000  -0.139   0.381   0.
  2017 352 18 47 45 498 352.783165489      -0.39      0.24     -0.34  0.       -5202.793       3114.527      -1560.497    0.000  -0.139   0.381   0.
  2017 352 18 47 46 498 352.783177063      -0.42      0.02     -0.57  0.       -5201.937       3112.634      -1562.183    0.000  -0.139   0.381   0.
  2017 352 18 47 47 498 352.783188637      -0.38     -0.07     -0.75  0.       -5201.079       3110.742      -1563.869    0.000  -0.139   0.381   0.
  2017 352 18 47 48 498 352.783200211      -0.38     -0.13     -0.88  0.       -5200.221       3108.849      -1565.554    0.000  -0.139   0.381   0.
  2017 352 18 47 49 498 352.783211785      -0.65     -0.46     -0.69  0.       -5199.362       3106.955      -1567.240    0.000  -0.139   0.381   0.
  2017 352 18 47 50 498 352.783223359      -0.64     -0.10     -0.30  0.       -5198.502       3105.061      -1568.925    0.000  -0.139   0.381   0.
  2017 352 18 47 51 498 352.783234933      -0.55      0.12     -0.47  0.       -5197.641       3103.166      -1570.610    0.000  -0.139   0.381   0.
  2017 352 18 47 52 498 352.783246508      -0.59      0.08     -0.34  0.       -5196.779       3101.270      -1572.295    0.000  -0.139   0.381   0.
  2017 352 18 47 53 498 352.783258082      -0.75      0.29     -0.29  0.       -5195.916       3099.375      -1573.979    0.000  -0.139   0.381   0.
  2017 352 18 47 54 498 352.783269656      -0.81      0.44     -0.48  0.       -5195.052       3097.478      -1575.663    0.000  -0.139   0.381   0.
  2017 352 18 47 55 498 352.783281230      -1.09      0.26     -0.39  0.       -5194.188       3095.581      -1577.347    0.000  -0.139   0.381   0.
  2017 352 18 47 56 498 352.783292804      -1.15     -0.03     -0.22  0.       -5193.323       3093.684      -1579.030    0.000  -0.139   0.381   0.
  2017 352 18 47 57 498 352.783304378      -1.12     -0.08     -0.05  0.       -5192.456       3091.785      -1580.713    0.000  -0.139   0.381   0.
  2017 352 18 47 58 498 352.783315952      -0.91     -0.04      0.16  0.       -5191.589       3089.887      -1582.396    0.000  -0.139   0.381   0.
  2017 352 18 47 59 498 352.783327526      -0.78     -0.05      0.15  0.       -5190.721       3087.988      -1584.079    0.000  -0.139   0.381   0.
  2017 352 18 48  0 498 352.783339100      -0.77     -0.17      0.13  0.       -5189.852       3086.088      -1585.761    0.000  -0.139   0.381   0.
  2017 352 18 48  1 498 352.783350674      -0.52     -0.35      0.21  0.       -5188.982       3084.188      -1587.443    0.000  -0.139   0.381   0.
  2017 352 18 48  2 498 352.783362248      -0.29     -0.52      0.31  0.       -5188.111       3082.287      -1589.125    0.000  -0.139   0.381   0.
  2017 352 18 48  3 498 352.783373822      -0.13     -0.30      0.13  0.       -5187.239       3080.386      -1590.807    0.000  -0.139   0.381   0.
  2017 352 18 48  4 498 352.783385396      -0.07     -0.21      0.01  0.       -5186.366       3078.484      -1592.488    0.000  -0.139   0.381   0.
  2017 352 18 48  5 498 352.783396971      -0.08     -0.15      0.12  0.       -5185.492       3076.581      -1594.169    0.000  -0.139   0.381   0.
  2017 352 18 48  6 498 352.783408545      -0.11     -0.09      0.05  0.       -5184.617       3074.678      -1595.850    0.000  -0.139   0.381   0.
  2017 352 18 48  7 498 352.783420119      -0.20     -0.12     -0.09  0.       -5183.742       3072.775      -1597.530    0.000  -0.139   0.381   0.
  2017 352 18 48  8 498 352.783431693      -0.26     -0.15     -0.08  0.       -5182.865       3070.871      -1599.210    0.000  -0.139   0.381   0.
  2017 352 18 48  9 498 352.783443266      -0.26     -0.12     -0.02  0.       -5181.988       3068.966      -1600.890    0.000  -0.139   0.381   0.
  2017 352 18 48 10 498 352.783454838      -0.25     -0.02      0.36  0.       -5181.110       3067.061      -1602.570    0.000  -0.139   0.381   0.
  2017 352 18 48 11 497 352.783466412      -0.09      0.17      0.62  0.       -5180.230       3065.155      -1604.249    0.000  -0.139   0.381   0.
  2017 352 18 48 12 497 352.783477986      -0.29      0.26      0.62  0.       -5179.350       3063.249      -1605.928    0.000  -0.139   0.381   0.
  2017 352 18 48 13 497 352.783489560      -0.34      0.35      0.75  0.       -5178.469       3061.342      -1607.607    0.000  -0.139   0.381   0.
  2017 352 18 48 14 497 352.783501134      -0.30      0.48      0.73  0.       -5177.587       3059.435      -1609.285    0.000  -0.139   0.381   0.
  2017 352 18 48 15 497 352.783512708      -0.52      0.48      0.65  0.       -5176.705       3057.527      -1610.963    0.000  -0.139   0.381   0.
  2017 352 18 48 16 498 352.783524282      -0.56      0.33      0.70  0.       -5175.821       3055.619      -1612.641    0.000  -0.139   0.381   0.
  2017 352 18 48 17 498 352.783535857      -0.36      0.32      0.79  0.       -5174.936       3053.710      -1614.319    0.000  -0.139   0.381   0.
  2017 352 18 48 18 497 352.783547431      -0.25      0.38      0.81  0.       -5174.050       3051.800      -1615.996    0.000  -0.139   0.381   0.
  2017 352 18 48 19 497 352.783559005      -0.17      0.46      0.75  0.       -5173.164       3049.890      -1617.673    0.000  -0.139   0.381   0.
  2017 352 18 48 20 498 352.783570579      -0.14      0.48      0.75  0.       -5172.276       3047.980      -1619.350    0.000  -0.139   0.381   0.
  2017 352 18 48 21 498 352.783582153      -0.06      0.51      0.68  0.       -5171.388       3046.069      -1621.026    0.000  -0.139   0.381   0.
  2017 352 18 48 22 498 352.783593727      -0.17      0.59      0.67  0.       -5170.499       3044.157      -1622.702    0.000  -0.139   0.381   0.
  2017 352 18 48 23 498 352.783605301      -0.17      0.81      0.79  0.       -5169.608       3042.245      -1624.378    0.000  -0.139   0.381   0.
  2017 352 18 48 24 498 352.783616875      -0.09      0.95      0.70  0.       -5168.717       3040.332      -1626.053    0.000  -0.139   0.381   0.
  2017 352 18 48 25 497 352.783628449      -0.04      0.88      0.62  0.       -5167.825       3038.419      -1627.729    0.000  -0.139   0.381   0.
  2017 352 18 48 26 497 352.783640023      -0.03      0.69      0.54  0.       -5166.932       3036.505      -1629.403    0.000  -0.138   0.379   0.
  2017 352 18 48 27 497 352.783651597       0.04      0.64      0.49  0.       -5166.038       3034.591      -1631.078    0.000  -0.138   0.378   0.
  2017 352 18 48 28 497 352.783663171       0.22      0.70      0.44  0.       -5165.143       3032.676      -1632.753    0.000  -0.137   0.376   0.
  2017 352 18 48 29 498 352.783674745       0.24      0.69      0.32  0.       -5164.248       3030.760      -1634.427    0.000  -0.136   0.375   0.
  2017 352 18 48 30 498 352.783686319       0.34      0.67      0.17  0.       -5163.351       3028.844      -1636.100    0.000  -0.135   0.372   0.
  2017 352 18 48 31 497 352.783697894       0.36      0.66      0.05  0.       -5162.453       3026.928      -1637.774    0.000  -0.134   0.370   0.
  2017 352 18 48 32 497 352.783709468       0.38      0.70      0.06  0.       -5161.555       3025.011      -1639.447    0.000  -0.132   0.363   0.
  2017 352 18 48 33 498 352.783721042       0.47      0.78      0.13  0.       -5160.655       3023.093      -1641.120    0.000  -0.131   0.359   0.
  2017 352 18 48 34 498 352.783732616       0.47      0.72      0.07  0.       -5159.755       3021.175      -1642.793    0.000  -0.127   0.349   0.
  2017 352 18 48 35 498 352.783744190       0.43      0.62      0.02  0.       -5158.854       3019.256      -1644.465    0.000  -0.126   0.347   0.
  2017 352 18 48 36 498 352.783755764       0.53      0.44     -0.06  0.       -5157.951       3017.337      -1646.137    0.000  -0.123   0.339   0.
  2017 352 18 48 37 498 352.783767338       0.57      0.27     -0.21  0.       -5157.048       3015.417      -1647.809    0.000  -0.122   0.336   0.
  2017 352 18 48 38 497 352.783778912       0.68      0.19     -0.31  0.       -5156.144       3013.497      -1649.480    0.000  -0.119   0.328   0.
  2017 352 18 48 39 497 352.783790485       0.87      0.03     -0.50  0.       -5155.239       3011.576      -1651.151    0.000  -0.118   0.325   0.
  2017 352 18 48 40 497 352.783802057       0.90     -0.10     -0.60  0.       -5154.333       3009.654      -1652.822    0.000  -0.114   0.314   0.
  2017 352 18 48 41 497 352.783813631       0.85     -0.00     -0.63  0.       -5153.426       3007.732      -1654.493    0.000  -0.113   0.312   0.
  2017 352 18 48 42 497 352.783825205       0.82      0.10     -0.68  0.       -5152.518       3005.810      -1656.163    0.000  -0.111   0.306   0.
  2017 352 18 48 43 497 352.783836780       0.89      0.16     -0.63  0.       -5151.609       3003.887      -1657.833    0.000  -0.110   0.304   0.
  2017 352 18 48 44 497 352.783848354       0.92      0.31     -0.56  0.       -5150.700       3001.963      -1659.502    0.000  -0.108   0.297   0.
  2017 352 18 48 45 497 352.783859928       0.91      0.34     -0.50  0.       -5149.789       3000.039      -1661.172    0.000  -0.107   0.295   0.
  2017 352 18 48 46 497 352.783871502       0.87      0.32     -0.51  0.       -5148.877       2998.115      -1662.841    0.000  -0.105   0.288   0.
  2017 352 18 48 47 497 352.783883076       0.86      0.31     -0.49  0.       -5147.965       2996.189      -1664.509    0.000  -0.105   0.287   0.
  2017 352 18 48 48 497 352.783894650       0.85      0.29     -0.51  0.       -5147.052       2994.264      -1666.178    0.000  -0.103   0.283   0.
  2017 352 18 48 49 497 352.783906224       0.86      0.26     -0.55  0.       -5146.137       2992.337      -1667.846    0.000  -0.103   0.281   0.
  2017 352 18 48 50 497 352.783917798       0.86      0.23     -0.55  0.       -5145.222       2990.410      -1669.514    0.000  -0.101   0.276   0.
  2017 352 18 48 51 497 352.783929372       0.82      0.20     -0.54  0.       -5144.306       2988.483      -1671.181    0.000  -0.100   0.274   0.
  2017 352 18 48 52 497 352.783940946       0.83      0.25     -0.56  0.       -5143.389       2986.555      -1672.848    0.000  -0.097   0.267   0.
  2017 352 18 48 53 497 352.783952520       0.87      0.32     -0.59  0.       -5142.471       2984.627      -1674.515    0.000  -0.097   0.266   0.
  2017 352 18 48 54 497 352.783964094       0.83      0.32     -0.61  0.       -5141.552       2982.698      -1676.182    0.000  -0.095   0.261   0.
  2017 352 18 48 55 497 352.783975668       0.85      0.36     -0.59  0.       -5140.632       2980.768      -1677.848    0.000  -0.094   0.259   0.
  2017 352 18 48 56 497 352.783987242       0.76      0.40     -0.62  0.       -5139.711       2978.838      -1679.514    0.000  -0.092   0.254   0.
  2017 352 18 48 57 497 352.783998817       0.69      0.44     -0.65  0.       -5138.789       2976.907      -1681.180    0.000  -0.091   0.251   0.
  2017 352 18 48 58 497 352.784010391       0.57      0.49     -0.68  0.       -5137.867       2974.976      -1682.845    0.000  -0.089   0.244   0.
  2017 352 18 48 59 497 352.784021965       0.43      0.54     -0.61  0.       -5136.943       2973.044      -1684.510    0.000  -0.088   0.242   0.
  2017 352 18 49  0 497 352.784033539       0.40      0.53     -0.51  0.       -5136.018       2971.112      -1686.175    0.000  -0.086   0.237   0.
  2017 352 18 49  1 497 352.784045113       0.39      0.42     -0.36  0.       -5135.093       2969.179      -1687.839    0.000  -0.085   0.235   0.
  2017 352 18 49  2 497 352.784056687       0.33      0.31     -0.29  0.       -5134.166       2967.246      -1689.503    0.000  -0.083   0.227   0.
  2017 352 18 49  3 497 352.784068261       0.37      0.28     -0.24  0.       -5133.238       2965.312      -1691.167    0.000  -0.081   0.223   0.
  2017 352 18 49  4 497 352.784079835       0.35      0.30     -0.19  0.       -5132.310       2963.378      -1692.831    0.000  -0.077   0.212   0.
  2017 352 18 49  5 497 352.784091409       0.40      0.39     -0.10  0.       -5131.381       2961.443      -1694.494    0.000  -0.076   0.209   0.
  2017 352 18 49  6 497 352.784102983       0.48      0.50     -0.08  0.       -5130.451       2959.507      -1696.157    0.000  -0.073   0.201   0.
  2017 352 18 49  7 497 352.784114557       0.53      0.67     -0.01  0.       -5129.520       2957.571      -1697.819    0.000  -0.071   0.197   0.
  2017 352 18 49  8 497 352.784126131       0.48      0.71      0.00  0.       -5128.588       2955.635      -1699.482    0.000  -0.067   0.185   0.
  2017 352 18 49  9 497 352.784137705       0.50      0.75      0.05  0.       -5127.655       2953.697      -1701.144    0.000  -0.065   0.180   0.
  2017 352 18 49 10 497 352.784149277       0.52      0.76      0.08  0.       -5126.721       2951.760      -1702.805    0.000  -0.059   0.163   0.
  2017 352 18 49 11 497 352.784160851       0.55      0.73      0.11  0.       -5125.786       2949.821      -1704.467    0.000  -0.058   0.159   0.
  2017 352 18 49 12 497 352.784172425       0.60      0.71      0.17  0.       -5124.850       2947.883      -1706.128    0.000  -0.054   0.148   0.
  2017 352 18 49 13 497 352.784183999       0.70      0.70      0.18  0.       -5123.913       2945.943      -1707.788    0.000  -0.052   0.144   0.
  2017 352 18 49 14 497 352.784195573       0.70      0.65      0.19  0.       -5122.975       2944.004      -1709.449    0.000  -0.047   0.130   0.
  2017 352 18 49 15 497 352.784207147       0.75      0.61      0.21  0.       -5122.037       2942.063      -1711.109    0.000  -0.045   0.124   0.
  2017 352 18 49 16 497 352.784218721       0.82      0.57      0.26  0.       -5121.097       2940.122      -1712.769    0.000  -0.039   0.108   0.
  2017 352 18 49 17 497 352.784230295       0.84      0.59      0.23  0.       -5120.156       2938.181      -1714.428    0.000  -0.038   0.105   0.
  2017 352 18 49 18 497 352.784241869       0.84      0.54      0.18  0.       -5119.215       2936.239      -1716.087    0.000  -0.034   0.094   0.
  2017 352 18 49 19 497 352.784253443       0.82      0.53      0.18  0.       -5118.272       2934.296      -1717.746    0.000  -0.033   0.090   0.
  2017 352 18 49 20 497 352.784265017       0.86      0.50      0.20  0.       -5117.329       2932.353      -1719.404    0.000  -0.028   0.078   0.
  2017 352 18 49 21 497 352.784276591       0.83      0.50      0.23  0.       -5116.385       2930.409      -1721.063    0.000  -0.027   0.074   0.
  2017 352 18 49 22 497 352.784288166       0.81      0.48      0.25  0.       -5115.439       2928.465      -1722.720    0.000  -0.022   0.061   0.
  2017 352 18 49 23 497 352.784299740       0.86      0.45      0.25  0.       -5114.493       2926.521      -1724.378    0.000  -0.021   0.059   0.
  2017 352 18 49 24 497 352.784311314       0.82      0.45      0.31  0.       -5113.546       2924.575      -1726.035    0.000  -0.019   0.052   0.
  2017 352 18 49 25 497 352.784322888       0.88      0.44      0.32  0.       -5112.598       2922.629      -1727.692    0.000  -0.018   0.050   0.
  2017 352 18 49 26 497 352.784334462       0.93      0.45      0.33  0.       -5111.649       2920.683      -1729.349    0.000  -0.015   0.042   0.
  2017 352 18 49 27 497 352.784346036       0.94      0.47      0.34  0.       -5110.699       2918.736      -1731.005    0.000  -0.014   0.040   0.
  2017 352 18 49 28 497 352.784357610       0.98      0.42      0.28  0.       -5109.748       2916.789      -1732.661    0.000  -0.012   0.032   0.
  2017 352 18 49 29 497 352.784369184       0.94      0.38      0.30  0.       -5108.796       2914.841      -1734.316    0.000  -0.012   0.031   0.
  2017 352 18 49 30 497 352.784380758       0.92      0.32      0.25  0.       -5107.843       2912.892      -1735.972    0.000  -0.010   0.026   0.
  2017 352 18 49 31 497 352.784392332       0.89      0.27      0.24  0.       -5106.889       2910.943      -1737.627    0.000  -0.009   0.025   0.
  2017 352 18 49 32 497 352.784403906       0.85      0.24      0.22  0.       -5105.934       2908.994      -1739.281    0.000  -0.007   0.020   0.
  2017 352 18 49 33 497 352.784415480       0.86      0.23      0.15  0.       -5104.979       2907.044      -1740.936    0.000  -0.007   0.018   0.
  2017 352 18 49 34 497 352.784427054       0.88      0.23      0.12  0.       -5104.022       2905.093      -1742.590    0.000  -0.005   0.013   0.
  2017 352 18 49 35 497 352.784438628       0.93      0.23      0.11  0.       -5103.064       2903.142      -1744.243    0.000  -0.005   0.012   0.
  2017 352 18 49 36 497 352.784450203       0.94      0.25      0.12  0.       -5102.106       2901.189      -1745.897    0.000  -0.004   0.010   0.
  2017 352 18 49 37 497 352.784461777       0.93      0.29      0.13  0.       -5101.146       2899.238      -1747.550    0.000  -0.004   0.009   0.
  2017 352 18 49 38 497 352.784473351       0.93      0.28      0.09  0.       -5100.186       2897.285      -1749.202    0.000  -0.002   0.007   0.
  2017 352 18 49 39 497 352.784484924       0.93      0.37      0.11  0.       -5099.224       2895.331      -1750.855    0.000  -0.002   0.007   0.
  2017 352 18 49 40 497 352.784496496       0.99      0.29      0.04  0.       -5098.262       2893.378      -1752.507    0.000  -0.002   0.005   0.
  2017 352 18 49 41 497 352.784508070       1.01      0.28      0.04  0.       -5097.299       2891.423      -1754.158    0.000  -0.002   0.005   0.
  2017 352 18 49 42 497 352.784519644       0.99      0.27      0.07  0.       -5096.334       2889.468      -1755.810    0.000  -0.001   0.003   0.
  2017 352 18 49 43 497 352.784531218       1.03      0.26      0.07  0.       -5095.369       2887.512      -1757.461    0.000  -0.001   0.003   0.
  2017 352 18 49 44 497 352.784542792       1.07      0.29      0.11  0.       -5094.403       2885.556      -1759.111    0.000  -0.001   0.002   0.
  2017 352 18 49 45 497 352.784554366       1.17      0.31      0.06  0.       -5093.436       2883.600      -1760.762    0.000  -0.001   0.002   0.
  2017 352 18 49 46 497 352.784565940       1.24      0.34      0.03  0.       -5092.468       2881.643      -1762.412    0.000   0.000   0.001   0.
  2017 352 18 49 47 497 352.784577514       1.25      0.35      0.04  0.       -5091.499       2879.685      -1764.062    0.000   0.000   0.001   0.
  2017 352 18 49 48 497 352.784589089       1.27      0.30      0.04  0.       -5090.529       2877.727      -1765.711    0.000   0.000   0.001   0.
  2017 352 18 49 49 497 352.784600663       1.30      0.36      0.09  0.       -5089.558       2875.768      -1767.360    0.000   0.000   0.001   0.
  2017 352 18 49 50 497 352.784612237       1.26      0.33      0.09  0.       -5088.586       2873.809      -1769.009    0.000   0.000   0.001   0.
  2017 352 18 49 51 497 352.784623811       1.24      0.36      0.10  0.       -5087.613       2871.849      -1770.657    0.000   0.000   0.001   0.
  2017 352 18 49 52 497 352.784635385       1.26      0.34      0.09  0.       -5086.639       2869.888      -1772.305    0.000   0.000   0.001   0.
  2017 352 18 49 53 497 352.784646959       1.27      0.35      0.09  0.       -5085.664       2867.927      -1773.953    0.000   0.000   0.001   0.
  2017 352 18 49 54 497 352.784658533       1.28      0.40      0.15  0.       -5084.689       2865.966      -1775.600    0.000   0.000   0.001   0.
  2017 352 18 49 55 497 352.784670107       1.27      0.36      0.18  0.       -5083.712       2864.004      -1777.247    0.000   0.000   0.001   0.
  2017 352 18 49 56 497 352.784681681       1.25      0.31      0.22  0.       -5082.734       2862.041      -1778.894    0.000   0.000   0.001   0.
  2017 352 18 49 57 497 352.784693255       1.27      0.31      0.24  0.       -5081.756       2860.078      -1780.540    0.000   0.000   0.001   0.
  2017 352 18 49 58 497 352.784704829       1.12      0.27      0.25  0.       -5080.776       2858.114      -1782.186    0.000   0.000   0.001   0.
  2017 352 18 49 59 497 352.784716403       1.15      0.22      0.27  0.       -5079.796       2856.150      -1783.832    0.000   0.000   0.001   0.
  2017 352 18 50  0 497 352.784727977       1.17      0.08      0.23  0.       -5078.814       2854.186      -1785.477    0.000   0.000   0.001   0.
  2017 352 18 50  1 497 352.784739552       1.11     -0.05      0.15  0.       -5077.832       2852.220      -1787.123    0.000   0.000   0.001   0.
  2017 352 18 50  2 497 352.784751126       1.13     -0.27     -0.01  0.       -5076.848       2850.254      -1788.767    0.000   0.000   0.001   0.
  2017 352 18 50  3 497 352.784762700       1.24     -0.47     -0.16  0.       -5075.864       2848.288      -1790.412    0.000   0.000   0.001   0.
  2017 352 18 50  4 497 352.784774274       1.23     -0.55     -0.24  0.       -5074.878       2846.321      -1792.056    0.000   0.000   0.001   0.
  2017 352 18 50  5 497 352.784785848       1.30     -0.61     -0.16  0.       -5073.892       2844.354      -1793.699    0.000   0.000   0.001   0.
  2017 352 18 50  6 497 352.784797422       1.32     -0.64     -0.15  0.       -5072.905       2842.386      -1795.342    0.000   0.000   0.000   0.
  2017 352 18 50  7 497 352.784808996       1.29     -0.65     -0.11  0.       -5071.917       2840.417      -1796.986    0.000   0.000   0.000   0.
  2017 352 18 50  8 497 352.784820570       1.25     -0.65     -0.12  0.       -5070.927       2838.448      -1798.628    0.000   0.000   0.001   0.
  2017 352 18 50  9 496 352.784832143       0.94     -0.62     -0.17  0.       -5069.937       2836.479      -1800.270    0.000   0.000   0.001   0.
  2017 352 18 50 10 496 352.784843715       0.93     -0.60     -0.12  0.       -5068.946       2834.509      -1801.912    0.000   0.000   0.001   0.
  2017 352 18 50 11 497 352.784855289       1.02     -0.57     -0.08  0.       -5067.954       2832.538      -1803.554    0.000   0.000   0.001   0.
  2017 352 18 50 12 497 352.784866863       1.03     -0.63     -0.09  0.       -5066.961       2830.567      -1805.195    0.000   0.000   0.000   0.
  2017 352 18 50 13 496 352.784878438       1.05     -0.62     -0.02  0.       -5065.967       2828.595      -1806.836    0.000   0.000   0.000   0.
  2017 352 18 50 14 496 352.784890012       1.07     -0.60     -0.06  0.       -5064.972       2826.623      -1808.477    0.000   0.000   0.001   0.
  2017 352 18 50 15 496 352.784901586       1.09     -0.55     -0.08  0.       -5063.976       2824.650      -1810.117    0.000   0.000   0.001   0.
  2017 352 18 50 16 497 352.784913160       1.11     -0.62     -0.12  0.       -5062.979       2822.676      -1811.757    0.000   0.000   0.000   0.
  2017 352 18 50 17 497 352.784924734       1.24     -0.68     -0.22  0.       -5061.981       2820.703      -1813.396    0.000   0.000   0.000   0.
  2017 352 18 50 18 497 352.784936308       1.20     -0.67     -0.24  0.       -5060.982       2818.728      -1815.035    0.000   0.000   0.000   0.
  2017 352 18 50 19 497 352.784947882       1.22     -0.60     -0.21  0.       -5059.983       2816.753      -1816.674    0.000   0.000   0.000   0.
  2017 352 18 50 20 496 352.784959456       1.21     -0.56     -0.19  0.       -5058.982       2814.778      -1818.313    0.000   0.000   0.001   0.
  2017 352 18 50 21 496 352.784971030       1.17     -0.50     -0.18  0.       -5057.980       2812.802      -1819.951    0.000   0.000   0.001   0.
  2017 352 18 50 22 496 352.784982604       1.14     -0.48     -0.18  0.       -5056.977       2810.825      -1821.589    0.000   0.000   0.000   0.
  2017 352 18 50 23 496 352.784994178       1.18     -0.46     -0.15  0.       -5055.974       2808.848      -1823.226    0.000   0.000   0.000   0.
  2017 352 18 50 24 496 352.785005752       1.28     -0.37     -0.14  0.       -5054.969       2806.870      -1824.863    0.000   0.000   0.001   0.
  2017 352 18 50 25 497 352.785017326       1.23     -0.23     -0.08  0.       -5053.963       2804.892      -1826.500    0.000   0.000   0.001   0.
  2017 352 18 50 26 497 352.785028900       1.24     -0.34     -0.05  0.       -5052.957       2802.913      -1828.136    0.000   0.000   0.000   0.
  2017 352 18 50 27 496 352.785040475       1.31     -0.30     -0.07  0.       -5051.949       2800.934      -1829.772    0.000   0.000   0.000   0.
  2017 352 18 50 28 496 352.785052049       1.37     -0.24     -0.05  0.       -5050.941       2798.954      -1831.408    0.000   0.000   0.000   0.
  2017 352 18 50 29 497 352.785063623       1.40     -0.26     -0.12  0.       -5049.931       2796.974      -1833.043    0.000   0.000   0.000   0.
  2017 352 18 50 30 497 352.785075197       1.48     -0.15     -0.10  0.       -5048.921       2794.993      -1834.678    0.000   0.000   0.001   0.
  2017 352 18 50 31 497 352.785086771       1.60     -0.14     -0.13  0.       -5047.909       2793.011      -1836.313    0.000   0.000   0.001   0.
  2017 352 18 50 32 497 352.785098345       1.58     -0.07     -0.14  0.       -5046.897       2791.029      -1837.947    0.000   0.000   0.000   0.
  2017 352 18 50 33 497 352.785109919       1.59     -0.02     -0.09  0.       -5045.883       2789.047      -1839.581    0.000   0.000   0.000   0.
  2017 352 18 50 34 496 352.785121493       1.67     -0.07     -0.11  0.       -5044.869       2787.064      -1841.215    0.000   0.000   0.001   0.
  2017 352 18 50 35 496 352.785133067       1.69      0.03     -0.09  0.       -5043.854       2785.080      -1842.848    0.000   0.000   0.001   0.
  2017 352 18 50 36 496 352.785144641       1.74      0.02     -0.10  0.       -5042.837       2783.096      -1844.480    0.000   0.000   0.000   0.
  2017 352 18 50 37 496 352.785156215       1.77      0.02     -0.19  0.       -5041.820       2781.111      -1846.113    0.000   0.000   0.000   0.
  2017 352 18 50 38 497 352.785167789       1.78      0.03     -0.25  0.       -5040.802       2779.126      -1847.745    0.000   0.000   0.000   0.
  2017 352 18 50 39 497 352.785179363       1.82      0.04     -0.30  0.       -5039.783       2777.140      -1849.377    0.000   0.000   0.000   0.
  2017 352 18 50 40 496 352.785190935       1.86      0.08     -0.27  0.       -5038.762       2775.154      -1851.008    0.000   0.000   0.000   0.
  2017 352 18 50 41 496 352.785202509       1.85      0.10     -0.32  0.       -5037.741       2773.167      -1852.639    0.000   0.000   0.000   0.
  2017 352 18 50 42 496 352.785214083       1.82      0.15     -0.27  0.       -5036.719       2771.180      -1854.270    0.000   0.000   0.000   0.
  2017 352 18 50 43 496 352.785225657       1.87      0.20     -0.26  0.       -5035.696       2769.192      -1855.900    0.000   0.000   0.000   0.
  2017 352 18 50 44 496 352.785237231       1.89      0.23     -0.24  0.       -5034.672       2767.203      -1857.530    0.000   0.000   0.000   0.
  2017 352 18 50 45 496 352.785248805       2.01      0.31     -0.13  0.       -5033.647       2765.214      -1859.160    0.000   0.000   0.000   0.
  2017 352 18 50 46 496 352.785260379       2.02      0.31     -0.15  0.       -5032.620       2763.225      -1860.789    0.000   0.000   0.000   0.
  2017 352 18 50 47 496 352.785271953       2.05      0.35     -0.20  0.       -5031.593       2761.235      -1862.418    0.000   0.000   0.000   0.
  2017 352 18 50 48 496 352.785283527       2.12      0.30     -0.19  0.       -5030.565       2759.244      -1864.046    0.000   0.000   0.000   0.
  2017 352 18 50 49 496 352.785295101       2.10      0.28     -0.17  0.       -5029.536       2757.253      -1865.675    0.000   0.000   0.000   0.
  2017 352 18 50 50 496 352.785306675       2.11      0.33     -0.14  0.       -5028.506       2755.261      -1867.302    0.000   0.000   0.000   0.
  2017 352 18 50 51 496 352.785318249       2.14      0.31     -0.11  0.       -5027.475       2753.269      -1868.930    0.000   0.000   0.000   0.
  2017 352 18 50 52 496 352.785329823       2.18      0.37     -0.08  0.       -5026.443       2751.276      -1870.557    0.000   0.000   0.000   0.
  2017 352 18 50 53 496 352.785341398       2.22      0.38     -0.10  0.       -5025.410       2749.283      -1872.184    0.000   0.000   0.000   0.
  2017 352 18 50 54 496 352.785352972       2.20      0.41     -0.06  0.       -5024.376       2747.289      -1873.810    0.000   0.000   0.000   0.
  2017 352 18 50 55 496 352.785364546       2.22      0.48     -0.00  0.       -5023.341       2745.295      -1875.436    0.000   0.000   0.000   0.
  2017 352 18 50 56 496 352.785376120       2.25      0.55      0.06  0.       -5022.305       2743.300      -1877.061    0.000   0.000   0.000   0.
  2017 352 18 50 57 496 352.785387694       2.25      0.54      0.05  0.       -5021.269       2741.305      -1878.687    0.000   0.000   0.000   0.
  2017 352 18 50 58 496 352.785399268       2.28      0.54      0.11  0.       -5020.231       2739.309      -1880.311    0.000   0.000   0.000   0.
  2017 352 18 50 59 496 352.785410842       2.30      0.52      0.10  0.       -5019.192       2737.312      -1881.936    0.000   0.000   0.000   0.
  2017 352 18 51  0 496 352.785422416       2.37      0.46      0.12  0.       -5018.152       2735.315      -1883.560    0.000   0.000   0.000   0.
  2017 352 18 51  1 496 352.785433990       2.41      0.52      0.13  0.       -5017.111       2733.317      -1885.184    0.000   0.000   0.000   0.
  2017 352 18 51  2 496 352.785445564       2.41      0.55      0.14  0.       -5016.069       2731.319      -1886.807    0.000   0.000   0.000   0.
  2017 352 18 51  3 496 352.785457138       2.44      0.55      0.12  0.       -5015.027       2729.321      -1888.430    0.000   0.000   0.000   0.
  2017 352 18 51  4 496 352.785468712       2.41      0.55      0.16  0.       -5013.983       2727.321      -1890.053    0.000   0.000   0.000   0.
  2017 352 18 51  5 496 352.785480286       2.45      0.53      0.12  0.       -5012.938       2725.322      -1891.675    0.000   0.000   0.000   0.
  2017 352 18 51  6 496 352.785491861       2.49      0.53      0.18  0.       -5011.892       2723.321      -1893.297    0.000   0.000   0.000   0.
  2017 352 18 51  7 496 352.785503435       2.56      0.54      0.20  0.       -5010.845       2721.320      -1894.918    0.000   0.000   0.000   0.
  2017 352 18 51  8 496 352.785515009       2.48      0.52      0.20  0.       -5009.798       2719.319      -1896.539    0.000   0.000   0.000   0.
  2017 352 18 51  9 496 352.785526582       2.48      0.51      0.23  0.       -5008.749       2717.317      -1898.160    0.000   0.000   0.000   0.
  2017 352 18 51 10 496 352.785538154       2.54      0.48      0.28  0.       -5007.699       2715.315      -1899.780    0.000   0.000   0.000   0.
  2017 352 18 51 11 496 352.785549728       2.56      0.49      0.33  0.       -5006.649       2713.312      -1901.400    0.000   0.000   0.000   0.
  2017 352 18 51 12 496 352.785561302       2.55      0.45      0.34  0.       -5005.597       2711.308      -1903.020    0.000   0.000   0.000   0.
  2017 352 18 51 13 496 352.785572876       2.58      0.43      0.35  0.       -5004.544       2709.304      -1904.639    0.000   0.000   0.000   0.
  2017 352 18 51 14 496 352.785584450       2.53      0.42      0.38  0.       -5003.490       2707.300      -1906.258    0.000   0.000   0.000   0.
  2017 352 18 51 15 496 352.785596024       2.69      0.41      0.38  0.       -5002.436       2705.295      -1907.876    0.000   0.000   0.000   0.
  2017 352 18 51 16 496 352.785607598       2.70      0.44      0.41  0.       -5001.380       2703.289      -1909.495    0.000   0.000   0.000   0.
  2017 352 18 51 17 496 352.785619172       2.71      0.40      0.39  0.       -5000.323       2701.283      -1911.112    0.000   0.000   0.000   0.
  2017 352 18 51 18 496 352.785630746       2.71      0.38      0.42  0.       -4999.266       2699.276      -1912.730    0.000   0.000   0.000   0.
  2017 352 18 51 19 496 352.785642321       2.74      0.36      0.46  0.       -4998.207       2697.269      -1914.347    0.000   0.000   0.000   0.
  2017 352 18 51 20 496 352.785653895       2.69      0.39      0.42  0.       -4997.148       2695.261      -1915.963    0.000   0.000   0.000   0.
  2017 352 18 51 21 496 352.785665469       2.62      0.45      0.40  0.       -4996.087       2693.253      -1917.579    0.000   0.000   0.000   0.
  2017 352 18 51 22 496 352.785677043       2.56      0.44      0.38  0.       -4995.025       2691.244      -1919.195    0.000   0.000   0.000   0.
  2017 352 18 51 23 496 352.785688617       2.56      0.47      0.39  0.       -4993.963       2689.234      -1920.810    0.000   0.000   0.000   0.
  2017 352 18 51 24 496 352.785700191       2.51      0.45      0.37  0.       -4992.899       2687.224      -1922.426    0.000   0.000   0.000   0.
  2017 352 18 51 25 496 352.785711765       2.53      0.49      0.36  0.       -4991.835       2685.214      -1924.040    0.000   0.000   0.000   0.
  2017 352 18 51 26 496 352.785723339       2.51      0.58      0.29  0.       -4990.769       2683.203      -1925.654    0.000   0.000   0.000   0.
  2017 352 18 51 27 496 352.785734913       2.33      0.67      0.19  0.       -4989.702       2681.191      -1927.268    0.000   0.000   0.000   0.
  2017 352 18 51 28 496 352.785746487       2.25      0.81      0.12  0.       -4988.635       2679.179      -1928.882    0.000   0.000   0.000   0.
  2017 352 18 51 29 496 352.785758061       2.25      0.87      0.02  0.       -4987.566       2677.167      -1930.495    0.000   0.000   0.000   0.
  2017 352 18 51 30 496 352.785769635       2.17      0.89     -0.00  0.       -4986.497       2675.154      -1932.108    0.000   0.000   0.000   0.
  2017 352 18 51 31 496 352.785781209       2.16      0.89     -0.04  0.       -4985.426       2673.140      -1933.720    0.000   0.000   0.000   0.
  2017 352 18 51 32 496 352.785792784       2.15      0.83      0.03  0.       -4984.354       2671.126      -1935.332    0.000   0.000   0.000   0.
  2017 352 18 51 33 496 352.785804358       2.14      0.76      0.10  0.       -4983.282       2669.111      -1936.943    0.000   0.000   0.000   0.
  2017 352 18 51 34 496 352.785815932       2.14      0.67      0.11  0.       -4982.208       2667.096      -1938.555    0.000   0.000   0.000   0.
  2017 352 18 51 35 496 352.785827506       2.11      0.66      0.18  0.       -4981.134       2665.080      -1940.165    0.000   0.000   0.000   0.
  2017 352 18 51 36 496 352.785839080       2.17      0.55      0.23  0.       -4980.058       2663.064      -1941.776    0.000   0.000   0.000   0.
  2017 352 18 51 37 496 352.785850654       2.20      0.50      0.33  0.       -4978.981       2661.046      -1943.386    0.000   0.000   0.000   0.
  2017 352 18 51 38 496 352.785862228       2.21      0.43      0.39  0.       -4977.904       2659.029      -1944.995    0.000   0.000   0.000   0.
  2017 352 18 51 39 496 352.785873801       2.22      0.41      0.40  0.       -4976.825       2657.011      -1946.605    0.000   0.000   0.000   0.
  2017 352 18 51 40 496 352.785885373       2.28      0.38      0.48  0.       -4975.746       2654.993      -1948.213    0.000   0.000   0.000   0.
  2017 352 18 51 41 496 352.785896947       2.35      0.34      0.50  0.       -4974.665       2652.974      -1949.822    0.000   0.000   0.000   0.
  2017 352 18 51 42 496 352.785908521       2.39      0.39      0.52  0.       -4973.584       2650.954      -1951.430    0.000   0.000   0.000   0.
  2017 352 18 51 43 496 352.785920096       2.43      0.34      0.55  0.       -4972.501       2648.934      -1953.037    0.000   0.000   0.000   0.
  2017 352 18 51 44 496 352.785931670       2.46      0.34      0.56  0.       -4971.417       2646.913      -1954.645    0.000   0.000   0.000   0.
  2017 352 18 51 45 496 352.785943244       2.54      0.34      0.63  0.       -4970.333       2644.892      -1956.251    0.000   0.000   0.000   0.
  2017 352 18 51 46 496 352.785954818       2.66      0.29      0.64  0.       -4969.247       2642.870      -1957.858    0.000   0.000   0.000   0.
  2017 352 18 51 47 496 352.785966392       2.76      0.30      0.66  0.       -4968.161       2640.848      -1959.464    0.000   0.000   0.000   0.
  2017 352 18 51 48 496 352.785977966       2.84      0.30      0.70  0.       -4967.073       2638.825      -1961.070    0.000   0.000   0.000   0.
  2017 352 18 51 49 496 352.785989540       3.01      0.31      0.73  0.       -4965.984       2636.802      -1962.675    0.000   0.000   0.000   0.
  2017 352 18 51 50 496 352.786001114       3.11      0.28      0.76  0.       -4964.895       2634.778      -1964.280    0.000   0.000   0.000   0.
  2017 352 18 51 51 496 352.786012688       3.11      0.30      0.69  0.       -4963.804       2632.754      -1965.884    0.000   0.000   0.000   0.
  2017 352 18 51 52 496 352.786024262       3.21      0.25      0.75  0.       -4962.713       2630.729      -1967.488    0.000   0.000   0.000   0.
  2017 352 18 51 53 496 352.786035836       3.23      0.24      0.80  0.       -4961.620       2628.703      -1969.092    0.000   0.000   0.000   0.
  2017 352 18 51 54 496 352.786047410       3.27      0.28      0.80  0.       -4960.526       2626.677      -1970.695    0.000   0.000   0.000   0.
  2017 352 18 51 55 496 352.786058984       3.24      0.29      0.87  0.       -4959.432       2624.651      -1972.298    0.000   0.000   0.000   0.
  2017 352 18 51 56 496 352.786070558       3.20      0.28      0.93  0.       -4958.336       2622.624      -1973.900    0.000   0.000   0.000   0.
  2017 352 18 51 57 496 352.786082133       3.24      0.30      0.93  0.       -4957.239       2620.596      -1975.503    0.000   0.000   0.000   0.
  2017 352 18 51 58 496 352.786093707       3.17      0.36      0.95  0.       -4956.142       2618.568      -1977.104    0.000   0.000   0.000   0.
  2017 352 18 51 59 496 352.786105281       3.15      0.43      0.98  0.       -4955.043       2616.539      -1978.705    0.000   0.000   0.000   0.
  2017 352 18 52  0 496 352.786116855       3.12      0.42      0.91  0.       -4953.943       2614.510      -1980.306    0.000   0.000   0.000   0.
  2017 352 18 52  1 496 352.786128429       3.10      0.44      0.97  0.       -4952.842       2612.481      -1981.907    0.000   0.000   0.000   0.
  2017 352 18 52  2 496 352.786140003       3.13      0.46      1.01  0.       -4951.741       2610.450      -1983.507    0.000   0.000   0.000   0.
  2017 352 18 52  3 496 352.786151577       3.23      0.50      1.02  0.       -4950.638       2608.419      -1985.106    0.000   0.000   0.000   0.
  2017 352 18 52  4 496 352.786163151       3.21      0.54      1.04  0.       -4949.534       2606.388      -1986.706    0.000   0.000   0.000   0.
  2017 352 18 52  5 496 352.786174725       3.23      0.54      1.08  0.       -4948.430       2604.356      -1988.304    0.000   0.000   0.000   0.
  2017 352 18 52  6 496 352.786186299       3.17      0.54      1.11  0.       -4947.324       2602.324      -1989.903    0.000   0.000   0.000   0.
  2017 352 18 52  7 496 352.786197873       3.14      0.54      1.07  0.       -4946.217       2600.291      -1991.501    0.000   0.000   0.000   0.
  2017 352 18 52  8 496 352.786209447       3.10      0.54      1.10  0.       -4945.109       2598.257      -1993.098    0.000   0.000   0.000   0.
  2017 352 18 52  9 495 352.786221021       3.02      0.50      1.06  0.       -4944.000       2596.224      -1994.695    0.000   0.000   0.000   0.
  2017 352 18 52 10 495 352.786232593       3.17      0.51      1.14  0.       -4942.891       2594.189      -1996.292    0.000   0.000   0.000   0.
  2017 352 18 52 11 496 352.786244167       3.19      0.51      1.17  0.       -4941.780       2592.154      -1997.888    0.000   0.000   0.000   0.
  2017 352 18 52 12 496 352.786255741       3.18      0.51      1.19  0.       -4940.668       2590.118      -1999.484    0.000   0.000   0.000   0.
  2017 352 18 52 13 496 352.786267315       3.09      0.49      1.09  0.       -4939.555       2588.082      -2001.080    0.000   0.000   0.000   0.
  2017 352 18 52 14 496 352.786278889       3.08      0.47      1.05  0.       -4938.441       2586.046      -2002.675    0.000   0.000   0.000   0.
  2017 352 18 52 15 496 352.786290463       3.10      0.37      1.12  0.       -4937.326       2584.008      -2004.270    0.000   0.000   0.000   0.
  2017 352 18 52 16 495 352.786302037       3.11      0.35      1.14  0.       -4936.210       2581.971      -2005.864    0.000   0.000   0.000   0.
  2017 352 18 52 17 495 352.786313611       3.09      0.36      1.13  0.       -4935.093       2579.932      -2007.458    0.000   0.000   0.000   0.
  2017 352 18 52 18 495 352.786325185       3.24      0.35      1.23  0.       -4933.975       2577.894      -2009.051    0.000   0.000   0.000   0.
  2017 352 18 52 19 495 352.786336759       3.22      0.32      1.23  0.       -4932.856       2575.854      -2010.644    0.000   0.000   0.000   0.
  2017 352 18 52 20 495 352.786348333       3.18      0.28      1.17  0.       -4931.736       2573.814      -2012.237    0.000   0.000   0.000   0.
  2017 352 18 52 21 496 352.786359907       3.17      0.24      1.07  0.       -4930.615       2571.774      -2013.829    0.000   0.000   0.000   0.
  2017 352 18 52 22 496 352.786371482       3.19      0.22      1.12  0.       -4929.493       2569.733      -2015.421    0.000   0.000   0.000   0.
  2017 352 18 52 23 495 352.786383056       3.27      0.20      1.10  0.       -4928.370       2567.692      -2017.012    0.000   0.000   0.000   0.
  2017 352 18 52 24 495 352.786394630       3.28      0.22      1.07  0.       -4927.246       2565.650      -2018.603    0.000   0.000   0.000   0.
  2017 352 18 52 25 496 352.786406204       3.30      0.24      1.03  0.       -4926.121       2563.607      -2020.194    0.000   0.000   0.000   0.
  2017 352 18 52 26 496 352.786417778       3.34      0.26      0.93  0.       -4924.995       2561.564      -2021.784    0.000   0.000   0.000   0.
  2017 352 18 52 27 496 352.786429352       3.38      0.24      0.96  0.       -4923.868       2559.521      -2023.373    0.000   0.000   0.000   0.
  2017 352 18 52 28 496 352.786440926       3.37      0.21      0.94  0.       -4922.740       2557.477      -2024.963    0.000   0.000   0.000   0.
  2017 352 18 52 29 495 352.786452500       3.44      0.23      0.92  0.       -4921.611       2555.432      -2026.552    0.000   0.000   0.000   0.
  2017 352 18 52 30 495 352.786464074       3.46      0.24      0.91  0.       -4920.481       2553.387      -2028.140    0.000   0.000   0.000   0.
  2017 352 18 52 31 495 352.786475648       3.54      0.31      0.81  0.       -4919.349       2551.341      -2029.728    0.000   0.000   0.000   0.
  2017 352 18 52 32 495 352.786487222       3.50      0.29      0.82  0.       -4918.217       2549.295      -2031.316    0.000   0.000   0.000   0.
  2017 352 18 52 33 495 352.786498796       3.55      0.32      0.88  0.       -4917.084       2547.248      -2032.903    0.000   0.000   0.000   0.
  2017 352 18 52 34 496 352.786510370       3.56      0.30      0.96  0.       -4915.949       2545.201      -2034.490    0.000   0.000   0.000   0.
  2017 352 18 52 35 496 352.786521944       3.61      0.29      0.97  0.       -4914.814       2543.153      -2036.076    0.000   0.000   0.000   0.
  2017 352 18 52 36 495 352.786533518       3.57      0.30      0.98  0.       -4913.678       2541.105      -2037.662    0.000   0.000   0.000   0.
  2017 352 18 52 37 495 352.786545092       3.53      0.25      0.99  0.       -4912.540       2539.056      -2039.247    0.000   0.000   0.000   0.
  2017 352 18 52 38 495 352.786556664       3.48      0.27      1.02  0.       -4911.402       2537.006      -2040.832    0.000   0.000   0.000   0.
  2017 352 18 52 39 495 352.786568238       3.45      0.31      1.03  0.       -4910.263       2534.956      -2042.417    0.000   0.000   0.000   0.
  2017 352 18 52 40 495 352.786579812       3.44      0.26      0.99  0.       -4909.122       2532.906      -2044.001    0.000   0.000   0.000   0.
  2017 352 18 52 41 495 352.786591386       3.46      0.33      1.03  0.       -4907.981       2530.855      -2045.585    0.000   0.000   0.000   0.
  2017 352 18 52 42 495 352.786602960       3.47      0.29      1.05  0.       -4906.838       2528.803      -2047.168    0.000   0.000   0.000   0.
  2017 352 18 52 43 495 352.786614534       3.39      0.24      1.08  0.       -4905.695       2526.751      -2048.751    0.000   0.000   0.000   0.
  2017 352 18 52 44 495 352.786626108       3.33      0.23      1.10  0.       -4904.550       2524.699      -2050.333    0.000   0.000   0.000   0.
  2017 352 18 52 45 495 352.786637682       3.38      0.19      1.15  0.       -4903.405       2522.645      -2051.915    0.000   0.000   0.000   0.
  2017 352 18 52 46 495 352.786649256       3.29      0.16      1.16  0.       -4902.258       2520.592      -2053.497    0.000   0.000   0.000   0.
  2017 352 18 52 47 495 352.786660830       3.39      0.13      1.19  0.       -4901.110       2518.537      -2055.078    0.000   0.000   0.000   0.
  2017 352 18 52 48 495 352.786672404       3.43      0.18      1.18  0.       -4899.962       2516.483      -2056.659    0.000   0.000   0.000   0.
  2017 352 18 52 49 495 352.786683979       3.45      0.13      1.19  0.       -4898.812       2514.428      -2058.239    0.000   0.000   0.000   0.
  2017 352 18 52 50 495 352.786695553       3.44      0.13      1.14  0.       -4897.661       2512.372      -2059.819    0.000   0.000   0.000   0.
  2017 352 18 52 51 495 352.786707127       3.39      0.16      1.09  0.       -4896.509       2510.315      -2061.398    0.000   0.000   0.000   0.
  2017 352 18 52 52 495 352.786718701       3.45      0.16      1.12  0.       -4895.357       2508.259      -2062.977    0.000   0.000   0.000   0.
  2017 352 18 52 53 495 352.786730275       3.47      0.10      1.13  0.       -4894.203       2506.201      -2064.556    0.000   0.000   0.000   0.
  2017 352 18 52 54 495 352.786741849       3.54      0.16      1.05  0.       -4893.048       2504.143      -2066.134    0.000   0.000   0.000   0.
  2017 352 18 52 55 495 352.786753423       3.59      0.22      1.06  0.       -4891.892       2502.085      -2067.711    0.000   0.000   0.000   0.
  2017 352 18 52 56 495 352.786764997       3.70      0.21      1.09  0.       -4890.735       2500.026      -2069.289    0.000   0.000   0.000   0.
  2017 352 18 52 57 495 352.786776571       3.71      0.23      1.08  0.       -4889.577       2497.967      -2070.865    0.000   0.000   0.000   0.
  2017 352 18 52 58 495 352.786788145       3.78      0.27      1.08  0.       -4888.418       2495.906      -2072.442    0.000   0.000   0.000   0.
  2017 352 18 52 59 495 352.786799719       3.78      0.25      1.04  0.       -4887.258       2493.846      -2074.018    0.000   0.000   0.000   0.
  2017 352 18 53  0 495 352.786811293       3.80      0.27      1.07  0.       -4886.097       2491.785      -2075.593    0.000   0.000   0.000   0.
  2017 352 18 53  1 495 352.786822867       3.82      0.26      1.01  0.       -4884.935       2489.723      -2077.168    0.000   0.000   0.000   0.
  2017 352 18 53  2 495 352.786834442       4.01      0.29      1.11  0.       -4883.772       2487.661      -2078.743    0.000   0.000   0.000   0.
  2017 352 18 53  3 495 352.786846016       4.08      0.27      1.11  0.       -4882.607       2485.599      -2080.317    0.000   0.000   0.000   0.
  2017 352 18 53  4 495 352.786857590       4.13      0.26      1.12  0.       -4881.442       2483.535      -2081.891    0.000   0.000   0.000   0.
  2017 352 18 53  5 495 352.786869164       4.13      0.27      1.12  0.       -4880.276       2481.471      -2083.464    0.000   0.000   0.000   0.
  2017 352 18 53  6 495 352.786880738       4.17      0.28      1.11  0.       -4879.109       2479.407      -2085.037    0.000   0.000   0.000   0.
  2017 352 18 53  7 495 352.786892311       4.16      0.31      1.11  0.       -4877.940       2477.343      -2086.609    0.000   0.000   0.000   0.
  2017 352 18 53  8 495 352.786903883       4.18      0.32      1.13  0.       -4876.771       2475.277      -2088.181    0.000   0.000   0.000   0.
  2017 352 18 53  9 495 352.786915457       4.10      0.29      1.16  0.       -4875.600       2473.211      -2089.752    0.000   0.000   0.000   0.
  2017 352 18 53 10 495 352.786927031       4.16      0.32      1.17  0.       -4874.429       2471.145      -2091.323    0.000   0.000   0.000   0.
  2017 352 18 53 11 495 352.786938605       4.18      0.36      1.19  0.       -4873.256       2469.078      -2092.894    0.000   0.000   0.000   0.
  2017 352 18 53 12 495 352.786950179       4.27      0.38      1.23  0.       -4872.083       2467.011      -2094.464    0.000   0.000   0.000   0.
  2017 352 18 53 13 495 352.786961754       4.29      0.40      1.23  0.       -4870.908       2464.943      -2096.034    0.000   0.000   0.000   0.
  2017 352 18 53 14 495 352.786973327       4.29      0.40      1.23  0.       -4869.733       2462.874      -2097.603    0.000   0.000   0.000   0.
  2017 352 18 53 15 495 352.786984902       4.29      0.36      1.16  0.       -4868.556       2460.805      -2099.171    0.000   0.000   0.000   0.
  2017 352 18 53 16 495 352.786996476       4.26      0.35      1.17  0.       -4867.378       2458.736      -2100.740    0.000   0.000   0.000   0.
  2017 352 18 53 17 495 352.787008050       4.24      0.35      1.16  0.       -4866.200       2456.666      -2102.308    0.000   0.000   0.000   0.
  2017 352 18 53 18 495 352.787019624       4.26      0.35      1.18  0.       -4865.020       2454.595      -2103.875    0.000   0.000   0.000   0.
  2017 352 18 53 19 495 352.787031198       4.27      0.36      1.18  0.       -4863.839       2452.524      -2105.442    0.000   0.000   0.000   0.
  2017 352 18 53 20 495 352.787042772       4.27      0.35      1.16  0.       -4862.657       2450.452      -2107.009    0.000   0.000   0.000   0.
  2017 352 18 53 21 495 352.787054346       4.28      0.40      1.18  0.       -4861.474       2448.380      -2108.575    0.000   0.000   0.000   0.
  2017 352 18 53 22 495 352.787065920       4.33      0.44      1.15  0.       -4860.290       2446.308      -2110.140    0.000   0.000   0.000   0.
  2017 352 18 53 23 495 352.787077494       4.32      0.44      1.19  0.       -4859.105       2444.234      -2111.706    0.000   0.000   0.000   0.
  2017 352 18 53 24 495 352.787089068       4.33      0.45      1.17  0.       -4857.919       2442.161      -2113.270    0.000   0.000   0.000   0.
  2017 352 18 53 25 495 352.787100642       4.31      0.49      1.16  0.       -4856.732       2440.086      -2114.834    0.000   0.000   0.000   0.
  2017 352 18 53 26 495 352.787112216       4.33      0.48      1.18  0.       -4855.544       2438.012      -2116.398    0.000   0.000   0.000   0.
  2017 352 18 53 27 495 352.787123791       4.31      0.46      1.18  0.       -4854.355       2435.936      -2117.962    0.000   0.000   0.000   0.
  2017 352 18 53 28 495 352.787135365       4.31      0.48      1.15  0.       -4853.164       2433.860      -2119.524    0.000   0.000   0.000   0.
  2017 352 18 53 29 495 352.787146939       4.25      0.46      1.16  0.       -4851.973       2431.784      -2121.087    0.000   0.000   0.000   0.
  2017 352 18 53 30 495 352.787158513       4.19      0.48      1.23  0.       -4850.781       2429.707      -2122.649    0.000   0.000   0.000   0.
  2017 352 18 53 31 495 352.787170087       4.29      0.44      1.31  0.       -4849.587       2427.630      -2124.210    0.000   0.000   0.000   0.
  2017 352 18 53 32 495 352.787181661       4.41      0.46      1.31  0.       -4848.393       2425.552      -2125.771    0.000   0.000   0.000   0.
  2017 352 18 53 33 495 352.787193235       4.46      0.47      1.33  0.       -4847.197       2423.473      -2127.332    0.000   0.000   0.000   0.
  2017 352 18 53 34 495 352.787204809       4.49      0.46      1.30  0.       -4846.001       2421.395      -2128.892    0.000   0.000   0.000   0.
  2017 352 18 53 35 495 352.787216383       4.62      0.53      1.39  0.       -4844.803       2419.314      -2130.452    0.000   0.000   0.000   0.
  2017 352 18 53 36 495 352.787227957       4.70      0.47      1.41  0.       -4843.604       2417.235      -2132.011    0.000   0.000   0.000   0.
  2017 352 18 53 37 495 352.787239531       4.65      0.41      1.36  0.       -4842.404       2415.154      -2133.569    0.000   0.000   0.000   0.
  2017 352 18 53 38 495 352.787251105       4.74      0.34      1.31  0.       -4841.204       2413.073      -2135.128    0.000   0.000   0.000   0.
  2017 352 18 53 39 495 352.787262679       4.76      0.27      1.24  0.       -4840.002       2410.992      -2136.686    0.000   0.000   0.000   0.
  2017 352 18 53 40 495 352.787274251       4.76      0.25      1.18  0.       -4838.799       2408.909      -2138.243    0.000   0.000   0.000   0.
  2017 352 18 53 41 495 352.787285825       4.73      0.25      1.20  0.       -4837.595       2406.827      -2139.800    0.000   0.000   0.000   0.
  2017 352 18 53 42 495 352.787297399       4.70      0.27      1.21  0.       -4836.390       2404.744      -2141.356    0.000   0.000   0.000   0.
  2017 352 18 53 43 495 352.787308973       4.64      0.26      1.14  0.       -4835.184       2402.660      -2142.912    0.000   0.000   0.000   0.
  2017 352 18 53 44 495 352.787320547       4.68      0.29      1.14  0.       -4833.977       2400.576      -2144.467    0.000   0.000   0.000   0.
  2017 352 18 53 45 495 352.787332121       4.71      0.26      1.14  0.       -4832.769       2398.491      -2146.022    0.000   0.000   0.000   0.
  2017 352 18 53 46 495 352.787343695       4.73      0.32      1.17  0.       -4831.560       2396.405      -2147.577    0.000   0.000   0.000   0.
  2017 352 18 53 47 495 352.787355269       4.72      0.30      1.15  0.       -4830.350       2394.320      -2149.131    0.000   0.000   0.000   0.
  2017 352 18 53 48 495 352.787366843       4.69      0.26      1.11  0.       -4829.138       2392.233      -2150.684    0.000   0.000   0.000   0.
  2017 352 18 53 49 495 352.787378417       4.69      0.25      1.07  0.       -4827.926       2390.146      -2152.237    0.000   0.000   0.000   0.
  2017 352 18 53 50 495 352.787389991       4.71      0.24      0.92  0.       -4826.713       2388.059      -2153.790    0.000   0.000   0.000   0.
  2017 352 18 53 51 495 352.787401565       4.71      0.19      0.92  0.       -4825.498       2385.971      -2155.342    0.000   0.000   0.000   0.
  2017 352 18 53 52 495 352.787413139       4.61      0.16      0.84  0.       -4824.283       2383.883      -2156.894    0.000   0.000   0.000   0.
  2017 352 18 53 53 495 352.787424714       4.59      0.13      0.88  0.       -4823.066       2381.794      -2158.445    0.000   0.000   0.000   0.
  2017 352 18 53 54 495 352.787436288       4.52      0.14      0.81  0.       -4821.848       2379.704      -2159.996    0.000   0.000   0.000   0.
  2017 352 18 53 55 495 352.787447862       4.54      0.13      0.84  0.       -4820.629       2377.614      -2161.546    0.000   0.000   0.000   0.
  2017 352 18 53 56 495 352.787459436       4.50      0.13      0.85  0.       -4819.410       2375.524      -2163.096    0.000   0.000   0.000   0.
  2017 352 18 53 57 495 352.787471010       4.37      0.11      0.76  0.       -4818.189       2373.433      -2164.645    0.000   0.000   0.000   0.
  2017 352 18 53 58 495 352.787482584       4.38      0.10      0.87  0.       -4816.967       2371.341      -2166.194    0.000   0.000   0.000   0.
  2017 352 18 53 59 495 352.787494158       4.44      0.06      0.92  0.       -4815.744       2369.249      -2167.742    0.000   0.000   0.000   0.
  2017 352 18 54  0 495 352.787505732       4.31      0.05      0.95  0.       -4814.520       2367.156      -2169.290    0.000   0.000   0.000   0.
  2017 352 18 54  1 495 352.787517306       4.29      0.05      0.96  0.       -4813.295       2365.063      -2170.837    0.000   0.000   0.000   0.
  2017 352 18 54  2 495 352.787528880       4.25      0.00      0.97  0.       -4812.069       2362.969      -2172.384    0.000   0.000   0.000   0.
  2017 352 18 54  3 495 352.787540454       4.14     -0.02      0.88  0.       -4810.842       2360.875      -2173.931    0.000   0.000   0.000   0.
  2017 352 18 54  4 495 352.787552028       4.01     -0.06      0.79  0.       -4809.613       2358.781      -2175.477    0.000   0.000   0.000   0.
  2017 352 18 54  5 495 352.787563602       4.03     -0.02      0.76  0.       -4808.384       2356.685      -2177.022    0.000   0.000   0.000   0.
  2017 352 18 54  6 495 352.787575177       4.14     -0.02      0.82  0.       -4807.154       2354.589      -2178.567    0.000   0.000   0.000   0.
  2017 352 18 54  7 495 352.787586751       4.09     -0.07      0.82  0.       -4805.922       2352.493      -2180.111    0.000   0.000   0.000   0.
  2017 352 18 54  8 495 352.787598325       4.10     -0.04      0.83  0.       -4804.690       2350.396      -2181.655    0.000   0.000   0.000   0.
  2017 352 18 54  9 495 352.787609898       4.08     -0.05      0.85  0.       -4803.456       2348.299      -2183.199    0.000   0.000   0.000   0.
  2017 352 18 54 10 495 352.787621470       4.13     -0.03      0.76  0.       -4802.221       2346.201      -2184.742    0.000   0.000   0.000   0.
  2017 352 18 54 11 495 352.787633044       4.13     -0.01      0.78  0.       -4800.985       2344.103      -2186.284    0.000   0.000   0.000   0.
  2017 352 18 54 12 494 352.787644618       4.12      0.00      0.78  0.       -4799.749       2342.004      -2187.826    0.000   0.000   0.000   0.
  2017 352 18 54 13 494 352.787656192       4.08     -0.01      0.79  0.       -4798.511       2339.905      -2189.368    0.000   0.000   0.000   0.
  2017 352 18 54 14 494 352.787667766       4.03     -0.01      0.83  0.       -4797.272       2337.805      -2190.909    0.000   0.000   0.000   0.
  2017 352 18 54 15 494 352.787679340       4.04     -0.06      0.81  0.       -4796.032       2335.704      -2192.450    0.000   0.000   0.000   0.
  2017 352 18 54 16 495 352.787690914       3.99     -0.03      0.79  0.       -4794.791       2333.603      -2193.990    0.000   0.000   0.000   0.
  2017 352 18 54 17 495 352.787702488       3.92     -0.08      0.75  0.       -4793.549       2331.502      -2195.529    0.000   0.000   0.000   0.
  2017 352 18 54 18 495 352.787714063       3.95     -0.05      0.70  0.       -4792.305       2329.400      -2197.068    0.000   0.000   0.000   0.
  2017 352 18 54 19 494 352.787725637       3.94     -0.06      0.71  0.       -4791.061       2327.297      -2198.607    0.000   0.000   0.000   0.
  2017 352 18 54 20 495 352.787737211       3.86     -0.15      0.65  0.       -4789.816       2325.194      -2200.145    0.000   0.000   0.000   0.
  2017 352 18 54 21 495 352.787748785       3.91     -0.14      0.63  0.       -4788.569       2323.090      -2201.683    0.000   0.000   0.000   0.
  2017 352 18 54 22 495 352.787760359       3.97     -0.20      0.64  0.       -4787.322       2320.986      -2203.220    0.000   0.000   0.000   0.
  2017 352 18 54 23 495 352.787771933       3.93     -0.20      0.61  0.       -4786.073       2318.882      -2204.756    0.000   0.000   0.000   0.
  2017 352 18 54 24 495 352.787783507       3.94     -0.20      0.56  0.       -4784.824       2316.777      -2206.293    0.000   0.000   0.000   0.
  2017 352 18 54 25 494 352.787795081       3.89     -0.17      0.54  0.       -4783.573       2314.671      -2207.828    0.000   0.000   0.000   0.
  2017 352 18 54 26 494 352.787806655       3.88     -0.20      0.56  0.       -4782.321       2312.565      -2209.363    0.000   0.000   0.000   0.
  2017 352 18 54 27 494 352.787818229       3.75     -0.24      0.56  0.       -4781.068       2310.458      -2210.898    0.000   0.000   0.000   0.
  2017 352 18 54 28 494 352.787829803       3.79     -0.30      0.68  0.       -4779.814       2308.351      -2212.432    0.000   0.000   0.000   0.
  2017 352 18 54 29 494 352.787841377       3.75     -0.38      0.67  0.       -4778.559       2306.243      -2213.966    0.000   0.000   0.000   0.
  2017 352 18 54 30 495 352.787852951       3.81     -0.34      0.66  0.       -4777.303       2304.135      -2215.499    0.000   0.000   0.000   0.
  2017 352 18 54 31 495 352.787864525       3.81     -0.34      0.63  0.       -4776.046       2302.026      -2217.032    0.000   0.000   0.000   0.
  2017 352 18 54 32 494 352.787876100       3.79     -0.35      0.55  0.       -4774.788       2299.917      -2218.564    0.000   0.000   0.000   0.
  2017 352 18 54 33 494 352.787887674       3.68     -0.34      0.51  0.       -4773.528       2297.807      -2220.095    0.000   0.000   0.000   0.
  2017 352 18 54 34 495 352.787899248       3.60     -0.30      0.45  0.       -4772.268       2295.697      -2221.626    0.000   0.000   0.000   0.
  2017 352 18 54 35 495 352.787910822       3.65     -0.27      0.54  0.       -4771.007       2293.586      -2223.157    0.000   0.000   0.000   0.
  2017 352 18 54 36 495 352.787922396       3.65     -0.28      0.53  0.       -4769.744       2291.474      -2224.687    0.000   0.000   0.000   0.
  2017 352 18 54 37 495 352.787933969       3.58     -0.22      0.62  0.       -4768.480       2289.363      -2226.217    0.000   0.000   0.000   0.
  2017 352 18 54 38 494 352.787945541       3.67     -0.20      0.69  0.       -4767.216       2287.250      -2227.746    0.000   0.000   0.000   0.
  2017 352 18 54 39 494 352.787957115       3.75     -0.20      0.75  0.       -4765.950       2285.137      -2229.274    0.000   0.000   0.000   0.
  2017 352 18 54 40 494 352.787968689       3.96     -0.19      0.66  0.       -4764.683       2283.024      -2230.803    0.000   0.000   0.000   0.
  2017 352 18 54 41 494 352.787980263       3.89     -0.16      0.50  0.       -4763.415       2280.910      -2232.330    0.000   0.000   0.000   0.
  2017 352 18 54 42 494 352.787991837       3.92     -0.21      0.49  0.       -4762.146       2278.795      -2233.857    0.000   0.000   0.000   0.
  2017 352 18 54 43 494 352.788003411       3.83     -0.23      0.52  0.       -4760.876       2276.680      -2235.384    0.000   0.000   0.000   0.
  2017 352 18 54 44 494 352.788014986       3.83     -0.23      0.63  0.       -4759.605       2274.565      -2236.910    0.000   0.000   0.000   0.
  2017 352 18 54 45 494 352.788026560       3.70     -0.26      0.68  0.       -4758.333       2272.449      -2238.435    0.000   0.000   0.000   0.
  2017 352 18 54 46 494 352.788038134       3.59     -0.32      0.75  0.       -4757.059       2270.332      -2239.961    0.000   0.000   0.000   0.
  2017 352 18 54 47 494 352.788049708       3.45     -0.32      0.73  0.       -4755.785       2268.215      -2241.485    0.000   0.000   0.000   0.
  2017 352 18 54 48 494 352.788061282       3.43     -0.32      0.91  0.       -4754.509       2266.098      -2243.009    0.000   0.000   0.000   0.
  2017 352 18 54 49 494 352.788072856       3.43     -0.29      1.05  0.       -4753.233       2263.979      -2244.533    0.000   0.000   0.000   0.
  2017 352 18 54 50 494 352.788084430       3.39     -0.26      1.29  0.       -4751.955       2261.861      -2246.056    0.000   0.000   0.000   0.
  2017 352 18 54 51 494 352.788096004       3.35     -0.29      1.51  0.       -4750.676       2259.742      -2247.578    0.000   0.000   0.000   0.
  2017 352 18 54 52 494 352.788107578       3.29     -0.34      1.68  0.       -4749.396       2257.622      -2249.100    0.000   0.000   0.000   0.
  2017 352 18 54 53 494 352.788119152       3.28     -0.33      1.81  0.       -4748.115       2255.502      -2250.622    0.000   0.000   0.000   0.
  2017 352 18 54 54 494 352.788130726       3.23     -0.34      1.79  0.       -4746.833       2253.381      -2252.143    0.000   0.000   0.000   0.
  2017 352 18 54 55 494 352.788142300       3.30     -0.35      1.84  0.       -4745.550       2251.260      -2253.663    0.000   0.000   0.000   0.
  2017 352 18 54 56 494 352.788153874       3.30     -0.31      1.88  0.       -4744.266       2249.138      -2255.183    0.000   0.000   0.000   0.
  2017 352 18 54 57 494 352.788165448       3.26     -0.31      2.05  0.       -4742.981       2247.016      -2256.702    0.000   0.000   0.000   0.
  2017 352 18 54 58 494 352.788177023       3.15     -0.34      2.17  0.       -4741.694       2244.893      -2258.221    0.000   0.000   0.000   0.
  2017 352 18 54 59 494 352.788188597       3.12     -0.26      2.16  0.       -4740.407       2242.770      -2259.740    0.000   0.000   0.000   0.
  2017 352 18 55  0 494 352.788200171       3.14     -0.25      2.15  0.       -4739.118       2240.646      -2261.257    0.000   0.000   0.000   0.
  2017 352 18 55  1 494 352.788211745       3.14     -0.24      2.19  0.       -4737.829       2238.522      -2262.775    0.000   0.000   0.000   0.
  2017 352 18 55  2 494 352.788223319       3.05     -0.22      2.28  0.       -4736.538       2236.397      -2264.291    0.000   0.000   0.000   0.
  2017 352 18 55  3 494 352.788234893       3.01     -0.25      2.35  0.       -4735.246       2234.272      -2265.808    0.000   0.000   0.000   0.
  2017 352 18 55  4 494 352.788246467       3.01     -0.25      2.47  0.       -4733.953       2232.146      -2267.323    0.000   0.000   0.000   0.
  2017 352 18 55  5 494 352.788258041       3.01     -0.20      2.47  0.       -4732.659       2230.020      -2268.839    0.000   0.000   0.000   0.
  2017 352 18 55  6 494 352.788269615       2.98     -0.22      2.42  0.       -4731.364       2227.893      -2270.353    0.000   0.000   0.000   0.
  2017 352 18 55  7 494 352.788281189       2.90     -0.30      2.38  0.       -4730.068       2225.765      -2271.868    0.000   0.000   0.000   0.
  2017 352 18 55  8 494 352.788292760       2.88     -0.33      2.35  0.       -4728.771       2223.637      -2273.381    0.000   0.000   0.000   0.
  2017 352 18 55  9 494 352.788304335       2.85     -0.30      2.34  0.       -4727.472       2221.509      -2274.894    0.000   0.000   0.000   0.
  2017 352 18 55 10 494 352.788315909       2.73     -0.27      2.22  0.       -4726.173       2219.380      -2276.407    0.000   0.000   0.000   0.
  2017 352 18 55 11 494 352.788327483       2.63     -0.27      2.09  0.       -4724.872       2217.251      -2277.919    0.000   0.000   0.000   0.
  2017 352 18 55 12 494 352.788339057       2.47     -0.32      1.93  0.       -4723.571       2215.121      -2279.430    0.000   0.000   0.000   0.
  2017 352 18 55 13 494 352.788350631       2.46     -0.30      1.85  0.       -4722.268       2212.990      -2280.942    0.000   0.000   0.000   0.
  2017 352 18 55 14 494 352.788362205       2.57     -0.26      1.85  0.       -4720.964       2210.859      -2282.452    0.000   0.000   0.000   0.
  2017 352 18 55 15 494 352.788373779       2.58     -0.20      1.71  0.       -4719.659       2208.728      -2283.962    0.000   0.000   0.000   0.
  2017 352 18 55 16 494 352.788385353       2.57     -0.13      1.59  0.       -4718.353       2206.596      -2285.471    0.000   0.000   0.000   0.
  2017 352 18 55 17 494 352.788396927       2.51     -0.11      1.44  0.       -4717.046       2204.463      -2286.980    0.000   0.000   0.000   0.
  2017 352 18 55 18 494 352.788408501       2.52     -0.12      1.32  0.       -4715.738       2202.330      -2288.489    0.000   0.000   0.000   0.
  2017 352 18 55 19 494 352.788420075       2.49     -0.17      1.21  0.       -4714.428       2200.197      -2289.996    0.000   0.000   0.000   0.
  2017 352 18 55 20 494 352.788431649       2.52     -0.14      1.08  0.       -4713.118       2198.063      -2291.504    0.000   0.000   0.000   0.
  2017 352 18 55 21 494 352.788443223       2.54     -0.13      1.01  0.       -4711.807       2195.928      -2293.010    0.000   0.000   0.000   0.
  2017 352 18 55 22 494 352.788454797       2.58     -0.16      1.03  0.       -4710.494       2193.793      -2294.517    0.000   0.000   0.000   0.
  2017 352 18 55 23 494 352.788466372       2.62     -0.29      0.99  0.       -4709.180       2191.657      -2296.022    0.000   0.000   0.000   0.
  2017 352 18 55 24 494 352.788477946       2.57     -0.32      0.94  0.       -4707.865       2189.521      -2297.527    0.000   0.000   0.000   0.
  2017 352 18 55 25 494 352.788489520       2.52     -0.24      0.74  0.       -4706.549       2187.385      -2299.032    0.000   0.000   0.000   0.
  2017 352 18 55 26 494 352.788501094       2.48     -0.21      0.65  0.       -4705.232       2185.248      -2300.536    0.000   0.000   0.000   0.
  2017 352 18 55 27 494 352.788512668       2.40     -0.19      0.59  0.       -4703.914       2183.110      -2302.039    0.000   0.000   0.000   0.
  2017 352 18 55 28 494 352.788524242       2.32     -0.21      0.51  0.       -4702.595       2180.972      -2303.542    0.000   0.000   0.000   0.
  2017 352 18 55 29 494 352.788535816       2.37     -0.13      0.56  0.       -4701.275       2178.833      -2305.045    0.000   0.000   0.000   0.
  2017 352 18 55 30 494 352.788547390       2.36      0.00      0.55  0.       -4699.953       2176.694      -2306.547    0.000   0.000   0.000   0.
  2017 352 18 55 31 494 352.788558964       2.34      0.07      0.62  0.       -4698.631       2174.554      -2308.048    0.000   0.000   0.000   0.
  2017 352 18 55 32 494 352.788570538       2.38      0.04      0.61  0.       -4697.307       2172.414      -2309.549    0.000   0.000   0.000   0.
  2017 352 18 55 33 494 352.788582112       2.43      0.06      0.60  0.       -4695.982       2170.273      -2311.049    0.000   0.000   0.000   0.
  2017 352 18 55 34 494 352.788593686       2.39      0.05      0.50  0.       -4694.656       2168.132      -2312.549    0.000   0.000   0.000   0.
  2017 352 18 55 35 494 352.788605260       2.32      0.13      0.39  0.       -4693.329       2165.990      -2314.048    0.000   0.000   0.000   0.
  2017 352 18 55 36 494 352.788616834       2.37      0.18      0.44  0.       -4692.001       2163.848      -2315.547    0.000   0.000   0.000   0.
  2017 352 18 55 37 494 352.788628408       2.41      0.23      0.46  0.       -4690.672       2161.705      -2317.045    0.000   0.000   0.000   0.
  2017 352 18 55 38 494 352.788639980       2.36      0.29      0.47  0.       -4689.342       2159.562      -2318.542    0.000   0.000   0.000   0.
  2017 352 18 55 39 494 352.788651554       2.23      0.28      0.37  0.       -4688.011       2157.419      -2320.039    0.000   0.000   0.000   0.
  2017 352 18 55 40 494 352.788663128       2.10      0.30      0.33  0.       -4686.678       2155.274      -2321.536    0.000   0.000   0.000   0.
  2017 352 18 55 41 494 352.788674702       2.17      0.36      0.29  0.       -4685.345       2153.129      -2323.032    0.000   0.000   0.000   0.
  2017 352 18 55 42 494 352.788686276       2.21      0.45      0.34  0.       -4684.010       2150.984      -2324.527    0.000   0.000   0.000   0.
  2017 352 18 55 43 494 352.788697850       2.19      0.41      0.29  0.       -4682.674       2148.838      -2326.022    0.000   0.000   0.000   0.
  2017 352 18 55 44 494 352.788709424       2.16      0.43      0.29  0.       -4681.337       2146.692      -2327.516    0.000   0.000   0.000   0.
  2017 352 18 55 45 494 352.788720998       2.13      0.43      0.25  0.       -4679.999       2144.545      -2329.010    0.000   0.000   0.000   0.
  2017 352 18 55 46 494 352.788732572       2.07      0.42      0.17  0.       -4678.660       2142.398      -2330.503    0.000   0.000   0.000   0.
  2017 352 18 55 47 494 352.788744146       2.07      0.44      0.19  0.       -4677.320       2140.250      -2331.995    0.000   0.000   0.000   0.
  2017 352 18 55 48 494 352.788755721       2.00      0.51      0.19  0.       -4675.979       2138.102      -2333.487    0.000   0.000   0.000   0.
  2017 352 18 55 49 494 352.788767295       1.99      0.63      0.22  0.       -4674.636       2135.953      -2334.979    0.000   0.000   0.000   0.
  2017 352 18 55 50 494 352.788778869       1.99      0.71      0.23  0.       -4673.293       2133.803      -2336.470    0.000   0.000   0.000   0.
  2017 352 18 55 51 494 352.788790443       1.97      0.78      0.22  0.       -4671.948       2131.653      -2337.960    0.000   0.000   0.000   0.
  2017 352 18 55 52 494 352.788802017       1.97      0.82      0.19  0.       -4670.602       2129.503      -2339.450    0.000   0.000   0.000   0.
  2017 352 18 55 53 494 352.788813591       1.90      0.86      0.15  0.       -4669.255       2127.352      -2340.939    0.000   0.000   0.000   0.
  2017 352 18 55 54 494 352.788825165       1.93      0.92      0.19  0.       -4667.907       2125.201      -2342.427    0.000   0.000   0.000   0.
  2017 352 18 55 55 494 352.788836739       1.96      0.92      0.23  0.       -4666.558       2123.049      -2343.916    0.000   0.000   0.000   0.
  2017 352 18 55 56 494 352.788848313       1.88      0.96      0.23  0.       -4665.208       2120.896      -2345.403    0.000   0.000   0.000   0.
  2017 352 18 55 57 494 352.788859887       1.94      1.02      0.26  0.       -4663.856       2118.744      -2346.890    0.000   0.000   0.000   0.
  2017 352 18 55 58 494 352.788871461       1.96      1.06      0.31  0.       -4662.504       2116.590      -2348.377    0.000   0.000   0.000   0.
  2017 352 18 55 59 494 352.788883035       1.91      1.06      0.32  0.       -4661.151       2114.436      -2349.862    0.000   0.000   0.000   0.
  2017 352 18 56  0 494 352.788894609       1.89      1.10      0.26  0.       -4659.796       2112.282      -2351.348    0.000   0.000   0.000   0.
  2017 352 18 56  1 494 352.788906183       2.03      1.35     -0.14  0.       -4658.440       2110.127      -2352.832    0.000   0.000   0.000   0.
  2017 352 18 56  2 494 352.788917758       2.19      1.45     -0.27  0.       -4657.083       2107.971      -2354.317    0.000   0.000   0.000   0.
  2017 352 18 56  3 494 352.788929332       2.32      1.42     -0.26  0.       -4655.725       2105.815      -2355.800    0.000   0.000   0.000   0.
  2017 352 18 56  4 494 352.788940906       2.38      1.25     -0.25  0.       -4654.366       2103.659      -2357.283    0.000   0.000   0.000   0.
  2017 352 18 56  5 494 352.788952480       2.57      1.11     -0.20  0.       -4653.006       2101.502      -2358.766    0.000   0.000   0.000   0.
  2017 352 18 56  6 494 352.788964054       2.66      1.02     -0.18  0.       -4651.644       2099.345      -2360.248    0.000   0.000   0.000   0.
  2017 352 18 56  7 494 352.788975627       2.74      1.00     -0.15  0.       -4650.282       2097.187      -2361.729    0.000   0.000   0.000   0.
  2017 352 18 56  8 493 352.788987199       2.83      0.92     -0.21  0.       -4648.918       2095.028      -2363.210    0.000   0.000   0.000   0.
  2017 352 18 56  9 493 352.788998773       2.92      0.72     -0.25  0.       -4647.553       2092.869      -2364.690    0.000   0.000   0.000   0.
  2017 352 18 56 10 493 352.789010347       3.02      0.51     -0.26  0.       -4646.187       2090.709      -2366.169    0.000   0.000   0.000   0.
  2017 352 18 56 11 493 352.789021921       3.04      0.48     -0.29  0.       -4644.820       2088.550      -2367.648    0.000   0.000   0.000   0.
  2017 352 18 56 12 494 352.789033495       2.99      0.49     -0.37  0.       -4643.452       2086.389      -2369.127    0.000   0.000   0.000   0.
  2017 352 18 56 13 494 352.789045069       2.90      0.49     -0.43  0.       -4642.083       2084.228      -2370.605    0.000   0.000   0.000   0.
  2017 352 18 56 14 493 352.789056644       2.89      0.51     -0.41  0.       -4640.713       2082.067      -2372.082    0.000   0.000   0.000   0.
  2017 352 18 56 15 493 352.789068218       3.01      0.52     -0.43  0.       -4639.341       2079.904      -2373.559    0.000   0.000   0.000   0.
  2017 352 18 56 16 494 352.789079792       3.09      0.58     -0.49  0.       -4637.969       2077.742      -2375.035    0.000   0.000   0.000   0.
  2017 352 18 56 17 494 352.789091366       3.16      0.52     -0.67  0.       -4636.595       2075.579      -2376.511    0.000   0.000   0.000   0.
  2017 352 18 56 18 494 352.789102940       3.15      0.51     -0.81  0.       -4635.220       2073.415      -2377.986    0.000   0.000   0.000   0.
  2017 352 18 56 19 494 352.789114514       3.14      0.45     -0.87  0.       -4633.844       2071.251      -2379.460    0.000   0.000   0.000   0.
  2017 352 18 56 20 494 352.789126088       3.14      0.43     -0.93  0.       -4632.467       2069.087      -2380.934    0.000   0.000   0.000   0.
  2017 352 18 56 21 493 352.789137662       3.22      0.41     -0.95  0.       -4631.089       2066.922      -2382.407    0.000   0.000   0.000   0.
  2017 352 18 56 22 493 352.789149236       3.22      0.41     -0.91  0.       -4629.709       2064.756      -2383.880    0.000   0.000   0.000   0.
  2017 352 18 56 23 493 352.789160810       3.28      0.39     -0.85  0.       -4628.329       2062.590      -2385.352    0.000   0.000   0.000   0.
  2017 352 18 56 24 493 352.789172384       3.32      0.40     -0.86  0.       -4626.947       2060.424      -2386.823    0.000   0.000   0.000   0.
  2017 352 18 56 25 493 352.789183958       3.39      0.41     -0.85  0.       -4625.565       2058.257      -2388.294    0.000   0.000   0.000   0.
  2017 352 18 56 26 494 352.789195532       3.44      0.41     -0.89  0.       -4624.181       2056.089      -2389.765    0.000   0.000   0.000   0.
  2017 352 18 56 27 494 352.789207106       3.45      0.45     -0.84  0.       -4622.796       2053.921      -2391.235    0.000   0.000   0.000   0.
  2017 352 18 56 28 493 352.789218681       3.39      0.46     -0.79  0.       -4621.410       2051.753      -2392.704    0.000   0.000   0.000   0.
  2017 352 18 56 29 493 352.789230255       3.43      0.48     -0.65  0.       -4620.022       2049.584      -2394.172    0.000   0.000   0.000   0.
  2017 352 18 56 30 494 352.789241829       3.49      0.39     -0.63  0.       -4618.634       2047.414      -2395.640    0.000   0.000   0.000   0.
  2017 352 18 56 31 494 352.789253403       3.47      0.37     -0.57  0.       -4617.244       2045.244      -2397.108    0.000   0.000   0.000   0.
  2017 352 18 56 32 494 352.789264977       3.44      0.36     -0.50  0.       -4615.854       2043.073      -2398.575    0.000   0.000   0.000   0.
  2017 352 18 56 33 494 352.789276551       3.33      0.44     -0.70  0.       -4614.462       2040.902      -2400.041    0.000   0.000   0.000   0.
  2017 352 18 56 34 493 352.789288125       3.23      0.49     -0.89  0.       -4613.069       2038.731      -2401.506    0.000   0.000   0.000   0.
  2017 352 18 56 35 493 352.789299699       3.34      0.44     -1.12  0.       -4611.675       2036.559      -2402.972    0.000   0.000   0.000   0.
  2017 352 18 56 36 493 352.789311273       3.37      0.36     -1.18  0.       -4610.280       2034.386      -2404.436    0.000   0.000   0.000   0.
  2017 352 18 56 37 493 352.789322846       3.34      0.23     -1.18  0.       -4608.884       2032.213      -2405.900    0.000   0.000   0.000   0.
  2017 352 18 56 38 493 352.789334418       3.35      0.12     -1.18  0.       -4607.486       2030.039      -2407.363    0.000   0.000   0.000   0.
  2017 352 18 56 39 493 352.789345992       3.31      0.03     -1.20  0.       -4606.088       2027.865      -2408.826    0.000   0.000   0.000   0.
  2017 352 18 56 40 493 352.789357567       3.27      0.01     -1.23  0.       -4604.688       2025.691      -2410.288    0.000   0.000   0.000   0.
  2017 352 18 56 41 493 352.789369141       3.19     -0.04     -1.28  0.       -4603.287       2023.516      -2411.749    0.000   0.000   0.000   0.
  2017 352 18 56 42 493 352.789380715       3.13     -0.03     -1.32  0.       -4601.885       2021.340      -2413.210    0.000   0.000   0.000   0.
  2017 352 18 56 43 493 352.789392289       3.01     -0.09     -1.38  0.       -4600.482       2019.164      -2414.671    0.000   0.000   0.000   0.
  2017 352 18 56 44 493 352.789403863       2.96     -0.04     -1.44  0.       -4599.078       2016.988      -2416.131    0.000   0.000   0.000   0.
  2017 352 18 56 45 493 352.789415437       2.93     -0.05     -1.44  0.       -4597.673       2014.811      -2417.590    0.000   0.000   0.000   0.
  2017 352 18 56 46 493 352.789427011       2.89     -0.06     -1.43  0.       -4596.266       2012.633      -2419.048    0.000   0.000   0.000   0.
  2017 352 18 56 47 493 352.789438585       2.84     -0.06     -1.34  0.       -4594.859       2010.455      -2420.506    0.000   0.000   0.000   0.
  2017 352 18 56 48 493 352.789450159       2.78     -0.06     -1.33  0.       -4593.450       2008.276      -2421.963    0.000   0.000   0.000   0.
  2017 352 18 56 49 493 352.789461733       2.63     -0.12     -1.31  0.       -4592.040       2006.097      -2423.420    0.000   0.000   0.000   0.
  2017 352 18 56 50 493 352.789473307       2.60     -0.18     -1.32  0.       -4590.629       2003.918      -2424.876    0.000   0.000   0.000   0.
  2017 352 18 56 51 493 352.789484881       2.52     -0.14     -1.26  0.       -4589.217       2001.738      -2426.332    0.000   0.000   0.000   0.
  2017 352 18 56 52 493 352.789496455       2.56     -0.16     -1.23  0.       -4587.803       1999.557      -2427.787    0.000   0.000   0.000   0.
  2017 352 18 56 53 493 352.789508030       2.69     -0.17     -1.32  0.       -4586.389       1997.376      -2429.241    0.000   0.000   0.000   0.
  2017 352 18 56 54 493 352.789519604       2.67     -0.12     -1.49  0.       -4584.973       1995.195      -2430.695    0.000   0.000   0.000   0.
  2017 352 18 56 55 493 352.789531178       2.60     -0.06     -1.49  0.       -4583.556       1993.013      -2432.148    0.000   0.000   0.000   0.
  2017 352 18 56 56 493 352.789542752       2.58     -0.13     -1.43  0.       -4582.138       1990.830      -2433.600    0.000   0.000   0.000   0.
  2017 352 18 56 57 493 352.789554326       2.55     -0.18     -1.40  0.       -4580.719       1988.647      -2435.052    0.000   0.000   0.000   0.
  2017 352 18 56 58 493 352.789565900       2.55     -0.20     -1.24  0.       -4579.299       1986.464      -2436.503    0.000   0.000   0.000   0.
  2017 352 18 56 59 493 352.789577474       2.53     -0.23     -1.22  0.       -4577.878       1984.280      -2437.954    0.000   0.000   0.000   0.
  2017 352 18 57  0 493 352.789589048       2.44     -0.22     -1.26  0.       -4576.456       1982.095      -2439.404    0.000   0.000   0.000   0.
  2017 352 18 57  1 493 352.789600622       2.35     -0.23     -1.30  0.       -4575.032       1979.910      -2440.853    0.000   0.000   0.000   0.
  2017 352 18 57  2 493 352.789612196       2.35     -0.21     -1.38  0.       -4573.607       1977.725      -2442.302    0.000   0.000   0.000   0.
  2017 352 18 57  3 493 352.789623770       2.42     -0.23     -1.36  0.       -4572.181       1975.539      -2443.751    0.000   0.000   0.000   0.
  2017 352 18 57  4 493 352.789635344       2.39     -0.32     -1.41  0.       -4570.754       1973.352      -2445.198    0.000   0.000   0.000   0.
  2017 352 18 57  5 493 352.789646918       2.36     -0.41     -1.49  0.       -4569.326       1971.165      -2446.645    0.000   0.000   0.000   0.
  2017 352 18 57  6 493 352.789658490       2.28     -0.45     -1.53  0.       -4567.897       1968.978      -2448.091    0.000   0.000   0.000   0.
  2017 352 18 57  7 493 352.789670064       2.17     -0.52     -1.57  0.       -4566.466       1966.790      -2449.537    0.000   0.000   0.000   0.
  2017 352 18 57  8 493 352.789681638       2.06     -0.53     -1.58  0.       -4565.035       1964.601      -2450.982    0.000   0.000   0.000   0.
  2017 352 18 57  9 493 352.789693212       2.00     -0.48     -1.53  0.       -4563.602       1962.412      -2452.427    0.000   0.000   0.000   0.
  2017 352 18 57 10 493 352.789704786       1.94     -0.48     -1.57  0.       -4562.168       1960.223      -2453.871    0.000   0.000   0.000   0.
  2017 352 18 57 11 493 352.789716360       1.93     -0.47     -1.59  0.       -4560.733       1958.033      -2455.314    0.000   0.000   0.000   0.
  2017 352 18 57 12 493 352.789727934       1.91     -0.42     -1.62  0.       -4559.297       1955.842      -2456.757    0.000   0.000   0.000   0.
  2017 352 18 57 13 493 352.789739508       1.85     -0.37     -1.61  0.       -4557.859       1953.652      -2458.199    0.000   0.000   0.000   0.
  2017 352 18 57 14 493 352.789751082       1.83     -0.39     -1.67  0.       -4556.421       1951.460      -2459.640    0.000   0.000   0.000   0.
  2017 352 18 57 15 493 352.789762656       1.81     -0.38     -1.68  0.       -4554.981       1949.268      -2461.081    0.000   0.000   0.000   0.
  2017 352 18 57 16 493 352.789774230       1.82     -0.41     -1.69  0.       -4553.540       1947.076      -2462.521    0.000   0.000   0.000   0.
  2017 352 18 57 17 493 352.789785804       1.75     -0.43     -1.76  0.       -4552.098       1944.883      -2463.960    0.000   0.000   0.000   0.
  2017 352 18 57 18 493 352.789797379       1.72     -0.47     -1.81  0.       -4550.655       1942.689      -2465.400    0.000   0.000   0.000   0.
  2017 352 18 57 19 493 352.789808952       1.67     -0.48     -1.83  0.       -4549.211       1940.496      -2466.838    0.000   0.000   0.000   0.
  2017 352 18 57 20 493 352.789820527       1.68     -0.52     -1.87  0.       -4547.766       1938.301      -2468.276    0.000   0.000   0.000   0.
  2017 352 18 57 21 493 352.789832101       1.60     -0.52     -1.92  0.       -4546.319       1936.106      -2469.713    0.000   0.000   0.000   0.
  2017 352 18 57 22 493 352.789843675       1.54     -0.53     -1.95  0.       -4544.871       1933.911      -2471.149    0.000   0.000   0.000   0.
  2017 352 18 57 23 493 352.789855249       1.48     -0.56     -2.04  0.       -4543.422       1931.715      -2472.585    0.000   0.000   0.000   0.
  2017 352 18 57 24 493 352.789866823       1.48     -0.54     -2.05  0.       -4541.973       1929.519      -2474.020    0.000   0.000   0.000   0.
  2017 352 18 57 25 493 352.789878397       1.45     -0.56     -2.06  0.       -4540.521       1927.322      -2475.454    0.000   0.000   0.000   0.
  2017 352 18 57 26 493 352.789889971       1.41     -0.59     -2.10  0.       -4539.069       1925.125      -2476.888    0.000   0.000   0.000   0.
  2017 352 18 57 27 493 352.789901545       1.42     -0.59     -2.17  0.       -4537.615       1922.927      -2478.322    0.000   0.000   0.000   0.
  2017 352 18 57 28 493 352.789913119       1.33     -0.60     -2.17  0.       -4536.161       1920.728      -2479.754    0.000   0.000   0.000   0.
  2017 352 18 57 29 493 352.789924693       1.26     -0.65     -2.21  0.       -4534.705       1918.530      -2481.186    0.000   0.000   0.000   0.
  2017 352 18 57 30 493 352.789936267       1.16     -0.63     -2.27  0.       -4533.248       1916.330      -2482.618    0.000   0.000   0.000   0.
  2017 352 18 57 31 493 352.789947841       1.11     -0.66     -2.26  0.       -4531.790       1914.131      -2484.048    0.000   0.000   0.000   0.
  2017 352 18 57 32 493 352.789959415       1.08     -0.69     -2.30  0.       -4530.331       1911.930      -2485.478    0.000   0.000   0.000   0.
  2017 352 18 57 33 493 352.789970990       1.05     -0.66     -2.31  0.       -4528.870       1909.730      -2486.908    0.000   0.000   0.000   0.
  2017 352 18 57 34 493 352.789982564       0.97     -0.73     -2.32  0.       -4527.409       1907.528      -2488.337    0.000   0.000   0.000   0.
  2017 352 18 57 35 493 352.789994138       0.89     -0.74     -2.38  0.       -4525.946       1905.327      -2489.765    0.000   0.000   0.000   0.
  2017 352 18 57 36 493 352.790005712       0.87     -0.79     -2.43  0.       -4524.482       1903.124      -2491.192    0.000   0.000   0.000   0.
  2017 352 18 57 37 493 352.790017285       0.80     -0.83     -2.43  0.       -4523.017       1900.922      -2492.619    0.000   0.000   0.000   0.
  2017 352 18 57 38 493 352.790028857       0.86     -0.81     -2.43  0.       -4521.551       1898.718      -2494.046    0.000   0.000   0.000   0.
  2017 352 18 57 39 493 352.790040431       0.80     -0.82     -2.45  0.       -4520.083       1896.515      -2495.471    0.000   0.000   0.000   0.
  2017 352 18 57 40 493 352.790052005       0.79     -0.85     -2.47  0.       -4518.615       1894.311      -2496.896    0.000   0.000   0.000   0.
  2017 352 18 57 41 493 352.790063579       0.69     -0.88     -2.56  0.       -4517.145       1892.106      -2498.321    0.000   0.000   0.000   0.
  2017 352 18 57 42 493 352.790075153       0.54     -0.92     -2.59  0.       -4515.674       1889.901      -2499.744    0.000   0.000   0.000   0.
  2017 352 18 57 43 493 352.790086727       0.43     -0.96     -2.56  0.       -4514.202       1887.695      -2501.167    0.000   0.000   0.000   0.
  2017 352 18 57 44 493 352.790098302       0.44     -0.97     -2.53  0.       -4512.729       1885.489      -2502.590    0.000   0.000   0.000   0.
  2017 352 18 57 45 493 352.790109876       0.35     -1.04     -2.52  0.       -4511.255       1883.282      -2504.011    0.000   0.000   0.000   0.
  2017 352 18 57 46 493 352.790121450       0.21     -1.07     -2.53  0.       -4509.779       1881.076      -2505.432    0.000   0.000   0.000   0.
  2017 352 18 57 47 493 352.790133024       0.12     -1.09     -2.48  0.       -4508.303       1878.868      -2506.853    0.000   0.000   0.000   0.
  2017 352 18 57 48 493 352.790144598      -0.02     -1.07     -2.43  0.       -4506.825       1876.659      -2508.273    0.000   0.000   0.000   0.
  2017 352 18 57 49 493 352.790156172      -0.06     -1.05     -2.36  0.       -4505.346       1874.451      -2509.692    0.000   0.000   0.000   0.
  2017 352 18 57 50 493 352.790167746      -0.03     -1.00     -2.32  0.       -4503.865       1872.242      -2511.110    0.000   0.000   0.000   0.
  2017 352 18 57 51 493 352.790179320      -0.06     -1.01     -2.34  0.       -4502.384       1870.033      -2512.528    0.000   0.000   0.000   0.
  2017 352 18 57 52 493 352.790190894      -0.05     -1.03     -2.33  0.       -4500.902       1867.823      -2513.945    0.000   0.000   0.000   0.
  2017 352 18 57 53 493 352.790202468      -0.08     -1.03     -2.32  0.       -4499.418       1865.612      -2515.362    0.000   0.000   0.000   0.
  2017 352 18 57 54 493 352.790214042      -0.13     -1.02     -2.28  0.       -4497.933       1863.401      -2516.778    0.000   0.000   0.000   0.
  2017 352 18 57 55 493 352.790225616      -0.11     -1.06     -2.26  0.       -4496.447       1861.190      -2518.193    0.000   0.000   0.000   0.
  2017 352 18 57 56 493 352.790237190      -0.13     -1.09     -2.28  0.       -4494.960       1858.978      -2519.608    0.000   0.000   0.000   0.
  2017 352 18 57 57 493 352.790248764      -0.14     -1.08     -2.24  0.       -4493.472       1856.765      -2521.021    0.000   0.000   0.000   0.
  2017 352 18 57 58 493 352.790260339      -0.18     -1.13     -2.21  0.       -4491.982       1854.552      -2522.435    0.000   0.000   0.000   0.
  2017 352 18 57 59 493 352.790271913      -0.18     -1.15     -2.15  0.       -4490.491       1852.339      -2523.847    0.000   0.000   0.000   0.
  2017 352 18 58  0 493 352.790283487      -0.21     -1.13     -2.18  0.       -4488.999       1850.125      -2525.259    0.000   0.000   0.000   0.
  2017 352 18 58  1 493 352.790295061      -0.25     -1.10     -2.18  0.       -4487.506       1847.911      -2526.671    0.000   0.000   0.000   0.
  2017 352 18 58  2 493 352.790306635      -0.31     -1.08     -2.20  0.       -4486.012       1845.696      -2528.081    0.000   0.000   0.000   0.
  2017 352 18 58  3 493 352.790318209      -0.31     -1.08     -2.16  0.       -4484.517       1843.481      -2529.491    0.000   0.000   0.000   0.
  2017 352 18 58  4 493 352.790329783      -0.37     -1.06     -2.18  0.       -4483.020       1841.265      -2530.900    0.000   0.000   0.000   0.
  2017 352 18 58  5 493 352.790341357      -0.39     -1.02     -2.17  0.       -4481.523       1839.048      -2532.309    0.000   0.000   0.000   0.
  2017 352 18 58  6 493 352.790352931      -0.38     -1.07     -2.10  0.       -4480.024       1836.832      -2533.717    0.000   0.000   0.000   0.
  2017 352 18 58  7 492 352.790364504      -0.41     -1.06     -2.07  0.       -4478.524       1834.614      -2535.124    0.000   0.000   0.000   0.
  2017 352 18 58  8 493 352.790376076      -0.50     -1.11     -2.08  0.       -4477.022       1832.397      -2536.531    0.000   0.000   0.000   0.
  2017 352 18 58  9 493 352.790387650      -0.60     -1.12     -2.08  0.       -4475.520       1830.179      -2537.937    0.000   0.000   0.000   0.
  2017 352 18 58 10 492 352.790399225      -0.66     -1.11     -2.06  0.       -4474.016       1827.960      -2539.342    0.000   0.000   0.000   0.
  2017 352 18 58 11 492 352.790410799      -0.74     -1.08     -2.11  0.       -4472.512       1825.741      -2540.747    0.000   0.000   0.000   0.
  2017 352 18 58 12 493 352.790422373      -0.80     -1.13     -2.13  0.       -4471.006       1823.521      -2542.151    0.000   0.000   0.000   0.
  2017 352 18 58 13 493 352.790433947      -0.88     -1.15     -2.11  0.       -4469.499       1821.301      -2543.554    0.000   0.000   0.000   0.
  2017 352 18 58 14 493 352.790445521      -0.88     -1.12     -2.09  0.       -4467.990       1819.080      -2544.957    0.000   0.000   0.000   0.
  2017 352 18 58 15 493 352.790457095      -0.94     -1.11     -2.11  0.       -4466.481       1816.859      -2546.359    0.000   0.000   0.000   0.
  2017 352 18 58 16 493 352.790468669      -0.94     -1.07     -2.08  0.       -4464.970       1814.638      -2547.760    0.000   0.000   0.000   0.
  2017 352 18 58 17 492 352.790480243      -0.92     -1.06     -2.08  0.       -4463.458       1812.415      -2549.160    0.000   0.000   0.000   0.
  2017 352 18 58 18 492 352.790491817      -0.91     -1.01     -2.02  0.       -4461.945       1810.193      -2550.560    0.000   0.000   0.000   0.
  2017 352 18 58 19 492 352.790503391      -0.93     -1.00     -2.05  0.       -4460.431       1807.970      -2551.960    0.000   0.000   0.000   0.
  2017 352 18 58 20 492 352.790514965      -1.04     -0.96     -2.06  0.       -4458.916       1805.746      -2553.358    0.000   0.000   0.000   0.
  2017 352 18 58 21 492 352.790526539      -1.09     -1.00     -2.10  0.       -4457.399       1803.522      -2554.756    0.000   0.000   0.000   0.
  2017 352 18 58 22 493 352.790538113      -1.16     -0.98     -2.06  0.       -4455.882       1801.298      -2556.153    0.000   0.000   0.000   0.
  2017 352 18 58 23 493 352.790549688      -1.16     -0.99     -2.07  0.       -4454.363       1799.073      -2557.550    0.000   0.000   0.000   0.
  2017 352 18 58 24 492 352.790561262      -1.14     -0.97     -2.09  0.       -4452.843       1796.848      -2558.946    0.000   0.000   0.000   0.
  2017 352 18 58 25 492 352.790572836      -1.18     -1.01     -2.11  0.       -4451.321       1794.622      -2560.341    0.000   0.000   0.000   0.
  2017 352 18 58 26 493 352.790584410      -1.20     -1.03     -2.10  0.       -4449.799       1792.396      -2561.735    0.000   0.000   0.000   0.
  2017 352 18 58 27 493 352.790595984      -1.29     -1.07     -2.11  0.       -4448.275       1790.169      -2563.129    0.000   0.000   0.000   0.
  2017 352 18 58 28 493 352.790607558      -1.35     -1.07     -2.11  0.       -4446.751       1787.941      -2564.522    0.000   0.000   0.000   0.
  2017 352 18 58 29 493 352.790619132      -1.41     -1.08     -2.05  0.       -4445.225       1785.714      -2565.915    0.000   0.000   0.000   0.
  2017 352 18 58 30 492 352.790630706      -1.34     -1.08     -2.07  0.       -4443.697       1783.485      -2567.307    0.000   0.000   0.000   0.
  2017 352 18 58 31 492 352.790642280      -1.42     -1.06     -2.06  0.       -4442.169       1781.257      -2568.698    0.000   0.000   0.000   0.
  2017 352 18 58 32 492 352.790653854      -1.42     -1.08     -2.03  0.       -4440.639       1779.027      -2570.088    0.000   0.000   0.000   0.
  2017 352 18 58 33 492 352.790665428      -1.36     -1.07     -1.95  0.       -4439.109       1776.798      -2571.478    0.000   0.000   0.000   0.
  2017 352 18 58 34 492 352.790677002      -1.46     -1.09     -1.97  0.       -4437.577       1774.568      -2572.867    0.000   0.000   0.000   0.
  2017 352 18 58 35 493 352.790688576      -1.52     -1.12     -1.91  0.       -4436.044       1772.337      -2574.255    0.000   0.000   0.000   0.
  2017 352 18 58 36 493 352.790700150      -1.58     -1.15     -1.92  0.       -4434.509       1770.106      -2575.643    0.000   0.000   0.000   0.
  2017 352 18 58 37 492 352.790711724      -1.63     -1.15     -1.94  0.       -4432.974       1767.874      -2577.030    0.000   0.000   0.000   0.
  2017 352 18 58 38 492 352.790723296      -1.60     -1.19     -1.86  0.       -4431.437       1765.642      -2578.416    0.000   0.000   0.000   0.
  2017 352 18 58 39 492 352.790734870      -1.70     -1.26     -1.83  0.       -4429.899       1763.410      -2579.801    0.000   0.000   0.000   0.
  2017 352 18 58 40 492 352.790746444      -1.79     -1.27     -1.83  0.       -4428.360       1761.177      -2581.186    0.000   0.000   0.000   0.
  2017 352 18 58 41 492 352.790758018      -1.84     -1.28     -1.77  0.       -4426.820       1758.943      -2582.570    0.000   0.000   0.000   0.
  2017 352 18 58 42 492 352.790769592      -1.80     -1.27     -1.77  0.       -4425.279       1756.709      -2583.954    0.000   0.000   0.000   0.
  2017 352 18 58 43 492 352.790781166      -1.94     -1.29     -1.78  0.       -4423.736       1754.475      -2585.337    0.000   0.000   0.000   0.
  2017 352 18 58 44 492 352.790792740      -1.94     -1.27     -1.68  0.       -4422.192       1752.240      -2586.719    0.000   0.000   0.000   0.
  2017 352 18 58 45 492 352.790804314      -1.92     -1.27     -1.65  0.       -4420.647       1750.004      -2588.100    0.000   0.000   0.000   0.
  2017 352 18 58 46 492 352.790815888      -1.95     -1.30     -1.63  0.       -4419.101       1747.769      -2589.481    0.000   0.000   0.000   0.
  2017 352 18 58 47 492 352.790827462      -2.05     -1.32     -1.64  0.       -4417.554       1745.532      -2590.861    0.000   0.000   0.000   0.
  2017 352 18 58 48 492 352.790839036      -2.01     -1.34     -1.66  0.       -4416.005       1743.296      -2592.240    0.000   0.000   0.000   0.
  2017 352 18 58 49 492 352.790850611      -1.93     -1.31     -1.68  0.       -4414.456       1741.058      -2593.619    0.000   0.000   0.000   0.
  2017 352 18 58 50 492 352.790862185      -1.98     -1.31     -1.67  0.       -4412.904       1738.821      -2594.997    0.000   0.000   0.000   0.
  2017 352 18 58 51 492 352.790873759      -1.97     -1.28     -1.73  0.       -4411.352       1736.582      -2596.374    0.000   0.000   0.000   0.
  2017 352 18 58 52 492 352.790885333      -1.91     -1.30     -1.76  0.       -4409.799       1734.344      -2597.751    0.000   0.000   0.000   0.
  2017 352 18 58 53 492 352.790896907      -1.89     -1.33     -1.77  0.       -4408.245       1732.105      -2599.126    0.000   0.000   0.000   0.
  2017 352 18 58 54 492 352.790908481      -1.91     -1.37     -1.72  0.       -4406.689       1729.865      -2600.501    0.000   0.000   0.000   0.
  2017 352 18 58 55 492 352.790920055      -2.01     -1.40     -1.78  0.       -4405.132       1727.625      -2601.875    0.000   0.000   0.000   0.
  2017 352 18 58 56 492 352.790931629      -2.09     -1.42     -1.81  0.       -4403.574       1725.384      -2603.249    0.000   0.000   0.000   0.
  2017 352 18 58 57 492 352.790943203      -2.09     -1.49     -1.79  0.       -4402.015       1723.143      -2604.622    0.000   0.000   0.000   0.
  2017 352 18 58 58 492 352.790954777      -2.12     -1.50     -1.78  0.       -4400.454       1720.902      -2605.994    0.000   0.000   0.000   0.
  2017 352 18 58 59 492 352.790966351      -2.24     -1.53     -1.79  0.       -4398.892       1718.660      -2607.366    0.000   0.000   0.000   0.
  2017 352 18 59  0 492 352.790977925      -2.32     -1.52     -1.82  0.       -4397.329       1716.417      -2608.736    0.000   0.000   0.000   0.
  2017 352 18 59  1 492 352.790989499      -2.35     -1.50     -1.84  0.       -4395.765       1714.175      -2610.106    0.000   0.000   0.000   0.
  2017 352 18 59  2 492 352.791001073      -2.32     -1.47     -1.87  0.       -4394.200       1711.931      -2611.476    0.000   0.000   0.000   0.
  2017 352 18 59  3 492 352.791012648      -2.40     -1.45     -1.87  0.       -4392.633       1709.687      -2612.844    0.000   0.000   0.000   0.
  2017 352 18 59  4 492 352.791024222      -2.49     -1.48     -1.88  0.       -4391.066       1707.443      -2614.212    0.000   0.000   0.000   0.
  2017 352 18 59  5 492 352.791035795      -2.51     -1.46     -1.85  0.       -4389.497       1705.198      -2615.580    0.000   0.000   0.000   0.
  2017 352 18 59  6 492 352.791047367      -2.52     -1.44     -1.85  0.       -4387.927       1702.953      -2616.946    0.000   0.000   0.000   0.
  2017 352 18 59  7 492 352.791058941      -2.58     -1.48     -1.83  0.       -4386.356       1700.707      -2618.312    0.000   0.000   0.000   0.
  2017 352 18 59  8 492 352.791070515      -2.64     -1.49     -1.85  0.       -4384.783       1698.461      -2619.677    0.000   0.000   0.000   0.
  2017 352 18 59  9 492 352.791082089      -2.72     -1.48     -1.82  0.       -4383.209       1696.215      -2621.041    0.000   0.000   0.000   0.
  2017 352 18 59 10 492 352.791093663      -2.68     -1.46     -1.78  0.       -4381.634       1693.968      -2622.405    0.000   0.000   0.000   0.
  2017 352 18 59 11 492 352.791105237      -2.64     -1.43     -1.85  0.       -4380.058       1691.720      -2623.768    0.000   0.000   0.000   0.
  2017 352 18 59 12 492 352.791116811      -2.65     -1.43     -1.97  0.       -4378.481       1689.472      -2625.130    0.000   0.000   0.000   0.
  2017 352 18 59 13 492 352.791128385      -2.65     -1.45     -2.04  0.       -4376.903       1687.223      -2626.491    0.000   0.000   0.000   0.
  2017 352 18 59 14 492 352.791139960      -2.63     -1.47     -2.10  0.       -4375.323       1684.975      -2627.852    0.000   0.000   0.000   0.
  2017 352 18 59 15 492 352.791151534      -2.66     -1.50     -2.12  0.       -4373.742       1682.725      -2629.212    0.000   0.000   0.000   0.
  2017 352 18 59 16 492 352.791163108      -2.68     -1.52     -2.13  0.       -4372.160       1680.475      -2630.572    0.000   0.000   0.000   0.
  2017 352 18 59 17 492 352.791174682      -2.65     -1.56     -2.11  0.       -4370.577       1678.225      -2631.930    0.000   0.000   0.000   0.
  2017 352 18 59 18 492 352.791186256      -2.69     -1.58     -2.11  0.       -4368.992       1675.974      -2633.288    0.000   0.000   0.000   0.
  2017 352 18 59 19 492 352.791197830      -2.65     -1.59     -2.07  0.       -4367.406       1673.723      -2634.645    0.000   0.000   0.000   0.
  2017 352 18 59 20 492 352.791209404      -2.58     -1.55     -2.06  0.       -4365.819       1671.471      -2636.001    0.000   0.000   0.000   0.
  2017 352 18 59 21 492 352.791220978      -2.63     -1.59     -2.06  0.       -4364.231       1669.219      -2637.357    0.000   0.000   0.000   0.
  2017 352 18 59 22 492 352.791232552      -2.55     -1.58     -2.02  0.       -4362.642       1666.966      -2638.712    0.000   0.000   0.000   0.
  2017 352 18 59 23 492 352.791244126      -2.62     -1.64     -2.00  0.       -4361.051       1664.713      -2640.066    0.000   0.000   0.000   0.
  2017 352 18 59 24 492 352.791255700      -2.71     -1.67     -2.01  0.       -4359.459       1662.460      -2641.420    0.000   0.000   0.000   0.
  2017 352 18 59 25 492 352.791267274      -2.79     -1.71     -2.02  0.       -4357.866       1660.206      -2642.772    0.000   0.000   0.000   0.
  2017 352 18 59 26 492 352.791278848      -2.78     -1.72     -1.98  0.       -4356.272       1657.951      -2644.124    0.000   0.000   0.000   0.
  2017 352 18 59 27 492 352.791290422      -2.80     -1.73     -1.99  0.       -4354.677       1655.696      -2645.475    0.000   0.000   0.000   0.
  2017 352 18 59 28 492 352.791301997      -2.76     -1.73     -1.95  0.       -4353.080       1653.441      -2646.826    0.000   0.000   0.000   0.
  2017 352 18 59 29 492 352.791313571      -2.74     -1.78     -1.96  0.       -4351.482       1651.185      -2648.176    0.000   0.000   0.000   0.
  2017 352 18 59 30 492 352.791325145      -2.77     -1.79     -1.93  0.       -4349.883       1648.928      -2649.525    0.000   0.000   0.000   0.
  2017 352 18 59 31 492 352.791336719      -2.79     -1.80     -1.97  0.       -4348.283       1646.672      -2650.873    0.000   0.000   0.000   0.
  2017 352 18 59 32 492 352.791348293      -2.84     -1.81     -1.98  0.       -4346.682       1644.414      -2652.221    0.000   0.000   0.000   0.
  2017 352 18 59 33 492 352.791359867      -2.84     -1.82     -1.98  0.       -4345.079       1642.157      -2653.567    0.000   0.000   0.000   0.
  2017 352 18 59 34 492 352.791371441      -2.91     -1.85     -1.97  0.       -4343.475       1639.899      -2654.913    0.000   0.000   0.000   0.
  2017 352 18 59 35 492 352.791383014      -2.92     -1.88     -1.95  0.       -4341.870       1637.640      -2656.259    0.000   0.000   0.000   0.
  2017 352 18 59 36 492 352.791394586      -2.99     -1.90     -1.98  0.       -4340.264       1635.381      -2657.603    0.000   0.000   0.000   0.
  2017 352 18 59 37 492 352.791406160      -3.00     -1.87     -1.95  0.       -4338.656       1633.121      -2658.947    0.000   0.000   0.000   0.
  2017 352 18 59 38 492 352.791417734      -3.04     -1.87     -1.96  0.       -4337.047       1630.861      -2660.290    0.000   0.000   0.000   0.
  2017 352 18 59 39 492 352.791429308      -3.09     -1.87     -1.95  0.       -4335.437       1628.601      -2661.632    0.000   0.000   0.000   0.
  2017 352 18 59 40 492 352.791440883      -3.06     -1.85     -1.93  0.       -4333.826       1626.340      -2662.974    0.000   0.000   0.000   0.
  2017 352 18 59 41 492 352.791452457      -3.05     -1.84     -1.90  0.       -4332.214       1624.078      -2664.315    0.000   0.000   0.000   0.
  2017 352 18 59 42 492 352.791464031      -3.05     -1.86     -1.92  0.       -4330.600       1621.817      -2665.655    0.000   0.000   0.000   0.
  2017 352 18 59 43 492 352.791475605      -3.02     -1.86     -1.87  0.       -4328.985       1619.554      -2666.994    0.000   0.000   0.000   0.
  2017 352 18 59 44 492 352.791487179      -3.01     -1.85     -1.88  0.       -4327.369       1617.292      -2668.333    0.000   0.000   0.000   0.
  2017 352 18 59 45 492 352.791498753      -3.05     -1.89     -1.88  0.       -4325.752       1615.028      -2669.671    0.000   0.000   0.000   0.
  2017 352 18 59 46 492 352.791510327      -3.06     -1.90     -1.91  0.       -4324.134       1612.765      -2671.008    0.000   0.000   0.000   0.
  2017 352 18 59 47 492 352.791521901      -3.13     -1.95     -1.94  0.       -4322.514       1610.501      -2672.344    0.000   0.000   0.000   0.
  2017 352 18 59 48 492 352.791533475      -3.16     -1.97     -1.98  0.       -4320.893       1608.236      -2673.680    0.000   0.000   0.000   0.
  2017 352 18 59 49 492 352.791545049      -3.20     -1.97     -1.97  0.       -4319.271       1605.971      -2675.014    0.000   0.000   0.000   0.
  2017 352 18 59 50 492 352.791556623      -3.13     -1.98     -1.93  0.       -4317.648       1603.705      -2676.348    0.000   0.000   0.000   0.
  2017 352 18 59 51 492 352.791568197      -3.10     -2.01     -1.89  0.       -4316.023       1601.440      -2677.682    0.000   0.000   0.000   0.
  2017 352 18 59 52 492 352.791579771      -3.15     -2.03     -1.99  0.       -4314.397       1599.173      -2679.014    0.000   0.000   0.000   0.
  2017 352 18 59 53 492 352.791591345      -3.22     -2.01     -1.93  0.       -4312.770       1596.906      -2680.346    0.000   0.000   0.000   0.
  2017 352 18 59 54 492 352.791602920      -3.21     -2.03     -1.94  0.       -4311.142       1594.639      -2681.677    0.000   0.000   0.000   0.
  2017 352 18 59 55 492 352.791614494      -3.19     -1.97     -1.96  0.       -4309.513       1592.371      -2683.007    0.000   0.000   0.000   0.
  2017 352 18 59 56 492 352.791626068      -3.13     -1.95     -1.98  0.       -4307.882       1590.103      -2684.337    0.000   0.000   0.000   0.
  2017 352 18 59 57 492 352.791637642      -3.13     -1.92     -1.97  0.       -4306.250       1587.834      -2685.665    0.000   0.000   0.000   0.
  2017 352 18 59 58 492 352.791649216      -3.01     -1.91     -1.96  0.       -4304.617       1585.565      -2686.993    0.000   0.000   0.000   0.
  2017 352 18 59 59 492 352.791660790      -2.93     -1.90     -1.97  0.       -4302.983       1583.296      -2688.321    0.000   0.000   0.000   0.
  2017 352 19  0  0 492 352.791672364      -2.93     -1.94     -1.98  0.       -4301.347       1581.026      -2689.647    0.000   0.000   0.000   0.
  2017 352 19  0  1 492 352.791683938      -2.90     -1.94     -2.03  0.       -4299.710       1578.755      -2690.973    0.000   0.000   0.000   0.
  2017 352 19  0  2 492 352.791695512      -2.86     -1.92     -2.07  0.       -4298.072       1576.484      -2692.297    0.000   0.000   0.000   0.
  2017 352 19  0  3 492 352.791707086      -2.86     -1.90     -2.12  0.       -4296.433       1574.213      -2693.622    0.000   0.000   0.000   0.
  2017 352 19  0  4 492 352.791718660      -2.85     -1.89     -2.14  0.       -4294.792       1571.942      -2694.945    0.000   0.000   0.000   0.
  2017 352 19  0  5 492 352.791730234      -2.78     -1.93     -2.16  0.       -4293.151       1569.669      -2696.268    0.000   0.000   0.000   0.
  2017 352 19  0  6 491 352.791741806      -2.79     -1.93     -2.16  0.       -4291.508       1567.396      -2697.589    0.000   0.000   0.000   0.
  2017 352 19  0  7 491 352.791753380      -2.70     -1.99     -2.16  0.       -4289.864       1565.123      -2698.910    0.000   0.000   0.000   0.
  2017 352 19  0  8 492 352.791764954      -2.72     -2.00     -2.15  0.       -4288.218       1562.850      -2700.231    0.000   0.000   0.000   0.
  2017 352 19  0  9 492 352.791776528      -2.81     -2.02     -2.21  0.       -4286.572       1560.575      -2701.550    0.000   0.000   0.000   0.
  2017 352 19  0 10 492 352.791788102      -2.82     -2.05     -2.17  0.       -4284.924       1558.301      -2702.869    0.000   0.000   0.000   0.
  2017 352 19  0 11 492 352.791799676      -2.86     -2.06     -2.18  0.       -4283.275       1556.026      -2704.187    0.000   0.000   0.000   0.
  2017 352 19  0 12 492 352.791811250      -2.91     -2.06     -2.20  0.       -4281.624       1553.751      -2705.504    0.000   0.000   0.000   0.
  2017 352 19  0 13 491 352.791822824      -2.90     -2.09     -2.21  0.       -4279.973       1551.475      -2706.820    0.000   0.000   0.000   0.
  2017 352 19  0 14 491 352.791834398      -2.87     -2.07     -2.22  0.       -4278.320       1549.199      -2708.136    0.000   0.000   0.000   0.
  2017 352 19  0 15 491 352.791845972      -2.87     -2.08     -2.26  0.       -4276.666       1546.922      -2709.451    0.000   0.000   0.000   0.
  2017 352 19  0 16 491 352.791857546      -2.87     -2.05     -2.27  0.       -4275.011       1544.645      -2710.764    0.000   0.000   0.000   0.
  2017 352 19  0 17 492 352.791869120      -2.89     -2.05     -2.31  0.       -4273.354       1542.367      -2712.078    0.000   0.000   0.000   0.
  2017 352 19  0 18 492 352.791880694      -2.89     -2.03     -2.30  0.       -4271.697       1540.089      -2713.390    0.000   0.000   0.000   0.
  2017 352 19  0 19 491 352.791892269      -2.88     -2.05     -2.31  0.       -4270.038       1537.810      -2714.702    0.000   0.000   0.000   0.
  2017 352 19  0 20 491 352.791903843      -2.97     -2.05     -2.37  0.       -4268.378       1535.531      -2716.013    0.000   0.000   0.000   0.
  2017 352 19  0 21 492 352.791915417      -2.94     -2.06     -2.36  0.       -4266.716       1533.252      -2717.323    0.000   0.000   0.000   0.
  2017 352 19  0 22 492 352.791926991      -2.99     -2.06     -2.36  0.       -4265.054       1530.972      -2718.632    0.000   0.000   0.000   0.
  2017 352 19  0 23 492 352.791938565      -2.98     -2.08     -2.36  0.       -4263.390       1528.692      -2719.941    0.000   0.000   0.000   0.
  2017 352 19  0 24 492 352.791950139      -2.96     -2.07     -2.35  0.       -4261.725       1526.411      -2721.248    0.000   0.000   0.000   0.
  2017 352 19  0 25 492 352.791961713      -2.92     -2.04     -2.35  0.       -4260.058       1524.130      -2722.555    0.000   0.000   0.000   0.
  2017 352 19  0 26 491 352.791973287      -2.94     -2.02     -2.35  0.       -4258.391       1521.848      -2723.861    0.000   0.000   0.000   0.
  2017 352 19  0 27 491 352.791984861      -2.91     -2.01     -2.38  0.       -4256.722       1519.566      -2725.167    0.000   0.000   0.000   0.
  2017 352 19  0 28 491 352.791996435      -2.93     -1.98     -2.40  0.       -4255.052       1517.284      -2726.471    0.000   0.000   0.000   0.
  2017 352 19  0 29 491 352.792008009      -2.94     -1.97     -2.38  0.       -4253.381       1515.001      -2727.775    0.000   0.000   0.000   0.
  2017 352 19  0 30 491 352.792019583      -2.93     -1.96     -2.37  0.       -4251.708       1512.717      -2729.078    0.000   0.000   0.000   0.
  2017 352 19  0 31 492 352.792031157      -2.93     -1.94     -2.35  0.       -4250.034       1510.434      -2730.380    0.000   0.000   0.000   0.
  2017 352 19  0 32 492 352.792042731      -2.94     -1.94     -2.29  0.       -4248.359       1508.149      -2731.682    0.000   0.000   0.000   0.
  2017 352 19  0 33 491 352.792054306      -2.91     -1.97     -2.22  0.       -4246.683       1505.865      -2732.982    0.000   0.000   0.000   0.
  2017 352 19  0 34 491 352.792065880      -2.95     -1.95     -2.27  0.       -4245.006       1503.579      -2734.282    0.000   0.000   0.000   0.
  2017 352 19  0 35 492 352.792077454      -2.94     -1.93     -2.28  0.       -4243.327       1501.294      -2735.581    0.000   0.000   0.000   0.
  2017 352 19  0 36 492 352.792089028      -2.92     -1.92     -2.25  0.       -4241.647       1499.008      -2736.879    0.000   0.000   0.000   0.
  2017 352 19  0 37 492 352.792100601      -2.88     -1.93     -2.22  0.       -4239.966       1496.721      -2738.176    0.000   0.000   0.000   0.
  2017 352 19  0 38 491 352.792112173      -2.84     -1.93     -2.20  0.       -4238.283       1494.435      -2739.473    0.000   0.000   0.000   0.
  2017 352 19  0 39 491 352.792123747      -2.78     -1.90     -2.14  0.       -4236.600       1492.147      -2740.769    0.000   0.000   0.000   0.
  2017 352 19  0 40 491 352.792135321      -2.70     -1.89     -2.17  0.       -4234.915       1489.859      -2742.063    0.000   0.000   0.000   0.
  2017 352 19  0 41 491 352.792146895      -2.67     -1.88     -2.14  0.       -4233.228       1487.571      -2743.358    0.000   0.000   0.000   0.
  2017 352 19  0 42 491 352.792158469      -2.64     -1.85     -2.16  0.       -4231.541       1485.283      -2744.651    0.000   0.000   0.000   0.
  2017 352 19  0 43 491 352.792170043      -2.68     -1.86     -2.17  0.       -4229.852       1482.993      -2745.943    0.000   0.000   0.000   0.
  2017 352 19  0 44 491 352.792181617      -2.65     -1.89     -2.21  0.       -4228.163       1480.704      -2747.235    0.000   0.000   0.000   0.
  2017 352 19  0 45 491 352.792193192      -2.73     -1.85     -2.24  0.       -4226.471       1478.414      -2748.526    0.000   0.000   0.000   0.
  2017 352 19  0 46 491 352.792204766      -2.71     -1.85     -2.25  0.       -4224.779       1476.124      -2749.816    0.000   0.000   0.000   0.
  2017 352 19  0 47 491 352.792216340      -2.63     -1.86     -2.19  0.       -4223.085       1473.833      -2751.105    0.000   0.000   0.000   0.
  2017 352 19  0 48 491 352.792227914      -2.55     -1.83     -2.12  0.       -4221.391       1471.541      -2752.394    0.000   0.000   0.000   0.
  2017 352 19  0 49 491 352.792239488      -2.46     -1.83     -2.06  0.       -4219.694       1469.250      -2753.681    0.000   0.000   0.000   0.
  2017 352 19  0 50 491 352.792251062      -2.44     -1.85     -2.10  0.       -4217.997       1466.958      -2754.968    0.000   0.000   0.000   0.
  2017 352 19  0 51 491 352.792262636      -2.47     -1.85     -2.12  0.       -4216.298       1464.665      -2756.254    0.000   0.000   0.000   0.
  2017 352 19  0 52 491 352.792274210      -2.40     -1.87     -2.06  0.       -4214.598       1462.372      -2757.539    0.000   0.000   0.000   0.
  2017 352 19  0 53 491 352.792285784      -2.35     -1.87     -2.04  0.       -4212.897       1460.078      -2758.824    0.000   0.000   0.000   0.
  2017 352 19  0 54 491 352.792297358      -2.42     -1.88     -2.08  0.       -4211.195       1457.785      -2760.107    0.000   0.000   0.000   0.
  2017 352 19  0 55 491 352.792308932      -2.48     -1.87     -2.11  0.       -4209.491       1455.490      -2761.390    0.000   0.000   0.000   0.
  2017 352 19  0 56 491 352.792320506      -2.39     -1.89     -2.05  0.       -4207.787       1453.196      -2762.672    0.000   0.000   0.000   0.
  2017 352 19  0 57 491 352.792332080      -2.40     -1.89     -2.04  0.       -4206.080       1450.900      -2763.953    0.000   0.000   0.000   0.
  2017 352 19  0 58 491 352.792343655      -2.49     -1.91     -2.09  0.       -4204.373       1448.605      -2765.233    0.000   0.000   0.000   0.
  2017 352 19  0 59 491 352.792355229      -2.48     -1.90     -2.11  0.       -4202.664       1446.309      -2766.513    0.000   0.000   0.000   0.
  2017 352 19  1  0 491 352.792366803      -2.47     -1.92     -2.11  0.       -4200.955       1444.012      -2767.792    0.000   0.000   0.000   0.
  2017 352 19  1  1 491 352.792378377      -2.47     -1.90     -2.09  0.       -4199.243       1441.715      -2769.069    0.000   0.000   0.000   0.
  2017 352 19  1  2 491 352.792389951      -2.48     -1.90     -2.09  0.       -4197.531       1439.418      -2770.346    0.000   0.000   0.000   0.
  2017 352 19  1  3 491 352.792401525      -2.39     -1.92     -2.07  0.       -4195.817       1437.120      -2771.622    0.000   0.000   0.000   0.
  2017 352 19  1  4 491 352.792413099      -2.41     -1.88     -2.12  0.       -4194.103       1434.822      -2772.898    0.000   0.000   0.000   0.
  2017 352 19  1  5 491 352.792424672      -2.44     -1.88     -2.10  0.       -4192.386       1432.523      -2774.172    0.000   0.000   0.000   0.
  2017 352 19  1  6 491 352.792436244      -2.42     -1.89     -2.09  0.       -4190.669       1430.224      -2775.446    0.000   0.000   0.000   0.
  2017 352 19  1  7 491 352.792447818      -2.48     -1.89     -2.15  0.       -4188.950       1427.925      -2776.718    0.000   0.000   0.000   0.
  2017 352 19  1  8 491 352.792459392      -2.46     -1.88     -2.13  0.       -4187.231       1425.625      -2777.990    0.000   0.000   0.000   0.
  2017 352 19  1  9 491 352.792470966      -2.40     -1.89     -2.11  0.       -4185.509       1423.325      -2779.262    0.000   0.000   0.000   0.
  2017 352 19  1 10 491 352.792482541      -2.34     -1.89     -2.07  0.       -4183.787       1421.024      -2780.532    0.000   0.000   0.000   0.
  2017 352 19  1 11 491 352.792494115      -2.26     -1.89     -2.05  0.       -4182.063       1418.723      -2781.801    0.000   0.000   0.000   0.
  2017 352 19  1 12 491 352.792505689      -2.21     -1.89     -2.05  0.       -4180.338       1416.421      -2783.070    0.000   0.000   0.000   0.
  2017 352 19  1 13 491 352.792517263      -2.29     -1.94     -2.09  0.       -4178.612       1414.119      -2784.338    0.000   0.000   0.000   0.
  2017 352 19  1 14 491 352.792528837      -2.29     -1.94     -2.06  0.       -4176.885       1411.817      -2785.605    0.000   0.000   0.000   0.
  2017 352 19  1 15 491 352.792540411      -2.27     -1.94     -2.09  0.       -4175.156       1409.514      -2786.871    0.000   0.000   0.000   0.
  2017 352 19  1 16 491 352.792551985      -2.32     -1.94     -2.12  0.       -4173.426       1407.210      -2788.136    0.000   0.000   0.000   0.
  2017 352 19  1 17 491 352.792563559      -2.29     -1.95     -2.11  0.       -4171.695       1404.907      -2789.401    0.000   0.000   0.000   0.
  2017 352 19  1 18 491 352.792575133      -2.29     -1.94     -2.07  0.       -4169.962       1402.602      -2790.664    0.000   0.000   0.000   0.
  2017 352 19  1 19 491 352.792586707      -2.29     -1.97     -2.08  0.       -4168.229       1400.298      -2791.927    0.000   0.000   0.000   0.
  2017 352 19  1 20 491 352.792598281      -2.33     -1.99     -2.06  0.       -4166.494       1397.993      -2793.189    0.000   0.000   0.000   0.
  2017 352 19  1 21 491 352.792609855      -2.27     -1.97     -2.11  0.       -4164.758       1395.687      -2794.450    0.000   0.000   0.000   0.
  2017 352 19  1 22 491 352.792621429      -2.27     -1.96     -2.12  0.       -4163.020       1393.381      -2795.710    0.000   0.000   0.000   0.
  2017 352 19  1 23 491 352.792633003      -2.28     -2.00     -2.12  0.       -4161.281       1391.075      -2796.969    0.000   0.000   0.000   0.
  2017 352 19  1 24 491 352.792644578      -2.23     -1.99     -2.02  0.       -4159.541       1388.768      -2798.228    0.000   0.000   0.000   0.
  2017 352 19  1 25 491 352.792656152      -2.20     -2.03     -1.96  0.       -4157.800       1386.461      -2799.485    0.000   0.000   0.000   0.
  2017 352 19  1 26 491 352.792667726      -2.21     -2.02     -1.92  0.       -4156.057       1384.154      -2800.742    0.000   0.000   0.000   0.
  2017 352 19  1 27 491 352.792679300      -2.18     -2.01     -1.94  0.       -4154.313       1381.846      -2801.998    0.000   0.000   0.000   0.
  2017 352 19  1 28 491 352.792690874      -2.16     -2.02     -1.92  0.       -4152.568       1379.537      -2803.253    0.000   0.000   0.000   0.
  2017 352 19  1 29 491 352.792702448      -2.17     -2.04     -1.97  0.       -4150.822       1377.229      -2804.507    0.000   0.000   0.000   0.
  2017 352 19  1 30 491 352.792714022      -2.15     -2.00     -1.95  0.       -4149.074       1374.919      -2805.761    0.000   0.000   0.000   0.
  2017 352 19  1 31 491 352.792725596      -2.10     -2.04     -1.96  0.       -4147.326       1372.610      -2807.013    0.000   0.000   0.000   0.
  2017 352 19  1 32 491 352.792737170      -2.10     -2.03     -1.95  0.       -4145.575       1370.300      -2808.265    0.000   0.000   0.000   0.
  2017 352 19  1 33 491 352.792748744      -2.08     -2.06     -1.96  0.       -4143.824       1367.989      -2809.516    0.000   0.000   0.000   0.
  2017 352 19  1 34 491 352.792760318      -2.11     -2.03     -1.92  0.       -4142.071       1365.678      -2810.765    0.000   0.000   0.000   0.
  2017 352 19  1 35 491 352.792771892      -2.14     -2.04     -1.94  0.       -4140.317       1363.367      -2812.014    0.000   0.000   0.000   0.
  2017 352 19  1 36 491 352.792783464      -2.14     -2.04     -1.98  0.       -4138.562       1361.055      -2813.262    0.000   0.000   0.000   0.
  2017 352 19  1 37 491 352.792795038      -2.08     -2.04     -1.99  0.       -4136.806       1358.743      -2814.510    0.000   0.000   0.000   0.
  2017 352 19  1 38 491 352.792806612      -2.12     -2.04     -1.99  0.       -4135.048       1356.430      -2815.757    0.000   0.000   0.000   0.
  2017 352 19  1 39 491 352.792818186      -2.13     -2.04     -2.07  0.       -4133.289       1354.117      -2817.002    0.000   0.000   0.000   0.
  2017 352 19  1 40 491 352.792829760      -2.14     -2.03     -2.04  0.       -4131.529       1351.804      -2818.247    0.000   0.000   0.000   0.
  2017 352 19  1 41 491 352.792841334      -2.11     -2.03     -2.00  0.       -4129.767       1349.490      -2819.491    0.000   0.000   0.000   0.
  2017 352 19  1 42 491 352.792852908      -2.05     -2.04     -1.94  0.       -4128.004       1347.176      -2820.734    0.000   0.000   0.000   0.
  2017 352 19  1 43 491 352.792864482      -1.99     -2.04     -1.97  0.       -4126.240       1344.861      -2821.976    0.000   0.000   0.000   0.
  2017 352 19  1 44 491 352.792876056      -1.95     -2.03     -1.92  0.       -4124.475       1342.546      -2823.217    0.000   0.000   0.000   0.
  2017 352 19  1 45 491 352.792887630      -1.93     -2.04     -1.88  0.       -4122.708       1340.231      -2824.458    0.000   0.000   0.000   0.
  2017 352 19  1 46 491 352.792899204      -1.92     -2.06     -1.91  0.       -4120.940       1337.915      -2825.697    0.000   0.000   0.000   0.
  2017 352 19  1 47 491 352.792910778      -1.94     -2.09     -1.92  0.       -4119.171       1335.598      -2826.936    0.000   0.000   0.000   0.
  2017 352 19  1 48 491 352.792922352      -1.97     -2.06     -1.91  0.       -4117.401       1333.282      -2828.173    0.000   0.000   0.000   0.
  2017 352 19  1 49 491 352.792933927      -1.97     -2.09     -1.95  0.       -4115.629       1330.965      -2829.410    0.000   0.000   0.000   0.
  2017 352 19  1 50 491 352.792945501      -1.97     -2.10     -1.93  0.       -4113.856       1328.647      -2830.646    0.000   0.000   0.000   0.
  2017 352 19  1 51 491 352.792957075      -1.96     -2.08     -1.94  0.       -4112.082       1326.329      -2831.881    0.000   0.000   0.000   0.
  2017 352 19  1 52 491 352.792968649      -1.96     -2.08     -1.92  0.       -4110.306       1324.011      -2833.116    0.000   0.000   0.000   0.
  2017 352 19  1 53 491 352.792980223      -1.93     -2.11     -1.95  0.       -4108.529       1321.692      -2834.349    0.000   0.000   0.000   0.
  2017 352 19  1 54 491 352.792991797      -1.96     -2.10     -1.97  0.       -4106.751       1319.373      -2835.581    0.000   0.000   0.000   0.
  2017 352 19  1 55 491 352.793003371      -1.92     -2.12     -1.94  0.       -4104.972       1317.053      -2836.813    0.000   0.000   0.000   0.
  2017 352 19  1 56 491 352.793014945      -1.91     -2.11     -1.94  0.       -4103.191       1314.733      -2838.044    0.000   0.000   0.000   0.
  2017 352 19  1 57 491 352.793026519      -1.88     -2.13     -1.94  0.       -4101.409       1312.413      -2839.274    0.000   0.000   0.000   0.
  2017 352 19  1 58 491 352.793038093      -1.92     -2.12     -1.91  0.       -4099.626       1310.092      -2840.503    0.000   0.000   0.000   0.
  2017 352 19  1 59 491 352.793049667      -1.92     -2.16     -1.94  0.       -4097.842       1307.771      -2841.731    0.000   0.000   0.000   0.
  2017 352 19  2  0 491 352.793061241      -1.90     -2.15     -1.98  0.       -4096.056       1305.449      -2842.958    0.000   0.000   0.000   0.
  2017 352 19  2  1 491 352.793072815      -1.88     -2.16     -1.96  0.       -4094.269       1303.127      -2844.184    0.000   0.000   0.000   0.
  2017 352 19  2  2 491 352.793084389      -1.87     -2.13     -1.93  0.       -4092.481       1300.804      -2845.410    0.000   0.000   0.000   0.
  2017 352 19  2  3 491 352.793095964      -1.86     -2.13     -1.91  0.       -4090.691       1298.481      -2846.634    0.000   0.000   0.000   0.
  2017 352 19  2  4 491 352.793107538      -1.86     -2.13     -1.93  0.       -4088.900       1296.158      -2847.858    0.000   0.000   0.000   0.
  2017 352 19  2  5 491 352.793119111      -1.83     -2.16     -1.92  0.       -4087.108       1293.834      -2849.080    0.000   0.000   0.000   0.
  2017 352 19  2  6 491 352.793130683      -1.78     -2.18     -1.92  0.       -4085.315       1291.510      -2850.302    0.000   0.000   0.000   0.
  2017 352 19  2  7 491 352.793142257      -1.66     -2.19     -1.83  0.       -4083.520       1289.186      -2851.523    0.000   0.000   0.000   0.
  2017 352 19  2  8 490 352.793153831      -1.61     -2.15     -1.78  0.       -4081.724       1286.861      -2852.743    0.000   0.000   0.000   0.
  2017 352 19  2  9 490 352.793165405      -1.60     -2.19     -1.79  0.       -4079.927       1284.536      -2853.962    0.000   0.000   0.000   0.
  2017 352 19  2 10 490 352.793176979      -1.64     -2.17     -1.79  0.       -4078.128       1282.210      -2855.180    0.000   0.000   0.000   0.
  2017 352 19  2 11 490 352.793188553      -1.55     -2.16     -1.77  0.       -4076.328       1279.884      -2856.398    0.000   0.000   0.000   0.
  2017 352 19  2 12 490 352.793200127      -1.40     -2.13     -1.73  0.       -4074.527       1277.557      -2857.614    0.000   0.000   0.000   0.
  2017 352 19  2 13 491 352.793211701      -1.34     -2.12     -1.74  0.       -4072.725       1275.230      -2858.830    0.000   0.000   0.000   0.
  2017 352 19  2 14 491 352.793223275      -1.43     -2.11     -1.75  0.       -4070.921       1272.903      -2860.044    0.000   0.000   0.000   0.
  2017 352 19  2 15 490 352.793234850      -1.48     -2.12     -1.78  0.       -4069.116       1270.575      -2861.258    0.000   0.000   0.000   0.
  2017 352 19  2 16 490 352.793246424      -1.55     -2.15     -1.78  0.       -4067.310       1268.247      -2862.471    0.000   0.000   0.000   0.
  2017 352 19  2 17 491 352.793257998      -1.52     -2.14     -1.77  0.       -4065.502       1265.919      -2863.683    0.000   0.000   0.000   0.
  2017 352 19  2 18 491 352.793269572      -1.56     -2.13     -1.76  0.       -4063.694       1263.590      -2864.894    0.000   0.000   0.000   0.
  2017 352 19  2 19 491 352.793281146      -1.54     -2.16     -1.78  0.       -4061.883       1261.260      -2866.104    0.000   0.000   0.000   0.
  2017 352 19  2 20 491 352.793292720      -1.53     -2.17     -1.76  0.       -4060.072       1258.931      -2867.313    0.000   0.000   0.000   0.
  2017 352 19  2 21 491 352.793304294      -1.52     -2.16     -1.76  0.       -4058.259       1256.601      -2868.521    0.000   0.000   0.000   0.
  2017 352 19  2 22 490 352.793315868      -1.51     -2.13     -1.80  0.       -4056.445       1254.270      -2869.729    0.000   0.000   0.000   0.
  2017 352 19  2 23 490 352.793327442      -1.48     -2.15     -1.83  0.       -4054.630       1251.939      -2870.935    0.000   0.000   0.000   0.
  2017 352 19  2 24 490 352.793339016      -1.50     -2.13     -1.83  0.       -4052.814       1249.608      -2872.141    0.000   0.000   0.000   0.
  2017 352 19  2 25 490 352.793350590      -1.56     -2.17     -1.87  0.       -4050.996       1247.276      -2873.345    0.000   0.000   0.000   0.
  2017 352 19  2 26 490 352.793362164      -1.55     -2.15     -1.88  0.       -4049.177       1244.944      -2874.549    0.000   0.000   0.000   0.
  2017 352 19  2 27 491 352.793373738      -1.46     -2.15     -1.86  0.       -4047.356       1242.611      -2875.752    0.000   0.000   0.000   0.
  2017 352 19  2 28 490 352.793385312      -1.48     -2.17     -1.88  0.       -4045.535       1240.278      -2876.954    0.000   0.000   0.000   0.
  2017 352 19  2 29 490 352.793396887      -1.50     -2.17     -1.88  0.       -4043.711       1237.945      -2878.154    0.000   0.000   0.000   0.
  2017 352 19  2 30 491 352.793408461      -1.43     -2.17     -1.86  0.       -4041.887       1235.611      -2879.355    0.000   0.000   0.000   0.
  2017 352 19  2 31 491 352.793420035      -1.38     -2.18     -1.82  0.       -4040.062       1233.277      -2880.554    0.000   0.000   0.000   0.
  2017 352 19  2 32 491 352.793431609      -1.33     -2.16     -1.82  0.       -4038.235       1230.943      -2881.752    0.000   0.000   0.000   0.
  2017 352 19  2 33 491 352.793443183      -1.37     -2.19     -1.86  0.       -4036.407       1228.608      -2882.949    0.000   0.000   0.000   0.
  2017 352 19  2 34 491 352.793454757      -1.39     -2.17     -1.91  0.       -4034.577       1226.272      -2884.145    0.000   0.000   0.000   0.
  2017 352 19  2 35 490 352.793466330      -1.47     -2.17     -1.90  0.       -4032.747       1223.937      -2885.341    0.000   0.000   0.000   0.
  2017 352 19  2 36 490 352.793477902      -1.47     -2.15     -1.93  0.       -4030.915       1221.601      -2886.535    0.000   0.000   0.000   0.
  2017 352 19  2 37 490 352.793489476      -1.39     -2.17     -1.93  0.       -4029.081       1219.265      -2887.729    0.000   0.000   0.000   0.
  2017 352 19  2 38 490 352.793501050      -1.36     -2.13     -1.89  0.       -4027.247       1216.928      -2888.921    0.000   0.000   0.000   0.
  2017 352 19  2 39 490 352.793512624      -1.28     -2.12     -1.87  0.       -4025.411       1214.590      -2890.113    0.000   0.000   0.000   0.
  2017 352 19  2 40 490 352.793524198      -1.27     -2.12     -1.89  0.       -4023.574       1212.253      -2891.304    0.000   0.000   0.000   0.
  2017 352 19  2 41 490 352.793535773      -1.27     -2.14     -1.90  0.       -4021.735       1209.915      -2892.494    0.000   0.000   0.000   0.
  2017 352 19  2 42 490 352.793547347      -1.20     -2.14     -1.89  0.       -4019.895       1207.576      -2893.683    0.000   0.000   0.000   0.
  2017 352 19  2 43 490 352.793558921      -1.18     -2.16     -1.89  0.       -4018.054       1205.237      -2894.871    0.000   0.000   0.000   0.
  2017 352 19  2 44 490 352.793570495      -1.19     -2.19     -1.92  0.       -4016.212       1202.898      -2896.058    0.000   0.000   0.000   0.
  2017 352 19  2 45 490 352.793582069      -1.16     -2.19     -1.91  0.       -4014.368       1200.559      -2897.244    0.000   0.000   0.000   0.
  2017 352 19  2 46 490 352.793593643      -1.14     -2.17     -1.93  0.       -4012.523       1198.219      -2898.429    0.000   0.000   0.000   0.
  2017 352 19  2 47 490 352.793605217      -1.11     -2.20     -1.91  0.       -4010.677       1195.878      -2899.613    0.000   0.000   0.000   0.
  2017 352 19  2 48 490 352.793616791      -1.16     -2.18     -1.95  0.       -4008.829       1193.538      -2900.796    0.000   0.000   0.000   0.
  2017 352 19  2 49 490 352.793628365      -1.14     -2.20     -1.95  0.       -4006.981       1191.196      -2901.979    0.000   0.000   0.000   0.
  2017 352 19  2 50 490 352.793639939      -1.09     -2.21     -1.92  0.       -4005.130       1188.855      -2903.160    0.000   0.000   0.000   0.
  2017 352 19  2 51 490 352.793651513      -1.05     -2.23     -1.89  0.       -4003.279       1186.513      -2904.340    0.000   0.000   0.000   0.
  2017 352 19  2 52 490 352.793663087      -0.98     -2.20     -1.86  0.       -4001.426       1184.171      -2905.520    0.000   0.000   0.000   0.
  2017 352 19  2 53 490 352.793674661      -1.02     -2.26     -1.86  0.       -3999.572       1181.828      -2906.698    0.000   0.000   0.000   0.
  2017 352 19  2 54 490 352.793686236      -0.99     -2.27     -1.86  0.       -3997.717       1179.485      -2907.876    0.000   0.000   0.000   0.
  2017 352 19  2 55 490 352.793697810      -0.95     -2.27     -1.84  0.       -3995.860       1177.141      -2909.053    0.000   0.000   0.000   0.
  2017 352 19  2 56 490 352.793709384      -0.87     -2.25     -1.80  0.       -3994.002       1174.798      -2910.228    0.000   0.000   0.000   0.
  2017 352 19  2 57 490 352.793720958      -0.89     -2.29     -1.78  0.       -3992.143       1172.453      -2911.403    0.000   0.000   0.000   0.
  2017 352 19  2 58 490 352.793732532      -0.75     -2.25     -1.76  0.       -3990.282       1170.109      -2912.577    0.000   0.000   0.000   0.
  2017 352 19  2 59 490 352.793744106      -0.67     -2.22     -1.75  0.       -3988.420       1167.764      -2913.750    0.000   0.000   0.000   0.
  2017 352 19  3  0 490 352.793755680      -0.66     -2.21     -1.73  0.       -3986.557       1165.418      -2914.922    0.000   0.000   0.000   0.
  2017 352 19  3  1 490 352.793767254      -0.61     -2.23     -1.73  0.       -3984.693       1163.073      -2916.093    0.000   0.000   0.000   0.
  2017 352 19  3  2 490 352.793778828      -0.60     -2.24     -1.69  0.       -3982.827       1160.727      -2917.263    0.000   0.000   0.000   0.
  2017 352 19  3  3 490 352.793790402      -0.52     -2.24     -1.68  0.       -3980.960       1158.380      -2918.431    0.000   0.000   0.000   0.
  2017 352 19  3  4 490 352.793801976      -0.53     -2.25     -1.65  0.       -3979.092       1156.033      -2919.600    0.000   0.000   0.000   0.
  2017 352 19  3  5 490 352.793813550      -0.51     -2.24     -1.66  0.       -3977.222       1153.686      -2920.767    0.000   0.000   0.000   0.
  2017 352 19  3  6 490 352.793825122      -0.48     -2.23     -1.63  0.       -3975.351       1151.338      -2921.933    0.000   0.000   0.000   0.
  2017 352 19  3  7 490 352.793836696      -0.49     -2.27     -1.62  0.       -3973.478       1148.990      -2923.098    0.000   0.000   0.000   0.
  2017 352 19  3  8 490 352.793848270      -0.49     -2.27     -1.59  0.       -3971.605       1146.642      -2924.262    0.000   0.000   0.000   0.
  2017 352 19  3  9 490 352.793859844      -0.44     -2.21     -1.59  0.       -3969.730       1144.293      -2925.425    0.000   0.000   0.000   0.
  2017 352 19  3 10 490 352.793871418      -0.39     -2.17     -1.57  0.       -3967.854       1141.944      -2926.588    0.000   0.000   0.000   0.
  2017 352 19  3 11 490 352.793882992      -0.29     -2.15     -1.57  0.       -3965.976       1139.594      -2927.749    0.000   0.000   0.000   0.
  2017 352 19  3 12 490 352.793894566      -0.30     -2.11     -1.51  0.       -3964.097       1137.244      -2928.909    0.000   0.000   0.000   0.
  2017 352 19  3 13 490 352.793906140      -0.26     -2.10     -1.51  0.       -3962.217       1134.894      -2930.069    0.000   0.000   0.000   0.
  2017 352 19  3 14 490 352.793917714      -0.27     -2.08     -1.52  0.       -3960.336       1132.544      -2931.227    0.000   0.000   0.000   0.
  2017 352 19  3 15 490 352.793929288      -0.28     -2.10     -1.53  0.       -3958.453       1130.193      -2932.385    0.000   0.000   0.000   0.
  2017 352 19  3 16 490 352.793940862      -0.28     -2.12     -1.52  0.       -3956.569       1127.841      -2933.541    0.000   0.000   0.000   0.
  2017 352 19  3 17 490 352.793952436      -0.28     -2.12     -1.48  0.       -3954.684       1125.490      -2934.697    0.000   0.000   0.000   0.
  2017 352 19  3 18 490 352.793964010      -0.22     -2.11     -1.46  0.       -3952.797       1123.137      -2935.851    0.000   0.000   0.000   0.
  2017 352 19  3 19 490 352.793975585      -0.22     -2.12     -1.49  0.       -3950.909       1120.785      -2937.005    0.000   0.000   0.000   0.
  2017 352 19  3 20 490 352.793987159      -0.20     -2.08     -1.47  0.       -3949.020       1118.432      -2938.157    0.000   0.000   0.000   0.
  2017 352 19  3 21 490 352.793998733      -0.15     -2.10     -1.47  0.       -3947.129       1116.078      -2939.309    0.000   0.000   0.000   0.
  2017 352 19  3 22 490 352.794010307      -0.14     -2.09     -1.47  0.       -3945.237       1113.725      -2940.459    0.000   0.000   0.000   0.
  2017 352 19  3 23 490 352.794021881      -0.11     -2.06     -1.47  0.       -3943.344       1111.371      -2941.609    0.000   0.000   0.000   0.
  2017 352 19  3 24 490 352.794033455      -0.12     -2.06     -1.44  0.       -3941.449       1109.016      -2942.758    0.000   0.000   0.000   0.
  2017 352 19  3 25 490 352.794045029      -0.12     -2.08     -1.48  0.       -3939.553       1106.662      -2943.905    0.000   0.000   0.000   0.
  2017 352 19  3 26 490 352.794056603      -0.14     -2.07     -1.45  0.       -3937.656       1104.306      -2945.052    0.000   0.000   0.000   0.
  2017 352 19  3 27 490 352.794068177      -0.14     -2.06     -1.48  0.       -3935.758       1101.951      -2946.198    0.000   0.000   0.000   0.
  2017 352 19  3 28 490 352.794079751      -0.10     -2.03     -1.46  0.       -3933.858       1099.595      -2947.342    0.000   0.000   0.000   0.
  2017 352 19  3 29 490 352.794091325      -0.08     -2.06     -1.47  0.       -3931.957       1097.239      -2948.486    0.000   0.000   0.000   0.
  2017 352 19  3 30 490 352.794102899       0.01     -2.03     -1.44  0.       -3930.054       1094.882      -2949.629    0.000   0.000   0.000   0.
  2017 352 19  3 31 490 352.794114473       0.04     -2.00     -1.42  0.       -3928.150       1092.525      -2950.770    0.000   0.000   0.000   0.
  2017 352 19  3 32 490 352.794126047       0.04     -2.00     -1.40  0.       -3926.245       1090.168      -2951.911    0.000   0.000   0.000   0.
  2017 352 19  3 33 490 352.794137621       0.02     -1.97     -1.41  0.       -3924.339       1087.810      -2953.051    0.000   0.000   0.000   0.
  2017 352 19  3 34 490 352.794149193      -0.02     -1.99     -1.43  0.       -3922.431       1085.452      -2954.190    0.000   0.000   0.000   0.
  2017 352 19  3 35 490 352.794160767      -0.05     -1.98     -1.42  0.       -3920.522       1083.094      -2955.328    0.000   0.000   0.000   0.
  2017 352 19  3 36 490 352.794172341      -0.04     -1.97     -1.41  0.       -3918.612       1080.735      -2956.464    0.000   0.000   0.000   0.
  2017 352 19  3 37 490 352.794183915      -0.02     -1.94     -1.36  0.       -3916.700       1078.376      -2957.600    0.000   0.000   0.000   0.
  2017 352 19  3 38 490 352.794195489      -0.03     -1.94     -1.33  0.       -3914.787       1076.016      -2958.735    0.000   0.000   0.000   0.
  2017 352 19  3 39 490 352.794207063       0.04     -1.91     -1.37  0.       -3912.873       1073.656      -2959.869    0.000   0.000   0.000   0.
  2017 352 19  3 40 490 352.794218637       0.07     -1.92     -1.32  0.       -3910.957       1071.296      -2961.001    0.000   0.000   0.000   0.
  2017 352 19  3 41 490 352.794230211       0.09     -1.90     -1.29  0.       -3909.040       1068.936      -2962.133    0.000   0.000   0.000   0.
  2017 352 19  3 42 490 352.794241785       0.14     -1.90     -1.28  0.       -3907.122       1066.575      -2963.264    0.000   0.000   0.000   0.
  2017 352 19  3 43 490 352.794253359       0.21     -1.87     -1.25  0.       -3905.203       1064.213      -2964.394    0.000   0.000   0.000   0.
  2017 352 19  3 44 490 352.794264933       0.24     -1.87     -1.25  0.       -3903.282       1061.852      -2965.522    0.000   0.000   0.000   0.
  2017 352 19  3 45 490 352.794276508       0.23     -1.86     -1.24  0.       -3901.360       1059.489      -2966.650    0.000   0.000   0.000   0.
  2017 352 19  3 46 490 352.794288082       0.18     -1.89     -1.31  0.       -3899.436       1057.127      -2967.777    0.000   0.000   0.000   0.
  2017 352 19  3 47 490 352.794299656       0.07     -1.88     -1.35  0.       -3897.511       1054.764      -2968.903    0.000   0.000   0.000   0.
  2017 352 19  3 48 490 352.794311230       0.08     -1.89     -1.34  0.       -3895.585       1052.401      -2970.027    0.000   0.000   0.000   0.
  2017 352 19  3 49 490 352.794322804       0.10     -1.88     -1.37  0.       -3893.657       1050.038      -2971.151    0.000   0.000   0.000   0.
  2017 352 19  3 50 490 352.794334378       0.11     -1.87     -1.39  0.       -3891.729       1047.674      -2972.274    0.000   0.000   0.000   0.
  2017 352 19  3 51 490 352.794345952       0.17     -1.88     -1.39  0.       -3889.798       1045.310      -2973.396    0.000   0.000   0.000   0.
  2017 352 19  3 52 490 352.794357526       0.19     -1.89     -1.37  0.       -3887.867       1042.945      -2974.517    0.000   0.000   0.000   0.
  2017 352 19  3 53 490 352.794369100       0.19     -1.88     -1.33  0.       -3885.934       1040.580      -2975.636    0.000   0.000   0.000   0.
  2017 352 19  3 54 490 352.794380674       0.24     -1.87     -1.41  0.       -3884.000       1038.215      -2976.755    0.000   0.000   0.000   0.
  2017 352 19  3 55 490 352.794392248       0.26     -1.85     -1.37  0.       -3882.065       1035.849      -2977.872    0.000   0.000   0.000   0.
  2017 352 19  3 56 490 352.794403822       0.37     -1.88     -1.35  0.       -3880.128       1033.483      -2978.989    0.000   0.000   0.000   0.
  2017 352 19  3 57 490 352.794415396       0.39     -1.87     -1.37  0.       -3878.190       1031.117      -2980.104    0.000   0.000   0.000   0.
  2017 352 19  3 58 490 352.794426971       0.46     -1.89     -1.34  0.       -3876.250       1028.750      -2981.219    0.000   0.000   0.000   0.
  2017 352 19  3 59 490 352.794438545       0.40     -1.87     -1.32  0.       -3874.310       1026.383      -2982.333    0.000   0.000   0.000   0.
  2017 352 19  4  0 490 352.794450119       0.35     -1.88     -1.34  0.       -3872.367       1024.016      -2983.445    0.000   0.000   0.000   0.
  2017 352 19  4  1 490 352.794461693       0.40     -1.86     -1.30  0.       -3870.424       1021.648      -2984.557    0.000   0.000   0.000   0.
  2017 352 19  4  2 490 352.794473267       0.37     -1.84     -1.31  0.       -3868.479       1019.280      -2985.667    0.000   0.000   0.000   0.
  2017 352 19  4  3 490 352.794484840       0.39     -1.82     -1.26  0.       -3866.533       1016.912      -2986.777    0.000   0.000   0.000   0.
  2017 352 19  4  4 489 352.794496412       0.40     -1.81     -1.28  0.       -3864.586       1014.543      -2987.885    0.000   0.000   0.000   0.
  2017 352 19  4  5 489 352.794507986       0.43     -1.75     -1.24  0.       -3862.637       1012.174      -2988.992    0.000   0.000   0.000   0.
  2017 352 19  4  6 489 352.794519560       0.41     -1.75     -1.23  0.       -3860.687       1009.804      -2990.099    0.000   0.000   0.000   0.
  2017 352 19  4  7 489 352.794531134       0.40     -1.72     -1.22  0.       -3858.735       1007.434      -2991.204    0.000   0.000   0.000   0.
  2017 352 19  4  8 489 352.794542708       0.42     -1.69     -1.25  0.       -3856.783       1005.064      -2992.308    0.000   0.000   0.000   0.
  2017 352 19  4  9 490 352.794554282       0.48     -1.69     -1.17  0.       -3854.829       1002.693      -2993.412    0.000   0.000   0.000   0.
  2017 352 19  4 10 490 352.794565856       0.46     -1.71     -1.16  0.       -3852.874       1000.323      -2994.514    0.000   0.000   0.000   0.
  2017 352 19  4 11 489 352.794577431       0.46     -1.70     -1.16  0.       -3850.917        997.951      -2995.615    0.000   0.000   0.000   0.
  2017 352 19  4 12 489 352.794589005       0.49     -1.67     -1.15  0.       -3848.959        995.580      -2996.715    0.000   0.000   0.000   0.
  2017 352 19  4 13 490 352.794600579       0.53     -1.69     -1.12  0.       -3847.000        993.208      -2997.814    0.000   0.000   0.000   0.
  2017 352 19  4 14 490 352.794612153       0.53     -1.70     -1.13  0.       -3845.039        990.836      -2998.912    0.000   0.000   0.000   0.
  2017 352 19  4 15 490 352.794623727       0.57     -1.70     -1.09  0.       -3843.077        988.463      -3000.009    0.000   0.000   0.000   0.
  2017 352 19  4 16 490 352.794635301       0.54     -1.72     -1.06  0.       -3841.113        986.090      -3001.105    0.000   0.000   0.000   0.
  2017 352 19  4 17 490 352.794646875       0.55     -1.74     -1.06  0.       -3839.149        983.717      -3002.200    0.000   0.000   0.000   0.
  2017 352 19  4 18 489 352.794658449       0.56     -1.76     -1.08  0.       -3837.183        981.343      -3003.294    0.000   0.000   0.000   0.
  2017 352 19  4 19 489 352.794670023       0.61     -1.75     -1.08  0.       -3835.215        978.969      -3004.387    0.000   0.000   0.000   0.
  2017 352 19  4 20 489 352.794681597       0.59     -1.73     -1.07  0.       -3833.247        976.595      -3005.479    0.000   0.000   0.000   0.
  2017 352 19  4 21 489 352.794693171       0.56     -1.79     -1.08  0.       -3831.277        974.220      -3006.569    0.000   0.000   0.000   0.
  2017 352 19  4 22 490 352.794704745       0.59     -1.78     -1.06  0.       -3829.305        971.845      -3007.659    0.000   0.000   0.000   0.
  2017 352 19  4 23 490 352.794716319       0.62     -1.79     -1.06  0.       -3827.333        969.470      -3008.748    0.000   0.000   0.000   0.
  2017 352 19  4 24 489 352.794727894       0.73     -1.75     -1.01  0.       -3825.359        967.094      -3009.835    0.000   0.000   0.000   0.
  2017 352 19  4 25 489 352.794739468       0.75     -1.78     -1.05  0.       -3823.383        964.718      -3010.922    0.000   0.000   0.000   0.
  2017 352 19  4 26 490 352.794751042       0.78     -1.78     -1.00  0.       -3821.406        962.342      -3012.007    0.000   0.000   0.000   0.
  2017 352 19  4 27 490 352.794762616       0.78     -1.78     -0.98  0.       -3819.429        959.965      -3013.092    0.000   0.000   0.000   0.
  2017 352 19  4 28 490 352.794774190       0.79     -1.81     -1.02  0.       -3817.449        957.588      -3014.175    0.000   0.000   0.000   0.
  2017 352 19  4 29 490 352.794785764       0.73     -1.82     -1.02  0.       -3815.468        955.211      -3015.257    0.000   0.000   0.000   0.
  2017 352 19  4 30 490 352.794797338       0.64     -1.84     -1.03  0.       -3813.486        952.833      -3016.339    0.000   0.000   0.000   0.
  2017 352 19  4 31 489 352.794808912       0.65     -1.86     -1.06  0.       -3811.503        950.455      -3017.419    0.000   0.000   0.000   0.
  2017 352 19  4 32 489 352.794820486       0.69     -1.85     -1.04  0.       -3809.518        948.077      -3018.498    0.000   0.000   0.000   0.
  2017 352 19  4 33 489 352.794832060       0.69     -1.87     -1.06  0.       -3807.532        945.698      -3019.576    0.000   0.000   0.000   0.
  2017 352 19  4 34 489 352.794843634       0.68     -1.86     -1.01  0.       -3805.545        943.319      -3020.653    0.000   0.000   0.000   0.
  2017 352 19  4 35 489 352.794855208       0.71     -1.88     -1.04  0.       -3803.556        940.940      -3021.729    0.000   0.000   0.000   0.
  2017 352 19  4 36 489 352.794866780       0.74     -1.87     -1.03  0.       -3801.566        938.560      -3022.804    0.000   0.000   0.000   0.
  2017 352 19  4 37 489 352.794878354       0.72     -1.88     -1.02  0.       -3799.574        936.180      -3023.878    0.000   0.000   0.000   0.
  2017 352 19  4 38 489 352.794889928       0.76     -1.88     -1.00  0.       -3797.582        933.799      -3024.950    0.000   0.000   0.000   0.
  2017 352 19  4 39 489 352.794901502       0.76     -1.90     -1.00  0.       -3795.588        931.419      -3026.022    0.000   0.000   0.000   0.
  2017 352 19  4 40 489 352.794913076       0.78     -1.93     -1.03  0.       -3793.592        929.038      -3027.093    0.000   0.000   0.000   0.
  2017 352 19  4 41 489 352.794924650       0.77     -1.93     -1.01  0.       -3791.595        926.656      -3028.162    0.000   0.000   0.000   0.
  2017 352 19  4 42 489 352.794936224       0.83     -1.95     -1.03  0.       -3789.597        924.275      -3029.231    0.000   0.000   0.000   0.
  2017 352 19  4 43 489 352.794947798       0.83     -1.94     -1.03  0.       -3787.598        921.893      -3030.298    0.000   0.000   0.000   0.
  2017 352 19  4 44 489 352.794959372       0.87     -1.93     -1.04  0.       -3785.597        919.510      -3031.364    0.000   0.000   0.000   0.
  2017 352 19  4 45 489 352.794970946       0.86     -1.96     -1.04  0.       -3783.595        917.128      -3032.429    0.000   0.000   0.000   0.
  2017 352 19  4 46 489 352.794982520       0.90     -1.95     -1.05  0.       -3781.591        914.745      -3033.493    0.000   0.000   0.000   0.
  2017 352 19  4 47 489 352.794994094       0.94     -1.94     -1.04  0.       -3779.586        912.361      -3034.557    0.000   0.000   0.000   0.
  2017 352 19  4 48 489 352.795005668       1.08     -1.92     -1.02  0.       -3777.580        909.978      -3035.618    0.000   0.000   0.000   0.
  2017 352 19  4 49 489 352.795017242       1.11     -1.89     -0.98  0.       -3775.572        907.594      -3036.679    0.000   0.000   0.000   0.
  2017 352 19  4 50 489 352.795028817       1.13     -1.93     -0.98  0.       -3773.564        905.209      -3037.739    0.000   0.000   0.000   0.
  2017 352 19  4 51 489 352.795040391       1.12     -1.92     -0.96  0.       -3771.553        902.825      -3038.798    0.000   0.000   0.000   0.
  2017 352 19  4 52 489 352.795051965       1.15     -1.95     -0.99  0.       -3769.542        900.440      -3039.855    0.000   0.000   0.000   0.
  2017 352 19  4 53 489 352.795063539       1.12     -1.94     -0.96  0.       -3767.529        898.055      -3040.911    0.000   0.000   0.000   0.
  2017 352 19  4 54 489 352.795075113       1.17     -1.93     -0.98  0.       -3765.514        895.669      -3041.967    0.000   0.000   0.000   0.
  2017 352 19  4 55 489 352.795086687       1.22     -1.94     -0.92  0.       -3763.499        893.283      -3043.022    0.000   0.000   0.000   0.
  2017 352 19  4 56 489 352.795098261       1.22     -1.94     -0.95  0.       -3761.482        890.897      -3044.075    0.000   0.000   0.000   0.
  2017 352 19  4 57 489 352.795109835       1.27     -1.93     -0.91  0.       -3759.464        888.510      -3045.127    0.000   0.000   0.000   0.
  2017 352 19  4 58 489 352.795121409       1.32     -1.90     -0.89  0.       -3757.444        886.123      -3046.178    0.000   0.000   0.000   0.
  2017 352 19  4 59 489 352.795132983       1.35     -1.85     -0.88  0.       -3755.423        883.736      -3047.228    0.000   0.000   0.000   0.
  2017 352 19  5  0 489 352.795144557       1.29     -1.86     -0.90  0.       -3753.400        881.349      -3048.277    0.000   0.000   0.000   0.
  2017 352 19  5  1 489 352.795156131       1.23     -1.86     -0.92  0.       -3751.377        878.961      -3049.325    0.000   0.000   0.000   0.
  2017 352 19  5  2 489 352.795167705       1.21     -1.88     -0.91  0.       -3749.352        876.573      -3050.371    0.000   0.000   0.000   0.
  2017 352 19  5  3 489 352.795179280       1.30     -1.85     -0.88  0.       -3747.325        874.184      -3051.417    0.000   0.000   0.000   0.
  2017 352 19  5  4 489 352.795190854       1.34     -1.84     -0.88  0.       -3745.297        871.796      -3052.461    0.000   0.000   0.000   0.
  2017 352 19  5  5 489 352.795202427       1.36     -1.86     -0.88  0.       -3743.268        869.407      -3053.505    0.000   0.000   0.000   0.
  2017 352 19  5  6 489 352.795213999       1.38     -1.85     -0.89  0.       -3741.238        867.017      -3054.547    0.000   0.000   0.000   0.
  2017 352 19  5  7 489 352.795225573       1.30     -1.88     -0.94  0.       -3739.206        864.627      -3055.588    0.000   0.000   0.000   0.
  2017 352 19  5  8 489 352.795237147       1.31     -1.88     -0.93  0.       -3737.173        862.237      -3056.628    0.000   0.000   0.000   0.
  2017 352 19  5  9 489 352.795248721       1.36     -1.86     -0.97  0.       -3735.138        859.847      -3057.667    0.000   0.000   0.000   0.
  2017 352 19  5 10 489 352.795260295       1.36     -1.84     -0.94  0.       -3733.102        857.456      -3058.705    0.000   0.000   0.000   0.
  2017 352 19  5 11 489 352.795271869       1.35     -1.88     -0.94  0.       -3731.065        855.065      -3059.742    0.000   0.000   0.000   0.
  2017 352 19  5 12 489 352.795283443       1.36     -1.84     -0.94  0.       -3729.027        852.674      -3060.777    0.000   0.000   0.000   0.
  2017 352 19  5 13 489 352.795295017       1.34     -1.87     -0.97  0.       -3726.987        850.283      -3061.812    0.000   0.000   0.000   0.
  2017 352 19  5 14 489 352.795306591       1.25     -1.86     -0.96  0.       -3724.945        847.891      -3062.845    0.000   0.000   0.000   0.
  2017 352 19  5 15 489 352.795318166       1.27     -1.85     -0.99  0.       -3722.903        845.498      -3063.877    0.000   0.000   0.000   0.
  2017 352 19  5 16 489 352.795329740       1.26     -1.89     -0.97  0.       -3720.859        843.106      -3064.908    0.000   0.000   0.000   0.
  2017 352 19  5 17 489 352.795341314       1.32     -1.88     -0.98  0.       -3718.813        840.713      -3065.939    0.000   0.000   0.000   0.
  2017 352 19  5 18 489 352.795352888       1.41     -1.84     -0.97  0.       -3716.767        838.320      -3066.967    0.000   0.000   0.000   0.
  2017 352 19  5 19 489 352.795364462       1.42     -1.83     -0.98  0.       -3714.719        835.927      -3067.995    0.000   0.000   0.000   0.
  2017 352 19  5 20 489 352.795376036       1.44     -1.82     -0.97  0.       -3712.669        833.533      -3069.022    0.000   0.000   0.000   0.
  2017 352 19  5 21 489 352.795387610       1.43     -1.83     -0.96  0.       -3710.618        831.139      -3070.047    0.000   0.000   0.000   0.
  2017 352 19  5 22 489 352.795399184       1.45     -1.84     -0.92  0.       -3708.566        828.744      -3071.072    0.000   0.000   0.000   0.
  2017 352 19  5 23 489 352.795410758       1.48     -1.82     -0.90  0.       -3706.513        826.350      -3072.095    0.000   0.000   0.000   0.
  2017 352 19  5 24 489 352.795422332       1.48     -1.85     -0.90  0.       -3704.458        823.955      -3073.117    0.000   0.000   0.000   0.
  2017 352 19  5 25 489 352.795433906       1.49     -1.83     -0.88  0.       -3702.401        821.560      -3074.138    0.000   0.000   0.000   0.
  2017 352 19  5 26 489 352.795445480       1.50     -1.89     -0.89  0.       -3700.344        819.164      -3075.158    0.000   0.000   0.000   0.
  2017 352 19  5 27 489 352.795457054       1.56     -1.90     -0.86  0.       -3698.285        816.768      -3076.177    0.000   0.000   0.000   0.
  2017 352 19  5 28 489 352.795468628       1.60     -1.92     -0.82  0.       -3696.225        814.372      -3077.194    0.000   0.000   0.000   0.
  2017 352 19  5 29 489 352.795480203       1.62     -1.89     -0.85  0.       -3694.163        811.976      -3078.211    0.000   0.000   0.000   0.
  2017 352 19  5 30 489 352.795491777       1.59     -1.92     -0.84  0.       -3692.100        809.579      -3079.226    0.000   0.000   0.000   0.
  2017 352 19  5 31 489 352.795503351       1.66     -1.90     -0.83  0.       -3690.036        807.182      -3080.240    0.000   0.000   0.000   0.
  2017 352 19  5 32 489 352.795514925       1.70     -1.94     -0.83  0.       -3687.970        804.784      -3081.254    0.000   0.000   0.000   0.
  2017 352 19  5 33 489 352.795526498       1.71     -1.96     -0.80  0.       -3685.903        802.387      -3082.265    0.000   0.000   0.000   0.
  2017 352 19  5 34 489 352.795538070       1.74     -1.98     -0.82  0.       -3683.834        799.989      -3083.276    0.000   0.000   0.000   0.
  2017 352 19  5 35 489 352.795549644       1.75     -1.97     -0.78  0.       -3681.765        797.591      -3084.286    0.000   0.000   0.000   0.
  2017 352 19  5 36 489 352.795561218       1.77     -1.97     -0.80  0.       -3679.693        795.192      -3085.294    0.000   0.000   0.000   0.
  2017 352 19  5 37 489 352.795572792       1.78     -2.00     -0.79  0.       -3677.621        792.793      -3086.302    0.000   0.000   0.000   0.
  2017 352 19  5 38 489 352.795584366       1.80     -2.01     -0.80  0.       -3675.547        790.394      -3087.308    0.000   0.000   0.000   0.
  2017 352 19  5 39 489 352.795595940       1.87     -2.02     -0.80  0.       -3673.472        787.994      -3088.313    0.000   0.000   0.000   0.
  2017 352 19  5 40 489 352.795607514       1.91     -2.00     -0.74  0.       -3671.395        785.595      -3089.317    0.000   0.000   0.000   0.
  2017 352 19  5 41 489 352.795619089       1.99     -2.02     -0.70  0.       -3669.317        783.194      -3090.320    0.000   0.000   0.000   0.
  2017 352 19  5 42 489 352.795630663       1.99     -2.00     -0.66  0.       -3667.238        780.794      -3091.321    0.000   0.000   0.000   0.
  2017 352 19  5 43 489 352.795642237       1.96     -2.00     -0.66  0.       -3665.157        778.394      -3092.322    0.000   0.000   0.000   0.
  2017 352 19  5 44 489 352.795653811       1.90     -1.99     -0.65  0.       -3663.075        775.993      -3093.321    0.000   0.000   0.000   0.
  2017 352 19  5 45 489 352.795665385       1.95     -1.95     -0.65  0.       -3660.991        773.592      -3094.319    0.000   0.000   0.000   0.
  2017 352 19  5 46 489 352.795676959       1.91     -1.96     -0.62  0.       -3658.907        771.190      -3095.316    0.000   0.000   0.000   0.
  2017 352 19  5 47 489 352.795688533       1.91     -1.96     -0.65  0.       -3656.820        768.789      -3096.312    0.000   0.000   0.000   0.
  2017 352 19  5 48 489 352.795700107       1.91     -1.95     -0.64  0.       -3654.733        766.387      -3097.307    0.000   0.000   0.000   0.
  2017 352 19  5 49 489 352.795711681       1.88     -1.99     -0.64  0.       -3652.644        763.984      -3098.300    0.000   0.000   0.000   0.
  2017 352 19  5 50 489 352.795723255       1.87     -2.00     -0.62  0.       -3650.554        761.582      -3099.292    0.000   0.000   0.000   0.
  2017 352 19  5 51 489 352.795734829       1.91     -2.00     -0.63  0.       -3648.462        759.179      -3100.284    0.000   0.000   0.000   0.
  2017 352 19  5 52 489 352.795746403       1.94     -2.01     -0.62  0.       -3646.369        756.776      -3101.274    0.000   0.000   0.000   0.
  2017 352 19  5 53 489 352.795757977       1.95     -2.01     -0.62  0.       -3644.275        754.372      -3102.263    0.000   0.000   0.000   0.
  2017 352 19  5 54 489 352.795769552       1.83     -2.07     -0.63  0.       -3642.179        751.968      -3103.250    0.000   0.000   0.000   0.
  2017 352 19  5 55 489 352.795781126       1.81     -2.07     -0.62  0.       -3640.082        749.564      -3104.237    0.000   0.000   0.000   0.
  2017 352 19  5 56 489 352.795792700       1.89     -2.11     -0.64  0.       -3637.983        747.160      -3105.222    0.000   0.000   0.000   0.
  2017 352 19  5 57 489 352.795804274       1.95     -2.10     -0.62  0.       -3635.883        744.755      -3106.206    0.000   0.000   0.000   0.
  2017 352 19  5 58 489 352.795815848       1.97     -2.10     -0.58  0.       -3633.782        742.351      -3107.189    0.000   0.000   0.000   0.
  2017 352 19  5 59 489 352.795827422       2.02     -2.10     -0.55  0.       -3631.680        739.945      -3108.171    0.000   0.000   0.000   0.
  2017 352 19  6  0 489 352.795838996       2.03     -2.13     -0.59  0.       -3629.576        737.540      -3109.152    0.000   0.000   0.000   0.
  2017 352 19  6  1 489 352.795850570       2.02     -2.12     -0.55  0.       -3627.470        735.134      -3110.131    0.000   0.000   0.000   0.
  2017 352 19  6  2 489 352.795862144       2.02     -2.12     -0.57  0.       -3625.364        732.728      -3111.110    0.000   0.000   0.000   0.
  2017 352 19  6  3 488 352.795873717       2.01     -2.12     -0.55  0.       -3623.255        730.322      -3112.087    0.000   0.000   0.000   0.
  2017 352 19  6  4 489 352.795885289       2.03     -2.13     -0.58  0.       -3621.146        727.915      -3113.063    0.000   0.000   0.000   0.
  2017 352 19  6  5 489 352.795896863       2.03     -2.14     -0.55  0.       -3619.035        725.509      -3114.038    0.000   0.000   0.000   0.
  2017 352 19  6  6 488 352.795908437       2.06     -2.16     -0.50  0.       -3616.923        723.101      -3115.011    0.000   0.000   0.000   0.
  2017 352 19  6  7 488 352.795920012       2.08     -2.16     -0.50  0.       -3614.809        720.694      -3115.984    0.000   0.000   0.000   0.
  2017 352 19  6  8 488 352.795931586       2.07     -2.17     -0.49  0.       -3612.695        718.286      -3116.955    0.000   0.000   0.000   0.
  2017 352 19  6  9 489 352.795943160       2.13     -2.19     -0.46  0.       -3610.578        715.878      -3117.925    0.000   0.000   0.000   0.
  2017 352 19  6 10 489 352.795954734       2.15     -2.18     -0.46  0.       -3608.460        713.470      -3118.894    0.000   0.000   0.000   0.
  2017 352 19  6 11 489 352.795966308       2.18     -2.22     -0.45  0.       -3606.341        711.062      -3119.861    0.000   0.000   0.000   0.
  2017 352 19  6 12 489 352.795977882       2.17     -2.20     -0.47  0.       -3604.221        708.653      -3120.828    0.000   0.000   0.000   0.
  2017 352 19  6 13 488 352.795989456       2.20     -2.24     -0.44  0.       -3602.099        706.244      -3121.793    0.000   0.000   0.000   0.
  2017 352 19  6 14 488 352.796001030       2.21     -2.23     -0.41  0.       -3599.976        703.835      -3122.757    0.000   0.000   0.000   0.
  2017 352 19  6 15 488 352.796012604       2.25     -2.23     -0.42  0.       -3597.852        701.425      -3123.720    0.000   0.000   0.000   0.
  2017 352 19  6 16 488 352.796024178       2.30     -2.24     -0.37  0.       -3595.726        699.015      -3124.682    0.000   0.000   0.000   0.
  2017 352 19  6 17 488 352.796035752       2.34     -2.22     -0.34  0.       -3593.598        696.605      -3125.642    0.000   0.000   0.000   0.
  2017 352 19  6 18 489 352.796047326       2.33     -2.22     -0.35  0.       -3591.470        694.195      -3126.602    0.000   0.000   0.000   0.
  2017 352 19  6 19 489 352.796058900       2.37     -2.25     -0.36  0.       -3589.340        691.784      -3127.560    0.000   0.000   0.000   0.
  2017 352 19  6 20 488 352.796070475       2.35     -2.23     -0.35  0.       -3587.208        689.373      -3128.516    0.000   0.000   0.000   0.
  2017 352 19  6 21 488 352.796082049       2.36     -2.25     -0.32  0.       -3585.075        686.962      -3129.472    0.000   0.000   0.000   0.
  2017 352 19  6 22 489 352.796093623       2.37     -2.25     -0.32  0.       -3582.941        684.551      -3130.427    0.000   0.000   0.000   0.
  2017 352 19  6 23 489 352.796105197       2.39     -2.23     -0.32  0.       -3580.806        682.139      -3131.380    0.000   0.000   0.000   0.
  2017 352 19  6 24 489 352.796116771       2.44     -2.24     -0.28  0.       -3578.669        679.727      -3132.332    0.000   0.000   0.000   0.
  2017 352 19  6 25 489 352.796128345       2.45     -2.24     -0.24  0.       -3576.530        677.315      -3133.283    0.000   0.000   0.000   0.
  2017 352 19  6 26 489 352.796139919       2.47     -2.25     -0.27  0.       -3574.391        674.902      -3134.232    0.000   0.000   0.000   0.
  2017 352 19  6 27 488 352.796151493       2.50     -2.22     -0.22  0.       -3572.250        672.490      -3135.181    0.000   0.000   0.000   0.
  2017 352 19  6 28 488 352.796163067       2.49     -2.20     -0.23  0.       -3570.107        670.077      -3136.128    0.000   0.000   0.000   0.
  2017 352 19  6 29 488 352.796174641       2.51     -2.22     -0.21  0.       -3567.963        667.663      -3137.074    0.000   0.000   0.000   0.
  2017 352 19  6 30 488 352.796186215       2.50     -2.23     -0.21  0.       -3565.818        665.250      -3138.019    0.000   0.000   0.000   0.
  2017 352 19  6 31 489 352.796197789       2.49     -2.23     -0.23  0.       -3563.672        662.836      -3138.963    0.000   0.000   0.000   0.
  2017 352 19  6 32 489 352.796209363       2.50     -2.24     -0.19  0.       -3561.524        660.422      -3139.905    0.000   0.000   0.000   0.
  2017 352 19  6 33 488 352.796220937       2.55     -2.25     -0.18  0.       -3559.374        658.008      -3140.846    0.000   0.000   0.000   0.
  2017 352 19  6 34 488 352.796232509       2.55     -2.26     -0.18  0.       -3557.224        655.593      -3141.786    0.000   0.000   0.000   0.
  2017 352 19  6 35 488 352.796244083       2.58     -2.24     -0.17  0.       -3555.072        653.179      -3142.725    0.000   0.000   0.000   0.
  2017 352 19  6 36 488 352.796255657       2.57     -2.24     -0.15  0.       -3552.918        650.764      -3143.662    0.000   0.000   0.000   0.
  2017 352 19  6 37 488 352.796267231       2.63     -2.25     -0.14  0.       -3550.763        648.348      -3144.598    0.000   0.000   0.000   0.
  2017 352 19  6 38 488 352.796278805       2.64     -2.26     -0.08  0.       -3548.607        645.932      -3145.533    0.000   0.000   0.000   0.
  2017 352 19  6 39 488 352.796290379       2.66     -2.30     -0.06  0.       -3546.449        643.517      -3146.467    0.000   0.000   0.000   0.
  2017 352 19  6 40 488 352.796301953       2.79     -2.23     -0.00  0.       -3544.290        641.101      -3147.400    0.000   0.000   0.000   0.
  2017 352 19  6 41 488 352.796313527       2.80     -2.27     -0.01  0.       -3542.130        638.684      -3148.331    0.000   0.000   0.000   0.
  2017 352 19  6 42 488 352.796325101       2.75     -2.27     -0.02  0.       -3539.968        636.268      -3149.261    0.000   0.000   0.000   0.
  2017 352 19  6 43 488 352.796336675       2.72     -2.30     -0.03  0.       -3537.805        633.851      -3150.190    0.000   0.000   0.000   0.
  2017 352 19  6 44 488 352.796348249       2.80     -2.31      0.01  0.       -3535.640        631.434      -3151.118    0.000   0.000   0.000   0.
  2017 352 19  6 45 488 352.796359823       2.88     -2.29      0.06  0.       -3533.475        629.017      -3152.044    0.000   0.000   0.000   0.
  2017 352 19  6 46 488 352.796371398       2.93     -2.32      0.13  0.       -3531.307        626.599      -3152.969    0.000   0.000   0.000   0.
  2017 352 19  6 47 488 352.796382972       3.00     -2.33      0.18  0.       -3529.139        624.181      -3153.893    0.000   0.000   0.000   0.
  2017 352 19  6 48 488 352.796394546       3.03     -2.35      0.20  0.       -3526.968        621.763      -3154.816    0.000   0.000   0.000   0.
  2017 352 19  6 49 488 352.796406120       3.01     -2.36      0.19  0.       -3524.797        619.345      -3155.737    0.000   0.000   0.000   0.
  2017 352 19  6 50 488 352.796417694       2.98     -2.35      0.17  0.       -3522.624        616.926      -3156.657    0.000   0.000   0.000   0.
  2017 352 19  6 51 488 352.796429268       3.00     -2.33      0.16  0.       -3520.450        614.508      -3157.576    0.000   0.000   0.000   0.
  2017 352 19  6 52 488 352.796440842       3.03     -2.34      0.14  0.       -3518.274        612.089      -3158.494    0.000   0.000   0.000   0.
  2017 352 19  6 53 488 352.796452416       3.07     -2.32      0.21  0.       -3516.097        609.669      -3159.411    0.000   0.000   0.000   0.
  2017 352 19  6 54 488 352.796463990       3.10     -2.34      0.23  0.       -3513.919        607.250      -3160.326    0.000   0.000   0.000   0.
  2017 352 19  6 55 488 352.796475564       3.13     -2.33      0.25  0.       -3511.739        604.830      -3161.240    0.000   0.000   0.000   0.
  2017 352 19  6 56 488 352.796487138       3.17     -2.35      0.28  0.       -3509.558        602.410      -3162.152    0.000   0.000   0.000   0.
  2017 352 19  6 57 488 352.796498712       3.25     -2.32      0.31  0.       -3507.376        599.990      -3163.064    0.000   0.000   0.000   0.
  2017 352 19  6 58 488 352.796510286       3.28     -2.31      0.35  0.       -3505.192        597.569      -3163.974    0.000   0.000   0.000   0.
  2017 352 19  6 59 488 352.796521861       3.30     -2.33      0.34  0.       -3503.006        595.149      -3164.883    0.000   0.000   0.000   0.
  2017 352 19  7  0 488 352.796533435       3.26     -2.35      0.33  0.       -3500.820        592.728      -3165.791    0.000   0.000   0.000   0.
  2017 352 19  7  1 488 352.796545009       3.29     -2.34      0.36  0.       -3498.632        590.307      -3166.697    0.000   0.000   0.000   0.
  2017 352 19  7  2 488 352.796556583       3.31     -2.28      0.36  0.       -3496.442        587.885      -3167.602    0.000   0.000   0.000   0.
  2017 352 19  7  3 488 352.796568156       3.33     -2.30      0.31  0.       -3494.251        585.464      -3168.506    0.000   0.000   0.000   0.
  2017 352 19  7  4 488 352.796579728       3.33     -2.29      0.32  0.       -3492.059        583.042      -3169.409    0.000   0.000   0.000   0.
  2017 352 19  7  5 488 352.796591302       3.33     -2.28      0.30  0.       -3489.865        580.620      -3170.310    0.000   0.000   0.000   0.
  2017 352 19  7  6 488 352.796602876       3.34     -2.28      0.32  0.       -3487.670        578.197      -3171.210    0.000   0.000   0.000   0.
  2017 352 19  7  7 488 352.796614450       3.36     -2.29      0.29  0.       -3485.474        575.775      -3172.109    0.000   0.000   0.000   0.
  2017 352 19  7  8 488 352.796626024       3.43     -2.28      0.32  0.       -3483.276        573.352      -3173.007    0.000   0.000   0.000   0.
  2017 352 19  7  9 488 352.796637598       3.49     -2.24      0.36  0.       -3481.077        570.929      -3173.903    0.000   0.000   0.000   0.
  2017 352 19  7 10 488 352.796649172       3.53     -2.24      0.41  0.       -3478.876        568.506      -3174.798    0.000   0.000   0.000   0.
  2017 352 19  7 11 488 352.796660746       3.62     -2.21      0.41  0.       -3476.674        566.082      -3175.692    0.000   0.000   0.000   0.
  2017 352 19  7 12 488 352.796672321       3.64     -2.21      0.42  0.       -3474.471        563.658      -3176.585    0.000   0.000   0.000   0.
  2017 352 19  7 13 488 352.796683895       3.62     -2.18      0.48  0.       -3472.266        561.234      -3177.476    0.000   0.000   0.000   0.
  2017 352 19  7 14 488 352.796695469       3.62     -2.21      0.46  0.       -3470.060        558.810      -3178.366    0.000   0.000   0.000   0.
  2017 352 19  7 15 488 352.796707043       3.64     -2.17      0.47  0.       -3467.852        556.386      -3179.254    0.000   0.000   0.000   0.
  2017 352 19  7 16 488 352.796718617       3.63     -2.19      0.45  0.       -3465.643        553.961      -3180.142    0.000   0.000   0.000   0.
  2017 352 19  7 17 488 352.796730191       3.63     -2.17      0.47  0.       -3463.433        551.537      -3181.028    0.000   0.000   0.000   0.
  2017 352 19  7 18 488 352.796741765       3.66     -2.19      0.49  0.       -3461.221        549.111      -3181.913    0.000   0.000   0.000   0.
  2017 352 19  7 19 488 352.796753339       3.64     -2.20      0.45  0.       -3459.008        546.686      -3182.796    0.000   0.000   0.000   0.
  2017 352 19  7 20 488 352.796764913       3.66     -2.20      0.47  0.       -3456.794        544.261      -3183.679    0.000   0.000   0.000   0.
  2017 352 19  7 21 488 352.796776487       3.65     -2.22      0.46  0.       -3454.578        541.835      -3184.560    0.000   0.000   0.000   0.
  2017 352 19  7 22 488 352.796788061       3.64     -2.20      0.48  0.       -3452.361        539.409      -3185.439    0.000   0.000   0.000   0.
  2017 352 19  7 23 488 352.796799635       3.68     -2.19      0.47  0.       -3450.142        536.983      -3186.318    0.000   0.000   0.000   0.
  2017 352 19  7 24 488 352.796811209       3.69     -2.19      0.52  0.       -3447.922        534.556      -3187.195    0.000   0.000   0.000   0.
  2017 352 19  7 25 488 352.796822784       3.72     -2.19      0.51  0.       -3445.700        532.130      -3188.071    0.000   0.000   0.000   0.
  2017 352 19  7 26 488 352.796834358       3.71     -2.19      0.52  0.       -3443.477        529.703      -3188.945    0.000   0.000   0.000   0.
  2017 352 19  7 27 488 352.796845932       3.69     -2.23      0.50  0.       -3441.253        527.276      -3189.818    0.000   0.000   0.000   0.
  2017 352 19  7 28 488 352.796857506       3.74     -2.20      0.54  0.       -3439.028        524.849      -3190.690    0.000   0.000   0.000   0.
  2017 352 19  7 29 488 352.796869080       3.79     -2.19      0.56  0.       -3436.800        522.421      -3191.561    0.000   0.000   0.000   0.
  2017 352 19  7 30 488 352.796880654       3.84     -2.19      0.58  0.       -3434.572        519.994      -3192.430    0.000   0.000   0.000   0.
  2017 352 19  7 31 488 352.796892228       3.84     -2.19      0.55  0.       -3432.342        517.566      -3193.298    0.000   0.000   0.000   0.
  2017 352 19  7 32 488 352.796903802       3.86     -2.19      0.56  0.       -3430.111        515.138      -3194.165    0.000   0.000   0.000   0.
  2017 352 19  7 33 488 352.796915375       3.85     -2.17      0.56  0.       -3427.878        512.709      -3195.031    0.000   0.000   0.000   0.
  2017 352 19  7 34 488 352.796926947       3.88     -2.18      0.55  0.       -3425.644        510.281      -3195.895    0.000   0.000   0.000   0.
  2017 352 19  7 35 488 352.796938521       3.85     -2.17      0.57  0.       -3423.409        507.852      -3196.757    0.000   0.000   0.000   0.
  2017 352 19  7 36 488 352.796950096       3.89     -2.16      0.57  0.       -3421.172        505.423      -3197.619    0.000   0.000   0.000   0.
  2017 352 19  7 37 488 352.796961670       3.95     -2.16      0.60  0.       -3418.934        502.994      -3198.479    0.000   0.000   0.000   0.
  2017 352 19  7 38 488 352.796973244       3.95     -2.16      0.58  0.       -3416.694        500.565      -3199.338    0.000   0.000   0.000   0.
  2017 352 19  7 39 488 352.796984818       3.95     -2.16      0.60  0.       -3414.453        498.135      -3200.196    0.000   0.000   0.000   0.
  2017 352 19  7 40 488 352.796996392       3.96     -2.15      0.58  0.       -3412.211        495.705      -3201.052    0.000   0.000   0.000   0.
  2017 352 19  7 41 488 352.797007966       4.00     -2.14      0.61  0.       -3409.967        493.275      -3201.907    0.000   0.000   0.000   0.
  2017 352 19  7 42 488 352.797019540       3.98     -2.16      0.62  0.       -3407.722        490.845      -3202.761    0.000   0.000   0.000   0.
  2017 352 19  7 43 488 352.797031114       4.02     -2.14      0.62  0.       -3405.475        488.415      -3203.613    0.000   0.000   0.000   0.
  2017 352 19  7 44 488 352.797042688       4.06     -2.12      0.66  0.       -3403.227        485.984      -3204.464    0.000   0.000   0.000   0.
  2017 352 19  7 45 488 352.797054262       4.07     -2.13      0.64  0.       -3400.978        483.554      -3205.314    0.000   0.000   0.000   0.
  2017 352 19  7 46 488 352.797065836       4.09     -2.09      0.65  0.       -3398.727        481.123      -3206.162    0.000   0.000   0.000   0.
  2017 352 19  7 47 488 352.797077410       4.09     -2.10      0.65  0.       -3396.475        478.692      -3207.009    0.000   0.000   0.000   0.
  2017 352 19  7 48 488 352.797088984       4.11     -2.08      0.70  0.       -3394.221        476.260      -3207.855    0.000   0.000   0.000   0.
  2017 352 19  7 49 488 352.797100558       4.14     -2.07      0.68  0.       -3391.966        473.829      -3208.699    0.000   0.000   0.000   0.
  2017 352 19  7 50 488 352.797112133       4.19     -2.07      0.69  0.       -3389.710        471.397      -3209.542    0.000   0.000   0.000   0.
  2017 352 19  7 51 488 352.797123707       4.20     -2.05      0.70  0.       -3387.452        468.965      -3210.384    0.000   0.000   0.000   0.
  2017 352 19  7 52 488 352.797135281       4.24     -2.05      0.75  0.       -3385.193        466.533      -3211.224    0.000   0.000   0.000   0.
  2017 352 19  7 53 488 352.797146855       4.24     -2.01      0.77  0.       -3382.932        464.100      -3212.063    0.000   0.000   0.000   0.
  2017 352 19  7 54 488 352.797158429       4.30     -2.04      0.74  0.       -3380.670        461.668      -3212.901    0.000   0.000   0.000   0.
  2017 352 19  7 55 488 352.797170003       4.34     -2.01      0.77  0.       -3378.406        459.235      -3213.738    0.000   0.000   0.000   0.
  2017 352 19  7 56 488 352.797181577       4.34     -2.00      0.79  0.       -3376.142        456.802      -3214.573    0.000   0.000   0.000   0.
  2017 352 19  7 57 488 352.797193151       4.35     -2.01      0.80  0.       -3373.875        454.369      -3215.406    0.000   0.000   0.000   0.
  2017 352 19  7 58 488 352.797204725       4.37     -1.99      0.79  0.       -3371.608        451.936      -3216.239    0.000   0.000   0.000   0.
  2017 352 19  7 59 488 352.797216299       4.45     -1.97      0.82  0.       -3369.339        449.502      -3217.070    0.000   0.000   0.000   0.
  2017 352 19  8  0 488 352.797227873       4.45     -1.95      0.81  0.       -3367.068        447.069      -3217.900    0.000   0.000   0.000   0.
  2017 352 19  8  1 488 352.797239447       4.45     -1.95      0.82  0.       -3364.797        444.635      -3218.728    0.000   0.000   0.000   0.
  2017 352 19  8  2 488 352.797251021       4.51     -1.94      0.85  0.       -3362.523        442.201      -3219.555    0.000   0.000   0.000   0.
  2017 352 19  8  3 487 352.797262595       4.56     -1.94      0.87  0.       -3360.249        439.767      -3220.381    0.000   0.000   0.000   0.
  2017 352 19  8  4 488 352.797274167       4.60     -1.92      0.94  0.       -3357.973        437.332      -3221.205    0.000   0.000   0.000   0.
  2017 352 19  8  5 488 352.797285741       4.63     -1.93      0.94  0.       -3355.695        434.897      -3222.028    0.000   0.000   0.000   0.
  2017 352 19  8  6 488 352.797297315       4.69     -1.89      0.97  0.       -3353.416        432.463      -3222.849    0.000   0.000   0.000   0.
  2017 352 19  8  7 488 352.797308889       4.78     -1.86      1.00  0.       -3351.136        430.028      -3223.670    0.000   0.000   0.000   0.
  2017 352 19  8  8 488 352.797320463       4.82     -1.86      1.01  0.       -3348.855        427.593      -3224.489    0.000   0.000   0.000   0.
  2017 352 19  8  9 487 352.797332037       4.82     -1.87      1.06  0.       -3346.572        425.157      -3225.306    0.000   0.000   0.000   0.
  2017 352 19  8 10 487 352.797343611       4.87     -1.86      1.01  0.       -3344.287        422.722      -3226.122    0.000   0.000   0.000   0.
  2017 352 19  8 11 487 352.797355185       4.82     -1.88      1.09  0.       -3342.001        420.286      -3226.937    0.000   0.000   0.000   0.
  2017 352 19  8 12 487 352.797366759       4.86     -1.88      1.10  0.       -3339.714        417.850      -3227.751    0.000   0.000   0.000   0.
  2017 352 19  8 13 487 352.797378333       4.86     -1.87      1.09  0.       -3337.425        415.414      -3228.563    0.000   0.000   0.000   0.
  2017 352 19  8 14 488 352.797389907       4.90     -1.84      1.07  0.       -3335.135        412.978      -3229.374    0.000   0.000   0.000   0.
  2017 352 19  8 15 488 352.797401482       4.91     -1.83      1.09  0.       -3332.844        410.542      -3230.183    0.000   0.000   0.000   0.
  2017 352 19  8 16 487 352.797413056       4.95     -1.83      1.11  0.       -3330.551        408.105      -3230.991    0.000   0.000   0.000   0.
  2017 352 19  8 17 487 352.797424630       4.98     -1.82      1.12  0.       -3328.257        405.668      -3231.798    0.000   0.000   0.000   0.
  2017 352 19  8 18 488 352.797436204       4.99     -1.80      1.15  0.       -3325.961        403.231      -3232.603    0.000   0.000   0.000   0.
  2017 352 19  8 19 488 352.797447778       5.02     -1.81      1.19  0.       -3323.664        400.794      -3233.407    0.000   0.000   0.000   0.
  2017 352 19  8 20 488 352.797459352       5.06     -1.84      1.26  0.       -3321.365        398.357      -3234.210    0.000   0.000   0.000   0.
  2017 352 19  8 21 488 352.797470926       5.08     -1.85      1.27  0.       -3319.065        395.920      -3235.011    0.000   0.000   0.000   0.
  2017 352 19  8 22 488 352.797482500       5.10     -1.85      1.31  0.       -3316.764        393.482      -3235.811    0.000   0.000   0.000   0.
  2017 352 19  8 23 487 352.797494074       5.10     -1.85      1.30  0.       -3314.461        391.044      -3236.609    0.000   0.000   0.000   0.
  2017 352 19  8 24 487 352.797505648       5.10     -1.86      1.35  0.       -3312.157        388.606      -3237.406    0.000   0.000   0.000   0.
  2017 352 19  8 25 487 352.797517222       5.16     -1.86      1.36  0.       -3309.852        386.168      -3238.202    0.000   0.000   0.000   0.
  2017 352 19  8 26 487 352.797528796       5.17     -1.85      1.39  0.       -3307.545        383.730      -3238.996    0.000   0.000   0.000   0.
  2017 352 19  8 27 488 352.797540370       5.18     -1.83      1.43  0.       -3305.236        381.292      -3239.789    0.000   0.000   0.000   0.
  2017 352 19  8 28 488 352.797551944       5.21     -1.86      1.44  0.       -3302.926        378.853      -3240.581    0.000   0.000   0.000   0.
  2017 352 19  8 29 487 352.797563519       5.18     -1.83      1.48  0.       -3300.615        376.414      -3241.371    0.000   0.000   0.000   0.
  2017 352 19  8 30 487 352.797575093       5.21     -1.85      1.50  0.       -3298.303        373.975      -3242.159    0.000   0.000   0.000   0.
  2017 352 19  8 31 488 352.797586667       5.21     -1.83      1.55  0.       -3295.989        371.536      -3242.947    0.000   0.000   0.000   0.
  2017 352 19  8 32 488 352.797598241       5.26     -1.83      1.54  0.       -3293.673        369.097      -3243.733    0.000   0.000   0.000   0.
  2017 352 19  8 33 488 352.797609814       5.34     -1.81      1.55  0.       -3291.357        366.658      -3244.517    0.000   0.000   0.000   0.
  2017 352 19  8 34 487 352.797621386       5.33     -1.79      1.56  0.       -3289.038        364.218      -3245.301    0.000   0.000   0.000   0.
  2017 352 19  8 35 487 352.797632960       5.37     -1.82      1.59  0.       -3286.719        361.779      -3246.082    0.000   0.000   0.000   0.
  2017 352 19  8 36 487 352.797644534       5.36     -1.82      1.58  0.       -3284.398        359.339      -3246.863    0.000   0.000   0.000   0.
  2017 352 19  8 37 487 352.797656108       5.38     -1.82      1.58  0.       -3282.075        356.899      -3247.642    0.000   0.000   0.000   0.
  2017 352 19  8 38 487 352.797667682       5.35     -1.83      1.61  0.       -3279.751        354.458      -3248.420    0.000   0.000   0.000   0.
  2017 352 19  8 39 487 352.797679256       5.25     -1.87      1.58  0.       -3277.426        352.018      -3249.196    0.000   0.000   0.000   0.
  2017 352 19  8 40 487 352.797690830       5.30     -1.87      1.59  0.       -3275.099        349.578      -3249.971    0.000   0.000   0.000   0.
  2017 352 19  8 41 487 352.797702404       5.32     -1.82      1.56  0.       -3272.771        347.137      -3250.744    0.000   0.000   0.000   0.
  2017 352 19  8 42 487 352.797713979       5.33     -1.84      1.59  0.       -3270.442        344.696      -3251.516    0.000   0.000   0.000   0.
  2017 352 19  8 43 487 352.797725553       5.36     -1.80      1.61  0.       -3268.111        342.255      -3252.287    0.000   0.000   0.000   0.
  2017 352 19  8 44 487 352.797737127       5.42     -1.82      1.64  0.       -3265.779        339.814      -3253.056    0.000   0.000   0.000   0.
  2017 352 19  8 45 487 352.797748701       5.40     -1.81      1.68  0.       -3263.445        337.373      -3253.824    0.000   0.000   0.000   0.
  2017 352 19  8 46 487 352.797760275       5.42     -1.81      1.71  0.       -3261.110        334.932      -3254.590    0.000   0.000   0.000   0.
  2017 352 19  8 47 487 352.797771849       5.46     -1.79      1.75  0.       -3258.773        332.490      -3255.355    0.000   0.000   0.000   0.
  2017 352 19  8 48 487 352.797783423       5.49     -1.75      1.75  0.       -3256.435        330.049      -3256.119    0.000   0.000   0.000   0.
  2017 352 19  8 49 487 352.797794997       5.51     -1.72      1.76  0.       -3254.096        327.607      -3256.881    0.000   0.000   0.000   0.
  2017 352 19  8 50 487 352.797806571       5.50     -1.70      1.73  0.       -3251.755        325.165      -3257.641    0.000   0.000   0.000   0.
  2017 352 19  8 51 487 352.797818145       5.47     -1.70      1.74  0.       -3249.413        322.723      -3258.401    0.000   0.000   0.000   0.
  2017 352 19  8 52 487 352.797829719       5.49     -1.67      1.74  0.       -3247.069        320.280      -3259.159    0.000   0.000   0.000   0.
  2017 352 19  8 53 487 352.797841293       5.44     -1.69      1.74  0.       -3244.724        317.838      -3259.915    0.000   0.000   0.000   0.
  2017 352 19  8 54 487 352.797852867       5.43     -1.69      1.74  0.       -3242.378        315.395      -3260.670    0.000   0.000   0.000   0.
  2017 352 19  8 55 487 352.797864442       5.44     -1.70      1.76  0.       -3240.030        312.953      -3261.424    0.000   0.000   0.000   0.
  2017 352 19  8 56 487 352.797876016       5.43     -1.70      1.73  0.       -3237.681        310.510      -3262.176    0.000   0.000   0.000   0.
  2017 352 19  8 57 487 352.797887590       5.43     -1.69      1.75  0.       -3235.330        308.067      -3262.927    0.000   0.000   0.000   0.
  2017 352 19  8 58 487 352.797899164       5.47     -1.67      1.78  0.       -3232.978        305.624      -3263.676    0.000   0.000   0.000   0.
  2017 352 19  8 59 487 352.797910738       5.50     -1.66      1.83  0.       -3230.624        303.181      -3264.424    0.000   0.000   0.000   0.
  2017 352 19  9  0 487 352.797922312       5.67     -1.62      1.86  0.       -3228.269        300.738      -3265.170    0.000   0.000   0.000   0.
  2017 352 19  9  1 487 352.797933886       5.65     -1.63      1.91  0.       -3225.913        298.294      -3265.916    0.000   0.000   0.000   0.
  2017 352 19  9  2 487 352.797945460       5.68     -1.59      1.95  0.       -3223.555        295.851      -3266.659    0.000   0.000   0.000   0.
  2017 352 19  9  3 487 352.797957033       5.71     -1.60      2.00  0.       -3221.196        293.407      -3267.401    0.000   0.000   0.000   0.
  2017 352 19  9  4 487 352.797968605       5.77     -1.59      2.02  0.       -3218.836        290.963      -3268.142    0.000   0.000   0.000   0.
  2017 352 19  9  5 487 352.797980179       5.76     -1.58      2.04  0.       -3216.474        288.519      -3268.881    0.000   0.000   0.000   0.
  2017 352 19  9  6 487 352.797991754       5.74     -1.56      2.04  0.       -3214.110        286.075      -3269.619    0.000   0.000   0.000   0.
  2017 352 19  9  7 487 352.798003328       5.70     -1.57      2.05  0.       -3211.745        283.631      -3270.356    0.000   0.000   0.000   0.
  2017 352 19  9  8 487 352.798014902       5.70     -1.54      2.05  0.       -3209.379        281.186      -3271.091    0.000   0.000   0.000   0.
  2017 352 19  9  9 487 352.798026476       5.67     -1.50      2.06  0.       -3207.012        278.742      -3271.824    0.000   0.000   0.000   0.
  2017 352 19  9 10 487 352.798038050       5.67     -1.45      2.06  0.       -3204.643        276.297      -3272.556    0.000   0.000   0.000   0.
  2017 352 19  9 11 487 352.798049624       5.68     -1.45      2.04  0.       -3202.272        273.853      -3273.287    0.000   0.000   0.000   0.
  2017 352 19  9 12 487 352.798061198       5.70     -1.42      2.07  0.       -3199.900        271.408      -3274.016    0.000   0.000   0.000   0.
  2017 352 19  9 13 487 352.798072772       5.78     -1.39      2.07  0.       -3197.527        268.963      -3274.744    0.000   0.000   0.000   0.
  2017 352 19  9 14 487 352.798084346       5.81     -1.38      2.12  0.       -3195.152        266.518      -3275.470    0.000   0.000   0.000   0.
  2017 352 19  9 15 487 352.798095920       5.84     -1.35      2.10  0.       -3192.776        264.073      -3276.195    0.000   0.000   0.000   0.
  2017 352 19  9 16 487 352.798107494       5.88     -1.35      2.13  0.       -3190.398        261.627      -3276.918    0.000   0.000   0.000   0.
  2017 352 19  9 17 487 352.798119068       5.87     -1.33      2.17  0.       -3188.019        259.182      -3277.640    0.000   0.000   0.000   0.
  2017 352 19  9 18 487 352.798130642       5.89     -1.34      2.17  0.       -3185.639        256.736      -3278.361    0.000   0.000   0.000   0.
  2017 352 19  9 19 487 352.798142216       5.86     -1.33      2.18  0.       -3183.257        254.291      -3279.080    0.000   0.000   0.000   0.
  2017 352 19  9 20 487 352.798153791       5.93     -1.33      2.23  0.       -3180.874        251.845      -3279.797    0.000   0.000   0.000   0.
  2017 352 19  9 21 487 352.798165365       5.97     -1.30      2.24  0.       -3178.489        249.399      -3280.513    0.000   0.000   0.000   0.
  2017 352 19  9 22 487 352.798176939       5.98     -1.29      2.27  0.       -3176.103        246.953      -3281.228    0.000   0.000   0.000   0.
  2017 352 19  9 23 487 352.798188513       6.03     -1.28      2.24  0.       -3173.716        244.507      -3281.941    0.000   0.000   0.000   0.
  2017 352 19  9 24 487 352.798200087       6.01     -1.29      2.27  0.       -3171.327        242.060      -3282.653    0.000   0.000   0.000   0.
  2017 352 19  9 25 487 352.798211661       6.07     -1.28      2.28  0.       -3168.937        239.614      -3283.363    0.000   0.000   0.000   0.
  2017 352 19  9 26 487 352.798223235       6.11     -1.24      2.33  0.       -3166.545        237.168      -3284.072    0.000   0.000   0.000   0.
  2017 352 19  9 27 487 352.798234809       6.15     -1.21      2.34  0.       -3164.152        234.721      -3284.779    0.000   0.000   0.000   0.
  2017 352 19  9 28 487 352.798246383       6.22     -1.16      2.36  0.       -3161.757        232.274      -3285.485    0.000   0.000   0.000   0.
  2017 352 19  9 29 487 352.798257957       6.21     -1.12      2.40  0.       -3159.361        229.828      -3286.189    0.000   0.000   0.000   0.
  2017 352 19  9 30 487 352.798269531       6.28     -1.06      2.42  0.       -3156.964        227.381      -3286.892    0.000   0.000   0.000   0.
  2017 352 19  9 31 487 352.798281105       6.35     -1.01      2.49  0.       -3154.565        224.934      -3287.593    0.000   0.000   0.000   0.
  2017 352 19  9 32 487 352.798292679       6.43     -1.00      2.50  0.       -3152.165        222.487      -3288.293    0.000   0.000   0.000   0.
  2017 352 19  9 33 487 352.798304253       6.46     -0.97      2.58  0.       -3149.763        220.040      -3288.991    0.000   0.000   0.000   0.
  2017 352 19  9 34 487 352.798315825       6.46     -0.98      2.62  0.       -3147.360        217.592      -3289.688    0.000   0.000   0.000   0.
  2017 352 19  9 35 487 352.798327399       6.50     -0.92      2.63  0.       -3144.956        215.145      -3290.384    0.000   0.000   0.000   0.
  2017 352 19  9 36 487 352.798338973       6.51     -0.89      2.64  0.       -3142.550        212.697      -3291.078    0.000   0.000   0.000   0.
  2017 352 19  9 37 487 352.798350547       6.52     -0.87      2.62  0.       -3140.143        210.250      -3291.770    0.000   0.000   0.000   0.
  2017 352 19  9 38 487 352.798362121       6.52     -0.81      2.65  0.       -3137.734        207.802      -3292.461    0.000   0.000   0.000   0.
  2017 352 19  9 39 487 352.798373695       6.63     -0.79      2.70  0.       -3135.324        205.354      -3293.151    0.000   0.000   0.000   0.
  2017 352 19  9 40 487 352.798385269       6.66     -0.74      2.72  0.       -3132.912        202.906      -3293.839    0.000   0.000   0.000   0.
  2017 352 19  9 41 487 352.798396843       6.76     -0.72      2.77  0.       -3130.499        200.458      -3294.525    0.000   0.000   0.000   0.
  2017 352 19  9 42 487 352.798408417       6.85     -0.70      2.78  0.       -3128.085        198.011      -3295.210    0.000   0.000   0.000   0.
  2017 352 19  9 43 487 352.798419991       6.95     -0.66      2.81  0.       -3125.669        195.562      -3295.894    0.000   0.000   0.000   0.
  2017 352 19  9 44 487 352.798431565       6.91     -0.73      2.83  0.       -3123.252        193.114      -3296.575    0.000   0.000   0.000   0.
  2017 352 19  9 45 487 352.798443139       6.83     -0.69      2.86  0.       -3120.833        190.666      -3297.256    0.000   0.000   0.000   0.
  2017 352 19  9 46 487 352.798454714       6.86     -0.59      2.88  0.       -3118.413        188.217      -3297.935    0.000   0.000   0.000   0.
  2017 352 19  9 47 487 352.798466288       6.86     -0.54      2.87  0.       -3115.992        185.769      -3298.612    0.000   0.000   0.000   0.
  2017 352 19  9 48 487 352.798477862       6.82     -0.53      2.82  0.       -3113.569        183.320      -3299.288    0.000   0.000   0.000   0.
  2017 352 19  9 49 487 352.798489436       6.81     -0.50      2.81  0.       -3111.144        180.872      -3299.963    0.000   0.000   0.000   0.
  2017 352 19  9 50 487 352.798501010       6.74     -0.49      2.80  0.       -3108.719        178.423      -3300.635    0.000   0.000   0.000   0.
  2017 352 19  9 51 487 352.798512584       6.73     -0.46      2.82  0.       -3106.292        175.974      -3301.307    0.000   0.000   0.000   0.
  2017 352 19  9 52 487 352.798524158       6.72     -0.41      2.84  0.       -3103.863        173.525      -3301.977    0.000   0.000   0.000   0.
  2017 352 19  9 53 487 352.798535732       6.76     -0.36      2.83  0.       -3101.433        171.076      -3302.646    0.000   0.000   0.000   0.
  2017 352 19  9 54 487 352.798547306       6.71     -0.30      2.84  0.       -3099.002        168.627      -3303.312    0.000   0.000   0.000   0.
  2017 352 19  9 55 487 352.798558880       6.68     -0.29      2.80  0.       -3096.569        166.178      -3303.978    0.000   0.000   0.000   0.
  2017 352 19  9 56 487 352.798570454       6.58     -0.25      2.76  0.       -3094.135        163.729      -3304.642    0.000   0.000   0.000   0.
  2017 352 19  9 57 487 352.798582028       6.55     -0.23      2.69  0.       -3091.699        161.279      -3305.304    0.000   0.000   0.000   0.
  2017 352 19  9 58 487 352.798593602       6.57     -0.22      2.72  0.       -3089.262        158.830      -3305.965    0.000   0.000   0.000   0.
  2017 352 19  9 59 487 352.798605177       6.52     -0.19      2.72  0.       -3086.823        156.381      -3306.624    0.000   0.000   0.000   0.
  2017 352 19 10  0 487 352.798616751       6.42     -0.18      2.68  0.       -3084.383        153.931      -3307.282    0.000   0.000   0.000   0.
  2017 352 19 10  1 487 352.798628324       6.39     -0.13      2.72  0.       -3081.942        151.481      -3307.938    0.000   0.000   0.000   0.
  2017 352 19 10  2 487 352.798639896       6.33     -0.14      2.75  0.       -3079.499        149.032      -3308.593    0.000   0.000   0.000   0.
  2017 352 19 10  3 487 352.798651470       6.32     -0.17      2.76  0.       -3077.055        146.582      -3309.246    0.000   0.000   0.000   0.
  2017 352 19 10  4 487 352.798663044       6.37     -0.15      2.78  0.       -3074.609        144.132      -3309.898    0.000   0.000   0.000   0.
  2017 352 19 10  5 486 352.798674618       6.38     -0.11      2.77  0.       -3072.162        141.682      -3310.548    0.000   0.000   0.000   0.
  2017 352 19 10  6 486 352.798686192       6.41     -0.07      2.82  0.       -3069.714        139.232      -3311.197    0.000   0.000   0.000   0.
  2017 352 19 10  7 486 352.798697766       6.38     -0.02      2.82  0.       -3067.264        136.782      -3311.844    0.000   0.000   0.000   0.
  2017 352 19 10  8 486 352.798709340       6.39      0.03      2.82  0.       -3064.813        134.332      -3312.489    0.000   0.000   0.000   0.
  2017 352 19 10  9 487 352.798720914       6.42      0.11      2.83  0.       -3062.360        131.882      -3313.133    0.000   0.000   0.000   0.
  2017 352 19 10 10 487 352.798732488       6.41      0.16      2.84  0.       -3059.906        129.432      -3313.776    0.000   0.000   0.000   0.
  2017 352 19 10 11 487 352.798744063       6.42      0.19      2.84  0.       -3057.450        126.982      -3314.417    0.000   0.000   0.000   0.
  2017 352 19 10 12 486 352.798755637       6.42      0.21      2.82  0.       -3054.993        124.531      -3315.056    0.000   0.000   0.000   0.
  2017 352 19 10 13 487 352.798767211       6.43      0.24      2.85  0.       -3052.535        122.081      -3315.694    0.000   0.000   0.000   0.
  2017 352 19 10 14 487 352.798778785       6.45      0.28      2.86  0.       -3050.075        119.631      -3316.330    0.000   0.000   0.000   0.
  2017 352 19 10 15 487 352.798790359       6.49      0.32      2.88  0.       -3047.614        117.180      -3316.965    0.000   0.000   0.000   0.
  2017 352 19 10 16 487 352.798801933       6.43      0.35      2.87  0.       -3045.151        114.730      -3317.598    0.000   0.000   0.000   0.
  2017 352 19 10 17 487 352.798813507       6.37      0.34      2.88  0.       -3042.687        112.279      -3318.230    0.000   0.000   0.000   0.
  2017 352 19 10 18 486 352.798825081       6.32      0.34      2.88  0.       -3040.222        109.828      -3318.860    0.000   0.000   0.000   0.
  2017 352 19 10 19 486 352.798836655       6.31      0.39      2.88  0.       -3037.755        107.378      -3319.488    0.000   0.000   0.000   0.
  2017 352 19 10 20 486 352.798848229       6.34      0.40      2.87  0.       -3035.286        104.927      -3320.115    0.000   0.000   0.000   0.
  2017 352 19 10 21 486 352.798859803       6.27      0.40      2.88  0.       -3032.816        102.476      -3320.741    0.000   0.000   0.000   0.
  2017 352 19 10 22 486 352.798871377       6.23      0.40      2.93  0.       -3030.345        100.025      -3321.365    0.000   0.000   0.000   0.
  2017 352 19 10 23 487 352.798882951       6.19      0.43      2.91  0.       -3027.873         97.574      -3321.987    0.000   0.000   0.000   0.
  2017 352 19 10 24 487 352.798894525       6.20      0.40      2.92  0.       -3025.399         95.123      -3322.608    0.000   0.000   0.000   0.
  2017 352 19 10 25 486 352.798906100       6.25      0.41      2.94  0.       -3022.923         92.672      -3323.227    0.000   0.000   0.000   0.
  2017 352 19 10 26 486 352.798917674       6.21      0.35      2.92  0.       -3020.446         90.221      -3323.844    0.000   0.000   0.000   0.
  2017 352 19 10 27 487 352.798929248       6.24      0.36      2.99  0.       -3017.968         87.770      -3324.460    0.000   0.000   0.000   0.
  2017 352 19 10 28 487 352.798940822       6.22      0.35      3.00  0.       -3015.488         85.319      -3325.075    0.000   0.000   0.000   0.
  2017 352 19 10 29 487 352.798952396       6.16      0.32      3.01  0.       -3013.007         82.868      -3325.688    0.000   0.000   0.000   0.
  2017 352 19 10 30 487 352.798963970       6.13      0.35      3.02  0.       -3010.525         80.417      -3326.299    0.000   0.000   0.000   0.
  2017 352 19 10 31 487 352.798975543       6.18      0.35      3.03  0.       -3008.041         77.965      -3326.909    0.000   0.000   0.000   0.
  2017 352 19 10 32 486 352.798987115       6.25      0.42      3.08  0.       -3005.555         75.514      -3327.517    0.000   0.000   0.000   0.
  2017 352 19 10 33 486 352.798998689       6.32      0.50      3.11  0.       -3003.068         73.063      -3328.124    0.000   0.000   0.000   0.
  2017 352 19 10 34 486 352.799010263       6.31      0.59      3.10  0.       -3000.580         70.612      -3328.729    0.000   0.000   0.000   0.
  2017 352 19 10 35 486 352.799021837       6.35      0.68      3.13  0.       -2998.091         68.160      -3329.332    0.000   0.000   0.000   0.
  2017 352 19 10 36 486 352.799033411       6.14      0.74      3.08  0.       -2995.599         65.709      -3329.934    0.000   0.000   0.000   0.
  2017 352 19 10 37 486 352.799044986       6.03      0.76      2.99  0.       -2993.107         63.257      -3330.534    0.000   0.000   0.000   0.
  2017 352 19 10 38 486 352.799056560       6.00      0.78      2.95  0.       -2990.613         60.806      -3331.133    0.000   0.000   0.000   0.
  2017 352 19 10 39 486 352.799068134       5.86      0.75      2.85  0.       -2988.118         58.354      -3331.730    0.000   0.000   0.000   0.
  2017 352 19 10 40 486 352.799079708       5.79      0.75      2.71  0.       -2985.621         55.903      -3332.325    0.000   0.000   0.000   0.
  2017 352 19 10 41 486 352.799091282       5.80      0.82      2.58  0.       -2983.123         53.451      -3332.919    0.000   0.000   0.000   0.
  2017 352 19 10 42 486 352.799102856       5.67      0.91      2.55  0.       -2980.623         50.999      -3333.512    0.000   0.000   0.000   0.
  2017 352 19 10 43 486 352.799114430       5.71      1.03      2.47  0.       -2978.122         48.548      -3334.102    0.000   0.000   0.000   0.
  2017 352 19 10 44 486 352.799126004       5.66      1.16      2.36  0.       -2975.620         46.096      -3334.691    0.000   0.000   0.000   0.
  2017 352 19 10 45 486 352.799137578       5.74      1.36      2.32  0.       -2973.116         43.644      -3335.279    0.000   0.000   0.000   0.
  2017 352 19 10 46 486 352.799149152       5.72      1.50      2.20  0.       -2970.610         41.193      -3335.865    0.000   0.000   0.000   0.
  2017 352 19 10 47 486 352.799160726       5.61      1.64      2.08  0.       -2968.104         38.741      -3336.449    0.000   0.000   0.000   0.
  2017 352 19 10 48 486 352.799172300       5.55      1.79      1.87  0.       -2965.596         36.289      -3337.032    0.000   0.000   0.000   0.
  2017 352 19 10 49 486 352.799183874       5.36      1.91      1.67  0.       -2963.086         33.838      -3337.613    0.000   0.000   0.000   0.
  2017 352 19 10 50 486 352.799195448       5.20      2.03      1.46  0.       -2960.575         31.386      -3338.193    0.000   0.000   0.000   0.
  2017 352 19 10 51 486 352.799207023       5.12      2.18      1.27  0.       -2958.063         28.934      -3338.771    0.000   0.000   0.000   0.
  2017 352 19 10 52 486 352.799218597       5.12      2.30      1.16  0.       -2955.549         26.482      -3339.347    0.000   0.000   0.000   0.
  2017 352 19 10 53 486 352.799230171       5.04      2.30      1.20  0.       -2953.034         24.030      -3339.922    0.000   0.000   0.000   0.
  2017 352 19 10 54 486 352.799241745       4.93      2.30      1.17  0.       -2950.517         21.579      -3340.495    0.000   0.000   0.000   0.
  2017 352 19 10 55 486 352.799253319       4.88      2.35      1.16  0.       -2947.999         19.127      -3341.066    0.000   0.000   0.000   0.
  2017 352 19 10 56 486 352.799264893       4.77      2.32      1.09  0.       -2945.479         16.675      -3341.636    0.000   0.000   0.000   0.
  2017 352 19 10 57 486 352.799276467       4.88      2.45      1.02  0.       -2942.958         14.223      -3342.205    0.000   0.000   0.000   0.
  2017 352 19 10 58 486 352.799288041       4.82      2.54      0.89  0.       -2940.436         11.771      -3342.771    0.000   0.000   0.000   0.
  2017 352 19 10 59 486 352.799299615       4.74      2.53      0.71  0.       -2937.912          9.319      -3343.336    0.000   0.000   0.000   0.
  2017 352 19 11  0 486 352.799311189       4.77      2.61      0.65  0.       -2935.387          6.867      -3343.900    0.000   0.000   0.000   0.
  2017 352 19 11  1 486 352.799322763       4.76      2.67      0.56  0.       -2932.860          4.415      -3344.461    0.000   0.000   0.000   0.
  2017 352 19 11  2 486 352.799334334       4.76      2.79      0.53  0.       -2930.332          1.964      -3345.022    0.000   0.000   0.000   0.
  2017 352 19 11  3 486 352.799345909       4.60      2.72      0.52  0.       -2927.803         -0.488      -3345.580    0.000   0.000   0.000   0.
  2017 352 19 11  4 486 352.799357483       4.52      2.73      0.50  0.       -2925.272         -2.940      -3346.137    0.000   0.000   0.000   0.
  2017 352 19 11  5 486 352.799369057       4.45      2.67      0.68  0.       -2922.740         -5.392      -3346.692    0.000   0.000   0.000   0.
  2017 352 19 11  6 486 352.799380631       4.50      2.69      0.91  0.       -2920.206         -7.844      -3347.246    0.000   0.000   0.000   0.
  2017 352 19 11  7 486 352.799392205       4.40      2.69      0.98  0.       -2917.671        -10.296      -3347.798    0.000   0.000   0.000   0.
  2017 352 19 11  8 486 352.799403779       4.27      2.62      1.07  0.       -2915.134        -12.748      -3348.348    0.000   0.000   0.000   0.
  2017 352 19 11  9 486 352.799415353       4.21      2.54      1.22  0.       -2912.596        -15.200      -3348.897    0.000   0.000   0.000   0.
  2017 352 19 11 10 486 352.799426927       4.13      2.54      1.28  0.       -2910.057        -17.652      -3349.444    0.000   0.000   0.000   0.
  2017 352 19 11 11 486 352.799438501       3.99      2.58      1.22  0.       -2907.516        -20.103      -3349.990    0.000   0.000   0.000   0.
  2017 352 19 11 12 486 352.799450075       3.89      2.58      1.16  0.       -2904.974        -22.555      -3350.533    0.000   0.000   0.000   0.
  2017 352 19 11 13 486 352.799461649       3.81      2.62      1.19  0.       -2902.430        -25.007      -3351.076    0.000   0.000   0.000   0.
  2017 352 19 11 14 486 352.799473223       3.71      2.62      1.17  0.       -2899.885        -27.459      -3351.616    0.000   0.000   0.000   0.
  2017 352 19 11 15 486 352.799484797       3.66      2.62      1.18  0.       -2897.339        -29.911      -3352.155    0.000   0.000   0.000   0.
  2017 352 19 11 16 486 352.799496372       3.59      2.64      1.11  0.       -2894.791        -32.363      -3352.692    0.000   0.000   0.000   0.
  2017 352 19 11 17 486 352.799507946       3.53      2.68      1.10  0.       -2892.241        -34.814      -3353.228    0.000   0.000   0.000   0.
  2017 352 19 11 18 486 352.799519520       3.43      2.69      1.19  0.       -2889.691        -37.266      -3353.762    0.000   0.000   0.000   0.
  2017 352 19 11 19 486 352.799531094       3.34      2.71      1.31  0.       -2887.139        -39.718      -3354.294    0.000   0.000   0.000   0.
  2017 352 19 11 20 486 352.799542668       3.28      2.63      1.43  0.       -2884.585        -42.170      -3354.825    0.000   0.000   0.000   0.
  2017 352 19 11 21 486 352.799554242       3.33      2.61      1.71  0.       -2882.030        -44.622      -3355.354    0.000   0.000   0.000   0.
  2017 352 19 11 22 486 352.799565816       3.35      2.58      1.84  0.       -2879.473        -47.073      -3355.881    0.000   0.000   0.000   0.
  2017 352 19 11 23 486 352.799577390       3.38      2.61      1.94  0.       -2876.916        -49.525      -3356.407    0.000   0.000   0.000   0.
  2017 352 19 11 24 486 352.799588964       3.36      2.64      2.01  0.       -2874.356        -51.977      -3356.931    0.000   0.000   0.000   0.
  2017 352 19 11 25 486 352.799600538       3.34      2.65      2.05  0.       -2871.796        -54.428      -3357.453    0.000   0.000   0.000   0.
  2017 352 19 11 26 486 352.799612112       3.31      2.66      2.09  0.       -2869.233        -56.880      -3357.974    0.000   0.000   0.000   0.
  2017 352 19 11 27 486 352.799623686       3.25      2.67      2.16  0.       -2866.670        -59.331      -3358.493    0.000   0.000   0.000   0.
  2017 352 19 11 28 486 352.799635260       3.32      2.70      2.23  0.       -2864.105        -61.783      -3359.011    0.000   0.000   0.000   0.
  2017 352 19 11 29 486 352.799646835       3.29      2.70      2.32  0.       -2861.539        -64.235      -3359.526    0.000   0.000   0.000   0.
  2017 352 19 11 30 486 352.799658409       3.26      2.71      2.39  0.       -2858.971        -66.686      -3360.040    0.000   0.000   0.000   0.
  2017 352 19 11 31 486 352.799669983       3.28      2.74      2.51  0.       -2856.402        -69.138      -3360.553    0.000   0.000   0.000   0.
  2017 352 19 11 32 486 352.799681557       3.32      2.78      2.60  0.       -2853.831        -71.589      -3361.063    0.000   0.000   0.000   0.
  2017 352 19 11 33 486 352.799693130       3.30      2.81      2.55  0.       -2851.259        -74.040      -3361.572    0.000   0.000   0.000   0.
  2017 352 19 11 34 486 352.799704702       3.20      2.84      2.41  0.       -2848.685        -76.492      -3362.080    0.000   0.000   0.000   0.
  2017 352 19 11 35 486 352.799716276       3.10      2.80      2.51  0.       -2846.110        -78.943      -3362.585    0.000   0.000   0.000   0.
  2017 352 19 11 36 486 352.799727850       2.99      2.77      2.64  0.       -2843.534        -81.394      -3363.089    0.000   0.000   0.000   0.
  2017 352 19 11 37 486 352.799739424       2.93      2.73      2.85  0.       -2840.956        -83.846      -3363.592    0.000   0.000   0.000   0.
  2017 352 19 11 38 486 352.799750998       2.89      2.72      2.95  0.       -2838.377        -86.297      -3364.092    0.000   0.000   0.000   0.
  2017 352 19 11 39 486 352.799762572       2.86      2.74      3.03  0.       -2835.797        -88.748      -3364.591    0.000   0.000   0.000   0.
  2017 352 19 11 40 486 352.799774146       2.79      2.77      3.16  0.       -2833.215        -91.199      -3365.088    0.000   0.000   0.000   0.
  2017 352 19 11 41 486 352.799785721       2.79      2.77      3.28  0.       -2830.631        -93.650      -3365.584    0.000   0.000   0.000   0.
  2017 352 19 11 42 486 352.799797295       2.75      2.76      3.37  0.       -2828.046        -96.101      -3366.078    0.000   0.000   0.000   0.
  2017 352 19 11 43 486 352.799808869       2.72      2.80      3.44  0.       -2825.460        -98.552      -3366.570    0.000   0.000   0.000   0.
  2017 352 19 11 44 486 352.799820443       2.63      2.78      3.50  0.       -2822.873       -101.003      -3367.061    0.000   0.000   0.000   0.
  2017 352 19 11 45 486 352.799832017       2.61      2.79      3.55  0.       -2820.284       -103.454      -3367.549    0.000   0.000   0.000   0.
  2017 352 19 11 46 486 352.799843591       2.52      2.79      3.60  0.       -2817.693       -105.905      -3368.036    0.000   0.000   0.000   0.
  2017 352 19 11 47 486 352.799855165       2.43      2.72      3.57  0.       -2815.101       -108.356      -3368.522    0.000   0.000   0.000   0.
  2017 352 19 11 48 486 352.799866739       2.40      2.71      3.54  0.       -2812.508       -110.807      -3369.005    0.000   0.000   0.000   0.
  2017 352 19 11 49 486 352.799878313       2.28      2.70      3.55  0.       -2809.913       -113.257      -3369.487    0.000   0.000   0.000   0.
  2017 352 19 11 50 486 352.799889887       2.17      2.66      3.60  0.       -2807.317       -115.708      -3369.968    0.000   0.000   0.000   0.
  2017 352 19 11 51 486 352.799901461       2.09      2.58      3.47  0.       -2804.719       -118.158      -3370.446    0.000   0.000   0.000   0.
  2017 352 19 11 52 486 352.799913035       1.97      2.47      3.26  0.       -2802.120       -120.609      -3370.923    0.000   0.000   0.000   0.
  2017 352 19 11 53 486 352.799924609       1.82      2.38      2.90  0.       -2799.520       -123.059      -3371.398    0.000   0.000   0.000   0.
  2017 352 19 11 54 486 352.799936183       1.69      2.27      2.54  0.       -2796.918       -125.510      -3371.872    0.000   0.000   0.000   0.
  2017 352 19 11 55 486 352.799947758       1.51      2.17      2.40  0.       -2794.315       -127.960      -3372.344    0.000   0.000   0.000   0.
  2017 352 19 11 56 486 352.799959332       1.39      2.17      2.58  0.       -2791.710       -130.410      -3372.814    0.000   0.000   0.000   0.
  2017 352 19 11 57 486 352.799970906       1.27      2.17      2.78  0.       -2789.104       -132.861      -3373.282    0.000   0.000   0.000   0.
  2017 352 19 11 58 486 352.799982480       1.25      2.15      2.86  0.       -2786.496       -135.311      -3373.749    0.000   0.000   0.000   0.
  2017 352 19 11 59 486 352.799994054       1.11      2.13      2.95  0.       -2783.888       -137.761      -3374.213    0.000   0.000   0.000   0.
  2017 352 19 12  0 486 352.800005628       1.04      2.12      3.03  0.       -2781.277       -140.211      -3374.677    0.000   0.000   0.001   0.
  2017 352 19 12  1 485 352.800017201       0.93      2.07      3.00  0.       -2778.665       -142.661      -3375.138    0.000  -0.000   0.001   0.
  2017 352 19 12  2 485 352.800028773       0.74      1.95      2.98  0.       -2776.052       -145.111      -3375.598    0.000  -0.001   0.002   0.
  2017 352 19 12  3 485 352.800040347       0.49      1.86      3.07  0.       -2773.438       -147.560      -3376.056    0.000  -0.001   0.003   0.
  2017 352 19 12  4 485 352.800051921       0.32      1.78      3.18  0.       -2770.822       -150.010      -3376.512    0.000  -0.001   0.004   0.
  2017 352 19 12  5 486 352.800063495       0.31      1.90      3.44  0.       -2768.204       -152.460      -3376.967    0.000  -0.001   0.005   0.
  2017 352 19 12  6 486 352.800075069       0.33      2.04      3.69  0.       -2765.585       -154.909      -3377.419    0.000  -0.002   0.006   0.
  2017 352 19 12  7 485 352.800086644       0.34      2.13      3.77  0.       -2762.965       -157.359      -3377.870    0.000  -0.003   0.007   0.
  2017 352 19 12  8 485 352.800098218       0.24      2.17      3.83  0.       -2760.344       -159.808      -3378.320    0.000  -0.004   0.010   0.
  2017 352 19 12  9 486 352.800109792       0.36      2.23      3.79  0.       -2757.721       -162.258      -3378.768    0.000  -0.005   0.012   0.
  2017 352 19 12 10 486 352.800121366       0.46      2.26      3.64  0.       -2755.096       -164.707      -3379.213    0.000  -0.006   0.016   0.
  2017 352 19 12 11 486 352.800132940       0.47      2.23      3.45  0.       -2752.470       -167.156      -3379.657    0.000  -0.007   0.018   0.
  2017 352 19 12 12 486 352.800144514       0.53      2.20      3.37  0.       -2749.843       -169.605      -3380.100    0.000  -0.008   0.022   0.
  2017 352 19 12 13 486 352.800156088       0.40      2.10      3.34  0.       -2747.214       -172.054      -3380.540    0.000  -0.009   0.024   0.
  2017 352 19 12 14 485 352.800167662       0.22      1.90      3.20  0.       -2744.584       -174.503      -3380.979    0.000  -0.011   0.030   0.
  2017 352 19 12 15 485 352.800179236       0.11      1.73      3.11  0.       -2741.952       -176.952      -3381.417    0.000  -0.012   0.033   0.
  2017 352 19 12 16 485 352.800190810      -0.04      1.66      3.15  0.       -2739.319       -179.400      -3381.852    0.000  -0.015   0.041   0.
  2017 352 19 12 17 485 352.800202384      -0.26      1.43      3.18  0.       -2736.685       -181.849      -3382.286    0.000  -0.016   0.043   0.
  2017 352 19 12 18 485 352.800213958      -0.49      1.38      3.27  0.       -2734.049       -184.298      -3382.718    0.000  -0.018   0.049   0.
  2017 352 19 12 19 486 352.800225532      -0.64      1.26      3.53  0.       -2731.412       -186.746      -3383.148    0.000  -0.019   0.052   0.
  2017 352 19 12 20 486 352.800237106      -0.76      1.38      3.88  0.       -2728.773       -189.194      -3383.576    0.000  -0.022   0.061   0.
  2017 352 19 12 21 485 352.800248681      -0.62      1.55      4.04  0.       -2726.133       -191.643      -3384.003    0.000  -0.023   0.064   0.
  2017 352 19 12 22 485 352.800260255      -0.64      1.81      4.13  0.       -2723.492       -194.091      -3384.428    0.000  -0.027   0.075   0.
  2017 352 19 12 23 486 352.800271829      -0.58      1.98      3.93  0.       -2720.849       -196.539      -3384.851    0.000  -0.028   0.077   0.
  2017 352 19 12 24 486 352.800283403      -0.48      2.19      3.96  0.       -2718.205       -198.987      -3385.272    0.000  -0.031   0.084   0.
  2017 352 19 12 25 486 352.800294977      -0.52      2.28      3.94  0.       -2715.559       -201.435      -3385.692    0.000  -0.032   0.087   0.
  2017 352 19 12 26 486 352.800306551      -0.43      2.46      3.91  0.       -2712.912       -203.882      -3386.110    0.000  -0.034   0.095   0.
  2017 352 19 12 27 485 352.800318125      -0.36      2.56      3.96  0.       -2710.264       -206.330      -3386.526    0.000  -0.035   0.098   0.
  2017 352 19 12 28 485 352.800329699      -0.35      2.67      4.04  0.       -2707.614       -208.778      -3386.940    0.000  -0.038   0.105   0.
  2017 352 19 12 29 485 352.800341273      -0.42      2.85      4.08  0.       -2704.962       -211.225      -3387.353    0.000  -0.039   0.107   0.
  2017 352 19 12 30 485 352.800352847      -0.29      2.95      4.04  0.       -2702.310       -213.672      -3387.764    0.000  -0.041   0.111   0.
  2017 352 19 12 31 485 352.800364421      -0.30      3.00      4.04  0.       -2699.655       -216.120      -3388.173    0.000  -0.042   0.113   0.
  2017 352 19 12 32 485 352.800375992      -0.44      3.00      3.94  0.       -2696.999       -218.567      -3388.580    0.000  -0.044   0.120   0.
  2017 352 19 12 33 485 352.800387567      -0.32      2.92      3.76  0.       -2694.343       -221.014      -3388.985    0.000  -0.045   0.123   0.
  2017 352 19 12 34 485 352.800399141      -0.30      2.90      3.59  0.       -2691.684       -223.461      -3389.389    0.000  -0.048   0.132   0.
  2017 352 19 12 35 485 352.800410715      -0.30      3.00      3.62  0.       -2689.025       -225.907      -3389.791    0.000  -0.049   0.135   0.
  2017 352 19 12 36 485 352.800422289      -0.32      2.99      3.75  0.       -2686.363       -228.354      -3390.191    0.000  -0.052   0.143   0.
  2017 352 19 12 37 485 352.800433863      -0.20      3.02      3.97  0.       -2683.701       -230.801      -3390.589    0.000  -0.054   0.147   0.
  2017 352 19 12 38 485 352.800445437      -0.12      3.12      4.04  0.       -2681.037       -233.247      -3390.986    0.000  -0.058   0.160   0.
  2017 352 19 12 39 485 352.800457011       0.05      3.26      4.05  0.       -2678.371       -235.693      -3391.381    0.000  -0.060   0.166   0.
  2017 352 19 12 40 485 352.800468585      -0.06      3.28      4.07  0.       -2675.705       -238.139      -3391.774    0.000  -0.066   0.183   0.
  2017 352 19 12 41 485 352.800480159      -0.20      3.32      4.15  0.       -2673.036       -240.586      -3392.165    0.000  -0.068   0.187   0.
  2017 352 19 12 42 485 352.800491733      -0.29      3.52      4.30  0.       -2670.367       -243.031      -3392.554    0.000  -0.073   0.200   0.
  2017 352 19 12 43 485 352.800503307      -0.32      3.80      4.36  0.       -2667.696       -245.477      -3392.942    0.000  -0.075   0.206   0.
  2017 352 19 12 44 485 352.800514881      -0.11      3.95      4.17  0.       -2665.023       -247.923      -3393.328    0.000  -0.081   0.222   0.
  2017 352 19 12 45 485 352.800526455      -0.14      3.93      4.05  0.       -2662.349       -250.368      -3393.712    0.000  -0.084   0.229   0.
  2017 352 19 12 46 485 352.800538030       0.02      3.97      3.88  0.       -2659.674       -252.814      -3394.094    0.000  -0.091   0.249   0.
  2017 352 19 12 47 485 352.800549604       0.03      3.86      3.76  0.       -2656.997       -255.259      -3394.475    0.000  -0.092   0.254   0.
  2017 352 19 12 48 485 352.800561178      -0.06      3.77      3.58  0.       -2654.319       -257.704      -3394.853    0.000  -0.097   0.267   0.
  2017 352 19 12 49 485 352.800572752      -0.18      3.67      3.58  0.       -2651.640       -260.149      -3395.230    0.000  -0.099   0.272   0.
  2017 352 19 12 50 485 352.800584326      -0.26      3.67      3.51  0.       -2648.959       -262.594      -3395.605    0.000  -0.105   0.288   0.
  2017 352 19 12 51 485 352.800595900      -0.27      3.53      3.30  0.       -2646.276       -265.039      -3395.978    0.000  -0.107   0.294   0.
  2017 352 19 12 52 485 352.800607474      -0.42      3.44      3.19  0.       -2643.593       -267.483      -3396.350    0.000  -0.113   0.310   0.
  2017 352 19 12 53 485 352.800619048      -0.56      3.45      3.07  0.       -2640.908       -269.928      -3396.719    0.000  -0.114   0.313   0.
  2017 352 19 12 54 485 352.800630622      -0.60      3.33      2.93  0.       -2638.221       -272.372      -3397.087    0.000  -0.118   0.323   0.
  2017 352 19 12 55 485 352.800642196      -0.57      3.32      2.73  0.       -2635.533       -274.816      -3397.453    0.000  -0.119   0.326   0.
  2017 352 19 12 56 485 352.800653770      -0.59      3.32      2.66  0.       -2632.844       -277.260      -3397.817    0.000  -0.122   0.334   0.
  2017 352 19 12 57 485 352.800665344      -0.55      3.30      2.59  0.       -2630.153       -279.704      -3398.180    0.000  -0.122   0.335   0.
  2017 352 19 12 58 485 352.800676918      -0.46      3.34      2.45  0.       -2627.461       -282.148      -3398.540    0.000  -0.123   0.339   0.
  2017 352 19 12 59 485 352.800688492      -0.35      3.34      2.39  0.       -2624.767       -284.592      -3398.899    0.000  -0.123   0.339   0.
  2017 352 19 13  0 485 352.800700067      -0.26      3.37      2.34  0.       -2622.072       -287.035      -3399.256    0.000  -0.124   0.340   0.
  2017 352 19 13  1 485 352.800711640      -0.30      3.35      2.22  0.       -2619.376       -289.478      -3399.611    0.000  -0.124   0.340   0.
  2017 352 19 13  2 485 352.800723212      -0.20      3.39      2.26  0.       -2616.678       -291.921      -3399.964    0.000  -0.123   0.339   0.
  2017 352 19 13  3 485 352.800734786      -0.22      3.38      2.30  0.       -2613.979       -294.364      -3400.316    0.000  -0.123   0.339   0.
  2017 352 19 13  4 485 352.800746360      -0.19      3.41      2.37  0.       -2611.278       -296.807      -3400.665    0.000  -0.123   0.338   0.
  2017 352 19 13  5 485 352.800757934      -0.19      3.38      2.41  0.       -2608.577       -299.250      -3401.013    0.000  -0.123   0.338   0.
  2017 352 19 13  6 485 352.800769508      -0.23      3.35      2.44  0.       -2605.873       -301.692      -3401.359    0.000  -0.123   0.337   0.
  2017 352 19 13  7 485 352.800781082      -0.23      3.35      2.51  0.       -2603.168       -304.135      -3401.703    0.000  -0.123   0.337   0.
  2017 352 19 13  8 485 352.800792656      -0.26      3.40      2.63  0.       -2600.462       -306.577      -3402.045    0.000  -0.122   0.336   0.
  2017 352 19 13  9 485 352.800804230      -0.28      3.37      2.69  0.       -2597.755       -309.019      -3402.386    0.000  -0.122   0.336   0.
  2017 352 19 13 10 485 352.800815804      -0.40      3.32      2.72  0.       -2595.046       -311.461      -3402.724    0.000  -0.122   0.335   0.
  2017 352 19 13 11 485 352.800827379      -0.47      3.26      2.73  0.       -2592.335       -313.902      -3403.061    0.000  -0.122   0.335   0.
  2017 352 19 13 12 485 352.800838953      -0.53      3.22      2.73  0.       -2589.623       -316.344      -3403.396    0.000  -0.122   0.334   0.
  2017 352 19 13 13 485 352.800850527      -0.40      3.26      2.81  0.       -2586.910       -318.785      -3403.729    0.000  -0.122   0.334   0.
  2017 352 19 13 14 485 352.800862101      -0.28      3.29      2.79  0.       -2584.196       -321.226      -3404.060    0.000  -0.121   0.333   0.
  2017 352 19 13 15 485 352.800873675      -0.23      3.29      2.78  0.       -2581.480       -323.667      -3404.390    0.000  -0.121   0.332   0.
  2017 352 19 13 16 485 352.800885249      -0.24      3.28      2.77  0.       -2578.762       -326.108      -3404.717    0.000  -0.121   0.331   0.
  2017 352 19 13 17 485 352.800896823      -0.19      3.30      2.81  0.       -2576.044       -328.549      -3405.043    0.000  -0.121   0.331   0.
  2017 352 19 13 18 485 352.800908397      -0.28      3.22      2.87  0.       -2573.323       -330.989      -3405.367    0.000  -0.120   0.331   0.
  2017 352 19 13 19 485 352.800919971      -0.33      3.21      2.93  0.       -2570.602       -333.430      -3405.689    0.000  -0.120   0.331   0.
  2017 352 19 13 20 485 352.800931545      -0.31      3.21      2.94  0.       -2567.879       -335.870      -3406.009    0.000  -0.120   0.330   0.
  2017 352 19 13 21 485 352.800943119      -0.24      3.26      2.92  0.       -2565.154       -338.310      -3406.327    0.000  -0.120   0.329   0.
  2017 352 19 13 22 485 352.800954693      -0.23      3.32      2.96  0.       -2562.429       -340.749      -3406.643    0.000  -0.119   0.328   0.
  2017 352 19 13 23 485 352.800966267      -0.31      3.29      3.00  0.       -2559.701       -343.189      -3406.958    0.000  -0.119   0.328   0.
  2017 352 19 13 24 485 352.800977841      -0.44      3.26      3.06  0.       -2556.973       -345.628      -3407.271    0.000  -0.119   0.327   0.
  2017 352 19 13 25 485 352.800989416      -0.51      3.25      3.08  0.       -2554.243       -348.067      -3407.581    0.000  -0.119   0.327   0.
  2017 352 19 13 26 485 352.801000990      -0.50      3.25      3.07  0.       -2551.512       -350.506      -3407.890    0.000  -0.119   0.326   0.
  2017 352 19 13 27 485 352.801012564      -0.55      3.27      3.04  0.       -2548.779       -352.945      -3408.197    0.000  -0.119   0.325   0.
  2017 352 19 13 28 485 352.801024138      -0.51      3.37      2.96  0.       -2546.045       -355.384      -3408.503    0.000  -0.118   0.324   0.
  2017 352 19 13 29 485 352.801035712      -0.65      3.36      3.00  0.       -2543.309       -357.822      -3408.806    0.000  -0.118   0.324   0.
  2017 352 19 13 30 485 352.801047286      -0.68      3.33      2.96  0.       -2540.572       -360.261      -3409.107    0.000  -0.118   0.323   0.
  2017 352 19 13 31 485 352.801058859      -0.74      3.37      2.95  0.       -2537.834       -362.699      -3409.407    0.000  -0.118   0.323   0.
  2017 352 19 13 32 485 352.801070431      -0.78      3.37      3.00  0.       -2535.094       -365.136      -3409.705    0.000  -0.117   0.322   0.
  2017 352 19 13 33 485 352.801082005      -0.76      3.25      3.05  0.       -2532.353       -367.574      -3410.001    0.000  -0.117   0.322   0.
  2017 352 19 13 34 485 352.801093579      -0.75      3.27      3.01  0.       -2529.611       -370.012      -3410.295    0.000  -0.117   0.320   0.
  2017 352 19 13 35 485 352.801105153      -0.76      3.17      3.07  0.       -2526.867       -372.449      -3410.587    0.000  -0.117   0.320   0.
  2017 352 19 13 36 485 352.801116727      -0.78      3.17      3.12  0.       -2524.121       -374.886      -3410.877    0.000  -0.116   0.319   0.
  2017 352 19 13 37 485 352.801128302      -0.82      3.16      3.10  0.       -2521.375       -377.323      -3411.165    0.000  -0.116   0.319   0.
  2017 352 19 13 38 485 352.801139876      -0.81      3.13      3.06  0.       -2518.627       -379.759      -3411.452    0.000  -0.116   0.318   0.
  2017 352 19 13 39 485 352.801151450      -0.72      3.16      3.08  0.       -2515.877       -382.196      -3411.736    0.000  -0.116   0.318   0.
  2017 352 19 13 40 485 352.801163024      -0.80      3.10      3.12  0.       -2513.126       -384.632      -3412.019    0.000  -0.115   0.316   0.
  2017 352 19 13 41 485 352.801174598      -0.87      3.01      3.14  0.       -2510.374       -387.068      -3412.299    0.000  -0.115   0.316   0.
  2017 352 19 13 42 485 352.801186172      -0.84      2.98      3.15  0.       -2507.620       -389.504      -3412.578    0.000  -0.115   0.315   0.
  2017 352 19 13 43 485 352.801197746      -0.85      2.95      3.16  0.       -2504.865       -391.939      -3412.855    0.000  -0.115   0.315   0.
  2017 352 19 13 44 485 352.801209320      -0.82      2.95      3.17  0.       -2502.109       -394.375      -3413.130    0.000  -0.114   0.313   0.
  2017 352 19 13 45 485 352.801220894      -0.84      2.86      3.25  0.       -2499.351       -396.810      -3413.403    0.000  -0.114   0.312   0.
  2017 352 19 13 46 485 352.801232468      -0.89      2.70      3.31  0.       -2496.592       -399.245      -3413.675    0.000  -0.113   0.311   0.
  2017 352 19 13 47 485 352.801244042      -1.01      2.58      3.37  0.       -2493.831       -401.679      -3413.944    0.000  -0.113   0.311   0.
  2017 352 19 13 48 485 352.801255616      -1.01      2.60      3.31  0.       -2491.069       -404.114      -3414.212    0.000  -0.113   0.310   0.
  2017 352 19 13 49 485 352.801267190      -1.07      2.52      3.35  0.       -2488.306       -406.548      -3414.477    0.000  -0.113   0.310   0.
  2017 352 19 13 50 485 352.801278764      -1.00      2.53      3.32  0.       -2485.541       -408.982      -3414.741    0.000  -0.112   0.309   0.
  2017 352 19 13 51 485 352.801290339      -0.99      2.52      3.35  0.       -2482.775       -411.416      -3415.003    0.000  -0.112   0.309   0.
  2017 352 19 13 52 485 352.801301913      -1.02      2.54      3.32  0.       -2480.007       -413.849      -3415.262    0.000  -0.112   0.307   0.
  2017 352 19 13 53 485 352.801313487      -1.06      2.45      3.38  0.       -2477.239       -416.283      -3415.520    0.000  -0.112   0.307   0.
  2017 352 19 13 54 485 352.801325061      -1.13      2.28      3.45  0.       -2474.468       -418.716      -3415.776    0.000  -0.111   0.306   0.
  2017 352 19 13 55 485 352.801336635      -1.04      2.27      3.43  0.       -2471.697       -421.149      -3416.030    0.000  -0.111   0.306   0.
  2017 352 19 13 56 485 352.801348209      -1.08      2.23      3.45  0.       -2468.923       -423.581      -3416.283    0.000  -0.111   0.304   0.
  2017 352 19 13 57 485 352.801359783      -1.11      2.15      3.45  0.       -2466.149       -426.014      -3416.533    0.000  -0.111   0.303   0.
  2017 352 19 13 58 485 352.801371357      -1.11      2.18      3.46  0.       -2463.373       -428.446      -3416.781    0.000  -0.110   0.302   0.
  2017 352 19 13 59 484 352.801382930      -1.17      2.15      3.47  0.       -2460.596       -430.878      -3417.028    0.000  -0.110   0.302   0.
  2017 352 19 14  0 484 352.801394502      -1.18      2.16      3.46  0.       -2457.817       -433.310      -3417.272    0.000  -0.110   0.301   0.
  2017 352 19 14  1 485 352.801406076      -1.10      2.14      3.43  0.       -2455.037       -435.741      -3417.515    0.000  -0.110   0.300   0.
  2017 352 19 14  2 485 352.801417650      -1.06      2.13      3.42  0.       -2452.256       -438.172      -3417.755    0.000  -0.109   0.299   0.
  2017 352 19 14  3 484 352.801429225      -1.07      2.12      3.41  0.       -2449.473       -440.603      -3417.994    0.000  -0.109   0.299   0.
  2017 352 19 14  4 484 352.801440799      -1.14      2.09      3.41  0.       -2446.689       -443.034      -3418.231    0.000  -0.108   0.298   0.
  2017 352 19 14  5 485 352.801452373      -1.18      2.01      3.42  0.       -2443.904       -445.465      -3418.466    0.000  -0.108   0.297   0.
  2017 352 19 14  6 485 352.801463947      -1.24      1.96      3.38  0.       -2441.117       -447.895      -3418.698    0.000  -0.108   0.296   0.
  2017 352 19 14  7 485 352.801475521      -1.40      1.88      3.35  0.       -2438.328       -450.325      -3418.929    0.000  -0.108   0.296   0.
  2017 352 19 14  8 485 352.801487095      -1.60      1.86      3.33  0.       -2435.539       -452.754      -3419.159    0.000  -0.107   0.295   0.
  2017 352 19 14  9 485 352.801498669      -1.68      1.89      3.45  0.       -2432.748       -455.184      -3419.386    0.000  -0.107   0.294   0.
  2017 352 19 14 10 484 352.801510243      -1.70      1.81      3.55  0.       -2429.955       -457.613      -3419.610    0.000  -0.106   0.292   0.
  2017 352 19 14 11 484 352.801521817      -1.76      1.76      3.62  0.       -2427.161       -460.042      -3419.834    0.000  -0.106   0.292   0.
  2017 352 19 14 12 484 352.801533391      -1.79      1.71      3.70  0.       -2424.366       -462.471      -3420.055    0.000  -0.106   0.291   0.
  2017 352 19 14 13 484 352.801544965      -1.82      1.58      3.63  0.       -2421.570       -464.899      -3420.275    0.000  -0.106   0.291   0.
  2017 352 19 14 14 484 352.801556539      -1.78      1.56      3.62  0.       -2418.772       -467.327      -3420.492    0.000  -0.105   0.290   0.
  2017 352 19 14 15 485 352.801568113      -1.79      1.56      3.68  0.       -2415.973       -469.755      -3420.707    0.000  -0.105   0.289   0.
  2017 352 19 14 16 485 352.801579688      -1.84      1.43      3.68  0.       -2413.172       -472.183      -3420.921    0.000  -0.105   0.287   0.
  2017 352 19 14 17 484 352.801591262      -1.82      1.32      3.58  0.       -2410.370       -474.610      -3421.132    0.000  -0.105   0.287   0.
  2017 352 19 14 18 484 352.801602836      -1.85      1.22      3.60  0.       -2407.566       -477.037      -3421.342    0.000  -0.104   0.286   0.
  2017 352 19 14 19 485 352.801614410      -1.81      1.07      3.56  0.       -2404.761       -479.464      -3421.549    0.000  -0.104   0.285   0.
  2017 352 19 14 20 485 352.801625984      -1.76      1.06      3.58  0.       -2401.955       -481.891      -3421.755    0.000  -0.103   0.284   0.
  2017 352 19 14 21 485 352.801637558      -1.77      1.06      3.61  0.       -2399.148       -484.317      -3421.959    0.000  -0.103   0.283   0.
  2017 352 19 14 22 485 352.801649132      -1.76      1.14      3.65  0.       -2396.339       -486.743      -3422.160    0.000  -0.103   0.282   0.
  2017 352 19 14 23 484 352.801660706      -1.71      1.24      3.70  0.       -2393.528       -489.169      -3422.360    0.000  -0.103   0.282   0.
  2017 352 19 14 24 484 352.801672280      -1.79      1.38      3.71  0.       -2390.717       -491.594      -3422.558    0.000  -0.102   0.281   0.
  2017 352 19 14 25 484 352.801683854      -1.77      1.46      3.71  0.       -2387.904       -494.019      -3422.754    0.000  -0.102   0.280   0.
  2017 352 19 14 26 484 352.801695428      -1.83      1.55      3.71  0.       -2385.089       -496.444      -3422.948    0.000  -0.101   0.279   0.
  2017 352 19 14 27 484 352.801707002      -1.74      1.68      3.74  0.       -2382.274       -498.869      -3423.140    0.000  -0.101   0.278   0.
  2017 352 19 14 28 485 352.801718576      -1.73      1.73      3.71  0.       -2379.456       -501.293      -3423.329    0.000  -0.101   0.277   0.
  2017 352 19 14 29 485 352.801730150      -1.70      1.69      3.66  0.       -2376.638       -503.717      -3423.517    0.000  -0.101   0.277   0.
  2017 352 19 14 30 484 352.801741722      -1.70      1.71      3.57  0.       -2373.818       -506.141      -3423.703    0.000  -0.100   0.275   0.
  2017 352 19 14 31 484 352.801753296      -1.76      1.71      3.58  0.       -2370.997       -508.565      -3423.887    0.000  -0.100   0.275   0.
  2017 352 19 14 32 484 352.801764870      -1.83      1.70      3.60  0.       -2368.174       -510.988      -3424.069    0.000  -0.099   0.273   0.
  2017 352 19 14 33 484 352.801776444      -1.92      1.65      3.64  0.       -2365.350       -513.411      -3424.249    0.000  -0.099   0.273   0.
  2017 352 19 14 34 484 352.801788018      -2.00      1.69      3.57  0.       -2362.525       -515.833      -3424.427    0.000  -0.099   0.271   0.
  2017 352 19 14 35 484 352.801799592      -2.00      1.72      3.59  0.       -2359.698       -518.255      -3424.603    0.000  -0.099   0.270   0.
  2017 352 19 14 36 484 352.801811166      -2.03      1.77      3.63  0.       -2356.870       -520.677      -3424.777    0.000  -0.098   0.269   0.
  2017 352 19 14 37 484 352.801822740      -2.05      1.82      3.69  0.       -2354.040       -523.099      -3424.949    0.000  -0.098   0.269   0.
  2017 352 19 14 38 484 352.801834314      -2.08      1.85      3.78  0.       -2351.209       -525.521      -3425.119    0.000  -0.097   0.267   0.
  2017 352 19 14 39 484 352.801845888      -2.07      1.96      3.93  0.       -2348.377       -527.942      -3425.288    0.000  -0.097   0.267   0.
  2017 352 19 14 40 484 352.801857462      -2.10      1.97      4.01  0.       -2345.544       -530.362      -3425.454    0.000  -0.096   0.265   0.
  2017 352 19 14 41 484 352.801869036      -2.10      2.00      4.07  0.       -2342.709       -532.783      -3425.618    0.000  -0.096   0.264   0.
  2017 352 19 14 42 484 352.801880611      -2.14      2.02      4.10  0.       -2339.873       -535.203      -3425.780    0.000  -0.096   0.263   0.
  2017 352 19 14 43 484 352.801892185      -1.99      2.15      4.17  0.       -2337.035       -537.623      -3425.940    0.000  -0.096   0.263   0.
  2017 352 19 14 44 484 352.801903759      -1.78      2.28      4.20  0.       -2334.196       -540.042      -3426.098    0.000  -0.095   0.262   0.
  2017 352 19 14 45 484 352.801915333      -1.59      2.43      4.24  0.       -2331.355       -542.462      -3426.254    0.000  -0.095   0.261   0.
  2017 352 19 14 46 484 352.801926907      -1.41      2.58      4.30  0.       -2328.514       -544.880      -3426.408    0.000  -0.094   0.259   0.
  2017 352 19 14 47 484 352.801938481      -1.20      2.71      4.31  0.       -2325.671       -547.299      -3426.560    0.000  -0.094   0.259   0.
  2017 352 19 14 48 484 352.801950055      -1.08      2.91      4.34  0.       -2322.826       -549.717      -3426.710    0.000  -0.094   0.258   0.
  2017 352 19 14 49 484 352.801961629      -1.08      3.10      4.41  0.       -2319.980       -552.135      -3426.858    0.000  -0.094   0.257   0.
  2017 352 19 14 50 484 352.801973203      -0.93      3.29      4.48  0.       -2317.133       -554.553      -3427.005    0.000  -0.093   0.255   0.
  2017 352 19 14 51 484 352.801984777      -0.77      3.37      4.43  0.       -2314.284       -556.970      -3427.149    0.000  -0.093   0.254   0.
  2017 352 19 14 52 484 352.801996351      -0.76      3.34      4.33  0.       -2311.435       -559.387      -3427.291    0.000  -0.092   0.253   0.
  2017 352 19 14 53 484 352.802007925      -0.76      3.32      4.29  0.       -2308.583       -561.804      -3427.431    0.000  -0.092   0.253   0.
  2017 352 19 14 54 484 352.802019499      -0.71      3.33      4.22  0.       -2305.731       -564.220      -3427.569    0.000  -0.091   0.251   0.
  2017 352 19 14 55 484 352.802031073      -0.71      3.30      4.19  0.       -2302.877       -566.636      -3427.705    0.000  -0.091   0.251   0.
  2017 352 19 14 56 484 352.802042648      -0.70      3.30      4.18  0.       -2300.021       -569.052      -3427.839    0.000  -0.091   0.249   0.
  2017 352 19 14 57 484 352.802054222      -0.70      3.29      4.11  0.       -2297.165       -571.467      -3427.970    0.000  -0.091   0.248   0.
  2017 352 19 14 58 484 352.802065796      -0.70      3.26      4.14  0.       -2294.307       -573.882      -3428.100    0.000  -0.090   0.247   0.
  2017 352 19 14 59 484 352.802077370      -0.71      3.27      4.08  0.       -2291.447       -576.297      -3428.228    0.000  -0.090   0.246   0.
  2017 352 19 15  0 484 352.802088944      -0.70      3.27      3.99  0.       -2288.586       -578.711      -3428.354    0.000  -0.089   0.245   0.
  2017 352 19 15  1 484 352.802100517      -0.70      3.28      3.93  0.       -2285.724       -581.125      -3428.478    0.000  -0.089   0.245   0.
  2017 352 19 15  2 484 352.802112089      -0.69      3.32      3.86  0.       -2282.861       -583.539      -3428.600    0.000  -0.088   0.243   0.
  2017 352 19 15  3 484 352.802123663      -0.72      3.32      3.84  0.       -2279.996       -585.952      -3428.720    0.000  -0.088   0.242   0.
  2017 352 19 15  4 484 352.802135237      -0.68      3.34      3.80  0.       -2277.130       -588.365      -3428.837    0.000  -0.088   0.241   0.
  2017 352 19 15  5 484 352.802146811      -0.71      3.29      3.74  0.       -2274.262       -590.778      -3428.953    0.000  -0.088   0.240   0.
  2017 352 19 15  6 484 352.802158385      -0.80      3.23      3.74  0.       -2271.394       -593.190      -3429.067    0.000  -0.087   0.239   0.
  2017 352 19 15  7 484 352.802169960      -0.95      3.16      3.72  0.       -2268.523       -595.602      -3429.178    0.000  -0.087   0.238   0.
  2017 352 19 15  8 484 352.802181534      -1.13      3.11      3.73  0.       -2265.652       -598.014      -3429.288    0.000  -0.086   0.237   0.
  2017 352 19 15  9 484 352.802193108      -1.29      3.05      3.72  0.       -2262.779       -600.425      -3429.395    0.000  -0.086   0.236   0.
  2017 352 19 15 10 484 352.802204682      -1.46      2.98      3.70  0.       -2259.905       -602.836      -3429.501    0.000  -0.085   0.234   0.
  2017 352 19 15 11 484 352.802216256      -1.66      2.91      3.66  0.       -2257.029       -605.246      -3429.604    0.000  -0.085   0.234   0.
  2017 352 19 15 12 484 352.802227830      -1.86      2.84      3.62  0.       -2254.152       -607.656      -3429.706    0.000  -0.085   0.232   0.
  2017 352 19 15 13 484 352.802239404      -2.18      2.75      3.55  0.       -2251.274       -610.066      -3429.805    0.000  -0.085   0.232   0.
  2017 352 19 15 14 484 352.802250978      -2.35      2.74      3.51  0.       -2248.394       -612.476      -3429.902    0.000  -0.084   0.230   0.
  2017 352 19 15 15 484 352.802262552      -2.44      2.72      3.50  0.       -2245.513       -614.885      -3429.997    0.000  -0.084   0.230   0.
  2017 352 19 15 16 484 352.802274126      -2.55      2.71      3.55  0.       -2242.631       -617.293      -3430.091    0.000  -0.083   0.228   0.
  2017 352 19 15 17 484 352.802285700      -2.63      2.75      3.56  0.       -2239.747       -619.702      -3430.182    0.000  -0.083   0.228   0.
  2017 352 19 15 18 484 352.802297274      -2.71      2.74      3.57  0.       -2236.862       -622.110      -3430.271    0.000  -0.082   0.226   0.
  2017 352 19 15 19 484 352.802308848      -2.82      2.71      3.55  0.       -2233.976       -624.517      -3430.358    0.000  -0.082   0.225   0.
  2017 352 19 15 20 484 352.802320423      -2.89      2.72      3.49  0.       -2231.088       -626.924      -3430.443    0.000  -0.081   0.223   0.
  2017 352 19 15 21 484 352.802331997      -2.84      2.77      3.60  0.       -2228.199       -629.331      -3430.526    0.000  -0.081   0.222   0.
  2017 352 19 15 22 484 352.802343571      -2.93      2.68      3.54  0.       -2225.309       -631.738      -3430.606    0.000  -0.080   0.221   0.
  2017 352 19 15 23 484 352.802355145      -2.96      2.71      3.56  0.       -2222.417       -634.144      -3430.685    0.000  -0.080   0.221   0.
  2017 352 19 15 24 484 352.802366719      -2.89      2.79      3.64  0.       -2219.524       -636.549      -3430.762    0.000  -0.080   0.219   0.
  2017 352 19 15 25 484 352.802378293      -2.79      2.92      3.69  0.       -2216.630       -638.955      -3430.836    0.000  -0.080   0.218   0.
  2017 352 19 15 26 484 352.802389867      -2.71      3.00      3.75  0.       -2213.734       -641.360      -3430.909    0.000  -0.079   0.217   0.
  2017 352 19 15 27 484 352.802401441      -2.67      3.06      3.79  0.       -2210.837       -643.764      -3430.979    0.000  -0.079   0.216   0.
  2017 352 19 15 28 484 352.802413015      -2.60      3.14      3.81  0.       -2207.938       -646.168      -3431.048    0.000  -0.078   0.214   0.
  2017 352 19 15 29 484 352.802424589      -2.54      3.19      3.85  0.       -2205.039       -648.572      -3431.114    0.000  -0.078   0.213   0.
  2017 352 19 15 30 484 352.802436163      -2.51      3.26      3.91  0.       -2202.138       -650.976      -3431.178    0.000  -0.077   0.212   0.
  2017 352 19 15 31 484 352.802447737      -2.42      3.31      3.92  0.       -2199.235       -653.379      -3431.240    0.000  -0.077   0.211   0.
  2017 352 19 15 32 484 352.802459308      -2.39      3.38      3.83  0.       -2196.331       -655.781      -3431.300    0.000  -0.076   0.210   0.
  2017 352 19 15 33 484 352.802470883      -2.42      3.43      3.85  0.       -2193.426       -658.184      -3431.358    0.000  -0.076   0.209   0.
  2017 352 19 15 34 484 352.802482457      -2.42      3.49      3.89  0.       -2190.520       -660.585      -3431.414    0.000  -0.075   0.207   0.
  2017 352 19 15 35 484 352.802494031      -2.47      3.48      3.91  0.       -2187.612       -662.987      -3431.468    0.000  -0.075   0.206   0.
  2017 352 19 15 36 484 352.802505605      -2.56      3.48      3.94  0.       -2184.703       -665.388      -3431.520    0.000  -0.075   0.205   0.
  2017 352 19 15 37 484 352.802517179      -2.60      3.53      3.94  0.       -2181.793       -667.789      -3431.569    0.000  -0.075   0.205   0.
  2017 352 19 15 38 484 352.802528753      -2.64      3.61      3.97  0.       -2178.881       -670.189      -3431.617    0.000  -0.074   0.203   0.
  2017 352 19 15 39 484 352.802540327      -2.67      3.67      4.02  0.       -2175.968       -672.589      -3431.662    0.000  -0.074   0.202   0.
  2017 352 19 15 40 484 352.802551901      -2.71      3.74      4.10  0.       -2173.054       -674.988      -3431.705    0.000  -0.073   0.200   0.
  2017 352 19 15 41 484 352.802563475      -2.76      3.82      4.14  0.       -2170.138       -677.387      -3431.747    0.000  -0.073   0.200   0.
  2017 352 19 15 42 484 352.802575049      -2.81      3.83      4.24  0.       -2167.221       -679.785      -3431.786    0.000  -0.072   0.198   0.
  2017 352 19 15 43 484 352.802586623      -2.80      3.89      4.27  0.       -2164.302       -682.183      -3431.823    0.000  -0.072   0.197   0.
  2017 352 19 15 44 484 352.802598197      -2.82      3.97      4.32  0.       -2161.383       -684.581      -3431.858    0.000  -0.071   0.196   0.
  2017 352 19 15 45 484 352.802609771      -2.85      4.02      4.38  0.       -2158.462       -686.979      -3431.891    0.000  -0.071   0.195   0.
  2017 352 19 15 46 484 352.802621346      -2.78      4.07      4.37  0.       -2155.539       -689.375      -3431.921    0.000  -0.070   0.193   0.
  2017 352 19 15 47 484 352.802632920      -2.73      4.17      4.35  0.       -2152.616       -691.772      -3431.950    0.000  -0.070   0.192   0.
  2017 352 19 15 48 484 352.802644494      -2.74      4.23      4.33  0.       -2149.691       -694.168      -3431.976    0.000  -0.069   0.191   0.
  2017 352 19 15 49 484 352.802656068      -2.72      4.21      4.33  0.       -2146.764       -696.564      -3432.001    0.000  -0.069   0.190   0.
  2017 352 19 15 50 484 352.802667642      -2.71      4.20      4.28  0.       -2143.837       -698.959      -3432.023    0.000  -0.068   0.188   0.
  2017 352 19 15 51 484 352.802679216      -2.68      4.26      4.20  0.       -2140.908       -701.354      -3432.043    0.000  -0.068   0.187   0.
  2017 352 19 15 52 484 352.802690790      -2.67      4.24      4.14  0.       -2137.978       -703.748      -3432.061    0.000  -0.067   0.185   0.
  2017 352 19 15 53 484 352.802702364      -2.67      4.25      4.07  0.       -2135.046       -706.142      -3432.077    0.000  -0.067   0.184   0.
  2017 352 19 15 54 484 352.802713938      -2.71      4.29      4.02  0.       -2132.113       -708.535      -3432.091    0.000  -0.067   0.183   0.
  2017 352 19 15 55 484 352.802725512      -2.76      4.26      4.03  0.       -2129.179       -710.928      -3432.102    0.000  -0.067   0.182   0.
  2017 352 19 15 56 484 352.802737086      -2.81      4.26      4.03  0.       -2126.243       -713.321      -3432.112    0.000  -0.066   0.181   0.
  2017 352 19 15 57 484 352.802748660      -2.85      4.28      3.98  0.       -2123.307       -715.713      -3432.119    0.000  -0.066   0.180   0.
  2017 352 19 15 58 484 352.802760234      -2.95      4.31      3.97  0.       -2120.368       -718.105      -3432.124    0.000  -0.065   0.178   0.
  2017 352 19 15 59 483 352.802771808      -3.02      4.36      3.93  0.       -2117.429       -720.496      -3432.127    0.000  -0.065   0.178   0.
  2017 352 19 16  0 483 352.802783380      -3.10      4.37      3.89  0.       -2114.488       -722.887      -3432.129    0.000  -0.064   0.176   0.
  2017 352 19 16  1 484 352.802794954      -3.19      4.37      3.86  0.       -2111.546       -725.278      -3432.127    0.000  -0.064   0.175   0.
  2017 352 19 16  2 484 352.802806528      -3.25      4.37      3.81  0.       -2108.603       -727.668      -3432.124    0.000  -0.063   0.173   0.
  2017 352 19 16  3 484 352.802818102      -3.33      4.37      3.79  0.       -2105.658       -730.057      -3432.119    0.000  -0.063   0.172   0.
  2017 352 19 16  4 484 352.802829676      -3.46      4.35      3.75  0.       -2102.712       -732.446      -3432.111    0.000  -0.062   0.170   0.
  2017 352 19 16  5 484 352.802841250      -3.62      4.29      3.74  0.       -2099.765       -734.835      -3432.102    0.000  -0.062   0.170   0.
  2017 352 19 16  6 483 352.802852824      -3.67      4.30      3.71  0.       -2096.816       -737.223      -3432.090    0.000  -0.061   0.168   0.
  2017 352 19 16  7 483 352.802864398      -3.78      4.23      3.69  0.       -2093.866       -739.611      -3432.076    0.000  -0.061   0.168   0.
  2017 352 19 16  8 483 352.802875972      -3.93      4.20      3.63  0.       -2090.915       -741.998      -3432.060    0.000  -0.060   0.166   0.
  2017 352 19 16  9 483 352.802887546      -4.06      4.11      3.61  0.       -2087.962       -744.385      -3432.041    0.000  -0.060   0.165   0.
  2017 352 19 16 10 484 352.802899120      -4.17      4.06      3.57  0.       -2085.008       -746.771      -3432.021    0.000  -0.059   0.163   0.
  2017 352 19 16 11 484 352.802910694      -4.23      4.04      3.52  0.       -2082.053       -749.157      -3431.998    0.000  -0.059   0.162   0.
  2017 352 19 16 12 483 352.802922269      -4.32      3.99      3.46  0.       -2079.097       -751.542      -3431.974    0.000  -0.058   0.160   0.
  2017 352 19 16 13 483 352.802933843      -4.45      3.93      3.45  0.       -2076.139       -753.927      -3431.947    0.000  -0.058   0.160   0.
  2017 352 19 16 14 484 352.802945417      -4.51      3.91      3.40  0.       -2073.179       -756.312      -3431.918    0.000  -0.058   0.158   0.
  2017 352 19 16 15 484 352.802956991      -4.60      3.86      3.36  0.       -2070.219       -758.696      -3431.887    0.000  -0.058   0.157   0.
  2017 352 19 16 16 484 352.802968565      -4.66      3.81      3.32  0.       -2067.258       -761.079      -3431.853    0.000  -0.056   0.155   0.
  2017 352 19 16 17 484 352.802980139      -4.72      3.79      3.26  0.       -2064.295       -763.462      -3431.818    0.000  -0.056   0.154   0.
  2017 352 19 16 18 484 352.802991713      -4.81      3.72      3.19  0.       -2061.330       -765.845      -3431.780    0.000  -0.056   0.153   0.
  2017 352 19 16 19 483 352.803003287      -4.88      3.63      3.19  0.       -2058.365       -768.227      -3431.740    0.000  -0.056   0.152   0.
  2017 352 19 16 20 483 352.803014861      -4.95      3.55      3.19  0.       -2055.398       -770.608      -3431.698    0.000  -0.055   0.150   0.
  2017 352 19 16 21 483 352.803026435      -5.00      3.50      3.14  0.       -2052.430       -772.989      -3431.654    0.000  -0.054   0.149   0.
  2017 352 19 16 22 483 352.803038009      -5.04      3.43      3.07  0.       -2049.460       -775.370      -3431.608    0.000  -0.053   0.147   0.
  2017 352 19 16 23 483 352.803049583      -5.10      3.36      3.00  0.       -2046.489       -777.750      -3431.559    0.000  -0.053   0.146   0.
  2017 352 19 16 24 484 352.803061157      -5.18      3.30      3.00  0.       -2043.517       -780.130      -3431.509    0.000  -0.053   0.145   0.
  2017 352 19 16 25 484 352.803072731      -5.22      3.22      2.97  0.       -2040.544       -782.509      -3431.456    0.000  -0.053   0.144   0.
  2017 352 19 16 26 483 352.803084306      -5.29      3.18      2.90  0.       -2037.569       -784.887      -3431.401    0.000  -0.052   0.142   0.
  2017 352 19 16 27 483 352.803095880      -5.33      3.12      2.88  0.       -2034.593       -787.266      -3431.344    0.000  -0.052   0.141   0.
  2017 352 19 16 28 484 352.803107454      -5.38      3.04      2.88  0.       -2031.616       -789.643      -3431.284    0.000  -0.051   0.139   0.
  2017 352 19 16 29 499 352.803119208      -5.45      2.96      2.87  0.       -2028.591       -792.058      -3431.222    0.000  -0.051   0.138   0.
  2017 352 19 16 30 515 352.803130961      -5.52      2.88      2.85  0.       -2025.565       -794.471      -3431.157    0.000  -0.050   0.137   0.
  2017 352 19 16 31 515 352.803142535      -5.60      2.75      2.93  0.       -2022.583       -796.848      -3431.091    0.000  -0.050   0.136   0.
  2017 352 19 16 32 515 352.803154109      -5.63      2.65      2.89  0.       -2019.601       -799.223      -3431.023    0.000  -0.049   0.134   0.
  2017 352 19 16 33 515 352.803165683      -5.69      2.58      2.84  0.       -2016.617       -801.598      -3430.953    0.000  -0.049   0.133   0.
  2017 352 19 16 34 515 352.803177257      -5.71      2.53      2.83  0.       -2013.632       -803.973      -3430.880    0.000  -0.048   0.131   0.
  2017 352 19 16 35 514 352.803188831      -5.76      2.44      2.77  0.       -2010.646       -806.347      -3430.805    0.000  -0.048   0.130   0.
  2017 352 19 16 36 514 352.803200405      -5.78      2.36      2.79  0.       -2007.658       -808.721      -3430.728    0.000  -0.047   0.129   0.
  2017 352 19 16 37 514 352.803211979      -5.79      2.35      2.66  0.       -2004.670       -811.094      -3430.649    0.000  -0.047   0.128   0.
  2017 352 19 16 38 514 352.803223553      -5.80      2.30      2.63  0.       -2001.679       -813.466      -3430.568    0.000  -0.046   0.126   0.
  2017 352 19 16 39 514 352.803235127      -5.80      2.24      2.59  0.       -1998.688       -815.838      -3430.484    0.000  -0.046   0.125   0.
  2017 352 19 16 40 515 352.803246701      -5.81      2.20      2.55  0.       -1995.695       -818.210      -3430.399    0.000  -0.045   0.123   0.
  2017 352 19 16 41 515 352.803258275      -5.85      2.10      2.63  0.       -1992.701       -820.581      -3430.311    0.000  -0.045   0.122   0.
  2017 352 19 16 42 514 352.803269850      -5.88      2.03      2.66  0.       -1989.706       -822.952      -3430.221    0.000  -0.044   0.121   0.
  2017 352 19 16 43 514 352.803281424      -5.88      1.97      2.63  0.       -1986.709       -825.322      -3430.128    0.000  -0.044   0.120   0.
  2017 352 19 16 44 515 352.803292998      -5.92      1.88      2.59  0.       -1983.712       -827.691      -3430.034    0.000  -0.043   0.118   0.
  2017 352 19 16 45 515 352.803304572      -5.94      1.77      2.59  0.       -1980.713       -830.060      -3429.937    0.000  -0.043   0.117   0.
  2017 352 19 16 46 515 352.803316146      -5.95      1.73      2.48  0.       -1977.712       -832.428      -3429.838    0.000  -0.042   0.115   0.
  2017 352 19 16 47 515 352.803327720      -5.92      1.65      2.39  0.       -1974.711       -834.796      -3429.737    0.000  -0.042   0.114   0.
  2017 352 19 16 48 515 352.803339294      -5.95      1.56      2.32  0.       -1971.708       -837.163      -3429.633    0.000  -0.041   0.113   0.
  2017 352 19 16 49 514 352.803350868      -5.96      1.48      2.19  0.       -1968.704       -839.530      -3429.528    0.000  -0.041   0.112   0.
  2017 352 19 16 50 514 352.803362442      -6.03      1.37      2.18  0.       -1965.698       -841.896      -3429.420    0.000  -0.040   0.110   0.
  2017 352 19 16 51 514 352.803374016      -6.08      1.32      2.27  0.       -1962.692       -844.262      -3429.310    0.000  -0.040   0.109   0.
  2017 352 19 16 52 514 352.803385590      -6.04      1.21      2.41  0.       -1959.684       -846.627      -3429.198    0.000  -0.039   0.107   0.
  2017 352 19 16 53 515 352.803397164      -5.97      1.23      2.38  0.       -1956.674       -848.992      -3429.083    0.000  -0.039   0.106   0.
  2017 352 19 16 54 515 352.803408738      -5.88      1.21      2.45  0.       -1953.664       -851.356      -3428.967    0.000  -0.038   0.105   0.
  2017 352 19 16 55 515 352.803420313      -5.85      1.16      2.42  0.       -1950.652       -853.719      -3428.848    0.000  -0.038   0.104   0.
  2017 352 19 16 56 514 352.803431887      -5.89      1.05      2.36  0.       -1947.639       -856.082      -3428.727    0.000  -0.037   0.102   0.
  2017 352 19 16 57 515 352.803443461      -5.94      0.99      2.33  0.       -1944.625       -858.445      -3428.603    0.000  -0.037   0.101   0.
  2017 352 19 16 58 515 352.803455035      -5.93      0.96      2.30  0.       -1941.609       -860.807      -3428.478    0.000  -0.036   0.099   0.
  2017 352 19 16 59 515 352.803466608      -5.89      0.90      2.22  0.       -1938.592       -863.168      -3428.350    0.000  -0.036   0.098   0.
  2017 352 19 17  0 514 352.803478180      -5.90      0.86      2.18  0.       -1935.574       -865.529      -3428.220    0.000  -0.035   0.096   0.
  2017 352 19 17  1 514 352.803489754      -5.89      0.83      2.17  0.       -1932.555       -867.889      -3428.087    0.000  -0.035   0.095   0.
  2017 352 19 17  2 514 352.803501328      -5.88      0.79      2.14  0.       -1929.534       -870.249      -3427.953    0.000  -0.034   0.094   0.
  2017 352 19 17  3 514 352.803512902      -5.88      0.74      2.09  0.       -1926.512       -872.608      -3427.816    0.000  -0.034   0.093   0.
  2017 352 19 17  4 514 352.803524476      -5.85      0.73      2.07  0.       -1923.489       -874.966      -3427.677    0.000  -0.033   0.091   0.
  2017 352 19 17  5 514 352.803536050      -5.86      0.67      2.07  0.       -1920.465       -877.324      -3427.536    0.000  -0.033   0.090   0.
  2017 352 19 17  6 514 352.803547624      -5.84      0.64      2.05  0.       -1917.439       -879.681      -3427.392    0.000  -0.032   0.088   0.
  2017 352 19 17  7 514 352.803559198      -5.83      0.61      2.03  0.       -1914.412       -882.038      -3427.246    0.000  -0.032   0.087   0.
  2017 352 19 17  8 514 352.803570773      -5.81      0.63      2.08  0.       -1911.384       -884.394      -3427.099    0.000  -0.031   0.086   0.
  2017 352 19 17  9 514 352.803582347      -5.83      0.59      2.03  0.       -1908.355       -886.750      -3426.948    0.000  -0.031   0.085   0.
  2017 352 19 17 10 514 352.803593921      -5.81      0.58      2.05  0.       -1905.324       -889.105      -3426.796    0.000  -0.030   0.082   0.
  2017 352 19 17 11 514 352.803605495      -5.77      0.57      2.04  0.       -1902.292       -891.460      -3426.641    0.000  -0.030   0.081   0.
  2017 352 19 17 12 514 352.803617069      -5.75      0.62      2.01  0.       -1899.259       -893.813      -3426.484    0.000  -0.029   0.080   0.
  2017 352 19 17 13 514 352.803628643      -5.74      0.59      2.04  0.       -1896.224       -896.167      -3426.325    0.000  -0.029   0.079   0.
  2017 352 19 17 14 514 352.803640217      -5.71      0.59      2.10  0.       -1893.189       -898.519      -3426.163    0.000  -0.028   0.078   0.
  2017 352 19 17 15 514 352.803651791      -5.70      0.56      2.12  0.       -1890.152       -900.872      -3426.000    0.000  -0.028   0.077   0.
  2017 352 19 17 16 514 352.803663365      -5.62      0.64      2.19  0.       -1887.114       -903.223      -3425.833    0.000  -0.027   0.074   0.
  2017 352 19 17 17 514 352.803674939      -5.63      0.65      2.21  0.       -1884.075       -905.574      -3425.665    0.000  -0.027   0.073   0.
  2017 352 19 17 18 514 352.803686513      -5.59      0.68      2.21  0.       -1881.034       -907.925      -3425.495    0.000  -0.026   0.072   0.
  2017 352 19 17 19 514 352.803698087      -5.60      0.68      2.29  0.       -1877.992       -910.274      -3425.322    0.000  -0.026   0.071   0.
  2017 352 19 17 20 514 352.803709661      -5.60      0.68      2.34  0.       -1874.949       -912.623      -3425.147    0.000  -0.025   0.070   0.
  2017 352 19 17 21 514 352.803721236      -5.62      0.64      2.36  0.       -1871.904       -914.972      -3424.969    0.000  -0.025   0.069   0.
  2017 352 19 17 22 514 352.803732810      -5.63      0.60      2.31  0.       -1868.859       -917.320      -3424.790    0.000  -0.024   0.067   0.
  2017 352 19 17 23 514 352.803744384      -5.66      0.54      2.31  0.       -1865.812       -919.667      -3424.608    0.000  -0.024   0.066   0.
  2017 352 19 17 24 514 352.803755958      -5.68      0.47      2.27  0.       -1862.764       -922.014      -3424.424    0.000  -0.023   0.065   0.
  2017 352 19 17 25 514 352.803767532      -5.74      0.44      2.10  0.       -1859.714       -924.360      -3424.237    0.000  -0.023   0.064   0.
  2017 352 19 17 26 514 352.803779106      -5.79      0.38      2.02  0.       -1856.664       -926.706      -3424.049    0.000  -0.022   0.062   0.
  2017 352 19 17 27 514 352.803790680      -5.78      0.39      2.09  0.       -1853.612       -929.051      -3423.858    0.000  -0.022   0.061   0.
  2017 352 19 17 28 514 352.803802254      -5.80      0.39      2.12  0.       -1850.559       -931.395      -3423.664    0.000  -0.021   0.059   0.
  2017 352 19 17 29 514 352.803813827      -5.84      0.39      2.15  0.       -1847.505       -933.739      -3423.469    0.000  -0.021   0.058   0.
  2017 352 19 17 30 514 352.803825399      -5.86      0.43      2.15  0.       -1844.449       -936.082      -3423.271    0.000  -0.021   0.057   0.
  2017 352 19 17 31 514 352.803836973      -5.87      0.39      2.12  0.       -1841.393       -938.424      -3423.071    0.000  -0.021   0.056   0.
  2017 352 19 17 32 514 352.803848547      -5.85      0.35      1.96  0.       -1838.335       -940.766      -3422.869    0.000  -0.020   0.054   0.
  2017 352 19 17 33 514 352.803860121      -5.84      0.34      2.04  0.       -1835.276       -943.107      -3422.664    0.000  -0.020   0.053   0.
  2017 352 19 17 34 514 352.803871696      -5.87      0.34      1.99  0.       -1832.215       -945.448      -3422.457    0.000  -0.019   0.051   0.
  2017 352 19 17 35 514 352.803883270      -5.86      0.36      1.96  0.       -1829.154       -947.788      -3422.247    0.000  -0.019   0.050   0.
  2017 352 19 17 36 514 352.803894844      -5.88      0.40      1.81  0.       -1826.091       -950.127      -3422.036    0.000  -0.018   0.049   0.
  2017 352 19 17 37 514 352.803906418      -5.95      0.49      1.62  0.       -1823.027       -952.466      -3421.822    0.000  -0.018   0.048   0.
  2017 352 19 17 38 514 352.803917992      -6.05      0.47      1.50  0.       -1819.961       -954.804      -3421.606    0.000  -0.017   0.046   0.
  2017 352 19 17 39 514 352.803929566      -6.10      0.47      1.60  0.       -1816.895       -957.141      -3421.388    0.000  -0.017   0.045   0.
  2017 352 19 17 40 514 352.803941140      -6.16      0.40      1.68  0.       -1813.827       -959.478      -3421.167    0.000  -0.016   0.043   0.
  2017 352 19 17 41 514 352.803952714      -6.18      0.30      1.71  0.       -1810.758       -961.814      -3420.944    0.000  -0.016   0.043   0.
  2017 352 19 17 42 514 352.803964288      -6.19      0.20      1.71  0.       -1807.688       -964.149      -3420.718    0.000  -0.015   0.042   0.
  2017 352 19 17 43 514 352.803975862      -6.21      0.13      1.75  0.       -1804.617       -966.484      -3420.491    0.000  -0.015   0.041   0.
  2017 352 19 17 44 514 352.803987436      -6.38      0.01      1.78  0.       -1801.544       -968.819      -3420.261    0.000  -0.014   0.039   0.
  2017 352 19 17 45 514 352.803999010      -6.43     -0.03      1.80  0.       -1798.470       -971.152      -3420.028    0.000  -0.014   0.038   0.
  2017 352 19 17 46 514 352.804010585      -6.40     -0.10      1.88  0.       -1795.395       -973.485      -3419.794    0.000  -0.013   0.037   0.
  2017 352 19 17 47 514 352.804022159      -6.34     -0.16      1.82  0.       -1792.319       -975.817      -3419.557    0.000  -0.013   0.036   0.
  2017 352 19 17 48 514 352.804033733      -6.27     -0.25      1.79  0.       -1789.242       -978.149      -3419.318    0.000  -0.013   0.034   0.
  2017 352 19 17 49 514 352.804045307      -6.30     -0.30      1.77  0.       -1786.163       -980.480      -3419.076    0.000  -0.013   0.033   0.
  2017 352 19 17 50 514 352.804056881      -6.31     -0.36      1.72  0.       -1783.083       -982.810      -3418.832    0.000  -0.012   0.032   0.
  2017 352 19 17 51 514 352.804068455      -6.24     -0.37      1.71  0.       -1780.002       -985.140      -3418.586    0.000  -0.012   0.031   0.
  2017 352 19 17 52 514 352.804080029      -6.23     -0.45      1.65  0.       -1776.920       -987.469      -3418.338    0.000  -0.011   0.030   0.
  2017 352 19 17 53 514 352.804091603      -6.23     -0.53      1.65  0.       -1773.836       -989.797      -3418.087    0.000  -0.011   0.029   0.
  2017 352 19 17 54 514 352.804103177      -6.21     -0.57      1.66  0.       -1770.752       -992.125      -3417.834    0.000  -0.010   0.028   0.
  2017 352 19 17 55 514 352.804114751      -6.19     -0.63      1.62  0.       -1767.666       -994.451      -3417.579    0.000  -0.010   0.027   0.
  2017 352 19 17 56 514 352.804126325      -6.21     -0.71      1.60  0.       -1764.579       -996.778      -3417.321    0.000  -0.009   0.025   0.
  2017 352 19 17 57 514 352.804137899      -6.21     -0.77      1.58  0.       -1761.490       -999.103      -3417.061    0.000  -0.009   0.024   0.
  2017 352 19 17 58 514 352.804149470      -6.21     -0.81      1.59  0.       -1758.401      -1001.428      -3416.798    0.000  -0.008   0.023   0.
  2017 352 19 17 59 514 352.804161045      -6.19     -0.87      1.65  0.       -1755.310      -1003.752      -3416.534    0.000  -0.008   0.023   0.
  2017 352 19 18  0 514 352.804172619      -6.22     -0.91      1.67  0.       -1752.218      -1006.076      -3416.267    0.000  -0.008   0.022   0.
  2017 352 19 18  1 514 352.804184193      -6.29     -0.92      1.75  0.       -1749.125      -1008.399      -3415.997    0.000  -0.008   0.021   0.
  2017 352 19 18  2 514 352.804195767      -6.29     -0.96      1.73  0.       -1746.031      -1010.721      -3415.725    0.000  -0.007   0.019   0.
  2017 352 19 18  3 514 352.804207341      -6.30     -1.05      1.83  0.       -1742.936      -1013.043      -3415.451    0.000  -0.007   0.018   0.
  2017 352 19 18  4 514 352.804218915      -6.38     -1.11      2.01  0.       -1739.839      -1015.363      -3415.175    0.000  -0.006   0.017   0.
  2017 352 19 18  5 514 352.804230489      -6.24     -1.11      2.32  0.       -1736.741      -1017.683      -3414.896    0.000  -0.006   0.017   0.
  2017 352 19 18  6 514 352.804242063      -6.08     -1.11      3.03  0.       -1733.642      -1020.003      -3414.615    0.000  -0.006   0.016   0.
  2017 352 19 18  7 514 352.804253637      -6.28     -1.23      3.25  0.       -1730.542      -1022.322      -3414.332    0.000  -0.006   0.015   0.
  2017 352 19 18  8 514 352.804265211      -6.42     -1.40      3.20  0.       -1727.440      -1024.640      -3414.046    0.000  -0.005   0.014   0.
  2017 352 19 18  9 514 352.804276785      -6.51     -1.67      3.07  0.       -1724.338      -1026.957      -3413.758    0.000  -0.005   0.013   0.
  2017 352 19 18 10 514 352.804288359      -6.54     -1.90      2.90  0.       -1721.234      -1029.274      -3413.467    0.000  -0.004   0.011   0.
  2017 352 19 18 11 514 352.804299933      -6.59     -2.13      2.70  0.       -1718.129      -1031.590      -3413.175    0.000  -0.004   0.011   0.
  2017 352 19 18 12 514 352.804311508      -6.64     -2.31      2.60  0.       -1715.023      -1033.905      -3412.879    0.000  -0.004   0.010   0.
  2017 352 19 18 13 514 352.804323082      -6.68     -2.28      2.58  0.       -1711.916      -1036.219      -3412.582    0.000  -0.004   0.010   0.
  2017 352 19 18 14 514 352.804334656      -6.66     -2.26      2.66  0.       -1708.807      -1038.533      -3412.282    0.000  -0.003   0.009   0.
  2017 352 19 18 15 514 352.804346230      -6.67     -2.25      2.69  0.       -1705.697      -1040.846      -3411.980    0.000  -0.003   0.008   0.
  2017 352 19 18 16 514 352.804357804      -6.73     -2.27      2.72  0.       -1702.587      -1043.159      -3411.675    0.000  -0.003   0.007   0.
  2017 352 19 18 17 514 352.804369378      -6.76     -2.32      2.68  0.       -1699.474      -1045.470      -3411.368    0.000  -0.003   0.007   0.
  2017 352 19 18 18 514 352.804380952      -6.82     -2.34      2.63  0.       -1696.361      -1047.781      -3411.059    0.000  -0.002   0.006   0.
  2017 352 19 18 19 514 352.804392526      -6.83     -2.38      2.52  0.       -1693.247      -1050.092      -3410.747    0.000  -0.002   0.006   0.
  2017 352 19 18 20 514 352.804404100      -6.84     -2.37      2.43  0.       -1690.131      -1052.401      -3410.433    0.000  -0.002   0.005   0.
  2017 352 19 18 21 514 352.804415674      -6.80     -2.38      2.37  0.       -1687.015      -1054.710      -3410.117    0.000  -0.002   0.004   0.
  2017 352 19 18 22 514 352.804427248      -6.69     -2.38      2.26  0.       -1683.897      -1057.018      -3409.798    0.000  -0.001   0.003   0.
  2017 352 19 18 23 514 352.804438822      -6.72     -2.40      2.27  0.       -1680.778      -1059.325      -3409.477    0.000  -0.001   0.003   0.
  2017 352 19 18 24 514 352.804450396      -6.66     -2.41      2.27  0.       -1677.657      -1061.632      -3409.153    0.000  -0.001   0.002   0.
  2017 352 19 18 25 514 352.804461971      -6.76     -2.36      2.32  0.       -1674.536      -1063.938      -3408.828    0.000  -0.001   0.002   0.
  2017 352 19 18 26 514 352.804473545      -6.72     -2.32      2.39  0.       -1671.413      -1066.243      -3408.499    0.000   0.000   0.001   0.
  2017 352 19 18 27 514 352.804485118      -6.65     -2.22      2.54  0.       -1668.290      -1068.547      -3408.169    0.000   0.000   0.001   0.
  2017 352 19 18 28 514 352.804496690      -6.69     -2.15      2.68  0.       -1665.165      -1070.851      -3407.836    0.000   0.000   0.000   0.
  2017 352 19 18 29 514 352.804508264      -6.65     -2.12      2.71  0.       -1662.039      -1073.154      -3407.500    0.000   0.000   0.000   0.
  2017 352 19 18 30 514 352.804519838      -6.63     -2.02      2.63  0.       -1658.911      -1075.456      -3407.163    0.000   0.000   0.000   0.
  2017 352 19 18 31 513 352.804531412      -6.59     -1.97      2.59  0.       -1655.783      -1077.757      -3406.823    0.000   0.000   0.000   0.
  2017 352 19 18 32 513 352.804542986      -6.52     -2.03      2.46  0.       -1652.654      -1080.058      -3406.480    0.000   0.000   0.000   0.
  2017 352 19 18 33 513 352.804554560      -6.51     -2.00      2.45  0.       -1649.523      -1082.358      -3406.135    0.000   0.000   0.000   0.
  2017 352 19 18 34 513 352.804566134      -6.53     -1.99      2.44  0.       -1646.391      -1084.657      -3405.788    0.000   0.000   0.000   0.
  2017 352 19 18 35 513 352.804577708      -6.50     -2.05      2.45  0.       -1643.258      -1086.955      -3405.438    0.000   0.000   0.000   0.
  2017 352 19 18 36 514 352.804589282      -6.47     -2.08      2.51  0.       -1640.124      -1089.253      -3405.086    0.000   0.000   0.000   0.
  2017 352 19 18 37 514 352.804600856      -6.46     -2.01      2.49  0.       -1636.989      -1091.550      -3404.732    0.000   0.000   0.000   0.
  2017 352 19 18 38 513 352.804612431      -6.50     -2.02      2.45  0.       -1633.852      -1093.846      -3404.375    0.000   0.000   0.000   0.
  2017 352 19 18 39 513 352.804624005      -6.49     -2.08      2.43  0.       -1630.715      -1096.142      -3404.016    0.000   0.000   0.000   0.
  2017 352 19 18 40 514 352.804635579      -6.43     -2.12      2.41  0.       -1627.576      -1098.436      -3403.654    0.000   0.000   0.000   0.
  2017 352 19 18 41 514 352.804647153      -6.41     -2.16      2.41  0.       -1624.436      -1100.730      -3403.290    0.000   0.000   0.000   0.
  2017 352 19 18 42 514 352.804658727      -6.37     -2.21      2.41  0.       -1621.295      -1103.023      -3402.924    0.000   0.000   0.000   0.
  2017 352 19 18 43 514 352.804670301      -6.34     -2.25      2.40  0.       -1618.153      -1105.315      -3402.555    0.000   0.000   0.000   0.
  2017 352 19 18 44 514 352.804681875      -6.34     -2.30      2.44  0.       -1615.010      -1107.607      -3402.184    0.000   0.000   0.000   0.
  2017 352 19 18 45 513 352.804693449      -6.35     -2.38      2.38  0.       -1611.865      -1109.898      -3401.810    0.000   0.000   0.000   0.
  2017 352 19 18 46 513 352.804705023      -6.34     -2.44      2.36  0.       -1608.720      -1112.187      -3401.434    0.000   0.000   0.000   0.
  2017 352 19 18 47 513 352.804716597      -6.32     -2.49      2.35  0.       -1605.573      -1114.477      -3401.056    0.000   0.000   0.000   0.
  2017 352 19 18 48 513 352.804728171      -6.32     -2.49      2.28  0.       -1602.425      -1116.765      -3400.675    0.000   0.000   0.000   0.
  2017 352 19 18 49 514 352.804739745      -6.28     -2.49      2.28  0.       -1599.276      -1119.053      -3400.292    0.000   0.000   0.000   0.
  2017 352 19 18 50 514 352.804751319      -6.27     -2.49      2.24  0.       -1596.126      -1121.339      -3399.906    0.000   0.000   0.000   0.
  2017 352 19 18 51 513 352.804762894      -6.29     -2.51      2.23  0.       -1592.975      -1123.626      -3399.518    0.000   0.000   0.000   0.
  2017 352 19 18 52 513 352.804774468      -6.29     -2.51      2.20  0.       -1589.822      -1125.911      -3399.128    0.000   0.000   0.000   0.
  2017 352 19 18 53 514 352.804786042      -6.26     -2.52      2.20  0.       -1586.669      -1128.195      -3398.735    0.000   0.000   0.000   0.
  2017 352 19 18 54 514 352.804797616      -6.26     -2.53      2.22  0.       -1583.514      -1130.479      -3398.340    0.000   0.000   0.000   0.
  2017 352 19 18 55 514 352.804809190      -6.28     -2.50      2.17  0.       -1580.358      -1132.762      -3397.942    0.000   0.000   0.000   0.
  2017 352 19 18 56 514 352.804820764      -6.28     -2.43      2.07  0.       -1577.202      -1135.044      -3397.542    0.000   0.000   0.000   0.
  2017 352 19 18 57 514 352.804832338      -6.25     -2.42      1.97  0.       -1574.044      -1137.325      -3397.139    0.000   0.000   0.000   0.
  2017 352 19 18 58 513 352.804843912      -6.22     -2.42      1.95  0.       -1570.884      -1139.605      -3396.734    0.000   0.000   0.000   0.
  2017 352 19 18 59 513 352.804855485      -6.27     -2.41      1.86  0.       -1567.724      -1141.885      -3396.327    0.000   0.000   0.000   0.
  2017 352 19 19  0 513 352.804867057      -6.29     -2.40      1.79  0.       -1564.563      -1144.164      -3395.917    0.000   0.000   0.000   0.
  2017 352 19 19  1 513 352.804878631      -6.25     -2.41      1.68  0.       -1561.400      -1146.442      -3395.505    0.000   0.000   0.000   0.
  2017 352 19 19  2 513 352.804890205      -6.27     -2.44      1.60  0.       -1558.237      -1148.719      -3395.090    0.000   0.000   0.000   0.
  2017 352 19 19  3 513 352.804901779      -6.25     -2.41      1.51  0.       -1555.072      -1150.995      -3394.673    0.000   0.000   0.000   0.
  2017 352 19 19  4 513 352.804913354      -6.21     -2.43      1.40  0.       -1551.906      -1153.271      -3394.254    0.000   0.000   0.000   0.
  2017 352 19 19  5 513 352.804924928      -6.18     -2.41      1.42  0.       -1548.739      -1155.546      -3393.832    0.000   0.000   0.000   0.
  2017 352 19 19  6 513 352.804936502      -6.13     -2.49      1.46  0.       -1545.571      -1157.820      -3393.407    0.000   0.000   0.000   0.
  2017 352 19 19  7 513 352.804948076      -6.15     -2.51      1.45  0.       -1542.402      -1160.093      -3392.981    0.000   0.000   0.000   0.
  2017 352 19 19  8 513 352.804959650      -6.09     -2.52      1.46  0.       -1539.232      -1162.365      -3392.551    0.000   0.000   0.000   0.
  2017 352 19 19  9 513 352.804971224      -6.06     -2.55      1.51  0.       -1536.060      -1164.636      -3392.120    0.000   0.000   0.000   0.
  2017 352 19 19 10 513 352.804982798      -6.05     -2.59      1.47  0.       -1532.888      -1166.907      -3391.686    0.000   0.000   0.000   0.
  2017 352 19 19 11 513 352.804994372      -6.03     -2.54      1.44  0.       -1529.714      -1169.177      -3391.249    0.000   0.000   0.000   0.
  2017 352 19 19 12 513 352.805005946      -5.97     -2.57      1.47  0.       -1526.540      -1171.446      -3390.810    0.000   0.000   0.000   0.
  2017 352 19 19 13 513 352.805017520      -5.97     -2.57      1.52  0.       -1523.364      -1173.714      -3390.369    0.000   0.000   0.000   0.
  2017 352 19 19 14 513 352.805029094      -6.00     -2.61      1.53  0.       -1520.187      -1175.981      -3389.925    0.000   0.000   0.000   0.
  2017 352 19 19 15 513 352.805040668      -6.04     -2.60      1.57  0.       -1517.009      -1178.247      -3389.478    0.000   0.000   0.000   0.
  2017 352 19 19 16 513 352.805052242      -6.07     -2.64      1.55  0.       -1513.830      -1180.513      -3389.029    0.000   0.000   0.000   0.
  2017 352 19 19 17 513 352.805063817      -6.13     -2.64      1.49  0.       -1510.650      -1182.778      -3388.578    0.000   0.000   0.000   0.
  2017 352 19 19 18 513 352.805075391      -6.16     -2.59      1.48  0.       -1507.469      -1185.042      -3388.125    0.000   0.000   0.000   0.
  2017 352 19 19 19 513 352.805086965      -6.16     -2.57      1.47  0.       -1504.286      -1187.305      -3387.669    0.000   0.000   0.000   0.
  2017 352 19 19 20 513 352.805098539      -6.14     -2.55      1.40  0.       -1501.103      -1189.567      -3387.210    0.000   0.000   0.000   0.
  2017 352 19 19 21 513 352.805110113      -6.19     -2.52      1.34  0.       -1497.918      -1191.828      -3386.749    0.000   0.000   0.000   0.
  2017 352 19 19 22 513 352.805121687      -6.16     -2.51      1.32  0.       -1494.733      -1194.088      -3386.285    0.000   0.000   0.000   0.
  2017 352 19 19 23 513 352.805133261      -6.17     -2.45      1.33  0.       -1491.546      -1196.348      -3385.819    0.000   0.000   0.000   0.
  2017 352 19 19 24 513 352.805144835      -6.12     -2.40      1.36  0.       -1488.358      -1198.607      -3385.351    0.000   0.000   0.000   0.
  2017 352 19 19 25 513 352.805156409      -6.12     -2.33      1.33  0.       -1485.169      -1200.865      -3384.880    0.000   0.000   0.000   0.
  2017 352 19 19 26 513 352.805167983      -6.10     -2.31      1.26  0.       -1481.979      -1203.121      -3384.407    0.000   0.000   0.000   0.
  2017 352 19 19 27 513 352.805179557      -6.07     -2.28      1.21  0.       -1478.789      -1205.378      -3383.931    0.000   0.000   0.000   0.
  2017 352 19 19 28 513 352.805191131      -6.04     -2.26      1.16  0.       -1475.596      -1207.633      -3383.452    0.000   0.000   0.000   0.
  2017 352 19 19 29 513 352.805202705      -5.99     -2.22      1.09  0.       -1472.403      -1209.887      -3382.972    0.000   0.000   0.000   0.
  2017 352 19 19 30 513 352.805214277      -5.97     -2.16      1.02  0.       -1469.209      -1212.141      -3382.489    0.000   0.000   0.000   0.
  2017 352 19 19 31 513 352.805225851      -5.93     -2.08      0.98  0.       -1466.014      -1214.393      -3382.003    0.000   0.000   0.000   0.
  2017 352 19 19 32 513 352.805237425      -5.89     -2.05      0.93  0.       -1462.817      -1216.645      -3381.515    0.000   0.000   0.000   0.
  2017 352 19 19 33 513 352.805248999      -5.86     -2.02      0.93  0.       -1459.620      -1218.896      -3381.024    0.000   0.000   0.000   0.
  2017 352 19 19 34 513 352.805260573      -5.90     -2.06      0.97  0.       -1456.421      -1221.146      -3380.531    0.000   0.000   0.000   0.
  2017 352 19 19 35 513 352.805272147      -6.02     -2.11      1.00  0.       -1453.222      -1223.395      -3380.036    0.000   0.000   0.000   0.
  2017 352 19 19 36 513 352.805283721      -6.09     -2.11      1.02  0.       -1450.021      -1225.643      -3379.538    0.000   0.000   0.000   0.
  2017 352 19 19 37 513 352.805295295      -6.09     -2.09      1.01  0.       -1446.819      -1227.890      -3379.037    0.000   0.000   0.000   0.
  2017 352 19 19 38 513 352.805306869      -6.07     -2.09      1.00  0.       -1443.617      -1230.137      -3378.534    0.000   0.000   0.000   0.
  2017 352 19 19 39 513 352.805318443      -6.09     -2.08      1.00  0.       -1440.413      -1232.382      -3378.029    0.000   0.000   0.000   0.
  2017 352 19 19 40 513 352.805330017      -6.11     -2.12      1.00  0.       -1437.208      -1234.627      -3377.521    0.000   0.000   0.000   0.
  2017 352 19 19 41 513 352.805341591      -6.10     -2.13      1.01  0.       -1434.002      -1236.870      -3377.010    0.000   0.000   0.000   0.
  2017 352 19 19 42 513 352.805353165      -6.09     -2.10      1.06  0.       -1430.795      -1239.113      -3376.497    0.000   0.000   0.000   0.
  2017 352 19 19 43 513 352.805364740      -6.10     -2.12      1.11  0.       -1427.587      -1241.355      -3375.982    0.000   0.000   0.000   0.
  2017 352 19 19 44 513 352.805376314      -6.12     -2.14      1.16  0.       -1424.378      -1243.596      -3375.464    0.000   0.000   0.000   0.
  2017 352 19 19 45 513 352.805387888      -6.14     -2.16      1.13  0.       -1421.168      -1245.836      -3374.944    0.000   0.000   0.000   0.
  2017 352 19 19 46 513 352.805399462      -6.17     -2.18      1.10  0.       -1417.956      -1248.075      -3374.421    0.000   0.000   0.000   0.
  2017 352 19 19 47 513 352.805411036      -6.22     -2.16      1.09  0.       -1414.744      -1250.313      -3373.896    0.000   0.000   0.000   0.
  2017 352 19 19 48 513 352.805422610      -6.27     -2.16      1.12  0.       -1411.531      -1252.551      -3373.368    0.000   0.000   0.000   0.
  2017 352 19 19 49 513 352.805434184      -6.30     -2.14      1.06  0.       -1408.317      -1254.787      -3372.837    0.000   0.000   0.000   0.
  2017 352 19 19 50 513 352.805445758      -6.33     -2.11      1.10  0.       -1405.101      -1257.023      -3372.304    0.000   0.000   0.000   0.
  2017 352 19 19 51 513 352.805457332      -6.31     -2.10      1.10  0.       -1401.885      -1259.257      -3371.769    0.000   0.000   0.000   0.
  2017 352 19 19 52 513 352.805468906      -6.32     -2.10      1.13  0.       -1398.667      -1261.491      -3371.231    0.000   0.000   0.000   0.
  2017 352 19 19 53 513 352.805480480      -6.29     -2.08      1.13  0.       -1395.449      -1263.723      -3370.691    0.000   0.000   0.000   0.
  2017 352 19 19 54 513 352.805492054      -6.23     -2.07      1.17  0.       -1392.229      -1265.955      -3370.148    0.000   0.000   0.000   0.
  2017 352 19 19 55 513 352.805503628      -6.22     -2.03      1.20  0.       -1389.009      -1268.186      -3369.603    0.000   0.000   0.000   0.
  2017 352 19 19 56 513 352.805515203      -6.18     -2.03      1.22  0.       -1385.787      -1270.416      -3369.055    0.000   0.000   0.000   0.
  2017 352 19 19 57 513 352.805526776      -6.14     -1.99      1.24  0.       -1382.564      -1272.645      -3368.505    0.000   0.000   0.000   0.
  2017 352 19 19 58 513 352.805538348      -6.12     -1.97      1.29  0.       -1379.341      -1274.873      -3367.952    0.000   0.000   0.000   0.
  2017 352 19 19 59 513 352.805549922      -6.08     -1.96      1.30  0.       -1376.116      -1277.100      -3367.396    0.000   0.000   0.000   0.
  2017 352 19 20  0 513 352.805561496      -6.05     -1.90      1.33  0.       -1372.890      -1279.326      -3366.838    0.000   0.000   0.000   0.
  2017 352 19 20  1 513 352.805573070      -5.99     -1.89      1.39  0.       -1369.664      -1281.551      -3366.278    0.000   0.000   0.000   0.
  2017 352 19 20  2 513 352.805584644      -5.98     -1.90      1.43  0.       -1366.436      -1283.775      -3365.715    0.000   0.000   0.000   0.
  2017 352 19 20  3 513 352.805596218      -5.95     -1.87      1.49  0.       -1363.207      -1285.999      -3365.150    0.000   0.000   0.000   0.
  2017 352 19 20  4 513 352.805607792      -5.93     -1.87      1.50  0.       -1359.977      -1288.221      -3364.582    0.000   0.000   0.000   0.
  2017 352 19 20  5 513 352.805619366      -5.92     -1.83      1.42  0.       -1356.746      -1290.442      -3364.011    0.000   0.000   0.000   0.
  2017 352 19 20  6 513 352.805630940      -5.86     -1.82      1.43  0.       -1353.514      -1292.662      -3363.438    0.000   0.000   0.000   0.
  2017 352 19 20  7 513 352.805642514      -5.87     -1.77      1.47  0.       -1350.282      -1294.882      -3362.863    0.000   0.000   0.000   0.
  2017 352 19 20  8 513 352.805654089      -5.83     -1.68      1.49  0.       -1347.048      -1297.100      -3362.285    0.000   0.000   0.000   0.
  2017 352 19 20  9 513 352.805665663      -5.82     -1.63      1.60  0.       -1343.813      -1299.318      -3361.704    0.000   0.000   0.000   0.
  2017 352 19 20 10 513 352.805677237      -5.81     -1.55      1.63  0.       -1340.577      -1301.534      -3361.121    0.000   0.000   0.000   0.
  2017 352 19 20 11 513 352.805688811      -5.78     -1.52      1.67  0.       -1337.340      -1303.750      -3360.536    0.000   0.000   0.000   0.
  2017 352 19 20 12 513 352.805700385      -5.74     -1.48      1.70  0.       -1334.102      -1305.965      -3359.948    0.000   0.000   0.000   0.
  2017 352 19 20 13 513 352.805711959      -5.69     -1.40      1.73  0.       -1330.864      -1308.178      -3359.357    0.000   0.000   0.000   0.
  2017 352 19 20 14 513 352.805723533      -5.68     -1.32      1.77  0.       -1327.624      -1310.391      -3358.764    0.000   0.000   0.000   0.
  2017 352 19 20 15 513 352.805735107      -5.64     -1.25      1.76  0.       -1324.383      -1312.602      -3358.168    0.000   0.000   0.000   0.
  2017 352 19 20 16 513 352.805746681      -5.64     -1.19      1.78  0.       -1321.141      -1314.813      -3357.570    0.000   0.000   0.000   0.
  2017 352 19 20 17 513 352.805758255      -5.61     -1.15      1.77  0.       -1317.898      -1317.023      -3356.969    0.000   0.000   0.000   0.
  2017 352 19 20 18 513 352.805769829      -5.64     -1.08      1.74  0.       -1314.654      -1319.232      -3356.366    0.000   0.000   0.000   0.
  2017 352 19 20 19 513 352.805781403      -5.63     -1.01      1.73  0.       -1311.409      -1321.439      -3355.760    0.000   0.000   0.000   0.
  2017 352 19 20 20 513 352.805792977      -5.62     -0.91      1.65  0.       -1308.163      -1323.646      -3355.152    0.000   0.000   0.000   0.
  2017 352 19 20 21 513 352.805804552      -5.62     -0.90      1.54  0.       -1304.917      -1325.851      -3354.541    0.000   0.000   0.000   0.
  2017 352 19 20 22 513 352.805816126      -5.75     -0.89      1.56  0.       -1301.669      -1328.056      -3353.928    0.000   0.000   0.000   0.
  2017 352 19 20 23 513 352.805827700      -5.87     -0.88      1.57  0.       -1298.420      -1330.260      -3353.312    0.000   0.000   0.000   0.
  2017 352 19 20 24 513 352.805839274      -5.99     -0.89      1.53  0.       -1295.170      -1332.462      -3352.693    0.000   0.000   0.000   0.
  2017 352 19 20 25 513 352.805850848      -6.06     -0.85      1.53  0.       -1291.919      -1334.664      -3352.072    0.000   0.000   0.000   0.
  2017 352 19 20 26 513 352.805862422      -6.19     -0.89      1.38  0.       -1288.667      -1336.865      -3351.448    0.000   0.000   0.000   0.
  2017 352 19 20 27 512 352.805873995      -6.25     -0.91      1.35  0.       -1285.415      -1339.065      -3350.822    0.000   0.000   0.000   0.
  2017 352 19 20 28 512 352.805885567      -6.35     -0.99      1.36  0.       -1282.161      -1341.263      -3350.194    0.000   0.000   0.000   0.
  2017 352 19 20 29 512 352.805897141      -6.48     -1.00      1.29  0.       -1278.906      -1343.461      -3349.562    0.000   0.000   0.000   0.
  2017 352 19 20 30 512 352.805908715      -6.61     -1.01      1.08  0.       -1275.651      -1345.657      -3348.929    0.000   0.000   0.000   0.
  2017 352 19 20 31 513 352.805920289      -6.78     -1.00      0.93  0.       -1272.394      -1347.853      -3348.292    0.000   0.000   0.000   0.
  2017 352 19 20 32 513 352.805931863      -6.84     -0.97      0.74  0.       -1269.136      -1350.048      -3347.653    0.000   0.000   0.000   0.
  2017 352 19 20 33 512 352.805943437      -6.93     -0.94      0.53  0.       -1265.878      -1352.241      -3347.012    0.000   0.000   0.000   0.
  2017 352 19 20 34 512 352.805955012      -7.05     -0.92      0.36  0.       -1262.618      -1354.434      -3346.368    0.000   0.000   0.000   0.
  2017 352 19 20 35 513 352.805966586      -7.10     -0.89      0.16  0.       -1259.358      -1356.625      -3345.721    0.000   0.000   0.000   0.
  2017 352 19 20 36 513 352.805978160      -7.15     -0.83     -0.08  0.       -1256.096      -1358.816      -3345.072    0.000   0.000   0.000   0.
  2017 352 19 20 37 513 352.805989734      -7.08     -0.78     -0.35  0.       -1252.834      -1361.005      -3344.421    0.000   0.000   0.000   0.
  2017 352 19 20 38 513 352.806001308      -7.01     -0.73     -0.63  0.       -1249.570      -1363.194      -3343.766    0.000   0.000   0.000   0.
  2017 352 19 20 39 513 352.806012882      -7.03     -0.72     -0.85  0.       -1246.306      -1365.381      -3343.110    0.000   0.000   0.000   0.
  2017 352 19 20 40 512 352.806024456      -7.02     -0.70     -1.05  0.       -1243.041      -1367.567      -3342.450    0.000   0.000   0.000   0.
  2017 352 19 20 41 512 352.806036030      -6.98     -0.66     -1.15  0.       -1239.774      -1369.753      -3341.789    0.000   0.000   0.000   0.
  2017 352 19 20 42 512 352.806047604      -6.94     -0.63     -1.13  0.       -1236.507      -1371.937      -3341.124    0.000   0.000   0.000   0.
  2017 352 19 20 43 512 352.806059178      -6.88     -0.53     -1.21  0.       -1233.239      -1374.120      -3340.457    0.000   0.000   0.000   0.
  2017 352 19 20 44 512 352.806070752      -6.79     -0.50     -1.36  0.       -1229.970      -1376.302      -3339.787    0.000   0.000   0.000   0.
  2017 352 19 20 45 513 352.806082326      -6.60     -0.42     -1.83  0.       -1226.700      -1378.483      -3339.115    0.000   0.000   0.000   0.
  2017 352 19 20 46 513 352.806093900      -6.47     -0.24     -2.39  0.       -1223.429      -1380.664      -3338.441    0.000   0.000   0.000   0.
  2017 352 19 20 47 512 352.806105475      -6.39     -0.14     -2.68  0.       -1220.157      -1382.843      -3337.763    0.000   0.000   0.000   0.
  2017 352 19 20 48 512 352.806117049      -6.42     -0.18     -2.81  0.       -1216.884      -1385.021      -3337.083    0.000   0.000   0.000   0.
  2017 352 19 20 49 513 352.806128623      -6.47     -0.27     -2.85  0.       -1213.610      -1387.197      -3336.401    0.000   0.000   0.000   0.
  2017 352 19 20 50 513 352.806140197      -6.37     -0.23     -2.92  0.       -1210.335      -1389.373      -3335.716    0.000   0.000   0.000   0.
  2017 352 19 20 51 513 352.806151771      -6.17     -0.17     -2.93  0.       -1207.060      -1391.548      -3335.028    0.000   0.000   0.000   0.
  2017 352 19 20 52 513 352.806163345      -6.04     -0.10     -3.02  0.       -1203.783      -1393.722      -3334.338    0.000   0.000   0.000   0.
  2017 352 19 20 53 513 352.806174919      -5.98      0.04     -3.12  0.       -1200.505      -1395.894      -3333.646    0.000   0.000   0.000   0.
  2017 352 19 20 54 512 352.806186493      -5.85      0.14     -3.16  0.       -1197.227      -1398.066      -3332.950    0.000   0.000   0.000   0.
  2017 352 19 20 55 512 352.806198067      -5.84      0.21     -3.19  0.       -1193.947      -1400.236      -3332.252    0.000   0.000   0.000   0.
  2017 352 19 20 56 512 352.806209641      -5.83      0.30     -3.22  0.       -1190.667      -1402.406      -3331.552    0.000   0.000   0.000   0.
  2017 352 19 20 57 512 352.806221215      -5.92      0.34     -3.25  0.       -1187.386      -1404.574      -3330.849    0.000   0.000   0.000   0.
  2017 352 19 20 58 512 352.806232786      -6.02      0.37     -3.25  0.       -1184.104      -1406.741      -3330.143    0.000   0.000   0.000   0.
  2017 352 19 20 59 512 352.806244361      -6.12      0.39     -3.21  0.       -1180.821      -1408.907      -3329.435    0.000   0.000   0.000   0.
  2017 352 19 21  0 512 352.806255935      -6.22      0.44     -3.12  0.       -1177.536      -1411.072      -3328.724    0.000   0.000   0.000   0.
  2017 352 19 21  1 512 352.806267509      -6.24      0.44     -3.14  0.       -1174.252      -1413.236      -3328.011    0.000   0.000   0.000   0.
  2017 352 19 21  2 512 352.806279083      -6.29      0.41     -3.14  0.       -1170.966      -1415.399      -3327.295    0.000   0.000   0.000   0.
  2017 352 19 21  3 512 352.806290657      -6.33      0.41     -3.13  0.       -1167.679      -1417.561      -3326.576    0.000   0.000   0.000   0.
  2017 352 19 21  4 512 352.806302231      -6.32      0.44     -3.10  0.       -1164.391      -1419.721      -3325.855    0.000   0.000   0.000   0.
  2017 352 19 21  5 512 352.806313805      -6.30      0.45     -3.20  0.       -1161.103      -1421.881      -3325.131    0.000   0.000   0.000   0.
  2017 352 19 21  6 512 352.806325379      -6.23      0.50     -3.20  0.       -1157.813      -1424.040      -3324.405    0.000   0.000   0.000   0.
  2017 352 19 21  7 512 352.806336953      -6.18      0.53     -3.26  0.       -1154.523      -1426.197      -3323.676    0.000   0.000   0.000   0.
  2017 352 19 21  8 512 352.806348527      -6.05      0.60     -3.36  0.       -1151.231      -1428.353      -3322.945    0.000   0.000   0.000   0.
  2017 352 19 21  9 512 352.806360101      -5.93      0.69     -3.47  0.       -1147.939      -1430.508      -3322.210    0.000   0.000   0.000   0.
  2017 352 19 21 10 512 352.806371675      -5.79      0.78     -3.50  0.       -1144.646      -1432.662      -3321.474    0.000   0.000   0.000   0.
  2017 352 19 21 11 512 352.806383249      -5.66      0.83     -3.54  0.       -1141.352      -1434.815      -3320.734    0.000   0.000   0.000   0.
  2017 352 19 21 12 512 352.806394823      -5.55      0.88     -3.62  0.       -1138.057      -1436.967      -3319.993    0.000   0.000   0.000   0.
  2017 352 19 21 13 512 352.806406398      -5.46      0.94     -3.74  0.       -1134.762      -1439.118      -3319.248    0.000   0.000   0.000   0.
  2017 352 19 21 14 512 352.806417972      -5.38      0.95     -3.86  0.       -1131.465      -1441.267      -3318.501    0.000   0.000   0.000   0.
  2017 352 19 21 15 512 352.806429546      -5.33      0.91     -3.87  0.       -1128.167      -1443.416      -3317.751    0.000   0.000   0.000   0.
  2017 352 19 21 16 512 352.806441120      -5.29      0.94     -3.90  0.       -1124.869      -1445.563      -3316.999    0.000   0.000   0.000   0.
  2017 352 19 21 17 512 352.806452694      -5.27      0.93     -3.87  0.       -1121.569      -1447.709      -3316.244    0.000   0.000   0.000   0.
  2017 352 19 21 18 512 352.806464268      -5.50      0.94     -3.66  0.       -1118.269      -1449.854      -3315.486    0.000   0.000   0.000   0.
  2017 352 19 21 19 512 352.806475842      -5.63      0.96     -3.60  0.       -1114.968      -1451.998      -3314.726    0.000   0.000   0.000   0.
  2017 352 19 21 20 512 352.806487416      -5.62      0.99     -3.59  0.       -1111.666      -1454.141      -3313.963    0.000   0.000   0.000   0.
  2017 352 19 21 21 512 352.806498990      -5.58      1.04     -3.62  0.       -1108.363      -1456.283      -3313.198    0.000   0.000   0.000   0.
  2017 352 19 21 22 512 352.806510564      -5.52      1.10     -3.63  0.       -1105.060      -1458.423      -3312.430    0.000   0.000   0.000   0.
  2017 352 19 21 23 512 352.806522138      -5.45      1.16     -3.63  0.       -1101.755      -1460.563      -3311.660    0.000   0.000   0.000   0.
  2017 352 19 21 24 512 352.806533712      -5.41      1.21     -3.69  0.       -1098.449      -1462.701      -3310.886    0.000   0.000   0.000   0.
  2017 352 19 21 25 512 352.806545286      -5.28      1.27     -3.75  0.       -1095.143      -1464.838      -3310.111    0.000   0.000   0.000   0.
  2017 352 19 21 26 512 352.806556861      -5.11      1.32     -3.77  0.       -1091.836      -1466.974      -3309.332    0.000   0.000   0.000   0.
  2017 352 19 21 27 512 352.806568434      -4.99      1.42     -3.84  0.       -1088.528      -1469.108      -3308.551    0.000   0.000   0.000   0.
  2017 352 19 21 28 512 352.806580006      -4.83      1.53     -3.88  0.       -1085.219      -1471.242      -3307.768    0.000   0.000   0.000   0.
  2017 352 19 21 29 512 352.806591580      -4.68      1.50     -3.87  0.       -1081.909      -1473.375      -3306.981    0.000   0.000   0.000   0.
  2017 352 19 21 30 512 352.806603154      -4.73      1.39     -3.84  0.       -1078.599      -1475.506      -3306.192    0.000   0.000   0.000   0.
  2017 352 19 21 31 512 352.806614728      -4.75      1.31     -3.82  0.       -1075.287      -1477.636      -3305.401    0.000   0.000   0.000   0.
  2017 352 19 21 32 512 352.806626302      -4.82      1.21     -3.82  0.       -1071.975      -1479.765      -3304.607    0.000   0.000   0.000   0.
  2017 352 19 21 33 512 352.806637876      -4.83      1.12     -3.82  0.       -1068.661      -1481.893      -3303.810    0.000   0.000   0.000   0.
  2017 352 19 21 34 512 352.806649450      -4.71      1.15     -3.96  0.       -1065.347      -1484.019      -3303.011    0.000   0.000   0.000   0.
  2017 352 19 21 35 512 352.806661024      -4.57      1.19     -4.08  0.       -1062.033      -1486.145      -3302.209    0.000   0.000   0.000   0.
  2017 352 19 21 36 512 352.806672598      -4.49      1.20     -4.19  0.       -1058.717      -1488.269      -3301.404    0.000   0.000   0.000   0.
  2017 352 19 21 37 512 352.806684173      -4.38      1.22     -4.24  0.       -1055.400      -1490.392      -3300.597    0.000   0.000   0.000   0.
  2017 352 19 21 38 512 352.806695747      -4.29      1.23     -4.29  0.       -1052.083      -1492.514      -3299.787    0.000   0.000   0.000   0.
  2017 352 19 21 39 512 352.806707321      -4.18      1.23     -4.41  0.       -1048.764      -1494.635      -3298.974    0.000   0.000   0.000   0.
  2017 352 19 21 40 512 352.806718895      -4.14      1.18     -4.41  0.       -1045.445      -1496.755      -3298.159    0.000   0.000   0.000   0.
  2017 352 19 21 41 512 352.806730469      -4.09      1.14     -4.39  0.       -1042.125      -1498.873      -3297.341    0.000   0.000   0.000   0.
  2017 352 19 21 42 512 352.806742043      -4.07      1.14     -4.30  0.       -1038.805      -1500.990      -3296.521    0.000   0.000   0.000   0.
  2017 352 19 21 43 512 352.806753617      -4.05      1.09     -4.31  0.       -1035.483      -1503.106      -3295.698    0.000   0.000   0.000   0.
  2017 352 19 21 44 512 352.806765191      -4.03      1.05     -4.27  0.       -1032.161      -1505.221      -3294.872    0.000   0.000   0.000   0.
  2017 352 19 21 45 512 352.806776765      -3.98      1.02     -4.19  0.       -1028.837      -1507.335      -3294.044    0.000   0.000   0.000   0.
  2017 352 19 21 46 512 352.806788339      -3.97      0.97     -4.14  0.       -1025.513      -1509.447      -3293.213    0.000   0.000   0.000   0.
  2017 352 19 21 47 512 352.806799913      -3.96      0.92     -4.05  0.       -1022.188      -1511.558      -3292.380    0.000   0.000   0.000   0.
  2017 352 19 21 48 512 352.806811487      -3.90      0.89     -4.00  0.       -1018.863      -1513.668      -3291.543    0.000   0.000   0.000   0.
  2017 352 19 21 49 512 352.806823061      -3.88      0.85     -3.98  0.       -1015.536      -1515.777      -3290.705    0.000   0.000   0.000   0.
  2017 352 19 21 50 512 352.806834635      -3.86      0.85     -3.90  0.       -1012.209      -1517.884      -3289.863    0.000   0.000   0.000   0.
  2017 352 19 21 51 512 352.806846210      -3.89      0.80     -3.83  0.       -1008.881      -1519.991      -3289.019    0.000   0.000   0.000   0.
  2017 352 19 21 52 512 352.806857784      -4.00      0.70     -3.75  0.       -1005.552      -1522.096      -3288.172    0.000   0.000   0.000   0.
  2017 352 19 21 53 512 352.806869358      -4.20      0.58     -3.51  0.       -1002.222      -1524.200      -3287.323    0.000   0.000   0.000   0.
  2017 352 19 21 54 512 352.806880932      -4.39      0.46     -3.35  0.        -998.891      -1526.303      -3286.471    0.000   0.000   0.000   0.
  2017 352 19 21 55 512 352.806892505      -4.51      0.35     -3.17  0.        -995.560      -1528.404      -3285.616    0.000   0.000   0.000   0.
  2017 352 19 21 56 512 352.806904077      -4.53      0.29     -3.07  0.        -992.228      -1530.504      -3284.759    0.000   0.000   0.000   0.
  2017 352 19 21 57 512 352.806915651      -4.63      0.19     -2.93  0.        -988.894      -1532.603      -3283.899    0.000   0.000   0.000   0.
  2017 352 19 21 58 512 352.806927225      -4.72      0.11     -2.77  0.        -985.561      -1534.701      -3283.036    0.000   0.000   0.000   0.
  2017 352 19 21 59 512 352.806938799      -4.78      0.06     -2.71  0.        -982.226      -1536.798      -3282.171    0.000   0.000   0.000   0.
  2017 352 19 22  0 512 352.806950373      -4.82      0.02     -2.70  0.        -978.891      -1538.893      -3281.303    0.000   0.000   0.000   0.
  2017 352 19 22  1 512 352.806961947      -4.77      0.05     -2.77  0.        -975.555      -1540.987      -3280.432    0.000   0.000   0.000   0.
  2017 352 19 22  2 512 352.806973521      -4.72      0.00     -2.69  0.        -972.218      -1543.080      -3279.559    0.000   0.000   0.000   0.
  2017 352 19 22  3 512 352.806985096      -4.71     -0.05     -2.63  0.        -968.880      -1545.172      -3278.683    0.000   0.000   0.000   0.
  2017 352 19 22  4 512 352.806996670      -4.64     -0.07     -2.62  0.        -965.541      -1547.262      -3277.805    0.000   0.000   0.000   0.
  2017 352 19 22  5 512 352.807008244      -4.59     -0.14     -2.41  0.        -962.202      -1549.351      -3276.924    0.000   0.000   0.000   0.
  2017 352 19 22  6 512 352.807019818      -4.81     -0.39     -1.92  0.        -958.862      -1551.439      -3276.040    0.000   0.000   0.000   0.
  2017 352 19 22  7 512 352.807031392      -4.97     -0.59     -1.58  0.        -955.521      -1553.526      -3275.153    0.000   0.000   0.000   0.
  2017 352 19 22  8 512 352.807042966      -5.06     -0.70     -1.36  0.        -952.179      -1555.611      -3274.264    0.000   0.000   0.000   0.
  2017 352 19 22  9 512 352.807054540      -5.09     -0.76     -1.14  0.        -948.837      -1557.695      -3273.372    0.000   0.000   0.000   0.
  2017 352 19 22 10 512 352.807066114      -5.07     -0.77     -0.96  0.        -945.494      -1559.778      -3272.478    0.000   0.000   0.000   0.
  2017 352 19 22 11 512 352.807077688      -4.97     -0.85     -0.80  0.        -942.149      -1561.860      -3271.581    0.000   0.000   0.000   0.
  2017 352 19 22 12 512 352.807089262      -4.83     -0.97     -0.54  0.        -938.805      -1563.940      -3270.681    0.000   0.000   0.000   0.
  2017 352 19 22 13 512 352.807100836      -4.63     -1.04     -0.31  0.        -935.459      -1566.019      -3269.778    0.000   0.000   0.000   0.
  2017 352 19 22 14 512 352.807112410      -4.38     -1.01     -0.10  0.        -932.113      -1568.097      -3268.873    0.000   0.000   0.000   0.
  2017 352 19 22 15 512 352.807123984      -4.18     -1.07      0.05  0.        -928.766      -1570.174      -3267.965    0.000   0.000   0.000   0.
  2017 352 19 22 16 512 352.807135558      -3.99     -1.17      0.25  0.        -925.418      -1572.249      -3267.055    0.000   0.000   0.000   0.
  2017 352 19 22 17 512 352.807147133      -3.83     -1.23      0.49  0.        -922.069      -1574.323      -3266.142    0.000   0.000   0.000   0.
  2017 352 19 22 18 512 352.807158707      -3.65     -1.28      0.76  0.        -918.720      -1576.396      -3265.226    0.000   0.000   0.000   0.
  2017 352 19 22 19 512 352.807170281      -3.54     -1.36      1.10  0.        -915.370      -1578.467      -3264.308    0.000   0.000   0.000   0.
  2017 352 19 22 20 512 352.807181855      -3.36     -1.41      1.50  0.        -912.019      -1580.538      -3263.387    0.000   0.000   0.000   0.
  2017 352 19 22 21 512 352.807193429      -3.32     -1.47      1.70  0.        -908.668      -1582.606      -3262.463    0.000   0.000   0.000   0.
  2017 352 19 22 22 512 352.807205003      -3.61     -1.67      2.13  0.        -905.315      -1584.674      -3261.536    0.000   0.000   0.000   0.
  2017 352 19 22 23 512 352.807216577      -4.08     -2.15      2.69  0.        -901.962      -1586.740      -3260.607    0.000   0.000   0.000   0.
  2017 352 19 22 24 512 352.807228151      -4.32     -2.26      2.64  0.        -898.609      -1588.805      -3259.676    0.000   0.000   0.000   0.
  2017 352 19 22 25 512 352.807239725      -4.34     -2.27      2.46  0.        -895.254      -1590.869      -3258.741    0.000   0.000   0.000   0.
  2017 352 19 22 26 512 352.807251299      -4.58     -2.41      2.28  0.        -891.899      -1592.931      -3257.804    0.000   0.000   0.000   0.
  2017 352 19 22 27 512 352.807262872      -4.60     -2.38      2.42  0.        -888.543      -1594.993      -3256.864    0.000   0.000   0.000   0.
  2017 352 19 22 28 512 352.807274444      -4.61     -2.40      2.55  0.        -885.186      -1597.052      -3255.922    0.000   0.000   0.000   0.
  2017 352 19 22 29 511 352.807286018      -4.63     -2.48      2.77  0.        -881.829      -1599.111      -3254.977    0.000   0.000   0.000   0.
  2017 352 19 22 30 511 352.807297593      -4.67     -2.47      2.87  0.        -878.470      -1601.168      -3254.029    0.000   0.000   0.000   0.
  2017 352 19 22 31 512 352.807309167      -4.72     -2.43      2.88  0.        -875.111      -1603.224      -3253.078    0.000   0.000   0.000   0.
  2017 352 19 22 32 512 352.807320741      -4.80     -2.41      2.91  0.        -871.752      -1605.279      -3252.125    0.000   0.000   0.000   0.
  2017 352 19 22 33 512 352.807332315      -4.86     -2.40      2.90  0.        -868.392      -1607.332      -3251.169    0.000   0.000   0.000   0.
  2017 352 19 22 34 512 352.807343889      -4.90     -2.42      2.92  0.        -865.030      -1609.384      -3250.211    0.000   0.000   0.000   0.
  2017 352 19 22 35 512 352.807355463      -4.93     -2.41      3.02  0.        -861.669      -1611.434      -3249.250    0.000   0.000   0.000   0.
  2017 352 19 22 36 511 352.807367037      -4.97     -2.40      3.12  0.        -858.306      -1613.484      -3248.286    0.000   0.000   0.000   0.
  2017 352 19 22 37 511 352.807378611      -5.02     -2.41      3.18  0.        -854.943      -1615.532      -3247.319    0.000   0.000   0.000   0.
  2017 352 19 22 38 511 352.807390185      -5.04     -2.40      3.27  0.        -851.579      -1617.578      -3246.350    0.000   0.000   0.000   0.
  2017 352 19 22 39 511 352.807401759      -5.08     -2.42      3.34  0.        -848.214      -1619.624      -3245.378    0.000   0.000   0.000   0.
  2017 352 19 22 40 511 352.807413333      -5.05     -2.37      3.32  0.        -844.849      -1621.668      -3244.403    0.000   0.000   0.000   0.
  2017 352 19 22 41 512 352.807424907      -5.04     -2.31      3.32  0.        -841.483      -1623.710      -3243.426    0.000   0.000   0.000   0.
  2017 352 19 22 42 512 352.807436482      -5.09     -2.39      3.27  0.        -838.116      -1625.752      -3242.446    0.000   0.000   0.000   0.
  2017 352 19 22 43 511 352.807448056      -5.16     -2.54      3.15  0.        -834.749      -1627.792      -3241.463    0.000   0.000   0.000   0.
  2017 352 19 22 44 511 352.807459630      -5.23     -2.74      2.85  0.        -831.381      -1629.830      -3240.478    0.000   0.000   0.000   0.
  2017 352 19 22 45 512 352.807471204      -5.35     -2.85      2.71  0.        -828.012      -1631.868      -3239.490    0.000   0.000   0.000   0.
  2017 352 19 22 46 512 352.807482778      -5.44     -2.87      2.60  0.        -824.642      -1633.904      -3238.499    0.000   0.000   0.000   0.
  2017 352 19 22 47 512 352.807494352      -5.52     -2.89      2.48  0.        -821.272      -1635.938      -3237.506    0.000   0.000   0.000   0.
  2017 352 19 22 48 512 352.807505926      -5.61     -2.93      2.37  0.        -817.901      -1637.971      -3236.510    0.000   0.000   0.000   0.
  2017 352 19 22 49 512 352.807517500      -5.63     -3.00      2.18  0.        -814.530      -1640.003      -3235.511    0.000   0.000   0.000   0.
  2017 352 19 22 50 511 352.807529074      -5.53     -3.04      1.95  0.        -811.158      -1642.034      -3234.509    0.000   0.000   0.000   0.
  2017 352 19 22 51 511 352.807540648      -5.41     -2.93      2.56  0.        -807.785      -1644.063      -3233.505    0.000   0.000   0.000   0.
  2017 352 19 22 52 511 352.807552222      -5.33     -2.89      3.04  0.        -804.411      -1646.091      -3232.498    0.000   0.000   0.000   0.
  2017 352 19 22 53 511 352.807563796      -5.31     -2.86      3.32  0.        -801.037      -1648.117      -3231.489    0.000   0.000   0.000   0.
  2017 352 19 22 54 512 352.807575370      -5.28     -2.77      3.44  0.        -797.662      -1650.143      -3230.476    0.000   0.000   0.000   0.
  2017 352 19 22 55 512 352.807586944      -5.24     -2.67      3.46  0.        -794.286      -1652.166      -3229.461    0.000   0.000   0.000   0.
  2017 352 19 22 56 511 352.807598519      -5.23     -2.61      3.44  0.        -790.910      -1654.189      -3228.444    0.000   0.000   0.000   0.
  2017 352 19 22 57 511 352.807610092      -5.22     -2.52      3.47  0.        -787.533      -1656.210      -3227.423    0.000   0.000   0.000   0.
  2017 352 19 22 58 511 352.807621664      -5.26     -2.45      3.46  0.        -784.156      -1658.229      -3226.400    0.000   0.000   0.000   0.
  2017 352 19 22 59 511 352.807633238      -5.29     -2.35      3.37  0.        -780.777      -1660.247      -3225.375    0.000   0.000   0.000   0.
  2017 352 19 23  0 511 352.807644812      -5.33     -2.30      3.37  0.        -777.398      -1662.264      -3224.346    0.000   0.000   0.000   0.
  2017 352 19 23  1 511 352.807656386      -5.36     -2.22      3.36  0.        -774.019      -1664.280      -3223.315    0.000   0.000   0.000   0.
  2017 352 19 23  2 511 352.807667960      -5.36     -2.16      3.25  0.        -770.639      -1666.294      -3222.281    0.000   0.000   0.000   0.
  2017 352 19 23  3 511 352.807679534      -5.38     -2.13      3.20  0.        -767.258      -1668.306      -3221.245    0.000   0.000   0.000   0.
  2017 352 19 23  4 511 352.807691108      -5.37     -2.09      3.22  0.        -763.876      -1670.318      -3220.205    0.000   0.000   0.000   0.
  2017 352 19 23  5 511 352.807702682      -5.35     -2.07      3.22  0.        -760.494      -1672.328      -3219.163    0.000   0.000   0.000   0.
  2017 352 19 23  6 511 352.807714256      -5.35     -2.06      3.32  0.        -757.111      -1674.336      -3218.119    0.000   0.000   0.000   0.
  2017 352 19 23  7 511 352.807725830      -5.36     -2.04      3.37  0.        -753.728      -1676.343      -3217.071    0.000   0.000   0.000   0.
  2017 352 19 23  8 511 352.807737405      -5.34     -2.02      3.48  0.        -750.344      -1678.349      -3216.021    0.000   0.000   0.000   0.
  2017 352 19 23  9 511 352.807748979      -5.35     -2.09      3.46  0.        -746.959      -1680.353      -3214.969    0.000   0.000   0.000   0.
  2017 352 19 23 10 511 352.807760553      -5.35     -2.13      3.47  0.        -743.574      -1682.356      -3213.913    0.000   0.000   0.000   0.
  2017 352 19 23 11 511 352.807772127      -5.34     -2.15      3.46  0.        -740.188      -1684.358      -3212.855    0.000   0.000   0.000   0.
  2017 352 19 23 12 511 352.807783701      -5.38     -2.17      3.44  0.        -736.801      -1686.358      -3211.794    0.000   0.000   0.000   0.
  2017 352 19 23 13 511 352.807795275      -5.39     -2.21      3.47  0.        -733.414      -1688.356      -3210.730    0.000   0.000   0.000   0.
  2017 352 19 23 14 511 352.807806849      -5.34     -2.26      3.42  0.        -730.026      -1690.354      -3209.664    0.000   0.000   0.000   0.
  2017 352 19 23 15 511 352.807818423      -5.29     -2.39      3.35  0.        -726.638      -1692.349      -3208.595    0.000   0.000   0.000   0.
  2017 352 19 23 16 511 352.807829997      -5.18     -2.53      3.31  0.        -723.249      -1694.344      -3207.523    0.000   0.000   0.000   0.
  2017 352 19 23 17 511 352.807841571      -5.13     -2.73      3.26  0.        -719.859      -1696.337      -3206.449    0.000   0.000   0.000   0.
  2017 352 19 23 18 511 352.807853145      -5.10     -2.97      3.22  0.        -716.469      -1698.328      -3205.372    0.000   0.000   0.000   0.
  2017 352 19 23 19 511 352.807864719      -5.14     -3.15      3.18  0.        -713.078      -1700.318      -3204.292    0.000   0.000   0.000   0.
  2017 352 19 23 20 511 352.807876293      -5.15     -3.26      3.07  0.        -709.687      -1702.307      -3203.209    0.000   0.000   0.000   0.
  2017 352 19 23 21 511 352.807887867      -5.17     -3.48      3.01  0.        -706.295      -1704.294      -3202.124    0.000   0.000   0.000   0.
  2017 352 19 23 22 511 352.807899442      -5.23     -3.72      2.89  0.        -702.902      -1706.280      -3201.036    0.000   0.000   0.000   0.
  2017 352 19 23 23 511 352.807911016      -5.27     -3.87      2.83  0.        -699.509      -1708.265      -3199.945    0.000   0.000   0.000   0.
  2017 352 19 23 24 511 352.807922590      -5.28     -3.94      2.85  0.        -696.115      -1710.248      -3198.852    0.000   0.000   0.000   0.
  2017 352 19 23 25 511 352.807934163      -5.37     -3.92      2.84  0.        -692.720      -1712.229      -3197.756    0.000   0.000   0.000   0.
  2017 352 19 23 26 511 352.807945735      -5.43     -3.87      2.82  0.        -689.325      -1714.209      -3196.657    0.000   0.000   0.000   0.
  2017 352 19 23 27 511 352.807957309      -5.43     -3.90      2.84  0.        -685.930      -1716.188      -3195.556    0.000   0.000   0.000   0.
  2017 352 19 23 28 511 352.807968883      -5.35     -3.97      2.83  0.        -682.533      -1718.165      -3194.451    0.000   0.000   0.000   0.
  2017 352 19 23 29 511 352.807980457      -5.23     -4.11      2.91  0.        -679.137      -1720.141      -3193.344    0.000   0.000   0.000   0.
  2017 352 19 23 30 511 352.807992031      -5.10     -4.23      3.08  0.        -675.739      -1722.115      -3192.235    0.000   0.000   0.000   0.
  2017 352 19 23 31 511 352.808003605      -4.92     -4.42      3.38  0.        -672.341      -1724.088      -3191.122    0.000   0.000   0.000   0.
  2017 352 19 23 32 511 352.808015179      -4.75     -4.55      3.65  0.        -668.943      -1726.059      -3190.007    0.000   0.000   0.000   0.
  2017 352 19 23 33 511 352.808026753      -4.70     -4.55      3.78  0.        -665.544      -1728.029      -3188.889    0.000   0.000   0.000   0.
  2017 352 19 23 34 511 352.808038328      -4.70     -4.54      3.88  0.        -662.144      -1729.997      -3187.769    0.000   0.000   0.000   0.
  2017 352 19 23 35 511 352.808049902      -4.68     -4.50      4.00  0.        -658.744      -1731.964      -3186.645    0.000   0.000   0.000   0.
  2017 352 19 23 36 511 352.808061476      -4.67     -4.49      4.06  0.        -655.343      -1733.930      -3185.519    0.000   0.000   0.000   0.
  2017 352 19 23 37 511 352.808073050      -4.65     -4.51      4.09  0.        -651.941      -1735.894      -3184.391    0.000   0.000   0.000   0.
  2017 352 19 23 38 511 352.808084624      -4.58     -4.55      4.07  0.        -648.539      -1737.856      -3183.259    0.000   0.000   0.000   0.
  2017 352 19 23 39 511 352.808096198      -4.45     -4.59      4.05  0.        -645.137      -1739.817      -3182.125    0.000   0.000   0.000   0.
  2017 352 19 23 40 511 352.808107772      -4.32     -4.70      4.07  0.        -641.734      -1741.777      -3180.988    0.000   0.000   0.000   0.
  2017 352 19 23 41 511 352.808119346      -4.18     -4.82      4.12  0.        -638.330      -1743.735      -3179.848    0.000   0.000   0.000   0.
  2017 352 19 23 42 511 352.808130920      -4.02     -4.93      4.10  0.        -634.926      -1745.691      -3178.706    0.000   0.000   0.000   0.
  2017 352 19 23 43 511 352.808142494      -3.89     -5.07      4.07  0.        -631.521      -1747.646      -3177.561    0.000   0.000   0.000   0.
  2017 352 19 23 44 511 352.808154068      -3.75     -5.20      4.07  0.        -628.116      -1749.600      -3176.413    0.000   0.000   0.000   0.
  2017 352 19 23 45 511 352.808165642      -3.62     -5.32      4.03  0.        -624.710      -1751.552      -3175.263    0.000   0.000   0.000   0.
  2017 352 19 23 46 511 352.808177216      -3.52     -5.45      3.91  0.        -621.304      -1753.503      -3174.109    0.000   0.000   0.000   0.
  2017 352 19 23 47 511 352.808188791      -3.39     -5.61      3.77  0.        -617.897      -1755.452      -3172.953    0.000   0.000   0.000   0.
  2017 352 19 23 48 511 352.808200365      -3.13     -5.84      3.43  0.        -614.490      -1757.399      -3171.795    0.000   0.000   0.000   0.
  2017 352 19 23 49 511 352.808211939      -2.95     -6.04      3.23  0.        -611.082      -1759.346      -3170.633    0.000   0.000   0.000   0.
  2017 352 19 23 50 511 352.808223513      -2.69     -6.18      3.13  0.        -607.673      -1761.290      -3169.469    0.000   0.000   0.000   0.
  2017 352 19 23 51 511 352.808235087      -2.40     -6.30      2.98  0.        -604.264      -1763.233      -3168.302    0.000   0.000   0.000   0.
  2017 352 19 23 52 511 352.808246661      -2.00     -6.25      2.73  0.        -600.855      -1765.175      -3167.133    0.000   0.000   0.000   0.
  2017 352 19 23 53 511 352.808258235      -1.37     -5.65      2.32  0.        -597.445      -1767.115      -3165.960    0.000   0.000   0.000   0.
  2017 352 19 23 54 511 352.808269809      -0.81     -4.92      2.22  0.        -594.034      -1769.054      -3164.785    0.000   0.000   0.000   0.
  2017 352 19 23 55 511 352.808281382      -0.31     -4.03      2.64  0.        -590.623      -1770.990      -3163.608    0.000   0.000   0.000   0.
  2017 352 19 23 56 511 352.808292954       0.09     -3.54      2.50  0.        -587.212      -1772.926      -3162.427    0.000   0.000   0.000   0.
  2017 352 19 23 57 511 352.808304528       0.31     -3.40      2.44  0.        -583.799      -1774.860      -3161.244    0.000   0.000   0.000   0.
  2017 352 19 23 58 511 352.808316102       0.47     -3.37      2.43  0.        -580.387      -1776.793      -3160.058    0.000   0.000   0.000   0.
  2017 352 19 23 59 511 352.808327677       0.59     -3.38      2.51  0.        -576.974      -1778.724      -3158.869    0.000   0.000   0.000   0.
  2017 352 19 24  0 511 352.808339251       0.76     -3.38      2.52  0.        -573.560      -1780.653      -3157.678    0.000   0.000   0.000   0.
  2017 352 19 24  1 511 352.808350825       0.93     -3.33      2.51  0.        -570.146      -1782.581      -3156.483    0.000   0.000   0.000   0.
  2017 352 19 24  2 511 352.808362399       1.12     -3.31      2.53  0.        -566.732      -1784.507      -3155.287    0.000   0.000   0.000   0.
  2017 352 19 24  3 511 352.808373973       1.25     -3.30      2.55  0.        -563.316      -1786.432      -3154.087    0.000   0.000   0.000   0.
  2017 352 19 24  4 511 352.808385547       1.36     -3.24      2.56  0.        -559.901      -1788.355      -3152.885    0.000   0.000   0.000   0.
  2017 352 19 24  5 511 352.808397121       1.46     -3.19      2.57  0.        -556.485      -1790.277      -3151.679    0.000   0.000   0.000   0.
  2017 352 19 24  6 511 352.808408695       1.57     -3.21      2.63  0.        -553.068      -1792.197      -3150.472    0.000   0.000   0.000   0.
  2017 352 19 24  7 511 352.808420269       1.63     -3.26      2.68  0.        -549.651      -1794.116      -3149.261    0.000   0.000   0.000   0.
  2017 352 19 24  8 511 352.808431843       1.68     -3.29      2.70  0.        -546.234      -1796.033      -3148.048    0.000   0.000   0.000   0.
  2017 352 19 24  9 511 352.808443417       1.82     -3.20      2.76  0.        -542.816      -1797.949      -3146.832    0.000   0.000   0.000   0.
  2017 352 19 24 10 511 352.808454991       1.92     -3.04      2.75  0.        -539.397      -1799.863      -3145.613    0.000   0.000   0.000   0.
  2017 352 19 24 11 511 352.808466565       2.00     -2.88      2.67  0.        -535.978      -1801.775      -3144.391    0.000   0.000   0.000   0.
  2017 352 19 24 12 511 352.808478139       1.99     -2.71      2.58  0.        -532.559      -1803.686      -3143.167    0.000   0.000   0.000   0.
  2017 352 19 24 13 511 352.808489714       1.97     -2.66      2.54  0.        -529.139      -1805.595      -3141.940    0.000   0.000   0.000   0.
  2017 352 19 24 14 511 352.808501288       1.98     -2.63      2.52  0.        -525.719      -1807.503      -3140.710    0.000   0.000   0.000   0.
  2017 352 19 24 15 511 352.808512862       2.01     -2.58      2.51  0.        -522.298      -1809.409      -3139.478    0.000   0.000   0.000   0.
  2017 352 19 24 16 511 352.808524436       2.03     -2.55      2.52  0.        -518.877      -1811.314      -3138.243    0.000   0.000   0.000   0.
  2017 352 19 24 17 511 352.808536010       2.08     -2.44      2.65  0.        -515.455      -1813.217      -3137.005    0.000   0.000   0.000   0.
  2017 352 19 24 18 511 352.808547584       2.06     -2.37      2.65  0.        -512.033      -1815.118      -3135.764    0.000   0.000   0.000   0.
  2017 352 19 24 19 511 352.808559158       2.08     -2.29      2.65  0.        -508.610      -1817.018      -3134.521    0.000   0.000   0.000   0.
  2017 352 19 24 20 511 352.808570732       2.07     -2.22      2.67  0.        -505.187      -1818.916      -3133.274    0.000   0.000   0.000   0.
  2017 352 19 24 21 511 352.808582306       2.10     -2.14      2.69  0.        -501.763      -1820.813      -3132.026    0.000   0.000   0.000   0.
  2017 352 19 24 22 511 352.808593880       2.12     -2.06      2.70  0.        -498.340      -1822.708      -3130.774    0.000   0.000   0.000   0.
  2017 352 19 24 23 511 352.808605454       2.16     -1.99      2.79  0.        -494.915      -1824.602      -3129.520    0.000   0.000   0.000   0.
  2017 352 19 24 24 511 352.808617028       2.23     -1.90      2.89  0.        -491.490      -1826.494      -3128.263    0.000   0.000   0.000   0.
  2017 352 19 24 25 510 352.808628601       2.29     -1.88      2.96  0.        -488.065      -1828.384      -3127.003    0.000   0.000   0.000   0.
  2017 352 19 24 26 510 352.808640174       2.36     -1.81      3.00  0.        -484.640      -1830.273      -3125.740    0.000   0.000   0.000   0.
  2017 352 19 24 27 511 352.808651748       2.43     -1.75      3.10  0.        -481.213      -1832.160      -3124.475    0.000   0.000   0.000   0.
  2017 352 19 24 28 511 352.808663322       2.50     -1.72      3.10  0.        -477.787      -1834.046      -3123.207    0.000   0.000   0.000   0.
  2017 352 19 24 29 511 352.808674896       2.52     -1.68      3.12  0.        -474.360      -1835.930      -3121.936    0.000   0.000   0.000   0.
  2017 352 19 24 30 511 352.808686470       2.59     -1.65      3.10  0.        -470.933      -1837.812      -3120.663    0.000   0.000   0.000   0.
  2017 352 19 24 31 511 352.808698044       2.66     -1.62      3.14  0.        -467.505      -1839.693      -3119.386    0.000   0.000   0.000   0.
  2017 352 19 24 32 510 352.808709618       2.74     -1.59      3.13  0.        -464.077      -1841.572      -3118.107    0.000   0.000   0.000   0.
  2017 352 19 24 33 510 352.808721192       2.81     -1.53      3.14  0.        -460.648      -1843.450      -3116.826    0.000   0.000   0.000   0.
  2017 352 19 24 34 510 352.808732766       2.88     -1.49      3.15  0.        -457.219      -1845.326      -3115.541    0.000   0.000   0.000   0.
  2017 352 19 24 35 510 352.808744340       2.96     -1.42      3.14  0.        -453.789      -1847.200      -3114.254    0.000   0.000   0.000   0.
  2017 352 19 24 36 511 352.808755914       3.00     -1.35      3.16  0.        -450.360      -1849.073      -3112.964    0.000   0.000   0.000   0.
  2017 352 19 24 37 511 352.808767488       3.05     -1.29      3.11  0.        -446.929      -1850.944      -3111.671    0.000   0.000   0.000   0.
  2017 352 19 24 38 510 352.808779063       3.12     -1.22      3.06  0.        -443.499      -1852.813      -3110.376    0.000   0.000   0.000   0.
  2017 352 19 24 39 510 352.808790637       3.18     -1.16      3.08  0.        -440.068      -1854.681      -3109.078    0.000   0.000   0.000   0.
  2017 352 19 24 40 510 352.808802211       3.26     -1.05      3.09  0.        -436.636      -1856.547      -3107.777    0.000   0.000   0.000   0.
  2017 352 19 24 41 511 352.808813785       3.31     -0.94      3.07  0.        -433.204      -1858.412      -3106.473    0.000   0.000   0.000   0.
  2017 352 19 24 42 511 352.808825359       3.38     -0.85      3.05  0.        -429.772      -1860.275      -3105.167    0.000   0.000   0.000   0.
  2017 352 19 24 43 511 352.808836933       3.43     -0.74      3.00  0.        -426.340      -1862.136      -3103.857    0.000   0.000   0.000   0.
  2017 352 19 24 44 511 352.808848507       3.48     -0.63      3.01  0.        -422.907      -1863.996      -3102.545    0.000   0.000   0.000   0.
  2017 352 19 24 45 510 352.808860081       3.55     -0.50      3.03  0.        -419.473      -1865.854      -3101.231    0.000   0.000   0.000   0.
  2017 352 19 24 46 510 352.808871655       3.57     -0.38      2.99  0.        -416.040      -1867.711      -3099.913    0.000   0.000   0.000   0.
  2017 352 19 24 47 510 352.808883229       3.62     -0.24      2.96  0.        -412.606      -1869.565      -3098.593    0.000   0.000   0.000   0.
  2017 352 19 24 48 510 352.808894803       3.60     -0.15      2.85  0.        -409.171      -1871.418      -3097.270    0.000   0.000   0.000   0.
  2017 352 19 24 49 510 352.808906377       3.61     -0.07      2.77  0.        -405.736      -1873.270      -3095.945    0.000   0.000   0.000   0.
  2017 352 19 24 50 511 352.808917951       3.65      0.04      2.69  0.        -402.301      -1875.120      -3094.616    0.000   0.000   0.000   0.
  2017 352 19 24 51 511 352.808929525       3.67      0.15      2.61  0.        -398.866      -1876.968      -3093.285    0.000   0.000   0.000   0.
  2017 352 19 24 52 510 352.808941100       3.73      0.27      2.53  0.        -395.430      -1878.814      -3091.951    0.000   0.000   0.000   0.
  2017 352 19 24 53 510 352.808952674       3.83      0.38      2.43  0.        -391.993      -1880.659      -3090.615    0.000   0.000   0.000   0.
  2017 352 19 24 54 511 352.808964248       3.99      0.53      2.37  0.        -388.557      -1882.502      -3089.276    0.000   0.000   0.000   0.
  2017 352 19 24 55 511 352.808975821       4.15      0.66      2.34  0.        -385.120      -1884.344      -3087.933    0.000   0.000   0.000   0.
  2017 352 19 24 56 510 352.808987393       4.34      0.80      2.28  0.        -381.683      -1886.184      -3086.589    0.000   0.000   0.000   0.
  2017 352 19 24 57 510 352.808998967       4.50      0.92      2.25  0.        -378.245      -1888.022      -3085.241    0.000   0.000   0.000   0.
  2017 352 19 24 58 510 352.809010541       4.67      0.99      2.28  0.        -374.807      -1889.858      -3083.891    0.000   0.000   0.000   0.
  2017 352 19 24 59 510 352.809022115       4.80      0.95      2.38  0.        -371.369      -1891.693      -3082.538    0.000   0.000   0.000   0.
  2017 352 19 25  0 510 352.809033689       4.86      0.76      2.62  0.        -367.930      -1893.526      -3081.182    0.000   0.000   0.000   0.
  2017 352 19 25  1 510 352.809045263       4.90      0.55      2.96  0.        -364.491      -1895.358      -3079.823    0.000   0.000   0.000   0.
  2017 352 19 25  2 510 352.809056837       4.98      0.40      3.30  0.        -361.052      -1897.188      -3078.462    0.000   0.000   0.000   0.
  2017 352 19 25  3 510 352.809068411       5.07      0.36      3.58  0.        -357.612      -1899.016      -3077.098    0.000   0.000   0.000   0.
  2017 352 19 25  4 510 352.809079986       5.14      0.36      3.74  0.        -354.172      -1900.842      -3075.731    0.000   0.000   0.000   0.
  2017 352 19 25  5 510 352.809091560       5.23      0.34      3.98  0.        -350.732      -1902.667      -3074.362    0.000   0.000   0.000   0.
  2017 352 19 25  6 510 352.809103134       5.27      0.33      4.16  0.        -347.291      -1904.490      -3072.989    0.000   0.000   0.000   0.
  2017 352 19 25  7 510 352.809114708       5.32      0.32      4.35  0.        -343.850      -1906.311      -3071.614    0.000   0.000   0.000   0.
  2017 352 19 25  8 510 352.809126282       5.42      0.33      4.49  0.        -340.409      -1908.131      -3070.236    0.000   0.000   0.000   0.
  2017 352 19 25  9 510 352.809137856       5.52      0.39      4.54  0.        -336.968      -1909.949      -3068.856    0.000   0.000   0.000   0.
  2017 352 19 25 10 510 352.809149430       5.68      0.47      4.60  0.        -333.526      -1911.766      -3067.473    0.000   0.000   0.000   0.
  2017 352 19 25 11 510 352.809161004       5.80      0.59      4.65  0.        -330.084      -1913.580      -3066.087    0.000   0.000   0.000   0.
  2017 352 19 25 12 510 352.809172578       5.92      0.69      4.61  0.        -326.641      -1915.393      -3064.698    0.000   0.000   0.000   0.
  2017 352 19 25 13 510 352.809184152       6.03      0.82      4.54  0.        -323.199      -1917.204      -3063.306    0.000   0.000   0.000   0.
  2017 352 19 25 14 510 352.809195726       6.13      0.91      4.51  0.        -319.756      -1919.013      -3061.912    0.000   0.000   0.000   0.
  2017 352 19 25 15 510 352.809207300       6.23      0.96      4.45  0.        -316.312      -1920.821      -3060.515    0.000   0.000   0.000   0.
  2017 352 19 25 16 510 352.809218874       6.32      0.95      4.38  0.        -312.869      -1922.627      -3059.115    0.000   0.000   0.000   0.
  2017 352 19 25 17 510 352.809230448       6.26      0.80      4.33  0.        -309.425      -1924.432      -3057.713    0.000   0.000   0.000   0.
  2017 352 19 25 18 510 352.809242023       5.95      1.31      3.26  0.        -305.981      -1926.234      -3056.308    0.000   0.000   0.000   0.
  2017 352 19 25 19 510 352.809253597       5.93      2.27      1.83  0.        -302.536      -1928.035      -3054.900    0.000   0.000   0.000   0.
  2017 352 19 25 20 510 352.809265171       5.94      2.71      1.13  0.        -299.091      -1929.834      -3053.489    0.000   0.000   0.000   0.
  2017 352 19 25 21 510 352.809276745       6.20      3.04      0.71  0.        -295.646      -1931.632      -3052.076    0.000   0.000   0.000   0.
  2017 352 19 25 22 510 352.809288319       6.71      3.49      0.51  0.        -292.201      -1933.427      -3050.659    0.000   0.000   0.000   0.
  2017 352 19 25 23 510 352.809299892       6.90      3.86     -0.21  0.        -288.756      -1935.221      -3049.240    0.000   0.000   0.000   0.
  2017 352 19 25 24 510 352.809311464       6.84      3.91     -0.52  0.        -285.310      -1937.014      -3047.819    0.000   0.000   0.000   0.
  2017 352 19 25 25 510 352.809323038       6.88      3.97     -0.93  0.        -281.864      -1938.804      -3046.394    0.000   0.000   0.000   0.
  2017 352 19 25 26 510 352.809334612       6.93      3.99     -1.30  0.        -278.418      -1940.593      -3044.967    0.000   0.000   0.000   0.
  2017 352 19 25 27 510 352.809346186       6.85      3.89     -1.46  0.        -274.971      -1942.380      -3043.537    0.000   0.000   0.000   0.
  2017 352 19 25 28 510 352.809357760       6.59      3.89     -1.69  0.        -271.524      -1944.165      -3042.105    0.000   0.000   0.000   0.
  2017 352 19 25 29 510 352.809369334       6.45      3.79     -1.88  0.        -268.077      -1945.949      -3040.669    0.000   0.000   0.000   0.
  2017 352 19 25 30 510 352.809380909       6.18      3.59     -1.93  0.        -264.630      -1947.730      -3039.231    0.000   0.000   0.000   0.
  2017 352 19 25 31 510 352.809392483       6.12      3.49     -1.97  0.        -261.182      -1949.511      -3037.790    0.000   0.000   0.000   0.
  2017 352 19 25 32 510 352.809404057       6.11      3.43     -1.96  0.        -257.735      -1951.289      -3036.347    0.000   0.000   0.000   0.
  2017 352 19 25 33 510 352.809415631       6.13      3.29     -1.92  0.        -254.286      -1953.065      -3034.900    0.000   0.000   0.000   0.
  2017 352 19 25 34 510 352.809427205       6.08      3.29     -1.91  0.        -250.838      -1954.840      -3033.451    0.000   0.000   0.000   0.
  2017 352 19 25 35 510 352.809438779       6.12      3.08     -1.86  0.        -247.390      -1956.613      -3031.999    0.000   0.000   0.000   0.
  2017 352 19 25 36 510 352.809450353       6.09      3.06     -1.86  0.        -243.941      -1958.384      -3030.544    0.000   0.000   0.000   0.
  2017 352 19 25 37 510 352.809461927       6.14      2.87     -1.91  0.        -240.492      -1960.154      -3029.087    0.000   0.000   0.000   0.
  2017 352 19 25 38 510 352.809473501       6.02      2.40     -1.94  0.        -237.043      -1961.922      -3027.627    0.000   0.000   0.000   0.
  2017 352 19 25 39 510 352.809485075       5.94      1.95     -2.03  0.        -233.593      -1963.688      -3026.164    0.000   0.000   0.000   0.
  2017 352 19 25 40 510 352.809496649       5.78      1.43     -2.29  0.        -230.144      -1965.452      -3024.699    0.000   0.000   0.000   0.
  2017 352 19 25 41 510 352.809508223       5.52      1.37     -2.40  0.        -226.694      -1967.214      -3023.230    0.000   0.000   0.000   0.
  2017 352 19 25 42 510 352.809519798       5.81      0.85     -2.63  0.        -223.244      -1968.975      -3021.759    0.000   0.000   0.000   0.
  2017 352 19 25 43 510 352.809531372       6.05      0.67     -2.65  0.        -219.794      -1970.734      -3020.286    0.000   0.000   0.000   0.
  2017 352 19 25 44 510 352.809542946       6.15      0.74     -2.67  0.        -216.343      -1972.491      -3018.809    0.000   0.000   0.000   0.
  2017 352 19 25 45 510 352.809554520       6.21      0.54     -2.74  0.        -212.893      -1974.246      -3017.330    0.000   0.000   0.000   0.
  2017 352 19 25 46 510 352.809566094       6.47     -0.04     -2.80  0.        -209.442      -1976.000      -3015.848    0.000   0.000   0.000   0.
  2017 352 19 25 47 510 352.809577668       6.41     -0.20     -2.73  0.        -205.991      -1977.751      -3014.363    0.000   0.000   0.000   0.
  2017 352 19 25 48 510 352.809589242       5.91     -0.05     -2.62  0.        -202.540      -1979.501      -3012.875    0.000   0.000   0.000   0.
  2017 352 19 25 49 510 352.809600816       4.91      0.36     -2.25  0.        -199.088      -1981.249      -3011.385    0.000   0.000   0.000   0.
  2017 352 19 25 50 510 352.809612390       4.12      0.75     -2.06  0.        -195.637      -1982.996      -3009.892    0.000   0.000   0.000   0.
  2017 352 19 25 51 510 352.809623964       3.57      1.13     -2.04  0.        -192.185      -1984.740      -3008.396    0.000   0.000   0.000   0.
  2017 352 19 25 52 510 352.809635538       3.20      1.54     -2.12  0.        -188.733      -1986.483      -3006.898    0.000   0.000   0.000   0.
  2017 352 19 25 53 510 352.809647112       2.78      2.17     -2.32  0.        -185.281      -1988.224      -3005.397    0.000   0.000   0.000   0.
  2017 352 19 25 54 510 352.809658683       2.49      2.66     -2.66  0.        -181.828      -1989.963      -3003.893    0.000   0.000   0.000   0.
  2017 352 19 25 55 510 352.809670258       2.37      2.90     -2.92  0.        -178.376      -1991.701      -3002.386    0.000   0.000   0.000   0.
  2017 352 19 25 56 510 352.809681832       2.19      2.99     -3.01  0.        -174.923      -1993.436      -3000.877    0.000   0.000   0.000   0.
  2017 352 19 25 57 510 352.809693406       2.04      3.06     -3.11  0.        -171.470      -1995.170      -2999.365    0.000   0.000   0.000   0.
  2017 352 19 25 58 510 352.809704980       1.84      3.09     -3.20  0.        -168.018      -1996.902      -2997.850    0.000   0.000   0.000   0.
  2017 352 19 25 59 510 352.809716554       1.65      3.11     -3.25  0.        -164.564      -1998.632      -2996.332    0.000   0.000   0.000   0.
  2017 352 19 26  0 510 352.809728128       1.46      3.11     -3.28  0.        -161.111      -2000.360      -2994.812    0.000   0.000   0.000   0.
  2017 352 19 26  1 510 352.809739702       1.29      3.05     -3.34  0.        -157.658      -2002.087      -2993.289    0.000   0.000   0.000   0.
  2017 352 19 26  2 510 352.809751276       1.12      3.00     -3.41  0.        -154.204      -2003.811      -2991.763    0.000   0.000   0.000   0.
  2017 352 19 26  3 510 352.809762850       0.97      2.87     -3.52  0.        -150.750      -2005.534      -2990.234    0.000   0.000   0.000   0.
  2017 352 19 26  4 510 352.809774424       0.85      2.71     -3.62  0.        -147.297      -2007.255      -2988.703    0.000   0.000   0.000   0.
  2017 352 19 26  5 510 352.809785998       0.77      2.52     -3.63  0.        -143.843      -2008.974      -2987.169    0.000   0.000   0.000   0.
  2017 352 19 26  6 510 352.809797572       0.71      2.26     -3.75  0.        -140.388      -2010.692      -2985.632    0.000   0.000   0.000   0.
  2017 352 19 26  7 510 352.809809146       0.64      2.06     -3.93  0.        -136.934      -2012.407      -2984.092    0.000   0.000   0.000   0.
  2017 352 19 26  8 510 352.809820721       0.55      1.84     -4.05  0.        -133.480      -2014.121      -2982.550    0.000   0.000   0.000   0.
  2017 352 19 26  9 510 352.809832295       0.47      1.57     -4.20  0.        -130.025      -2015.833      -2981.005    0.000   0.000   0.000   0.
  2017 352 19 26 10 510 352.809843869       0.38      1.32     -4.38  0.        -126.571      -2017.543      -2979.457    0.000   0.000   0.000   0.
  2017 352 19 26 11 510 352.809855443       0.27      1.00     -4.55  0.        -123.116      -2019.251      -2977.907    0.000   0.000   0.000   0.
  2017 352 19 26 12 510 352.809867017       0.06      0.69     -4.83  0.        -119.661      -2020.957      -2976.354    0.000   0.000   0.000   0.
  2017 352 19 26 13 510 352.809878591      -0.05      0.40     -4.99  0.        -116.206      -2022.662      -2974.798    0.000   0.000   0.000   0.
  2017 352 19 26 14 510 352.809890165       0.05      0.11     -4.83  0.        -112.751      -2024.364      -2973.239    0.000   0.000   0.000   0.
  2017 352 19 26 15 510 352.809901739       0.15     -0.20     -5.14  0.        -109.295      -2026.065      -2971.678    0.000   0.000   0.000   0.
  2017 352 19 26 16 510 352.809913313       0.59     -0.32     -5.09  0.        -105.840      -2027.764      -2970.114    0.000   0.000   0.001   0.
  2017 352 19 26 17 510 352.809924887       0.95     -0.38     -4.18  0.        -102.385      -2029.461      -2968.547    0.000   0.000   0.001   0.
  2017 352 19 26 18 510 352.809936461       0.77     -1.35     -5.43  0.         -98.929      -2031.156      -2966.977    0.000   0.000   0.001   0.
  2017 352 19 26 19 510 352.809948035       0.59     -1.95     -5.81  0.         -95.474      -2032.849      -2965.405    0.000   0.000   0.001   0.
  2017 352 19 26 20 510 352.809959609       0.29     -2.47     -5.77  0.         -92.018      -2034.541      -2963.830    0.000   0.000   0.001   0.
  2017 352 19 26 21 510 352.809971183       0.36     -2.79     -6.05  0.         -88.562      -2036.231      -2962.252    0.000   0.000   0.001   0.
  2017 352 19 26 22 510 352.809982758       0.97     -3.36     -7.10  0.         -85.106      -2037.918      -2960.672    0.000   0.000   0.001   0.
  2017 352 19 26 23 510 352.809994332       1.38     -3.56     -7.32  0.         -81.650      -2039.604      -2959.088    0.000   0.000   0.001   0.
  2017 352 19 26 24 510 352.810005906       1.60     -3.80     -7.46  0.         -78.194      -2041.288      -2957.502    0.000   0.000   0.001   0.
  2017 352 19 26 25 510 352.810017479       1.80     -4.03     -7.53  0.         -74.738      -2042.970      -2955.914    0.000   0.000   0.001   0.
  2017 352 19 26 26 510 352.810029051       1.98     -4.27     -7.71  0.         -71.282      -2044.650      -2954.322    0.000   0.000   0.001   0.
  2017 352 19 26 27 509 352.810040625       2.23     -4.39     -7.76  0.         -67.826      -2046.329      -2952.728    0.000   0.000   0.001   0.
  2017 352 19 26 28 509 352.810052199       2.38     -4.58     -7.88  0.         -64.369      -2048.005      -2951.131    0.000   0.000   0.001   0.
  2017 352 19 26 29 509 352.810063773       2.54     -5.08     -8.20  0.         -60.913      -2049.680      -2949.532    0.000  -0.000   0.001   0.
  2017 352 19 26 30 509 352.810075347       2.73     -5.38     -8.17  0.         -57.456      -2051.353      -2947.930    0.000  -0.001   0.002   0.
  2017 352 19 26 31 509 352.810086921       2.96     -5.72     -8.20  0.         -54.000      -2053.024      -2946.324    0.000  -0.001   0.002   0.
  2017 352 19 26 32 510 352.810098495       3.21     -6.01     -8.22  0.         -50.543      -2054.692      -2944.717    0.000  -0.001   0.002   0.
  2017 352 19 26 33 510 352.810110069       3.39     -6.36     -8.21  0.         -47.087      -2056.360      -2943.106    0.000  -0.001   0.002   0.
  2017 352 19 26 34 509 352.810121644       3.59     -6.71     -8.27  0.         -43.630      -2058.025      -2941.493    0.000  -0.001   0.002   0.
  2017 352 19 26 35 509 352.810133218       3.81     -7.11     -8.26  0.         -40.173      -2059.688      -2939.877    0.000  -0.001   0.002   0.
  2017 352 19 26 36 510 352.810144792       3.93     -7.45     -8.18  0.         -36.717      -2061.349      -2938.258    0.000  -0.001   0.002   0.
  2017 352 19 26 37 510 352.810156366       4.02     -7.84     -8.10  0.         -33.260      -2063.009      -2936.637    0.000  -0.001   0.002   0.
  2017 352 19 26 38 510 352.810167940       4.12     -8.18     -8.14  0.         -29.803      -2064.666      -2935.013    0.000  -0.001   0.002   0.
  2017 352 19 26 39 510 352.810179514       4.27     -8.52     -8.19  0.         -26.346      -2066.322      -2933.386    0.000  -0.001   0.002   0.
  2017 352 19 26 40 510 352.810191088       4.40     -8.88     -8.19  0.         -22.889      -2067.976      -2931.756    0.000  -0.001   0.002   0.
  2017 352 19 26 41 509 352.810202662       4.55     -9.37     -8.31  0.         -19.432      -2069.628      -2930.124    0.000  -0.001   0.002   0.
  2017 352 19 26 42 509 352.810214236       4.43     -9.74     -8.20  0.         -15.975      -2071.278      -2928.489    0.000  -0.001   0.002   0.
  2017 352 19 26 43 509 352.810225810       4.57    -10.47     -8.29  0.         -12.518      -2072.926      -2926.852    0.000  -0.001   0.002   0.
  2017 352 19 26 44 509 352.810237384       4.72    -10.84     -8.18  0.          -9.061      -2074.572      -2925.211    0.000  -0.001   0.002   0.
  2017 352 19 26 45 509 352.810248958       4.90    -11.41     -8.14  0.          -5.604      -2076.216      -2923.568    0.000  -0.001   0.002   0.
  2017 352 19 26 46 510 352.810260532       5.23    -11.95     -8.30  0.          -2.147      -2077.858      -2921.922    0.000  -0.001   0.003   0.
  2017 352 19 26 47 510 352.810272107       5.40    -12.39     -8.22  0.           1.310      -2079.499      -2920.274    0.000  -0.001   0.003   0.
  2017 352 19 26 48 509 352.810283681       5.46    -12.62     -8.12  0.           4.767      -2081.137      -2918.622    0.000  -0.001   0.003   0.
  2017 352 19 26 49 509 352.810295255       5.44    -13.07     -7.91  0.           8.224      -2082.773      -2916.968    0.000  -0.001   0.003   0.
  2017 352 19 26 50 510 352.810306829       5.51    -13.73     -7.57  0.          11.681      -2084.408      -2915.312    0.000  -0.001   0.003   0.
  2017 352 19 26 51 510 352.810318403       5.54    -14.29     -7.36  0.          15.138      -2086.041      -2913.652    0.000  -0.001   0.003   0.
  2017 352 19 26 52 510 352.810329977       5.42    -14.85     -7.13  0.          18.595      -2087.671      -2911.990    0.000  -0.001   0.004   0.
  2017 352 19 26 53 510 352.810341550       5.29    -15.47     -6.95  0.          22.052      -2089.300      -2910.325    0.000  -0.001   0.004   0.
  2017 352 19 26 54 509 352.810353122       5.16    -16.00     -6.75  0.          25.509      -2090.927      -2908.658    0.000  -0.001   0.004   0.
  2017 352 19 26 55 509 352.810364696       5.05    -16.56     -6.57  0.          28.966      -2092.552      -2906.987    0.000  -0.001   0.004   0.
  2017 352 19 26 56 509 352.810376270       4.96    -17.08     -6.35  0.          32.423      -2094.175      -2905.314    0.000  -0.001   0.004   0.
  2017 352 19 26 57 509 352.810387844       4.83    -17.59     -6.05  0.          35.880      -2095.796      -2903.639    0.000  -0.001   0.004   0.
  2017 352 19 26 58 509 352.810399418       4.70    -18.11     -5.79  0.          39.336      -2097.415      -2901.960    0.000  -0.001   0.004   0.
  2017 352 19 26 59 509 352.810410992       4.57    -18.57     -5.47  0.          42.793      -2099.032      -2900.279    0.000  -0.001   0.004   0.
  2017 352 19 27  0 509 352.810422567       4.45    -19.00     -5.25  0.          46.250      -2100.647      -2898.596    0.000  -0.002   0.005   0.
  2017 352 19 27  1 509 352.810434141       4.38    -19.34     -5.01  0.          49.707      -2102.260      -2896.909    0.000  -0.002   0.005   0.
  2017 352 19 27  2 509 352.810445715       4.26    -19.53     -5.01  0.          53.164      -2103.872      -2895.220    0.000  -0.002   0.005   0.
  2017 352 19 27  3 509 352.810457289       4.13    -19.77     -3.62  0.          56.620      -2105.481      -2893.528    0.000  -0.002   0.005   0.
  2017 352 19 27  4 509 352.810468863       3.93    -20.36     -2.07  0.          60.077      -2107.088      -2891.834    0.000  -0.002   0.005   0.
  2017 352 19 27  5 509 352.810480437       3.92    -20.87     -1.64  0.          63.533      -2108.694      -2890.136    0.000  -0.002   0.005   0.
  2017 352 19 27  6 509 352.810492011       3.80    -21.05     -1.24  0.          66.990      -2110.297      -2888.436    0.000  -0.002   0.005   0.
  2017 352 19 27  7 509 352.810503585       3.41    -21.41     -0.36  0.          70.446      -2111.899      -2886.733    0.000  -0.002   0.005   0.
  2017 352 19 27  8 509 352.810515159       3.06    -21.84      0.37  0.          73.903      -2113.498      -2885.028    0.000  -0.002   0.005   0.
  2017 352 19 27  9 509 352.810526733       2.70    -22.27      1.09  0.          77.359      -2115.096      -2883.320    0.000  -0.002   0.005   0.
  2017 352 19 27 10 509 352.810538307       2.34    -22.63      1.81  0.          80.815      -2116.691      -2881.609    0.000  -0.002   0.006   0.
  2017 352 19 27 11 509 352.810549881       1.91    -22.94      2.49  0.          84.272      -2118.285      -2879.895    0.000  -0.002   0.006   0.
  2017 352 19 27 12 509 352.810561455       1.43    -23.20      3.29  0.          87.728      -2119.876      -2878.179    0.000  -0.002   0.006   0.
  2017 352 19 27 13 509 352.810573030       0.92    -23.44      4.05  0.          91.184      -2121.466      -2876.460    0.000  -0.002   0.006   0.
  2017 352 19 27 14 509 352.810584604       0.51    -23.65      4.78  0.          94.640      -2123.054      -2874.738    0.000  -0.002   0.006   0.
  2017 352 19 27 15 509 352.810596178       0.14    -23.85      5.50  0.          98.096      -2124.639      -2873.014    0.000  -0.002   0.006   0.
  2017 352 19 27 16 509 352.810607752      -0.14    -23.99      6.29  0.         101.551      -2126.223      -2871.287    0.000  -0.002   0.007   0.
  2017 352 19 27 17 509 352.810619326      -0.35    -24.11      7.14  0.         105.007      -2127.805      -2869.557    0.000  -0.002   0.007   0.
  2017 352 19 27 18 509 352.810630900      -0.50    -24.17      8.01  0.         108.463      -2129.384      -2867.825    0.000  -0.002   0.007   0.
  2017 352 19 27 19 509 352.810642474      -0.63    -24.12      8.89  0.         111.918      -2130.962      -2866.090    0.000  -0.002   0.007   0.
  2017 352 19 27 20 509 352.810654048      -0.84    -24.01      9.84  0.         115.374      -2132.538      -2864.352    0.000  -0.003   0.007   0.
  2017 352 19 27 21 509 352.810665622      -1.15    -23.71     10.93  0.         118.829      -2134.111      -2862.611    0.000  -0.003   0.007   0.
  2017 352 19 27 22 509 352.810677196      -1.56    -23.29     12.09  0.         122.284      -2135.683      -2860.868    0.000  -0.003   0.008   0.
  2017 352 19 27 23 509 352.810688770      -2.08    -22.72     13.13  0.         125.739      -2137.253      -2859.122    0.000  -0.003   0.008   0.
  2017 352 19 27 24 509 352.810700341      -2.54    -21.96     14.07  0.         129.194      -2138.820      -2857.374    0.000  -0.003   0.008   0.
  2017 352 19 27 25 509 352.810711915      -2.92    -21.16     14.92  0.         132.649      -2140.386      -2855.623    0.000  -0.003   0.008   0.
  2017 352 19 27 26 509 352.810723490      -3.22    -20.35     15.56  0.         136.104      -2141.950      -2853.869    0.000  -0.003   0.008   0.
  2017 352 19 27 27 509 352.810735064      -3.51    -19.56     16.18  0.         139.559      -2143.512      -2852.112    0.000  -0.003   0.008   0.
  2017 352 19 27 28 509 352.810746638      -3.76    -18.74     16.72  0.         143.013      -2145.071      -2850.352    0.000  -0.003   0.008   0.
  2017 352 19 27 29 509 352.810758212      -3.95    -17.95     17.27  0.         146.468      -2146.629      -2848.591    0.000  -0.003   0.008   0.
  2017 352 19 27 30 509 352.810769786      -4.06    -17.12     17.78  0.         149.922      -2148.185      -2846.826    0.000  -0.003   0.009   0.
  2017 352 19 27 31 509 352.810781360      -4.09    -16.23     18.17  0.         153.376      -2149.738      -2845.059    0.000  -0.003   0.009   0.
  2017 352 19 27 32 509 352.810792934      -4.09    -15.29     18.60  0.         156.830      -2151.290      -2843.289    0.000  -0.003   0.009   0.
  2017 352 19 27 33 509 352.810804508      -4.14    -14.30     18.93  0.         160.284      -2152.840      -2841.516    0.000  -0.003   0.009   0.
  2017 352 19 27 34 509 352.810816082      -4.19    -13.24     19.16  0.         163.737      -2154.387      -2839.741    0.000  -0.003   0.009   0.
  2017 352 19 27 35 509 352.810827656      -4.22    -12.15     19.31  0.         167.191      -2155.933      -2837.962    0.000  -0.003   0.009   0.
  2017 352 19 27 36 509 352.810839230      -4.30    -11.11     19.44  0.         170.644      -2157.476      -2836.182    0.000  -0.003   0.010   0.
  2017 352 19 27 37 509 352.810850804      -4.39    -10.19     19.34  0.         174.097      -2159.018      -2834.398    0.000  -0.003   0.010   0.
  2017 352 19 27 38 509 352.810862379      -4.48     -9.35     19.20  0.         177.550      -2160.557      -2832.612    0.000  -0.004   0.010   0.
  2017 352 19 27 39 509 352.810873953      -4.62     -8.66     18.95  0.         181.003      -2162.095      -2830.823    0.000  -0.004   0.010   0.
  2017 352 19 27 40 509 352.810885527      -4.78     -8.09     18.61  0.         184.456      -2163.630      -2829.032    0.000  -0.004   0.010   0.
  2017 352 19 27 41 509 352.810897101      -5.00     -7.53     18.29  0.         187.909      -2165.164      -2827.238    0.000  -0.004   0.010   0.
  2017 352 19 27 42 509 352.810908675      -5.24     -7.09     17.93  0.         191.361      -2166.695      -2825.441    0.000  -0.004   0.011   0.
  2017 352 19 27 43 509 352.810920249      -5.46     -6.72     17.53  0.         194.813      -2168.224      -2823.642    0.000  -0.004   0.011   0.
  2017 352 19 27 44 509 352.810931823      -5.63     -6.52     17.13  0.         198.265      -2169.752      -2821.839    0.000  -0.004   0.011   0.
  2017 352 19 27 45 509 352.810943397      -5.74     -6.40     16.75  0.         201.717      -2171.277      -2820.035    0.000  -0.004   0.011   0.
  2017 352 19 27 46 509 352.810954971      -5.72     -6.38     16.42  0.         205.169      -2172.800      -2818.227    0.000  -0.004   0.011   0.
  2017 352 19 27 47 509 352.810966545      -5.67     -6.28     16.12  0.         208.620      -2174.321      -2816.417    0.000  -0.004   0.011   0.
  2017 352 19 27 48 509 352.810978119      -5.56     -6.15     15.92  0.         212.071      -2175.840      -2814.604    0.000  -0.004   0.011   0.
  2017 352 19 27 49 509 352.810989693      -5.47     -6.00     15.71  0.         215.523      -2177.357      -2812.789    0.000  -0.004   0.011   0.
  2017 352 19 27 50 509 352.811001267      -5.38     -5.82     15.64  0.         218.973      -2178.872      -2810.970    0.000  -0.004   0.012   0.
  2017 352 19 27 51 509 352.811012841      -5.32     -5.56     15.48  0.         222.424      -2180.385      -2809.150    0.000  -0.004   0.012   0.
  2017 352 19 27 52 509 352.811024416      -5.28     -5.33     15.33  0.         225.875      -2181.896      -2807.326    0.000  -0.004   0.012   0.
  2017 352 19 27 53 509 352.811035989      -5.22     -5.06     15.14  0.         229.325      -2183.405      -2805.500    0.000  -0.004   0.012   0.
  2017 352 19 27 54 509 352.811047561      -5.12     -4.75     14.72  0.         232.775      -2184.912      -2803.671    0.000  -0.005   0.013   0.
  2017 352 19 27 55 509 352.811059135      -4.51     -5.07     14.14  0.         236.225      -2186.417      -2801.840    0.000  -0.005   0.013   0.
  2017 352 19 27 56 509 352.811070709      -4.18     -5.09     14.71  0.         239.675      -2187.919      -2800.006    0.000  -0.005   0.013   0.
  2017 352 19 27 57 509 352.811082283      -3.96     -4.76     14.78  0.         243.124      -2189.420      -2798.169    0.000  -0.005   0.013   0.
  2017 352 19 27 58 509 352.811093857      -3.72     -4.55     14.88  0.         246.573      -2190.918      -2796.329    0.000  -0.005   0.013   0.
  2017 352 19 27 59 509 352.811105431      -3.43     -4.33     15.02  0.         250.022      -2192.415      -2794.487    0.000  -0.005   0.013   0.
  2017 352 19 28  0 509 352.811117005      -3.08     -4.12     15.11  0.         253.471      -2193.909      -2792.643    0.000  -0.005   0.014   0.
  2017 352 19 28  1 509 352.811128579      -2.73     -4.04     15.18  0.         256.919      -2195.401      -2790.795    0.000  -0.005   0.014   0.
  2017 352 19 28  2 509 352.811140153      -2.52     -3.97     15.31  0.         260.367      -2196.891      -2788.945    0.000  -0.005   0.014   0.
  2017 352 19 28  3 509 352.811151727      -2.33     -3.89     15.49  0.         263.815      -2198.380      -2787.093    0.000  -0.005   0.014   0.
  2017 352 19 28  4 509 352.811163302      -2.16     -3.82     15.65  0.         267.263      -2199.866      -2785.237    0.000  -0.005   0.014   0.
  2017 352 19 28  5 509 352.811174876      -1.97     -3.80     15.74  0.         270.711      -2201.349      -2783.379    0.000  -0.005   0.014   0.
  2017 352 19 28  6 509 352.811186450      -1.84     -3.75     15.81  0.         274.158      -2202.831      -2781.519    0.000  -0.005   0.014   0.
  2017 352 19 28  7 509 352.811198024      -1.68     -3.64     15.91  0.         277.605      -2204.311      -2779.655    0.000  -0.005   0.014   0.
  2017 352 19 28  8 509 352.811209598      -1.46     -3.46     15.98  0.         281.052      -2205.789      -2777.789    0.000  -0.005   0.015   0.
  2017 352 19 28  9 509 352.811221172      -1.26     -3.18     16.14  0.         284.498      -2207.264      -2775.921    0.000  -0.005   0.015   0.
  2017 352 19 28 10 509 352.811232746      -1.07     -2.92     16.29  0.         287.944      -2208.738      -2774.049    0.000  -0.006   0.016   0.
  2017 352 19 28 11 509 352.811244320      -0.90     -2.59     16.45  0.         291.390      -2210.209      -2772.176    0.000  -0.006   0.016   0.
  2017 352 19 28 12 509 352.811255894      -0.74     -2.28     16.63  0.         294.836      -2211.679      -2770.299    0.000  -0.006   0.016   0.
  2017 352 19 28 13 509 352.811267468      -0.66     -2.01     16.79  0.         298.281      -2213.146      -2768.420    0.000  -0.006   0.016   0.
  2017 352 19 28 14 509 352.811279042      -0.56     -1.68     16.94  0.         301.726      -2214.611      -2766.538    0.000  -0.006   0.016   0.
  2017 352 19 28 15 509 352.811290616      -0.46     -1.33     17.06  0.         305.171      -2216.074      -2764.654    0.000  -0.006   0.016   0.
  2017 352 19 28 16 509 352.811302190      -0.39     -0.97     17.22  0.         308.616      -2217.535      -2762.767    0.000  -0.006   0.017   0.
  2017 352 19 28 17 509 352.811313764      -0.27     -0.54     17.34  0.         312.060      -2218.994      -2760.877    0.000  -0.006   0.017   0.
  2017 352 19 28 18 509 352.811325339      -0.17     -0.14     17.49  0.         315.504      -2220.450      -2758.985    0.000  -0.006   0.017   0.
  2017 352 19 28 19 509 352.811336913      -0.02      0.30     17.60  0.         318.948      -2221.905      -2757.090    0.000  -0.006   0.017   0.
  2017 352 19 28 20 509 352.811348487       0.09      0.74     17.68  0.         322.391      -2223.358      -2755.192    0.000  -0.006   0.017   0.
  2017 352 19 28 21 509 352.811360061       0.23      1.24     17.74  0.         325.834      -2224.808      -2753.292    0.000  -0.006   0.017   0.
  2017 352 19 28 22 509 352.811371635       0.31      1.69     17.85  0.         329.277      -2226.256      -2751.389    0.000  -0.006   0.018   0.
  2017 352 19 28 23 508 352.811383208       0.40      2.19     18.00  0.         332.719      -2227.702      -2749.484    0.000  -0.006   0.018   0.
  2017 352 19 28 24 508 352.811394780       0.51      2.70     18.03  0.         336.161      -2229.146      -2747.576    0.000  -0.006   0.018   0.
  2017 352 19 28 25 508 352.811406354       0.65      3.24     18.01  0.         339.603      -2230.588      -2745.665    0.000  -0.006   0.018   0.
  2017 352 19 28 26 508 352.811417928       0.84      3.77     17.88  0.         343.045      -2232.028      -2743.752    0.000  -0.007   0.018   0.
  2017 352 19 28 27 508 352.811429502       0.93      4.33     17.41  0.         346.486      -2233.466      -2741.836    0.000  -0.007   0.018   0.
  2017 352 19 28 28 509 352.811441076       0.87      4.95     17.22  0.         349.927      -2234.901      -2739.917    0.000  -0.007   0.019   0.
  2017 352 19 28 29 509 352.811452650       0.93      5.61     17.16  0.         353.367      -2236.335      -2737.996    0.000  -0.007   0.019   0.
  2017 352 19 28 30 508 352.811464225       1.11      6.23     17.07  0.         356.807      -2237.766      -2736.072    0.000  -0.007   0.019   0.
  2017 352 19 28 31 508 352.811475799       1.24      6.79     16.83  0.         360.248      -2239.195      -2734.146    0.000  -0.007   0.019   0.
  2017 352 19 28 32 509 352.811487373       1.35      7.29     16.55  0.         363.687      -2240.622      -2732.217    0.000  -0.007   0.020   0.
  2017 352 19 28 33 509 352.811498947       1.48      7.81     16.18  0.         367.126      -2242.047      -2730.285    0.000  -0.007   0.020   0.
  2017 352 19 28 34 509 352.811510521       1.66      8.26     15.77  0.         370.565      -2243.470      -2728.351    0.000  -0.007   0.020   0.
  2017 352 19 28 35 509 352.811522095       1.92      8.66     15.26  0.         374.003      -2244.890      -2726.414    0.000  -0.007   0.020   0.
  2017 352 19 28 36 509 352.811533669       2.33      9.01     14.65  0.         377.442      -2246.309      -2724.474    0.000  -0.007   0.020   0.
  2017 352 19 28 37 508 352.811545243       2.69      9.37     13.91  0.         380.879      -2247.725      -2722.532    0.000  -0.007   0.020   0.
  2017 352 19 28 38 508 352.811556817       3.15      9.67     13.11  0.         384.317      -2249.139      -2720.587    0.000  -0.007   0.021   0.
  2017 352 19 28 39 508 352.811568391       3.40      9.92     12.27  0.         387.754      -2250.551      -2718.640    0.000  -0.007   0.021   0.
  2017 352 19 28 40 508 352.811579965       3.74     10.07     11.42  0.         391.191      -2251.961      -2716.690    0.000  -0.008   0.021   0.
  2017 352 19 28 41 509 352.811591539       4.17     10.10     10.35  0.         394.627      -2253.369      -2714.738    0.000  -0.008   0.021   0.
  2017 352 19 28 42 509 352.811603113       4.62     10.03      9.34  0.         398.063      -2254.775      -2712.783    0.000  -0.008   0.022   0.
  2017 352 19 28 43 508 352.811614688       4.80      9.60      8.17  0.         401.498      -2256.178      -2710.825    0.000  -0.008   0.022   0.
  2017 352 19 28 44 508 352.811626262       3.05      8.88      7.34  0.         404.934      -2257.579      -2708.864    0.000  -0.008   0.022   0.
  2017 352 19 28 45 509 352.811637836       2.08      9.01      6.99  0.         408.368      -2258.978      -2706.902    0.000  -0.008   0.022   0.
  2017 352 19 28 46 509 352.811649410       1.57      8.51      6.22  0.         411.803      -2260.375      -2704.936    0.000  -0.008   0.022   0.
  2017 352 19 28 47 509 352.811660984       0.60      8.19      5.96  0.         415.237      -2261.770      -2702.968    0.000  -0.008   0.022   0.
  2017 352 19 28 48 509 352.811672558      -0.08      8.25      5.51  0.         418.670      -2263.163      -2700.997    0.000  -0.008   0.023   0.
  2017 352 19 28 49 509 352.811684132      -0.91      8.57      4.97  0.         422.104      -2264.553      -2699.024    0.000  -0.008   0.023   0.
  2017 352 19 28 50 508 352.811695706      -1.50      9.19      4.74  0.         425.537      -2265.942      -2697.048    0.000  -0.008   0.023   0.
  2017 352 19 28 51 508 352.811707279      -1.79      9.46      4.47  0.         428.969      -2267.328      -2695.069    0.000  -0.008   0.023   0.
  2017 352 19 28 52 508 352.811718851      -2.06      9.75      4.17  0.         432.401      -2268.712      -2693.088    0.000  -0.009   0.024   0.
  2017 352 19 28 53 508 352.811730425      -2.25     10.10      3.85  0.         435.833      -2270.094      -2691.105    0.000  -0.009   0.024   0.
  2017 352 19 28 54 508 352.811741999      -2.40     10.35      3.50  0.         439.264      -2271.473      -2689.118    0.000  -0.009   0.024   0.
  2017 352 19 28 55 508 352.811753573      -2.54     10.52      3.16  0.         442.695      -2272.850      -2687.130    0.000  -0.009   0.024   0.
  2017 352 19 28 56 508 352.811765148      -2.71     10.63      2.82  0.         446.125      -2274.226      -2685.138    0.000  -0.009   0.024   0.
  2017 352 19 28 57 508 352.811776722      -2.93     10.64      2.40  0.         449.555      -2275.599      -2683.144    0.000  -0.009   0.024   0.
  2017 352 19 28 58 508 352.811788296      -3.21     10.57      1.98  0.         452.985      -2276.970      -2681.148    0.000  -0.009   0.025   0.
  2017 352 19 28 59 508 352.811799870      -3.44     10.53      1.58  0.         456.414      -2278.339      -2679.148    0.000  -0.009   0.025   0.
  2017 352 19 29  0 508 352.811811444      -3.70     10.46      1.13  0.         459.842      -2279.705      -2677.147    0.000  -0.009   0.025   0.
  2017 352 19 29  1 508 352.811823018      -3.98     10.36      0.72  0.         463.270      -2281.070      -2675.142    0.000  -0.009   0.025   0.
  2017 352 19 29  2 508 352.811834592      -4.26     10.27      0.29  0.         466.698      -2282.432      -2673.135    0.000  -0.009   0.026   0.
  2017 352 19 29  3 508 352.811846166      -4.56     10.17     -0.05  0.         470.126      -2283.792      -2671.126    0.000  -0.009   0.026   0.
  2017 352 19 29  4 508 352.811857740      -4.86     10.04     -0.39  0.         473.552      -2285.150      -2669.114    0.000  -0.010   0.026   0.
  2017 352 19 29  5 508 352.811869314      -5.18      9.90     -0.71  0.         476.979      -2286.505      -2667.100    0.000  -0.010   0.026   0.
  2017 352 19 29  6 508 352.811880888      -5.52      9.70     -0.97  0.         480.405      -2287.859      -2665.082    0.000  -0.010   0.027   0.
  2017 352 19 29  7 508 352.811892462      -5.89      9.45     -1.22  0.         483.830      -2289.210      -2663.062    0.000  -0.010   0.027   0.
  2017 352 19 29  8 508 352.811904036      -6.23      9.21     -1.56  0.         487.256      -2290.559      -2661.040    0.000  -0.010   0.027   0.
  2017 352 19 29  9 508 352.811915611      -6.56      9.01     -1.93  0.         490.680      -2291.906      -2659.015    0.000  -0.010   0.027   0.
  2017 352 19 29 10 508 352.811927185      -6.91      8.84     -2.32  0.         494.104      -2293.250      -2656.988    0.000  -0.010   0.028   0.
  2017 352 19 29 11 508 352.811938759      -7.22      8.70     -2.71  0.         497.528      -2294.593      -2654.958    0.000  -0.010   0.028   0.
  2017 352 19 29 12 508 352.811950333      -7.54      8.64     -3.10  0.         500.951      -2295.933      -2652.925    0.000  -0.010   0.028   0.
  2017 352 19 29 13 508 352.811961907      -7.82      8.64     -3.45  0.         504.374      -2297.271      -2650.890    0.000  -0.010   0.028   0.
  2017 352 19 29 14 508 352.811973481      -8.08      8.64     -3.89  0.         507.796      -2298.607      -2648.852    0.000  -0.010   0.028   0.
  2017 352 19 29 15 508 352.811985055      -8.29      8.64     -4.33  0.         511.218      -2299.941      -2646.812    0.000  -0.010   0.028   0.
  2017 352 19 29 16 508 352.811996629      -8.48      8.65     -4.65  0.         514.639      -2301.272      -2644.770    0.000  -0.011   0.029   0.
  2017 352 19 29 17 508 352.812008203      -8.67      8.62     -5.00  0.         518.060      -2302.601      -2642.724    0.000  -0.011   0.029   0.
  2017 352 19 29 18 508 352.812019777      -8.89      8.57     -5.32  0.         521.480      -2303.928      -2640.676    0.000  -0.011   0.029   0.
  2017 352 19 29 19 508 352.812031351      -9.11      8.48     -5.71  0.         524.900      -2305.253      -2638.626    0.000  -0.011   0.029   0.
  2017 352 19 29 20 508 352.812042925      -9.38      8.39     -6.01  0.         528.319      -2306.576      -2636.573    0.000  -0.011   0.030   0.
  2017 352 19 29 21 508 352.812054499      -9.67      8.26     -6.35  0.         531.738      -2307.896      -2634.517    0.000  -0.011   0.030   0.
  2017 352 19 29 22 508 352.812066071     -10.03      8.11     -6.74  0.         535.156      -2309.214      -2632.459    0.000  -0.011   0.030   0.
  2017 352 19 29 23 508 352.812077645     -10.36      7.97     -7.18  0.         538.574      -2310.530      -2630.399    0.000  -0.011   0.030   0.
  2017 352 19 29 24 508 352.812089219     -10.76      7.82     -7.60  0.         541.991      -2311.844      -2628.336    0.000  -0.011   0.030   0.
  2017 352 19 29 25 508 352.812100793     -11.15      7.65     -8.07  0.         545.408      -2313.155      -2626.270    0.000  -0.011   0.030   0.
  2017 352 19 29 26 508 352.812112367     -11.53      7.46     -8.60  0.         548.824      -2314.464      -2624.202    0.000  -0.011   0.031   0.
  2017 352 19 29 27 508 352.812123941     -11.92      7.29     -9.09  0.         552.240      -2315.771      -2622.131    0.000  -0.011   0.031   0.
  2017 352 19 29 28 508 352.812135515     -12.27      7.05     -9.71  0.         555.655      -2317.076      -2620.058    0.000  -0.011   0.031   0.
  2017 352 19 29 29 508 352.812147089     -12.59      6.82    -10.28  0.         559.070      -2318.379      -2617.982    0.000  -0.011   0.031   0.
  2017 352 19 29 30 508 352.812158663     -12.86      6.61    -10.91  0.         562.484      -2319.679      -2615.903    0.000  -0.012   0.032   0.
  2017 352 19 29 31 508 352.812170237     -13.07      6.36    -11.52  0.         565.897      -2320.977      -2613.823    0.000  -0.012   0.032   0.
  2017 352 19 29 32 508 352.812181811     -13.19      6.07    -12.11  0.         569.310      -2322.273      -2611.740    0.000  -0.012   0.032   0.
  2017 352 19 29 33 508 352.812193385     -13.26      5.73    -12.71  0.         572.723      -2323.567      -2609.654    0.000  -0.012   0.032   0.
  2017 352 19 29 34 508 352.812204960     -13.28      5.35    -13.33  0.         576.135      -2324.858      -2607.565    0.000  -0.012   0.033   0.
  2017 352 19 29 35 508 352.812216534     -13.27      4.91    -13.85  0.         579.546      -2326.147      -2605.474    0.000  -0.012   0.033   0.
  2017 352 19 29 36 508 352.812228108     -13.23      4.37    -14.38  0.         582.957      -2327.434      -2603.381    0.000  -0.012   0.033   0.
  2017 352 19 29 37 508 352.812239682     -13.16      3.80    -14.90  0.         586.367      -2328.719      -2601.285    0.000  -0.012   0.033   0.
  2017 352 19 29 38 508 352.812251256     -13.05      3.12    -15.36  0.         589.777      -2330.001      -2599.186    0.000  -0.012   0.034   0.
  2017 352 19 29 39 508 352.812262830     -12.89      2.48    -15.79  0.         593.186      -2331.282      -2597.085    0.000  -0.012   0.034   0.
  2017 352 19 29 40 508 352.812274404     -12.70      1.80    -16.15  0.         596.594      -2332.559      -2594.982    0.000  -0.012   0.034   0.
  2017 352 19 29 41 508 352.812285978     -12.38      1.16    -16.45  0.         600.002      -2333.835      -2592.876    0.000  -0.012   0.034   0.
  2017 352 19 29 42 508 352.812297552     -11.98      0.52    -16.75  0.         603.410      -2335.109      -2590.767    0.000  -0.013   0.034   0.
  2017 352 19 29 43 508 352.812309126     -11.58     -0.12    -16.86  0.         606.817      -2336.380      -2588.656    0.000  -0.013   0.034   0.
  2017 352 19 29 44 508 352.812320700     -11.24     -0.79    -16.93  0.         610.223      -2337.649      -2586.542    0.000  -0.013   0.035   0.
  2017 352 19 29 45 508 352.812332274     -11.05     -1.47    -17.20  0.         613.629      -2338.915      -2584.426    0.000  -0.013   0.035   0.
  2017 352 19 29 46 508 352.812343848     -10.28     -1.60    -17.76  0.         617.034      -2340.180      -2582.308    0.000  -0.013   0.036   0.
  2017 352 19 29 47 508 352.812355423      -9.90     -2.07    -17.21  0.         620.438      -2341.442      -2580.187    0.000  -0.013   0.036   0.
  2017 352 19 29 48 508 352.812366997      -9.77     -2.61    -16.93  0.         623.842      -2342.702      -2578.063    0.000  -0.013   0.036   0.
  2017 352 19 29 49 508 352.812378571      -9.62     -3.15    -16.71  0.         627.245      -2343.959      -2575.937    0.000  -0.013   0.036   0.
  2017 352 19 29 50 508 352.812390145      -9.38     -3.66    -16.59  0.         630.648      -2345.215      -2573.809    0.000  -0.013   0.037   0.
  2017 352 19 29 51 508 352.812401719      -8.97     -4.03    -16.47  0.         634.050      -2346.468      -2571.678    0.000  -0.013   0.037   0.
  2017 352 19 29 52 508 352.812413293      -8.56     -4.42    -16.15  0.         637.452      -2347.719      -2569.544    0.000  -0.014   0.037   0.
  2017 352 19 29 53 508 352.812424866      -8.24     -4.90    -15.79  0.         640.853      -2348.968      -2567.408    0.000  -0.014   0.037   0.
  2017 352 19 29 54 508 352.812436438      -8.00     -5.33    -15.40  0.         644.253      -2350.214      -2565.269    0.000  -0.014   0.037   0.
  2017 352 19 29 55 508 352.812448012      -7.79     -5.76    -15.15  0.         647.653      -2351.458      -2563.128    0.000  -0.014   0.037   0.
  2017 352 19 29 56 508 352.812459586      -7.61     -6.12    -14.88  0.         651.052      -2352.700      -2560.985    0.000  -0.014   0.038   0.
  2017 352 19 29 57 508 352.812471160      -7.37     -6.42    -14.70  0.         654.450      -2353.939      -2558.839    0.000  -0.014   0.038   0.
  2017 352 19 29 58 508 352.812482734      -7.11     -6.67    -14.59  0.         657.848      -2355.176      -2556.691    0.000  -0.014   0.039   0.
  2017 352 19 29 59 508 352.812494308      -6.81     -6.88    -14.43  0.         661.245      -2356.411      -2554.540    0.000  -0.014   0.039   0.
  2017 352 19 30  0 508 352.812505883      -6.44     -7.01    -14.19  0.         664.641      -2357.644      -2552.386    0.000  -0.014   0.039   0.
  2017 352 19 30  1 508 352.812517457      -6.02     -7.10    -13.92  0.         668.037      -2358.874      -2550.230    0.000  -0.014   0.039   0.
  2017 352 19 30  2 508 352.812529031      -5.60     -7.17    -13.65  0.         671.432      -2360.103      -2548.072    0.000  -0.014   0.040   0.
  2017 352 19 30  3 508 352.812540605      -5.16     -7.23    -13.44  0.         674.827      -2361.329      -2545.911    0.000  -0.014   0.040   0.
  2017 352 19 30  4 508 352.812552179      -4.75     -7.31    -13.28  0.         678.221      -2362.552      -2543.748    0.000  -0.015   0.040   0.
  2017 352 19 30  5 508 352.812563753      -4.34     -7.49    -13.17  0.         681.614      -2363.773      -2541.582    0.000  -0.015   0.040   0.
  2017 352 19 30  6 508 352.812575327      -4.00     -7.65    -12.99  0.         685.007      -2364.992      -2539.414    0.000  -0.015   0.040   0.
  2017 352 19 30  7 508 352.812586901      -3.74     -7.90    -12.77  0.         688.399      -2366.209      -2537.243    0.000  -0.015   0.040   0.
  2017 352 19 30  8 508 352.812598475      -3.51     -8.17    -12.50  0.         691.790      -2367.424      -2535.070    0.000  -0.015   0.041   0.
  2017 352 19 30  9 508 352.812610049      -3.35     -8.40    -12.06  0.         695.181      -2368.636      -2532.894    0.000  -0.015   0.041   0.
  2017 352 19 30 10 508 352.812621623      -3.21     -8.61    -11.59  0.         698.571      -2369.846      -2530.716    0.000  -0.015   0.041   0.
  2017 352 19 30 11 508 352.812633197      -3.08     -8.85    -11.17  0.         701.960      -2371.053      -2528.536    0.000  -0.015   0.041   0.
  2017 352 19 30 12 508 352.812644771      -2.95     -9.07    -10.81  0.         705.348      -2372.258      -2526.353    0.000  -0.015   0.042   0.
  2017 352 19 30 13 508 352.812656346      -2.85     -9.28    -10.45  0.         708.736      -2373.461      -2524.167    0.000  -0.015   0.042   0.
  2017 352 19 30 14 508 352.812667920      -2.71     -9.48    -10.17  0.         712.124      -2374.662      -2521.980    0.000  -0.015   0.042   0.
  2017 352 19 30 15 508 352.812679494      -2.56     -9.67     -9.87  0.         715.510      -2375.861      -2519.789    0.000  -0.015   0.042   0.
  2017 352 19 30 16 508 352.812691068      -2.40     -9.81     -9.51  0.         718.896      -2377.057      -2517.596    0.000  -0.016   0.043   0.
  2017 352 19 30 17 508 352.812702642      -2.23     -9.91     -9.19  0.         722.281      -2378.250      -2515.401    0.000  -0.016   0.043   0.
  2017 352 19 30 18 508 352.812714216      -2.04     -9.94     -8.79  0.         725.666      -2379.442      -2513.204    0.000  -0.016   0.043   0.
  2017 352 19 30 19 508 352.812725790      -1.95     -9.96     -8.28  0.         729.050      -2380.631      -2511.003    0.000  -0.016   0.043   0.
  2017 352 19 30 20 508 352.812737364      -1.83     -9.85     -7.74  0.         732.433      -2381.818      -2508.801    0.000  -0.016   0.044   0.
  2017 352 19 30 21 507 352.812748937      -1.73     -9.78     -7.35  0.         735.815      -2383.002      -2506.596    0.000  -0.016   0.044   0.
  2017 352 19 30 22 507 352.812760509      -1.67     -9.71     -6.99  0.         739.197      -2384.185      -2504.389    0.000  -0.016   0.044   0.
  2017 352 19 30 23 507 352.812772083      -1.59     -9.69     -6.72  0.         742.578      -2385.365      -2502.179    0.000  -0.016   0.044   0.
  2017 352 19 30 24 508 352.812783657      -1.54     -9.68     -6.42  0.         745.958      -2386.542      -2499.966    0.000  -0.016   0.045   0.
  2017 352 19 30 25 508 352.812795232      -1.48     -9.73     -6.22  0.         749.337      -2387.718      -2497.752    0.000  -0.016   0.045   0.
  2017 352 19 30 26 507 352.812806806      -1.42     -9.77     -5.97  0.         752.716      -2388.891      -2495.535    0.000  -0.017   0.046   0.
  2017 352 19 30 27 507 352.812818380      -1.41     -9.85     -5.70  0.         756.094      -2390.062      -2493.315    0.000  -0.017   0.046   0.
  2017 352 19 30 28 508 352.812829954      -1.42     -9.98     -5.40  0.         759.472      -2391.230      -2491.093    0.000  -0.017   0.046   0.
  2017 352 19 30 29 508 352.812841528      -1.47    -10.06     -5.02  0.         762.848      -2392.396      -2488.869    0.000  -0.017   0.046   0.
  2017 352 19 30 30 508 352.812853102      -1.51    -10.15     -4.70  0.         766.224      -2393.560      -2486.642    0.000  -0.017   0.046   0.
  2017 352 19 30 31 508 352.812864676      -1.56    -10.25     -4.46  0.         769.599      -2394.721      -2484.413    0.000  -0.017   0.046   0.
  2017 352 19 30 32 507 352.812876250      -1.60    -10.41     -4.24  0.         772.974      -2395.881      -2482.181    0.000  -0.017   0.047   0.
  2017 352 19 30 33 507 352.812887824      -1.59    -10.56     -4.06  0.         776.347      -2397.038      -2479.947    0.000  -0.017   0.047   0.
  2017 352 19 30 34 507 352.812899398      -1.54    -10.73     -3.95  0.         779.720      -2398.192      -2477.710    0.000  -0.017   0.047   0.
  2017 352 19 30 35 507 352.812910972      -1.52    -10.96     -3.91  0.         783.092      -2399.344      -2475.472    0.000  -0.017   0.047   0.
  2017 352 19 30 36 507 352.812922546      -1.43    -11.22     -3.86  0.         786.464      -2400.494      -2473.230    0.000  -0.017   0.048   0.
  2017 352 19 30 37 508 352.812934120      -1.31    -11.45     -3.81  0.         789.835      -2401.642      -2470.987    0.000  -0.017   0.048   0.
  2017 352 19 30 38 508 352.812945694      -1.14    -11.74     -3.80  0.         793.204      -2402.787      -2468.741    0.000  -0.018   0.048   0.
  2017 352 19 30 39 507 352.812957269      -0.97    -11.97     -3.72  0.         796.574      -2403.930      -2466.492    0.000  -0.018   0.048   0.
  2017 352 19 30 40 507 352.812968843      -0.76    -12.18     -3.62  0.         799.942      -2405.070      -2464.241    0.000  -0.018   0.049   0.
  2017 352 19 30 41 508 352.812980417      -0.56    -12.31     -3.45  0.         803.309      -2406.209      -2461.988    0.000  -0.018   0.049   0.
  2017 352 19 30 42 508 352.812991991      -0.29    -12.42     -3.24  0.         806.676      -2407.345      -2459.732    0.000  -0.018   0.049   0.
  2017 352 19 30 43 508 352.813003565      -0.07    -12.51     -2.93  0.         810.042      -2408.478      -2457.474    0.000  -0.018   0.049   0.
  2017 352 19 30 44 508 352.813015139       0.22    -12.64     -2.70  0.         813.408      -2409.609      -2455.214    0.000  -0.018   0.050   0.
  2017 352 19 30 45 508 352.813026713       0.56    -12.82     -2.39  0.         816.772      -2410.738      -2452.951    0.000  -0.018   0.050   0.
  2017 352 19 30 46 507 352.813038287       0.95    -13.04     -2.07  0.         820.136      -2411.865      -2450.686    0.000  -0.018   0.050   0.
  2017 352 19 30 47 507 352.813049861       1.32    -13.30     -1.64  0.         823.499      -2412.989      -2448.418    0.000  -0.018   0.050   0.
  2017 352 19 30 48 507 352.813061435       1.72    -13.53     -1.12  0.         826.861      -2414.111      -2446.148    0.000  -0.019   0.051   0.
  2017 352 19 30 49 507 352.813073009       2.16    -13.84     -0.72  0.         830.222      -2415.231      -2443.876    0.000  -0.019   0.051   0.
  2017 352 19 30 50 507 352.813084583       2.62    -14.24     -0.28  0.         833.582      -2416.348      -2441.601    0.000  -0.019   0.051   0.
  2017 352 19 30 51 508 352.813096157       3.16    -14.61      0.13  0.         836.942      -2417.463      -2439.324    0.000  -0.019   0.051   0.
  2017 352 19 30 52 507 352.813107729       3.82    -14.99      0.48  0.         840.301      -2418.575      -2437.045    0.000  -0.019   0.052   0.
  2017 352 19 30 53 507 352.813119303       4.60    -15.36      0.72  0.         843.659      -2419.685      -2434.763    0.000  -0.019   0.052   0.
  2017 352 19 30 54 507 352.813130877       5.49    -15.64      0.78  0.         847.016      -2420.793      -2432.479    0.000  -0.019   0.052   0.
  2017 352 19 30 55 507 352.813142451       6.38    -15.81      0.75  0.         850.373      -2421.899      -2430.192    0.000  -0.019   0.052   0.
  2017 352 19 30 56 507 352.813154025       7.26    -15.90      0.68  0.         853.728      -2423.002      -2427.903    0.000  -0.019   0.053   0.
  2017 352 19 30 57 507 352.813165599       8.13    -15.95      0.60  0.         857.083      -2424.103      -2425.612    0.000  -0.019   0.053   0.
  2017 352 19 30 58 507 352.813177173       9.04    -15.89      0.45  0.         860.437      -2425.201      -2423.318    0.000  -0.019   0.053   0.
  2017 352 19 30 59 507 352.813188747       9.94    -15.73      0.15  0.         863.790      -2426.297      -2421.022    0.000  -0.019   0.053   0.
  2017 352 19 31  0 507 352.813200321      10.72    -15.44     -0.19  0.         867.142      -2427.391      -2418.724    0.000  -0.020   0.054   0.
  2017 352 19 31  1 507 352.813211895      11.38    -15.10     -0.43  0.         870.494      -2428.482      -2416.423    0.000  -0.020   0.054   0.
  2017 352 19 31  2 507 352.813223469      11.99    -14.72     -0.65  0.         873.845      -2429.572      -2414.120    0.000  -0.020   0.055   0.
  2017 352 19 31  3 507 352.813235043      12.56    -14.35     -0.80  0.         877.194      -2430.658      -2411.814    0.000  -0.020   0.055   0.
  2017 352 19 31  4 507 352.813246617      13.17    -13.93     -1.00  0.         880.543      -2431.743      -2409.507    0.000  -0.020   0.055   0.
  2017 352 19 31  5 507 352.813258192      13.74    -13.46     -1.17  0.         883.891      -2432.825      -2407.197    0.000  -0.020   0.055   0.
  2017 352 19 31  6 507 352.813269766      14.26    -12.89     -1.31  0.         887.238      -2433.904      -2404.884    0.000  -0.020   0.056   0.
  2017 352 19 31  7 507 352.813281340      14.76    -12.32     -1.42  0.         890.585      -2434.982      -2402.569    0.000  -0.020   0.056   0.
  2017 352 19 31  8 507 352.813292914      15.19    -11.73     -1.44  0.         893.930      -2436.056      -2400.252    0.000  -0.020   0.056   0.
  2017 352 19 31  9 507 352.813304488      15.64    -11.14     -1.47  0.         897.275      -2437.129      -2397.933    0.000  -0.020   0.056   0.
  2017 352 19 31 10 507 352.813316062      16.04    -10.60     -1.48  0.         900.619      -2438.199      -2395.611    0.000  -0.021   0.057   0.
  2017 352 19 31 11 507 352.813327636      16.44    -10.04     -1.53  0.         903.962      -2439.267      -2393.287    0.000  -0.021   0.057   0.
  2017 352 19 31 12 507 352.813339210      16.82     -9.39     -1.57  0.         907.304      -2440.333      -2390.960    0.000  -0.021   0.057   0.
  2017 352 19 31 13 507 352.813350784      17.19     -8.79     -1.63  0.         910.645      -2441.396      -2388.631    0.000  -0.021   0.057   0.
  2017 352 19 31 14 507 352.813362358      17.57     -8.19     -1.73  0.         913.985      -2442.456      -2386.300    0.000  -0.021   0.058   0.
  2017 352 19 31 15 507 352.813373932      17.94     -7.46     -1.83  0.         917.325      -2443.515      -2383.967    0.000  -0.021   0.058   0.
  2017 352 19 31 16 507 352.813385506      18.32     -6.69     -1.96  0.         920.663      -2444.571      -2381.631    0.000  -0.021   0.058   0.
  2017 352 19 31 17 507 352.813397080      18.69     -5.93     -2.03  0.         924.001      -2445.624      -2379.293    0.000  -0.021   0.058   0.
  2017 352 19 31 18 507 352.813408655      19.07     -5.16     -2.12  0.         927.337      -2446.676      -2376.953    0.000  -0.021   0.059   0.
  2017 352 19 31 19 507 352.813420229      19.49     -4.42     -2.15  0.         930.673      -2447.725      -2374.610    0.000  -0.021   0.059   0.
  2017 352 19 31 20 507 352.813431803      19.89     -3.70     -2.25  0.         934.008      -2448.771      -2372.265    0.000  -0.022   0.059   0.
  2017 352 19 31 21 507 352.813443376      20.28     -3.03     -2.25  0.         937.342      -2449.815      -2369.918    0.000  -0.022   0.059   0.
  2017 352 19 31 22 507 352.813454948      20.63     -2.36     -2.20  0.         940.675      -2450.857      -2367.568    0.000  -0.022   0.060   0.
  2017 352 19 31 23 507 352.813466522      20.98     -1.70     -1.99  0.         944.007      -2451.896      -2365.216    0.000  -0.022   0.060   0.
  2017 352 19 31 24 507 352.813478096      21.32     -1.07     -1.88  0.         947.339      -2452.934      -2362.862    0.000  -0.022   0.060   0.
  2017 352 19 31 25 507 352.813489670      21.67     -0.44     -1.70  0.         950.669      -2453.968      -2360.506    0.000  -0.022   0.060   0.
  2017 352 19 31 26 507 352.813501244      21.99      0.17     -1.55  0.         953.999      -2455.000      -2358.147    0.000  -0.022   0.061   0.
  2017 352 19 31 27 507 352.813512818      22.30      0.74     -1.46  0.         957.327      -2456.030      -2355.786    0.000  -0.022   0.061   0.
  2017 352 19 31 28 507 352.813524392      22.58      1.29     -1.29  0.         960.655      -2457.058      -2353.422    0.000  -0.022   0.061   0.
  2017 352 19 31 29 507 352.813535966      22.79      1.83     -1.22  0.         963.981      -2458.083      -2351.057    0.000  -0.022   0.061   0.
  2017 352 19 31 30 507 352.813547541      22.97      2.37     -1.16  0.         967.307      -2459.106      -2348.689    0.000  -0.022   0.062   0.
  2017 352 19 31 31 507 352.813559115      23.11      2.95     -1.03  0.         970.632      -2460.126      -2346.319    0.000  -0.022   0.062   0.
  2017 352 19 31 32 507 352.813570689      23.24      3.49     -0.93  0.         973.956      -2461.144      -2343.946    0.000  -0.023   0.062   0.
  2017 352 19 31 33 507 352.813582263      23.35      4.07     -0.88  0.         977.279      -2462.160      -2341.571    0.000  -0.023   0.062   0.
  2017 352 19 31 34 507 352.813593837      23.43      4.69     -0.84  0.         980.601      -2463.173      -2339.194    0.000  -0.023   0.063   0.
  2017 352 19 31 35 507 352.813605411      23.48      5.28     -0.82  0.         983.922      -2464.184      -2336.815    0.000  -0.023   0.063   0.
  2017 352 19 31 36 507 352.813616985      23.52      5.90     -0.79  0.         987.242      -2465.192      -2334.433    0.000  -0.023   0.063   0.
  2017 352 19 31 37 507 352.813628559      23.62      6.48     -0.79  0.         990.561      -2466.198      -2332.049    0.000  -0.023   0.063   0.
  2017 352 19 31 38 507 352.813640133      23.75      7.08     -0.77  0.         993.879      -2467.202      -2329.663    0.000  -0.023   0.064   0.
  2017 352 19 31 39 507 352.813651707      23.96      7.71     -0.79  0.         997.197      -2468.203      -2327.275    0.000  -0.023   0.064   0.
  2017 352 19 31 40 507 352.813663281      24.14      8.36     -0.75  0.        1000.513      -2469.202      -2324.884    0.000  -0.023   0.064   0.
  2017 352 19 31 41 507 352.813674855      24.29      9.01     -0.60  0.        1003.828      -2470.199      -2322.491    0.000  -0.023   0.064   0.
  2017 352 19 31 42 507 352.813686429      24.41      9.63     -0.51  0.        1007.142      -2471.193      -2320.096    0.000  -0.024   0.065   0.
  2017 352 19 31 43 507 352.813698004      24.51     10.26     -0.37  0.        1010.456      -2472.184      -2317.699    0.000  -0.024   0.065   0.
  2017 352 19 31 44 507 352.813709578      24.57     10.91     -0.25  0.        1013.768      -2473.174      -2315.299    0.000  -0.024   0.065   0.
  2017 352 19 31 45 507 352.813721152      24.64     11.54     -0.09  0.        1017.080      -2474.161      -2312.897    0.000  -0.024   0.065   0.
  2017 352 19 31 46 507 352.813732726      24.72     12.14      0.09  0.        1020.390      -2475.145      -2310.493    0.000  -0.024   0.066   0.
  2017 352 19 31 47 507 352.813744300      24.74     12.74      0.36  0.        1023.699      -2476.127      -2308.086    0.000  -0.024   0.066   0.
  2017 352 19 31 48 507 352.813755874      24.75     13.29      0.64  0.        1027.008      -2477.107      -2305.678    0.000  -0.024   0.067   0.
  2017 352 19 31 49 507 352.813767448      24.67     13.85      0.92  0.        1030.315      -2478.084      -2303.267    0.000  -0.024   0.067   0.
  2017 352 19 31 50 507 352.813779022      24.56     14.38      1.12  0.        1033.622      -2479.059      -2300.854    0.000  -0.024   0.067   0.
  2017 352 19 31 51 507 352.813790595      24.39     14.90      1.28  0.        1036.927      -2480.032      -2298.438    0.000  -0.024   0.067   0.
  2017 352 19 31 52 507 352.813802167      24.16     15.40      1.30  0.        1040.232      -2481.002      -2296.021    0.000  -0.025   0.068   0.
  2017 352 19 31 53 507 352.813813741      23.89     15.87      1.45  0.        1043.535      -2481.970      -2293.601    0.000  -0.025   0.068   0.
  2017 352 19 31 54 507 352.813825315      23.64     16.33      1.56  0.        1046.838      -2482.935      -2291.179    0.000  -0.025   0.068   0.
  2017 352 19 31 55 507 352.813836889      23.39     16.75      1.64  0.        1050.139      -2483.898      -2288.754    0.000  -0.025   0.068   0.
  2017 352 19 31 56 507 352.813848464      23.16     17.20      1.69  0.        1053.439      -2484.859      -2286.328    0.000  -0.025   0.069   0.
  2017 352 19 31 57 507 352.813860038      22.96     17.62      1.78  0.        1056.739      -2485.817      -2283.899    0.000  -0.025   0.069   0.
  2017 352 19 31 58 507 352.813871612      22.79     18.05      1.90  0.        1060.037      -2486.773      -2281.468    0.000  -0.025   0.069   0.
  2017 352 19 31 59 507 352.813883186      22.64     18.47      2.05  0.        1063.334      -2487.726      -2279.035    0.000  -0.025   0.069   0.
  2017 352 19 32  0 507 352.813894760      22.49     18.83      2.19  0.        1066.630      -2488.677      -2276.600    0.000  -0.025   0.070   0.
  2017 352 19 32  1 507 352.813906334      22.35     19.17      2.39  0.        1069.926      -2489.625      -2274.162    0.000  -0.025   0.070   0.
  2017 352 19 32  2 507 352.813917908      22.22     19.51      2.61  0.        1073.221      -2490.571      -2271.722    0.000  -0.026   0.070   0.
  2017 352 19 32  3 507 352.813929482      22.10     19.86      2.91  0.        1076.514      -2491.515      -2269.280    0.000  -0.026   0.070   0.
  2017 352 19 32  4 507 352.813941056      21.92     20.17      3.20  0.        1079.806      -2492.456      -2266.836    0.000  -0.026   0.071   0.
  2017 352 19 32  5 507 352.813952630      21.70     20.36      3.46  0.        1083.097      -2493.395      -2264.389    0.000  -0.026   0.071   0.
  2017 352 19 32  6 507 352.813964204      21.40     20.47      3.71  0.        1086.387      -2494.332      -2261.941    0.000  -0.026   0.071   0.
  2017 352 19 32  7 507 352.813975778      21.13     20.50      3.92  0.        1089.676      -2495.266      -2259.490    0.000  -0.026   0.071   0.
  2017 352 19 32  8 507 352.813987352      20.84     20.52      4.23  0.        1092.964      -2496.197      -2257.037    0.000  -0.026   0.072   0.
  2017 352 19 32  9 507 352.813998927      20.54     20.46      4.49  0.        1096.251      -2497.127      -2254.582    0.000  -0.026   0.072   0.
  2017 352 19 32 10 507 352.814010501      20.25     20.43      4.81  0.        1099.537      -2498.053      -2252.125    0.000  -0.026   0.073   0.
  2017 352 19 32 11 507 352.814022075      19.93     20.38      5.12  0.        1102.822      -2498.978      -2249.665    0.000  -0.026   0.073   0.
  2017 352 19 32 12 507 352.814033649      19.61     20.37      5.36  0.        1106.106      -2499.900      -2247.203    0.000  -0.027   0.073   0.
  2017 352 19 32 13 507 352.814045223      19.27     20.30      5.55  0.        1109.389      -2500.819      -2244.739    0.000  -0.027   0.073   0.
  2017 352 19 32 14 507 352.814056797      18.90     20.29      5.83  0.        1112.670      -2501.736      -2242.273    0.000  -0.027   0.074   0.
  2017 352 19 32 15 507 352.814068371      18.49     20.19      6.18  0.        1115.951      -2502.651      -2239.805    0.000  -0.027   0.074   0.
  2017 352 19 32 16 507 352.814079945      18.08     20.01      6.50  0.        1119.230      -2503.563      -2237.335    0.000  -0.027   0.074   0.
  2017 352 19 32 17 507 352.814091519      17.60     19.78      6.91  0.        1122.509      -2504.473      -2234.862    0.000  -0.027   0.074   0.
  2017 352 19 32 18 507 352.814103093      17.04     19.43      7.49  0.        1125.786      -2505.381      -2232.387    0.000  -0.027   0.075   0.
  2017 352 19 32 19 507 352.814114666      16.51     19.03      8.08  0.        1129.062      -2506.286      -2229.910    0.000  -0.027   0.075   0.
  2017 352 19 32 20 507 352.814126238      15.96     18.54      8.77  0.        1132.337      -2507.188      -2227.431    0.000  -0.027   0.075   0.
  2017 352 19 32 21 507 352.814137813      15.44     18.03      9.47  0.        1135.611      -2508.089      -2224.950    0.000  -0.027   0.075   0.
  2017 352 19 32 22 506 352.814149387      14.95     17.49     10.31  0.        1138.884      -2508.987      -2222.467    0.000  -0.027   0.075   0.
  2017 352 19 32 23 507 352.814160961      14.49     16.97     11.16  0.        1142.156      -2509.882      -2219.981    0.000  -0.027   0.075   0.
  2017 352 19 32 24 507 352.814172535      14.08     16.47     11.92  0.        1145.427      -2510.775      -2217.493    0.000  -0.028   0.076   0.
  2017 352 19 32 25 507 352.814184109      13.77     16.06     12.73  0.        1148.697      -2511.665      -2215.004    0.000  -0.028   0.076   0.
  2017 352 19 32 26 507 352.814195683      13.50     15.72     13.44  0.        1151.965      -2512.553      -2212.512    0.000  -0.028   0.077   0.
  2017 352 19 32 27 507 352.814207257      13.30     15.46     14.15  0.        1155.233      -2513.439      -2210.017    0.000  -0.028   0.077   0.
  2017 352 19 32 28 506 352.814218831      13.13     15.41     14.77  0.        1158.499      -2514.322      -2207.521    0.000  -0.028   0.077   0.
  2017 352 19 32 29 506 352.814230405      12.89     15.48     15.34  0.        1161.764      -2515.203      -2205.023    0.000  -0.028   0.077   0.
  2017 352 19 32 30 506 352.814241979      12.62     15.60     15.89  0.        1165.028      -2516.081      -2202.522    0.000  -0.028   0.078   0.
  2017 352 19 32 31 506 352.814253553      12.35     15.75     16.34  0.        1168.292      -2516.957      -2200.019    0.000  -0.028   0.078   0.
  2017 352 19 32 32 506 352.814265127      12.06     15.99     16.88  0.        1171.553      -2517.831      -2197.515    0.000  -0.028   0.078   0.
  2017 352 19 32 33 507 352.814276701      11.73     16.31     17.41  0.        1174.814      -2518.702      -2195.008    0.000  -0.028   0.078   0.
  2017 352 19 32 34 507 352.814288275      11.39     16.64     17.83  0.        1178.074      -2519.571      -2192.499    0.000  -0.029   0.079   0.
  2017 352 19 32 35 506 352.814299850      11.07     17.02     18.01  0.        1181.332      -2520.437      -2189.987    0.000  -0.029   0.079   0.
  2017 352 19 32 36 506 352.814311424      10.70     17.17     18.08  0.        1184.589      -2521.301      -2187.474    0.000  -0.029   0.080   0.
  2017 352 19 32 37 507 352.814322998      10.42     17.07     18.14  0.        1187.846      -2522.162      -2184.959    0.000  -0.029   0.080   0.
  2017 352 19 32 38 507 352.814334572      10.19     16.94     18.33  0.        1191.101      -2523.021      -2182.441    0.000  -0.029   0.080   0.
  2017 352 19 32 39 507 352.814346146      10.03     16.86     18.56  0.        1194.354      -2523.878      -2179.922    0.000  -0.029   0.080   0.
  2017 352 19 32 40 507 352.814357720       9.87     16.81     18.78  0.        1197.607      -2524.732      -2177.400    0.000  -0.029   0.081   0.
  2017 352 19 32 41 507 352.814369294       9.74     16.87     19.01  0.        1200.859      -2525.583      -2174.876    0.000  -0.029   0.081   0.
  2017 352 19 32 42 506 352.814380868       9.58     16.92     19.25  0.        1204.109      -2526.432      -2172.350    0.000  -0.029   0.081   0.
  2017 352 19 32 43 506 352.814392442       9.39     16.99     19.52  0.        1207.359      -2527.279      -2169.822    0.000  -0.029   0.081   0.
  2017 352 19 32 44 506 352.814404016       9.18     17.06     19.83  0.        1210.607      -2528.124      -2167.292    0.000  -0.030   0.081   0.
  2017 352 19 32 45 506 352.814415590       8.98     17.11     20.18  0.        1213.854      -2528.966      -2164.760    0.000  -0.030   0.081   0.
  2017 352 19 32 46 507 352.814427164       8.74     17.26     20.49  0.        1217.100      -2529.805      -2162.225    0.000  -0.030   0.082   0.
  2017 352 19 32 47 507 352.814438738       8.39     17.50     20.58  0.        1220.344      -2530.642      -2159.689    0.000  -0.030   0.082   0.
  2017 352 19 32 48 507 352.814450312       7.96     17.74     20.56  0.        1223.588      -2531.477      -2157.150    0.000  -0.030   0.083   0.
  2017 352 19 32 49 506 352.814461886       7.72     17.31     20.88  0.        1226.830      -2532.309      -2154.610    0.000  -0.030   0.083   0.
  2017 352 19 32 50 506 352.814473458       7.31     17.47     21.10  0.        1230.071      -2533.139      -2152.067    0.000  -0.030   0.083   0.
  2017 352 19 32 51 506 352.814485032       6.96     17.40     21.06  0.        1233.311      -2533.966      -2149.522    0.000  -0.030   0.083   0.
  2017 352 19 32 52 506 352.814496606       6.61     17.41     21.03  0.        1236.550      -2534.791      -2146.975    0.000  -0.031   0.084   0.
  2017 352 19 32 53 506 352.814508180       6.32     17.42     20.87  0.        1239.787      -2535.613      -2144.427    0.000  -0.031   0.084   0.
  2017 352 19 32 54 506 352.814519754       6.09     17.36     20.75  0.        1243.023      -2536.433      -2141.876    0.000  -0.031   0.084   0.
  2017 352 19 32 55 506 352.814531328       5.89     17.24     20.72  0.        1246.259      -2537.251      -2139.323    0.000  -0.031   0.084   0.
  2017 352 19 32 56 506 352.814542902       5.76     17.11     20.70  0.        1249.493      -2538.066      -2136.768    0.000  -0.031   0.085   0.
  2017 352 19 32 57 506 352.814554476       5.60     16.99     20.72  0.        1252.726      -2538.878      -2134.210    0.000  -0.031   0.085   0.
  2017 352 19 32 58 506 352.814566050       5.44     16.92     20.76  0.        1255.957      -2539.689      -2131.651    0.000  -0.031   0.085   0.
  2017 352 19 32 59 506 352.814577624       5.27     16.84     20.75  0.        1259.187      -2540.496      -2129.090    0.000  -0.031   0.085   0.
  2017 352 19 33  0 506 352.814589198       5.13     16.74     20.66  0.        1262.416      -2541.302      -2126.527    0.000  -0.031   0.086   0.
  2017 352 19 33  1 506 352.814600773       5.00     16.60     20.52  0.        1265.644      -2542.105      -2123.961    0.000  -0.031   0.086   0.
  2017 352 19 33  2 506 352.814612347       4.87     16.42     20.34  0.        1268.871      -2542.905      -2121.394    0.000  -0.032   0.087   0.
  2017 352 19 33  3 506 352.814623921       4.75     16.18     20.16  0.        1272.097      -2543.703      -2118.824    0.000  -0.032   0.087   0.
  2017 352 19 33  4 506 352.814635495       4.64     15.90     19.97  0.        1275.321      -2544.499      -2116.253    0.000  -0.032   0.087   0.
  2017 352 19 33  5 506 352.814647069       4.56     15.62     19.83  0.        1278.544      -2545.292      -2113.679    0.000  -0.032   0.087   0.
  2017 352 19 33  6 506 352.814658643       4.45     15.29     19.76  0.        1281.766      -2546.082      -2111.104    0.000  -0.032   0.088   0.
  2017 352 19 33  7 506 352.814670217       4.35     14.97     19.77  0.        1284.986      -2546.871      -2108.526    0.000  -0.032   0.088   0.
  2017 352 19 33  8 506 352.814681791       4.31     14.62     19.88  0.        1288.206      -2547.656      -2105.946    0.000  -0.032   0.088   0.
  2017 352 19 33  9 506 352.814693365       4.32     14.25     20.04  0.        1291.424      -2548.440      -2103.365    0.000  -0.032   0.088   0.
  2017 352 19 33 10 506 352.814704939       4.38     13.83     20.26  0.        1294.641      -2549.221      -2100.781    0.000  -0.032   0.089   0.
  2017 352 19 33 11 506 352.814716513       4.43     13.45     20.61  0.        1297.857      -2549.999      -2098.195    0.000  -0.032   0.089   0.
  2017 352 19 33 12 506 352.814728087       4.52     13.05     21.02  0.        1301.071      -2550.775      -2095.608    0.000  -0.033   0.089   0.
  2017 352 19 33 13 506 352.814739661       4.66     12.61     21.41  0.        1304.284      -2551.549      -2093.018    0.000  -0.033   0.089   0.
  2017 352 19 33 14 506 352.814751236       4.82     12.22     21.86  0.        1307.496      -2552.320      -2090.426    0.000  -0.033   0.090   0.
  2017 352 19 33 15 506 352.814762810       4.97     11.80     22.30  0.        1310.707      -2553.088      -2087.832    0.000  -0.033   0.090   0.
  2017 352 19 33 16 506 352.814774384       5.17     11.43     22.74  0.        1313.916      -2553.855      -2085.237    0.000  -0.033   0.090   0.
  2017 352 19 33 17 506 352.814785958       5.40     11.09     23.12  0.        1317.124      -2554.618      -2082.639    0.000  -0.033   0.090   0.
  2017 352 19 33 18 506 352.814797532       5.66     10.83     23.51  0.        1320.331      -2555.380      -2080.039    0.000  -0.033   0.091   0.
  2017 352 19 33 19 506 352.814809105       5.92     10.53     23.87  0.        1323.537      -2556.138      -2077.437    0.000  -0.033   0.091   0.
  2017 352 19 33 20 506 352.814820677       6.19     10.27     24.25  0.        1326.741      -2556.895      -2074.833    0.000  -0.033   0.091   0.
  2017 352 19 33 21 506 352.814832251       6.47     10.00     24.61  0.        1329.944      -2557.649      -2072.228    0.000  -0.033   0.091   0.
  2017 352 19 33 22 506 352.814843825       6.78      9.78     24.90  0.        1333.146      -2558.400      -2069.620    0.000  -0.033   0.092   0.
  2017 352 19 33 23 506 352.814855399       7.10      9.61     25.21  0.        1336.347      -2559.149      -2067.010    0.000  -0.033   0.092   0.
  2017 352 19 33 24 506 352.814866973       7.41      9.43     25.49  0.        1339.546      -2559.896      -2064.398    0.000  -0.034   0.093   0.
  2017 352 19 33 25 506 352.814878547       7.72      9.27     25.72  0.        1342.744      -2560.640      -2061.785    0.000  -0.034   0.093   0.
  2017 352 19 33 26 506 352.814890122       8.03      9.09     25.96  0.        1345.941      -2561.382      -2059.169    0.000  -0.034   0.093   0.
  2017 352 19 33 27 506 352.814901696       8.33      8.94     26.15  0.        1349.136      -2562.121      -2056.551    0.000  -0.034   0.093   0.
  2017 352 19 33 28 506 352.814913270       8.62      8.82     26.33  0.        1352.330      -2562.858      -2053.932    0.000  -0.034   0.094   0.
  2017 352 19 33 29 506 352.814924844       8.91      8.69     26.50  0.        1355.523      -2563.592      -2051.310    0.000  -0.034   0.094   0.
  2017 352 19 33 30 506 352.814936418       9.14      8.57     26.72  0.        1358.715      -2564.324      -2048.687    0.000  -0.034   0.094   0.
  2017 352 19 33 31 506 352.814947992       9.37      8.50     26.95  0.        1361.905      -2565.054      -2046.061    0.000  -0.034   0.094   0.
  2017 352 19 33 32 506 352.814959566       9.54      8.44     27.18  0.        1365.094      -2565.781      -2043.433    0.000  -0.034   0.095   0.
  2017 352 19 33 33 506 352.814971140       9.70      8.31     27.39  0.        1368.281      -2566.505      -2040.804    0.000  -0.034   0.095   0.
  2017 352 19 33 34 506 352.814982714       9.82      8.20     27.55  0.        1371.468      -2567.227      -2038.173    0.000  -0.035   0.095   0.
  2017 352 19 33 35 506 352.814994288       9.89      8.04     27.75  0.        1374.653      -2567.947      -2035.539    0.000  -0.035   0.095   0.
  2017 352 19 33 36 506 352.815005862       9.92      7.89     27.85  0.        1377.836      -2568.664      -2032.904    0.000  -0.035   0.096   0.
  2017 352 19 33 37 506 352.815017436       9.91      7.74     27.94  0.        1381.019      -2569.379      -2030.267    0.000  -0.035   0.096   0.
  2017 352 19 33 38 506 352.815029010       9.87      7.57     28.03  0.        1384.200      -2570.091      -2027.627    0.000  -0.035   0.096   0.
  2017 352 19 33 39 506 352.815040584       9.85      7.33     28.02  0.        1387.380      -2570.801      -2024.986    0.000  -0.035   0.096   0.
  2017 352 19 33 40 506 352.815052159       9.81      7.07     27.99  0.        1390.558      -2571.508      -2022.343    0.000  -0.035   0.097   0.
  2017 352 19 33 41 506 352.815063733       9.67      6.81     28.06  0.        1393.735      -2572.213      -2019.698    0.000  -0.035   0.097   0.
  2017 352 19 33 42 506 352.815075307       9.50      6.48     28.19  0.        1396.911      -2572.916      -2017.051    0.000  -0.035   0.097   0.
  2017 352 19 33 43 506 352.815086881       9.32      6.09     28.33  0.        1400.086      -2573.616      -2014.402    0.000  -0.035   0.097   0.
  2017 352 19 33 44 506 352.815098455       9.13      5.74     28.49  0.        1403.259      -2574.313      -2011.751    0.000  -0.036   0.098   0.
  2017 352 19 33 45 506 352.815110029       8.90      5.38     28.71  0.        1406.430      -2575.008      -2009.099    0.000  -0.036   0.098   0.
  2017 352 19 33 46 506 352.815121603       8.66      5.01     28.90  0.        1409.601      -2575.701      -2006.444    0.000  -0.036   0.099   0.
  2017 352 19 33 47 506 352.815133176       8.41      4.66     29.10  0.        1412.770      -2576.391      -2003.787    0.000  -0.036   0.099   0.
  2017 352 19 33 48 506 352.815144748       8.15      4.26     29.26  0.        1415.938      -2577.079      -2001.129    0.000  -0.036   0.099   0.
  2017 352 19 33 49 506 352.815156322       7.85      3.85     29.41  0.        1419.104      -2577.764      -1998.469    0.000  -0.036   0.099   0.
  2017 352 19 33 50 506 352.815167896       7.54      3.44     29.59  0.        1422.269      -2578.447      -1995.806    0.000  -0.036   0.100   0.
  2017 352 19 33 51 506 352.815179471       7.23      2.99     29.69  0.        1425.433      -2579.128      -1993.142    0.000  -0.036   0.100   0.
  2017 352 19 33 52 506 352.815191045       6.91      2.56     29.80  0.        1428.595      -2579.805      -1990.476    0.000  -0.037   0.100   0.
  2017 352 19 33 53 506 352.815202619       6.60      2.14     29.87  0.        1431.756      -2580.481      -1987.808    0.000  -0.037   0.100   0.
  2017 352 19 33 54 506 352.815214193       6.29      1.75     29.90  0.        1434.916      -2581.154      -1985.138    0.000  -0.037   0.101   0.
  2017 352 19 33 55 506 352.815225767       6.03      1.37     29.88  0.        1438.074      -2581.824      -1982.466    0.000  -0.037   0.101   0.
  2017 352 19 33 56 506 352.815237341       5.75      1.03     29.91  0.        1441.231      -2582.493      -1979.792    0.000  -0.037   0.101   0.
  2017 352 19 33 57 506 352.815248915       5.48      0.69     29.91  0.        1444.387      -2583.158      -1977.117    0.000  -0.037   0.101   0.
  2017 352 19 33 58 506 352.815260489       5.20      0.37     29.91  0.        1447.541      -2583.821      -1974.439    0.000  -0.037   0.102   0.
  2017 352 19 33 59 506 352.815272063       4.93      0.04     29.90  0.        1450.694      -2584.482      -1971.760    0.000  -0.037   0.102   0.
  2017 352 19 34  0 506 352.815283637       4.60     -0.28     29.91  0.        1453.845      -2585.140      -1969.079    0.000  -0.037   0.102   0.
  2017 352 19 34  1 506 352.815295211       4.30     -0.60     29.87  0.        1456.995      -2585.796      -1966.396    0.000  -0.037   0.102   0.
  2017 352 19 34  2 506 352.815306785       4.01     -0.87     29.85  0.        1460.144      -2586.449      -1963.711    0.000  -0.038   0.103   0.
  2017 352 19 34  3 506 352.815318359       3.72     -1.13     29.83  0.        1463.291      -2587.100      -1961.024    0.000  -0.038   0.103   0.
  2017 352 19 34  4 506 352.815329933       3.44     -1.35     29.79  0.        1466.437      -2587.749      -1958.335    0.000  -0.038   0.104   0.
  2017 352 19 34  5 506 352.815341508       3.16     -1.63     29.74  0.        1469.581      -2588.395      -1955.645    0.000  -0.038   0.104   0.
  2017 352 19 34  6 506 352.815353082       2.84     -1.85     29.73  0.        1472.724      -2589.038      -1952.952    0.000  -0.038   0.104   0.
  2017 352 19 34  7 506 352.815364656       2.52     -2.06     29.68  0.        1475.866      -2589.679      -1950.258    0.000  -0.038   0.104   0.
  2017 352 19 34  8 506 352.815376230       2.21     -2.21     29.64  0.        1479.006      -2590.318      -1947.562    0.000  -0.038   0.105   0.
  2017 352 19 34  9 506 352.815387804       1.89     -2.38     29.59  0.        1482.145      -2590.954      -1944.864    0.000  -0.038   0.105   0.
  2017 352 19 34 10 506 352.815399378       1.55     -2.50     29.54  0.        1485.283      -2591.588      -1942.164    0.000  -0.038   0.105   0.
  2017 352 19 34 11 506 352.815410952       1.20     -2.57     29.49  0.        1488.419      -2592.219      -1939.462    0.000  -0.038   0.105   0.
  2017 352 19 34 12 506 352.815422526       0.84     -2.63     29.47  0.        1491.554      -2592.848      -1936.758    0.000  -0.038   0.106   0.
  2017 352 19 34 13 506 352.815434100       0.48     -2.70     29.37  0.        1494.687      -2593.474      -1934.053    0.000  -0.038   0.106   0.
  2017 352 19 34 14 506 352.815445674       0.09     -2.72     29.32  0.        1497.819      -2594.098      -1931.346    0.000  -0.039   0.106   0.
  2017 352 19 34 15 506 352.815457248      -0.29     -2.70     29.31  0.        1500.949      -2594.720      -1928.637    0.000  -0.039   0.106   0.
  2017 352 19 34 16 506 352.815468822      -0.70     -2.69     29.26  0.        1504.078      -2595.338      -1925.926    0.000  -0.039   0.107   0.
  2017 352 19 34 17 506 352.815480396      -1.15     -2.60     29.29  0.        1507.206      -2595.955      -1923.213    0.000  -0.039   0.107   0.
  2017 352 19 34 18 506 352.815491971      -1.62     -2.54     29.21  0.        1510.332      -2596.569      -1920.499    0.000  -0.039   0.107   0.
  2017 352 19 34 19 506 352.815503543      -2.11     -2.45     29.15  0.        1513.457      -2597.181      -1917.782    0.000  -0.039   0.107   0.
  2017 352 19 34 20 506 352.815515116      -2.63     -2.34     29.02  0.        1516.580      -2597.790      -1915.064    0.000  -0.039   0.108   0.
  2017 352 19 34 21 506 352.815526690      -3.18     -2.19     28.85  0.        1519.702      -2598.396      -1912.344    0.000  -0.039   0.108   0.
  2017 352 19 34 22 506 352.815538264      -3.76     -1.99     28.68  0.        1522.822      -2599.001      -1909.622    0.000  -0.039   0.108   0.
  2017 352 19 34 23 506 352.815549838      -4.37     -1.77     28.51  0.        1525.941      -2599.602      -1906.899    0.000  -0.039   0.108   0.
  2017 352 19 34 24 505 352.815561412      -5.01     -1.53     28.33  0.        1529.059      -2600.202      -1904.173    0.000  -0.040   0.109   0.
  2017 352 19 34 25 505 352.815572986      -5.68     -1.20     28.25  0.        1532.175      -2600.799      -1901.446    0.000  -0.040   0.109   0.
  2017 352 19 34 26 505 352.815584560      -6.38     -0.75     28.08  0.        1535.290      -2601.393      -1898.717    0.000  -0.040   0.109   0.
  2017 352 19 34 27 505 352.815596134      -7.08     -0.18     27.82  0.        1538.403      -2601.985      -1895.986    0.000  -0.040   0.109   0.
  2017 352 19 34 28 505 352.815607708      -7.84      0.33     27.35  0.        1541.515      -2602.574      -1893.254    0.000  -0.040   0.110   0.
  2017 352 19 34 29 506 352.815619282      -8.65      0.65     26.74  0.        1544.625      -2603.161      -1890.519    0.000  -0.040   0.110   0.
  2017 352 19 34 30 506 352.815630856      -9.46      0.64     26.11  0.        1547.734      -2603.746      -1887.783    0.000  -0.040   0.111   0.
  2017 352 19 34 31 505 352.815642431     -10.31      0.58     25.80  0.        1550.841      -2604.328      -1885.045    0.000  -0.040   0.111   0.
  2017 352 19 34 32 505 352.815654005     -11.16      0.59     25.56  0.        1553.947      -2604.908      -1882.305    0.000  -0.040   0.111   0.
  2017 352 19 34 33 506 352.815665579     -12.07      0.75     25.26  0.        1557.052      -2605.485      -1879.564    0.000  -0.040   0.111   0.
  2017 352 19 34 34 506 352.815677153     -13.16      1.17     24.94  0.        1560.155      -2606.060      -1876.820    0.000  -0.041   0.112   0.
  2017 352 19 34 35 506 352.815688727     -14.77      2.68     24.55  0.        1563.256      -2606.632      -1874.075    0.000  -0.041   0.112   0.
  2017 352 19 34 36 506 352.815700301     -16.23      5.31     23.09  0.        1566.356      -2607.202      -1871.328    0.000  -0.041   0.112   0.
  2017 352 19 34 37 506 352.815711875     -17.15      6.57     21.78  0.        1569.455      -2607.769      -1868.580    0.000  -0.041   0.112   0.
  2017 352 19 34 38 505 352.815723449     -17.84      6.97     20.55  0.        1572.552      -2608.334      -1865.829    0.000  -0.041   0.113   0.
  2017 352 19 34 39 505 352.815735023     -18.25      6.50     19.76  0.        1575.648      -2608.897      -1863.077    0.000  -0.041   0.113   0.
  2017 352 19 34 40 505 352.815746597     -18.29      5.74     19.13  0.        1578.742      -2609.457      -1860.323    0.000  -0.041   0.113   0.
  2017 352 19 34 41 505 352.815758171     -17.32      4.34     19.24  0.        1581.835      -2610.014      -1857.568    0.000  -0.041   0.113   0.
  2017 352 19 34 42 506 352.815769745     -15.23      1.74     19.95  0.        1584.926      -2610.569      -1854.810    0.000  -0.041   0.114   0.
  2017 352 19 34 43 506 352.815781319     -11.36     -3.07     21.44  0.        1588.015      -2611.122      -1852.051    0.000  -0.041   0.114   0.
  2017 352 19 34 44 505 352.815792894     -11.74     -4.97     23.83  0.        1591.104      -2611.672      -1849.290    0.000  -0.042   0.114   0.
  2017 352 19 34 45 505 352.815804468     -12.98     -4.89     23.57  0.        1594.190      -2612.220      -1846.528    0.000  -0.042   0.114   0.
  2017 352 19 34 46 506 352.815816042     -13.90     -5.30     23.17  0.        1597.276      -2612.765      -1843.763    0.000  -0.042   0.115   0.
  2017 352 19 34 47 506 352.815827616     -14.59     -5.84     22.78  0.        1600.359      -2613.308      -1840.997    0.000  -0.042   0.115   0.
  2017 352 19 34 48 506 352.815839190     -15.28     -6.35     22.34  0.        1603.442      -2613.848      -1838.229    0.000  -0.042   0.115   0.
  2017 352 19 34 49 506 352.815850763     -15.93     -6.88     21.87  0.        1606.522      -2614.386      -1835.460    0.000  -0.042   0.115   0.
  2017 352 19 34 50 505 352.815862335     -16.51     -7.49     21.27  0.        1609.601      -2614.922      -1832.688    0.000  -0.042   0.116   0.
  2017 352 19 34 51 505 352.815873909     -17.02     -8.14     20.68  0.        1612.679      -2615.455      -1829.915    0.000  -0.042   0.116   0.
  2017 352 19 34 52 505 352.815885483     -17.48     -8.78     20.03  0.        1615.755      -2615.985      -1827.141    0.000  -0.042   0.116   0.
  2017 352 19 34 53 505 352.815897057     -17.97     -9.42     19.34  0.        1618.830      -2616.513      -1824.364    0.000  -0.042   0.116   0.
  2017 352 19 34 54 505 352.815908631     -18.40    -10.06     18.61  0.        1621.903      -2617.039      -1821.586    0.000  -0.043   0.117   0.
  2017 352 19 34 55 505 352.815920205     -18.77    -10.63     17.91  0.        1624.975      -2617.562      -1818.806    0.000  -0.043   0.117   0.
  2017 352 19 34 56 505 352.815931780     -19.09    -11.29     17.14  0.        1628.045      -2618.083      -1816.024    0.000  -0.043   0.118   0.
  2017 352 19 34 57 505 352.815943354     -19.35    -11.95     16.41  0.        1631.114      -2618.601      -1813.241    0.000  -0.043   0.118   0.
  2017 352 19 34 58 505 352.815954928     -19.59    -12.71     15.69  0.        1634.181      -2619.117      -1810.456    0.000  -0.043   0.118   0.
  2017 352 19 34 59 505 352.815966502     -19.73    -13.48     15.03  0.        1637.246      -2619.630      -1807.669    0.000  -0.043   0.118   0.
  2017 352 19 35  0 505 352.815978076     -19.78    -14.30     14.43  0.        1640.310      -2620.141      -1804.881    0.000  -0.043   0.119   0.
  2017 352 19 35  1 505 352.815989650     -19.80    -15.17     13.85  0.        1643.373      -2620.650      -1802.091    0.000  -0.043   0.119   0.
  2017 352 19 35  2 505 352.816001224     -19.69    -16.06     13.21  0.        1646.434      -2621.156      -1799.299    0.000  -0.043   0.119   0.
  2017 352 19 35  3 505 352.816012798     -19.54    -16.97     12.62  0.        1649.493      -2621.660      -1796.506    0.000  -0.043   0.119   0.
  2017 352 19 35  4 505 352.816024372     -19.30    -17.81     12.10  0.        1652.551      -2622.161      -1793.711    0.000  -0.044   0.120   0.
  2017 352 19 35  5 505 352.816035946     -18.99    -18.63     11.54  0.        1655.607      -2622.659      -1790.914    0.000  -0.044   0.120   0.
  2017 352 19 35  6 505 352.816047520     -18.65    -19.39     11.05  0.        1658.662      -2623.156      -1788.115    0.000  -0.044   0.120   0.
  2017 352 19 35  7 505 352.816059094     -18.24    -20.07     10.56  0.        1661.715      -2623.649      -1785.315    0.000  -0.044   0.120   0.
  2017 352 19 35  8 505 352.816070668     -17.80    -20.70     10.16  0.        1664.767      -2624.141      -1782.513    0.000  -0.044   0.121   0.
  2017 352 19 35  9 505 352.816082242     -17.34    -21.29      9.75  0.        1667.817      -2624.630      -1779.710    0.000  -0.044   0.121   0.
  2017 352 19 35 10 505 352.816093817     -16.91    -21.85      9.42  0.        1670.866      -2625.116      -1776.905    0.000  -0.044   0.121   0.
  2017 352 19 35 11 505 352.816105391     -16.46    -22.36      9.17  0.        1673.913      -2625.600      -1774.098    0.000  -0.044   0.121   0.
  2017 352 19 35 12 505 352.816116965     -16.01    -22.85      8.95  0.        1676.958      -2626.082      -1771.289    0.000  -0.044   0.122   0.
  2017 352 19 35 13 505 352.816128539     -15.52    -23.33      8.69  0.        1680.002      -2626.561      -1768.479    0.000  -0.044   0.122   0.
  2017 352 19 35 14 505 352.816140113     -15.07    -23.87      8.45  0.        1683.044      -2627.038      -1765.667    0.000  -0.044   0.122   0.
  2017 352 19 35 15 505 352.816151687     -14.60    -24.33      8.28  0.        1686.085      -2627.512      -1762.854    0.000  -0.044   0.122   0.
  2017 352 19 35 16 505 352.816163261     -14.07    -24.80      8.05  0.        1689.124      -2627.984      -1760.039    0.000  -0.045   0.123   0.
  2017 352 19 35 17 505 352.816174834     -13.57    -25.20      7.92  0.        1692.162      -2628.453      -1757.222    0.000  -0.045   0.123   0.
  2017 352 19 35 18 505 352.816186406     -13.07    -25.67      7.77  0.        1695.198      -2628.920      -1754.404    0.000  -0.045   0.123   0.
  2017 352 19 35 19 505 352.816197980     -12.51    -26.15      7.61  0.        1698.233      -2629.384      -1751.584    0.000  -0.045   0.123   0.
  2017 352 19 35 20 505 352.816209554     -11.94    -26.63      7.47  0.        1701.265      -2629.846      -1748.762    0.000  -0.045   0.124   0.
  2017 352 19 35 21 505 352.816221129     -11.27    -27.05      7.28  0.        1704.297      -2630.306      -1745.939    0.000  -0.045   0.124   0.
  2017 352 19 35 22 505 352.816232703     -10.56    -27.41      7.06  0.        1707.327      -2630.763      -1743.114    0.000  -0.045   0.124   0.
  2017 352 19 35 23 505 352.816244277      -9.81    -27.72      6.80  0.        1710.355      -2631.218      -1740.288    0.000  -0.045   0.124   0.
  2017 352 19 35 24 505 352.816255851      -9.04    -27.97      6.56  0.        1713.381      -2631.670      -1737.460    0.000  -0.045   0.125   0.
  2017 352 19 35 25 505 352.816267425      -8.28    -28.14      6.40  0.        1716.406      -2632.120      -1734.630    0.000  -0.045   0.125   0.
  2017 352 19 35 26 505 352.816278999      -7.56    -28.26      6.31  0.        1719.430      -2632.567      -1731.798    0.000  -0.046   0.126   0.
  2017 352 19 35 27 505 352.816290573      -6.93    -28.37      6.36  0.        1722.451      -2633.012      -1728.965    0.000  -0.046   0.126   0.
  2017 352 19 35 28 505 352.816302147      -6.29    -28.42      6.39  0.        1725.472      -2633.454      -1726.131    0.000  -0.046   0.126   0.
  2017 352 19 35 29 505 352.816313721      -5.71    -28.48      6.41  0.        1728.490      -2633.894      -1723.295    0.000  -0.046   0.126   0.
  2017 352 19 35 30 505 352.816325295      -5.17    -28.47      6.46  0.        1731.507      -2634.332      -1720.457    0.000  -0.046   0.127   0.
  2017 352 19 35 31 505 352.816336869      -4.67    -28.46      6.49  0.        1734.523      -2634.767      -1717.618    0.000  -0.046   0.127   0.
  2017 352 19 35 32 505 352.816348443      -4.19    -28.39      6.49  0.        1737.536      -2635.200      -1714.777    0.000  -0.046   0.127   0.
  2017 352 19 35 33 505 352.816360017      -3.81    -28.25      6.52  0.        1740.549      -2635.630      -1711.934    0.000  -0.046   0.127   0.
  2017 352 19 35 34 505 352.816371591      -3.51    -28.04      6.59  0.        1743.559      -2636.058      -1709.090    0.000  -0.046   0.128   0.
  2017 352 19 35 35 505 352.816383165      -3.34    -27.79      6.74  0.        1746.568      -2636.483      -1706.244    0.000  -0.046   0.128   0.
  2017 352 19 35 36 505 352.816394740      -3.23    -27.46      6.92  0.        1749.576      -2636.906      -1703.397    0.000  -0.047   0.128   0.
  2017 352 19 35 37 505 352.816406314      -3.21    -27.06      7.16  0.        1752.581      -2637.327      -1700.548    0.000  -0.047   0.128   0.
  2017 352 19 35 38 505 352.816417888      -3.31    -26.66      7.53  0.        1755.585      -2637.744      -1697.698    0.000  -0.047   0.129   0.
  2017 352 19 35 39 505 352.816429462      -3.42    -26.23      7.87  0.        1758.588      -2638.160      -1694.846    0.000  -0.047   0.129   0.
  2017 352 19 35 40 505 352.816441036      -3.59    -25.74      8.26  0.        1761.589      -2638.574      -1691.992    0.000  -0.047   0.129   0.
  2017 352 19 35 41 505 352.816452610      -3.76    -25.30      8.64  0.        1764.588      -2638.984      -1689.137    0.000  -0.047   0.129   0.
  2017 352 19 35 42 505 352.816464184      -3.97    -24.78      9.02  0.        1767.586      -2639.393      -1686.280    0.000  -0.047   0.130   0.
  2017 352 19 35 43 505 352.816475758      -4.21    -24.20      9.48  0.        1770.582      -2639.799      -1683.422    0.000  -0.047   0.130   0.
  2017 352 19 35 44 505 352.816487332      -4.50    -23.65      9.94  0.        1773.576      -2640.202      -1680.562    0.000  -0.047   0.130   0.
  2017 352 19 35 45 505 352.816498906      -4.75    -23.01     10.35  0.        1776.569      -2640.603      -1677.701    0.000  -0.047   0.130   0.
  2017 352 19 35 46 505 352.816510480      -5.01    -22.32     10.73  0.        1779.560      -2641.002      -1674.838    0.000  -0.048   0.131   0.
  2017 352 19 35 47 505 352.816522054      -5.26    -21.60     11.12  0.        1782.549      -2641.398      -1671.973    0.000  -0.048   0.131   0.
  2017 352 19 35 48 505 352.816533626      -5.49    -20.90     11.47  0.        1785.537      -2641.792      -1669.107    0.000  -0.048   0.131   0.
  2017 352 19 35 49 505 352.816545200      -5.67    -20.10     11.81  0.        1788.523      -2642.183      -1666.240    0.000  -0.048   0.131   0.
  2017 352 19 35 50 505 352.816556774      -5.77    -19.32     12.08  0.        1791.508      -2642.572      -1663.371    0.000  -0.048   0.132   0.
  2017 352 19 35 51 505 352.816568348      -5.84    -18.56     12.29  0.        1794.491      -2642.958      -1660.500    0.000  -0.048   0.132   0.
  2017 352 19 35 52 505 352.816579922      -5.85    -17.69     12.45  0.        1797.472      -2643.342      -1657.628    0.000  -0.048   0.133   0.
  2017 352 19 35 53 505 352.816591496      -5.88    -16.85     12.66  0.        1800.452      -2643.724      -1654.754    0.000  -0.048   0.133   0.
  2017 352 19 35 54 505 352.816603070      -5.86    -15.97     12.80  0.        1803.429      -2644.103      -1651.879    0.000  -0.048   0.133   0.
  2017 352 19 35 55 505 352.816614644      -5.89    -15.11     12.94  0.        1806.405      -2644.480      -1649.002    0.000  -0.048   0.133   0.
  2017 352 19 35 56 505 352.816626218      -5.89    -14.24     13.06  0.        1809.380      -2644.854      -1646.124    0.000  -0.049   0.134   0.
  2017 352 19 35 57 505 352.816637792      -5.94    -13.32     13.18  0.        1812.353      -2645.226      -1643.245    0.000  -0.049   0.134   0.
  2017 352 19 35 58 505 352.816649366      -6.04    -12.41     13.33  0.        1815.324      -2645.595      -1640.363    0.000  -0.049   0.134   0.
  2017 352 19 35 59 505 352.816660940      -6.12    -11.54     13.40  0.        1818.294      -2645.962      -1637.481    0.000  -0.049   0.134   0.
  2017 352 19 36  0 505 352.816672514      -6.20    -10.69     13.35  0.        1821.262      -2646.327      -1634.596    0.000  -0.049   0.135   0.
  2017 352 19 36  1 505 352.816684089      -6.22     -9.83     13.30  0.        1824.228      -2646.689      -1631.711    0.000  -0.049   0.135   0.
  2017 352 19 36  2 505 352.816695663      -6.25     -8.97     13.23  0.        1827.193      -2647.049      -1628.823    0.000  -0.049   0.135   0.
  2017 352 19 36  3 505 352.816707237      -6.27     -8.11     13.14  0.        1830.156      -2647.406      -1625.935    0.000  -0.049   0.135   0.
  2017 352 19 36  4 505 352.816718811      -6.29     -7.29     13.02  0.        1833.117      -2647.761      -1623.044    0.000  -0.049   0.136   0.
  2017 352 19 36  5 505 352.816730385      -6.29     -6.48     12.87  0.        1836.077      -2648.113      -1620.153    0.000  -0.049   0.136   0.
  2017 352 19 36  6 505 352.816741959      -6.31     -5.68     12.73  0.        1839.035      -2648.463      -1617.259    0.000  -0.050   0.136   0.
  2017 352 19 36  7 505 352.816753533      -6.32     -4.91     12.54  0.        1841.991      -2648.811      -1614.365    0.000  -0.050   0.136   0.
  2017 352 19 36  8 505 352.816765107      -6.36     -4.20     12.28  0.        1844.946      -2649.156      -1611.469    0.000  -0.050   0.137   0.
  2017 352 19 36  9 505 352.816776681      -6.34     -3.48     11.98  0.        1847.898      -2649.499      -1608.571    0.000  -0.050   0.137   0.
  2017 352 19 36 10 505 352.816788255      -6.34     -2.80     11.61  0.        1850.850      -2649.839      -1605.672    0.000  -0.050   0.137   0.
  2017 352 19 36 11 505 352.816799829      -6.30     -2.11     11.17  0.        1853.799      -2650.177      -1602.771    0.000  -0.050   0.137   0.
  2017 352 19 36 12 505 352.816811403      -6.29     -1.43     10.76  0.        1856.747      -2650.513      -1599.869    0.000  -0.050   0.138   0.
  2017 352 19 36 13 505 352.816822977      -6.24     -0.76     10.28  0.        1859.693      -2650.846      -1596.966    0.000  -0.050   0.138   0.
  2017 352 19 36 14 505 352.816834552      -6.18     -0.08      9.82  0.        1862.637      -2651.177      -1594.061    0.000  -0.050   0.138   0.
  2017 352 19 36 15 505 352.816846126      -6.14      0.49      9.32  0.        1865.580      -2651.505      -1591.154    0.000  -0.050   0.138   0.
  2017 352 19 36 16 505 352.816857700      -6.10      1.08      8.86  0.        1868.521      -2651.831      -1588.246    0.000  -0.050   0.139   0.
  2017 352 19 36 17 505 352.816869273      -6.05      1.64      8.45  0.        1871.460      -2652.154      -1585.337    0.000  -0.050   0.139   0.
  2017 352 19 36 18 505 352.816880845      -6.03      2.19      8.05  0.        1874.398      -2652.475      -1582.426    0.000  -0.051   0.139   0.
  2017 352 19 36 19 505 352.816892419      -6.01      2.75      7.67  0.        1877.334      -2652.794      -1579.514    0.000  -0.051   0.139   0.
  2017 352 19 36 20 504 352.816903993      -5.93      3.38      7.28  0.        1880.268      -2653.110      -1576.601    0.000  -0.051   0.140   0.
  2017 352 19 36 21 504 352.816915567      -5.86      3.97      6.88  0.        1883.201      -2653.424      -1573.685    0.000  -0.051   0.140   0.
  2017 352 19 36 22 504 352.816927141      -5.73      4.55      6.42  0.        1886.131      -2653.735      -1570.769    0.000  -0.051   0.140   0.
  2017 352 19 36 23 504 352.816938715      -5.51      5.10      6.00  0.        1889.061      -2654.044      -1567.851    0.000  -0.051   0.140   0.
  2017 352 19 36 24 504 352.816950289      -3.35      4.65      4.03  0.        1891.988      -2654.351      -1564.932    0.000  -0.051   0.141   0.
  2017 352 19 36 25 505 352.816961863      -2.51      4.02      2.30  0.        1894.914      -2654.655      -1562.011    0.000  -0.051   0.141   0.
  2017 352 19 36 26 504 352.816973438      -4.81      5.78      2.46  0.        1897.837      -2654.957      -1559.089    0.000  -0.051   0.141   0.
  2017 352 19 36 27 504 352.816985012      -5.72      5.88      1.55  0.        1900.760      -2655.256      -1556.165    0.000  -0.051   0.141   0.
  2017 352 19 36 28 505 352.816996586      -6.51      5.81      0.69  0.        1903.680      -2655.553      -1553.240    0.000  -0.052   0.142   0.
  2017 352 19 36 29 505 352.817008160      -7.34      5.88      0.09  0.        1906.599      -2655.848      -1550.314    0.000  -0.052   0.142   0.
  2017 352 19 36 30 505 352.817019734      -8.02      6.23     -0.30  0.        1909.516      -2656.140      -1547.386    0.000  -0.052   0.143   0.
  2017 352 19 36 31 505 352.817031308      -8.34      6.82     -0.67  0.        1912.431      -2656.429      -1544.456    0.000  -0.052   0.143   0.
  2017 352 19 36 32 505 352.817042882      -8.18      7.47     -1.19  0.        1915.345      -2656.717      -1541.526    0.000  -0.052   0.143   0.
  2017 352 19 36 33 504 352.817054456      -7.87      7.85     -2.09  0.        1918.257      -2657.002      -1538.594    0.000  -0.052   0.143   0.
  2017 352 19 36 34 504 352.817066030      -7.72      7.97     -3.08  0.        1921.167      -2657.284      -1535.660    0.000  -0.052   0.143   0.
  2017 352 19 36 35 504 352.817077604      -7.74      7.99     -3.97  0.        1924.075      -2657.564      -1532.726    0.000  -0.052   0.143   0.
  2017 352 19 36 36 504 352.817089178      -7.85      8.02     -4.83  0.        1926.982      -2657.842      -1529.789    0.000  -0.052   0.144   0.
  2017 352 19 36 37 504 352.817100752      -8.16      8.00     -5.56  0.        1929.887      -2658.117      -1526.852    0.000  -0.052   0.144   0.
  2017 352 19 36 38 505 352.817112326      -8.55      8.06     -5.97  0.        1932.790      -2658.390      -1523.913    0.000  -0.053   0.145   0.
  2017 352 19 36 39 505 352.817123900      -8.75      8.32     -6.27  0.        1935.691      -2658.661      -1520.972    0.000  -0.053   0.145   0.
  2017 352 19 36 40 504 352.817135475      -8.71      8.84     -6.54  0.        1938.591      -2658.929      -1518.031    0.000  -0.053   0.145   0.
  2017 352 19 36 41 504 352.817147049      -8.44      9.38     -7.02  0.        1941.489      -2659.194      -1515.088    0.000  -0.053   0.145   0.
  2017 352 19 36 42 505 352.817158623      -8.10      9.95     -7.73  0.        1944.385      -2659.458      -1512.143    0.000  -0.053   0.146   0.
  2017 352 19 36 43 505 352.817170197      -7.66     10.42     -8.64  0.        1947.279      -2659.719      -1509.197    0.000  -0.053   0.146   0.
  2017 352 19 36 44 505 352.817181771      -7.20     10.77     -9.90  0.        1950.172      -2659.977      -1506.250    0.000  -0.053   0.146   0.
  2017 352 19 36 45 505 352.817193345      -6.91     10.82    -11.47  0.        1953.063      -2660.233      -1503.301    0.000  -0.053   0.146   0.
  2017 352 19 36 46 505 352.817204919      -6.94     10.67    -12.97  0.        1955.952      -2660.487      -1500.352    0.000  -0.053   0.147   0.
  2017 352 19 36 47 504 352.817216492      -7.19     10.33    -14.26  0.        1958.839      -2660.738      -1497.400    0.000  -0.053   0.147   0.
  2017 352 19 36 48 504 352.817228064      -7.41     10.05    -15.33  0.        1961.725      -2660.987      -1494.448    0.000  -0.054   0.147   0.
  2017 352 19 36 49 504 352.817239638      -7.54      9.80    -16.51  0.        1964.609      -2661.234      -1491.494    0.000  -0.054   0.147   0.
  2017 352 19 36 50 504 352.817251212      -7.71      9.57    -17.82  0.        1967.491      -2661.478      -1488.538    0.000  -0.054   0.148   0.
  2017 352 19 36 51 504 352.817262786      -8.14      9.18    -19.19  0.        1970.371      -2661.720      -1485.582    0.000  -0.054   0.148   0.
  2017 352 19 36 52 504 352.817274361      -8.70      8.77    -20.32  0.        1973.250      -2661.959      -1482.624    0.000  -0.054   0.148   0.
  2017 352 19 36 53 504 352.817285935      -9.19      8.38    -21.10  0.        1976.127      -2662.196      -1479.664    0.000  -0.054   0.148   0.
  2017 352 19 36 54 504 352.817297509      -9.43      8.12    -21.64  0.        1979.002      -2662.431      -1476.704    0.000  -0.054   0.149   0.
  2017 352 19 36 55 504 352.817309083      -9.40      7.97    -22.27  0.        1981.875      -2662.663      -1473.742    0.000  -0.054   0.149   0.
  2017 352 19 36 56 504 352.817320657      -9.28      7.89    -22.92  0.        1984.746      -2662.893      -1470.779    0.000  -0.054   0.149   0.
  2017 352 19 36 57 504 352.817332231      -9.02      7.90    -23.60  0.        1987.616      -2663.120      -1467.814    0.000  -0.054   0.149   0.
  2017 352 19 36 58 504 352.817343805      -8.73      7.86    -24.34  0.        1990.484      -2663.345      -1464.848    0.000  -0.054   0.150   0.
  2017 352 19 36 59 504 352.817355379      -8.34      7.82    -24.98  0.        1993.350      -2663.568      -1461.881    0.000  -0.054   0.150   0.
  2017 352 19 37  0 504 352.817366953      -7.86      7.88    -25.50  0.        1996.214      -2663.788      -1458.913    0.000  -0.055   0.150   0.
  2017 352 19 37  1 504 352.817378527      -7.31      7.96    -25.73  0.        1999.077      -2664.006      -1455.943    0.000  -0.055   0.150   0.
  2017 352 19 37  2 504 352.817390101      -6.61      8.19    -25.97  0.        2001.938      -2664.222      -1452.972    0.000  -0.055   0.151   0.
  2017 352 19 37  3 504 352.817401675      -5.90      8.42    -26.20  0.        2004.797      -2664.435      -1449.999    0.000  -0.055   0.151   0.
  2017 352 19 37  4 504 352.817413249      -5.12      8.66    -26.36  0.        2007.654      -2664.646      -1447.025    0.000  -0.055   0.151   0.
  2017 352 19 37  5 504 352.817424823      -4.27      8.91    -26.41  0.        2010.509      -2664.854      -1444.050    0.000  -0.055   0.151   0.
  2017 352 19 37  6 504 352.817436398      -3.26      9.24    -26.60  0.        2013.363      -2665.060      -1441.074    0.000  -0.055   0.152   0.
  2017 352 19 37  7 504 352.817447972      -2.22      9.67    -27.19  0.        2016.215      -2665.264      -1438.097    0.000  -0.055   0.152   0.
  2017 352 19 37  8 504 352.817459546      -1.37     10.02    -28.07  0.        2019.065      -2665.465      -1435.118    0.000  -0.055   0.152   0.
  2017 352 19 37  9 504 352.817471120      -0.66     10.30    -28.81  0.        2021.913      -2665.664      -1432.138    0.000  -0.055   0.152   0.
  2017 352 19 37 10 504 352.817482694       0.09     10.49    -29.28  0.        2024.760      -2665.860      -1429.156    0.000  -0.056   0.153   0.
  2017 352 19 37 11 504 352.817494268       0.80     10.64    -29.52  0.        2027.604      -2666.055      -1426.173    0.000  -0.056   0.153   0.
  2017 352 19 37 12 504 352.817505842       1.56     10.69    -29.66  0.        2030.447      -2666.246      -1423.189    0.000  -0.056   0.153   0.
  2017 352 19 37 13 504 352.817517416       2.24     10.85    -29.68  0.        2033.288      -2666.436      -1420.204    0.000  -0.056   0.153   0.
  2017 352 19 37 14 504 352.817528990       3.25     11.44    -29.60  0.        2036.127      -2666.623      -1417.218    0.000  -0.056   0.154   0.
  2017 352 19 37 15 504 352.817540564       4.36     11.62    -29.89  0.        2038.965      -2666.807      -1414.230    0.000  -0.056   0.154   0.
  2017 352 19 37 16 504 352.817552135       5.50     12.27    -30.38  0.        2041.800      -2666.990      -1411.241    0.000  -0.056   0.154   0.
  2017 352 19 37 17 504 352.817563710       6.61     10.06    -30.92  0.        2044.634      -2667.170      -1408.251    0.000  -0.056   0.154   0.
  2017 352 19 37 18 504 352.817575284       7.62     12.45    -32.19  0.        2047.466      -2667.347      -1405.259    0.000  -0.056   0.155   0.
  2017 352 19 37 19 504 352.817586858       8.81     13.27    -32.09  0.        2050.296      -2667.523      -1402.266    0.000  -0.056   0.155   0.
  2017 352 19 37 20 504 352.817598432      10.24     13.26    -31.20  0.        2053.124      -2667.695      -1399.272    0.000  -0.057   0.155   0.
  2017 352 19 37 21 504 352.817610006      11.45     13.21    -30.93  0.        2055.951      -2667.866      -1396.277    0.000  -0.057   0.155   0.
  2017 352 19 37 22 504 352.817621580      12.71     13.15    -31.01  0.        2058.776      -2668.034      -1393.281    0.000  -0.057   0.156   0.
  2017 352 19 37 23 504 352.817633154      13.83     13.06    -31.27  0.        2061.599      -2668.200      -1390.283    0.000  -0.057   0.156   0.
  2017 352 19 37 24 504 352.817644728      14.73     12.82    -31.66  0.        2064.420      -2668.363      -1387.284    0.000  -0.057   0.156   0.
  2017 352 19 37 25 504 352.817656302      15.49     12.41    -32.03  0.        2067.239      -2668.524      -1384.284    0.000  -0.057   0.156   0.
  2017 352 19 37 26 504 352.817667876      16.22     12.07    -32.29  0.        2070.056      -2668.683      -1381.283    0.000  -0.057   0.157   0.
  2017 352 19 37 27 504 352.817679450      16.88     11.84    -32.35  0.        2072.872      -2668.839      -1378.280    0.000  -0.057   0.157   0.
  2017 352 19 37 28 504 352.817691024      17.53     11.58    -32.34  0.        2075.686      -2668.993      -1375.276    0.000  -0.057   0.157   0.
  2017 352 19 37 29 504 352.817702598      18.18     11.25    -32.25  0.        2078.497      -2669.145      -1372.271    0.000  -0.057   0.157   0.
  2017 352 19 37 30 504 352.817714173      18.98     10.91    -32.16  0.        2081.308      -2669.294      -1369.265    0.000  -0.058   0.158   0.
  2017 352 19 37 31 504 352.817725747      19.80     10.51    -32.09  0.        2084.116      -2669.441      -1366.257    0.000  -0.058   0.158   0.
  2017 352 19 37 32 504 352.817737321      20.61     10.11    -32.09  0.        2086.922      -2669.585      -1363.249    0.000  -0.058   0.158   0.
  2017 352 19 37 33 504 352.817748895      21.39      9.73    -32.20  0.        2089.727      -2669.728      -1360.239    0.000  -0.058   0.158   0.
  2017 352 19 37 34 504 352.817760469      22.17      9.27    -32.32  0.        2092.529      -2669.867      -1357.228    0.000  -0.058   0.159   0.
  2017 352 19 37 35 504 352.817772043      22.86      8.83    -32.35  0.        2095.330      -2670.005      -1354.215    0.000  -0.058   0.159   0.
  2017 352 19 37 36 504 352.817783617      23.52      8.29    -32.33  0.        2098.129      -2670.140      -1351.202    0.000  -0.058   0.159   0.
  2017 352 19 37 37 504 352.817795191      24.14      7.84    -32.17  0.        2100.927      -2670.273      -1348.187    0.000  -0.058   0.159   0.
  2017 352 19 37 38 504 352.817806765      24.77      7.39    -32.07  0.        2103.722      -2670.403      -1345.171    0.000  -0.058   0.160   0.
  2017 352 19 37 39 504 352.817818339      25.45      6.93    -32.15  0.        2106.515      -2670.532      -1342.154    0.000  -0.058   0.160   0.
  2017 352 19 37 40 504 352.817829913      26.26      6.49    -32.55  0.        2109.307      -2670.657      -1339.136    0.000  -0.058   0.160   0.
  2017 352 19 37 41 504 352.817841487      27.02      6.14    -32.70  0.        2112.097      -2670.781      -1336.117    0.000  -0.058   0.160   0.
  2017 352 19 37 42 504 352.817853061      27.68      5.81    -32.66  0.        2114.885      -2670.902      -1333.096    0.000  -0.059   0.161   0.
  2017 352 19 37 43 504 352.817864635      28.36      5.43    -32.71  0.        2117.671      -2671.020      -1330.075    0.000  -0.059   0.161   0.
  2017 352 19 37 44 504 352.817876210      29.07      5.16    -32.74  0.        2120.455      -2671.137      -1327.052    0.000  -0.059   0.161   0.
  2017 352 19 37 45 504 352.817887784      29.68      4.82    -32.66  0.        2123.238      -2671.251      -1324.028    0.000  -0.059   0.161   0.
  2017 352 19 37 46 504 352.817899358      30.25      4.45    -32.68  0.        2126.018      -2671.363      -1321.002    0.000  -0.059   0.162   0.
  2017 352 19 37 47 504 352.817910931      30.79      4.13    -32.72  0.        2128.797      -2671.472      -1317.976    0.000  -0.059   0.162   0.
  2017 352 19 37 48 504 352.817922503      31.32      3.84    -32.74  0.        2131.574      -2671.579      -1314.949    0.000  -0.059   0.163   0.
  2017 352 19 37 49 504 352.817934077      31.84      3.51    -32.68  0.        2134.349      -2671.684      -1311.920    0.000  -0.059   0.163   0.
  2017 352 19 37 50 504 352.817945651      32.40      3.16    -32.48  0.        2137.122      -2671.786      -1308.890    0.000  -0.059   0.163   0.
  2017 352 19 37 51 504 352.817957225      33.01      2.71    -32.23  0.        2139.893      -2671.886      -1305.859    0.000  -0.059   0.163   0.
  2017 352 19 37 52 504 352.817968799      33.71      2.21    -32.04  0.        2142.662      -2671.984      -1302.827    0.000  -0.059   0.163   0.
  2017 352 19 37 53 504 352.817980373      34.38      1.72    -31.81  0.        2145.430      -2672.079      -1299.794    0.000  -0.059   0.163   0.
  2017 352 19 37 54 504 352.817991947      34.90      1.17    -31.50  0.        2148.195      -2672.172      -1296.760    0.000  -0.060   0.164   0.
  2017 352 19 37 55 504 352.818003521      35.39      0.69    -31.15  0.        2150.959      -2672.263      -1293.724    0.000  -0.060   0.164   0.
  2017 352 19 37 56 504 352.818015096      35.89      0.22    -30.80  0.        2153.721      -2672.352      -1290.687    0.000  -0.060   0.164   0.
  2017 352 19 37 57 504 352.818026670      36.33     -0.16    -30.33  0.        2156.481      -2672.438      -1287.650    0.000  -0.060   0.164   0.
  2017 352 19 37 58 504 352.818038244      36.75     -0.56    -29.81  0.        2159.239      -2672.521      -1284.611    0.000  -0.060   0.165   0.
  2017 352 19 37 59 504 352.818049818      37.08     -1.00    -29.29  0.        2161.995      -2672.603      -1281.571    0.000  -0.060   0.165   0.
  2017 352 19 38  0 504 352.818061392      37.48     -1.45    -28.78  0.        2164.750      -2672.682      -1278.530    0.000  -0.060   0.165   0.
  2017 352 19 38  1 504 352.818072966      37.91     -1.84    -28.28  0.        2167.502      -2672.759      -1275.488    0.000  -0.060   0.165   0.
  2017 352 19 38  2 504 352.818084540      38.41     -2.25    -27.78  0.        2170.253      -2672.833      -1272.444    0.000  -0.060   0.166   0.
  2017 352 19 38  3 504 352.818096114      38.79     -2.60    -27.25  0.        2173.001      -2672.905      -1269.400    0.000  -0.060   0.166   0.
  2017 352 19 38  4 504 352.818107688      39.24     -2.95    -26.69  0.        2175.748      -2672.975      -1266.354    0.000  -0.061   0.166   0.
  2017 352 19 38  5 504 352.818119262      39.64     -3.28    -26.11  0.        2178.493      -2673.043      -1263.308    0.000  -0.061   0.166   0.
  2017 352 19 38  6 504 352.818130836      40.04     -3.54    -25.55  0.        2181.236      -2673.108      -1260.260    0.000  -0.061   0.167   0.
  2017 352 19 38  7 504 352.818142410      40.45     -3.73    -24.89  0.        2183.977      -2673.171      -1257.211    0.000  -0.061   0.167   0.
  2017 352 19 38  8 504 352.818153984      40.84     -3.94    -24.27  0.        2186.717      -2673.231      -1254.161    0.000  -0.061   0.167   0.
  2017 352 19 38  9 504 352.818165558      41.16     -4.18    -23.71  0.        2189.454      -2673.289      -1251.110    0.000  -0.061   0.167   0.
  2017 352 19 38 10 504 352.818177133      41.42     -4.39    -23.23  0.        2192.189      -2673.345      -1248.058    0.000  -0.061   0.168   0.
  2017 352 19 38 11 504 352.818188707      41.85     -4.45    -22.83  0.        2194.923      -2673.399      -1245.005    0.000  -0.061   0.168   0.
  2017 352 19 38 12 504 352.818200281      42.26     -4.43    -22.33  0.        2197.655      -2673.450      -1241.951    0.000  -0.061   0.168   0.
  2017 352 19 38 13 504 352.818211855      42.66     -4.41    -21.75  0.        2200.385      -2673.499      -1238.896    0.000  -0.061   0.168   0.
  2017 352 19 38 14 504 352.818223429      42.98     -4.42    -21.17  0.        2203.112      -2673.546      -1235.839    0.000  -0.062   0.169   0.
  2017 352 19 38 15 504 352.818235002      43.14     -4.50    -20.69  0.        2205.838      -2673.590      -1232.782    0.000  -0.062   0.169   0.
  2017 352 19 38 16 503 352.818246574      43.33     -4.55    -20.29  0.        2208.562      -2673.632      -1229.724    0.000  -0.062   0.169   0.
  2017 352 19 38 17 503 352.818258148      43.57     -4.56    -19.76  0.        2211.285      -2673.672      -1226.664    0.000  -0.062   0.169   0.
  2017 352 19 38 18 503 352.818269722      43.85     -4.61    -19.27  0.        2214.005      -2673.710      -1223.603    0.000  -0.062   0.170   0.
  2017 352 19 38 19 503 352.818281296      44.22     -4.62    -18.81  0.        2216.723      -2673.745      -1220.542    0.000  -0.062   0.170   0.
  2017 352 19 38 20 504 352.818292870      44.55     -4.74    -18.45  0.        2219.440      -2673.778      -1217.479    0.000  -0.062   0.170   0.
  2017 352 19 38 21 504 352.818304444      44.72     -4.75    -18.04  0.        2222.154      -2673.808      -1214.415    0.000  -0.062   0.170   0.
  2017 352 19 38 22 503 352.818316019      44.75     -4.67    -17.53  0.        2224.867      -2673.837      -1211.350    0.000  -0.062   0.171   0.
  2017 352 19 38 23 503 352.818327593      44.81     -4.53    -16.91  0.        2227.578      -2673.863      -1208.285    0.000  -0.062   0.171   0.
  2017 352 19 38 24 504 352.818339167      45.00     -4.31    -16.32  0.        2230.287      -2673.886      -1205.218    0.000  -0.062   0.171   0.
  2017 352 19 38 25 504 352.818350741      45.27     -4.21    -15.70  0.        2232.994      -2673.908      -1202.150    0.000  -0.062   0.171   0.
  2017 352 19 38 26 504 352.818362315      45.50     -4.16    -15.06  0.        2235.698      -2673.927      -1199.081    0.000  -0.063   0.172   0.
  2017 352 19 38 27 504 352.818373889      45.62     -4.15    -14.43  0.        2238.402      -2673.944      -1196.011    0.000  -0.063   0.172   0.
  2017 352 19 38 28 504 352.818385463      45.60     -4.19    -13.78  0.        2241.103      -2673.958      -1192.940    0.000  -0.063   0.172   0.
  2017 352 19 38 29 503 352.818397037      45.58     -4.16    -13.22  0.        2243.802      -2673.970      -1189.868    0.000  -0.063   0.172   0.
  2017 352 19 38 30 503 352.818408611      45.59     -4.08    -12.67  0.        2246.499      -2673.980      -1186.795    0.000  -0.063   0.173   0.
  2017 352 19 38 31 503 352.818420185      45.70     -4.08    -12.11  0.        2249.195      -2673.988      -1183.721    0.000  -0.063   0.173   0.
  2017 352 19 38 32 503 352.818431759      45.84     -4.06    -11.47  0.        2251.888      -2673.993      -1180.646    0.000  -0.063   0.173   0.
  2017 352 19 38 33 503 352.818443333      46.00     -3.98    -10.89  0.        2254.580      -2673.997      -1177.570    0.000  -0.063   0.173   0.
  2017 352 19 38 34 504 352.818454907      46.11     -3.85    -10.21  0.        2257.270      -2673.997      -1174.493    0.000  -0.063   0.174   0.
  2017 352 19 38 35 504 352.818466481      46.13     -3.74     -9.54  0.        2259.957      -2673.996      -1171.415    0.000  -0.063   0.174   0.
  2017 352 19 38 36 503 352.818478056      46.13     -3.73     -8.85  0.        2262.643      -2673.992      -1168.336    0.000  -0.063   0.174   0.
  2017 352 19 38 37 503 352.818489630      46.00     -3.78     -8.13  0.        2265.327      -2673.986      -1165.256    0.000  -0.063   0.174   0.
  2017 352 19 38 38 504 352.818501204      45.83     -3.78     -7.54  0.        2268.009      -2673.978      -1162.175    0.000  -0.064   0.175   0.
  2017 352 19 38 39 504 352.818512778      45.61     -3.78     -7.09  0.        2270.689      -2673.967      -1159.093    0.000  -0.064   0.175   0.
  2017 352 19 38 40 504 352.818524352      45.34     -3.63     -6.73  0.        2273.367      -2673.954      -1156.010    0.000  -0.064   0.175   0.
  2017 352 19 38 41 504 352.818535926      45.16     -3.42     -6.45  0.        2276.043      -2673.939      -1152.926    0.000  -0.064   0.175   0.
  2017 352 19 38 42 504 352.818547500      45.05     -3.17     -6.17  0.        2278.717      -2673.922      -1149.841    0.000  -0.064   0.176   0.
  2017 352 19 38 43 503 352.818559074      45.05     -2.88     -5.98  0.        2281.389      -2673.902      -1146.755    0.000  -0.064   0.176   0.
  2017 352 19 38 44 503 352.818570648      45.17     -2.62     -5.86  0.        2284.060      -2673.880      -1143.668    0.000  -0.064   0.176   0.
  2017 352 19 38 45 503 352.818582221      45.13     -2.35     -5.76  0.        2286.728      -2673.856      -1140.580    0.000  -0.064   0.176   0.
  2017 352 19 38 46 503 352.818593793      44.98     -2.11     -5.55  0.        2289.395      -2673.829      -1137.491    0.000  -0.064   0.177   0.
  2017 352 19 38 47 503 352.818605367      44.82     -1.95     -5.19  0.        2292.059      -2673.801      -1134.401    0.000  -0.064   0.177   0.
  2017 352 19 38 48 503 352.818616942      44.98     -1.93     -4.73  0.        2294.722      -2673.769      -1131.310    0.000  -0.065   0.177   0.
  2017 352 19 38 49 503 352.818628516      45.18     -1.84     -4.55  0.        2297.382      -2673.736      -1128.219    0.000  -0.065   0.177   0.
  2017 352 19 38 50 503 352.818640090      45.19     -1.57     -4.41  0.        2300.041      -2673.701      -1125.126    0.000  -0.065   0.178   0.
  2017 352 19 38 51 503 352.818651664      45.15     -1.29     -4.20  0.        2302.697      -2673.663      -1122.032    0.000  -0.065   0.178   0.
  2017 352 19 38 52 503 352.818663238      45.13     -1.11     -3.93  0.        2305.352      -2673.623      -1118.938    0.000  -0.065   0.178   0.
  2017 352 19 38 53 503 352.818674812      45.12     -0.98     -3.55  0.        2308.005      -2673.580      -1115.842    0.000  -0.065   0.178   0.
  2017 352 19 38 54 503 352.818686386      45.02     -0.93     -3.25  0.        2310.656      -2673.536      -1112.746    0.000  -0.065   0.179   0.
  2017 352 19 38 55 503 352.818697960      44.79     -0.83     -2.94  0.        2313.305      -2673.489      -1109.648    0.000  -0.065   0.179   0.
  2017 352 19 38 56 503 352.818709534      44.46     -0.73     -2.68  0.        2315.952      -2673.440      -1106.550    0.000  -0.065   0.179   0.
  2017 352 19 38 57 503 352.818721108      44.17     -0.61     -2.42  0.        2318.597      -2673.389      -1103.451    0.000  -0.065   0.179   0.
  2017 352 19 38 58 503 352.818732682      43.90     -0.54     -2.13  0.        2321.240      -2673.335      -1100.350    0.000  -0.065   0.180   0.
  2017 352 19 38 59 503 352.818744256      43.64     -0.45     -1.81  0.        2323.881      -2673.279      -1097.249    0.000  -0.065   0.180   0.
  2017 352 19 39  0 503 352.818755830      43.34     -0.38     -1.50  0.        2326.520      -2673.221      -1094.147    0.000  -0.066   0.180   0.
  2017 352 19 39  1 503 352.818767405      43.04     -0.31     -1.22  0.        2329.158      -2673.161      -1091.044    0.000  -0.066   0.180   0.
  2017 352 19 39  2 503 352.818778979      42.81     -0.22     -0.97  0.        2331.793      -2673.098      -1087.940    0.000  -0.066   0.181   0.
  2017 352 19 39  3 503 352.818790553      42.68     -0.12     -0.69  0.        2334.426      -2673.033      -1084.835    0.000  -0.066   0.181   0.
  2017 352 19 39  4 503 352.818802127      42.52     -0.03     -0.35  0.        2337.057      -2672.966      -1081.730    0.000  -0.066   0.181   0.
  2017 352 19 39  5 503 352.818813701      42.29      0.06      0.02  0.        2339.687      -2672.897      -1078.623    0.000  -0.066   0.181   0.
  2017 352 19 39  6 503 352.818825275      41.99      0.13      0.36  0.        2342.314      -2672.825      -1075.515    0.000  -0.066   0.182   0.
  2017 352 19 39  7 503 352.818836849      41.69      0.21      0.66  0.        2344.940      -2672.751      -1072.407    0.000  -0.066   0.182   0.
  2017 352 19 39  8 503 352.818848423      41.42      0.37      1.00  0.        2347.563      -2672.675      -1069.298    0.000  -0.066   0.182   0.
  2017 352 19 39  9 503 352.818859997      41.16      0.48      1.33  0.        2350.185      -2672.597      -1066.187    0.000  -0.066   0.182   0.
  2017 352 19 39 10 503 352.818871571      40.93      0.56      1.61  0.        2352.804      -2672.516      -1063.076    0.000  -0.066   0.182   0.
  2017 352 19 39 11 503 352.818883145      40.74      0.70      1.88  0.        2355.422      -2672.434      -1059.964    0.000  -0.066   0.182   0.
  2017 352 19 39 12 503 352.818894719      40.54      0.87      2.22  0.        2358.037      -2672.349      -1056.851    0.000  -0.067   0.183   0.
  2017 352 19 39 13 503 352.818906293      40.40      0.99      2.51  0.        2360.651      -2672.261      -1053.738    0.000  -0.067   0.183   0.
  2017 352 19 39 14 503 352.818917867      40.20      1.14      2.89  0.        2363.263      -2672.172      -1050.623    0.000  -0.067   0.183   0.
  2017 352 19 39 15 503 352.818929441      40.01      1.31      3.17  0.        2365.872      -2672.080      -1047.507    0.000  -0.067   0.183   0.
  2017 352 19 39 16 503 352.818941013      39.81      1.44      3.47  0.        2368.480      -2671.986      -1044.391    0.000  -0.067   0.184   0.
  2017 352 19 39 17 503 352.818952587      39.56      1.58      3.79  0.        2371.086      -2671.890      -1041.274    0.000  -0.067   0.184   0.
  2017 352 19 39 18 503 352.818964161      39.21      1.73      4.14  0.        2373.689      -2671.792      -1038.156    0.000  -0.067   0.184   0.
  2017 352 19 39 19 503 352.818975735      38.91      1.84      4.39  0.        2376.291      -2671.691      -1035.037    0.000  -0.067   0.184   0.
  2017 352 19 39 20 503 352.818987309      38.64      1.95      4.65  0.        2378.891      -2671.588      -1031.917    0.000  -0.067   0.185   0.
  2017 352 19 39 21 503 352.818998883      38.39      2.08      4.95  0.        2381.489      -2671.483      -1028.796    0.000  -0.067   0.185   0.
  2017 352 19 39 22 503 352.819010457      38.17      2.20      5.23  0.        2384.085      -2671.376      -1025.674    0.000  -0.067   0.185   0.
  2017 352 19 39 23 503 352.819022031      37.93      2.30      5.42  0.        2386.678      -2671.267      -1022.552    0.000  -0.067   0.185   0.
  2017 352 19 39 24 503 352.819033605      37.69      2.41      5.58  0.        2389.270      -2671.155      -1019.429    0.000  -0.068   0.186   0.
  2017 352 19 39 25 503 352.819045179      37.32      2.56      5.82  0.        2391.860      -2671.041      -1016.305    0.000  -0.068   0.186   0.
  2017 352 19 39 26 503 352.819056754      36.96      2.69      6.03  0.        2394.448      -2670.925      -1013.180    0.000  -0.068   0.186   0.
  2017 352 19 39 27 503 352.819068328      36.60      2.84      6.22  0.        2397.034      -2670.806      -1010.054    0.000  -0.068   0.186   0.
  2017 352 19 39 28 503 352.819079902      36.31      3.01      6.43  0.        2399.618      -2670.686      -1006.927    0.000  -0.068   0.187   0.
  2017 352 19 39 29 503 352.819091476      36.01      3.16      6.67  0.        2402.200      -2670.563      -1003.800    0.000  -0.068   0.187   0.
  2017 352 19 39 30 503 352.819103050      35.70      3.23      6.88  0.        2404.780      -2670.438      -1000.671    0.000  -0.068   0.187   0.
  2017 352 19 39 31 503 352.819114624      35.39      3.36      7.17  0.        2407.358      -2670.311       -997.542    0.000  -0.068   0.187   0.
  2017 352 19 39 32 503 352.819126198      35.09      3.46      7.34  0.        2409.934      -2670.181       -994.412    0.000  -0.068   0.188   0.
  2017 352 19 39 33 503 352.819137772      34.76      3.58      7.53  0.        2412.508      -2670.050       -991.282    0.000  -0.068   0.188   0.
  2017 352 19 39 34 503 352.819149346      34.46      3.64      7.67  0.        2415.080      -2669.916       -988.150    0.000  -0.068   0.188   0.
  2017 352 19 39 35 503 352.819160920      34.12      3.67      7.78  0.        2417.650      -2669.780       -985.018    0.000  -0.068   0.188   0.
  2017 352 19 39 36 503 352.819172494      33.82      3.74      7.87  0.        2420.218      -2669.642       -981.884    0.000  -0.069   0.189   0.
  2017 352 19 39 37 503 352.819184068      33.50      3.83      7.95  0.        2422.784      -2669.501       -978.750    0.000  -0.069   0.189   0.
  2017 352 19 39 38 503 352.819195642      33.17      3.93      8.04  0.        2425.348      -2669.359       -975.616    0.000  -0.069   0.189   0.
  2017 352 19 39 39 503 352.819207216      32.85      3.99      8.13  0.        2427.910      -2669.214       -972.480    0.000  -0.069   0.189   0.
  2017 352 19 39 40 503 352.819218790      32.48      4.05      8.21  0.        2430.470      -2669.067       -969.343    0.000  -0.069   0.190   0.
  2017 352 19 39 41 503 352.819230365      32.09      4.07      8.24  0.        2433.028      -2668.918       -966.206    0.000  -0.069   0.190   0.
  2017 352 19 39 42 503 352.819241939      31.71      4.10      8.26  0.        2435.584      -2668.766       -963.068    0.000  -0.069   0.190   0.
  2017 352 19 39 43 503 352.819253513      31.28      4.14      8.30  0.        2438.138      -2668.613       -959.929    0.000  -0.069   0.190   0.
  2017 352 19 39 44 503 352.819265087      30.96      4.13      8.15  0.        2440.690      -2668.457       -956.790    0.000  -0.069   0.190   0.
  2017 352 19 39 45 503 352.819276660      30.66      4.13      8.00  0.        2443.240      -2668.299       -953.649    0.000  -0.069   0.190   0.
  2017 352 19 39 46 503 352.819288232      30.37      4.18      7.93  0.        2445.788      -2668.139       -950.508    0.000  -0.070   0.191   0.
  2017 352 19 39 47 503 352.819299806      30.07      4.22      7.93  0.        2448.335      -2667.977       -947.366    0.000  -0.070   0.191   0.
  2017 352 19 39 48 503 352.819311380      29.77      4.28      7.91  0.        2450.879      -2667.812       -944.224    0.000  -0.070   0.191   0.
  2017 352 19 39 49 503 352.819322954      29.54      4.31      7.82  0.        2453.421      -2667.645       -941.080    0.000  -0.070   0.191   0.
  2017 352 19 39 50 503 352.819334528      29.33      4.38      7.74  0.        2455.961      -2667.477       -937.936    0.000  -0.070   0.192   0.
  2017 352 19 39 51 503 352.819346102      29.18      4.42      7.56  0.        2458.499      -2667.306       -934.791    0.000  -0.070   0.192   0.
  2017 352 19 39 52 503 352.819357677      28.98      4.48      7.50  0.        2461.035      -2667.132       -931.645    0.000  -0.070   0.192   0.
  2017 352 19 39 53 503 352.819369251      28.77      4.49      7.42  0.        2463.569      -2666.957       -928.499    0.000  -0.070   0.192   0.
  2017 352 19 39 54 503 352.819380825      28.54      4.56      7.37  0.        2466.101      -2666.779       -925.352    0.000  -0.070   0.193   0.
  2017 352 19 39 55 503 352.819392399      28.34      4.53      7.31  0.        2468.631      -2666.600       -922.203    0.000  -0.070   0.193   0.
  2017 352 19 39 56 503 352.819403973      28.15      4.51      7.24  0.        2471.158      -2666.418       -919.055    0.000  -0.070   0.193   0.
  2017 352 19 39 57 503 352.819415547      27.96      4.53      7.16  0.        2473.685      -2666.234       -915.905    0.000  -0.070   0.193   0.
  2017 352 19 39 58 503 352.819427121      27.78      4.55      7.04  0.        2476.209      -2666.047       -912.755    0.000  -0.071   0.194   0.
  2017 352 19 39 59 503 352.819438695      27.62      4.56      6.96  0.        2478.730      -2665.859       -909.604    0.000  -0.071   0.194   0.
  2017 352 19 40  0 503 352.819450269      27.44      4.56      6.88  0.        2481.250      -2665.668       -906.452    0.000  -0.071   0.194   0.
  2017 352 19 40  1 503 352.819461843      27.23      4.63      6.85  0.        2483.768      -2665.476       -903.300    0.000  -0.071   0.194   0.
  2017 352 19 40  2 503 352.819473417      27.05      4.62      6.82  0.        2486.284      -2665.281       -900.146    0.000  -0.071   0.195   0.
  2017 352 19 40  3 503 352.819484991      26.83      4.63      6.76  0.        2488.798      -2665.084       -896.992    0.000  -0.071   0.195   0.
  2017 352 19 40  4 503 352.819496565      26.64      4.67      6.70  0.        2491.310      -2664.884       -893.838    0.000  -0.071   0.195   0.
  2017 352 19 40  5 503 352.819508139      26.46      4.71      6.64  0.        2493.820      -2664.683       -890.682    0.000  -0.071   0.195   0.
  2017 352 19 40  6 503 352.819519714      26.27      4.74      6.62  0.        2496.327      -2664.479       -887.526    0.000  -0.071   0.196   0.
  2017 352 19 40  7 503 352.819531288      26.14      4.74      6.55  0.        2498.833      -2664.274       -884.370    0.000  -0.071   0.196   0.
  2017 352 19 40  8 503 352.819542862      25.96      4.76      6.50  0.        2501.337      -2664.066       -881.212    0.000  -0.071   0.196   0.
  2017 352 19 40  9 503 352.819554436      25.80      4.81      6.38  0.        2503.839      -2663.856       -878.054    0.000  -0.071   0.196   0.
  2017 352 19 40 10 503 352.819566010      25.66      4.83      6.23  0.        2506.339      -2663.644       -874.895    0.000  -0.071   0.196   0.
  2017 352 19 40 11 503 352.819577584      25.55      4.96      6.12  0.        2508.836      -2663.429       -871.735    0.000  -0.071   0.196   0.
  2017 352 19 40 12 503 352.819589158      25.44      5.01      6.04  0.        2511.332      -2663.213       -868.575    0.000  -0.072   0.197   0.
  2017 352 19 40 13 502 352.819600731      25.35      5.11      5.98  0.        2513.826      -2662.994       -865.414    0.000  -0.072   0.197   0.
  2017 352 19 40 14 502 352.819612303      25.25      5.17      5.91  0.        2516.317      -2662.774       -862.252    0.000  -0.072   0.197   0.
  2017 352 19 40 15 502 352.819623877      25.16      5.31      5.85  0.        2518.807      -2662.550       -859.089    0.000  -0.072   0.197   0.
  2017 352 19 40 16 503 352.819635451      25.07      5.44      5.83  0.        2521.294      -2662.326       -855.926    0.000  -0.072   0.198   0.
  2017 352 19 40 17 503 352.819647025      24.98      5.56      5.81  0.        2523.780      -2662.099       -852.763    0.000  -0.072   0.198   0.
  2017 352 19 40 18 502 352.819658600      24.90      5.72      5.84  0.        2526.264      -2661.869       -849.598    0.000  -0.072   0.198   0.
  2017 352 19 40 19 502 352.819670174      24.83      5.82      5.86  0.        2528.745      -2661.638       -846.433    0.000  -0.072   0.198   0.
  2017 352 19 40 20 503 352.819681748      24.72      5.98      5.97  0.        2531.225      -2661.404       -843.267    0.000  -0.072   0.199   0.
  2017 352 19 40 21 503 352.819693322      24.68      6.13      6.01  0.        2533.702      -2661.168       -840.100    0.000  -0.072   0.199   0.
  2017 352 19 40 22 503 352.819704896      24.61      6.31      6.10  0.        2536.177      -2660.931       -836.933    0.000  -0.073   0.199   0.
  2017 352 19 40 23 503 352.819716470      24.54      6.52      6.19  0.        2538.651      -2660.691       -833.766    0.000  -0.073   0.199   0.
  2017 352 19 40 24 503 352.819728044      24.47      6.73      6.33  0.        2541.122      -2660.449       -830.597    0.000  -0.073   0.200   0.
  2017 352 19 40 25 502 352.819739618      24.45      6.97      6.39  0.        2543.591      -2660.204       -827.428    0.000  -0.073   0.200   0.
  2017 352 19 40 26 502 352.819751192      24.42      7.24      6.49  0.        2546.059      -2659.958       -824.258    0.000  -0.073   0.200   0.
  2017 352 19 40 27 502 352.819762766      24.39      7.46      6.55  0.        2548.524      -2659.709       -821.087    0.000  -0.073   0.200   0.
  2017 352 19 40 28 502 352.819774340      24.32      7.75      6.60  0.        2550.987      -2659.459       -817.916    0.000  -0.073   0.201   0.
  2017 352 19 40 29 503 352.819785914      24.29      7.94      6.58  0.        2553.448      -2659.206       -814.744    0.000  -0.073   0.201   0.
  2017 352 19 40 30 503 352.819797488      24.21      8.22      6.62  0.        2555.908      -2658.951       -811.572    0.000  -0.073   0.201   0.
  2017 352 19 40 31 502 352.819809062      24.12      8.52      6.66  0.        2558.365      -2658.694       -808.399    0.000  -0.073   0.201   0.
  2017 352 19 40 32 502 352.819820637      24.02      8.74      6.69  0.        2560.820      -2658.435       -805.225    0.000  -0.073   0.202   0.
  2017 352 19 40 33 502 352.819832211      23.92      8.98      6.72  0.        2563.273      -2658.174       -802.050    0.000  -0.073   0.202   0.
  2017 352 19 40 34 503 352.819843785      23.83      9.19      6.72  0.        2565.724      -2657.911       -798.875    0.000  -0.074   0.202   0.
  2017 352 19 40 35 503 352.819855359      23.71      9.36      6.77  0.        2568.173      -2657.645       -795.700    0.000  -0.074   0.202   0.
  2017 352 19 40 36 503 352.819866933      23.64      9.53      6.73  0.        2570.620      -2657.378       -792.524    0.000  -0.074   0.202   0.
  2017 352 19 40 37 503 352.819878507      23.55      9.68      6.69  0.        2573.065      -2657.108       -789.347    0.000  -0.074   0.202   0.
  2017 352 19 40 38 502 352.819890081      23.45      9.86      6.66  0.        2575.507      -2656.836       -786.169    0.000  -0.074   0.203   0.
  2017 352 19 40 39 502 352.819901655      23.39     10.03      6.58  0.        2577.948      -2656.562       -782.991    0.000  -0.074   0.203   0.
  2017 352 19 40 40 502 352.819913229      23.30     10.23      6.50  0.        2580.387      -2656.286       -779.812    0.000  -0.074   0.203   0.
  2017 352 19 40 41 502 352.819924803      23.19     10.45      6.43  0.        2582.824      -2656.008       -776.633    0.000  -0.074   0.203   0.
  2017 352 19 40 42 502 352.819936377      23.13     10.64      6.34  0.        2585.258      -2655.728       -773.453    0.000  -0.074   0.204   0.
  2017 352 19 40 43 503 352.819947951      23.00     10.83      6.29  0.        2587.691      -2655.446       -770.272    0.000  -0.074   0.204   0.
  2017 352 19 40 44 502 352.819959523      22.95     11.04      6.23  0.        2590.121      -2655.162       -767.091    0.000  -0.074   0.204   0.
  2017 352 19 40 45 502 352.819971097      22.83     11.24      6.18  0.        2592.550      -2654.875       -763.909    0.000  -0.074   0.204   0.
  2017 352 19 40 46 502 352.819982671      22.75     11.41      6.15  0.        2594.976      -2654.586       -760.727    0.000  -0.075   0.205   0.
  2017 352 19 40 47 502 352.819994245      22.63     11.65      6.11  0.        2597.401      -2654.296       -757.544    0.000  -0.075   0.205   0.
  2017 352 19 40 48 502 352.820005819      22.52     11.81      6.03  0.        2599.823      -2654.003       -754.360    0.000  -0.075   0.205   0.
  2017 352 19 40 49 502 352.820017393      22.40     12.04      5.99  0.        2602.243      -2653.708       -751.176    0.000  -0.075   0.205   0.
  2017 352 19 40 50 502 352.820028967      22.25     12.27      5.96  0.        2604.662      -2653.411       -747.991    0.000  -0.075   0.206   0.
  2017 352 19 40 51 502 352.820040541      22.04     12.61      6.10  0.        2607.078      -2653.112       -744.806    0.000  -0.075   0.206   0.
  2017 352 19 40 52 502 352.820052115      21.87     12.90      6.18  0.        2609.492      -2652.811       -741.620    0.000  -0.075   0.206   0.
  2017 352 19 40 53 502 352.820063689      21.68     13.23      6.32  0.        2611.904      -2652.508       -738.433    0.000  -0.075   0.206   0.
  2017 352 19 40 54 502 352.820075263      21.54     13.47      6.23  0.        2614.314      -2652.203       -735.246    0.000  -0.075   0.206   0.
  2017 352 19 40 55 502 352.820086837      21.36     13.34      5.81  0.        2616.722      -2651.895       -732.058    0.000  -0.075   0.206   0.
  2017 352 19 40 56 502 352.820098411      21.26     12.81      4.88  0.        2619.128      -2651.586       -728.870    0.000  -0.075   0.207   0.
  2017 352 19 40 57 502 352.820109986      21.39     12.47      4.30  0.        2621.532      -2651.275       -725.681    0.000  -0.075   0.207   0.
  2017 352 19 40 58 502 352.820121560      21.58     12.33      3.96  0.        2623.934      -2650.961       -722.492    0.000  -0.075   0.207   0.
  2017 352 19 40 59 502 352.820133134      21.76     12.27      3.68  0.        2626.334      -2650.645       -719.302    0.000  -0.075   0.207   0.
  2017 352 19 41  0 502 352.820144708      21.86     12.26      3.59  0.        2628.732      -2650.328       -716.111    0.000  -0.076   0.208   0.
  2017 352 19 41  1 502 352.820156282      22.03     12.21      3.68  0.        2631.127      -2650.008       -712.920    0.000  -0.076   0.208   0.
  2017 352 19 41  2 502 352.820167856      22.11     12.26      3.66  0.        2633.521      -2649.686       -709.728    0.000  -0.076   0.208   0.
  2017 352 19 41  3 502 352.820179430      22.05     12.30      3.67  0.        2635.913      -2649.362       -706.536    0.000  -0.076   0.208   0.
  2017 352 19 41  4 502 352.820191004      22.15     12.09      3.64  0.        2638.302      -2649.036       -703.343    0.000  -0.076   0.209   0.
  2017 352 19 41  5 502 352.820202578      22.44     11.64      3.79  0.        2640.690      -2648.708       -700.150    0.000  -0.076   0.209   0.
  2017 352 19 41  6 502 352.820214152      22.70     11.04      4.02  0.        2643.075      -2648.378       -696.956    0.000  -0.076   0.209   0.
  2017 352 19 41  7 502 352.820225726      22.76     10.72      4.24  0.        2645.459      -2648.046       -693.762    0.000  -0.076   0.209   0.
  2017 352 19 41  8 502 352.820237300      22.61     10.02      4.44  0.        2647.840      -2647.711       -690.567    0.000  -0.076   0.209   0.
  2017 352 19 41  9 502 352.820248874      22.25     10.07      4.49  0.        2650.219      -2647.375       -687.372    0.000  -0.076   0.209   0.
  2017 352 19 41 10 502 352.820260448      22.06     10.20      4.50  0.        2652.596      -2647.037       -684.176    0.000  -0.076   0.210   0.
  2017 352 19 41 11 502 352.820272023      21.70     10.57      4.44  0.        2654.972      -2646.696       -680.979    0.000  -0.076   0.210   0.
  2017 352 19 41 12 502 352.820283597      21.32     10.93      4.40  0.        2657.345      -2646.354       -677.782    0.000  -0.077   0.210   0.
  2017 352 19 41 13 502 352.820295171      21.12     11.08      4.34  0.        2659.716      -2646.010       -674.584    0.000  -0.077   0.210   0.
  2017 352 19 41 14 502 352.820306745      21.03     11.16      4.29  0.        2662.085      -2645.663       -671.386    0.000  -0.077   0.211   0.
  2017 352 19 41 15 502 352.820318318      21.01     11.16      4.17  0.        2664.451      -2645.314       -668.188    0.000  -0.077   0.211   0.
  2017 352 19 41 16 502 352.820329890      20.99     11.32      4.08  0.        2666.816      -2644.964       -664.989    0.000  -0.077   0.211   0.
  2017 352 19 41 17 502 352.820341464      21.07     11.35      3.96  0.        2669.179      -2644.611       -661.789    0.000  -0.077   0.211   0.
  2017 352 19 41 18 502 352.820353038      21.24     11.28      3.81  0.        2671.540      -2644.256       -658.589    0.000  -0.077   0.212   0.
  2017 352 19 41 19 502 352.820364612      21.45     11.04      3.68  0.        2673.898      -2643.899       -655.388    0.000  -0.077   0.212   0.
  2017 352 19 41 20 502 352.820376186      21.64     10.82      3.52  0.        2676.255      -2643.541       -652.187    0.000  -0.077   0.212   0.
  2017 352 19 41 21 502 352.820387760      21.77     10.55      3.49  0.        2678.610      -2643.180       -648.986    0.000  -0.077   0.212   0.
  2017 352 19 41 22 502 352.820399334      21.98     10.30      3.41  0.        2680.962      -2642.817       -645.783    0.000  -0.077   0.212   0.
  2017 352 19 41 23 502 352.820410909      22.21     10.20      3.38  0.        2683.312      -2642.452       -642.581    0.000  -0.077   0.212   0.
  2017 352 19 41 24 502 352.820422483      22.57     10.02      3.31  0.        2685.661      -2642.085       -639.378    0.000  -0.078   0.213   0.
  2017 352 19 41 25 502 352.820434057      22.86      9.83      3.24  0.        2688.007      -2641.716       -636.174    0.000  -0.078   0.213   0.
  2017 352 19 41 26 502 352.820445631      23.09      9.47      3.17  0.        2690.351      -2641.345       -632.970    0.000  -0.078   0.213   0.
  2017 352 19 41 27 502 352.820457205      23.28      9.34      3.15  0.        2692.693      -2640.972       -629.765    0.000  -0.078   0.213   0.
  2017 352 19 41 28 502 352.820468779      23.39      9.31      3.18  0.        2695.033      -2640.597       -626.560    0.000  -0.078   0.214   0.
  2017 352 19 41 29 502 352.820480353      23.56      9.34      3.22  0.        2697.371      -2640.220       -623.355    0.000  -0.078   0.214   0.
  2017 352 19 41 30 502 352.820491927      23.69      9.41      3.27  0.        2699.707      -2639.841       -620.149    0.000  -0.078   0.214   0.
  2017 352 19 41 31 502 352.820503501      23.79      9.45      3.25  0.        2702.041      -2639.460       -616.942    0.000  -0.078   0.214   0.
  2017 352 19 41 32 502 352.820515075      23.93      9.45      3.22  0.        2704.373      -2639.076       -613.735    0.000  -0.078   0.215   0.
  2017 352 19 41 33 502 352.820526649      23.97      9.47      3.23  0.        2706.703      -2638.691       -610.528    0.000  -0.078   0.215   0.
  2017 352 19 41 34 502 352.820538223      24.07      9.50      3.18  0.        2709.030      -2638.304       -607.320    0.000  -0.078   0.215   0.
  2017 352 19 41 35 502 352.820549798      24.24      9.50      3.11  0.        2711.356      -2637.915       -604.112    0.000  -0.078   0.215   0.
  2017 352 19 41 36 502 352.820561371      24.39      9.50      3.12  0.        2713.679      -2637.524       -600.903    0.000  -0.078   0.215   0.
  2017 352 19 41 37 502 352.820572946      24.53      9.47      3.17  0.        2716.001      -2637.130       -597.694    0.000  -0.078   0.215   0.
  2017 352 19 41 38 502 352.820584520      24.65      9.41      3.27  0.        2718.320      -2636.735       -594.484    0.000  -0.079   0.216   0.
  2017 352 19 41 39 502 352.820596094      24.79      9.31      3.36  0.        2720.637      -2636.338       -591.274    0.000  -0.079   0.216   0.
  2017 352 19 41 40 502 352.820607668      24.91      9.25      3.51  0.        2722.953      -2635.939       -588.063    0.000  -0.079   0.216   0.
  2017 352 19 41 41 502 352.820619242      24.98      9.23      3.68  0.        2725.266      -2635.537       -584.852    0.000  -0.079   0.216   0.
  2017 352 19 41 42 502 352.820630816      25.09      9.09      3.81  0.        2727.577      -2635.134       -581.641    0.000  -0.079   0.217   0.
  2017 352 19 41 43 502 352.820642389      25.21      8.98      3.94  0.        2729.886      -2634.729       -578.429    0.000  -0.079   0.217   0.
  2017 352 19 41 44 502 352.820653961      25.27      8.96      4.08  0.        2732.193      -2634.322       -575.216    0.000  -0.079   0.217   0.
  2017 352 19 41 45 502 352.820665535      25.38      8.94      4.24  0.        2734.498      -2633.912       -572.003    0.000  -0.079   0.217   0.
  2017 352 19 41 46 502 352.820677109      25.52      8.93      4.35  0.        2736.800      -2633.501       -568.790    0.000  -0.079   0.218   0.
  2017 352 19 41 47 502 352.820688683      25.58      8.94      4.57  0.        2739.101      -2633.088       -565.577    0.000  -0.079   0.218   0.
  2017 352 19 41 48 502 352.820700258      25.62      8.93      4.75  0.        2741.400      -2632.673       -562.362    0.000  -0.080   0.218   0.
  2017 352 19 41 49 502 352.820711832      25.65      8.96      4.88  0.        2743.696      -2632.255       -559.148    0.000  -0.080   0.218   0.
  2017 352 19 41 50 502 352.820723406      25.66      9.00      5.01  0.        2745.991      -2631.836       -555.933    0.000  -0.080   0.219   0.
  2017 352 19 41 51 502 352.820734980      25.66      9.05      5.14  0.        2748.283      -2631.415       -552.718    0.000  -0.080   0.219   0.
  2017 352 19 41 52 502 352.820746554      25.65      9.09      5.32  0.        2750.574      -2630.992       -549.502    0.000  -0.080   0.219   0.
  2017 352 19 41 53 502 352.820758128      25.74      9.08      5.38  0.        2752.862      -2630.566       -546.286    0.000  -0.080   0.219   0.
  2017 352 19 41 54 502 352.820769702      25.79      9.11      5.48  0.        2755.148      -2630.139       -543.069    0.000  -0.080   0.219   0.
  2017 352 19 41 55 502 352.820781276      25.85      9.15      5.56  0.        2757.432      -2629.710       -539.852    0.000  -0.080   0.219   0.
  2017 352 19 41 56 502 352.820792850      25.92      9.22      5.68  0.        2759.714      -2629.279       -536.635    0.000  -0.080   0.220   0.
  2017 352 19 41 57 502 352.820804424      25.98      9.31      5.84  0.        2761.994      -2628.846       -533.417    0.000  -0.080   0.220   0.
  2017 352 19 41 58 502 352.820815998      26.10      9.34      5.97  0.        2764.272      -2628.411       -530.199    0.000  -0.080   0.220   0.
  2017 352 19 41 59 502 352.820827572      26.17      9.35      6.09  0.        2766.548      -2627.974       -526.980    0.000  -0.080   0.220   0.
  2017 352 19 42  0 502 352.820839146      26.20      9.35      6.19  0.        2768.822      -2627.535       -523.761    0.000  -0.080   0.221   0.
  2017 352 19 42  1 502 352.820850720      26.20      9.33      6.30  0.        2771.093      -2627.094       -520.542    0.000  -0.080   0.221   0.
  2017 352 19 42  2 502 352.820862295      26.21      9.30      6.38  0.        2773.363      -2626.651       -517.322    0.000  -0.080   0.221   0.
  2017 352 19 42  3 502 352.820873869      26.19      9.24      6.52  0.        2775.631      -2626.206       -514.102    0.000  -0.080   0.221   0.
  2017 352 19 42  4 502 352.820885443      26.18      9.20      6.63  0.        2777.896      -2625.759       -510.881    0.000  -0.081   0.221   0.
  2017 352 19 42  5 502 352.820897017      26.15      9.15      6.77  0.        2780.159      -2625.310       -507.661    0.000  -0.081   0.221   0.
  2017 352 19 42  6 502 352.820908591      26.15      9.10      6.87  0.        2782.421      -2624.859       -504.439    0.000  -0.081   0.222   0.
  2017 352 19 42  7 502 352.820920165      26.16      9.08      6.99  0.        2784.680      -2624.407       -501.218    0.000  -0.081   0.222   0.
  2017 352 19 42  8 502 352.820931739      26.10      9.13      7.11  0.        2786.937      -2623.952       -497.996    0.000  -0.081   0.222   0.
  2017 352 19 42  9 502 352.820943313      26.10      9.12      7.16  0.        2789.192      -2623.495       -494.773    0.000  -0.081   0.222   0.
  2017 352 19 42 10 502 352.820954887      26.03      9.16      7.23  0.        2791.445      -2623.037       -491.550    0.000  -0.081   0.223   0.
  2017 352 19 42 11 502 352.820966461      25.97      9.22      7.28  0.        2793.696      -2622.576       -488.327    0.000  -0.081   0.223   0.
  2017 352 19 42 12 502 352.820978035      25.96      9.32      7.33  0.        2795.945      -2622.113       -485.104    0.000  -0.081   0.223   0.
  2017 352 19 42 13 502 352.820989608      25.90      9.43      7.40  0.        2798.191      -2621.649       -481.880    0.000  -0.081   0.223   0.
  2017 352 19 42 14 501 352.821001181      25.86      9.51      7.46  0.        2800.436      -2621.182       -478.656    0.000  -0.081   0.224   0.
  2017 352 19 42 15 501 352.821012755      25.80      9.59      7.50  0.        2802.679      -2620.714       -475.431    0.000  -0.081   0.224   0.
  2017 352 19 42 16 502 352.821024329      25.71      9.70      7.51  0.        2804.919      -2620.244       -472.206    0.000  -0.082   0.224   0.
  2017 352 19 42 17 502 352.821035903      25.66      9.77      7.49  0.        2807.157      -2619.771       -468.981    0.000  -0.082   0.224   0.
  2017 352 19 42 18 502 352.821047477      25.54      9.84      7.59  0.        2809.394      -2619.297       -465.756    0.000  -0.082   0.225   0.
  2017 352 19 42 19 502 352.821059051      25.51      9.79      7.72  0.        2811.628      -2618.821       -462.530    0.000  -0.082   0.225   0.
  2017 352 19 42 20 502 352.821070625      25.49      9.62      7.90  0.        2813.860      -2618.343       -459.303    0.000  -0.082   0.225   0.
  2017 352 19 42 21 501 352.821082199      25.41      9.52      8.14  0.        2816.090      -2617.863       -456.077    0.000  -0.082   0.225   0.
  2017 352 19 42 22 501 352.821093773      25.06      9.91      8.50  0.        2818.318      -2617.381       -452.850    0.000  -0.082   0.225   0.
  2017 352 19 42 23 501 352.821105347      24.79     10.09      8.55  0.        2820.544      -2616.897       -449.623    0.000  -0.082   0.225   0.
  2017 352 19 42 24 501 352.821116921      24.90     10.01      8.60  0.        2822.768      -2616.411       -446.395    0.000  -0.082   0.226   0.
  2017 352 19 42 25 502 352.821128495      25.03      9.92      8.78  0.        2824.990      -2615.923       -443.167    0.000  -0.082   0.226   0.
  2017 352 19 42 26 502 352.821140069      25.05      9.77      8.95  0.        2827.209      -2615.434       -439.939    0.000  -0.082   0.226   0.
  2017 352 19 42 27 501 352.821151643      24.99      9.86      9.01  0.        2829.427      -2614.942       -436.710    0.000  -0.082   0.226   0.
  2017 352 19 42 28 501 352.821163218      24.96      9.92      9.08  0.        2831.642      -2614.448       -433.481    0.000  -0.083   0.227   0.
  2017 352 19 42 29 502 352.821174792      24.94      9.99      9.15  0.        2833.856      -2613.953       -430.252    0.000  -0.083   0.227   0.
  2017 352 19 42 30 502 352.821186366      24.77     10.06      9.21  0.        2836.067      -2613.456       -427.023    0.000  -0.083   0.227   0.
  2017 352 19 42 31 502 352.821197940      24.60     10.04      9.32  0.        2838.277      -2612.956       -423.793    0.000  -0.083   0.227   0.
  2017 352 19 42 32 502 352.821209514      24.37     10.14      9.46  0.        2840.484      -2612.455       -420.563    0.000  -0.083   0.228   0.
  2017 352 19 42 33 502 352.821221088      24.18     10.20      9.55  0.        2842.689      -2611.952       -417.332    0.000  -0.083   0.228   0.
  2017 352 19 42 34 501 352.821232662      23.91     10.29      9.68  0.        2844.892      -2611.447       -414.101    0.000  -0.083   0.228   0.
  2017 352 19 42 35 501 352.821244236      23.66     10.31      9.82  0.        2847.092      -2610.940       -410.870    0.000  -0.083   0.228   0.
  2017 352 19 42 36 501 352.821255810      23.39     10.29      9.94  0.        2849.291      -2610.431       -407.639    0.000  -0.083   0.228   0.
  2017 352 19 42 37 501 352.821267384      23.17     10.20      9.97  0.        2851.488      -2609.920       -404.408    0.000  -0.083   0.228   0.
  2017 352 19 42 38 501 352.821278958      22.98     10.12     10.07  0.        2853.683      -2609.408       -401.175    0.000  -0.083   0.229   0.
  2017 352 19 42 39 502 352.821290532      22.93     10.02     10.15  0.        2855.875      -2608.893       -397.943    0.000  -0.083   0.229   0.
  2017 352 19 42 40 502 352.821302106      22.86      9.94     10.27  0.        2858.066      -2608.377       -394.711    0.000  -0.083   0.229   0.
  2017 352 19 42 41 501 352.821313681      22.72      9.85     10.43  0.        2860.254      -2607.858       -391.478    0.000  -0.083   0.229   0.
  2017 352 19 42 42 501 352.821325255      22.56      9.68     10.54  0.        2862.441      -2607.338       -388.245    0.000  -0.084   0.229   0.
  2017 352 19 42 43 502 352.821336828      22.43      9.48     10.64  0.        2864.625      -2606.816       -385.012    0.000  -0.084   0.229   0.
  2017 352 19 42 44 501 352.821348400      22.38      9.35     10.77  0.        2866.807      -2606.292       -381.778    0.000  -0.084   0.230   0.
  2017 352 19 42 45 501 352.821359974      22.28      9.29     10.91  0.        2868.987      -2605.766       -378.544    0.000  -0.084   0.230   0.
  2017 352 19 42 46 501 352.821371548      22.17      9.29     10.91  0.        2871.165      -2605.238       -375.310    0.000  -0.084   0.230   0.
  2017 352 19 42 47 501 352.821383122      22.03      9.28     10.98  0.        2873.341      -2604.708       -372.075    0.000  -0.084   0.230   0.
  2017 352 19 42 48 501 352.821394696      21.89      9.31     11.07  0.        2875.515      -2604.176       -368.841    0.000  -0.084   0.231   0.
  2017 352 19 42 49 501 352.821406270      21.73      9.37     11.13  0.        2877.686      -2603.643       -365.606    0.000  -0.084   0.231   0.
  2017 352 19 42 50 501 352.821417844      21.57      9.36     11.19  0.        2879.856      -2603.107       -362.371    0.000  -0.084   0.231   0.
  2017 352 19 42 51 501 352.821429418      21.48      9.25     11.24  0.        2882.024      -2602.570       -359.135    0.000  -0.084   0.231   0.
  2017 352 19 42 52 501 352.821440992      21.37      9.21     11.34  0.        2884.189      -2602.031       -355.899    0.000  -0.084   0.231   0.
  2017 352 19 42 53 501 352.821452567      21.20      9.20     11.41  0.        2886.353      -2601.490       -352.663    0.000  -0.084   0.231   0.
  2017 352 19 42 54 501 352.821464141      21.00      9.26     11.49  0.        2888.514      -2600.947       -349.427    0.000  -0.084   0.232   0.
  2017 352 19 42 55 501 352.821475715      20.83      9.24     11.52  0.        2890.673      -2600.402       -346.191    0.000  -0.084   0.232   0.
  2017 352 19 42 56 501 352.821487289      20.63      9.24     11.56  0.        2892.830      -2599.855       -342.954    0.000  -0.084   0.232   0.
  2017 352 19 42 57 501 352.821498863      20.46      9.22     11.60  0.        2894.985      -2599.307       -339.717    0.000  -0.084   0.232   0.
  2017 352 19 42 58 501 352.821510437      20.33      9.14     11.64  0.        2897.138      -2598.756       -336.480    0.000  -0.085   0.233   0.
  2017 352 19 42 59 501 352.821522011      20.17      9.04     11.70  0.        2899.289      -2598.204       -333.242    0.000  -0.085   0.233   0.
  2017 352 19 43  0 501 352.821533585      20.04      8.94     11.73  0.        2901.438      -2597.650       -330.004    0.000  -0.085   0.233   0.
  2017 352 19 43  1 501 352.821545159      19.94      8.87     11.82  0.        2903.585      -2597.094       -326.766    0.000  -0.085   0.233   0.
  2017 352 19 43  2 501 352.821556733      19.77      8.88     11.91  0.        2905.729      -2596.536       -323.528    0.000  -0.085   0.233   0.
  2017 352 19 43  3 501 352.821568307      19.58      9.02     11.99  0.        2907.872      -2595.976       -320.290    0.000  -0.085   0.233   0.
  2017 352 19 43  4 501 352.821579881      19.29      9.18     12.15  0.        2910.012      -2595.415       -317.051    0.000  -0.085   0.233   0.
  2017 352 19 43  5 501 352.821591455      19.02      9.28     12.21  0.        2912.151      -2594.851       -313.812    0.000  -0.085   0.233   0.
  2017 352 19 43  6 501 352.821603030      18.85      9.32     12.26  0.        2914.287      -2594.286       -310.573    0.000  -0.085   0.233   0.
  2017 352 19 43  7 501 352.821614604      18.68      9.34     12.31  0.        2916.421      -2593.719       -307.334    0.000  -0.085   0.233   0.
  2017 352 19 43  8 501 352.821626178      18.55      9.31     12.37  0.        2918.553      -2593.150       -304.095    0.000  -0.085   0.233   0.
  2017 352 19 43  9 501 352.821637752      18.39      9.33     12.44  0.        2920.683      -2592.579       -300.855    0.000  -0.085   0.233   0.
  2017 352 19 43 10 501 352.821649326      18.23      9.34     12.47  0.        2922.811      -2592.006       -297.615    0.000  -0.085   0.233   0.
  2017 352 19 43 11 501 352.821660899      18.10      9.32     12.45  0.        2924.937      -2591.431       -294.375    0.000  -0.085   0.233   0.
  2017 352 19 43 12 501 352.821672471      18.01      9.30     12.43  0.        2927.061      -2590.855       -291.134    0.000  -0.085   0.233   0.
  2017 352 19 43 13 501 352.821684045      17.93      9.29     12.43  0.        2929.183      -2590.277       -287.894    0.000  -0.085   0.233   0.
  2017 352 19 43 14 501 352.821695619      17.85      9.31     12.44  0.        2931.302      -2589.696       -284.653    0.000  -0.085   0.233   0.
  2017 352 19 43 15 501 352.821707193      17.83      9.28     12.44  0.        2933.420      -2589.114       -281.412    0.000  -0.085   0.233   0.
  2017 352 19 43 16 501 352.821718767      17.82      9.24     12.38  0.        2935.535      -2588.531       -278.171    0.000  -0.085   0.233   0.
  2017 352 19 43 17 501 352.821730341      17.78      9.24     12.43  0.        2937.649      -2587.945       -274.930    0.000  -0.085   0.233   0.
  2017 352 19 43 18 501 352.821741916      17.73      9.25     12.45  0.        2939.760      -2587.357       -271.688    0.000  -0.085   0.233   0.
  2017 352 19 43 19 501 352.821753490      17.63      9.36     12.49  0.        2941.869      -2586.768       -268.446    0.000  -0.085   0.233   0.
  2017 352 19 43 20 501 352.821765064      17.46      9.53     12.57  0.        2943.976      -2586.177       -265.205    0.000  -0.085   0.233   0.
  2017 352 19 43 21 501 352.821776638      17.31      9.64     12.58  0.        2946.081      -2585.584       -261.962    0.000  -0.085   0.233   0.
  2017 352 19 43 22 501 352.821788212      17.13      9.70     12.62  0.        2948.184      -2584.989       -258.720    0.000  -0.085   0.233   0.
  2017 352 19 43 23 501 352.821799786      16.99      9.71     12.61  0.        2950.285      -2584.393       -255.478    0.000  -0.085   0.233   0.
  2017 352 19 43 24 501 352.821811360      16.98      9.74     12.68  0.        2952.384      -2583.794       -252.235    0.000  -0.085   0.233   0.
  2017 352 19 43 25 501 352.821822934      17.11      9.78     12.81  0.        2954.480      -2583.194       -248.992    0.000  -0.085   0.233   0.
  2017 352 19 43 26 501 352.821834508      17.05      9.85     12.83  0.        2956.575      -2582.592       -245.749    0.000  -0.085   0.233   0.
  2017 352 19 43 27 501 352.821846082      17.00      9.90     12.94  0.        2958.668      -2581.988       -242.506    0.000  -0.085   0.233   0.
  2017 352 19 43 28 501 352.821857656      16.90      9.96     13.03  0.        2960.758      -2581.382       -239.263    0.000  -0.085   0.233   0.
  2017 352 19 43 29 501 352.821869230      16.80     10.05     13.12  0.        2962.846      -2580.774       -236.019    0.000  -0.085   0.233   0.
  2017 352 19 43 30 501 352.821880804      16.72     10.08     13.17  0.        2964.933      -2580.165       -232.776    0.000  -0.085   0.233   0.
  2017 352 19 43 31 501 352.821892379      16.66     10.08     13.21  0.        2967.017      -2579.554       -229.532    0.000  -0.085   0.233   0.
  2017 352 19 43 32 501 352.821903953      16.56     10.03     13.27  0.        2969.099      -2578.941       -226.288    0.000  -0.085   0.233   0.
  2017 352 19 43 33 501 352.821915527      16.49      9.98     13.31  0.        2971.179      -2578.326       -223.044    0.000  -0.085   0.233   0.
  2017 352 19 43 34 501 352.821927101      16.33     10.00     13.36  0.        2973.257      -2577.710       -219.800    0.000  -0.085   0.233   0.
  2017 352 19 43 35 501 352.821938675      16.09     10.12     13.34  0.        2975.333      -2577.091       -216.555    0.000  -0.085   0.233   0.
  2017 352 19 43 36 501 352.821950249      15.85     10.15     13.33  0.        2977.407      -2576.471       -213.310    0.000  -0.085   0.233   0.
  2017 352 19 43 37 501 352.821961823      15.50     10.27     13.32  0.        2979.478      -2575.849       -210.066    0.000  -0.085   0.233   0.
  2017 352 19 43 38 501 352.821973397      15.48     10.34     13.32  0.        2981.548      -2575.225       -206.821    0.000  -0.085   0.233   0.
  2017 352 19 43 39 501 352.821984971      15.53     10.38     13.39  0.        2983.615      -2574.600       -203.576    0.000  -0.085   0.233   0.
  2017 352 19 43 40 501 352.821996545      15.58     10.43     13.43  0.        2985.681      -2573.972       -200.331    0.000  -0.085   0.233   0.
  2017 352 19 43 41 501 352.822008119      15.58     10.59     13.42  0.        2987.744      -2573.343       -197.086    0.000  -0.085   0.233   0.
  2017 352 19 43 42 501 352.822019690      15.70     10.66     13.38  0.        2989.805      -2572.712       -193.840    0.000  -0.085   0.233   0.
  2017 352 19 43 43 501 352.822031264      15.69     10.75     13.38  0.        2991.865      -2572.079       -190.595    0.000  -0.085   0.233   0.
  2017 352 19 43 44 501 352.822042839      15.48     10.83     13.30  0.        2993.922      -2571.445       -187.349    0.000  -0.085   0.233   0.
  2017 352 19 43 45 501 352.822054413      15.17     11.00     13.26  0.        2995.977      -2570.808       -184.103    0.000  -0.085   0.233   0.
  2017 352 19 43 46 501 352.822065987      15.36     11.08     13.28  0.        2998.030      -2570.170       -180.857    0.000  -0.085   0.233   0.
  2017 352 19 43 47 501 352.822077561      15.35     11.07     13.30  0.        3000.081      -2569.530       -177.611    0.000  -0.085   0.233   0.
  2017 352 19 43 48 501 352.822089135      15.35     11.01     13.25  0.        3002.129      -2568.888       -174.365    0.000  -0.085   0.233   0.
  2017 352 19 43 49 501 352.822100709      15.12     11.09     13.21  0.        3004.176      -2568.245       -171.119    0.000  -0.085   0.233   0.
  2017 352 19 43 50 501 352.822112283      14.98     11.14     13.23  0.        3006.221      -2567.600       -167.872    0.000  -0.085   0.233   0.
  2017 352 19 43 51 501 352.822123857      14.88     11.19     13.17  0.        3008.263      -2566.953       -164.626    0.000  -0.085   0.233   0.
  2017 352 19 43 52 501 352.822135431      14.77     11.23     13.09  0.        3010.304      -2566.304       -161.379    0.000  -0.085   0.233   0.
  2017 352 19 43 53 501 352.822147005      14.55     11.37     13.08  0.        3012.342      -2565.653       -158.133    0.000  -0.085   0.233   0.
  2017 352 19 43 54 501 352.822158579      14.63     11.39     13.09  0.        3014.378      -2565.001       -154.886    0.000  -0.085   0.233   0.
  2017 352 19 43 55 501 352.822170153      14.68     11.20     13.12  0.        3016.413      -2564.347       -151.639    0.000  -0.085   0.233   0.
  2017 352 19 43 56 501 352.822181727      14.58     11.20     13.04  0.        3018.445      -2563.691       -148.392    0.000  -0.085   0.233   0.
  2017 352 19 43 57 501 352.822193302      14.42     11.22     12.94  0.        3020.475      -2563.033       -145.145    0.000  -0.085   0.233   0.
  2017 352 19 43 58 501 352.822204876      14.30     11.20     12.91  0.        3022.503      -2562.374       -141.897    0.000  -0.085   0.233   0.
  2017 352 19 43 59 501 352.822216450      14.23     11.14     12.85  0.        3024.529      -2561.713       -138.650    0.000  -0.085   0.233   0.
  2017 352 19 44  0 501 352.822228024      14.06     11.17     12.77  0.        3026.552      -2561.050       -135.403    0.000  -0.085   0.233   0.
  2017 352 19 44  1 501 352.822239598      13.95     11.23     12.63  0.        3028.574      -2560.385       -132.155    0.000  -0.085   0.233   0.
  2017 352 19 44  2 501 352.822251172      13.87     11.35     12.46  0.        3030.594      -2559.718       -128.908    0.000  -0.085   0.233   0.
  2017 352 19 44  3 501 352.822262746      13.80     11.38     12.33  0.        3032.611      -2559.050       -125.660    0.000  -0.085   0.233   0.
  2017 352 19 44  4 501 352.822274320      13.76     11.39     12.18  0.        3034.627      -2558.380       -122.412    0.000  -0.085   0.233   0.
  2017 352 19 44  5 501 352.822285894      13.63     11.42     12.12  0.        3036.640      -2557.708       -119.165    0.000  -0.085   0.233   0.
  2017 352 19 44  6 501 352.822297468      13.53     11.40     12.09  0.        3038.652      -2557.035       -115.917    0.000  -0.085   0.233   0.
  2017 352 19 44  7 501 352.822309042      13.47     11.30     12.12  0.        3040.661      -2556.360       -112.669    0.000  -0.085   0.233   0.
  2017 352 19 44  8 501 352.822320616      13.44     11.27     12.14  0.        3042.668      -2555.683       -109.421    0.000  -0.085   0.233   0.
  2017 352 19 44  9 501 352.822332190      13.36     11.23     12.16  0.        3044.673      -2555.004       -106.172    0.000  -0.085   0.233   0.
  2017 352 19 44 10 501 352.822343764      13.20     11.22     12.18  0.        3046.676      -2554.324       -102.924    0.000  -0.085   0.233   0.
  2017 352 19 44 11 501 352.822355338      13.00     11.22     12.19  0.        3048.677      -2553.642        -99.676    0.000  -0.085   0.233   0.
  2017 352 19 44 12 501 352.822366910      12.89     11.21     12.15  0.        3050.676      -2552.958        -96.428    0.000  -0.085   0.233   0.
  2017 352 19 44 13 501 352.822378484      12.77     11.27     12.23  0.        3052.673      -2552.272        -93.179    0.000  -0.085   0.233   0.
  2017 352 19 44 14 501 352.822390058      12.56     11.30     12.25  0.        3054.668      -2551.585        -89.931    0.000  -0.085   0.233   0.
  2017 352 19 44 15 501 352.822401632      12.36     11.30     12.25  0.        3056.660      -2550.895        -86.682    0.000  -0.085   0.233   0.
  2017 352 19 44 16 500 352.822413206      12.11     11.32     12.24  0.        3058.651      -2550.205        -83.434    0.000  -0.085   0.233   0.
  2017 352 19 44 17 500 352.822424780      11.92     11.29     12.18  0.        3060.639      -2549.512        -80.185    0.000  -0.085   0.233   0.
  2017 352 19 44 18 500 352.822436354      11.73     11.24     12.10  0.        3062.626      -2548.818        -76.936    0.000  -0.085   0.233   0.
  2017 352 19 44 19 500 352.822447928      11.57     11.17     11.98  0.        3064.610      -2548.121        -73.688    0.000  -0.085   0.233   0.
  2017 352 19 44 20 500 352.822459502      11.45     11.11     11.87  0.        3066.592      -2547.424        -70.439    0.000  -0.085   0.233   0.
  2017 352 19 44 21 501 352.822471076      11.38     11.01     11.77  0.        3068.573      -2546.724        -67.190    0.000  -0.085   0.233   0.
  2017 352 19 44 22 501 352.822482650      11.31     10.95     11.65  0.        3070.551      -2546.023        -63.941    0.000  -0.085   0.233   0.
  2017 352 19 44 23 500 352.822494225      11.30     10.95     11.52  0.        3072.527      -2545.320        -60.692    0.000  -0.085   0.233   0.
  2017 352 19 44 24 500 352.822505799      11.26     10.96     11.40  0.        3074.501      -2544.616        -57.443    0.000  -0.085   0.233   0.
  2017 352 19 44 25 501 352.822517373      11.20     10.97     11.22  0.        3076.473      -2543.909        -54.194    0.000  -0.085   0.233   0.
  2017 352 19 44 26 501 352.822528947      11.11     11.05     11.09  0.        3078.443      -2543.201        -50.946    0.000  -0.085   0.233   0.
  2017 352 19 44 27 501 352.822540521      11.00     11.08     10.95  0.        3080.410      -2542.491        -47.696    0.000  -0.085   0.233   0.
  2017 352 19 44 28 501 352.822552095      10.83     11.09     10.93  0.        3082.376      -2541.780        -44.447    0.000  -0.085   0.234   0.
  2017 352 19 44 29 501 352.822563669      10.73     11.02     10.90  0.        3084.340      -2541.066        -41.198    0.000  -0.085   0.234   0.
  2017 352 19 44 30 500 352.822575243      10.63     10.95     10.81  0.        3086.301      -2540.352        -37.949    0.000  -0.085   0.233   0.
  2017 352 19 44 31 500 352.822586817      10.53     10.90     10.70  0.        3088.261      -2539.635        -34.700    0.000  -0.085   0.233   0.
  2017 352 19 44 32 500 352.822598391      10.41     10.91     10.57  0.        3090.218      -2538.917        -31.451    0.000  -0.085   0.233   0.
  2017 352 19 44 33 500 352.822609965      10.33     10.97     10.43  0.        3092.173      -2538.197        -28.202    0.000  -0.085   0.233   0.
  2017 352 19 44 34 501 352.822621539      10.21     11.04     10.33  0.        3094.126      -2537.475        -24.953    0.000  -0.085   0.233   0.
  2017 352 19 44 35 501 352.822633113      10.10     11.04     10.25  0.        3096.078      -2536.752        -21.703    0.000  -0.085   0.233   0.
  2017 352 19 44 36 500 352.822644687       9.99     11.02     10.19  0.        3098.027      -2536.026        -18.454    0.000  -0.085   0.233   0.
  2017 352 19 44 37 500 352.822656262       9.87     10.97     10.08  0.        3099.974      -2535.300        -15.205    0.000  -0.085   0.233   0.
  2017 352 19 44 38 501 352.822667836       9.71     10.94     10.01  0.        3101.919      -2534.571        -11.956    0.000  -0.085   0.233   0.
  2017 352 19 44 39 501 352.822679409       9.56     10.95      9.90  0.        3103.862      -2533.841         -8.707    0.000  -0.085   0.233   0.
  2017 352 19 44 40 500 352.822690981       9.42     10.99      9.83  0.        3105.803      -2533.109         -5.457    0.000  -0.085   0.233   0.
  2017 352 19 44 41 500 352.822702555       9.41     10.96      9.75  0.        3107.741      -2532.375         -2.208    0.000  -0.085   0.233   0.
  2017 352 19 44 42 500 352.822714129       9.36     10.95      9.66  0.        3109.678      -2531.641          1.041    0.000  -0.085   0.234   0.
  2017 352 19 44 43 500 352.822725703       9.25     11.00      9.61  0.        3111.613      -2530.903          4.290    0.000  -0.085   0.234   0.
  2017 352 19 44 44 500 352.822737277       9.14     11.02      9.50  0.        3113.545      -2530.165          7.539    0.000  -0.085   0.233   0.
  2017 352 19 44 45 500 352.822748851       9.04     11.08      9.40  0.        3115.476      -2529.424         10.789    0.000  -0.085   0.233   0.
  2017 352 19 44 46 500 352.822760425       8.94     11.15      9.40  0.        3117.404      -2528.682         14.038    0.000  -0.085   0.234   0.
  2017 352 19 44 47 500 352.822771999       8.83     11.17      9.42  0.        3119.331      -2527.939         17.287    0.000  -0.085   0.234   0.
  2017 352 19 44 48 500 352.822783573       8.75     11.17      9.42  0.        3121.255      -2527.193         20.536    0.000  -0.085   0.233   0.
  2017 352 19 44 49 500 352.822795148       8.65     11.19      9.42  0.        3123.177      -2526.446         23.785    0.000  -0.085   0.233   0.
  2017 352 19 44 50 500 352.822806722       8.57     11.19      9.40  0.        3125.098      -2525.698         27.034    0.000  -0.085   0.234   0.
  2017 352 19 44 51 500 352.822818296       8.47     11.28      9.37  0.        3127.016      -2524.948         30.283    0.000  -0.085   0.234   0.
  2017 352 19 44 52 500 352.822829870       8.42     11.32      9.32  0.        3128.932      -2524.196         33.533    0.000  -0.085   0.234   0.
  2017 352 19 44 53 500 352.822841444       8.29     11.36      9.36  0.        3130.846      -2523.442         36.782    0.000  -0.085   0.234   0.
  2017 352 19 44 54 500 352.822853018       8.18     11.36      9.40  0.        3132.757      -2522.687         40.031    0.000  -0.085   0.234   0.
  2017 352 19 44 55 500 352.822864592       8.06     11.35      9.43  0.        3134.667      -2521.930         43.280    0.000  -0.085   0.234   0.
  2017 352 19 44 56 500 352.822876166       7.97     11.36      9.42  0.        3136.575      -2521.171         46.529    0.000  -0.085   0.234   0.
  2017 352 19 44 57 500 352.822887740       7.89     11.38      9.44  0.        3138.481      -2520.411         49.777    0.000  -0.085   0.234   0.
  2017 352 19 44 58 500 352.822899314       7.82     11.40      9.42  0.        3140.384      -2519.649         53.026    0.000  -0.085   0.233   0.
  2017 352 19 44 59 500 352.822910888       7.77     11.42      9.44  0.        3142.286      -2518.885         56.275    0.000  -0.085   0.233   0.
  2017 352 19 45  0 500 352.822922462       7.63     11.46      9.50  0.        3144.186      -2518.120         59.524    0.000  -0.085   0.234   0.
  2017 352 19 45  1 500 352.822934036       7.51     11.45      9.49  0.        3146.083      -2517.353         62.773    0.000  -0.085   0.234   0.
  2017 352 19 45  2 500 352.822945611       7.36     11.42      9.50  0.        3147.979      -2516.584         66.021    0.000  -0.085   0.234   0.
  2017 352 19 45  3 500 352.822957185       7.24     11.36      9.47  0.        3149.872      -2515.814         69.270    0.000  -0.085   0.234   0.
  2017 352 19 45  4 500 352.822968759       7.12     11.35      9.47  0.        3151.763      -2515.042         72.519    0.000  -0.085   0.234   0.
  2017 352 19 45  5 500 352.822980333       7.04     11.33      9.43  0.        3153.653      -2514.269         75.767    0.000  -0.085   0.234   0.
  2017 352 19 45  6 500 352.822991907       6.87     11.36      9.44  0.        3155.540      -2513.494         79.016    0.000  -0.085   0.234   0.
  2017 352 19 45  7 500 352.823003481       6.77     11.38      9.44  0.        3157.425      -2512.717         82.264    0.000  -0.085   0.234   0.
  2017 352 19 45  8 500 352.823015055       6.68     11.40      9.44  0.        3159.308      -2511.939         85.513    0.000  -0.085   0.234   0.
  2017 352 19 45  9 500 352.823026628       6.57     11.44      9.47  0.        3161.189      -2511.159         88.761    0.000  -0.085   0.234   0.
  2017 352 19 45 10 500 352.823038200       6.47     11.51      9.47  0.        3163.068      -2510.377         92.009    0.000  -0.085   0.234   0.
  2017 352 19 45 11 500 352.823049774       6.34     11.53      9.49  0.        3164.945      -2509.593         95.257    0.000  -0.085   0.234   0.
  2017 352 19 45 12 500 352.823061348       6.22     11.50      9.49  0.        3166.819      -2508.809         98.506    0.000  -0.085   0.234   0.
  2017 352 19 45 13 500 352.823072923       6.15     11.57      9.50  0.        3168.692      -2508.022        101.754    0.000  -0.085   0.234   0.
  2017 352 19 45 14 500 352.823084497       6.12     11.58      9.49  0.        3170.563      -2507.234        105.002    0.000  -0.085   0.234   0.
  2017 352 19 45 15 500 352.823096071       6.09     11.60      9.46  0.        3172.432      -2506.444        108.250    0.000  -0.085   0.234   0.
  2017 352 19 45 16 500 352.823107645       5.99     11.65      9.50  0.        3174.298      -2505.653        111.498    0.000  -0.085   0.234   0.
  2017 352 19 45 17 500 352.823119219       5.92     11.66      9.49  0.        3176.163      -2504.860        114.745    0.000  -0.085   0.234   0.
  2017 352 19 45 18 500 352.823130793       5.85     11.64      9.50  0.        3178.025      -2504.065        117.993    0.000  -0.085   0.234   0.
  2017 352 19 45 19 500 352.823142367       5.79     11.61      9.50  0.        3179.886      -2503.269        121.241    0.000  -0.085   0.234   0.
  2017 352 19 45 20 500 352.823153941       5.72     11.57      9.51  0.        3181.744      -2502.471        124.488    0.000  -0.085   0.234   0.
  2017 352 19 45 21 500 352.823165515       5.67     11.52      9.49  0.        3183.600      -2501.671        127.736    0.000  -0.085   0.234   0.
  2017 352 19 45 22 500 352.823177089       5.65     11.50      9.46  0.        3185.455      -2500.870        130.983    0.000  -0.085   0.234   0.
  2017 352 19 45 23 500 352.823188663       5.65     11.47      9.39  0.        3187.307      -2500.067        134.230    0.000  -0.085   0.234   0.
  2017 352 19 45 24 500 352.823200237       5.63     11.50      9.35  0.        3189.157      -2499.263        137.478    0.000  -0.085   0.234   0.
  2017 352 19 45 25 500 352.823211811       5.59     11.67      9.29  0.        3191.005      -2498.457        140.725    0.000  -0.085   0.234   0.
  2017 352 19 45 26 500 352.823223385       5.59     11.75      9.18  0.        3192.851      -2497.649        143.972    0.000  -0.085   0.234   0.
  2017 352 19 45 27 500 352.823234960       5.51     11.81      9.18  0.        3194.695      -2496.840        147.219    0.000  -0.085   0.234   0.
  2017 352 19 45 28 500 352.823246534       5.52     11.82      9.16  0.        3196.537      -2496.029        150.466    0.000  -0.085   0.234   0.
  2017 352 19 45 29 500 352.823258108       5.55     11.81      9.13  0.        3198.377      -2495.217        153.712    0.000  -0.085   0.234   0.
  2017 352 19 45 30 500 352.823269682       5.52     11.76      9.09  0.        3200.215      -2494.403        156.959    0.000  -0.085   0.234   0.
  2017 352 19 45 31 500 352.823281256       5.49     11.76      9.02  0.        3202.051      -2493.587        160.205    0.000  -0.085   0.234   0.
  2017 352 19 45 32 500 352.823292830       5.41     11.74      9.01  0.        3203.885      -2492.770        163.452    0.000  -0.085   0.234   0.
  2017 352 19 45 33 500 352.823304404       5.41     11.74      9.04  0.        3205.716      -2491.952        166.698    0.000  -0.085   0.234   0.
  2017 352 19 45 34 500 352.823315978       5.37     11.69      9.04  0.        3207.546      -2491.131        169.944    0.000  -0.085   0.234   0.
  2017 352 19 45 35 500 352.823327552       5.29     11.62      9.06  0.        3209.374      -2490.309        173.190    0.000  -0.085   0.234   0.
  2017 352 19 45 36 500 352.823339126       5.13     11.53      9.06  0.        3211.199      -2489.486        176.436    0.000  -0.085   0.234   0.
  2017 352 19 45 37 500 352.823350700       5.01     11.37      8.93  0.        3213.023      -2488.661        179.682    0.000  -0.085   0.234   0.
  2017 352 19 45 38 500 352.823362274       5.00     11.31      8.73  0.        3214.844      -2487.834        182.928    0.000  -0.085   0.234   0.
  2017 352 19 45 39 500 352.823373848       4.98     11.27      8.61  0.        3216.664      -2487.006        186.173    0.000  -0.085   0.234   0.
  2017 352 19 45 40 500 352.823385423       4.96     11.22      8.51  0.        3218.481      -2486.176        189.419    0.000  -0.085   0.234   0.
  2017 352 19 45 41 500 352.823396996       4.94     11.10      8.39  0.        3220.296      -2485.344        192.664    0.000  -0.085   0.234   0.
  2017 352 19 45 42 500 352.823408568       4.91     10.93      8.29  0.        3222.110      -2484.511        195.910    0.000  -0.085   0.234   0.
  2017 352 19 45 43 500 352.823420142       4.92     10.81      8.17  0.        3223.921      -2483.677        199.155    0.000  -0.085   0.234   0.
  2017 352 19 45 44 500 352.823431716       4.99     10.77      8.03  0.        3225.730      -2482.841        202.400    0.000  -0.085   0.234   0.
  2017 352 19 45 45 500 352.823443290       5.02     10.76      7.96  0.        3227.537      -2482.003        205.644    0.000  -0.085   0.234   0.
  2017 352 19 45 46 500 352.823454864       5.01     10.75      7.96  0.        3229.342      -2481.164        208.889    0.000  -0.085   0.234   0.
  2017 352 19 45 47 500 352.823466438       5.00     10.71      8.00  0.        3231.146      -2480.323        212.134    0.000  -0.085   0.234   0.
  2017 352 19 45 48 500 352.823478012       5.04     10.68      8.02  0.        3232.947      -2479.480        215.378    0.000  -0.085   0.234   0.
  2017 352 19 45 49 500 352.823489586       5.08     10.62      7.99  0.        3234.746      -2478.636        218.622    0.000  -0.085   0.234   0.
  2017 352 19 45 50 500 352.823501160       5.14     10.68      7.95  0.        3236.543      -2477.791        221.867    0.000  -0.085   0.234   0.
  2017 352 19 45 51 500 352.823512734       5.28     10.72      7.94  0.        3238.338      -2476.944        225.111    0.000  -0.085   0.234   0.
  2017 352 19 45 52 500 352.823524308       5.36     10.80      7.95  0.        3240.131      -2476.095        228.354    0.000  -0.085   0.234   0.
  2017 352 19 45 53 500 352.823535883       5.37     10.83      7.98  0.        3241.921      -2475.245        231.598    0.000  -0.085   0.234   0.
  2017 352 19 45 54 500 352.823547457       5.38     10.76      7.96  0.        3243.710      -2474.393        234.842    0.000  -0.085   0.234   0.
  2017 352 19 45 55 500 352.823559031       5.40     10.69      7.92  0.        3245.497      -2473.540        238.085    0.000  -0.085   0.234   0.
  2017 352 19 45 56 500 352.823570605       5.39     10.59      7.85  0.        3247.282      -2472.685        241.328    0.000  -0.085   0.234   0.
  2017 352 19 45 57 500 352.823582179       5.36     10.49      7.81  0.        3249.064      -2471.828        244.572    0.000  -0.085   0.234   0.
  2017 352 19 45 58 500 352.823593753       5.34     10.38      7.68  0.        3250.845      -2470.970        247.814    0.000  -0.085   0.234   0.
  2017 352 19 45 59 500 352.823605327       5.30     10.32      7.56  0.        3252.624      -2470.111        251.057    0.000  -0.085   0.234   0.
  2017 352 19 46  0 500 352.823616901       5.33     10.28      7.44  0.        3254.400      -2469.250        254.300    0.000  -0.085   0.234   0.
  2017 352 19 46  1 500 352.823628475       5.32     10.27      7.36  0.        3256.175      -2468.387        257.542    0.000  -0.085   0.234   0.
  2017 352 19 46  2 500 352.823640049       5.28     10.22      7.29  0.        3257.947      -2467.523        260.785    0.000  -0.085   0.234   0.
  2017 352 19 46  3 500 352.823651623       5.24     10.20      7.17  0.        3259.718      -2466.657        264.027    0.000  -0.085   0.234   0.
  2017 352 19 46  4 500 352.823663197       5.20     10.12      7.02  0.        3261.486      -2465.790        267.269    0.000  -0.085   0.234   0.
  2017 352 19 46  5 500 352.823674771       5.21     10.11      6.84  0.        3263.253      -2464.921        270.511    0.000  -0.085   0.234   0.
  2017 352 19 46  6 500 352.823686346       5.21     10.14      6.70  0.        3265.017      -2464.051        273.752    0.000  -0.085   0.234   0.
  2017 352 19 46  7 500 352.823697920       5.23     10.17      6.60  0.        3266.780      -2463.179        276.994    0.000  -0.085   0.234   0.
  2017 352 19 46  8 500 352.823709494       5.24     10.20      6.53  0.        3268.540      -2462.306        280.235    0.000  -0.085   0.234   0.
  2017 352 19 46  9 500 352.823721067       5.24     10.28      6.52  0.        3270.298      -2461.431        283.476    0.000  -0.085   0.234   0.
  2017 352 19 46 10 500 352.823732639       5.27     10.35      6.52  0.        3272.055      -2460.555        286.717    0.000  -0.085   0.234   0.
  2017 352 19 46 11 500 352.823744213       5.28     10.32      6.52  0.        3273.809      -2459.677        289.958    0.000  -0.085   0.234   0.
  2017 352 19 46 12 499 352.823755787       5.26     10.37      6.49  0.        3275.561      -2458.797        293.198    0.000  -0.085   0.234   0.
  2017 352 19 46 13 499 352.823767361       5.22     10.32      6.47  0.        3277.312      -2457.916        296.438    0.000  -0.085   0.234   0.
  2017 352 19 46 14 499 352.823778935       5.18     10.29      6.42  0.        3279.060      -2457.034        299.679    0.000  -0.085   0.234   0.
  2017 352 19 46 15 499 352.823790509       5.16     10.28      6.36  0.        3280.806      -2456.150        302.919    0.000  -0.085   0.234   0.
  2017 352 19 46 16 499 352.823802083       5.09     10.23      6.32  0.        3282.550      -2455.264        306.158    0.000  -0.085   0.234   0.
  2017 352 19 46 17 500 352.823813657       5.03     10.23      6.27  0.        3284.292      -2454.377        309.398    0.000  -0.085   0.234   0.
  2017 352 19 46 18 500 352.823825231       4.99     10.21      6.23  0.        3286.032      -2453.489        312.637    0.000  -0.085   0.234   0.
  2017 352 19 46 19 499 352.823836806       4.92     10.17      6.21  0.        3287.770      -2452.599        315.877    0.000  -0.085   0.234   0.
  2017 352 19 46 20 499 352.823848380       4.88     10.19      6.16  0.        3289.506      -2451.707        319.116    0.000  -0.085   0.234   0.
  2017 352 19 46 21 500 352.823859954       4.85     10.26      6.18  0.        3291.240      -2450.814        322.355    0.000  -0.085   0.234   0.
  2017 352 19 46 22 500 352.823871528       4.89     10.27      6.12  0.        3292.972      -2449.919        325.593    0.000  -0.085   0.234   0.
  2017 352 19 46 23 500 352.823883102       4.87     10.25      6.04  0.        3294.702      -2449.023        328.832    0.000  -0.085   0.234   0.
  2017 352 19 46 24 500 352.823894676       4.90     10.34      6.01  0.        3296.430      -2448.126        332.070    0.000  -0.085   0.234   0.
  2017 352 19 46 25 499 352.823906250       4.96     10.53      6.11  0.        3298.156      -2447.227        335.308    0.000  -0.085   0.234   0.
  2017 352 19 46 26 499 352.823917824       4.96     10.60      6.23  0.        3299.880      -2446.326        338.546    0.000  -0.085   0.234   0.
  2017 352 19 46 27 499 352.823929398       5.00     10.59      6.33  0.        3301.602      -2445.424        341.783    0.000  -0.085   0.234   0.
  2017 352 19 46 28 499 352.823940972       5.07     10.68      6.45  0.        3303.322      -2444.520        345.020    0.000  -0.085   0.234   0.
  2017 352 19 46 29 499 352.823952546       5.17     10.92      6.61  0.        3305.040      -2443.615        348.258    0.000  -0.085   0.234   0.
  2017 352 19 46 30 500 352.823964120       5.23     11.02      6.82  0.        3306.755      -2442.709        351.495    0.000  -0.085   0.234   0.
  2017 352 19 46 31 500 352.823975694       5.37     11.19      6.93  0.        3308.469      -2441.801        354.731    0.000  -0.085   0.234   0.
  2017 352 19 46 32 499 352.823987269       5.45     11.41      7.18  0.        3310.181      -2440.891        357.968    0.000  -0.085   0.234   0.
  2017 352 19 46 33 499 352.823998843       5.56     11.61      7.33  0.        3311.891      -2439.980        361.204    0.000  -0.085   0.234   0.
  2017 352 19 46 34 500 352.824010417       5.38     11.90      7.70  0.        3313.599      -2439.068        364.440    0.000  -0.085   0.234   0.
  2017 352 19 46 35 500 352.824021991       5.27     12.02      7.83  0.        3315.304      -2438.153        367.676    0.000  -0.085   0.234   0.
  2017 352 19 46 36 500 352.824033565       5.31     12.04      7.68  0.        3317.008      -2437.238        370.911    0.000  -0.085   0.234   0.
  2017 352 19 46 37 500 352.824045139       5.63     12.31      7.60  0.        3318.710      -2436.321        374.147    0.000  -0.085   0.234   0.
  2017 352 19 46 38 500 352.824056713       5.86     12.35      7.76  0.        3320.410      -2435.403        377.382    0.000  -0.085   0.234   0.
  2017 352 19 46 39 499 352.824068286       6.05     12.23      7.88  0.        3322.107      -2434.483        380.617    0.000  -0.085   0.234   0.
  2017 352 19 46 40 499 352.824079858       6.29     12.27      7.80  0.        3323.803      -2433.561        383.851    0.000  -0.085   0.234   0.
  2017 352 19 46 41 499 352.824091432       6.52     12.36      7.88  0.        3325.497      -2432.638        387.086    0.000  -0.085   0.234   0.
  2017 352 19 46 42 499 352.824103006       6.45     12.49      8.11  0.        3327.188      -2431.714        390.320    0.000  -0.085   0.234   0.
  2017 352 19 46 43 499 352.824114580       6.29     12.68      8.53  0.        3328.878      -2430.788        393.554    0.000  -0.085   0.234   0.
  2017 352 19 46 44 499 352.824126155       6.35     12.73      8.59  0.        3330.566      -2429.861        396.788    0.000  -0.085   0.234   0.
  2017 352 19 46 45 499 352.824137729       6.33     12.73      8.62  0.        3332.251      -2428.932        400.021    0.000  -0.085   0.234   0.
  2017 352 19 46 46 499 352.824149303       6.37     12.81      8.66  0.        3333.935      -2428.002        403.254    0.000  -0.085   0.234   0.
  2017 352 19 46 47 499 352.824160877       6.33     12.79      8.59  0.        3335.616      -2427.071        406.487    0.000  -0.085   0.234   0.
  2017 352 19 46 48 499 352.824172451       6.20     12.57      8.23  0.        3337.296      -2426.137        409.720    0.000  -0.085   0.234   0.
  2017 352 19 46 49 499 352.824184025       5.99     12.60      8.13  0.        3338.974      -2425.203        412.952    0.000  -0.085   0.234   0.
  2017 352 19 46 50 499 352.824195599       5.74     12.28      7.90  0.        3340.649      -2424.267        416.185    0.000  -0.085   0.234   0.
  2017 352 19 46 51 499 352.824207173       5.81     12.23      7.71  0.        3342.323      -2423.329        419.416    0.000  -0.085   0.234   0.
  2017 352 19 46 52 499 352.824218747       5.76     12.34      7.92  0.        3343.994      -2422.391        422.649    0.000  -0.085   0.234   0.
  2017 352 19 46 53 499 352.824230321       5.67     12.28      7.97  0.        3345.664      -2421.450        425.880    0.000  -0.085   0.234   0.
  2017 352 19 46 54 499 352.824241895       5.67     12.23      7.74  0.        3347.332      -2420.508        429.111    0.000  -0.085   0.234   0.
  2017 352 19 46 55 499 352.824253469       5.61     12.20      7.58  0.        3348.997      -2419.565        432.342    0.000  -0.085   0.234   0.
  2017 352 19 46 56 499 352.824265043       5.40     11.96      7.50  0.        3350.661      -2418.620        435.573    0.000  -0.085   0.234   0.
  2017 352 19 46 57 499 352.824276617       5.03     11.72      7.69  0.        3352.322      -2417.674        438.803    0.000  -0.085   0.234   0.
  2017 352 19 46 58 499 352.824288192       4.43     11.12      7.85  0.        3353.982      -2416.727        442.033    0.000  -0.085   0.234   0.
  2017 352 19 46 59 499 352.824299766       4.57     11.02      7.40  0.        3355.640      -2415.778        445.263    0.000  -0.085   0.234   0.
  2017 352 19 47  0 499 352.824311340       4.90     11.61      7.34  0.        3357.295      -2414.827        448.493    0.000  -0.085   0.234   0.
  2017 352 19 47  1 499 352.824322914       5.12     12.38      7.60  0.        3358.949      -2413.875        451.722    0.000  -0.085   0.234   0.
  2017 352 19 47  2 499 352.824334488       5.34     13.42      7.86  0.        3360.600      -2412.922        454.951    0.000  -0.085   0.234   0.
  2017 352 19 47  3 499 352.824346062       5.73     13.52      7.52  0.        3362.250      -2411.967        458.180    0.000  -0.085   0.234   0.
  2017 352 19 47  4 499 352.824357636       5.79     13.72      7.85  0.        3363.898      -2411.011        461.408    0.000  -0.085   0.234   0.
  2017 352 19 47  5 499 352.824369210       6.31     14.08      7.51  0.        3365.543      -2410.053        464.637    0.000  -0.085   0.234   0.
  2017 352 19 47  6 499 352.824380784       7.09     15.62      7.22  0.        3367.187      -2409.094        467.865    0.000  -0.085   0.234   0.
  2017 352 19 47  7 499 352.824392358       7.56     16.32      7.05  0.        3368.828      -2408.134        471.092    0.000  -0.085   0.234   0.
  2017 352 19 47  8 499 352.824403932       8.02     16.95      7.21  0.        3370.468      -2407.172        474.320    0.000  -0.085   0.234   0.
  2017 352 19 47  9 499 352.824415506       8.31     17.17      7.01  0.        3372.106      -2406.208        477.547    0.000  -0.085   0.234   0.
  2017 352 19 47 10 499 352.824427077       8.14     16.94      7.08  0.        3373.741      -2405.244        480.774    0.000  -0.085   0.234   0.
  2017 352 19 47 11 499 352.824438652       8.29     15.96      6.50  0.        3375.375      -2404.278        484.000    0.000  -0.085   0.234   0.
  2017 352 19 47 12 499 352.824450226       8.64     16.20      5.95  0.        3377.007      -2403.310        487.226    0.000  -0.085   0.234   0.
  2017 352 19 47 13 499 352.824461800       8.13     16.08      6.19  0.        3378.636      -2402.341        490.452    0.000  -0.085   0.234   0.
  2017 352 19 47 14 499 352.824473374       7.48     14.61      5.41  0.        3380.264      -2401.370        493.678    0.000  -0.085   0.234   0.
  2017 352 19 47 15 499 352.824484948       7.07     14.36      4.88  0.        3381.890      -2400.399        496.903    0.000  -0.085   0.234   0.
  2017 352 19 47 16 499 352.824496522       7.49     13.74      4.06  0.        3383.513      -2399.425        500.128    0.000  -0.085   0.234   0.
  2017 352 19 47 17 499 352.824508096       8.29     14.73      4.31  0.        3385.135      -2398.451        503.353    0.000  -0.085   0.234   0.
  2017 352 19 47 18 499 352.824519670       8.77     14.81      4.58  0.        3386.755      -2397.475        506.578    0.000  -0.085   0.234   0.
  2017 352 19 47 19 499 352.824531244       9.70     16.44      3.96  0.        3388.372      -2396.497        509.802    0.000  -0.085   0.234   0.
  2017 352 19 47 20 499 352.824542818      10.66     17.62      3.83  0.        3389.988      -2395.518        513.026    0.000  -0.085   0.234   0.
  2017 352 19 47 21 499 352.824554392      10.29     19.28      3.89  0.        3391.602      -2394.538        516.249    0.000  -0.085   0.234   0.
  2017 352 19 47 22 499 352.824565966       9.04     17.55      4.34  0.        3393.214      -2393.556        519.473    0.000  -0.085   0.234   0.
  2017 352 19 47 23 499 352.824577540       9.73     16.43      3.96  0.        3394.824      -2392.573        522.696    0.000  -0.085   0.234   0.
  2017 352 19 47 24 499 352.824589115       9.86     15.57      3.76  0.        3396.431      -2391.589        525.918    0.000  -0.085   0.234   0.
  2017 352 19 47 25 499 352.824600689      10.58     15.92      3.01  0.        3398.037      -2390.603        529.141    0.000  -0.085   0.234   0.
  2017 352 19 47 26 499 352.824612263      10.25     16.23      3.28  0.        3399.641      -2389.616        532.363    0.000  -0.085   0.234   0.
  2017 352 19 47 27 499 352.824623837       9.82     15.57      2.73  0.        3401.243      -2388.627        535.584    0.000  -0.085   0.234   0.
  2017 352 19 47 28 499 352.824635411       9.87     15.19      2.41  0.        3402.843      -2387.637        538.806    0.000  -0.085   0.234   0.
  2017 352 19 47 29 499 352.824646985      10.30     15.73      1.65  0.        3404.441      -2386.645        542.027    0.000  -0.085   0.234   0.
  2017 352 19 47 30 499 352.824658559      10.42     15.79      2.13  0.        3406.037      -2385.653        545.247    0.000  -0.085   0.234   0.
  2017 352 19 47 31 499 352.824670133      10.32     15.27      1.87  0.        3407.631      -2384.659        548.468    0.000  -0.085   0.234   0.
  2017 352 19 47 32 499 352.824681707      10.19     14.56      1.34  0.        3409.223      -2383.663        551.688    0.000  -0.085   0.234   0.
  2017 352 19 47 33 499 352.824693281      11.06     15.39      0.41  0.        3410.813      -2382.666        554.908    0.000  -0.085   0.234   0.
  2017 352 19 47 34 499 352.824704855      11.00     16.58      0.87  0.        3412.401      -2381.668        558.127    0.000  -0.085   0.234   0.
  2017 352 19 47 35 499 352.824716429      10.68     16.65      2.20  0.        3413.987      -2380.668        561.346    0.000  -0.085   0.234   0.
  2017 352 19 47 36 499 352.824728004      10.78     16.53      1.28  0.        3415.571      -2379.667        564.565    0.000  -0.085   0.234   0.
  2017 352 19 47 37 499 352.824739578      11.44     17.56      0.97  0.        3417.153      -2378.665        567.784    0.000  -0.085   0.234   0.
  2017 352 19 47 38 499 352.824751152      11.74     17.93      0.82  0.        3418.733      -2377.661        571.002    0.000  -0.085   0.234   0.
  2017 352 19 47 39 499 352.824762725      11.15     17.72      2.02  0.        3420.311      -2376.656        574.220    0.000  -0.085   0.234   0.
  2017 352 19 47 40 499 352.824774297       9.95     14.95      2.67  0.        3421.887      -2375.649        577.437    0.000  -0.085   0.234   0.
  2017 352 19 47 41 499 352.824785871       9.89     14.15      0.47  0.        3423.462      -2374.641        580.654    0.000  -0.085   0.234   0.
  2017 352 19 47 42 499 352.824797445      10.88     15.43     -0.32  0.        3425.034      -2373.632        583.871    0.000  -0.085   0.234   0.
  2017 352 19 47 43 499 352.824809019      10.83     16.09      1.03  0.        3426.604      -2372.621        587.087    0.000  -0.085   0.234   0.
  2017 352 19 47 44 499 352.824820593      10.23     14.66      0.75  0.        3428.172      -2371.609        590.303    0.000  -0.085   0.234   0.
  2017 352 19 47 45 499 352.824832167      10.77     15.30     -0.10  0.        3429.739      -2370.596        593.519    0.000  -0.085   0.234   0.
  2017 352 19 47 46 499 352.824843741      11.61     16.45      0.07  0.        3431.303      -2369.581        596.735    0.000  -0.085   0.234   0.
  2017 352 19 47 47 499 352.824855315      11.21     16.76      0.37  0.        3432.866      -2368.565        599.950    0.000  -0.085   0.234   0.
  2017 352 19 47 48 499 352.824866889      10.96     16.76      0.30  0.        3434.426      -2367.547        603.165    0.000  -0.085   0.234   0.
  2017 352 19 47 49 499 352.824878464      10.73     15.46      0.50  0.        3435.985      -2366.529        606.379    0.000  -0.085   0.234   0.
  2017 352 19 47 50 499 352.824890038      10.41     14.70      0.77  0.        3437.541      -2365.508        609.593    0.000  -0.085   0.234   0.
  2017 352 19 47 51 499 352.824901612      10.42     14.90     -0.80  0.        3439.096      -2364.487        612.807    0.000  -0.085   0.234   0.
  2017 352 19 47 52 499 352.824913186      10.71     15.87     -1.39  0.        3440.648      -2363.464        616.020    0.000  -0.085   0.234   0.
  2017 352 19 47 53 499 352.824924760      10.38     16.66      0.47  0.        3442.199      -2362.440        619.233    0.000  -0.085   0.234   0.
  2017 352 19 47 54 499 352.824936334      10.52     15.47     -0.81  0.        3443.748      -2361.414        622.446    0.000  -0.085   0.234   0.
  2017 352 19 47 55 499 352.824947908      10.63     15.96     -1.07  0.        3445.294      -2360.387        625.658    0.000  -0.085   0.234   0.
  2017 352 19 47 56 499 352.824959482      11.34     17.05     -0.49  0.        3446.839      -2359.359        628.870    0.000  -0.085   0.234   0.
  2017 352 19 47 57 499 352.824971056      11.00     16.37      0.31  0.        3448.382      -2358.329        632.081    0.000  -0.085   0.234   0.
  2017 352 19 47 58 499 352.824982630      10.68     14.94     -0.15  0.        3449.923      -2357.299        635.292    0.000  -0.085   0.234   0.
  2017 352 19 47 59 499 352.824994204      11.46     15.48     -1.25  0.        3451.462      -2356.266        638.503    0.000  -0.085   0.234   0.
  2017 352 19 48  0 499 352.825005778      11.84     16.55     -1.48  0.        3452.999      -2355.233        641.714    0.000  -0.085   0.234   0.
  2017 352 19 48  1 499 352.825017352      12.26     17.61     -1.11  0.        3454.533      -2354.198        644.924    0.000  -0.085   0.234   0.
  2017 352 19 48  2 499 352.825028927      12.32     18.05     -0.53  0.        3456.066      -2353.162        648.134    0.000  -0.085   0.234   0.
  2017 352 19 48  3 499 352.825040501      11.67     16.94     -0.10  0.        3457.598      -2352.124        651.343    0.000  -0.085   0.234   0.
  2017 352 19 48  4 499 352.825052075      10.74     16.79     -0.39  0.        3459.127      -2351.085        654.552    0.000  -0.085   0.235   0.
  2017 352 19 48  5 499 352.825063649      11.48     16.60     -0.41  0.        3460.654      -2350.045        657.760    0.000  -0.085   0.235   0.
  2017 352 19 48  6 499 352.825075223      11.99     16.46      1.05  0.        3462.179      -2349.003        660.969    0.000  -0.085   0.235   0.
  2017 352 19 48  7 499 352.825086796      11.10     15.16      0.41  0.        3463.702      -2347.960        664.177    0.000  -0.085   0.235   0.
  2017 352 19 48  8 498 352.825098368      10.77     13.88     -0.85  0.        3465.224      -2346.916        667.384    0.000  -0.086   0.235   0.
  2017 352 19 48  9 498 352.825109942      11.19     14.69     -2.70  0.        3466.743      -2345.871        670.591    0.000  -0.086   0.235   0.
  2017 352 19 48 10 498 352.825121516      12.22     16.13     -2.46  0.        3468.260      -2344.824        673.798    0.000  -0.086   0.235   0.
  2017 352 19 48 11 498 352.825133090      12.15     16.42     -1.90  0.        3469.776      -2343.776        677.004    0.000  -0.086   0.235   0.
  2017 352 19 48 12 499 352.825144664      11.88     16.83     -1.78  0.        3471.289      -2342.726        680.210    0.000  -0.086   0.235   0.
  2017 352 19 48 13 499 352.825156238      11.32     16.54     -0.69  0.        3472.801      -2341.675        683.416    0.000  -0.086   0.235   0.
  2017 352 19 48 14 499 352.825167812      10.76     14.34     -1.36  0.        3474.310      -2340.623        686.621    0.000  -0.086   0.236   0.
  2017 352 19 48 15 498 352.825179387      11.14     14.36     -2.51  0.        3475.818      -2339.570        689.826    0.000  -0.086   0.236   0.
  2017 352 19 48 16 499 352.825190961      11.02     14.32     -2.47  0.        3477.324      -2338.515        693.030    0.000  -0.086   0.236   0.
  2017 352 19 48 17 499 352.825202535      11.88     15.73     -3.48  0.        3478.828      -2337.459        696.234    0.000  -0.086   0.236   0.
  2017 352 19 48 18 499 352.825214109      11.67     16.78     -1.81  0.        3480.329      -2336.402        699.438    0.000  -0.086   0.237   0.
  2017 352 19 48 19 499 352.825225683      11.64     16.17     -1.34  0.        3481.829      -2335.343        702.641    0.000  -0.086   0.237   0.
  2017 352 19 48 20 499 352.825237257      11.54     15.58     -2.35  0.        3483.327      -2334.283        705.844    0.000  -0.086   0.237   0.
  2017 352 19 48 21 498 352.825248831      11.04     17.04     -1.83  0.        3484.823      -2333.222        709.046    0.000  -0.086   0.237   0.
  2017 352 19 48 22 498 352.825260405      11.11     15.98     -2.02  0.        3486.317      -2332.159        712.248    0.000  -0.086   0.237   0.
  2017 352 19 48 23 498 352.825271979      11.90     16.84     -2.32  0.        3487.810      -2331.096        715.450    0.000  -0.086   0.237   0.
  2017 352 19 48 24 498 352.825283553      10.88     17.19     -0.91  0.        3489.300      -2330.031        718.651    0.000  -0.086   0.237   0.
  2017 352 19 48 25 498 352.825295127      10.23     16.24     -0.35  0.        3490.788      -2328.964        721.852    0.000  -0.086   0.237   0.
  2017 352 19 48 26 499 352.825306701       9.77     14.76     -0.84  0.        3492.274      -2327.896        725.052    0.000  -0.086   0.238   0.
  2017 352 19 48 27 499 352.825318275      10.92     15.11     -2.45  0.        3493.759      -2326.827        728.252    0.000  -0.086   0.238   0.
  2017 352 19 48 28 498 352.825329850      11.66     15.12     -1.77  0.        3495.241      -2325.757        731.452    0.000  -0.087   0.238   0.
  2017 352 19 48 29 498 352.825341424      10.56     14.67     -2.12  0.        3496.722      -2324.686        734.651    0.000  -0.087   0.238   0.
  2017 352 19 48 30 499 352.825352998      11.93     15.78     -3.92  0.        3498.200      -2323.613        737.850    0.000  -0.087   0.238   0.
  2017 352 19 48 31 499 352.825364572      12.27     16.74     -3.32  0.        3499.677      -2322.539        741.048    0.000  -0.087   0.239   0.
  2017 352 19 48 32 499 352.825376146      12.00     15.68     -2.74  0.        3501.152      -2321.463        744.246    0.000  -0.087   0.240   0.
  2017 352 19 48 33 499 352.825387720      11.99     13.44     -3.70  0.        3502.625      -2320.387        747.444    0.000  -0.087   0.240   0.
  2017 352 19 48 34 499 352.825399294      11.14     12.64     -3.97  0.        3504.095      -2319.309        750.641    0.000  -0.087   0.240   0.
  2017 352 19 48 35 498 352.825410868      10.81     13.54     -4.77  0.        3505.564      -2318.229        753.837    0.000  -0.087   0.240   0.
  2017 352 19 48 36 498 352.825422442      11.54     15.25     -2.72  0.        3507.031      -2317.149        757.034    0.000  -0.087   0.240   0.
  2017 352 19 48 37 498 352.825434015      11.11     14.14     -2.40  0.        3508.496      -2316.067        760.230    0.000  -0.087   0.240   0.
  2017 352 19 48 38 498 352.825445587      10.92     12.42     -3.00  0.        3509.960      -2314.984        763.425    0.000  -0.088   0.241   0.
  2017 352 19 48 39 498 352.825457161      10.95     13.92     -4.02  0.        3511.421      -2313.900        766.620    0.000  -0.088   0.241   0.
  2017 352 19 48 40 498 352.825468736       9.95     13.96     -3.83  0.        3512.880      -2312.814        769.815    0.000  -0.088   0.241   0.
  2017 352 19 48 41 498 352.825480310       9.96     14.26     -4.77  0.        3514.337      -2311.727        773.009    0.000  -0.088   0.241   0.
  2017 352 19 48 42 498 352.825491884      10.95     14.67     -3.72  0.        3515.793      -2310.639        776.202    0.000  -0.088   0.242   0.
  2017 352 19 48 43 498 352.825503458      10.92     13.89     -3.16  0.        3517.246      -2309.550        779.396    0.000  -0.088   0.242   0.
  2017 352 19 48 44 498 352.825515032      10.24     13.45     -3.36  0.        3518.698      -2308.459        782.589    0.000  -0.088   0.242   0.
  2017 352 19 48 45 498 352.825526606      10.18     13.33     -3.79  0.        3520.148      -2307.367        785.781    0.000  -0.088   0.242   0.
  2017 352 19 48 46 498 352.825538180      10.16     13.20     -4.41  0.        3521.595      -2306.274        788.973    0.000  -0.089   0.243   0.
  2017 352 19 48 47 498 352.825549754      10.56     14.00     -4.21  0.        3523.041      -2305.179        792.165    0.000  -0.089   0.243   0.
  2017 352 19 48 48 498 352.825561328      10.47     13.85     -3.23  0.        3524.485      -2304.084        795.356    0.000  -0.089   0.244   0.
  2017 352 19 48 49 498 352.825572902      10.23     13.40     -3.14  0.        3525.927      -2302.987        798.547    0.000  -0.089   0.244   0.
  2017 352 19 48 50 498 352.825584476      10.14     11.95     -3.81  0.        3527.367      -2301.889        801.737    0.000  -0.089   0.244   0.
  2017 352 19 48 51 498 352.825596050      10.08     12.64     -4.41  0.        3528.806      -2300.789        804.927    0.000  -0.089   0.244   0.
  2017 352 19 48 52 498 352.825607624       9.45     12.43     -3.74  0.        3530.242      -2299.689        808.116    0.000  -0.089   0.245   0.
  2017 352 19 48 53 498 352.825619198      10.12     13.44     -6.19  0.        3531.676      -2298.587        811.305    0.000  -0.089   0.245   0.
  2017 352 19 48 54 498 352.825630773      10.29     14.80     -4.76  0.        3533.109      -2297.483        814.494    0.000  -0.089   0.246   0.
  2017 352 19 48 55 498 352.825642347      10.03     14.51     -3.52  0.        3534.539      -2296.379        817.682    0.000  -0.089   0.246   0.
  2017 352 19 48 56 498 352.825653921       9.89     14.66     -2.92  0.        3535.968      -2295.273        820.869    0.000  -0.090   0.246   0.
  2017 352 19 48 57 498 352.825665495       9.18     14.82     -2.75  0.        3537.394      -2294.166        824.057    0.000  -0.090   0.246   0.
  2017 352 19 48 58 498 352.825677069       9.99     13.52     -3.09  0.        3538.819      -2293.058        827.243    0.000  -0.090   0.247   0.
  2017 352 19 48 59 498 352.825688643       8.96     13.12     -2.53  0.        3540.242      -2291.949        830.430    0.000  -0.090   0.247   0.
  2017 352 19 49  0 498 352.825700217       9.32     10.54     -3.92  0.        3541.663      -2290.838        833.615    0.000  -0.090   0.247   0.
  2017 352 19 49  1 498 352.825711791       9.88     12.58     -6.39  0.        3543.082      -2289.727        836.801    0.000  -0.090   0.247   0.
  2017 352 19 49  2 498 352.825723365       9.28     13.44     -3.24  0.        3544.499      -2288.613        839.986    0.000  -0.090   0.248   0.
  2017 352 19 49  3 498 352.825734939       9.42     12.70     -3.95  0.        3545.915      -2287.499        843.170    0.000  -0.090   0.248   0.
  2017 352 19 49  4 498 352.825746513       8.71     12.76     -2.40  0.        3547.328      -2286.384        846.354    0.000  -0.091   0.249   0.
  2017 352 19 49  5 498 352.825758087       9.01     11.80     -4.05  0.        3548.739      -2285.267        849.538    0.000  -0.091   0.249   0.
  2017 352 19 49  6 498 352.825769661       9.50     14.01     -4.31  0.        3550.149      -2284.149        852.721    0.000  -0.091   0.249   0.
  2017 352 19 49  7 498 352.825781235       9.26     13.46     -2.39  0.        3551.557      -2283.030        855.903    0.000  -0.091   0.249   0.
  2017 352 19 49  8 498 352.825792807       9.59     12.55     -3.12  0.        3552.962      -2281.909        859.086    0.000  -0.091   0.250   0.
  2017 352 19 49  9 498 352.825804381       9.75     13.98     -3.42  0.        3554.366      -2280.788        862.267    0.000  -0.091   0.250   0.
  2017 352 19 49 10 498 352.825815955       9.24     14.63     -1.78  0.        3555.768      -2279.665        865.449    0.000  -0.091   0.251   0.
  2017 352 19 49 11 498 352.825827529       9.26     13.33     -1.86  0.        3557.168      -2278.541        868.629    0.000  -0.091   0.251   0.
  2017 352 19 49 12 498 352.825839103       9.07     13.06     -2.71  0.        3558.566      -2277.415        871.810    0.000  -0.091   0.251   0.
  2017 352 19 49 13 498 352.825850677      10.26     12.53     -3.72  0.        3559.962      -2276.289        874.989    0.000  -0.091   0.251   0.
  2017 352 19 49 14 498 352.825862251      10.30     12.92     -5.06  0.        3561.357      -2275.161        878.169    0.000  -0.092   0.252   0.
  2017 352 19 49 15 498 352.825873825       8.94     15.30     -4.59  0.        3562.749      -2274.032        881.348    0.000  -0.092   0.252   0.
  2017 352 19 49 16 498 352.825885399       7.56     15.71     -3.60  0.        3564.140      -2272.902        884.526    0.000  -0.092   0.253   0.
  2017 352 19 49 17 498 352.825896973       7.87     14.94     -3.16  0.        3565.528      -2271.771        887.704    0.000  -0.092   0.253   0.
  2017 352 19 49 18 498 352.825908547       8.28     13.64     -3.94  0.        3566.915      -2270.638        890.882    0.000  -0.092   0.253   0.
  2017 352 19 49 19 498 352.825920121       7.87     14.43     -4.30  0.        3568.300      -2269.504        894.059    0.000  -0.092   0.253   0.
  2017 352 19 49 20 498 352.825931696       8.93     13.93     -4.78  0.        3569.683      -2268.369        897.235    0.000  -0.092   0.254   0.
  2017 352 19 49 21 498 352.825943270       9.00     13.72     -5.26  0.        3571.064      -2267.233        900.411    0.000  -0.092   0.254   0.
  2017 352 19 49 22 498 352.825954844       9.28     14.67     -5.60  0.        3572.443      -2266.096        903.587    0.000  -0.093   0.254   0.
  2017 352 19 49 23 498 352.825966418       9.71     15.71     -5.18  0.        3573.821      -2264.957        906.762    0.000  -0.093   0.254   0.
  2017 352 19 49 24 498 352.825977992       9.51     16.97     -3.58  0.        3575.196      -2263.818        909.936    0.000  -0.093   0.255   0.
  2017 352 19 49 25 498 352.825989566       9.30     15.50     -2.48  0.        3576.570      -2262.677        913.110    0.000  -0.093   0.255   0.
  2017 352 19 49 26 498 352.826001140       9.43     15.33     -2.73  0.        3577.941      -2261.535        916.284    0.000  -0.093   0.256   0.
  2017 352 19 49 27 498 352.826012714       9.39     15.11     -2.59  0.        3579.311      -2260.391        919.457    0.000  -0.093   0.256   0.
  2017 352 19 49 28 498 352.826024288       9.27     14.74     -2.88  0.        3580.679      -2259.247        922.630    0.000  -0.093   0.256   0.
  2017 352 19 49 29 498 352.826035862       9.11     13.21     -2.65  0.        3582.045      -2258.101        925.802    0.000  -0.093   0.256   0.
  2017 352 19 49 30 498 352.826047436       8.49     11.23     -2.12  0.        3583.409      -2256.954        928.974    0.000  -0.094   0.257   0.
  2017 352 19 49 31 498 352.826059010       8.35     10.67     -3.55  0.        3584.771      -2255.806        932.145    0.000  -0.094   0.257   0.
  2017 352 19 49 32 498 352.826070584       7.80     12.36     -2.30  0.        3586.132      -2254.657        935.316    0.000  -0.094   0.257   0.
  2017 352 19 49 33 498 352.826082159       7.80     13.39     -1.84  0.        3587.490      -2253.506        938.486    0.000  -0.094   0.257   0.
  2017 352 19 49 34 498 352.826093733       7.83     12.83     -1.85  0.        3588.847      -2252.355        941.655    0.000  -0.094   0.258   0.
  2017 352 19 49 35 498 352.826105307       8.82     12.23     -2.03  0.        3590.201      -2251.202        944.825    0.000  -0.094   0.258   0.
  2017 352 19 49 36 498 352.826116881       9.30     12.49     -1.24  0.        3591.554      -2250.048        947.994    0.000  -0.094   0.259   0.
  2017 352 19 49 37 498 352.826128454       8.41     13.10     -0.95  0.        3592.905      -2248.893        951.162    0.000  -0.094   0.259   0.
  2017 352 19 49 38 498 352.826140026       7.62     13.04     -0.86  0.        3594.254      -2247.736        954.329    0.000  -0.094   0.260   0.
  2017 352 19 49 39 498 352.826151600       7.46     13.85     -1.42  0.        3595.601      -2246.579        957.496    0.000  -0.094   0.260   0.
  2017 352 19 49 40 498 352.826163174       7.59     13.82     -3.82  0.        3596.947      -2245.420        960.663    0.000  -0.095   0.260   0.
  2017 352 19 49 41 498 352.826174748       9.07     13.06     -6.01  0.        3598.290      -2244.260        963.829    0.000  -0.095   0.260   0.
  2017 352 19 49 42 498 352.826186322       9.72     12.72     -5.11  0.        3599.632      -2243.099        966.995    0.000  -0.095   0.261   0.
  2017 352 19 49 43 498 352.826197896       9.57     13.19     -2.07  0.        3600.972      -2241.937        970.160    0.000  -0.095   0.261   0.
  2017 352 19 49 44 498 352.826209471       9.29     13.15     -1.28  0.        3602.309      -2240.774        973.325    0.000  -0.095   0.261   0.
  2017 352 19 49 45 498 352.826221045       8.71     12.91     -0.38  0.        3603.645      -2239.609        976.489    0.000  -0.095   0.261   0.
  2017 352 19 49 46 498 352.826232619       8.01     11.94      0.65  0.        3604.979      -2238.444        979.653    0.000  -0.095   0.262   0.
  2017 352 19 49 47 498 352.826244193       7.38     11.10      0.10  0.        3606.312      -2237.277        982.816    0.000  -0.095   0.262   0.
  2017 352 19 49 48 498 352.826255767       7.01     11.07     -1.49  0.        3607.642      -2236.109        985.978    0.000  -0.096   0.263   0.
  2017 352 19 49 49 498 352.826267341       7.29     10.59     -3.87  0.        3608.970      -2234.940        989.141    0.000  -0.096   0.263   0.
  2017 352 19 49 50 498 352.826278915       7.29     10.06     -5.24  0.        3610.297      -2233.769        992.302    0.000  -0.096   0.263   0.
  2017 352 19 49 51 498 352.826290489       7.12      9.22     -5.81  0.        3611.622      -2232.598        995.463    0.000  -0.096   0.263   0.
  2017 352 19 49 52 498 352.826302063       6.28      8.54     -4.47  0.        3612.945      -2231.425        998.624    0.000  -0.096   0.264   0.
  2017 352 19 49 53 498 352.826313637       6.54      8.96     -4.92  0.        3614.266      -2230.252       1001.784    0.000  -0.096   0.264   0.
  2017 352 19 49 54 498 352.826325211       6.36      8.97     -5.34  0.        3615.585      -2229.077       1004.943    0.000  -0.096   0.264   0.
  2017 352 19 49 55 498 352.826336785       6.32      9.40     -6.71  0.        3616.902      -2227.901       1008.102    0.000  -0.096   0.264   0.
  2017 352 19 49 56 498 352.826348359       7.65     10.94     -5.60  0.        3618.218      -2226.724       1011.261    0.000  -0.096   0.265   0.
  2017 352 19 49 57 498 352.826359933       7.42     12.04     -3.78  0.        3619.532      -2225.545       1014.419    0.000  -0.096   0.265   0.
  2017 352 19 49 58 498 352.826371508       6.99     12.25     -3.25  0.        3620.843      -2224.366       1017.576    0.000  -0.097   0.266   0.
  2017 352 19 49 59 498 352.826383082       7.02     12.54     -3.18  0.        3622.153      -2223.185       1020.733    0.000  -0.097   0.266   0.
  2017 352 19 50  0 498 352.826394656       8.05     12.25     -3.76  0.        3623.461      -2222.003       1023.890    0.000  -0.097   0.266   0.
  2017 352 19 50  1 498 352.826406230       7.90     11.80     -2.34  0.        3624.767      -2220.821       1027.045    0.000  -0.097   0.266   0.
  2017 352 19 50  2 498 352.826417804       8.19     11.32     -1.52  0.        3626.072      -2219.637       1030.201    0.000  -0.097   0.267   0.
  2017 352 19 50  3 498 352.826429378       7.31     11.08     -1.38  0.        3627.374      -2218.451       1033.356    0.000  -0.097   0.267   0.
  2017 352 19 50  4 498 352.826440952       6.29     10.80     -1.95  0.        3628.675      -2217.265       1036.510    0.000  -0.097   0.268   0.
  2017 352 19 50  5 498 352.826452526       6.53      9.62     -3.18  0.        3629.973      -2216.078       1039.664    0.000  -0.097   0.268   0.
  2017 352 19 50  6 498 352.826464100       6.54      9.06     -5.54  0.        3631.270      -2214.889       1042.817    0.000  -0.098   0.268   0.
  2017 352 19 50  7 497 352.826475673       5.98      9.76     -4.91  0.        3632.565      -2213.699       1045.969    0.000  -0.098   0.268   0.
  2017 352 19 50  8 498 352.826487245       8.79     11.08     -5.94  0.        3633.859      -2212.509       1049.121    0.000  -0.098   0.269   0.
  2017 352 19 50  9 498 352.826498819       5.86      4.93     -4.04  0.        3635.150      -2211.317       1052.273    0.000  -0.098   0.269   0.
  2017 352 19 50 10 497 352.826510394       3.40      1.76     -3.18  0.        3636.440      -2210.124       1055.424    0.000  -0.098   0.269   0.
  2017 352 19 50 11 497 352.826521968       2.68      4.97     -1.12  0.        3637.727      -2208.929       1058.575    0.000  -0.098   0.269   0.
  2017 352 19 50 12 498 352.826533542       3.12      9.80      0.89  0.        3639.013      -2207.734       1061.725    0.000  -0.098   0.270   0.
  2017 352 19 50 13 498 352.826545116       4.74      8.00      1.28  0.        3640.297      -2206.538       1064.874    0.000  -0.098   0.270   0.
  2017 352 19 50 14 498 352.826556690       4.71      7.59     -2.55  0.        3641.579      -2205.340       1068.023    0.000  -0.098   0.270   0.
  2017 352 19 50 15 498 352.826568264       5.10      8.49     -3.21  0.        3642.859      -2204.142       1071.171    0.000  -0.098   0.271   0.
  2017 352 19 50 16 498 352.826579838       6.68      9.55     -3.92  0.        3644.138      -2202.942       1074.319    0.000  -0.099   0.272   0.
  2017 352 19 50 17 497 352.826591412       6.12      8.72     -4.82  0.        3645.414      -2201.741       1077.466    0.000  -0.099   0.272   0.
  2017 352 19 50 18 497 352.826602986       4.84      9.55     -4.18  0.        3646.689      -2200.539       1080.613    0.000  -0.099   0.272   0.
  2017 352 19 50 19 497 352.826614560       5.62      8.68     -4.57  0.        3647.962      -2199.336       1083.759    0.000  -0.099   0.272   0.
  2017 352 19 50 20 497 352.826626134       6.39      8.63     -3.34  0.        3649.233      -2198.132       1086.905    0.000  -0.099   0.272   0.
  2017 352 19 50 21 497 352.826637708       7.07      8.64     -2.83  0.        3650.503      -2196.926       1090.050    0.000  -0.099   0.272   0.
  2017 352 19 50 22 498 352.826649282       6.51      8.62     -3.15  0.        3651.770      -2195.720       1093.194    0.000  -0.099   0.273   0.
  2017 352 19 50 23 498 352.826660856       5.14      8.28     -1.29  0.        3653.035      -2194.512       1096.338    0.000  -0.099   0.273   0.
  2017 352 19 50 24 497 352.826672431       5.06      8.32     -0.25  0.        3654.299      -2193.304       1099.482    0.000  -0.100   0.273   0.
  2017 352 19 50 25 497 352.826684005       4.97      8.14     -1.11  0.        3655.561      -2192.094       1102.624    0.000  -0.100   0.273   0.
  2017 352 19 50 26 498 352.826695579       4.94      8.02     -1.61  0.        3656.821      -2190.883       1105.767    0.000  -0.100   0.274   0.
  2017 352 19 50 27 498 352.826707153       4.46      8.24     -1.56  0.        3658.079      -2189.671       1108.909    0.000  -0.100   0.274   0.
  2017 352 19 50 28 498 352.826718727       4.96      8.36     -0.51  0.        3659.336      -2188.458       1112.050    0.000  -0.100   0.275   0.
  2017 352 19 50 29 498 352.826730301       5.34      7.68     -0.66  0.        3660.590      -2187.244       1115.190    0.000  -0.100   0.275   0.
  2017 352 19 50 30 498 352.826741875       4.65      6.70     -1.63  0.        3661.843      -2186.029       1118.330    0.000  -0.100   0.275   0.
  2017 352 19 50 31 497 352.826753449       4.74      6.46     -4.20  0.        3663.094      -2184.813       1121.470    0.000  -0.100   0.275   0.
  2017 352 19 50 32 497 352.826765023       4.93      8.47     -6.53  0.        3664.343      -2183.596       1124.609    0.000  -0.101   0.276   0.
  2017 352 19 50 33 497 352.826776597       8.20      9.64     -5.80  0.        3665.590      -2182.377       1127.747    0.000  -0.101   0.276   0.
  2017 352 19 50 34 497 352.826788171       7.09      7.37     -4.96  0.        3666.836      -2181.158       1130.885    0.000  -0.101   0.276   0.
  2017 352 19 50 35 498 352.826799745       5.13      7.67     -4.75  0.        3668.079      -2179.937       1134.022    0.000  -0.101   0.276   0.
  2017 352 19 50 36 498 352.826811319       4.96      8.98     -3.74  0.        3669.321      -2178.715       1137.159    0.000  -0.101   0.277   0.
  2017 352 19 50 37 497 352.826822893       5.31     10.04     -3.28  0.        3670.561      -2177.492       1140.295    0.000  -0.101   0.277   0.
  2017 352 19 50 38 497 352.826834465       7.53      9.65     -3.41  0.        3671.799      -2176.269       1143.430    0.000  -0.101   0.278   0.
  2017 352 19 50 39 497 352.826846039       7.29      6.23     -3.36  0.        3673.036      -2175.044       1146.565    0.000  -0.101   0.278   0.
  2017 352 19 50 40 497 352.826857613       5.54      6.17     -1.86  0.        3674.270      -2173.818       1149.700    0.000  -0.101   0.278   0.
  2017 352 19 50 41 497 352.826869187       4.38      5.82     -1.84  0.        3675.503      -2172.590       1152.833    0.000  -0.101   0.278   0.
  2017 352 19 50 42 497 352.826880761       3.47      5.40     -2.95  0.        3676.734      -2171.362       1155.967    0.000  -0.102   0.279   0.
  2017 352 19 50 43 497 352.826892335       3.38      5.22     -1.95  0.        3677.963      -2170.133       1159.099    0.000  -0.102   0.279   0.
  2017 352 19 50 44 497 352.826903909       3.48      6.30     -0.48  0.        3679.190      -2168.903       1162.231    0.000  -0.102   0.280   0.
  2017 352 19 50 45 497 352.826915483       3.68      5.85      1.03  0.        3680.416      -2167.671       1165.363    0.000  -0.102   0.280   0.
  2017 352 19 50 46 497 352.826927057       4.31      6.49     -0.39  0.        3681.639      -2166.439       1168.494    0.000  -0.102   0.280   0.
  2017 352 19 50 47 497 352.826938631       4.17      7.10     -0.05  0.        3682.861      -2165.205       1171.624    0.000  -0.102   0.280   0.
  2017 352 19 50 48 497 352.826950205       4.79      8.24     -0.56  0.        3684.081      -2163.971       1174.754    0.000  -0.102   0.281   0.
  2017 352 19 50 49 497 352.826961780       4.31      9.08     -1.13  0.        3685.299      -2162.735       1177.883    0.000  -0.102   0.281   0.
  2017 352 19 50 50 497 352.826973354       4.95      8.84     -0.69  0.        3686.515      -2161.498       1181.012    0.000  -0.102   0.281   0.
  2017 352 19 50 51 497 352.826984928       6.36      9.91     -0.46  0.        3687.730      -2160.261       1184.140    0.000  -0.102   0.281   0.
  2017 352 19 50 52 497 352.826996502       5.71      9.11     -2.02  0.        3688.943      -2159.022       1187.267    0.000  -0.103   0.282   0.
  2017 352 19 50 53 497 352.827008076       4.29      9.23     -4.12  0.        3690.154      -2157.782       1190.394    0.000  -0.103   0.282   0.
  2017 352 19 50 54 497 352.827019650       4.16      9.86     -2.62  0.        3691.363      -2156.541       1193.520    0.000  -0.103   0.283   0.
  2017 352 19 50 55 497 352.827031224       5.37      8.79     -0.67  0.        3692.570      -2155.299       1196.646    0.000  -0.103   0.283   0.
  2017 352 19 50 56 497 352.827042798       5.36      9.55     -2.05  0.        3693.776      -2154.056       1199.771    0.000  -0.103   0.284   0.
  2017 352 19 50 57 497 352.827054372       6.60     10.16     -3.53  0.        3694.979      -2152.812       1202.895    0.000  -0.103   0.284   0.
  2017 352 19 50 58 497 352.827065946       8.55      9.00     -3.98  0.        3696.181      -2151.567       1206.019    0.000  -0.103   0.284   0.
  2017 352 19 50 59 497 352.827077520       7.07      7.54     -4.49  0.        3697.381      -2150.320       1209.143    0.000  -0.103   0.284   0.
  2017 352 19 51  0 497 352.827089094       5.24      9.47     -5.25  0.        3698.580      -2149.073       1212.265    0.000  -0.104   0.285   0.
  2017 352 19 51  1 497 352.827100668       4.95      9.39     -6.07  0.        3699.776      -2147.825       1215.387    0.000  -0.104   0.285   0.
  2017 352 19 51  2 497 352.827112242       6.59      8.92     -5.67  0.        3700.971      -2146.575       1218.509    0.000  -0.104   0.285   0.
  2017 352 19 51  3 497 352.827123817       6.90      8.10     -3.90  0.        3702.164      -2145.325       1221.630    0.000  -0.104   0.285   0.
  2017 352 19 51  4 497 352.827135391       6.60      8.71     -2.72  0.        3703.355      -2144.074       1224.750    0.000  -0.104   0.286   0.
  2017 352 19 51  5 497 352.827146964       5.75      9.09     -2.73  0.        3704.544      -2142.821       1227.870    0.000  -0.104   0.286   0.
  2017 352 19 51  6 497 352.827158536       5.05      8.48     -2.84  0.        3705.732      -2141.568       1230.989    0.000  -0.104   0.286   0.
  2017 352 19 51  7 497 352.827170110       4.74      6.69     -2.91  0.        3706.917      -2140.313       1234.108    0.000  -0.104   0.286   0.
  2017 352 19 51  8 497 352.827181684       4.57      6.32     -4.00  0.        3708.101      -2139.057       1237.225    0.000  -0.105   0.287   0.
  2017 352 19 51  9 497 352.827193258       3.81      6.16     -4.54  0.        3709.283      -2137.801       1240.343    0.000  -0.105   0.287   0.
  2017 352 19 51 10 497 352.827204832       4.78      7.47     -4.80  0.        3710.464      -2136.543       1243.460    0.000  -0.105   0.288   0.
  2017 352 19 51 11 497 352.827216406       6.20      9.22     -3.94  0.        3711.642      -2135.285       1246.576    0.000  -0.105   0.288   0.
  2017 352 19 51 12 497 352.827227980       6.65      8.60     -1.57  0.        3712.819      -2134.025       1249.691    0.000  -0.105   0.288   0.
  2017 352 19 51 13 497 352.827239554       6.33      6.87     -2.75  0.        3713.994      -2132.764       1252.806    0.000  -0.105   0.288   0.
  2017 352 19 51 14 497 352.827251129       5.19      4.98     -3.34  0.        3715.167      -2131.502       1255.920    0.000  -0.105   0.289   0.
  2017 352 19 51 15 497 352.827262703       3.34      4.20     -5.08  0.        3716.338      -2130.240       1259.034    0.000  -0.105   0.289   0.
  2017 352 19 51 16 497 352.827274277       2.65      4.09     -5.02  0.        3717.508      -2128.976       1262.147    0.000  -0.105   0.290   0.
  2017 352 19 51 17 497 352.827285851       3.32      5.63     -2.19  0.        3718.676      -2127.711       1265.260    0.000  -0.105   0.290   0.
  2017 352 19 51 18 497 352.827297425       3.14      4.43     -2.07  0.        3719.842      -2126.445       1268.371    0.000  -0.105   0.290   0.
  2017 352 19 51 19 497 352.827308999       2.52      4.98     -1.28  0.        3721.006      -2125.178       1271.483    0.000  -0.105   0.290   0.
  2017 352 19 51 20 497 352.827320573       3.35      6.69      0.16  0.        3722.169      -2123.910       1274.593    0.000  -0.106   0.291   0.
  2017 352 19 51 21 497 352.827332147       4.21      4.04     -2.45  0.        3723.329      -2122.642       1277.703    0.000  -0.106   0.291   0.
  2017 352 19 51 22 497 352.827343721       2.35      5.47     -6.04  0.        3724.488      -2121.372       1280.813    0.000  -0.106   0.291   0.
  2017 352 19 51 23 497 352.827355295       1.03      8.01     -9.57  0.        3725.645      -2120.101       1283.922    0.000  -0.106   0.291   0.
  2017 352 19 51 24 497 352.827366869       1.66     10.43     -9.20  0.        3726.801      -2118.829       1287.030    0.000  -0.106   0.292   0.
  2017 352 19 51 25 497 352.827378443       6.64      9.09     -9.99  0.        3727.954      -2117.556       1290.137    0.000  -0.106   0.292   0.
  2017 352 19 51 26 497 352.827390017       7.59      6.59     -5.33  0.        3729.106      -2116.282       1293.244    0.000  -0.106   0.292   0.
  2017 352 19 51 27 497 352.827401591       6.17      7.70     -4.47  0.        3730.256      -2115.007       1296.351    0.000  -0.106   0.292   0.
  2017 352 19 51 28 497 352.827413166       5.92      8.83     -3.38  0.        3731.404      -2113.731       1299.456    0.000  -0.107   0.293   0.
  2017 352 19 51 29 497 352.827424740       4.91      7.34     -0.98  0.        3732.551      -2112.454       1302.562    0.000  -0.107   0.293   0.
  2017 352 19 51 30 497 352.827436314       5.28      7.38      0.69  0.        3733.695      -2111.176       1305.666    0.000  -0.107   0.293   0.
  2017 352 19 51 31 497 352.827447888       4.53      6.30      0.39  0.        3734.838      -2109.897       1308.770    0.000  -0.107   0.294   0.
  2017 352 19 51 32 497 352.827459462       3.19      4.36     -1.71  0.        3735.980      -2108.617       1311.873    0.000  -0.107   0.295   0.
  2017 352 19 51 33 497 352.827471036       2.26      5.26     -5.77  0.        3737.119      -2107.336       1314.976    0.000  -0.107   0.295   0.
  2017 352 19 51 34 497 352.827482610       6.50      9.30     -8.17  0.        3738.256      -2106.054       1318.078    0.000  -0.107   0.295   0.
  2017 352 19 51 35 497 352.827494183       9.68      7.22     -6.76  0.        3739.392      -2104.771       1321.179    0.000  -0.107   0.295   0.
  2017 352 19 51 36 497 352.827505755       7.28      6.16     -2.90  0.        3740.526      -2103.487       1324.280    0.000  -0.107   0.295   0.
  2017 352 19 51 37 497 352.827517329       4.50      5.10     -0.67  0.        3741.659      -2102.202       1327.380    0.000  -0.107   0.295   0.
  2017 352 19 51 38 497 352.827528903       4.73      5.50     -2.31  0.        3742.789      -2100.916       1330.479    0.000  -0.108   0.296   0.
  2017 352 19 51 39 497 352.827540477       4.44      4.72     -4.83  0.        3743.918      -2099.629       1333.578    0.000  -0.108   0.296   0.
  2017 352 19 51 40 497 352.827552052       5.38      4.41     -4.93  0.        3745.045      -2098.341       1336.676    0.000  -0.108   0.296   0.
  2017 352 19 51 41 497 352.827563626       6.07      4.80     -3.71  0.        3746.170      -2097.052       1339.774    0.000  -0.108   0.296   0.
  2017 352 19 51 42 497 352.827575200       5.27      5.58     -1.28  0.        3747.294      -2095.762       1342.871    0.000  -0.108   0.297   0.
  2017 352 19 51 43 497 352.827586774       4.28      6.45     -0.23  0.        3748.415      -2094.471       1345.967    0.000  -0.108   0.297   0.
  2017 352 19 51 44 497 352.827598348       2.95      6.87     -3.30  0.        3749.535      -2093.180       1349.062    0.000  -0.108   0.298   0.
  2017 352 19 51 45 497 352.827609922       0.20      8.39     -5.89  0.        3750.654      -2091.887       1352.157    0.000  -0.108   0.298   0.
  2017 352 19 51 46 497 352.827621496       1.07     13.32     -6.71  0.        3751.770      -2090.593       1355.252    0.000  -0.108   0.298   0.
  2017 352 19 51 47 497 352.827633070       8.38     13.46     -3.33  0.        3752.885      -2089.298       1358.346    0.000  -0.108   0.298   0.
  2017 352 19 51 48 497 352.827644644       9.32      8.53     -4.03  0.        3753.998      -2088.002       1361.439    0.000  -0.109   0.299   0.
  2017 352 19 51 49 497 352.827656218       5.52      6.16     -3.00  0.        3755.109      -2086.706       1364.531    0.000  -0.109   0.299   0.
  2017 352 19 51 50 497 352.827667792       3.82      7.29     -3.25  0.        3756.218      -2085.408       1367.623    0.000  -0.109   0.299   0.
  2017 352 19 51 51 497 352.827679366       2.90      8.76     -3.87  0.        3757.326      -2084.109       1370.714    0.000  -0.109   0.299   0.
  2017 352 19 51 52 497 352.827690940       2.21      8.92     -4.89  0.        3758.432      -2082.809       1373.805    0.000  -0.109   0.300   0.
  2017 352 19 51 53 497 352.827702514       2.18      8.65     -6.86  0.        3759.536      -2081.509       1376.895    0.000  -0.109   0.300   0.
  2017 352 19 51 54 497 352.827714089       3.19      8.68     -9.37  0.        3760.638      -2080.207       1379.984    0.000  -0.109   0.301   0.
  2017 352 19 51 55 497 352.827725663       6.84      7.06     -9.09  0.        3761.739      -2078.904       1383.072    0.000  -0.109   0.301   0.
  2017 352 19 51 56 497 352.827737237       8.49      5.21     -6.43  0.        3762.838      -2077.601       1386.160    0.000  -0.109   0.301   0.
  2017 352 19 51 57 497 352.827748811       4.94      5.40     -3.44  0.        3763.935      -2076.296       1389.248    0.000  -0.109   0.301   0.
  2017 352 19 51 58 497 352.827760385       5.28      8.53     -1.11  0.        3765.031      -2074.991       1392.334    0.000  -0.110   0.301   0.
  2017 352 19 51 59 497 352.827771959       4.73      8.74     -2.40  0.        3766.124      -2073.684       1395.420    0.000  -0.110   0.301   0.
  2017 352 19 52  0 497 352.827783533       4.27      9.19     -5.09  0.        3767.216      -2072.377       1398.506    0.000  -0.110   0.302   0.
  2017 352 19 52  1 497 352.827795107       1.86     11.09     -1.38  0.        3768.307      -2071.069       1401.590    0.000  -0.110   0.302   0.
  2017 352 19 52  2 497 352.827806681       6.66     11.66     -0.92  0.        3769.395      -2069.759       1404.674    0.000  -0.110   0.303   0.
  2017 352 19 52  3 497 352.827818255       6.89      6.93     -2.61  0.        3770.482      -2068.449       1407.758    0.000  -0.110   0.303   0.
  2017 352 19 52  4 497 352.827829829       5.49      6.62     -2.19  0.        3771.567      -2067.138       1410.841    0.000  -0.110   0.303   0.
  2017 352 19 52  5 497 352.827841402       3.88      6.03     -4.58  0.        3772.650      -2065.825       1413.923    0.000  -0.110   0.303   0.
  2017 352 19 52  6 496 352.827852975       2.37      6.06     -4.12  0.        3773.731      -2064.513       1417.004    0.000  -0.111   0.304   0.
  2017 352 19 52  7 496 352.827864549       2.90      8.12     -5.29  0.        3774.811      -2063.199       1420.085    0.000  -0.111   0.304   0.
  2017 352 19 52  8 497 352.827876123       1.33      8.08     -3.52  0.        3775.889      -2061.883       1423.165    0.000  -0.111   0.304   0.
  2017 352 19 52  9 497 352.827887697       0.07      7.99     -1.90  0.        3776.965      -2060.568       1426.244    0.000  -0.111   0.304   0.
  2017 352 19 52 10 497 352.827899271       3.67     11.88     -1.62  0.        3778.040      -2059.251       1429.323    0.000  -0.111   0.305   0.
  2017 352 19 52 11 497 352.827910845       8.45     11.49      0.10  0.        3779.113      -2057.933       1432.402    0.000  -0.111   0.305   0.
  2017 352 19 52 12 497 352.827922419       6.93      5.79      0.22  0.        3780.184      -2056.614       1435.479    0.000  -0.111   0.305   0.
  2017 352 19 52 13 496 352.827933993       5.13      4.27     -2.06  0.        3781.253      -2055.294       1438.556    0.000  -0.111   0.305   0.
  2017 352 19 52 14 496 352.827945567       3.76      4.72     -5.76  0.        3782.321      -2053.973       1441.632    0.000  -0.111   0.306   0.
  2017 352 19 52 15 496 352.827957141       1.24      5.49     -5.76  0.        3783.387      -2052.652       1444.707    0.000  -0.111   0.306   0.
  2017 352 19 52 16 496 352.827968715       0.04      6.83     -5.04  0.        3784.451      -2051.329       1447.782    0.000  -0.112   0.307   0.
  2017 352 19 52 17 496 352.827980289      -2.34      7.14     -3.34  0.        3785.513      -2050.006       1450.857    0.000  -0.112   0.307   0.
  2017 352 19 52 18 497 352.827991863       2.23     10.41     -1.77  0.        3786.574      -2048.681       1453.930    0.000  -0.112   0.307   0.
  2017 352 19 52 19 497 352.828003437       5.50     11.66      1.83  0.        3787.633      -2047.356       1457.003    0.000  -0.112   0.307   0.
  2017 352 19 52 20 496 352.828015012       2.00     10.29      2.57  0.        3788.690      -2046.030       1460.075    0.000  -0.112   0.308   0.
  2017 352 19 52 21 497 352.828026586       6.38     11.78      2.00  0.        3789.746      -2044.702       1463.147    0.000  -0.112   0.308   0.
  2017 352 19 52 22 497 352.828038160       5.47     15.04     -1.52  0.        3790.799      -2043.374       1466.217    0.000  -0.112   0.308   0.
  2017 352 19 52 23 497 352.828049734       3.98     12.77     -2.18  0.        3791.852      -2042.045       1469.288    0.000  -0.112   0.308   0.
  2017 352 19 52 24 497 352.828061308       6.98      9.63     -4.29  0.        3792.902      -2040.715       1472.357    0.000  -0.112   0.309   0.
  2017 352 19 52 25 497 352.828072882       4.74      8.25     -2.50  0.        3793.951      -2039.384       1475.426    0.000  -0.112   0.309   0.
  2017 352 19 52 26 496 352.828084456       7.01      8.37     -2.42  0.        3794.997      -2038.052       1478.494    0.000  -0.113   0.310   0.
  2017 352 19 52 27 496 352.828096030      10.86      5.76     -2.56  0.        3796.043      -2036.719       1481.562    0.000  -0.113   0.310   0.
  2017 352 19 52 28 496 352.828107604       7.02      6.86      1.01  0.        3797.086      -2035.386       1484.628    0.000  -0.113   0.310   0.
  2017 352 19 52 29 496 352.828119178       3.31      6.91      1.43  0.        3798.128      -2034.051       1487.694    0.000  -0.113   0.310   0.
  2017 352 19 52 30 496 352.828130752       1.90      5.58     -3.03  0.        3799.168      -2032.716       1490.760    0.000  -0.113   0.311   0.
  2017 352 19 52 31 497 352.828142326       3.78      5.15     -5.66  0.        3800.206      -2031.379       1493.825    0.000  -0.113   0.311   0.
  2017 352 19 52 32 497 352.828153900       5.00      5.98     -5.43  0.        3801.243      -2030.042       1496.889    0.000  -0.113   0.311   0.
  2017 352 19 52 33 496 352.828165475       4.06      4.24     -2.72  0.        3802.278      -2028.703       1499.952    0.000  -0.113   0.311   0.
  2017 352 19 52 34 496 352.828177049       3.86      4.72     -1.66  0.        3803.311      -2027.364       1503.015    0.000  -0.113   0.312   0.
  2017 352 19 52 35 497 352.828188622       1.91      5.69     -2.19  0.        3804.342      -2026.024       1506.077    0.000  -0.113   0.312   0.
  2017 352 19 52 36 496 352.828200194      -1.21      6.02     -1.92  0.        3805.372      -2024.683       1509.138    0.000  -0.114   0.313   0.
  2017 352 19 52 37 496 352.828211768      -4.33      7.49      1.90  0.        3806.400      -2023.341       1512.199    0.000  -0.114   0.313   0.
  2017 352 19 52 38 496 352.828223342      -0.08      4.38     -0.74  0.        3807.427      -2021.998       1515.259    0.000  -0.114   0.313   0.
  2017 352 19 52 39 496 352.828234916       5.10      6.77     -4.42  0.        3808.451      -2020.655       1518.319    0.000  -0.114   0.313   0.
  2017 352 19 52 40 496 352.828246490       4.55      9.87     -0.17  0.        3809.474      -2019.310       1521.377    0.000  -0.114   0.313   0.
  2017 352 19 52 41 496 352.828258064       2.94     11.40      2.04  0.        3810.496      -2017.964       1524.435    0.000  -0.114   0.313   0.
  2017 352 19 52 42 496 352.828269638       5.28      7.06     -1.50  0.        3811.515      -2016.618       1527.492    0.000  -0.114   0.314   0.
  2017 352 19 52 43 496 352.828281212       6.98      6.22     -7.58  0.        3812.533      -2015.271       1530.549    0.000  -0.114   0.314   0.
  2017 352 19 52 44 496 352.828292786       7.78      6.65     -7.81  0.        3813.549      -2013.922       1533.605    0.000  -0.115   0.315   0.
  2017 352 19 52 45 496 352.828304361       7.13      7.80     -3.56  0.        3814.563      -2012.573       1536.660    0.000  -0.115   0.315   0.
  2017 352 19 52 46 496 352.828315935       5.66      9.53     -1.24  0.        3815.576      -2011.223       1539.715    0.000  -0.115   0.315   0.
  2017 352 19 52 47 496 352.828327509       4.45      9.49     -2.15  0.        3816.587      -2009.872       1542.769    0.000  -0.115   0.315   0.
  2017 352 19 52 48 496 352.828339083       2.14      7.44      0.90  0.        3817.597      -2008.520       1545.822    0.000  -0.115   0.316   0.
  2017 352 19 52 49 496 352.828350657       4.33      4.35      2.54  0.        3818.604      -2007.168       1548.874    0.000  -0.115   0.316   0.
  2017 352 19 52 50 496 352.828362231       5.60      4.50     -3.84  0.        3819.610      -2005.814       1551.926    0.000  -0.115   0.316   0.
  2017 352 19 52 51 496 352.828373805       6.12      6.96     -3.71  0.        3820.614      -2004.459       1554.977    0.000  -0.115   0.316   0.
  2017 352 19 52 52 496 352.828385379       4.03      6.08     -3.14  0.        3821.617      -2003.104       1558.028    0.000  -0.115   0.317   0.
  2017 352 19 52 53 496 352.828396953       0.32      6.87     -5.21  0.        3822.618      -2001.748       1561.077    0.000  -0.115   0.317   0.
  2017 352 19 52 54 496 352.828408527       1.49      9.65     -4.02  0.        3823.617      -2000.390       1564.126    0.000  -0.115   0.317   0.
  2017 352 19 52 55 496 352.828420101      10.73      7.65     -0.85  0.        3824.615      -1999.032       1567.175    0.000  -0.115   0.317   0.
  2017 352 19 52 56 496 352.828431675       7.67      6.22     -0.45  0.        3825.610      -1997.673       1570.222    0.000  -0.116   0.318   0.
  2017 352 19 52 57 496 352.828443249       4.57      5.63     -3.02  0.        3826.604      -1996.313       1573.269    0.000  -0.116   0.318   0.
  2017 352 19 52 58 496 352.828454823       1.82      8.91     -5.92  0.        3827.596      -1994.953       1576.315    0.000  -0.116   0.319   0.
  2017 352 19 52 59 496 352.828466398       5.39     11.92     -9.09  0.        3828.588      -1993.591       1579.361    0.000  -0.116   0.319   0.
  2017 352 19 53  0 496 352.828477972      10.30      9.48     -4.72  0.        3829.577      -1992.229       1582.406    0.000  -0.116   0.319   0.
  2017 352 19 53  1 496 352.828489546       7.97      7.72     -1.17  0.        3830.564      -1990.866       1585.450    0.000  -0.116   0.319   0.
  2017 352 19 53  2 496 352.828501120       6.67      6.62     -1.63  0.        3831.550      -1989.501       1588.493    0.000  -0.116   0.319   0.
  2017 352 19 53  3 496 352.828512694       4.74      5.12     -4.00  0.        3832.534      -1988.136       1591.536    0.000  -0.116   0.319   0.
  2017 352 19 53  4 496 352.828524268       1.35      4.48     -6.14  0.        3833.516      -1986.770       1594.578    0.000  -0.117   0.320   0.
  2017 352 19 53  5 496 352.828535841      -0.92      4.48     -6.13  0.        3834.497      -1985.403       1597.619    0.000  -0.117   0.320   0.
  2017 352 19 53  6 496 352.828547413      -1.75      4.07     -6.44  0.        3835.476      -1984.036       1600.660    0.000  -0.117   0.320   0.
  2017 352 19 53  7 496 352.828558987       1.04      7.21     -2.70  0.        3836.453      -1982.667       1603.700    0.000  -0.117   0.321   0.
  2017 352 19 53  8 496 352.828570561       4.55      6.70     -2.61  0.        3837.428      -1981.298       1606.739    0.000  -0.117   0.322   0.
  2017 352 19 53  9 496 352.828582135       5.28      5.80     -2.85  0.        3838.402      -1979.927       1609.778    0.000  -0.117   0.322   0.
  2017 352 19 53 10 496 352.828593709       3.05      5.32     -2.60  0.        3839.375      -1978.556       1612.815    0.000  -0.117   0.322   0.
  2017 352 19 53 11 496 352.828605284       2.53      4.67     -2.62  0.        3840.345      -1977.184       1615.853    0.000  -0.117   0.322   0.
  2017 352 19 53 12 496 352.828616858      -0.55      5.09     -1.89  0.        3841.314      -1975.811       1618.889    0.000  -0.117   0.322   0.
  2017 352 19 53 13 496 352.828628432      -1.35      5.14     -1.51  0.        3842.281      -1974.438       1621.925    0.000  -0.117   0.322   0.
  2017 352 19 53 14 496 352.828640006       0.39      4.84     -4.61  0.        3843.247      -1973.063       1624.960    0.000  -0.118   0.323   0.
  2017 352 19 53 15 496 352.828651580       1.44      2.28     -5.27  0.        3844.211      -1971.687       1627.994    0.000  -0.118   0.323   0.
  2017 352 19 53 16 496 352.828663154       3.52      0.35     -3.54  0.        3845.173      -1970.311       1631.027    0.000  -0.118   0.323   0.
  2017 352 19 53 17 496 352.828674728       5.24      5.36     -3.38  0.        3846.133      -1968.934       1634.060    0.000  -0.118   0.323   0.
  2017 352 19 53 18 496 352.828686302       5.48      6.37     -3.15  0.        3847.092      -1967.556       1637.092    0.000  -0.118   0.324   0.
  2017 352 19 53 19 496 352.828697876       6.63      3.21     -3.51  0.        3848.049      -1966.177       1640.124    0.000  -0.118   0.324   0.
  2017 352 19 53 20 496 352.828709450       3.33      3.07     -3.59  0.        3849.005      -1964.797       1643.154    0.000  -0.118   0.325   0.
  2017 352 19 53 21 496 352.828721024       1.43      7.75     -3.30  0.        3849.959      -1963.417       1646.184    0.000  -0.118   0.325   0.
  2017 352 19 53 22 496 352.828732598       3.04      8.83     -0.52  0.        3850.911      -1962.035       1649.214    0.000  -0.118   0.325   0.
  2017 352 19 53 23 496 352.828744172       8.86      9.28      0.97  0.        3851.861      -1960.653       1652.242    0.000  -0.118   0.325   0.
  2017 352 19 53 24 496 352.828755747       9.78      7.59     -2.23  0.        3852.810      -1959.270       1655.270    0.000  -0.119   0.326   0.
  2017 352 19 53 25 496 352.828767321       6.70      4.31     -5.39  0.        3853.758      -1957.886       1658.297    0.000  -0.119   0.326   0.
  2017 352 19 53 26 496 352.828778895       3.12      2.33     -6.87  0.        3854.703      -1956.501       1661.324    0.000  -0.119   0.326   0.
  2017 352 19 53 27 496 352.828790469       2.43      1.44     -6.45  0.        3855.647      -1955.116       1664.349    0.000  -0.119   0.326   0.
  2017 352 19 53 28 496 352.828802043      -0.18      1.44     -3.23  0.        3856.589      -1953.729       1667.374    0.000  -0.119   0.327   0.
  2017 352 19 53 29 496 352.828813617      -3.35      3.45     -0.99  0.        3857.530      -1952.342       1670.399    0.000  -0.119   0.327   0.
  2017 352 19 53 30 496 352.828825191      -3.54      3.77      0.84  0.        3858.469      -1950.954       1673.422    0.000  -0.119   0.327   0.
  2017 352 19 53 31 496 352.828836765      -1.85      6.63      0.62  0.        3859.406      -1949.564       1676.445    0.000  -0.119   0.327   0.
  2017 352 19 53 32 496 352.828848339      -2.05      5.96     -0.95  0.        3860.341      -1948.175       1679.467    0.000  -0.119   0.328   0.
  2017 352 19 53 33 496 352.828859913      -2.02      5.64     -2.12  0.        3861.275      -1946.784       1682.488    0.000  -0.119   0.328   0.
  2017 352 19 53 34 496 352.828871487       1.03      6.94     -2.91  0.        3862.208      -1945.392       1685.509    0.000  -0.119   0.328   0.
  2017 352 19 53 35 496 352.828883061       6.95      9.87     -1.88  0.        3863.138      -1944.000       1688.529    0.000  -0.119   0.328   0.
  2017 352 19 53 36 496 352.828894633       9.79      5.96     -0.59  0.        3864.067      -1942.607       1691.548    0.000  -0.120   0.328   0.
  2017 352 19 53 37 496 352.828906207       5.84      4.80      0.54  0.        3864.995      -1941.213       1694.566    0.000  -0.120   0.328   0.
  2017 352 19 53 38 496 352.828917781       1.86      6.42     -0.74  0.        3865.920      -1939.818       1697.584    0.000  -0.120   0.329   0.
  2017 352 19 53 39 496 352.828929355       1.69      9.11     -3.21  0.        3866.844      -1938.422       1700.601    0.000  -0.120   0.329   0.
  2017 352 19 53 40 496 352.828940929       2.54      7.16     -2.56  0.        3867.767      -1937.026       1703.617    0.000  -0.120   0.330   0.
  2017 352 19 53 41 496 352.828952503       3.52      7.43     -1.87  0.        3868.688      -1935.629       1706.633    0.000  -0.120   0.330   0.
  2017 352 19 53 42 496 352.828964077       3.09      8.22     -3.67  0.        3869.607      -1934.230       1709.648    0.000  -0.120   0.330   0.
  2017 352 19 53 43 496 352.828975651       1.42     10.90     -3.39  0.        3870.524      -1932.832       1712.662    0.000  -0.120   0.330   0.
  2017 352 19 53 44 496 352.828987225       5.42     11.44     -2.93  0.        3871.440      -1931.432       1715.675    0.000  -0.120   0.331   0.
  2017 352 19 53 45 496 352.828998799      14.77      7.93     -6.58  0.        3872.354      -1930.031       1718.688    0.000  -0.120   0.331   0.
  2017 352 19 53 46 496 352.829010373      12.57      9.85     -4.30  0.        3873.267      -1928.630       1721.700    0.000  -0.121   0.331   0.
  2017 352 19 53 47 496 352.829021947      10.87      7.51     -2.18  0.        3874.178      -1927.227       1724.711    0.000  -0.121   0.331   0.
  2017 352 19 53 48 496 352.829033521       5.14      4.56     -4.96  0.        3875.087      -1925.825       1727.721    0.000  -0.121   0.331   0.
  2017 352 19 53 49 496 352.829045095      -0.06      9.43      0.39  0.        3875.994      -1924.421       1730.731    0.000  -0.121   0.332   0.
  2017 352 19 53 50 496 352.829056670       5.44     11.94     -3.34  0.        3876.901      -1923.016       1733.740    0.000  -0.121   0.333   0.
  2017 352 19 53 51 496 352.829068244       8.10      3.73     -3.26  0.        3877.805      -1921.611       1736.748    0.000  -0.121   0.333   0.
  2017 352 19 53 52 496 352.829079818       4.71      4.63     -1.85  0.        3878.708      -1920.204       1739.756    0.000  -0.121   0.333   0.
  2017 352 19 53 53 496 352.829091392       1.87      7.87     -2.94  0.        3879.609      -1918.797       1742.762    0.000  -0.121   0.333   0.
  2017 352 19 53 54 496 352.829102966       1.45     11.80     -7.75  0.        3880.508      -1917.389       1745.768    0.000  -0.121   0.334   0.
  2017 352 19 53 55 496 352.829114540       6.15      6.55    -10.81  0.        3881.406      -1915.981       1748.774    0.000  -0.121   0.334   0.
  2017 352 19 53 56 496 352.829126114       6.83      2.37     -5.71  0.        3882.302      -1914.571       1751.778    0.000  -0.122   0.334   0.
  2017 352 19 53 57 496 352.829137688       8.11      3.04     -3.16  0.        3883.197      -1913.161       1754.782    0.000  -0.122   0.334   0.
  2017 352 19 53 58 496 352.829149262       6.10      2.67     -3.38  0.        3884.090      -1911.750       1757.785    0.000  -0.122   0.334   0.
  2017 352 19 53 59 496 352.829160836       1.10      0.88     -3.35  0.        3884.981      -1910.338       1760.787    0.000  -0.122   0.334   0.
  2017 352 19 54  0 496 352.829172410       0.95      5.71      0.36  0.        3885.870      -1908.925       1763.789    0.000  -0.122   0.335   0.
  2017 352 19 54  1 496 352.829183984       6.54     11.86     -4.04  0.        3886.759      -1907.511       1766.790    0.000  -0.122   0.335   0.
  2017 352 19 54  2 496 352.829195558       7.50      8.68     -3.44  0.        3887.645      -1906.097       1769.790    0.000  -0.122   0.335   0.
  2017 352 19 54  3 496 352.829207133       7.02      8.30     -4.87  0.        3888.530      -1904.682       1772.789    0.000  -0.122   0.335   0.
  2017 352 19 54  4 496 352.829218707       6.34      8.73     -3.51  0.        3889.413      -1903.266       1775.788    0.000  -0.122   0.336   0.
  2017 352 19 54  5 496 352.829230280       6.45      5.04     -4.96  0.        3890.294      -1901.849       1778.786    0.000  -0.122   0.336   0.
  2017 352 19 54  6 496 352.829241852       8.79      4.55     -2.77  0.        3891.174      -1900.432       1781.783    0.000  -0.122   0.336   0.
  2017 352 19 54  7 496 352.829253426       6.92      4.42     -0.74  0.        3892.053      -1899.014       1784.779    0.000  -0.122   0.336   0.
  2017 352 19 54  8 495 352.829265000       4.11      4.52     -1.53  0.        3892.929      -1897.595       1787.775    0.000  -0.123   0.337   0.
  2017 352 19 54  9 495 352.829276574       3.79      7.03     -3.38  0.        3893.804      -1896.175       1790.770    0.000  -0.123   0.337   0.
  2017 352 19 54 10 495 352.829288148       6.83      6.02     -4.92  0.        3894.678      -1894.754       1793.764    0.000  -0.123   0.337   0.
  2017 352 19 54 11 495 352.829299722       4.56      7.86     -6.88  0.        3895.550      -1893.333       1796.757    0.000  -0.123   0.337   0.
  2017 352 19 54 12 495 352.829311296       7.58      8.07    -10.27  0.        3896.420      -1891.910       1799.750    0.000  -0.123   0.338   0.
  2017 352 19 54 13 496 352.829322870       9.20      4.81     -4.85  0.        3897.289      -1890.487       1802.742    0.000  -0.123   0.338   0.
  2017 352 19 54 14 496 352.829334444       4.69      5.94     -2.94  0.        3898.155      -1889.064       1805.733    0.000  -0.123   0.339   0.
  2017 352 19 54 15 495 352.829346019       2.79      5.23     -1.86  0.        3899.021      -1887.639       1808.723    0.000  -0.123   0.339   0.
  2017 352 19 54 16 495 352.829357593       1.43      4.59     -2.26  0.        3899.885      -1886.214       1811.713    0.000  -0.123   0.339   0.
  2017 352 19 54 17 496 352.829369167      -3.09      2.90     -3.07  0.        3900.747      -1884.788       1814.702    0.000  -0.123   0.339   0.
  2017 352 19 54 18 496 352.829380741      -4.38     -1.16     -3.76  0.        3901.607      -1883.361       1817.690    0.000  -0.123   0.339   0.
  2017 352 19 54 19 496 352.829392315      -3.93     -5.86     -7.22  0.        3902.466      -1881.933       1820.678    0.000  -0.123   0.339   0.
  2017 352 19 54 20 496 352.829403889       1.17      2.63      4.24  0.        3903.324      -1880.505       1823.664    0.000  -0.124   0.340   0.
  2017 352 19 54 21 496 352.829415463      -6.92      4.08     -0.75  0.        3904.179      -1879.075       1826.650    0.000  -0.124   0.340   0.
  2017 352 19 54 22 495 352.829427037      -2.79      9.37     -0.45  0.        3905.033      -1877.645       1829.635    0.000  -0.124   0.340   0.
  2017 352 19 54 23 495 352.829438611      -0.15      4.00     -2.98  0.        3905.886      -1876.215       1832.620    0.000  -0.124   0.340   0.
  2017 352 19 54 24 495 352.829450185       9.25      1.52     -7.62  0.        3906.737      -1874.783       1835.603    0.000  -0.124   0.341   0.
  2017 352 19 54 25 495 352.829461759       7.28      6.40     -7.55  0.        3907.586      -1873.351       1838.586    0.000  -0.124   0.341   0.
  2017 352 19 54 26 495 352.829473333       4.39      6.71     -4.27  0.        3908.434      -1871.918       1841.568    0.000  -0.124   0.341   0.
  2017 352 19 54 27 496 352.829484907       3.80      5.50     -3.03  0.        3909.280      -1870.484       1844.549    0.000  -0.124   0.341   0.
  2017 352 19 54 28 496 352.829496482       2.96      4.24     -3.74  0.        3910.125      -1869.049       1847.530    0.000  -0.125   0.342   0.
  2017 352 19 54 29 495 352.829508056       1.88      4.43     -6.06  0.        3910.967      -1867.614       1850.510    0.000  -0.125   0.342   0.
  2017 352 19 54 30 495 352.829519630       5.60      7.83      4.37  0.        3911.809      -1866.178       1853.489    0.000  -0.125   0.342   0.
  2017 352 19 54 31 496 352.829531204       5.49      2.56     -0.63  0.        3912.648      -1864.741       1856.467    0.000  -0.125   0.342   0.
  2017 352 19 54 32 496 352.829542778       4.03      5.85     -0.14  0.        3913.486      -1863.303       1859.445    0.000  -0.125   0.343   0.
  2017 352 19 54 33 496 352.829554351      -0.08     10.38      1.31  0.        3914.323      -1861.865       1862.421    0.000  -0.125   0.343   0.
  2017 352 19 54 34 495 352.829565923      -1.52      8.99      0.34  0.        3915.158      -1860.426       1865.397    0.000  -0.125   0.343   0.
  2017 352 19 54 35 495 352.829577497       4.32      0.30     -1.37  0.        3915.991      -1858.986       1868.373    0.000  -0.125   0.343   0.
  2017 352 19 54 36 495 352.829589071       7.06      2.39     -1.05  0.        3916.823      -1857.545       1871.347    0.000  -0.125   0.344   0.
  2017 352 19 54 37 495 352.829600645       3.15      6.37     -1.56  0.        3917.653      -1856.104       1874.321    0.000  -0.125   0.344   0.
  2017 352 19 54 38 495 352.829612219       3.30      8.89     -3.88  0.        3918.482      -1854.661       1877.294    0.000  -0.125   0.344   0.
  2017 352 19 54 39 495 352.829623793       7.10      4.42     -3.63  0.        3919.309      -1853.218       1880.266    0.000  -0.125   0.344   0.
  2017 352 19 54 40 495 352.829635367       4.24      5.86     -0.67  0.        3920.134      -1851.775       1883.238    0.000  -0.126   0.345   0.
  2017 352 19 54 41 495 352.829646942       2.75      8.75     -0.55  0.        3920.958      -1850.330       1886.209    0.000  -0.126   0.345   0.
  2017 352 19 54 42 495 352.829658516       0.60      3.98     -6.48  0.        3921.780      -1848.885       1889.178    0.000  -0.126   0.345   0.
  2017 352 19 54 43 495 352.829670090       0.21      4.17     -4.38  0.        3922.601      -1847.439       1892.148    0.000  -0.126   0.345   0.
  2017 352 19 54 44 495 352.829681664      -0.44      7.09     -2.27  0.        3923.420      -1845.992       1895.116    0.000  -0.126   0.346   0.
  2017 352 19 54 45 495 352.829693238       0.82      5.12      0.52  0.        3924.237      -1844.545       1898.084    0.000  -0.126   0.346   0.
  2017 352 19 54 46 495 352.829704812       6.85      3.49     -1.19  0.        3925.053      -1843.097       1901.050    0.000  -0.126   0.346   0.
  2017 352 19 54 47 495 352.829716386       6.69      7.12      1.23  0.        3925.867      -1841.648       1904.017    0.000  -0.126   0.346   0.
  2017 352 19 54 48 495 352.829727960       6.56      9.72      2.99  0.        3926.680      -1840.198       1906.982    0.000  -0.126   0.347   0.
  2017 352 19 54 49 495 352.829739534       1.42      9.65      4.73  0.        3927.491      -1838.748       1909.946    0.000  -0.126   0.347   0.
  2017 352 19 54 50 495 352.829751108      -4.12      8.50     -2.84  0.        3928.301      -1837.297       1912.910    0.000  -0.126   0.348   0.
  2017 352 19 54 51 495 352.829762682      -3.79      4.85      1.46  0.        3929.109      -1835.845       1915.873    0.000  -0.126   0.348   0.
  2017 352 19 54 52 495 352.829774256       3.88      2.10     -0.84  0.        3929.915      -1834.392       1918.835    0.000  -0.127   0.348   0.
  2017 352 19 54 53 495 352.829785830      11.35      1.04     -1.67  0.        3930.720      -1832.939       1921.797    0.000  -0.127   0.348   0.
  2017 352 19 54 54 495 352.829797405       3.47      2.86     -1.26  0.        3931.523      -1831.485       1924.757    0.000  -0.127   0.348   0.
  2017 352 19 54 55 495 352.829808979       0.49      5.92     -5.38  0.        3932.325      -1830.030       1927.717    0.000  -0.127   0.348   0.
  2017 352 19 54 56 495 352.829820553       0.73      7.29     -6.83  0.        3933.125      -1828.575       1930.677    0.000  -0.127   0.349   0.
  2017 352 19 54 57 495 352.829832127      -0.20      6.95     -4.18  0.        3933.924      -1827.118       1933.635    0.000  -0.127   0.349   0.
  2017 352 19 54 58 495 352.829843701       4.68      3.66     -3.33  0.        3934.721      -1825.661       1936.592    0.000  -0.127   0.349   0.
  2017 352 19 54 59 495 352.829855275       4.66      3.06     -2.48  0.        3935.516      -1824.204       1939.549    0.000  -0.127   0.349   0.
  2017 352 19 55  0 495 352.829866849       2.51      7.08     -1.52  0.        3936.310      -1822.745       1942.505    0.000  -0.127   0.349   0.
  2017 352 19 55  1 495 352.829878423       1.64      3.33     -0.98  0.        3937.102      -1821.286       1945.461    0.000  -0.127   0.349   0.
  2017 352 19 55  2 495 352.829889997       1.28      2.58     -4.07  0.        3937.893      -1819.826       1948.415    0.000  -0.127   0.350   0.
  2017 352 19 55  3 495 352.829901570       8.07      3.95     -3.33  0.        3938.682      -1818.365       1951.369    0.000  -0.127   0.350   0.
  2017 352 19 55  4 495 352.829913142       1.58      5.77     -1.16  0.        3939.470      -1816.904       1954.322    0.000  -0.127   0.350   0.
  2017 352 19 55  5 495 352.829924716      -2.45      7.67     -1.01  0.        3940.256      -1815.442       1957.274    0.000  -0.127   0.350   0.
  2017 352 19 55  6 495 352.829936290       5.58      3.08     -1.48  0.        3941.040      -1813.979       1960.225    0.000  -0.128   0.351   0.
  2017 352 19 55  7 495 352.829947865       9.48      3.43     -0.87  0.        3941.823      -1812.516       1963.176    0.000  -0.128   0.351   0.
  2017 352 19 55  8 495 352.829959439       6.18      2.32     -0.37  0.        3942.604      -1811.052       1966.126    0.000  -0.128   0.351   0.
  2017 352 19 55  9 495 352.829971013       3.57      1.35     -1.87  0.        3943.384      -1809.587       1969.075    0.000  -0.128   0.351   0.
  2017 352 19 55 10 495 352.829982587       1.23      0.93     -2.14  0.        3944.162      -1808.121       1972.023    0.000  -0.128   0.351   0.
  2017 352 19 55 11 495 352.829994161      -0.24      2.45      0.36  0.        3944.939      -1806.655       1974.970    0.000  -0.128   0.351   0.
  2017 352 19 55 12 495 352.830005735      -2.69      2.17      2.46  0.        3945.714      -1805.188       1977.917    0.000  -0.128   0.352   0.
  2017 352 19 55 13 495 352.830017309      -2.44     -1.43     -3.92  0.        3946.487      -1803.720       1980.863    0.000  -0.128   0.352   0.
  2017 352 19 55 14 495 352.830028883      -2.32     -1.47     -0.54  0.        3947.259      -1802.251       1983.808    0.000  -0.128   0.352   0.
  2017 352 19 55 15 495 352.830040457      -0.54      3.46      0.79  0.        3948.030      -1800.782       1986.752    0.000  -0.128   0.352   0.
  2017 352 19 55 16 495 352.830052031      -1.78      5.41     -0.10  0.        3948.799      -1799.312       1989.696    0.000  -0.129   0.353   0.
  2017 352 19 55 17 495 352.830063605      -0.22      3.19     -0.94  0.        3949.566      -1797.841       1992.639    0.000  -0.129   0.353   0.
  2017 352 19 55 18 495 352.830075179       1.76      5.03     -2.53  0.        3950.332      -1796.370       1995.581    0.000  -0.129   0.354   0.
  2017 352 19 55 19 495 352.830086753       4.04      8.13     -0.69  0.        3951.096      -1794.898       1998.522    0.000  -0.129   0.354   0.
  2017 352 19 55 20 495 352.830098328       2.86      8.03      2.42  0.        3951.859      -1793.425       2001.462    0.000  -0.129   0.354   0.
  2017 352 19 55 21 495 352.830109902       1.02      3.95      2.97  0.        3952.620      -1791.952       2004.402    0.000  -0.129   0.354   0.
  2017 352 19 55 22 495 352.830121476      -0.46      2.54      1.05  0.        3953.379      -1790.478       2007.341    0.000  -0.129   0.354   0.
  2017 352 19 55 23 495 352.830133050      -9.31      6.97     -0.14  0.        3954.137      -1789.003       2010.279    0.000  -0.129   0.354   0.
  2017 352 19 55 24 495 352.830144624       5.05     -0.73     -1.15  0.        3954.894      -1787.527       2013.216    0.000  -0.129   0.355   0.
  2017 352 19 55 25 495 352.830156198       6.49     -3.17      0.53  0.        3955.649      -1786.051       2016.153    0.000  -0.129   0.355   0.
  2017 352 19 55 26 495 352.830167772       3.39      1.93      2.77  0.        3956.402      -1784.574       2019.088    0.000  -0.129   0.355   0.
  2017 352 19 55 27 495 352.830179346       1.16      3.03      1.92  0.        3957.154      -1783.097       2022.023    0.000  -0.129   0.355   0.
  2017 352 19 55 28 495 352.830190920      -0.90      5.15      0.38  0.        3957.904      -1781.618       2024.957    0.000  -0.129   0.356   0.
  2017 352 19 55 29 495 352.830202494      -0.18      6.98      1.20  0.        3958.653      -1780.139       2027.890    0.000  -0.129   0.356   0.
  2017 352 19 55 30 495 352.830214068      -0.37      4.61     -2.41  0.        3959.400      -1778.660       2030.823    0.000  -0.130   0.357   0.
  2017 352 19 55 31 495 352.830225642      -2.37      5.91     -0.24  0.        3960.146      -1777.179       2033.755    0.000  -0.130   0.357   0.
  2017 352 19 55 32 495 352.830237216       1.74      2.85     -0.63  0.        3960.890      -1775.698       2036.686    0.000  -0.130   0.357   0.
  2017 352 19 55 33 495 352.830248790       0.02      3.95     -3.26  0.        3961.633      -1774.216       2039.616    0.000  -0.130   0.357   0.
  2017 352 19 55 34 495 352.830260362      -1.89      4.34     -3.28  0.        3962.374      -1772.734       2042.545    0.000  -0.130   0.357   0.
  2017 352 19 55 35 495 352.830271936       1.27      3.34     -1.38  0.        3963.114      -1771.251       2045.474    0.000  -0.130   0.357   0.
  2017 352 19 55 36 495 352.830283510      -1.12      6.68      1.57  0.        3963.852      -1769.767       2048.401    0.000  -0.130   0.358   0.
  2017 352 19 55 37 495 352.830295084      -3.14      6.00     -2.32  0.        3964.588      -1768.282       2051.328    0.000  -0.130   0.358   0.
  2017 352 19 55 38 495 352.830306658       6.34     -0.66     -0.85  0.        3965.323      -1766.797       2054.254    0.000  -0.130   0.358   0.
  2017 352 19 55 39 495 352.830318232       8.62     -1.97     -1.69  0.        3966.057      -1765.311       2057.180    0.000  -0.130   0.358   0.
  2017 352 19 55 40 495 352.830329806       3.07      4.09      2.18  0.        3966.788      -1763.825       2060.104    0.000  -0.130   0.358   0.
  2017 352 19 55 41 495 352.830341380      -1.75      7.57     -0.14  0.        3967.519      -1762.338       2063.028    0.000  -0.130   0.358   0.
  2017 352 19 55 42 495 352.830352954      -3.07      6.61     -2.50  0.        3968.248      -1760.850       2065.951    0.000  -0.131   0.359   0.
  2017 352 19 55 43 495 352.830364528       4.11      0.45     -6.80  0.        3968.975      -1759.361       2068.873    0.000  -0.131   0.360   0.
  2017 352 19 55 44 495 352.830376102       7.68      2.00     -6.16  0.        3969.701      -1757.872       2071.795    0.000  -0.131   0.359   0.
  2017 352 19 55 45 495 352.830387677       5.97      1.96     -4.19  0.        3970.425      -1756.382       2074.715    0.000  -0.131   0.359   0.
  2017 352 19 55 46 495 352.830399251       3.87      5.89     -5.95  0.        3971.148      -1754.891       2077.635    0.000  -0.131   0.360   0.
  2017 352 19 55 47 495 352.830410825       2.90      9.96     -2.71  0.        3971.869      -1753.400       2080.554    0.000  -0.131   0.360   0.
  2017 352 19 55 48 495 352.830422399       2.66      6.05     -2.34  0.        3972.589      -1751.908       2083.472    0.000  -0.131   0.360   0.
  2017 352 19 55 49 495 352.830433973       3.01      7.40     -4.38  0.        3973.307      -1750.415       2086.390    0.000  -0.131   0.360   0.
  2017 352 19 55 50 495 352.830445547       5.65      2.60     -4.27  0.        3974.024      -1748.922       2089.306    0.000  -0.131   0.360   0.
  2017 352 19 55 51 495 352.830457121       5.26      4.43      0.58  0.        3974.739      -1747.428       2092.222    0.000  -0.131   0.360   0.
  2017 352 19 55 52 495 352.830468695       4.14     10.14     -1.07  0.        3975.452      -1745.933       2095.137    0.000  -0.131   0.361   0.
  2017 352 19 55 53 495 352.830480269       4.72      6.91     -4.45  0.        3976.164      -1744.438       2098.051    0.000  -0.131   0.361   0.
  2017 352 19 55 54 495 352.830491843       6.63      3.71     -2.73  0.        3976.875      -1742.942       2100.964    0.000  -0.132   0.362   0.
  2017 352 19 55 55 495 352.830503417       3.47      6.04     -2.59  0.        3977.584      -1741.446       2103.878    0.000  -0.132   0.362   0.
  2017 352 19 55 56 495 352.830514991       5.26     11.29      0.31  0.        3978.292      -1739.948       2106.789    0.000  -0.132   0.362   0.
  2017 352 19 55 57 495 352.830526565       5.95      7.03      0.55  0.        3978.998      -1738.450       2109.700    0.000  -0.132   0.362   0.
  2017 352 19 55 58 495 352.830538139       6.05      6.33     -1.04  0.        3979.702      -1736.952       2112.610    0.000  -0.132   0.363   0.
  2017 352 19 55 59 495 352.830549714       6.89     12.63     -4.43  0.        3980.405      -1735.452       2115.519    0.000  -0.132   0.363   0.
  2017 352 19 56  0 495 352.830561288       6.98      8.70     -7.57  0.        3981.107      -1733.953       2118.428    0.000  -0.132   0.363   0.
  2017 352 19 56  1 495 352.830572861       4.64      4.86     -6.13  0.        3981.807      -1732.452       2121.336    0.000  -0.132   0.363   0.
  2017 352 19 56  2 495 352.830584433       3.13      0.15     -3.82  0.        3982.505      -1730.951       2124.243    0.000  -0.132   0.363   0.
  2017 352 19 56  3 495 352.830596007       6.09     -0.20     -4.23  0.        3983.202      -1729.449       2127.149    0.000  -0.132   0.363   0.
  2017 352 19 56  4 494 352.830607581       3.45      2.46     -3.65  0.        3983.898      -1727.946       2130.054    0.000  -0.132   0.363   0.
  2017 352 19 56  5 494 352.830619155       3.25      5.38     -1.37  0.        3984.592      -1726.443       2132.959    0.000  -0.132   0.363   0.
  2017 352 19 56  6 494 352.830630729       7.93      3.48     -1.69  0.        3985.284      -1724.940       2135.862    0.000  -0.132   0.364   0.
  2017 352 19 56  7 494 352.830642303       4.92      2.39     -2.34  0.        3985.975      -1723.435       2138.765    0.000  -0.132   0.364   0.
  2017 352 19 56  8 494 352.830653877       3.06      3.41     -1.84  0.        3986.665      -1721.930       2141.667    0.000  -0.133   0.364   0.
  2017 352 19 56  9 495 352.830665451      -0.21      4.83     -2.30  0.        3987.353      -1720.424       2144.569    0.000  -0.133   0.364   0.
  2017 352 19 56 10 495 352.830677025      -3.18      5.83     -3.85  0.        3988.039      -1718.917       2147.469    0.000  -0.133   0.365   0.
  2017 352 19 56 11 494 352.830688600      -4.11      2.54     -5.02  0.        3988.724      -1717.410       2150.369    0.000  -0.133   0.365   0.
  2017 352 19 56 12 494 352.830700174      -4.42      4.91     -1.48  0.        3989.408      -1715.902       2153.268    0.000  -0.133   0.365   0.
  2017 352 19 56 13 495 352.830711748      -1.04      2.88     -1.28  0.        3990.090      -1714.394       2156.166    0.000  -0.133   0.365   0.
  2017 352 19 56 14 495 352.830723322       1.03      1.10     -3.10  0.        3990.770      -1712.885       2159.063    0.000  -0.133   0.366   0.
  2017 352 19 56 15 495 352.830734896      -1.90      6.81     -0.56  0.        3991.449      -1711.375       2161.959    0.000  -0.133   0.366   0.
  2017 352 19 56 16 495 352.830746470       3.42      0.81     -2.46  0.        3992.127      -1709.865       2164.855    0.000  -0.133   0.366   0.
  2017 352 19 56 17 495 352.830758044       2.11      4.78      0.81  0.        3992.803      -1708.354       2167.750    0.000  -0.133   0.366   0.
  2017 352 19 56 18 494 352.830769618      -1.86      3.45     -1.07  0.        3993.477      -1706.842       2170.644    0.000  -0.133   0.366   0.
  2017 352 19 56 19 494 352.830781192       1.72      1.53     -3.60  0.        3994.150      -1705.330       2173.537    0.000  -0.133   0.366   0.
  2017 352 19 56 20 494 352.830792766      11.58     -0.83     -2.26  0.        3994.822      -1703.817       2176.429    0.000  -0.134   0.367   0.
  2017 352 19 56 21 494 352.830804340       4.64      4.08      3.30  0.        3995.492      -1702.304       2179.321    0.000  -0.134   0.367   0.
  2017 352 19 56 22 495 352.830815914       3.88      1.75      1.21  0.        3996.160      -1700.790       2182.211    0.000  -0.134   0.368   0.
  2017 352 19 56 23 495 352.830827488       0.44      1.76     -1.54  0.        3996.827      -1699.275       2185.101    0.000  -0.134   0.368   0.
  2017 352 19 56 24 494 352.830839063      -1.80      6.76     -0.50  0.        3997.493      -1697.760       2187.991    0.000  -0.134   0.368   0.
  2017 352 19 56 25 494 352.830850637      -4.13     11.42     -2.12  0.        3998.157      -1696.244       2190.879    0.000  -0.134   0.368   0.
  2017 352 19 56 26 495 352.830862211      -3.53      5.40     -3.75  0.        3998.820      -1694.727       2193.766    0.000  -0.134   0.368   0.
  2017 352 19 56 27 495 352.830873785       1.56      1.01     -0.49  0.        3999.481      -1693.210       2196.653    0.000  -0.134   0.368   0.
  2017 352 19 56 28 495 352.830885359       5.88      0.13      0.63  0.        4000.141      -1691.692       2199.539    0.000  -0.134   0.368   0.
  2017 352 19 56 29 495 352.830896933       5.80      4.22     -1.99  0.        4000.799      -1690.173       2202.424    0.000  -0.134   0.368   0.
  2017 352 19 56 30 495 352.830908507       1.58      6.91     -1.12  0.        4001.455      -1688.654       2205.308    0.000  -0.134   0.369   0.
  2017 352 19 56 31 494 352.830920080       1.33      5.36     -2.42  0.        4002.111      -1687.134       2208.191    0.000  -0.134   0.369   0.
  2017 352 19 56 32 494 352.830931652       1.06      1.63     -0.47  0.        4002.764      -1685.614       2211.074    0.000  -0.134   0.369   0.
  2017 352 19 56 33 494 352.830943226       2.16      0.27     -0.67  0.        4003.417      -1684.093       2213.956    0.000  -0.134   0.369   0.
  2017 352 19 56 34 494 352.830954800       4.98      0.32     -0.97  0.        4004.067      -1682.571       2216.837    0.000  -0.135   0.370   0.
  2017 352 19 56 35 494 352.830966374       5.63      4.82     -0.50  0.        4004.717      -1681.049       2219.717    0.000  -0.135   0.370   0.
  2017 352 19 56 36 494 352.830977948       7.53      7.61     -3.05  0.        4005.364      -1679.526       2222.596    0.000  -0.135   0.370   0.
  2017 352 19 56 37 494 352.830989523       8.89      6.79     -5.43  0.        4006.011      -1678.003       2225.474    0.000  -0.135   0.370   0.
  2017 352 19 56 38 494 352.831001097       8.79      7.64     -3.90  0.        4006.656      -1676.478       2228.352    0.000  -0.135   0.371   0.
  2017 352 19 56 39 494 352.831012671       9.24      6.47     -2.25  0.        4007.299      -1674.954       2231.229    0.000  -0.135   0.371   0.
  2017 352 19 56 40 494 352.831024245       8.02      5.19     -2.08  0.        4007.941      -1673.428       2234.105    0.000  -0.135   0.371   0.
  2017 352 19 56 41 494 352.831035819       6.36      4.50     -2.85  0.        4008.581      -1671.902       2236.980    0.000  -0.135   0.371   0.
  2017 352 19 56 42 494 352.831047393       3.75      6.60     -3.12  0.        4009.220      -1670.376       2239.854    0.000  -0.135   0.371   0.
  2017 352 19 56 43 494 352.831058967       0.76      5.80     -0.94  0.        4009.858      -1668.849       2242.728    0.000  -0.135   0.371   0.
  2017 352 19 56 44 494 352.831070541      -1.42      0.16     -3.18  0.        4010.494      -1667.321       2245.601    0.000  -0.135   0.372   0.
  2017 352 19 56 45 494 352.831082115      -1.32      0.39     -1.96  0.        4011.129      -1665.792       2248.472    0.000  -0.135   0.372   0.
  2017 352 19 56 46 494 352.831093689      -3.02      2.35     -1.75  0.        4011.762      -1664.263       2251.344    0.000  -0.135   0.372   0.
  2017 352 19 56 47 494 352.831105263      -4.40      7.51     -0.12  0.        4012.393      -1662.734       2254.214    0.000  -0.135   0.372   0.
  2017 352 19 56 48 494 352.831116837      -5.63     10.47      1.46  0.        4013.024      -1661.203       2257.083    0.000  -0.136   0.372   0.
  2017 352 19 56 49 494 352.831128411       0.75      5.95      3.24  0.        4013.652      -1659.673       2259.952    0.000  -0.136   0.372   0.
  2017 352 19 56 50 494 352.831139986       6.92      0.42     -3.84  0.        4014.280      -1658.141       2262.819    0.000  -0.136   0.372   0.
  2017 352 19 56 51 494 352.831151560       3.84      3.88     -6.82  0.        4014.905      -1656.609       2265.686    0.000  -0.136   0.372   0.
  2017 352 19 56 52 494 352.831163134       3.73     10.23     -6.59  0.        4015.530      -1655.077       2268.552    0.000  -0.136   0.373   0.
  2017 352 19 56 53 494 352.831174708      -0.65      5.50     -3.61  0.        4016.153      -1653.543       2271.418    0.000  -0.136   0.373   0.
  2017 352 19 56 54 494 352.831186282       4.45      1.33     -1.51  0.        4016.774      -1652.010       2274.282    0.000  -0.136   0.373   0.
  2017 352 19 56 55 494 352.831197856       7.30      5.39     -0.99  0.        4017.394      -1650.475       2277.146    0.000  -0.136   0.373   0.
  2017 352 19 56 56 494 352.831209430       7.83      9.35      0.24  0.        4018.012      -1648.940       2280.009    0.000  -0.136   0.374   0.
  2017 352 19 56 57 494 352.831221004       5.37      9.73      1.16  0.        4018.630      -1647.404       2282.871    0.000  -0.136   0.374   0.
  2017 352 19 56 58 494 352.831232578       3.95     10.48      0.60  0.        4019.245      -1645.868       2285.732    0.000  -0.136   0.374   0.
  2017 352 19 56 59 494 352.831244152       5.01     10.64     -1.92  0.        4019.859      -1644.331       2288.592    0.000  -0.136   0.374   0.
  2017 352 19 57  0 494 352.831255726       4.04      6.47     -1.67  0.        4020.472      -1642.794       2291.452    0.000  -0.136   0.375   0.
  2017 352 19 57  1 494 352.831267300       1.40      7.32     -4.19  0.        4021.083      -1641.256       2294.310    0.000  -0.136   0.375   0.
  2017 352 19 57  2 494 352.831278874       0.04      8.69     -3.83  0.        4021.693      -1639.717       2297.168    0.000  -0.136   0.375   0.
  2017 352 19 57  3 494 352.831290448       5.45      3.86     -0.08  0.        4022.302      -1638.178       2300.025    0.000  -0.136   0.375   0.
  2017 352 19 57  4 494 352.831302020       6.00      6.61     -0.13  0.        4022.908      -1636.638       2302.881    0.000  -0.137   0.375   0.
  2017 352 19 57  5 494 352.831313594       5.04      8.06     -3.10  0.        4023.514      -1635.098       2305.736    0.000  -0.137   0.375   0.
  2017 352 19 57  6 494 352.831325168       4.05      4.14     -4.34  0.        4024.118      -1633.557       2308.591    0.000  -0.137   0.376   0.
  2017 352 19 57  7 494 352.831336742       2.09      1.90     -3.85  0.        4024.720      -1632.015       2311.444    0.000  -0.137   0.376   0.
  2017 352 19 57  8 494 352.831348316       1.84      2.52     -1.31  0.        4025.321      -1630.473       2314.297    0.000  -0.137   0.376   0.
  2017 352 19 57  9 494 352.831359890       5.72      1.46     -0.45  0.        4025.921      -1628.930       2317.149    0.000  -0.137   0.376   0.
  2017 352 19 57 10 494 352.831371464       3.78      3.69     -3.75  0.        4026.519      -1627.387       2320.000    0.000  -0.137   0.377   0.
  2017 352 19 57 11 494 352.831383038      -2.44      3.73     -1.18  0.        4027.116      -1625.843       2322.851    0.000  -0.137   0.377   0.
  2017 352 19 57 12 494 352.831394612       4.92      1.21     -0.65  0.        4027.712      -1624.299       2325.700    0.000  -0.137   0.376   0.
  2017 352 19 57 13 494 352.831406186       3.89      7.37      2.15  0.        4028.305      -1622.754       2328.549    0.000  -0.137   0.376   0.
  2017 352 19 57 14 494 352.831417760       0.55      9.29      0.18  0.        4028.898      -1621.208       2331.396    0.000  -0.137   0.377   0.
  2017 352 19 57 15 494 352.831429334      -0.75      7.57      0.88  0.        4029.489      -1619.662       2334.244    0.000  -0.137   0.377   0.
  2017 352 19 57 16 494 352.831440909      -1.87      7.72     -1.91  0.        4030.079      -1618.115       2337.090    0.000  -0.137   0.377   0.
  2017 352 19 57 17 494 352.831452483      -1.61      6.09     -1.69  0.        4030.667      -1616.568       2339.935    0.000  -0.137   0.377   0.
  2017 352 19 57 18 494 352.831464057       7.10      2.46     -2.41  0.        4031.254      -1615.020       2342.780    0.000  -0.137   0.377   0.
  2017 352 19 57 19 494 352.831475631       9.85      2.92     -3.34  0.        4031.839      -1613.471       2345.623    0.000  -0.137   0.377   0.
  2017 352 19 57 20 494 352.831487205       7.04      8.48     -0.88  0.        4032.423      -1611.922       2348.466    0.000  -0.137   0.378   0.
  2017 352 19 57 21 494 352.831498779       5.74      9.79     -1.06  0.        4033.005      -1610.373       2351.308    0.000  -0.137   0.378   0.
  2017 352 19 57 22 494 352.831510353       5.50      9.11     -1.74  0.        4033.586      -1608.822       2354.149    0.000  -0.138   0.378   0.
  2017 352 19 57 23 494 352.831521927       3.58      6.41     -5.05  0.        4034.166      -1607.271       2356.990    0.000  -0.138   0.378   0.
  2017 352 19 57 24 494 352.831533501       1.12      4.25     -8.58  0.        4034.744      -1605.720       2359.829    0.000  -0.138   0.378   0.
  2017 352 19 57 25 494 352.831545075      -3.29      9.95     -2.97  0.        4035.321      -1604.168       2362.668    0.000  -0.138   0.378   0.
  2017 352 19 57 26 494 352.831556649       0.46      2.73     -1.81  0.        4035.896      -1602.616       2365.505    0.000  -0.138   0.378   0.
  2017 352 19 57 27 494 352.831568223       6.91     -0.17     -2.86  0.        4036.470      -1601.063       2368.342    0.000  -0.138   0.378   0.
  2017 352 19 57 28 494 352.831579798       2.93      2.55      0.87  0.        4037.042      -1599.509       2371.179    0.000  -0.138   0.378   0.
  2017 352 19 57 29 494 352.831591371      -0.01      3.19      2.53  0.        4037.613      -1597.955       2374.014    0.000  -0.138   0.378   0.
  2017 352 19 57 30 494 352.831602946       0.23      5.66     -0.30  0.        4038.183      -1596.400       2376.848    0.000  -0.138   0.378   0.
  2017 352 19 57 31 494 352.831614519      -1.06      9.56     -6.38  0.        4038.751      -1594.845       2379.682    0.000  -0.138   0.378   0.
  2017 352 19 57 32 494 352.831626091       1.92     -0.23     -6.75  0.        4039.318      -1593.289       2382.514    0.000  -0.138   0.378   0.
  2017 352 19 57 33 494 352.831637665       1.45      0.14     -4.45  0.        4039.883      -1591.732       2385.346    0.000  -0.138   0.378   0.
  2017 352 19 57 34 494 352.831649239       2.50      0.14     -2.90  0.        4040.447      -1590.175       2388.178    0.000  -0.138   0.379   0.
  2017 352 19 57 35 494 352.831660813       1.23      0.44     -2.90  0.        4041.009      -1588.618       2391.008    0.000  -0.138   0.379   0.
  2017 352 19 57 36 494 352.831672387       2.08      2.35     -1.14  0.        4041.570      -1587.060       2393.837    0.000  -0.138   0.378   0.
  2017 352 19 57 37 494 352.831683961       1.42      5.09     -0.01  0.        4042.130      -1585.501       2396.666    0.000  -0.138   0.378   0.
  2017 352 19 57 38 494 352.831695535       0.28      1.87     -2.22  0.        4042.688      -1583.942       2399.493    0.000  -0.138   0.379   0.
  2017 352 19 57 39 494 352.831707109      -0.87      1.14     -2.13  0.        4043.245      -1582.382       2402.320    0.000  -0.138   0.379   0.
  2017 352 19 57 40 494 352.831718683       6.64      1.54     -2.34  0.        4043.800      -1580.822       2405.146    0.000  -0.138   0.379   0.
  2017 352 19 57 41 494 352.831730258       6.88      4.65     -2.31  0.        4044.354      -1579.261       2407.971    0.000  -0.138   0.379   0.
  2017 352 19 57 42 494 352.831741832       3.20      8.40     -2.81  0.        4044.907      -1577.699       2410.796    0.000  -0.138   0.379   0.
  2017 352 19 57 43 494 352.831753406      -0.55     10.47     -2.61  0.        4045.458      -1576.137       2413.619    0.000  -0.138   0.379   0.
  2017 352 19 57 44 494 352.831764980      -0.79      7.28     -2.08  0.        4046.008      -1574.575       2416.442    0.000  -0.138   0.379   0.
  2017 352 19 57 45 494 352.831776554       6.64      1.34     -4.24  0.        4046.556      -1573.012       2419.264    0.000  -0.138   0.379   0.
  2017 352 19 57 46 494 352.831788128       6.39     -0.11     -4.04  0.        4047.103      -1571.448       2422.085    0.000  -0.138   0.379   0.
  2017 352 19 57 47 494 352.831799702       2.98      2.18     -2.59  0.        4047.649      -1569.884       2424.905    0.000  -0.138   0.379   0.
  2017 352 19 57 48 494 352.831811276       0.98      3.38     -2.84  0.        4048.193      -1568.319       2427.724    0.000  -0.138   0.379   0.
  2017 352 19 57 49 494 352.831822850      -1.76      2.97     -2.19  0.        4048.736      -1566.754       2430.542    0.000  -0.138   0.379   0.
  2017 352 19 57 50 494 352.831834424      -3.12      3.24     -1.80  0.        4049.277      -1565.188       2433.360    0.000  -0.138   0.379   0.
  2017 352 19 57 51 494 352.831845998      -2.09      3.93     -5.84  0.        4049.817      -1563.622       2436.177    0.000  -0.138   0.379   0.
  2017 352 19 57 52 494 352.831857572       0.47      2.09     -4.53  0.        4050.355      -1562.055       2438.993    0.000  -0.138   0.380   0.
  2017 352 19 57 53 494 352.831869146       4.66     -1.33      0.22  0.        4050.892      -1560.488       2441.808    0.000  -0.138   0.380   0.
  2017 352 19 57 54 494 352.831880721       3.05      2.75     -0.37  0.        4051.428      -1558.920       2444.622    0.000  -0.138   0.379   0.
  2017 352 19 57 55 494 352.831892295       4.95      6.74     -4.31  0.        4051.962      -1557.351       2447.435    0.000  -0.138   0.379   0.
  2017 352 19 57 56 494 352.831903869       8.40      5.23     -6.38  0.        4052.495      -1555.782       2450.248    0.000  -0.138   0.380   0.
  2017 352 19 57 57 494 352.831915443       6.83      7.28     -4.40  0.        4053.027      -1554.212       2453.059    0.000  -0.138   0.380   0.
  2017 352 19 57 58 494 352.831927017       5.22      6.21     -4.71  0.        4053.557      -1552.642       2455.870    0.000  -0.138   0.379   0.
  2017 352 19 57 59 494 352.831938591       3.64      4.55     -3.32  0.        4054.086      -1551.071       2458.680    0.000  -0.138   0.379   0.
  2017 352 19 58  0 494 352.831950165       3.43      4.69     -3.85  0.        4054.613      -1549.500       2461.489    0.000  -0.138   0.380   0.
  2017 352 19 58  1 493 352.831961738       4.05      2.87     -3.95  0.        4055.139      -1547.928       2464.297    0.000  -0.138   0.380   0.
  2017 352 19 58  2 493 352.831973310       3.95      2.14     -3.41  0.        4055.663      -1546.356       2467.105    0.000  -0.138   0.379   0.
  2017 352 19 58  3 493 352.831984884       7.63      1.64     -4.56  0.        4056.186      -1544.783       2469.911    0.000  -0.138   0.379   0.
  2017 352 19 58  4 493 352.831996458       7.53      6.13     -7.82  0.        4056.708      -1543.210       2472.717    0.000  -0.138   0.380   0.
  2017 352 19 58  5 494 352.832008032       7.92      7.22     -7.47  0.        4057.229      -1541.636       2475.522    0.000  -0.138   0.380   0.
  2017 352 19 58  6 494 352.832019606       2.64      6.69     -5.63  0.        4057.748      -1540.062       2478.326    0.000  -0.138   0.379   0.
  2017 352 19 58  7 493 352.832031181       2.64      7.27     -0.75  0.        4058.265      -1538.487       2481.129    0.000  -0.138   0.379   0.
  2017 352 19 58  8 493 352.832042755       2.50      9.47     -0.34  0.        4058.781      -1536.911       2483.931    0.000  -0.138   0.379   0.
  2017 352 19 58  9 494 352.832054329      -0.77      4.40     -0.91  0.        4059.296      -1535.336       2486.733    0.000  -0.138   0.379   0.
  2017 352 19 58 10 494 352.832065903       0.37      2.99     -0.93  0.        4059.810      -1533.759       2489.533    0.000  -0.138   0.380   0.
  2017 352 19 58 11 494 352.832077477       3.67      1.94     -3.60  0.        4060.322      -1532.182       2492.333    0.000  -0.138   0.380   0.
  2017 352 19 58 12 494 352.832089051       2.85     -1.42     -2.98  0.        4060.832      -1530.604       2495.132    0.000  -0.138   0.379   0.
  2017 352 19 58 13 494 352.832100625       0.68      2.86      0.85  0.        4061.342      -1529.026       2497.930    0.000  -0.138   0.379   0.
  2017 352 19 58 14 493 352.832112199       0.88      0.85     -2.10  0.        4061.849      -1527.448       2500.727    0.000  -0.138   0.379   0.
  2017 352 19 58 15 493 352.832123773       0.39      0.85     -1.38  0.        4062.356      -1525.869       2503.523    0.000  -0.138   0.379   0.
  2017 352 19 58 16 493 352.832135347      -1.68      3.36     -1.08  0.        4062.861      -1524.289       2506.319    0.000  -0.138   0.379   0.
  2017 352 19 58 17 493 352.832146921       0.77      1.15     -3.44  0.        4063.365      -1522.709       2509.113    0.000  -0.138   0.379   0.
  2017 352 19 58 18 494 352.832158495       2.99     -0.56      0.69  0.        4063.867      -1521.128       2511.907    0.000  -0.138   0.380   0.
  2017 352 19 58 19 494 352.832170069       4.86      1.70      0.46  0.        4064.368      -1519.547       2514.700    0.000  -0.138   0.380   0.
  2017 352 19 58 20 493 352.832181644       0.68      2.17     -0.48  0.        4064.868      -1517.966       2517.492    0.000  -0.138   0.380   0.
  2017 352 19 58 21 493 352.832193218       0.75      2.23     -2.11  0.        4065.366      -1516.383       2520.283    0.000  -0.138   0.380   0.
  2017 352 19 58 22 494 352.832204792      -0.83      3.71     -1.91  0.        4065.863      -1514.801       2523.074    0.000  -0.138   0.379   0.
  2017 352 19 58 23 494 352.832216366      -1.47      4.27     -3.11  0.        4066.358      -1513.217       2525.863    0.000  -0.138   0.379   0.
  2017 352 19 58 24 494 352.832227940       2.18      0.31     -3.61  0.        4066.852      -1511.633       2528.652    0.000  -0.138   0.379   0.
  2017 352 19 58 25 494 352.832239514       1.39      1.10     -1.35  0.        4067.345      -1510.050       2531.440    0.000  -0.138   0.379   0.
  2017 352 19 58 26 494 352.832251088      -0.69      2.29     -2.80  0.        4067.836      -1508.465       2534.227    0.000  -0.138   0.379   0.
  2017 352 19 58 27 493 352.832262662       0.44      1.78     -2.05  0.        4068.326      -1506.879       2537.013    0.000  -0.138   0.379   0.
  2017 352 19 58 28 493 352.832274236       3.37      0.41     -5.16  0.        4068.815      -1505.294       2539.798    0.000  -0.138   0.379   0.
  2017 352 19 58 29 493 352.832285810       1.12     -0.60     -3.82  0.        4069.302      -1503.707       2542.582    0.000  -0.138   0.379   0.
  2017 352 19 58 30 493 352.832297384       0.30     -1.98     -5.97  0.        4069.788      -1502.121       2545.366    0.000  -0.138   0.379   0.
  2017 352 19 58 31 493 352.832308958      -1.15     -0.57     -1.67  0.        4070.273      -1500.533       2548.148    0.000  -0.138   0.379   0.
  2017 352 19 58 32 493 352.832320529       0.42      2.56      1.92  0.        4070.756      -1498.946       2550.930    0.000  -0.138   0.380   0.
  2017 352 19 58 33 493 352.832332104       8.56      4.52     -1.40  0.        4071.238      -1497.357       2553.711    0.000  -0.138   0.380   0.
  2017 352 19 58 34 493 352.832343678      10.47      9.07     -7.16  0.        4071.718      -1495.769       2556.491    0.000  -0.138   0.379   0.
  2017 352 19 58 35 493 352.832355252       4.33      4.48     -5.48  0.        4072.197      -1494.179       2559.270    0.000  -0.138   0.379   0.
  2017 352 19 58 36 493 352.832366826       0.82      2.38      0.01  0.        4072.675      -1492.590       2562.049    0.000  -0.138   0.380   0.
  2017 352 19 58 37 493 352.832378400       2.28      2.24     -2.98  0.        4073.151      -1490.999       2564.826    0.000  -0.138   0.380   0.
  2017 352 19 58 38 493 352.832389974       3.09      0.33     -0.68  0.        4073.626      -1489.408       2567.603    0.000  -0.138   0.379   0.
  2017 352 19 58 39 493 352.832401548       5.32      4.93      1.01  0.        4074.100      -1487.817       2570.379    0.000  -0.138   0.379   0.
  2017 352 19 58 40 493 352.832413122       4.89      3.93     -0.40  0.        4074.572      -1486.226       2573.153    0.000  -0.138   0.380   0.
  2017 352 19 58 41 493 352.832424696       2.59      3.25     -3.37  0.        4075.043      -1484.633       2575.928    0.000  -0.138   0.380   0.
  2017 352 19 58 42 493 352.832436270       1.06      5.95     -4.30  0.        4075.512      -1483.040       2578.701    0.000  -0.138   0.379   0.
  2017 352 19 58 43 493 352.832447844       0.98      6.00      0.26  0.        4075.981      -1481.447       2581.473    0.000  -0.138   0.379   0.
  2017 352 19 58 44 493 352.832459418       7.95      3.19      1.36  0.        4076.447      -1479.853       2584.244    0.000  -0.138   0.379   0.
  2017 352 19 58 45 493 352.832470992       9.85      5.11     -0.21  0.        4076.913      -1478.259       2587.015    0.000  -0.138   0.379   0.
  2017 352 19 58 46 493 352.832482567       7.19      4.21     -0.67  0.        4077.377      -1476.664       2589.785    0.000  -0.138   0.379   0.
  2017 352 19 58 47 493 352.832494141       6.85      4.91     -1.29  0.        4077.840      -1475.069       2592.554    0.000  -0.138   0.379   0.
  2017 352 19 58 48 493 352.832505715       6.62      7.72     -6.35  0.        4078.301      -1473.474       2595.322    0.000  -0.138   0.379   0.
  2017 352 19 58 49 493 352.832517289       6.31     12.36     -7.28  0.        4078.761      -1471.877       2598.089    0.000  -0.138   0.380   0.
  2017 352 19 58 50 493 352.832528863       9.66      4.93     -2.93  0.        4079.220      -1470.281       2600.855    0.000  -0.138   0.379   0.
  2017 352 19 58 51 493 352.832540437       8.05      7.83     -1.03  0.        4079.677      -1468.684       2603.621    0.000  -0.138   0.379   0.
  2017 352 19 58 52 493 352.832552011       5.19      9.60     -3.32  0.        4080.134      -1467.086       2606.385    0.000  -0.138   0.380   0.
  2017 352 19 58 53 493 352.832563585       0.71      9.45     -5.13  0.        4080.588      -1465.488       2609.149    0.000  -0.138   0.380   0.
  2017 352 19 58 54 493 352.832575159       2.65      4.58     -1.68  0.        4081.041      -1463.889       2611.912    0.000  -0.138   0.380   0.
  2017 352 19 58 55 493 352.832586733       2.02      2.60     -1.24  0.        4081.493      -1462.290       2614.674    0.000  -0.138   0.380   0.
  2017 352 19 58 56 493 352.832598307      -0.33      2.57      0.73  0.        4081.944      -1460.690       2617.435    0.000  -0.138   0.379   0.
  2017 352 19 58 57 493 352.832609881       3.55      5.72     -0.93  0.        4082.393      -1459.090       2620.195    0.000  -0.138   0.379   0.
  2017 352 19 58 58 493 352.832621455       4.29      8.49     -4.38  0.        4082.841      -1457.490       2622.955    0.000  -0.138   0.379   0.
  2017 352 19 58 59 493 352.832633029       2.43      2.07     -4.42  0.        4083.288      -1455.889       2625.713    0.000  -0.138   0.379   0.
  2017 352 19 59  0 493 352.832644604       2.30      2.06      1.40  0.        4083.733      -1454.287       2628.471    0.000  -0.138   0.380   0.
  2017 352 19 59  1 493 352.832656177       3.36      3.10     -2.54  0.        4084.177      -1452.685       2631.228    0.000  -0.138   0.380   0.
  2017 352 19 59  2 493 352.832667749       2.61      0.04     -2.31  0.        4084.620      -1451.083       2633.983    0.000  -0.138   0.379   0.
  2017 352 19 59  3 493 352.832679323       2.10      0.68      0.41  0.        4085.061      -1449.480       2636.739    0.000  -0.138   0.379   0.
  2017 352 19 59  4 493 352.832690897      -0.35      2.91     -0.44  0.        4085.501      -1447.877       2639.493    0.000  -0.138   0.379   0.
  2017 352 19 59  5 493 352.832702471       2.68      1.88     -4.07  0.        4085.940      -1446.273       2642.246    0.000  -0.138   0.379   0.
  2017 352 19 59  6 493 352.832714045       4.50      0.88     -1.52  0.        4086.377      -1444.668       2644.999    0.000  -0.138   0.380   0.
  2017 352 19 59  7 493 352.832725619       1.21      3.64     -0.40  0.        4086.813      -1443.064       2647.750    0.000  -0.138   0.380   0.
  2017 352 19 59  8 493 352.832737193      -0.60      2.55     -2.65  0.        4087.247      -1441.458       2650.501    0.000  -0.138   0.380   0.
  2017 352 19 59  9 493 352.832748767       0.09      2.40     -0.61  0.        4087.681      -1439.852       2653.251    0.000  -0.138   0.380   0.
  2017 352 19 59 10 493 352.832760341       0.75      1.95     -0.71  0.        4088.113      -1438.246       2656.000    0.000  -0.138   0.380   0.
  2017 352 19 59 11 493 352.832771915       1.71      2.38     -1.17  0.        4088.543      -1436.640       2658.748    0.000  -0.138   0.380   0.
  2017 352 19 59 12 493 352.832783490       4.08      1.43     -2.23  0.        4088.972      -1435.032       2661.495    0.000  -0.138   0.380   0.
  2017 352 19 59 13 493 352.832795064       4.92      4.77     -4.42  0.        4089.400      -1433.425       2664.242    0.000  -0.138   0.380   0.
  2017 352 19 59 14 493 352.832806638       1.37      3.13     -3.28  0.        4089.827      -1431.817       2666.987    0.000  -0.138   0.380   0.
  2017 352 19 59 15 493 352.832818212       1.16      1.69     -2.67  0.        4090.252      -1430.208       2669.732    0.000  -0.138   0.380   0.
  2017 352 19 59 16 493 352.832829786       1.12      5.98     -3.65  0.        4090.676      -1428.599       2672.476    0.000  -0.138   0.379   0.
  2017 352 19 59 17 493 352.832841360       1.94      0.63     -6.62  0.        4091.099      -1426.990       2675.219    0.000  -0.138   0.379   0.
  2017 352 19 59 18 493 352.832852934       0.17      2.08     -2.00  0.        4091.520      -1425.380       2677.961    0.000  -0.138   0.380   0.
  2017 352 19 59 19 493 352.832864508       0.06      2.06     -2.12  0.        4091.940      -1423.769       2680.702    0.000  -0.138   0.380   0.
  2017 352 19 59 20 493 352.832876082       2.08      0.33     -0.38  0.        4092.359      -1422.158       2683.442    0.000  -0.138   0.380   0.
  2017 352 19 59 21 493 352.832887656       1.04      1.84     -0.76  0.        4092.776      -1420.547       2686.182    0.000  -0.138   0.380   0.
  2017 352 19 59 22 493 352.832899230       1.10      1.48     -0.90  0.        4093.192      -1418.935       2688.920    0.000  -0.138   0.380   0.
  2017 352 19 59 23 493 352.832910804      -0.17      1.73     -0.10  0.        4093.607      -1417.323       2691.658    0.000  -0.138   0.380   0.
  2017 352 19 59 24 493 352.832922379       0.32      2.38     -1.73  0.        4094.020      -1415.710       2694.395    0.000  -0.138   0.380   0.
  2017 352 19 59 25 493 352.832933953       2.11      0.85     -1.47  0.        4094.432      -1414.097       2697.131    0.000  -0.138   0.380   0.
  2017 352 19 59 26 493 352.832945527       3.76      0.57     -2.65  0.        4094.843      -1412.484       2699.866    0.000  -0.138   0.380   0.
  2017 352 19 59 27 493 352.832957101       2.97      0.48     -3.29  0.        4095.253      -1410.870       2702.600    0.000  -0.138   0.380   0.
  2017 352 19 59 28 493 352.832968675      -0.64      1.09     -0.87  0.        4095.661      -1409.255       2705.334    0.000  -0.138   0.380   0.
  2017 352 19 59 29 493 352.832980248       0.98      1.20     -2.04  0.        4096.068      -1407.640       2708.066    0.000  -0.138   0.380   0.
  2017 352 19 59 30 493 352.832991820       1.28      1.88     -0.94  0.        4096.473      -1406.025       2710.798    0.000  -0.138   0.380   0.
  2017 352 19 59 31 493 352.833003394       3.30      0.51     -3.24  0.        4096.877      -1404.409       2713.529    0.000  -0.138   0.380   0.
  2017 352 19 59 32 493 352.833014968       0.22      1.11     -3.48  0.        4097.280      -1402.793       2716.259    0.000  -0.138   0.380   0.
  2017 352 19 59 33 493 352.833026542       0.73      2.21     -3.42  0.        4097.682      -1401.176       2718.988    0.000  -0.138   0.380   0.
  2017 352 19 59 34 493 352.833038116       0.67      2.29     -1.49  0.        4098.082      -1399.559       2721.716    0.000  -0.138   0.380   0.
  2017 352 19 59 35 493 352.833049690       1.09      1.36     -1.14  0.        4098.481      -1397.941       2724.443    0.000  -0.138   0.380   0.
  2017 352 19 59 36 493 352.833061264       1.40      1.51     -0.57  0.        4098.879      -1396.323       2727.169    0.000  -0.138   0.380   0.
  2017 352 19 59 37 493 352.833072839       1.11      1.46     -0.68  0.        4099.275      -1394.704       2729.895    0.000  -0.138   0.380   0.
  2017 352 19 59 38 493 352.833084413       0.20      3.41     -0.91  0.        4099.670      -1393.085       2732.620    0.000  -0.138   0.380   0.
  2017 352 19 59 39 493 352.833095987       3.95      1.49     -2.86  0.        4100.064      -1391.466       2735.343    0.000  -0.138   0.380   0.
  2017 352 19 59 40 493 352.833107561       4.31      1.72     -0.96  0.        4100.456      -1389.846       2738.066    0.000  -0.138   0.380   0.
  2017 352 19 59 41 493 352.833119135       1.24      1.57     -2.78  0.        4100.847      -1388.226       2740.788    0.000  -0.138   0.380   0.
  2017 352 19 59 42 493 352.833130709      -1.01      2.32     -3.96  0.        4101.237      -1386.605       2743.510    0.000  -0.138   0.380   0.
  2017 352 19 59 43 493 352.833142283      -2.03      6.89     -2.04  0.        4101.626      -1384.984       2746.229    0.000  -0.138   0.380   0.
  2017 352 19 59 44 493 352.833153857       3.29      1.44     -1.76  0.        4102.013      -1383.362       2748.949    0.000  -0.138   0.380   0.
  2017 352 19 59 45 493 352.833165431       4.58     -0.00     -1.41  0.        4102.399      -1381.740       2751.668    0.000  -0.138   0.380   0.
  2017 352 19 59 46 493 352.833177005       0.77      3.28     -5.37  0.        4102.783      -1380.117       2754.386    0.000  -0.138   0.380   0.
  2017 352 19 59 47 493 352.833188579      -0.02      7.32     -4.14  0.        4103.167      -1378.495       2757.102    0.000  -0.138   0.380   0.
  2017 352 19 59 48 493 352.833200153       4.03     -0.60     -2.56  0.        4103.549      -1376.871       2759.818    0.000  -0.138   0.380   0.
  2017 352 19 59 49 493 352.833211727       6.42     -0.28     -4.92  0.        4103.929      -1375.247       2762.533    0.000  -0.138   0.380   0.
  2017 352 19 59 50 493 352.833223302       6.07      2.32     -3.07  0.        4104.309      -1373.623       2765.248    0.000  -0.138   0.380   0.
  2017 352 19 59 51 493 352.833234876       4.18      3.91     -1.22  0.        4104.687      -1371.998       2767.961    0.000  -0.138   0.380   0.
  2017 352 19 59 52 493 352.833246450       1.85      8.15     -0.80  0.        4105.064      -1370.373       2770.673    0.000  -0.138   0.380   0.
  2017 352 19 59 53 493 352.833258024       9.36      5.06      0.45  0.        4105.439      -1368.748       2773.385    0.000  -0.138   0.380   0.
  2017 352 19 59 54 493 352.833269598       9.27      1.99     -3.06  0.        4105.813      -1367.122       2776.096    0.000  -0.138   0.380   0.
  2017 352 19 59 55 493 352.833281172       2.88      4.58     -4.77  0.        4106.186      -1365.495       2778.805    0.000  -0.138   0.380   0.
  2017 352 19 59 56 493 352.833292746      -3.23      7.91     -5.56  0.        4106.558      -1363.869       2781.514    0.000  -0.138   0.380   0.
  2017 352 19 59 57 493 352.833304320       0.87     -0.93     -3.35  0.        4106.928      -1362.241       2784.222    0.000  -0.138   0.380   0.
  2017 352 19 59 58 493 352.833315894       1.31      2.55     -1.29  0.        4107.298      -1360.613       2786.930    0.000  -0.138   0.380   0.
  2017 352 19 59 59 492 352.833327467       1.95      3.58     -2.65  0.        4107.665      -1358.985       2789.636    0.000  -0.138   0.380   0.
  2017 352 20  0  0 492 352.833339039       0.56      3.08     -1.91  0.        4108.032      -1357.357       2792.341    0.000  -0.138   0.380   0.
  2017 352 20  0  1 493 352.833350613       0.66      2.41     -1.61  0.        4108.397      -1355.728       2795.046    0.000  -0.138   0.380   0.
  2017 352 20  0  2 493 352.833362187       1.39      1.18      0.18  0.        4108.761      -1354.098       2797.750    0.000  -0.138   0.380   0.
  2017 352 20  0  3 492 352.833373762       1.48      3.28     -1.54  0.        4109.124      -1352.469       2800.452    0.000  -0.138   0.380   0.
  2017 352 20  0  4 492 352.833385336       1.97      2.34     -3.72  0.        4109.485      -1350.838       2803.154    0.000  -0.138   0.380   0.
  2017 352 20  0  5 493 352.833396910       2.83      0.43     -2.01  0.        4109.845      -1349.208       2805.856    0.000  -0.138   0.380   0.
  2017 352 20  0  6 493 352.833408484       3.55      3.19     -1.09  0.        4110.204      -1347.576       2808.556    0.000  -0.138   0.380   0.
  2017 352 20  0  7 493 352.833420058       1.78      2.10     -2.64  0.        4110.562      -1345.946       2811.255    0.000  -0.138   0.380   0.
  2017 352 20  0  8 493 352.833431632      -0.03      1.65      0.13  0.        4110.918      -1344.313       2813.953    0.000  -0.138   0.380   0.
  2017 352 20  0  9 492 352.833443206       6.45      1.10     -0.78  0.        4111.273      -1342.681       2816.651    0.000  -0.138   0.380   0.
  2017 352 20  0 10 492 352.833454780       7.43      2.60     -1.07  0.        4111.627      -1341.048       2819.348    0.000  -0.138   0.380   0.
  2017 352 20  0 11 492 352.833466354       4.13      3.81     -1.96  0.        4111.979      -1339.415       2822.043    0.000  -0.138   0.380   0.
  2017 352 20  0 12 492 352.833477928       0.91      4.91     -5.37  0.        4112.330      -1337.781       2824.738    0.000  -0.138   0.380   0.
  2017 352 20  0 13 492 352.833489502       0.30      5.18     -3.05  0.        4112.680      -1336.147       2827.432    0.000  -0.138   0.380   0.
  2017 352 20  0 14 493 352.833501076       4.93      1.42     -1.38  0.        4113.029      -1334.513       2830.125    0.000  -0.138   0.380   0.
  2017 352 20  0 15 493 352.833512650       3.83      3.49     -0.50  0.        4113.376      -1332.878       2832.818    0.000  -0.138   0.380   0.
  2017 352 20  0 16 492 352.833524225       0.23      5.56     -2.00  0.        4113.722      -1331.243       2835.509    0.000  -0.138   0.380   0.
  2017 352 20  0 17 492 352.833535799      -0.95      3.67     -2.46  0.        4114.067      -1329.607       2838.200    0.000  -0.138   0.380   0.
  2017 352 20  0 18 493 352.833547373       1.06      2.49     -2.49  0.        4114.410      -1327.971       2840.889    0.000  -0.138   0.380   0.
  2017 352 20  0 19 493 352.833558947      -1.44      3.31     -5.34  0.        4114.753      -1326.335       2843.578    0.000  -0.138   0.380   0.
  2017 352 20  0 20 493 352.833570521      -0.66      3.07     -2.44  0.        4115.094      -1324.698       2846.266    0.000  -0.138   0.380   0.
  2017 352 20  0 21 493 352.833582095       3.79      3.28     -1.49  0.        4115.433      -1323.061       2848.953    0.000  -0.138   0.380   0.
  2017 352 20  0 22 493 352.833593669       3.30      5.86     -4.02  0.        4115.772      -1321.423       2851.639    0.000  -0.138   0.380   0.
  2017 352 20  0 23 492 352.833605243       1.30      2.76     -6.21  0.        4116.109      -1319.785       2854.324    0.000  -0.138   0.380   0.
  2017 352 20  0 24 492 352.833616817       0.75      1.94      0.54  0.        4116.445      -1318.146       2857.009    0.000  -0.138   0.380   0.
  2017 352 20  0 25 492 352.833628391       0.06      2.78     -2.24  0.        4116.780      -1316.507       2859.692    0.000  -0.138   0.380   0.
  2017 352 20  0 26 492 352.833639965       2.42      1.29     -2.51  0.        4117.113      -1314.868       2862.375    0.000  -0.138   0.380   0.
  2017 352 20  0 27 492 352.833651539       2.69      1.98     -2.65  0.        4117.445      -1313.228       2865.057    0.000  -0.138   0.380   0.
  2017 352 20  0 28 493 352.833663113       3.08      1.85     -2.79  0.        4117.776      -1311.588       2867.737    0.000  -0.138   0.380   0.
  2017 352 20  0 29 492 352.833674688       2.53      1.40     -1.74  0.        4118.106      -1309.948       2870.417    0.000  -0.138   0.380   0.
  2017 352 20  0 30 492 352.833686262       2.44      1.57     -1.07  0.        4118.434      -1308.307       2873.097    0.000  -0.138   0.380   0.
  2017 352 20  0 31 492 352.833697835       1.84      2.73     -0.05  0.        4118.761      -1306.665       2875.775    0.000  -0.138   0.380   0.
  2017 352 20  0 32 492 352.833709407       0.41      2.60     -0.40  0.        4119.087      -1305.024       2878.452    0.000  -0.138   0.380   0.
  2017 352 20  0 33 492 352.833720981       0.27      2.75     -1.33  0.        4119.411      -1303.381       2881.128    0.000  -0.138   0.380   0.
  2017 352 20  0 34 492 352.833732555       1.58      1.95     -1.22  0.        4119.735      -1301.739       2883.804    0.000  -0.138   0.380   0.
  2017 352 20  0 35 492 352.833744129       3.04      2.28     -1.78  0.        4120.057      -1300.096       2886.479    0.000  -0.138   0.380   0.
  2017 352 20  0 36 492 352.833755703       3.49      3.71     -2.64  0.        4120.377      -1298.453       2889.153    0.000  -0.138   0.380   0.
  2017 352 20  0 37 492 352.833767277       2.61      1.82     -3.45  0.        4120.697      -1296.809       2891.825    0.000  -0.138   0.380   0.
  2017 352 20  0 38 492 352.833778851       2.01      2.22     -1.94  0.        4121.015      -1295.165       2894.497    0.000  -0.138   0.380   0.
  2017 352 20  0 39 492 352.833790425       0.86      2.25     -1.39  0.        4121.332      -1293.520       2897.169    0.000  -0.138   0.380   0.
  2017 352 20  0 40 492 352.833801999       1.03      2.12     -1.06  0.        4121.648      -1291.875       2899.839    0.000  -0.138   0.380   0.
  2017 352 20  0 41 492 352.833813573       1.23      3.04     -1.65  0.        4121.963      -1290.230       2902.508    0.000  -0.138   0.380   0.
  2017 352 20  0 42 492 352.833825148       1.90      2.70     -2.22  0.        4122.276      -1288.585       2905.177    0.000  -0.138   0.380   0.
  2017 352 20  0 43 492 352.833836722       1.19      1.74     -1.78  0.        4122.588      -1286.938       2907.844    0.000  -0.138   0.380   0.
  2017 352 20  0 44 492 352.833848296      -0.02      3.48     -1.35  0.        4122.899      -1285.292       2910.511    0.000  -0.138   0.380   0.
  2017 352 20  0 45 492 352.833859870       0.89      3.85     -5.42  0.        4123.208      -1283.645       2913.177    0.000  -0.138   0.380   0.
  2017 352 20  0 46 492 352.833871444       2.29      0.44     -4.14  0.        4123.517      -1281.998       2915.842    0.000  -0.138   0.380   0.
  2017 352 20  0 47 492 352.833883018       1.98      0.91     -1.76  0.        4123.824      -1280.350       2918.506    0.000  -0.138   0.380   0.
  2017 352 20  0 48 492 352.833894592       1.45      1.11     -2.30  0.        4124.129      -1278.702       2921.169    0.000  -0.138   0.380   0.
  2017 352 20  0 49 492 352.833906166      -2.53      3.54     -3.35  0.        4124.434      -1277.054       2923.832    0.000  -0.138   0.380   0.
  2017 352 20  0 50 492 352.833917740       1.04      0.87     -4.00  0.        4124.737      -1275.405       2926.493    0.000  -0.138   0.380   0.
  2017 352 20  0 51 492 352.833929314       1.60      1.68     -1.97  0.        4125.039      -1273.756       2929.154    0.000  -0.138   0.380   0.
  2017 352 20  0 52 492 352.833940888       0.46      1.60     -1.77  0.        4125.340      -1272.106       2931.813    0.000  -0.138   0.380   0.
  2017 352 20  0 53 492 352.833952462      -0.64      1.32     -2.35  0.        4125.640      -1270.457       2934.472    0.000  -0.138   0.380   0.
  2017 352 20  0 54 492 352.833964036       0.06      2.00     -1.92  0.        4125.938      -1268.806       2937.130    0.000  -0.138   0.380   0.
  2017 352 20  0 55 492 352.833975611       0.75      1.93     -1.33  0.        4126.235      -1267.156       2939.787    0.000  -0.138   0.380   0.
  2017 352 20  0 56 492 352.833987185       1.38      1.73     -1.22  0.        4126.531      -1265.505       2942.444    0.000  -0.138   0.380   0.
  2017 352 20  0 57 492 352.833998759       1.82      1.36     -1.18  0.        4126.826      -1263.853       2945.098    0.000  -0.138   0.380   0.
  2017 352 20  0 58 492 352.834010333       1.42      1.60     -0.74  0.        4127.119      -1262.201       2947.753    0.000  -0.138   0.380   0.
  2017 352 20  0 59 492 352.834021906       1.73      2.05     -0.08  0.        4127.411      -1260.549       2950.406    0.000  -0.138   0.380   0.
  2017 352 20  1  0 492 352.834033478       2.57      2.11     -1.12  0.        4127.702      -1258.896       2953.059    0.000  -0.138   0.380   0.
  2017 352 20  1  1 492 352.834045052       2.48      1.75     -1.18  0.        4127.992      -1257.243       2955.711    0.000  -0.138   0.380   0.
  2017 352 20  1  2 492 352.834056626       2.23      3.54     -1.45  0.        4128.280      -1255.590       2958.362    0.000  -0.138   0.380   0.
  2017 352 20  1  3 492 352.834068200       0.80      2.77     -1.68  0.        4128.568      -1253.936       2961.012    0.000  -0.138   0.380   0.
  2017 352 20  1  4 492 352.834079774       1.61      1.02     -2.16  0.        4128.854      -1252.282       2963.661    0.000  -0.138   0.380   0.
  2017 352 20  1  5 492 352.834091348       0.85      2.14     -2.04  0.        4129.139      -1250.628       2966.309    0.000  -0.138   0.380   0.
  2017 352 20  1  6 492 352.834102922       0.16      2.82     -2.38  0.        4129.422      -1248.973       2968.956    0.000  -0.138   0.380   0.
  2017 352 20  1  7 492 352.834114497       1.27      2.65     -1.29  0.        4129.704      -1247.318       2971.603    0.000  -0.138   0.380   0.
  2017 352 20  1  8 492 352.834126071       2.25      2.63     -1.85  0.        4129.986      -1245.662       2974.248    0.000  -0.138   0.380   0.
  2017 352 20  1  9 492 352.834137645       1.45      2.09     -1.51  0.        4130.265      -1244.006       2976.893    0.000  -0.138   0.380   0.
  2017 352 20  1 10 492 352.834149219       1.41      1.99     -1.43  0.        4130.544      -1242.350       2979.536    0.000  -0.138   0.380   0.
  2017 352 20  1 11 492 352.834160793       0.55      2.55     -1.30  0.        4130.822      -1240.693       2982.179    0.000  -0.138   0.380   0.
  2017 352 20  1 12 492 352.834172367       0.93      2.61     -1.51  0.        4131.098      -1239.036       2984.821    0.000  -0.138   0.380   0.
  2017 352 20  1 13 492 352.834183941       1.49      1.12     -1.79  0.        4131.373      -1237.379       2987.462    0.000  -0.138   0.380   0.
  2017 352 20  1 14 492 352.834195515       2.08      1.12     -1.42  0.        4131.646      -1235.721       2990.103    0.000  -0.138   0.380   0.
  2017 352 20  1 15 492 352.834207089       1.36      1.53     -1.46  0.        4131.919      -1234.063       2992.742    0.000  -0.138   0.380   0.
  2017 352 20  1 16 492 352.834218663      -0.03      2.13     -1.36  0.        4132.190      -1232.404       2995.380    0.000  -0.138   0.380   0.
  2017 352 20  1 17 492 352.834230237      -0.45      2.87     -1.81  0.        4132.460      -1230.746       2998.018    0.000  -0.138   0.380   0.
  2017 352 20  1 18 492 352.834241811      -0.98      1.98     -2.74  0.        4132.729      -1229.086       3000.655    0.000  -0.138   0.380   0.
  2017 352 20  1 19 492 352.834253385       0.24      1.11     -1.28  0.        4132.997      -1227.427       3003.290    0.000  -0.138   0.380   0.
  2017 352 20  1 20 492 352.834264960       1.05      1.52      0.17  0.        4133.263      -1225.767       3005.925    0.000  -0.138   0.380   0.
  2017 352 20  1 21 492 352.834276534       2.90      3.75      0.35  0.        4133.529      -1224.107       3008.559    0.000  -0.138   0.380   0.
  2017 352 20  1 22 492 352.834288108       3.71      4.54     -1.30  0.        4133.793      -1222.446       3011.192    0.000  -0.138   0.380   0.
  2017 352 20  1 23 492 352.834299682       2.22      2.41     -1.39  0.        4134.055      -1220.785       3013.825    0.000  -0.138   0.380   0.
  2017 352 20  1 24 492 352.834311256       1.71      3.40     -2.56  0.        4134.317      -1219.123       3016.456    0.000  -0.138   0.380   0.
  2017 352 20  1 25 492 352.834322830       0.73      5.38     -2.53  0.        4134.577      -1217.462       3019.086    0.000  -0.138   0.380   0.
  2017 352 20  1 26 492 352.834334404       0.56      2.53     -1.31  0.        4134.836      -1215.800       3021.716    0.000  -0.138   0.380   0.
  2017 352 20  1 27 492 352.834345978       1.64      3.00     -0.32  0.        4135.094      -1214.137       3024.345    0.000  -0.138   0.380   0.
  2017 352 20  1 28 492 352.834357552       1.48      1.41     -0.86  0.        4135.351      -1212.474       3026.972    0.000  -0.138   0.380   0.
  2017 352 20  1 29 492 352.834369125       0.08      4.81      1.87  0.        4135.607      -1210.811       3029.599    0.000  -0.138   0.380   0.
  2017 352 20  1 30 492 352.834380697       0.96      3.83      0.56  0.        4135.861      -1209.148       3032.225    0.000  -0.138   0.380   0.
  2017 352 20  1 31 492 352.834392271      -0.46      2.97     -0.94  0.        4136.114      -1207.484       3034.851    0.000  -0.138   0.380   0.
  2017 352 20  1 32 492 352.834403845      -0.36      2.70     -0.68  0.        4136.366      -1205.820       3037.475    0.000  -0.138   0.380   0.
  2017 352 20  1 33 492 352.834415420       0.62      1.55     -1.15  0.        4136.617      -1204.155       3040.098    0.000  -0.138   0.380   0.
  2017 352 20  1 34 492 352.834426994       0.68      1.90     -0.98  0.        4136.866      -1202.490       3042.721    0.000  -0.138   0.380   0.
  2017 352 20  1 35 492 352.834438568       1.58      1.42     -0.74  0.        4137.114      -1200.825       3045.342    0.000  -0.138   0.380   0.
  2017 352 20  1 36 492 352.834450142       1.25      1.72     -0.08  0.        4137.361      -1199.159       3047.963    0.000  -0.138   0.380   0.
  2017 352 20  1 37 492 352.834461716       1.58      2.93      1.09  0.        4137.607      -1197.493       3050.583    0.000  -0.138   0.380   0.
  2017 352 20  1 38 492 352.834473290       3.45      1.66     -0.27  0.        4137.852      -1195.827       3053.202    0.000  -0.138   0.380   0.
  2017 352 20  1 39 492 352.834484864       3.97      3.35      0.73  0.        4138.095      -1194.160       3055.820    0.000  -0.138   0.380   0.
  2017 352 20  1 40 492 352.834496438       3.71      4.74      0.62  0.        4138.338      -1192.493       3058.437    0.000  -0.138   0.380   0.
  2017 352 20  1 41 492 352.834508012       1.51      5.15     -1.72  0.        4138.579      -1190.826       3061.053    0.000  -0.138   0.380   0.
  2017 352 20  1 42 492 352.834519586       0.48      4.69      0.34  0.        4138.819      -1189.158       3063.668    0.000  -0.138   0.380   0.
  2017 352 20  1 43 492 352.834531160       1.31      7.09     -1.79  0.        4139.057      -1187.490       3066.283    0.000  -0.138   0.380   0.
  2017 352 20  1 44 492 352.834542734       1.59      4.62     -3.21  0.        4139.295      -1185.822       3068.896    0.000  -0.138   0.380   0.
  2017 352 20  1 45 492 352.834554308       0.97      2.05     -0.54  0.        4139.531      -1184.153       3071.509    0.000  -0.138   0.380   0.
  2017 352 20  1 46 492 352.834565883       0.88      2.26     -0.19  0.        4139.766      -1182.484       3074.121    0.000  -0.138   0.380   0.
  2017 352 20  1 47 492 352.834577457       0.39      2.95     -0.66  0.        4140.000      -1180.814       3076.732    0.000  -0.138   0.380   0.
  2017 352 20  1 48 492 352.834589031       1.22      2.70     -1.36  0.        4140.233      -1179.144       3079.342    0.000  -0.138   0.380   0.
  2017 352 20  1 49 492 352.834600605       2.55      2.82     -1.50  0.        4140.464      -1177.474       3081.951    0.000  -0.138   0.380   0.
  2017 352 20  1 50 492 352.834612179       2.20      3.48     -1.53  0.        4140.695      -1175.804       3084.559    0.000  -0.138   0.380   0.
  2017 352 20  1 51 492 352.834623753       1.84      2.39     -1.19  0.        4140.924      -1174.133       3087.167    0.000  -0.138   0.380   0.
  2017 352 20  1 52 492 352.834635327       2.54      2.51     -1.16  0.        4141.152      -1172.462       3089.773    0.000  -0.138   0.380   0.
  2017 352 20  1 53 492 352.834646901       0.92      1.64     -3.02  0.        4141.378      -1170.791       3092.379    0.000  -0.138   0.380   0.
  2017 352 20  1 54 492 352.834658475      -1.07      4.35     -1.75  0.        4141.604      -1169.119       3094.983    0.000  -0.138   0.380   0.
  2017 352 20  1 55 492 352.834670049       0.67      2.24     -1.61  0.        4141.828      -1167.447       3097.587    0.000  -0.138   0.380   0.
  2017 352 20  1 56 492 352.834681623       0.62      2.35     -1.36  0.        4142.051      -1165.774       3100.190    0.000  -0.138   0.380   0.
  2017 352 20  1 57 492 352.834693197       1.33      1.97     -1.06  0.        4142.273      -1164.101       3102.792    0.000  -0.138   0.380   0.
  2017 352 20  1 58 492 352.834704771       0.88      1.60     -0.60  0.        4142.494      -1162.428       3105.393    0.000  -0.138   0.380   0.
  2017 352 20  1 59 491 352.834716344       0.06      2.12      0.05  0.        4142.714      -1160.755       3107.993    0.000  -0.138   0.380   0.
  2017 352 20  2  0 492 352.834727917      -0.77      2.17      1.26  0.        4142.932      -1159.081       3110.593    0.000  -0.138   0.380   0.
  2017 352 20  2  1 492 352.834739491      -1.30      1.87      0.56  0.        4143.149      -1157.407       3113.191    0.000  -0.138   0.380   0.
  2017 352 20  2  2 492 352.834751065       0.69      2.11      0.14  0.        4143.366      -1155.732       3115.789    0.000  -0.138   0.380   0.
  2017 352 20  2  3 492 352.834762639       1.29      1.74     -1.64  0.        4143.580      -1154.058       3118.386    0.000  -0.138   0.380   0.
  2017 352 20  2  4 492 352.834774213      -0.49      3.70     -0.86  0.        4143.794      -1152.382       3120.981    0.000  -0.138   0.380   0.
  2017 352 20  2  5 491 352.834785787      -2.12      6.28     -0.30  0.        4144.007      -1150.707       3123.576    0.000  -0.138   0.380   0.
  2017 352 20  2  6 491 352.834797361      -3.66      7.79     -3.52  0.        4144.218      -1149.031       3126.170    0.000  -0.138   0.380   0.
  2017 352 20  2  7 491 352.834808935      -0.31      3.67     -2.99  0.        4144.428      -1147.355       3128.764    0.000  -0.138   0.380   0.
  2017 352 20  2  8 491 352.834820509       1.14      2.23      0.40  0.        4144.637      -1145.679       3131.356    0.000  -0.138   0.380   0.
  2017 352 20  2  9 491 352.834832083       0.22      2.50     -1.69  0.        4144.845      -1144.002       3133.947    0.000  -0.138   0.380   0.
  2017 352 20  2 10 492 352.834843657       0.86      2.86     -0.41  0.        4145.052      -1142.325       3136.537    0.000  -0.138   0.380   0.
  2017 352 20  2 11 492 352.834855231       1.17      3.58     -1.73  0.        4145.257      -1140.647       3139.127    0.000  -0.138   0.380   0.
  2017 352 20  2 12 491 352.834866806      -1.28      3.00     -2.18  0.        4145.461      -1138.970       3141.716    0.000  -0.138   0.380   0.
  2017 352 20  2 13 491 352.834878380      -1.25      3.01     -1.85  0.        4145.664      -1137.292       3144.303    0.000  -0.138   0.380   0.
  2017 352 20  2 14 492 352.834889954      -0.36      2.22     -2.62  0.        4145.866      -1135.613       3146.890    0.000  -0.138   0.380   0.
  2017 352 20  2 15 492 352.834901528       1.04      1.07     -0.91  0.        4146.067      -1133.935       3149.476    0.000  -0.138   0.380   0.
  2017 352 20  2 16 492 352.834913102       0.86      1.54     -0.14  0.        4146.267      -1132.256       3152.061    0.000  -0.138   0.380   0.
  2017 352 20  2 17 492 352.834924676       1.35      1.32     -0.39  0.        4146.465      -1130.576       3154.646    0.000  -0.138   0.380   0.
  2017 352 20  2 18 491 352.834936250       0.79      1.90     -0.59  0.        4146.663      -1128.897       3157.229    0.000  -0.138   0.380   0.
  2017 352 20  2 19 491 352.834947824       0.79      2.07     -0.61  0.        4146.859      -1127.216       3159.811    0.000  -0.138   0.380   0.
  2017 352 20  2 20 491 352.834959398       1.44      1.81     -0.72  0.        4147.054      -1125.536       3162.393    0.000  -0.138   0.380   0.
  2017 352 20  2 21 491 352.834970972       2.16      1.88     -0.82  0.        4147.247      -1123.856       3164.974    0.000  -0.138   0.380   0.
  2017 352 20  2 22 491 352.834982546       0.87      2.41     -0.78  0.        4147.440      -1122.175       3167.553    0.000  -0.138   0.380   0.
  2017 352 20  2 23 492 352.834994120      -0.09      3.03     -0.65  0.        4147.631      -1120.494       3170.132    0.000  -0.138   0.380   0.
  2017 352 20  2 24 492 352.835005694       0.86      3.18      0.00  0.        4147.822      -1118.812       3172.710    0.000  -0.138   0.380   0.
  2017 352 20  2 25 491 352.835017268       3.34      3.39     -1.47  0.        4148.011      -1117.130       3175.287    0.000  -0.138   0.380   0.
  2017 352 20  2 26 491 352.835028843       3.28      2.93     -2.62  0.        4148.199      -1115.448       3177.863    0.000  -0.138   0.380   0.
  2017 352 20  2 27 492 352.835040417       1.63      1.73     -0.55  0.        4148.386      -1113.766       3180.439    0.000  -0.138   0.380   0.
  2017 352 20  2 28 492 352.835051991      -0.50      2.20     -0.01  0.        4148.571      -1112.083       3183.013    0.000  -0.138   0.380   0.
  2017 352 20  2 29 492 352.835063564      -1.28      1.75     -0.09  0.        4148.756      -1110.400       3185.587    0.000  -0.138   0.380   0.
  2017 352 20  2 30 491 352.835075136      -1.21      2.62     -0.82  0.        4148.939      -1108.716       3188.159    0.000  -0.138   0.380   0.
  2017 352 20  2 31 491 352.835086710       1.20      1.28     -0.70  0.        4149.121      -1107.033       3190.731    0.000  -0.138   0.380   0.
  2017 352 20  2 32 491 352.835098284       0.44      1.66     -0.16  0.        4149.302      -1105.349       3193.302    0.000  -0.138   0.380   0.
  2017 352 20  2 33 491 352.835109858      -0.95      1.93     -0.41  0.        4149.482      -1103.664       3195.872    0.000  -0.138   0.380   0.
  2017 352 20  2 34 491 352.835121432      -2.02      1.24     -1.16  0.        4149.661      -1101.980       3198.441    0.000  -0.138   0.380   0.
  2017 352 20  2 35 491 352.835133006      -3.66      1.60     -1.16  0.        4149.838      -1100.295       3201.009    0.000  -0.138   0.380   0.
  2017 352 20  2 36 491 352.835144580      -1.48      2.32     -1.43  0.        4150.014      -1098.609       3203.576    0.000  -0.138   0.380   0.
  2017 352 20  2 37 491 352.835156154       1.05      1.15     -1.12  0.        4150.190      -1096.924       3206.142    0.000  -0.138   0.380   0.
  2017 352 20  2 38 491 352.835167729       1.28      1.11     -0.80  0.        4150.364      -1095.238       3208.708    0.000  -0.138   0.380   0.
  2017 352 20  2 39 491 352.835179303       1.23      1.35     -0.44  0.        4150.537      -1093.552       3211.273    0.000  -0.138   0.380   0.
  2017 352 20  2 40 491 352.835190877       0.74      1.38     -0.74  0.        4150.708      -1091.865       3213.836    0.000  -0.138   0.380   0.
  2017 352 20  2 41 491 352.835202451       0.27      1.50     -0.80  0.        4150.879      -1090.178       3216.399    0.000  -0.138   0.380   0.
  2017 352 20  2 42 491 352.835214025       1.25      1.30     -0.72  0.        4151.048      -1088.491       3218.961    0.000  -0.138   0.380   0.
  2017 352 20  2 43 491 352.835225599       1.75      1.37     -0.64  0.        4151.217      -1086.804       3221.522    0.000  -0.138   0.380   0.
  2017 352 20  2 44 491 352.835237173       0.14      2.76     -0.91  0.        4151.384      -1085.116       3224.082    0.000  -0.138   0.380   0.
  2017 352 20  2 45 491 352.835248747      -0.54      2.60     -1.49  0.        4151.550      -1083.428       3226.641    0.000  -0.138   0.380   0.
  2017 352 20  2 46 491 352.835260321       1.03      1.64     -0.97  0.        4151.715      -1081.740       3229.200    0.000  -0.138   0.380   0.
  2017 352 20  2 47 491 352.835271895       2.85      1.20     -0.94  0.        4151.878      -1080.051       3231.757    0.000  -0.138   0.380   0.
  2017 352 20  2 48 491 352.835283469       3.69      4.30     -2.81  0.        4152.041      -1078.363       3234.314    0.000  -0.138   0.380   0.
  2017 352 20  2 49 491 352.835295043       1.96      2.93     -1.38  0.        4152.203      -1076.673       3236.869    0.000  -0.138   0.380   0.
  2017 352 20  2 50 491 352.835306617       1.22      1.99     -1.03  0.        4152.363      -1074.984       3239.424    0.000  -0.138   0.380   0.
  2017 352 20  2 51 491 352.835318192       1.96      2.47     -1.95  0.        4152.522      -1073.294       3241.978    0.000  -0.138   0.380   0.
  2017 352 20  2 52 491 352.835329766       1.88      2.40     -3.38  0.        4152.680      -1071.604       3244.531    0.000  -0.138   0.380   0.
  2017 352 20  2 53 491 352.835341340       1.67      1.96     -2.43  0.        4152.837      -1069.914       3247.083    0.000  -0.138   0.380   0.
  2017 352 20  2 54 491 352.835352914       1.28      1.26     -0.44  0.        4152.993      -1068.223       3249.634    0.000  -0.138   0.380   0.
  2017 352 20  2 55 491 352.835364488       0.62      1.70      1.14  0.        4153.147      -1066.532       3252.184    0.000  -0.138   0.380   0.
  2017 352 20  2 56 491 352.835376062       1.14      2.10      0.86  0.        4153.301      -1064.841       3254.734    0.000  -0.138   0.380   0.
  2017 352 20  2 57 491 352.835387635       0.91      2.63      0.40  0.        4153.453      -1063.149       3257.282    0.000  -0.138   0.380   0.
  2017 352 20  2 58 491 352.835399207      -0.30      1.98     -0.94  0.        4153.604      -1061.458       3259.830    0.000  -0.138   0.380   0.
  2017 352 20  2 59 491 352.835410781       0.63      3.12     -2.50  0.        4153.754      -1059.765       3262.377    0.000  -0.138   0.380   0.
  2017 352 20  3  0 491 352.835422355       5.22      1.85     -2.69  0.        4153.903      -1058.073       3264.923    0.000  -0.138   0.380   0.
  2017 352 20  3  1 491 352.835433929       3.84      4.11     -2.72  0.        4154.051      -1056.380       3267.467    0.000  -0.138   0.380   0.
  2017 352 20  3  2 491 352.835445503       0.21      2.31     -1.28  0.        4154.197      -1054.687       3270.011    0.000  -0.138   0.380   0.
  2017 352 20  3  3 491 352.835457078       0.43      1.77     -1.34  0.        4154.343      -1052.994       3272.555    0.000  -0.138   0.380   0.
  2017 352 20  3  4 491 352.835468652       2.00      1.42     -0.33  0.        4154.487      -1051.301       3275.097    0.000  -0.138   0.380   0.
  2017 352 20  3  5 491 352.835480226       2.19      1.77     -0.08  0.        4154.631      -1049.607       3277.638    0.000  -0.138   0.380   0.
  2017 352 20  3  6 491 352.835491800       2.76      4.07     -0.84  0.        4154.773      -1047.913       3280.179    0.000  -0.138   0.380   0.
  2017 352 20  3  7 491 352.835503374       4.95      2.84     -1.22  0.        4154.914      -1046.218       3282.718    0.000  -0.138   0.380   0.
  2017 352 20  3  8 491 352.835514948       4.35      2.35      0.24  0.        4155.054      -1044.523       3285.257    0.000  -0.138   0.380   0.
  2017 352 20  3  9 491 352.835526522       4.73      4.42     -2.45  0.        4155.192      -1042.828       3287.795    0.000  -0.138   0.380   0.
  2017 352 20  3 10 491 352.835538096       4.81      3.98     -0.77  0.        4155.330      -1041.133       3290.332    0.000  -0.138   0.380   0.
  2017 352 20  3 11 491 352.835549670       5.45      2.40      1.10  0.        4155.466      -1039.438       3292.868    0.000  -0.138   0.380   0.
  2017 352 20  3 12 491 352.835561244       4.07      4.53     -0.59  0.        4155.602      -1037.742       3295.403    0.000  -0.138   0.380   0.
  2017 352 20  3 13 491 352.835572818       1.49      6.03     -3.55  0.        4155.736      -1036.046       3297.937    0.000  -0.138   0.380   0.
  2017 352 20  3 14 491 352.835584392       0.43      2.22     -0.81  0.        4155.869      -1034.350       3300.470    0.000  -0.138   0.380   0.
  2017 352 20  3 15 491 352.835595966       0.58      2.12      0.13  0.        4156.001      -1032.653       3303.003    0.000  -0.138   0.380   0.
  2017 352 20  3 16 491 352.835607541       1.18      2.42     -0.14  0.        4156.132      -1030.956       3305.534    0.000  -0.138   0.380   0.
  2017 352 20  3 17 491 352.835619115       2.08      2.54     -0.33  0.        4156.262      -1029.258       3308.065    0.000  -0.138   0.380   0.
  2017 352 20  3 18 491 352.835630689       2.11      2.81     -0.83  0.        4156.390      -1027.561       3310.595    0.000  -0.138   0.380   0.
  2017 352 20  3 19 491 352.835642263       1.19      1.67     -1.63  0.        4156.518      -1025.863       3313.124    0.000  -0.138   0.380   0.
  2017 352 20  3 20 491 352.835653837       0.87      1.24     -1.08  0.        4156.644      -1024.165       3315.651    0.000  -0.138   0.380   0.
  2017 352 20  3 21 491 352.835665411       0.93      1.27     -0.99  0.        4156.769      -1022.467       3318.178    0.000  -0.138   0.380   0.
  2017 352 20  3 22 491 352.835676985       1.05      1.38     -0.84  0.        4156.893      -1020.768       3320.705    0.000  -0.138   0.380   0.
  2017 352 20  3 23 491 352.835688559       1.04      1.81     -0.73  0.        4157.016      -1019.069       3323.230    0.000  -0.138   0.380   0.
  2017 352 20  3 24 491 352.835700133       1.13      2.00     -0.93  0.        4157.138      -1017.370       3325.754    0.000  -0.138   0.380   0.
  2017 352 20  3 25 491 352.835711707       0.91      1.89     -1.06  0.        4157.259      -1015.671       3328.278    0.000  -0.138   0.380   0.
  2017 352 20  3 26 491 352.835723281       1.25      1.67     -0.99  0.        4157.379      -1013.971       3330.800    0.000  -0.138   0.380   0.
  2017 352 20  3 27 491 352.835734855       1.72      1.62     -0.52  0.        4157.497      -1012.271       3333.322    0.000  -0.138   0.380   0.
  2017 352 20  3 28 491 352.835746427       1.77      1.94     -0.21  0.        4157.615      -1010.571       3335.843    0.000  -0.138   0.380   0.
  2017 352 20  3 29 491 352.835758001       1.51      2.42     -0.36  0.        4157.731      -1008.870       3338.363    0.000  -0.138   0.380   0.
  2017 352 20  3 30 491 352.835769575       0.73      2.20     -0.84  0.        4157.846      -1007.170       3340.882    0.000  -0.138   0.380   0.
  2017 352 20  3 31 491 352.835781149       1.01      2.00     -0.99  0.        4157.960      -1005.468       3343.400    0.000  -0.138   0.380   0.
  2017 352 20  3 32 491 352.835792723       0.69      2.03     -1.81  0.        4158.073      -1003.767       3345.917    0.000  -0.138   0.380   0.
  2017 352 20  3 33 491 352.835804297       0.96      1.98     -1.57  0.        4158.185      -1002.066       3348.433    0.000  -0.138   0.380   0.
  2017 352 20  3 34 491 352.835815871       1.98      1.40     -1.25  0.        4158.296      -1000.364       3350.949    0.000  -0.138   0.380   0.
  2017 352 20  3 35 491 352.835827445       1.14      1.39     -1.69  0.        4158.406       -998.662       3353.463    0.000  -0.138   0.380   0.
  2017 352 20  3 36 491 352.835839019       0.74      1.56     -1.95  0.        4158.514       -996.959       3355.977    0.000  -0.138   0.380   0.
  2017 352 20  3 37 491 352.835850593       0.88      1.25     -1.41  0.        4158.622       -995.257       3358.490    0.000  -0.138   0.380   0.
  2017 352 20  3 38 491 352.835862167       0.96      1.43     -1.27  0.        4158.728       -993.554       3361.002    0.000  -0.139   0.381   0.
  2017 352 20  3 39 491 352.835873741       1.57      1.65     -1.07  0.        4158.833       -991.850       3363.513    0.000  -0.139   0.381   0.
  2017 352 20  3 40 491 352.835885315       1.36      1.44     -1.00  0.        4158.938       -990.147       3366.023    0.000  -0.138   0.380   0.
  2017 352 20  3 41 491 352.835896889       1.71      1.92     -0.65  0.        4159.041       -988.443       3368.532    0.000  -0.138   0.380   0.
  2017 352 20  3 42 491 352.835908464       1.17      1.95     -1.67  0.        4159.143       -986.739       3371.040    0.000  -0.138   0.380   0.
  2017 352 20  3 43 491 352.835920038       0.28      2.14     -1.60  0.        4159.243       -985.035       3373.548    0.000  -0.138   0.380   0.
  2017 352 20  3 44 491 352.835931612      -0.16      1.74     -1.00  0.        4159.343       -983.331       3376.054    0.000  -0.138   0.380   0.
  2017 352 20  3 45 491 352.835943186      -0.05      1.93     -0.25  0.        4159.442       -981.626       3378.560    0.000  -0.138   0.380   0.
  2017 352 20  3 46 491 352.835954760       1.03      1.57     -0.09  0.        4159.539       -979.921       3381.064    0.000  -0.138   0.380   0.
  2017 352 20  3 47 491 352.835966334       2.58      2.48     -0.99  0.        4159.636       -978.216       3383.568    0.000  -0.138   0.380   0.
  2017 352 20  3 48 491 352.835977908       1.21      2.46     -1.44  0.        4159.731       -976.510       3386.071    0.000  -0.138   0.380   0.
  2017 352 20  3 49 491 352.835989482       0.88      1.71     -1.04  0.        4159.825       -974.804       3388.573    0.000  -0.138   0.380   0.
  2017 352 20  3 50 491 352.836001056       0.07      1.50     -0.95  0.        4159.919       -973.098       3391.074    0.000  -0.138   0.380   0.
  2017 352 20  3 51 491 352.836012630       0.26      1.60     -0.63  0.        4160.011       -971.392       3393.574    0.000  -0.138   0.380   0.
  2017 352 20  3 52 491 352.836024204       1.56      0.32     -2.17  0.        4160.102       -969.685       3396.074    0.000  -0.138   0.380   0.
  2017 352 20  3 53 491 352.836035778       1.01      1.66     -1.23  0.        4160.191       -967.979       3398.572    0.000  -0.138   0.380   0.
  2017 352 20  3 54 491 352.836047352      -0.26      1.02     -0.98  0.        4160.280       -966.272       3401.070    0.000  -0.138   0.380   0.
  2017 352 20  3 55 491 352.836058927       1.72      2.39     -1.46  0.        4160.368       -964.564       3403.566    0.000  -0.138   0.380   0.
  2017 352 20  3 56 491 352.836070501       1.63      3.38     -2.00  0.        4160.455       -962.857       3406.062    0.000  -0.138   0.380   0.
  2017 352 20  3 57 491 352.836082074       1.04      1.84     -0.69  0.        4160.540       -961.149       3408.557    0.000  -0.138   0.380   0.
  2017 352 20  3 58 491 352.836093646       1.75      1.60     -0.90  0.        4160.624       -959.441       3411.051    0.000  -0.138   0.380   0.
  2017 352 20  3 59 491 352.836105220       1.11      2.24     -0.83  0.        4160.708       -957.732       3413.544    0.000  -0.138   0.380   0.
  2017 352 20  4  0 491 352.836116794       0.60      1.97     -0.70  0.        4160.790       -956.024       3416.036    0.000  -0.138   0.380   0.
  2017 352 20  4  1 490 352.836128368       1.36      1.59     -0.49  0.        4160.871       -954.315       3418.527    0.000  -0.138   0.380   0.
  2017 352 20  4  2 490 352.836139942       1.83      1.33     -0.77  0.        4160.951       -952.606       3421.018    0.000  -0.138   0.380   0.
  2017 352 20  4  3 490 352.836151516       1.67      1.79     -1.06  0.        4161.030       -950.897       3423.507    0.000  -0.138   0.380   0.
  2017 352 20  4  4 490 352.836163090       1.13      2.14     -0.99  0.        4161.108       -949.187       3425.996    0.000  -0.138   0.380   0.
  2017 352 20  4  5 491 352.836174664       1.28      1.70     -0.67  0.        4161.185       -947.477       3428.484    0.000  -0.138   0.380   0.
  2017 352 20  4  6 491 352.836186238       1.83      1.46     -0.39  0.        4161.261       -945.767       3430.970    0.000  -0.138   0.380   0.
  2017 352 20  4  7 491 352.836197813       1.76      1.56      0.07  0.        4161.335       -944.057       3433.456    0.000  -0.138   0.380   0.
  2017 352 20  4  8 490 352.836209387       1.95      2.15     -0.01  0.        4161.409       -942.346       3435.941    0.000  -0.138   0.380   0.
  2017 352 20  4  9 490 352.836220961       1.98      2.57     -0.50  0.        4161.481       -940.636       3438.426    0.000  -0.138   0.380   0.
  2017 352 20  4 10 491 352.836232535       1.47      2.55     -0.60  0.        4161.553       -938.925       3440.909    0.000  -0.138   0.380   0.
  2017 352 20  4 11 491 352.836244109       0.67      2.56     -0.77  0.        4161.623       -937.213       3443.391    0.000  -0.138   0.380   0.
  2017 352 20  4 12 491 352.836255683      -0.94      2.52     -1.51  0.        4161.692       -935.502       3445.873    0.000  -0.138   0.380   0.
  2017 352 20  4 13 491 352.836267257      -0.96      1.79     -1.82  0.        4161.761       -933.790       3448.353    0.000  -0.138   0.380   0.
  2017 352 20  4 14 490 352.836278831       0.02      2.33     -0.87  0.        4161.828       -932.078       3450.833    0.000  -0.138   0.380   0.
  2017 352 20  4 15 490 352.836290405       0.43      2.26     -0.16  0.        4161.894       -930.366       3453.311    0.000  -0.138   0.380   0.
  2017 352 20  4 16 490 352.836301979       0.50      2.05     -0.38  0.        4161.959       -928.653       3455.789    0.000  -0.138   0.380   0.
  2017 352 20  4 17 490 352.836313553       0.02      2.21     -0.26  0.        4162.022       -926.940       3458.266    0.000  -0.138   0.380   0.
  2017 352 20  4 18 490 352.836325127       0.11      2.07     -0.58  0.        4162.085       -925.227       3460.742    0.000  -0.138   0.380   0.
  2017 352 20  4 19 491 352.836336701       0.02      2.07     -0.37  0.        4162.147       -923.514       3463.218    0.000  -0.138   0.380   0.
  2017 352 20  4 20 491 352.836348275       0.52      2.05     -0.20  0.        4162.208       -921.801       3465.692    0.000  -0.138   0.380   0.
  2017 352 20  4 21 490 352.836359850       1.15      1.76     -0.50  0.        4162.267       -920.087       3468.165    0.000  -0.138   0.380   0.
  2017 352 20  4 22 490 352.836371424       0.87      1.59     -0.56  0.        4162.326       -918.373       3470.638    0.000  -0.138   0.380   0.
  2017 352 20  4 23 491 352.836382998       0.85      1.71     -0.24  0.        4162.383       -916.659       3473.109    0.000  -0.138   0.380   0.
  2017 352 20  4 24 491 352.836394572       0.58      1.95     -0.15  0.        4162.439       -914.945       3475.580    0.000  -0.138   0.380   0.
  2017 352 20  4 25 491 352.836406146       1.04      2.52      0.01  0.        4162.495       -913.230       3478.050    0.000  -0.138   0.380   0.
  2017 352 20  4 26 491 352.836417720       1.31      1.97     -0.13  0.        4162.549       -911.515       3480.519    0.000  -0.139   0.381   0.
  2017 352 20  4 27 491 352.836429293       0.36      1.58     -0.44  0.        4162.602       -909.800       3482.987    0.000  -0.139   0.381   0.
  2017 352 20  4 28 490 352.836440865      -1.28      1.71     -0.44  0.        4162.654       -908.085       3485.454    0.000  -0.138   0.380   0.
  2017 352 20  4 29 490 352.836452439      -1.78      2.71     -0.03  0.        4162.705       -906.369       3487.920    0.000  -0.138   0.380   0.
  2017 352 20  4 30 490 352.836464013       0.40      2.04     -0.49  0.        4162.755       -904.653       3490.385    0.000  -0.138   0.380   0.
  2017 352 20  4 31 490 352.836475587       1.01      1.93     -0.44  0.        4162.804       -902.937       3492.850    0.000  -0.138   0.380   0.
  2017 352 20  4 32 490 352.836487161       0.89      1.52     -0.79  0.        4162.852       -901.221       3495.313    0.000  -0.138   0.380   0.
  2017 352 20  4 33 490 352.836498736       0.49      1.89     -0.59  0.        4162.899       -899.504       3497.776    0.000  -0.138   0.380   0.
  2017 352 20  4 34 490 352.836510310       0.57      2.20     -0.33  0.        4162.944       -897.788       3500.238    0.000  -0.139   0.381   0.
  2017 352 20  4 35 490 352.836521884       0.64      2.41     -0.32  0.        4162.989       -896.071       3502.699    0.000  -0.139   0.381   0.
  2017 352 20  4 36 490 352.836533458       0.19      2.21     -0.10  0.        4163.033       -894.354       3505.159    0.000  -0.138   0.380   0.
  2017 352 20  4 37 490 352.836545032       0.70      1.90     -0.35  0.        4163.075       -892.636       3507.618    0.000  -0.138   0.380   0.
  2017 352 20  4 38 490 352.836556606       1.09      2.50     -0.65  0.        4163.116       -890.919       3510.076    0.000  -0.138   0.380   0.
  2017 352 20  4 39 490 352.836568180       0.38      3.44     -1.41  0.        4163.157       -889.201       3512.533    0.000  -0.138   0.380   0.
  2017 352 20  4 40 490 352.836579754      -0.27      2.68     -1.85  0.        4163.196       -887.483       3514.990    0.000  -0.138   0.380   0.
  2017 352 20  4 41 490 352.836591328       0.10      2.14     -1.60  0.        4163.234       -885.764       3517.445    0.000  -0.138   0.380   0.
  2017 352 20  4 42 490 352.836602902       0.17      1.95     -1.94  0.        4163.272       -884.046       3519.900    0.000  -0.138   0.380   0.
  2017 352 20  4 43 490 352.836614476       0.46      1.56     -1.39  0.        4163.308       -882.327       3522.354    0.000  -0.138   0.380   0.
  2017 352 20  4 44 490 352.836626050       0.77      1.53     -0.70  0.        4163.343       -880.608       3524.806    0.000  -0.138   0.380   0.
  2017 352 20  4 45 490 352.836637624       0.36      1.74     -0.68  0.        4163.377       -878.889       3527.258    0.000  -0.138   0.380   0.
  2017 352 20  4 46 490 352.836649198      -0.39      2.68     -0.79  0.        4163.410       -877.169       3529.709    0.000  -0.139   0.381   0.
  2017 352 20  4 47 490 352.836660773       0.08      2.44     -1.40  0.        4163.442       -875.450       3532.159    0.000  -0.139   0.381   0.
  2017 352 20  4 48 490 352.836672347      -0.23      2.44     -1.59  0.        4163.473       -873.730       3534.609    0.000  -0.138   0.380   0.
  2017 352 20  4 49 490 352.836683921      -1.09      2.04     -1.40  0.        4163.503       -872.010       3537.057    0.000  -0.138   0.380   0.
  2017 352 20  4 50 490 352.836695495      -2.04      1.93     -1.35  0.        4163.532       -870.289       3539.504    0.000  -0.138   0.380   0.
  2017 352 20  4 51 490 352.836707069      -2.12      2.45     -1.46  0.        4163.559       -868.569       3541.951    0.000  -0.138   0.380   0.
  2017 352 20  4 52 490 352.836718643      -0.79      1.81     -1.10  0.        4163.586       -866.848       3544.397    0.000  -0.138   0.380   0.
  2017 352 20  4 53 490 352.836730217      -0.37      1.70     -0.81  0.        4163.612       -865.127       3546.841    0.000  -0.138   0.380   0.
  2017 352 20  4 54 490 352.836741791       0.35      1.92     -0.71  0.        4163.636       -863.406       3549.285    0.000  -0.138   0.380   0.
  2017 352 20  4 55 490 352.836753365      -0.25      2.26      0.08  0.        4163.660       -861.684       3551.728    0.000  -0.138   0.380   0.
  2017 352 20  4 56 490 352.836764939      -0.76      2.34      0.02  0.        4163.682       -859.963       3554.170    0.000  -0.139   0.381   0.
  2017 352 20  4 57 490 352.836776513       0.12      2.08     -0.20  0.        4163.704       -858.241       3556.612    0.000  -0.139   0.381   0.
  2017 352 20  4 58 490 352.836788084       1.42      1.81      0.11  0.        4163.724       -856.519       3559.052    0.000  -0.138   0.380   0.
  2017 352 20  4 59 490 352.836799659       2.24      1.89      0.40  0.        4163.744       -854.797       3561.491    0.000  -0.138   0.380   0.
  2017 352 20  5  0 490 352.836811233       2.38      2.97     -0.63  0.        4163.762       -853.074       3563.930    0.000  -0.138   0.380   0.
  2017 352 20  5  1 490 352.836822807       0.73      2.92     -0.63  0.        4163.779       -851.352       3566.367    0.000  -0.138   0.380   0.
  2017 352 20  5  2 490 352.836834381       0.36      2.06     -0.58  0.        4163.796       -849.629       3568.804    0.000  -0.138   0.380   0.
  2017 352 20  5  3 490 352.836845955       1.23      1.59     -0.57  0.        4163.811       -847.906       3571.240    0.000  -0.138   0.380   0.
  2017 352 20  5  4 490 352.836857529       1.72      1.62     -0.44  0.        4163.825       -846.182       3573.675    0.000  -0.138   0.380   0.
  2017 352 20  5  5 490 352.836869103       1.77      1.82     -0.15  0.        4163.838       -844.459       3576.109    0.000  -0.138   0.380   0.
  2017 352 20  5  6 490 352.836880677       0.81      2.02      0.08  0.        4163.850       -842.735       3578.542    0.000  -0.138   0.380   0.
  2017 352 20  5  7 490 352.836892251       0.38      1.98     -0.77  0.        4163.861       -841.011       3580.974    0.000  -0.138   0.380   0.
  2017 352 20  5  8 490 352.836903825      -0.80      2.21     -1.05  0.        4163.871       -839.287       3583.406    0.000  -0.138   0.380   0.
  2017 352 20  5  9 490 352.836915399      -0.33      1.71     -0.66  0.        4163.880       -837.562       3585.836    0.000  -0.138   0.380   0.
  2017 352 20  5 10 490 352.836926973       0.28      1.35     -0.55  0.        4163.888       -835.838       3588.266    0.000  -0.138   0.380   0.
  2017 352 20  5 11 490 352.836938548       0.48      1.39     -0.54  0.        4163.895       -834.113       3590.694    0.000  -0.138   0.380   0.
  2017 352 20  5 12 490 352.836950122       0.52      1.32     -0.45  0.        4163.901       -832.388       3593.122    0.000  -0.138   0.380   0.
  2017 352 20  5 13 490 352.836961696       0.02      1.98     -1.13  0.        4163.906       -830.663       3595.549    0.000  -0.138   0.380   0.
  2017 352 20  5 14 490 352.836973270      -1.30      1.95     -1.72  0.        4163.910       -828.937       3597.975    0.000  -0.138   0.380   0.
  2017 352 20  5 15 490 352.836984844      -1.15      1.77     -1.12  0.        4163.912       -827.212       3600.400    0.000  -0.138   0.380   0.
  2017 352 20  5 16 490 352.836996418       0.12      1.73     -0.89  0.        4163.914       -825.486       3602.824    0.000  -0.138   0.380   0.
  2017 352 20  5 17 490 352.837007992       0.89      1.82     -1.12  0.        4163.915       -823.760       3605.248    0.000  -0.138   0.380   0.
  2017 352 20  5 18 490 352.837019566       1.37      1.82     -1.14  0.        4163.915       -822.034       3607.670    0.000  -0.138   0.380   0.
  2017 352 20  5 19 490 352.837031140       1.19      1.66     -0.91  0.        4163.913       -820.307       3610.092    0.000  -0.138   0.380   0.
  2017 352 20  5 20 490 352.837042714       1.47      2.58     -0.56  0.        4163.911       -818.580       3612.512    0.000  -0.138   0.380   0.
  2017 352 20  5 21 490 352.837054288       2.14      2.72     -0.08  0.        4163.908       -816.854       3614.932    0.000  -0.138   0.380   0.
  2017 352 20  5 22 490 352.837065862       2.96      2.71     -0.22  0.        4163.903       -815.127       3617.351    0.000  -0.138   0.380   0.
  2017 352 20  5 23 490 352.837077436       3.55      1.99     -0.18  0.        4163.898       -813.399       3619.769    0.000  -0.138   0.380   0.
  2017 352 20  5 24 490 352.837089010       3.75      2.44      0.17  0.        4163.891       -811.672       3622.186    0.000  -0.138   0.380   0.
  2017 352 20  5 25 490 352.837100584       1.03      1.98      0.51  0.        4163.884       -809.944       3624.602    0.000  -0.138   0.380   0.
  2017 352 20  5 26 490 352.837112159       0.21      1.92      0.25  0.        4163.875       -808.216       3627.017    0.000  -0.138   0.380   0.
  2017 352 20  5 27 490 352.837123732       1.73      1.75      0.47  0.        4163.866       -806.488       3629.432    0.000  -0.138   0.380   0.
  2017 352 20  5 28 490 352.837135304       1.54      1.20     -0.06  0.        4163.855       -804.760       3631.845    0.000  -0.138   0.380   0.
  2017 352 20  5 29 490 352.837146878       0.59      2.14     -0.71  0.        4163.843       -803.032       3634.258    0.000  -0.138   0.380   0.
  2017 352 20  5 30 490 352.837158452       0.11      2.04     -1.14  0.        4163.831       -801.303       3636.670    0.000  -0.138   0.380   0.
  2017 352 20  5 31 490 352.837170026      -0.52      2.02     -0.86  0.        4163.817       -799.574       3639.080    0.000  -0.138   0.380   0.
  2017 352 20  5 32 490 352.837181600      -0.28      1.99     -0.53  0.        4163.803       -797.845       3641.490    0.000  -0.138   0.380   0.
  2017 352 20  5 33 490 352.837193174       0.23      1.70     -0.62  0.        4163.787       -796.116       3643.899    0.000  -0.138   0.380   0.
  2017 352 20  5 34 490 352.837204748      -0.09      0.99     -1.12  0.        4163.770       -794.386       3646.307    0.000  -0.139   0.381   0.
  2017 352 20  5 35 490 352.837216322      -0.60      1.46     -0.60  0.        4163.753       -792.657       3648.715    0.000  -0.139   0.381   0.
  2017 352 20  5 36 490 352.837227896       0.25      1.56     -0.12  0.        4163.734       -790.927       3651.121    0.000  -0.138   0.380   0.
  2017 352 20  5 37 490 352.837239471       0.61      1.50     -0.29  0.        4163.714       -789.197       3653.527    0.000  -0.138   0.380   0.
  2017 352 20  5 38 490 352.837251045       0.59      1.45     -0.39  0.        4163.693       -787.467       3655.931    0.000  -0.139   0.381   0.
  2017 352 20  5 39 490 352.837262619       0.62      1.38     -0.39  0.        4163.672       -785.736       3658.335    0.000  -0.139   0.381   0.
  2017 352 20  5 40 490 352.837274193       0.72      1.29     -0.50  0.        4163.649       -784.006       3660.738    0.000  -0.138   0.380   0.
  2017 352 20  5 41 490 352.837285767       0.78      1.37     -0.50  0.        4163.625       -782.275       3663.139    0.000  -0.138   0.380   0.
  2017 352 20  5 42 490 352.837297341       0.76      1.60     -0.36  0.        4163.600       -780.544       3665.540    0.000  -0.138   0.380   0.
  2017 352 20  5 43 490 352.837308915       0.76      1.47     -0.22  0.        4163.574       -778.813       3667.940    0.000  -0.138   0.380   0.
  2017 352 20  5 44 490 352.837320489       0.58      1.44     -0.27  0.        4163.548       -777.081       3670.340    0.000  -0.139   0.381   0.
  2017 352 20  5 45 490 352.837332063       0.07      1.43     -0.22  0.        4163.520       -775.350       3672.738    0.000  -0.139   0.381   0.
  2017 352 20  5 46 490 352.837343637      -0.32      1.65      0.25  0.        4163.491       -773.618       3675.136    0.000  -0.138   0.380   0.
  2017 352 20  5 47 490 352.837355211       1.15      1.53      0.39  0.        4163.461       -771.886       3677.532    0.000  -0.138   0.380   0.
  2017 352 20  5 48 490 352.837366785       3.16      1.22     -0.38  0.        4163.430       -770.154       3679.928    0.000  -0.139   0.381   0.
  2017 352 20  5 49 490 352.837378359       2.25      1.60     -0.66  0.        4163.399       -768.422       3682.322    0.000  -0.139   0.381   0.
  2017 352 20  5 50 490 352.837389933       1.30      1.70     -0.59  0.        4163.365       -766.689       3684.716    0.000  -0.138   0.380   0.
  2017 352 20  5 51 490 352.837401508       0.91      1.79     -0.63  0.        4163.332       -764.957       3687.109    0.000  -0.138   0.380   0.
  2017 352 20  5 52 490 352.837413082       0.65      1.61     -0.92  0.        4163.297       -763.224       3689.501    0.000  -0.138   0.380   0.
  2017 352 20  5 53 490 352.837424656       0.51      1.78     -0.57  0.        4163.261       -761.491       3691.893    0.000  -0.138   0.380   0.
  2017 352 20  5 54 490 352.837436230       0.50      1.75     -0.21  0.        4163.224       -759.758       3694.283    0.000  -0.139   0.381   0.
  2017 352 20  5 55 490 352.837447804       0.35      1.69     -0.05  0.        4163.186       -758.024       3696.672    0.000  -0.139   0.381   0.
  2017 352 20  5 56 490 352.837459378       0.37      1.62     -0.38  0.        4163.147       -756.291       3699.061    0.000  -0.138   0.380   0.
  2017 352 20  5 57 489 352.837470951       0.39      1.73     -0.46  0.        4163.107       -754.557       3701.448    0.000  -0.138   0.380   0.
  2017 352 20  5 58 489 352.837482523       0.89      1.72     -0.17  0.        4163.066       -752.823       3703.835    0.000  -0.139   0.381   0.
  2017 352 20  5 59 489 352.837494097       1.19      1.59     -0.46  0.        4163.024       -751.089       3706.221    0.000  -0.139   0.381   0.
  2017 352 20  6  0 489 352.837505671       0.98      1.71     -0.26  0.        4162.981       -749.355       3708.606    0.000  -0.139   0.381   0.
  2017 352 20  6  1 490 352.837517245       0.88      1.81     -0.27  0.        4162.938       -747.620       3710.990    0.000  -0.139   0.381   0.
  2017 352 20  6  2 490 352.837528819      -0.13      2.21     -0.17  0.        4162.893       -745.886       3713.373    0.000  -0.139   0.381   0.
  2017 352 20  6  3 489 352.837540394      -0.50      2.32     -0.37  0.        4162.847       -744.151       3715.755    0.000  -0.139   0.381   0.
  2017 352 20  6  4 489 352.837551968      -1.52      2.39     -0.73  0.        4162.800       -742.416       3718.137    0.000  -0.139   0.381   0.
  2017 352 20  6  5 490 352.837563542      -2.01      2.44     -0.92  0.        4162.752       -740.680       3720.517    0.000  -0.139   0.381   0.
  2017 352 20  6  6 490 352.837575116      -0.84      1.90     -0.47  0.        4162.703       -738.945       3722.897    0.000  -0.139   0.381   0.
  2017 352 20  6  7 490 352.837586690       0.21      1.65     -0.32  0.        4162.653       -737.210       3725.275    0.000  -0.139   0.381   0.
  2017 352 20  6  8 490 352.837598264       0.65      1.73      0.12  0.        4162.602       -735.474       3727.653    0.000  -0.139   0.381   0.
  2017 352 20  6  9 490 352.837609838       0.15      1.64     -0.72  0.        4162.550       -733.738       3730.030    0.000  -0.139   0.381   0.
  2017 352 20  6 10 489 352.837621412       0.43      1.37     -0.76  0.        4162.497       -732.002       3732.406    0.000  -0.139   0.381   0.
  2017 352 20  6 11 489 352.837632986       0.46      1.56     -0.56  0.        4162.444       -730.266       3734.781    0.000  -0.139   0.381   0.
  2017 352 20  6 12 489 352.837644560       0.56      2.28     -0.38  0.        4162.389       -728.529       3737.156    0.000  -0.138   0.380   0.
  2017 352 20  6 13 489 352.837656134       0.37      2.26     -0.43  0.        4162.333       -726.793       3739.529    0.000  -0.138   0.380   0.
  2017 352 20  6 14 489 352.837667708       0.37      1.86     -0.86  0.        4162.276       -725.056       3741.901    0.000  -0.139   0.381   0.
  2017 352 20  6 15 490 352.837679282       0.25      2.30     -0.97  0.        4162.218       -723.319       3744.273    0.000  -0.139   0.381   0.
  2017 352 20  6 16 490 352.837690857       0.83      1.88     -0.18  0.        4162.160       -721.582       3746.644    0.000  -0.139   0.381   0.
  2017 352 20  6 17 489 352.837702431       1.57      1.55      0.43  0.        4162.100       -719.845       3749.013    0.000  -0.139   0.381   0.
  2017 352 20  6 18 489 352.837714005       1.83      1.81      0.54  0.        4162.039       -718.107       3751.382    0.000  -0.138   0.380   0.
  2017 352 20  6 19 490 352.837725579       1.67      2.18      0.42  0.        4161.977       -716.369       3753.750    0.000  -0.138   0.380   0.
  2017 352 20  6 20 490 352.837737153       2.45      1.80      0.32  0.        4161.914       -714.632       3756.117    0.000  -0.139   0.381   0.
  2017 352 20  6 21 490 352.837748727       2.49      1.91     -0.69  0.        4161.851       -712.894       3758.484    0.000  -0.139   0.381   0.
  2017 352 20  6 22 490 352.837760301       1.09      2.22     -0.67  0.        4161.786       -711.156       3760.849    0.000  -0.139   0.381   0.
  2017 352 20  6 23 489 352.837771875       0.62      1.46     -0.32  0.        4161.720       -709.417       3763.213    0.000  -0.139   0.381   0.
  2017 352 20  6 24 489 352.837783449       0.75      1.48     -0.36  0.        4161.654       -707.679       3765.577    0.000  -0.139   0.381   0.
  2017 352 20  6 25 489 352.837795022       0.74      1.36     -0.78  0.        4161.586       -705.940       3767.940    0.000  -0.139   0.381   0.
  2017 352 20  6 26 489 352.837806594       0.22      1.30     -0.72  0.        4161.517       -704.201       3770.301    0.000  -0.139   0.381   0.
  2017 352 20  6 27 489 352.837818168       0.41      1.35     -0.39  0.        4161.448       -702.462       3772.662    0.000  -0.139   0.381   0.
  2017 352 20  6 28 489 352.837829742       0.56      1.35     -0.34  0.        4161.377       -700.723       3775.022    0.000  -0.138   0.380   0.
  2017 352 20  6 29 489 352.837841317       0.66      1.55     -0.25  0.        4161.305       -698.984       3777.381    0.000  -0.138   0.380   0.
  2017 352 20  6 30 489 352.837852891       0.90      1.62     -0.27  0.        4161.233       -697.244       3779.740    0.000  -0.139   0.381   0.
  2017 352 20  6 31 489 352.837864465       1.24      1.65     -0.35  0.        4161.159       -695.505       3782.097    0.000  -0.139   0.381   0.
  2017 352 20  6 32 489 352.837876039       0.61      1.68     -0.44  0.        4161.085       -693.765       3784.453    0.000  -0.138   0.380   0.
  2017 352 20  6 33 489 352.837887613      -0.24      1.83     -0.45  0.        4161.009       -692.025       3786.809    0.000  -0.138   0.380   0.
  2017 352 20  6 34 489 352.837899187      -0.52      2.11     -0.53  0.        4160.933       -690.285       3789.164    0.000  -0.139   0.381   0.
  2017 352 20  6 35 489 352.837910761       0.23      1.75     -0.46  0.        4160.855       -688.545       3791.517    0.000  -0.139   0.381   0.
  2017 352 20  6 36 489 352.837922335       1.46      1.83     -0.24  0.        4160.777       -686.804       3793.870    0.000  -0.139   0.381   0.
  2017 352 20  6 37 489 352.837933909       2.47      1.85     -0.63  0.        4160.698       -685.064       3796.222    0.000  -0.139   0.381   0.
  2017 352 20  6 38 489 352.837945483       2.45      1.88     -0.75  0.        4160.617       -683.323       3798.573    0.000  -0.138   0.380   0.
  2017 352 20  6 39 489 352.837957057       2.09      1.78     -0.87  0.        4160.536       -681.582       3800.924    0.000  -0.138   0.380   0.
  2017 352 20  6 40 489 352.837968631       1.34      1.70     -0.56  0.        4160.454       -679.841       3803.273    0.000  -0.139   0.381   0.
  2017 352 20  6 41 489 352.837980205       0.98      1.85      0.03  0.        4160.370       -678.100       3805.621    0.000  -0.139   0.381   0.
  2017 352 20  6 42 489 352.837991779       0.05      2.85     -0.69  0.        4160.286       -676.358       3807.969    0.000  -0.139   0.381   0.
  2017 352 20  6 43 489 352.838003354      -0.90      3.28     -1.39  0.        4160.201       -674.617       3810.316    0.000  -0.139   0.381   0.
  2017 352 20  6 44 489 352.838014928      -1.38      2.28     -1.20  0.        4160.115       -672.875       3812.661    0.000  -0.138   0.380   0.
  2017 352 20  6 45 489 352.838026502      -1.39      2.29     -1.08  0.        4160.027       -671.133       3815.006    0.000  -0.138   0.380   0.
  2017 352 20  6 46 489 352.838038076       0.13      1.65      0.27  0.        4159.939       -669.391       3817.350    0.000  -0.139   0.381   0.
  2017 352 20  6 47 489 352.838049650       1.82      1.15      0.38  0.        4159.850       -667.649       3819.693    0.000  -0.139   0.381   0.
  2017 352 20  6 48 489 352.838061224       1.11      1.21     -0.77  0.        4159.760       -665.907       3822.035    0.000  -0.139   0.381   0.
  2017 352 20  6 49 489 352.838072798      -1.26      2.12     -1.22  0.        4159.669       -664.164       3824.377    0.000  -0.139   0.381   0.
  2017 352 20  6 50 489 352.838084372      -2.11      3.18     -0.79  0.        4159.577       -662.421       3826.717    0.000  -0.138   0.380   0.
  2017 352 20  6 51 489 352.838095946      -2.00      2.56     -0.81  0.        4159.484       -660.679       3829.057    0.000  -0.138   0.380   0.
  2017 352 20  6 52 489 352.838107520      -0.38      1.83     -0.22  0.        4159.390       -658.936       3831.395    0.000  -0.138   0.380   0.
  2017 352 20  6 53 489 352.838119094       1.37      1.53     -0.16  0.        4159.295       -657.193       3833.733    0.000  -0.138   0.380   0.
  2017 352 20  6 54 489 352.838130668       1.95      1.42     -0.17  0.        4159.199       -655.449       3836.070    0.000  -0.139   0.381   0.
  2017 352 20  6 55 489 352.838142242       1.79      1.54     -0.21  0.        4159.103       -653.706       3838.406    0.000  -0.139   0.381   0.
  2017 352 20  6 56 489 352.838153814       1.35      1.77     -0.33  0.        4159.005       -651.962       3840.741    0.000  -0.138   0.380   0.
  2017 352 20  6 57 489 352.838165388       0.44      1.96     -0.59  0.        4158.906       -650.218       3843.075    0.000  -0.138   0.380   0.
  2017 352 20  6 58 489 352.838176962      -1.43      2.77     -1.06  0.        4158.806       -648.475       3845.409    0.000  -0.138   0.380   0.
  2017 352 20  6 59 489 352.838188536      -0.28      1.92     -0.64  0.        4158.706       -646.731       3847.741    0.000  -0.138   0.380   0.
  2017 352 20  7  0 489 352.838200110       0.27      1.96     -0.15  0.        4158.604       -644.986       3850.073    0.000  -0.139   0.381   0.
  2017 352 20  7  1 489 352.838211684       1.13      1.91      0.25  0.        4158.502       -643.242       3852.403    0.000  -0.139   0.381   0.
  2017 352 20  7  2 489 352.838223258       1.12      1.36     -0.05  0.        4158.398       -641.498       3854.733    0.000  -0.138   0.380   0.
  2017 352 20  7  3 489 352.838234832       1.17      1.33      0.25  0.        4158.294       -639.753       3857.062    0.000  -0.138   0.380   0.
  2017 352 20  7  4 489 352.838246406       2.07      1.47      0.20  0.        4158.188       -638.008       3859.390    0.000  -0.139   0.381   0.
  2017 352 20  7  5 489 352.838257980       1.25      1.75     -0.38  0.        4158.082       -636.264       3861.717    0.000  -0.139   0.381   0.
  2017 352 20  7  6 489 352.838269554       0.46      1.57     -0.55  0.        4157.975       -634.519       3864.043    0.000  -0.138   0.380   0.
  2017 352 20  7  7 489 352.838281129       0.70      1.30     -0.64  0.        4157.866       -632.773       3866.369    0.000  -0.138   0.380   0.
  2017 352 20  7  8 489 352.838292702       0.84      1.22     -0.42  0.        4157.757       -631.028       3868.693    0.000  -0.139   0.381   0.
  2017 352 20  7  9 489 352.838304277       1.26      1.16     -0.67  0.        4157.647       -629.282       3871.017    0.000  -0.139   0.381   0.
  2017 352 20  7 10 489 352.838315851       0.94      1.27     -1.13  0.        4157.536       -627.537       3873.339    0.000  -0.138   0.380   0.
  2017 352 20  7 11 489 352.838327425       0.54      1.32     -1.09  0.        4157.423       -625.791       3875.661    0.000  -0.138   0.380   0.
  2017 352 20  7 12 489 352.838338999       0.09      1.80     -1.01  0.        4157.310       -624.045       3877.982    0.000  -0.139   0.381   0.
  2017 352 20  7 13 489 352.838350573      -0.20      2.03     -0.93  0.        4157.196       -622.299       3880.302    0.000  -0.139   0.381   0.
  2017 352 20  7 14 489 352.838362147       0.17      1.66     -0.26  0.        4157.082       -620.553       3882.621    0.000  -0.138   0.380   0.
  2017 352 20  7 15 489 352.838373721       2.65      1.28     -0.48  0.        4156.966       -618.807       3884.939    0.000  -0.138   0.380   0.
  2017 352 20  7 16 489 352.838385295       3.44      0.95     -1.18  0.        4156.849       -617.060       3887.257    0.000  -0.139   0.381   0.
  2017 352 20  7 17 489 352.838396869       1.19      1.87     -0.02  0.        4156.731       -615.314       3889.573    0.000  -0.139   0.381   0.
  2017 352 20  7 18 489 352.838408443       0.20      1.79      0.32  0.        4156.612       -613.567       3891.889    0.000  -0.139   0.381   0.
  2017 352 20  7 19 489 352.838420017       0.22      1.56      0.08  0.        4156.493       -611.820       3894.203    0.000  -0.139   0.381   0.
  2017 352 20  7 20 489 352.838431591      -0.43      1.73     -0.83  0.        4156.372       -610.073       3896.517    0.000  -0.138   0.380   0.
  2017 352 20  7 21 489 352.838443166       0.11      2.02     -0.60  0.        4156.250       -608.326       3898.830    0.000  -0.138   0.380   0.
  2017 352 20  7 22 489 352.838454740       0.76      1.53     -0.56  0.        4156.128       -606.578       3901.142    0.000  -0.139   0.381   0.
  2017 352 20  7 23 489 352.838466314       1.07      1.16     -0.70  0.        4156.004       -604.831       3903.453    0.000  -0.139   0.381   0.
  2017 352 20  7 24 489 352.838477888       0.99      1.22     -0.85  0.        4155.880       -603.083       3905.764    0.000  -0.139   0.381   0.
  2017 352 20  7 25 489 352.838489461       0.89      1.47     -0.64  0.        4155.755       -601.336       3908.073    0.000  -0.139   0.381   0.
  2017 352 20  7 26 489 352.838501033       0.76      1.48     -0.70  0.        4155.629       -599.588       3910.381    0.000  -0.138   0.380   0.
  2017 352 20  7 27 489 352.838512607       0.10      1.35     -0.86  0.        4155.501       -597.840       3912.689    0.000  -0.138   0.380   0.
  2017 352 20  7 28 489 352.838524181      -0.22      1.29     -0.72  0.        4155.373       -596.092       3914.996    0.000  -0.139   0.381   0.
  2017 352 20  7 29 489 352.838535755      -0.13      1.60     -0.86  0.        4155.244       -594.343       3917.302    0.000  -0.139   0.381   0.
  2017 352 20  7 30 489 352.838547329      -0.30      1.69     -1.30  0.        4155.114       -592.595       3919.606    0.000  -0.139   0.381   0.
  2017 352 20  7 31 489 352.838558903      -0.74      1.46     -1.55  0.        4154.983       -590.846       3921.911    0.000  -0.139   0.381   0.
  2017 352 20  7 32 489 352.838570477      -0.92      1.82     -1.41  0.        4154.851       -589.098       3924.214    0.000  -0.139   0.381   0.
  2017 352 20  7 33 489 352.838582052      -0.63      2.20     -2.08  0.        4154.718       -587.349       3926.516    0.000  -0.139   0.381   0.
  2017 352 20  7 34 489 352.838593626      -0.40      1.33     -1.77  0.        4154.584       -585.600       3928.817    0.000  -0.138   0.380   0.
  2017 352 20  7 35 489 352.838605200       0.57      1.17     -1.02  0.        4154.450       -583.851       3931.118    0.000  -0.138   0.380   0.
  2017 352 20  7 36 489 352.838616774       0.75      1.13     -1.37  0.        4154.314       -582.102       3933.418    0.000  -0.139   0.381   0.
  2017 352 20  7 37 489 352.838628348       0.41      1.45     -0.94  0.        4154.178       -580.352       3935.716    0.000  -0.139   0.381   0.
  2017 352 20  7 38 489 352.838639922       0.69      1.33     -0.64  0.        4154.040       -578.603       3938.014    0.000  -0.138   0.380   0.
  2017 352 20  7 39 489 352.838651496       0.68      1.35     -0.98  0.        4153.902       -576.853       3940.311    0.000  -0.138   0.380   0.
  2017 352 20  7 40 489 352.838663070       0.60      1.51     -0.95  0.        4153.762       -575.104       3942.607    0.000  -0.139   0.381   0.
  2017 352 20  7 41 489 352.838674644       0.35      1.41     -0.72  0.        4153.622       -573.354       3944.902    0.000  -0.139   0.381   0.
  2017 352 20  7 42 489 352.838686218       0.16      1.39     -0.69  0.        4153.481       -571.604       3947.197    0.000  -0.139   0.381   0.
  2017 352 20  7 43 489 352.838697792       0.24      1.39     -0.97  0.        4153.339       -569.854       3949.490    0.000  -0.139   0.381   0.
  2017 352 20  7 44 489 352.838709366       0.34      1.21     -1.09  0.        4153.195       -568.103       3951.783    0.000  -0.138   0.380   0.
  2017 352 20  7 45 489 352.838720940       0.34      1.36     -0.98  0.        4153.051       -566.353       3954.074    0.000  -0.138   0.380   0.
  2017 352 20  7 46 489 352.838732514       0.94      1.52     -0.86  0.        4152.907       -564.603       3956.365    0.000  -0.139   0.381   0.
  2017 352 20  7 47 489 352.838744089       1.25      1.61     -0.88  0.        4152.761       -562.852       3958.655    0.000  -0.139   0.381   0.
  2017 352 20  7 48 489 352.838755663       2.25      1.87     -0.83  0.        4152.614       -561.101       3960.944    0.000  -0.138   0.380   0.
  2017 352 20  7 49 489 352.838767237       2.21      1.85     -1.42  0.        4152.466       -559.350       3963.232    0.000  -0.138   0.380   0.
  2017 352 20  7 50 489 352.838778811       1.50      2.28     -1.57  0.        4152.317       -557.599       3965.519    0.000  -0.139   0.381   0.
  2017 352 20  7 51 489 352.838790385       3.42      1.80     -1.32  0.        4152.168       -555.848       3967.806    0.000  -0.139   0.381   0.
  2017 352 20  7 52 489 352.838801959       4.46      2.37     -1.57  0.        4152.017       -554.097       3970.091    0.000  -0.139   0.381   0.
  2017 352 20  7 53 489 352.838813533       2.70      2.44     -2.03  0.        4151.866       -552.346       3972.376    0.000  -0.139   0.381   0.
  2017 352 20  7 54 489 352.838825107       0.62      1.65     -1.00  0.        4151.714       -550.594       3974.660    0.000  -0.138   0.380   0.
  2017 352 20  7 55 488 352.838836680       1.45      1.29     -0.93  0.        4151.560       -548.843       3976.943    0.000  -0.138   0.380   0.
  2017 352 20  7 56 488 352.838848252       1.67      1.42     -0.87  0.        4151.406       -547.091       3979.224    0.000  -0.139   0.381   0.
  2017 352 20  7 57 489 352.838859826       1.41      1.14     -1.01  0.        4151.251       -545.339       3981.505    0.000  -0.139   0.381   0.
  2017 352 20  7 58 489 352.838871400       0.97      1.24     -0.93  0.        4151.095       -543.587       3983.786    0.000  -0.139   0.381   0.
  2017 352 20  7 59 488 352.838882975       1.57      1.43     -0.74  0.        4150.938       -541.835       3986.065    0.000  -0.139   0.381   0.
  2017 352 20  8  0 488 352.838894549       1.43      1.17     -1.34  0.        4150.780       -540.083       3988.343    0.000  -0.139   0.381   0.
  2017 352 20  8  1 489 352.838906123       0.96      2.30     -1.15  0.        4150.622       -538.330       3990.621    0.000  -0.139   0.381   0.
  2017 352 20  8  2 489 352.838917697       1.19      2.10     -0.71  0.        4150.461       -536.578       3992.897    0.000  -0.139   0.381   0.
  2017 352 20  8  3 489 352.838929271       1.48      1.69     -0.49  0.        4150.301       -534.825       3995.173    0.000  -0.139   0.381   0.
  2017 352 20  8  4 489 352.838940845       1.81      1.68     -0.50  0.        4150.140       -533.073       3997.448    0.000  -0.139   0.381   0.
  2017 352 20  8  5 489 352.838952419       1.55      1.55     -1.12  0.        4149.977       -531.320       3999.722    0.000  -0.139   0.381   0.
  2017 352 20  8  6 488 352.838963993       0.68      1.65     -1.58  0.        4149.814       -529.567       4001.995    0.000  -0.139   0.381   0.
  2017 352 20  8  7 488 352.838975567       0.46      1.85     -2.00  0.        4149.650       -527.814       4004.268    0.000  -0.139   0.381   0.
  2017 352 20  8  8 488 352.838987141       0.71      1.48     -1.90  0.        4149.484       -526.061       4006.539    0.000  -0.139   0.381   0.
  2017 352 20  8  9 488 352.838998715       0.93      1.40     -1.31  0.        4149.318       -524.308       4008.809    0.000  -0.139   0.381   0.
  2017 352 20  8 10 488 352.839010289       0.98      1.47     -1.07  0.        4149.151       -522.554       4011.079    0.000  -0.139   0.381   0.
  2017 352 20  8 11 489 352.839021863       0.78      1.45     -1.00  0.        4148.983       -520.801       4013.348    0.000  -0.139   0.381   0.
  2017 352 20  8 12 489 352.839033438       0.34      1.71     -1.03  0.        4148.815       -519.047       4015.615    0.000  -0.139   0.381   0.
  2017 352 20  8 13 488 352.839045012       0.63      1.88     -0.82  0.        4148.645       -517.293       4017.882    0.000  -0.139   0.381   0.
  2017 352 20  8 14 488 352.839056586       1.48      1.71     -0.86  0.        4148.474       -515.539       4020.148    0.000  -0.139   0.381   0.
  2017 352 20  8 15 489 352.839068160       0.42      1.96     -1.36  0.        4148.303       -513.786       4022.414    0.000  -0.139   0.381   0.
  2017 352 20  8 16 489 352.839079734       0.24      1.88     -0.88  0.        4148.130       -512.031       4024.678    0.000  -0.139   0.381   0.
  2017 352 20  8 17 489 352.839091308       0.97      1.56     -0.75  0.        4147.957       -510.277       4026.941    0.000  -0.139   0.381   0.
  2017 352 20  8 18 489 352.839102882      -0.06      2.29     -0.77  0.        4147.783       -508.523       4029.204    0.000  -0.139   0.381   0.
  2017 352 20  8 19 488 352.839114456       0.20      1.62     -1.20  0.        4147.607       -506.769       4031.465    0.000  -0.139   0.381   0.
  2017 352 20  8 20 488 352.839126030       0.61      1.86     -1.31  0.        4147.431       -505.014       4033.726    0.000  -0.138   0.380   0.
  2017 352 20  8 21 488 352.839137604       0.28      1.67     -1.23  0.        4147.254       -503.260       4035.986    0.000  -0.138   0.380   0.
  2017 352 20  8 22 488 352.839149178       1.38      1.68     -0.77  0.        4147.076       -501.505       4038.245    0.000  -0.139   0.381   0.
  2017 352 20  8 23 488 352.839160752       1.31      1.96     -0.60  0.        4146.898       -499.750       4040.503    0.000  -0.139   0.381   0.
  2017 352 20  8 24 489 352.839172326       0.76      1.95     -0.92  0.        4146.718       -497.995       4042.760    0.000  -0.138   0.380   0.
  2017 352 20  8 25 489 352.839183900       1.07      1.64     -1.03  0.        4146.537       -496.240       4045.017    0.000  -0.138   0.380   0.
  2017 352 20  8 26 488 352.839195472       0.83      1.95     -1.13  0.        4146.356       -494.485       4047.272    0.000  -0.139   0.381   0.
  2017 352 20  8 27 488 352.839207046       0.73      1.53     -1.16  0.        4146.173       -492.729       4049.527    0.000  -0.139   0.381   0.
  2017 352 20  8 28 488 352.839218620       0.09      1.66     -1.05  0.        4145.990       -490.974       4051.781    0.000  -0.139   0.381   0.
  2017 352 20  8 29 488 352.839230194       0.30      1.47     -0.56  0.        4145.806       -489.219       4054.033    0.000  -0.139   0.381   0.
  2017 352 20  8 30 488 352.839241768       0.60      1.38     -0.08  0.        4145.621       -487.463       4056.285    0.000  -0.138   0.380   0.
  2017 352 20  8 31 488 352.839253342       0.85      1.68     -0.32  0.        4145.435       -485.707       4058.536    0.000  -0.138   0.380   0.
  2017 352 20  8 32 488 352.839264916       0.77      2.20     -0.70  0.        4145.248       -483.951       4060.787    0.000  -0.139   0.381   0.
  2017 352 20  8 33 488 352.839276490       1.29      2.09     -0.57  0.        4145.060       -482.196       4063.036    0.000  -0.139   0.381   0.
  2017 352 20  8 34 488 352.839288064       2.00      1.58     -0.68  0.        4144.871       -480.440       4065.284    0.000  -0.139   0.381   0.
  2017 352 20  8 35 488 352.839299638       1.52      1.63     -1.06  0.        4144.682       -478.683       4067.532    0.000  -0.139   0.381   0.
  2017 352 20  8 36 488 352.839311212       0.72      1.55     -1.40  0.        4144.491       -476.927       4069.779    0.000  -0.139   0.381   0.
  2017 352 20  8 37 488 352.839322786       0.68      1.52     -1.17  0.        4144.300       -475.171       4072.025    0.000  -0.139   0.381   0.
  2017 352 20  8 38 488 352.839334361       1.20      1.45     -1.09  0.        4144.108       -473.414       4074.269    0.000  -0.139   0.381   0.
  2017 352 20  8 39 488 352.839345935       1.11      1.60     -1.22  0.        4143.915       -471.658       4076.514    0.000  -0.139   0.381   0.
  2017 352 20  8 40 488 352.839357509       1.09      1.50     -1.12  0.        4143.721       -469.901       4078.757    0.000  -0.139   0.381   0.
  2017 352 20  8 41 488 352.839369083       1.11      1.29     -0.99  0.        4143.526       -468.145       4080.999    0.000  -0.139   0.381   0.
  2017 352 20  8 42 488 352.839380657       0.61      1.39     -1.17  0.        4143.330       -466.388       4083.240    0.000  -0.139   0.381   0.
  2017 352 20  8 43 488 352.839392231       0.44      1.36     -1.07  0.        4143.133       -464.631       4085.481    0.000  -0.139   0.381   0.
  2017 352 20  8 44 488 352.839403805       0.50      1.31     -0.96  0.        4142.935       -462.874       4087.720    0.000  -0.138   0.380   0.
  2017 352 20  8 45 488 352.839415379       0.54      1.37     -0.95  0.        4142.737       -461.117       4089.959    0.000  -0.138   0.380   0.
  2017 352 20  8 46 488 352.839426953       0.94      1.42     -0.91  0.        4142.538       -459.359       4092.197    0.000  -0.138   0.380   0.
  2017 352 20  8 47 488 352.839438527       1.21      1.24     -0.91  0.        4142.337       -457.602       4094.434    0.000  -0.138   0.380   0.
  2017 352 20  8 48 488 352.839450101       0.41      1.47     -1.09  0.        4142.136       -455.845       4096.670    0.000  -0.139   0.381   0.
  2017 352 20  8 49 488 352.839461675      -0.12      1.83     -1.24  0.        4141.934       -454.087       4098.905    0.000  -0.139   0.381   0.
  2017 352 20  8 50 488 352.839473249      -0.13      1.86     -1.24  0.        4141.731       -452.329       4101.140    0.000  -0.139   0.381   0.
  2017 352 20  8 51 488 352.839484823       1.05      1.40     -1.25  0.        4141.527       -450.572       4103.373    0.000  -0.139   0.381   0.
  2017 352 20  8 52 488 352.839496398       1.76      0.86     -1.22  0.        4141.323       -448.814       4105.606    0.000  -0.138   0.380   0.
  2017 352 20  8 53 488 352.839507972       1.53      1.23     -1.32  0.        4141.117       -447.056       4107.838    0.000  -0.138   0.380   0.
  2017 352 20  8 54 488 352.839519546       0.72      1.65     -1.32  0.        4140.910       -445.298       4110.069    0.000  -0.139   0.381   0.
  2017 352 20  8 55 488 352.839531119       1.38      1.73     -1.25  0.        4140.703       -443.540       4112.298    0.000  -0.139   0.381   0.
  2017 352 20  8 56 488 352.839542691       1.66      1.49     -1.16  0.        4140.495       -441.782       4114.528    0.000  -0.138   0.380   0.
  2017 352 20  8 57 488 352.839554265       1.66      0.98     -1.73  0.        4140.286       -440.023       4116.756    0.000  -0.138   0.380   0.
  2017 352 20  8 58 488 352.839565839       1.54      1.31     -1.44  0.        4140.076       -438.265       4118.983    0.000  -0.139   0.381   0.
  2017 352 20  8 59 488 352.839577413       0.57      1.23     -1.96  0.        4139.865       -436.507       4121.210    0.000  -0.139   0.381   0.
  2017 352 20  9  0 488 352.839588987      -0.26      1.55     -1.84  0.        4139.653       -434.748       4123.435    0.000  -0.139   0.381   0.
  2017 352 20  9  1 488 352.839600561       0.65      1.19     -1.49  0.        4139.441       -432.989       4125.660    0.000  -0.139   0.381   0.
  2017 352 20  9  2 488 352.839612135       1.28      1.25     -0.74  0.        4139.227       -431.231       4127.884    0.000  -0.138   0.380   0.
  2017 352 20  9  3 488 352.839623710       1.28      1.29     -1.01  0.        4139.013       -429.472       4130.107    0.000  -0.138   0.380   0.
  2017 352 20  9  4 488 352.839635284       0.63      2.10     -1.04  0.        4138.797       -427.713       4132.329    0.000  -0.139   0.381   0.
  2017 352 20  9  5 488 352.839646858       0.52      1.98     -1.12  0.        4138.581       -425.954       4134.550    0.000  -0.139   0.381   0.
  2017 352 20  9  6 488 352.839658432       1.14      1.71     -0.99  0.        4138.364       -424.195       4136.770    0.000  -0.139   0.381   0.
  2017 352 20  9  7 488 352.839670006       1.86      1.39     -0.87  0.        4138.146       -422.435       4138.990    0.000  -0.139   0.381   0.
  2017 352 20  9  8 488 352.839681580       2.22      2.62     -1.20  0.        4137.927       -420.676       4141.209    0.000  -0.138   0.380   0.
  2017 352 20  9  9 488 352.839693154       1.78      2.54     -2.01  0.        4137.708       -418.917       4143.426    0.000  -0.138   0.380   0.
  2017 352 20  9 10 488 352.839704728       1.12      1.55     -2.17  0.        4137.487       -417.157       4145.643    0.000  -0.138   0.380   0.
  2017 352 20  9 11 488 352.839716302       0.76      1.84     -1.64  0.        4137.266       -415.397       4147.859    0.000  -0.138   0.380   0.
  2017 352 20  9 12 488 352.839727876       0.40      1.44     -1.56  0.        4137.043       -413.638       4150.074    0.000  -0.139   0.381   0.
  2017 352 20  9 13 488 352.839739450       0.12      2.01     -1.07  0.        4136.821       -411.879       4152.288    0.000  -0.139   0.381   0.
  2017 352 20  9 14 488 352.839751024       1.17      1.14     -0.77  0.        4136.597       -410.118       4154.502    0.000  -0.138   0.380   0.
  2017 352 20  9 15 488 352.839762598       1.45      1.21     -0.93  0.        4136.371       -408.358       4156.714    0.000  -0.138   0.380   0.
  2017 352 20  9 16 488 352.839774172       0.96      1.33     -1.12  0.        4136.146       -406.598       4158.926    0.000  -0.139   0.381   0.
  2017 352 20  9 17 488 352.839785746       0.37      1.25     -1.21  0.        4135.919       -404.838       4161.136    0.000  -0.139   0.381   0.
  2017 352 20  9 18 488 352.839797321       0.54      1.25     -1.29  0.        4135.692       -403.079       4163.346    0.000  -0.138   0.380   0.
  2017 352 20  9 19 488 352.839808895       0.65      1.19     -1.24  0.        4135.463       -401.318       4165.555    0.000  -0.138   0.380   0.
  2017 352 20  9 20 488 352.839820469       0.58      1.07     -0.90  0.        4135.234       -399.558       4167.763    0.000  -0.138   0.380   0.
  2017 352 20  9 21 488 352.839832043       0.46      0.96     -0.96  0.        4135.004       -397.797       4169.970    0.000  -0.138   0.380   0.
  2017 352 20  9 22 488 352.839843617       0.39      0.98     -0.94  0.        4134.773       -396.036       4172.177    0.000  -0.139   0.381   0.
  2017 352 20  9 23 488 352.839855191       0.53      0.97     -0.89  0.        4134.541       -394.276       4174.382    0.000  -0.139   0.381   0.
  2017 352 20  9 24 488 352.839866765       0.63      1.02     -0.89  0.        4134.308       -392.515       4176.587    0.000  -0.138   0.380   0.
  2017 352 20  9 25 488 352.839878338       0.46      1.03     -1.06  0.        4134.075       -390.755       4178.790    0.000  -0.138   0.380   0.
  2017 352 20  9 26 488 352.839889910       0.24      1.05     -1.10  0.        4133.840       -388.994       4180.993    0.000  -0.139   0.381   0.
  2017 352 20  9 27 488 352.839901484       0.27      1.02     -1.05  0.        4133.605       -387.233       4183.195    0.000  -0.139   0.381   0.
  2017 352 20  9 28 488 352.839913058       0.38      0.91     -0.99  0.        4133.369       -385.472       4185.396    0.000  -0.138   0.380   0.
  2017 352 20  9 29 488 352.839924633       0.39      0.96     -1.03  0.        4133.132       -383.711       4187.596    0.000  -0.138   0.380   0.
  2017 352 20  9 30 488 352.839936207       0.37      1.18     -1.10  0.        4132.894       -381.950       4189.796    0.000  -0.138   0.380   0.
  2017 352 20  9 31 488 352.839947781       0.35      1.17     -1.16  0.        4132.655       -380.188       4191.994    0.000  -0.138   0.380   0.
  2017 352 20  9 32 488 352.839959355       0.25      1.20     -1.21  0.        4132.416       -378.427       4194.192    0.000  -0.138   0.380   0.
  2017 352 20  9 33 488 352.839970929       0.29      1.25     -1.30  0.        4132.175       -376.666       4196.388    0.000  -0.138   0.380   0.
  2017 352 20  9 34 488 352.839982503       0.26      0.82     -1.13  0.        4131.934       -374.904       4198.584    0.000  -0.138   0.380   0.
  2017 352 20  9 35 488 352.839994077       0.12      1.94     -0.31  0.        4131.692       -373.143       4200.779    0.000  -0.138   0.380   0.
  2017 352 20  9 36 488 352.840005651       1.67      1.34     -1.02  0.        4131.449       -371.381       4202.973    0.000  -0.138   0.380   0.
  2017 352 20  9 37 488 352.840017225       0.14      0.27     -1.40  0.        4131.205       -369.619       4205.167    0.000  -0.138   0.380   0.
  2017 352 20  9 38 488 352.840028799      -0.66      1.74     -1.36  0.        4130.960       -367.857       4207.359    0.000  -0.138   0.380   0.
  2017 352 20  9 39 488 352.840040373       0.10      1.16     -0.96  0.        4130.715       -366.096       4209.550    0.000  -0.138   0.380   0.
  2017 352 20  9 40 488 352.840051947       0.76      1.17     -0.58  0.        4130.468       -364.334       4211.741    0.000  -0.138   0.380   0.
  2017 352 20  9 41 488 352.840063521       1.15      0.84     -0.68  0.        4130.221       -362.572       4213.931    0.000  -0.138   0.380   0.
  2017 352 20  9 42 488 352.840075096       0.85      1.16     -0.71  0.        4129.973       -360.810       4216.119    0.000  -0.138   0.380   0.
  2017 352 20  9 43 488 352.840086670       0.80      0.97     -0.86  0.        4129.724       -359.047       4218.308    0.000  -0.138   0.380   0.
  2017 352 20  9 44 488 352.840098244       1.04      1.04     -0.80  0.        4129.474       -357.285       4220.494    0.000  -0.138   0.380   0.
  2017 352 20  9 45 488 352.840109818       0.85      0.90     -1.03  0.        4129.223       -355.523       4222.681    0.000  -0.138   0.380   0.
  2017 352 20  9 46 488 352.840121392       0.48      1.46     -0.90  0.        4128.971       -353.760       4224.866    0.000  -0.138   0.380   0.
  2017 352 20  9 47 488 352.840132966       1.16      1.10     -0.70  0.        4128.719       -351.998       4227.051    0.000  -0.138   0.380   0.
  2017 352 20  9 48 488 352.840144540       1.44      1.08     -0.66  0.        4128.466       -350.235       4229.234    0.000  -0.138   0.380   0.
  2017 352 20  9 49 488 352.840156114       1.40      1.00     -0.75  0.        4128.212       -348.473       4231.417    0.000  -0.138   0.380   0.
  2017 352 20  9 50 488 352.840167688       0.83      1.11     -1.25  0.        4127.957       -346.710       4233.599    0.000  -0.138   0.380   0.
  2017 352 20  9 51 488 352.840179262       0.78      1.27     -1.16  0.        4127.701       -344.947       4235.780    0.000  -0.138   0.380   0.
  2017 352 20  9 52 488 352.840190836       1.30      1.09     -0.69  0.        4127.444       -343.185       4237.960    0.000  -0.138   0.380   0.
  2017 352 20  9 53 488 352.840202409       1.29      1.70     -0.53  0.        4127.187       -341.422       4240.139    0.000  -0.138   0.380   0.
  2017 352 20  9 54 488 352.840213981       1.67      1.50     -0.86  0.        4126.928       -339.659       4242.318    0.000  -0.138   0.380   0.
  2017 352 20  9 55 487 352.840225556       1.21      1.07     -1.19  0.        4126.669       -337.896       4244.495    0.000  -0.138   0.380   0.
  2017 352 20  9 56 487 352.840237130      -0.04      1.43     -1.53  0.        4126.409       -336.133       4246.672    0.000  -0.138   0.380   0.
  2017 352 20  9 57 488 352.840248704      -0.39      2.00     -1.69  0.        4126.148       -334.369       4248.848    0.000  -0.138   0.380   0.
  2017 352 20  9 58 488 352.840260278       0.86      0.98     -1.29  0.        4125.886       -332.606       4251.023    0.000  -0.139   0.381   0.
  2017 352 20  9 59 488 352.840271852       0.59      1.60     -1.22  0.        4125.624       -330.843       4253.196    0.000  -0.139   0.381   0.
  2017 352 20 10  0 488 352.840283426       1.14      1.21     -0.80  0.        4125.360       -329.079       4255.370    0.000  -0.138   0.380   0.
  2017 352 20 10  1 487 352.840295000       1.22      1.18     -0.58  0.        4125.096       -327.316       4257.542    0.000  -0.138   0.380   0.
  2017 352 20 10  2 487 352.840306574       0.85      1.46     -0.85  0.        4124.831       -325.552       4259.713    0.000  -0.138   0.380   0.
  2017 352 20 10  3 487 352.840318148       1.00      0.91     -0.74  0.        4124.565       -323.789       4261.884    0.000  -0.138   0.380   0.
  2017 352 20 10  4 487 352.840329722       0.29      1.34     -0.87  0.        4124.298       -322.025       4264.054    0.000  -0.139   0.381   0.
  2017 352 20 10  5 487 352.840341296       0.43      1.03     -0.81  0.        4124.031       -320.262       4266.222    0.000  -0.139   0.381   0.
  2017 352 20 10  6 488 352.840352870       0.39      1.09     -0.58  0.        4123.762       -318.498       4268.390    0.000  -0.138   0.380   0.
  2017 352 20 10  7 488 352.840364444       0.39      0.96     -0.59  0.        4123.493       -316.734       4270.557    0.000  -0.138   0.380   0.
  2017 352 20 10  8 487 352.840376019       0.47      1.01     -0.62  0.        4123.223       -314.970       4272.724    0.000  -0.139   0.381   0.
  2017 352 20 10  9 487 352.840387593       0.25      1.00     -0.71  0.        4122.952       -313.206       4274.889    0.000  -0.139   0.381   0.
  2017 352 20 10 10 488 352.840399167       0.37      0.94     -0.49  0.        4122.680       -311.442       4277.053    0.000  -0.139   0.381   0.
  2017 352 20 10 11 488 352.840410741       0.47      0.85     -0.41  0.        4122.407       -309.678       4279.217    0.000  -0.139   0.381   0.
  2017 352 20 10 12 488 352.840422315       0.32      0.83     -0.40  0.        4122.134       -307.914       4281.380    0.000  -0.138   0.380   0.
  2017 352 20 10 13 488 352.840433889       0.48      0.69     -0.26  0.        4121.859       -306.150       4283.542    0.000  -0.138   0.380   0.
  2017 352 20 10 14 488 352.840445463       0.38      0.66     -0.32  0.        4121.584       -304.385       4285.702    0.000  -0.138   0.380   0.
  2017 352 20 10 15 487 352.840457037       0.43      0.61     -0.24  0.        4121.308       -302.621       4287.862    0.000  -0.138   0.380   0.
  2017 352 20 10 16 487 352.840468611       0.34      0.64     -0.31  0.        4121.031       -300.857       4290.022    0.000  -0.139   0.381   0.
  2017 352 20 10 17 487 352.840480185       0.35      0.58     -0.37  0.        4120.754       -299.092       4292.180    0.000  -0.139   0.381   0.
  2017 352 20 10 18 487 352.840491759       0.38      0.44     -0.31  0.        4120.475       -297.328       4294.338    0.000  -0.138   0.380   0.
  2017 352 20 10 19 487 352.840503333       0.35      0.33     -0.29  0.        4120.196       -295.563       4296.494    0.000  -0.138   0.380   0.
  2017 352 20 10 20 488 352.840514907       0.29      0.31     -0.19  0.        4119.916       -293.798       4298.650    0.000  -0.139   0.381   0.
  2017 352 20 10 21 488 352.840526481       0.29      0.24     -0.25  0.        4119.635       -292.034       4300.805    0.000  -0.139   0.381   0.
  2017 352 20 10 22 487 352.840538056       0.32      0.25     -0.26  0.        4119.353       -290.269       4302.959    0.000  -0.139   0.381   0.
  2017 352 20 10 23 487 352.840549629       0.38      0.28     -0.29  0.        4119.070       -288.504       4305.112    0.000  -0.139   0.381   0.
  2017 352 20 10 24 487 352.840561201       0.34      0.34     -0.28  0.        4118.787       -286.739       4307.265    0.000  -0.139   0.381   0.
  2017 352 20 10 25 487 352.840572775       0.30      0.40     -0.34  0.        4118.502       -284.974       4309.416    0.000  -0.139   0.381   0.
  2017 352 20 10 26 487 352.840584349       0.39      0.54     -0.25  0.        4118.217       -283.209       4311.567    0.000  -0.139   0.381   0.
  2017 352 20 10 27 487 352.840595923       0.35      0.57     -0.32  0.        4117.931       -281.444       4313.716    0.000  -0.139   0.381   0.
  2017 352 20 10 28 487 352.840607497       0.42      0.60     -0.31  0.        4117.645       -279.679       4315.865    0.000  -0.139   0.381   0.
  2017 352 20 10 29 487 352.840619071       0.65      0.52     -0.45  0.        4117.356       -277.914       4318.013    0.000  -0.139   0.381   0.
  2017 352 20 10 30 487 352.840630645       0.43      0.61     -0.55  0.        4117.068       -276.149       4320.160    0.000  -0.138   0.380   0.
  2017 352 20 10 31 487 352.840642219       0.41      0.67     -0.56  0.        4116.779       -274.383       4322.306    0.000  -0.138   0.380   0.
  2017 352 20 10 32 487 352.840653793       0.65      0.56     -0.58  0.        4116.489       -272.618       4324.452    0.000  -0.139   0.381   0.
  2017 352 20 10 33 487 352.840665367      -0.30      1.36     -0.84  0.        4116.198       -270.853       4326.597    0.000  -0.139   0.381   0.
  2017 352 20 10 34 487 352.840676942      -1.02      1.15     -1.05  0.        4115.906       -269.087       4328.740    0.000  -0.139   0.381   0.
  2017 352 20 10 35 487 352.840688516      -1.65      1.36     -1.41  0.        4115.614       -267.322       4330.883    0.000  -0.139   0.381   0.
  2017 352 20 10 36 487 352.840700090       0.88      1.12     -0.73  0.        4115.320       -265.556       4333.024    0.000  -0.138   0.380   0.
  2017 352 20 10 37 487 352.840711664       2.33      0.24      0.56  0.        4115.026       -263.790       4335.165    0.000  -0.138   0.380   0.
  2017 352 20 10 38 487 352.840723238       4.36      1.43      1.21  0.        4114.731       -262.025       4337.306    0.000  -0.138   0.380   0.
  2017 352 20 10 39 487 352.840734812       4.03      2.18     -0.43  0.        4114.435       -260.259       4339.445    0.000  -0.138   0.380   0.
  2017 352 20 10 40 487 352.840746386       5.52      3.43     -1.36  0.        4114.139       -258.493       4341.583    0.000  -0.139   0.381   0.
  2017 352 20 10 41 487 352.840757960       6.72      4.31     -3.77  0.        4113.841       -256.727       4343.721    0.000  -0.139   0.381   0.
  2017 352 20 10 42 487 352.840769534       6.91      6.53     -5.29  0.        4113.543       -254.962       4345.858    0.000  -0.138   0.380   0.
  2017 352 20 10 43 487 352.840781108       2.05      6.99     -3.44  0.        4113.244       -253.196       4347.994    0.000  -0.139   0.381   0.
  2017 352 20 10 44 487 352.840792682       0.32      1.48     -0.70  0.        4112.944       -251.430       4350.128    0.000  -0.139   0.381   0.
  2017 352 20 10 45 487 352.840804256       0.05      1.86     -0.45  0.        4112.643       -249.664       4352.263    0.000  -0.139   0.381   0.
  2017 352 20 10 46 487 352.840815830       0.74      1.06     -0.27  0.        4112.342       -247.898       4354.396    0.000  -0.139   0.381   0.
  2017 352 20 10 47 487 352.840827405       1.87      1.10     -0.06  0.        4112.039       -246.132       4356.528    0.000  -0.139   0.381   0.
  2017 352 20 10 48 487 352.840838979       1.98      3.04     -0.07  0.        4111.736       -244.365       4358.660    0.000  -0.138   0.380   0.
  2017 352 20 10 49 487 352.840850553       2.03      3.35     -0.81  0.        4111.432       -242.599       4360.790    0.000  -0.138   0.380   0.
  2017 352 20 10 50 487 352.840862127       1.20      1.52     -0.67  0.        4111.127       -240.833       4362.920    0.000  -0.139   0.381   0.
  2017 352 20 10 51 487 352.840873701       0.45      1.41     -0.44  0.        4110.821       -239.067       4365.049    0.000  -0.139   0.381   0.
  2017 352 20 10 52 487 352.840885275       0.38      1.20     -0.37  0.        4110.515       -237.300       4367.177    0.000  -0.138   0.380   0.
  2017 352 20 10 53 487 352.840896848       0.37      1.28     -0.39  0.        4110.208       -235.534       4369.304    0.000  -0.138   0.380   0.
  2017 352 20 10 54 487 352.840908420       0.27      1.23     -0.31  0.        4109.900       -233.767       4371.431    0.000  -0.139   0.381   0.
  2017 352 20 10 55 487 352.840919994       0.25      1.29     -0.26  0.        4109.591       -232.001       4373.556    0.000  -0.139   0.381   0.
  2017 352 20 10 56 487 352.840931568       0.18      1.33     -0.26  0.        4109.281       -230.234       4375.681    0.000  -0.139   0.381   0.
  2017 352 20 10 57 487 352.840943142      -0.01      1.52     -0.29  0.        4108.971       -228.468       4377.804    0.000  -0.139   0.381   0.
  2017 352 20 10 58 487 352.840954716      -0.03      1.63     -0.42  0.        4108.659       -226.701       4379.927    0.000  -0.138   0.380   0.
  2017 352 20 10 59 487 352.840966290       0.12      1.52     -0.40  0.        4108.347       -224.934       4382.049    0.000  -0.138   0.380   0.
  2017 352 20 11  0 487 352.840977865       0.17      1.41     -0.41  0.        4108.034       -223.168       4384.170    0.000  -0.139   0.381   0.
  2017 352 20 11  1 487 352.840989439       0.25      1.42     -0.40  0.        4107.720       -221.401       4386.291    0.000  -0.139   0.381   0.
  2017 352 20 11  2 487 352.841001013       0.37      1.29     -0.50  0.        4107.406       -219.634       4388.410    0.000  -0.138   0.380   0.
  2017 352 20 11  3 487 352.841012587       0.38      1.32     -0.41  0.        4107.090       -217.867       4390.529    0.000  -0.138   0.380   0.
  2017 352 20 11  4 487 352.841024161       0.39      1.32     -0.27  0.        4106.774       -216.100       4392.646    0.000  -0.138   0.380   0.
  2017 352 20 11  5 487 352.841035735       0.26      1.24     -0.32  0.        4106.457       -214.333       4394.763    0.000  -0.138   0.380   0.
  2017 352 20 11  6 487 352.841047309       0.19      1.15     -0.34  0.        4106.140       -212.566       4396.879    0.000  -0.139   0.381   0.
  2017 352 20 11  7 487 352.841058883       0.20      1.02     -0.26  0.        4105.821       -210.799       4398.994    0.000  -0.139   0.381   0.
  2017 352 20 11  8 487 352.841070457       0.16      1.05     -0.31  0.        4105.502       -209.032       4401.108    0.000  -0.138   0.380   0.
  2017 352 20 11  9 487 352.841082031      -0.00      1.11     -0.36  0.        4105.181       -207.265       4403.222    0.000  -0.138   0.380   0.
  2017 352 20 11 10 487 352.841093605       0.31      1.07     -0.43  0.        4104.860       -205.498       4405.334    0.000  -0.138   0.380   0.
  2017 352 20 11 11 487 352.841105179       0.53      1.08     -0.43  0.        4104.539       -203.731       4407.446    0.000  -0.138   0.380   0.
  2017 352 20 11 12 487 352.841116753       0.67      1.21     -0.54  0.        4104.216       -201.964       4409.557    0.000  -0.139   0.381   0.
  2017 352 20 11 13 487 352.841128327       0.35      1.42     -0.55  0.        4103.893       -200.196       4411.667    0.000  -0.139   0.381   0.
  2017 352 20 11 14 487 352.841139902       0.05      1.36     -0.58  0.        4103.568       -198.429       4413.776    0.000  -0.138   0.380   0.
  2017 352 20 11 15 487 352.841151476      -0.11      1.17     -0.51  0.        4103.243       -196.662       4415.884    0.000  -0.138   0.380   0.
  2017 352 20 11 16 487 352.841163050       0.05      1.14     -0.44  0.        4102.918       -194.894       4417.991    0.000  -0.138   0.380   0.
  2017 352 20 11 17 487 352.841174624       0.34      1.07     -0.43  0.        4102.591       -193.127       4420.098    0.000  -0.138   0.380   0.
  2017 352 20 11 18 487 352.841186198       0.24      1.07     -0.52  0.        4102.264       -191.359       4422.203    0.000  -0.138   0.380   0.
  2017 352 20 11 19 487 352.841197772       0.20      1.20     -0.39  0.        4101.935       -189.592       4424.308    0.000  -0.138   0.380   0.
  2017 352 20 11 20 487 352.841209346       0.59      0.94     -0.11  0.        4101.606       -187.824       4426.412    0.000  -0.139   0.381   0.
  2017 352 20 11 21 487 352.841220920       0.38      0.94     -0.38  0.        4101.277       -186.057       4428.515    0.000  -0.139   0.381   0.
  2017 352 20 11 22 487 352.841232494       0.13      0.90     -0.04  0.        4100.946       -184.289       4430.617    0.000  -0.138   0.380   0.
  2017 352 20 11 23 487 352.841244068       0.90      0.90     -0.12  0.        4100.615       -182.522       4432.719    0.000  -0.138   0.380   0.
  2017 352 20 11 24 487 352.841255639       0.11      1.23     -0.88  0.        4100.283       -180.754       4434.819    0.000  -0.139   0.381   0.
  2017 352 20 11 25 487 352.841267214      -2.40      2.15     -0.81  0.        4099.950       -178.986       4436.919    0.000  -0.139   0.381   0.
  2017 352 20 11 26 487 352.841278788      -1.46      2.73     -0.93  0.        4099.616       -177.218       4439.017    0.000  -0.138   0.380   0.
  2017 352 20 11 27 487 352.841290362       1.74      1.05     -0.42  0.        4099.281       -175.451       4441.115    0.000  -0.138   0.380   0.
  2017 352 20 11 28 487 352.841301936       1.63      1.45     -0.11  0.        4098.946       -173.683       4443.212    0.000  -0.138   0.380   0.
  2017 352 20 11 29 487 352.841313510       0.94      1.34     -0.33  0.        4098.610       -171.915       4445.309    0.000  -0.138   0.380   0.
  2017 352 20 11 30 487 352.841325084       0.58      1.47     -0.29  0.        4098.273       -170.147       4447.404    0.000  -0.139   0.381   0.
  2017 352 20 11 31 487 352.841336658       0.50      1.36     -0.29  0.        4097.935       -168.379       4449.498    0.000  -0.139   0.381   0.
  2017 352 20 11 32 487 352.841348232       0.45      1.02     -0.26  0.        4097.597       -166.611       4451.592    0.000  -0.138   0.380   0.
  2017 352 20 11 33 487 352.841359806       0.50      1.00     -0.26  0.        4097.257       -164.843       4453.685    0.000  -0.138   0.380   0.
  2017 352 20 11 34 487 352.841371380       0.44      1.00     -0.15  0.        4096.917       -163.075       4455.776    0.000  -0.138   0.380   0.
  2017 352 20 11 35 487 352.841382954       0.37      0.95     -0.20  0.        4096.577       -161.307       4457.867    0.000  -0.138   0.380   0.
  2017 352 20 11 36 487 352.841394528       0.17      1.05     -0.22  0.        4096.235       -159.539       4459.958    0.000  -0.138   0.380   0.
  2017 352 20 11 37 487 352.841406102       0.06      1.06     -0.35  0.        4095.892       -157.771       4462.047    0.000  -0.138   0.380   0.
  2017 352 20 11 38 487 352.841417677      -0.17      1.03     -0.51  0.        4095.549       -156.003       4464.135    0.000  -0.139   0.381   0.
  2017 352 20 11 39 487 352.841429251      -0.28      1.09     -0.46  0.        4095.205       -154.235       4466.223    0.000  -0.139   0.381   0.
  2017 352 20 11 40 487 352.841440825      -0.11      1.14     -0.39  0.        4094.860       -152.466       4468.310    0.000  -0.138   0.380   0.
  2017 352 20 11 41 487 352.841452399       0.47      1.35     -0.24  0.        4094.515       -150.698       4470.395    0.000  -0.138   0.380   0.
  2017 352 20 11 42 487 352.841463973       0.60      1.13     -0.26  0.        4094.168       -148.930       4472.480    0.000  -0.138   0.380   0.
  2017 352 20 11 43 487 352.841475547       0.48      0.98     -0.35  0.        4093.821       -147.162       4474.565    0.000  -0.138   0.380   0.
  2017 352 20 11 44 487 352.841487121       0.51      0.90     -0.47  0.        4093.473       -145.393       4476.648    0.000  -0.139   0.381   0.
  2017 352 20 11 45 487 352.841498695       0.45      0.87     -0.55  0.        4093.125       -143.625       4478.730    0.000  -0.139   0.381   0.
  2017 352 20 11 46 487 352.841510269       0.35      0.92     -0.58  0.        4092.775       -141.857       4480.812    0.000  -0.138   0.380   0.
  2017 352 20 11 47 487 352.841521843       0.27      0.89     -0.56  0.        4092.425       -140.088       4482.892    0.000  -0.138   0.380   0.
  2017 352 20 11 48 487 352.841533417       0.19      0.85     -0.55  0.        4092.074       -138.320       4484.973    0.000  -0.139   0.381   0.
  2017 352 20 11 49 487 352.841544991       0.17      0.83     -0.51  0.        4091.722       -136.551       4487.051    0.000  -0.139   0.381   0.
  2017 352 20 11 50 487 352.841556565       0.21      0.87     -0.45  0.        4091.369       -134.783       4489.130    0.000  -0.138   0.380   0.
  2017 352 20 11 51 487 352.841568139       0.23      0.85     -0.49  0.        4091.016       -133.014       4491.207    0.000  -0.138   0.380   0.
  2017 352 20 11 52 487 352.841579714       0.16      0.83     -0.55  0.        4090.662       -131.246       4493.283    0.000  -0.139   0.381   0.
  2017 352 20 11 53 487 352.841591287       0.05      0.82     -0.51  0.        4090.307       -129.477       4495.359    0.000  -0.139   0.381   0.
  2017 352 20 11 54 487 352.841602859       0.10      0.84     -0.50  0.        4089.951       -127.709       4497.434    0.000  -0.139   0.381   0.
  2017 352 20 11 55 487 352.841614433       0.21      0.92     -0.48  0.        4089.595       -125.940       4499.508    0.000  -0.139   0.381   0.
  2017 352 20 11 56 487 352.841626007       0.20      1.08     -0.56  0.        4089.237       -124.171       4501.581    0.000  -0.138   0.380   0.
  2017 352 20 11 57 486 352.841637581       0.26      1.06     -0.69  0.        4088.879       -122.403       4503.653    0.000  -0.138   0.380   0.
  2017 352 20 11 58 486 352.841649155       0.30      1.02     -0.53  0.        4088.520       -120.634       4505.724    0.000  -0.139   0.381   0.
  2017 352 20 11 59 486 352.841660729       0.41      1.01     -0.29  0.        4088.161       -118.865       4507.794    0.000  -0.139   0.381   0.
  2017 352 20 12  0 486 352.841672303       0.64      1.20     -0.20  0.        4087.800       -117.097       4509.864    0.000  -0.139   0.381   0.
  2017 352 20 12  1 486 352.841683877       0.70      1.03     -0.60  0.        4087.439       -115.328       4511.933    0.000  -0.139   0.381   0.
  2017 352 20 12  2 487 352.841695451       0.24      1.16     -0.64  0.        4087.077       -113.559       4514.001    0.000  -0.138   0.380   0.
  2017 352 20 12  3 487 352.841707025       0.14      1.29     -0.30  0.        4086.715       -111.790       4516.068    0.000  -0.138   0.380   0.
  2017 352 20 12  4 486 352.841718600       0.52      1.24     -0.07  0.        4086.351       -110.022       4518.134    0.000  -0.139   0.381   0.
  2017 352 20 12  5 486 352.841730174       0.50      1.00      0.03  0.        4085.987       -108.253       4520.199    0.000  -0.139   0.381   0.
  2017 352 20 12  6 487 352.841741748       0.68      0.83      0.13  0.        4085.622       -106.484       4522.264    0.000  -0.138   0.380   0.
  2017 352 20 12  7 487 352.841753322       0.71      0.72     -0.07  0.        4085.256       -104.715       4524.327    0.000  -0.138   0.380   0.
  2017 352 20 12  8 487 352.841764896       0.28      0.79     -0.21  0.        4084.889       -102.946       4526.390    0.000  -0.138   0.380   0.
  2017 352 20 12  9 487 352.841776470      -0.38      0.92     -0.47  0.        4084.522       -101.177       4528.452    0.000  -0.138   0.380   0.
  2017 352 20 12 10 487 352.841788044      -1.37      1.53     -0.78  0.        4084.154        -99.408       4530.513    0.000  -0.139   0.381   0.
  2017 352 20 12 11 486 352.841799618      -1.78      2.14     -0.20  0.        4083.785        -97.639       4532.573    0.000  -0.139   0.381   0.
  2017 352 20 12 12 486 352.841811192      -0.16      1.31     -0.01  0.        4083.415        -95.870       4534.632    0.000  -0.138   0.380   0.
  2017 352 20 12 13 486 352.841822766       1.57      0.90      0.13  0.        4083.045        -94.101       4536.691    0.000  -0.138   0.380   0.
  2017 352 20 12 14 486 352.841834340       2.33      0.58      0.04  0.        4082.674        -92.332       4538.748    0.000  -0.139   0.381   0.
  2017 352 20 12 15 486 352.841845914       1.03      0.97     -0.64  0.        4082.302        -90.563       4540.805    0.000  -0.139   0.381   0.
  2017 352 20 12 16 487 352.841857488       0.42      1.12     -0.38  0.        4081.929        -88.794       4542.861    0.000  -0.139   0.381   0.
  2017 352 20 12 17 486 352.841869062       0.38      1.08     -0.22  0.        4081.556        -87.025       4544.916    0.000  -0.139   0.381   0.
  2017 352 20 12 18 486 352.841880637       0.38      0.95     -0.31  0.        4081.181        -85.256       4546.970    0.000  -0.138   0.380   0.
  2017 352 20 12 19 486 352.841892211       0.27      0.94     -0.38  0.        4080.806        -83.487       4549.024    0.000  -0.138   0.380   0.
  2017 352 20 12 20 487 352.841903785       0.07      0.98     -0.43  0.        4080.431        -81.718       4551.076    0.000  -0.139   0.381   0.
  2017 352 20 12 21 487 352.841915359       0.04      1.03     -0.43  0.        4080.054        -79.949       4553.128    0.000  -0.139   0.381   0.
  2017 352 20 12 22 487 352.841926933       0.01      1.01     -0.39  0.        4079.677        -78.180       4555.179    0.000  -0.138   0.380   0.
  2017 352 20 12 23 487 352.841938506       0.06      1.00     -0.33  0.        4079.299        -76.411       4557.229    0.000  -0.138   0.380   0.
  2017 352 20 12 24 486 352.841950078       0.01      0.99     -0.32  0.        4078.920        -74.641       4559.278    0.000  -0.139   0.381   0.
  2017 352 20 12 25 486 352.841961652      -0.02      1.00     -0.32  0.        4078.540        -72.872       4561.326    0.000  -0.139   0.381   0.
  2017 352 20 12 26 486 352.841973226      -0.02      1.01     -0.36  0.        4078.160        -71.103       4563.374    0.000  -0.138   0.380   0.
  2017 352 20 12 27 486 352.841984800      -0.12      1.02     -0.45  0.        4077.779        -69.334       4565.420    0.000  -0.138   0.380   0.
  2017 352 20 12 28 486 352.841996374      -0.33      1.04     -0.48  0.        4077.397        -67.565       4567.466    0.000  -0.139   0.381   0.
  2017 352 20 12 29 486 352.842007948      -0.40      1.16     -0.41  0.        4077.015        -65.795       4569.511    0.000  -0.139   0.381   0.
  2017 352 20 12 30 486 352.842019523      -0.30      1.12     -0.33  0.        4076.631        -64.026       4571.555    0.000  -0.139   0.381   0.
  2017 352 20 12 31 486 352.842031097      -0.49      1.05     -0.52  0.        4076.247        -62.257       4573.598    0.000  -0.139   0.381   0.
  2017 352 20 12 32 486 352.842042671      -0.67      0.96     -0.53  0.        4075.862        -60.488       4575.640    0.000  -0.138   0.380   0.
  2017 352 20 12 33 486 352.842054245      -0.59      1.04     -0.47  0.        4075.476        -58.718       4577.681    0.000  -0.138   0.380   0.
  2017 352 20 12 34 486 352.842065819      -0.29      0.97     -0.40  0.        4075.090        -56.949       4579.722    0.000  -0.139   0.381   0.
  2017 352 20 12 35 486 352.842077393      -0.03      0.96     -0.36  0.        4074.703        -55.180       4581.762    0.000  -0.139   0.381   0.
  2017 352 20 12 36 486 352.842088967       0.11      0.90     -0.33  0.        4074.315        -53.410       4583.801    0.000  -0.139   0.381   0.
  2017 352 20 12 37 486 352.842100541       0.01      0.99     -0.30  0.        4073.926        -51.641       4585.839    0.000  -0.139   0.381   0.
  2017 352 20 12 38 486 352.842112115       0.06      0.95     -0.39  0.        4073.537        -49.872       4587.876    0.000  -0.138   0.380   0.
  2017 352 20 12 39 486 352.842123689       0.07      1.00     -0.37  0.        4073.147        -48.102       4589.912    0.000  -0.138   0.380   0.
  2017 352 20 12 40 486 352.842135263       0.12      0.95     -0.38  0.        4072.756        -46.333       4591.948    0.000  -0.139   0.381   0.
  2017 352 20 12 41 486 352.842146837       0.28      0.97     -0.42  0.        4072.364        -44.564       4593.982    0.000  -0.139   0.381   0.
  2017 352 20 12 42 486 352.842158411       0.13      1.02     -0.47  0.        4071.972        -42.794       4596.016    0.000  -0.139   0.381   0.
  2017 352 20 12 43 486 352.842169986      -0.09      1.12     -0.42  0.        4071.578        -41.025       4598.049    0.000  -0.139   0.381   0.
  2017 352 20 12 44 486 352.842181560      -0.29      1.18     -0.42  0.        4071.185        -39.256       4600.081    0.000  -0.138   0.380   0.
  2017 352 20 12 45 486 352.842193134      -0.20      1.03     -0.30  0.        4070.790        -37.486       4602.112    0.000  -0.138   0.380   0.
  2017 352 20 12 46 486 352.842204708      -0.17      0.85     -0.60  0.        4070.394        -35.717       4604.143    0.000  -0.138   0.380   0.
  2017 352 20 12 47 486 352.842216282      -0.20      0.98     -0.56  0.        4069.998        -33.947       4606.172    0.000  -0.138   0.380   0.
  2017 352 20 12 48 486 352.842227856      -0.13      1.02     -0.39  0.        4069.601        -32.178       4608.201    0.000  -0.139   0.381   0.
  2017 352 20 12 49 486 352.842239430       0.23      1.06     -0.40  0.        4069.204        -30.409       4610.229    0.000  -0.139   0.381   0.
  2017 352 20 12 50 486 352.842251004       0.43      1.12     -0.42  0.        4068.805        -28.639       4612.256    0.000  -0.138   0.380   0.
  2017 352 20 12 51 486 352.842262578       0.42      1.06     -0.38  0.        4068.406        -26.870       4614.282    0.000  -0.138   0.380   0.
  2017 352 20 12 52 486 352.842274152       0.36      1.15     -0.53  0.        4068.006        -25.100       4616.307    0.000  -0.138   0.380   0.
  2017 352 20 12 53 486 352.842285726       0.25      1.05     -0.68  0.        4067.605        -23.331       4618.332    0.000  -0.138   0.380   0.
  2017 352 20 12 54 486 352.842297297       0.10      0.97     -0.58  0.        4067.204        -21.561       4620.355    0.000  -0.139   0.381   0.
  2017 352 20 12 55 486 352.842308871       0.22      0.99     -0.59  0.        4066.802        -19.792       4622.378    0.000  -0.139   0.381   0.
  2017 352 20 12 56 486 352.842320446       0.49      1.06     -0.86  0.        4066.399        -18.022       4624.400    0.000  -0.138   0.380   0.
  2017 352 20 12 57 486 352.842332020       0.50      1.15     -0.69  0.        4065.995        -16.253       4626.421    0.000  -0.138   0.380   0.
  2017 352 20 12 58 486 352.842343594       1.16      1.21     -0.21  0.        4065.591        -14.484       4628.441    0.000  -0.139   0.381   0.
  2017 352 20 12 59 486 352.842355168       1.96      1.12     -0.46  0.        4065.186        -12.714       4630.461    0.000  -0.139   0.381   0.
  2017 352 20 13  0 486 352.842366742       1.78      1.17     -0.55  0.        4064.780        -10.945       4632.479    0.000  -0.139   0.381   0.
  2017 352 20 13  1 486 352.842378316       0.59      1.17     -0.54  0.        4064.373         -9.175       4634.497    0.000  -0.139   0.381   0.
  2017 352 20 13  2 486 352.842389890       0.22      1.00     -0.41  0.        4063.966         -7.406       4636.514    0.000  -0.138   0.380   0.
  2017 352 20 13  3 486 352.842401464       0.18      1.05     -0.38  0.        4063.558         -5.636       4638.530    0.000  -0.138   0.380   0.
  2017 352 20 13  4 486 352.842413038       0.25      1.03     -0.35  0.        4063.149         -3.867       4640.545    0.000  -0.139   0.381   0.
  2017 352 20 13  5 486 352.842424612       0.38      0.99     -0.36  0.        4062.739         -2.097       4642.559    0.000  -0.139   0.381   0.
  2017 352 20 13  6 486 352.842436186       0.51      0.99     -0.16  0.        4062.329         -0.328       4644.573    0.000  -0.139   0.381   0.
  2017 352 20 13  7 486 352.842447760       0.82      0.94     -0.05  0.        4061.918          1.442       4646.585    0.000  -0.139   0.381   0.
  2017 352 20 13  8 486 352.842459335       1.41      0.86      0.03  0.        4061.506          3.211       4648.597    0.000  -0.138   0.380   0.
  2017 352 20 13  9 486 352.842470909       1.04      1.08     -0.28  0.        4061.094          4.981       4650.608    0.000  -0.138   0.380   0.
  2017 352 20 13 10 486 352.842482483       0.60      1.66     -0.29  0.        4060.681          6.750       4652.618    0.000  -0.139   0.381   0.
  2017 352 20 13 11 486 352.842494057       0.78      1.37      0.15  0.        4060.267          8.520       4654.627    0.000  -0.139   0.381   0.
  2017 352 20 13 12 486 352.842505631       1.26      1.32     -0.06  0.        4059.852         10.289       4656.636    0.000  -0.138   0.380   0.
  2017 352 20 13 13 486 352.842517205       1.27      1.25     -0.27  0.        4059.437         12.059       4658.643    0.000  -0.138   0.380   0.
  2017 352 20 13 14 486 352.842528779       0.85      1.07     -0.51  0.        4059.020         13.828       4660.650    0.000  -0.138   0.380   0.
  2017 352 20 13 15 486 352.842540353       0.49      1.03     -0.56  0.        4058.603         15.597       4662.656    0.000  -0.138   0.380   0.
  2017 352 20 13 16 486 352.842551927       0.28      1.01     -0.50  0.        4058.185         17.367       4664.661    0.000  -0.139   0.381   0.
  2017 352 20 13 17 486 352.842563501       0.29      0.97     -0.46  0.        4057.767         19.136       4666.665    0.000  -0.139   0.381   0.
  2017 352 20 13 18 486 352.842575075       0.31      0.95     -0.42  0.        4057.348         20.906       4668.668    0.000  -0.138   0.380   0.
  2017 352 20 13 19 486 352.842586649       0.38      0.97     -0.34  0.        4056.928         22.675       4670.671    0.000  -0.138   0.380   0.
  2017 352 20 13 20 486 352.842598223       0.46      0.95     -0.25  0.        4056.507         24.445       4672.672    0.000  -0.138   0.380   0.
  2017 352 20 13 21 486 352.842609797       0.45      0.94     -0.24  0.        4056.086         26.214       4674.673    0.000  -0.138   0.380   0.
  2017 352 20 13 22 486 352.842621371       0.35      0.97     -0.20  0.        4055.664         27.984       4676.673    0.000  -0.139   0.381   0.
  2017 352 20 13 23 486 352.842632945       0.35      0.98     -0.16  0.        4055.241         29.753       4678.672    0.000  -0.139   0.381   0.
  2017 352 20 13 24 486 352.842644517       0.48      1.04     -0.07  0.        4054.818         31.522       4680.670    0.000  -0.139   0.381   0.
  2017 352 20 13 25 486 352.842656091       0.67      1.03     -0.03  0.        4054.393         33.292       4682.668    0.000  -0.139   0.381   0.
  2017 352 20 13 26 486 352.842667665       0.80      1.07     -0.18  0.        4053.968         35.061       4684.664    0.000  -0.138   0.380   0.
  2017 352 20 13 27 486 352.842679239       1.60      1.09      0.36  0.        4053.543         36.831       4686.660    0.000  -0.138   0.380   0.
  2017 352 20 13 28 486 352.842690813       4.09      0.85      0.23  0.        4053.116         38.600       4688.655    0.000  -0.139   0.381   0.
  2017 352 20 13 29 486 352.842702387       3.39      2.09      0.21  0.        4052.689         40.370       4690.649    0.000  -0.139   0.381   0.
  2017 352 20 13 30 486 352.842713961       0.62      3.10     -0.38  0.        4052.261         42.139       4692.642    0.000  -0.139   0.381   0.
  2017 352 20 13 31 486 352.842725535       1.36      2.04      0.00  0.        4051.832         43.908       4694.634    0.000  -0.139   0.381   0.
  2017 352 20 13 32 486 352.842737109       1.00      1.41     -0.29  0.        4051.403         45.678       4696.626    0.000  -0.138   0.380   0.
  2017 352 20 13 33 486 352.842748683       1.10      0.80     -0.19  0.        4050.973         47.447       4698.617    0.000  -0.138   0.380   0.
  2017 352 20 13 34 486 352.842760258       1.25      0.82     -0.38  0.        4050.542         49.216       4700.606    0.000  -0.139   0.381   0.
  2017 352 20 13 35 486 352.842771832       1.09      0.83     -0.60  0.        4050.111         50.986       4702.595    0.000  -0.139   0.381   0.
  2017 352 20 13 36 486 352.842783406       0.92      0.92     -0.38  0.        4049.678         52.755       4704.584    0.000  -0.139   0.381   0.
  2017 352 20 13 37 486 352.842794980       0.67      0.85     -0.15  0.        4049.246         54.524       4706.571    0.000  -0.139   0.381   0.
  2017 352 20 13 38 486 352.842806554       0.60      0.88     -0.03  0.        4048.812         56.294       4708.557    0.000  -0.138   0.380   0.
  2017 352 20 13 39 486 352.842818128       0.73      0.92     -0.07  0.        4048.377         58.063       4710.543    0.000  -0.138   0.380   0.
  2017 352 20 13 40 486 352.842829702       0.67      1.06     -0.29  0.        4047.942         59.832       4712.528    0.000  -0.139   0.381   0.
  2017 352 20 13 41 486 352.842841276       0.44      1.11     -0.32  0.        4047.506         61.602       4714.512    0.000  -0.139   0.381   0.
  2017 352 20 13 42 486 352.842852850       0.17      1.04     -0.25  0.        4047.070         63.371       4716.495    0.000  -0.138   0.380   0.
  2017 352 20 13 43 486 352.842864424       0.20      1.04     -0.16  0.        4046.632         65.140       4718.477    0.000  -0.138   0.380   0.
  2017 352 20 13 44 486 352.842875998       0.36      1.00     -0.05  0.        4046.195         66.910       4720.458    0.000  -0.138   0.380   0.
  2017 352 20 13 45 486 352.842887572       0.55      1.04     -0.08  0.        4045.756         68.679       4722.439    0.000  -0.138   0.380   0.
  2017 352 20 13 46 486 352.842899146       0.74      1.09     -0.04  0.        4045.316         70.448       4724.419    0.000  -0.139   0.381   0.
  2017 352 20 13 47 486 352.842910720       0.59      1.16     -0.19  0.        4044.876         72.217       4726.398    0.000  -0.139   0.381   0.
  2017 352 20 13 48 486 352.842922295       0.34      1.19     -0.28  0.        4044.435         73.986       4728.376    0.000  -0.139   0.381   0.
  2017 352 20 13 49 486 352.842933869       0.09      1.13     -0.25  0.        4043.994         75.756       4730.353    0.000  -0.139   0.381   0.
  2017 352 20 13 50 486 352.842945443       0.07      1.06     -0.35  0.        4043.551         77.525       4732.329    0.000  -0.138   0.380   0.
  2017 352 20 13 51 486 352.842957016       0.02      1.08     -0.47  0.        4043.108         79.294       4734.305    0.000  -0.138   0.380   0.
  2017 352 20 13 52 486 352.842968588      -0.09      1.07     -0.49  0.        4042.664         81.063       4736.280    0.000  -0.138   0.380   0.
  2017 352 20 13 53 485 352.842980162      -0.01      1.16     -0.37  0.        4042.220         82.832       4738.253    0.000  -0.138   0.380   0.
  2017 352 20 13 54 485 352.842991736       0.07      1.25     -0.27  0.        4041.775         84.601       4740.226    0.000  -0.138   0.380   0.
  2017 352 20 13 55 485 352.843003310       0.17      1.22     -0.32  0.        4041.329         86.371       4742.199    0.000  -0.138   0.380   0.
  2017 352 20 13 56 485 352.843014884       0.03      1.16     -0.41  0.        4040.882         88.140       4744.170    0.000  -0.138   0.380   0.
  2017 352 20 13 57 485 352.843026458      -0.15      1.14     -0.59  0.        4040.435         89.909       4746.140    0.000  -0.138   0.380   0.
  2017 352 20 13 58 486 352.843038032      -0.28      1.05     -0.75  0.        4039.987         91.678       4748.110    0.000  -0.138   0.380   0.
  2017 352 20 13 59 486 352.843049606      -0.38      1.06     -0.82  0.        4039.538         93.447       4750.079    0.000  -0.138   0.380   0.
  2017 352 20 14  0 485 352.843061181      -0.38      1.04     -0.77  0.        4039.089         95.216       4752.047    0.000  -0.138   0.380   0.
  2017 352 20 14  1 485 352.843072755      -0.00      1.13     -0.57  0.        4038.638         96.985       4754.014    0.000  -0.138   0.380   0.
  2017 352 20 14  2 486 352.843084329       0.33      1.08     -0.78  0.        4038.188         98.754       4755.980    0.000  -0.139   0.381   0.
  2017 352 20 14  3 486 352.843095903       0.28      1.06     -0.82  0.        4037.736        100.523       4757.946    0.000  -0.139   0.381   0.
  2017 352 20 14  4 486 352.843107477       0.15      1.04     -0.86  0.        4037.284        102.292       4759.911    0.000  -0.138   0.380   0.
  2017 352 20 14  5 486 352.843119051      -0.26      0.93     -1.09  0.        4036.831        104.061       4761.874    0.000  -0.138   0.380   0.
  2017 352 20 14  6 486 352.843130625      -0.92      0.92     -1.14  0.        4036.377        105.830       4763.837    0.000  -0.139   0.381   0.
  2017 352 20 14  7 485 352.843142199      -1.38      0.81     -1.29  0.        4035.923        107.599       4765.799    0.000  -0.139   0.381   0.
  2017 352 20 14  8 485 352.843153773      -0.81      0.85     -1.27  0.        4035.467        109.368       4767.761    0.000  -0.138   0.380   0.
  2017 352 20 14  9 485 352.843165347      -0.88      0.73     -0.92  0.        4035.011        111.137       4769.721    0.000  -0.138   0.380   0.
  2017 352 20 14 10 485 352.843176921      -1.12      1.31     -0.50  0.        4034.555        112.905       4771.681    0.000  -0.139   0.381   0.
  2017 352 20 14 11 486 352.843188495      -0.06      1.66     -0.83  0.        4034.098        114.674       4773.640    0.000  -0.139   0.381   0.
  2017 352 20 14 12 486 352.843200069      -0.12      1.14     -0.46  0.        4033.640        116.443       4775.597    0.000  -0.138   0.380   0.
  2017 352 20 14 13 485 352.843211643      -0.49      1.16     -0.49  0.        4033.181        118.212       4777.555    0.000  -0.138   0.380   0.
  2017 352 20 14 14 485 352.843223218      -0.40      1.36     -0.38  0.        4032.722        119.981       4779.511    0.000  -0.138   0.380   0.
  2017 352 20 14 15 486 352.843234792       0.13      1.27     -0.65  0.        4032.262        121.749       4781.466    0.000  -0.138   0.380   0.
  2017 352 20 14 16 486 352.843246366       0.03      1.10     -0.64  0.        4031.801        123.518       4783.421    0.000  -0.138   0.380   0.
  2017 352 20 14 17 486 352.843257940      -0.12      0.97     -0.72  0.        4031.339        125.287       4785.375    0.000  -0.138   0.380   0.
  2017 352 20 14 18 486 352.843269514      -0.41      1.12     -0.87  0.        4030.877        127.056       4787.328    0.000  -0.139   0.381   0.
  2017 352 20 14 19 486 352.843281088      -0.75      1.35     -0.81  0.        4030.414        128.824       4789.279    0.000  -0.139   0.381   0.
  2017 352 20 14 20 485 352.843292662      -1.06      1.39     -0.67  0.        4029.950        130.593       4791.231    0.000  -0.138   0.380   0.
  2017 352 20 14 21 485 352.843304235      -0.68      1.37     -0.24  0.        4029.486        132.362       4793.181    0.000  -0.138   0.380   0.
  2017 352 20 14 22 485 352.843315807      -0.05      1.12      0.12  0.        4029.021        134.130       4795.131    0.000  -0.138   0.380   0.
  2017 352 20 14 23 485 352.843327381       0.25      1.07      0.04  0.        4028.556        135.899       4797.080    0.000  -0.138   0.380   0.
  2017 352 20 14 24 485 352.843338955       0.47      1.02     -0.08  0.        4028.089        137.667       4799.028    0.000  -0.138   0.380   0.
  2017 352 20 14 25 485 352.843350529       0.35      0.99     -0.33  0.        4027.622        139.436       4800.975    0.000  -0.138   0.380   0.
  2017 352 20 14 26 485 352.843362104       0.17      1.06     -0.37  0.        4027.154        141.204       4802.921    0.000  -0.138   0.380   0.
  2017 352 20 14 27 485 352.843373678       0.16      1.08     -0.40  0.        4026.686        142.973       4804.867    0.000  -0.138   0.380   0.
  2017 352 20 14 28 485 352.843385252       0.36      1.08     -0.50  0.        4026.217        144.741       4806.811    0.000  -0.138   0.380   0.
  2017 352 20 14 29 485 352.843396826       0.51      1.13     -0.43  0.        4025.747        146.510       4808.755    0.000  -0.138   0.380   0.
  2017 352 20 14 30 485 352.843408400       0.45      1.08     -0.32  0.        4025.276        148.278       4810.698    0.000  -0.138   0.380   0.
  2017 352 20 14 31 485 352.843419974       0.26      1.04     -0.23  0.        4024.805        150.047       4812.640    0.000  -0.138   0.380   0.
  2017 352 20 14 32 485 352.843431548       0.13      1.03     -0.33  0.        4024.333        151.815       4814.581    0.000  -0.138   0.380   0.
  2017 352 20 14 33 485 352.843443122       0.22      1.03     -0.55  0.        4023.860        153.583       4816.522    0.000  -0.138   0.380   0.
  2017 352 20 14 34 485 352.843454696       0.37      1.08     -0.62  0.        4023.387        155.352       4818.461    0.000  -0.139   0.381   0.
  2017 352 20 14 35 485 352.843466270       0.48      1.17     -0.46  0.        4022.913        157.120       4820.400    0.000  -0.139   0.381   0.
  2017 352 20 14 36 485 352.843477844       0.77      1.34     -0.17  0.        4022.438        158.888       4822.338    0.000  -0.138   0.380   0.
  2017 352 20 14 37 485 352.843489418       1.14      1.40      0.24  0.        4021.963        160.656       4824.275    0.000  -0.138   0.380   0.
  2017 352 20 14 38 485 352.843500992       1.63      1.54      0.58  0.        4021.486        162.425       4826.211    0.000  -0.138   0.380   0.
  2017 352 20 14 39 485 352.843512567       1.21      1.57      0.72  0.        4021.010        164.193       4828.147    0.000  -0.138   0.380   0.
  2017 352 20 14 40 485 352.843524141      -0.02      1.00     -0.08  0.        4020.532        165.961       4830.081    0.000  -0.139   0.381   0.
  2017 352 20 14 41 485 352.843535715      -0.10      1.00     -0.41  0.        4020.054        167.729       4832.015    0.000  -0.139   0.381   0.
  2017 352 20 14 42 485 352.843547289       0.02      1.07     -0.38  0.        4019.575        169.497       4833.948    0.000  -0.138   0.380   0.
  2017 352 20 14 43 485 352.843558863       0.12      1.15     -0.38  0.        4019.096        171.265       4835.880    0.000  -0.138   0.380   0.
  2017 352 20 14 44 485 352.843570437       0.06      1.15     -0.43  0.        4018.615        173.033       4837.811    0.000  -0.138   0.380   0.
  2017 352 20 14 45 485 352.843582011       0.18      1.18     -0.33  0.        4018.134        174.801       4839.742    0.000  -0.138   0.380   0.
  2017 352 20 14 46 485 352.843593585       0.24      1.21     -0.38  0.        4017.653        176.569       4841.671    0.000  -0.138   0.380   0.
  2017 352 20 14 47 485 352.843605159       0.26      1.21     -0.44  0.        4017.170        178.337       4843.600    0.000  -0.138   0.380   0.
  2017 352 20 14 48 485 352.843616733       0.16      1.18     -0.68  0.        4016.687        180.105       4845.528    0.000  -0.138   0.380   0.
  2017 352 20 14 49 485 352.843628307       0.01      1.17     -0.74  0.        4016.203        181.873       4847.455    0.000  -0.138   0.380   0.
  2017 352 20 14 50 485 352.843639881      -0.25      1.11     -0.91  0.        4015.719        183.641       4849.381    0.000  -0.138   0.380   0.
  2017 352 20 14 51 485 352.843651455      -0.32      1.19     -0.88  0.        4015.234        185.409       4851.307    0.000  -0.138   0.380   0.
  2017 352 20 14 52 485 352.843663027       0.05      1.18     -0.81  0.        4014.748        187.176       4853.232    0.000  -0.138   0.380   0.
  2017 352 20 14 53 485 352.843674601       0.43      1.10     -0.86  0.        4014.262        188.944       4855.155    0.000  -0.138   0.380   0.
  2017 352 20 14 54 485 352.843686175       0.56      1.11     -0.96  0.        4013.774        190.712       4857.078    0.000  -0.138   0.380   0.
  2017 352 20 14 55 485 352.843697749       0.35      1.15     -0.93  0.        4013.287        192.480       4859.001    0.000  -0.138   0.380   0.
  2017 352 20 14 56 485 352.843709323       0.28      1.10     -0.96  0.        4012.798        194.247       4860.922    0.000  -0.138   0.380   0.
  2017 352 20 14 57 485 352.843720897       0.55      1.26     -0.69  0.        4012.309        196.015       4862.842    0.000  -0.138   0.380   0.
  2017 352 20 14 58 485 352.843732471       0.92      1.40     -0.40  0.        4011.819        197.782       4864.762    0.000  -0.138   0.380   0.
  2017 352 20 14 59 485 352.843744045       1.03      1.51      0.44  0.        4011.328        199.550       4866.681    0.000  -0.138   0.380   0.
  2017 352 20 15  0 485 352.843755619       0.79      1.27      0.38  0.        4010.837        201.318       4868.599    0.000  -0.139   0.381   0.
  2017 352 20 15  1 485 352.843767193       1.15      1.26      0.04  0.        4010.345        203.085       4870.516    0.000  -0.139   0.381   0.
  2017 352 20 15  2 485 352.843778767       1.09      1.39      0.21  0.        4009.853        204.853       4872.432    0.000  -0.138   0.380   0.
  2017 352 20 15  3 485 352.843790341       0.88      1.19      0.03  0.        4009.359        206.620       4874.348    0.000  -0.138   0.380   0.
  2017 352 20 15  4 485 352.843801916       0.53      0.99     -0.40  0.        4008.865        208.387       4876.262    0.000  -0.138   0.380   0.
  2017 352 20 15  5 485 352.843813490       0.13      1.01     -0.52  0.        4008.371        210.155       4878.176    0.000  -0.138   0.380   0.
  2017 352 20 15  6 485 352.843825064       0.02      0.94     -0.46  0.        4007.875        211.922       4880.089    0.000  -0.138   0.380   0.
  2017 352 20 15  7 485 352.843836638       0.34      1.07     -0.47  0.        4007.379        213.689       4882.001    0.000  -0.138   0.380   0.
  2017 352 20 15  8 485 352.843848212       0.62      1.27     -0.21  0.        4006.883        215.457       4883.913    0.000  -0.138   0.380   0.
  2017 352 20 15  9 485 352.843859786       0.78      1.14     -0.38  0.        4006.385        217.224       4885.823    0.000  -0.138   0.380   0.
  2017 352 20 15 10 485 352.843871360       0.92      1.06     -0.47  0.        4005.887        218.991       4887.733    0.000  -0.138   0.380   0.
  2017 352 20 15 11 485 352.843882934       0.89      1.10     -0.56  0.        4005.388        220.758       4889.642    0.000  -0.138   0.380   0.
  2017 352 20 15 12 485 352.843894508       0.75      1.22     -0.61  0.        4004.889        222.525       4891.550    0.000  -0.138   0.380   0.
  2017 352 20 15 13 485 352.843906082       0.33      1.23     -0.92  0.        4004.389        224.292       4893.457    0.000  -0.138   0.380   0.
  2017 352 20 15 14 485 352.843917656      -0.26      1.09     -0.73  0.        4003.888        226.059       4895.364    0.000  -0.138   0.380   0.
  2017 352 20 15 15 485 352.843929230      -0.79      1.20     -0.55  0.        4003.387        227.826       4897.269    0.000  -0.138   0.380   0.
  2017 352 20 15 16 485 352.843940804      -0.85      1.13     -1.13  0.        4002.885        229.593       4899.174    0.000  -0.138   0.380   0.
  2017 352 20 15 17 485 352.843952379      -0.69      1.18     -1.27  0.        4002.382        231.360       4901.078    0.000  -0.138   0.380   0.
  2017 352 20 15 18 485 352.843963953      -0.47      1.04     -1.14  0.        4001.878        233.127       4902.981    0.000  -0.138   0.380   0.
  2017 352 20 15 19 485 352.843975527      -0.55      1.05     -1.05  0.        4001.374        234.894       4904.883    0.000  -0.138   0.380   0.
  2017 352 20 15 20 485 352.843987101      -0.69      1.16     -0.96  0.        4000.869        236.661       4906.785    0.000  -0.139   0.381   0.
  2017 352 20 15 21 485 352.843998674      -0.43      1.18     -0.70  0.        4000.364        238.427       4908.685    0.000  -0.139   0.381   0.
  2017 352 20 15 22 485 352.844010246       0.02      1.33     -0.65  0.        3999.858        240.194       4910.585    0.000  -0.139   0.381   0.
  2017 352 20 15 23 485 352.844021820       0.52      1.23     -0.78  0.        3999.351        241.961       4912.484    0.000  -0.139   0.381   0.
  2017 352 20 15 24 485 352.844033394       0.38      1.20     -0.79  0.        3998.843        243.727       4914.382    0.000  -0.138   0.380   0.
  2017 352 20 15 25 485 352.844044968       0.32      1.43     -0.62  0.        3998.335        245.494       4916.280    0.000  -0.138   0.380   0.
  2017 352 20 15 26 485 352.844056542       0.33      1.54     -0.58  0.        3997.827        247.261       4918.176    0.000  -0.138   0.380   0.
  2017 352 20 15 27 485 352.844068116       0.14      1.34     -0.78  0.        3997.317        249.027       4920.072    0.000  -0.138   0.380   0.
  2017 352 20 15 28 485 352.844079690      -0.06      1.30     -0.85  0.        3996.807        250.794       4921.967    0.000  -0.138   0.380   0.
  2017 352 20 15 29 485 352.844091264       0.01      1.39     -0.88  0.        3996.296        252.560       4923.861    0.000  -0.138   0.380   0.
  2017 352 20 15 30 485 352.844102839       0.05      1.37     -1.07  0.        3995.785        254.326       4925.754    0.000  -0.138   0.380   0.
  2017 352 20 15 31 485 352.844114413      -0.37      1.07     -1.37  0.        3995.272        256.093       4927.646    0.000  -0.138   0.380   0.
  2017 352 20 15 32 485 352.844125987      -0.68      1.09     -1.05  0.        3994.760        257.859       4929.538    0.000  -0.138   0.380   0.
  2017 352 20 15 33 485 352.844137561       0.03      1.11     -0.56  0.        3994.246        259.625       4931.429    0.000  -0.138   0.380   0.
  2017 352 20 15 34 485 352.844149135       1.05      1.21     -0.40  0.        3993.732        261.392       4933.319    0.000  -0.138   0.380   0.
  2017 352 20 15 35 485 352.844160709       1.09      1.43     -0.90  0.        3993.217        263.158       4935.207    0.000  -0.138   0.380   0.
  2017 352 20 15 36 485 352.844172283       0.15      1.06     -0.92  0.        3992.702        264.924       4937.096    0.000  -0.138   0.380   0.
  2017 352 20 15 37 485 352.844183857      -0.51      1.08     -1.05  0.        3992.185        266.690       4938.983    0.000  -0.138   0.380   0.
  2017 352 20 15 38 485 352.844195431      -0.88      1.19     -0.88  0.        3991.669        268.456       4940.870    0.000  -0.139   0.381   0.
  2017 352 20 15 39 485 352.844207005      -0.39      1.11     -0.73  0.        3991.151        270.222       4942.756    0.000  -0.139   0.381   0.
  2017 352 20 15 40 485 352.844218579       0.19      1.04     -0.69  0.        3990.633        271.988       4944.641    0.000  -0.138   0.380   0.
  2017 352 20 15 41 485 352.844230153       0.31      0.98     -0.75  0.        3990.114        273.754       4946.525    0.000  -0.138   0.380   0.
  2017 352 20 15 42 485 352.844241727      -0.02      0.99     -0.80  0.        3989.595        275.520       4948.408    0.000  -0.138   0.380   0.
  2017 352 20 15 43 485 352.844253302      -0.29      1.03     -0.71  0.        3989.074        277.286       4950.291    0.000  -0.138   0.380   0.
  2017 352 20 15 44 485 352.844264876      -0.04      1.00     -0.59  0.        3988.554        279.051       4952.172    0.000  -0.138   0.380   0.
  2017 352 20 15 45 485 352.844276450       0.11      0.99     -0.57  0.        3988.032        280.817       4954.053    0.000  -0.138   0.380   0.
  2017 352 20 15 46 485 352.844288024       0.13      0.96     -0.66  0.        3987.510        282.583       4955.933    0.000  -0.138   0.380   0.
  2017 352 20 15 47 485 352.844299598      -0.00      0.95     -0.60  0.        3986.987        284.348       4957.812    0.000  -0.138   0.380   0.
  2017 352 20 15 48 485 352.844311172      -0.18      0.86     -0.63  0.        3986.464        286.114       4959.691    0.000  -0.138   0.380   0.
  2017 352 20 15 49 485 352.844322746      -0.49      0.83     -0.67  0.        3985.940        287.880       4961.569    0.000  -0.138   0.380   0.
  2017 352 20 15 50 485 352.844334320      -0.45      0.92     -0.61  0.        3985.415        289.645       4963.445    0.000  -0.138   0.380   0.
  2017 352 20 15 51 484 352.844345893      -0.34      1.01     -0.55  0.        3984.890        291.410       4965.321    0.000  -0.138   0.380   0.
  2017 352 20 15 52 484 352.844357465      -0.23      0.97     -0.46  0.        3984.363        293.176       4967.196    0.000  -0.138   0.380   0.
  2017 352 20 15 53 485 352.844369039      -0.03      1.01     -0.42  0.        3983.837        294.941       4969.071    0.000  -0.138   0.380   0.
  2017 352 20 15 54 485 352.844380613       0.08      0.98     -0.65  0.        3983.309        296.707       4970.944    0.000  -0.138   0.380   0.
  2017 352 20 15 55 485 352.844392187      -0.03      1.07     -0.78  0.        3982.781        298.472       4972.817    0.000  -0.138   0.380   0.
  2017 352 20 15 56 484 352.844403762       0.02      0.96     -0.87  0.        3982.253        300.237       4974.689    0.000  -0.138   0.380   0.
  2017 352 20 15 57 484 352.844415336      -0.10      0.81     -1.00  0.        3981.723        302.002       4976.560    0.000  -0.138   0.380   0.
  2017 352 20 15 58 485 352.844426910      -0.32      0.90     -1.07  0.        3981.193        303.767       4978.430    0.000  -0.138   0.380   0.
  2017 352 20 15 59 485 352.844438484      -0.41      1.03     -1.04  0.        3980.663        305.532       4980.299    0.000  -0.138   0.380   0.
  2017 352 20 16  0 485 352.844450058      -0.65      1.03     -0.95  0.        3980.131        307.297       4982.168    0.000  -0.138   0.380   0.
  2017 352 20 16  1 485 352.844461632      -0.97      1.04     -0.80  0.        3979.599        309.062       4984.035    0.000  -0.138   0.380   0.
  2017 352 20 16  2 484 352.844473206      -1.14      1.19     -0.77  0.        3979.067        310.827       4985.902    0.000  -0.138   0.380   0.
  2017 352 20 16  3 484 352.844484780      -0.82      1.22     -0.53  0.        3978.533        312.592       4987.768    0.000  -0.138   0.380   0.
  2017 352 20 16  4 484 352.844496354      -0.40      1.48     -0.45  0.        3977.999        314.357       4989.634    0.000  -0.138   0.380   0.
  2017 352 20 16  5 484 352.844507928      -0.21      1.19     -0.59  0.        3977.465        316.122       4991.498    0.000  -0.138   0.380   0.
  2017 352 20 16  6 484 352.844519502      -0.24      1.04     -0.67  0.        3976.930        317.886       4993.362    0.000  -0.139   0.381   0.
  2017 352 20 16  7 485 352.844531076      -0.39      1.03     -0.71  0.        3976.394        319.651       4995.225    0.000  -0.139   0.381   0.
  2017 352 20 16  8 485 352.844542650       0.14      1.03     -0.62  0.        3975.857        321.416       4997.087    0.000  -0.138   0.380   0.
  2017 352 20 16  9 484 352.844554225       0.20      1.06     -0.61  0.        3975.320        323.180       4998.948    0.000  -0.138   0.380   0.
  2017 352 20 16 10 484 352.844565799      -0.09      1.15     -0.73  0.        3974.782        324.945       5000.808    0.000  -0.139   0.381   0.
  2017 352 20 16 11 485 352.844577373      -0.52      1.40     -0.58  0.        3974.244        326.709       5002.668    0.000  -0.139   0.381   0.
  2017 352 20 16 12 485 352.844588947      -0.39      1.35     -0.48  0.        3973.705        328.473       5004.527    0.000  -0.138   0.380   0.
  2017 352 20 16 13 485 352.844600521      -0.14      1.10     -0.51  0.        3973.165        330.238       5006.385    0.000  -0.138   0.380   0.
  2017 352 20 16 14 485 352.844612095      -0.57      1.10     -0.65  0.        3972.624        332.002       5008.242    0.000  -0.138   0.380   0.
  2017 352 20 16 15 485 352.844623669      -1.08      1.19     -0.52  0.        3972.083        333.766       5010.098    0.000  -0.138   0.380   0.
  2017 352 20 16 16 484 352.844635243      -0.64      1.13     -0.51  0.        3971.542        335.530       5011.953    0.000  -0.138   0.380   0.
  2017 352 20 16 17 484 352.844646817      -0.25      1.08     -0.53  0.        3970.999        337.295       5013.808    0.000  -0.138   0.380   0.
  2017 352 20 16 18 484 352.844658391       0.12      1.13     -0.40  0.        3970.456        339.059       5015.662    0.000  -0.138   0.380   0.
  2017 352 20 16 19 484 352.844669965       0.66      1.14     -0.33  0.        3969.913        340.823       5017.515    0.000  -0.138   0.380   0.
  2017 352 20 16 20 484 352.844681539       0.89      1.29     -0.11  0.        3969.368        342.587       5019.367    0.000  -0.139   0.381   0.
  2017 352 20 16 21 485 352.844693113       1.13      1.40      0.10  0.        3968.823        344.351       5021.218    0.000  -0.139   0.381   0.
  2017 352 20 16 22 484 352.844704685       1.32      1.06     -0.07  0.        3968.278        346.114       5023.069    0.000  -0.138   0.380   0.
  2017 352 20 16 23 484 352.844716259       0.79      0.91     -0.41  0.        3967.731        347.878       5024.919    0.000  -0.138   0.380   0.
  2017 352 20 16 24 484 352.844727833       0.45      1.19     -0.46  0.        3967.185        349.642       5026.768    0.000  -0.138   0.380   0.
  2017 352 20 16 25 484 352.844739407       0.46      1.22     -0.37  0.        3966.637        351.406       5028.616    0.000  -0.138   0.380   0.
  2017 352 20 16 26 484 352.844750981       0.68      1.08     -0.31  0.        3966.089        353.169       5030.463    0.000  -0.138   0.380   0.
  2017 352 20 16 27 484 352.844762555       0.57      1.03     -0.40  0.        3965.540        354.933       5032.310    0.000  -0.138   0.380   0.
  2017 352 20 16 28 484 352.844774129       0.27      1.15     -0.39  0.        3964.991        356.696       5034.155    0.000  -0.138   0.380   0.
  2017 352 20 16 29 484 352.844785703       0.26      1.12     -0.29  0.        3964.441        358.460       5036.000    0.000  -0.138   0.380   0.
  2017 352 20 16 30 484 352.844797277       0.48      1.09     -0.19  0.        3963.890        360.223       5037.844    0.000  -0.138   0.380   0.
  2017 352 20 16 31 484 352.844808851       0.60      0.97     -0.22  0.        3963.338        361.986       5039.688    0.000  -0.138   0.380   0.
  2017 352 20 16 32 484 352.844820425       0.61      1.02     -0.33  0.        3962.786        363.750       5041.530    0.000  -0.138   0.380   0.
  2017 352 20 16 33 484 352.844831999       0.50      1.01     -0.35  0.        3962.234        365.513       5043.372    0.000  -0.138   0.380   0.
  2017 352 20 16 34 484 352.844843573       0.34      1.01     -0.27  0.        3961.681        367.276       5045.212    0.000  -0.138   0.380   0.
  2017 352 20 16 35 484 352.844855148       0.29      1.02     -0.30  0.        3961.127        369.039       5047.052    0.000  -0.138   0.380   0.
  2017 352 20 16 36 484 352.844866722       0.24      1.12     -0.28  0.        3960.572        370.802       5048.891    0.000  -0.138   0.380   0.
  2017 352 20 16 37 484 352.844878296       0.38      1.08     -0.30  0.        3960.017        372.565       5050.730    0.000  -0.138   0.380   0.
  2017 352 20 16 38 484 352.844889870       0.60      1.00     -0.45  0.        3959.461        374.328       5052.567    0.000  -0.138   0.380   0.
  2017 352 20 16 39 484 352.844901444       0.43      0.99     -0.68  0.        3958.904        376.091       5054.404    0.000  -0.138   0.380   0.
  2017 352 20 16 40 484 352.844913018       0.05      1.10     -0.70  0.        3958.347        377.854       5056.240    0.000  -0.138   0.380   0.
  2017 352 20 16 41 484 352.844924592       0.21      1.23     -0.42  0.        3957.790        379.616       5058.075    0.000  -0.138   0.380   0.
  2017 352 20 16 42 484 352.844936166       0.51      1.44     -0.29  0.        3957.231        381.379       5059.909    0.000  -0.138   0.380   0.
  2017 352 20 16 43 484 352.844947740       0.78      1.20     -0.13  0.        3956.672        383.142       5061.743    0.000  -0.138   0.380   0.
  2017 352 20 16 44 484 352.844959314       0.56      1.30     -0.05  0.        3956.113        384.904       5063.576    0.000  -0.138   0.380   0.
  2017 352 20 16 45 484 352.844970888       0.48      1.25     -0.12  0.        3955.552        386.667       5065.407    0.000  -0.138   0.380   0.
  2017 352 20 16 46 484 352.844982462       0.34      1.10     -0.23  0.        3954.991        388.429       5067.239    0.000  -0.138   0.380   0.
  2017 352 20 16 47 484 352.844994036       0.17      1.09     -0.33  0.        3954.430        390.192       5069.069    0.000  -0.138   0.380   0.
  2017 352 20 16 48 484 352.845005611      -0.02      1.22     -0.33  0.        3953.868        391.954       5070.898    0.000  -0.138   0.380   0.
  2017 352 20 16 49 484 352.845017185       0.11      1.25     -0.18  0.        3953.305        393.716       5072.727    0.000  -0.138   0.380   0.
  2017 352 20 16 50 484 352.845028759      -0.01      1.25     -0.17  0.        3952.741        395.478       5074.555    0.000  -0.138   0.380   0.
  2017 352 20 16 51 484 352.845040332      -0.04      1.22     -0.11  0.        3952.177        397.241       5076.382    0.000  -0.138   0.380   0.
  2017 352 20 16 52 484 352.845051904      -0.03      1.01     -0.32  0.        3951.613        399.003       5078.208    0.000  -0.138   0.380   0.
  2017 352 20 16 53 484 352.845063478      -0.15      1.01     -0.57  0.        3951.047        400.765       5080.033    0.000  -0.138   0.380   0.
  2017 352 20 16 54 484 352.845075052      -0.21      1.14     -0.58  0.        3950.481        402.526       5081.858    0.000  -0.138   0.380   0.
  2017 352 20 16 55 484 352.845086626      -0.12      1.11     -0.63  0.        3949.915        404.288       5083.681    0.000  -0.138   0.380   0.
  2017 352 20 16 56 484 352.845098200       0.05      0.98     -0.47  0.        3949.348        406.050       5085.504    0.000  -0.138   0.380   0.
  2017 352 20 16 57 484 352.845109774       0.16      0.88     -0.61  0.        3948.780        407.812       5087.326    0.000  -0.138   0.380   0.
  2017 352 20 16 58 484 352.845121348      -0.18      0.94     -0.70  0.        3948.211        409.574       5089.148    0.000  -0.138   0.380   0.
  2017 352 20 16 59 484 352.845132922      -0.45      0.98     -0.75  0.        3947.642        411.335       5090.968    0.000  -0.138   0.380   0.
  2017 352 20 17  0 484 352.845144496      -0.62      1.03     -0.76  0.        3947.072        413.097       5092.788    0.000  -0.138   0.380   0.
  2017 352 20 17  1 484 352.845156071      -0.40      0.98     -0.71  0.        3946.502        414.858       5094.607    0.000  -0.138   0.380   0.
  2017 352 20 17  2 484 352.845167645      -0.21      0.99     -0.79  0.        3945.931        416.620       5096.425    0.000  -0.138   0.380   0.
  2017 352 20 17  3 484 352.845179219      -0.01      1.14     -0.77  0.        3945.359        418.381       5098.242    0.000  -0.138   0.380   0.
  2017 352 20 17  4 484 352.845190793      -0.09      1.16     -0.61  0.        3944.787        420.142       5100.059    0.000  -0.138   0.380   0.
  2017 352 20 17  5 484 352.845202367      -0.20      1.13     -0.43  0.        3944.214        421.903       5101.874    0.000  -0.138   0.380   0.
  2017 352 20 17  6 484 352.845213941      -0.24      1.17     -0.18  0.        3943.641        423.665       5103.689    0.000  -0.138   0.380   0.
  2017 352 20 17  7 484 352.845225515      -0.04      1.16     -0.17  0.        3943.067        425.426       5105.503    0.000  -0.138   0.380   0.
  2017 352 20 17  8 484 352.845237089       0.11      1.17     -0.33  0.        3942.492        427.187       5107.316    0.000  -0.138   0.380   0.
  2017 352 20 17  9 484 352.845248663       0.21      1.21     -0.38  0.        3941.917        428.948       5109.129    0.000  -0.138   0.380   0.
  2017 352 20 17 10 484 352.845260237       0.23      1.25     -0.38  0.        3941.341        430.708       5110.940    0.000  -0.138   0.380   0.
  2017 352 20 17 11 484 352.845271811       0.42      1.16     -0.38  0.        3940.764        432.470       5112.751    0.000  -0.138   0.380   0.
  2017 352 20 17 12 484 352.845283385       0.86      1.08     -0.36  0.        3940.187        434.230       5114.561    0.000  -0.138   0.380   0.
  2017 352 20 17 13 484 352.845294959       1.13      0.95     -0.63  0.        3939.609        435.991       5116.370    0.000  -0.138   0.380   0.
  2017 352 20 17 14 484 352.845306534       1.36      1.08     -0.65  0.        3939.031        437.751       5118.179    0.000  -0.138   0.380   0.
  2017 352 20 17 15 484 352.845318108       1.34      1.13     -0.65  0.        3938.452        439.512       5119.986    0.000  -0.138   0.380   0.
  2017 352 20 17 16 484 352.845329682       0.61      0.97     -0.96  0.        3937.872        441.272       5121.793    0.000  -0.138   0.380   0.
  2017 352 20 17 17 484 352.845341256       0.15      1.02     -0.94  0.        3937.292        443.033       5123.599    0.000  -0.138   0.380   0.
  2017 352 20 17 18 484 352.845352830       0.09      1.15     -0.88  0.        3936.711        444.793       5125.404    0.000  -0.138   0.380   0.
  2017 352 20 17 19 484 352.845364403       0.25      1.22     -0.75  0.        3936.129        446.554       5127.209    0.000  -0.138   0.380   0.
  2017 352 20 17 20 484 352.845375975       0.13      1.09     -0.78  0.        3935.547        448.314       5129.012    0.000  -0.138   0.380   0.
  2017 352 20 17 21 484 352.845387549      -0.03      1.03     -0.59  0.        3934.964        450.073       5130.815    0.000  -0.138   0.380   0.
  2017 352 20 17 22 484 352.845399123       0.09      1.05     -0.42  0.        3934.381        451.833       5132.617    0.000  -0.138   0.380   0.
  2017 352 20 17 23 484 352.845410697       0.30      1.06     -0.42  0.        3933.797        453.594       5134.418    0.000  -0.138   0.380   0.
  2017 352 20 17 24 484 352.845422271       0.10      1.17     -0.54  0.        3933.212        455.353       5136.218    0.000  -0.138   0.380   0.
  2017 352 20 17 25 484 352.845433845       0.12      1.08     -0.49  0.        3932.627        457.113       5138.018    0.000  -0.138   0.380   0.
  2017 352 20 17 26 484 352.845445420       0.15      1.04     -0.51  0.        3932.041        458.873       5139.816    0.000  -0.138   0.380   0.
  2017 352 20 17 27 484 352.845456994      -0.23      1.09     -0.71  0.        3931.454        460.633       5141.614    0.000  -0.138   0.380   0.
  2017 352 20 17 28 484 352.845468568      -0.54      1.05     -0.80  0.        3930.867        462.393       5143.411    0.000  -0.138   0.380   0.
  2017 352 20 17 29 484 352.845480142      -0.04      1.21     -0.68  0.        3930.279        464.152       5145.208    0.000  -0.138   0.380   0.
  2017 352 20 17 30 484 352.845491716       0.57      1.72     -0.83  0.        3929.691        465.912       5147.003    0.000  -0.138   0.380   0.
  2017 352 20 17 31 484 352.845503290       0.63      1.95     -0.63  0.        3929.102        467.671       5148.798    0.000  -0.138   0.380   0.
  2017 352 20 17 32 484 352.845514864       1.03      1.52     -0.15  0.        3928.513        469.430       5150.592    0.000  -0.138   0.380   0.
  2017 352 20 17 33 484 352.845526438       1.64      1.38     -0.14  0.        3927.922        471.190       5152.385    0.000  -0.138   0.380   0.
  2017 352 20 17 34 484 352.845538012       2.03      1.58     -0.09  0.        3927.332        472.949       5154.177    0.000  -0.138   0.380   0.
  2017 352 20 17 35 484 352.845549586       1.66      1.59     -0.41  0.        3926.740        474.708       5155.969    0.000  -0.138   0.380   0.
  2017 352 20 17 36 484 352.845561160       0.32      1.57     -0.95  0.        3926.148        476.467       5157.759    0.000  -0.138   0.380   0.
  2017 352 20 17 37 484 352.845572734       0.04      1.20     -0.71  0.        3925.556        478.226       5159.549    0.000  -0.138   0.380   0.
  2017 352 20 17 38 484 352.845584308       0.01      1.34     -0.50  0.        3924.962        479.985       5161.338    0.000  -0.138   0.380   0.
  2017 352 20 17 39 484 352.845595883      -0.12      1.32     -0.42  0.        3924.369        481.744       5163.126    0.000  -0.138   0.380   0.
  2017 352 20 17 40 484 352.845607457      -0.17      1.18     -0.46  0.        3923.774        483.502       5164.914    0.000  -0.138   0.380   0.
  2017 352 20 17 41 484 352.845619031       0.02      1.11     -0.41  0.        3923.179        485.261       5166.700    0.000  -0.138   0.380   0.
  2017 352 20 17 42 484 352.845630605       0.30      0.99     -0.50  0.        3922.583        487.020       5168.486    0.000  -0.138   0.380   0.
  2017 352 20 17 43 484 352.845642179       0.15      1.05     -0.59  0.        3921.987        488.778       5170.271    0.000  -0.138   0.380   0.
  2017 352 20 17 44 484 352.845653753       0.16      1.08     -0.58  0.        3921.390        490.537       5172.055    0.000  -0.138   0.380   0.
  2017 352 20 17 45 484 352.845665327       0.12      1.03     -0.59  0.        3920.793        492.295       5173.839    0.000  -0.138   0.380   0.
  2017 352 20 17 46 484 352.845676901       0.05      1.09     -0.51  0.        3920.195        494.053       5175.622    0.000  -0.138   0.380   0.
  2017 352 20 17 47 484 352.845688475       0.23      1.21     -0.26  0.        3919.596        495.812       5177.403    0.000  -0.138   0.380   0.
  2017 352 20 17 48 484 352.845700049       0.48      1.25     -0.10  0.        3918.997        497.570       5179.184    0.000  -0.138   0.380   0.
  2017 352 20 17 49 484 352.845711622       0.85      0.94     -0.30  0.        3918.397        499.328       5180.965    0.000  -0.138   0.380   0.
  2017 352 20 17 50 484 352.845723194       0.62      0.86     -0.65  0.        3917.796        501.086       5182.744    0.000  -0.138   0.380   0.
  2017 352 20 17 51 483 352.845734768       0.16      1.04     -0.87  0.        3917.195        502.844       5184.523    0.000  -0.138   0.380   0.
  2017 352 20 17 52 483 352.845746343       0.05      1.07     -0.73  0.        3916.593        504.602       5186.300    0.000  -0.138   0.380   0.
  2017 352 20 17 53 484 352.845757917       0.02      1.06     -0.71  0.        3915.991        506.359       5188.077    0.000  -0.138   0.380   0.
  2017 352 20 17 54 484 352.845769491      -0.07      1.12     -0.75  0.        3915.388        508.117       5189.853    0.000  -0.138   0.380   0.
  2017 352 20 17 55 484 352.845781065      -0.24      1.08     -0.91  0.        3914.784        509.875       5191.629    0.000  -0.138   0.380   0.
  2017 352 20 17 56 484 352.845792639      -0.20      0.97     -0.98  0.        3914.180        511.632       5193.404    0.000  -0.138   0.380   0.
  2017 352 20 17 57 484 352.845804213      -0.46      1.02     -0.77  0.        3913.575        513.390       5195.177    0.000  -0.138   0.380   0.
  2017 352 20 17 58 483 352.845815787      -0.17      1.02     -0.60  0.        3912.970        515.147       5196.950    0.000  -0.138   0.380   0.
  2017 352 20 17 59 483 352.845827361       0.16      1.01     -0.54  0.        3912.364        516.904       5198.723    0.000  -0.138   0.380   0.
  2017 352 20 18  0 483 352.845838935       0.41      0.96     -0.54  0.        3911.758        518.661       5200.494    0.000  -0.138   0.380   0.
  2017 352 20 18  1 483 352.845850509       0.51      0.95     -0.58  0.        3911.151        520.419       5202.265    0.000  -0.138   0.380   0.
  2017 352 20 18  2 483 352.845862083       0.46      0.98     -0.63  0.        3910.542        522.176       5204.035    0.000  -0.138   0.380   0.
  2017 352 20 18  3 484 352.845873657       0.32      1.06     -0.67  0.        3909.934        523.933       5205.804    0.000  -0.138   0.380   0.
  2017 352 20 18  4 484 352.845885231       0.10      1.01     -0.60  0.        3909.325        525.689       5207.572    0.000  -0.138   0.380   0.
  2017 352 20 18  5 483 352.845896806       0.27      1.11     -0.55  0.        3908.716        527.446       5209.339    0.000  -0.138   0.380   0.
  2017 352 20 18  6 483 352.845908380       0.54      1.02     -0.56  0.        3908.106        529.203       5211.106    0.000  -0.138   0.380   0.
  2017 352 20 18  7 484 352.845919954       0.99      1.12     -0.48  0.        3907.495        530.960       5212.872    0.000  -0.138   0.380   0.
  2017 352 20 18  8 484 352.845931528       1.48      1.37     -0.24  0.        3906.884        532.716       5214.637    0.000  -0.138   0.380   0.
  2017 352 20 18  9 484 352.845943102       1.47      1.60     -0.52  0.        3906.272        534.473       5216.401    0.000  -0.138   0.380   0.
  2017 352 20 18 10 484 352.845954676       1.18      1.41     -0.79  0.        3905.659        536.229       5218.164    0.000  -0.138   0.380   0.
  2017 352 20 18 11 484 352.845966250       0.43      1.20     -0.61  0.        3905.046        537.985       5219.927    0.000  -0.138   0.380   0.
  2017 352 20 18 12 483 352.845977824       0.26      1.10     -0.54  0.        3904.432        539.742       5221.689    0.000  -0.138   0.380   0.
  2017 352 20 18 13 483 352.845989398       0.18      1.18     -0.51  0.        3903.818        541.498       5223.450    0.000  -0.138   0.380   0.
  2017 352 20 18 14 483 352.846000972       0.05      1.20     -0.48  0.        3903.203        543.254       5225.210    0.000  -0.138   0.380   0.
  2017 352 20 18 15 483 352.846012546       0.05      1.18     -0.46  0.        3902.587        545.010       5226.969    0.000  -0.138   0.380   0.
  2017 352 20 18 16 484 352.846024120       0.32      1.21     -0.46  0.        3901.971        546.766       5228.728    0.000  -0.138   0.380   0.
  2017 352 20 18 17 484 352.846035694       0.58      1.18     -0.45  0.        3901.355        548.522       5230.486    0.000  -0.138   0.380   0.
  2017 352 20 18 18 483 352.846047269       0.64      1.22     -0.51  0.        3900.737        550.277       5232.243    0.000  -0.138   0.380   0.
  2017 352 20 18 19 499 352.846059023       0.39      1.16     -0.59  0.        3900.110        552.060       5234.027    0.000  -0.138   0.380   0.
  2017 352 20 18 20 515 352.846070775       0.19      1.17     -0.58  0.        3899.482        553.843       5235.810    0.000  -0.138   0.380   0.
  2017 352 20 18 21 514 352.846082350       0.16      1.18     -0.51  0.        3898.862        555.599       5237.564    0.000  -0.138   0.380   0.
  2017 352 20 18 22 514 352.846093924       0.15      1.11     -0.63  0.        3898.243        557.354       5239.318    0.000  -0.138   0.380   0.
  2017 352 20 18 23 515 352.846105498      -0.09      1.07     -0.63  0.        3897.622        559.110       5241.071    0.000  -0.138   0.380   0.
  2017 352 20 18 24 515 352.846117072      -0.14      1.08     -0.59  0.        3897.002        560.865       5242.823    0.000  -0.138   0.380   0.
  2017 352 20 18 25 515 352.846128646      -0.13      1.21     -0.59  0.        3896.380        562.620       5244.575    0.000  -0.138   0.380   0.
  2017 352 20 18 26 515 352.846140220      -0.01      1.22     -0.48  0.        3895.758        564.375       5246.325    0.000  -0.138   0.380   0.
  2017 352 20 18 27 515 352.846151794       0.10      1.21     -0.49  0.        3895.135        566.130       5248.075    0.000  -0.138   0.380   0.
  2017 352 20 18 28 514 352.846163368       0.11      1.13     -0.69  0.        3894.512        567.885       5249.824    0.000  -0.138   0.380   0.
  2017 352 20 18 29 514 352.846174942       0.22      1.07     -0.69  0.        3893.888        569.640       5251.573    0.000  -0.138   0.380   0.
  2017 352 20 18 30 514 352.846186516       0.43      1.11     -0.69  0.        3893.264        571.394       5253.320    0.000  -0.138   0.380   0.
  2017 352 20 18 31 514 352.846198090       0.43      1.28     -0.85  0.        3892.639        573.149       5255.067    0.000  -0.138   0.380   0.
  2017 352 20 18 32 514 352.846209664       0.53      1.12     -1.04  0.        3892.013        574.904       5256.813    0.000  -0.138   0.380   0.
  2017 352 20 18 33 515 352.846221238       0.40      0.98     -1.07  0.        3891.387        576.658       5258.558    0.000  -0.138   0.380   0.
  2017 352 20 18 34 515 352.846232813       0.23      1.08     -0.98  0.        3890.760        578.413       5260.302    0.000  -0.138   0.380   0.
  2017 352 20 18 35 514 352.846244387       0.76      0.95     -0.97  0.        3890.133        580.167       5262.045    0.000  -0.138   0.380   0.
  2017 352 20 18 36 514 352.846255961       0.52      0.97     -0.88  0.        3889.505        581.921       5263.788    0.000  -0.138   0.380   0.
  2017 352 20 18 37 515 352.846267535       0.36      0.98     -0.63  0.        3888.877        583.675       5265.530    0.000  -0.138   0.380   0.
  2017 352 20 18 38 515 352.846279109       0.24      1.14     -0.56  0.        3888.247        585.429       5267.271    0.000  -0.138   0.380   0.
  2017 352 20 18 39 515 352.846290683       0.12      1.15     -0.42  0.        3887.618        587.183       5269.012    0.000  -0.138   0.380   0.
  2017 352 20 18 40 515 352.846302257       0.36      1.16     -0.36  0.        3886.987        588.937       5270.751    0.000  -0.138   0.380   0.
  2017 352 20 18 41 514 352.846313831       0.22      1.00     -0.79  0.        3886.357        590.691       5272.490    0.000  -0.138   0.380   0.
  2017 352 20 18 42 514 352.846325405      -0.17      1.13     -0.55  0.        3885.725        592.444       5274.228    0.000  -0.138   0.380   0.
  2017 352 20 18 43 514 352.846336979       0.35      1.20     -0.27  0.        3885.093        594.198       5275.965    0.000  -0.138   0.380   0.
  2017 352 20 18 44 514 352.846348553       0.79      1.14     -0.30  0.        3884.460        595.952       5277.701    0.000  -0.138   0.380   0.
  2017 352 20 18 45 514 352.846360127       1.57      1.29     -0.17  0.        3883.827        597.705       5279.437    0.000  -0.138   0.380   0.
  2017 352 20 18 46 515 352.846371701       1.51      1.12     -0.81  0.        3883.194        599.458       5281.172    0.000  -0.138   0.380   0.
  2017 352 20 18 47 515 352.846383275       0.89      1.42     -0.76  0.        3882.559        601.212       5282.906    0.000  -0.138   0.380   0.
  2017 352 20 18 48 514 352.846394850       0.48      1.32     -0.43  0.        3881.924        602.965       5284.639    0.000  -0.138   0.380   0.
  2017 352 20 18 49 514 352.846406423       0.42      1.16     -0.51  0.        3881.289        604.718       5286.371    0.000  -0.138   0.380   0.
  2017 352 20 18 50 514 352.846417995       0.39      1.23     -0.50  0.        3880.653        606.471       5288.103    0.000  -0.138   0.380   0.
  2017 352 20 18 51 514 352.846429569       0.29      1.27     -0.48  0.        3880.016        608.224       5289.834    0.000  -0.138   0.380   0.
  2017 352 20 18 52 514 352.846441143       0.34      1.13     -0.70  0.        3879.379        609.976       5291.564    0.000  -0.138   0.380   0.
  2017 352 20 18 53 514 352.846452717       0.24      1.39     -0.94  0.        3878.741        611.729       5293.293    0.000  -0.138   0.380   0.
  2017 352 20 18 54 514 352.846464291       0.26      1.30     -1.00  0.        3878.102        613.482       5295.021    0.000  -0.138   0.380   0.
  2017 352 20 18 55 514 352.846475865       0.06      1.15     -1.05  0.        3877.463        615.234       5296.749    0.000  -0.138   0.380   0.
  2017 352 20 18 56 514 352.846487439      -0.16      1.12     -0.85  0.        3876.824        616.987       5298.476    0.000  -0.138   0.380   0.
  2017 352 20 18 57 514 352.846499013      -0.34      1.25     -0.78  0.        3876.184        618.739       5300.202    0.000  -0.138   0.380   0.
  2017 352 20 18 58 514 352.846510587      -0.44      1.36     -0.65  0.        3875.543        620.491       5301.927    0.000  -0.138   0.380   0.
  2017 352 20 18 59 514 352.846522161      -0.29      1.45     -0.28  0.        3874.902        622.243       5303.652    0.000  -0.138   0.380   0.
  2017 352 20 19  0 514 352.846533736       0.12      1.30     -0.17  0.        3874.260        623.995       5305.375    0.000  -0.138   0.380   0.
  2017 352 20 19  1 514 352.846545310       0.25      1.21     -0.24  0.        3873.617        625.747       5307.098    0.000  -0.138   0.380   0.
  2017 352 20 19  2 514 352.846556884       0.74      1.50     -0.14  0.        3872.974        627.499       5308.820    0.000  -0.138   0.380   0.
  2017 352 20 19  3 514 352.846568458       0.60      1.42     -0.42  0.        3872.331        629.251       5310.542    0.000  -0.138   0.380   0.
  2017 352 20 19  4 514 352.846580032       0.46      1.57     -0.33  0.        3871.686        631.003       5312.262    0.000  -0.138   0.380   0.
  2017 352 20 19  5 514 352.846591606       0.06      1.54     -0.76  0.        3871.042        632.754       5313.982    0.000  -0.138   0.380   0.
  2017 352 20 19  6 514 352.846603180      -0.16      1.22     -0.65  0.        3870.396        634.506       5315.701    0.000  -0.138   0.380   0.
  2017 352 20 19  7 514 352.846614754       0.10      1.31     -0.29  0.        3869.750        636.257       5317.419    0.000  -0.138   0.380   0.
  2017 352 20 19  8 514 352.846626328       0.10      1.30     -0.52  0.        3869.104        638.008       5319.136    0.000  -0.138   0.380   0.
  2017 352 20 19  9 514 352.846637902      -0.00      1.32     -0.52  0.        3868.457        639.760       5320.853    0.000  -0.138   0.380   0.
  2017 352 20 19 10 514 352.846649476       0.08      1.31     -0.58  0.        3867.809        641.511       5322.569    0.000  -0.138   0.380   0.
  2017 352 20 19 11 514 352.846661050       0.14      1.41     -0.37  0.        3867.161        643.262       5324.284    0.000  -0.138   0.380   0.
  2017 352 20 19 12 514 352.846672624       0.12      1.17     -0.37  0.        3866.512        645.013       5325.998    0.000  -0.138   0.380   0.
  2017 352 20 19 13 514 352.846684198       0.15      1.46     -0.03  0.        3865.863        646.764       5327.712    0.000  -0.138   0.380   0.
  2017 352 20 19 14 514 352.846695773       0.49      1.41     -0.02  0.        3865.213        648.514       5329.424    0.000  -0.138   0.380   0.
  2017 352 20 19 15 514 352.846707347       0.73      1.38     -0.03  0.        3864.563        650.265       5331.136    0.000  -0.138   0.380   0.
  2017 352 20 19 16 514 352.846718921       0.69      1.40     -0.60  0.        3863.911        652.015       5332.847    0.000  -0.138   0.380   0.
  2017 352 20 19 17 514 352.846730495       0.20      1.30     -0.55  0.        3863.260        653.766       5334.557    0.000  -0.138   0.380   0.
  2017 352 20 19 18 514 352.846742069       0.48      1.29     -0.32  0.        3862.608        655.516       5336.267    0.000  -0.138   0.380   0.
  2017 352 20 19 19 514 352.846753642       0.95      1.21     -0.29  0.        3861.955        657.267       5337.976    0.000  -0.138   0.380   0.
  2017 352 20 19 20 514 352.846765214       1.29      1.10     -0.40  0.        3861.302        659.017       5339.684    0.000  -0.138   0.380   0.
  2017 352 20 19 21 514 352.846776788       1.07      1.16     -0.41  0.        3860.648        660.767       5341.391    0.000  -0.138   0.380   0.
  2017 352 20 19 22 514 352.846788362       0.74      1.28     -0.41  0.        3859.993        662.517       5343.097    0.000  -0.138   0.380   0.
  2017 352 20 19 23 514 352.846799936       0.75      1.36     -0.25  0.        3859.338        664.267       5344.803    0.000  -0.138   0.380   0.
  2017 352 20 19 24 514 352.846811510       0.90      1.17     -0.37  0.        3858.683        666.016       5346.507    0.000  -0.138   0.380   0.
  2017 352 20 19 25 514 352.846823085       0.97      1.12     -0.21  0.        3858.026        667.766       5348.211    0.000  -0.138   0.380   0.
  2017 352 20 19 26 514 352.846834659       1.11      1.03     -0.08  0.        3857.370        669.516       5349.915    0.000  -0.138   0.380   0.
  2017 352 20 19 27 514 352.846846233       0.88      0.97     -0.50  0.        3856.712        671.265       5351.617    0.000  -0.138   0.380   0.
  2017 352 20 19 28 514 352.846857807       0.45      1.31     -0.41  0.        3856.054        673.014       5353.319    0.000  -0.138   0.380   0.
  2017 352 20 19 29 514 352.846869381       0.74      1.20     -0.41  0.        3855.396        674.764       5355.020    0.000  -0.138   0.380   0.
  2017 352 20 19 30 514 352.846880955       0.89      1.25     -0.55  0.        3854.737        676.513       5356.720    0.000  -0.138   0.380   0.
  2017 352 20 19 31 514 352.846892529       0.94      1.23     -0.76  0.        3854.077        678.262       5358.419    0.000  -0.138   0.380   0.
  2017 352 20 19 32 514 352.846904103       0.37      1.22     -0.95  0.        3853.417        680.011       5360.117    0.000  -0.138   0.380   0.
  2017 352 20 19 33 514 352.846915677       0.16      1.02     -1.05  0.        3852.757        681.760       5361.815    0.000  -0.138   0.380   0.
  2017 352 20 19 34 514 352.846927251      -0.17      0.94     -1.19  0.        3852.095        683.509       5363.512    0.000  -0.138   0.380   0.
  2017 352 20 19 35 514 352.846938825      -0.42      1.01     -1.15  0.        3851.434        685.257       5365.209    0.000  -0.138   0.380   0.
  2017 352 20 19 36 514 352.846950399      -0.29      1.05     -1.07  0.        3850.771        687.006       5366.904    0.000  -0.138   0.380   0.
  2017 352 20 19 37 514 352.846961973      -0.19      1.15     -0.92  0.        3850.108        688.754       5368.598    0.000  -0.138   0.380   0.
  2017 352 20 19 38 514 352.846973547      -0.07      1.21     -0.84  0.        3849.445        690.503       5370.292    0.000  -0.138   0.380   0.
  2017 352 20 19 39 514 352.846985121       0.29      1.16     -0.78  0.        3848.781        692.251       5371.985    0.000  -0.138   0.380   0.
  2017 352 20 19 40 514 352.846996696       0.37      1.13     -0.72  0.        3848.116        693.999       5373.677    0.000  -0.138   0.380   0.
  2017 352 20 19 41 514 352.847008270       0.71      1.14     -0.66  0.        3847.451        695.747       5375.369    0.000  -0.138   0.380   0.
  2017 352 20 19 42 514 352.847019844       0.70      1.23     -0.61  0.        3846.785        697.495       5377.059    0.000  -0.138   0.380   0.
  2017 352 20 19 43 514 352.847031418       0.41      1.20     -0.62  0.        3846.119        699.243       5378.749    0.000  -0.138   0.380   0.
  2017 352 20 19 44 514 352.847042992       0.05      1.11     -0.48  0.        3845.452        700.991       5380.438    0.000  -0.138   0.380   0.
  2017 352 20 19 45 514 352.847054566      -0.01      1.20     -0.50  0.        3844.785        702.739       5382.127    0.000  -0.138   0.380   0.
  2017 352 20 19 46 514 352.847066140       0.04      1.23     -0.60  0.        3844.117        704.486       5383.814    0.000  -0.138   0.380   0.
  2017 352 20 19 47 514 352.847077714       0.18      1.04     -0.66  0.        3843.448        706.234       5385.501    0.000  -0.138   0.380   0.
  2017 352 20 19 48 514 352.847089288       0.13      1.05     -0.65  0.        3842.779        707.981       5387.187    0.000  -0.138   0.380   0.
  2017 352 20 19 49 514 352.847100861      -0.02      1.06     -0.62  0.        3842.109        709.729       5388.872    0.000  -0.138   0.380   0.
  2017 352 20 19 50 514 352.847112433      -0.09      1.12     -0.61  0.        3841.439        711.476       5390.557    0.000  -0.138   0.380   0.
  2017 352 20 19 51 514 352.847124008       0.01      1.01     -0.69  0.        3840.768        713.223       5392.240    0.000  -0.138   0.380   0.
  2017 352 20 19 52 514 352.847135582       0.13      1.07     -0.62  0.        3840.097        714.970       5393.923    0.000  -0.138   0.380   0.
  2017 352 20 19 53 514 352.847147156       0.29      1.08     -0.60  0.        3839.425        716.717       5395.605    0.000  -0.138   0.380   0.
  2017 352 20 19 54 514 352.847158730       0.39      0.96     -0.88  0.        3838.753        718.463       5397.286    0.000  -0.138   0.380   0.
  2017 352 20 19 55 514 352.847170304       0.24      0.93     -0.85  0.        3838.080        720.210       5398.967    0.000  -0.138   0.380   0.
  2017 352 20 19 56 514 352.847181878       0.11      0.93     -0.75  0.        3837.406        721.956       5400.647    0.000  -0.138   0.380   0.
  2017 352 20 19 57 514 352.847193452       0.00      0.95     -0.68  0.        3836.732        723.703       5402.326    0.000  -0.138   0.380   0.
  2017 352 20 19 58 514 352.847205026      -0.24      1.05     -0.66  0.        3836.057        725.449       5404.004    0.000  -0.138   0.380   0.
  2017 352 20 19 59 514 352.847216600      -0.09      1.17     -0.50  0.        3835.382        727.196       5405.681    0.000  -0.138   0.380   0.
  2017 352 20 20  0 514 352.847228174       0.12      1.21     -0.54  0.        3834.706        728.942       5407.358    0.000  -0.138   0.380   0.
  2017 352 20 20  1 514 352.847239748       0.08      1.27     -0.62  0.        3834.030        730.688       5409.034    0.000  -0.138   0.380   0.
  2017 352 20 20  2 514 352.847251322       0.09      1.22     -0.57  0.        3833.353        732.434       5410.708    0.000  -0.138   0.380   0.
  2017 352 20 20  3 514 352.847262896       0.28      1.17     -0.56  0.        3832.676        734.179       5412.383    0.000  -0.138   0.380   0.
  2017 352 20 20  4 514 352.847274471       0.23      1.18     -0.57  0.        3831.998        735.925       5414.056    0.000  -0.138   0.380   0.
  2017 352 20 20  5 514 352.847286045       0.12      1.21     -0.53  0.        3831.320        737.671       5415.729    0.000  -0.138   0.380   0.
  2017 352 20 20  6 514 352.847297619       0.17      1.18     -0.47  0.        3830.640        739.416       5417.401    0.000  -0.138   0.380   0.
  2017 352 20 20  7 514 352.847309193       0.15      1.15     -0.59  0.        3829.961        741.162       5419.072    0.000  -0.138   0.380   0.
  2017 352 20 20  8 514 352.847320767      -0.02      1.25     -0.60  0.        3829.281        742.907       5420.742    0.000  -0.138   0.380   0.
  2017 352 20 20  9 514 352.847332341      -0.08      1.21     -0.63  0.        3828.600        744.652       5422.412    0.000  -0.138   0.380   0.
  2017 352 20 20 10 514 352.847343915       0.06      1.07     -0.48  0.        3827.919        746.397       5424.081    0.000  -0.138   0.380   0.
  2017 352 20 20 11 514 352.847355489       0.39      1.07     -0.50  0.        3827.237        748.142       5425.749    0.000  -0.138   0.380   0.
  2017 352 20 20 12 514 352.847367063       0.33      1.08     -0.49  0.        3826.555        749.887       5427.416    0.000  -0.138   0.380   0.
  2017 352 20 20 13 514 352.847378637       0.11      1.16     -0.61  0.        3825.872        751.632       5429.083    0.000  -0.138   0.380   0.
  2017 352 20 20 14 514 352.847390211       0.42      1.51     -0.49  0.        3825.188        753.376       5430.748    0.000  -0.138   0.380   0.
  2017 352 20 20 15 514 352.847401785       0.34      1.29     -0.47  0.        3824.504        755.121       5432.413    0.000  -0.138   0.380   0.
  2017 352 20 20 16 514 352.847413359      -0.12      1.27     -0.56  0.        3823.820        756.865       5434.077    0.000  -0.138   0.380   0.
  2017 352 20 20 17 514 352.847424933      -0.10      1.32     -0.56  0.        3823.135        758.610       5435.741    0.000  -0.138   0.380   0.
  2017 352 20 20 18 514 352.847436508      -0.05      1.31     -0.83  0.        3822.449        760.354       5437.403    0.000  -0.138   0.380   0.
  2017 352 20 20 19 514 352.847448081      -0.05      1.11     -1.07  0.        3821.763        762.098       5439.065    0.000  -0.138   0.380   0.
  2017 352 20 20 20 514 352.847459653      -0.27      0.92     -1.08  0.        3821.076        763.842       5440.726    0.000  -0.138   0.380   0.
  2017 352 20 20 21 514 352.847471227      -0.33      1.00     -0.91  0.        3820.389        765.586       5442.386    0.000  -0.138   0.380   0.
  2017 352 20 20 22 514 352.847482801      -0.28      1.00     -0.79  0.        3819.701        767.330       5444.046    0.000  -0.138   0.380   0.
  2017 352 20 20 23 513 352.847494375      -0.29      1.15     -0.68  0.        3819.013        769.074       5445.705    0.000  -0.138   0.380   0.
  2017 352 20 20 24 513 352.847505949      -0.37      1.19     -0.62  0.        3818.324        770.817       5447.363    0.000  -0.138   0.380   0.
  2017 352 20 20 25 513 352.847517523      -0.27      1.26     -0.64  0.        3817.634        772.560       5449.020    0.000  -0.138   0.380   0.
  2017 352 20 20 26 513 352.847529097      -0.24      1.22     -0.63  0.        3816.944        774.304       5450.676    0.000  -0.138   0.380   0.
  2017 352 20 20 27 513 352.847540671       0.16      1.16     -0.44  0.        3816.254        776.047       5452.332    0.000  -0.138   0.380   0.
  2017 352 20 20 28 514 352.847552245       0.45      1.00     -0.47  0.        3815.563        777.790       5453.986    0.000  -0.138   0.380   0.
  2017 352 20 20 29 514 352.847563819       0.37      1.24     -0.35  0.        3814.871        779.533       5455.640    0.000  -0.138   0.380   0.
  2017 352 20 20 30 513 352.847575393       0.46      1.18     -0.66  0.        3814.179        781.276       5457.294    0.000  -0.138   0.380   0.
  2017 352 20 20 31 513 352.847586968       0.05      1.08     -0.67  0.        3813.486        783.019       5458.946    0.000  -0.138   0.380   0.
  2017 352 20 20 32 514 352.847598542       0.21      1.11     -0.61  0.        3812.793        784.762       5460.598    0.000  -0.138   0.380   0.
  2017 352 20 20 33 514 352.847610116       0.36      1.06     -0.61  0.        3812.099        786.504       5462.249    0.000  -0.138   0.380   0.
  2017 352 20 20 34 514 352.847621690       0.31      1.04     -0.56  0.        3811.405        788.247       5463.899    0.000  -0.138   0.380   0.
  2017 352 20 20 35 514 352.847633264       0.22      1.02     -0.50  0.        3810.710        789.989       5465.549    0.000  -0.138   0.380   0.
  2017 352 20 20 36 514 352.847644838       0.23      1.03     -0.54  0.        3810.015        791.731       5467.197    0.000  -0.138   0.380   0.
  2017 352 20 20 37 513 352.847656412       0.26      1.06     -0.64  0.        3809.319        793.473       5468.845    0.000  -0.138   0.380   0.
  2017 352 20 20 38 513 352.847667986       0.33      1.15     -0.64  0.        3808.622        795.215       5470.492    0.000  -0.138   0.380   0.
  2017 352 20 20 39 513 352.847679560       0.50      1.09     -0.54  0.        3807.925        796.957       5472.138    0.000  -0.138   0.380   0.
  2017 352 20 20 40 513 352.847691134       0.42      1.12     -0.65  0.        3807.228        798.699       5473.784    0.000  -0.138   0.380   0.
  2017 352 20 20 41 513 352.847702708       0.26      1.21     -0.73  0.        3806.530        800.441       5475.429    0.000  -0.138   0.380   0.
  2017 352 20 20 42 514 352.847714282       0.30      1.03     -0.72  0.        3805.831        802.182       5477.073    0.000  -0.138   0.380   0.
  2017 352 20 20 43 514 352.847725857       0.25      1.01     -0.77  0.        3805.132        803.924       5478.716    0.000  -0.138   0.380   0.
  2017 352 20 20 44 513 352.847737431       0.15      0.98     -0.86  0.        3804.432        805.665       5480.358    0.000  -0.138   0.380   0.
  2017 352 20 20 45 513 352.847749005      -0.03      0.94     -0.96  0.        3803.732        807.406       5482.000    0.000  -0.138   0.380   0.
  2017 352 20 20 46 514 352.847760579      -0.00      0.97     -0.91  0.        3803.031        809.148       5483.641    0.000  -0.138   0.380   0.
  2017 352 20 20 47 514 352.847772153      -0.15      0.99     -0.93  0.        3802.330        810.889       5485.281    0.000  -0.138   0.380   0.
  2017 352 20 20 48 514 352.847783727       0.13      1.05     -0.74  0.        3801.628        812.629       5486.920    0.000  -0.138   0.380   0.
  2017 352 20 20 49 514 352.847795300       0.73      1.18     -0.51  0.        3800.926        814.370       5488.559    0.000  -0.138   0.380   0.
  2017 352 20 20 50 513 352.847806872       0.88      1.38     -0.78  0.        3800.223        816.111       5490.197    0.000  -0.138   0.380   0.
  2017 352 20 20 51 513 352.847818446      -0.03      1.41     -1.03  0.        3799.519        817.851       5491.834    0.000  -0.138   0.380   0.
  2017 352 20 20 52 513 352.847830020       0.23      1.28     -0.68  0.        3798.815        819.592       5493.470    0.000  -0.138   0.380   0.
  2017 352 20 20 53 513 352.847841594       0.62      1.32     -0.58  0.        3798.111        821.332       5495.106    0.000  -0.138   0.380   0.
  2017 352 20 20 54 513 352.847853168       0.24      1.11     -0.68  0.        3797.406        823.072       5496.740    0.000  -0.138   0.380   0.
  2017 352 20 20 55 513 352.847864742      -0.09      1.24     -0.43  0.        3796.700        824.812       5498.374    0.000  -0.138   0.380   0.
  2017 352 20 20 56 513 352.847876317       0.02      1.18     -0.41  0.        3795.994        826.552       5500.007    0.000  -0.138   0.380   0.
  2017 352 20 20 57 513 352.847887891       0.03      1.08     -0.49  0.        3795.287        828.292       5501.639    0.000  -0.138   0.380   0.
  2017 352 20 20 58 513 352.847899465       0.13      1.04     -0.57  0.        3794.580        830.032       5503.272    0.000  -0.138   0.380   0.
  2017 352 20 20 59 513 352.847911039       0.09      0.98     -0.66  0.        3793.873        831.772       5504.902    0.000  -0.138   0.380   0.
  2017 352 20 21  0 513 352.847922613       0.09      0.99     -0.71  0.        3793.164        833.511       5506.532    0.000  -0.138   0.380   0.
  2017 352 20 21  1 513 352.847934187       0.21      1.00     -0.65  0.        3792.456        835.251       5508.162    0.000  -0.138   0.380   0.
  2017 352 20 21  2 513 352.847945761       0.27      0.98     -0.59  0.        3791.746        836.990       5509.790    0.000  -0.138   0.380   0.
  2017 352 20 21  3 513 352.847957335       0.24      0.97     -0.66  0.        3791.037        838.729       5511.418    0.000  -0.138   0.380   0.
  2017 352 20 21  4 513 352.847968909       0.26      0.97     -0.57  0.        3790.326        840.468       5513.045    0.000  -0.138   0.380   0.
  2017 352 20 21  5 513 352.847980483       0.26      1.03     -0.36  0.        3789.615        842.207       5514.671    0.000  -0.138   0.380   0.
  2017 352 20 21  6 513 352.847992057       0.14      1.05     -0.29  0.        3788.904        843.946       5516.297    0.000  -0.138   0.380   0.
  2017 352 20 21  7 513 352.848003631       0.27      1.08     -0.20  0.        3788.192        845.685       5517.922    0.000  -0.138   0.380   0.
  2017 352 20 21  8 513 352.848015205       0.49      1.06     -0.25  0.        3787.480        847.423       5519.545    0.000  -0.138   0.380   0.
  2017 352 20 21  9 513 352.848026779       0.47      1.02     -0.35  0.        3786.767        849.161       5521.169    0.000  -0.138   0.380   0.
  2017 352 20 21 10 513 352.848038354      -0.03      1.21     -0.40  0.        3786.053        850.900       5522.791    0.000  -0.138   0.380   0.
  2017 352 20 21 11 513 352.848049928      -0.13      1.26     -0.44  0.        3785.339        852.638       5524.413    0.000  -0.138   0.380   0.
  2017 352 20 21 12 513 352.848061502      -0.02      1.22     -0.28  0.        3784.625        854.376       5526.034    0.000  -0.138   0.380   0.
  2017 352 20 21 13 513 352.848073076       0.05      1.19     -0.28  0.        3783.909        856.114       5527.654    0.000  -0.138   0.380   0.
  2017 352 20 21 14 513 352.848084650       0.07      1.05     -0.52  0.        3783.194        857.852       5529.273    0.000  -0.138   0.380   0.
  2017 352 20 21 15 513 352.848096224       0.09      1.06     -0.62  0.        3782.478        859.590       5530.892    0.000  -0.138   0.380   0.
  2017 352 20 21 16 513 352.848107798       0.12      0.99     -0.71  0.        3781.761        861.328       5532.509    0.000  -0.138   0.380   0.
  2017 352 20 21 17 513 352.848119371      -0.02      1.12     -0.63  0.        3781.044        863.065       5534.126    0.000  -0.138   0.380   0.
  2017 352 20 21 18 513 352.848130943      -0.02      0.99     -0.59  0.        3780.326        864.802       5535.743    0.000  -0.138   0.380   0.
  2017 352 20 21 19 513 352.848142517       0.06      0.94     -0.60  0.        3779.608        866.540       5537.358    0.000  -0.138   0.380   0.
  2017 352 20 21 20 513 352.848154091       0.01      0.92     -0.63  0.        3778.889        868.277       5538.973    0.000  -0.138   0.380   0.
  2017 352 20 21 21 513 352.848165666      -0.02      0.90     -0.64  0.        3778.170        870.014       5540.587    0.000  -0.138   0.380   0.
  2017 352 20 21 22 513 352.848177240      -0.04      0.93     -0.62  0.        3777.450        871.751       5542.200    0.000  -0.138   0.380   0.
  2017 352 20 21 23 513 352.848188814      -0.02      1.01     -0.52  0.        3776.730        873.488       5543.812    0.000  -0.138   0.380   0.
  2017 352 20 21 24 513 352.848200388       0.03      0.95     -0.51  0.        3776.009        875.224       5545.424    0.000  -0.138   0.380   0.
  2017 352 20 21 25 513 352.848211962       0.03      1.00     -0.45  0.        3775.288        876.961       5547.035    0.000  -0.138   0.380   0.
  2017 352 20 21 26 513 352.848223536       0.01      1.09     -0.42  0.        3774.566        878.697       5548.645    0.000  -0.138   0.380   0.
  2017 352 20 21 27 513 352.848235110       0.15      1.17     -0.47  0.        3773.843        880.434       5550.255    0.000  -0.138   0.380   0.
  2017 352 20 21 28 513 352.848246684       0.08      1.20     -0.59  0.        3773.121        882.170       5551.863    0.000  -0.138   0.380   0.
  2017 352 20 21 29 513 352.848258258      -0.22      1.08     -0.66  0.        3772.397        883.906       5553.471    0.000  -0.138   0.380   0.
  2017 352 20 21 30 513 352.848269832      -0.26      1.09     -0.61  0.        3771.673        885.642       5555.078    0.000  -0.138   0.380   0.
  2017 352 20 21 31 513 352.848281406      -0.07      1.01     -0.56  0.        3770.949        887.378       5556.684    0.000  -0.138   0.380   0.
  2017 352 20 21 32 513 352.848292980      -0.12      1.05     -0.58  0.        3770.224        889.113       5558.290    0.000  -0.138   0.380   0.
  2017 352 20 21 33 513 352.848304554       0.10      1.06     -0.72  0.        3769.498        890.849       5559.895    0.000  -0.138   0.380   0.
  2017 352 20 21 34 513 352.848316129       0.02      1.06     -0.95  0.        3768.772        892.584       5561.499    0.000  -0.138   0.380   0.
  2017 352 20 21 35 513 352.848327703      -0.10      1.16     -0.78  0.        3768.046        894.320       5563.102    0.000  -0.138   0.380   0.
  2017 352 20 21 36 513 352.848339277       0.08      1.01     -0.84  0.        3767.318        896.055       5564.704    0.000  -0.138   0.380   0.
  2017 352 20 21 37 513 352.848350851       0.04      1.01     -0.74  0.        3766.591        897.790       5566.306    0.000  -0.138   0.380   0.
  2017 352 20 21 38 513 352.848362425       0.47      1.20     -0.54  0.        3765.863        899.525       5567.907    0.000  -0.138   0.380   0.
  2017 352 20 21 39 513 352.848373999       0.89      1.24     -0.48  0.        3765.134        901.260       5569.507    0.000  -0.138   0.380   0.
  2017 352 20 21 40 513 352.848385573       1.17      1.13     -0.58  0.        3764.405        902.995       5571.107    0.000  -0.138   0.380   0.
  2017 352 20 21 41 513 352.848397147       0.66      1.11     -0.60  0.        3763.675        904.729       5572.705    0.000  -0.138   0.380   0.
  2017 352 20 21 42 513 352.848408721       0.33      1.26     -0.29  0.        3762.945        906.464       5574.303    0.000  -0.138   0.380   0.
  2017 352 20 21 43 513 352.848420295       0.45      1.40     -0.07  0.        3762.215        908.198       5575.900    0.000  -0.138   0.380   0.
  2017 352 20 21 44 513 352.848431869       0.63      1.18     -0.27  0.        3761.483        909.932       5577.497    0.000  -0.138   0.380   0.
  2017 352 20 21 45 513 352.848443443       0.43      1.15     -0.38  0.        3760.752        911.666       5579.092    0.000  -0.138   0.380   0.
  2017 352 20 21 46 513 352.848455017       0.48      1.10     -0.45  0.        3760.019        913.400       5580.687    0.000  -0.138   0.380   0.
  2017 352 20 21 47 513 352.848466590       0.55      1.02     -0.42  0.        3759.287        915.134       5582.281    0.000  -0.138   0.380   0.
  2017 352 20 21 48 513 352.848478163       0.61      0.96     -0.39  0.        3758.554        916.868       5583.875    0.000  -0.138   0.380   0.
  2017 352 20 21 49 513 352.848489737       0.55      0.96     -0.40  0.        3757.820        918.602       5585.467    0.000  -0.138   0.380   0.
  2017 352 20 21 50 513 352.848501311       0.32      0.90     -0.65  0.        3757.085        920.335       5587.059    0.000  -0.138   0.380   0.
  2017 352 20 21 51 513 352.848512885       0.03      0.89     -0.66  0.        3756.351        922.068       5588.650    0.000  -0.138   0.380   0.
  2017 352 20 21 52 513 352.848524459      -0.03      0.90     -0.58  0.        3755.615        923.802       5590.240    0.000  -0.138   0.380   0.
  2017 352 20 21 53 513 352.848536033       0.05      0.80     -0.57  0.        3754.880        925.535       5591.830    0.000  -0.138   0.380   0.
  2017 352 20 21 54 513 352.848547607       0.16      0.77     -0.55  0.        3754.143        927.268       5593.419    0.000  -0.138   0.380   0.
  2017 352 20 21 55 513 352.848559181       0.21      0.82     -0.51  0.        3753.406        929.001       5595.007    0.000  -0.138   0.380   0.
  2017 352 20 21 56 513 352.848570755       0.25      0.85     -0.45  0.        3752.669        930.733       5596.594    0.000  -0.138   0.380   0.
  2017 352 20 21 57 513 352.848582329       0.02      0.89     -0.41  0.        3751.931        932.466       5598.180    0.000  -0.138   0.380   0.
  2017 352 20 21 58 513 352.848593903      -0.15      0.98     -0.33  0.        3751.193        934.198       5599.766    0.000  -0.138   0.380   0.
  2017 352 20 21 59 513 352.848605477      -0.06      0.98     -0.41  0.        3750.454        935.931       5601.351    0.000  -0.138   0.380   0.
  2017 352 20 22  0 513 352.848617052       0.11      1.00     -0.44  0.        3749.715        937.663       5602.935    0.000  -0.138   0.380   0.
  2017 352 20 22  1 513 352.848628626       0.29      0.95     -0.43  0.        3748.975        939.395       5604.519    0.000  -0.138   0.380   0.
  2017 352 20 22  2 513 352.848640200       0.25      1.04     -0.55  0.        3748.235        941.127       5606.101    0.000  -0.138   0.380   0.
  2017 352 20 22  3 513 352.848651774       0.16      1.10     -0.68  0.        3747.494        942.859       5607.683    0.000  -0.138   0.380   0.
  2017 352 20 22  4 513 352.848663348       0.03      1.02     -0.64  0.        3746.752        944.591       5609.264    0.000  -0.138   0.380   0.
  2017 352 20 22  5 513 352.848674922      -0.01      0.93     -0.54  0.        3746.010        946.322       5610.845    0.000  -0.138   0.380   0.
  2017 352 20 22  6 513 352.848686496      -0.04      0.95     -0.52  0.        3745.268        948.054       5612.424    0.000  -0.138   0.380   0.
  2017 352 20 22  7 513 352.848698070      -0.06      0.96     -0.53  0.        3744.525        949.785       5614.003    0.000  -0.138   0.380   0.
  2017 352 20 22  8 513 352.848709644      -0.02      0.97     -0.49  0.        3743.782        951.516       5615.581    0.000  -0.138   0.380   0.
  2017 352 20 22  9 513 352.848721218       0.07      1.02     -0.43  0.        3743.038        953.247       5617.159    0.000  -0.138   0.380   0.
  2017 352 20 22 10 513 352.848732792       0.05      1.10     -0.38  0.        3742.293        954.978       5618.735    0.000  -0.138   0.380   0.
  2017 352 20 22 11 513 352.848744366      -0.08      1.11     -0.46  0.        3741.548        956.709       5620.311    0.000  -0.138   0.380   0.
  2017 352 20 22 12 513 352.848755940      -0.25      1.10     -0.63  0.        3740.803        958.440       5621.886    0.000  -0.138   0.380   0.
  2017 352 20 22 13 513 352.848767514      -0.07      1.12     -0.50  0.        3740.057        960.170       5623.461    0.000  -0.138   0.380   0.
  2017 352 20 22 14 513 352.848779089       0.29      1.03     -0.35  0.        3739.311        961.901       5625.034    0.000  -0.138   0.380   0.
  2017 352 20 22 15 513 352.848790663       0.31      0.96     -0.48  0.        3738.564        963.631       5626.607    0.000  -0.138   0.380   0.
  2017 352 20 22 16 513 352.848802237       0.22      1.05     -0.55  0.        3737.816        965.361       5628.179    0.000  -0.138   0.380   0.
  2017 352 20 22 17 513 352.848813810       0.42      1.18     -0.52  0.        3737.068        967.091       5629.750    0.000  -0.138   0.380   0.
  2017 352 20 22 18 513 352.848825382       0.42      1.17     -0.67  0.        3736.320        968.821       5631.321    0.000  -0.138   0.380   0.
  2017 352 20 22 19 512 352.848836956       0.20      1.06     -0.88  0.        3735.571        970.551       5632.891    0.000  -0.138   0.380   0.
  2017 352 20 22 20 512 352.848848530      -0.09      0.98     -0.98  0.        3734.821        972.281       5634.459    0.000  -0.138   0.380   0.
  2017 352 20 22 21 512 352.848860104      -0.18      1.04     -0.83  0.        3734.071        974.010       5636.028    0.000  -0.138   0.380   0.
  2017 352 20 22 22 512 352.848871678      -0.12      1.06     -0.60  0.        3733.321        975.740       5637.595    0.000  -0.138   0.380   0.
  2017 352 20 22 23 512 352.848883252      -0.30      1.19     -0.65  0.        3732.570        977.469       5639.162    0.000  -0.138   0.380   0.
  2017 352 20 22 24 513 352.848894826      -0.48      1.23     -0.49  0.        3731.818        979.198       5640.728    0.000  -0.138   0.380   0.
  2017 352 20 22 25 513 352.848906400      -0.46      1.14     -0.34  0.        3731.066        980.927       5642.293    0.000  -0.138   0.380   0.
  2017 352 20 22 26 512 352.848917975      -0.53      1.17     -0.32  0.        3730.314        982.656       5643.858    0.000  -0.138   0.380   0.
  2017 352 20 22 27 512 352.848929549      -0.58      1.19     -0.42  0.        3729.561        984.385       5645.422    0.000  -0.138   0.380   0.
  2017 352 20 22 28 513 352.848941123      -0.45      1.09     -0.21  0.        3728.808        986.113       5646.985    0.000  -0.138   0.380   0.
  2017 352 20 22 29 513 352.848952697       0.03      0.95     -0.03  0.        3728.054        987.842       5648.547    0.000  -0.138   0.380   0.
  2017 352 20 22 30 513 352.848964271       0.19      0.93     -0.13  0.        3727.299        989.570       5650.108    0.000  -0.138   0.380   0.
  2017 352 20 22 31 513 352.848975845       0.49      1.02     -0.24  0.        3726.544        991.298       5651.669    0.000  -0.138   0.380   0.
  2017 352 20 22 32 513 352.848987419       0.49      1.00     -0.13  0.        3725.789        993.026       5653.229    0.000  -0.138   0.380   0.
  2017 352 20 22 33 512 352.848998993       0.29      0.78     -0.27  0.        3725.033        994.754       5654.788    0.000  -0.138   0.380   0.
  2017 352 20 22 34 512 352.849010567       0.48      0.73     -0.21  0.        3724.276        996.482       5656.347    0.000  -0.138   0.380   0.
  2017 352 20 22 35 512 352.849022141       0.35      0.86     -0.27  0.        3723.520        998.210       5657.904    0.000  -0.138   0.380   0.
  2017 352 20 22 36 512 352.849033715       0.30      0.88     -0.26  0.        3722.762        999.937       5659.461    0.000  -0.138   0.380   0.
  2017 352 20 22 37 513 352.849045289       0.08      0.86     -0.25  0.        3722.004       1001.665       5661.017    0.000  -0.138   0.380   0.
  2017 352 20 22 38 513 352.849056863      -0.09      0.88     -0.20  0.        3721.246       1003.392       5662.573    0.000  -0.138   0.380   0.
  2017 352 20 22 39 513 352.849068438      -0.09      0.86     -0.17  0.        3720.487       1005.119       5664.127    0.000  -0.138   0.380   0.
  2017 352 20 22 40 512 352.849080012       0.09      0.83     -0.16  0.        3719.727       1006.846       5665.681    0.000  -0.138   0.380   0.
  2017 352 20 22 41 512 352.849091586       0.18      0.79     -0.27  0.        3718.968       1008.573       5667.235    0.000  -0.138   0.380   0.
  2017 352 20 22 42 513 352.849103160       0.24      0.80     -0.34  0.        3718.207       1010.300       5668.787    0.000  -0.138   0.380   0.
  2017 352 20 22 43 513 352.849114734       0.28      0.77     -0.38  0.        3717.446       1012.027       5670.339    0.000  -0.138   0.380   0.
  2017 352 20 22 44 513 352.849126308       0.41      0.77     -0.40  0.        3716.685       1013.753       5671.889    0.000  -0.138   0.380   0.
  2017 352 20 22 45 513 352.849137882       0.45      0.78     -0.36  0.        3715.923       1015.479       5673.440    0.000  -0.138   0.380   0.
  2017 352 20 22 46 512 352.849149456       0.44      0.79     -0.38  0.        3715.161       1017.206       5674.989    0.000  -0.138   0.380   0.
  2017 352 20 22 47 512 352.849161030       0.07      0.92     -0.28  0.        3714.398       1018.932       5676.538    0.000  -0.138   0.380   0.
  2017 352 20 22 48 512 352.849172604       0.01      1.04     -0.15  0.        3713.634       1020.658       5678.086    0.000  -0.138   0.380   0.
  2017 352 20 22 49 512 352.849184177       0.25      1.01     -0.03  0.        3712.871       1022.384       5679.633    0.000  -0.138   0.380   0.
  2017 352 20 22 50 512 352.849195749       0.06      0.89     -0.26  0.        3712.106       1024.109       5681.179    0.000  -0.138   0.380   0.
  2017 352 20 22 51 512 352.849207323      -0.14      0.89     -0.37  0.        3711.341       1025.835       5682.725    0.000  -0.138   0.380   0.
  2017 352 20 22 52 512 352.849218898      -0.07      0.91     -0.33  0.        3710.576       1027.560       5684.270    0.000  -0.138   0.380   0.
  2017 352 20 22 53 512 352.849230472       0.16      0.94     -0.24  0.        3709.810       1029.285       5685.814    0.000  -0.138   0.380   0.
  2017 352 20 22 54 512 352.849242046       0.15      0.87     -0.23  0.        3709.044       1031.011       5687.357    0.000  -0.138   0.380   0.
  2017 352 20 22 55 512 352.849253620       0.07      0.84     -0.23  0.        3708.277       1032.736       5688.900    0.000  -0.138   0.380   0.
  2017 352 20 22 56 512 352.849265194       0.17      0.86     -0.24  0.        3707.510       1034.460       5690.442    0.000  -0.138   0.380   0.
  2017 352 20 22 57 512 352.849276768       0.19      0.89     -0.25  0.        3706.742       1036.185       5691.983    0.000  -0.138   0.380   0.
  2017 352 20 22 58 512 352.849288342       0.19      0.87     -0.34  0.        3705.974       1037.910       5693.523    0.000  -0.138   0.380   0.
  2017 352 20 22 59 512 352.849299916       0.19      0.88     -0.41  0.        3705.205       1039.634       5695.063    0.000  -0.138   0.380   0.
  2017 352 20 23  0 512 352.849311490       0.09      0.87     -0.48  0.        3704.436       1041.359       5696.602    0.000  -0.138   0.380   0.
  2017 352 20 23  1 512 352.849323064       0.04      0.82     -0.54  0.        3703.666       1043.083       5698.140    0.000  -0.138   0.380   0.
  2017 352 20 23  2 512 352.849334638       0.03      0.83     -0.54  0.        3702.896       1044.807       5699.677    0.000  -0.138   0.380   0.
  2017 352 20 23  3 512 352.849346212       0.03      0.87     -0.53  0.        3702.125       1046.531       5701.214    0.000  -0.138   0.380   0.
  2017 352 20 23  4 512 352.849357786       0.05      0.91     -0.42  0.        3701.354       1048.254       5702.750    0.000  -0.138   0.380   0.
  2017 352 20 23  5 512 352.849369361      -0.02      0.97     -0.41  0.        3700.582       1049.978       5704.285    0.000  -0.138   0.380   0.
  2017 352 20 23  6 512 352.849380935      -0.02      0.94     -0.41  0.        3699.810       1051.702       5705.819    0.000  -0.138   0.380   0.
  2017 352 20 23  7 512 352.849392509       0.21      0.98     -0.42  0.        3699.038       1053.425       5707.353    0.000  -0.138   0.380   0.
  2017 352 20 23  8 512 352.849404083       0.20      1.02     -0.34  0.        3698.264       1055.148       5708.886    0.000  -0.138   0.380   0.
  2017 352 20 23  9 512 352.849415657       0.21      0.99     -0.45  0.        3697.491       1056.871       5710.418    0.000  -0.138   0.380   0.
  2017 352 20 23 10 512 352.849427231      -0.06      0.97     -0.65  0.        3696.717       1058.594       5711.949    0.000  -0.138   0.380   0.
  2017 352 20 23 11 512 352.849438805      -0.29      1.01     -0.56  0.        3695.942       1060.317       5713.480    0.000  -0.138   0.380   0.
  2017 352 20 23 12 512 352.849450379       0.33      1.04     -0.63  0.        3695.167       1062.040       5715.010    0.000  -0.138   0.380   0.
  2017 352 20 23 13 512 352.849461953       0.60      0.84     -0.50  0.        3694.392       1063.762       5716.539    0.000  -0.138   0.380   0.
  2017 352 20 23 14 512 352.849473527       0.54      0.73     -0.45  0.        3693.616       1065.485       5718.067    0.000  -0.138   0.380   0.
  2017 352 20 23 15 512 352.849485101       0.41      0.67     -0.50  0.        3692.839       1067.207       5719.595    0.000  -0.138   0.380   0.
  2017 352 20 23 16 512 352.849496675       0.22      0.70     -0.46  0.        3692.062       1068.929       5721.122    0.000  -0.138   0.380   0.
  2017 352 20 23 17 512 352.849508249       0.30      0.75     -0.48  0.        3691.285       1070.651       5722.648    0.000  -0.138   0.380   0.
  2017 352 20 23 18 512 352.849519821       0.30      0.56     -0.51  0.        3690.507       1072.373       5724.173    0.000  -0.138   0.380   0.
  2017 352 20 23 19 512 352.849531395       0.35      0.60     -0.48  0.        3689.728       1074.095       5725.698    0.000  -0.138   0.380   0.
  2017 352 20 23 20 512 352.849542969       0.38      0.58     -0.60  0.        3688.949       1075.816       5727.222    0.000  -0.138   0.380   0.
  2017 352 20 23 21 512 352.849554543       0.41      0.60     -0.51  0.        3688.170       1077.538       5728.745    0.000  -0.138   0.380   0.
  2017 352 20 23 22 512 352.849566117       0.29      0.63     -0.48  0.        3687.390       1079.259       5730.268    0.000  -0.138   0.380   0.
  2017 352 20 23 23 512 352.849577691       0.25      0.68     -0.48  0.        3686.610       1080.980       5731.789    0.000  -0.138   0.380   0.
  2017 352 20 23 24 512 352.849589265       0.29      0.76     -0.49  0.        3685.829       1082.701       5733.310    0.000  -0.138   0.380   0.
  2017 352 20 23 25 512 352.849600839       0.31      0.85     -0.53  0.        3685.048       1084.422       5734.830    0.000  -0.138   0.380   0.
  2017 352 20 23 26 512 352.849612413       0.36      0.88     -0.58  0.        3684.266       1086.143       5736.350    0.000  -0.138   0.380   0.
  2017 352 20 23 27 512 352.849623987       0.49      0.92     -0.60  0.        3683.484       1087.863       5737.868    0.000  -0.138   0.380   0.
  2017 352 20 23 28 512 352.849635561       0.57      0.95     -0.60  0.        3682.701       1089.584       5739.386    0.000  -0.138   0.380   0.
  2017 352 20 23 29 512 352.849647135       0.55      0.97     -0.67  0.        3681.918       1091.304       5740.904    0.000  -0.138   0.380   0.
  2017 352 20 23 30 512 352.849658709       0.51      0.96     -0.69  0.        3681.134       1093.024       5742.420    0.000  -0.138   0.380   0.
  2017 352 20 23 31 512 352.849670284       0.30      0.94     -0.78  0.        3680.350       1094.744       5743.936    0.000  -0.138   0.380   0.
  2017 352 20 23 32 512 352.849681858      -0.03      0.86     -0.89  0.        3679.565       1096.464       5745.451    0.000  -0.138   0.380   0.
  2017 352 20 23 33 512 352.849693432      -0.44      0.82     -0.76  0.        3678.780       1098.184       5746.965    0.000  -0.138   0.380   0.
  2017 352 20 23 34 512 352.849705006      -0.37      0.86     -0.43  0.        3677.994       1099.903       5748.478    0.000  -0.138   0.380   0.
  2017 352 20 23 35 512 352.849716580       0.28      1.08      0.01  0.        3677.208       1101.623       5749.991    0.000  -0.138   0.380   0.
  2017 352 20 23 36 512 352.849728154       1.50      1.48      0.05  0.        3676.422       1103.342       5751.503    0.000  -0.138   0.380   0.
  2017 352 20 23 37 512 352.849739728       2.17      1.41     -0.21  0.        3675.635       1105.061       5753.014    0.000  -0.138   0.380   0.
  2017 352 20 23 38 512 352.849751302       1.82      1.34     -0.55  0.        3674.847       1106.780       5754.525    0.000  -0.138   0.380   0.
  2017 352 20 23 39 512 352.849762876       0.30      0.91     -0.98  0.        3674.059       1108.499       5756.035    0.000  -0.138   0.380   0.
  2017 352 20 23 40 512 352.849774450      -0.39      0.73     -0.89  0.        3673.271       1110.218       5757.544    0.000  -0.138   0.380   0.
  2017 352 20 23 41 512 352.849786024       0.03      0.84     -0.65  0.        3672.482       1111.936       5759.052    0.000  -0.138   0.380   0.
  2017 352 20 23 42 512 352.849797598       1.33      1.19     -0.27  0.        3671.692       1113.655       5760.559    0.000  -0.138   0.380   0.
  2017 352 20 23 43 512 352.849809172       2.90      1.82     -0.55  0.        3670.903       1115.373       5762.066    0.000  -0.138   0.380   0.
  2017 352 20 23 44 512 352.849820746       2.24      1.80     -1.57  0.        3670.112       1117.091       5763.572    0.000  -0.138   0.380   0.
  2017 352 20 23 45 512 352.849832321      -0.76      0.51     -0.91  0.        3669.321       1118.809       5765.077    0.000  -0.138   0.380   0.
  2017 352 20 23 46 512 352.849843895      -0.76      1.12     -0.20  0.        3668.530       1120.527       5766.582    0.000  -0.138   0.380   0.
  2017 352 20 23 47 512 352.849855468       0.77      1.28     -0.08  0.        3667.738       1122.245       5768.085    0.000  -0.138   0.380   0.
  2017 352 20 23 48 512 352.849867040       0.94      1.07     -0.24  0.        3666.946       1123.963       5769.589    0.000  -0.138   0.380   0.
  2017 352 20 23 49 512 352.849878614       0.92      1.07     -0.56  0.        3666.153       1125.680       5771.091    0.000  -0.138   0.380   0.
  2017 352 20 23 50 512 352.849890188       0.86      1.06     -0.42  0.        3665.360       1127.397       5772.593    0.000  -0.138   0.380   0.
  2017 352 20 23 51 512 352.849901762       0.84      1.20     -0.38  0.        3664.567       1129.114       5774.094    0.000  -0.138   0.380   0.
  2017 352 20 23 52 512 352.849913336       0.93      1.21     -0.57  0.        3663.772       1130.831       5775.594    0.000  -0.138   0.380   0.
  2017 352 20 23 53 512 352.849924910       0.73      1.19     -0.65  0.        3662.978       1132.548       5777.093    0.000  -0.138   0.380   0.
  2017 352 20 23 54 512 352.849936484       0.36      1.09     -0.56  0.        3662.183       1134.265       5778.592    0.000  -0.138   0.380   0.
  2017 352 20 23 55 512 352.849948058       0.27      0.97     -0.54  0.        3661.387       1135.982       5780.089    0.000  -0.138   0.380   0.
  2017 352 20 23 56 512 352.849959633       0.11      0.97     -0.53  0.        3660.591       1137.698       5781.587    0.000  -0.138   0.380   0.
  2017 352 20 23 57 512 352.849971207       0.11      1.03     -0.52  0.        3659.795       1139.414       5783.083    0.000  -0.138   0.380   0.
  2017 352 20 23 58 512 352.849982781       0.26      1.03     -0.50  0.        3658.998       1141.130       5784.579    0.000  -0.138   0.380   0.
  2017 352 20 23 59 512 352.849994355       0.30      1.04     -0.57  0.        3658.200       1142.846       5786.073    0.000  -0.138   0.380   0.
  2017 352 20 24  0 512 352.850005929       0.27      1.03     -0.51  0.        3657.403       1144.562       5787.568    0.000  -0.138   0.380   0.
  2017 352 20 24  1 512 352.850017503       0.22      1.00     -0.51  0.        3656.604       1146.278       5789.061    0.000  -0.138   0.380   0.
  2017 352 20 24  2 512 352.850029077       0.06      1.05     -0.51  0.        3655.805       1147.994       5790.554    0.000  -0.138   0.380   0.
  2017 352 20 24  3 512 352.850040651      -0.09      1.12     -0.46  0.        3655.006       1149.709       5792.046    0.000  -0.138   0.380   0.
  2017 352 20 24  4 512 352.850052225      -0.24      1.15     -0.33  0.        3654.207       1151.424       5793.537    0.000  -0.138   0.380   0.
  2017 352 20 24  5 512 352.850063799      -0.20      1.13     -0.32  0.        3653.406       1153.139       5795.027    0.000  -0.138   0.380   0.
  2017 352 20 24  6 512 352.850075373      -0.10      1.09     -0.33  0.        3652.605       1154.854       5796.517    0.000  -0.138   0.380   0.
  2017 352 20 24  7 512 352.850086947      -0.05      1.05     -0.46  0.        3651.804       1156.569       5798.006    0.000  -0.138   0.380   0.
  2017 352 20 24  8 512 352.850098521      -0.04      1.00     -0.54  0.        3651.003       1158.284       5799.494    0.000  -0.138   0.380   0.
  2017 352 20 24  9 512 352.850110095      -0.04      0.95     -0.55  0.        3650.201       1159.998       5800.982    0.000  -0.138   0.380   0.
  2017 352 20 24 10 512 352.850121670      -0.11      0.99     -0.62  0.        3649.398       1161.713       5802.469    0.000  -0.138   0.380   0.
  2017 352 20 24 11 512 352.850133244      -0.28      1.07     -0.72  0.        3648.595       1163.427       5803.955    0.000  -0.138   0.380   0.
  2017 352 20 24 12 512 352.850144818      -0.80      1.14     -0.81  0.        3647.792       1165.141       5805.440    0.000  -0.138   0.380   0.
  2017 352 20 24 13 512 352.850156392      -0.83      1.09     -0.70  0.        3646.988       1166.855       5806.924    0.000  -0.138   0.380   0.
  2017 352 20 24 14 512 352.850167966      -0.56      1.04     -0.57  0.        3646.183       1168.569       5808.408    0.000  -0.138   0.380   0.
  2017 352 20 24 15 512 352.850179540      -0.09      1.11     -0.53  0.        3645.379       1170.282       5809.891    0.000  -0.138   0.380   0.
  2017 352 20 24 16 512 352.850191114       0.04      1.16     -0.65  0.        3644.573       1171.996       5811.374    0.000  -0.138   0.380   0.
  2017 352 20 24 17 511 352.850202687       0.19      1.05     -0.58  0.        3643.767       1173.709       5812.855    0.000  -0.138   0.380   0.
  2017 352 20 24 18 511 352.850214259       0.53      1.08     -0.45  0.        3642.961       1175.422       5814.336    0.000  -0.138   0.380   0.
  2017 352 20 24 19 511 352.850225833       0.49      1.10     -0.42  0.        3642.155       1177.136       5815.816    0.000  -0.138   0.380   0.
  2017 352 20 24 20 512 352.850237407       0.40      1.03     -0.42  0.        3641.347       1178.848       5817.296    0.000  -0.138   0.380   0.
  2017 352 20 24 21 512 352.850248981       0.43      1.07     -0.43  0.        3640.540       1180.561       5818.774    0.000  -0.138   0.380   0.
  2017 352 20 24 22 511 352.850260556       0.43      1.01     -0.46  0.        3639.732       1182.274       5820.252    0.000  -0.138   0.380   0.
  2017 352 20 24 23 511 352.850272130       0.44      0.96     -0.44  0.        3638.923       1183.986       5821.729    0.000  -0.138   0.380   0.
  2017 352 20 24 24 512 352.850283704       0.35      0.96     -0.49  0.        3638.114       1185.698       5823.206    0.000  -0.138   0.380   0.
  2017 352 20 24 25 512 352.850295278       0.36      1.01     -0.47  0.        3637.305       1187.411       5824.681    0.000  -0.138   0.380   0.
  2017 352 20 24 26 512 352.850306852       0.30      1.10     -0.49  0.        3636.495       1189.123       5826.156    0.000  -0.138   0.380   0.
  2017 352 20 24 27 512 352.850318426       0.35      1.19     -0.44  0.        3635.684       1190.835       5827.631    0.000  -0.138   0.380   0.
  2017 352 20 24 28 511 352.850330000       0.37      1.17     -0.45  0.        3634.874       1192.546       5829.104    0.000  -0.138   0.380   0.
  2017 352 20 24 29 511 352.850341574       0.41      1.19     -0.49  0.        3634.062       1194.258       5830.577    0.000  -0.138   0.380   0.
  2017 352 20 24 30 511 352.850353148       0.43      1.19     -0.54  0.        3633.251       1195.969       5832.049    0.000  -0.138   0.380   0.
  2017 352 20 24 31 511 352.850364722       0.38      1.14     -0.54  0.        3632.438       1197.680       5833.520    0.000  -0.138   0.380   0.
  2017 352 20 24 32 511 352.850376296       0.35      1.04     -0.60  0.        3631.626       1199.392       5834.991    0.000  -0.138   0.380   0.
  2017 352 20 24 33 512 352.850387870       0.29      1.00     -0.63  0.        3630.812       1201.103       5836.461    0.000  -0.138   0.380   0.
  2017 352 20 24 34 512 352.850399444       0.29      1.04     -0.59  0.        3629.999       1202.813       5837.930    0.000  -0.138   0.380   0.
  2017 352 20 24 35 511 352.850411018       0.27      1.02     -0.68  0.        3629.185       1204.524       5839.398    0.000  -0.138   0.380   0.
  2017 352 20 24 36 511 352.850422593       0.15      1.08     -0.85  0.        3628.370       1206.234       5840.866    0.000  -0.138   0.380   0.
  2017 352 20 24 37 512 352.850434167      -0.18      1.29     -1.03  0.        3627.555       1207.945       5842.332    0.000  -0.138   0.380   0.
  2017 352 20 24 38 512 352.850445741      -0.70      1.63     -0.96  0.        3626.740       1209.655       5843.799    0.000  -0.138   0.380   0.
  2017 352 20 24 39 512 352.850457315      -0.79      1.56     -0.28  0.        3625.924       1211.365       5845.264    0.000  -0.138   0.380   0.
  2017 352 20 24 40 512 352.850468889       0.00      1.32      0.17  0.        3625.108       1213.075       5846.729    0.000  -0.138   0.380   0.
  2017 352 20 24 41 512 352.850480463       1.00      1.09      0.19  0.        3624.291       1214.785       5848.193    0.000  -0.138   0.380   0.
  2017 352 20 24 42 511 352.850492037       1.28      1.02     -0.01  0.        3623.474       1216.494       5849.656    0.000  -0.138   0.380   0.
  2017 352 20 24 43 511 352.850503611       1.20      0.99     -0.20  0.        3622.656       1218.204       5851.118    0.000  -0.138   0.380   0.
  2017 352 20 24 44 511 352.850515185       0.97      0.87     -0.42  0.        3621.838       1219.913       5852.580    0.000  -0.138   0.380   0.
  2017 352 20 24 45 511 352.850526759       0.72      0.77     -0.73  0.        3621.019       1221.622       5854.041    0.000  -0.138   0.380   0.
  2017 352 20 24 46 511 352.850538333       0.18      0.84     -0.87  0.        3620.200       1223.331       5855.501    0.000  -0.138   0.380   0.
  2017 352 20 24 47 512 352.850549907      -0.30      0.91     -0.98  0.        3619.381       1225.040       5856.961    0.000  -0.138   0.380   0.
  2017 352 20 24 48 511 352.850561479      -0.44      0.99     -0.93  0.        3618.561       1226.749       5858.420    0.000  -0.138   0.380   0.
  2017 352 20 24 49 511 352.850573053      -0.21      1.03     -0.63  0.        3617.741       1228.457       5859.878    0.000  -0.138   0.380   0.
  2017 352 20 24 50 511 352.850584627      -0.07      1.01     -0.58  0.        3616.920       1230.166       5861.335    0.000  -0.138   0.380   0.
  2017 352 20 24 51 511 352.850596201      -0.07      0.98     -0.60  0.        3616.098       1231.874       5862.792    0.000  -0.138   0.380   0.
  2017 352 20 24 52 511 352.850607775      -0.02      0.95     -0.68  0.        3615.277       1233.582       5864.248    0.000  -0.138   0.380   0.
  2017 352 20 24 53 511 352.850619349      -0.04      0.99     -0.72  0.        3614.455       1235.290       5865.703    0.000  -0.138   0.380   0.
  2017 352 20 24 54 511 352.850630923       0.03      0.98     -0.67  0.        3613.632       1236.998       5867.157    0.000  -0.138   0.380   0.
  2017 352 20 24 55 511 352.850642497       0.10      0.96     -0.66  0.        3612.809       1238.705       5868.611    0.000  -0.138   0.380   0.
  2017 352 20 24 56 511 352.850654071       0.10      0.92     -0.62  0.        3611.985       1240.413       5870.064    0.000  -0.138   0.380   0.
  2017 352 20 24 57 511 352.850665645       0.06      0.90     -0.68  0.        3611.161       1242.120       5871.516    0.000  -0.138   0.380   0.
  2017 352 20 24 58 511 352.850677219       0.02      0.96     -0.74  0.        3610.337       1243.827       5872.968    0.000  -0.138   0.380   0.
  2017 352 20 24 59 511 352.850688793      -0.04      1.00     -0.77  0.        3609.512       1245.534       5874.418    0.000  -0.138   0.380   0.
  2017 352 20 25  0 511 352.850700367      -0.39      1.10     -0.74  0.        3608.687       1247.241       5875.868    0.000  -0.138   0.380   0.
  2017 352 20 25  1 511 352.850711942      -0.46      1.16     -0.75  0.        3607.861       1248.947       5877.318    0.000  -0.138   0.380   0.
  2017 352 20 25  2 511 352.850723516      -0.37      1.15     -0.70  0.        3607.035       1250.654       5878.766    0.000  -0.138   0.380   0.
  2017 352 20 25  3 511 352.850735090      -0.26      1.16     -0.63  0.        3606.208       1252.360       5880.214    0.000  -0.138   0.380   0.
  2017 352 20 25  4 511 352.850746664       0.04      1.18     -0.47  0.        3605.381       1254.067       5881.661    0.000  -0.138   0.380   0.
  2017 352 20 25  5 511 352.850758238       0.20      1.15     -0.42  0.        3604.553       1255.773       5883.107    0.000  -0.138   0.380   0.
  2017 352 20 25  6 511 352.850769812       0.22      1.06     -0.42  0.        3603.725       1257.479       5884.553    0.000  -0.138   0.380   0.
  2017 352 20 25  7 511 352.850781386       0.25      1.05     -0.44  0.        3602.897       1259.184       5885.998    0.000  -0.138   0.380   0.
  2017 352 20 25  8 511 352.850792960       0.26      1.03     -0.40  0.        3602.068       1260.890       5887.442    0.000  -0.138   0.380   0.
  2017 352 20 25  9 511 352.850804534       0.37      1.08     -0.42  0.        3601.238       1262.595       5888.886    0.000  -0.138   0.380   0.
  2017 352 20 25 10 511 352.850816108       0.32      1.12     -0.47  0.        3600.409       1264.301       5890.328    0.000  -0.138   0.380   0.
  2017 352 20 25 11 511 352.850827682       0.31      1.09     -0.53  0.        3599.578       1266.006       5891.770    0.000  -0.138   0.380   0.
  2017 352 20 25 12 511 352.850839256       0.09      0.99     -0.58  0.        3598.748       1267.711       5893.212    0.000  -0.138   0.380   0.
  2017 352 20 25 13 511 352.850850830       0.07      0.99     -0.53  0.        3597.916       1269.416       5894.652    0.000  -0.138   0.380   0.
  2017 352 20 25 14 511 352.850862404       0.08      1.06     -0.33  0.        3597.085       1271.120       5896.092    0.000  -0.138   0.380   0.
  2017 352 20 25 15 511 352.850873979       0.25      1.11     -0.12  0.        3596.253       1272.825       5897.531    0.000  -0.138   0.380   0.
  2017 352 20 25 16 511 352.850885553       0.12      1.10     -0.20  0.        3595.420       1274.529       5898.970    0.000  -0.138   0.380   0.
  2017 352 20 25 17 511 352.850897126      -0.12      1.06     -0.29  0.        3594.587       1276.233       5900.407    0.000  -0.138   0.380   0.
  2017 352 20 25 18 511 352.850908698      -0.26      1.07     -0.20  0.        3593.754       1277.937       5901.844    0.000  -0.138   0.380   0.
  2017 352 20 25 19 511 352.850920272      -0.15      1.24     -0.05  0.        3592.920       1279.641       5903.280    0.000  -0.138   0.380   0.
  2017 352 20 25 20 511 352.850931846       0.01      1.25     -0.13  0.        3592.086       1281.345       5904.716    0.000  -0.138   0.380   0.
  2017 352 20 25 21 511 352.850943420      -0.08      1.17     -0.27  0.        3591.251       1283.048       5906.150    0.000  -0.138   0.380   0.
  2017 352 20 25 22 511 352.850954994      -0.21      1.17     -0.34  0.        3590.416       1284.752       5907.584    0.000  -0.138   0.380   0.
  2017 352 20 25 23 511 352.850966568      -0.19      1.17     -0.27  0.        3589.581       1286.455       5909.018    0.000  -0.138   0.380   0.
  2017 352 20 25 24 511 352.850978142      -0.07      1.20     -0.16  0.        3588.745       1288.158       5910.450    0.000  -0.138   0.380   0.
  2017 352 20 25 25 511 352.850989716       0.18      1.15     -0.19  0.        3587.908       1289.861       5911.882    0.000  -0.138   0.380   0.
  2017 352 20 25 26 511 352.851001290       0.29      1.21     -0.18  0.        3587.071       1291.564       5913.313    0.000  -0.138   0.380   0.
  2017 352 20 25 27 511 352.851012865       0.23      1.21     -0.17  0.        3586.234       1293.266       5914.743    0.000  -0.138   0.380   0.
  2017 352 20 25 28 511 352.851024439       0.26      1.29     -0.15  0.        3585.396       1294.969       5916.173    0.000  -0.138   0.380   0.
  2017 352 20 25 29 511 352.851036013       0.14      1.29     -0.17  0.        3584.558       1296.671       5917.602    0.000  -0.138   0.380   0.
  2017 352 20 25 30 511 352.851047587       0.10      1.17     -0.21  0.        3583.719       1298.373       5919.030    0.000  -0.138   0.380   0.
  2017 352 20 25 31 511 352.851059161      -0.11      1.19     -0.23  0.        3582.880       1300.075       5920.458    0.000  -0.138   0.380   0.
  2017 352 20 25 32 511 352.851070735      -0.00      1.44     -0.23  0.        3582.041       1301.777       5921.884    0.000  -0.138   0.380   0.
  2017 352 20 25 33 511 352.851082309      -0.24      1.26     -0.43  0.        3581.201       1303.479       5923.310    0.000  -0.138   0.380   0.
  2017 352 20 25 34 511 352.851093883      -0.06      1.11     -0.48  0.        3580.360       1305.180       5924.736    0.000  -0.138   0.380   0.
  2017 352 20 25 35 511 352.851105457       0.16      1.12     -0.67  0.        3579.519       1306.882       5926.160    0.000  -0.138   0.380   0.
  2017 352 20 25 36 511 352.851117031       0.24      1.08     -0.74  0.        3578.678       1308.583       5927.584    0.000  -0.138   0.380   0.
  2017 352 20 25 37 511 352.851128605       0.26      1.03     -0.68  0.        3577.836       1310.284       5929.007    0.000  -0.138   0.380   0.
  2017 352 20 25 38 511 352.851140179       0.14      1.12     -0.53  0.        3576.994       1311.985       5930.429    0.000  -0.138   0.380   0.
  2017 352 20 25 39 511 352.851151754       0.11      1.17     -0.44  0.        3576.152       1313.685       5931.851    0.000  -0.138   0.380   0.
  2017 352 20 25 40 511 352.851163327       0.13      1.13     -0.40  0.        3575.309       1315.386       5933.272    0.000  -0.138   0.380   0.
  2017 352 20 25 41 511 352.851174902       0.21      1.09     -0.49  0.        3574.465       1317.086       5934.692    0.000  -0.138   0.380   0.
  2017 352 20 25 42 511 352.851186476       0.19      1.10     -0.57  0.        3573.621       1318.786       5936.112    0.000  -0.138   0.380   0.
  2017 352 20 25 43 511 352.851198050      -0.01      1.14     -0.50  0.        3572.777       1320.486       5937.530    0.000  -0.138   0.380   0.
  2017 352 20 25 44 511 352.851209624       0.01      1.17     -0.43  0.        3571.932       1322.186       5938.949    0.000  -0.138   0.380   0.
  2017 352 20 25 45 511 352.851221197       0.01      1.15     -0.41  0.        3571.087       1323.886       5940.366    0.000  -0.138   0.380   0.
  2017 352 20 25 46 511 352.851232769       0.05      1.18     -0.48  0.        3570.241       1325.586       5941.782    0.000  -0.138   0.380   0.
  2017 352 20 25 47 511 352.851244343      -0.22      1.16     -0.61  0.        3569.395       1327.285       5943.198    0.000  -0.138   0.380   0.
  2017 352 20 25 48 511 352.851255917      -0.17      1.17     -0.43  0.        3568.549       1328.984       5944.613    0.000  -0.138   0.380   0.
  2017 352 20 25 49 511 352.851267491      -0.05      1.16     -0.41  0.        3567.702       1330.684       5946.028    0.000  -0.138   0.380   0.
  2017 352 20 25 50 511 352.851279065      -0.01      1.09     -0.39  0.        3566.854       1332.382       5947.441    0.000  -0.138   0.380   0.
  2017 352 20 25 51 511 352.851290639      -0.08      1.06     -0.48  0.        3566.007       1334.081       5948.854    0.000  -0.138   0.380   0.
  2017 352 20 25 52 511 352.851302214      -0.13      1.12     -0.59  0.        3565.158       1335.780       5950.267    0.000  -0.138   0.380   0.
  2017 352 20 25 53 511 352.851313788      -0.35      1.10     -0.56  0.        3564.310       1337.478       5951.678    0.000  -0.138   0.380   0.
  2017 352 20 25 54 511 352.851325362      -0.41      1.11     -0.46  0.        3563.461       1339.177       5953.089    0.000  -0.138   0.380   0.
  2017 352 20 25 55 511 352.851336936      -0.39      1.19     -0.55  0.        3562.611       1340.875       5954.499    0.000  -0.138   0.380   0.
  2017 352 20 25 56 511 352.851348510      -0.41      1.18     -0.55  0.        3561.761       1342.573       5955.909    0.000  -0.138   0.380   0.
  2017 352 20 25 57 511 352.851360084      -0.49      1.12     -0.47  0.        3560.911       1344.270       5957.317    0.000  -0.138   0.380   0.
  2017 352 20 25 58 511 352.851371658      -0.20      1.21     -0.45  0.        3560.060       1345.968       5958.725    0.000  -0.138   0.380   0.
  2017 352 20 25 59 511 352.851383232       0.01      1.09     -0.43  0.        3559.209       1347.666       5960.132    0.000  -0.138   0.380   0.
  2017 352 20 26  0 511 352.851394806       0.05      0.97     -0.44  0.        3558.357       1349.363       5961.539    0.000  -0.138   0.380   0.
  2017 352 20 26  1 511 352.851406380       0.06      0.98     -0.50  0.        3557.505       1351.060       5962.945    0.000  -0.138   0.380   0.
  2017 352 20 26  2 511 352.851417954       0.10      1.00     -0.51  0.        3556.652       1352.757       5964.350    0.000  -0.138   0.380   0.
  2017 352 20 26  3 511 352.851429528       0.05      1.04     -0.48  0.        3555.799       1354.454       5965.754    0.000  -0.138   0.380   0.
  2017 352 20 26  4 511 352.851441102       0.04      1.05     -0.52  0.        3554.946       1356.151       5967.157    0.000  -0.138   0.380   0.
  2017 352 20 26  5 511 352.851452677      -0.02      1.05     -0.37  0.        3554.092       1357.847       5968.560    0.000  -0.138   0.380   0.
  2017 352 20 26  6 511 352.851464251      -0.18      1.08     -0.56  0.        3553.238       1359.543       5969.962    0.000  -0.138   0.380   0.
  2017 352 20 26  7 511 352.851475825      -0.34      1.04     -0.57  0.        3552.383       1361.240       5971.364    0.000  -0.138   0.380   0.
  2017 352 20 26  8 511 352.851487399      -0.46      1.02     -0.57  0.        3551.528       1362.935       5972.765    0.000  -0.138   0.380   0.
  2017 352 20 26  9 511 352.851498973      -0.17      1.11     -0.59  0.        3550.672       1364.632       5974.165    0.000  -0.138   0.380   0.
  2017 352 20 26 10 511 352.851510547      -0.29      1.17     -0.66  0.        3549.816       1366.327       5975.564    0.000  -0.138   0.380   0.
  2017 352 20 26 11 511 352.851522121      -0.14      1.13     -0.63  0.        3548.960       1368.022       5976.962    0.000  -0.138   0.380   0.
  2017 352 20 26 12 511 352.851533695      -0.18      1.07     -0.62  0.        3548.103       1369.718       5978.360    0.000  -0.138   0.380   0.
  2017 352 20 26 13 511 352.851545269      -0.03      1.19     -0.54  0.        3547.246       1371.413       5979.757    0.000  -0.138   0.380   0.
  2017 352 20 26 14 511 352.851556843       0.18      1.13     -0.36  0.        3546.388       1373.108       5981.154    0.000  -0.138   0.380   0.
  2017 352 20 26 15 510 352.851568416       0.32      1.06     -0.34  0.        3545.530       1374.803       5982.550    0.000  -0.138   0.380   0.
  2017 352 20 26 16 511 352.851579988       0.16      1.08     -0.43  0.        3544.672       1376.498       5983.944    0.000  -0.138   0.380   0.
  2017 352 20 26 17 511 352.851591563       0.11      1.08     -0.42  0.        3543.813       1378.192       5985.339    0.000  -0.138   0.380   0.
  2017 352 20 26 18 510 352.851603137       0.21      1.08     -0.40  0.        3542.953       1379.887       5986.732    0.000  -0.138   0.380   0.
  2017 352 20 26 19 511 352.851614711       0.21      1.10     -0.43  0.        3542.093       1381.581       5988.125    0.000  -0.138   0.380   0.
  2017 352 20 26 20 511 352.851626285       0.17      1.09     -0.45  0.        3541.233       1383.275       5989.517    0.000  -0.138   0.380   0.
  2017 352 20 26 21 511 352.851637859       0.10      1.10     -0.39  0.        3540.373       1384.969       5990.908    0.000  -0.138   0.380   0.
  2017 352 20 26 22 511 352.851649433       0.16      1.15     -0.29  0.        3539.512       1386.662       5992.299    0.000  -0.138   0.380   0.
  2017 352 20 26 23 511 352.851661007       0.37      1.16     -0.31  0.        3538.650       1388.356       5993.689    0.000  -0.138   0.380   0.
  2017 352 20 26 24 510 352.851672581       0.36      1.23     -0.34  0.        3537.788       1390.049       5995.078    0.000  -0.138   0.380   0.
  2017 352 20 26 25 510 352.851684155       0.24      1.19     -0.43  0.        3536.926       1391.743       5996.467    0.000  -0.138   0.380   0.
  2017 352 20 26 26 510 352.851695729       0.10      1.20     -0.44  0.        3536.063       1393.436       5997.855    0.000  -0.138   0.380   0.
  2017 352 20 26 27 510 352.851707303      -0.27      1.08     -0.28  0.        3535.200       1395.128       5999.242    0.000  -0.138   0.380   0.
  2017 352 20 26 28 510 352.851718877      -0.25      1.11     -0.08  0.        3534.336       1396.821       6000.628    0.000  -0.138   0.380   0.
  2017 352 20 26 29 511 352.851730451       0.44      1.17     -0.05  0.        3533.472       1398.514       6002.014    0.000  -0.138   0.380   0.
  2017 352 20 26 30 511 352.851742025       0.08      0.93     -0.48  0.        3532.608       1400.206       6003.399    0.000  -0.138   0.380   0.
  2017 352 20 26 31 510 352.851753600      -0.25      0.86     -0.52  0.        3531.743       1401.898       6004.783    0.000  -0.138   0.380   0.
  2017 352 20 26 32 510 352.851765174       0.52      1.12     -0.46  0.        3530.878       1403.590       6006.166    0.000  -0.138   0.380   0.
  2017 352 20 26 33 511 352.851776748       0.43      1.13     -0.52  0.        3530.012       1405.282       6007.549    0.000  -0.138   0.380   0.
  2017 352 20 26 34 511 352.851788322       0.33      1.11     -0.45  0.        3529.146       1406.974       6008.931    0.000  -0.138   0.380   0.
  2017 352 20 26 35 511 352.851799896       0.43      0.98     -0.56  0.        3528.279       1408.665       6010.312    0.000  -0.138   0.380   0.
  2017 352 20 26 36 511 352.851811470       0.53      0.90     -0.69  0.        3527.412       1410.357       6011.693    0.000  -0.138   0.380   0.
  2017 352 20 26 37 511 352.851823044       0.48      0.90     -0.67  0.        3526.545       1412.048       6013.073    0.000  -0.138   0.380   0.
  2017 352 20 26 38 510 352.851834618       0.36      0.92     -0.66  0.        3525.677       1413.739       6014.452    0.000  -0.138   0.380   0.
  2017 352 20 26 39 510 352.851846192       0.23      0.98     -0.62  0.        3524.809       1415.430       6015.831    0.000  -0.138   0.380   0.
  2017 352 20 26 40 510 352.851857766       0.13      0.97     -0.55  0.        3523.940       1417.121       6017.208    0.000  -0.138   0.380   0.
  2017 352 20 26 41 510 352.851869340       0.08      1.00     -0.47  0.        3523.071       1418.811       6018.585    0.000  -0.138   0.380   0.
  2017 352 20 26 42 510 352.851880914       0.15      1.04     -0.44  0.        3522.201       1420.502       6019.962    0.000  -0.138   0.380   0.
  2017 352 20 26 43 511 352.851892488       0.08      1.06     -0.39  0.        3521.332       1422.192       6021.337    0.000  -0.138   0.380   0.
  2017 352 20 26 44 511 352.851904062       0.10      1.04     -0.28  0.        3520.461       1423.882       6022.712    0.000  -0.138   0.380   0.
  2017 352 20 26 45 510 352.851915637       0.27      1.06     -0.28  0.        3519.590       1425.572       6024.086    0.000  -0.138   0.380   0.
  2017 352 20 26 46 511 352.851927211       0.23      1.08     -0.24  0.        3518.719       1427.261       6025.460    0.000  -0.138   0.380   0.
  2017 352 20 26 47 511 352.851938784       0.23      1.05     -0.28  0.        3517.848       1428.951       6026.833    0.000  -0.138   0.380   0.
  2017 352 20 26 48 510 352.851950356       0.27      1.00     -0.30  0.        3516.976       1430.640       6028.205    0.000  -0.138   0.380   0.
  2017 352 20 26 49 510 352.851961930       0.34      1.14     -0.30  0.        3516.103       1432.329       6029.576    0.000  -0.138   0.380   0.
  2017 352 20 26 50 510 352.851973504      -0.06      1.08     -0.58  0.        3515.231       1434.018       6030.947    0.000  -0.138   0.380   0.
  2017 352 20 26 51 510 352.851985078      -0.32      0.96     -0.51  0.        3514.357       1435.707       6032.317    0.000  -0.138   0.380   0.
  2017 352 20 26 52 510 352.851996652      -0.18      1.08     -0.41  0.        3513.484       1437.396       6033.686    0.000  -0.138   0.380   0.
  2017 352 20 26 53 510 352.852008226       0.12      1.11     -0.36  0.        3512.610       1439.084       6035.054    0.000  -0.138   0.380   0.
  2017 352 20 26 54 510 352.852019800       0.03      1.01     -0.48  0.        3511.735       1440.773       6036.422    0.000  -0.138   0.380   0.
  2017 352 20 26 55 510 352.852031374      -0.06      1.00     -0.43  0.        3510.860       1442.461       6037.789    0.000  -0.138   0.380   0.
  2017 352 20 26 56 510 352.852042948       0.05      1.02     -0.49  0.        3509.985       1444.149       6039.156    0.000  -0.138   0.380   0.
  2017 352 20 26 57 510 352.852054523       0.16      1.02     -0.51  0.        3509.109       1445.837       6040.521    0.000  -0.138   0.380   0.
  2017 352 20 26 58 510 352.852066097       0.26      1.10     -0.56  0.        3508.233       1447.524       6041.886    0.000  -0.138   0.380   0.
  2017 352 20 26 59 510 352.852077671       0.20      1.07     -0.56  0.        3507.357       1449.212       6043.250    0.000  -0.138   0.380   0.
  2017 352 20 27  0 510 352.852089245       0.20      1.09     -0.43  0.        3506.480       1450.899       6044.614    0.000  -0.138   0.380   0.
  2017 352 20 27  1 510 352.852100819       0.41      1.12     -0.42  0.        3505.602       1452.586       6045.977    0.000  -0.138   0.380   0.
  2017 352 20 27  2 510 352.852112393       0.34      1.05     -0.44  0.        3504.724       1454.273       6047.339    0.000  -0.138   0.380   0.
  2017 352 20 27  3 510 352.852123967       0.09      0.89     -0.34  0.        3503.846       1455.960       6048.700    0.000  -0.138   0.380   0.
  2017 352 20 27  4 510 352.852135541      -0.19      0.77     -0.47  0.        3502.968       1457.647       6050.061    0.000  -0.138   0.380   0.
  2017 352 20 27  5 510 352.852147115      -0.49      0.91     -0.92  0.        3502.089       1459.333       6051.421    0.000  -0.138   0.380   0.
  2017 352 20 27  6 510 352.852158689      -0.48      0.81     -0.91  0.        3501.209       1461.020       6052.780    0.000  -0.138   0.380   0.
  2017 352 20 27  7 510 352.852170263       0.36      1.39     -0.38  0.        3500.330       1462.706       6054.138    0.000  -0.138   0.380   0.
  2017 352 20 27  8 510 352.852181837       0.28      1.13     -0.42  0.        3499.449       1464.392       6055.496    0.000  -0.138   0.380   0.
  2017 352 20 27  9 510 352.852193411       0.16      1.02     -0.49  0.        3498.569       1466.078       6056.853    0.000  -0.138   0.380   0.
  2017 352 20 27 10 510 352.852204986       0.07      1.11     -0.54  0.        3497.687       1467.763       6058.210    0.000  -0.138   0.380   0.
  2017 352 20 27 11 510 352.852216560       0.03      1.08     -0.39  0.        3496.806       1469.449       6059.565    0.000  -0.138   0.380   0.
  2017 352 20 27 12 510 352.852228134      -0.04      1.06     -0.32  0.        3495.924       1471.134       6060.920    0.000  -0.138   0.380   0.
  2017 352 20 27 13 510 352.852239708      -0.12      1.04     -0.34  0.        3495.042       1472.819       6062.275    0.000  -0.138   0.380   0.
  2017 352 20 27 14 510 352.852251282      -0.28      0.95     -0.51  0.        3494.159       1474.504       6063.628    0.000  -0.138   0.380   0.
  2017 352 20 27 15 510 352.852262856      -0.38      0.96     -0.55  0.        3493.276       1476.189       6064.981    0.000  -0.138   0.380   0.
  2017 352 20 27 16 510 352.852274430      -0.25      1.00     -0.49  0.        3492.392       1477.873       6066.333    0.000  -0.138   0.380   0.
  2017 352 20 27 17 510 352.852286003      -0.09      0.96     -0.41  0.        3491.509       1479.558       6067.685    0.000  -0.138   0.380   0.
  2017 352 20 27 18 510 352.852297575      -0.10      0.98     -0.42  0.        3490.624       1481.242       6069.035    0.000  -0.138   0.380   0.
  2017 352 20 27 19 510 352.852309149      -0.23      0.96     -0.39  0.        3489.739       1482.926       6070.385    0.000  -0.138   0.380   0.
  2017 352 20 27 20 510 352.852320723      -0.26      0.97     -0.31  0.        3488.854       1484.610       6071.735    0.000  -0.138   0.380   0.
  2017 352 20 27 21 510 352.852332297      -0.26      1.03     -0.42  0.        3487.969       1486.294       6073.083    0.000  -0.138   0.380   0.
  2017 352 20 27 22 510 352.852343872      -0.18      1.06     -0.49  0.        3487.083       1487.977       6074.431    0.000  -0.138   0.380   0.
  2017 352 20 27 23 510 352.852355446      -0.12      1.07     -0.47  0.        3486.196       1489.661       6075.778    0.000  -0.138   0.380   0.
  2017 352 20 27 24 510 352.852367020      -0.17      1.15     -0.59  0.        3485.310       1491.344       6077.125    0.000  -0.138   0.380   0.
  2017 352 20 27 25 510 352.852378594      -0.51      1.14     -0.45  0.        3484.422       1493.027       6078.471    0.000  -0.138   0.380   0.
  2017 352 20 27 26 510 352.852390168      -0.39      1.20     -0.02  0.        3483.535       1494.710       6079.816    0.000  -0.138   0.380   0.
  2017 352 20 27 27 510 352.852401742      -0.31      1.11     -0.10  0.        3482.647       1496.392       6081.160    0.000  -0.138   0.380   0.
  2017 352 20 27 28 510 352.852413316      -0.52      0.92     -0.33  0.        3481.758       1498.075       6082.504    0.000  -0.138   0.380   0.
  2017 352 20 27 29 510 352.852424890      -0.53      0.94     -0.18  0.        3480.870       1499.757       6083.847    0.000  -0.138   0.380   0.
  2017 352 20 27 30 510 352.852436464      -0.32      1.02     -0.09  0.        3479.981       1501.439       6085.189    0.000  -0.138   0.380   0.
  2017 352 20 27 31 510 352.852448038      -0.24      1.01     -0.34  0.        3479.091       1503.121       6086.530    0.000  -0.138   0.380   0.
  2017 352 20 27 32 510 352.852459612      -0.72      0.98     -0.71  0.        3478.201       1504.803       6087.871    0.000  -0.138   0.380   0.
  2017 352 20 27 33 510 352.852471186      -0.87      0.84     -0.60  0.        3477.311       1506.485       6089.211    0.000  -0.138   0.380   0.
  2017 352 20 27 34 510 352.852482760      -0.62      1.08     -0.54  0.        3476.420       1508.166       6090.551    0.000  -0.138   0.380   0.
  2017 352 20 27 35 510 352.852494335      -0.29      1.05     -0.35  0.        3475.528       1509.848       6091.889    0.000  -0.138   0.380   0.
  2017 352 20 27 36 510 352.852505909      -0.21      1.06     -0.37  0.        3474.637       1511.529       6093.227    0.000  -0.138   0.380   0.
  2017 352 20 27 37 510 352.852517483      -0.22      0.91     -0.44  0.        3473.745       1513.210       6094.565    0.000  -0.138   0.380   0.
  2017 352 20 27 38 510 352.852529057       0.19      1.14     -0.39  0.        3472.852       1514.890       6095.901    0.000  -0.138   0.380   0.
  2017 352 20 27 39 510 352.852540631      -0.10      1.10     -0.40  0.        3471.960       1516.571       6097.237    0.000  -0.138   0.380   0.
  2017 352 20 27 40 510 352.852552205      -0.23      0.96     -0.61  0.        3471.066       1518.251       6098.572    0.000  -0.138   0.380   0.
  2017 352 20 27 41 510 352.852563779      -0.07      1.11     -0.48  0.        3470.173       1519.932       6099.907    0.000  -0.138   0.380   0.
  2017 352 20 27 42 510 352.852575353      -0.24      1.03     -0.52  0.        3469.279       1521.611       6101.240    0.000  -0.138   0.380   0.
  2017 352 20 27 43 510 352.852586927      -0.33      1.04     -0.66  0.        3468.384       1523.291       6102.574    0.000  -0.138   0.380   0.
  2017 352 20 27 44 510 352.852598501      -0.32      1.00     -0.55  0.        3467.489       1524.971       6103.906    0.000  -0.138   0.380   0.
  2017 352 20 27 45 510 352.852610074      -0.19      1.09     -0.45  0.        3466.594       1526.651       6105.238    0.000  -0.138   0.380   0.
  2017 352 20 27 46 510 352.852621646      -0.16      1.08     -0.43  0.        3465.699       1528.330       6106.568    0.000  -0.138   0.380   0.
  2017 352 20 27 47 510 352.852633221      -0.18      1.04     -0.43  0.        3464.803       1530.009       6107.899    0.000  -0.138   0.380   0.
  2017 352 20 27 48 510 352.852644795      -0.15      1.07     -0.29  0.        3463.906       1531.688       6109.228    0.000  -0.138   0.380   0.
  2017 352 20 27 49 510 352.852656369       0.12      1.19      0.04  0.        3463.009       1533.367       6110.557    0.000  -0.138   0.380   0.
  2017 352 20 27 50 510 352.852667943       0.16      1.29      0.02  0.        3462.112       1535.046       6111.885    0.000  -0.138   0.380   0.
  2017 352 20 27 51 510 352.852679517      -0.41      1.13     -0.12  0.        3461.215       1536.724       6113.213    0.000  -0.138   0.380   0.
  2017 352 20 27 52 510 352.852691091      -0.57      1.05     -0.12  0.        3460.316       1538.403       6114.539    0.000  -0.138   0.380   0.
  2017 352 20 27 53 510 352.852702665      -0.40      1.13     -0.24  0.        3459.418       1540.081       6115.865    0.000  -0.138   0.380   0.
  2017 352 20 27 54 510 352.852714239      -0.47      1.10     -0.49  0.        3458.519       1541.759       6117.191    0.000  -0.138   0.380   0.
  2017 352 20 27 55 510 352.852725813      -0.41      1.17     -0.57  0.        3457.620       1543.437       6118.515    0.000  -0.138   0.380   0.
  2017 352 20 27 56 510 352.852737387      -0.30      1.05     -0.61  0.        3456.720       1545.114       6119.839    0.000  -0.138   0.380   0.
  2017 352 20 27 57 510 352.852748961      -0.12      1.12     -0.66  0.        3455.820       1546.792       6121.162    0.000  -0.138   0.380   0.
  2017 352 20 27 58 510 352.852760535      -0.16      1.15     -0.52  0.        3454.920       1548.469       6122.485    0.000  -0.138   0.380   0.
  2017 352 20 27 59 510 352.852772109      -0.16      1.14     -0.41  0.        3454.019       1550.146       6123.807    0.000  -0.138   0.380   0.
  2017 352 20 28  0 510 352.852783683      -0.04      1.19     -0.34  0.        3453.118       1551.823       6125.128    0.000  -0.138   0.380   0.
  2017 352 20 28  1 510 352.852795258      -0.19      1.16     -0.43  0.        3452.217       1553.500       6126.448    0.000  -0.138   0.380   0.
  2017 352 20 28  2 510 352.852806832      -0.35      1.08     -0.57  0.        3451.315       1555.176       6127.768    0.000  -0.138   0.380   0.
  2017 352 20 28  3 510 352.852818406      -0.43      1.08     -0.58  0.        3450.412       1556.853       6129.087    0.000  -0.138   0.380   0.
  2017 352 20 28  4 510 352.852829980      -0.63      1.10     -0.57  0.        3449.509       1558.529       6130.405    0.000  -0.138   0.380   0.
  2017 352 20 28  5 510 352.852841554      -0.84      1.21     -0.42  0.        3448.606       1560.205       6131.723    0.000  -0.138   0.380   0.
  2017 352 20 28  6 510 352.852853128      -0.63      1.38     -0.13  0.        3447.703       1561.881       6133.040    0.000  -0.138   0.380   0.
  2017 352 20 28  7 510 352.852864702      -0.33      1.48      0.02  0.        3446.799       1563.556       6134.356    0.000  -0.138   0.380   0.
  2017 352 20 28  8 510 352.852876276      -0.07      1.48      0.01  0.        3445.894       1565.232       6135.671    0.000  -0.138   0.380   0.
  2017 352 20 28  9 510 352.852887850       0.04      1.33     -0.12  0.        3444.990       1566.907       6136.986    0.000  -0.138   0.380   0.
  2017 352 20 28 10 510 352.852899424      -0.09      1.19     -0.28  0.        3444.085       1568.582       6138.300    0.000  -0.138   0.380   0.
  2017 352 20 28 11 510 352.852910998      -0.37      1.06     -0.42  0.        3443.179       1570.257       6139.614    0.000  -0.138   0.380   0.
  2017 352 20 28 12 510 352.852922572      -0.47      1.07     -0.46  0.        3442.273       1571.932       6140.926    0.000  -0.138   0.380   0.
  2017 352 20 28 13 510 352.852934146      -0.29      1.18     -0.32  0.        3441.367       1573.606       6142.238    0.000  -0.138   0.380   0.
  2017 352 20 28 14 510 352.852945721      -0.19      1.17     -0.40  0.        3440.460       1575.281       6143.550    0.000  -0.138   0.380   0.
  2017 352 20 28 15 510 352.852957294      -0.55      1.10     -0.68  0.        3439.553       1576.955       6144.860    0.000  -0.138   0.380   0.
  2017 352 20 28 16 510 352.852968866      -0.74      1.06     -0.75  0.        3438.646       1578.629       6146.170    0.000  -0.138   0.380   0.
  2017 352 20 28 17 510 352.852980440      -0.69      1.05     -0.76  0.        3437.738       1580.303       6147.479    0.000  -0.138   0.380   0.
  2017 352 20 28 18 510 352.852992014      -0.61      1.04     -0.66  0.        3436.829       1581.977       6148.788    0.000  -0.138   0.380   0.
  2017 352 20 28 19 510 352.853003588      -0.30      1.09     -0.53  0.        3435.921       1583.650       6150.095    0.000  -0.138   0.380   0.
  2017 352 20 28 20 509 352.853015162      -0.27      1.09     -0.58  0.        3435.012       1585.323       6151.403    0.000  -0.138   0.380   0.
  2017 352 20 28 21 509 352.853026736      -0.31      1.03     -0.50  0.        3434.102       1586.997       6152.709    0.000  -0.138   0.380   0.
  2017 352 20 28 22 509 352.853038310      -0.26      1.03     -0.45  0.        3433.192       1588.670       6154.015    0.000  -0.138   0.380   0.
  2017 352 20 28 23 509 352.853049884      -0.22      0.97     -0.56  0.        3432.282       1590.342       6155.320    0.000  -0.138   0.380   0.
  2017 352 20 28 24 509 352.853061458      -0.31      0.97     -0.61  0.        3431.372       1592.015       6156.624    0.000  -0.138   0.380   0.
  2017 352 20 28 25 510 352.853073032      -0.21      1.00     -0.66  0.        3430.461       1593.687       6157.928    0.000  -0.138   0.380   0.
  2017 352 20 28 26 510 352.853084606      -0.18      1.04     -0.62  0.        3429.549       1595.360       6159.230    0.000  -0.138   0.380   0.
  2017 352 20 28 27 509 352.853096181      -0.03      0.99     -0.56  0.        3428.638       1597.032       6160.533    0.000  -0.138   0.380   0.
  2017 352 20 28 28 509 352.853107755      -0.04      0.94     -0.58  0.        3427.725       1598.704       6161.834    0.000  -0.138   0.380   0.
  2017 352 20 28 29 510 352.853119329       0.01      0.99     -0.53  0.        3426.813       1600.375       6163.135    0.000  -0.138   0.380   0.
  2017 352 20 28 30 510 352.853130903       0.05      1.01     -0.38  0.        3425.900       1602.047       6164.435    0.000  -0.138   0.380   0.
  2017 352 20 28 31 510 352.853142477       0.06      1.01     -0.38  0.        3424.987       1603.718       6165.734    0.000  -0.138   0.380   0.
  2017 352 20 28 32 510 352.853154051      -0.03      1.02     -0.46  0.        3424.073       1605.389       6167.033    0.000  -0.138   0.380   0.
  2017 352 20 28 33 509 352.853165625      -0.02      1.04     -0.43  0.        3423.159       1607.060       6168.331    0.000  -0.138   0.380   0.
  2017 352 20 28 34 509 352.853177199       0.16      1.01     -0.37  0.        3422.244       1608.731       6169.629    0.000  -0.138   0.380   0.
  2017 352 20 28 35 509 352.853188773       0.46      1.04     -0.32  0.        3421.329       1610.402       6170.925    0.000  -0.138   0.380   0.
  2017 352 20 28 36 509 352.853200347       0.46      1.13     -0.40  0.        3420.414       1612.072       6172.221    0.000  -0.138   0.380   0.
  2017 352 20 28 37 509 352.853211921       0.08      1.09     -0.31  0.        3419.499       1613.742       6173.516    0.000  -0.138   0.380   0.
  2017 352 20 28 38 510 352.853223495       0.02      1.15     -0.09  0.        3418.583       1615.413       6174.811    0.000  -0.138   0.380   0.
  2017 352 20 28 39 510 352.853235069       0.12      1.16     -0.28  0.        3417.666       1617.082       6176.105    0.000  -0.138   0.380   0.
  2017 352 20 28 40 509 352.853246643      -0.11      1.13     -0.35  0.        3416.749       1618.752       6177.398    0.000  -0.138   0.380   0.
  2017 352 20 28 41 509 352.853258218      -0.08      1.16     -0.28  0.        3415.832       1620.422       6178.690    0.000  -0.138   0.380   0.
  2017 352 20 28 42 510 352.853269792       0.13      1.14     -0.20  0.        3414.915       1622.091       6179.982    0.000  -0.138   0.380   0.
  2017 352 20 28 43 510 352.853281366       0.03      1.31     -0.18  0.        3413.997       1623.760       6181.273    0.000  -0.138   0.380   0.
  2017 352 20 28 44 510 352.853292940      -0.34      1.05     -0.03  0.        3413.078       1625.429       6182.563    0.000  -0.138   0.380   0.
  2017 352 20 28 45 510 352.853304513      -0.14      1.01     -0.23  0.        3412.160       1627.098       6183.853    0.000  -0.138   0.380   0.
  2017 352 20 28 46 509 352.853316085       0.13      1.09     -0.09  0.        3411.241       1628.767       6185.142    0.000  -0.138   0.380   0.
  2017 352 20 28 47 509 352.853327659       0.21      1.11     -0.11  0.        3410.321       1630.435       6186.430    0.000  -0.138   0.380   0.
  2017 352 20 28 48 509 352.853339233       0.09      1.08     -0.20  0.        3409.401       1632.103       6187.718    0.000  -0.138   0.380   0.
  2017 352 20 28 49 509 352.853350807      -0.06      1.07     -0.25  0.        3408.481       1633.771       6189.005    0.000  -0.138   0.380   0.
  2017 352 20 28 50 509 352.853362381      -0.17      1.07     -0.38  0.        3407.560       1635.439       6190.291    0.000  -0.138   0.380   0.
  2017 352 20 28 51 509 352.853373955      -0.21      1.03     -0.45  0.        3406.639       1637.107       6191.576    0.000  -0.138   0.380   0.
  2017 352 20 28 52 509 352.853385530      -0.14      1.03     -0.42  0.        3405.718       1638.774       6192.861    0.000  -0.138   0.380   0.
  2017 352 20 28 53 509 352.853397104      -0.17      1.06     -0.46  0.        3404.796       1640.442       6194.145    0.000  -0.138   0.380   0.
  2017 352 20 28 54 509 352.853408678      -0.24      1.10     -0.49  0.        3403.874       1642.109       6195.429    0.000  -0.138   0.380   0.
  2017 352 20 28 55 509 352.853420252      -0.39      1.14     -0.41  0.        3402.952       1643.776       6196.712    0.000  -0.138   0.380   0.
  2017 352 20 28 56 509 352.853431826      -0.37      1.16     -0.35  0.        3402.029       1645.443       6197.994    0.000  -0.138   0.380   0.
  2017 352 20 28 57 509 352.853443400      -0.31      1.12     -0.40  0.        3401.105       1647.109       6199.275    0.000  -0.138   0.380   0.
  2017 352 20 28 58 509 352.853454974      -0.22      1.13     -0.21  0.        3400.182       1648.776       6200.556    0.000  -0.138   0.380   0.
  2017 352 20 28 59 509 352.853466548      -0.22      1.09     -0.27  0.        3399.258       1650.442       6201.836    0.000  -0.138   0.380   0.
  2017 352 20 29  0 509 352.853478122      -0.26      1.09     -0.21  0.        3398.333       1652.108       6203.115    0.000  -0.138   0.380   0.
  2017 352 20 29  1 509 352.853489696      -0.09      1.10     -0.14  0.        3397.409       1653.774       6204.393    0.000  -0.138   0.380   0.
  2017 352 20 29  2 509 352.853501270       0.03      1.12     -0.19  0.        3396.483       1655.440       6205.671    0.000  -0.138   0.380   0.
  2017 352 20 29  3 509 352.853512844      -0.03      1.08     -0.29  0.        3395.558       1657.105       6206.948    0.000  -0.138   0.380   0.
  2017 352 20 29  4 509 352.853524418      -0.11      1.07     -0.38  0.        3394.632       1658.770       6208.225    0.000  -0.138   0.380   0.
  2017 352 20 29  5 509 352.853535992      -0.32      1.05     -0.45  0.        3393.706       1660.436       6209.501    0.000  -0.138   0.380   0.
  2017 352 20 29  6 509 352.853547567      -0.34      1.05     -0.47  0.        3392.779       1662.101       6210.776    0.000  -0.138   0.380   0.
  2017 352 20 29  7 509 352.853559141      -0.20      1.06     -0.47  0.        3391.852       1663.765       6212.050    0.000  -0.138   0.380   0.
  2017 352 20 29  8 509 352.853570715      -0.21      1.13     -0.39  0.        3390.925       1665.430       6213.324    0.000  -0.138   0.380   0.
  2017 352 20 29  9 509 352.853582289      -0.33      1.11     -0.37  0.        3389.997       1667.094       6214.597    0.000  -0.138   0.380   0.
  2017 352 20 29 10 509 352.853593863      -0.23      1.10     -0.44  0.        3389.069       1668.759       6215.869    0.000  -0.138   0.380   0.
  2017 352 20 29 11 509 352.853605437      -0.22      1.12     -0.49  0.        3388.140       1670.423       6217.141    0.000  -0.138   0.380   0.
  2017 352 20 29 12 509 352.853617011      -0.34      1.14     -0.37  0.        3387.211       1672.086       6218.412    0.000  -0.138   0.380   0.
  2017 352 20 29 13 509 352.853628585      -0.27      1.11     -0.31  0.        3386.281       1673.750       6219.682    0.000  -0.138   0.380   0.
  2017 352 20 29 14 509 352.853640159      -0.13      1.10     -0.31  0.        3385.352       1675.414       6220.952    0.000  -0.138   0.380   0.
  2017 352 20 29 15 509 352.853651732       0.10      1.14     -0.31  0.        3384.422       1677.077       6222.221    0.000  -0.138   0.380   0.
  2017 352 20 29 16 509 352.853663304       0.19      1.28     -0.10  0.        3383.491       1678.740       6223.489    0.000  -0.138   0.380   0.
  2017 352 20 29 17 509 352.853674879      -0.00      1.33      0.11  0.        3382.560       1680.403       6224.756    0.000  -0.138   0.380   0.
  2017 352 20 29 18 509 352.853686453      -0.16      1.23     -0.06  0.        3381.629       1682.066       6226.023    0.000  -0.138   0.380   0.
  2017 352 20 29 19 509 352.853698027      -0.20      0.95     -0.64  0.        3380.698       1683.728       6227.289    0.000  -0.138   0.380   0.
  2017 352 20 29 20 509 352.853709601      -0.00      1.08     -0.55  0.        3379.766       1685.390       6228.555    0.000  -0.138   0.380   0.
  2017 352 20 29 21 509 352.853721175       0.27      1.15     -0.60  0.        3378.833       1687.053       6229.819    0.000  -0.138   0.380   0.
  2017 352 20 29 22 509 352.853732749       0.07      1.04     -0.63  0.        3377.901       1688.715       6231.083    0.000  -0.138   0.380   0.
  2017 352 20 29 23 509 352.853744323      -0.13      1.13     -0.27  0.        3376.968       1690.376       6232.347    0.000  -0.138   0.380   0.
  2017 352 20 29 24 509 352.853755897       0.01      1.20     -0.13  0.        3376.034       1692.038       6233.609    0.000  -0.138   0.380   0.
  2017 352 20 29 25 509 352.853767471      -0.05      1.13     -0.25  0.        3375.100       1693.699       6234.871    0.000  -0.138   0.380   0.
  2017 352 20 29 26 509 352.853779045       0.01      1.16     -0.28  0.        3374.166       1695.361       6236.133    0.000  -0.138   0.380   0.
  2017 352 20 29 27 509 352.853790619       0.10      1.19     -0.25  0.        3373.231       1697.022       6237.393    0.000  -0.138   0.380   0.
  2017 352 20 29 28 509 352.853802193       0.01      1.11     -0.32  0.        3372.297       1698.683       6238.653    0.000  -0.138   0.380   0.
  2017 352 20 29 29 509 352.853813767      -0.08      0.98     -0.49  0.        3371.361       1700.343       6239.913    0.000  -0.138   0.380   0.
  2017 352 20 29 30 509 352.853825341       0.04      1.09     -0.45  0.        3370.425       1702.004       6241.171    0.000  -0.138   0.380   0.
  2017 352 20 29 31 509 352.853836915      -0.02      1.07     -0.31  0.        3369.489       1703.664       6242.429    0.000  -0.138   0.380   0.
  2017 352 20 29 32 509 352.853848490       0.09      1.03     -0.30  0.        3368.553       1705.324       6243.686    0.000  -0.138   0.380   0.
  2017 352 20 29 33 509 352.853860064       0.07      1.09     -0.28  0.        3367.616       1706.984       6244.943    0.000  -0.138   0.380   0.
  2017 352 20 29 34 509 352.853871638      -0.04      1.15     -0.24  0.        3366.679       1708.644       6246.198    0.000  -0.138   0.380   0.
  2017 352 20 29 35 509 352.853883212      -0.05      1.06     -0.33  0.        3365.742       1710.303       6247.453    0.000  -0.138   0.380   0.
  2017 352 20 29 36 509 352.853894786      -0.17      1.03     -0.45  0.        3364.804       1711.963       6248.708    0.000  -0.138   0.380   0.
  2017 352 20 29 37 509 352.853906360      -0.29      1.08     -0.47  0.        3363.865       1713.622       6249.962    0.000  -0.138   0.380   0.
  2017 352 20 29 38 509 352.853917934      -0.22      1.03     -0.49  0.        3362.927       1715.281       6251.215    0.000  -0.138   0.380   0.
  2017 352 20 29 39 509 352.853929508      -0.21      1.05     -0.51  0.        3361.988       1716.940       6252.467    0.000  -0.138   0.380   0.
  2017 352 20 29 40 509 352.853941082      -0.19      1.06     -0.38  0.        3361.048       1718.598       6253.719    0.000  -0.138   0.380   0.
  2017 352 20 29 41 509 352.853952656      -0.10      1.09     -0.20  0.        3360.109       1720.257       6254.970    0.000  -0.138   0.380   0.
  2017 352 20 29 42 509 352.853964230      -0.09      1.07     -0.05  0.        3359.169       1721.915       6256.220    0.000  -0.138   0.380   0.
  2017 352 20 29 43 509 352.853975803      -0.07      1.08     -0.07  0.        3358.228       1723.573       6257.470    0.000  -0.138   0.380   0.
  2017 352 20 29 44 509 352.853987376      -0.07      1.09     -0.03  0.        3357.287       1725.231       6258.718    0.000  -0.138   0.380   0.
  2017 352 20 29 45 509 352.853998950      -0.07      1.06     -0.07  0.        3356.346       1726.889       6259.967    0.000  -0.138   0.380   0.
  2017 352 20 29 46 509 352.854010524      -0.26      1.00     -0.15  0.        3355.404       1728.546       6261.214    0.000  -0.138   0.380   0.
  2017 352 20 29 47 509 352.854022098      -0.22      0.96     -0.34  0.        3354.462       1730.203       6262.461    0.000  -0.138   0.380   0.
  2017 352 20 29 48 509 352.854033672      -0.27      1.05     -0.37  0.        3353.520       1731.861       6263.707    0.000  -0.138   0.380   0.
  2017 352 20 29 49 509 352.854045246      -0.21      1.02     -0.24  0.        3352.577       1733.518       6264.953    0.000  -0.138   0.380   0.
  2017 352 20 29 50 509 352.854056820      -0.46      1.06     -0.18  0.        3351.634       1735.174       6266.198    0.000  -0.138   0.380   0.
  2017 352 20 29 51 509 352.854068394      -0.37      1.15     -0.01  0.        3350.691       1736.831       6267.442    0.000  -0.138   0.380   0.
  2017 352 20 29 52 509 352.854079968      -0.32      1.16      0.06  0.        3349.747       1738.487       6268.685    0.000  -0.138   0.380   0.
  2017 352 20 29 53 509 352.854091542      -0.18      1.15      0.10  0.        3348.803       1740.143       6269.928    0.000  -0.138   0.380   0.
  2017 352 20 29 54 509 352.854103116      -0.01      1.16     -0.13  0.        3347.858       1741.799       6271.170    0.000  -0.138   0.380   0.
  2017 352 20 29 55 509 352.854114690      -0.12      1.07     -0.43  0.        3346.914       1743.455       6272.411    0.000  -0.138   0.380   0.
  2017 352 20 29 56 509 352.854126264      -0.29      1.05     -0.43  0.        3345.968       1745.111       6273.652    0.000  -0.138   0.380   0.
  2017 352 20 29 57 509 352.854137839      -0.27      1.16     -0.43  0.        3345.023       1746.766       6274.892    0.000  -0.138   0.380   0.
  2017 352 20 29 58 509 352.854149413      -0.13      1.27     -0.36  0.        3344.077       1748.421       6276.132    0.000  -0.138   0.380   0.
  2017 352 20 29 59 509 352.854160987       0.07      1.22     -0.20  0.        3343.130       1750.076       6277.370    0.000  -0.138   0.380   0.
  2017 352 20 30  0 509 352.854172561       0.08      1.17     -0.20  0.        3342.184       1751.731       6278.608    0.000  -0.138   0.380   0.
  2017 352 20 30  1 509 352.854184135      -0.04      1.15     -0.23  0.        3341.237       1753.386       6279.845    0.000  -0.138   0.380   0.
  2017 352 20 30  2 509 352.854195709      -0.09      1.09     -0.25  0.        3340.289       1755.040       6281.082    0.000  -0.138   0.380   0.
  2017 352 20 30  3 509 352.854207283      -0.12      1.05     -0.25  0.        3339.341       1756.694       6282.318    0.000  -0.138   0.380   0.
  2017 352 20 30  4 509 352.854218857      -0.20      1.05     -0.24  0.        3338.393       1758.349       6283.553    0.000  -0.138   0.380   0.
  2017 352 20 30  5 509 352.854230431      -0.13      1.07     -0.21  0.        3337.445       1760.002       6284.788    0.000  -0.138   0.380   0.
  2017 352 20 30  6 509 352.854242005      -0.06      1.08     -0.26  0.        3336.496       1761.656       6286.022    0.000  -0.138   0.380   0.
  2017 352 20 30  7 509 352.854253579      -0.06      1.09     -0.32  0.        3335.547       1763.310       6287.255    0.000  -0.138   0.380   0.
  2017 352 20 30  8 509 352.854265153      -0.05      1.09     -0.31  0.        3334.597       1764.963       6288.487    0.000  -0.138   0.380   0.
  2017 352 20 30  9 509 352.854276727       0.05      1.10     -0.24  0.        3333.647       1766.616       6289.719    0.000  -0.138   0.380   0.
  2017 352 20 30 10 509 352.854288302       0.21      1.10     -0.23  0.        3332.697       1768.269       6290.950    0.000  -0.138   0.380   0.
  2017 352 20 30 11 509 352.854299876       0.25      1.10     -0.26  0.        3331.746       1769.922       6292.181    0.000  -0.138   0.380   0.
  2017 352 20 30 12 509 352.854311450       0.22      1.12     -0.31  0.        3330.795       1771.574       6293.411    0.000  -0.138   0.380   0.
  2017 352 20 30 13 509 352.854323024      -0.12      1.07     -0.43  0.        3329.844       1773.227       6294.640    0.000  -0.138   0.380   0.
  2017 352 20 30 14 509 352.854334598      -0.48      0.98     -0.59  0.        3328.892       1774.879       6295.868    0.000  -0.138   0.380   0.
  2017 352 20 30 15 509 352.854346171       0.09      1.11     -0.51  0.        3327.940       1776.531       6297.096    0.000  -0.138   0.380   0.
  2017 352 20 30 16 508 352.854357743       0.50      1.30     -0.55  0.        3326.987       1778.182       6298.323    0.000  -0.138   0.380   0.
  2017 352 20 30 17 508 352.854369317      -0.23      1.19     -0.69  0.        3326.034       1779.834       6299.549    0.000  -0.138   0.380   0.
  2017 352 20 30 18 508 352.854380891      -0.67      1.10     -0.64  0.        3325.081       1781.485       6300.775    0.000  -0.138   0.380   0.
  2017 352 20 30 19 508 352.854392465      -0.34      1.20     -0.30  0.        3324.128       1783.137       6302.000    0.000  -0.138   0.380   0.
  2017 352 20 30 20 508 352.854404039      -0.26      1.10     -0.30  0.        3323.174       1784.788       6303.224    0.000  -0.138   0.380   0.
  2017 352 20 30 21 509 352.854415613      -0.09      1.17     -0.46  0.        3322.219       1786.438       6304.448    0.000  -0.138   0.380   0.
  2017 352 20 30 22 508 352.854427187      -0.32      1.02     -0.50  0.        3321.265       1788.089       6305.671    0.000  -0.138   0.380   0.
  2017 352 20 30 23 508 352.854438762      -0.25      1.12     -0.38  0.        3320.310       1789.739       6306.893    0.000  -0.138   0.380   0.
  2017 352 20 30 24 508 352.854450336      -0.09      1.12     -0.44  0.        3319.354       1791.390       6308.115    0.000  -0.138   0.380   0.
  2017 352 20 30 25 509 352.854461910      -0.26      1.06     -0.50  0.        3318.399       1793.040       6309.336    0.000  -0.138   0.380   0.
  2017 352 20 30 26 509 352.854473484      -0.30      1.05     -0.40  0.        3317.443       1794.690       6310.556    0.000  -0.138   0.380   0.
  2017 352 20 30 27 509 352.854485058      -0.23      1.10     -0.29  0.        3316.486       1796.339       6311.775    0.000  -0.138   0.380   0.
  2017 352 20 30 28 509 352.854496632      -0.28      1.10     -0.27  0.        3315.530       1797.989       6312.994    0.000  -0.138   0.380   0.
  2017 352 20 30 29 508 352.854508206      -0.54      1.01     -0.44  0.        3314.572       1799.638       6314.213    0.000  -0.138   0.380   0.
  2017 352 20 30 30 508 352.854519780      -0.56      0.90     -0.60  0.        3313.615       1801.287       6315.430    0.000  -0.138   0.380   0.
  2017 352 20 30 31 508 352.854531354      -0.32      1.00     -0.56  0.        3312.657       1802.936       6316.647    0.000  -0.138   0.380   0.
  2017 352 20 30 32 508 352.854542928      -0.22      1.16     -0.48  0.        3311.699       1804.585       6317.863    0.000  -0.138   0.380   0.
  2017 352 20 30 33 508 352.854554502      -0.38      1.09     -0.42  0.        3310.740       1806.233       6319.079    0.000  -0.138   0.380   0.
  2017 352 20 30 34 509 352.854566076      -0.58      1.11     -0.53  0.        3309.781       1807.881       6320.293    0.000  -0.138   0.380   0.
  2017 352 20 30 35 509 352.854577650      -0.44      1.19     -0.53  0.        3308.822       1809.530       6321.508    0.000  -0.138   0.380   0.
  2017 352 20 30 36 508 352.854589225      -0.32      1.22     -0.38  0.        3307.862       1811.178       6322.721    0.000  -0.138   0.380   0.
  2017 352 20 30 37 508 352.854600799      -0.03      1.17     -0.35  0.        3306.902       1812.825       6323.934    0.000  -0.138   0.380   0.
  2017 352 20 30 38 509 352.854612373       0.20      1.27     -0.37  0.        3305.942       1814.473       6325.146    0.000  -0.138   0.380   0.
  2017 352 20 30 39 509 352.854623947       0.10      1.15     -0.55  0.        3304.981       1816.120       6326.357    0.000  -0.138   0.380   0.
  2017 352 20 30 40 509 352.854635521      -0.08      1.05     -0.51  0.        3304.020       1817.767       6327.568    0.000  -0.138   0.380   0.
  2017 352 20 30 41 509 352.854647095       0.29      1.12     -0.41  0.        3303.059       1819.414       6328.778    0.000  -0.138   0.380   0.
  2017 352 20 30 42 509 352.854658669       0.39      1.17     -0.49  0.        3302.097       1821.061       6329.988    0.000  -0.138   0.380   0.
  2017 352 20 30 43 508 352.854670243      -0.38      1.01     -0.48  0.        3301.135       1822.708       6331.196    0.000  -0.138   0.380   0.
  2017 352 20 30 44 508 352.854681817      -0.69      0.95     -0.51  0.        3300.173       1824.354       6332.404    0.000  -0.138   0.380   0.
  2017 352 20 30 45 508 352.854693390      -0.57      1.10     -0.45  0.        3299.210       1826.000       6333.612    0.000  -0.138   0.380   0.
  2017 352 20 30 46 508 352.854704962      -0.37      1.27     -0.53  0.        3298.247       1827.646       6334.818    0.000  -0.138   0.380   0.
  2017 352 20 30 47 508 352.854716536      -0.30      1.22     -0.34  0.        3297.283       1829.292       6336.024    0.000  -0.138   0.380   0.
  2017 352 20 30 48 508 352.854728111      -0.11      1.23     -0.07  0.        3296.319       1830.938       6337.230    0.000  -0.138   0.380   0.
  2017 352 20 30 49 508 352.854739685      -0.14      1.19     -0.10  0.        3295.355       1832.583       6338.434    0.000  -0.138   0.380   0.
  2017 352 20 30 50 508 352.854751259       0.01      1.16     -0.23  0.        3294.391       1834.228       6339.638    0.000  -0.138   0.380   0.
  2017 352 20 30 51 508 352.854762833      -0.06      1.11     -0.40  0.        3293.426       1835.873       6340.842    0.000  -0.138   0.380   0.
  2017 352 20 30 52 508 352.854774407      -0.18      1.18     -0.41  0.        3292.460       1837.518       6342.044    0.000  -0.138   0.380   0.
  2017 352 20 30 53 508 352.854785981      -0.22      1.22     -0.22  0.        3291.495       1839.163       6343.246    0.000  -0.138   0.380   0.
  2017 352 20 30 54 508 352.854797555      -0.11      1.18     -0.29  0.        3290.529       1840.807       6344.448    0.000  -0.138   0.380   0.
  2017 352 20 30 55 508 352.854809129      -0.00      1.11     -0.38  0.        3289.562       1842.451       6345.648    0.000  -0.138   0.380   0.
  2017 352 20 30 56 508 352.854820703       0.07      1.11     -0.45  0.        3288.596       1844.095       6346.848    0.000  -0.138   0.380   0.
  2017 352 20 30 57 508 352.854832277       0.16      1.16     -0.22  0.        3287.629       1845.739       6348.047    0.000  -0.138   0.380   0.
  2017 352 20 30 58 508 352.854843851      -0.10      1.04     -0.39  0.        3286.661       1847.383       6349.246    0.000  -0.138   0.380   0.
  2017 352 20 30 59 508 352.854855425      -0.42      1.09     -0.85  0.        3285.694       1849.026       6350.444    0.000  -0.138   0.380   0.
  2017 352 20 31  0 508 352.854866999      -0.70      1.14     -0.71  0.        3284.726       1850.669       6351.641    0.000  -0.138   0.380   0.
  2017 352 20 31  1 508 352.854878573      -0.27      1.17     -0.43  0.        3283.757       1852.312       6352.838    0.000  -0.138   0.380   0.
  2017 352 20 31  2 508 352.854890148       0.05      1.15     -0.44  0.        3282.789       1853.955       6354.033    0.000  -0.138   0.380   0.
  2017 352 20 31  3 508 352.854901722      -0.09      1.09     -0.45  0.        3281.819       1855.598       6355.229    0.000  -0.138   0.380   0.
  2017 352 20 31  4 508 352.854913296      -0.26      1.06     -0.51  0.        3280.850       1857.240       6356.423    0.000  -0.138   0.380   0.
  2017 352 20 31  5 508 352.854924870      -0.40      1.02     -0.53  0.        3279.880       1858.883       6357.617    0.000  -0.138   0.380   0.
  2017 352 20 31  6 508 352.854936444      -0.41      1.05     -0.54  0.        3278.910       1860.525       6358.810    0.000  -0.138   0.380   0.
  2017 352 20 31  7 508 352.854948018      -0.47      1.10     -0.66  0.        3277.939       1862.167       6360.003    0.000  -0.138   0.380   0.
  2017 352 20 31  8 508 352.854959592      -0.49      1.10     -0.58  0.        3276.969       1863.808       6361.195    0.000  -0.138   0.380   0.
  2017 352 20 31  9 508 352.854971166      -0.39      1.26     -0.43  0.        3275.998       1865.450       6362.386    0.000  -0.138   0.380   0.
  2017 352 20 31 10 508 352.854982740      -0.48      1.29     -0.32  0.        3275.026       1867.091       6363.576    0.000  -0.138   0.380   0.
  2017 352 20 31 11 508 352.854994314      -0.29      1.28     -0.32  0.        3274.054       1868.732       6364.766    0.000  -0.138   0.380   0.
  2017 352 20 31 12 508 352.855005888      -0.28      1.34     -0.37  0.        3273.082       1870.373       6365.955    0.000  -0.138   0.380   0.
  2017 352 20 31 13 508 352.855017462      -0.28      1.32     -0.31  0.        3272.109       1872.014       6367.144    0.000  -0.138   0.380   0.
  2017 352 20 31 14 508 352.855029034      -0.07      1.32     -0.16  0.        3271.136       1873.654       6368.331    0.000  -0.138   0.380   0.
  2017 352 20 31 15 508 352.855040608      -0.14      1.32     -0.20  0.        3270.163       1875.294       6369.519    0.000  -0.138   0.380   0.
  2017 352 20 31 16 508 352.855052182      -0.25      1.16     -0.28  0.        3269.189       1876.935       6370.705    0.000  -0.138   0.380   0.
  2017 352 20 31 17 508 352.855063756      -0.15      1.12     -0.23  0.        3268.216       1878.575       6371.891    0.000  -0.138   0.380   0.
  2017 352 20 31 18 508 352.855075330       0.03      1.17     -0.08  0.        3267.241       1880.214       6373.076    0.000  -0.138   0.380   0.
  2017 352 20 31 19 508 352.855086904       0.12      1.05     -0.39  0.        3266.267       1881.854       6374.260    0.000  -0.138   0.380   0.
  2017 352 20 31 20 508 352.855098478       0.11      0.97     -0.51  0.        3265.292       1883.493       6375.444    0.000  -0.138   0.380   0.
  2017 352 20 31 21 508 352.855110052       0.29      1.11     -0.50  0.        3264.316       1885.132       6376.627    0.000  -0.138   0.380   0.
  2017 352 20 31 22 508 352.855121626      -0.02      1.12     -0.55  0.        3263.341       1886.771       6377.810    0.000  -0.138   0.380   0.
  2017 352 20 31 23 508 352.855133200      -0.29      1.04     -0.52  0.        3262.364       1888.410       6378.991    0.000  -0.138   0.380   0.
  2017 352 20 31 24 508 352.855144774      -0.27      1.05     -0.48  0.        3261.388       1890.048       6380.172    0.000  -0.138   0.380   0.
  2017 352 20 31 25 508 352.855156348       0.04      1.10     -0.30  0.        3260.412       1891.687       6381.353    0.000  -0.138   0.380   0.
  2017 352 20 31 26 508 352.855167923       0.44      1.23     -0.25  0.        3259.435       1893.325       6382.533    0.000  -0.138   0.380   0.
  2017 352 20 31 27 508 352.855179496       0.64      1.27     -0.17  0.        3258.457       1894.963       6383.712    0.000  -0.138   0.380   0.
  2017 352 20 31 28 508 352.855191071       0.30      1.26     -0.13  0.        3257.479       1896.600       6384.890    0.000  -0.138   0.380   0.
  2017 352 20 31 29 508 352.855202645       0.04      1.12     -0.21  0.        3256.501       1898.238       6386.068    0.000  -0.138   0.380   0.
  2017 352 20 31 30 508 352.855214219      -0.13      1.10     -0.39  0.        3255.523       1899.875       6387.245    0.000  -0.138   0.380   0.
  2017 352 20 31 31 508 352.855225793      -0.26      1.18     -0.35  0.        3254.544       1901.512       6388.421    0.000  -0.138   0.380   0.
  2017 352 20 31 32 508 352.855237367      -0.32      1.14     -0.25  0.        3253.565       1903.149       6389.597    0.000  -0.138   0.380   0.
  2017 352 20 31 33 508 352.855248941      -0.49      1.15     -0.17  0.        3252.586       1904.786       6390.772    0.000  -0.138   0.380   0.
  2017 352 20 31 34 508 352.855260515      -0.37      1.23     -0.12  0.        3251.606       1906.423       6391.946    0.000  -0.138   0.380   0.
  2017 352 20 31 35 508 352.855272089      -0.40      1.21     -0.20  0.        3250.626       1908.059       6393.120    0.000  -0.138   0.380   0.
  2017 352 20 31 36 508 352.855283663      -0.40      1.16     -0.25  0.        3249.645       1909.695       6394.293    0.000  -0.138   0.380   0.
  2017 352 20 31 37 508 352.855295237      -0.38      1.17     -0.35  0.        3248.665       1911.331       6395.466    0.000  -0.138   0.380   0.
  2017 352 20 31 38 508 352.855306811      -0.31      1.21     -0.38  0.        3247.683       1912.967       6396.637    0.000  -0.138   0.380   0.
  2017 352 20 31 39 508 352.855318385      -0.18      1.23     -0.34  0.        3246.702       1914.602       6397.808    0.000  -0.138   0.380   0.
  2017 352 20 31 40 508 352.855329959      -0.00      1.25     -0.36  0.        3245.720       1916.238       6398.979    0.000  -0.138   0.380   0.
  2017 352 20 31 41 508 352.855341534       0.09      1.30     -0.45  0.        3244.738       1917.873       6400.148    0.000  -0.138   0.380   0.
  2017 352 20 31 42 508 352.855353108       0.31      1.39     -0.21  0.        3243.756       1919.508       6401.317    0.000  -0.138   0.380   0.
  2017 352 20 31 43 508 352.855364681       0.54      1.56     -0.20  0.        3242.773       1921.142       6402.486    0.000  -0.138   0.380   0.
  2017 352 20 31 44 508 352.855376253      -0.07      1.26     -0.76  0.        3241.790       1922.777       6403.653    0.000  -0.138   0.380   0.
  2017 352 20 31 45 508 352.855387827      -0.42      0.93     -0.78  0.        3240.806       1924.411       6404.821    0.000  -0.138   0.380   0.
  2017 352 20 31 46 508 352.855399401       0.57      1.20     -0.48  0.        3239.822       1926.045       6405.987    0.000  -0.138   0.380   0.
  2017 352 20 31 47 508 352.855410975       0.74      1.38     -0.79  0.        3238.838       1927.679       6407.153    0.000  -0.138   0.380   0.
  2017 352 20 31 48 508 352.855422549       0.29      1.13     -0.47  0.        3237.854       1929.313       6408.318    0.000  -0.138   0.380   0.
  2017 352 20 31 49 508 352.855434123       0.22      1.12     -0.45  0.        3236.869       1930.947       6409.482    0.000  -0.138   0.380   0.
  2017 352 20 31 50 508 352.855445697       0.22      1.03     -0.38  0.        3235.884       1932.580       6410.646    0.000  -0.138   0.380   0.
  2017 352 20 31 51 508 352.855457271       0.44      1.09     -0.26  0.        3234.898       1934.213       6411.809    0.000  -0.138   0.380   0.
  2017 352 20 31 52 508 352.855468845       0.54      1.12     -0.32  0.        3233.912       1935.846       6412.971    0.000  -0.138   0.380   0.
  2017 352 20 31 53 508 352.855480420       0.31      1.18     -0.24  0.        3232.926       1937.479       6414.133    0.000  -0.138   0.380   0.
  2017 352 20 31 54 508 352.855491994      -0.04      1.11     -0.41  0.        3231.939       1939.111       6415.294    0.000  -0.138   0.380   0.
  2017 352 20 31 55 508 352.855503568      -0.33      1.07     -0.39  0.        3230.953       1940.744       6416.454    0.000  -0.138   0.380   0.
  2017 352 20 31 56 508 352.855515142      -0.41      1.00     -0.30  0.        3229.965       1942.376       6417.614    0.000  -0.138   0.380   0.
  2017 352 20 31 57 508 352.855526716      -0.50      0.91     -0.73  0.        3228.978       1944.007       6418.773    0.000  -0.138   0.380   0.
  2017 352 20 31 58 508 352.855538290      -0.53      0.92     -0.69  0.        3227.990       1945.639       6419.931    0.000  -0.138   0.380   0.
  2017 352 20 31 59 508 352.855549864      -0.24      1.06     -0.32  0.        3227.002       1947.271       6421.089    0.000  -0.138   0.380   0.
  2017 352 20 32  0 508 352.855561438       0.04      1.07     -0.20  0.        3226.013       1948.902       6422.246    0.000  -0.138   0.380   0.
  2017 352 20 32  1 508 352.855573012      -0.00      1.08     -0.25  0.        3225.024       1950.533       6423.402    0.000  -0.138   0.380   0.
  2017 352 20 32  2 508 352.855584586       0.06      1.12     -0.37  0.        3224.035       1952.164       6424.558    0.000  -0.138   0.380   0.
  2017 352 20 32  3 508 352.855596160       0.04      1.02     -0.58  0.        3223.046       1953.795       6425.713    0.000  -0.138   0.380   0.
  2017 352 20 32  4 508 352.855607734       0.08      1.01     -0.56  0.        3222.056       1955.425       6426.867    0.000  -0.138   0.380   0.
  2017 352 20 32  5 508 352.855619308       0.58      1.13     -0.36  0.        3221.066       1957.056       6428.021    0.000  -0.138   0.380   0.
  2017 352 20 32  6 508 352.855630883       0.30      1.07     -0.35  0.        3220.075       1958.686       6429.174    0.000  -0.138   0.380   0.
  2017 352 20 32  7 508 352.855642457       0.06      1.06     -0.46  0.        3219.084       1960.316       6430.326    0.000  -0.138   0.380   0.
  2017 352 20 32  8 508 352.855654031      -0.03      1.04     -0.53  0.        3218.093       1961.946       6431.478    0.000  -0.138   0.380   0.
  2017 352 20 32  9 508 352.855665605      -0.03      1.06     -0.57  0.        3217.102       1963.575       6432.629    0.000  -0.138   0.380   0.
  2017 352 20 32 10 508 352.855677179      -0.13      1.07     -0.43  0.        3216.110       1965.204       6433.780    0.000  -0.138   0.380   0.
  2017 352 20 32 11 508 352.855688753       0.01      1.13     -0.56  0.        3215.117       1966.833       6434.929    0.000  -0.138   0.380   0.
  2017 352 20 32 12 508 352.855700327      -0.13      1.12     -0.71  0.        3214.125       1968.462       6436.078    0.000  -0.138   0.380   0.
  2017 352 20 32 13 507 352.855711900      -0.37      1.08     -0.76  0.        3213.132       1970.091       6437.227    0.000  -0.138   0.380   0.
  2017 352 20 32 14 507 352.855723472      -0.06      1.28     -0.58  0.        3212.139       1971.720       6438.374    0.000  -0.138   0.380   0.
  2017 352 20 32 15 507 352.855735046      -0.07      1.28     -0.61  0.        3211.145       1973.348       6439.521    0.000  -0.138   0.380   0.
  2017 352 20 32 16 508 352.855746620      -0.05      1.19     -0.57  0.        3210.151       1974.976       6440.668    0.000  -0.138   0.380   0.
  2017 352 20 32 17 508 352.855758194       0.01      1.22     -0.63  0.        3209.157       1976.604       6441.814    0.000  -0.138   0.380   0.
  2017 352 20 32 18 507 352.855769769       0.03      1.20     -0.52  0.        3208.163       1978.231       6442.959    0.000  -0.138   0.380   0.
  2017 352 20 32 19 507 352.855781343       0.16      1.18     -0.29  0.        3207.168       1979.859       6444.103    0.000  -0.138   0.380   0.
  2017 352 20 32 20 508 352.855792917       0.12      1.04     -0.34  0.        3206.173       1981.486       6445.247    0.000  -0.138   0.380   0.
  2017 352 20 32 21 508 352.855804491      -0.02      1.07     -0.50  0.        3205.177       1983.113       6446.390    0.000  -0.138   0.380   0.
  2017 352 20 32 22 508 352.855816065      -0.04      1.05     -0.49  0.        3204.181       1984.740       6447.532    0.000  -0.138   0.380   0.
  2017 352 20 32 23 508 352.855827639      -0.06      1.00     -0.67  0.        3203.185       1986.367       6448.674    0.000  -0.138   0.380   0.
  2017 352 20 32 24 508 352.855839213      -0.21      1.06     -0.68  0.        3202.189       1987.993       6449.815    0.000  -0.138   0.380   0.
  2017 352 20 32 25 507 352.855850787      -0.33      1.07     -0.43  0.        3201.192       1989.620       6450.956    0.000  -0.138   0.380   0.
  2017 352 20 32 26 507 352.855862361      -0.15      1.08     -0.37  0.        3200.195       1991.246       6452.095    0.000  -0.138   0.380   0.
  2017 352 20 32 27 507 352.855873935      -0.09      1.14     -0.37  0.        3199.197       1992.872       6453.234    0.000  -0.138   0.380   0.
  2017 352 20 32 28 507 352.855885509       0.02      1.15     -0.36  0.        3198.200       1994.497       6454.373    0.000  -0.138   0.380   0.
  2017 352 20 32 29 507 352.855897083       0.11      1.15     -0.45  0.        3197.201       1996.123       6455.511    0.000  -0.138   0.380   0.
  2017 352 20 32 30 508 352.855908657       0.04      1.12     -0.37  0.        3196.203       1997.748       6456.648    0.000  -0.138   0.380   0.
  2017 352 20 32 31 508 352.855920231       0.01      1.09     -0.43  0.        3195.204       1999.373       6457.784    0.000  -0.138   0.380   0.
  2017 352 20 32 32 507 352.855931806      -0.11      1.02     -0.56  0.        3194.205       2000.998       6458.920    0.000  -0.138   0.380   0.
  2017 352 20 32 33 507 352.855943380      -0.33      1.02     -0.65  0.        3193.206       2002.622       6460.055    0.000  -0.138   0.380   0.
  2017 352 20 32 34 508 352.855954954      -0.33      1.25     -0.39  0.        3192.206       2004.247       6461.190    0.000  -0.138   0.380   0.
  2017 352 20 32 35 508 352.855966528      -0.11      1.16     -0.35  0.        3191.206       2005.871       6462.324    0.000  -0.138   0.380   0.
  2017 352 20 32 36 508 352.855978102       0.36      1.23     -0.27  0.        3190.205       2007.495       6463.457    0.000  -0.138   0.380   0.
  2017 352 20 32 37 508 352.855989676       0.23      1.09     -0.09  0.        3189.205       2009.119       6464.589    0.000  -0.138   0.380   0.
  2017 352 20 32 38 507 352.856001250       0.11      1.03     -0.29  0.        3188.204       2010.742       6465.721    0.000  -0.138   0.380   0.
  2017 352 20 32 39 507 352.856012824      -0.21      1.00     -0.29  0.        3187.202       2012.366       6466.852    0.000  -0.138   0.380   0.
  2017 352 20 32 40 507 352.856024398      -0.09      0.98     -0.02  0.        3186.200       2013.989       6467.983    0.000  -0.138   0.380   0.
  2017 352 20 32 41 507 352.856035972       0.07      1.03     -0.22  0.        3185.198       2015.612       6469.113    0.000  -0.138   0.380   0.
  2017 352 20 32 42 507 352.856047546       0.00      1.08     -0.19  0.        3184.196       2017.235       6470.242    0.000  -0.138   0.380   0.
  2017 352 20 32 43 508 352.856059120      -0.27      0.98     -0.40  0.        3183.193       2018.857       6471.370    0.000  -0.138   0.380   0.
  2017 352 20 32 44 507 352.856070692      -0.32      0.96     -0.36  0.        3182.190       2020.480       6472.498    0.000  -0.138   0.380   0.
  2017 352 20 32 45 507 352.856082266      -0.16      1.18     -0.31  0.        3181.187       2022.102       6473.625    0.000  -0.138   0.380   0.
  2017 352 20 32 46 507 352.856093840      -0.14      1.16     -0.41  0.        3180.183       2023.724       6474.752    0.000  -0.138   0.380   0.
  2017 352 20 32 47 507 352.856105414      -0.34      1.06     -0.50  0.        3179.179       2025.346       6475.878    0.000  -0.138   0.380   0.
  2017 352 20 32 48 507 352.856116988      -0.34      1.08     -0.43  0.        3178.175       2026.967       6477.003    0.000  -0.138   0.380   0.
  2017 352 20 32 49 507 352.856128562      -0.31      1.11     -0.28  0.        3177.170       2028.589       6478.128    0.000  -0.138   0.380   0.
  2017 352 20 32 50 507 352.856140136      -0.25      1.03     -0.38  0.        3176.166       2030.210       6479.252    0.000  -0.138   0.380   0.
  2017 352 20 32 51 507 352.856151710      -0.39      0.94     -0.51  0.        3175.160       2031.831       6480.375    0.000  -0.138   0.380   0.
  2017 352 20 32 52 507 352.856163284      -0.39      0.96     -0.51  0.        3174.155       2033.451       6481.498    0.000  -0.138   0.380   0.
  2017 352 20 32 53 507 352.856174858      -0.29      1.05     -0.45  0.        3173.149       2035.072       6482.619    0.000  -0.138   0.380   0.
  2017 352 20 32 54 507 352.856186432      -0.34      1.08     -0.52  0.        3172.143       2036.692       6483.741    0.000  -0.138   0.380   0.
  2017 352 20 32 55 507 352.856198006      -0.37      1.06     -0.46  0.        3171.136       2038.312       6484.862    0.000  -0.138   0.380   0.
  2017 352 20 32 56 507 352.856209580      -0.22      1.12     -0.39  0.        3170.129       2039.932       6485.981    0.000  -0.138   0.380   0.
  2017 352 20 32 57 507 352.856221154      -0.21      1.08     -0.36  0.        3169.122       2041.552       6487.101    0.000  -0.138   0.380   0.
  2017 352 20 32 58 507 352.856232729      -0.22      1.07     -0.34  0.        3168.114       2043.171       6488.219    0.000  -0.138   0.380   0.
  2017 352 20 32 59 507 352.856244303      -0.23      1.04     -0.39  0.        3167.106       2044.791       6489.337    0.000  -0.138   0.380   0.
  2017 352 20 33  0 507 352.856255877      -0.25      1.10     -0.46  0.        3166.098       2046.410       6490.455    0.000  -0.138   0.380   0.
  2017 352 20 33  1 507 352.856267451      -0.21      1.08     -0.46  0.        3165.090       2048.029       6491.571    0.000  -0.138   0.380   0.
  2017 352 20 33  2 507 352.856279025      -0.15      1.04     -0.43  0.        3164.081       2049.647       6492.687    0.000  -0.138   0.380   0.
  2017 352 20 33  3 507 352.856290599      -0.23      1.08     -0.41  0.        3163.072       2051.266       6493.803    0.000  -0.138   0.380   0.
  2017 352 20 33  4 507 352.856302173      -0.23      1.11     -0.40  0.        3162.063       2052.884       6494.918    0.000  -0.138   0.380   0.
  2017 352 20 33  5 507 352.856313747      -0.32      1.15     -0.40  0.        3161.053       2054.502       6496.032    0.000  -0.138   0.380   0.
  2017 352 20 33  6 507 352.856325321      -0.37      1.18     -0.44  0.        3160.043       2056.120       6497.145    0.000  -0.138   0.380   0.
  2017 352 20 33  7 507 352.856336895      -0.43      1.19     -0.50  0.        3159.032       2057.738       6498.258    0.000  -0.138   0.380   0.
  2017 352 20 33  8 507 352.856348469      -0.33      1.27     -0.31  0.        3158.022       2059.355       6499.370    0.000  -0.138   0.380   0.
  2017 352 20 33  9 507 352.856360043      -0.27      1.30     -0.22  0.        3157.011       2060.972       6500.481    0.000  -0.138   0.380   0.
  2017 352 20 33 10 507 352.856371617      -0.29      1.20     -0.33  0.        3155.999       2062.589       6501.592    0.000  -0.138   0.380   0.
  2017 352 20 33 11 507 352.856383191      -0.28      1.11     -0.38  0.        3154.988       2064.206       6502.702    0.000  -0.138   0.380   0.
  2017 352 20 33 12 507 352.856394763      -0.26      1.08     -0.39  0.        3153.976       2065.823       6503.812    0.000  -0.138   0.380   0.
  2017 352 20 33 13 507 352.856406337      -0.31      1.07     -0.38  0.        3152.963       2067.439       6504.921    0.000  -0.138   0.380   0.
  2017 352 20 33 14 507 352.856417911      -0.22      1.02     -0.33  0.        3151.951       2069.055       6506.029    0.000  -0.138   0.380   0.
  2017 352 20 33 15 507 352.856429485      -0.25      1.10     -0.27  0.        3150.938       2070.671       6507.136    0.000  -0.138   0.380   0.
  2017 352 20 33 16 507 352.856441059      -0.23      1.12     -0.28  0.        3149.925       2072.287       6508.243    0.000  -0.138   0.380   0.
  2017 352 20 33 17 507 352.856452633      -0.39      1.11     -0.37  0.        3148.911       2073.903       6509.349    0.000  -0.138   0.380   0.
  2017 352 20 33 18 507 352.856464207      -0.08      1.16     -0.07  0.        3147.897       2075.518       6510.455    0.000  -0.138   0.380   0.
  2017 352 20 33 19 507 352.856475781       0.21      1.20     -0.19  0.        3146.883       2077.133       6511.560    0.000  -0.138   0.380   0.
  2017 352 20 33 20 507 352.856487355      -0.24      1.10     -0.40  0.        3145.868       2078.748       6512.664    0.000  -0.138   0.380   0.
  2017 352 20 33 21 507 352.856498929      -1.03      0.91     -0.43  0.        3144.853       2080.363       6513.768    0.000  -0.138   0.380   0.
  2017 352 20 33 22 507 352.856510504      -0.68      1.07      0.30  0.        3143.838       2081.977       6514.871    0.000  -0.138   0.380   0.
  2017 352 20 33 23 507 352.856522078       0.31      1.26      0.21  0.        3142.823       2083.591       6515.973    0.000  -0.138   0.380   0.
  2017 352 20 33 24 507 352.856533652       0.11      1.10     -0.25  0.        3141.807       2085.206       6517.074    0.000  -0.138   0.380   0.
  2017 352 20 33 25 507 352.856545226      -0.20      0.96     -0.29  0.        3140.791       2086.819       6518.175    0.000  -0.138   0.380   0.
  2017 352 20 33 26 507 352.856556800      -0.37      0.93     -0.51  0.        3139.775       2088.433       6519.276    0.000  -0.138   0.380   0.
  2017 352 20 33 27 507 352.856568374      -0.24      0.97     -0.45  0.        3138.758       2090.047       6520.375    0.000  -0.138   0.380   0.
  2017 352 20 33 28 507 352.856579948      -0.11      1.00     -0.47  0.        3137.741       2091.660       6521.475    0.000  -0.138   0.380   0.
  2017 352 20 33 29 507 352.856591522      -0.25      0.97     -0.42  0.        3136.723       2093.273       6522.573    0.000  -0.138   0.380   0.
  2017 352 20 33 30 507 352.856603096      -0.37      1.06     -0.37  0.        3135.706       2094.886       6523.671    0.000  -0.138   0.380   0.
  2017 352 20 33 31 507 352.856614670      -0.42      1.07     -0.33  0.        3134.688       2096.498       6524.768    0.000  -0.138   0.380   0.
  2017 352 20 33 32 507 352.856626244      -0.39      1.01     -0.29  0.        3133.670       2098.111       6525.864    0.000  -0.138   0.380   0.
  2017 352 20 33 33 507 352.856637818      -0.40      1.01     -0.28  0.        3132.651       2099.723       6526.960    0.000  -0.138   0.380   0.
  2017 352 20 33 34 507 352.856649392      -0.38      1.02     -0.35  0.        3131.632       2101.335       6528.055    0.000  -0.138   0.380   0.
  2017 352 20 33 35 507 352.856660966      -0.29      0.97     -0.42  0.        3130.613       2102.947       6529.149    0.000  -0.138   0.380   0.
  2017 352 20 33 36 507 352.856672540      -0.29      0.98     -0.51  0.        3129.593       2104.559       6530.243    0.000  -0.138   0.380   0.
  2017 352 20 33 37 507 352.856684115      -0.15      1.08     -0.46  0.        3128.573       2106.170       6531.336    0.000  -0.138   0.380   0.
  2017 352 20 33 38 507 352.856695689      -0.02      1.10     -0.42  0.        3127.553       2107.781       6532.429    0.000  -0.138   0.380   0.
  2017 352 20 33 39 507 352.856707263      -0.16      1.04     -0.56  0.        3126.533       2109.392       6533.521    0.000  -0.138   0.380   0.
  2017 352 20 33 40 507 352.856718837      -0.50      1.11     -0.62  0.        3125.512       2111.003       6534.612    0.000  -0.138   0.380   0.
  2017 352 20 33 41 507 352.856730410      -0.50      1.18     -0.43  0.        3124.491       2112.613       6535.702    0.000  -0.138   0.380   0.
  2017 352 20 33 42 507 352.856741982      -0.31      1.22     -0.18  0.        3123.469       2114.224       6536.792    0.000  -0.138   0.380   0.
  2017 352 20 33 43 507 352.856753556      -0.21      1.26     -0.18  0.        3122.448       2115.834       6537.881    0.000  -0.138   0.380   0.
  2017 352 20 33 44 507 352.856765130      -0.22      1.20     -0.39  0.        3121.426       2117.444       6538.970    0.000  -0.138   0.380   0.
  2017 352 20 33 45 507 352.856776704      -0.10      1.38     -0.42  0.        3120.403       2119.053       6540.058    0.000  -0.138   0.380   0.
  2017 352 20 33 46 507 352.856788278      -0.14      1.24     -0.39  0.        3119.381       2120.663       6541.145    0.000  -0.138   0.380   0.
  2017 352 20 33 47 507 352.856799852      -0.08      1.20     -0.36  0.        3118.358       2122.272       6542.232    0.000  -0.138   0.380   0.
  2017 352 20 33 48 507 352.856811427      -0.04      1.22     -0.15  0.        3117.334       2123.881       6543.318    0.000  -0.138   0.380   0.
  2017 352 20 33 49 507 352.856823001       0.02      1.20     -0.09  0.        3116.311       2125.490       6544.403    0.000  -0.138   0.380   0.
  2017 352 20 33 50 507 352.856834575      -0.08      1.13     -0.14  0.        3115.287       2127.099       6545.488    0.000  -0.138   0.380   0.
  2017 352 20 33 51 507 352.856846149      -0.13      1.07      0.08  0.        3114.263       2128.707       6546.572    0.000  -0.138   0.380   0.
  2017 352 20 33 52 507 352.856857723      -0.17      1.13      0.02  0.        3113.238       2130.316       6547.655    0.000  -0.138   0.380   0.
  2017 352 20 33 53 507 352.856869297      -0.37      1.11     -0.07  0.        3112.214       2131.924       6548.738    0.000  -0.138   0.380   0.
  2017 352 20 33 54 507 352.856880871      -0.07      1.16      0.27  0.        3111.188       2133.531       6549.820    0.000  -0.138   0.380   0.
  2017 352 20 33 55 507 352.856892445      -0.21      1.22     -0.12  0.        3110.163       2135.139       6550.902    0.000  -0.138   0.380   0.
  2017 352 20 33 56 507 352.856904019      -0.73      1.07     -0.19  0.        3109.137       2136.746       6551.982    0.000  -0.138   0.380   0.
  2017 352 20 33 57 507 352.856915593      -0.82      1.01     -0.38  0.        3108.111       2138.353       6553.062    0.000  -0.138   0.380   0.
  2017 352 20 33 58 507 352.856927167      -0.52      1.13     -0.34  0.        3107.085       2139.960       6554.142    0.000  -0.138   0.380   0.
  2017 352 20 33 59 507 352.856938741      -0.09      1.17     -0.23  0.        3106.058       2141.567       6555.221    0.000  -0.138   0.380   0.
  2017 352 20 34  0 507 352.856950315      -0.17      1.18     -0.14  0.        3105.031       2143.174       6556.299    0.000  -0.138   0.380   0.
  2017 352 20 34  1 507 352.856961889      -0.27      1.09     -0.16  0.        3104.004       2144.780       6557.376    0.000  -0.138   0.380   0.
  2017 352 20 34  2 507 352.856973464      -0.36      1.05     -0.24  0.        3102.976       2146.386       6558.453    0.000  -0.138   0.380   0.
  2017 352 20 34  3 507 352.856985038      -0.33      1.05     -0.27  0.        3101.948       2147.992       6559.530    0.000  -0.138   0.380   0.
  2017 352 20 34  4 507 352.856996612      -0.32      1.08     -0.27  0.        3100.920       2149.598       6560.605    0.000  -0.138   0.380   0.
  2017 352 20 34  5 507 352.857008186      -0.35      1.04     -0.23  0.        3099.892       2151.203       6561.680    0.000  -0.138   0.380   0.
  2017 352 20 34  6 507 352.857019760      -0.40      1.05     -0.26  0.        3098.863       2152.809       6562.755    0.000  -0.138   0.380   0.
  2017 352 20 34  7 507 352.857031334      -0.50      1.04     -0.26  0.        3097.834       2154.414       6563.828    0.000  -0.138   0.380   0.
  2017 352 20 34  8 507 352.857042908      -0.61      0.99     -0.27  0.        3096.804       2156.018       6564.901    0.000  -0.138   0.379   0.
  2017 352 20 34  9 507 352.857054482      -0.76      1.10     -0.30  0.        3095.775       2157.623       6565.974    0.000  -0.138   0.379   0.
  2017 352 20 34 10 507 352.857066056      -0.94      1.21     -0.32  0.        3094.745       2159.227       6567.045    0.000  -0.138   0.380   0.
  2017 352 20 34 11 507 352.857077630      -0.93      1.21     -0.41  0.        3093.714       2160.832       6568.117    0.000  -0.138   0.380   0.
  2017 352 20 34 12 507 352.857089204      -0.94      1.22     -0.43  0.        3092.684       2162.436       6569.187    0.000  -0.138   0.380   0.
  2017 352 20 34 13 507 352.857100777      -0.89      1.20     -0.43  0.        3091.653       2164.040       6570.257    0.000  -0.138   0.380   0.
  2017 352 20 34 14 506 352.857112350      -0.64      1.18     -0.22  0.        3090.622       2165.643       6571.326    0.000  -0.138   0.380   0.
  2017 352 20 34 15 506 352.857123924      -0.33      1.21     -0.08  0.        3089.590       2167.247       6572.394    0.000  -0.138   0.380   0.
  2017 352 20 34 16 507 352.857135498      -0.20      1.19     -0.05  0.        3088.558       2168.850       6573.462    0.000  -0.138   0.380   0.
  2017 352 20 34 17 507 352.857147072      -0.05      1.11     -0.23  0.        3087.526       2170.453       6574.529    0.000  -0.138   0.380   0.
  2017 352 20 34 18 507 352.857158646       0.45      1.28     -0.01  0.        3086.494       2172.055       6575.596    0.000  -0.138   0.380   0.
  2017 352 20 34 19 507 352.857170220       0.30      1.26      0.02  0.        3085.461       2173.658       6576.662    0.000  -0.138   0.380   0.
  2017 352 20 34 20 507 352.857181794      -0.34      1.10     -0.16  0.        3084.428       2175.260       6577.727    0.000  -0.138   0.380   0.
  2017 352 20 34 21 506 352.857193368      -0.71      0.99     -0.12  0.        3083.394       2176.862       6578.792    0.000  -0.138   0.380   0.
  2017 352 20 34 22 506 352.857204942      -0.63      1.00     -0.33  0.        3082.361       2178.464       6579.856    0.000  -0.138   0.380   0.
  2017 352 20 34 23 506 352.857216516      -0.48      1.00     -0.35  0.        3081.327       2180.066       6580.919    0.000  -0.138   0.380   0.
  2017 352 20 34 24 506 352.857228090      -0.63      0.97     -0.12  0.        3080.292       2181.667       6581.982    0.000  -0.138   0.380   0.
  2017 352 20 34 25 506 352.857239664      -0.41      0.94     -0.12  0.        3079.258       2183.268       6583.044    0.000  -0.138   0.380   0.
  2017 352 20 34 26 507 352.857251238      -0.23      0.95     -0.40  0.        3078.223       2184.869       6584.105    0.000  -0.138   0.380   0.
  2017 352 20 34 27 506 352.857262812      -0.30      0.99     -0.44  0.        3077.188       2186.470       6585.166    0.000  -0.138   0.380   0.
  2017 352 20 34 28 506 352.857274387      -0.33      1.00     -0.33  0.        3076.152       2188.071       6586.226    0.000  -0.138   0.380   0.
  2017 352 20 34 29 506 352.857285961      -0.19      1.03     -0.24  0.        3075.117       2189.671       6587.285    0.000  -0.138   0.380   0.
  2017 352 20 34 30 507 352.857297535      -0.28      1.05     -0.21  0.        3074.081       2191.271       6588.344    0.000  -0.138   0.380   0.
  2017 352 20 34 31 507 352.857309109      -0.28      1.06     -0.41  0.        3073.044       2192.871       6589.402    0.000  -0.138   0.380   0.
  2017 352 20 34 32 507 352.857320683      -0.45      1.06     -0.53  0.        3072.008       2194.471       6590.460    0.000  -0.138   0.380   0.
  2017 352 20 34 33 507 352.857332257      -0.49      1.07     -0.45  0.        3070.971       2196.071       6591.517    0.000  -0.138   0.380   0.
  2017 352 20 34 34 506 352.857343831      -0.56      1.06     -0.43  0.        3069.933       2197.670       6592.573    0.000  -0.138   0.380   0.
  2017 352 20 34 35 506 352.857355405      -0.46      0.97     -0.50  0.        3068.896       2199.269       6593.628    0.000  -0.138   0.380   0.
  2017 352 20 34 36 506 352.857366979      -0.35      1.09     -0.47  0.        3067.858       2200.868       6594.684    0.000  -0.138   0.380   0.
  2017 352 20 34 37 506 352.857378553      -0.31      1.17     -0.30  0.        3066.820       2202.467       6595.738    0.000  -0.138   0.380   0.
  2017 352 20 34 38 506 352.857390127      -0.25      1.09     -0.25  0.        3065.781       2204.065       6596.792    0.000  -0.138   0.380   0.
  2017 352 20 34 39 507 352.857401701      -0.10      1.16     -0.35  0.        3064.743       2205.663       6597.845    0.000  -0.138   0.380   0.
  2017 352 20 34 40 507 352.857413275      -0.19      1.17     -0.26  0.        3063.703       2207.261       6598.897    0.000  -0.138   0.380   0.
  2017 352 20 34 41 506 352.857424850      -0.29      1.06     -0.37  0.        3062.664       2208.859       6599.949    0.000  -0.138   0.380   0.
  2017 352 20 34 42 506 352.857436424      -0.37      1.13     -0.54  0.        3061.624       2210.457       6601.000    0.000  -0.138   0.380   0.
  2017 352 20 34 43 507 352.857447997      -0.44      1.15     -0.51  0.        3060.584       2212.054       6602.050    0.000  -0.138   0.380   0.
  2017 352 20 34 44 506 352.857459569      -0.37      1.13     -0.50  0.        3059.544       2213.651       6603.100    0.000  -0.138   0.380   0.
  2017 352 20 34 45 506 352.857471143      -0.54      1.02     -0.53  0.        3058.504       2215.248       6604.149    0.000  -0.138   0.380   0.
  2017 352 20 34 46 506 352.857482717      -0.46      1.11     -0.64  0.        3057.463       2216.845       6605.198    0.000  -0.138   0.380   0.
  2017 352 20 34 47 506 352.857494291      -0.40      1.19     -0.37  0.        3056.422       2218.442       6606.246    0.000  -0.138   0.380   0.
  2017 352 20 34 48 506 352.857505865      -0.50      1.27     -0.32  0.        3055.380       2220.038       6607.293    0.000  -0.138   0.380   0.
  2017 352 20 34 49 506 352.857517439      -0.53      1.29     -0.21  0.        3054.339       2221.634       6608.339    0.000  -0.138   0.380   0.
  2017 352 20 34 50 506 352.857529013      -0.51      1.24     -0.17  0.        3053.296       2223.230       6609.385    0.000  -0.138   0.380   0.
  2017 352 20 34 51 506 352.857540587      -0.42      1.28     -0.05  0.        3052.254       2224.825       6610.431    0.000  -0.138   0.380   0.
  2017 352 20 34 52 506 352.857552161      -0.32      1.23     -0.02  0.        3051.212       2226.421       6611.475    0.000  -0.138   0.380   0.
  2017 352 20 34 53 506 352.857563736      -0.38      1.19     -0.11  0.        3050.169       2228.016       6612.519    0.000  -0.138   0.380   0.
  2017 352 20 34 54 506 352.857575310      -0.55      1.11     -0.08  0.        3049.125       2229.611       6613.563    0.000  -0.138   0.380   0.
  2017 352 20 34 55 506 352.857586884      -0.63      1.09     -0.04  0.        3048.082       2231.206       6614.606    0.000  -0.138   0.380   0.
  2017 352 20 34 56 506 352.857598458      -0.56      1.06     -0.00  0.        3047.038       2232.800       6615.648    0.000  -0.138   0.380   0.
  2017 352 20 34 57 506 352.857610032      -0.47      1.01     -0.17  0.        3045.994       2234.395       6616.689    0.000  -0.138   0.380   0.
  2017 352 20 34 58 506 352.857621606      -0.56      0.97     -0.31  0.        3044.950       2235.989       6617.730    0.000  -0.138   0.380   0.
  2017 352 20 34 59 506 352.857633180      -0.54      0.97     -0.30  0.        3043.905       2237.583       6618.770    0.000  -0.138   0.380   0.
  2017 352 20 35  0 506 352.857644754      -0.35      1.08     -0.26  0.        3042.860       2239.177       6619.810    0.000  -0.138   0.380   0.
  2017 352 20 35  1 506 352.857656328      -0.20      1.04     -0.29  0.        3041.815       2240.770       6620.849    0.000  -0.138   0.380   0.
  2017 352 20 35  2 506 352.857667902      -0.25      1.06     -0.23  0.        3040.769       2242.363       6621.887    0.000  -0.138   0.380   0.
  2017 352 20 35  3 506 352.857679476      -0.36      1.11     -0.19  0.        3039.723       2243.957       6622.925    0.000  -0.138   0.380   0.
  2017 352 20 35  4 506 352.857691050      -0.41      1.07     -0.04  0.        3038.677       2245.549       6623.962    0.000  -0.138   0.380   0.
  2017 352 20 35  5 506 352.857702624      -0.51      1.02     -0.08  0.        3037.631       2247.142       6624.998    0.000  -0.138   0.380   0.
  2017 352 20 35  6 506 352.857714198      -0.73      0.98     -0.12  0.        3036.584       2248.735       6626.034    0.000  -0.138   0.380   0.
  2017 352 20 35  7 506 352.857725773      -0.76      1.11      0.01  0.        3035.537       2250.327       6627.069    0.000  -0.138   0.380   0.
  2017 352 20 35  8 506 352.857737347      -0.80      1.07      0.16  0.        3034.489       2251.919       6628.103    0.000  -0.138   0.380   0.
  2017 352 20 35  9 506 352.857748921      -0.76      1.00      0.01  0.        3033.442       2253.511       6629.137    0.000  -0.138   0.380   0.
  2017 352 20 35 10 506 352.857760495      -0.57      1.01     -0.15  0.        3032.394       2255.102       6630.170    0.000  -0.138   0.380   0.
  2017 352 20 35 11 506 352.857772068      -0.44      0.99     -0.22  0.        3031.346       2256.693       6631.203    0.000  -0.138   0.380   0.
  2017 352 20 35 12 506 352.857783640      -0.56      0.99     -0.38  0.        3030.297       2258.285       6632.235    0.000  -0.138   0.380   0.
  2017 352 20 35 13 506 352.857795214      -0.57      0.92     -0.35  0.        3029.249       2259.875       6633.266    0.000  -0.138   0.380   0.
  2017 352 20 35 14 506 352.857806788      -0.28      1.05     -0.14  0.        3028.199       2261.466       6634.296    0.000  -0.138   0.380   0.
  2017 352 20 35 15 506 352.857818362      -0.52      0.97     -0.24  0.        3027.150       2263.057       6635.326    0.000  -0.138   0.380   0.
  2017 352 20 35 16 506 352.857829936      -0.53      1.00     -0.55  0.        3026.100       2264.647       6636.356    0.000  -0.138   0.380   0.
  2017 352 20 35 17 506 352.857841510      -0.41      1.09     -0.36  0.        3025.050       2266.237       6637.384    0.000  -0.138   0.380   0.
  2017 352 20 35 18 506 352.857853084      -0.51      1.00     -0.09  0.        3024.000       2267.827       6638.413    0.000  -0.138   0.380   0.
  2017 352 20 35 19 506 352.857864659      -0.39      1.07     -0.09  0.        3022.950       2269.416       6639.440    0.000  -0.138   0.380   0.
  2017 352 20 35 20 506 352.857876233      -0.43      1.01     -0.04  0.        3021.899       2271.006       6640.467    0.000  -0.138   0.380   0.
  2017 352 20 35 21 506 352.857887807      -0.45      1.00     -0.05  0.        3020.848       2272.595       6641.493    0.000  -0.138   0.380   0.
  2017 352 20 35 22 506 352.857899381      -0.50      1.07     -0.12  0.        3019.796       2274.184       6642.518    0.000  -0.138   0.380   0.
  2017 352 20 35 23 506 352.857910955      -0.44      1.06     -0.09  0.        3018.745       2275.773       6643.543    0.000  -0.138   0.380   0.
  2017 352 20 35 24 506 352.857922529      -0.78      0.96     -0.21  0.        3017.693       2277.361       6644.568    0.000  -0.138   0.380   0.
  2017 352 20 35 25 506 352.857934103      -0.77      0.95     -0.34  0.        3016.640       2278.949       6645.591    0.000  -0.138   0.380   0.
  2017 352 20 35 26 506 352.857945677      -0.67      1.01     -0.25  0.        3015.588       2280.538       6646.614    0.000  -0.138   0.380   0.
  2017 352 20 35 27 506 352.857957251      -0.71      0.90     -0.52  0.        3014.535       2282.125       6647.636    0.000  -0.138   0.380   0.
  2017 352 20 35 28 506 352.857968825      -0.72      0.96     -0.34  0.        3013.482       2283.713       6648.658    0.000  -0.138   0.380   0.
  2017 352 20 35 29 506 352.857980399      -0.53      0.96     -0.19  0.        3012.429       2285.301       6649.679    0.000  -0.138   0.380   0.
  2017 352 20 35 30 506 352.857991973      -0.55      0.95     -0.28  0.        3011.375       2286.888       6650.700    0.000  -0.138   0.380   0.
  2017 352 20 35 31 506 352.858003547      -0.59      0.97     -0.32  0.        3010.321       2288.475       6651.719    0.000  -0.138   0.380   0.
  2017 352 20 35 32 506 352.858015122      -0.53      0.95     -0.13  0.        3009.267       2290.062       6652.739    0.000  -0.138   0.380   0.
  2017 352 20 35 33 506 352.858026696      -0.52      0.96     -0.21  0.        3008.212       2291.648       6653.757    0.000  -0.138   0.380   0.
  2017 352 20 35 34 506 352.858038270      -0.60      0.98     -0.20  0.        3007.157       2293.234       6654.775    0.000  -0.138   0.380   0.
  2017 352 20 35 35 506 352.858049844      -0.60      1.00     -0.29  0.        3006.102       2294.821       6655.792    0.000  -0.138   0.380   0.
  2017 352 20 35 36 506 352.858061418      -0.65      0.97     -0.41  0.        3005.046       2296.406       6656.809    0.000  -0.138   0.380   0.
  2017 352 20 35 37 506 352.858072992      -0.64      1.01     -0.40  0.        3003.991       2297.992       6657.825    0.000  -0.138   0.380   0.
  2017 352 20 35 38 506 352.858084566      -0.60      0.98     -0.28  0.        3002.934       2299.578       6658.840    0.000  -0.138   0.380   0.
  2017 352 20 35 39 506 352.858096140      -0.60      0.93     -0.22  0.        3001.878       2301.163       6659.855    0.000  -0.138   0.380   0.
  2017 352 20 35 40 506 352.858107714      -0.51      0.93     -0.23  0.        3000.822       2302.748       6660.869    0.000  -0.138   0.380   0.
  2017 352 20 35 41 506 352.858119287      -0.46      0.93     -0.21  0.        2999.765       2304.333       6661.882    0.000  -0.138   0.380   0.
  2017 352 20 35 42 506 352.858130859      -0.46      0.95     -0.15  0.        2998.708       2305.917       6662.895    0.000  -0.138   0.380   0.
  2017 352 20 35 43 506 352.858142433      -0.46      0.97     -0.19  0.        2997.651       2307.502       6663.907    0.000  -0.138   0.380   0.
  2017 352 20 35 44 506 352.858154008      -0.62      0.93     -0.27  0.        2996.593       2309.086       6664.919    0.000  -0.138   0.380   0.
  2017 352 20 35 45 506 352.858165582      -0.45      0.94     -0.21  0.        2995.535       2310.670       6665.930    0.000  -0.138   0.380   0.
  2017 352 20 35 46 506 352.858177156      -0.46      0.99     -0.17  0.        2994.477       2312.254       6666.940    0.000  -0.138   0.380   0.
  2017 352 20 35 47 506 352.858188730      -0.64      0.91     -0.33  0.        2993.418       2313.837       6667.950    0.000  -0.138   0.380   0.
  2017 352 20 35 48 506 352.858200304      -0.57      0.93     -0.50  0.        2992.359       2315.420       6668.959    0.000  -0.138   0.380   0.
  2017 352 20 35 49 506 352.858211878      -0.57      0.97     -0.44  0.        2991.300       2317.003       6669.967    0.000  -0.138   0.380   0.
  2017 352 20 35 50 506 352.858223452      -0.31      0.94     -0.06  0.        2990.241       2318.586       6670.975    0.000  -0.138   0.380   0.
  2017 352 20 35 51 506 352.858235026      -0.18      0.95      0.10  0.        2989.181       2320.169       6671.982    0.000  -0.138   0.380   0.
  2017 352 20 35 52 506 352.858246600      -0.55      0.77     -0.08  0.        2988.121       2321.751       6672.988    0.000  -0.138   0.380   0.
  2017 352 20 35 53 506 352.858258174      -0.44      0.85     -0.20  0.        2987.061       2323.333       6673.994    0.000  -0.138   0.380   0.
  2017 352 20 35 54 506 352.858269748      -0.38      0.92     -0.21  0.        2986.000       2324.915       6674.999    0.000  -0.138   0.380   0.
  2017 352 20 35 55 506 352.858281322      -0.39      0.95     -0.13  0.        2984.939       2326.497       6676.004    0.000  -0.138   0.380   0.
  2017 352 20 35 56 506 352.858292896      -0.43      0.94     -0.14  0.        2983.878       2328.079       6677.008    0.000  -0.138   0.380   0.
  2017 352 20 35 57 506 352.858304470      -0.52      0.89     -0.46  0.        2982.817       2329.660       6678.011    0.000  -0.138   0.380   0.
  2017 352 20 35 58 506 352.858316045      -0.17      1.06     -0.27  0.        2981.755       2331.241       6679.014    0.000  -0.138   0.380   0.
  2017 352 20 35 59 506 352.858327619      -0.04      1.04      0.15  0.        2980.693       2332.822       6680.016    0.000  -0.138   0.380   0.
  2017 352 20 36  0 506 352.858339193      -0.40      0.94     -0.09  0.        2979.631       2334.403       6681.017    0.000  -0.138   0.380   0.
  2017 352 20 36  1 506 352.858350767      -0.57      0.88     -0.26  0.        2978.569       2335.983       6682.018    0.000  -0.138   0.380   0.
  2017 352 20 36  2 506 352.858362341      -0.55      0.96     -0.13  0.        2977.506       2337.563       6683.018    0.000  -0.138   0.380   0.
  2017 352 20 36  3 506 352.858373915      -0.31      1.04     -0.13  0.        2976.443       2339.143       6684.018    0.000  -0.138   0.380   0.
  2017 352 20 36  4 506 352.858385489      -0.30      1.01      0.07  0.        2975.379       2340.723       6685.017    0.000  -0.138   0.380   0.
  2017 352 20 36  5 506 352.858397063      -0.36      0.93     -0.07  0.        2974.316       2342.302       6686.015    0.000  -0.138   0.380   0.
  2017 352 20 36  6 506 352.858408637      -0.28      0.93     -0.14  0.        2973.252       2343.882       6687.013    0.000  -0.138   0.380   0.
  2017 352 20 36  7 506 352.858420211      -0.37      0.91     -0.14  0.        2972.187       2345.461       6688.010    0.000  -0.138   0.380   0.
  2017 352 20 36  8 506 352.858431785      -0.45      0.87     -0.23  0.        2971.123       2347.040       6689.006    0.000  -0.138   0.380   0.
  2017 352 20 36  9 506 352.858443359      -0.41      0.94     -0.31  0.        2970.058       2348.618       6690.002    0.000  -0.138   0.380   0.
  2017 352 20 36 10 506 352.858454933      -0.45      0.91     -0.10  0.        2968.993       2350.197       6690.997    0.000  -0.138   0.380   0.
  2017 352 20 36 11 505 352.858466506      -0.58      0.81     -0.27  0.        2967.928       2351.775       6691.991    0.000  -0.138   0.380   0.
  2017 352 20 36 12 506 352.858478079      -0.42      0.90     -0.35  0.        2966.862       2353.353       6692.985    0.000  -0.138   0.380   0.
  2017 352 20 36 13 506 352.858489653      -0.45      0.91     -0.21  0.        2965.796       2354.931       6693.978    0.000  -0.138   0.380   0.
  2017 352 20 36 14 506 352.858501227      -0.52      0.94     -0.23  0.        2964.730       2356.508       6694.971    0.000  -0.138   0.380   0.
  2017 352 20 36 15 506 352.858512801      -0.34      1.08     -0.20  0.        2963.664       2358.086       6695.963    0.000  -0.138   0.380   0.
  2017 352 20 36 16 506 352.858524375      -0.42      1.15     -0.19  0.        2962.597       2359.663       6696.954    0.000  -0.138   0.380   0.
  2017 352 20 36 17 505 352.858535949      -0.58      1.13     -0.20  0.        2961.530       2361.240       6697.945    0.000  -0.138   0.380   0.
  2017 352 20 36 18 505 352.858547523      -0.71      1.22     -0.12  0.        2960.463       2362.816       6698.935    0.000  -0.138   0.380   0.
  2017 352 20 36 19 505 352.858559097      -0.91      1.07     -0.16  0.        2959.395       2364.393       6699.925    0.000  -0.138   0.380   0.
  2017 352 20 36 20 505 352.858570671      -0.62      1.10     -0.20  0.        2958.327       2365.969       6700.913    0.000  -0.138   0.380   0.
  2017 352 20 36 21 506 352.858582245      -0.44      1.15     -0.16  0.        2957.259       2367.545       6701.901    0.000  -0.138   0.380   0.
  2017 352 20 36 22 506 352.858593819      -0.49      1.03     -0.35  0.        2956.191       2369.121       6702.889    0.000  -0.138   0.380   0.
  2017 352 20 36 23 505 352.858605393      -0.52      1.05     -0.28  0.        2955.122       2370.696       6703.876    0.000  -0.138   0.380   0.
  2017 352 20 36 24 505 352.858616968      -0.41      1.08      0.04  0.        2954.053       2372.272       6704.862    0.000  -0.138   0.380   0.
  2017 352 20 36 25 506 352.858628542      -0.48      1.01     -0.13  0.        2952.984       2373.847       6705.848    0.000  -0.138   0.380   0.
  2017 352 20 36 26 506 352.858640116      -0.53      0.95     -0.04  0.        2951.915       2375.422       6706.833    0.000  -0.138   0.380   0.
  2017 352 20 36 27 506 352.858651690      -0.36      1.08     -0.02  0.        2950.845       2376.996       6707.817    0.000  -0.138   0.380   0.
  2017 352 20 36 28 506 352.858663264      -0.63      0.96     -0.24  0.        2949.775       2378.571       6708.801    0.000  -0.138   0.380   0.
  2017 352 20 36 29 506 352.858674838      -0.51      1.02      0.15  0.        2948.705       2380.145       6709.784    0.000  -0.138   0.380   0.
  2017 352 20 36 30 505 352.858686412      -0.49      0.99      0.00  0.        2947.634       2381.719       6710.767    0.000  -0.138   0.380   0.
  2017 352 20 36 31 505 352.858697986      -0.54      1.03     -0.16  0.        2946.563       2383.293       6711.749    0.000  -0.138   0.380   0.
  2017 352 20 36 32 505 352.858709560      -0.46      0.99     -0.09  0.        2945.492       2384.867       6712.730    0.000  -0.138   0.380   0.
  2017 352 20 36 33 505 352.858721134      -0.59      1.00     -0.26  0.        2944.421       2386.440       6713.711    0.000  -0.138   0.380   0.
  2017 352 20 36 34 505 352.858732708      -0.59      1.00     -0.28  0.        2943.349       2388.013       6714.691    0.000  -0.138   0.380   0.
  2017 352 20 36 35 506 352.858744282      -0.63      0.98     -0.19  0.        2942.277       2389.586       6715.670    0.000  -0.138   0.380   0.
  2017 352 20 36 36 506 352.858755856      -0.50      0.94     -0.20  0.        2941.205       2391.159       6716.649    0.000  -0.138   0.380   0.
  2017 352 20 36 37 505 352.858767431      -0.49      0.96     -0.23  0.        2940.132       2392.731       6717.627    0.000  -0.138   0.380   0.
  2017 352 20 36 38 505 352.858779005      -0.40      1.00     -0.15  0.        2939.059       2394.303       6718.604    0.000  -0.138   0.380   0.
  2017 352 20 36 39 506 352.858790579      -0.45      1.03     -0.14  0.        2937.986       2395.875       6719.581    0.000  -0.138   0.380   0.
  2017 352 20 36 40 506 352.858802153      -0.46      1.00     -0.18  0.        2936.913       2397.447       6720.558    0.000  -0.138   0.380   0.
  2017 352 20 36 41 506 352.858813726      -0.66      1.06     -0.38  0.        2935.839       2399.019       6721.533    0.000  -0.138   0.380   0.
  2017 352 20 36 42 505 352.858825298      -0.67      1.11     -0.26  0.        2934.766       2400.590       6722.508    0.000  -0.138   0.380   0.
  2017 352 20 36 43 505 352.858836872      -0.58      1.09     -0.13  0.        2933.691       2402.161       6723.483    0.000  -0.138   0.380   0.
  2017 352 20 36 44 505 352.858848446      -0.57      1.04     -0.19  0.        2932.617       2403.732       6724.456    0.000  -0.138   0.380   0.
  2017 352 20 36 45 505 352.858860020      -0.50      1.08     -0.15  0.        2931.542       2405.303       6725.430    0.000  -0.138   0.380   0.
  2017 352 20 36 46 505 352.858871594      -0.51      1.05     -0.29  0.        2930.467       2406.873       6726.402    0.000  -0.138   0.380   0.
  2017 352 20 36 47 505 352.858883168      -0.49      1.07     -0.28  0.        2929.392       2408.443       6727.374    0.000  -0.138   0.380   0.
  2017 352 20 36 48 505 352.858894742      -0.48      1.07     -0.26  0.        2928.316       2410.013       6728.345    0.000  -0.138   0.380   0.
  2017 352 20 36 49 505 352.858906317      -0.51      1.03     -0.24  0.        2927.241       2411.583       6729.316    0.000  -0.138   0.380   0.
  2017 352 20 36 50 505 352.858917891      -0.52      1.01     -0.18  0.        2926.165       2413.153       6730.286    0.000  -0.138   0.380   0.
  2017 352 20 36 51 505 352.858929465      -0.56      1.01     -0.19  0.        2925.088       2414.722       6731.255    0.000  -0.138   0.380   0.
  2017 352 20 36 52 505 352.858941039      -0.62      1.07     -0.19  0.        2924.012       2416.291       6732.224    0.000  -0.138   0.380   0.
  2017 352 20 36 53 505 352.858952613      -0.61      1.03     -0.21  0.        2922.935       2417.860       6733.192    0.000  -0.138   0.380   0.
  2017 352 20 36 54 505 352.858964187      -0.66      1.06     -0.12  0.        2921.858       2419.428       6734.160    0.000  -0.138   0.380   0.
  2017 352 20 36 55 505 352.858975761      -0.54      1.06     -0.07  0.        2920.780       2420.997       6735.127    0.000  -0.138   0.380   0.
  2017 352 20 36 56 505 352.858987335      -0.60      1.13     -0.08  0.        2919.703       2422.565       6736.093    0.000  -0.138   0.380   0.
  2017 352 20 36 57 505 352.858998909      -0.56      1.08     -0.10  0.        2918.625       2424.133       6737.059    0.000  -0.138   0.380   0.
  2017 352 20 36 58 505 352.859010483      -0.38      1.11     -0.10  0.        2917.546       2425.701       6738.023    0.000  -0.138   0.380   0.
  2017 352 20 36 59 505 352.859022057      -0.28      1.13     -0.25  0.        2916.468       2427.268       6738.988    0.000  -0.138   0.380   0.
  2017 352 20 37  0 505 352.859033631      -0.26      1.05     -0.31  0.        2915.389       2428.836       6739.952    0.000  -0.138   0.380   0.
  2017 352 20 37  1 505 352.859045205      -0.04      1.05     -0.23  0.        2914.310       2430.403       6740.915    0.000  -0.138   0.380   0.
  2017 352 20 37  2 505 352.859056779       0.02      1.10     -0.26  0.        2913.231       2431.970       6741.877    0.000  -0.138   0.380   0.
  2017 352 20 37  3 505 352.859068354      -0.10      1.13     -0.21  0.        2912.151       2433.536       6742.839    0.000  -0.138   0.380   0.
  2017 352 20 37  4 505 352.859079928      -0.10      1.05     -0.13  0.        2911.072       2435.103       6743.801    0.000  -0.138   0.380   0.
  2017 352 20 37  5 505 352.859091502      -0.15      1.02     -0.19  0.        2909.991       2436.669       6744.761    0.000  -0.138   0.380   0.
  2017 352 20 37  6 505 352.859103076      -0.12      1.01     -0.34  0.        2908.911       2438.235       6745.721    0.000  -0.138   0.380   0.
  2017 352 20 37  7 505 352.859114650      -0.13      1.01     -0.37  0.        2907.830       2439.801       6746.681    0.000  -0.138   0.380   0.
  2017 352 20 37  8 505 352.859126224      -0.39      1.00     -0.34  0.        2906.749       2441.366       6747.639    0.000  -0.138   0.380   0.
  2017 352 20 37  9 505 352.859137797      -0.24      1.01     -0.30  0.        2905.668       2442.932       6748.597    0.000  -0.138   0.380   0.
  2017 352 20 37 10 505 352.859149369      -0.54      0.99     -0.33  0.        2904.587       2444.497       6749.555    0.000  -0.138   0.380   0.
  2017 352 20 37 11 505 352.859160943      -0.39      1.04      0.08  0.        2903.505       2446.061       6750.512    0.000  -0.138   0.380   0.
  2017 352 20 37 12 505 352.859172517      -0.41      0.98      0.02  0.        2902.423       2447.626       6751.468    0.000  -0.138   0.380   0.
  2017 352 20 37 13 505 352.859184091      -0.58      0.99     -0.04  0.        2901.341       2449.191       6752.424    0.000  -0.138   0.380   0.
  2017 352 20 37 14 505 352.859195666      -0.62      0.97     -0.06  0.        2900.258       2450.755       6753.379    0.000  -0.138   0.380   0.
  2017 352 20 37 15 505 352.859207240      -0.44      1.03     -0.08  0.        2899.176       2452.319       6754.333    0.000  -0.138   0.380   0.
  2017 352 20 37 16 505 352.859218814      -0.60      1.01     -0.34  0.        2898.093       2453.882       6755.287    0.000  -0.138   0.380   0.
  2017 352 20 37 17 505 352.859230388      -0.56      1.06     -0.25  0.        2897.009       2455.446       6756.240    0.000  -0.138   0.380   0.
  2017 352 20 37 18 505 352.859241962      -0.43      1.12     -0.18  0.        2895.926       2457.009       6757.193    0.000  -0.138   0.380   0.
  2017 352 20 37 19 505 352.859253536      -0.53      1.04     -0.22  0.        2894.842       2458.572       6758.145    0.000  -0.138   0.380   0.
  2017 352 20 37 20 505 352.859265110      -0.35      1.15     -0.14  0.        2893.758       2460.135       6759.096    0.000  -0.138   0.380   0.
  2017 352 20 37 21 505 352.859276684      -0.48      1.14     -0.06  0.        2892.673       2461.698       6760.047    0.000  -0.138   0.380   0.
  2017 352 20 37 22 505 352.859288258      -0.58      1.11     -0.03  0.        2891.589       2463.260       6760.997    0.000  -0.138   0.380   0.
  2017 352 20 37 23 505 352.859299832      -0.76      1.02      0.04  0.        2890.504       2464.822       6761.946    0.000  -0.138   0.380   0.
  2017 352 20 37 24 505 352.859311406      -0.46      1.08      0.15  0.        2889.419       2466.384       6762.895    0.000  -0.138   0.380   0.
  2017 352 20 37 25 505 352.859322980      -0.52      1.19     -0.27  0.        2888.333       2467.946       6763.844    0.000  -0.138   0.380   0.
  2017 352 20 37 26 505 352.859334554      -0.67      1.05     -0.52  0.        2887.247       2469.507       6764.791    0.000  -0.138   0.380   0.
  2017 352 20 37 27 505 352.859346128      -0.57      1.11     -0.28  0.        2886.161       2471.068       6765.738    0.000  -0.138   0.380   0.
  2017 352 20 37 28 505 352.859357703      -0.40      1.05      0.09  0.        2885.075       2472.629       6766.685    0.000  -0.138   0.380   0.
  2017 352 20 37 29 505 352.859369277      -0.42      1.04     -0.10  0.        2883.989       2474.190       6767.630    0.000  -0.138   0.380   0.
  2017 352 20 37 30 505 352.859380851      -0.54      0.89     -0.03  0.        2882.902       2475.751       6768.575    0.000  -0.138   0.379   0.
  2017 352 20 37 31 505 352.859392425      -0.50      0.89     -0.04  0.        2881.815       2477.311       6769.520    0.000  -0.138   0.379   0.
  2017 352 20 37 32 505 352.859403999      -0.50      0.90     -0.17  0.        2880.728       2478.871       6770.464    0.000  -0.138   0.380   0.
  2017 352 20 37 33 505 352.859415573      -0.40      0.94     -0.13  0.        2879.640       2480.431       6771.407    0.000  -0.138   0.380   0.
  2017 352 20 37 34 505 352.859427147      -0.41      0.90     -0.04  0.        2878.552       2481.991       6772.350    0.000  -0.138   0.380   0.
  2017 352 20 37 35 505 352.859438721      -0.55      0.88     -0.24  0.        2877.464       2483.550       6773.292    0.000  -0.138   0.380   0.
  2017 352 20 37 36 505 352.859450295      -0.63      0.95     -0.40  0.        2876.376       2485.109       6774.233    0.000  -0.138   0.380   0.
  2017 352 20 37 37 505 352.859461869      -0.63      0.90     -0.24  0.        2875.287       2486.668       6775.174    0.000  -0.138   0.380   0.
  2017 352 20 37 38 505 352.859473443      -0.30      1.01     -0.06  0.        2874.199       2488.227       6776.114    0.000  -0.138   0.380   0.
  2017 352 20 37 39 505 352.859485017      -0.44      0.97     -0.06  0.        2873.109       2489.786       6777.054    0.000  -0.138   0.380   0.
  2017 352 20 37 40 505 352.859496591      -0.47      0.97     -0.15  0.        2872.020       2491.344       6777.993    0.000  -0.138   0.380   0.
  2017 352 20 37 41 505 352.859508164      -0.54      0.95     -0.21  0.        2870.930       2492.902       6778.931    0.000  -0.138   0.380   0.
  2017 352 20 37 42 505 352.859519737      -0.52      1.02     -0.21  0.        2869.840       2494.460       6779.869    0.000  -0.138   0.380   0.
  2017 352 20 37 43 505 352.859531311      -0.59      1.00     -0.10  0.        2868.750       2496.018       6780.806    0.000  -0.138   0.380   0.
  2017 352 20 37 44 505 352.859542885      -0.65      1.02     -0.03  0.        2867.660       2497.575       6781.742    0.000  -0.138   0.380   0.
  2017 352 20 37 45 505 352.859554459      -0.55      1.05     -0.06  0.        2866.569       2499.132       6782.678    0.000  -0.138   0.380   0.
  2017 352 20 37 46 505 352.859566033      -0.44      1.02     -0.12  0.        2865.478       2500.689       6783.613    0.000  -0.138   0.380   0.
  2017 352 20 37 47 505 352.859577607      -0.39      1.10     -0.02  0.        2864.387       2502.246       6784.548    0.000  -0.138   0.380   0.
  2017 352 20 37 48 505 352.859589181      -0.69      0.96     -0.06  0.        2863.296       2503.802       6785.482    0.000  -0.138   0.380   0.
  2017 352 20 37 49 505 352.859600755      -0.59      0.99     -0.18  0.        2862.204       2505.358       6786.415    0.000  -0.138   0.380   0.
  2017 352 20 37 50 505 352.859612329      -0.48      1.00     -0.08  0.        2861.112       2506.915       6787.348    0.000  -0.138   0.380   0.
  2017 352 20 37 51 505 352.859623903      -0.37      0.97     -0.19  0.        2860.020       2508.470       6788.280    0.000  -0.138   0.380   0.
  2017 352 20 37 52 505 352.859635477      -0.29      0.97     -0.02  0.        2858.927       2510.026       6789.212    0.000  -0.138   0.380   0.
  2017 352 20 37 53 505 352.859647052      -0.45      0.94     -0.04  0.        2857.834       2511.581       6790.143    0.000  -0.138   0.380   0.
  2017 352 20 37 54 505 352.859658626      -0.41      0.87     -0.09  0.        2856.741       2513.136       6791.073    0.000  -0.138   0.380   0.
  2017 352 20 37 55 505 352.859670200      -0.39      0.92     -0.26  0.        2855.648       2514.691       6792.003    0.000  -0.138   0.380   0.
  2017 352 20 37 56 505 352.859681774      -0.50      0.84     -0.27  0.        2854.554       2516.246       6792.932    0.000  -0.138   0.380   0.
  2017 352 20 37 57 505 352.859693348      -0.17      0.97     -0.05  0.        2853.461       2517.800       6793.860    0.000  -0.138   0.380   0.
  2017 352 20 37 58 505 352.859704922      -0.30      0.96     -0.26  0.        2852.367       2519.355       6794.788    0.000  -0.138   0.380   0.
  2017 352 20 37 59 505 352.859716496      -0.43      0.98     -0.27  0.        2851.272       2520.909       6795.715    0.000  -0.138   0.380   0.
  2017 352 20 38  0 505 352.859728070      -0.50      0.96     -0.35  0.        2850.178       2522.462       6796.642    0.000  -0.138   0.380   0.
  2017 352 20 38  1 505 352.859739644      -0.36      1.01     -0.15  0.        2849.083       2524.016       6797.568    0.000  -0.138   0.380   0.
  2017 352 20 38  2 505 352.859751218      -0.36      1.01     -0.17  0.        2847.988       2525.569       6798.493    0.000  -0.138   0.380   0.
  2017 352 20 38  3 505 352.859762792      -0.44      0.95     -0.26  0.        2846.892       2527.122       6799.418    0.000  -0.138   0.380   0.
  2017 352 20 38  4 505 352.859774366      -0.57      0.90     -0.30  0.        2845.797       2528.675       6800.342    0.000  -0.138   0.380   0.
  2017 352 20 38  5 505 352.859785940      -0.48      0.91     -0.20  0.        2844.701       2530.228       6801.266    0.000  -0.138   0.380   0.
  2017 352 20 38  6 505 352.859797514      -0.28      0.98     -0.19  0.        2843.605       2531.780       6802.189    0.000  -0.138   0.380   0.
  2017 352 20 38  7 505 352.859809089      -0.27      0.94     -0.18  0.        2842.508       2533.332       6803.111    0.000  -0.138   0.380   0.
  2017 352 20 38  8 505 352.859820663      -0.42      0.95     -0.18  0.        2841.412       2534.884       6804.033    0.000  -0.138   0.380   0.
  2017 352 20 38  9 505 352.859832237      -0.65      0.91     -0.26  0.        2840.315       2536.436       6804.954    0.000  -0.138   0.380   0.
  2017 352 20 38 10 505 352.859843811      -0.71      0.82     -0.13  0.        2839.218       2537.987       6805.874    0.000  -0.138   0.380   0.
  2017 352 20 38 11 505 352.859855384      -0.33      0.97      0.01  0.        2838.120       2539.539       6806.794    0.000  -0.138   0.380   0.
  2017 352 20 38 12 504 352.859866956      -0.45      0.87     -0.01  0.        2837.023       2541.090       6807.713    0.000  -0.138   0.380   0.
  2017 352 20 38 13 504 352.859878530      -0.47      0.82     -0.18  0.        2835.925       2542.640       6808.632    0.000  -0.138   0.380   0.
  2017 352 20 38 14 504 352.859890104      -0.36      0.83     -0.04  0.        2834.827       2544.191       6809.550    0.000  -0.138   0.380   0.
  2017 352 20 38 15 504 352.859901678      -0.24      0.90     -0.21  0.        2833.728       2545.741       6810.467    0.000  -0.138   0.380   0.
  2017 352 20 38 16 504 352.859913252      -0.13      0.90     -0.26  0.        2832.629       2547.291       6811.384    0.000  -0.138   0.380   0.
  2017 352 20 38 17 505 352.859924826      -0.11      0.88     -0.35  0.        2831.531       2548.841       6812.300    0.000  -0.138   0.380   0.
  2017 352 20 38 18 505 352.859936400      -0.24      0.82     -0.38  0.        2830.431       2550.391       6813.216    0.000  -0.138   0.380   0.
  2017 352 20 38 19 504 352.859947975      -0.21      0.88     -0.32  0.        2829.332       2551.940       6814.131    0.000  -0.138   0.380   0.
  2017 352 20 38 20 504 352.859959549      -0.20      0.82     -0.28  0.        2828.232       2553.490       6815.045    0.000  -0.138   0.380   0.
  2017 352 20 38 21 505 352.859971123      -0.31      0.83     -0.27  0.        2827.132       2555.039       6815.959    0.000  -0.138   0.380   0.
  2017 352 20 38 22 505 352.859982697      -0.26      0.83     -0.28  0.        2826.032       2556.587       6816.872    0.000  -0.138   0.380   0.
  2017 352 20 38 23 505 352.859994271      -0.23      0.78     -0.31  0.        2824.932       2558.136       6817.784    0.000  -0.138   0.380   0.
  2017 352 20 38 24 505 352.860005845      -0.27      0.81     -0.29  0.        2823.831       2559.684       6818.696    0.000  -0.138   0.380   0.
  2017 352 20 38 25 505 352.860017419      -0.30      0.84     -0.29  0.        2822.730       2561.232       6819.607    0.000  -0.138   0.380   0.
  2017 352 20 38 26 504 352.860028993      -0.33      0.80     -0.37  0.        2821.629       2562.780       6820.518    0.000  -0.138   0.380   0.
  2017 352 20 38 27 504 352.860040567      -0.33      0.88     -0.34  0.        2820.527       2564.327       6821.428    0.000  -0.138   0.380   0.
  2017 352 20 38 28 504 352.860052141      -0.33      0.93     -0.20  0.        2819.426       2565.875       6822.337    0.000  -0.138   0.380   0.
  2017 352 20 38 29 504 352.860063715      -0.52      0.76     -0.15  0.        2818.324       2567.422       6823.246    0.000  -0.138   0.380   0.
  2017 352 20 38 30 505 352.860075289      -0.33      0.88     -0.07  0.        2817.221       2568.969       6824.154    0.000  -0.138   0.380   0.
  2017 352 20 38 31 505 352.860086863      -0.83      0.74     -0.32  0.        2816.119       2570.515       6825.062    0.000  -0.138   0.380   0.
  2017 352 20 38 32 505 352.860098438       0.01      1.00     -0.10  0.        2815.016       2572.062       6825.969    0.000  -0.138   0.380   0.
  2017 352 20 38 33 504 352.860110012      -0.64      0.86     -0.54  0.        2813.913       2573.608       6826.875    0.000  -0.138   0.380   0.
  2017 352 20 38 34 504 352.860121586      -0.41      0.89     -0.07  0.        2812.810       2575.154       6827.781    0.000  -0.138   0.380   0.
  2017 352 20 38 35 505 352.860133160      -0.23      1.00     -0.08  0.        2811.707       2576.700       6828.686    0.000  -0.138   0.380   0.
  2017 352 20 38 36 505 352.860144734      -0.58      0.81     -0.22  0.        2810.603       2578.245       6829.591    0.000  -0.138   0.380   0.
  2017 352 20 38 37 505 352.860156308      -0.48      0.93     -0.43  0.        2809.499       2579.791       6830.495    0.000  -0.138   0.380   0.
  2017 352 20 38 38 505 352.860167882      -0.67      0.82     -0.35  0.        2808.395       2581.336       6831.398    0.000  -0.138   0.380   0.
  2017 352 20 38 39 504 352.860179456      -0.46      0.90     -0.12  0.        2807.290       2582.881       6832.301    0.000  -0.138   0.380   0.
  2017 352 20 38 40 504 352.860191030      -0.37      0.92     -0.11  0.        2806.185       2584.425       6833.203    0.000  -0.138   0.380   0.
  2017 352 20 38 41 504 352.860202603      -0.55      0.76     -0.26  0.        2805.080       2585.969       6834.104    0.000  -0.138   0.380   0.
  2017 352 20 38 42 504 352.860214175      -0.45      0.89     -0.21  0.        2803.975       2587.514       6835.005    0.000  -0.138   0.380   0.
  2017 352 20 38 43 504 352.860225749      -0.46      0.94     -0.22  0.        2802.870       2589.057       6835.905    0.000  -0.138   0.380   0.
  2017 352 20 38 44 504 352.860237323      -0.54      0.96     -0.27  0.        2801.764       2590.601       6836.805    0.000  -0.138   0.380   0.
  2017 352 20 38 45 504 352.860248898      -0.57      0.91     -0.21  0.        2800.658       2592.145       6837.704    0.000  -0.138   0.380   0.
  2017 352 20 38 46 504 352.860260472      -0.60      0.94     -0.30  0.        2799.552       2593.688       6838.602    0.000  -0.138   0.380   0.
  2017 352 20 38 47 504 352.860272046      -0.62      0.92     -0.24  0.        2798.445       2595.231       6839.500    0.000  -0.138   0.380   0.
  2017 352 20 38 48 504 352.860283620      -0.48      0.97     -0.21  0.        2797.338       2596.774       6840.398    0.000  -0.138   0.380   0.
  2017 352 20 38 49 504 352.860295194      -0.42      0.93     -0.20  0.        2796.231       2598.316       6841.294    0.000  -0.138   0.380   0.
  2017 352 20 38 50 504 352.860306768      -0.45      0.89     -0.28  0.        2795.124       2599.858       6842.190    0.000  -0.138   0.380   0.
  2017 352 20 38 51 504 352.860318342      -0.50      0.92     -0.30  0.        2794.017       2601.400       6843.086    0.000  -0.138   0.380   0.
  2017 352 20 38 52 504 352.860329916      -0.48      0.84     -0.33  0.        2792.909       2602.942       6843.980    0.000  -0.138   0.380   0.
  2017 352 20 38 53 504 352.860341490      -0.44      0.92     -0.29  0.        2791.801       2604.484       6844.874    0.000  -0.138   0.380   0.
  2017 352 20 38 54 504 352.860353064      -0.60      0.87     -0.39  0.        2790.693       2606.025       6845.768    0.000  -0.138   0.380   0.
  2017 352 20 38 55 504 352.860364638      -0.60      0.87     -0.32  0.        2789.584       2607.566       6846.661    0.000  -0.138   0.380   0.
  2017 352 20 38 56 504 352.860376212      -0.24      0.94      0.11  0.        2788.475       2609.107       6847.553    0.000  -0.138   0.380   0.
  2017 352 20 38 57 504 352.860387786      -0.15      0.85      0.16  0.        2787.367       2610.648       6848.445    0.000  -0.138   0.380   0.
  2017 352 20 38 58 504 352.860399361      -0.79      0.76     -0.57  0.        2786.257       2612.188       6849.336    0.000  -0.138   0.380   0.
  2017 352 20 38 59 504 352.860410935      -0.66      0.84     -0.23  0.        2785.148       2613.729       6850.227    0.000  -0.138   0.380   0.
  2017 352 20 39  0 504 352.860422509       0.09      1.11      0.17  0.        2784.038       2615.269       6851.117    0.000  -0.138   0.380   0.
  2017 352 20 39  1 504 352.860434083      -0.52      0.81     -0.03  0.        2782.928       2616.808       6852.006    0.000  -0.138   0.380   0.
  2017 352 20 39  2 504 352.860445657      -0.76      0.76     -0.31  0.        2781.818       2618.348       6852.895    0.000  -0.138   0.380   0.
  2017 352 20 39  3 504 352.860457231      -0.50      1.09     -0.43  0.        2780.708       2619.887       6853.783    0.000  -0.138   0.380   0.
  2017 352 20 39  4 504 352.860468805      -0.53      0.97     -0.21  0.        2779.597       2621.426       6854.670    0.000  -0.138   0.380   0.
  2017 352 20 39  5 504 352.860480379      -0.24      1.05      0.06  0.        2778.486       2622.965       6855.557    0.000  -0.138   0.380   0.
  2017 352 20 39  6 504 352.860491953      -0.71      0.92     -0.28  0.        2777.375       2624.504       6856.443    0.000  -0.138   0.380   0.
  2017 352 20 39  7 504 352.860503527      -0.60      0.94     -0.06  0.        2776.263       2626.042       6857.329    0.000  -0.138   0.380   0.
  2017 352 20 39  8 504 352.860515101      -0.37      0.96     -0.11  0.        2775.152       2627.580       6858.214    0.000  -0.138   0.380   0.
  2017 352 20 39  9 504 352.860526675      -0.33      1.11     -0.13  0.        2774.040       2629.118       6859.099    0.000  -0.138   0.380   0.
  2017 352 20 39 10 504 352.860538247      -1.14      0.75     -0.72  0.        2772.927       2630.656       6859.982    0.000  -0.138   0.380   0.
  2017 352 20 39 11 504 352.860549821      -0.43      1.09     -0.05  0.        2771.815       2632.193       6860.866    0.000  -0.138   0.380   0.
  2017 352 20 39 12 504 352.860561395      -0.04      0.98      0.11  0.        2770.702       2633.730       6861.748    0.000  -0.138   0.380   0.
  2017 352 20 39 13 504 352.860572969      -0.44      0.82     -0.04  0.        2769.590       2635.267       6862.630    0.000  -0.138   0.380   0.
  2017 352 20 39 14 504 352.860584543      -0.57      0.90     -0.11  0.        2768.476       2636.804       6863.512    0.000  -0.138   0.380   0.
  2017 352 20 39 15 504 352.860596117      -0.27      0.84      0.03  0.        2767.363       2638.340       6864.392    0.000  -0.138   0.380   0.
  2017 352 20 39 16 504 352.860607691      -0.55      0.78     -0.16  0.        2766.249       2639.877       6865.273    0.000  -0.138   0.380   0.
  2017 352 20 39 17 504 352.860619265      -0.31      0.89     -0.07  0.        2765.135       2641.413       6866.152    0.000  -0.138   0.380   0.
  2017 352 20 39 18 504 352.860630839      -0.34      0.86     -0.03  0.        2764.021       2642.949       6867.031    0.000  -0.138   0.380   0.
  2017 352 20 39 19 504 352.860642413      -0.52      0.78     -0.11  0.        2762.907       2644.484       6867.910    0.000  -0.138   0.380   0.
  2017 352 20 39 20 504 352.860653987      -0.56      0.80     -0.15  0.        2761.792       2646.019       6868.788    0.000  -0.138   0.380   0.
  2017 352 20 39 21 504 352.860665561      -0.47      0.85     -0.15  0.        2760.678       2647.555       6869.665    0.000  -0.138   0.380   0.
  2017 352 20 39 22 504 352.860677135      -0.45      0.83     -0.17  0.        2759.562       2649.089       6870.541    0.000  -0.138   0.380   0.
  2017 352 20 39 23 504 352.860688709      -0.37      0.85     -0.17  0.        2758.447       2650.624       6871.417    0.000  -0.138   0.380   0.
  2017 352 20 39 24 504 352.860700284      -0.36      0.84     -0.13  0.        2757.332       2652.158       6872.293    0.000  -0.138   0.380   0.
  2017 352 20 39 25 504 352.860711858      -0.46      0.79     -0.26  0.        2756.216       2653.693       6873.167    0.000  -0.138   0.380   0.
  2017 352 20 39 26 504 352.860723432      -0.35      0.86     -0.19  0.        2755.100       2655.227       6874.042    0.000  -0.138   0.380   0.
  2017 352 20 39 27 504 352.860735006      -0.35      0.83     -0.12  0.        2753.983       2656.760       6874.915    0.000  -0.138   0.380   0.
  2017 352 20 39 28 504 352.860746580      -0.37      0.79     -0.13  0.        2752.867       2658.294       6875.788    0.000  -0.138   0.380   0.
  2017 352 20 39 29 504 352.860758154      -0.37      0.82     -0.12  0.        2751.750       2659.827       6876.660    0.000  -0.138   0.380   0.
  2017 352 20 39 30 504 352.860769728      -0.29      0.83     -0.18  0.        2750.633       2661.360       6877.532    0.000  -0.138   0.380   0.
  2017 352 20 39 31 504 352.860781302      -0.35      0.83     -0.30  0.        2749.516       2662.893       6878.403    0.000  -0.138   0.380   0.
  2017 352 20 39 32 504 352.860792876      -0.30      0.83     -0.12  0.        2748.398       2664.425       6879.274    0.000  -0.138   0.380   0.
  2017 352 20 39 33 504 352.860804450      -0.35      0.86     -0.20  0.        2747.280       2665.958       6880.144    0.000  -0.138   0.380   0.
  2017 352 20 39 34 504 352.860816024      -0.39      0.80     -0.19  0.        2746.162       2667.490       6881.013    0.000  -0.138   0.380   0.
  2017 352 20 39 35 504 352.860827598      -0.32      0.82     -0.13  0.        2745.044       2669.022       6881.882    0.000  -0.138   0.380   0.
  2017 352 20 39 36 504 352.860839172      -0.34      0.77     -0.18  0.        2743.926       2670.553       6882.750    0.000  -0.138   0.380   0.
  2017 352 20 39 37 504 352.860850746      -0.32      0.72     -0.23  0.        2742.807       2672.085       6883.617    0.000  -0.138   0.380   0.
  2017 352 20 39 38 504 352.860862321      -0.38      0.75     -0.30  0.        2741.688       2673.616       6884.484    0.000  -0.138   0.380   0.
  2017 352 20 39 39 504 352.860873894      -0.37      0.77     -0.23  0.        2740.569       2675.147       6885.351    0.000  -0.138   0.380   0.
  2017 352 20 39 40 504 352.860885466      -0.37      0.75     -0.32  0.        2739.449       2676.677       6886.216    0.000  -0.138   0.380   0.
  2017 352 20 39 41 504 352.860897040      -0.45      0.74     -0.24  0.        2738.330       2678.208       6887.082    0.000  -0.138   0.380   0.
  2017 352 20 39 42 504 352.860908614      -0.42      0.79     -0.19  0.        2737.210       2679.738       6887.946    0.000  -0.138   0.380   0.
  2017 352 20 39 43 504 352.860920188      -0.40      0.83     -0.27  0.        2736.089       2681.268       6888.810    0.000  -0.138   0.380   0.
  2017 352 20 39 44 504 352.860931762      -0.44      0.82     -0.23  0.        2734.969       2682.798       6889.673    0.000  -0.138   0.380   0.
  2017 352 20 39 45 504 352.860943336      -0.36      0.92     -0.23  0.        2733.849       2684.327       6890.536    0.000  -0.138   0.380   0.
  2017 352 20 39 46 504 352.860954910      -0.51      0.80     -0.02  0.        2732.728       2685.856       6891.398    0.000  -0.138   0.380   0.
  2017 352 20 39 47 504 352.860966484      -0.50      0.77     -0.28  0.        2731.607       2687.385       6892.260    0.000  -0.138   0.380   0.
  2017 352 20 39 48 504 352.860978058      -0.48      0.86     -0.16  0.        2730.485       2688.914       6893.120    0.000  -0.138   0.380   0.
  2017 352 20 39 49 504 352.860989633      -0.70      0.98     -0.36  0.        2729.364       2690.443       6893.981    0.000  -0.138   0.380   0.
  2017 352 20 39 50 504 352.861001207      -0.92      0.82     -0.12  0.        2728.242       2691.971       6894.840    0.000  -0.138   0.380   0.
  2017 352 20 39 51 504 352.861012781      -0.52      1.08      0.12  0.        2727.120       2693.499       6895.699    0.000  -0.138   0.380   0.
  2017 352 20 39 52 504 352.861024355      -0.79      0.92     -0.18  0.        2725.998       2695.027       6896.558    0.000  -0.138   0.380   0.
  2017 352 20 39 53 504 352.861035929      -0.80      0.87     -0.19  0.        2724.875       2696.555       6897.416    0.000  -0.138   0.380   0.
  2017 352 20 39 54 504 352.861047503      -0.59      0.90     -0.16  0.        2723.752       2698.082       6898.273    0.000  -0.138   0.379   0.
  2017 352 20 39 55 504 352.861059077      -0.61      0.91     -0.22  0.        2722.629       2699.609       6899.130    0.000  -0.138   0.379   0.
  2017 352 20 39 56 504 352.861070651      -0.67      0.89     -0.20  0.        2721.506       2701.136       6899.986    0.000  -0.138   0.380   0.
  2017 352 20 39 57 504 352.861082225      -0.60      0.87     -0.27  0.        2720.383       2702.663       6900.841    0.000  -0.138   0.380   0.
  2017 352 20 39 58 504 352.861093799      -0.54      0.89     -0.23  0.        2719.259       2704.189       6901.696    0.000  -0.138   0.380   0.
  2017 352 20 39 59 504 352.861105373      -0.53      0.84     -0.16  0.        2718.135       2705.716       6902.551    0.000  -0.138   0.380   0.
  2017 352 20 40  0 504 352.861116947      -0.49      0.84     -0.15  0.        2717.011       2707.242       6903.404    0.000  -0.138   0.380   0.
  2017 352 20 40  1 504 352.861128521      -0.42      0.87     -0.16  0.        2715.886       2708.767       6904.257    0.000  -0.138   0.380   0.
  2017 352 20 40  2 504 352.861140095      -0.47      0.82     -0.22  0.        2714.762       2710.293       6905.110    0.000  -0.138   0.380   0.
  2017 352 20 40  3 504 352.861151670      -0.51      0.79     -0.21  0.        2713.637       2711.818       6905.962    0.000  -0.138   0.380   0.
  2017 352 20 40  4 504 352.861163244      -0.59      0.84     -0.18  0.        2712.512       2713.343       6906.813    0.000  -0.138   0.380   0.
  2017 352 20 40  5 504 352.861174818      -0.54      0.80     -0.10  0.        2711.386       2714.868       6907.664    0.000  -0.138   0.380   0.
  2017 352 20 40  6 504 352.861186392      -0.52      0.85     -0.07  0.        2710.261       2716.393       6908.514    0.000  -0.138   0.380   0.
  2017 352 20 40  7 504 352.861197966      -0.58      0.84     -0.04  0.        2709.135       2717.917       6909.363    0.000  -0.138   0.380   0.
  2017 352 20 40  8 504 352.861209540      -0.58      0.80     -0.05  0.        2708.009       2719.441       6910.212    0.000  -0.138   0.380   0.
  2017 352 20 40  9 503 352.861221113      -0.56      0.83     -0.03  0.        2706.882       2720.965       6911.060    0.000  -0.138   0.380   0.
  2017 352 20 40 10 503 352.861232685      -0.55      0.84     -0.08  0.        2705.756       2722.489       6911.908    0.000  -0.138   0.380   0.
  2017 352 20 40 11 503 352.861244259      -0.58      0.79     -0.12  0.        2704.629       2724.012       6912.755    0.000  -0.138   0.380   0.
  2017 352 20 40 12 503 352.861255833      -0.74      0.82     -0.10  0.        2703.502       2725.535       6913.602    0.000  -0.138   0.380   0.
  2017 352 20 40 13 504 352.861267407      -0.74      0.86     -0.09  0.        2702.375       2727.058       6914.448    0.000  -0.138   0.380   0.
  2017 352 20 40 14 504 352.861278981      -0.74      0.83     -0.06  0.        2701.247       2728.581       6915.293    0.000  -0.138   0.380   0.
  2017 352 20 40 15 503 352.861290556      -0.77      0.89     -0.07  0.        2700.120       2730.103       6916.138    0.000  -0.138   0.380   0.
  2017 352 20 40 16 503 352.861302130      -0.77      0.94     -0.10  0.        2698.992       2731.626       6916.982    0.000  -0.138   0.380   0.
  2017 352 20 40 17 504 352.861313704      -0.71      0.92     -0.09  0.        2697.864       2733.148       6917.825    0.000  -0.138   0.380   0.
  2017 352 20 40 18 504 352.861325278      -0.72      0.93     -0.01  0.        2696.735       2734.669       6918.668    0.000  -0.138   0.380   0.
  2017 352 20 40 19 504 352.861336852      -0.76      0.96     -0.16  0.        2695.606       2736.191       6919.511    0.000  -0.138   0.380   0.
  2017 352 20 40 20 504 352.861348426      -0.74      0.96     -0.11  0.        2694.478       2737.712       6920.352    0.000  -0.138   0.380   0.
  2017 352 20 40 21 503 352.861360000      -0.74      0.91     -0.26  0.        2693.349       2739.233       6921.193    0.000  -0.138   0.380   0.
  2017 352 20 40 22 503 352.861371574      -0.58      1.00     -0.26  0.        2692.219       2740.754       6922.034    0.000  -0.138   0.380   0.
  2017 352 20 40 23 503 352.861383148      -0.57      0.86     -0.03  0.        2691.090       2742.275       6922.874    0.000  -0.138   0.380   0.
  2017 352 20 40 24 503 352.861394722      -0.55      0.84      0.04  0.        2689.960       2743.795       6923.713    0.000  -0.138   0.380   0.
  2017 352 20 40 25 503 352.861406296      -0.34      0.90      0.09  0.        2688.830       2745.315       6924.552    0.000  -0.138   0.380   0.
  2017 352 20 40 26 504 352.861417870      -0.49      0.82     -0.07  0.        2687.700       2746.835       6925.390    0.000  -0.138   0.380   0.
  2017 352 20 40 27 504 352.861429444      -0.55      0.92     -0.27  0.        2686.569       2748.355       6926.228    0.000  -0.138   0.380   0.
  2017 352 20 40 28 503 352.861441018      -0.55      0.90     -0.20  0.        2685.438       2749.874       6927.065    0.000  -0.138   0.380   0.
  2017 352 20 40 29 503 352.861452593      -0.38      0.92      0.07  0.        2684.307       2751.393       6927.901    0.000  -0.138   0.380   0.
  2017 352 20 40 30 504 352.861464167      -0.38      0.97     -0.04  0.        2683.176       2752.912       6928.737    0.000  -0.138   0.380   0.
  2017 352 20 40 31 504 352.861475741      -0.48      0.85      0.07  0.        2682.045       2754.431       6929.572    0.000  -0.138   0.380   0.
  2017 352 20 40 32 504 352.861487315      -0.45      0.89     -0.05  0.        2680.913       2755.949       6930.406    0.000  -0.138   0.380   0.
  2017 352 20 40 33 504 352.861498889      -0.48      0.92     -0.12  0.        2679.781       2757.467       6931.240    0.000  -0.138   0.380   0.
  2017 352 20 40 34 504 352.861510463      -0.50      0.88      0.02  0.        2678.649       2758.985       6932.074    0.000  -0.138   0.380   0.
  2017 352 20 40 35 503 352.861522037      -0.38      0.92      0.05  0.        2677.517       2760.503       6932.906    0.000  -0.138   0.380   0.
  2017 352 20 40 36 503 352.861533611      -0.42      0.85     -0.05  0.        2676.384       2762.021       6933.739    0.000  -0.138   0.380   0.
  2017 352 20 40 37 503 352.861545185      -0.41      0.79      0.06  0.        2675.251       2763.538       6934.570    0.000  -0.138   0.380   0.
  2017 352 20 40 38 503 352.861556759      -0.41      0.84     -0.04  0.        2674.118       2765.055       6935.401    0.000  -0.138   0.380   0.
  2017 352 20 40 39 503 352.861568333      -0.37      0.85     -0.01  0.        2672.985       2766.572       6936.232    0.000  -0.138   0.380   0.
  2017 352 20 40 40 503 352.861579904      -0.43      0.77     -0.00  0.        2671.852       2768.088       6937.061    0.000  -0.138   0.380   0.
  2017 352 20 40 41 503 352.861591479      -0.37      0.84      0.00  0.        2670.718       2769.605       6937.891    0.000  -0.138   0.380   0.
  2017 352 20 40 42 503 352.861603053      -0.43      0.82     -0.04  0.        2669.584       2771.121       6938.719    0.000  -0.138   0.380   0.
  2017 352 20 40 43 503 352.861614627      -0.37      0.79     -0.00  0.        2668.450       2772.637       6939.547    0.000  -0.138   0.380   0.
  2017 352 20 40 44 503 352.861626201      -0.32      0.80      0.01  0.        2667.315       2774.152       6940.375    0.000  -0.138   0.380   0.
  2017 352 20 40 45 503 352.861637775      -0.38      0.77      0.00  0.        2666.181       2775.668       6941.201    0.000  -0.138   0.380   0.
  2017 352 20 40 46 503 352.861649349      -0.46      0.81      0.01  0.        2665.046       2777.183       6942.028    0.000  -0.138   0.380   0.
  2017 352 20 40 47 503 352.861660923      -0.48      0.81     -0.02  0.        2663.911       2778.698       6942.853    0.000  -0.138   0.380   0.
  2017 352 20 40 48 503 352.861672497      -0.56      0.80     -0.06  0.        2662.776       2780.212       6943.678    0.000  -0.138   0.380   0.
  2017 352 20 40 49 503 352.861684071      -0.52      0.81     -0.01  0.        2661.640       2781.727       6944.503    0.000  -0.138   0.380   0.
  2017 352 20 40 50 503 352.861695645      -0.48      0.83      0.17  0.        2660.504       2783.241       6945.327    0.000  -0.138   0.380   0.
  2017 352 20 40 51 503 352.861707219      -0.58      0.82      0.06  0.        2659.368       2784.755       6946.150    0.000  -0.138   0.380   0.
  2017 352 20 40 52 503 352.861718793      -0.57      0.80      0.02  0.        2658.232       2786.269       6946.973    0.000  -0.138   0.380   0.
  2017 352 20 40 53 503 352.861730367      -0.53      0.85      0.09  0.        2657.096       2787.782       6947.795    0.000  -0.138   0.380   0.
  2017 352 20 40 54 503 352.861741942      -0.52      0.81      0.06  0.        2655.959       2789.295       6948.616    0.000  -0.138   0.380   0.
  2017 352 20 40 55 503 352.861753516      -0.55      0.86      0.02  0.        2654.822       2790.808       6949.437    0.000  -0.138   0.380   0.
  2017 352 20 40 56 503 352.861765090      -0.55      0.87      0.08  0.        2653.685       2792.321       6950.257    0.000  -0.138   0.380   0.
  2017 352 20 40 57 503 352.861776664      -0.56      0.84      0.10  0.        2652.548       2793.834       6951.077    0.000  -0.138   0.380   0.
  2017 352 20 40 58 503 352.861788238      -0.52      0.84      0.16  0.        2651.410       2795.346       6951.896    0.000  -0.138   0.380   0.
  2017 352 20 40 59 503 352.861799812      -0.57      0.85      0.07  0.        2650.272       2796.858       6952.715    0.000  -0.138   0.380   0.
  2017 352 20 41  0 503 352.861811386      -0.45      0.75      0.13  0.        2649.134       2798.370       6953.532    0.000  -0.138   0.380   0.
  2017 352 20 41  1 503 352.861822960      -0.53      0.75     -0.06  0.        2647.996       2799.881       6954.350    0.000  -0.138   0.380   0.
  2017 352 20 41  2 503 352.861834534      -0.36      0.75      0.15  0.        2646.857       2801.393       6955.166    0.000  -0.138   0.379   0.
  2017 352 20 41  3 503 352.861846108      -0.47      0.97      0.12  0.        2645.719       2802.904       6955.982    0.000  -0.138   0.379   0.
  2017 352 20 41  4 503 352.861857682      -0.73      0.79      0.02  0.        2644.580       2804.415       6956.798    0.000  -0.138   0.380   0.
  2017 352 20 41  5 503 352.861869256      -0.71      0.83     -0.24  0.        2643.441       2805.925       6957.613    0.000  -0.138   0.380   0.
  2017 352 20 41  6 503 352.861880830      -0.46      0.91      0.07  0.        2642.301       2807.436       6958.428    0.000  -0.138   0.380   0.
  2017 352 20 41  7 503 352.861892404      -0.38      0.99      0.02  0.        2641.162       2808.946       6959.241    0.000  -0.138   0.380   0.
  2017 352 20 41  8 503 352.861903976      -0.60      0.87     -0.06  0.        2640.022       2810.456       6960.054    0.000  -0.138   0.380   0.
  2017 352 20 41  9 503 352.861915550      -0.63      0.91     -0.06  0.        2638.882       2811.965       6960.867    0.000  -0.138   0.380   0.
  2017 352 20 41 10 503 352.861927124      -0.59      0.99      0.02  0.        2637.742       2813.475       6961.679    0.000  -0.138   0.380   0.
  2017 352 20 41 11 503 352.861938698      -0.64      1.02     -0.16  0.        2636.601       2814.984       6962.491    0.000  -0.138   0.380   0.
  2017 352 20 41 12 503 352.861950272      -0.65      0.95     -0.04  0.        2635.460       2816.493       6963.301    0.000  -0.138   0.380   0.
  2017 352 20 41 13 503 352.861961846      -0.58      1.02     -0.08  0.        2634.319       2818.002       6964.112    0.000  -0.138   0.380   0.
  2017 352 20 41 14 503 352.861973420      -0.52      0.92     -0.13  0.        2633.178       2819.510       6964.921    0.000  -0.138   0.380   0.
  2017 352 20 41 15 503 352.861984994      -0.52      0.88     -0.13  0.        2632.037       2821.018       6965.730    0.000  -0.138   0.380   0.
  2017 352 20 41 16 503 352.861996568      -0.53      0.92     -0.16  0.        2630.895       2822.526       6966.539    0.000  -0.138   0.380   0.
  2017 352 20 41 17 503 352.862008142      -0.54      0.95     -0.11  0.        2629.753       2824.034       6967.347    0.000  -0.138   0.380   0.
  2017 352 20 41 18 503 352.862019716      -0.53      0.98     -0.08  0.        2628.611       2825.542       6968.154    0.000  -0.138   0.380   0.
  2017 352 20 41 19 503 352.862031290      -0.52      0.98     -0.05  0.        2627.469       2827.049       6968.961    0.000  -0.138   0.380   0.
  2017 352 20 41 20 503 352.862042865      -0.57      0.94     -0.05  0.        2626.326       2828.556       6969.767    0.000  -0.138   0.380   0.
  2017 352 20 41 21 503 352.862054439      -0.52      0.93     -0.07  0.        2625.184       2830.063       6970.572    0.000  -0.138   0.380   0.
  2017 352 20 41 22 503 352.862066013      -0.49      0.85     -0.04  0.        2624.041       2831.569       6971.377    0.000  -0.138   0.380   0.
  2017 352 20 41 23 503 352.862077587      -0.53      0.91      0.05  0.        2622.898       2833.076       6972.181    0.000  -0.138   0.380   0.
  2017 352 20 41 24 503 352.862089161      -0.52      0.89      0.06  0.        2621.754       2834.582       6972.985    0.000  -0.138   0.380   0.
  2017 352 20 41 25 503 352.862100735      -0.58      0.91      0.02  0.        2620.611       2836.088       6973.788    0.000  -0.138   0.380   0.
  2017 352 20 41 26 503 352.862112309      -0.60      0.98      0.02  0.        2619.467       2837.593       6974.591    0.000  -0.138   0.380   0.
  2017 352 20 41 27 503 352.862123883      -0.64      0.99      0.00  0.        2618.323       2839.099       6975.393    0.000  -0.138   0.380   0.
  2017 352 20 41 28 503 352.862135457      -0.64      1.01      0.05  0.        2617.178       2840.604       6976.194    0.000  -0.138   0.380   0.
  2017 352 20 41 29 503 352.862147031      -0.57      1.00      0.06  0.        2616.034       2842.109       6976.995    0.000  -0.138   0.380   0.
  2017 352 20 41 30 503 352.862158605      -0.60      0.98      0.01  0.        2614.889       2843.614       6977.796    0.000  -0.138   0.380   0.
  2017 352 20 41 31 503 352.862170179      -0.64      1.00      0.05  0.        2613.744       2845.117       6978.595    0.000  -0.138   0.380   0.
  2017 352 20 41 32 503 352.862181754      -0.61      1.01      0.11  0.        2612.599       2846.622       6979.394    0.000  -0.138   0.380   0.
  2017 352 20 41 33 503 352.862193327      -0.65      1.00      0.11  0.        2611.454       2848.126       6980.192    0.000  -0.138   0.380   0.
  2017 352 20 41 34 503 352.862204902      -0.66      0.96      0.09  0.        2610.308       2849.630       6980.990    0.000  -0.138   0.380   0.
  2017 352 20 41 35 503 352.862216476      -0.68      1.01      0.08  0.        2609.162       2851.133       6981.787    0.000  -0.138   0.380   0.
  2017 352 20 41 36 503 352.862228050      -0.60      0.91      0.14  0.        2608.016       2852.636       6982.584    0.000  -0.138   0.380   0.
  2017 352 20 41 37 503 352.862239624      -0.63      0.92     -0.14  0.        2606.870       2854.139       6983.380    0.000  -0.138   0.380   0.
  2017 352 20 41 38 503 352.862251198      -0.71      0.87     -0.03  0.        2605.724       2855.642       6984.176    0.000  -0.138   0.380   0.
  2017 352 20 41 39 503 352.862262771      -0.65      1.07      0.02  0.        2604.577       2857.145       6984.971    0.000  -0.138   0.380   0.
  2017 352 20 41 40 503 352.862274343      -0.53      0.99      0.03  0.        2603.430       2858.647       6985.765    0.000  -0.138   0.380   0.
  2017 352 20 41 41 503 352.862285917      -0.65      0.93     -0.05  0.        2602.283       2860.149       6986.559    0.000  -0.138   0.380   0.
  2017 352 20 41 42 503 352.862297491      -0.58      0.99      0.04  0.        2601.136       2861.651       6987.352    0.000  -0.138   0.380   0.
  2017 352 20 41 43 503 352.862309065      -0.84      0.79     -0.35  0.        2599.988       2863.152       6988.144    0.000  -0.138   0.380   0.
  2017 352 20 41 44 503 352.862320639      -0.53      1.12      0.23  0.        2598.840       2864.653       6988.936    0.000  -0.138   0.380   0.
  2017 352 20 41 45 503 352.862332214      -0.60      0.92     -0.00  0.        2597.692       2866.154       6989.728    0.000  -0.138   0.380   0.
  2017 352 20 41 46 503 352.862343788      -0.74      0.91     -0.03  0.        2596.544       2867.655       6990.519    0.000  -0.138   0.380   0.
  2017 352 20 41 47 503 352.862355362      -0.80      1.03     -0.05  0.        2595.395       2869.156       6991.309    0.000  -0.138   0.380   0.
  2017 352 20 41 48 503 352.862366936      -0.57      1.05      0.02  0.        2594.247       2870.656       6992.098    0.000  -0.138   0.380   0.
  2017 352 20 41 49 503 352.862378510      -0.62      1.01     -0.02  0.        2593.098       2872.156       6992.887    0.000  -0.138   0.380   0.
  2017 352 20 41 50 503 352.862390084      -0.58      1.10      0.03  0.        2591.949       2873.656       6993.676    0.000  -0.138   0.380   0.
  2017 352 20 41 51 503 352.862401658      -0.58      0.98      0.01  0.        2590.800       2875.156       6994.464    0.000  -0.138   0.380   0.
  2017 352 20 41 52 503 352.862413232      -0.64      0.97     -0.09  0.        2589.650       2876.655       6995.251    0.000  -0.138   0.380   0.
  2017 352 20 41 53 503 352.862424806      -0.63      0.98     -0.05  0.        2588.500       2878.154       6996.038    0.000  -0.138   0.380   0.
  2017 352 20 41 54 503 352.862436380      -0.59      0.90     -0.05  0.        2587.350       2879.653       6996.824    0.000  -0.138   0.380   0.
  2017 352 20 41 55 503 352.862447954      -0.61      0.91     -0.09  0.        2586.200       2881.152       6997.609    0.000  -0.138   0.380   0.
  2017 352 20 41 56 503 352.862459528      -0.63      0.93     -0.06  0.        2585.050       2882.650       6998.394    0.000  -0.138   0.380   0.
  2017 352 20 41 57 503 352.862471102      -0.59      0.87     -0.03  0.        2583.899       2884.148       6999.178    0.000  -0.138   0.380   0.
  2017 352 20 41 58 503 352.862482677      -0.50      0.88      0.01  0.        2582.748       2885.646       6999.962    0.000  -0.138   0.380   0.
  2017 352 20 41 59 503 352.862494251      -0.54      0.85     -0.05  0.        2581.597       2887.144       7000.746    0.000  -0.138   0.380   0.
  2017 352 20 42  0 503 352.862505825      -0.53      0.89     -0.05  0.        2580.446       2888.642       7001.528    0.000  -0.138   0.380   0.
  2017 352 20 42  1 503 352.862517399      -0.57      0.94     -0.01  0.        2579.295       2890.139       7002.310    0.000  -0.138   0.380   0.
  2017 352 20 42  2 503 352.862528973      -0.56      0.94      0.04  0.        2578.143       2891.636       7003.092    0.000  -0.138   0.380   0.
  2017 352 20 42  3 503 352.862540547      -0.59      0.95     -0.04  0.        2576.991       2893.132       7003.872    0.000  -0.138   0.380   0.
  2017 352 20 42  4 503 352.862552121      -0.62      0.89     -0.06  0.        2575.839       2894.629       7004.653    0.000  -0.138   0.380   0.
  2017 352 20 42  5 503 352.862563695      -0.63      0.96     -0.05  0.        2574.687       2896.125       7005.432    0.000  -0.138   0.380   0.
  2017 352 20 42  6 503 352.862575269      -0.58      0.96      0.08  0.        2573.534       2897.621       7006.212    0.000  -0.138   0.380   0.
  2017 352 20 42  7 503 352.862586843      -0.62      0.86      0.25  0.        2572.381       2899.117       7006.990    0.000  -0.138   0.380   0.
  2017 352 20 42  8 503 352.862598417      -0.70      0.88      0.09  0.        2571.228       2900.612       7007.768    0.000  -0.138   0.380   0.
  2017 352 20 42  9 503 352.862609990      -0.67      0.90      0.03  0.        2570.075       2902.108       7008.545    0.000  -0.138   0.380   0.
  2017 352 20 42 10 503 352.862621563      -0.70      0.93      0.03  0.        2568.922       2903.603       7009.322    0.000  -0.138   0.380   0.
  2017 352 20 42 11 502 352.862633137      -0.68      0.96     -0.08  0.        2567.768       2905.098       7010.098    0.000  -0.138   0.380   0.
  2017 352 20 42 12 502 352.862644711      -0.64      0.96     -0.09  0.        2566.614       2906.592       7010.874    0.000  -0.138   0.380   0.
  2017 352 20 42 13 503 352.862656285      -0.70      0.92     -0.08  0.        2565.460       2908.087       7011.649    0.000  -0.138   0.380   0.
  2017 352 20 42 14 503 352.862667859      -0.61      0.87      0.01  0.        2564.306       2909.581       7012.423    0.000  -0.138   0.380   0.
  2017 352 20 42 15 503 352.862679433      -0.59      0.91      0.02  0.        2563.151       2911.074       7013.197    0.000  -0.138   0.380   0.
  2017 352 20 42 16 503 352.862691007      -0.60      0.88     -0.07  0.        2561.997       2912.568       7013.970    0.000  -0.138   0.380   0.
  2017 352 20 42 17 502 352.862702581      -0.60      0.90     -0.03  0.        2560.842       2914.061       7014.743    0.000  -0.138   0.380   0.
  2017 352 20 42 18 502 352.862714155      -0.63      0.91     -0.18  0.        2559.687       2915.555       7015.515    0.000  -0.138   0.380   0.
  2017 352 20 42 19 502 352.862725729      -0.59      1.01     -0.01  0.        2558.531       2917.047       7016.287    0.000  -0.138   0.380   0.
  2017 352 20 42 20 502 352.862737303      -0.64      0.91      0.02  0.        2557.376       2918.540       7017.057    0.000  -0.138   0.380   0.
  2017 352 20 42 21 502 352.862748877      -0.71      0.91     -0.04  0.        2556.220       2920.032       7017.828    0.000  -0.138   0.380   0.
  2017 352 20 42 22 503 352.862760451      -0.70      1.02     -0.03  0.        2555.064       2921.524       7018.598    0.000  -0.138   0.380   0.
  2017 352 20 42 23 503 352.862772025      -0.61      1.05      0.04  0.        2553.908       2923.016       7019.367    0.000  -0.138   0.380   0.
  2017 352 20 42 24 502 352.862783600      -0.69      0.99     -0.01  0.        2552.752       2924.508       7020.135    0.000  -0.138   0.380   0.
  2017 352 20 42 25 502 352.862795174      -0.71      1.00      0.07  0.        2551.595       2926.000       7020.903    0.000  -0.138   0.380   0.
  2017 352 20 42 26 503 352.862806748      -0.51      0.98      0.21  0.        2550.438       2927.491       7021.671    0.000  -0.138   0.380   0.
  2017 352 20 42 27 503 352.862818322      -0.64      0.90      0.07  0.        2549.281       2928.982       7022.438    0.000  -0.138   0.380   0.
  2017 352 20 42 28 503 352.862829896      -0.61      1.01      0.08  0.        2548.124       2930.472       7023.204    0.000  -0.138   0.380   0.
  2017 352 20 42 29 503 352.862841470      -0.64      0.95      0.06  0.        2546.967       2931.963       7023.970    0.000  -0.138   0.380   0.
  2017 352 20 42 30 503 352.862853044      -0.58      1.01      0.16  0.        2545.809       2933.453       7024.735    0.000  -0.138   0.380   0.
  2017 352 20 42 31 502 352.862864618      -0.58      0.98      0.21  0.        2544.651       2934.943       7025.499    0.000  -0.138   0.380   0.
  2017 352 20 42 32 502 352.862876192      -0.76      0.94     -0.02  0.        2543.493       2936.433       7026.263    0.000  -0.138   0.380   0.
  2017 352 20 42 33 502 352.862887766      -0.74      1.01     -0.07  0.        2542.335       2937.922       7027.027    0.000  -0.138   0.380   0.
  2017 352 20 42 34 502 352.862899340      -0.85      0.94     -0.12  0.        2541.176       2939.411       7027.789    0.000  -0.138   0.380   0.
  2017 352 20 42 35 502 352.862910914      -0.95      1.00     -0.14  0.        2540.018       2940.900       7028.552    0.000  -0.138   0.380   0.
  2017 352 20 42 36 503 352.862922488      -0.96      0.94     -0.01  0.        2538.859       2942.389       7029.313    0.000  -0.138   0.380   0.
  2017 352 20 42 37 503 352.862934062      -0.82      0.98      0.10  0.        2537.700       2943.878       7030.074    0.000  -0.138   0.380   0.
  2017 352 20 42 38 502 352.862945634      -0.58      1.02     -0.04  0.        2536.540       2945.366       7030.835    0.000  -0.138   0.379   0.
  2017 352 20 42 39 502 352.862957208      -0.56      0.96     -0.20  0.        2535.381       2946.854       7031.595    0.000  -0.138   0.379   0.
  2017 352 20 42 40 502 352.862968782      -0.50      0.97     -0.03  0.        2534.221       2948.342       7032.354    0.000  -0.138   0.380   0.
  2017 352 20 42 41 502 352.862980356      -0.51      0.86     -0.05  0.        2533.061       2949.829       7033.113    0.000  -0.138   0.380   0.
  2017 352 20 42 42 502 352.862991930      -0.51      0.96     -0.11  0.        2531.901       2951.316       7033.871    0.000  -0.138   0.380   0.
  2017 352 20 42 43 502 352.863003504      -0.62      1.02     -0.10  0.        2530.741       2952.804       7034.628    0.000  -0.138   0.380   0.
  2017 352 20 42 44 502 352.863015078      -0.63      1.06     -0.05  0.        2529.580       2954.290       7035.385    0.000  -0.138   0.380   0.
  2017 352 20 42 45 502 352.863026652      -0.81      1.05     -0.09  0.        2528.419       2955.777       7036.142    0.000  -0.138   0.380   0.
  2017 352 20 42 46 502 352.863038226      -0.73      0.96     -0.02  0.        2527.258       2957.263       7036.897    0.000  -0.138   0.380   0.
  2017 352 20 42 47 502 352.863049800      -0.69      0.98      0.06  0.        2526.097       2958.749       7037.653    0.000  -0.138   0.380   0.
  2017 352 20 42 48 502 352.863061374      -0.57      0.97     -0.00  0.        2524.936       2960.235       7038.407    0.000  -0.138   0.380   0.
  2017 352 20 42 49 502 352.863072948      -0.85      0.90     -0.11  0.        2523.774       2961.721       7039.161    0.000  -0.138   0.380   0.
  2017 352 20 42 50 502 352.863084523      -0.59      1.05      0.14  0.        2522.612       2963.206       7039.915    0.000  -0.138   0.380   0.
  2017 352 20 42 51 502 352.863096097      -0.74      0.98      0.01  0.        2521.450       2964.691       7040.668    0.000  -0.138   0.380   0.
  2017 352 20 42 52 502 352.863107671      -0.78      1.01      0.12  0.        2520.288       2966.176       7041.420    0.000  -0.138   0.380   0.
  2017 352 20 42 53 502 352.863119245      -0.84      0.96     -0.07  0.        2519.126       2967.661       7042.172    0.000  -0.138   0.380   0.
  2017 352 20 42 54 502 352.863130819      -0.80      0.92     -0.09  0.        2517.963       2969.145       7042.923    0.000  -0.138   0.380   0.
  2017 352 20 42 55 502 352.863142393      -0.93      0.95     -0.15  0.        2516.800       2970.629       7043.674    0.000  -0.138   0.380   0.
  2017 352 20 42 56 502 352.863153967      -0.71      0.98      0.05  0.        2515.637       2972.113       7044.424    0.000  -0.138   0.380   0.
  2017 352 20 42 57 502 352.863165541      -0.73      0.99      0.09  0.        2514.474       2973.597       7045.173    0.000  -0.138   0.380   0.
  2017 352 20 42 58 502 352.863177115      -0.76      0.97     -0.06  0.        2513.310       2975.080       7045.922    0.000  -0.138   0.380   0.
  2017 352 20 42 59 502 352.863188689      -0.80      0.97     -0.17  0.        2512.147       2976.563       7046.670    0.000  -0.138   0.380   0.
  2017 352 20 43  0 502 352.863200263      -0.75      1.01     -0.05  0.        2510.983       2978.046       7047.418    0.000  -0.138   0.380   0.
  2017 352 20 43  1 502 352.863211837      -0.79      1.01     -0.11  0.        2509.819       2979.529       7048.165    0.000  -0.138   0.380   0.
  2017 352 20 43  2 502 352.863223411      -0.75      1.04     -0.14  0.        2508.654       2981.011       7048.912    0.000  -0.138   0.379   0.
  2017 352 20 43  3 502 352.863234986      -0.78      0.98     -0.17  0.        2507.490       2982.494       7049.658    0.000  -0.138   0.379   0.
  2017 352 20 43  4 502 352.863246560      -0.74      1.08     -0.17  0.        2506.325       2983.976       7050.403    0.000  -0.138   0.380   0.
  2017 352 20 43  5 502 352.863258134      -0.78      1.00     -0.22  0.        2505.160       2985.457       7051.148    0.000  -0.138   0.380   0.
  2017 352 20 43  6 502 352.863269708      -0.72      1.09     -0.03  0.        2503.995       2986.939       7051.892    0.000  -0.138   0.380   0.
  2017 352 20 43  7 502 352.863281281      -0.70      0.92     -0.13  0.        2502.830       2988.420       7052.636    0.000  -0.138   0.380   0.
  2017 352 20 43  8 502 352.863292853      -0.63      1.00     -0.13  0.        2501.664       2989.901       7053.379    0.000  -0.138   0.379   0.
  2017 352 20 43  9 502 352.863304427      -0.69      0.97     -0.12  0.        2500.498       2991.382       7054.122    0.000  -0.138   0.379   0.
  2017 352 20 43 10 502 352.863316001      -0.55      0.96     -0.09  0.        2499.332       2992.862       7054.863    0.000  -0.138   0.380   0.
  2017 352 20 43 11 502 352.863327575      -0.64      0.92     -0.15  0.        2498.166       2994.342       7055.605    0.000  -0.138   0.380   0.
  2017 352 20 43 12 502 352.863339149      -0.62      0.88     -0.12  0.        2497.000       2995.822       7056.346    0.000  -0.138   0.380   0.
  2017 352 20 43 13 502 352.863350723      -0.62      0.93     -0.09  0.        2495.833       2997.302       7057.086    0.000  -0.138   0.380   0.
  2017 352 20 43 14 502 352.863362297      -0.80      0.94     -0.20  0.        2494.667       2998.782       7057.825    0.000  -0.138   0.380   0.
  2017 352 20 43 15 502 352.863373872      -0.74      0.94     -0.11  0.        2493.500       3000.261       7058.565    0.000  -0.138   0.380   0.
  2017 352 20 43 16 502 352.863385446      -0.68      0.94     -0.17  0.        2492.333       3001.740       7059.303    0.000  -0.138   0.380   0.
  2017 352 20 43 17 502 352.863397020      -0.78      0.94     -0.24  0.        2491.165       3003.219       7060.041    0.000  -0.138   0.380   0.
  2017 352 20 43 18 502 352.863408594      -0.94      1.00     -0.30  0.        2489.998       3004.697       7060.778    0.000  -0.138   0.380   0.
  2017 352 20 43 19 502 352.863420168      -0.75      1.10     -0.20  0.        2488.830       3006.175       7061.515    0.000  -0.138   0.380   0.
  2017 352 20 43 20 502 352.863431742      -1.08      0.95     -0.40  0.        2487.662       3007.653       7062.252    0.000  -0.138   0.379   0.
  2017 352 20 43 21 502 352.863443316      -0.73      1.05      0.08  0.        2486.494       3009.131       7062.987    0.000  -0.138   0.379   0.
  2017 352 20 43 22 502 352.863454890      -0.61      1.12     -0.08  0.        2485.325       3010.609       7063.722    0.000  -0.138   0.380   0.
  2017 352 20 43 23 502 352.863466464      -1.17      0.91     -0.26  0.        2484.157       3012.086       7064.456    0.000  -0.138   0.380   0.
  2017 352 20 43 24 502 352.863478038      -0.78      1.11     -0.08  0.        2482.988       3013.563       7065.190    0.000  -0.138   0.380   0.
  2017 352 20 43 25 502 352.863489612      -0.72      1.13      0.10  0.        2481.819       3015.040       7065.923    0.000  -0.138   0.380   0.
  2017 352 20 43 26 502 352.863501186      -0.87      1.07     -0.10  0.        2480.650       3016.517       7066.656    0.000  -0.138   0.380   0.
  2017 352 20 43 27 502 352.863512760      -0.97      0.89     -0.04  0.        2479.481       3017.993       7067.388    0.000  -0.138   0.380   0.
  2017 352 20 43 28 502 352.863524335      -0.76      1.09     -0.16  0.        2478.311       3019.469       7068.120    0.000  -0.138   0.380   0.
  2017 352 20 43 29 502 352.863535909      -0.79      1.08     -0.20  0.        2477.141       3020.945       7068.851    0.000  -0.138   0.380   0.
  2017 352 20 43 30 502 352.863547483      -0.61      1.04      0.06  0.        2475.971       3022.420       7069.581    0.000  -0.138   0.379   0.
  2017 352 20 43 31 502 352.863559057      -0.71      0.95     -0.06  0.        2474.801       3023.896       7070.311    0.000  -0.138   0.379   0.
  2017 352 20 43 32 502 352.863570631      -0.89      1.00     -0.15  0.        2473.631       3025.371       7071.041    0.000  -0.138   0.380   0.
  2017 352 20 43 33 502 352.863582205      -0.82      1.02     -0.07  0.        2472.460       3026.846       7071.769    0.000  -0.138   0.380   0.
  2017 352 20 43 34 502 352.863593779      -0.69      0.99     -0.06  0.        2471.289       3028.320       7072.497    0.000  -0.138   0.380   0.
  2017 352 20 43 35 502 352.863605353      -0.64      0.97     -0.07  0.        2470.118       3029.795       7073.225    0.000  -0.138   0.380   0.
  2017 352 20 43 36 502 352.863616927      -0.77      0.94     -0.14  0.        2468.947       3031.269       7073.952    0.000  -0.138   0.380   0.
  2017 352 20 43 37 502 352.863628500      -0.90      0.97     -0.16  0.        2467.776       3032.743       7074.678    0.000  -0.138   0.380   0.
  2017 352 20 43 38 502 352.863640072      -0.89      0.98     -0.11  0.        2466.604       3034.216       7075.404    0.000  -0.138   0.380   0.
  2017 352 20 43 39 502 352.863651646      -0.79      0.97     -0.04  0.        2465.432       3035.690       7076.130    0.000  -0.138   0.380   0.
  2017 352 20 43 40 502 352.863663221      -0.60      1.04      0.14  0.        2464.260       3037.163       7076.854    0.000  -0.138   0.380   0.
  2017 352 20 43 41 502 352.863674795      -0.75      0.98     -0.03  0.        2463.088       3038.636       7077.578    0.000  -0.138   0.380   0.
  2017 352 20 43 42 502 352.863686369      -0.64      0.98      0.07  0.        2461.916       3040.108       7078.302    0.000  -0.138   0.380   0.
  2017 352 20 43 43 502 352.863697943      -0.70      0.99     -0.02  0.        2460.743       3041.581       7079.025    0.000  -0.138   0.380   0.
  2017 352 20 43 44 502 352.863709517      -0.68      1.05     -0.04  0.        2459.570       3043.053       7079.747    0.000  -0.138   0.380   0.
  2017 352 20 43 45 502 352.863721091      -0.73      1.01     -0.08  0.        2458.397       3044.525       7080.469    0.000  -0.138   0.380   0.
  2017 352 20 43 46 502 352.863732665      -0.71      1.02     -0.12  0.        2457.224       3045.997       7081.190    0.000  -0.138   0.380   0.
  2017 352 20 43 47 502 352.863744239      -0.67      0.97     -0.16  0.        2456.051       3047.468       7081.911    0.000  -0.138   0.380   0.
  2017 352 20 43 48 502 352.863755813      -0.62      1.00     -0.12  0.        2454.877       3048.939       7082.631    0.000  -0.138   0.380   0.
  2017 352 20 43 49 502 352.863767387      -0.63      0.92     -0.00  0.        2453.703       3050.410       7083.351    0.000  -0.138   0.380   0.
  2017 352 20 43 50 502 352.863778961      -0.65      0.95      0.00  0.        2452.529       3051.881       7084.070    0.000  -0.138   0.380   0.
  2017 352 20 43 51 502 352.863790535      -0.66      0.99      0.00  0.        2451.355       3053.351       7084.788    0.000  -0.138   0.380   0.
  2017 352 20 43 52 502 352.863802109      -0.70      0.92      0.05  0.        2450.181       3054.821       7085.506    0.000  -0.138   0.380   0.
  2017 352 20 43 53 502 352.863813683      -0.72      0.94     -0.04  0.        2449.006       3056.291       7086.223    0.000  -0.138   0.380   0.
  2017 352 20 43 54 502 352.863825258      -0.73      1.00     -0.03  0.        2447.832       3057.761       7086.940    0.000  -0.138   0.380   0.
  2017 352 20 43 55 502 352.863836832      -0.76      1.01     -0.02  0.        2446.657       3059.230       7087.656    0.000  -0.138   0.380   0.
  2017 352 20 43 56 502 352.863848406      -0.61      0.99     -0.05  0.        2445.482       3060.700       7088.372    0.000  -0.138   0.380   0.
  2017 352 20 43 57 502 352.863859980      -0.56      0.94      0.04  0.        2444.306       3062.169       7089.087    0.000  -0.138   0.380   0.
  2017 352 20 43 58 502 352.863871554      -0.56      0.89      0.02  0.        2443.131       3063.637       7089.801    0.000  -0.138   0.380   0.
  2017 352 20 43 59 502 352.863883128      -0.60      0.94     -0.03  0.        2441.955       3065.106       7090.515    0.000  -0.138   0.380   0.
  2017 352 20 44  0 502 352.863894702      -0.53      0.90      0.02  0.        2440.779       3066.574       7091.228    0.000  -0.138   0.380   0.
  2017 352 20 44  1 502 352.863906276      -0.61      0.87      0.01  0.        2439.603       3068.042       7091.941    0.000  -0.138   0.380   0.
  2017 352 20 44  2 502 352.863917850      -0.65      0.86     -0.06  0.        2438.426       3069.510       7092.653    0.000  -0.138   0.380   0.
  2017 352 20 44  3 502 352.863929424      -0.65      0.90     -0.02  0.        2437.250       3070.977       7093.364    0.000  -0.138   0.380   0.
  2017 352 20 44  4 502 352.863940998      -0.70      0.95     -0.05  0.        2436.073       3072.444       7094.075    0.000  -0.138   0.380   0.
  2017 352 20 44  5 502 352.863952572      -0.71      0.90     -0.13  0.        2434.896       3073.911       7094.786    0.000  -0.138   0.380   0.
  2017 352 20 44  6 502 352.863964146      -0.82      0.88     -0.19  0.        2433.719       3075.378       7095.496    0.000  -0.138   0.380   0.
  2017 352 20 44  7 501 352.863975719      -0.54      0.93     -0.02  0.        2432.542       3076.845       7096.205    0.000  -0.138   0.380   0.
  2017 352 20 44  8 502 352.863987292      -0.66      0.85      0.05  0.        2431.364       3078.311       7096.914    0.000  -0.138   0.380   0.
  2017 352 20 44  9 502 352.863998866      -0.78      0.83     -0.09  0.        2430.187       3079.777       7097.622    0.000  -0.138   0.380   0.
  2017 352 20 44 10 502 352.864010440      -0.76      0.88     -0.05  0.        2429.009       3081.243       7098.329    0.000  -0.138   0.380   0.
  2017 352 20 44 11 502 352.864022014      -0.72      0.94     -0.14  0.        2427.831       3082.708       7099.036    0.000  -0.138   0.380   0.
  2017 352 20 44 12 502 352.864033588      -0.74      0.89     -0.13  0.        2426.652       3084.173       7099.743    0.000  -0.138   0.380   0.
  2017 352 20 44 13 501 352.864045162      -0.70      0.93     -0.07  0.        2425.474       3085.638       7100.449    0.000  -0.138   0.380   0.
  2017 352 20 44 14 501 352.864056736      -0.72      0.89     -0.19  0.        2424.295       3087.103       7101.154    0.000  -0.138   0.380   0.
  2017 352 20 44 15 501 352.864068310      -0.81      0.90     -0.23  0.        2423.116       3088.568       7101.859    0.000  -0.138   0.380   0.
  2017 352 20 44 16 501 352.864079884      -0.76      0.91     -0.22  0.        2421.937       3090.032       7102.563    0.000  -0.138   0.380   0.
  2017 352 20 44 17 501 352.864091458      -0.67      1.01     -0.24  0.        2420.758       3091.496       7103.266    0.000  -0.138   0.380   0.
  2017 352 20 44 18 502 352.864103032      -0.75      0.90     -0.15  0.        2419.579       3092.960       7103.969    0.000  -0.138   0.380   0.
  2017 352 20 44 19 502 352.864114606      -0.85      0.86     -0.15  0.        2418.399       3094.423       7104.672    0.000  -0.138   0.380   0.
  2017 352 20 44 20 501 352.864126181      -0.62      0.96     -0.10  0.        2417.219       3095.887       7105.374    0.000  -0.138   0.380   0.
  2017 352 20 44 21 501 352.864137755      -0.75      0.89     -0.24  0.        2416.039       3097.350       7106.075    0.000  -0.138   0.380   0.
  2017 352 20 44 22 502 352.864149329      -0.79      0.87     -0.15  0.        2414.859       3098.812       7106.776    0.000  -0.138   0.380   0.
  2017 352 20 44 23 502 352.864160903      -0.80      0.94     -0.12  0.        2413.678       3100.275       7107.476    0.000  -0.138   0.380   0.
  2017 352 20 44 24 502 352.864172477      -0.92      0.92     -0.21  0.        2412.498       3101.737       7108.175    0.000  -0.138   0.380   0.
  2017 352 20 44 25 502 352.864184051      -0.97      0.92     -0.24  0.        2411.317       3103.199       7108.874    0.000  -0.138   0.380   0.
  2017 352 20 44 26 501 352.864195625      -0.91      0.86     -0.20  0.        2410.136       3104.661       7109.573    0.000  -0.138   0.380   0.
  2017 352 20 44 27 501 352.864207199      -0.81      0.93     -0.22  0.        2408.955       3106.123       7110.271    0.000  -0.138   0.380   0.
  2017 352 20 44 28 501 352.864218773      -0.89      0.96     -0.25  0.        2407.773       3107.584       7110.968    0.000  -0.138   0.380   0.
  2017 352 20 44 29 501 352.864230347      -0.86      0.87     -0.19  0.        2406.592       3109.045       7111.665    0.000  -0.138   0.380   0.
  2017 352 20 44 30 501 352.864241921      -0.82      0.92     -0.20  0.        2405.410       3110.506       7112.361    0.000  -0.138   0.380   0.
  2017 352 20 44 31 502 352.864253495      -0.82      0.91     -0.19  0.        2404.228       3111.967       7113.057    0.000  -0.138   0.380   0.
  2017 352 20 44 32 502 352.864265069      -0.88      0.94     -0.20  0.        2403.046       3113.427       7113.752    0.000  -0.138   0.380   0.
  2017 352 20 44 33 501 352.864276643      -0.78      0.94     -0.20  0.        2401.864       3114.887       7114.446    0.000  -0.138   0.380   0.
  2017 352 20 44 34 501 352.864288218      -0.86      0.96     -0.25  0.        2400.681       3116.347       7115.140    0.000  -0.138   0.380   0.
  2017 352 20 44 35 502 352.864299791      -0.80      0.91     -0.21  0.        2399.498       3117.806       7115.833    0.000  -0.138   0.380   0.
  2017 352 20 44 36 501 352.864311363      -0.92      0.97     -0.32  0.        2398.316       3119.266       7116.526    0.000  -0.138   0.380   0.
  2017 352 20 44 37 501 352.864322937      -0.75      0.88     -0.09  0.        2397.133       3120.725       7117.218    0.000  -0.138   0.380   0.
  2017 352 20 44 38 501 352.864334511      -0.53      0.92     -0.15  0.        2395.949       3122.184       7117.910    0.000  -0.138   0.380   0.
  2017 352 20 44 39 501 352.864346085      -0.73      0.90     -0.13  0.        2394.765       3123.642       7118.601    0.000  -0.138   0.380   0.
  2017 352 20 44 40 501 352.864357659      -0.56      0.89     -0.06  0.        2393.582       3125.100       7119.292    0.000  -0.138   0.380   0.
  2017 352 20 44 41 501 352.864369233      -0.49      0.96     -0.05  0.        2392.398       3126.559       7119.982    0.000  -0.138   0.380   0.
  2017 352 20 44 42 501 352.864380807      -0.48      0.93     -0.07  0.        2391.214       3128.016       7120.671    0.000  -0.138   0.380   0.
  2017 352 20 44 43 501 352.864392381      -0.52      0.95     -0.13  0.        2390.030       3129.474       7121.360    0.000  -0.138   0.380   0.
  2017 352 20 44 44 501 352.864403955      -0.52      0.91     -0.08  0.        2388.845       3130.931       7122.048    0.000  -0.138   0.380   0.
  2017 352 20 44 45 501 352.864415530      -0.54      0.91     -0.08  0.        2387.661       3132.388       7122.736    0.000  -0.138   0.380   0.
  2017 352 20 44 46 501 352.864427104      -0.47      0.84     -0.03  0.        2386.476       3133.845       7123.423    0.000  -0.138   0.380   0.
  2017 352 20 44 47 501 352.864438678      -0.44      0.83     -0.03  0.        2385.291       3135.302       7124.110    0.000  -0.138   0.380   0.
  2017 352 20 44 48 501 352.864450252      -0.49      0.85     -0.05  0.        2384.106       3136.758       7124.796    0.000  -0.138   0.380   0.
  2017 352 20 44 49 501 352.864461826      -0.55      0.88     -0.08  0.        2382.920       3138.214       7125.481    0.000  -0.138   0.380   0.
  2017 352 20 44 50 501 352.864473400      -0.56      0.89     -0.13  0.        2381.735       3139.670       7126.166    0.000  -0.138   0.380   0.
  2017 352 20 44 51 501 352.864484974      -0.63      0.93     -0.25  0.        2380.549       3141.126       7126.850    0.000  -0.138   0.380   0.
  2017 352 20 44 52 501 352.864496548      -0.63      0.96     -0.14  0.        2379.363       3142.581       7127.534    0.000  -0.138   0.380   0.
  2017 352 20 44 53 501 352.864508122      -0.57      0.90     -0.21  0.        2378.177       3144.036       7128.217    0.000  -0.138   0.380   0.
  2017 352 20 44 54 501 352.864519696      -0.53      0.89     -0.02  0.        2376.991       3145.491       7128.900    0.000  -0.138   0.380   0.
  2017 352 20 44 55 501 352.864531270      -0.60      0.91     -0.18  0.        2375.804       3146.946       7129.582    0.000  -0.138   0.380   0.
  2017 352 20 44 56 501 352.864542844      -0.67      0.83     -0.35  0.        2374.618       3148.400       7130.263    0.000  -0.138   0.380   0.
  2017 352 20 44 57 501 352.864554418      -0.54      0.91     -0.02  0.        2373.431       3149.854       7130.944    0.000  -0.138   0.380   0.
  2017 352 20 44 58 501 352.864565992      -0.73      0.88     -0.27  0.        2372.244       3151.308       7131.624    0.000  -0.138   0.380   0.
  2017 352 20 44 59 501 352.864577567      -0.67      0.90     -0.28  0.        2371.056       3152.762       7132.304    0.000  -0.138   0.380   0.
  2017 352 20 45  0 501 352.864589141      -0.66      0.93     -0.31  0.        2369.869       3154.215       7132.984    0.000  -0.138   0.380   0.
  2017 352 20 45  1 501 352.864600715      -0.62      0.92     -0.29  0.        2368.681       3155.668       7133.662    0.000  -0.138   0.380   0.
  2017 352 20 45  2 501 352.864612289      -0.60      0.95     -0.34  0.        2367.493       3157.121       7134.340    0.000  -0.138   0.380   0.
  2017 352 20 45  3 501 352.864623863      -0.58      0.92     -0.22  0.        2366.305       3158.574       7135.018    0.000  -0.138   0.380   0.
  2017 352 20 45  4 501 352.864635437      -0.64      0.98     -0.25  0.        2365.117       3160.026       7135.695    0.000  -0.138   0.380   0.
  2017 352 20 45  5 501 352.864647011      -0.65      0.94     -0.32  0.        2363.929       3161.478       7136.371    0.000  -0.138   0.380   0.
  2017 352 20 45  6 501 352.864658585      -0.62      0.94     -0.22  0.        2362.740       3162.930       7137.047    0.000  -0.138   0.380   0.
  2017 352 20 45  7 501 352.864670158      -0.70      0.93     -0.24  0.        2361.552       3164.382       7137.722    0.000  -0.138   0.380   0.
  2017 352 20 45  8 501 352.864681730      -0.75      1.00     -0.23  0.        2360.363       3165.833       7138.397    0.000  -0.138   0.380   0.
  2017 352 20 45  9 501 352.864693304      -0.83      1.00     -0.22  0.        2359.173       3167.284       7139.071    0.000  -0.138   0.380   0.
  2017 352 20 45 10 501 352.864704878      -0.87      0.92     -0.14  0.        2357.984       3168.735       7139.745    0.000  -0.138   0.380   0.
  2017 352 20 45 11 501 352.864716453      -0.78      0.99     -0.10  0.        2356.795       3170.186       7140.418    0.000  -0.138   0.380   0.
  2017 352 20 45 12 501 352.864728027      -0.82      0.95     -0.18  0.        2355.605       3171.636       7141.091    0.000  -0.138   0.380   0.
  2017 352 20 45 13 501 352.864739601      -0.80      0.88     -0.18  0.        2354.415       3173.086       7141.762    0.000  -0.138   0.380   0.
  2017 352 20 45 14 501 352.864751175      -0.64      1.00     -0.09  0.        2353.225       3174.536       7142.434    0.000  -0.138   0.380   0.
  2017 352 20 45 15 501 352.864762749      -0.53      0.90     -0.12  0.        2352.035       3175.986       7143.104    0.000  -0.138   0.380   0.
  2017 352 20 45 16 501 352.864774323      -0.47      0.91     -0.11  0.        2350.844       3177.435       7143.775    0.000  -0.138   0.380   0.
  2017 352 20 45 17 501 352.864785897      -0.40      0.93     -0.13  0.        2349.654       3178.884       7144.444    0.000  -0.138   0.380   0.
  2017 352 20 45 18 501 352.864797471      -0.47      0.95     -0.16  0.        2348.463       3180.333       7145.113    0.000  -0.138   0.380   0.
  2017 352 20 45 19 501 352.864809045      -0.63      0.87     -0.21  0.        2347.272       3181.782       7145.782    0.000  -0.138   0.380   0.
  2017 352 20 45 20 501 352.864820619      -0.61      0.97     -0.17  0.        2346.081       3183.230       7146.450    0.000  -0.138   0.380   0.
  2017 352 20 45 21 501 352.864832193      -0.61      0.89     -0.17  0.        2344.890       3184.678       7147.117    0.000  -0.138   0.380   0.
  2017 352 20 45 22 501 352.864843767      -0.79      0.89     -0.34  0.        2343.698       3186.126       7147.784    0.000  -0.138   0.380   0.
  2017 352 20 45 23 501 352.864855341      -0.70      0.88     -0.25  0.        2342.506       3187.574       7148.450    0.000  -0.138   0.380   0.
  2017 352 20 45 24 501 352.864866916      -0.48      0.90     -0.26  0.        2341.315       3189.021       7149.116    0.000  -0.138   0.380   0.
  2017 352 20 45 25 501 352.864878490      -0.38      0.94     -0.28  0.        2340.122       3190.468       7149.781    0.000  -0.138   0.380   0.
  2017 352 20 45 26 501 352.864890064      -0.54      0.87     -0.34  0.        2338.930       3191.915       7150.446    0.000  -0.138   0.380   0.
  2017 352 20 45 27 501 352.864901638      -0.36      0.93     -0.24  0.        2337.738       3193.362       7151.110    0.000  -0.138   0.380   0.
  2017 352 20 45 28 501 352.864913212      -0.40      0.92     -0.26  0.        2336.545       3194.808       7151.774    0.000  -0.138   0.380   0.
  2017 352 20 45 29 501 352.864924786      -0.44      0.87     -0.10  0.        2335.352       3196.254       7152.436    0.000  -0.138   0.380   0.
  2017 352 20 45 30 501 352.864936360      -0.67      0.78     -0.11  0.        2334.159       3197.700       7153.099    0.000  -0.138   0.380   0.
  2017 352 20 45 31 501 352.864947934      -0.46      0.88     -0.08  0.        2332.966       3199.146       7153.761    0.000  -0.138   0.380   0.
  2017 352 20 45 32 501 352.864959508      -0.58      0.84     -0.07  0.        2331.773       3200.591       7154.422    0.000  -0.138   0.380   0.
  2017 352 20 45 33 501 352.864971082      -0.55      0.93     -0.16  0.        2330.579       3202.036       7155.083    0.000  -0.138   0.380   0.
  2017 352 20 45 34 501 352.864982656      -0.59      0.92     -0.25  0.        2329.385       3203.481       7155.743    0.000  -0.138   0.380   0.
  2017 352 20 45 35 501 352.864994230      -0.49      0.91     -0.25  0.        2328.192       3204.926       7156.402    0.000  -0.138   0.380   0.
  2017 352 20 45 36 501 352.865005804      -0.51      0.91     -0.24  0.        2326.998       3206.370       7157.061    0.000  -0.138   0.380   0.
  2017 352 20 45 37 501 352.865017377      -0.53      0.89     -0.30  0.        2325.803       3207.815       7157.720    0.000  -0.138   0.380   0.
  2017 352 20 45 38 501 352.865028950      -0.51      0.86     -0.26  0.        2324.609       3209.258       7158.378    0.000  -0.138   0.380   0.
  2017 352 20 45 39 501 352.865040524      -0.49      0.93     -0.18  0.        2323.414       3210.702       7159.035    0.000  -0.138   0.380   0.
  2017 352 20 45 40 501 352.865052098      -0.56      0.85     -0.19  0.        2322.219       3212.145       7159.692    0.000  -0.138   0.380   0.
  2017 352 20 45 41 501 352.865063672      -0.56      0.91     -0.22  0.        2321.024       3213.589       7160.348    0.000  -0.138   0.380   0.
  2017 352 20 45 42 501 352.865075246      -0.68      0.87     -0.27  0.        2319.829       3215.031       7161.003    0.000  -0.138   0.380   0.
  2017 352 20 45 43 501 352.865086820      -0.69      0.89     -0.26  0.        2318.634       3216.474       7161.659    0.000  -0.138   0.380   0.
  2017 352 20 45 44 501 352.865098394      -0.66      0.84     -0.24  0.        2317.438       3217.917       7162.313    0.000  -0.138   0.380   0.
  2017 352 20 45 45 501 352.865109968      -0.64      0.88     -0.27  0.        2316.243       3219.359       7162.967    0.000  -0.138   0.380   0.
  2017 352 20 45 46 501 352.865121542      -0.67      0.86     -0.26  0.        2315.047       3220.801       7163.621    0.000  -0.138   0.380   0.
  2017 352 20 45 47 501 352.865133116      -0.59      0.94     -0.23  0.        2313.851       3222.242       7164.273    0.000  -0.138   0.380   0.
  2017 352 20 45 48 501 352.865144690      -0.53      0.90     -0.12  0.        2312.654       3223.684       7164.926    0.000  -0.138   0.380   0.
  2017 352 20 45 49 501 352.865156264      -0.60      0.90     -0.17  0.        2311.458       3225.125       7165.577    0.000  -0.138   0.380   0.
  2017 352 20 45 50 501 352.865167839      -0.64      0.87     -0.23  0.        2310.261       3226.565       7166.229    0.000  -0.138   0.380   0.
  2017 352 20 45 51 501 352.865179413      -0.66      0.93     -0.26  0.        2309.064       3228.006       7166.879    0.000  -0.138   0.380   0.
  2017 352 20 45 52 501 352.865190987      -0.72      0.90     -0.28  0.        2307.868       3229.447       7167.529    0.000  -0.138   0.380   0.
  2017 352 20 45 53 501 352.865202561      -0.69      0.99     -0.27  0.        2306.670       3230.887       7168.179    0.000  -0.138   0.380   0.
  2017 352 20 45 54 501 352.865214135      -0.72      0.90     -0.13  0.        2305.473       3232.326       7168.828    0.000  -0.138   0.380   0.
  2017 352 20 45 55 501 352.865225709      -0.77      0.93     -0.15  0.        2304.276       3233.766       7169.476    0.000  -0.138   0.380   0.
  2017 352 20 45 56 501 352.865237283      -0.72      0.85     -0.03  0.        2303.078       3235.205       7170.124    0.000  -0.138   0.380   0.
  2017 352 20 45 57 501 352.865248857      -0.79      0.86     -0.10  0.        2301.880       3236.645       7170.771    0.000  -0.138   0.380   0.
  2017 352 20 45 58 501 352.865260431      -0.81      0.87     -0.16  0.        2300.682       3238.084       7171.418    0.000  -0.138   0.380   0.
  2017 352 20 45 59 501 352.865272005      -0.76      0.88     -0.17  0.        2299.484       3239.522       7172.064    0.000  -0.138   0.380   0.
  2017 352 20 46  0 501 352.865283579      -0.67      0.88     -0.14  0.        2298.285       3240.961       7172.710    0.000  -0.138   0.380   0.
  2017 352 20 46  1 501 352.865295153      -0.72      0.83     -0.21  0.        2297.087       3242.399       7173.355    0.000  -0.138   0.380   0.
  2017 352 20 46  2 501 352.865306727      -0.65      0.83     -0.12  0.        2295.888       3243.837       7173.999    0.000  -0.138   0.380   0.
  2017 352 20 46  3 501 352.865318302      -0.61      0.82     -0.15  0.        2294.689       3245.274       7174.643    0.000  -0.138   0.380   0.
  2017 352 20 46  4 501 352.865329876      -0.64      0.86     -0.15  0.        2293.490       3246.712       7175.287    0.000  -0.138   0.380   0.
  2017 352 20 46  5 501 352.865341450      -0.67      0.81     -0.24  0.        2292.291       3248.149       7175.929    0.000  -0.138   0.380   0.
  2017 352 20 46  6 501 352.865353024      -0.61      0.86     -0.18  0.        2291.091       3249.586       7176.572    0.000  -0.138   0.380   0.
  2017 352 20 46  7 501 352.865364597      -0.68      0.84     -0.27  0.        2289.891       3251.022       7177.213    0.000  -0.138   0.380   0.
  2017 352 20 46  8 501 352.865376169      -0.59      0.90     -0.18  0.        2288.691       3252.458       7177.855    0.000  -0.138   0.380   0.
  2017 352 20 46  9 500 352.865387743      -0.66      0.83     -0.21  0.        2287.492       3253.895       7178.495    0.000  -0.138   0.380   0.
  2017 352 20 46 10 500 352.865399317      -0.70      0.92     -0.23  0.        2286.292       3255.331       7179.135    0.000  -0.138   0.380   0.
  2017 352 20 46 11 500 352.865410891      -0.71      0.80     -0.18  0.        2285.091       3256.766       7179.775    0.000  -0.138   0.380   0.
  2017 352 20 46 12 500 352.865422465      -0.51      0.90     -0.13  0.        2283.891       3258.201       7180.414    0.000  -0.138   0.380   0.
  2017 352 20 46 13 500 352.865434039      -0.60      0.96     -0.26  0.        2282.690       3259.637       7181.052    0.000  -0.138   0.380   0.
  2017 352 20 46 14 501 352.865445613      -0.80      0.91     -0.43  0.        2281.489       3261.071       7181.690    0.000  -0.138   0.380   0.
  2017 352 20 46 15 500 352.865457187      -0.59      0.94     -0.11  0.        2280.288       3262.506       7182.327    0.000  -0.138   0.380   0.
  2017 352 20 46 16 500 352.865468762      -0.53      0.97     -0.19  0.        2279.087       3263.940       7182.964    0.000  -0.138   0.380   0.
  2017 352 20 46 17 500 352.865480336      -0.63      0.81     -0.20  0.        2277.885       3265.374       7183.600    0.000  -0.138   0.380   0.
  2017 352 20 46 18 501 352.865491910      -0.71      0.92     -0.31  0.        2276.684       3266.808       7184.235    0.000  -0.138   0.380   0.
  2017 352 20 46 19 501 352.865503484      -0.71      0.91     -0.20  0.        2275.482       3268.242       7184.871    0.000  -0.138   0.380   0.
  2017 352 20 46 20 501 352.865515058      -0.55      0.91     -0.28  0.        2274.280       3269.675       7185.505    0.000  -0.138   0.380   0.
  2017 352 20 46 21 501 352.865526632      -0.70      0.86     -0.33  0.        2273.078       3271.108       7186.139    0.000  -0.138   0.380   0.
  2017 352 20 46 22 500 352.865538206      -0.69      0.91     -0.24  0.        2271.876       3272.541       7186.772    0.000  -0.138   0.380   0.
  2017 352 20 46 23 500 352.865549780      -0.69      0.82     -0.24  0.        2270.673       3273.974       7187.405    0.000  -0.138   0.380   0.
  2017 352 20 46 24 500 352.865561354      -0.73      0.95     -0.21  0.        2269.470       3275.406       7188.038    0.000  -0.138   0.380   0.
  2017 352 20 46 25 500 352.865572928      -0.66      0.92     -0.21  0.        2268.268       3276.838       7188.669    0.000  -0.138   0.380   0.
  2017 352 20 46 26 500 352.865584502      -0.74      0.88     -0.31  0.        2267.065       3278.270       7189.300    0.000  -0.138   0.380   0.
  2017 352 20 46 27 501 352.865596076      -0.80      0.92     -0.22  0.        2265.861       3279.702       7189.931    0.000  -0.138   0.380   0.
  2017 352 20 46 28 501 352.865607650      -0.73      0.92     -0.21  0.        2264.658       3281.133       7190.561    0.000  -0.138   0.380   0.
  2017 352 20 46 29 500 352.865619225      -0.72      0.82     -0.16  0.        2263.455       3282.564       7191.190    0.000  -0.138   0.380   0.
  2017 352 20 46 30 500 352.865630799      -0.77      0.92     -0.27  0.        2262.251       3283.995       7191.819    0.000  -0.138   0.380   0.
  2017 352 20 46 31 501 352.865642373      -0.86      0.82     -0.17  0.        2261.047       3285.425       7192.448    0.000  -0.138   0.380   0.
  2017 352 20 46 32 501 352.865653947      -0.89      0.85     -0.21  0.        2259.843       3286.856       7193.076    0.000  -0.138   0.380   0.
  2017 352 20 46 33 501 352.865665521      -0.81      0.83     -0.16  0.        2258.639       3288.286       7193.703    0.000  -0.138   0.380   0.
  2017 352 20 46 34 501 352.865677095      -0.69      0.79     -0.13  0.        2257.434       3289.716       7194.330    0.000  -0.138   0.380   0.
  2017 352 20 46 35 501 352.865688668      -0.70      0.80     -0.13  0.        2256.230       3291.145       7194.956    0.000  -0.138   0.380   0.
  2017 352 20 46 36 500 352.865700240      -0.69      0.83     -0.15  0.        2255.025       3292.574       7195.582    0.000  -0.138   0.380   0.
  2017 352 20 46 37 500 352.865711814      -0.78      0.83     -0.18  0.        2253.820       3294.003       7196.207    0.000  -0.138   0.380   0.
  2017 352 20 46 38 500 352.865723388      -0.85      0.81     -0.21  0.        2252.615       3295.432       7196.831    0.000  -0.138   0.380   0.
  2017 352 20 46 39 500 352.865734962      -0.88      0.83     -0.17  0.        2251.410       3296.861       7197.455    0.000  -0.138   0.380   0.
  2017 352 20 46 40 500 352.865746536      -0.80      0.75     -0.19  0.        2250.204       3298.289       7198.079    0.000  -0.138   0.380   0.
  2017 352 20 46 41 500 352.865758111      -0.86      0.77     -0.19  0.        2248.999       3299.717       7198.701    0.000  -0.138   0.380   0.
  2017 352 20 46 42 500 352.865769685      -0.84      0.74     -0.21  0.        2247.793       3301.145       7199.324    0.000  -0.138   0.380   0.
  2017 352 20 46 43 500 352.865781259      -0.76      0.78     -0.16  0.        2246.587       3302.573       7199.945    0.000  -0.138   0.380   0.
  2017 352 20 46 44 500 352.865792833      -0.85      0.77     -0.21  0.        2245.381       3304.000       7200.567    0.000  -0.138   0.380   0.
  2017 352 20 46 45 500 352.865804407      -0.80      0.82     -0.20  0.        2244.175       3305.427       7201.187    0.000  -0.138   0.380   0.
  2017 352 20 46 46 500 352.865815981      -0.70      0.72     -0.17  0.        2242.968       3306.854       7201.807    0.000  -0.138   0.380   0.
  2017 352 20 46 47 500 352.865827555      -0.70      0.74     -0.21  0.        2241.762       3308.280       7202.427    0.000  -0.138   0.380   0.
  2017 352 20 46 48 500 352.865839129      -0.70      0.72     -0.21  0.        2240.555       3309.706       7203.046    0.000  -0.138   0.380   0.
  2017 352 20 46 49 500 352.865850703      -0.71      0.73     -0.26  0.        2239.348       3311.132       7203.664    0.000  -0.138   0.380   0.
  2017 352 20 46 50 500 352.865862277      -0.73      0.71     -0.24  0.        2238.141       3312.558       7204.282    0.000  -0.138   0.380   0.
  2017 352 20 46 51 500 352.865873851      -0.66      0.69     -0.26  0.        2236.933       3313.984       7204.900    0.000  -0.138   0.380   0.
  2017 352 20 46 52 500 352.865885425      -0.70      0.73     -0.22  0.        2235.726       3315.409       7205.516    0.000  -0.138   0.380   0.
  2017 352 20 46 53 500 352.865896999      -0.70      0.74     -0.26  0.        2234.518       3316.834       7206.133    0.000  -0.138   0.380   0.
  2017 352 20 46 54 500 352.865908573      -0.70      0.72     -0.25  0.        2233.311       3318.259       7206.748    0.000  -0.138   0.380   0.
  2017 352 20 46 55 500 352.865920148      -0.78      0.78     -0.36  0.        2232.102       3319.683       7207.364    0.000  -0.138   0.380   0.
  2017 352 20 46 56 500 352.865931722      -0.74      0.90     -0.32  0.        2230.894       3321.108       7207.978    0.000  -0.138   0.380   0.
  2017 352 20 46 57 500 352.865943296      -0.73      0.86     -0.23  0.        2229.686       3322.531       7208.592    0.000  -0.138   0.380   0.
  2017 352 20 46 58 500 352.865954870      -0.72      0.89     -0.31  0.        2228.478       3323.955       7209.206    0.000  -0.138   0.380   0.
  2017 352 20 46 59 500 352.865966444      -0.73      0.83     -0.28  0.        2227.269       3325.379       7209.819    0.000  -0.138   0.380   0.
  2017 352 20 47  0 500 352.865978018      -0.72      0.85     -0.21  0.        2226.060       3326.802       7210.431    0.000  -0.138   0.380   0.
  2017 352 20 47  1 500 352.865989592      -0.75      0.82     -0.25  0.        2224.851       3328.225       7211.043    0.000  -0.138   0.380   0.
  2017 352 20 47  2 500 352.866001166      -0.67      0.86     -0.27  0.        2223.642       3329.648       7211.654    0.000  -0.138   0.380   0.
  2017 352 20 47  3 500 352.866012740      -0.65      0.82     -0.25  0.        2222.432       3331.070       7212.265    0.000  -0.138   0.380   0.
  2017 352 20 47  4 500 352.866024314      -0.58      0.83     -0.26  0.        2221.223       3332.492       7212.875    0.000  -0.138   0.380   0.
  2017 352 20 47  5 500 352.866035888      -0.65      0.77     -0.31  0.        2220.013       3333.914       7213.485    0.000  -0.138   0.380   0.
  2017 352 20 47  6 500 352.866047460      -0.43      0.82     -0.18  0.        2218.803       3335.336       7214.094    0.000  -0.138   0.380   0.
  2017 352 20 47  7 500 352.866059034      -0.61      0.83     -0.34  0.        2217.593       3336.757       7214.703    0.000  -0.138   0.380   0.
  2017 352 20 47  8 500 352.866070608      -0.62      0.76     -0.33  0.        2216.383       3338.179       7215.311    0.000  -0.138   0.380   0.
  2017 352 20 47  9 500 352.866082182      -0.47      0.88     -0.30  0.        2215.173       3339.600       7215.918    0.000  -0.138   0.380   0.
  2017 352 20 47 10 500 352.866093756      -0.58      0.81     -0.33  0.        2213.962       3341.020       7216.525    0.000  -0.138   0.380   0.
  2017 352 20 47 11 500 352.866105330      -0.56      0.86     -0.22  0.        2212.752       3342.441       7217.131    0.000  -0.138   0.380   0.
  2017 352 20 47 12 500 352.866116904      -0.47      0.84     -0.18  0.        2211.541       3343.861       7217.737    0.000  -0.138   0.380   0.
  2017 352 20 47 13 500 352.866128478      -0.49      0.86     -0.26  0.        2210.330       3345.281       7218.342    0.000  -0.138   0.380   0.
  2017 352 20 47 14 500 352.866140052      -0.66      0.73     -0.31  0.        2209.118       3346.701       7218.947    0.000  -0.138   0.380   0.
  2017 352 20 47 15 500 352.866151626      -0.44      0.85     -0.10  0.        2207.907       3348.120       7219.551    0.000  -0.138   0.380   0.
  2017 352 20 47 16 500 352.866163200      -0.63      0.75     -0.41  0.        2206.696       3349.539       7220.154    0.000  -0.138   0.380   0.
  2017 352 20 47 17 500 352.866174774      -0.49      0.77     -0.16  0.        2205.484       3350.958       7220.757    0.000  -0.138   0.380   0.
  2017 352 20 47 18 500 352.866186348      -0.42      0.81     -0.15  0.        2204.272       3352.377       7221.360    0.000  -0.138   0.380   0.
  2017 352 20 47 19 500 352.866197922      -0.46      0.80     -0.30  0.        2203.060       3353.795       7221.962    0.000  -0.138   0.380   0.
  2017 352 20 47 20 500 352.866209497      -0.48      0.76     -0.24  0.        2201.848       3355.213       7222.563    0.000  -0.138   0.380   0.
  2017 352 20 47 21 500 352.866221071      -0.38      0.77     -0.31  0.        2200.635       3356.631       7223.164    0.000  -0.138   0.380   0.
  2017 352 20 47 22 500 352.866232645      -0.48      0.77     -0.34  0.        2199.423       3358.049       7223.764    0.000  -0.138   0.380   0.
  2017 352 20 47 23 500 352.866244219      -0.51      0.80     -0.26  0.        2198.210       3359.466       7224.364    0.000  -0.138   0.380   0.
  2017 352 20 47 24 500 352.866255793      -0.54      0.81     -0.24  0.        2196.997       3360.884       7224.963    0.000  -0.138   0.380   0.
  2017 352 20 47 25 500 352.866267367      -0.57      0.78     -0.25  0.        2195.784       3362.300       7225.562    0.000  -0.138   0.380   0.
  2017 352 20 47 26 500 352.866278941      -0.67      0.81     -0.22  0.        2194.571       3363.717       7226.160    0.000  -0.138   0.380   0.
  2017 352 20 47 27 500 352.866290515      -0.60      0.85     -0.22  0.        2193.358       3365.133       7226.758    0.000  -0.138   0.380   0.
  2017 352 20 47 28 500 352.866302089      -0.71      0.85     -0.31  0.        2192.144       3366.550       7227.355    0.000  -0.138   0.380   0.
  2017 352 20 47 29 500 352.866313663      -0.64      0.78     -0.17  0.        2190.930       3367.965       7227.951    0.000  -0.138   0.380   0.
  2017 352 20 47 30 500 352.866325237      -0.58      0.85     -0.31  0.        2189.716       3369.381       7228.547    0.000  -0.138   0.380   0.
  2017 352 20 47 31 500 352.866336811      -0.67      0.81     -0.32  0.        2188.502       3370.796       7229.143    0.000  -0.138   0.380   0.
  2017 352 20 47 32 500 352.866348385      -0.66      0.76     -0.32  0.        2187.288       3372.212       7229.737    0.000  -0.138   0.380   0.
  2017 352 20 47 33 500 352.866359960      -0.62      0.80     -0.27  0.        2186.074       3373.626       7230.332    0.000  -0.138   0.380   0.
  2017 352 20 47 34 500 352.866371534      -0.69      0.76     -0.30  0.        2184.859       3375.041       7230.925    0.000  -0.138   0.380   0.
  2017 352 20 47 35 500 352.866383107      -0.64      0.79     -0.32  0.        2183.645       3376.455       7231.519    0.000  -0.138   0.380   0.
  2017 352 20 47 36 500 352.866394679      -0.61      0.80     -0.27  0.        2182.430       3377.869       7232.111    0.000  -0.138   0.380   0.
  2017 352 20 47 37 500 352.866406253      -0.61      0.77     -0.33  0.        2181.215       3379.283       7232.703    0.000  -0.138   0.380   0.
  2017 352 20 47 38 500 352.866417827      -0.59      0.80     -0.32  0.        2179.999       3380.697       7233.295    0.000  -0.138   0.380   0.
  2017 352 20 47 39 500 352.866429401      -0.61      0.73     -0.27  0.        2178.784       3382.110       7233.886    0.000  -0.138   0.380   0.
  2017 352 20 47 40 500 352.866440975      -0.62      0.77     -0.35  0.        2177.569       3383.523       7234.476    0.000  -0.138   0.380   0.
  2017 352 20 47 41 500 352.866452549      -0.53      0.79     -0.29  0.        2176.353       3384.936       7235.066    0.000  -0.138   0.380   0.
  2017 352 20 47 42 500 352.866464123      -0.64      0.81     -0.32  0.        2175.137       3386.349       7235.656    0.000  -0.138   0.380   0.
  2017 352 20 47 43 500 352.866475697      -0.67      0.84     -0.32  0.        2173.921       3387.761       7236.245    0.000  -0.138   0.380   0.
  2017 352 20 47 44 500 352.866487271      -0.79      0.85     -0.35  0.        2172.705       3389.173       7236.833    0.000  -0.138   0.380   0.
  2017 352 20 47 45 500 352.866498845      -0.69      0.89     -0.25  0.        2171.489       3390.585       7237.421    0.000  -0.138   0.380   0.
  2017 352 20 47 46 500 352.866510420      -0.70      0.91     -0.23  0.        2170.272       3391.996       7238.008    0.000  -0.138   0.380   0.
  2017 352 20 47 47 500 352.866521994      -0.73      0.90     -0.27  0.        2169.055       3393.408       7238.594    0.000  -0.138   0.380   0.
  2017 352 20 47 48 500 352.866533568      -0.69      0.89     -0.26  0.        2167.839       3394.819       7239.181    0.000  -0.138   0.380   0.
  2017 352 20 47 49 500 352.866545142      -0.78      0.92     -0.27  0.        2166.622       3396.229       7239.766    0.000  -0.138   0.380   0.
  2017 352 20 47 50 500 352.866556716      -0.85      0.88     -0.31  0.        2165.404       3397.640       7240.351    0.000  -0.138   0.380   0.
  2017 352 20 47 51 500 352.866568290      -0.79      0.87     -0.26  0.        2164.187       3399.050       7240.936    0.000  -0.138   0.380   0.
  2017 352 20 47 52 500 352.866579864      -0.75      0.87     -0.27  0.        2162.970       3400.460       7241.519    0.000  -0.138   0.380   0.
  2017 352 20 47 53 500 352.866591438      -0.77      0.89     -0.41  0.        2161.752       3401.870       7242.103    0.000  -0.138   0.380   0.
  2017 352 20 47 54 500 352.866603012      -0.68      0.86     -0.27  0.        2160.534       3403.279       7242.686    0.000  -0.138   0.380   0.
  2017 352 20 47 55 500 352.866614586      -0.59      0.80     -0.19  0.        2159.316       3404.689       7243.268    0.000  -0.138   0.380   0.
  2017 352 20 47 56 500 352.866626160      -0.64      0.83     -0.29  0.        2158.098       3406.098       7243.850    0.000  -0.138   0.380   0.
  2017 352 20 47 57 500 352.866637734      -0.65      0.83     -0.36  0.        2156.880       3407.506       7244.431    0.000  -0.138   0.380   0.
  2017 352 20 47 58 500 352.866649308      -0.69      0.86     -0.38  0.        2155.661       3408.915       7245.012    0.000  -0.138   0.380   0.
  2017 352 20 47 59 500 352.866660883      -0.68      0.79     -0.33  0.        2154.443       3410.323       7245.592    0.000  -0.138   0.380   0.
  2017 352 20 48  0 500 352.866672457      -0.71      0.84     -0.34  0.        2153.224       3411.731       7246.171    0.000  -0.138   0.380   0.
  2017 352 20 48  1 500 352.866684031      -0.67      0.82     -0.29  0.        2152.005       3413.139       7246.750    0.000  -0.138   0.380   0.
  2017 352 20 48  2 500 352.866695605      -0.71      0.89     -0.25  0.        2150.786       3414.546       7247.329    0.000  -0.138   0.380   0.
  2017 352 20 48  3 500 352.866707179      -0.77      0.82     -0.22  0.        2149.567       3415.954       7247.907    0.000  -0.138   0.380   0.
  2017 352 20 48  4 500 352.866718753      -0.73      0.81     -0.24  0.        2148.347       3417.360       7248.484    0.000  -0.138   0.380   0.
  2017 352 20 48  5 499 352.866730326      -0.74      0.87     -0.35  0.        2147.128       3418.767       7249.061    0.000  -0.138   0.380   0.
  2017 352 20 48  6 499 352.866741898      -0.89      0.70     -0.51  0.        2145.908       3420.174       7249.637    0.000  -0.138   0.380   0.
  2017 352 20 48  7 499 352.866753472      -0.70      0.91     -0.09  0.        2144.688       3421.580       7250.213    0.000  -0.138   0.380   0.
  2017 352 20 48  8 499 352.866765046      -0.73      0.78     -0.18  0.        2143.468       3422.986       7250.788    0.000  -0.138   0.380   0.
  2017 352 20 48  9 500 352.866776620      -0.70      0.78     -0.25  0.        2142.248       3424.391       7251.363    0.000  -0.138   0.380   0.
  2017 352 20 48 10 500 352.866788194      -0.73      0.72     -0.19  0.        2141.027       3425.797       7251.937    0.000  -0.138   0.380   0.
  2017 352 20 48 11 499 352.866799769      -0.65      0.79     -0.27  0.        2139.807       3427.202       7252.511    0.000  -0.138   0.380   0.
  2017 352 20 48 12 499 352.866811343      -0.75      0.64     -0.24  0.        2138.586       3428.607       7253.084    0.000  -0.138   0.380   0.
  2017 352 20 48 13 500 352.866822917      -0.59      0.61     -0.12  0.        2137.365       3430.012       7253.656    0.000  -0.138   0.380   0.
  2017 352 20 48 14 500 352.866834491      -0.66      0.55     -0.28  0.        2136.144       3431.416       7254.228    0.000  -0.138   0.380   0.
  2017 352 20 48 15 500 352.866846065      -0.68      0.51     -0.10  0.        2134.923       3432.820       7254.800    0.000  -0.138   0.380   0.
  2017 352 20 48 16 500 352.866857639      -0.66      0.60     -0.20  0.        2133.702       3434.224       7255.370    0.000  -0.138   0.380   0.
  2017 352 20 48 17 500 352.866869213      -0.68      0.46     -0.21  0.        2132.480       3435.628       7255.941    0.000  -0.138   0.380   0.
  2017 352 20 48 18 499 352.866880787      -0.70      0.55     -0.14  0.        2131.258       3437.031       7256.510    0.000  -0.138   0.380   0.
  2017 352 20 48 19 499 352.866892361      -0.83      0.51     -0.21  0.        2130.037       3438.434       7257.080    0.000  -0.138   0.380   0.
  2017 352 20 48 20 499 352.866903935      -0.85      0.49     -0.12  0.        2128.815       3439.837       7257.649    0.000  -0.138   0.380   0.
  2017 352 20 48 21 499 352.866915509      -0.82      0.59     -0.12  0.        2127.592       3441.239       7258.217    0.000  -0.138   0.380   0.
  2017 352 20 48 22 499 352.866927083      -0.90      0.45     -0.13  0.        2126.370       3442.642       7258.784    0.000  -0.138   0.380   0.
  2017 352 20 48 23 500 352.866938657      -0.87      0.52     -0.11  0.        2125.148       3444.044       7259.351    0.000  -0.138   0.380   0.
  2017 352 20 48 24 500 352.866950231      -0.75      0.60     -0.01  0.        2123.925       3445.446       7259.918    0.000  -0.138   0.380   0.
  2017 352 20 48 25 499 352.866961806      -0.86      0.48     -0.12  0.        2122.702       3446.847       7260.484    0.000  -0.138   0.380   0.
  2017 352 20 48 26 499 352.866973380      -0.76      0.58     -0.06  0.        2121.479       3448.249       7261.049    0.000  -0.138   0.380   0.
  2017 352 20 48 27 500 352.866984954      -1.00      0.45     -0.22  0.        2120.256       3449.650       7261.614    0.000  -0.138   0.380   0.
  2017 352 20 48 28 500 352.866996528      -0.71      0.61     -0.07  0.        2119.033       3451.050       7262.179    0.000  -0.138   0.380   0.
  2017 352 20 48 29 500 352.867008102      -0.71      0.47     -0.07  0.        2117.810       3452.451       7262.743    0.000  -0.138   0.380   0.
  2017 352 20 48 30 500 352.867019676      -0.68      0.58     -0.17  0.        2116.586       3453.851       7263.306    0.000  -0.138   0.380   0.
  2017 352 20 48 31 499 352.867031250      -0.69      0.52     -0.08  0.        2115.362       3455.251       7263.869    0.000  -0.138   0.380   0.
  2017 352 20 48 32 499 352.867042824      -0.75      0.46     -0.17  0.        2114.139       3456.651       7264.431    0.000  -0.138   0.380   0.
  2017 352 20 48 33 499 352.867054397      -0.69      0.55     -0.12  0.        2112.914       3458.051       7264.992    0.000  -0.138   0.380   0.
  2017 352 20 48 34 499 352.867065969      -0.73      0.41     -0.07  0.        2111.690       3459.450       7265.554    0.000  -0.138   0.380   0.
  2017 352 20 48 35 499 352.867077543      -0.66      0.48     -0.17  0.        2110.466       3460.849       7266.114    0.000  -0.138   0.380   0.
  2017 352 20 48 36 499 352.867089117      -0.47      0.58      0.12  0.        2109.241       3462.248       7266.674    0.000  -0.138   0.380   0.
  2017 352 20 48 37 499 352.867100692      -0.80      0.52     -0.13  0.        2108.017       3463.646       7267.234    0.000  -0.138   0.380   0.
  2017 352 20 48 38 499 352.867112266      -0.73      0.58      0.00  0.        2106.792       3465.044       7267.793    0.000  -0.138   0.380   0.
  2017 352 20 48 39 499 352.867123840      -0.63      0.54      0.08  0.        2105.567       3466.442       7268.351    0.000  -0.138   0.380   0.
  2017 352 20 48 40 499 352.867135414      -0.60      0.56      0.04  0.        2104.342       3467.840       7268.909    0.000  -0.138   0.379   0.
  2017 352 20 48 41 499 352.867146988      -0.68      0.63     -0.08  0.        2103.117       3469.237       7269.466    0.000  -0.138   0.379   0.
  2017 352 20 48 42 499 352.867158562      -0.82      0.52     -0.08  0.        2101.891       3470.635       7270.023    0.000  -0.138   0.380   0.
  2017 352 20 48 43 499 352.867170136      -0.67      0.56      0.04  0.        2100.666       3472.032       7270.580    0.000  -0.138   0.380   0.
  2017 352 20 48 44 499 352.867181710      -0.65      0.56      0.01  0.        2099.440       3473.428       7271.135    0.000  -0.138   0.380   0.
  2017 352 20 48 45 499 352.867193284      -0.68      0.56      0.02  0.        2098.214       3474.825       7271.691    0.000  -0.138   0.380   0.
  2017 352 20 48 46 499 352.867204858      -0.80      0.51     -0.04  0.        2096.988       3476.221       7272.245    0.000  -0.138   0.380   0.
  2017 352 20 48 47 499 352.867216432      -0.74      0.53      0.01  0.        2095.762       3477.617       7272.799    0.000  -0.138   0.380   0.
  2017 352 20 48 48 499 352.867228006      -0.74      0.53     -0.02  0.        2094.535       3479.013       7273.353    0.000  -0.138   0.380   0.
  2017 352 20 48 49 499 352.867239580      -0.86      0.51     -0.00  0.        2093.309       3480.408       7273.906    0.000  -0.138   0.380   0.
  2017 352 20 48 50 499 352.867251154      -1.05      0.57     -0.02  0.        2092.082       3481.803       7274.458    0.000  -0.138   0.380   0.
  2017 352 20 48 51 499 352.867262729      -1.02      0.62      0.07  0.        2090.855       3483.198       7275.010    0.000  -0.138   0.380   0.
  2017 352 20 48 52 499 352.867274303      -0.94      0.68      0.00  0.        2089.628       3484.593       7275.562    0.000  -0.138   0.380   0.
  2017 352 20 48 53 499 352.867285877      -0.97      0.72      0.12  0.        2088.401       3485.987       7276.113    0.000  -0.138   0.380   0.
  2017 352 20 48 54 499 352.867297451      -1.09      0.77      0.06  0.        2087.174       3487.381       7276.663    0.000  -0.138   0.380   0.
  2017 352 20 48 55 499 352.867309025      -1.03      0.87     -0.02  0.        2085.946       3488.775       7277.213    0.000  -0.138   0.380   0.
  2017 352 20 48 56 499 352.867320599      -0.93      0.97     -0.14  0.        2084.719       3490.169       7277.762    0.000  -0.138   0.380   0.
  2017 352 20 48 57 499 352.867332173      -0.94      0.96     -0.15  0.        2083.491       3491.562       7278.311    0.000  -0.138   0.380   0.
  2017 352 20 48 58 499 352.867343747      -0.74      0.94     -0.19  0.        2082.263       3492.955       7278.859    0.000  -0.138   0.380   0.
  2017 352 20 48 59 499 352.867355321      -0.64      0.99     -0.25  0.        2081.035       3494.348       7279.407    0.000  -0.138   0.380   0.
  2017 352 20 49  0 499 352.867366895      -0.56      0.97     -0.22  0.        2079.807       3495.740       7279.954    0.000  -0.138   0.380   0.
  2017 352 20 49  1 499 352.867378469      -0.47      0.99     -0.28  0.        2078.578       3497.133       7280.501    0.000  -0.138   0.380   0.
  2017 352 20 49  2 499 352.867390043      -0.48      0.99     -0.26  0.        2077.350       3498.525       7281.047    0.000  -0.138   0.380   0.
  2017 352 20 49  3 499 352.867401617      -0.47      0.96     -0.27  0.        2076.121       3499.917       7281.592    0.000  -0.138   0.380   0.
  2017 352 20 49  4 499 352.867413192      -0.45      0.98     -0.31  0.        2074.892       3501.308       7282.137    0.000  -0.138   0.380   0.
  2017 352 20 49  5 499 352.867424765      -0.47      0.94     -0.30  0.        2073.663       3502.699       7282.681    0.000  -0.138   0.380   0.
  2017 352 20 49  6 499 352.867436337      -0.45      0.92     -0.23  0.        2072.434       3504.091       7283.226    0.000  -0.138   0.380   0.
  2017 352 20 49  7 499 352.867447911      -0.52      0.91     -0.30  0.        2071.205       3505.481       7283.769    0.000  -0.138   0.380   0.
  2017 352 20 49  8 499 352.867459485      -0.47      0.89     -0.24  0.        2069.975       3506.872       7284.312    0.000  -0.138   0.380   0.
  2017 352 20 49  9 499 352.867471059      -0.55      0.92     -0.32  0.        2068.746       3508.262       7284.854    0.000  -0.138   0.380   0.
  2017 352 20 49 10 499 352.867482633      -0.53      0.89     -0.27  0.        2067.516       3509.652       7285.396    0.000  -0.138   0.380   0.
  2017 352 20 49 11 499 352.867494207      -0.53      0.94     -0.33  0.        2066.286       3511.042       7285.937    0.000  -0.138   0.380   0.
  2017 352 20 49 12 499 352.867505781      -0.64      0.86     -0.34  0.        2065.056       3512.431       7286.478    0.000  -0.138   0.380   0.
  2017 352 20 49 13 499 352.867517355      -0.57      0.90     -0.22  0.        2063.826       3513.820       7287.018    0.000  -0.138   0.380   0.
  2017 352 20 49 14 499 352.867528929      -0.56      0.90     -0.23  0.        2062.596       3515.210       7287.557    0.000  -0.138   0.380   0.
  2017 352 20 49 15 499 352.867540504      -0.58      0.89     -0.25  0.        2061.365       3516.598       7288.096    0.000  -0.138   0.380   0.
  2017 352 20 49 16 499 352.867552078      -0.53      0.84     -0.33  0.        2060.134       3517.987       7288.635    0.000  -0.138   0.380   0.
  2017 352 20 49 17 499 352.867563652      -0.45      0.93     -0.27  0.        2058.904       3519.375       7289.173    0.000  -0.138   0.380   0.
  2017 352 20 49 18 499 352.867575226      -0.43      0.86     -0.29  0.        2057.673       3520.763       7289.711    0.000  -0.138   0.380   0.
  2017 352 20 49 19 499 352.867586800      -0.42      0.95     -0.31  0.        2056.441       3522.150       7290.247    0.000  -0.138   0.380   0.
  2017 352 20 49 20 499 352.867598374      -0.43      0.92     -0.26  0.        2055.210       3523.538       7290.784    0.000  -0.138   0.380   0.
  2017 352 20 49 21 499 352.867609948      -0.50      1.03     -0.33  0.        2053.979       3524.925       7291.320    0.000  -0.138   0.380   0.
  2017 352 20 49 22 499 352.867621522      -0.34      0.89     -0.38  0.        2052.747       3526.312       7291.855    0.000  -0.138   0.380   0.
  2017 352 20 49 23 499 352.867633096      -0.30      0.74     -0.36  0.        2051.515       3527.699       7292.390    0.000  -0.138   0.380   0.
  2017 352 20 49 24 499 352.867644670      -0.41      0.76     -0.28  0.        2050.284       3529.085       7292.924    0.000  -0.138   0.379   0.
  2017 352 20 49 25 499 352.867656244      -0.58      0.78     -0.18  0.        2049.052       3530.471       7293.458    0.000  -0.138   0.379   0.
  2017 352 20 49 26 499 352.867667818      -0.62      0.82     -0.09  0.        2047.820       3531.857       7293.991    0.000  -0.138   0.380   0.
  2017 352 20 49 27 499 352.867679392      -0.64      0.89     -0.05  0.        2046.587       3533.243       7294.524    0.000  -0.138   0.380   0.
  2017 352 20 49 28 499 352.867690966      -0.68      0.81     -0.11  0.        2045.355       3534.628       7295.056    0.000  -0.138   0.380   0.
  2017 352 20 49 29 499 352.867702541      -0.68      0.83     -0.09  0.        2044.122       3536.013       7295.587    0.000  -0.138   0.380   0.
  2017 352 20 49 30 499 352.867714115      -0.77      0.85     -0.07  0.        2042.889       3537.398       7296.118    0.000  -0.138   0.380   0.
  2017 352 20 49 31 499 352.867725689      -0.87      1.13     -0.10  0.        2041.656       3538.782       7296.649    0.000  -0.138   0.380   0.
  2017 352 20 49 32 499 352.867737263      -0.63      1.21     -0.39  0.        2040.423       3540.167       7297.179    0.000  -0.138   0.380   0.
  2017 352 20 49 33 499 352.867748837      -0.41      1.07     -0.44  0.        2039.190       3541.551       7297.708    0.000  -0.138   0.380   0.
  2017 352 20 49 34 499 352.867760411      -0.47      1.05     -0.46  0.        2037.957       3542.935       7298.237    0.000  -0.138   0.380   0.
  2017 352 20 49 35 499 352.867771984      -0.48      1.03     -0.32  0.        2036.723       3544.318       7298.766    0.000  -0.138   0.380   0.
  2017 352 20 49 36 499 352.867783556      -0.43      1.11     -0.41  0.        2035.490       3545.701       7299.294    0.000  -0.138   0.380   0.
  2017 352 20 49 37 499 352.867795130      -0.41      0.98     -0.57  0.        2034.256       3547.085       7299.821    0.000  -0.138   0.380   0.
  2017 352 20 49 38 499 352.867806704      -0.42      0.89     -0.56  0.        2033.022       3548.467       7300.348    0.000  -0.138   0.380   0.
  2017 352 20 49 39 499 352.867818278      -0.42      0.95     -0.56  0.        2031.788       3549.850       7300.874    0.000  -0.138   0.380   0.
  2017 352 20 49 40 499 352.867829852      -0.50      0.94     -0.51  0.        2030.554       3551.232       7301.400    0.000  -0.138   0.380   0.
  2017 352 20 49 41 499 352.867841427      -0.36      0.90     -0.39  0.        2029.319       3552.614       7301.925    0.000  -0.138   0.380   0.
  2017 352 20 49 42 499 352.867853001      -0.38      0.98     -0.34  0.        2028.085       3553.996       7302.450    0.000  -0.138   0.380   0.
  2017 352 20 49 43 499 352.867864575      -0.40      0.97     -0.25  0.        2026.850       3555.377       7302.974    0.000  -0.138   0.380   0.
  2017 352 20 49 44 499 352.867876149      -0.40      0.96     -0.25  0.        2025.615       3556.758       7303.497    0.000  -0.138   0.380   0.
  2017 352 20 49 45 499 352.867887723      -0.44      1.04     -0.28  0.        2024.380       3558.139       7304.020    0.000  -0.138   0.380   0.
  2017 352 20 49 46 499 352.867899297      -0.41      0.93     -0.32  0.        2023.145       3559.520       7304.543    0.000  -0.138   0.380   0.
  2017 352 20 49 47 499 352.867910871      -0.46      0.94     -0.27  0.        2021.910       3560.901       7305.065    0.000  -0.138   0.380   0.
  2017 352 20 49 48 499 352.867922445      -0.52      0.93     -0.26  0.        2020.674       3562.281       7305.586    0.000  -0.138   0.380   0.
  2017 352 20 49 49 499 352.867934019      -0.50      0.90     -0.32  0.        2019.439       3563.661       7306.107    0.000  -0.138   0.380   0.
  2017 352 20 49 50 499 352.867945593      -0.56      0.86     -0.30  0.        2018.203       3565.040       7306.628    0.000  -0.138   0.380   0.
  2017 352 20 49 51 499 352.867957167      -0.62      0.80     -0.18  0.        2016.967       3566.420       7307.147    0.000  -0.138   0.380   0.
  2017 352 20 49 52 499 352.867968741      -0.64      0.83     -0.16  0.        2015.731       3567.799       7307.667    0.000  -0.138   0.379   0.
  2017 352 20 49 53 499 352.867980315      -0.67      0.81     -0.18  0.        2014.495       3569.178       7308.186    0.000  -0.138   0.379   0.
  2017 352 20 49 54 499 352.867991889      -0.62      0.82     -0.19  0.        2013.258       3570.556       7308.704    0.000  -0.138   0.380   0.
  2017 352 20 49 55 499 352.868003464      -0.61      0.84     -0.15  0.        2012.022       3571.935       7309.222    0.000  -0.138   0.380   0.
  2017 352 20 49 56 499 352.868015038      -0.54      0.81     -0.18  0.        2010.785       3573.313       7309.739    0.000  -0.138   0.380   0.
  2017 352 20 49 57 499 352.868026612      -0.68      0.86     -0.14  0.        2009.549       3574.691       7310.255    0.000  -0.138   0.380   0.
  2017 352 20 49 58 499 352.868038186      -0.74      0.88     -0.12  0.        2008.312       3576.068       7310.772    0.000  -0.138   0.380   0.
  2017 352 20 49 59 499 352.868049760      -0.73      0.84     -0.17  0.        2007.075       3577.446       7311.287    0.000  -0.138   0.380   0.
  2017 352 20 50  0 499 352.868061334      -0.72      0.90     -0.16  0.        2005.838       3578.823       7311.802    0.000  -0.138   0.380   0.
  2017 352 20 50  1 499 352.868072908      -0.75      0.86     -0.13  0.        2004.600       3580.200       7312.317    0.000  -0.138   0.380   0.
  2017 352 20 50  2 499 352.868084482      -0.69      0.87     -0.13  0.        2003.363       3581.576       7312.831    0.000  -0.138   0.380   0.
  2017 352 20 50  3 498 352.868096055      -0.71      0.91     -0.16  0.        2002.125       3582.952       7313.344    0.000  -0.138   0.380   0.
  2017 352 20 50  4 498 352.868107627      -0.63      0.94     -0.15  0.        2000.887       3584.329       7313.857    0.000  -0.138   0.380   0.
  2017 352 20 50  5 499 352.868119201      -0.67      0.98     -0.22  0.        1999.649       3585.704       7314.370    0.000  -0.138   0.380   0.
  2017 352 20 50  6 499 352.868130775      -0.63      1.01     -0.27  0.        1998.411       3587.079       7314.882    0.000  -0.138   0.380   0.
  2017 352 20 50  7 498 352.868142350      -0.55      1.00     -0.28  0.        1997.173       3588.455       7315.393    0.000  -0.138   0.380   0.
  2017 352 20 50  8 498 352.868153924      -0.58      1.09     -0.30  0.        1995.935       3589.830       7315.904    0.000  -0.138   0.380   0.
  2017 352 20 50  9 499 352.868165498      -0.48      1.02     -0.29  0.        1994.696       3591.205       7316.414    0.000  -0.138   0.380   0.
  2017 352 20 50 10 499 352.868177072      -0.46      1.04     -0.30  0.        1993.458       3592.579       7316.924    0.000  -0.138   0.380   0.
  2017 352 20 50 11 499 352.868188646      -0.44      1.12     -0.31  0.        1992.219       3593.953       7317.433    0.000  -0.138   0.380   0.
  2017 352 20 50 12 499 352.868200220      -0.32      1.04     -0.30  0.        1990.980       3595.327       7317.942    0.000  -0.138   0.380   0.
  2017 352 20 50 13 499 352.868211794      -0.36      0.97     -0.33  0.        1989.741       3596.701       7318.450    0.000  -0.138   0.380   0.
  2017 352 20 50 14 498 352.868223368      -0.28      1.00     -0.32  0.        1988.502       3598.074       7318.958    0.000  -0.138   0.380   0.
  2017 352 20 50 15 498 352.868234942      -0.25      0.99     -0.42  0.        1987.262       3599.447       7319.465    0.000  -0.138   0.380   0.
  2017 352 20 50 16 498 352.868246516      -0.30      1.05     -0.40  0.        1986.023       3600.820       7319.971    0.000  -0.138   0.380   0.
  2017 352 20 50 17 498 352.868258090      -0.36      1.07     -0.42  0.        1984.783       3602.193       7320.477    0.000  -0.138   0.380   0.
  2017 352 20 50 18 498 352.868269664      -0.40      1.05     -0.45  0.        1983.543       3603.565       7320.983    0.000  -0.138   0.380   0.
  2017 352 20 50 19 499 352.868281238      -0.37      1.03     -0.41  0.        1982.304       3604.938       7321.488    0.000  -0.138   0.380   0.
  2017 352 20 50 20 498 352.868292812      -0.36      1.05     -0.39  0.        1981.063       3606.309       7321.992    0.000  -0.138   0.380   0.
  2017 352 20 50 21 498 352.868304387      -0.28      1.02     -0.45  0.        1979.823       3607.681       7322.496    0.000  -0.138   0.380   0.
  2017 352 20 50 22 499 352.868315961      -0.29      1.08     -0.43  0.        1978.583       3609.052       7323.000    0.000  -0.138   0.380   0.
  2017 352 20 50 23 499 352.868327535      -0.23      1.04     -0.40  0.        1977.342       3610.423       7323.503    0.000  -0.138   0.380   0.
  2017 352 20 50 24 499 352.868339109      -0.24      1.12     -0.54  0.        1976.102       3611.794       7324.005    0.000  -0.138   0.380   0.
  2017 352 20 50 25 499 352.868350683      -0.25      1.06     -0.47  0.        1974.861       3613.165       7324.507    0.000  -0.138   0.380   0.
  2017 352 20 50 26 499 352.868362257      -0.30      1.14     -0.49  0.        1973.620       3614.535       7325.008    0.000  -0.138   0.380   0.
  2017 352 20 50 27 498 352.868373831      -0.35      1.11     -0.41  0.        1972.379       3615.905       7325.509    0.000  -0.138   0.380   0.
  2017 352 20 50 28 498 352.868385405      -0.42      1.07     -0.39  0.        1971.138       3617.275       7326.009    0.000  -0.138   0.380   0.
  2017 352 20 50 29 498 352.868396979      -0.33      1.02     -0.39  0.        1969.896       3618.645       7326.509    0.000  -0.138   0.380   0.
  2017 352 20 50 30 498 352.868408553      -0.02      1.02     -0.52  0.        1968.655       3620.014       7327.008    0.000  -0.138   0.380   0.
  2017 352 20 50 31 498 352.868420127       0.34      1.17     -0.75  0.        1967.413       3621.383       7327.507    0.000  -0.138   0.380   0.
  2017 352 20 50 32 499 352.868431701       0.56      1.32     -0.78  0.        1966.171       3622.752       7328.005    0.000  -0.138   0.380   0.
  2017 352 20 50 33 499 352.868443275       0.23      1.26     -0.58  0.        1964.929       3624.120       7328.502    0.000  -0.138   0.380   0.
  2017 352 20 50 34 498 352.868454847       0.01      1.10     -0.59  0.        1963.687       3625.488       7328.999    0.000  -0.138   0.380   0.
  2017 352 20 50 35 498 352.868466421      -0.02      1.06     -0.58  0.        1962.445       3626.856       7329.496    0.000  -0.138   0.380   0.
  2017 352 20 50 36 498 352.868477995      -0.01      1.18     -0.38  0.        1961.203       3628.224       7329.992    0.000  -0.138   0.380   0.
  2017 352 20 50 37 498 352.868489569      -0.13      1.11     -0.37  0.        1959.960       3629.591       7330.488    0.000  -0.138   0.380   0.
  2017 352 20 50 38 498 352.868501143      -0.19      0.94     -0.52  0.        1958.718       3630.959       7330.983    0.000  -0.138   0.380   0.
  2017 352 20 50 39 498 352.868512717      -0.11      1.08     -0.52  0.        1957.475       3632.325       7331.477    0.000  -0.138   0.380   0.
  2017 352 20 50 40 498 352.868524291       0.02      1.12     -0.52  0.        1956.232       3633.692       7331.971    0.000  -0.138   0.380   0.
  2017 352 20 50 41 498 352.868535865       0.06      1.11     -0.45  0.        1954.989       3635.059       7332.464    0.000  -0.138   0.380   0.
  2017 352 20 50 42 498 352.868547439      -0.01      1.06     -0.49  0.        1953.746       3636.425       7332.957    0.000  -0.138   0.380   0.
  2017 352 20 50 43 498 352.868559013      -0.01      1.13     -0.41  0.        1952.502       3637.791       7333.449    0.000  -0.138   0.380   0.
  2017 352 20 50 44 498 352.868570587      -0.07      1.06     -0.42  0.        1951.259       3639.156       7333.941    0.000  -0.138   0.380   0.
  2017 352 20 50 45 498 352.868582161      -0.13      1.08     -0.44  0.        1950.015       3640.522       7334.433    0.000  -0.138   0.380   0.
  2017 352 20 50 46 498 352.868593736      -0.14      1.14     -0.37  0.        1948.772       3641.887       7334.923    0.000  -0.138   0.380   0.
  2017 352 20 50 47 498 352.868605310      -0.11      1.09     -0.45  0.        1947.528       3643.252       7335.413    0.000  -0.138   0.380   0.
  2017 352 20 50 48 498 352.868616884      -0.06      1.23     -0.25  0.        1946.284       3644.616       7335.903    0.000  -0.138   0.380   0.
  2017 352 20 50 49 498 352.868628458      -0.21      1.20     -0.29  0.        1945.039       3645.980       7336.392    0.000  -0.138   0.380   0.
  2017 352 20 50 50 498 352.868640032      -0.23      1.17     -0.58  0.        1943.795       3647.345       7336.881    0.000  -0.138   0.380   0.
  2017 352 20 50 51 498 352.868651606      -0.37      1.14     -0.45  0.        1942.551       3648.708       7337.369    0.000  -0.138   0.380   0.
  2017 352 20 50 52 498 352.868663180      -0.14      1.22     -0.47  0.        1941.306       3650.072       7337.857    0.000  -0.138   0.380   0.
  2017 352 20 50 53 498 352.868674754      -0.26      1.05     -0.37  0.        1940.061       3651.435       7338.344    0.000  -0.138   0.380   0.
  2017 352 20 50 54 498 352.868686328      -0.23      1.14     -0.61  0.        1938.817       3652.798       7338.830    0.000  -0.138   0.380   0.
  2017 352 20 50 55 498 352.868697902      -0.18      1.26     -0.17  0.        1937.572       3654.161       7339.316    0.000  -0.138   0.380   0.
  2017 352 20 50 56 498 352.868709476      -0.08      1.26     -0.13  0.        1936.326       3655.523       7339.802    0.000  -0.138   0.380   0.
  2017 352 20 50 57 498 352.868721050      -0.20      1.18     -0.37  0.        1935.081       3656.886       7340.287    0.000  -0.138   0.380   0.
  2017 352 20 50 58 498 352.868732624      -0.10      1.16     -0.41  0.        1933.836       3658.248       7340.771    0.000  -0.138   0.380   0.
  2017 352 20 50 59 498 352.868744198      -0.25      1.06     -0.45  0.        1932.590       3659.609       7341.255    0.000  -0.138   0.380   0.
  2017 352 20 51  0 498 352.868755773      -0.07      1.14     -0.39  0.        1931.345       3660.971       7341.738    0.000  -0.138   0.380   0.
  2017 352 20 51  1 498 352.868767347      -0.01      1.20     -0.37  0.        1930.099       3662.332       7342.221    0.000  -0.138   0.380   0.
  2017 352 20 51  2 498 352.868778921      -0.13      1.14     -0.31  0.        1928.853       3663.693       7342.704    0.000  -0.138   0.380   0.
  2017 352 20 51  3 498 352.868790494      -0.08      1.15     -0.34  0.        1927.607       3665.053       7343.186    0.000  -0.138   0.380   0.
  2017 352 20 51  4 498 352.868802066      -0.12      1.09     -0.40  0.        1926.360       3666.414       7343.667    0.000  -0.138   0.380   0.
  2017 352 20 51  5 498 352.868813640      -0.04      1.14     -0.42  0.        1925.114       3667.774       7344.148    0.000  -0.138   0.380   0.
  2017 352 20 51  6 498 352.868825214      -0.09      1.11     -0.45  0.        1923.867       3669.134       7344.627    0.000  -0.138   0.380   0.
  2017 352 20 51  7 498 352.868836788      -0.08      1.14     -0.48  0.        1922.621       3670.493       7345.107    0.000  -0.138   0.380   0.
  2017 352 20 51  8 498 352.868848362      -0.04      1.15     -0.46  0.        1921.374       3671.853       7345.587    0.000  -0.138   0.380   0.
  2017 352 20 51  9 498 352.868859936       0.02      1.16     -0.42  0.        1920.127       3673.212       7346.065    0.000  -0.138   0.380   0.
  2017 352 20 51 10 498 352.868871510      -0.03      1.14     -0.52  0.        1918.880       3674.571       7346.544    0.000  -0.138   0.380   0.
  2017 352 20 51 11 498 352.868883085       0.02      1.11     -0.55  0.        1917.633       3675.929       7347.021    0.000  -0.138   0.380   0.
  2017 352 20 51 12 498 352.868894659       0.08      1.11     -0.49  0.        1916.386       3677.288       7347.498    0.000  -0.138   0.380   0.
  2017 352 20 51 13 498 352.868906233       0.11      1.12     -0.47  0.        1915.138       3678.646       7347.975    0.000  -0.138   0.380   0.
  2017 352 20 51 14 498 352.868917807       0.07      1.15     -0.51  0.        1913.890       3680.003       7348.451    0.000  -0.138   0.380   0.
  2017 352 20 51 15 498 352.868929381       0.10      1.10     -0.54  0.        1912.642       3681.361       7348.926    0.000  -0.138   0.380   0.
  2017 352 20 51 16 498 352.868940955       0.10      1.16     -0.64  0.        1911.394       3682.718       7349.401    0.000  -0.138   0.380   0.
  2017 352 20 51 17 498 352.868952529       0.06      1.09     -0.69  0.        1910.147       3684.075       7349.876    0.000  -0.138   0.380   0.
  2017 352 20 51 18 498 352.868964103       0.00      1.12     -0.67  0.        1908.899       3685.432       7350.350    0.000  -0.138   0.380   0.
  2017 352 20 51 19 498 352.868975677       0.00      1.13     -0.67  0.        1907.651       3686.788       7350.823    0.000  -0.138   0.380   0.
  2017 352 20 51 20 498 352.868987251      -0.01      1.08     -0.60  0.        1906.402       3688.145       7351.296    0.000  -0.138   0.380   0.
  2017 352 20 51 21 498 352.868998825       0.03      1.14     -0.56  0.        1905.153       3689.501       7351.769    0.000  -0.138   0.380   0.
  2017 352 20 51 22 498 352.869010399       0.01      1.08     -0.66  0.        1903.905       3690.856       7352.240    0.000  -0.138   0.380   0.
  2017 352 20 51 23 498 352.869021973       0.09      1.09     -0.67  0.        1902.656       3692.212       7352.712    0.000  -0.138   0.380   0.
  2017 352 20 51 24 498 352.869033547       0.11      1.13     -0.66  0.        1901.407       3693.567       7353.183    0.000  -0.138   0.380   0.
  2017 352 20 51 25 498 352.869045121       0.11      1.07     -0.76  0.        1900.158       3694.922       7353.653    0.000  -0.138   0.380   0.
  2017 352 20 51 26 498 352.869056696       0.06      1.07     -0.73  0.        1898.908       3696.277       7354.123    0.000  -0.138   0.380   0.
  2017 352 20 51 27 498 352.869068270       0.13      1.07     -0.75  0.        1897.659       3697.631       7354.592    0.000  -0.138   0.380   0.
  2017 352 20 51 28 498 352.869079844       0.16      1.04     -0.81  0.        1896.409       3698.985       7355.061    0.000  -0.138   0.380   0.
  2017 352 20 51 29 498 352.869091418       0.20      1.00     -0.82  0.        1895.160       3700.339       7355.529    0.000  -0.138   0.380   0.
  2017 352 20 51 30 498 352.869102992       0.18      0.95     -0.86  0.        1893.910       3701.692       7355.997    0.000  -0.138   0.380   0.
  2017 352 20 51 31 498 352.869114566       0.12      0.91     -0.83  0.        1892.660       3703.046       7356.464    0.000  -0.138   0.380   0.
  2017 352 20 51 32 498 352.869126140       0.25      1.02     -0.68  0.        1891.410       3704.399       7356.930    0.000  -0.138   0.380   0.
  2017 352 20 51 33 498 352.869137713       0.16      1.01     -0.65  0.        1890.160       3705.752       7357.396    0.000  -0.138   0.380   0.
  2017 352 20 51 34 498 352.869149285       0.19      1.09     -0.77  0.        1888.910       3707.104       7357.862    0.000  -0.138   0.380   0.
  2017 352 20 51 35 498 352.869160859       0.11      0.95     -0.63  0.        1887.659       3708.456       7358.327    0.000  -0.138   0.380   0.
  2017 352 20 51 36 498 352.869172433       0.13      1.25     -0.49  0.        1886.409       3709.809       7358.792    0.000  -0.138   0.380   0.
  2017 352 20 51 37 498 352.869184008       0.05      1.21     -0.36  0.        1885.158       3711.160       7359.256    0.000  -0.138   0.380   0.
  2017 352 20 51 38 498 352.869195582       0.02      1.06     -0.17  0.        1883.907       3712.512       7359.719    0.000  -0.138   0.380   0.
  2017 352 20 51 39 498 352.869207156      -0.19      0.94     -0.22  0.        1882.656       3713.863       7360.182    0.000  -0.138   0.380   0.
  2017 352 20 51 40 498 352.869218730      -0.19      1.15     -0.15  0.        1881.405       3715.214       7360.645    0.000  -0.138   0.380   0.
  2017 352 20 51 41 498 352.869230304      -0.33      1.18     -0.34  0.        1880.154       3716.565       7361.107    0.000  -0.138   0.380   0.
  2017 352 20 51 42 498 352.869241878      -0.29      1.20      0.02  0.        1878.902       3717.915       7361.568    0.000  -0.138   0.380   0.
  2017 352 20 51 43 498 352.869253452       0.00      1.28      0.03  0.        1877.651       3719.265       7362.029    0.000  -0.138   0.380   0.
  2017 352 20 51 44 498 352.869265026      -0.26      1.14     -0.26  0.        1876.399       3720.615       7362.489    0.000  -0.138   0.380   0.
  2017 352 20 51 45 498 352.869276600      -0.27      1.27     -0.19  0.        1875.147       3721.965       7362.949    0.000  -0.138   0.380   0.
  2017 352 20 51 46 498 352.869288174      -0.19      1.24     -0.08  0.        1873.896       3723.314       7363.409    0.000  -0.138   0.380   0.
  2017 352 20 51 47 498 352.869299748      -0.12      1.32     -0.05  0.        1872.643       3724.663       7363.868    0.000  -0.138   0.380   0.
  2017 352 20 51 48 498 352.869311322      -0.01      1.29     -0.14  0.        1871.391       3726.012       7364.326    0.000  -0.138   0.380   0.
  2017 352 20 51 49 498 352.869322896       0.27      1.35     -0.26  0.        1870.139       3727.361       7364.784    0.000  -0.138   0.380   0.
  2017 352 20 51 50 498 352.869334470       0.06      1.20     -0.46  0.        1868.887       3728.709       7365.241    0.000  -0.138   0.380   0.
  2017 352 20 51 51 498 352.869346045       0.04      1.25     -0.69  0.        1867.634       3730.057       7365.698    0.000  -0.138   0.380   0.
  2017 352 20 51 52 498 352.869357619       0.02      1.28     -0.31  0.        1866.381       3731.405       7366.154    0.000  -0.138   0.380   0.
  2017 352 20 51 53 498 352.869369193      -0.04      1.25     -0.37  0.        1865.128       3732.753       7366.609    0.000  -0.138   0.380   0.
  2017 352 20 51 54 498 352.869380767      -0.10      1.28     -0.47  0.        1863.875       3734.100       7367.065    0.000  -0.138   0.380   0.
  2017 352 20 51 55 498 352.869392341      -0.20      1.33     -0.37  0.        1862.622       3735.447       7367.519    0.000  -0.138   0.380   0.
  2017 352 20 51 56 498 352.869403915      -0.03      1.29     -0.13  0.        1861.369       3736.794       7367.973    0.000  -0.138   0.380   0.
  2017 352 20 51 57 498 352.869415489      -0.10      1.26     -0.28  0.        1860.116       3738.140       7368.427    0.000  -0.138   0.380   0.
  2017 352 20 51 58 498 352.869427063      -0.09      1.18     -0.29  0.        1858.862       3739.486       7368.880    0.000  -0.138   0.380   0.
  2017 352 20 51 59 498 352.869438637       0.02      1.29     -0.38  0.        1857.609       3740.832       7369.333    0.000  -0.138   0.380   0.
  2017 352 20 52  0 498 352.869450211       0.05      1.26     -0.53  0.        1856.355       3742.178       7369.785    0.000  -0.138   0.380   0.
  2017 352 20 52  1 498 352.869461785       0.08      1.12     -0.29  0.        1855.101       3743.524       7370.236    0.000  -0.138   0.380   0.
  2017 352 20 52  2 498 352.869473359       0.14      1.24     -0.36  0.        1853.847       3744.869       7370.687    0.000  -0.138   0.380   0.
  2017 352 20 52  3 497 352.869484932       0.11      1.25     -0.38  0.        1852.593       3746.214       7371.138    0.000  -0.138   0.380   0.
  2017 352 20 52  4 497 352.869496505       0.10      1.27     -0.31  0.        1851.339       3747.558       7371.588    0.000  -0.138   0.380   0.
  2017 352 20 52  5 498 352.869508079       0.00      1.28     -0.47  0.        1850.084       3748.903       7372.037    0.000  -0.138   0.380   0.
  2017 352 20 52  6 498 352.869519653      -0.08      1.19     -0.31  0.        1848.830       3750.247       7372.486    0.000  -0.138   0.380   0.
  2017 352 20 52  7 498 352.869531227      -0.24      1.20     -0.43  0.        1847.575       3751.591       7372.935    0.000  -0.138   0.380   0.
  2017 352 20 52  8 498 352.869542801      -0.14      1.28     -0.25  0.        1846.320       3752.934       7373.383    0.000  -0.138   0.380   0.
  2017 352 20 52  9 498 352.869554375      -0.00      1.21     -0.31  0.        1845.065       3754.278       7373.830    0.000  -0.138   0.380   0.
  2017 352 20 52 10 497 352.869565949      -0.03      1.20     -0.39  0.        1843.810       3755.621       7374.277    0.000  -0.138   0.380   0.
  2017 352 20 52 11 497 352.869577523      -0.09      1.21     -0.53  0.        1842.555       3756.964       7374.723    0.000  -0.138   0.380   0.
  2017 352 20 52 12 497 352.869589097      -0.19      1.19     -0.59  0.        1841.300       3758.306       7375.169    0.000  -0.138   0.380   0.
  2017 352 20 52 13 497 352.869600671       0.09      1.33     -0.33  0.        1840.044       3759.648       7375.615    0.000  -0.138   0.380   0.
  2017 352 20 52 14 498 352.869612245       0.07      1.37     -0.38  0.        1838.789       3760.991       7376.059    0.000  -0.138   0.380   0.
  2017 352 20 52 15 498 352.869623819      -0.11      1.20     -0.47  0.        1837.533       3762.332       7376.504    0.000  -0.138   0.380   0.
  2017 352 20 52 16 497 352.869635394       0.14      1.46     -0.42  0.        1836.277       3763.674       7376.947    0.000  -0.138   0.380   0.
  2017 352 20 52 17 497 352.869646968       0.05      1.25     -0.61  0.        1835.021       3765.015       7377.391    0.000  -0.138   0.380   0.
  2017 352 20 52 18 498 352.869658542      -0.07      1.12     -0.50  0.        1833.765       3766.356       7377.833    0.000  -0.138   0.380   0.
  2017 352 20 52 19 498 352.869670116      -0.02      1.19     -0.37  0.        1832.509       3767.697       7378.276    0.000  -0.138   0.380   0.
  2017 352 20 52 20 498 352.869681690       0.11      1.29     -0.36  0.        1831.253       3769.037       7378.717    0.000  -0.138   0.380   0.
  2017 352 20 52 21 498 352.869693264       0.09      1.28     -0.39  0.        1829.996       3770.377       7379.159    0.000  -0.138   0.380   0.
  2017 352 20 52 22 498 352.869704838       0.30      1.36     -0.24  0.        1828.740       3771.717       7379.599    0.000  -0.138   0.380   0.
  2017 352 20 52 23 497 352.869716412       0.36      1.26     -0.30  0.        1827.483       3773.057       7380.039    0.000  -0.138   0.380   0.
  2017 352 20 52 24 497 352.869727986       0.31      1.26     -0.30  0.        1826.226       3774.396       7380.479    0.000  -0.138   0.380   0.
  2017 352 20 52 25 497 352.869739560       0.35      1.19     -0.39  0.        1824.969       3775.735       7380.918    0.000  -0.138   0.380   0.
  2017 352 20 52 26 497 352.869751134       0.05      1.10     -0.37  0.        1823.712       3777.074       7381.357    0.000  -0.138   0.380   0.
  2017 352 20 52 27 497 352.869762708       0.16      1.22     -0.18  0.        1822.455       3778.413       7381.795    0.000  -0.138   0.380   0.
  2017 352 20 52 28 498 352.869774282       0.28      1.19     -0.40  0.        1821.197       3779.751       7382.232    0.000  -0.138   0.380   0.
  2017 352 20 52 29 498 352.869785856       0.22      1.16     -0.42  0.        1819.940       3781.089       7382.670    0.000  -0.138   0.380   0.
  2017 352 20 52 30 497 352.869797431       0.41      1.14     -0.59  0.        1818.682       3782.427       7383.106    0.000  -0.138   0.380   0.
  2017 352 20 52 31 497 352.869809005       0.37      1.11     -0.58  0.        1817.424       3783.765       7383.542    0.000  -0.138   0.380   0.
  2017 352 20 52 32 498 352.869820579       0.45      1.12     -0.64  0.        1816.167       3785.102       7383.978    0.000  -0.138   0.380   0.
  2017 352 20 52 33 498 352.869832152       0.33      1.18     -0.81  0.        1814.909       3786.439       7384.413    0.000  -0.138   0.380   0.
  2017 352 20 52 34 497 352.869843724       0.18      1.22     -0.70  0.        1813.650       3787.776       7384.847    0.000  -0.138   0.380   0.
  2017 352 20 52 35 497 352.869855298       0.07      1.26     -0.60  0.        1812.392       3789.112       7385.281    0.000  -0.138   0.380   0.
  2017 352 20 52 36 497 352.869866872       0.09      1.29     -0.58  0.        1811.134       3790.449       7385.715    0.000  -0.138   0.380   0.
  2017 352 20 52 37 497 352.869878446      -0.05      1.21     -0.47  0.        1809.875       3791.784       7386.147    0.000  -0.138   0.380   0.
  2017 352 20 52 38 497 352.869890020      -0.07      1.28     -0.55  0.        1808.617       3793.120       7386.580    0.000  -0.138   0.380   0.
  2017 352 20 52 39 497 352.869901594      -0.12      1.23     -0.49  0.        1807.358       3794.456       7387.012    0.000  -0.138   0.380   0.
  2017 352 20 52 40 497 352.869913168       0.19      1.32     -0.25  0.        1806.099       3795.791       7387.443    0.000  -0.138   0.380   0.
  2017 352 20 52 41 497 352.869924742       0.26      1.36     -0.32  0.        1804.840       3797.126       7387.874    0.000  -0.138   0.380   0.
  2017 352 20 52 42 497 352.869936317      -0.01      1.21     -0.44  0.        1803.581       3798.460       7388.304    0.000  -0.138   0.380   0.
  2017 352 20 52 43 497 352.869947891       0.13      1.15     -0.44  0.        1802.322       3799.795       7388.734    0.000  -0.138   0.380   0.
  2017 352 20 52 44 497 352.869959465       0.12      1.14     -0.74  0.        1801.062       3801.129       7389.164    0.000  -0.138   0.380   0.
  2017 352 20 52 45 497 352.869971039       0.20      1.21     -0.64  0.        1799.803       3802.463       7389.592    0.000  -0.138   0.380   0.
  2017 352 20 52 46 497 352.869982613       0.12      1.09     -0.62  0.        1798.543       3803.796       7390.021    0.000  -0.138   0.380   0.
  2017 352 20 52 47 497 352.869994187       0.06      1.21     -0.54  0.        1797.283       3805.129       7390.448    0.000  -0.138   0.380   0.
  2017 352 20 52 48 497 352.870005761       0.04      1.17     -0.54  0.        1796.024       3806.463       7390.876    0.000  -0.138   0.380   0.
  2017 352 20 52 49 497 352.870017335      -0.09      1.21     -0.46  0.        1794.764       3807.795       7391.302    0.000  -0.138   0.380   0.
  2017 352 20 52 50 497 352.870028909      -0.19      1.20     -0.43  0.        1793.503       3809.128       7391.729    0.000  -0.138   0.380   0.
  2017 352 20 52 51 497 352.870040483      -0.16      1.17     -0.41  0.        1792.243       3810.460       7392.154    0.000  -0.138   0.380   0.
  2017 352 20 52 52 497 352.870052057      -0.04      1.23     -0.41  0.        1790.983       3811.792       7392.580    0.000  -0.138   0.380   0.
  2017 352 20 52 53 497 352.870063631      -0.05      1.20     -0.46  0.        1789.722       3813.124       7393.004    0.000  -0.138   0.380   0.
  2017 352 20 52 54 497 352.870075205      -0.12      1.16     -0.40  0.        1788.462       3814.455       7393.429    0.000  -0.138   0.380   0.
  2017 352 20 52 55 497 352.870086779      -0.31      1.19     -0.47  0.        1787.201       3815.787       7393.852    0.000  -0.138   0.380   0.
  2017 352 20 52 56 497 352.870098354      -0.30      1.29     -0.19  0.        1785.940       3817.118       7394.275    0.000  -0.138   0.380   0.
  2017 352 20 52 57 497 352.870109928      -0.39      1.27     -0.09  0.        1784.679       3818.448       7394.698    0.000  -0.138   0.380   0.
  2017 352 20 52 58 497 352.870121502      -0.56      1.30     -0.26  0.        1783.418       3819.779       7395.120    0.000  -0.138   0.380   0.
  2017 352 20 52 59 497 352.870133076      -0.45      1.34     -0.50  0.        1782.157       3821.109       7395.542    0.000  -0.138   0.380   0.
  2017 352 20 53  0 497 352.870144650      -0.66      1.21     -0.47  0.        1780.895       3822.439       7395.963    0.000  -0.138   0.380   0.
  2017 352 20 53  1 497 352.870156224      -0.30      1.33     -0.24  0.        1779.634       3823.768       7396.383    0.000  -0.138   0.380   0.
  2017 352 20 53  2 497 352.870167798      -0.15      1.27     -0.30  0.        1778.372       3825.098       7396.804    0.000  -0.138   0.380   0.
  2017 352 20 53  3 497 352.870179371       0.19      1.42     -0.29  0.        1777.110       3826.427       7397.223    0.000  -0.138   0.380   0.
  2017 352 20 53  4 497 352.870190943      -0.02      1.27     -0.64  0.        1775.849       3827.756       7397.642    0.000  -0.138   0.380   0.
  2017 352 20 53  5 497 352.870202517      -0.14      1.22     -0.40  0.        1774.587       3829.084       7398.061    0.000  -0.138   0.380   0.
  2017 352 20 53  6 497 352.870214091       0.05      1.22     -0.30  0.        1773.324       3830.412       7398.479    0.000  -0.138   0.380   0.
  2017 352 20 53  7 497 352.870225666       0.13      1.21     -0.56  0.        1772.062       3831.740       7398.896    0.000  -0.138   0.380   0.
  2017 352 20 53  8 497 352.870237240       0.12      1.09     -0.34  0.        1770.800       3833.068       7399.313    0.000  -0.138   0.380   0.
  2017 352 20 53  9 497 352.870248814       0.35      1.20     -0.46  0.        1769.537       3834.396       7399.730    0.000  -0.138   0.380   0.
  2017 352 20 53 10 497 352.870260388       0.19      1.08     -0.76  0.        1768.275       3835.723       7400.145    0.000  -0.138   0.380   0.
  2017 352 20 53 11 497 352.870271962       0.15      1.12     -0.67  0.        1767.012       3837.050       7400.561    0.000  -0.138   0.380   0.
  2017 352 20 53 12 497 352.870283536      -0.08      1.09     -0.52  0.        1765.749       3838.377       7400.976    0.000  -0.138   0.380   0.
  2017 352 20 53 13 497 352.870295110       0.05      1.18     -0.35  0.        1764.486       3839.703       7401.391    0.000  -0.138   0.380   0.
  2017 352 20 53 14 497 352.870306684       0.13      1.20     -0.38  0.        1763.223       3841.029       7401.805    0.000  -0.138   0.380   0.
  2017 352 20 53 15 497 352.870318258       0.09      1.21     -0.38  0.        1761.960       3842.355       7402.218    0.000  -0.138   0.380   0.
  2017 352 20 53 16 497 352.870329832       0.10      1.19     -0.32  0.        1760.697       3843.681       7402.631    0.000  -0.138   0.380   0.
  2017 352 20 53 17 497 352.870341406       0.07      1.20     -0.33  0.        1759.433       3845.006       7403.043    0.000  -0.138   0.380   0.
  2017 352 20 53 18 497 352.870352980      -0.04      1.24     -0.31  0.        1758.170       3846.331       7403.455    0.000  -0.138   0.380   0.
  2017 352 20 53 19 497 352.870364554       0.08      1.22     -0.22  0.        1756.906       3847.656       7403.867    0.000  -0.138   0.380   0.
  2017 352 20 53 20 497 352.870376128       0.12      1.26     -0.19  0.        1755.642       3848.981       7404.277    0.000  -0.138   0.380   0.
  2017 352 20 53 21 497 352.870387703       0.09      1.21     -0.27  0.        1754.378       3850.305       7404.688    0.000  -0.138   0.380   0.
  2017 352 20 53 22 497 352.870399277       0.12      1.29     -0.26  0.        1753.114       3851.629       7405.098    0.000  -0.138   0.380   0.
  2017 352 20 53 23 497 352.870410851       0.23      1.31     -0.15  0.        1751.850       3852.953       7405.507    0.000  -0.138   0.380   0.
  2017 352 20 53 24 497 352.870422425       0.06      1.26     -0.09  0.        1750.586       3854.276       7405.916    0.000  -0.138   0.380   0.
  2017 352 20 53 25 497 352.870433999      -0.04      1.17     -0.22  0.        1749.321       3855.600       7406.324    0.000  -0.138   0.380   0.
  2017 352 20 53 26 497 352.870445573      -0.17      1.08     -0.43  0.        1748.057       3856.923       7406.732    0.000  -0.138   0.380   0.
  2017 352 20 53 27 497 352.870457147      -0.27      1.18     -0.61  0.        1746.792       3858.245       7407.139    0.000  -0.138   0.380   0.
  2017 352 20 53 28 497 352.870468721      -0.27      1.11     -0.37  0.        1745.527       3859.568       7407.546    0.000  -0.138   0.380   0.
  2017 352 20 53 29 497 352.870480295      -0.09      1.10     -0.31  0.        1744.262       3860.890       7407.952    0.000  -0.138   0.380   0.
  2017 352 20 53 30 497 352.870491869       0.12      1.15     -0.26  0.        1742.997       3862.212       7408.358    0.000  -0.138   0.380   0.
  2017 352 20 53 31 497 352.870503443       0.31      1.11     -0.32  0.        1741.732       3863.534       7408.763    0.000  -0.138   0.380   0.
  2017 352 20 53 32 497 352.870515017       0.17      1.10     -0.43  0.        1740.467       3864.855       7409.168    0.000  -0.138   0.380   0.
  2017 352 20 53 33 497 352.870526590       0.08      1.10     -0.52  0.        1739.202       3866.176       7409.572    0.000  -0.138   0.380   0.
  2017 352 20 53 34 497 352.870538163       0.07      1.08     -0.45  0.        1737.936       3867.497       7409.976    0.000  -0.138   0.380   0.
  2017 352 20 53 35 497 352.870549737       0.04      1.16     -0.37  0.        1736.670       3868.818       7410.379    0.000  -0.138   0.380   0.
  2017 352 20 53 36 497 352.870561311       0.05      1.17     -0.30  0.        1735.405       3870.138       7410.782    0.000  -0.138   0.380   0.
  2017 352 20 53 37 497 352.870572885       0.15      1.18     -0.18  0.        1734.139       3871.458       7411.184    0.000  -0.138   0.380   0.
  2017 352 20 53 38 497 352.870584459       0.06      1.15     -0.20  0.        1732.873       3872.778       7411.586    0.000  -0.138   0.380   0.
  2017 352 20 53 39 497 352.870596033       0.05      1.13     -0.28  0.        1731.607       3874.097       7411.987    0.000  -0.138   0.380   0.
  2017 352 20 53 40 497 352.870607607       0.21      1.11     -0.39  0.        1730.340       3875.417       7412.387    0.000  -0.138   0.380   0.
  2017 352 20 53 41 497 352.870619181       0.19      1.10     -0.51  0.        1729.074       3876.736       7412.788    0.000  -0.138   0.380   0.
  2017 352 20 53 42 497 352.870630755       0.04      1.04     -0.59  0.        1727.808       3878.054       7413.187    0.000  -0.138   0.380   0.
  2017 352 20 53 43 497 352.870642329      -0.02      1.06     -0.47  0.        1726.541       3879.373       7413.586    0.000  -0.138   0.380   0.
  2017 352 20 53 44 497 352.870653903       0.06      1.06     -0.39  0.        1725.274       3880.691       7413.985    0.000  -0.138   0.380   0.
  2017 352 20 53 45 497 352.870665477       0.04      1.09     -0.46  0.        1724.008       3882.009       7414.383    0.000  -0.138   0.380   0.
  2017 352 20 53 46 497 352.870677052       0.17      1.08     -0.34  0.        1722.741       3883.327       7414.781    0.000  -0.138   0.380   0.
  2017 352 20 53 47 497 352.870688626       0.28      1.03     -0.30  0.        1721.474       3884.644       7415.178    0.000  -0.138   0.380   0.
  2017 352 20 53 48 497 352.870700200       0.17      1.01     -0.29  0.        1720.207       3885.961       7415.574    0.000  -0.138   0.379   0.
  2017 352 20 53 49 497 352.870711774       0.08      1.11     -0.20  0.        1718.939       3887.278       7415.970    0.000  -0.138   0.379   0.
  2017 352 20 53 50 497 352.870723348       0.22      1.17     -0.16  0.        1717.672       3888.595       7416.366    0.000  -0.138   0.380   0.
  2017 352 20 53 51 497 352.870734922       0.12      1.22     -0.27  0.        1716.404       3889.911       7416.761    0.000  -0.138   0.380   0.
  2017 352 20 53 52 497 352.870746496      -0.03      1.18     -0.24  0.        1715.137       3891.227       7417.156    0.000  -0.138   0.380   0.
  2017 352 20 53 53 497 352.870758070       0.03      1.04     -0.21  0.        1713.869       3892.543       7417.550    0.000  -0.138   0.380   0.
  2017 352 20 53 54 497 352.870769644      -0.12      1.07     -0.43  0.        1712.601       3893.859       7417.943    0.000  -0.138   0.380   0.
  2017 352 20 53 55 497 352.870781218       0.08      1.19     -0.15  0.        1711.333       3895.174       7418.336    0.000  -0.138   0.380   0.
  2017 352 20 53 56 497 352.870792792       0.69      1.35      0.34  0.        1710.065       3896.489       7418.729    0.000  -0.138   0.380   0.
  2017 352 20 53 57 497 352.870804366       0.56      1.38      0.14  0.        1708.797       3897.804       7419.121    0.000  -0.138   0.380   0.
  2017 352 20 53 58 497 352.870815940       0.87      1.30      0.38  0.        1707.528       3899.118       7419.512    0.000  -0.138   0.380   0.
  2017 352 20 53 59 497 352.870827514       0.89      1.20      0.01  0.        1706.260       3900.432       7419.903    0.000  -0.138   0.380   0.
  2017 352 20 54  0 497 352.870839089       0.69      1.26     -0.13  0.        1704.991       3901.746       7420.294    0.000  -0.138   0.380   0.
  2017 352 20 54  1 497 352.870850662       0.49      1.25      0.19  0.        1703.723       3903.060       7420.684    0.000  -0.138   0.380   0.
  2017 352 20 54  2 497 352.870862234       0.59      1.23      0.26  0.        1702.454       3904.373       7421.073    0.000  -0.138   0.380   0.
  2017 352 20 54  3 497 352.870873808       0.32      1.28     -0.09  0.        1701.185       3905.687       7421.462    0.000  -0.138   0.380   0.
  2017 352 20 54  4 497 352.870885382       0.25      1.24     -0.17  0.        1699.916       3906.999       7421.851    0.000  -0.138   0.380   0.
  2017 352 20 54  5 496 352.870896956       0.15      1.23     -0.23  0.        1698.647       3908.312       7422.239    0.000  -0.138   0.380   0.
  2017 352 20 54  6 496 352.870908530       0.08      1.23     -0.14  0.        1697.378       3909.624       7422.626    0.000  -0.138   0.380   0.
  2017 352 20 54  7 496 352.870920104       0.06      1.21     -0.09  0.        1696.108       3910.937       7423.013    0.000  -0.138   0.380   0.
  2017 352 20 54  8 496 352.870931678       0.03      1.21     -0.03  0.        1694.839       3912.248       7423.399    0.000  -0.138   0.380   0.
  2017 352 20 54  9 496 352.870943252       0.01      1.25     -0.16  0.        1693.569       3913.560       7423.785    0.000  -0.138   0.380   0.
  2017 352 20 54 10 497 352.870954826      -0.15      1.24     -0.25  0.        1692.299       3914.871       7424.171    0.000  -0.138   0.380   0.
  2017 352 20 54 11 497 352.870966400      -0.25      1.39     -0.07  0.        1691.030       3916.182       7424.556    0.000  -0.138   0.380   0.
  2017 352 20 54 12 496 352.870977975      -0.31      1.31     -0.04  0.        1689.760       3917.493       7424.940    0.000  -0.138   0.380   0.
  2017 352 20 54 13 496 352.870989549      -0.33      1.18     -0.30  0.        1688.490       3918.803       7425.324    0.000  -0.138   0.380   0.
  2017 352 20 54 14 497 352.871001123      -0.38      1.16     -0.25  0.        1687.219       3920.114       7425.707    0.000  -0.138   0.380   0.
  2017 352 20 54 15 497 352.871012697      -0.09      1.32     -0.18  0.        1685.949       3921.424       7426.090    0.000  -0.138   0.380   0.
  2017 352 20 54 16 497 352.871024271      -0.04      1.27     -0.18  0.        1684.679       3922.733       7426.473    0.000  -0.138   0.380   0.
  2017 352 20 54 17 497 352.871035845      -0.00      1.38     -0.25  0.        1683.408       3924.043       7426.855    0.000  -0.138   0.380   0.
  2017 352 20 54 18 497 352.871047419      -0.08      1.34     -0.43  0.        1682.137       3925.352       7427.236    0.000  -0.138   0.380   0.
  2017 352 20 54 19 496 352.871058993      -0.19      1.29     -0.39  0.        1680.867       3926.661       7427.617    0.000  -0.138   0.380   0.
  2017 352 20 54 20 496 352.871070567      -0.25      1.23     -0.47  0.        1679.596       3927.969       7427.997    0.000  -0.138   0.380   0.
  2017 352 20 54 21 496 352.871082141      -0.31      1.20     -0.44  0.        1678.325       3929.278       7428.377    0.000  -0.138   0.380   0.
  2017 352 20 54 22 496 352.871093715      -0.26      1.21     -0.43  0.        1677.054       3930.586       7428.756    0.000  -0.138   0.380   0.
  2017 352 20 54 23 497 352.871105289      -0.19      1.16     -0.42  0.        1675.782       3931.894       7429.135    0.000  -0.138   0.380   0.
  2017 352 20 54 24 497 352.871116863      -0.25      1.11     -0.40  0.        1674.511       3933.201       7429.514    0.000  -0.138   0.380   0.
  2017 352 20 54 25 497 352.871128437      -0.23      1.20     -0.38  0.        1673.240       3934.509       7429.891    0.000  -0.138   0.380   0.
  2017 352 20 54 26 496 352.871140012      -0.31      1.19     -0.32  0.        1671.968       3935.816       7430.269    0.000  -0.138   0.380   0.
  2017 352 20 54 27 496 352.871151586      -0.27      1.23     -0.24  0.        1670.697       3937.122       7430.646    0.000  -0.138   0.380   0.
  2017 352 20 54 28 497 352.871163160      -0.24      1.21     -0.23  0.        1669.425       3938.429       7431.022    0.000  -0.138   0.380   0.
  2017 352 20 54 29 497 352.871174734      -0.20      1.22     -0.31  0.        1668.153       3939.735       7431.398    0.000  -0.138   0.380   0.
  2017 352 20 54 30 497 352.871186308      -0.14      1.24     -0.38  0.        1666.881       3941.041       7431.773    0.000  -0.138   0.380   0.
  2017 352 20 54 31 497 352.871197881      -0.29      1.08     -0.46  0.        1665.609       3942.347       7432.148    0.000  -0.138   0.380   0.
  2017 352 20 54 32 496 352.871209453      -0.13      1.08     -0.45  0.        1664.337       3943.652       7432.522    0.000  -0.138   0.380   0.
  2017 352 20 54 33 496 352.871221027       0.06      1.12     -0.40  0.        1663.064       3944.957       7432.896    0.000  -0.138   0.380   0.
  2017 352 20 54 34 496 352.871232601      -0.11      1.14     -0.48  0.        1661.792       3946.262       7433.269    0.000  -0.138   0.380   0.
  2017 352 20 54 35 496 352.871244175      -0.12      1.24     -0.42  0.        1660.519       3947.567       7433.642    0.000  -0.138   0.380   0.
  2017 352 20 54 36 496 352.871255749      -0.18      1.10     -0.33  0.        1659.246       3948.871       7434.014    0.000  -0.138   0.380   0.
  2017 352 20 54 37 496 352.871267323       0.07      1.20     -0.45  0.        1657.974       3950.175       7434.386    0.000  -0.138   0.380   0.
  2017 352 20 54 38 496 352.871278898      -0.10      1.19     -0.67  0.        1656.701       3951.479       7434.757    0.000  -0.138   0.380   0.
  2017 352 20 54 39 496 352.871290472      -0.48      1.07     -0.49  0.        1655.428       3952.783       7435.128    0.000  -0.138   0.380   0.
  2017 352 20 54 40 496 352.871302046      -0.02      1.30     -0.34  0.        1654.155       3954.086       7435.498    0.000  -0.138   0.380   0.
  2017 352 20 54 41 496 352.871313620      -0.01      1.22     -0.44  0.        1652.881       3955.389       7435.868    0.000  -0.138   0.380   0.
  2017 352 20 54 42 496 352.871325194      -0.27      1.06     -0.61  0.        1651.608       3956.692       7436.237    0.000  -0.138   0.380   0.
  2017 352 20 54 43 496 352.871336768      -0.33      1.05     -0.49  0.        1650.334       3957.994       7436.606    0.000  -0.138   0.380   0.
  2017 352 20 54 44 496 352.871348342      -0.14      1.14     -0.58  0.        1649.061       3959.296       7436.974    0.000  -0.138   0.380   0.
  2017 352 20 54 45 496 352.871359916      -0.21      1.12     -0.48  0.        1647.787       3960.598       7437.342    0.000  -0.138   0.380   0.
  2017 352 20 54 46 496 352.871371490      -0.20      1.14     -0.57  0.        1646.513       3961.900       7437.709    0.000  -0.138   0.380   0.
  2017 352 20 54 47 496 352.871383064      -0.24      1.17     -0.42  0.        1645.239       3963.201       7438.076    0.000  -0.138   0.380   0.
  2017 352 20 54 48 496 352.871394638      -0.14      1.20     -0.25  0.        1643.966       3964.502       7438.442    0.000  -0.138   0.380   0.
  2017 352 20 54 49 496 352.871406212      -0.10      1.22     -0.23  0.        1642.691       3965.803       7438.808    0.000  -0.138   0.380   0.
  2017 352 20 54 50 496 352.871417786      -0.17      1.18     -0.21  0.        1641.417       3967.104       7439.173    0.000  -0.138   0.380   0.
  2017 352 20 54 51 496 352.871429361      -0.35      1.16     -0.26  0.        1640.143       3968.404       7439.538    0.000  -0.138   0.380   0.
  2017 352 20 54 52 496 352.871440935      -0.29      1.12     -0.19  0.        1638.868       3969.704       7439.902    0.000  -0.138   0.380   0.
  2017 352 20 54 53 496 352.871452509      -0.16      1.15     -0.18  0.        1637.594       3971.004       7440.266    0.000  -0.138   0.380   0.
  2017 352 20 54 54 496 352.871464083      -0.01      1.16     -0.20  0.        1636.319       3972.304       7440.629    0.000  -0.138   0.380   0.
  2017 352 20 54 55 496 352.871475657      -0.03      1.11     -0.48  0.        1635.044       3973.603       7440.992    0.000  -0.138   0.380   0.
  2017 352 20 54 56 496 352.871487231      -0.21      1.09     -0.62  0.        1633.769       3974.902       7441.354    0.000  -0.138   0.380   0.
  2017 352 20 54 57 496 352.871498805      -0.24      1.13     -0.44  0.        1632.494       3976.201       7441.716    0.000  -0.138   0.380   0.
  2017 352 20 54 58 496 352.871510379      -0.02      1.23     -0.35  0.        1631.219       3977.499       7442.077    0.000  -0.138   0.380   0.
  2017 352 20 54 59 496 352.871521953      -0.12      1.19     -0.48  0.        1629.944       3978.797       7442.438    0.000  -0.138   0.380   0.
  2017 352 20 55  0 496 352.871533527      -0.16      1.20     -0.34  0.        1628.668       3980.095       7442.798    0.000  -0.138   0.380   0.
  2017 352 20 55  1 496 352.871545101      -0.20      1.24     -0.32  0.        1627.393       3981.393       7443.158    0.000  -0.138   0.380   0.
  2017 352 20 55  2 496 352.871556672      -0.24      1.26     -0.41  0.        1626.117       3982.690       7443.517    0.000  -0.138   0.380   0.
  2017 352 20 55  3 496 352.871568246      -0.33      1.26     -0.50  0.        1624.842       3983.987       7443.876    0.000  -0.138   0.380   0.
  2017 352 20 55  4 496 352.871579821      -0.28      1.21     -0.52  0.        1623.566       3985.284       7444.234    0.000  -0.138   0.380   0.
  2017 352 20 55  5 496 352.871591395      -0.25      1.16     -0.51  0.        1622.290       3986.581       7444.592    0.000  -0.138   0.380   0.
  2017 352 20 55  6 496 352.871602969      -0.30      1.18     -0.51  0.        1621.014       3987.877       7444.949    0.000  -0.138   0.380   0.
  2017 352 20 55  7 496 352.871614543      -0.12      1.25     -0.34  0.        1619.738       3989.173       7445.306    0.000  -0.138   0.380   0.
  2017 352 20 55  8 496 352.871626117      -0.17      1.23     -0.38  0.        1618.462       3990.469       7445.662    0.000  -0.138   0.379   0.
  2017 352 20 55  9 496 352.871637691      -0.10      1.23     -0.28  0.        1617.185       3991.765       7446.018    0.000  -0.138   0.379   0.
  2017 352 20 55 10 496 352.871649265      -0.11      1.22     -0.30  0.        1615.909       3993.060       7446.373    0.000  -0.138   0.380   0.
  2017 352 20 55 11 496 352.871660839       0.09      1.32     -0.25  0.        1614.632       3994.355       7446.728    0.000  -0.138   0.380   0.
  2017 352 20 55 12 496 352.871672413      -0.16      1.23     -0.35  0.        1613.356       3995.650       7447.082    0.000  -0.138   0.380   0.
  2017 352 20 55 13 496 352.871683987      -0.11      1.20     -0.52  0.        1612.079       3996.944       7447.435    0.000  -0.138   0.380   0.
  2017 352 20 55 14 496 352.871695561      -0.06      1.13     -0.54  0.        1610.802       3998.238       7447.789    0.000  -0.138   0.380   0.
  2017 352 20 55 15 496 352.871707135       0.01      1.15     -0.63  0.        1609.525       3999.532       7448.142    0.000  -0.138   0.380   0.
  2017 352 20 55 16 496 352.871718709      -0.04      1.30     -0.57  0.        1608.248       4000.826       7448.493    0.000  -0.138   0.380   0.
  2017 352 20 55 17 496 352.871730284      -0.32      1.16     -0.77  0.        1606.971       4002.119       7448.845    0.000  -0.138   0.380   0.
  2017 352 20 55 18 496 352.871741858      -0.40      1.13     -0.75  0.        1605.694       4003.412       7449.196    0.000  -0.138   0.380   0.
  2017 352 20 55 19 496 352.871753432      -0.35      1.27     -0.65  0.        1604.416       4004.705       7449.547    0.000  -0.138   0.380   0.
  2017 352 20 55 20 496 352.871765006      -0.27      1.26     -0.49  0.        1603.139       4005.998       7449.897    0.000  -0.138   0.380   0.
  2017 352 20 55 21 496 352.871776580      -0.30      1.28     -0.50  0.        1601.861       4007.290       7450.247    0.000  -0.138   0.380   0.
  2017 352 20 55 22 496 352.871788154      -0.19      1.30     -0.31  0.        1600.583       4008.582       7450.596    0.000  -0.138   0.379   0.
  2017 352 20 55 23 496 352.871799728      -0.14      1.26     -0.32  0.        1599.306       4009.874       7450.945    0.000  -0.138   0.379   0.
  2017 352 20 55 24 496 352.871811302      -0.24      1.20     -0.43  0.        1598.028       4011.165       7451.293    0.000  -0.138   0.380   0.
  2017 352 20 55 25 496 352.871822876      -0.22      1.32     -0.15  0.        1596.749       4012.456       7451.641    0.000  -0.138   0.380   0.
  2017 352 20 55 26 496 352.871834450      -0.16      1.42     -0.44  0.        1595.471       4013.747       7451.988    0.000  -0.138   0.380   0.
  2017 352 20 55 27 496 352.871846024      -0.53      1.19     -0.54  0.        1594.193       4015.038       7452.335    0.000  -0.138   0.380   0.
  2017 352 20 55 28 496 352.871857598      -0.44      1.40     -0.47  0.        1592.915       4016.329       7452.681    0.000  -0.138   0.380   0.
  2017 352 20 55 29 496 352.871869172      -0.11      1.37     -0.56  0.        1591.636       4017.619       7453.027    0.000  -0.138   0.380   0.
  2017 352 20 55 30 496 352.871880746       0.11      1.33     -0.22  0.        1590.358       4018.909       7453.372    0.000  -0.138   0.380   0.
  2017 352 20 55 31 496 352.871892320       0.05      1.21     -0.39  0.        1589.079       4020.198       7453.717    0.000  -0.138   0.380   0.
  2017 352 20 55 32 496 352.871903892      -0.14      1.17     -0.38  0.        1587.800       4021.488       7454.061    0.000  -0.138   0.380   0.
  2017 352 20 55 33 496 352.871915466       0.14      1.34     -0.41  0.        1586.521       4022.777       7454.405    0.000  -0.138   0.380   0.
  2017 352 20 55 34 496 352.871927040      -0.37      1.26     -0.49  0.        1585.242       4024.065       7454.748    0.000  -0.138   0.380   0.
  2017 352 20 55 35 496 352.871938614      -0.14      1.35     -0.21  0.        1583.963       4025.354       7455.091    0.000  -0.138   0.380   0.
  2017 352 20 55 36 496 352.871950188      -0.12      1.29     -0.48  0.        1582.684       4026.642       7455.433    0.000  -0.138   0.380   0.
  2017 352 20 55 37 496 352.871961762      -0.25      1.24     -0.38  0.        1581.405       4027.930       7455.774    0.000  -0.138   0.380   0.
  2017 352 20 55 38 496 352.871973336      -0.28      1.30     -0.30  0.        1580.125       4029.218       7456.116    0.000  -0.138   0.380   0.
  2017 352 20 55 39 496 352.871984910      -0.29      1.34     -0.28  0.        1578.846       4030.505       7456.456    0.000  -0.138   0.380   0.
  2017 352 20 55 40 496 352.871996484      -0.10      1.36     -0.16  0.        1577.566       4031.793       7456.797    0.000  -0.138   0.380   0.
  2017 352 20 55 41 496 352.872008058      -0.03      1.36     -0.19  0.        1576.286       4033.080       7457.136    0.000  -0.138   0.380   0.
  2017 352 20 55 42 496 352.872019633       0.06      1.31     -0.33  0.        1575.006       4034.366       7457.476    0.000  -0.138   0.380   0.
  2017 352 20 55 43 496 352.872031207       0.08      1.42     -0.24  0.        1573.726       4035.653       7457.814    0.000  -0.138   0.380   0.
  2017 352 20 55 44 496 352.872042781       0.12      1.43     -0.20  0.        1572.446       4036.939       7458.153    0.000  -0.138   0.380   0.
  2017 352 20 55 45 496 352.872054355       0.15      1.42     -0.21  0.        1571.166       4038.225       7458.490    0.000  -0.138   0.380   0.
  2017 352 20 55 46 496 352.872065929       0.24      1.38     -0.26  0.        1569.886       4039.510       7458.827    0.000  -0.138   0.380   0.
  2017 352 20 55 47 496 352.872077503       0.19      1.32     -0.35  0.        1568.605       4040.796       7459.164    0.000  -0.138   0.380   0.
  2017 352 20 55 48 496 352.872089077       0.15      1.30     -0.34  0.        1567.325       4042.081       7459.501    0.000  -0.138   0.380   0.
  2017 352 20 55 49 496 352.872100651       0.14      1.29     -0.31  0.        1566.044       4043.365       7459.836    0.000  -0.138   0.380   0.
  2017 352 20 55 50 496 352.872112225       0.03      1.27     -0.36  0.        1564.764       4044.650       7460.171    0.000  -0.138   0.380   0.
  2017 352 20 55 51 496 352.872123799      -0.13      1.29     -0.46  0.        1563.483       4045.934       7460.506    0.000  -0.138   0.380   0.
  2017 352 20 55 52 496 352.872135373      -0.16      1.28     -0.38  0.        1562.202       4047.218       7460.840    0.000  -0.138   0.380   0.
  2017 352 20 55 53 496 352.872146947      -0.11      1.34     -0.31  0.        1560.921       4048.502       7461.174    0.000  -0.138   0.380   0.
  2017 352 20 55 54 496 352.872158521      -0.10      1.41     -0.21  0.        1559.640       4049.785       7461.508    0.000  -0.138   0.380   0.
  2017 352 20 55 55 496 352.872170095      -0.17      1.24     -0.27  0.        1558.359       4051.068       7461.840    0.000  -0.138   0.380   0.
  2017 352 20 55 56 496 352.872181670      -0.24      1.11     -0.47  0.        1557.077       4052.351       7462.173    0.000  -0.138   0.380   0.
  2017 352 20 55 57 496 352.872193244      -0.02      1.19     -0.49  0.        1555.796       4053.634       7462.504    0.000  -0.138   0.380   0.
  2017 352 20 55 58 496 352.872204818       0.17      1.19     -0.33  0.        1554.514       4054.916       7462.836    0.000  -0.138   0.380   0.
  2017 352 20 55 59 496 352.872216391       0.13      1.16     -0.61  0.        1553.233       4056.198       7463.166    0.000  -0.138   0.380   0.
  2017 352 20 56  0 496 352.872227963      -0.06      1.23     -0.55  0.        1551.951       4057.480       7463.497    0.000  -0.138   0.380   0.
  2017 352 20 56  1 495 352.872239537      -0.06      1.32     -0.40  0.        1550.669       4058.762       7463.826    0.000  -0.138   0.380   0.
  2017 352 20 56  2 495 352.872251111      -0.12      1.28     -0.43  0.        1549.387       4060.043       7464.156    0.000  -0.138   0.380   0.
  2017 352 20 56  3 495 352.872262685      -0.23      1.22     -0.57  0.        1548.105       4061.324       7464.484    0.000  -0.138   0.380   0.
  2017 352 20 56  4 495 352.872274259      -0.42      1.25     -0.53  0.        1546.823       4062.605       7464.813    0.000  -0.138   0.380   0.
  2017 352 20 56  5 495 352.872285833      -0.48      1.30     -0.29  0.        1545.541       4063.885       7465.141    0.000  -0.138   0.380   0.
  2017 352 20 56  6 496 352.872297407      -0.20      1.30     -0.09  0.        1544.258       4065.165       7465.468    0.000  -0.138   0.380   0.
  2017 352 20 56  7 496 352.872308982      -0.08      1.29     -0.46  0.        1542.976       4066.445       7465.795    0.000  -0.138   0.380   0.
  2017 352 20 56  8 495 352.872320556      -0.13      1.35     -0.29  0.        1541.693       4067.725       7466.121    0.000  -0.138   0.380   0.
  2017 352 20 56  9 495 352.872332130      -0.10      1.50     -0.11  0.        1540.411       4069.004       7466.447    0.000  -0.138   0.380   0.
  2017 352 20 56 10 496 352.872343704      -0.17      1.47     -0.13  0.        1539.128       4070.284       7466.772    0.000  -0.138   0.379   0.
  2017 352 20 56 11 496 352.872355278      -0.42      1.41     -0.43  0.        1537.845       4071.562       7467.097    0.000  -0.138   0.379   0.
  2017 352 20 56 12 496 352.872366852      -0.72      1.27     -0.64  0.        1536.562       4072.841       7467.421    0.000  -0.138   0.380   0.
  2017 352 20 56 13 496 352.872378426      -0.44      1.29     -0.49  0.        1535.279       4074.119       7467.745    0.000  -0.138   0.380   0.
  2017 352 20 56 14 495 352.872390000      -0.32      1.32     -0.36  0.        1533.996       4075.397       7468.068    0.000  -0.138   0.380   0.
  2017 352 20 56 15 495 352.872401574      -0.21      1.21     -0.28  0.        1532.713       4076.675       7468.391    0.000  -0.138   0.380   0.
  2017 352 20 56 16 495 352.872413148      -0.09      1.30     -0.05  0.        1531.429       4077.953       7468.714    0.000  -0.138   0.380   0.
  2017 352 20 56 17 495 352.872424722      -0.00      1.31     -0.25  0.        1530.146       4079.230       7469.036    0.000  -0.138   0.380   0.
  2017 352 20 56 18 495 352.872436296      -0.14      1.22     -0.37  0.        1528.862       4080.507       7469.357    0.000  -0.138   0.380   0.
  2017 352 20 56 19 496 352.872447870      -0.14      1.24     -0.32  0.        1527.579       4081.784       7469.678    0.000  -0.138   0.380   0.
  2017 352 20 56 20 496 352.872459444      -0.11      1.26     -0.20  0.        1526.295       4083.060       7469.998    0.000  -0.138   0.380   0.
  2017 352 20 56 21 495 352.872471018       0.00      1.25     -0.31  0.        1525.011       4084.336       7470.318    0.000  -0.138   0.380   0.
  2017 352 20 56 22 495 352.872482593      -0.18      1.20     -0.49  0.        1523.727       4085.612       7470.637    0.000  -0.138   0.380   0.
  2017 352 20 56 23 496 352.872494167      -0.17      1.23     -0.42  0.        1522.443       4086.888       7470.956    0.000  -0.138   0.380   0.
  2017 352 20 56 24 496 352.872505741      -0.13      1.26     -0.38  0.        1521.159       4088.163       7471.275    0.000  -0.138   0.380   0.
  2017 352 20 56 25 496 352.872517315      -0.11      1.25     -0.20  0.        1519.875       4089.438       7471.593    0.000  -0.138   0.380   0.
  2017 352 20 56 26 496 352.872528889      -0.01      1.27     -0.33  0.        1518.590       4090.713       7471.910    0.000  -0.138   0.380   0.
  2017 352 20 56 27 496 352.872540463      -0.09      1.21     -0.44  0.        1517.306       4091.987       7472.227    0.000  -0.138   0.380   0.
  2017 352 20 56 28 495 352.872552037      -0.02      1.21     -0.44  0.        1516.021       4093.262       7472.543    0.000  -0.138   0.380   0.
  2017 352 20 56 29 495 352.872563611       0.06      1.13     -0.46  0.        1514.736       4094.536       7472.859    0.000  -0.138   0.380   0.
  2017 352 20 56 30 495 352.872575185       0.15      1.17     -0.38  0.        1513.452       4095.810       7473.175    0.000  -0.138   0.380   0.
  2017 352 20 56 31 495 352.872586759       0.36      1.22     -0.30  0.        1512.167       4097.083       7473.490    0.000  -0.138   0.380   0.
  2017 352 20 56 32 495 352.872598330       0.38      1.24     -0.29  0.        1510.882       4098.356       7473.804    0.000  -0.138   0.380   0.
  2017 352 20 56 33 495 352.872609904       0.28      1.25     -0.29  0.        1509.597       4099.629       7474.118    0.000  -0.138   0.380   0.
  2017 352 20 56 34 495 352.872621479       0.13      1.28     -0.40  0.        1508.312       4100.902       7474.432    0.000  -0.138   0.380   0.
  2017 352 20 56 35 495 352.872633053      -0.04      1.25     -0.14  0.        1507.026       4102.174       7474.745    0.000  -0.138   0.380   0.
  2017 352 20 56 36 495 352.872644627       0.27      1.37     -0.19  0.        1505.741       4103.446       7475.057    0.000  -0.138   0.380   0.
  2017 352 20 56 37 495 352.872656201      -0.05      1.29     -0.08  0.        1504.455       4104.718       7475.369    0.000  -0.138   0.380   0.
  2017 352 20 56 38 495 352.872667775       0.22      1.34      0.02  0.        1503.170       4105.990       7475.680    0.000  -0.138   0.380   0.
  2017 352 20 56 39 495 352.872679349       0.09      1.32     -0.25  0.        1501.884       4107.261       7475.991    0.000  -0.138   0.380   0.
  2017 352 20 56 40 495 352.872690923       0.12      1.35     -0.06  0.        1500.598       4108.532       7476.302    0.000  -0.138   0.380   0.
  2017 352 20 56 41 495 352.872702497       0.19      1.27     -0.15  0.        1499.313       4109.803       7476.612    0.000  -0.138   0.380   0.
  2017 352 20 56 42 495 352.872714071       0.15      1.26     -0.19  0.        1498.027       4111.073       7476.921    0.000  -0.138   0.380   0.
  2017 352 20 56 43 495 352.872725645       0.14      1.26     -0.33  0.        1496.741       4112.343       7477.231    0.000  -0.138   0.380   0.
  2017 352 20 56 44 495 352.872737219       0.12      1.29     -0.23  0.        1495.454       4113.613       7477.539    0.000  -0.138   0.380   0.
  2017 352 20 56 45 495 352.872748793       0.22      1.36     -0.27  0.        1494.168       4114.883       7477.847    0.000  -0.138   0.380   0.
  2017 352 20 56 46 495 352.872760367      -0.06      1.29     -0.21  0.        1492.882       4116.153       7478.155    0.000  -0.138   0.380   0.
  2017 352 20 56 47 495 352.872771942      -0.03      1.26     -0.32  0.        1491.595       4117.422       7478.462    0.000  -0.138   0.380   0.
  2017 352 20 56 48 495 352.872783516       0.01      1.29     -0.25  0.        1490.309       4118.690       7478.768    0.000  -0.138   0.380   0.
  2017 352 20 56 49 495 352.872795090      -0.13      1.27     -0.17  0.        1489.022       4119.959       7479.074    0.000  -0.138   0.380   0.
  2017 352 20 56 50 495 352.872806664       0.10      1.30     -0.19  0.        1487.735       4121.227       7479.380    0.000  -0.138   0.380   0.
  2017 352 20 56 51 495 352.872818238      -0.03      1.23     -0.43  0.        1486.448       4122.495       7479.685    0.000  -0.138   0.380   0.
  2017 352 20 56 52 495 352.872829812      -0.16      1.32     -0.36  0.        1485.162       4123.763       7479.990    0.000  -0.138   0.380   0.
  2017 352 20 56 53 495 352.872841386      -0.24      1.33     -0.33  0.        1483.874       4125.031       7480.294    0.000  -0.138   0.380   0.
  2017 352 20 56 54 495 352.872852960      -0.32      1.26     -0.23  0.        1482.587       4126.298       7480.597    0.000  -0.138   0.380   0.
  2017 352 20 56 55 495 352.872864534      -0.22      1.27     -0.24  0.        1481.300       4127.565       7480.900    0.000  -0.138   0.380   0.
  2017 352 20 56 56 495 352.872876108      -0.15      1.31     -0.32  0.        1480.013       4128.832       7481.203    0.000  -0.138   0.380   0.
  2017 352 20 56 57 495 352.872887682      -0.11      1.34     -0.35  0.        1478.725       4130.098       7481.505    0.000  -0.138   0.380   0.
  2017 352 20 56 58 495 352.872899256      -0.05      1.27     -0.33  0.        1477.438       4131.364       7481.807    0.000  -0.138   0.380   0.
  2017 352 20 56 59 495 352.872910830      -0.01      1.22     -0.36  0.        1476.150       4132.630       7482.108    0.000  -0.138   0.380   0.
  2017 352 20 57  0 495 352.872922404      -0.16      1.17     -0.39  0.        1474.863       4133.896       7482.409    0.000  -0.138   0.380   0.
  2017 352 20 57  1 495 352.872933978      -0.17      1.18     -0.39  0.        1473.575       4135.161       7482.709    0.000  -0.138   0.380   0.
  2017 352 20 57  2 495 352.872945550      -0.13      1.27     -0.30  0.        1472.287       4136.426       7483.009    0.000  -0.138   0.380   0.
  2017 352 20 57  3 495 352.872957124      -0.16      1.32     -0.38  0.        1470.999       4137.691       7483.308    0.000  -0.138   0.380   0.
  2017 352 20 57  4 495 352.872968698      -0.18      1.26     -0.31  0.        1469.711       4138.956       7483.607    0.000  -0.138   0.380   0.
  2017 352 20 57  5 495 352.872980272      -0.20      1.27     -0.34  0.        1468.422       4140.220       7483.905    0.000  -0.138   0.380   0.
  2017 352 20 57  6 495 352.872991846      -0.17      1.24     -0.25  0.        1467.134       4141.484       7484.202    0.000  -0.138   0.380   0.
  2017 352 20 57  7 495 352.873003420      -0.02      1.31     -0.30  0.        1465.846       4142.747       7484.500    0.000  -0.138   0.380   0.
  2017 352 20 57  8 495 352.873014994      -0.09      1.31     -0.38  0.        1464.557       4144.011       7484.796    0.000  -0.138   0.380   0.
  2017 352 20 57  9 495 352.873026568      -0.12      1.27     -0.36  0.        1463.269       4145.274       7485.093    0.000  -0.138   0.380   0.
  2017 352 20 57 10 495 352.873038142      -0.12      1.40     -0.51  0.        1461.980       4146.537       7485.389    0.000  -0.138   0.380   0.
  2017 352 20 57 11 495 352.873049716      -0.38      1.47     -0.47  0.        1460.691       4147.800       7485.684    0.000  -0.138   0.380   0.
  2017 352 20 57 12 495 352.873061291      -0.31      1.30     -0.36  0.        1459.402       4149.062       7485.979    0.000  -0.138   0.380   0.
  2017 352 20 57 13 495 352.873072865      -0.23      1.29     -0.42  0.        1458.113       4150.324       7486.273    0.000  -0.138   0.380   0.
  2017 352 20 57 14 495 352.873084439      -0.12      1.36     -0.44  0.        1456.824       4151.586       7486.567    0.000  -0.138   0.380   0.
  2017 352 20 57 15 495 352.873096013       0.09      1.34     -0.36  0.        1455.535       4152.848       7486.860    0.000  -0.138   0.380   0.
  2017 352 20 57 16 495 352.873107587       0.12      1.28     -0.30  0.        1454.246       4154.109       7487.153    0.000  -0.138   0.380   0.
  2017 352 20 57 17 495 352.873119161       0.10      1.35     -0.33  0.        1452.957       4155.370       7487.445    0.000  -0.138   0.380   0.
  2017 352 20 57 18 495 352.873130735       0.13      1.32     -0.43  0.        1451.667       4156.631       7487.737    0.000  -0.138   0.380   0.
  2017 352 20 57 19 495 352.873142309       0.20      1.20     -0.58  0.        1450.378       4157.891       7488.028    0.000  -0.138   0.380   0.
  2017 352 20 57 20 495 352.873153883       0.20      1.22     -0.49  0.        1449.088       4159.151       7488.319    0.000  -0.138   0.380   0.
  2017 352 20 57 21 495 352.873165457       0.16      1.19     -0.32  0.        1447.798       4160.411       7488.610    0.000  -0.138   0.380   0.
  2017 352 20 57 22 495 352.873177031       0.31      1.44     -0.15  0.        1446.508       4161.671       7488.900    0.000  -0.138   0.380   0.
  2017 352 20 57 23 495 352.873188605       0.16      1.32     -0.11  0.        1445.218       4162.930       7489.189    0.000  -0.138   0.380   0.
  2017 352 20 57 24 495 352.873200179      -0.07      1.23     -0.53  0.        1443.928       4164.189       7489.478    0.000  -0.138   0.380   0.
  2017 352 20 57 25 495 352.873211754      -0.01      1.34     -0.07  0.        1442.638       4165.448       7489.766    0.000  -0.138   0.380   0.
  2017 352 20 57 26 495 352.873223327       0.34      1.46      0.05  0.        1441.348       4166.707       7490.055    0.000  -0.138   0.380   0.
  2017 352 20 57 27 495 352.873234902       0.20      1.38     -0.06  0.        1440.058       4167.965       7490.342    0.000  -0.138   0.380   0.
  2017 352 20 57 28 495 352.873246476       0.20      1.43     -0.38  0.        1438.767       4169.223       7490.629    0.000  -0.138   0.380   0.
  2017 352 20 57 29 495 352.873258050      -0.34      1.30     -0.48  0.        1437.477       4170.481       7490.915    0.000  -0.138   0.380   0.
  2017 352 20 57 30 495 352.873269624      -0.12      1.41      0.35  0.        1436.186       4171.738       7491.201    0.000  -0.138   0.380   0.
  2017 352 20 57 31 495 352.873281197       0.35      1.42      0.36  0.        1434.896       4172.996       7491.487    0.000  -0.138   0.380   0.
  2017 352 20 57 32 495 352.873292769      -0.02      1.36      0.07  0.        1433.605       4174.253       7491.772    0.000  -0.138   0.380   0.
  2017 352 20 57 33 495 352.873304343       0.09      1.41      0.12  0.        1432.314       4175.509       7492.056    0.000  -0.138   0.380   0.
  2017 352 20 57 34 495 352.873315917       0.42      1.40     -0.01  0.        1431.023       4176.766       7492.340    0.000  -0.138   0.380   0.
  2017 352 20 57 35 495 352.873327491       0.45      1.40     -0.11  0.        1429.732       4178.022       7492.624    0.000  -0.138   0.380   0.
  2017 352 20 57 36 495 352.873339065       0.12      1.33     -0.13  0.        1428.441       4179.278       7492.907    0.000  -0.138   0.380   0.
  2017 352 20 57 37 495 352.873350639      -0.03      1.33     -0.06  0.        1427.150       4180.533       7493.189    0.000  -0.138   0.380   0.
  2017 352 20 57 38 495 352.873362214      -0.18      1.37     -0.14  0.        1425.858       4181.789       7493.471    0.000  -0.138   0.380   0.
  2017 352 20 57 39 495 352.873373788      -0.24      1.31     -0.06  0.        1424.567       4183.044       7493.753    0.000  -0.138   0.380   0.
  2017 352 20 57 40 495 352.873385362      -0.25      1.31     -0.08  0.        1423.276       4184.298       7494.034    0.000  -0.138   0.380   0.
  2017 352 20 57 41 495 352.873396936      -0.22      1.28     -0.08  0.        1421.984       4185.553       7494.315    0.000  -0.138   0.380   0.
  2017 352 20 57 42 495 352.873408510      -0.14      1.24     -0.10  0.        1420.692       4186.807       7494.595    0.000  -0.138   0.380   0.
  2017 352 20 57 43 495 352.873420084      -0.07      1.28     -0.18  0.        1419.401       4188.061       7494.875    0.000  -0.138   0.380   0.
  2017 352 20 57 44 495 352.873431658      -0.07      1.26     -0.19  0.        1418.109       4189.315       7495.154    0.000  -0.138   0.380   0.
  2017 352 20 57 45 495 352.873443232      -0.08      1.26     -0.13  0.        1416.817       4190.568       7495.432    0.000  -0.138   0.380   0.
  2017 352 20 57 46 495 352.873454806      -0.14      1.26     -0.18  0.        1415.525       4191.821       7495.711    0.000  -0.138   0.380   0.
  2017 352 20 57 47 495 352.873466380      -0.19      1.25     -0.11  0.        1414.233       4193.074       7495.988    0.000  -0.138   0.380   0.
  2017 352 20 57 48 495 352.873477954      -0.19      1.29     -0.07  0.        1412.940       4194.327       7496.266    0.000  -0.138   0.380   0.
  2017 352 20 57 49 495 352.873489528      -0.24      1.41     -0.18  0.        1411.648       4195.579       7496.542    0.000  -0.138   0.380   0.
  2017 352 20 57 50 495 352.873501102      -0.15      1.31     -0.26  0.        1410.356       4196.831       7496.818    0.000  -0.138   0.380   0.
  2017 352 20 57 51 495 352.873512677      -0.18      1.18     -0.05  0.        1409.063       4198.083       7497.094    0.000  -0.138   0.380   0.
  2017 352 20 57 52 495 352.873524251      -0.28      1.20      0.05  0.        1407.770       4199.335       7497.369    0.000  -0.138   0.380   0.
  2017 352 20 57 53 495 352.873535825      -0.30      1.12      0.18  0.        1406.478       4200.586       7497.644    0.000  -0.138   0.380   0.
  2017 352 20 57 54 495 352.873547399      -0.43      1.09      0.24  0.        1405.185       4201.837       7497.919    0.000  -0.138   0.380   0.
  2017 352 20 57 55 495 352.873558973      -0.55      1.10      0.22  0.        1403.892       4203.088       7498.192    0.000  -0.138   0.380   0.
  2017 352 20 57 56 495 352.873570547      -0.54      1.07      0.40  0.        1402.599       4204.338       7498.466    0.000  -0.138   0.380   0.
  2017 352 20 57 57 495 352.873582121      -0.41      1.15      0.25  0.        1401.306       4205.588       7498.739    0.000  -0.138   0.380   0.
  2017 352 20 57 58 495 352.873593695      -0.51      1.32      0.27  0.        1400.013       4206.838       7499.011    0.000  -0.138   0.380   0.
  2017 352 20 57 59 494 352.873605268      -0.75      0.99      0.60  0.        1398.720       4208.088       7499.283    0.000  -0.138   0.380   0.
  2017 352 20 58  0 494 352.873616840      -0.60      1.16      0.67  0.        1397.426       4209.337       7499.554    0.000  -0.138   0.380   0.
  2017 352 20 58  1 494 352.873628414      -0.33      1.63      0.21  0.        1396.133       4210.586       7499.825    0.000  -0.138   0.380   0.
  2017 352 20 58  2 495 352.873639988      -0.31      1.44      0.00  0.        1394.839       4211.835       7500.095    0.000  -0.138   0.380   0.
  2017 352 20 58  3 495 352.873651563      -0.46      1.49     -0.14  0.        1393.546       4213.084       7500.365    0.000  -0.138   0.380   0.
  2017 352 20 58  4 494 352.873663137      -0.57      1.46     -0.09  0.        1392.252       4214.331       7500.635    0.000  -0.138   0.380   0.
  2017 352 20 58  5 494 352.873674711      -0.39      1.29     -0.09  0.        1390.958       4215.580       7500.904    0.000  -0.138   0.380   0.
  2017 352 20 58  6 495 352.873686285      -0.25      1.27     -0.11  0.        1389.664       4216.827       7501.172    0.000  -0.138   0.380   0.
  2017 352 20 58  7 495 352.873697859      -0.33      1.27     -0.04  0.        1388.370       4218.075       7501.440    0.000  -0.138   0.380   0.
  2017 352 20 58  8 495 352.873709433      -0.19      1.29     -0.22  0.        1387.076       4219.322       7501.708    0.000  -0.138   0.380   0.
  2017 352 20 58  9 495 352.873721007      -0.20      1.34     -0.28  0.        1385.782       4220.569       7501.975    0.000  -0.138   0.380   0.
  2017 352 20 58 10 494 352.873732581      -0.18      1.41     -0.31  0.        1384.488       4221.815       7502.241    0.000  -0.138   0.380   0.
  2017 352 20 58 11 494 352.873744155      -0.16      1.55     -0.27  0.        1383.194       4223.062       7502.507    0.000  -0.138   0.380   0.
  2017 352 20 58 12 494 352.873755729      -0.03      1.60     -0.33  0.        1381.899       4224.308       7502.773    0.000  -0.138   0.380   0.
  2017 352 20 58 13 494 352.873767303       0.07      1.63     -0.34  0.        1380.605       4225.554       7503.038    0.000  -0.138   0.380   0.
  2017 352 20 58 14 494 352.873778877       0.23      1.46     -0.39  0.        1379.310       4226.799       7503.303    0.000  -0.138   0.379   0.
  2017 352 20 58 15 495 352.873790451       0.25      1.52     -0.43  0.        1378.016       4228.044       7503.567    0.000  -0.138   0.379   0.
  2017 352 20 58 16 495 352.873802025       0.12      1.51     -0.33  0.        1376.721       4229.289       7503.830    0.000  -0.138   0.380   0.
  2017 352 20 58 17 494 352.873813600       0.25      1.42     -0.35  0.        1375.426       4230.534       7504.093    0.000  -0.138   0.380   0.
  2017 352 20 58 18 494 352.873825174       0.20      1.37     -0.42  0.        1374.131       4231.779       7504.356    0.000  -0.138   0.380   0.
  2017 352 20 58 19 495 352.873836748       0.18      1.43     -0.37  0.        1372.836       4233.023       7504.618    0.000  -0.138   0.380   0.
  2017 352 20 58 20 495 352.873848322       0.09      1.43     -0.33  0.        1371.541       4234.267       7504.880    0.000  -0.138   0.380   0.
  2017 352 20 58 21 495 352.873859896       0.02      1.42     -0.24  0.        1370.246       4235.510       7505.141    0.000  -0.138   0.380   0.
  2017 352 20 58 22 495 352.873871470      -0.02      1.46     -0.26  0.        1368.950       4236.754       7505.402    0.000  -0.138   0.380   0.
  2017 352 20 58 23 495 352.873883044      -0.03      1.43     -0.31  0.        1367.655       4237.997       7505.662    0.000  -0.138   0.380   0.
  2017 352 20 58 24 494 352.873894618      -0.08      1.43     -0.28  0.        1366.360       4239.239       7505.922    0.000  -0.138   0.380   0.
  2017 352 20 58 25 494 352.873906192      -0.00      1.42     -0.01  0.        1365.064       4240.482       7506.181    0.000  -0.138   0.380   0.
  2017 352 20 58 26 494 352.873917766       0.11      1.38     -0.10  0.        1363.768       4241.724       7506.440    0.000  -0.138   0.380   0.
  2017 352 20 58 27 494 352.873929340      -0.00      1.35     -0.29  0.        1362.473       4242.966       7506.698    0.000  -0.138   0.380   0.
  2017 352 20 58 28 494 352.873940914      -0.14      1.36     -0.44  0.        1361.177       4244.208       7506.956    0.000  -0.138   0.380   0.
  2017 352 20 58 29 495 352.873952488      -0.07      1.41     -0.40  0.        1359.881       4245.449       7507.214    0.000  -0.138   0.380   0.
  2017 352 20 58 30 494 352.873964060      -0.07      1.44     -0.22  0.        1358.585       4246.691       7507.470    0.000  -0.138   0.380   0.
  2017 352 20 58 31 494 352.873975634      -0.15      1.45     -0.26  0.        1357.289       4247.932       7507.727    0.000  -0.138   0.380   0.
  2017 352 20 58 32 494 352.873987208      -0.30      1.38     -0.21  0.        1355.993       4249.172       7507.983    0.000  -0.138   0.380   0.
  2017 352 20 58 33 494 352.873998782      -0.21      1.45     -0.15  0.        1354.696       4250.413       7508.238    0.000  -0.138   0.380   0.
  2017 352 20 58 34 494 352.874010356      -0.18      1.41     -0.24  0.        1353.400       4251.652       7508.493    0.000  -0.138   0.380   0.
  2017 352 20 58 35 494 352.874021930      -0.23      1.47     -0.09  0.        1352.104       4252.892       7508.747    0.000  -0.138   0.380   0.
  2017 352 20 58 36 494 352.874033504      -0.16      1.41     -0.11  0.        1350.807       4254.132       7509.001    0.000  -0.138   0.380   0.
  2017 352 20 58 37 494 352.874045078      -0.15      1.42     -0.03  0.        1349.510       4255.371       7509.255    0.000  -0.138   0.380   0.
  2017 352 20 58 38 494 352.874056652      -0.20      1.42     -0.09  0.        1348.214       4256.610       7509.508    0.000  -0.138   0.380   0.
  2017 352 20 58 39 494 352.874068226      -0.25      1.38      0.02  0.        1346.917       4257.849       7509.760    0.000  -0.138   0.380   0.
  2017 352 20 58 40 494 352.874079800      -0.28      1.40      0.11  0.        1345.620       4259.087       7510.012    0.000  -0.138   0.380   0.
  2017 352 20 58 41 494 352.874091374      -0.34      1.39      0.09  0.        1344.323       4260.326       7510.264    0.000  -0.138   0.380   0.
  2017 352 20 58 42 494 352.874102948      -0.25      1.36     -0.01  0.        1343.026       4261.563       7510.515    0.000  -0.138   0.380   0.
  2017 352 20 58 43 494 352.874114523      -0.28      1.38     -0.13  0.        1341.729       4262.801       7510.766    0.000  -0.138   0.380   0.
  2017 352 20 58 44 494 352.874126097      -0.28      1.32     -0.06  0.        1340.432       4264.038       7511.016    0.000  -0.138   0.380   0.
  2017 352 20 58 45 494 352.874137671      -0.28      1.36     -0.12  0.        1339.135       4265.276       7511.265    0.000  -0.138   0.380   0.
  2017 352 20 58 46 494 352.874149245      -0.26      1.34     -0.10  0.        1337.837       4266.512       7511.514    0.000  -0.138   0.380   0.
  2017 352 20 58 47 494 352.874160819      -0.21      1.41     -0.22  0.        1336.540       4267.749       7511.763    0.000  -0.138   0.380   0.
  2017 352 20 58 48 494 352.874172393      -0.25      1.35     -0.15  0.        1335.242       4268.985       7512.011    0.000  -0.138   0.380   0.
  2017 352 20 58 49 494 352.874183967      -0.32      1.32     -0.18  0.        1333.945       4270.221       7512.259    0.000  -0.138   0.380   0.
  2017 352 20 58 50 494 352.874195541      -0.40      1.38     -0.22  0.        1332.647       4271.457       7512.506    0.000  -0.138   0.380   0.
  2017 352 20 58 51 494 352.874207115      -0.42      1.38     -0.35  0.        1331.349       4272.692       7512.753    0.000  -0.138   0.380   0.
  2017 352 20 58 52 494 352.874218689      -0.44      1.51     -0.29  0.        1330.051       4273.927       7512.999    0.000  -0.138   0.380   0.
  2017 352 20 58 53 494 352.874230263      -0.30      1.36     -0.20  0.        1328.753       4275.162       7513.245    0.000  -0.138   0.380   0.
  2017 352 20 58 54 494 352.874241837      -0.06      1.52     -0.27  0.        1327.455       4276.397       7513.490    0.000  -0.138   0.380   0.
  2017 352 20 58 55 494 352.874253411      -0.04      1.43     -0.28  0.        1326.157       4277.631       7513.735    0.000  -0.138   0.380   0.
  2017 352 20 58 56 494 352.874264986      -0.09      1.42     -0.22  0.        1324.859       4278.865       7513.979    0.000  -0.138   0.380   0.
  2017 352 20 58 57 494 352.874276560      -0.35      1.41     -0.16  0.        1323.560       4280.099       7514.223    0.000  -0.138   0.380   0.
  2017 352 20 58 58 494 352.874288134      -0.33      1.47     -0.11  0.        1322.262       4281.333       7514.467    0.000  -0.138   0.380   0.
  2017 352 20 58 59 494 352.874299707      -0.26      1.39      0.07  0.        1320.964       4282.566       7514.710    0.000  -0.138   0.380   0.
  2017 352 20 59  0 494 352.874311279      -0.32      1.33      0.08  0.        1319.665       4283.799       7514.952    0.000  -0.138   0.380   0.
  2017 352 20 59  1 494 352.874322853      -0.36      1.43     -0.04  0.        1318.366       4285.032       7515.194    0.000  -0.138   0.380   0.
  2017 352 20 59  2 494 352.874334427      -0.43      1.28     -0.33  0.        1317.068       4286.264       7515.435    0.000  -0.138   0.380   0.
  2017 352 20 59  3 494 352.874346001      -0.21      1.43     -0.20  0.        1315.769       4287.496       7515.676    0.000  -0.138   0.380   0.
  2017 352 20 59  4 494 352.874357575      -0.18      1.35     -0.24  0.        1314.470       4288.728       7515.917    0.000  -0.138   0.379   0.
  2017 352 20 59  5 494 352.874369149      -0.27      1.33     -0.20  0.        1313.171       4289.960       7516.157    0.000  -0.138   0.379   0.
  2017 352 20 59  6 494 352.874380723      -0.16      1.39     -0.29  0.        1311.872       4291.191       7516.396    0.000  -0.138   0.380   0.
  2017 352 20 59  7 494 352.874392297      -0.40      1.36     -0.38  0.        1310.573       4292.422       7516.635    0.000  -0.138   0.380   0.
  2017 352 20 59  8 494 352.874403872      -0.36      1.40     -0.29  0.        1309.273       4293.653       7516.874    0.000  -0.138   0.380   0.
  2017 352 20 59  9 494 352.874415446      -0.36      1.46     -0.20  0.        1307.974       4294.883       7517.112    0.000  -0.138   0.380   0.
  2017 352 20 59 10 494 352.874427020      -0.16      1.46     -0.20  0.        1306.675       4296.114       7517.350    0.000  -0.138   0.380   0.
  2017 352 20 59 11 494 352.874438594      -0.19      1.47     -0.34  0.        1305.375       4297.344       7517.587    0.000  -0.138   0.380   0.
  2017 352 20 59 12 494 352.874450168      -0.27      1.41     -0.34  0.        1304.076       4298.573       7517.823    0.000  -0.138   0.380   0.
  2017 352 20 59 13 494 352.874461742      -0.18      1.38     -0.31  0.        1302.776       4299.803       7518.060    0.000  -0.138   0.380   0.
  2017 352 20 59 14 494 352.874473316      -0.32      1.33     -0.25  0.        1301.476       4301.032       7518.295    0.000  -0.138   0.380   0.
  2017 352 20 59 15 494 352.874484890      -0.24      1.33     -0.25  0.        1300.176       4302.261       7518.531    0.000  -0.138   0.380   0.
  2017 352 20 59 16 494 352.874496464      -0.45      1.44     -0.50  0.        1298.876       4303.489       7518.765    0.000  -0.138   0.380   0.
  2017 352 20 59 17 494 352.874508038      -0.67      1.53     -0.52  0.        1297.577       4304.718       7519.000    0.000  -0.138   0.380   0.
  2017 352 20 59 18 494 352.874519612      -0.63      1.64     -0.52  0.        1296.276       4305.946       7519.233    0.000  -0.138   0.380   0.
  2017 352 20 59 19 494 352.874531186      -0.43      1.48     -0.30  0.        1294.976       4307.174       7519.467    0.000  -0.138   0.380   0.
  2017 352 20 59 20 494 352.874542760      -0.33      1.41     -0.21  0.        1293.676       4308.401       7519.699    0.000  -0.138   0.380   0.
  2017 352 20 59 21 494 352.874554334      -0.28      1.34     -0.13  0.        1292.376       4309.628       7519.932    0.000  -0.138   0.380   0.
  2017 352 20 59 22 494 352.874565909      -0.40      1.27      0.10  0.        1291.075       4310.855       7520.164    0.000  -0.138   0.380   0.
  2017 352 20 59 23 494 352.874577483      -0.35      1.29      0.17  0.        1289.775       4312.082       7520.395    0.000  -0.138   0.380   0.
  2017 352 20 59 24 494 352.874589057      -0.23      1.32      0.06  0.        1288.474       4313.309       7520.626    0.000  -0.138   0.380   0.
  2017 352 20 59 25 494 352.874600631      -0.14      1.39     -0.25  0.        1287.174       4314.535       7520.856    0.000  -0.138   0.380   0.
  2017 352 20 59 26 494 352.874612205      -0.12      1.43     -0.26  0.        1285.873       4315.761       7521.086    0.000  -0.138   0.380   0.
  2017 352 20 59 27 494 352.874623779      -0.10      1.47     -0.14  0.        1284.572       4316.986       7521.316    0.000  -0.138   0.380   0.
  2017 352 20 59 28 494 352.874635353      -0.18      1.37     -0.13  0.        1283.271       4318.211       7521.545    0.000  -0.138   0.380   0.
  2017 352 20 59 29 494 352.874646926      -0.30      1.26     -0.12  0.        1281.970       4319.437       7521.773    0.000  -0.138   0.380   0.
  2017 352 20 59 30 494 352.874658498      -0.33      1.32     -0.03  0.        1280.669       4320.661       7522.001    0.000  -0.138   0.380   0.
  2017 352 20 59 31 494 352.874670072      -0.39      1.36     -0.08  0.        1279.368       4321.886       7522.229    0.000  -0.138   0.380   0.
  2017 352 20 59 32 494 352.874681646      -0.37      1.31     -0.17  0.        1278.067       4323.110       7522.456    0.000  -0.138   0.380   0.
  2017 352 20 59 33 494 352.874693220      -0.28      1.40     -0.13  0.        1276.766       4324.334       7522.683    0.000  -0.138   0.380   0.
  2017 352 20 59 34 494 352.874704795      -0.32      1.49     -0.25  0.        1275.464       4325.558       7522.909    0.000  -0.138   0.380   0.
  2017 352 20 59 35 494 352.874716369      -0.29      1.40     -0.18  0.        1274.163       4326.781       7523.134    0.000  -0.138   0.380   0.
  2017 352 20 59 36 494 352.874727943      -0.21      1.39     -0.17  0.        1272.861       4328.004       7523.360    0.000  -0.138   0.380   0.
  2017 352 20 59 37 494 352.874739517      -0.14      1.38     -0.14  0.        1271.560       4329.227       7523.584    0.000  -0.138   0.380   0.
  2017 352 20 59 38 494 352.874751091      -0.21      1.32     -0.11  0.        1270.258       4330.450       7523.809    0.000  -0.138   0.380   0.
  2017 352 20 59 39 494 352.874762665      -0.10      1.36     -0.05  0.        1268.956       4331.672       7524.033    0.000  -0.138   0.380   0.
  2017 352 20 59 40 494 352.874774239      -0.16      1.35     -0.11  0.        1267.654       4332.894       7524.256    0.000  -0.138   0.380   0.
  2017 352 20 59 41 494 352.874785813      -0.15      1.34     -0.10  0.        1266.352       4334.116       7524.478    0.000  -0.138   0.380   0.
  2017 352 20 59 42 494 352.874797387      -0.18      1.34     -0.17  0.        1265.050       4335.337       7524.701    0.000  -0.138   0.380   0.
  2017 352 20 59 43 494 352.874808961      -0.16      1.33     -0.18  0.        1263.748       4336.558       7524.922    0.000  -0.138   0.380   0.
  2017 352 20 59 44 494 352.874820535      -0.13      1.28     -0.23  0.        1262.446       4337.779       7525.144    0.000  -0.138   0.380   0.
  2017 352 20 59 45 494 352.874832109      -0.23      1.27     -0.26  0.        1261.144       4339.000       7525.365    0.000  -0.138   0.380   0.
  2017 352 20 59 46 494 352.874843683      -0.21      1.38     -0.17  0.        1259.841       4340.220       7525.585    0.000  -0.138   0.380   0.
  2017 352 20 59 47 494 352.874855258      -0.30      1.44     -0.38  0.        1258.539       4341.441       7525.805    0.000  -0.138   0.380   0.
  2017 352 20 59 48 494 352.874866832      -0.49      1.41     -0.15  0.        1257.237       4342.660       7526.025    0.000  -0.138   0.380   0.
  2017 352 20 59 49 494 352.874878406      -0.47      1.45     -0.16  0.        1255.934       4343.880       7526.243    0.000  -0.138   0.380   0.
  2017 352 20 59 50 494 352.874889980      -0.49      1.47      0.05  0.        1254.631       4345.099       7526.462    0.000  -0.138   0.380   0.
  2017 352 20 59 51 494 352.874901554      -0.06      1.35     -0.15  0.        1253.329       4346.318       7526.680    0.000  -0.138   0.380   0.
  2017 352 20 59 52 494 352.874913128       0.10      1.39     -0.34  0.        1252.026       4347.537       7526.898    0.000  -0.138   0.380   0.
  2017 352 20 59 53 494 352.874924702      -0.14      1.47     -0.32  0.        1250.723       4348.755       7527.115    0.000  -0.138   0.380   0.
  2017 352 20 59 54 494 352.874936276      -0.67      1.41     -0.36  0.        1249.420       4349.974       7527.331    0.000  -0.138   0.380   0.
  2017 352 20 59 55 494 352.874947850      -0.74      1.46     -0.12  0.        1248.117       4351.192       7527.547    0.000  -0.138   0.380   0.
  2017 352 20 59 56 494 352.874959424      -0.43      1.55     -0.37  0.        1246.814       4352.409       7527.763    0.000  -0.138   0.380   0.
  2017 352 20 59 57 494 352.874970998      -0.34      1.48     -0.28  0.        1245.511       4353.627       7527.978    0.000  -0.138   0.380   0.
  2017 352 20 59 58 494 352.874982572      -0.34      1.42     -0.27  0.        1244.207       4354.844       7528.193    0.000  -0.138   0.380   0.
  2017 352 20 59 59 493 352.874994145      -0.32      1.35     -0.26  0.        1242.904       4356.061       7528.407    0.000  -0.138   0.380   0.
  2017 352 21  0  0 493 352.875005718      -0.33      1.32     -0.26  0.        1241.601       4357.277       7528.621    0.000  -0.138   0.379   0.
  2017 352 21  0  1 494 352.875017292      -0.34      1.34     -0.23  0.        1240.297       4358.493       7528.834    0.000  -0.138   0.379   0.
  2017 352 21  0  2 494 352.875028866      -0.39      1.30     -0.16  0.        1238.993       4359.709       7529.047    0.000  -0.138   0.379   0.
  2017 352 21  0  3 494 352.875040440      -0.37      1.30     -0.13  0.        1237.690       4360.925       7529.259    0.000  -0.138   0.379   0.
  2017 352 21  0  4 494 352.875052014      -0.39      1.32     -0.19  0.        1236.386       4362.141       7529.471    0.000  -0.138   0.380   0.
  2017 352 21  0  5 494 352.875063588      -0.36      1.35     -0.16  0.        1235.082       4363.356       7529.683    0.000  -0.138   0.380   0.
  2017 352 21  0  6 493 352.875075162      -0.34      1.33     -0.23  0.        1233.778       4364.571       7529.893    0.000  -0.138   0.380   0.
  2017 352 21  0  7 493 352.875086736      -0.42      1.38     -0.29  0.        1232.474       4365.785       7530.104    0.000  -0.138   0.380   0.
  2017 352 21  0  8 493 352.875098310      -0.35      1.42     -0.21  0.        1231.170       4367.000       7530.314    0.000  -0.138   0.380   0.
  2017 352 21  0  9 493 352.875109884      -0.43      1.43     -0.33  0.        1229.866       4368.214       7530.523    0.000  -0.138   0.380   0.
  2017 352 21  0 10 493 352.875121458      -0.31      1.42     -0.25  0.        1228.562       4369.427       7530.732    0.000  -0.138   0.380   0.
  2017 352 21  0 11 494 352.875133032      -0.27      1.51     -0.36  0.        1227.258       4370.641       7530.941    0.000  -0.138   0.380   0.
  2017 352 21  0 12 494 352.875144606      -0.33      1.43     -0.34  0.        1225.953       4371.854       7531.149    0.000  -0.138   0.380   0.
  2017 352 21  0 13 493 352.875156181      -0.35      1.42     -0.25  0.        1224.649       4373.067       7531.356    0.000  -0.138   0.380   0.
  2017 352 21  0 14 493 352.875167755      -0.31      1.36     -0.36  0.        1223.344       4374.280       7531.563    0.000  -0.138   0.380   0.
  2017 352 21  0 15 494 352.875179329      -0.25      1.52     -0.37  0.        1222.040       4375.492       7531.770    0.000  -0.138   0.380   0.
  2017 352 21  0 16 494 352.875190903      -0.30      1.41     -0.25  0.        1220.735       4376.704       7531.976    0.000  -0.138   0.380   0.
  2017 352 21  0 17 494 352.875202477      -0.26      1.41     -0.24  0.        1219.430       4377.916       7532.182    0.000  -0.138   0.380   0.
  2017 352 21  0 18 494 352.875214051      -0.30      1.39     -0.30  0.        1218.125       4379.128       7532.387    0.000  -0.138   0.380   0.
  2017 352 21  0 19 493 352.875225625      -0.28      1.36     -0.28  0.        1216.820       4380.339       7532.592    0.000  -0.138   0.380   0.
  2017 352 21  0 20 493 352.875237199      -0.28      1.39     -0.35  0.        1215.515       4381.550       7532.796    0.000  -0.138   0.380   0.
  2017 352 21  0 21 493 352.875248773      -0.31      1.38     -0.26  0.        1214.210       4382.761       7533.000    0.000  -0.138   0.380   0.
  2017 352 21  0 22 493 352.875260347      -0.20      1.43     -0.46  0.        1212.905       4383.972       7533.203    0.000  -0.138   0.380   0.
  2017 352 21  0 23 493 352.875271921      -0.31      1.42     -0.40  0.        1211.600       4385.182       7533.406    0.000  -0.138   0.380   0.
  2017 352 21  0 24 494 352.875283495      -0.27      1.41     -0.39  0.        1210.295       4386.392       7533.608    0.000  -0.138   0.380   0.
  2017 352 21  0 25 494 352.875295069      -0.45      1.29     -0.38  0.        1208.989       4387.601       7533.810    0.000  -0.138   0.380   0.
  2017 352 21  0 26 493 352.875306644      -0.38      1.43     -0.24  0.        1207.684       4388.811       7534.012    0.000  -0.138   0.380   0.
  2017 352 21  0 27 493 352.875318218      -0.29      1.43     -0.32  0.        1206.378       4390.020       7534.213    0.000  -0.138   0.380   0.
  2017 352 21  0 28 494 352.875329792      -0.42      1.33     -0.39  0.        1205.073       4391.229       7534.413    0.000  -0.138   0.380   0.
  2017 352 21  0 29 494 352.875341365      -0.36      1.42     -0.29  0.        1203.767       4392.438       7534.613    0.000  -0.138   0.380   0.
  2017 352 21  0 30 493 352.875352937      -0.25      1.40     -0.37  0.        1202.461       4393.646       7534.813    0.000  -0.138   0.380   0.
  2017 352 21  0 31 493 352.875364511      -0.28      1.43     -0.43  0.        1201.156       4394.854       7535.012    0.000  -0.138   0.380   0.
  2017 352 21  0 32 493 352.875376085      -0.30      1.37     -0.31  0.        1199.850       4396.062       7535.210    0.000  -0.138   0.380   0.
  2017 352 21  0 33 493 352.875387659      -0.24      1.40     -0.29  0.        1198.544       4397.269       7535.408    0.000  -0.138   0.380   0.
  2017 352 21  0 34 493 352.875399233      -0.14      1.41     -0.22  0.        1197.238       4398.476       7535.606    0.000  -0.138   0.379   0.
  2017 352 21  0 35 493 352.875410807      -0.14      1.45     -0.29  0.        1195.931       4399.683       7535.803    0.000  -0.138   0.379   0.
  2017 352 21  0 36 493 352.875422381      -0.29      1.46     -0.33  0.        1194.625       4400.890       7536.000    0.000  -0.138   0.380   0.
  2017 352 21  0 37 493 352.875433955      -0.24      1.41     -0.24  0.        1193.319       4402.096       7536.196    0.000  -0.138   0.380   0.
  2017 352 21  0 38 493 352.875445530      -0.21      1.40     -0.21  0.        1192.013       4403.302       7536.392    0.000  -0.138   0.380   0.
  2017 352 21  0 39 493 352.875457104      -0.22      1.45     -0.31  0.        1190.706       4404.508       7536.587    0.000  -0.138   0.380   0.
  2017 352 21  0 40 493 352.875468678      -0.16      1.37     -0.26  0.        1189.400       4405.714       7536.782    0.000  -0.138   0.380   0.
  2017 352 21  0 41 493 352.875480252      -0.14      1.42     -0.35  0.        1188.093       4406.919       7536.976    0.000  -0.138   0.380   0.
  2017 352 21  0 42 493 352.875491826      -0.22      1.54     -0.37  0.        1186.787       4408.124       7537.170    0.000  -0.138   0.380   0.
  2017 352 21  0 43 493 352.875503400      -0.23      1.54     -0.25  0.        1185.480       4409.329       7537.364    0.000  -0.138   0.380   0.
  2017 352 21  0 44 493 352.875514974      -0.06      1.39     -0.18  0.        1184.173       4410.533       7537.557    0.000  -0.138   0.380   0.
  2017 352 21  0 45 493 352.875526548      -0.06      1.46     -0.37  0.        1182.866       4411.737       7537.749    0.000  -0.138   0.380   0.
  2017 352 21  0 46 493 352.875538122      -0.02      1.47     -0.32  0.        1181.559       4412.941       7537.941    0.000  -0.138   0.380   0.
  2017 352 21  0 47 493 352.875549696      -0.10      1.44     -0.33  0.        1180.252       4414.145       7538.132    0.000  -0.138   0.380   0.
  2017 352 21  0 48 493 352.875561270       0.00      1.45     -0.35  0.        1178.945       4415.348       7538.324    0.000  -0.138   0.380   0.
  2017 352 21  0 49 493 352.875572844      -0.12      1.34     -0.49  0.        1177.638       4416.551       7538.514    0.000  -0.138   0.380   0.
  2017 352 21  0 50 493 352.875584418       0.03      1.51     -0.31  0.        1176.331       4417.754       7538.704    0.000  -0.138   0.380   0.
  2017 352 21  0 51 493 352.875595992      -0.27      1.41     -0.29  0.        1175.023       4418.957       7538.894    0.000  -0.138   0.380   0.
  2017 352 21  0 52 493 352.875607567       0.10      1.53     -0.28  0.        1173.716       4420.159       7539.083    0.000  -0.138   0.379   0.
  2017 352 21  0 53 493 352.875619141      -0.19      1.45     -0.59  0.        1172.409       4421.361       7539.272    0.000  -0.138   0.379   0.
  2017 352 21  0 54 493 352.875630715      -0.24      1.43     -0.31  0.        1171.101       4422.563       7539.460    0.000  -0.138   0.380   0.
  2017 352 21  0 55 493 352.875642289      -0.05      1.50     -0.33  0.        1169.794       4423.764       7539.648    0.000  -0.138   0.380   0.
  2017 352 21  0 56 493 352.875653863      -0.03      1.50     -0.34  0.        1168.486       4424.965       7539.835    0.000  -0.138   0.380   0.
  2017 352 21  0 57 493 352.875665437      -0.04      1.44     -0.39  0.        1167.178       4426.166       7540.022    0.000  -0.138   0.380   0.
  2017 352 21  0 58 493 352.875677011       0.14      1.52     -0.33  0.        1165.870       4427.367       7540.208    0.000  -0.138   0.380   0.
  2017 352 21  0 59 493 352.875688584       0.08      1.48     -0.42  0.        1164.562       4428.567       7540.394    0.000  -0.138   0.380   0.
  2017 352 21  1  0 493 352.875700156       0.15      1.49     -0.33  0.        1163.254       4429.767       7540.579    0.000  -0.138   0.380   0.
  2017 352 21  1  1 493 352.875711730       0.12      1.39     -0.63  0.        1161.946       4430.967       7540.764    0.000  -0.138   0.380   0.
  2017 352 21  1  2 493 352.875723304       0.10      1.48     -0.31  0.        1160.638       4432.166       7540.949    0.000  -0.138   0.380   0.
  2017 352 21  1  3 493 352.875734879       0.15      1.47     -0.41  0.        1159.330       4433.365       7541.133    0.000  -0.138   0.380   0.
  2017 352 21  1  4 493 352.875746452      -0.08      1.36     -0.76  0.        1158.022       4434.564       7541.316    0.000  -0.138   0.380   0.
  2017 352 21  1  5 493 352.875758027      -0.09      1.56     -0.38  0.        1156.714       4435.763       7541.499    0.000  -0.138   0.380   0.
  2017 352 21  1  6 493 352.875769601      -0.09      1.46     -0.55  0.        1155.405       4436.961       7541.682    0.000  -0.138   0.380   0.
  2017 352 21  1  7 493 352.875781175      -0.14      1.41     -0.60  0.        1154.097       4438.159       7541.864    0.000  -0.138   0.380   0.
  2017 352 21  1  8 493 352.875792749       0.01      1.47     -0.46  0.        1152.788       4439.357       7542.045    0.000  -0.138   0.380   0.
  2017 352 21  1  9 493 352.875804323       0.10      1.46     -0.61  0.        1151.480       4440.555       7542.227    0.000  -0.138   0.380   0.
  2017 352 21  1 10 493 352.875815897      -0.16      1.34     -0.85  0.        1150.171       4441.752       7542.407    0.000  -0.138   0.380   0.
  2017 352 21  1 11 493 352.875827471      -0.18      1.45     -0.71  0.        1148.862       4442.949       7542.587    0.000  -0.138   0.380   0.
  2017 352 21  1 12 493 352.875839045       0.03      1.77     -0.39  0.        1147.553       4444.146       7542.767    0.000  -0.138   0.379   0.
  2017 352 21  1 13 493 352.875850619       0.08      1.59     -0.50  0.        1146.244       4445.342       7542.947    0.000  -0.138   0.379   0.
  2017 352 21  1 14 493 352.875862193       0.16      1.56     -0.34  0.        1144.935       4446.539       7543.125    0.000  -0.138   0.380   0.
  2017 352 21  1 15 493 352.875873767       0.21      1.51     -0.44  0.        1143.626       4447.734       7543.304    0.000  -0.138   0.380   0.
  2017 352 21  1 16 493 352.875885341      -0.00      1.51     -0.53  0.        1142.317       4448.930       7543.481    0.000  -0.138   0.380   0.
  2017 352 21  1 17 493 352.875896915      -0.02      1.47     -0.48  0.        1141.008       4450.125       7543.659    0.000  -0.138   0.380   0.
  2017 352 21  1 18 493 352.875908490       0.07      1.45     -0.50  0.        1139.699       4451.321       7543.836    0.000  -0.138   0.380   0.
  2017 352 21  1 19 493 352.875920064       0.10      1.51     -0.49  0.        1138.389       4452.515       7544.012    0.000  -0.138   0.380   0.
  2017 352 21  1 20 493 352.875931638       0.02      1.49     -0.49  0.        1137.080       4453.710       7544.188    0.000  -0.138   0.380   0.
  2017 352 21  1 21 493 352.875943212      -0.04      1.42     -0.47  0.        1135.771       4454.904       7544.364    0.000  -0.138   0.380   0.
  2017 352 21  1 22 493 352.875954786       0.04      1.42     -0.46  0.        1134.461       4456.098       7544.539    0.000  -0.138   0.380   0.
  2017 352 21  1 23 493 352.875966360       0.03      1.39     -0.72  0.        1133.152       4457.292       7544.713    0.000  -0.138   0.380   0.
  2017 352 21  1 24 493 352.875977934      -0.17      1.40     -0.69  0.        1131.842       4458.485       7544.888    0.000  -0.138   0.380   0.
  2017 352 21  1 25 493 352.875989508      -0.26      1.50     -0.57  0.        1130.532       4459.678       7545.061    0.000  -0.138   0.380   0.
  2017 352 21  1 26 493 352.876001082      -0.20      1.50     -0.51  0.        1129.222       4460.871       7545.234    0.000  -0.138   0.380   0.
  2017 352 21  1 27 493 352.876012655      -0.12      1.49     -0.62  0.        1127.912       4462.064       7545.407    0.000  -0.138   0.380   0.
  2017 352 21  1 28 493 352.876024227      -0.10      1.43     -0.58  0.        1126.602       4463.256       7545.579    0.000  -0.138   0.380   0.
  2017 352 21  1 29 493 352.876035802      -0.13      1.44     -0.60  0.        1125.292       4464.448       7545.751    0.000  -0.138   0.380   0.
  2017 352 21  1 30 493 352.876047376      -0.23      1.47     -0.60  0.        1123.982       4465.640       7545.923    0.000  -0.138   0.380   0.
  2017 352 21  1 31 493 352.876058950      -0.13      1.67     -0.28  0.        1122.672       4466.831       7546.093    0.000  -0.138   0.380   0.
  2017 352 21  1 32 493 352.876070524      -0.08      1.67     -0.37  0.        1121.362       4468.023       7546.264    0.000  -0.138   0.380   0.
  2017 352 21  1 33 493 352.876082098      -0.12      1.62     -0.42  0.        1120.052       4469.213       7546.434    0.000  -0.138   0.380   0.
  2017 352 21  1 34 493 352.876093672      -0.10      1.50     -0.43  0.        1118.741       4470.404       7546.603    0.000  -0.138   0.379   0.
  2017 352 21  1 35 493 352.876105246      -0.21      1.49     -0.39  0.        1117.431       4471.595       7546.772    0.000  -0.138   0.379   0.
  2017 352 21  1 36 493 352.876116820       0.02      1.71     -0.31  0.        1116.120       4472.785       7546.941    0.000  -0.138   0.380   0.
  2017 352 21  1 37 493 352.876128394      -0.12      1.61     -0.55  0.        1114.810       4473.974       7547.109    0.000  -0.138   0.380   0.
  2017 352 21  1 38 493 352.876139968      -0.18      1.56     -0.54  0.        1113.499       4475.164       7547.276    0.000  -0.138   0.380   0.
  2017 352 21  1 39 493 352.876151542      -0.03      1.59     -0.47  0.        1112.188       4476.353       7547.443    0.000  -0.138   0.380   0.
  2017 352 21  1 40 493 352.876163116      -0.13      1.46     -0.65  0.        1110.878       4477.542       7547.610    0.000  -0.138   0.380   0.
  2017 352 21  1 41 493 352.876174690      -0.23      1.35     -0.61  0.        1109.567       4478.731       7547.776    0.000  -0.138   0.380   0.
  2017 352 21  1 42 493 352.876186264      -0.02      1.38     -0.61  0.        1108.256       4479.919       7547.942    0.000  -0.138   0.380   0.
  2017 352 21  1 43 493 352.876197839      -0.19      1.37     -0.68  0.        1106.945       4481.108       7548.107    0.000  -0.138   0.380   0.
  2017 352 21  1 44 493 352.876209413      -0.32      1.37     -0.74  0.        1105.634       4482.296       7548.272    0.000  -0.138   0.380   0.
  2017 352 21  1 45 493 352.876220987      -0.16      1.38     -0.64  0.        1104.323       4483.483       7548.436    0.000  -0.138   0.380   0.
  2017 352 21  1 46 493 352.876232561       0.07      1.45     -0.44  0.        1103.012       4484.670       7548.600    0.000  -0.138   0.380   0.
  2017 352 21  1 47 493 352.876244135       0.09      1.51     -0.41  0.        1101.700       4485.858       7548.763    0.000  -0.138   0.380   0.
  2017 352 21  1 48 493 352.876255709       0.17      1.55     -0.47  0.        1100.389       4487.044       7548.926    0.000  -0.138   0.380   0.
  2017 352 21  1 49 493 352.876267283      -0.08      1.52     -0.62  0.        1099.077       4488.231       7549.089    0.000  -0.138   0.380   0.
  2017 352 21  1 50 493 352.876278857      -0.27      1.51     -0.58  0.        1097.766       4489.417       7549.251    0.000  -0.138   0.380   0.
  2017 352 21  1 51 493 352.876290431      -0.40      1.43     -0.59  0.        1096.455       4490.603       7549.412    0.000  -0.138   0.380   0.
  2017 352 21  1 52 493 352.876302005      -0.38      1.32     -0.44  0.        1095.143       4491.789       7549.573    0.000  -0.138   0.380   0.
  2017 352 21  1 53 493 352.876313579      -0.22      1.29     -0.59  0.        1093.831       4492.974       7549.734    0.000  -0.138   0.380   0.
  2017 352 21  1 54 493 352.876325153      -0.18      1.28     -0.73  0.        1092.520       4494.159       7549.894    0.000  -0.138   0.380   0.
  2017 352 21  1 55 493 352.876336727      -0.02      1.32     -0.54  0.        1091.207       4495.344       7550.053    0.000  -0.138   0.380   0.
  2017 352 21  1 56 493 352.876348302       0.21      1.51     -0.53  0.        1089.896       4496.528       7550.213    0.000  -0.138   0.380   0.
  2017 352 21  1 57 493 352.876359874       0.38      1.55     -0.63  0.        1088.583       4497.713       7550.372    0.000  -0.138   0.380   0.
  2017 352 21  1 58 493 352.876371447       0.58      1.36     -0.77  0.        1087.272       4498.896       7550.530    0.000  -0.138   0.380   0.
  2017 352 21  1 59 493 352.876383021       0.52      1.57     -0.66  0.        1085.959       4500.081       7550.688    0.000  -0.138   0.380   0.
  2017 352 21  2  0 493 352.876394595       0.15      1.70     -0.63  0.        1084.648       4501.264       7550.845    0.000  -0.138   0.380   0.
  2017 352 21  2  1 493 352.876406169       0.22      1.51     -0.75  0.        1083.335       4502.447       7551.002    0.000  -0.138   0.380   0.
  2017 352 21  2  2 492 352.876417743       0.12      1.51     -0.79  0.        1082.024       4503.630       7551.158    0.000  -0.138   0.380   0.
  2017 352 21  2  3 492 352.876429317       0.15      1.54     -0.72  0.        1080.711       4504.813       7551.314    0.000  -0.138   0.380   0.
  2017 352 21  2  4 492 352.876440891       0.21      1.53     -0.67  0.        1079.399       4505.995       7551.470    0.000  -0.138   0.380   0.
  2017 352 21  2  5 492 352.876452465       0.25      1.49     -0.77  0.        1078.086       4507.177       7551.625    0.000  -0.138   0.380   0.
  2017 352 21  2  6 492 352.876464039       0.09      1.57     -0.83  0.        1076.774       4508.359       7551.779    0.000  -0.138   0.380   0.
  2017 352 21  2  7 493 352.876475613      -0.12      1.58     -0.73  0.        1075.461       4509.541       7551.933    0.000  -0.138   0.380   0.
  2017 352 21  2  8 493 352.876487188      -0.21      1.71     -0.50  0.        1074.148       4510.722       7552.087    0.000  -0.138   0.380   0.
  2017 352 21  2  9 492 352.876498762      -0.12      1.65     -0.64  0.        1072.835       4511.903       7552.240    0.000  -0.138   0.380   0.
  2017 352 21  2 10 492 352.876510336      -0.02      1.48     -0.78  0.        1071.523       4513.084       7552.393    0.000  -0.138   0.380   0.
  2017 352 21  2 11 493 352.876521910       0.10      1.44     -0.70  0.        1070.210       4514.264       7552.545    0.000  -0.138   0.380   0.
  2017 352 21  2 12 493 352.876533484       0.32      1.36     -0.75  0.        1068.897       4515.444       7552.697    0.000  -0.138   0.380   0.
  2017 352 21  2 13 493 352.876545058       0.42      1.37     -0.78  0.        1067.584       4516.624       7552.848    0.000  -0.138   0.380   0.
  2017 352 21  2 14 493 352.876556632       0.50      1.57     -0.88  0.        1066.271       4517.804       7552.999    0.000  -0.138   0.380   0.
  2017 352 21  2 15 492 352.876568206       0.56      1.83     -0.51  0.        1064.958       4518.983       7553.149    0.000  -0.138   0.380   0.
  2017 352 21  2 16 492 352.876579780       0.56      1.62     -0.72  0.        1063.645       4520.162       7553.299    0.000  -0.138   0.380   0.
  2017 352 21  2 17 492 352.876591354       0.35      1.75     -0.73  0.        1062.331       4521.341       7553.448    0.000  -0.138   0.380   0.
  2017 352 21  2 18 492 352.876602928       0.29      1.77     -0.56  0.        1061.018       4522.519       7553.597    0.000  -0.138   0.380   0.
  2017 352 21  2 19 492 352.876614502       0.27      1.67     -0.44  0.        1059.705       4523.697       7553.746    0.000  -0.138   0.380   0.
  2017 352 21  2 20 493 352.876626076       0.20      1.49     -0.38  0.        1058.391       4524.875       7553.894    0.000  -0.138   0.380   0.
  2017 352 21  2 21 493 352.876637650       0.12      1.42     -0.28  0.        1057.078       4526.053       7554.041    0.000  -0.138   0.380   0.
  2017 352 21  2 22 492 352.876649225       0.16      1.38     -0.25  0.        1055.764       4527.230       7554.188    0.000  -0.138   0.380   0.
  2017 352 21  2 23 492 352.876660799       0.42      1.36     -0.37  0.        1054.450       4528.407       7554.335    0.000  -0.138   0.380   0.
  2017 352 21  2 24 493 352.876672373       0.68      1.29     -0.67  0.        1053.137       4529.584       7554.481    0.000  -0.138   0.380   0.
  2017 352 21  2 25 493 352.876683947       0.89      1.37     -0.77  0.        1051.823       4530.761       7554.627    0.000  -0.138   0.380   0.
  2017 352 21  2 26 493 352.876695521       0.94      1.42     -0.90  0.        1050.509       4531.937       7554.772    0.000  -0.138   0.380   0.
  2017 352 21  2 27 493 352.876707094       0.72      1.43     -0.94  0.        1049.195       4533.113       7554.917    0.000  -0.138   0.380   0.
  2017 352 21  2 28 492 352.876718666       0.47      1.43     -0.92  0.        1047.881       4534.289       7555.062    0.000  -0.138   0.380   0.
  2017 352 21  2 29 492 352.876730240       0.36      1.41     -0.86  0.        1046.567       4535.464       7555.205    0.000  -0.138   0.380   0.
  2017 352 21  2 30 492 352.876741814       0.26      1.32     -1.09  0.        1045.253       4536.639       7555.349    0.000  -0.138   0.380   0.
  2017 352 21  2 31 492 352.876753388       0.12      1.43     -0.85  0.        1043.939       4537.814       7555.492    0.000  -0.138   0.380   0.
  2017 352 21  2 32 492 352.876764962       0.08      1.35     -0.82  0.        1042.625       4538.989       7555.634    0.000  -0.138   0.380   0.
  2017 352 21  2 33 492 352.876776536       0.13      1.24     -0.73  0.        1041.310       4540.163       7555.776    0.000  -0.138   0.380   0.
  2017 352 21  2 34 492 352.876788111       0.21      1.34     -0.59  0.        1039.996       4541.337       7555.918    0.000  -0.138   0.380   0.
  2017 352 21  2 35 492 352.876799685       0.37      1.47     -0.57  0.        1038.682       4542.511       7556.059    0.000  -0.138   0.380   0.
  2017 352 21  2 36 492 352.876811259       0.22      1.48     -0.71  0.        1037.367       4543.684       7556.199    0.000  -0.138   0.380   0.
  2017 352 21  2 37 492 352.876822833       0.17      1.59     -0.64  0.        1036.053       4544.857       7556.339    0.000  -0.138   0.380   0.
  2017 352 21  2 38 492 352.876834407       0.19      1.64     -0.51  0.        1034.738       4546.030       7556.479    0.000  -0.138   0.380   0.
  2017 352 21  2 39 492 352.876845981       0.33      1.65     -0.44  0.        1033.423       4547.203       7556.618    0.000  -0.138   0.380   0.
  2017 352 21  2 40 492 352.876857555       0.62      1.51     -0.44  0.        1032.109       4548.375       7556.757    0.000  -0.138   0.380   0.
  2017 352 21  2 41 492 352.876869129       0.54      1.40     -0.63  0.        1030.794       4549.547       7556.895    0.000  -0.138   0.380   0.
  2017 352 21  2 42 492 352.876880703       0.54      1.32     -0.76  0.        1029.479       4550.719       7557.033    0.000  -0.138   0.380   0.
  2017 352 21  2 43 492 352.876892277       0.29      1.40     -0.92  0.        1028.164       4551.891       7557.171    0.000  -0.138   0.380   0.
  2017 352 21  2 44 492 352.876903851       0.33      1.56     -0.81  0.        1026.849       4553.062       7557.308    0.000  -0.138   0.380   0.
  2017 352 21  2 45 492 352.876915425       0.19      1.52     -0.79  0.        1025.534       4554.233       7557.444    0.000  -0.138   0.380   0.
  2017 352 21  2 46 492 352.876926999      -0.01      1.57     -0.66  0.        1024.219       4555.404       7557.580    0.000  -0.138   0.380   0.
  2017 352 21  2 47 492 352.876938573      -0.16      1.48     -0.61  0.        1022.904       4556.574       7557.716    0.000  -0.138   0.380   0.
  2017 352 21  2 48 492 352.876950148      -0.32      1.49     -0.46  0.        1021.588       4557.744       7557.851    0.000  -0.138   0.380   0.
  2017 352 21  2 49 492 352.876961722      -0.44      1.59     -0.25  0.        1020.273       4558.914       7557.985    0.000  -0.138   0.380   0.
  2017 352 21  2 50 492 352.876973296      -0.39      1.57      0.05  0.        1018.958       4560.084       7558.120    0.000  -0.138   0.380   0.
  2017 352 21  2 51 492 352.876984870      -0.15      1.45      0.19  0.        1017.642       4561.253       7558.253    0.000  -0.138   0.380   0.
  2017 352 21  2 52 492 352.876996444       0.28      1.50      0.04  0.        1016.327       4562.422       7558.386    0.000  -0.138   0.380   0.
  2017 352 21  2 53 492 352.877008018       0.19      1.40      0.01  0.        1015.011       4563.591       7558.519    0.000  -0.138   0.380   0.
  2017 352 21  2 54 492 352.877019592       0.34      1.39      0.08  0.        1013.696       4564.759       7558.651    0.000  -0.138   0.380   0.
  2017 352 21  2 55 492 352.877031166       0.37      1.38     -0.17  0.        1012.380       4565.927       7558.783    0.000  -0.138   0.380   0.
  2017 352 21  2 56 492 352.877042740       0.09      1.47     -0.39  0.        1011.064       4567.095       7558.915    0.000  -0.138   0.380   0.
  2017 352 21  2 57 492 352.877054313       0.45      1.55     -0.29  0.        1009.749       4568.263       7559.046    0.000  -0.138   0.380   0.
  2017 352 21  2 58 492 352.877065885       0.37      1.38     -0.96  0.        1008.433       4569.431       7559.176    0.000  -0.138   0.380   0.
  2017 352 21  2 59 492 352.877077460       0.27      1.46     -0.81  0.        1007.117       4570.598       7559.306    0.000  -0.138   0.380   0.
  2017 352 21  3  0 492 352.877089034       0.38      1.46     -0.54  0.        1005.801       4571.765       7559.436    0.000  -0.138   0.380   0.
  2017 352 21  3  1 492 352.877100608       0.41      1.51     -0.48  0.        1004.485       4572.931       7559.565    0.000  -0.138   0.380   0.
  2017 352 21  3  2 492 352.877112182       0.43      1.48     -0.43  0.        1003.169       4574.097       7559.693    0.000  -0.138   0.379   0.
  2017 352 21  3  3 492 352.877123756       0.35      1.44     -0.53  0.        1001.853       4575.263       7559.822    0.000  -0.138   0.379   0.
  2017 352 21  3  4 492 352.877135330       0.25      1.50     -0.64  0.        1000.536       4576.429       7559.949    0.000  -0.138   0.380   0.
  2017 352 21  3  5 492 352.877146904       0.25      1.52     -0.66  0.         999.220       4577.594       7560.077    0.000  -0.138   0.380   0.
  2017 352 21  3  6 492 352.877158478       0.36      1.31     -0.81  0.         997.904       4578.760       7560.203    0.000  -0.138   0.380   0.
  2017 352 21  3  7 492 352.877170052       0.39      1.36     -0.75  0.         996.587       4579.924       7560.330    0.000  -0.138   0.380   0.
  2017 352 21  3  8 492 352.877181626       0.54      1.38     -0.76  0.         995.271       4581.089       7560.455    0.000  -0.138   0.380   0.
  2017 352 21  3  9 492 352.877193200       0.57      1.24     -0.76  0.         993.954       4582.253       7560.581    0.000  -0.138   0.380   0.
  2017 352 21  3 10 492 352.877204774       0.49      1.26     -0.79  0.         992.638       4583.417       7560.706    0.000  -0.138   0.380   0.
  2017 352 21  3 11 492 352.877216348       0.33      1.35     -0.65  0.         991.321       4584.581       7560.830    0.000  -0.138   0.380   0.
  2017 352 21  3 12 492 352.877227923       0.32      1.51     -0.54  0.         990.004       4585.745       7560.954    0.000  -0.138   0.380   0.
  2017 352 21  3 13 492 352.877239497       0.30      1.61     -0.47  0.         988.688       4586.908       7561.078    0.000  -0.138   0.380   0.
  2017 352 21  3 14 492 352.877251071       0.44      1.53     -0.64  0.         987.371       4588.071       7561.201    0.000  -0.138   0.380   0.
  2017 352 21  3 15 492 352.877262645       0.34      1.46     -0.80  0.         986.054       4589.233       7561.324    0.000  -0.138   0.380   0.
  2017 352 21  3 16 492 352.877274219       0.31      1.42     -0.85  0.         984.737       4590.396       7561.446    0.000  -0.138   0.380   0.
  2017 352 21  3 17 492 352.877285793       0.33      1.43     -0.59  0.         983.420       4591.558       7561.568    0.000  -0.138   0.380   0.
  2017 352 21  3 18 492 352.877297367       0.55      1.37     -0.55  0.         982.103       4592.720       7561.689    0.000  -0.138   0.380   0.
  2017 352 21  3 19 492 352.877308941       0.70      1.33     -0.93  0.         980.786       4593.881       7561.810    0.000  -0.138   0.380   0.
  2017 352 21  3 20 492 352.877320515       0.44      1.17     -1.10  0.         979.469       4595.042       7561.930    0.000  -0.138   0.380   0.
  2017 352 21  3 21 492 352.877332089       0.47      1.10     -1.21  0.         978.151       4596.203       7562.050    0.000  -0.138   0.380   0.
  2017 352 21  3 22 492 352.877343663       0.14      1.09     -1.34  0.         976.834       4597.364       7562.169    0.000  -0.138   0.380   0.
  2017 352 21  3 23 492 352.877355237      -0.23      1.20     -1.28  0.         975.517       4598.524       7562.288    0.000  -0.138   0.380   0.
  2017 352 21  3 24 492 352.877366811      -0.32      1.25     -0.97  0.         974.199       4599.685       7562.407    0.000  -0.138   0.380   0.
  2017 352 21  3 25 492 352.877378385      -0.19      1.31     -0.79  0.         972.882       4600.844       7562.525    0.000  -0.138   0.380   0.
  2017 352 21  3 26 492 352.877389959      -0.18      1.46     -0.60  0.         971.564       4602.004       7562.643    0.000  -0.138   0.380   0.
  2017 352 21  3 27 492 352.877401532       0.22      1.57     -0.52  0.         970.247       4603.163       7562.760    0.000  -0.138   0.380   0.
  2017 352 21  3 28 492 352.877413105       0.29      1.22     -0.92  0.         968.929       4604.322       7562.876    0.000  -0.138   0.380   0.
  2017 352 21  3 29 492 352.877424679      -0.23      1.18     -1.02  0.         967.611       4605.481       7562.993    0.000  -0.138   0.380   0.
  2017 352 21  3 30 492 352.877436253      -0.46      1.34     -1.02  0.         966.294       4606.640       7563.108    0.000  -0.138   0.380   0.
  2017 352 21  3 31 492 352.877447827      -0.53      1.40     -0.94  0.         964.976       4607.798       7563.224    0.000  -0.138   0.380   0.
  2017 352 21  3 32 492 352.877459401      -0.43      1.32     -0.85  0.         963.658       4608.956       7563.338    0.000  -0.138   0.380   0.
  2017 352 21  3 33 492 352.877470975      -0.47      1.38     -0.84  0.         962.340       4610.113       7563.453    0.000  -0.138   0.380   0.
  2017 352 21  3 34 492 352.877482549      -0.20      1.51     -0.67  0.         961.022       4611.271       7563.567    0.000  -0.138   0.380   0.
  2017 352 21  3 35 492 352.877494123       0.10      1.73     -0.72  0.         959.704       4612.428       7563.680    0.000  -0.138   0.380   0.
  2017 352 21  3 36 492 352.877505697      -0.11      1.84     -0.63  0.         958.386       4613.585       7563.793    0.000  -0.138   0.380   0.
  2017 352 21  3 37 492 352.877517271       0.02      1.83     -0.44  0.         957.068       4614.741       7563.906    0.000  -0.138   0.380   0.
  2017 352 21  3 38 492 352.877528845       0.03      1.88     -0.39  0.         955.749       4615.897       7564.018    0.000  -0.138   0.380   0.
  2017 352 21  3 39 492 352.877540420       0.01      1.88     -0.30  0.         954.431       4617.053       7564.130    0.000  -0.138   0.380   0.
  2017 352 21  3 40 492 352.877551994       0.03      1.70     -0.28  0.         953.113       4618.209       7564.241    0.000  -0.138   0.380   0.
  2017 352 21  3 41 492 352.877563568      -0.14      1.53     -0.44  0.         951.794       4619.364       7564.352    0.000  -0.138   0.380   0.
  2017 352 21  3 42 492 352.877575142      -0.28      1.49     -0.33  0.         950.476       4620.519       7564.462    0.000  -0.138   0.380   0.
  2017 352 21  3 43 492 352.877586716      -0.11      1.46     -0.27  0.         949.157       4621.674       7564.572    0.000  -0.138   0.380   0.
  2017 352 21  3 44 492 352.877598290      -0.05      1.33     -0.48  0.         947.839       4622.829       7564.681    0.000  -0.138   0.380   0.
  2017 352 21  3 45 492 352.877609864      -0.18      1.35     -0.39  0.         946.520       4623.983       7564.790    0.000  -0.138   0.380   0.
  2017 352 21  3 46 492 352.877621438      -0.01      1.29     -0.33  0.         945.201       4625.137       7564.898    0.000  -0.138   0.380   0.
  2017 352 21  3 47 492 352.877633012       0.14      1.26     -0.55  0.         943.883       4626.291       7565.006    0.000  -0.138   0.380   0.
  2017 352 21  3 48 492 352.877644586      -0.10      1.33     -0.86  0.         942.564       4627.444       7565.114    0.000  -0.138   0.380   0.
  2017 352 21  3 49 492 352.877656160      -0.48      1.53     -0.70  0.         941.245       4628.598       7565.221    0.000  -0.138   0.380   0.
  2017 352 21  3 50 492 352.877667734      -0.32      1.76     -0.75  0.         939.926       4629.750       7565.328    0.000  -0.138   0.380   0.
  2017 352 21  3 51 492 352.877679308      -0.35      1.86     -0.73  0.         938.607       4630.903       7565.434    0.000  -0.138   0.380   0.
  2017 352 21  3 52 492 352.877690883       0.04      1.78     -0.56  0.         937.288       4632.055       7565.539    0.000  -0.138   0.380   0.
  2017 352 21  3 53 492 352.877702457       0.20      1.79     -0.54  0.         935.969       4633.207       7565.645    0.000  -0.138   0.380   0.
  2017 352 21  3 54 492 352.877714031       0.20      1.75     -0.47  0.         934.650       4634.359       7565.750    0.000  -0.138   0.380   0.
  2017 352 21  3 55 492 352.877725605       0.07      1.65     -0.40  0.         933.331       4635.511       7565.854    0.000  -0.138   0.380   0.
  2017 352 21  3 56 492 352.877737179       0.20      1.62     -0.27  0.         932.011       4636.662       7565.958    0.000  -0.138   0.380   0.
  2017 352 21  3 57 492 352.877748752       0.29      1.50     -0.46  0.         930.692       4637.813       7566.061    0.000  -0.138   0.380   0.
  2017 352 21  3 58 491 352.877760324       0.37      1.58     -0.47  0.         929.373       4638.964       7566.164    0.000  -0.138   0.380   0.
  2017 352 21  3 59 491 352.877771898       0.27      1.64     -0.65  0.         928.053       4640.114       7566.267    0.000  -0.138   0.380   0.
  2017 352 21  4  0 491 352.877783472       0.02      1.73     -0.81  0.         926.734       4641.264       7566.369    0.000  -0.138   0.380   0.
  2017 352 21  4  1 491 352.877795046      -0.28      1.77     -0.83  0.         925.414       4642.414       7566.470    0.000  -0.138   0.380   0.
  2017 352 21  4  2 492 352.877806620      -0.08      1.53     -0.83  0.         924.095       4643.563       7566.571    0.000  -0.138   0.380   0.
  2017 352 21  4  3 492 352.877818194       0.22      1.42     -0.73  0.         922.775       4644.713       7566.672    0.000  -0.138   0.380   0.
  2017 352 21  4  4 491 352.877829769       0.42      1.34     -0.70  0.         921.455       4645.862       7566.772    0.000  -0.138   0.380   0.
  2017 352 21  4  5 491 352.877841343       0.56      1.30     -0.74  0.         920.136       4647.010       7566.872    0.000  -0.138   0.380   0.
  2017 352 21  4  6 492 352.877852917       0.48      1.33     -0.61  0.         918.816       4648.159       7566.971    0.000  -0.138   0.380   0.
  2017 352 21  4  7 492 352.877864491       0.70      1.35     -0.58  0.         917.496       4649.307       7567.070    0.000  -0.138   0.380   0.
  2017 352 21  4  8 492 352.877876065       0.53      1.22     -0.77  0.         916.176       4650.455       7567.169    0.000  -0.138   0.380   0.
  2017 352 21  4  9 492 352.877887639       0.57      1.21     -0.79  0.         914.856       4651.602       7567.267    0.000  -0.138   0.380   0.
  2017 352 21  4 10 492 352.877899213       0.49      1.38     -0.92  0.         913.536       4652.750       7567.364    0.000  -0.138   0.380   0.
  2017 352 21  4 11 491 352.877910787       0.79      1.53     -0.57  0.         912.216       4653.897       7567.461    0.000  -0.138   0.380   0.
  2017 352 21  4 12 491 352.877922361       1.23      1.54     -0.99  0.         910.896       4655.043       7567.558    0.000  -0.138   0.380   0.
  2017 352 21  4 13 491 352.877933935       1.09      1.55     -1.09  0.         909.576       4656.190       7567.654    0.000  -0.138   0.380   0.
  2017 352 21  4 14 491 352.877945509       1.21      1.35     -0.72  0.         908.255       4657.336       7567.749    0.000  -0.138   0.380   0.
  2017 352 21  4 15 491 352.877957083       1.15      1.30     -0.77  0.         906.935       4658.482       7567.845    0.000  -0.138   0.380   0.
  2017 352 21  4 16 492 352.877968657       0.99      1.28     -0.77  0.         905.615       4659.628       7567.940    0.000  -0.138   0.380   0.
  2017 352 21  4 17 492 352.877980231       0.98      1.32     -0.71  0.         904.294       4660.773       7568.034    0.000  -0.138   0.380   0.
  2017 352 21  4 18 491 352.877991806       0.84      1.34     -0.56  0.         902.974       4661.918       7568.128    0.000  -0.138   0.380   0.
  2017 352 21  4 19 491 352.878003380       1.19      1.24     -0.48  0.         901.653       4663.063       7568.221    0.000  -0.138   0.380   0.
  2017 352 21  4 20 492 352.878014954       1.21      1.07     -0.73  0.         900.333       4664.207       7568.314    0.000  -0.138   0.380   0.
  2017 352 21  4 21 492 352.878026528       0.76      1.10     -0.82  0.         899.012       4665.352       7568.407    0.000  -0.138   0.380   0.
  2017 352 21  4 22 492 352.878038102       0.71      1.23     -0.83  0.         897.691       4666.496       7568.499    0.000  -0.138   0.380   0.
  2017 352 21  4 23 492 352.878049676       0.66      1.37     -0.98  0.         896.371       4667.639       7568.590    0.000  -0.138   0.380   0.
  2017 352 21  4 24 491 352.878061250       0.59      1.37     -1.08  0.         895.050       4668.783       7568.682    0.000  -0.138   0.380   0.
  2017 352 21  4 25 491 352.878072824       0.28      1.42     -1.06  0.         893.729       4669.926       7568.772    0.000  -0.138   0.380   0.
  2017 352 21  4 26 491 352.878084398       0.11      1.54     -0.77  0.         892.408       4671.069       7568.862    0.000  -0.138   0.380   0.
  2017 352 21  4 27 491 352.878095971       0.01      1.55     -0.60  0.         891.087       4672.211       7568.952    0.000  -0.138   0.380   0.
  2017 352 21  4 28 491 352.878107543       0.02      1.52     -0.50  0.         889.766       4673.353       7569.042    0.000  -0.138   0.380   0.
  2017 352 21  4 29 491 352.878119117       0.06      1.54     -0.53  0.         888.445       4674.495       7569.130    0.000  -0.138   0.380   0.
  2017 352 21  4 30 491 352.878130692       0.03      1.50     -0.47  0.         887.124       4675.637       7569.219    0.000  -0.138   0.380   0.
  2017 352 21  4 31 491 352.878142266       0.10      1.47     -0.69  0.         885.803       4676.779       7569.307    0.000  -0.138   0.380   0.
  2017 352 21  4 32 491 352.878153840      -0.39      1.40     -1.08  0.         884.481       4677.920       7569.394    0.000  -0.138   0.380   0.
  2017 352 21  4 33 491 352.878165414      -0.76      1.67     -0.65  0.         883.160       4679.061       7569.481    0.000  -0.138   0.380   0.
  2017 352 21  4 34 491 352.878176988      -0.33      1.78     -0.18  0.         881.839       4680.201       7569.568    0.000  -0.138   0.380   0.
  2017 352 21  4 35 491 352.878188562      -0.02      1.50     -0.33  0.         880.517       4681.342       7569.654    0.000  -0.138   0.380   0.
  2017 352 21  4 36 491 352.878200136       0.24      1.44     -0.43  0.         879.196       4682.482       7569.740    0.000  -0.138   0.379   0.
  2017 352 21  4 37 491 352.878211710       0.22      1.54     -0.69  0.         877.875       4683.621       7569.825    0.000  -0.138   0.379   0.
  2017 352 21  4 38 491 352.878223284      -0.13      1.53     -0.45  0.         876.553       4684.761       7569.910    0.000  -0.138   0.380   0.
  2017 352 21  4 39 491 352.878234858       0.06      1.67     -0.22  0.         875.231       4685.900       7569.994    0.000  -0.138   0.380   0.
  2017 352 21  4 40 491 352.878246432      -0.10      1.80     -0.37  0.         873.910       4687.039       7570.078    0.000  -0.138   0.380   0.
  2017 352 21  4 41 491 352.878258006      -0.37      1.59     -0.10  0.         872.588       4688.178       7570.162    0.000  -0.138   0.380   0.
  2017 352 21  4 42 491 352.878269580      -0.49      1.60     -0.14  0.         871.266       4689.316       7570.245    0.000  -0.138   0.380   0.
  2017 352 21  4 43 491 352.878281155      -0.45      1.67     -0.04  0.         869.945       4690.454       7570.327    0.000  -0.138   0.380   0.
  2017 352 21  4 44 491 352.878292729      -0.24      1.62      0.14  0.         868.623       4691.592       7570.409    0.000  -0.138   0.380   0.
  2017 352 21  4 45 491 352.878304303       0.08      1.50     -0.02  0.         867.301       4692.729       7570.491    0.000  -0.138   0.380   0.
  2017 352 21  4 46 491 352.878315877       0.25      1.44     -0.18  0.         865.979       4693.867       7570.572    0.000  -0.138   0.380   0.
  2017 352 21  4 47 491 352.878327451       0.34      1.43     -0.45  0.         864.657       4695.004       7570.653    0.000  -0.138   0.380   0.
  2017 352 21  4 48 491 352.878339025       0.17      1.54     -0.60  0.         863.335       4696.140       7570.733    0.000  -0.138   0.380   0.
  2017 352 21  4 49 491 352.878350599       0.20      1.60     -0.56  0.         862.013       4697.277       7570.813    0.000  -0.138   0.380   0.
  2017 352 21  4 50 491 352.878362173       0.42      1.71     -0.52  0.         860.691       4698.413       7570.892    0.000  -0.138   0.380   0.
  2017 352 21  4 51 491 352.878373747       0.51      1.57     -0.59  0.         859.368       4699.549       7570.971    0.000  -0.138   0.380   0.
  2017 352 21  4 52 491 352.878385321       0.21      1.50     -0.41  0.         858.046       4700.684       7571.050    0.000  -0.138   0.380   0.
  2017 352 21  4 53 491 352.878396895       0.45      1.48     -0.25  0.         856.724       4701.820       7571.128    0.000  -0.138   0.380   0.
  2017 352 21  4 54 491 352.878408469       0.50      1.61     -0.23  0.         855.401       4702.955       7571.205    0.000  -0.138   0.380   0.
  2017 352 21  4 55 491 352.878420043       0.41      1.61     -0.27  0.         854.079       4704.089       7571.282    0.000  -0.138   0.380   0.
  2017 352 21  4 56 491 352.878431617       0.47      1.52     -0.28  0.         852.757       4705.224       7571.359    0.000  -0.138   0.380   0.
  2017 352 21  4 57 491 352.878443191       0.31      1.49     -0.37  0.         851.434       4706.358       7571.435    0.000  -0.138   0.380   0.
  2017 352 21  4 58 491 352.878454763       0.20      1.54     -0.48  0.         850.111       4707.492       7571.511    0.000  -0.138   0.380   0.
  2017 352 21  4 59 491 352.878466337       0.23      1.77     -0.18  0.         848.789       4708.625       7571.586    0.000  -0.138   0.380   0.
  2017 352 21  5  0 491 352.878477911       0.56      1.82     -0.01  0.         847.466       4709.759       7571.661    0.000  -0.138   0.380   0.
  2017 352 21  5  1 491 352.878489485       0.71      1.66     -0.54  0.         846.143       4710.892       7571.735    0.000  -0.138   0.380   0.
  2017 352 21  5  2 491 352.878501059       0.37      1.62     -0.55  0.         844.821       4712.024       7571.809    0.000  -0.138   0.380   0.
  2017 352 21  5  3 491 352.878512633       0.47      1.61     -0.50  0.         843.498       4713.157       7571.883    0.000  -0.138   0.380   0.
  2017 352 21  5  4 491 352.878524207       0.33      1.56     -0.66  0.         842.175       4714.289       7571.956    0.000  -0.138   0.380   0.
  2017 352 21  5  5 491 352.878535781       0.31      1.59     -0.61  0.         840.852       4715.421       7572.028    0.000  -0.138   0.380   0.
  2017 352 21  5  6 491 352.878547355       0.47      1.51     -0.49  0.         839.529       4716.553       7572.100    0.000  -0.138   0.380   0.
  2017 352 21  5  7 491 352.878558929       0.45      1.48     -0.42  0.         838.206       4717.684       7572.172    0.000  -0.138   0.380   0.
  2017 352 21  5  8 491 352.878570503       0.57      1.51     -0.49  0.         836.883       4718.815       7572.244    0.000  -0.138   0.380   0.
  2017 352 21  5  9 491 352.878582078       0.68      1.49     -0.70  0.         835.560       4719.946       7572.314    0.000  -0.138   0.380   0.
  2017 352 21  5 10 491 352.878593652       0.51      1.48     -0.71  0.         834.237       4721.077       7572.385    0.000  -0.138   0.380   0.
  2017 352 21  5 11 491 352.878605226       0.38      1.50     -0.80  0.         832.914       4722.207       7572.455    0.000  -0.138   0.380   0.
  2017 352 21  5 12 491 352.878616800       0.32      1.38     -0.84  0.         831.590       4723.337       7572.524    0.000  -0.138   0.380   0.
  2017 352 21  5 13 491 352.878628374       0.37      1.37     -0.76  0.         830.267       4724.466       7572.593    0.000  -0.138   0.380   0.
  2017 352 21  5 14 491 352.878639948       0.20      1.43     -0.67  0.         828.944       4725.596       7572.661    0.000  -0.138   0.380   0.
  2017 352 21  5 15 491 352.878651522       0.40      1.49     -0.58  0.         827.620       4726.725       7572.730    0.000  -0.138   0.380   0.
  2017 352 21  5 16 491 352.878663096       0.30      1.45     -0.66  0.         826.297       4727.854       7572.797    0.000  -0.138   0.380   0.
  2017 352 21  5 17 491 352.878674670       0.53      1.34     -0.51  0.         824.973       4728.982       7572.864    0.000  -0.138   0.380   0.
  2017 352 21  5 18 491 352.878686244       0.76      1.08     -0.80  0.         823.650       4730.111       7572.931    0.000  -0.138   0.380   0.
  2017 352 21  5 19 491 352.878697818       0.53      1.18     -1.11  0.         822.326       4731.239       7572.997    0.000  -0.138   0.380   0.
  2017 352 21  5 20 491 352.878709392       0.17      1.32     -1.05  0.         821.002       4732.366       7573.063    0.000  -0.138   0.380   0.
  2017 352 21  5 21 491 352.878720966       0.26      1.47     -0.74  0.         819.679       4733.494       7573.129    0.000  -0.138   0.380   0.
  2017 352 21  5 22 491 352.878732541       0.37      1.49     -0.63  0.         818.355       4734.621       7573.194    0.000  -0.138   0.380   0.
  2017 352 21  5 23 491 352.878744115       0.39      1.34     -0.71  0.         817.031       4735.748       7573.258    0.000  -0.138   0.380   0.
  2017 352 21  5 24 491 352.878755689       0.31      1.32     -0.72  0.         815.707       4736.874       7573.322    0.000  -0.138   0.380   0.
  2017 352 21  5 25 491 352.878767262       0.11      1.47     -0.68  0.         814.383       4738.001       7573.386    0.000  -0.138   0.380   0.
  2017 352 21  5 26 491 352.878778834       0.13      1.53     -0.72  0.         813.059       4739.127       7573.449    0.000  -0.138   0.380   0.
  2017 352 21  5 27 491 352.878790408       0.35      1.36     -0.77  0.         811.736       4740.252       7573.512    0.000  -0.138   0.380   0.
  2017 352 21  5 28 491 352.878801982       0.18      1.37     -0.91  0.         810.411       4741.378       7573.574    0.000  -0.138   0.379   0.
  2017 352 21  5 29 491 352.878813556       0.22      1.34     -0.76  0.         809.087       4742.503       7573.636    0.000  -0.138   0.379   0.
  2017 352 21  5 30 491 352.878825130       0.27      1.36     -0.80  0.         807.763       4743.628       7573.697    0.000  -0.138   0.380   0.
  2017 352 21  5 31 491 352.878836704       0.19      1.33     -0.94  0.         806.439       4744.753       7573.758    0.000  -0.138   0.380   0.
  2017 352 21  5 32 491 352.878848278       0.02      1.28     -1.05  0.         805.115       4745.877       7573.818    0.000  -0.138   0.380   0.
  2017 352 21  5 33 491 352.878859852      -0.19      1.30     -0.96  0.         803.790       4747.001       7573.878    0.000  -0.138   0.380   0.
  2017 352 21  5 34 491 352.878871427      -0.42      1.53     -0.79  0.         802.466       4748.125       7573.938    0.000  -0.138   0.380   0.
  2017 352 21  5 35 491 352.878883001      -0.49      1.63     -0.48  0.         801.142       4749.248       7573.997    0.000  -0.138   0.380   0.
  2017 352 21  5 36 491 352.878894575      -0.52      1.49     -0.61  0.         799.817       4750.372       7574.056    0.000  -0.138   0.380   0.
  2017 352 21  5 37 491 352.878906149      -0.47      1.28     -0.55  0.         798.493       4751.495       7574.114    0.000  -0.138   0.380   0.
  2017 352 21  5 38 491 352.878917723      -0.15      1.30     -0.47  0.         797.168       4752.617       7574.172    0.000  -0.138   0.380   0.
  2017 352 21  5 39 491 352.878929297      -0.17      1.33     -0.37  0.         795.844       4753.740       7574.229    0.000  -0.138   0.380   0.
  2017 352 21  5 40 491 352.878940871      -0.11      1.35     -0.52  0.         794.519       4754.862       7574.286    0.000  -0.138   0.380   0.
  2017 352 21  5 41 491 352.878952445      -0.49      1.41     -0.57  0.         793.194       4755.984       7574.342    0.000  -0.138   0.380   0.
  2017 352 21  5 42 491 352.878964019      -0.40      1.48     -0.63  0.         791.870       4757.105       7574.398    0.000  -0.138   0.380   0.
  2017 352 21  5 43 491 352.878975593      -0.52      1.49     -0.68  0.         790.545       4758.226       7574.454    0.000  -0.138   0.380   0.
  2017 352 21  5 44 491 352.878987167      -0.19      1.44     -0.56  0.         789.220       4759.347       7574.509    0.000  -0.138   0.380   0.
  2017 352 21  5 45 491 352.878998741      -0.35      1.38     -0.76  0.         787.896       4760.468       7574.563    0.000  -0.138   0.380   0.
  2017 352 21  5 46 491 352.879010315      -0.20      1.24     -0.68  0.         786.571       4761.588       7574.618    0.000  -0.138   0.380   0.
  2017 352 21  5 47 491 352.879021889      -0.17      1.12     -0.95  0.         785.246       4762.709       7574.671    0.000  -0.138   0.380   0.
  2017 352 21  5 48 491 352.879033464      -0.41      1.19     -1.04  0.         783.921       4763.829       7574.724    0.000  -0.138   0.380   0.
  2017 352 21  5 49 491 352.879045038      -0.34      1.30     -1.04  0.         782.596       4764.948       7574.777    0.000  -0.138   0.380   0.
  2017 352 21  5 50 491 352.879056612      -0.16      1.36     -1.18  0.         781.271       4766.067       7574.830    0.000  -0.138   0.380   0.
  2017 352 21  5 51 491 352.879068186      -0.27      1.19     -1.36  0.         779.945       4767.186       7574.882    0.000  -0.138   0.380   0.
  2017 352 21  5 52 491 352.879079760      -0.45      1.06     -1.44  0.         778.620       4768.305       7574.933    0.000  -0.138   0.380   0.
  2017 352 21  5 53 491 352.879091334      -0.77      1.38     -1.29  0.         777.295       4769.423       7574.984    0.000  -0.138   0.380   0.
  2017 352 21  5 54 491 352.879102908      -0.93      1.59     -0.73  0.         775.970       4770.542       7575.035    0.000  -0.138   0.380   0.
  2017 352 21  5 55 490 352.879114481      -0.72      1.63     -0.37  0.         774.644       4771.660       7575.085    0.000  -0.138   0.380   0.
  2017 352 21  5 56 490 352.879126053      -0.36      1.61     -0.31  0.         773.319       4772.777       7575.135    0.000  -0.138   0.380   0.
  2017 352 21  5 57 490 352.879137627       0.12      1.47     -0.23  0.         771.994       4773.895       7575.184    0.000  -0.138   0.380   0.
  2017 352 21  5 58 491 352.879149201       0.17      1.38     -0.42  0.         770.668       4775.011       7575.233    0.000  -0.138   0.380   0.
  2017 352 21  5 59 491 352.879160775       0.07      1.25     -0.54  0.         769.343       4776.128       7575.281    0.000  -0.138   0.380   0.
  2017 352 21  6  0 490 352.879172350      -0.18      1.20     -0.61  0.         768.017       4777.245       7575.329    0.000  -0.138   0.380   0.
  2017 352 21  6  1 490 352.879183924      -0.11      1.32     -0.56  0.         766.692       4778.361       7575.376    0.000  -0.138   0.380   0.
  2017 352 21  6  2 491 352.879195498      -0.34      1.28     -0.77  0.         765.366       4779.477       7575.423    0.000  -0.138   0.380   0.
  2017 352 21  6  3 491 352.879207072      -0.60      1.37     -0.80  0.         764.040       4780.593       7575.470    0.000  -0.138   0.380   0.
  2017 352 21  6  4 491 352.879218646      -0.83      1.59     -0.45  0.         762.715       4781.708       7575.516    0.000  -0.138   0.380   0.
  2017 352 21  6  5 491 352.879230220      -0.53      1.69     -0.02  0.         761.389       4782.823       7575.562    0.000  -0.138   0.380   0.
  2017 352 21  6  6 491 352.879241794       0.24      1.84     -0.07  0.         760.063       4783.938       7575.607    0.000  -0.138   0.380   0.
  2017 352 21  6  7 490 352.879253368       0.70      1.53     -0.48  0.         758.737       4785.052       7575.652    0.000  -0.138   0.380   0.
  2017 352 21  6  8 490 352.879264942       0.69      1.34     -0.63  0.         757.411       4786.166       7575.696    0.000  -0.138   0.380   0.
  2017 352 21  6  9 490 352.879276516       0.42      1.54     -0.71  0.         756.085       4787.280       7575.740    0.000  -0.138   0.380   0.
  2017 352 21  6 10 490 352.879288090       0.25      1.52     -0.61  0.         754.759       4788.394       7575.784    0.000  -0.138   0.380   0.
  2017 352 21  6 11 490 352.879299664       0.21      1.44     -0.53  0.         753.433       4789.508       7575.827    0.000  -0.138   0.380   0.
  2017 352 21  6 12 491 352.879311238       0.15      1.45     -0.50  0.         752.107       4790.621       7575.869    0.000  -0.138   0.380   0.
  2017 352 21  6 13 490 352.879322812       0.22      1.47     -0.41  0.         750.781       4791.733       7575.911    0.000  -0.138   0.380   0.
  2017 352 21  6 14 490 352.879334387       0.12      1.57     -0.31  0.         749.455       4792.846       7575.953    0.000  -0.138   0.380   0.
  2017 352 21  6 15 491 352.879345961       0.40      1.47     -0.48  0.         748.129       4793.958       7575.994    0.000  -0.138   0.380   0.
  2017 352 21  6 16 491 352.879357535       0.40      1.40     -0.76  0.         746.803       4795.070       7576.035    0.000  -0.138   0.380   0.
  2017 352 21  6 17 491 352.879369109       0.57      1.43     -1.05  0.         745.476       4796.182       7576.075    0.000  -0.138   0.380   0.
  2017 352 21  6 18 491 352.879380683      -0.03      1.23     -1.08  0.         744.150       4797.293       7576.115    0.000  -0.138   0.380   0.
  2017 352 21  6 19 491 352.879392257      -0.41      1.48     -0.56  0.         742.824       4798.404       7576.155    0.000  -0.138   0.380   0.
  2017 352 21  6 20 490 352.879403831      -0.03      1.56     -0.24  0.         741.497       4799.515       7576.194    0.000  -0.138   0.380   0.
  2017 352 21  6 21 490 352.879415405       0.39      1.71     -0.11  0.         740.171       4800.626       7576.232    0.000  -0.138   0.380   0.
  2017 352 21  6 22 490 352.879426979       0.56      1.70     -0.03  0.         738.844       4801.736       7576.270    0.000  -0.138   0.380   0.
  2017 352 21  6 23 490 352.879438553       0.70      1.53     -0.16  0.         737.518       4802.846       7576.308    0.000  -0.138   0.380   0.
  2017 352 21  6 24 490 352.879450127       0.62      1.41     -0.48  0.         736.191       4803.956       7576.345    0.000  -0.138   0.380   0.
  2017 352 21  6 25 491 352.879461701       0.53      1.43     -0.55  0.         734.864       4805.065       7576.382    0.000  -0.138   0.380   0.
  2017 352 21  6 26 490 352.879473273       0.46      1.45     -0.53  0.         733.538       4806.175       7576.418    0.000  -0.138   0.380   0.
  2017 352 21  6 27 490 352.879484847       0.60      1.52     -0.37  0.         732.211       4807.283       7576.454    0.000  -0.138   0.380   0.
  2017 352 21  6 28 490 352.879496421       0.76      1.45     -0.60  0.         730.884       4808.392       7576.490    0.000  -0.138   0.380   0.
  2017 352 21  6 29 490 352.879507995       0.51      1.43     -0.65  0.         729.557       4809.500       7576.525    0.000  -0.138   0.380   0.
  2017 352 21  6 30 490 352.879519569       0.69      1.41     -0.51  0.         728.231       4810.608       7576.559    0.000  -0.138   0.380   0.
  2017 352 21  6 31 490 352.879531143       0.65      1.35     -0.59  0.         726.904       4811.716       7576.593    0.000  -0.138   0.380   0.
  2017 352 21  6 32 490 352.879542717       0.64      1.46     -0.52  0.         725.577       4812.824       7576.627    0.000  -0.138   0.380   0.
  2017 352 21  6 33 490 352.879554291       0.77      1.55     -0.62  0.         724.250       4813.931       7576.660    0.000  -0.138   0.380   0.
  2017 352 21  6 34 490 352.879565865       0.69      1.67     -0.40  0.         722.923       4815.038       7576.693    0.000  -0.138   0.380   0.
  2017 352 21  6 35 490 352.879577439       0.88      1.62     -0.31  0.         721.596       4816.144       7576.725    0.000  -0.138   0.380   0.
  2017 352 21  6 36 490 352.879589013       0.72      1.36     -0.51  0.         720.269       4817.251       7576.757    0.000  -0.138   0.380   0.
  2017 352 21  6 37 490 352.879600587       0.61      1.39     -0.42  0.         718.941       4818.357       7576.789    0.000  -0.138   0.380   0.
  2017 352 21  6 38 490 352.879612161       0.65      1.47     -0.49  0.         717.614       4819.463       7576.819    0.000  -0.138   0.380   0.
  2017 352 21  6 39 490 352.879623736       0.63      1.34     -0.70  0.         716.287       4820.568       7576.850    0.000  -0.138   0.380   0.
  2017 352 21  6 40 490 352.879635310       0.79      1.43     -0.55  0.         714.960       4821.673       7576.880    0.000  -0.138   0.380   0.
  2017 352 21  6 41 490 352.879646884       0.76      1.28     -0.93  0.         713.632       4822.778       7576.910    0.000  -0.138   0.380   0.
  2017 352 21  6 42 490 352.879658458       0.45      1.21     -0.77  0.         712.305       4823.883       7576.939    0.000  -0.138   0.380   0.
  2017 352 21  6 43 490 352.879670032       0.48      1.27     -0.92  0.         710.978       4824.987       7576.968    0.000  -0.138   0.380   0.
  2017 352 21  6 44 490 352.879681606       0.31      1.33     -0.71  0.         709.650       4826.091       7576.996    0.000  -0.138   0.380   0.
  2017 352 21  6 45 490 352.879693180       0.05      1.36     -0.61  0.         708.323       4827.195       7577.024    0.000  -0.138   0.380   0.
  2017 352 21  6 46 490 352.879704754      -0.03      1.37     -0.48  0.         706.995       4828.299       7577.051    0.000  -0.138   0.380   0.
  2017 352 21  6 47 490 352.879716328       0.13      1.47     -0.46  0.         705.668       4829.402       7577.078    0.000  -0.138   0.380   0.
  2017 352 21  6 48 490 352.879727902       0.08      1.44     -0.63  0.         704.340       4830.505       7577.105    0.000  -0.138   0.380   0.
  2017 352 21  6 49 490 352.879739476       0.04      1.47     -0.79  0.         703.012       4831.608       7577.131    0.000  -0.138   0.380   0.
  2017 352 21  6 50 490 352.879751050      -0.24      1.53     -0.88  0.         701.685       4832.710       7577.157    0.000  -0.138   0.380   0.
  2017 352 21  6 51 490 352.879762624      -0.04      1.46     -0.57  0.         700.357       4833.812       7577.182    0.000  -0.138   0.380   0.
  2017 352 21  6 52 490 352.879774198       0.02      1.42     -0.64  0.         699.029       4834.914       7577.207    0.000  -0.138   0.380   0.
  2017 352 21  6 53 490 352.879785773       0.04      1.36     -0.65  0.         697.701       4836.015       7577.231    0.000  -0.138   0.380   0.
  2017 352 21  6 54 490 352.879797347       0.15      1.36     -0.82  0.         696.373       4837.117       7577.255    0.000  -0.138   0.380   0.
  2017 352 21  6 55 490 352.879808920       0.23      1.41     -0.80  0.         695.046       4838.218       7577.279    0.000  -0.138   0.380   0.
  2017 352 21  6 56 490 352.879820492       0.10      1.43     -0.75  0.         693.718       4839.318       7577.301    0.000  -0.138   0.380   0.
  2017 352 21  6 57 490 352.879832066       0.16      1.57     -0.72  0.         692.390       4840.419       7577.324    0.000  -0.138   0.380   0.
  2017 352 21  6 58 490 352.879843640       0.00      1.50     -0.85  0.         691.062       4841.519       7577.346    0.000  -0.138   0.380   0.
  2017 352 21  6 59 490 352.879855214      -0.33      1.46     -0.68  0.         689.734       4842.619       7577.368    0.000  -0.138   0.380   0.
  2017 352 21  7  0 490 352.879866788      -0.28      1.47     -0.69  0.         688.405       4843.718       7577.389    0.000  -0.138   0.380   0.
  2017 352 21  7  1 490 352.879878362      -0.45      1.52     -0.77  0.         687.077       4844.818       7577.410    0.000  -0.138   0.380   0.
  2017 352 21  7  2 490 352.879889936      -0.66      1.58     -0.89  0.         685.749       4845.917       7577.430    0.000  -0.138   0.380   0.
  2017 352 21  7  3 490 352.879901510      -0.96      1.82     -0.60  0.         684.421       4847.016       7577.450    0.000  -0.138   0.380   0.
  2017 352 21  7  4 490 352.879913085      -1.07      1.70     -0.58  0.         683.093       4848.114       7577.470    0.000  -0.138   0.380   0.
  2017 352 21  7  5 490 352.879924659      -0.84      1.74     -0.15  0.         681.764       4849.212       7577.489    0.000  -0.138   0.380   0.
  2017 352 21  7  6 490 352.879936233      -0.81      1.73     -0.20  0.         680.436       4850.310       7577.507    0.000  -0.138   0.380   0.
  2017 352 21  7  7 490 352.879947807      -0.58      1.83     -0.22  0.         679.108       4851.408       7577.525    0.000  -0.138   0.380   0.
  2017 352 21  7  8 490 352.879959381      -0.59      1.72     -0.64  0.         677.779       4852.505       7577.543    0.000  -0.138   0.380   0.
  2017 352 21  7  9 490 352.879970955      -0.56      1.56     -0.49  0.         676.451       4853.602       7577.560    0.000  -0.138   0.380   0.
  2017 352 21  7 10 490 352.879982529      -0.34      1.56     -0.44  0.         675.123       4854.699       7577.577    0.000  -0.138   0.380   0.
  2017 352 21  7 11 490 352.879994103      -0.07      1.61     -0.37  0.         673.794       4855.795       7577.593    0.000  -0.138   0.380   0.
  2017 352 21  7 12 490 352.880005677      -0.15      1.55     -0.53  0.         672.465       4856.891       7577.610    0.000  -0.138   0.380   0.
  2017 352 21  7 13 490 352.880017251      -0.26      1.51     -0.54  0.         671.137       4857.987       7577.625    0.000  -0.138   0.380   0.
  2017 352 21  7 14 490 352.880028825      -0.45      1.64     -0.58  0.         669.808       4859.083       7577.640    0.000  -0.138   0.380   0.
  2017 352 21  7 15 490 352.880040399      -0.74      1.67     -0.41  0.         668.480       4860.178       7577.655    0.000  -0.138   0.380   0.
  2017 352 21  7 16 490 352.880051973      -0.51      1.60     -0.01  0.         667.151       4861.273       7577.669    0.000  -0.138   0.380   0.
  2017 352 21  7 17 490 352.880063547      -0.20      1.73     -0.08  0.         665.822       4862.368       7577.683    0.000  -0.138   0.380   0.
  2017 352 21  7 18 490 352.880075122      -0.25      1.63     -0.45  0.         664.493       4863.463       7577.696    0.000  -0.138   0.380   0.
  2017 352 21  7 19 490 352.880086696      -0.39      1.58     -0.19  0.         663.164       4864.557       7577.709    0.000  -0.138   0.380   0.
  2017 352 21  7 20 490 352.880098270      -0.42      1.41     -0.31  0.         661.836       4865.651       7577.721    0.000  -0.138   0.380   0.
  2017 352 21  7 21 490 352.880109844      -0.34      1.45     -0.32  0.         660.507       4866.744       7577.733    0.000  -0.138   0.380   0.
  2017 352 21  7 22 490 352.880121418      -0.37      1.45     -0.54  0.         659.178       4867.838       7577.745    0.000  -0.138   0.380   0.
  2017 352 21  7 23 490 352.880132992      -0.69      1.57     -0.59  0.         657.849       4868.931       7577.756    0.000  -0.138   0.380   0.
  2017 352 21  7 24 490 352.880144566      -0.74      1.59     -0.29  0.         656.520       4870.024       7577.767    0.000  -0.138   0.380   0.
  2017 352 21  7 25 490 352.880156139      -0.50      1.77     -0.19  0.         655.191       4871.116       7577.777    0.000  -0.138   0.380   0.
  2017 352 21  7 26 490 352.880167711      -0.41      1.56     -0.31  0.         653.861       4872.208       7577.787    0.000  -0.138   0.380   0.
  2017 352 21  7 27 490 352.880179285      -0.43      1.53     -0.26  0.         652.532       4873.300       7577.796    0.000  -0.138   0.380   0.
  2017 352 21  7 28 490 352.880190859      -0.39      1.55     -0.22  0.         651.203       4874.392       7577.805    0.000  -0.138   0.380   0.
  2017 352 21  7 29 490 352.880202433      -0.33      1.57     -0.34  0.         649.874       4875.483       7577.813    0.000  -0.138   0.380   0.
  2017 352 21  7 30 490 352.880214008      -0.31      1.59     -0.43  0.         648.545       4876.575       7577.821    0.000  -0.138   0.380   0.
  2017 352 21  7 31 490 352.880225582      -0.50      1.54     -0.60  0.         647.215       4877.665       7577.829    0.000  -0.138   0.380   0.
  2017 352 21  7 32 490 352.880237156      -0.45      1.45     -0.75  0.         645.886       4878.756       7577.836    0.000  -0.138   0.380   0.
  2017 352 21  7 33 490 352.880248730      -1.43      1.70     -0.89  0.         644.557       4879.846       7577.843    0.000  -0.138   0.380   0.
  2017 352 21  7 34 490 352.880260304      -1.13      1.68      0.17  0.         643.227       4880.936       7577.849    0.000  -0.138   0.380   0.
  2017 352 21  7 35 490 352.880271878      -0.35      1.45     -0.00  0.         641.898       4882.026       7577.855    0.000  -0.138   0.380   0.
  2017 352 21  7 36 490 352.880283452       0.15      1.45     -0.29  0.         640.568       4883.115       7577.860    0.000  -0.138   0.380   0.
  2017 352 21  7 37 490 352.880295026       0.21      1.37     -0.62  0.         639.239       4884.204       7577.865    0.000  -0.138   0.380   0.
  2017 352 21  7 38 490 352.880306600       0.06      1.57     -0.40  0.         637.909       4885.293       7577.870    0.000  -0.138   0.380   0.
  2017 352 21  7 39 490 352.880318174       0.17      1.57     -0.57  0.         636.580       4886.382       7577.874    0.000  -0.138   0.380   0.
  2017 352 21  7 40 490 352.880329748      -0.02      1.58     -0.39  0.         635.250       4887.470       7577.877    0.000  -0.138   0.380   0.
  2017 352 21  7 41 490 352.880341322       0.01      1.52     -0.39  0.         633.920       4888.558       7577.880    0.000  -0.138   0.380   0.
  2017 352 21  7 42 490 352.880352896       0.02      1.51     -0.25  0.         632.591       4889.646       7577.883    0.000  -0.138   0.380   0.
  2017 352 21  7 43 490 352.880364470      -0.02      1.51     -0.26  0.         631.261       4890.733       7577.885    0.000  -0.138   0.380   0.
  2017 352 21  7 44 490 352.880376045       0.04      1.44     -0.21  0.         629.931       4891.820       7577.887    0.000  -0.138   0.380   0.
  2017 352 21  7 45 490 352.880387619       0.13      1.43     -0.28  0.         628.601       4892.907       7577.889    0.000  -0.138   0.380   0.
  2017 352 21  7 46 490 352.880399193       0.05      1.43     -0.40  0.         627.271       4893.994       7577.890    0.000  -0.138   0.380   0.
  2017 352 21  7 47 490 352.880410767      -0.16      1.36     -0.41  0.         625.942       4895.080       7577.890    0.000  -0.138   0.380   0.
  2017 352 21  7 48 490 352.880422341      -0.19      1.39     -0.33  0.         624.612       4896.166       7577.890    0.000  -0.138   0.380   0.
  2017 352 21  7 49 490 352.880433915      -0.24      1.39     -0.28  0.         623.282       4897.252       7577.890    0.000  -0.138   0.380   0.
  2017 352 21  7 50 490 352.880445489      -0.24      1.44     -0.23  0.         621.952       4898.337       7577.889    0.000  -0.138   0.380   0.
  2017 352 21  7 51 490 352.880457063      -0.22      1.56     -0.27  0.         620.622       4899.422       7577.888    0.000  -0.138   0.380   0.
  2017 352 21  7 52 490 352.880468637      -0.23      1.57     -0.13  0.         619.292       4900.507       7577.886    0.000  -0.138   0.380   0.
  2017 352 21  7 53 490 352.880480211      -0.17      1.56     -0.16  0.         617.962       4901.592       7577.884    0.000  -0.138   0.380   0.
  2017 352 21  7 54 490 352.880491785      -0.17      1.42     -0.20  0.         616.631       4902.676       7577.882    0.000  -0.138   0.380   0.
  2017 352 21  7 55 490 352.880503358      -0.12      1.40     -0.29  0.         615.301       4903.760       7577.879    0.000  -0.138   0.380   0.
  2017 352 21  7 56 489 352.880514931      -0.14      1.36     -0.37  0.         613.971       4904.844       7577.875    0.000  -0.138   0.380   0.
  2017 352 21  7 57 489 352.880526505      -0.03      1.25     -0.50  0.         612.641       4905.927       7577.871    0.000  -0.138   0.380   0.
  2017 352 21  7 58 490 352.880538079       0.12      1.28     -0.60  0.         611.310       4907.011       7577.867    0.000  -0.138   0.380   0.
  2017 352 21  7 59 490 352.880549653       0.15      1.33     -0.82  0.         609.980       4908.094       7577.863    0.000  -0.138   0.380   0.
  2017 352 21  8  0 490 352.880561227      -0.21      1.42     -1.06  0.         608.650       4909.176       7577.857    0.000  -0.138   0.380   0.
  2017 352 21  8  1 490 352.880572801      -0.87      1.42     -0.82  0.         607.319       4910.259       7577.852    0.000  -0.138   0.380   0.
  2017 352 21  8  2 490 352.880584375      -0.66      1.48     -0.46  0.         605.989       4911.341       7577.846    0.000  -0.138   0.380   0.
  2017 352 21  8  3 489 352.880595949      -0.26      1.35     -0.50  0.         604.659       4912.422       7577.839    0.000  -0.138   0.380   0.
  2017 352 21  8  4 489 352.880607523       0.08      1.39     -0.81  0.         603.328       4913.504       7577.832    0.000  -0.138   0.380   0.
  2017 352 21  8  5 489 352.880619097      -0.15      1.63     -1.22  0.         601.998       4914.585       7577.825    0.000  -0.138   0.380   0.
  2017 352 21  8  6 489 352.880630671      -0.68      1.58     -1.19  0.         600.667       4915.666       7577.817    0.000  -0.138   0.380   0.
  2017 352 21  8  7 490 352.880642245      -1.18      1.50     -0.81  0.         599.336       4916.747       7577.809    0.000  -0.138   0.380   0.
  2017 352 21  8  8 490 352.880653819      -1.15      1.63     -0.22  0.         598.006       4917.827       7577.800    0.000  -0.138   0.380   0.
  2017 352 21  8  9 489 352.880665394      -1.16      1.62     -0.02  0.         596.675       4918.907       7577.791    0.000  -0.138   0.380   0.
  2017 352 21  8 10 489 352.880676968      -0.79      1.53     -0.11  0.         595.344       4919.987       7577.782    0.000  -0.138   0.380   0.
  2017 352 21  8 11 490 352.880688542      -0.73      1.52     -0.25  0.         594.014       4921.066       7577.772    0.000  -0.138   0.380   0.
  2017 352 21  8 12 490 352.880700116      -0.61      1.47     -0.32  0.         592.683       4922.145       7577.761    0.000  -0.138   0.380   0.
  2017 352 21  8 13 490 352.880711690      -0.44      1.43     -0.22  0.         591.352       4923.224       7577.750    0.000  -0.138   0.380   0.
  2017 352 21  8 14 490 352.880723264      -0.21      1.44     -0.28  0.         590.021       4924.303       7577.739    0.000  -0.138   0.380   0.
  2017 352 21  8 15 490 352.880734838      -0.14      1.46     -0.30  0.         588.690       4925.381       7577.728    0.000  -0.138   0.380   0.
  2017 352 21  8 16 489 352.880746412      -0.26      1.46     -0.40  0.         587.360       4926.460       7577.715    0.000  -0.138   0.380   0.
  2017 352 21  8 17 489 352.880757986      -0.24      1.46     -0.24  0.         586.029       4927.537       7577.703    0.000  -0.138   0.380   0.
  2017 352 21  8 18 489 352.880769560       0.00      1.59     -0.22  0.         584.698       4928.615       7577.690    0.000  -0.138   0.380   0.
  2017 352 21  8 19 489 352.880781134       0.09      1.70     -0.39  0.         583.367       4929.692       7577.676    0.000  -0.138   0.380   0.
  2017 352 21  8 20 489 352.880792708       0.16      1.65     -0.29  0.         582.036       4930.769       7577.662    0.000  -0.138   0.380   0.
  2017 352 21  8 21 490 352.880804282       0.38      1.68     -0.33  0.         580.705       4931.846       7577.648    0.000  -0.138   0.380   0.
  2017 352 21  8 22 490 352.880815856       0.66      1.71     -0.38  0.         579.373       4932.922       7577.633    0.000  -0.138   0.380   0.
  2017 352 21  8 23 489 352.880827431       0.62      1.71     -0.62  0.         578.042       4933.998       7577.618    0.000  -0.138   0.380   0.
  2017 352 21  8 24 489 352.880839005       0.62      1.67     -0.49  0.         576.711       4935.074       7577.602    0.000  -0.138   0.380   0.
  2017 352 21  8 25 490 352.880850578       0.36      1.54     -0.58  0.         575.380       4936.150       7577.586    0.000  -0.138   0.380   0.
  2017 352 21  8 26 489 352.880862150       0.26      1.45     -0.47  0.         574.049       4937.225       7577.570    0.000  -0.138   0.380   0.
  2017 352 21  8 27 489 352.880873724       0.34      1.47     -0.45  0.         572.717       4938.300       7577.553    0.000  -0.138   0.380   0.
  2017 352 21  8 28 489 352.880885298       0.40      1.46     -0.56  0.         571.386       4939.374       7577.535    0.000  -0.138   0.380   0.
  2017 352 21  8 29 489 352.880896872       0.12      1.35     -0.73  0.         570.055       4940.449       7577.518    0.000  -0.138   0.380   0.
  2017 352 21  8 30 489 352.880908446       0.13      1.47     -0.95  0.         568.723       4941.523       7577.499    0.000  -0.138   0.380   0.
  2017 352 21  8 31 489 352.880920020      -0.05      1.55     -0.68  0.         567.392       4942.597       7577.481    0.000  -0.138   0.380   0.
  2017 352 21  8 32 489 352.880931594      -0.12      1.53     -0.76  0.         566.061       4943.670       7577.462    0.000  -0.138   0.380   0.
  2017 352 21  8 33 489 352.880943168      -0.19      1.61     -0.56  0.         564.729       4944.744       7577.442    0.000  -0.138   0.380   0.
  2017 352 21  8 34 489 352.880954742      -0.35      1.56     -0.54  0.         563.398       4945.817       7577.422    0.000  -0.138   0.380   0.
  2017 352 21  8 35 489 352.880966317      -0.40      1.69     -0.48  0.         562.066       4946.889       7577.401    0.000  -0.138   0.380   0.
  2017 352 21  8 36 489 352.880977891      -0.50      1.67     -0.62  0.         560.735       4947.962       7577.381    0.000  -0.138   0.380   0.
  2017 352 21  8 37 489 352.880989465      -0.55      1.62     -0.55  0.         559.403       4949.034       7577.359    0.000  -0.138   0.380   0.
  2017 352 21  8 38 489 352.881001039      -0.53      1.57     -0.45  0.         558.071       4950.106       7577.338    0.000  -0.138   0.380   0.
  2017 352 21  8 39 489 352.881012613      -0.44      1.45     -0.41  0.         556.740       4951.177       7577.315    0.000  -0.138   0.380   0.
  2017 352 21  8 40 489 352.881024187      -0.37      1.50     -0.38  0.         555.408       4952.248       7577.293    0.000  -0.138   0.380   0.
  2017 352 21  8 41 489 352.881035761      -0.07      1.65     -0.46  0.         554.076       4953.320       7577.270    0.000  -0.138   0.380   0.
  2017 352 21  8 42 489 352.881047335      -0.13      1.53     -0.51  0.         552.745       4954.390       7577.246    0.000  -0.138   0.380   0.
  2017 352 21  8 43 489 352.881058909      -0.03      1.58     -0.46  0.         551.413       4955.461       7577.222    0.000  -0.138   0.380   0.
  2017 352 21  8 44 489 352.881070483       0.06      1.58     -0.52  0.         550.081       4956.531       7577.198    0.000  -0.138   0.380   0.
  2017 352 21  8 45 489 352.881082057       0.09      1.55     -0.65  0.         548.749       4957.601       7577.173    0.000  -0.138   0.380   0.
  2017 352 21  8 46 489 352.881093631      -0.02      1.49     -0.76  0.         547.417       4958.670       7577.148    0.000  -0.138   0.380   0.
  2017 352 21  8 47 489 352.881105205      -0.03      1.57     -0.65  0.         546.085       4959.739       7577.122    0.000  -0.138   0.380   0.
  2017 352 21  8 48 489 352.881116779      -0.03      1.56     -0.63  0.         544.753       4960.809       7577.096    0.000  -0.138   0.380   0.
  2017 352 21  8 49 489 352.881128354      -0.03      1.57     -0.17  0.         543.421       4961.877       7577.070    0.000  -0.138   0.380   0.
  2017 352 21  8 50 489 352.881139928       0.50      1.68     -0.12  0.         542.089       4962.946       7577.043    0.000  -0.138   0.380   0.
  2017 352 21  8 51 489 352.881151502       0.47      1.65     -0.34  0.         540.757       4964.014       7577.015    0.000  -0.138   0.380   0.
  2017 352 21  8 52 489 352.881163076       0.55      1.45     -0.72  0.         539.425       4965.082       7576.987    0.000  -0.138   0.380   0.
  2017 352 21  8 53 489 352.881174650       0.13      1.30     -0.93  0.         538.093       4966.149       7576.959    0.000  -0.138   0.380   0.
  2017 352 21  8 54 489 352.881186224       0.16      1.45     -0.75  0.         536.761       4967.217       7576.931    0.000  -0.138   0.380   0.
  2017 352 21  8 55 489 352.881197797       0.30      1.50     -0.69  0.         535.429       4968.284       7576.901    0.000  -0.138   0.380   0.
  2017 352 21  8 56 489 352.881209369       0.19      1.45     -0.63  0.         534.097       4969.350       7576.872    0.000  -0.138   0.380   0.
  2017 352 21  8 57 489 352.881220943       0.14      1.41     -0.64  0.         532.765       4970.417       7576.842    0.000  -0.138   0.380   0.
  2017 352 21  8 58 489 352.881232517       0.19      1.46     -0.47  0.         531.432       4971.483       7576.811    0.000  -0.138   0.380   0.
  2017 352 21  8 59 489 352.881244091       0.18      1.45     -0.53  0.         530.100       4972.549       7576.781    0.000  -0.138   0.380   0.
  2017 352 21  9  0 489 352.881255666       0.04      1.62     -0.43  0.         528.768       4973.614       7576.749    0.000  -0.138   0.380   0.
  2017 352 21  9  1 489 352.881267240       0.33      1.68     -0.41  0.         527.435       4974.680       7576.717    0.000  -0.138   0.380   0.
  2017 352 21  9  2 489 352.881278814       0.21      1.58     -0.27  0.         526.103       4975.745       7576.686    0.000  -0.138   0.380   0.
  2017 352 21  9  3 489 352.881290388       0.42      1.56     -0.36  0.         524.771       4976.809       7576.653    0.000  -0.138   0.380   0.
  2017 352 21  9  4 489 352.881301962       0.50      1.58     -0.42  0.         523.438       4977.874       7576.620    0.000  -0.138   0.380   0.
  2017 352 21  9  5 489 352.881313536       0.32      1.62     -0.39  0.         522.106       4978.938       7576.586    0.000  -0.138   0.380   0.
  2017 352 21  9  6 489 352.881325110       0.27      1.62     -0.49  0.         520.773       4980.002       7576.552    0.000  -0.138   0.380   0.
  2017 352 21  9  7 489 352.881336684       0.02      1.58     -0.51  0.         519.441       4981.066       7576.518    0.000  -0.138   0.380   0.
  2017 352 21  9  8 489 352.881348258      -0.01      1.60     -0.42  0.         518.108       4982.129       7576.483    0.000  -0.138   0.380   0.
  2017 352 21  9  9 489 352.881359832       0.13      1.67     -0.27  0.         516.776       4983.192       7576.448    0.000  -0.138   0.380   0.
  2017 352 21  9 10 489 352.881371406       0.13      1.53     -0.42  0.         515.443       4984.255       7576.412    0.000  -0.138   0.380   0.
  2017 352 21  9 11 489 352.881382980       0.19      1.46     -0.46  0.         514.110       4985.317       7576.376    0.000  -0.138   0.380   0.
  2017 352 21  9 12 489 352.881394554       0.27      1.52     -0.63  0.         512.778       4986.379       7576.340    0.000  -0.138   0.380   0.
  2017 352 21  9 13 489 352.881406128       0.31      1.55     -0.76  0.         511.445       4987.441       7576.303    0.000  -0.138   0.380   0.
  2017 352 21  9 14 489 352.881417703       0.20      1.51     -0.93  0.         510.112       4988.503       7576.266    0.000  -0.138   0.380   0.
  2017 352 21  9 15 489 352.881429277       0.21      1.42     -0.54  0.         508.780       4989.564       7576.228    0.000  -0.138   0.380   0.
  2017 352 21  9 16 489 352.881440851       0.30      1.56     -0.38  0.         507.447       4990.625       7576.190    0.000  -0.138   0.380   0.
  2017 352 21  9 17 489 352.881452425       0.15      1.54     -0.28  0.         506.114       4991.686       7576.151    0.000  -0.138   0.380   0.
  2017 352 21  9 18 489 352.881463999       0.25      1.53     -0.32  0.         504.781       4992.747       7576.112    0.000  -0.138   0.380   0.
  2017 352 21  9 19 489 352.881475573       0.03      1.51     -0.38  0.         503.448       4993.807       7576.072    0.000  -0.138   0.380   0.
  2017 352 21  9 20 489 352.881487147      -0.03      1.37     -0.39  0.         502.115       4994.867       7576.032    0.000  -0.138   0.380   0.
  2017 352 21  9 21 489 352.881498721      -0.21      1.37     -0.46  0.         500.782       4995.926       7575.992    0.000  -0.138   0.380   0.
  2017 352 21  9 22 489 352.881510295      -0.31      1.41     -0.37  0.         499.449       4996.986       7575.951    0.000  -0.138   0.380   0.
  2017 352 21  9 23 489 352.881521868      -0.40      1.51     -0.36  0.         498.117       4998.045       7575.910    0.000  -0.138   0.380   0.
  2017 352 21  9 24 489 352.881533440      -0.39      1.42     -0.53  0.         496.784       4999.103       7575.868    0.000  -0.138   0.380   0.
  2017 352 21  9 25 489 352.881545014      -0.27      1.36     -0.48  0.         495.451       5000.162       7575.826    0.000  -0.138   0.380   0.
  2017 352 21  9 26 489 352.881556589      -0.15      1.34     -0.57  0.         494.117       5001.220       7575.783    0.000  -0.138   0.380   0.
  2017 352 21  9 27 489 352.881568163      -0.11      1.52     -0.60  0.         492.784       5002.278       7575.740    0.000  -0.138   0.380   0.
  2017 352 21  9 28 489 352.881579737      -0.20      1.51     -0.54  0.         491.451       5003.336       7575.697    0.000  -0.138   0.380   0.
  2017 352 21  9 29 489 352.881591311      -0.34      1.54     -0.72  0.         490.118       5004.393       7575.653    0.000  -0.138   0.380   0.
  2017 352 21  9 30 489 352.881602885      -0.31      1.64     -0.54  0.         488.785       5005.450       7575.609    0.000  -0.138   0.380   0.
  2017 352 21  9 31 489 352.881614459      -0.13      1.54     -0.77  0.         487.452       5006.507       7575.564    0.000  -0.138   0.380   0.
  2017 352 21  9 32 489 352.881626033      -0.27      1.44     -0.60  0.         486.118       5007.563       7575.519    0.000  -0.138   0.380   0.
  2017 352 21  9 33 489 352.881637607      -0.08      1.41     -0.56  0.         484.785       5008.620       7575.474    0.000  -0.138   0.380   0.
  2017 352 21  9 34 489 352.881649181       0.05      1.43     -0.76  0.         483.452       5009.676       7575.428    0.000  -0.138   0.380   0.
  2017 352 21  9 35 489 352.881660755      -0.29      1.42     -0.83  0.         482.118       5010.731       7575.381    0.000  -0.138   0.380   0.
  2017 352 21  9 36 489 352.881672329      -0.38      1.53     -0.75  0.         480.785       5011.787       7575.334    0.000  -0.138   0.380   0.
  2017 352 21  9 37 489 352.881683903      -0.21      1.56     -0.23  0.         479.452       5012.842       7575.287    0.000  -0.138   0.380   0.
  2017 352 21  9 38 489 352.881695477       0.02      1.52     -0.19  0.         478.118       5013.896       7575.239    0.000  -0.138   0.380   0.
  2017 352 21  9 39 489 352.881707052       0.21      1.49     -0.30  0.         476.785       5014.951       7575.191    0.000  -0.138   0.380   0.
  2017 352 21  9 40 489 352.881718626       0.11      1.52     -0.39  0.         475.451       5016.005       7575.142    0.000  -0.138   0.380   0.
  2017 352 21  9 41 489 352.881730200      -0.02      1.55     -0.33  0.         474.118       5017.059       7575.093    0.000  -0.138   0.380   0.
  2017 352 21  9 42 489 352.881741774       0.02      1.51     -0.28  0.         472.785       5018.113       7575.044    0.000  -0.138   0.380   0.
  2017 352 21  9 43 489 352.881753348       0.22      1.51     -0.49  0.         471.451       5019.166       7574.994    0.000  -0.138   0.380   0.
  2017 352 21  9 44 489 352.881764922       0.34      1.60     -0.93  0.         470.118       5020.219       7574.944    0.000  -0.138   0.380   0.
  2017 352 21  9 45 489 352.881776496       0.04      1.61     -1.02  0.         468.784       5021.272       7574.893    0.000  -0.138   0.380   0.
  2017 352 21  9 46 489 352.881788070      -0.14      1.50     -0.93  0.         467.450       5022.324       7574.842    0.000  -0.138   0.380   0.
  2017 352 21  9 47 489 352.881799644      -0.37      1.39     -0.98  0.         466.117       5023.377       7574.790    0.000  -0.138   0.380   0.
  2017 352 21  9 48 489 352.881811218      -0.28      1.40     -0.90  0.         464.783       5024.429       7574.738    0.000  -0.138   0.380   0.
  2017 352 21  9 49 489 352.881822792      -0.28      1.35     -0.79  0.         463.449       5025.480       7574.686    0.000  -0.138   0.380   0.
  2017 352 21  9 50 489 352.881834366      -0.29      1.32     -0.88  0.         462.116       5026.532       7574.633    0.000  -0.138   0.380   0.
  2017 352 21  9 51 489 352.881845940      -0.24      1.47     -0.59  0.         460.782       5027.583       7574.580    0.000  -0.138   0.380   0.
  2017 352 21  9 52 489 352.881857514      -0.37      1.52     -0.40  0.         459.448       5028.633       7574.526    0.000  -0.138   0.380   0.
  2017 352 21  9 53 489 352.881869087      -0.07      1.44     -0.38  0.         458.114       5029.684       7574.472    0.000  -0.138   0.380   0.
  2017 352 21  9 54 489 352.881880660       0.16      1.44     -0.56  0.         456.781       5030.734       7574.417    0.000  -0.138   0.380   0.
  2017 352 21  9 55 489 352.881892234       0.15      1.45     -0.48  0.         455.447       5031.784       7574.362    0.000  -0.138   0.380   0.
  2017 352 21  9 56 489 352.881903808       0.29      1.52     -0.37  0.         454.113       5032.834       7574.306    0.000  -0.138   0.380   0.
  2017 352 21  9 57 489 352.881915382       0.23      1.52     -0.51  0.         452.779       5033.883       7574.251    0.000  -0.138   0.380   0.
  2017 352 21  9 58 488 352.881926956       0.11      1.44     -0.58  0.         451.445       5034.932       7574.194    0.000  -0.138   0.380   0.
  2017 352 21  9 59 488 352.881938530       0.07      1.43     -0.65  0.         450.111       5035.981       7574.137    0.000  -0.138   0.380   0.
  2017 352 21 10  0 488 352.881950104       0.08      1.34     -0.88  0.         448.777       5037.030       7574.080    0.000  -0.138   0.380   0.
  2017 352 21 10  1 488 352.881961678      -0.09      1.22     -0.87  0.         447.443       5038.078       7574.023    0.000  -0.138   0.380   0.
  2017 352 21 10  2 488 352.881973252      -0.04      1.15     -0.71  0.         446.109       5039.126       7573.965    0.000  -0.138   0.380   0.
  2017 352 21 10  3 489 352.881984826       0.05      1.11     -0.70  0.         444.775       5040.173       7573.906    0.000  -0.138   0.380   0.
  2017 352 21 10  4 489 352.881996400       0.16      1.10     -0.77  0.         443.441       5041.221       7573.847    0.000  -0.138   0.380   0.
  2017 352 21 10  5 488 352.882007975       0.21      1.21     -0.79  0.         442.107       5042.268       7573.788    0.000  -0.138   0.380   0.
  2017 352 21 10  6 488 352.882019549       0.19      1.33     -0.94  0.         440.773       5043.315       7573.728    0.000  -0.138   0.380   0.
  2017 352 21 10  7 489 352.882031123      -0.06      1.41     -0.94  0.         439.439       5044.361       7573.668    0.000  -0.138   0.380   0.
  2017 352 21 10  8 489 352.882042697      -0.22      1.51     -0.61  0.         438.104       5045.407       7573.607    0.000  -0.138   0.380   0.
  2017 352 21 10  9 489 352.882054271       0.06      1.63     -0.41  0.         436.770       5046.453       7573.546    0.000  -0.138   0.380   0.
  2017 352 21 10 10 489 352.882065845       0.13      1.58     -0.50  0.         435.436       5047.499       7573.485    0.000  -0.138   0.380   0.
  2017 352 21 10 11 489 352.882077419       0.17      1.36     -0.69  0.         434.102       5048.544       7573.423    0.000  -0.138   0.380   0.
  2017 352 21 10 12 488 352.882088993       0.16      1.42     -0.80  0.         432.767       5049.590       7573.360    0.000  -0.138   0.380   0.
  2017 352 21 10 13 488 352.882100567       0.24      1.42     -0.71  0.         431.433       5050.634       7573.298    0.000  -0.138   0.380   0.
  2017 352 21 10 14 488 352.882112141       0.29      1.46     -0.67  0.         430.099       5051.679       7573.235    0.000  -0.138   0.380   0.
  2017 352 21 10 15 488 352.882123715       0.24      1.43     -0.56  0.         428.764       5052.723       7573.171    0.000  -0.138   0.380   0.
  2017 352 21 10 16 489 352.882135289       0.21      1.36     -0.62  0.         427.430       5053.767       7573.107    0.000  -0.138   0.380   0.
  2017 352 21 10 17 489 352.882146863       0.23      1.39     -0.57  0.         426.096       5054.811       7573.042    0.000  -0.138   0.380   0.
  2017 352 21 10 18 488 352.882158437       0.30      1.46     -0.52  0.         424.761       5055.854       7572.977    0.000  -0.138   0.380   0.
  2017 352 21 10 19 488 352.882170012       0.22      1.42     -0.72  0.         423.427       5056.897       7572.912    0.000  -0.138   0.380   0.
  2017 352 21 10 20 488 352.882181586       0.20      1.45     -0.71  0.         422.092       5057.940       7572.846    0.000  -0.138   0.380   0.
  2017 352 21 10 21 489 352.882193160       0.43      1.52     -0.66  0.         420.758       5058.983       7572.780    0.000  -0.138   0.380   0.
  2017 352 21 10 22 489 352.882204734       0.46      1.42     -0.86  0.         419.423       5060.025       7572.713    0.000  -0.138   0.380   0.
  2017 352 21 10 23 489 352.882216307       0.43      1.27     -0.77  0.         418.089       5061.067       7572.646    0.000  -0.138   0.380   0.
  2017 352 21 10 24 488 352.882227879       0.63      1.28     -0.83  0.         416.754       5062.108       7572.579    0.000  -0.138   0.380   0.
  2017 352 21 10 25 488 352.882239453       0.62      1.20     -0.99  0.         415.420       5063.150       7572.511    0.000  -0.138   0.380   0.
  2017 352 21 10 26 488 352.882251027       0.50      1.19     -1.01  0.         414.085       5064.191       7572.443    0.000  -0.138   0.380   0.
  2017 352 21 10 27 488 352.882262601       0.29      1.30     -0.87  0.         412.750       5065.232       7572.374    0.000  -0.138   0.380   0.
  2017 352 21 10 28 488 352.882274175       0.19      1.45     -0.56  0.         411.416       5066.272       7572.305    0.000  -0.138   0.380   0.
  2017 352 21 10 29 488 352.882285749       0.32      1.53     -0.42  0.         410.081       5067.312       7572.235    0.000  -0.138   0.380   0.
  2017 352 21 10 30 488 352.882297323       0.51      1.51     -0.48  0.         408.746       5068.352       7572.165    0.000  -0.138   0.380   0.
  2017 352 21 10 31 488 352.882308898       0.48      1.47     -0.54  0.         407.412       5069.392       7572.095    0.000  -0.138   0.380   0.
  2017 352 21 10 32 488 352.882320472       0.45      1.41     -0.56  0.         406.077       5070.432       7572.024    0.000  -0.138   0.380   0.
  2017 352 21 10 33 488 352.882332046       0.50      1.41     -0.56  0.         404.742       5071.471       7571.952    0.000  -0.138   0.380   0.
  2017 352 21 10 34 488 352.882343620       0.44      1.43     -0.70  0.         403.407       5072.509       7571.881    0.000  -0.138   0.380   0.
  2017 352 21 10 35 488 352.882355194       0.32      1.51     -0.52  0.         402.073       5073.548       7571.808    0.000  -0.138   0.380   0.
  2017 352 21 10 36 488 352.882366768       0.32      1.51     -0.47  0.         400.738       5074.586       7571.736    0.000  -0.138   0.380   0.
  2017 352 21 10 37 488 352.882378342       0.33      1.41     -0.33  0.         399.403       5075.624       7571.663    0.000  -0.138   0.380   0.
  2017 352 21 10 38 488 352.882389916       0.76      1.35     -0.36  0.         398.068       5076.662       7571.589    0.000  -0.138   0.380   0.
  2017 352 21 10 39 488 352.882401490       0.91      1.17     -0.57  0.         396.733       5077.699       7571.515    0.000  -0.138   0.380   0.
  2017 352 21 10 40 488 352.882413064       0.79      1.18     -0.88  0.         395.398       5078.736       7571.441    0.000  -0.138   0.380   0.
  2017 352 21 10 41 488 352.882424638       0.69      1.38     -0.96  0.         394.063       5079.773       7571.366    0.000  -0.138   0.380   0.
  2017 352 21 10 42 488 352.882436212       0.64      1.37     -1.09  0.         392.728       5080.810       7571.291    0.000  -0.138   0.380   0.
  2017 352 21 10 43 488 352.882447786       0.58      1.18     -1.02  0.         391.393       5081.846       7571.216    0.000  -0.138   0.380   0.
  2017 352 21 10 44 488 352.882459361       0.25      1.16     -1.10  0.         390.058       5082.882       7571.140    0.000  -0.138   0.380   0.
  2017 352 21 10 45 488 352.882470935       0.15      1.30     -0.97  0.         388.723       5083.918       7571.063    0.000  -0.138   0.380   0.
  2017 352 21 10 46 488 352.882482509       0.11      1.38     -0.80  0.         387.388       5084.953       7570.986    0.000  -0.138   0.380   0.
  2017 352 21 10 47 488 352.882494083       0.33      1.40     -0.79  0.         386.053       5085.988       7570.909    0.000  -0.138   0.380   0.
  2017 352 21 10 48 488 352.882505657       0.36      1.38     -0.75  0.         384.718       5087.023       7570.831    0.000  -0.138   0.380   0.
  2017 352 21 10 49 488 352.882517231       0.33      1.35     -0.86  0.         383.383       5088.057       7570.753    0.000  -0.138   0.380   0.
  2017 352 21 10 50 488 352.882528805       0.11      1.32     -0.78  0.         382.048       5089.092       7570.675    0.000  -0.138   0.380   0.
  2017 352 21 10 51 488 352.882540379       0.17      1.35     -0.53  0.         380.713       5090.126       7570.596    0.000  -0.138   0.380   0.
  2017 352 21 10 52 488 352.882551953       0.40      1.32     -0.64  0.         379.377       5091.159       7570.516    0.000  -0.138   0.380   0.
  2017 352 21 10 53 488 352.882563526       0.30      1.16     -1.11  0.         378.042       5092.193       7570.436    0.000  -0.138   0.380   0.
  2017 352 21 10 54 488 352.882575098       0.02      1.16     -1.29  0.         376.707       5093.226       7570.356    0.000  -0.138   0.380   0.
  2017 352 21 10 55 488 352.882586672      -0.29      1.32     -1.48  0.         375.372       5094.259       7570.275    0.000  -0.138   0.380   0.
  2017 352 21 10 56 488 352.882598246      -0.37      1.31     -1.22  0.         374.036       5095.291       7570.194    0.000  -0.138   0.380   0.
  2017 352 21 10 57 488 352.882609821      -0.51      1.40     -0.90  0.         372.701       5096.323       7570.113    0.000  -0.138   0.380   0.
  2017 352 21 10 58 488 352.882621395      -0.26      1.60     -0.59  0.         371.366       5097.355       7570.031    0.000  -0.138   0.380   0.
  2017 352 21 10 59 488 352.882632969      -0.21      1.51     -0.60  0.         370.031       5098.387       7569.948    0.000  -0.138   0.380   0.
  2017 352 21 11  0 488 352.882644543      -0.20      1.53     -0.36  0.         368.695       5099.418       7569.865    0.000  -0.138   0.380   0.
  2017 352 21 11  1 488 352.882656117      -0.07      1.48     -0.48  0.         367.360       5100.449       7569.782    0.000  -0.138   0.380   0.
  2017 352 21 11  2 488 352.882667691       0.09      1.50     -0.51  0.         366.024       5101.480       7569.698    0.000  -0.138   0.380   0.
  2017 352 21 11  3 488 352.882679265       0.01      1.44     -0.50  0.         364.689       5102.511       7569.614    0.000  -0.138   0.380   0.
  2017 352 21 11  4 488 352.882690839       0.08      1.40     -0.49  0.         363.354       5103.541       7569.530    0.000  -0.138   0.380   0.
  2017 352 21 11  5 488 352.882702413       0.11      1.42     -0.38  0.         362.018       5104.571       7569.445    0.000  -0.138   0.380   0.
  2017 352 21 11  6 488 352.882713987       0.22      1.37     -0.49  0.         360.683       5105.601       7569.359    0.000  -0.138   0.380   0.
  2017 352 21 11  7 488 352.882725561       0.26      1.41     -0.69  0.         359.347       5106.630       7569.274    0.000  -0.138   0.380   0.
  2017 352 21 11  8 488 352.882737135       0.02      1.50     -0.77  0.         358.012       5107.659       7569.187    0.000  -0.138   0.380   0.
  2017 352 21 11  9 488 352.882748709      -0.13      1.47     -0.68  0.         356.676       5108.688       7569.101    0.000  -0.138   0.380   0.
  2017 352 21 11 10 488 352.882760284      -0.18      1.29     -0.58  0.         355.340       5109.716       7569.014    0.000  -0.138   0.380   0.
  2017 352 21 11 11 488 352.882771858       0.03      1.36     -0.42  0.         354.005       5110.745       7568.926    0.000  -0.138   0.380   0.
  2017 352 21 11 12 488 352.882783432       0.34      1.39     -0.51  0.         352.669       5111.773       7568.838    0.000  -0.138   0.380   0.
  2017 352 21 11 13 488 352.882795006       0.46      1.34     -0.69  0.         351.334       5112.800       7568.750    0.000  -0.138   0.380   0.
  2017 352 21 11 14 488 352.882806580       0.27      1.35     -0.99  0.         349.998       5113.828       7568.661    0.000  -0.138   0.380   0.
  2017 352 21 11 15 488 352.882818154       0.09      1.34     -1.03  0.         348.662       5114.855       7568.572    0.000  -0.138   0.380   0.
  2017 352 21 11 16 488 352.882829728      -0.13      1.25     -1.19  0.         347.327       5115.882       7568.482    0.000  -0.138   0.380   0.
  2017 352 21 11 17 488 352.882841302      -0.36      1.31     -0.99  0.         345.991       5116.908       7568.392    0.000  -0.138   0.380   0.
  2017 352 21 11 18 488 352.882852876      -0.31      1.36     -0.63  0.         344.655       5117.934       7568.302    0.000  -0.138   0.380   0.
  2017 352 21 11 19 488 352.882864450      -0.06      1.39     -0.40  0.         343.320       5118.960       7568.211    0.000  -0.138   0.380   0.
  2017 352 21 11 20 488 352.882876024       0.00      1.46     -0.20  0.         341.984       5119.986       7568.119    0.000  -0.138   0.380   0.
  2017 352 21 11 21 488 352.882887598       0.15      1.46     -0.20  0.         340.648       5121.011       7568.028    0.000  -0.138   0.380   0.
  2017 352 21 11 22 488 352.882899173       0.43      1.46     -0.22  0.         339.312       5122.036       7567.936    0.000  -0.138   0.380   0.
  2017 352 21 11 23 488 352.882910745       0.49      1.39     -0.53  0.         337.976       5123.061       7567.843    0.000  -0.138   0.380   0.
  2017 352 21 11 24 488 352.882922318       0.18      1.44     -0.63  0.         336.641       5124.086       7567.750    0.000  -0.138   0.380   0.
  2017 352 21 11 25 488 352.882933892       0.28      1.48     -0.52  0.         335.305       5125.110       7567.656    0.000  -0.138   0.380   0.
  2017 352 21 11 26 488 352.882945466       0.26      1.39     -0.67  0.         333.969       5126.134       7567.563    0.000  -0.138   0.380   0.
  2017 352 21 11 27 488 352.882957040       0.16      1.37     -0.71  0.         332.633       5127.158       7567.468    0.000  -0.138   0.380   0.
  2017 352 21 11 28 488 352.882968614      -0.04      1.37     -0.86  0.         331.297       5128.181       7567.374    0.000  -0.138   0.380   0.
  2017 352 21 11 29 488 352.882980188      -0.27      1.42     -0.82  0.         329.961       5129.204       7567.279    0.000  -0.138   0.380   0.
  2017 352 21 11 30 488 352.882991762      -0.63      1.44     -0.80  0.         328.625       5130.227       7567.182    0.000  -0.138   0.380   0.
  2017 352 21 11 31 488 352.883003336      -0.63      1.48     -0.41  0.         327.289       5131.249       7567.087    0.000  -0.138   0.380   0.
  2017 352 21 11 32 488 352.883014910      -0.44      1.43     -0.35  0.         325.953       5132.271       7566.991    0.000  -0.138   0.380   0.
  2017 352 21 11 33 488 352.883026484      -0.35      1.56     -0.32  0.         324.617       5133.293       7566.894    0.000  -0.138   0.380   0.
  2017 352 21 11 34 488 352.883038058      -0.21      1.66     -0.11  0.         323.281       5134.315       7566.796    0.000  -0.138   0.380   0.
  2017 352 21 11 35 488 352.883049633      -0.07      1.69     -0.07  0.         321.945       5135.336       7566.699    0.000  -0.138   0.380   0.
  2017 352 21 11 36 488 352.883061207       0.15      1.63     -0.38  0.         320.609       5136.357       7566.601    0.000  -0.138   0.380   0.
  2017 352 21 11 37 488 352.883072781       0.10      1.67     -0.44  0.         319.273       5137.378       7566.502    0.000  -0.138   0.380   0.
  2017 352 21 11 38 488 352.883084355       0.35      1.71     -0.63  0.         317.937       5138.399       7566.403    0.000  -0.138   0.380   0.
  2017 352 21 11 39 488 352.883095929       0.38      1.79     -0.74  0.         316.601       5139.419       7566.304    0.000  -0.138   0.380   0.
  2017 352 21 11 40 488 352.883107503       0.31      1.85     -0.60  0.         315.265       5140.439       7566.204    0.000  -0.138   0.380   0.
  2017 352 21 11 41 488 352.883119077       0.24      1.78     -0.52  0.         313.929       5141.459       7566.104    0.000  -0.138   0.380   0.
  2017 352 21 11 42 488 352.883130651       0.32      1.64     -0.42  0.         312.593       5142.478       7566.003    0.000  -0.138   0.380   0.
  2017 352 21 11 43 488 352.883142225       0.40      1.58     -0.45  0.         311.256       5143.497       7565.902    0.000  -0.138   0.380   0.
  2017 352 21 11 44 488 352.883153799       0.38      1.56     -0.56  0.         309.920       5144.516       7565.801    0.000  -0.138   0.380   0.
  2017 352 21 11 45 488 352.883165373       0.19      1.56     -0.57  0.         308.584       5145.534       7565.699    0.000  -0.138   0.380   0.
  2017 352 21 11 46 488 352.883176947       0.34      1.49     -0.52  0.         307.248       5146.552       7565.596    0.000  -0.138   0.380   0.
  2017 352 21 11 47 488 352.883188521       0.37      1.41     -0.90  0.         305.912       5147.570       7565.494    0.000  -0.138   0.380   0.
  2017 352 21 11 48 488 352.883200096       0.11      1.33     -1.08  0.         304.575       5148.588       7565.390    0.000  -0.138   0.380   0.
  2017 352 21 11 49 488 352.883211670       0.03      1.32     -1.11  0.         303.239       5149.605       7565.287    0.000  -0.138   0.380   0.
  2017 352 21 11 50 488 352.883223244       0.09      1.33     -1.01  0.         301.903       5150.622       7565.183    0.000  -0.138   0.380   0.
  2017 352 21 11 51 488 352.883234818       0.34      1.32     -1.04  0.         300.566       5151.639       7565.078    0.000  -0.138   0.380   0.
  2017 352 21 11 52 488 352.883246392       0.44      1.42     -1.00  0.         299.230       5152.656       7564.973    0.000  -0.138   0.380   0.
  2017 352 21 11 53 488 352.883257965       0.26      1.67     -0.84  0.         297.894       5153.672       7564.868    0.000  -0.138   0.380   0.
  2017 352 21 11 54 487 352.883269537       0.24      1.60     -0.70  0.         296.557       5154.688       7564.762    0.000  -0.138   0.380   0.
  2017 352 21 11 55 487 352.883281111       0.22      1.54     -0.64  0.         295.221       5155.703       7564.656    0.000  -0.138   0.380   0.
  2017 352 21 11 56 487 352.883292685       0.19      1.39     -0.68  0.         293.885       5156.719       7564.550    0.000  -0.138   0.380   0.
  2017 352 21 11 57 487 352.883304259       0.14      1.26     -0.66  0.         292.548       5157.734       7564.443    0.000  -0.138   0.380   0.
  2017 352 21 11 58 487 352.883315833       0.15      1.29     -0.63  0.         291.212       5158.749       7564.335    0.000  -0.138   0.380   0.
  2017 352 21 11 59 488 352.883327407       0.01      1.44     -0.59  0.         289.875       5159.763       7564.228    0.000  -0.138   0.380   0.
  2017 352 21 12  0 488 352.883338982       0.10      1.52     -0.46  0.         288.539       5160.777       7564.119    0.000  -0.138   0.380   0.
  2017 352 21 12  1 487 352.883350556       0.07      1.51     -0.39  0.         287.202       5161.791       7564.011    0.000  -0.138   0.380   0.
  2017 352 21 12  2 487 352.883362130       0.11      1.39     -0.44  0.         285.866       5162.805       7563.902    0.000  -0.138   0.380   0.
  2017 352 21 12  3 488 352.883373704       0.20      1.38     -0.48  0.         284.529       5163.818       7563.792    0.000  -0.138   0.380   0.
  2017 352 21 12  4 488 352.883385278       0.02      1.41     -0.73  0.         283.193       5164.831       7563.682    0.000  -0.138   0.380   0.
  2017 352 21 12  5 488 352.883396852      -0.12      1.46     -0.76  0.         281.856       5165.844       7563.572    0.000  -0.138   0.380   0.
  2017 352 21 12  6 488 352.883408426      -0.30      1.57     -0.63  0.         280.520       5166.856       7563.461    0.000  -0.138   0.380   0.
  2017 352 21 12  7 488 352.883420000      -0.20      1.62     -0.36  0.         279.183       5167.869       7563.350    0.000  -0.138   0.380   0.
  2017 352 21 12  8 487 352.883431574       0.10      1.56     -0.34  0.         277.847       5168.880       7563.238    0.000  -0.138   0.380   0.
  2017 352 21 12  9 487 352.883443148       0.19      1.44     -0.35  0.         276.510       5169.892       7563.126    0.000  -0.138   0.380   0.
  2017 352 21 12 10 487 352.883454722       0.27      1.42     -0.51  0.         275.174       5170.903       7563.014    0.000  -0.138   0.380   0.
  2017 352 21 12 11 487 352.883466296       0.35      1.39     -0.68  0.         273.837       5171.915       7562.901    0.000  -0.138   0.380   0.
  2017 352 21 12 12 488 352.883477870       0.27      1.29     -0.76  0.         272.500       5172.925       7562.788    0.000  -0.138   0.380   0.
  2017 352 21 12 13 488 352.883489444       0.22      1.34     -1.09  0.         271.164       5173.936       7562.674    0.000  -0.138   0.380   0.
  2017 352 21 12 14 487 352.883501019      -0.29      1.40     -1.11  0.         269.827       5174.946       7562.560    0.000  -0.138   0.380   0.
  2017 352 21 12 15 487 352.883512593      -0.54      1.54     -0.71  0.         268.490       5175.956       7562.445    0.000  -0.138   0.380   0.
  2017 352 21 12 16 488 352.883524167      -0.73      1.64     -0.51  0.         267.154       5176.965       7562.330    0.000  -0.138   0.380   0.
  2017 352 21 12 17 488 352.883535741      -0.64      1.67     -0.67  0.         265.817       5177.975       7562.215    0.000  -0.138   0.380   0.
  2017 352 21 12 18 488 352.883547315      -0.67      1.64     -0.80  0.         264.480       5178.984       7562.099    0.000  -0.138   0.380   0.
  2017 352 21 12 19 488 352.883558889      -0.62      1.62     -0.82  0.         263.143       5179.992       7561.983    0.000  -0.138   0.380   0.
  2017 352 21 12 20 488 352.883570463      -0.52      1.47     -0.66  0.         261.807       5181.001       7561.866    0.000  -0.138   0.380   0.
  2017 352 21 12 21 487 352.883582037      -0.22      1.46     -0.56  0.         260.470       5182.009       7561.749    0.000  -0.138   0.380   0.
  2017 352 21 12 22 487 352.883593611       0.03      1.45     -0.57  0.         259.133       5183.017       7561.632    0.000  -0.138   0.380   0.
  2017 352 21 12 23 487 352.883605184       0.26      1.34     -0.64  0.         257.796       5184.024       7561.514    0.000  -0.138   0.380   0.
  2017 352 21 12 24 487 352.883616756       0.46      1.28     -0.99  0.         256.459       5185.032       7561.396    0.000  -0.138   0.380   0.
  2017 352 21 12 25 487 352.883628330       0.05      1.26     -1.26  0.         255.123       5186.039       7561.277    0.000  -0.138   0.380   0.
  2017 352 21 12 26 487 352.883639904      -0.20      1.14     -1.26  0.         253.786       5187.046       7561.158    0.000  -0.138   0.380   0.
  2017 352 21 12 27 487 352.883651479      -0.40      1.17     -1.12  0.         252.449       5188.052       7561.038    0.000  -0.138   0.380   0.
  2017 352 21 12 28 487 352.883663053      -0.50      1.30     -0.86  0.         251.112       5189.058       7560.918    0.000  -0.138   0.380   0.
  2017 352 21 12 29 487 352.883674627      -0.51      1.63     -0.62  0.         249.775       5190.064       7560.798    0.000  -0.138   0.380   0.
  2017 352 21 12 30 487 352.883686201      -0.46      1.73     -0.72  0.         248.438       5191.070       7560.677    0.000  -0.138   0.380   0.
  2017 352 21 12 31 487 352.883697775      -0.37      1.65     -0.70  0.         247.101       5192.075       7560.556    0.000  -0.138   0.380   0.
  2017 352 21 12 32 487 352.883709349      -0.26      1.61     -0.78  0.         245.764       5193.080       7560.434    0.000  -0.138   0.380   0.
  2017 352 21 12 33 487 352.883720923      -0.29      1.57     -0.78  0.         244.427       5194.085       7560.312    0.000  -0.138   0.380   0.
  2017 352 21 12 34 487 352.883732497      -0.17      1.56     -0.72  0.         243.091       5195.089       7560.189    0.000  -0.138   0.380   0.
  2017 352 21 12 35 487 352.883744071      -0.07      1.60     -0.63  0.         241.754       5196.093       7560.066    0.000  -0.138   0.380   0.
  2017 352 21 12 36 487 352.883755645       0.00      1.55     -0.70  0.         240.417       5197.097       7559.943    0.000  -0.138   0.380   0.
  2017 352 21 12 37 487 352.883767219      -0.28      1.67     -0.64  0.         239.080       5198.101       7559.819    0.000  -0.138   0.380   0.
  2017 352 21 12 38 487 352.883778793      -0.71      1.64     -0.54  0.         237.743       5199.104       7559.695    0.000  -0.138   0.380   0.
  2017 352 21 12 39 487 352.883790367      -0.85      1.69     -0.36  0.         236.406       5200.107       7559.570    0.000  -0.138   0.380   0.
  2017 352 21 12 40 487 352.883801942      -0.85      1.72     -0.02  0.         235.068       5201.110       7559.445    0.000  -0.138   0.380   0.
  2017 352 21 12 41 487 352.883813516      -0.38      1.81     -0.22  0.         233.731       5202.112       7559.320    0.000  -0.138   0.380   0.
  2017 352 21 12 42 487 352.883825090      -0.15      1.55     -0.15  0.         232.394       5203.114       7559.194    0.000  -0.138   0.380   0.
  2017 352 21 12 43 487 352.883836664       0.10      1.39     -0.16  0.         231.057       5204.116       7559.068    0.000  -0.138   0.380   0.
  2017 352 21 12 44 487 352.883848238       0.32      1.31     -0.50  0.         229.720       5205.117       7558.941    0.000  -0.138   0.380   0.
  2017 352 21 12 45 487 352.883859812       0.43      1.32     -0.63  0.         228.383       5206.119       7558.814    0.000  -0.138   0.380   0.
  2017 352 21 12 46 487 352.883871386       0.38      1.23     -0.72  0.         227.046       5207.120       7558.686    0.000  -0.138   0.380   0.
  2017 352 21 12 47 487 352.883882960       0.28      1.26     -0.71  0.         225.709       5208.120       7558.558    0.000  -0.138   0.380   0.
  2017 352 21 12 48 487 352.883894534       0.30      1.37     -0.77  0.         224.372       5209.121       7558.430    0.000  -0.138   0.380   0.
  2017 352 21 12 49 487 352.883906108       0.22      1.62     -0.66  0.         223.035       5210.121       7558.301    0.000  -0.138   0.380   0.
  2017 352 21 12 50 487 352.883917682       0.42      2.04     -0.55  0.         221.697       5211.121       7558.172    0.000  -0.138   0.380   0.
  2017 352 21 12 51 487 352.883929256       0.52      1.55     -0.81  0.         220.360       5212.120       7558.042    0.000  -0.138   0.380   0.
  2017 352 21 12 52 487 352.883940830       0.53      1.34     -0.85  0.         219.023       5213.120       7557.912    0.000  -0.138   0.380   0.
  2017 352 21 12 53 487 352.883952404       0.50      1.29     -0.76  0.         217.686       5214.119       7557.782    0.000  -0.138   0.380   0.
  2017 352 21 12 54 487 352.883963976       0.71      1.29     -0.59  0.         216.349       5215.117       7557.651    0.000  -0.138   0.380   0.
  2017 352 21 12 55 487 352.883975550       0.76      1.32     -0.79  0.         215.011       5216.116       7557.520    0.000  -0.138   0.380   0.
  2017 352 21 12 56 487 352.883987124       0.52      1.31     -0.90  0.         213.674       5217.114       7557.388    0.000  -0.138   0.380   0.
  2017 352 21 12 57 487 352.883998698       0.32      1.34     -0.79  0.         212.337       5218.111       7557.256    0.000  -0.138   0.380   0.
  2017 352 21 12 58 487 352.884010272       0.46      1.34     -0.64  0.         211.000       5219.109       7557.123    0.000  -0.138   0.380   0.
  2017 352 21 12 59 487 352.884021846       0.35      1.25     -0.70  0.         209.663       5220.106       7556.990    0.000  -0.138   0.380   0.
  2017 352 21 13  0 487 352.884033420       0.05      1.27     -0.82  0.         208.325       5221.103       7556.857    0.000  -0.138   0.380   0.
  2017 352 21 13  1 487 352.884044994       0.05      1.36     -0.67  0.         206.988       5222.100       7556.723    0.000  -0.138   0.380   0.
  2017 352 21 13  2 487 352.884056568       0.07      1.36     -0.66  0.         205.651       5223.096       7556.589    0.000  -0.138   0.380   0.
  2017 352 21 13  3 487 352.884068142      -0.04      1.43     -0.50  0.         204.313       5224.092       7556.454    0.000  -0.138   0.380   0.
  2017 352 21 13  4 487 352.884079716       0.05      1.47     -0.40  0.         202.976       5225.088       7556.319    0.000  -0.138   0.380   0.
  2017 352 21 13  5 487 352.884091291       0.15      1.44     -0.26  0.         201.639       5226.084       7556.184    0.000  -0.138   0.380   0.
  2017 352 21 13  6 487 352.884102865       0.28      1.47     -0.33  0.         200.301       5227.079       7556.048    0.000  -0.138   0.380   0.
  2017 352 21 13  7 487 352.884114439       0.22      1.49     -0.48  0.         198.964       5228.074       7555.911    0.000  -0.138   0.380   0.
  2017 352 21 13  8 487 352.884126013       0.08      1.59     -0.50  0.         197.627       5229.068       7555.775    0.000  -0.138   0.380   0.
  2017 352 21 13  9 487 352.884137587      -0.01      1.54     -0.62  0.         196.289       5230.063       7555.638    0.000  -0.138   0.380   0.
  2017 352 21 13 10 487 352.884149161      -0.14      1.37     -0.59  0.         194.952       5231.057       7555.500    0.000  -0.138   0.380   0.
  2017 352 21 13 11 487 352.884160735       0.06      1.24     -0.69  0.         193.614       5232.051       7555.362    0.000  -0.138   0.380   0.
  2017 352 21 13 12 487 352.884172309       0.41      1.34     -0.99  0.         192.277       5233.044       7555.224    0.000  -0.138   0.380   0.
  2017 352 21 13 13 487 352.884183883       0.42      1.44     -0.69  0.         190.940       5234.037       7555.085    0.000  -0.138   0.380   0.
  2017 352 21 13 14 487 352.884195457       0.15      1.44     -0.51  0.         189.602       5235.030       7554.946    0.000  -0.138   0.380   0.
  2017 352 21 13 15 487 352.884207031       0.04      1.43     -0.48  0.         188.265       5236.023       7554.806    0.000  -0.138   0.380   0.
  2017 352 21 13 16 487 352.884218605      -0.05      1.57     -0.45  0.         186.927       5237.016       7554.666    0.000  -0.138   0.380   0.
  2017 352 21 13 17 487 352.884230179      -0.46      1.53     -0.38  0.         185.590       5238.008       7554.525    0.000  -0.138   0.380   0.
  2017 352 21 13 18 487 352.884241754      -0.87      1.59      0.10  0.         184.252       5238.999       7554.385    0.000  -0.138   0.380   0.
  2017 352 21 13 19 487 352.884253328      -0.46      1.70      0.10  0.         182.915       5239.991       7554.243    0.000  -0.138   0.380   0.
  2017 352 21 13 20 487 352.884264902      -0.28      1.83      0.15  0.         181.577       5240.982       7554.102    0.000  -0.138   0.380   0.
  2017 352 21 13 21 487 352.884276475      -0.05      1.73     -0.02  0.         180.240       5241.973       7553.959    0.000  -0.138   0.380   0.
  2017 352 21 13 22 487 352.884288047      -0.10      1.59     -0.20  0.         178.902       5242.963       7553.817    0.000  -0.138   0.380   0.
  2017 352 21 13 23 487 352.884299621      -0.20      1.55     -0.21  0.         177.565       5243.953       7553.674    0.000  -0.138   0.380   0.
  2017 352 21 13 24 487 352.884311195      -0.02      1.51     -0.47  0.         176.227       5244.944       7553.531    0.000  -0.138   0.380   0.
  2017 352 21 13 25 487 352.884322769      -0.07      1.57     -0.52  0.         174.890       5245.933       7553.387    0.000  -0.138   0.380   0.
  2017 352 21 13 26 487 352.884334343       0.06      1.61     -0.63  0.         173.552       5246.923       7553.242    0.000  -0.138   0.380   0.
  2017 352 21 13 27 487 352.884345917      -0.10      1.58     -0.67  0.         172.215       5247.912       7553.098    0.000  -0.138   0.380   0.
  2017 352 21 13 28 487 352.884357491      -0.06      1.48     -0.54  0.         170.877       5248.901       7552.953    0.000  -0.138   0.380   0.
  2017 352 21 13 29 487 352.884369065       0.04      1.38     -0.65  0.         169.540       5249.889       7552.807    0.000  -0.138   0.380   0.
  2017 352 21 13 30 487 352.884380639       0.06      1.35     -0.65  0.         168.202       5250.878       7552.661    0.000  -0.138   0.380   0.
  2017 352 21 13 31 487 352.884392214       0.26      1.28     -0.77  0.         166.864       5251.866       7552.515    0.000  -0.138   0.380   0.
  2017 352 21 13 32 487 352.884403788       0.22      1.26     -0.93  0.         165.527       5252.853       7552.368    0.000  -0.138   0.380   0.
  2017 352 21 13 33 487 352.884415362       0.18      1.27     -0.99  0.         164.189       5253.841       7552.221    0.000  -0.138   0.380   0.
  2017 352 21 13 34 487 352.884426936      -0.08      1.45     -1.57  0.         162.851       5254.828       7552.074    0.000  -0.138   0.380   0.
  2017 352 21 13 35 487 352.884438510      -0.72      1.43     -1.42  0.         161.514       5255.815       7551.926    0.000  -0.138   0.380   0.
  2017 352 21 13 36 487 352.884450084      -1.14      1.54     -0.79  0.         160.176       5256.801       7551.777    0.000  -0.138   0.380   0.
  2017 352 21 13 37 487 352.884461658      -0.88      1.58     -0.20  0.         158.839       5257.788       7551.629    0.000  -0.138   0.380   0.
  2017 352 21 13 38 487 352.884473232      -0.30      1.74     -0.26  0.         157.501       5258.774       7551.479    0.000  -0.138   0.380   0.
  2017 352 21 13 39 487 352.884484806      -0.02      1.50     -0.44  0.         156.163       5259.759       7551.330    0.000  -0.138   0.380   0.
  2017 352 21 13 40 487 352.884496380       0.01      1.38     -0.79  0.         154.826       5260.745       7551.180    0.000  -0.138   0.380   0.
  2017 352 21 13 41 487 352.884507954      -0.23      1.27     -1.03  0.         153.488       5261.730       7551.029    0.000  -0.138   0.380   0.
  2017 352 21 13 42 487 352.884519528      -0.30      1.30     -0.78  0.         152.150       5262.715       7550.878    0.000  -0.138   0.380   0.
  2017 352 21 13 43 487 352.884531102      -0.03      1.41     -0.80  0.         150.812       5263.699       7550.727    0.000  -0.138   0.380   0.
  2017 352 21 13 44 487 352.884542677      -0.09      1.33     -1.05  0.         149.475       5264.684       7550.576    0.000  -0.138   0.380   0.
  2017 352 21 13 45 487 352.884554251      -0.08      1.32     -1.16  0.         148.137       5265.668       7550.423    0.000  -0.138   0.380   0.
  2017 352 21 13 46 487 352.884565825      -0.10      1.26     -1.13  0.         146.799       5266.651       7550.271    0.000  -0.138   0.380   0.
  2017 352 21 13 47 487 352.884577399      -0.01      1.21     -1.25  0.         145.462       5267.635       7550.118    0.000  -0.138   0.380   0.
  2017 352 21 13 48 487 352.884588973      -0.09      1.22     -1.23  0.         144.124       5268.618       7549.965    0.000  -0.138   0.380   0.
  2017 352 21 13 49 487 352.884600547       0.01      1.30     -1.44  0.         142.786       5269.601       7549.811    0.000  -0.138   0.380   0.
  2017 352 21 13 50 487 352.884612121      -0.34      1.29     -1.48  0.         141.448       5270.583       7549.657    0.000  -0.138   0.380   0.
  2017 352 21 13 51 486 352.884623694      -0.57      1.34     -0.96  0.         140.111       5271.565       7549.502    0.000  -0.138   0.380   0.
  2017 352 21 13 52 486 352.884635266      -0.15      1.46     -0.78  0.         138.773       5272.547       7549.347    0.000  -0.138   0.380   0.
  2017 352 21 13 53 486 352.884646840       0.05      1.43     -0.94  0.         137.435       5273.529       7549.192    0.000  -0.138   0.380   0.
  2017 352 21 13 54 487 352.884658414      -0.14      1.50     -0.98  0.         136.097       5274.510       7549.036    0.000  -0.138   0.380   0.
  2017 352 21 13 55 487 352.884669988      -0.27      1.43     -0.95  0.         134.760       5275.492       7548.880    0.000  -0.138   0.380   0.
  2017 352 21 13 56 487 352.884681563      -0.33      1.39     -0.62  0.         133.422       5276.472       7548.723    0.000  -0.138   0.380   0.
  2017 352 21 13 57 486 352.884693137      -0.07      1.49     -0.45  0.         132.084       5277.453       7548.566    0.000  -0.138   0.380   0.
  2017 352 21 13 58 486 352.884704711       0.02      1.55     -0.42  0.         130.746       5278.433       7548.408    0.000  -0.138   0.380   0.
  2017 352 21 13 59 487 352.884716285       0.09      1.64     -0.53  0.         129.408       5279.413       7548.250    0.000  -0.138   0.380   0.
  2017 352 21 14  0 487 352.884727859       0.14      1.51     -0.72  0.         128.070       5280.393       7548.092    0.000  -0.138   0.380   0.
  2017 352 21 14  1 487 352.884739433      -0.18      1.47     -0.51  0.         126.733       5281.372       7547.933    0.000  -0.138   0.380   0.
  2017 352 21 14  2 487 352.884751007      -0.15      1.44     -0.35  0.         125.395       5282.351       7547.774    0.000  -0.138   0.380   0.
  2017 352 21 14  3 486 352.884762581      -0.14      1.45     -0.40  0.         124.057       5283.330       7547.614    0.000  -0.138   0.380   0.
  2017 352 21 14  4 486 352.884774155       0.08      1.57     -0.55  0.         122.719       5284.308       7547.454    0.000  -0.138   0.380   0.
  2017 352 21 14  5 486 352.884785729      -0.11      1.52     -0.56  0.         121.381       5285.287       7547.295    0.000  -0.138   0.380   0.
  2017 352 21 14  6 486 352.884797303      -0.01      1.62     -0.61  0.         120.043       5286.265       7547.134    0.000  -0.138   0.380   0.
  2017 352 21 14  7 486 352.884808877      -0.03      1.61     -0.74  0.         118.705       5287.242       7546.972    0.000  -0.138   0.380   0.
  2017 352 21 14  8 487 352.884820451      -0.19      1.75     -0.47  0.         117.368       5288.219       7546.811    0.000  -0.138   0.380   0.
  2017 352 21 14  9 487 352.884832025       0.13      1.77     -0.10  0.         116.030       5289.197       7546.649    0.000  -0.138   0.380   0.
  2017 352 21 14 10 486 352.884843600       0.35      1.77     -0.07  0.         114.692       5290.173       7546.486    0.000  -0.138   0.380   0.
  2017 352 21 14 11 486 352.884855174       0.22      1.58     -0.51  0.         113.354       5291.150       7546.323    0.000  -0.138   0.380   0.
  2017 352 21 14 12 487 352.884866748      -0.23      1.69     -0.36  0.         112.016       5292.126       7546.160    0.000  -0.138   0.380   0.
  2017 352 21 14 13 487 352.884878322      -0.29      1.63     -0.00  0.         110.678       5293.102       7545.996    0.000  -0.138   0.380   0.
  2017 352 21 14 14 487 352.884889896      -0.06      1.59      0.00  0.         109.340       5294.077       7545.832    0.000  -0.138   0.380   0.
  2017 352 21 14 15 487 352.884901470       0.02      1.80     -0.37  0.         108.002       5295.053       7545.668    0.000  -0.138   0.380   0.
  2017 352 21 14 16 487 352.884913044      -0.29      2.00     -0.33  0.         106.664       5296.028       7545.503    0.000  -0.138   0.380   0.
  2017 352 21 14 17 486 352.884924618      -0.47      1.93      0.14  0.         105.326       5297.002       7545.338    0.000  -0.138   0.380   0.
  2017 352 21 14 18 486 352.884936192       0.00      1.63      0.64  0.         103.988       5297.977       7545.172    0.000  -0.138   0.380   0.
  2017 352 21 14 19 486 352.884947766       1.02      1.65      0.20  0.         102.650       5298.951       7545.006    0.000  -0.138   0.380   0.
  2017 352 21 14 20 486 352.884959340       1.14      1.44     -0.30  0.         101.312       5299.925       7544.839    0.000  -0.138   0.380   0.
  2017 352 21 14 21 486 352.884970914       1.13      1.29     -0.80  0.          99.974       5300.899       7544.672    0.000  -0.138   0.380   0.
  2017 352 21 14 22 487 352.884982488       0.78      1.15     -1.03  0.          98.637       5301.872       7544.505    0.000  -0.138   0.380   0.
  2017 352 21 14 23 487 352.884994062       0.68      1.26     -1.13  0.          97.299       5302.845       7544.337    0.000  -0.138   0.380   0.
  2017 352 21 14 24 486 352.885005634       0.19      1.27     -1.59  0.          95.961       5303.818       7544.169    0.000  -0.138   0.380   0.
  2017 352 21 14 25 486 352.885017208      -0.25      1.20     -1.60  0.          94.623       5304.790       7544.000    0.000  -0.138   0.380   0.
  2017 352 21 14 26 486 352.885028782      -0.62      1.26     -1.24  0.          93.285       5305.762       7543.831    0.000  -0.138   0.380   0.
  2017 352 21 14 27 486 352.885040356      -0.45      1.34     -0.96  0.          91.947       5306.734       7543.662    0.000  -0.138   0.380   0.
  2017 352 21 14 28 486 352.885051930      -0.25      1.36     -0.78  0.          90.609       5307.706       7543.492    0.000  -0.138   0.380   0.
  2017 352 21 14 29 486 352.885063504       0.09      1.38     -0.62  0.          89.271       5308.677       7543.321    0.000  -0.138   0.380   0.
  2017 352 21 14 30 486 352.885075078       0.20      1.48     -0.84  0.          87.933       5309.648       7543.151    0.000  -0.138   0.380   0.
  2017 352 21 14 31 486 352.885086652       0.01      1.50     -0.86  0.          86.595       5310.619       7542.980    0.000  -0.138   0.380   0.
  2017 352 21 14 32 486 352.885098226       0.20      1.46     -0.52  0.          85.257       5311.589       7542.808    0.000  -0.138   0.380   0.
  2017 352 21 14 33 486 352.885109800       0.37      1.33     -0.67  0.          83.919       5312.559       7542.636    0.000  -0.138   0.380   0.
  2017 352 21 14 34 486 352.885121374       0.12      1.35     -0.69  0.          82.581       5313.529       7542.464    0.000  -0.138   0.380   0.
  2017 352 21 14 35 486 352.885132948       0.11      1.41     -1.07  0.          81.243       5314.498       7542.291    0.000  -0.138   0.380   0.
  2017 352 21 14 36 486 352.885144523      -0.07      1.45     -1.14  0.          79.904       5315.468       7542.118    0.000  -0.138   0.380   0.
  2017 352 21 14 37 486 352.885156097      -0.16      1.47     -0.77  0.          78.566       5316.437       7541.944    0.000  -0.138   0.380   0.
  2017 352 21 14 38 486 352.885167671       0.11      1.54     -0.90  0.          77.228       5317.405       7541.770    0.000  -0.138   0.380   0.
  2017 352 21 14 39 486 352.885179245       0.50      1.60     -0.58  0.          75.890       5318.374       7541.596    0.000  -0.138   0.380   0.
  2017 352 21 14 40 486 352.885190819       0.59      1.45     -0.62  0.          74.552       5319.342       7541.421    0.000  -0.138   0.380   0.
  2017 352 21 14 41 486 352.885202393       0.18      1.53     -0.97  0.          73.214       5320.309       7541.246    0.000  -0.138   0.380   0.
  2017 352 21 14 42 486 352.885213967      -0.09      1.47     -0.87  0.          71.876       5321.277       7541.071    0.000  -0.138   0.380   0.
  2017 352 21 14 43 486 352.885225541       0.13      1.53     -0.59  0.          70.538       5322.244       7540.894    0.000  -0.138   0.380   0.
  2017 352 21 14 44 486 352.885237115       0.26      1.52     -0.76  0.          69.200       5323.211       7540.718    0.000  -0.138   0.380   0.
  2017 352 21 14 45 486 352.885248689       0.05      1.55     -0.85  0.          67.862       5324.178       7540.541    0.000  -0.138   0.380   0.
  2017 352 21 14 46 486 352.885260263      -0.05      1.55     -0.71  0.          66.524       5325.144       7540.364    0.000  -0.138   0.380   0.
  2017 352 21 14 47 486 352.885271837       0.03      1.60     -0.57  0.          65.186       5326.110       7540.186    0.000  -0.138   0.380   0.
  2017 352 21 14 48 486 352.885283411      -0.10      1.46     -0.79  0.          63.848       5327.076       7540.008    0.000  -0.138   0.380   0.
  2017 352 21 14 49 486 352.885294986      -0.02      1.34     -0.69  0.          62.510       5328.041       7539.830    0.000  -0.138   0.380   0.
  2017 352 21 14 50 486 352.885306560      -0.07      1.31     -0.79  0.          61.172       5329.007       7539.651    0.000  -0.138   0.380   0.
  2017 352 21 14 51 486 352.885318133      -0.26      1.32     -0.93  0.          59.834       5329.971       7539.471    0.000  -0.138   0.380   0.
  2017 352 21 14 52 486 352.885329705      -0.39      1.47     -0.94  0.          58.495       5330.936       7539.292    0.000  -0.138   0.380   0.
  2017 352 21 14 53 486 352.885341279      -0.60      1.56     -0.65  0.          57.157       5331.900       7539.111    0.000  -0.138   0.380   0.
  2017 352 21 14 54 486 352.885352853      -0.44      1.56     -0.53  0.          55.819       5332.865       7538.931    0.000  -0.138   0.380   0.
  2017 352 21 14 55 486 352.885364427      -0.09      1.48     -0.58  0.          54.481       5333.828       7538.750    0.000  -0.138   0.380   0.
  2017 352 21 14 56 486 352.885376001      -0.01      1.48     -0.95  0.          53.143       5334.792       7538.569    0.000  -0.138   0.380   0.
  2017 352 21 14 57 486 352.885387575      -0.34      1.32     -0.98  0.          51.805       5335.755       7538.387    0.000  -0.138   0.380   0.
  2017 352 21 14 58 486 352.885399149      -0.30      1.38     -1.02  0.          50.467       5336.718       7538.205    0.000  -0.138   0.380   0.
  2017 352 21 14 59 486 352.885410723      -0.50      1.43     -0.91  0.          49.129       5337.680       7538.022    0.000  -0.138   0.380   0.
  2017 352 21 15  0 486 352.885422297      -0.52      1.42     -0.77  0.          47.791       5338.643       7537.839    0.000  -0.138   0.380   0.
  2017 352 21 15  1 486 352.885433872      -0.57      1.43     -0.76  0.          46.453       5339.605       7537.656    0.000  -0.138   0.380   0.
  2017 352 21 15  2 486 352.885445446      -0.56      1.47     -0.67  0.          45.114       5340.566       7537.472    0.000  -0.138   0.380   0.
  2017 352 21 15  3 486 352.885457020      -0.30      1.50     -0.63  0.          43.776       5341.528       7537.288    0.000  -0.138   0.380   0.
  2017 352 21 15  4 486 352.885468594       0.01      1.43     -0.76  0.          42.438       5342.489       7537.103    0.000  -0.138   0.380   0.
  2017 352 21 15  5 486 352.885480168      -0.16      1.46     -0.71  0.          41.100       5343.450       7536.918    0.000  -0.138   0.380   0.
  2017 352 21 15  6 486 352.885491742      -0.02      1.56     -0.50  0.          39.762       5344.410       7536.732    0.000  -0.138   0.380   0.
  2017 352 21 15  7 486 352.885503316       0.07      1.58     -0.52  0.          38.424       5345.371       7536.546    0.000  -0.138   0.380   0.
  2017 352 21 15  8 486 352.885514890      -0.13      1.64     -0.61  0.          37.086       5346.331       7536.360    0.000  -0.138   0.380   0.
  2017 352 21 15  9 486 352.885526464       0.03      1.67     -0.55  0.          35.747       5347.290       7536.174    0.000  -0.138   0.380   0.
  2017 352 21 15 10 486 352.885538038       0.11      1.67     -0.82  0.          34.409       5348.250       7535.986    0.000  -0.138   0.380   0.
  2017 352 21 15 11 486 352.885549612       0.05      1.51     -1.13  0.          33.071       5349.209       7535.799    0.000  -0.138   0.380   0.
  2017 352 21 15 12 486 352.885561186      -0.19      1.51     -0.99  0.          31.733       5350.168       7535.611    0.000  -0.138   0.380   0.
  2017 352 21 15 13 486 352.885572760      -0.13      1.64     -0.75  0.          30.395       5351.126       7535.423    0.000  -0.138   0.380   0.
  2017 352 21 15 14 486 352.885584335      -0.10      1.61     -0.50  0.          29.057       5352.084       7535.234    0.000  -0.138   0.380   0.
  2017 352 21 15 15 486 352.885595909       0.01      1.61     -0.33  0.          27.719       5353.042       7535.045    0.000  -0.138   0.380   0.
  2017 352 21 15 16 486 352.885607483       0.22      1.46     -0.46  0.          26.380       5354.000       7534.855    0.000  -0.138   0.380   0.
  2017 352 21 15 17 486 352.885619057       0.25      1.37     -0.50  0.          25.042       5354.957       7534.665    0.000  -0.138   0.380   0.
  2017 352 21 15 18 486 352.885630631       0.32      1.58     -0.47  0.          23.704       5355.914       7534.475    0.000  -0.138   0.380   0.
  2017 352 21 15 19 486 352.885642205       0.26      1.74     -0.53  0.          22.366       5356.871       7534.284    0.000  -0.138   0.380   0.
  2017 352 21 15 20 486 352.885653779       0.11      1.67     -0.72  0.          21.028       5357.828       7534.093    0.000  -0.138   0.380   0.
  2017 352 21 15 21 486 352.885665352      -0.29      1.63     -0.54  0.          19.690       5358.784       7533.901    0.000  -0.138   0.380   0.
  2017 352 21 15 22 486 352.885676924       0.01      1.78     -0.03  0.          18.352       5359.740       7533.709    0.000  -0.138   0.380   0.
  2017 352 21 15 23 486 352.885688498       0.30      1.69     -0.41  0.          17.013       5360.695       7533.517    0.000  -0.138   0.380   0.
  2017 352 21 15 24 486 352.885700072       0.23      1.71     -0.53  0.          15.675       5361.651       7533.324    0.000  -0.138   0.380   0.
  2017 352 21 15 25 486 352.885711646       0.17      1.54     -0.64  0.          14.337       5362.606       7533.131    0.000  -0.138   0.380   0.
  2017 352 21 15 26 486 352.885723221       0.07      1.46     -0.80  0.          12.999       5363.561       7532.937    0.000  -0.138   0.380   0.
  2017 352 21 15 27 486 352.885734795      -0.15      1.43     -0.85  0.          11.661       5364.515       7532.743    0.000  -0.138   0.380   0.
  2017 352 21 15 28 486 352.885746369      -0.25      1.47     -0.73  0.          10.323       5365.469       7532.549    0.000  -0.138   0.380   0.
  2017 352 21 15 29 486 352.885757943      -0.12      1.50     -0.58  0.           8.985       5366.423       7532.354    0.000  -0.138   0.380   0.
  2017 352 21 15 30 486 352.885769517      -0.05      1.48     -0.57  0.           7.646       5367.377       7532.159    0.000  -0.138   0.380   0.
  2017 352 21 15 31 486 352.885781091      -0.00      1.50     -0.57  0.           6.308       5368.330       7531.963    0.000  -0.138   0.380   0.
  2017 352 21 15 32 486 352.885792665      -0.08      1.56     -0.63  0.           4.970       5369.283       7531.767    0.000  -0.138   0.380   0.
  2017 352 21 15 33 486 352.885804239      -0.03      1.54     -0.62  0.           3.632       5370.236       7531.570    0.000  -0.138   0.380   0.
  2017 352 21 15 34 486 352.885815813       0.00      1.50     -0.58  0.           2.294       5371.188       7531.373    0.000  -0.138   0.380   0.
  2017 352 21 15 35 486 352.885827387      -0.04      1.48     -0.56  0.           0.956       5372.140       7531.176    0.000  -0.138   0.380   0.
  2017 352 21 15 36 486 352.885838961      -0.03      1.44     -0.62  0.          -0.383       5373.092       7530.979    0.000  -0.138   0.380   0.
  2017 352 21 15 37 486 352.885850535      -0.22      1.44     -0.57  0.          -1.721       5374.044       7530.780    0.000  -0.138   0.380   0.
  2017 352 21 15 38 486 352.885862109      -0.14      1.56     -0.39  0.          -3.059       5374.995       7530.582    0.000  -0.138   0.380   0.
  2017 352 21 15 39 486 352.885873683       0.05      1.42     -0.57  0.          -4.397       5375.946       7530.383    0.000  -0.138   0.380   0.
  2017 352 21 15 40 486 352.885885258      -0.19      1.33     -0.83  0.          -5.735       5376.897       7530.184    0.000  -0.138   0.380   0.
  2017 352 21 15 41 486 352.885896832      -0.35      1.57     -0.57  0.          -7.073       5377.847       7529.984    0.000  -0.138   0.380   0.
  2017 352 21 15 42 486 352.885908406      -0.05      1.73     -0.16  0.          -8.412       5378.797       7529.784    0.000  -0.138   0.380   0.
  2017 352 21 15 43 486 352.885919980       0.23      1.46     -0.73  0.          -9.750       5379.747       7529.583    0.000  -0.138   0.380   0.
  2017 352 21 15 44 486 352.885931554       0.25      1.47     -0.46  0.         -11.088       5380.697       7529.382    0.000  -0.138   0.380   0.
  2017 352 21 15 45 486 352.885943128       0.07      1.65     -0.16  0.         -12.426       5381.646       7529.181    0.000  -0.138   0.380   0.
  2017 352 21 15 46 486 352.885954702       0.30      1.63     -0.33  0.         -13.764       5382.595       7528.979    0.000  -0.138   0.380   0.
  2017 352 21 15 47 486 352.885966276       0.29      1.54     -0.50  0.         -15.102       5383.543       7528.777    0.000  -0.138   0.380   0.
  2017 352 21 15 48 486 352.885977850       0.16      1.52     -0.51  0.         -16.440       5384.492       7528.574    0.000  -0.138   0.380   0.
  2017 352 21 15 49 486 352.885989424       0.30      1.40     -0.69  0.         -17.779       5385.440       7528.371    0.000  -0.138   0.380   0.
  2017 352 21 15 50 486 352.886000998       0.18      1.30     -0.84  0.         -19.117       5386.388       7528.168    0.000  -0.138   0.380   0.
  2017 352 21 15 51 486 352.886012571       0.11      1.39     -0.78  0.         -20.455       5387.335       7527.964    0.000  -0.138   0.380   0.
  2017 352 21 15 52 485 352.886024144       0.07      1.39     -0.77  0.         -21.793       5388.283       7527.760    0.000  -0.138   0.380   0.
  2017 352 21 15 53 485 352.886035718       0.02      1.41     -0.77  0.         -23.131       5389.229       7527.555    0.000  -0.138   0.380   0.
  2017 352 21 15 54 486 352.886047292      -0.23      1.48     -0.85  0.         -24.469       5390.176       7527.350    0.000  -0.138   0.380   0.
  2017 352 21 15 55 486 352.886058866      -0.26      1.47     -0.60  0.         -25.808       5391.122       7527.145    0.000  -0.138   0.380   0.
  2017 352 21 15 56 486 352.886070440      -0.05      1.43     -0.71  0.         -27.146       5392.068       7526.939    0.000  -0.138   0.380   0.
  2017 352 21 15 57 486 352.886082014      -0.28      1.53     -0.84  0.         -28.484       5393.014       7526.733    0.000  -0.138   0.380   0.
  2017 352 21 15 58 486 352.886093588      -0.32      1.55     -0.37  0.         -29.822       5393.960       7526.526    0.000  -0.138   0.380   0.
  2017 352 21 15 59 485 352.886105162      -0.01      1.44     -0.72  0.         -31.160       5394.905       7526.319    0.000  -0.138   0.380   0.
  2017 352 21 16  0 485 352.886116736      -0.32      1.41     -1.02  0.         -32.498       5395.850       7526.111    0.000  -0.138   0.380   0.
  2017 352 21 16  1 485 352.886128310      -0.37      1.52     -0.81  0.         -33.836       5396.794       7525.904    0.000  -0.138   0.380   0.
  2017 352 21 16  2 485 352.886139884      -0.45      1.56     -0.54  0.         -35.175       5397.738       7525.695    0.000  -0.138   0.380   0.
  2017 352 21 16  3 485 352.886151458      -0.59      1.84     -0.37  0.         -36.513       5398.682       7525.486    0.000  -0.138   0.380   0.
  2017 352 21 16  4 486 352.886163032      -0.43      2.00     -0.35  0.         -37.851       5399.626       7525.277    0.000  -0.138   0.380   0.
  2017 352 21 16  5 486 352.886174606      -0.26      1.93     -0.29  0.         -39.189       5400.570       7525.068    0.000  -0.138   0.380   0.
  2017 352 21 16  6 485 352.886186181      -0.07      1.65     -0.51  0.         -40.527       5401.513       7524.858    0.000  -0.138   0.380   0.
  2017 352 21 16  7 485 352.886197755      -0.03      1.62     -0.61  0.         -41.865       5402.456       7524.648    0.000  -0.138   0.380   0.
  2017 352 21 16  8 486 352.886209329      -0.06      1.71     -0.47  0.         -43.203       5403.398       7524.437    0.000  -0.138   0.380   0.
  2017 352 21 16  9 486 352.886220903      -0.14      1.61     -0.61  0.         -44.541       5404.341       7524.226    0.000  -0.138   0.380   0.
  2017 352 21 16 10 486 352.886232477      -0.24      1.60     -0.21  0.         -45.879       5405.283       7524.014    0.000  -0.138   0.380   0.
  2017 352 21 16 11 486 352.886244051       0.20      1.79     -0.33  0.         -47.218       5406.224       7523.802    0.000  -0.138   0.380   0.
  2017 352 21 16 12 485 352.886255625       0.20      1.73     -0.40  0.         -48.556       5407.166       7523.590    0.000  -0.138   0.380   0.
  2017 352 21 16 13 485 352.886267199       0.35      1.63     -0.54  0.         -49.894       5408.107       7523.377    0.000  -0.138   0.380   0.
  2017 352 21 16 14 485 352.886278773       0.21      1.59     -0.50  0.         -51.232       5409.048       7523.164    0.000  -0.138   0.380   0.
  2017 352 21 16 15 485 352.886290347       0.34      1.58     -0.48  0.         -52.570       5409.988       7522.951    0.000  -0.138   0.380   0.
  2017 352 21 16 16 485 352.886301921       0.26      1.55     -0.66  0.         -53.908       5410.928       7522.737    0.000  -0.138   0.380   0.
  2017 352 21 16 17 486 352.886313495       0.32      1.63     -0.41  0.         -55.246       5411.868       7522.522    0.000  -0.138   0.380   0.
  2017 352 21 16 18 486 352.886325069       0.44      1.56     -0.32  0.         -56.584       5412.808       7522.308    0.000  -0.138   0.380   0.
  2017 352 21 16 19 485 352.886336644       0.52      1.51     -0.60  0.         -57.922       5413.747       7522.092    0.000  -0.138   0.380   0.
  2017 352 21 16 20 485 352.886348218       0.33      1.49     -0.63  0.         -59.261       5414.687       7521.877    0.000  -0.138   0.380   0.
  2017 352 21 16 21 486 352.886359791       0.41      1.56     -0.56  0.         -60.599       5415.625       7521.661    0.000  -0.138   0.380   0.
  2017 352 21 16 22 485 352.886371363       0.33      1.47     -0.63  0.         -61.937       5416.564       7521.444    0.000  -0.138   0.380   0.
  2017 352 21 16 23 485 352.886382937       0.16      1.41     -0.73  0.         -63.275       5417.502       7521.228    0.000  -0.138   0.380   0.
  2017 352 21 16 24 485 352.886394511       0.01      1.43     -0.64  0.         -64.613       5418.440       7521.010    0.000  -0.138   0.380   0.
  2017 352 21 16 25 485 352.886406085       0.07      1.50     -0.60  0.         -65.951       5419.378       7520.793    0.000  -0.138   0.380   0.
  2017 352 21 16 26 485 352.886417659      -0.25      1.48     -0.57  0.         -67.289       5420.315       7520.575    0.000  -0.138   0.380   0.
  2017 352 21 16 27 485 352.886429233      -0.19      1.59     -0.15  0.         -68.627       5421.252       7520.356    0.000  -0.138   0.380   0.
  2017 352 21 16 28 485 352.886440807       0.17      1.58      0.01  0.         -69.965       5422.189       7520.138    0.000  -0.138   0.380   0.
  2017 352 21 16 29 485 352.886452381       0.37      1.51     -0.04  0.         -71.303       5423.125       7519.918    0.000  -0.138   0.380   0.
  2017 352 21 16 30 485 352.886463955       0.49      1.49     -0.32  0.         -72.641       5424.061       7519.699    0.000  -0.138   0.380   0.
  2017 352 21 16 31 485 352.886475530       0.47      1.50     -0.59  0.         -73.979       5424.997       7519.479    0.000  -0.138   0.380   0.
  2017 352 21 16 32 485 352.886487104       0.37      1.53     -0.61  0.         -75.317       5425.933       7519.258    0.000  -0.138   0.380   0.
  2017 352 21 16 33 485 352.886498678       0.28      1.67     -0.76  0.         -76.655       5426.868       7519.037    0.000  -0.138   0.380   0.
  2017 352 21 16 34 485 352.886510252       0.19      1.73     -1.00  0.         -77.993       5427.803       7518.816    0.000  -0.138   0.380   0.
  2017 352 21 16 35 485 352.886521826      -0.01      1.56     -0.90  0.         -79.331       5428.738       7518.595    0.000  -0.138   0.380   0.
  2017 352 21 16 36 485 352.886533400       0.01      1.52     -1.11  0.         -80.669       5429.672       7518.373    0.000  -0.138   0.380   0.
  2017 352 21 16 37 485 352.886544974      -0.14      1.45     -0.84  0.         -82.007       5430.606       7518.150    0.000  -0.138   0.380   0.
  2017 352 21 16 38 485 352.886556548      -0.07      1.49     -0.48  0.         -83.345       5431.540       7517.927    0.000  -0.138   0.380   0.
  2017 352 21 16 39 485 352.886568122       0.21      1.45     -0.42  0.         -84.683       5432.474       7517.704    0.000  -0.138   0.380   0.
  2017 352 21 16 40 485 352.886579696       0.35      1.52     -0.59  0.         -86.021       5433.407       7517.480    0.000  -0.138   0.380   0.
  2017 352 21 16 41 485 352.886591270       0.17      1.42     -0.87  0.         -87.359       5434.340       7517.257    0.000  -0.138   0.380   0.
  2017 352 21 16 42 485 352.886602844      -0.10      1.42     -0.80  0.         -88.697       5435.273       7517.032    0.000  -0.138   0.380   0.
  2017 352 21 16 43 485 352.886614418      -0.15      1.44     -0.64  0.         -90.035       5436.205       7516.807    0.000  -0.138   0.380   0.
  2017 352 21 16 44 485 352.886625992      -0.30      1.54     -0.57  0.         -91.373       5437.137       7516.582    0.000  -0.138   0.380   0.
  2017 352 21 16 45 485 352.886637567      -0.25      1.58     -0.48  0.         -92.711       5438.069       7516.356    0.000  -0.138   0.380   0.
  2017 352 21 16 46 485 352.886649141      -0.17      1.63     -0.57  0.         -94.049       5439.000       7516.130    0.000  -0.138   0.380   0.
  2017 352 21 16 47 485 352.886660715      -0.33      1.64     -0.63  0.         -95.387       5439.932       7515.903    0.000  -0.138   0.380   0.
  2017 352 21 16 48 485 352.886672289      -0.52      1.60     -0.61  0.         -96.725       5440.863       7515.677    0.000  -0.138   0.380   0.
  2017 352 21 16 49 485 352.886683862      -0.19      1.48     -0.56  0.         -98.063       5441.793       7515.449    0.000  -0.138   0.380   0.
  2017 352 21 16 50 485 352.886695434       0.21      1.40     -0.77  0.         -99.401       5442.724       7515.222    0.000  -0.138   0.380   0.
  2017 352 21 16 51 485 352.886707008       0.16      1.37     -0.87  0.        -100.739       5443.654       7514.994    0.000  -0.138   0.380   0.
  2017 352 21 16 52 485 352.886718582      -0.01      1.42     -0.73  0.        -102.077       5444.583       7514.765    0.000  -0.138   0.380   0.
  2017 352 21 16 53 485 352.886730156       0.08      1.54     -0.60  0.        -103.415       5445.513       7514.536    0.000  -0.138   0.380   0.
  2017 352 21 16 54 485 352.886741730       0.08      1.57     -0.62  0.        -104.753       5446.442       7514.307    0.000  -0.138   0.380   0.
  2017 352 21 16 55 485 352.886753304      -0.01      1.57     -0.37  0.        -106.091       5447.371       7514.077    0.000  -0.138   0.380   0.
  2017 352 21 16 56 485 352.886764879       0.09      1.57     -0.41  0.        -107.429       5448.300       7513.847    0.000  -0.138   0.380   0.
  2017 352 21 16 57 485 352.886776453      -0.06      1.50     -0.47  0.        -108.767       5449.227       7513.617    0.000  -0.138   0.380   0.
  2017 352 21 16 58 485 352.886788027      -0.10      1.59     -0.35  0.        -110.105       5450.156       7513.386    0.000  -0.138   0.380   0.
  2017 352 21 16 59 485 352.886799601      -0.00      1.62     -0.32  0.        -111.443       5451.083       7513.154    0.000  -0.138   0.380   0.
  2017 352 21 17  0 485 352.886811175       0.01      1.55     -0.31  0.        -112.781       5452.011       7512.923    0.000  -0.138   0.380   0.
  2017 352 21 17  1 485 352.886822749      -0.03      1.50     -0.46  0.        -114.118       5452.938       7512.690    0.000  -0.138   0.380   0.
  2017 352 21 17  2 485 352.886834323      -0.03      1.45     -0.46  0.        -115.456       5453.865       7512.458    0.000  -0.138   0.380   0.
  2017 352 21 17  3 485 352.886845897      -0.17      1.54     -0.51  0.        -116.794       5454.792       7512.225    0.000  -0.138   0.380   0.
  2017 352 21 17  4 485 352.886857471      -0.21      1.63     -0.28  0.        -118.132       5455.718       7511.992    0.000  -0.138   0.380   0.
  2017 352 21 17  5 485 352.886869045      -0.34      1.63     -0.17  0.        -119.470       5456.644       7511.758    0.000  -0.138   0.380   0.
  2017 352 21 17  6 485 352.886880619      -0.11      1.54      0.01  0.        -120.808       5457.569       7511.524    0.000  -0.138   0.380   0.
  2017 352 21 17  7 485 352.886892193       0.14      1.53     -0.12  0.        -122.146       5458.495       7511.289    0.000  -0.138   0.380   0.
  2017 352 21 17  8 485 352.886903767       0.20      1.45     -0.31  0.        -123.484       5459.420       7511.054    0.000  -0.138   0.380   0.
  2017 352 21 17  9 485 352.886915341       0.23      1.53     -0.18  0.        -124.821       5460.345       7510.819    0.000  -0.138   0.380   0.
  2017 352 21 17 10 485 352.886926916       0.30      1.68     -0.34  0.        -126.159       5461.269       7510.583    0.000  -0.138   0.380   0.
  2017 352 21 17 11 485 352.886938490       0.17      1.70     -0.36  0.        -127.497       5462.193       7510.347    0.000  -0.138   0.380   0.
  2017 352 21 17 12 485 352.886950064       0.22      1.60     -0.31  0.        -128.835       5463.117       7510.111    0.000  -0.138   0.380   0.
  2017 352 21 17 13 485 352.886961638       0.18      1.52     -0.34  0.        -130.173       5464.041       7509.874    0.000  -0.138   0.380   0.
  2017 352 21 17 14 485 352.886973212       0.37      1.57     -0.32  0.        -131.510       5464.964       7509.636    0.000  -0.138   0.380   0.
  2017 352 21 17 15 485 352.886984786       0.35      1.40     -0.72  0.        -132.848       5465.887       7509.399    0.000  -0.138   0.380   0.
  2017 352 21 17 16 485 352.886996360      -0.00      1.36     -0.65  0.        -134.186       5466.810       7509.160    0.000  -0.138   0.380   0.
  2017 352 21 17 17 485 352.887007934       0.05      1.33     -0.66  0.        -135.524       5467.733       7508.922    0.000  -0.138   0.380   0.
  2017 352 21 17 18 485 352.887019508       0.05      1.34     -0.64  0.        -136.862       5468.655       7508.683    0.000  -0.138   0.380   0.
  2017 352 21 17 19 485 352.887031081       0.27      1.46     -0.67  0.        -138.199       5469.577       7508.444    0.000  -0.138   0.380   0.
  2017 352 21 17 20 485 352.887042653       0.31      1.53     -0.77  0.        -139.537       5470.498       7508.204    0.000  -0.138   0.380   0.
  2017 352 21 17 21 485 352.887054227       0.22      1.47     -0.72  0.        -140.875       5471.420       7507.964    0.000  -0.138   0.380   0.
  2017 352 21 17 22 485 352.887065802       0.18      1.49     -0.83  0.        -142.213       5472.341       7507.723    0.000  -0.138   0.380   0.
  2017 352 21 17 23 485 352.887077376      -0.11      1.45     -0.78  0.        -143.550       5473.261       7507.482    0.000  -0.138   0.380   0.
  2017 352 21 17 24 485 352.887088950      -0.14      1.42     -0.60  0.        -144.888       5474.182       7507.241    0.000  -0.138   0.380   0.
  2017 352 21 17 25 485 352.887100524      -0.11      1.46     -0.58  0.        -146.226       5475.102       7506.999    0.000  -0.138   0.380   0.
  2017 352 21 17 26 485 352.887112098      -0.04      1.53     -0.56  0.        -147.564       5476.022       7506.757    0.000  -0.138   0.380   0.
  2017 352 21 17 27 485 352.887123672      -0.11      1.53     -0.78  0.        -148.901       5476.941       7506.514    0.000  -0.138   0.380   0.
  2017 352 21 17 28 485 352.887135246      -0.10      1.46     -0.71  0.        -150.239       5477.861       7506.272    0.000  -0.138   0.380   0.
  2017 352 21 17 29 485 352.887146820       0.04      1.39     -0.68  0.        -151.577       5478.780       7506.028    0.000  -0.138   0.380   0.
  2017 352 21 17 30 485 352.887158394       0.12      1.32     -0.75  0.        -152.914       5479.698       7505.784    0.000  -0.138   0.380   0.
  2017 352 21 17 31 485 352.887169968       0.11      1.31     -0.81  0.        -154.252       5480.617       7505.540    0.000  -0.138   0.380   0.
  2017 352 21 17 32 485 352.887181542      -0.09      1.38     -0.75  0.        -155.590       5481.535       7505.296    0.000  -0.138   0.380   0.
  2017 352 21 17 33 485 352.887193116      -0.13      1.37     -0.61  0.        -156.927       5482.453       7505.051    0.000  -0.138   0.380   0.
  2017 352 21 17 34 485 352.887204690      -0.00      1.34     -0.59  0.        -158.265       5483.370       7504.805    0.000  -0.138   0.380   0.
  2017 352 21 17 35 485 352.887216264       0.14      1.37     -0.62  0.        -159.603       5484.287       7504.560    0.000  -0.138   0.380   0.
  2017 352 21 17 36 485 352.887227839       0.12      1.36     -0.82  0.        -160.940       5485.204       7504.314    0.000  -0.138   0.380   0.
  2017 352 21 17 37 485 352.887239413       0.17      1.45     -0.68  0.        -162.278       5486.121       7504.067    0.000  -0.138   0.380   0.
  2017 352 21 17 38 485 352.887250987       0.22      1.55     -0.66  0.        -163.615       5487.037       7503.820    0.000  -0.138   0.380   0.
  2017 352 21 17 39 485 352.887262561       0.19      1.68     -0.72  0.        -164.953       5487.953       7503.573    0.000  -0.138   0.380   0.
  2017 352 21 17 40 485 352.887274135       0.21      1.57     -0.89  0.        -166.291       5488.869       7503.325    0.000  -0.138   0.380   0.
  2017 352 21 17 41 485 352.887285709      -0.08      1.42     -0.89  0.        -167.628       5489.785       7503.077    0.000  -0.138   0.380   0.
  2017 352 21 17 42 485 352.887297283      -0.30      1.43     -0.80  0.        -168.966       5490.700       7502.828    0.000  -0.138   0.380   0.
  2017 352 21 17 43 485 352.887308857      -0.29      1.49     -0.58  0.        -170.304       5491.615       7502.579    0.000  -0.138   0.380   0.
  2017 352 21 17 44 485 352.887320431      -0.25      1.48     -0.67  0.        -171.641       5492.529       7502.330    0.000  -0.138   0.380   0.
  2017 352 21 17 45 485 352.887332005      -0.20      1.34     -0.66  0.        -172.979       5493.444       7502.080    0.000  -0.138   0.380   0.
  2017 352 21 17 46 485 352.887343579      -0.06      1.41     -0.67  0.        -174.316       5494.358       7501.830    0.000  -0.138   0.380   0.
  2017 352 21 17 47 485 352.887355153       0.03      1.44     -0.65  0.        -175.654       5495.271       7501.580    0.000  -0.138   0.380   0.
  2017 352 21 17 48 485 352.887366727       0.16      1.38     -0.70  0.        -176.991       5496.185       7501.329    0.000  -0.138   0.380   0.
  2017 352 21 17 49 484 352.887378300       0.17      1.32     -0.73  0.        -178.329       5497.098       7501.077    0.000  -0.138   0.380   0.
  2017 352 21 17 50 485 352.887389873       0.12      1.30     -0.83  0.        -179.666       5498.011       7500.825    0.000  -0.138   0.380   0.
  2017 352 21 17 51 485 352.887401447       0.09      1.32     -0.92  0.        -181.004       5498.923       7500.573    0.000  -0.138   0.380   0.
  2017 352 21 17 52 485 352.887413021      -0.01      1.37     -1.04  0.        -182.341       5499.836       7500.321    0.000  -0.138   0.380   0.
  2017 352 21 17 53 485 352.887424595       0.06      1.35     -0.99  0.        -183.679       5500.748       7500.068    0.000  -0.138   0.380   0.
  2017 352 21 17 54 485 352.887436169      -0.11      1.51     -0.83  0.        -185.016       5501.659       7499.814    0.000  -0.138   0.380   0.
  2017 352 21 17 55 484 352.887447743       0.01      1.52     -0.51  0.        -186.354       5502.571       7499.561    0.000  -0.138   0.380   0.
  2017 352 21 17 56 484 352.887459317       0.18      1.50     -0.54  0.        -187.691       5503.482       7499.307    0.000  -0.138   0.380   0.
  2017 352 21 17 57 484 352.887470891       0.25      1.41     -0.69  0.        -189.029       5504.392       7499.052    0.000  -0.138   0.380   0.
  2017 352 21 17 58 484 352.887482465       0.12      1.40     -0.92  0.        -190.366       5505.303       7498.797    0.000  -0.138   0.380   0.
  2017 352 21 17 59 484 352.887494039      -0.06      1.31     -0.85  0.        -191.703       5506.213       7498.542    0.000  -0.138   0.380   0.
  2017 352 21 18  0 485 352.887505613       0.09      1.39     -0.74  0.        -193.041       5507.123       7498.286    0.000  -0.138   0.380   0.
  2017 352 21 18  1 485 352.887517188      -0.01      1.33     -0.88  0.        -194.378       5508.033       7498.030    0.000  -0.138   0.380   0.
  2017 352 21 18  2 484 352.887528762       0.01      1.35     -0.80  0.        -195.716       5508.942       7497.773    0.000  -0.138   0.380   0.
  2017 352 21 18  3 484 352.887540336      -0.05      1.25     -0.94  0.        -197.053       5509.851       7497.516    0.000  -0.138   0.380   0.
  2017 352 21 18  4 485 352.887551910      -0.13      1.27     -0.62  0.        -198.390       5510.760       7497.259    0.000  -0.138   0.380   0.
  2017 352 21 18  5 485 352.887563484       0.11      1.35     -0.48  0.        -199.728       5511.668       7497.001    0.000  -0.138   0.380   0.
  2017 352 21 18  6 485 352.887575058       0.10      1.30     -0.56  0.        -201.065       5512.577       7496.743    0.000  -0.138   0.380   0.
  2017 352 21 18  7 485 352.887586632       0.10      1.44     -0.40  0.        -202.402       5513.484       7496.485    0.000  -0.138   0.380   0.
  2017 352 21 18  8 484 352.887598206       0.27      1.43     -0.49  0.        -203.740       5514.392       7496.226    0.000  -0.138   0.380   0.
  2017 352 21 18  9 484 352.887609780       0.19      1.22     -0.72  0.        -205.077       5515.299       7495.966    0.000  -0.138   0.380   0.
  2017 352 21 18 10 484 352.887621354      -0.02      1.13     -0.75  0.        -206.414       5516.206       7495.707    0.000  -0.138   0.380   0.
  2017 352 21 18 11 484 352.887632928       0.07      1.27     -0.58  0.        -207.752       5517.113       7495.447    0.000  -0.138   0.380   0.
  2017 352 21 18 12 484 352.887644502       0.24      1.38     -0.77  0.        -209.089       5518.019       7495.186    0.000  -0.138   0.380   0.
  2017 352 21 18 13 485 352.887656076       0.29      1.45     -0.52  0.        -210.426       5518.925       7494.925    0.000  -0.138   0.380   0.
  2017 352 21 18 14 485 352.887667650       0.33      1.48     -0.83  0.        -211.763       5519.831       7494.664    0.000  -0.138   0.380   0.
  2017 352 21 18 15 484 352.887679225       0.01      1.50     -0.86  0.        -213.101       5520.737       7494.402    0.000  -0.138   0.380   0.
  2017 352 21 18 16 484 352.887690799      -0.12      1.56     -0.64  0.        -214.438       5521.642       7494.140    0.000  -0.138   0.380   0.
  2017 352 21 18 17 485 352.887702373       0.07      1.49     -0.46  0.        -215.775       5522.547       7493.878    0.000  -0.138   0.380   0.
  2017 352 21 18 18 485 352.887713947       0.19      1.51     -0.64  0.        -217.112       5523.452       7493.615    0.000  -0.138   0.380   0.
  2017 352 21 18 19 485 352.887725521       0.07      1.58     -0.80  0.        -218.450       5524.356       7493.351    0.000  -0.138   0.380   0.
  2017 352 21 18 20 485 352.887737095       0.12      1.53     -0.58  0.        -219.787       5525.260       7493.088    0.000  -0.138   0.380   0.
  2017 352 21 18 21 485 352.887748668       0.08      1.46     -0.62  0.        -221.124       5526.164       7492.824    0.000  -0.138   0.380   0.
  2017 352 21 18 22 484 352.887760240      -0.02      1.45     -0.65  0.        -222.461       5527.067       7492.559    0.000  -0.138   0.380   0.
  2017 352 21 18 23 484 352.887771814      -0.14      1.45     -0.68  0.        -223.798       5527.971       7492.294    0.000  -0.138   0.380   0.
  2017 352 21 18 24 484 352.887783388      -0.21      1.46     -0.72  0.        -225.135       5528.873       7492.029    0.000  -0.138   0.380   0.
  2017 352 21 18 25 484 352.887794962      -0.23      1.43     -0.60  0.        -226.472       5529.776       7491.763    0.000  -0.138   0.380   0.
  2017 352 21 18 26 484 352.887806536      -0.27      1.40     -0.39  0.        -227.810       5530.678       7491.497    0.000  -0.138   0.380   0.
  2017 352 21 18 27 484 352.887818111      -0.16      1.43     -0.63  0.        -229.147       5531.580       7491.231    0.000  -0.138   0.380   0.
  2017 352 21 18 28 484 352.887829685      -0.39      1.47     -0.78  0.        -230.484       5532.482       7490.964    0.000  -0.138   0.380   0.
  2017 352 21 18 29 484 352.887841259      -0.34      1.70     -0.64  0.        -231.821       5533.384       7490.697    0.000  -0.138   0.380   0.
  2017 352 21 18 30 484 352.887852833      -0.04      1.72     -0.75  0.        -233.158       5534.285       7490.429    0.000  -0.138   0.380   0.
  2017 352 21 18 31 484 352.887864407      -0.24      1.58     -0.97  0.        -234.495       5535.186       7490.161    0.000  -0.138   0.380   0.
  2017 352 21 18 32 484 352.887875981      -0.66      1.47     -0.76  0.        -235.832       5536.086       7489.892    0.000  -0.138   0.380   0.
  2017 352 21 18 33 484 352.887887555      -0.69      1.41     -0.45  0.        -237.169       5536.986       7489.624    0.000  -0.138   0.380   0.
  2017 352 21 18 34 484 352.887899129      -0.46      1.56     -0.26  0.        -238.506       5537.886       7489.354    0.000  -0.138   0.380   0.
  2017 352 21 18 35 484 352.887910703      -0.19      1.58     -0.43  0.        -239.843       5538.786       7489.085    0.000  -0.138   0.380   0.
  2017 352 21 18 36 484 352.887922277      -0.07      1.61     -0.40  0.        -241.180       5539.685       7488.815    0.000  -0.138   0.380   0.
  2017 352 21 18 37 484 352.887933851      -0.31      1.61     -0.46  0.        -242.517       5540.585       7488.544    0.000  -0.138   0.380   0.
  2017 352 21 18 38 484 352.887945425      -0.27      1.70     -0.23  0.        -243.854       5541.483       7488.273    0.000  -0.138   0.380   0.
  2017 352 21 18 39 484 352.887956999      -0.07      1.79     -0.24  0.        -245.191       5542.382       7488.002    0.000  -0.138   0.380   0.
  2017 352 21 18 40 484 352.887968573       0.03      1.77     -0.31  0.        -246.528       5543.280       7487.730    0.000  -0.138   0.380   0.
  2017 352 21 18 41 484 352.887980148       0.18      1.74     -0.30  0.        -247.865       5544.178       7487.458    0.000  -0.138   0.380   0.
  2017 352 21 18 42 484 352.887991722       0.12      1.70     -0.45  0.        -249.202       5545.076       7487.186    0.000  -0.138   0.380   0.
  2017 352 21 18 43 484 352.888003296       0.26      1.59     -0.40  0.        -250.539       5545.973       7486.913    0.000  -0.138   0.380   0.
  2017 352 21 18 44 484 352.888014870       0.29      1.52     -0.55  0.        -251.876       5546.870       7486.640    0.000  -0.138   0.380   0.
  2017 352 21 18 45 484 352.888026444       0.32      1.38     -0.70  0.        -253.212       5547.767       7486.366    0.000  -0.138   0.380   0.
  2017 352 21 18 46 484 352.888038018       0.40      1.40     -0.59  0.        -254.549       5548.663       7486.092    0.000  -0.138   0.380   0.
  2017 352 21 18 47 484 352.888049592       0.10      1.28     -0.70  0.        -255.886       5549.559       7485.818    0.000  -0.138   0.380   0.
  2017 352 21 18 48 484 352.888061166       0.27      1.32     -0.60  0.        -257.223       5550.455       7485.543    0.000  -0.138   0.380   0.
  2017 352 21 18 49 484 352.888072739       0.15      1.43     -0.81  0.        -258.560       5551.351       7485.268    0.000  -0.138   0.380   0.
  2017 352 21 18 50 484 352.888084311      -0.03      1.51     -0.43  0.        -259.897       5552.246       7484.992    0.000  -0.138   0.380   0.
  2017 352 21 18 51 484 352.888095885       0.24      1.59     -0.16  0.        -261.233       5553.141       7484.716    0.000  -0.138   0.380   0.
  2017 352 21 18 52 484 352.888107460       0.42      1.54     -0.26  0.        -262.570       5554.036       7484.440    0.000  -0.138   0.380   0.
  2017 352 21 18 53 484 352.888119034       0.33      1.47     -0.69  0.        -263.907       5554.930       7484.163    0.000  -0.138   0.380   0.
  2017 352 21 18 54 484 352.888130608      -0.02      1.48     -0.85  0.        -265.244       5555.824       7483.886    0.000  -0.138   0.380   0.
  2017 352 21 18 55 484 352.888142182      -0.20      1.40     -0.57  0.        -266.581       5556.718       7483.608    0.000  -0.138   0.380   0.
  2017 352 21 18 56 484 352.888153756       0.18      1.40     -0.51  0.        -267.917       5557.612       7483.330    0.000  -0.138   0.380   0.
  2017 352 21 18 57 484 352.888165330       0.08      1.48     -0.67  0.        -269.254       5558.505       7483.052    0.000  -0.138   0.380   0.
  2017 352 21 18 58 484 352.888176904      -0.03      1.57     -0.68  0.        -270.591       5559.398       7482.773    0.000  -0.138   0.380   0.
  2017 352 21 18 59 484 352.888188478      -0.30      1.56     -0.59  0.        -271.927       5560.291       7482.494    0.000  -0.138   0.380   0.
  2017 352 21 19  0 484 352.888200052      -0.20      1.56     -0.32  0.        -273.264       5561.183       7482.215    0.000  -0.138   0.380   0.
  2017 352 21 19  1 484 352.888211626      -0.11      1.53     -0.36  0.        -274.601       5562.075       7481.935    0.000  -0.138   0.380   0.
  2017 352 21 19  2 484 352.888223200      -0.05      1.49     -0.43  0.        -275.937       5562.967       7481.654    0.000  -0.138   0.380   0.
  2017 352 21 19  3 484 352.888234774      -0.02      1.45     -0.51  0.        -277.274       5563.858       7481.374    0.000  -0.138   0.380   0.
  2017 352 21 19  4 484 352.888246348      -0.01      1.40     -0.58  0.        -278.611       5564.749       7481.093    0.000  -0.138   0.380   0.
  2017 352 21 19  5 484 352.888257922      -0.03      1.42     -0.46  0.        -279.947       5565.640       7480.811    0.000  -0.138   0.380   0.
  2017 352 21 19  6 484 352.888269497       0.08      1.44     -0.53  0.        -281.284       5566.531       7480.529    0.000  -0.138   0.380   0.
  2017 352 21 19  7 484 352.888281071       0.10      1.42     -0.40  0.        -282.620       5567.421       7480.247    0.000  -0.138   0.380   0.
  2017 352 21 19  8 484 352.888292645       0.36      1.38     -0.52  0.        -283.957       5568.311       7479.964    0.000  -0.138   0.380   0.
  2017 352 21 19  9 484 352.888304219       0.36      1.49     -0.81  0.        -285.293       5569.201       7479.681    0.000  -0.138   0.380   0.
  2017 352 21 19 10 484 352.888315793       0.16      1.44     -0.84  0.        -286.630       5570.090       7479.398    0.000  -0.138   0.380   0.
  2017 352 21 19 11 484 352.888327367       0.22      1.43     -0.62  0.        -287.966       5570.980       7479.114    0.000  -0.138   0.380   0.
  2017 352 21 19 12 484 352.888338941       0.28      1.34     -0.70  0.        -289.303       5571.868       7478.829    0.000  -0.138   0.380   0.
  2017 352 21 19 13 484 352.888350515       0.20      1.39     -0.81  0.        -290.639       5572.757       7478.545    0.000  -0.138   0.380   0.
  2017 352 21 19 14 484 352.888362089       0.19      1.44     -0.84  0.        -291.976       5573.645       7478.260    0.000  -0.138   0.380   0.
  2017 352 21 19 15 484 352.888373663      -0.14      1.44     -1.01  0.        -293.312       5574.533       7477.974    0.000  -0.138   0.380   0.
  2017 352 21 19 16 484 352.888385237      -0.09      1.40     -0.68  0.        -294.649       5575.421       7477.688    0.000  -0.138   0.380   0.
  2017 352 21 19 17 484 352.888396811       0.01      1.43     -0.69  0.        -295.985       5576.308       7477.402    0.000  -0.138   0.380   0.
  2017 352 21 19 18 484 352.888408385      -0.00      1.43     -0.88  0.        -297.321       5577.195       7477.115    0.000  -0.138   0.380   0.
  2017 352 21 19 19 484 352.888419958      -0.12      1.38     -0.70  0.        -298.658       5578.082       7476.828    0.000  -0.138   0.380   0.
  2017 352 21 19 20 484 352.888431531       0.06      1.31     -0.72  0.        -299.994       5578.969       7476.541    0.000  -0.138   0.380   0.
  2017 352 21 19 21 484 352.888443105       0.12      1.31     -0.64  0.        -301.330       5579.855       7476.253    0.000  -0.138   0.380   0.
  2017 352 21 19 22 484 352.888454679       0.20      1.38     -0.71  0.        -302.667       5580.741       7475.965    0.000  -0.138   0.380   0.
  2017 352 21 19 23 484 352.888466253      -0.00      1.43     -0.73  0.        -304.003       5581.626       7475.676    0.000  -0.138   0.380   0.
  2017 352 21 19 24 484 352.888477827      -0.05      1.44     -0.58  0.        -305.339       5582.512       7475.387    0.000  -0.138   0.380   0.
  2017 352 21 19 25 484 352.888489401       0.07      1.45     -0.52  0.        -306.676       5583.397       7475.098    0.000  -0.138   0.380   0.
  2017 352 21 19 26 484 352.888500975       0.16      1.46     -0.62  0.        -308.012       5584.281       7474.808    0.000  -0.138   0.380   0.
  2017 352 21 19 27 484 352.888512549       0.21      1.45     -0.71  0.        -309.348       5585.166       7474.518    0.000  -0.138   0.380   0.
  2017 352 21 19 28 484 352.888524123      -0.16      1.38     -0.97  0.        -310.684       5586.050       7474.227    0.000  -0.138   0.380   0.
  2017 352 21 19 29 484 352.888535697      -0.38      1.46     -0.81  0.        -312.021       5586.934       7473.936    0.000  -0.138   0.380   0.
  2017 352 21 19 30 484 352.888547271      -0.59      1.54     -0.57  0.        -313.357       5587.817       7473.645    0.000  -0.138   0.380   0.
  2017 352 21 19 31 484 352.888558846      -0.29      1.50     -0.15  0.        -314.693       5588.701       7473.353    0.000  -0.138   0.380   0.
  2017 352 21 19 32 484 352.888570420      -0.10      1.53     -0.18  0.        -316.029       5589.584       7473.061    0.000  -0.138   0.380   0.
  2017 352 21 19 33 484 352.888581994      -0.22      1.67     -0.41  0.        -317.365       5590.466       7472.768    0.000  -0.138   0.380   0.
  2017 352 21 19 34 484 352.888593568      -0.36      1.88     -0.30  0.        -318.702       5591.349       7472.475    0.000  -0.138   0.380   0.
  2017 352 21 19 35 484 352.888605142      -0.21      1.76     -0.38  0.        -320.038       5592.231       7472.182    0.000  -0.138   0.380   0.
  2017 352 21 19 36 484 352.888616716      -0.35      1.76     -0.37  0.        -321.374       5593.113       7471.888    0.000  -0.138   0.380   0.
  2017 352 21 19 37 484 352.888628290      -0.28      1.70     -0.43  0.        -322.710       5593.994       7471.594    0.000  -0.138   0.380   0.
  2017 352 21 19 38 484 352.888639864      -0.51      1.70     -0.41  0.        -324.046       5594.875       7471.300    0.000  -0.138   0.380   0.
  2017 352 21 19 39 484 352.888651438      -0.32      1.65     -0.12  0.        -325.382       5595.756       7471.005    0.000  -0.138   0.380   0.
  2017 352 21 19 40 484 352.888663012       0.03      1.60     -0.11  0.        -326.718       5596.637       7470.710    0.000  -0.138   0.380   0.
  2017 352 21 19 41 484 352.888674586       0.15      1.50     -0.20  0.        -328.054       5597.517       7470.414    0.000  -0.138   0.380   0.
  2017 352 21 19 42 484 352.888686160       0.32      1.54     -0.29  0.        -329.390       5598.397       7470.118    0.000  -0.138   0.380   0.
  2017 352 21 19 43 484 352.888697734       0.39      1.61     -0.40  0.        -330.726       5599.277       7469.821    0.000  -0.138   0.380   0.
  2017 352 21 19 44 484 352.888709308       0.37      1.60     -0.43  0.        -332.062       5600.156       7469.524    0.000  -0.138   0.380   0.
  2017 352 21 19 45 484 352.888720883       0.39      1.62     -0.56  0.        -333.398       5601.035       7469.227    0.000  -0.138   0.380   0.
  2017 352 21 19 46 484 352.888732457       0.12      1.47     -0.83  0.        -334.734       5601.914       7468.930    0.000  -0.138   0.380   0.
  2017 352 21 19 47 484 352.888744031      -0.14      1.45     -0.85  0.        -336.070       5602.793       7468.632    0.000  -0.138   0.380   0.
  2017 352 21 19 48 484 352.888755605      -0.18      1.51     -0.76  0.        -337.406       5603.671       7468.333    0.000  -0.138   0.380   0.
  2017 352 21 19 49 484 352.888767178      -0.58      1.46     -0.58  0.        -338.742       5604.549       7468.034    0.000  -0.138   0.380   0.
  2017 352 21 19 50 484 352.888778750      -0.39      1.40     -0.23  0.        -340.077       5605.427       7467.735    0.000  -0.138   0.380   0.
  2017 352 21 19 51 483 352.888790324      -0.16      1.45     -0.40  0.        -341.413       5606.304       7467.435    0.000  -0.138   0.380   0.
  2017 352 21 19 52 483 352.888801898      -0.04      1.62     -0.48  0.        -342.749       5607.181       7467.135    0.000  -0.138   0.380   0.
  2017 352 21 19 53 483 352.888813472       0.22      1.63     -0.48  0.        -344.085       5608.058       7466.835    0.000  -0.138   0.380   0.
  2017 352 21 19 54 483 352.888825046       0.30      1.60     -0.68  0.        -345.421       5608.935       7466.534    0.000  -0.138   0.380   0.
  2017 352 21 19 55 484 352.888836620       0.15      1.55     -0.61  0.        -346.756       5609.811       7466.233    0.000  -0.138   0.380   0.
  2017 352 21 19 56 484 352.888848194       0.14      1.57     -0.59  0.        -348.092       5610.687       7465.931    0.000  -0.138   0.380   0.
  2017 352 21 19 57 483 352.888859769       0.17      1.59     -0.59  0.        -349.428       5611.562       7465.630    0.000  -0.138   0.380   0.
  2017 352 21 19 58 483 352.888871343       0.06      1.59     -0.49  0.        -350.764       5612.438       7465.327    0.000  -0.138   0.380   0.
  2017 352 21 19 59 484 352.888882917       0.35      1.44     -0.44  0.        -352.099       5613.313       7465.024    0.000  -0.138   0.380   0.
  2017 352 21 20  0 484 352.888894491       0.38      1.37     -0.77  0.        -353.435       5614.188       7464.721    0.000  -0.138   0.380   0.
  2017 352 21 20  1 484 352.888906065       0.16      1.27     -0.86  0.        -354.771       5615.062       7464.418    0.000  -0.138   0.380   0.
  2017 352 21 20  2 484 352.888917639       0.15      1.29     -0.64  0.        -356.106       5615.936       7464.114    0.000  -0.138   0.380   0.
  2017 352 21 20  3 484 352.888929213       0.25      1.24     -0.60  0.        -357.442       5616.810       7463.809    0.000  -0.138   0.380   0.
  2017 352 21 20  4 483 352.888940787       0.22      1.35     -0.54  0.        -358.777       5617.684       7463.505    0.000  -0.138   0.380   0.
  2017 352 21 20  5 483 352.888952361       0.28      1.42     -0.52  0.        -360.113       5618.557       7463.200    0.000  -0.138   0.380   0.
  2017 352 21 20  6 483 352.888963935       0.24      1.35     -0.86  0.        -361.449       5619.430       7462.894    0.000  -0.138   0.380   0.
  2017 352 21 20  7 483 352.888975509      -0.08      1.32     -0.86  0.        -362.784       5620.303       7462.588    0.000  -0.138   0.380   0.
  2017 352 21 20  8 483 352.888987083      -0.03      1.39     -0.79  0.        -364.120       5621.175       7462.282    0.000  -0.138   0.380   0.
  2017 352 21 20  9 484 352.888998657      -0.06      1.53     -0.72  0.        -365.455       5622.047       7461.975    0.000  -0.138   0.380   0.
  2017 352 21 20 10 484 352.889010231      -0.05      1.58     -0.93  0.        -366.791       5622.919       7461.668    0.000  -0.138   0.380   0.
  2017 352 21 20 11 483 352.889021806      -0.29      1.38     -1.05  0.        -368.126       5623.790       7461.361    0.000  -0.138   0.380   0.
  2017 352 21 20 12 483 352.889033380      -0.21      1.40     -0.84  0.        -369.462       5624.662       7461.053    0.000  -0.138   0.380   0.
  2017 352 21 20 13 484 352.889044954      -0.13      1.40     -0.68  0.        -370.797       5625.532       7460.745    0.000  -0.138   0.380   0.
  2017 352 21 20 14 484 352.889056528       0.02      1.48     -0.69  0.        -372.132       5626.403       7460.436    0.000  -0.138   0.380   0.
  2017 352 21 20 15 484 352.889068102       0.01      1.29     -1.03  0.        -373.468       5627.273       7460.127    0.000  -0.138   0.380   0.
  2017 352 21 20 16 484 352.889079676      -0.44      1.30     -0.94  0.        -374.803       5628.143       7459.818    0.000  -0.138   0.380   0.
  2017 352 21 20 17 483 352.889091250      -0.45      1.48     -0.57  0.        -376.138       5629.013       7459.508    0.000  -0.138   0.380   0.
  2017 352 21 20 18 483 352.889102824      -0.33      1.49     -0.63  0.        -377.474       5629.883       7459.198    0.000  -0.138   0.380   0.
  2017 352 21 20 19 499 352.889114578      -0.36      1.34     -0.41  0.        -378.830       5630.765       7458.882    0.000  -0.138   0.380   0.
  2017 352 21 20 20 514 352.889126331      -0.12      1.42     -0.43  0.        -380.186       5631.648       7458.567    0.000  -0.138   0.380   0.
  2017 352 21 20 21 514 352.889137905      -0.03      1.46     -0.38  0.        -381.521       5632.516       7458.255    0.000  -0.138   0.380   0.
  2017 352 21 20 22 514 352.889149479      -0.09      1.41     -0.45  0.        -382.857       5633.385       7457.943    0.000  -0.138   0.380   0.
  2017 352 21 20 23 514 352.889161053      -0.19      1.46     -0.21  0.        -384.192       5634.253       7457.631    0.000  -0.138   0.380   0.
  2017 352 21 20 24 514 352.889172627       0.01      1.50     -0.28  0.        -385.527       5635.120       7457.319    0.000  -0.138   0.380   0.
  2017 352 21 20 25 515 352.889184201       0.07      1.70     -0.35  0.        -386.862       5635.988       7457.006    0.000  -0.138   0.380   0.
  2017 352 21 20 26 515 352.889195775       0.19      1.74     -0.50  0.        -388.197       5636.855       7456.693    0.000  -0.138   0.380   0.
  2017 352 21 20 27 514 352.889207350       0.08      1.62     -0.49  0.        -389.533       5637.721       7456.379    0.000  -0.138   0.380   0.
  2017 352 21 20 28 514 352.889218924       0.05      1.55     -0.59  0.        -390.868       5638.588       7456.065    0.000  -0.138   0.380   0.
  2017 352 21 20 29 515 352.889230498       0.06      1.57     -0.66  0.        -392.203       5639.454       7455.750    0.000  -0.138   0.380   0.
  2017 352 21 20 30 515 352.889242072      -0.07      1.48     -0.57  0.        -393.538       5640.320       7455.435    0.000  -0.138   0.380   0.
  2017 352 21 20 31 515 352.889253646      -0.08      1.47     -0.79  0.        -394.873       5641.186       7455.120    0.000  -0.138   0.380   0.
  2017 352 21 20 32 515 352.889265220      -0.68      1.69     -0.63  0.        -396.208       5642.051       7454.804    0.000  -0.138   0.380   0.
  2017 352 21 20 33 515 352.889276794      -0.64      1.71     -0.52  0.        -397.543       5642.916       7454.488    0.000  -0.138   0.380   0.
  2017 352 21 20 34 514 352.889288368      -1.00      1.90     -0.47  0.        -398.878       5643.781       7454.172    0.000  -0.138   0.380   0.
  2017 352 21 20 35 514 352.889299942      -0.82      1.76     -0.10  0.        -400.213       5644.646       7453.855    0.000  -0.138   0.380   0.
  2017 352 21 20 36 514 352.889311516      -0.15      1.66     -0.14  0.        -401.548       5645.510       7453.538    0.000  -0.138   0.380   0.
  2017 352 21 20 37 514 352.889323090      -0.08      1.61     -0.48  0.        -402.883       5646.374       7453.220    0.000  -0.138   0.380   0.
  2017 352 21 20 38 515 352.889334664      -0.03      1.65     -0.58  0.        -404.218       5647.237       7452.902    0.000  -0.138   0.380   0.
  2017 352 21 20 39 515 352.889346238       0.02      1.76     -0.61  0.        -405.553       5648.100       7452.584    0.000  -0.138   0.380   0.
  2017 352 21 20 40 515 352.889357813      -0.30      2.01     -0.78  0.        -406.888       5648.963       7452.265    0.000  -0.138   0.380   0.
  2017 352 21 20 41 514 352.889369387      -0.62      1.89     -0.40  0.        -408.223       5649.826       7451.946    0.000  -0.138   0.380   0.
  2017 352 21 20 42 515 352.889380961      -0.56      1.85     -0.24  0.        -409.557       5650.688       7451.627    0.000  -0.138   0.380   0.
  2017 352 21 20 43 515 352.889392535      -0.55      1.78     -0.18  0.        -410.892       5651.550       7451.307    0.000  -0.138   0.380   0.
  2017 352 21 20 44 515 352.889404109      -0.76      1.84     -0.12  0.        -412.227       5652.412       7450.986    0.000  -0.138   0.380   0.
  2017 352 21 20 45 515 352.889415683      -0.65      1.62      0.16  0.        -413.562       5653.273       7450.666    0.000  -0.138   0.380   0.
  2017 352 21 20 46 515 352.889427257      -0.15      1.57      0.11  0.        -414.896       5654.135       7450.345    0.000  -0.138   0.380   0.
  2017 352 21 20 47 514 352.889438830       0.09      1.57     -0.62  0.        -416.231       5654.995       7450.023    0.000  -0.138   0.380   0.
  2017 352 21 20 48 514 352.889450402      -0.42      1.51     -0.89  0.        -417.566       5655.856       7449.701    0.000  -0.138   0.380   0.
  2017 352 21 20 49 514 352.889461976      -0.57      1.46     -0.67  0.        -418.901       5656.716       7449.379    0.000  -0.138   0.380   0.
  2017 352 21 20 50 514 352.889473550      -0.53      1.54     -0.65  0.        -420.235       5657.576       7449.056    0.000  -0.138   0.380   0.
  2017 352 21 20 51 514 352.889485124      -0.61      1.58     -0.60  0.        -421.570       5658.436       7448.733    0.000  -0.138   0.380   0.
  2017 352 21 20 52 514 352.889496698      -0.51      1.55     -0.47  0.        -422.904       5659.296       7448.410    0.000  -0.138   0.380   0.
  2017 352 21 20 53 514 352.889508273      -0.22      1.68     -0.44  0.        -424.239       5660.155       7448.086    0.000  -0.138   0.380   0.
  2017 352 21 20 54 514 352.889519847      -0.07      1.75     -0.47  0.        -425.574       5661.013       7447.762    0.000  -0.138   0.380   0.
  2017 352 21 20 55 514 352.889531421       0.06      1.60     -0.60  0.        -426.908       5661.872       7447.437    0.000  -0.138   0.380   0.
  2017 352 21 20 56 514 352.889542995      -0.30      1.63     -0.50  0.        -428.243       5662.730       7447.112    0.000  -0.138   0.380   0.
  2017 352 21 20 57 514 352.889554569      -0.08      1.61     -0.27  0.        -429.577       5663.588       7446.787    0.000  -0.138   0.380   0.
  2017 352 21 20 58 514 352.889566143       0.04      1.52     -0.48  0.        -430.912       5664.446       7446.461    0.000  -0.138   0.380   0.
  2017 352 21 20 59 514 352.889577717      -0.01      1.48     -0.51  0.        -432.246       5665.303       7446.135    0.000  -0.138   0.380   0.
  2017 352 21 21  0 514 352.889589291       0.13      1.45     -0.81  0.        -433.581       5666.160       7445.808    0.000  -0.138   0.380   0.
  2017 352 21 21  1 514 352.889600865       0.01      1.45     -0.82  0.        -434.915       5667.017       7445.481    0.000  -0.138   0.380   0.
  2017 352 21 21  2 514 352.889612439      -0.08      1.41     -0.85  0.        -436.249       5667.874       7445.154    0.000  -0.138   0.380   0.
  2017 352 21 21  3 514 352.889624013      -0.13      1.49     -0.81  0.        -437.584       5668.730       7444.826    0.000  -0.138   0.380   0.
  2017 352 21 21  4 514 352.889635587      -0.35      1.47     -0.83  0.        -438.918       5669.586       7444.498    0.000  -0.138   0.380   0.
  2017 352 21 21  5 514 352.889647161      -0.28      1.43     -0.40  0.        -440.252       5670.441       7444.170    0.000  -0.138   0.380   0.
  2017 352 21 21  6 514 352.889658736      -0.09      1.46     -0.46  0.        -441.587       5671.297       7443.841    0.000  -0.138   0.380   0.
  2017 352 21 21  7 514 352.889670310      -0.03      1.51     -0.63  0.        -442.921       5672.151       7443.512    0.000  -0.138   0.380   0.
  2017 352 21 21  8 514 352.889681884      -0.06      1.47     -0.81  0.        -444.255       5673.006       7443.182    0.000  -0.138   0.380   0.
  2017 352 21 21  9 514 352.889693458      -0.17      1.41     -0.71  0.        -445.590       5673.861       7442.852    0.000  -0.138   0.380   0.
  2017 352 21 21 10 514 352.889705032      -0.00      1.41     -0.67  0.        -446.924       5674.715       7442.522    0.000  -0.138   0.380   0.
  2017 352 21 21 11 514 352.889716606       0.13      1.49     -0.74  0.        -448.258       5675.569       7442.191    0.000  -0.138   0.380   0.
  2017 352 21 21 12 514 352.889728180      -0.04      1.44     -0.88  0.        -449.592       5676.422       7441.860    0.000  -0.138   0.380   0.
  2017 352 21 21 13 514 352.889739754      -0.12      1.31     -0.79  0.        -450.926       5677.275       7441.528    0.000  -0.138   0.380   0.
  2017 352 21 21 14 514 352.889751328      -0.18      1.36     -0.73  0.        -452.260       5678.128       7441.196    0.000  -0.138   0.380   0.
  2017 352 21 21 15 514 352.889762902      -0.18      1.30     -0.58  0.        -453.594       5678.981       7440.864    0.000  -0.138   0.380   0.
  2017 352 21 21 16 514 352.889774476      -0.04      1.29     -0.73  0.        -454.929       5679.833       7440.531    0.000  -0.138   0.380   0.
  2017 352 21 21 17 514 352.889786049      -0.14      1.31     -0.85  0.        -456.263       5680.685       7440.198    0.000  -0.138   0.380   0.
  2017 352 21 21 18 514 352.889797621      -0.37      1.41     -0.84  0.        -457.597       5681.537       7439.864    0.000  -0.138   0.380   0.
  2017 352 21 21 19 514 352.889809196      -0.28      1.42     -0.79  0.        -458.931       5682.389       7439.530    0.000  -0.138   0.380   0.
  2017 352 21 21 20 514 352.889820770      -0.43      1.59     -0.51  0.        -460.265       5683.240       7439.196    0.000  -0.138   0.380   0.
  2017 352 21 21 21 514 352.889832344      -0.27      1.49     -0.64  0.        -461.599       5684.091       7438.861    0.000  -0.138   0.380   0.
  2017 352 21 21 22 514 352.889843918      -0.32      1.42     -0.46  0.        -462.932       5684.941       7438.526    0.000  -0.138   0.380   0.
  2017 352 21 21 23 514 352.889855492      -0.18      1.47     -0.63  0.        -464.266       5685.792       7438.191    0.000  -0.138   0.380   0.
  2017 352 21 21 24 514 352.889867066      -0.26      1.55     -0.79  0.        -465.600       5686.641       7437.855    0.000  -0.138   0.380   0.
  2017 352 21 21 25 514 352.889878640      -0.09      1.62     -0.61  0.        -466.934       5687.491       7437.519    0.000  -0.138   0.380   0.
  2017 352 21 21 26 514 352.889890214       0.01      1.58     -0.56  0.        -468.268       5688.341       7437.182    0.000  -0.138   0.380   0.
  2017 352 21 21 27 514 352.889901788      -0.01      1.59     -0.45  0.        -469.602       5689.190       7436.845    0.000  -0.138   0.380   0.
  2017 352 21 21 28 514 352.889913362       0.01      1.54     -0.38  0.        -470.935       5690.038       7436.508    0.000  -0.138   0.380   0.
  2017 352 21 21 29 514 352.889924936       0.05      1.53     -0.53  0.        -472.269       5690.887       7436.170    0.000  -0.138   0.380   0.
  2017 352 21 21 30 514 352.889936510      -0.21      1.56     -0.59  0.        -473.603       5691.735       7435.832    0.000  -0.138   0.380   0.
  2017 352 21 21 31 514 352.889948085      -0.09      1.59     -0.20  0.        -474.937       5692.583       7435.493    0.000  -0.138   0.380   0.
  2017 352 21 21 32 514 352.889959659       0.16      1.65     -0.29  0.        -476.270       5693.431       7435.154    0.000  -0.138   0.380   0.
  2017 352 21 21 33 514 352.889971233       0.07      1.52     -0.51  0.        -477.604       5694.278       7434.815    0.000  -0.138   0.380   0.
  2017 352 21 21 34 514 352.889982807       0.17      1.40     -0.59  0.        -478.938       5695.125       7434.475    0.000  -0.138   0.380   0.
  2017 352 21 21 35 514 352.889994381       0.00      1.40     -0.80  0.        -480.271       5695.972       7434.135    0.000  -0.138   0.380   0.
  2017 352 21 21 36 514 352.890005955       0.03      1.43     -0.72  0.        -481.605       5696.818       7433.795    0.000  -0.138   0.380   0.
  2017 352 21 21 37 514 352.890017529      -0.05      1.46     -0.76  0.        -482.938       5697.664       7433.454    0.000  -0.138   0.380   0.
  2017 352 21 21 38 514 352.890029103      -0.16      1.62     -0.77  0.        -484.272       5698.510       7433.113    0.000  -0.138   0.380   0.
  2017 352 21 21 39 514 352.890040677      -0.10      1.63     -0.71  0.        -485.605       5699.356       7432.771    0.000  -0.138   0.380   0.
  2017 352 21 21 40 514 352.890052251      -0.06      1.57     -0.67  0.        -486.939       5700.201       7432.429    0.000  -0.138   0.380   0.
  2017 352 21 21 41 514 352.890063825      -0.20      1.56     -0.93  0.        -488.272       5701.046       7432.087    0.000  -0.138   0.380   0.
  2017 352 21 21 42 514 352.890075399      -0.18      1.62     -0.49  0.        -489.606       5701.891       7431.744    0.000  -0.138   0.380   0.
  2017 352 21 21 43 514 352.890086973       0.19      1.54     -0.47  0.        -490.939       5702.735       7431.401    0.000  -0.138   0.380   0.
  2017 352 21 21 44 514 352.890098547       0.34      1.52     -0.64  0.        -492.272       5703.579       7431.057    0.000  -0.138   0.380   0.
  2017 352 21 21 45 514 352.890110122       0.45      1.56     -0.70  0.        -493.606       5704.423       7430.713    0.000  -0.138   0.380   0.
  2017 352 21 21 46 514 352.890121696       0.40      1.64     -0.79  0.        -494.939       5705.266       7430.369    0.000  -0.138   0.380   0.
  2017 352 21 21 47 514 352.890133270       0.28      1.56     -0.75  0.        -496.272       5706.110       7430.024    0.000  -0.138   0.380   0.
  2017 352 21 21 48 514 352.890144844       0.32      1.55     -0.56  0.        -497.606       5706.952       7429.679    0.000  -0.138   0.380   0.
  2017 352 21 21 49 514 352.890156417       0.24      1.58     -0.81  0.        -498.939       5707.795       7429.334    0.000  -0.138   0.380   0.
  2017 352 21 21 50 514 352.890167989       0.06      1.44     -0.85  0.        -500.272       5708.637       7428.988    0.000  -0.138   0.380   0.
  2017 352 21 21 51 514 352.890179563      -0.18      1.56     -0.83  0.        -501.605       5709.479       7428.641    0.000  -0.138   0.380   0.
  2017 352 21 21 52 514 352.890191137      -0.27      1.57     -0.57  0.        -502.939       5710.321       7428.295    0.000  -0.138   0.380   0.
  2017 352 21 21 53 514 352.890202711      -0.07      1.51     -0.49  0.        -504.272       5711.163       7427.948    0.000  -0.138   0.380   0.
  2017 352 21 21 54 514 352.890214285       0.08      1.61     -0.47  0.        -505.605       5712.004       7427.600    0.000  -0.138   0.380   0.
  2017 352 21 21 55 514 352.890225859       0.44      1.72     -0.61  0.        -506.938       5712.845       7427.253    0.000  -0.138   0.380   0.
  2017 352 21 21 56 514 352.890237433      -0.01      1.84     -0.85  0.        -508.271       5713.685       7426.904    0.000  -0.138   0.380   0.
  2017 352 21 21 57 514 352.890249008       0.17      1.79     -0.67  0.        -509.604       5714.525       7426.556    0.000  -0.138   0.380   0.
  2017 352 21 21 58 514 352.890260582      -0.37      1.57     -0.67  0.        -510.937       5715.365       7426.207    0.000  -0.138   0.380   0.
  2017 352 21 21 59 514 352.890272156      -0.63      1.55     -0.53  0.        -512.270       5716.205       7425.857    0.000  -0.138   0.380   0.
  2017 352 21 22  0 514 352.890283730      -0.56      1.70      0.00  0.        -513.603       5717.044       7425.508    0.000  -0.138   0.380   0.
  2017 352 21 22  1 514 352.890295304      -0.08      1.74     -0.07  0.        -514.936       5717.883       7425.158    0.000  -0.138   0.380   0.
  2017 352 21 22  2 514 352.890306878      -0.03      1.43     -0.44  0.        -516.269       5718.722       7424.807    0.000  -0.138   0.380   0.
  2017 352 21 22  3 514 352.890318452      -0.42      1.43     -0.48  0.        -517.602       5719.561       7424.456    0.000  -0.138   0.380   0.
  2017 352 21 22  4 514 352.890330026      -0.33      1.48     -0.49  0.        -518.935       5720.399       7424.105    0.000  -0.138   0.380   0.
  2017 352 21 22  5 514 352.890341600      -0.16      1.54     -0.58  0.        -520.267       5721.237       7423.754    0.000  -0.138   0.380   0.
  2017 352 21 22  6 514 352.890353174      -0.08      1.54     -0.50  0.        -521.600       5722.074       7423.401    0.000  -0.138   0.380   0.
  2017 352 21 22  7 514 352.890364748       0.06      1.60     -0.54  0.        -522.933       5722.911       7423.049    0.000  -0.138   0.380   0.
  2017 352 21 22  8 514 352.890376322       0.17      1.50     -0.66  0.        -524.266       5723.748       7422.696    0.000  -0.138   0.380   0.
  2017 352 21 22  9 514 352.890387896      -0.01      1.50     -0.97  0.        -525.599       5724.585       7422.343    0.000  -0.138   0.380   0.
  2017 352 21 22 10 514 352.890399471      -0.36      1.58     -0.72  0.        -526.931       5725.421       7421.989    0.000  -0.138   0.380   0.
  2017 352 21 22 11 514 352.890411045      -0.22      1.58     -0.47  0.        -528.264       5726.258       7421.635    0.000  -0.138   0.380   0.
  2017 352 21 22 12 514 352.890422619      -0.18      1.75     -0.46  0.        -529.596       5727.093       7421.281    0.000  -0.138   0.380   0.
  2017 352 21 22 13 514 352.890434193      -0.21      1.75     -0.37  0.        -530.929       5727.929       7420.926    0.000  -0.138   0.380   0.
  2017 352 21 22 14 514 352.890445767       0.02      1.56     -0.06  0.        -532.262       5728.764       7420.571    0.000  -0.138   0.380   0.
  2017 352 21 22 15 514 352.890457341       0.28      1.40     -0.21  0.        -533.594       5729.599       7420.216    0.000  -0.138   0.380   0.
  2017 352 21 22 16 514 352.890468915       0.42      1.45     -0.38  0.        -534.927       5730.434       7419.860    0.000  -0.138   0.380   0.
  2017 352 21 22 17 514 352.890480489       0.25      1.51     -0.59  0.        -536.259       5731.268       7419.504    0.000  -0.138   0.380   0.
  2017 352 21 22 18 514 352.890492063       0.15      1.53     -0.70  0.        -537.592       5732.102       7419.147    0.000  -0.138   0.380   0.
  2017 352 21 22 19 513 352.890503636      -0.09      1.46     -0.66  0.        -538.924       5732.936       7418.790    0.000  -0.138   0.380   0.
  2017 352 21 22 20 513 352.890515208      -0.03      1.59     -0.37  0.        -540.257       5733.769       7418.432    0.000  -0.138   0.380   0.
  2017 352 21 22 21 514 352.890526782       0.20      1.47     -0.74  0.        -541.589       5734.602       7418.075    0.000  -0.138   0.380   0.
  2017 352 21 22 22 514 352.890538356      -0.28      1.44     -0.59  0.        -542.921       5735.435       7417.717    0.000  -0.138   0.380   0.
  2017 352 21 22 23 513 352.890549931      -0.27      1.43     -0.35  0.        -544.254       5736.268       7417.358    0.000  -0.138   0.380   0.
  2017 352 21 22 24 513 352.890561505      -0.19      1.48     -0.29  0.        -545.586       5737.100       7416.999    0.000  -0.138   0.380   0.
  2017 352 21 22 25 514 352.890573079       0.10      1.53     -0.23  0.        -546.918       5737.932       7416.640    0.000  -0.138   0.380   0.
  2017 352 21 22 26 514 352.890584653       0.19      1.56     -0.47  0.        -548.250       5738.764       7416.280    0.000  -0.138   0.380   0.
  2017 352 21 22 27 514 352.890596227      -0.15      1.64     -0.34  0.        -549.583       5739.595       7415.920    0.000  -0.138   0.380   0.
  2017 352 21 22 28 514 352.890607801      -0.17      1.62     -0.50  0.        -550.915       5740.426       7415.559    0.000  -0.138   0.380   0.
  2017 352 21 22 29 514 352.890619375      -0.01      1.62     -0.59  0.        -552.247       5741.257       7415.199    0.000  -0.138   0.380   0.
  2017 352 21 22 30 513 352.890630949       0.11      1.57     -0.67  0.        -553.579       5742.087       7414.837    0.000  -0.138   0.380   0.
  2017 352 21 22 31 513 352.890642523       0.12      1.55     -0.72  0.        -554.911       5742.917       7414.476    0.000  -0.138   0.380   0.
  2017 352 21 22 32 513 352.890654097       0.03      1.57     -0.89  0.        -556.243       5743.747       7414.114    0.000  -0.138   0.380   0.
  2017 352 21 22 33 513 352.890665671      -0.10      1.53     -0.76  0.        -557.575       5744.577       7413.751    0.000  -0.138   0.380   0.
  2017 352 21 22 34 514 352.890677245      -0.17      1.50     -0.57  0.        -558.907       5745.406       7413.389    0.000  -0.138   0.380   0.
  2017 352 21 22 35 514 352.890688819      -0.04      1.51     -0.61  0.        -560.239       5746.235       7413.025    0.000  -0.138   0.380   0.
  2017 352 21 22 36 513 352.890700394      -0.25      1.53     -0.90  0.        -561.571       5747.064       7412.662    0.000  -0.138   0.380   0.
  2017 352 21 22 37 513 352.890711968      -0.49      1.49     -0.59  0.        -562.903       5747.892       7412.298    0.000  -0.138   0.380   0.
  2017 352 21 22 38 514 352.890723542      -0.21      1.56     -0.24  0.        -564.235       5748.720       7411.934    0.000  -0.138   0.380   0.
  2017 352 21 22 39 514 352.890735116      -0.04      1.63     -0.16  0.        -565.567       5749.548       7411.569    0.000  -0.138   0.380   0.
  2017 352 21 22 40 514 352.890746690       0.15      1.63     -0.23  0.        -566.899       5750.376       7411.204    0.000  -0.138   0.380   0.
  2017 352 21 22 41 514 352.890758264       0.33      1.59     -0.47  0.        -568.231       5751.203       7410.838    0.000  -0.138   0.380   0.
  2017 352 21 22 42 514 352.890769838       0.12      1.53     -0.75  0.        -569.562       5752.030       7410.473    0.000  -0.138   0.380   0.
  2017 352 21 22 43 513 352.890781412      -0.10      1.42     -0.91  0.        -570.894       5752.856       7410.106    0.000  -0.138   0.380   0.
  2017 352 21 22 44 513 352.890792986      -0.27      1.39     -0.65  0.        -572.226       5753.683       7409.740    0.000  -0.138   0.380   0.
  2017 352 21 22 45 513 352.890804560      -0.35      1.63     -0.46  0.        -573.558       5754.509       7409.373    0.000  -0.138   0.380   0.
  2017 352 21 22 46 513 352.890816134      -0.14      1.67     -0.37  0.        -574.889       5755.334       7409.005    0.000  -0.138   0.380   0.
  2017 352 21 22 47 513 352.890827708      -0.19      1.53     -0.64  0.        -576.221       5756.160       7408.637    0.000  -0.138   0.380   0.
  2017 352 21 22 48 513 352.890839279      -0.25      1.55     -0.40  0.        -577.553       5756.985       7408.269    0.000  -0.138   0.380   0.
  2017 352 21 22 49 513 352.890850854      -0.04      1.67     -0.46  0.        -578.884       5757.810       7407.901    0.000  -0.138   0.380   0.
  2017 352 21 22 50 513 352.890862428      -0.16      1.66     -0.48  0.        -580.216       5758.634       7407.532    0.000  -0.138   0.380   0.
  2017 352 21 22 51 513 352.890874002      -0.18      1.82     -0.49  0.        -581.547       5759.459       7407.163    0.000  -0.138   0.380   0.
  2017 352 21 22 52 513 352.890885576      -0.11      1.86     -0.51  0.        -582.879       5760.282       7406.793    0.000  -0.138   0.380   0.
  2017 352 21 22 53 513 352.890897150      -0.16      1.70     -0.43  0.        -584.210       5761.106       7406.423    0.000  -0.138   0.380   0.
  2017 352 21 22 54 513 352.890908724      -0.17      1.63     -0.61  0.        -585.542       5761.930       7406.053    0.000  -0.138   0.380   0.
  2017 352 21 22 55 513 352.890920298      -0.26      1.66     -0.55  0.        -586.873       5762.753       7405.682    0.000  -0.138   0.380   0.
  2017 352 21 22 56 513 352.890931872      -0.23      1.64     -0.41  0.        -588.204       5763.575       7405.311    0.000  -0.138   0.380   0.
  2017 352 21 22 57 513 352.890943446      -0.11      1.58     -0.34  0.        -589.536       5764.398       7404.939    0.000  -0.138   0.380   0.
  2017 352 21 22 58 513 352.890955020       0.09      1.59     -0.37  0.        -590.867       5765.220       7404.567    0.000  -0.138   0.380   0.
  2017 352 21 22 59 513 352.890966594      -0.08      1.71     -0.50  0.        -592.198       5766.042       7404.195    0.000  -0.138   0.380   0.
  2017 352 21 23  0 513 352.890978168      -0.34      1.80     -0.21  0.        -593.530       5766.864       7403.822    0.000  -0.138   0.380   0.
  2017 352 21 23  1 513 352.890989742       0.11      1.67      0.07  0.        -594.861       5767.685       7403.449    0.000  -0.138   0.380   0.
  2017 352 21 23  2 513 352.891001317       0.18      1.63     -0.22  0.        -596.192       5768.506       7403.076    0.000  -0.138   0.380   0.
  2017 352 21 23  3 513 352.891012891       0.11      1.50     -0.35  0.        -597.523       5769.326       7402.702    0.000  -0.138   0.380   0.
  2017 352 21 23  4 513 352.891024465      -0.02      1.63     -0.43  0.        -598.854       5770.147       7402.328    0.000  -0.138   0.380   0.
  2017 352 21 23  5 513 352.891036039      -0.04      1.63     -0.34  0.        -600.185       5770.967       7401.953    0.000  -0.138   0.380   0.
  2017 352 21 23  6 513 352.891047613       0.06      1.63     -0.35  0.        -601.516       5771.787       7401.578    0.000  -0.138   0.380   0.
  2017 352 21 23  7 513 352.891059187       0.03      1.63     -0.57  0.        -602.847       5772.606       7401.203    0.000  -0.138   0.380   0.
  2017 352 21 23  8 513 352.891070761       0.01      1.57     -0.62  0.        -604.178       5773.425       7400.827    0.000  -0.138   0.380   0.
  2017 352 21 23  9 513 352.891082335       0.25      1.50     -0.60  0.        -605.509       5774.244       7400.451    0.000  -0.138   0.380   0.
  2017 352 21 23 10 513 352.891093909       0.40      1.48     -0.88  0.        -606.840       5775.063       7400.074    0.000  -0.138   0.380   0.
  2017 352 21 23 11 513 352.891105483       0.00      1.47     -0.97  0.        -608.171       5775.881       7399.697    0.000  -0.138   0.380   0.
  2017 352 21 23 12 513 352.891117057      -0.17      1.50     -0.83  0.        -609.502       5776.699       7399.320    0.000  -0.138   0.380   0.
  2017 352 21 23 13 513 352.891128631      -0.42      1.61     -0.61  0.        -610.833       5777.517       7398.942    0.000  -0.138   0.380   0.
  2017 352 21 23 14 513 352.891140205      -0.35      1.56     -0.31  0.        -612.164       5778.334       7398.564    0.000  -0.138   0.380   0.
  2017 352 21 23 15 513 352.891151780      -0.07      1.52     -0.27  0.        -613.494       5779.152       7398.186    0.000  -0.138   0.380   0.
  2017 352 21 23 16 513 352.891163354       0.05      1.52     -0.32  0.        -614.825       5779.968       7397.807    0.000  -0.138   0.380   0.
  2017 352 21 23 17 513 352.891174927       0.19      1.55     -0.39  0.        -616.156       5780.785       7397.428    0.000  -0.138   0.380   0.
  2017 352 21 23 18 513 352.891186499       0.22      1.56     -0.57  0.        -617.487       5781.601       7397.048    0.000  -0.138   0.380   0.
  2017 352 21 23 19 513 352.891198073      -0.06      1.53     -0.66  0.        -618.817       5782.417       7396.668    0.000  -0.138   0.380   0.
  2017 352 21 23 20 513 352.891209647       0.10      1.56     -0.45  0.        -620.148       5783.233       7396.288    0.000  -0.138   0.380   0.
  2017 352 21 23 21 513 352.891221221       0.26      1.52     -0.65  0.        -621.478       5784.048       7395.907    0.000  -0.138   0.380   0.
  2017 352 21 23 22 513 352.891232795       0.03      1.55     -0.79  0.        -622.809       5784.863       7395.526    0.000  -0.138   0.380   0.
  2017 352 21 23 23 513 352.891244369      -0.30      1.61     -0.78  0.        -624.139       5785.678       7395.145    0.000  -0.138   0.380   0.
  2017 352 21 23 24 513 352.891255943      -0.39      1.58     -0.47  0.        -625.470       5786.492       7394.763    0.000  -0.138   0.380   0.
  2017 352 21 23 25 513 352.891267517      -0.26      1.55     -0.32  0.        -626.800       5787.306       7394.381    0.000  -0.138   0.380   0.
  2017 352 21 23 26 513 352.891279091      -0.12      1.49     -0.32  0.        -628.131       5788.120       7393.998    0.000  -0.138   0.380   0.
  2017 352 21 23 27 513 352.891290665       0.01      1.39     -0.48  0.        -629.461       5788.934       7393.615    0.000  -0.138   0.380   0.
  2017 352 21 23 28 513 352.891302240      -0.21      1.40     -0.76  0.        -630.792       5789.747       7393.232    0.000  -0.138   0.380   0.
  2017 352 21 23 29 513 352.891313814      -0.52      1.35     -0.72  0.        -632.122       5790.560       7392.848    0.000  -0.138   0.380   0.
  2017 352 21 23 30 513 352.891325388      -0.41      1.34     -0.32  0.        -633.452       5791.373       7392.464    0.000  -0.138   0.380   0.
  2017 352 21 23 31 513 352.891336962      -0.08      1.44     -0.66  0.        -634.783       5792.185       7392.079    0.000  -0.138   0.380   0.
  2017 352 21 23 32 513 352.891348536      -0.22      1.42     -0.97  0.        -636.113       5792.997       7391.695    0.000  -0.138   0.380   0.
  2017 352 21 23 33 513 352.891360110      -0.44      1.55     -0.82  0.        -637.443       5793.809       7391.309    0.000  -0.138   0.380   0.
  2017 352 21 23 34 513 352.891371684      -0.28      1.49     -0.64  0.        -638.773       5794.620       7390.924    0.000  -0.138   0.380   0.
  2017 352 21 23 35 513 352.891383258      -0.32      1.57     -0.82  0.        -640.103       5795.432       7390.538    0.000  -0.138   0.380   0.
  2017 352 21 23 36 513 352.891394832      -0.43      1.62     -0.60  0.        -641.433       5796.243       7390.151    0.000  -0.138   0.380   0.
  2017 352 21 23 37 513 352.891406406      -0.28      1.59     -0.71  0.        -642.763       5797.053       7389.764    0.000  -0.138   0.380   0.
  2017 352 21 23 38 513 352.891417980      -0.29      1.70     -0.71  0.        -644.093       5797.863       7389.377    0.000  -0.138   0.380   0.
  2017 352 21 23 39 513 352.891429554      -0.30      1.78     -0.22  0.        -645.424       5798.673       7388.990    0.000  -0.138   0.380   0.
  2017 352 21 23 40 513 352.891441128      -0.14      1.76      0.18  0.        -646.753       5799.483       7388.602    0.000  -0.138   0.380   0.
  2017 352 21 23 41 513 352.891452703       0.34      1.81     -0.18  0.        -648.083       5800.293       7388.213    0.000  -0.138   0.380   0.
  2017 352 21 23 42 513 352.891464277       0.18      1.75     -0.59  0.        -649.413       5801.102       7387.825    0.000  -0.138   0.380   0.
  2017 352 21 23 43 513 352.891475851      -0.14      1.57     -0.77  0.        -650.743       5801.911       7387.436    0.000  -0.138   0.380   0.
  2017 352 21 23 44 513 352.891487425      -0.23      1.52     -0.61  0.        -652.073       5802.719       7387.046    0.000  -0.138   0.380   0.
  2017 352 21 23 45 513 352.891498999      -0.13      1.48     -0.51  0.        -653.403       5803.527       7386.657    0.000  -0.138   0.380   0.
  2017 352 21 23 46 513 352.891510573      -0.03      1.47     -0.44  0.        -654.733       5804.335       7386.266    0.000  -0.138   0.380   0.
  2017 352 21 23 47 513 352.891522146       0.03      1.61     -0.36  0.        -656.062       5805.143       7385.876    0.000  -0.138   0.380   0.
  2017 352 21 23 48 513 352.891533718      -0.12      1.63     -0.38  0.        -657.392       5805.950       7385.485    0.000  -0.138   0.380   0.
  2017 352 21 23 49 513 352.891545292      -0.15      1.72     -0.18  0.        -658.722       5806.757       7385.093    0.000  -0.138   0.380   0.
  2017 352 21 23 50 513 352.891556866       0.07      1.64     -0.22  0.        -660.051       5807.564       7384.702    0.000  -0.138   0.380   0.
  2017 352 21 23 51 513 352.891568440       0.21      1.57     -0.64  0.        -661.381       5808.370       7384.310    0.000  -0.138   0.380   0.
  2017 352 21 23 52 513 352.891580014      -0.15      1.59     -1.06  0.        -662.710       5809.176       7383.917    0.000  -0.138   0.380   0.
  2017 352 21 23 53 513 352.891591589      -0.27      1.64     -0.70  0.        -664.040       5809.982       7383.524    0.000  -0.138   0.380   0.
  2017 352 21 23 54 513 352.891603163      -0.45      1.62     -0.51  0.        -665.369       5810.788       7383.131    0.000  -0.138   0.380   0.
  2017 352 21 23 55 513 352.891614737      -0.44      1.60     -0.36  0.        -666.699       5811.593       7382.738    0.000  -0.138   0.380   0.
  2017 352 21 23 56 513 352.891626311      -0.24      1.54     -0.44  0.        -668.028       5812.398       7382.344    0.000  -0.138   0.380   0.
  2017 352 21 23 57 513 352.891637885      -0.09      1.49     -0.57  0.        -669.358       5813.203       7381.949    0.000  -0.138   0.380   0.
  2017 352 21 23 58 513 352.891649459      -0.03      1.49     -0.73  0.        -670.687       5814.007       7381.555    0.000  -0.138   0.380   0.
  2017 352 21 23 59 513 352.891661033      -0.07      1.50     -0.87  0.        -672.016       5814.811       7381.159    0.000  -0.138   0.380   0.
  2017 352 21 24  0 513 352.891672607      -0.26      1.48     -0.95  0.        -673.346       5815.615       7380.764    0.000  -0.138   0.380   0.
  2017 352 21 24  1 513 352.891684181      -0.70      1.63     -0.59  0.        -674.675       5816.418       7380.368    0.000  -0.138   0.380   0.
  2017 352 21 24  2 513 352.891695755      -0.77      1.63     -0.16  0.        -676.004       5817.221       7379.972    0.000  -0.138   0.380   0.
  2017 352 21 24  3 513 352.891707329      -0.40      1.29     -0.11  0.        -677.333       5818.024       7379.575    0.000  -0.138   0.380   0.
  2017 352 21 24  4 513 352.891718903      -0.25      1.60     -0.43  0.        -678.663       5818.827       7379.178    0.000  -0.138   0.380   0.
  2017 352 21 24  5 513 352.891730477       0.06      1.81      0.01  0.        -679.992       5819.629       7378.781    0.000  -0.138   0.380   0.
  2017 352 21 24  6 513 352.891742052       0.22      1.91     -0.36  0.        -681.321       5820.431       7378.383    0.000  -0.138   0.380   0.
  2017 352 21 24  7 513 352.891753626       0.09      2.03     -0.62  0.        -682.650       5821.233       7377.985    0.000  -0.138   0.380   0.
  2017 352 21 24  8 513 352.891765200      -0.24      1.75     -0.60  0.        -683.979       5822.034       7377.586    0.000  -0.138   0.380   0.
  2017 352 21 24  9 513 352.891776774      -0.13      1.65     -0.48  0.        -685.308       5822.835       7377.187    0.000  -0.138   0.380   0.
  2017 352 21 24 10 513 352.891788348      -0.13      1.61     -0.47  0.        -686.637       5823.636       7376.788    0.000  -0.138   0.380   0.
  2017 352 21 24 11 513 352.891799922      -0.02      1.66     -0.27  0.        -687.966       5824.436       7376.389    0.000  -0.138   0.380   0.
  2017 352 21 24 12 513 352.891811496      -0.03      1.61     -0.45  0.        -689.294       5825.236       7375.989    0.000  -0.138   0.380   0.
  2017 352 21 24 13 513 352.891823070      -0.09      1.53     -0.45  0.        -690.623       5826.037       7375.588    0.000  -0.138   0.380   0.
  2017 352 21 24 14 513 352.891834644       0.15      1.58     -0.47  0.        -691.952       5826.836       7375.187    0.000  -0.138   0.380   0.
  2017 352 21 24 15 513 352.891846218       0.10      1.56     -0.59  0.        -693.281       5827.635       7374.786    0.000  -0.138   0.380   0.
  2017 352 21 24 16 513 352.891857792       0.02      1.68     -0.65  0.        -694.610       5828.434       7374.385    0.000  -0.138   0.380   0.
  2017 352 21 24 17 513 352.891869365      -0.02      1.56     -0.55  0.        -695.938       5829.233       7373.983    0.000  -0.138   0.380   0.
  2017 352 21 24 18 512 352.891880937      -0.14      1.54     -0.56  0.        -697.267       5830.032       7373.580    0.000  -0.138   0.380   0.
  2017 352 21 24 19 512 352.891892512      -0.10      1.49     -0.40  0.        -698.596       5830.830       7373.178    0.000  -0.138   0.380   0.
  2017 352 21 24 20 513 352.891904086       0.03      1.66     -0.52  0.        -699.924       5831.627       7372.775    0.000  -0.138   0.380   0.
  2017 352 21 24 21 513 352.891915660      -0.42      1.40     -0.81  0.        -701.253       5832.425       7372.371    0.000  -0.138   0.380   0.
  2017 352 21 24 22 513 352.891927234      -0.41      1.46     -0.42  0.        -702.581       5833.222       7371.967    0.000  -0.138   0.380   0.
  2017 352 21 24 23 513 352.891938808      -0.23      1.37     -0.55  0.        -703.910       5834.019       7371.563    0.000  -0.138   0.380   0.
  2017 352 21 24 24 513 352.891950382      -0.34      1.31     -0.64  0.        -705.238       5834.816       7371.159    0.000  -0.138   0.380   0.
  2017 352 21 24 25 512 352.891961956      -0.26      1.60     -0.41  0.        -706.567       5835.612       7370.754    0.000  -0.138   0.380   0.
  2017 352 21 24 26 512 352.891973530      -0.11      1.66     -0.32  0.        -707.895       5836.408       7370.349    0.000  -0.138   0.380   0.
  2017 352 21 24 27 512 352.891985104      -0.15      1.58     -0.67  0.        -709.223       5837.204       7369.943    0.000  -0.138   0.380   0.
  2017 352 21 24 28 512 352.891996678      -0.41      1.52     -0.83  0.        -710.552       5837.999       7369.537    0.000  -0.138   0.380   0.
  2017 352 21 24 29 512 352.892008252      -0.59      1.49     -0.62  0.        -711.880       5838.794       7369.130    0.000  -0.138   0.380   0.
  2017 352 21 24 30 513 352.892019826      -0.38      1.54     -0.68  0.        -713.208       5839.589       7368.724    0.000  -0.138   0.380   0.
  2017 352 21 24 31 513 352.892031400      -0.50      1.48     -0.90  0.        -714.536       5840.384       7368.316    0.000  -0.138   0.380   0.
  2017 352 21 24 32 512 352.892042975      -0.63      1.62     -0.55  0.        -715.865       5841.178       7367.909    0.000  -0.138   0.380   0.
  2017 352 21 24 33 512 352.892054549      -0.47      1.80     -0.41  0.        -717.192       5841.972       7367.501    0.000  -0.138   0.380   0.
  2017 352 21 24 34 513 352.892066123      -0.66      1.61     -0.44  0.        -718.520       5842.765       7367.093    0.000  -0.138   0.380   0.
  2017 352 21 24 35 513 352.892077697      -0.36      1.39     -0.69  0.        -719.848       5843.559       7366.684    0.000  -0.138   0.380   0.
  2017 352 21 24 36 513 352.892089271      -0.25      1.42     -0.84  0.        -721.177       5844.352       7366.275    0.000  -0.138   0.380   0.
  2017 352 21 24 37 513 352.892100845      -0.15      1.48     -1.09  0.        -722.505       5845.144       7365.865    0.000  -0.138   0.380   0.
  2017 352 21 24 38 513 352.892112419      -0.32      1.48     -0.74  0.        -723.832       5845.937       7365.456    0.000  -0.138   0.380   0.
  2017 352 21 24 39 512 352.892123993      -0.29      1.48     -0.68  0.        -725.160       5846.729       7365.045    0.000  -0.138   0.380   0.
  2017 352 21 24 40 512 352.892135567      -0.19      1.38     -0.70  0.        -726.488       5847.521       7364.635    0.000  -0.138   0.380   0.
  2017 352 21 24 41 512 352.892147141      -0.39      1.36     -0.90  0.        -727.816       5848.312       7364.224    0.000  -0.138   0.380   0.
  2017 352 21 24 42 512 352.892158715      -0.35      1.43     -1.07  0.        -729.144       5849.104       7363.812    0.000  -0.138   0.380   0.
  2017 352 21 24 43 512 352.892170289      -0.56      1.40     -0.95  0.        -730.472       5849.895       7363.401    0.000  -0.138   0.380   0.
  2017 352 21 24 44 513 352.892181863      -0.53      1.35     -1.29  0.        -731.799       5850.685       7362.989    0.000  -0.138   0.380   0.
  2017 352 21 24 45 512 352.892193437      -0.57      1.57     -0.42  0.        -733.127       5851.476       7362.576    0.000  -0.138   0.380   0.
  2017 352 21 24 46 512 352.892205009      -0.04      1.78     -0.70  0.        -734.455       5852.266       7362.163    0.000  -0.138   0.380   0.
  2017 352 21 24 47 512 352.892216583      -0.36      1.54     -1.02  0.        -735.782       5853.055       7361.750    0.000  -0.138   0.380   0.
  2017 352 21 24 48 512 352.892228157      -0.29      1.52     -0.55  0.        -737.110       5853.845       7361.337    0.000  -0.138   0.380   0.
  2017 352 21 24 49 512 352.892239731      -0.28      1.73     -0.50  0.        -738.437       5854.634       7360.923    0.000  -0.138   0.380   0.
  2017 352 21 24 50 512 352.892251305      -0.33      1.80     -0.46  0.        -739.765       5855.423       7360.508    0.000  -0.138   0.380   0.
  2017 352 21 24 51 512 352.892262879      -0.36      1.68     -0.25  0.        -741.092       5856.211       7360.094    0.000  -0.138   0.380   0.
  2017 352 21 24 52 512 352.892274453      -0.18      1.40     -0.15  0.        -742.420       5857.000       7359.679    0.000  -0.138   0.380   0.
  2017 352 21 24 53 512 352.892286027      -0.05      1.42     -0.42  0.        -743.747       5857.788       7359.263    0.000  -0.138   0.380   0.
  2017 352 21 24 54 512 352.892297601      -0.12      1.49     -0.65  0.        -745.074       5858.575       7358.847    0.000  -0.138   0.380   0.
  2017 352 21 24 55 512 352.892309175      -0.20      1.53     -0.61  0.        -746.402       5859.363       7358.431    0.000  -0.138   0.380   0.
  2017 352 21 24 56 512 352.892320749      -0.12      1.51     -0.58  0.        -747.729       5860.150       7358.015    0.000  -0.138   0.380   0.
  2017 352 21 24 57 512 352.892332323       0.07      1.34     -0.65  0.        -749.056       5860.937       7357.597    0.000  -0.138   0.380   0.
  2017 352 21 24 58 512 352.892343898       0.04      1.42     -0.63  0.        -750.383       5861.723       7357.180    0.000  -0.138   0.380   0.
  2017 352 21 24 59 512 352.892355472      -0.04      1.56     -0.64  0.        -751.710       5862.509       7356.762    0.000  -0.138   0.380   0.
  2017 352 21 25  0 512 352.892367046      -0.53      1.97     -0.49  0.        -753.038       5863.295       7356.344    0.000  -0.138   0.380   0.
  2017 352 21 25  1 512 352.892378620      -0.05      2.10     -0.32  0.        -754.365       5864.081       7355.926    0.000  -0.138   0.380   0.
  2017 352 21 25  2 512 352.892390194       0.32      1.84     -0.58  0.        -755.692       5864.866       7355.507    0.000  -0.138   0.380   0.
  2017 352 21 25  3 512 352.892401768      -0.01      1.40     -0.63  0.        -757.019       5865.651       7355.088    0.000  -0.138   0.380   0.
  2017 352 21 25  4 512 352.892413342       0.06      1.34     -0.63  0.        -758.346       5866.436       7354.668    0.000  -0.138   0.380   0.
  2017 352 21 25  5 512 352.892424916      -0.20      1.35     -0.59  0.        -759.673       5867.220       7354.248    0.000  -0.138   0.380   0.
  2017 352 21 25  6 512 352.892436490      -0.39      1.42     -0.61  0.        -760.999       5868.004       7353.828    0.000  -0.138   0.380   0.
  2017 352 21 25  7 512 352.892448064      -0.14      1.59     -0.64  0.        -762.326       5868.788       7353.407    0.000  -0.138   0.380   0.
  2017 352 21 25  8 512 352.892459638      -0.08      1.60     -0.84  0.        -763.653       5869.571       7352.986    0.000  -0.138   0.380   0.
  2017 352 21 25  9 512 352.892471212      -0.14      1.52     -0.73  0.        -764.980       5870.355       7352.565    0.000  -0.138   0.380   0.
  2017 352 21 25 10 512 352.892482786       0.12      1.55     -0.50  0.        -766.307       5871.138       7352.143    0.000  -0.138   0.380   0.
  2017 352 21 25 11 512 352.892494361       0.14      1.53     -0.63  0.        -767.633       5871.920       7351.721    0.000  -0.138   0.380   0.
  2017 352 21 25 12 512 352.892505935      -0.26      1.43     -0.89  0.        -768.960       5872.702       7351.298    0.000  -0.138   0.380   0.
  2017 352 21 25 13 512 352.892517509      -0.57      1.50     -0.52  0.        -770.286       5873.484       7350.875    0.000  -0.138   0.380   0.
  2017 352 21 25 14 512 352.892529083      -0.43      1.38     -0.54  0.        -771.613       5874.266       7350.452    0.000  -0.138   0.380   0.
  2017 352 21 25 15 512 352.892540656      -0.21      1.41     -0.93  0.        -772.939       5875.048       7350.028    0.000  -0.138   0.380   0.
  2017 352 21 25 16 512 352.892552228      -0.02      1.43     -1.07  0.        -774.266       5875.829       7349.604    0.000  -0.138   0.380   0.
  2017 352 21 25 17 512 352.892563802      -0.15      1.22     -1.09  0.        -775.592       5876.609       7349.180    0.000  -0.138   0.380   0.
  2017 352 21 25 18 512 352.892575376       0.01      1.36     -0.81  0.        -776.919       5877.390       7348.755    0.000  -0.138   0.380   0.
  2017 352 21 25 19 512 352.892586950       0.26      1.58     -0.53  0.        -778.245       5878.170       7348.330    0.000  -0.138   0.380   0.
  2017 352 21 25 20 512 352.892598524       0.38      1.57     -0.58  0.        -779.571       5878.950       7347.904    0.000  -0.138   0.380   0.
  2017 352 21 25 21 512 352.892610098       0.09      1.62     -0.37  0.        -780.898       5879.730       7347.478    0.000  -0.138   0.380   0.
  2017 352 21 25 22 512 352.892621672       0.30      1.89     -0.44  0.        -782.224       5880.509       7347.052    0.000  -0.138   0.380   0.
  2017 352 21 25 23 512 352.892633247       0.16      1.85     -0.49  0.        -783.550       5881.288       7346.625    0.000  -0.138   0.380   0.
  2017 352 21 25 24 512 352.892644821       0.10      1.69     -0.67  0.        -784.876       5882.067       7346.198    0.000  -0.138   0.380   0.
  2017 352 21 25 25 512 352.892656395       0.05      1.56     -0.69  0.        -786.202       5882.845       7345.771    0.000  -0.138   0.380   0.
  2017 352 21 25 26 512 352.892667969       0.13      1.47     -0.68  0.        -787.529       5883.623       7345.343    0.000  -0.138   0.380   0.
  2017 352 21 25 27 512 352.892679543       0.19      1.45     -0.77  0.        -788.855       5884.401       7344.915    0.000  -0.138   0.380   0.
  2017 352 21 25 28 512 352.892691117       0.02      1.44     -0.89  0.        -790.181       5885.179       7344.486    0.000  -0.138   0.380   0.
  2017 352 21 25 29 512 352.892702691      -0.12      1.40     -0.66  0.        -791.507       5885.956       7344.057    0.000  -0.138   0.380   0.
  2017 352 21 25 30 512 352.892714265      -0.04      1.40     -0.56  0.        -792.832       5886.733       7343.628    0.000  -0.138   0.380   0.
  2017 352 21 25 31 512 352.892725839       0.06      1.35     -0.57  0.        -794.158       5887.509       7343.198    0.000  -0.138   0.380   0.
  2017 352 21 25 32 512 352.892737413       0.23      1.30     -0.59  0.        -795.484       5888.286       7342.768    0.000  -0.138   0.380   0.
  2017 352 21 25 33 512 352.892748987       0.35      1.36     -0.79  0.        -796.810       5889.062       7342.338    0.000  -0.138   0.380   0.
  2017 352 21 25 34 512 352.892760561       0.09      1.48     -1.07  0.        -798.136       5889.837       7341.907    0.000  -0.138   0.380   0.
  2017 352 21 25 35 512 352.892772135      -0.27      1.35     -1.04  0.        -799.462       5890.613       7341.476    0.000  -0.138   0.380   0.
  2017 352 21 25 36 512 352.892783710      -0.28      1.24     -0.74  0.        -800.787       5891.388       7341.044    0.000  -0.138   0.380   0.
  2017 352 21 25 37 512 352.892795284      -0.04      1.14     -0.68  0.        -802.113       5892.163       7340.612    0.000  -0.138   0.380   0.
  2017 352 21 25 38 512 352.892806858       0.10      1.14     -0.74  0.        -803.438       5892.937       7340.180    0.000  -0.138   0.380   0.
  2017 352 21 25 39 512 352.892818432      -0.01      1.32     -0.81  0.        -804.764       5893.712       7339.747    0.000  -0.138   0.380   0.
  2017 352 21 25 40 512 352.892830006       0.02      1.56     -0.80  0.        -806.090       5894.486       7339.314    0.000  -0.138   0.380   0.
  2017 352 21 25 41 512 352.892841580      -0.07      1.54     -0.81  0.        -807.415       5895.259       7338.881    0.000  -0.138   0.380   0.
  2017 352 21 25 42 512 352.892853154      -0.30      1.37     -0.75  0.        -808.740       5896.032       7338.447    0.000  -0.138   0.380   0.
  2017 352 21 25 43 512 352.892864728      -0.48      1.41     -0.42  0.        -810.066       5896.806       7338.013    0.000  -0.138   0.380   0.
  2017 352 21 25 44 512 352.892876302      -0.14      1.47     -0.29  0.        -811.391       5897.578       7337.578    0.000  -0.138   0.380   0.
  2017 352 21 25 45 512 352.892887876      -0.00      1.41     -0.31  0.        -812.716       5898.351       7337.143    0.000  -0.138   0.380   0.
  2017 352 21 25 46 512 352.892899450       0.07      1.49     -0.37  0.        -814.042       5899.123       7336.708    0.000  -0.138   0.380   0.
  2017 352 21 25 47 512 352.892911023       0.02      1.52     -0.42  0.        -815.367       5899.895       7336.273    0.000  -0.138   0.380   0.
  2017 352 21 25 48 512 352.892922595      -0.12      1.75     -0.36  0.        -816.692       5900.666       7335.836    0.000  -0.138   0.380   0.
  2017 352 21 25 49 512 352.892934170      -0.09      1.98     -0.31  0.        -818.017       5901.437       7335.400    0.000  -0.138   0.380   0.
  2017 352 21 25 50 512 352.892945744      -0.35      1.79     -0.57  0.        -819.342       5902.208       7334.963    0.000  -0.138   0.380   0.
  2017 352 21 25 51 512 352.892957318      -0.42      1.72      0.08  0.        -820.667       5902.979       7334.526    0.000  -0.138   0.380   0.
  2017 352 21 25 52 512 352.892968892       0.07      1.79      0.27  0.        -821.992       5903.749       7334.089    0.000  -0.138   0.380   0.
  2017 352 21 25 53 512 352.892980466       0.54      1.81     -0.21  0.        -823.317       5904.519       7333.651    0.000  -0.138   0.380   0.
  2017 352 21 25 54 512 352.892992040       0.50      2.02     -1.11  0.        -824.642       5905.289       7333.213    0.000  -0.138   0.380   0.
  2017 352 21 25 55 512 352.893003614      -0.32      1.77     -1.30  0.        -825.967       5906.059       7332.774    0.000  -0.138   0.380   0.
  2017 352 21 25 56 512 352.893015188      -0.91      1.70     -0.74  0.        -827.292       5906.828       7332.335    0.000  -0.138   0.380   0.
  2017 352 21 25 57 512 352.893026762      -0.73      1.68     -0.04  0.        -828.617       5907.597       7331.896    0.000  -0.138   0.380   0.
  2017 352 21 25 58 512 352.893038336      -0.43      1.69      0.11  0.        -829.942       5908.365       7331.456    0.000  -0.138   0.380   0.
  2017 352 21 25 59 512 352.893049910      -0.34      1.55      0.16  0.        -831.266       5909.133       7331.016    0.000  -0.138   0.380   0.
  2017 352 21 26  0 512 352.893061484       0.13      1.42     -0.11  0.        -832.591       5909.901       7330.575    0.000  -0.138   0.380   0.
  2017 352 21 26  1 512 352.893073058       0.33      1.35     -0.77  0.        -833.916       5910.669       7330.134    0.000  -0.138   0.380   0.
  2017 352 21 26  2 512 352.893084633      -0.14      1.41     -1.01  0.        -835.240       5911.436       7329.693    0.000  -0.138   0.380   0.
  2017 352 21 26  3 512 352.893096207      -0.28      1.47     -0.69  0.        -836.565       5912.203       7329.252    0.000  -0.138   0.380   0.
  2017 352 21 26  4 512 352.893107781       0.08      1.41     -0.72  0.        -837.889       5912.970       7328.810    0.000  -0.138   0.380   0.
  2017 352 21 26  5 512 352.893119355      -0.01      1.31     -0.99  0.        -839.214       5913.737       7328.367    0.000  -0.138   0.380   0.
  2017 352 21 26  6 512 352.893130929      -0.07      1.29     -1.19  0.        -840.538       5914.503       7327.925    0.000  -0.138   0.380   0.
  2017 352 21 26  7 512 352.893142503      -0.26      1.39     -1.24  0.        -841.863       5915.269       7327.481    0.000  -0.138   0.380   0.
  2017 352 21 26  8 512 352.893154077      -0.48      1.59     -0.97  0.        -843.187       5916.034       7327.038    0.000  -0.138   0.380   0.
  2017 352 21 26  9 512 352.893165651      -0.64      1.72     -0.74  0.        -844.511       5916.799       7326.594    0.000  -0.138   0.380   0.
  2017 352 21 26 10 512 352.893177225      -0.43      1.56     -0.29  0.        -845.836       5917.564       7326.150    0.000  -0.138   0.380   0.
  2017 352 21 26 11 512 352.893188799      -0.19      1.43     -0.18  0.        -847.160       5918.329       7325.705    0.000  -0.138   0.380   0.
  2017 352 21 26 12 512 352.893200373       0.25      1.31     -0.14  0.        -848.484       5919.093       7325.261    0.000  -0.138   0.380   0.
  2017 352 21 26 13 512 352.893211947       0.43      1.50     -0.45  0.        -849.808       5919.857       7324.815    0.000  -0.138   0.380   0.
  2017 352 21 26 14 512 352.893223521       0.47      1.47     -0.49  0.        -851.132       5920.621       7324.369    0.000  -0.138   0.380   0.
  2017 352 21 26 15 512 352.893235095       0.54      1.40     -0.61  0.        -852.456       5921.385       7323.923    0.000  -0.138   0.380   0.
  2017 352 21 26 16 512 352.893246670       0.40      1.42     -0.97  0.        -853.780       5922.148       7323.477    0.000  -0.138   0.380   0.
  2017 352 21 26 17 512 352.893258243      -0.13      1.40     -1.30  0.        -855.104       5922.911       7323.030    0.000  -0.138   0.380   0.
  2017 352 21 26 18 512 352.893269815      -0.56      1.34     -1.28  0.        -856.428       5923.673       7322.583    0.000  -0.138   0.380   0.
  2017 352 21 26 19 512 352.893281389      -0.68      1.27     -1.22  0.        -857.752       5924.436       7322.136    0.000  -0.138   0.380   0.
  2017 352 21 26 20 512 352.893292963      -0.83      1.28     -1.04  0.        -859.076       5925.197       7321.688    0.000  -0.138   0.380   0.
  2017 352 21 26 21 511 352.893304537      -0.80      1.29     -0.86  0.        -860.400       5925.959       7321.239    0.000  -0.138   0.380   0.
  2017 352 21 26 22 511 352.893316111      -0.51      1.47     -0.65  0.        -861.723       5926.721       7320.791    0.000  -0.138   0.380   0.
  2017 352 21 26 23 511 352.893327685      -0.53      1.80     -0.60  0.        -863.047       5927.482       7320.342    0.000  -0.138   0.380   0.
  2017 352 21 26 24 511 352.893339259      -0.69      1.89     -0.66  0.        -864.371       5928.242       7319.892    0.000  -0.138   0.380   0.
  2017 352 21 26 25 511 352.893350833      -0.99      1.95     -0.72  0.        -865.694       5929.003       7319.443    0.000  -0.138   0.380   0.
  2017 352 21 26 26 512 352.893362407      -1.12      2.14     -0.53  0.        -867.018       5929.763       7318.992    0.000  -0.138   0.380   0.
  2017 352 21 26 27 512 352.893373982      -1.09      1.87     -0.58  0.        -868.341       5930.523       7318.542    0.000  -0.138   0.380   0.
  2017 352 21 26 28 511 352.893385556      -0.83      1.66     -0.22  0.        -869.665       5931.282       7318.091    0.000  -0.138   0.380   0.
  2017 352 21 26 29 511 352.893397130      -0.46      1.61     -0.05  0.        -870.988       5932.042       7317.640    0.000  -0.138   0.380   0.
  2017 352 21 26 30 512 352.893408704      -0.23      1.55     -0.26  0.        -872.312       5932.801       7317.188    0.000  -0.138   0.380   0.
  2017 352 21 26 31 512 352.893420278      -0.07      1.49     -0.42  0.        -873.635       5933.559       7316.736    0.000  -0.138   0.380   0.
  2017 352 21 26 32 512 352.893431852       0.18      1.45     -0.48  0.        -874.958       5934.318       7316.284    0.000  -0.138   0.380   0.
  2017 352 21 26 33 512 352.893443426       0.30      1.51     -0.74  0.        -876.282       5935.076       7315.831    0.000  -0.138   0.380   0.
  2017 352 21 26 34 512 352.893455000       0.08      1.56     -0.85  0.        -877.605       5935.833       7315.378    0.000  -0.138   0.380   0.
  2017 352 21 26 35 511 352.893466574      -0.04      1.56     -0.73  0.        -878.928       5936.591       7314.925    0.000  -0.138   0.380   0.
  2017 352 21 26 36 511 352.893478148      -0.03      1.60     -0.38  0.        -880.251       5937.348       7314.471    0.000  -0.138   0.380   0.
  2017 352 21 26 37 511 352.893489722      -0.28      1.80     -0.49  0.        -881.574       5938.105       7314.017    0.000  -0.138   0.380   0.
  2017 352 21 26 38 511 352.893501296      -0.62      1.89     -0.39  0.        -882.897       5938.862       7313.562    0.000  -0.138   0.380   0.
  2017 352 21 26 39 512 352.893512870      -0.72      2.15      0.05  0.        -884.220       5939.618       7313.107    0.000  -0.138   0.380   0.
  2017 352 21 26 40 512 352.893524444      -0.53      1.96      0.04  0.        -885.543       5940.374       7312.652    0.000  -0.138   0.380   0.
  2017 352 21 26 41 511 352.893536019      -0.28      1.63     -0.34  0.        -886.866       5941.130       7312.196    0.000  -0.138   0.380   0.
  2017 352 21 26 42 511 352.893547593      -0.58      1.72     -0.40  0.        -888.189       5941.885       7311.740    0.000  -0.138   0.380   0.
  2017 352 21 26 43 512 352.893559167      -0.41      2.02     -0.33  0.        -889.512       5942.640       7311.284    0.000  -0.138   0.380   0.
  2017 352 21 26 44 512 352.893570741      -0.35      1.92     -0.47  0.        -890.834       5943.395       7310.827    0.000  -0.138   0.380   0.
  2017 352 21 26 45 512 352.893582314      -0.26      1.65     -0.58  0.        -892.157       5944.149       7310.370    0.000  -0.138   0.380   0.
  2017 352 21 26 46 511 352.893593886      -0.31      1.87     -0.53  0.        -893.480       5944.903       7309.912    0.000  -0.138   0.380   0.
  2017 352 21 26 47 511 352.893605460      -0.75      2.12     -0.80  0.        -894.803       5945.657       7309.454    0.000  -0.138   0.380   0.
  2017 352 21 26 48 511 352.893617034      -0.97      2.00     -0.55  0.        -896.125       5946.411       7308.996    0.000  -0.138   0.380   0.
  2017 352 21 26 49 511 352.893628608      -0.68      1.84     -0.31  0.        -897.448       5947.164       7308.537    0.000  -0.138   0.380   0.
  2017 352 21 26 50 511 352.893640182      -0.05      1.86     -0.26  0.        -898.770       5947.917       7308.078    0.000  -0.138   0.380   0.
  2017 352 21 26 51 511 352.893651756       0.19      1.89     -0.26  0.        -900.093       5948.670       7307.619    0.000  -0.138   0.380   0.
  2017 352 21 26 52 511 352.893663330       0.03      1.94     -0.46  0.        -901.415       5949.422       7307.159    0.000  -0.138   0.380   0.
  2017 352 21 26 53 511 352.893674905      -0.12      1.94     -0.19  0.        -902.737       5950.174       7306.699    0.000  -0.138   0.380   0.
  2017 352 21 26 54 511 352.893686479      -0.01      1.71     -0.29  0.        -904.060       5950.926       7306.239    0.000  -0.138   0.380   0.
  2017 352 21 26 55 511 352.893698053      -0.32      1.30     -0.61  0.        -905.382       5951.677       7305.778    0.000  -0.138   0.380   0.
  2017 352 21 26 56 511 352.893709627      -0.18      1.38     -0.45  0.        -906.704       5952.429       7305.317    0.000  -0.138   0.380   0.
  2017 352 21 26 57 511 352.893721201      -0.29      1.64     -0.85  0.        -908.026       5953.179       7304.855    0.000  -0.138   0.380   0.
  2017 352 21 26 58 511 352.893732775      -0.58      1.53     -0.57  0.        -909.348       5953.930       7304.393    0.000  -0.138   0.380   0.
  2017 352 21 26 59 511 352.893744349      -0.41      1.53     -0.60  0.        -910.671       5954.680       7303.931    0.000  -0.138   0.380   0.
  2017 352 21 27  0 511 352.893755923      -0.60      1.53     -0.63  0.        -911.993       5955.430       7303.468    0.000  -0.138   0.380   0.
  2017 352 21 27  1 511 352.893767497      -0.58      1.68     -0.26  0.        -913.315       5956.180       7303.005    0.000  -0.138   0.380   0.
  2017 352 21 27  2 511 352.893779071      -0.37      1.53     -0.38  0.        -914.636       5956.929       7302.542    0.000  -0.138   0.380   0.
  2017 352 21 27  3 511 352.893790645      -0.20      1.49     -0.24  0.        -915.958       5957.678       7302.078    0.000  -0.138   0.380   0.
  2017 352 21 27  4 511 352.893802219      -0.05      1.63     -0.34  0.        -917.280       5958.427       7301.613    0.000  -0.138   0.380   0.
  2017 352 21 27  5 511 352.893813793       0.02      1.77     -0.37  0.        -918.602       5959.176       7301.149    0.000  -0.138   0.380   0.
  2017 352 21 27  6 511 352.893825367      -0.08      1.86     -0.58  0.        -919.924       5959.924       7300.684    0.000  -0.138   0.380   0.
  2017 352 21 27  7 511 352.893836942      -0.24      1.67     -0.44  0.        -921.245       5960.672       7300.219    0.000  -0.138   0.380   0.
  2017 352 21 27  8 511 352.893848516      -0.17      1.61     -0.38  0.        -922.567       5961.419       7299.753    0.000  -0.138   0.380   0.
  2017 352 21 27  9 511 352.893860090      -0.02      1.75     -0.60  0.        -923.889       5962.166       7299.287    0.000  -0.138   0.380   0.
  2017 352 21 27 10 511 352.893871664      -0.56      1.55     -0.98  0.        -925.210       5962.913       7298.821    0.000  -0.138   0.380   0.
  2017 352 21 27 11 511 352.893883238      -0.88      1.43     -0.60  0.        -926.532       5963.660       7298.354    0.000  -0.138   0.380   0.
  2017 352 21 27 12 511 352.893894812      -0.76      1.55     -0.47  0.        -927.853       5964.406       7297.887    0.000  -0.138   0.380   0.
  2017 352 21 27 13 511 352.893906386      -0.71      1.50     -0.65  0.        -929.175       5965.152       7297.419    0.000  -0.138   0.380   0.
  2017 352 21 27 14 511 352.893917960      -0.54      1.32     -0.81  0.        -930.496       5965.898       7296.952    0.000  -0.138   0.380   0.
  2017 352 21 27 15 511 352.893929533      -0.46      1.18     -0.77  0.        -931.818       5966.644       7296.483    0.000  -0.138   0.380   0.
  2017 352 21 27 16 511 352.893941105      -0.21      1.25     -0.74  0.        -933.139       5967.389       7296.015    0.000  -0.138   0.380   0.
  2017 352 21 27 17 511 352.893952679      -0.22      1.59     -1.04  0.        -934.460       5968.134       7295.546    0.000  -0.138   0.380   0.
  2017 352 21 27 18 511 352.893964253      -0.96      1.55     -0.64  0.        -935.781       5968.878       7295.077    0.000  -0.138   0.380   0.
  2017 352 21 27 19 511 352.893975828      -0.30      1.59     -0.40  0.        -937.102       5969.623       7294.607    0.000  -0.138   0.380   0.
  2017 352 21 27 20 511 352.893987402      -0.62      1.56     -0.81  0.        -938.423       5970.367       7294.137    0.000  -0.138   0.380   0.
  2017 352 21 27 21 511 352.893998976      -0.52      1.67     -0.17  0.        -939.745       5971.110       7293.666    0.000  -0.138   0.380   0.
  2017 352 21 27 22 511 352.894010550      -0.35      1.52     -0.08  0.        -941.066       5971.854       7293.196    0.000  -0.138   0.380   0.
  2017 352 21 27 23 511 352.894022124      -0.14      1.53     -0.13  0.        -942.387       5972.597       7292.724    0.000  -0.138   0.380   0.
  2017 352 21 27 24 511 352.894033698      -0.01      1.79     -0.53  0.        -943.707       5973.339       7292.253    0.000  -0.138   0.380   0.
  2017 352 21 27 25 511 352.894045272      -0.28      1.75     -1.00  0.        -945.028       5974.082       7291.781    0.000  -0.138   0.380   0.
  2017 352 21 27 26 511 352.894056846      -0.75      1.71     -0.82  0.        -946.349       5974.824       7291.309    0.000  -0.138   0.380   0.
  2017 352 21 27 27 511 352.894068420      -0.66      1.55     -0.41  0.        -947.670       5975.566       7290.836    0.000  -0.138   0.380   0.
  2017 352 21 27 28 511 352.894079994      -0.31      1.53     -0.25  0.        -948.991       5976.307       7290.363    0.000  -0.138   0.380   0.
  2017 352 21 27 29 511 352.894091568       0.11      1.35     -0.56  0.        -950.311       5977.049       7289.890    0.000  -0.138   0.380   0.
  2017 352 21 27 30 511 352.894103142       0.31      1.23     -0.97  0.        -951.632       5977.790       7289.416    0.000  -0.138   0.380   0.
  2017 352 21 27 31 511 352.894114716      -0.09      1.38     -1.46  0.        -952.952       5978.530       7288.942    0.000  -0.138   0.380   0.
  2017 352 21 27 32 511 352.894126291      -0.62      1.44     -1.22  0.        -954.273       5979.271       7288.468    0.000  -0.138   0.380   0.
  2017 352 21 27 33 511 352.894137865      -0.72      1.30     -0.81  0.        -955.594       5980.011       7287.993    0.000  -0.138   0.380   0.
  2017 352 21 27 34 511 352.894149439      -0.39      1.34     -0.75  0.        -956.914       5980.750       7287.517    0.000  -0.138   0.380   0.
  2017 352 21 27 35 511 352.894161013      -0.22      1.55     -1.09  0.        -958.234       5981.490       7287.042    0.000  -0.138   0.380   0.
  2017 352 21 27 36 511 352.894172587      -0.33      1.71     -1.25  0.        -959.555       5982.229       7286.566    0.000  -0.138   0.380   0.
  2017 352 21 27 37 511 352.894184161      -0.50      1.47     -0.94  0.        -960.875       5982.968       7286.090    0.000  -0.138   0.380   0.
  2017 352 21 27 38 511 352.894195735      -0.27      1.47     -0.66  0.        -962.195       5983.707       7285.613    0.000  -0.138   0.380   0.
  2017 352 21 27 39 511 352.894207309      -0.02      1.38     -0.89  0.        -963.515       5984.445       7285.136    0.000  -0.138   0.380   0.
  2017 352 21 27 40 511 352.894218883      -0.16      1.27     -1.07  0.        -964.836       5985.183       7284.659    0.000  -0.138   0.380   0.
  2017 352 21 27 41 511 352.894230457      -0.13      1.31     -0.79  0.        -966.156       5985.920       7284.181    0.000  -0.138   0.380   0.
  2017 352 21 27 42 511 352.894242031       0.00      1.30     -0.78  0.        -967.476       5986.658       7283.703    0.000  -0.138   0.380   0.
  2017 352 21 27 43 511 352.894253605      -0.03      1.29     -0.99  0.        -968.796       5987.395       7283.224    0.000  -0.138   0.380   0.
  2017 352 21 27 44 511 352.894265179      -0.22      1.41     -1.16  0.        -970.116       5988.131       7282.745    0.000  -0.138   0.380   0.
  2017 352 21 27 45 511 352.894276752      -0.38      1.47     -1.07  0.        -971.435       5988.868       7282.266    0.000  -0.138   0.380   0.
  2017 352 21 27 46 511 352.894288325      -0.22      1.53     -0.85  0.        -972.755       5989.604       7281.787    0.000  -0.138   0.380   0.
  2017 352 21 27 47 511 352.894299899      -0.24      1.81     -0.90  0.        -974.075       5990.340       7281.306    0.000  -0.138   0.380   0.
  2017 352 21 27 48 511 352.894311473      -0.05      1.61     -0.62  0.        -975.395       5991.075       7280.826    0.000  -0.138   0.380   0.
  2017 352 21 27 49 511 352.894323047       0.00      1.47     -0.60  0.        -976.715       5991.811       7280.346    0.000  -0.138   0.380   0.
  2017 352 21 27 50 511 352.894334621      -0.13      1.44     -0.57  0.        -978.034       5992.546       7279.864    0.000  -0.139   0.381   0.
  2017 352 21 27 51 511 352.894346195      -0.04      1.47     -0.60  0.        -979.354       5993.280       7279.383    0.000  -0.139   0.381   0.
  2017 352 21 27 52 511 352.894357769      -0.08      1.60     -0.78  0.        -980.673       5994.015       7278.901    0.000  -0.138   0.380   0.
  2017 352 21 27 53 511 352.894369343      -0.48      1.60     -0.95  0.        -981.993       5994.749       7278.419    0.000  -0.138   0.380   0.
  2017 352 21 27 54 511 352.894380917      -0.73      1.60     -0.42  0.        -983.312       5995.482       7277.937    0.000  -0.138   0.380   0.
  2017 352 21 27 55 511 352.894392491      -0.58      1.86     -0.42  0.        -984.632       5996.216       7277.454    0.000  -0.138   0.380   0.
  2017 352 21 27 56 511 352.894404065      -0.78      1.93     -0.44  0.        -985.951       5996.949       7276.970    0.000  -0.138   0.380   0.
  2017 352 21 27 57 511 352.894415639      -0.62      1.91     -0.01  0.        -987.270       5997.682       7276.487    0.000  -0.138   0.380   0.
  2017 352 21 27 58 511 352.894427214      -0.26      1.99      0.07  0.        -988.590       5998.414       7276.003    0.000  -0.138   0.380   0.
  2017 352 21 27 59 511 352.894438788      -0.06      1.84     -0.11  0.        -989.909       5999.147       7275.518    0.000  -0.138   0.380   0.
  2017 352 21 28  0 511 352.894450362      -0.10      1.54     -0.19  0.        -991.228       5999.879       7275.034    0.000  -0.138   0.380   0.
  2017 352 21 28  1 511 352.894461936       0.12      1.51     -0.23  0.        -992.547       6000.610       7274.549    0.000  -0.138   0.380   0.
  2017 352 21 28  2 511 352.894473510       0.45      1.46     -0.36  0.        -993.866       6001.342       7274.063    0.000  -0.138   0.380   0.
  2017 352 21 28  3 511 352.894485084       0.49      1.47     -0.73  0.        -995.185       6002.073       7273.577    0.000  -0.138   0.380   0.
  2017 352 21 28  4 511 352.894496658       0.25      1.50     -0.99  0.        -996.504       6002.803       7273.091    0.000  -0.138   0.380   0.
  2017 352 21 28  5 511 352.894508232       0.20      1.62     -1.29  0.        -997.823       6003.534       7272.605    0.000  -0.138   0.380   0.
  2017 352 21 28  6 511 352.894519806      -0.05      1.58     -1.10  0.        -999.142       6004.264       7272.118    0.000  -0.138   0.380   0.
  2017 352 21 28  7 511 352.894531380       0.16      1.63     -0.78  0.       -1000.461       6004.994       7271.631    0.000  -0.138   0.380   0.
  2017 352 21 28  8 511 352.894542954       0.08      1.84     -0.98  0.       -1001.780       6005.723       7271.143    0.000  -0.139   0.381   0.
  2017 352 21 28  9 511 352.894554528      -0.13      1.85     -1.00  0.       -1003.098       6006.452       7270.655    0.000  -0.139   0.381   0.
  2017 352 21 28 10 511 352.894566102      -0.35      1.80     -0.84  0.       -1004.417       6007.181       7270.167    0.000  -0.138   0.380   0.
  2017 352 21 28 11 511 352.894577677      -0.74      1.84     -0.65  0.       -1005.736       6007.910       7269.678    0.000  -0.138   0.380   0.
  2017 352 21 28 12 511 352.894589251      -0.18      1.64      0.23  0.       -1007.054       6008.638       7269.189    0.000  -0.139   0.381   0.
  2017 352 21 28 13 511 352.894600825       0.53      1.73     -0.58  0.       -1008.373       6009.366       7268.699    0.000  -0.139   0.381   0.
  2017 352 21 28 14 511 352.894612399       0.18      1.53     -0.77  0.       -1009.691       6010.094       7268.209    0.000  -0.138   0.380   0.
  2017 352 21 28 15 511 352.894623972       0.68      1.43     -0.79  0.       -1011.010       6010.821       7267.719    0.000  -0.138   0.380   0.
  2017 352 21 28 16 511 352.894635544       0.62      1.27     -1.33  0.       -1012.328       6011.549       7267.229    0.000  -0.138   0.380   0.
  2017 352 21 28 17 510 352.894647118      -0.02      1.26     -1.64  0.       -1013.646       6012.275       7266.738    0.000  -0.138   0.380   0.
  2017 352 21 28 18 510 352.894658692      -0.49      1.57     -1.33  0.       -1014.964       6013.002       7266.246    0.000  -0.138   0.380   0.
  2017 352 21 28 19 510 352.894670266      -0.47      1.84     -1.27  0.       -1016.283       6013.728       7265.755    0.000  -0.138   0.380   0.
  2017 352 21 28 20 510 352.894681840      -0.40      1.77     -1.06  0.       -1017.601       6014.454       7265.263    0.000  -0.138   0.380   0.
  2017 352 21 28 21 511 352.894693414      -0.37      1.63     -0.82  0.       -1018.919       6015.180       7264.770    0.000  -0.138   0.380   0.
  2017 352 21 28 22 511 352.894704988      -0.27      1.52     -0.60  0.       -1020.237       6015.905       7264.278    0.000  -0.139   0.381   0.
  2017 352 21 28 23 510 352.894716563      -0.17      1.36     -0.62  0.       -1021.555       6016.630       7263.785    0.000  -0.139   0.381   0.
  2017 352 21 28 24 510 352.894728137       0.01      1.26     -0.70  0.       -1022.873       6017.355       7263.291    0.000  -0.138   0.380   0.
  2017 352 21 28 25 510 352.894739711       0.13      1.24     -0.92  0.       -1024.191       6018.079       7262.797    0.000  -0.138   0.380   0.
  2017 352 21 28 26 511 352.894751285      -0.04      1.34     -0.99  0.       -1025.509       6018.803       7262.303    0.000  -0.138   0.380   0.
  2017 352 21 28 27 511 352.894762859      -0.24      1.33     -1.10  0.       -1026.826       6019.527       7261.808    0.000  -0.138   0.380   0.
  2017 352 21 28 28 511 352.894774433      -0.26      1.56     -0.93  0.       -1028.144       6020.250       7261.313    0.000  -0.138   0.380   0.
  2017 352 21 28 29 511 352.894786007      -0.50      1.65     -0.64  0.       -1029.462       6020.974       7260.818    0.000  -0.138   0.380   0.
  2017 352 21 28 30 510 352.894797581      -0.26      1.71     -0.26  0.       -1030.780       6021.697       7260.323    0.000  -0.138   0.380   0.
  2017 352 21 28 31 510 352.894809155      -0.06      1.71     -0.21  0.       -1032.097       6022.419       7259.827    0.000  -0.138   0.380   0.
  2017 352 21 28 32 510 352.894820729       0.24      1.60     -0.57  0.       -1033.415       6023.141       7259.330    0.000  -0.138   0.380   0.
  2017 352 21 28 33 510 352.894832303       0.18      1.67     -0.58  0.       -1034.732       6023.863       7258.833    0.000  -0.138   0.380   0.
  2017 352 21 28 34 510 352.894843877       0.22      1.63     -0.47  0.       -1036.050       6024.585       7258.336    0.000  -0.138   0.380   0.
  2017 352 21 28 35 511 352.894855451       0.42      1.65     -0.73  0.       -1037.367       6025.306       7257.839    0.000  -0.138   0.380   0.
  2017 352 21 28 36 511 352.894867025       0.17      1.76     -0.94  0.       -1038.684       6026.028       7257.341    0.000  -0.138   0.380   0.
  2017 352 21 28 37 510 352.894878600      -0.06      1.57     -0.79  0.       -1040.002       6026.748       7256.843    0.000  -0.138   0.380   0.
  2017 352 21 28 38 510 352.894890174       0.09      1.43     -0.83  0.       -1041.319       6027.469       7256.344    0.000  -0.138   0.380   0.
  2017 352 21 28 39 511 352.894901748       0.04      1.38     -1.01  0.       -1042.636       6028.189       7255.845    0.000  -0.138   0.380   0.
  2017 352 21 28 40 511 352.894913322      -0.07      1.38     -1.25  0.       -1043.953       6028.909       7255.346    0.000  -0.138   0.380   0.
  2017 352 21 28 41 511 352.894924896      -0.46      1.39     -1.30  0.       -1045.270       6029.628       7254.846    0.000  -0.138   0.380   0.
  2017 352 21 28 42 511 352.894936470      -0.42      1.54     -0.81  0.       -1046.587       6030.348       7254.346    0.000  -0.138   0.380   0.
  2017 352 21 28 43 511 352.894948044      -0.25      1.46     -0.68  0.       -1047.904       6031.067       7253.846    0.000  -0.138   0.380   0.
  2017 352 21 28 44 510 352.894959618      -0.07      1.22     -0.77  0.       -1049.221       6031.785       7253.345    0.000  -0.138   0.380   0.
  2017 352 21 28 45 510 352.894971191       0.05      1.27     -0.83  0.       -1050.538       6032.504       7252.844    0.000  -0.138   0.380   0.
  2017 352 21 28 46 510 352.894982763       0.09      1.38     -1.02  0.       -1051.855       6033.222       7252.342    0.000  -0.138   0.380   0.
  2017 352 21 28 47 510 352.894994337      -0.30      1.65     -0.99  0.       -1053.171       6033.940       7251.841    0.000  -0.138   0.380   0.
  2017 352 21 28 48 510 352.895005911      -0.49      1.75     -0.73  0.       -1054.488       6034.657       7251.338    0.000  -0.138   0.380   0.
  2017 352 21 28 49 510 352.895017486      -0.42      1.82     -0.59  0.       -1055.805       6035.374       7250.836    0.000  -0.138   0.380   0.
  2017 352 21 28 50 510 352.895029060      -0.55      2.07     -0.70  0.       -1057.121       6036.091       7250.333    0.000  -0.138   0.380   0.
  2017 352 21 28 51 510 352.895040634      -0.50      1.99     -0.47  0.       -1058.438       6036.808       7249.830    0.000  -0.138   0.380   0.
  2017 352 21 28 52 510 352.895052208      -0.18      1.80     -0.27  0.       -1059.754       6037.524       7249.326    0.000  -0.138   0.380   0.
  2017 352 21 28 53 510 352.895063782      -0.32      1.87     -0.19  0.       -1061.071       6038.240       7248.822    0.000  -0.138   0.380   0.
  2017 352 21 28 54 510 352.895075356      -0.41      1.77     -0.14  0.       -1062.387       6038.956       7248.318    0.000  -0.138   0.380   0.
  2017 352 21 28 55 510 352.895086930      -0.53      1.83     -0.02  0.       -1063.704       6039.671       7247.813    0.000  -0.138   0.380   0.
  2017 352 21 28 56 510 352.895098504      -0.01      1.80      0.12  0.       -1065.020       6040.386       7247.308    0.000  -0.138   0.380   0.
  2017 352 21 28 57 510 352.895110078       0.42      1.98     -0.60  0.       -1066.336       6041.101       7246.802    0.000  -0.138   0.380   0.
  2017 352 21 28 58 510 352.895121652      -0.53      2.07     -0.95  0.       -1067.652       6041.815       7246.296    0.000  -0.138   0.380   0.
  2017 352 21 28 59 510 352.895133226      -0.62      1.49      0.41  0.       -1068.968       6042.529       7245.790    0.000  -0.138   0.380   0.
  2017 352 21 29  0 510 352.895144800       0.48      1.44     -0.16  0.       -1070.284       6043.243       7245.284    0.000  -0.138   0.380   0.
  2017 352 21 29  1 510 352.895156374       0.13      1.70     -1.10  0.       -1071.600       6043.957       7244.777    0.000  -0.138   0.380   0.
  2017 352 21 29  2 510 352.895167948      -0.82      1.77     -0.91  0.       -1072.916       6044.670       7244.269    0.000  -0.138   0.380   0.
  2017 352 21 29  3 510 352.895179523      -0.51      1.57     -0.25  0.       -1074.232       6045.383       7243.762    0.000  -0.138   0.380   0.
  2017 352 21 29  4 510 352.895191097      -0.88      1.99     -0.73  0.       -1075.548       6046.095       7243.254    0.000  -0.138   0.380   0.
  2017 352 21 29  5 510 352.895202671      -1.88      2.50     -0.11  0.       -1076.864       6046.808       7242.745    0.000  -0.138   0.380   0.
  2017 352 21 29  6 510 352.895214245      -1.89      2.14      0.39  0.       -1078.180       6047.520       7242.237    0.000  -0.138   0.380   0.
  2017 352 21 29  7 510 352.895225819      -1.32      1.56     -0.57  0.       -1079.495       6048.232       7241.728    0.000  -0.138   0.380   0.
  2017 352 21 29  8 510 352.895237393      -1.08      1.70     -0.32  0.       -1080.811       6048.943       7241.218    0.000  -0.138   0.380   0.
  2017 352 21 29  9 510 352.895248967      -0.73      1.84     -0.44  0.       -1082.126       6049.654       7240.708    0.000  -0.138   0.380   0.
  2017 352 21 29 10 510 352.895260541      -0.80      2.35     -0.77  0.       -1083.442       6050.365       7240.198    0.000  -0.138   0.380   0.
  2017 352 21 29 11 510 352.895272115      -1.26      1.95     -0.49  0.       -1084.757       6051.075       7239.688    0.000  -0.138   0.380   0.
  2017 352 21 29 12 510 352.895283689      -0.54      1.83     -0.07  0.       -1086.073       6051.786       7239.177    0.000  -0.138   0.380   0.
  2017 352 21 29 13 510 352.895295263      -0.07      1.92     -0.47  0.       -1087.388       6052.496       7238.665    0.000  -0.138   0.380   0.
  2017 352 21 29 14 510 352.895306837       0.03      2.07     -0.59  0.       -1088.704       6053.205       7238.154    0.000  -0.138   0.380   0.
  2017 352 21 29 15 510 352.895318410       0.04      2.04     -0.56  0.       -1090.019       6053.915       7237.642    0.000  -0.138   0.380   0.
  2017 352 21 29 16 510 352.895329983       0.11      1.75     -0.70  0.       -1091.334       6054.624       7237.129    0.000  -0.138   0.380   0.
  2017 352 21 29 17 510 352.895341557      -0.15      1.59     -0.67  0.       -1092.649       6055.332       7236.617    0.000  -0.138   0.380   0.
  2017 352 21 29 18 510 352.895353131       0.00      1.50     -0.45  0.       -1093.964       6056.041       7236.104    0.000  -0.139   0.381   0.
  2017 352 21 29 19 510 352.895364705       0.26      1.54     -0.36  0.       -1095.279       6056.749       7235.590    0.000  -0.139   0.381   0.
  2017 352 21 29 20 510 352.895376279       0.41      1.71     -0.49  0.       -1096.594       6057.457       7235.076    0.000  -0.138   0.380   0.
  2017 352 21 29 21 510 352.895387853       0.19      1.67     -0.41  0.       -1097.909       6058.164       7234.562    0.000  -0.138   0.380   0.
  2017 352 21 29 22 510 352.895399427      -0.05      1.73     -0.49  0.       -1099.224       6058.871       7234.048    0.000  -0.138   0.380   0.
  2017 352 21 29 23 510 352.895411001      -0.04      1.50     -0.34  0.       -1100.539       6059.578       7233.533    0.000  -0.138   0.380   0.
  2017 352 21 29 24 510 352.895422575       0.26      1.48     -0.62  0.       -1101.854       6060.285       7233.018    0.000  -0.138   0.380   0.
  2017 352 21 29 25 510 352.895434149       0.59      1.47     -1.09  0.       -1103.168       6060.991       7232.502    0.000  -0.138   0.380   0.
  2017 352 21 29 26 510 352.895445723       0.55      1.57     -1.67  0.       -1104.483       6061.697       7231.986    0.000  -0.138   0.380   0.
  2017 352 21 29 27 510 352.895457298       0.07      1.69     -1.84  0.       -1105.797       6062.403       7231.470    0.000  -0.138   0.380   0.
  2017 352 21 29 28 510 352.895468872      -0.47      1.52     -1.50  0.       -1107.112       6063.108       7230.953    0.000  -0.138   0.380   0.
  2017 352 21 29 29 510 352.895480446      -0.66      1.52     -0.51  0.       -1108.427       6063.813       7230.436    0.000  -0.138   0.380   0.
  2017 352 21 29 30 510 352.895492020      -0.21      1.53      0.15  0.       -1109.741       6064.518       7229.918    0.000  -0.138   0.380   0.
  2017 352 21 29 31 510 352.895503594       0.06      1.54     -0.15  0.       -1111.055       6065.222       7229.401    0.000  -0.138   0.380   0.
  2017 352 21 29 32 510 352.895515168       0.22      1.62     -0.78  0.       -1112.370       6065.927       7228.883    0.000  -0.138   0.380   0.
  2017 352 21 29 33 510 352.895526742      -0.02      1.66     -0.53  0.       -1113.684       6066.631       7228.364    0.000  -0.138   0.380   0.
  2017 352 21 29 34 510 352.895538316      -0.05      1.64     -0.57  0.       -1114.998       6067.334       7227.845    0.000  -0.138   0.380   0.
  2017 352 21 29 35 510 352.895549890       0.32      1.50     -0.57  0.       -1116.312       6068.037       7227.326    0.000  -0.138   0.380   0.
  2017 352 21 29 36 510 352.895561464       0.24      1.52     -1.02  0.       -1117.626       6068.740       7226.806    0.000  -0.138   0.380   0.
  2017 352 21 29 37 510 352.895573038      -0.42      1.76     -0.78  0.       -1118.940       6069.443       7226.287    0.000  -0.138   0.380   0.
  2017 352 21 29 38 510 352.895584612      -0.22      1.89     -0.34  0.       -1120.254       6070.145       7225.766    0.000  -0.138   0.380   0.
  2017 352 21 29 39 510 352.895596186      -0.31      1.69     -0.26  0.       -1121.568       6070.847       7225.246    0.000  -0.138   0.380   0.
  2017 352 21 29 40 510 352.895607760      -0.44      1.70     -0.40  0.       -1122.882       6071.549       7224.725    0.000  -0.138   0.380   0.
  2017 352 21 29 41 510 352.895619335      -0.44      1.55     -0.04  0.       -1124.196       6072.251       7224.203    0.000  -0.138   0.380   0.
  2017 352 21 29 42 510 352.895630909       0.06      1.57     -0.40  0.       -1125.510       6072.952       7223.681    0.000  -0.138   0.380   0.
  2017 352 21 29 43 510 352.895642483       0.23      1.67     -0.69  0.       -1126.823       6073.653       7223.159    0.000  -0.138   0.380   0.
  2017 352 21 29 44 510 352.895654057       0.06      1.79     -0.89  0.       -1128.137       6074.353       7222.637    0.000  -0.138   0.380   0.
  2017 352 21 29 45 510 352.895665630      -0.74      1.97     -0.77  0.       -1129.451       6075.053       7222.114    0.000  -0.138   0.380   0.
  2017 352 21 29 46 510 352.895677202      -0.52      1.79     -0.32  0.       -1130.764       6075.753       7221.591    0.000  -0.138   0.380   0.
  2017 352 21 29 47 510 352.895688776      -0.29      1.68     -0.32  0.       -1132.078       6076.453       7221.067    0.000  -0.138   0.380   0.
  2017 352 21 29 48 510 352.895700350       0.04      1.61     -0.36  0.       -1133.391       6077.152       7220.543    0.000  -0.138   0.380   0.
  2017 352 21 29 49 510 352.895711924       0.08      1.66     -0.20  0.       -1134.704       6077.851       7220.019    0.000  -0.138   0.380   0.
  2017 352 21 29 50 510 352.895723498       0.31      1.72     -0.28  0.       -1136.018       6078.550       7219.495    0.000  -0.139   0.381   0.
  2017 352 21 29 51 510 352.895735072       0.31      1.65     -0.52  0.       -1137.331       6079.248       7218.970    0.000  -0.139   0.381   0.
  2017 352 21 29 52 510 352.895746646       0.05      1.64     -0.98  0.       -1138.644       6079.947       7218.444    0.000  -0.138   0.380   0.
  2017 352 21 29 53 510 352.895758220      -0.19      1.64     -0.68  0.       -1139.957       6080.644       7217.918    0.000  -0.138   0.380   0.
  2017 352 21 29 54 510 352.895769795      -0.16      1.73     -0.48  0.       -1141.270       6081.342       7217.392    0.000  -0.138   0.380   0.
  2017 352 21 29 55 510 352.895781369      -0.03      1.84     -0.41  0.       -1142.583       6082.039       7216.866    0.000  -0.138   0.380   0.
  2017 352 21 29 56 510 352.895792943       0.01      1.84     -0.73  0.       -1143.896       6082.736       7216.339    0.000  -0.138   0.380   0.
  2017 352 21 29 57 510 352.895804517      -0.36      1.54     -0.58  0.       -1145.209       6083.433       7215.812    0.000  -0.138   0.380   0.
  2017 352 21 29 58 510 352.895816091      -0.25      1.56     -0.50  0.       -1146.522       6084.129       7215.285    0.000  -0.138   0.380   0.
  2017 352 21 29 59 510 352.895827665      -0.24      1.66     -0.43  0.       -1147.835       6084.825       7214.756    0.000  -0.138   0.380   0.
  2017 352 21 30  0 510 352.895839239      -0.19      1.68     -0.41  0.       -1149.148       6085.521       7214.228    0.000  -0.138   0.380   0.
  2017 352 21 30  1 510 352.895850813      -0.10      1.71     -0.54  0.       -1150.460       6086.216       7213.700    0.000  -0.138   0.380   0.
  2017 352 21 30  2 510 352.895862387      -0.18      1.67     -0.65  0.       -1151.773       6086.911       7213.171    0.000  -0.138   0.380   0.
  2017 352 21 30  3 510 352.895873961      -0.30      1.50     -0.65  0.       -1153.086       6087.606       7212.642    0.000  -0.138   0.380   0.
  2017 352 21 30  4 510 352.895885535      -0.18      1.44     -0.42  0.       -1154.398       6088.300       7212.112    0.000  -0.138   0.380   0.
  2017 352 21 30  5 510 352.895897109       0.15      1.46     -0.38  0.       -1155.711       6088.995       7211.582    0.000  -0.138   0.380   0.
  2017 352 21 30  6 510 352.895908683       0.26      1.71     -0.87  0.       -1157.023       6089.688       7211.052    0.000  -0.139   0.381   0.
  2017 352 21 30  7 510 352.895920258      -0.05      1.93     -0.89  0.       -1158.336       6090.382       7210.521    0.000  -0.139   0.381   0.
  2017 352 21 30  8 510 352.895931832      -0.11      1.72     -0.34  0.       -1159.648       6091.075       7209.990    0.000  -0.138   0.380   0.
  2017 352 21 30  9 510 352.895943406       0.18      1.69     -0.09  0.       -1160.959       6091.768       7209.458    0.000  -0.138   0.380   0.
  2017 352 21 30 10 510 352.895954980       0.47      1.65     -0.42  0.       -1162.272       6092.461       7208.926    0.000  -0.138   0.380   0.
  2017 352 21 30 11 510 352.895966554       0.46      1.69     -0.70  0.       -1163.584       6093.153       7208.394    0.000  -0.138   0.380   0.
  2017 352 21 30 12 510 352.895978128       0.31      1.86     -0.72  0.       -1164.896       6093.845       7207.862    0.000  -0.138   0.380   0.
  2017 352 21 30 13 510 352.895989702       0.12      1.79     -0.36  0.       -1166.207       6094.537       7207.329    0.000  -0.138   0.380   0.
  2017 352 21 30 14 510 352.896001276       0.31      1.66     -0.25  0.       -1167.519       6095.229       7206.796    0.000  -0.138   0.380   0.
  2017 352 21 30 15 509 352.896012849      -0.04      1.68     -0.43  0.       -1168.832       6095.920       7206.262    0.000  -0.138   0.380   0.
  2017 352 21 30 16 509 352.896024421      -0.23      1.66      0.12  0.       -1170.144       6096.611       7205.728    0.000  -0.138   0.380   0.
  2017 352 21 30 17 510 352.896035995       0.22      1.66     -0.03  0.       -1171.456       6097.301       7205.194    0.000  -0.138   0.380   0.
  2017 352 21 30 18 510 352.896047569       0.10      1.69     -0.53  0.       -1172.767       6097.991       7204.659    0.000  -0.138   0.380   0.
  2017 352 21 30 19 509 352.896059144      -0.18      1.78     -0.64  0.       -1174.079       6098.681       7204.124    0.000  -0.138   0.380   0.
  2017 352 21 30 20 509 352.896070718       0.05      1.88     -0.69  0.       -1175.390       6099.371       7203.589    0.000  -0.138   0.380   0.
  2017 352 21 30 21 510 352.896082292      -0.19      1.79     -0.78  0.       -1176.702       6100.060       7203.053    0.000  -0.138   0.380   0.
  2017 352 21 30 22 510 352.896093866      -0.30      1.65     -0.65  0.       -1178.013       6100.749       7202.517    0.000  -0.138   0.380   0.
  2017 352 21 30 23 510 352.896105440      -0.37      1.52     -0.53  0.       -1179.324       6101.438       7201.980    0.000  -0.138   0.380   0.
  2017 352 21 30 24 510 352.896117014      -0.08      1.53     -0.01  0.       -1180.636       6102.127       7201.443    0.000  -0.138   0.380   0.
  2017 352 21 30 25 510 352.896128588      -0.02      1.51     -0.02  0.       -1181.947       6102.815       7200.906    0.000  -0.138   0.380   0.
  2017 352 21 30 26 509 352.896140162       0.58      1.57      0.18  0.       -1183.259       6103.503       7200.369    0.000  -0.138   0.380   0.
  2017 352 21 30 27 509 352.896151736       0.85      1.43     -0.42  0.       -1184.570       6104.190       7199.831    0.000  -0.138   0.380   0.
  2017 352 21 30 28 509 352.896163310       0.56      1.46     -0.86  0.       -1185.881       6104.877       7199.292    0.000  -0.138   0.380   0.
  2017 352 21 30 29 509 352.896174884       0.21      1.55     -0.97  0.       -1187.192       6105.564       7198.754    0.000  -0.138   0.380   0.
  2017 352 21 30 30 509 352.896186458       0.07      1.55     -0.67  0.       -1188.503       6106.251       7198.215    0.000  -0.138   0.380   0.
  2017 352 21 30 31 510 352.896198032       0.29      1.52     -0.51  0.       -1189.814       6106.937       7197.676    0.000  -0.138   0.380   0.
  2017 352 21 30 32 510 352.896209606       0.33      1.58     -0.69  0.       -1191.125       6107.623       7197.136    0.000  -0.138   0.380   0.
  2017 352 21 30 33 509 352.896221181       0.22      1.45     -0.71  0.       -1192.435       6108.309       7196.596    0.000  -0.138   0.380   0.
  2017 352 21 30 34 509 352.896232755       0.09      1.43     -0.93  0.       -1193.746       6108.994       7196.055    0.000  -0.138   0.380   0.
  2017 352 21 30 35 510 352.896244329      -0.09      1.48     -0.88  0.       -1195.057       6109.679       7195.515    0.000  -0.138   0.380   0.
  2017 352 21 30 36 510 352.896255903      -0.49      1.76     -0.74  0.       -1196.367       6110.364       7194.974    0.000  -0.138   0.380   0.
  2017 352 21 30 37 510 352.896267477      -0.64      1.83     -0.53  0.       -1197.678       6111.049       7194.432    0.000  -0.138   0.380   0.
  2017 352 21 30 38 510 352.896279051      -0.50      1.69     -0.30  0.       -1198.989       6111.733       7193.890    0.000  -0.139   0.381   0.
  2017 352 21 30 39 510 352.896290625      -0.44      1.67     -0.25  0.       -1200.299       6112.417       7193.348    0.000  -0.139   0.381   0.
  2017 352 21 30 40 509 352.896302199      -0.36      1.70     -0.40  0.       -1201.609       6113.100       7192.805    0.000  -0.139   0.381   0.
  2017 352 21 30 41 509 352.896313773      -0.78      1.90     -0.73  0.       -1202.920       6113.783       7192.262    0.000  -0.139   0.381   0.
  2017 352 21 30 42 509 352.896325347      -1.26      1.93      0.01  0.       -1204.230       6114.466       7191.719    0.000  -0.139   0.381   0.
  2017 352 21 30 43 509 352.896336921      -1.03      1.93      0.21  0.       -1205.540       6115.149       7191.175    0.000  -0.139   0.381   0.
  2017 352 21 30 44 509 352.896348492      -0.82      1.78      0.13  0.       -1206.850       6115.831       7190.632    0.000  -0.138   0.380   0.
  2017 352 21 30 45 509 352.896360067      -0.53      1.61      0.47  0.       -1208.160       6116.513       7190.087    0.000  -0.138   0.380   0.
  2017 352 21 30 46 509 352.896371641       0.10      1.50      0.12  0.       -1209.471       6117.195       7189.543    0.000  -0.138   0.380   0.
  2017 352 21 30 47 509 352.896383215       0.17      1.67     -0.43  0.       -1210.780       6117.877       7188.997    0.000  -0.138   0.380   0.
  2017 352 21 30 48 509 352.896394789      -0.18      1.81     -0.61  0.       -1212.090       6118.558       7188.452    0.000  -0.138   0.380   0.
  2017 352 21 30 49 509 352.896406363      -0.40      1.78     -0.65  0.       -1213.400       6119.239       7187.906    0.000  -0.138   0.380   0.
  2017 352 21 30 50 509 352.896417937      -0.87      1.70     -0.57  0.       -1214.710       6119.919       7187.360    0.000  -0.138   0.380   0.
  2017 352 21 30 51 509 352.896429511      -1.08      1.74      0.00  0.       -1216.020       6120.600       7186.814    0.000  -0.138   0.380   0.
  2017 352 21 30 52 509 352.896441085      -0.57      1.51     -0.03  0.       -1217.329       6121.279       7186.267    0.000  -0.139   0.381   0.
  2017 352 21 30 53 509 352.896452659      -0.12      1.57     -0.30  0.       -1218.639       6121.959       7185.720    0.000  -0.139   0.381   0.
  2017 352 21 30 54 509 352.896464233      -0.18      1.80     -0.49  0.       -1219.949       6122.638       7185.172    0.000  -0.138   0.380   0.
  2017 352 21 30 55 509 352.896475807      -0.50      1.87     -0.35  0.       -1221.258       6123.317       7184.624    0.000  -0.138   0.380   0.
  2017 352 21 30 56 509 352.896487381      -0.64      1.91      0.13  0.       -1222.567       6123.996       7184.076    0.000  -0.139   0.381   0.
  2017 352 21 30 57 509 352.896498955      -0.36      1.96      0.12  0.       -1223.877       6124.674       7183.527    0.000  -0.139   0.381   0.
  2017 352 21 30 58 509 352.896510529      -0.65      1.93     -0.22  0.       -1225.186       6125.353       7182.978    0.000  -0.138   0.380   0.
  2017 352 21 30 59 509 352.896522104      -0.96      1.64      0.03  0.       -1226.495       6126.030       7182.429    0.000  -0.138   0.380   0.
  2017 352 21 31  0 509 352.896533678      -0.38      1.59      0.22  0.       -1227.805       6126.708       7181.879    0.000  -0.138   0.380   0.
  2017 352 21 31  1 509 352.896545252      -0.44      1.61     -0.11  0.       -1229.114       6127.385       7181.329    0.000  -0.138   0.380   0.
  2017 352 21 31  2 509 352.896556826      -0.42      1.64     -0.20  0.       -1230.423       6128.062       7180.779    0.000  -0.139   0.381   0.
  2017 352 21 31  3 509 352.896568400      -0.82      1.59     -0.23  0.       -1231.732       6128.739       7180.228    0.000  -0.139   0.381   0.
  2017 352 21 31  4 509 352.896579974      -0.37      1.69      0.01  0.       -1233.041       6129.415       7179.677    0.000  -0.138   0.380   0.
  2017 352 21 31  5 509 352.896591548      -0.22      1.62     -0.24  0.       -1234.350       6130.091       7179.125    0.000  -0.138   0.380   0.
  2017 352 21 31  6 509 352.896603122      -0.11      1.66     -0.47  0.       -1235.659       6130.766       7178.573    0.000  -0.138   0.380   0.
  2017 352 21 31  7 509 352.896614696      -0.23      1.76     -0.68  0.       -1236.967       6131.442       7178.021    0.000  -0.138   0.380   0.
  2017 352 21 31  8 509 352.896626270      -0.20      1.69     -0.64  0.       -1238.276       6132.117       7177.469    0.000  -0.138   0.380   0.
  2017 352 21 31  9 509 352.896637844       0.06      1.75     -0.92  0.       -1239.585       6132.792       7176.916    0.000  -0.138   0.380   0.
  2017 352 21 31 10 509 352.896649418      -0.20      1.82     -0.98  0.       -1240.893       6133.466       7176.362    0.000  -0.139   0.381   0.
  2017 352 21 31 11 509 352.896660992      -0.17      1.66     -0.86  0.       -1242.202       6134.140       7175.809    0.000  -0.139   0.381   0.
  2017 352 21 31 12 509 352.896672567      -0.37      1.49     -0.86  0.       -1243.510       6134.814       7175.255    0.000  -0.138   0.380   0.
  2017 352 21 31 13 509 352.896684140      -0.65      1.45     -0.61  0.       -1244.819       6135.488       7174.700    0.000  -0.138   0.380   0.
  2017 352 21 31 14 509 352.896695712      -0.50      1.33      0.01  0.       -1246.127       6136.161       7174.146    0.000  -0.138   0.380   0.
  2017 352 21 31 15 509 352.896707286      -0.25      1.37     -0.04  0.       -1247.435       6136.834       7173.591    0.000  -0.138   0.380   0.
  2017 352 21 31 16 509 352.896718860      -0.07      1.33     -0.11  0.       -1248.743       6137.507       7173.035    0.000  -0.138   0.380   0.
  2017 352 21 31 17 509 352.896730434      -0.08      1.41     -0.46  0.       -1250.051       6138.179       7172.479    0.000  -0.138   0.380   0.
  2017 352 21 31 18 509 352.896742008       0.12      1.54     -0.19  0.       -1251.360       6138.851       7171.923    0.000  -0.138   0.380   0.
  2017 352 21 31 19 509 352.896753582       0.22      1.48     -0.87  0.       -1252.668       6139.522       7171.367    0.000  -0.138   0.380   0.
  2017 352 21 31 20 509 352.896765156      -0.22      1.64     -0.95  0.       -1253.976       6140.194       7170.810    0.000  -0.138   0.380   0.
  2017 352 21 31 21 509 352.896776730      -0.25      1.73     -0.91  0.       -1255.283       6140.865       7170.253    0.000  -0.138   0.380   0.
  2017 352 21 31 22 509 352.896788304       0.06      1.77     -0.67  0.       -1256.591       6141.536       7169.695    0.000  -0.138   0.380   0.
  2017 352 21 31 23 509 352.896799879       0.26      1.59     -1.05  0.       -1257.899       6142.206       7169.137    0.000  -0.138   0.380   0.
  2017 352 21 31 24 509 352.896811453       0.08      1.54     -0.74  0.       -1259.207       6142.877       7168.579    0.000  -0.138   0.380   0.
  2017 352 21 31 25 509 352.896823027       0.06      1.57     -0.80  0.       -1260.514       6143.547       7168.021    0.000  -0.138   0.380   0.
  2017 352 21 31 26 509 352.896834601      -0.01      1.59     -0.78  0.       -1261.822       6144.216       7167.462    0.000  -0.138   0.380   0.
  2017 352 21 31 27 509 352.896846175       0.09      1.64     -0.85  0.       -1263.129       6144.886       7166.902    0.000  -0.138   0.380   0.
  2017 352 21 31 28 509 352.896857749      -0.01      1.57     -0.87  0.       -1264.437       6145.555       7166.343    0.000  -0.138   0.380   0.
  2017 352 21 31 29 509 352.896869323       0.17      1.80     -0.39  0.       -1265.744       6146.223       7165.782    0.000  -0.138   0.380   0.
  2017 352 21 31 30 509 352.896880897       0.39      1.68     -0.44  0.       -1267.052       6146.892       7165.222    0.000  -0.138   0.380   0.
  2017 352 21 31 31 509 352.896892471       0.35      1.50     -0.70  0.       -1268.359       6147.560       7164.662    0.000  -0.138   0.380   0.
  2017 352 21 31 32 509 352.896904045       0.13      1.39     -0.67  0.       -1269.666       6148.227       7164.100    0.000  -0.139   0.381   0.
  2017 352 21 31 33 509 352.896915619       0.15      1.44     -0.49  0.       -1270.973       6148.895       7163.539    0.000  -0.139   0.381   0.
  2017 352 21 31 34 509 352.896927193       0.25      1.43     -0.43  0.       -1272.280       6149.562       7162.977    0.000  -0.138   0.380   0.
  2017 352 21 31 35 509 352.896938767       0.07      1.50     -0.69  0.       -1273.587       6150.229       7162.415    0.000  -0.138   0.380   0.
  2017 352 21 31 36 509 352.896950341      -0.08      1.49     -0.62  0.       -1274.894       6150.895       7161.852    0.000  -0.138   0.380   0.
  2017 352 21 31 37 509 352.896961916       0.06      1.53     -0.63  0.       -1276.201       6151.562       7161.290    0.000  -0.138   0.380   0.
  2017 352 21 31 38 509 352.896973490       0.17      1.35     -1.04  0.       -1277.508       6152.228       7160.726    0.000  -0.138   0.380   0.
  2017 352 21 31 39 509 352.896985064      -0.37      1.59     -0.89  0.       -1278.815       6152.893       7160.163    0.000  -0.138   0.380   0.
  2017 352 21 31 40 509 352.896996638       0.06      2.51     -0.28  0.       -1280.122       6153.559       7159.599    0.000  -0.138   0.380   0.
  2017 352 21 31 41 509 352.897008212       0.46      2.43     -0.23  0.       -1281.428       6154.224       7159.035    0.000  -0.138   0.380   0.
  2017 352 21 31 42 509 352.897019786       0.17      1.85     -0.56  0.       -1282.735       6154.888       7158.470    0.000  -0.139   0.381   0.
  2017 352 21 31 43 509 352.897031359      -0.12      1.77     -0.21  0.       -1284.041       6155.553       7157.905    0.000  -0.139   0.381   0.
  2017 352 21 31 44 509 352.897042931      -0.04      1.71      0.19  0.       -1285.348       6156.217       7157.340    0.000  -0.138   0.380   0.
  2017 352 21 31 45 509 352.897054505       0.36      1.60      0.04  0.       -1286.654       6156.881       7156.774    0.000  -0.138   0.380   0.
  2017 352 21 31 46 509 352.897066079       0.44      1.45     -0.43  0.       -1287.960       6157.544       7156.208    0.000  -0.138   0.380   0.
  2017 352 21 31 47 509 352.897077653       0.39      1.41     -0.73  0.       -1289.267       6158.207       7155.641    0.000  -0.138   0.380   0.
  2017 352 21 31 48 509 352.897089227       0.32      1.39     -0.91  0.       -1290.573       6158.870       7155.075    0.000  -0.138   0.380   0.
  2017 352 21 31 49 509 352.897100802       0.16      1.40     -1.01  0.       -1291.879       6159.533       7154.508    0.000  -0.138   0.380   0.
  2017 352 21 31 50 509 352.897112376      -0.07      1.39     -0.81  0.       -1293.185       6160.195       7153.940    0.000  -0.139   0.381   0.
  2017 352 21 31 51 509 352.897123950       0.54      1.42     -1.00  0.       -1294.491       6160.857       7153.372    0.000  -0.139   0.381   0.
  2017 352 21 31 52 509 352.897135524       0.59      1.25     -1.58  0.       -1295.797       6161.519       7152.804    0.000  -0.138   0.380   0.
  2017 352 21 31 53 509 352.897147098       0.58      1.20     -1.34  0.       -1297.103       6162.180       7152.236    0.000  -0.138   0.380   0.
  2017 352 21 31 54 509 352.897158672       0.77      1.64     -1.87  0.       -1298.409       6162.841       7151.667    0.000  -0.138   0.380   0.
  2017 352 21 31 55 509 352.897170246      -0.12      1.85     -2.12  0.       -1299.714       6163.502       7151.097    0.000  -0.138   0.380   0.
  2017 352 21 31 56 509 352.897181820      -0.17      1.69     -0.68  0.       -1301.020       6164.163       7150.528    0.000  -0.138   0.380   0.
  2017 352 21 31 57 509 352.897193394       0.20      1.90     -0.74  0.       -1302.326       6164.823       7149.958    0.000  -0.138   0.380   0.
  2017 352 21 31 58 509 352.897204968      -0.13      1.95     -0.89  0.       -1303.631       6165.483       7149.388    0.000  -0.138   0.380   0.
  2017 352 21 31 59 509 352.897216542      -0.44      1.77     -0.45  0.       -1304.937       6166.142       7148.817    0.000  -0.138   0.380   0.
  2017 352 21 32  0 509 352.897228116       0.13      1.44     -0.00  0.       -1306.242       6166.801       7148.246    0.000  -0.138   0.380   0.
  2017 352 21 32  1 509 352.897239690       0.45      1.49     -0.16  0.       -1307.548       6167.460       7147.674    0.000  -0.138   0.380   0.
  2017 352 21 32  2 509 352.897251264       0.70      1.45     -0.45  0.       -1308.853       6168.119       7147.103    0.000  -0.138   0.380   0.
  2017 352 21 32  3 509 352.897262839       0.70      1.36     -0.84  0.       -1310.158       6168.777       7146.531    0.000  -0.138   0.380   0.
  2017 352 21 32  4 509 352.897274413       0.45      1.34     -0.93  0.       -1311.463       6169.435       7145.958    0.000  -0.138   0.380   0.
  2017 352 21 32  5 509 352.897285987       0.24      1.38     -1.08  0.       -1312.768       6170.093       7145.385    0.000  -0.138   0.380   0.
  2017 352 21 32  6 509 352.897297561       0.05      1.26     -1.32  0.       -1314.073       6170.750       7144.812    0.000  -0.138   0.380   0.
  2017 352 21 32  7 509 352.897309135      -0.50      1.21     -0.97  0.       -1315.378       6171.408       7144.239    0.000  -0.138   0.380   0.
  2017 352 21 32  8 509 352.897320709      -0.47      1.29     -0.20  0.       -1316.683       6172.064       7143.665    0.000  -0.138   0.380   0.
  2017 352 21 32  9 509 352.897332283       0.23      1.24     -0.11  0.       -1317.988       6172.721       7143.091    0.000  -0.138   0.380   0.
  2017 352 21 32 10 509 352.897343857       0.05      1.49     -0.15  0.       -1319.293       6173.377       7142.516    0.000  -0.138   0.380   0.
  2017 352 21 32 11 509 352.897355431       0.08      1.42     -0.07  0.       -1320.597       6174.033       7141.941    0.000  -0.138   0.380   0.
  2017 352 21 32 12 509 352.897367005       0.44      1.67     -0.52  0.       -1321.902       6174.689       7141.366    0.000  -0.138   0.380   0.
  2017 352 21 32 13 509 352.897378578       0.55      1.90     -0.87  0.       -1323.207       6175.344       7140.791    0.000  -0.138   0.380   0.
  2017 352 21 32 14 509 352.897390150       0.44      1.54     -1.10  0.       -1324.511       6175.999       7140.215    0.000  -0.138   0.380   0.
  2017 352 21 32 15 508 352.897401725       0.64      1.40     -0.84  0.       -1325.816       6176.654       7139.638    0.000  -0.138   0.380   0.
  2017 352 21 32 16 508 352.897413299       0.61      1.35     -0.95  0.       -1327.120       6177.308       7139.062    0.000  -0.138   0.380   0.
  2017 352 21 32 17 509 352.897424873       0.57      1.36     -0.88  0.       -1328.424       6177.962       7138.485    0.000  -0.138   0.380   0.
  2017 352 21 32 18 509 352.897436447       0.45      1.44     -1.01  0.       -1329.729       6178.616       7137.907    0.000  -0.138   0.380   0.
  2017 352 21 32 19 509 352.897448021       0.27      1.45     -1.13  0.       -1331.033       6179.269       7137.329    0.000  -0.138   0.380   0.
  2017 352 21 32 20 509 352.897459595      -0.14      1.54     -1.06  0.       -1332.337       6179.922       7136.751    0.000  -0.138   0.380   0.
  2017 352 21 32 21 509 352.897471169      -0.11      1.43     -0.67  0.       -1333.641       6180.575       7136.173    0.000  -0.138   0.380   0.
  2017 352 21 32 22 508 352.897482743       0.24      1.44     -0.67  0.       -1334.945       6181.228       7135.594    0.000  -0.138   0.380   0.
  2017 352 21 32 23 508 352.897494317      -0.13      1.35     -1.03  0.       -1336.249       6181.880       7135.015    0.000  -0.138   0.380   0.
  2017 352 21 32 24 508 352.897505891      -0.19      1.43     -0.58  0.       -1337.553       6182.532       7134.436    0.000  -0.139   0.381   0.
  2017 352 21 32 25 508 352.897517465       0.07      1.42     -0.77  0.       -1338.856       6183.184       7133.856    0.000  -0.139   0.381   0.
  2017 352 21 32 26 509 352.897529039       0.17      1.35     -0.98  0.       -1340.160       6183.835       7133.275    0.000  -0.139   0.381   0.
  2017 352 21 32 27 509 352.897540613       0.00      1.58     -1.09  0.       -1341.464       6184.486       7132.695    0.000  -0.139   0.381   0.
  2017 352 21 32 28 508 352.897552188      -0.06      1.58     -1.10  0.       -1342.767       6185.136       7132.114    0.000  -0.138   0.380   0.
  2017 352 21 32 29 508 352.897563762      -0.16      1.52     -0.73  0.       -1344.071       6185.787       7131.533    0.000  -0.138   0.380   0.
  2017 352 21 32 30 509 352.897575336       0.02      1.28     -1.09  0.       -1345.374       6186.437       7130.951    0.000  -0.138   0.380   0.
  2017 352 21 32 31 509 352.897586910      -0.36      1.11     -1.14  0.       -1346.678       6187.087       7130.369    0.000  -0.138   0.380   0.
  2017 352 21 32 32 509 352.897598484      -0.58      1.39     -0.92  0.       -1347.981       6187.736       7129.787    0.000  -0.139   0.381   0.
  2017 352 21 32 33 509 352.897610058      -0.57      1.68     -0.30  0.       -1349.284       6188.386       7129.204    0.000  -0.139   0.381   0.
  2017 352 21 32 34 509 352.897621632      -0.16      1.76     -0.23  0.       -1350.588       6189.034       7128.621    0.000  -0.138   0.380   0.
  2017 352 21 32 35 508 352.897633206       0.17      1.56     -0.61  0.       -1351.891       6189.683       7128.038    0.000  -0.138   0.380   0.
  2017 352 21 32 36 508 352.897644780       0.13      1.38     -0.97  0.       -1353.194       6190.331       7127.454    0.000  -0.139   0.381   0.
  2017 352 21 32 37 508 352.897656354      -0.14      1.42     -1.26  0.       -1354.497       6190.979       7126.870    0.000  -0.139   0.381   0.
  2017 352 21 32 38 508 352.897667928      -0.48      1.39     -1.26  0.       -1355.800       6191.627       7126.286    0.000  -0.138   0.380   0.
  2017 352 21 32 39 508 352.897679502      -0.45      1.30     -0.94  0.       -1357.102       6192.274       7125.701    0.000  -0.138   0.380   0.
  2017 352 21 32 40 509 352.897691076      -0.35      1.36     -0.69  0.       -1358.405       6192.921       7125.116    0.000  -0.138   0.380   0.
  2017 352 21 32 41 509 352.897702650      -0.17      1.48     -0.77  0.       -1359.708       6193.568       7124.530    0.000  -0.138   0.380   0.
  2017 352 21 32 42 508 352.897714225      -0.08      1.63     -0.49  0.       -1361.011       6194.214       7123.944    0.000  -0.139   0.381   0.
  2017 352 21 32 43 508 352.897725798       0.45      1.67     -0.61  0.       -1362.313       6194.861       7123.358    0.000  -0.139   0.381   0.
  2017 352 21 32 44 508 352.897737370       0.66      1.63     -0.95  0.       -1363.616       6195.506       7122.772    0.000  -0.138   0.380   0.
  2017 352 21 32 45 508 352.897748944       0.52      1.57     -1.34  0.       -1364.918       6196.152       7122.185    0.000  -0.138   0.380   0.
  2017 352 21 32 46 508 352.897760518       0.32      1.53     -1.09  0.       -1366.221       6196.797       7121.598    0.000  -0.139   0.381   0.
  2017 352 21 32 47 508 352.897772092       0.47      1.50     -0.98  0.       -1367.523       6197.442       7121.010    0.000  -0.139   0.381   0.
  2017 352 21 32 48 508 352.897783666       0.53      1.52     -0.88  0.       -1368.825       6198.087       7120.422    0.000  -0.138   0.380   0.
  2017 352 21 32 49 508 352.897795240       0.58      1.42     -0.88  0.       -1370.127       6198.731       7119.834    0.000  -0.138   0.380   0.
  2017 352 21 32 50 508 352.897806814       0.49      1.42     -1.21  0.       -1371.429       6199.375       7119.245    0.000  -0.138   0.380   0.
  2017 352 21 32 51 508 352.897818388       0.40      1.41     -1.46  0.       -1372.732       6200.019       7118.656    0.000  -0.138   0.380   0.
  2017 352 21 32 52 508 352.897829962       0.49      1.39     -1.48  0.       -1374.034       6200.662       7118.067    0.000  -0.138   0.380   0.
  2017 352 21 32 53 508 352.897841536       0.25      1.33     -1.37  0.       -1375.335       6201.305       7117.477    0.000  -0.138   0.380   0.
  2017 352 21 32 54 508 352.897853111       0.07      1.40     -0.90  0.       -1376.637       6201.948       7116.887    0.000  -0.138   0.380   0.
  2017 352 21 32 55 508 352.897864685       0.34      1.48     -0.67  0.       -1377.939       6202.590       7116.297    0.000  -0.138   0.380   0.
  2017 352 21 32 56 508 352.897876259       0.52      1.45     -0.41  0.       -1379.241       6203.232       7115.706    0.000  -0.139   0.381   0.
  2017 352 21 32 57 508 352.897887833       0.78      1.51     -0.62  0.       -1380.542       6203.874       7115.115    0.000  -0.139   0.381   0.
  2017 352 21 32 58 508 352.897899407       0.48      1.39     -0.69  0.       -1381.844       6204.516       7114.523    0.000  -0.138   0.380   0.
  2017 352 21 32 59 508 352.897910981       0.22      1.32     -0.74  0.       -1383.145       6205.157       7113.931    0.000  -0.138   0.380   0.
  2017 352 21 33  0 508 352.897922555       0.28      1.39     -0.72  0.       -1384.447       6205.798       7113.339    0.000  -0.139   0.381   0.
  2017 352 21 33  1 508 352.897934129       0.28      1.46     -0.96  0.       -1385.748       6206.439       7112.747    0.000  -0.139   0.381   0.
  2017 352 21 33  2 508 352.897945703       0.20      1.42     -0.77  0.       -1387.050       6207.079       7112.154    0.000  -0.139   0.381   0.
  2017 352 21 33  3 508 352.897957277      -0.04      1.30     -0.76  0.       -1388.351       6207.719       7111.561    0.000  -0.139   0.381   0.
  2017 352 21 33  4 508 352.897968851       0.19      1.33     -0.81  0.       -1389.652       6208.359       7110.967    0.000  -0.138   0.380   0.
  2017 352 21 33  5 508 352.897980425      -0.04      1.21     -1.05  0.       -1390.953       6208.998       7110.373    0.000  -0.138   0.380   0.
  2017 352 21 33  6 508 352.897991999      -0.32      1.29     -1.11  0.       -1392.254       6209.637       7109.779    0.000  -0.139   0.381   0.
  2017 352 21 33  7 508 352.898003573      -0.45      1.37     -1.03  0.       -1393.555       6210.276       7109.185    0.000  -0.139   0.381   0.
  2017 352 21 33  8 508 352.898015148      -0.41      1.39     -0.85  0.       -1394.856       6210.914       7108.590    0.000  -0.139   0.381   0.
  2017 352 21 33  9 508 352.898026722      -0.33      1.36     -0.82  0.       -1396.157       6211.553       7107.994    0.000  -0.139   0.381   0.
  2017 352 21 33 10 508 352.898038296      -0.44      1.39     -0.79  0.       -1397.457       6212.190       7107.399    0.000  -0.138   0.380   0.
  2017 352 21 33 11 508 352.898049870      -0.36      1.48     -0.62  0.       -1398.758       6212.828       7106.803    0.000  -0.138   0.380   0.
  2017 352 21 33 12 508 352.898061444      -0.46      1.44     -0.55  0.       -1400.059       6213.465       7106.206    0.000  -0.139   0.381   0.
  2017 352 21 33 13 508 352.898073017      -0.39      1.46     -0.65  0.       -1401.359       6214.102       7105.610    0.000  -0.139   0.381   0.
  2017 352 21 33 14 508 352.898084589      -0.47      1.53     -0.78  0.       -1402.660       6214.739       7105.012    0.000  -0.139   0.381   0.
  2017 352 21 33 15 508 352.898096163      -0.80      1.62     -0.68  0.       -1403.960       6215.375       7104.415    0.000  -0.139   0.381   0.
  2017 352 21 33 16 508 352.898107737      -0.39      1.78     -0.29  0.       -1405.260       6216.011       7103.817    0.000  -0.138   0.380   0.
  2017 352 21 33 17 508 352.898119311      -0.20      1.69     -0.37  0.       -1406.561       6216.647       7103.219    0.000  -0.138   0.380   0.
  2017 352 21 33 18 508 352.898130885      -0.26      1.62     -0.45  0.       -1407.861       6217.282       7102.621    0.000  -0.138   0.380   0.
  2017 352 21 33 19 508 352.898142460      -0.16      1.60     -0.21  0.       -1409.161       6217.918       7102.022    0.000  -0.138   0.380   0.
  2017 352 21 33 20 508 352.898154034       0.05      1.51     -0.06  0.       -1410.461       6218.552       7101.423    0.000  -0.139   0.381   0.
  2017 352 21 33 21 508 352.898165608       0.26      1.46      0.12  0.       -1411.761       6219.187       7100.823    0.000  -0.139   0.381   0.
  2017 352 21 33 22 508 352.898177182       0.50      1.50     -0.72  0.       -1413.061       6219.821       7100.223    0.000  -0.138   0.380   0.
  2017 352 21 33 23 508 352.898188756      -0.04      1.67     -1.08  0.       -1414.361       6220.455       7099.623    0.000  -0.138   0.380   0.
  2017 352 21 33 24 508 352.898200330      -0.24      1.75     -0.75  0.       -1415.661       6221.089       7099.023    0.000  -0.139   0.381   0.
  2017 352 21 33 25 508 352.898211904      -0.20      1.74     -0.63  0.       -1416.960       6221.722       7098.422    0.000  -0.139   0.381   0.
  2017 352 21 33 26 508 352.898223478      -0.22      1.66     -0.32  0.       -1418.260       6222.355       7097.820    0.000  -0.139   0.381   0.
  2017 352 21 33 27 508 352.898235052       0.07      1.58     -0.19  0.       -1419.560       6222.988       7097.219    0.000  -0.139   0.381   0.
  2017 352 21 33 28 508 352.898246626       0.24      1.49     -0.52  0.       -1420.859       6223.620       7096.617    0.000  -0.138   0.380   0.
  2017 352 21 33 29 508 352.898258200      -0.15      1.46     -0.73  0.       -1422.159       6224.252       7096.015    0.000  -0.138   0.380   0.
  2017 352 21 33 30 508 352.898269774      -0.04      1.39     -0.55  0.       -1423.458       6224.884       7095.412    0.000  -0.138   0.380   0.
  2017 352 21 33 31 508 352.898281348       0.21      1.28     -0.55  0.       -1424.757       6225.515       7094.809    0.000  -0.138   0.380   0.
  2017 352 21 33 32 508 352.898292923       0.08      1.19     -0.49  0.       -1426.056       6226.146       7094.206    0.000  -0.139   0.381   0.
  2017 352 21 33 33 508 352.898304497      -0.03      1.20     -0.71  0.       -1427.356       6226.777       7093.602    0.000  -0.139   0.381   0.
  2017 352 21 33 34 508 352.898316071      -0.29      1.21     -0.90  0.       -1428.655       6227.408       7092.998    0.000  -0.138   0.380   0.
  2017 352 21 33 35 508 352.898327645      -0.20      1.38     -1.09  0.       -1429.954       6228.038       7092.393    0.000  -0.138   0.380   0.
  2017 352 21 33 36 508 352.898339219      -0.10      1.40     -1.17  0.       -1431.252       6228.668       7091.789    0.000  -0.139   0.381   0.
  2017 352 21 33 37 508 352.898350793      -0.06      1.53     -1.33  0.       -1432.551       6229.297       7091.184    0.000  -0.139   0.381   0.
  2017 352 21 33 38 508 352.898362367      -0.25      1.50     -1.27  0.       -1433.850       6229.927       7090.578    0.000  -0.139   0.381   0.
  2017 352 21 33 39 508 352.898373941      -0.08      1.34     -0.97  0.       -1435.149       6230.556       7089.972    0.000  -0.139   0.381   0.
  2017 352 21 33 40 508 352.898385515       0.23      1.31     -1.27  0.       -1436.448       6231.185       7089.366    0.000  -0.138   0.380   0.
  2017 352 21 33 41 508 352.898397089      -0.04      1.37     -1.42  0.       -1437.746       6231.813       7088.760    0.000  -0.138   0.380   0.
  2017 352 21 33 42 508 352.898408663      -0.08      1.35     -1.38  0.       -1439.045       6232.441       7088.153    0.000  -0.139   0.381   0.
  2017 352 21 33 43 508 352.898420236      -0.33      1.43     -1.35  0.       -1440.343       6233.069       7087.545    0.000  -0.139   0.381   0.
  2017 352 21 33 44 508 352.898431808      -0.24      1.28     -1.30  0.       -1441.641       6233.696       7086.938    0.000  -0.139   0.381   0.
  2017 352 21 33 45 508 352.898443383      -0.59      1.25     -1.16  0.       -1442.940       6234.323       7086.330    0.000  -0.139   0.381   0.
  2017 352 21 33 46 508 352.898454957      -0.55      1.21     -0.74  0.       -1444.238       6234.950       7085.722    0.000  -0.138   0.380   0.
  2017 352 21 33 47 508 352.898466531       0.11      1.11     -1.20  0.       -1445.536       6235.577       7085.113    0.000  -0.138   0.380   0.
  2017 352 21 33 48 508 352.898478105      -0.69      1.36     -2.13  0.       -1446.834       6236.203       7084.504    0.000  -0.139   0.381   0.
  2017 352 21 33 49 508 352.898489679      -0.89      1.22     -1.52  0.       -1448.132       6236.829       7083.895    0.000  -0.139   0.381   0.
  2017 352 21 33 50 508 352.898501253      -0.29      1.30     -1.11  0.       -1449.430       6237.455       7083.285    0.000  -0.139   0.381   0.
  2017 352 21 33 51 508 352.898512827       0.17      1.14     -1.38  0.       -1450.728       6238.080       7082.675    0.000  -0.139   0.381   0.
  2017 352 21 33 52 508 352.898524401      -0.08      1.11     -1.66  0.       -1452.026       6238.705       7082.065    0.000  -0.138   0.380   0.
  2017 352 21 33 53 508 352.898535975      -0.92      1.12     -2.33  0.       -1453.324       6239.330       7081.454    0.000  -0.138   0.380   0.
  2017 352 21 33 54 508 352.898547549      -1.26      1.43     -1.30  0.       -1454.621       6239.954       7080.843    0.000  -0.138   0.380   0.
  2017 352 21 33 55 508 352.898559123      -0.48      1.24     -0.62  0.       -1455.919       6240.578       7080.232    0.000  -0.138   0.380   0.
  2017 352 21 33 56 508 352.898570697      -0.25      1.46     -1.14  0.       -1457.216       6241.202       7079.620    0.000  -0.139   0.381   0.
  2017 352 21 33 57 508 352.898582271      -0.75      1.95     -1.58  0.       -1458.514       6241.825       7079.008    0.000  -0.139   0.381   0.
  2017 352 21 33 58 508 352.898593846      -1.85      1.89     -1.49  0.       -1459.811       6242.449       7078.396    0.000  -0.138   0.380   0.
  2017 352 21 33 59 508 352.898605420      -1.48      1.95     -0.73  0.       -1461.109       6243.072       7077.783    0.000  -0.138   0.380   0.
  2017 352 21 34  0 508 352.898616994      -0.62      1.57     -1.26  0.       -1462.406       6243.694       7077.170    0.000  -0.139   0.381   0.
  2017 352 21 34  1 508 352.898628568      -0.38      0.97     -1.49  0.       -1463.703       6244.316       7076.556    0.000  -0.139   0.381   0.
  2017 352 21 34  2 508 352.898640142      -0.13      0.92     -1.17  0.       -1465.000       6244.938       7075.943    0.000  -0.138   0.380   0.
  2017 352 21 34  3 508 352.898651716       0.11      1.08     -1.17  0.       -1466.297       6245.560       7075.328    0.000  -0.138   0.380   0.
  2017 352 21 34  4 508 352.898663290       0.27      1.03     -1.29  0.       -1467.594       6246.181       7074.714    0.000  -0.138   0.380   0.
  2017 352 21 34  5 508 352.898674864       0.26      1.12     -1.20  0.       -1468.891       6246.802       7074.099    0.000  -0.138   0.380   0.
  2017 352 21 34  6 508 352.898686438       0.42      1.49     -1.14  0.       -1470.188       6247.423       7073.484    0.000  -0.139   0.381   0.
  2017 352 21 34  7 508 352.898698012      -0.73      2.04     -1.01  0.       -1471.484       6248.043       7072.868    0.000  -0.139   0.381   0.
  2017 352 21 34  8 508 352.898709586      -0.35      1.54     -0.03  0.       -1472.781       6248.663       7072.252    0.000  -0.139   0.381   0.
  2017 352 21 34  9 508 352.898721160       0.28      2.10     -1.12  0.       -1474.078       6249.283       7071.636    0.000  -0.139   0.381   0.
  2017 352 21 34 10 508 352.898732734      -1.12      2.56     -2.54  0.       -1475.374       6249.903       7071.020    0.000  -0.138   0.380   0.
  2017 352 21 34 11 508 352.898744308      -1.85      1.16     -1.02  0.       -1476.670       6250.522       7070.403    0.000  -0.138   0.380   0.
  2017 352 21 34 12 508 352.898755883      -1.23      1.66     -0.38  0.       -1477.967       6251.141       7069.785    0.000  -0.139   0.381   0.
  2017 352 21 34 13 508 352.898767456      -1.18      1.95     -0.58  0.       -1479.263       6251.760       7069.168    0.000  -0.139   0.381   0.
  2017 352 21 34 14 508 352.898779028      -1.28      2.13     -0.65  0.       -1480.559       6252.378       7068.550    0.000  -0.138   0.380   0.
  2017 352 21 34 15 508 352.898790602      -1.13      1.70     -0.47  0.       -1481.856       6252.996       7067.931    0.000  -0.138   0.380   0.
  2017 352 21 34 16 508 352.898802176      -0.72      1.66     -0.20  0.       -1483.151       6253.613       7067.313    0.000  -0.139   0.381   0.
  2017 352 21 34 17 507 352.898813750      -0.47      1.73     -0.46  0.       -1484.447       6254.231       7066.694    0.000  -0.139   0.381   0.
  2017 352 21 34 18 507 352.898825324      -0.35      1.60     -0.53  0.       -1485.744       6254.848       7066.074    0.000  -0.138   0.380   0.
  2017 352 21 34 19 507 352.898836898      -0.40      1.57     -0.60  0.       -1487.039       6255.464       7065.455    0.000  -0.138   0.380   0.
  2017 352 21 34 20 507 352.898848472      -0.27      1.67     -0.38  0.       -1488.335       6256.081       7064.835    0.000  -0.138   0.380   0.
  2017 352 21 34 21 507 352.898860046      -0.11      1.62     -0.20  0.       -1489.631       6256.697       7064.214    0.000  -0.138   0.380   0.
  2017 352 21 34 22 508 352.898871620      -0.02      1.52     -0.23  0.       -1490.927       6257.313       7063.593    0.000  -0.139   0.381   0.
  2017 352 21 34 23 508 352.898883194       0.12      1.62     -0.27  0.       -1492.222       6257.928       7062.972    0.000  -0.139   0.381   0.
  2017 352 21 34 24 507 352.898894769       0.14      1.64     -0.30  0.       -1493.517       6258.544       7062.351    0.000  -0.139   0.381   0.
  2017 352 21 34 25 507 352.898906343       0.23      1.62     -0.44  0.       -1494.813       6259.159       7061.729    0.000  -0.139   0.381   0.
  2017 352 21 34 26 508 352.898917917       0.19      1.61     -0.69  0.       -1496.108       6259.773       7061.107    0.000  -0.138   0.380   0.
  2017 352 21 34 27 508 352.898929491       0.27      1.53     -0.69  0.       -1497.403       6260.387       7060.484    0.000  -0.138   0.380   0.
  2017 352 21 34 28 508 352.898941065      -0.08      1.38     -1.13  0.       -1498.699       6261.001       7059.861    0.000  -0.138   0.380   0.
  2017 352 21 34 29 508 352.898952639      -0.41      1.54     -0.62  0.       -1499.994       6261.615       7059.238    0.000  -0.138   0.380   0.
  2017 352 21 34 30 508 352.898964213      -0.12      1.55     -0.27  0.       -1501.289       6262.228       7058.615    0.000  -0.139   0.381   0.
  2017 352 21 34 31 507 352.898975787       0.18      1.35     -0.18  0.       -1502.584       6262.841       7057.991    0.000  -0.139   0.381   0.
  2017 352 21 34 32 507 352.898987361       0.31      1.39     -0.32  0.       -1503.879       6263.454       7057.367    0.000  -0.139   0.381   0.
  2017 352 21 34 33 507 352.898998935       0.12      1.38     -0.27  0.       -1505.174       6264.067       7056.742    0.000  -0.139   0.381   0.
  2017 352 21 34 34 507 352.899010509       0.29      1.36     -0.43  0.       -1506.468       6264.679       7056.117    0.000  -0.139   0.381   0.
  2017 352 21 34 35 507 352.899022083       0.30      1.43     -0.63  0.       -1507.763       6265.291       7055.492    0.000  -0.139   0.381   0.
  2017 352 21 34 36 508 352.899033657       0.25      1.53     -0.89  0.       -1509.058       6265.902       7054.866    0.000  -0.139   0.381   0.
  2017 352 21 34 37 508 352.899045232      -0.10      1.50     -0.98  0.       -1510.352       6266.513       7054.240    0.000  -0.139   0.381   0.
  2017 352 21 34 38 507 352.899056806      -0.20      1.44     -0.79  0.       -1511.647       6267.124       7053.614    0.000  -0.138   0.380   0.
  2017 352 21 34 39 507 352.899068380       0.12      1.32     -0.32  0.       -1512.941       6267.735       7052.987    0.000  -0.138   0.380   0.
  2017 352 21 34 40 508 352.899079954       0.56      1.42     -0.69  0.       -1514.235       6268.345       7052.360    0.000  -0.139   0.381   0.
  2017 352 21 34 41 508 352.899091528      -0.03      1.63     -1.21  0.       -1515.529       6268.955       7051.733    0.000  -0.139   0.381   0.
  2017 352 21 34 42 508 352.899103102      -0.53      1.48     -0.43  0.       -1516.824       6269.565       7051.105    0.000  -0.139   0.381   0.
  2017 352 21 34 43 508 352.899114675       0.06      1.62      0.04  0.       -1518.118       6270.174       7050.477    0.000  -0.139   0.381   0.
  2017 352 21 34 44 507 352.899126247       0.23      1.56     -0.09  0.       -1519.412       6270.783       7049.849    0.000  -0.138   0.380   0.
  2017 352 21 34 45 507 352.899137821       0.46      1.42     -0.05  0.       -1520.706       6271.392       7049.220    0.000  -0.138   0.380   0.
  2017 352 21 34 46 507 352.899149395       0.78      1.37     -0.36  0.       -1521.999       6272.001       7048.591    0.000  -0.138   0.380   0.
  2017 352 21 34 47 507 352.899160969       0.77      1.84     -1.19  0.       -1523.293       6272.608       7047.962    0.000  -0.138   0.380   0.
  2017 352 21 34 48 507 352.899172543       0.18      1.83     -1.51  0.       -1524.587       6273.216       7047.332    0.000  -0.139   0.381   0.
  2017 352 21 34 49 507 352.899184117      -0.34      1.68     -1.41  0.       -1525.881       6273.824       7046.702    0.000  -0.139   0.381   0.
  2017 352 21 34 50 507 352.899195692      -0.34      1.47     -1.25  0.       -1527.174       6274.431       7046.071    0.000  -0.138   0.380   0.
  2017 352 21 34 51 507 352.899207266      -1.00      1.53     -1.09  0.       -1528.468       6275.038       7045.440    0.000  -0.138   0.380   0.
  2017 352 21 34 52 507 352.899218840      -1.13      1.51     -0.35  0.       -1529.761       6275.645       7044.809    0.000  -0.138   0.380   0.
  2017 352 21 34 53 507 352.899230414      -0.23      1.59      0.41  0.       -1531.054       6276.251       7044.178    0.000  -0.138   0.380   0.
  2017 352 21 34 54 507 352.899241988       0.40      1.80      0.08  0.       -1532.348       6276.857       7043.546    0.000  -0.139   0.381   0.
  2017 352 21 34 55 507 352.899253562       0.43      1.68     -0.13  0.       -1533.641       6277.462       7042.914    0.000  -0.139   0.381   0.
  2017 352 21 34 56 507 352.899265136       0.36      1.71     -0.61  0.       -1534.934       6278.068       7042.281    0.000  -0.138   0.380   0.
  2017 352 21 34 57 507 352.899276710      -0.21      1.69     -0.66  0.       -1536.227       6278.673       7041.648    0.000  -0.138   0.380   0.
  2017 352 21 34 58 507 352.899288284      -0.06      1.66     -0.36  0.       -1537.520       6279.278       7041.015    0.000  -0.138   0.380   0.
  2017 352 21 34 59 507 352.899299858       0.16      1.43     -0.67  0.       -1538.813       6279.882       7040.381    0.000  -0.138   0.380   0.
  2017 352 21 35  0 507 352.899311432       0.38      1.31     -0.63  0.       -1540.106       6280.486       7039.748    0.000  -0.139   0.381   0.
  2017 352 21 35  1 507 352.899323006       0.41      1.29     -0.87  0.       -1541.398       6281.090       7039.113    0.000  -0.139   0.381   0.
  2017 352 21 35  2 507 352.899334580       0.69      1.28     -1.20  0.       -1542.691       6281.694       7038.479    0.000  -0.139   0.381   0.
  2017 352 21 35  3 507 352.899346154      -0.16      1.74     -1.45  0.       -1543.984       6282.297       7037.844    0.000  -0.139   0.381   0.
  2017 352 21 35  4 507 352.899357729      -0.22      1.46     -0.34  0.       -1545.276       6282.900       7037.208    0.000  -0.138   0.380   0.
  2017 352 21 35  5 507 352.899369303       0.70      1.55     -0.24  0.       -1546.569       6283.502       7036.573    0.000  -0.138   0.380   0.
  2017 352 21 35  6 507 352.899380877       0.58      1.54     -0.52  0.       -1547.861       6284.105       7035.937    0.000  -0.138   0.380   0.
  2017 352 21 35  7 507 352.899392451       0.71      1.39     -0.37  0.       -1549.153       6284.707       7035.300    0.000  -0.138   0.380   0.
  2017 352 21 35  8 507 352.899404025       0.96      1.28     -0.89  0.       -1550.445       6285.308       7034.664    0.000  -0.138   0.380   0.
  2017 352 21 35  9 507 352.899415599       0.80      1.41     -1.74  0.       -1551.737       6285.910       7034.027    0.000  -0.138   0.380   0.
  2017 352 21 35 10 507 352.899427173      -0.78      1.67     -2.37  0.       -1553.029       6286.511       7033.389    0.000  -0.138   0.380   0.
  2017 352 21 35 11 507 352.899438746      -2.08      1.57     -0.44  0.       -1554.322       6287.111       7032.752    0.000  -0.138   0.380   0.
  2017 352 21 35 12 507 352.899450318      -1.14      1.51      0.89  0.       -1555.613       6287.712       7032.114    0.000  -0.139   0.381   0.
  2017 352 21 35 13 507 352.899461892      -0.12      1.61      0.64  0.       -1556.905       6288.312       7031.475    0.000  -0.139   0.381   0.
  2017 352 21 35 14 507 352.899473466       0.20      1.80      0.10  0.       -1558.197       6288.912       7030.836    0.000  -0.139   0.381   0.
  2017 352 21 35 15 507 352.899485041       0.33      1.69     -0.14  0.       -1559.489       6289.511       7030.197    0.000  -0.139   0.381   0.
  2017 352 21 35 16 507 352.899496615       0.34      1.84     -1.00  0.       -1560.780       6290.111       7029.558    0.000  -0.138   0.380   0.
  2017 352 21 35 17 507 352.899508189      -0.45      1.70     -1.41  0.       -1562.072       6290.709       7028.918    0.000  -0.138   0.380   0.
  2017 352 21 35 18 507 352.899519763      -0.69      1.62     -0.98  0.       -1563.363       6291.308       7028.278    0.000  -0.139   0.381   0.
  2017 352 21 35 19 507 352.899531337      -0.64      1.69     -0.55  0.       -1564.655       6291.906       7027.638    0.000  -0.139   0.381   0.
  2017 352 21 35 20 507 352.899542911      -0.15      1.58     -0.86  0.       -1565.946       6292.504       7026.997    0.000  -0.139   0.381   0.
  2017 352 21 35 21 507 352.899554485      -0.20      1.23     -0.79  0.       -1567.237       6293.102       7026.356    0.000  -0.139   0.381   0.
  2017 352 21 35 22 507 352.899566059      -0.33      1.33     -1.04  0.       -1568.528       6293.699       7025.714    0.000  -0.138   0.380   0.
  2017 352 21 35 23 507 352.899577633      -0.63      1.65     -0.33  0.       -1569.819       6294.296       7025.072    0.000  -0.138   0.380   0.
  2017 352 21 35 24 507 352.899589207      -0.46      1.71     -0.53  0.       -1571.110       6294.893       7024.430    0.000  -0.139   0.381   0.
  2017 352 21 35 25 507 352.899600781      -0.23      1.63     -0.88  0.       -1572.401       6295.490       7023.787    0.000  -0.139   0.381   0.
  2017 352 21 35 26 507 352.899612355      -0.34      1.68     -0.57  0.       -1573.692       6296.086       7023.145    0.000  -0.138   0.380   0.
  2017 352 21 35 27 507 352.899623929      -0.22      1.59     -0.91  0.       -1574.983       6296.682       7022.501    0.000  -0.138   0.380   0.
  2017 352 21 35 28 507 352.899635504      -0.38      1.66     -0.62  0.       -1576.273       6297.277       7021.858    0.000  -0.139   0.381   0.
  2017 352 21 35 29 507 352.899647078      -0.11      1.88     -0.48  0.       -1577.564       6297.872       7021.214    0.000  -0.139   0.381   0.
  2017 352 21 35 30 507 352.899658652      -0.08      1.84     -0.35  0.       -1578.854       6298.467       7020.570    0.000  -0.139   0.381   0.
  2017 352 21 35 31 507 352.899670226       0.33      1.91     -0.70  0.       -1580.145       6299.062       7019.925    0.000  -0.139   0.381   0.
  2017 352 21 35 32 507 352.899681800      -0.02      1.94     -0.94  0.       -1581.435       6299.656       7019.280    0.000  -0.138   0.380   0.
  2017 352 21 35 33 507 352.899693374      -0.28      1.83     -0.58  0.       -1582.725       6300.250       7018.635    0.000  -0.138   0.380   0.
  2017 352 21 35 34 507 352.899704948      -0.24      1.71     -0.27  0.       -1584.016       6300.844       7017.989    0.000  -0.139   0.381   0.
  2017 352 21 35 35 507 352.899716522       0.04      1.66     -0.29  0.       -1585.306       6301.437       7017.343    0.000  -0.139   0.381   0.
  2017 352 21 35 36 507 352.899728096      -0.05      1.62     -0.97  0.       -1586.596       6302.030       7016.697    0.000  -0.138   0.380   0.
  2017 352 21 35 37 507 352.899739670      -0.07      1.61     -1.12  0.       -1587.886       6302.623       7016.050    0.000  -0.138   0.380   0.
  2017 352 21 35 38 507 352.899751244      -0.53      1.67     -0.47  0.       -1589.176       6303.216       7015.403    0.000  -0.138   0.380   0.
  2017 352 21 35 39 507 352.899762818      -0.14      1.91     -0.17  0.       -1590.466       6303.807       7014.756    0.000  -0.138   0.380   0.
  2017 352 21 35 40 507 352.899774392       0.22      1.79     -0.29  0.       -1591.755       6304.399       7014.108    0.000  -0.139   0.381   0.
  2017 352 21 35 41 507 352.899785965       0.45      1.59     -0.33  0.       -1593.045       6304.991       7013.460    0.000  -0.139   0.381   0.
  2017 352 21 35 42 507 352.899797538       0.62      1.63     -0.61  0.       -1594.335       6305.582       7012.812    0.000  -0.138   0.380   0.
  2017 352 21 35 43 507 352.899809112       0.57      1.50     -0.80  0.       -1595.624       6306.173       7012.163    0.000  -0.138   0.380   0.
  2017 352 21 35 44 507 352.899820686       0.43      1.62     -0.95  0.       -1596.913       6306.764       7011.514    0.000  -0.138   0.380   0.
  2017 352 21 35 45 507 352.899832260       0.60      1.71     -0.81  0.       -1598.203       6307.354       7010.865    0.000  -0.138   0.380   0.
  2017 352 21 35 46 507 352.899843834       0.30      1.66     -1.07  0.       -1599.492       6307.944       7010.215    0.000  -0.139   0.381   0.
  2017 352 21 35 47 507 352.899855408      -0.10      1.61     -0.80  0.       -1600.781       6308.533       7009.565    0.000  -0.139   0.381   0.
  2017 352 21 35 48 507 352.899866982      -0.02      1.72     -0.60  0.       -1602.070       6309.123       7008.914    0.000  -0.138   0.380   0.
  2017 352 21 35 49 507 352.899878556      -0.02      1.80     -0.69  0.       -1603.359       6309.712       7008.263    0.000  -0.138   0.380   0.
  2017 352 21 35 50 507 352.899890130      -0.25      1.69     -0.48  0.       -1604.648       6310.301       7007.612    0.000  -0.138   0.380   0.
  2017 352 21 35 51 507 352.899901704      -0.16      1.50     -0.47  0.       -1605.937       6310.889       7006.961    0.000  -0.138   0.380   0.
  2017 352 21 35 52 507 352.899913278      -0.08      1.54     -0.49  0.       -1607.226       6311.477       7006.309    0.000  -0.139   0.381   0.
  2017 352 21 35 53 507 352.899924852      -0.17      1.89     -0.75  0.       -1608.515       6312.065       7005.657    0.000  -0.139   0.381   0.
  2017 352 21 35 54 507 352.899936427      -0.40      1.96     -0.18  0.       -1609.803       6312.653       7005.004    0.000  -0.138   0.380   0.
  2017 352 21 35 55 507 352.899948001      -0.04      1.95     -0.03  0.       -1611.092       6313.240       7004.352    0.000  -0.138   0.380   0.
  2017 352 21 35 56 507 352.899959575      -0.12      1.70     -0.35  0.       -1612.380       6313.827       7003.698    0.000  -0.138   0.380   0.
  2017 352 21 35 57 507 352.899971149      -0.25      1.62     -0.30  0.       -1613.669       6314.413       7003.045    0.000  -0.138   0.380   0.
  2017 352 21 35 58 507 352.899982723      -0.54      1.69     -0.60  0.       -1614.957       6314.999       7002.391    0.000  -0.138   0.380   0.
  2017 352 21 35 59 507 352.899994297      -0.77      1.59     -0.39  0.       -1616.245       6315.585       7001.737    0.000  -0.138   0.380   0.
  2017 352 21 36  0 507 352.900005871      -0.46      1.57     -0.25  0.       -1617.534       6316.171       7001.082    0.000  -0.138   0.380   0.
  2017 352 21 36  1 507 352.900017445      -0.08      1.60     -0.37  0.       -1618.822       6316.756       7000.427    0.000  -0.138   0.380   0.
  2017 352 21 36  2 507 352.900029019       0.21      1.63     -0.47  0.       -1620.110       6317.341       6999.772    0.000  -0.138   0.380   0.
  2017 352 21 36  3 507 352.900040593      -0.18      1.90     -0.92  0.       -1621.398       6317.926       6999.116    0.000  -0.138   0.380   0.
  2017 352 21 36  4 507 352.900052167      -0.46      1.75     -0.50  0.       -1622.685       6318.511       6998.461    0.000  -0.138   0.380   0.
  2017 352 21 36  5 507 352.900063741      -0.41      1.78     -0.38  0.       -1623.973       6319.095       6997.804    0.000  -0.138   0.380   0.
  2017 352 21 36  6 507 352.900075315      -0.39      1.68     -0.27  0.       -1625.261       6319.678       6997.148    0.000  -0.138   0.380   0.
  2017 352 21 36  7 507 352.900086889       0.04      1.52     -0.44  0.       -1626.549       6320.262       6996.491    0.000  -0.138   0.380   0.
  2017 352 21 36  8 507 352.900098464      -0.09      1.64     -0.81  0.       -1627.836       6320.845       6995.834    0.000  -0.138   0.380   0.
  2017 352 21 36  9 507 352.900110038      -0.25      1.77     -0.59  0.       -1629.124       6321.428       6995.176    0.000  -0.138   0.380   0.
  2017 352 21 36 10 507 352.900121612      -0.24      1.80     -0.75  0.       -1630.411       6322.011       6994.518    0.000  -0.138   0.380   0.
  2017 352 21 36 11 507 352.900133186      -0.85      1.88     -0.69  0.       -1631.698       6322.593       6993.860    0.000  -0.138   0.380   0.
  2017 352 21 36 12 507 352.900144760      -0.57      1.78     -0.23  0.       -1632.985       6323.175       6993.201    0.000  -0.138   0.380   0.
  2017 352 21 36 13 506 352.900156333      -0.53      1.54     -0.10  0.       -1634.273       6323.756       6992.542    0.000  -0.138   0.380   0.
  2017 352 21 36 14 506 352.900167905      -0.22      1.76     -0.27  0.       -1635.560       6324.338       6991.883    0.000  -0.138   0.380   0.
  2017 352 21 36 15 506 352.900179479       0.01      1.76     -0.24  0.       -1636.847       6324.919       6991.223    0.000  -0.138   0.380   0.
  2017 352 21 36 16 506 352.900191053       0.09      1.92     -0.60  0.       -1638.133       6325.499       6990.563    0.000  -0.138   0.380   0.
  2017 352 21 36 17 506 352.900202627      -0.10      2.14     -0.85  0.       -1639.420       6326.080       6989.903    0.000  -0.138   0.380   0.
  2017 352 21 36 18 507 352.900214201      -0.72      1.84     -0.42  0.       -1640.707       6326.660       6989.242    0.000  -0.138   0.380   0.
  2017 352 21 36 19 507 352.900225775      -0.30      1.59      0.14  0.       -1641.994       6327.240       6988.581    0.000  -0.138   0.380   0.
  2017 352 21 36 20 506 352.900237350       0.19      1.61     -0.20  0.       -1643.280       6327.819       6987.919    0.000  -0.138   0.380   0.
  2017 352 21 36 21 506 352.900248924      -0.63      1.81     -0.74  0.       -1644.567       6328.398       6987.258    0.000  -0.138   0.380   0.
  2017 352 21 36 22 507 352.900260498      -0.18      2.12     -0.44  0.       -1645.853       6328.977       6986.596    0.000  -0.138   0.380   0.
  2017 352 21 36 23 507 352.900272072      -0.32      2.07     -0.90  0.       -1647.139       6329.556       6985.933    0.000  -0.138   0.380   0.
  2017 352 21 36 24 507 352.900283646      -0.85      1.75     -0.78  0.       -1648.426       6330.134       6985.270    0.000  -0.138   0.380   0.
  2017 352 21 36 25 507 352.900295220      -1.16      1.62     -0.46  0.       -1649.712       6330.712       6984.607    0.000  -0.138   0.380   0.
  2017 352 21 36 26 507 352.900306794      -0.63      1.66     -0.35  0.       -1650.998       6331.290       6983.944    0.000  -0.139   0.381   0.
  2017 352 21 36 27 506 352.900318368      -0.47      1.56     -0.71  0.       -1652.284       6331.867       6983.280    0.000  -0.139   0.381   0.
  2017 352 21 36 28 506 352.900329942      -0.54      1.39     -1.00  0.       -1653.570       6332.444       6982.616    0.000  -0.138   0.380   0.
  2017 352 21 36 29 506 352.900341516      -0.77      1.35     -0.62  0.       -1654.856       6333.021       6981.951    0.000  -0.138   0.380   0.
  2017 352 21 36 30 506 352.900353090      -0.51      1.54     -0.44  0.       -1656.142       6333.597       6981.287    0.000  -0.139   0.381   0.
  2017 352 21 36 31 507 352.900364664      -0.55      1.64     -0.52  0.       -1657.427       6334.173       6980.622    0.000  -0.139   0.381   0.
  2017 352 21 36 32 507 352.900376238      -0.77      1.72     -0.22  0.       -1658.713       6334.749       6979.956    0.000  -0.139   0.381   0.
  2017 352 21 36 33 507 352.900387812      -0.51      1.95      0.03  0.       -1659.998       6335.324       6979.290    0.000  -0.139   0.381   0.
  2017 352 21 36 34 506 352.900399387      -0.39      1.72     -0.09  0.       -1661.284       6335.900       6978.624    0.000  -0.138   0.380   0.
  2017 352 21 36 35 506 352.900410961      -0.16      1.73     -0.58  0.       -1662.569       6336.474       6977.958    0.000  -0.138   0.380   0.
  2017 352 21 36 36 507 352.900422535      -0.66      1.91     -0.77  0.       -1663.854       6337.049       6977.291    0.000  -0.139   0.381   0.
  2017 352 21 36 37 507 352.900434109      -0.43      2.00     -0.10  0.       -1665.140       6337.623       6976.623    0.000  -0.139   0.381   0.
  2017 352 21 36 38 507 352.900445683      -0.24      1.86     -0.38  0.       -1666.425       6338.197       6975.956    0.000  -0.138   0.380   0.
  2017 352 21 36 39 507 352.900457257      -0.09      1.85     -0.51  0.       -1667.710       6338.771       6975.288    0.000  -0.138   0.380   0.
  2017 352 21 36 40 506 352.900468831      -0.24      1.77     -0.62  0.       -1668.995       6339.344       6974.620    0.000  -0.139   0.381   0.
  2017 352 21 36 41 506 352.900480405       0.28      1.79     -0.72  0.       -1670.280       6339.917       6973.951    0.000  -0.139   0.381   0.
  2017 352 21 36 42 506 352.900491979      -0.15      1.82     -0.48  0.       -1671.564       6340.490       6973.282    0.000  -0.138   0.380   0.
  2017 352 21 36 43 506 352.900503552      -0.20      1.78     -0.67  0.       -1672.849       6341.062       6972.613    0.000  -0.138   0.380   0.
  2017 352 21 36 44 506 352.900515124      -0.22      1.81     -0.45  0.       -1674.134       6341.634       6971.944    0.000  -0.138   0.380   0.
  2017 352 21 36 45 506 352.900526698      -0.29      1.69     -0.42  0.       -1675.418       6342.206       6971.274    0.000  -0.138   0.380   0.
  2017 352 21 36 46 506 352.900538273      -0.00      1.66     -0.62  0.       -1676.703       6342.777       6970.603    0.000  -0.139   0.381   0.
  2017 352 21 36 47 506 352.900549847      -0.17      1.78     -0.81  0.       -1677.987       6343.348       6969.933    0.000  -0.139   0.381   0.
  2017 352 21 36 48 506 352.900561421      -0.16      1.72     -0.51  0.       -1679.271       6343.919       6969.262    0.000  -0.138   0.380   0.
  2017 352 21 36 49 506 352.900572995       0.22      1.69     -0.45  0.       -1680.556       6344.490       6968.591    0.000  -0.138   0.380   0.
  2017 352 21 36 50 506 352.900584569       0.19      1.70     -0.67  0.       -1681.840       6345.060       6967.918    0.000  -0.139   0.381   0.
  2017 352 21 36 51 506 352.900596143       0.38      2.08     -0.49  0.       -1683.124       6345.630       6967.246    0.000  -0.139   0.381   0.
  2017 352 21 36 52 506 352.900607717       0.45      1.62     -1.13  0.       -1684.408       6346.199       6966.574    0.000  -0.138   0.380   0.
  2017 352 21 36 53 506 352.900619291      -0.23      1.49     -1.15  0.       -1685.692       6346.769       6965.902    0.000  -0.138   0.380   0.
  2017 352 21 36 54 506 352.900630865      -0.28      1.64     -1.20  0.       -1686.976       6347.338       6965.229    0.000  -0.138   0.380   0.
  2017 352 21 36 55 506 352.900642439      -0.33      1.65     -1.01  0.       -1688.259       6347.906       6964.556    0.000  -0.138   0.380   0.
  2017 352 21 36 56 506 352.900654013      -0.28      1.70     -0.53  0.       -1689.543       6348.475       6963.882    0.000  -0.139   0.381   0.
  2017 352 21 36 57 506 352.900665587      -0.03      1.65     -0.24  0.       -1690.826       6349.043       6963.208    0.000  -0.139   0.381   0.
  2017 352 21 36 58 506 352.900677161       0.30      1.64     -0.54  0.       -1692.110       6349.610       6962.534    0.000  -0.138   0.380   0.
  2017 352 21 36 59 506 352.900688736       0.31      1.66     -0.79  0.       -1693.393       6350.178       6961.859    0.000  -0.138   0.380   0.
  2017 352 21 37  0 506 352.900700310       0.25      1.34     -0.94  0.       -1694.677       6350.745       6961.184    0.000  -0.138   0.380   0.
  2017 352 21 37  1 506 352.900711884       0.14      1.20     -0.69  0.       -1695.960       6351.312       6960.509    0.000  -0.138   0.380   0.
  2017 352 21 37  2 506 352.900723458       0.37      1.33     -0.60  0.       -1697.243       6351.878       6959.833    0.000  -0.138   0.380   0.
  2017 352 21 37  3 506 352.900735032       0.07      1.46     -0.64  0.       -1698.526       6352.444       6959.157    0.000  -0.138   0.380   0.
  2017 352 21 37  4 506 352.900746606       0.06      1.73     -0.76  0.       -1699.809       6353.010       6958.480    0.000  -0.138   0.380   0.
  2017 352 21 37  5 506 352.900758180      -0.55      1.94     -0.98  0.       -1701.092       6353.576       6957.804    0.000  -0.138   0.380   0.
  2017 352 21 37  6 506 352.900769754      -0.65      1.94     -0.97  0.       -1702.375       6354.141       6957.127    0.000  -0.138   0.380   0.
  2017 352 21 37  7 506 352.900781328      -0.19      1.81     -0.49  0.       -1703.658       6354.706       6956.449    0.000  -0.138   0.380   0.
  2017 352 21 37  8 506 352.900792902      -0.06      1.76     -0.56  0.       -1704.940       6355.271       6955.772    0.000  -0.138   0.380   0.
  2017 352 21 37  9 506 352.900804476      -0.15      1.81     -0.92  0.       -1706.223       6355.835       6955.093    0.000  -0.138   0.380   0.
  2017 352 21 37 10 506 352.900816050      -0.36      2.03     -1.34  0.       -1707.505       6356.399       6954.415    0.000  -0.139   0.381   0.
  2017 352 21 37 11 506 352.900827623      -0.86      1.67     -1.49  0.       -1708.788       6356.963       6953.736    0.000  -0.139   0.381   0.
  2017 352 21 37 12 506 352.900839196      -0.93      1.66     -0.61  0.       -1710.070       6357.526       6953.057    0.000  -0.138   0.380   0.
  2017 352 21 37 13 506 352.900850770      -0.81      1.85     -1.12  0.       -1711.352       6358.089       6952.378    0.000  -0.138   0.380   0.
  2017 352 21 37 14 506 352.900862344      -0.97      1.68     -0.45  0.       -1712.634       6358.652       6951.698    0.000  -0.139   0.381   0.
  2017 352 21 37 15 506 352.900873918      -0.46      1.87     -0.25  0.       -1713.916       6359.214       6951.018    0.000  -0.139   0.381   0.
  2017 352 21 37 16 506 352.900885492       0.07      1.81     -0.48  0.       -1715.198       6359.776       6950.337    0.000  -0.138   0.380   0.
  2017 352 21 37 17 506 352.900897066      -0.34      1.74     -0.69  0.       -1716.480       6360.338       6949.657    0.000  -0.138   0.380   0.
  2017 352 21 37 18 506 352.900908640      -0.32      1.61     -0.48  0.       -1717.762       6360.900       6948.975    0.000  -0.138   0.380   0.
  2017 352 21 37 19 506 352.900920214       0.24      1.55     -0.70  0.       -1719.044       6361.461       6948.294    0.000  -0.138   0.380   0.
  2017 352 21 37 20 506 352.900931788      -0.21      1.37     -0.99  0.       -1720.325       6362.022       6947.612    0.000  -0.139   0.381   0.
  2017 352 21 37 21 506 352.900943362      -0.10      1.66     -0.53  0.       -1721.607       6362.583       6946.930    0.000  -0.139   0.381   0.
  2017 352 21 37 22 506 352.900954936      -0.48      1.77     -0.68  0.       -1722.888       6363.143       6946.248    0.000  -0.138   0.380   0.
  2017 352 21 37 23 506 352.900966510      -0.93      1.69     -0.47  0.       -1724.170       6363.703       6945.565    0.000  -0.138   0.380   0.
  2017 352 21 37 24 506 352.900978084      -0.81      1.60     -0.05  0.       -1725.451       6364.262       6944.882    0.000  -0.139   0.381   0.
  2017 352 21 37 25 506 352.900989659      -0.58      1.56     -0.35  0.       -1726.732       6364.822       6944.198    0.000  -0.139   0.381   0.
  2017 352 21 37 26 506 352.901001233      -0.45      1.78     -0.06  0.       -1728.014       6365.381       6943.514    0.000  -0.139   0.381   0.
  2017 352 21 37 27 506 352.901012807      -0.32      1.67     -0.75  0.       -1729.295       6365.940       6942.830    0.000  -0.139   0.381   0.
  2017 352 21 37 28 506 352.901024381      -0.48      1.81     -0.39  0.       -1730.576       6366.498       6942.145    0.000  -0.138   0.380   0.
  2017 352 21 37 29 506 352.901035955      -0.34      1.70     -0.48  0.       -1731.857       6367.056       6941.461    0.000  -0.138   0.380   0.
  2017 352 21 37 30 506 352.901047529      -0.03      1.56     -0.18  0.       -1733.137       6367.614       6940.775    0.000  -0.138   0.380   0.
  2017 352 21 37 31 506 352.901059103       0.16      1.69     -0.88  0.       -1734.418       6368.172       6940.090    0.000  -0.138   0.380   0.
  2017 352 21 37 32 506 352.901070677      -0.35      1.53     -0.58  0.       -1735.699       6368.729       6939.404    0.000  -0.139   0.381   0.
  2017 352 21 37 33 506 352.901082251      -0.13      1.66     -0.19  0.       -1736.979       6369.286       6938.718    0.000  -0.139   0.381   0.
  2017 352 21 37 34 506 352.901093825      -0.04      1.63     -0.37  0.       -1738.260       6369.842       6938.031    0.000  -0.138   0.380   0.
  2017 352 21 37 35 506 352.901105399      -0.11      1.79     -0.63  0.       -1739.540       6370.398       6937.344    0.000  -0.138   0.380   0.
  2017 352 21 37 36 506 352.901116973      -0.22      1.68     -0.23  0.       -1740.820       6370.954       6936.657    0.000  -0.138   0.380   0.
  2017 352 21 37 37 506 352.901128547      -0.10      1.60     -0.53  0.       -1742.101       6371.510       6935.970    0.000  -0.138   0.380   0.
  2017 352 21 37 38 506 352.901140122      -0.05      1.72     -0.55  0.       -1743.381       6372.065       6935.282    0.000  -0.138   0.380   0.
  2017 352 21 37 39 506 352.901151696      -0.16      1.51     -0.85  0.       -1744.661       6372.620       6934.594    0.000  -0.138   0.380   0.
  2017 352 21 37 40 506 352.901163270      -0.10      1.22     -0.78  0.       -1745.941       6373.175       6933.905    0.000  -0.139   0.381   0.
  2017 352 21 37 41 506 352.901174843      -0.04      1.49     -0.95  0.       -1747.221       6373.730       6933.216    0.000  -0.139   0.381   0.
  2017 352 21 37 42 506 352.901186415      -0.33      1.53     -0.95  0.       -1748.500       6374.284       6932.527    0.000  -0.138   0.380   0.
  2017 352 21 37 43 506 352.901197989      -0.32      1.53     -0.94  0.       -1749.780       6374.837       6931.837    0.000  -0.138   0.380   0.
  2017 352 21 37 44 506 352.901209563      -0.61      1.93     -0.72  0.       -1751.060       6375.391       6931.147    0.000  -0.138   0.380   0.
  2017 352 21 37 45 506 352.901221137      -0.38      1.84     -0.72  0.       -1752.339       6375.944       6930.457    0.000  -0.138   0.380   0.
  2017 352 21 37 46 506 352.901232711      -0.37      1.78     -0.72  0.       -1753.619       6376.497       6929.766    0.000  -0.139   0.381   0.
  2017 352 21 37 47 506 352.901244285      -0.39      1.70     -0.37  0.       -1754.898       6377.049       6929.075    0.000  -0.139   0.381   0.
  2017 352 21 37 48 506 352.901255859       0.05      1.82     -0.37  0.       -1756.177       6377.602       6928.384    0.000  -0.138   0.380   0.
  2017 352 21 37 49 506 352.901267433       0.21      1.78     -0.51  0.       -1757.456       6378.154       6927.692    0.000  -0.138   0.380   0.
  2017 352 21 37 50 506 352.901279008       0.07      1.72     -0.94  0.       -1758.736       6378.705       6927.001    0.000  -0.139   0.381   0.
  2017 352 21 37 51 506 352.901290582      -0.17      1.52     -0.55  0.       -1760.015       6379.256       6926.308    0.000  -0.139   0.381   0.
  2017 352 21 37 52 506 352.901302156       0.40      1.34     -0.47  0.       -1761.294       6379.807       6925.616    0.000  -0.138   0.380   0.
  2017 352 21 37 53 506 352.901313730       0.45      1.56     -1.01  0.       -1762.572       6380.358       6924.923    0.000  -0.138   0.380   0.
  2017 352 21 37 54 506 352.901325304      -0.26      1.64     -1.40  0.       -1763.851       6380.908       6924.229    0.000  -0.138   0.380   0.
  2017 352 21 37 55 506 352.901336878      -0.47      1.42     -0.61  0.       -1765.130       6381.459       6923.536    0.000  -0.138   0.380   0.
  2017 352 21 37 56 506 352.901348452      -0.21      1.57     -0.45  0.       -1766.408       6382.008       6922.842    0.000  -0.139   0.381   0.
  2017 352 21 37 57 506 352.901360026      -0.55      1.81     -0.65  0.       -1767.687       6382.558       6922.147    0.000  -0.139   0.381   0.
  2017 352 21 37 58 506 352.901371600      -0.56      1.59     -0.08  0.       -1768.965       6383.107       6921.453    0.000  -0.138   0.380   0.
  2017 352 21 37 59 506 352.901383174      -0.22      1.60     -0.31  0.       -1770.244       6383.656       6920.758    0.000  -0.138   0.380   0.
  2017 352 21 38  0 506 352.901394748      -0.35      1.58     -0.69  0.       -1771.522       6384.204       6920.062    0.000  -0.138   0.380   0.
  2017 352 21 38  1 506 352.901406322      -1.05      1.69     -0.67  0.       -1772.800       6384.752       6919.367    0.000  -0.138   0.380   0.
  2017 352 21 38  2 506 352.901417896      -0.74      1.62     -0.54  0.       -1774.078       6385.300       6918.671    0.000  -0.139   0.381   0.
  2017 352 21 38  3 506 352.901429471      -0.52      1.68     -0.50  0.       -1775.356       6385.848       6917.974    0.000  -0.139   0.381   0.
  2017 352 21 38  4 506 352.901441045      -0.42      1.45     -0.55  0.       -1776.634       6386.395       6917.278    0.000  -0.138   0.380   0.
  2017 352 21 38  5 506 352.901452619      -0.33      1.49     -0.57  0.       -1777.912       6386.942       6916.581    0.000  -0.138   0.380   0.
  2017 352 21 38  6 506 352.901464193      -0.17      1.50     -0.64  0.       -1779.190       6387.489       6915.883    0.000  -0.139   0.381   0.
  2017 352 21 38  7 506 352.901475767      -0.23      1.48     -0.56  0.       -1780.467       6388.035       6915.186    0.000  -0.139   0.381   0.
  2017 352 21 38  8 506 352.901487341      -0.28      1.44     -0.96  0.       -1781.745       6388.581       6914.488    0.000  -0.138   0.380   0.
  2017 352 21 38  9 506 352.901498915      -0.51      1.68     -0.52  0.       -1783.022       6389.127       6913.789    0.000  -0.138   0.380   0.
  2017 352 21 38 10 506 352.901510489      -0.32      1.79     -0.25  0.       -1784.300       6389.672       6913.091    0.000  -0.139   0.381   0.
  2017 352 21 38 11 505 352.901522062      -0.39      1.68     -0.26  0.       -1785.577       6390.217       6912.392    0.000  -0.139   0.381   0.
  2017 352 21 38 12 505 352.901533634      -0.57      1.69      0.10  0.       -1786.854       6390.762       6911.692    0.000  -0.138   0.380   0.
  2017 352 21 38 13 505 352.901545208      -0.30      1.50      0.19  0.       -1788.131       6391.306       6910.992    0.000  -0.138   0.380   0.
  2017 352 21 38 14 506 352.901556782       0.12      1.48      0.00  0.       -1789.408       6391.850       6910.292    0.000  -0.138   0.380   0.
  2017 352 21 38 15 506 352.901568356       0.31      1.46     -0.02  0.       -1790.685       6392.395       6909.592    0.000  -0.138   0.380   0.
  2017 352 21 38 16 505 352.901579931       0.06      1.89     -0.61  0.       -1791.962       6392.938       6908.891    0.000  -0.139   0.381   0.
  2017 352 21 38 17 505 352.901591505      -0.80      1.73     -0.36  0.       -1793.239       6393.481       6908.190    0.000  -0.139   0.381   0.
  2017 352 21 38 18 506 352.901603079      -0.38      1.77      0.20  0.       -1794.515       6394.024       6907.489    0.000  -0.138   0.380   0.
  2017 352 21 38 19 506 352.901614653      -0.01      1.89     -0.15  0.       -1795.792       6394.567       6906.787    0.000  -0.138   0.380   0.
  2017 352 21 38 20 506 352.901626227      -0.25      1.86     -0.47  0.       -1797.069       6395.109       6906.085    0.000  -0.139   0.381   0.
  2017 352 21 38 21 506 352.901637801      -0.40      1.80     -0.55  0.       -1798.345       6395.651       6905.383    0.000  -0.139   0.381   0.
  2017 352 21 38 22 506 352.901649375       0.03      1.69     -0.36  0.       -1799.621       6396.193       6904.680    0.000  -0.138   0.380   0.
  2017 352 21 38 23 505 352.901660949       0.01      1.73     -1.00  0.       -1800.898       6396.734       6903.977    0.000  -0.138   0.380   0.
  2017 352 21 38 24 505 352.901672523      -0.43      1.34     -0.82  0.       -1802.174       6397.275       6903.273    0.000  -0.139   0.381   0.
  2017 352 21 38 25 505 352.901684097      -0.32      1.46     -0.70  0.       -1803.450       6397.816       6902.570    0.000  -0.139   0.381   0.
  2017 352 21 38 26 505 352.901695671      -0.25      1.76     -0.72  0.       -1804.726       6398.356       6901.866    0.000  -0.138   0.380   0.
  2017 352 21 38 27 506 352.901707245      -0.25      1.86     -0.56  0.       -1806.002       6398.896       6901.161    0.000  -0.138   0.380   0.
  2017 352 21 38 28 506 352.901718819      -0.34      1.49     -0.26  0.       -1807.277       6399.436       6900.456    0.000  -0.138   0.380   0.
  2017 352 21 38 29 505 352.901730394       0.07      1.58      0.16  0.       -1808.553       6399.975       6899.751    0.000  -0.138   0.380   0.
  2017 352 21 38 30 505 352.901741968       0.28      1.52     -0.44  0.       -1809.829       6400.515       6899.046    0.000  -0.138   0.380   0.
  2017 352 21 38 31 506 352.901753542      -0.06      1.58     -0.88  0.       -1811.104       6401.053       6898.340    0.000  -0.138   0.380   0.
  2017 352 21 38 32 506 352.901765116      -0.23      1.58     -0.95  0.       -1812.380       6401.592       6897.634    0.000  -0.138   0.380   0.
  2017 352 21 38 33 506 352.901776690      -0.54      1.57     -0.99  0.       -1813.655       6402.130       6896.928    0.000  -0.138   0.380   0.
  2017 352 21 38 34 506 352.901788264      -0.42      1.41     -0.56  0.       -1814.930       6402.668       6896.221    0.000  -0.139   0.381   0.
  2017 352 21 38 35 506 352.901799838      -0.19      1.57     -0.18  0.       -1816.206       6403.206       6895.514    0.000  -0.139   0.381   0.
  2017 352 21 38 36 505 352.901811412      -0.14      1.57     -0.65  0.       -1817.481       6403.743       6894.806    0.000  -0.139   0.381   0.
  2017 352 21 38 37 505 352.901822986      -0.28      1.68     -0.64  0.       -1818.756       6404.280       6894.099    0.000  -0.139   0.381   0.
  2017 352 21 38 38 505 352.901834560      -0.04      1.83     -0.63  0.       -1820.031       6404.817       6893.390    0.000  -0.139   0.381   0.
  2017 352 21 38 39 505 352.901846134      -0.45      1.72     -1.08  0.       -1821.306       6405.353       6892.682    0.000  -0.139   0.381   0.
  2017 352 21 38 40 505 352.901857708      -0.58      1.52     -0.48  0.       -1822.580       6405.889       6891.973    0.000  -0.138   0.380   0.
  2017 352 21 38 41 506 352.901869282      -0.23      1.59     -0.39  0.       -1823.855       6406.425       6891.264    0.000  -0.138   0.380   0.
  2017 352 21 38 42 505 352.901880854      -0.45      1.79     -0.67  0.       -1825.130       6406.960       6890.555    0.000  -0.139   0.381   0.
  2017 352 21 38 43 505 352.901892428      -0.54      1.82     -0.59  0.       -1826.404       6407.496       6889.845    0.000  -0.139   0.381   0.
  2017 352 21 38 44 505 352.901904002      -0.53      1.83     -0.13  0.       -1827.678       6408.030       6889.135    0.000  -0.139   0.381   0.
  2017 352 21 38 45 505 352.901915576      -0.14      1.65     -0.26  0.       -1828.953       6408.565       6888.424    0.000  -0.139   0.381   0.
  2017 352 21 38 46 505 352.901927150       0.03      1.62     -0.68  0.       -1830.227       6409.099       6887.713    0.000  -0.138   0.380   0.
  2017 352 21 38 47 505 352.901938724      -0.33      1.50     -0.70  0.       -1831.501       6409.633       6887.002    0.000  -0.138   0.380   0.
  2017 352 21 38 48 505 352.901950298      -0.21      1.62     -0.97  0.       -1832.775       6410.167       6886.291    0.000  -0.139   0.381   0.
  2017 352 21 38 49 505 352.901961872      -0.64      1.70     -1.04  0.       -1834.049       6410.700       6885.579    0.000  -0.139   0.381   0.
  2017 352 21 38 50 505 352.901973446      -1.02      1.80     -0.70  0.       -1835.323       6411.233       6884.867    0.000  -0.139   0.381   0.
  2017 352 21 38 51 505 352.901985020      -0.85      1.76     -0.13  0.       -1836.597       6411.765       6884.155    0.000  -0.139   0.381   0.
  2017 352 21 38 52 505 352.901996594      -0.42      1.76     -0.21  0.       -1837.870       6412.298       6883.442    0.000  -0.138   0.380   0.
  2017 352 21 38 53 505 352.902008168      -0.34      1.78     -0.30  0.       -1839.144       6412.830       6882.729    0.000  -0.138   0.380   0.
  2017 352 21 38 54 505 352.902019742      -0.15      1.72     -0.46  0.       -1840.417       6413.361       6882.015    0.000  -0.138   0.380   0.
  2017 352 21 38 55 505 352.902031317      -0.09      1.65     -0.33  0.       -1841.691       6413.893       6881.301    0.000  -0.138   0.380   0.
  2017 352 21 38 56 505 352.902042891       0.19      1.71     -0.23  0.       -1842.964       6414.424       6880.587    0.000  -0.139   0.381   0.
  2017 352 21 38 57 505 352.902054465       0.33      1.82     -0.19  0.       -1844.237       6414.955       6879.873    0.000  -0.139   0.381   0.
  2017 352 21 38 58 505 352.902066039       0.22      1.73     -0.49  0.       -1845.510       6415.485       6879.158    0.000  -0.138   0.380   0.
  2017 352 21 38 59 505 352.902077613       0.04      1.61     -0.81  0.       -1846.784       6416.015       6878.443    0.000  -0.138   0.380   0.
  2017 352 21 39  0 505 352.902089187       0.18      1.64     -0.39  0.       -1848.056       6416.545       6877.727    0.000  -0.138   0.380   0.
  2017 352 21 39  1 505 352.902100761       0.01      1.78     -0.86  0.       -1849.329       6417.075       6877.011    0.000  -0.138   0.380   0.
  2017 352 21 39  2 505 352.902112335      -0.15      1.70     -0.42  0.       -1850.602       6417.604       6876.295    0.000  -0.139   0.381   0.
  2017 352 21 39  3 505 352.902123909      -0.27      1.53     -0.35  0.       -1851.875       6418.133       6875.579    0.000  -0.139   0.381   0.
  2017 352 21 39  4 505 352.902135483      -0.09      1.69     -0.22  0.       -1853.147       6418.661       6874.862    0.000  -0.139   0.381   0.
  2017 352 21 39  5 505 352.902147057       0.03      1.82     -0.50  0.       -1854.420       6419.189       6874.145    0.000  -0.139   0.381   0.
  2017 352 21 39  6 505 352.902158631      -0.41      1.58     -0.46  0.       -1855.692       6419.718       6873.427    0.000  -0.138   0.380   0.
  2017 352 21 39  7 505 352.902170205       0.01      1.54     -0.33  0.       -1856.965       6420.245       6872.710    0.000  -0.138   0.380   0.
  2017 352 21 39  8 505 352.902181780      -0.01      1.58     -0.54  0.       -1858.237       6420.773       6871.991    0.000  -0.138   0.380   0.
  2017 352 21 39  9 505 352.902193354       0.20      1.68     -0.50  0.       -1859.509       6421.300       6871.273    0.000  -0.138   0.380   0.
  2017 352 21 39 10 505 352.902204928      -0.08      1.30     -1.21  0.       -1860.781       6421.826       6870.554    0.000  -0.139   0.381   0.
  2017 352 21 39 11 505 352.902216501      -0.40      1.40     -0.79  0.       -1862.053       6422.353       6869.835    0.000  -0.139   0.381   0.
  2017 352 21 39 12 505 352.902228073      -0.07      1.62     -1.04  0.       -1863.325       6422.879       6869.115    0.000  -0.138   0.380   0.
  2017 352 21 39 13 505 352.902239647      -0.67      2.04     -1.00  0.       -1864.597       6423.405       6868.396    0.000  -0.138   0.380   0.
  2017 352 21 39 14 505 352.902251221      -0.57      1.81     -0.37  0.       -1865.868       6423.930       6867.675    0.000  -0.138   0.380   0.
  2017 352 21 39 15 505 352.902262795      -0.22      1.68     -0.20  0.       -1867.140       6424.455       6866.955    0.000  -0.138   0.380   0.
  2017 352 21 39 16 505 352.902274369       0.11      1.70     -0.40  0.       -1868.412       6424.980       6866.234    0.000  -0.139   0.381   0.
  2017 352 21 39 17 505 352.902285943      -0.07      1.76     -0.75  0.       -1869.683       6425.505       6865.513    0.000  -0.139   0.381   0.
  2017 352 21 39 18 505 352.902297517      -0.22      1.59     -0.70  0.       -1870.954       6426.029       6864.791    0.000  -0.138   0.380   0.
  2017 352 21 39 19 505 352.902309091      -0.08      1.49     -0.74  0.       -1872.226       6426.553       6864.070    0.000  -0.138   0.380   0.
  2017 352 21 39 20 505 352.902320665       0.09      1.32     -0.68  0.       -1873.497       6427.076       6863.347    0.000  -0.138   0.380   0.
  2017 352 21 39 21 505 352.902332240       0.35      1.40     -0.62  0.       -1874.768       6427.600       6862.625    0.000  -0.138   0.380   0.
  2017 352 21 39 22 505 352.902343814      -0.07      1.71     -0.45  0.       -1876.039       6428.122       6861.902    0.000  -0.139   0.381   0.
  2017 352 21 39 23 505 352.902355388      -0.31      1.71     -0.23  0.       -1877.310       6428.645       6861.179    0.000  -0.139   0.381   0.
  2017 352 21 39 24 505 352.902366962      -0.02      1.48      0.02  0.       -1878.580       6429.168       6860.456    0.000  -0.139   0.381   0.
  2017 352 21 39 25 505 352.902378536       0.22      1.69     -0.38  0.       -1879.851       6429.690       6859.732    0.000  -0.139   0.381   0.
  2017 352 21 39 26 505 352.902390110      -0.21      1.88     -0.91  0.       -1881.122       6430.211       6859.007    0.000  -0.138   0.380   0.
  2017 352 21 39 27 505 352.902401684      -0.76      1.62     -0.68  0.       -1882.392       6430.733       6858.283    0.000  -0.138   0.380   0.
  2017 352 21 39 28 505 352.902413258      -0.42      1.38     -0.01  0.       -1883.663       6431.254       6857.558    0.000  -0.138   0.380   0.
  2017 352 21 39 29 505 352.902424832       0.02      1.53      0.08  0.       -1884.933       6431.775       6856.833    0.000  -0.138   0.380   0.
  2017 352 21 39 30 505 352.902436406       0.67      1.84     -0.25  0.       -1886.203       6432.295       6856.108    0.000  -0.138   0.380   0.
  2017 352 21 39 31 505 352.902447980       0.29      1.79     -0.69  0.       -1887.473       6432.815       6855.382    0.000  -0.138   0.380   0.
  2017 352 21 39 32 505 352.902459554      -0.07      2.17     -0.57  0.       -1888.743       6433.335       6854.656    0.000  -0.138   0.380   0.
  2017 352 21 39 33 505 352.902471128      -0.17      2.16     -0.70  0.       -1890.013       6433.855       6853.929    0.000  -0.138   0.380   0.
  2017 352 21 39 34 505 352.902482703      -0.39      2.00     -0.60  0.       -1891.283       6434.374       6853.202    0.000  -0.138   0.380   0.
  2017 352 21 39 35 505 352.902494277      -0.25      2.11     -0.57  0.       -1892.553       6434.893       6852.475    0.000  -0.138   0.380   0.
  2017 352 21 39 36 505 352.902505851      -0.34      2.02     -0.59  0.       -1893.823       6435.412       6851.748    0.000  -0.138   0.380   0.
  2017 352 21 39 37 505 352.902517425      -0.30      1.73     -0.41  0.       -1895.092       6435.930       6851.020    0.000  -0.138   0.380   0.
  2017 352 21 39 38 505 352.902528999      -0.22      1.63     -0.59  0.       -1896.362       6436.448       6850.292    0.000  -0.138   0.380   0.
  2017 352 21 39 39 505 352.902540572      -0.59      1.55     -0.60  0.       -1897.631       6436.965       6849.563    0.000  -0.138   0.380   0.
  2017 352 21 39 40 505 352.902552144      -0.51      1.54     -0.33  0.       -1898.901       6437.483       6848.834    0.000  -0.139   0.381   0.
  2017 352 21 39 41 505 352.902563718      -0.14      1.47     -0.14  0.       -1900.170       6438.000       6848.105    0.000  -0.139   0.381   0.
  2017 352 21 39 42 505 352.902575292      -0.24      1.57     -0.62  0.       -1901.439       6438.516       6847.376    0.000  -0.139   0.381   0.
  2017 352 21 39 43 505 352.902586866      -0.60      1.64     -0.58  0.       -1902.708       6439.033       6846.646    0.000  -0.139   0.381   0.
  2017 352 21 39 44 505 352.902598440      -0.71      1.74     -0.48  0.       -1903.977       6439.549       6845.916    0.000  -0.138   0.380   0.
  2017 352 21 39 45 505 352.902610014      -0.35      1.43      0.03  0.       -1905.246       6440.065       6845.185    0.000  -0.138   0.380   0.
  2017 352 21 39 46 505 352.902621589       0.29      1.45     -0.06  0.       -1906.515       6440.580       6844.454    0.000  -0.138   0.380   0.
  2017 352 21 39 47 505 352.902633163       0.25      1.53     -0.20  0.       -1907.783       6441.095       6843.723    0.000  -0.138   0.380   0.
  2017 352 21 39 48 505 352.902644737       0.05      1.64     -0.33  0.       -1909.052       6441.610       6842.992    0.000  -0.139   0.381   0.
  2017 352 21 39 49 505 352.902656311      -0.20      1.54     -0.77  0.       -1910.320       6442.125       6842.260    0.000  -0.139   0.381   0.
  2017 352 21 39 50 505 352.902667885      -0.54      1.39     -0.69  0.       -1911.589       6442.639       6841.528    0.000  -0.139   0.381   0.
  2017 352 21 39 51 505 352.902679459      -0.52      1.40     -0.76  0.       -1912.857       6443.153       6840.795    0.000  -0.139   0.381   0.
  2017 352 21 39 52 505 352.902691033      -0.65      1.39     -0.60  0.       -1914.125       6443.667       6840.062    0.000  -0.138   0.380   0.
  2017 352 21 39 53 505 352.902702607      -0.43      1.42     -0.31  0.       -1915.393       6444.180       6839.329    0.000  -0.138   0.380   0.
  2017 352 21 39 54 505 352.902714181       0.03      1.49      0.15  0.       -1916.661       6444.693       6838.596    0.000  -0.139   0.381   0.
  2017 352 21 39 55 505 352.902725755       0.39      1.63     -0.85  0.       -1917.929       6445.206       6837.862    0.000  -0.139   0.381   0.
  2017 352 21 39 56 505 352.902737329      -0.04      1.65     -1.28  0.       -1919.197       6445.718       6837.128    0.000  -0.139   0.381   0.
  2017 352 21 39 57 505 352.902748903      -0.10      2.01     -1.16  0.       -1920.465       6446.230       6836.393    0.000  -0.139   0.381   0.
  2017 352 21 39 58 505 352.902760477       0.12      1.90     -1.19  0.       -1921.732       6446.742       6835.659    0.000  -0.138   0.380   0.
  2017 352 21 39 59 505 352.902772052      -0.17      1.70     -1.29  0.       -1923.000       6447.253       6834.923    0.000  -0.138   0.380   0.
  2017 352 21 40  0 505 352.902783626      -0.55      1.59     -1.41  0.       -1924.268       6447.764       6834.188    0.000  -0.139   0.381   0.
  2017 352 21 40  1 505 352.902795200      -0.67      1.37     -0.92  0.       -1925.535       6448.275       6833.453    0.000  -0.139   0.381   0.
  2017 352 21 40  2 505 352.902806774      -0.18      1.21     -0.85  0.       -1926.802       6448.785       6832.716    0.000  -0.139   0.381   0.
  2017 352 21 40  3 505 352.902818348      -0.12      1.20     -0.55  0.       -1928.069       6449.296       6831.979    0.000  -0.139   0.381   0.
  2017 352 21 40  4 505 352.902829922       0.59      1.54     -0.37  0.       -1929.336       6449.805       6831.243    0.000  -0.139   0.381   0.
  2017 352 21 40  5 505 352.902841496       0.40      1.65     -0.74  0.       -1930.603       6450.315       6830.506    0.000  -0.139   0.381   0.
  2017 352 21 40  6 505 352.902853070       0.12      1.49     -1.21  0.       -1931.870       6450.824       6829.768    0.000  -0.138   0.380   0.
  2017 352 21 40  7 505 352.902864644      -0.02      1.56     -0.98  0.       -1933.137       6451.333       6829.030    0.000  -0.138   0.380   0.
  2017 352 21 40  8 505 352.902876218      -0.24      1.78     -0.74  0.       -1934.404       6451.842       6828.292    0.000  -0.138   0.380   0.
  2017 352 21 40  9 505 352.902887792       0.26      1.98     -0.88  0.       -1935.670       6452.350       6827.554    0.000  -0.138   0.380   0.
  2017 352 21 40 10 505 352.902899366       0.03      1.80     -1.00  0.       -1936.937       6452.858       6826.815    0.000  -0.139   0.381   0.
  2017 352 21 40 11 504 352.902910939       0.13      1.87     -0.87  0.       -1938.203       6453.366       6826.076    0.000  -0.139   0.381   0.
  2017 352 21 40 12 504 352.902922512       0.17      1.81     -0.65  0.       -1939.470       6453.873       6825.336    0.000  -0.138   0.380   0.
  2017 352 21 40 13 505 352.902934086       0.40      1.69     -0.71  0.       -1940.736       6454.380       6824.597    0.000  -0.138   0.380   0.
  2017 352 21 40 14 505 352.902945660       0.44      1.66     -0.50  0.       -1942.002       6454.887       6823.857    0.000  -0.138   0.380   0.
  2017 352 21 40 15 505 352.902957234       0.74      1.72     -0.65  0.       -1943.268       6455.393       6823.116    0.000  -0.138   0.380   0.
  2017 352 21 40 16 505 352.902968808       0.49      1.53     -1.00  0.       -1944.534       6455.899       6822.375    0.000  -0.139   0.381   0.
  2017 352 21 40 17 505 352.902980382       0.12      1.48     -1.14  0.       -1945.800       6456.405       6821.634    0.000  -0.139   0.381   0.
  2017 352 21 40 18 504 352.902991956      -0.05      1.60     -0.92  0.       -1947.066       6456.911       6820.893    0.000  -0.138   0.380   0.
  2017 352 21 40 19 504 352.903003530       0.16      1.64     -0.85  0.       -1948.331       6457.416       6820.151    0.000  -0.138   0.380   0.
  2017 352 21 40 20 504 352.903015104       0.00      1.58     -0.82  0.       -1949.597       6457.921       6819.409    0.000  -0.139   0.381   0.
  2017 352 21 40 21 504 352.903026678       0.25      1.59     -0.70  0.       -1950.863       6458.425       6818.666    0.000  -0.139   0.381   0.
  2017 352 21 40 22 504 352.903038252       0.28      1.76     -0.80  0.       -1952.128       6458.929       6817.924    0.000  -0.138   0.380   0.
  2017 352 21 40 23 505 352.903049826       0.01      1.89     -1.40  0.       -1953.393       6459.433       6817.181    0.000  -0.138   0.380   0.
  2017 352 21 40 24 505 352.903061400      -0.37      1.73     -1.35  0.       -1954.658       6459.937       6816.437    0.000  -0.138   0.380   0.
  2017 352 21 40 25 504 352.903072975      -1.02      1.65     -0.74  0.       -1955.924       6460.440       6815.694    0.000  -0.138   0.380   0.
  2017 352 21 40 26 504 352.903084549      -0.98      1.64     -0.30  0.       -1957.189       6460.943       6814.949    0.000  -0.138   0.380   0.
  2017 352 21 40 27 505 352.903096123      -0.62      1.61     -0.02  0.       -1958.454       6461.446       6814.205    0.000  -0.138   0.380   0.
  2017 352 21 40 28 505 352.903107697      -0.23      1.68     -0.16  0.       -1959.718       6461.948       6813.460    0.000  -0.139   0.381   0.
  2017 352 21 40 29 505 352.903119271      -0.24      1.82     -0.43  0.       -1960.983       6462.450       6812.715    0.000  -0.139   0.381   0.
  2017 352 21 40 30 505 352.903130845      -0.89      1.99     -0.34  0.       -1962.248       6462.952       6811.970    0.000  -0.138   0.380   0.
  2017 352 21 40 31 505 352.903142419      -0.79      1.91     -0.14  0.       -1963.512       6463.453       6811.224    0.000  -0.138   0.380   0.
  2017 352 21 40 32 504 352.903153993      -0.56      1.75     -0.28  0.       -1964.777       6463.954       6810.478    0.000  -0.138   0.380   0.
  2017 352 21 40 33 504 352.903165567      -0.59      1.64     -0.91  0.       -1966.041       6464.455       6809.732    0.000  -0.138   0.380   0.
  2017 352 21 40 34 504 352.903177141      -0.08      1.91     -1.05  0.       -1967.305       6464.956       6808.985    0.000  -0.138   0.380   0.
  2017 352 21 40 35 504 352.903188715      -1.15      1.96     -1.65  0.       -1968.569       6465.456       6808.238    0.000  -0.138   0.380   0.
  2017 352 21 40 36 504 352.903200289      -1.07      2.09     -0.68  0.       -1969.833       6465.956       6807.490    0.000  -0.139   0.381   0.
  2017 352 21 40 37 505 352.903211863      -0.71      2.09     -0.40  0.       -1971.098       6466.455       6806.743    0.000  -0.139   0.381   0.
  2017 352 21 40 38 505 352.903223438      -0.71      1.85     -0.54  0.       -1972.361       6466.954       6805.995    0.000  -0.139   0.381   0.
  2017 352 21 40 39 504 352.903235012      -0.76      1.72     -0.20  0.       -1973.625       6467.453       6805.246    0.000  -0.139   0.381   0.
  2017 352 21 40 40 505 352.903246586      -0.45      1.63     -0.35  0.       -1974.889       6467.952       6804.498    0.000  -0.139   0.381   0.
  2017 352 21 40 41 505 352.903258159      -0.57      1.83     -0.12  0.       -1976.152       6468.450       6803.748    0.000  -0.139   0.381   0.
  2017 352 21 40 42 504 352.903269731      -0.35      1.76     -0.20  0.       -1977.416       6468.948       6802.999    0.000  -0.139   0.381   0.
  2017 352 21 40 43 504 352.903281305      -0.43      1.61     -0.99  0.       -1978.679       6469.446       6802.249    0.000  -0.139   0.381   0.
  2017 352 21 40 44 504 352.903292879      -0.49      1.46     -0.79  0.       -1979.943       6469.943       6801.499    0.000  -0.139   0.381   0.
  2017 352 21 40 45 504 352.903304453      -0.10      1.81     -0.44  0.       -1981.206       6470.440       6800.749    0.000  -0.139   0.381   0.
  2017 352 21 40 46 504 352.903316027       0.21      1.80     -0.05  0.       -1982.469       6470.937       6799.998    0.000  -0.139   0.381   0.
  2017 352 21 40 47 504 352.903327601       0.28      1.55     -0.43  0.       -1983.732       6471.433       6799.247    0.000  -0.139   0.381   0.
  2017 352 21 40 48 504 352.903339175       0.31      1.56     -0.62  0.       -1984.995       6471.929       6798.496    0.000  -0.139   0.381   0.
  2017 352 21 40 49 504 352.903350749      -0.17      1.51     -0.89  0.       -1986.258       6472.425       6797.744    0.000  -0.139   0.381   0.
  2017 352 21 40 50 504 352.903362323      -0.12      1.62     -0.26  0.       -1987.520       6472.920       6796.992    0.000  -0.139   0.381   0.
  2017 352 21 40 51 504 352.903373898       0.07      1.54     -0.31  0.       -1988.783       6473.415       6796.240    0.000  -0.139   0.381   0.
  2017 352 21 40 52 504 352.903385472       0.30      1.53     -0.40  0.       -1990.045       6473.910       6795.487    0.000  -0.139   0.381   0.
  2017 352 21 40 53 504 352.903397046       0.52      1.53     -0.64  0.       -1991.308       6474.405       6794.734    0.000  -0.139   0.381   0.
  2017 352 21 40 54 504 352.903408620       0.40      1.60     -0.95  0.       -1992.570       6474.899       6793.981    0.000  -0.139   0.381   0.
  2017 352 21 40 55 504 352.903420194       0.29      1.68     -1.09  0.       -1993.832       6475.393       6793.227    0.000  -0.139   0.381   0.
  2017 352 21 40 56 504 352.903431768       0.20      1.83     -1.38  0.       -1995.095       6475.886       6792.473    0.000  -0.139   0.381   0.
  2017 352 21 40 57 504 352.903443342      -0.14      1.77     -1.46  0.       -1996.357       6476.380       6791.719    0.000  -0.139   0.381   0.
  2017 352 21 40 58 504 352.903454916      -0.06      1.70     -1.00  0.       -1997.619       6476.873       6790.964    0.000  -0.139   0.381   0.
  2017 352 21 40 59 504 352.903466490       0.12      1.68     -1.14  0.       -1998.880       6477.365       6790.209    0.000  -0.139   0.381   0.
  2017 352 21 41  0 504 352.903478064      -0.22      1.90     -1.13  0.       -2000.142       6477.857       6789.454    0.000  -0.139   0.381   0.
  2017 352 21 41  1 504 352.903489638      -0.22      1.65     -0.46  0.       -2001.404       6478.349       6788.698    0.000  -0.139   0.381   0.
  2017 352 21 41  2 504 352.903501212       0.32      1.38     -0.39  0.       -2002.665       6478.841       6787.942    0.000  -0.139   0.381   0.
  2017 352 21 41  3 504 352.903512786       0.27      1.58     -0.44  0.       -2003.927       6479.333       6787.186    0.000  -0.139   0.381   0.
  2017 352 21 41  4 504 352.903524361       0.06      1.65     -0.19  0.       -2005.188       6479.824       6786.429    0.000  -0.139   0.381   0.
  2017 352 21 41  5 504 352.903535935      -0.12      1.46     -0.02  0.       -2006.449       6480.314       6785.672    0.000  -0.139   0.381   0.
  2017 352 21 41  6 504 352.903547509       0.28      1.38     -0.17  0.       -2007.711       6480.805       6784.915    0.000  -0.138   0.380   0.
  2017 352 21 41  7 504 352.903559083       0.00      1.31     -0.71  0.       -2008.972       6481.295       6784.158    0.000  -0.138   0.380   0.
  2017 352 21 41  8 504 352.903570657      -0.40      1.42     -0.88  0.       -2010.233       6481.785       6783.400    0.000  -0.138   0.380   0.
  2017 352 21 41  9 504 352.903582231      -0.41      1.49     -0.67  0.       -2011.494       6482.274       6782.641    0.000  -0.138   0.380   0.
  2017 352 21 41 10 504 352.903593805      -0.49      1.63     -0.77  0.       -2012.754       6482.763       6781.883    0.000  -0.138   0.380   0.
  2017 352 21 41 11 504 352.903605378      -0.25      1.63     -0.61  0.       -2014.015       6483.252       6781.124    0.000  -0.138   0.380   0.
  2017 352 21 41 12 504 352.903616950      -0.08      1.55     -0.93  0.       -2015.276       6483.741       6780.365    0.000  -0.138   0.380   0.
  2017 352 21 41 13 504 352.903628524       0.31      1.72     -1.26  0.       -2016.536       6484.229       6779.605    0.000  -0.138   0.380   0.
  2017 352 21 41 14 504 352.903640098       0.10      1.74     -1.49  0.       -2017.796       6484.717       6778.845    0.000  -0.139   0.381   0.
  2017 352 21 41 15 504 352.903651672      -0.14      1.59     -1.31  0.       -2019.057       6485.204       6778.085    0.000  -0.139   0.381   0.
  2017 352 21 41 16 504 352.903663247      -0.15      1.72     -1.16  0.       -2020.317       6485.692       6777.324    0.000  -0.138   0.380   0.
  2017 352 21 41 17 504 352.903674821      -0.34      1.60     -0.61  0.       -2021.577       6486.179       6776.563    0.000  -0.138   0.380   0.
  2017 352 21 41 18 504 352.903686395      -0.04      1.63     -0.79  0.       -2022.837       6486.665       6775.802    0.000  -0.138   0.380   0.
  2017 352 21 41 19 504 352.903697969      -0.54      1.37     -0.58  0.       -2024.097       6487.152       6775.041    0.000  -0.138   0.380   0.
  2017 352 21 41 20 504 352.903709543       0.05      1.51     -0.01  0.       -2025.357       6487.638       6774.279    0.000  -0.139   0.381   0.
  2017 352 21 41 21 504 352.903721117      -0.16      1.58     -0.76  0.       -2026.616       6488.123       6773.517    0.000  -0.139   0.381   0.
  2017 352 21 41 22 504 352.903732691      -0.32      1.28     -0.73  0.       -2027.876       6488.609       6772.754    0.000  -0.138   0.380   0.
  2017 352 21 41 23 504 352.903744265       0.15      1.48     -1.04  0.       -2029.136       6489.094       6771.991    0.000  -0.138   0.380   0.
  2017 352 21 41 24 504 352.903755839       0.09      1.91     -1.29  0.       -2030.395       6489.579       6771.228    0.000  -0.138   0.380   0.
  2017 352 21 41 25 504 352.903767413      -0.47      2.15     -1.24  0.       -2031.654       6490.063       6770.464    0.000  -0.138   0.380   0.
  2017 352 21 41 26 504 352.903778987      -0.12      1.83     -0.69  0.       -2032.913       6490.547       6769.701    0.000  -0.139   0.381   0.
  2017 352 21 41 27 504 352.903790561       0.11      1.48     -1.59  0.       -2034.173       6491.031       6768.936    0.000  -0.139   0.381   0.
  2017 352 21 41 28 504 352.903802135      -0.36      1.27     -1.30  0.       -2035.432       6491.515       6768.172    0.000  -0.138   0.380   0.
  2017 352 21 41 29 504 352.903813710      -0.34      1.50     -1.19  0.       -2036.691       6491.998       6767.407    0.000  -0.138   0.380   0.
  2017 352 21 41 30 504 352.903825284      -0.22      1.65     -1.06  0.       -2037.949       6492.481       6766.642    0.000  -0.138   0.380   0.
  2017 352 21 41 31 504 352.903836858       0.09      1.34     -1.26  0.       -2039.208       6492.963       6765.876    0.000  -0.138   0.380   0.
  2017 352 21 41 32 504 352.903848432       0.03      1.36     -0.97  0.       -2040.467       6493.446       6765.111    0.000  -0.138   0.380   0.
  2017 352 21 41 33 504 352.903860006       0.50      1.49     -1.18  0.       -2041.725       6493.928       6764.344    0.000  -0.138   0.380   0.
  2017 352 21 41 34 504 352.903871580      -0.02      1.26     -1.61  0.       -2042.984       6494.409       6763.578    0.000  -0.139   0.381   0.
  2017 352 21 41 35 504 352.903883154      -0.31      1.39     -0.89  0.       -2044.242       6494.890       6762.811    0.000  -0.139   0.381   0.
  2017 352 21 41 36 504 352.903894728       0.14      1.54     -0.91  0.       -2045.500       6495.372       6762.044    0.000  -0.139   0.381   0.
  2017 352 21 41 37 504 352.903906302       0.21      1.58     -1.30  0.       -2046.758       6495.852       6761.277    0.000  -0.139   0.381   0.
  2017 352 21 41 38 504 352.903917876      -0.21      1.40     -1.22  0.       -2048.016       6496.332       6760.509    0.000  -0.138   0.380   0.
  2017 352 21 41 39 504 352.903929449      -0.12      1.50     -0.69  0.       -2049.274       6496.812       6759.741    0.000  -0.138   0.380   0.
  2017 352 21 41 40 504 352.903941021      -0.01      1.44     -0.65  0.       -2050.532       6497.293       6758.972    0.000  -0.139   0.381   0.
  2017 352 21 41 41 504 352.903952595       0.20      1.67     -0.73  0.       -2051.790       6497.772       6758.203    0.000  -0.139   0.381   0.
  2017 352 21 41 42 504 352.903964170      -0.07      1.69     -1.36  0.       -2053.047       6498.251       6757.434    0.000  -0.139   0.381   0.
  2017 352 21 41 43 504 352.903975744      -0.46      1.59     -1.20  0.       -2054.305       6498.730       6756.665    0.000  -0.139   0.381   0.
  2017 352 21 41 44 504 352.903987318      -0.40      1.50     -0.71  0.       -2055.562       6499.208       6755.895    0.000  -0.138   0.380   0.
  2017 352 21 41 45 504 352.903998892      -0.45      1.65     -0.56  0.       -2056.820       6499.686       6755.125    0.000  -0.138   0.380   0.
  2017 352 21 41 46 504 352.904010466      -0.61      1.87     -0.83  0.       -2058.077       6500.164       6754.355    0.000  -0.139   0.381   0.
  2017 352 21 41 47 504 352.904022040      -0.81      1.99     -0.79  0.       -2059.334       6500.642       6753.584    0.000  -0.139   0.381   0.
  2017 352 21 41 48 504 352.904033614      -0.98      2.01     -0.84  0.       -2060.591       6501.119       6752.813    0.000  -0.139   0.381   0.
  2017 352 21 41 49 504 352.904045188      -1.29      1.63     -0.69  0.       -2061.848       6501.596       6752.042    0.000  -0.139   0.381   0.
  2017 352 21 41 50 504 352.904056762      -0.93      1.48     -0.28  0.       -2063.105       6502.072       6751.270    0.000  -0.138   0.380   0.
  2017 352 21 41 51 504 352.904068336      -0.25      1.49     -0.40  0.       -2064.362       6502.549       6750.498    0.000  -0.138   0.380   0.
  2017 352 21 41 52 504 352.904079910       0.14      1.58     -1.08  0.       -2065.618       6503.025       6749.725    0.000  -0.138   0.380   0.
  2017 352 21 41 53 504 352.904091484      -0.30      1.59     -1.73  0.       -2066.875       6503.500       6748.953    0.000  -0.138   0.380   0.
  2017 352 21 41 54 504 352.904103058      -1.00      1.56     -1.60  0.       -2068.131       6503.976       6748.180    0.000  -0.138   0.380   0.
  2017 352 21 41 55 504 352.904114633      -1.40      1.69     -0.86  0.       -2069.387       6504.451       6747.406    0.000  -0.138   0.380   0.
  2017 352 21 41 56 504 352.904126207      -1.39      1.77     -0.43  0.       -2070.644       6504.925       6746.633    0.000  -0.138   0.380   0.
  2017 352 21 41 57 504 352.904137781      -1.09      1.58     -0.86  0.       -2071.900       6505.400       6745.859    0.000  -0.138   0.380   0.
  2017 352 21 41 58 504 352.904149355      -0.95      1.79     -0.76  0.       -2073.156       6505.874       6745.084    0.000  -0.138   0.380   0.
  2017 352 21 41 59 504 352.904160929      -0.86      1.97     -0.74  0.       -2074.412       6506.348       6744.310    0.000  -0.138   0.380   0.
  2017 352 21 42  0 504 352.904172503      -0.68      1.85     -0.54  0.       -2075.668       6506.821       6743.535    0.000  -0.139   0.381   0.
  2017 352 21 42  1 504 352.904184077      -0.67      1.92     -0.61  0.       -2076.923       6507.294       6742.759    0.000  -0.139   0.381   0.
  2017 352 21 42  2 504 352.904195651      -0.68      1.98     -0.94  0.       -2078.179       6507.767       6741.984    0.000  -0.138   0.380   0.
  2017 352 21 42  3 504 352.904207225      -0.69      2.04     -0.93  0.       -2079.435       6508.240       6741.208    0.000  -0.138   0.380   0.
  2017 352 21 42  4 504 352.904218799      -0.36      1.92     -0.64  0.       -2080.690       6508.712       6740.431    0.000  -0.138   0.380   0.
  2017 352 21 42  5 504 352.904230373       0.01      2.01     -0.50  0.       -2081.945       6509.184       6739.655    0.000  -0.138   0.380   0.
  2017 352 21 42  6 504 352.904241947      -0.23      2.00     -0.30  0.       -2083.200       6509.655       6738.878    0.000  -0.139   0.381   0.
  2017 352 21 42  7 504 352.904253521      -0.20      1.95      0.20  0.       -2084.456       6510.126       6738.100    0.000  -0.139   0.381   0.
  2017 352 21 42  8 504 352.904265095      -0.04      1.89      0.19  0.       -2085.711       6510.597       6737.323    0.000  -0.139   0.381   0.
  2017 352 21 42  9 504 352.904276669      -0.05      1.77     -0.12  0.       -2086.966       6511.068       6736.545    0.000  -0.139   0.381   0.
  2017 352 21 42 10 504 352.904288241      -0.02      1.60     -0.85  0.       -2088.220       6511.538       6735.767    0.000  -0.138   0.380   0.
  2017 352 21 42 11 504 352.904299815      -1.27      1.63     -1.15  0.       -2089.475       6512.008       6734.988    0.000  -0.138   0.380   0.
  2017 352 21 42 12 504 352.904311389      -1.30      2.21     -1.11  0.       -2090.730       6512.478       6734.209    0.000  -0.138   0.380   0.
  2017 352 21 42 13 504 352.904322963      -0.85      1.76     -0.77  0.       -2091.984       6512.947       6733.430    0.000  -0.138   0.380   0.
  2017 352 21 42 14 503 352.904334537      -0.30      2.15     -0.88  0.       -2093.239       6513.416       6732.650    0.000  -0.139   0.381   0.
  2017 352 21 42 15 503 352.904346111      -0.59      2.18     -1.27  0.       -2094.493       6513.885       6731.871    0.000  -0.139   0.381   0.
  2017 352 21 42 16 503 352.904357685      -0.81      2.26     -1.47  0.       -2095.747       6514.354       6731.090    0.000  -0.138   0.380   0.
  2017 352 21 42 17 503 352.904369259      -0.93      1.84     -1.52  0.       -2097.001       6514.822       6730.310    0.000  -0.138   0.380   0.
  2017 352 21 42 18 503 352.904380833      -0.90      1.78     -1.26  0.       -2098.255       6515.289       6729.529    0.000  -0.139   0.381   0.
  2017 352 21 42 19 504 352.904392407      -0.76      1.88     -1.11  0.       -2099.509       6515.757       6728.748    0.000  -0.139   0.381   0.
  2017 352 21 42 20 504 352.904403981      -0.99      1.58     -0.89  0.       -2100.763       6516.224       6727.966    0.000  -0.139   0.381   0.
  2017 352 21 42 21 503 352.904415556      -0.57      1.67     -0.74  0.       -2102.017       6516.691       6727.184    0.000  -0.139   0.381   0.
  2017 352 21 42 22 503 352.904427130      -0.29      1.75     -0.96  0.       -2103.270       6517.157       6726.402    0.000  -0.139   0.381   0.
  2017 352 21 42 23 504 352.904438704      -0.32      1.84     -1.26  0.       -2104.524       6517.624       6725.620    0.000  -0.139   0.381   0.
  2017 352 21 42 24 504 352.904450278      -0.61      1.75     -1.39  0.       -2105.777       6518.089       6724.837    0.000  -0.138   0.380   0.
  2017 352 21 42 25 504 352.904461852      -0.81      1.54     -1.23  0.       -2107.030       6518.555       6724.054    0.000  -0.138   0.380   0.
  2017 352 21 42 26 504 352.904473426      -0.59      1.49     -1.01  0.       -2108.284       6519.020       6723.270    0.000  -0.138   0.380   0.
  2017 352 21 42 27 504 352.904485000      -0.79      1.46     -1.07  0.       -2109.537       6519.485       6722.486    0.000  -0.138   0.380   0.
  2017 352 21 42 28 503 352.904496574      -0.69      1.48     -1.17  0.       -2110.790       6519.950       6721.703    0.000  -0.138   0.380   0.
  2017 352 21 42 29 503 352.904508148      -0.56      1.39     -1.17  0.       -2112.043       6520.414       6720.918    0.000  -0.138   0.380   0.
  2017 352 21 42 30 503 352.904519722      -0.46      1.44     -1.05  0.       -2113.295       6520.878       6720.133    0.000  -0.139   0.381   0.
  2017 352 21 42 31 503 352.904531296      -0.38      1.52     -1.36  0.       -2114.548       6521.342       6719.348    0.000  -0.139   0.381   0.
  2017 352 21 42 32 504 352.904542870      -0.62      1.50     -0.94  0.       -2115.801       6521.805       6718.563    0.000  -0.138   0.380   0.
  2017 352 21 42 33 504 352.904554444      -0.37      1.52     -0.40  0.       -2117.053       6522.268       6717.777    0.000  -0.138   0.380   0.
  2017 352 21 42 34 503 352.904566019       0.14      1.59     -0.43  0.       -2118.306       6522.731       6716.991    0.000  -0.139   0.381   0.
  2017 352 21 42 35 503 352.904577593       0.20      1.60     -0.74  0.       -2119.558       6523.193       6716.204    0.000  -0.139   0.381   0.
  2017 352 21 42 36 504 352.904589167      -0.06      1.28     -1.00  0.       -2120.810       6523.655       6715.418    0.000  -0.139   0.381   0.
  2017 352 21 42 37 504 352.904600741      -0.18      1.57     -1.17  0.       -2122.062       6524.117       6714.631    0.000  -0.139   0.381   0.
  2017 352 21 42 38 504 352.904612315      -0.16      1.75     -0.95  0.       -2123.314       6524.579       6713.843    0.000  -0.138   0.380   0.
  2017 352 21 42 39 504 352.904623888       0.13      1.96     -1.32  0.       -2124.566       6525.040       6713.056    0.000  -0.138   0.380   0.
  2017 352 21 42 40 503 352.904635460      -0.35      2.08     -0.99  0.       -2125.818       6525.501       6712.268    0.000  -0.139   0.381   0.
  2017 352 21 42 41 503 352.904647034      -0.30      2.21     -0.84  0.       -2127.069       6525.961       6711.479    0.000  -0.139   0.381   0.
  2017 352 21 42 42 503 352.904658608      -0.58      1.69     -0.97  0.       -2128.321       6526.421       6710.691    0.000  -0.138   0.380   0.
  2017 352 21 42 43 503 352.904670182      -0.43      1.57     -0.54  0.       -2129.572       6526.881       6709.902    0.000  -0.138   0.380   0.
  2017 352 21 42 44 503 352.904681756      -0.44      1.54     -0.26  0.       -2130.824       6527.341       6709.112    0.000  -0.138   0.380   0.
  2017 352 21 42 45 503 352.904693330      -0.05      1.68     -0.14  0.       -2132.075       6527.800       6708.323    0.000  -0.138   0.380   0.
  2017 352 21 42 46 503 352.904704904      -0.05      1.66     -0.04  0.       -2133.326       6528.259       6707.533    0.000  -0.139   0.381   0.
  2017 352 21 42 47 503 352.904716479       0.40      1.79     -0.42  0.       -2134.577       6528.718       6706.742    0.000  -0.139   0.381   0.
  2017 352 21 42 48 503 352.904728053      -0.02      1.89     -0.70  0.       -2135.828       6529.176       6705.952    0.000  -0.138   0.380   0.
  2017 352 21 42 49 503 352.904739627      -0.02      1.79     -0.74  0.       -2137.079       6529.634       6705.161    0.000  -0.138   0.380   0.
  2017 352 21 42 50 503 352.904751201       0.04      1.59     -1.09  0.       -2138.330       6530.092       6704.370    0.000  -0.139   0.381   0.
  2017 352 21 42 51 503 352.904762775      -0.17      1.49     -1.69  0.       -2139.580       6530.549       6703.578    0.000  -0.139   0.381   0.
  2017 352 21 42 52 503 352.904774349      -0.05      1.53     -1.67  0.       -2140.831       6531.006       6702.786    0.000  -0.138   0.380   0.
  2017 352 21 42 53 503 352.904785923      -0.01      1.72     -1.34  0.       -2142.081       6531.463       6701.994    0.000  -0.138   0.380   0.
  2017 352 21 42 54 503 352.904797497       0.08      1.75     -0.97  0.       -2143.331       6531.919       6701.201    0.000  -0.139   0.381   0.
  2017 352 21 42 55 503 352.904809071      -0.27      1.83     -1.15  0.       -2144.582       6532.375       6700.408    0.000  -0.139   0.381   0.
  2017 352 21 42 56 503 352.904820645      -0.32      1.85     -0.89  0.       -2145.832       6532.831       6699.615    0.000  -0.139   0.381   0.
  2017 352 21 42 57 503 352.904832219      -0.20      1.59     -0.98  0.       -2147.082       6533.287       6698.822    0.000  -0.139   0.381   0.
  2017 352 21 42 58 503 352.904843793      -0.07      1.38     -0.74  0.       -2148.332       6533.742       6698.028    0.000  -0.138   0.380   0.
  2017 352 21 42 59 503 352.904855367      -0.24      1.83     -1.55  0.       -2149.581       6534.197       6697.233    0.000  -0.138   0.380   0.
  2017 352 21 43  0 503 352.904866942      -1.50      1.95     -1.69  0.       -2150.831       6534.651       6696.439    0.000  -0.139   0.381   0.
  2017 352 21 43  1 503 352.904878516      -2.04      1.82     -0.95  0.       -2152.081       6535.105       6695.644    0.000  -0.139   0.381   0.
  2017 352 21 43  2 503 352.904890090      -1.94      1.52     -0.56  0.       -2153.330       6535.559       6694.849    0.000  -0.139   0.381   0.
  2017 352 21 43  3 503 352.904901664      -1.35      1.61     -0.40  0.       -2154.580       6536.013       6694.053    0.000  -0.139   0.381   0.
  2017 352 21 43  4 503 352.904913238      -0.94      1.44     -0.19  0.       -2155.829       6536.466       6693.258    0.000  -0.138   0.380   0.
  2017 352 21 43  5 503 352.904924812      -0.45      2.00      0.39  0.       -2157.078       6536.919       6692.462    0.000  -0.138   0.380   0.
  2017 352 21 43  6 503 352.904936386       0.67      2.08     -0.08  0.       -2158.327       6537.372       6691.665    0.000  -0.139   0.381   0.
  2017 352 21 43  7 503 352.904947960       0.54      1.65     -1.08  0.       -2159.576       6537.824       6690.868    0.000  -0.139   0.381   0.
  2017 352 21 43  8 503 352.904959534       0.12      1.68     -1.08  0.       -2160.825       6538.276       6690.071    0.000  -0.139   0.381   0.
  2017 352 21 43  9 503 352.904971108      -0.07      1.78     -1.09  0.       -2162.073       6538.728       6689.274    0.000  -0.139   0.381   0.
  2017 352 21 43 10 503 352.904982682      -0.48      2.06     -0.53  0.       -2163.322       6539.179       6688.476    0.000  -0.138   0.380   0.
  2017 352 21 43 11 503 352.904994255      -0.24      2.18     -0.60  0.       -2164.571       6539.630       6687.678    0.000  -0.138   0.380   0.
  2017 352 21 43 12 503 352.905005828      -0.47      1.94     -0.56  0.       -2165.820       6540.081       6686.880    0.000  -0.139   0.381   0.
  2017 352 21 43 13 503 352.905017402      -0.31      1.71     -0.56  0.       -2167.068       6540.531       6686.081    0.000  -0.139   0.381   0.
  2017 352 21 43 14 503 352.905028976      -0.27      1.63     -0.89  0.       -2168.315       6540.981       6685.282    0.000  -0.139   0.381   0.
  2017 352 21 43 15 503 352.905040550      -0.32      1.77     -0.87  0.       -2169.564       6541.431       6684.483    0.000  -0.139   0.381   0.
  2017 352 21 43 16 503 352.905052124      -0.39      1.85     -0.87  0.       -2170.811       6541.881       6683.683    0.000  -0.138   0.380   0.
  2017 352 21 43 17 503 352.905063698      -0.72      1.94     -1.16  0.       -2172.059       6542.330       6682.883    0.000  -0.138   0.380   0.
  2017 352 21 43 18 503 352.905075272      -0.79      1.86     -0.72  0.       -2173.307       6542.779       6682.083    0.000  -0.138   0.380   0.
  2017 352 21 43 19 503 352.905086846      -0.53      1.82     -0.57  0.       -2174.555       6543.227       6681.282    0.000  -0.138   0.380   0.
  2017 352 21 43 20 503 352.905098420      -0.20      1.64     -0.44  0.       -2175.803       6543.675       6680.481    0.000  -0.139   0.381   0.
  2017 352 21 43 21 503 352.905109994      -0.04      1.95     -0.83  0.       -2177.050       6544.123       6679.679    0.000  -0.139   0.381   0.
  2017 352 21 43 22 503 352.905121568      -0.35      1.75     -1.09  0.       -2178.298       6544.571       6678.878    0.000  -0.138   0.380   0.
  2017 352 21 43 23 503 352.905133142      -0.60      1.40     -1.06  0.       -2179.545       6545.018       6678.076    0.000  -0.138   0.380   0.
  2017 352 21 43 24 503 352.905144716      -0.62      1.47     -1.04  0.       -2180.792       6545.465       6677.273    0.000  -0.138   0.380   0.
  2017 352 21 43 25 503 352.905156290      -0.59      1.78     -1.10  0.       -2182.039       6545.912       6676.471    0.000  -0.138   0.380   0.
  2017 352 21 43 26 503 352.905167865      -0.73      1.72     -1.02  0.       -2183.286       6546.358       6675.668    0.000  -0.138   0.380   0.
  2017 352 21 43 27 503 352.905179439      -0.83      1.83     -0.61  0.       -2184.533       6546.804       6674.865    0.000  -0.138   0.380   0.
  2017 352 21 43 28 503 352.905191013      -0.62      1.76     -0.39  0.       -2185.780       6547.250       6674.061    0.000  -0.138   0.380   0.
  2017 352 21 43 29 503 352.905202587      -0.24      1.89     -0.29  0.       -2187.027       6547.695       6673.257    0.000  -0.138   0.380   0.
  2017 352 21 43 30 503 352.905214161      -0.15      2.11     -0.61  0.       -2188.273       6548.140       6672.453    0.000  -0.138   0.380   0.
  2017 352 21 43 31 503 352.905225735      -0.41      1.96     -0.85  0.       -2189.520       6548.585       6671.648    0.000  -0.138   0.380   0.
  2017 352 21 43 32 503 352.905237309      -0.60      1.58     -0.88  0.       -2190.766       6549.029       6670.844    0.000  -0.138   0.380   0.
  2017 352 21 43 33 503 352.905248883      -0.15      1.82     -0.93  0.       -2192.012       6549.473       6670.038    0.000  -0.138   0.380   0.
  2017 352 21 43 34 503 352.905260457      -0.74      2.02     -1.09  0.       -2193.258       6549.917       6669.233    0.000  -0.139   0.381   0.
  2017 352 21 43 35 503 352.905272031      -0.63      1.81     -0.58  0.       -2194.504       6550.360       6668.427    0.000  -0.139   0.381   0.
  2017 352 21 43 36 503 352.905283605      -0.49      1.60     -0.53  0.       -2195.750       6550.804       6667.621    0.000  -0.139   0.381   0.
  2017 352 21 43 37 503 352.905295179      -0.48      1.64     -0.21  0.       -2196.996       6551.246       6666.814    0.000  -0.139   0.381   0.
  2017 352 21 43 38 503 352.905306753      -0.02      1.70     -0.17  0.       -2198.242       6551.689       6666.008    0.000  -0.138   0.380   0.
  2017 352 21 43 39 503 352.905318326       0.13      1.86     -0.16  0.       -2199.487       6552.131       6665.200    0.000  -0.138   0.380   0.
  2017 352 21 43 40 503 352.905329899       0.26      1.95     -0.14  0.       -2200.733       6552.573       6664.393    0.000  -0.138   0.380   0.
  2017 352 21 43 41 503 352.905341473       0.26      2.09     -0.25  0.       -2201.978       6553.015       6663.585    0.000  -0.138   0.380   0.
  2017 352 21 43 42 503 352.905353047      -0.12      2.07     -0.71  0.       -2203.223       6553.456       6662.777    0.000  -0.139   0.381   0.
  2017 352 21 43 43 503 352.905364621      -0.32      1.79     -0.67  0.       -2204.468       6553.897       6661.969    0.000  -0.139   0.381   0.
  2017 352 21 43 44 503 352.905376195      -0.19      1.70     -0.49  0.       -2205.714       6554.337       6661.160    0.000  -0.138   0.380   0.
  2017 352 21 43 45 503 352.905387769      -0.36      2.06     -0.57  0.       -2206.958       6554.778       6660.351    0.000  -0.138   0.380   0.
  2017 352 21 43 46 503 352.905399343      -0.81      1.98     -0.70  0.       -2208.203       6555.218       6659.542    0.000  -0.138   0.380   0.
  2017 352 21 43 47 503 352.905410917      -0.85      1.66     -0.42  0.       -2209.448       6555.657       6658.732    0.000  -0.138   0.380   0.
  2017 352 21 43 48 503 352.905422491      -0.87      1.64      0.04  0.       -2210.693       6556.097       6657.922    0.000  -0.139   0.381   0.
  2017 352 21 43 49 503 352.905434065      -0.19      1.52      0.19  0.       -2211.937       6556.536       6657.111    0.000  -0.139   0.381   0.
  2017 352 21 43 50 503 352.905445639       0.07      1.53     -0.02  0.       -2213.182       6556.974       6656.301    0.000  -0.139   0.381   0.
  2017 352 21 43 51 503 352.905457214       0.10      1.59     -0.26  0.       -2214.426       6557.413       6655.490    0.000  -0.139   0.381   0.
  2017 352 21 43 52 503 352.905468788       0.06      1.76     -0.73  0.       -2215.670       6557.851       6654.678    0.000  -0.138   0.380   0.
  2017 352 21 43 53 503 352.905480362      -0.07      1.79     -0.91  0.       -2216.914       6558.289       6653.867    0.000  -0.138   0.380   0.
  2017 352 21 43 54 503 352.905491936      -0.05      1.80     -0.85  0.       -2218.158       6558.726       6653.055    0.000  -0.138   0.380   0.
  2017 352 21 43 55 503 352.905503510      -0.04      1.86     -1.16  0.       -2219.402       6559.163       6652.243    0.000  -0.138   0.380   0.
  2017 352 21 43 56 503 352.905515084      -0.02      1.93     -1.72  0.       -2220.646       6559.600       6651.430    0.000  -0.139   0.381   0.
  2017 352 21 43 57 503 352.905526658      -1.06      2.09     -1.65  0.       -2221.889       6560.036       6650.617    0.000  -0.139   0.381   0.
  2017 352 21 43 58 503 352.905538232      -0.61      2.39     -1.02  0.       -2223.133       6560.472       6649.804    0.000  -0.138   0.380   0.
  2017 352 21 43 59 503 352.905549806      -0.38      2.00     -0.61  0.       -2224.376       6560.908       6648.990    0.000  -0.138   0.380   0.
  2017 352 21 44  0 503 352.905561380      -0.80      1.99     -0.72  0.       -2225.620       6561.344       6648.176    0.000  -0.138   0.380   0.
  2017 352 21 44  1 503 352.905572954      -0.89      1.83     -0.36  0.       -2226.863       6561.779       6647.362    0.000  -0.138   0.380   0.
  2017 352 21 44  2 503 352.905584528      -1.01      1.78      0.00  0.       -2228.106       6562.214       6646.548    0.000  -0.139   0.381   0.
  2017 352 21 44  3 503 352.905596102      -0.69      1.81      0.13  0.       -2229.349       6562.649       6645.733    0.000  -0.139   0.381   0.
  2017 352 21 44  4 503 352.905607677      -0.53      1.80     -0.21  0.       -2230.592       6563.083       6644.918    0.000  -0.138   0.380   0.
  2017 352 21 44  5 503 352.905619251      -0.72      1.92     -0.33  0.       -2231.835       6563.517       6644.102    0.000  -0.138   0.380   0.
  2017 352 21 44  6 503 352.905630825      -0.83      2.07      0.14  0.       -2233.078       6563.950       6643.286    0.000  -0.138   0.380   0.
  2017 352 21 44  7 503 352.905642399      -0.47      2.05     -0.13  0.       -2234.320       6564.384       6642.470    0.000  -0.138   0.380   0.
  2017 352 21 44  8 503 352.905653973      -0.34      2.27     -0.48  0.       -2235.563       6564.817       6641.654    0.000  -0.138   0.380   0.
  2017 352 21 44  9 503 352.905665546      -0.31      2.38     -0.75  0.       -2236.805       6565.249       6640.837    0.000  -0.138   0.380   0.
  2017 352 21 44 10 502 352.905677118      -0.69      2.21     -0.72  0.       -2238.047       6565.682       6640.020    0.000  -0.139   0.381   0.
  2017 352 21 44 11 502 352.905688692      -0.46      1.97     -0.37  0.       -2239.289       6566.114       6639.202    0.000  -0.139   0.381   0.
  2017 352 21 44 12 502 352.905700266      -0.20      1.98     -0.62  0.       -2240.531       6566.546       6638.385    0.000  -0.138   0.380   0.
  2017 352 21 44 13 502 352.905711840      -0.09      1.98     -0.92  0.       -2241.773       6566.977       6637.566    0.000  -0.138   0.380   0.
  2017 352 21 44 14 503 352.905723414      -0.08      1.97     -0.87  0.       -2243.015       6567.408       6636.748    0.000  -0.138   0.380   0.
  2017 352 21 44 15 503 352.905734988      -0.06      1.73     -0.75  0.       -2244.257       6567.839       6635.929    0.000  -0.138   0.380   0.
  2017 352 21 44 16 502 352.905746562      -0.03      1.77     -0.90  0.       -2245.499       6568.269       6635.110    0.000  -0.139   0.381   0.
  2017 352 21 44 17 502 352.905758137      -0.12      1.86     -0.82  0.       -2246.740       6568.699       6634.291    0.000  -0.139   0.381   0.
  2017 352 21 44 18 502 352.905769711      -0.11      2.03     -0.43  0.       -2247.981       6569.129       6633.471    0.000  -0.138   0.380   0.
  2017 352 21 44 19 503 352.905781285      -0.11      2.03     -0.60  0.       -2249.223       6569.559       6632.651    0.000  -0.138   0.380   0.
  2017 352 21 44 20 503 352.905792859      -0.29      1.70     -0.74  0.       -2250.464       6569.988       6631.831    0.000  -0.138   0.380   0.
  2017 352 21 44 21 503 352.905804433      -0.39      1.53     -0.43  0.       -2251.705       6570.417       6631.010    0.000  -0.138   0.380   0.
  2017 352 21 44 22 503 352.905816007      -0.24      1.58     -0.45  0.       -2252.946       6570.845       6630.189    0.000  -0.139   0.381   0.
  2017 352 21 44 23 502 352.905827581      -0.36      1.37     -0.67  0.       -2254.187       6571.274       6629.368    0.000  -0.139   0.381   0.
  2017 352 21 44 24 502 352.905839155       0.05      1.69     -0.18  0.       -2255.428       6571.702       6628.546    0.000  -0.138   0.380   0.
  2017 352 21 44 25 502 352.905850729       0.31      1.77     -0.52  0.       -2256.668       6572.129       6627.725    0.000  -0.138   0.380   0.
  2017 352 21 44 26 502 352.905862303      -0.08      1.73     -0.72  0.       -2257.909       6572.556       6626.902    0.000  -0.139   0.381   0.
  2017 352 21 44 27 502 352.905873877       0.01      1.86     -1.47  0.       -2259.149       6572.983       6626.080    0.000  -0.139   0.381   0.
  2017 352 21 44 28 503 352.905885451      -0.79      1.77     -1.24  0.       -2260.389       6573.410       6625.257    0.000  -0.139   0.381   0.
  2017 352 21 44 29 503 352.905897025      -0.55      2.20     -0.71  0.       -2261.630       6573.836       6624.434    0.000  -0.139   0.381   0.
  2017 352 21 44 30 502 352.905908600      -0.35      2.19     -0.78  0.       -2262.870       6574.262       6623.610    0.000  -0.138   0.380   0.
  2017 352 21 44 31 502 352.905920174      -0.51      2.05     -1.08  0.       -2264.110       6574.688       6622.786    0.000  -0.138   0.380   0.
  2017 352 21 44 32 503 352.905931748      -0.13      1.87     -0.90  0.       -2265.349       6575.113       6621.962    0.000  -0.138   0.380   0.
  2017 352 21 44 33 503 352.905943322      -0.13      1.53     -1.18  0.       -2266.589       6575.539       6621.138    0.000  -0.138   0.380   0.
  2017 352 21 44 34 503 352.905954896      -0.49      1.45     -0.87  0.       -2267.829       6575.963       6620.313    0.000  -0.139   0.381   0.
  2017 352 21 44 35 503 352.905966470      -0.45      1.54     -0.95  0.       -2269.068       6576.388       6619.488    0.000  -0.139   0.381   0.
  2017 352 21 44 36 503 352.905978044      -0.36      1.81     -0.64  0.       -2270.308       6576.812       6618.662    0.000  -0.138   0.380   0.
  2017 352 21 44 37 502 352.905989618      -0.34      1.88     -0.94  0.       -2271.547       6577.236       6617.836    0.000  -0.138   0.380   0.
  2017 352 21 44 38 502 352.906001192      -0.41      1.58     -0.90  0.       -2272.786       6577.659       6617.010    0.000  -0.138   0.380   0.
  2017 352 21 44 39 502 352.906012765      -0.31      1.30     -0.77  0.       -2274.025       6578.082       6616.184    0.000  -0.138   0.380   0.
  2017 352 21 44 40 502 352.906024337      -0.38      1.51     -0.92  0.       -2275.264       6578.505       6615.357    0.000  -0.139   0.381   0.
  2017 352 21 44 41 502 352.906035911      -0.50      1.67     -0.98  0.       -2276.503       6578.928       6614.530    0.000  -0.139   0.381   0.
  2017 352 21 44 42 502 352.906047486      -0.63      1.63     -0.67  0.       -2277.742       6579.350       6613.703    0.000  -0.139   0.381   0.
  2017 352 21 44 43 502 352.906059060      -0.68      1.70     -0.50  0.       -2278.981       6579.772       6612.875    0.000  -0.139   0.381   0.
  2017 352 21 44 44 502 352.906070634      -0.74      1.68     -0.36  0.       -2280.219       6580.193       6612.047    0.000  -0.138   0.380   0.
  2017 352 21 44 45 502 352.906082208      -0.27      1.74     -0.82  0.       -2281.458       6580.614       6611.219    0.000  -0.138   0.380   0.
  2017 352 21 44 46 502 352.906093782      -0.30      2.08     -1.41  0.       -2282.696       6581.035       6610.390    0.000  -0.139   0.381   0.
  2017 352 21 44 47 502 352.906105356      -0.80      2.15     -1.27  0.       -2283.934       6581.456       6609.561    0.000  -0.139   0.381   0.
  2017 352 21 44 48 502 352.906116930      -0.34      1.86     -1.44  0.       -2285.172       6581.876       6608.732    0.000  -0.139   0.381   0.
  2017 352 21 44 49 502 352.906128504      -0.70      2.11     -1.40  0.       -2286.410       6582.296       6607.902    0.000  -0.139   0.381   0.
  2017 352 21 44 50 502 352.906140078      -1.29      2.00     -1.78  0.       -2287.648       6582.716       6607.072    0.000  -0.139   0.381   0.
  2017 352 21 44 51 502 352.906151652      -1.71      2.02     -1.38  0.       -2288.886       6583.135       6606.242    0.000  -0.139   0.381   0.
  2017 352 21 44 52 502 352.906163226      -1.73      2.10     -0.92  0.       -2290.124       6583.554       6605.412    0.000  -0.139   0.381   0.
  2017 352 21 44 53 502 352.906174800      -1.37      2.03     -0.56  0.       -2291.361       6583.973       6604.581    0.000  -0.139   0.381   0.
  2017 352 21 44 54 502 352.906186374      -1.58      1.75     -0.69  0.       -2292.599       6584.391       6603.750    0.000  -0.139   0.381   0.
  2017 352 21 44 55 502 352.906197948      -1.39      1.66      0.11  0.       -2293.836       6584.809       6602.918    0.000  -0.139   0.381   0.
  2017 352 21 44 56 502 352.906209523      -0.87      1.85      0.49  0.       -2295.073       6585.227       6602.086    0.000  -0.138   0.380   0.
  2017 352 21 44 57 502 352.906221097      -0.67      1.83      0.14  0.       -2296.310       6585.645       6601.254    0.000  -0.138   0.380   0.
  2017 352 21 44 58 502 352.906232671      -0.49      1.77     -0.48  0.       -2297.547       6586.062       6600.421    0.000  -0.138   0.380   0.
  2017 352 21 44 59 502 352.906244245      -0.73      1.67     -0.55  0.       -2298.784       6586.479       6599.589    0.000  -0.138   0.380   0.
  2017 352 21 45  0 502 352.906255819      -0.68      1.86      0.02  0.       -2300.021       6586.895       6598.756    0.000  -0.139   0.381   0.
  2017 352 21 45  1 502 352.906267393      -0.61      1.88      0.03  0.       -2301.258       6587.311       6597.922    0.000  -0.139   0.381   0.
  2017 352 21 45  2 502 352.906278967      -0.55      2.05      0.29  0.       -2302.494       6587.727       6597.088    0.000  -0.139   0.381   0.
  2017 352 21 45  3 502 352.906290541      -0.36      2.04      0.14  0.       -2303.731       6588.142       6596.254    0.000  -0.139   0.381   0.
  2017 352 21 45  4 502 352.906302115      -0.14      1.86     -0.30  0.       -2304.967       6588.558       6595.420    0.000  -0.139   0.381   0.
  2017 352 21 45  5 502 352.906313689      -0.17      1.86     -0.78  0.       -2306.203       6588.973       6594.585    0.000  -0.139   0.381   0.
  2017 352 21 45  6 502 352.906325263      -0.57      1.91     -0.81  0.       -2307.439       6589.387       6593.750    0.000  -0.138   0.380   0.
  2017 352 21 45  7 502 352.906336837      -0.07      1.83     -0.83  0.       -2308.675       6589.801       6592.915    0.000  -0.138   0.380   0.
  2017 352 21 45  8 502 352.906348411      -0.42      1.61     -1.14  0.       -2309.911       6590.215       6592.079    0.000  -0.138   0.380   0.
  2017 352 21 45  9 502 352.906359984      -0.48      1.98     -0.99  0.       -2311.147       6590.629       6591.243    0.000  -0.138   0.380   0.
  2017 352 21 45 10 502 352.906371557      -0.26      1.94     -0.75  0.       -2312.382       6591.042       6590.407    0.000  -0.138   0.380   0.
  2017 352 21 45 11 502 352.906383131      -0.15      1.83     -1.10  0.       -2313.618       6591.455       6589.570    0.000  -0.138   0.380   0.
  2017 352 21 45 12 502 352.906394705      -0.49      1.53     -0.96  0.       -2314.853       6591.868       6588.733    0.000  -0.139   0.381   0.
  2017 352 21 45 13 502 352.906406279      -0.36      1.63     -0.50  0.       -2316.089       6592.280       6587.896    0.000  -0.139   0.381   0.
  2017 352 21 45 14 502 352.906417853      -0.17      1.80     -0.67  0.       -2317.324       6592.692       6587.058    0.000  -0.138   0.380   0.
  2017 352 21 45 15 502 352.906429427      -0.48      1.71     -0.95  0.       -2318.559       6593.104       6586.220    0.000  -0.138   0.380   0.
  2017 352 21 45 16 502 352.906441001      -0.89      1.42     -0.61  0.       -2319.794       6593.515       6585.382    0.000  -0.139   0.381   0.
  2017 352 21 45 17 502 352.906452575       0.00      1.39     -0.48  0.       -2321.029       6593.926       6584.544    0.000  -0.139   0.381   0.
  2017 352 21 45 18 502 352.906464149       0.28      1.43     -0.86  0.       -2322.264       6594.337       6583.705    0.000  -0.138   0.380   0.
  2017 352 21 45 19 502 352.906475723      -0.66      1.64     -1.33  0.       -2323.498       6594.747       6582.866    0.000  -0.138   0.380   0.
  2017 352 21 45 20 502 352.906487298      -0.58      1.86     -1.15  0.       -2324.733       6595.158       6582.026    0.000  -0.138   0.380   0.
  2017 352 21 45 21 502 352.906498871      -0.90      2.03     -1.62  0.       -2325.967       6595.567       6581.186    0.000  -0.138   0.380   0.
  2017 352 21 45 22 502 352.906510446      -0.46      1.76     -1.82  0.       -2327.202       6595.977       6580.346    0.000  -0.139   0.381   0.
  2017 352 21 45 23 502 352.906522020      -0.48      1.45     -1.75  0.       -2328.436       6596.386       6579.506    0.000  -0.139   0.381   0.
  2017 352 21 45 24 502 352.906533594      -0.15      1.47     -1.02  0.       -2329.670       6596.795       6578.665    0.000  -0.138   0.380   0.
  2017 352 21 45 25 502 352.906545168       0.16      1.44     -1.44  0.       -2330.904       6597.203       6577.824    0.000  -0.138   0.380   0.
  2017 352 21 45 26 502 352.906556742       0.04      1.65     -1.56  0.       -2332.138       6597.611       6576.983    0.000  -0.139   0.381   0.
  2017 352 21 45 27 502 352.906568316      -0.15      1.51     -2.12  0.       -2333.372       6598.019       6576.141    0.000  -0.139   0.381   0.
  2017 352 21 45 28 502 352.906579890      -0.93      1.28     -1.91  0.       -2334.605       6598.427       6575.299    0.000  -0.138   0.380   0.
  2017 352 21 45 29 502 352.906591464      -1.07      1.45     -1.48  0.       -2335.839       6598.834       6574.456    0.000  -0.138   0.380   0.
  2017 352 21 45 30 502 352.906603038      -1.27      1.78     -1.30  0.       -2337.072       6599.241       6573.614    0.000  -0.138   0.380   0.
  2017 352 21 45 31 502 352.906614612      -1.92      2.10     -0.98  0.       -2338.305       6599.648       6572.771    0.000  -0.138   0.380   0.
  2017 352 21 45 32 502 352.906626186      -1.95      2.34     -0.34  0.       -2339.539       6600.054       6571.927    0.000  -0.138   0.380   0.
  2017 352 21 45 33 502 352.906637760      -1.63      2.06      0.14  0.       -2340.772       6600.460       6571.084    0.000  -0.138   0.380   0.
  2017 352 21 45 34 502 352.906649335      -1.32      1.81     -0.06  0.       -2342.005       6600.866       6570.240    0.000  -0.139   0.381   0.
  2017 352 21 45 35 502 352.906660909      -0.41      2.29     -0.40  0.       -2343.237       6601.271       6569.396    0.000  -0.139   0.381   0.
  2017 352 21 45 36 502 352.906672483      -0.92      2.61     -1.18  0.       -2344.470       6601.676       6568.551    0.000  -0.138   0.380   0.
  2017 352 21 45 37 502 352.906684057      -1.38      2.40     -0.97  0.       -2345.703       6602.081       6567.706    0.000  -0.138   0.380   0.
  2017 352 21 45 38 502 352.906695631      -1.44      2.32     -1.17  0.       -2346.935       6602.485       6566.861    0.000  -0.138   0.380   0.
  2017 352 21 45 39 502 352.906707204      -1.22      1.80     -1.24  0.       -2348.168       6602.889       6566.015    0.000  -0.138   0.380   0.
  2017 352 21 45 40 502 352.906718776      -1.13      1.56     -0.64  0.       -2349.400       6603.293       6565.170    0.000  -0.138   0.380   0.
  2017 352 21 45 41 502 352.906730350      -0.67      1.61     -0.11  0.       -2350.632       6603.696       6564.323    0.000  -0.138   0.380   0.
  2017 352 21 45 42 502 352.906741924      -0.25      1.63     -0.36  0.       -2351.864       6604.099       6563.477    0.000  -0.138   0.380   0.
  2017 352 21 45 43 502 352.906753498      -0.17      1.59     -0.75  0.       -2353.096       6604.502       6562.630    0.000  -0.138   0.380   0.
  2017 352 21 45 44 502 352.906765072      -0.15      1.85     -0.89  0.       -2354.328       6604.904       6561.783    0.000  -0.139   0.381   0.
  2017 352 21 45 45 502 352.906776646      -0.47      1.91     -1.26  0.       -2355.560       6605.307       6560.935    0.000  -0.139   0.381   0.
  2017 352 21 45 46 502 352.906788220      -0.38      1.89     -0.61  0.       -2356.791       6605.708       6560.087    0.000  -0.138   0.380   0.
  2017 352 21 45 47 502 352.906799795      -0.07      1.77     -0.99  0.       -2358.023       6606.110       6559.240    0.000  -0.138   0.380   0.
  2017 352 21 45 48 502 352.906811369      -0.69      1.75     -1.01  0.       -2359.254       6606.511       6558.391    0.000  -0.138   0.380   0.
  2017 352 21 45 49 502 352.906822943      -0.82      1.80     -0.36  0.       -2360.485       6606.912       6557.542    0.000  -0.138   0.380   0.
  2017 352 21 45 50 502 352.906834517      -0.26      1.86     -0.76  0.       -2361.716       6607.312       6556.693    0.000  -0.138   0.380   0.
  2017 352 21 45 51 502 352.906846091      -0.76      1.78     -0.84  0.       -2362.947       6607.712       6555.844    0.000  -0.138   0.380   0.
  2017 352 21 45 52 502 352.906857665      -0.64      1.88     -0.76  0.       -2364.178       6608.113       6554.994    0.000  -0.138   0.380   0.
  2017 352 21 45 53 502 352.906869239      -0.85      2.00     -0.78  0.       -2365.409       6608.512       6554.144    0.000  -0.138   0.380   0.
  2017 352 21 45 54 502 352.906880813      -0.64      1.91     -0.63  0.       -2366.640       6608.911       6553.294    0.000  -0.138   0.380   0.
  2017 352 21 45 55 502 352.906892387      -0.28      2.00     -0.47  0.       -2367.870       6609.310       6552.444    0.000  -0.138   0.380   0.
  2017 352 21 45 56 502 352.906903961      -0.20      2.22     -0.22  0.       -2369.101       6609.709       6551.593    0.000  -0.138   0.380   0.
  2017 352 21 45 57 502 352.906915535       0.09      1.98     -0.45  0.       -2370.331       6610.107       6550.741    0.000  -0.138   0.380   0.
  2017 352 21 45 58 502 352.906927109      -0.31      2.40     -1.13  0.       -2371.561       6610.505       6549.890    0.000  -0.138   0.380   0.
  2017 352 21 45 59 502 352.906938683      -0.94      2.20     -1.10  0.       -2372.792       6610.903       6549.038    0.000  -0.138   0.380   0.
  2017 352 21 46  0 502 352.906950258      -0.84      1.92     -0.34  0.       -2374.022       6611.300       6548.186    0.000  -0.138   0.380   0.
  2017 352 21 46  1 502 352.906961832      -1.01      1.80     -0.44  0.       -2375.251       6611.697       6547.333    0.000  -0.138   0.380   0.
  2017 352 21 46  2 502 352.906973406      -0.87      1.59      0.02  0.       -2376.481       6612.094       6546.480    0.000  -0.139   0.381   0.
  2017 352 21 46  3 502 352.906984980      -0.32      1.45      0.19  0.       -2377.711       6612.490       6545.627    0.000  -0.139   0.381   0.
  2017 352 21 46  4 502 352.906996554      -0.05      1.49     -0.29  0.       -2378.940       6612.886       6544.774    0.000  -0.138   0.380   0.
  2017 352 21 46  5 502 352.907008128      -0.02      1.48     -0.58  0.       -2380.170       6613.282       6543.920    0.000  -0.138   0.380   0.
  2017 352 21 46  6 502 352.907019702      -0.20      1.51     -0.99  0.       -2381.399       6613.678       6543.066    0.000  -0.138   0.380   0.
  2017 352 21 46  7 501 352.907031275      -1.02      1.71     -0.71  0.       -2382.628       6614.073       6542.211    0.000  -0.138   0.380   0.
  2017 352 21 46  8 501 352.907042847      -0.91      1.90     -0.59  0.       -2383.857       6614.467       6541.357    0.000  -0.139   0.381   0.
  2017 352 21 46  9 501 352.907054421      -0.87      1.72     -0.27  0.       -2385.086       6614.862       6540.502    0.000  -0.139   0.381   0.
  2017 352 21 46 10 502 352.907065995      -0.74      1.90     -0.32  0.       -2386.315       6615.256       6539.646    0.000  -0.139   0.381   0.
  2017 352 21 46 11 502 352.907077569      -0.57      2.05     -0.38  0.       -2387.544       6615.650       6538.791    0.000  -0.139   0.381   0.
  2017 352 21 46 12 501 352.907089143      -0.72      2.01     -0.73  0.       -2388.772       6616.043       6537.935    0.000  -0.139   0.381   0.
  2017 352 21 46 13 501 352.907100718      -0.91      1.55     -0.13  0.       -2390.001       6616.437       6537.078    0.000  -0.139   0.381   0.
  2017 352 21 46 14 502 352.907112292      -0.37      1.49     -0.12  0.       -2391.229       6616.830       6536.222    0.000  -0.138   0.380   0.
  2017 352 21 46 15 502 352.907123866      -0.44      1.84     -0.51  0.       -2392.458       6617.222       6535.365    0.000  -0.138   0.380   0.
  2017 352 21 46 16 502 352.907135440      -0.91      2.01     -0.63  0.       -2393.686       6617.614       6534.507    0.000  -0.138   0.380   0.
  2017 352 21 46 17 502 352.907147014      -0.48      1.95     -0.56  0.       -2394.914       6618.006       6533.650    0.000  -0.138   0.380   0.
  2017 352 21 46 18 502 352.907158588      -0.86      1.91     -0.60  0.       -2396.142       6618.398       6532.792    0.000  -0.139   0.381   0.
  2017 352 21 46 19 501 352.907170162      -0.88      1.86     -0.51  0.       -2397.370       6618.789       6531.934    0.000  -0.139   0.381   0.
  2017 352 21 46 20 501 352.907181736      -0.72      1.61     -0.21  0.       -2398.597       6619.180       6531.075    0.000  -0.138   0.380   0.
  2017 352 21 46 21 501 352.907193310      -0.39      1.72     -0.44  0.       -2399.825       6619.571       6530.216    0.000  -0.138   0.380   0.
  2017 352 21 46 22 501 352.907204884      -0.62      1.57     -0.39  0.       -2401.052       6619.961       6529.357    0.000  -0.139   0.381   0.
  2017 352 21 46 23 501 352.907216458      -0.18      1.76     -0.60  0.       -2402.280       6620.351       6528.498    0.000  -0.139   0.381   0.
  2017 352 21 46 24 502 352.907228032      -0.32      1.72     -0.86  0.       -2403.507       6620.741       6527.638    0.000  -0.138   0.380   0.
  2017 352 21 46 25 502 352.907239606      -0.48      1.72     -0.82  0.       -2404.734       6621.130       6526.778    0.000  -0.138   0.380   0.
  2017 352 21 46 26 501 352.907251181      -0.20      1.66     -0.90  0.       -2405.961       6621.519       6525.917    0.000  -0.138   0.380   0.
  2017 352 21 46 27 501 352.907262755       0.03      1.58     -0.79  0.       -2407.188       6621.908       6525.057    0.000  -0.138   0.380   0.
  2017 352 21 46 28 502 352.907274329       0.35      1.43     -0.68  0.       -2408.415       6622.296       6524.196    0.000  -0.139   0.381   0.
  2017 352 21 46 29 502 352.907285903       0.66      1.47     -0.63  0.       -2409.641       6622.684       6523.334    0.000  -0.139   0.381   0.
  2017 352 21 46 30 502 352.907297477       0.63      1.74     -1.04  0.       -2410.868       6623.072       6522.473    0.000  -0.138   0.380   0.
  2017 352 21 46 31 502 352.907309051      -0.12      2.03     -1.40  0.       -2412.094       6623.459       6521.611    0.000  -0.138   0.380   0.
  2017 352 21 46 32 502 352.907320625      -0.56      2.04     -0.89  0.       -2413.320       6623.847       6520.748    0.000  -0.138   0.380   0.
  2017 352 21 46 33 501 352.907332199      -0.64      1.89     -0.54  0.       -2414.547       6624.233       6519.886    0.000  -0.138   0.380   0.
  2017 352 21 46 34 501 352.907343773      -0.21      1.90     -0.44  0.       -2415.773       6624.620       6519.023    0.000  -0.139   0.381   0.
  2017 352 21 46 35 501 352.907355347      -0.20      1.87     -0.52  0.       -2416.999       6625.006       6518.159    0.000  -0.139   0.381   0.
  2017 352 21 46 36 501 352.907366921      -0.34      1.38     -0.85  0.       -2418.224       6625.392       6517.296    0.000  -0.138   0.380   0.
  2017 352 21 46 37 502 352.907378495      -0.24      1.23     -1.12  0.       -2419.450       6625.777       6516.432    0.000  -0.138   0.380   0.
  2017 352 21 46 38 501 352.907390067      -0.57      1.79     -1.02  0.       -2420.676       6626.163       6515.568    0.000  -0.138   0.380   0.
  2017 352 21 46 39 501 352.907401641      -0.27      2.19     -0.95  0.       -2421.901       6626.547       6514.703    0.000  -0.138   0.380   0.
  2017 352 21 46 40 501 352.907413215      -0.43      1.79     -1.13  0.       -2423.126       6626.932       6513.838    0.000  -0.139   0.381   0.
  2017 352 21 46 41 501 352.907424789      -0.59      1.66     -0.57  0.       -2424.352       6627.316       6512.973    0.000  -0.139   0.381   0.
  2017 352 21 46 42 501 352.907436363      -0.35      1.61     -0.12  0.       -2425.577       6627.700       6512.108    0.000  -0.138   0.380   0.
  2017 352 21 46 43 501 352.907447937      -0.10      1.72     -0.03  0.       -2426.802       6628.084       6511.242    0.000  -0.138   0.380   0.
  2017 352 21 46 44 501 352.907459511       0.17      1.85     -0.28  0.       -2428.027       6628.467       6510.376    0.000  -0.138   0.380   0.
  2017 352 21 46 45 501 352.907471085       0.29      1.82     -0.42  0.       -2429.251       6628.850       6509.510    0.000  -0.138   0.380   0.
  2017 352 21 46 46 501 352.907482659       0.61      1.64     -0.96  0.       -2430.476       6629.232       6508.643    0.000  -0.139   0.381   0.
  2017 352 21 46 47 501 352.907494233      -0.08      1.45     -1.41  0.       -2431.701       6629.615       6507.776    0.000  -0.139   0.381   0.
  2017 352 21 46 48 501 352.907505807      -0.11      1.53     -1.15  0.       -2432.925       6629.997       6506.908    0.000  -0.139   0.381   0.
  2017 352 21 46 49 501 352.907517381       0.03      1.57     -1.60  0.       -2434.149       6630.378       6506.041    0.000  -0.139   0.381   0.
  2017 352 21 46 50 501 352.907528955      -0.07      1.56     -1.75  0.       -2435.373       6630.760       6505.173    0.000  -0.138   0.380   0.
  2017 352 21 46 51 501 352.907540529      -0.32      1.43     -1.55  0.       -2436.597       6631.141       6504.304    0.000  -0.138   0.380   0.
  2017 352 21 46 52 501 352.907552104      -0.16      1.30     -1.07  0.       -2437.822       6631.522       6503.436    0.000  -0.138   0.380   0.
  2017 352 21 46 53 501 352.907563678       0.00      1.72     -1.31  0.       -2439.045       6631.902       6502.567    0.000  -0.138   0.380   0.
  2017 352 21 46 54 501 352.907575252      -0.27      1.82     -1.41  0.       -2440.269       6632.282       6501.698    0.000  -0.139   0.381   0.
  2017 352 21 46 55 501 352.907586826      -0.89      1.75     -1.56  0.       -2441.493       6632.662       6500.828    0.000  -0.139   0.381   0.
  2017 352 21 46 56 501 352.907598400      -1.53      1.67     -0.79  0.       -2442.716       6633.041       6499.958    0.000  -0.138   0.380   0.
  2017 352 21 46 57 501 352.907609974      -0.99      1.86     -0.29  0.       -2443.940       6633.420       6499.088    0.000  -0.138   0.380   0.
  2017 352 21 46 58 501 352.907621548      -0.88      1.97     -0.21  0.       -2445.163       6633.799       6498.218    0.000  -0.139   0.381   0.
  2017 352 21 46 59 501 352.907633122      -0.80      1.99      0.11  0.       -2446.386       6634.178       6497.347    0.000  -0.139   0.381   0.
  2017 352 21 47  0 501 352.907644696      -0.25      2.15     -0.10  0.       -2447.609       6634.556       6496.476    0.000  -0.139   0.381   0.
  2017 352 21 47  1 501 352.907656270      -0.38      2.25     -0.66  0.       -2448.832       6634.934       6495.604    0.000  -0.139   0.381   0.
  2017 352 21 47  2 501 352.907667844      -0.80      2.22     -0.76  0.       -2450.054       6635.311       6494.732    0.000  -0.139   0.381   0.
  2017 352 21 47  3 501 352.907679418      -0.84      2.02     -0.40  0.       -2451.277       6635.688       6493.860    0.000  -0.139   0.381   0.
  2017 352 21 47  4 501 352.907690992      -0.66      1.87     -0.28  0.       -2452.500       6636.065       6492.988    0.000  -0.139   0.381   0.
  2017 352 21 47  5 501 352.907702567      -0.48      1.75     -0.60  0.       -2453.722       6636.442       6492.115    0.000  -0.139   0.381   0.
  2017 352 21 47  6 501 352.907714141      -0.82      1.68     -0.76  0.       -2454.944       6636.818       6491.242    0.000  -0.139   0.381   0.
  2017 352 21 47  7 501 352.907725715      -0.57      1.53     -0.73  0.       -2456.167       6637.194       6490.369    0.000  -0.139   0.381   0.
  2017 352 21 47  8 501 352.907737289      -0.13      1.99     -1.14  0.       -2457.389       6637.569       6489.495    0.000  -0.139   0.381   0.
  2017 352 21 47  9 501 352.907748862      -0.52      1.65     -1.44  0.       -2458.610       6637.945       6488.621    0.000  -0.139   0.381   0.
  2017 352 21 47 10 501 352.907760434      -0.62      1.49     -1.07  0.       -2459.832       6638.319       6487.747    0.000  -0.139   0.381   0.
  2017 352 21 47 11 501 352.907772008      -0.93      1.60     -1.22  0.       -2461.054       6638.694       6486.872    0.000  -0.139   0.381   0.
  2017 352 21 47 12 501 352.907783582      -1.15      1.72     -1.22  0.       -2462.276       6639.068       6485.997    0.000  -0.139   0.381   0.
  2017 352 21 47 13 501 352.907795156      -1.37      1.75     -0.89  0.       -2463.497       6639.442       6485.122    0.000  -0.139   0.381   0.
  2017 352 21 47 14 501 352.907806730      -0.98      1.52     -0.60  0.       -2464.718       6639.816       6484.247    0.000  -0.139   0.381   0.
  2017 352 21 47 15 501 352.907818304      -0.28      1.61     -0.90  0.       -2465.940       6640.189       6483.371    0.000  -0.139   0.381   0.
  2017 352 21 47 16 501 352.907829879      -0.91      1.50     -1.87  0.       -2467.161       6640.562       6482.495    0.000  -0.139   0.381   0.
  2017 352 21 47 17 501 352.907841452      -1.06      1.46     -2.06  0.       -2468.382       6640.935       6481.618    0.000  -0.139   0.381   0.
  2017 352 21 47 18 501 352.907853027      -1.80      1.46     -1.96  0.       -2469.602       6641.307       6480.742    0.000  -0.139   0.381   0.
  2017 352 21 47 19 501 352.907864601      -1.24      1.75     -0.82  0.       -2470.823       6641.679       6479.864    0.000  -0.139   0.381   0.
  2017 352 21 47 20 501 352.907876175      -0.55      2.05     -0.32  0.       -2472.044       6642.051       6478.987    0.000  -0.139   0.381   0.
  2017 352 21 47 21 501 352.907887749      -0.32      1.99     -0.74  0.       -2473.264       6642.423       6478.109    0.000  -0.139   0.381   0.
  2017 352 21 47 22 501 352.907899323      -0.10      1.79     -0.85  0.       -2474.485       6642.794       6477.231    0.000  -0.139   0.381   0.
  2017 352 21 47 23 501 352.907910897       0.02      1.53     -1.14  0.       -2475.705       6643.164       6476.353    0.000  -0.139   0.381   0.
  2017 352 21 47 24 501 352.907922471      -0.34      1.27     -1.28  0.       -2476.925       6643.535       6475.474    0.000  -0.139   0.381   0.
  2017 352 21 47 25 501 352.907934045      -0.54      1.41     -0.73  0.       -2478.145       6643.905       6474.595    0.000  -0.139   0.381   0.
  2017 352 21 47 26 501 352.907945619       0.14      1.66     -0.14  0.       -2479.365       6644.275       6473.716    0.000  -0.139   0.381   0.
  2017 352 21 47 27 501 352.907957193       0.56      1.37     -1.02  0.       -2480.585       6644.644       6472.836    0.000  -0.139   0.381   0.
  2017 352 21 47 28 501 352.907968767       0.15      1.28     -1.71  0.       -2481.805       6645.013       6471.957    0.000  -0.139   0.381   0.
  2017 352 21 47 29 501 352.907980341      -0.15      1.51     -1.83  0.       -2483.024       6645.382       6471.076    0.000  -0.139   0.381   0.
  2017 352 21 47 30 501 352.907991916      -0.40      1.70     -1.28  0.       -2484.243       6645.751       6470.196    0.000  -0.139   0.381   0.
  2017 352 21 47 31 501 352.908003490       0.06      1.56     -0.88  0.       -2485.463       6646.119       6469.315    0.000  -0.139   0.381   0.
  2017 352 21 47 32 501 352.908015064       0.36      1.51     -1.16  0.       -2486.682       6646.487       6468.434    0.000  -0.139   0.381   0.
  2017 352 21 47 33 501 352.908026638      -0.05      1.78     -1.04  0.       -2487.901       6646.854       6467.552    0.000  -0.139   0.381   0.
  2017 352 21 47 34 501 352.908038212       0.30      1.68     -1.00  0.       -2489.120       6647.222       6466.670    0.000  -0.139   0.381   0.
  2017 352 21 47 35 501 352.908049786      -0.08      1.48     -1.19  0.       -2490.339       6647.589       6465.788    0.000  -0.139   0.381   0.
  2017 352 21 47 36 501 352.908061360      -0.02      1.37     -1.01  0.       -2491.557       6647.955       6464.906    0.000  -0.139   0.381   0.
  2017 352 21 47 37 501 352.908072934      -0.34      1.41     -1.23  0.       -2492.776       6648.321       6464.023    0.000  -0.139   0.381   0.
  2017 352 21 47 38 501 352.908084508      -0.71      1.76     -0.64  0.       -2493.995       6648.687       6463.140    0.000  -0.139   0.381   0.
  2017 352 21 47 39 501 352.908096081      -0.47      2.01     -0.01  0.       -2495.213       6649.053       6462.257    0.000  -0.139   0.381   0.
  2017 352 21 47 40 501 352.908107653      -0.27      2.08      0.01  0.       -2496.431       6649.418       6461.373    0.000  -0.138   0.380   0.
  2017 352 21 47 41 501 352.908119227      -0.70      2.02      0.10  0.       -2497.649       6649.783       6460.489    0.000  -0.138   0.380   0.
  2017 352 21 47 42 501 352.908130802      -0.48      1.88     -0.48  0.       -2498.867       6650.148       6459.605    0.000  -0.139   0.381   0.
  2017 352 21 47 43 501 352.908142376      -0.97      1.85     -0.99  0.       -2500.085       6650.512       6458.720    0.000  -0.139   0.381   0.
  2017 352 21 47 44 501 352.908153950      -0.87      1.92     -1.08  0.       -2501.303       6650.876       6457.835    0.000  -0.139   0.381   0.
  2017 352 21 47 45 501 352.908165524      -1.03      2.01     -0.97  0.       -2502.520       6651.240       6456.950    0.000  -0.139   0.381   0.
  2017 352 21 47 46 501 352.908177098      -0.57      2.64     -2.03  0.       -2503.738       6651.603       6456.064    0.000  -0.138   0.380   0.
  2017 352 21 47 47 501 352.908188672      -1.27      3.29     -2.97  0.       -2504.955       6651.966       6455.179    0.000  -0.138   0.380   0.
  2017 352 21 47 48 501 352.908200246      -1.23      3.36     -2.13  0.       -2506.172       6652.329       6454.292    0.000  -0.139   0.381   0.
  2017 352 21 47 49 501 352.908211820      -0.19      2.97     -1.83  0.       -2507.390       6652.692       6453.406    0.000  -0.139   0.381   0.
  2017 352 21 47 50 501 352.908223394       0.28      2.06     -1.19  0.       -2508.607       6653.054       6452.519    0.000  -0.139   0.381   0.
  2017 352 21 47 51 501 352.908234968      -0.70      2.01     -0.95  0.       -2509.823       6653.415       6451.632    0.000  -0.139   0.381   0.
  2017 352 21 47 52 501 352.908246542      -0.56      2.09     -0.83  0.       -2511.040       6653.777       6450.745    0.000  -0.138   0.380   0.
  2017 352 21 47 53 501 352.908258116      -0.24      1.62     -0.65  0.       -2512.257       6654.138       6449.857    0.000  -0.138   0.380   0.
  2017 352 21 47 54 501 352.908269690      -0.21      1.73     -0.60  0.       -2513.473       6654.499       6448.969    0.000  -0.138   0.380   0.
  2017 352 21 47 55 501 352.908281264       0.46      1.61     -0.47  0.       -2514.690       6654.859       6448.080    0.000  -0.138   0.380   0.
  2017 352 21 47 56 501 352.908292839       0.46      1.46     -1.16  0.       -2515.906       6655.219       6447.192    0.000  -0.139   0.381   0.
  2017 352 21 47 57 501 352.908304413      -0.03      1.60     -1.24  0.       -2517.122       6655.579       6446.303    0.000  -0.139   0.381   0.
  2017 352 21 47 58 501 352.908315987      -0.07      2.00     -1.05  0.       -2518.338       6655.939       6445.413    0.000  -0.139   0.381   0.
  2017 352 21 47 59 501 352.908327561      -0.25      2.20     -1.07  0.       -2519.554       6656.298       6444.524    0.000  -0.139   0.381   0.
  2017 352 21 48  0 501 352.908339135      -0.52      2.22     -0.68  0.       -2520.770       6656.657       6443.634    0.000  -0.138   0.380   0.
  2017 352 21 48  1 501 352.908350709      -0.26      2.27     -0.61  0.       -2521.986       6657.015       6442.744    0.000  -0.138   0.380   0.
  2017 352 21 48  2 501 352.908362283      -0.37      2.20     -0.79  0.       -2523.201       6657.374       6441.853    0.000  -0.138   0.380   0.
  2017 352 21 48  3 501 352.908373857      -0.51      2.04     -0.73  0.       -2524.417       6657.732       6440.962    0.000  -0.138   0.380   0.
  2017 352 21 48  4 501 352.908385431      -0.37      1.82     -0.66  0.       -2525.632       6658.089       6440.071    0.000  -0.139   0.381   0.
  2017 352 21 48  5 501 352.908397005      -0.86      1.54     -0.20  0.       -2526.847       6658.446       6439.180    0.000  -0.139   0.381   0.
  2017 352 21 48  6 501 352.908408579       0.11      1.38      0.25  0.       -2528.062       6658.803       6438.288    0.000  -0.138   0.380   0.
  2017 352 21 48  7 501 352.908420152       0.49      1.77     -0.23  0.       -2529.277       6659.160       6437.396    0.000  -0.138   0.380   0.
  2017 352 21 48  8 500 352.908431725       0.33      1.89     -0.19  0.       -2530.492       6659.516       6436.503    0.000  -0.138   0.380   0.
  2017 352 21 48  9 500 352.908443299       0.34      1.84     -0.59  0.       -2531.707       6659.872       6435.611    0.000  -0.138   0.380   0.
  2017 352 21 48 10 501 352.908454873      -0.11      1.87     -0.80  0.       -2532.921       6660.228       6434.718    0.000  -0.139   0.381   0.
  2017 352 21 48 11 501 352.908466447      -0.08      2.09     -0.63  0.       -2534.136       6660.583       6433.824    0.000  -0.139   0.381   0.
  2017 352 21 48 12 501 352.908478021       0.46      2.26     -1.03  0.       -2535.350       6660.938       6432.931    0.000  -0.139   0.381   0.
  2017 352 21 48 13 501 352.908489595      -0.53      2.34     -1.32  0.       -2536.564       6661.293       6432.037    0.000  -0.139   0.381   0.
  2017 352 21 48 14 501 352.908501169      -0.68      2.49     -0.38  0.       -2537.778       6661.647       6431.142    0.000  -0.138   0.380   0.
  2017 352 21 48 15 500 352.908512743       0.18      2.50     -0.64  0.       -2538.992       6662.001       6430.248    0.000  -0.138   0.380   0.
  2017 352 21 48 16 500 352.908524317      -0.17      2.10     -1.45  0.       -2540.206       6662.355       6429.353    0.000  -0.138   0.380   0.
  2017 352 21 48 17 500 352.908535891      -0.95      1.91     -0.37  0.       -2541.420       6662.708       6428.458    0.000  -0.138   0.380   0.
  2017 352 21 48 18 500 352.908547465      -1.03      1.91      0.14  0.       -2542.633       6663.061       6427.562    0.000  -0.138   0.380   0.
  2017 352 21 48 19 501 352.908559039      -0.47      1.78      0.36  0.       -2543.847       6663.414       6426.666    0.000  -0.138   0.380   0.
  2017 352 21 48 20 501 352.908570613       0.36      1.59      0.32  0.       -2545.060       6663.767       6425.770    0.000  -0.138   0.380   0.
  2017 352 21 48 21 500 352.908582187       0.72      2.01     -0.81  0.       -2546.273       6664.118       6424.874    0.000  -0.138   0.380   0.
  2017 352 21 48 22 500 352.908593762      -0.03      2.24     -1.10  0.       -2547.486       6664.470       6423.977    0.000  -0.138   0.380   0.
  2017 352 21 48 23 501 352.908605336      -0.69      2.26     -0.78  0.       -2548.699       6664.822       6423.080    0.000  -0.138   0.380   0.
  2017 352 21 48 24 501 352.908616910      -0.72      1.96     -0.16  0.       -2549.912       6665.173       6422.182    0.000  -0.138   0.380   0.
  2017 352 21 48 25 501 352.908628484      -0.55      1.61      0.10  0.       -2551.125       6665.524       6421.285    0.000  -0.138   0.380   0.
  2017 352 21 48 26 501 352.908640058      -0.14      1.85     -0.50  0.       -2552.338       6665.875       6420.387    0.000  -0.139   0.381   0.
  2017 352 21 48 27 501 352.908651632      -0.83      2.11     -0.34  0.       -2553.550       6666.225       6419.488    0.000  -0.139   0.381   0.
  2017 352 21 48 28 500 352.908663206      -0.36      1.51      0.77  0.       -2554.762       6666.575       6418.590    0.000  -0.138   0.380   0.
  2017 352 21 48 29 500 352.908674780       0.80      1.59     -0.41  0.       -2555.975       6666.924       6417.691    0.000  -0.138   0.380   0.
  2017 352 21 48 30 500 352.908686354      -0.28      1.90     -0.99  0.       -2557.187       6667.273       6416.792    0.000  -0.138   0.380   0.
  2017 352 21 48 31 500 352.908697928      -0.51      1.95     -0.79  0.       -2558.399       6667.622       6415.892    0.000  -0.138   0.380   0.
  2017 352 21 48 32 500 352.908709502      -0.05      1.91     -0.41  0.       -2559.611       6667.971       6414.992    0.000  -0.138   0.380   0.
  2017 352 21 48 33 501 352.908721076      -0.06      1.77     -0.34  0.       -2560.822       6668.319       6414.092    0.000  -0.138   0.380   0.
  2017 352 21 48 34 501 352.908732650       0.52      1.64     -1.22  0.       -2562.034       6668.667       6413.191    0.000  -0.138   0.380   0.
  2017 352 21 48 35 500 352.908744225      -0.61      1.29     -1.46  0.       -2563.245       6669.014       6412.291    0.000  -0.138   0.380   0.
  2017 352 21 48 36 500 352.908755799      -0.26      1.71      0.13  0.       -2564.457       6669.362       6411.389    0.000  -0.138   0.380   0.
  2017 352 21 48 37 501 352.908767372       0.71      2.20     -0.77  0.       -2565.668       6669.709       6410.488    0.000  -0.138   0.380   0.
  2017 352 21 48 38 500 352.908778944       0.32      2.16     -0.79  0.       -2566.879       6670.055       6409.586    0.000  -0.138   0.380   0.
  2017 352 21 48 39 500 352.908790518      -0.34      1.82     -0.61  0.       -2568.090       6670.402       6408.684    0.000  -0.138   0.380   0.
  2017 352 21 48 40 500 352.908802092       0.18      1.97     -0.50  0.       -2569.301       6670.748       6407.782    0.000  -0.138   0.380   0.
  2017 352 21 48 41 500 352.908813666       0.15      1.86     -0.85  0.       -2570.512       6671.093       6406.879    0.000  -0.138   0.380   0.
  2017 352 21 48 42 500 352.908825240      -0.28      2.08     -0.81  0.       -2571.722       6671.439       6405.976    0.000  -0.138   0.380   0.
  2017 352 21 48 43 500 352.908836814      -0.08      2.09     -0.63  0.       -2572.933       6671.784       6405.073    0.000  -0.138   0.380   0.
  2017 352 21 48 44 500 352.908848388       0.00      1.91     -1.25  0.       -2574.143       6672.128       6404.169    0.000  -0.138   0.380   0.
  2017 352 21 48 45 500 352.908859962      -0.27      1.91     -0.73  0.       -2575.353       6672.473       6403.265    0.000  -0.138   0.380   0.
  2017 352 21 48 46 500 352.908871536       0.00      1.92     -0.87  0.       -2576.563       6672.817       6402.361    0.000  -0.139   0.381   0.
  2017 352 21 48 47 500 352.908883111       0.44      1.94     -0.47  0.       -2577.773       6673.160       6401.457    0.000  -0.139   0.381   0.
  2017 352 21 48 48 500 352.908894685       0.40      1.86     -0.82  0.       -2578.983       6673.504       6400.552    0.000  -0.139   0.381   0.
  2017 352 21 48 49 500 352.908906259       0.43      1.73     -0.98  0.       -2580.193       6673.847       6399.647    0.000  -0.139   0.381   0.
  2017 352 21 48 50 500 352.908917833       0.23      1.54     -0.96  0.       -2581.403       6674.190       6398.741    0.000  -0.139   0.381   0.
  2017 352 21 48 51 500 352.908929407       0.20      1.42     -1.28  0.       -2582.612       6674.532       6397.835    0.000  -0.139   0.381   0.
  2017 352 21 48 52 500 352.908940981      -0.26      1.43     -1.25  0.       -2583.822       6674.874       6396.929    0.000  -0.139   0.381   0.
  2017 352 21 48 53 500 352.908952555      -0.47      1.54     -1.36  0.       -2585.031       6675.216       6396.023    0.000  -0.139   0.381   0.
  2017 352 21 48 54 500 352.908964129      -0.58      1.51     -1.05  0.       -2586.240       6675.557       6395.116    0.000  -0.138   0.380   0.
  2017 352 21 48 55 500 352.908975703      -0.16      1.69     -1.12  0.       -2587.449       6675.899       6394.209    0.000  -0.138   0.380   0.
  2017 352 21 48 56 500 352.908987277      -0.20      1.67     -1.22  0.       -2588.658       6676.239       6393.302    0.000  -0.138   0.380   0.
  2017 352 21 48 57 500 352.908998851      -0.32      1.82     -1.20  0.       -2589.867       6676.580       6392.394    0.000  -0.138   0.380   0.
  2017 352 21 48 58 500 352.909010425      -0.61      1.58     -0.77  0.       -2591.075       6676.920       6391.486    0.000  -0.139   0.381   0.
  2017 352 21 48 59 500 352.909021999      -0.31      1.55     -0.44  0.       -2592.284       6677.260       6390.578    0.000  -0.139   0.381   0.
  2017 352 21 49  0 500 352.909033573      -0.14      1.84     -0.56  0.       -2593.492       6677.599       6389.670    0.000  -0.138   0.380   0.
  2017 352 21 49  1 500 352.909045148      -0.12      1.79     -0.48  0.       -2594.700       6677.939       6388.761    0.000  -0.138   0.380   0.
  2017 352 21 49  2 500 352.909056722       0.44      1.85     -1.16  0.       -2595.908       6678.278       6387.851    0.000  -0.139   0.381   0.
  2017 352 21 49  3 500 352.909068296      -0.02      1.53     -1.81  0.       -2597.116       6678.616       6386.942    0.000  -0.139   0.381   0.
  2017 352 21 49  4 500 352.909079870      -0.91      1.21     -2.42  0.       -2598.324       6678.954       6386.032    0.000  -0.138   0.380   0.
  2017 352 21 49  5 500 352.909091444      -0.26      1.61     -0.84  0.       -2599.532       6679.292       6385.122    0.000  -0.138   0.380   0.
  2017 352 21 49  6 500 352.909103018       0.94      2.55     -1.11  0.       -2600.739       6679.630       6384.212    0.000  -0.139   0.381   0.
  2017 352 21 49  7 500 352.909114591       0.55      2.55     -1.00  0.       -2601.947       6679.967       6383.301    0.000  -0.139   0.381   0.
  2017 352 21 49  8 500 352.909126163       0.27      2.07     -1.07  0.       -2603.154       6680.304       6382.390    0.000  -0.139   0.381   0.
  2017 352 21 49  9 500 352.909137737      -0.25      2.39     -1.75  0.       -2604.362       6680.641       6381.479    0.000  -0.139   0.381   0.
  2017 352 21 49 10 500 352.909149311      -1.67      2.91     -3.12  0.       -2605.569       6680.977       6380.567    0.000  -0.138   0.380   0.
  2017 352 21 49 11 500 352.909160885      -1.44      3.30     -1.48  0.       -2606.776       6681.313       6379.655    0.000  -0.138   0.380   0.
  2017 352 21 49 12 500 352.909172460      -0.20      2.06     -1.22  0.       -2607.983       6681.649       6378.743    0.000  -0.139   0.381   0.
  2017 352 21 49 13 500 352.909184034      -0.51      1.96     -1.53  0.       -2609.189       6681.984       6377.830    0.000  -0.139   0.381   0.
  2017 352 21 49 14 500 352.909195608      -0.82      1.68     -1.43  0.       -2610.396       6682.319       6376.917    0.000  -0.138   0.380   0.
  2017 352 21 49 15 500 352.909207182      -1.13      1.66     -1.08  0.       -2611.602       6682.654       6376.004    0.000  -0.138   0.380   0.
  2017 352 21 49 16 500 352.909218756      -0.43      1.76     -0.13  0.       -2612.809       6682.988       6375.090    0.000  -0.138   0.380   0.
  2017 352 21 49 17 500 352.909230330       0.03      2.22     -0.11  0.       -2614.015       6683.322       6374.177    0.000  -0.138   0.380   0.
  2017 352 21 49 18 500 352.909241904       0.03      2.27     -0.26  0.       -2615.221       6683.656       6373.263    0.000  -0.139   0.381   0.
  2017 352 21 49 19 500 352.909253478       0.12      2.11     -0.28  0.       -2616.427       6683.989       6372.348    0.000  -0.139   0.381   0.
  2017 352 21 49 20 500 352.909265052      -0.13      1.85     -0.81  0.       -2617.633       6684.322       6371.433    0.000  -0.138   0.380   0.
  2017 352 21 49 21 500 352.909276626      -0.51      1.92     -0.81  0.       -2618.838       6684.655       6370.518    0.000  -0.138   0.380   0.
  2017 352 21 49 22 500 352.909288200      -0.82      2.02     -0.66  0.       -2620.044       6684.987       6369.603    0.000  -0.139   0.381   0.
  2017 352 21 49 23 500 352.909299774      -0.82      2.04     -0.49  0.       -2621.250       6685.319       6368.687    0.000  -0.139   0.381   0.
  2017 352 21 49 24 500 352.909311348      -0.67      1.92     -0.06  0.       -2622.455       6685.651       6367.771    0.000  -0.138   0.380   0.
  2017 352 21 49 25 500 352.909322923       0.49      2.02     -0.62  0.       -2623.660       6685.983       6366.855    0.000  -0.138   0.380   0.
  2017 352 21 49 26 500 352.909334497       0.39      2.67     -1.68  0.       -2624.865       6686.314       6365.938    0.000  -0.138   0.380   0.
  2017 352 21 49 27 500 352.909346071      -0.44      3.68     -2.04  0.       -2626.070       6686.645       6365.022    0.000  -0.138   0.380   0.
  2017 352 21 49 28 500 352.909357645      -0.57      3.75     -1.75  0.       -2627.275       6686.975       6364.104    0.000  -0.138   0.380   0.
  2017 352 21 49 29 500 352.909369219      -0.27      3.21     -1.52  0.       -2628.480       6687.305       6363.187    0.000  -0.138   0.380   0.
  2017 352 21 49 30 500 352.909380793      -0.47      2.45     -2.08  0.       -2629.684       6687.635       6362.269    0.000  -0.138   0.380   0.
  2017 352 21 49 31 500 352.909392367      -0.81      1.48     -1.39  0.       -2630.889       6687.964       6361.351    0.000  -0.138   0.380   0.
  2017 352 21 49 32 500 352.909403941      -0.26      1.33     -1.37  0.       -2632.093       6688.294       6360.432    0.000  -0.138   0.380   0.
  2017 352 21 49 33 500 352.909415515      -0.31      1.56     -1.43  0.       -2633.297       6688.623       6359.514    0.000  -0.138   0.380   0.
  2017 352 21 49 34 500 352.909427089       0.25      1.92     -1.30  0.       -2634.501       6688.951       6358.595    0.000  -0.138   0.380   0.
  2017 352 21 49 35 500 352.909438663      -0.61      1.38     -2.28  0.       -2635.705       6689.279       6357.675    0.000  -0.138   0.380   0.
  2017 352 21 49 36 500 352.909450237      -1.55      1.55     -1.74  0.       -2636.909       6689.607       6356.755    0.000  -0.138   0.380   0.
  2017 352 21 49 37 500 352.909461810      -1.70      1.78     -1.27  0.       -2638.113       6689.935       6355.836    0.000  -0.138   0.380   0.
  2017 352 21 49 38 500 352.909473383      -1.58      2.06     -1.07  0.       -2639.316       6690.262       6354.915    0.000  -0.138   0.380   0.
  2017 352 21 49 39 500 352.909484957      -1.36      1.91     -1.04  0.       -2640.520       6690.589       6353.995    0.000  -0.138   0.380   0.
  2017 352 21 49 40 500 352.909496531      -1.00      1.80     -0.56  0.       -2641.723       6690.915       6353.074    0.000  -0.138   0.380   0.
  2017 352 21 49 41 500 352.909508105      -0.50      2.01     -0.54  0.       -2642.926       6691.242       6352.153    0.000  -0.138   0.380   0.
  2017 352 21 49 42 500 352.909519679      -0.42      2.75     -1.87  0.       -2644.129       6691.568       6351.231    0.000  -0.138   0.380   0.
  2017 352 21 49 43 500 352.909531253      -1.71      2.48     -1.85  0.       -2645.332       6691.893       6350.309    0.000  -0.138   0.380   0.
  2017 352 21 49 44 500 352.909542827      -2.10      2.10     -0.77  0.       -2646.535       6692.218       6349.387    0.000  -0.138   0.380   0.
  2017 352 21 49 45 500 352.909554401      -1.90      2.20     -0.35  0.       -2647.737       6692.543       6348.465    0.000  -0.138   0.380   0.
  2017 352 21 49 46 500 352.909565975      -1.36      2.31     -0.31  0.       -2648.940       6692.868       6347.542    0.000  -0.138   0.380   0.
  2017 352 21 49 47 500 352.909577549      -1.48      2.48     -1.12  0.       -2650.142       6693.192       6346.619    0.000  -0.138   0.380   0.
  2017 352 21 49 48 500 352.909589123      -1.89      2.35     -0.83  0.       -2651.345       6693.516       6345.695    0.000  -0.138   0.380   0.
  2017 352 21 49 49 500 352.909600697      -1.34      2.01     -0.69  0.       -2652.547       6693.840       6344.772    0.000  -0.138   0.380   0.
  2017 352 21 49 50 500 352.909612271      -1.23      1.52     -0.95  0.       -2653.749       6694.163       6343.848    0.000  -0.138   0.380   0.
  2017 352 21 49 51 500 352.909623846      -1.62      1.31     -0.05  0.       -2654.951       6694.486       6342.923    0.000  -0.138   0.380   0.
  2017 352 21 49 52 500 352.909635420      -1.28      2.06      0.90  0.       -2656.152       6694.809       6341.999    0.000  -0.138   0.380   0.
  2017 352 21 49 53 500 352.909646994      -0.34      1.94      1.17  0.       -2657.354       6695.132       6341.074    0.000  -0.138   0.380   0.
  2017 352 21 49 54 500 352.909658568      -0.18      2.93      1.15  0.       -2658.556       6695.454       6340.149    0.000  -0.138   0.380   0.
  2017 352 21 49 55 500 352.909670142       0.08      3.30      0.55  0.       -2659.757       6695.775       6339.223    0.000  -0.138   0.380   0.
  2017 352 21 49 56 500 352.909681716       0.07      3.06     -0.68  0.       -2660.958       6696.097       6338.297    0.000  -0.139   0.381   0.
  2017 352 21 49 57 500 352.909693290      -1.01      2.97     -0.79  0.       -2662.159       6696.418       6337.371    0.000  -0.139   0.381   0.
  2017 352 21 49 58 500 352.909704864      -1.42      2.54     -0.72  0.       -2663.360       6696.739       6336.445    0.000  -0.139   0.381   0.
  2017 352 21 49 59 500 352.909716438      -1.17      2.03     -0.64  0.       -2664.561       6697.059       6335.518    0.000  -0.139   0.381   0.
  2017 352 21 50  0 500 352.909728012      -0.97      1.76      0.23  0.       -2665.762       6697.379       6334.591    0.000  -0.139   0.381   0.
  2017 352 21 50  1 500 352.909739586      -0.16      1.67      0.56  0.       -2666.962       6697.699       6333.663    0.000  -0.139   0.381   0.
  2017 352 21 50  2 500 352.909751160       0.18      1.54      0.17  0.       -2668.163       6698.018       6332.736    0.000  -0.139   0.381   0.
  2017 352 21 50  3 500 352.909762734       0.41      1.59     -0.30  0.       -2669.363       6698.337       6331.808    0.000  -0.139   0.381   0.
  2017 352 21 50  4 500 352.909774308       0.89      1.76     -0.82  0.       -2670.564       6698.656       6330.880    0.000  -0.138   0.380   0.
  2017 352 21 50  5 500 352.909785883       0.91      1.79     -1.86  0.       -2671.764       6698.975       6329.951    0.000  -0.138   0.380   0.
  2017 352 21 50  6 500 352.909797457       0.51      2.00     -1.87  0.       -2672.964       6699.293       6329.022    0.000  -0.139   0.381   0.
  2017 352 21 50  7 500 352.909809030       0.40      1.85     -2.24  0.       -2674.163       6699.611       6328.093    0.000  -0.139   0.381   0.
  2017 352 21 50  8 500 352.909820602      -0.09      1.94     -1.55  0.       -2675.363       6699.928       6327.163    0.000  -0.139   0.381   0.
  2017 352 21 50  9 500 352.909832176      -0.38      1.88     -1.29  0.       -2676.563       6700.245       6326.234    0.000  -0.139   0.381   0.
  2017 352 21 50 10 499 352.909843750      -0.62      1.85     -1.11  0.       -2677.762       6700.562       6325.303    0.000  -0.139   0.381   0.
  2017 352 21 50 11 499 352.909855324      -0.83      1.98     -0.78  0.       -2678.961       6700.879       6324.373    0.000  -0.139   0.381   0.
  2017 352 21 50 12 499 352.909866898      -0.87      1.91     -0.74  0.       -2680.160       6701.195       6323.442    0.000  -0.138   0.380   0.
  2017 352 21 50 13 499 352.909878472      -0.66      1.85     -0.57  0.       -2681.360       6701.511       6322.511    0.000  -0.138   0.380   0.
  2017 352 21 50 14 499 352.909890046      -0.33      1.84     -0.26  0.       -2682.558       6701.827       6321.580    0.000  -0.139   0.381   0.
  2017 352 21 50 15 500 352.909901620       0.13      1.93     -0.57  0.       -2683.757       6702.142       6320.648    0.000  -0.139   0.381   0.
  2017 352 21 50 16 500 352.909913194      -0.47      2.19     -1.42  0.       -2684.956       6702.457       6319.716    0.000  -0.138   0.380   0.
  2017 352 21 50 17 499 352.909924769      -1.20      2.45     -1.34  0.       -2686.154       6702.771       6318.784    0.000  -0.138   0.380   0.
  2017 352 21 50 18 499 352.909936343      -0.87      2.17     -1.40  0.       -2687.353       6703.086       6317.851    0.000  -0.138   0.380   0.
  2017 352 21 50 19 500 352.909947917      -0.55      1.81     -0.83  0.       -2688.551       6703.399       6316.919    0.000  -0.138   0.380   0.
  2017 352 21 50 20 500 352.909959491       0.41      1.30     -1.05  0.       -2689.749       6703.713       6315.985    0.000  -0.138   0.380   0.
  2017 352 21 50 21 500 352.909971065       0.40      1.28     -1.59  0.       -2690.947       6704.026       6315.052    0.000  -0.138   0.380   0.
  2017 352 21 50 22 500 352.909982639      -0.32      1.19     -2.15  0.       -2692.145       6704.339       6314.118    0.000  -0.138   0.380   0.
  2017 352 21 50 23 500 352.909994213      -1.07      1.84     -1.26  0.       -2693.343       6704.652       6313.184    0.000  -0.138   0.380   0.
  2017 352 21 50 24 499 352.910005787      -0.82      2.87     -0.90  0.       -2694.540       6704.964       6312.250    0.000  -0.139   0.381   0.
  2017 352 21 50 25 499 352.910017361      -0.49      2.43     -0.74  0.       -2695.738       6705.276       6311.315    0.000  -0.139   0.381   0.
  2017 352 21 50 26 499 352.910028935      -0.28      2.43     -0.61  0.       -2696.935       6705.588       6310.380    0.000  -0.138   0.380   0.
  2017 352 21 50 27 499 352.910040509      -0.46      2.53     -0.39  0.       -2698.132       6705.899       6309.444    0.000  -0.138   0.380   0.
  2017 352 21 50 28 499 352.910052083       0.09      2.34     -0.80  0.       -2699.329       6706.210       6308.509    0.000  -0.139   0.381   0.
  2017 352 21 50 29 500 352.910063657      -0.18      1.57     -1.66  0.       -2700.526       6706.521       6307.573    0.000  -0.139   0.381   0.
  2017 352 21 50 30 500 352.910075232      -0.40      1.29     -1.66  0.       -2701.723       6706.831       6306.637    0.000  -0.138   0.380   0.
  2017 352 21 50 31 499 352.910086806      -0.76      2.16     -1.82  0.       -2702.920       6707.141       6305.700    0.000  -0.138   0.380   0.
  2017 352 21 50 32 499 352.910098380      -0.34      3.33     -1.50  0.       -2704.116       6707.451       6304.763    0.000  -0.138   0.380   0.
  2017 352 21 50 33 500 352.910109954       0.77      2.88     -2.36  0.       -2705.313       6707.761       6303.826    0.000  -0.138   0.380   0.
  2017 352 21 50 34 500 352.910121528      -0.16      2.76     -2.16  0.       -2706.509       6708.070       6302.889    0.000  -0.139   0.381   0.
  2017 352 21 50 35 500 352.910133102      -0.54      1.97     -2.11  0.       -2707.705       6708.378       6301.951    0.000  -0.139   0.381   0.
  2017 352 21 50 36 500 352.910144676      -0.56      1.64     -1.16  0.       -2708.901       6708.687       6301.013    0.000  -0.138   0.380   0.
  2017 352 21 50 37 500 352.910156249      -0.26      1.85     -0.89  0.       -2710.097       6708.995       6300.074    0.000  -0.138   0.380   0.
  2017 352 21 50 38 499 352.910167821       0.14      1.59     -1.09  0.       -2711.293       6709.303       6299.136    0.000  -0.139   0.381   0.
  2017 352 21 50 39 499 352.910179395      -0.16      1.52     -1.31  0.       -2712.489       6709.610       6298.197    0.000  -0.139   0.381   0.
  2017 352 21 50 40 499 352.910190969      -0.46      1.84     -1.34  0.       -2713.684       6709.917       6297.257    0.000  -0.138   0.380   0.
  2017 352 21 50 41 499 352.910202543      -0.40      1.98     -1.00  0.       -2714.880       6710.224       6296.318    0.000  -0.138   0.380   0.
  2017 352 21 50 42 499 352.910214117       0.04      1.96     -1.01  0.       -2716.075       6710.530       6295.378    0.000  -0.138   0.380   0.
  2017 352 21 50 43 499 352.910225692      -0.03      1.81     -0.54  0.       -2717.270       6710.837       6294.437    0.000  -0.138   0.380   0.
  2017 352 21 50 44 499 352.910237266       0.40      1.57     -0.49  0.       -2718.465       6711.142       6293.497    0.000  -0.139   0.381   0.
  2017 352 21 50 45 499 352.910248840       0.71      1.87     -1.57  0.       -2719.660       6711.448       6292.556    0.000  -0.139   0.381   0.
  2017 352 21 50 46 499 352.910260414      -0.51      1.96     -1.83  0.       -2720.855       6711.753       6291.615    0.000  -0.138   0.380   0.
  2017 352 21 50 47 499 352.910271988      -0.41      1.92     -0.81  0.       -2722.049       6712.058       6290.673    0.000  -0.138   0.380   0.
  2017 352 21 50 48 499 352.910283562      -0.63      1.92     -0.48  0.       -2723.244       6712.362       6289.732    0.000  -0.138   0.380   0.
  2017 352 21 50 49 499 352.910295136      -0.24      1.47     -0.68  0.       -2724.438       6712.667       6288.790    0.000  -0.138   0.380   0.
  2017 352 21 50 50 499 352.910306710      -0.20      2.01     -0.54  0.       -2725.632       6712.970       6287.847    0.000  -0.139   0.381   0.
  2017 352 21 50 51 499 352.910318284      -0.13      2.05     -0.83  0.       -2726.826       6713.274       6286.905    0.000  -0.139   0.381   0.
  2017 352 21 50 52 499 352.910329858      -0.54      1.93     -0.76  0.       -2728.020       6713.577       6285.962    0.000  -0.138   0.380   0.
  2017 352 21 50 53 499 352.910341432      -0.70      1.72     -0.33  0.       -2729.214       6713.880       6285.018    0.000  -0.138   0.380   0.
  2017 352 21 50 54 499 352.910353006       0.03      1.87     -0.60  0.       -2730.408       6714.183       6284.075    0.000  -0.139   0.381   0.
  2017 352 21 50 55 499 352.910364580       0.16      2.14     -0.74  0.       -2731.601       6714.485       6283.131    0.000  -0.139   0.381   0.
  2017 352 21 50 56 499 352.910376155      -0.18      1.46     -0.62  0.       -2732.794       6714.787       6282.187    0.000  -0.139   0.381   0.
  2017 352 21 50 57 499 352.910387729       0.44      1.48     -0.94  0.       -2733.988       6715.088       6281.242    0.000  -0.139   0.381   0.
  2017 352 21 50 58 499 352.910399303      -0.21      1.68     -1.33  0.       -2735.181       6715.390       6280.297    0.000  -0.138   0.380   0.
  2017 352 21 50 59 499 352.910410877      -0.36      1.56     -1.17  0.       -2736.374       6715.690       6279.352    0.000  -0.138   0.380   0.
  2017 352 21 51  0 499 352.910422451      -0.45      1.68     -1.34  0.       -2737.567       6715.991       6278.407    0.000  -0.139   0.381   0.
  2017 352 21 51  1 499 352.910434025      -0.66      1.93     -1.31  0.       -2738.759       6716.291       6277.461    0.000  -0.139   0.381   0.
  2017 352 21 51  2 499 352.910445599      -0.29      1.75     -0.73  0.       -2739.952       6716.591       6276.515    0.000  -0.138   0.380   0.
  2017 352 21 51  3 499 352.910457173      -0.13      1.51     -0.93  0.       -2741.144       6716.891       6275.569    0.000  -0.138   0.380   0.
  2017 352 21 51  4 499 352.910468747      -0.52      1.28     -0.79  0.       -2742.337       6717.190       6274.622    0.000  -0.139   0.381   0.
  2017 352 21 51  5 499 352.910480321      -0.20      1.27     -0.89  0.       -2743.529       6717.489       6273.675    0.000  -0.139   0.381   0.
  2017 352 21 51  6 499 352.910491895      -0.02      1.46     -0.82  0.       -2744.721       6717.788       6272.728    0.000  -0.138   0.380   0.
  2017 352 21 51  7 499 352.910503468       0.19      1.43     -1.05  0.       -2745.913       6718.086       6271.780    0.000  -0.138   0.380   0.
  2017 352 21 51  8 499 352.910515040       0.25      1.31     -1.01  0.       -2747.105       6718.384       6270.833    0.000  -0.138   0.380   0.
  2017 352 21 51  9 499 352.910526615       0.55      1.38     -0.91  0.       -2748.296       6718.682       6269.884    0.000  -0.138   0.380   0.
  2017 352 21 51 10 499 352.910538189       0.70      1.44     -1.00  0.       -2749.488       6718.979       6268.936    0.000  -0.139   0.381   0.
  2017 352 21 51 11 499 352.910549763       0.38      1.61     -0.98  0.       -2750.679       6719.276       6267.987    0.000  -0.139   0.381   0.
  2017 352 21 51 12 499 352.910561337       0.85      1.69     -0.71  0.       -2751.871       6719.573       6267.038    0.000  -0.139   0.381   0.
  2017 352 21 51 13 499 352.910572911       0.82      1.80     -1.61  0.       -2753.062       6719.869       6266.089    0.000  -0.139   0.381   0.
  2017 352 21 51 14 499 352.910584485       0.61      2.16     -1.25  0.       -2754.253       6720.165       6265.139    0.000  -0.138   0.380   0.
  2017 352 21 51 15 499 352.910596059       0.23      2.24     -0.84  0.       -2755.444       6720.461       6264.189    0.000  -0.138   0.380   0.
  2017 352 21 51 16 499 352.910607633       0.68      2.33     -0.34  0.       -2756.634       6720.757       6263.239    0.000  -0.139   0.381   0.
  2017 352 21 51 17 499 352.910619207       0.93      2.17     -0.67  0.       -2757.825       6721.052       6262.288    0.000  -0.139   0.381   0.
  2017 352 21 51 18 499 352.910630781       0.63      1.62     -1.34  0.       -2759.015       6721.346       6261.337    0.000  -0.139   0.381   0.
  2017 352 21 51 19 499 352.910642355      -0.29      1.31     -0.58  0.       -2760.206       6721.641       6260.386    0.000  -0.139   0.381   0.
  2017 352 21 51 20 499 352.910653929       0.24      1.57     -0.46  0.       -2761.396       6721.935       6259.435    0.000  -0.139   0.381   0.
  2017 352 21 51 21 499 352.910665504       0.57      1.71     -0.84  0.       -2762.586       6722.229       6258.483    0.000  -0.139   0.381   0.
  2017 352 21 51 22 499 352.910677078       0.39      1.69     -1.15  0.       -2763.776       6722.522       6257.531    0.000  -0.139   0.381   0.
  2017 352 21 51 23 499 352.910688652       0.24      1.82     -1.21  0.       -2764.966       6722.815       6256.578    0.000  -0.139   0.381   0.
  2017 352 21 51 24 499 352.910700226       0.30      1.54     -0.97  0.       -2766.155       6723.108       6255.626    0.000  -0.138   0.380   0.
  2017 352 21 51 25 499 352.910711800       0.69      1.54     -1.07  0.       -2767.345       6723.400       6254.673    0.000  -0.138   0.380   0.
  2017 352 21 51 26 499 352.910723374       0.63      1.75     -1.50  0.       -2768.534       6723.692       6253.719    0.000  -0.139   0.381   0.
  2017 352 21 51 27 499 352.910734948       0.41      1.85     -1.37  0.       -2769.724       6723.984       6252.766    0.000  -0.139   0.381   0.
  2017 352 21 51 28 499 352.910746522       0.31      1.51     -1.17  0.       -2770.913       6724.276       6251.812    0.000  -0.138   0.380   0.
  2017 352 21 51 29 499 352.910758096       0.46      1.79     -1.02  0.       -2772.102       6724.567       6250.857    0.000  -0.138   0.380   0.
  2017 352 21 51 30 499 352.910769670       0.35      2.73     -1.38  0.       -2773.291       6724.858       6249.903    0.000  -0.138   0.380   0.
  2017 352 21 51 31 499 352.910781244       0.50      2.71     -0.90  0.       -2774.479       6725.148       6248.948    0.000  -0.138   0.380   0.
  2017 352 21 51 32 499 352.910792818       0.08      2.43     -0.97  0.       -2775.668       6725.439       6247.993    0.000  -0.138   0.380   0.
  2017 352 21 51 33 499 352.910804392       0.35      1.72     -1.17  0.       -2776.856       6725.728       6247.037    0.000  -0.138   0.380   0.
  2017 352 21 51 34 499 352.910815966       0.34      1.70     -1.76  0.       -2778.045       6726.018       6246.082    0.000  -0.138   0.380   0.
  2017 352 21 51 35 499 352.910827541      -0.21      1.44     -1.89  0.       -2779.233       6726.307       6245.126    0.000  -0.138   0.380   0.
  2017 352 21 51 36 499 352.910839115      -0.30      1.50     -1.37  0.       -2780.421       6726.596       6244.169    0.000  -0.139   0.381   0.
  2017 352 21 51 37 499 352.910850688      -0.40      1.73     -1.19  0.       -2781.609       6726.885       6243.213    0.000  -0.139   0.381   0.
  2017 352 21 51 38 499 352.910862260      -0.29      1.70     -1.22  0.       -2782.797       6727.172       6242.256    0.000  -0.139   0.381   0.
  2017 352 21 51 39 499 352.910873834      -0.42      1.55     -1.48  0.       -2783.984       6727.461       6241.298    0.000  -0.139   0.381   0.
  2017 352 21 51 40 499 352.910885408      -0.81      1.34     -0.78  0.       -2785.172       6727.748       6240.341    0.000  -0.138   0.380   0.
  2017 352 21 51 41 499 352.910896982      -0.34      1.39     -0.63  0.       -2786.359       6728.035       6239.383    0.000  -0.138   0.380   0.
  2017 352 21 51 42 499 352.910908556      -0.05      1.66     -1.16  0.       -2787.546       6728.322       6238.425    0.000  -0.139   0.381   0.
  2017 352 21 51 43 499 352.910920130      -0.48      1.78     -1.41  0.       -2788.733       6728.609       6237.466    0.000  -0.139   0.381   0.
  2017 352 21 51 44 499 352.910931704      -0.72      1.53     -1.69  0.       -2789.920       6728.895       6236.508    0.000  -0.138   0.380   0.
  2017 352 21 51 45 499 352.910943278      -1.11      1.74     -1.10  0.       -2791.107       6729.181       6235.548    0.000  -0.138   0.380   0.
  2017 352 21 51 46 499 352.910954852      -0.84      2.05     -0.91  0.       -2792.294       6729.467       6234.589    0.000  -0.139   0.381   0.
  2017 352 21 51 47 499 352.910966427      -1.13      2.12     -1.05  0.       -2793.480       6729.752       6233.629    0.000  -0.139   0.381   0.
  2017 352 21 51 48 499 352.910978001      -1.22      2.00     -1.12  0.       -2794.667       6730.037       6232.669    0.000  -0.138   0.380   0.
  2017 352 21 51 49 499 352.910989575      -1.54      2.06     -0.69  0.       -2795.853       6730.322       6231.709    0.000  -0.138   0.380   0.
  2017 352 21 51 50 499 352.911001149      -1.04      2.13     -0.53  0.       -2797.039       6730.606       6230.748    0.000  -0.139   0.381   0.
  2017 352 21 51 51 499 352.911012723      -0.83      1.84     -0.31  0.       -2798.225       6730.890       6229.788    0.000  -0.139   0.381   0.
  2017 352 21 51 52 499 352.911024297      -1.13      1.54     -0.50  0.       -2799.411       6731.174       6228.826    0.000  -0.138   0.380   0.
  2017 352 21 51 53 499 352.911035871      -1.12      1.77     -0.54  0.       -2800.597       6731.457       6227.865    0.000  -0.138   0.380   0.
  2017 352 21 51 54 499 352.911047445      -0.68      1.96     -1.27  0.       -2801.783       6731.740       6226.903    0.000  -0.139   0.381   0.
  2017 352 21 51 55 499 352.911059019      -0.59      2.31     -1.25  0.       -2802.968       6732.022       6225.941    0.000  -0.139   0.381   0.
  2017 352 21 51 56 499 352.911070593      -0.88      2.42     -0.62  0.       -2804.153       6732.305       6224.978    0.000  -0.138   0.380   0.
  2017 352 21 51 57 499 352.911082167      -0.61      1.98     -0.38  0.       -2805.339       6732.587       6224.016    0.000  -0.138   0.380   0.
  2017 352 21 51 58 499 352.911093741      -0.63      1.80     -0.64  0.       -2806.524       6732.869       6223.053    0.000  -0.139   0.381   0.
  2017 352 21 51 59 499 352.911105315      -0.74      1.67     -0.73  0.       -2807.709       6733.150       6222.089    0.000  -0.139   0.381   0.
  2017 352 21 52  0 499 352.911116889      -0.75      1.76     -0.56  0.       -2808.893       6733.431       6221.126    0.000  -0.138   0.380   0.
  2017 352 21 52  1 499 352.911128464      -0.32      1.66     -0.47  0.       -2810.078       6733.712       6220.162    0.000  -0.138   0.380   0.
  2017 352 21 52  2 499 352.911140038      -0.05      2.01     -1.12  0.       -2811.262       6733.992       6219.198    0.000  -0.138   0.380   0.
  2017 352 21 52  3 499 352.911151612       0.31      2.16     -1.53  0.       -2812.447       6734.272       6218.233    0.000  -0.138   0.380   0.
  2017 352 21 52  4 499 352.911163186      -0.05      2.19     -2.16  0.       -2813.631       6734.552       6217.268    0.000  -0.138   0.380   0.
  2017 352 21 52  5 499 352.911174760      -0.43      2.13     -1.76  0.       -2814.815       6734.831       6216.303    0.000  -0.138   0.380   0.
  2017 352 21 52  6 499 352.911186334      -0.45      1.97     -1.40  0.       -2815.999       6735.110       6215.338    0.000  -0.138   0.380   0.
  2017 352 21 52  7 498 352.911197907      -0.78      1.78     -0.65  0.       -2817.183       6735.389       6214.372    0.000  -0.138   0.380   0.
  2017 352 21 52  8 498 352.911209479      -0.19      1.87     -0.60  0.       -2818.367       6735.667       6213.406    0.000  -0.139   0.381   0.
  2017 352 21 52  9 498 352.911221053      -0.22      2.11     -1.12  0.       -2819.550       6735.945       6212.439    0.000  -0.139   0.381   0.
  2017 352 21 52 10 498 352.911232627      -0.10      1.27     -1.11  0.       -2820.733       6736.223       6211.473    0.000  -0.138   0.380   0.
  2017 352 21 52 11 499 352.911244201       0.07      1.39     -1.72  0.       -2821.917       6736.501       6210.506    0.000  -0.138   0.380   0.
  2017 352 21 52 12 499 352.911255775      -0.35      2.42     -1.93  0.       -2823.100       6736.778       6209.539    0.000  -0.139   0.381   0.
  2017 352 21 52 13 498 352.911267350      -0.37      1.78     -2.21  0.       -2824.283       6737.055       6208.571    0.000  -0.139   0.381   0.
  2017 352 21 52 14 498 352.911278924      -0.41      1.98     -2.03  0.       -2825.466       6737.331       6207.603    0.000  -0.139   0.381   0.
  2017 352 21 52 15 499 352.911290498      -0.44      2.03     -1.69  0.       -2826.649       6737.607       6206.635    0.000  -0.139   0.381   0.
  2017 352 21 52 16 499 352.911302072      -0.32      2.05     -1.83  0.       -2827.831       6737.883       6205.667    0.000  -0.138   0.380   0.
  2017 352 21 52 17 499 352.911313646      -0.28      1.76     -1.48  0.       -2829.014       6738.159       6204.698    0.000  -0.138   0.380   0.
  2017 352 21 52 18 499 352.911325220      -0.16      1.73     -0.99  0.       -2830.196       6738.434       6203.729    0.000  -0.139   0.381   0.
  2017 352 21 52 19 499 352.911336794       0.24      1.60     -1.40  0.       -2831.378       6738.708       6202.759    0.000  -0.139   0.381   0.
  2017 352 21 52 20 498 352.911348368       0.16      1.39     -1.57  0.       -2832.560       6738.983       6201.790    0.000  -0.138   0.380   0.
  2017 352 21 52 21 498 352.911359942      -0.19      1.27     -1.96  0.       -2833.742       6739.257       6200.820    0.000  -0.138   0.380   0.
  2017 352 21 52 22 498 352.911371516      -1.06      1.17     -1.61  0.       -2834.924       6739.531       6199.850    0.000  -0.139   0.381   0.
  2017 352 21 52 23 498 352.911383090      -0.46      1.87     -0.88  0.       -2836.106       6739.804       6198.879    0.000  -0.139   0.381   0.
  2017 352 21 52 24 499 352.911394664       0.01      1.84     -1.26  0.       -2837.287       6740.078       6197.908    0.000  -0.139   0.381   0.
  2017 352 21 52 25 499 352.911406238      -0.29      2.17     -1.36  0.       -2838.468       6740.350       6196.937    0.000  -0.139   0.381   0.
  2017 352 21 52 26 499 352.911417813       0.28      1.73     -1.67  0.       -2839.650       6740.623       6195.965    0.000  -0.138   0.380   0.
  2017 352 21 52 27 498 352.911429387      -0.53      1.58     -1.12  0.       -2840.831       6740.895       6194.994    0.000  -0.138   0.380   0.
  2017 352 21 52 28 498 352.911440961      -1.15      2.35     -1.31  0.       -2842.012       6741.167       6194.022    0.000  -0.139   0.381   0.
  2017 352 21 52 29 499 352.911452535      -0.47      1.78     -3.12  0.       -2843.193       6741.439       6193.049    0.000  -0.139   0.381   0.
  2017 352 21 52 30 499 352.911464109      -0.14      2.04     -3.60  0.       -2844.373       6741.710       6192.076    0.000  -0.138   0.380   0.
  2017 352 21 52 31 499 352.911475683      -0.64      1.55     -3.62  0.       -2845.554       6741.981       6191.104    0.000  -0.138   0.380   0.
  2017 352 21 52 32 499 352.911487257      -0.31      1.39     -2.05  0.       -2846.734       6742.251       6190.130    0.000  -0.138   0.380   0.
  2017 352 21 52 33 498 352.911498831      -0.27      1.75     -1.89  0.       -2847.914       6742.522       6189.157    0.000  -0.138   0.380   0.
  2017 352 21 52 34 498 352.911510405       0.71      1.42     -3.12  0.       -2849.094       6742.791       6188.183    0.000  -0.138   0.380   0.
  2017 352 21 52 35 498 352.911521979       0.84      1.33     -2.04  0.       -2850.274       6743.061       6187.209    0.000  -0.138   0.380   0.
  2017 352 21 52 36 498 352.911533553       1.40      1.73     -2.31  0.       -2851.454       6743.330       6186.234    0.000  -0.139   0.381   0.
  2017 352 21 52 37 498 352.911545127       1.14      2.47     -2.96  0.       -2852.634       6743.599       6185.259    0.000  -0.139   0.381   0.
  2017 352 21 52 38 498 352.911556698       1.31      2.34     -2.50  0.       -2853.814       6743.868       6184.284    0.000  -0.139   0.381   0.
  2017 352 21 52 39 498 352.911568273       1.00      2.00     -1.83  0.       -2854.993       6744.136       6183.309    0.000  -0.139   0.381   0.
  2017 352 21 52 40 498 352.911579847       1.17      2.12     -1.40  0.       -2856.172       6744.404       6182.333    0.000  -0.138   0.380   0.
  2017 352 21 52 41 498 352.911591421      -0.29      2.54     -2.45  0.       -2857.351       6744.672       6181.357    0.000  -0.138   0.380   0.
  2017 352 21 52 42 498 352.911602995       1.14      1.53     -0.63  0.       -2858.530       6744.939       6180.381    0.000  -0.139   0.381   0.
  2017 352 21 52 43 498 352.911614569       2.11      1.64     -1.71  0.       -2859.709       6745.206       6179.404    0.000  -0.139   0.381   0.
  2017 352 21 52 44 498 352.911626143       1.44      2.42     -2.32  0.       -2860.888       6745.472       6178.427    0.000  -0.139   0.381   0.
  2017 352 21 52 45 498 352.911637717       1.67      1.48     -1.16  0.       -2862.067       6745.739       6177.450    0.000  -0.139   0.381   0.
  2017 352 21 52 46 498 352.911649291       1.98      1.11     -0.48  0.       -2863.245       6746.005       6176.473    0.000  -0.138   0.380   0.
  2017 352 21 52 47 498 352.911660865       1.16      2.29     -1.22  0.       -2864.423       6746.270       6175.495    0.000  -0.138   0.380   0.
  2017 352 21 52 48 498 352.911672439       0.96      2.19     -1.64  0.       -2865.601       6746.536       6174.517    0.000  -0.139   0.381   0.
  2017 352 21 52 49 498 352.911684013       0.14      2.20     -2.11  0.       -2866.780       6746.801       6173.538    0.000  -0.139   0.381   0.
  2017 352 21 52 50 498 352.911695587      -0.48      2.48     -1.65  0.       -2867.957       6747.065       6172.560    0.000  -0.139   0.381   0.
  2017 352 21 52 51 498 352.911707161      -0.19      2.55     -1.59  0.       -2869.135       6747.330       6171.581    0.000  -0.139   0.381   0.
  2017 352 21 52 52 498 352.911718736       0.69      1.74     -1.75  0.       -2870.313       6747.594       6170.601    0.000  -0.138   0.380   0.
  2017 352 21 52 53 498 352.911730310      -1.06      2.52     -2.93  0.       -2871.490       6747.857       6169.622    0.000  -0.138   0.380   0.
  2017 352 21 52 54 498 352.911741884      -1.40      2.08     -0.18  0.       -2872.668       6748.121       6168.642    0.000  -0.139   0.381   0.
  2017 352 21 52 55 498 352.911753458       0.71      1.70      0.33  0.       -2873.845       6748.384       6167.662    0.000  -0.139   0.381   0.
  2017 352 21 52 56 498 352.911765032       0.28      1.39      0.39  0.       -2875.022       6748.646       6166.681    0.000  -0.139   0.381   0.
  2017 352 21 52 57 498 352.911776606       1.11      1.72      0.66  0.       -2876.199       6748.909       6165.700    0.000  -0.139   0.381   0.
  2017 352 21 52 58 498 352.911788180       1.16      1.83     -1.61  0.       -2877.375       6749.171       6164.719    0.000  -0.138   0.380   0.
  2017 352 21 52 59 498 352.911799754      -0.61      2.12     -2.46  0.       -2878.552       6749.432       6163.738    0.000  -0.138   0.380   0.
  2017 352 21 53  0 498 352.911811328      -1.85      2.55     -0.75  0.       -2879.729       6749.694       6162.756    0.000  -0.139   0.381   0.
  2017 352 21 53  1 498 352.911822902      -0.87      2.06      0.34  0.       -2880.905       6749.955       6161.774    0.000  -0.139   0.381   0.
  2017 352 21 53  2 498 352.911834476      -1.41      1.67      1.47  0.       -2882.081       6750.216       6160.792    0.000  -0.139   0.381   0.
  2017 352 21 53  3 498 352.911846050      -0.25      1.68      1.38  0.       -2883.257       6750.476       6159.809    0.000  -0.139   0.381   0.
  2017 352 21 53  4 498 352.911857624       1.24      1.97     -1.01  0.       -2884.433       6750.736       6158.826    0.000  -0.139   0.381   0.
  2017 352 21 53  5 498 352.911869197       1.50      2.80     -2.24  0.       -2885.609       6750.996       6157.843    0.000  -0.139   0.381   0.
  2017 352 21 53  6 498 352.911880770       0.23      3.37     -3.76  0.       -2886.785       6751.255       6156.860    0.000  -0.138   0.380   0.
  2017 352 21 53  7 498 352.911892344      -0.81      3.21     -3.76  0.       -2887.960       6751.514       6155.876    0.000  -0.138   0.380   0.
  2017 352 21 53  8 498 352.911903918      -1.99      2.19     -3.25  0.       -2889.135       6751.773       6154.892    0.000  -0.138   0.380   0.
  2017 352 21 53  9 498 352.911915492      -2.33      2.49     -1.83  0.       -2890.311       6752.031       6153.907    0.000  -0.138   0.380   0.
  2017 352 21 53 10 498 352.911927066      -2.55      2.52     -1.54  0.       -2891.486       6752.290       6152.923    0.000  -0.138   0.380   0.
  2017 352 21 53 11 498 352.911938640      -2.04      3.50     -0.86  0.       -2892.661       6752.547       6151.938    0.000  -0.138   0.380   0.
  2017 352 21 53 12 498 352.911950214      -1.61      2.86      0.01  0.       -2893.836       6752.805       6150.952    0.000  -0.138   0.380   0.
  2017 352 21 53 13 498 352.911961788      -1.70      2.61      1.23  0.       -2895.010       6753.062       6149.967    0.000  -0.138   0.380   0.
  2017 352 21 53 14 498 352.911973362      -0.59      3.25     -0.86  0.       -2896.185       6753.319       6148.981    0.000  -0.138   0.380   0.
  2017 352 21 53 15 498 352.911984936       0.06      3.24     -0.86  0.       -2897.359       6753.575       6147.995    0.000  -0.138   0.380   0.
  2017 352 21 53 16 498 352.911996510      -0.70      2.84      0.01  0.       -2898.533       6753.831       6147.008    0.000  -0.138   0.380   0.
  2017 352 21 53 17 498 352.912008084      -1.22      3.13      0.17  0.       -2899.707       6754.087       6146.021    0.000  -0.138   0.380   0.
  2017 352 21 53 18 498 352.912019659      -0.81      2.50      0.76  0.       -2900.881       6754.343       6145.034    0.000  -0.138   0.380   0.
  2017 352 21 53 19 498 352.912031233      -0.34      2.31      0.51  0.       -2902.055       6754.598       6144.047    0.000  -0.138   0.380   0.
  2017 352 21 53 20 498 352.912042807      -0.03      2.28      0.31  0.       -2903.229       6754.852       6143.059    0.000  -0.138   0.380   0.
  2017 352 21 53 21 498 352.912054381      -0.13      2.62     -0.70  0.       -2904.402       6755.107       6142.071    0.000  -0.138   0.380   0.
  2017 352 21 53 22 498 352.912065955      -0.41      3.08     -1.14  0.       -2905.576       6755.361       6141.083    0.000  -0.138   0.380   0.
  2017 352 21 53 23 498 352.912077529      -0.89      2.99     -1.32  0.       -2906.749       6755.615       6140.094    0.000  -0.138   0.380   0.
  2017 352 21 53 24 498 352.912089103      -1.42      2.63     -0.53  0.       -2907.922       6755.868       6139.105    0.000  -0.138   0.380   0.
  2017 352 21 53 25 498 352.912100677      -0.68      2.31      0.11  0.       -2909.095       6756.122       6138.116    0.000  -0.138   0.380   0.
  2017 352 21 53 26 498 352.912112251      -0.51      2.11     -0.20  0.       -2910.268       6756.374       6137.127    0.000  -0.138   0.380   0.
  2017 352 21 53 27 498 352.912123825       0.47      2.18     -0.92  0.       -2911.441       6756.627       6136.137    0.000  -0.138   0.380   0.
  2017 352 21 53 28 498 352.912135399      -0.81      2.17     -2.07  0.       -2912.613       6756.879       6135.147    0.000  -0.138   0.380   0.
  2017 352 21 53 29 498 352.912146973      -1.07      2.11     -1.15  0.       -2913.786       6757.131       6134.156    0.000  -0.138   0.380   0.
  2017 352 21 53 30 498 352.912158547      -0.78      2.02     -0.74  0.       -2914.958       6757.382       6133.166    0.000  -0.138   0.380   0.
  2017 352 21 53 31 498 352.912170121      -0.64      2.24     -0.84  0.       -2916.130       6757.634       6132.175    0.000  -0.138   0.380   0.
  2017 352 21 53 32 498 352.912181696      -1.05      2.29     -0.87  0.       -2917.302       6757.884       6131.184    0.000  -0.138   0.380   0.
  2017 352 21 53 33 498 352.912193270      -0.97      1.78     -1.48  0.       -2918.474       6758.135       6130.191    0.000  -0.138   0.380   0.
  2017 352 21 53 34 498 352.912204844      -1.72      2.23     -1.56  0.       -2919.645       6758.385       6129.199    0.000  -0.139   0.381   0.
  2017 352 21 53 35 498 352.912216417      -1.46      2.51     -1.18  0.       -2920.817       6758.635       6128.208    0.000  -0.139   0.381   0.
  2017 352 21 53 36 498 352.912227989      -1.91      1.93     -1.81  0.       -2921.988       6758.885       6127.215    0.000  -0.138   0.380   0.
  2017 352 21 53 37 498 352.912239563      -1.74      2.23     -1.47  0.       -2923.160       6759.134       6126.223    0.000  -0.138   0.380   0.
  2017 352 21 53 38 498 352.912251137      -1.83      3.83     -1.22  0.       -2924.331       6759.383       6125.229    0.000  -0.138   0.380   0.
  2017 352 21 53 39 498 352.912262711      -2.96      4.37     -1.11  0.       -2925.502       6759.631       6124.236    0.000  -0.138   0.380   0.
  2017 352 21 53 40 498 352.912274285      -2.96      4.65     -0.52  0.       -2926.673       6759.880       6123.242    0.000  -0.138   0.380   0.
  2017 352 21 53 41 498 352.912285859      -2.97      4.69     -1.07  0.       -2927.843       6760.127       6122.248    0.000  -0.138   0.380   0.
  2017 352 21 53 42 498 352.912297433      -2.09      5.00     -1.63  0.       -2929.014       6760.375       6121.254    0.000  -0.138   0.380   0.
  2017 352 21 53 43 498 352.912309008      -1.99      4.80     -2.26  0.       -2930.184       6760.622       6120.260    0.000  -0.138   0.380   0.
  2017 352 21 53 44 498 352.912320582      -1.22      4.24     -2.03  0.       -2931.355       6760.869       6119.265    0.000  -0.138   0.380   0.
  2017 352 21 53 45 498 352.912332156      -1.38      4.00     -2.49  0.       -2932.525       6761.116       6118.270    0.000  -0.138   0.380   0.
  2017 352 21 53 46 498 352.912343730      -1.84      3.04     -1.30  0.       -2933.695       6761.362       6117.274    0.000  -0.138   0.380   0.
  2017 352 21 53 47 498 352.912355304      -1.46      2.92     -0.95  0.       -2934.865       6761.608       6116.278    0.000  -0.138   0.380   0.
  2017 352 21 53 48 498 352.912366878      -2.24      3.44     -0.84  0.       -2936.034       6761.854       6115.282    0.000  -0.138   0.380   0.
  2017 352 21 53 49 498 352.912378452      -1.63      2.83      0.77  0.       -2937.204       6762.099       6114.286    0.000  -0.138   0.380   0.
  2017 352 21 53 50 498 352.912390026       0.44      2.06      0.26  0.       -2938.373       6762.344       6113.289    0.000  -0.138   0.380   0.
  2017 352 21 53 51 498 352.912401600       1.18      1.84     -1.02  0.       -2939.542       6762.588       6112.292    0.000  -0.138   0.380   0.
  2017 352 21 53 52 498 352.912413174       0.84      2.02     -1.63  0.       -2940.712       6762.833       6111.295    0.000  -0.138   0.380   0.
  2017 352 21 53 53 498 352.912424748       0.70      1.94     -1.68  0.       -2941.880       6763.077       6110.298    0.000  -0.138   0.380   0.
  2017 352 21 53 54 498 352.912436322       0.68      1.65     -1.48  0.       -2943.049       6763.320       6109.300    0.000  -0.138   0.380   0.
  2017 352 21 53 55 498 352.912447896       0.62      1.56     -1.57  0.       -2944.218       6763.564       6108.302    0.000  -0.138   0.380   0.
  2017 352 21 53 56 498 352.912459470       0.10      2.09     -2.37  0.       -2945.387       6763.806       6107.303    0.000  -0.138   0.380   0.
  2017 352 21 53 57 498 352.912471045      -0.87      2.12     -1.05  0.       -2946.555       6764.049       6106.304    0.000  -0.138   0.380   0.
  2017 352 21 53 58 498 352.912482619      -0.10      1.84     -2.14  0.       -2947.723       6764.291       6105.305    0.000  -0.138   0.380   0.
  2017 352 21 53 59 498 352.912494193      -1.85      2.45     -1.77  0.       -2948.891       6764.533       6104.306    0.000  -0.138   0.380   0.
  2017 352 21 54  0 498 352.912505767      -0.45      2.56     -0.53  0.       -2950.060       6764.775       6103.306    0.000  -0.139   0.381   0.
  2017 352 21 54  1 498 352.912517341      -2.03      2.70     -1.67  0.       -2951.227       6765.016       6102.306    0.000  -0.139   0.381   0.
  2017 352 21 54  2 498 352.912528915      -3.28      2.99     -0.70  0.       -2952.395       6765.257       6101.306    0.000  -0.138   0.380   0.
  2017 352 21 54  3 498 352.912540489      -2.98      3.09     -0.42  0.       -2953.562       6765.498       6100.306    0.000  -0.138   0.380   0.
  2017 352 21 54  4 498 352.912552063      -2.48      3.13     -0.94  0.       -2954.730       6765.739       6099.305    0.000  -0.138   0.380   0.
  2017 352 21 54  5 498 352.912563637      -1.31      3.99     -1.37  0.       -2955.897       6765.978       6098.304    0.000  -0.138   0.380   0.
  2017 352 21 54  6 498 352.912575211      -1.35      4.07     -1.50  0.       -2957.064       6766.218       6097.302    0.000  -0.138   0.380   0.
  2017 352 21 54  7 498 352.912586784      -1.43      3.28     -0.79  0.       -2958.231       6766.457       6096.301    0.000  -0.138   0.380   0.
  2017 352 21 54  8 498 352.912598356      -1.12      3.11     -0.99  0.       -2959.398       6766.696       6095.298    0.000  -0.139   0.381   0.
  2017 352 21 54  9 497 352.912609931      -0.37      2.41     -1.15  0.       -2960.565       6766.935       6094.296    0.000  -0.139   0.381   0.
  2017 352 21 54 10 497 352.912621505      -0.95      2.15     -0.99  0.       -2961.731       6767.173       6093.294    0.000  -0.138   0.380   0.
  2017 352 21 54 11 498 352.912633079      -0.92      2.09     -0.82  0.       -2962.898       6767.411       6092.291    0.000  -0.138   0.380   0.
  2017 352 21 54 12 498 352.912644653      -0.17      1.69     -1.59  0.       -2964.064       6767.649       6091.287    0.000  -0.138   0.380   0.
  2017 352 21 54 13 498 352.912656227      -1.71      1.63     -2.94  0.       -2965.230       6767.886       6090.284    0.000  -0.138   0.380   0.
  2017 352 21 54 14 498 352.912667801      -3.15      1.94     -3.38  0.       -2966.396       6768.123       6089.280    0.000  -0.138   0.380   0.
  2017 352 21 54 15 498 352.912679375      -3.27      3.52     -2.86  0.       -2967.562       6768.360       6088.276    0.000  -0.138   0.380   0.
  2017 352 21 54 16 497 352.912690949      -1.61      3.48     -1.58  0.       -2968.727       6768.597       6087.272    0.000  -0.138   0.380   0.
  2017 352 21 54 17 497 352.912702523      -0.66      1.94     -0.92  0.       -2969.893       6768.833       6086.267    0.000  -0.138   0.380   0.
  2017 352 21 54 18 497 352.912714097      -0.82      1.98     -0.79  0.       -2971.058       6769.068       6085.262    0.000  -0.138   0.380   0.
  2017 352 21 54 19 497 352.912725671      -1.36      2.08     -1.03  0.       -2972.223       6769.304       6084.257    0.000  -0.138   0.380   0.
  2017 352 21 54 20 498 352.912737245      -1.06      2.23     -0.20  0.       -2973.389       6769.539       6083.251    0.000  -0.139   0.381   0.
  2017 352 21 54 21 498 352.912748819      -0.91      1.86     -0.33  0.       -2974.553       6769.773       6082.245    0.000  -0.139   0.381   0.
  2017 352 21 54 22 497 352.912760394      -0.97      1.71     -0.40  0.       -2975.718       6770.008       6081.239    0.000  -0.138   0.380   0.
  2017 352 21 54 23 497 352.912771968      -1.00      1.59      0.43  0.       -2976.883       6770.242       6080.233    0.000  -0.138   0.380   0.
  2017 352 21 54 24 498 352.912783542      -0.30      1.81     -0.25  0.       -2978.047       6770.476       6079.226    0.000  -0.138   0.380   0.
  2017 352 21 54 25 498 352.912795116      -0.39      2.19     -1.20  0.       -2979.212       6770.709       6078.219    0.000  -0.138   0.380   0.
  2017 352 21 54 26 498 352.912806690      -0.79      3.24     -1.83  0.       -2980.376       6770.942       6077.211    0.000  -0.138   0.380   0.
  2017 352 21 54 27 498 352.912818264      -0.08      3.27     -2.60  0.       -2981.540       6771.175       6076.204    0.000  -0.138   0.380   0.
  2017 352 21 54 28 498 352.912829838       0.29      2.05     -1.98  0.       -2982.704       6771.407       6075.196    0.000  -0.139   0.381   0.
  2017 352 21 54 29 497 352.912841412       1.14      1.88     -1.85  0.       -2983.868       6771.639       6074.188    0.000  -0.139   0.381   0.
  2017 352 21 54 30 497 352.912852986       1.68      1.97     -1.89  0.       -2985.031       6771.871       6073.179    0.000  -0.138   0.380   0.
  2017 352 21 54 31 497 352.912864560       2.11      2.31     -2.59  0.       -2986.195       6772.102       6072.170    0.000  -0.138   0.380   0.
  2017 352 21 54 32 497 352.912876134       0.69      2.19     -2.81  0.       -2987.358       6772.334       6071.161    0.000  -0.138   0.380   0.
  2017 352 21 54 33 497 352.912887708       0.16      1.96     -1.69  0.       -2988.521       6772.564       6070.152    0.000  -0.138   0.380   0.
  2017 352 21 54 34 498 352.912899282      -0.36      2.52     -2.17  0.       -2989.684       6772.795       6069.142    0.000  -0.139   0.381   0.
  2017 352 21 54 35 498 352.912910857      -0.96      2.36     -3.32  0.       -2990.847       6773.025       6068.132    0.000  -0.139   0.381   0.
  2017 352 21 54 36 497 352.912922431      -1.89      3.00     -5.07  0.       -2992.010       6773.255       6067.121    0.000  -0.138   0.380   0.
  2017 352 21 54 37 497 352.912934004      -2.34      3.54     -4.74  0.       -2993.173       6773.484       6066.111    0.000  -0.138   0.380   0.
  2017 352 21 54 38 497 352.912945576      -2.43      3.71     -3.87  0.       -2994.335       6773.713       6065.100    0.000  -0.138   0.380   0.
  2017 352 21 54 39 497 352.912957150      -2.60      4.02     -3.42  0.       -2995.497       6773.942       6064.089    0.000  -0.138   0.380   0.
  2017 352 21 54 40 497 352.912968724      -2.55      4.15     -3.22  0.       -2996.660       6774.170       6063.077    0.000  -0.139   0.381   0.
  2017 352 21 54 41 497 352.912980298      -2.57      4.00     -2.78  0.       -2997.822       6774.398       6062.065    0.000  -0.139   0.381   0.
  2017 352 21 54 42 497 352.912991872      -3.20      4.12     -3.24  0.       -2998.984       6774.626       6061.053    0.000  -0.138   0.380   0.
  2017 352 21 54 43 497 352.913003446      -2.98      4.77     -2.68  0.       -3000.145       6774.854       6060.041    0.000  -0.138   0.380   0.
  2017 352 21 54 44 497 352.913015020      -2.49      5.18     -1.78  0.       -3001.307       6775.081       6059.028    0.000  -0.138   0.380   0.
  2017 352 21 54 45 497 352.913026594      -1.92      4.10     -1.50  0.       -3002.468       6775.308       6058.015    0.000  -0.138   0.380   0.
  2017 352 21 54 46 497 352.913038168      -2.22      2.72     -2.60  0.       -3003.630       6775.534       6057.002    0.000  -0.139   0.381   0.
  2017 352 21 54 47 497 352.913049742      -1.66      2.60     -2.00  0.       -3004.791       6775.760       6055.988    0.000  -0.139   0.381   0.
  2017 352 21 54 48 497 352.913061317      -1.69      2.38     -2.37  0.       -3005.952       6775.986       6054.974    0.000  -0.139   0.381   0.
  2017 352 21 54 49 497 352.913072891      -2.05      2.93     -2.76  0.       -3007.113       6776.211       6053.960    0.000  -0.139   0.381   0.
  2017 352 21 54 50 497 352.913084465      -2.37      3.45     -2.55  0.       -3008.273       6776.437       6052.946    0.000  -0.138   0.380   0.
  2017 352 21 54 51 497 352.913096039      -2.28      3.53     -1.04  0.       -3009.434       6776.661       6051.931    0.000  -0.138   0.380   0.
  2017 352 21 54 52 497 352.913107613      -2.15      3.26     -1.38  0.       -3010.594       6776.886       6050.916    0.000  -0.139   0.381   0.
  2017 352 21 54 53 497 352.913119187      -2.05      2.46     -1.43  0.       -3011.755       6777.109       6049.901    0.000  -0.139   0.381   0.
  2017 352 21 54 54 497 352.913130761      -1.57      2.18     -0.36  0.       -3012.915       6777.333       6048.885    0.000  -0.139   0.381   0.
  2017 352 21 54 55 497 352.913142335      -0.87      2.45     -0.73  0.       -3014.075       6777.557       6047.869    0.000  -0.139   0.381   0.
  2017 352 21 54 56 497 352.913153909      -0.56      2.19     -0.49  0.       -3015.234       6777.780       6046.853    0.000  -0.138   0.380   0.
  2017 352 21 54 57 497 352.913165483       0.00      2.15     -1.69  0.       -3016.394       6778.003       6045.836    0.000  -0.138   0.380   0.
  2017 352 21 54 58 497 352.913177057      -0.76      2.16     -2.49  0.       -3017.554       6778.226       6044.819    0.000  -0.139   0.381   0.
  2017 352 21 54 59 497 352.913188631      -1.16      2.21     -2.67  0.       -3018.713       6778.448       6043.802    0.000  -0.139   0.381   0.
  2017 352 21 55  0 497 352.913200205      -0.73      3.49     -2.15  0.       -3019.872       6778.670       6042.785    0.000  -0.139   0.381   0.
  2017 352 21 55  1 497 352.913211780      -0.48      3.40     -1.89  0.       -3021.031       6778.891       6041.767    0.000  -0.139   0.381   0.
  2017 352 21 55  2 497 352.913223354      -0.23      2.76     -3.08  0.       -3022.190       6779.112       6040.749    0.000  -0.139   0.381   0.
  2017 352 21 55  3 497 352.913234928      -2.79      3.21     -2.35  0.       -3023.349       6779.333       6039.731    0.000  -0.139   0.381   0.
  2017 352 21 55  4 497 352.913246502      -2.44      3.14     -1.94  0.       -3024.508       6779.554       6038.712    0.000  -0.138   0.380   0.
  2017 352 21 55  5 497 352.913258075      -2.24      3.55     -1.76  0.       -3025.666       6779.774       6037.693    0.000  -0.138   0.380   0.
  2017 352 21 55  6 497 352.913269647      -1.78      3.70     -2.18  0.       -3026.825       6779.994       6036.674    0.000  -0.139   0.381   0.
  2017 352 21 55  7 497 352.913281221      -1.56      2.97     -1.99  0.       -3027.983       6780.213       6035.655    0.000  -0.139   0.381   0.
  2017 352 21 55  8 497 352.913292795       0.14      2.48     -2.51  0.       -3029.141       6780.432       6034.635    0.000  -0.139   0.381   0.
  2017 352 21 55  9 497 352.913304369      -0.47      1.75     -3.00  0.       -3030.299       6780.651       6033.615    0.000  -0.139   0.381   0.
  2017 352 21 55 10 497 352.913315943      -0.68      1.70     -4.05  0.       -3031.456       6780.870       6032.594    0.000  -0.138   0.380   0.
  2017 352 21 55 11 497 352.913327517      -0.79      2.46     -5.61  0.       -3032.614       6781.088       6031.574    0.000  -0.138   0.380   0.
  2017 352 21 55 12 497 352.913339091      -1.53      1.90     -6.04  0.       -3033.771       6781.306       6030.553    0.000  -0.138   0.380   0.
  2017 352 21 55 13 497 352.913350666      -1.67      2.93     -4.89  0.       -3034.929       6781.523       6029.531    0.000  -0.138   0.380   0.
  2017 352 21 55 14 497 352.913362240      -1.82      3.61     -5.00  0.       -3036.086       6781.740       6028.510    0.000  -0.139   0.381   0.
  2017 352 21 55 15 497 352.913373814      -2.08      4.05     -4.36  0.       -3037.243       6781.957       6027.488    0.000  -0.139   0.381   0.
  2017 352 21 55 16 497 352.913385388      -0.55      3.34     -4.92  0.       -3038.400       6782.174       6026.466    0.000  -0.138   0.380   0.
  2017 352 21 55 17 497 352.913396962      -0.65      3.19     -3.34  0.       -3039.557       6782.390       6025.443    0.000  -0.138   0.380   0.
  2017 352 21 55 18 497 352.913408536      -1.47      2.71     -2.07  0.       -3040.713       6782.606       6024.421    0.000  -0.138   0.380   0.
  2017 352 21 55 19 497 352.913420110      -0.01      2.22     -1.69  0.       -3041.870       6782.821       6023.398    0.000  -0.138   0.380   0.
  2017 352 21 55 20 497 352.913431684      -0.88      2.50     -3.24  0.       -3043.026       6783.037       6022.374    0.000  -0.138   0.380   0.
  2017 352 21 55 21 497 352.913443258      -2.79      3.41     -1.68  0.       -3044.182       6783.252       6021.351    0.000  -0.138   0.380   0.
  2017 352 21 55 22 497 352.913454832      -0.68      2.16     -0.65  0.       -3045.338       6783.466       6020.327    0.000  -0.139   0.381   0.
  2017 352 21 55 23 497 352.913466406       0.08      2.47     -0.73  0.       -3046.494       6783.680       6019.303    0.000  -0.139   0.381   0.
  2017 352 21 55 24 497 352.913477980      -0.51      2.68     -2.14  0.       -3047.649       6783.894       6018.278    0.000  -0.139   0.381   0.
  2017 352 21 55 25 497 352.913489554      -1.45      1.79     -0.97  0.       -3048.805       6784.108       6017.253    0.000  -0.139   0.381   0.
  2017 352 21 55 26 497 352.913501129      -1.33      3.03     -2.32  0.       -3049.960       6784.321       6016.228    0.000  -0.138   0.380   0.
  2017 352 21 55 27 497 352.913512703      -0.88      3.35     -2.11  0.       -3051.116       6784.534       6015.203    0.000  -0.138   0.380   0.
  2017 352 21 55 28 497 352.913524277      -0.81      3.13     -3.19  0.       -3052.271       6784.746       6014.177    0.000  -0.139   0.381   0.
  2017 352 21 55 29 497 352.913535851      -1.32      1.88     -3.06  0.       -3053.426       6784.959       6013.151    0.000  -0.139   0.381   0.
  2017 352 21 55 30 497 352.913547425      -1.45      2.32     -4.26  0.       -3054.580       6785.170       6012.125    0.000  -0.138   0.380   0.
  2017 352 21 55 31 497 352.913558999      -1.37      2.44     -3.63  0.       -3055.735       6785.382       6011.098    0.000  -0.138   0.380   0.
  2017 352 21 55 32 497 352.913570573      -1.67      3.50     -2.02  0.       -3056.889       6785.593       6010.071    0.000  -0.138   0.380   0.
  2017 352 21 55 33 497 352.913582147      -0.90      4.24     -2.28  0.       -3058.044       6785.804       6009.044    0.000  -0.138   0.380   0.
  2017 352 21 55 34 497 352.913593721      -1.64      4.24     -3.73  0.       -3059.198       6786.015       6008.017    0.000  -0.139   0.381   0.
  2017 352 21 55 35 497 352.913605294      -1.79      3.80     -3.55  0.       -3060.352       6786.225       6006.989    0.000  -0.139   0.381   0.
  2017 352 21 55 36 497 352.913616866      -2.86      4.64     -3.19  0.       -3061.506       6786.435       6005.961    0.000  -0.138   0.380   0.
  2017 352 21 55 37 497 352.913628440      -2.58      4.72     -2.03  0.       -3062.660       6786.644       6004.933    0.000  -0.138   0.380   0.
  2017 352 21 55 38 497 352.913640014      -0.45      2.98     -1.37  0.       -3063.813       6786.854       6003.904    0.000  -0.139   0.381   0.
  2017 352 21 55 39 497 352.913651589      -0.14      2.06     -1.17  0.       -3064.967       6787.062       6002.875    0.000  -0.139   0.381   0.
  2017 352 21 55 40 497 352.913663163      -0.48      2.09     -1.75  0.       -3066.120       6787.271       6001.846    0.000  -0.138   0.380   0.
  2017 352 21 55 41 497 352.913674737      -2.30      2.03     -2.50  0.       -3067.273       6787.479       6000.816    0.000  -0.138   0.380   0.
  2017 352 21 55 42 497 352.913686311      -4.17      2.17     -2.24  0.       -3068.426       6787.687       5999.787    0.000  -0.139   0.381   0.
  2017 352 21 55 43 497 352.913697885      -3.20      2.05     -1.27  0.       -3069.579       6787.895       5998.756    0.000  -0.139   0.381   0.
  2017 352 21 55 44 497 352.913709459      -1.31      1.80     -1.16  0.       -3070.732       6788.102       5997.726    0.000  -0.139   0.381   0.
  2017 352 21 55 45 497 352.913721033      -1.57      2.21     -2.41  0.       -3071.884       6788.309       5996.695    0.000  -0.139   0.381   0.
  2017 352 21 55 46 497 352.913732607      -2.23      2.39     -1.75  0.       -3073.036       6788.515       5995.664    0.000  -0.139   0.381   0.
  2017 352 21 55 47 497 352.913744181      -1.09      3.07     -1.05  0.       -3074.189       6788.722       5994.633    0.000  -0.139   0.381   0.
  2017 352 21 55 48 497 352.913755755      -0.56      3.98     -2.13  0.       -3075.341       6788.928       5993.602    0.000  -0.139   0.381   0.
  2017 352 21 55 49 497 352.913767329      -1.59      2.93     -3.33  0.       -3076.493       6789.133       5992.570    0.000  -0.139   0.381   0.
  2017 352 21 55 50 497 352.913778903      -1.95      2.56     -3.22  0.       -3077.644       6789.339       5991.538    0.000  -0.139   0.381   0.
  2017 352 21 55 51 497 352.913790477      -1.73      1.90     -4.07  0.       -3078.796       6789.543       5990.505    0.000  -0.139   0.381   0.
  2017 352 21 55 52 497 352.913802052      -1.08      0.98     -4.29  0.       -3079.948       6789.748       5989.472    0.000  -0.139   0.381   0.
  2017 352 21 55 53 497 352.913813626      -0.16      1.39     -4.15  0.       -3081.099       6789.952       5988.439    0.000  -0.139   0.381   0.
  2017 352 21 55 54 497 352.913825200       0.21      1.28     -5.08  0.       -3082.250       6790.156       5987.406    0.000  -0.139   0.381   0.
  2017 352 21 55 55 497 352.913836774      -0.85      2.14     -4.80  0.       -3083.401       6790.360       5986.372    0.000  -0.139   0.381   0.
  2017 352 21 55 56 497 352.913848348      -0.74      3.08     -5.67  0.       -3084.552       6790.563       5985.339    0.000  -0.139   0.381   0.
  2017 352 21 55 57 497 352.913859922      -0.53      1.99     -5.86  0.       -3085.703       6790.766       5984.304    0.000  -0.139   0.381   0.
  2017 352 21 55 58 497 352.913871496      -0.26      2.46     -5.55  0.       -3086.853       6790.969       5983.270    0.000  -0.139   0.381   0.
  2017 352 21 55 59 497 352.913883070      -0.58      2.17     -5.12  0.       -3088.004       6791.171       5982.235    0.000  -0.139   0.381   0.
  2017 352 21 56  0 497 352.913894644      -0.29      2.78     -4.02  0.       -3089.154       6791.373       5981.200    0.000  -0.139   0.381   0.
  2017 352 21 56  1 497 352.913906218      -0.47      3.14     -2.67  0.       -3090.304       6791.574       5980.165    0.000  -0.139   0.381   0.
  2017 352 21 56  2 497 352.913917792      -0.21      2.61     -2.93  0.       -3091.454       6791.776       5979.129    0.000  -0.139   0.381   0.
  2017 352 21 56  3 497 352.913929366       0.02      2.13     -3.63  0.       -3092.604       6791.976       5978.093    0.000  -0.139   0.381   0.
  2017 352 21 56  4 497 352.913940940      -0.46      1.77     -4.89  0.       -3093.754       6792.177       5977.057    0.000  -0.139   0.381   0.
  2017 352 21 56  5 496 352.913952513      -1.45      2.75     -5.58  0.       -3094.903       6792.377       5976.020    0.000  -0.139   0.381   0.
  2017 352 21 56  6 497 352.913964086      -1.44      3.37     -3.87  0.       -3096.052       6792.577       5974.983    0.000  -0.139   0.381   0.
  2017 352 21 56  7 497 352.913975660      -1.50      4.09     -2.95  0.       -3097.202       6792.777       5973.946    0.000  -0.139   0.381   0.
  2017 352 21 56  8 497 352.913987234      -0.82      4.48     -3.24  0.       -3098.351       6792.976       5972.909    0.000  -0.139   0.381   0.
  2017 352 21 56  9 497 352.913998808      -1.02      3.13     -2.66  0.       -3099.500       6793.175       5971.871    0.000  -0.139   0.381   0.
  2017 352 21 56 10 497 352.914010382      -0.83      2.16     -1.48  0.       -3100.648       6793.374       5970.833    0.000  -0.139   0.381   0.
  2017 352 21 56 11 496 352.914021956      -0.74      2.34     -1.20  0.       -3101.797       6793.572       5969.795    0.000  -0.139   0.381   0.
  2017 352 21 56 12 496 352.914033530      -0.30      1.76     -0.65  0.       -3102.945       6793.770       5968.756    0.000  -0.139   0.381   0.
  2017 352 21 56 13 496 352.914045104       0.03      1.88     -1.15  0.       -3104.094       6793.967       5967.717    0.000  -0.139   0.381   0.
  2017 352 21 56 14 496 352.914056678       0.17      1.67     -1.28  0.       -3105.242       6794.165       5966.678    0.000  -0.139   0.381   0.
  2017 352 21 56 15 496 352.914068252       0.53      2.08     -1.80  0.       -3106.390       6794.362       5965.638    0.000  -0.139   0.381   0.
  2017 352 21 56 16 497 352.914079826       0.20      2.00     -2.14  0.       -3107.538       6794.558       5964.599    0.000  -0.139   0.381   0.
  2017 352 21 56 17 497 352.914091400      -0.27      2.41     -2.51  0.       -3108.685       6794.755       5963.559    0.000  -0.139   0.381   0.
  2017 352 21 56 18 496 352.914102975      -1.73      2.38     -3.11  0.       -3109.833       6794.950       5962.518    0.000  -0.139   0.381   0.
  2017 352 21 56 19 496 352.914114549      -2.01      2.20     -1.51  0.       -3110.980       6795.146       5961.478    0.000  -0.139   0.381   0.
  2017 352 21 56 20 497 352.914126123      -1.89      3.04     -0.82  0.       -3112.127       6795.341       5960.437    0.000  -0.139   0.381   0.
  2017 352 21 56 21 497 352.914137697      -0.25      1.97     -0.27  0.       -3113.275       6795.536       5959.396    0.000  -0.139   0.381   0.
  2017 352 21 56 22 497 352.914149271       0.67      2.08      0.26  0.       -3114.421       6795.731       5958.354    0.000  -0.139   0.381   0.
  2017 352 21 56 23 497 352.914160845       1.40      1.85      0.80  0.       -3115.568       6795.925       5957.312    0.000  -0.139   0.381   0.
  2017 352 21 56 24 497 352.914172419      -0.03      1.24      1.10  0.       -3116.715       6796.119       5956.270    0.000  -0.139   0.381   0.
  2017 352 21 56 25 496 352.914183993      -0.51      1.81      1.29  0.       -3117.861       6796.313       5955.228    0.000  -0.139   0.381   0.
  2017 352 21 56 26 496 352.914195567       0.29      2.22      0.39  0.       -3119.008       6796.506       5954.185    0.000  -0.138   0.380   0.
  2017 352 21 56 27 496 352.914207141       0.30      2.31     -0.71  0.       -3120.154       6796.699       5953.142    0.000  -0.138   0.380   0.
  2017 352 21 56 28 496 352.914218715      -0.49      2.12     -1.23  0.       -3121.300       6796.892       5952.099    0.000  -0.138   0.380   0.
  2017 352 21 56 29 496 352.914230289      -1.44      2.18     -0.85  0.       -3122.446       6797.084       5951.055    0.000  -0.138   0.380   0.
  2017 352 21 56 30 497 352.914241863      -1.85      2.18     -0.48  0.       -3123.591       6797.276       5950.011    0.000  -0.138   0.380   0.
  2017 352 21 56 31 497 352.914253438      -1.98      2.31      0.06  0.       -3124.737       6797.467       5948.967    0.000  -0.138   0.380   0.
  2017 352 21 56 32 496 352.914265012      -1.19      2.43      0.31  0.       -3125.882       6797.659       5947.923    0.000  -0.139   0.381   0.
  2017 352 21 56 33 497 352.914276586      -0.60      2.17     -0.82  0.       -3127.028       6797.850       5946.878    0.000  -0.139   0.381   0.
  2017 352 21 56 34 497 352.914288160      -1.78      1.71     -1.22  0.       -3128.173       6798.040       5945.833    0.000  -0.138   0.380   0.
  2017 352 21 56 35 497 352.914299733      -2.77      1.32     -1.15  0.       -3129.318       6798.230       5944.788    0.000  -0.138   0.380   0.
  2017 352 21 56 36 496 352.914311305      -2.36      1.62     -1.33  0.       -3130.462       6798.420       5943.742    0.000  -0.138   0.380   0.
  2017 352 21 56 37 496 352.914322879      -1.86      2.17     -2.31  0.       -3131.607       6798.610       5942.696    0.000  -0.138   0.380   0.
  2017 352 21 56 38 496 352.914334453      -1.66      3.09     -2.61  0.       -3132.752       6798.799       5941.650    0.000  -0.139   0.381   0.
  2017 352 21 56 39 496 352.914346027      -1.85      3.67     -2.95  0.       -3133.896       6798.988       5940.604    0.000  -0.139   0.381   0.
  2017 352 21 56 40 496 352.914357601      -2.03      4.02     -3.26  0.       -3135.040       6799.177       5939.557    0.000  -0.138   0.380   0.
  2017 352 21 56 41 496 352.914369175      -1.51      3.89     -3.74  0.       -3136.184       6799.365       5938.510    0.000  -0.138   0.380   0.
  2017 352 21 56 42 496 352.914380749      -1.17      3.10     -5.03  0.       -3137.328       6799.553       5937.462    0.000  -0.138   0.380   0.
  2017 352 21 56 43 496 352.914392323      -1.51      3.16     -5.17  0.       -3138.472       6799.741       5936.415    0.000  -0.138   0.380   0.
  2017 352 21 56 44 496 352.914403898      -1.95      2.60     -4.83  0.       -3139.615       6799.928       5935.367    0.000  -0.138   0.380   0.
  2017 352 21 56 45 496 352.914415472      -1.90      2.72     -4.77  0.       -3140.758       6800.115       5934.318    0.000  -0.138   0.380   0.
  2017 352 21 56 46 496 352.914427046      -1.36      3.02     -3.84  0.       -3141.902       6800.302       5933.270    0.000  -0.139   0.381   0.
  2017 352 21 56 47 496 352.914438620      -1.38      3.53     -3.50  0.       -3143.045       6800.488       5932.221    0.000  -0.139   0.381   0.
  2017 352 21 56 48 496 352.914450194      -1.73      4.43     -2.79  0.       -3144.188       6800.674       5931.172    0.000  -0.138   0.380   0.
  2017 352 21 56 49 496 352.914461768      -1.08      4.76     -2.65  0.       -3145.331       6800.859       5930.123    0.000  -0.138   0.380   0.
  2017 352 21 56 50 496 352.914473342      -0.38      4.89     -3.08  0.       -3146.473       6801.045       5929.073    0.000  -0.138   0.380   0.
  2017 352 21 56 51 496 352.914484916      -0.78      4.98     -3.22  0.       -3147.616       6801.230       5928.023    0.000  -0.138   0.380   0.
  2017 352 21 56 52 496 352.914496490      -1.54      4.05     -2.91  0.       -3148.758       6801.414       5926.973    0.000  -0.139   0.381   0.
  2017 352 21 56 53 496 352.914508064      -1.35      3.33     -3.25  0.       -3149.900       6801.599       5925.922    0.000  -0.139   0.381   0.
  2017 352 21 56 54 496 352.914519638      -1.47      3.55     -3.51  0.       -3151.042       6801.782       5924.871    0.000  -0.138   0.380   0.
  2017 352 21 56 55 496 352.914531212      -1.85      3.22     -2.59  0.       -3152.184       6801.966       5923.820    0.000  -0.138   0.380   0.
  2017 352 21 56 56 496 352.914542786      -0.54      3.25     -2.83  0.       -3153.326       6802.149       5922.769    0.000  -0.138   0.380   0.
  2017 352 21 56 57 496 352.914554361       0.21      3.42     -4.31  0.       -3154.467       6802.332       5921.717    0.000  -0.138   0.380   0.
  2017 352 21 56 58 496 352.914565935      -0.94      2.31     -4.32  0.       -3155.608       6802.515       5920.665    0.000  -0.139   0.381   0.
  2017 352 21 56 59 496 352.914577509      -1.53      2.17     -4.88  0.       -3156.750       6802.697       5919.613    0.000  -0.139   0.381   0.
  2017 352 21 57  0 496 352.914589083      -2.27      1.99     -5.76  0.       -3157.891       6802.879       5918.560    0.000  -0.139   0.381   0.
  2017 352 21 57  1 496 352.914600657      -2.81      2.22     -5.13  0.       -3159.032       6803.060       5917.507    0.000  -0.139   0.381   0.
  2017 352 21 57  2 496 352.914612231      -2.26      3.04     -5.11  0.       -3160.173       6803.242       5916.454    0.000  -0.138   0.380   0.
  2017 352 21 57  3 496 352.914623805      -2.26      3.36     -5.47  0.       -3161.313       6803.423       5915.401    0.000  -0.138   0.380   0.
  2017 352 21 57  4 496 352.914635379      -1.94      2.83     -5.83  0.       -3162.454       6803.603       5914.347    0.000  -0.139   0.381   0.
  2017 352 21 57  5 496 352.914646952      -1.76      3.10     -4.99  0.       -3163.594       6803.784       5913.293    0.000  -0.139   0.381   0.
  2017 352 21 57  6 496 352.914658524      -1.04      3.43     -4.32  0.       -3164.734       6803.964       5912.238    0.000  -0.139   0.381   0.
  2017 352 21 57  7 496 352.914670098      -0.37      3.74     -3.75  0.       -3165.874       6804.143       5911.184    0.000  -0.139   0.381   0.
  2017 352 21 57  8 496 352.914681672      -0.76      3.30     -3.23  0.       -3167.014       6804.322       5910.129    0.000  -0.138   0.380   0.
  2017 352 21 57  9 496 352.914693247      -1.70      2.69     -3.05  0.       -3168.154       6804.501       5909.074    0.000  -0.138   0.380   0.
  2017 352 21 57 10 496 352.914704821      -2.13      3.25     -3.66  0.       -3169.293       6804.680       5908.018    0.000  -0.139   0.381   0.
  2017 352 21 57 11 496 352.914716395      -1.98      4.52     -4.59  0.       -3170.433       6804.858       5906.963    0.000  -0.139   0.381   0.
  2017 352 21 57 12 496 352.914727969      -2.11      5.09     -3.88  0.       -3171.572       6805.036       5905.907    0.000  -0.138   0.380   0.
  2017 352 21 57 13 496 352.914739543      -1.34      4.56     -1.16  0.       -3172.711       6805.214       5904.850    0.000  -0.138   0.380   0.
  2017 352 21 57 14 496 352.914751117       0.45      2.27     -0.22  0.       -3173.850       6805.391       5903.793    0.000  -0.138   0.380   0.
  2017 352 21 57 15 496 352.914762691       0.28      2.92     -0.68  0.       -3174.989       6805.568       5902.736    0.000  -0.138   0.380   0.
  2017 352 21 57 16 496 352.914774265      -0.51      4.29     -0.94  0.       -3176.127       6805.745       5901.679    0.000  -0.139   0.381   0.
  2017 352 21 57 17 496 352.914785839      -1.69      3.05     -0.06  0.       -3177.266       6805.921       5900.621    0.000  -0.139   0.381   0.
  2017 352 21 57 18 496 352.914797413       0.28      3.19      0.06  0.       -3178.404       6806.097       5899.564    0.000  -0.138   0.380   0.
  2017 352 21 57 19 496 352.914808987      -0.02      3.06     -0.96  0.       -3179.542       6806.272       5898.506    0.000  -0.138   0.380   0.
  2017 352 21 57 20 496 352.914820561      -0.52      2.42     -1.49  0.       -3180.680       6806.448       5897.447    0.000  -0.138   0.380   0.
  2017 352 21 57 21 496 352.914832135      -0.94      2.17     -2.28  0.       -3181.818       6806.623       5896.388    0.000  -0.138   0.380   0.
  2017 352 21 57 22 496 352.914843710      -0.65      2.46     -2.48  0.       -3182.955       6806.797       5895.329    0.000  -0.139   0.381   0.
  2017 352 21 57 23 496 352.914855284      -0.11      2.88     -4.28  0.       -3184.093       6806.971       5894.270    0.000  -0.139   0.381   0.
  2017 352 21 57 24 496 352.914866858       0.66      2.70     -4.32  0.       -3185.230       6807.145       5893.211    0.000  -0.138   0.380   0.
  2017 352 21 57 25 496 352.914878432       0.52      2.71     -4.73  0.       -3186.367       6807.319       5892.151    0.000  -0.138   0.380   0.
  2017 352 21 57 26 496 352.914890006       0.30      2.35     -3.78  0.       -3187.504       6807.492       5891.091    0.000  -0.138   0.380   0.
  2017 352 21 57 27 496 352.914901580       0.60      3.34     -4.10  0.       -3188.641       6807.665       5890.030    0.000  -0.138   0.380   0.
  2017 352 21 57 28 496 352.914913154      -1.50      2.93     -5.03  0.       -3189.778       6807.838       5888.969    0.000  -0.139   0.381   0.
  2017 352 21 57 29 496 352.914924728      -1.63      2.93     -4.11  0.       -3190.915       6808.010       5887.908    0.000  -0.139   0.381   0.
  2017 352 21 57 30 496 352.914936302      -1.61      2.88     -4.47  0.       -3192.051       6808.182       5886.847    0.000  -0.138   0.380   0.
  2017 352 21 57 31 496 352.914947876      -1.47      3.77     -4.20  0.       -3193.187       6808.353       5885.785    0.000  -0.138   0.380   0.
  2017 352 21 57 32 496 352.914959450      -1.16      3.93     -4.39  0.       -3194.323       6808.525       5884.724    0.000  -0.138   0.380   0.
  2017 352 21 57 33 496 352.914971024      -0.95      4.23     -4.63  0.       -3195.459       6808.696       5883.661    0.000  -0.138   0.380   0.
  2017 352 21 57 34 496 352.914982598      -1.16      3.95     -4.60  0.       -3196.595       6808.866       5882.599    0.000  -0.138   0.380   0.
  2017 352 21 57 35 496 352.914994171      -1.23      4.83     -4.71  0.       -3197.731       6809.036       5881.536    0.000  -0.138   0.380   0.
  2017 352 21 57 36 496 352.915005744      -1.43      5.38     -4.49  0.       -3198.866       6809.206       5880.473    0.000  -0.139   0.381   0.
  2017 352 21 57 37 496 352.915017318      -1.32      5.17     -3.84  0.       -3200.001       6809.376       5879.410    0.000  -0.139   0.381   0.
  2017 352 21 57 38 496 352.915028892      -1.31      5.09     -3.25  0.       -3201.137       6809.545       5878.346    0.000  -0.138   0.380   0.
  2017 352 21 57 39 496 352.915040466      -1.38      5.50     -3.25  0.       -3202.272       6809.714       5877.282    0.000  -0.138   0.380   0.
  2017 352 21 57 40 496 352.915052040      -1.78      5.03     -4.15  0.       -3203.406       6809.882       5876.218    0.000  -0.138   0.380   0.
  2017 352 21 57 41 496 352.915063614      -2.69      3.28     -2.88  0.       -3204.541       6810.051       5875.154    0.000  -0.138   0.380   0.
  2017 352 21 57 42 496 352.915075188      -1.98      3.12     -2.23  0.       -3205.676       6810.219       5874.089    0.000  -0.139   0.381   0.
  2017 352 21 57 43 496 352.915086762      -1.71      3.25     -3.19  0.       -3206.810       6810.386       5873.024    0.000  -0.139   0.381   0.
  2017 352 21 57 44 496 352.915098336      -1.77      2.73     -3.32  0.       -3207.944       6810.553       5871.958    0.000  -0.138   0.380   0.
  2017 352 21 57 45 496 352.915109910      -2.13      3.12     -3.36  0.       -3209.078       6810.720       5870.893    0.000  -0.138   0.380   0.
  2017 352 21 57 46 496 352.915121484      -2.51      4.09     -2.66  0.       -3210.212       6810.887       5869.827    0.000  -0.138   0.380   0.
  2017 352 21 57 47 496 352.915133058      -2.78      3.54     -2.26  0.       -3211.346       6811.053       5868.761    0.000  -0.138   0.380   0.
  2017 352 21 57 48 496 352.915144633      -2.26      3.89     -2.74  0.       -3212.479       6811.219       5867.694    0.000  -0.139   0.381   0.
  2017 352 21 57 49 496 352.915156207      -1.44      5.62     -3.53  0.       -3213.613       6811.384       5866.627    0.000  -0.139   0.381   0.
  2017 352 21 57 50 496 352.915167781      -0.82      4.93     -4.26  0.       -3214.746       6811.550       5865.560    0.000  -0.138   0.380   0.
  2017 352 21 57 51 496 352.915179355      -1.53      4.24     -4.49  0.       -3215.879       6811.715       5864.493    0.000  -0.138   0.380   0.
  2017 352 21 57 52 496 352.915190929      -2.51      3.07     -4.25  0.       -3217.012       6811.879       5863.425    0.000  -0.139   0.381   0.
  2017 352 21 57 53 496 352.915202503      -2.75      3.05     -4.07  0.       -3218.145       6812.043       5862.357    0.000  -0.139   0.381   0.
  2017 352 21 57 54 496 352.915214077      -2.47      4.21     -4.16  0.       -3219.277       6812.207       5861.289    0.000  -0.139   0.381   0.
  2017 352 21 57 55 496 352.915225651      -2.25      4.42     -3.80  0.       -3220.410       6812.371       5860.220    0.000  -0.139   0.381   0.
  2017 352 21 57 56 496 352.915237225      -1.64      3.26     -4.90  0.       -3221.542       6812.534       5859.152    0.000  -0.138   0.380   0.
  2017 352 21 57 57 496 352.915248799      -1.56      2.93     -4.52  0.       -3222.674       6812.697       5858.083    0.000  -0.138   0.380   0.
  2017 352 21 57 58 496 352.915260373      -0.80      2.86     -3.25  0.       -3223.806       6812.859       5857.013    0.000  -0.138   0.380   0.
  2017 352 21 57 59 496 352.915271947      -0.33      2.82     -1.91  0.       -3224.938       6813.022       5855.943    0.000  -0.138   0.380   0.
  2017 352 21 58  0 496 352.915283521      -0.32      2.60     -1.92  0.       -3226.070       6813.183       5854.873    0.000  -0.138   0.380   0.
  2017 352 21 58  1 496 352.915295096      -0.04      2.41     -1.70  0.       -3227.201       6813.345       5853.803    0.000  -0.138   0.380   0.
  2017 352 21 58  2 496 352.915306670       0.01      2.33     -1.79  0.       -3228.333       6813.506       5852.733    0.000  -0.138   0.380   0.
  2017 352 21 58  3 496 352.915318244      -1.76      2.10     -1.55  0.       -3229.464       6813.667       5851.662    0.000  -0.138   0.380   0.
  2017 352 21 58  4 496 352.915329818      -1.52      3.22     -2.14  0.       -3230.595       6813.828       5850.591    0.000  -0.138   0.380   0.
  2017 352 21 58  5 496 352.915341391      -0.29      2.85     -3.32  0.       -3231.726       6813.988       5849.519    0.000  -0.138   0.380   0.
  2017 352 21 58  6 496 352.915352963      -0.67      3.78     -4.20  0.       -3232.856       6814.148       5848.448    0.000  -0.139   0.381   0.
  2017 352 21 58  7 495 352.915364537      -1.23      3.91     -4.47  0.       -3233.987       6814.307       5847.376    0.000  -0.139   0.381   0.
  2017 352 21 58  8 495 352.915376111      -1.63      3.97     -4.07  0.       -3235.117       6814.466       5846.303    0.000  -0.138   0.380   0.
  2017 352 21 58  9 495 352.915387685      -1.61      3.82     -3.28  0.       -3236.248       6814.625       5845.231    0.000  -0.138   0.380   0.
  2017 352 21 58 10 495 352.915399259      -1.12      4.23     -2.43  0.       -3237.378       6814.784       5844.158    0.000  -0.138   0.380   0.
  2017 352 21 58 11 495 352.915410833       0.08      3.74     -2.47  0.       -3238.507       6814.942       5843.085    0.000  -0.138   0.380   0.
  2017 352 21 58 12 496 352.915422407      -0.30      3.37     -2.50  0.       -3239.637       6815.100       5842.011    0.000  -0.138   0.380   0.
  2017 352 21 58 13 496 352.915433981      -0.82      3.04     -2.34  0.       -3240.767       6815.257       5840.938    0.000  -0.138   0.380   0.
  2017 352 21 58 14 495 352.915445556      -0.32      2.82     -2.30  0.       -3241.896       6815.414       5839.864    0.000  -0.138   0.380   0.
  2017 352 21 58 15 495 352.915457130       1.06      3.10     -2.30  0.       -3243.026       6815.571       5838.789    0.000  -0.138   0.380   0.
  2017 352 21 58 16 496 352.915468704       0.44      4.36     -3.18  0.       -3244.155       6815.728       5837.715    0.000  -0.139   0.381   0.
  2017 352 21 58 17 496 352.915480278      -0.09      4.39     -3.91  0.       -3245.284       6815.884       5836.640    0.000  -0.139   0.381   0.
  2017 352 21 58 18 496 352.915491852      -0.62      4.21     -4.92  0.       -3246.412       6816.040       5835.565    0.000  -0.139   0.381   0.
  2017 352 21 58 19 496 352.915503426      -0.74      2.72     -4.87  0.       -3247.541       6816.195       5834.489    0.000  -0.139   0.381   0.
  2017 352 21 58 20 496 352.915515000       0.03      1.45     -5.27  0.       -3248.670       6816.350       5833.413    0.000  -0.139   0.381   0.
  2017 352 21 58 21 495 352.915526574       1.18      1.69     -5.74  0.       -3249.798       6816.505       5832.337    0.000  -0.139   0.381   0.
  2017 352 21 58 22 495 352.915538148       0.11      2.79     -4.76  0.       -3250.926       6816.660       5831.261    0.000  -0.138   0.380   0.
  2017 352 21 58 23 495 352.915549722      -0.83      3.60     -3.44  0.       -3252.054       6816.814       5830.184    0.000  -0.138   0.380   0.
  2017 352 21 58 24 495 352.915561296      -0.77      3.71     -3.95  0.       -3253.182       6816.967       5829.108    0.000  -0.139   0.381   0.
  2017 352 21 58 25 496 352.915572870      -0.90      3.17     -4.21  0.       -3254.309       6817.121       5828.030    0.000  -0.139   0.381   0.
  2017 352 21 58 26 496 352.915584444      -0.76      2.31     -4.21  0.       -3255.437       6817.274       5826.953    0.000  -0.139   0.381   0.
  2017 352 21 58 27 495 352.915596018       0.08      1.35     -3.84  0.       -3256.564       6817.427       5825.875    0.000  -0.139   0.381   0.
  2017 352 21 58 28 495 352.915607593       0.20      1.28     -4.44  0.       -3257.692       6817.579       5824.797    0.000  -0.138   0.380   0.
  2017 352 21 58 29 496 352.915619167      -0.37      1.32     -3.78  0.       -3258.819       6817.731       5823.719    0.000  -0.138   0.380   0.
  2017 352 21 58 30 496 352.915630741      -0.28      2.19     -3.74  0.       -3259.946       6817.883       5822.640    0.000  -0.138   0.380   0.
  2017 352 21 58 31 496 352.915642315       0.05      3.15     -4.26  0.       -3261.072       6818.035       5821.561    0.000  -0.138   0.380   0.
  2017 352 21 58 32 496 352.915653889      -0.59      3.50     -2.47  0.       -3262.199       6818.186       5820.482    0.000  -0.138   0.380   0.
  2017 352 21 58 33 496 352.915665463      -0.88      3.84     -2.06  0.       -3263.325       6818.337       5819.403    0.000  -0.138   0.380   0.
  2017 352 21 58 34 495 352.915677037      -0.01      3.23     -2.85  0.       -3264.451       6818.487       5818.323    0.000  -0.138   0.380   0.
  2017 352 21 58 35 495 352.915688610      -0.25      2.82     -3.79  0.       -3265.577       6818.637       5817.243    0.000  -0.138   0.380   0.
  2017 352 21 58 36 495 352.915700182      -0.31      2.78     -4.43  0.       -3266.703       6818.787       5816.162    0.000  -0.138   0.380   0.
  2017 352 21 58 37 495 352.915711756      -1.28      3.51     -3.28  0.       -3267.829       6818.936       5815.082    0.000  -0.138   0.380   0.
  2017 352 21 58 38 495 352.915723330      -1.59      4.16     -1.76  0.       -3268.955       6819.085       5814.001    0.000  -0.138   0.380   0.
  2017 352 21 58 39 495 352.915734904      -1.48      3.47     -1.23  0.       -3270.080       6819.234       5812.920    0.000  -0.138   0.380   0.
  2017 352 21 58 40 495 352.915746479      -1.38      3.25     -1.10  0.       -3271.205       6819.383       5811.838    0.000  -0.139   0.381   0.
  2017 352 21 58 41 495 352.915758053      -0.79      4.50     -2.35  0.       -3272.330       6819.531       5810.756    0.000  -0.139   0.381   0.
  2017 352 21 58 42 495 352.915769627      -1.88      4.71     -2.52  0.       -3273.455       6819.679       5809.674    0.000  -0.138   0.380   0.
  2017 352 21 58 43 495 352.915781201      -1.47      2.65     -2.54  0.       -3274.580       6819.826       5808.592    0.000  -0.138   0.380   0.
  2017 352 21 58 44 495 352.915792775      -0.60      1.91     -2.27  0.       -3275.705       6819.973       5807.509    0.000  -0.138   0.380   0.
  2017 352 21 58 45 495 352.915804349       1.16      2.23     -4.31  0.       -3276.829       6820.120       5806.427    0.000  -0.138   0.380   0.
  2017 352 21 58 46 495 352.915815923       0.18      3.89     -4.17  0.       -3277.953       6820.266       5805.343    0.000  -0.139   0.381   0.
  2017 352 21 58 47 495 352.915827497      -1.85      3.97     -2.62  0.       -3279.078       6820.412       5804.260    0.000  -0.139   0.381   0.
  2017 352 21 58 48 495 352.915839071      -2.34      3.58     -1.83  0.       -3280.202       6820.558       5803.176    0.000  -0.139   0.381   0.
  2017 352 21 58 49 495 352.915850645      -1.12      3.25     -2.90  0.       -3281.325       6820.703       5802.092    0.000  -0.139   0.381   0.
  2017 352 21 58 50 495 352.915862219      -0.50      2.73     -3.14  0.       -3282.449       6820.848       5801.008    0.000  -0.138   0.380   0.
  2017 352 21 58 51 495 352.915873793      -1.24      2.70     -3.15  0.       -3283.573       6820.993       5799.923    0.000  -0.138   0.380   0.
  2017 352 21 58 52 495 352.915885367      -1.62      3.51     -3.43  0.       -3284.696       6821.137       5798.838    0.000  -0.139   0.381   0.
  2017 352 21 58 53 495 352.915896942      -0.46      2.97     -3.42  0.       -3285.819       6821.282       5797.753    0.000  -0.139   0.381   0.
  2017 352 21 58 54 495 352.915908516      -0.42      2.14     -4.86  0.       -3286.942       6821.425       5796.667    0.000  -0.139   0.381   0.
  2017 352 21 58 55 495 352.915920090      -1.32      1.80     -3.11  0.       -3288.065       6821.569       5795.582    0.000  -0.139   0.381   0.
  2017 352 21 58 56 495 352.915931664      -0.67      2.10     -2.82  0.       -3289.187       6821.712       5794.496    0.000  -0.139   0.381   0.
  2017 352 21 58 57 495 352.915943238       0.20      3.44     -3.43  0.       -3290.310       6821.855       5793.409    0.000  -0.139   0.381   0.
  2017 352 21 58 58 495 352.915954812      -0.53      4.32     -3.56  0.       -3291.432       6821.997       5792.322    0.000  -0.138   0.380   0.
  2017 352 21 58 59 495 352.915966386      -0.59      4.19     -3.56  0.       -3292.555       6822.139       5791.236    0.000  -0.138   0.380   0.
  2017 352 21 59  0 495 352.915977960      -0.77      3.65     -3.84  0.       -3293.677       6822.281       5790.148    0.000  -0.139   0.381   0.
  2017 352 21 59  1 495 352.915989534       0.22      3.49     -4.13  0.       -3294.798       6822.422       5789.061    0.000  -0.139   0.381   0.
  2017 352 21 59  2 495 352.916001108       0.53      3.95     -3.82  0.       -3295.920       6822.563       5787.973    0.000  -0.139   0.381   0.
  2017 352 21 59  3 495 352.916012682      -0.70      3.40     -3.43  0.       -3297.042       6822.704       5786.885    0.000  -0.139   0.381   0.
  2017 352 21 59  4 495 352.916024256      -1.40      3.21     -2.77  0.       -3298.163       6822.844       5785.797    0.000  -0.138   0.380   0.
  2017 352 21 59  5 495 352.916035829      -1.46      3.40     -2.38  0.       -3299.284       6822.984       5784.708    0.000  -0.138   0.380   0.
  2017 352 21 59  6 495 352.916047402      -1.17      3.49     -2.94  0.       -3300.405       6823.124       5783.619    0.000  -0.139   0.381   0.
  2017 352 21 59  7 495 352.916058976      -1.64      2.59     -3.15  0.       -3301.526       6823.263       5782.530    0.000  -0.139   0.381   0.
  2017 352 21 59  8 495 352.916070550      -1.74      3.75     -3.65  0.       -3302.647       6823.402       5781.440    0.000  -0.138   0.380   0.
  2017 352 21 59  9 495 352.916082124      -2.36      4.31     -3.36  0.       -3303.768       6823.541       5780.351    0.000  -0.138   0.380   0.
  2017 352 21 59 10 495 352.916093698      -2.30      3.29     -3.51  0.       -3304.887       6823.679       5779.260    0.000  -0.139   0.381   0.
  2017 352 21 59 11 495 352.916105272      -2.36      3.89     -2.77  0.       -3306.007       6823.817       5778.170    0.000  -0.139   0.381   0.
  2017 352 21 59 12 495 352.916116846      -1.00      4.43     -2.76  0.       -3307.128       6823.955       5777.079    0.000  -0.139   0.381   0.
  2017 352 21 59 13 495 352.916128420      -0.44      4.23     -2.47  0.       -3308.248       6824.092       5775.989    0.000  -0.139   0.381   0.
  2017 352 21 59 14 495 352.916139994      -0.72      3.43     -1.81  0.       -3309.367       6824.229       5774.897    0.000  -0.139   0.381   0.
  2017 352 21 59 15 495 352.916151568      -1.14      3.66     -1.28  0.       -3310.487       6824.366       5773.806    0.000  -0.139   0.381   0.
  2017 352 21 59 16 495 352.916163142      -0.61      3.10     -2.64  0.       -3311.607       6824.502       5772.714    0.000  -0.139   0.381   0.
  2017 352 21 59 17 495 352.916174716      -0.22      2.92     -2.60  0.       -3312.726       6824.638       5771.622    0.000  -0.139   0.381   0.
  2017 352 21 59 18 495 352.916186291      -0.54      2.55     -2.37  0.       -3313.845       6824.774       5770.530    0.000  -0.138   0.380   0.
  2017 352 21 59 19 495 352.916197865      -0.63      2.41     -1.64  0.       -3314.964       6824.909       5769.437    0.000  -0.138   0.380   0.
  2017 352 21 59 20 495 352.916209439      -0.25      2.52     -1.77  0.       -3316.083       6825.044       5768.344    0.000  -0.138   0.380   0.
  2017 352 21 59 21 495 352.916221013      -0.79      4.04     -1.00  0.       -3317.201       6825.179       5767.251    0.000  -0.138   0.380   0.
  2017 352 21 59 22 495 352.916232587      -1.14      3.90     -0.87  0.       -3318.320       6825.313       5766.157    0.000  -0.138   0.380   0.
  2017 352 21 59 23 495 352.916244161      -1.80      3.16     -1.90  0.       -3319.438       6825.447       5765.064    0.000  -0.138   0.380   0.
  2017 352 21 59 24 495 352.916255735      -1.79      3.76     -2.43  0.       -3320.556       6825.580       5763.969    0.000  -0.139   0.381   0.
  2017 352 21 59 25 495 352.916267309      -1.07      4.13     -3.01  0.       -3321.674       6825.714       5762.875    0.000  -0.139   0.381   0.
  2017 352 21 59 26 495 352.916278883      -1.04      4.92     -2.19  0.       -3322.792       6825.846       5761.780    0.000  -0.139   0.381   0.
  2017 352 21 59 27 495 352.916290457      -1.46      4.49     -2.36  0.       -3323.909       6825.979       5760.685    0.000  -0.139   0.381   0.
  2017 352 21 59 28 495 352.916302031      -1.06      3.86     -2.67  0.       -3325.027       6826.111       5759.590    0.000  -0.138   0.380   0.
  2017 352 21 59 29 495 352.916313605      -1.47      4.90     -1.27  0.       -3326.144       6826.243       5758.495    0.000  -0.138   0.380   0.
  2017 352 21 59 30 495 352.916325179      -0.71      4.46     -2.18  0.       -3327.261       6826.375       5757.399    0.000  -0.139   0.381   0.
  2017 352 21 59 31 495 352.916336754      -0.75      2.67     -3.01  0.       -3328.378       6826.506       5756.303    0.000  -0.139   0.381   0.
  2017 352 21 59 32 495 352.916348327      -1.45      3.19     -2.79  0.       -3329.495       6826.637       5755.207    0.000  -0.139   0.381   0.
  2017 352 21 59 33 495 352.916359902      -0.89      3.77     -1.70  0.       -3330.611       6826.768       5754.110    0.000  -0.139   0.381   0.
  2017 352 21 59 34 495 352.916371476      -1.17      3.41     -2.19  0.       -3331.728       6826.898       5753.013    0.000  -0.139   0.381   0.
  2017 352 21 59 35 495 352.916383049      -1.18      2.63     -3.28  0.       -3332.844       6827.028       5751.916    0.000  -0.139   0.381   0.
  2017 352 21 59 36 495 352.916394621      -2.61      1.35     -3.30  0.       -3333.960       6827.157       5750.818    0.000  -0.139   0.381   0.
  2017 352 21 59 37 495 352.916406195      -1.89      1.80     -4.76  0.       -3335.076       6827.287       5749.721    0.000  -0.139   0.381   0.
  2017 352 21 59 38 495 352.916417769      -1.63      3.67     -4.65  0.       -3336.192       6827.415       5748.622    0.000  -0.138   0.380   0.
  2017 352 21 59 39 495 352.916429343      -1.71      4.50     -4.32  0.       -3337.308       6827.544       5747.524    0.000  -0.138   0.380   0.
  2017 352 21 59 40 495 352.916440917      -1.24      3.43     -4.62  0.       -3338.423       6827.672       5746.425    0.000  -0.139   0.381   0.
  2017 352 21 59 41 495 352.916452491      -0.70      1.53     -5.89  0.       -3339.538       6827.800       5745.327    0.000  -0.139   0.381   0.
  2017 352 21 59 42 495 352.916464065      -1.46      1.96     -5.97  0.       -3340.654       6827.928       5744.227    0.000  -0.139   0.381   0.
  2017 352 21 59 43 495 352.916475639      -2.28      3.24     -5.04  0.       -3341.769       6828.055       5743.128    0.000  -0.139   0.381   0.
  2017 352 21 59 44 495 352.916487214      -2.73      3.38     -3.67  0.       -3342.883       6828.182       5742.028    0.000  -0.139   0.381   0.
  2017 352 21 59 45 495 352.916498788      -2.43      3.02     -2.90  0.       -3343.998       6828.308       5740.928    0.000  -0.139   0.381   0.
  2017 352 21 59 46 495 352.916510362      -1.50      3.27     -3.57  0.       -3345.112       6828.434       5739.828    0.000  -0.138   0.380   0.
  2017 352 21 59 47 495 352.916521936      -0.76      4.79     -4.22  0.       -3346.227       6828.560       5738.727    0.000  -0.138   0.380   0.
  2017 352 21 59 48 495 352.916533510      -0.93      5.45     -3.41  0.       -3347.341       6828.686       5737.626    0.000  -0.139   0.381   0.
  2017 352 21 59 49 495 352.916545084      -1.15      4.99     -1.95  0.       -3348.455       6828.811       5736.525    0.000  -0.139   0.381   0.
  2017 352 21 59 50 495 352.916556658      -1.90      4.61     -0.81  0.       -3349.569       6828.936       5735.423    0.000  -0.139   0.381   0.
  2017 352 21 59 51 495 352.916568232      -0.85      4.89     -0.33  0.       -3350.682       6829.060       5734.322    0.000  -0.139   0.381   0.
  2017 352 21 59 52 495 352.916579806      -0.15      3.57     -0.12  0.       -3351.796       6829.184       5733.220    0.000  -0.138   0.380   0.
  2017 352 21 59 53 495 352.916591380      -0.85      2.73     -1.87  0.       -3352.909       6829.308       5732.117    0.000  -0.138   0.380   0.
  2017 352 21 59 54 495 352.916602954      -1.60      3.19     -0.76  0.       -3354.022       6829.432       5731.015    0.000  -0.139   0.381   0.
  2017 352 21 59 55 495 352.916614528      -0.85      3.51     -1.00  0.       -3355.135       6829.555       5729.912    0.000  -0.139   0.381   0.
  2017 352 21 59 56 495 352.916626102      -1.31      3.06     -0.77  0.       -3356.248       6829.678       5728.809    0.000  -0.139   0.381   0.
  2017 352 21 59 57 495 352.916637677      -0.97      4.47     -0.58  0.       -3357.361       6829.800       5727.705    0.000  -0.139   0.381   0.
  2017 352 21 59 58 495 352.916649251      -0.52      5.87     -1.85  0.       -3358.473       6829.922       5726.601    0.000  -0.138   0.380   0.
  2017 352 21 59 59 495 352.916660825      -0.92      4.60     -2.76  0.       -3359.585       6830.044       5725.498    0.000  -0.138   0.380   0.
  2017 352 22  0  0 495 352.916672399      -0.03      4.27     -1.49  0.       -3360.698       6830.165       5724.393    0.000  -0.139   0.381   0.
  2017 352 22  0  1 495 352.916683973       0.24      3.85     -1.36  0.       -3361.810       6830.286       5723.289    0.000  -0.139   0.381   0.
  2017 352 22  0  2 495 352.916695547       0.64      4.46     -2.89  0.       -3362.921       6830.407       5722.184    0.000  -0.139   0.381   0.
  2017 352 22  0  3 495 352.916707121       0.81      3.73     -3.11  0.       -3364.033       6830.528       5721.079    0.000  -0.139   0.381   0.
  2017 352 22  0  4 495 352.916718695      -0.22      3.79     -3.08  0.       -3365.144       6830.648       5719.973    0.000  -0.138   0.380   0.
  2017 352 22  0  5 494 352.916730268      -0.39      4.37     -2.74  0.       -3366.256       6830.767       5718.867    0.000  -0.138   0.380   0.
  2017 352 22  0  6 494 352.916741840      -0.74      4.31     -3.80  0.       -3367.367       6830.887       5717.761    0.000  -0.138   0.380   0.
  2017 352 22  0  7 495 352.916753414      -0.63      3.75     -3.47  0.       -3368.478       6831.006       5716.655    0.000  -0.138   0.380   0.
  2017 352 22  0  8 495 352.916764988      -0.40      3.91     -2.63  0.       -3369.589       6831.125       5715.548    0.000  -0.139   0.381   0.
  2017 352 22  0  9 494 352.916776563      -0.44      3.99     -2.89  0.       -3370.699       6831.243       5714.441    0.000  -0.139   0.381   0.
  2017 352 22  0 10 494 352.916788137      -0.63      4.08     -2.08  0.       -3371.810       6831.361       5713.334    0.000  -0.138   0.380   0.
  2017 352 22  0 11 495 352.916799711       0.25      4.89     -2.60  0.       -3372.920       6831.479       5712.227    0.000  -0.138   0.380   0.
  2017 352 22  0 12 495 352.916811285       0.09      4.07     -2.87  0.       -3374.030       6831.596       5711.119    0.000  -0.138   0.380   0.
  2017 352 22  0 13 495 352.916822859      -0.20      3.40     -1.98  0.       -3375.140       6831.713       5710.011    0.000  -0.138   0.380   0.
  2017 352 22  0 14 495 352.916834433       0.49      2.70     -1.92  0.       -3376.250       6831.830       5708.903    0.000  -0.139   0.381   0.
  2017 352 22  0 15 495 352.916846007       1.10      3.09     -3.27  0.       -3377.360       6831.946       5707.794    0.000  -0.139   0.381   0.
  2017 352 22  0 16 494 352.916857581      -0.07      4.49     -2.86  0.       -3378.469       6832.062       5706.685    0.000  -0.138   0.380   0.
  2017 352 22  0 17 494 352.916869155      -1.91      4.06     -1.44  0.       -3379.578       6832.178       5705.576    0.000  -0.138   0.380   0.
  2017 352 22  0 18 494 352.916880729      -2.35      3.18     -1.37  0.       -3380.688       6832.293       5704.467    0.000  -0.139   0.381   0.
  2017 352 22  0 19 494 352.916892303      -1.97      3.59     -2.21  0.       -3381.797       6832.408       5703.357    0.000  -0.139   0.381   0.
  2017 352 22  0 20 494 352.916903877      -1.21      4.18     -2.16  0.       -3382.905       6832.523       5702.247    0.000  -0.139   0.381   0.
  2017 352 22  0 21 495 352.916915451      -0.08      2.76     -1.49  0.       -3384.014       6832.637       5701.137    0.000  -0.139   0.381   0.
  2017 352 22  0 22 495 352.916927025      -0.13      3.18      0.08  0.       -3385.122       6832.751       5700.026    0.000  -0.138   0.380   0.
  2017 352 22  0 23 494 352.916938600       0.35      3.13     -0.11  0.       -3386.231       6832.865       5698.916    0.000  -0.138   0.380   0.
  2017 352 22  0 24 494 352.916950174       0.26      2.52     -0.89  0.       -3387.339       6832.978       5697.804    0.000  -0.139   0.381   0.
  2017 352 22  0 25 495 352.916961748       0.63      2.52     -1.69  0.       -3388.447       6833.091       5696.693    0.000  -0.139   0.381   0.
  2017 352 22  0 26 495 352.916973322      -0.13      2.45     -2.07  0.       -3389.555       6833.204       5695.581    0.000  -0.139   0.381   0.
  2017 352 22  0 27 495 352.916984896       0.03      3.74     -3.36  0.       -3390.662       6833.316       5694.469    0.000  -0.139   0.381   0.
  2017 352 22  0 28 495 352.916996470      -1.10      3.69     -3.44  0.       -3391.770       6833.428       5693.357    0.000  -0.138   0.380   0.
  2017 352 22  0 29 495 352.917008044      -2.03      3.50     -2.87  0.       -3392.877       6833.540       5692.245    0.000  -0.138   0.380   0.
  2017 352 22  0 30 494 352.917019618      -1.37      2.65     -2.31  0.       -3393.984       6833.651       5691.132    0.000  -0.139   0.381   0.
  2017 352 22  0 31 494 352.917031192      -1.22      1.87     -2.08  0.       -3395.091       6833.762       5690.019    0.000  -0.139   0.381   0.
  2017 352 22  0 32 494 352.917042766      -1.22      2.05     -2.17  0.       -3396.198       6833.873       5688.905    0.000  -0.139   0.381   0.
  2017 352 22  0 33 494 352.917054340      -0.88      3.68     -1.70  0.       -3397.304       6833.983       5687.792    0.000  -0.139   0.381   0.
  2017 352 22  0 34 494 352.917065911      -0.20      3.98     -1.53  0.       -3398.411       6834.093       5686.678    0.000  -0.139   0.381   0.
  2017 352 22  0 35 494 352.917077486       0.12      3.29     -1.90  0.       -3399.517       6834.202       5685.563    0.000  -0.139   0.381   0.
  2017 352 22  0 36 494 352.917089060       0.90      2.86     -2.15  0.       -3400.623       6834.312       5684.449    0.000  -0.138   0.380   0.
  2017 352 22  0 37 494 352.917100634       0.50      2.43     -1.28  0.       -3401.729       6834.421       5683.334    0.000  -0.138   0.380   0.
  2017 352 22  0 38 494 352.917112208       0.01      3.09     -1.43  0.       -3402.835       6834.529       5682.219    0.000  -0.138   0.380   0.
  2017 352 22  0 39 494 352.917123782      -0.08      3.06     -1.38  0.       -3403.940       6834.637       5681.104    0.000  -0.138   0.380   0.
  2017 352 22  0 40 494 352.917135356      -0.40      3.07     -0.20  0.       -3405.046       6834.745       5679.988    0.000  -0.139   0.381   0.
  2017 352 22  0 41 494 352.917146930      -0.59      3.67      0.65  0.       -3406.151       6834.853       5678.872    0.000  -0.139   0.381   0.
  2017 352 22  0 42 494 352.917158504      -0.23      4.36      0.70  0.       -3407.256       6834.960       5677.756    0.000  -0.138   0.380   0.
  2017 352 22  0 43 494 352.917170078       0.45      3.95      0.21  0.       -3408.361       6835.067       5676.639    0.000  -0.138   0.380   0.
  2017 352 22  0 44 494 352.917181652      -0.07      4.61      0.33  0.       -3409.466       6835.173       5675.523    0.000  -0.139   0.381   0.
  2017 352 22  0 45 494 352.917193226      -0.24      4.93     -1.35  0.       -3410.570       6835.280       5674.406    0.000  -0.139   0.381   0.
  2017 352 22  0 46 494 352.917204800      -0.86      4.16     -2.27  0.       -3411.675       6835.386       5673.288    0.000  -0.139   0.381   0.
  2017 352 22  0 47 494 352.917216374      -1.77      3.96     -2.60  0.       -3412.779       6835.491       5672.171    0.000  -0.139   0.381   0.
  2017 352 22  0 48 494 352.917227948       0.19      3.69     -4.26  0.       -3413.883       6835.596       5671.053    0.000  -0.139   0.381   0.
  2017 352 22  0 49 494 352.917239523       1.41      2.77     -5.42  0.       -3414.987       6835.701       5669.935    0.000  -0.139   0.381   0.
  2017 352 22  0 50 494 352.917251097       0.90      3.12     -5.45  0.       -3416.091       6835.806       5668.816    0.000  -0.139   0.381   0.
  2017 352 22  0 51 494 352.917262671       0.19      3.52     -5.10  0.       -3417.194       6835.910       5667.697    0.000  -0.139   0.381   0.
  2017 352 22  0 52 494 352.917274245      -0.57      3.21     -4.35  0.       -3418.298       6836.013       5666.578    0.000  -0.139   0.381   0.
  2017 352 22  0 53 494 352.917285819      -1.21      3.03     -3.85  0.       -3419.401       6836.117       5665.459    0.000  -0.139   0.381   0.
  2017 352 22  0 54 494 352.917297393      -1.20      2.99     -3.51  0.       -3420.504       6836.220       5664.339    0.000  -0.139   0.381   0.
  2017 352 22  0 55 494 352.917308967      -1.09      3.39     -3.58  0.       -3421.607       6836.323       5663.220    0.000  -0.139   0.381   0.
  2017 352 22  0 56 494 352.917320541      -1.53      2.88     -3.06  0.       -3422.710       6836.425       5662.100    0.000  -0.139   0.381   0.
  2017 352 22  0 57 494 352.917332115      -1.93      2.20     -2.31  0.       -3423.812       6836.527       5660.979    0.000  -0.139   0.381   0.
  2017 352 22  0 58 494 352.917343689      -1.24      2.77     -3.42  0.       -3424.915       6836.629       5659.858    0.000  -0.139   0.381   0.
  2017 352 22  0 59 494 352.917355263      -1.22      4.36     -3.82  0.       -3426.017       6836.731       5658.737    0.000  -0.139   0.381   0.
  2017 352 22  1  0 494 352.917366837      -1.27      4.37     -3.95  0.       -3427.119       6836.832       5657.616    0.000  -0.139   0.381   0.
  2017 352 22  1  1 494 352.917378411      -1.28      4.35     -3.27  0.       -3428.221       6836.933       5656.494    0.000  -0.139   0.381   0.
  2017 352 22  1  2 494 352.917389986      -0.59      3.93     -2.14  0.       -3429.322       6837.033       5655.373    0.000  -0.138   0.380   0.
  2017 352 22  1  3 494 352.917401560      -0.36      3.70     -1.02  0.       -3430.424       6837.133       5654.250    0.000  -0.138   0.380   0.
  2017 352 22  1  4 494 352.917413134      -0.14      3.62     -0.92  0.       -3431.525       6837.233       5653.128    0.000  -0.139   0.381   0.
  2017 352 22  1  5 494 352.917424707      -0.59      3.51     -0.87  0.       -3432.626       6837.332       5652.005    0.000  -0.139   0.381   0.
  2017 352 22  1  6 494 352.917436279      -0.47      2.07     -1.70  0.       -3433.727       6837.431       5650.882    0.000  -0.138   0.380   0.
  2017 352 22  1  7 494 352.917447853      -0.85      0.75     -1.31  0.       -3434.828       6837.530       5649.759    0.000  -0.138   0.380   0.
  2017 352 22  1  8 494 352.917459427      -0.94      1.67     -2.05  0.       -3435.929       6837.628       5648.636    0.000  -0.138   0.380   0.
  2017 352 22  1  9 494 352.917471001      -0.83      3.06     -3.80  0.       -3437.029       6837.726       5647.512    0.000  -0.138   0.380   0.
  2017 352 22  1 10 494 352.917482575      -1.84      4.51     -3.34  0.       -3438.130       6837.824       5646.388    0.000  -0.138   0.380   0.
  2017 352 22  1 11 494 352.917494149      -2.11      3.88     -2.49  0.       -3439.230       6837.921       5645.263    0.000  -0.138   0.380   0.
  2017 352 22  1 12 494 352.917505723      -1.31      3.56     -2.57  0.       -3440.330       6838.018       5644.139    0.000  -0.139   0.381   0.
  2017 352 22  1 13 494 352.917517298      -1.64      4.56     -3.44  0.       -3441.430       6838.115       5643.014    0.000  -0.139   0.381   0.
  2017 352 22  1 14 494 352.917528871      -1.56      4.60     -3.23  0.       -3442.529       6838.212       5641.888    0.000  -0.139   0.381   0.
  2017 352 22  1 15 494 352.917540446      -1.28      4.92     -2.82  0.       -3443.629       6838.307       5640.763    0.000  -0.139   0.381   0.
  2017 352 22  1 16 494 352.917552020      -1.22      3.99     -1.84  0.       -3444.728       6838.403       5639.637    0.000  -0.139   0.381   0.
  2017 352 22  1 17 494 352.917563594      -1.52      2.61     -1.99  0.       -3445.827       6838.498       5638.511    0.000  -0.139   0.381   0.
  2017 352 22  1 18 494 352.917575168      -1.18      3.70     -2.98  0.       -3446.926       6838.593       5637.385    0.000  -0.138   0.380   0.
  2017 352 22  1 19 494 352.917586742      -0.93      5.28     -4.66  0.       -3448.025       6838.688       5636.258    0.000  -0.138   0.380   0.
  2017 352 22  1 20 494 352.917598316      -0.93      5.31     -3.85  0.       -3449.123       6838.782       5635.131    0.000  -0.139   0.381   0.
  2017 352 22  1 21 494 352.917609890      -0.85      3.74     -3.56  0.       -3450.222       6838.876       5634.004    0.000  -0.139   0.381   0.
  2017 352 22  1 22 494 352.917621464      -1.44      3.60     -3.20  0.       -3451.320       6838.970       5632.877    0.000  -0.138   0.380   0.
  2017 352 22  1 23 494 352.917633038      -1.43      3.53     -5.39  0.       -3452.418       6839.063       5631.749    0.000  -0.138   0.380   0.
  2017 352 22  1 24 494 352.917644612      -1.84      3.36     -4.24  0.       -3453.516       6839.156       5630.621    0.000  -0.138   0.380   0.
  2017 352 22  1 25 494 352.917656186      -1.01      4.03     -4.24  0.       -3454.614       6839.249       5629.493    0.000  -0.138   0.380   0.
  2017 352 22  1 26 494 352.917667760      -1.25      3.71     -5.13  0.       -3455.712       6839.341       5628.364    0.000  -0.139   0.381   0.
  2017 352 22  1 27 494 352.917679335      -2.20      2.95     -4.28  0.       -3456.809       6839.433       5627.235    0.000  -0.139   0.381   0.
  2017 352 22  1 28 494 352.917690909      -2.29      3.32     -4.41  0.       -3457.906       6839.524       5626.106    0.000  -0.138   0.380   0.
  2017 352 22  1 29 494 352.917702483      -1.07      3.53     -3.25  0.       -3459.003       6839.616       5624.977    0.000  -0.138   0.380   0.
  2017 352 22  1 30 494 352.917714057      -0.59      3.53     -0.92  0.       -3460.100       6839.707       5623.847    0.000  -0.138   0.380   0.
  2017 352 22  1 31 494 352.917725631      -1.15      2.70     -0.39  0.       -3461.197       6839.797       5622.717    0.000  -0.138   0.380   0.
  2017 352 22  1 32 494 352.917737205      -0.93      2.77     -1.87  0.       -3462.293       6839.887       5621.587    0.000  -0.139   0.381   0.
  2017 352 22  1 33 494 352.917748779      -0.47      2.71     -3.64  0.       -3463.390       6839.977       5620.456    0.000  -0.139   0.381   0.
  2017 352 22  1 34 494 352.917760353      -0.86      3.44     -3.85  0.       -3464.486       6840.067       5619.325    0.000  -0.139   0.381   0.
  2017 352 22  1 35 494 352.917771926      -1.26      3.04     -4.08  0.       -3465.582       6840.156       5618.194    0.000  -0.139   0.381   0.
  2017 352 22  1 36 494 352.917783498      -1.84      2.45     -3.74  0.       -3466.678       6840.245       5617.063    0.000  -0.139   0.381   0.
  2017 352 22  1 37 494 352.917795072      -1.70      2.33     -4.88  0.       -3467.774       6840.333       5615.931    0.000  -0.139   0.381   0.
  2017 352 22  1 38 494 352.917806646      -2.10      2.08     -5.76  0.       -3468.869       6840.421       5614.799    0.000  -0.138   0.380   0.
  2017 352 22  1 39 494 352.917818220      -2.74      2.89     -4.85  0.       -3469.964       6840.509       5613.667    0.000  -0.138   0.380   0.
  2017 352 22  1 40 494 352.917829795      -1.32      4.88     -4.78  0.       -3471.060       6840.597       5612.534    0.000  -0.139   0.381   0.
  2017 352 22  1 41 494 352.917841369      -0.14      4.51     -4.88  0.       -3472.155       6840.684       5611.401    0.000  -0.139   0.381   0.
  2017 352 22  1 42 494 352.917852943       0.10      3.29     -3.90  0.       -3473.249       6840.771       5610.268    0.000  -0.139   0.381   0.
  2017 352 22  1 43 494 352.917864517      -0.74      2.81     -3.14  0.       -3474.344       6840.857       5609.135    0.000  -0.139   0.381   0.
  2017 352 22  1 44 494 352.917876091      -1.43      2.96     -2.67  0.       -3475.439       6840.943       5608.001    0.000  -0.139   0.381   0.
  2017 352 22  1 45 494 352.917887665      -2.61      2.43     -3.12  0.       -3476.533       6841.029       5606.867    0.000  -0.139   0.381   0.
  2017 352 22  1 46 494 352.917899239      -2.96      2.41     -2.57  0.       -3477.627       6841.114       5605.733    0.000  -0.139   0.381   0.
  2017 352 22  1 47 494 352.917910813      -2.65      3.43     -1.54  0.       -3478.721       6841.199       5604.599    0.000  -0.139   0.381   0.
  2017 352 22  1 48 494 352.917922387      -2.07      3.52     -0.85  0.       -3479.815       6841.284       5603.464    0.000  -0.139   0.381   0.
  2017 352 22  1 49 494 352.917933961      -2.55      2.48     -1.46  0.       -3480.908       6841.369       5602.329    0.000  -0.139   0.381   0.
  2017 352 22  1 50 494 352.917945535      -2.12      2.52     -1.22  0.       -3482.002       6841.453       5601.194    0.000  -0.139   0.381   0.
  2017 352 22  1 51 494 352.917957109      -2.48      3.26     -1.02  0.       -3483.095       6841.536       5600.058    0.000  -0.139   0.381   0.
  2017 352 22  1 52 494 352.917968683      -2.93      3.62     -0.43  0.       -3484.188       6841.620       5598.922    0.000  -0.138   0.380   0.
  2017 352 22  1 53 494 352.917980258      -3.22      4.63     -0.88  0.       -3485.281       6841.703       5597.786    0.000  -0.138   0.380   0.
  2017 352 22  1 54 494 352.917991832      -2.74      4.39     -1.94  0.       -3486.374       6841.785       5596.650    0.000  -0.138   0.380   0.
  2017 352 22  1 55 494 352.918003406      -1.94      3.61     -2.78  0.       -3487.466       6841.868       5595.513    0.000  -0.138   0.380   0.
  2017 352 22  1 56 494 352.918014980      -1.87      3.87     -2.37  0.       -3488.559       6841.950       5594.376    0.000  -0.139   0.381   0.
  2017 352 22  1 57 494 352.918026554      -2.08      3.57     -1.31  0.       -3489.651       6842.032       5593.239    0.000  -0.139   0.381   0.
  2017 352 22  1 58 494 352.918038128      -2.65      2.62     -1.74  0.       -3490.743       6842.113       5592.101    0.000  -0.139   0.381   0.
  2017 352 22  1 59 494 352.918049702      -2.53      1.49     -3.15  0.       -3491.835       6842.194       5590.963    0.000  -0.139   0.381   0.
  2017 352 22  2  0 494 352.918061276      -1.53      1.29     -3.78  0.       -3492.926       6842.275       5589.825    0.000  -0.138   0.380   0.
  2017 352 22  2  1 494 352.918072850      -1.54      1.12     -3.42  0.       -3494.018       6842.355       5588.687    0.000  -0.138   0.380   0.
  2017 352 22  2  2 494 352.918084424      -1.52      1.27     -3.16  0.       -3495.109       6842.435       5587.548    0.000  -0.138   0.380   0.
  2017 352 22  2  3 494 352.918095998      -2.13      1.68     -2.66  0.       -3496.200       6842.514       5586.409    0.000  -0.138   0.380   0.
  2017 352 22  2  4 494 352.918107572      -2.63      1.93     -2.23  0.       -3497.291       6842.594       5585.270    0.000  -0.139   0.381   0.
  2017 352 22  2  5 493 352.918119145      -2.71      2.44     -2.27  0.       -3498.382       6842.673       5584.130    0.000  -0.139   0.381   0.
  2017 352 22  2  6 493 352.918130718      -2.53      3.01     -3.08  0.       -3499.473       6842.751       5582.991    0.000  -0.138   0.380   0.
  2017 352 22  2  7 494 352.918142292      -1.94      2.78     -3.34  0.       -3500.563       6842.830       5581.851    0.000  -0.138   0.380   0.
  2017 352 22  2  8 494 352.918153866      -1.81      2.20     -2.85  0.       -3501.654       6842.908       5580.710    0.000  -0.139   0.381   0.
  2017 352 22  2  9 494 352.918165440      -2.14      2.37     -2.56  0.       -3502.744       6842.985       5579.570    0.000  -0.139   0.381   0.
  2017 352 22  2 10 494 352.918177014      -2.74      2.65     -2.77  0.       -3503.834       6843.062       5578.429    0.000  -0.139   0.381   0.
  2017 352 22  2 11 494 352.918188588      -2.25      2.34     -3.04  0.       -3504.923       6843.139       5577.287    0.000  -0.139   0.381   0.
  2017 352 22  2 12 493 352.918200162      -2.21      2.39     -3.65  0.       -3506.013       6843.216       5576.146    0.000  -0.139   0.381   0.
  2017 352 22  2 13 493 352.918211736      -1.67      3.09     -3.71  0.       -3507.102       6843.292       5575.004    0.000  -0.139   0.381   0.
  2017 352 22  2 14 493 352.918223310      -1.90      3.48     -3.61  0.       -3508.192       6843.368       5573.862    0.000  -0.139   0.381   0.
  2017 352 22  2 15 493 352.918234884      -1.84      2.83     -2.89  0.       -3509.281       6843.443       5572.720    0.000  -0.139   0.381   0.
  2017 352 22  2 16 493 352.918246458      -1.62      2.09     -2.07  0.       -3510.370       6843.519       5571.578    0.000  -0.138   0.380   0.
  2017 352 22  2 17 494 352.918258032      -1.38      1.71     -1.36  0.       -3511.458       6843.594       5570.435    0.000  -0.138   0.380   0.
  2017 352 22  2 18 494 352.918269606      -1.46      0.82     -1.11  0.       -3512.547       6843.668       5569.292    0.000  -0.138   0.380   0.
  2017 352 22  2 19 493 352.918281181      -1.51      1.19     -1.14  0.       -3513.635       6843.742       5568.148    0.000  -0.138   0.380   0.
  2017 352 22  2 20 493 352.918292755      -0.85      1.66     -1.44  0.       -3514.723       6843.816       5567.004    0.000  -0.139   0.381   0.
  2017 352 22  2 21 494 352.918304329      -0.13      2.05     -2.16  0.       -3515.811       6843.889       5565.860    0.000  -0.139   0.381   0.
  2017 352 22  2 22 494 352.918315903       0.15      2.03     -3.18  0.       -3516.899       6843.962       5564.716    0.000  -0.139   0.381   0.
  2017 352 22  2 23 494 352.918327477       0.21      2.24     -3.15  0.       -3517.987       6844.035       5563.572    0.000  -0.139   0.381   0.
  2017 352 22  2 24 494 352.918339051      -0.16      2.55     -2.71  0.       -3519.074       6844.108       5562.427    0.000  -0.138   0.380   0.
  2017 352 22  2 25 494 352.918350625      -0.88      2.67     -2.29  0.       -3520.162       6844.180       5561.282    0.000  -0.138   0.380   0.
  2017 352 22  2 26 493 352.918362199      -1.11      2.26     -2.26  0.       -3521.249       6844.252       5560.136    0.000  -0.138   0.380   0.
  2017 352 22  2 27 493 352.918373773      -0.79      1.51     -3.28  0.       -3522.336       6844.323       5558.991    0.000  -0.138   0.380   0.
  2017 352 22  2 28 493 352.918385347      -0.40      2.07     -4.46  0.       -3523.423       6844.394       5557.845    0.000  -0.139   0.381   0.
  2017 352 22  2 29 493 352.918396921      -0.61      2.39     -4.32  0.       -3524.509       6844.465       5556.699    0.000  -0.139   0.381   0.
  2017 352 22  2 30 494 352.918408495      -0.67      2.23     -3.53  0.       -3525.596       6844.535       5555.552    0.000  -0.139   0.381   0.
  2017 352 22  2 31 494 352.918420069      -0.79      1.69     -2.91  0.       -3526.682       6844.605       5554.406    0.000  -0.139   0.381   0.
  2017 352 22  2 32 493 352.918431644      -0.86      2.59     -3.72  0.       -3527.768       6844.675       5553.258    0.000  -0.138   0.380   0.
  2017 352 22  2 33 493 352.918443218       0.20      2.29     -4.70  0.       -3528.854       6844.744       5552.111    0.000  -0.138   0.380   0.
  2017 352 22  2 34 494 352.918454792       0.18      1.19     -5.24  0.       -3529.940       6844.813       5550.964    0.000  -0.139   0.381   0.
  2017 352 22  2 35 494 352.918466365      -0.15      1.18     -5.37  0.       -3531.025       6844.882       5549.816    0.000  -0.139   0.381   0.
  2017 352 22  2 36 493 352.918477937      -0.22      1.55     -5.43  0.       -3532.110       6844.950       5548.668    0.000  -0.139   0.381   0.
  2017 352 22  2 37 493 352.918489511      -0.73      2.32     -5.61  0.       -3533.196       6845.018       5547.519    0.000  -0.139   0.381   0.
  2017 352 22  2 38 493 352.918501085      -1.09      2.42     -5.26  0.       -3534.281       6845.086       5546.371    0.000  -0.138   0.380   0.
  2017 352 22  2 39 493 352.918512659      -1.16      3.16     -4.71  0.       -3535.365       6845.153       5545.222    0.000  -0.138   0.380   0.
  2017 352 22  2 40 493 352.918524233      -1.54      3.06     -4.67  0.       -3536.450       6845.220       5544.072    0.000  -0.138   0.380   0.
  2017 352 22  2 41 493 352.918535807      -1.45      3.07     -3.55  0.       -3537.535       6845.287       5542.923    0.000  -0.138   0.380   0.
  2017 352 22  2 42 493 352.918547381      -0.89      2.62     -3.51  0.       -3538.619       6845.353       5541.773    0.000  -0.139   0.381   0.
  2017 352 22  2 43 493 352.918558955      -0.99      1.81     -4.14  0.       -3539.703       6845.419       5540.623    0.000  -0.139   0.381   0.
  2017 352 22  2 44 493 352.918570529      -1.71      1.36     -4.23  0.       -3540.787       6845.485       5539.473    0.000  -0.139   0.381   0.
  2017 352 22  2 45 493 352.918582104      -1.90      1.80     -4.13  0.       -3541.871       6845.550       5538.322    0.000  -0.139   0.381   0.
  2017 352 22  2 46 493 352.918593678      -1.61      2.04     -3.60  0.       -3542.954       6845.615       5537.171    0.000  -0.139   0.381   0.
  2017 352 22  2 47 493 352.918605252      -1.91      1.90     -2.68  0.       -3544.038       6845.680       5536.020    0.000  -0.139   0.381   0.
  2017 352 22  2 48 493 352.918616826      -2.27      2.04     -1.83  0.       -3545.121       6845.744       5534.868    0.000  -0.139   0.381   0.
  2017 352 22  2 49 493 352.918628400      -1.77      1.88     -1.93  0.       -3546.204       6845.808       5533.717    0.000  -0.139   0.381   0.
  2017 352 22  2 50 493 352.918639974      -0.45      1.90     -1.64  0.       -3547.287       6845.871       5532.565    0.000  -0.139   0.381   0.
  2017 352 22  2 51 493 352.918651548       0.21      2.17     -2.21  0.       -3548.370       6845.934       5531.412    0.000  -0.139   0.381   0.
  2017 352 22  2 52 493 352.918663122       0.42      1.88     -1.46  0.       -3549.452       6845.997       5530.260    0.000  -0.138   0.380   0.
  2017 352 22  2 53 493 352.918674696      -1.32      2.77     -1.68  0.       -3550.535       6846.060       5529.107    0.000  -0.138   0.380   0.
  2017 352 22  2 54 493 352.918686270      -2.21      2.46     -2.62  0.       -3551.617       6846.122       5527.954    0.000  -0.138   0.380   0.
  2017 352 22  2 55 493 352.918697844      -1.35      1.62     -2.60  0.       -3552.699       6846.184       5526.800    0.000  -0.138   0.380   0.
  2017 352 22  2 56 493 352.918709418      -0.72      2.01     -1.67  0.       -3553.780       6846.245       5525.647    0.000  -0.139   0.381   0.
  2017 352 22  2 57 493 352.918720992      -1.20      2.31     -1.17  0.       -3554.862       6846.306       5524.493    0.000  -0.139   0.381   0.
  2017 352 22  2 58 493 352.918732567      -1.52      2.31     -1.40  0.       -3555.944       6846.367       5523.338    0.000  -0.138   0.380   0.
  2017 352 22  2 59 493 352.918744141      -1.88      2.19     -1.57  0.       -3557.025       6846.428       5522.184    0.000  -0.138   0.380   0.
  2017 352 22  3  0 493 352.918755715      -1.83      2.01     -1.44  0.       -3558.106       6846.488       5521.029    0.000  -0.138   0.380   0.
  2017 352 22  3  1 493 352.918767289      -1.65      2.65     -1.31  0.       -3559.187       6846.548       5519.874    0.000  -0.138   0.380   0.
  2017 352 22  3  2 493 352.918778863      -1.06      2.82     -0.72  0.       -3560.268       6846.607       5518.719    0.000  -0.139   0.381   0.
  2017 352 22  3  3 493 352.918790436      -1.28      2.56     -0.59  0.       -3561.348       6846.666       5517.563    0.000  -0.139   0.381   0.
  2017 352 22  3  4 493 352.918802008      -0.96      2.68     -0.11  0.       -3562.429       6846.725       5516.407    0.000  -0.139   0.381   0.
  2017 352 22  3  5 493 352.918813582       0.29      2.73     -1.24  0.       -3563.509       6846.783       5515.251    0.000  -0.139   0.381   0.
  2017 352 22  3  6 493 352.918825156       1.92      3.00     -2.10  0.       -3564.589       6846.841       5514.094    0.000  -0.138   0.380   0.
  2017 352 22  3  7 493 352.918836730       2.93      1.43     -2.16  0.       -3565.669       6846.899       5512.938    0.000  -0.138   0.380   0.
  2017 352 22  3  8 493 352.918848304       1.89      1.19     -0.49  0.       -3566.748       6846.956       5511.781    0.000  -0.139   0.381   0.
  2017 352 22  3  9 493 352.918859879       0.27      2.13     -0.16  0.       -3567.828       6847.013       5510.623    0.000  -0.139   0.381   0.
  2017 352 22  3 10 493 352.918871453      -1.11      2.80     -0.52  0.       -3568.907       6847.070       5509.466    0.000  -0.139   0.381   0.
  2017 352 22  3 11 493 352.918883027      -1.21      2.07     -1.31  0.       -3569.986       6847.126       5508.308    0.000  -0.139   0.381   0.
  2017 352 22  3 12 493 352.918894601      -0.68      2.80     -3.01  0.       -3571.065       6847.182       5507.150    0.000  -0.138   0.380   0.
  2017 352 22  3 13 493 352.918906175      -0.50      3.13     -3.44  0.       -3572.144       6847.238       5505.991    0.000  -0.138   0.380   0.
  2017 352 22  3 14 493 352.918917749      -0.40      3.56     -3.85  0.       -3573.223       6847.293       5504.833    0.000  -0.138   0.380   0.
  2017 352 22  3 15 493 352.918929323      -0.18      3.94     -3.42  0.       -3574.301       6847.348       5503.674    0.000  -0.138   0.380   0.
  2017 352 22  3 16 493 352.918940897      -0.74      3.53     -2.64  0.       -3575.379       6847.403       5502.515    0.000  -0.139   0.381   0.
  2017 352 22  3 17 493 352.918952471      -0.58      3.09     -2.23  0.       -3576.457       6847.457       5501.355    0.000  -0.139   0.381   0.
  2017 352 22  3 18 493 352.918964045       0.82      2.39     -3.69  0.       -3577.535       6847.511       5500.195    0.000  -0.139   0.381   0.
  2017 352 22  3 19 493 352.918975619       1.02      2.56     -3.46  0.       -3578.613       6847.565       5499.035    0.000  -0.139   0.381   0.
  2017 352 22  3 20 493 352.918987193       0.14      2.46     -1.75  0.       -3579.690       6847.618       5497.875    0.000  -0.139   0.381   0.
  2017 352 22  3 21 493 352.918998767      -0.57      3.00     -1.19  0.       -3580.768       6847.671       5496.714    0.000  -0.139   0.381   0.
  2017 352 22  3 22 493 352.919010341      -0.82      2.88     -2.23  0.       -3581.845       6847.724       5495.554    0.000  -0.139   0.381   0.
  2017 352 22  3 23 493 352.919021916      -1.04      1.42     -2.77  0.       -3582.922       6847.776       5494.392    0.000  -0.139   0.381   0.
  2017 352 22  3 24 493 352.919033490      -0.86      0.62     -2.85  0.       -3583.999       6847.828       5493.231    0.000  -0.139   0.381   0.
  2017 352 22  3 25 493 352.919045064      -1.19      1.11     -1.82  0.       -3585.075       6847.879       5492.069    0.000  -0.139   0.381   0.
  2017 352 22  3 26 493 352.919056638      -2.02      1.67     -1.22  0.       -3586.152       6847.930       5490.907    0.000  -0.138   0.380   0.
  2017 352 22  3 27 493 352.919068212      -2.84      3.27     -0.43  0.       -3587.228       6847.981       5489.745    0.000  -0.138   0.380   0.
  2017 352 22  3 28 493 352.919079786      -3.08      3.25     -1.10  0.       -3588.304       6848.032       5488.583    0.000  -0.139   0.381   0.
  2017 352 22  3 29 493 352.919091360      -3.36      3.31     -2.14  0.       -3589.380       6848.082       5487.420    0.000  -0.139   0.381   0.
  2017 352 22  3 30 493 352.919102934      -2.95      3.20     -2.78  0.       -3590.456       6848.132       5486.257    0.000  -0.139   0.381   0.
  2017 352 22  3 31 493 352.919114508      -2.78      3.58     -2.93  0.       -3591.531       6848.181       5485.093    0.000  -0.139   0.381   0.
  2017 352 22  3 32 493 352.919126082      -2.66      3.74     -2.45  0.       -3592.607       6848.230       5483.930    0.000  -0.138   0.380   0.
  2017 352 22  3 33 493 352.919137655      -2.30      3.50     -2.35  0.       -3593.682       6848.279       5482.766    0.000  -0.138   0.380   0.
  2017 352 22  3 34 493 352.919149227      -0.59      3.59     -3.30  0.       -3594.757       6848.327       5481.601    0.000  -0.138   0.380   0.
  2017 352 22  3 35 493 352.919160802      -0.40      4.16     -3.15  0.       -3595.832       6848.376       5480.437    0.000  -0.138   0.380   0.
  2017 352 22  3 36 493 352.919172376      -0.46      3.28     -2.72  0.       -3596.906       6848.423       5479.272    0.000  -0.139   0.381   0.
  2017 352 22  3 37 493 352.919183950      -0.55      2.50     -1.61  0.       -3597.981       6848.471       5478.107    0.000  -0.139   0.381   0.
  2017 352 22  3 38 493 352.919195524      -1.02      1.96     -1.79  0.       -3599.055       6848.518       5476.942    0.000  -0.139   0.381   0.
  2017 352 22  3 39 493 352.919207098      -1.23      1.91     -1.25  0.       -3600.129       6848.564       5475.776    0.000  -0.139   0.381   0.
  2017 352 22  3 40 493 352.919218672      -1.10      2.08     -1.44  0.       -3601.203       6848.611       5474.610    0.000  -0.138   0.380   0.
  2017 352 22  3 41 493 352.919230246      -0.72      2.84     -1.45  0.       -3602.277       6848.657       5473.444    0.000  -0.138   0.380   0.
  2017 352 22  3 42 493 352.919241820      -0.25      2.88     -1.26  0.       -3603.350       6848.703       5472.278    0.000  -0.139   0.381   0.
  2017 352 22  3 43 493 352.919253394      -0.21      3.14     -0.73  0.       -3604.424       6848.748       5471.111    0.000  -0.139   0.381   0.
  2017 352 22  3 44 493 352.919264968      -0.81      3.56     -0.42  0.       -3605.497       6848.793       5469.944    0.000  -0.139   0.381   0.
  2017 352 22  3 45 493 352.919276542      -0.57      4.05     -0.49  0.       -3606.570       6848.837       5468.777    0.000  -0.139   0.381   0.
  2017 352 22  3 46 493 352.919288116      -0.33      3.75     -1.23  0.       -3607.643       6848.882       5467.610    0.000  -0.138   0.380   0.
  2017 352 22  3 47 493 352.919299690      -0.18      3.25     -1.56  0.       -3608.715       6848.926       5466.442    0.000  -0.138   0.380   0.
  2017 352 22  3 48 493 352.919311264      -1.24      3.33     -1.51  0.       -3609.788       6848.969       5465.274    0.000  -0.138   0.380   0.
  2017 352 22  3 49 493 352.919322839      -1.15      4.07     -1.42  0.       -3610.860       6849.013       5464.105    0.000  -0.138   0.380   0.
  2017 352 22  3 50 493 352.919334413       0.59      3.22     -3.34  0.       -3611.932       6849.056       5462.937    0.000  -0.139   0.381   0.
  2017 352 22  3 51 493 352.919345987      -0.02      4.08     -2.88  0.       -3613.004       6849.098       5461.768    0.000  -0.139   0.381   0.
  2017 352 22  3 52 493 352.919357561      -0.92      3.98     -1.69  0.       -3614.076       6849.140       5460.599    0.000  -0.139   0.381   0.
  2017 352 22  3 53 493 352.919369135      -1.33      3.41     -0.90  0.       -3615.148       6849.182       5459.429    0.000  -0.139   0.381   0.
  2017 352 22  3 54 493 352.919380709      -1.02      3.23     -1.01  0.       -3616.219       6849.224       5458.260    0.000  -0.138   0.380   0.
  2017 352 22  3 55 493 352.919392283      -0.17      3.11     -1.59  0.       -3617.290       6849.265       5457.090    0.000  -0.138   0.380   0.
  2017 352 22  3 56 493 352.919403857       0.52      3.21     -2.64  0.       -3618.361       6849.306       5455.920    0.000  -0.139   0.381   0.
  2017 352 22  3 57 493 352.919415431       0.92      3.41     -3.30  0.       -3619.432       6849.346       5454.749    0.000  -0.139   0.381   0.
  2017 352 22  3 58 493 352.919427005       0.45      3.14     -3.70  0.       -3620.503       6849.386       5453.578    0.000  -0.139   0.381   0.
  2017 352 22  3 59 493 352.919438579       0.36      3.27     -3.65  0.       -3621.573       6849.426       5452.407    0.000  -0.139   0.381   0.
  2017 352 22  4  0 493 352.919450153       0.19      3.25     -4.03  0.       -3622.643       6849.466       5451.236    0.000  -0.139   0.381   0.
  2017 352 22  4  1 493 352.919461727      -0.28      2.83     -3.33  0.       -3623.713       6849.505       5450.064    0.000  -0.139   0.381   0.
  2017 352 22  4  2 493 352.919473302      -2.01      2.24     -2.23  0.       -3624.783       6849.544       5448.892    0.000  -0.139   0.381   0.
  2017 352 22  4  3 493 352.919484875      -1.49      1.81     -2.48  0.       -3625.853       6849.582       5447.720    0.000  -0.139   0.381   0.
  2017 352 22  4  4 493 352.919496447       0.86      0.74     -4.35  0.       -3626.923       6849.620       5446.548    0.000  -0.139   0.381   0.
  2017 352 22  4  5 493 352.919508021       2.40      1.42     -4.88  0.       -3627.992       6849.658       5445.375    0.000  -0.139   0.381   0.
  2017 352 22  4  6 493 352.919519595       1.39      3.09     -4.16  0.       -3629.061       6849.695       5444.202    0.000  -0.139   0.381   0.
  2017 352 22  4  7 493 352.919531169      -0.21      3.56     -3.14  0.       -3630.130       6849.733       5443.029    0.000  -0.139   0.381   0.
  2017 352 22  4  8 492 352.919542743      -0.01      2.19     -2.86  0.       -3631.199       6849.769       5441.855    0.000  -0.138   0.380   0.
  2017 352 22  4  9 492 352.919554317       0.95      2.56     -3.65  0.       -3632.268       6849.806       5440.681    0.000  -0.138   0.380   0.
  2017 352 22  4 10 492 352.919565891       0.24      2.83     -3.77  0.       -3633.336       6849.842       5439.507    0.000  -0.139   0.381   0.
  2017 352 22  4 11 492 352.919577465       0.04      2.03     -3.39  0.       -3634.404       6849.877       5438.333    0.000  -0.139   0.381   0.
  2017 352 22  4 12 493 352.919589039      -0.83      2.49     -2.97  0.       -3635.472       6849.913       5437.158    0.000  -0.139   0.381   0.
  2017 352 22  4 13 493 352.919600613      -1.64      2.78     -2.38  0.       -3636.540       6849.948       5435.983    0.000  -0.139   0.381   0.
  2017 352 22  4 14 492 352.919612188      -2.32      2.15     -1.53  0.       -3637.608       6849.982       5434.808    0.000  -0.139   0.381   0.
  2017 352 22  4 15 492 352.919623762      -2.57      2.00     -0.80  0.       -3638.676       6850.017       5433.633    0.000  -0.139   0.381   0.
  2017 352 22  4 16 493 352.919635336      -1.87      2.09     -1.59  0.       -3639.743       6850.051       5432.457    0.000  -0.138   0.380   0.
  2017 352 22  4 17 493 352.919646910      -0.03      2.73     -3.16  0.       -3640.810       6850.084       5431.281    0.000  -0.138   0.380   0.
  2017 352 22  4 18 493 352.919658484      -0.18      2.24     -2.48  0.       -3641.877       6850.117       5430.105    0.000  -0.139   0.381   0.
  2017 352 22  4 19 493 352.919670058      -0.47      1.64     -2.52  0.       -3642.944       6850.150       5428.928    0.000  -0.139   0.381   0.
  2017 352 22  4 20 493 352.919681632      -1.20      1.81     -1.65  0.       -3644.010       6850.183       5427.751    0.000  -0.139   0.381   0.
  2017 352 22  4 21 492 352.919693206      -2.11      2.64     -0.79  0.       -3645.077       6850.216       5426.574    0.000  -0.139   0.381   0.
  2017 352 22  4 22 492 352.919704780      -2.74      2.73     -0.03  0.       -3646.143       6850.247       5425.397    0.000  -0.139   0.381   0.
  2017 352 22  4 23 492 352.919716354      -3.12      2.78      0.10  0.       -3647.209       6850.278       5424.219    0.000  -0.139   0.381   0.
  2017 352 22  4 24 492 352.919727928      -3.43      2.92      0.44  0.       -3648.275       6850.310       5423.041    0.000  -0.139   0.381   0.
  2017 352 22  4 25 492 352.919739502      -3.26      3.50      0.25  0.       -3649.341       6850.341       5421.863    0.000  -0.139   0.381   0.
  2017 352 22  4 26 493 352.919751076      -2.16      3.88     -1.33  0.       -3650.406       6850.371       5420.684    0.000  -0.139   0.381   0.
  2017 352 22  4 27 493 352.919762650      -1.69      3.21     -1.58  0.       -3651.472       6850.401       5419.506    0.000  -0.139   0.381   0.
  2017 352 22  4 28 492 352.919774225      -1.93      2.44     -1.74  0.       -3652.537       6850.431       5418.327    0.000  -0.139   0.381   0.
  2017 352 22  4 29 492 352.919785799      -2.20      2.27     -1.90  0.       -3653.602       6850.461       5417.147    0.000  -0.139   0.381   0.
  2017 352 22  4 30 493 352.919797373      -1.31      2.12     -2.07  0.       -3654.667       6850.490       5415.968    0.000  -0.139   0.381   0.
  2017 352 22  4 31 493 352.919808947      -0.22      2.97     -2.38  0.       -3655.731       6850.518       5414.788    0.000  -0.139   0.381   0.
  2017 352 22  4 32 493 352.919820521       0.81      2.97     -3.21  0.       -3656.796       6850.547       5413.608    0.000  -0.139   0.381   0.
  2017 352 22  4 33 493 352.919832095       0.62      2.89     -3.62  0.       -3657.860       6850.575       5412.427    0.000  -0.139   0.381   0.
  2017 352 22  4 34 493 352.919843669      -0.53      3.44     -3.37  0.       -3658.924       6850.603       5411.247    0.000  -0.139   0.381   0.
  2017 352 22  4 35 492 352.919855242      -0.84      3.57     -3.50  0.       -3659.988       6850.630       5410.066    0.000  -0.139   0.381   0.
  2017 352 22  4 36 492 352.919866814      -1.04      3.42     -3.32  0.       -3661.051       6850.657       5408.885    0.000  -0.139   0.381   0.
  2017 352 22  4 37 492 352.919878388      -1.16      3.07     -2.81  0.       -3662.115       6850.684       5407.703    0.000  -0.139   0.381   0.
  2017 352 22  4 38 492 352.919889962      -0.80      2.49     -2.77  0.       -3663.178       6850.710       5406.521    0.000  -0.139   0.381   0.
  2017 352 22  4 39 492 352.919901536      -0.29      1.58     -2.69  0.       -3664.241       6850.736       5405.339    0.000  -0.139   0.381   0.
  2017 352 22  4 40 492 352.919913111       0.19      1.36     -2.68  0.       -3665.304       6850.762       5404.157    0.000  -0.138   0.380   0.
  2017 352 22  4 41 492 352.919924685       0.58      1.82     -3.50  0.       -3666.367       6850.787       5402.974    0.000  -0.138   0.380   0.
  2017 352 22  4 42 492 352.919936259       0.44      1.83     -3.73  0.       -3667.429       6850.812       5401.792    0.000  -0.138   0.380   0.
  2017 352 22  4 43 492 352.919947833      -0.29      1.99     -3.08  0.       -3668.492       6850.837       5400.609    0.000  -0.138   0.380   0.
  2017 352 22  4 44 492 352.919959407      -0.65      2.16     -2.66  0.       -3669.554       6850.861       5399.425    0.000  -0.139   0.381   0.
  2017 352 22  4 45 492 352.919970981      -1.12      2.10     -2.34  0.       -3670.616       6850.885       5398.242    0.000  -0.139   0.381   0.
  2017 352 22  4 46 492 352.919982555      -1.19      2.16     -2.47  0.       -3671.678       6850.909       5397.058    0.000  -0.138   0.380   0.
  2017 352 22  4 47 492 352.919994129      -1.29      2.44     -2.71  0.       -3672.739       6850.932       5395.873    0.000  -0.138   0.380   0.
  2017 352 22  4 48 492 352.920005703      -1.51      2.55     -2.43  0.       -3673.801       6850.955       5394.689    0.000  -0.138   0.380   0.
  2017 352 22  4 49 492 352.920017277      -1.69      2.59     -2.41  0.       -3674.862       6850.977       5393.504    0.000  -0.138   0.380   0.
  2017 352 22  4 50 492 352.920028851      -1.08      1.74     -2.15  0.       -3675.923       6851.000       5392.319    0.000  -0.139   0.381   0.
  2017 352 22  4 51 492 352.920040425      -1.02      2.33     -1.91  0.       -3676.984       6851.021       5391.134    0.000  -0.139   0.381   0.
  2017 352 22  4 52 492 352.920051999      -1.10      2.68     -2.05  0.       -3678.045       6851.043       5389.948    0.000  -0.139   0.381   0.
  2017 352 22  4 53 492 352.920063573      -0.80      2.05     -1.62  0.       -3679.105       6851.064       5388.762    0.000  -0.139   0.381   0.
  2017 352 22  4 54 492 352.920075148      -0.67      2.32     -2.38  0.       -3680.166       6851.085       5387.576    0.000  -0.138   0.380   0.
  2017 352 22  4 55 492 352.920086722      -0.28      2.77     -4.15  0.       -3681.226       6851.105       5386.390    0.000  -0.138   0.380   0.
  2017 352 22  4 56 492 352.920098296       0.28      3.58     -4.14  0.       -3682.286       6851.126       5385.203    0.000  -0.139   0.381   0.
  2017 352 22  4 57 492 352.920109870       1.54      3.05     -4.24  0.       -3683.346       6851.145       5384.016    0.000  -0.139   0.381   0.
  2017 352 22  4 58 492 352.920121444       1.25      1.99     -2.83  0.       -3684.405       6851.165       5382.829    0.000  -0.139   0.381   0.
  2017 352 22  4 59 492 352.920133018       0.15      2.31     -1.84  0.       -3685.465       6851.184       5381.641    0.000  -0.139   0.381   0.
  2017 352 22  5  0 492 352.920144592      -1.20      2.96     -0.87  0.       -3686.524       6851.203       5380.454    0.000  -0.139   0.381   0.
  2017 352 22  5  1 492 352.920156166      -1.70      2.74     -0.48  0.       -3687.583       6851.221       5379.266    0.000  -0.139   0.381   0.
  2017 352 22  5  2 492 352.920167740      -0.44      2.56     -2.48  0.       -3688.642       6851.239       5378.077    0.000  -0.139   0.381   0.
  2017 352 22  5  3 492 352.920179314      -0.58      3.38     -2.66  0.       -3689.700       6851.257       5376.889    0.000  -0.139   0.381   0.
  2017 352 22  5  4 492 352.920190888      -1.71      2.91     -1.53  0.       -3690.759       6851.274       5375.700    0.000  -0.139   0.381   0.
  2017 352 22  5  5 492 352.920202461      -2.30      2.09     -1.29  0.       -3691.817       6851.291       5374.511    0.000  -0.139   0.381   0.
  2017 352 22  5  6 492 352.920214034      -1.77      1.64     -0.86  0.       -3692.875       6851.308       5373.321    0.000  -0.139   0.381   0.
  2017 352 22  5  7 492 352.920225608      -0.38      2.60     -2.43  0.       -3693.933       6851.324       5372.132    0.000  -0.139   0.381   0.
  2017 352 22  5  8 492 352.920237182      -0.39      2.88     -2.73  0.       -3694.991       6851.340       5370.942    0.000  -0.139   0.381   0.
  2017 352 22  5  9 492 352.920248756      -1.04      3.23     -1.89  0.       -3696.048       6851.356       5369.752    0.000  -0.139   0.381   0.
  2017 352 22  5 10 492 352.920260330      -1.74      2.90     -1.11  0.       -3697.106       6851.371       5368.561    0.000  -0.139   0.381   0.
  2017 352 22  5 11 492 352.920271904      -2.07      2.12      0.24  0.       -3698.163       6851.386       5367.370    0.000  -0.139   0.381   0.
  2017 352 22  5 12 492 352.920283478      -1.04      1.76      0.26  0.       -3699.220       6851.400       5366.179    0.000  -0.139   0.381   0.
  2017 352 22  5 13 492 352.920295052      -0.09      2.60     -1.31  0.       -3700.276       6851.415       5364.988    0.000  -0.139   0.381   0.
  2017 352 22  5 14 492 352.920306626       0.43      2.56     -2.38  0.       -3701.333       6851.428       5363.796    0.000  -0.139   0.381   0.
  2017 352 22  5 15 492 352.920318200       0.46      3.26     -2.26  0.       -3702.390       6851.442       5362.605    0.000  -0.139   0.381   0.
  2017 352 22  5 16 492 352.920329774      -0.04      3.19     -2.34  0.       -3703.445       6851.455       5361.413    0.000  -0.139   0.381   0.
  2017 352 22  5 17 492 352.920341348      -0.15      2.86     -2.46  0.       -3704.502       6851.468       5360.220    0.000  -0.139   0.381   0.
  2017 352 22  5 18 492 352.920352923       0.40      3.06     -2.64  0.       -3705.557       6851.481       5359.028    0.000  -0.139   0.381   0.
  2017 352 22  5 19 492 352.920364497       0.50      2.97     -2.41  0.       -3706.613       6851.493       5357.835    0.000  -0.139   0.381   0.
  2017 352 22  5 20 492 352.920376071      -0.20      3.00     -2.50  0.       -3707.669       6851.505       5356.641    0.000  -0.139   0.381   0.
  2017 352 22  5 21 492 352.920387645      -0.11      2.31     -2.80  0.       -3708.724       6851.516       5355.448    0.000  -0.139   0.381   0.
  2017 352 22  5 22 492 352.920399219       0.69      1.82     -3.02  0.       -3709.779       6851.527       5354.254    0.000  -0.139   0.381   0.
  2017 352 22  5 23 492 352.920410793       0.06      1.51     -2.56  0.       -3710.834       6851.538       5353.060    0.000  -0.139   0.381   0.
  2017 352 22  5 24 492 352.920422367      -0.51      1.40     -2.29  0.       -3711.889       6851.548       5351.866    0.000  -0.139   0.381   0.
  2017 352 22  5 25 492 352.920433941      -0.24      1.49     -1.94  0.       -3712.943       6851.558       5350.671    0.000  -0.139   0.381   0.
  2017 352 22  5 26 492 352.920445515       0.18      1.80     -2.24  0.       -3713.998       6851.568       5349.476    0.000  -0.139   0.381   0.
  2017 352 22  5 27 492 352.920457089       0.46      2.22     -2.41  0.       -3715.052       6851.577       5348.281    0.000  -0.139   0.381   0.
  2017 352 22  5 28 492 352.920468663       0.72      2.47     -2.56  0.       -3716.106       6851.586       5347.086    0.000  -0.139   0.381   0.
  2017 352 22  5 29 492 352.920480237       0.78      2.68     -3.39  0.       -3717.159       6851.595       5345.890    0.000  -0.139   0.381   0.
  2017 352 22  5 30 492 352.920491811      -0.03      1.98     -3.20  0.       -3718.213       6851.604       5344.694    0.000  -0.139   0.381   0.
  2017 352 22  5 31 492 352.920503385      -0.99      1.59     -2.83  0.       -3719.267       6851.611       5343.498    0.000  -0.139   0.381   0.
  2017 352 22  5 32 492 352.920514959      -1.40      1.31     -2.12  0.       -3720.320       6851.619       5342.302    0.000  -0.139   0.381   0.
  2017 352 22  5 33 492 352.920526532      -1.45      1.98     -1.54  0.       -3721.373       6851.626       5341.105    0.000  -0.139   0.381   0.
  2017 352 22  5 34 492 352.920538105      -1.29      2.21     -1.96  0.       -3722.426       6851.633       5339.908    0.000  -0.139   0.381   0.
  2017 352 22  5 35 492 352.920549679      -0.95      3.12     -1.74  0.       -3723.478       6851.640       5338.711    0.000  -0.139   0.381   0.
  2017 352 22  5 36 492 352.920561253      -0.30      3.09     -2.06  0.       -3724.531       6851.646       5337.513    0.000  -0.139   0.381   0.
  2017 352 22  5 37 492 352.920572827       0.06      2.94     -2.42  0.       -3725.583       6851.652       5336.315    0.000  -0.139   0.381   0.
  2017 352 22  5 38 492 352.920584401       0.46      3.03     -2.16  0.       -3726.635       6851.658       5335.117    0.000  -0.139   0.381   0.
  2017 352 22  5 39 492 352.920595975      -0.08      3.68     -1.18  0.       -3727.687       6851.663       5333.919    0.000  -0.139   0.381   0.
  2017 352 22  5 40 492 352.920607549      -0.28      3.08     -1.04  0.       -3728.739       6851.668       5332.720    0.000  -0.139   0.381   0.
  2017 352 22  5 41 492 352.920619123      -0.40      2.32     -1.80  0.       -3729.790       6851.672       5331.522    0.000  -0.139   0.381   0.
  2017 352 22  5 42 492 352.920630697       0.55      2.65     -2.02  0.       -3730.841       6851.676       5330.322    0.000  -0.139   0.381   0.
  2017 352 22  5 43 492 352.920642271       1.17      2.33     -2.57  0.       -3731.893       6851.680       5329.123    0.000  -0.139   0.381   0.
  2017 352 22  5 44 492 352.920653846       1.15      2.17     -2.81  0.       -3732.943       6851.684       5327.923    0.000  -0.139   0.381   0.
  2017 352 22  5 45 492 352.920665420       0.78      1.52     -2.59  0.       -3733.994       6851.687       5326.723    0.000  -0.139   0.381   0.
  2017 352 22  5 46 492 352.920676994       0.65      1.63     -1.98  0.       -3735.045       6851.690       5325.523    0.000  -0.139   0.381   0.
  2017 352 22  5 47 492 352.920688568       0.76      1.74     -1.78  0.       -3736.095       6851.692       5324.322    0.000  -0.139   0.381   0.
  2017 352 22  5 48 492 352.920700142      -0.01      1.22     -1.73  0.       -3737.145       6851.694       5323.122    0.000  -0.139   0.381   0.
  2017 352 22  5 49 492 352.920711716      -0.30      1.33     -2.38  0.       -3738.195       6851.696       5321.921    0.000  -0.139   0.381   0.
  2017 352 22  5 50 492 352.920723290      -0.37      1.89     -3.17  0.       -3739.245       6851.697       5320.719    0.000  -0.139   0.381   0.
  2017 352 22  5 51 492 352.920734864      -0.92      1.98     -3.71  0.       -3740.295       6851.698       5319.518    0.000  -0.139   0.381   0.
  2017 352 22  5 52 492 352.920746438      -0.24      1.93     -3.58  0.       -3741.344       6851.699       5318.316    0.000  -0.139   0.381   0.
  2017 352 22  5 53 492 352.920758012      -0.22      1.70     -3.54  0.       -3742.393       6851.699       5317.114    0.000  -0.139   0.381   0.
  2017 352 22  5 54 492 352.920769586      -0.26      2.26     -3.92  0.       -3743.442       6851.699       5315.911    0.000  -0.139   0.381   0.
  2017 352 22  5 55 492 352.920781160      -0.30      2.18     -3.42  0.       -3744.491       6851.699       5314.709    0.000  -0.139   0.381   0.
  2017 352 22  5 56 492 352.920792734      -0.21      2.33     -2.84  0.       -3745.540       6851.698       5313.506    0.000  -0.139   0.381   0.
  2017 352 22  5 57 492 352.920804308      -0.68      2.07     -2.95  0.       -3746.588       6851.697       5312.302    0.000  -0.139   0.381   0.
  2017 352 22  5 58 492 352.920815883      -1.19      1.89     -2.77  0.       -3747.637       6851.696       5311.099    0.000  -0.139   0.381   0.
  2017 352 22  5 59 492 352.920827457      -1.48      1.46     -2.72  0.       -3748.685       6851.694       5309.895    0.000  -0.139   0.381   0.
  2017 352 22  6  0 492 352.920839031      -1.23      1.31     -2.07  0.       -3749.733       6851.692       5308.691    0.000  -0.139   0.381   0.
  2017 352 22  6  1 492 352.920850605      -1.41      1.44     -1.64  0.       -3750.780       6851.689       5307.487    0.000  -0.139   0.381   0.
  2017 352 22  6  2 492 352.920862179      -1.50      1.56     -2.30  0.       -3751.828       6851.687       5306.282    0.000  -0.139   0.381   0.
  2017 352 22  6  3 491 352.920873752      -0.97      2.00     -2.54  0.       -3752.875       6851.683       5305.077    0.000  -0.139   0.381   0.
  2017 352 22  6  4 491 352.920885324      -0.81      2.57     -2.79  0.       -3753.922       6851.680       5303.872    0.000  -0.139   0.381   0.
  2017 352 22  6  5 491 352.920896898      -0.58      2.71     -2.61  0.       -3754.969       6851.676       5302.667    0.000  -0.139   0.381   0.
  2017 352 22  6  6 491 352.920908472      -0.42      1.88     -1.68  0.       -3756.016       6851.672       5301.461    0.000  -0.139   0.381   0.
  2017 352 22  6  7 491 352.920920046      -0.84      1.78     -1.26  0.       -3757.063       6851.667       5300.255    0.000  -0.139   0.381   0.
  2017 352 22  6  8 492 352.920931620      -1.26      2.23     -0.92  0.       -3758.109       6851.662       5299.049    0.000  -0.139   0.381   0.
  2017 352 22  6  9 492 352.920943194      -1.75      2.30     -0.07  0.       -3759.155       6851.657       5297.843    0.000  -0.139   0.381   0.
  2017 352 22  6 10 491 352.920954769      -1.41      2.39     -0.29  0.       -3760.201       6851.652       5296.636    0.000  -0.139   0.381   0.
  2017 352 22  6 11 491 352.920966343      -0.95      2.77     -0.72  0.       -3761.247       6851.646       5295.429    0.000  -0.139   0.381   0.
  2017 352 22  6 12 492 352.920977917      -0.70      2.83     -0.38  0.       -3762.293       6851.639       5294.222    0.000  -0.139   0.381   0.
  2017 352 22  6 13 492 352.920989491      -1.01      2.74     -0.84  0.       -3763.338       6851.633       5293.014    0.000  -0.139   0.381   0.
  2017 352 22  6 14 492 352.921001065      -1.79      2.72     -1.56  0.       -3764.383       6851.626       5291.806    0.000  -0.139   0.381   0.
  2017 352 22  6 15 492 352.921012639      -1.84      2.65     -1.26  0.       -3765.428       6851.619       5290.598    0.000  -0.139   0.381   0.
  2017 352 22  6 16 492 352.921024213      -1.62      2.84     -1.09  0.       -3766.473       6851.611       5289.390    0.000  -0.139   0.381   0.
  2017 352 22  6 17 491 352.921035787      -1.89      3.09     -0.44  0.       -3767.518       6851.603       5288.181    0.000  -0.139   0.381   0.
  2017 352 22  6 18 491 352.921047361      -1.62      2.96     -0.89  0.       -3768.562       6851.594       5286.972    0.000  -0.139   0.381   0.
  2017 352 22  6 19 491 352.921058935      -0.91      2.63     -2.18  0.       -3769.607       6851.586       5285.763    0.000  -0.139   0.381   0.
  2017 352 22  6 20 491 352.921070509      -1.15      3.28     -2.51  0.       -3770.651       6851.577       5284.554    0.000  -0.139   0.381   0.
  2017 352 22  6 21 491 352.921082083      -1.12      2.84     -2.75  0.       -3771.694       6851.567       5283.344    0.000  -0.139   0.381   0.
  2017 352 22  6 22 492 352.921093657      -0.90      2.67     -2.23  0.       -3772.738       6851.558       5282.134    0.000  -0.139   0.381   0.
  2017 352 22  6 23 492 352.921105231       0.03      2.04     -2.23  0.       -3773.782       6851.547       5280.924    0.000  -0.139   0.381   0.
  2017 352 22  6 24 491 352.921116806       0.62      1.73     -2.57  0.       -3774.825       6851.537       5279.714    0.000  -0.139   0.381   0.
  2017 352 22  6 25 491 352.921128380       0.76      1.86     -2.91  0.       -3775.868       6851.526       5278.503    0.000  -0.139   0.381   0.
  2017 352 22  6 26 492 352.921139954       0.04      2.40     -2.82  0.       -3776.911       6851.515       5277.292    0.000  -0.139   0.381   0.
  2017 352 22  6 27 492 352.921151528      -1.07      2.83     -1.36  0.       -3777.954       6851.503       5276.080    0.000  -0.139   0.381   0.
  2017 352 22  6 28 492 352.921163102      -1.05      3.04     -1.17  0.       -3778.996       6851.492       5274.869    0.000  -0.138   0.380   0.
  2017 352 22  6 29 492 352.921174676      -1.09      3.13     -1.62  0.       -3780.039       6851.479       5273.657    0.000  -0.138   0.380   0.
  2017 352 22  6 30 492 352.921186250      -1.42      3.13     -1.79  0.       -3781.081       6851.467       5272.445    0.000  -0.139   0.381   0.
  2017 352 22  6 31 491 352.921197824      -1.35      3.22     -2.36  0.       -3782.123       6851.454       5271.232    0.000  -0.139   0.381   0.
  2017 352 22  6 32 491 352.921209398      -1.56      2.93     -2.11  0.       -3783.164       6851.441       5270.020    0.000  -0.139   0.381   0.
  2017 352 22  6 33 491 352.921220971      -2.17      1.42     -2.25  0.       -3784.206       6851.427       5268.807    0.000  -0.139   0.381   0.
  2017 352 22  6 34 491 352.921232543      -1.83      0.91     -3.33  0.       -3785.247       6851.413       5267.594    0.000  -0.139   0.381   0.
  2017 352 22  6 35 491 352.921244117      -0.51      1.08     -3.68  0.       -3786.289       6851.399       5266.380    0.000  -0.139   0.381   0.
  2017 352 22  6 36 491 352.921255692      -0.06      1.31     -4.12  0.       -3787.330       6851.384       5265.166    0.000  -0.139   0.381   0.
  2017 352 22  6 37 491 352.921267266       0.27      2.04     -3.47  0.       -3788.370       6851.369       5263.952    0.000  -0.139   0.381   0.
  2017 352 22  6 38 491 352.921278840      -0.07      2.30     -2.28  0.       -3789.411       6851.354       5262.738    0.000  -0.139   0.381   0.
  2017 352 22  6 39 491 352.921290414      -0.74      2.33     -2.01  0.       -3790.452       6851.338       5261.524    0.000  -0.139   0.381   0.
  2017 352 22  6 40 491 352.921301988      -0.60      1.25     -2.30  0.       -3791.492       6851.322       5260.309    0.000  -0.139   0.381   0.
  2017 352 22  6 41 491 352.921313562       0.05      1.01     -2.56  0.       -3792.532       6851.306       5259.094    0.000  -0.139   0.381   0.
  2017 352 22  6 42 491 352.921325136       0.63      1.49     -2.78  0.       -3793.572       6851.289       5257.878    0.000  -0.139   0.381   0.
  2017 352 22  6 43 491 352.921336710       0.88      2.16     -2.72  0.       -3794.611       6851.272       5256.663    0.000  -0.139   0.381   0.
  2017 352 22  6 44 491 352.921348284      -0.86      2.88     -1.69  0.       -3795.651       6851.254       5255.447    0.000  -0.139   0.381   0.
  2017 352 22  6 45 491 352.921359858      -1.60      2.96     -0.97  0.       -3796.690       6851.236       5254.231    0.000  -0.139   0.381   0.
  2017 352 22  6 46 491 352.921371432      -1.85      2.95     -1.47  0.       -3797.729       6851.218       5253.014    0.000  -0.139   0.381   0.
  2017 352 22  6 47 491 352.921383006      -0.86      1.96     -2.89  0.       -3798.768       6851.200       5251.798    0.000  -0.139   0.381   0.
  2017 352 22  6 48 491 352.921394580      -0.63      1.72     -3.56  0.       -3799.806       6851.181       5250.581    0.000  -0.139   0.381   0.
  2017 352 22  6 49 491 352.921406155      -0.15      1.29     -3.88  0.       -3800.845       6851.162       5249.364    0.000  -0.139   0.381   0.
  2017 352 22  6 50 491 352.921417729      -0.05      1.81     -4.59  0.       -3801.883       6851.142       5248.146    0.000  -0.139   0.381   0.
  2017 352 22  6 51 491 352.921429303      -0.75      3.20     -4.90  0.       -3802.921       6851.122       5246.928    0.000  -0.139   0.381   0.
  2017 352 22  6 52 491 352.921440877      -0.95      3.94     -4.38  0.       -3803.959       6851.102       5245.710    0.000  -0.139   0.381   0.
  2017 352 22  6 53 491 352.921452451      -0.69      3.84     -4.32  0.       -3804.997       6851.082       5244.492    0.000  -0.139   0.381   0.
  2017 352 22  6 54 491 352.921464025      -0.50      2.99     -3.93  0.       -3806.034       6851.061       5243.273    0.000  -0.139   0.381   0.
  2017 352 22  6 55 491 352.921475599      -0.60      2.77     -3.34  0.       -3807.072       6851.039       5242.055    0.000  -0.139   0.381   0.
  2017 352 22  6 56 491 352.921487173      -0.96      3.01     -3.47  0.       -3808.109       6851.018       5240.836    0.000  -0.139   0.381   0.
  2017 352 22  6 57 491 352.921498747      -0.78      2.85     -3.53  0.       -3809.146       6850.996       5239.616    0.000  -0.139   0.381   0.
  2017 352 22  6 58 491 352.921510321       0.13      2.44     -3.07  0.       -3810.182       6850.973       5238.397    0.000  -0.139   0.381   0.
  2017 352 22  6 59 491 352.921521895       0.36      1.92     -2.57  0.       -3811.219       6850.951       5237.177    0.000  -0.139   0.381   0.
  2017 352 22  7  0 491 352.921533469       0.15      2.53     -2.15  0.       -3812.255       6850.928       5235.956    0.000  -0.139   0.381   0.
  2017 352 22  7  1 491 352.921545043      -0.15      2.91     -2.82  0.       -3813.292       6850.904       5234.736    0.000  -0.139   0.381   0.
  2017 352 22  7  2 491 352.921556617      -1.10      3.23     -3.78  0.       -3814.327       6850.881       5233.515    0.000  -0.139   0.381   0.
  2017 352 22  7  3 491 352.921568191      -0.78      2.98     -3.23  0.       -3815.363       6850.856       5232.294    0.000  -0.139   0.381   0.
  2017 352 22  7  4 491 352.921579763      -0.44      2.95     -2.62  0.       -3816.399       6850.832       5231.073    0.000  -0.139   0.381   0.
  2017 352 22  7  5 491 352.921591337      -0.83      2.87     -2.42  0.       -3817.434       6850.807       5229.852    0.000  -0.139   0.381   0.
  2017 352 22  7  6 491 352.921602911      -1.01      2.73     -2.08  0.       -3818.469       6850.782       5228.630    0.000  -0.138   0.380   0.
  2017 352 22  7  7 491 352.921614485      -1.30      2.73     -1.82  0.       -3819.504       6850.756       5227.408    0.000  -0.138   0.380   0.
  2017 352 22  7  8 491 352.921626059      -1.47      2.76     -1.46  0.       -3820.539       6850.731       5226.186    0.000  -0.139   0.381   0.
  2017 352 22  7  9 491 352.921637633      -0.52      2.36     -2.58  0.       -3821.574       6850.704       5224.963    0.000  -0.139   0.381   0.
  2017 352 22  7 10 491 352.921649207       0.02      2.43     -3.64  0.       -3822.608       6850.678       5223.740    0.000  -0.139   0.381   0.
  2017 352 22  7 11 491 352.921660781      -0.38      2.63     -2.68  0.       -3823.642       6850.651       5222.517    0.000  -0.139   0.381   0.
  2017 352 22  7 12 491 352.921672355      -0.01      2.79     -1.59  0.       -3824.676       6850.624       5221.294    0.000  -0.139   0.381   0.
  2017 352 22  7 13 491 352.921683929      -0.13      3.40     -1.83  0.       -3825.710       6850.596       5220.070    0.000  -0.139   0.381   0.
  2017 352 22  7 14 491 352.921695503      -1.00      3.29     -1.87  0.       -3826.744       6850.568       5218.846    0.000  -0.139   0.381   0.
  2017 352 22  7 15 491 352.921707077      -1.31      2.08     -2.43  0.       -3827.777       6850.540       5217.622    0.000  -0.139   0.381   0.
  2017 352 22  7 16 491 352.921718652      -2.09      2.27     -2.18  0.       -3828.810       6850.511       5216.397    0.000  -0.139   0.381   0.
  2017 352 22  7 17 491 352.921730226      -1.86      2.37     -2.28  0.       -3829.843       6850.482       5215.173    0.000  -0.139   0.381   0.
  2017 352 22  7 18 491 352.921741800      -2.02      2.74     -1.95  0.       -3830.876       6850.453       5213.948    0.000  -0.139   0.381   0.
  2017 352 22  7 19 491 352.921753374      -2.13      2.55     -1.81  0.       -3831.909       6850.423       5212.722    0.000  -0.139   0.381   0.
  2017 352 22  7 20 491 352.921764948      -1.80      2.13     -2.06  0.       -3832.941       6850.393       5211.497    0.000  -0.139   0.381   0.
  2017 352 22  7 21 491 352.921776522      -1.14      2.49     -2.12  0.       -3833.973       6850.363       5210.271    0.000  -0.139   0.381   0.
  2017 352 22  7 22 491 352.921788096      -1.23      2.76     -1.41  0.       -3835.005       6850.332       5209.045    0.000  -0.139   0.381   0.
  2017 352 22  7 23 491 352.921799670      -1.76      2.93     -0.61  0.       -3836.037       6850.301       5207.819    0.000  -0.139   0.381   0.
  2017 352 22  7 24 491 352.921811244      -1.95      3.28     -0.32  0.       -3837.069       6850.270       5206.592    0.000  -0.139   0.381   0.
  2017 352 22  7 25 491 352.921822818      -1.85      3.51     -0.21  0.       -3838.100       6850.238       5205.365    0.000  -0.139   0.381   0.
  2017 352 22  7 26 491 352.921834392      -1.44      3.76     -0.83  0.       -3839.132       6850.205       5204.138    0.000  -0.139   0.381   0.
  2017 352 22  7 27 491 352.921845966      -2.03      3.29     -2.11  0.       -3840.163       6850.173       5202.911    0.000  -0.139   0.381   0.
  2017 352 22  7 28 491 352.921857541      -2.33      1.80     -2.93  0.       -3841.193       6850.140       5201.683    0.000  -0.139   0.381   0.
  2017 352 22  7 29 491 352.921869115      -2.16      1.67     -3.60  0.       -3842.224       6850.107       5200.455    0.000  -0.139   0.381   0.
  2017 352 22  7 30 491 352.921880689      -1.90      2.40     -3.18  0.       -3843.255       6850.073       5199.227    0.000  -0.139   0.381   0.
  2017 352 22  7 31 491 352.921892263      -1.41      3.28     -3.15  0.       -3844.285       6850.039       5197.999    0.000  -0.139   0.381   0.
  2017 352 22  7 32 491 352.921903837      -1.61      3.64     -2.59  0.       -3845.315       6850.005       5196.770    0.000  -0.139   0.381   0.
  2017 352 22  7 33 491 352.921915410      -2.50      4.04     -2.27  0.       -3846.345       6849.971       5195.541    0.000  -0.139   0.381   0.
  2017 352 22  7 34 491 352.921926982      -2.93      3.73     -2.46  0.       -3847.374       6849.936       5194.312    0.000  -0.139   0.381   0.
  2017 352 22  7 35 491 352.921938556      -3.33      2.76     -2.24  0.       -3848.404       6849.900       5193.082    0.000  -0.139   0.381   0.
  2017 352 22  7 36 491 352.921950130      -2.86      2.66     -1.79  0.       -3849.433       6849.865       5191.852    0.000  -0.139   0.381   0.
  2017 352 22  7 37 491 352.921961704      -2.36      3.02     -2.34  0.       -3850.462       6849.829       5190.622    0.000  -0.139   0.381   0.
  2017 352 22  7 38 491 352.921973278      -1.45      2.43     -2.18  0.       -3851.491       6849.792       5189.392    0.000  -0.139   0.381   0.
  2017 352 22  7 39 491 352.921984852      -1.35      2.44     -2.13  0.       -3852.520       6849.756       5188.162    0.000  -0.139   0.381   0.
  2017 352 22  7 40 491 352.921996427      -1.67      2.91     -2.03  0.       -3853.548       6849.718       5186.931    0.000  -0.139   0.381   0.
  2017 352 22  7 41 491 352.922008001      -1.60      3.17     -2.47  0.       -3854.577       6849.681       5185.700    0.000  -0.139   0.381   0.
  2017 352 22  7 42 491 352.922019575      -1.89      2.40     -1.77  0.       -3855.605       6849.643       5184.468    0.000  -0.139   0.381   0.
  2017 352 22  7 43 491 352.922031149      -1.08      1.79     -1.73  0.       -3856.633       6849.605       5183.237    0.000  -0.139   0.381   0.
  2017 352 22  7 44 491 352.922042723      -0.55      2.32     -0.71  0.       -3857.660       6849.567       5182.004    0.000  -0.138   0.380   0.
  2017 352 22  7 45 491 352.922054297      -0.49      2.68     -0.92  0.       -3858.688       6849.528       5180.773    0.000  -0.138   0.380   0.
  2017 352 22  7 46 491 352.922065871      -0.75      2.56     -1.00  0.       -3859.715       6849.489       5179.540    0.000  -0.139   0.381   0.
  2017 352 22  7 47 491 352.922077445      -0.14      2.25     -1.05  0.       -3860.742       6849.449       5178.307    0.000  -0.139   0.381   0.
  2017 352 22  7 48 491 352.922089019       0.34      1.82     -0.17  0.       -3861.769       6849.409       5177.074    0.000  -0.139   0.381   0.
  2017 352 22  7 49 491 352.922100593       0.70      2.69      0.88  0.       -3862.796       6849.369       5175.841    0.000  -0.139   0.381   0.
  2017 352 22  7 50 491 352.922112167       0.96      2.33     -0.15  0.       -3863.822       6849.329       5174.608    0.000  -0.139   0.381   0.
  2017 352 22  7 51 491 352.922123741      -0.43      2.67     -1.35  0.       -3864.849       6849.288       5173.374    0.000  -0.139   0.381   0.
  2017 352 22  7 52 491 352.922135315      -1.10      1.92     -0.94  0.       -3865.875       6849.246       5172.140    0.000  -0.139   0.381   0.
  2017 352 22  7 53 491 352.922146889      -0.70      1.71     -1.55  0.       -3866.901       6849.205       5170.905    0.000  -0.139   0.381   0.
  2017 352 22  7 54 491 352.922158464      -1.22      1.75     -1.74  0.       -3867.926       6849.163       5169.671    0.000  -0.139   0.381   0.
  2017 352 22  7 55 491 352.922170038      -1.10      2.31     -2.03  0.       -3868.952       6849.120       5168.436    0.000  -0.139   0.381   0.
  2017 352 22  7 56 491 352.922181612      -0.36      3.37     -1.95  0.       -3869.977       6849.078       5167.201    0.000  -0.139   0.381   0.
  2017 352 22  7 57 491 352.922193186      -0.01      2.79     -1.16  0.       -3871.002       6849.035       5165.966    0.000  -0.139   0.381   0.
  2017 352 22  7 58 491 352.922204760      -0.28      2.49     -1.68  0.       -3872.027       6848.991       5164.730    0.000  -0.139   0.381   0.
  2017 352 22  7 59 491 352.922216334      -0.55      2.96     -2.32  0.       -3873.052       6848.948       5163.494    0.000  -0.139   0.381   0.
  2017 352 22  8  0 491 352.922227908       0.32      2.25     -2.01  0.       -3874.077       6848.903       5162.258    0.000  -0.139   0.381   0.
  2017 352 22  8  1 491 352.922239482       1.07      1.18     -0.49  0.       -3875.101       6848.859       5161.022    0.000  -0.139   0.381   0.
  2017 352 22  8  2 491 352.922251056       0.85      1.19      1.11  0.       -3876.125       6848.814       5159.785    0.000  -0.139   0.381   0.
  2017 352 22  8  3 490 352.922262629       0.95      1.32      0.29  0.       -3877.149       6848.769       5158.548    0.000  -0.139   0.381   0.
  2017 352 22  8  4 491 352.922274201       0.73      1.84     -0.08  0.       -3878.173       6848.723       5157.311    0.000  -0.139   0.381   0.
  2017 352 22  8  5 491 352.922285775       0.81      1.70      0.14  0.       -3879.196       6848.678       5156.073    0.000  -0.139   0.381   0.
  2017 352 22  8  6 490 352.922297350       1.07      2.19     -0.52  0.       -3880.220       6848.631       5154.835    0.000  -0.139   0.381   0.
  2017 352 22  8  7 490 352.922308924       0.17      2.95     -1.25  0.       -3881.243       6848.585       5153.597    0.000  -0.139   0.381   0.
  2017 352 22  8  8 491 352.922320498       0.78      3.13     -0.83  0.       -3882.266       6848.538       5152.359    0.000  -0.139   0.381   0.
  2017 352 22  8  9 491 352.922332072       0.56      1.77     -0.93  0.       -3883.288       6848.491       5151.121    0.000  -0.139   0.381   0.
  2017 352 22  8 10 491 352.922343646       0.15      1.10     -0.87  0.       -3884.311       6848.443       5149.882    0.000  -0.139   0.381   0.
  2017 352 22  8 11 491 352.922355220       0.62      1.33     -1.69  0.       -3885.333       6848.395       5148.643    0.000  -0.139   0.381   0.
  2017 352 22  8 12 491 352.922366794      -0.19      2.10     -1.72  0.       -3886.355       6848.347       5147.403    0.000  -0.139   0.381   0.
  2017 352 22  8 13 490 352.922378368      -0.23      2.89     -2.12  0.       -3887.377       6848.298       5146.164    0.000  -0.139   0.381   0.
  2017 352 22  8 14 490 352.922389942      -0.36      3.14     -1.22  0.       -3888.399       6848.249       5144.924    0.000  -0.139   0.381   0.
  2017 352 22  8 15 490 352.922401516       1.18      2.47     -1.33  0.       -3889.420       6848.200       5143.684    0.000  -0.139   0.381   0.
  2017 352 22  8 16 490 352.922413090       0.62      3.07     -1.70  0.       -3890.442       6848.150       5142.443    0.000  -0.139   0.381   0.
  2017 352 22  8 17 491 352.922424664       0.34      3.32     -1.68  0.       -3891.463       6848.100       5141.203    0.000  -0.139   0.381   0.
  2017 352 22  8 18 491 352.922436238       0.20      3.68     -1.99  0.       -3892.484       6848.049       5139.962    0.000  -0.139   0.381   0.
  2017 352 22  8 19 490 352.922447812      -0.62      2.80     -1.82  0.       -3893.505       6847.999       5138.721    0.000  -0.139   0.381   0.
  2017 352 22  8 20 490 352.922459387      -1.65      1.99     -1.12  0.       -3894.525       6847.948       5137.479    0.000  -0.139   0.381   0.
  2017 352 22  8 21 490 352.922470961      -1.13      2.60     -0.94  0.       -3895.545       6847.896       5136.237    0.000  -0.139   0.381   0.
  2017 352 22  8 22 491 352.922482535       0.46      3.06     -1.32  0.       -3896.566       6847.844       5134.995    0.000  -0.139   0.381   0.
  2017 352 22  8 23 491 352.922494109      -0.01      2.15     -0.72  0.       -3897.586       6847.792       5133.753    0.000  -0.139   0.381   0.
  2017 352 22  8 24 491 352.922505683      -1.01      2.84     -1.17  0.       -3898.605       6847.739       5132.511    0.000  -0.139   0.381   0.
  2017 352 22  8 25 491 352.922517257      -1.95      3.45     -0.82  0.       -3899.625       6847.687       5131.268    0.000  -0.139   0.381   0.
  2017 352 22  8 26 490 352.922528831      -1.83      3.40      0.18  0.       -3900.644       6847.633       5130.025    0.000  -0.139   0.381   0.
  2017 352 22  8 27 490 352.922540405      -1.77      3.34     -0.10  0.       -3901.663       6847.580       5128.781    0.000  -0.139   0.381   0.
  2017 352 22  8 28 490 352.922551979      -1.40      3.02      0.05  0.       -3902.682       6847.526       5127.538    0.000  -0.139   0.381   0.
  2017 352 22  8 29 490 352.922563553      -1.33      2.86      0.79  0.       -3903.701       6847.471       5126.294    0.000  -0.139   0.381   0.
  2017 352 22  8 30 490 352.922575127      -1.22      2.40      1.31  0.       -3904.719       6847.417       5125.050    0.000  -0.139   0.381   0.
  2017 352 22  8 31 491 352.922586701      -1.25      2.97      1.41  0.       -3905.738       6847.362       5123.806    0.000  -0.139   0.381   0.
  2017 352 22  8 32 491 352.922598275      -1.51      2.16      1.29  0.       -3906.756       6847.306       5122.561    0.000  -0.139   0.381   0.
  2017 352 22  8 33 490 352.922609849      -1.45      2.51      0.29  0.       -3907.774       6847.251       5121.316    0.000  -0.139   0.381   0.
  2017 352 22  8 34 490 352.922621421      -2.04      1.39     -0.08  0.       -3908.792       6847.195       5120.071    0.000  -0.139   0.381   0.
  2017 352 22  8 35 490 352.922632995      -2.01      1.21     -1.41  0.       -3909.809       6847.138       5118.825    0.000  -0.139   0.381   0.
  2017 352 22  8 36 490 352.922644569      -2.61      1.22     -1.93  0.       -3910.826       6847.081       5117.580    0.000  -0.139   0.381   0.
  2017 352 22  8 37 490 352.922656143      -2.81      1.70     -2.04  0.       -3911.843       6847.024       5116.334    0.000  -0.139   0.381   0.
  2017 352 22  8 38 490 352.922667717      -3.03      2.08     -2.19  0.       -3912.860       6846.967       5115.088    0.000  -0.139   0.381   0.
  2017 352 22  8 39 490 352.922679291      -2.99      2.67     -2.08  0.       -3913.877       6846.909       5113.841    0.000  -0.139   0.381   0.
  2017 352 22  8 40 490 352.922690865      -2.99      3.19     -2.36  0.       -3914.894       6846.851       5112.594    0.000  -0.139   0.381   0.
  2017 352 22  8 41 490 352.922702439      -2.72      3.16     -3.35  0.       -3915.910       6846.792       5111.347    0.000  -0.139   0.381   0.
  2017 352 22  8 42 490 352.922714013      -1.16      1.91     -4.00  0.       -3916.926       6846.733       5110.100    0.000  -0.139   0.381   0.
  2017 352 22  8 43 490 352.922725587      -1.15      2.10     -4.29  0.       -3917.942       6846.674       5108.852    0.000  -0.139   0.381   0.
  2017 352 22  8 44 490 352.922737161      -0.98      2.66     -3.46  0.       -3918.958       6846.615       5107.605    0.000  -0.139   0.381   0.
  2017 352 22  8 45 490 352.922748736      -1.06      2.94     -2.32  0.       -3919.973       6846.555       5106.356    0.000  -0.139   0.381   0.
  2017 352 22  8 46 490 352.922760310      -2.11      3.55     -1.43  0.       -3920.988       6846.494       5105.109    0.000  -0.139   0.381   0.
  2017 352 22  8 47 490 352.922771884      -3.02      3.43     -0.68  0.       -3922.003       6846.434       5103.860    0.000  -0.139   0.381   0.
  2017 352 22  8 48 490 352.922783458      -3.01      3.43     -0.73  0.       -3923.018       6846.373       5102.611    0.000  -0.139   0.381   0.
  2017 352 22  8 49 490 352.922795032      -1.86      3.16     -0.68  0.       -3924.033       6846.311       5101.362    0.000  -0.139   0.381   0.
  2017 352 22  8 50 490 352.922806606      -1.19      3.68     -0.82  0.       -3925.047       6846.249       5100.112    0.000  -0.139   0.381   0.
  2017 352 22  8 51 490 352.922818180      -0.52      3.95     -1.12  0.       -3926.062       6846.187       5098.863    0.000  -0.139   0.381   0.
  2017 352 22  8 52 490 352.922829754      -0.94      3.51     -0.87  0.       -3927.076       6846.125       5097.613    0.000  -0.139   0.381   0.
  2017 352 22  8 53 490 352.922841328      -1.61      3.41     -1.37  0.       -3928.090       6846.062       5096.363    0.000  -0.139   0.381   0.
  2017 352 22  8 54 490 352.922852902      -2.18      2.93     -1.63  0.       -3929.103       6845.999       5095.112    0.000  -0.139   0.381   0.
  2017 352 22  8 55 490 352.922864476      -2.20      2.50     -1.75  0.       -3930.117       6845.936       5093.862    0.000  -0.139   0.381   0.
  2017 352 22  8 56 490 352.922876050      -1.90      2.00     -1.99  0.       -3931.130       6845.872       5092.611    0.000  -0.139   0.381   0.
  2017 352 22  8 57 490 352.922887624      -1.53      1.69     -1.52  0.       -3932.143       6845.808       5091.359    0.000  -0.139   0.381   0.
  2017 352 22  8 58 490 352.922899198      -1.28      1.77     -0.62  0.       -3933.156       6845.743       5090.108    0.000  -0.139   0.381   0.
  2017 352 22  8 59 490 352.922910773      -1.02      2.21     -1.49  0.       -3934.169       6845.678       5088.856    0.000  -0.139   0.381   0.
  2017 352 22  9  0 490 352.922922347      -1.59      2.17     -2.01  0.       -3935.181       6845.613       5087.604    0.000  -0.139   0.381   0.
  2017 352 22  9  1 490 352.922933921      -1.95      2.39     -1.77  0.       -3936.193       6845.547       5086.352    0.000  -0.139   0.381   0.
  2017 352 22  9  2 490 352.922945495      -2.11      2.83     -1.40  0.       -3937.206       6845.481       5085.099    0.000  -0.139   0.381   0.
  2017 352 22  9  3 490 352.922957068      -2.41      2.94     -1.91  0.       -3938.217       6845.415       5083.847    0.000  -0.139   0.381   0.
  2017 352 22  9  4 490 352.922968640      -2.70      1.16     -1.71  0.       -3939.229       6845.348       5082.593    0.000  -0.139   0.381   0.
  2017 352 22  9  5 490 352.922980214      -3.33      2.38     -1.74  0.       -3940.240       6845.281       5081.340    0.000  -0.139   0.381   0.
  2017 352 22  9  6 490 352.922991788      -3.09      3.70     -3.05  0.       -3941.252       6845.214       5080.087    0.000  -0.139   0.381   0.
  2017 352 22  9  7 490 352.923003362      -2.45      4.63     -4.24  0.       -3942.263       6845.146       5078.833    0.000  -0.139   0.381   0.
  2017 352 22  9  8 490 352.923014936      -2.00      3.86     -2.99  0.       -3943.273       6845.078       5077.579    0.000  -0.139   0.381   0.
  2017 352 22  9  9 490 352.923026510      -1.73      2.08     -2.13  0.       -3944.284       6845.010       5076.324    0.000  -0.139   0.381   0.
  2017 352 22  9 10 490 352.923038084      -1.07      2.11     -2.14  0.       -3945.294       6844.941       5075.070    0.000  -0.139   0.381   0.
  2017 352 22  9 11 490 352.923049659      -1.22      2.31     -2.39  0.       -3946.305       6844.872       5073.815    0.000  -0.139   0.381   0.
  2017 352 22  9 12 490 352.923061233      -1.33      1.87     -1.92  0.       -3947.315       6844.802       5072.559    0.000  -0.139   0.381   0.
  2017 352 22  9 13 490 352.923072807      -1.10      1.63     -1.25  0.       -3948.325       6844.732       5071.304    0.000  -0.139   0.381   0.
  2017 352 22  9 14 490 352.923084381      -0.59      2.07     -1.41  0.       -3949.334       6844.662       5070.048    0.000  -0.139   0.381   0.
  2017 352 22  9 15 490 352.923095955      -0.36      1.98     -1.56  0.       -3950.344       6844.592       5068.793    0.000  -0.139   0.381   0.
  2017 352 22  9 16 490 352.923107529      -0.75      2.89     -2.06  0.       -3951.353       6844.521       5067.536    0.000  -0.139   0.381   0.
  2017 352 22  9 17 490 352.923119103      -1.48      3.41     -1.19  0.       -3952.362       6844.449       5066.280    0.000  -0.139   0.381   0.
  2017 352 22  9 18 490 352.923130677      -0.58      2.46     -1.17  0.       -3953.370       6844.378       5065.023    0.000  -0.139   0.381   0.
  2017 352 22  9 19 490 352.923142251      -0.39      2.51     -1.97  0.       -3954.379       6844.306       5063.766    0.000  -0.139   0.381   0.
  2017 352 22  9 20 490 352.923153825      -1.00      2.39     -1.58  0.       -3955.388       6844.233       5062.509    0.000  -0.139   0.381   0.
  2017 352 22  9 21 490 352.923165399      -1.72      1.77     -1.10  0.       -3956.396       6844.161       5061.251    0.000  -0.139   0.381   0.
  2017 352 22  9 22 490 352.923176973      -1.71      1.17     -0.35  0.       -3957.403       6844.088       5059.993    0.000  -0.139   0.381   0.
  2017 352 22  9 23 490 352.923188547      -1.27      1.65     -0.33  0.       -3958.411       6844.014       5058.735    0.000  -0.139   0.381   0.
  2017 352 22  9 24 490 352.923200121      -1.19      2.32     -0.68  0.       -3959.419       6843.941       5057.477    0.000  -0.139   0.381   0.
  2017 352 22  9 25 490 352.923211696      -0.30      2.55     -1.06  0.       -3960.426       6843.866       5056.218    0.000  -0.139   0.381   0.
  2017 352 22  9 26 490 352.923223270      -0.09      1.85     -0.15  0.       -3961.433       6843.792       5054.960    0.000  -0.139   0.381   0.
  2017 352 22  9 27 490 352.923234844      -1.51      2.19     -0.64  0.       -3962.440       6843.717       5053.700    0.000  -0.139   0.381   0.
  2017 352 22  9 28 490 352.923246418      -2.36      1.99     -0.89  0.       -3963.447       6843.642       5052.441    0.000  -0.139   0.381   0.
  2017 352 22  9 29 490 352.923257992      -2.15      2.44     -1.65  0.       -3964.454       6843.566       5051.182    0.000  -0.139   0.381   0.
  2017 352 22  9 30 490 352.923269566      -1.60      3.47     -1.49  0.       -3965.460       6843.491       5049.922    0.000  -0.139   0.381   0.
  2017 352 22  9 31 490 352.923281140      -1.90      2.52     -1.16  0.       -3966.466       6843.414       5048.662    0.000  -0.139   0.381   0.
  2017 352 22  9 32 490 352.923292714      -1.78      1.99     -0.93  0.       -3967.472       6843.338       5047.401    0.000  -0.139   0.381   0.
  2017 352 22  9 33 490 352.923304287      -1.23      1.95     -0.75  0.       -3968.478       6843.261       5046.140    0.000  -0.139   0.381   0.
  2017 352 22  9 34 490 352.923315859      -0.87      1.80     -0.74  0.       -3969.483       6843.184       5044.879    0.000  -0.139   0.381   0.
  2017 352 22  9 35 490 352.923327433      -0.72      1.87     -0.10  0.       -3970.488       6843.106       5043.618    0.000  -0.139   0.381   0.
  2017 352 22  9 36 490 352.923339008      -1.21      2.98     -0.48  0.       -3971.494       6843.028       5042.357    0.000  -0.139   0.381   0.
  2017 352 22  9 37 490 352.923350582      -1.45      2.61      0.19  0.       -3972.499       6842.949       5041.095    0.000  -0.139   0.381   0.
  2017 352 22  9 38 490 352.923362156      -1.73      2.50     -0.15  0.       -3973.503       6842.871       5039.833    0.000  -0.139   0.381   0.
  2017 352 22  9 39 490 352.923373730      -1.74      2.16      0.17  0.       -3974.508       6842.792       5038.571    0.000  -0.139   0.381   0.
  2017 352 22  9 40 490 352.923385304      -0.75      2.39      0.39  0.       -3975.512       6842.712       5037.308    0.000  -0.139   0.381   0.
  2017 352 22  9 41 490 352.923396878      -0.39      2.46      0.17  0.       -3976.516       6842.633       5036.046    0.000  -0.139   0.381   0.
  2017 352 22  9 42 490 352.923408452      -0.73      2.39     -0.45  0.       -3977.520       6842.552       5034.783    0.000  -0.139   0.381   0.
  2017 352 22  9 43 490 352.923420026      -1.10      2.08     -0.88  0.       -3978.523       6842.472       5033.519    0.000  -0.139   0.381   0.
  2017 352 22  9 44 490 352.923431600      -0.68      1.90     -1.90  0.       -3979.527       6842.391       5032.256    0.000  -0.139   0.381   0.
  2017 352 22  9 45 490 352.923443174      -0.96      2.27     -1.93  0.       -3980.530       6842.310       5030.992    0.000  -0.139   0.381   0.
  2017 352 22  9 46 490 352.923454748      -1.85      2.11     -0.44  0.       -3981.533       6842.228       5029.728    0.000  -0.139   0.381   0.
  2017 352 22  9 47 490 352.923466322      -2.10      1.82      0.04  0.       -3982.536       6842.146       5028.463    0.000  -0.139   0.381   0.
  2017 352 22  9 48 490 352.923477896      -1.50      1.70     -0.62  0.       -3983.539       6842.064       5027.199    0.000  -0.139   0.381   0.
  2017 352 22  9 49 490 352.923489471      -1.26      1.81     -1.61  0.       -3984.541       6841.982       5025.934    0.000  -0.139   0.381   0.
  2017 352 22  9 50 490 352.923501045      -1.77      2.76     -2.11  0.       -3985.543       6841.899       5024.669    0.000  -0.139   0.381   0.
  2017 352 22  9 51 490 352.923512619      -1.04      3.06     -2.13  0.       -3986.545       6841.815       5023.404    0.000  -0.139   0.381   0.
  2017 352 22  9 52 490 352.923524193      -0.37      2.91     -2.40  0.       -3987.547       6841.732       5022.138    0.000  -0.139   0.381   0.
  2017 352 22  9 53 490 352.923535767      -0.37      2.39     -1.88  0.       -3988.548       6841.647       5020.872    0.000  -0.139   0.381   0.
  2017 352 22  9 54 490 352.923547341      -0.87      1.98     -0.81  0.       -3989.550       6841.563       5019.606    0.000  -0.139   0.381   0.
  2017 352 22  9 55 490 352.923558915      -0.73      2.53     -0.47  0.       -3990.551       6841.478       5018.340    0.000  -0.139   0.381   0.
  2017 352 22  9 56 490 352.923570489      -0.44      2.82     -1.18  0.       -3991.552       6841.393       5017.073    0.000  -0.139   0.381   0.
  2017 352 22  9 57 490 352.923582063      -0.32      3.51     -1.24  0.       -3992.553       6841.308       5015.806    0.000  -0.139   0.381   0.
  2017 352 22  9 58 490 352.923593637      -0.14      3.93     -1.14  0.       -3993.553       6841.222       5014.539    0.000  -0.139   0.381   0.
  2017 352 22  9 59 490 352.923605211      -0.09      4.63     -1.34  0.       -3994.554       6841.136       5013.271    0.000  -0.139   0.381   0.
  2017 352 22 10  0 490 352.923616785      -1.65      3.22     -1.29  0.       -3995.554       6841.049       5012.004    0.000  -0.139   0.381   0.
  2017 352 22 10  1 490 352.923628359      -2.19      1.62     -0.76  0.       -3996.554       6840.962       5010.735    0.000  -0.139   0.381   0.
  2017 352 22 10  2 490 352.923639933      -2.35      1.50     -0.53  0.       -3997.553       6840.875       5009.467    0.000  -0.139   0.381   0.
  2017 352 22 10  3 489 352.923651506      -1.88      2.30     -0.33  0.       -3998.553       6840.788       5008.199    0.000  -0.139   0.381   0.
  2017 352 22 10  4 490 352.923663079      -1.14      3.10     -0.68  0.       -3999.552       6840.700       5006.930    0.000  -0.139   0.381   0.
  2017 352 22 10  5 490 352.923674653      -1.02      3.18     -0.97  0.       -4000.551       6840.611       5005.661    0.000  -0.139   0.381   0.
  2017 352 22 10  6 490 352.923686227      -1.90      3.00     -0.46  0.       -4001.550       6840.523       5004.392    0.000  -0.139   0.381   0.
  2017 352 22 10  7 490 352.923697801      -2.23      2.92      0.03  0.       -4002.549       6840.434       5003.122    0.000  -0.139   0.381   0.
  2017 352 22 10  8 489 352.923709375      -2.05      2.55     -0.30  0.       -4003.547       6840.344       5001.852    0.000  -0.139   0.381   0.
  2017 352 22 10  9 489 352.923720949      -1.74      2.39     -0.92  0.       -4004.546       6840.255       5000.582    0.000  -0.139   0.381   0.
  2017 352 22 10 10 489 352.923732523      -1.67      2.57     -1.01  0.       -4005.544       6840.164       4999.312    0.000  -0.139   0.381   0.
  2017 352 22 10 11 489 352.923744097      -1.98      2.21      0.04  0.       -4006.541       6840.074       4998.041    0.000  -0.139   0.381   0.
  2017 352 22 10 12 489 352.923755671      -1.15      2.15     -0.03  0.       -4007.539       6839.983       4996.771    0.000  -0.139   0.381   0.
  2017 352 22 10 13 490 352.923767245      -1.55      3.72     -0.23  0.       -4008.537       6839.892       4995.499    0.000  -0.139   0.381   0.
  2017 352 22 10 14 490 352.923778819      -2.35      3.22      0.19  0.       -4009.534       6839.801       4994.228    0.000  -0.139   0.381   0.
  2017 352 22 10 15 489 352.923790394      -2.04      3.00     -0.71  0.       -4010.531       6839.709       4992.956    0.000  -0.139   0.381   0.
  2017 352 22 10 16 489 352.923801968      -1.77      3.48     -1.31  0.       -4011.527       6839.616       4991.684    0.000  -0.139   0.381   0.
  2017 352 22 10 17 490 352.923813542      -1.62      4.14     -1.59  0.       -4012.524       6839.524       4990.412    0.000  -0.139   0.381   0.
  2017 352 22 10 18 490 352.923825116      -1.81      4.14     -1.67  0.       -4013.520       6839.431       4989.140    0.000  -0.139   0.381   0.
  2017 352 22 10 19 490 352.923836690      -1.97      3.41     -1.37  0.       -4014.517       6839.338       4987.867    0.000  -0.139   0.381   0.
  2017 352 22 10 20 490 352.923848264      -1.65      2.16     -1.11  0.       -4015.513       6839.244       4986.594    0.000  -0.139   0.381   0.
  2017 352 22 10 21 490 352.923859838      -1.06      1.42     -0.80  0.       -4016.508       6839.150       4985.321    0.000  -0.139   0.381   0.
  2017 352 22 10 22 489 352.923871412      -0.72      1.52     -0.06  0.       -4017.504       6839.056       4984.048    0.000  -0.139   0.381   0.
  2017 352 22 10 23 489 352.923882986      -0.53      1.79      0.02  0.       -4018.499       6838.961       4982.774    0.000  -0.139   0.381   0.
  2017 352 22 10 24 489 352.923894560      -1.09      2.01      0.46  0.       -4019.494       6838.866       4981.500    0.000  -0.139   0.381   0.
  2017 352 22 10 25 489 352.923906134      -1.14      1.52      0.82  0.       -4020.489       6838.771       4980.226    0.000  -0.139   0.381   0.
  2017 352 22 10 26 489 352.923917708      -1.09      1.62      0.75  0.       -4021.484       6838.675       4978.951    0.000  -0.139   0.381   0.
  2017 352 22 10 27 490 352.923929282      -0.95      1.94      0.77  0.       -4022.478       6838.579       4977.677    0.000  -0.139   0.381   0.
  2017 352 22 10 28 490 352.923940856      -1.33      1.71      0.22  0.       -4023.473       6838.482       4976.402    0.000  -0.139   0.381   0.
  2017 352 22 10 29 489 352.923952431      -0.83      1.54     -0.47  0.       -4024.467       6838.385       4975.126    0.000  -0.139   0.381   0.
  2017 352 22 10 30 489 352.923964005      -0.11      2.07     -0.25  0.       -4025.461       6838.288       4973.851    0.000  -0.139   0.381   0.
  2017 352 22 10 31 490 352.923975579      -0.09      2.33     -0.29  0.       -4026.454       6838.190       4972.575    0.000  -0.139   0.381   0.
  2017 352 22 10 32 490 352.923987153      -0.18      1.87      0.06  0.       -4027.448       6838.093       4971.299    0.000  -0.139   0.381   0.
  2017 352 22 10 33 490 352.923998726       0.05      1.18     -0.09  0.       -4028.441       6837.994       4970.023    0.000  -0.139   0.381   0.
  2017 352 22 10 34 489 352.924010298       0.07      1.35     -1.11  0.       -4029.434       6837.896       4968.746    0.000  -0.139   0.381   0.
  2017 352 22 10 35 489 352.924021872      -1.07      3.45     -0.04  0.       -4030.427       6837.797       4967.469    0.000  -0.139   0.381   0.
  2017 352 22 10 36 489 352.924033446      -1.76      3.39     -0.26  0.       -4031.419       6837.697       4966.192    0.000  -0.139   0.381   0.
  2017 352 22 10 37 489 352.924045020      -1.51      2.26     -1.04  0.       -4032.412       6837.598       4964.915    0.000  -0.139   0.381   0.
  2017 352 22 10 38 489 352.924056594      -1.58      2.61     -1.66  0.       -4033.404       6837.498       4963.637    0.000  -0.139   0.381   0.
  2017 352 22 10 39 489 352.924068168      -1.89      3.23     -1.27  0.       -4034.396       6837.397       4962.359    0.000  -0.139   0.381   0.
  2017 352 22 10 40 489 352.924079742      -2.31      3.35     -0.88  0.       -4035.387       6837.296       4961.081    0.000  -0.139   0.381   0.
  2017 352 22 10 41 489 352.924091317      -2.24      2.54     -1.12  0.       -4036.379       6837.195       4959.803    0.000  -0.139   0.381   0.
  2017 352 22 10 42 489 352.924102891      -1.69      2.62     -0.98  0.       -4037.371       6837.094       4958.524    0.000  -0.139   0.381   0.
  2017 352 22 10 43 489 352.924114465      -1.34      2.76     -1.57  0.       -4038.362       6836.992       4957.245    0.000  -0.139   0.381   0.
  2017 352 22 10 44 489 352.924126039      -1.27      2.66     -1.26  0.       -4039.353       6836.890       4955.966    0.000  -0.139   0.381   0.
  2017 352 22 10 45 489 352.924137613      -1.30      3.13     -1.15  0.       -4040.343       6836.787       4954.687    0.000  -0.139   0.381   0.
  2017 352 22 10 46 489 352.924149187      -1.33      3.77     -1.34  0.       -4041.334       6836.684       4953.407    0.000  -0.139   0.381   0.
  2017 352 22 10 47 489 352.924160761      -1.77      3.99     -1.39  0.       -4042.324       6836.581       4952.127    0.000  -0.139   0.381   0.
  2017 352 22 10 48 489 352.924172335      -1.68      4.29     -1.57  0.       -4043.314       6836.477       4950.847    0.000  -0.139   0.381   0.
  2017 352 22 10 49 489 352.924183909      -1.35      3.09     -2.07  0.       -4044.304       6836.373       4949.567    0.000  -0.139   0.381   0.
  2017 352 22 10 50 489 352.924195483      -0.77      1.95     -1.58  0.       -4045.294       6836.269       4948.286    0.000  -0.139   0.381   0.
  2017 352 22 10 51 489 352.924207057      -1.73      2.87     -1.71  0.       -4046.283       6836.164       4947.005    0.000  -0.139   0.381   0.
  2017 352 22 10 52 489 352.924218631      -1.07      2.31     -1.92  0.       -4047.272       6836.059       4945.724    0.000  -0.139   0.381   0.
  2017 352 22 10 53 489 352.924230205      -1.18      1.90     -1.97  0.       -4048.261       6835.954       4944.442    0.000  -0.139   0.381   0.
  2017 352 22 10 54 489 352.924241780      -1.57      2.48     -1.26  0.       -4049.250       6835.848       4943.160    0.000  -0.139   0.381   0.
  2017 352 22 10 55 489 352.924253354      -1.61      2.90     -0.52  0.       -4050.239       6835.742       4941.878    0.000  -0.139   0.381   0.
  2017 352 22 10 56 489 352.924264928      -1.14      3.05     -0.85  0.       -4051.227       6835.636       4940.596    0.000  -0.139   0.381   0.
  2017 352 22 10 57 489 352.924276502      -0.68      2.67     -0.07  0.       -4052.215       6835.529       4939.314    0.000  -0.139   0.381   0.
  2017 352 22 10 58 489 352.924288076      -0.06      3.03     -0.25  0.       -4053.203       6835.421       4938.031    0.000  -0.139   0.381   0.
  2017 352 22 10 59 489 352.924299650      -0.59      2.87     -0.47  0.       -4054.191       6835.314       4936.748    0.000  -0.139   0.381   0.
  2017 352 22 11  0 489 352.924311224      -1.05      2.95     -0.05  0.       -4055.179       6835.206       4935.464    0.000  -0.139   0.381   0.
  2017 352 22 11  1 489 352.924322798      -1.32      2.82      0.70  0.       -4056.166       6835.098       4934.181    0.000  -0.139   0.381   0.
  2017 352 22 11  2 489 352.924334372      -1.92      2.45      0.65  0.       -4057.153       6834.989       4932.897    0.000  -0.139   0.381   0.
  2017 352 22 11  3 489 352.924345945      -1.15      1.96      0.62  0.       -4058.140       6834.880       4931.613    0.000  -0.139   0.381   0.
  2017 352 22 11  4 489 352.924357517      -0.40      2.37      0.15  0.       -4059.127       6834.771       4930.329    0.000  -0.139   0.381   0.
  2017 352 22 11  5 489 352.924369091      -0.58      2.22      0.09  0.       -4060.113       6834.661       4929.044    0.000  -0.139   0.381   0.
  2017 352 22 11  6 489 352.924380666      -1.36      2.27     -0.39  0.       -4061.099       6834.551       4927.759    0.000  -0.139   0.381   0.
  2017 352 22 11  7 489 352.924392240      -1.52      1.74     -0.78  0.       -4062.085       6834.441       4926.474    0.000  -0.139   0.381   0.
  2017 352 22 11  8 489 352.924403814      -1.91      2.05     -1.06  0.       -4063.071       6834.330       4925.189    0.000  -0.139   0.381   0.
  2017 352 22 11  9 489 352.924415388      -1.69      2.35     -1.24  0.       -4064.057       6834.219       4923.903    0.000  -0.139   0.381   0.
  2017 352 22 11 10 489 352.924426962      -1.78      2.67     -1.12  0.       -4065.042       6834.107       4922.617    0.000  -0.139   0.381   0.
  2017 352 22 11 11 489 352.924438536      -1.24      2.46     -1.33  0.       -4066.028       6833.995       4921.331    0.000  -0.139   0.381   0.
  2017 352 22 11 12 489 352.924450110      -1.76      2.53     -1.42  0.       -4067.013       6833.883       4920.045    0.000  -0.139   0.381   0.
  2017 352 22 11 13 489 352.924461684      -1.66      2.25     -0.62  0.       -4067.997       6833.771       4918.758    0.000  -0.139   0.381   0.
  2017 352 22 11 14 489 352.924473258      -1.46      1.95     -0.41  0.       -4068.982       6833.658       4917.471    0.000  -0.139   0.381   0.
  2017 352 22 11 15 489 352.924484832      -1.57      1.62     -0.56  0.       -4069.966       6833.544       4916.184    0.000  -0.139   0.381   0.
  2017 352 22 11 16 489 352.924496406      -2.03      1.76     -0.10  0.       -4070.950       6833.431       4914.897    0.000  -0.139   0.381   0.
  2017 352 22 11 17 489 352.924507980      -1.91      1.79     -0.39  0.       -4071.934       6833.317       4913.609    0.000  -0.139   0.381   0.
  2017 352 22 11 18 489 352.924519554      -1.38      1.42     -0.32  0.       -4072.918       6833.202       4912.321    0.000  -0.139   0.381   0.
  2017 352 22 11 19 489 352.924531129      -1.37      2.63      0.44  0.       -4073.901       6833.088       4911.033    0.000  -0.139   0.381   0.
  2017 352 22 11 20 489 352.924542703      -1.67      3.73     -0.36  0.       -4074.885       6832.973       4909.744    0.000  -0.139   0.381   0.
  2017 352 22 11 21 489 352.924554277      -2.59      2.96     -0.99  0.       -4075.868       6832.857       4908.456    0.000  -0.139   0.381   0.
  2017 352 22 11 22 489 352.924565851      -2.49      2.34      0.08  0.       -4076.851       6832.742       4907.167    0.000  -0.139   0.381   0.
  2017 352 22 11 23 489 352.924577425      -1.46      3.33     -0.52  0.       -4077.833       6832.625       4905.878    0.000  -0.139   0.381   0.
  2017 352 22 11 24 489 352.924588999      -1.40      3.41     -1.51  0.       -4078.816       6832.509       4904.588    0.000  -0.139   0.381   0.
  2017 352 22 11 25 489 352.924600573      -1.91      2.89     -0.72  0.       -4079.798       6832.392       4903.298    0.000  -0.139   0.381   0.
  2017 352 22 11 26 489 352.924612147      -1.74      2.65     -0.59  0.       -4080.780       6832.275       4902.008    0.000  -0.139   0.381   0.
  2017 352 22 11 27 489 352.924623721      -1.44      2.05     -1.57  0.       -4081.762       6832.157       4900.718    0.000  -0.139   0.381   0.
  2017 352 22 11 28 489 352.924635295      -1.30      1.47     -2.42  0.       -4082.743       6832.039       4899.428    0.000  -0.139   0.381   0.
  2017 352 22 11 29 489 352.924646869      -1.74      1.49     -2.05  0.       -4083.725       6831.921       4898.137    0.000  -0.139   0.381   0.
  2017 352 22 11 30 489 352.924658443      -1.82      2.63     -0.63  0.       -4084.706       6831.802       4896.846    0.000  -0.139   0.381   0.
  2017 352 22 11 31 489 352.924670017      -1.50      2.16     -0.11  0.       -4085.687       6831.683       4895.555    0.000  -0.139   0.381   0.
  2017 352 22 11 32 489 352.924681591      -1.13      2.06     -0.64  0.       -4086.667       6831.564       4894.263    0.000  -0.139   0.381   0.
  2017 352 22 11 33 489 352.924693164      -1.43      2.25     -1.28  0.       -4087.648       6831.444       4892.971    0.000  -0.139   0.381   0.
  2017 352 22 11 34 489 352.924704737      -1.59      1.57     -1.22  0.       -4088.628       6831.324       4891.679    0.000  -0.139   0.381   0.
  2017 352 22 11 35 489 352.924716311      -1.72      1.96     -0.16  0.       -4089.608       6831.204       4890.387    0.000  -0.139   0.381   0.
  2017 352 22 11 36 489 352.924727885      -1.31      3.23      1.00  0.       -4090.588       6831.083       4889.094    0.000  -0.139   0.381   0.
  2017 352 22 11 37 489 352.924739459      -1.56      3.89      0.37  0.       -4091.568       6830.962       4887.801    0.000  -0.139   0.381   0.
  2017 352 22 11 38 489 352.924751033      -2.10      2.50      0.24  0.       -4092.547       6830.840       4886.508    0.000  -0.139   0.381   0.
  2017 352 22 11 39 489 352.924762607      -2.29      3.30      0.12  0.       -4093.526       6830.718       4885.215    0.000  -0.139   0.381   0.
  2017 352 22 11 40 489 352.924774181      -3.05      1.50     -0.92  0.       -4094.505       6830.596       4883.921    0.000  -0.139   0.381   0.
  2017 352 22 11 41 489 352.924785755      -2.60      1.92     -0.20  0.       -4095.484       6830.474       4882.628    0.000  -0.139   0.381   0.
  2017 352 22 11 42 489 352.924797329      -1.26      2.61     -0.49  0.       -4096.463       6830.351       4881.334    0.000  -0.138   0.380   0.
  2017 352 22 11 43 489 352.924808903      -0.14      2.30     -0.76  0.       -4097.441       6830.227       4880.039    0.000  -0.138   0.380   0.
  2017 352 22 11 44 489 352.924820477      -0.42      2.56     -0.13  0.       -4098.419       6830.104       4878.745    0.000  -0.139   0.381   0.
  2017 352 22 11 45 489 352.924832052      -0.93      2.04     -0.86  0.       -4099.397       6829.980       4877.450    0.000  -0.139   0.381   0.
  2017 352 22 11 46 489 352.924843626      -0.26      0.92     -1.75  0.       -4100.375       6829.855       4876.155    0.000  -0.139   0.381   0.
  2017 352 22 11 47 489 352.924855200       0.09      0.09     -1.77  0.       -4101.352       6829.731       4874.859    0.000  -0.139   0.381   0.
  2017 352 22 11 48 489 352.924866774       0.08      0.94     -1.90  0.       -4102.330       6829.605       4873.563    0.000  -0.139   0.381   0.
  2017 352 22 11 49 489 352.924878348      -0.77      1.21     -1.99  0.       -4103.307       6829.480       4872.267    0.000  -0.139   0.381   0.
  2017 352 22 11 50 489 352.924889922      -1.40      1.81     -1.71  0.       -4104.283       6829.354       4870.971    0.000  -0.139   0.381   0.
  2017 352 22 11 51 489 352.924901496      -1.91      3.25     -1.86  0.       -4105.260       6829.228       4869.675    0.000  -0.139   0.381   0.
  2017 352 22 11 52 489 352.924913070      -2.62      2.82     -1.73  0.       -4106.236       6829.101       4868.378    0.000  -0.139   0.381   0.
  2017 352 22 11 53 489 352.924924644      -2.43      2.54     -0.96  0.       -4107.212       6828.975       4867.081    0.000  -0.139   0.381   0.
  2017 352 22 11 54 489 352.924936218      -1.10      3.53     -0.71  0.       -4108.189       6828.847       4865.784    0.000  -0.139   0.381   0.
  2017 352 22 11 55 489 352.924947792      -0.48      3.53     -1.07  0.       -4109.164       6828.720       4864.487    0.000  -0.139   0.381   0.
  2017 352 22 11 56 489 352.924959366      -0.99      2.31     -1.06  0.       -4110.140       6828.592       4863.189    0.000  -0.139   0.381   0.
  2017 352 22 11 57 489 352.924970940      -1.67      2.06     -0.13  0.       -4111.115       6828.463       4861.891    0.000  -0.139   0.381   0.
  2017 352 22 11 58 489 352.924982514      -1.51      1.51     -0.41  0.       -4112.090       6828.335       4860.593    0.000  -0.139   0.381   0.
  2017 352 22 11 59 489 352.924994089      -0.87      2.13     -1.17  0.       -4113.065       6828.206       4859.295    0.000  -0.139   0.381   0.
  2017 352 22 12  0 489 352.925005663      -0.82      2.82     -1.86  0.       -4114.040       6828.076       4857.996    0.000  -0.139   0.381   0.
  2017 352 22 12  1 489 352.925017237      -1.27      2.44     -1.53  0.       -4115.014       6827.946       4856.697    0.000  -0.139   0.381   0.
  2017 352 22 12  2 489 352.925028811      -1.55      2.14     -0.53  0.       -4115.989       6827.816       4855.398    0.000  -0.139   0.381   0.
  2017 352 22 12  3 489 352.925040384      -1.30      1.38     -0.07  0.       -4116.963       6827.686       4854.098    0.000  -0.139   0.381   0.
  2017 352 22 12  4 488 352.925051956      -0.50      1.61     -0.96  0.       -4117.936       6827.555       4852.798    0.000  -0.139   0.381   0.
  2017 352 22 12  5 488 352.925063530      -0.79      1.80      0.01  0.       -4118.910       6827.424       4851.498    0.000  -0.139   0.381   0.
  2017 352 22 12  6 488 352.925075104      -1.53      1.18     -0.07  0.       -4119.884       6827.292       4850.198    0.000  -0.139   0.381   0.
  2017 352 22 12  7 488 352.925086678      -1.26      2.30     -0.73  0.       -4120.857       6827.160       4848.898    0.000  -0.139   0.381   0.
  2017 352 22 12  8 488 352.925098252      -2.03      3.84     -0.45  0.       -4121.830       6827.028       4847.597    0.000  -0.139   0.381   0.
  2017 352 22 12  9 489 352.925109826      -1.81      3.58     -0.80  0.       -4122.802       6826.895       4846.296    0.000  -0.139   0.381   0.
  2017 352 22 12 10 489 352.925121400      -0.83      3.57     -1.19  0.       -4123.775       6826.762       4844.995    0.000  -0.139   0.381   0.
  2017 352 22 12 11 488 352.925132975      -0.55      3.14     -0.98  0.       -4124.747       6826.629       4843.693    0.000  -0.139   0.381   0.
  2017 352 22 12 12 488 352.925144549      -1.17      2.51     -0.95  0.       -4125.719       6826.495       4842.391    0.000  -0.139   0.381   0.
  2017 352 22 12 13 489 352.925156123      -1.28      2.24     -1.23  0.       -4126.691       6826.361       4841.089    0.000  -0.139   0.381   0.
  2017 352 22 12 14 489 352.925167697      -0.91      1.76     -1.64  0.       -4127.663       6826.227       4839.787    0.000  -0.139   0.381   0.
  2017 352 22 12 15 489 352.925179271      -1.00      1.17     -1.70  0.       -4128.634       6826.092       4838.484    0.000  -0.139   0.381   0.
  2017 352 22 12 16 489 352.925190845      -0.55      1.33     -1.62  0.       -4129.605       6825.957       4837.182    0.000  -0.139   0.381   0.
  2017 352 22 12 17 489 352.925202419      -0.28      1.98     -1.60  0.       -4130.576       6825.821       4835.879    0.000  -0.139   0.381   0.
  2017 352 22 12 18 488 352.925213993      -0.70      2.25     -0.81  0.       -4131.547       6825.685       4834.575    0.000  -0.139   0.381   0.
  2017 352 22 12 19 488 352.925225567      -1.33      2.04      0.04  0.       -4132.518       6825.549       4833.272    0.000  -0.139   0.381   0.
  2017 352 22 12 20 488 352.925237141      -1.33      1.66     -0.07  0.       -4133.488       6825.412       4831.968    0.000  -0.139   0.381   0.
  2017 352 22 12 21 488 352.925248715      -0.72      2.12     -1.08  0.       -4134.458       6825.276       4830.664    0.000  -0.139   0.381   0.
  2017 352 22 12 22 489 352.925260289      -1.08      2.37     -1.12  0.       -4135.428       6825.138       4829.359    0.000  -0.139   0.381   0.
  2017 352 22 12 23 489 352.925271863      -1.30      2.78     -0.37  0.       -4136.398       6825.001       4828.055    0.000  -0.139   0.381   0.
  2017 352 22 12 24 489 352.925283438      -1.17      3.24     -0.14  0.       -4137.367       6824.863       4826.750    0.000  -0.139   0.381   0.
  2017 352 22 12 25 488 352.925295012      -0.32      3.12     -0.88  0.       -4138.336       6824.724       4825.445    0.000  -0.139   0.381   0.
  2017 352 22 12 26 489 352.925306586      -0.43      2.80     -0.49  0.       -4139.305       6824.585       4824.139    0.000  -0.139   0.381   0.
  2017 352 22 12 27 489 352.925318160      -1.21      2.23     -0.22  0.       -4140.274       6824.446       4822.834    0.000  -0.139   0.381   0.
  2017 352 22 12 28 489 352.925329734      -0.94      2.52     -0.87  0.       -4141.243       6824.307       4821.528    0.000  -0.139   0.381   0.
  2017 352 22 12 29 489 352.925341308      -0.99      2.30     -1.44  0.       -4142.211       6824.167       4820.222    0.000  -0.139   0.381   0.
  2017 352 22 12 30 489 352.925352882      -1.47      2.07     -0.99  0.       -4143.179       6824.027       4818.916    0.000  -0.139   0.381   0.
  2017 352 22 12 31 488 352.925364456      -1.81      1.44     -0.12  0.       -4144.147       6823.886       4817.609    0.000  -0.139   0.381   0.
  2017 352 22 12 32 488 352.925376030      -1.36      1.00     -0.40  0.       -4145.115       6823.745       4816.302    0.000  -0.139   0.381   0.
  2017 352 22 12 33 488 352.925387603      -1.67      1.19     -0.72  0.       -4146.082       6823.604       4814.995    0.000  -0.139   0.381   0.
  2017 352 22 12 34 488 352.925399175      -1.50      1.63      0.25  0.       -4147.050       6823.462       4813.687    0.000  -0.139   0.381   0.
  2017 352 22 12 35 488 352.925410749      -1.51      2.16      1.12  0.       -4148.017       6823.320       4812.380    0.000  -0.139   0.381   0.
  2017 352 22 12 36 488 352.925422323      -1.50      2.15      1.87  0.       -4148.984       6823.178       4811.072    0.000  -0.139   0.381   0.
  2017 352 22 12 37 488 352.925433898      -1.51      2.27      1.81  0.       -4149.950       6823.035       4809.764    0.000  -0.139   0.381   0.
  2017 352 22 12 38 488 352.925445472      -1.61      3.11      1.28  0.       -4150.917       6822.892       4808.455    0.000  -0.139   0.381   0.
  2017 352 22 12 39 488 352.925457046      -1.60      3.21      0.18  0.       -4151.883       6822.749       4807.147    0.000  -0.139   0.381   0.
  2017 352 22 12 40 488 352.925468620      -1.87      3.70     -0.28  0.       -4152.849       6822.605       4805.838    0.000  -0.139   0.381   0.
  2017 352 22 12 41 488 352.925480194      -1.18      3.53     -1.18  0.       -4153.814       6822.461       4804.529    0.000  -0.139   0.381   0.
  2017 352 22 12 42 488 352.925491768      -0.38      2.08     -1.51  0.       -4154.780       6822.316       4803.219    0.000  -0.139   0.381   0.
  2017 352 22 12 43 488 352.925503342      -0.65      1.74     -1.02  0.       -4155.745       6822.171       4801.909    0.000  -0.139   0.381   0.
  2017 352 22 12 44 488 352.925514916      -1.25      0.86     -0.46  0.       -4156.710       6822.026       4800.600    0.000  -0.139   0.381   0.
  2017 352 22 12 45 488 352.925526490      -1.72      1.96     -0.31  0.       -4157.675       6821.880       4799.289    0.000  -0.139   0.381   0.
  2017 352 22 12 46 488 352.925538064      -1.95      2.01     -0.49  0.       -4158.640       6821.734       4797.979    0.000  -0.139   0.381   0.
  2017 352 22 12 47 488 352.925549638      -2.07      2.10     -0.46  0.       -4159.604       6821.588       4796.668    0.000  -0.139   0.381   0.
  2017 352 22 12 48 488 352.925561212      -2.00      2.40     -1.21  0.       -4160.568       6821.441       4795.357    0.000  -0.139   0.381   0.
  2017 352 22 12 49 488 352.925572786      -1.76      2.14     -1.79  0.       -4161.532       6821.294       4794.046    0.000  -0.139   0.381   0.
  2017 352 22 12 50 488 352.925584361      -1.37      2.39     -1.16  0.       -4162.496       6821.147       4792.735    0.000  -0.139   0.381   0.
  2017 352 22 12 51 488 352.925595935      -1.62      3.59     -1.18  0.       -4163.460       6820.999       4791.423    0.000  -0.139   0.381   0.
  2017 352 22 12 52 488 352.925607509      -1.35      3.25     -0.93  0.       -4164.423       6820.851       4790.111    0.000  -0.139   0.381   0.
  2017 352 22 12 53 488 352.925619083      -1.19      2.59     -0.53  0.       -4165.386       6820.702       4788.798    0.000  -0.139   0.381   0.
  2017 352 22 12 54 488 352.925630657      -1.19      1.59     -1.17  0.       -4166.349       6820.554       4787.486    0.000  -0.139   0.381   0.
  2017 352 22 12 55 488 352.925642231      -1.49      1.78     -1.59  0.       -4167.312       6820.404       4786.173    0.000  -0.139   0.381   0.
  2017 352 22 12 56 488 352.925653805      -0.72      1.99     -2.62  0.       -4168.274       6820.255       4784.860    0.000  -0.139   0.381   0.
  2017 352 22 12 57 488 352.925665379      -0.82      2.31     -2.26  0.       -4169.236       6820.105       4783.547    0.000  -0.139   0.381   0.
  2017 352 22 12 58 488 352.925676953      -1.05      2.35     -1.74  0.       -4170.198       6819.955       4782.234    0.000  -0.139   0.381   0.
  2017 352 22 12 59 488 352.925688527      -1.41      1.91     -0.90  0.       -4171.160       6819.804       4780.920    0.000  -0.139   0.381   0.
  2017 352 22 13  0 488 352.925700101      -1.69      1.79     -0.67  0.       -4172.122       6819.653       4779.606    0.000  -0.139   0.381   0.
  2017 352 22 13  1 488 352.925711675      -1.70      1.40     -0.86  0.       -4173.083       6819.501       4778.292    0.000  -0.139   0.381   0.
  2017 352 22 13  2 488 352.925723249      -1.36      1.46     -0.87  0.       -4174.044       6819.350       4776.977    0.000  -0.139   0.381   0.
  2017 352 22 13  3 488 352.925734822      -1.22      2.14     -0.74  0.       -4175.005       6819.198       4775.663    0.000  -0.139   0.381   0.
  2017 352 22 13  4 488 352.925746395      -1.67      1.89      0.05  0.       -4175.966       6819.045       4774.348    0.000  -0.139   0.381   0.
  2017 352 22 13  5 488 352.925757969      -1.39      1.57     -0.59  0.       -4176.926       6818.892       4773.032    0.000  -0.139   0.381   0.
  2017 352 22 13  6 488 352.925769543      -0.85      2.09     -1.64  0.       -4177.886       6818.739       4771.717    0.000  -0.139   0.381   0.
  2017 352 22 13  7 488 352.925781117      -1.08      2.56     -0.33  0.       -4178.846       6818.586       4770.401    0.000  -0.139   0.381   0.
  2017 352 22 13  8 488 352.925792691      -2.04      2.37      0.32  0.       -4179.806       6818.432       4769.085    0.000  -0.139   0.381   0.
  2017 352 22 13  9 488 352.925804265      -2.30      1.68      0.26  0.       -4180.766       6818.277       4767.769    0.000  -0.139   0.381   0.
  2017 352 22 13 10 488 352.925815839      -1.85      1.41     -0.28  0.       -4181.725       6818.123       4766.452    0.000  -0.139   0.381   0.
  2017 352 22 13 11 488 352.925827413      -1.69      1.68     -0.76  0.       -4182.684       6817.968       4765.135    0.000  -0.139   0.381   0.
  2017 352 22 13 12 488 352.925838987      -0.55      2.28     -0.75  0.       -4183.643       6817.812       4763.818    0.000  -0.139   0.381   0.
  2017 352 22 13 13 488 352.925850561      -0.48      1.80     -1.80  0.       -4184.602       6817.657       4762.501    0.000  -0.139   0.381   0.
  2017 352 22 13 14 488 352.925862135      -1.54      0.77     -1.24  0.       -4185.560       6817.501       4761.184    0.000  -0.139   0.381   0.
  2017 352 22 13 15 488 352.925873709      -1.85      1.24     -0.07  0.       -4186.518       6817.344       4759.866    0.000  -0.139   0.381   0.
  2017 352 22 13 16 488 352.925885284      -1.95      2.25      0.03  0.       -4187.476       6817.187       4758.548    0.000  -0.139   0.381   0.
  2017 352 22 13 17 488 352.925896858      -1.82      2.52     -1.03  0.       -4188.434       6817.030       4757.229    0.000  -0.139   0.381   0.
  2017 352 22 13 18 488 352.925908432      -2.19      2.62     -0.53  0.       -4189.392       6816.873       4755.911    0.000  -0.139   0.381   0.
  2017 352 22 13 19 488 352.925920006      -1.95      2.08     -0.38  0.       -4190.349       6816.715       4754.592    0.000  -0.139   0.381   0.
  2017 352 22 13 20 488 352.925931580      -1.24      1.96     -1.63  0.       -4191.306       6816.556       4753.273    0.000  -0.139   0.381   0.
  2017 352 22 13 21 488 352.925943154      -1.47      2.03     -1.54  0.       -4192.263       6816.398       4751.954    0.000  -0.139   0.381   0.
  2017 352 22 13 22 488 352.925954728      -1.71      1.95     -0.50  0.       -4193.220       6816.239       4750.634    0.000  -0.139   0.381   0.
  2017 352 22 13 23 488 352.925966302      -1.01      1.41     -0.65  0.       -4194.176       6816.079       4749.314    0.000  -0.139   0.381   0.
  2017 352 22 13 24 488 352.925977876      -0.93      1.08     -0.71  0.       -4195.132       6815.920       4747.994    0.000  -0.139   0.381   0.
  2017 352 22 13 25 488 352.925989450      -1.16      1.40     -0.29  0.       -4196.088       6815.760       4746.674    0.000  -0.139   0.381   0.
  2017 352 22 13 26 488 352.926001024      -1.27      2.05     -0.49  0.       -4197.044       6815.599       4745.353    0.000  -0.139   0.381   0.
  2017 352 22 13 27 488 352.926012598      -0.97      3.07     -1.29  0.       -4198.000       6815.438       4744.032    0.000  -0.139   0.381   0.
  2017 352 22 13 28 488 352.926024172      -1.05      1.92     -0.95  0.       -4198.955       6815.277       4742.711    0.000  -0.139   0.381   0.
  2017 352 22 13 29 488 352.926035747      -1.06      1.37     -1.51  0.       -4199.910       6815.116       4741.390    0.000  -0.139   0.381   0.
  2017 352 22 13 30 488 352.926047321      -0.72      1.78     -2.40  0.       -4200.865       6814.954       4740.069    0.000  -0.139   0.381   0.
  2017 352 22 13 31 488 352.926058895      -0.77      1.51     -2.69  0.       -4201.820       6814.792       4738.747    0.000  -0.139   0.381   0.
  2017 352 22 13 32 488 352.926070469      -0.79      1.70     -2.36  0.       -4202.774       6814.629       4737.425    0.000  -0.139   0.381   0.
  2017 352 22 13 33 488 352.926082042      -1.21      2.22     -2.08  0.       -4203.728       6814.466       4736.102    0.000  -0.139   0.381   0.
  2017 352 22 13 34 488 352.926093614      -1.10      2.07     -2.23  0.       -4204.682       6814.303       4734.780    0.000  -0.139   0.381   0.
  2017 352 22 13 35 488 352.926105188      -0.94      1.53     -1.79  0.       -4205.636       6814.139       4733.457    0.000  -0.139   0.381   0.
  2017 352 22 13 36 488 352.926116762      -0.99      2.14     -2.27  0.       -4206.590       6813.975       4732.134    0.000  -0.139   0.381   0.
  2017 352 22 13 37 488 352.926128336      -1.68      2.72     -2.14  0.       -4207.543       6813.811       4730.810    0.000  -0.139   0.381   0.
  2017 352 22 13 38 488 352.926139910      -2.11      3.23     -1.20  0.       -4208.496       6813.646       4729.487    0.000  -0.139   0.381   0.
  2017 352 22 13 39 488 352.926151484      -1.15      2.99     -2.02  0.       -4209.449       6813.481       4728.163    0.000  -0.139   0.381   0.
  2017 352 22 13 40 488 352.926163058      -0.50      2.44     -2.56  0.       -4210.402       6813.315       4726.839    0.000  -0.139   0.381   0.
  2017 352 22 13 41 488 352.926174633      -0.05      1.91     -1.64  0.       -4211.354       6813.149       4725.514    0.000  -0.139   0.381   0.
  2017 352 22 13 42 488 352.926186207       1.05      1.43     -1.86  0.       -4212.306       6812.983       4724.190    0.000  -0.139   0.381   0.
  2017 352 22 13 43 488 352.926197781       0.78      0.88     -2.28  0.       -4213.258       6812.816       4722.865    0.000  -0.139   0.381   0.
  2017 352 22 13 44 488 352.926209355       0.03      0.64     -2.19  0.       -4214.210       6812.650       4721.540    0.000  -0.139   0.381   0.
  2017 352 22 13 45 488 352.926220929      -0.91      1.25     -1.71  0.       -4215.162       6812.482       4720.215    0.000  -0.139   0.381   0.
  2017 352 22 13 46 488 352.926232503      -1.41      1.46     -1.61  0.       -4216.113       6812.314       4718.889    0.000  -0.139   0.381   0.
  2017 352 22 13 47 488 352.926244077      -1.78      1.93     -1.04  0.       -4217.064       6812.146       4717.563    0.000  -0.139   0.381   0.
  2017 352 22 13 48 488 352.926255651      -1.96      1.98     -1.15  0.       -4218.015       6811.978       4716.237    0.000  -0.139   0.381   0.
  2017 352 22 13 49 488 352.926267225      -1.89      1.51     -1.27  0.       -4218.965       6811.809       4714.911    0.000  -0.139   0.381   0.
  2017 352 22 13 50 488 352.926278799      -1.56      1.39     -0.83  0.       -4219.916       6811.640       4713.584    0.000  -0.139   0.381   0.
  2017 352 22 13 51 488 352.926290373      -1.22      1.28     -0.90  0.       -4220.866       6811.471       4712.257    0.000  -0.139   0.381   0.
  2017 352 22 13 52 488 352.926301947      -1.07      1.56     -0.87  0.       -4221.816       6811.301       4710.930    0.000  -0.139   0.381   0.
  2017 352 22 13 53 488 352.926313521      -1.17      2.26     -1.19  0.       -4222.766       6811.131       4709.603    0.000  -0.139   0.381   0.
  2017 352 22 13 54 488 352.926325096      -1.59      2.35     -1.28  0.       -4223.715       6810.960       4708.275    0.000  -0.139   0.381   0.
  2017 352 22 13 55 488 352.926336670      -1.61      1.79     -1.53  0.       -4224.664       6810.789       4706.947    0.000  -0.139   0.381   0.
  2017 352 22 13 56 488 352.926348244      -2.17      1.86     -0.79  0.       -4225.613       6810.618       4705.619    0.000  -0.139   0.381   0.
  2017 352 22 13 57 488 352.926359818      -2.62      2.33     -0.61  0.       -4226.562       6810.446       4704.291    0.000  -0.139   0.381   0.
  2017 352 22 13 58 488 352.926371392      -2.09      2.32     -0.65  0.       -4227.511       6810.274       4702.962    0.000  -0.139   0.381   0.
  2017 352 22 13 59 488 352.926382966      -1.20      1.42     -0.94  0.       -4228.459       6810.102       4701.633    0.000  -0.139   0.381   0.
  2017 352 22 14  0 488 352.926394540      -0.92      0.78     -1.07  0.       -4229.407       6809.929       4700.304    0.000  -0.139   0.381   0.
  2017 352 22 14  1 487 352.926406113      -1.72      1.89     -1.64  0.       -4230.355       6809.756       4698.975    0.000  -0.139   0.381   0.
  2017 352 22 14  2 487 352.926417685      -1.58      2.06     -2.22  0.       -4231.303       6809.582       4697.645    0.000  -0.139   0.381   0.
  2017 352 22 14  3 487 352.926429259      -1.18      1.48     -2.15  0.       -4232.251       6809.408       4696.315    0.000  -0.139   0.381   0.
  2017 352 22 14  4 487 352.926440833      -1.39      1.81     -1.21  0.       -4233.198       6809.234       4694.985    0.000  -0.139   0.381   0.
  2017 352 22 14  5 488 352.926452407      -1.83      1.52     -0.70  0.       -4234.145       6809.060       4693.655    0.000  -0.139   0.381   0.
  2017 352 22 14  6 488 352.926463981      -1.95      1.33     -0.75  0.       -4235.092       6808.885       4692.324    0.000  -0.139   0.381   0.
  2017 352 22 14  7 487 352.926475556      -1.50      1.47     -0.77  0.       -4236.038       6808.709       4690.993    0.000  -0.139   0.381   0.
  2017 352 22 14  8 487 352.926487130      -1.49      1.71     -1.25  0.       -4236.985       6808.533       4689.662    0.000  -0.139   0.381   0.
  2017 352 22 14  9 488 352.926498704      -1.76      2.20     -0.62  0.       -4237.931       6808.357       4688.331    0.000  -0.139   0.381   0.
  2017 352 22 14 10 488 352.926510278      -1.82      2.59     -0.24  0.       -4238.877       6808.181       4686.999    0.000  -0.139   0.381   0.
  2017 352 22 14 11 488 352.926521852      -1.86      2.59     -0.32  0.       -4239.822       6808.004       4685.667    0.000  -0.139   0.381   0.
  2017 352 22 14 12 488 352.926533426      -1.87      2.22      0.02  0.       -4240.768       6807.827       4684.335    0.000  -0.139   0.381   0.
  2017 352 22 14 13 488 352.926545000      -2.04      1.65     -0.46  0.       -4241.713       6807.650       4683.003    0.000  -0.139   0.381   0.
  2017 352 22 14 14 487 352.926556574      -1.76      1.29     -0.95  0.       -4242.658       6807.472       4681.670    0.000  -0.139   0.381   0.
  2017 352 22 14 15 487 352.926568148      -1.24      1.92     -1.11  0.       -4243.603       6807.294       4680.337    0.000  -0.139   0.381   0.
  2017 352 22 14 16 487 352.926579722      -0.25      2.24     -1.11  0.       -4244.547       6807.115       4679.004    0.000  -0.139   0.381   0.
  2017 352 22 14 17 487 352.926591296       0.10      2.06     -0.73  0.       -4245.491       6806.936       4677.670    0.000  -0.139   0.381   0.
  2017 352 22 14 18 488 352.926602870       0.34      1.91     -0.74  0.       -4246.436       6806.757       4676.337    0.000  -0.139   0.381   0.
  2017 352 22 14 19 488 352.926614444      -0.06      2.10     -0.93  0.       -4247.379       6806.577       4675.003    0.000  -0.139   0.381   0.
  2017 352 22 14 20 487 352.926626019      -0.72      2.39     -1.04  0.       -4248.323       6806.397       4673.669    0.000  -0.139   0.381   0.
  2017 352 22 14 21 487 352.926637593      -1.33      2.48     -0.53  0.       -4249.266       6806.217       4672.334    0.000  -0.139   0.381   0.
  2017 352 22 14 22 488 352.926649167      -1.08      1.72     -0.19  0.       -4250.209       6806.036       4671.000    0.000  -0.139   0.381   0.
  2017 352 22 14 23 488 352.926660741      -1.29      1.84      0.17  0.       -4251.152       6805.855       4669.665    0.000  -0.139   0.381   0.
  2017 352 22 14 24 488 352.926672315      -1.23      2.50      0.69  0.       -4252.095       6805.673       4668.330    0.000  -0.139   0.381   0.
  2017 352 22 14 25 488 352.926683889      -1.24      2.39      0.83  0.       -4253.038       6805.492       4666.994    0.000  -0.139   0.381   0.
  2017 352 22 14 26 488 352.926695463      -0.92      1.83      1.03  0.       -4253.980       6805.309       4665.659    0.000  -0.139   0.381   0.
  2017 352 22 14 27 487 352.926707037      -0.69      1.36      0.83  0.       -4254.922       6805.127       4664.323    0.000  -0.139   0.381   0.
  2017 352 22 14 28 487 352.926718611      -0.11      1.74      0.02  0.       -4255.864       6804.944       4662.987    0.000  -0.139   0.381   0.
  2017 352 22 14 29 487 352.926730185      -0.21      2.18     -0.46  0.       -4256.805       6804.761       4661.650    0.000  -0.139   0.381   0.
  2017 352 22 14 30 487 352.926741759      -0.69      2.48     -0.24  0.       -4257.747       6804.577       4660.314    0.000  -0.139   0.381   0.
  2017 352 22 14 31 487 352.926753333      -0.55      2.28     -0.49  0.       -4258.688       6804.393       4658.977    0.000  -0.139   0.381   0.
  2017 352 22 14 32 487 352.926764905      -0.90      1.79     -0.25  0.       -4259.629       6804.208       4657.640    0.000  -0.139   0.381   0.
  2017 352 22 14 33 487 352.926776479      -0.89      1.99      0.03  0.       -4260.569       6804.024       4656.302    0.000  -0.139   0.381   0.
  2017 352 22 14 34 487 352.926788053      -1.35      2.06      0.03  0.       -4261.510       6803.838       4654.965    0.000  -0.139   0.381   0.
  2017 352 22 14 35 487 352.926799627      -1.53      1.49     -0.21  0.       -4262.450       6803.653       4653.627    0.000  -0.139   0.381   0.
  2017 352 22 14 36 487 352.926811201      -1.11      1.23     -0.78  0.       -4263.390       6803.467       4652.289    0.000  -0.139   0.381   0.
  2017 352 22 14 37 487 352.926822775      -0.58      2.52     -1.82  0.       -4264.330       6803.281       4650.950    0.000  -0.139   0.381   0.
  2017 352 22 14 38 487 352.926834349      -1.07      2.46     -1.87  0.       -4265.269       6803.094       4649.611    0.000  -0.139   0.381   0.
  2017 352 22 14 39 487 352.926845923      -1.81      3.25     -0.89  0.       -4266.208       6802.907       4648.273    0.000  -0.139   0.381   0.
  2017 352 22 14 40 487 352.926857497      -2.30      2.68     -0.10  0.       -4267.148       6802.720       4646.933    0.000  -0.139   0.381   0.
  2017 352 22 14 41 487 352.926869071      -1.39      1.77     -0.59  0.       -4268.086       6802.532       4645.594    0.000  -0.139   0.381   0.
  2017 352 22 14 42 487 352.926880645      -0.29      1.73     -1.67  0.       -4269.025       6802.344       4644.255    0.000  -0.139   0.381   0.
  2017 352 22 14 43 487 352.926892219       0.21      1.75     -1.43  0.       -4269.963       6802.156       4642.915    0.000  -0.139   0.381   0.
  2017 352 22 14 44 487 352.926903793       0.52      2.15     -0.77  0.       -4270.901       6801.967       4641.574    0.000  -0.139   0.381   0.
  2017 352 22 14 45 487 352.926915367       0.51      2.48      0.01  0.       -4271.839       6801.778       4640.234    0.000  -0.139   0.381   0.
  2017 352 22 14 46 487 352.926926942       0.11      2.88      0.36  0.       -4272.777       6801.588       4638.893    0.000  -0.139   0.381   0.
  2017 352 22 14 47 487 352.926938516      -0.48      3.28      0.26  0.       -4273.715       6801.399       4637.553    0.000  -0.139   0.381   0.
  2017 352 22 14 48 487 352.926950090      -0.62      2.66     -0.38  0.       -4274.652       6801.208       4636.211    0.000  -0.139   0.381   0.
  2017 352 22 14 49 487 352.926961664      -0.41      2.70     -0.27  0.       -4275.589       6801.018       4634.870    0.000  -0.139   0.381   0.
  2017 352 22 14 50 487 352.926973238      -0.55      2.48      0.31  0.       -4276.526       6800.827       4633.528    0.000  -0.139   0.381   0.
  2017 352 22 14 51 487 352.926984812      -0.81      2.26      0.28  0.       -4277.462       6800.635       4632.187    0.000  -0.139   0.381   0.
  2017 352 22 14 52 487 352.926996386      -0.70      1.29      0.57  0.       -4278.398       6800.444       4630.844    0.000  -0.139   0.381   0.
  2017 352 22 14 53 487 352.927007960      -0.22      1.61     -0.15  0.       -4279.334       6800.252       4629.502    0.000  -0.139   0.381   0.
  2017 352 22 14 54 487 352.927019534       0.37      3.03     -1.18  0.       -4280.270       6800.059       4628.159    0.000  -0.139   0.381   0.
  2017 352 22 14 55 487 352.927031108      -0.59      2.31     -1.16  0.       -4281.206       6799.866       4626.817    0.000  -0.139   0.381   0.
  2017 352 22 14 56 487 352.927042682      -0.67      1.46     -2.06  0.       -4282.141       6799.673       4625.473    0.000  -0.139   0.381   0.
  2017 352 22 14 57 487 352.927054256      -0.56      2.11     -3.14  0.       -4283.077       6799.480       4624.130    0.000  -0.139   0.381   0.
  2017 352 22 14 58 487 352.927065830      -0.60      2.54     -2.77  0.       -4284.011       6799.286       4622.786    0.000  -0.139   0.381   0.
  2017 352 22 14 59 487 352.927077405      -0.18      1.74     -2.11  0.       -4284.946       6799.091       4621.443    0.000  -0.139   0.381   0.
  2017 352 22 15  0 487 352.927088979       0.69      1.42     -2.49  0.       -4285.881       6798.897       4620.099    0.000  -0.139   0.381   0.
  2017 352 22 15  1 487 352.927100553       0.84      0.82     -2.11  0.       -4286.815       6798.702       4618.754    0.000  -0.139   0.381   0.
  2017 352 22 15  2 487 352.927112127       0.41      1.66     -0.87  0.       -4287.749       6798.507       4617.410    0.000  -0.139   0.381   0.
  2017 352 22 15  3 487 352.927123700      -0.31      3.03     -0.79  0.       -4288.683       6798.311       4616.065    0.000  -0.139   0.381   0.
  2017 352 22 15  4 487 352.927135272      -0.62      3.05     -0.96  0.       -4289.616       6798.115       4614.720    0.000  -0.139   0.381   0.
  2017 352 22 15  5 487 352.927146846      -0.55      3.11     -1.02  0.       -4290.550       6797.918       4613.374    0.000  -0.139   0.381   0.
  2017 352 22 15  6 487 352.927158420      -0.70      2.86     -2.16  0.       -4291.483       6797.721       4612.029    0.000  -0.139   0.381   0.
  2017 352 22 15  7 487 352.927169994      -0.90      2.41     -2.15  0.       -4292.415       6797.524       4610.683    0.000  -0.139   0.381   0.
  2017 352 22 15  8 487 352.927181568      -0.92      2.32     -1.87  0.       -4293.348       6797.327       4609.337    0.000  -0.139   0.381   0.
  2017 352 22 15  9 487 352.927193142      -0.72      2.21     -1.64  0.       -4294.280       6797.129       4607.990    0.000  -0.139   0.381   0.
  2017 352 22 15 10 487 352.927204716      -0.85      2.29     -1.08  0.       -4295.213       6796.930       4606.644    0.000  -0.139   0.381   0.
  2017 352 22 15 11 487 352.927216290      -0.34      2.24     -0.93  0.       -4296.145       6796.732       4605.297    0.000  -0.139   0.381   0.
  2017 352 22 15 12 487 352.927227865      -0.02      2.99     -0.83  0.       -4297.076       6796.533       4603.950    0.000  -0.139   0.381   0.
  2017 352 22 15 13 487 352.927239439      -1.07      3.28     -0.37  0.       -4298.008       6796.334       4602.602    0.000  -0.139   0.381   0.
  2017 352 22 15 14 487 352.927251013      -1.77      2.83     -0.10  0.       -4298.939       6796.134       4601.255    0.000  -0.139   0.381   0.
  2017 352 22 15 15 487 352.927262587      -1.90      2.29     -0.16  0.       -4299.870       6795.934       4599.907    0.000  -0.139   0.381   0.
  2017 352 22 15 16 487 352.927274161      -1.65      1.55     -0.37  0.       -4300.801       6795.733       4598.559    0.000  -0.139   0.381   0.
  2017 352 22 15 17 487 352.927285735      -1.24      1.45     -0.41  0.       -4301.731       6795.532       4597.211    0.000  -0.139   0.381   0.
  2017 352 22 15 18 487 352.927297309      -1.27      1.12     -0.91  0.       -4302.662       6795.331       4595.862    0.000  -0.139   0.381   0.
  2017 352 22 15 19 487 352.927308883      -2.00      1.17     -1.12  0.       -4303.592       6795.130       4594.513    0.000  -0.139   0.381   0.
  2017 352 22 15 20 487 352.927320457      -1.89      1.14     -0.98  0.       -4304.522       6794.928       4593.164    0.000  -0.139   0.381   0.
  2017 352 22 15 21 487 352.927332031      -1.55      1.88     -1.24  0.       -4305.451       6794.725       4591.815    0.000  -0.139   0.381   0.
  2017 352 22 15 22 487 352.927343605      -1.54      2.84     -0.84  0.       -4306.381       6794.523       4590.465    0.000  -0.139   0.381   0.
  2017 352 22 15 23 487 352.927355179      -1.78      2.23     -0.19  0.       -4307.310       6794.320       4589.115    0.000  -0.139   0.381   0.
  2017 352 22 15 24 487 352.927366753      -1.56      1.71     -0.86  0.       -4308.239       6794.116       4587.765    0.000  -0.139   0.381   0.
  2017 352 22 15 25 487 352.927378328      -1.51      1.70     -1.04  0.       -4309.167       6793.912       4586.415    0.000  -0.139   0.381   0.
  2017 352 22 15 26 487 352.927389902      -1.06      1.39     -1.13  0.       -4310.096       6793.708       4585.064    0.000  -0.139   0.381   0.
  2017 352 22 15 27 487 352.927401476      -0.30      2.20     -1.00  0.       -4311.024       6793.504       4583.714    0.000  -0.139   0.381   0.
  2017 352 22 15 28 487 352.927413050      -0.57      3.18     -0.36  0.       -4311.952       6793.299       4582.363    0.000  -0.139   0.381   0.
  2017 352 22 15 29 487 352.927424624      -2.09      2.89     -1.11  0.       -4312.880       6793.094       4581.011    0.000  -0.139   0.381   0.
  2017 352 22 15 30 487 352.927436198      -2.19      2.06     -1.57  0.       -4313.807       6792.888       4579.660    0.000  -0.139   0.381   0.
  2017 352 22 15 31 487 352.927447772      -2.29      2.45     -1.43  0.       -4314.735       6792.682       4578.308    0.000  -0.139   0.381   0.
  2017 352 22 15 32 487 352.927459346      -2.18      2.23     -1.00  0.       -4315.662       6792.476       4576.956    0.000  -0.139   0.381   0.
  2017 352 22 15 33 487 352.927470919      -2.07      1.86     -1.23  0.       -4316.588       6792.269       4575.604    0.000  -0.139   0.381   0.
  2017 352 22 15 34 487 352.927482491      -1.53      1.76     -1.60  0.       -4317.515       6792.062       4574.251    0.000  -0.139   0.381   0.
  2017 352 22 15 35 487 352.927494065      -1.62      1.82     -1.92  0.       -4318.441       6791.855       4572.898    0.000  -0.139   0.381   0.
  2017 352 22 15 36 487 352.927505639      -1.85      1.36     -2.03  0.       -4319.368       6791.647       4571.545    0.000  -0.139   0.381   0.
  2017 352 22 15 37 487 352.927517214      -2.02      1.26     -1.98  0.       -4320.293       6791.439       4570.192    0.000  -0.139   0.381   0.
  2017 352 22 15 38 487 352.927528788      -2.43      1.75     -1.80  0.       -4321.219       6791.230       4568.838    0.000  -0.139   0.381   0.
  2017 352 22 15 39 487 352.927540362      -2.92      2.25     -1.30  0.       -4322.144       6791.021       4567.485    0.000  -0.139   0.381   0.
  2017 352 22 15 40 487 352.927551936      -2.77      2.59     -1.29  0.       -4323.070       6790.812       4566.131    0.000  -0.139   0.381   0.
  2017 352 22 15 41 487 352.927563510      -2.16      2.64     -1.71  0.       -4323.995       6790.602       4564.776    0.000  -0.139   0.381   0.
  2017 352 22 15 42 487 352.927575084      -1.76      2.56     -1.83  0.       -4324.919       6790.392       4563.422    0.000  -0.139   0.381   0.
  2017 352 22 15 43 487 352.927586658      -1.20      2.57     -1.78  0.       -4325.844       6790.182       4562.067    0.000  -0.139   0.381   0.
  2017 352 22 15 44 487 352.927598232      -1.15      2.54     -1.21  0.       -4326.768       6789.971       4560.712    0.000  -0.139   0.381   0.
  2017 352 22 15 45 487 352.927609806      -0.99      2.88     -1.76  0.       -4327.692       6789.760       4559.357    0.000  -0.139   0.381   0.
  2017 352 22 15 46 487 352.927621380      -0.74      2.40     -1.91  0.       -4328.616       6789.549       4558.001    0.000  -0.139   0.381   0.
  2017 352 22 15 47 487 352.927632954      -0.82      2.21     -2.05  0.       -4329.539       6789.337       4556.646    0.000  -0.139   0.381   0.
  2017 352 22 15 48 487 352.927644528      -1.11      2.20     -1.79  0.       -4330.463       6789.125       4555.290    0.000  -0.139   0.381   0.
  2017 352 22 15 49 487 352.927656102      -0.73      1.67     -2.03  0.       -4331.386       6788.912       4553.933    0.000  -0.139   0.381   0.
  2017 352 22 15 50 487 352.927667677      -0.82      1.45     -1.46  0.       -4332.309       6788.699       4552.577    0.000  -0.139   0.381   0.
  2017 352 22 15 51 487 352.927679251      -1.10      1.53     -0.86  0.       -4333.231       6788.486       4551.220    0.000  -0.139   0.381   0.
  2017 352 22 15 52 487 352.927690825      -1.03      1.32     -0.76  0.       -4334.154       6788.272       4549.863    0.000  -0.139   0.381   0.
  2017 352 22 15 53 487 352.927702399      -0.78      1.14     -1.10  0.       -4335.076       6788.058       4548.506    0.000  -0.139   0.381   0.
  2017 352 22 15 54 487 352.927713973      -0.87      1.34     -1.21  0.       -4335.998       6787.844       4547.148    0.000  -0.139   0.381   0.
  2017 352 22 15 55 487 352.927725547      -0.86      2.22     -0.94  0.       -4336.920       6787.629       4545.791    0.000  -0.139   0.381   0.
  2017 352 22 15 56 487 352.927737121      -1.52      2.82     -0.68  0.       -4337.841       6787.414       4544.433    0.000  -0.139   0.381   0.
  2017 352 22 15 57 487 352.927748695      -1.76      2.83     -0.15  0.       -4338.762       6787.198       4543.075    0.000  -0.139   0.381   0.
  2017 352 22 15 58 487 352.927760269      -1.14      2.96     -0.16  0.       -4339.683       6786.982       4541.716    0.000  -0.139   0.381   0.
  2017 352 22 15 59 487 352.927771843      -1.42      3.46      0.16  0.       -4340.604       6786.766       4540.357    0.000  -0.139   0.381   0.
  2017 352 22 16  0 487 352.927783417      -1.81      2.37      0.58  0.       -4341.524       6786.550       4538.999    0.000  -0.139   0.381   0.
  2017 352 22 16  1 487 352.927794991      -1.02      2.05     -0.07  0.       -4342.445       6786.333       4537.639    0.000  -0.139   0.381   0.
  2017 352 22 16  2 487 352.927806565      -0.93      1.91     -0.32  0.       -4343.365       6786.115       4536.280    0.000  -0.139   0.381   0.
  2017 352 22 16  3 486 352.927818138      -0.79      2.16     -0.70  0.       -4344.284       6785.898       4534.920    0.000  -0.139   0.381   0.
  2017 352 22 16  4 487 352.927829711      -0.95      2.65     -0.62  0.       -4345.204       6785.679       4533.560    0.000  -0.139   0.381   0.
  2017 352 22 16  5 487 352.927841285      -0.96      2.63     -0.63  0.       -4346.123       6785.461       4532.200    0.000  -0.139   0.381   0.
  2017 352 22 16  6 487 352.927852859      -1.04      2.30     -0.17  0.       -4347.042       6785.242       4530.840    0.000  -0.139   0.381   0.
  2017 352 22 16  7 487 352.927864433      -1.15      2.56      0.07  0.       -4347.961       6785.023       4529.479    0.000  -0.139   0.381   0.
  2017 352 22 16  8 487 352.927876007      -1.45      2.54      0.14  0.       -4348.880       6784.803       4528.118    0.000  -0.139   0.381   0.
  2017 352 22 16  9 486 352.927887581      -0.84      2.29     -0.24  0.       -4349.798       6784.584       4526.757    0.000  -0.139   0.381   0.
  2017 352 22 16 10 486 352.927899155      -0.92      2.61     -0.41  0.       -4350.717       6784.363       4525.396    0.000  -0.139   0.381   0.
  2017 352 22 16 11 486 352.927910729      -2.12      2.59     -0.05  0.       -4351.634       6784.143       4524.034    0.000  -0.139   0.381   0.
  2017 352 22 16 12 486 352.927922303      -2.44      1.61     -0.41  0.       -4352.552       6783.922       4522.672    0.000  -0.139   0.381   0.
  2017 352 22 16 13 486 352.927933877      -2.29      1.17     -0.27  0.       -4353.470       6783.700       4521.310    0.000  -0.139   0.381   0.
  2017 352 22 16 14 487 352.927945451      -0.66      2.60     -0.07  0.       -4354.387       6783.478       4519.947    0.000  -0.139   0.381   0.
  2017 352 22 16 15 487 352.927957025      -0.62      2.85      0.06  0.       -4355.304       6783.256       4518.585    0.000  -0.139   0.381   0.
  2017 352 22 16 16 486 352.927968600      -1.20      3.08      0.49  0.       -4356.220       6783.034       4517.222    0.000  -0.139   0.381   0.
  2017 352 22 16 17 486 352.927980174      -1.10      3.57      0.38  0.       -4357.137       6782.811       4515.859    0.000  -0.139   0.381   0.
  2017 352 22 16 18 487 352.927991748      -1.83      3.60      0.76  0.       -4358.053       6782.588       4514.495    0.000  -0.139   0.381   0.
  2017 352 22 16 19 487 352.928003322      -2.46      3.05      0.58  0.       -4358.969       6782.364       4513.132    0.000  -0.139   0.381   0.
  2017 352 22 16 20 487 352.928014896      -1.97      2.86      0.30  0.       -4359.885       6782.141       4511.768    0.000  -0.139   0.381   0.
  2017 352 22 16 21 487 352.928026470      -1.40      3.17     -0.15  0.       -4360.801       6781.916       4510.404    0.000  -0.139   0.381   0.
  2017 352 22 16 22 487 352.928038044      -1.19      3.45     -0.40  0.       -4361.716       6781.691       4509.040    0.000  -0.139   0.381   0.
  2017 352 22 16 23 486 352.928049618      -1.18      2.91     -0.35  0.       -4362.631       6781.466       4507.675    0.000  -0.139   0.381   0.
  2017 352 22 16 24 486 352.928061192      -1.51      2.38     -0.83  0.       -4363.546       6781.241       4506.310    0.000  -0.139   0.381   0.
  2017 352 22 16 25 486 352.928072766      -1.24      1.41     -0.66  0.       -4364.460       6781.015       4504.945    0.000  -0.139   0.381   0.
  2017 352 22 16 26 486 352.928084340      -1.38      1.93     -0.99  0.       -4365.375       6780.789       4503.580    0.000  -0.139   0.381   0.
  2017 352 22 16 27 487 352.928095914      -1.69      1.59     -1.35  0.       -4366.289       6780.562       4502.214    0.000  -0.139   0.381   0.
  2017 352 22 16 28 487 352.928107488      -1.37      1.09     -1.01  0.       -4367.203       6780.335       4500.848    0.000  -0.139   0.381   0.
  2017 352 22 16 29 487 352.928119063      -1.01      1.17     -1.24  0.       -4368.117       6780.108       4499.482    0.000  -0.139   0.381   0.
  2017 352 22 16 30 486 352.928130637      -0.85      1.41     -1.11  0.       -4369.030       6779.880       4498.116    0.000  -0.139   0.381   0.
  2017 352 22 16 31 487 352.928142211      -0.71      1.18     -0.87  0.       -4369.943       6779.652       4496.749    0.000  -0.139   0.381   0.
  2017 352 22 16 32 487 352.928153785      -0.73      1.67     -0.26  0.       -4370.856       6779.424       4495.383    0.000  -0.139   0.381   0.
  2017 352 22 16 33 487 352.928165358      -1.36      1.33     -0.28  0.       -4371.769       6779.195       4494.016    0.000  -0.139   0.381   0.
  2017 352 22 16 34 486 352.928176930      -1.37      1.09     -0.66  0.       -4372.681       6778.966       4492.648    0.000  -0.139   0.381   0.
  2017 352 22 16 35 486 352.928188504      -1.19      1.48     -0.65  0.       -4373.593       6778.737       4491.281    0.000  -0.139   0.381   0.
  2017 352 22 16 36 486 352.928200078      -1.55      2.22     -0.78  0.       -4374.505       6778.507       4489.913    0.000  -0.139   0.381   0.
  2017 352 22 16 37 486 352.928211652      -1.74      2.42     -1.05  0.       -4375.417       6778.276       4488.545    0.000  -0.139   0.381   0.
  2017 352 22 16 38 486 352.928223226      -1.65      2.15     -0.48  0.       -4376.329       6778.046       4487.177    0.000  -0.139   0.381   0.
  2017 352 22 16 39 486 352.928234800      -1.23      2.21     -0.32  0.       -4377.240       6777.815       4485.808    0.000  -0.139   0.381   0.
  2017 352 22 16 40 486 352.928246374      -0.69      2.24     -0.53  0.       -4378.151       6777.584       4484.439    0.000  -0.139   0.381   0.
  2017 352 22 16 41 486 352.928257948      -0.48      2.26     -0.64  0.       -4379.062       6777.352       4483.070    0.000  -0.139   0.381   0.
  2017 352 22 16 42 486 352.928269523      -0.84      1.63     -0.79  0.       -4379.972       6777.120       4481.701    0.000  -0.139   0.381   0.
  2017 352 22 16 43 486 352.928281097      -0.98      1.38     -0.51  0.       -4380.883       6776.887       4480.332    0.000  -0.139   0.381   0.
  2017 352 22 16 44 486 352.928292671      -0.53      1.30     -0.51  0.       -4381.793       6776.654       4478.962    0.000  -0.139   0.381   0.
  2017 352 22 16 45 486 352.928304245      -0.36      1.78     -0.75  0.       -4382.703       6776.421       4477.592    0.000  -0.139   0.381   0.
  2017 352 22 16 46 486 352.928315819      -0.30      2.21     -1.25  0.       -4383.612       6776.188       4476.222    0.000  -0.139   0.381   0.
  2017 352 22 16 47 486 352.928327393      -0.53      2.08     -0.90  0.       -4384.522       6775.954       4474.851    0.000  -0.139   0.381   0.
  2017 352 22 16 48 486 352.928338967      -1.00      2.31     -1.15  0.       -4385.431       6775.720       4473.481    0.000  -0.139   0.381   0.
  2017 352 22 16 49 486 352.928350541      -1.40      2.26     -1.52  0.       -4386.340       6775.485       4472.110    0.000  -0.139   0.381   0.
  2017 352 22 16 50 486 352.928362115      -1.24      2.23     -1.37  0.       -4387.248       6775.250       4470.738    0.000  -0.139   0.381   0.
  2017 352 22 16 51 486 352.928373689      -0.74      1.71     -1.31  0.       -4388.157       6775.014       4469.367    0.000  -0.139   0.381   0.
  2017 352 22 16 52 486 352.928385263      -0.68      1.33     -1.44  0.       -4389.065       6774.779       4467.995    0.000  -0.139   0.381   0.
  2017 352 22 16 53 486 352.928396837      -1.24      1.41     -0.97  0.       -4389.973       6774.543       4466.623    0.000  -0.139   0.381   0.
  2017 352 22 16 54 486 352.928408411      -1.68      1.86     -0.27  0.       -4390.880       6774.306       4465.251    0.000  -0.139   0.381   0.
  2017 352 22 16 55 486 352.928419986      -1.14      2.33     -0.22  0.       -4391.788       6774.069       4463.879    0.000  -0.139   0.381   0.
  2017 352 22 16 56 486 352.928431560      -0.88      1.80     -0.26  0.       -4392.695       6773.832       4462.506    0.000  -0.139   0.381   0.
  2017 352 22 16 57 486 352.928443134      -0.59      1.16     -0.28  0.       -4393.602       6773.594       4461.133    0.000  -0.139   0.381   0.
  2017 352 22 16 58 486 352.928454708      -0.74      1.03     -0.19  0.       -4394.509       6773.356       4459.760    0.000  -0.139   0.381   0.
  2017 352 22 16 59 486 352.928466282      -0.54      1.39     -0.86  0.       -4395.415       6773.118       4458.387    0.000  -0.139   0.381   0.
  2017 352 22 17  0 486 352.928477856      -0.41      1.57     -1.26  0.       -4396.322       6772.879       4457.013    0.000  -0.139   0.381   0.
  2017 352 22 17  1 486 352.928489430      -0.47      1.97     -0.74  0.       -4397.228       6772.640       4455.639    0.000  -0.139   0.381   0.
  2017 352 22 17  2 486 352.928501004      -0.31      2.09     -0.95  0.       -4398.133       6772.401       4454.265    0.000  -0.139   0.381   0.
  2017 352 22 17  3 486 352.928512577       0.06      2.26     -0.71  0.       -4399.039       6772.161       4452.891    0.000  -0.139   0.381   0.
  2017 352 22 17  4 486 352.928524149      -0.99      2.00     -0.21  0.       -4399.944       6771.921       4451.516    0.000  -0.139   0.381   0.
  2017 352 22 17  5 486 352.928535723      -1.25      1.51     -0.68  0.       -4400.849       6771.680       4450.141    0.000  -0.139   0.381   0.
  2017 352 22 17  6 486 352.928547298      -1.00      1.29     -0.98  0.       -4401.754       6771.439       4448.766    0.000  -0.139   0.381   0.
  2017 352 22 17  7 486 352.928558871      -1.64      1.41     -0.51  0.       -4402.659       6771.198       4447.391    0.000  -0.139   0.381   0.
  2017 352 22 17  8 486 352.928570446      -1.71      1.89     -0.79  0.       -4403.563       6770.956       4446.015    0.000  -0.139   0.381   0.
  2017 352 22 17  9 486 352.928582020      -1.55      2.20     -0.91  0.       -4404.467       6770.714       4444.640    0.000  -0.139   0.381   0.
  2017 352 22 17 10 486 352.928593594      -1.44      1.99     -1.23  0.       -4405.371       6770.472       4443.264    0.000  -0.139   0.381   0.
  2017 352 22 17 11 486 352.928605168      -1.42      2.00     -1.54  0.       -4406.275       6770.229       4441.887    0.000  -0.139   0.381   0.
  2017 352 22 17 12 486 352.928616742      -0.75      2.16     -1.60  0.       -4407.178       6769.986       4440.511    0.000  -0.139   0.381   0.
  2017 352 22 17 13 486 352.928628316      -0.70      2.49     -2.02  0.       -4408.081       6769.742       4439.134    0.000  -0.139   0.381   0.
  2017 352 22 17 14 486 352.928639890      -0.69      1.79     -1.85  0.       -4408.984       6769.498       4437.757    0.000  -0.139   0.381   0.
  2017 352 22 17 15 486 352.928651464      -0.83      1.79     -1.45  0.       -4409.887       6769.254       4436.379    0.000  -0.139   0.381   0.
  2017 352 22 17 16 486 352.928663038      -0.81      1.82     -1.02  0.       -4410.789       6769.009       4435.002    0.000  -0.139   0.381   0.
  2017 352 22 17 17 486 352.928674612      -0.47      1.62     -1.31  0.       -4411.691       6768.765       4433.624    0.000  -0.139   0.381   0.
  2017 352 22 17 18 486 352.928686186      -0.31      1.36     -1.04  0.       -4412.593       6768.519       4432.246    0.000  -0.139   0.381   0.
  2017 352 22 17 19 486 352.928697760      -0.61      1.24     -0.59  0.       -4413.495       6768.273       4430.868    0.000  -0.139   0.381   0.
  2017 352 22 17 20 486 352.928709335      -0.53      1.12     -0.97  0.       -4414.396       6768.027       4429.489    0.000  -0.139   0.381   0.
  2017 352 22 17 21 486 352.928720909      -0.61      1.29     -0.73  0.       -4415.297       6767.781       4428.111    0.000  -0.139   0.381   0.
  2017 352 22 17 22 486 352.928732483      -0.65      1.45     -0.79  0.       -4416.198       6767.534       4426.732    0.000  -0.139   0.381   0.
  2017 352 22 17 23 486 352.928744057      -0.55      1.76     -1.45  0.       -4417.099       6767.287       4425.353    0.000  -0.139   0.381   0.
  2017 352 22 17 24 486 352.928755631      -0.64      2.47     -2.12  0.       -4418.000       6767.039       4423.973    0.000  -0.139   0.381   0.
  2017 352 22 17 25 486 352.928767205      -0.32      2.57     -2.19  0.       -4418.900       6766.791       4422.593    0.000  -0.139   0.381   0.
  2017 352 22 17 26 486 352.928778779       0.21      2.35     -2.34  0.       -4419.800       6766.543       4421.213    0.000  -0.139   0.381   0.
  2017 352 22 17 27 486 352.928790353       0.15      2.71     -2.54  0.       -4420.700       6766.294       4419.833    0.000  -0.139   0.381   0.
  2017 352 22 17 28 486 352.928801927      -0.16      2.42     -1.89  0.       -4421.599       6766.045       4418.453    0.000  -0.138   0.380   0.
  2017 352 22 17 29 486 352.928813501      -0.81      2.42     -1.48  0.       -4422.498       6765.796       4417.072    0.000  -0.138   0.380   0.
  2017 352 22 17 30 486 352.928825075      -1.12      2.12     -1.08  0.       -4423.397       6765.546       4415.691    0.000  -0.139   0.381   0.
  2017 352 22 17 31 486 352.928836648      -1.16      2.42     -0.23  0.       -4424.296       6765.295       4414.310    0.000  -0.139   0.381   0.
  2017 352 22 17 32 486 352.928848220      -1.21      2.35      0.29  0.       -4425.195       6765.045       4412.929    0.000  -0.139   0.381   0.
  2017 352 22 17 33 486 352.928859795      -0.82      2.29     -0.29  0.       -4426.093       6764.794       4411.547    0.000  -0.139   0.381   0.
  2017 352 22 17 34 486 352.928871369      -1.15      2.43     -0.28  0.       -4426.991       6764.543       4410.165    0.000  -0.139   0.381   0.
  2017 352 22 17 35 486 352.928882943      -1.44      2.72     -0.26  0.       -4427.889       6764.291       4408.783    0.000  -0.139   0.381   0.
  2017 352 22 17 36 486 352.928894517      -1.34      2.37      0.43  0.       -4428.786       6764.039       4407.401    0.000  -0.139   0.381   0.
  2017 352 22 17 37 486 352.928906091      -1.36      2.13      0.02  0.       -4429.684       6763.787       4406.018    0.000  -0.139   0.381   0.
  2017 352 22 17 38 486 352.928917665      -1.52      1.25      0.24  0.       -4430.581       6763.534       4404.635    0.000  -0.139   0.381   0.
  2017 352 22 17 39 486 352.928929239      -1.19      0.63     -0.28  0.       -4431.478       6763.281       4403.252    0.000  -0.139   0.381   0.
  2017 352 22 17 40 486 352.928940813      -0.54      1.13     -0.99  0.       -4432.374       6763.027       4401.869    0.000  -0.139   0.381   0.
  2017 352 22 17 41 486 352.928952387      -0.35      1.45     -1.06  0.       -4433.271       6762.773       4400.485    0.000  -0.139   0.381   0.
  2017 352 22 17 42 486 352.928963961      -0.90      1.16     -1.32  0.       -4434.167       6762.519       4399.101    0.000  -0.139   0.381   0.
  2017 352 22 17 43 486 352.928975535      -1.17      1.42     -0.88  0.       -4435.063       6762.264       4397.717    0.000  -0.139   0.381   0.
  2017 352 22 17 44 486 352.928987109      -1.05      2.23     -0.88  0.       -4435.958       6762.009       4396.333    0.000  -0.139   0.381   0.
  2017 352 22 17 45 486 352.928998683      -1.41      3.13     -0.97  0.       -4436.854       6761.754       4394.948    0.000  -0.139   0.381   0.
  2017 352 22 17 46 486 352.929010258      -2.65      3.25     -0.32  0.       -4437.749       6761.498       4393.564    0.000  -0.139   0.381   0.
  2017 352 22 17 47 486 352.929021832      -2.53      2.59     -0.15  0.       -4438.644       6761.242       4392.179    0.000  -0.139   0.381   0.
  2017 352 22 17 48 486 352.929033406      -2.28      2.65     -0.13  0.       -4439.538       6760.985       4390.793    0.000  -0.139   0.381   0.
  2017 352 22 17 49 486 352.929044980      -2.25      2.38     -0.17  0.       -4440.433       6760.729       4389.408    0.000  -0.139   0.381   0.
  2017 352 22 17 50 486 352.929056554      -1.95      2.03     -0.81  0.       -4441.327       6760.471       4388.022    0.000  -0.139   0.381   0.
  2017 352 22 17 51 486 352.929068128      -1.88      2.01     -1.46  0.       -4442.221       6760.214       4386.636    0.000  -0.139   0.381   0.
  2017 352 22 17 52 486 352.929079702      -1.96      1.93     -1.62  0.       -4443.114       6759.956       4385.250    0.000  -0.139   0.381   0.
  2017 352 22 17 53 486 352.929091276      -1.77      1.73     -1.76  0.       -4444.008       6759.697       4383.863    0.000  -0.139   0.381   0.
  2017 352 22 17 54 486 352.929102850      -1.16      1.20     -2.54  0.       -4444.901       6759.439       4382.477    0.000  -0.139   0.381   0.
  2017 352 22 17 55 486 352.929114424      -0.70      0.91     -2.51  0.       -4445.794       6759.180       4381.090    0.000  -0.139   0.381   0.
  2017 352 22 17 56 486 352.929125998      -1.56      2.08     -1.96  0.       -4446.687       6758.920       4379.703    0.000  -0.139   0.381   0.
  2017 352 22 17 57 486 352.929137572      -1.94      2.49     -1.28  0.       -4447.579       6758.660       4378.315    0.000  -0.139   0.381   0.
  2017 352 22 17 58 486 352.929149146      -0.96      2.37     -1.82  0.       -4448.471       6758.400       4376.927    0.000  -0.139   0.381   0.
  2017 352 22 17 59 486 352.929160720      -1.18      2.09     -1.74  0.       -4449.363       6758.139       4375.540    0.000  -0.139   0.381   0.
  2017 352 22 18  0 486 352.929172295      -1.51      1.82     -1.31  0.       -4450.255       6757.878       4374.151    0.000  -0.139   0.381   0.
  2017 352 22 18  1 486 352.929183869      -1.71      1.50     -0.86  0.       -4451.146       6757.617       4372.763    0.000  -0.139   0.381   0.
  2017 352 22 18  2 486 352.929195443      -1.59      1.29     -0.86  0.       -4452.038       6757.355       4371.374    0.000  -0.139   0.381   0.
  2017 352 22 18  3 486 352.929207016      -1.30      0.77     -0.51  0.       -4452.929       6757.093       4369.985    0.000  -0.139   0.381   0.
  2017 352 22 18  4 486 352.929218588      -1.06      1.16     -0.61  0.       -4453.819       6756.831       4368.596    0.000  -0.139   0.381   0.
  2017 352 22 18  5 485 352.929230162      -0.54      1.58     -1.55  0.       -4454.710       6756.568       4367.207    0.000  -0.139   0.381   0.
  2017 352 22 18  6 485 352.929241736      -0.37      1.65     -1.67  0.       -4455.600       6756.305       4365.817    0.000  -0.139   0.381   0.
  2017 352 22 18  7 485 352.929253310      -0.31      1.70     -1.37  0.       -4456.490       6756.041       4364.428    0.000  -0.139   0.381   0.
  2017 352 22 18  8 485 352.929264884      -0.38      1.65     -1.41  0.       -4457.380       6755.777       4363.038    0.000  -0.139   0.381   0.
  2017 352 22 18  9 485 352.929276458      -0.48      1.38     -1.41  0.       -4458.269       6755.513       4361.647    0.000  -0.139   0.381   0.
  2017 352 22 18 10 486 352.929288032      -0.69      1.38     -1.11  0.       -4459.159       6755.248       4360.257    0.000  -0.139   0.381   0.
  2017 352 22 18 11 486 352.929299606      -1.08      1.47     -0.93  0.       -4460.048       6754.983       4358.866    0.000  -0.139   0.381   0.
  2017 352 22 18 12 485 352.929311181      -1.02      1.04     -1.69  0.       -4460.936       6754.718       4357.475    0.000  -0.139   0.381   0.
  2017 352 22 18 13 485 352.929322755      -1.34      0.19     -1.76  0.       -4461.825       6754.452       4356.083    0.000  -0.139   0.381   0.
  2017 352 22 18 14 486 352.929334329      -1.25      0.81     -1.60  0.       -4462.713       6754.186       4354.692    0.000  -0.139   0.381   0.
  2017 352 22 18 15 486 352.929345903      -0.37      2.24     -1.48  0.       -4463.601       6753.919       4353.300    0.000  -0.139   0.381   0.
  2017 352 22 18 16 486 352.929357477      -0.73      2.33     -1.48  0.       -4464.489       6753.652       4351.908    0.000  -0.139   0.381   0.
  2017 352 22 18 17 486 352.929369051      -0.98      2.02     -1.44  0.       -4465.377       6753.385       4350.516    0.000  -0.139   0.381   0.
  2017 352 22 18 18 486 352.929380625      -0.76      2.07     -1.30  0.       -4466.264       6753.117       4349.123    0.000  -0.139   0.381   0.
  2017 352 22 18 19 485 352.929392199      -0.26      2.25     -1.13  0.       -4467.151       6752.849       4347.731    0.000  -0.139   0.381   0.
  2017 352 22 18 20 485 352.929403773      -0.07      2.00     -1.09  0.       -4468.038       6752.581       4346.338    0.000  -0.139   0.381   0.
  2017 352 22 18 21 485 352.929415347       0.52      1.65     -1.25  0.       -4468.924       6752.312       4344.945    0.000  -0.139   0.381   0.
  2017 352 22 18 22 485 352.929426921       0.30      1.90     -1.22  0.       -4469.811       6752.043       4343.551    0.000  -0.139   0.381   0.
  2017 352 22 18 23 486 352.929438495       0.80      1.80     -1.84  0.       -4470.697       6751.774       4342.157    0.000  -0.139   0.381   0.
  2017 352 22 18 24 486 352.929450069       0.45      1.28     -2.29  0.       -4471.582       6751.504       4340.763    0.000  -0.139   0.381   0.
  2017 352 22 18 25 485 352.929461644       0.15      0.82     -2.19  0.       -4472.468       6751.233       4339.369    0.000  -0.139   0.381   0.
  2017 352 22 18 26 485 352.929473218       0.71      1.50     -2.94  0.       -4473.353       6750.963       4337.975    0.000  -0.139   0.381   0.
  2017 352 22 18 27 486 352.929484792       0.82      1.99     -3.29  0.       -4474.238       6750.692       4336.580    0.000  -0.139   0.381   0.
  2017 352 22 18 28 486 352.929496366       0.48      1.98     -2.55  0.       -4475.123       6750.420       4335.185    0.000  -0.139   0.381   0.
  2017 352 22 18 29 486 352.929507940      -0.01      2.28     -1.76  0.       -4476.008       6750.148       4333.790    0.000  -0.139   0.381   0.
  2017 352 22 18 30 486 352.929519514       0.58      2.31     -1.79  0.       -4476.892       6749.876       4332.395    0.000  -0.139   0.381   0.
  2017 352 22 18 31 486 352.929531088       1.39      1.40     -2.36  0.       -4477.776       6749.604       4330.999    0.000  -0.139   0.381   0.
  2017 352 22 18 32 485 352.929542662       1.63      0.79     -2.72  0.       -4478.660       6749.331       4329.604    0.000  -0.139   0.381   0.
  2017 352 22 18 33 485 352.929554235       1.77      0.50     -2.55  0.       -4479.544       6749.058       4328.207    0.000  -0.139   0.381   0.
  2017 352 22 18 34 485 352.929565807       0.56      0.09     -2.22  0.       -4480.427       6748.784       4326.811    0.000  -0.139   0.381   0.
  2017 352 22 18 35 485 352.929577381      -0.67     -0.32     -1.64  0.       -4481.310       6748.510       4325.415    0.000  -0.139   0.381   0.
  2017 352 22 18 36 485 352.929588955       0.05      1.01     -1.03  0.       -4482.193       6748.236       4324.018    0.000  -0.139   0.381   0.
  2017 352 22 18 37 485 352.929600529       0.26      1.08     -1.12  0.       -4483.076       6747.961       4322.621    0.000  -0.139   0.381   0.
  2017 352 22 18 38 485 352.929612104       0.28      1.41     -0.76  0.       -4483.958       6747.686       4321.223    0.000  -0.139   0.381   0.
  2017 352 22 18 39 485 352.929623678      -0.43      1.64      0.16  0.       -4484.840       6747.411       4319.826    0.000  -0.139   0.381   0.
  2017 352 22 18 40 485 352.929635252      -0.52      1.83      0.18  0.       -4485.722       6747.135       4318.428    0.000  -0.139   0.381   0.
  2017 352 22 18 41 485 352.929646826      -0.18      2.54     -0.22  0.       -4486.603       6746.858       4317.030    0.000  -0.139   0.381   0.
  2017 352 22 18 42 485 352.929658400       0.52      2.54     -1.43  0.       -4487.485       6746.582       4315.632    0.000  -0.139   0.381   0.
  2017 352 22 18 43 485 352.929669974       0.13      2.13     -2.34  0.       -4488.366       6746.305       4314.233    0.000  -0.139   0.381   0.
  2017 352 22 18 44 485 352.929681548      -0.17      2.14     -1.87  0.       -4489.247       6746.028       4312.835    0.000  -0.139   0.381   0.
  2017 352 22 18 45 485 352.929693122      -0.04      1.91     -1.82  0.       -4490.127       6745.750       4311.436    0.000  -0.139   0.381   0.
  2017 352 22 18 46 485 352.929704696       0.35      1.53     -2.37  0.       -4491.008       6745.472       4310.037    0.000  -0.139   0.381   0.
  2017 352 22 18 47 485 352.929716270       0.25      1.41     -2.79  0.       -4491.888       6745.193       4308.637    0.000  -0.139   0.381   0.
  2017 352 22 18 48 485 352.929727844      -0.43      1.09     -2.45  0.       -4492.768       6744.914       4307.237    0.000  -0.139   0.381   0.
  2017 352 22 18 49 485 352.929739418      -1.30      0.88     -1.01  0.       -4493.647       6744.635       4305.837    0.000  -0.139   0.381   0.
  2017 352 22 18 50 485 352.929750992      -1.28      1.09     -0.00  0.       -4494.527       6744.355       4304.437    0.000  -0.139   0.381   0.
  2017 352 22 18 51 485 352.929762567      -1.03      1.39      0.04  0.       -4495.406       6744.075       4303.037    0.000  -0.139   0.381   0.
  2017 352 22 18 52 485 352.929774141      -0.61      2.04     -0.21  0.       -4496.285       6743.795       4301.636    0.000  -0.139   0.381   0.
  2017 352 22 18 53 485 352.929785715      -0.46      2.19     -0.65  0.       -4497.163       6743.515       4300.235    0.000  -0.139   0.381   0.
  2017 352 22 18 54 485 352.929797289      -0.33      1.58     -0.87  0.       -4498.042       6743.233       4298.834    0.000  -0.139   0.381   0.
  2017 352 22 18 55 485 352.929808863      -0.40      1.57     -0.83  0.       -4498.920       6742.952       4297.433    0.000  -0.139   0.381   0.
  2017 352 22 18 56 485 352.929820437      -0.24      1.59     -1.01  0.       -4499.798       6742.670       4296.032    0.000  -0.139   0.381   0.
  2017 352 22 18 57 485 352.929832011      -0.14      1.40     -1.67  0.       -4500.675       6742.388       4294.630    0.000  -0.139   0.381   0.
  2017 352 22 18 58 485 352.929843585      -0.02      1.50     -1.58  0.       -4501.553       6742.105       4293.228    0.000  -0.139   0.381   0.
  2017 352 22 18 59 485 352.929855159       0.35      1.18     -2.33  0.       -4502.430       6741.822       4291.825    0.000  -0.139   0.381   0.
  2017 352 22 19  0 485 352.929866733       0.17      0.81     -2.19  0.       -4503.307       6741.539       4290.423    0.000  -0.139   0.381   0.
  2017 352 22 19  1 485 352.929878307      -0.25      0.50     -1.95  0.       -4504.183       6741.255       4289.020    0.000  -0.139   0.381   0.
  2017 352 22 19  2 485 352.929889881      -0.67      0.58     -1.65  0.       -4505.060       6740.971       4287.617    0.000  -0.139   0.381   0.
  2017 352 22 19  3 485 352.929901454      -0.70      0.64     -1.06  0.       -4505.936       6740.687       4286.214    0.000  -0.139   0.381   0.
  2017 352 22 19  4 485 352.929913027      -0.26      1.48     -1.00  0.       -4506.812       6740.402       4284.810    0.000  -0.139   0.381   0.
  2017 352 22 19  5 485 352.929924601       0.20      1.69     -2.45  0.       -4507.687       6740.117       4283.407    0.000  -0.139   0.381   0.
  2017 352 22 19  6 485 352.929936175      -0.24      2.01     -2.50  0.       -4508.563       6739.831       4282.003    0.000  -0.139   0.381   0.
  2017 352 22 19  7 485 352.929947749      -0.44      2.45     -2.84  0.       -4509.438       6739.545       4280.598    0.000  -0.139   0.381   0.
  2017 352 22 19  8 485 352.929959323       0.40      1.98     -2.93  0.       -4510.313       6739.259       4279.194    0.000  -0.139   0.381   0.
  2017 352 22 19  9 485 352.929970897       1.45      2.03     -3.72  0.       -4511.187       6738.972       4277.789    0.000  -0.139   0.381   0.
  2017 352 22 19 10 485 352.929982471       0.88      1.82     -3.68  0.       -4512.062       6738.685       4276.384    0.000  -0.139   0.381   0.
  2017 352 22 19 11 485 352.929994045      -0.11      2.15     -2.38  0.       -4512.936       6738.398       4274.979    0.000  -0.139   0.381   0.
  2017 352 22 19 12 485 352.930005619      -0.23      2.14     -1.55  0.       -4513.810       6738.110       4273.574    0.000  -0.139   0.381   0.
  2017 352 22 19 13 485 352.930017193      -0.24      1.61     -0.55  0.       -4514.683       6737.822       4272.168    0.000  -0.139   0.381   0.
  2017 352 22 19 14 485 352.930028767      -0.74      0.91      0.06  0.       -4515.557       6737.533       4270.762    0.000  -0.139   0.381   0.
  2017 352 22 19 15 485 352.930040341      -0.70      1.11     -0.10  0.       -4516.430       6737.244       4269.356    0.000  -0.139   0.381   0.
  2017 352 22 19 16 485 352.930051916      -1.03      2.03     -0.20  0.       -4517.303       6736.955       4267.950    0.000  -0.139   0.381   0.
  2017 352 22 19 17 485 352.930063490      -1.54      2.37     -0.09  0.       -4518.175       6736.665       4266.543    0.000  -0.139   0.381   0.
  2017 352 22 19 18 485 352.930075064      -1.22      1.91     -0.49  0.       -4519.048       6736.375       4265.137    0.000  -0.139   0.381   0.
  2017 352 22 19 19 485 352.930086638      -0.53      1.18     -1.20  0.       -4519.920       6736.084       4263.730    0.000  -0.139   0.381   0.
  2017 352 22 19 20 485 352.930098212       0.11      1.01     -0.76  0.       -4520.791       6735.794       4262.322    0.000  -0.139   0.381   0.
  2017 352 22 19 21 485 352.930109786      -0.30      0.97     -0.63  0.       -4521.663       6735.502       4260.915    0.000  -0.139   0.381   0.
  2017 352 22 19 22 485 352.930121360      -0.62      1.20     -0.36  0.       -4522.534       6735.211       4259.507    0.000  -0.139   0.381   0.
  2017 352 22 19 23 485 352.930132934      -0.50      1.62     -0.37  0.       -4523.406       6734.919       4258.099    0.000  -0.139   0.381   0.
  2017 352 22 19 24 485 352.930144508      -0.88      1.25      0.04  0.       -4524.276       6734.627       4256.691    0.000  -0.139   0.381   0.
  2017 352 22 19 25 485 352.930156082      -0.58      1.45     -0.20  0.       -4525.147       6734.334       4255.282    0.000  -0.139   0.381   0.
  2017 352 22 19 26 485 352.930167656      -0.86      1.36      0.35  0.       -4526.017       6734.041       4253.874    0.000  -0.139   0.381   0.
  2017 352 22 19 27 485 352.930179230      -1.29      1.34      0.62  0.       -4526.887       6733.747       4252.465    0.000  -0.139   0.381   0.
  2017 352 22 19 28 485 352.930190804      -1.10      1.80     -0.29  0.       -4527.757       6733.454       4251.055    0.000  -0.139   0.381   0.
  2017 352 22 19 29 485 352.930202379      -0.30      1.91     -0.64  0.       -4528.627       6733.159       4249.646    0.000  -0.139   0.381   0.
  2017 352 22 19 30 485 352.930213953       0.09      1.90     -1.43  0.       -4529.496       6732.865       4248.236    0.000  -0.139   0.381   0.
  2017 352 22 19 31 485 352.930225527       0.23      2.48     -0.77  0.       -4530.365       6732.570       4246.826    0.000  -0.139   0.381   0.
  2017 352 22 19 32 485 352.930237101       0.86      2.49     -1.04  0.       -4531.234       6732.275       4245.416    0.000  -0.139   0.381   0.
  2017 352 22 19 33 485 352.930248674       0.11      2.15     -1.32  0.       -4532.103       6731.979       4244.006    0.000  -0.139   0.381   0.
  2017 352 22 19 34 485 352.930260246       0.01      2.02     -1.45  0.       -4532.971       6731.683       4242.595    0.000  -0.139   0.381   0.
  2017 352 22 19 35 485 352.930271820       0.38      1.73     -1.59  0.       -4533.839       6731.386       4241.184    0.000  -0.139   0.381   0.
  2017 352 22 19 36 485 352.930283394       0.46      1.31     -1.66  0.       -4534.707       6731.089       4239.773    0.000  -0.139   0.381   0.
  2017 352 22 19 37 485 352.930294968       0.28      1.25     -2.12  0.       -4535.575       6730.792       4238.362    0.000  -0.139   0.381   0.
  2017 352 22 19 38 485 352.930306542      -0.15      0.82     -2.03  0.       -4536.442       6730.495       4236.951    0.000  -0.139   0.381   0.
  2017 352 22 19 39 485 352.930318116      -0.25      0.27     -1.51  0.       -4537.309       6730.197       4235.539    0.000  -0.139   0.381   0.
  2017 352 22 19 40 485 352.930329690      -0.30      0.36     -1.29  0.       -4538.176       6729.898       4234.127    0.000  -0.139   0.381   0.
  2017 352 22 19 41 485 352.930341264      -0.44      0.80     -1.69  0.       -4539.042       6729.600       4232.714    0.000  -0.139   0.381   0.
  2017 352 22 19 42 485 352.930352839      -0.46      1.36     -1.87  0.       -4539.909       6729.301       4231.302    0.000  -0.139   0.381   0.
  2017 352 22 19 43 485 352.930364413       0.29      1.71     -2.80  0.       -4540.775       6729.001       4229.889    0.000  -0.139   0.381   0.
  2017 352 22 19 44 485 352.930375987       0.20      1.69     -2.50  0.       -4541.640       6728.701       4228.476    0.000  -0.139   0.381   0.
  2017 352 22 19 45 485 352.930387561      -0.35      1.90     -1.69  0.       -4542.506       6728.401       4227.063    0.000  -0.139   0.381   0.
  2017 352 22 19 46 485 352.930399135      -0.70      2.42     -1.39  0.       -4543.371       6728.101       4225.650    0.000  -0.139   0.381   0.
  2017 352 22 19 47 485 352.930410709      -0.62      2.01     -1.47  0.       -4544.236       6727.800       4224.236    0.000  -0.139   0.381   0.
  2017 352 22 19 48 485 352.930422283      -0.29      1.47     -2.11  0.       -4545.101       6727.498       4222.822    0.000  -0.139   0.381   0.
  2017 352 22 19 49 485 352.930433857      -0.41      1.44     -1.83  0.       -4545.965       6727.197       4221.408    0.000  -0.139   0.381   0.
  2017 352 22 19 50 485 352.930445431      -0.45      1.35     -2.02  0.       -4546.829       6726.895       4219.993    0.000  -0.139   0.381   0.
  2017 352 22 19 51 485 352.930457005      -0.25      1.02     -1.94  0.       -4547.693       6726.592       4218.579    0.000  -0.139   0.381   0.
  2017 352 22 19 52 485 352.930468579       0.11      0.85     -2.96  0.       -4548.557       6726.289       4217.164    0.000  -0.139   0.381   0.
  2017 352 22 19 53 485 352.930480153      -0.27      0.76     -3.02  0.       -4549.421       6725.986       4215.749    0.000  -0.139   0.381   0.
  2017 352 22 19 54 485 352.930491727      -0.39      1.15     -2.26  0.       -4550.284       6725.683       4214.334    0.000  -0.139   0.381   0.
  2017 352 22 19 55 485 352.930503302      -0.19      1.72     -1.81  0.       -4551.147       6725.379       4212.918    0.000  -0.139   0.381   0.
  2017 352 22 19 56 485 352.930514876      -0.79      1.73     -1.60  0.       -4552.010       6725.074       4211.502    0.000  -0.139   0.381   0.
  2017 352 22 19 57 485 352.930526450      -0.86      1.26     -1.62  0.       -4552.873       6724.769       4210.086    0.000  -0.139   0.381   0.
  2017 352 22 19 58 485 352.930538024      -0.42      1.01     -1.30  0.       -4553.735       6724.464       4208.670    0.000  -0.139   0.381   0.
  2017 352 22 19 59 485 352.930549598      -0.19      1.53     -1.91  0.       -4554.597       6724.159       4207.253    0.000  -0.139   0.381   0.
  2017 352 22 20  0 485 352.930561172       0.16      1.02     -2.50  0.       -4555.459       6723.853       4205.837    0.000  -0.139   0.381   0.
  2017 352 22 20  1 485 352.930572746      -0.55      1.43     -1.62  0.       -4556.320       6723.547       4204.420    0.000  -0.139   0.381   0.
  2017 352 22 20  2 485 352.930584320       0.06      1.86     -1.24  0.       -4557.181       6723.240       4203.002    0.000  -0.139   0.381   0.
  2017 352 22 20  3 484 352.930595893       0.61      1.46     -1.38  0.       -4558.042       6722.933       4201.585    0.000  -0.139   0.381   0.
  2017 352 22 20  4 484 352.930607465       0.56      0.73     -1.46  0.       -4558.903       6722.626       4200.167    0.000  -0.139   0.381   0.
  2017 352 22 20  5 485 352.930619039       0.64      1.19     -1.64  0.       -4559.763       6722.318       4198.749    0.000  -0.139   0.381   0.
  2017 352 22 20  6 485 352.930630613       0.58      1.52     -2.20  0.       -4560.624       6722.010       4197.331    0.000  -0.139   0.381   0.
  2017 352 22 20  7 484 352.930642188      -0.15      1.20     -1.40  0.       -4561.484       6721.702       4195.913    0.000  -0.139   0.381   0.
  2017 352 22 20  8 484 352.930653762       0.11      0.75     -1.28  0.       -4562.343       6721.393       4194.494    0.000  -0.139   0.381   0.
  2017 352 22 20  9 485 352.930665336       0.30      1.21     -1.43  0.       -4563.203       6721.084       4193.075    0.000  -0.139   0.381   0.
  2017 352 22 20 10 485 352.930676910       0.57      1.30     -1.70  0.       -4564.062       6720.774       4191.656    0.000  -0.139   0.381   0.
  2017 352 22 20 11 485 352.930688484       0.35      1.62     -1.77  0.       -4564.921       6720.464       4190.237    0.000  -0.139   0.381   0.
  2017 352 22 20 12 485 352.930700058       0.28      1.83     -2.57  0.       -4565.779       6720.154       4188.817    0.000  -0.139   0.381   0.
  2017 352 22 20 13 485 352.930711632      -0.12      1.41     -1.62  0.       -4566.638       6719.843       4187.398    0.000  -0.139   0.381   0.
  2017 352 22 20 14 484 352.930723206      -0.61      1.37     -0.86  0.       -4567.496       6719.532       4185.978    0.000  -0.139   0.381   0.
  2017 352 22 20 15 484 352.930734780      -0.84      1.04     -1.06  0.       -4568.354       6719.220       4184.557    0.000  -0.139   0.381   0.
  2017 352 22 20 16 484 352.930746354      -1.04      1.05     -0.99  0.       -4569.212       6718.908       4183.137    0.000  -0.139   0.381   0.
  2017 352 22 20 17 484 352.930757928      -0.87      1.00     -0.67  0.       -4570.069       6718.596       4181.716    0.000  -0.139   0.381   0.
  2017 352 22 20 18 484 352.930769502       0.32      1.42     -1.26  0.       -4570.926       6718.283       4180.295    0.000  -0.139   0.381   0.
  2017 352 22 20 19 485 352.930781076       1.15      1.87     -2.07  0.       -4571.783       6717.970       4178.874    0.000  -0.139   0.381   0.
  2017 352 22 20 20 485 352.930792650       0.88      1.49     -2.65  0.       -4572.640       6717.657       4177.452    0.000  -0.139   0.381   0.
  2017 352 22 20 21 484 352.930804225       0.49      1.49     -2.09  0.       -4573.496       6717.343       4176.031    0.000  -0.139   0.381   0.
  2017 352 22 20 22 484 352.930815799       1.35      1.55     -2.23  0.       -4574.352       6717.029       4174.609    0.000  -0.139   0.381   0.
  2017 352 22 20 23 485 352.930827373       1.40      0.98     -2.46  0.       -4575.208       6716.715       4173.187    0.000  -0.139   0.381   0.
  2017 352 22 20 24 485 352.930838947       1.34      1.37     -2.42  0.       -4576.063       6716.400       4171.764    0.000  -0.139   0.381   0.
  2017 352 22 20 25 485 352.930850521       1.12      1.00     -2.24  0.       -4576.919       6716.085       4170.342    0.000  -0.139   0.381   0.
  2017 352 22 20 26 485 352.930862095       0.57      0.64     -2.38  0.       -4577.774       6715.769       4168.919    0.000  -0.139   0.381   0.
  2017 352 22 20 27 485 352.930873669       0.21      0.65     -2.18  0.       -4578.629       6715.453       4167.496    0.000  -0.139   0.381   0.
  2017 352 22 20 28 484 352.930885243       0.07      0.42     -1.56  0.       -4579.483       6715.136       4166.072    0.000  -0.139   0.381   0.
  2017 352 22 20 29 484 352.930896817      -0.11      0.99     -1.80  0.       -4580.337       6714.820       4164.649    0.000  -0.139   0.381   0.
  2017 352 22 20 30 484 352.930908391      -0.28      0.95     -2.16  0.       -4581.192       6714.503       4163.225    0.000  -0.139   0.381   0.
  2017 352 22 20 31 484 352.930919965      -0.30      0.79     -2.42  0.       -4582.045       6714.185       4161.801    0.000  -0.139   0.381   0.
  2017 352 22 20 32 484 352.930931536      -0.29      0.91     -2.11  0.       -4582.899       6713.867       4160.377    0.000  -0.139   0.381   0.
  2017 352 22 20 33 484 352.930943111      -0.37      1.58     -1.47  0.       -4583.752       6713.549       4158.952    0.000  -0.139   0.381   0.
  2017 352 22 20 34 484 352.930954685      -0.08      1.59     -1.64  0.       -4584.605       6713.230       4157.528    0.000  -0.139   0.381   0.
  2017 352 22 20 35 484 352.930966259       0.13      1.62     -1.89  0.       -4585.458       6712.911       4156.103    0.000  -0.139   0.381   0.
  2017 352 22 20 36 484 352.930977833      -0.13      1.95     -1.20  0.       -4586.310       6712.592       4154.677    0.000  -0.139   0.381   0.
  2017 352 22 20 37 484 352.930989407       0.62      1.06     -1.89  0.       -4587.163       6712.272       4153.252    0.000  -0.139   0.381   0.
  2017 352 22 20 38 484 352.931000981       0.04      1.22     -2.08  0.       -4588.015       6711.952       4151.826    0.000  -0.139   0.381   0.
  2017 352 22 20 39 484 352.931012555      -0.68      1.14     -1.56  0.       -4588.866       6711.631       4150.400    0.000  -0.139   0.381   0.
  2017 352 22 20 40 484 352.931024129      -0.48      0.78     -1.13  0.       -4589.718       6711.310       4148.974    0.000  -0.139   0.381   0.
  2017 352 22 20 41 484 352.931035703      -0.19      0.99     -1.27  0.       -4590.569       6710.989       4147.548    0.000  -0.139   0.381   0.
  2017 352 22 20 42 484 352.931047277      -0.65      0.84     -1.69  0.       -4591.420       6710.667       4146.121    0.000  -0.139   0.381   0.
  2017 352 22 20 43 484 352.931058851      -0.59      0.78     -1.42  0.       -4592.271       6710.345       4144.694    0.000  -0.139   0.381   0.
  2017 352 22 20 44 484 352.931070425      -0.46      1.55     -0.64  0.       -4593.121       6710.023       4143.267    0.000  -0.139   0.381   0.
  2017 352 22 20 45 484 352.931081999      -0.14      1.91     -0.42  0.       -4593.971       6709.700       4141.840    0.000  -0.139   0.381   0.
  2017 352 22 20 46 484 352.931093573       0.24      1.96     -0.90  0.       -4594.821       6709.377       4140.413    0.000  -0.139   0.381   0.
  2017 352 22 20 47 484 352.931105148       0.12      1.61     -1.12  0.       -4595.671       6709.053       4138.985    0.000  -0.139   0.381   0.
  2017 352 22 20 48 484 352.931116722       0.40      1.46     -1.83  0.       -4596.520       6708.729       4137.557    0.000  -0.139   0.381   0.
  2017 352 22 20 49 484 352.931128296      -0.20      1.18     -1.97  0.       -4597.369       6708.405       4136.129    0.000  -0.139   0.381   0.
  2017 352 22 20 50 484 352.931139870      -0.54      1.18     -2.26  0.       -4598.218       6708.080       4134.700    0.000  -0.139   0.381   0.
  2017 352 22 20 51 484 352.931151444      -0.68      1.35     -2.32  0.       -4599.067       6707.755       4133.271    0.000  -0.139   0.381   0.
  2017 352 22 20 52 484 352.931163018      -0.64      1.32     -1.94  0.       -4599.915       6707.430       4131.842    0.000  -0.139   0.381   0.
  2017 352 22 20 53 484 352.931174592      -0.27      0.79     -1.77  0.       -4600.763       6707.104       4130.413    0.000  -0.139   0.381   0.
  2017 352 22 20 54 484 352.931186166      -0.59      0.97     -1.82  0.       -4601.611       6706.778       4128.984    0.000  -0.139   0.381   0.
  2017 352 22 20 55 484 352.931197740      -0.71      1.60     -1.32  0.       -4602.459       6706.451       4127.554    0.000  -0.139   0.381   0.
  2017 352 22 20 56 484 352.931209314      -0.57      1.60     -1.17  0.       -4603.306       6706.124       4126.124    0.000  -0.139   0.381   0.
  2017 352 22 20 57 484 352.931220888      -0.25      1.25     -1.48  0.       -4604.153       6705.797       4124.694    0.000  -0.139   0.381   0.
  2017 352 22 20 58 484 352.931232462      -0.22      1.16     -1.41  0.       -4605.000       6705.469       4123.264    0.000  -0.139   0.381   0.
  2017 352 22 20 59 484 352.931244036      -0.39      1.57     -0.84  0.       -4605.846       6705.141       4121.833    0.000  -0.139   0.381   0.
  2017 352 22 21  0 484 352.931255611      -0.31      1.46     -0.35  0.       -4606.693       6704.812       4120.403    0.000  -0.139   0.381   0.
  2017 352 22 21  1 484 352.931267184      -0.54      1.19     -0.84  0.       -4607.539       6704.484       4118.972    0.000  -0.139   0.381   0.
  2017 352 22 21  2 484 352.931278756      -1.14      1.42     -0.56  0.       -4608.384       6704.154       4117.540    0.000  -0.139   0.381   0.
  2017 352 22 21  3 484 352.931290330      -1.23      1.65     -0.67  0.       -4609.230       6703.825       4116.109    0.000  -0.139   0.381   0.
  2017 352 22 21  4 484 352.931301904      -0.85      1.71     -0.64  0.       -4610.075       6703.495       4114.677    0.000  -0.139   0.381   0.
  2017 352 22 21  5 484 352.931313478      -0.62      1.93     -0.65  0.       -4610.920       6703.164       4113.245    0.000  -0.139   0.381   0.
  2017 352 22 21  6 484 352.931325052      -0.17      2.17     -1.08  0.       -4611.765       6702.834       4111.813    0.000  -0.139   0.381   0.
  2017 352 22 21  7 484 352.931336626       0.14      2.47     -1.60  0.       -4612.609       6702.502       4110.381    0.000  -0.139   0.381   0.
  2017 352 22 21  8 484 352.931348200       0.15      1.87     -1.90  0.       -4613.454       6702.171       4108.948    0.000  -0.139   0.381   0.
  2017 352 22 21  9 484 352.931359774       0.20      1.06     -2.11  0.       -4614.297       6701.839       4107.515    0.000  -0.139   0.381   0.
  2017 352 22 21 10 484 352.931371348      -0.20      0.95     -2.70  0.       -4615.141       6701.507       4106.082    0.000  -0.139   0.381   0.
  2017 352 22 21 11 484 352.931382923      -0.24      1.02     -2.65  0.       -4615.985       6701.174       4104.649    0.000  -0.139   0.381   0.
  2017 352 22 21 12 484 352.931394497      -0.30      1.13     -2.15  0.       -4616.828       6700.841       4103.215    0.000  -0.139   0.381   0.
  2017 352 22 21 13 484 352.931406071      -0.67      1.73     -1.78  0.       -4617.671       6700.508       4101.781    0.000  -0.139   0.381   0.
  2017 352 22 21 14 484 352.931417645      -0.85      2.02     -2.03  0.       -4618.513       6700.174       4100.347    0.000  -0.139   0.381   0.
  2017 352 22 21 15 484 352.931429219      -1.04      1.48     -1.57  0.       -4619.356       6699.840       4098.913    0.000  -0.139   0.381   0.
  2017 352 22 21 16 484 352.931440793      -0.68      1.76     -1.10  0.       -4620.198       6699.505       4097.478    0.000  -0.139   0.381   0.
  2017 352 22 21 17 484 352.931452367      -0.58      2.52     -1.27  0.       -4621.039       6699.170       4096.043    0.000  -0.139   0.381   0.
  2017 352 22 21 18 484 352.931463941      -0.22      2.84     -1.50  0.       -4621.881       6698.835       4094.608    0.000  -0.139   0.381   0.
  2017 352 22 21 19 484 352.931475515      -0.14      2.97     -1.26  0.       -4622.722       6698.499       4093.173    0.000  -0.139   0.381   0.
  2017 352 22 21 20 484 352.931487089      -0.05      2.59     -1.23  0.       -4623.563       6698.163       4091.738    0.000  -0.139   0.381   0.
  2017 352 22 21 21 484 352.931498663      -0.26      2.19     -1.22  0.       -4624.404       6697.827       4090.302    0.000  -0.139   0.381   0.
  2017 352 22 21 22 484 352.931510237      -0.47      1.80     -1.13  0.       -4625.245       6697.490       4088.866    0.000  -0.139   0.381   0.
  2017 352 22 21 23 484 352.931521811      -0.31      1.62     -1.41  0.       -4626.085       6697.153       4087.430    0.000  -0.139   0.381   0.
  2017 352 22 21 24 484 352.931533385      -0.28      1.11     -1.43  0.       -4626.925       6696.815       4085.994    0.000  -0.139   0.381   0.
  2017 352 22 21 25 484 352.931544960      -0.18      1.03     -1.30  0.       -4627.765       6696.477       4084.557    0.000  -0.139   0.381   0.
  2017 352 22 21 26 484 352.931556534       0.28      1.19     -1.41  0.       -4628.604       6696.139       4083.120    0.000  -0.139   0.381   0.
  2017 352 22 21 27 484 352.931568108       0.41      1.74     -1.46  0.       -4629.444       6695.800       4081.683    0.000  -0.139   0.381   0.
  2017 352 22 21 28 484 352.931579682       0.03      1.90     -1.60  0.       -4630.282       6695.461       4080.246    0.000  -0.139   0.381   0.
  2017 352 22 21 29 484 352.931591256      -0.28      2.45     -0.97  0.       -4631.121       6695.121       4078.808    0.000  -0.139   0.381   0.
  2017 352 22 21 30 484 352.931602830      -0.46      2.93     -0.62  0.       -4631.960       6694.782       4077.371    0.000  -0.139   0.381   0.
  2017 352 22 21 31 484 352.931614404      -0.49      2.27     -1.11  0.       -4632.798       6694.441       4075.933    0.000  -0.139   0.381   0.
  2017 352 22 21 32 484 352.931625978       0.44      1.31     -1.62  0.       -4633.636       6694.101       4074.494    0.000  -0.139   0.381   0.
  2017 352 22 21 33 484 352.931637551       0.06      1.62     -1.10  0.       -4634.473       6693.760       4073.056    0.000  -0.139   0.381   0.
  2017 352 22 21 34 484 352.931649123      -0.53      1.05     -1.08  0.       -4635.311       6693.418       4071.617    0.000  -0.139   0.381   0.
  2017 352 22 21 35 484 352.931660697      -0.74      0.93     -1.00  0.       -4636.148       6693.076       4070.178    0.000  -0.139   0.381   0.
  2017 352 22 21 36 484 352.931672271      -0.94      0.64     -0.92  0.       -4636.985       6692.734       4068.739    0.000  -0.139   0.381   0.
  2017 352 22 21 37 484 352.931683846       0.25      0.86     -0.83  0.       -4637.821       6692.392       4067.300    0.000  -0.139   0.381   0.
  2017 352 22 21 38 484 352.931695420       0.68      1.84      0.30  0.       -4638.658       6692.049       4065.860    0.000  -0.139   0.381   0.
  2017 352 22 21 39 484 352.931706994      -0.48      1.94      1.63  0.       -4639.494       6691.706       4064.420    0.000  -0.139   0.381   0.
  2017 352 22 21 40 484 352.931718568      -0.45      1.61      1.51  0.       -4640.329       6691.362       4062.981    0.000  -0.139   0.381   0.
  2017 352 22 21 41 484 352.931730142      -0.99      1.60      0.18  0.       -4641.165       6691.018       4061.540    0.000  -0.139   0.381   0.
  2017 352 22 21 42 484 352.931741716      -1.04      1.44     -0.10  0.       -4642.000       6690.673       4060.099    0.000  -0.139   0.381   0.
  2017 352 22 21 43 484 352.931753290      -0.86      1.18     -0.22  0.       -4642.835       6690.329       4058.659    0.000  -0.139   0.381   0.
  2017 352 22 21 44 484 352.931764864      -0.94      1.68     -0.24  0.       -4643.670       6689.983       4057.218    0.000  -0.139   0.381   0.
  2017 352 22 21 45 484 352.931776438      -1.08      2.20     -1.10  0.       -4644.504       6689.638       4055.777    0.000  -0.139   0.381   0.
  2017 352 22 21 46 484 352.931788012      -1.01      1.94     -0.61  0.       -4645.339       6689.292       4054.335    0.000  -0.139   0.381   0.
  2017 352 22 21 47 484 352.931799586      -1.11      1.83     -0.29  0.       -4646.173       6688.946       4052.893    0.000  -0.139   0.381   0.
  2017 352 22 21 48 484 352.931811160      -1.08      1.34     -0.19  0.       -4647.006       6688.599       4051.451    0.000  -0.139   0.381   0.
  2017 352 22 21 49 484 352.931822734      -1.20      1.76     -0.50  0.       -4647.840       6688.252       4050.009    0.000  -0.139   0.381   0.
  2017 352 22 21 50 484 352.931834308      -1.36      2.30     -0.21  0.       -4648.673       6687.904       4048.567    0.000  -0.139   0.381   0.
  2017 352 22 21 51 484 352.931845883      -1.23      2.46     -0.47  0.       -4649.506       6687.557       4047.124    0.000  -0.139   0.381   0.
  2017 352 22 21 52 484 352.931857457      -1.11      2.23     -0.79  0.       -4650.339       6687.208       4045.681    0.000  -0.139   0.381   0.
  2017 352 22 21 53 484 352.931869031      -1.36      2.01     -0.79  0.       -4651.171       6686.860       4044.238    0.000  -0.139   0.381   0.
  2017 352 22 21 54 484 352.931880605      -1.51      1.47     -0.65  0.       -4652.003       6686.511       4042.795    0.000  -0.139   0.381   0.
  2017 352 22 21 55 484 352.931892179      -1.30      1.67     -0.40  0.       -4652.835       6686.161       4041.352    0.000  -0.139   0.381   0.
  2017 352 22 21 56 484 352.931903753      -0.78      1.76     -0.26  0.       -4653.666       6685.812       4039.908    0.000  -0.139   0.381   0.
  2017 352 22 21 57 484 352.931915327      -0.61      1.16     -0.57  0.       -4654.498       6685.461       4038.464    0.000  -0.139   0.381   0.
  2017 352 22 21 58 484 352.931926901      -0.71      2.23     -0.65  0.       -4655.329       6685.111       4037.020    0.000  -0.139   0.381   0.
  2017 352 22 21 59 484 352.931938475      -0.17      3.17     -1.28  0.       -4656.160       6684.760       4035.575    0.000  -0.139   0.381   0.
  2017 352 22 22  0 484 352.931950049       0.09      2.85     -1.07  0.       -4656.990       6684.409       4034.130    0.000  -0.139   0.381   0.
  2017 352 22 22  1 484 352.931961623       0.37      1.64     -1.55  0.       -4657.820       6684.057       4032.686    0.000  -0.139   0.381   0.
  2017 352 22 22  2 484 352.931973197      -0.09      1.81     -2.04  0.       -4658.650       6683.705       4031.240    0.000  -0.139   0.381   0.
  2017 352 22 22  3 483 352.931984770      -0.23      1.77     -2.40  0.       -4659.480       6683.352       4029.795    0.000  -0.139   0.381   0.
  2017 352 22 22  4 483 352.931996343      -0.59      1.37     -2.13  0.       -4660.309       6683.000       4028.349    0.000  -0.139   0.381   0.
  2017 352 22 22  5 484 352.932007917      -0.82      1.28     -1.64  0.       -4661.139       6682.647       4026.904    0.000  -0.139   0.381   0.
  2017 352 22 22  6 484 352.932019491      -0.43      1.11     -1.48  0.       -4661.968       6682.293       4025.457    0.000  -0.139   0.381   0.
  2017 352 22 22  7 484 352.932031065      -0.33      0.85     -1.51  0.       -4662.796       6681.939       4024.011    0.000  -0.139   0.381   0.
  2017 352 22 22  8 484 352.932042639      -0.15      1.15     -1.07  0.       -4663.625       6681.585       4022.565    0.000  -0.139   0.381   0.
  2017 352 22 22  9 484 352.932054213       0.26      1.79     -1.18  0.       -4664.453       6681.230       4021.118    0.000  -0.139   0.381   0.
  2017 352 22 22 10 483 352.932065787      -0.04      2.01     -0.92  0.       -4665.280       6680.875       4019.671    0.000  -0.139   0.381   0.
  2017 352 22 22 11 483 352.932077361      -0.63      1.57     -0.82  0.       -4666.108       6680.520       4018.224    0.000  -0.139   0.381   0.
  2017 352 22 22 12 483 352.932088935      -0.60      1.28     -1.49  0.       -4666.935       6680.164       4016.776    0.000  -0.139   0.381   0.
  2017 352 22 22 13 483 352.932100509      -0.17      1.49     -1.63  0.       -4667.762       6679.807       4015.329    0.000  -0.139   0.381   0.
  2017 352 22 22 14 483 352.932112083      -0.23      2.01     -1.91  0.       -4668.589       6679.451       4013.881    0.000  -0.139   0.381   0.
  2017 352 22 22 15 484 352.932123657      -0.12      2.09     -2.52  0.       -4669.416       6679.094       4012.433    0.000  -0.139   0.381   0.
  2017 352 22 22 16 484 352.932135232      -0.32      2.40     -1.98  0.       -4670.242       6678.736       4010.984    0.000  -0.139   0.381   0.
  2017 352 22 22 17 483 352.932146806      -0.16      1.79     -2.18  0.       -4671.068       6678.379       4009.536    0.000  -0.139   0.381   0.
  2017 352 22 22 18 483 352.932158380      -0.07      1.64     -2.13  0.       -4671.894       6678.021       4008.087    0.000  -0.139   0.381   0.
  2017 352 22 22 19 484 352.932169954      -0.50      1.66     -1.66  0.       -4672.719       6677.662       4006.638    0.000  -0.139   0.381   0.
  2017 352 22 22 20 484 352.932181528      -0.64      2.27     -1.53  0.       -4673.544       6677.303       4005.189    0.000  -0.139   0.381   0.
  2017 352 22 22 21 484 352.932193102      -0.35      3.25     -2.06  0.       -4674.369       6676.944       4003.739    0.000  -0.139   0.381   0.
  2017 352 22 22 22 484 352.932204676       0.12      2.78     -2.43  0.       -4675.194       6676.584       4002.289    0.000  -0.139   0.381   0.
  2017 352 22 22 23 484 352.932216250      -0.08      2.20     -1.90  0.       -4676.018       6676.224       4000.839    0.000  -0.139   0.381   0.
  2017 352 22 22 24 483 352.932227824      -0.52      1.99     -1.36  0.       -4676.842       6675.864       3999.389    0.000  -0.139   0.381   0.
  2017 352 22 22 25 483 352.932239398      -0.75      1.67     -1.69  0.       -4677.666       6675.503       3997.939    0.000  -0.139   0.381   0.
  2017 352 22 22 26 483 352.932250972      -0.98      1.27     -1.94  0.       -4678.490       6675.142       3996.488    0.000  -0.139   0.381   0.
  2017 352 22 22 27 483 352.932262546      -1.31      0.62     -1.51  0.       -4679.313       6674.780       3995.037    0.000  -0.139   0.381   0.
  2017 352 22 22 28 484 352.932274120      -1.48      0.48     -1.36  0.       -4680.136       6674.418       3993.586    0.000  -0.139   0.381   0.
  2017 352 22 22 29 484 352.932285694      -1.19      0.90     -1.10  0.       -4680.959       6674.056       3992.135    0.000  -0.139   0.381   0.
  2017 352 22 22 30 483 352.932297268      -0.96      1.54     -1.37  0.       -4681.782       6673.693       3990.683    0.000  -0.139   0.381   0.
  2017 352 22 22 31 483 352.932308843      -0.82      2.54     -1.56  0.       -4682.604       6673.330       3989.231    0.000  -0.139   0.381   0.
  2017 352 22 22 32 484 352.932320417      -0.87      2.39     -1.45  0.       -4683.426       6672.966       3987.779    0.000  -0.139   0.381   0.
  2017 352 22 22 33 499 352.932332171      -0.92      1.87     -1.34  0.       -4684.260       6672.597       3986.304    0.000  -0.139   0.381   0.
  2017 352 22 22 34 514 352.932343924      -0.22      1.50     -1.97  0.       -4685.095       6672.227       3984.829    0.000  -0.139   0.381   0.
  2017 352 22 22 35 515 352.932355498       0.09      0.98     -2.17  0.       -4685.916       6671.862       3983.376    0.000  -0.139   0.381   0.
  2017 352 22 22 36 515 352.932367072      -0.19      1.13     -1.74  0.       -4686.737       6671.497       3981.924    0.000  -0.139   0.381   0.
  2017 352 22 22 37 515 352.932378646       0.18      1.26     -1.69  0.       -4687.557       6671.132       3980.470    0.000  -0.139   0.381   0.
  2017 352 22 22 38 515 352.932390220       0.25      1.36     -1.72  0.       -4688.378       6670.766       3979.017    0.000  -0.139   0.381   0.
  2017 352 22 22 39 515 352.932401794       0.14      1.26     -1.48  0.       -4689.198       6670.400       3977.563    0.000  -0.139   0.381   0.
  2017 352 22 22 40 514 352.932413368       0.51      1.03     -1.21  0.       -4690.017       6670.033       3976.109    0.000  -0.139   0.381   0.
  2017 352 22 22 41 514 352.932424942       0.71      0.75     -1.37  0.       -4690.837       6669.666       3974.655    0.000  -0.139   0.381   0.
  2017 352 22 22 42 514 352.932436516       1.08      0.76     -1.36  0.       -4691.656       6669.299       3973.201    0.000  -0.139   0.381   0.
  2017 352 22 22 43 514 352.932448090       1.20      1.47     -1.61  0.       -4692.475       6668.931       3971.747    0.000  -0.139   0.381   0.
  2017 352 22 22 44 515 352.932459664       0.99      2.50     -1.70  0.       -4693.294       6668.563       3970.292    0.000  -0.139   0.381   0.
  2017 352 22 22 45 515 352.932471238       1.74      2.57     -2.26  0.       -4694.113       6668.195       3968.837    0.000  -0.139   0.381   0.
  2017 352 22 22 46 514 352.932482812       1.76      1.63     -1.87  0.       -4694.931       6667.826       3967.382    0.000  -0.139   0.381   0.
  2017 352 22 22 47 514 352.932494387       1.05      1.42     -1.66  0.       -4695.749       6667.457       3965.926    0.000  -0.139   0.381   0.
  2017 352 22 22 48 514 352.932505961       0.39      1.29     -1.18  0.       -4696.566       6667.087       3964.471    0.000  -0.139   0.381   0.
  2017 352 22 22 49 515 352.932517535       0.04      1.55     -0.36  0.       -4697.384       6666.717       3963.014    0.000  -0.139   0.381   0.
  2017 352 22 22 50 515 352.932529109      -0.09      1.62     -0.01  0.       -4698.201       6666.347       3961.558    0.000  -0.139   0.381   0.
  2017 352 22 22 51 515 352.932540683       0.02      1.75     -0.55  0.       -4699.018       6665.976       3960.102    0.000  -0.139   0.381   0.
  2017 352 22 22 52 515 352.932552257       0.16      1.62     -1.61  0.       -4699.834       6665.605       3958.645    0.000  -0.139   0.381   0.
  2017 352 22 22 53 514 352.932563831       0.27      1.56     -1.73  0.       -4700.651       6665.233       3957.189    0.000  -0.139   0.381   0.
  2017 352 22 22 54 514 352.932575405       0.31      1.65     -1.60  0.       -4701.467       6664.861       3955.732    0.000  -0.139   0.381   0.
  2017 352 22 22 55 514 352.932586979       0.49      1.95     -1.51  0.       -4702.282       6664.489       3954.274    0.000  -0.139   0.381   0.
  2017 352 22 22 56 514 352.932598553       0.17      1.80     -1.51  0.       -4703.098       6664.116       3952.817    0.000  -0.139   0.381   0.
  2017 352 22 22 57 514 352.932610127       0.12      1.57     -1.55  0.       -4703.913       6663.743       3951.359    0.000  -0.139   0.381   0.
  2017 352 22 22 58 515 352.932621701       0.59      1.87     -2.10  0.       -4704.728       6663.370       3949.901    0.000  -0.139   0.381   0.
  2017 352 22 22 59 515 352.932633275       0.48      1.34     -1.99  0.       -4705.543       6662.996       3948.443    0.000  -0.139   0.381   0.
  2017 352 22 23  0 514 352.932644850       0.26      0.96     -2.27  0.       -4706.357       6662.622       3946.984    0.000  -0.139   0.381   0.
  2017 352 22 23  1 514 352.932656424       0.02      1.01     -2.03  0.       -4707.171       6662.247       3945.526    0.000  -0.139   0.381   0.
  2017 352 22 23  2 515 352.932667998      -0.17      1.50     -1.90  0.       -4707.985       6661.872       3944.067    0.000  -0.139   0.381   0.
  2017 352 22 23  3 515 352.932679571      -0.17      1.89     -1.87  0.       -4708.799       6661.497       3942.608    0.000  -0.139   0.381   0.
  2017 352 22 23  4 514 352.932691143      -0.39      1.70     -1.69  0.       -4709.612       6661.121       3941.149    0.000  -0.139   0.381   0.
  2017 352 22 23  5 514 352.932702717      -0.47      1.35     -1.32  0.       -4710.425       6660.745       3939.689    0.000  -0.139   0.381   0.
  2017 352 22 23  6 514 352.932714291      -0.50      1.40     -1.48  0.       -4711.238       6660.368       3938.229    0.000  -0.139   0.381   0.
  2017 352 22 23  7 514 352.932725865      -0.55      1.47     -1.55  0.       -4712.050       6659.992       3936.769    0.000  -0.139   0.381   0.
  2017 352 22 23  8 514 352.932737439      -0.93      2.14     -1.32  0.       -4712.863       6659.614       3935.309    0.000  -0.139   0.381   0.
  2017 352 22 23  9 514 352.932749013      -0.35      1.84     -2.08  0.       -4713.675       6659.237       3933.849    0.000  -0.139   0.381   0.
  2017 352 22 23 10 514 352.932760587      -0.65      2.10     -2.03  0.       -4714.486       6658.859       3932.388    0.000  -0.139   0.381   0.
  2017 352 22 23 11 514 352.932772161      -1.11      1.71     -1.24  0.       -4715.298       6658.480       3930.927    0.000  -0.139   0.381   0.
  2017 352 22 23 12 514 352.932783736      -1.15      1.64     -0.54  0.       -4716.109       6658.101       3929.466    0.000  -0.139   0.381   0.
  2017 352 22 23 13 514 352.932795310      -1.11      1.87     -0.15  0.       -4716.920       6657.722       3928.004    0.000  -0.139   0.381   0.
  2017 352 22 23 14 514 352.932806884      -1.02      1.87     -0.40  0.       -4717.730       6657.343       3926.543    0.000  -0.139   0.381   0.
  2017 352 22 23 15 514 352.932818458      -1.00      1.65     -0.51  0.       -4718.541       6656.963       3925.081    0.000  -0.139   0.381   0.
  2017 352 22 23 16 514 352.932830032      -0.68      1.61     -0.85  0.       -4719.351       6656.582       3923.619    0.000  -0.139   0.381   0.
  2017 352 22 23 17 514 352.932841606      -0.32      2.13     -0.98  0.       -4720.161       6656.201       3922.157    0.000  -0.139   0.381   0.
  2017 352 22 23 18 514 352.932853180      -0.07      2.57     -1.23  0.       -4720.970       6655.820       3920.694    0.000  -0.139   0.381   0.
  2017 352 22 23 19 514 352.932864754      -0.08      1.68     -1.43  0.       -4721.780       6655.439       3919.231    0.000  -0.139   0.381   0.
  2017 352 22 23 20 514 352.932876328      -0.34      1.60     -1.33  0.       -4722.588       6655.057       3917.769    0.000  -0.139   0.381   0.
  2017 352 22 23 21 514 352.932887902      -0.89      2.01     -0.92  0.       -4723.397       6654.675       3916.305    0.000  -0.139   0.381   0.
  2017 352 22 23 22 514 352.932899476      -0.99      2.59     -0.92  0.       -4724.206       6654.292       3914.842    0.000  -0.139   0.381   0.
  2017 352 22 23 23 514 352.932911050      -0.20      2.02     -1.32  0.       -4725.014       6653.909       3913.378    0.000  -0.139   0.381   0.
  2017 352 22 23 24 514 352.932922624       0.31      1.67     -1.88  0.       -4725.822       6653.526       3911.915    0.000  -0.139   0.381   0.
  2017 352 22 23 25 514 352.932934198       0.49      1.36     -1.99  0.       -4726.629       6653.142       3910.450    0.000  -0.139   0.381   0.
  2017 352 22 23 26 514 352.932945773       0.04      1.31     -0.96  0.       -4727.437       6652.758       3908.986    0.000  -0.139   0.381   0.
  2017 352 22 23 27 514 352.932957347       0.38      1.63     -0.49  0.       -4728.244       6652.373       3907.522    0.000  -0.139   0.381   0.
  2017 352 22 23 28 514 352.932968921       0.52      1.84     -0.80  0.       -4729.051       6651.988       3906.057    0.000  -0.139   0.381   0.
  2017 352 22 23 29 514 352.932980495       0.60      1.03     -1.97  0.       -4729.857       6651.603       3904.592    0.000  -0.139   0.381   0.
  2017 352 22 23 30 514 352.932992069       0.49      0.12     -2.50  0.       -4730.663       6651.217       3903.127    0.000  -0.139   0.381   0.
  2017 352 22 23 31 514 352.933003643       0.12     -0.24     -2.44  0.       -4731.469       6650.831       3901.661    0.000  -0.139   0.381   0.
  2017 352 22 23 32 514 352.933015217       0.26     -0.25     -2.09  0.       -4732.275       6650.444       3900.196    0.000  -0.139   0.381   0.
  2017 352 22 23 33 514 352.933026790       0.34     -0.34     -1.37  0.       -4733.080       6650.057       3898.730    0.000  -0.139   0.381   0.
  2017 352 22 23 34 514 352.933038362       0.06     -0.04     -0.93  0.       -4733.886       6649.670       3897.264    0.000  -0.139   0.381   0.
  2017 352 22 23 35 514 352.933049936      -0.10      0.40     -1.50  0.       -4734.690       6649.282       3895.797    0.000  -0.139   0.381   0.
  2017 352 22 23 36 514 352.933061510      -0.10      0.86     -1.98  0.       -4735.495       6648.894       3894.331    0.000  -0.139   0.381   0.
  2017 352 22 23 37 514 352.933073085      -0.24      1.74     -2.18  0.       -4736.299       6648.506       3892.864    0.000  -0.139   0.381   0.
  2017 352 22 23 38 514 352.933084659      -0.81      2.20     -1.58  0.       -4737.103       6648.117       3891.397    0.000  -0.139   0.381   0.
  2017 352 22 23 39 514 352.933096233      -0.99      2.48     -1.18  0.       -4737.907       6647.728       3889.930    0.000  -0.139   0.381   0.
  2017 352 22 23 40 514 352.933107807      -0.60      2.15     -1.29  0.       -4738.711       6647.338       3888.462    0.000  -0.139   0.381   0.
  2017 352 22 23 41 514 352.933119381      -0.82      1.62     -0.95  0.       -4739.514       6646.948       3886.994    0.000  -0.139   0.381   0.
  2017 352 22 23 42 514 352.933130955      -0.61      1.68     -0.88  0.       -4740.317       6646.558       3885.527    0.000  -0.139   0.381   0.
  2017 352 22 23 43 514 352.933142529      -0.68      1.45     -0.93  0.       -4741.120       6646.167       3884.058    0.000  -0.139   0.381   0.
  2017 352 22 23 44 514 352.933154103      -1.02      1.76     -0.34  0.       -4741.922       6645.776       3882.590    0.000  -0.139   0.381   0.
  2017 352 22 23 45 514 352.933165677      -0.49      2.15     -0.91  0.       -4742.724       6645.385       3881.121    0.000  -0.139   0.381   0.
  2017 352 22 23 46 514 352.933177251       0.22      1.42     -1.26  0.       -4743.526       6644.993       3879.653    0.000  -0.139   0.381   0.
  2017 352 22 23 47 514 352.933188825       0.16      1.35     -1.54  0.       -4744.328       6644.600       3878.184    0.000  -0.139   0.381   0.
  2017 352 22 23 48 514 352.933200399      -0.05      1.47     -1.68  0.       -4745.129       6644.208       3876.714    0.000  -0.139   0.381   0.
  2017 352 22 23 49 514 352.933211973      -0.65      1.54     -1.54  0.       -4745.930       6643.815       3875.245    0.000  -0.139   0.381   0.
  2017 352 22 23 50 514 352.933223548      -0.53      1.75     -1.53  0.       -4746.731       6643.421       3873.775    0.000  -0.139   0.381   0.
  2017 352 22 23 51 514 352.933235122       0.18      1.90     -2.03  0.       -4747.532       6643.028       3872.305    0.000  -0.139   0.381   0.
  2017 352 22 23 52 514 352.933246696       0.39      1.68     -2.60  0.       -4748.332       6642.633       3870.835    0.000  -0.139   0.381   0.
  2017 352 22 23 53 514 352.933258270       0.24      1.75     -2.29  0.       -4749.132       6642.239       3869.365    0.000  -0.139   0.381   0.
  2017 352 22 23 54 514 352.933269844       0.33      2.42     -1.89  0.       -4749.931       6641.844       3867.894    0.000  -0.139   0.381   0.
  2017 352 22 23 55 514 352.933281418       0.56      2.25     -1.37  0.       -4750.730       6641.448       3866.423    0.000  -0.139   0.381   0.
  2017 352 22 23 56 514 352.933292992       0.37      1.88     -0.88  0.       -4751.529       6641.053       3864.952    0.000  -0.139   0.381   0.
  2017 352 22 23 57 514 352.933304566       0.27      2.16     -0.95  0.       -4752.328       6640.656       3863.481    0.000  -0.139   0.381   0.
  2017 352 22 23 58 514 352.933316140      -0.02      2.19     -1.01  0.       -4753.127       6640.260       3862.009    0.000  -0.139   0.381   0.
  2017 352 22 23 59 514 352.933327714      -0.50      1.73     -0.97  0.       -4753.925       6639.863       3860.537    0.000  -0.139   0.381   0.
  2017 352 22 24  0 514 352.933339288      -0.32      1.26     -1.19  0.       -4754.723       6639.466       3859.066    0.000  -0.139   0.381   0.
  2017 352 22 24  1 514 352.933350861      -0.75      1.00     -1.30  0.       -4755.521       6639.068       3857.593    0.000  -0.139   0.381   0.
  2017 352 22 24  2 514 352.933362433      -0.23      1.60     -0.63  0.       -4756.318       6638.670       3856.121    0.000  -0.139   0.381   0.
  2017 352 22 24  3 514 352.933374008      -0.17      2.09     -1.23  0.       -4757.116       6638.272       3854.648    0.000  -0.139   0.381   0.
  2017 352 22 24  4 514 352.933385582      -0.02      2.20     -1.48  0.       -4757.912       6637.873       3853.175    0.000  -0.139   0.381   0.
  2017 352 22 24  5 514 352.933397156      -0.16      2.49     -0.82  0.       -4758.709       6637.473       3851.702    0.000  -0.139   0.381   0.
  2017 352 22 24  6 514 352.933408730      -0.25      2.16     -0.37  0.       -4759.505       6637.074       3850.229    0.000  -0.139   0.381   0.
  2017 352 22 24  7 514 352.933420304      -0.73      2.61     -0.30  0.       -4760.301       6636.674       3848.755    0.000  -0.139   0.381   0.
  2017 352 22 24  8 514 352.933431878      -0.93      2.40     -0.66  0.       -4761.097       6636.273       3847.282    0.000  -0.139   0.381   0.
  2017 352 22 24  9 514 352.933443452      -0.48      1.93     -0.83  0.       -4761.893       6635.873       3845.808    0.000  -0.139   0.381   0.
  2017 352 22 24 10 514 352.933455026      -0.52      1.19     -0.95  0.       -4762.688       6635.472       3844.334    0.000  -0.139   0.381   0.
  2017 352 22 24 11 514 352.933466600      -0.92      0.69     -1.17  0.       -4763.483       6635.070       3842.859    0.000  -0.139   0.381   0.
  2017 352 22 24 12 514 352.933478174      -1.03      1.16     -1.04  0.       -4764.278       6634.668       3841.384    0.000  -0.139   0.381   0.
  2017 352 22 24 13 514 352.933489748      -0.39      1.40     -0.94  0.       -4765.072       6634.266       3839.910    0.000  -0.139   0.381   0.
  2017 352 22 24 14 514 352.933501322       0.39      2.02     -1.58  0.       -4765.866       6633.863       3838.435    0.000  -0.139   0.381   0.
  2017 352 22 24 15 514 352.933512896       0.74      1.37     -1.75  0.       -4766.660       6633.460       3836.959    0.000  -0.139   0.381   0.
  2017 352 22 24 16 514 352.933524470       0.40      1.61     -1.23  0.       -4767.454       6633.057       3835.484    0.000  -0.139   0.381   0.
  2017 352 22 24 17 514 352.933536045       0.11      1.89     -0.46  0.       -4768.247       6632.653       3834.008    0.000  -0.139   0.381   0.
  2017 352 22 24 18 514 352.933547619      -0.14      2.19     -0.33  0.       -4769.040       6632.248       3832.532    0.000  -0.139   0.381   0.
  2017 352 22 24 19 514 352.933559193       0.07      2.00     -0.47  0.       -4769.833       6631.844       3831.056    0.000  -0.139   0.381   0.
  2017 352 22 24 20 514 352.933570767      -0.12      1.76     -0.25  0.       -4770.625       6631.439       3829.579    0.000  -0.139   0.381   0.
  2017 352 22 24 21 514 352.933582341      -0.58      1.54      0.17  0.       -4771.417       6631.033       3828.103    0.000  -0.139   0.381   0.
  2017 352 22 24 22 514 352.933593915      -0.95      1.60      0.28  0.       -4772.209       6630.628       3826.626    0.000  -0.139   0.381   0.
  2017 352 22 24 23 514 352.933605489      -1.17      1.88     -0.19  0.       -4773.001       6630.221       3825.149    0.000  -0.139   0.381   0.
  2017 352 22 24 24 514 352.933617063      -1.30      1.89     -0.04  0.       -4773.792       6629.815       3823.671    0.000  -0.139   0.381   0.
  2017 352 22 24 25 514 352.933628637      -1.35      1.65      0.32  0.       -4774.583       6629.408       3822.194    0.000  -0.139   0.381   0.
  2017 352 22 24 26 514 352.933640211      -0.96      2.16     -0.04  0.       -4775.374       6629.001       3820.716    0.000  -0.139   0.381   0.
  2017 352 22 24 27 514 352.933651785      -1.26      2.66      0.85  0.       -4776.165       6628.593       3819.238    0.000  -0.139   0.381   0.
  2017 352 22 24 28 514 352.933663359      -1.57      2.11      1.15  0.       -4776.955       6628.185       3817.760    0.000  -0.139   0.381   0.
  2017 352 22 24 29 514 352.933674933      -1.38      1.91      0.65  0.       -4777.745       6627.776       3816.281    0.000  -0.139   0.381   0.
  2017 352 22 24 30 514 352.933686508      -1.19      1.68      0.20  0.       -4778.534       6627.367       3814.803    0.000  -0.139   0.381   0.
  2017 352 22 24 31 514 352.933698080      -0.40      0.87     -0.68  0.       -4779.324       6626.958       3813.324    0.000  -0.139   0.381   0.
  2017 352 22 24 32 514 352.933709653      -1.32      2.04     -0.87  0.       -4780.113       6626.548       3811.845    0.000  -0.139   0.381   0.
  2017 352 22 24 33 514 352.933721227      -1.64      2.72     -0.17  0.       -4780.902       6626.138       3810.365    0.000  -0.139   0.381   0.
  2017 352 22 24 34 514 352.933732801      -1.51      2.56     -0.05  0.       -4781.690       6625.728       3808.886    0.000  -0.139   0.381   0.
  2017 352 22 24 35 514 352.933744375      -1.64      1.85      0.09  0.       -4782.479       6625.317       3807.406    0.000  -0.139   0.381   0.
  2017 352 22 24 36 513 352.933755949      -1.81      1.36      0.37  0.       -4783.267       6624.906       3805.926    0.000  -0.139   0.381   0.
  2017 352 22 24 37 513 352.933767523      -1.77      1.38      0.54  0.       -4784.054       6624.494       3804.446    0.000  -0.139   0.381   0.
  2017 352 22 24 38 513 352.933779097      -1.64      1.37      0.06  0.       -4784.842       6624.082       3802.965    0.000  -0.139   0.381   0.
  2017 352 22 24 39 513 352.933790671      -1.18      1.03     -0.39  0.       -4785.629       6623.670       3801.484    0.000  -0.139   0.381   0.
  2017 352 22 24 40 514 352.933802245      -0.68      0.47     -1.15  0.       -4786.416       6623.257       3800.004    0.000  -0.139   0.381   0.
  2017 352 22 24 41 514 352.933813819      -0.56      0.37     -0.99  0.       -4787.202       6622.844       3798.522    0.000  -0.139   0.381   0.
  2017 352 22 24 42 513 352.933825394      -0.90      1.13     -1.10  0.       -4787.989       6622.431       3797.041    0.000  -0.139   0.381   0.
  2017 352 22 24 43 513 352.933836968      -1.09      2.84     -0.93  0.       -4788.775       6622.017       3795.560    0.000  -0.139   0.381   0.
  2017 352 22 24 44 514 352.933848542      -0.85      2.39     -0.84  0.       -4789.560       6621.602       3794.078    0.000  -0.139   0.381   0.
  2017 352 22 24 45 514 352.933860116      -1.00      1.78     -0.73  0.       -4790.346       6621.188       3792.596    0.000  -0.139   0.381   0.
  2017 352 22 24 46 514 352.933871690      -0.83      1.30     -0.86  0.       -4791.131       6620.773       3791.113    0.000  -0.139   0.381   0.
  2017 352 22 24 47 514 352.933883264      -0.96      1.21     -0.88  0.       -4791.916       6620.357       3789.631    0.000  -0.139   0.381   0.
  2017 352 22 24 48 514 352.933894838      -0.95      0.73     -1.16  0.       -4792.701       6619.941       3788.148    0.000  -0.139   0.381   0.
  2017 352 22 24 49 513 352.933906412      -1.16      1.20     -0.75  0.       -4793.485       6619.525       3786.665    0.000  -0.139   0.381   0.
  2017 352 22 24 50 513 352.933917986      -1.28      1.98     -0.41  0.       -4794.269       6619.108       3785.182    0.000  -0.139   0.381   0.
  2017 352 22 24 51 513 352.933929560      -1.61      2.63     -0.22  0.       -4795.053       6618.691       3783.699    0.000  -0.139   0.381   0.
  2017 352 22 24 52 513 352.933941134      -1.75      2.93     -0.74  0.       -4795.836       6618.274       3782.215    0.000  -0.139   0.381   0.
  2017 352 22 24 53 513 352.933952708      -2.22      2.78     -0.62  0.       -4796.620       6617.856       3780.732    0.000  -0.139   0.381   0.
  2017 352 22 24 54 514 352.933964282      -2.07      1.71      0.01  0.       -4797.403       6617.438       3779.248    0.000  -0.139   0.381   0.
  2017 352 22 24 55 514 352.933975857      -1.19      1.23     -0.19  0.       -4798.185       6617.019       3777.763    0.000  -0.139   0.381   0.
  2017 352 22 24 56 513 352.933987431      -1.17      1.76     -0.16  0.       -4798.968       6616.600       3776.279    0.000  -0.139   0.381   0.
  2017 352 22 24 57 513 352.933999005      -1.34      2.30     -0.27  0.       -4799.750       6616.181       3774.794    0.000  -0.139   0.381   0.
  2017 352 22 24 58 514 352.934010579      -1.00      2.07     -0.69  0.       -4800.532       6615.761       3773.309    0.000  -0.139   0.381   0.
  2017 352 22 24 59 514 352.934022153      -1.43      2.60     -0.29  0.       -4801.313       6615.341       3771.824    0.000  -0.139   0.381   0.
  2017 352 22 25  0 514 352.934033727      -1.76      2.74     -0.26  0.       -4802.094       6614.921       3770.339    0.000  -0.139   0.381   0.
  2017 352 22 25  1 514 352.934045301      -2.14      3.07     -0.29  0.       -4802.875       6614.500       3768.853    0.000  -0.139   0.381   0.
  2017 352 22 25  2 514 352.934056875      -2.20      2.56     -0.05  0.       -4803.656       6614.078       3767.368    0.000  -0.139   0.381   0.
  2017 352 22 25  3 513 352.934068448      -1.42      2.99     -0.54  0.       -4804.437       6613.657       3765.881    0.000  -0.139   0.381   0.
  2017 352 22 25  4 513 352.934080020      -0.94      3.61     -0.97  0.       -4805.217       6613.235       3764.395    0.000  -0.139   0.381   0.
  2017 352 22 25  5 513 352.934091594      -0.93      2.58     -0.66  0.       -4805.996       6612.812       3762.909    0.000  -0.139   0.381   0.
  2017 352 22 25  6 513 352.934103168      -1.14      1.00     -0.65  0.       -4806.776       6612.389       3761.422    0.000  -0.139   0.381   0.
  2017 352 22 25  7 513 352.934114742      -1.28      0.66     -0.31  0.       -4807.555       6611.966       3759.935    0.000  -0.139   0.381   0.
  2017 352 22 25  8 513 352.934126317      -1.68      1.45      0.25  0.       -4808.334       6611.543       3758.448    0.000  -0.139   0.381   0.
  2017 352 22 25  9 513 352.934137891      -1.40      2.12      0.25  0.       -4809.113       6611.119       3756.961    0.000  -0.139   0.381   0.
  2017 352 22 25 10 513 352.934149465      -0.78      2.38     -1.14  0.       -4809.891       6610.694       3755.473    0.000  -0.139   0.381   0.
  2017 352 22 25 11 513 352.934161039      -0.94      2.40     -1.18  0.       -4810.670       6610.269       3753.985    0.000  -0.139   0.381   0.
  2017 352 22 25 12 513 352.934172613      -1.80      2.81     -0.87  0.       -4811.447       6609.844       3752.498    0.000  -0.139   0.381   0.
  2017 352 22 25 13 513 352.934184187      -2.04      2.09     -0.29  0.       -4812.225       6609.419       3751.009    0.000  -0.139   0.381   0.
  2017 352 22 25 14 513 352.934195761      -1.58      1.89      0.53  0.       -4813.002       6608.993       3749.521    0.000  -0.139   0.381   0.
  2017 352 22 25 15 513 352.934207335      -1.41      1.73     -0.29  0.       -4813.779       6608.566       3748.032    0.000  -0.139   0.381   0.
  2017 352 22 25 16 513 352.934218909      -1.09      1.39     -1.08  0.       -4814.556       6608.140       3746.543    0.000  -0.139   0.381   0.
  2017 352 22 25 17 513 352.934230483      -1.45      1.45      0.09  0.       -4815.333       6607.712       3745.054    0.000  -0.139   0.381   0.
  2017 352 22 25 18 513 352.934242057      -1.86      2.14      1.02  0.       -4816.109       6607.285       3743.565    0.000  -0.139   0.381   0.
  2017 352 22 25 19 513 352.934253631      -1.61      2.53      0.66  0.       -4816.885       6606.857       3742.075    0.000  -0.139   0.381   0.
  2017 352 22 25 20 513 352.934265205      -1.09      1.47      0.03  0.       -4817.660       6606.429       3740.586    0.000  -0.139   0.381   0.
  2017 352 22 25 21 513 352.934276779      -1.68      1.17     -0.09  0.       -4818.436       6606.000       3739.096    0.000  -0.139   0.381   0.
  2017 352 22 25 22 513 352.934288354      -1.55      0.81     -0.45  0.       -4819.211       6605.571       3737.605    0.000  -0.139   0.381   0.
  2017 352 22 25 23 513 352.934299928      -1.46      0.31     -1.05  0.       -4819.985       6605.142       3736.115    0.000  -0.139   0.381   0.
  2017 352 22 25 24 513 352.934311502      -1.33      0.03     -1.12  0.       -4820.760       6604.712       3734.624    0.000  -0.139   0.381   0.
  2017 352 22 25 25 513 352.934323076      -1.33     -0.15     -0.89  0.       -4821.534       6604.281       3733.133    0.000  -0.139   0.381   0.
  2017 352 22 25 26 513 352.934334650      -0.86      0.32     -1.36  0.       -4822.308       6603.851       3731.642    0.000  -0.139   0.381   0.
  2017 352 22 25 27 513 352.934346224      -0.48      0.97     -1.36  0.       -4823.082       6603.420       3730.151    0.000  -0.139   0.381   0.
  2017 352 22 25 28 513 352.934357798      -0.36      2.17     -1.61  0.       -4823.855       6602.988       3728.660    0.000  -0.139   0.381   0.
  2017 352 22 25 29 513 352.934369372       0.25      1.68     -1.80  0.       -4824.628       6602.557       3727.168    0.000  -0.139   0.381   0.
  2017 352 22 25 30 513 352.934380946       0.10      1.08     -1.90  0.       -4825.401       6602.124       3725.676    0.000  -0.139   0.381   0.
  2017 352 22 25 31 513 352.934392520      -0.16      0.45     -1.68  0.       -4826.173       6601.692       3724.184    0.000  -0.139   0.381   0.
  2017 352 22 25 32 513 352.934404094       0.37     -0.28     -1.16  0.       -4826.945       6601.259       3722.691    0.000  -0.139   0.381   0.
  2017 352 22 25 33 513 352.934415667       0.52      0.06     -1.41  0.       -4827.717       6600.825       3721.199    0.000  -0.139   0.381   0.
  2017 352 22 25 34 513 352.934427240      -0.25      1.23     -1.15  0.       -4828.489       6600.392       3719.706    0.000  -0.139   0.381   0.
  2017 352 22 25 35 513 352.934438814      -0.58      1.60     -0.42  0.       -4829.260       6599.958       3718.213    0.000  -0.139   0.381   0.
  2017 352 22 25 36 513 352.934450388      -0.51      1.74     -0.82  0.       -4830.031       6599.523       3716.719    0.000  -0.139   0.381   0.
  2017 352 22 25 37 513 352.934461962      -0.38      1.70     -0.92  0.       -4830.802       6599.088       3715.226    0.000  -0.139   0.381   0.
  2017 352 22 25 38 513 352.934473536      -0.09      1.96     -1.08  0.       -4831.572       6598.653       3713.732    0.000  -0.139   0.381   0.
  2017 352 22 25 39 513 352.934485110       0.35      2.31     -1.54  0.       -4832.343       6598.217       3712.238    0.000  -0.139   0.381   0.
  2017 352 22 25 40 513 352.934496684       0.34      2.32     -1.28  0.       -4833.113       6597.781       3710.744    0.000  -0.139   0.381   0.
  2017 352 22 25 41 513 352.934508258       0.18      2.20     -1.27  0.       -4833.882       6597.345       3709.250    0.000  -0.139   0.381   0.
  2017 352 22 25 42 513 352.934519832      -0.08      2.05     -1.92  0.       -4834.652       6596.908       3707.755    0.000  -0.139   0.381   0.
  2017 352 22 25 43 513 352.934531406      -0.17      1.90     -1.82  0.       -4835.421       6596.470       3706.260    0.000  -0.139   0.381   0.
  2017 352 22 25 44 513 352.934542980      -0.31      1.94     -1.66  0.       -4836.189       6596.033       3704.765    0.000  -0.139   0.381   0.
  2017 352 22 25 45 513 352.934554554      -0.12      1.76     -1.45  0.       -4836.958       6595.595       3703.270    0.000  -0.139   0.381   0.
  2017 352 22 25 46 513 352.934566128       0.03      1.98     -1.23  0.       -4837.726       6595.156       3701.775    0.000  -0.139   0.381   0.
  2017 352 22 25 47 513 352.934577703       0.55      1.66     -1.81  0.       -4838.494       6594.718       3700.279    0.000  -0.139   0.381   0.
  2017 352 22 25 48 513 352.934589277       0.90      1.80     -2.81  0.       -4839.262       6594.278       3698.783    0.000  -0.139   0.381   0.
  2017 352 22 25 49 513 352.934600851       1.06      1.47     -2.80  0.       -4840.029       6593.839       3697.287    0.000  -0.139   0.381   0.
  2017 352 22 25 50 513 352.934612425       1.17      1.34     -2.28  0.       -4840.796       6593.399       3695.790    0.000  -0.139   0.381   0.
  2017 352 22 25 51 513 352.934623999       1.34      1.52     -1.82  0.       -4841.563       6592.958       3694.294    0.000  -0.139   0.381   0.
  2017 352 22 25 52 513 352.934635573       0.92      1.78     -1.00  0.       -4842.329       6592.518       3692.797    0.000  -0.139   0.381   0.
  2017 352 22 25 53 513 352.934647147       1.06      1.55     -1.16  0.       -4843.095       6592.077       3691.300    0.000  -0.139   0.381   0.
  2017 352 22 25 54 513 352.934658721       0.56      1.77     -1.11  0.       -4843.861       6591.635       3689.803    0.000  -0.139   0.381   0.
  2017 352 22 25 55 513 352.934670295       0.25      2.22     -0.65  0.       -4844.627       6591.193       3688.305    0.000  -0.139   0.381   0.
  2017 352 22 25 56 513 352.934681869       0.57      2.34     -1.03  0.       -4845.392       6590.751       3686.808    0.000  -0.139   0.381   0.
  2017 352 22 25 57 513 352.934693443       0.35      2.10     -1.42  0.       -4846.157       6590.308       3685.310    0.000  -0.139   0.381   0.
  2017 352 22 25 58 513 352.934705017       0.66      2.01     -1.26  0.       -4846.922       6589.865       3683.812    0.000  -0.139   0.381   0.
  2017 352 22 25 59 513 352.934716591       1.17      2.48     -1.61  0.       -4847.686       6589.421       3682.313    0.000  -0.139   0.381   0.
  2017 352 22 26  0 513 352.934728166       0.84      2.47     -2.53  0.       -4848.451       6588.977       3680.815    0.000  -0.139   0.381   0.
  2017 352 22 26  1 513 352.934739740       0.20      2.17     -3.13  0.       -4849.215       6588.533       3679.316    0.000  -0.139   0.381   0.
  2017 352 22 26  2 513 352.934751314      -0.09      1.84     -3.20  0.       -4849.978       6588.089       3677.817    0.000  -0.139   0.381   0.
  2017 352 22 26  3 513 352.934762887      -0.12      1.82     -2.71  0.       -4850.741       6587.643       3676.318    0.000  -0.139   0.381   0.
  2017 352 22 26  4 513 352.934774459      -0.34      1.98     -1.96  0.       -4851.504       6587.198       3674.819    0.000  -0.139   0.381   0.
  2017 352 22 26  5 513 352.934786033      -0.53      2.29     -1.63  0.       -4852.267       6586.752       3673.319    0.000  -0.139   0.381   0.
  2017 352 22 26  6 513 352.934797607      -0.57      2.32     -1.81  0.       -4853.030       6586.306       3671.819    0.000  -0.139   0.381   0.
  2017 352 22 26  7 513 352.934809181      -0.54      1.60     -1.35  0.       -4853.792       6585.859       3670.319    0.000  -0.139   0.381   0.
  2017 352 22 26  8 513 352.934820755      -0.48      1.12     -0.87  0.       -4854.554       6585.412       3668.819    0.000  -0.139   0.381   0.
  2017 352 22 26  9 513 352.934832329       0.46      0.97     -0.94  0.       -4855.315       6584.965       3667.318    0.000  -0.139   0.381   0.
  2017 352 22 26 10 513 352.934843903       1.00      1.02     -1.42  0.       -4856.077       6584.517       3665.818    0.000  -0.139   0.381   0.
  2017 352 22 26 11 513 352.934855477       1.11      1.10     -1.17  0.       -4856.838       6584.069       3664.317    0.000  -0.139   0.381   0.
  2017 352 22 26 12 513 352.934867052       0.58      1.35     -0.59  0.       -4857.598       6583.620       3662.815    0.000  -0.139   0.381   0.
  2017 352 22 26 13 513 352.934878626       0.21      1.55     -0.71  0.       -4858.359       6583.171       3661.314    0.000  -0.139   0.381   0.
  2017 352 22 26 14 513 352.934890200       0.11      1.20     -1.19  0.       -4859.119       6582.722       3659.812    0.000  -0.139   0.381   0.
  2017 352 22 26 15 513 352.934901774       0.22      1.06     -0.90  0.       -4859.879       6582.272       3658.311    0.000  -0.139   0.381   0.
  2017 352 22 26 16 513 352.934913348      -0.21      1.26     -1.05  0.       -4860.638       6581.822       3656.809    0.000  -0.139   0.381   0.
  2017 352 22 26 17 513 352.934924922      -0.23      1.34     -1.84  0.       -4861.398       6581.372       3655.306    0.000  -0.139   0.381   0.
  2017 352 22 26 18 513 352.934936496      -0.26      1.06     -1.95  0.       -4862.157       6580.921       3653.804    0.000  -0.139   0.381   0.
  2017 352 22 26 19 513 352.934948070      -0.09      1.30     -1.80  0.       -4862.915       6580.469       3652.301    0.000  -0.139   0.381   0.
  2017 352 22 26 20 513 352.934959644       0.08      1.77     -1.31  0.       -4863.674       6580.018       3650.798    0.000  -0.139   0.381   0.
  2017 352 22 26 21 513 352.934971218       0.28      1.77     -1.56  0.       -4864.432       6579.565       3649.295    0.000  -0.139   0.381   0.
  2017 352 22 26 22 513 352.934982792       0.05      1.57     -1.36  0.       -4865.190       6579.113       3647.792    0.000  -0.139   0.381   0.
  2017 352 22 26 23 513 352.934994366      -0.06      1.94     -1.55  0.       -4865.947       6578.660       3646.289    0.000  -0.139   0.381   0.
  2017 352 22 26 24 513 352.935005940      -0.73      2.56     -1.85  0.       -4866.704       6578.207       3644.785    0.000  -0.139   0.381   0.
  2017 352 22 26 25 513 352.935017514      -0.61      2.29     -2.43  0.       -4867.461       6577.753       3643.280    0.000  -0.139   0.381   0.
  2017 352 22 26 26 513 352.935029089      -0.75      2.27     -1.99  0.       -4868.218       6577.299       3641.776    0.000  -0.139   0.381   0.
  2017 352 22 26 27 513 352.935040663      -0.34      1.87     -1.90  0.       -4868.974       6576.845       3640.272    0.000  -0.139   0.381   0.
  2017 352 22 26 28 513 352.935052237      -0.25      1.62     -1.64  0.       -4869.730       6576.390       3638.767    0.000  -0.139   0.381   0.
  2017 352 22 26 29 513 352.935063811      -0.41      1.40     -1.47  0.       -4870.486       6575.935       3637.262    0.000  -0.139   0.381   0.
  2017 352 22 26 30 513 352.935075385      -1.08      0.80     -1.13  0.       -4871.242       6575.479       3635.757    0.000  -0.139   0.381   0.
  2017 352 22 26 31 513 352.935086959      -1.37      0.25     -1.20  0.       -4871.997       6575.023       3634.252    0.000  -0.139   0.381   0.
  2017 352 22 26 32 513 352.935098533      -1.21      0.28     -1.44  0.       -4872.752       6574.566       3632.747    0.000  -0.139   0.381   0.
  2017 352 22 26 33 512 352.935110106      -1.11      0.77     -1.30  0.       -4873.506       6574.110       3631.241    0.000  -0.139   0.381   0.
  2017 352 22 26 34 512 352.935121678      -0.66      1.09     -0.37  0.       -4874.261       6573.652       3629.735    0.000  -0.139   0.381   0.
  2017 352 22 26 35 512 352.935133252      -0.40      1.94     -0.47  0.       -4875.015       6573.195       3628.229    0.000  -0.139   0.381   0.
  2017 352 22 26 36 513 352.935144826      -0.66      2.10     -1.06  0.       -4875.769       6572.737       3626.722    0.000  -0.139   0.381   0.
  2017 352 22 26 37 513 352.935156400      -0.60      2.19     -1.08  0.       -4876.522       6572.278       3625.216    0.000  -0.139   0.381   0.
  2017 352 22 26 38 512 352.935167975      -0.51      1.89     -0.59  0.       -4877.275       6571.820       3623.709    0.000  -0.139   0.381   0.
  2017 352 22 26 39 512 352.935179549      -0.89      1.79     -0.81  0.       -4878.028       6571.360       3622.202    0.000  -0.139   0.381   0.
  2017 352 22 26 40 513 352.935191123      -0.76      2.22     -0.81  0.       -4878.781       6570.901       3620.695    0.000  -0.139   0.381   0.
  2017 352 22 26 41 513 352.935202697      -0.97      2.01     -0.45  0.       -4879.533       6570.441       3619.187    0.000  -0.139   0.381   0.
  2017 352 22 26 42 513 352.935214271      -1.35      1.23      0.13  0.       -4880.285       6569.981       3617.680    0.000  -0.139   0.381   0.
  2017 352 22 26 43 513 352.935225845      -1.09      1.01     -0.26  0.       -4881.037       6569.520       3616.172    0.000  -0.139   0.381   0.
  2017 352 22 26 44 513 352.935237419      -1.12      1.48     -0.02  0.       -4881.788       6569.059       3614.664    0.000  -0.139   0.381   0.
  2017 352 22 26 45 512 352.935248993      -1.05      2.00      0.23  0.       -4882.539       6568.597       3613.155    0.000  -0.139   0.381   0.
  2017 352 22 26 46 512 352.935260567      -0.87      2.00      0.38  0.       -4883.290       6568.135       3611.647    0.000  -0.139   0.381   0.
  2017 352 22 26 47 512 352.935272141      -0.82      2.15      0.02  0.       -4884.041       6567.673       3610.138    0.000  -0.139   0.381   0.
  2017 352 22 26 48 512 352.935283715      -0.27      2.05     -0.55  0.       -4884.791       6567.210       3608.629    0.000  -0.139   0.381   0.
  2017 352 22 26 49 513 352.935295289      -0.37      1.62     -0.60  0.       -4885.541       6566.747       3607.120    0.000  -0.139   0.381   0.
  2017 352 22 26 50 513 352.935306863      -0.71      2.14     -0.08  0.       -4886.291       6566.284       3605.610    0.000  -0.139   0.381   0.
  2017 352 22 26 51 512 352.935318438      -0.30      1.90     -0.50  0.       -4887.040       6565.820       3604.101    0.000  -0.139   0.381   0.
  2017 352 22 26 52 512 352.935330012       0.40      1.35     -0.70  0.       -4887.789       6565.356       3602.591    0.000  -0.139   0.381   0.
  2017 352 22 26 53 513 352.935341586       0.80      0.75     -0.69  0.       -4888.538       6564.891       3601.081    0.000  -0.139   0.381   0.
  2017 352 22 26 54 513 352.935353160       0.88      1.16      0.30  0.       -4889.286       6564.426       3599.571    0.000  -0.139   0.381   0.
  2017 352 22 26 55 513 352.935364734       0.60      1.91      1.26  0.       -4890.035       6563.960       3598.060    0.000  -0.139   0.381   0.
  2017 352 22 26 56 513 352.935376308       0.13      2.27      1.14  0.       -4890.783       6563.495       3596.550    0.000  -0.139   0.381   0.
  2017 352 22 26 57 513 352.935387882      -0.88      1.19      0.84  0.       -4891.530       6563.028       3595.039    0.000  -0.139   0.381   0.
  2017 352 22 26 58 512 352.935399456      -1.18      1.03      0.54  0.       -4892.277       6562.562       3593.527    0.000  -0.139   0.381   0.
  2017 352 22 26 59 512 352.935411030      -1.27      1.26      0.23  0.       -4893.025       6562.095       3592.016    0.000  -0.139   0.381   0.
  2017 352 22 27  0 512 352.935422604      -1.15      1.51     -0.00  0.       -4893.771       6561.627       3590.505    0.000  -0.139   0.381   0.
  2017 352 22 27  1 512 352.935434178      -0.80      2.15      0.59  0.       -4894.518       6561.159       3588.993    0.000  -0.139   0.381   0.
  2017 352 22 27  2 512 352.935445752       0.39      1.66     -0.82  0.       -4895.264       6560.691       3587.481    0.000  -0.139   0.381   0.
  2017 352 22 27  3 513 352.935457325       0.50      0.71     -1.97  0.       -4896.010       6560.223       3585.969    0.000  -0.139   0.381   0.
  2017 352 22 27  4 512 352.935468898      -0.41     -0.09     -1.73  0.       -4896.755       6559.754       3584.456    0.000  -0.139   0.381   0.
  2017 352 22 27  5 512 352.935480472      -0.07     -0.24     -1.04  0.       -4897.501       6559.284       3582.944    0.000  -0.139   0.381   0.
  2017 352 22 27  6 512 352.935492046       0.40      0.83     -0.29  0.       -4898.246       6558.814       3581.431    0.000  -0.139   0.381   0.
  2017 352 22 27  7 512 352.935503620       0.83      2.23     -0.46  0.       -4898.990       6558.344       3579.918    0.000  -0.139   0.381   0.
  2017 352 22 27  8 512 352.935515194       0.96      2.33     -1.65  0.       -4899.735       6557.874       3578.404    0.000  -0.139   0.381   0.
  2017 352 22 27  9 512 352.935526768       0.54      2.79     -2.37  0.       -4900.479       6557.403       3576.891    0.000  -0.139   0.381   0.
  2017 352 22 27 10 512 352.935538342       0.88      1.87     -2.85  0.       -4901.223       6556.931       3575.377    0.000  -0.139   0.381   0.
  2017 352 22 27 11 512 352.935549916       1.31      1.40     -2.76  0.       -4901.966       6556.460       3573.863    0.000  -0.139   0.381   0.
  2017 352 22 27 12 512 352.935561490       1.49      1.61     -2.30  0.       -4902.709       6555.987       3572.349    0.000  -0.139   0.381   0.
  2017 352 22 27 13 512 352.935573064       1.31      1.55     -1.73  0.       -4903.452       6555.515       3570.835    0.000  -0.139   0.381   0.
  2017 352 22 27 14 512 352.935584638       1.17      1.48     -1.64  0.       -4904.195       6555.042       3569.320    0.000  -0.139   0.381   0.
  2017 352 22 27 15 512 352.935596212       1.23      1.39     -1.73  0.       -4904.937       6554.569       3567.805    0.000  -0.139   0.381   0.
  2017 352 22 27 16 512 352.935607786       1.34      1.43     -1.75  0.       -4905.679       6554.095       3566.290    0.000  -0.139   0.381   0.
  2017 352 22 27 17 512 352.935619361       1.55      1.41     -2.29  0.       -4906.421       6553.621       3564.775    0.000  -0.139   0.381   0.
  2017 352 22 27 18 512 352.935630935       1.74      1.50     -2.94  0.       -4907.162       6553.146       3563.260    0.000  -0.139   0.381   0.
  2017 352 22 27 19 512 352.935642509       2.22      1.52     -2.75  0.       -4907.904       6552.671       3561.744    0.000  -0.139   0.381   0.
  2017 352 22 27 20 512 352.935654083       1.56      1.48     -2.03  0.       -4908.644       6552.196       3560.228    0.000  -0.139   0.381   0.
  2017 352 22 27 21 512 352.935665657       1.05      1.78     -1.62  0.       -4909.385       6551.720       3558.712    0.000  -0.139   0.381   0.
  2017 352 22 27 22 512 352.935677231       1.29      1.60     -1.73  0.       -4910.125       6551.244       3557.196    0.000  -0.139   0.381   0.
  2017 352 22 27 23 512 352.935688805       1.21      1.55     -1.76  0.       -4910.865       6550.768       3555.679    0.000  -0.139   0.381   0.
  2017 352 22 27 24 512 352.935700379       0.47      1.35     -1.73  0.       -4911.605       6550.291       3554.163    0.000  -0.139   0.381   0.
  2017 352 22 27 25 512 352.935711953       0.31      0.86     -1.52  0.       -4912.344       6549.814       3552.646    0.000  -0.139   0.381   0.
  2017 352 22 27 26 512 352.935723527       1.05      0.95     -2.21  0.       -4913.083       6549.336       3551.129    0.000  -0.139   0.381   0.
  2017 352 22 27 27 512 352.935735101       1.45      1.62     -2.12  0.       -4913.822       6548.858       3549.611    0.000  -0.139   0.381   0.
  2017 352 22 27 28 512 352.935746675       1.06      1.39     -1.96  0.       -4914.561       6548.380       3548.094    0.000  -0.139   0.381   0.
  2017 352 22 27 29 512 352.935758249       1.29      1.08     -1.98  0.       -4915.299       6547.901       3546.576    0.000  -0.139   0.381   0.
  2017 352 22 27 30 512 352.935769823       1.83      0.85     -1.80  0.       -4916.037       6547.422       3545.058    0.000  -0.139   0.381   0.
  2017 352 22 27 31 512 352.935781396       1.36      0.75     -1.06  0.       -4916.774       6546.941       3543.540    0.000  -0.139   0.381   0.
  2017 352 22 27 32 512 352.935792969       0.75      1.14     -1.06  0.       -4917.512       6546.461       3542.021    0.000  -0.139   0.381   0.
  2017 352 22 27 33 512 352.935804543       0.79      1.26     -1.49  0.       -4918.249       6545.982       3540.503    0.000  -0.139   0.381   0.
  2017 352 22 27 34 512 352.935816117       0.66      2.00     -1.90  0.       -4918.985       6545.501       3538.984    0.000  -0.139   0.381   0.
  2017 352 22 27 35 512 352.935827691       1.29      1.96     -2.42  0.       -4919.721       6545.019       3537.465    0.000  -0.139   0.381   0.
  2017 352 22 27 36 512 352.935839265       0.96      1.92     -2.33  0.       -4920.458       6544.538       3535.945    0.000  -0.139   0.381   0.
  2017 352 22 27 37 512 352.935850839       0.54      1.78     -2.73  0.       -4921.193       6544.056       3534.426    0.000  -0.139   0.381   0.
  2017 352 22 27 38 512 352.935862413       0.23      1.58     -2.80  0.       -4921.929       6543.573       3532.906    0.000  -0.139   0.381   0.
  2017 352 22 27 39 512 352.935873987       0.82      1.42     -2.54  0.       -4922.664       6543.091       3531.386    0.000  -0.139   0.381   0.
  2017 352 22 27 40 512 352.935885561       1.28      1.47     -2.14  0.       -4923.399       6542.607       3529.866    0.000  -0.139   0.381   0.
  2017 352 22 27 41 512 352.935897135       1.14      1.29     -1.61  0.       -4924.134       6542.124       3528.346    0.000  -0.139   0.381   0.
  2017 352 22 27 42 512 352.935908709       1.28      1.71     -1.12  0.       -4924.868       6541.640       3526.825    0.000  -0.139   0.381   0.
  2017 352 22 27 43 512 352.935920284       1.38      1.77     -1.19  0.       -4925.602       6541.155       3525.304    0.000  -0.139   0.381   0.
  2017 352 22 27 44 512 352.935931858       1.29      1.40     -1.62  0.       -4926.336       6540.671       3523.783    0.000  -0.139   0.381   0.
  2017 352 22 27 45 512 352.935943432       0.97      1.68     -2.24  0.       -4927.070       6540.185       3522.262    0.000  -0.139   0.381   0.
  2017 352 22 27 46 512 352.935955006       0.71      2.25     -2.22  0.       -4927.803       6539.700       3520.741    0.000  -0.139   0.381   0.
  2017 352 22 27 47 512 352.935966580       0.20      2.51     -1.62  0.       -4928.536       6539.214       3519.219    0.000  -0.139   0.381   0.
  2017 352 22 27 48 512 352.935978154      -0.33      2.90     -0.87  0.       -4929.268       6538.728       3517.697    0.000  -0.139   0.381   0.
  2017 352 22 27 49 512 352.935989728      -0.17      2.80     -0.77  0.       -4930.000       6538.241       3516.175    0.000  -0.139   0.381   0.
  2017 352 22 27 50 512 352.936001302       0.45      2.71     -1.18  0.       -4930.732       6537.754       3514.653    0.000  -0.139   0.381   0.
  2017 352 22 27 51 512 352.936012876       0.23      2.55     -0.79  0.       -4931.464       6537.266       3513.131    0.000  -0.139   0.381   0.
  2017 352 22 27 52 512 352.936024450      -0.34      2.26     -0.24  0.       -4932.195       6536.778       3511.608    0.000  -0.139   0.381   0.
  2017 352 22 27 53 512 352.936036024      -0.36      2.01     -0.31  0.       -4932.926       6536.290       3510.085    0.000  -0.139   0.381   0.
  2017 352 22 27 54 512 352.936047598      -1.41      2.42     -0.36  0.       -4933.657       6535.801       3508.562    0.000  -0.139   0.381   0.
  2017 352 22 27 55 512 352.936059172      -2.69      1.55     -1.35  0.       -4934.388       6535.312       3507.039    0.000  -0.139   0.381   0.
  2017 352 22 27 56 512 352.936070747      -2.57      1.03     -0.14  0.       -4935.118       6534.822       3505.515    0.000  -0.139   0.381   0.
  2017 352 22 27 57 512 352.936082321      -1.53      1.44      0.70  0.       -4935.848       6534.333       3503.991    0.000  -0.139   0.381   0.
  2017 352 22 27 58 512 352.936093895      -0.35      1.95     -0.01  0.       -4936.577       6533.842       3502.467    0.000  -0.139   0.381   0.
  2017 352 22 27 59 512 352.936105469      -0.60      1.93     -0.28  0.       -4937.306       6533.352       3500.943    0.000  -0.139   0.381   0.
  2017 352 22 28  0 512 352.936117043      -0.80      1.64     -0.72  0.       -4938.035       6532.860       3499.419    0.000  -0.139   0.381   0.
  2017 352 22 28  1 512 352.936128617      -1.28      1.00     -0.76  0.       -4938.764       6532.369       3497.894    0.000  -0.139   0.381   0.
  2017 352 22 28  2 512 352.936140191      -1.78      1.36     -0.69  0.       -4939.492       6531.877       3496.369    0.000  -0.139   0.381   0.
  2017 352 22 28  3 512 352.936151764      -1.80      2.53     -0.95  0.       -4940.221       6531.385       3494.844    0.000  -0.139   0.381   0.
  2017 352 22 28  4 512 352.936163336      -1.18      2.93     -0.99  0.       -4940.948       6530.892       3493.319    0.000  -0.139   0.381   0.
  2017 352 22 28  5 512 352.936174910      -0.77      2.32     -1.04  0.       -4941.676       6530.399       3491.794    0.000  -0.139   0.381   0.
  2017 352 22 28  6 512 352.936186484      -0.52      1.81     -1.23  0.       -4942.403       6529.905       3490.268    0.000  -0.139   0.381   0.
  2017 352 22 28  7 512 352.936198058      -0.47      1.44     -1.24  0.       -4943.130       6529.412       3488.742    0.000  -0.139   0.381   0.
  2017 352 22 28  8 512 352.936209633      -0.08      1.37     -1.07  0.       -4943.856       6528.917       3487.216    0.000  -0.139   0.381   0.
  2017 352 22 28  9 512 352.936221207       0.38      1.48     -1.39  0.       -4944.583       6528.423       3485.690    0.000  -0.139   0.381   0.
  2017 352 22 28 10 512 352.936232781       0.18      1.80     -1.49  0.       -4945.309       6527.928       3484.163    0.000  -0.139   0.381   0.
  2017 352 22 28 11 512 352.936244355       0.04      1.33     -1.60  0.       -4946.034       6527.432       3482.636    0.000  -0.139   0.381   0.
  2017 352 22 28 12 512 352.936255929      -1.35      0.82     -0.41  0.       -4946.760       6526.936       3481.110    0.000  -0.139   0.381   0.
  2017 352 22 28 13 512 352.936267503      -1.41      1.35      0.17  0.       -4947.485       6526.440       3479.582    0.000  -0.139   0.381   0.
  2017 352 22 28 14 512 352.936279077      -0.78      1.40     -0.14  0.       -4948.209       6525.943       3478.055    0.000  -0.139   0.381   0.
  2017 352 22 28 15 512 352.936290651      -0.31      1.61      0.03  0.       -4948.934       6525.446       3476.527    0.000  -0.139   0.381   0.
  2017 352 22 28 16 512 352.936302225       0.22      1.38     -0.41  0.       -4949.658       6524.949       3475.000    0.000  -0.139   0.381   0.
  2017 352 22 28 17 512 352.936313799      -0.44      0.95     -0.31  0.       -4950.382       6524.451       3473.472    0.000  -0.139   0.381   0.
  2017 352 22 28 18 512 352.936325373      -0.40      1.23     -0.09  0.       -4951.105       6523.953       3471.943    0.000  -0.139   0.381   0.
  2017 352 22 28 19 512 352.936336947       0.04      1.08     -1.21  0.       -4951.829       6523.454       3470.415    0.000  -0.139   0.381   0.
  2017 352 22 28 20 512 352.936348521      -0.42      1.20     -0.55  0.       -4952.552       6522.955       3468.886    0.000  -0.139   0.381   0.
  2017 352 22 28 21 512 352.936360096      -0.69      1.88      0.26  0.       -4953.274       6522.456       3467.358    0.000  -0.139   0.381   0.
  2017 352 22 28 22 512 352.936371670      -0.23      2.34      0.17  0.       -4953.997       6521.956       3465.829    0.000  -0.139   0.381   0.
  2017 352 22 28 23 512 352.936383244       0.24      2.17     -0.42  0.       -4954.719       6521.456       3464.299    0.000  -0.139   0.381   0.
  2017 352 22 28 24 512 352.936394818       0.55      2.07     -1.10  0.       -4955.440       6520.955       3462.770    0.000  -0.139   0.381   0.
  2017 352 22 28 25 512 352.936406392       0.33      1.54     -1.27  0.       -4956.162       6520.454       3461.240    0.000  -0.139   0.381   0.
  2017 352 22 28 26 512 352.936417966      -0.22      1.36     -0.92  0.       -4956.883       6519.953       3459.710    0.000  -0.139   0.381   0.
  2017 352 22 28 27 512 352.936429540      -0.46      1.24     -0.57  0.       -4957.604       6519.451       3458.180    0.000  -0.139   0.381   0.
  2017 352 22 28 28 512 352.936441114      -0.65      1.77     -0.36  0.       -4958.324       6518.948       3456.650    0.000  -0.139   0.381   0.
  2017 352 22 28 29 512 352.936452688      -0.42      2.15     -0.70  0.       -4959.044       6518.446       3455.119    0.000  -0.139   0.381   0.
  2017 352 22 28 30 512 352.936464262      -0.07      1.86     -1.25  0.       -4959.764       6517.943       3453.589    0.000  -0.139   0.381   0.
  2017 352 22 28 31 512 352.936475836      -0.20      1.63     -1.43  0.       -4960.484       6517.439       3452.058    0.000  -0.139   0.381   0.
  2017 352 22 28 32 512 352.936487410      -1.02      1.49     -0.87  0.       -4961.204       6516.936       3450.526    0.000  -0.139   0.381   0.
  2017 352 22 28 33 512 352.936498983      -1.36      1.62     -0.80  0.       -4961.923       6516.431       3448.995    0.000  -0.139   0.381   0.
  2017 352 22 28 34 511 352.936510556      -1.48      1.39     -0.65  0.       -4962.641       6515.927       3447.463    0.000  -0.139   0.381   0.
  2017 352 22 28 35 511 352.936522130      -1.30      1.28     -0.62  0.       -4963.360       6515.422       3445.932    0.000  -0.139   0.381   0.
  2017 352 22 28 36 512 352.936533704      -0.64      1.36     -0.54  0.       -4964.078       6514.917       3444.400    0.000  -0.139   0.381   0.
  2017 352 22 28 37 512 352.936545278      -0.45      1.97     -0.47  0.       -4964.796       6514.411       3442.868    0.000  -0.139   0.381   0.
  2017 352 22 28 38 512 352.936556852      -0.11      2.52     -0.83  0.       -4965.513       6513.904       3441.335    0.000  -0.139   0.381   0.
  2017 352 22 28 39 512 352.936568426      -0.10      2.17     -0.98  0.       -4966.230       6513.398       3439.802    0.000  -0.139   0.381   0.
  2017 352 22 28 40 511 352.936580000      -0.43      2.10     -0.84  0.       -4966.947       6512.891       3438.270    0.000  -0.139   0.381   0.
  2017 352 22 28 41 511 352.936591574      -0.98      2.32     -0.79  0.       -4967.664       6512.384       3436.737    0.000  -0.139   0.381   0.
  2017 352 22 28 42 511 352.936603148      -0.47      2.51     -0.92  0.       -4968.380       6511.876       3435.203    0.000  -0.139   0.381   0.
  2017 352 22 28 43 511 352.936614722      -0.44      1.90     -1.40  0.       -4969.096       6511.368       3433.670    0.000  -0.139   0.381   0.
  2017 352 22 28 44 511 352.936626296      -0.31      1.07     -1.17  0.       -4969.812       6510.859       3432.136    0.000  -0.139   0.381   0.
  2017 352 22 28 45 512 352.936637870      -0.42      1.42     -0.92  0.       -4970.527       6510.350       3430.602    0.000  -0.139   0.381   0.
  2017 352 22 28 46 512 352.936649444      -0.00      2.38     -1.23  0.       -4971.242       6509.841       3429.068    0.000  -0.139   0.381   0.
  2017 352 22 28 47 511 352.936661019       0.19      2.04     -1.12  0.       -4971.957       6509.331       3427.534    0.000  -0.139   0.381   0.
  2017 352 22 28 48 511 352.936672593      -0.50      2.01     -0.30  0.       -4972.672       6508.821       3425.999    0.000  -0.139   0.381   0.
  2017 352 22 28 49 512 352.936684167      -0.69      1.78      0.08  0.       -4973.386       6508.310       3424.465    0.000  -0.139   0.381   0.
  2017 352 22 28 50 512 352.936695741      -0.80      1.81     -0.24  0.       -4974.100       6507.799       3422.930    0.000  -0.139   0.381   0.
  2017 352 22 28 51 512 352.936707315      -1.08      1.85     -0.50  0.       -4974.813       6507.288       3421.394    0.000  -0.139   0.381   0.
  2017 352 22 28 52 512 352.936718889      -0.85      2.21     -0.75  0.       -4975.526       6506.776       3419.859    0.000  -0.139   0.381   0.
  2017 352 22 28 53 512 352.936730463      -0.13      2.04     -0.53  0.       -4976.239       6506.264       3418.324    0.000  -0.139   0.381   0.
  2017 352 22 28 54 511 352.936742037       0.65      1.64     -0.43  0.       -4976.952       6505.751       3416.788    0.000  -0.139   0.381   0.
  2017 352 22 28 55 511 352.936753611       0.07      1.56     -0.01  0.       -4977.664       6505.238       3415.252    0.000  -0.139   0.381   0.
  2017 352 22 28 56 511 352.936765185      -0.50      1.98      0.31  0.       -4978.376       6504.725       3413.716    0.000  -0.139   0.381   0.
  2017 352 22 28 57 511 352.936776759      -0.78      2.71     -0.32  0.       -4979.088       6504.211       3412.179    0.000  -0.139   0.381   0.
  2017 352 22 28 58 511 352.936788333      -0.14      2.31     -1.38  0.       -4979.800       6503.697       3410.643    0.000  -0.139   0.381   0.
  2017 352 22 28 59 512 352.936799907      -0.02      2.34     -1.27  0.       -4980.511       6503.183       3409.106    0.000  -0.139   0.381   0.
  2017 352 22 29  0 512 352.936811482       0.35      1.93     -1.86  0.       -4981.222       6502.668       3407.569    0.000  -0.139   0.381   0.
  2017 352 22 29  1 511 352.936823056       0.40      2.07     -2.36  0.       -4981.932       6502.152       3406.032    0.000  -0.139   0.381   0.
  2017 352 22 29  2 511 352.936834630       0.15      2.00     -1.87  0.       -4982.642       6501.637       3404.494    0.000  -0.139   0.381   0.
  2017 352 22 29  3 512 352.936846203       0.12      2.14     -1.47  0.       -4983.352       6501.120       3402.956    0.000  -0.139   0.381   0.
  2017 352 22 29  4 511 352.936857775       0.21      2.41     -1.12  0.       -4984.062       6500.604       3401.418    0.000  -0.139   0.381   0.
  2017 352 22 29  5 511 352.936869349       0.36      2.72     -0.96  0.       -4984.771       6500.087       3399.880    0.000  -0.139   0.381   0.
  2017 352 22 29  6 511 352.936880923       0.19      2.61     -0.73  0.       -4985.480       6499.570       3398.342    0.000  -0.139   0.381   0.
  2017 352 22 29  7 511 352.936892497       0.44      2.38     -1.09  0.       -4986.189       6499.052       3396.804    0.000  -0.139   0.381   0.
  2017 352 22 29  8 511 352.936904071       0.59      2.13     -1.13  0.       -4986.897       6498.534       3395.265    0.000  -0.139   0.381   0.
  2017 352 22 29  9 511 352.936915645       0.87      1.97     -1.29  0.       -4987.605       6498.015       3393.726    0.000  -0.139   0.381   0.
  2017 352 22 29 10 511 352.936927219       0.65      1.93     -1.64  0.       -4988.313       6497.496       3392.187    0.000  -0.139   0.381   0.
  2017 352 22 29 11 511 352.936938793       0.54      1.86     -1.71  0.       -4989.020       6496.977       3390.648    0.000  -0.139   0.381   0.
  2017 352 22 29 12 511 352.936950367       0.56      2.05     -1.20  0.       -4989.727       6496.457       3389.108    0.000  -0.139   0.381   0.
  2017 352 22 29 13 511 352.936961942       0.87      1.73     -1.05  0.       -4990.434       6495.937       3387.568    0.000  -0.139   0.381   0.
  2017 352 22 29 14 511 352.936973516       1.07      1.38     -0.99  0.       -4991.141       6495.416       3386.028    0.000  -0.139   0.381   0.
  2017 352 22 29 15 511 352.936985090       0.89      1.32     -1.20  0.       -4991.847       6494.895       3384.488    0.000  -0.139   0.381   0.
  2017 352 22 29 16 511 352.936996664       0.48      1.85     -1.24  0.       -4992.553       6494.374       3382.948    0.000  -0.139   0.381   0.
  2017 352 22 29 17 511 352.937008238       0.51      1.89     -1.23  0.       -4993.259       6493.852       3381.407    0.000  -0.139   0.381   0.
  2017 352 22 29 18 511 352.937019812       0.13      1.70     -1.16  0.       -4993.964       6493.330       3379.866    0.000  -0.139   0.381   0.
  2017 352 22 29 19 511 352.937031386      -0.39      1.52     -0.89  0.       -4994.669       6492.808       3378.325    0.000  -0.139   0.381   0.
  2017 352 22 29 20 511 352.937042960      -0.98      1.10     -0.48  0.       -4995.374       6492.285       3376.784    0.000  -0.139   0.381   0.
  2017 352 22 29 21 511 352.937054534      -0.82      1.09     -0.34  0.       -4996.078       6491.761       3375.243    0.000  -0.139   0.381   0.
  2017 352 22 29 22 511 352.937066108      -0.36      1.48     -0.40  0.       -4996.782       6491.238       3373.701    0.000  -0.139   0.381   0.
  2017 352 22 29 23 511 352.937077682      -0.05      2.05     -1.55  0.       -4997.486       6490.714       3372.159    0.000  -0.139   0.381   0.
  2017 352 22 29 24 511 352.937089256      -0.45      2.03     -2.02  0.       -4998.189       6490.189       3370.617    0.000  -0.139   0.381   0.
  2017 352 22 29 25 511 352.937100830      -0.40      1.48     -2.35  0.       -4998.892       6489.664       3369.075    0.000  -0.139   0.381   0.
  2017 352 22 29 26 511 352.937112405       0.16      1.12     -2.40  0.       -4999.595       6489.139       3367.533    0.000  -0.139   0.381   0.
  2017 352 22 29 27 511 352.937123979       0.30      0.89     -2.17  0.       -5000.298       6488.613       3365.990    0.000  -0.139   0.381   0.
  2017 352 22 29 28 511 352.937135553       0.60      0.72     -1.55  0.       -5001.000       6488.087       3364.447    0.000  -0.139   0.381   0.
  2017 352 22 29 29 511 352.937147127       0.98      0.91     -1.15  0.       -5001.702       6487.560       3362.904    0.000  -0.139   0.381   0.
  2017 352 22 29 30 511 352.937158701       1.13      1.25     -1.38  0.       -5002.404       6487.033       3361.361    0.000  -0.139   0.381   0.
  2017 352 22 29 31 511 352.937170275       1.01      1.10     -1.53  0.       -5003.105       6486.506       3359.817    0.000  -0.139   0.381   0.
  2017 352 22 29 32 511 352.937181849       0.92      0.88     -1.77  0.       -5003.806       6485.978       3358.274    0.000  -0.139   0.381   0.
  2017 352 22 29 33 511 352.937193422       0.56      1.04     -2.01  0.       -5004.507       6485.450       3356.730    0.000  -0.139   0.381   0.
  2017 352 22 29 34 511 352.937204994       0.67      1.35     -2.27  0.       -5005.207       6484.922       3355.186    0.000  -0.139   0.381   0.
  2017 352 22 29 35 511 352.937216568       0.95      1.30     -2.51  0.       -5005.907       6484.393       3353.641    0.000  -0.139   0.381   0.
  2017 352 22 29 36 511 352.937228142       1.11      1.42     -2.51  0.       -5006.607       6483.863       3352.097    0.000  -0.139   0.381   0.
  2017 352 22 29 37 511 352.937239716       1.15      1.74     -2.78  0.       -5007.306       6483.334       3350.552    0.000  -0.139   0.381   0.
  2017 352 22 29 38 511 352.937251290       1.21      2.16     -3.04  0.       -5008.005       6482.804       3349.007    0.000  -0.139   0.381   0.
  2017 352 22 29 39 511 352.937262865       1.10      2.40     -3.22  0.       -5008.704       6482.273       3347.462    0.000  -0.139   0.381   0.
  2017 352 22 29 40 511 352.937274439       1.05      2.49     -3.01  0.       -5009.403       6481.742       3345.917    0.000  -0.139   0.381   0.
  2017 352 22 29 41 511 352.937286013       1.09      2.68     -2.78  0.       -5010.101       6481.211       3344.371    0.000  -0.139   0.381   0.
  2017 352 22 29 42 511 352.937297587       1.40      2.45     -2.96  0.       -5010.799       6480.679       3342.825    0.000  -0.139   0.381   0.
  2017 352 22 29 43 511 352.937309161       1.69      2.47     -3.22  0.       -5011.496       6480.147       3341.279    0.000  -0.139   0.381   0.
  2017 352 22 29 44 511 352.937320735       2.06      2.27     -3.57  0.       -5012.194       6479.614       3339.733    0.000  -0.139   0.381   0.
  2017 352 22 29 45 511 352.937332309       2.06      1.93     -3.02  0.       -5012.891       6479.081       3338.187    0.000  -0.139   0.381   0.
  2017 352 22 29 46 511 352.937343883       1.83      1.98     -2.24  0.       -5013.587       6478.548       3336.640    0.000  -0.139   0.381   0.
  2017 352 22 29 47 511 352.937355457       1.61      2.06     -2.04  0.       -5014.284       6478.014       3335.093    0.000  -0.139   0.381   0.
  2017 352 22 29 48 511 352.937367031       1.69      1.90     -1.98  0.       -5014.980       6477.480       3333.546    0.000  -0.139   0.381   0.
  2017 352 22 29 49 511 352.937378605       1.28      1.97     -1.55  0.       -5015.675       6476.946       3331.999    0.000  -0.139   0.381   0.
  2017 352 22 29 50 511 352.937390179       1.54      2.14     -1.65  0.       -5016.371       6476.411       3330.452    0.000  -0.139   0.381   0.
  2017 352 22 29 51 511 352.937401754       1.41      1.79     -1.50  0.       -5017.066       6475.875       3328.904    0.000  -0.139   0.381   0.
  2017 352 22 29 52 511 352.937413328       1.10      2.21     -1.45  0.       -5017.761       6475.340       3327.356    0.000  -0.139   0.381   0.
  2017 352 22 29 53 511 352.937424902       1.06      2.62     -1.67  0.       -5018.455       6474.803       3325.808    0.000  -0.139   0.381   0.
  2017 352 22 29 54 511 352.937436476       0.97      2.75     -1.89  0.       -5019.149       6474.267       3324.260    0.000  -0.139   0.381   0.
  2017 352 22 29 55 511 352.937448050       0.63      2.21     -1.61  0.       -5019.843       6473.730       3322.711    0.000  -0.139   0.381   0.
  2017 352 22 29 56 511 352.937459624       0.26      1.82     -1.26  0.       -5020.537       6473.193       3321.163    0.000  -0.139   0.381   0.
  2017 352 22 29 57 511 352.937471198      -0.30      1.69     -0.75  0.       -5021.230       6472.655       3319.614    0.000  -0.139   0.381   0.
  2017 352 22 29 58 511 352.937482772      -0.40      0.95     -0.36  0.       -5021.923       6472.117       3318.065    0.000  -0.139   0.381   0.
  2017 352 22 29 59 511 352.937494346       0.02      0.95     -0.59  0.       -5022.616       6471.578       3316.516    0.000  -0.139   0.381   0.
  2017 352 22 30  0 511 352.937505920      -0.35      1.28      0.32  0.       -5023.308       6471.039       3314.966    0.000  -0.139   0.381   0.
  2017 352 22 30  1 511 352.937517494       0.37      2.39     -0.33  0.       -5024.000       6470.500       3313.416    0.000  -0.139   0.381   0.
  2017 352 22 30  2 511 352.937529068      -0.42      2.61     -0.20  0.       -5024.692       6469.960       3311.867    0.000  -0.139   0.381   0.
  2017 352 22 30  3 511 352.937540641      -0.78      2.36     -0.38  0.       -5025.383       6469.420       3310.316    0.000  -0.139   0.381   0.
  2017 352 22 30  4 511 352.937552214      -0.72      2.49     -0.59  0.       -5026.074       6468.879       3308.766    0.000  -0.139   0.381   0.
  2017 352 22 30  5 511 352.937563788      -0.74      2.14     -0.49  0.       -5026.765       6468.338       3307.216    0.000  -0.139   0.381   0.
  2017 352 22 30  6 511 352.937575362      -0.93      1.77     -0.27  0.       -5027.455       6467.797       3305.665    0.000  -0.139   0.381   0.
  2017 352 22 30  7 511 352.937586936      -1.02      1.39     -0.23  0.       -5028.145       6467.255       3304.114    0.000  -0.139   0.381   0.
  2017 352 22 30  8 511 352.937598510      -0.57      1.86     -0.74  0.       -5028.835       6466.713       3302.563    0.000  -0.139   0.381   0.
  2017 352 22 30  9 511 352.937610084      -0.58      1.68     -0.52  0.       -5029.525       6466.170       3301.011    0.000  -0.139   0.381   0.
  2017 352 22 30 10 511 352.937621658      -0.70      1.59     -0.33  0.       -5030.214       6465.627       3299.460    0.000  -0.139   0.381   0.
  2017 352 22 30 11 511 352.937633232      -0.74      1.35      0.22  0.       -5030.903       6465.084       3297.908    0.000  -0.139   0.381   0.
  2017 352 22 30 12 511 352.937644806      -0.74      1.83      0.53  0.       -5031.591       6464.540       3296.356    0.000  -0.139   0.381   0.
  2017 352 22 30 13 511 352.937656380      -0.85      2.01      0.49  0.       -5032.280       6463.996       3294.804    0.000  -0.139   0.381   0.
  2017 352 22 30 14 511 352.937667954      -0.94      2.19      0.53  0.       -5032.967       6463.452       3293.252    0.000  -0.139   0.381   0.
  2017 352 22 30 15 511 352.937679528      -0.82      1.84      0.57  0.       -5033.655       6462.907       3291.699    0.000  -0.139   0.381   0.
  2017 352 22 30 16 511 352.937691102      -0.77      1.91      0.22  0.       -5034.342       6462.361       3290.146    0.000  -0.139   0.381   0.
  2017 352 22 30 17 511 352.937702677      -0.61      1.92      0.01  0.       -5035.029       6461.815       3288.593    0.000  -0.139   0.381   0.
  2017 352 22 30 18 511 352.937714251      -0.57      1.88     -0.29  0.       -5035.716       6461.269       3287.040    0.000  -0.139   0.381   0.
  2017 352 22 30 19 511 352.937725825      -0.87      1.42     -0.48  0.       -5036.402       6460.723       3285.487    0.000  -0.139   0.381   0.
  2017 352 22 30 20 511 352.937737399      -1.38      1.71     -0.34  0.       -5037.088       6460.176       3283.933    0.000  -0.139   0.381   0.
  2017 352 22 30 21 511 352.937748973      -1.22      1.94     -0.12  0.       -5037.774       6459.628       3282.380    0.000  -0.139   0.381   0.
  2017 352 22 30 22 511 352.937760547      -1.22      1.93     -0.14  0.       -5038.460       6459.080       3280.826    0.000  -0.139   0.381   0.
  2017 352 22 30 23 511 352.937772121      -1.12      2.28      0.24  0.       -5039.145       6458.532       3279.271    0.000  -0.139   0.381   0.
  2017 352 22 30 24 511 352.937783695      -0.88      2.37      0.28  0.       -5039.829       6457.984       3277.717    0.000  -0.139   0.381   0.
  2017 352 22 30 25 511 352.937795269      -0.74      2.44     -0.18  0.       -5040.514       6457.435       3276.162    0.000  -0.139   0.381   0.
  2017 352 22 30 26 511 352.937806843      -0.60      1.70     -0.23  0.       -5041.198       6456.885       3274.608    0.000  -0.139   0.381   0.
  2017 352 22 30 27 511 352.937818417      -0.22      1.01     -0.04  0.       -5041.882       6456.335       3273.052    0.000  -0.139   0.381   0.
  2017 352 22 30 28 511 352.937829991      -0.52      0.73      0.54  0.       -5042.565       6455.785       3271.497    0.000  -0.139   0.381   0.
  2017 352 22 30 29 511 352.937841565      -0.16      1.20      0.68  0.       -5043.249       6455.235       3269.942    0.000  -0.139   0.381   0.
  2017 352 22 30 30 511 352.937853139      -0.12      1.97      0.31  0.       -5043.932       6454.683       3268.386    0.000  -0.139   0.381   0.
  2017 352 22 30 31 511 352.937864714      -0.16      2.46     -0.59  0.       -5044.614       6454.132       3266.830    0.000  -0.139   0.381   0.
  2017 352 22 30 32 511 352.937876288      -0.30      1.44     -0.87  0.       -5045.296       6453.580       3265.274    0.000  -0.139   0.381   0.
  2017 352 22 30 33 511 352.937887861      -0.94      1.20     -0.69  0.       -5045.978       6453.028       3263.718    0.000  -0.139   0.381   0.
  2017 352 22 30 34 511 352.937899433      -0.89      1.25     -0.63  0.       -5046.660       6452.475       3262.162    0.000  -0.139   0.381   0.
  2017 352 22 30 35 511 352.937911007      -0.73      1.29     -0.73  0.       -5047.341       6451.922       3260.605    0.000  -0.139   0.381   0.
  2017 352 22 30 36 510 352.937922581      -0.56      1.44     -1.09  0.       -5048.022       6451.369       3259.048    0.000  -0.139   0.381   0.
  2017 352 22 30 37 510 352.937934155      -0.92      1.53     -1.21  0.       -5048.703       6450.815       3257.491    0.000  -0.139   0.381   0.
  2017 352 22 30 38 510 352.937945729      -1.02      1.47     -1.20  0.       -5049.383       6450.261       3255.934    0.000  -0.139   0.381   0.
  2017 352 22 30 39 510 352.937957303      -0.89      1.67     -1.00  0.       -5050.064       6449.706       3254.376    0.000  -0.139   0.381   0.
  2017 352 22 30 40 510 352.937968877      -0.36      1.92     -1.08  0.       -5050.743       6449.151       3252.819    0.000  -0.139   0.381   0.
  2017 352 22 30 41 511 352.937980451      -0.09      2.10     -1.19  0.       -5051.423       6448.596       3251.261    0.000  -0.139   0.381   0.
  2017 352 22 30 42 511 352.937992025       0.07      2.21     -1.27  0.       -5052.102       6448.040       3249.703    0.000  -0.139   0.381   0.
  2017 352 22 30 43 510 352.938003600       0.24      2.23     -2.01  0.       -5052.781       6447.483       3248.144    0.000  -0.139   0.381   0.
  2017 352 22 30 44 510 352.938015174       0.06      1.95     -2.31  0.       -5053.459       6446.927       3246.586    0.000  -0.139   0.381   0.
  2017 352 22 30 45 511 352.938026748      -0.09      1.66     -2.26  0.       -5054.137       6446.370       3245.027    0.000  -0.139   0.381   0.
  2017 352 22 30 46 511 352.938038322      -0.26      1.46     -1.79  0.       -5054.815       6445.812       3243.468    0.000  -0.139   0.381   0.
  2017 352 22 30 47 511 352.938049896      -0.36      1.48     -1.22  0.       -5055.493       6445.254       3241.909    0.000  -0.139   0.381   0.
  2017 352 22 30 48 511 352.938061470      -0.36      1.28     -0.78  0.       -5056.170       6444.696       3240.350    0.000  -0.139   0.381   0.
  2017 352 22 30 49 511 352.938073044      -0.14      0.55     -1.10  0.       -5056.847       6444.137       3238.791    0.000  -0.139   0.381   0.
  2017 352 22 30 50 510 352.938084618      -0.03      0.15     -1.59  0.       -5057.523       6443.578       3237.231    0.000  -0.139   0.381   0.
  2017 352 22 30 51 510 352.938096192      -0.57      1.27     -1.32  0.       -5058.200       6443.019       3235.671    0.000  -0.139   0.381   0.
  2017 352 22 30 52 510 352.938107766      -0.71      2.55     -1.28  0.       -5058.876       6442.459       3234.111    0.000  -0.139   0.381   0.
  2017 352 22 30 53 510 352.938119340      -0.71      2.81     -1.18  0.       -5059.551       6441.898       3232.551    0.000  -0.139   0.381   0.
  2017 352 22 30 54 511 352.938130914      -0.43      2.39     -1.43  0.       -5060.227       6441.338       3230.990    0.000  -0.139   0.381   0.
  2017 352 22 30 55 511 352.938142488      -0.52      1.87     -1.54  0.       -5060.902       6440.777       3229.429    0.000  -0.139   0.381   0.
  2017 352 22 30 56 511 352.938154063      -0.53      1.76     -1.83  0.       -5061.576       6440.215       3227.868    0.000  -0.139   0.381   0.
  2017 352 22 30 57 510 352.938165637      -0.72      1.70     -2.07  0.       -5062.251       6439.653       3226.307    0.000  -0.139   0.381   0.
  2017 352 22 30 58 510 352.938177211      -0.84      1.89     -2.15  0.       -5062.925       6439.091       3224.746    0.000  -0.139   0.381   0.
  2017 352 22 30 59 511 352.938188785      -0.19      1.73     -2.30  0.       -5063.598       6438.528       3223.184    0.000  -0.139   0.381   0.
  2017 352 22 31  0 511 352.938200359       0.72      1.42     -2.37  0.       -5064.272       6437.965       3221.623    0.000  -0.139   0.381   0.
  2017 352 22 31  1 511 352.938211933       1.66      1.10     -2.79  0.       -5064.945       6437.402       3220.061    0.000  -0.139   0.381   0.
  2017 352 22 31  2 511 352.938223507       1.76      1.22     -2.80  0.       -5065.618       6436.838       3218.499    0.000  -0.139   0.381   0.
  2017 352 22 31  3 510 352.938235080       1.83      1.65     -1.90  0.       -5066.291       6436.273       3216.936    0.000  -0.139   0.381   0.
  2017 352 22 31  4 510 352.938246652       2.24      1.82     -1.63  0.       -5066.963       6435.709       3215.374    0.000  -0.139   0.381   0.
  2017 352 22 31  5 510 352.938258226       2.27      2.10     -1.48  0.       -5067.635       6435.143       3213.811    0.000  -0.139   0.381   0.
  2017 352 22 31  6 510 352.938269800       1.84      2.15     -1.37  0.       -5068.306       6434.578       3212.248    0.000  -0.139   0.381   0.
  2017 352 22 31  7 510 352.938281374       1.87      2.11     -1.31  0.       -5068.977       6434.012       3210.685    0.000  -0.139   0.381   0.
  2017 352 22 31  8 510 352.938292948       2.18      1.97     -1.85  0.       -5069.648       6433.445       3209.122    0.000  -0.139   0.381   0.
  2017 352 22 31  9 510 352.938304523       2.29      1.52     -2.15  0.       -5070.318       6432.879       3207.558    0.000  -0.139   0.381   0.
  2017 352 22 31 10 510 352.938316097       2.94      0.98     -2.14  0.       -5070.989       6432.312       3205.994    0.000  -0.139   0.381   0.
  2017 352 22 31 11 510 352.938327671       2.79      0.31     -1.82  0.       -5071.659       6431.744       3204.430    0.000  -0.139   0.381   0.
  2017 352 22 31 12 510 352.938339245       2.37      0.03     -1.52  0.       -5072.328       6431.176       3202.866    0.000  -0.139   0.381   0.
  2017 352 22 31 13 510 352.938350819       2.22      0.13     -1.21  0.       -5072.997       6430.608       3201.302    0.000  -0.139   0.381   0.
  2017 352 22 31 14 510 352.938362393       2.32      0.24     -1.17  0.       -5073.666       6430.039       3199.737    0.000  -0.139   0.381   0.
  2017 352 22 31 15 510 352.938373967       2.41      0.01     -1.45  0.       -5074.335       6429.470       3198.172    0.000  -0.139   0.381   0.
  2017 352 22 31 16 510 352.938385541       2.00     -0.52     -2.11  0.       -5075.003       6428.900       3196.608    0.000  -0.139   0.381   0.
  2017 352 22 31 17 510 352.938397115       2.04     -0.68     -2.57  0.       -5075.671       6428.330       3195.042    0.000  -0.139   0.381   0.
  2017 352 22 31 18 510 352.938408689       2.33     -0.45     -2.90  0.       -5076.339       6427.760       3193.477    0.000  -0.139   0.381   0.
  2017 352 22 31 19 510 352.938420263       2.40     -0.03     -3.15  0.       -5077.006       6427.189       3191.911    0.000  -0.139   0.381   0.
  2017 352 22 31 20 510 352.938431837       2.32      0.32     -2.92  0.       -5077.673       6426.617       3190.346    0.000  -0.139   0.381   0.
  2017 352 22 31 21 510 352.938443411       2.32      0.14     -2.81  0.       -5078.340       6426.046       3188.780    0.000  -0.139   0.381   0.
  2017 352 22 31 22 510 352.938454986       2.14      0.15     -2.64  0.       -5079.006       6425.474       3187.214    0.000  -0.139   0.381   0.
  2017 352 22 31 23 510 352.938466560       1.93      0.48     -2.45  0.       -5079.672       6424.901       3185.647    0.000  -0.139   0.381   0.
  2017 352 22 31 24 510 352.938478134       1.59      0.40     -2.38  0.       -5080.338       6424.329       3184.081    0.000  -0.139   0.381   0.
  2017 352 22 31 25 510 352.938489708       1.59      0.85     -2.29  0.       -5081.004       6423.755       3182.514    0.000  -0.139   0.381   0.
  2017 352 22 31 26 510 352.938501282       1.25      1.54     -2.09  0.       -5081.669       6423.182       3180.947    0.000  -0.139   0.381   0.
  2017 352 22 31 27 510 352.938512856       0.95      1.61     -1.99  0.       -5082.334       6422.608       3179.380    0.000  -0.139   0.381   0.
  2017 352 22 31 28 510 352.938524430       1.07      1.32     -2.06  0.       -5082.998       6422.033       3177.812    0.000  -0.139   0.381   0.
  2017 352 22 31 29 510 352.938536004       1.02      1.36     -2.36  0.       -5083.662       6421.458       3176.244    0.000  -0.139   0.381   0.
  2017 352 22 31 30 510 352.938547578       1.20      1.41     -2.14  0.       -5084.326       6420.883       3174.676    0.000  -0.139   0.381   0.
  2017 352 22 31 31 510 352.938559152       1.60      1.38     -2.22  0.       -5084.990       6420.307       3173.109    0.000  -0.139   0.381   0.
  2017 352 22 31 32 510 352.938570726       1.44      1.27     -2.42  0.       -5085.653       6419.731       3171.540    0.000  -0.139   0.381   0.
  2017 352 22 31 33 510 352.938582299       1.43      0.96     -2.63  0.       -5086.316       6419.155       3169.972    0.000  -0.139   0.381   0.
  2017 352 22 31 34 510 352.938593871       1.17      1.40     -2.57  0.       -5086.978       6418.578       3168.404    0.000  -0.139   0.381   0.
  2017 352 22 31 35 510 352.938605446       0.95      1.26     -2.32  0.       -5087.640       6418.000       3166.835    0.000  -0.139   0.381   0.
  2017 352 22 31 36 510 352.938617020       1.29      0.78     -2.40  0.       -5088.302       6417.423       3165.266    0.000  -0.139   0.381   0.
  2017 352 22 31 37 510 352.938628594       1.72      0.65     -2.48  0.       -5088.964       6416.845       3163.697    0.000  -0.139   0.381   0.
  2017 352 22 31 38 510 352.938640168       1.78      0.82     -2.69  0.       -5089.625       6416.266       3162.128    0.000  -0.139   0.381   0.
  2017 352 22 31 39 510 352.938651742       1.89      1.06     -2.53  0.       -5090.286       6415.687       3160.558    0.000  -0.139   0.381   0.
  2017 352 22 31 40 510 352.938663316       1.05      1.60     -1.49  0.       -5090.947       6415.108       3158.988    0.000  -0.139   0.381   0.
  2017 352 22 31 41 510 352.938674890       0.76      1.64     -0.67  0.       -5091.607       6414.528       3157.418    0.000  -0.139   0.381   0.
  2017 352 22 31 42 510 352.938686464       0.85      1.03     -0.57  0.       -5092.267       6413.948       3155.848    0.000  -0.139   0.381   0.
  2017 352 22 31 43 510 352.938698038       0.71      1.31     -0.35  0.       -5092.926       6413.367       3154.278    0.000  -0.139   0.381   0.
  2017 352 22 31 44 510 352.938709612       0.86      1.46     -0.89  0.       -5093.586       6412.786       3152.707    0.000  -0.139   0.381   0.
  2017 352 22 31 45 510 352.938721186       0.98      1.57     -1.50  0.       -5094.245       6412.205       3151.136    0.000  -0.139   0.381   0.
  2017 352 22 31 46 510 352.938732760       1.58      2.22     -1.97  0.       -5094.903       6411.623       3149.565    0.000  -0.139   0.381   0.
  2017 352 22 31 47 510 352.938744335       2.43      2.03     -2.17  0.       -5095.562       6411.041       3147.994    0.000  -0.139   0.381   0.
  2017 352 22 31 48 510 352.938755909       2.35      1.53     -2.63  0.       -5096.220       6410.458       3146.423    0.000  -0.139   0.381   0.
  2017 352 22 31 49 510 352.938767483       1.88      0.90     -2.70  0.       -5096.878       6409.875       3144.851    0.000  -0.139   0.381   0.
  2017 352 22 31 50 510 352.938779057       1.52      0.99     -2.15  0.       -5097.535       6409.292       3143.279    0.000  -0.139   0.381   0.
  2017 352 22 31 51 510 352.938790631       1.27      0.78     -1.65  0.       -5098.192       6408.708       3141.707    0.000  -0.139   0.381   0.
  2017 352 22 31 52 510 352.938802205       1.44      0.58     -1.05  0.       -5098.849       6408.124       3140.135    0.000  -0.139   0.381   0.
  2017 352 22 31 53 510 352.938813779       1.35      0.50     -0.96  0.       -5099.505       6407.539       3138.563    0.000  -0.139   0.381   0.
  2017 352 22 31 54 510 352.938825353       1.34      0.47     -1.01  0.       -5100.161       6406.954       3136.990    0.000  -0.139   0.381   0.
  2017 352 22 31 55 510 352.938836927       0.94      0.69     -1.61  0.       -5100.817       6406.369       3135.418    0.000  -0.139   0.381   0.
  2017 352 22 31 56 510 352.938848501       1.10      0.69     -1.86  0.       -5101.472       6405.783       3133.845    0.000  -0.139   0.381   0.
  2017 352 22 31 57 510 352.938860075       1.05      0.65     -2.08  0.       -5102.128       6405.197       3132.271    0.000  -0.139   0.381   0.
  2017 352 22 31 58 510 352.938871649       1.28      0.77     -2.40  0.       -5102.782       6404.610       3130.698    0.000  -0.139   0.381   0.
  2017 352 22 31 59 510 352.938883223       1.42      0.87     -2.60  0.       -5103.437       6404.023       3129.124    0.000  -0.139   0.381   0.
  2017 352 22 32  0 510 352.938894798       2.10      0.86     -2.45  0.       -5104.091       6403.435       3127.551    0.000  -0.139   0.381   0.
  2017 352 22 32  1 510 352.938906372       2.35      0.93     -3.00  0.       -5104.745       6402.848       3125.977    0.000  -0.139   0.381   0.
  2017 352 22 32  2 510 352.938917946       2.55      1.28     -3.09  0.       -5105.398       6402.259       3124.403    0.000  -0.139   0.381   0.
  2017 352 22 32  3 510 352.938929519       2.43      1.72     -3.04  0.       -5106.051       6401.671       3122.828    0.000  -0.139   0.381   0.
  2017 352 22 32  4 510 352.938941091       2.36      2.09     -2.62  0.       -5106.704       6401.081       3121.254    0.000  -0.139   0.381   0.
  2017 352 22 32  5 510 352.938952665       2.24      1.60     -2.83  0.       -5107.357       6400.492       3119.679    0.000  -0.139   0.381   0.
  2017 352 22 32  6 510 352.938964239       2.06      1.68     -2.88  0.       -5108.009       6399.902       3118.104    0.000  -0.139   0.381   0.
  2017 352 22 32  7 510 352.938975813       1.66      1.93     -2.63  0.       -5108.661       6399.312       3116.529    0.000  -0.139   0.381   0.
  2017 352 22 32  8 510 352.938987387       1.11      2.04     -2.04  0.       -5109.312       6398.721       3114.953    0.000  -0.139   0.381   0.
  2017 352 22 32  9 510 352.938998961       1.24      1.96     -1.84  0.       -5109.964       6398.130       3113.378    0.000  -0.139   0.381   0.
  2017 352 22 32 10 510 352.939010535       1.38      1.76     -1.58  0.       -5110.615       6397.538       3111.802    0.000  -0.139   0.381   0.
  2017 352 22 32 11 510 352.939022109       1.41      1.51     -1.48  0.       -5111.265       6396.946       3110.226    0.000  -0.139   0.381   0.
  2017 352 22 32 12 510 352.939033683       1.47      1.74     -1.57  0.       -5111.915       6396.354       3108.650    0.000  -0.139   0.381   0.
  2017 352 22 32 13 510 352.939045258       1.33      1.93     -1.78  0.       -5112.565       6395.761       3107.074    0.000  -0.139   0.381   0.
  2017 352 22 32 14 510 352.939056832       1.10      1.84     -1.95  0.       -5113.215       6395.168       3105.497    0.000  -0.139   0.381   0.
  2017 352 22 32 15 510 352.939068406       1.06      1.64     -1.57  0.       -5113.864       6394.574       3103.920    0.000  -0.139   0.381   0.
  2017 352 22 32 16 510 352.939079980       1.07      1.97     -1.79  0.       -5114.513       6393.980       3102.343    0.000  -0.139   0.381   0.
  2017 352 22 32 17 510 352.939091554       0.64      1.46     -1.78  0.       -5115.162       6393.386       3100.766    0.000  -0.139   0.381   0.
  2017 352 22 32 18 510 352.939103128       0.60      1.18     -1.75  0.       -5115.810       6392.791       3099.189    0.000  -0.139   0.381   0.
  2017 352 22 32 19 510 352.939114702       0.47      1.02     -1.41  0.       -5116.458       6392.196       3097.611    0.000  -0.139   0.381   0.
  2017 352 22 32 20 510 352.939126276       0.77      1.25     -1.35  0.       -5117.105       6391.600       3096.034    0.000  -0.139   0.381   0.
  2017 352 22 32 21 510 352.939137850       0.90      1.23     -1.82  0.       -5117.753       6391.004       3094.456    0.000  -0.139   0.381   0.
  2017 352 22 32 22 510 352.939149424       0.64      1.00     -1.90  0.       -5118.400       6390.408       3092.877    0.000  -0.139   0.381   0.
  2017 352 22 32 23 510 352.939160998       0.46      1.25     -1.46  0.       -5119.046       6389.811       3091.299    0.000  -0.139   0.381   0.
  2017 352 22 32 24 510 352.939172572      -0.38      1.50     -0.78  0.       -5119.693       6389.214       3089.721    0.000  -0.139   0.381   0.
  2017 352 22 32 25 510 352.939184146      -0.57      1.01     -0.48  0.       -5120.339       6388.616       3088.142    0.000  -0.139   0.381   0.
  2017 352 22 32 26 510 352.939195721       0.26      1.03     -0.91  0.       -5120.984       6388.018       3086.563    0.000  -0.139   0.381   0.
  2017 352 22 32 27 510 352.939207295       0.47      0.90     -1.24  0.       -5121.630       6387.419       3084.984    0.000  -0.139   0.381   0.
  2017 352 22 32 28 510 352.939218869       0.31      0.73     -1.38  0.       -5122.275       6386.821       3083.404    0.000  -0.139   0.381   0.
  2017 352 22 32 29 510 352.939230443       0.28      0.96     -1.57  0.       -5122.919       6386.221       3081.825    0.000  -0.139   0.381   0.
  2017 352 22 32 30 510 352.939242017       0.47      0.99     -1.58  0.       -5123.564       6385.621       3080.245    0.000  -0.139   0.381   0.
  2017 352 22 32 31 510 352.939253591       0.54      1.05     -1.52  0.       -5124.208       6385.021       3078.665    0.000  -0.139   0.381   0.
  2017 352 22 32 32 510 352.939265165       0.65      1.14     -1.59  0.       -5124.852       6384.421       3077.085    0.000  -0.139   0.381   0.
  2017 352 22 32 33 509 352.939276738       0.19      1.57     -1.34  0.       -5125.495       6383.820       3075.505    0.000  -0.139   0.381   0.
  2017 352 22 32 34 509 352.939288310      -0.27      1.81     -1.36  0.       -5126.138       6383.219       3073.924    0.000  -0.138   0.380   0.
  2017 352 22 32 35 509 352.939299884      -0.44      1.77     -1.42  0.       -5126.781       6382.617       3072.344    0.000  -0.138   0.380   0.
  2017 352 22 32 36 509 352.939311458      -0.37      1.56     -1.40  0.       -5127.423       6382.015       3070.763    0.000  -0.139   0.381   0.
  2017 352 22 32 37 510 352.939323032       0.03      1.33     -1.37  0.       -5128.065       6381.412       3069.182    0.000  -0.139   0.381   0.
  2017 352 22 32 38 510 352.939334607      -0.06      1.54     -1.34  0.       -5128.707       6380.809       3067.600    0.000  -0.138   0.380   0.
  2017 352 22 32 39 509 352.939346181      -0.07      1.68     -1.37  0.       -5129.348       6380.206       3066.019    0.000  -0.138   0.380   0.
  2017 352 22 32 40 509 352.939357755      -0.14      1.43     -1.54  0.       -5129.989       6379.602       3064.437    0.000  -0.138   0.380   0.
  2017 352 22 32 41 510 352.939369329      -0.04      1.18     -1.49  0.       -5130.630       6378.998       3062.855    0.000  -0.138   0.380   0.
  2017 352 22 32 42 510 352.939380903       0.15      1.15     -1.49  0.       -5131.270       6378.393       3061.273    0.000  -0.138   0.380   0.
  2017 352 22 32 43 510 352.939392477       0.07      1.23     -1.55  0.       -5131.911       6377.788       3059.691    0.000  -0.138   0.380   0.
  2017 352 22 32 44 510 352.939404051      -0.01      1.48     -1.65  0.       -5132.550       6377.183       3058.109    0.000  -0.138   0.380   0.
  2017 352 22 32 45 510 352.939415625      -0.05      1.92     -1.65  0.       -5133.190       6376.577       3056.526    0.000  -0.138   0.380   0.
  2017 352 22 32 46 509 352.939427199      -0.29      2.35     -1.64  0.       -5133.829       6375.971       3054.943    0.000  -0.138   0.380   0.
  2017 352 22 32 47 509 352.939438773       0.04      1.84     -1.58  0.       -5134.468       6375.364       3053.360    0.000  -0.138   0.380   0.
  2017 352 22 32 48 509 352.939450347       0.45      1.77     -2.06  0.       -5135.106       6374.757       3051.777    0.000  -0.138   0.379   0.
  2017 352 22 32 49 509 352.939461921       0.69      1.61     -1.95  0.       -5135.744       6374.150       3050.193    0.000  -0.138   0.379   0.
  2017 352 22 32 50 510 352.939473495       0.59      1.61     -1.59  0.       -5136.382       6373.542       3048.610    0.000  -0.138   0.379   0.
  2017 352 22 32 51 510 352.939485069       0.45      1.72     -1.18  0.       -5137.019       6372.933       3047.026    0.000  -0.138   0.379   0.
  2017 352 22 32 52 509 352.939496644       0.41      1.93     -1.33  0.       -5137.656       6372.324       3045.442    0.000  -0.138   0.379   0.
  2017 352 22 32 53 509 352.939508218       0.55      1.88     -1.65  0.       -5138.293       6371.715       3043.858    0.000  -0.138   0.379   0.
  2017 352 22 32 54 510 352.939519792       0.43      1.82     -1.80  0.       -5138.930       6371.106       3042.273    0.000  -0.138   0.378   0.
  2017 352 22 32 55 510 352.939531366       0.18      1.61     -1.60  0.       -5139.566       6370.496       3040.689    0.000  -0.138   0.378   0.
  2017 352 22 32 56 510 352.939542940       0.16      1.40     -1.71  0.       -5140.202       6369.886       3039.104    0.000  -0.138   0.379   0.
  2017 352 22 32 57 510 352.939554514       0.14      1.72     -1.79  0.       -5140.837       6369.275       3037.519    0.000  -0.138   0.379   0.
  2017 352 22 32 58 510 352.939566088       0.08      1.43     -1.64  0.       -5141.472       6368.664       3035.933    0.000  -0.138   0.378   0.
  2017 352 22 32 59 509 352.939577662       0.11      1.18     -1.55  0.       -5142.107       6368.052       3034.348    0.000  -0.138   0.378   0.
  2017 352 22 33  0 509 352.939589236      -0.20      1.24     -1.43  0.       -5142.742       6367.440       3032.762    0.000  -0.138   0.378   0.
  2017 352 22 33  1 509 352.939600810       0.31      1.38     -1.50  0.       -5143.376       6366.828       3031.177    0.000  -0.138   0.378   0.
  2017 352 22 33  2 509 352.939612384       0.21      1.70     -1.38  0.       -5144.010       6366.215       3029.591    0.000  -0.137   0.378   0.
  2017 352 22 33  3 509 352.939623957      -0.48      1.74     -0.77  0.       -5144.643       6365.602       3028.005    0.000  -0.137   0.378   0.
  2017 352 22 33  4 509 352.939635530      -0.82      1.65     -0.54  0.       -5145.276       6364.988       3026.418    0.000  -0.137   0.378   0.
  2017 352 22 33  5 509 352.939647104      -0.91      1.30     -0.83  0.       -5145.909       6364.374       3024.832    0.000  -0.137   0.378   0.
  2017 352 22 33  6 509 352.939658678      -0.78      1.76     -1.07  0.       -5146.541       6363.759       3023.245    0.000  -0.137   0.377   0.
  2017 352 22 33  7 509 352.939670252      -0.63      1.57     -1.22  0.       -5147.174       6363.145       3021.658    0.000  -0.137   0.377   0.
  2017 352 22 33  8 509 352.939681826      -0.49      1.65     -1.16  0.       -5147.805       6362.529       3020.071    0.000  -0.137   0.377   0.
  2017 352 22 33  9 509 352.939693400      -0.37      1.59     -1.25  0.       -5148.437       6361.914       3018.483    0.000  -0.137   0.377   0.
  2017 352 22 33 10 509 352.939704974      -0.15      1.26     -1.34  0.       -5149.068       6361.297       3016.896    0.000  -0.137   0.377   0.
  2017 352 22 33 11 509 352.939716548      -0.33      1.03     -1.41  0.       -5149.699       6360.681       3015.308    0.000  -0.137   0.377   0.
  2017 352 22 33 12 509 352.939728122      -0.60      1.11     -1.05  0.       -5150.329       6360.064       3013.720    0.000  -0.137   0.376   0.
  2017 352 22 33 13 509 352.939739696      -0.14      0.76     -1.02  0.       -5150.960       6359.447       3012.132    0.000  -0.137   0.376   0.
  2017 352 22 33 14 509 352.939751270       0.35      0.51     -1.15  0.       -5151.589       6358.829       3010.544    0.000  -0.137   0.376   0.
  2017 352 22 33 15 509 352.939762844       0.32      0.59     -1.50  0.       -5152.219       6358.211       3008.955    0.000  -0.137   0.376   0.
  2017 352 22 33 16 509 352.939774418      -0.07      0.90     -1.90  0.       -5152.848       6357.592       3007.366    0.000  -0.137   0.375   0.
  2017 352 22 33 17 509 352.939785992      -0.22      0.88     -1.83  0.       -5153.477       6356.973       3005.777    0.000  -0.137   0.375   0.
  2017 352 22 33 18 509 352.939797567       0.06      0.91     -1.78  0.       -5154.105       6356.354       3004.188    0.000  -0.137   0.375   0.
  2017 352 22 33 19 509 352.939809141       0.24      0.74     -1.53  0.       -5154.734       6355.734       3002.599    0.000  -0.137   0.375   0.
  2017 352 22 33 20 509 352.939820715       0.20      1.22     -1.80  0.       -5155.361       6355.114       3001.009    0.000  -0.136   0.375   0.
  2017 352 22 33 21 509 352.939832289       0.19      1.58     -2.60  0.       -5155.989       6354.493       2999.420    0.000  -0.136   0.375   0.
  2017 352 22 33 22 509 352.939843863       0.79      1.22     -3.08  0.       -5156.616       6353.872       2997.830    0.000  -0.136   0.375   0.
  2017 352 22 33 23 509 352.939855437       1.12      0.87     -2.80  0.       -5157.243       6353.251       2996.240    0.000  -0.136   0.375   0.
  2017 352 22 33 24 509 352.939867011       1.28      1.03     -3.05  0.       -5157.869       6352.629       2994.649    0.000  -0.136   0.374   0.
  2017 352 22 33 25 509 352.939878585       1.44      1.02     -3.28  0.       -5158.495       6352.007       2993.059    0.000  -0.136   0.374   0.
  2017 352 22 33 26 509 352.939890159       1.35      1.19     -3.66  0.       -5159.121       6351.384       2991.468    0.000  -0.136   0.374   0.
  2017 352 22 33 27 509 352.939901733       1.41      1.44     -3.77  0.       -5159.747       6350.761       2989.878    0.000  -0.136   0.374   0.
  2017 352 22 33 28 509 352.939913307       1.13      1.17     -3.48  0.       -5160.372       6350.138       2988.287    0.000  -0.136   0.373   0.
  2017 352 22 33 29 509 352.939924881       0.93      1.03     -3.18  0.       -5160.997       6349.513       2986.695    0.000  -0.136   0.373   0.
  2017 352 22 33 30 509 352.939936455       0.57      1.03     -2.92  0.       -5161.621       6348.889       2985.104    0.000  -0.136   0.372   0.
  2017 352 22 33 31 509 352.939948030       0.40      1.21     -2.49  0.       -5162.246       6348.265       2983.512    0.000  -0.136   0.372   0.
  2017 352 22 33 32 509 352.939959604       0.40      1.02     -2.28  0.       -5162.869       6347.639       2981.920    0.000  -0.135   0.372   0.
  2017 352 22 33 33 509 352.939971177       0.55      0.82     -2.35  0.       -5163.493       6347.014       2980.328    0.000  -0.135   0.372   0.
  2017 352 22 33 34 509 352.939982749       1.07      0.37     -2.20  0.       -5164.116       6346.388       2978.736    0.000  -0.135   0.372   0.
  2017 352 22 33 35 509 352.939994323       1.38      0.27     -2.03  0.       -5164.739       6345.762       2977.144    0.000  -0.135   0.372   0.
  2017 352 22 33 36 509 352.940005897       1.55      0.88     -2.30  0.       -5165.361       6345.135       2975.551    0.000  -0.135   0.371   0.
  2017 352 22 33 37 509 352.940017471       1.63      1.04     -2.19  0.       -5165.983       6344.508       2973.958    0.000  -0.135   0.371   0.
  2017 352 22 33 38 509 352.940029045       1.80      0.65     -2.31  0.       -5166.605       6343.880       2972.365    0.000  -0.135   0.370   0.
  2017 352 22 33 39 509 352.940040619       1.79      0.60     -2.36  0.       -5167.227       6343.252       2970.772    0.000  -0.135   0.370   0.
  2017 352 22 33 40 509 352.940052193       1.65      0.70     -2.40  0.       -5167.848       6342.624       2969.179    0.000  -0.135   0.370   0.
  2017 352 22 33 41 509 352.940063767       1.73      0.57     -2.28  0.       -5168.468       6341.995       2967.585    0.000  -0.135   0.370   0.
  2017 352 22 33 42 509 352.940075341       1.40      0.52     -2.43  0.       -5169.089       6341.365       2965.991    0.000  -0.134   0.369   0.
  2017 352 22 33 43 509 352.940086916       1.21      0.72     -2.67  0.       -5169.709       6340.736       2964.398    0.000  -0.134   0.369   0.
  2017 352 22 33 44 509 352.940098490       1.27      0.91     -2.45  0.       -5170.329       6340.106       2962.803    0.000  -0.134   0.369   0.
  2017 352 22 33 45 509 352.940110064       1.37      0.83     -2.40  0.       -5170.948       6339.475       2961.209    0.000  -0.134   0.369   0.
  2017 352 22 33 46 509 352.940121638       1.34      0.92     -2.61  0.       -5171.568       6338.844       2959.614    0.000  -0.134   0.368   0.
  2017 352 22 33 47 509 352.940133212       1.41      0.98     -2.82  0.       -5172.186       6338.213       2958.020    0.000  -0.134   0.368   0.
  2017 352 22 33 48 509 352.940144786       1.69      0.83     -2.87  0.       -5172.805       6337.581       2956.425    0.000  -0.134   0.368   0.
  2017 352 22 33 49 509 352.940156360       1.66      0.83     -3.13  0.       -5173.423       6336.949       2954.830    0.000  -0.134   0.368   0.
  2017 352 22 33 50 509 352.940167934       1.24      1.44     -3.45  0.       -5174.041       6336.317       2953.235    0.000  -0.134   0.367   0.
  2017 352 22 33 51 509 352.940179508       0.89      1.52     -3.36  0.       -5174.658       6335.684       2951.639    0.000  -0.134   0.367   0.
  2017 352 22 33 52 509 352.940191082       0.25      1.73     -2.79  0.       -5175.275       6335.050       2950.043    0.000  -0.134   0.367   0.
  2017 352 22 33 53 509 352.940202656       0.44      2.02     -2.39  0.       -5175.892       6334.416       2948.448    0.000  -0.134   0.367   0.
  2017 352 22 33 54 509 352.940214230       0.93      1.85     -2.79  0.       -5176.508       6333.782       2946.851    0.000  -0.133   0.366   0.
  2017 352 22 33 55 509 352.940225804       0.70      2.14     -2.85  0.       -5177.124       6333.148       2945.255    0.000  -0.133   0.366   0.
  2017 352 22 33 56 509 352.940237379       0.29      2.46     -2.83  0.       -5177.740       6332.513       2943.659    0.000  -0.133   0.365   0.
  2017 352 22 33 57 509 352.940248953       0.60      2.21     -3.11  0.       -5178.356       6331.877       2942.062    0.000  -0.133   0.365   0.
  2017 352 22 33 58 509 352.940260527       1.45      1.95     -3.03  0.       -5178.971       6331.241       2940.465    0.000  -0.133   0.365   0.
  2017 352 22 33 59 509 352.940272101       1.54      1.73     -2.71  0.       -5179.585       6330.605       2938.868    0.000  -0.133   0.365   0.
  2017 352 22 34  0 509 352.940283675       1.68      1.39     -2.47  0.       -5180.200       6329.968       2937.271    0.000  -0.133   0.365   0.
  2017 352 22 34  1 509 352.940295249       1.71      1.50     -2.15  0.       -5180.814       6329.331       2935.674    0.000  -0.133   0.364   0.
  2017 352 22 34  2 509 352.940306823       1.64      1.67     -1.99  0.       -5181.428       6328.694       2934.076    0.000  -0.132   0.363   0.
  2017 352 22 34  3 509 352.940318396       1.33      1.46     -2.09  0.       -5182.041       6328.056       2932.478    0.000  -0.132   0.363   0.
  2017 352 22 34  4 509 352.940329968       1.20      1.15     -2.19  0.       -5182.654       6327.417       2930.880    0.000  -0.132   0.363   0.
  2017 352 22 34  5 509 352.940341542       1.27      0.98     -2.16  0.       -5183.267       6326.779       2929.282    0.000  -0.132   0.363   0.
  2017 352 22 34  6 509 352.940353116       1.22      0.74     -1.66  0.       -5183.879       6326.140       2927.684    0.000  -0.132   0.363   0.
  2017 352 22 34  7 509 352.940364690       1.02      0.83     -1.74  0.       -5184.491       6325.500       2926.085    0.000  -0.132   0.363   0.
  2017 352 22 34  8 509 352.940376264       0.98      1.19     -2.08  0.       -5185.103       6324.860       2924.486    0.000  -0.132   0.362   0.
  2017 352 22 34  9 509 352.940387839       0.73      1.38     -1.92  0.       -5185.714       6324.220       2922.887    0.000  -0.132   0.362   0.
  2017 352 22 34 10 509 352.940399413       0.48      1.40     -1.67  0.       -5186.325       6323.579       2921.288    0.000  -0.131   0.361   0.
  2017 352 22 34 11 509 352.940410987       0.53      1.42     -1.98  0.       -5186.936       6322.938       2919.689    0.000  -0.131   0.361   0.
  2017 352 22 34 12 509 352.940422561       0.76      1.55     -1.91  0.       -5187.546       6322.296       2918.089    0.000  -0.131   0.361   0.
  2017 352 22 34 13 509 352.940434135       0.77      1.36     -1.73  0.       -5188.156       6321.654       2916.490    0.000  -0.131   0.361   0.
  2017 352 22 34 14 509 352.940445709       0.65      0.92     -1.59  0.       -5188.766       6321.011       2914.890    0.000  -0.131   0.360   0.
  2017 352 22 34 15 509 352.940457283       0.53      1.00     -1.84  0.       -5189.375       6320.368       2913.290    0.000  -0.131   0.360   0.
  2017 352 22 34 16 509 352.940468857       0.48      1.06     -2.24  0.       -5189.984       6319.725       2911.690    0.000  -0.131   0.360   0.
  2017 352 22 34 17 509 352.940480431       0.10      0.83     -2.25  0.       -5190.593       6319.081       2910.089    0.000  -0.131   0.360   0.
  2017 352 22 34 18 509 352.940492005       0.37      0.68     -1.69  0.       -5191.202       6318.437       2908.488    0.000  -0.131   0.359   0.
  2017 352 22 34 19 509 352.940503579       1.05      0.69     -1.71  0.       -5191.809       6317.793       2906.888    0.000  -0.131   0.359   0.
  2017 352 22 34 20 509 352.940515153       1.25      0.50     -2.20  0.       -5192.417       6317.148       2905.286    0.000  -0.130   0.358   0.
  2017 352 22 34 21 509 352.940526727       1.16      0.63     -2.47  0.       -5193.024       6316.502       2903.685    0.000  -0.130   0.358   0.
  2017 352 22 34 22 509 352.940538302       1.13      0.67     -2.77  0.       -5193.631       6315.857       2902.084    0.000  -0.130   0.357   0.
  2017 352 22 34 23 509 352.940549876       1.67      0.79     -3.31  0.       -5194.238       6315.211       2900.482    0.000  -0.130   0.357   0.
  2017 352 22 34 24 509 352.940561450       2.77      0.65     -3.14  0.       -5194.844       6314.564       2898.880    0.000  -0.130   0.357   0.
  2017 352 22 34 25 509 352.940573024       3.63      0.59     -2.67  0.       -5195.450       6313.917       2897.278    0.000  -0.130   0.357   0.
  2017 352 22 34 26 509 352.940584598       3.67      0.87     -2.58  0.       -5196.055       6313.269       2895.676    0.000  -0.130   0.357   0.
  2017 352 22 34 27 509 352.940596172       3.53      0.89     -2.78  0.       -5196.661       6312.621       2894.074    0.000  -0.130   0.357   0.
  2017 352 22 34 28 509 352.940607746       4.13      1.18     -2.75  0.       -5197.265       6311.973       2892.471    0.000  -0.129   0.356   0.
  2017 352 22 34 29 509 352.940619320       3.81      1.38     -2.30  0.       -5197.870       6311.325       2890.869    0.000  -0.129   0.356   0.
  2017 352 22 34 30 509 352.940630894       2.91      1.83     -1.76  0.       -5198.474       6310.676       2889.266    0.000  -0.129   0.355   0.
  2017 352 22 34 31 509 352.940642468       1.78      1.57     -1.77  0.       -5199.078       6310.026       2887.662    0.000  -0.129   0.355   0.
  2017 352 22 34 32 509 352.940654042       1.93      1.33     -2.00  0.       -5199.682       6309.376       2886.059    0.000  -0.129   0.355   0.
  2017 352 22 34 33 509 352.940665616       2.21      0.77     -1.42  0.       -5200.285       6308.726       2884.456    0.000  -0.129   0.355   0.
  2017 352 22 34 34 509 352.940677190       2.38      0.84     -1.59  0.       -5200.888       6308.075       2882.852    0.000  -0.129   0.354   0.
  2017 352 22 34 35 508 352.940688763       2.50      0.97     -1.78  0.       -5201.490       6307.424       2881.248    0.000  -0.129   0.354   0.
  2017 352 22 34 36 509 352.940700336       3.00      1.93     -1.71  0.       -5202.092       6306.772       2879.644    0.000  -0.129   0.353   0.
  2017 352 22 34 37 509 352.940711910       2.42      2.46     -1.80  0.       -5202.694       6306.120       2878.040    0.000  -0.129   0.353   0.
  2017 352 22 34 38 509 352.940723484       1.62      2.28     -1.85  0.       -5203.296       6305.468       2876.435    0.000  -0.128   0.353   0.
  2017 352 22 34 39 509 352.940735058       1.78      2.12     -1.78  0.       -5203.897       6304.815       2874.831    0.000  -0.128   0.353   0.
  2017 352 22 34 40 509 352.940746632       1.75      1.79     -1.64  0.       -5204.498       6304.162       2873.226    0.000  -0.128   0.352   0.
  2017 352 22 34 41 508 352.940758206       1.20      1.06     -1.62  0.       -5205.098       6303.508       2871.621    0.000  -0.128   0.352   0.
  2017 352 22 34 42 508 352.940769780       0.86      1.17     -1.70  0.       -5205.698       6302.854       2870.016    0.000  -0.128   0.351   0.
  2017 352 22 34 43 508 352.940781354       0.56      1.36     -1.37  0.       -5206.298       6302.200       2868.410    0.000  -0.128   0.351   0.
  2017 352 22 34 44 508 352.940792928      -0.14      1.81     -1.51  0.       -5206.897       6301.545       2866.805    0.000  -0.128   0.351   0.
  2017 352 22 34 45 508 352.940804502      -0.20      2.14     -2.08  0.       -5207.496       6300.889       2865.199    0.000  -0.128   0.351   0.
  2017 352 22 34 46 509 352.940816076      -0.10      1.92     -1.88  0.       -5208.095       6300.234       2863.593    0.000  -0.127   0.350   0.
  2017 352 22 34 47 509 352.940827650       0.30      1.10     -1.07  0.       -5208.694       6299.577       2861.987    0.000  -0.127   0.350   0.
  2017 352 22 34 48 508 352.940839225       0.12      0.81     -1.69  0.       -5209.292       6298.921       2860.380    0.000  -0.127   0.349   0.
  2017 352 22 34 49 508 352.940850799      -0.41      1.03     -1.61  0.       -5209.889       6298.264       2858.774    0.000  -0.127   0.349   0.
  2017 352 22 34 50 509 352.940862373       0.26      1.50     -1.57  0.       -5210.487       6297.607       2857.167    0.000  -0.127   0.349   0.
  2017 352 22 34 51 509 352.940873947       0.97      1.52     -1.99  0.       -5211.084       6296.949       2855.560    0.000  -0.127   0.349   0.
  2017 352 22 34 52 509 352.940885521       1.39      1.51     -2.44  0.       -5211.680       6296.291       2853.953    0.000  -0.127   0.348   0.
  2017 352 22 34 53 509 352.940897095       1.21      1.70     -2.20  0.       -5212.277       6295.632       2852.346    0.000  -0.127   0.348   0.
  2017 352 22 34 54 509 352.940908669       0.80      1.79     -1.50  0.       -5212.873       6294.973       2850.738    0.000  -0.126   0.347   0.
  2017 352 22 34 55 508 352.940920243       0.30      1.60     -0.88  0.       -5213.468       6294.313       2849.131    0.000  -0.126   0.347   0.
  2017 352 22 34 56 508 352.940931817       0.95      1.62     -1.06  0.       -5214.064       6293.654       2847.523    0.000  -0.126   0.347   0.
  2017 352 22 34 57 508 352.940943391       1.91      1.03     -1.49  0.       -5214.659       6292.993       2845.915    0.000  -0.126   0.347   0.
  2017 352 22 34 58 508 352.940954965       1.64      1.09     -1.28  0.       -5215.253       6292.332       2844.306    0.000  -0.126   0.346   0.
  2017 352 22 34 59 508 352.940966539       1.90      1.37     -1.31  0.       -5215.847       6291.671       2842.698    0.000  -0.126   0.346   0.
  2017 352 22 35  0 509 352.940978113       2.21      1.18     -1.30  0.       -5216.441       6291.010       2841.090    0.000  -0.126   0.345   0.
  2017 352 22 35  1 509 352.940989687       2.32      1.03     -1.57  0.       -5217.035       6290.348       2839.481    0.000  -0.126   0.345   0.
  2017 352 22 35  2 508 352.941001262       2.32      0.64     -1.47  0.       -5217.628       6289.685       2837.872    0.000  -0.125   0.345   0.
  2017 352 22 35  3 509 352.941012836       1.85      0.70     -1.66  0.       -5218.221       6289.023       2836.262    0.000  -0.125   0.344   0.
  2017 352 22 35  4 509 352.941024410       0.84      0.83     -1.83  0.       -5218.814       6288.359       2834.653    0.000  -0.125   0.343   0.
  2017 352 22 35  5 509 352.941035983       0.80      0.71     -1.44  0.       -5219.406       6287.696       2833.044    0.000  -0.125   0.343   0.
  2017 352 22 35  6 508 352.941047555       0.87      0.86     -1.66  0.       -5219.997       6287.032       2831.434    0.000  -0.125   0.343   0.
  2017 352 22 35  7 508 352.941059129       1.28      1.05     -1.89  0.       -5220.589       6286.367       2829.824    0.000  -0.125   0.343   0.
  2017 352 22 35  8 508 352.941070703       0.96      1.00     -1.56  0.       -5221.180       6285.702       2828.214    0.000  -0.125   0.342   0.
  2017 352 22 35  9 508 352.941082277       0.24      0.66     -0.69  0.       -5221.771       6285.037       2826.604    0.000  -0.125   0.342   0.
  2017 352 22 35 10 508 352.941093851       1.29      0.27     -0.86  0.       -5222.362       6284.371       2824.993    0.000  -0.124   0.342   0.
  2017 352 22 35 11 508 352.941105425       1.70      0.37     -1.20  0.       -5222.952       6283.705       2823.383    0.000  -0.124   0.341   0.
  2017 352 22 35 12 508 352.941116999       1.64      0.83     -1.48  0.       -5223.541       6283.039       2821.772    0.000  -0.124   0.340   0.
  2017 352 22 35 13 508 352.941128573       1.84      0.45     -1.43  0.       -5224.131       6282.372       2820.160    0.000  -0.124   0.340   0.
  2017 352 22 35 14 508 352.941140148       1.96      0.49     -1.21  0.       -5224.720       6281.704       2818.549    0.000  -0.124   0.340   0.
  2017 352 22 35 15 508 352.941151722       1.77      0.97     -1.75  0.       -5225.309       6281.037       2816.938    0.000  -0.124   0.340   0.
  2017 352 22 35 16 508 352.941163296       2.11      1.18     -2.16  0.       -5225.897       6280.368       2815.326    0.000  -0.124   0.340   0.
  2017 352 22 35 17 508 352.941174870       2.51      1.06     -2.65  0.       -5226.485       6279.700       2813.714    0.000  -0.124   0.340   0.
  2017 352 22 35 18 508 352.941186444       2.32      0.29     -2.34  0.       -5227.073       6279.031       2812.102    0.000  -0.123   0.339   0.
  2017 352 22 35 19 508 352.941198018       2.12      0.96     -2.16  0.       -5227.660       6278.361       2810.490    0.000  -0.123   0.339   0.
  2017 352 22 35 20 508 352.941209592       1.68      0.53     -1.75  0.       -5228.247       6277.691       2808.878    0.000  -0.123   0.338   0.
  2017 352 22 35 21 508 352.941221166       1.79      0.53     -1.53  0.       -5228.834       6277.021       2807.265    0.000  -0.123   0.338   0.
  2017 352 22 35 22 508 352.941232740       1.31      0.58     -1.55  0.       -5229.420       6276.350       2805.653    0.000  -0.123   0.337   0.
  2017 352 22 35 23 508 352.941244314       1.19      1.01     -1.77  0.       -5230.006       6275.679       2804.040    0.000  -0.123   0.337   0.
  2017 352 22 35 24 508 352.941255888       1.08      1.15     -2.00  0.       -5230.592       6275.007       2802.427    0.000  -0.122   0.336   0.
  2017 352 22 35 25 508 352.941267462       0.98      1.03     -2.05  0.       -5231.177       6274.336       2800.813    0.000  -0.122   0.336   0.
  2017 352 22 35 26 508 352.941279036       0.74      1.16     -2.55  0.       -5231.762       6273.663       2799.200    0.000  -0.122   0.336   0.
  2017 352 22 35 27 508 352.941290611       0.98      1.27     -2.63  0.       -5232.346       6272.990       2797.586    0.000  -0.122   0.336   0.
  2017 352 22 35 28 508 352.941302185       1.34      1.18     -2.12  0.       -5232.931       6272.317       2795.972    0.000  -0.122   0.335   0.
  2017 352 22 35 29 508 352.941313759       1.24      1.51     -2.80  0.       -5233.514       6271.644       2794.358    0.000  -0.122   0.335   0.
  2017 352 22 35 30 508 352.941325333       1.44      1.62     -3.39  0.       -5234.098       6270.970       2792.744    0.000  -0.122   0.334   0.
  2017 352 22 35 31 508 352.941336907       2.14      1.16     -2.95  0.       -5234.681       6270.295       2791.130    0.000  -0.122   0.334   0.
  2017 352 22 35 32 508 352.941348481       2.79      1.14     -2.20  0.       -5235.264       6269.620       2789.515    0.000  -0.121   0.333   0.
  2017 352 22 35 33 508 352.941360054       3.13      0.97     -2.27  0.       -5235.847       6268.945       2787.900    0.000  -0.121   0.333   0.
  2017 352 22 35 34 508 352.941371626       3.06      0.64     -2.34  0.       -5236.429       6268.269       2786.285    0.000  -0.121   0.332   0.
  2017 352 22 35 35 508 352.941383200       2.82      0.71     -2.19  0.       -5237.010       6267.593       2784.670    0.000  -0.121   0.332   0.
  2017 352 22 35 36 508 352.941394774       3.00      0.91     -2.01  0.       -5237.592       6266.916       2783.055    0.000  -0.121   0.332   0.
  2017 352 22 35 37 508 352.941406348       3.28      0.79     -1.96  0.       -5238.173       6266.239       2781.439    0.000  -0.121   0.332   0.
  2017 352 22 35 38 508 352.941417922       3.46      0.45     -2.19  0.       -5238.754       6265.562       2779.824    0.000  -0.120   0.331   0.
  2017 352 22 35 39 508 352.941429497       3.04      0.53     -2.43  0.       -5239.334       6264.884       2778.208    0.000  -0.120   0.331   0.
  2017 352 22 35 40 508 352.941441071       2.55      0.18     -2.41  0.       -5239.914       6264.206       2776.592    0.000  -0.120   0.330   0.
  2017 352 22 35 41 508 352.941452645       2.47      0.26     -2.19  0.       -5240.494       6263.527       2774.976    0.000  -0.120   0.330   0.
  2017 352 22 35 42 508 352.941464219       2.80      0.67     -2.06  0.       -5241.073       6262.848       2773.359    0.000  -0.120   0.330   0.
  2017 352 22 35 43 508 352.941475793       2.53      0.74     -1.95  0.       -5241.652       6262.169       2771.742    0.000  -0.120   0.330   0.
  2017 352 22 35 44 508 352.941487367       2.26      0.78     -2.05  0.       -5242.231       6261.489       2770.126    0.000  -0.120   0.329   0.
  2017 352 22 35 45 508 352.941498941       2.83      0.90     -1.94  0.       -5242.809       6260.809       2768.509    0.000  -0.120   0.329   0.
  2017 352 22 35 46 508 352.941510515       2.88      1.35     -1.89  0.       -5243.387       6260.128       2766.892    0.000  -0.119   0.328   0.
  2017 352 22 35 47 508 352.941522089       2.83      1.22     -1.84  0.       -5243.965       6259.447       2765.274    0.000  -0.119   0.328   0.
  2017 352 22 35 48 508 352.941533663       2.72      1.18     -1.82  0.       -5244.542       6258.765       2763.657    0.000  -0.119   0.327   0.
  2017 352 22 35 49 508 352.941545237       2.41      0.46     -1.95  0.       -5245.119       6258.083       2762.039    0.000  -0.119   0.327   0.
  2017 352 22 35 50 508 352.941556811       2.21      0.08     -1.99  0.       -5245.695       6257.401       2760.421    0.000  -0.119   0.326   0.
  2017 352 22 35 51 508 352.941568385       2.63      0.54     -1.69  0.       -5246.271       6256.718       2758.803    0.000  -0.119   0.326   0.
  2017 352 22 35 52 508 352.941579959       3.15      0.15     -2.10  0.       -5246.847       6256.035       2757.184    0.000  -0.118   0.325   0.
  2017 352 22 35 53 508 352.941591534       3.26      0.39     -2.54  0.       -5247.423       6255.351       2755.566    0.000  -0.118   0.325   0.
  2017 352 22 35 54 508 352.941603108       2.09      2.71     -2.92  0.       -5247.998       6254.667       2753.947    0.000  -0.118   0.324   0.
  2017 352 22 35 55 508 352.941614682       0.60      3.31     -2.46  0.       -5248.573       6253.982       2752.328    0.000  -0.118   0.324   0.
  2017 352 22 35 56 508 352.941626256      -0.39      2.72     -2.14  0.       -5249.147       6253.298       2750.709    0.000  -0.118   0.324   0.
  2017 352 22 35 57 508 352.941637830      -0.96      1.70     -1.40  0.       -5249.721       6252.612       2749.090    0.000  -0.118   0.324   0.
  2017 352 22 35 58 508 352.941649404      -1.15      1.30     -0.90  0.       -5250.295       6251.926       2747.471    0.000  -0.118   0.323   0.
  2017 352 22 35 59 508 352.941660978      -1.18      0.92     -0.76  0.       -5250.868       6251.240       2745.851    0.000  -0.118   0.323   0.
  2017 352 22 36  0 508 352.941672552      -1.35      0.68     -0.77  0.       -5251.441       6250.554       2744.232    0.000  -0.117   0.322   0.
  2017 352 22 36  1 508 352.941684126      -1.02      0.86     -0.51  0.       -5252.014       6249.867       2742.611    0.000  -0.117   0.322   0.
  2017 352 22 36  2 508 352.941695700      -0.33      1.39     -0.52  0.       -5252.586       6249.179       2740.991    0.000  -0.117   0.321   0.
  2017 352 22 36  3 508 352.941707273       0.24      1.97     -0.63  0.       -5253.158       6248.492       2739.371    0.000  -0.117   0.321   0.
  2017 352 22 36  4 508 352.941718845       0.79      1.55     -0.86  0.       -5253.730       6247.803       2737.751    0.000  -0.117   0.320   0.
  2017 352 22 36  5 508 352.941730420       1.74      1.51     -1.49  0.       -5254.301       6247.114       2736.130    0.000  -0.117   0.320   0.
  2017 352 22 36  6 508 352.941741994       2.29      1.36     -1.48  0.       -5254.872       6246.425       2734.509    0.000  -0.116   0.319   0.
  2017 352 22 36  7 508 352.941753568       1.79      0.94     -1.81  0.       -5255.442       6245.736       2732.888    0.000  -0.116   0.319   0.
  2017 352 22 36  8 508 352.941765142       1.27      0.90     -2.43  0.       -5256.013       6245.046       2731.267    0.000  -0.116   0.319   0.
  2017 352 22 36  9 508 352.941776716       1.38      1.33     -2.12  0.       -5256.582       6244.355       2729.645    0.000  -0.116   0.319   0.
  2017 352 22 36 10 508 352.941788290       1.53      1.22     -1.83  0.       -5257.152       6243.665       2728.024    0.000  -0.116   0.318   0.
  2017 352 22 36 11 508 352.941799864       1.62      1.07     -1.80  0.       -5257.721       6242.973       2726.402    0.000  -0.116   0.318   0.
  2017 352 22 36 12 508 352.941811438       1.34      1.55     -1.94  0.       -5258.290       6242.282       2724.780    0.000  -0.115   0.317   0.
  2017 352 22 36 13 508 352.941823012       1.05      1.69     -1.99  0.       -5258.858       6241.590       2723.158    0.000  -0.115   0.317   0.
  2017 352 22 36 14 508 352.941834586       0.94      1.62     -2.14  0.       -5259.426       6240.897       2721.535    0.000  -0.115   0.316   0.
  2017 352 22 36 15 508 352.941846160       1.00      1.67     -2.22  0.       -5259.994       6240.204       2719.913    0.000  -0.115   0.316   0.
  2017 352 22 36 16 508 352.941857734       1.24      1.51     -2.29  0.       -5260.561       6239.511       2718.290    0.000  -0.115   0.316   0.
  2017 352 22 36 17 508 352.941869308       1.39      1.32     -2.59  0.       -5261.128       6238.817       2716.667    0.000  -0.115   0.315   0.
  2017 352 22 36 18 508 352.941880883       0.96      1.55     -2.08  0.       -5261.695       6238.123       2715.044    0.000  -0.114   0.314   0.
  2017 352 22 36 19 508 352.941892457       0.45      2.42     -1.81  0.       -5262.261       6237.429       2713.421    0.000  -0.114   0.314   0.
  2017 352 22 36 20 508 352.941904031       0.67      2.44     -1.89  0.       -5262.827       6236.734       2711.798    0.000  -0.114   0.314   0.
  2017 352 22 36 21 508 352.941915605       1.01      1.94     -2.02  0.       -5263.393       6236.038       2710.174    0.000  -0.114   0.314   0.
  2017 352 22 36 22 508 352.941927179       0.93      1.42     -1.62  0.       -5263.958       6235.342       2708.550    0.000  -0.114   0.313   0.
  2017 352 22 36 23 508 352.941938753       0.75      1.49     -1.52  0.       -5264.523       6234.646       2706.926    0.000  -0.114   0.313   0.
  2017 352 22 36 24 508 352.941950327       0.86      1.60     -1.77  0.       -5265.088       6233.949       2705.302    0.000  -0.113   0.312   0.
  2017 352 22 36 25 508 352.941961901       1.02      1.35     -1.62  0.       -5265.652       6233.252       2703.678    0.000  -0.113   0.312   0.
  2017 352 22 36 26 508 352.941973475       0.65      1.49     -1.43  0.       -5266.216       6232.555       2702.053    0.000  -0.113   0.311   0.
  2017 352 22 36 27 508 352.941985049      -0.14      1.64     -1.22  0.       -5266.779       6231.857       2700.428    0.000  -0.113   0.311   0.
  2017 352 22 36 28 508 352.941996623      -0.26      2.05     -1.15  0.       -5267.342       6231.159       2698.804    0.000  -0.113   0.310   0.
  2017 352 22 36 29 508 352.942008197       0.45      2.40     -1.82  0.       -5267.905       6230.460       2697.178    0.000  -0.113   0.310   0.
  2017 352 22 36 30 508 352.942019771      -0.19      2.04     -1.50  0.       -5268.467       6229.761       2695.553    0.000  -0.113   0.310   0.
  2017 352 22 36 31 508 352.942031346       0.21      1.72     -1.39  0.       -5269.029       6229.061       2693.928    0.000  -0.113   0.309   0.
  2017 352 22 36 32 508 352.942042920       0.43      1.43     -2.01  0.       -5269.591       6228.361       2692.302    0.000  -0.112   0.308   0.
  2017 352 22 36 33 508 352.942054493       1.07      1.81     -2.65  0.       -5270.152       6227.660       2690.676    0.000  -0.112   0.308   0.
  2017 352 22 36 34 508 352.942066065       1.33      1.95     -2.47  0.       -5270.713       6226.960       2689.050    0.000  -0.112   0.307   0.
  2017 352 22 36 35 508 352.942077639       1.40      2.18     -2.22  0.       -5271.274       6226.258       2687.424    0.000  -0.112   0.307   0.
  2017 352 22 36 36 508 352.942089213       1.48      2.47     -2.19  0.       -5271.834       6225.557       2685.798    0.000  -0.112   0.307   0.
  2017 352 22 36 37 507 352.942100787       1.54      2.52     -1.91  0.       -5272.394       6224.854       2684.171    0.000  -0.112   0.307   0.
  2017 352 22 36 38 507 352.942112361       1.02      2.47     -1.88  0.       -5272.954       6224.152       2682.545    0.000  -0.111   0.306   0.
  2017 352 22 36 39 507 352.942123935       0.52      2.50     -2.12  0.       -5273.513       6223.449       2680.918    0.000  -0.111   0.306   0.
  2017 352 22 36 40 507 352.942135509       0.28      2.53     -2.44  0.       -5274.072       6222.746       2679.291    0.000  -0.111   0.305   0.
  2017 352 22 36 41 507 352.942147083       0.34      2.65     -2.36  0.       -5274.630       6222.042       2677.663    0.000  -0.111   0.305   0.
  2017 352 22 36 42 508 352.942158657       0.75      2.73     -2.63  0.       -5275.188       6221.337       2676.036    0.000  -0.111   0.304   0.
  2017 352 22 36 43 508 352.942170231       1.20      2.60     -2.78  0.       -5275.746       6220.633       2674.408    0.000  -0.111   0.304   0.
  2017 352 22 36 44 507 352.942181806       1.20      2.63     -2.61  0.       -5276.304       6219.928       2672.781    0.000  -0.110   0.303   0.
  2017 352 22 36 45 507 352.942193380       0.67      3.26     -2.29  0.       -5276.861       6219.222       2671.153    0.000  -0.110   0.303   0.
  2017 352 22 36 46 508 352.942204954       0.07      3.37     -1.92  0.       -5277.417       6218.516       2669.524    0.000  -0.110   0.302   0.
  2017 352 22 36 47 508 352.942216528       0.29      3.22     -2.06  0.       -5277.974       6217.810       2667.896    0.000  -0.110   0.302   0.
  2017 352 22 36 48 508 352.942228102       0.49      3.08     -2.03  0.       -5278.530       6217.103       2666.268    0.000  -0.110   0.301   0.
  2017 352 22 36 49 508 352.942239676       0.68      3.19     -2.19  0.       -5279.085       6216.396       2664.639    0.000  -0.110   0.301   0.
  2017 352 22 36 50 508 352.942251250       0.93      3.13     -2.01  0.       -5279.640       6215.688       2663.010    0.000  -0.109   0.301   0.
  2017 352 22 36 51 507 352.942262824       0.24      2.86     -1.99  0.       -5280.195       6214.980       2661.381    0.000  -0.109   0.300   0.
  2017 352 22 36 52 507 352.942274398       0.25      2.53     -2.47  0.       -5280.750       6214.272       2659.752    0.000  -0.109   0.299   0.
  2017 352 22 36 53 507 352.942285972       0.96      2.71     -3.23  0.       -5281.304       6213.563       2658.122    0.000  -0.109   0.299   0.
  2017 352 22 36 54 507 352.942297546       0.52      2.44     -3.22  0.       -5281.858       6212.854       2656.493    0.000  -0.108   0.298   0.
  2017 352 22 36 55 508 352.942309120      -0.04      3.08     -3.09  0.       -5282.411       6212.144       2654.863    0.000  -0.108   0.298   0.
  2017 352 22 36 56 508 352.942320694      -0.77      3.67     -2.35  0.       -5282.965       6211.434       2653.233    0.000  -0.108   0.298   0.
  2017 352 22 36 57 507 352.942332269      -0.44      3.24     -2.25  0.       -5283.517       6210.723       2651.603    0.000  -0.108   0.297   0.
  2017 352 22 36 58 507 352.942343843      -0.19      2.89     -1.90  0.       -5284.070       6210.012       2649.972    0.000  -0.108   0.296   0.
  2017 352 22 36 59 508 352.942355417       0.33      2.27     -1.83  0.       -5284.622       6209.301       2648.342    0.000  -0.108   0.296   0.
  2017 352 22 37  0 508 352.942366991      -0.28      2.24     -1.57  0.       -5285.173       6208.589       2646.711    0.000  -0.108   0.296   0.
  2017 352 22 37  1 508 352.942378565      -0.41      1.82     -1.67  0.       -5285.725       6207.877       2645.080    0.000  -0.108   0.296   0.
  2017 352 22 37  2 508 352.942390139      -0.25      1.76     -1.69  0.       -5286.276       6207.164       2643.449    0.000  -0.107   0.295   0.
  2017 352 22 37  3 508 352.942401712      -0.06      1.51     -1.66  0.       -5286.826       6206.451       2641.818    0.000  -0.107   0.294   0.
  2017 352 22 37  4 507 352.942413284      -0.03      1.13     -1.60  0.       -5287.377       6205.737       2640.187    0.000  -0.107   0.293   0.
  2017 352 22 37  5 507 352.942424858       0.31      0.99     -1.46  0.       -5287.926       6205.023       2638.555    0.000  -0.107   0.293   0.
  2017 352 22 37  6 507 352.942436432       0.74      1.06     -1.15  0.       -5288.476       6204.309       2636.923    0.000  -0.107   0.293   0.
  2017 352 22 37  7 507 352.942448006       0.43      1.10     -1.48  0.       -5289.025       6203.594       2635.291    0.000  -0.107   0.293   0.
  2017 352 22 37  8 507 352.942459580      -0.29      1.81     -1.88  0.       -5289.574       6202.879       2633.660    0.000  -0.106   0.292   0.
  2017 352 22 37  9 507 352.942471155      -0.75      1.78     -1.46  0.       -5290.122       6202.163       2632.027    0.000  -0.106   0.292   0.
  2017 352 22 37 10 507 352.942482729      -0.86      1.61     -1.58  0.       -5290.670       6201.447       2630.395    0.000  -0.106   0.291   0.
  2017 352 22 37 11 507 352.942494303      -0.90      1.72     -1.90  0.       -5291.218       6200.731       2628.762    0.000  -0.106   0.291   0.
  2017 352 22 37 12 507 352.942505877      -0.86      1.71     -2.11  0.       -5291.766       6200.014       2627.129    0.000  -0.106   0.290   0.
  2017 352 22 37 13 507 352.942517451      -0.68      1.55     -1.83  0.       -5292.313       6199.297       2625.496    0.000  -0.106   0.290   0.
  2017 352 22 37 14 507 352.942529025      -0.56      1.42     -1.37  0.       -5292.859       6198.579       2623.863    0.000  -0.105   0.289   0.
  2017 352 22 37 15 507 352.942540599      -0.54      1.33     -1.17  0.       -5293.405       6197.861       2622.229    0.000  -0.105   0.289   0.
  2017 352 22 37 16 507 352.942552173      -0.43      1.43     -0.94  0.       -5293.951       6197.142       2620.596    0.000  -0.105   0.288   0.
  2017 352 22 37 17 507 352.942563747      -0.24      1.21     -0.99  0.       -5294.497       6196.423       2618.962    0.000  -0.105   0.288   0.
  2017 352 22 37 18 507 352.942575321       0.02      1.38     -1.48  0.       -5295.042       6195.704       2617.328    0.000  -0.105   0.287   0.
  2017 352 22 37 19 507 352.942586895       0.77      1.62     -2.42  0.       -5295.587       6194.984       2615.694    0.000  -0.105   0.287   0.
  2017 352 22 37 20 507 352.942598469       2.22      1.91     -2.85  0.       -5296.132       6194.264       2614.060    0.000  -0.104   0.286   0.
  2017 352 22 37 21 507 352.942610043       2.73      1.57     -2.49  0.       -5296.676       6193.543       2612.425    0.000  -0.104   0.286   0.
  2017 352 22 37 22 507 352.942621617       2.38      0.96     -2.33  0.       -5297.219       6192.822       2610.791    0.000  -0.104   0.285   0.
  2017 352 22 37 23 507 352.942633192       2.25      1.05     -2.00  0.       -5297.762       6192.100       2609.156    0.000  -0.104   0.285   0.
  2017 352 22 37 24 507 352.942644766       2.06      0.49     -1.98  0.       -5298.306       6191.378       2607.521    0.000  -0.104   0.284   0.
  2017 352 22 37 25 507 352.942656340       1.47      0.74     -2.50  0.       -5298.848       6190.656       2605.886    0.000  -0.104   0.284   0.
  2017 352 22 37 26 507 352.942667914       1.89      0.93     -2.32  0.       -5299.391       6189.933       2604.250    0.000  -0.103   0.284   0.
  2017 352 22 37 27 507 352.942679488       2.25      1.27     -2.06  0.       -5299.932       6189.210       2602.615    0.000  -0.103   0.283   0.
  2017 352 22 37 28 507 352.942691062       2.15      1.04     -2.37  0.       -5300.474       6188.486       2600.979    0.000  -0.103   0.282   0.
  2017 352 22 37 29 507 352.942702636       2.19      0.89     -2.33  0.       -5301.015       6187.762       2599.343    0.000  -0.103   0.282   0.
  2017 352 22 37 30 507 352.942714210       2.35      0.49     -2.16  0.       -5301.556       6187.037       2597.707    0.000  -0.102   0.281   0.
  2017 352 22 37 31 507 352.942725784       2.00      1.00     -1.87  0.       -5302.097       6186.313       2596.071    0.000  -0.102   0.281   0.
  2017 352 22 37 32 507 352.942737358       1.39      1.22     -2.02  0.       -5302.637       6185.587       2594.434    0.000  -0.102   0.281   0.
  2017 352 22 37 33 507 352.942748931       1.77      1.21     -1.98  0.       -5303.176       6184.861       2592.798    0.000  -0.102   0.280   0.
  2017 352 22 37 34 507 352.942760504       2.28      1.24     -2.11  0.       -5303.716       6184.135       2591.161    0.000  -0.102   0.279   0.
  2017 352 22 37 35 507 352.942772078       2.75      1.31     -2.14  0.       -5304.255       6183.409       2589.524    0.000  -0.102   0.279   0.
  2017 352 22 37 36 507 352.942783652       3.06      1.70     -2.16  0.       -5304.794       6182.681       2587.887    0.000  -0.101   0.278   0.
  2017 352 22 37 37 507 352.942795226       3.16      1.28     -2.15  0.       -5305.332       6181.954       2586.250    0.000  -0.101   0.278   0.
  2017 352 22 37 38 507 352.942806800       3.08      1.65     -2.17  0.       -5305.870       6181.226       2584.612    0.000  -0.101   0.278   0.
  2017 352 22 37 39 507 352.942818374       3.38      1.53     -2.46  0.       -5306.407       6180.498       2582.975    0.000  -0.101   0.277   0.
  2017 352 22 37 40 507 352.942829948       3.51      1.65     -2.56  0.       -5306.945       6179.769       2581.337    0.000  -0.101   0.276   0.
  2017 352 22 37 41 507 352.942841522       3.48      1.83     -2.39  0.       -5307.481       6179.040       2579.699    0.000  -0.101   0.276   0.
  2017 352 22 37 42 507 352.942853096       3.42      1.92     -2.24  0.       -5308.018       6178.310       2578.061    0.000  -0.100   0.276   0.
  2017 352 22 37 43 507 352.942864670       3.20      1.29     -2.23  0.       -5308.554       6177.580       2576.422    0.000  -0.100   0.276   0.
  2017 352 22 37 44 507 352.942876244       2.90      1.36     -1.94  0.       -5309.090       6176.850       2574.784    0.000  -0.100   0.275   0.
  2017 352 22 37 45 507 352.942887818       3.10      1.30     -1.83  0.       -5309.625       6176.119       2573.145    0.000  -0.100   0.275   0.
  2017 352 22 37 46 507 352.942899392       3.08      1.59     -1.81  0.       -5310.160       6175.388       2571.506    0.000  -0.100   0.274   0.
  2017 352 22 37 47 507 352.942910966       2.44      1.66     -1.97  0.       -5310.695       6174.656       2569.867    0.000  -0.100   0.273   0.
  2017 352 22 37 48 507 352.942922540       2.21      2.01     -2.23  0.       -5311.229       6173.924       2568.228    0.000  -0.099   0.272   0.
  2017 352 22 37 49 507 352.942934115       1.90      2.40     -1.95  0.       -5311.763       6173.191       2566.588    0.000  -0.099   0.272   0.
  2017 352 22 37 50 507 352.942945689       1.44      2.44     -1.69  0.       -5312.297       6172.458       2564.949    0.000  -0.099   0.272   0.
  2017 352 22 37 51 507 352.942957263       1.36      2.42     -1.74  0.       -5312.830       6171.725       2563.309    0.000  -0.099   0.271   0.
  2017 352 22 37 52 507 352.942968837       1.21      2.51     -1.77  0.       -5313.363       6170.991       2561.669    0.000  -0.098   0.270   0.
  2017 352 22 37 53 507 352.942980411       0.93      2.14     -1.73  0.       -5313.895       6170.256       2560.029    0.000  -0.098   0.270   0.
  2017 352 22 37 54 507 352.942991985       1.48      1.73     -2.33  0.       -5314.427       6169.522       2558.389    0.000  -0.098   0.269   0.
  2017 352 22 37 55 507 352.943003559       1.83      1.88     -2.02  0.       -5314.959       6168.787       2556.748    0.000  -0.098   0.269   0.
  2017 352 22 37 56 507 352.943015133       1.79      1.55     -2.16  0.       -5315.490       6168.051       2555.107    0.000  -0.098   0.269   0.
  2017 352 22 37 57 507 352.943026707       2.04      1.44     -1.67  0.       -5316.021       6167.315       2553.466    0.000  -0.098   0.268   0.
  2017 352 22 37 58 507 352.943038281       2.02      0.93     -1.48  0.       -5316.552       6166.578       2551.825    0.000  -0.097   0.267   0.
  2017 352 22 37 59 507 352.943049855       1.45      0.90     -2.23  0.       -5317.082       6165.842       2550.184    0.000  -0.097   0.267   0.
  2017 352 22 38  0 507 352.943061429       1.64      1.36     -2.10  0.       -5317.612       6165.105       2548.543    0.000  -0.097   0.266   0.
  2017 352 22 38  1 507 352.943073003       2.04      1.20     -1.89  0.       -5318.142       6164.367       2546.901    0.000  -0.097   0.266   0.
  2017 352 22 38  2 507 352.943084578       2.15      1.25     -2.21  0.       -5318.671       6163.629       2545.260    0.000  -0.097   0.266   0.
  2017 352 22 38  3 507 352.943096152       2.55      1.06     -2.51  0.       -5319.200       6162.890       2543.618    0.000  -0.097   0.266   0.
  2017 352 22 38  4 507 352.943107726       2.47      0.93     -2.44  0.       -5319.728       6162.151       2541.976    0.000  -0.096   0.265   0.
  2017 352 22 38  5 507 352.943119299       2.06      1.36     -2.36  0.       -5320.256       6161.412       2540.333    0.000  -0.096   0.264   0.
  2017 352 22 38  6 507 352.943130871       1.67      1.51     -1.99  0.       -5320.784       6160.672       2538.691    0.000  -0.096   0.263   0.
  2017 352 22 38  7 507 352.943142445       2.18      1.65     -1.98  0.       -5321.311       6159.932       2537.048    0.000  -0.096   0.263   0.
  2017 352 22 38  8 507 352.943154019       2.74      1.87     -2.16  0.       -5321.838       6159.191       2535.406    0.000  -0.096   0.263   0.
  2017 352 22 38  9 507 352.943165593       2.82      1.67     -1.89  0.       -5322.365       6158.450       2533.763    0.000  -0.096   0.263   0.
  2017 352 22 38 10 507 352.943177167       2.43      1.38     -2.26  0.       -5322.891       6157.709       2532.120    0.000  -0.095   0.262   0.
  2017 352 22 38 11 507 352.943188741       2.10      1.61     -2.48  0.       -5323.417       6156.967       2530.476    0.000  -0.095   0.261   0.
  2017 352 22 38 12 507 352.943200315       2.04      1.67     -2.40  0.       -5323.942       6156.224       2528.833    0.000  -0.095   0.260   0.
  2017 352 22 38 13 507 352.943211889       1.89      1.99     -2.38  0.       -5324.467       6155.482       2527.189    0.000  -0.095   0.260   0.
  2017 352 22 38 14 507 352.943223464       1.96      2.37     -2.68  0.       -5324.992       6154.738       2525.545    0.000  -0.094   0.260   0.
  2017 352 22 38 15 507 352.943235038       2.00      2.46     -2.88  0.       -5325.517       6153.995       2523.901    0.000  -0.094   0.259   0.
  2017 352 22 38 16 507 352.943246612       1.59      3.17     -2.37  0.       -5326.041       6153.251       2522.257    0.000  -0.094   0.258   0.
  2017 352 22 38 17 507 352.943258186       1.01      3.39     -2.04  0.       -5326.564       6152.506       2520.613    0.000  -0.094   0.258   0.
  2017 352 22 38 18 507 352.943269760       0.71      2.97     -2.52  0.       -5327.087       6151.761       2518.968    0.000  -0.094   0.258   0.
  2017 352 22 38 19 507 352.943281334       0.63      2.85     -2.55  0.       -5327.610       6151.016       2517.324    0.000  -0.094   0.257   0.
  2017 352 22 38 20 507 352.943292908       0.66      2.62     -2.70  0.       -5328.133       6150.270       2515.679    0.000  -0.093   0.256   0.
  2017 352 22 38 21 507 352.943304482       0.75      2.36     -2.43  0.       -5328.655       6149.524       2514.034    0.000  -0.093   0.256   0.
  2017 352 22 38 22 507 352.943316056       0.70      1.94     -2.26  0.       -5329.177       6148.777       2512.389    0.000  -0.093   0.255   0.
  2017 352 22 38 23 507 352.943327630       1.24      1.71     -2.29  0.       -5329.698       6148.030       2510.743    0.000  -0.093   0.255   0.
  2017 352 22 38 24 507 352.943339204       0.91      1.47     -2.17  0.       -5330.219       6147.283       2509.098    0.000  -0.093   0.254   0.
  2017 352 22 38 25 507 352.943350778       0.76      1.14     -2.20  0.       -5330.740       6146.535       2507.452    0.000  -0.093   0.254   0.
  2017 352 22 38 26 507 352.943362352       1.73      1.38     -2.47  0.       -5331.260       6145.787       2505.806    0.000  -0.092   0.253   0.
  2017 352 22 38 27 507 352.943373927       2.13      1.84     -2.65  0.       -5331.780       6145.038       2504.160    0.000  -0.092   0.253   0.
  2017 352 22 38 28 507 352.943385501       2.50      1.56     -2.62  0.       -5332.300       6144.289       2502.514    0.000  -0.092   0.252   0.
  2017 352 22 38 29 507 352.943397075       2.46      1.55     -2.61  0.       -5332.819       6143.539       2500.867    0.000  -0.092   0.252   0.
  2017 352 22 38 30 507 352.943408649       2.54      1.41     -2.77  0.       -5333.338       6142.789       2499.221    0.000  -0.091   0.251   0.
  2017 352 22 38 31 507 352.943420223       2.85      1.87     -3.04  0.       -5333.856       6142.039       2497.574    0.000  -0.091   0.251   0.
  2017 352 22 38 32 507 352.943431797       3.12      1.64     -2.68  0.       -5334.375       6141.288       2495.927    0.000  -0.091   0.250   0.
  2017 352 22 38 33 507 352.943443371       3.16      0.76     -2.67  0.       -5334.892       6140.536       2494.280    0.000  -0.091   0.250   0.
  2017 352 22 38 34 507 352.943454945       2.61      1.55     -3.11  0.       -5335.410       6139.785       2492.632    0.000  -0.091   0.249   0.
  2017 352 22 38 35 506 352.943466518       2.78      1.62     -2.61  0.       -5335.927       6139.032       2490.985    0.000  -0.091   0.249   0.
  2017 352 22 38 36 506 352.943478090       2.43      1.26     -2.74  0.       -5336.443       6138.280       2489.337    0.000  -0.090   0.248   0.
  2017 352 22 38 37 507 352.943489664       1.97      1.74     -2.80  0.       -5336.959       6137.527       2487.689    0.000  -0.090   0.248   0.
  2017 352 22 38 38 507 352.943501238       1.74      1.88     -2.47  0.       -5337.475       6136.773       2486.042    0.000  -0.090   0.247   0.
  2017 352 22 38 39 506 352.943512813       1.77      1.81     -2.10  0.       -5337.991       6136.019       2484.393    0.000  -0.090   0.247   0.
  2017 352 22 38 40 506 352.943524387       1.19      1.53     -2.26  0.       -5338.506       6135.265       2482.745    0.000  -0.090   0.246   0.
  2017 352 22 38 41 507 352.943535961       1.36      1.51     -2.73  0.       -5339.021       6134.510       2481.096    0.000  -0.090   0.246   0.
  2017 352 22 38 42 507 352.943547535       1.52      1.99     -2.27  0.       -5339.535       6133.755       2479.448    0.000  -0.089   0.245   0.
  2017 352 22 38 43 507 352.943559109       1.97      1.86     -2.04  0.       -5340.049       6133.000       2477.799    0.000  -0.089   0.245   0.
  2017 352 22 38 44 507 352.943570683       1.94      1.61     -2.41  0.       -5340.563       6132.244       2476.150    0.000  -0.089   0.244   0.
  2017 352 22 38 45 507 352.943582257       1.94      2.22     -2.33  0.       -5341.076       6131.487       2474.501    0.000  -0.089   0.244   0.
  2017 352 22 38 46 506 352.943593831       1.70      2.50     -2.11  0.       -5341.589       6130.730       2472.851    0.000  -0.088   0.243   0.
  2017 352 22 38 47 506 352.943605405       1.41      2.27     -2.05  0.       -5342.101       6129.973       2471.202    0.000  -0.088   0.243   0.
  2017 352 22 38 48 506 352.943616979       0.83      2.40     -1.96  0.       -5342.614       6129.215       2469.552    0.000  -0.088   0.242   0.
  2017 352 22 38 49 506 352.943628553       0.50      2.27     -1.90  0.       -5343.125       6128.457       2467.902    0.000  -0.088   0.242   0.
  2017 352 22 38 50 506 352.943640127       0.45      2.06     -1.85  0.       -5343.637       6127.699       2466.252    0.000  -0.088   0.241   0.
  2017 352 22 38 51 507 352.943651701       0.28      2.11     -2.03  0.       -5344.148       6126.940       2464.602    0.000  -0.088   0.241   0.
  2017 352 22 38 52 507 352.943663275       0.36      1.94     -2.30  0.       -5344.659       6126.180       2462.951    0.000  -0.087   0.240   0.
  2017 352 22 38 53 506 352.943674850       0.65      2.16     -2.16  0.       -5345.169       6125.420       2461.301    0.000  -0.087   0.240   0.
  2017 352 22 38 54 506 352.943686424       0.79      1.77     -1.45  0.       -5345.679       6124.660       2459.650    0.000  -0.087   0.239   0.
  2017 352 22 38 55 507 352.943697998       1.25      1.67     -1.49  0.       -5346.188       6123.899       2457.999    0.000  -0.087   0.239   0.
  2017 352 22 38 56 507 352.943709572       2.00      1.85     -2.16  0.       -5346.697       6123.138       2456.348    0.000  -0.086   0.238   0.
  2017 352 22 38 57 507 352.943721146       2.16      2.37     -1.91  0.       -5347.206       6122.377       2454.697    0.000  -0.086   0.238   0.
  2017 352 22 38 58 507 352.943732720       2.23      2.58     -2.05  0.       -5347.715       6121.615       2453.045    0.000  -0.086   0.237   0.
  2017 352 22 38 59 507 352.943744294       1.93      2.33     -1.84  0.       -5348.223       6120.852       2451.394    0.000  -0.086   0.237   0.
  2017 352 22 39  0 506 352.943755868       1.29      2.25     -1.81  0.       -5348.730       6120.089       2449.742    0.000  -0.086   0.236   0.
  2017 352 22 39  1 506 352.943767442       1.28      2.02     -1.95  0.       -5349.238       6119.326       2448.090    0.000  -0.086   0.235   0.
  2017 352 22 39  2 506 352.943779016       1.41      1.93     -2.32  0.       -5349.744       6118.562       2446.438    0.000  -0.085   0.234   0.
  2017 352 22 39  3 506 352.943790590       0.90      2.09     -2.48  0.       -5350.251       6117.798       2444.785    0.000  -0.085   0.234   0.
  2017 352 22 39  4 507 352.943802164       0.81      1.78     -2.58  0.       -5350.757       6117.033       2443.133    0.000  -0.085   0.234   0.
  2017 352 22 39  5 507 352.943813737       1.25      1.48     -2.20  0.       -5351.263       6116.268       2441.480    0.000  -0.085   0.233   0.
  2017 352 22 39  6 506 352.943825310       1.91      1.19     -2.33  0.       -5351.768       6115.503       2439.828    0.000  -0.085   0.232   0.
  2017 352 22 39  7 506 352.943836884       1.65      0.84     -2.07  0.       -5352.273       6114.737       2438.174    0.000  -0.085   0.232   0.
  2017 352 22 39  8 506 352.943848458       1.31      1.07     -1.90  0.       -5352.778       6113.971       2436.521    0.000  -0.084   0.231   0.
  2017 352 22 39  9 506 352.943860032       1.40      1.45     -1.83  0.       -5353.283       6113.204       2434.868    0.000  -0.084   0.231   0.
  2017 352 22 39 10 506 352.943871606       1.76      1.57     -2.06  0.       -5353.786       6112.437       2433.214    0.000  -0.084   0.231   0.
  2017 352 22 39 11 506 352.943883180       2.00      1.71     -2.51  0.       -5354.290       6111.669       2431.561    0.000  -0.084   0.230   0.
  2017 352 22 39 12 506 352.943894754       1.67      1.77     -2.75  0.       -5354.793       6110.901       2429.907    0.000  -0.084   0.229   0.
  2017 352 22 39 13 506 352.943906328       1.39      1.36     -2.86  0.       -5355.296       6110.133       2428.253    0.000  -0.084   0.229   0.
  2017 352 22 39 14 506 352.943917902       1.29      1.27     -2.49  0.       -5355.798       6109.364       2426.599    0.000  -0.083   0.228   0.
  2017 352 22 39 15 506 352.943929476       1.48      0.98     -2.27  0.       -5356.300       6108.595       2424.944    0.000  -0.083   0.228   0.
  2017 352 22 39 16 506 352.943941050       1.35      0.60     -2.15  0.       -5356.802       6107.825       2423.290    0.000  -0.083   0.227   0.
  2017 352 22 39 17 506 352.943952624       1.08      0.70     -2.20  0.       -5357.303       6107.055       2421.635    0.000  -0.083   0.227   0.
  2017 352 22 39 18 506 352.943964198       0.79      0.83     -2.17  0.       -5357.804       6106.284       2419.980    0.000  -0.082   0.226   0.
  2017 352 22 39 19 506 352.943975773       0.66      0.81     -1.79  0.       -5358.305       6105.513       2418.325    0.000  -0.082   0.226   0.
  2017 352 22 39 20 506 352.943987347       0.65      0.42     -1.77  0.       -5358.805       6104.742       2416.670    0.000  -0.082   0.225   0.
  2017 352 22 39 21 506 352.943998921       0.46      0.28     -2.07  0.       -5359.305       6103.970       2415.015    0.000  -0.082   0.225   0.
  2017 352 22 39 22 506 352.944010495       0.76      0.06     -2.10  0.       -5359.804       6103.198       2413.359    0.000  -0.081   0.224   0.
  2017 352 22 39 23 506 352.944022069       1.47      1.16     -1.80  0.       -5360.303       6102.425       2411.704    0.000  -0.081   0.224   0.
  2017 352 22 39 24 506 352.944033643       1.77      1.20     -1.88  0.       -5360.802       6101.652       2410.048    0.000  -0.081   0.223   0.
  2017 352 22 39 25 506 352.944045217       1.78      1.56     -1.78  0.       -5361.300       6100.878       2408.391    0.000  -0.081   0.223   0.
  2017 352 22 39 26 506 352.944056791       1.75      1.35     -2.14  0.       -5361.798       6100.104       2406.735    0.000  -0.081   0.222   0.
  2017 352 22 39 27 506 352.944068365       1.50      1.46     -2.56  0.       -5362.295       6099.330       2405.079    0.000  -0.081   0.222   0.
  2017 352 22 39 28 506 352.944079939       2.34      1.46     -2.26  0.       -5362.792       6098.555       2403.422    0.000  -0.080   0.221   0.
  2017 352 22 39 29 506 352.944091513       2.68      1.14     -2.28  0.       -5363.289       6097.780       2401.766    0.000  -0.080   0.220   0.
  2017 352 22 39 30 506 352.944103087       2.63      1.56     -2.41  0.       -5363.785       6097.004       2400.109    0.000  -0.080   0.219   0.
  2017 352 22 39 31 506 352.944114661       2.38      1.46     -2.81  0.       -5364.281       6096.228       2398.452    0.000  -0.080   0.219   0.
  2017 352 22 39 32 506 352.944126236       2.70      1.76     -3.18  0.       -5364.777       6095.451       2396.794    0.000  -0.080   0.218   0.
  2017 352 22 39 33 506 352.944137810       3.09      1.82     -3.26  0.       -5365.273       6094.674       2395.137    0.000  -0.080   0.218   0.
  2017 352 22 39 34 506 352.944149384       3.23      1.65     -2.65  0.       -5365.767       6093.896       2393.479    0.000  -0.079   0.217   0.
  2017 352 22 39 35 506 352.944160957       3.01      1.90     -2.10  0.       -5366.262       6093.119       2391.822    0.000  -0.079   0.217   0.
  2017 352 22 39 36 506 352.944172529       2.60      1.86     -1.69  0.       -5366.756       6092.340       2390.164    0.000  -0.079   0.216   0.
  2017 352 22 39 37 506 352.944184103       2.53      1.48     -1.74  0.       -5367.250       6091.561       2388.506    0.000  -0.079   0.216   0.
  2017 352 22 39 38 506 352.944195677       2.39      1.71     -1.79  0.       -5367.743       6090.782       2386.847    0.000  -0.078   0.215   0.
  2017 352 22 39 39 506 352.944207251       2.41      1.60     -1.42  0.       -5368.236       6090.003       2385.189    0.000  -0.078   0.215   0.
  2017 352 22 39 40 506 352.944218825       2.07      1.16     -1.26  0.       -5368.729       6089.223       2383.530    0.000  -0.078   0.214   0.
  2017 352 22 39 41 506 352.944230399       2.24      1.21     -1.35  0.       -5369.221       6088.442       2381.872    0.000  -0.078   0.214   0.
  2017 352 22 39 42 506 352.944241973       2.19      1.32     -1.45  0.       -5369.713       6087.661       2380.213    0.000  -0.078   0.213   0.
  2017 352 22 39 43 506 352.944253548       2.12      1.31     -1.46  0.       -5370.204       6086.880       2378.554    0.000  -0.078   0.213   0.
  2017 352 22 39 44 506 352.944265122       2.22      1.70     -1.56  0.       -5370.695       6086.098       2376.894    0.000  -0.077   0.212   0.
  2017 352 22 39 45 506 352.944276696       2.28      2.04     -1.84  0.       -5371.186       6085.316       2375.235    0.000  -0.077   0.212   0.
  2017 352 22 39 46 506 352.944288270       2.19      1.67     -1.62  0.       -5371.676       6084.533       2373.575    0.000  -0.077   0.211   0.
  2017 352 22 39 47 506 352.944299844       2.23      1.30     -1.67  0.       -5372.166       6083.750       2371.916    0.000  -0.077   0.211   0.
  2017 352 22 39 48 506 352.944311418       1.96      1.52     -1.69  0.       -5372.656       6082.967       2370.256    0.000  -0.076   0.210   0.
  2017 352 22 39 49 506 352.944322992       2.04      1.25     -1.60  0.       -5373.145       6082.183       2368.596    0.000  -0.076   0.210   0.
  2017 352 22 39 50 506 352.944334566       2.36      1.33     -1.50  0.       -5373.634       6081.399       2366.935    0.000  -0.076   0.209   0.
  2017 352 22 39 51 506 352.944346140       2.24      1.28     -1.29  0.       -5374.122       6080.614       2365.275    0.000  -0.076   0.209   0.
  2017 352 22 39 52 506 352.944357714       2.67      1.06     -1.37  0.       -5374.610       6079.829       2363.614    0.000  -0.076   0.208   0.
  2017 352 22 39 53 506 352.944369288       2.27      0.99     -1.40  0.       -5375.098       6079.043       2361.953    0.000  -0.076   0.207   0.
  2017 352 22 39 54 506 352.944380862       2.04      1.08     -1.17  0.       -5375.585       6078.257       2360.293    0.000  -0.075   0.206   0.
  2017 352 22 39 55 506 352.944392436       3.01      1.18     -1.40  0.       -5376.072       6077.470       2358.631    0.000  -0.075   0.206   0.
  2017 352 22 39 56 506 352.944404010       3.20      0.91     -1.26  0.       -5376.558       6076.683       2356.970    0.000  -0.075   0.205   0.
  2017 352 22 39 57 506 352.944415585       2.88      1.02     -1.32  0.       -5377.044       6075.896       2355.309    0.000  -0.075   0.205   0.
  2017 352 22 39 58 506 352.944427159       3.11      1.32     -1.46  0.       -5377.530       6075.108       2353.647    0.000  -0.074   0.204   0.
  2017 352 22 39 59 506 352.944438733       3.45      0.83     -1.51  0.       -5378.015       6074.320       2351.985    0.000  -0.074   0.204   0.
  2017 352 22 40  0 506 352.944450307       3.80      0.88     -1.44  0.       -5378.500       6073.531       2350.323    0.000  -0.074   0.203   0.
  2017 352 22 40  1 506 352.944461881       4.13      0.61     -1.40  0.       -5378.985       6072.742       2348.661    0.000  -0.074   0.203   0.
  2017 352 22 40  2 506 352.944473455       4.13      0.50     -1.40  0.       -5379.469       6071.953       2346.999    0.000  -0.074   0.202   0.
  2017 352 22 40  3 506 352.944485029       4.08      0.78     -1.26  0.       -5379.953       6071.163       2345.336    0.000  -0.074   0.202   0.
  2017 352 22 40  4 506 352.944496603       4.12      0.82     -0.51  0.       -5380.436       6070.372       2343.674    0.000  -0.073   0.201   0.
  2017 352 22 40  5 506 352.944508176       3.33      0.08     -0.16  0.       -5380.920       6069.581       2342.011    0.000  -0.073   0.201   0.
  2017 352 22 40  6 506 352.944519748       2.48     -0.18     -0.70  0.       -5381.402       6068.790       2340.348    0.000  -0.073   0.200   0.
  2017 352 22 40  7 506 352.944531322       2.01     -0.36     -1.27  0.       -5381.884       6067.999       2338.685    0.000  -0.073   0.200   0.
  2017 352 22 40  8 506 352.944542896       1.82     -0.12     -1.69  0.       -5382.366       6067.206       2337.022    0.000  -0.072   0.199   0.
  2017 352 22 40  9 506 352.944554471       1.45      0.36     -2.68  0.       -5382.848       6066.414       2335.358    0.000  -0.072   0.199   0.
  2017 352 22 40 10 506 352.944566045       1.47      1.15     -2.82  0.       -5383.329       6065.621       2333.695    0.000  -0.072   0.198   0.
  2017 352 22 40 11 506 352.944577619       1.40      1.20     -2.64  0.       -5383.810       6064.827       2332.031    0.000  -0.072   0.198   0.
  2017 352 22 40 12 506 352.944589193       1.16      1.42     -2.87  0.       -5384.290       6064.034       2330.367    0.000  -0.072   0.197   0.
  2017 352 22 40 13 506 352.944600767       1.14      1.58     -2.96  0.       -5384.771       6063.239       2328.703    0.000  -0.072   0.197   0.
  2017 352 22 40 14 506 352.944612341       1.49      1.93     -2.44  0.       -5385.250       6062.445       2327.039    0.000  -0.071   0.196   0.
  2017 352 22 40 15 506 352.944623915       1.58      2.01     -2.16  0.       -5385.729       6061.649       2325.374    0.000  -0.071   0.195   0.
  2017 352 22 40 16 506 352.944635489       1.06      2.19     -3.30  0.       -5386.208       6060.854       2323.709    0.000  -0.071   0.194   0.
  2017 352 22 40 17 506 352.944647063       1.38      2.26     -3.78  0.       -5386.686       6060.058       2322.045    0.000  -0.071   0.194   0.
  2017 352 22 40 18 506 352.944658637       2.56      2.07     -3.06  0.       -5387.164       6059.261       2320.380    0.000  -0.070   0.194   0.
  2017 352 22 40 19 506 352.944670211       2.90      2.41     -2.61  0.       -5387.642       6058.464       2318.715    0.000  -0.070   0.194   0.
  2017 352 22 40 20 506 352.944681785       3.32      2.11     -2.50  0.       -5388.119       6057.667       2317.049    0.000  -0.070   0.193   0.
  2017 352 22 40 21 506 352.944693359       3.15      2.36     -2.37  0.       -5388.596       6056.869       2315.384    0.000  -0.070   0.192   0.
  2017 352 22 40 22 506 352.944704933       3.61      2.51     -2.72  0.       -5389.073       6056.071       2313.718    0.000  -0.070   0.191   0.
  2017 352 22 40 23 506 352.944716508       2.78      3.35     -2.76  0.       -5389.549       6055.273       2312.052    0.000  -0.070   0.191   0.
  2017 352 22 40 24 506 352.944728082       2.27      3.38     -2.68  0.       -5390.025       6054.474       2310.387    0.000  -0.069   0.190   0.
  2017 352 22 40 25 506 352.944739656       2.10      1.85     -1.91  0.       -5390.500       6053.674       2308.720    0.000  -0.069   0.190   0.
  2017 352 22 40 26 506 352.944751230       1.79      1.36     -0.96  0.       -5390.975       6052.874       2307.054    0.000  -0.069   0.189   0.
  2017 352 22 40 27 506 352.944762804       1.26      1.76     -0.85  0.       -5391.450       6052.074       2305.388    0.000  -0.069   0.189   0.
  2017 352 22 40 28 506 352.944774378       0.71      1.73     -1.33  0.       -5391.924       6051.273       2303.721    0.000  -0.068   0.188   0.
  2017 352 22 40 29 506 352.944785952       0.56      1.85     -1.21  0.       -5392.398       6050.472       2302.054    0.000  -0.068   0.188   0.
  2017 352 22 40 30 506 352.944797526       0.64      2.05     -0.66  0.       -5392.871       6049.670       2300.387    0.000  -0.068   0.187   0.
  2017 352 22 40 31 506 352.944809100       0.65      2.23     -0.50  0.       -5393.344       6048.868       2298.720    0.000  -0.068   0.187   0.
  2017 352 22 40 32 506 352.944820674       0.62      1.90     -0.76  0.       -5393.817       6048.066       2297.053    0.000  -0.068   0.186   0.
  2017 352 22 40 33 506 352.944832248       0.31      1.69     -0.77  0.       -5394.289       6047.263       2295.386    0.000  -0.068   0.186   0.
  2017 352 22 40 34 506 352.944843822       0.12      1.13     -0.89  0.       -5394.761       6046.459       2293.718    0.000  -0.067   0.185   0.
  2017 352 22 40 35 505 352.944855395      -0.19      1.03     -0.90  0.       -5395.233       6045.655       2292.050    0.000  -0.067   0.185   0.
  2017 352 22 40 36 505 352.944866968      -0.02      0.39     -0.58  0.       -5395.704       6044.851       2290.382    0.000  -0.067   0.184   0.
  2017 352 22 40 37 506 352.944878542       0.22      0.89     -0.89  0.       -5396.174       6044.047       2288.714    0.000  -0.067   0.184   0.
  2017 352 22 40 38 506 352.944890116       0.44      0.83     -1.61  0.       -5396.645       6043.241       2287.046    0.000  -0.066   0.183   0.
  2017 352 22 40 39 506 352.944901690       0.29      0.87     -2.07  0.       -5397.115       6042.436       2285.378    0.000  -0.066   0.182   0.
  2017 352 22 40 40 506 352.944913264       0.67      1.81     -2.78  0.       -5397.584       6041.630       2283.709    0.000  -0.066   0.181   0.
  2017 352 22 40 41 506 352.944924838       0.81      2.02     -2.64  0.       -5398.054       6040.824       2282.040    0.000  -0.066   0.181   0.
  2017 352 22 40 42 505 352.944936412       1.11      1.10     -3.19  0.       -5398.522       6040.017       2280.372    0.000  -0.066   0.180   0.
  2017 352 22 40 43 505 352.944947986       1.40      1.61     -2.59  0.       -5398.991       6039.209       2278.702    0.000  -0.066   0.180   0.
  2017 352 22 40 44 505 352.944959560       0.95      1.57     -2.46  0.       -5399.459       6038.402       2277.033    0.000  -0.065   0.179   0.
  2017 352 22 40 45 505 352.944971134       1.15      1.58     -2.55  0.       -5399.926       6037.593       2275.364    0.000  -0.065   0.179   0.
  2017 352 22 40 46 505 352.944982708       1.08      1.31     -2.23  0.       -5400.394       6036.785       2273.694    0.000  -0.065   0.178   0.
  2017 352 22 40 47 506 352.944994282       1.04      1.36     -2.01  0.       -5400.860       6035.976       2272.025    0.000  -0.065   0.178   0.
  2017 352 22 40 48 506 352.945005856       1.54      1.17     -1.89  0.       -5401.327       6035.166       2270.355    0.000  -0.064   0.177   0.
  2017 352 22 40 49 505 352.945017431       2.12      1.17     -1.95  0.       -5401.793       6034.357       2268.685    0.000  -0.064   0.177   0.
  2017 352 22 40 50 505 352.945029005       2.73      1.26     -1.90  0.       -5402.259       6033.546       2267.014    0.000  -0.064   0.176   0.
  2017 352 22 40 51 506 352.945040579       2.54      1.24     -1.93  0.       -5402.724       6032.735       2265.344    0.000  -0.064   0.176   0.
  2017 352 22 40 52 506 352.945052153       1.89      1.35     -1.82  0.       -5403.189       6031.924       2263.674    0.000  -0.064   0.175   0.
  2017 352 22 40 53 506 352.945063727       2.26      1.39     -2.03  0.       -5403.653       6031.113       2262.003    0.000  -0.064   0.175   0.
  2017 352 22 40 54 506 352.945075301       2.16      1.88     -1.60  0.       -5404.118       6030.301       2260.332    0.000  -0.063   0.174   0.
  2017 352 22 40 55 506 352.945086875       2.26      1.25     -1.52  0.       -5404.581       6029.488       2258.661    0.000  -0.063   0.174   0.
  2017 352 22 40 56 505 352.945098449       2.73      1.41     -2.08  0.       -5405.045       6028.675       2256.990    0.000  -0.063   0.173   0.
  2017 352 22 40 57 505 352.945110023       2.81      1.49     -2.31  0.       -5405.508       6027.862       2255.318    0.000  -0.063   0.173   0.
  2017 352 22 40 58 505 352.945121597       2.56      1.74     -2.01  0.       -5405.970       6027.048       2253.647    0.000  -0.063   0.172   0.
  2017 352 22 40 59 505 352.945133171       1.87      1.70     -2.36  0.       -5406.432       6026.234       2251.975    0.000  -0.063   0.172   0.
  2017 352 22 41  0 506 352.945144745       1.90      1.70     -2.42  0.       -5406.894       6025.419       2250.303    0.000  -0.062   0.171   0.
  2017 352 22 41  1 506 352.945156319       1.94      1.72     -2.42  0.       -5407.356       6024.604       2248.631    0.000  -0.062   0.171   0.
  2017 352 22 41  2 505 352.945167894       1.80      1.73     -3.02  0.       -5407.817       6023.789       2246.959    0.000  -0.062   0.170   0.
  2017 352 22 41  3 505 352.945179468       2.35      1.71     -2.75  0.       -5408.277       6022.972       2245.287    0.000  -0.062   0.170   0.
  2017 352 22 41  4 506 352.945191042       2.69      1.94     -3.01  0.       -5408.737       6022.156       2243.614    0.000  -0.062   0.169   0.
  2017 352 22 41  5 506 352.945202615       2.43      2.30     -2.44  0.       -5409.197       6021.339       2241.942    0.000  -0.062   0.169   0.
  2017 352 22 41  6 505 352.945214187       2.71      2.29     -2.13  0.       -5409.657       6020.522       2240.269    0.000  -0.061   0.168   0.
  2017 352 22 41  7 505 352.945225761       2.44      1.95     -1.99  0.       -5410.116       6019.704       2238.596    0.000  -0.061   0.168   0.
  2017 352 22 41  8 505 352.945237335       1.58      0.80     -1.23  0.       -5410.575       6018.886       2236.923    0.000  -0.061   0.167   0.
  2017 352 22 41  9 505 352.945248909       1.16      0.56     -0.98  0.       -5411.033       6018.067       2235.250    0.000  -0.061   0.167   0.
  2017 352 22 41 10 505 352.945260483       1.70      0.55     -1.37  0.       -5411.491       6017.248       2233.576    0.000  -0.060   0.166   0.
  2017 352 22 41 11 505 352.945272057       1.77      0.63     -1.40  0.       -5411.948       6016.429       2231.902    0.000  -0.060   0.166   0.
  2017 352 22 41 12 505 352.945283631       1.61      0.81     -1.79  0.       -5412.405       6015.609       2230.229    0.000  -0.060   0.165   0.
  2017 352 22 41 13 505 352.945295205       1.45      1.20     -1.87  0.       -5412.862       6014.789       2228.555    0.000  -0.060   0.165   0.
  2017 352 22 41 14 505 352.945306779       0.79      1.88     -2.09  0.       -5413.318       6013.968       2226.881    0.000  -0.060   0.165   0.
  2017 352 22 41 15 505 352.945318354       0.80      1.81     -1.81  0.       -5413.774       6013.147       2225.206    0.000  -0.060   0.165   0.
  2017 352 22 41 16 505 352.945329928       0.70      0.85     -2.52  0.       -5414.230       6012.325       2223.532    0.000  -0.060   0.164   0.
  2017 352 22 41 17 505 352.945341502       1.49      1.64     -2.97  0.       -5414.685       6011.503       2221.858    0.000  -0.060   0.164   0.
  2017 352 22 41 18 505 352.945353076       1.96      1.63     -2.21  0.       -5415.140       6010.681       2220.183    0.000  -0.059   0.163   0.
  2017 352 22 41 19 505 352.945364650       2.30      1.62     -2.36  0.       -5415.594       6009.858       2218.508    0.000  -0.059   0.163   0.
  2017 352 22 41 20 505 352.945376224       2.76      1.59     -2.35  0.       -5416.048       6009.034       2216.833    0.000  -0.059   0.162   0.
  2017 352 22 41 21 505 352.945387798       2.51      1.67     -2.30  0.       -5416.502       6008.211       2215.157    0.000  -0.059   0.162   0.
  2017 352 22 41 22 505 352.945399372       2.82      1.43     -2.38  0.       -5416.955       6007.386       2213.482    0.000  -0.059   0.162   0.
  2017 352 22 41 23 505 352.945410946       3.69      1.10     -2.88  0.       -5417.408       6006.562       2211.806    0.000  -0.059   0.162   0.
  2017 352 22 41 24 505 352.945422520       4.15      1.61     -3.06  0.       -5417.860       6005.736       2210.131    0.000  -0.059   0.161   0.
  2017 352 22 41 25 505 352.945434094       3.98      1.31     -2.79  0.       -5418.312       6004.911       2208.455    0.000  -0.059   0.161   0.
  2017 352 22 41 26 505 352.945445668       3.87      0.94     -2.62  0.       -5418.764       6004.085       2206.779    0.000  -0.058   0.160   0.
  2017 352 22 41 27 505 352.945457242       3.43      1.80     -2.36  0.       -5419.215       6003.258       2205.103    0.000  -0.058   0.160   0.
  2017 352 22 41 28 505 352.945468817       2.37      2.45     -2.17  0.       -5419.666       6002.432       2203.426    0.000  -0.058   0.160   0.
  2017 352 22 41 29 505 352.945480391       1.63      2.55     -2.11  0.       -5420.116       6001.604       2201.750    0.000  -0.058   0.160   0.
  2017 352 22 41 30 505 352.945491965       1.40      2.13     -2.05  0.       -5420.566       6000.776       2200.073    0.000  -0.058   0.159   0.
  2017 352 22 41 31 505 352.945503539       1.71      1.84     -1.63  0.       -5421.016       5999.948       2198.396    0.000  -0.058   0.159   0.
  2017 352 22 41 32 505 352.945515113       1.98      2.27     -1.89  0.       -5421.465       5999.120       2196.719    0.000  -0.058   0.159   0.
  2017 352 22 41 33 505 352.945526687       1.94      2.22     -2.55  0.       -5421.914       5998.291       2195.042    0.000  -0.058   0.159   0.
  2017 352 22 41 34 505 352.945538261       1.92      1.81     -2.37  0.       -5422.362       5997.461       2193.365    0.000  -0.058   0.158   0.
  2017 352 22 41 35 505 352.945549834       2.01      1.58     -2.83  0.       -5422.810       5996.631       2191.687    0.000  -0.058   0.158   0.
  2017 352 22 41 36 505 352.945561406       2.01      1.35     -3.39  0.       -5423.258       5995.801       2190.010    0.000  -0.057   0.158   0.
  2017 352 22 41 37 505 352.945572980       2.66      1.04     -3.28  0.       -5423.705       5994.970       2188.332    0.000  -0.057   0.158   0.
  2017 352 22 41 38 505 352.945584554       2.79      1.60     -3.04  0.       -5424.152       5994.139       2186.654    0.000  -0.057   0.157   0.
  2017 352 22 41 39 505 352.945596129       3.22      1.73     -3.31  0.       -5424.598       5993.307       2184.976    0.000  -0.057   0.157   0.
  2017 352 22 41 40 505 352.945607702       3.18      1.76     -3.03  0.       -5425.045       5992.475       2183.298    0.000  -0.057   0.157   0.
  2017 352 22 41 41 505 352.945619277       2.86      1.46     -2.87  0.       -5425.490       5991.642       2181.619    0.000  -0.057   0.157   0.
  2017 352 22 41 42 505 352.945630851       2.55      1.59     -3.01  0.       -5425.935       5990.809       2179.940    0.000  -0.057   0.156   0.
  2017 352 22 41 43 505 352.945642425       2.41      1.93     -2.41  0.       -5426.380       5989.976       2178.262    0.000  -0.057   0.156   0.
  2017 352 22 41 44 505 352.945653999       2.08      1.60     -2.43  0.       -5426.825       5989.142       2176.583    0.000  -0.057   0.156   0.
  2017 352 22 41 45 505 352.945665573       1.79      1.93     -3.28  0.       -5427.269       5988.308       2174.904    0.000  -0.057   0.156   0.
  2017 352 22 41 46 505 352.945677147       1.45      2.29     -3.23  0.       -5427.713       5987.473       2173.225    0.000  -0.057   0.156   0.
  2017 352 22 41 47 505 352.945688721       1.39      2.24     -2.70  0.       -5428.156       5986.638       2171.545    0.000  -0.057   0.156   0.
  2017 352 22 41 48 505 352.945700295       1.34      2.03     -2.71  0.       -5428.599       5985.802       2169.865    0.000  -0.057   0.155   0.
  2017 352 22 41 49 505 352.945711869       1.22      1.95     -2.63  0.       -5429.041       5984.966       2168.186    0.000  -0.057   0.155   0.
  2017 352 22 41 50 505 352.945723443       1.68      1.81     -3.09  0.       -5429.484       5984.130       2166.506    0.000  -0.056   0.155   0.
  2017 352 22 41 51 505 352.945735017       1.52      2.51     -3.27  0.       -5429.925       5983.293       2164.826    0.000  -0.056   0.155   0.
  2017 352 22 41 52 505 352.945746591       1.37      2.49     -2.88  0.       -5430.367       5982.455       2163.146    0.000  -0.056   0.155   0.
  2017 352 22 41 53 505 352.945758165       1.61      2.39     -2.92  0.       -5430.807       5981.618       2161.466    0.000  -0.056   0.155   0.
  2017 352 22 41 54 505 352.945769740       1.43      2.20     -2.69  0.       -5431.248       5980.779       2159.785    0.000  -0.056   0.155   0.
  2017 352 22 41 55 505 352.945781314       1.83      1.85     -2.94  0.       -5431.688       5979.941       2158.104    0.000  -0.056   0.155   0.
  2017 352 22 41 56 505 352.945792888       2.64      1.80     -3.11  0.       -5432.128       5979.102       2156.423    0.000  -0.056   0.154   0.
  2017 352 22 41 57 505 352.945804462       2.78      2.03     -3.41  0.       -5432.567       5978.262       2154.743    0.000  -0.056   0.154   0.
  2017 352 22 41 58 505 352.945816036       3.26      2.24     -3.57  0.       -5433.006       5977.422       2153.061    0.000  -0.056   0.154   0.
  2017 352 22 41 59 505 352.945827610       3.62      2.16     -3.55  0.       -5433.445       5976.582       2151.380    0.000  -0.056   0.154   0.
  2017 352 22 42  0 505 352.945839184       3.39      2.17     -3.55  0.       -5433.883       5975.741       2149.699    0.000  -0.056   0.154   0.
  2017 352 22 42  1 505 352.945850758       3.31      2.62     -3.55  0.       -5434.321       5974.899       2148.017    0.000  -0.056   0.154   0.
  2017 352 22 42  2 505 352.945862332       3.09      2.67     -3.55  0.       -5434.758       5974.058       2146.335    0.000  -0.056   0.154   0.
  2017 352 22 42  3 505 352.945873906       2.55      2.50     -3.30  0.       -5435.195       5973.216       2144.653    0.000  -0.056   0.154   0.
  2017 352 22 42  4 505 352.945885480       2.37      2.44     -3.33  0.       -5435.631       5972.373       2142.971    0.000  -0.056   0.154   0.
  2017 352 22 42  5 505 352.945897053       2.50      2.46     -3.43  0.       -5436.067       5971.530       2141.289    0.000  -0.056   0.154   0.
  2017 352 22 42  6 505 352.945908626       2.62      2.47     -3.22  0.       -5436.503       5970.686       2139.607    0.000  -0.056   0.154   0.
  2017 352 22 42  7 505 352.945920200       2.68      2.40     -3.14  0.       -5436.939       5969.842       2137.924    0.000  -0.056   0.154   0.
  2017 352 22 42  8 505 352.945931774       2.76      2.51     -3.64  0.       -5437.373       5968.998       2136.241    0.000  -0.056   0.153   0.
  2017 352 22 42  9 505 352.945943348       2.68      2.93     -3.47  0.       -5437.808       5968.153       2134.559    0.000  -0.056   0.153   0.
  2017 352 22 42 10 505 352.945954922       2.38      2.55     -3.21  0.       -5438.242       5967.308       2132.876    0.000  -0.056   0.154   0.
  2017 352 22 42 11 505 352.945966496       2.54      2.65     -3.03  0.       -5438.676       5966.462       2131.192    0.000  -0.056   0.154   0.
  2017 352 22 42 12 505 352.945978070       2.00      3.18     -3.39  0.       -5439.109       5965.616       2129.509    0.000  -0.056   0.153   0.
  2017 352 22 42 13 505 352.945989644       1.68      3.14     -3.80  0.       -5439.542       5964.770       2127.826    0.000  -0.056   0.153   0.
  2017 352 22 42 14 505 352.946001218       1.99      2.95     -3.84  0.       -5439.975       5963.923       2126.142    0.000  -0.056   0.153   0.
  2017 352 22 42 15 505 352.946012792       1.89      2.78     -3.86  0.       -5440.407       5963.075       2124.458    0.000  -0.056   0.153   0.
  2017 352 22 42 16 505 352.946024366       1.47      2.82     -3.84  0.       -5440.839       5962.227       2122.774    0.000  -0.056   0.154   0.
  2017 352 22 42 17 505 352.946035940       1.20      2.50     -3.94  0.       -5441.270       5961.379       2121.090    0.000  -0.056   0.154   0.
  2017 352 22 42 18 505 352.946047514       1.16      2.73     -3.76  0.       -5441.701       5960.530       2119.406    0.000  -0.056   0.153   0.
  2017 352 22 42 19 505 352.946059089       1.20      2.68     -3.95  0.       -5442.131       5959.681       2117.721    0.000  -0.056   0.153   0.
  2017 352 22 42 20 505 352.946070663       1.06      2.80     -3.98  0.       -5442.562       5958.831       2116.037    0.000  -0.056   0.154   0.
  2017 352 22 42 21 505 352.946082237       1.21      2.40     -3.93  0.       -5442.991       5957.981       2114.352    0.000  -0.056   0.154   0.
  2017 352 22 42 22 505 352.946093811       2.43      1.95     -3.56  0.       -5443.421       5957.131       2112.667    0.000  -0.056   0.154   0.
  2017 352 22 42 23 505 352.946105385       2.66      1.65     -3.45  0.       -5443.849       5956.280       2110.982    0.000  -0.056   0.154   0.
  2017 352 22 42 24 505 352.946116959       3.31      2.27     -3.26  0.       -5444.278       5955.428       2109.297    0.000  -0.056   0.154   0.
  2017 352 22 42 25 505 352.946128533       3.29      2.00     -2.55  0.       -5444.706       5954.576       2107.612    0.000  -0.056   0.154   0.
  2017 352 22 42 26 505 352.946140107       3.47      1.78     -2.94  0.       -5445.134       5953.724       2105.926    0.000  -0.056   0.154   0.
  2017 352 22 42 27 505 352.946151681       3.69      2.64     -2.96  0.       -5445.561       5952.871       2104.240    0.000  -0.056   0.154   0.
  2017 352 22 42 28 505 352.946163255       3.42      2.44     -2.34  0.       -5445.988       5952.018       2102.555    0.000  -0.056   0.154   0.
  2017 352 22 42 29 505 352.946174829       3.36      1.81     -2.38  0.       -5446.415       5951.165       2100.869    0.000  -0.056   0.154   0.
  2017 352 22 42 30 505 352.946186403       3.33      1.67     -2.31  0.       -5446.841       5950.311       2099.182    0.000  -0.056   0.154   0.
  2017 352 22 42 31 505 352.946197977       3.20      1.54     -2.15  0.       -5447.267       5949.456       2097.496    0.000  -0.056   0.154   0.
  2017 352 22 42 32 505 352.946209552       2.91      1.66     -1.83  0.       -5447.692       5948.601       2095.810    0.000  -0.056   0.154   0.
  2017 352 22 42 33 505 352.946221126       2.30      2.23     -1.50  0.       -5448.117       5947.746       2094.123    0.000  -0.056   0.154   0.
  2017 352 22 42 34 505 352.946232700       2.00      2.18     -1.79  0.       -5448.541       5946.890       2092.436    0.000  -0.056   0.153   0.
  2017 352 22 42 35 505 352.946244273       1.75      1.90     -2.02  0.       -5448.965       5946.034       2090.749    0.000  -0.056   0.153   0.
  2017 352 22 42 36 505 352.946255845       1.30      2.16     -2.06  0.       -5449.389       5945.177       2089.062    0.000  -0.056   0.153   0.
  2017 352 22 42 37 505 352.946267419       1.02      1.67     -1.35  0.       -5449.812       5944.320       2087.375    0.000  -0.056   0.153   0.
  2017 352 22 42 38 504 352.946278993       0.82      1.29     -1.44  0.       -5450.235       5943.462       2085.688    0.000  -0.056   0.153   0.
  2017 352 22 42 39 504 352.946290567       0.67      1.30     -1.38  0.       -5450.658       5942.604       2084.000    0.000  -0.056   0.153   0.
  2017 352 22 42 40 504 352.946302141       1.02      1.16     -1.46  0.       -5451.080       5941.746       2082.312    0.000  -0.056   0.153   0.
  2017 352 22 42 41 504 352.946313715       1.07      1.17     -1.11  0.       -5451.501       5940.887       2080.625    0.000  -0.056   0.153   0.
  2017 352 22 42 42 504 352.946325289       1.09      1.09     -1.17  0.       -5451.923       5940.028       2078.937    0.000  -0.056   0.153   0.
  2017 352 22 42 43 505 352.946336863       0.97      0.96     -1.26  0.       -5452.344       5939.168       2077.248    0.000  -0.056   0.153   0.
  2017 352 22 42 44 504 352.946348438       1.18      1.25     -2.25  0.       -5452.764       5938.308       2075.560    0.000  -0.056   0.153   0.
  2017 352 22 42 45 504 352.946360012       1.56      1.67     -2.78  0.       -5453.184       5937.447       2073.872    0.000  -0.056   0.153   0.
  2017 352 22 42 46 504 352.946371586       1.92      1.38     -2.69  0.       -5453.604       5936.586       2072.183    0.000  -0.056   0.153   0.
  2017 352 22 42 47 505 352.946383160       2.30      1.32     -2.15  0.       -5454.023       5935.724       2070.494    0.000  -0.056   0.153   0.
  2017 352 22 42 48 505 352.946394734       2.35      1.06     -1.77  0.       -5454.442       5934.862       2068.805    0.000  -0.056   0.154   0.
  2017 352 22 42 49 505 352.946406308       2.51      1.35     -1.74  0.       -5454.860       5934.000       2067.116    0.000  -0.056   0.154   0.
  2017 352 22 42 50 505 352.946417882       2.85      1.52     -1.96  0.       -5455.278       5933.137       2065.427    0.000  -0.056   0.153   0.
  2017 352 22 42 51 504 352.946429456       2.91      2.03     -1.92  0.       -5455.696       5932.274       2063.738    0.000  -0.056   0.153   0.
  2017 352 22 42 52 504 352.946441030       2.95      1.59     -1.97  0.       -5456.113       5931.411       2062.048    0.000  -0.056   0.153   0.
  2017 352 22 42 53 504 352.946452604       2.74      0.75     -2.07  0.       -5456.530       5930.546       2060.359    0.000  -0.056   0.153   0.
  2017 352 22 42 54 504 352.946464178       2.70      0.68     -1.83  0.       -5456.947       5929.681       2058.669    0.000  -0.056   0.153   0.
  2017 352 22 42 55 504 352.946475752       2.59      0.69     -1.47  0.       -5457.363       5928.816       2056.979    0.000  -0.056   0.153   0.
  2017 352 22 42 56 505 352.946487326       2.39      0.59     -1.12  0.       -5457.778       5927.951       2055.289    0.000  -0.056   0.153   0.
  2017 352 22 42 57 505 352.946498900       1.81      0.69     -2.13  0.       -5458.193       5927.085       2053.598    0.000  -0.056   0.153   0.
  2017 352 22 42 58 504 352.946510475       1.72      0.74     -1.80  0.       -5458.608       5926.218       2051.908    0.000  -0.056   0.153   0.
  2017 352 22 42 59 504 352.946522049       1.38      0.75     -2.28  0.       -5459.022       5925.352       2050.217    0.000  -0.056   0.153   0.
  2017 352 22 43  0 505 352.946533623       1.56      0.52     -2.67  0.       -5459.436       5924.484       2048.526    0.000  -0.056   0.153   0.
  2017 352 22 43  1 505 352.946545197       2.02      0.82     -2.99  0.       -5459.850       5923.617       2046.835    0.000  -0.056   0.153   0.
  2017 352 22 43  2 505 352.946556771       2.43      0.96     -2.28  0.       -5460.263       5922.748       2045.144    0.000  -0.056   0.153   0.
  2017 352 22 43  3 505 352.946568345       2.76      0.28     -2.37  0.       -5460.676       5921.880       2043.453    0.000  -0.056   0.153   0.
  2017 352 22 43  4 505 352.946579919       3.26      0.55     -2.60  0.       -5461.088       5921.011       2041.762    0.000  -0.056   0.153   0.
  2017 352 22 43  5 504 352.946591492       3.66      0.89     -2.61  0.       -5461.500       5920.141       2040.070    0.000  -0.056   0.153   0.
  2017 352 22 43  6 504 352.946603064       4.17      1.15     -2.77  0.       -5461.912       5919.271       2038.379    0.000  -0.056   0.153   0.
  2017 352 22 43  7 504 352.946614638       4.00      2.15     -2.56  0.       -5462.323       5918.401       2036.687    0.000  -0.056   0.153   0.
  2017 352 22 43  8 504 352.946626212       3.22      2.18     -3.06  0.       -5462.733       5917.530       2034.995    0.000  -0.056   0.153   0.
  2017 352 22 43  9 504 352.946637786       3.38      1.76     -3.03  0.       -5463.144       5916.659       2033.303    0.000  -0.056   0.153   0.
  2017 352 22 43 10 504 352.946649361       3.62      1.48     -2.64  0.       -5463.554       5915.787       2031.610    0.000  -0.056   0.153   0.
  2017 352 22 43 11 504 352.946660935       4.06      1.54     -3.02  0.       -5463.963       5914.915       2029.918    0.000  -0.056   0.153   0.
  2017 352 22 43 12 504 352.946672509       4.53      2.39     -3.15  0.       -5464.372       5914.043       2028.225    0.000  -0.056   0.153   0.
  2017 352 22 43 13 504 352.946684083       4.08      2.88     -2.81  0.       -5464.781       5913.169       2026.533    0.000  -0.056   0.153   0.
  2017 352 22 43 14 504 352.946695657       2.84      3.24     -2.48  0.       -5465.189       5912.296       2024.840    0.000  -0.056   0.153   0.
  2017 352 22 43 15 504 352.946707231       2.37      3.13     -2.23  0.       -5465.597       5911.422       2023.147    0.000  -0.056   0.153   0.
  2017 352 22 43 16 504 352.946718805       2.10      3.08     -1.94  0.       -5466.004       5910.548       2021.454    0.000  -0.056   0.153   0.
  2017 352 22 43 17 504 352.946730379       1.60      3.19     -2.25  0.       -5466.411       5909.673       2019.760    0.000  -0.056   0.153   0.
  2017 352 22 43 18 504 352.946741953       1.75      2.90     -2.53  0.       -5466.818       5908.798       2018.067    0.000  -0.056   0.153   0.
  2017 352 22 43 19 504 352.946753527       1.47      2.63     -2.37  0.       -5467.224       5907.922       2016.373    0.000  -0.056   0.153   0.
  2017 352 22 43 20 504 352.946765101       1.00      2.29     -2.28  0.       -5467.630       5907.046       2014.679    0.000  -0.056   0.153   0.
  2017 352 22 43 21 504 352.946776675       1.30      1.60     -2.28  0.       -5468.035       5906.169       2012.985    0.000  -0.056   0.153   0.
  2017 352 22 43 22 504 352.946788249       1.26      1.63     -2.54  0.       -5468.440       5905.292       2011.291    0.000  -0.056   0.153   0.
  2017 352 22 43 23 504 352.946799823       1.71      1.73     -2.73  0.       -5468.845       5904.415       2009.597    0.000  -0.056   0.153   0.
  2017 352 22 43 24 504 352.946811398       2.15      1.78     -2.47  0.       -5469.249       5903.537       2007.903    0.000  -0.056   0.153   0.
  2017 352 22 43 25 504 352.946822972       2.52      1.21     -2.31  0.       -5469.653       5902.659       2006.208    0.000  -0.056   0.153   0.
  2017 352 22 43 26 504 352.946834546       2.20      1.96     -2.08  0.       -5470.056       5901.780       2004.513    0.000  -0.056   0.153   0.
  2017 352 22 43 27 504 352.946846120       2.00      1.92     -1.96  0.       -5470.459       5900.901       2002.818    0.000  -0.056   0.153   0.
  2017 352 22 43 28 504 352.946857694       2.01      1.31     -1.48  0.       -5470.862       5900.021       2001.123    0.000  -0.056   0.153   0.
  2017 352 22 43 29 504 352.946869268       1.36      0.55     -1.03  0.       -5471.264       5899.141       1999.428    0.000  -0.056   0.153   0.
  2017 352 22 43 30 504 352.946880842       1.24     -0.25     -1.54  0.       -5471.666       5898.260       1997.733    0.000  -0.056   0.153   0.
  2017 352 22 43 31 504 352.946892416       2.26      0.68     -2.09  0.       -5472.067       5897.379       1996.037    0.000  -0.056   0.153   0.
  2017 352 22 43 32 504 352.946903990       2.32      1.62     -3.36  0.       -5472.468       5896.498       1994.342    0.000  -0.056   0.153   0.
  2017 352 22 43 33 504 352.946915564       3.01      1.76     -3.22  0.       -5472.868       5895.616       1992.646    0.000  -0.056   0.153   0.
  2017 352 22 43 34 504 352.946927138       2.91      1.48     -2.95  0.       -5473.268       5894.734       1990.950    0.000  -0.056   0.153   0.
  2017 352 22 43 35 504 352.946938711       2.87      1.52     -3.17  0.       -5473.668       5893.851       1989.254    0.000  -0.056   0.153   0.
  2017 352 22 43 36 504 352.946950284       2.76      1.64     -2.86  0.       -5474.067       5892.968       1987.558    0.000  -0.056   0.153   0.
  2017 352 22 43 37 504 352.946961858       2.15      1.45     -2.66  0.       -5474.466       5892.084       1985.861    0.000  -0.056   0.153   0.
  2017 352 22 43 38 504 352.946973432       1.87      1.63     -2.80  0.       -5474.864       5891.200       1984.165    0.000  -0.056   0.153   0.
  2017 352 22 43 39 504 352.946985006       1.79      1.14     -2.15  0.       -5475.262       5890.315       1982.468    0.000  -0.056   0.153   0.
  2017 352 22 43 40 504 352.946996580       1.77      1.25     -2.15  0.       -5475.660       5889.431       1980.772    0.000  -0.056   0.153   0.
  2017 352 22 43 41 504 352.947008154       2.02      1.65     -2.11  0.       -5476.057       5888.545       1979.075    0.000  -0.056   0.153   0.
  2017 352 22 43 42 504 352.947019728       2.33      1.79     -2.06  0.       -5476.454       5887.659       1977.378    0.000  -0.056   0.153   0.
  2017 352 22 43 43 504 352.947031302       2.47      1.90     -2.12  0.       -5476.850       5886.773       1975.680    0.000  -0.056   0.153   0.
  2017 352 22 43 44 504 352.947042876       2.85      1.88     -1.60  0.       -5477.246       5885.886       1973.983    0.000  -0.056   0.153   0.
  2017 352 22 43 45 504 352.947054450       2.72      1.50     -1.37  0.       -5477.642       5884.999       1972.285    0.000  -0.056   0.153   0.
  2017 352 22 43 46 504 352.947066024       2.63      1.55     -1.54  0.       -5478.037       5884.111       1970.588    0.000  -0.056   0.153   0.
  2017 352 22 43 47 504 352.947077598       2.69      1.27     -1.80  0.       -5478.431       5883.223       1968.890    0.000  -0.056   0.153   0.
  2017 352 22 43 48 504 352.947089173       3.08      1.60     -2.17  0.       -5478.826       5882.335       1967.192    0.000  -0.056   0.153   0.
  2017 352 22 43 49 504 352.947100746       3.03      2.92     -2.06  0.       -5479.219       5881.446       1965.494    0.000  -0.056   0.153   0.
  2017 352 22 43 50 504 352.947112321       2.81      1.93     -1.95  0.       -5479.613       5880.556       1963.795    0.000  -0.056   0.153   0.
  2017 352 22 43 51 504 352.947123895       3.34      1.24     -2.19  0.       -5480.006       5879.666       1962.097    0.000  -0.056   0.153   0.
  2017 352 22 43 52 504 352.947135469       3.58      1.56     -2.25  0.       -5480.399       5878.776       1960.398    0.000  -0.056   0.153   0.
  2017 352 22 43 53 504 352.947147043       3.67      1.62     -2.57  0.       -5480.791       5877.885       1958.700    0.000  -0.056   0.153   0.
  2017 352 22 43 54 504 352.947158617       3.62      1.47     -2.49  0.       -5481.182       5876.994       1957.001    0.000  -0.056   0.153   0.
  2017 352 22 43 55 504 352.947170191       3.89      1.61     -1.99  0.       -5481.574       5876.102       1955.302    0.000  -0.056   0.153   0.
  2017 352 22 43 56 504 352.947181765       3.64      1.56     -1.94  0.       -5481.965       5875.210       1953.603    0.000  -0.056   0.153   0.
  2017 352 22 43 57 504 352.947193339       3.35      1.53     -2.04  0.       -5482.355       5874.318       1951.903    0.000  -0.056   0.153   0.
  2017 352 22 43 58 504 352.947204913       3.59      1.89     -2.03  0.       -5482.745       5873.425       1950.204    0.000  -0.056   0.153   0.
  2017 352 22 43 59 504 352.947216487       3.71      1.82     -1.84  0.       -5483.135       5872.531       1948.504    0.000  -0.056   0.153   0.
  2017 352 22 44  0 504 352.947228061       3.94      1.34     -1.62  0.       -5483.524       5871.637       1946.804    0.000  -0.056   0.153   0.
  2017 352 22 44  1 504 352.947239635       4.16      0.71     -1.51  0.       -5483.913       5870.743       1945.104    0.000  -0.056   0.153   0.
  2017 352 22 44  2 504 352.947251209       4.20      0.24     -1.95  0.       -5484.302       5869.848       1943.404    0.000  -0.056   0.153   0.
  2017 352 22 44  3 504 352.947262784       4.52      0.33     -1.84  0.       -5484.690       5868.953       1941.704    0.000  -0.056   0.153   0.
  2017 352 22 44  4 504 352.947274358       4.81      0.50     -1.81  0.       -5485.077       5868.057       1940.004    0.000  -0.056   0.153   0.
  2017 352 22 44  5 504 352.947285932       4.98      0.38     -1.83  0.       -5485.465       5867.161       1938.303    0.000  -0.056   0.153   0.
  2017 352 22 44  6 504 352.947297506       4.93      0.73     -1.93  0.       -5485.851       5866.265       1936.603    0.000  -0.056   0.153   0.
  2017 352 22 44  7 504 352.947309079       5.01      1.07     -1.98  0.       -5486.238       5865.368       1934.902    0.000  -0.056   0.153   0.
  2017 352 22 44  8 504 352.947320651       4.92      1.10     -2.20  0.       -5486.624       5864.470       1933.201    0.000  -0.056   0.153   0.
  2017 352 22 44  9 504 352.947332225       4.94      0.54     -2.31  0.       -5487.009       5863.572       1931.500    0.000  -0.056   0.153   0.
  2017 352 22 44 10 504 352.947343799       4.63      0.39     -2.60  0.       -5487.395       5862.674       1929.798    0.000  -0.056   0.153   0.
  2017 352 22 44 11 504 352.947355373       4.47      0.95     -2.77  0.       -5487.779       5861.775       1928.097    0.000  -0.056   0.153   0.
  2017 352 22 44 12 504 352.947366947       4.49      1.31     -2.70  0.       -5488.163       5860.876       1926.396    0.000  -0.056   0.153   0.
  2017 352 22 44 13 504 352.947378521       4.47      1.35     -2.41  0.       -5488.547       5859.976       1924.694    0.000  -0.056   0.153   0.
  2017 352 22 44 14 504 352.947390096       4.32      1.09     -2.36  0.       -5488.931       5859.076       1922.992    0.000  -0.056   0.153   0.
  2017 352 22 44 15 504 352.947401670       3.93      1.15     -2.41  0.       -5489.314       5858.176       1921.290    0.000  -0.056   0.153   0.
  2017 352 22 44 16 504 352.947413244       3.90      0.79     -2.32  0.       -5489.697       5857.275       1919.588    0.000  -0.056   0.153   0.
  2017 352 22 44 17 504 352.947424818       3.95      0.74     -1.64  0.       -5490.079       5856.373       1917.886    0.000  -0.056   0.153   0.
  2017 352 22 44 18 504 352.947436392       3.84      0.70     -1.62  0.       -5490.460       5855.471       1916.183    0.000  -0.056   0.153   0.
  2017 352 22 44 19 504 352.947447966       3.89      0.62     -1.53  0.       -5490.842       5854.569       1914.481    0.000  -0.056   0.153   0.
  2017 352 22 44 20 504 352.947459540       3.67      0.76     -1.56  0.       -5491.223       5853.666       1912.778    0.000  -0.056   0.153   0.
  2017 352 22 44 21 504 352.947471114       3.70      0.71     -1.68  0.       -5491.603       5852.763       1911.075    0.000  -0.056   0.153   0.
  2017 352 22 44 22 504 352.947482688       4.00      0.39     -1.71  0.       -5491.983       5851.859       1909.372    0.000  -0.056   0.153   0.
  2017 352 22 44 23 504 352.947494262       4.07      0.61     -1.60  0.       -5492.363       5850.955       1907.669    0.000  -0.056   0.153   0.
  2017 352 22 44 24 504 352.947505836       4.28      0.58     -1.90  0.       -5492.742       5850.050       1905.966    0.000  -0.056   0.153   0.
  2017 352 22 44 25 504 352.947517410       4.30      0.79     -2.33  0.       -5493.121       5849.145       1904.262    0.000  -0.056   0.153   0.
  2017 352 22 44 26 504 352.947528984       4.54      1.21     -2.59  0.       -5493.500       5848.240       1902.559    0.000  -0.056   0.153   0.
  2017 352 22 44 27 504 352.947540558       4.29      1.79     -2.50  0.       -5493.878       5847.334       1900.855    0.000  -0.056   0.153   0.
  2017 352 22 44 28 504 352.947552133       3.76      1.75     -2.82  0.       -5494.255       5846.428       1899.151    0.000  -0.056   0.153   0.
  2017 352 22 44 29 504 352.947563707       3.88      1.99     -2.96  0.       -5494.632       5845.521       1897.447    0.000  -0.056   0.153   0.
  2017 352 22 44 30 504 352.947575281       4.07      2.27     -2.28  0.       -5495.009       5844.614       1895.743    0.000  -0.056   0.153   0.
  2017 352 22 44 31 504 352.947586855       3.64      2.21     -2.33  0.       -5495.385       5843.706       1894.039    0.000  -0.056   0.153   0.
  2017 352 22 44 32 504 352.947598429       3.89      2.03     -2.48  0.       -5495.761       5842.798       1892.334    0.000  -0.056   0.153   0.
  2017 352 22 44 33 504 352.947610003       4.25      1.94     -2.31  0.       -5496.137       5841.889       1890.630    0.000  -0.056   0.153   0.
  2017 352 22 44 34 504 352.947621577       4.39      1.96     -2.08  0.       -5496.512       5840.980       1888.925    0.000  -0.056   0.153   0.
  2017 352 22 44 35 504 352.947633151       4.63      1.88     -1.93  0.       -5496.887       5840.071       1887.220    0.000  -0.056   0.153   0.
  2017 352 22 44 36 504 352.947644725       5.00      1.80     -1.60  0.       -5497.261       5839.161       1885.515    0.000  -0.056   0.153   0.
  2017 352 22 44 37 503 352.947656298       5.04      1.74     -1.64  0.       -5497.635       5838.250       1883.810    0.000  -0.056   0.153   0.
  2017 352 22 44 38 504 352.947667870       5.15      1.22     -2.05  0.       -5498.008       5837.339       1882.104    0.000  -0.056   0.153   0.
  2017 352 22 44 39 504 352.947679444       5.56      0.93     -2.05  0.       -5498.381       5836.428       1880.399    0.000  -0.056   0.153   0.
  2017 352 22 44 40 503 352.947691019       5.53      1.00     -1.72  0.       -5498.754       5835.517       1878.693    0.000  -0.056   0.153   0.
  2017 352 22 44 41 503 352.947702593       5.42      1.06     -1.85  0.       -5499.126       5834.604       1876.988    0.000  -0.056   0.153   0.
  2017 352 22 44 42 504 352.947714167       5.32      1.21     -1.93  0.       -5499.497       5833.692       1875.282    0.000  -0.056   0.153   0.
  2017 352 22 44 43 504 352.947725741       5.13      1.28     -1.80  0.       -5499.869       5832.779       1873.576    0.000  -0.056   0.153   0.
  2017 352 22 44 44 504 352.947737315       4.80      1.42     -1.70  0.       -5500.240       5831.865       1871.869    0.000  -0.056   0.153   0.
  2017 352 22 44 45 504 352.947748889       4.43      1.55     -2.02  0.       -5500.610       5830.951       1870.163    0.000  -0.056   0.153   0.
  2017 352 22 44 46 504 352.947760463       4.59      1.45     -2.51  0.       -5500.980       5830.037       1868.457    0.000  -0.056   0.153   0.
  2017 352 22 44 47 503 352.947772037       4.81      1.27     -2.45  0.       -5501.350       5829.122       1866.750    0.000  -0.056   0.153   0.
  2017 352 22 44 48 503 352.947783611       4.94      1.31     -2.66  0.       -5501.719       5828.206       1865.043    0.000  -0.056   0.153   0.
  2017 352 22 44 49 503 352.947795185       4.67      1.42     -2.93  0.       -5502.088       5827.291       1863.336    0.000  -0.056   0.153   0.
  2017 352 22 44 50 503 352.947806759       4.19      1.43     -2.82  0.       -5502.456       5826.374       1861.629    0.000  -0.056   0.153   0.
  2017 352 22 44 51 503 352.947818333       3.64      1.21     -2.53  0.       -5502.824       5825.458       1859.922    0.000  -0.056   0.153   0.
  2017 352 22 44 52 504 352.947829907       3.42      0.78     -2.46  0.       -5503.191       5824.541       1858.215    0.000  -0.056   0.153   0.
  2017 352 22 44 53 504 352.947841481       3.08      0.85     -2.36  0.       -5503.558       5823.623       1856.507    0.000  -0.056   0.153   0.
  2017 352 22 44 54 503 352.947853056       2.20      1.32     -1.83  0.       -5503.925       5822.705       1854.800    0.000  -0.056   0.153   0.
  2017 352 22 44 55 503 352.947864630       1.64      1.40     -1.96  0.       -5504.291       5821.787       1853.092    0.000  -0.056   0.153   0.
  2017 352 22 44 56 504 352.947876204       1.96      1.18     -1.87  0.       -5504.657       5820.868       1851.384    0.000  -0.056   0.153   0.
  2017 352 22 44 57 504 352.947887778       1.71      1.11     -1.68  0.       -5505.022       5819.948       1849.676    0.000  -0.056   0.153   0.
  2017 352 22 44 58 504 352.947899352       1.64      1.62     -1.28  0.       -5505.387       5819.029       1847.968    0.000  -0.056   0.153   0.
  2017 352 22 44 59 504 352.947910926       1.48      1.52     -0.84  0.       -5505.752       5818.108       1846.260    0.000  -0.056   0.153   0.
  2017 352 22 45  0 504 352.947922500       1.74      1.44     -0.90  0.       -5506.116       5817.188       1844.551    0.000  -0.056   0.153   0.
  2017 352 22 45  1 503 352.947934074       2.05      1.59     -0.97  0.       -5506.479       5816.266       1842.843    0.000  -0.056   0.153   0.
  2017 352 22 45  2 503 352.947945648       2.55      1.67     -0.98  0.       -5506.843       5815.345       1841.134    0.000  -0.056   0.153   0.
  2017 352 22 45  3 503 352.947957222       2.59      0.83     -1.45  0.       -5507.206       5814.423       1839.425    0.000  -0.056   0.153   0.
  2017 352 22 45  4 503 352.947968796       2.05      1.04     -1.58  0.       -5507.568       5813.500       1837.716    0.000  -0.056   0.153   0.
  2017 352 22 45  5 504 352.947980370       2.11      0.97     -1.85  0.       -5507.930       5812.577       1836.007    0.000  -0.056   0.153   0.
  2017 352 22 45  6 504 352.947991944       2.73      0.10     -2.09  0.       -5508.291       5811.654       1834.297    0.000  -0.056   0.153   0.
  2017 352 22 45  7 503 352.948003517       3.14      0.24     -2.26  0.       -5508.652       5810.730       1832.588    0.000  -0.056   0.153   0.
  2017 352 22 45  8 503 352.948015090       3.54      0.58     -1.76  0.       -5509.013       5809.806       1830.878    0.000  -0.056   0.153   0.
  2017 352 22 45  9 503 352.948026664       3.66      0.81     -2.04  0.       -5509.374       5808.881       1829.168    0.000  -0.056   0.153   0.
  2017 352 22 45 10 503 352.948038238       3.73      0.92     -2.16  0.       -5509.733       5807.956       1827.459    0.000  -0.056   0.153   0.
  2017 352 22 45 11 503 352.948049812       3.59      1.01     -2.18  0.       -5510.093       5807.030       1825.749    0.000  -0.056   0.153   0.
  2017 352 22 45 12 503 352.948061386       3.74      0.52     -1.91  0.       -5510.452       5806.104       1824.038    0.000  -0.056   0.153   0.
  2017 352 22 45 13 503 352.948072960       3.94      0.33     -1.43  0.       -5510.810       5805.178       1822.328    0.000  -0.056   0.153   0.
  2017 352 22 45 14 503 352.948084534       3.98      0.32     -1.04  0.       -5511.168       5804.250       1820.618    0.000  -0.056   0.153   0.
  2017 352 22 45 15 503 352.948096108       3.84      0.03     -0.75  0.       -5511.526       5803.323       1818.907    0.000  -0.056   0.153   0.
  2017 352 22 45 16 503 352.948107682       3.74     -0.31     -0.73  0.       -5511.883       5802.395       1817.196    0.000  -0.056   0.153   0.
  2017 352 22 45 17 503 352.948119256       3.82     -0.33     -0.81  0.       -5512.240       5801.467       1815.485    0.000  -0.056   0.153   0.
  2017 352 22 45 18 503 352.948130830       4.01     -0.20     -0.64  0.       -5512.597       5800.538       1813.774    0.000  -0.056   0.153   0.
  2017 352 22 45 19 503 352.948142405       4.14     -0.18     -0.62  0.       -5512.953       5799.609       1812.063    0.000  -0.056   0.153   0.
  2017 352 22 45 20 503 352.948153979       4.33     -0.27     -0.62  0.       -5513.308       5798.679       1810.352    0.000  -0.056   0.153   0.
  2017 352 22 45 21 503 352.948165553       4.37     -0.29     -0.77  0.       -5513.663       5797.749       1808.641    0.000  -0.056   0.153   0.
  2017 352 22 45 22 503 352.948177127       4.63     -0.16     -0.96  0.       -5514.018       5796.819       1806.929    0.000  -0.056   0.153   0.
  2017 352 22 45 23 503 352.948188701       4.98     -0.03     -1.12  0.       -5514.372       5795.888       1805.217    0.000  -0.056   0.153   0.
  2017 352 22 45 24 503 352.948200275       5.33     -0.08     -1.33  0.       -5514.726       5794.956       1803.506    0.000  -0.056   0.153   0.
  2017 352 22 45 25 503 352.948211849       5.85     -0.14     -1.68  0.       -5515.079       5794.024       1801.793    0.000  -0.056   0.153   0.
  2017 352 22 45 26 503 352.948223423       6.35      0.22     -1.85  0.       -5515.433       5793.092       1800.081    0.000  -0.056   0.153   0.
  2017 352 22 45 27 503 352.948234997       6.34      0.71     -1.80  0.       -5515.785       5792.159       1798.369    0.000  -0.056   0.153   0.
  2017 352 22 45 28 503 352.948246571       6.05      0.96     -1.63  0.       -5516.137       5791.226       1796.657    0.000  -0.056   0.153   0.
  2017 352 22 45 29 503 352.948258145       5.81      0.98     -1.59  0.       -5516.489       5790.292       1794.944    0.000  -0.056   0.153   0.
  2017 352 22 45 30 503 352.948269719       5.67      0.86     -1.58  0.       -5516.840       5789.358       1793.231    0.000  -0.056   0.153   0.
  2017 352 22 45 31 503 352.948281293       5.48      0.64     -1.69  0.       -5517.191       5788.423       1791.518    0.000  -0.056   0.153   0.
  2017 352 22 45 32 503 352.948292867       5.58      0.83     -1.90  0.       -5517.541       5787.488       1789.805    0.000  -0.056   0.153   0.
  2017 352 22 45 33 503 352.948304442       5.41      0.95     -1.86  0.       -5517.891       5786.552       1788.092    0.000  -0.056   0.153   0.
  2017 352 22 45 34 503 352.948316016       5.20      0.93     -1.89  0.       -5518.241       5785.616       1786.379    0.000  -0.056   0.153   0.
  2017 352 22 45 35 503 352.948327590       5.09      0.86     -1.86  0.       -5518.590       5784.680       1784.666    0.000  -0.056   0.153   0.
  2017 352 22 45 36 503 352.948339164       5.06      0.53     -1.77  0.       -5518.939       5783.743       1782.952    0.000  -0.056   0.153   0.
  2017 352 22 45 37 503 352.948350737       5.27     -0.02     -1.71  0.       -5519.287       5782.806       1781.239    0.000  -0.056   0.153   0.
  2017 352 22 45 38 503 352.948362309       5.13     -0.20     -1.54  0.       -5519.635       5781.868       1779.525    0.000  -0.056   0.153   0.
  2017 352 22 45 39 503 352.948373883       4.94     -0.17     -1.36  0.       -5519.982       5780.930       1777.811    0.000  -0.056   0.153   0.
  2017 352 22 45 40 503 352.948385457       4.87     -0.27     -1.18  0.       -5520.329       5779.991       1776.097    0.000  -0.056   0.153   0.
  2017 352 22 45 41 503 352.948397031       4.94     -0.13     -1.18  0.       -5520.676       5779.052       1774.382    0.000  -0.056   0.153   0.
  2017 352 22 45 42 503 352.948408605       4.94      0.08     -1.18  0.       -5521.022       5778.112       1772.668    0.000  -0.056   0.153   0.
  2017 352 22 45 43 503 352.948420179       5.11      0.06     -1.11  0.       -5521.368       5777.172       1770.954    0.000  -0.056   0.153   0.
  2017 352 22 45 44 503 352.948431754       5.19      0.04     -1.07  0.       -5521.713       5776.232       1769.239    0.000  -0.056   0.153   0.
  2017 352 22 45 45 503 352.948443328       5.26      0.08     -0.97  0.       -5522.058       5775.291       1767.524    0.000  -0.056   0.153   0.
  2017 352 22 45 46 503 352.948454902       5.32      0.10     -0.91  0.       -5522.402       5774.349       1765.809    0.000  -0.056   0.153   0.
  2017 352 22 45 47 503 352.948466476       5.27      0.08     -0.74  0.       -5522.746       5773.408       1764.094    0.000  -0.056   0.153   0.
  2017 352 22 45 48 503 352.948478050       5.23     -0.00     -0.72  0.       -5523.090       5772.465       1762.379    0.000  -0.056   0.153   0.
  2017 352 22 45 49 503 352.948489624       5.36     -0.46     -0.68  0.       -5523.433       5771.523       1760.664    0.000  -0.056   0.153   0.
  2017 352 22 45 50 503 352.948501198       5.52     -0.98     -0.50  0.       -5523.775       5770.579       1758.948    0.000  -0.056   0.153   0.
  2017 352 22 45 51 503 352.948512772       5.94     -1.28     -0.44  0.       -5524.118       5769.636       1757.233    0.000  -0.056   0.153   0.
  2017 352 22 45 52 503 352.948524346       6.19     -1.63     -0.36  0.       -5524.459       5768.691       1755.517    0.000  -0.056   0.153   0.
  2017 352 22 45 53 503 352.948535920       6.35     -1.84     -0.31  0.       -5524.801       5767.747       1753.801    0.000  -0.056   0.153   0.
  2017 352 22 45 54 503 352.948547494       6.35     -1.77     -0.28  0.       -5525.142       5766.802       1752.085    0.000  -0.056   0.153   0.
  2017 352 22 45 55 503 352.948559068       6.15     -1.94     -0.16  0.       -5525.482       5765.856       1750.369    0.000  -0.056   0.153   0.
  2017 352 22 45 56 503 352.948570642       5.95     -2.05     -0.07  0.       -5525.822       5764.911       1748.652    0.000  -0.056   0.153   0.
  2017 352 22 45 57 503 352.948582216       5.80     -2.11      0.11  0.       -5526.162       5763.964       1746.936    0.000  -0.056   0.153   0.
  2017 352 22 45 58 503 352.948593791       5.82     -2.16      0.23  0.       -5526.501       5763.017       1745.219    0.000  -0.056   0.153   0.
  2017 352 22 45 59 503 352.948605365       5.85     -2.22      0.23  0.       -5526.840       5762.070       1743.503    0.000  -0.056   0.153   0.
  2017 352 22 46  0 503 352.948616939       5.94     -2.14      0.20  0.       -5527.178       5761.122       1741.786    0.000  -0.056   0.153   0.
  2017 352 22 46  1 503 352.948628513       6.13     -1.76     -0.16  0.       -5527.516       5760.174       1740.069    0.000  -0.056   0.153   0.
  2017 352 22 46  2 503 352.948640087       6.36     -1.07     -0.63  0.       -5527.854       5759.226       1738.352    0.000  -0.056   0.153   0.
  2017 352 22 46  3 503 352.948651661       6.37     -0.46     -0.87  0.       -5528.191       5758.276       1736.635    0.000  -0.056   0.153   0.
  2017 352 22 46  4 503 352.948663235       6.38     -0.19     -0.98  0.       -5528.527       5757.327       1734.917    0.000  -0.056   0.153   0.
  2017 352 22 46  5 503 352.948674809       6.37     -0.12     -1.02  0.       -5528.864       5756.377       1733.200    0.000  -0.056   0.153   0.
  2017 352 22 46  6 503 352.948686383       6.40     -0.16     -0.91  0.       -5529.199       5755.427       1731.482    0.000  -0.056   0.153   0.
  2017 352 22 46  7 503 352.948697956       6.19     -0.33     -0.74  0.       -5529.534       5754.476       1729.764    0.000  -0.056   0.153   0.
  2017 352 22 46  8 503 352.948709528       5.94     -0.52     -0.87  0.       -5529.869       5753.524       1728.046    0.000  -0.056   0.153   0.
  2017 352 22 46  9 503 352.948721102       5.78     -0.67     -0.79  0.       -5530.204       5752.573       1726.328    0.000  -0.056   0.153   0.
  2017 352 22 46 10 503 352.948732677       5.74     -0.74     -0.45  0.       -5530.538       5751.620       1724.610    0.000  -0.056   0.153   0.
  2017 352 22 46 11 503 352.948744251       5.54     -0.77     -0.47  0.       -5530.871       5750.668       1722.892    0.000  -0.056   0.153   0.
  2017 352 22 46 12 503 352.948755825       5.37     -0.86     -0.29  0.       -5531.204       5749.714       1721.173    0.000  -0.056   0.153   0.
  2017 352 22 46 13 503 352.948767399       5.19     -0.85     -0.33  0.       -5531.537       5748.761       1719.455    0.000  -0.056   0.153   0.
  2017 352 22 46 14 503 352.948778973       5.29     -0.84     -0.43  0.       -5531.869       5747.807       1717.736    0.000  -0.056   0.153   0.
  2017 352 22 46 15 503 352.948790547       5.50     -0.97     -0.58  0.       -5532.201       5746.852       1716.017    0.000  -0.056   0.153   0.
  2017 352 22 46 16 503 352.948802121       5.68     -1.27     -0.62  0.       -5532.532       5745.897       1714.298    0.000  -0.056   0.153   0.
  2017 352 22 46 17 503 352.948813695       6.16     -1.10     -0.82  0.       -5532.864       5744.942       1712.579    0.000  -0.056   0.153   0.
  2017 352 22 46 18 503 352.948825269       6.25     -0.35     -0.90  0.       -5533.194       5743.986       1710.859    0.000  -0.056   0.153   0.
  2017 352 22 46 19 503 352.948836843       6.18      0.03     -0.81  0.       -5533.524       5743.030       1709.140    0.000  -0.056   0.153   0.
  2017 352 22 46 20 503 352.948848417       6.00      0.36     -0.90  0.       -5533.854       5742.073       1707.421    0.000  -0.056   0.153   0.
  2017 352 22 46 21 503 352.948859991       5.78      0.11     -0.92  0.       -5534.183       5741.116       1705.701    0.000  -0.056   0.153   0.
  2017 352 22 46 22 503 352.948871565       5.90     -0.20     -0.72  0.       -5534.512       5740.158       1703.981    0.000  -0.056   0.153   0.
  2017 352 22 46 23 503 352.948883139       5.95      0.20     -0.92  0.       -5534.840       5739.200       1702.261    0.000  -0.056   0.153   0.
  2017 352 22 46 24 503 352.948894714       5.65      0.52     -1.00  0.       -5535.168       5738.241       1700.541    0.000  -0.056   0.153   0.
  2017 352 22 46 25 503 352.948906288       5.35      0.85     -1.15  0.       -5535.495       5737.282       1698.821    0.000  -0.056   0.153   0.
  2017 352 22 46 26 503 352.948917862       4.98      1.38     -1.19  0.       -5535.822       5736.323       1697.100    0.000  -0.056   0.153   0.
  2017 352 22 46 27 503 352.948929436       4.90      1.50     -1.18  0.       -5536.149       5735.363       1695.380    0.000  -0.056   0.153   0.
  2017 352 22 46 28 503 352.948941010       5.08      1.34     -1.05  0.       -5536.475       5734.402       1693.659    0.000  -0.056   0.153   0.
  2017 352 22 46 29 503 352.948952584       5.25      1.28     -1.10  0.       -5536.801       5733.441       1691.938    0.000  -0.056   0.153   0.
  2017 352 22 46 30 503 352.948964158       5.20      1.22     -1.13  0.       -5537.126       5732.480       1690.218    0.000  -0.056   0.153   0.
  2017 352 22 46 31 503 352.948975732       5.08      1.06     -0.92  0.       -5537.451       5731.518       1688.497    0.000  -0.056   0.153   0.
  2017 352 22 46 32 503 352.948987306       4.88      0.55     -0.60  0.       -5537.775       5730.556       1686.775    0.000  -0.056   0.153   0.
  2017 352 22 46 33 503 352.948998880       4.95     -0.06     -0.56  0.       -5538.099       5729.593       1685.054    0.000  -0.056   0.153   0.
  2017 352 22 46 34 503 352.949010454       5.22     -0.77     -0.72  0.       -5538.423       5728.630       1683.333    0.000  -0.056   0.153   0.
  2017 352 22 46 35 503 352.949022027       5.31     -1.35     -0.70  0.       -5538.746       5727.667       1681.611    0.000  -0.056   0.153   0.
  2017 352 22 46 36 502 352.949033600       5.63     -1.42     -0.81  0.       -5539.068       5726.703       1679.889    0.000  -0.056   0.153   0.
  2017 352 22 46 37 502 352.949045174       5.76     -0.67     -1.12  0.       -5539.390       5725.738       1678.168    0.000  -0.056   0.153   0.
  2017 352 22 46 38 503 352.949056748       5.74      0.23     -1.02  0.       -5539.712       5724.773       1676.446    0.000  -0.056   0.153   0.
  2017 352 22 46 39 503 352.949068322       5.61      0.62     -0.96  0.       -5540.033       5723.808       1674.723    0.000  -0.056   0.153   0.
  2017 352 22 46 40 503 352.949079896       5.46      1.01     -1.18  0.       -5540.354       5722.842       1673.001    0.000  -0.056   0.153   0.
  2017 352 22 46 41 503 352.949091470       5.65      1.35     -1.56  0.       -5540.675       5721.876       1671.279    0.000  -0.056   0.153   0.
  2017 352 22 46 42 503 352.949103044       5.73      1.27     -1.77  0.       -5540.995       5720.909       1669.556    0.000  -0.056   0.153   0.
  2017 352 22 46 43 502 352.949114618       5.49      1.39     -1.94  0.       -5541.314       5719.941       1667.834    0.000  -0.056   0.153   0.
  2017 352 22 46 44 502 352.949126192       5.37      1.35     -1.95  0.       -5541.633       5718.974       1666.111    0.000  -0.056   0.153   0.
  2017 352 22 46 45 502 352.949137766       5.16      1.65     -1.77  0.       -5541.952       5718.006       1664.388    0.000  -0.056   0.153   0.
  2017 352 22 46 46 502 352.949149340       5.02      1.69     -1.50  0.       -5542.270       5717.037       1662.665    0.000  -0.056   0.153   0.
  2017 352 22 46 47 503 352.949160914       4.94      1.53     -1.49  0.       -5542.588       5716.068       1660.942    0.000  -0.056   0.153   0.
  2017 352 22 46 48 503 352.949172488       5.07      1.30     -1.48  0.       -5542.905       5715.099       1659.219    0.000  -0.056   0.153   0.
  2017 352 22 46 49 502 352.949184062       4.89      1.18     -1.27  0.       -5543.222       5714.129       1657.495    0.000  -0.056   0.153   0.
  2017 352 22 46 50 502 352.949195637       4.70      1.10     -1.07  0.       -5543.539       5713.158       1655.772    0.000  -0.056   0.153   0.
  2017 352 22 46 51 503 352.949207211       4.70      0.73     -1.01  0.       -5543.855       5712.187       1654.048    0.000  -0.056   0.153   0.
  2017 352 22 46 52 503 352.949218785       4.56      0.37     -1.23  0.       -5544.170       5711.216       1652.324    0.000  -0.056   0.153   0.
  2017 352 22 46 53 503 352.949230359       4.81      0.48     -1.29  0.       -5544.485       5710.244       1650.600    0.000  -0.056   0.153   0.
  2017 352 22 46 54 503 352.949241933       4.99      0.95     -1.07  0.       -5544.800       5709.272       1648.876    0.000  -0.056   0.153   0.
  2017 352 22 46 55 503 352.949253507       4.84      1.26     -0.70  0.       -5545.114       5708.299       1647.152    0.000  -0.056   0.153   0.
  2017 352 22 46 56 502 352.949265081       4.56      1.40     -0.79  0.       -5545.428       5707.326       1645.427    0.000  -0.056   0.153   0.
  2017 352 22 46 57 502 352.949276655       4.75      1.26     -0.88  0.       -5545.741       5706.353       1643.703    0.000  -0.056   0.153   0.
  2017 352 22 46 58 502 352.949288229       4.86      1.05     -0.98  0.       -5546.054       5705.378       1641.978    0.000  -0.056   0.153   0.
  2017 352 22 46 59 502 352.949299803       4.90      0.92     -0.97  0.       -5546.367       5704.404       1640.254    0.000  -0.056   0.153   0.
  2017 352 22 47  0 502 352.949311377       5.02      0.68     -0.90  0.       -5546.679       5703.429       1638.529    0.000  -0.056   0.153   0.
  2017 352 22 47  1 503 352.949322951       5.00      0.34     -0.74  0.       -5546.990       5702.453       1636.804    0.000  -0.056   0.153   0.
  2017 352 22 47  2 503 352.949334525       4.91      0.27     -0.60  0.       -5547.302       5701.477       1635.079    0.000  -0.056   0.153   0.
  2017 352 22 47  3 502 352.949346100       4.93      0.34     -0.40  0.       -5547.612       5700.501       1633.353    0.000  -0.056   0.153   0.
  2017 352 22 47  4 502 352.949357674       4.92      0.53     -0.37  0.       -5547.923       5699.525       1631.628    0.000  -0.056   0.153   0.
  2017 352 22 47  5 503 352.949369247       4.63      0.49     -0.23  0.       -5548.232       5698.547       1629.903    0.000  -0.056   0.153   0.
  2017 352 22 47  6 502 352.949380819       4.66      0.03     -0.06  0.       -5548.542       5697.570       1628.177    0.000  -0.056   0.153   0.
  2017 352 22 47  7 502 352.949392393       4.63     -0.13      0.18  0.       -5548.851       5696.591       1626.451    0.000  -0.056   0.153   0.
  2017 352 22 47  8 502 352.949403967       4.45     -0.76      0.02  0.       -5549.159       5695.613       1624.725    0.000  -0.056   0.153   0.
  2017 352 22 47  9 502 352.949415541       3.52     -1.15     -0.57  0.       -5549.467       5694.634       1622.999    0.000  -0.056   0.153   0.
  2017 352 22 47 10 502 352.949427115       3.63     -1.45     -0.17  0.       -5549.775       5693.654       1621.273    0.000  -0.056   0.153   0.
  2017 352 22 47 11 502 352.949438689       3.84     -1.39     -0.07  0.       -5550.082       5692.674       1619.547    0.000  -0.056   0.153   0.
  2017 352 22 47 12 502 352.949450263       4.06     -1.12     -0.16  0.       -5550.389       5691.694       1617.820    0.000  -0.056   0.153   0.
  2017 352 22 47 13 502 352.949461837       4.40     -1.02     -0.24  0.       -5550.695       5690.713       1616.094    0.000  -0.056   0.153   0.
  2017 352 22 47 14 502 352.949473411       4.71     -0.40     -0.28  0.       -5551.001       5689.732       1614.367    0.000  -0.056   0.153   0.
  2017 352 22 47 15 502 352.949484986       4.89      0.35     -0.56  0.       -5551.306       5688.750       1612.640    0.000  -0.056   0.153   0.
  2017 352 22 47 16 502 352.949496560       4.75      0.39     -0.49  0.       -5551.611       5687.767       1610.913    0.000  -0.056   0.153   0.
  2017 352 22 47 17 502 352.949508134       4.54      0.27     -0.37  0.       -5551.915       5686.785       1609.186    0.000  -0.056   0.153   0.
  2017 352 22 47 18 502 352.949519708       4.34      0.09     -0.32  0.       -5552.219       5685.802       1607.459    0.000  -0.056   0.153   0.
  2017 352 22 47 19 502 352.949531282       4.22     -0.12     -0.25  0.       -5552.523       5684.818       1605.731    0.000  -0.056   0.153   0.
  2017 352 22 47 20 502 352.949542856       4.00     -0.68     -0.08  0.       -5552.826       5683.834       1604.004    0.000  -0.056   0.153   0.
  2017 352 22 47 21 502 352.949554430       3.65     -1.15      0.10  0.       -5553.129       5682.849       1602.276    0.000  -0.056   0.153   0.
  2017 352 22 47 22 502 352.949566004       3.54     -1.27      0.10  0.       -5553.431       5681.864       1600.549    0.000  -0.056   0.153   0.
  2017 352 22 47 23 502 352.949577578       3.67     -1.35     -0.20  0.       -5553.733       5680.879       1598.821    0.000  -0.056   0.153   0.
  2017 352 22 47 24 502 352.949589152       3.91     -1.42     -0.19  0.       -5554.034       5679.893       1597.093    0.000  -0.056   0.153   0.
  2017 352 22 47 25 502 352.949600726       4.23     -1.33     -0.20  0.       -5554.335       5678.906       1595.365    0.000  -0.056   0.153   0.
  2017 352 22 47 26 502 352.949612300       4.46     -1.20     -0.20  0.       -5554.635       5677.920       1593.637    0.000  -0.056   0.153   0.
  2017 352 22 47 27 502 352.949623874       4.46     -1.07     -0.31  0.       -5554.935       5676.932       1591.908    0.000  -0.056   0.153   0.
  2017 352 22 47 28 502 352.949635448       4.59     -1.02     -0.30  0.       -5555.235       5675.945       1590.180    0.000  -0.056   0.153   0.
  2017 352 22 47 29 502 352.949647023       4.65     -1.18     -0.31  0.       -5555.534       5674.956       1588.451    0.000  -0.056   0.153   0.
  2017 352 22 47 30 502 352.949658597       4.70     -1.45     -0.32  0.       -5555.833       5673.968       1586.722    0.000  -0.056   0.153   0.
  2017 352 22 47 31 502 352.949670171       5.06     -1.65     -0.35  0.       -5556.131       5672.979       1584.993    0.000  -0.056   0.153   0.
  2017 352 22 47 32 502 352.949681745       5.42     -1.75     -0.33  0.       -5556.429       5671.989       1583.264    0.000  -0.056   0.153   0.
  2017 352 22 47 33 502 352.949693319       5.57     -1.70     -0.38  0.       -5556.726       5670.999       1581.535    0.000  -0.056   0.153   0.
  2017 352 22 47 34 502 352.949704893       5.39     -1.74     -0.17  0.       -5557.023       5670.008       1579.806    0.000  -0.056   0.153   0.
  2017 352 22 47 35 502 352.949716467       5.36     -1.91     -0.10  0.       -5557.319       5669.017       1578.077    0.000  -0.056   0.153   0.
  2017 352 22 47 36 502 352.949728041       5.33     -2.17     -0.06  0.       -5557.615       5668.026       1576.347    0.000  -0.056   0.153   0.
  2017 352 22 47 37 502 352.949739614       5.07     -2.37     -0.17  0.       -5557.911       5667.034       1574.617    0.000  -0.056   0.153   0.
  2017 352 22 47 38 502 352.949751186       4.85     -1.72     -0.32  0.       -5558.206       5666.042       1572.888    0.000  -0.056   0.153   0.
  2017 352 22 47 39 502 352.949762760       5.18     -1.73     -0.49  0.       -5558.501       5665.049       1571.158    0.000  -0.056   0.153   0.
  2017 352 22 47 40 502 352.949774335       6.21     -1.28     -0.81  0.       -5558.795       5664.056       1569.428    0.000  -0.056   0.153   0.
  2017 352 22 47 41 502 352.949785909       6.58     -0.35     -0.86  0.       -5559.088       5663.062       1567.698    0.000  -0.056   0.153   0.
  2017 352 22 47 42 502 352.949797483       6.10     -0.10     -0.29  0.       -5559.382       5662.068       1565.967    0.000  -0.056   0.153   0.
  2017 352 22 47 43 502 352.949809057       5.83      0.04     -0.48  0.       -5559.675       5661.073       1564.237    0.000  -0.056   0.153   0.
  2017 352 22 47 44 502 352.949820631       5.63     -0.01     -0.70  0.       -5559.967       5660.078       1562.506    0.000  -0.056   0.153   0.
  2017 352 22 47 45 502 352.949832205       5.69     -0.04     -0.60  0.       -5560.259       5659.083       1560.776    0.000  -0.056   0.153   0.
  2017 352 22 47 46 502 352.949843779       6.18      0.19     -0.45  0.       -5560.550       5658.087       1559.045    0.000  -0.056   0.153   0.
  2017 352 22 47 47 502 352.949855353       6.41      0.86     -0.29  0.       -5560.841       5657.090       1557.314    0.000  -0.056   0.153   0.
  2017 352 22 47 48 502 352.949866927       6.32      1.13     -0.02  0.       -5561.132       5656.093       1555.583    0.000  -0.056   0.153   0.
  2017 352 22 47 49 502 352.949878501       5.88      0.85      0.12  0.       -5561.422       5655.096       1553.852    0.000  -0.056   0.153   0.
  2017 352 22 47 50 502 352.949890075       5.23      0.10      0.16  0.       -5561.712       5654.098       1552.120    0.000  -0.056   0.153   0.
  2017 352 22 47 51 502 352.949901649       4.74     -0.69      0.03  0.       -5562.001       5653.100       1550.389    0.000  -0.056   0.153   0.
  2017 352 22 47 52 502 352.949913223       4.30     -1.19      0.02  0.       -5562.289       5652.101       1548.657    0.000  -0.056   0.153   0.
  2017 352 22 47 53 502 352.949924798       4.22     -1.25      0.08  0.       -5562.578       5651.102       1546.926    0.000  -0.056   0.153   0.
  2017 352 22 47 54 502 352.949936372       4.12     -1.24      0.05  0.       -5562.866       5650.102       1545.194    0.000  -0.056   0.153   0.
  2017 352 22 47 55 502 352.949947946       4.00     -1.16      0.05  0.       -5563.153       5649.102       1543.462    0.000  -0.056   0.153   0.
  2017 352 22 47 56 502 352.949959520       3.78     -1.25      0.10  0.       -5563.440       5648.101       1541.730    0.000  -0.056   0.153   0.
  2017 352 22 47 57 502 352.949971094       3.61     -1.64      0.10  0.       -5563.727       5647.100       1539.998    0.000  -0.056   0.153   0.
  2017 352 22 47 58 502 352.949982668       4.00     -1.91      0.25  0.       -5564.013       5646.099       1538.266    0.000  -0.056   0.153   0.
  2017 352 22 47 59 502 352.949994242       4.28     -1.95      0.35  0.       -5564.298       5645.097       1536.533    0.000  -0.056   0.153   0.
  2017 352 22 48  0 502 352.950005816       4.08     -1.90      0.10  0.       -5564.584       5644.095       1534.801    0.000  -0.056   0.153   0.
  2017 352 22 48  1 502 352.950017390       4.61     -1.70      0.24  0.       -5564.868       5643.092       1533.068    0.000  -0.056   0.153   0.
  2017 352 22 48  2 502 352.950028964       5.23     -1.72      0.06  0.       -5565.153       5642.088       1531.335    0.000  -0.056   0.153   0.
  2017 352 22 48  3 502 352.950040538       5.65     -1.73     -0.25  0.       -5565.436       5641.084       1529.602    0.000  -0.056   0.153   0.
  2017 352 22 48  4 502 352.950052112       6.23     -0.94     -0.51  0.       -5565.720       5640.080       1527.869    0.000  -0.056   0.153   0.
  2017 352 22 48  5 502 352.950063686       6.39     -0.23     -0.58  0.       -5566.002       5639.076       1526.136    0.000  -0.056   0.153   0.
  2017 352 22 48  6 502 352.950075260       6.21      0.01     -0.42  0.       -5566.285       5638.070       1524.403    0.000  -0.056   0.153   0.
  2017 352 22 48  7 502 352.950086833       6.08      0.17     -0.17  0.       -5566.567       5637.065       1522.669    0.000  -0.056   0.153   0.
  2017 352 22 48  8 502 352.950098406       5.91      0.27     -0.18  0.       -5566.848       5636.059       1520.936    0.000  -0.056   0.153   0.
  2017 352 22 48  9 502 352.950109980       5.86      0.21     -0.14  0.       -5567.129       5635.052       1519.202    0.000  -0.056   0.153   0.
  2017 352 22 48 10 502 352.950121554       5.96      0.27     -0.35  0.       -5567.410       5634.045       1517.468    0.000  -0.056   0.153   0.
  2017 352 22 48 11 502 352.950133128       6.17      0.49     -0.44  0.       -5567.690       5633.037       1515.734    0.000  -0.056   0.153   0.
  2017 352 22 48 12 502 352.950144702       6.20      0.50     -0.37  0.       -5567.970       5632.029       1514.000    0.000  -0.056   0.153   0.
  2017 352 22 48 13 502 352.950156276       6.19      0.51     -0.35  0.       -5568.249       5631.021       1512.266    0.000  -0.056   0.153   0.
  2017 352 22 48 14 502 352.950167850       6.31      0.59     -0.34  0.       -5568.528       5630.012       1510.532    0.000  -0.056   0.153   0.
  2017 352 22 48 15 502 352.950179424       5.81      0.85     -0.46  0.       -5568.806       5629.003       1508.798    0.000  -0.056   0.153   0.
  2017 352 22 48 16 502 352.950190998       5.41      0.91     -0.46  0.       -5569.084       5627.993       1507.063    0.000  -0.056   0.153   0.
  2017 352 22 48 17 502 352.950202572       4.90      0.79     -0.45  0.       -5569.362       5626.983       1505.328    0.000  -0.056   0.153   0.
  2017 352 22 48 18 502 352.950214146       4.80      0.56     -0.27  0.       -5569.639       5625.972       1503.593    0.000  -0.056   0.153   0.
  2017 352 22 48 19 502 352.950225721       4.61      0.16     -0.07  0.       -5569.915       5624.961       1501.859    0.000  -0.056   0.153   0.
  2017 352 22 48 20 502 352.950237295       4.44      0.07      0.10  0.       -5570.191       5623.949       1500.124    0.000  -0.056   0.153   0.
  2017 352 22 48 21 502 352.950248869       4.26     -0.10      0.33  0.       -5570.467       5622.937       1498.388    0.000  -0.056   0.153   0.
  2017 352 22 48 22 502 352.950260443       3.84     -0.18      0.09  0.       -5570.742       5621.925       1496.653    0.000  -0.056   0.153   0.
  2017 352 22 48 23 502 352.950272017       3.33      0.04     -0.36  0.       -5571.017       5620.912       1494.918    0.000  -0.056   0.153   0.
  2017 352 22 48 24 502 352.950283591       3.20      0.16     -0.50  0.       -5571.291       5619.898       1493.182    0.000  -0.056   0.153   0.
  2017 352 22 48 25 502 352.950295165       3.11      0.26     -0.59  0.       -5571.565       5618.884       1491.447    0.000  -0.056   0.153   0.
  2017 352 22 48 26 502 352.950306739       2.98      0.55     -0.72  0.       -5571.838       5617.870       1489.711    0.000  -0.056   0.153   0.
  2017 352 22 48 27 502 352.950318313       2.65      0.35     -0.74  0.       -5572.111       5616.855       1487.975    0.000  -0.056   0.153   0.
  2017 352 22 48 28 502 352.950329887       2.95     -0.68     -0.53  0.       -5572.383       5615.840       1486.239    0.000  -0.056   0.153   0.
  2017 352 22 48 29 502 352.950341461       3.50     -1.33     -0.46  0.       -5572.655       5614.824       1484.503    0.000  -0.056   0.153   0.
  2017 352 22 48 30 502 352.950353035       4.02     -1.74     -0.45  0.       -5572.927       5613.808       1482.767    0.000  -0.056   0.153   0.
  2017 352 22 48 31 502 352.950364609       4.65     -2.38     -0.32  0.       -5573.198       5612.791       1481.030    0.000  -0.056   0.153   0.
  2017 352 22 48 32 502 352.950376183       5.12     -2.53      0.26  0.       -5573.468       5611.774       1479.294    0.000  -0.056   0.153   0.
  2017 352 22 48 33 502 352.950387758       5.18     -2.73      0.35  0.       -5573.738       5610.756       1477.557    0.000  -0.056   0.153   0.
  2017 352 22 48 34 502 352.950399332       5.02     -2.19     -0.09  0.       -5574.008       5609.738       1475.820    0.000  -0.056   0.153   0.
  2017 352 22 48 35 502 352.950410906       4.79     -1.66     -0.50  0.       -5574.277       5608.720       1474.084    0.000  -0.056   0.153   0.
  2017 352 22 48 36 502 352.950422480       4.70     -1.51     -0.94  0.       -5574.546       5607.701       1472.347    0.000  -0.056   0.153   0.
  2017 352 22 48 37 502 352.950434053       4.56     -0.85     -0.96  0.       -5574.814       5606.681       1470.609    0.000  -0.056   0.153   0.
  2017 352 22 48 38 501 352.950445625       4.36     -0.78     -0.73  0.       -5575.082       5605.661       1468.872    0.000  -0.056   0.153   0.
  2017 352 22 48 39 501 352.950457199       4.43     -0.71     -0.56  0.       -5575.349       5604.641       1467.135    0.000  -0.056   0.153   0.
  2017 352 22 48 40 501 352.950468773       4.56     -1.41     -0.70  0.       -5575.616       5603.620       1465.397    0.000  -0.056   0.153   0.
  2017 352 22 48 41 501 352.950480347       4.46     -1.91     -0.80  0.       -5575.883       5602.599       1463.660    0.000  -0.056   0.153   0.
  2017 352 22 48 42 501 352.950491921       4.60     -1.78     -1.30  0.       -5576.149       5601.577       1461.922    0.000  -0.056   0.153   0.
  2017 352 22 48 43 502 352.950503495       4.82     -1.38     -1.40  0.       -5576.414       5600.555       1460.184    0.000  -0.056   0.153   0.
  2017 352 22 48 44 502 352.950515069       5.10     -1.38     -1.27  0.       -5576.679       5599.532       1458.446    0.000  -0.056   0.153   0.
  2017 352 22 48 45 501 352.950526644       5.99     -0.53     -1.38  0.       -5576.944       5598.509       1456.708    0.000  -0.056   0.153   0.
  2017 352 22 48 46 501 352.950538218       6.09      0.96     -1.12  0.       -5577.208       5597.485       1454.970    0.000  -0.056   0.153   0.
  2017 352 22 48 47 502 352.950549792       5.87      1.09     -0.68  0.       -5577.472       5596.461       1453.232    0.000  -0.056   0.153   0.
  2017 352 22 48 48 502 352.950561366       5.77      1.33     -0.48  0.       -5577.735       5595.437       1451.493    0.000  -0.056   0.153   0.
  2017 352 22 48 49 502 352.950572940       5.69      2.06     -0.68  0.       -5577.998       5594.412       1449.755    0.000  -0.056   0.153   0.
  2017 352 22 48 50 502 352.950584514       5.36      2.53     -0.59  0.       -5578.260       5593.386       1448.016    0.000  -0.056   0.153   0.
  2017 352 22 48 51 502 352.950596088       4.99      2.60     -0.39  0.       -5578.522       5592.360       1446.277    0.000  -0.056   0.153   0.
  2017 352 22 48 52 501 352.950607662       4.87      2.42     -0.54  0.       -5578.783       5591.334       1444.538    0.000  -0.056   0.153   0.
  2017 352 22 48 53 501 352.950619236       4.78      2.35     -0.45  0.       -5579.044       5590.307       1442.799    0.000  -0.056   0.153   0.
  2017 352 22 48 54 501 352.950630810       4.92      2.20     -0.43  0.       -5579.305       5589.280       1441.060    0.000  -0.056   0.153   0.
  2017 352 22 48 55 501 352.950642384       5.12      2.01     -0.61  0.       -5579.565       5588.252       1439.321    0.000  -0.056   0.153   0.
  2017 352 22 48 56 501 352.950653958       4.84      1.82     -0.75  0.       -5579.824       5587.224       1437.582    0.000  -0.056   0.153   0.
  2017 352 22 48 57 502 352.950665532       4.78      1.70     -0.95  0.       -5580.083       5586.195       1435.842    0.000  -0.056   0.153   0.
  2017 352 22 48 58 502 352.950677107       4.67      1.57     -0.91  0.       -5580.342       5585.166       1434.103    0.000  -0.056   0.153   0.
  2017 352 22 48 59 501 352.950688681       4.56      1.45     -0.85  0.       -5580.600       5584.136       1432.363    0.000  -0.056   0.153   0.
  2017 352 22 49  0 501 352.950700255       4.42      1.29     -0.57  0.       -5580.858       5583.106       1430.623    0.000  -0.056   0.153   0.
  2017 352 22 49  1 502 352.950711829       4.27      1.35     -0.37  0.       -5581.115       5582.075       1428.883    0.000  -0.056   0.153   0.
  2017 352 22 49  2 502 352.950723403       4.21      1.22     -0.24  0.       -5581.372       5581.044       1427.143    0.000  -0.056   0.153   0.
  2017 352 22 49  3 502 352.950734977       4.25      1.13     -0.11  0.       -5581.628       5580.013       1425.403    0.000  -0.056   0.153   0.
  2017 352 22 49  4 502 352.950746551       4.38      0.98     -0.19  0.       -5581.884       5578.981       1423.662    0.000  -0.056   0.153   0.
  2017 352 22 49  5 501 352.950758125       4.44      0.84     -0.27  0.       -5582.139       5577.948       1421.922    0.000  -0.056   0.153   0.
  2017 352 22 49  6 501 352.950769699       4.44      0.86     -0.22  0.       -5582.394       5576.916       1420.181    0.000  -0.056   0.153   0.
  2017 352 22 49  7 501 352.950781272       4.46      0.76     -0.07  0.       -5582.648       5575.882       1418.441    0.000  -0.056   0.153   0.
  2017 352 22 49  8 501 352.950792844       4.58      0.54      0.02  0.       -5582.902       5574.848       1416.700    0.000  -0.056   0.153   0.
  2017 352 22 49  9 501 352.950804418       4.82      0.12      0.02  0.       -5583.156       5573.814       1414.959    0.000  -0.056   0.153   0.
  2017 352 22 49 10 501 352.950815992       5.05     -0.04      0.07  0.       -5583.409       5572.779       1413.218    0.000  -0.056   0.153   0.
  2017 352 22 49 11 501 352.950827567       5.24     -0.04      0.14  0.       -5583.662       5571.744       1411.477    0.000  -0.056   0.153   0.
  2017 352 22 49 12 501 352.950839141       5.32     -0.01     -0.01  0.       -5583.914       5570.708       1409.736    0.000  -0.056   0.153   0.
  2017 352 22 49 13 501 352.950850715       5.25     -0.12      0.01  0.       -5584.165       5569.672       1407.994    0.000  -0.056   0.153   0.
  2017 352 22 49 14 501 352.950862289       5.26     -0.54      0.10  0.       -5584.416       5568.636       1406.253    0.000  -0.056   0.153   0.
  2017 352 22 49 15 501 352.950873863       5.11     -0.74      0.16  0.       -5584.667       5567.599       1404.511    0.000  -0.056   0.153   0.
  2017 352 22 49 16 501 352.950885437       5.52     -0.87     -0.30  0.       -5584.917       5566.561       1402.769    0.000  -0.056   0.153   0.
  2017 352 22 49 17 501 352.950897011       5.93     -1.11     -0.38  0.       -5585.167       5565.523       1401.027    0.000  -0.056   0.153   0.
  2017 352 22 49 18 501 352.950908585       5.79     -1.43     -0.26  0.       -5585.417       5564.485       1399.285    0.000  -0.056   0.153   0.
  2017 352 22 49 19 501 352.950920159       6.16     -1.09     -0.17  0.       -5585.665       5563.446       1397.543    0.000  -0.056   0.153   0.
  2017 352 22 49 20 501 352.950931733       6.43     -0.63     -0.16  0.       -5585.914       5562.406       1395.801    0.000  -0.056   0.153   0.
  2017 352 22 49 21 501 352.950943307       6.32     -0.49     -0.32  0.       -5586.162       5561.366       1394.059    0.000  -0.056   0.153   0.
  2017 352 22 49 22 501 352.950954881       6.26     -0.63     -0.46  0.       -5586.409       5560.326       1392.316    0.000  -0.056   0.153   0.
  2017 352 22 49 23 501 352.950966455       6.35     -0.72     -0.69  0.       -5586.656       5559.286       1390.574    0.000  -0.056   0.153   0.
  2017 352 22 49 24 501 352.950978030       6.41     -0.92     -0.58  0.       -5586.903       5558.244       1388.831    0.000  -0.056   0.153   0.
  2017 352 22 49 25 501 352.950989604       6.16     -0.94     -0.64  0.       -5587.149       5557.203       1387.088    0.000  -0.056   0.153   0.
  2017 352 22 49 26 501 352.951001178       6.19     -1.03     -0.97  0.       -5587.394       5556.160       1385.345    0.000  -0.056   0.153   0.
  2017 352 22 49 27 501 352.951012752       6.22     -1.17     -1.02  0.       -5587.639       5555.118       1383.602    0.000  -0.056   0.153   0.
  2017 352 22 49 28 501 352.951024326       6.40     -1.17     -1.16  0.       -5587.884       5554.075       1381.859    0.000  -0.056   0.153   0.
  2017 352 22 49 29 501 352.951035900       6.35     -0.96     -1.19  0.       -5588.128       5553.031       1380.116    0.000  -0.056   0.153   0.
  2017 352 22 49 30 501 352.951047474       6.29     -0.90     -1.09  0.       -5588.372       5551.987       1378.373    0.000  -0.056   0.153   0.
  2017 352 22 49 31 501 352.951059048       6.34     -1.06     -0.96  0.       -5588.615       5550.943       1376.629    0.000  -0.056   0.153   0.
  2017 352 22 49 32 501 352.951070622       6.65     -0.85     -1.04  0.       -5588.858       5549.898       1374.886    0.000  -0.056   0.153   0.
  2017 352 22 49 33 501 352.951082196       6.79     -0.83     -0.98  0.       -5589.100       5548.852       1373.142    0.000  -0.056   0.153   0.
  2017 352 22 49 34 501 352.951093770       6.95     -0.65     -0.95  0.       -5589.342       5547.806       1371.398    0.000  -0.056   0.153   0.
  2017 352 22 49 35 501 352.951105344       6.92     -0.47     -1.00  0.       -5589.584       5546.760       1369.654    0.000  -0.056   0.153   0.
  2017 352 22 49 36 501 352.951116918       6.93     -0.32     -0.87  0.       -5589.824       5545.713       1367.910    0.000  -0.056   0.153   0.
  2017 352 22 49 37 501 352.951128491       6.73     -0.24     -0.77  0.       -5590.065       5544.666       1366.166    0.000  -0.056   0.153   0.
  2017 352 22 49 38 501 352.951140064       6.49     -0.28     -0.68  0.       -5590.305       5543.618       1364.421    0.000  -0.056   0.153   0.
  2017 352 22 49 39 501 352.951151638       6.28     -0.52     -0.58  0.       -5590.544       5542.570       1362.677    0.000  -0.056   0.153   0.
  2017 352 22 49 40 501 352.951163212       6.02     -0.59     -0.54  0.       -5590.783       5541.521       1360.933    0.000  -0.056   0.153   0.
  2017 352 22 49 41 501 352.951174786       5.75     -0.72     -0.50  0.       -5591.022       5540.472       1359.188    0.000  -0.056   0.153   0.
  2017 352 22 49 42 501 352.951186360       5.45     -0.78     -0.38  0.       -5591.260       5539.423       1357.443    0.000  -0.056   0.153   0.
  2017 352 22 49 43 501 352.951197934       5.22     -0.88     -0.25  0.       -5591.498       5538.372       1355.698    0.000  -0.056   0.153   0.
  2017 352 22 49 44 501 352.951209508       4.97     -0.99     -0.17  0.       -5591.735       5537.322       1353.953    0.000  -0.056   0.153   0.
  2017 352 22 49 45 501 352.951221082       4.96     -1.19     -0.07  0.       -5591.972       5536.271       1352.208    0.000  -0.056   0.153   0.
  2017 352 22 49 46 501 352.951232656       4.93     -1.27      0.03  0.       -5592.208       5535.219       1350.463    0.000  -0.056   0.153   0.
  2017 352 22 49 47 501 352.951244230       4.90     -1.34     -0.01  0.       -5592.444       5534.167       1348.718    0.000  -0.056   0.153   0.
  2017 352 22 49 48 501 352.951255804       4.87     -1.47     -0.01  0.       -5592.679       5533.115       1346.972    0.000  -0.056   0.153   0.
  2017 352 22 49 49 501 352.951267379       5.07     -1.47      0.01  0.       -5592.914       5532.062       1345.227    0.000  -0.056   0.153   0.
  2017 352 22 49 50 501 352.951278953       5.29     -1.42      0.02  0.       -5593.148       5531.009       1343.481    0.000  -0.056   0.153   0.
  2017 352 22 49 51 501 352.951290527       5.49     -0.98     -0.06  0.       -5593.382       5529.955       1341.736    0.000  -0.056   0.153   0.
  2017 352 22 49 52 501 352.951302101       5.51     -0.48     -0.11  0.       -5593.615       5528.901       1339.990    0.000  -0.056   0.153   0.
  2017 352 22 49 53 501 352.951313675       5.33     -0.17     -0.16  0.       -5593.848       5527.846       1338.244    0.000  -0.056   0.153   0.
  2017 352 22 49 54 501 352.951325249       5.13     -0.12     -0.20  0.       -5594.080       5526.791       1336.498    0.000  -0.056   0.153   0.
  2017 352 22 49 55 501 352.951336823       5.16     -0.12     -0.24  0.       -5594.312       5525.735       1334.751    0.000  -0.056   0.153   0.
  2017 352 22 49 56 501 352.951348397       5.04     -0.25     -0.29  0.       -5594.544       5524.679       1333.005    0.000  -0.056   0.153   0.
  2017 352 22 49 57 501 352.951359971       4.97     -0.32     -0.22  0.       -5594.775       5523.623       1331.259    0.000  -0.056   0.153   0.
  2017 352 22 49 58 501 352.951371545       5.11     -0.27     -0.07  0.       -5595.006       5522.565       1329.512    0.000  -0.056   0.153   0.
  2017 352 22 49 59 501 352.951383119       5.17     -0.31     -0.19  0.       -5595.236       5521.508       1327.765    0.000  -0.056   0.153   0.
  2017 352 22 50  0 501 352.951394693       5.05     -0.26     -0.28  0.       -5595.465       5520.450       1326.019    0.000  -0.056   0.153   0.
  2017 352 22 50  1 501 352.951406267       5.03     -0.21     -0.40  0.       -5595.694       5519.391       1324.272    0.000  -0.056   0.153   0.
  2017 352 22 50  2 501 352.951417841       5.04     -0.12     -0.36  0.       -5595.923       5518.332       1322.525    0.000  -0.056   0.153   0.
  2017 352 22 50  3 501 352.951429416       4.99      0.05     -0.38  0.       -5596.151       5517.273       1320.777    0.000  -0.056   0.153   0.
  2017 352 22 50  4 501 352.951440990       4.81     -0.02     -0.33  0.       -5596.379       5516.213       1319.030    0.000  -0.056   0.153   0.
  2017 352 22 50  5 501 352.951452564       4.76     -0.10     -0.21  0.       -5596.606       5515.153       1317.283    0.000  -0.056   0.153   0.
  2017 352 22 50  6 501 352.951464138       4.79     -0.27     -0.04  0.       -5596.833       5514.092       1315.536    0.000  -0.056   0.153   0.
  2017 352 22 50  7 501 352.951475711       4.93     -0.37     -0.01  0.       -5597.059       5513.031       1313.788    0.000  -0.056   0.153   0.
  2017 352 22 50  8 501 352.951487283       5.10     -0.60     -0.06  0.       -5597.285       5511.969       1312.040    0.000  -0.056   0.153   0.
  2017 352 22 50  9 501 352.951498857       5.13     -0.71     -0.05  0.       -5597.510       5510.907       1310.293    0.000  -0.056   0.153   0.
  2017 352 22 50 10 501 352.951510431       5.22     -0.83     -0.02  0.       -5597.735       5509.844       1308.545    0.000  -0.056   0.153   0.
  2017 352 22 50 11 501 352.951522005       5.23     -0.70     -0.23  0.       -5597.959       5508.781       1306.797    0.000  -0.056   0.153   0.
  2017 352 22 50 12 501 352.951533579       5.22     -0.50     -0.10  0.       -5598.183       5507.717       1305.049    0.000  -0.056   0.153   0.
  2017 352 22 50 13 501 352.951545153       5.31     -0.21      0.08  0.       -5598.407       5506.653       1303.300    0.000  -0.056   0.153   0.
  2017 352 22 50 14 501 352.951556727       5.36     -0.03      0.13  0.       -5598.630       5505.589       1301.552    0.000  -0.056   0.153   0.
  2017 352 22 50 15 501 352.951568302       5.37      0.07      0.07  0.       -5598.852       5504.524       1299.804    0.000  -0.056   0.153   0.
  2017 352 22 50 16 501 352.951579876       5.31      0.30      0.17  0.       -5599.075       5503.458       1298.055    0.000  -0.056   0.153   0.
  2017 352 22 50 17 501 352.951591450       5.43      0.54      0.11  0.       -5599.296       5502.392       1296.306    0.000  -0.056   0.153   0.
  2017 352 22 50 18 501 352.951603024       5.62      0.11     -0.26  0.       -5599.517       5501.326       1294.557    0.000  -0.056   0.153   0.
  2017 352 22 50 19 501 352.951614598       5.71      0.03     -0.35  0.       -5599.738       5500.259       1292.809    0.000  -0.056   0.153   0.
  2017 352 22 50 20 501 352.951626172       5.61      0.00     -0.04  0.       -5599.958       5499.192       1291.060    0.000  -0.056   0.153   0.
  2017 352 22 50 21 501 352.951637746       5.58     -0.25     -0.30  0.       -5600.177       5498.124       1289.311    0.000  -0.056   0.153   0.
  2017 352 22 50 22 501 352.951649320       5.44     -0.98     -0.23  0.       -5600.397       5497.056       1287.561    0.000  -0.056   0.153   0.
  2017 352 22 50 23 501 352.951660894       5.31     -1.24     -0.12  0.       -5600.615       5495.987       1285.812    0.000  -0.056   0.153   0.
  2017 352 22 50 24 501 352.951672468       5.25     -1.33      0.07  0.       -5600.833       5494.918       1284.063    0.000  -0.056   0.153   0.
  2017 352 22 50 25 501 352.951684042       5.38     -1.32      0.06  0.       -5601.051       5493.848       1282.313    0.000  -0.056   0.153   0.
  2017 352 22 50 26 501 352.951695616       5.31     -1.43      0.18  0.       -5601.268       5492.778       1280.563    0.000  -0.056   0.153   0.
  2017 352 22 50 27 501 352.951707190       5.27     -1.63      0.34  0.       -5601.485       5491.707       1278.814    0.000  -0.056   0.153   0.
  2017 352 22 50 28 501 352.951718764       5.37     -1.90      0.50  0.       -5601.702       5490.636       1277.064    0.000  -0.056   0.153   0.
  2017 352 22 50 29 501 352.951730339       5.35     -2.02      0.76  0.       -5601.917       5489.565       1275.314    0.000  -0.056   0.153   0.
  2017 352 22 50 30 501 352.951741913       5.49     -1.92      0.83  0.       -5602.133       5488.493       1273.564    0.000  -0.056   0.153   0.
  2017 352 22 50 31 501 352.951753487       5.67     -1.67      0.73  0.       -5602.348       5487.420       1271.813    0.000  -0.056   0.153   0.
  2017 352 22 50 32 501 352.951765061       5.84     -1.50      0.76  0.       -5602.562       5486.347       1270.063    0.000  -0.056   0.153   0.
  2017 352 22 50 33 501 352.951776635       6.10     -1.45      0.84  0.       -5602.776       5485.274       1268.313    0.000  -0.056   0.153   0.
  2017 352 22 50 34 501 352.951788209       6.14     -1.36      0.74  0.       -5602.989       5484.200       1266.562    0.000  -0.056   0.153   0.
  2017 352 22 50 35 501 352.951799783       6.28     -1.45      0.81  0.       -5603.202       5483.125       1264.812    0.000  -0.056   0.153   0.
  2017 352 22 50 36 501 352.951811357       6.23     -1.18      0.99  0.       -5603.415       5482.050       1263.061    0.000  -0.056   0.153   0.
  2017 352 22 50 37 501 352.951822931       6.22     -1.30      1.18  0.       -5603.627       5480.975       1261.310    0.000  -0.056   0.153   0.
  2017 352 22 50 38 501 352.951834505       6.03     -1.70      1.10  0.       -5603.838       5479.899       1259.559    0.000  -0.056   0.153   0.
  2017 352 22 50 39 501 352.951846078       5.86     -2.16      1.05  0.       -5604.049       5478.823       1257.808    0.000  -0.056   0.153   0.
  2017 352 22 50 40 501 352.951857650       5.64     -2.35      0.84  0.       -5604.260       5477.746       1256.057    0.000  -0.056   0.153   0.
  2017 352 22 50 41 500 352.951869225       5.71     -2.48      0.81  0.       -5604.470       5476.669       1254.306    0.000  -0.056   0.153   0.
  2017 352 22 50 42 500 352.951880799       5.66     -2.55      0.64  0.       -5604.679       5475.591       1252.554    0.000  -0.056   0.153   0.
  2017 352 22 50 43 501 352.951892373       5.58     -2.42      0.68  0.       -5604.888       5474.513       1250.803    0.000  -0.056   0.153   0.
  2017 352 22 50 44 501 352.951903947       5.42     -2.85      0.96  0.       -5605.097       5473.435       1249.051    0.000  -0.056   0.153   0.
  2017 352 22 50 45 501 352.951915521       5.44     -3.08      1.04  0.       -5605.305       5472.356       1247.299    0.000  -0.056   0.153   0.
  2017 352 22 50 46 501 352.951927095       5.82     -3.05      0.64  0.       -5605.513       5471.276       1245.547    0.000  -0.056   0.153   0.
  2017 352 22 50 47 501 352.951938669       5.75     -3.22      0.33  0.       -5605.720       5470.196       1243.795    0.000  -0.056   0.153   0.
  2017 352 22 50 48 500 352.951950243       5.63     -3.02      0.12  0.       -5605.927       5469.116       1242.043    0.000  -0.056   0.153   0.
  2017 352 22 50 49 500 352.951961817       5.68     -2.71      0.03  0.       -5606.133       5468.035       1240.291    0.000  -0.056   0.153   0.
  2017 352 22 50 50 500 352.951973391       5.49     -2.53      0.06  0.       -5606.339       5466.953       1238.539    0.000  -0.056   0.153   0.
  2017 352 22 50 51 500 352.951984965       5.36     -2.51     -0.23  0.       -5606.544       5465.871       1236.787    0.000  -0.056   0.153   0.
  2017 352 22 50 52 500 352.951996539       5.03     -2.53     -0.44  0.       -5606.749       5464.789       1235.034    0.000  -0.056   0.153   0.
  2017 352 22 50 53 501 352.952008113       4.72     -2.40     -0.12  0.       -5606.953       5463.706       1233.282    0.000  -0.056   0.153   0.
  2017 352 22 50 54 501 352.952019688       4.64     -2.21      0.16  0.       -5607.157       5462.623       1231.529    0.000  -0.056   0.153   0.
  2017 352 22 50 55 500 352.952031262       4.61     -2.03      0.18  0.       -5607.360       5461.539       1229.776    0.000  -0.056   0.153   0.
  2017 352 22 50 56 501 352.952042836       4.51     -2.01      0.51  0.       -5607.563       5460.455       1228.024    0.000  -0.056   0.153   0.
  2017 352 22 50 57 501 352.952054410       4.63     -1.96      0.66  0.       -5607.765       5459.370       1226.271    0.000  -0.056   0.153   0.
  2017 352 22 50 58 501 352.952065984       4.93     -1.91     -0.03  0.       -5607.967       5458.285       1224.517    0.000  -0.056   0.153   0.
  2017 352 22 50 59 501 352.952077558       5.35     -1.78     -0.99  0.       -5608.169       5457.199       1222.764    0.000  -0.056   0.153   0.
  2017 352 22 51  0 501 352.952089132       5.67     -2.57     -0.47  0.       -5608.370       5456.113       1221.011    0.000  -0.056   0.153   0.
  2017 352 22 51  1 500 352.952100706       5.50     -2.59     -0.47  0.       -5608.570       5455.027       1219.258    0.000  -0.056   0.153   0.
  2017 352 22 51  2 500 352.952112280       5.31     -2.32     -0.60  0.       -5608.770       5453.940       1217.504    0.000  -0.056   0.153   0.
  2017 352 22 51  3 500 352.952123854       5.21     -2.04     -0.46  0.       -5608.969       5452.852       1215.750    0.000  -0.056   0.153   0.
  2017 352 22 51  4 500 352.952135428       5.31     -1.90     -0.58  0.       -5609.168       5451.764       1213.997    0.000  -0.056   0.153   0.
  2017 352 22 51  5 500 352.952147002       5.03     -2.07     -0.87  0.       -5609.367       5450.675       1212.243    0.000  -0.056   0.153   0.
  2017 352 22 51  6 501 352.952158576       4.86     -2.25     -0.98  0.       -5609.565       5449.587       1210.489    0.000  -0.056   0.153   0.
  2017 352 22 51  7 501 352.952170150       4.91     -2.33     -0.79  0.       -5609.762       5448.497       1208.735    0.000  -0.056   0.153   0.
  2017 352 22 51  8 500 352.952181725       5.20     -1.70     -0.74  0.       -5609.959       5447.407       1206.981    0.000  -0.056   0.153   0.
  2017 352 22 51  9 500 352.952193298       5.13     -1.33     -0.80  0.       -5610.156       5446.317       1205.227    0.000  -0.056   0.153   0.
  2017 352 22 51 10 500 352.952204870       4.99     -1.42     -0.85  0.       -5610.352       5445.226       1203.472    0.000  -0.056   0.153   0.
  2017 352 22 51 11 500 352.952216444       5.02     -1.68     -0.72  0.       -5610.548       5444.135       1201.718    0.000  -0.056   0.153   0.
  2017 352 22 51 12 500 352.952228018       5.03     -1.49     -0.82  0.       -5610.743       5443.043       1199.963    0.000  -0.056   0.153   0.
  2017 352 22 51 13 500 352.952239592       4.98     -1.57     -0.85  0.       -5610.937       5441.951       1198.208    0.000  -0.056   0.153   0.
  2017 352 22 51 14 500 352.952251166       5.24     -1.49     -0.83  0.       -5611.131       5440.858       1196.454    0.000  -0.056   0.153   0.
  2017 352 22 51 15 500 352.952262740       5.50     -1.48     -0.91  0.       -5611.325       5439.765       1194.699    0.000  -0.056   0.153   0.
  2017 352 22 51 16 500 352.952274314       5.45     -1.56     -0.61  0.       -5611.518       5438.671       1192.944    0.000  -0.056   0.153   0.
  2017 352 22 51 17 500 352.952285888       5.25     -1.61     -0.58  0.       -5611.711       5437.577       1191.189    0.000  -0.056   0.153   0.
  2017 352 22 51 18 500 352.952297462       4.95     -1.42     -0.63  0.       -5611.903       5436.482       1189.434    0.000  -0.056   0.153   0.
  2017 352 22 51 19 500 352.952309036       4.70     -1.73     -0.56  0.       -5612.095       5435.387       1187.678    0.000  -0.056   0.153   0.
  2017 352 22 51 20 500 352.952320611       4.82     -1.73     -0.47  0.       -5612.286       5434.292       1185.923    0.000  -0.056   0.153   0.
  2017 352 22 51 21 500 352.952332185       4.88     -1.98     -0.26  0.       -5612.477       5433.196       1184.168    0.000  -0.056   0.153   0.
  2017 352 22 51 22 500 352.952343759       4.43     -2.06     -0.38  0.       -5612.667       5432.099       1182.412    0.000  -0.056   0.153   0.
  2017 352 22 51 23 500 352.952355333       3.97     -1.99     -0.38  0.       -5612.857       5431.002       1180.656    0.000  -0.056   0.153   0.
  2017 352 22 51 24 500 352.952366907       4.67     -2.40      0.17  0.       -5613.046       5429.905       1178.901    0.000  -0.056   0.153   0.
  2017 352 22 51 25 500 352.952378481       5.35     -2.71      0.88  0.       -5613.235       5428.807       1177.145    0.000  -0.056   0.153   0.
  2017 352 22 51 26 500 352.952390055       5.48     -2.81      1.14  0.       -5613.423       5427.709       1175.389    0.000  -0.056   0.153   0.
  2017 352 22 51 27 500 352.952401629       5.82     -2.66      0.91  0.       -5613.611       5426.610       1173.633    0.000  -0.056   0.153   0.
  2017 352 22 51 28 500 352.952413203       5.95     -2.61      0.60  0.       -5613.798       5425.510       1171.876    0.000  -0.056   0.153   0.
  2017 352 22 51 29 500 352.952424777       5.93     -2.62      0.35  0.       -5613.985       5424.411       1170.120    0.000  -0.056   0.153   0.
  2017 352 22 51 30 500 352.952436351       5.59     -2.47      0.14  0.       -5614.171       5423.310       1168.364    0.000  -0.056   0.153   0.
  2017 352 22 51 31 500 352.952447925       5.46     -2.64     -0.24  0.       -5614.357       5422.210       1166.607    0.000  -0.056   0.153   0.
  2017 352 22 51 32 500 352.952459499       5.52     -2.20     -0.61  0.       -5614.542       5421.108       1164.851    0.000  -0.056   0.153   0.
  2017 352 22 51 33 500 352.952471073       5.53     -1.96     -0.80  0.       -5614.727       5420.007       1163.094    0.000  -0.056   0.153   0.
  2017 352 22 51 34 500 352.952482648       5.41     -2.30     -0.58  0.       -5614.912       5418.904       1161.337    0.000  -0.056   0.153   0.
  2017 352 22 51 35 500 352.952494222       5.32     -2.26     -0.33  0.       -5615.095       5417.802       1159.580    0.000  -0.056   0.153   0.
  2017 352 22 51 36 500 352.952505796       5.30     -2.13     -0.15  0.       -5615.279       5416.699       1157.823    0.000  -0.056   0.153   0.
  2017 352 22 51 37 500 352.952517370       5.15     -2.34     -0.26  0.       -5615.462       5415.595       1156.066    0.000  -0.056   0.153   0.
  2017 352 22 51 38 500 352.952528944       5.24     -2.46     -0.27  0.       -5615.644       5414.491       1154.309    0.000  -0.056   0.153   0.
  2017 352 22 51 39 500 352.952540517       5.42     -2.25     -0.25  0.       -5615.826       5413.387       1152.551    0.000  -0.056   0.153   0.
  2017 352 22 51 40 500 352.952552089       5.36     -2.06     -0.24  0.       -5616.008       5412.282       1150.794    0.000  -0.056   0.153   0.
  2017 352 22 51 41 500 352.952563663       5.38     -1.98     -0.16  0.       -5616.188       5411.176       1149.036    0.000  -0.056   0.153   0.
  2017 352 22 51 42 500 352.952575237       5.40     -1.73      0.05  0.       -5616.369       5410.070       1147.279    0.000  -0.056   0.153   0.
  2017 352 22 51 43 500 352.952586811       5.43     -1.55     -0.09  0.       -5616.549       5408.964       1145.521    0.000  -0.056   0.153   0.
  2017 352 22 51 44 500 352.952598385       5.30     -1.39     -0.37  0.       -5616.728       5407.857       1143.763    0.000  -0.056   0.153   0.
  2017 352 22 51 45 500 352.952609959       5.12     -1.57     -0.60  0.       -5616.907       5406.750       1142.005    0.000  -0.056   0.153   0.
  2017 352 22 51 46 500 352.952621534       4.85     -1.87     -0.27  0.       -5617.086       5405.642       1140.247    0.000  -0.056   0.153   0.
  2017 352 22 51 47 500 352.952633108       4.60     -1.99     -0.14  0.       -5617.264       5404.533       1138.489    0.000  -0.056   0.153   0.
  2017 352 22 51 48 500 352.952644682       4.49     -1.96     -0.06  0.       -5617.441       5403.425       1136.731    0.000  -0.056   0.153   0.
  2017 352 22 51 49 500 352.952656256       4.75     -2.27      0.11  0.       -5617.618       5402.315       1134.973    0.000  -0.056   0.153   0.
  2017 352 22 51 50 500 352.952667830       4.77     -2.34      0.18  0.       -5617.795       5401.206       1133.214    0.000  -0.056   0.153   0.
  2017 352 22 51 51 500 352.952679404       5.10     -2.48     -0.07  0.       -5617.971       5400.095       1131.456    0.000  -0.056   0.153   0.
  2017 352 22 51 52 500 352.952690978       4.95     -2.32     -0.44  0.       -5618.146       5398.985       1129.697    0.000  -0.056   0.153   0.
  2017 352 22 51 53 500 352.952702552       5.34     -2.42     -0.62  0.       -5618.321       5397.874       1127.939    0.000  -0.056   0.153   0.
  2017 352 22 51 54 500 352.952714126       5.30     -2.29     -0.53  0.       -5618.496       5396.762       1126.180    0.000  -0.056   0.153   0.
  2017 352 22 51 55 500 352.952725700       5.38     -1.99     -0.44  0.       -5618.670       5395.650       1124.421    0.000  -0.056   0.153   0.
  2017 352 22 51 56 500 352.952737274       5.33     -1.63     -0.51  0.       -5618.843       5394.537       1122.662    0.000  -0.056   0.153   0.
  2017 352 22 51 57 500 352.952748848       5.50     -1.56     -0.35  0.       -5619.016       5393.424       1120.903    0.000  -0.056   0.153   0.
  2017 352 22 51 58 500 352.952760422       5.38     -2.16     -0.56  0.       -5619.189       5392.311       1119.143    0.000  -0.056   0.153   0.
  2017 352 22 51 59 500 352.952771996       5.16     -2.15     -0.54  0.       -5619.361       5391.197       1117.384    0.000  -0.056   0.153   0.
  2017 352 22 52  0 500 352.952783571       5.30     -2.11     -0.51  0.       -5619.533       5390.082       1115.625    0.000  -0.056   0.153   0.
  2017 352 22 52  1 500 352.952795145       4.92     -2.02     -0.72  0.       -5619.704       5388.967       1113.866    0.000  -0.056   0.153   0.
  2017 352 22 52  2 500 352.952806719       4.75     -1.61     -0.50  0.       -5619.874       5387.852       1112.105    0.000  -0.056   0.153   0.
  2017 352 22 52  3 500 352.952818293       4.86     -1.38     -0.45  0.       -5620.044       5386.736       1110.346    0.000  -0.056   0.153   0.
  2017 352 22 52  4 500 352.952829867       4.78     -1.49     -0.39  0.       -5620.214       5385.620       1108.586    0.000  -0.056   0.153   0.
  2017 352 22 52  5 500 352.952841441       4.50     -1.64     -0.36  0.       -5620.383       5384.503       1106.827    0.000  -0.056   0.153   0.
  2017 352 22 52  6 500 352.952853015       4.49     -1.74     -0.17  0.       -5620.552       5383.385       1105.067    0.000  -0.056   0.153   0.
  2017 352 22 52  7 500 352.952864589       4.38     -1.84     -0.11  0.       -5620.720       5382.268       1103.306    0.000  -0.056   0.153   0.
  2017 352 22 52  8 500 352.952876163       4.54     -2.08     -0.23  0.       -5620.887       5381.149       1101.546    0.000  -0.056   0.153   0.
  2017 352 22 52  9 500 352.952887736       4.27     -2.08     -0.45  0.       -5621.055       5380.031       1099.785    0.000  -0.056   0.153   0.
  2017 352 22 52 10 500 352.952899308       3.89     -2.06     -0.61  0.       -5621.221       5378.912       1098.026    0.000  -0.056   0.153   0.
  2017 352 22 52 11 500 352.952910883       3.97     -2.31      0.09  0.       -5621.387       5377.791       1096.265    0.000  -0.056   0.153   0.
  2017 352 22 52 12 500 352.952922457       4.08     -2.14      0.24  0.       -5621.553       5376.671       1094.505    0.000  -0.056   0.153   0.
  2017 352 22 52 13 500 352.952934031       3.74     -1.35     -0.73  0.       -5621.718       5375.551       1092.744    0.000  -0.056   0.153   0.
  2017 352 22 52 14 500 352.952945605       3.74     -1.25     -0.56  0.       -5621.883       5374.430       1090.983    0.000  -0.056   0.153   0.
  2017 352 22 52 15 500 352.952957179       3.52     -1.16     -0.51  0.       -5622.047       5373.308       1089.222    0.000  -0.056   0.153   0.
  2017 352 22 52 16 500 352.952968753       3.39     -1.18     -0.41  0.       -5622.210       5372.186       1087.461    0.000  -0.056   0.153   0.
  2017 352 22 52 17 500 352.952980327       3.38     -1.30     -0.36  0.       -5622.374       5371.064       1085.700    0.000  -0.056   0.153   0.
  2017 352 22 52 18 500 352.952991901       3.25     -1.60     -0.27  0.       -5622.536       5369.941       1083.939    0.000  -0.056   0.153   0.
  2017 352 22 52 19 500 352.953003475       3.34     -1.64     -0.08  0.       -5622.698       5368.817       1082.178    0.000  -0.056   0.153   0.
  2017 352 22 52 20 500 352.953015049       3.37     -1.40     -0.04  0.       -5622.860       5367.693       1080.416    0.000  -0.056   0.153   0.
  2017 352 22 52 21 500 352.953026623       3.19     -1.27     -0.20  0.       -5623.021       5366.569       1078.655    0.000  -0.056   0.153   0.
  2017 352 22 52 22 500 352.953038197       2.79     -0.81     -0.42  0.       -5623.181       5365.444       1076.893    0.000  -0.056   0.153   0.
  2017 352 22 52 23 500 352.953049771       2.60     -0.55     -0.64  0.       -5623.341       5364.318       1075.132    0.000  -0.056   0.153   0.
  2017 352 22 52 24 500 352.953061346       2.26     -0.62     -0.57  0.       -5623.502       5363.193       1073.370    0.000  -0.056   0.153   0.
  2017 352 22 52 25 500 352.953072920       2.23     -0.54     -0.57  0.       -5623.661       5362.066       1071.608    0.000  -0.056   0.153   0.
  2017 352 22 52 26 500 352.953084494       2.05     -0.45     -0.55  0.       -5623.819       5360.939       1069.846    0.000  -0.056   0.153   0.
  2017 352 22 52 27 500 352.953096068       1.86     -0.49     -0.55  0.       -5623.978       5359.812       1068.084    0.000  -0.056   0.153   0.
  2017 352 22 52 28 500 352.953107642       1.75     -0.76     -0.69  0.       -5624.135       5358.684       1066.322    0.000  -0.056   0.153   0.
  2017 352 22 52 29 500 352.953119216       1.70     -0.96     -0.76  0.       -5624.292       5357.556       1064.560    0.000  -0.056   0.153   0.
  2017 352 22 52 30 500 352.953130790       1.78     -1.09     -0.82  0.       -5624.449       5356.427       1062.798    0.000  -0.056   0.153   0.
  2017 352 22 52 31 500 352.953142364       1.62     -1.23     -0.90  0.       -5624.605       5355.298       1061.035    0.000  -0.056   0.153   0.
  2017 352 22 52 32 500 352.953153938       1.66     -1.31     -0.94  0.       -5624.761       5354.168       1059.273    0.000  -0.056   0.153   0.
  2017 352 22 52 33 500 352.953165512       1.79     -1.11     -1.02  0.       -5624.916       5353.038       1057.510    0.000  -0.056   0.153   0.
  2017 352 22 52 34 500 352.953177086       2.01     -0.75     -0.97  0.       -5625.071       5351.908       1055.748    0.000  -0.056   0.153   0.
  2017 352 22 52 35 500 352.953188660       2.35     -0.73     -0.95  0.       -5625.225       5350.776       1053.985    0.000  -0.056   0.153   0.
  2017 352 22 52 36 500 352.953200234       2.58     -0.85     -0.76  0.       -5625.379       5349.645       1052.222    0.000  -0.056   0.153   0.
  2017 352 22 52 37 500 352.953211808       2.55     -0.93     -0.57  0.       -5625.532       5348.513       1050.459    0.000  -0.056   0.153   0.
  2017 352 22 52 38 500 352.953223383       2.51     -0.83     -0.41  0.       -5625.684       5347.380       1048.696    0.000  -0.056   0.153   0.
  2017 352 22 52 39 500 352.953234955       2.68     -0.98     -0.08  0.       -5625.837       5346.247       1046.933    0.000  -0.056   0.153   0.
  2017 352 22 52 40 500 352.953246528       2.68     -1.17      0.26  0.       -5625.988       5345.114       1045.170    0.000  -0.056   0.153   0.
  2017 352 22 52 41 500 352.953258102       2.44     -1.10      0.34  0.       -5626.139       5343.980       1043.406    0.000  -0.056   0.153   0.
  2017 352 22 52 42 500 352.953269676       2.16     -0.98      0.34  0.       -5626.290       5342.845       1041.643    0.000  -0.056   0.153   0.
  2017 352 22 52 43 500 352.953281250       2.37     -1.20     -0.16  0.       -5626.440       5341.710       1039.879    0.000  -0.056   0.153   0.
  2017 352 22 52 44 499 352.953292824       2.75     -1.60     -0.26  0.       -5626.590       5340.575       1038.116    0.000  -0.056   0.153   0.
  2017 352 22 52 45 499 352.953304398       3.36     -1.85      0.25  0.       -5626.739       5339.439       1036.352    0.000  -0.056   0.153   0.
  2017 352 22 52 46 499 352.953315972       4.00     -2.11      0.45  0.       -5626.887       5338.303       1034.588    0.000  -0.056   0.153   0.
  2017 352 22 52 47 499 352.953327546       3.94     -2.05      0.18  0.       -5627.036       5337.166       1032.825    0.000  -0.056   0.153   0.
  2017 352 22 52 48 500 352.953339120       3.39     -1.90     -0.09  0.       -5627.183       5336.029       1031.061    0.000  -0.056   0.153   0.
  2017 352 22 52 49 500 352.953350694       3.02     -1.81     -0.05  0.       -5627.330       5334.891       1029.296    0.000  -0.056   0.153   0.
  2017 352 22 52 50 499 352.953362269       2.54     -1.94     -0.25  0.       -5627.477       5333.753       1027.532    0.000  -0.056   0.153   0.
  2017 352 22 52 51 499 352.953373843       2.77     -2.04     -0.37  0.       -5627.623       5332.614       1025.768    0.000  -0.056   0.153   0.
  2017 352 22 52 52 500 352.953385417       3.19     -2.03     -0.12  0.       -5627.769       5331.475       1024.004    0.000  -0.056   0.153   0.
  2017 352 22 52 53 500 352.953396991       3.43     -1.92      0.11  0.       -5627.914       5330.335       1022.239    0.000  -0.056   0.153   0.
  2017 352 22 52 54 500 352.953408565       3.29     -1.46      0.27  0.       -5628.058       5329.195       1020.475    0.000  -0.056   0.153   0.
  2017 352 22 52 55 500 352.953420139       2.74     -1.43     -0.20  0.       -5628.203       5328.054       1018.710    0.000  -0.056   0.153   0.
  2017 352 22 52 56 500 352.953431713       2.58     -1.20     -0.44  0.       -5628.346       5326.913       1016.946    0.000  -0.056   0.153   0.
  2017 352 22 52 57 499 352.953443287       2.51     -0.88     -0.40  0.       -5628.489       5325.771       1015.181    0.000  -0.056   0.153   0.
  2017 352 22 52 58 499 352.953454861       2.26     -0.91     -0.59  0.       -5628.632       5324.629       1013.416    0.000  -0.056   0.153   0.
  2017 352 22 52 59 499 352.953466435       2.27     -0.91     -0.74  0.       -5628.774       5323.487       1011.651    0.000  -0.056   0.153   0.
  2017 352 22 53  0 499 352.953478009       2.31     -0.78     -0.71  0.       -5628.915       5322.344       1009.886    0.000  -0.056   0.153   0.
  2017 352 22 53  1 499 352.953489583       2.13     -0.74     -0.71  0.       -5629.057       5321.200       1008.121    0.000  -0.056   0.153   0.
  2017 352 22 53  2 500 352.953501157       1.96     -0.74     -0.50  0.       -5629.197       5320.056       1006.355    0.000  -0.056   0.153   0.
  2017 352 22 53  3 500 352.953512731       1.68     -0.44     -0.44  0.       -5629.337       5318.912       1004.590    0.000  -0.056   0.153   0.
  2017 352 22 53  4 499 352.953524306       1.17     -0.23     -0.33  0.       -5629.477       5317.767       1002.825    0.000  -0.056   0.153   0.
  2017 352 22 53  5 499 352.953535880       1.15     -0.12     -0.01  0.       -5629.616       5316.621       1001.059    0.000  -0.056   0.153   0.
  2017 352 22 53  6 500 352.953547454       1.36     -0.11     -0.28  0.       -5629.754       5315.475        999.294    0.000  -0.056   0.153   0.
  2017 352 22 53  7 500 352.953559028       2.14     -0.35     -0.76  0.       -5629.892       5314.329        997.528    0.000  -0.056   0.153   0.
  2017 352 22 53  8 500 352.953570602       2.35     -0.95     -0.98  0.       -5630.030       5313.182        995.762    0.000  -0.056   0.153   0.
  2017 352 22 53  9 500 352.953582175       2.05     -1.24     -0.96  0.       -5630.167       5312.035        993.996    0.000  -0.056   0.153   0.
  2017 352 22 53 10 499 352.953593747       1.81     -1.31     -0.81  0.       -5630.303       5310.887        992.230    0.000  -0.056   0.153   0.
  2017 352 22 53 11 499 352.953605321       1.47     -1.58     -0.80  0.       -5630.439       5309.738        990.464    0.000  -0.056   0.153   0.
  2017 352 22 53 12 499 352.953616895       0.98     -1.54     -1.00  0.       -5630.575       5308.590        988.698    0.000  -0.056   0.153   0.
  2017 352 22 53 13 499 352.953628469       0.43     -1.24     -1.22  0.       -5630.710       5307.440        986.932    0.000  -0.056   0.153   0.
  2017 352 22 53 14 499 352.953640043       0.16     -0.68     -1.10  0.       -5630.844       5306.291        985.165    0.000  -0.056   0.153   0.
  2017 352 22 53 15 499 352.953651617       0.51     -0.25     -1.15  0.       -5630.978       5305.140        983.399    0.000  -0.056   0.153   0.
  2017 352 22 53 16 499 352.953663192       0.29     -0.20     -0.87  0.       -5631.112       5303.990        981.633    0.000  -0.056   0.153   0.
  2017 352 22 53 17 499 352.953674766       0.24      0.02     -0.97  0.       -5631.245       5302.839        979.866    0.000  -0.056   0.153   0.
  2017 352 22 53 18 499 352.953686340       0.30      0.13     -0.20  0.       -5631.377       5301.687        978.099    0.000  -0.056   0.153   0.
  2017 352 22 53 19 499 352.953697914       0.68      0.23     -0.10  0.       -5631.509       5300.535        976.332    0.000  -0.056   0.153   0.
  2017 352 22 53 20 499 352.953709488       1.12      0.47     -0.33  0.       -5631.641       5299.382        974.566    0.000  -0.056   0.153   0.
  2017 352 22 53 21 499 352.953721062       1.39      0.38     -0.45  0.       -5631.772       5298.229        972.799    0.000  -0.056   0.153   0.
  2017 352 22 53 22 499 352.953732636       1.48      0.46     -0.59  0.       -5631.902       5297.075        971.032    0.000  -0.056   0.153   0.
  2017 352 22 53 23 499 352.953744210       1.49      0.46     -0.83  0.       -5632.032       5295.921        969.265    0.000  -0.056   0.153   0.
  2017 352 22 53 24 499 352.953755784       1.34      0.49     -0.99  0.       -5632.161       5294.767        967.497    0.000  -0.056   0.153   0.
  2017 352 22 53 25 499 352.953767358       1.04      0.42     -0.94  0.       -5632.290       5293.612        965.730    0.000  -0.056   0.153   0.
  2017 352 22 53 26 499 352.953778932       0.71      0.58     -0.94  0.       -5632.418       5292.456        963.963    0.000  -0.056   0.153   0.
  2017 352 22 53 27 499 352.953790506       0.65      0.51     -0.68  0.       -5632.546       5291.300        962.195    0.000  -0.056   0.153   0.
  2017 352 22 53 28 499 352.953802080       0.86      0.48     -0.74  0.       -5632.674       5290.144        960.428    0.000  -0.056   0.153   0.
  2017 352 22 53 29 499 352.953813655       0.86      0.39     -0.87  0.       -5632.801       5288.987        958.660    0.000  -0.056   0.153   0.
  2017 352 22 53 30 499 352.953825229       0.70      0.23     -0.82  0.       -5632.927       5287.830        956.892    0.000  -0.056   0.153   0.
  2017 352 22 53 31 499 352.953836803       0.55     -0.01     -0.60  0.       -5633.053       5286.672        955.125    0.000  -0.056   0.153   0.
  2017 352 22 53 32 499 352.953848377       0.63      0.00     -0.53  0.       -5633.178       5285.513        953.357    0.000  -0.056   0.153   0.
  2017 352 22 53 33 499 352.953859951       0.61     -0.07     -0.24  0.       -5633.303       5284.354        951.589    0.000  -0.056   0.153   0.
  2017 352 22 53 34 499 352.953871525       0.57     -0.07     -0.07  0.       -5633.427       5283.195        949.821    0.000  -0.056   0.153   0.
  2017 352 22 53 35 499 352.953883099       0.43      0.10      0.08  0.       -5633.551       5282.035        948.052    0.000  -0.056   0.153   0.
  2017 352 22 53 36 499 352.953894673       0.17      0.09     -0.01  0.       -5633.674       5280.875        946.284    0.000  -0.056   0.153   0.
  2017 352 22 53 37 499 352.953906247      -0.07      0.21     -0.18  0.       -5633.797       5279.714        944.516    0.000  -0.056   0.153   0.
  2017 352 22 53 38 499 352.953917821      -0.31      0.44     -0.34  0.       -5633.919       5278.553        942.747    0.000  -0.056   0.153   0.
  2017 352 22 53 39 499 352.953929394      -0.42      0.59     -0.31  0.       -5634.041       5277.391        940.979    0.000  -0.056   0.153   0.
  2017 352 22 53 40 499 352.953940966      -0.55      0.50     -0.43  0.       -5634.162       5276.229        939.210    0.000  -0.056   0.153   0.
  2017 352 22 53 41 499 352.953952541      -0.78      0.66     -0.38  0.       -5634.283       5275.066        937.442    0.000  -0.056   0.153   0.
  2017 352 22 53 42 499 352.953964115      -0.98      0.47      0.02  0.       -5634.403       5273.903        935.673    0.000  -0.056   0.153   0.
  2017 352 22 53 43 499 352.953975689      -1.30      0.01     -0.20  0.       -5634.523       5272.739        933.904    0.000  -0.056   0.153   0.
  2017 352 22 53 44 499 352.953987263      -1.47     -0.94     -0.74  0.       -5634.642       5271.575        932.135    0.000  -0.056   0.153   0.
  2017 352 22 53 45 499 352.953998837      -1.78     -1.94     -1.18  0.       -5634.760       5270.411        930.366    0.000  -0.056   0.153   0.
  2017 352 22 53 46 499 352.954010411      -2.28     -2.64     -2.38  0.       -5634.878       5269.245        928.597    0.000  -0.056   0.153   0.
  2017 352 22 53 47 499 352.954021985      -2.53     -2.97     -2.67  0.       -5634.996       5268.080        926.828    0.000  -0.056   0.153   0.
  2017 352 22 53 48 499 352.954033559      -3.02     -2.73     -2.32  0.       -5635.113       5266.914        925.059    0.000  -0.056   0.153   0.
  2017 352 22 53 49 499 352.954045133      -2.92     -2.11     -2.41  0.       -5635.230       5265.747        923.289    0.000  -0.056   0.153   0.
  2017 352 22 53 50 499 352.954056707      -3.02     -1.80     -2.37  0.       -5635.346       5264.580        921.520    0.000  -0.056   0.153   0.
  2017 352 22 53 51 499 352.954068281      -3.19     -1.15     -2.16  0.       -5635.461       5263.413        919.750    0.000  -0.056   0.153   0.
  2017 352 22 53 52 499 352.954079855      -2.92     -0.01     -2.04  0.       -5635.576       5262.245        917.981    0.000  -0.056   0.153   0.
  2017 352 22 53 53 499 352.954091429      -2.68      0.55     -1.50  0.       -5635.691       5261.076        916.211    0.000  -0.056   0.153   0.
  2017 352 22 53 54 499 352.954103004      -2.71      0.98     -1.12  0.       -5635.805       5259.907        914.441    0.000  -0.056   0.153   0.
  2017 352 22 53 55 499 352.954114578      -3.15      0.82     -1.00  0.       -5635.918       5258.738        912.671    0.000  -0.056   0.153   0.
  2017 352 22 53 56 499 352.954126152      -3.39      1.43     -1.10  0.       -5636.031       5257.568        910.901    0.000  -0.056   0.153   0.
  2017 352 22 53 57 499 352.954137726      -3.71      2.14     -1.16  0.       -5636.144       5256.398        909.131    0.000  -0.056   0.153   0.
  2017 352 22 53 58 499 352.954149300      -3.41      2.08     -1.16  0.       -5636.256       5255.227        907.361    0.000  -0.056   0.153   0.
  2017 352 22 53 59 499 352.954160874      -3.19      1.96     -1.50  0.       -5636.367       5254.055        905.591    0.000  -0.056   0.153   0.
  2017 352 22 54  0 499 352.954172448      -2.66      1.64     -1.35  0.       -5636.478       5252.883        903.821    0.000  -0.056   0.153   0.
  2017 352 22 54  1 499 352.954184022      -1.96      2.04     -1.32  0.       -5636.588       5251.711        902.051    0.000  -0.056   0.153   0.
  2017 352 22 54  2 499 352.954195596      -1.61      1.87     -1.21  0.       -5636.698       5250.538        900.280    0.000  -0.056   0.153   0.
  2017 352 22 54  3 499 352.954207170      -1.51      1.47     -1.10  0.       -5636.808       5249.365        898.510    0.000  -0.056   0.153   0.
  2017 352 22 54  4 499 352.954218744      -1.76      1.03     -0.10  0.       -5636.916       5248.191        896.739    0.000  -0.056   0.153   0.
  2017 352 22 54  5 499 352.954230318      -2.30      0.97      1.00  0.       -5637.025       5247.017        894.968    0.000  -0.056   0.153   0.
  2017 352 22 54  6 499 352.954241892      -2.76      1.15      0.89  0.       -5637.133       5245.842        893.198    0.000  -0.056   0.153   0.
  2017 352 22 54  7 499 352.954253466      -2.02      0.70      0.00  0.       -5637.240       5244.667        891.427    0.000  -0.056   0.153   0.
  2017 352 22 54  8 499 352.954265040      -1.75      0.44      0.06  0.       -5637.347       5243.491        889.656    0.000  -0.056   0.153   0.
  2017 352 22 54  9 499 352.954276613      -1.78     -0.09     -0.01  0.       -5637.453       5242.315        887.885    0.000  -0.056   0.153   0.
  2017 352 22 54 10 499 352.954288186      -1.65     -0.16     -0.13  0.       -5637.559       5241.138        886.114    0.000  -0.056   0.153   0.
  2017 352 22 54 11 499 352.954299760      -1.79     -0.67     -0.03  0.       -5637.664       5239.961        884.343    0.000  -0.056   0.153   0.
  2017 352 22 54 12 499 352.954311334      -2.07     -0.79      0.13  0.       -5637.768       5238.784        882.571    0.000  -0.056   0.153   0.
  2017 352 22 54 13 499 352.954322908      -2.37     -1.21     -0.02  0.       -5637.873       5237.606        880.800    0.000  -0.056   0.153   0.
  2017 352 22 54 14 499 352.954334482      -2.33     -0.88     -0.22  0.       -5637.976       5236.427        879.028    0.000  -0.056   0.153   0.
  2017 352 22 54 15 499 352.954346056      -2.38     -0.85     -0.62  0.       -5638.079       5235.248        877.257    0.000  -0.056   0.153   0.
  2017 352 22 54 16 499 352.954357630      -2.32     -0.96     -0.92  0.       -5638.182       5234.068        875.485    0.000  -0.056   0.153   0.
  2017 352 22 54 17 499 352.954369204      -2.22     -0.77     -1.50  0.       -5638.284       5232.888        873.714    0.000  -0.056   0.153   0.
  2017 352 22 54 18 499 352.954380778      -2.43     -0.04     -1.53  0.       -5638.386       5231.708        871.942    0.000  -0.056   0.153   0.
  2017 352 22 54 19 499 352.954392352      -2.60      0.79     -1.37  0.       -5638.487       5230.527        870.170    0.000  -0.056   0.153   0.
  2017 352 22 54 20 499 352.954403927      -2.28      1.40     -1.64  0.       -5638.587       5229.345        868.398    0.000  -0.056   0.153   0.
  2017 352 22 54 21 499 352.954415501      -1.65      1.37     -1.65  0.       -5638.687       5228.163        866.626    0.000  -0.056   0.153   0.
  2017 352 22 54 22 499 352.954427075      -1.07      1.50     -2.04  0.       -5638.787       5226.981        864.854    0.000  -0.056   0.153   0.
  2017 352 22 54 23 499 352.954438649      -0.72      1.15     -2.65  0.       -5638.886       5225.798        863.082    0.000  -0.056   0.153   0.
  2017 352 22 54 24 499 352.954450223      -0.61      0.93     -2.63  0.       -5638.984       5224.615        861.310    0.000  -0.056   0.153   0.
  2017 352 22 54 25 499 352.954461797      -0.13      0.46     -2.49  0.       -5639.082       5223.431        859.538    0.000  -0.056   0.153   0.
  2017 352 22 54 26 499 352.954473371       0.08      0.35     -2.35  0.       -5639.179       5222.246        857.765    0.000  -0.056   0.153   0.
  2017 352 22 54 27 499 352.954484945      -0.28      0.37     -2.21  0.       -5639.276       5221.061        855.993    0.000  -0.056   0.153   0.
  2017 352 22 54 28 499 352.954496519      -0.41      0.36     -2.00  0.       -5639.372       5219.876        854.220    0.000  -0.056   0.153   0.
  2017 352 22 54 29 499 352.954508093      -0.59      0.35     -1.94  0.       -5639.468       5218.690        852.448    0.000  -0.056   0.153   0.
  2017 352 22 54 30 499 352.954519667      -0.89      0.58     -1.81  0.       -5639.564       5217.504        850.675    0.000  -0.056   0.153   0.
  2017 352 22 54 31 499 352.954531241      -0.81      0.75     -1.82  0.       -5639.659       5216.317        848.902    0.000  -0.056   0.153   0.
  2017 352 22 54 32 499 352.954542815      -0.70      0.79     -1.82  0.       -5639.753       5215.129        847.129    0.000  -0.056   0.153   0.
  2017 352 22 54 33 499 352.954554389      -0.52      0.66     -1.68  0.       -5639.847       5213.942        845.356    0.000  -0.056   0.153   0.
  2017 352 22 54 34 499 352.954565964      -0.45      0.43     -1.53  0.       -5639.940       5212.753        843.583    0.000  -0.056   0.153   0.
  2017 352 22 54 35 499 352.954577538      -0.28      0.31     -1.76  0.       -5640.032       5211.565        841.810    0.000  -0.056   0.153   0.
  2017 352 22 54 36 499 352.954589112      -0.12      0.18     -1.92  0.       -5640.125       5210.375        840.037    0.000  -0.056   0.153   0.
  2017 352 22 54 37 499 352.954600686       0.27     -0.02     -1.57  0.       -5640.216       5209.186        838.264    0.000  -0.056   0.153   0.
  2017 352 22 54 38 499 352.954612260       0.32     -0.09     -1.56  0.       -5640.307       5207.995        836.491    0.000  -0.056   0.153   0.
  2017 352 22 54 39 498 352.954623833       0.25     -0.07     -1.70  0.       -5640.398       5206.805        834.717    0.000  -0.056   0.153   0.
  2017 352 22 54 40 498 352.954635405       0.33     -0.16     -1.93  0.       -5640.488       5205.614        832.944    0.000  -0.056   0.153   0.
  2017 352 22 54 41 498 352.954646979       0.56     -0.23     -1.72  0.       -5640.578       5204.422        831.170    0.000  -0.056   0.153   0.
  2017 352 22 54 42 498 352.954658553       0.54     -0.20     -1.19  0.       -5640.667       5203.230        829.397    0.000  -0.056   0.153   0.
  2017 352 22 54 43 498 352.954670127       0.63     -0.27     -1.38  0.       -5640.755       5202.037        827.623    0.000  -0.056   0.153   0.
  2017 352 22 54 44 499 352.954681701       0.72     -0.39     -1.53  0.       -5640.843       5200.844        825.849    0.000  -0.056   0.153   0.
  2017 352 22 54 45 499 352.954693275       0.50     -0.43     -1.24  0.       -5640.931       5199.650        824.075    0.000  -0.056   0.153   0.
  2017 352 22 54 46 498 352.954704850       0.53     -0.41     -1.22  0.       -5641.017       5198.456        822.301    0.000  -0.056   0.153   0.
  2017 352 22 54 47 498 352.954716424       0.62     -0.24     -0.96  0.       -5641.104       5197.262        820.527    0.000  -0.056   0.153   0.
  2017 352 22 54 48 499 352.954727998       0.64     -0.35     -0.89  0.       -5641.190       5196.067        818.753    0.000  -0.056   0.153   0.
  2017 352 22 54 49 499 352.954739572       0.51     -0.50     -0.85  0.       -5641.275       5194.871        816.979    0.000  -0.056   0.153   0.
  2017 352 22 54 50 499 352.954751146       0.54     -0.41     -0.79  0.       -5641.360       5193.675        815.205    0.000  -0.056   0.153   0.
  2017 352 22 54 51 499 352.954762720       0.65     -0.23     -0.70  0.       -5641.444       5192.479        813.430    0.000  -0.056   0.153   0.
  2017 352 22 54 52 499 352.954774294       0.74      0.01     -0.69  0.       -5641.528       5191.282        811.656    0.000  -0.056   0.153   0.
  2017 352 22 54 53 498 352.954785868       0.66     -0.12     -0.56  0.       -5641.611       5190.084        809.882    0.000  -0.056   0.153   0.
  2017 352 22 54 54 498 352.954797442       0.56     -0.15     -0.65  0.       -5641.694       5188.886        808.107    0.000  -0.056   0.153   0.
  2017 352 22 54 55 498 352.954809016       0.53      0.28     -0.74  0.       -5641.776       5187.688        806.332    0.000  -0.056   0.153   0.
  2017 352 22 54 56 498 352.954820590       0.12      0.47     -0.37  0.       -5641.858       5186.489        804.558    0.000  -0.056   0.153   0.
  2017 352 22 54 57 499 352.954832164      -0.50      0.20      0.14  0.       -5641.939       5185.289        802.783    0.000  -0.056   0.153   0.
  2017 352 22 54 58 499 352.954843738      -0.94      0.15      0.47  0.       -5642.019       5184.090        801.008    0.000  -0.056   0.153   0.
  2017 352 22 54 59 499 352.954855313      -1.20     -0.04      0.67  0.       -5642.099       5182.889        799.233    0.000  -0.056   0.153   0.
  2017 352 22 55  0 498 352.954866887      -1.50     -0.06      0.58  0.       -5642.179       5181.688        797.458    0.000  -0.056   0.153   0.
  2017 352 22 55  1 499 352.954878461      -1.52     -0.27      0.41  0.       -5642.258       5180.487        795.683    0.000  -0.056   0.153   0.
  2017 352 22 55  2 499 352.954890035      -1.62     -0.44      0.44  0.       -5642.336       5179.285        793.908    0.000  -0.056   0.153   0.
  2017 352 22 55  3 499 352.954901609      -1.74     -0.56      0.51  0.       -5642.414       5178.083        792.133    0.000  -0.056   0.153   0.
  2017 352 22 55  4 499 352.954913183      -1.74     -0.65      0.63  0.       -5642.492       5176.880        790.357    0.000  -0.056   0.153   0.
  2017 352 22 55  5 499 352.954924757      -1.96     -0.70      0.78  0.       -5642.569       5175.676        788.582    0.000  -0.056   0.153   0.
  2017 352 22 55  6 498 352.954936331      -1.82     -0.70      0.88  0.       -5642.645       5174.473        786.807    0.000  -0.056   0.153   0.
  2017 352 22 55  7 498 352.954947905      -1.95     -0.62      0.97  0.       -5642.721       5173.268        785.031    0.000  -0.056   0.153   0.
  2017 352 22 55  8 498 352.954959479      -1.94     -0.51      0.84  0.       -5642.796       5172.064        783.255    0.000  -0.056   0.153   0.
  2017 352 22 55  9 498 352.954971052      -2.19     -0.55      0.53  0.       -5642.871       5170.858        781.480    0.000  -0.056   0.153   0.
  2017 352 22 55 10 498 352.954982624      -2.40     -0.68      0.94  0.       -5642.945       5169.653        779.704    0.000  -0.056   0.153   0.
  2017 352 22 55 11 498 352.954994198      -2.45     -0.87      1.21  0.       -5643.019       5168.446        777.928    0.000  -0.056   0.153   0.
  2017 352 22 55 12 498 352.955005773      -2.85     -0.90      0.97  0.       -5643.092       5167.240        776.152    0.000  -0.056   0.153   0.
  2017 352 22 55 13 498 352.955017347      -3.10     -0.98      0.62  0.       -5643.165       5166.032        774.376    0.000  -0.056   0.153   0.
  2017 352 22 55 14 498 352.955028921      -3.13     -1.18      0.75  0.       -5643.237       5164.825        772.601    0.000  -0.056   0.153   0.
  2017 352 22 55 15 498 352.955040495      -2.99     -1.37      0.76  0.       -5643.308       5163.617        770.824    0.000  -0.056   0.153   0.
  2017 352 22 55 16 498 352.955052069      -2.93     -1.45      0.80  0.       -5643.379       5162.408        769.048    0.000  -0.056   0.153   0.
  2017 352 22 55 17 498 352.955063643      -2.72     -1.48      1.02  0.       -5643.450       5161.199        767.272    0.000  -0.056   0.153   0.
  2017 352 22 55 18 498 352.955075217      -2.63     -1.58      1.06  0.       -5643.520       5159.989        765.496    0.000  -0.056   0.153   0.
  2017 352 22 55 19 498 352.955086791      -2.70     -1.87      1.13  0.       -5643.589       5158.779        763.719    0.000  -0.056   0.153   0.
  2017 352 22 55 20 498 352.955098365      -3.11     -1.79      1.08  0.       -5643.658       5157.568        761.943    0.000  -0.056   0.153   0.
  2017 352 22 55 21 498 352.955109939      -3.26     -1.98      1.04  0.       -5643.727       5156.357        760.166    0.000  -0.056   0.153   0.
  2017 352 22 55 22 498 352.955121513      -3.19     -2.37      1.14  0.       -5643.795       5155.146        758.390    0.000  -0.056   0.153   0.
  2017 352 22 55 23 498 352.955133087      -3.23     -2.06      0.94  0.       -5643.862       5153.934        756.613    0.000  -0.056   0.153   0.
  2017 352 22 55 24 498 352.955144661      -3.34     -2.08      0.70  0.       -5643.929       5152.721        754.836    0.000  -0.056   0.153   0.
  2017 352 22 55 25 498 352.955156236      -3.43     -2.32      0.42  0.       -5643.995       5151.508        753.059    0.000  -0.056   0.153   0.
  2017 352 22 55 26 498 352.955167810      -3.27     -2.50      0.33  0.       -5644.061       5150.294        751.283    0.000  -0.056   0.153   0.
  2017 352 22 55 27 498 352.955179384      -3.30     -2.42      0.23  0.       -5644.126       5149.080        749.506    0.000  -0.056   0.153   0.
  2017 352 22 55 28 498 352.955190958      -3.24     -2.26      0.08  0.       -5644.190       5147.866        747.728    0.000  -0.056   0.153   0.
  2017 352 22 55 29 498 352.955202532      -3.20     -1.98     -0.06  0.       -5644.255       5146.651        745.951    0.000  -0.056   0.153   0.
  2017 352 22 55 30 498 352.955214106      -3.35     -1.86     -0.33  0.       -5644.318       5145.436        744.174    0.000  -0.056   0.153   0.
  2017 352 22 55 31 498 352.955225680      -3.80     -1.96     -0.77  0.       -5644.381       5144.220        742.397    0.000  -0.056   0.153   0.
  2017 352 22 55 32 498 352.955237254      -3.81     -1.57     -0.91  0.       -5644.444       5143.003        740.620    0.000  -0.056   0.153   0.
  2017 352 22 55 33 498 352.955248828      -3.81     -1.20     -1.16  0.       -5644.506       5141.786        738.842    0.000  -0.056   0.153   0.
  2017 352 22 55 34 498 352.955260402      -3.56     -1.26     -1.28  0.       -5644.567       5140.569        737.065    0.000  -0.056   0.153   0.
  2017 352 22 55 35 498 352.955271976      -3.42     -1.17     -1.26  0.       -5644.628       5139.351        735.287    0.000  -0.056   0.153   0.
  2017 352 22 55 36 498 352.955283550      -3.50     -0.92     -1.15  0.       -5644.688       5138.132        733.510    0.000  -0.056   0.153   0.
  2017 352 22 55 37 498 352.955295124      -3.68     -0.36     -0.91  0.       -5644.748       5136.913        731.732    0.000  -0.056   0.153   0.
  2017 352 22 55 38 498 352.955306698      -3.74      0.45     -0.58  0.       -5644.807       5135.694        729.954    0.000  -0.056   0.153   0.
  2017 352 22 55 39 498 352.955318272      -3.83      0.89     -0.34  0.       -5644.866       5134.474        728.177    0.000  -0.056   0.153   0.
  2017 352 22 55 40 498 352.955329844      -3.90      0.84     -0.25  0.       -5644.924       5133.254        726.399    0.000  -0.056   0.153   0.
  2017 352 22 55 41 498 352.955341418      -3.90      0.99     -0.39  0.       -5644.982       5132.033        724.621    0.000  -0.056   0.153   0.
  2017 352 22 55 42 498 352.955352992      -3.99      1.19     -0.58  0.       -5645.039       5130.812        722.843    0.000  -0.056   0.153   0.
  2017 352 22 55 43 498 352.955364566      -3.99      1.38     -0.31  0.       -5645.096       5129.590        721.065    0.000  -0.056   0.153   0.
  2017 352 22 55 44 498 352.955376140      -4.30      1.52     -0.13  0.       -5645.152       5128.367        719.287    0.000  -0.056   0.153   0.
  2017 352 22 55 45 498 352.955387714      -4.73      1.67     -0.16  0.       -5645.207       5127.145        717.508    0.000  -0.056   0.153   0.
  2017 352 22 55 46 498 352.955399288      -4.76      1.79     -0.81  0.       -5645.262       5125.921        715.730    0.000  -0.056   0.153   0.
  2017 352 22 55 47 498 352.955410862      -4.91      1.95     -0.84  0.       -5645.317       5124.698        713.952    0.000  -0.056   0.153   0.
  2017 352 22 55 48 498 352.955422436      -5.13      1.75     -1.09  0.       -5645.371       5123.473        712.173    0.000  -0.056   0.153   0.
  2017 352 22 55 49 498 352.955434010      -5.22      1.58     -1.46  0.       -5645.424       5122.248        710.395    0.000  -0.056   0.153   0.
  2017 352 22 55 50 498 352.955445585      -4.92      1.68     -1.53  0.       -5645.477       5121.023        708.616    0.000  -0.056   0.153   0.
  2017 352 22 55 51 498 352.955457159      -4.84      1.52     -1.91  0.       -5645.529       5119.798        706.838    0.000  -0.056   0.153   0.
  2017 352 22 55 52 498 352.955468733      -4.96      1.59     -1.94  0.       -5645.581       5118.571        705.059    0.000  -0.056   0.153   0.
  2017 352 22 55 53 498 352.955480307      -5.12      1.83     -1.58  0.       -5645.632       5117.345        703.280    0.000  -0.056   0.153   0.
  2017 352 22 55 54 498 352.955491881      -5.08      1.81     -1.37  0.       -5645.683       5116.117        701.501    0.000  -0.056   0.153   0.
  2017 352 22 55 55 498 352.955503455      -5.06      1.66     -1.39  0.       -5645.733       5114.890        699.722    0.000  -0.056   0.153   0.
  2017 352 22 55 56 498 352.955515029      -4.89      1.60     -1.43  0.       -5645.783       5113.661        697.944    0.000  -0.056   0.153   0.
  2017 352 22 55 57 498 352.955526603      -4.73      1.55     -1.41  0.       -5645.832       5112.433        696.164    0.000  -0.056   0.153   0.
  2017 352 22 55 58 498 352.955538177      -4.59      1.40     -1.47  0.       -5645.880       5111.204        694.385    0.000  -0.056   0.153   0.
  2017 352 22 55 59 498 352.955549751      -4.54      1.34     -1.33  0.       -5645.928       5109.974        692.606    0.000  -0.056   0.153   0.
  2017 352 22 56  0 498 352.955561325      -4.50      1.20     -1.20  0.       -5645.976       5108.744        690.827    0.000  -0.056   0.153   0.
  2017 352 22 56  1 498 352.955572899      -4.53      0.96     -1.17  0.       -5646.023       5107.513        689.048    0.000  -0.056   0.153   0.
  2017 352 22 56  2 498 352.955584473      -4.44      0.79     -1.17  0.       -5646.069       5106.282        687.268    0.000  -0.056   0.153   0.
  2017 352 22 56  3 498 352.955596048      -4.40      0.57     -1.08  0.       -5646.115       5105.051        685.489    0.000  -0.056   0.153   0.
  2017 352 22 56  4 498 352.955607622      -4.41      0.55     -1.07  0.       -5646.160       5103.818        683.709    0.000  -0.056   0.153   0.
  2017 352 22 56  5 498 352.955619196      -4.45      0.65     -0.91  0.       -5646.205       5102.586        681.930    0.000  -0.056   0.153   0.
  2017 352 22 56  6 498 352.955630770      -4.48      0.66     -0.79  0.       -5646.249       5101.353        680.150    0.000  -0.056   0.153   0.
  2017 352 22 56  7 498 352.955642344      -4.34      0.70     -0.52  0.       -5646.293       5100.119        678.371    0.000  -0.056   0.153   0.
  2017 352 22 56  8 498 352.955653918      -4.38      0.64     -0.24  0.       -5646.336       5098.885        676.591    0.000  -0.056   0.153   0.
  2017 352 22 56  9 498 352.955665491      -4.36      0.78     -0.09  0.       -5646.378       5097.650        674.811    0.000  -0.056   0.153   0.
  2017 352 22 56 10 498 352.955677063      -4.31      0.93      0.13  0.       -5646.420       5096.415        673.031    0.000  -0.056   0.153   0.
  2017 352 22 56 11 498 352.955688637      -4.31      1.02      0.39  0.       -5646.462       5095.180        671.251    0.000  -0.056   0.153   0.
  2017 352 22 56 12 498 352.955700211      -4.35      1.15      0.44  0.       -5646.503       5093.944        669.471    0.000  -0.055   0.152   0.
  2017 352 22 56 13 498 352.955711785      -4.56      1.23      0.58  0.       -5646.543       5092.707        667.691    0.000  -0.055   0.152   0.
  2017 352 22 56 14 498 352.955723359      -4.74      1.33      0.65  0.       -5646.583       5091.470        665.911    0.000  -0.056   0.153   0.
  2017 352 22 56 15 498 352.955734933      -4.80      1.44      0.60  0.       -5646.622       5090.233        664.131    0.000  -0.056   0.153   0.
  2017 352 22 56 16 498 352.955746508      -4.90      1.51      0.67  0.       -5646.661       5088.995        662.351    0.000  -0.056   0.153   0.
  2017 352 22 56 17 498 352.955758082      -5.12      1.64      0.80  0.       -5646.699       5087.756        660.570    0.000  -0.056   0.153   0.
  2017 352 22 56 18 498 352.955769656      -5.37      1.74      0.78  0.       -5646.737       5086.517        658.790    0.000  -0.056   0.153   0.
  2017 352 22 56 19 498 352.955781230      -5.48      1.88      0.71  0.       -5646.774       5085.278        657.010    0.000  -0.056   0.153   0.
  2017 352 22 56 20 498 352.955792804      -5.76      1.83      0.89  0.       -5646.811       5084.038        655.229    0.000  -0.056   0.153   0.
  2017 352 22 56 21 498 352.955804378      -5.69      1.81      0.76  0.       -5646.847       5082.798        653.448    0.000  -0.056   0.153   0.
  2017 352 22 56 22 498 352.955815952      -5.75      1.97      0.55  0.       -5646.882       5081.557        651.668    0.000  -0.056   0.153   0.
  2017 352 22 56 23 498 352.955827526      -5.77      2.30      0.35  0.       -5646.917       5080.315        649.887    0.000  -0.056   0.153   0.
  2017 352 22 56 24 498 352.955839100      -5.72      2.56      0.26  0.       -5646.952       5079.073        648.106    0.000  -0.056   0.153   0.
  2017 352 22 56 25 498 352.955850674      -5.54      2.62      0.50  0.       -5646.985       5077.831        646.326    0.000  -0.056   0.153   0.
  2017 352 22 56 26 498 352.955862248      -5.67      1.91      1.51  0.       -5647.019       5076.588        644.545    0.000  -0.056   0.153   0.
  2017 352 22 56 27 498 352.955873822      -5.30      2.05      2.43  0.       -5647.052       5075.345        642.764    0.000  -0.056   0.153   0.
  2017 352 22 56 28 498 352.955885396      -5.32      2.87      2.19  0.       -5647.083       5074.101        640.983    0.000  -0.056   0.153   0.
  2017 352 22 56 29 498 352.955896970      -5.50      3.35      1.78  0.       -5647.115       5072.856        639.202    0.000  -0.056   0.153   0.
  2017 352 22 56 30 498 352.955908545      -5.52      3.66      1.51  0.       -5647.146       5071.611        637.421    0.000  -0.056   0.153   0.
  2017 352 22 56 31 498 352.955920119      -5.49      3.80      1.26  0.       -5647.177       5070.366        635.639    0.000  -0.056   0.153   0.
  2017 352 22 56 32 498 352.955931693      -5.26      4.25      1.01  0.       -5647.207       5069.120        633.858    0.000  -0.056   0.153   0.
  2017 352 22 56 33 498 352.955943267      -4.99      4.47      0.72  0.       -5647.237       5067.874        632.077    0.000  -0.056   0.153   0.
  2017 352 22 56 34 498 352.955954841      -4.72      4.59      0.56  0.       -5647.265       5066.627        630.295    0.000  -0.056   0.153   0.
  2017 352 22 56 35 498 352.955966415      -4.75      4.53      0.30  0.       -5647.294       5065.380        628.514    0.000  -0.056   0.153   0.
  2017 352 22 56 36 498 352.955977989      -4.74      4.39      0.38  0.       -5647.322       5064.132        626.732    0.000  -0.056   0.153   0.
  2017 352 22 56 37 498 352.955989563      -4.71      4.31      0.61  0.       -5647.349       5062.883        624.951    0.000  -0.056   0.153   0.
  2017 352 22 56 38 498 352.956001137      -4.34      4.23      0.69  0.       -5647.376       5061.635        623.169    0.000  -0.056   0.153   0.
  2017 352 22 56 39 497 352.956012710      -3.92      4.06      0.61  0.       -5647.402       5060.386        621.387    0.000  -0.056   0.153   0.
  2017 352 22 56 40 498 352.956024282      -3.78      3.68      0.51  0.       -5647.428       5059.136        619.606    0.000  -0.056   0.153   0.
  2017 352 22 56 41 498 352.956035857      -4.01      3.41      0.49  0.       -5647.453       5057.885        617.824    0.000  -0.056   0.153   0.
  2017 352 22 56 42 497 352.956047431      -4.03      2.98     -0.20  0.       -5647.477       5056.635        616.042    0.000  -0.056   0.153   0.
  2017 352 22 56 43 497 352.956059005      -4.40      2.24     -0.80  0.       -5647.501       5055.383        614.260    0.000  -0.056   0.153   0.
  2017 352 22 56 44 498 352.956070579      -4.54      1.73     -0.71  0.       -5647.525       5054.132        612.478    0.000  -0.056   0.153   0.
  2017 352 22 56 45 498 352.956082153      -4.59      2.08     -0.92  0.       -5647.547       5052.879        610.696    0.000  -0.056   0.153   0.
  2017 352 22 56 46 498 352.956093727      -4.99      2.02     -0.79  0.       -5647.570       5051.627        608.914    0.000  -0.056   0.153   0.
  2017 352 22 56 47 498 352.956105301      -4.95      1.84     -0.47  0.       -5647.592       5050.373        607.132    0.000  -0.056   0.153   0.
  2017 352 22 56 48 498 352.956116875      -4.77      1.73     -0.56  0.       -5647.613       5049.120        605.350    0.000  -0.056   0.153   0.
  2017 352 22 56 49 497 352.956128449      -4.73      1.52     -0.96  0.       -5647.633       5047.866        603.567    0.000  -0.056   0.153   0.
  2017 352 22 56 50 497 352.956140023      -4.68      1.67     -1.21  0.       -5647.654       5046.611        601.785    0.000  -0.056   0.153   0.
  2017 352 22 56 51 497 352.956151597      -4.65      1.57     -1.21  0.       -5647.673       5045.356        600.003    0.000  -0.056   0.153   0.
  2017 352 22 56 52 497 352.956163171      -4.84      1.33     -0.86  0.       -5647.692       5044.100        598.220    0.000  -0.056   0.153   0.
  2017 352 22 56 53 498 352.956174745      -4.80      1.34     -0.71  0.       -5647.711       5042.844        596.438    0.000  -0.056   0.153   0.
  2017 352 22 56 54 498 352.956186319      -4.82      1.28     -0.39  0.       -5647.729       5041.587        594.655    0.000  -0.056   0.153   0.
  2017 352 22 56 55 497 352.956197894      -4.65      1.43      0.00  0.       -5647.746       5040.330        592.872    0.000  -0.056   0.153   0.
  2017 352 22 56 56 497 352.956209468      -4.51      1.75      0.25  0.       -5647.763       5039.072        591.090    0.000  -0.056   0.153   0.
  2017 352 22 56 57 498 352.956221042      -4.50      1.97      0.42  0.       -5647.779       5037.814        589.307    0.000  -0.056   0.153   0.
  2017 352 22 56 58 498 352.956232616      -4.38      1.97      0.13  0.       -5647.795       5036.555        587.524    0.000  -0.056   0.153   0.
  2017 352 22 56 59 498 352.956244190      -4.26      2.14     -0.26  0.       -5647.810       5035.296        585.741    0.000  -0.056   0.153   0.
  2017 352 22 57  0 498 352.956255764      -4.21      2.22     -0.60  0.       -5647.825       5034.037        583.958    0.000  -0.056   0.153   0.
  2017 352 22 57  1 498 352.956267338      -4.07      2.17     -1.16  0.       -5647.839       5032.776        582.175    0.000  -0.056   0.153   0.
  2017 352 22 57  2 497 352.956278912      -4.09      2.06     -1.19  0.       -5647.852       5031.516        580.392    0.000  -0.056   0.153   0.
  2017 352 22 57  3 497 352.956290486      -4.25      2.25     -1.06  0.       -5647.865       5030.255        578.609    0.000  -0.056   0.153   0.
  2017 352 22 57  4 497 352.956302060      -4.37      2.31     -1.14  0.       -5647.877       5028.993        576.826    0.000  -0.056   0.153   0.
  2017 352 22 57  5 497 352.956313634      -4.40      2.24     -0.96  0.       -5647.889       5027.731        575.043    0.000  -0.056   0.153   0.
  2017 352 22 57  6 497 352.956325208      -4.25      2.25     -0.72  0.       -5647.901       5026.468        573.260    0.000  -0.056   0.153   0.
  2017 352 22 57  7 498 352.956336782      -4.18      2.29     -0.64  0.       -5647.911       5025.205        571.476    0.000  -0.056   0.153   0.
  2017 352 22 57  8 498 352.956348356      -4.11      2.26     -0.59  0.       -5647.922       5023.942        569.693    0.000  -0.056   0.153   0.
  2017 352 22 57  9 497 352.956359931      -4.15      2.32     -0.48  0.       -5647.931       5022.678        567.910    0.000  -0.056   0.153   0.
  2017 352 22 57 10 497 352.956371505      -4.30      2.27     -0.71  0.       -5647.940       5021.413        566.126    0.000  -0.056   0.153   0.
  2017 352 22 57 11 498 352.956383078      -4.33      2.31     -1.09  0.       -5647.949       5020.148        564.343    0.000  -0.056   0.153   0.
  2017 352 22 57 12 497 352.956394650      -4.31      2.32     -1.11  0.       -5647.957       5018.882        562.559    0.000  -0.056   0.153   0.
  2017 352 22 57 13 497 352.956406224      -4.30      2.13     -1.12  0.       -5647.964       5017.616        560.775    0.000  -0.056   0.153   0.
  2017 352 22 57 14 497 352.956417798      -4.39      1.98     -1.16  0.       -5647.971       5016.350        558.992    0.000  -0.056   0.153   0.
  2017 352 22 57 15 497 352.956429372      -4.29      2.12     -1.40  0.       -5647.977       5015.083        557.208    0.000  -0.056   0.153   0.
  2017 352 22 57 16 497 352.956440946      -4.10      2.36     -1.39  0.       -5647.983       5013.815        555.424    0.000  -0.056   0.153   0.
  2017 352 22 57 17 497 352.956452520      -4.14      2.40     -1.11  0.       -5647.988       5012.547        553.640    0.000  -0.056   0.153   0.
  2017 352 22 57 18 497 352.956464094      -4.22      2.37     -0.92  0.       -5647.993       5011.279        551.856    0.000  -0.056   0.153   0.
  2017 352 22 57 19 497 352.956475668      -4.29      2.37     -0.95  0.       -5647.997       5010.010        550.072    0.000  -0.056   0.153   0.
  2017 352 22 57 20 497 352.956487242      -4.32      2.42     -0.98  0.       -5648.000       5008.740        548.288    0.000  -0.056   0.153   0.
  2017 352 22 57 21 497 352.956498817      -4.27      2.47     -0.91  0.       -5648.003       5007.470        546.504    0.000  -0.056   0.153   0.
  2017 352 22 57 22 497 352.956510391      -4.24      2.40     -0.59  0.       -5648.006       5006.200        544.720    0.000  -0.056   0.153   0.
  2017 352 22 57 23 497 352.956521965      -4.34      2.28     -0.38  0.       -5648.007       5004.929        542.936    0.000  -0.056   0.153   0.
  2017 352 22 57 24 497 352.956533539      -4.39      2.21     -0.37  0.       -5648.009       5003.657        541.152    0.000  -0.056   0.153   0.
  2017 352 22 57 25 497 352.956545113      -4.46      2.10     -0.28  0.       -5648.009       5002.385        539.367    0.000  -0.056   0.153   0.
  2017 352 22 57 26 497 352.956556687      -4.52      2.04     -0.21  0.       -5648.010       5001.113        537.583    0.000  -0.056   0.153   0.
  2017 352 22 57 27 497 352.956568261      -4.61      2.02     -0.26  0.       -5648.009       4999.840        535.799    0.000  -0.056   0.153   0.
  2017 352 22 57 28 497 352.956579835      -4.65      2.07     -0.27  0.       -5648.008       4998.566        534.014    0.000  -0.056   0.153   0.
  2017 352 22 57 29 497 352.956591409      -4.66      2.03     -0.28  0.       -5648.007       4997.292        532.230    0.000  -0.056   0.153   0.
  2017 352 22 57 30 497 352.956602983      -4.67      2.01     -0.24  0.       -5648.004       4996.018        530.445    0.000  -0.056   0.153   0.
  2017 352 22 57 31 497 352.956614557      -4.58      1.93     -0.16  0.       -5648.002       4994.743        528.661    0.000  -0.056   0.153   0.
  2017 352 22 57 32 497 352.956626131      -4.54      1.94     -0.01  0.       -5647.999       4993.467        526.876    0.000  -0.056   0.153   0.
  2017 352 22 57 33 497 352.956637705      -4.59      1.83      0.32  0.       -5647.995       4992.191        525.091    0.000  -0.056   0.153   0.
  2017 352 22 57 34 497 352.956649279      -4.63      1.76      0.45  0.       -5647.991       4990.915        523.306    0.000  -0.056   0.153   0.
  2017 352 22 57 35 497 352.956660854      -4.76      1.77      0.49  0.       -5647.986       4989.638        521.522    0.000  -0.056   0.153   0.
  2017 352 22 57 36 497 352.956672428      -4.84      1.85      0.48  0.       -5647.980       4988.360        519.737    0.000  -0.056   0.153   0.
  2017 352 22 57 37 497 352.956684002      -4.77      2.00      0.21  0.       -5647.974       4987.082        517.952    0.000  -0.056   0.153   0.
  2017 352 22 57 38 497 352.956695576      -4.64      2.16      0.02  0.       -5647.968       4985.804        516.167    0.000  -0.056   0.153   0.
  2017 352 22 57 39 497 352.956707150      -4.62      2.19     -0.07  0.       -5647.960       4984.525        514.382    0.000  -0.056   0.153   0.
  2017 352 22 57 40 497 352.956718724      -4.71      2.20     -0.17  0.       -5647.953       4983.246        512.597    0.000  -0.056   0.153   0.
  2017 352 22 57 41 497 352.956730297      -4.74      2.18     -0.25  0.       -5647.944       4981.966        510.812    0.000  -0.056   0.153   0.
  2017 352 22 57 42 497 352.956741869      -4.79      2.22     -0.34  0.       -5647.936       4980.685        509.026    0.000  -0.056   0.153   0.
  2017 352 22 57 43 497 352.956753443      -4.76      2.27     -0.80  0.       -5647.926       4979.404        507.241    0.000  -0.056   0.153   0.
  2017 352 22 57 44 497 352.956765017      -4.78      2.31     -1.22  0.       -5647.916       4978.123        505.456    0.000  -0.056   0.153   0.
  2017 352 22 57 45 497 352.956776591      -4.76      2.39     -1.44  0.       -5647.906       4976.841        503.671    0.000  -0.056   0.153   0.
  2017 352 22 57 46 497 352.956788166      -4.79      2.54     -1.46  0.       -5647.895       4975.559        501.885    0.000  -0.056   0.153   0.
  2017 352 22 57 47 497 352.956799740      -4.81      2.65     -1.36  0.       -5647.883       4974.276        500.100    0.000  -0.056   0.153   0.
  2017 352 22 57 48 497 352.956811314      -4.93      2.78     -1.07  0.       -5647.871       4972.992        498.314    0.000  -0.056   0.153   0.
  2017 352 22 57 49 497 352.956822888      -4.99      2.74     -0.79  0.       -5647.858       4971.708        496.529    0.000  -0.056   0.153   0.
  2017 352 22 57 50 497 352.956834462      -5.05      2.66     -0.69  0.       -5647.845       4970.424        494.743    0.000  -0.056   0.153   0.
  2017 352 22 57 51 497 352.956846036      -4.96      2.61     -0.57  0.       -5647.831       4969.139        492.957    0.000  -0.056   0.153   0.
  2017 352 22 57 52 497 352.956857610      -4.82      2.55     -0.52  0.       -5647.816       4967.854        491.172    0.000  -0.056   0.153   0.
  2017 352 22 57 53 497 352.956869184      -4.87      2.38     -0.32  0.       -5647.801       4966.568        489.386    0.000  -0.056   0.153   0.
  2017 352 22 57 54 497 352.956880758      -4.92      2.22     -0.26  0.       -5647.786       4965.281        487.600    0.000  -0.056   0.153   0.
  2017 352 22 57 55 497 352.956892332      -5.00      2.25     -0.40  0.       -5647.770       4963.995        485.815    0.000  -0.056   0.153   0.
  2017 352 22 57 56 497 352.956903906      -4.98      2.24     -0.49  0.       -5647.753       4962.707        484.029    0.000  -0.056   0.153   0.
  2017 352 22 57 57 497 352.956915480      -5.08      2.15     -0.53  0.       -5647.736       4961.419        482.243    0.000  -0.056   0.153   0.
  2017 352 22 57 58 497 352.956927054      -5.19      2.02     -0.42  0.       -5647.718       4960.131        480.457    0.000  -0.056   0.153   0.
  2017 352 22 57 59 497 352.956938629      -5.28      1.85     -0.26  0.       -5647.699       4958.842        478.671    0.000  -0.056   0.153   0.
  2017 352 22 58  0 497 352.956950203      -5.26      1.86     -0.29  0.       -5647.680       4957.553        476.885    0.000  -0.056   0.153   0.
  2017 352 22 58  1 497 352.956961777      -5.28      1.83     -0.49  0.       -5647.661       4956.263        475.099    0.000  -0.056   0.153   0.
  2017 352 22 58  2 497 352.956973351      -5.18      2.12     -0.92  0.       -5647.641       4954.973        473.312    0.000  -0.056   0.153   0.
  2017 352 22 58  3 497 352.956984925      -5.19      2.23     -1.17  0.       -5647.620       4953.682        471.526    0.000  -0.056   0.153   0.
  2017 352 22 58  4 497 352.956996499      -5.27      2.16     -1.03  0.       -5647.599       4952.390        469.740    0.000  -0.056   0.153   0.
  2017 352 22 58  5 497 352.957008073      -5.36      2.25     -1.02  0.       -5647.577       4951.098        467.954    0.000  -0.056   0.153   0.
  2017 352 22 58  6 497 352.957019647      -5.38      2.24     -0.94  0.       -5647.555       4949.806        466.167    0.000  -0.056   0.153   0.
  2017 352 22 58  7 497 352.957031221      -5.47      2.22     -1.00  0.       -5647.532       4948.513        464.381    0.000  -0.056   0.153   0.
  2017 352 22 58  8 497 352.957042795      -5.40      2.37     -1.30  0.       -5647.508       4947.220        462.595    0.000  -0.056   0.153   0.
  2017 352 22 58  9 497 352.957054369      -5.45      2.31     -1.38  0.       -5647.484       4945.926        460.808    0.000  -0.056   0.153   0.
  2017 352 22 58 10 497 352.957065943      -5.67      2.21     -1.60  0.       -5647.459       4944.632        459.022    0.000  -0.056   0.153   0.
  2017 352 22 58 11 497 352.957077516      -5.62      2.35     -1.44  0.       -5647.434       4943.337        457.235    0.000  -0.056   0.153   0.
  2017 352 22 58 12 497 352.957089089      -5.57      2.37     -0.97  0.       -5647.408       4942.041        455.448    0.000  -0.056   0.153   0.
  2017 352 22 58 13 497 352.957100663      -5.62      2.35     -0.75  0.       -5647.382       4940.745        453.662    0.000  -0.056   0.153   0.
  2017 352 22 58 14 497 352.957112237      -5.58      2.30     -0.76  0.       -5647.355       4939.449        451.875    0.000  -0.056   0.153   0.
  2017 352 22 58 15 497 352.957123811      -5.48      2.31     -0.86  0.       -5647.327       4938.152        450.088    0.000  -0.056   0.153   0.
  2017 352 22 58 16 497 352.957135385      -5.41      2.25     -0.88  0.       -5647.299       4936.855        448.301    0.000  -0.055   0.152   0.
  2017 352 22 58 17 497 352.957146959      -5.40      2.34     -0.80  0.       -5647.271       4935.557        446.515    0.000  -0.055   0.152   0.
  2017 352 22 58 18 497 352.957158533      -5.51      2.36     -0.78  0.       -5647.242       4934.259        444.728    0.000  -0.056   0.153   0.
  2017 352 22 58 19 497 352.957170107      -5.59      2.41     -0.83  0.       -5647.212       4932.960        442.941    0.000  -0.056   0.153   0.
  2017 352 22 58 20 497 352.957181681      -5.53      2.46     -0.71  0.       -5647.181       4931.661        441.154    0.000  -0.056   0.153   0.
  2017 352 22 58 21 497 352.957193255      -5.48      2.45     -0.43  0.       -5647.151       4930.361        439.367    0.000  -0.056   0.153   0.
  2017 352 22 58 22 497 352.957204829      -5.47      2.35     -0.26  0.       -5647.119       4929.061        437.580    0.000  -0.056   0.153   0.
  2017 352 22 58 23 497 352.957216403      -5.58      2.25     -0.26  0.       -5647.087       4927.760        435.792    0.000  -0.056   0.153   0.
  2017 352 22 58 24 497 352.957227977      -5.61      2.20     -0.36  0.       -5647.054       4926.459        434.005    0.000  -0.056   0.153   0.
  2017 352 22 58 25 497 352.957239552      -5.65      2.15     -0.27  0.       -5647.021       4925.157        432.218    0.000  -0.056   0.153   0.
  2017 352 22 58 26 497 352.957251126      -5.70      2.21     -0.35  0.       -5646.987       4923.854        430.431    0.000  -0.056   0.153   0.
  2017 352 22 58 27 497 352.957262700      -5.73      2.18     -0.50  0.       -5646.953       4922.552        428.644    0.000  -0.056   0.153   0.
  2017 352 22 58 28 497 352.957274274      -5.94      2.15     -0.42  0.       -5646.918       4921.248        426.856    0.000  -0.056   0.153   0.
  2017 352 22 58 29 497 352.957285848      -6.04      2.12     -0.13  0.       -5646.882       4919.944        425.069    0.000  -0.056   0.153   0.
  2017 352 22 58 30 497 352.957297422      -5.92      2.18      0.32  0.       -5646.846       4918.640        423.281    0.000  -0.056   0.153   0.
  2017 352 22 58 31 497 352.957308996      -5.86      2.30      0.22  0.       -5646.810       4917.335        421.494    0.000  -0.056   0.153   0.
  2017 352 22 58 32 497 352.957320570      -5.77      2.35     -0.08  0.       -5646.773       4916.030        419.707    0.000  -0.056   0.153   0.
  2017 352 22 58 33 497 352.957332144      -5.68      2.41     -0.44  0.       -5646.735       4914.724        417.919    0.000  -0.056   0.153   0.
  2017 352 22 58 34 497 352.957343718      -5.63      2.40     -0.72  0.       -5646.696       4913.418        416.131    0.000  -0.056   0.153   0.
  2017 352 22 58 35 497 352.957355292      -5.60      2.37     -0.86  0.       -5646.657       4912.111        414.344    0.000  -0.056   0.153   0.
  2017 352 22 58 36 497 352.957366866      -5.66      2.28     -0.87  0.       -5646.618       4910.804        412.556    0.000  -0.056   0.153   0.
  2017 352 22 58 37 497 352.957378440      -5.86      2.42     -1.20  0.       -5646.578       4909.496        410.768    0.000  -0.056   0.153   0.
  2017 352 22 58 38 497 352.957390014      -5.92      2.61     -1.37  0.       -5646.537       4908.188        408.981    0.000  -0.056   0.153   0.
  2017 352 22 58 39 497 352.957401589      -5.88      2.69     -1.53  0.       -5646.496       4906.879        407.193    0.000  -0.056   0.153   0.
  2017 352 22 58 40 497 352.957413163      -5.94      2.75     -1.49  0.       -5646.454       4905.569        405.405    0.000  -0.056   0.153   0.
  2017 352 22 58 41 497 352.957424736      -5.94      2.67     -1.28  0.       -5646.412       4904.260        403.617    0.000  -0.056   0.153   0.
  2017 352 22 58 42 497 352.957436308      -6.10      2.37     -0.74  0.       -5646.369       4902.949        401.829    0.000  -0.056   0.153   0.
  2017 352 22 58 43 497 352.957447882      -6.07      2.37     -0.62  0.       -5646.325       4901.638        400.041    0.000  -0.056   0.153   0.
  2017 352 22 58 44 496 352.957459456      -6.02      2.38     -0.36  0.       -5646.281       4900.327        398.253    0.000  -0.056   0.153   0.
  2017 352 22 58 45 496 352.957471030      -6.12      2.29     -0.34  0.       -5646.236       4899.016        396.465    0.000  -0.056   0.153   0.
  2017 352 22 58 46 496 352.957482604      -6.16      2.18     -0.45  0.       -5646.191       4897.703        394.677    0.000  -0.056   0.153   0.
  2017 352 22 58 47 496 352.957494178      -6.15      2.11     -0.57  0.       -5646.145       4896.390        392.889    0.000  -0.056   0.153   0.
  2017 352 22 58 48 496 352.957505752      -6.10      1.91     -1.03  0.       -5646.099       4895.077        391.101    0.000  -0.056   0.153   0.
  2017 352 22 58 49 497 352.957517326      -5.95      1.65     -1.87  0.       -5646.052       4893.763        389.313    0.000  -0.056   0.153   0.
  2017 352 22 58 50 497 352.957528900      -5.87      1.66     -2.42  0.       -5646.004       4892.449        387.524    0.000  -0.056   0.153   0.
  2017 352 22 58 51 496 352.957540475      -5.86      1.67     -2.61  0.       -5645.956       4891.134        385.736    0.000  -0.056   0.153   0.
  2017 352 22 58 52 496 352.957552049      -5.76      1.66     -2.57  0.       -5645.907       4889.819        383.948    0.000  -0.056   0.153   0.
  2017 352 22 58 53 497 352.957563623      -5.66      1.60     -2.44  0.       -5645.858       4888.503        382.159    0.000  -0.056   0.153   0.
  2017 352 22 58 54 497 352.957575197      -5.54      1.69     -2.30  0.       -5645.808       4887.187        380.371    0.000  -0.056   0.153   0.
  2017 352 22 58 55 497 352.957586771      -5.50      1.82     -2.18  0.       -5645.758       4885.870        378.582    0.000  -0.056   0.153   0.
  2017 352 22 58 56 497 352.957598345      -5.44      1.84     -2.01  0.       -5645.707       4884.552        376.794    0.000  -0.056   0.153   0.
  2017 352 22 58 57 497 352.957609919      -5.37      1.98     -1.85  0.       -5645.655       4883.235        375.006    0.000  -0.056   0.153   0.
  2017 352 22 58 58 496 352.957621493      -5.25      2.22     -1.72  0.       -5645.603       4881.916        373.217    0.000  -0.056   0.153   0.
  2017 352 22 58 59 496 352.957633067      -5.20      2.45     -1.67  0.       -5645.550       4880.597        371.428    0.000  -0.056   0.153   0.
  2017 352 22 59  0 496 352.957644641      -5.17      2.55     -1.66  0.       -5645.497       4879.278        369.640    0.000  -0.056   0.153   0.
  2017 352 22 59  1 496 352.957656215      -5.27      2.48     -1.62  0.       -5645.443       4877.958        367.851    0.000  -0.056   0.153   0.
  2017 352 22 59  2 496 352.957667789      -5.47      2.45     -1.54  0.       -5645.388       4876.638        366.062    0.000  -0.056   0.153   0.
  2017 352 22 59  3 497 352.957679363      -5.58      2.45     -1.48  0.       -5645.333       4875.317        364.274    0.000  -0.056   0.153   0.
  2017 352 22 59  4 496 352.957690937      -5.59      2.40     -1.48  0.       -5645.277       4873.996        362.485    0.000  -0.056   0.153   0.
  2017 352 22 59  5 496 352.957702512      -5.57      2.39     -1.49  0.       -5645.221       4872.674        360.696    0.000  -0.056   0.153   0.
  2017 352 22 59  6 497 352.957714086      -5.60      2.40     -1.45  0.       -5645.164       4871.352        358.907    0.000  -0.056   0.153   0.
  2017 352 22 59  7 497 352.957725660      -5.56      2.53     -1.46  0.       -5645.107       4870.029        357.118    0.000  -0.056   0.153   0.
  2017 352 22 59  8 497 352.957737234      -5.47      2.61     -1.39  0.       -5645.049       4868.705        355.329    0.000  -0.056   0.153   0.
  2017 352 22 59  9 497 352.957748808      -5.39      2.65     -1.34  0.       -5644.990       4867.382        353.540    0.000  -0.056   0.153   0.
  2017 352 22 59 10 497 352.957760382      -5.35      2.73     -1.26  0.       -5644.931       4866.057        351.751    0.000  -0.056   0.153   0.
  2017 352 22 59 11 496 352.957771955      -5.43      2.75     -1.21  0.       -5644.871       4864.732        349.962    0.000  -0.056   0.153   0.
  2017 352 22 59 12 496 352.957783527      -5.52      2.69     -1.17  0.       -5644.811       4863.407        348.173    0.000  -0.056   0.153   0.
  2017 352 22 59 13 496 352.957795101      -5.63      2.64     -1.14  0.       -5644.750       4862.081        346.384    0.000  -0.056   0.153   0.
  2017 352 22 59 14 496 352.957806675      -5.71      2.53     -1.08  0.       -5644.689       4860.755        344.595    0.000  -0.056   0.153   0.
  2017 352 22 59 15 496 352.957818249      -5.76      2.49     -0.99  0.       -5644.626       4859.428        342.806    0.000  -0.056   0.153   0.
  2017 352 22 59 16 496 352.957829823      -5.78      2.38     -0.82  0.       -5644.564       4858.101        341.017    0.000  -0.056   0.153   0.
  2017 352 22 59 17 496 352.957841398      -5.80      2.34     -0.70  0.       -5644.501       4856.773        339.227    0.000  -0.056   0.153   0.
  2017 352 22 59 18 496 352.957852972      -5.86      2.28     -0.46  0.       -5644.437       4855.444        337.438    0.000  -0.055   0.152   0.
  2017 352 22 59 19 496 352.957864546      -5.94      2.22     -0.26  0.       -5644.372       4854.116        335.649    0.000  -0.055   0.152   0.
  2017 352 22 59 20 496 352.957876120      -5.99      2.20     -0.05  0.       -5644.307       4852.786        333.860    0.000  -0.056   0.153   0.
  2017 352 22 59 21 496 352.957887694      -6.03      2.25     -0.13  0.       -5644.242       4851.456        332.070    0.000  -0.056   0.153   0.
  2017 352 22 59 22 496 352.957899268      -5.99      2.45     -0.59  0.       -5644.175       4850.126        330.281    0.000  -0.056   0.153   0.
  2017 352 22 59 23 496 352.957910842      -5.90      2.59     -0.91  0.       -5644.109       4848.795        328.491    0.000  -0.056   0.153   0.
  2017 352 22 59 24 496 352.957922416      -5.87      2.67     -0.87  0.       -5644.041       4847.464        326.702    0.000  -0.056   0.153   0.
  2017 352 22 59 25 496 352.957933990      -5.91      2.75     -0.65  0.       -5643.973       4846.132        324.912    0.000  -0.056   0.153   0.
  2017 352 22 59 26 496 352.957945564      -5.85      2.83     -0.67  0.       -5643.905       4844.800        323.123    0.000  -0.056   0.153   0.
  2017 352 22 59 27 496 352.957957138      -5.90      2.88     -0.69  0.       -5643.836       4843.467        321.333    0.000  -0.056   0.153   0.
  2017 352 22 59 28 496 352.957968712      -6.01      2.80     -0.73  0.       -5643.766       4842.133        319.544    0.000  -0.056   0.153   0.
  2017 352 22 59 29 496 352.957980286      -6.11      2.70     -0.84  0.       -5643.696       4840.799        317.754    0.000  -0.056   0.153   0.
  2017 352 22 59 30 496 352.957991861      -6.24      2.60     -0.88  0.       -5643.625       4839.465        315.964    0.000  -0.056   0.153   0.
  2017 352 22 59 31 496 352.958003435      -6.38      2.58     -1.06  0.       -5643.554       4838.130        314.174    0.000  -0.056   0.153   0.
  2017 352 22 59 32 496 352.958015009      -6.38      2.53     -1.12  0.       -5643.482       4836.795        312.385    0.000  -0.056   0.153   0.
  2017 352 22 59 33 496 352.958026583      -6.38      2.51     -1.07  0.       -5643.409       4835.459        310.595    0.000  -0.056   0.153   0.
  2017 352 22 59 34 496 352.958038157      -6.45      2.45     -1.04  0.       -5643.336       4834.122        308.805    0.000  -0.056   0.153   0.
  2017 352 22 59 35 496 352.958049731      -6.46      2.36     -1.05  0.       -5643.262       4832.786        307.015    0.000  -0.056   0.153   0.
  2017 352 22 59 36 496 352.958061305      -6.45      2.24     -1.06  0.       -5643.188       4831.448        305.225    0.000  -0.056   0.153   0.
  2017 352 22 59 37 496 352.958072879      -6.45      2.12     -1.15  0.       -5643.113       4830.110        303.435    0.000  -0.056   0.153   0.
  2017 352 22 59 38 496 352.958084453      -6.42      1.95     -1.22  0.       -5643.037       4828.772        301.646    0.000  -0.056   0.153   0.
  2017 352 22 59 39 496 352.958096027      -6.37      1.91     -1.25  0.       -5642.961       4827.433        299.856    0.000  -0.056   0.153   0.
  2017 352 22 59 40 496 352.958107601      -6.33      1.83     -1.34  0.       -5642.884       4826.093        298.066    0.000  -0.056   0.153   0.
  2017 352 22 59 41 496 352.958119175      -6.31      1.75     -1.39  0.       -5642.807       4824.754        296.276    0.000  -0.056   0.153   0.
  2017 352 22 59 42 496 352.958130749      -6.30      1.81     -1.45  0.       -5642.729       4823.413        294.486    0.000  -0.056   0.153   0.
  2017 352 22 59 43 496 352.958142322      -6.33      1.89     -1.50  0.       -5642.650       4822.072        292.695    0.000  -0.056   0.153   0.
  2017 352 22 59 44 496 352.958153895      -6.31      1.99     -1.50  0.       -5642.571       4820.731        290.905    0.000  -0.056   0.153   0.
  2017 352 22 59 45 496 352.958165469      -6.33      2.06     -1.49  0.       -5642.492       4819.389        289.115    0.000  -0.056   0.153   0.
  2017 352 22 59 46 496 352.958177043      -6.31      2.14     -1.45  0.       -5642.411       4818.046        287.325    0.000  -0.056   0.153   0.
  2017 352 22 59 47 496 352.958188617      -6.34      2.19     -1.46  0.       -5642.331       4816.703        285.535    0.000  -0.056   0.153   0.
  2017 352 22 59 48 496 352.958200191      -6.26      2.22     -1.40  0.       -5642.249       4815.360        283.744    0.000  -0.056   0.153   0.
  2017 352 22 59 49 496 352.958211765      -6.21      2.25     -1.42  0.       -5642.167       4814.016        281.954    0.000  -0.056   0.153   0.
  2017 352 22 59 50 496 352.958223339      -6.21      2.26     -1.58  0.       -5642.084       4812.672        280.164    0.000  -0.056   0.153   0.
  2017 352 22 59 51 496 352.958234913      -6.19      2.26     -1.50  0.       -5642.001       4811.327        278.374    0.000  -0.056   0.153   0.
  2017 352 22 59 52 496 352.958246487      -6.15      2.30     -1.50  0.       -5641.917       4809.981        276.583    0.000  -0.056   0.153   0.
  2017 352 22 59 53 496 352.958258061      -6.14      2.38     -1.53  0.       -5641.833       4808.635        274.793    0.000  -0.056   0.153   0.
  2017 352 22 59 54 496 352.958269635      -6.14      2.39     -1.56  0.       -5641.748       4807.289        273.002    0.000  -0.056   0.153   0.
  2017 352 22 59 55 496 352.958281210      -6.07      2.49     -1.48  0.       -5641.662       4805.942        271.212    0.000  -0.056   0.153   0.
  2017 352 22 59 56 496 352.958292784      -6.04      2.53     -1.48  0.       -5641.576       4804.594        269.421    0.000  -0.056   0.153   0.
  2017 352 22 59 57 496 352.958304358      -6.02      2.54     -1.48  0.       -5641.489       4803.246        267.631    0.000  -0.056   0.153   0.
  2017 352 22 59 58 496 352.958315932      -6.00      2.57     -1.52  0.       -5641.402       4801.898        265.840    0.000  -0.056   0.153   0.
  2017 352 22 59 59 496 352.958327506      -6.00      2.59     -1.55  0.       -5641.314       4800.549        264.050    0.000  -0.056   0.153   0.
  2017 352 23  0  0 496 352.958339080      -5.98      2.60     -1.48  0.       -5641.225       4799.199        262.259    0.000  -0.056   0.153   0.
  2017 352 23  0  1 496 352.958350654      -5.94      2.57     -1.47  0.       -5641.136       4797.849        260.469    0.000  -0.056   0.153   0.
  2017 352 23  0  2 496 352.958362228      -5.89      2.59     -1.52  0.       -5641.047       4796.499        258.678    0.000  -0.056   0.153   0.
  2017 352 23  0  3 496 352.958373802      -5.79      2.60     -1.58  0.       -5640.956       4795.148        256.887    0.000  -0.056   0.153   0.
  2017 352 23  0  4 496 352.958385376      -5.73      2.56     -1.63  0.       -5640.865       4793.796        255.097    0.000  -0.056   0.153   0.
  2017 352 23  0  5 496 352.958396950      -5.72      2.54     -1.68  0.       -5640.774       4792.444        253.306    0.000  -0.056   0.153   0.
  2017 352 23  0  6 496 352.958408524      -5.67      2.55     -1.71  0.       -5640.682       4791.091        251.515    0.000  -0.056   0.153   0.
  2017 352 23  0  7 496 352.958420098      -5.67      2.55     -1.72  0.       -5640.589       4789.738        249.724    0.000  -0.056   0.153   0.
  2017 352 23  0  8 496 352.958431672      -5.66      2.50     -1.71  0.       -5640.496       4788.385        247.934    0.000  -0.056   0.153   0.
  2017 352 23  0  9 496 352.958443246      -5.68      2.50     -1.72  0.       -5640.402       4787.031        246.143    0.000  -0.056   0.153   0.
  2017 352 23  0 10 496 352.958454821      -5.66      2.50     -1.82  0.       -5640.307       4785.676        244.352    0.000  -0.056   0.153   0.
  2017 352 23  0 11 496 352.958466395      -5.62      2.51     -1.87  0.       -5640.212       4784.321        242.561    0.000  -0.056   0.153   0.
  2017 352 23  0 12 496 352.958477969      -5.60      2.50     -1.93  0.       -5640.116       4782.966        240.770    0.000  -0.056   0.153   0.
  2017 352 23  0 13 496 352.958489542      -5.60      2.51     -1.92  0.       -5640.020       4781.609        238.979    0.000  -0.056   0.153   0.
  2017 352 23  0 14 496 352.958501114      -5.59      2.45     -1.93  0.       -5639.923       4780.253        237.188    0.000  -0.056   0.153   0.
  2017 352 23  0 15 496 352.958512688      -5.60      2.40     -1.97  0.       -5639.826       4778.896        235.397    0.000  -0.056   0.153   0.
  2017 352 23  0 16 496 352.958524262      -5.59      2.42     -2.04  0.       -5639.728       4777.538        233.606    0.000  -0.056   0.153   0.
  2017 352 23  0 17 496 352.958535836      -5.57      2.43     -2.13  0.       -5639.629       4776.180        231.815    0.000  -0.056   0.153   0.
  2017 352 23  0 18 496 352.958547410      -5.58      2.42     -2.17  0.       -5639.530       4774.822        230.024    0.000  -0.056   0.153   0.
  2017 352 23  0 19 496 352.958558984      -5.52      2.44     -2.20  0.       -5639.430       4773.462        228.233    0.000  -0.056   0.153   0.
  2017 352 23  0 20 496 352.958570558      -5.55      2.40     -2.17  0.       -5639.329       4772.103        226.442    0.000  -0.056   0.153   0.
  2017 352 23  0 21 496 352.958582133      -5.51      2.48     -2.11  0.       -5639.228       4770.743        224.651    0.000  -0.056   0.153   0.
  2017 352 23  0 22 496 352.958593707      -5.50      2.49     -2.13  0.       -5639.127       4769.382        222.860    0.000  -0.056   0.153   0.
  2017 352 23  0 23 496 352.958605281      -5.50      2.48     -2.09  0.       -5639.024       4768.021        221.069    0.000  -0.056   0.153   0.
  2017 352 23  0 24 496 352.958616855      -5.54      2.50     -2.12  0.       -5638.922       4766.659        219.277    0.000  -0.056   0.153   0.
  2017 352 23  0 25 496 352.958628429      -5.41      2.45     -2.11  0.       -5638.818       4765.297        217.486    0.000  -0.056   0.153   0.
  2017 352 23  0 26 496 352.958640003      -5.33      2.53     -2.18  0.       -5638.714       4763.934        215.695    0.000  -0.056   0.153   0.
  2017 352 23  0 27 496 352.958651577      -5.33      2.53     -2.25  0.       -5638.609       4762.571        213.904    0.000  -0.056   0.153   0.
  2017 352 23  0 28 496 352.958663151      -5.29      2.52     -2.33  0.       -5638.504       4761.208        212.112    0.000  -0.056   0.153   0.
  2017 352 23  0 29 496 352.958674725      -5.30      2.48     -2.38  0.       -5638.398       4759.843        210.321    0.000  -0.056   0.153   0.
  2017 352 23  0 30 496 352.958686299      -5.33      2.52     -2.38  0.       -5638.292       4758.479        208.530    0.000  -0.056   0.153   0.
  2017 352 23  0 31 496 352.958697873      -5.36      2.52     -2.45  0.       -5638.185       4757.113        206.738    0.000  -0.056   0.153   0.
  2017 352 23  0 32 496 352.958709447      -5.39      2.57     -2.47  0.       -5638.077       4755.748        204.947    0.000  -0.056   0.153   0.
  2017 352 23  0 33 496 352.958721021      -5.40      2.58     -2.51  0.       -5637.969       4754.381        203.156    0.000  -0.056   0.153   0.
  2017 352 23  0 34 496 352.958732595      -5.43      2.54     -2.55  0.       -5637.860       4753.015        201.364    0.000  -0.056   0.153   0.
  2017 352 23  0 35 496 352.958744170      -5.47      2.48     -2.53  0.       -5637.750       4751.648        199.573    0.000  -0.056   0.153   0.
  2017 352 23  0 36 496 352.958755744      -5.45      2.52     -2.36  0.       -5637.640       4750.280        197.781    0.000  -0.056   0.153   0.
  2017 352 23  0 37 496 352.958767318      -5.53      2.49     -2.18  0.       -5637.530       4748.912        195.990    0.000  -0.056   0.153   0.
  2017 352 23  0 38 496 352.958778892      -5.57      2.44     -2.03  0.       -5637.418       4747.543        194.198    0.000  -0.056   0.153   0.
  2017 352 23  0 39 496 352.958790466      -5.69      2.34     -1.82  0.       -5637.306       4746.174        192.407    0.000  -0.056   0.153   0.
  2017 352 23  0 40 496 352.958802040      -5.72      2.24     -1.63  0.       -5637.194       4744.804        190.615    0.000  -0.055   0.152   0.
  2017 352 23  0 41 496 352.958813614      -5.68      2.30     -1.52  0.       -5637.081       4743.434        188.824    0.000  -0.055   0.152   0.
  2017 352 23  0 42 496 352.958825188      -5.73      2.25     -1.63  0.       -5636.967       4742.063        187.032    0.000  -0.056   0.153   0.
  2017 352 23  0 43 495 352.958836761      -5.70      2.15     -1.68  0.       -5636.853       4740.692        185.241    0.000  -0.056   0.153   0.
  2017 352 23  0 44 495 352.958848333      -5.67      2.02     -1.69  0.       -5636.738       4739.320        183.449    0.000  -0.056   0.153   0.
  2017 352 23  0 45 496 352.958859907      -5.75      1.94     -1.60  0.       -5636.623       4737.947        181.657    0.000  -0.056   0.153   0.
  2017 352 23  0 46 496 352.958871481      -5.80      1.89     -1.61  0.       -5636.507       4736.575        179.866    0.000  -0.056   0.153   0.
  2017 352 23  0 47 495 352.958883056      -5.83      1.92     -1.65  0.       -5636.390       4735.201        178.074    0.000  -0.056   0.153   0.
  2017 352 23  0 48 495 352.958894630      -5.90      1.92     -1.77  0.       -5636.272       4733.827        176.282    0.000  -0.056   0.153   0.
  2017 352 23  0 49 496 352.958906204      -5.96      1.97     -1.82  0.       -5636.155       4732.453        174.491    0.000  -0.056   0.153   0.
  2017 352 23  0 50 496 352.958917778      -6.02      2.02     -1.84  0.       -5636.036       4731.078        172.699    0.000  -0.056   0.153   0.
  2017 352 23  0 51 496 352.958929352      -5.99      2.09     -1.79  0.       -5635.917       4729.703        170.907    0.000  -0.056   0.153   0.
  2017 352 23  0 52 496 352.958940926      -5.97      2.12     -1.83  0.       -5635.797       4728.328        169.115    0.000  -0.056   0.153   0.
  2017 352 23  0 53 496 352.958952500      -6.00      2.33     -1.92  0.       -5635.677       4726.950        167.324    0.000  -0.056   0.153   0.
  2017 352 23  0 54 495 352.958964074      -6.08      2.47     -1.93  0.       -5635.556       4725.574        165.532    0.000  -0.056   0.153   0.
  2017 352 23  0 55 495 352.958975648      -6.19      2.52     -1.93  0.       -5635.434       4724.196        163.740    0.000  -0.056   0.153   0.
  2017 352 23  0 56 495 352.958987222      -6.27      2.47     -1.90  0.       -5635.312       4722.819        161.948    0.000  -0.056   0.153   0.
  2017 352 23  0 57 495 352.958998796      -6.29      2.42     -1.84  0.       -5635.189       4721.440        160.156    0.000  -0.056   0.153   0.
  2017 352 23  0 58 496 352.959010370      -6.24      2.34     -1.75  0.       -5635.066       4720.061        158.364    0.000  -0.056   0.153   0.
  2017 352 23  0 59 496 352.959021944      -6.22      2.30     -1.70  0.       -5634.942       4718.682        156.572    0.000  -0.056   0.153   0.
  2017 352 23  1  0 495 352.959033518      -6.28      2.18     -1.54  0.       -5634.818       4717.302        154.781    0.000  -0.056   0.153   0.
  2017 352 23  1  1 495 352.959045093      -6.33      1.96     -1.26  0.       -5634.692       4715.922        152.989    0.000  -0.056   0.153   0.
  2017 352 23  1  2 496 352.959056667      -6.33      1.78     -1.16  0.       -5634.567       4714.541        151.197    0.000  -0.056   0.153   0.
  2017 352 23  1  3 496 352.959068241      -6.31      1.82     -1.26  0.       -5634.440       4713.159        149.405    0.000  -0.056   0.153   0.
  2017 352 23  1  4 496 352.959079815      -6.31      1.86     -1.36  0.       -5634.313       4711.777        147.613    0.000  -0.056   0.153   0.
  2017 352 23  1  5 496 352.959091389      -6.27      1.79     -1.36  0.       -5634.186       4710.395        145.821    0.000  -0.056   0.153   0.
  2017 352 23  1  6 496 352.959102963      -6.28      1.83     -1.39  0.       -5634.057       4709.012        144.029    0.000  -0.056   0.153   0.
  2017 352 23  1  7 495 352.959114537      -6.30      1.85     -1.40  0.       -5633.928       4707.628        142.237    0.000  -0.056   0.153   0.
  2017 352 23  1  8 495 352.959126111      -6.33      1.92     -1.44  0.       -5633.799       4706.244        140.445    0.000  -0.056   0.153   0.
  2017 352 23  1  9 495 352.959137685      -6.40      1.90     -1.46  0.       -5633.669       4704.860        138.653    0.000  -0.056   0.153   0.
  2017 352 23  1 10 495 352.959149259      -6.47      2.00     -1.45  0.       -5633.538       4703.475        136.861    0.000  -0.056   0.153   0.
  2017 352 23  1 11 495 352.959160833      -6.49      2.05     -1.66  0.       -5633.407       4702.089        135.069    0.000  -0.056   0.153   0.
  2017 352 23  1 12 496 352.959172407      -6.37      2.12     -1.94  0.       -5633.275       4700.703        133.276    0.000  -0.056   0.153   0.
  2017 352 23  1 13 496 352.959183980      -6.32      2.15     -2.06  0.       -5633.143       4699.317        131.484    0.000  -0.056   0.153   0.
  2017 352 23  1 14 495 352.959195553      -6.23      2.26     -2.09  0.       -5633.009       4697.930        129.692    0.000  -0.056   0.153   0.
  2017 352 23  1 15 495 352.959207127      -6.17      2.25     -2.06  0.       -5632.876       4696.542        127.900    0.000  -0.056   0.153   0.
  2017 352 23  1 16 495 352.959218701      -6.12      2.24     -1.99  0.       -5632.741       4695.154        126.108    0.000  -0.056   0.153   0.
  2017 352 23  1 17 495 352.959230275      -6.10      2.21     -1.91  0.       -5632.606       4693.765        124.316    0.000  -0.056   0.153   0.
  2017 352 23  1 18 495 352.959241849      -6.04      2.21     -1.87  0.       -5632.471       4692.376        122.524    0.000  -0.056   0.153   0.
  2017 352 23  1 19 495 352.959253423      -6.03      2.19     -1.83  0.       -5632.335       4690.987        120.731    0.000  -0.056   0.153   0.
  2017 352 23  1 20 495 352.959264997      -5.96      2.20     -1.84  0.       -5632.198       4689.596        118.939    0.000  -0.056   0.153   0.
  2017 352 23  1 21 495 352.959276571      -6.01      2.28     -1.87  0.       -5632.061       4688.206        117.147    0.000  -0.056   0.153   0.
  2017 352 23  1 22 495 352.959288145      -6.01      2.39     -1.89  0.       -5631.923       4686.815        115.355    0.000  -0.055   0.152   0.
  2017 352 23  1 23 495 352.959299719      -5.97      2.49     -1.88  0.       -5631.784       4685.423        113.563    0.000  -0.055   0.152   0.
  2017 352 23  1 24 495 352.959311293      -5.93      2.57     -1.89  0.       -5631.645       4684.031        111.770    0.000  -0.056   0.153   0.
  2017 352 23  1 25 495 352.959322867      -5.90      2.58     -1.93  0.       -5631.505       4682.638        109.978    0.000  -0.056   0.153   0.
  2017 352 23  1 26 495 352.959334442      -5.84      2.62     -1.95  0.       -5631.364       4681.245        108.186    0.000  -0.056   0.153   0.
  2017 352 23  1 27 495 352.959346016      -5.85      2.61     -1.89  0.       -5631.223       4679.851        106.394    0.000  -0.056   0.153   0.
  2017 352 23  1 28 495 352.959357590      -5.93      2.55     -1.92  0.       -5631.082       4678.457        104.601    0.000  -0.056   0.153   0.
  2017 352 23  1 29 495 352.959369164      -5.95      2.49     -1.78  0.       -5630.939       4677.063        102.809    0.000  -0.056   0.153   0.
  2017 352 23  1 30 495 352.959380738      -6.01      2.38     -1.59  0.       -5630.796       4675.667        101.017    0.000  -0.056   0.153   0.
  2017 352 23  1 31 495 352.959392312      -6.07      2.24     -1.43  0.       -5630.653       4674.272         99.224    0.000  -0.056   0.153   0.
  2017 352 23  1 32 495 352.959403886      -6.24      2.08     -1.68  0.       -5630.509       4672.875         97.432    0.000  -0.056   0.153   0.
  2017 352 23  1 33 495 352.959415460      -6.28      2.09     -2.02  0.       -5630.364       4671.479         95.640    0.000  -0.056   0.153   0.
  2017 352 23  1 34 495 352.959427034      -6.21      2.23     -2.15  0.       -5630.219       4670.081         93.847    0.000  -0.056   0.153   0.
  2017 352 23  1 35 495 352.959438608      -6.16      2.26     -2.30  0.       -5630.073       4668.684         92.055    0.000  -0.056   0.153   0.
  2017 352 23  1 36 495 352.959450182      -6.06      2.31     -2.31  0.       -5629.926       4667.285         90.263    0.000  -0.056   0.153   0.
  2017 352 23  1 37 495 352.959461756      -5.95      2.40     -2.30  0.       -5629.779       4665.886         88.470    0.000  -0.056   0.153   0.
  2017 352 23  1 38 495 352.959473330      -5.90      2.39     -2.18  0.       -5629.631       4664.487         86.678    0.000  -0.056   0.153   0.
  2017 352 23  1 39 495 352.959484904      -5.87      2.40     -2.01  0.       -5629.483       4663.087         84.885    0.000  -0.056   0.153   0.
  2017 352 23  1 40 495 352.959496479      -5.83      2.41     -1.89  0.       -5629.333       4661.687         83.093    0.000  -0.056   0.153   0.
  2017 352 23  1 41 495 352.959508053      -5.84      2.39     -1.85  0.       -5629.184       4660.286         81.301    0.000  -0.056   0.153   0.
  2017 352 23  1 42 495 352.959519627      -5.77      2.33     -1.81  0.       -5629.033       4658.885         79.508    0.000  -0.056   0.153   0.
  2017 352 23  1 43 495 352.959531200      -5.74      2.31     -1.76  0.       -5628.883       4657.483         77.716    0.000  -0.056   0.153   0.
  2017 352 23  1 44 495 352.959542772      -5.84      2.25     -1.56  0.       -5628.731       4656.081         75.923    0.000  -0.056   0.153   0.
  2017 352 23  1 45 495 352.959554346      -5.91      2.18     -1.27  0.       -5628.579       4654.678         74.131    0.000  -0.056   0.153   0.
  2017 352 23  1 46 495 352.959565920      -6.00      2.16     -1.05  0.       -5628.426       4653.274         72.338    0.000  -0.056   0.153   0.
  2017 352 23  1 47 495 352.959577494      -6.10      2.12     -0.95  0.       -5628.273       4651.870         70.546    0.000  -0.056   0.153   0.
  2017 352 23  1 48 495 352.959589068      -6.15      2.22     -1.22  0.       -5628.119       4650.466         68.753    0.000  -0.056   0.153   0.
  2017 352 23  1 49 495 352.959600642      -6.16      2.28     -1.54  0.       -5627.964       4649.061         66.961    0.000  -0.056   0.153   0.
  2017 352 23  1 50 495 352.959612216      -6.12      2.36     -1.85  0.       -5627.809       4647.656         65.168    0.000  -0.056   0.153   0.
  2017 352 23  1 51 495 352.959623791      -6.01      2.42     -2.02  0.       -5627.653       4646.250         63.376    0.000  -0.056   0.153   0.
  2017 352 23  1 52 495 352.959635365      -5.94      2.47     -2.04  0.       -5627.496       4644.843         61.583    0.000  -0.056   0.153   0.
  2017 352 23  1 53 495 352.959646939      -5.92      2.51     -2.06  0.       -5627.339       4643.436         59.791    0.000  -0.056   0.153   0.
  2017 352 23  1 54 495 352.959658513      -5.94      2.46     -1.97  0.       -5627.181       4642.029         57.998    0.000  -0.056   0.153   0.
  2017 352 23  1 55 495 352.959670087      -6.04      2.43     -1.90  0.       -5627.023       4640.621         56.206    0.000  -0.056   0.153   0.
  2017 352 23  1 56 495 352.959681661      -6.11      2.43     -1.81  0.       -5626.864       4639.212         54.413    0.000  -0.055   0.152   0.
  2017 352 23  1 57 495 352.959693235      -6.06      2.41     -1.79  0.       -5626.705       4637.803         52.621    0.000  -0.055   0.152   0.
  2017 352 23  1 58 495 352.959704809      -6.02      2.45     -1.82  0.       -5626.544       4636.394         50.828    0.000  -0.056   0.153   0.
  2017 352 23  1 59 495 352.959716383      -5.92      2.52     -1.88  0.       -5626.383       4634.984         49.036    0.000  -0.056   0.153   0.
  2017 352 23  2  0 495 352.959727957      -5.95      2.51     -1.87  0.       -5626.222       4633.573         47.243    0.000  -0.056   0.153   0.
  2017 352 23  2  1 495 352.959739531      -5.99      2.51     -1.92  0.       -5626.060       4632.162         45.451    0.000  -0.056   0.153   0.
  2017 352 23  2  2 495 352.959751105      -5.90      2.53     -1.92  0.       -5625.897       4630.750         43.658    0.000  -0.056   0.153   0.
  2017 352 23  2  3 495 352.959762679      -5.84      2.51     -1.98  0.       -5625.734       4629.338         41.865    0.000  -0.056   0.153   0.
  2017 352 23  2  4 495 352.959774253      -5.86      2.46     -2.02  0.       -5625.570       4627.926         40.073    0.000  -0.056   0.153   0.
  2017 352 23  2  5 495 352.959785828      -5.85      2.36     -1.97  0.       -5625.405       4626.513         38.280    0.000  -0.056   0.153   0.
  2017 352 23  2  6 495 352.959797402      -5.89      2.31     -1.96  0.       -5625.240       4625.099         36.488    0.000  -0.056   0.153   0.
  2017 352 23  2  7 495 352.959808976      -5.86      2.30     -1.98  0.       -5625.074       4623.685         34.695    0.000  -0.056   0.153   0.
  2017 352 23  2  8 495 352.959820550      -5.85      2.17     -2.02  0.       -5624.908       4622.270         32.903    0.000  -0.056   0.153   0.
  2017 352 23  2  9 495 352.959832124      -5.91      2.08     -1.94  0.       -5624.741       4620.855         31.110    0.000  -0.056   0.153   0.
  2017 352 23  2 10 495 352.959843698      -5.94      2.02     -1.84  0.       -5624.573       4619.439         29.317    0.000  -0.056   0.153   0.
  2017 352 23  2 11 495 352.959855272      -5.97      2.02     -1.72  0.       -5624.405       4618.023         27.525    0.000  -0.056   0.153   0.
  2017 352 23  2 12 495 352.959866846      -5.91      1.98     -1.67  0.       -5624.236       4616.606         25.732    0.000  -0.055   0.152   0.
  2017 352 23  2 13 495 352.959878419      -5.88      1.92     -1.63  0.       -5624.066       4615.189         23.940    0.000  -0.055   0.152   0.
  2017 352 23  2 14 495 352.959889991      -5.83      1.91     -1.57  0.       -5623.896       4613.771         22.147    0.000  -0.056   0.153   0.
  2017 352 23  2 15 495 352.959901565      -5.88      1.90     -1.51  0.       -5623.725       4612.353         20.354    0.000  -0.056   0.153   0.
  2017 352 23  2 16 495 352.959913139      -5.87      1.92     -1.51  0.       -5623.554       4610.934         18.562    0.000  -0.056   0.153   0.
  2017 352 23  2 17 495 352.959924714      -5.83      1.97     -1.61  0.       -5623.382       4609.515         16.769    0.000  -0.056   0.153   0.
  2017 352 23  2 18 495 352.959936288      -5.81      2.05     -1.62  0.       -5623.209       4608.095         14.977    0.000  -0.056   0.153   0.
  2017 352 23  2 19 495 352.959947862      -5.84      2.12     -1.65  0.       -5623.036       4606.675         13.184    0.000  -0.056   0.153   0.
  2017 352 23  2 20 495 352.959959436      -5.82      2.20     -1.63  0.       -5622.862       4605.254         11.391    0.000  -0.056   0.153   0.
  2017 352 23  2 21 495 352.959971010      -5.75      2.28     -1.60  0.       -5622.687       4603.833          9.599    0.000  -0.056   0.153   0.
  2017 352 23  2 22 495 352.959982584      -5.76      2.29     -1.63  0.       -5622.512       4602.411          7.806    0.000  -0.056   0.153   0.
  2017 352 23  2 23 495 352.959994158      -5.77      2.33     -1.63  0.       -5622.336       4600.988          6.013    0.000  -0.056   0.153   0.
  2017 352 23  2 24 495 352.960005732      -5.83      2.34     -1.65  0.       -5622.159       4599.566          4.221    0.000  -0.056   0.153   0.
  2017 352 23  2 25 495 352.960017306      -5.83      2.41     -1.61  0.       -5621.982       4598.142          2.428    0.000  -0.056   0.153   0.
  2017 352 23  2 26 495 352.960028880      -5.78      2.48     -1.57  0.       -5621.805       4596.718          0.636    0.000  -0.056   0.153   0.
  2017 352 23  2 27 495 352.960040454      -5.83      2.48     -1.62  0.       -5621.626       4595.294         -1.157    0.000  -0.056   0.153   0.
  2017 352 23  2 28 495 352.960052028      -5.86      2.53     -1.58  0.       -5621.447       4593.869         -2.950    0.000  -0.055   0.152   0.
  2017 352 23  2 29 495 352.960063602      -5.93      2.51     -1.60  0.       -5621.268       4592.443         -4.742    0.000  -0.055   0.152   0.
  2017 352 23  2 30 495 352.960075177      -5.88      2.55     -1.65  0.       -5621.087       4591.017         -6.535    0.000  -0.056   0.153   0.
  2017 352 23  2 31 495 352.960086751      -5.85      2.53     -1.69  0.       -5620.907       4589.591         -8.327    0.000  -0.056   0.153   0.
  2017 352 23  2 32 495 352.960098325      -5.89      2.55     -1.66  0.       -5620.725       4588.164        -10.120    0.000  -0.056   0.153   0.
  2017 352 23  2 33 495 352.960109899      -5.92      2.59     -1.63  0.       -5620.543       4586.736        -11.913    0.000  -0.056   0.153   0.
  2017 352 23  2 34 495 352.960121473      -5.89      2.62     -1.67  0.       -5620.360       4585.308        -13.705    0.000  -0.056   0.153   0.
  2017 352 23  2 35 495 352.960133047      -5.92      2.61     -1.69  0.       -5620.177       4583.880        -15.498    0.000  -0.056   0.153   0.
  2017 352 23  2 36 495 352.960144621      -5.93      2.58     -1.69  0.       -5619.993       4582.451        -17.290    0.000  -0.056   0.153   0.
  2017 352 23  2 37 495 352.960156195      -5.97      2.55     -1.74  0.       -5619.808       4581.021        -19.083    0.000  -0.056   0.153   0.
  2017 352 23  2 38 495 352.960167769      -5.92      2.54     -1.79  0.       -5619.623       4579.591        -20.876    0.000  -0.056   0.153   0.
  2017 352 23  2 39 495 352.960179343      -5.83      2.54     -1.79  0.       -5619.437       4578.160        -22.668    0.000  -0.056   0.153   0.
  2017 352 23  2 40 495 352.960190917      -5.80      2.59     -1.82  0.       -5619.250       4576.729        -24.461    0.000  -0.056   0.153   0.
  2017 352 23  2 41 495 352.960202491      -5.86      2.59     -1.82  0.       -5619.063       4575.298        -26.253    0.000  -0.056   0.153   0.
  2017 352 23  2 42 495 352.960214065      -5.86      2.51     -1.90  0.       -5618.875       4573.866        -28.046    0.000  -0.056   0.153   0.
  2017 352 23  2 43 495 352.960225639      -5.85      2.44     -2.00  0.       -5618.687       4572.433        -29.839    0.000  -0.056   0.153   0.
  2017 352 23  2 44 495 352.960237214      -5.87      2.44     -2.03  0.       -5618.498       4571.000        -31.631    0.000  -0.056   0.153   0.
  2017 352 23  2 45 495 352.960248787      -5.91      2.41     -1.99  0.       -5618.308       4569.566        -33.424    0.000  -0.056   0.153   0.
  2017 352 23  2 46 495 352.960260359      -5.87      2.37     -2.01  0.       -5618.118       4568.132        -35.216    0.000  -0.056   0.153   0.
  2017 352 23  2 47 495 352.960271933      -5.82      2.38     -2.03  0.       -5617.927       4566.697        -37.009    0.000  -0.056   0.153   0.
  2017 352 23  2 48 495 352.960283507      -5.89      2.36     -2.05  0.       -5617.735       4565.262        -38.802    0.000  -0.056   0.153   0.
  2017 352 23  2 49 494 352.960295081      -5.99      2.35     -2.03  0.       -5617.543       4563.826        -40.594    0.000  -0.056   0.153   0.
  2017 352 23  2 50 494 352.960306655      -6.00      2.37     -2.05  0.       -5617.350       4562.390        -42.387    0.000  -0.056   0.153   0.
  2017 352 23  2 51 494 352.960318229      -5.98      2.32     -2.00  0.       -5617.157       4560.953        -44.179    0.000  -0.056   0.153   0.
  2017 352 23  2 52 494 352.960329803      -6.03      2.24     -1.92  0.       -5616.962       4559.516        -45.972    0.000  -0.056   0.153   0.
  2017 352 23  2 53 494 352.960341377      -6.13      2.13     -1.73  0.       -5616.768       4558.078        -47.764    0.000  -0.056   0.153   0.
  2017 352 23  2 54 495 352.960352951      -6.18      2.07     -1.49  0.       -5616.572       4556.640        -49.557    0.000  -0.056   0.153   0.
  2017 352 23  2 55 495 352.960364525      -6.25      2.03     -1.30  0.       -5616.376       4555.201        -51.349    0.000  -0.056   0.153   0.
  2017 352 23  2 56 494 352.960376100      -6.34      1.93     -1.22  0.       -5616.179       4553.762        -53.142    0.000  -0.056   0.153   0.
  2017 352 23  2 57 494 352.960387674      -6.43      1.97     -1.21  0.       -5615.982       4552.322        -54.934    0.000  -0.056   0.153   0.
  2017 352 23  2 58 495 352.960399248      -6.38      1.96     -1.49  0.       -5615.784       4550.881        -56.727    0.000  -0.056   0.153   0.
  2017 352 23  2 59 495 352.960410822      -6.36      1.89     -1.68  0.       -5615.586       4549.440        -58.519    0.000  -0.056   0.153   0.
  2017 352 23  3  0 495 352.960422396      -6.43      1.89     -1.64  0.       -5615.386       4547.999        -60.312    0.000  -0.055   0.152   0.
  2017 352 23  3  1 495 352.960433970      -6.43      1.88     -1.58  0.       -5615.186       4546.557        -62.104    0.000  -0.055   0.152   0.
  2017 352 23  3  2 495 352.960445544      -6.35      1.95     -1.51  0.       -5614.986       4545.114        -63.897    0.000  -0.056   0.153   0.
  2017 352 23  3  3 494 352.960457118      -6.38      1.87     -1.50  0.       -5614.785       4543.671        -65.689    0.000  -0.056   0.153   0.
  2017 352 23  3  4 494 352.960468692      -6.48      1.84     -1.38  0.       -5614.583       4542.228        -67.482    0.000  -0.056   0.153   0.
  2017 352 23  3  5 494 352.960480266      -6.55      1.78     -1.23  0.       -5614.381       4540.784        -69.274    0.000  -0.056   0.153   0.
  2017 352 23  3  6 494 352.960491840      -6.57      1.72     -1.16  0.       -5614.177       4539.339        -71.067    0.000  -0.056   0.153   0.
  2017 352 23  3  7 495 352.960503414      -6.65      1.62     -1.11  0.       -5613.974       4537.894        -72.859    0.000  -0.056   0.153   0.
  2017 352 23  3  8 495 352.960514988      -6.78      1.58     -1.08  0.       -5613.769       4536.449        -74.651    0.000  -0.056   0.153   0.
  2017 352 23  3  9 495 352.960526562      -6.81      1.64     -1.13  0.       -5613.564       4535.003        -76.444    0.000  -0.056   0.153   0.
  2017 352 23  3 10 494 352.960538137      -6.79      1.65     -1.23  0.       -5613.359       4533.556        -78.236    0.000  -0.055   0.152   0.
  2017 352 23  3 11 494 352.960549711      -6.84      1.62     -1.30  0.       -5613.152       4532.109        -80.029    0.000  -0.055   0.152   0.
  2017 352 23  3 12 495 352.960561285      -6.93      1.53     -1.41  0.       -5612.946       4530.661        -81.821    0.000  -0.056   0.153   0.
  2017 352 23  3 13 495 352.960572859      -6.92      1.52     -1.49  0.       -5612.738       4529.213        -83.614    0.000  -0.056   0.153   0.
  2017 352 23  3 14 495 352.960584433      -6.90      1.46     -1.52  0.       -5612.530       4527.765        -85.406    0.000  -0.055   0.152   0.
  2017 352 23  3 15 495 352.960596006      -6.93      1.46     -1.55  0.       -5612.321       4526.315        -87.198    0.000  -0.055   0.152   0.
  2017 352 23  3 16 494 352.960607578      -6.96      1.44     -1.61  0.       -5612.111       4524.866        -88.991    0.000  -0.056   0.153   0.
  2017 352 23  3 17 494 352.960619152      -6.88      1.44     -1.71  0.       -5611.901       4523.416        -90.783    0.000  -0.056   0.153   0.
  2017 352 23  3 18 494 352.960630726      -6.88      1.39     -1.79  0.       -5611.691       4521.965        -92.575    0.000  -0.055   0.152   0.
  2017 352 23  3 19 494 352.960642300      -6.90      1.40     -1.83  0.       -5611.479       4520.514        -94.368    0.000  -0.055   0.152   0.
  2017 352 23  3 20 494 352.960653874      -6.84      1.43     -1.90  0.       -5611.267       4519.062        -96.160    0.000  -0.056   0.153   0.
  2017 352 23  3 21 494 352.960665448      -6.76      1.48     -1.99  0.       -5611.055       4517.609        -97.952    0.000  -0.056   0.153   0.
  2017 352 23  3 22 494 352.960677023      -6.75      1.52     -1.97  0.       -5610.841       4516.157        -99.744    0.000  -0.056   0.153   0.
  2017 352 23  3 23 494 352.960688597      -6.68      1.62     -2.03  0.       -5610.627       4514.703       -101.537    0.000  -0.056   0.153   0.
  2017 352 23  3 24 494 352.960700171      -6.65      1.54     -2.12  0.       -5610.413       4513.250       -103.329    0.000  -0.056   0.153   0.
  2017 352 23  3 25 494 352.960711745      -6.65      1.54     -2.12  0.       -5610.197       4511.795       -105.121    0.000  -0.056   0.153   0.
  2017 352 23  3 26 494 352.960723319      -6.65      1.53     -2.13  0.       -5609.982       4510.340       -106.913    0.000  -0.056   0.153   0.
  2017 352 23  3 27 494 352.960734893      -6.61      1.53     -2.16  0.       -5609.765       4508.885       -108.706    0.000  -0.056   0.153   0.
  2017 352 23  3 28 494 352.960746467      -6.54      1.60     -2.16  0.       -5609.548       4507.429       -110.498    0.000  -0.055   0.152   0.
  2017 352 23  3 29 494 352.960758041      -6.57      1.59     -2.17  0.       -5609.330       4505.973       -112.290    0.000  -0.055   0.152   0.
  2017 352 23  3 30 494 352.960769615      -6.52      1.68     -2.21  0.       -5609.111       4504.516       -114.082    0.000  -0.056   0.153   0.
  2017 352 23  3 31 494 352.960781189      -6.42      1.71     -2.29  0.       -5608.892       4503.058       -115.874    0.000  -0.056   0.153   0.
  2017 352 23  3 32 494 352.960792763      -6.42      1.68     -2.35  0.       -5608.673       4501.600       -117.667    0.000  -0.056   0.153   0.
  2017 352 23  3 33 494 352.960804337      -6.42      1.69     -2.39  0.       -5608.452       4500.142       -119.459    0.000  -0.056   0.153   0.
  2017 352 23  3 34 494 352.960815911      -6.36      1.67     -2.43  0.       -5608.231       4498.683       -121.251    0.000  -0.055   0.152   0.
  2017 352 23  3 35 494 352.960827486      -6.35      1.61     -2.48  0.       -5608.009       4497.223       -123.043    0.000  -0.055   0.152   0.
  2017 352 23  3 36 494 352.960839060      -6.34      1.62     -2.49  0.       -5607.787       4495.763       -124.835    0.000  -0.055   0.152   0.
  2017 352 23  3 37 494 352.960850634      -6.29      1.61     -2.51  0.       -5607.564       4494.303       -126.627    0.000  -0.055   0.152   0.
  2017 352 23  3 38 494 352.960862208      -6.27      1.57     -2.51  0.       -5607.340       4492.841       -128.419    0.000  -0.056   0.153   0.
  2017 352 23  3 39 494 352.960873782      -6.30      1.54     -2.47  0.       -5607.116       4491.380       -130.211    0.000  -0.056   0.153   0.
  2017 352 23  3 40 494 352.960885356      -6.24      1.58     -2.46  0.       -5606.891       4489.918       -132.003    0.000  -0.056   0.153   0.
  2017 352 23  3 41 494 352.960896930      -6.15      1.58     -2.53  0.       -5606.666       4488.455       -133.795    0.000  -0.056   0.153   0.
  2017 352 23  3 42 494 352.960908504      -6.14      1.58     -2.51  0.       -5606.439       4486.992       -135.587    0.000  -0.056   0.153   0.
  2017 352 23  3 43 494 352.960920078      -6.10      1.68     -2.47  0.       -5606.213       4485.528       -137.379    0.000  -0.056   0.153   0.
  2017 352 23  3 44 494 352.960931652      -6.05      1.69     -2.53  0.       -5605.985       4484.064       -139.171    0.000  -0.055   0.152   0.
  2017 352 23  3 45 494 352.960943225      -6.02      1.67     -2.53  0.       -5605.757       4482.599       -140.963    0.000  -0.055   0.152   0.
  2017 352 23  3 46 494 352.960954797      -6.04      1.74     -2.45  0.       -5605.528       4481.134       -142.755    0.000  -0.056   0.153   0.
  2017 352 23  3 47 494 352.960966372      -5.95      1.76     -2.49  0.       -5605.299       4479.668       -144.547    0.000  -0.056   0.153   0.
  2017 352 23  3 48 494 352.960977946      -5.88      1.80     -2.46  0.       -5605.069       4478.202       -146.339    0.000  -0.055   0.152   0.
  2017 352 23  3 49 494 352.960989520      -5.88      1.83     -2.46  0.       -5604.838       4476.735       -148.131    0.000  -0.055   0.152   0.
  2017 352 23  3 50 494 352.961001094      -5.83      1.85     -2.48  0.       -5604.606       4475.268       -149.923    0.000  -0.056   0.153   0.
  2017 352 23  3 51 494 352.961012668      -5.76      1.88     -2.52  0.       -5604.374       4473.800       -151.715    0.000  -0.056   0.153   0.
  2017 352 23  3 52 494 352.961024242      -5.84      1.87     -2.47  0.       -5604.141       4472.332       -153.507    0.000  -0.056   0.153   0.
  2017 352 23  3 53 494 352.961035816      -5.81      1.89     -2.42  0.       -5603.908       4470.863       -155.298    0.000  -0.056   0.153   0.
  2017 352 23  3 54 494 352.961047390      -5.74      1.86     -2.40  0.       -5603.674       4469.393       -157.090    0.000  -0.056   0.153   0.
  2017 352 23  3 55 494 352.961058964      -5.76      1.82     -2.37  0.       -5603.439       4467.924       -158.882    0.000  -0.056   0.153   0.
  2017 352 23  3 56 494 352.961070538      -5.73      1.84     -2.35  0.       -5603.204       4466.453       -160.674    0.000  -0.056   0.153   0.
  2017 352 23  3 57 494 352.961082112      -5.68      1.82     -2.35  0.       -5602.968       4464.982       -162.466    0.000  -0.056   0.153   0.
  2017 352 23  3 58 494 352.961093686      -5.70      1.79     -2.32  0.       -5602.732       4463.511       -164.257    0.000  -0.056   0.153   0.
  2017 352 23  3 59 494 352.961105260      -5.67      1.80     -2.31  0.       -5602.494       4462.039       -166.049    0.000  -0.056   0.153   0.
  2017 352 23  4  0 494 352.961116835      -5.59      1.81     -2.32  0.       -5602.256       4460.566       -167.841    0.000  -0.055   0.152   0.
  2017 352 23  4  1 494 352.961128409      -5.60      1.84     -2.30  0.       -5602.018       4459.093       -169.632    0.000  -0.055   0.152   0.
  2017 352 23  4  2 494 352.961139983      -5.62      1.87     -2.25  0.       -5601.778       4457.620       -171.424    0.000  -0.056   0.153   0.
  2017 352 23  4  3 494 352.961151557      -5.53      1.92     -2.26  0.       -5601.539       4456.146       -173.216    0.000  -0.056   0.153   0.
  2017 352 23  4  4 494 352.961163131      -5.58      1.90     -2.24  0.       -5601.298       4454.671       -175.007    0.000  -0.056   0.153   0.
  2017 352 23  4  5 494 352.961174705      -5.58      1.95     -2.18  0.       -5601.057       4453.196       -176.799    0.000  -0.056   0.153   0.
  2017 352 23  4  6 494 352.961186279      -5.54      1.99     -2.21  0.       -5600.815       4451.720       -178.590    0.000  -0.055   0.152   0.
  2017 352 23  4  7 494 352.961197853      -5.57      2.02     -2.13  0.       -5600.572       4450.244       -180.382    0.000  -0.055   0.152   0.
  2017 352 23  4  8 494 352.961209427      -5.61      2.04     -2.07  0.       -5600.329       4448.767       -182.173    0.000  -0.056   0.153   0.
  2017 352 23  4  9 494 352.961221001      -5.57      2.02     -2.08  0.       -5600.085       4447.290       -183.965    0.000  -0.056   0.153   0.
  2017 352 23  4 10 494 352.961232575      -5.63      1.90     -2.11  0.       -5599.841       4445.813       -185.756    0.000  -0.055   0.152   0.
  2017 352 23  4 11 494 352.961244149      -5.67      1.81     -2.14  0.       -5599.596       4444.334       -187.548    0.000  -0.055   0.152   0.
  2017 352 23  4 12 494 352.961255723      -5.63      1.79     -2.10  0.       -5599.350       4442.856       -189.339    0.000  -0.056   0.153   0.
  2017 352 23  4 13 494 352.961267296      -5.71      1.81     -2.00  0.       -5599.104       4441.376       -191.131    0.000  -0.056   0.153   0.
  2017 352 23  4 14 494 352.961278869      -5.81      1.84     -1.91  0.       -5598.857       4439.896       -192.922    0.000  -0.056   0.153   0.
  2017 352 23  4 15 494 352.961290443      -5.81      1.77     -1.95  0.       -5598.609       4438.416       -194.713    0.000  -0.056   0.153   0.
  2017 352 23  4 16 494 352.961302017      -5.83      1.71     -1.97  0.       -5598.360       4436.935       -196.505    0.000  -0.056   0.153   0.
  2017 352 23  4 17 494 352.961313591      -5.83      1.78     -1.90  0.       -5598.111       4435.454       -198.296    0.000  -0.056   0.153   0.
  2017 352 23  4 18 494 352.961325165      -5.85      1.76     -1.85  0.       -5597.862       4433.972       -200.087    0.000  -0.056   0.153   0.
  2017 352 23  4 19 494 352.961336739      -5.96      1.71     -1.72  0.       -5597.611       4432.490       -201.879    0.000  -0.056   0.153   0.
  2017 352 23  4 20 494 352.961348313      -6.00      1.77     -1.58  0.       -5597.360       4431.007       -203.670    0.000  -0.055   0.152   0.
  2017 352 23  4 21 494 352.961359887      -6.01      1.80     -1.41  0.       -5597.109       4429.523       -205.461    0.000  -0.055   0.152   0.
  2017 352 23  4 22 494 352.961371461      -6.12      1.82     -1.28  0.       -5596.856       4428.039       -207.252    0.000  -0.056   0.153   0.
  2017 352 23  4 23 494 352.961383035      -6.11      1.87     -1.31  0.       -5596.603       4426.555       -209.043    0.000  -0.056   0.153   0.
  2017 352 23  4 24 494 352.961394609      -6.10      1.85     -1.43  0.       -5596.350       4425.070       -210.835    0.000  -0.056   0.153   0.
  2017 352 23  4 25 494 352.961406183      -6.18      1.82     -1.44  0.       -5596.095       4423.584       -212.626    0.000  -0.056   0.153   0.
  2017 352 23  4 26 494 352.961417758      -6.20      1.79     -1.41  0.       -5595.840       4422.098       -214.417    0.000  -0.056   0.153   0.
  2017 352 23  4 27 494 352.961429332      -6.20      1.74     -1.31  0.       -5595.585       4420.612       -216.208    0.000  -0.056   0.153   0.
  2017 352 23  4 28 494 352.961440906      -6.32      1.68     -1.22  0.       -5595.328       4419.125       -217.999    0.000  -0.056   0.153   0.
  2017 352 23  4 29 494 352.961452480      -6.36      1.56     -1.22  0.       -5595.071       4417.637       -219.790    0.000  -0.056   0.153   0.
  2017 352 23  4 30 494 352.961464054      -6.41      1.46     -1.20  0.       -5594.814       4416.149       -221.581    0.000  -0.055   0.152   0.
  2017 352 23  4 31 494 352.961475628      -6.47      1.38     -1.17  0.       -5594.555       4414.660       -223.372    0.000  -0.055   0.152   0.
  2017 352 23  4 32 494 352.961487202      -6.47      1.32     -1.18  0.       -5594.296       4413.171       -225.163    0.000  -0.055   0.152   0.
  2017 352 23  4 33 494 352.961498776      -6.54      1.25     -1.20  0.       -5594.037       4411.681       -226.954    0.000  -0.055   0.152   0.
  2017 352 23  4 34 494 352.961510350      -6.55      1.27     -1.21  0.       -5593.776       4410.191       -228.745    0.000  -0.056   0.153   0.
  2017 352 23  4 35 494 352.961521924      -6.52      1.24     -1.29  0.       -5593.516       4408.700       -230.536    0.000  -0.056   0.153   0.
  2017 352 23  4 36 494 352.961533498      -6.56      1.23     -1.24  0.       -5593.254       4407.209       -232.326    0.000  -0.055   0.152   0.
  2017 352 23  4 37 494 352.961545072      -6.55      1.24     -1.30  0.       -5592.992       4405.717       -234.117    0.000  -0.055   0.152   0.
  2017 352 23  4 38 494 352.961556646      -6.54      1.25     -1.34  0.       -5592.729       4404.225       -235.908    0.000  -0.056   0.153   0.
  2017 352 23  4 39 494 352.961568220      -6.59      1.26     -1.33  0.       -5592.465       4402.732       -237.699    0.000  -0.056   0.153   0.
  2017 352 23  4 40 494 352.961579795      -6.57      1.24     -1.41  0.       -5592.201       4401.239       -239.489    0.000  -0.056   0.153   0.
  2017 352 23  4 41 494 352.961591369      -6.55      1.24     -1.47  0.       -5591.936       4399.745       -241.280    0.000  -0.056   0.153   0.
  2017 352 23  4 42 494 352.961602943      -6.56      1.27     -1.48  0.       -5591.671       4398.251       -243.071    0.000  -0.056   0.153   0.
  2017 352 23  4 43 494 352.961614516      -6.49      1.25     -1.58  0.       -5591.404       4396.756       -244.861    0.000  -0.056   0.153   0.
  2017 352 23  4 44 494 352.961626088      -6.53      1.23     -1.60  0.       -5591.137       4395.260       -246.652    0.000  -0.055   0.152   0.
  2017 352 23  4 45 493 352.961637662      -6.55      1.25     -1.62  0.       -5590.870       4393.764       -248.443    0.000  -0.055   0.152   0.
  2017 352 23  4 46 493 352.961649236      -6.51      1.20     -1.70  0.       -5590.602       4392.268       -250.233    0.000  -0.055   0.152   0.
  2017 352 23  4 47 493 352.961660810      -6.50      1.24     -1.68  0.       -5590.333       4390.771       -252.024    0.000  -0.055   0.152   0.
  2017 352 23  4 48 493 352.961672384      -6.46      1.27     -1.78  0.       -5590.063       4389.273       -253.814    0.000  -0.056   0.153   0.
  2017 352 23  4 49 493 352.961683958      -6.46      1.24     -1.82  0.       -5589.793       4387.775       -255.605    0.000  -0.056   0.153   0.
  2017 352 23  4 50 494 352.961695532      -6.47      1.28     -1.84  0.       -5589.522       4386.277       -257.395    0.000  -0.055   0.152   0.
  2017 352 23  4 51 494 352.961707106      -6.40      1.28     -1.94  0.       -5589.251       4384.778       -259.185    0.000  -0.055   0.152   0.
  2017 352 23  4 52 493 352.961718681      -6.42      1.26     -1.95  0.       -5588.978       4383.278       -260.976    0.000  -0.056   0.153   0.
  2017 352 23  4 53 493 352.961730255      -6.36      1.38     -1.94  0.       -5588.705       4381.778       -262.766    0.000  -0.056   0.153   0.
  2017 352 23  4 54 494 352.961741829      -6.32      1.42     -1.99  0.       -5588.432       4380.277       -264.556    0.000  -0.056   0.153   0.
  2017 352 23  4 55 494 352.961753403      -6.38      1.46     -1.99  0.       -5588.157       4378.776       -266.347    0.000  -0.056   0.153   0.
  2017 352 23  4 56 494 352.961764977      -6.35      1.51     -2.03  0.       -5587.883       4377.274       -268.137    0.000  -0.055   0.152   0.
  2017 352 23  4 57 494 352.961776551      -6.36      1.54     -2.04  0.       -5587.607       4375.772       -269.927    0.000  -0.055   0.152   0.
  2017 352 23  4 58 493 352.961788125      -6.35      1.59     -2.07  0.       -5587.331       4374.269       -271.717    0.000  -0.056   0.153   0.
  2017 352 23  4 59 493 352.961799699      -6.28      1.61     -2.13  0.       -5587.054       4372.766       -273.507    0.000  -0.056   0.153   0.
  2017 352 23  5  0 493 352.961811273      -6.29      1.65     -2.12  0.       -5586.776       4371.263       -275.297    0.000  -0.056   0.153   0.
  2017 352 23  5  1 493 352.961822847      -6.20      1.69     -2.12  0.       -5586.498       4369.758       -277.087    0.000  -0.056   0.153   0.
  2017 352 23  5  2 493 352.961834421      -6.16      1.70     -2.18  0.       -5586.219       4368.253       -278.878    0.000  -0.056   0.153   0.
  2017 352 23  5  3 494 352.961845995      -6.22      1.75     -2.23  0.       -5585.940       4366.748       -280.668    0.000  -0.056   0.153   0.
  2017 352 23  5  4 494 352.961857569      -6.19      1.76     -2.35  0.       -5585.659       4365.242       -282.457    0.000  -0.056   0.153   0.
  2017 352 23  5  5 493 352.961869144      -6.22      1.79     -2.40  0.       -5585.379       4363.735       -284.247    0.000  -0.056   0.153   0.
  2017 352 23  5  6 493 352.961880718      -6.18      1.84     -2.42  0.       -5585.097       4362.228       -286.037    0.000  -0.056   0.153   0.
  2017 352 23  5  7 494 352.961892292      -6.15      1.83     -2.49  0.       -5584.815       4360.721       -287.827    0.000  -0.056   0.153   0.
  2017 352 23  5  8 494 352.961903866      -6.18      1.86     -2.50  0.       -5584.532       4359.213       -289.617    0.000  -0.055   0.152   0.
  2017 352 23  5  9 494 352.961915440      -6.17      1.84     -2.60  0.       -5584.248       4357.704       -291.407    0.000  -0.055   0.152   0.
  2017 352 23  5 10 494 352.961927014      -6.24      1.85     -2.58  0.       -5583.964       4356.195       -293.197    0.000  -0.055   0.152   0.
  2017 352 23  5 11 494 352.961938588      -6.23      1.90     -2.54  0.       -5583.679       4354.686       -294.986    0.000  -0.055   0.152   0.
  2017 352 23  5 12 493 352.961950162      -6.23      1.92     -2.56  0.       -5583.393       4353.176       -296.776    0.000  -0.056   0.153   0.
  2017 352 23  5 13 493 352.961961735      -6.30      1.96     -2.48  0.       -5583.107       4351.665       -298.566    0.000  -0.056   0.153   0.
  2017 352 23  5 14 493 352.961973307      -6.21      1.96     -2.45  0.       -5582.820       4350.154       -300.355    0.000  -0.055   0.152   0.
  2017 352 23  5 15 493 352.961984881      -6.23      1.94     -2.40  0.       -5582.533       4348.642       -302.145    0.000  -0.055   0.152   0.
  2017 352 23  5 16 493 352.961996455      -6.22      1.99     -2.42  0.       -5582.244       4347.130       -303.934    0.000  -0.056   0.153   0.
  2017 352 23  5 17 493 352.962008029      -6.19      2.06     -2.38  0.       -5581.955       4345.617       -305.724    0.000  -0.056   0.153   0.
  2017 352 23  5 18 493 352.962019604      -6.23      2.06     -2.34  0.       -5581.666       4344.104       -307.513    0.000  -0.055   0.152   0.
  2017 352 23  5 19 493 352.962031178      -6.20      2.01     -2.37  0.       -5581.375       4342.590       -309.303    0.000  -0.055   0.152   0.
  2017 352 23  5 20 493 352.962042752      -6.25      1.98     -2.34  0.       -5581.084       4341.076       -311.092    0.000  -0.056   0.153   0.
  2017 352 23  5 21 493 352.962054326      -6.23      2.05     -2.35  0.       -5580.793       4339.561       -312.881    0.000  -0.056   0.153   0.
  2017 352 23  5 22 493 352.962065900      -6.22      2.05     -2.34  0.       -5580.500       4338.046       -314.671    0.000  -0.055   0.152   0.
  2017 352 23  5 23 493 352.962077474      -6.27      2.04     -2.28  0.       -5580.207       4336.530       -316.460    0.000  -0.055   0.152   0.
  2017 352 23  5 24 493 352.962089048      -6.22      1.99     -2.29  0.       -5579.914       4335.014       -318.249    0.000  -0.055   0.152   0.
  2017 352 23  5 25 493 352.962100622      -6.27      1.99     -2.20  0.       -5579.619       4333.497       -320.038    0.000  -0.055   0.152   0.
  2017 352 23  5 26 493 352.962112196      -6.24      2.02     -2.19  0.       -5579.324       4331.979       -321.828    0.000  -0.056   0.153   0.
  2017 352 23  5 27 493 352.962123770      -6.26      2.04     -2.13  0.       -5579.029       4330.461       -323.617    0.000  -0.056   0.153   0.
  2017 352 23  5 28 493 352.962135344      -6.30      2.10     -2.09  0.       -5578.732       4328.943       -325.406    0.000  -0.056   0.153   0.
  2017 352 23  5 29 493 352.962146918      -6.26      2.09     -2.11  0.       -5578.435       4327.424       -327.195    0.000  -0.056   0.153   0.
  2017 352 23  5 30 493 352.962158492      -6.28      2.19     -2.11  0.       -5578.137       4325.905       -328.984    0.000  -0.056   0.153   0.
  2017 352 23  5 31 493 352.962170067      -6.22      2.18     -2.13  0.       -5577.839       4324.384       -330.773    0.000  -0.056   0.153   0.
  2017 352 23  5 32 493 352.962181641      -6.23      2.18     -2.11  0.       -5577.540       4322.864       -332.562    0.000  -0.056   0.153   0.
  2017 352 23  5 33 493 352.962193215      -6.19      2.20     -2.12  0.       -5577.240       4321.343       -334.351    0.000  -0.056   0.153   0.
  2017 352 23  5 34 493 352.962204789      -6.21      2.17     -2.13  0.       -5576.939       4319.821       -336.139    0.000  -0.056   0.153   0.
  2017 352 23  5 35 493 352.962216363      -6.24      2.19     -2.11  0.       -5576.638       4318.299       -337.928    0.000  -0.056   0.153   0.
  2017 352 23  5 36 493 352.962227937      -6.20      2.12     -2.10  0.       -5576.337       4316.776       -339.717    0.000  -0.056   0.153   0.
  2017 352 23  5 37 493 352.962239511      -6.23      2.09     -2.08  0.       -5576.034       4315.253       -341.506    0.000  -0.056   0.153   0.
  2017 352 23  5 38 493 352.962251085      -6.13      2.06     -2.15  0.       -5575.731       4313.729       -343.294    0.000  -0.056   0.153   0.
  2017 352 23  5 39 493 352.962262659      -6.12      2.02     -2.15  0.       -5575.427       4312.205       -345.083    0.000  -0.056   0.153   0.
  2017 352 23  5 40 493 352.962274233      -6.09      2.04     -2.24  0.       -5575.123       4310.680       -346.872    0.000  -0.056   0.153   0.
  2017 352 23  5 41 493 352.962285807      -6.03      2.02     -2.27  0.       -5574.817       4309.155       -348.660    0.000  -0.056   0.153   0.
  2017 352 23  5 42 493 352.962297381      -6.03      2.01     -2.26  0.       -5574.511       4307.629       -350.449    0.000  -0.055   0.152   0.
  2017 352 23  5 43 493 352.962308954      -5.98      1.95     -2.29  0.       -5574.205       4306.103       -352.237    0.000  -0.055   0.152   0.
  2017 352 23  5 44 493 352.962320527      -6.02      1.89     -2.25  0.       -5573.898       4304.576       -354.025    0.000  -0.056   0.153   0.
  2017 352 23  5 45 493 352.962332101      -5.93      1.87     -2.29  0.       -5573.590       4303.048       -355.814    0.000  -0.056   0.153   0.
  2017 352 23  5 46 493 352.962343675      -6.00      1.83     -2.24  0.       -5573.281       4301.521       -357.602    0.000  -0.056   0.153   0.
  2017 352 23  5 47 493 352.962355249      -5.96      1.84     -2.22  0.       -5572.972       4299.992       -359.390    0.000  -0.056   0.153   0.
  2017 352 23  5 48 493 352.962366823      -5.95      1.80     -2.22  0.       -5572.662       4298.463       -361.179    0.000  -0.056   0.153   0.
  2017 352 23  5 49 493 352.962378397      -5.94      1.78     -2.21  0.       -5572.351       4296.934       -362.967    0.000  -0.056   0.153   0.
  2017 352 23  5 50 493 352.962389971      -5.90      1.73     -2.20  0.       -5572.040       4295.404       -364.755    0.000  -0.055   0.152   0.
  2017 352 23  5 51 493 352.962401545      -5.93      1.71     -2.22  0.       -5571.728       4293.873       -366.543    0.000  -0.055   0.152   0.
  2017 352 23  5 52 493 352.962413119      -5.86      1.74     -2.28  0.       -5571.415       4292.342       -368.331    0.000  -0.056   0.153   0.
  2017 352 23  5 53 493 352.962424693      -5.93      1.65     -2.29  0.       -5571.102       4290.810       -370.119    0.000  -0.056   0.153   0.
  2017 352 23  5 54 493 352.962436267      -5.86      1.68     -2.32  0.       -5570.788       4289.278       -371.907    0.000  -0.056   0.153   0.
  2017 352 23  5 55 493 352.962447841      -5.88      1.68     -2.29  0.       -5570.473       4287.745       -373.695    0.000  -0.056   0.153   0.
  2017 352 23  5 56 493 352.962459416      -5.84      1.67     -2.28  0.       -5570.158       4286.212       -375.483    0.000  -0.056   0.153   0.
  2017 352 23  5 57 493 352.962470990      -5.89      1.62     -2.25  0.       -5569.841       4284.678       -377.271    0.000  -0.056   0.153   0.
  2017 352 23  5 58 493 352.962482564      -5.90      1.65     -2.29  0.       -5569.525       4283.144       -379.058    0.000  -0.056   0.153   0.
  2017 352 23  5 59 493 352.962494138      -5.88      1.58     -2.28  0.       -5569.207       4281.609       -380.846    0.000  -0.056   0.153   0.
  2017 352 23  6  0 493 352.962505712      -5.91      1.63     -2.18  0.       -5568.889       4280.074       -382.634    0.000  -0.056   0.153   0.
  2017 352 23  6  1 493 352.962517286      -5.91      1.60     -2.17  0.       -5568.570       4278.538       -384.421    0.000  -0.056   0.153   0.
  2017 352 23  6  2 493 352.962528860      -5.97      1.56     -2.12  0.       -5568.251       4277.002       -386.209    0.000  -0.055   0.152   0.
  2017 352 23  6  3 493 352.962540434      -5.92      1.62     -2.12  0.       -5567.930       4275.465       -387.997    0.000  -0.055   0.152   0.
  2017 352 23  6  4 493 352.962552008      -5.99      1.54     -2.12  0.       -5567.609       4273.928       -389.784    0.000  -0.056   0.153   0.
  2017 352 23  6  5 493 352.962563582      -5.92      1.58     -2.16  0.       -5567.288       4272.390       -391.572    0.000  -0.056   0.153   0.
  2017 352 23  6  6 493 352.962575156      -5.93      1.56     -2.13  0.       -5566.966       4270.851       -393.359    0.000  -0.056   0.153   0.
  2017 352 23  6  7 493 352.962586730      -5.91      1.51     -2.13  0.       -5566.643       4269.312       -395.146    0.000  -0.056   0.153   0.
  2017 352 23  6  8 493 352.962598304      -5.95      1.50     -2.13  0.       -5566.319       4267.773       -396.934    0.000  -0.055   0.152   0.
  2017 352 23  6  9 493 352.962609878      -5.94      1.47     -2.14  0.       -5565.995       4266.233       -398.721    0.000  -0.055   0.152   0.
  2017 352 23  6 10 493 352.962621453      -5.92      1.49     -2.14  0.       -5565.670       4264.692       -400.508    0.000  -0.056   0.153   0.
  2017 352 23  6 11 493 352.962633027      -5.91      1.53     -2.17  0.       -5565.344       4263.151       -402.295    0.000  -0.056   0.153   0.
  2017 352 23  6 12 493 352.962644601      -5.89      1.55     -2.23  0.       -5565.017       4261.609       -404.082    0.000  -0.056   0.153   0.
  2017 352 23  6 13 493 352.962656175      -5.94      1.52     -2.20  0.       -5564.690       4260.067       -405.869    0.000  -0.056   0.153   0.
  2017 352 23  6 14 493 352.962667749      -5.84      1.54     -2.13  0.       -5564.363       4258.525       -407.656    0.000  -0.056   0.153   0.
  2017 352 23  6 15 493 352.962679322      -5.87      1.60     -2.10  0.       -5564.034       4256.981       -409.443    0.000  -0.056   0.153   0.
  2017 352 23  6 16 493 352.962690894      -5.80      1.57     -2.11  0.       -5563.705       4255.438       -411.230    0.000  -0.055   0.152   0.
  2017 352 23  6 17 493 352.962702468      -5.81      1.65     -2.08  0.       -5563.375       4253.893       -413.017    0.000  -0.055   0.152   0.
  2017 352 23  6 18 493 352.962714042      -5.69      1.65     -2.13  0.       -5563.044       4252.348       -414.804    0.000  -0.056   0.153   0.
  2017 352 23  6 19 493 352.962725616      -5.71      1.74     -2.10  0.       -5562.713       4250.803       -416.590    0.000  -0.056   0.153   0.
  2017 352 23  6 20 493 352.962737190      -5.66      1.80     -2.17  0.       -5562.381       4249.257       -418.377    0.000  -0.056   0.153   0.
  2017 352 23  6 21 493 352.962748764      -5.69      1.78     -2.20  0.       -5562.049       4247.711       -420.164    0.000  -0.056   0.153   0.
  2017 352 23  6 22 493 352.962760339      -5.70      1.85     -2.26  0.       -5561.715       4246.164       -421.950    0.000  -0.056   0.153   0.
  2017 352 23  6 23 493 352.962771913      -5.76      1.85     -2.25  0.       -5561.381       4244.617       -423.737    0.000  -0.056   0.153   0.
  2017 352 23  6 24 493 352.962783487      -5.78      1.84     -2.33  0.       -5561.047       4243.069       -425.523    0.000  -0.056   0.153   0.
  2017 352 23  6 25 493 352.962795061      -5.80      1.90     -2.36  0.       -5560.711       4241.520       -427.310    0.000  -0.056   0.153   0.
  2017 352 23  6 26 493 352.962806635      -5.79      1.85     -2.40  0.       -5560.375       4239.971       -429.096    0.000  -0.055   0.152   0.
  2017 352 23  6 27 493 352.962818209      -5.81      1.83     -2.46  0.       -5560.038       4238.422       -430.883    0.000  -0.055   0.152   0.
  2017 352 23  6 28 493 352.962829783      -5.75      1.85     -2.47  0.       -5559.701       4236.871       -432.669    0.000  -0.056   0.153   0.
  2017 352 23  6 29 493 352.962841357      -5.73      1.76     -2.55  0.       -5559.363       4235.321       -434.455    0.000  -0.056   0.153   0.
  2017 352 23  6 30 493 352.962852931      -5.72      1.70     -2.54  0.       -5559.024       4233.770       -436.241    0.000  -0.056   0.153   0.
  2017 352 23  6 31 493 352.962864505      -5.71      1.64     -2.52  0.       -5558.684       4232.218       -438.027    0.000  -0.056   0.153   0.
  2017 352 23  6 32 493 352.962876079      -5.76      1.62     -2.41  0.       -5558.344       4230.666       -439.813    0.000  -0.055   0.152   0.
  2017 352 23  6 33 493 352.962887653      -5.78      1.56     -2.33  0.       -5558.003       4229.113       -441.599    0.000  -0.055   0.152   0.
  2017 352 23  6 34 493 352.962899227      -5.83      1.55     -2.23  0.       -5557.662       4227.560       -443.385    0.000  -0.055   0.152   0.
  2017 352 23  6 35 493 352.962910802      -5.82      1.49     -2.20  0.       -5557.319       4226.006       -445.171    0.000  -0.055   0.152   0.
  2017 352 23  6 36 493 352.962922376      -5.86      1.47     -2.09  0.       -5556.976       4224.452       -446.957    0.000  -0.056   0.153   0.
  2017 352 23  6 37 493 352.962933950      -5.82      1.49     -2.04  0.       -5556.632       4222.897       -448.743    0.000  -0.056   0.153   0.
  2017 352 23  6 38 493 352.962945524      -5.83      1.54     -1.97  0.       -5556.288       4221.342       -450.528    0.000  -0.056   0.153   0.
  2017 352 23  6 39 493 352.962957098      -5.81      1.52     -2.07  0.       -5555.943       4219.786       -452.314    0.000  -0.056   0.153   0.
  2017 352 23  6 40 493 352.962968672      -5.82      1.54     -2.10  0.       -5555.597       4218.229       -454.099    0.000  -0.055   0.152   0.
  2017 352 23  6 41 493 352.962980246      -5.76      1.55     -2.19  0.       -5555.251       4216.672       -455.885    0.000  -0.055   0.152   0.
  2017 352 23  6 42 493 352.962991820      -5.79      1.62     -2.19  0.       -5554.904       4215.115       -457.671    0.000  -0.055   0.152   0.
  2017 352 23  6 43 493 352.963003394      -5.74      1.63     -2.24  0.       -5554.556       4213.557       -459.456    0.000  -0.055   0.152   0.
  2017 352 23  6 44 493 352.963014968      -5.76      1.58     -2.24  0.       -5554.207       4211.998       -461.241    0.000  -0.056   0.153   0.
  2017 352 23  6 45 493 352.963026541      -5.72      1.56     -2.29  0.       -5553.858       4210.439       -463.027    0.000  -0.056   0.153   0.
  2017 352 23  6 46 493 352.963038113      -5.72      1.53     -2.26  0.       -5553.508       4208.880       -464.812    0.000  -0.055   0.152   0.
  2017 352 23  6 47 493 352.963049687      -5.66      1.50     -2.25  0.       -5553.157       4207.320       -466.597    0.000  -0.055   0.152   0.
  2017 352 23  6 48 492 352.963061262      -5.70      1.56     -2.22  0.       -5552.806       4205.759       -468.382    0.000  -0.055   0.152   0.
  2017 352 23  6 49 492 352.963072836      -5.64      1.66     -2.17  0.       -5552.453       4204.198       -470.167    0.000  -0.055   0.152   0.
  2017 352 23  6 50 493 352.963084410      -5.70      1.73     -2.12  0.       -5552.101       4202.636       -471.952    0.000  -0.055   0.152   0.
  2017 352 23  6 51 493 352.963095984      -5.64      1.73     -2.19  0.       -5551.748       4201.074       -473.737    0.000  -0.055   0.152   0.
  2017 352 23  6 52 493 352.963107558      -5.67      1.62     -2.19  0.       -5551.393       4199.511       -475.522    0.000  -0.056   0.153   0.
  2017 352 23  6 53 493 352.963119132      -5.65      1.50     -2.20  0.       -5551.038       4197.948       -477.307    0.000  -0.056   0.153   0.
  2017 352 23  6 54 492 352.963130706      -5.64      1.55     -2.22  0.       -5550.683       4196.384       -479.092    0.000  -0.056   0.153   0.
  2017 352 23  6 55 492 352.963142280      -5.59      1.55     -2.28  0.       -5550.327       4194.819       -480.876    0.000  -0.056   0.153   0.
  2017 352 23  6 56 492 352.963153854      -5.59      1.74     -2.23  0.       -5549.970       4193.255       -482.661    0.000  -0.056   0.153   0.
  2017 352 23  6 57 492 352.963165428      -5.61      1.81     -2.23  0.       -5549.612       4191.689       -484.446    0.000  -0.056   0.153   0.
  2017 352 23  6 58 492 352.963177002      -5.69      1.77     -2.27  0.       -5549.254       4190.123       -486.230    0.000  -0.056   0.153   0.
  2017 352 23  6 59 493 352.963188576      -5.70      1.75     -2.39  0.       -5548.894       4188.557       -488.015    0.000  -0.056   0.153   0.
  2017 352 23  7  0 493 352.963200150      -5.73      1.63     -2.46  0.       -5548.535       4186.990       -489.799    0.000  -0.055   0.152   0.
  2017 352 23  7  1 492 352.963211725      -5.72      1.59     -2.51  0.       -5548.174       4185.422       -491.583    0.000  -0.055   0.152   0.
  2017 352 23  7  2 492 352.963223299      -5.68      1.68     -2.48  0.       -5547.813       4183.854       -493.368    0.000  -0.056   0.153   0.
  2017 352 23  7  3 493 352.963234873      -5.69      1.68     -2.52  0.       -5547.451       4182.285       -495.152    0.000  -0.056   0.153   0.
  2017 352 23  7  4 493 352.963246447      -5.70      1.71     -2.54  0.       -5547.089       4180.716       -496.936    0.000  -0.056   0.153   0.
  2017 352 23  7  5 493 352.963258021      -5.74      1.71     -2.50  0.       -5546.725       4179.147       -498.720    0.000  -0.056   0.153   0.
  2017 352 23  7  6 493 352.963269595      -5.73      1.67     -2.57  0.       -5546.361       4177.577       -500.504    0.000  -0.055   0.152   0.
  2017 352 23  7  7 493 352.963281169      -5.77      1.61     -2.58  0.       -5545.997       4176.006       -502.288    0.000  -0.055   0.152   0.
  2017 352 23  7  8 492 352.963292743      -5.79      1.64     -2.56  0.       -5545.631       4174.435       -504.072    0.000  -0.056   0.153   0.
  2017 352 23  7  9 492 352.963304317      -5.84      1.60     -2.51  0.       -5545.265       4172.863       -505.856    0.000  -0.056   0.153   0.
  2017 352 23  7 10 492 352.963315891      -5.90      1.59     -2.54  0.       -5544.898       4171.291       -507.639    0.000  -0.055   0.152   0.
  2017 352 23  7 11 492 352.963327465      -5.98      1.62     -2.43  0.       -5544.531       4169.718       -509.423    0.000  -0.055   0.152   0.
  2017 352 23  7 12 492 352.963339039      -5.95      1.61     -2.43  0.       -5544.162       4168.144       -511.207    0.000  -0.056   0.153   0.
  2017 352 23  7 13 493 352.963350613      -6.01      1.70     -2.30  0.       -5543.794       4166.570       -512.990    0.000  -0.056   0.153   0.
  2017 352 23  7 14 493 352.963362188      -5.96      1.70     -2.27  0.       -5543.424       4164.996       -514.774    0.000  -0.056   0.153   0.
  2017 352 23  7 15 492 352.963373761      -6.01      1.72     -2.16  0.       -5543.054       4163.421       -516.557    0.000  -0.056   0.153   0.
  2017 352 23  7 16 492 352.963385333      -6.01      1.64     -2.12  0.       -5542.683       4161.845       -518.341    0.000  -0.055   0.152   0.
  2017 352 23  7 17 492 352.963396907      -6.04      1.62     -2.08  0.       -5542.311       4160.269       -520.124    0.000  -0.055   0.152   0.
  2017 352 23  7 18 492 352.963408481      -6.06      1.55     -2.08  0.       -5541.938       4158.693       -521.907    0.000  -0.056   0.153   0.
  2017 352 23  7 19 492 352.963420055      -6.07      1.55     -2.08  0.       -5541.565       4157.116       -523.690    0.000  -0.056   0.153   0.
  2017 352 23  7 20 492 352.963431629      -6.07      1.53     -2.08  0.       -5541.191       4155.538       -525.473    0.000  -0.056   0.153   0.
  2017 352 23  7 21 492 352.963443203      -6.08      1.51     -2.12  0.       -5540.817       4153.960       -527.256    0.000  -0.056   0.153   0.
  2017 352 23  7 22 492 352.963454777      -6.08      1.53     -2.07  0.       -5540.441       4152.381       -529.039    0.000  -0.055   0.152   0.
  2017 352 23  7 23 492 352.963466351      -6.04      1.52     -2.24  0.       -5540.065       4150.802       -530.822    0.000  -0.055   0.152   0.
  2017 352 23  7 24 492 352.963477925      -6.09      1.45     -2.33  0.       -5539.689       4149.222       -532.605    0.000  -0.056   0.153   0.
  2017 352 23  7 25 492 352.963489499      -6.04      1.35     -2.41  0.       -5539.311       4147.642       -534.388    0.000  -0.056   0.153   0.
  2017 352 23  7 26 492 352.963501073      -6.06      1.36     -2.41  0.       -5538.933       4146.061       -536.171    0.000  -0.056   0.153   0.
  2017 352 23  7 27 492 352.963512648      -6.03      1.35     -2.46  0.       -5538.554       4144.480       -537.953    0.000  -0.056   0.153   0.
  2017 352 23  7 28 492 352.963524222      -6.01      1.36     -2.42  0.       -5538.175       4142.898       -539.736    0.000  -0.055   0.152   0.
  2017 352 23  7 29 492 352.963535796      -6.02      1.32     -2.44  0.       -5537.794       4141.316       -541.518    0.000  -0.055   0.152   0.
  2017 352 23  7 30 492 352.963547370      -6.05      1.18     -2.46  0.       -5537.413       4139.733       -543.301    0.000  -0.055   0.152   0.
  2017 352 23  7 31 492 352.963558944      -6.01      1.12     -2.46  0.       -5537.032       4138.149       -545.083    0.000  -0.055   0.152   0.
  2017 352 23  7 32 492 352.963570518      -5.98      1.16     -2.51  0.       -5536.649       4136.565       -546.865    0.000  -0.056   0.153   0.
  2017 352 23  7 33 492 352.963582092      -6.00      1.22     -2.48  0.       -5536.266       4134.981       -548.647    0.000  -0.056   0.153   0.
  2017 352 23  7 34 492 352.963593666      -5.94      1.20     -2.50  0.       -5535.883       4133.396       -550.430    0.000  -0.056   0.153   0.
  2017 352 23  7 35 492 352.963605240      -5.98      1.22     -2.46  0.       -5535.498       4131.810       -552.212    0.000  -0.056   0.153   0.
  2017 352 23  7 36 492 352.963616814      -5.93      1.22     -2.47  0.       -5535.113       4130.224       -553.994    0.000  -0.056   0.153   0.
  2017 352 23  7 37 492 352.963628388      -5.96      1.30     -2.40  0.       -5534.727       4128.637       -555.775    0.000  -0.056   0.153   0.
  2017 352 23  7 38 492 352.963639962      -5.91      1.32     -2.46  0.       -5534.340       4127.050       -557.557    0.000  -0.056   0.153   0.
  2017 352 23  7 39 492 352.963651536      -5.94      1.32     -2.44  0.       -5533.953       4125.463       -559.339    0.000  -0.056   0.153   0.
  2017 352 23  7 40 492 352.963663111      -5.97      1.29     -2.43  0.       -5533.565       4123.874       -561.121    0.000  -0.056   0.153   0.
  2017 352 23  7 41 492 352.963674685      -5.98      1.27     -2.42  0.       -5533.176       4122.285       -562.902    0.000  -0.056   0.153   0.
  2017 352 23  7 42 492 352.963686259      -6.05      1.24     -2.37  0.       -5532.786       4120.696       -564.684    0.000  -0.056   0.153   0.
  2017 352 23  7 43 492 352.963697833      -6.06      1.24     -2.30  0.       -5532.396       4119.106       -566.466    0.000  -0.056   0.153   0.
  2017 352 23  7 44 492 352.963709407      -6.17      1.25     -2.22  0.       -5532.005       4117.516       -568.247    0.000  -0.056   0.153   0.
  2017 352 23  7 45 492 352.963720980      -6.16      1.24     -2.27  0.       -5531.613       4115.925       -570.028    0.000  -0.056   0.153   0.
  2017 352 23  7 46 492 352.963732552      -6.20      1.23     -2.34  0.       -5531.221       4114.333       -571.809    0.000  -0.056   0.153   0.
  2017 352 23  7 47 492 352.963744126      -6.15      1.17     -2.42  0.       -5530.828       4112.742       -573.591    0.000  -0.056   0.153   0.
  2017 352 23  7 48 492 352.963755700      -6.14      1.22     -2.47  0.       -5530.434       4111.149       -575.372    0.000  -0.055   0.152   0.
  2017 352 23  7 49 492 352.963767274      -6.14      1.19     -2.46  0.       -5530.040       4109.556       -577.153    0.000  -0.055   0.152   0.
  2017 352 23  7 50 492 352.963778848      -6.12      1.15     -2.49  0.       -5529.644       4107.962       -578.934    0.000  -0.056   0.153   0.
  2017 352 23  7 51 492 352.963790422      -6.16      1.10     -2.44  0.       -5529.248       4106.368       -580.715    0.000  -0.056   0.153   0.
  2017 352 23  7 52 492 352.963801996      -6.08      1.18     -2.35  0.       -5528.852       4104.774       -582.495    0.000  -0.056   0.153   0.
  2017 352 23  7 53 492 352.963813571      -6.09      1.15     -2.28  0.       -5528.454       4103.178       -584.276    0.000  -0.056   0.153   0.
  2017 352 23  7 54 492 352.963825145      -6.09      1.03     -2.30  0.       -5528.056       4101.583       -586.057    0.000  -0.056   0.153   0.
  2017 352 23  7 55 492 352.963836719      -6.08      1.05     -2.24  0.       -5527.657       4099.987       -587.837    0.000  -0.056   0.153   0.
  2017 352 23  7 56 492 352.963848293      -6.12      1.02     -2.21  0.       -5527.258       4098.390       -589.618    0.000  -0.056   0.153   0.
  2017 352 23  7 57 492 352.963859867      -6.06      1.05     -2.19  0.       -5526.858       4096.792       -591.398    0.000  -0.056   0.153   0.
  2017 352 23  7 58 492 352.963871441      -6.09      1.08     -2.14  0.       -5526.457       4095.195       -593.179    0.000  -0.055   0.152   0.
  2017 352 23  7 59 492 352.963883015      -6.04      1.10     -2.13  0.       -5526.055       4093.596       -594.959    0.000  -0.055   0.152   0.
  2017 352 23  8  0 492 352.963894589      -6.06      1.10     -2.14  0.       -5525.652       4091.997       -596.739    0.000  -0.056   0.153   0.
  2017 352 23  8  1 492 352.963906163      -6.05      1.09     -2.17  0.       -5525.249       4090.398       -598.519    0.000  -0.056   0.153   0.
  2017 352 23  8  2 492 352.963917737      -6.04      1.13     -2.24  0.       -5524.845       4088.798       -600.299    0.000  -0.055   0.152   0.
  2017 352 23  8  3 492 352.963929311      -6.08      1.13     -2.28  0.       -5524.441       4087.197       -602.079    0.000  -0.055   0.152   0.
  2017 352 23  8  4 492 352.963940885      -6.02      1.22     -2.32  0.       -5524.036       4085.596       -603.859    0.000  -0.056   0.153   0.
  2017 352 23  8  5 492 352.963952459      -6.08      1.25     -2.32  0.       -5523.630       4083.995       -605.639    0.000  -0.056   0.153   0.
  2017 352 23  8  6 492 352.963964034      -6.07      1.30     -2.31  0.       -5523.223       4082.393       -607.418    0.000  -0.056   0.153   0.
  2017 352 23  8  7 492 352.963975608      -6.06      1.31     -2.39  0.       -5522.815       4080.790       -609.198    0.000  -0.056   0.153   0.
  2017 352 23  8  8 492 352.963987182      -6.05      1.28     -2.43  0.       -5522.407       4079.187       -610.978    0.000  -0.056   0.153   0.
  2017 352 23  8  9 492 352.963998756      -5.98      1.40     -2.45  0.       -5521.998       4077.583       -612.757    0.000  -0.056   0.153   0.
  2017 352 23  8 10 492 352.964010330      -5.97      1.51     -2.42  0.       -5521.589       4075.979       -614.536    0.000  -0.056   0.153   0.
  2017 352 23  8 11 492 352.964021904      -5.94      1.54     -2.48  0.       -5521.178       4074.374       -616.316    0.000  -0.056   0.153   0.
  2017 352 23  8 12 492 352.964033478      -5.96      1.52     -2.41  0.       -5520.767       4072.769       -618.095    0.000  -0.056   0.153   0.
  2017 352 23  8 13 492 352.964045052      -5.96      1.43     -2.30  0.       -5520.355       4071.163       -619.874    0.000  -0.056   0.153   0.
  2017 352 23  8 14 492 352.964056626      -5.94      1.48     -2.25  0.       -5519.943       4069.557       -621.653    0.000  -0.056   0.153   0.
  2017 352 23  8 15 492 352.964068199      -6.01      1.40     -2.22  0.       -5519.530       4067.950       -623.432    0.000  -0.056   0.153   0.
  2017 352 23  8 16 492 352.964079771      -6.00      1.32     -2.21  0.       -5519.116       4066.342       -625.211    0.000  -0.055   0.152   0.
  2017 352 23  8 17 492 352.964091345      -6.02      1.31     -2.19  0.       -5518.701       4064.734       -626.990    0.000  -0.055   0.152   0.
  2017 352 23  8 18 492 352.964102920      -6.07      1.32     -2.18  0.       -5518.285       4063.126       -628.769    0.000  -0.055   0.152   0.
  2017 352 23  8 19 492 352.964114494      -6.03      1.30     -2.17  0.       -5517.869       4061.517       -630.547    0.000  -0.055   0.152   0.
  2017 352 23  8 20 492 352.964126068      -6.14      1.25     -2.24  0.       -5517.452       4059.907       -632.326    0.000  -0.056   0.153   0.
  2017 352 23  8 21 492 352.964137642      -6.13      1.20     -2.27  0.       -5517.035       4058.297       -634.104    0.000  -0.056   0.153   0.
  2017 352 23  8 22 492 352.964149216      -6.07      1.22     -2.32  0.       -5516.617       4056.686       -635.883    0.000  -0.056   0.153   0.
  2017 352 23  8 23 492 352.964160790      -6.05      1.26     -2.37  0.       -5516.197       4055.075       -637.661    0.000  -0.056   0.153   0.
  2017 352 23  8 24 492 352.964172364      -5.94      1.30     -2.44  0.       -5515.778       4053.464       -639.439    0.000  -0.055   0.152   0.
  2017 352 23  8 25 492 352.964183938      -5.93      1.31     -2.51  0.       -5515.357       4051.851       -641.217    0.000  -0.055   0.152   0.
  2017 352 23  8 26 492 352.964195512      -5.94      1.30     -2.63  0.       -5514.936       4050.239       -642.995    0.000  -0.056   0.153   0.
  2017 352 23  8 27 492 352.964207086      -5.87      1.43     -2.69  0.       -5514.514       4048.625       -644.773    0.000  -0.056   0.153   0.
  2017 352 23  8 28 492 352.964218660      -5.82      1.60     -2.72  0.       -5514.091       4047.012       -646.551    0.000  -0.056   0.153   0.
  2017 352 23  8 29 492 352.964230234      -5.77      1.72     -2.82  0.       -5513.668       4045.397       -648.329    0.000  -0.056   0.153   0.
  2017 352 23  8 30 492 352.964241808      -5.73      1.69     -2.89  0.       -5513.244       4043.782       -650.107    0.000  -0.055   0.152   0.
  2017 352 23  8 31 492 352.964253383      -5.79      1.64     -2.85  0.       -5512.819       4042.167       -651.885    0.000  -0.055   0.152   0.
  2017 352 23  8 32 492 352.964264957      -5.84      1.57     -2.79  0.       -5512.393       4040.551       -653.662    0.000  -0.056   0.153   0.
  2017 352 23  8 33 492 352.964276531      -5.84      1.58     -2.74  0.       -5511.967       4038.934       -655.439    0.000  -0.056   0.153   0.
  2017 352 23  8 34 492 352.964288105      -5.82      1.57     -2.76  0.       -5511.540       4037.317       -657.217    0.000  -0.056   0.153   0.
  2017 352 23  8 35 492 352.964299679      -5.82      1.59     -2.76  0.       -5511.112       4035.700       -658.994    0.000  -0.056   0.153   0.
  2017 352 23  8 36 492 352.964311253      -5.86      1.60     -2.76  0.       -5510.684       4034.081       -660.771    0.000  -0.055   0.152   0.
  2017 352 23  8 37 492 352.964322827      -5.83      1.57     -2.78  0.       -5510.254       4032.463       -662.548    0.000  -0.055   0.152   0.
  2017 352 23  8 38 492 352.964334401      -5.87      1.52     -2.76  0.       -5509.824       4030.844       -664.325    0.000  -0.056   0.153   0.
  2017 352 23  8 39 492 352.964345975      -5.90      1.51     -2.74  0.       -5509.394       4029.224       -666.102    0.000  -0.056   0.153   0.
  2017 352 23  8 40 492 352.964357549      -5.86      1.45     -2.77  0.       -5508.962       4027.604       -667.879    0.000  -0.056   0.153   0.
  2017 352 23  8 41 492 352.964369123      -5.87      1.45     -2.74  0.       -5508.530       4025.983       -669.656    0.000  -0.056   0.153   0.
  2017 352 23  8 42 492 352.964380697      -5.86      1.40     -2.73  0.       -5508.097       4024.361       -671.433    0.000  -0.056   0.153   0.
  2017 352 23  8 43 492 352.964392271      -5.87      1.41     -2.76  0.       -5507.663       4022.740       -673.209    0.000  -0.056   0.153   0.
  2017 352 23  8 44 492 352.964403845      -5.91      1.36     -2.72  0.       -5507.229       4021.117       -674.986    0.000  -0.056   0.153   0.
  2017 352 23  8 45 492 352.964415418      -5.89      1.34     -2.74  0.       -5506.794       4019.494       -676.762    0.000  -0.056   0.153   0.
  2017 352 23  8 46 492 352.964426991      -5.92      1.32     -2.72  0.       -5506.358       4017.871       -678.538    0.000  -0.056   0.153   0.
  2017 352 23  8 47 492 352.964438565      -5.96      1.29     -2.66  0.       -5505.921       4016.247       -680.314    0.000  -0.056   0.153   0.
  2017 352 23  8 48 492 352.964450139      -5.93      1.23     -2.69  0.       -5505.484       4014.622       -682.091    0.000  -0.056   0.153   0.
  2017 352 23  8 49 492 352.964461713      -5.98      1.12     -2.72  0.       -5505.046       4012.997       -683.867    0.000  -0.056   0.153   0.
  2017 352 23  8 50 491 352.964473287      -6.00      1.08     -2.72  0.       -5504.607       4011.372       -685.643    0.000  -0.056   0.153   0.
  2017 352 23  8 51 491 352.964484861      -6.02      1.08     -2.66  0.       -5504.168       4009.745       -687.419    0.000  -0.056   0.153   0.
  2017 352 23  8 52 491 352.964496435      -6.13      1.04     -2.63  0.       -5503.728       4008.119       -689.194    0.000  -0.056   0.153   0.
  2017 352 23  8 53 491 352.964508009      -6.13      1.00     -2.54  0.       -5503.287       4006.491       -690.970    0.000  -0.056   0.153   0.
  2017 352 23  8 54 491 352.964519583      -6.14      0.98     -2.52  0.       -5502.845       4004.864       -692.745    0.000  -0.056   0.153   0.
  2017 352 23  8 55 492 352.964531157      -6.22      0.90     -2.55  0.       -5502.402       4003.235       -694.521    0.000  -0.056   0.153   0.
  2017 352 23  8 56 492 352.964542731      -6.24      0.83     -2.56  0.       -5501.959       4001.607       -696.296    0.000  -0.055   0.152   0.
  2017 352 23  8 57 491 352.964554306      -6.22      0.88     -2.49  0.       -5501.515       3999.977       -698.072    0.000  -0.055   0.152   0.
  2017 352 23  8 58 491 352.964565880      -6.25      0.89     -2.41  0.       -5501.071       3998.347       -699.847    0.000  -0.056   0.153   0.
  2017 352 23  8 59 492 352.964577454      -6.20      0.90     -2.40  0.       -5500.625       3996.717       -701.622    0.000  -0.056   0.153   0.
  2017 352 23  9  0 492 352.964589028      -6.22      0.95     -2.42  0.       -5500.179       3995.086       -703.397    0.000  -0.056   0.153   0.
  2017 352 23  9  1 492 352.964600602      -6.26      0.95     -2.43  0.       -5499.732       3993.455       -705.172    0.000  -0.056   0.153   0.
  2017 352 23  9  2 492 352.964612176      -6.22      0.99     -2.42  0.       -5499.285       3991.823       -706.947    0.000  -0.056   0.153   0.
  2017 352 23  9  3 491 352.964623750      -6.25      1.00     -2.42  0.       -5498.836       3990.190       -708.721    0.000  -0.056   0.153   0.
  2017 352 23  9  4 491 352.964635324      -6.28      0.98     -2.42  0.       -5498.387       3988.557       -710.496    0.000  -0.056   0.153   0.
  2017 352 23  9  5 491 352.964646898      -6.24      1.00     -2.47  0.       -5497.937       3986.923       -712.271    0.000  -0.056   0.153   0.
  2017 352 23  9  6 491 352.964658472      -6.28      1.01     -2.45  0.       -5497.487       3985.289       -714.045    0.000  -0.056   0.153   0.
  2017 352 23  9  7 491 352.964670046      -6.30      1.03     -2.45  0.       -5497.036       3983.654       -715.819    0.000  -0.056   0.153   0.
  2017 352 23  9  8 492 352.964681620      -6.27      1.04     -2.43  0.       -5496.583       3982.019       -717.594    0.000  -0.056   0.153   0.
  2017 352 23  9  9 492 352.964693194      -6.28      1.07     -2.42  0.       -5496.131       3980.383       -719.368    0.000  -0.056   0.153   0.
  2017 352 23  9 10 491 352.964704769      -6.27      1.03     -2.39  0.       -5495.677       3978.747       -721.142    0.000  -0.056   0.153   0.
  2017 352 23  9 11 491 352.964716343      -6.25      1.04     -2.38  0.       -5495.223       3977.110       -722.916    0.000  -0.056   0.153   0.
  2017 352 23  9 12 492 352.964727917      -6.30      1.02     -2.36  0.       -5494.768       3975.472       -724.690    0.000  -0.056   0.153   0.
  2017 352 23  9 13 492 352.964739491      -6.26      0.95     -2.35  0.       -5494.312       3973.834       -726.463    0.000  -0.056   0.153   0.
  2017 352 23  9 14 492 352.964751065      -6.22      0.92     -2.35  0.       -5493.856       3972.196       -728.237    0.000  -0.056   0.153   0.
  2017 352 23  9 15 492 352.964762639      -6.28      0.89     -2.31  0.       -5493.398       3970.557       -730.010    0.000  -0.056   0.153   0.
  2017 352 23  9 16 492 352.964774213      -6.24      0.94     -2.26  0.       -5492.940       3968.917       -731.784    0.000  -0.056   0.153   0.
  2017 352 23  9 17 491 352.964785786      -6.23      0.98     -2.25  0.       -5492.482       3967.277       -733.557    0.000  -0.056   0.153   0.
  2017 352 23  9 18 491 352.964797358      -6.26      1.03     -2.16  0.       -5492.022       3965.637       -735.331    0.000  -0.056   0.153   0.
  2017 352 23  9 19 491 352.964808932      -6.24      1.05     -2.19  0.       -5491.562       3963.995       -737.104    0.000  -0.056   0.153   0.
  2017 352 23  9 20 491 352.964820506      -6.25      1.07     -2.19  0.       -5491.101       3962.354       -738.877    0.000  -0.055   0.152   0.
  2017 352 23  9 21 491 352.964832080      -6.29      1.10     -2.18  0.       -5490.639       3960.712       -740.650    0.000  -0.055   0.152   0.
  2017 352 23  9 22 491 352.964843655      -6.29      1.12     -2.17  0.       -5490.177       3959.069       -742.423    0.000  -0.056   0.153   0.
  2017 352 23  9 23 491 352.964855229      -6.25      1.15     -2.13  0.       -5489.714       3957.425       -744.195    0.000  -0.056   0.153   0.
  2017 352 23  9 24 491 352.964866803      -6.31      1.01     -2.06  0.       -5489.250       3955.782       -745.968    0.000  -0.056   0.153   0.
  2017 352 23  9 25 491 352.964878377      -6.31      0.91     -2.02  0.       -5488.785       3954.137       -747.740    0.000  -0.056   0.153   0.
  2017 352 23  9 26 491 352.964889951      -6.31      0.87     -2.00  0.       -5488.320       3952.492       -749.513    0.000  -0.056   0.153   0.
  2017 352 23  9 27 491 352.964901525      -6.34      0.87     -1.96  0.       -5487.854       3950.847       -751.285    0.000  -0.056   0.153   0.
  2017 352 23  9 28 491 352.964913099      -6.33      0.80     -1.91  0.       -5487.387       3949.201       -753.057    0.000  -0.056   0.153   0.
  2017 352 23  9 29 491 352.964924673      -6.30      0.77     -1.87  0.       -5486.919       3947.554       -754.830    0.000  -0.056   0.153   0.
  2017 352 23  9 30 491 352.964936247      -6.35      0.76     -1.82  0.       -5486.451       3945.907       -756.602    0.000  -0.056   0.153   0.
  2017 352 23  9 31 491 352.964947821      -6.37      0.71     -1.82  0.       -5485.982       3944.259       -758.374    0.000  -0.056   0.153   0.
  2017 352 23  9 32 491 352.964959395      -6.34      0.65     -1.89  0.       -5485.512       3942.611       -760.145    0.000  -0.056   0.153   0.
  2017 352 23  9 33 491 352.964970969      -6.37      0.57     -1.96  0.       -5485.041       3940.963       -761.917    0.000  -0.056   0.153   0.
  2017 352 23  9 34 491 352.964982543      -6.35      0.53     -1.98  0.       -5484.570       3939.313       -763.689    0.000  -0.056   0.153   0.
  2017 352 23  9 35 491 352.964994117      -6.33      0.40     -2.06  0.       -5484.097       3937.664       -765.460    0.000  -0.056   0.153   0.
  2017 352 23  9 36 491 352.965005692      -6.32      0.35     -2.17  0.       -5483.625       3936.013       -767.232    0.000  -0.056   0.153   0.
  2017 352 23  9 37 491 352.965017266      -6.27      0.34     -2.24  0.       -5483.151       3934.363       -769.003    0.000  -0.056   0.153   0.
  2017 352 23  9 38 491 352.965028840      -6.24      0.41     -2.38  0.       -5482.676       3932.711       -770.774    0.000  -0.055   0.152   0.
  2017 352 23  9 39 491 352.965040414      -6.24      0.42     -2.51  0.       -5482.201       3931.059       -772.545    0.000  -0.055   0.152   0.
  2017 352 23  9 40 491 352.965051988      -6.27      0.37     -2.49  0.       -5481.725       3929.407       -774.316    0.000  -0.056   0.153   0.
  2017 352 23  9 41 491 352.965063562      -6.29      0.39     -2.46  0.       -5481.249       3927.754       -776.087    0.000  -0.056   0.153   0.
  2017 352 23  9 42 491 352.965075136      -6.28      0.48     -2.47  0.       -5480.771       3926.100       -777.858    0.000  -0.056   0.153   0.
  2017 352 23  9 43 491 352.965086710      -6.35      0.50     -2.41  0.       -5480.293       3924.446       -779.629    0.000  -0.056   0.153   0.
  2017 352 23  9 44 491 352.965098284      -6.37      0.40     -2.35  0.       -5479.815       3922.792       -781.399    0.000  -0.056   0.153   0.
  2017 352 23  9 45 491 352.965109858      -6.40      0.30     -2.29  0.       -5479.335       3921.136       -783.169    0.000  -0.056   0.153   0.
  2017 352 23  9 46 491 352.965121432      -6.40      0.38     -2.17  0.       -5478.854       3919.481       -784.940    0.000  -0.056   0.153   0.
  2017 352 23  9 47 491 352.965133005      -6.40      0.50     -2.07  0.       -5478.373       3917.825       -786.710    0.000  -0.056   0.153   0.
  2017 352 23  9 48 491 352.965144578      -6.35      0.65     -1.99  0.       -5477.891       3916.168       -788.480    0.000  -0.055   0.152   0.
  2017 352 23  9 49 491 352.965156152      -6.36      0.76     -1.98  0.       -5477.409       3914.510       -790.250    0.000  -0.055   0.152   0.
  2017 352 23  9 50 491 352.965167726      -6.36      0.81     -1.95  0.       -5476.925       3912.853       -792.020    0.000  -0.056   0.153   0.
  2017 352 23  9 51 491 352.965179300      -6.39      0.81     -1.97  0.       -5476.441       3911.194       -793.790    0.000  -0.056   0.153   0.
  2017 352 23  9 52 491 352.965190874      -6.39      0.82     -2.07  0.       -5475.956       3909.535       -795.560    0.000  -0.056   0.153   0.
  2017 352 23  9 53 491 352.965202448      -6.42      0.84     -2.04  0.       -5475.471       3907.876       -797.329    0.000  -0.056   0.153   0.
  2017 352 23  9 54 491 352.965214022      -6.45      0.89     -2.05  0.       -5474.984       3906.216       -799.099    0.000  -0.056   0.153   0.
  2017 352 23  9 55 491 352.965225596      -6.42      0.96     -2.08  0.       -5474.497       3904.556       -800.868    0.000  -0.056   0.153   0.
  2017 352 23  9 56 491 352.965237170      -6.45      0.95     -2.07  0.       -5474.009       3902.894       -802.637    0.000  -0.055   0.152   0.
  2017 352 23  9 57 491 352.965248744      -6.47      0.94     -2.10  0.       -5473.520       3901.233       -804.406    0.000  -0.055   0.152   0.
  2017 352 23  9 58 491 352.965260318      -6.44      0.94     -2.12  0.       -5473.031       3899.571       -806.175    0.000  -0.056   0.153   0.
  2017 352 23  9 59 491 352.965271892      -6.43      0.96     -2.12  0.       -5472.541       3897.908       -807.944    0.000  -0.056   0.153   0.
  2017 352 23 10  0 491 352.965283466      -6.42      0.98     -2.10  0.       -5472.050       3896.245       -809.713    0.000  -0.056   0.153   0.
  2017 352 23 10  1 491 352.965295041      -6.44      0.96     -2.12  0.       -5471.558       3894.581       -811.482    0.000  -0.056   0.153   0.
  2017 352 23 10  2 491 352.965306615      -6.40      0.96     -2.12  0.       -5471.066       3892.917       -813.250    0.000  -0.055   0.152   0.
  2017 352 23 10  3 491 352.965318189      -6.39      0.95     -2.08  0.       -5470.572       3891.252       -815.019    0.000  -0.055   0.152   0.
  2017 352 23 10  4 491 352.965329763      -6.40      0.97     -1.99  0.       -5470.078       3889.587       -816.787    0.000  -0.056   0.153   0.
  2017 352 23 10  5 491 352.965341337      -6.42      0.98     -1.97  0.       -5469.584       3887.921       -818.555    0.000  -0.056   0.153   0.
  2017 352 23 10  6 491 352.965352911      -6.44      1.04     -2.00  0.       -5469.088       3886.254       -820.323    0.000  -0.055   0.152   0.
  2017 352 23 10  7 491 352.965364485      -6.46      1.09     -2.03  0.       -5468.592       3884.587       -822.091    0.000  -0.055   0.152   0.
  2017 352 23 10  8 491 352.965376059      -6.49      1.07     -2.06  0.       -5468.095       3882.920       -823.859    0.000  -0.056   0.153   0.
  2017 352 23 10  9 491 352.965387633      -6.49      1.05     -2.11  0.       -5467.597       3881.252       -825.627    0.000  -0.056   0.153   0.
  2017 352 23 10 10 491 352.965399207      -6.49      1.04     -2.15  0.       -5467.099       3879.583       -827.395    0.000  -0.056   0.153   0.
  2017 352 23 10 11 491 352.965410781      -6.50      1.04     -2.14  0.       -5466.599       3877.914       -829.162    0.000  -0.056   0.153   0.
  2017 352 23 10 12 491 352.965422355      -6.53      1.01     -2.12  0.       -5466.099       3876.244       -830.930    0.000  -0.056   0.153   0.
  2017 352 23 10 13 491 352.965433929      -6.48      1.00     -2.15  0.       -5465.599       3874.574       -832.697    0.000  -0.056   0.153   0.
  2017 352 23 10 14 491 352.965445504      -6.47      1.00     -2.16  0.       -5465.097       3872.903       -834.464    0.000  -0.056   0.153   0.
  2017 352 23 10 15 491 352.965457077      -6.50      1.01     -2.17  0.       -5464.595       3871.232       -836.231    0.000  -0.056   0.153   0.
  2017 352 23 10 16 491 352.965468652      -6.44      1.02     -2.16  0.       -5464.092       3869.560       -837.998    0.000  -0.056   0.153   0.
  2017 352 23 10 17 491 352.965480225      -6.40      1.04     -2.13  0.       -5463.588       3867.888       -839.765    0.000  -0.056   0.153   0.
  2017 352 23 10 18 491 352.965491797      -6.42      1.01     -2.16  0.       -5463.083       3866.215       -841.532    0.000  -0.056   0.153   0.
  2017 352 23 10 19 491 352.965503371      -6.37      1.02     -2.16  0.       -5462.578       3864.541       -843.298    0.000  -0.056   0.153   0.
  2017 352 23 10 20 491 352.965514945      -6.38      1.02     -2.17  0.       -5462.072       3862.867       -845.065    0.000  -0.056   0.153   0.
  2017 352 23 10 21 491 352.965526519      -6.36      1.03     -2.16  0.       -5461.565       3861.193       -846.831    0.000  -0.056   0.153   0.
  2017 352 23 10 22 491 352.965538093      -6.37      1.01     -2.21  0.       -5461.057       3859.518       -848.598    0.000  -0.055   0.152   0.
  2017 352 23 10 23 491 352.965549667      -6.31      1.09     -2.16  0.       -5460.549       3857.842       -850.364    0.000  -0.055   0.152   0.
  2017 352 23 10 24 491 352.965561241      -6.27      1.10     -2.21  0.       -5460.039       3856.166       -852.130    0.000  -0.055   0.152   0.
  2017 352 23 10 25 491 352.965572815      -6.23      1.13     -2.21  0.       -5459.529       3854.489       -853.896    0.000  -0.055   0.152   0.
  2017 352 23 10 26 491 352.965584389      -6.22      1.12     -2.24  0.       -5459.019       3852.812       -855.661    0.000  -0.055   0.152   0.
  2017 352 23 10 27 491 352.965595964      -6.21      1.15     -2.23  0.       -5458.507       3851.134       -857.427    0.000  -0.055   0.152   0.
  2017 352 23 10 28 491 352.965607538      -6.18      1.14     -2.20  0.       -5457.995       3849.456       -859.192    0.000  -0.056   0.153   0.
  2017 352 23 10 29 491 352.965619112      -6.14      1.14     -2.26  0.       -5457.482       3847.777       -860.958    0.000  -0.056   0.153   0.
  2017 352 23 10 30 491 352.965630686      -6.14      1.12     -2.31  0.       -5456.968       3846.098       -862.723    0.000  -0.056   0.153   0.
  2017 352 23 10 31 491 352.965642260      -6.11      1.10     -2.30  0.       -5456.454       3844.418       -864.488    0.000  -0.056   0.153   0.
  2017 352 23 10 32 491 352.965653834      -6.12      1.10     -2.32  0.       -5455.938       3842.737       -866.253    0.000  -0.055   0.152   0.
  2017 352 23 10 33 491 352.965665408      -6.11      1.13     -2.31  0.       -5455.422       3841.056       -868.018    0.000  -0.055   0.152   0.
  2017 352 23 10 34 491 352.965676982      -6.10      1.13     -2.27  0.       -5454.905       3839.375       -869.783    0.000  -0.056   0.153   0.
  2017 352 23 10 35 491 352.965688556      -6.09      1.17     -2.28  0.       -5454.388       3837.692       -871.548    0.000  -0.056   0.153   0.
  2017 352 23 10 36 491 352.965700130      -6.07      1.15     -2.28  0.       -5453.869       3836.010       -873.312    0.000  -0.056   0.153   0.
  2017 352 23 10 37 491 352.965711704      -6.06      1.12     -2.36  0.       -5453.350       3834.327       -875.077    0.000  -0.056   0.153   0.
  2017 352 23 10 38 491 352.965723278      -6.07      1.10     -2.42  0.       -5452.830       3832.643       -876.841    0.000  -0.056   0.153   0.
  2017 352 23 10 39 491 352.965734852      -6.06      1.11     -2.42  0.       -5452.310       3830.959       -878.605    0.000  -0.056   0.153   0.
  2017 352 23 10 40 491 352.965746427      -6.03      1.12     -2.45  0.       -5451.788       3829.274       -880.369    0.000  -0.055   0.152   0.
  2017 352 23 10 41 491 352.965758001      -6.00      1.10     -2.49  0.       -5451.266       3827.589       -882.133    0.000  -0.055   0.152   0.
  2017 352 23 10 42 491 352.965769575      -5.97      1.04     -2.51  0.       -5450.743       3825.903       -883.897    0.000  -0.055   0.152   0.
  2017 352 23 10 43 491 352.965781149      -5.92      1.07     -2.45  0.       -5450.219       3824.216       -885.661    0.000  -0.055   0.152   0.
  2017 352 23 10 44 491 352.965792723      -5.89      1.02     -2.44  0.       -5449.695       3822.529       -887.424    0.000  -0.056   0.153   0.
  2017 352 23 10 45 491 352.965804297      -5.88      0.99     -2.46  0.       -5449.169       3820.842       -889.188    0.000  -0.056   0.153   0.
  2017 352 23 10 46 491 352.965815871      -5.85      0.97     -2.46  0.       -5448.643       3819.154       -890.951    0.000  -0.056   0.153   0.
  2017 352 23 10 47 490 352.965827444      -5.86      0.90     -2.44  0.       -5448.117       3817.465       -892.714    0.000  -0.056   0.153   0.
  2017 352 23 10 48 490 352.965839016      -5.86      0.86     -2.42  0.       -5447.589       3815.776       -894.477    0.000  -0.056   0.153   0.
  2017 352 23 10 49 490 352.965850590      -5.83      0.80     -2.52  0.       -5447.060       3814.086       -896.240    0.000  -0.056   0.153   0.
  2017 352 23 10 50 490 352.965862164      -5.74      0.77     -2.60  0.       -5446.531       3812.396       -898.003    0.000  -0.056   0.153   0.
  2017 352 23 10 51 491 352.965873738      -5.70      0.80     -2.65  0.       -5446.001       3810.705       -899.766    0.000  -0.056   0.153   0.
  2017 352 23 10 52 491 352.965885313      -5.68      0.90     -2.63  0.       -5445.471       3809.014       -901.528    0.000  -0.056   0.153   0.
  2017 352 23 10 53 490 352.965896887      -5.69      1.09     -2.58  0.       -5444.939       3807.322       -903.291    0.000  -0.056   0.153   0.
  2017 352 23 10 54 491 352.965908461      -5.67      1.24     -2.48  0.       -5444.407       3805.630       -905.053    0.000  -0.056   0.153   0.
  2017 352 23 10 55 491 352.965920035      -5.62      1.37     -2.41  0.       -5443.874       3803.937       -906.815    0.000  -0.056   0.153   0.
  2017 352 23 10 56 491 352.965931609      -5.63      1.43     -2.33  0.       -5443.340       3802.244       -908.577    0.000  -0.056   0.153   0.
  2017 352 23 10 57 491 352.965943183      -5.64      1.49     -2.26  0.       -5442.806       3800.550       -910.339    0.000  -0.056   0.153   0.
  2017 352 23 10 58 491 352.965954757      -5.69      1.56     -2.18  0.       -5442.270       3798.855       -912.101    0.000  -0.056   0.153   0.
  2017 352 23 10 59 490 352.965966331      -5.69      1.57     -2.14  0.       -5441.734       3797.160       -913.862    0.000  -0.056   0.153   0.
  2017 352 23 11  0 490 352.965977905      -5.70      1.60     -2.08  0.       -5441.197       3795.464       -915.624    0.000  -0.056   0.153   0.
  2017 352 23 11  1 490 352.965989479      -5.67      1.65     -1.99  0.       -5440.660       3793.768       -917.385    0.000  -0.056   0.153   0.
  2017 352 23 11  2 490 352.966001053      -5.64      1.76     -1.92  0.       -5440.121       3792.071       -919.146    0.000  -0.056   0.153   0.
  2017 352 23 11  3 490 352.966012627      -5.67      1.84     -1.86  0.       -5439.582       3790.374       -920.907    0.000  -0.056   0.153   0.
  2017 352 23 11  4 491 352.966024201      -5.67      1.90     -1.79  0.       -5439.042       3788.677       -922.668    0.000  -0.056   0.153   0.
  2017 352 23 11  5 491 352.966035775      -5.75      1.94     -1.72  0.       -5438.501       3786.978       -924.429    0.000  -0.056   0.153   0.
  2017 352 23 11  6 490 352.966047350      -5.78      1.96     -1.61  0.       -5437.960       3785.279       -926.190    0.000  -0.056   0.153   0.
  2017 352 23 11  7 490 352.966058924      -5.85      1.90     -1.57  0.       -5437.417       3783.580       -927.950    0.000  -0.056   0.153   0.
  2017 352 23 11  8 491 352.966070498      -5.85      1.92     -1.57  0.       -5436.874       3781.880       -929.711    0.000  -0.056   0.153   0.
  2017 352 23 11  9 491 352.966082072      -5.89      1.88     -1.52  0.       -5436.331       3780.180       -931.471    0.000  -0.056   0.153   0.
  2017 352 23 11 10 491 352.966093646      -5.92      1.89     -1.47  0.       -5435.786       3778.478       -933.231    0.000  -0.056   0.153   0.
  2017 352 23 11 11 491 352.966105220      -5.97      1.88     -1.50  0.       -5435.240       3776.777       -934.992    0.000  -0.056   0.153   0.
  2017 352 23 11 12 491 352.966116794      -5.98      1.85     -1.47  0.       -5434.694       3775.075       -936.752    0.000  -0.056   0.153   0.
  2017 352 23 11 13 490 352.966128368      -5.97      1.87     -1.44  0.       -5434.147       3773.372       -938.512    0.000  -0.056   0.153   0.
  2017 352 23 11 14 490 352.966139942      -5.99      1.86     -1.41  0.       -5433.599       3771.669       -940.271    0.000  -0.056   0.153   0.
  2017 352 23 11 15 490 352.966151516      -6.02      1.84     -1.39  0.       -5433.051       3769.965       -942.031    0.000  -0.056   0.153   0.
  2017 352 23 11 16 490 352.966163090      -6.06      1.81     -1.44  0.       -5432.501       3768.261       -943.789    0.000  -0.056   0.153   0.
  2017 352 23 11 17 491 352.966174663      -6.08      1.74     -1.43  0.       -5431.951       3766.556       -945.549    0.000  -0.056   0.153   0.
  2017 352 23 11 18 490 352.966186236      -6.10      1.72     -1.50  0.       -5431.400       3764.851       -947.308    0.000  -0.055   0.152   0.
  2017 352 23 11 19 490 352.966197810      -6.14      1.66     -1.49  0.       -5430.849       3763.145       -949.067    0.000  -0.055   0.152   0.
  2017 352 23 11 20 490 352.966209384      -6.18      1.64     -1.45  0.       -5430.296       3761.438       -950.826    0.000  -0.056   0.153   0.
  2017 352 23 11 21 490 352.966220958      -6.19      1.60     -1.47  0.       -5429.743       3759.731       -952.584    0.000  -0.056   0.153   0.
  2017 352 23 11 22 490 352.966232532      -6.22      1.53     -1.49  0.       -5429.189       3758.024       -954.343    0.000  -0.056   0.153   0.
  2017 352 23 11 23 490 352.966244106      -6.23      1.45     -1.51  0.       -5428.634       3756.316       -956.101    0.000  -0.056   0.153   0.
  2017 352 23 11 24 490 352.966255680      -6.20      1.43     -1.47  0.       -5428.078       3754.607       -957.860    0.000  -0.056   0.153   0.
  2017 352 23 11 25 490 352.966267254      -6.29      1.34     -1.54  0.       -5427.522       3752.898       -959.618    0.000  -0.056   0.153   0.
  2017 352 23 11 26 490 352.966278828      -6.32      1.34     -1.63  0.       -5426.965       3751.188       -961.376    0.000  -0.056   0.153   0.
  2017 352 23 11 27 490 352.966290402      -6.28      1.41     -1.63  0.       -5426.407       3749.478       -963.134    0.000  -0.056   0.153   0.
  2017 352 23 11 28 490 352.966301976      -6.27      1.39     -1.70  0.       -5425.848       3747.767       -964.891    0.000  -0.056   0.153   0.
  2017 352 23 11 29 490 352.966313550      -6.24      1.36     -1.75  0.       -5425.289       3746.056       -966.649    0.000  -0.056   0.153   0.
  2017 352 23 11 30 490 352.966325124      -6.28      1.32     -1.75  0.       -5424.728       3744.344       -968.406    0.000  -0.055   0.152   0.
  2017 352 23 11 31 490 352.966336698      -6.30      1.27     -1.79  0.       -5424.167       3742.632       -970.164    0.000  -0.055   0.152   0.
  2017 352 23 11 32 490 352.966348273      -6.33      1.25     -1.82  0.       -5423.605       3740.919       -971.921    0.000  -0.056   0.153   0.
  2017 352 23 11 33 490 352.966359847      -6.30      1.21     -1.85  0.       -5423.043       3739.205       -973.678    0.000  -0.056   0.153   0.
  2017 352 23 11 34 490 352.966371421      -6.27      1.17     -1.90  0.       -5422.479       3737.491       -975.435    0.000  -0.056   0.153   0.
  2017 352 23 11 35 490 352.966382995      -6.28      1.14     -1.92  0.       -5421.915       3735.777       -977.191    0.000  -0.056   0.153   0.
  2017 352 23 11 36 490 352.966394569      -6.32      1.05     -1.96  0.       -5421.350       3734.062       -978.948    0.000  -0.056   0.153   0.
  2017 352 23 11 37 490 352.966406143      -6.30      1.02     -1.94  0.       -5420.784       3732.346       -980.704    0.000  -0.056   0.153   0.
  2017 352 23 11 38 490 352.966417717      -6.32      0.99     -1.92  0.       -5420.218       3730.630       -982.461    0.000  -0.056   0.153   0.
  2017 352 23 11 39 490 352.966429291      -6.31      0.98     -1.88  0.       -5419.650       3728.913       -984.217    0.000  -0.056   0.153   0.
  2017 352 23 11 40 490 352.966440865      -6.34      0.94     -1.92  0.       -5419.082       3727.196       -985.973    0.000  -0.055   0.152   0.
  2017 352 23 11 41 490 352.966452439      -6.31      0.94     -1.98  0.       -5418.513       3725.478       -987.729    0.000  -0.055   0.152   0.
  2017 352 23 11 42 490 352.966464013      -6.34      0.93     -2.03  0.       -5417.943       3723.760       -989.484    0.000  -0.056   0.153   0.
  2017 352 23 11 43 490 352.966475587      -6.34      0.95     -2.02  0.       -5417.373       3722.041       -991.240    0.000  -0.056   0.153   0.
  2017 352 23 11 44 490 352.966487161      -6.39      0.96     -2.00  0.       -5416.801       3720.321       -992.995    0.000  -0.056   0.153   0.
  2017 352 23 11 45 490 352.966498736      -6.43      0.95     -2.02  0.       -5416.229       3718.601       -994.751    0.000  -0.056   0.153   0.
  2017 352 23 11 46 490 352.966510310      -6.42      0.98     -2.05  0.       -5415.656       3716.881       -996.506    0.000  -0.056   0.153   0.
  2017 352 23 11 47 490 352.966521883      -6.42      0.98     -2.06  0.       -5415.083       3715.159       -998.261    0.000  -0.056   0.153   0.
  2017 352 23 11 48 490 352.966533455      -6.42      0.97     -2.05  0.       -5414.508       3713.438      -1000.015    0.000  -0.056   0.153   0.
  2017 352 23 11 49 490 352.966545029      -6.43      0.92     -2.06  0.       -5413.933       3711.716      -1001.770    0.000  -0.056   0.153   0.
  2017 352 23 11 50 490 352.966556603      -6.40      0.90     -2.08  0.       -5413.357       3709.993      -1003.525    0.000  -0.056   0.153   0.
  2017 352 23 11 51 490 352.966568177      -6.41      0.88     -2.14  0.       -5412.780       3708.270      -1005.279    0.000  -0.056   0.153   0.
  2017 352 23 11 52 490 352.966579751      -6.41      0.83     -2.27  0.       -5412.202       3706.546      -1007.033    0.000  -0.056   0.153   0.
  2017 352 23 11 53 490 352.966591325      -6.38      0.87     -2.28  0.       -5411.624       3704.822      -1008.787    0.000  -0.056   0.153   0.
  2017 352 23 11 54 490 352.966602899      -6.38      0.84     -2.32  0.       -5411.045       3703.097      -1010.541    0.000  -0.056   0.153   0.
  2017 352 23 11 55 490 352.966614473      -6.36      0.88     -2.28  0.       -5410.465       3701.371      -1012.295    0.000  -0.056   0.153   0.
  2017 352 23 11 56 490 352.966626047      -6.35      0.87     -2.23  0.       -5409.884       3699.645      -1014.049    0.000  -0.056   0.153   0.
  2017 352 23 11 57 490 352.966637622      -6.33      0.80     -2.21  0.       -5409.302       3697.919      -1015.802    0.000  -0.056   0.153   0.
  2017 352 23 11 58 490 352.966649196      -6.33      0.79     -2.24  0.       -5408.720       3696.192      -1017.556    0.000  -0.056   0.153   0.
  2017 352 23 11 59 490 352.966660770      -6.29      0.80     -2.19  0.       -5408.136       3694.464      -1019.309    0.000  -0.056   0.153   0.
  2017 352 23 12  0 490 352.966672344      -6.28      0.82     -2.24  0.       -5407.552       3692.736      -1021.062    0.000  -0.055   0.152   0.
  2017 352 23 12  1 490 352.966683918      -6.29      0.83     -2.24  0.       -5406.968       3691.007      -1022.815    0.000  -0.055   0.152   0.
  2017 352 23 12  2 490 352.966695492      -6.28      0.84     -2.21  0.       -5406.382       3689.278      -1024.568    0.000  -0.055   0.152   0.
  2017 352 23 12  3 490 352.966707066      -6.22      0.86     -2.15  0.       -5405.796       3687.548      -1026.320    0.000  -0.055   0.152   0.
  2017 352 23 12  4 490 352.966718640      -6.21      0.84     -2.12  0.       -5405.209       3685.818      -1028.073    0.000  -0.056   0.153   0.
  2017 352 23 12  5 490 352.966730214      -6.23      0.78     -2.09  0.       -5404.620       3684.087      -1029.825    0.000  -0.056   0.153   0.
  2017 352 23 12  6 490 352.966741788      -6.20      0.82     -2.04  0.       -5404.032       3682.356      -1031.577    0.000  -0.056   0.153   0.
  2017 352 23 12  7 490 352.966753362      -6.18      0.88     -2.02  0.       -5403.442       3680.624      -1033.329    0.000  -0.056   0.153   0.
  2017 352 23 12  8 490 352.966764936      -6.18      0.94     -2.03  0.       -5402.852       3678.891      -1035.081    0.000  -0.056   0.153   0.
  2017 352 23 12  9 490 352.966776510      -6.20      1.00     -2.02  0.       -5402.261       3677.158      -1036.833    0.000  -0.056   0.153   0.
  2017 352 23 12 10 490 352.966788085      -6.19      1.09     -1.98  0.       -5401.668       3675.425      -1038.584    0.000  -0.056   0.153   0.
  2017 352 23 12 11 490 352.966799659      -6.20      1.13     -1.95  0.       -5401.076       3673.690      -1040.336    0.000  -0.056   0.153   0.
  2017 352 23 12 12 490 352.966811233      -6.20      1.15     -1.91  0.       -5400.482       3671.956      -1042.087    0.000  -0.055   0.152   0.
  2017 352 23 12 13 490 352.966822807      -6.20      1.20     -1.83  0.       -5399.888       3670.221      -1043.838    0.000  -0.055   0.152   0.
  2017 352 23 12 14 490 352.966834381      -6.25      1.19     -1.75  0.       -5399.293       3668.485      -1045.589    0.000  -0.056   0.153   0.
  2017 352 23 12 15 490 352.966845955      -6.30      1.11     -1.66  0.       -5398.697       3666.749      -1047.339    0.000  -0.056   0.153   0.
  2017 352 23 12 16 490 352.966857529      -6.36      1.03     -1.53  0.       -5398.100       3665.012      -1049.090    0.000  -0.056   0.153   0.
  2017 352 23 12 17 490 352.966869103      -6.41      1.08     -1.48  0.       -5397.502       3663.274      -1050.841    0.000  -0.056   0.153   0.
  2017 352 23 12 18 490 352.966880677      -6.47      1.05     -1.36  0.       -5396.904       3661.536      -1052.591    0.000  -0.056   0.153   0.
  2017 352 23 12 19 490 352.966892250      -6.46      1.06     -1.32  0.       -5396.305       3659.798      -1054.341    0.000  -0.056   0.153   0.
  2017 352 23 12 20 490 352.966903822      -6.52      1.08     -1.29  0.       -5395.705       3658.059      -1056.091    0.000  -0.056   0.153   0.
  2017 352 23 12 21 490 352.966915396      -6.57      0.99     -1.18  0.       -5395.104       3656.319      -1057.841    0.000  -0.056   0.153   0.
  2017 352 23 12 22 490 352.966926970      -6.58      0.97     -1.13  0.       -5394.502       3654.579      -1059.590    0.000  -0.056   0.153   0.
  2017 352 23 12 23 490 352.966938545      -6.62      0.90     -1.10  0.       -5393.900       3652.839      -1061.340    0.000  -0.056   0.153   0.
  2017 352 23 12 24 490 352.966950119      -6.54      0.96     -1.12  0.       -5393.297       3651.097      -1063.089    0.000  -0.056   0.153   0.
  2017 352 23 12 25 490 352.966961693      -6.52      1.04     -1.14  0.       -5392.693       3649.356      -1064.838    0.000  -0.056   0.153   0.
  2017 352 23 12 26 490 352.966973267      -6.46      1.18     -1.10  0.       -5392.088       3647.613      -1066.587    0.000  -0.056   0.153   0.
  2017 352 23 12 27 490 352.966984841      -6.49      1.23     -1.02  0.       -5391.483       3645.870      -1068.336    0.000  -0.056   0.153   0.
  2017 352 23 12 28 490 352.966996415      -6.46      1.34     -0.99  0.       -5390.876       3644.127      -1070.085    0.000  -0.056   0.153   0.
  2017 352 23 12 29 490 352.967007989      -6.39      1.42     -0.94  0.       -5390.268       3642.383      -1071.833    0.000  -0.056   0.153   0.
  2017 352 23 12 30 490 352.967019563      -6.35      1.49     -0.88  0.       -5389.661       3640.639      -1073.582    0.000  -0.056   0.153   0.
  2017 352 23 12 31 490 352.967031137      -6.33      1.57     -0.85  0.       -5389.052       3638.894      -1075.330    0.000  -0.056   0.153   0.
  2017 352 23 12 32 490 352.967042711      -6.31      1.69     -0.79  0.       -5388.442       3637.148      -1077.078    0.000  -0.056   0.153   0.
  2017 352 23 12 33 490 352.967054285      -6.34      1.74     -0.74  0.       -5387.832       3635.402      -1078.826    0.000  -0.056   0.153   0.
  2017 352 23 12 34 490 352.967065859      -6.26      1.79     -0.72  0.       -5387.221       3633.655      -1080.574    0.000  -0.056   0.153   0.
  2017 352 23 12 35 490 352.967077433      -6.22      1.80     -0.69  0.       -5386.609       3631.908      -1082.321    0.000  -0.056   0.153   0.
  2017 352 23 12 36 490 352.967089008      -6.23      1.88     -0.65  0.       -5385.996       3630.160      -1084.069    0.000  -0.056   0.153   0.
  2017 352 23 12 37 490 352.967100582      -6.23      1.90     -0.72  0.       -5385.382       3628.412      -1085.816    0.000  -0.056   0.153   0.
  2017 352 23 12 38 490 352.967112156      -6.26      1.91     -0.75  0.       -5384.768       3626.663      -1087.563    0.000  -0.056   0.153   0.
  2017 352 23 12 39 490 352.967123730      -6.24      1.92     -0.79  0.       -5384.152       3624.914      -1089.310    0.000  -0.056   0.153   0.
  2017 352 23 12 40 490 352.967135304      -6.19      1.99     -0.77  0.       -5383.536       3623.164      -1091.057    0.000  -0.056   0.153   0.
  2017 352 23 12 41 490 352.967146878      -6.17      1.99     -0.78  0.       -5382.919       3621.414      -1092.803    0.000  -0.056   0.153   0.
  2017 352 23 12 42 490 352.967158452      -6.11      2.07     -0.76  0.       -5382.302       3619.663      -1094.550    0.000  -0.056   0.153   0.
  2017 352 23 12 43 490 352.967170026      -6.10      2.14     -0.71  0.       -5381.683       3617.911      -1096.296    0.000  -0.056   0.153   0.
  2017 352 23 12 44 490 352.967181600      -6.16      2.18     -0.72  0.       -5381.064       3616.159      -1098.042    0.000  -0.056   0.153   0.
  2017 352 23 12 45 490 352.967193174      -6.21      2.26     -0.69  0.       -5380.444       3614.407      -1099.788    0.000  -0.056   0.153   0.
  2017 352 23 12 46 490 352.967204748      -6.21      2.28     -0.61  0.       -5379.823       3612.653      -1101.534    0.000  -0.056   0.153   0.
  2017 352 23 12 47 490 352.967216322      -6.14      2.33     -0.56  0.       -5379.201       3610.900      -1103.279    0.000  -0.056   0.153   0.
  2017 352 23 12 48 490 352.967227896      -6.10      2.35     -0.56  0.       -5378.578       3609.145      -1105.025    0.000  -0.056   0.153   0.
  2017 352 23 12 49 489 352.967239469      -6.14      2.37     -0.60  0.       -5377.955       3607.391      -1106.770    0.000  -0.056   0.153   0.
  2017 352 23 12 50 490 352.967251042      -6.14      2.37     -0.61  0.       -5377.331       3605.635      -1108.515    0.000  -0.056   0.153   0.
  2017 352 23 12 51 490 352.967262616      -6.16      2.30     -0.62  0.       -5376.706       3603.879      -1110.260    0.000  -0.056   0.153   0.
  2017 352 23 12 52 490 352.967274190      -6.16      2.28     -0.61  0.       -5376.080       3602.123      -1112.005    0.000  -0.056   0.153   0.
  2017 352 23 12 53 490 352.967285764      -6.13      2.35     -0.51  0.       -5375.453       3600.366      -1113.749    0.000  -0.056   0.153   0.
  2017 352 23 12 54 490 352.967297338      -6.05      2.41     -0.43  0.       -5374.826       3598.608      -1115.494    0.000  -0.056   0.153   0.
  2017 352 23 12 55 489 352.967308912      -6.10      2.41     -0.45  0.       -5374.198       3596.850      -1117.238    0.000  -0.056   0.153   0.
  2017 352 23 12 56 489 352.967320486      -6.17      2.35     -0.47  0.       -5373.569       3595.092      -1118.982    0.000  -0.056   0.153   0.
  2017 352 23 12 57 489 352.967332060      -6.20      2.33     -0.51  0.       -5372.939       3593.333      -1120.726    0.000  -0.056   0.153   0.
  2017 352 23 12 58 489 352.967343634      -6.21      2.35     -0.41  0.       -5372.308       3591.572      -1122.470    0.000  -0.056   0.153   0.
  2017 352 23 12 59 489 352.967355208      -6.26      2.29     -0.37  0.       -5371.677       3589.812      -1124.213    0.000  -0.056   0.153   0.
  2017 352 23 13  0 490 352.967366782      -6.21      2.31     -0.33  0.       -5371.044       3588.052      -1125.957    0.000  -0.056   0.153   0.
  2017 352 23 13  1 490 352.967378356      -6.23      2.19     -0.37  0.       -5370.411       3586.290      -1127.700    0.000  -0.056   0.153   0.
  2017 352 23 13  2 489 352.967389931      -6.19      2.15     -0.30  0.       -5369.777       3584.528      -1129.443    0.000  -0.056   0.153   0.
  2017 352 23 13  3 489 352.967401505      -6.25      2.10     -0.28  0.       -5369.142       3582.766      -1131.186    0.000  -0.056   0.153   0.
  2017 352 23 13  4 490 352.967413079      -6.24      2.10     -0.30  0.       -5368.507       3581.003      -1132.929    0.000  -0.056   0.153   0.
  2017 352 23 13  5 490 352.967424653      -6.25      2.18     -0.26  0.       -5367.870       3579.240      -1134.671    0.000  -0.056   0.153   0.
  2017 352 23 13  6 490 352.967436227      -6.27      2.27     -0.16  0.       -5367.233       3577.476      -1136.413    0.000  -0.056   0.153   0.
  2017 352 23 13  7 490 352.967447801      -6.28      2.32     -0.15  0.       -5366.595       3575.711      -1138.156    0.000  -0.056   0.153   0.
  2017 352 23 13  8 489 352.967459375      -6.24      2.19     -0.25  0.       -5365.956       3573.946      -1139.898    0.000  -0.055   0.152   0.
  2017 352 23 13  9 489 352.967470949      -6.19      2.10     -0.37  0.       -5365.317       3572.180      -1141.639    0.000  -0.055   0.152   0.
  2017 352 23 13 10 489 352.967482523      -6.25      2.08     -0.48  0.       -5364.676       3570.414      -1143.381    0.000  -0.056   0.153   0.
  2017 352 23 13 11 489 352.967494097      -6.29      2.11     -0.55  0.       -5364.035       3568.647      -1145.123    0.000  -0.056   0.153   0.
  2017 352 23 13 12 489 352.967505671      -6.29      2.10     -0.66  0.       -5363.393       3566.880      -1146.864    0.000  -0.056   0.153   0.
  2017 352 23 13 13 490 352.967517245      -6.35      2.21     -0.74  0.       -5362.750       3565.112      -1148.605    0.000  -0.056   0.153   0.
  2017 352 23 13 14 490 352.967528819      -6.31      2.27     -0.75  0.       -5362.106       3563.343      -1150.346    0.000  -0.056   0.153   0.
  2017 352 23 13 15 489 352.967540393      -6.28      2.16     -0.91  0.       -5361.461       3561.574      -1152.087    0.000  -0.056   0.153   0.
  2017 352 23 13 16 489 352.967551968      -6.32      2.19     -0.88  0.       -5360.816       3559.805      -1153.827    0.000  -0.056   0.153   0.
  2017 352 23 13 17 490 352.967563542      -6.37      2.16     -0.92  0.       -5360.170       3558.035      -1155.568    0.000  -0.056   0.153   0.
  2017 352 23 13 18 490 352.967575116      -6.34      2.18     -1.03  0.       -5359.522       3556.264      -1157.308    0.000  -0.056   0.153   0.
  2017 352 23 13 19 490 352.967586689      -6.34      2.24     -1.10  0.       -5358.875       3554.493      -1159.048    0.000  -0.056   0.153   0.
  2017 352 23 13 20 489 352.967598261      -6.36      2.21     -1.16  0.       -5358.226       3552.721      -1160.788    0.000  -0.056   0.153   0.
  2017 352 23 13 21 489 352.967609835      -6.34      2.18     -1.23  0.       -5357.576       3550.949      -1162.528    0.000  -0.056   0.153   0.
  2017 352 23 13 22 489 352.967621409      -6.33      2.09     -1.30  0.       -5356.926       3549.176      -1164.267    0.000  -0.055   0.152   0.
  2017 352 23 13 23 489 352.967632983      -6.29      2.10     -1.35  0.       -5356.275       3547.403      -1166.007    0.000  -0.055   0.152   0.
  2017 352 23 13 24 489 352.967644557      -6.27      2.12     -1.40  0.       -5355.623       3545.629      -1167.746    0.000  -0.056   0.153   0.
  2017 352 23 13 25 489 352.967656131      -6.22      2.17     -1.38  0.       -5354.970       3543.854      -1169.485    0.000  -0.056   0.153   0.
  2017 352 23 13 26 489 352.967667705      -6.14      2.23     -1.32  0.       -5354.316       3542.079      -1171.224    0.000  -0.056   0.153   0.
  2017 352 23 13 27 489 352.967679279      -6.18      2.16     -1.40  0.       -5353.662       3540.304      -1172.962    0.000  -0.056   0.153   0.
  2017 352 23 13 28 489 352.967690854      -6.19      2.18     -1.43  0.       -5353.007       3538.528      -1174.701    0.000  -0.056   0.153   0.
  2017 352 23 13 29 489 352.967702428      -6.21      2.14     -1.44  0.       -5352.350       3536.751      -1176.439    0.000  -0.056   0.153   0.
  2017 352 23 13 30 489 352.967714002      -6.23      2.16     -1.51  0.       -5351.694       3534.974      -1178.177    0.000  -0.056   0.153   0.
  2017 352 23 13 31 489 352.967725576      -6.19      2.21     -1.52  0.       -5351.036       3533.196      -1179.915    0.000  -0.056   0.153   0.
  2017 352 23 13 32 489 352.967737150      -6.21      2.14     -1.48  0.       -5350.377       3531.418      -1181.653    0.000  -0.056   0.153   0.
  2017 352 23 13 33 489 352.967748724      -6.24      2.06     -1.48  0.       -5349.718       3529.639      -1183.390    0.000  -0.056   0.153   0.
  2017 352 23 13 34 489 352.967760298      -6.29      1.96     -1.53  0.       -5349.057       3527.860      -1185.127    0.000  -0.056   0.153   0.
  2017 352 23 13 35 489 352.967771872      -6.26      1.99     -1.49  0.       -5348.396       3526.080      -1186.865    0.000  -0.056   0.153   0.
  2017 352 23 13 36 489 352.967783446      -6.24      2.00     -1.50  0.       -5347.734       3524.300      -1188.602    0.000  -0.056   0.153   0.
  2017 352 23 13 37 489 352.967795020      -6.21      2.02     -1.52  0.       -5347.072       3522.519      -1190.338    0.000  -0.056   0.153   0.
  2017 352 23 13 38 489 352.967806594      -6.20      1.97     -1.50  0.       -5346.408       3520.737      -1192.075    0.000  -0.056   0.153   0.
  2017 352 23 13 39 489 352.967818168      -6.16      1.98     -1.53  0.       -5345.744       3518.955      -1193.811    0.000  -0.056   0.153   0.
  2017 352 23 13 40 489 352.967829742      -6.14      1.99     -1.49  0.       -5345.078       3517.172      -1195.548    0.000  -0.056   0.153   0.
  2017 352 23 13 41 489 352.967841317      -6.12      2.02     -1.50  0.       -5344.412       3515.389      -1197.284    0.000  -0.056   0.153   0.
  2017 352 23 13 42 489 352.967852891      -6.09      2.08     -1.50  0.       -5343.746       3513.606      -1199.020    0.000  -0.056   0.153   0.
  2017 352 23 13 43 489 352.967864465      -6.09      2.10     -1.47  0.       -5343.078       3511.821      -1200.755    0.000  -0.056   0.153   0.
  2017 352 23 13 44 489 352.967876039      -6.08      2.11     -1.46  0.       -5342.409       3510.037      -1202.491    0.000  -0.056   0.153   0.
  2017 352 23 13 45 489 352.967887613      -6.12      2.04     -1.51  0.       -5341.740       3508.251      -1204.226    0.000  -0.056   0.153   0.
  2017 352 23 13 46 489 352.967899187      -6.11      2.07     -1.54  0.       -5341.070       3506.465      -1205.961    0.000  -0.056   0.153   0.
  2017 352 23 13 47 489 352.967910761      -6.06      2.13     -1.53  0.       -5340.398       3504.679      -1207.696    0.000  -0.056   0.153   0.
  2017 352 23 13 48 489 352.967922335      -6.03      2.19     -1.54  0.       -5339.726       3502.892      -1209.431    0.000  -0.056   0.153   0.
  2017 352 23 13 49 489 352.967933908      -6.02      2.22     -1.53  0.       -5339.054       3501.104      -1211.165    0.000  -0.056   0.153   0.
  2017 352 23 13 50 489 352.967945480      -6.01      2.30     -1.57  0.       -5338.381       3499.316      -1212.900    0.000  -0.056   0.153   0.
  2017 352 23 13 51 489 352.967957054      -5.95      2.42     -1.52  0.       -5337.706       3497.528      -1214.634    0.000  -0.056   0.153   0.
  2017 352 23 13 52 489 352.967968628      -5.96      2.53     -1.47  0.       -5337.031       3495.738      -1216.368    0.000  -0.056   0.153   0.
  2017 352 23 13 53 489 352.967980203      -5.96      2.55     -1.43  0.       -5336.355       3493.949      -1218.102    0.000  -0.056   0.153   0.
  2017 352 23 13 54 489 352.967991777      -5.99      2.59     -1.44  0.       -5335.678       3492.158      -1219.835    0.000  -0.056   0.153   0.
  2017 352 23 13 55 489 352.968003351      -5.98      2.63     -1.40  0.       -5335.000       3490.368      -1221.569    0.000  -0.056   0.153   0.
  2017 352 23 13 56 489 352.968014925      -5.99      2.62     -1.37  0.       -5334.322       3488.576      -1223.302    0.000  -0.056   0.153   0.
  2017 352 23 13 57 489 352.968026499      -6.04      2.55     -1.36  0.       -5333.642       3486.784      -1225.035    0.000  -0.056   0.153   0.
  2017 352 23 13 58 489 352.968038073      -6.03      2.55     -1.35  0.       -5332.962       3484.992      -1226.768    0.000  -0.056   0.153   0.
  2017 352 23 13 59 489 352.968049647      -6.04      2.56     -1.32  0.       -5332.281       3483.199      -1228.500    0.000  -0.056   0.153   0.
  2017 352 23 14  0 489 352.968061221      -6.04      2.58     -1.28  0.       -5331.599       3481.405      -1230.233    0.000  -0.056   0.153   0.
  2017 352 23 14  1 489 352.968072795      -6.04      2.63     -1.24  0.       -5330.917       3479.611      -1231.965    0.000  -0.056   0.153   0.
  2017 352 23 14  2 489 352.968084369      -6.08      2.69     -1.19  0.       -5330.233       3477.817      -1233.697    0.000  -0.056   0.153   0.
  2017 352 23 14  3 489 352.968095943      -6.11      2.66     -1.25  0.       -5329.548       3476.021      -1235.429    0.000  -0.056   0.153   0.
  2017 352 23 14  4 489 352.968107517      -6.14      2.68     -1.20  0.       -5328.863       3474.226      -1237.161    0.000  -0.056   0.153   0.
  2017 352 23 14  5 489 352.968119091      -6.15      2.76     -1.20  0.       -5328.177       3472.429      -1238.892    0.000  -0.056   0.153   0.
  2017 352 23 14  6 489 352.968130666      -6.14      2.81     -1.24  0.       -5327.490       3470.632      -1240.623    0.000  -0.056   0.153   0.
  2017 352 23 14  7 489 352.968142240      -6.17      2.78     -1.30  0.       -5326.802       3468.835      -1242.355    0.000  -0.056   0.153   0.
  2017 352 23 14  8 489 352.968153814      -6.14      2.85     -1.27  0.       -5326.114       3467.037      -1244.085    0.000  -0.056   0.153   0.
  2017 352 23 14  9 489 352.968165388      -6.15      2.94     -1.23  0.       -5325.424       3465.239      -1245.816    0.000  -0.056   0.153   0.
  2017 352 23 14 10 489 352.968176962      -6.10      3.01     -1.20  0.       -5324.734       3463.440      -1247.547    0.000  -0.056   0.153   0.
  2017 352 23 14 11 489 352.968188536      -6.09      3.04     -1.18  0.       -5324.043       3461.640      -1249.277    0.000  -0.056   0.153   0.
  2017 352 23 14 12 489 352.968200110      -6.10      3.06     -1.26  0.       -5323.351       3459.840      -1251.007    0.000  -0.056   0.153   0.
  2017 352 23 14 13 489 352.968211684      -6.05      3.16     -1.19  0.       -5322.658       3458.039      -1252.737    0.000  -0.056   0.153   0.
  2017 352 23 14 14 489 352.968223258      -6.06      3.23     -1.18  0.       -5321.965       3456.238      -1254.466    0.000  -0.056   0.153   0.
  2017 352 23 14 15 489 352.968234832      -6.01      3.32     -1.14  0.       -5321.270       3454.436      -1256.196    0.000  -0.056   0.153   0.
  2017 352 23 14 16 489 352.968246406      -5.98      3.36     -1.09  0.       -5320.575       3452.634      -1257.925    0.000  -0.056   0.153   0.
  2017 352 23 14 17 489 352.968257980      -5.93      3.40     -1.04  0.       -5319.879       3450.831      -1259.654    0.000  -0.056   0.153   0.
  2017 352 23 14 18 489 352.968269554      -5.92      3.43     -1.05  0.       -5319.182       3449.028      -1261.383    0.000  -0.056   0.153   0.
  2017 352 23 14 19 489 352.968281127      -5.91      3.46     -1.05  0.       -5318.484       3447.224      -1263.112    0.000  -0.056   0.153   0.
  2017 352 23 14 20 489 352.968292700      -5.94      3.47     -1.08  0.       -5317.785       3445.419      -1264.840    0.000  -0.056   0.153   0.
  2017 352 23 14 21 489 352.968304274      -5.97      3.45     -1.08  0.       -5317.086       3443.614      -1266.569    0.000  -0.056   0.153   0.
  2017 352 23 14 22 489 352.968315848      -5.99      3.47     -1.06  0.       -5316.385       3441.809      -1268.297    0.000  -0.056   0.153   0.
  2017 352 23 14 23 489 352.968327422      -5.98      3.50     -1.03  0.       -5315.684       3440.003      -1270.025    0.000  -0.056   0.153   0.
  2017 352 23 14 24 489 352.968338996      -5.99      3.52     -1.04  0.       -5314.982       3438.196      -1271.752    0.000  -0.056   0.153   0.
  2017 352 23 14 25 489 352.968350570      -6.02      3.52     -1.05  0.       -5314.279       3436.389      -1273.480    0.000  -0.056   0.153   0.
  2017 352 23 14 26 489 352.968362144      -5.98      3.52     -1.02  0.       -5313.575       3434.581      -1275.207    0.000  -0.056   0.153   0.
  2017 352 23 14 27 489 352.968373718      -6.00      3.46     -1.03  0.       -5312.871       3432.773      -1276.934    0.000  -0.056   0.153   0.
  2017 352 23 14 28 489 352.968385292      -6.06      3.41     -1.07  0.       -5312.165       3430.964      -1278.661    0.000  -0.056   0.153   0.
  2017 352 23 14 29 489 352.968396866      -6.08      3.42     -1.06  0.       -5311.459       3429.155      -1280.388    0.000  -0.056   0.153   0.
  2017 352 23 14 30 489 352.968408440      -6.08      3.42     -1.04  0.       -5310.752       3427.345      -1282.114    0.000  -0.056   0.153   0.
  2017 352 23 14 31 489 352.968420014      -6.07      3.39     -1.02  0.       -5310.044       3425.534      -1283.840    0.000  -0.056   0.153   0.
  2017 352 23 14 32 489 352.968431589      -6.08      3.35     -1.02  0.       -5309.335       3423.723      -1285.567    0.000  -0.056   0.153   0.
  2017 352 23 14 33 489 352.968443163      -6.11      3.34     -1.02  0.       -5308.625       3421.911      -1287.292    0.000  -0.056   0.153   0.
  2017 352 23 14 34 489 352.968454737      -6.11      3.33     -1.03  0.       -5307.915       3420.099      -1289.018    0.000  -0.056   0.153   0.
  2017 352 23 14 35 489 352.968466311      -6.10      3.33     -1.00  0.       -5307.203       3418.287      -1290.743    0.000  -0.056   0.153   0.
  2017 352 23 14 36 489 352.968477885      -6.10      3.29     -1.01  0.       -5306.491       3416.473      -1292.469    0.000  -0.056   0.153   0.
  2017 352 23 14 37 489 352.968489459      -6.11      3.29     -0.98  0.       -5305.778       3414.660      -1294.194    0.000  -0.056   0.153   0.
  2017 352 23 14 38 489 352.968501033      -6.11      3.30     -0.96  0.       -5305.064       3412.845      -1295.918    0.000  -0.056   0.153   0.
  2017 352 23 14 39 489 352.968512607      -6.11      3.28     -0.99  0.       -5304.349       3411.030      -1297.643    0.000  -0.056   0.153   0.
  2017 352 23 14 40 489 352.968524181      -6.11      3.25     -1.00  0.       -5303.634       3409.215      -1299.367    0.000  -0.056   0.153   0.
  2017 352 23 14 41 489 352.968535755      -6.12      3.20     -0.98  0.       -5302.917       3407.399      -1301.092    0.000  -0.056   0.153   0.
  2017 352 23 14 42 489 352.968547329      -6.10      3.16     -0.98  0.       -5302.200       3405.582      -1302.816    0.000  -0.056   0.153   0.
  2017 352 23 14 43 489 352.968558903      -6.12      3.13     -1.00  0.       -5301.482       3403.765      -1304.539    0.000  -0.056   0.153   0.
  2017 352 23 14 44 489 352.968570477      -6.12      3.09     -1.04  0.       -5300.763       3401.948      -1306.263    0.000  -0.056   0.153   0.
  2017 352 23 14 45 489 352.968582052      -6.12      3.04     -1.08  0.       -5300.043       3400.130      -1307.986    0.000  -0.056   0.153   0.
  2017 352 23 14 46 489 352.968593626      -6.10      3.04     -1.06  0.       -5299.322       3398.311      -1309.709    0.000  -0.056   0.153   0.
  2017 352 23 14 47 489 352.968605200      -6.10      2.98     -1.10  0.       -5298.600       3396.492      -1311.432    0.000  -0.056   0.153   0.
  2017 352 23 14 48 489 352.968616774      -6.08      2.98     -1.12  0.       -5297.878       3394.672      -1313.155    0.000  -0.056   0.153   0.
  2017 352 23 14 49 489 352.968628347      -6.06      3.00     -1.13  0.       -5297.155       3392.852      -1314.877    0.000  -0.056   0.153   0.
  2017 352 23 14 50 489 352.968639919      -6.03      2.97     -1.13  0.       -5296.430       3391.031      -1316.600    0.000  -0.056   0.153   0.
  2017 352 23 14 51 488 352.968651493      -6.01      2.92     -1.12  0.       -5295.705       3389.209      -1318.322    0.000  -0.056   0.153   0.
  2017 352 23 14 52 488 352.968663067      -6.03      2.91     -1.15  0.       -5294.980       3387.387      -1320.044    0.000  -0.056   0.153   0.
  2017 352 23 14 53 488 352.968674641      -6.04      2.86     -1.16  0.       -5294.253       3385.565      -1321.765    0.000  -0.056   0.153   0.
  2017 352 23 14 54 488 352.968686215      -6.02      2.87     -1.17  0.       -5293.525       3383.741      -1323.487    0.000  -0.056   0.153   0.
  2017 352 23 14 55 488 352.968697789      -5.98      2.84     -1.15  0.       -5292.797       3381.918      -1325.208    0.000  -0.056   0.153   0.
  2017 352 23 14 56 489 352.968709363      -5.99      2.83     -1.15  0.       -5292.068       3380.093      -1326.929    0.000  -0.056   0.153   0.
  2017 352 23 14 57 488 352.968720938      -5.99      2.83     -1.16  0.       -5291.337       3378.269      -1328.650    0.000  -0.056   0.153   0.
  2017 352 23 14 58 488 352.968732512      -5.97      2.84     -1.14  0.       -5290.606       3376.444      -1330.370    0.000  -0.056   0.153   0.
  2017 352 23 14 59 488 352.968744086      -5.98      2.83     -1.07  0.       -5289.875       3374.618      -1332.091    0.000  -0.056   0.153   0.
  2017 352 23 15  0 489 352.968755660      -5.98      2.85     -1.05  0.       -5289.142       3372.792      -1333.811    0.000  -0.056   0.153   0.
  2017 352 23 15  1 489 352.968767234      -6.06      2.84     -1.08  0.       -5288.408       3370.965      -1335.531    0.000  -0.056   0.153   0.
  2017 352 23 15  2 489 352.968778808      -6.09      2.81     -1.10  0.       -5287.674       3369.137      -1337.250    0.000  -0.056   0.153   0.
  2017 352 23 15  3 489 352.968790382      -6.13      2.77     -1.10  0.       -5286.939       3367.309      -1338.970    0.000  -0.056   0.153   0.
  2017 352 23 15  4 488 352.968801956      -6.13      2.77     -1.07  0.       -5286.202       3365.481      -1340.689    0.000  -0.056   0.153   0.
  2017 352 23 15  5 488 352.968813530      -6.14      2.78     -1.04  0.       -5285.465       3363.652      -1342.408    0.000  -0.056   0.153   0.
  2017 352 23 15  6 488 352.968825104      -6.10      2.85     -0.99  0.       -5284.727       3361.822      -1344.127    0.000  -0.056   0.153   0.
  2017 352 23 15  7 488 352.968836678      -6.15      2.82     -0.97  0.       -5283.989       3359.992      -1345.845    0.000  -0.056   0.153   0.
  2017 352 23 15  8 488 352.968848252      -6.16      2.84     -0.99  0.       -5283.249       3358.161      -1347.564    0.000  -0.056   0.153   0.
  2017 352 23 15  9 489 352.968859826      -6.24      2.76     -1.00  0.       -5282.509       3356.330      -1349.282    0.000  -0.056   0.153   0.
  2017 352 23 15 10 489 352.968871400      -6.28      2.78     -1.00  0.       -5281.767       3354.498      -1351.000    0.000  -0.056   0.153   0.
  2017 352 23 15 11 488 352.968882975      -6.31      2.77     -1.02  0.       -5281.025       3352.665      -1352.718    0.000  -0.056   0.153   0.
  2017 352 23 15 12 488 352.968894549      -6.31      2.81     -0.98  0.       -5280.282       3350.832      -1354.435    0.000  -0.056   0.153   0.
  2017 352 23 15 13 489 352.968906123      -6.35      2.81     -0.99  0.       -5279.538       3348.999      -1356.152    0.000  -0.056   0.153   0.
  2017 352 23 15 14 489 352.968917697      -6.36      2.80     -0.95  0.       -5278.793       3347.165      -1357.869    0.000  -0.056   0.153   0.
  2017 352 23 15 15 489 352.968929271      -6.35      2.90     -0.90  0.       -5278.048       3345.330      -1359.586    0.000  -0.056   0.153   0.
  2017 352 23 15 16 489 352.968940845      -6.39      2.86     -0.94  0.       -5277.301       3343.495      -1361.303    0.000  -0.056   0.153   0.
  2017 352 23 15 17 489 352.968952419      -6.41      2.84     -0.94  0.       -5276.554       3341.659      -1363.019    0.000  -0.056   0.153   0.
  2017 352 23 15 18 488 352.968963993      -6.43      2.81     -0.91  0.       -5275.806       3339.823      -1364.735    0.000  -0.056   0.153   0.
  2017 352 23 15 19 488 352.968975567      -6.47      2.78     -0.91  0.       -5275.056       3337.986      -1366.451    0.000  -0.056   0.153   0.
  2017 352 23 15 20 488 352.968987141      -6.46      2.79     -0.91  0.       -5274.306       3336.149      -1368.167    0.000  -0.056   0.153   0.
  2017 352 23 15 21 488 352.968998714      -6.47      2.80     -0.89  0.       -5273.556       3334.311      -1369.883    0.000  -0.056   0.153   0.
  2017 352 23 15 22 488 352.969010286      -6.53      2.78     -0.90  0.       -5272.804       3332.473      -1371.598    0.000  -0.056   0.153   0.
  2017 352 23 15 23 488 352.969021861      -6.56      2.80     -0.89  0.       -5272.051       3330.634      -1373.313    0.000  -0.056   0.153   0.
  2017 352 23 15 24 488 352.969033435      -6.56      2.81     -0.93  0.       -5271.298       3328.794      -1375.028    0.000  -0.056   0.153   0.
  2017 352 23 15 25 488 352.969045009      -6.59      2.77     -0.94  0.       -5270.544       3326.954      -1376.742    0.000  -0.056   0.153   0.
  2017 352 23 15 26 488 352.969056583      -6.61      2.73     -0.92  0.       -5269.789       3325.114      -1378.456    0.000  -0.056   0.153   0.
  2017 352 23 15 27 488 352.969068157      -6.64      2.75     -0.91  0.       -5269.033       3323.273      -1380.171    0.000  -0.056   0.153   0.
  2017 352 23 15 28 488 352.969079731      -6.64      2.75     -0.91  0.       -5268.276       3321.431      -1381.885    0.000  -0.056   0.153   0.
  2017 352 23 15 29 488 352.969091305      -6.64      2.70     -0.96  0.       -5267.518       3319.589      -1383.598    0.000  -0.056   0.153   0.
  2017 352 23 15 30 488 352.969102879      -6.61      2.72     -0.91  0.       -5266.759       3317.746      -1385.312    0.000  -0.056   0.153   0.
  2017 352 23 15 31 488 352.969114453      -6.60      2.76     -0.86  0.       -5266.000       3315.902      -1387.025    0.000  -0.056   0.153   0.
  2017 352 23 15 32 488 352.969126027      -6.60      2.72     -0.90  0.       -5265.239       3314.059      -1388.738    0.000  -0.056   0.153   0.
  2017 352 23 15 33 488 352.969137601      -6.60      2.67     -0.94  0.       -5264.478       3312.214      -1390.451    0.000  -0.056   0.153   0.
  2017 352 23 15 34 488 352.969149175      -6.59      2.69     -0.92  0.       -5263.716       3310.369      -1392.163    0.000  -0.056   0.153   0.
  2017 352 23 15 35 488 352.969160749      -6.62      2.67     -0.96  0.       -5262.953       3308.524      -1393.875    0.000  -0.056   0.153   0.
  2017 352 23 15 36 488 352.969172323      -6.59      2.67     -0.97  0.       -5262.189       3306.677      -1395.588    0.000  -0.056   0.153   0.
  2017 352 23 15 37 488 352.969183898      -6.59      2.68     -0.97  0.       -5261.424       3304.831      -1397.299    0.000  -0.056   0.153   0.
  2017 352 23 15 38 488 352.969195472      -6.57      2.70     -0.98  0.       -5260.659       3302.984      -1399.011    0.000  -0.056   0.153   0.
  2017 352 23 15 39 488 352.969207046      -6.54      2.72     -0.98  0.       -5259.892       3301.136      -1400.722    0.000  -0.056   0.153   0.
  2017 352 23 15 40 488 352.969218620      -6.52      2.72     -0.99  0.       -5259.125       3299.288      -1402.433    0.000  -0.056   0.153   0.
  2017 352 23 15 41 488 352.969230194      -6.50      2.71     -0.97  0.       -5258.357       3297.439      -1404.144    0.000  -0.056   0.153   0.
  2017 352 23 15 42 488 352.969241768      -6.53      2.68     -1.01  0.       -5257.588       3295.589      -1405.855    0.000  -0.056   0.153   0.
  2017 352 23 15 43 488 352.969253342      -6.54      2.65     -1.03  0.       -5256.818       3293.740      -1407.565    0.000  -0.056   0.153   0.
  2017 352 23 15 44 488 352.969264916      -6.55      2.65     -1.06  0.       -5256.047       3291.889      -1409.275    0.000  -0.056   0.153   0.
  2017 352 23 15 45 488 352.969276490      -6.53      2.65     -1.05  0.       -5255.275       3290.038      -1410.985    0.000  -0.056   0.153   0.
  2017 352 23 15 46 488 352.969288064      -6.54      2.60     -1.04  0.       -5254.503       3288.186      -1412.695    0.000  -0.056   0.153   0.
  2017 352 23 15 47 488 352.969299638      -6.56      2.59     -1.06  0.       -5253.729       3286.334      -1414.405    0.000  -0.056   0.153   0.
  2017 352 23 15 48 488 352.969311212      -6.57      2.62     -1.03  0.       -5252.955       3284.482      -1416.114    0.000  -0.055   0.152   0.
  2017 352 23 15 49 488 352.969322785      -6.59      2.55     -1.08  0.       -5252.180       3282.628      -1417.823    0.000  -0.055   0.152   0.
  2017 352 23 15 50 488 352.969334358      -6.59      2.54     -1.08  0.       -5251.404       3280.775      -1419.531    0.000  -0.056   0.153   0.
  2017 352 23 15 51 488 352.969345932      -6.58      2.53     -1.05  0.       -5250.627       3278.920      -1421.240    0.000  -0.056   0.153   0.
  2017 352 23 15 52 488 352.969357506      -6.59      2.52     -1.07  0.       -5249.849       3277.066      -1422.948    0.000  -0.056   0.153   0.
  2017 352 23 15 53 488 352.969369080      -6.57      2.52     -1.06  0.       -5249.070       3275.210      -1424.656    0.000  -0.056   0.153   0.
  2017 352 23 15 54 488 352.969380654      -6.57      2.49     -1.08  0.       -5248.290       3273.354      -1426.364    0.000  -0.056   0.153   0.
  2017 352 23 15 55 488 352.969392228      -6.57      2.51     -1.10  0.       -5247.510       3271.498      -1428.072    0.000  -0.056   0.153   0.
  2017 352 23 15 56 488 352.969403802      -6.58      2.51     -1.12  0.       -5246.729       3269.641      -1429.779    0.000  -0.056   0.153   0.
  2017 352 23 15 57 488 352.969415376      -6.56      2.51     -1.08  0.       -5245.946       3267.783      -1431.486    0.000  -0.056   0.153   0.
  2017 352 23 15 58 488 352.969426950      -6.60      2.48     -1.10  0.       -5245.163       3265.925      -1433.193    0.000  -0.056   0.153   0.
  2017 352 23 15 59 488 352.969438524      -6.65      2.43     -1.16  0.       -5244.379       3264.066      -1434.900    0.000  -0.056   0.153   0.
  2017 352 23 16  0 488 352.969450098      -6.66      2.41     -1.14  0.       -5243.594       3262.207      -1436.606    0.000  -0.056   0.153   0.
  2017 352 23 16  1 488 352.969461672      -6.66      2.40     -1.13  0.       -5242.809       3260.347      -1438.312    0.000  -0.056   0.153   0.
  2017 352 23 16  2 488 352.969473247      -6.66      2.41     -1.16  0.       -5242.022       3258.487      -1440.018    0.000  -0.056   0.153   0.
  2017 352 23 16  3 488 352.969484821      -6.67      2.42     -1.15  0.       -5241.234       3256.626      -1441.724    0.000  -0.056   0.153   0.
  2017 352 23 16  4 488 352.969496395      -6.68      2.38     -1.17  0.       -5240.446       3254.765      -1443.429    0.000  -0.056   0.153   0.
  2017 352 23 16  5 488 352.969507969      -6.66      2.38     -1.18  0.       -5239.657       3252.903      -1445.134    0.000  -0.056   0.153   0.
  2017 352 23 16  6 488 352.969519543      -6.66      2.41     -1.15  0.       -5238.867       3251.040      -1446.839    0.000  -0.056   0.153   0.
  2017 352 23 16  7 488 352.969531117      -6.63      2.45     -1.12  0.       -5238.075       3249.177      -1448.544    0.000  -0.056   0.153   0.
  2017 352 23 16  8 488 352.969542691      -6.63      2.44     -1.09  0.       -5237.284       3247.313      -1450.248    0.000  -0.056   0.153   0.
  2017 352 23 16  9 488 352.969554265      -6.62      2.45     -1.08  0.       -5236.491       3245.449      -1451.952    0.000  -0.056   0.153   0.
  2017 352 23 16 10 488 352.969565839      -6.63      2.46     -1.08  0.       -5235.697       3243.585      -1453.656    0.000  -0.056   0.153   0.
  2017 352 23 16 11 488 352.969577413      -6.64      2.51     -1.07  0.       -5234.902       3241.719      -1455.360    0.000  -0.056   0.153   0.
  2017 352 23 16 12 488 352.969588987      -6.65      2.44     -1.07  0.       -5234.107       3239.853      -1457.063    0.000  -0.056   0.153   0.
  2017 352 23 16 13 488 352.969600561      -6.67      2.41     -1.04  0.       -5233.311       3237.987      -1458.766    0.000  -0.056   0.153   0.
  2017 352 23 16 14 488 352.969612135      -6.70      2.40     -1.05  0.       -5232.513       3236.120      -1460.469    0.000  -0.056   0.153   0.
  2017 352 23 16 15 488 352.969623710      -6.70      2.41     -1.05  0.       -5231.715       3234.253      -1462.172    0.000  -0.056   0.153   0.
  2017 352 23 16 16 488 352.969635284      -6.70      2.41     -1.03  0.       -5230.916       3232.385      -1463.875    0.000  -0.056   0.153   0.
  2017 352 23 16 17 488 352.969646858      -6.71      2.45     -1.04  0.       -5230.116       3230.516      -1465.577    0.000  -0.056   0.153   0.
  2017 352 23 16 18 488 352.969658432      -6.67      2.48     -1.06  0.       -5229.316       3228.647      -1467.279    0.000  -0.056   0.153   0.
  2017 352 23 16 19 488 352.969670005      -6.66      2.44     -1.05  0.       -5228.514       3226.777      -1468.980    0.000  -0.056   0.153   0.
  2017 352 23 16 20 488 352.969681577      -6.68      2.43     -1.05  0.       -5227.711       3224.907      -1470.682    0.000  -0.056   0.153   0.
  2017 352 23 16 21 488 352.969693151      -6.71      2.43     -1.07  0.       -5226.908       3223.036      -1472.383    0.000  -0.056   0.153   0.
  2017 352 23 16 22 488 352.969704725      -6.66      2.44     -1.05  0.       -5226.104       3221.165      -1474.084    0.000  -0.055   0.152   0.
  2017 352 23 16 23 488 352.969716299      -6.63      2.44     -1.04  0.       -5225.298       3219.293      -1475.785    0.000  -0.055   0.152   0.
  2017 352 23 16 24 488 352.969727873      -6.59      2.40     -1.06  0.       -5224.492       3217.421      -1477.485    0.000  -0.056   0.153   0.
  2017 352 23 16 25 488 352.969739447      -6.59      2.42     -1.05  0.       -5223.685       3215.548      -1479.185    0.000  -0.056   0.153   0.
  2017 352 23 16 26 488 352.969751021      -6.56      2.44     -1.05  0.       -5222.877       3213.674      -1480.885    0.000  -0.056   0.153   0.
  2017 352 23 16 27 488 352.969762595      -6.52      2.40     -1.02  0.       -5222.069       3211.800      -1482.585    0.000  -0.056   0.153   0.
  2017 352 23 16 28 488 352.969774170      -6.53      2.38     -1.04  0.       -5221.259       3209.926      -1484.284    0.000  -0.056   0.153   0.
  2017 352 23 16 29 488 352.969785744      -6.51      2.41     -1.02  0.       -5220.448       3208.051      -1485.983    0.000  -0.056   0.153   0.
  2017 352 23 16 30 488 352.969797318      -6.49      2.37     -1.03  0.       -5219.637       3206.175      -1487.682    0.000  -0.056   0.153   0.
  2017 352 23 16 31 488 352.969808892      -6.51      2.35     -1.02  0.       -5218.825       3204.299      -1489.381    0.000  -0.056   0.153   0.
  2017 352 23 16 32 488 352.969820466      -6.56      2.30     -1.11  0.       -5218.011       3202.422      -1491.079    0.000  -0.056   0.153   0.
  2017 352 23 16 33 488 352.969832040      -6.53      2.31     -1.12  0.       -5217.197       3200.545      -1492.777    0.000  -0.056   0.153   0.
  2017 352 23 16 34 488 352.969843614      -6.54      2.27     -1.13  0.       -5216.382       3198.667      -1494.475    0.000  -0.056   0.153   0.
  2017 352 23 16 35 488 352.969855188      -6.56      2.28     -1.13  0.       -5215.566       3196.788      -1496.173    0.000  -0.056   0.153   0.
  2017 352 23 16 36 488 352.969866762      -6.55      2.32     -1.13  0.       -5214.749       3194.910      -1497.870    0.000  -0.056   0.153   0.
  2017 352 23 16 37 488 352.969878336      -6.55      2.29     -1.13  0.       -5213.932       3193.030      -1499.568    0.000  -0.056   0.153   0.
  2017 352 23 16 38 488 352.969889910      -6.57      2.24     -1.14  0.       -5213.113       3191.150      -1501.264    0.000  -0.056   0.153   0.
  2017 352 23 16 39 488 352.969901484      -6.56      2.21     -1.17  0.       -5212.294       3189.269      -1502.961    0.000  -0.056   0.153   0.
  2017 352 23 16 40 488 352.969913058      -6.52      2.24     -1.15  0.       -5211.473       3187.388      -1504.658    0.000  -0.056   0.153   0.
  2017 352 23 16 41 488 352.969924633      -6.53      2.21     -1.15  0.       -5210.652       3185.506      -1506.354    0.000  -0.056   0.153   0.
  2017 352 23 16 42 488 352.969936207      -6.56      2.19     -1.15  0.       -5209.830       3183.624      -1508.050    0.000  -0.056   0.153   0.
  2017 352 23 16 43 488 352.969947781      -6.57      2.21     -1.18  0.       -5209.007       3181.741      -1509.745    0.000  -0.056   0.153   0.
  2017 352 23 16 44 488 352.969959355      -6.52      2.20     -1.19  0.       -5208.183       3179.858      -1511.440    0.000  -0.056   0.153   0.
  2017 352 23 16 45 488 352.969970929      -6.54      2.16     -1.19  0.       -5207.358       3177.974      -1513.135    0.000  -0.056   0.153   0.
  2017 352 23 16 46 488 352.969982503      -6.55      2.22     -1.16  0.       -5206.532       3176.090      -1514.830    0.000  -0.056   0.153   0.
  2017 352 23 16 47 488 352.969994077      -6.53      2.28     -1.11  0.       -5205.705       3174.205      -1516.524    0.000  -0.056   0.153   0.
  2017 352 23 16 48 488 352.970005651      -6.54      2.30     -1.09  0.       -5204.878       3172.319      -1518.219    0.000  -0.056   0.153   0.
  2017 352 23 16 49 487 352.970017224      -6.56      2.28     -1.12  0.       -5204.049       3170.433      -1519.913    0.000  -0.056   0.153   0.
  2017 352 23 16 50 487 352.970028796      -6.53      2.34     -1.10  0.       -5203.220       3168.546      -1521.606    0.000  -0.056   0.153   0.
  2017 352 23 16 51 488 352.970040370      -6.57      2.28     -1.14  0.       -5202.390       3166.659      -1523.300    0.000  -0.056   0.153   0.
  2017 352 23 16 52 488 352.970051944      -6.64      2.23     -1.17  0.       -5201.559       3164.771      -1524.993    0.000  -0.056   0.153   0.
  2017 352 23 16 53 487 352.970063519      -6.65      2.22     -1.20  0.       -5200.727       3162.883      -1526.686    0.000  -0.056   0.153   0.
  2017 352 23 16 54 487 352.970075093      -6.62      2.23     -1.21  0.       -5199.894       3160.994      -1528.379    0.000  -0.056   0.153   0.
  2017 352 23 16 55 488 352.970086667      -6.66      2.21     -1.20  0.       -5199.060       3159.105      -1530.071    0.000  -0.056   0.153   0.
  2017 352 23 16 56 488 352.970098241      -6.68      2.22     -1.18  0.       -5198.225       3157.215      -1531.763    0.000  -0.056   0.153   0.
  2017 352 23 16 57 488 352.970109815      -6.68      2.23     -1.17  0.       -5197.389       3155.325      -1533.455    0.000  -0.056   0.153   0.
  2017 352 23 16 58 488 352.970121389      -6.70      2.18     -1.18  0.       -5196.553       3153.434      -1535.147    0.000  -0.056   0.153   0.
  2017 352 23 16 59 488 352.970132963      -6.74      2.19     -1.14  0.       -5195.715       3151.542      -1536.838    0.000  -0.056   0.153   0.
  2017 352 23 17  0 487 352.970144537      -6.73      2.21     -1.13  0.       -5194.877       3149.650      -1538.529    0.000  -0.055   0.152   0.
  2017 352 23 17  1 487 352.970156111      -6.75      2.16     -1.14  0.       -5194.037       3147.757      -1540.220    0.000  -0.055   0.152   0.
  2017 352 23 17  2 487 352.970167685      -6.78      2.14     -1.17  0.       -5193.197       3145.864      -1541.910    0.000  -0.056   0.153   0.
  2017 352 23 17  3 487 352.970179259      -6.77      2.19     -1.13  0.       -5192.356       3143.970      -1543.601    0.000  -0.056   0.153   0.
  2017 352 23 17  4 487 352.970190833      -6.76      2.14     -1.12  0.       -5191.514       3142.076      -1545.291    0.000  -0.056   0.153   0.
  2017 352 23 17  5 488 352.970202407      -6.79      2.14     -1.13  0.       -5190.671       3140.181      -1546.980    0.000  -0.056   0.153   0.
  2017 352 23 17  6 488 352.970213981      -6.82      2.20     -1.11  0.       -5189.828       3138.286      -1548.670    0.000  -0.055   0.152   0.
  2017 352 23 17  7 487 352.970225556      -6.82      2.17     -1.10  0.       -5188.983       3136.390      -1550.359    0.000  -0.055   0.152   0.
  2017 352 23 17  8 487 352.970237130      -6.85      2.14     -1.08  0.       -5188.137       3134.493      -1552.048    0.000  -0.056   0.153   0.
  2017 352 23 17  9 488 352.970248704      -6.89      2.15     -1.09  0.       -5187.291       3132.596      -1553.736    0.000  -0.056   0.153   0.
  2017 352 23 17 10 488 352.970260278      -6.91      2.17     -1.05  0.       -5186.443       3130.699      -1555.425    0.000  -0.056   0.153   0.
  2017 352 23 17 11 488 352.970271852      -6.89      2.15     -1.05  0.       -5185.595       3128.801      -1557.113    0.000  -0.056   0.153   0.
  2017 352 23 17 12 488 352.970283426      -6.92      2.13     -1.05  0.       -5184.746       3126.902      -1558.801    0.000  -0.055   0.152   0.
  2017 352 23 17 13 487 352.970295000      -6.93      2.18     -1.01  0.       -5183.896       3125.003      -1560.488    0.000  -0.055   0.152   0.
  2017 352 23 17 14 487 352.970306574      -6.93      2.15     -0.98  0.       -5183.044       3123.103      -1562.176    0.000  -0.056   0.153   0.
  2017 352 23 17 15 487 352.970318148      -6.97      2.15     -0.98  0.       -5182.193       3121.203      -1563.862    0.000  -0.056   0.153   0.
  2017 352 23 17 16 487 352.970329722      -6.98      2.13     -0.98  0.       -5181.340       3119.302      -1565.549    0.000  -0.056   0.153   0.
  2017 352 23 17 17 487 352.970341296      -6.97      2.14     -0.95  0.       -5180.486       3117.400      -1567.236    0.000  -0.056   0.153   0.
  2017 352 23 17 18 488 352.970352870      -6.99      2.13     -0.95  0.       -5179.631       3115.498      -1568.922    0.000  -0.055   0.152   0.
  2017 352 23 17 19 488 352.970364443      -7.02      2.14     -0.93  0.       -5178.775       3113.596      -1570.608    0.000  -0.055   0.152   0.
  2017 352 23 17 20 487 352.970376016      -7.02      2.13     -0.95  0.       -5177.919       3111.693      -1572.293    0.000  -0.056   0.153   0.
  2017 352 23 17 21 487 352.970387590      -7.01      2.15     -0.96  0.       -5177.062       3109.789      -1573.979    0.000  -0.056   0.153   0.
  2017 352 23 17 22 487 352.970399164      -7.03      2.19     -0.96  0.       -5176.203       3107.885      -1575.664    0.000  -0.055   0.152   0.
  2017 352 23 17 23 487 352.970410738      -7.01      2.18     -0.95  0.       -5175.344       3105.980      -1577.348    0.000  -0.055   0.152   0.
  2017 352 23 17 24 487 352.970422312      -7.00      2.14     -0.95  0.       -5174.484       3104.075      -1579.033    0.000  -0.055   0.152   0.
  2017 352 23 17 25 487 352.970433886      -7.00      2.13     -0.92  0.       -5173.623       3102.169      -1580.717    0.000  -0.055   0.152   0.
  2017 352 23 17 26 487 352.970445460      -6.99      2.14     -0.91  0.       -5172.761       3100.263      -1582.401    0.000  -0.055   0.152   0.
  2017 352 23 17 27 487 352.970457034      -6.96      2.11     -0.92  0.       -5171.898       3098.356      -1584.085    0.000  -0.055   0.152   0.
  2017 352 23 17 28 487 352.970468608      -6.97      2.09     -0.91  0.       -5171.034       3096.448      -1585.768    0.000  -0.056   0.153   0.
  2017 352 23 17 29 487 352.970480182      -6.94      2.17     -0.84  0.       -5170.169       3094.540      -1587.451    0.000  -0.056   0.153   0.
  2017 352 23 17 30 487 352.970491756      -6.93      2.15     -0.82  0.       -5169.304       3092.632      -1589.134    0.000  -0.055   0.152   0.
  2017 352 23 17 31 487 352.970503330      -6.91      2.16     -0.84  0.       -5168.437       3090.723      -1590.817    0.000  -0.055   0.152   0.
  2017 352 23 17 32 487 352.970514904      -6.89      2.19     -0.79  0.       -5167.570       3088.813      -1592.499    0.000  -0.055   0.152   0.
  2017 352 23 17 33 487 352.970526479      -6.90      2.12     -0.79  0.       -5166.701       3086.903      -1594.181    0.000  -0.055   0.152   0.
  2017 352 23 17 34 487 352.970538053      -6.91      2.11     -0.75  0.       -5165.832       3084.992      -1595.862    0.000  -0.056   0.153   0.
  2017 352 23 17 35 487 352.970549627      -6.91      2.12     -0.78  0.       -5164.962       3083.081      -1597.544    0.000  -0.056   0.153   0.
  2017 352 23 17 36 487 352.970561201      -6.91      2.07     -0.78  0.       -5164.091       3081.169      -1599.225    0.000  -0.056   0.153   0.
  2017 352 23 17 37 487 352.970572775      -6.97      2.00     -0.80  0.       -5163.219       3079.257      -1600.906    0.000  -0.056   0.153   0.
  2017 352 23 17 38 487 352.970584349      -6.98      1.98     -0.82  0.       -5162.346       3077.344      -1602.586    0.000  -0.055   0.152   0.
  2017 352 23 17 39 487 352.970595923      -6.95      1.94     -0.81  0.       -5161.472       3075.430      -1604.267    0.000  -0.055   0.152   0.
  2017 352 23 17 40 487 352.970607497      -7.01      1.95     -0.79  0.       -5160.597       3073.516      -1605.947    0.000  -0.056   0.153   0.
  2017 352 23 17 41 487 352.970619071      -6.98      2.01     -0.76  0.       -5159.721       3071.602      -1607.626    0.000  -0.056   0.153   0.
  2017 352 23 17 42 487 352.970630645      -6.97      1.98     -0.76  0.       -5158.844       3069.687      -1609.306    0.000  -0.055   0.152   0.
  2017 352 23 17 43 487 352.970642219      -7.01      1.97     -0.72  0.       -5157.967       3067.771      -1610.985    0.000  -0.055   0.152   0.
  2017 352 23 17 44 487 352.970653793      -7.04      1.99     -0.68  0.       -5157.088       3065.855      -1612.664    0.000  -0.055   0.152   0.
  2017 352 23 17 45 487 352.970665367      -7.05      1.97     -0.67  0.       -5156.209       3063.938      -1614.342    0.000  -0.055   0.152   0.
  2017 352 23 17 46 487 352.970676942      -7.06      1.94     -0.69  0.       -5155.329       3062.021      -1616.020    0.000  -0.056   0.153   0.
  2017 352 23 17 47 487 352.970688516      -7.09      2.01     -0.67  0.       -5154.447       3060.103      -1617.698    0.000  -0.056   0.153   0.
  2017 352 23 17 48 487 352.970700090      -7.08      1.99     -0.65  0.       -5153.565       3058.184      -1619.376    0.000  -0.055   0.152   0.
  2017 352 23 17 49 487 352.970711663      -7.08      1.97     -0.64  0.       -5152.682       3056.265      -1621.053    0.000  -0.055   0.152   0.
  2017 352 23 17 50 487 352.970723235      -7.10      1.98     -0.62  0.       -5151.798       3054.346      -1622.730    0.000  -0.055   0.152   0.
  2017 352 23 17 51 487 352.970734809      -7.13      1.93     -0.62  0.       -5150.913       3052.426      -1624.407    0.000  -0.055   0.152   0.
  2017 352 23 17 52 487 352.970746383      -7.12      1.96     -0.61  0.       -5150.027       3050.505      -1626.084    0.000  -0.055   0.152   0.
  2017 352 23 17 53 487 352.970757957      -7.13      1.96     -0.61  0.       -5149.141       3048.584      -1627.760    0.000  -0.055   0.152   0.
  2017 352 23 17 54 487 352.970769531      -7.16      1.94     -0.59  0.       -5148.253       3046.662      -1629.436    0.000  -0.055   0.152   0.
  2017 352 23 17 55 487 352.970781105      -7.18      1.89     -0.60  0.       -5147.364       3044.740      -1631.111    0.000  -0.055   0.152   0.
  2017 352 23 17 56 487 352.970792679      -7.16      1.95     -0.58  0.       -5146.475       3042.817      -1632.787    0.000  -0.055   0.152   0.
  2017 352 23 17 57 487 352.970804254      -7.16      1.92     -0.58  0.       -5145.584       3040.894      -1634.462    0.000  -0.055   0.152   0.
  2017 352 23 17 58 487 352.970815828      -7.15      1.92     -0.55  0.       -5144.693       3038.970      -1636.136    0.000  -0.055   0.152   0.
  2017 352 23 17 59 487 352.970827402      -7.15      1.98     -0.55  0.       -5143.800       3037.046      -1637.811    0.000  -0.055   0.152   0.
  2017 352 23 18  0 487 352.970838976      -7.16      1.96     -0.51  0.       -5142.907       3035.121      -1639.485    0.000  -0.055   0.152   0.
  2017 352 23 18  1 487 352.970850550      -7.13      2.02     -0.46  0.       -5142.013       3033.195      -1641.159    0.000  -0.055   0.152   0.
  2017 352 23 18  2 487 352.970862124      -7.11      2.11     -0.45  0.       -5141.118       3031.269      -1642.832    0.000  -0.055   0.152   0.
  2017 352 23 18  3 487 352.970873698      -7.11      2.07     -0.47  0.       -5140.222       3029.343      -1644.506    0.000  -0.055   0.152   0.
  2017 352 23 18  4 487 352.970885272      -7.15      2.05     -0.48  0.       -5139.325       3027.416      -1646.179    0.000  -0.055   0.152   0.
  2017 352 23 18  5 487 352.970896846      -7.16      2.05     -0.52  0.       -5138.427       3025.488      -1647.851    0.000  -0.055   0.152   0.
  2017 352 23 18  6 487 352.970908420      -7.14      2.00     -0.53  0.       -5137.528       3023.560      -1649.524    0.000  -0.055   0.151   0.
  2017 352 23 18  7 487 352.970919994      -7.20      1.95     -0.53  0.       -5136.628       3021.631      -1651.196    0.000  -0.055   0.151   0.
  2017 352 23 18  8 487 352.970931568      -7.17      1.97     -0.54  0.       -5135.728       3019.701      -1652.867    0.000  -0.055   0.151   0.
  2017 352 23 18  9 487 352.970943142      -7.15      1.97     -0.53  0.       -5134.826       3017.772      -1654.539    0.000  -0.055   0.151   0.
  2017 352 23 18 10 487 352.970954716      -7.20      1.91     -0.54  0.       -5133.923       3015.841      -1656.210    0.000  -0.055   0.151   0.
  2017 352 23 18 11 487 352.970966290      -7.15      1.93     -0.55  0.       -5133.020       3013.910      -1657.881    0.000  -0.055   0.151   0.
  2017 352 23 18 12 487 352.970977865      -7.17      1.89     -0.54  0.       -5132.116       3011.979      -1659.552    0.000  -0.055   0.150   0.
  2017 352 23 18 13 487 352.970989439      -7.18      1.93     -0.52  0.       -5131.210       3010.046      -1661.222    0.000  -0.055   0.150   0.
  2017 352 23 18 14 487 352.971001013      -7.15      1.90     -0.55  0.       -5130.304       3008.114      -1662.892    0.000  -0.054   0.149   0.
  2017 352 23 18 15 487 352.971012587      -7.15      1.87     -0.55  0.       -5129.397       3006.181      -1664.561    0.000  -0.054   0.149   0.
  2017 352 23 18 16 487 352.971024161      -7.14      1.91     -0.56  0.       -5128.489       3004.247      -1666.231    0.000  -0.054   0.149   0.
  2017 352 23 18 17 487 352.971035735      -7.15      1.89     -0.54  0.       -5127.579       3002.313      -1667.900    0.000  -0.054   0.148   0.
  2017 352 23 18 18 487 352.971047309      -7.13      1.88     -0.54  0.       -5126.669       3000.378      -1669.568    0.000  -0.054   0.147   0.
  2017 352 23 18 19 487 352.971058883      -7.16      1.91     -0.54  0.       -5125.759       2998.443      -1671.237    0.000  -0.054   0.146   0.
  2017 352 23 18 20 487 352.971070457      -7.14      1.89     -0.52  0.       -5124.847       2996.507      -1672.905    0.000  -0.053   0.145   0.
  2017 352 23 18 21 487 352.971082030      -7.16      1.90     -0.51  0.       -5123.934       2994.570      -1674.573    0.000  -0.053   0.144   0.
  2017 352 23 18 22 487 352.971093602      -7.19      1.92     -0.51  0.       -5123.020       2992.633      -1676.240    0.000  -0.052   0.142   0.
  2017 352 23 18 23 487 352.971105177      -7.17      1.86     -0.52  0.       -5122.105       2990.696      -1677.907    0.000  -0.051   0.140   0.
  2017 352 23 18 24 487 352.971116751      -7.23      1.87     -0.53  0.       -5121.190       2988.758      -1679.574    0.000  -0.050   0.138   0.
  2017 352 23 18 25 487 352.971128325      -7.25      1.89     -0.52  0.       -5120.273       2986.819      -1681.241    0.000  -0.050   0.136   0.
  2017 352 23 18 26 487 352.971139899      -7.23      1.87     -0.51  0.       -5119.356       2984.880      -1682.907    0.000  -0.049   0.134   0.
  2017 352 23 18 27 487 352.971151473      -7.23      1.87     -0.49  0.       -5118.437       2982.940      -1684.573    0.000  -0.048   0.132   0.
  2017 352 23 18 28 487 352.971163047      -7.21      1.88     -0.45  0.       -5117.518       2981.000      -1686.239    0.000  -0.047   0.129   0.
  2017 352 23 18 29 487 352.971174621      -7.23      1.85     -0.45  0.       -5116.598       2979.059      -1687.904    0.000  -0.046   0.127   0.
  2017 352 23 18 30 487 352.971186195      -7.22      1.89     -0.42  0.       -5115.676       2977.118      -1689.569    0.000  -0.045   0.124   0.
  2017 352 23 18 31 487 352.971197769      -7.22      1.85     -0.41  0.       -5114.754       2975.176      -1691.234    0.000  -0.044   0.122   0.
  2017 352 23 18 32 487 352.971209343      -7.26      1.80     -0.47  0.       -5113.831       2973.233      -1692.898    0.000  -0.043   0.118   0.
  2017 352 23 18 33 487 352.971220917      -7.27      1.80     -0.47  0.       -5112.907       2971.290      -1694.562    0.000  -0.042   0.115   0.
  2017 352 23 18 34 487 352.971232491      -7.29      1.79     -0.46  0.       -5111.982       2969.347      -1696.226    0.000  -0.040   0.110   0.
  2017 352 23 18 35 487 352.971244065      -7.27      1.79     -0.45  0.       -5111.056       2967.402      -1697.890    0.000  -0.039   0.107   0.
  2017 352 23 18 36 487 352.971255639      -7.30      1.76     -0.45  0.       -5110.129       2965.458      -1699.553    0.000  -0.037   0.103   0.
  2017 352 23 18 37 487 352.971267214      -7.33      1.73     -0.44  0.       -5109.202       2963.513      -1701.216    0.000  -0.036   0.100   0.
  2017 352 23 18 38 487 352.971278788      -7.35      1.72     -0.41  0.       -5108.273       2961.567      -1702.878    0.000  -0.034   0.094   0.
  2017 352 23 18 39 487 352.971290362      -7.36      1.71     -0.42  0.       -5107.343       2959.621      -1704.540    0.000  -0.033   0.090   0.
  2017 352 23 18 40 487 352.971301936      -7.42      1.65     -0.45  0.       -5106.412       2957.674      -1706.202    0.000  -0.031   0.084   0.
  2017 352 23 18 41 487 352.971313510      -7.40      1.70     -0.42  0.       -5105.481       2955.726      -1707.864    0.000  -0.030   0.081   0.
  2017 352 23 18 42 487 352.971325084      -7.42      1.66     -0.39  0.       -5104.548       2953.778      -1709.525    0.000  -0.027   0.075   0.
  2017 352 23 18 43 487 352.971336658      -7.47      1.62     -0.44  0.       -5103.615       2951.830      -1711.186    0.000  -0.026   0.072   0.
  2017 352 23 18 44 487 352.971348232      -7.45      1.63     -0.45  0.       -5102.680       2949.881      -1712.847    0.000  -0.024   0.066   0.
  2017 352 23 18 45 487 352.971359806      -7.46      1.54     -0.43  0.       -5101.745       2947.931      -1714.507    0.000  -0.023   0.063   0.
  2017 352 23 18 46 487 352.971371380      -7.49      1.55     -0.46  0.       -5100.809       2945.981      -1716.167    0.000  -0.021   0.057   0.
  2017 352 23 18 47 487 352.971382954      -7.48      1.55     -0.41  0.       -5099.871       2944.031      -1717.827    0.000  -0.020   0.054   0.
  2017 352 23 18 48 487 352.971394528      -7.48      1.51     -0.40  0.       -5098.933       2942.080      -1719.486    0.000  -0.018   0.048   0.
  2017 352 23 18 49 487 352.971406102      -7.48      1.47     -0.43  0.       -5097.994       2940.128      -1721.145    0.000  -0.017   0.045   0.
  2017 352 23 18 50 487 352.971417677      -7.48      1.42     -0.41  0.       -5097.054       2938.175      -1722.804    0.000  -0.015   0.040   0.
  2017 352 23 18 51 487 352.971429250      -7.45      1.45     -0.39  0.       -5096.113       2936.223      -1724.462    0.000  -0.014   0.038   0.
  2017 352 23 18 52 487 352.971440822      -7.44      1.46     -0.41  0.       -5095.171       2934.269      -1726.120    0.000  -0.012   0.034   0.
  2017 352 23 18 53 487 352.971452396      -7.42      1.42     -0.39  0.       -5094.228       2932.315      -1727.778    0.000  -0.011   0.032   0.
  2017 352 23 18 54 487 352.971463970      -7.44      1.39     -0.40  0.       -5093.284       2930.361      -1729.436    0.000  -0.010   0.028   0.
  2017 352 23 18 55 487 352.971475544      -7.43      1.39     -0.37  0.       -5092.339       2928.406      -1731.093    0.000  -0.009   0.026   0.
  2017 352 23 18 56 486 352.971487118      -7.45      1.34     -0.38  0.       -5091.394       2926.450      -1732.749    0.000  -0.008   0.022   0.
  2017 352 23 18 57 486 352.971498692      -7.45      1.31     -0.41  0.       -5090.447       2924.494      -1734.406    0.000  -0.007   0.021   0.
  2017 352 23 18 58 486 352.971510266      -7.45      1.29     -0.37  0.       -5089.499       2922.537      -1736.062    0.000  -0.006   0.018   0.
  2017 352 23 18 59 486 352.971521840      -7.45      1.30     -0.40  0.       -5088.550       2920.580      -1737.718    0.000  -0.006   0.016   0.
  2017 352 23 19  0 486 352.971533414      -7.47      1.25     -0.41  0.       -5087.601       2918.622      -1739.373    0.000  -0.005   0.013   0.
  2017 352 23 19  1 487 352.971544988      -7.47      1.17     -0.38  0.       -5086.650       2916.664      -1741.028    0.000  -0.004   0.012   0.
  2017 352 23 19  2 486 352.971556563      -7.49      1.19     -0.42  0.       -5085.699       2914.705      -1742.683    0.000  -0.003   0.010   0.
  2017 352 23 19  3 486 352.971568137      -7.49      1.16     -0.42  0.       -5084.746       2912.746      -1744.338    0.000  -0.003   0.009   0.
  2017 352 23 19  4 486 352.971579711      -7.49      1.16     -0.40  0.       -5083.793       2910.786      -1745.992    0.000  -0.002   0.007   0.
  2017 352 23 19  5 487 352.971591285      -7.47      1.16     -0.40  0.       -5082.839       2908.825      -1747.646    0.000  -0.002   0.006   0.
  2017 352 23 19  6 487 352.971602859      -7.49      1.10     -0.37  0.       -5081.883       2906.864      -1749.299    0.000  -0.001   0.004   0.
  2017 352 23 19  7 487 352.971614433      -7.51      1.09     -0.41  0.       -5080.927       2904.903      -1750.952    0.000  -0.001   0.003   0.
  2017 352 23 19  8 487 352.971626007      -7.49      1.08     -0.39  0.       -5079.970       2902.941      -1752.605    0.000  -0.001   0.002   0.
  2017 352 23 19  9 486 352.971637581      -7.50      1.06     -0.38  0.       -5079.012       2900.978      -1754.258    0.000  -0.001   0.002   0.
  2017 352 23 19 10 486 352.971649155      -7.50      1.07     -0.38  0.       -5078.053       2899.015      -1755.910    0.000   0.000   0.001   0.
  2017 352 23 19 11 486 352.971660729      -7.51      1.01     -0.36  0.       -5077.093       2897.051      -1757.562    0.000   0.000   0.001   0.
  2017 352 23 19 12 486 352.971672303      -7.51      1.05     -0.35  0.       -5076.132       2895.087      -1759.214    0.000   0.000   0.001   0.
  2017 352 23 19 13 486 352.971683877      -7.51      1.05     -0.35  0.       -5075.170       2893.122      -1760.865    0.000   0.000   0.001   0.
  2017 352 23 19 14 487 352.971695451      -7.52      1.00     -0.34  0.       -5074.207       2891.157      -1762.516    0.000   0.000   0.000   0.
  2017 352 23 19 15 487 352.971707025      -7.56      1.00     -0.34  0.       -5073.243       2889.191      -1764.166    0.000   0.000   0.000   0.
  2017 352 23 19 16 486 352.971718600      -7.57      0.94     -0.34  0.       -5072.278       2887.224      -1765.816    0.000   0.000   0.000   0.
  2017 352 23 19 17 486 352.971730174      -7.62      0.94     -0.34  0.       -5071.312       2885.257      -1767.466    0.000   0.000   0.000   0.
  2017 352 23 19 18 487 352.971741748      -7.60      0.95     -0.31  0.       -5070.346       2883.289      -1769.116    0.000   0.000   0.000   0.
  2017 352 23 19 19 487 352.971753322      -7.61      0.93     -0.32  0.       -5069.378       2881.321      -1770.765    0.000   0.000   0.000   0.
  2017 352 23 19 20 487 352.971764896      -7.63      0.96     -0.29  0.       -5068.409       2879.353      -1772.414    0.000   0.000   0.000   0.
  2017 352 23 19 21 487 352.971776469      -7.61      0.92     -0.30  0.       -5067.440       2877.384      -1774.062    0.000   0.000   0.000   0.
  2017 352 23 19 22 486 352.971788041      -7.61      0.87     -0.29  0.       -5066.469       2875.414      -1775.710    0.000   0.000   0.000   0.
  2017 352 23 19 23 486 352.971799615      -7.61      0.89     -0.28  0.       -5065.497       2873.444      -1777.358    0.000   0.000   0.000   0.
  2017 352 23 19 24 486 352.971811189      -7.58      0.82     -0.31  0.       -5064.525       2871.473      -1779.006    0.000   0.000   0.000   0.
  2017 352 23 19 25 486 352.971822763      -7.58      0.88     -0.31  0.       -5063.551       2869.501      -1780.653    0.000   0.000   0.000   0.
  2017 352 23 19 26 486 352.971834337      -7.55      0.83     -0.33  0.       -5062.577       2867.529      -1782.300    0.000   0.000   0.000   0.
  2017 352 23 19 27 486 352.971845911      -7.59      0.86     -0.32  0.       -5061.601       2865.557      -1783.946    0.000   0.000   0.000   0.
  2017 352 23 19 28 486 352.971857486      -7.56      0.85     -0.35  0.       -5060.625       2863.584      -1785.593    0.000   0.000   0.000   0.
  2017 352 23 19 29 486 352.971869060      -7.54      0.81     -0.33  0.       -5059.648       2861.610      -1787.238    0.000   0.000   0.000   0.
  2017 352 23 19 30 486 352.971880634      -7.56      0.85     -0.37  0.       -5058.670       2859.636      -1788.884    0.000   0.000   0.000   0.
  2017 352 23 19 31 486 352.971892208      -7.54      0.80     -0.38  0.       -5057.690       2857.662      -1790.529    0.000   0.000   0.000   0.
  2017 352 23 19 32 486 352.971903782      -7.58      0.80     -0.37  0.       -5056.710       2855.686      -1792.174    0.000   0.000   0.000   0.
  2017 352 23 19 33 486 352.971915356      -7.54      0.85     -0.37  0.       -5055.729       2853.711      -1793.818    0.000   0.000   0.000   0.
  2017 352 23 19 34 486 352.971926930      -7.56      0.84     -0.39  0.       -5054.747       2851.734      -1795.462    0.000   0.000   0.000   0.
  2017 352 23 19 35 486 352.971938504      -7.56      0.90     -0.39  0.       -5053.764       2849.758      -1797.106    0.000   0.000   0.000   0.
  2017 352 23 19 36 486 352.971950078      -7.54      0.82     -0.38  0.       -5052.780       2847.780      -1798.749    0.000   0.000   0.000   0.
  2017 352 23 19 37 486 352.971961652      -7.55      0.86     -0.36  0.       -5051.795       2845.802      -1800.393    0.000   0.000   0.000   0.
  2017 352 23 19 38 486 352.971973226      -7.54      0.85     -0.38  0.       -5050.809       2843.824      -1802.035    0.000   0.000   0.000   0.
  2017 352 23 19 39 486 352.971984800      -7.57      0.83     -0.38  0.       -5049.822       2841.845      -1803.678    0.000   0.000   0.000   0.
  2017 352 23 19 40 486 352.971996374      -7.54      0.86     -0.39  0.       -5048.834       2839.865      -1805.320    0.000   0.000   0.000   0.
  2017 352 23 19 41 486 352.972007948      -7.53      0.82     -0.36  0.       -5047.845       2837.885      -1806.961    0.000   0.000   0.000   0.
  2017 352 23 19 42 486 352.972019523      -7.54      0.83     -0.38  0.       -5046.855       2835.904      -1808.603    0.000   0.000   0.000   0.
  2017 352 23 19 43 486 352.972031097      -7.52      0.83     -0.33  0.       -5045.864       2833.923      -1810.244    0.000   0.000   0.000   0.
  2017 352 23 19 44 486 352.972042671      -7.55      0.85     -0.35  0.       -5044.872       2831.942      -1811.884    0.000   0.000   0.000   0.
  2017 352 23 19 45 486 352.972054245      -7.50      0.83     -0.37  0.       -5043.880       2829.959      -1813.525    0.000   0.000   0.000   0.
  2017 352 23 19 46 486 352.972065819      -7.50      0.82     -0.38  0.       -5042.886       2827.976      -1815.165    0.000   0.000   0.000   0.
  2017 352 23 19 47 486 352.972077393      -7.48      0.86     -0.41  0.       -5041.891       2825.993      -1816.804    0.000   0.000   0.000   0.
  2017 352 23 19 48 486 352.972088967      -7.47      0.84     -0.44  0.       -5040.896       2824.009      -1818.444    0.000   0.000   0.000   0.
  2017 352 23 19 49 486 352.972100541      -7.48      0.84     -0.48  0.       -5039.899       2822.025      -1820.082    0.000   0.000   0.000   0.
  2017 352 23 19 50 486 352.972112115      -7.46      0.82     -0.43  0.       -5038.901       2820.040      -1821.721    0.000   0.000   0.000   0.
  2017 352 23 19 51 486 352.972123688      -7.44      0.83     -0.47  0.       -5037.903       2818.054      -1823.359    0.000   0.000   0.000   0.
  2017 352 23 19 52 486 352.972135260      -7.43      0.85     -0.47  0.       -5036.903       2816.068      -1824.997    0.000   0.000   0.000   0.
  2017 352 23 19 53 486 352.972146834      -7.40      0.85     -0.43  0.       -5035.903       2814.081      -1826.634    0.000   0.000   0.000   0.
  2017 352 23 19 54 486 352.972158409      -7.41      0.92     -0.43  0.       -5034.901       2812.094      -1828.271    0.000   0.000   0.000   0.
  2017 352 23 19 55 486 352.972169983      -7.38      0.90     -0.43  0.       -5033.899       2810.107      -1829.908    0.000   0.000   0.000   0.
  2017 352 23 19 56 486 352.972181557      -7.38      0.92     -0.47  0.       -5032.895       2808.118      -1831.545    0.000   0.000   0.000   0.
  2017 352 23 19 57 486 352.972193131      -7.33      0.96     -0.40  0.       -5031.891       2806.130      -1833.181    0.000   0.000   0.000   0.
  2017 352 23 19 58 486 352.972204705      -7.34      0.95     -0.34  0.       -5030.885       2804.140      -1834.816    0.000   0.000   0.000   0.
  2017 352 23 19 59 486 352.972216279      -7.34      1.01     -0.29  0.       -5029.879       2802.150      -1836.452    0.000   0.000   0.000   0.
  2017 352 23 20  0 486 352.972227853      -7.23      1.06     -0.25  0.       -5028.872       2800.160      -1838.087    0.000   0.000   0.000   0.
  2017 352 23 20  1 486 352.972239427      -7.24      1.11     -0.24  0.       -5027.863       2798.169      -1839.721    0.000   0.000   0.000   0.
  2017 352 23 20  2 486 352.972251001      -7.14      1.08     -0.28  0.       -5026.854       2796.177      -1841.356    0.000   0.000   0.000   0.
  2017 352 23 20  3 486 352.972262575      -7.14      1.09     -0.29  0.       -5025.844       2794.185      -1842.990    0.000   0.000   0.000   0.
  2017 352 23 20  4 486 352.972274149      -7.07      1.07     -0.35  0.       -5024.832       2792.193      -1844.623    0.000   0.000   0.000   0.
  2017 352 23 20  5 486 352.972285723      -7.04      1.08     -0.35  0.       -5023.820       2790.200      -1846.256    0.000   0.000   0.000   0.
  2017 352 23 20  6 486 352.972297297      -6.97      1.11     -0.40  0.       -5022.807       2788.206      -1847.889    0.000   0.000   0.000   0.
  2017 352 23 20  7 486 352.972308872      -6.94      1.02     -0.41  0.       -5021.793       2786.212      -1849.521    0.000   0.000   0.000   0.
  2017 352 23 20  8 486 352.972320446      -6.90      1.09     -0.45  0.       -5020.778       2784.217      -1851.153    0.000   0.000   0.000   0.
  2017 352 23 20  9 486 352.972332020      -6.84      1.05     -0.43  0.       -5019.762       2782.222      -1852.785    0.000   0.000   0.000   0.
  2017 352 23 20 10 486 352.972343594      -6.85      1.07     -0.48  0.       -5018.744       2780.226      -1854.417    0.000   0.000   0.000   0.
  2017 352 23 20 11 486 352.972355168      -6.81      1.02     -0.48  0.       -5017.726       2778.229      -1856.048    0.000   0.000   0.000   0.
  2017 352 23 20 12 486 352.972366742      -6.83      0.96     -0.51  0.       -5016.707       2776.232      -1857.679    0.000   0.000   0.000   0.
  2017 352 23 20 13 486 352.972378316      -6.78      0.94     -0.50  0.       -5015.687       2774.235      -1859.309    0.000   0.000   0.000   0.
  2017 352 23 20 14 486 352.972389890      -6.79      0.84     -0.60  0.       -5014.666       2772.237      -1860.939    0.000   0.000   0.000   0.
  2017 352 23 20 15 486 352.972401464      -6.77      0.81     -0.63  0.       -5013.644       2770.238      -1862.569    0.000   0.000   0.000   0.
  2017 352 23 20 16 486 352.972413038      -6.79      0.70     -0.70  0.       -5012.621       2768.239      -1864.198    0.000   0.000   0.000   0.
  2017 352 23 20 17 486 352.972424612      -6.74      0.75     -0.72  0.       -5011.597       2766.239      -1865.827    0.000   0.000   0.000   0.
  2017 352 23 20 18 486 352.972436186      -6.63      0.79     -0.68  0.       -5010.572       2764.239      -1867.455    0.000   0.000   0.000   0.
  2017 352 23 20 19 486 352.972447760      -6.63      0.79     -0.71  0.       -5009.546       2762.239      -1869.083    0.000   0.000   0.000   0.
  2017 352 23 20 20 486 352.972459334      -6.57      0.78     -0.72  0.       -5008.519       2760.237      -1870.711    0.000   0.000   0.000   0.
  2017 352 23 20 21 486 352.972470907      -6.56      0.71     -0.77  0.       -5007.491       2758.236      -1872.338    0.000   0.000   0.000   0.
  2017 352 23 20 22 486 352.972482480      -6.50      0.75     -0.83  0.       -5006.462       2756.233      -1873.965    0.000   0.000   0.000   0.
  2017 352 23 20 23 486 352.972494054      -6.50      0.62     -0.85  0.       -5005.432       2754.230      -1875.592    0.000   0.000   0.000   0.
  2017 352 23 20 24 486 352.972505628      -6.47      0.62     -0.90  0.       -5004.402       2752.227      -1877.218    0.000   0.000   0.000   0.
  2017 352 23 20 25 486 352.972517202      -6.43      0.55     -0.96  0.       -5003.370       2750.223      -1878.844    0.000   0.000   0.000   0.
  2017 352 23 20 26 486 352.972528776      -6.43      0.59     -0.99  0.       -5002.337       2748.218      -1880.470    0.000   0.000   0.000   0.
  2017 352 23 20 27 486 352.972540350      -6.38      0.54     -1.05  0.       -5001.303       2746.213      -1882.095    0.000   0.000   0.000   0.
  2017 352 23 20 28 486 352.972551924      -6.39      0.57     -1.07  0.       -5000.268       2744.208      -1883.719    0.000   0.000   0.000   0.
  2017 352 23 20 29 486 352.972563498      -6.33      0.53     -1.05  0.       -4999.233       2742.201      -1885.344    0.000   0.000   0.000   0.
  2017 352 23 20 30 486 352.972575072      -6.37      0.48     -1.10  0.       -4998.196       2740.195      -1886.968    0.000   0.000   0.000   0.
  2017 352 23 20 31 486 352.972586646      -6.32      0.48     -1.14  0.       -4997.158       2738.187      -1888.592    0.000   0.000   0.000   0.
  2017 352 23 20 32 486 352.972598221      -6.34      0.43     -1.15  0.       -4996.119       2736.180      -1890.215    0.000   0.000   0.000   0.
  2017 352 23 20 33 486 352.972609795      -6.36      0.39     -1.21  0.       -4995.079       2734.171      -1891.838    0.000   0.000   0.000   0.
  2017 352 23 20 34 486 352.972621369      -6.31      0.35     -1.22  0.       -4994.039       2732.162      -1893.460    0.000   0.000   0.000   0.
  2017 352 23 20 35 486 352.972632943      -6.33      0.37     -1.21  0.       -4992.997       2730.153      -1895.082    0.000   0.000   0.000   0.
  2017 352 23 20 36 486 352.972644517      -6.27      0.35     -1.18  0.       -4991.954       2728.143      -1896.704    0.000   0.000   0.000   0.
  2017 352 23 20 37 486 352.972656091      -6.30      0.36     -1.17  0.       -4990.910       2726.133      -1898.326    0.000   0.000   0.000   0.
  2017 352 23 20 38 486 352.972667665      -6.25      0.33     -1.17  0.       -4989.866       2724.122      -1899.947    0.000   0.000   0.000   0.
  2017 352 23 20 39 486 352.972679239      -6.28      0.36     -1.16  0.       -4988.820       2722.110      -1901.567    0.000   0.000   0.000   0.
  2017 352 23 20 40 486 352.972690813      -6.22      0.31     -1.20  0.       -4987.773       2720.098      -1903.187    0.000   0.000   0.000   0.
  2017 352 23 20 41 486 352.972702387      -6.27      0.25     -1.23  0.       -4986.726       2718.085      -1904.807    0.000   0.000   0.000   0.
  2017 352 23 20 42 486 352.972713961      -6.18      0.28     -1.20  0.       -4985.677       2716.072      -1906.427    0.000   0.000   0.000   0.
  2017 352 23 20 43 486 352.972725535      -6.18      0.27     -1.19  0.       -4984.627       2714.058      -1908.046    0.000   0.000   0.000   0.
  2017 352 23 20 44 486 352.972737109      -6.11      0.33     -1.20  0.       -4983.577       2712.044      -1909.665    0.000   0.000   0.000   0.
  2017 352 23 20 45 486 352.972748683      -6.06      0.37     -1.11  0.       -4982.525       2710.029      -1911.283    0.000   0.000   0.000   0.
  2017 352 23 20 46 486 352.972760258      -6.02      0.38     -1.14  0.       -4981.472       2708.014      -1912.901    0.000   0.000   0.000   0.
  2017 352 23 20 47 486 352.972771832      -6.02      0.31     -1.12  0.       -4980.419       2705.997      -1914.519    0.000   0.000   0.000   0.
  2017 352 23 20 48 486 352.972783406      -5.99      0.37     -1.12  0.       -4979.364       2703.982      -1916.136    0.000   0.000   0.000   0.
  2017 352 23 20 49 486 352.972794980      -5.97      0.34     -1.10  0.       -4978.309       2701.964      -1917.753    0.000   0.000   0.000   0.
  2017 352 23 20 50 486 352.972806554      -5.99      0.33     -1.14  0.       -4977.252       2699.947      -1919.369    0.000   0.000   0.000   0.
  2017 352 23 20 51 486 352.972818127      -5.94      0.34     -1.14  0.       -4976.194       2697.929      -1920.985    0.000   0.000   0.000   0.
  2017 352 23 20 52 485 352.972829699      -5.96      0.32     -1.15  0.       -4975.136       2695.910      -1922.601    0.000   0.000   0.000   0.
  2017 352 23 20 53 485 352.972841273      -5.91      0.29     -1.17  0.       -4974.076       2693.891      -1924.216    0.000   0.000   0.000   0.
  2017 352 23 20 54 485 352.972852847      -5.95      0.30     -1.18  0.       -4973.015       2691.871      -1925.831    0.000   0.000   0.000   0.
  2017 352 23 20 55 485 352.972864421      -5.91      0.27     -1.20  0.       -4971.954       2689.851      -1927.445    0.000   0.000   0.000   0.
  2017 352 23 20 56 486 352.972875995      -5.95      0.25     -1.20  0.       -4970.891       2687.830      -1929.060    0.000   0.000   0.000   0.
  2017 352 23 20 57 486 352.972887569      -5.94      0.26     -1.23  0.       -4969.828       2685.809      -1930.673    0.000   0.000   0.000   0.
  2017 352 23 20 58 485 352.972899143      -6.00      0.22     -1.22  0.       -4968.763       2683.787      -1932.287    0.000   0.000   0.000   0.
  2017 352 23 20 59 485 352.972910718      -6.01      0.26     -1.20  0.       -4967.697       2681.765      -1933.900    0.000   0.000   0.000   0.
  2017 352 23 21  0 486 352.972922292      -6.07      0.23     -1.18  0.       -4966.631       2679.742      -1935.512    0.000   0.000   0.000   0.
  2017 352 23 21  1 486 352.972933866      -6.05      0.26     -1.14  0.       -4965.563       2677.718      -1937.124    0.000   0.000   0.000   0.
  2017 352 23 21  2 486 352.972945440      -6.08      0.26     -1.14  0.       -4964.494       2675.694      -1938.736    0.000   0.000   0.000   0.
  2017 352 23 21  3 486 352.972957014      -6.09      0.27     -1.12  0.       -4963.425       2673.670      -1940.347    0.000   0.000   0.000   0.
  2017 352 23 21  4 486 352.972968588      -6.09      0.19     -1.13  0.       -4962.354       2671.645      -1941.958    0.000   0.000   0.000   0.
  2017 352 23 21  5 485 352.972980162      -6.16      0.21     -1.14  0.       -4961.282       2669.619      -1943.569    0.000   0.000   0.000   0.
  2017 352 23 21  6 485 352.972991736      -6.17      0.15     -1.17  0.       -4960.210       2667.593      -1945.179    0.000   0.000   0.000   0.
  2017 352 23 21  7 485 352.973003310      -6.19      0.23     -1.12  0.       -4959.136       2665.566      -1946.789    0.000   0.000   0.000   0.
  2017 352 23 21  8 485 352.973014884      -6.18      0.19     -1.15  0.       -4958.062       2663.539      -1948.398    0.000   0.000   0.000   0.
  2017 352 23 21  9 485 352.973026458      -6.20      0.23     -1.12  0.       -4956.986       2661.511      -1950.007    0.000   0.000   0.000   0.
  2017 352 23 21 10 486 352.973038032      -6.20      0.19     -1.06  0.       -4955.909       2659.483      -1951.616    0.000   0.000   0.000   0.
  2017 352 23 21 11 486 352.973049606      -6.21      0.23     -1.04  0.       -4954.832       2657.454      -1953.224    0.000   0.000   0.000   0.
  2017 352 23 21 12 485 352.973061181      -6.26      0.14     -1.06  0.       -4953.753       2655.425      -1954.832    0.000   0.000   0.000   0.
  2017 352 23 21 13 485 352.973072755      -6.29      0.18     -1.09  0.       -4952.673       2653.395      -1956.440    0.000   0.000   0.000   0.
  2017 352 23 21 14 486 352.973084329      -6.30      0.17     -1.07  0.       -4951.593       2651.364      -1958.047    0.000   0.000   0.000   0.
  2017 352 23 21 15 486 352.973095903      -6.33      0.19     -1.08  0.       -4950.511       2649.333      -1959.653    0.000   0.000   0.000   0.
  2017 352 23 21 16 486 352.973107477      -6.31      0.18     -1.03  0.       -4949.428       2647.301      -1961.259    0.000   0.000   0.000   0.
  2017 352 23 21 17 486 352.973119051      -6.41      0.12     -1.06  0.       -4948.345       2645.269      -1962.865    0.000   0.000   0.000   0.
  2017 352 23 21 18 486 352.973130625      -6.42      0.09     -1.05  0.       -4947.260       2643.237      -1964.471    0.000   0.000   0.000   0.
  2017 352 23 21 19 485 352.973142199      -6.50      0.08     -1.06  0.       -4946.174       2641.204      -1966.076    0.000   0.000   0.000   0.
  2017 352 23 21 20 485 352.973153773      -6.49      0.03     -1.06  0.       -4945.088       2639.170      -1967.680    0.000   0.000   0.000   0.
  2017 352 23 21 21 485 352.973165347      -6.56      0.04     -1.03  0.       -4944.000       2637.136      -1969.285    0.000   0.000   0.000   0.
  2017 352 23 21 22 485 352.973176921      -6.55      0.03     -1.00  0.       -4942.911       2635.101      -1970.888    0.000   0.000   0.000   0.
  2017 352 23 21 23 486 352.973188494      -6.64      0.00     -0.98  0.       -4941.821       2633.065      -1972.492    0.000   0.000   0.000   0.
  2017 352 23 21 24 485 352.973200067      -6.69     -0.05     -0.97  0.       -4940.731       2631.030      -1974.095    0.000   0.000   0.000   0.
  2017 352 23 21 25 485 352.973211641      -6.78     -0.05     -1.00  0.       -4939.639       2628.993      -1975.697    0.000   0.000   0.000   0.
  2017 352 23 21 26 485 352.973223215      -6.82     -0.04     -0.97  0.       -4938.546       2626.956      -1977.300    0.000   0.000   0.000   0.
  2017 352 23 21 27 485 352.973234789      -6.92     -0.08     -0.97  0.       -4937.452       2624.919      -1978.901    0.000   0.000   0.000   0.
  2017 352 23 21 28 485 352.973246363      -6.92     -0.04     -1.01  0.       -4936.358       2622.881      -1980.503    0.000   0.000   0.000   0.
  2017 352 23 21 29 485 352.973257937      -7.04     -0.03     -1.07  0.       -4935.262       2620.842      -1982.104    0.000   0.000   0.000   0.
  2017 352 23 21 30 485 352.973269511      -7.03      0.04     -1.04  0.       -4934.165       2618.803      -1983.704    0.000   0.000   0.000   0.
  2017 352 23 21 31 485 352.973281085      -7.16      0.07     -1.02  0.       -4933.067       2616.763      -1985.304    0.000   0.000   0.000   0.
  2017 352 23 21 32 485 352.973292659      -7.26      0.07     -0.87  0.       -4931.968       2614.723      -1986.904    0.000   0.000   0.000   0.
  2017 352 23 21 33 485 352.973304233      -7.41      0.07     -0.64  0.       -4930.868       2612.682      -1988.504    0.000   0.000   0.000   0.
  2017 352 23 21 34 485 352.973315807      -7.46      0.11     -0.45  0.       -4929.768       2610.641      -1990.102    0.000   0.000   0.000   0.
  2017 352 23 21 35 485 352.973327381      -7.57      0.17     -0.29  0.       -4928.666       2608.599      -1991.701    0.000   0.000   0.000   0.
  2017 352 23 21 36 485 352.973338955      -7.62      0.21     -0.19  0.       -4927.563       2606.557      -1993.299    0.000   0.000   0.000   0.
  2017 352 23 21 37 485 352.973350529      -7.71      0.25     -0.16  0.       -4926.459       2604.514      -1994.897    0.000   0.000   0.000   0.
  2017 352 23 21 38 485 352.973362104      -7.75      0.26     -0.13  0.       -4925.354       2602.471      -1996.494    0.000   0.000   0.000   0.
  2017 352 23 21 39 485 352.973373678      -7.83      0.23     -0.14  0.       -4924.248       2600.427      -1998.091    0.000   0.000   0.000   0.
  2017 352 23 21 40 485 352.973385252      -7.88      0.15     -0.18  0.       -4923.141       2598.382      -1999.687    0.000   0.000   0.000   0.
  2017 352 23 21 41 485 352.973396826      -7.97      0.14     -0.20  0.       -4922.033       2596.337      -2001.283    0.000   0.000   0.000   0.
  2017 352 23 21 42 485 352.973408400      -7.97      0.17     -0.18  0.       -4920.924       2594.292      -2002.879    0.000   0.000   0.000   0.
  2017 352 23 21 43 485 352.973419974      -8.04      0.16     -0.17  0.       -4919.814       2592.246      -2004.474    0.000   0.000   0.000   0.
  2017 352 23 21 44 485 352.973431548      -8.08      0.13     -0.14  0.       -4918.703       2590.199      -2006.069    0.000   0.000   0.000   0.
  2017 352 23 21 45 485 352.973443122      -8.19      0.06     -0.19  0.       -4917.591       2588.152      -2007.663    0.000   0.000   0.000   0.
  2017 352 23 21 46 485 352.973454696      -8.17      0.00     -0.18  0.       -4916.478       2586.104      -2009.257    0.000   0.000   0.000   0.
  2017 352 23 21 47 485 352.973466270      -8.21      0.05     -0.11  0.       -4915.364       2584.056      -2010.851    0.000   0.000   0.000   0.
  2017 352 23 21 48 485 352.973477844      -8.20      0.05     -0.13  0.       -4914.249       2582.007      -2012.444    0.000   0.000   0.000   0.
  2017 352 23 21 49 485 352.973489418      -8.26      0.08     -0.16  0.       -4913.132       2579.958      -2014.037    0.000   0.000   0.000   0.
  2017 352 23 21 50 485 352.973500992      -8.23      0.08     -0.13  0.       -4912.015       2577.908      -2015.629    0.000   0.000   0.000   0.
  2017 352 23 21 51 485 352.973512567      -8.26      0.14     -0.18  0.       -4910.897       2575.858      -2017.221    0.000   0.000   0.000   0.
  2017 352 23 21 52 485 352.973524141      -8.22      0.15     -0.15  0.       -4909.777       2573.807      -2018.812    0.000   0.000   0.000   0.
  2017 352 23 21 53 485 352.973535714      -8.21      0.22     -0.13  0.       -4908.657       2571.755      -2020.403    0.000   0.000   0.000   0.
  2017 352 23 21 54 485 352.973547286      -8.19      0.14     -0.18  0.       -4907.536       2569.703      -2021.994    0.000   0.000   0.000   0.
  2017 352 23 21 55 485 352.973558860      -8.19      0.18     -0.18  0.       -4906.414       2567.651      -2023.584    0.000   0.000   0.000   0.
  2017 352 23 21 56 485 352.973570434      -8.13      0.14     -0.21  0.       -4905.291       2565.598      -2025.174    0.000   0.000   0.000   0.
  2017 352 23 21 57 485 352.973582008      -8.09      0.22     -0.20  0.       -4904.167       2563.544      -2026.763    0.000   0.000   0.000   0.
  2017 352 23 21 58 485 352.973593582      -8.07      0.12     -0.24  0.       -4903.041       2561.490      -2028.352    0.000   0.000   0.000   0.
  2017 352 23 21 59 485 352.973605156      -7.99      0.23     -0.20  0.       -4901.915       2559.435      -2029.940    0.000   0.000   0.000   0.
  2017 352 23 22  0 485 352.973616730      -8.01      0.20     -0.19  0.       -4900.787       2557.380      -2031.528    0.000   0.000   0.000   0.
  2017 352 23 22  1 485 352.973628304      -7.99      0.20     -0.20  0.       -4899.659       2555.324      -2033.116    0.000   0.000   0.000   0.
  2017 352 23 22  2 485 352.973639879      -7.99      0.18     -0.24  0.       -4898.529       2553.268      -2034.703    0.000   0.000   0.000   0.
  2017 352 23 22  3 485 352.973651453      -7.92      0.28     -0.21  0.       -4897.399       2551.211      -2036.290    0.000   0.000   0.000   0.
  2017 352 23 22  4 485 352.973663027      -7.94      0.24     -0.24  0.       -4896.267       2549.154      -2037.876    0.000   0.000   0.000   0.
  2017 352 23 22  5 485 352.973674601      -7.88      0.28     -0.24  0.       -4895.135       2547.096      -2039.462    0.000   0.000   0.000   0.
  2017 352 23 22  6 485 352.973686175      -7.93      0.24     -0.30  0.       -4894.001       2545.037      -2041.048    0.000   0.000   0.000   0.
  2017 352 23 22  7 485 352.973697749      -7.87      0.21     -0.30  0.       -4892.867       2542.978      -2042.633    0.000   0.000   0.000   0.
  2017 352 23 22  8 485 352.973709323      -7.89      0.26     -0.32  0.       -4891.731       2540.919      -2044.217    0.000   0.000   0.000   0.
  2017 352 23 22  9 485 352.973720897      -7.86      0.23     -0.34  0.       -4890.594       2538.859      -2045.802    0.000   0.000   0.000   0.
  2017 352 23 22 10 485 352.973732471      -7.84      0.27     -0.36  0.       -4889.457       2536.798      -2047.385    0.000   0.000   0.000   0.
  2017 352 23 22 11 485 352.973744045      -7.81      0.26     -0.40  0.       -4888.318       2534.737      -2048.969    0.000   0.000   0.000   0.
  2017 352 23 22 12 485 352.973755619      -7.80      0.32     -0.38  0.       -4887.178       2532.675      -2050.552    0.000   0.000   0.000   0.
  2017 352 23 22 13 485 352.973767193      -7.72      0.35     -0.33  0.       -4886.037       2530.613      -2052.134    0.000   0.000   0.000   0.
  2017 352 23 22 14 485 352.973778767      -7.73      0.41     -0.36  0.       -4884.896       2528.551      -2053.716    0.000   0.000   0.000   0.
  2017 352 23 22 15 485 352.973790341      -7.70      0.40     -0.40  0.       -4883.753       2526.487      -2055.298    0.000   0.000   0.000   0.
  2017 352 23 22 16 485 352.973801915      -7.65      0.45     -0.40  0.       -4882.609       2524.423      -2056.879    0.000   0.000   0.000   0.
  2017 352 23 22 17 485 352.973813490      -7.65      0.40     -0.42  0.       -4881.464       2522.359      -2058.459    0.000   0.000   0.000   0.
  2017 352 23 22 18 485 352.973825064      -7.59      0.48     -0.44  0.       -4880.318       2520.294      -2060.040    0.000   0.000   0.000   0.
  2017 352 23 22 19 485 352.973836638      -7.54      0.49     -0.43  0.       -4879.171       2518.229      -2061.620    0.000   0.000   0.000   0.
  2017 352 23 22 20 485 352.973848212      -7.48      0.50     -0.38  0.       -4878.023       2516.163      -2063.199    0.000   0.000   0.000   0.
  2017 352 23 22 21 485 352.973859786      -7.50      0.47     -0.44  0.       -4876.874       2514.097      -2064.778    0.000   0.000   0.000   0.
  2017 352 23 22 22 485 352.973871360      -7.45      0.41     -0.43  0.       -4875.724       2512.030      -2066.356    0.000   0.000   0.000   0.
  2017 352 23 22 23 485 352.973882933      -7.45      0.43     -0.42  0.       -4874.573       2509.962      -2067.934    0.000   0.000   0.000   0.
  2017 352 23 22 24 485 352.973894505      -7.44      0.38     -0.46  0.       -4873.421       2507.894      -2069.512    0.000   0.000   0.000   0.
  2017 352 23 22 25 485 352.973906079      -7.44      0.43     -0.47  0.       -4872.267       2505.826      -2071.089    0.000   0.000   0.000   0.
  2017 352 23 22 26 485 352.973917653      -7.43      0.35     -0.56  0.       -4871.113       2503.756      -2072.666    0.000   0.000   0.000   0.
  2017 352 23 22 27 485 352.973929227      -7.37      0.43     -0.48  0.       -4869.958       2501.687      -2074.242    0.000   0.000   0.000   0.
  2017 352 23 22 28 485 352.973940802      -7.35      0.41     -0.49  0.       -4868.802       2499.617      -2075.818    0.000   0.000   0.000   0.
  2017 352 23 22 29 485 352.973952376      -7.32      0.39     -0.56  0.       -4867.644       2497.546      -2077.394    0.000   0.000   0.000   0.
  2017 352 23 22 30 485 352.973963950      -7.37      0.33     -0.61  0.       -4866.486       2495.475      -2078.969    0.000   0.000   0.000   0.
  2017 352 23 22 31 485 352.973975524      -7.32      0.34     -0.59  0.       -4865.327       2493.403      -2080.543    0.000   0.000   0.000   0.
  2017 352 23 22 32 485 352.973987098      -7.32      0.33     -0.61  0.       -4864.166       2491.331      -2082.117    0.000   0.000   0.000   0.
  2017 352 23 22 33 485 352.973998672      -7.20      0.40     -0.48  0.       -4863.005       2489.258      -2083.691    0.000   0.000   0.000   0.
  2017 352 23 22 34 485 352.974010246      -7.22      0.43     -0.46  0.       -4861.842       2487.184      -2085.264    0.000   0.000   0.000   0.
  2017 352 23 22 35 485 352.974021820      -7.17      0.42     -0.45  0.       -4860.678       2485.110      -2086.837    0.000   0.000   0.000   0.
  2017 352 23 22 36 485 352.974033394      -7.19      0.44     -0.49  0.       -4859.514       2483.036      -2088.409    0.000   0.000   0.000   0.
  2017 352 23 22 37 485 352.974044968      -7.15      0.42     -0.44  0.       -4858.348       2480.961      -2089.981    0.000   0.000   0.000   0.
  2017 352 23 22 38 485 352.974056542      -7.14      0.43     -0.38  0.       -4857.181       2478.885      -2091.552    0.000   0.000   0.000   0.
  2017 352 23 22 39 485 352.974068116      -7.12      0.44     -0.34  0.       -4856.014       2476.809      -2093.123    0.000   0.000   0.000   0.
  2017 352 23 22 40 485 352.974079690      -7.02      0.50     -0.31  0.       -4854.845       2474.733      -2094.694    0.000   0.000   0.000   0.
  2017 352 23 22 41 485 352.974091264      -7.01      0.50     -0.23  0.       -4853.675       2472.656      -2096.264    0.000   0.000   0.000   0.
  2017 352 23 22 42 485 352.974102839      -6.92      0.50     -0.23  0.       -4852.504       2470.578      -2097.833    0.000   0.000   0.000   0.
  2017 352 23 22 43 485 352.974114413      -6.93      0.54     -0.27  0.       -4851.332       2468.500      -2099.403    0.000   0.000   0.000   0.
  2017 352 23 22 44 485 352.974125987      -6.86      0.51     -0.25  0.       -4850.159       2466.421      -2100.971    0.000   0.000   0.000   0.
  2017 352 23 22 45 485 352.974137561      -6.85      0.51     -0.28  0.       -4848.985       2464.342      -2102.539    0.000   0.000   0.000   0.
  2017 352 23 22 46 485 352.974149135      -6.84      0.44     -0.28  0.       -4847.810       2462.262      -2104.107    0.000   0.000   0.000   0.
  2017 352 23 22 47 485 352.974160709      -6.74      0.57     -0.26  0.       -4846.634       2460.182      -2105.674    0.000   0.000   0.000   0.
  2017 352 23 22 48 485 352.974172283      -6.71      0.55     -0.25  0.       -4845.457       2458.101      -2107.241    0.000   0.000   0.000   0.
  2017 352 23 22 49 485 352.974183857      -6.62      0.55     -0.23  0.       -4844.279       2456.020      -2108.808    0.000   0.000   0.000   0.
  2017 352 23 22 50 485 352.974195431      -6.66      0.55     -0.24  0.       -4843.099       2453.938      -2110.374    0.000   0.000   0.000   0.
  2017 352 23 22 51 485 352.974207005      -6.64      0.44     -0.27  0.       -4841.919       2451.855      -2111.939    0.000   0.000   0.000   0.
  2017 352 23 22 52 485 352.974218579      -6.63      0.52     -0.30  0.       -4840.738       2449.772      -2113.504    0.000   0.000   0.000   0.
  2017 352 23 22 53 485 352.974230152      -6.63      0.47     -0.33  0.       -4839.555       2447.689      -2115.069    0.000   0.000   0.000   0.
  2017 352 23 22 54 484 352.974241725      -6.61      0.50     -0.38  0.       -4838.371       2445.605      -2116.633    0.000   0.000   0.000   0.
  2017 352 23 22 55 484 352.974253299      -6.61      0.43     -0.44  0.       -4837.187       2443.520      -2118.197    0.000   0.000   0.000   0.
  2017 352 23 22 56 485 352.974264873      -6.58      0.40     -0.46  0.       -4836.002       2441.435      -2119.760    0.000   0.000   0.000   0.
  2017 352 23 22 57 485 352.974276447      -6.56      0.40     -0.44  0.       -4834.815       2439.350      -2121.322    0.000   0.000   0.000   0.
  2017 352 23 22 58 485 352.974288021      -6.52      0.35     -0.45  0.       -4833.627       2437.263      -2122.885    0.000   0.000   0.000   0.
  2017 352 23 22 59 485 352.974299595      -6.52      0.36     -0.51  0.       -4832.439       2435.177      -2124.447    0.000   0.000   0.000   0.
  2017 352 23 23  0 485 352.974311169      -6.52      0.31     -0.51  0.       -4831.249       2433.090      -2126.008    0.000   0.000   0.000   0.
  2017 352 23 23  1 484 352.974322743      -6.48      0.36     -0.55  0.       -4830.058       2431.002      -2127.569    0.000   0.000   0.000   0.
  2017 352 23 23  2 484 352.974334317      -6.49      0.35     -0.59  0.       -4828.866       2428.914      -2129.129    0.000   0.000   0.000   0.
  2017 352 23 23  3 484 352.974345891      -6.43      0.36     -0.63  0.       -4827.673       2426.825      -2130.689    0.000   0.000   0.000   0.
  2017 352 23 23  4 484 352.974357465      -6.47      0.35     -0.68  0.       -4826.479       2424.735      -2132.249    0.000   0.000   0.000   0.
  2017 352 23 23  5 484 352.974369039      -6.40      0.24     -0.63  0.       -4825.284       2422.646      -2133.808    0.000   0.000   0.000   0.
  2017 352 23 23  6 485 352.974380613      -6.38      0.28     -0.65  0.       -4824.088       2420.555      -2135.366    0.000   0.000   0.000   0.
  2017 352 23 23  7 485 352.974392187      -6.34      0.20     -0.62  0.       -4822.891       2418.464      -2136.924    0.000   0.000   0.000   0.
  2017 352 23 23  8 484 352.974403762      -6.30      0.15     -0.70  0.       -4821.693       2416.373      -2138.482    0.000   0.000   0.000   0.
  2017 352 23 23  9 484 352.974415336      -6.32      0.10     -0.73  0.       -4820.494       2414.281      -2140.039    0.000   0.000   0.000   0.
  2017 352 23 23 10 485 352.974426910      -6.24      0.07     -0.73  0.       -4819.293       2412.188      -2141.596    0.000   0.000   0.000   0.
  2017 352 23 23 11 485 352.974438484      -6.25      0.05     -0.72  0.       -4818.092       2410.095      -2143.152    0.000   0.000   0.000   0.
  2017 352 23 23 12 485 352.974450058      -6.22     -0.04     -0.68  0.       -4816.890       2408.002      -2144.707    0.000   0.000   0.000   0.
  2017 352 23 23 13 485 352.974461632      -6.21     -0.02     -0.69  0.       -4815.686       2405.908      -2146.263    0.000   0.000   0.000   0.
  2017 352 23 23 14 484 352.974473206      -6.20     -0.08     -0.67  0.       -4814.482       2403.813      -2147.817    0.000   0.000   0.000   0.
  2017 352 23 23 15 484 352.974484780      -6.16     -0.14     -0.71  0.       -4813.276       2401.718      -2149.372    0.000   0.000   0.000   0.
  2017 352 23 23 16 484 352.974496354      -6.13     -0.15     -0.75  0.       -4812.069       2399.622      -2150.926    0.000   0.000   0.000   0.
  2017 352 23 23 17 484 352.974507928      -6.07     -0.20     -0.67  0.       -4810.862       2397.526      -2152.479    0.000   0.000   0.000   0.
  2017 352 23 23 18 484 352.974519502      -6.04     -0.20     -0.69  0.       -4809.653       2395.429      -2154.032    0.000   0.000   0.000   0.
  2017 352 23 23 19 485 352.974531076      -6.03     -0.26     -0.70  0.       -4808.443       2393.332      -2155.584    0.000   0.000   0.000   0.
  2017 352 23 23 20 485 352.974542650      -5.98     -0.29     -0.64  0.       -4807.232       2391.234      -2157.136    0.000   0.000   0.000   0.
  2017 352 23 23 21 484 352.974554225      -6.02     -0.27     -0.60  0.       -4806.020       2389.136      -2158.688    0.000   0.000   0.000   0.
  2017 352 23 23 22 484 352.974565799      -5.98     -0.30     -0.55  0.       -4804.807       2387.037      -2160.239    0.000   0.000   0.000   0.
  2017 352 23 23 23 485 352.974577372      -5.98     -0.25     -0.52  0.       -4803.593       2384.938      -2161.789    0.000   0.000   0.000   0.
  2017 352 23 23 24 484 352.974588944      -6.01     -0.31     -0.48  0.       -4802.378       2382.838      -2163.339    0.000   0.000   0.000   0.
  2017 352 23 23 25 484 352.974600518      -6.00     -0.29     -0.50  0.       -4801.162       2380.737      -2164.889    0.000   0.000   0.000   0.
  2017 352 23 23 26 484 352.974612092      -6.06     -0.35     -0.45  0.       -4799.945       2378.636      -2166.438    0.000   0.000   0.000   0.
  2017 352 23 23 27 484 352.974623666      -6.01     -0.38     -0.37  0.       -4798.726       2376.535      -2167.986    0.000   0.000   0.000   0.
  2017 352 23 23 28 484 352.974635240      -6.03     -0.33     -0.37  0.       -4797.507       2374.433      -2169.534    0.000   0.000   0.000   0.
  2017 352 23 23 29 484 352.974646814      -6.01     -0.37     -0.34  0.       -4796.286       2372.330      -2171.082    0.000   0.000   0.000   0.
  2017 352 23 23 30 484 352.974658388      -5.99     -0.39     -0.33  0.       -4795.065       2370.227      -2172.629    0.000   0.000   0.000   0.
  2017 352 23 23 31 484 352.974669962      -6.00     -0.43     -0.33  0.       -4793.842       2368.124      -2174.176    0.000   0.000   0.000   0.
  2017 352 23 23 32 484 352.974681536      -5.94     -0.43     -0.31  0.       -4792.619       2366.020      -2175.722    0.000   0.000   0.000   0.
  2017 352 23 23 33 484 352.974693111      -5.95     -0.42     -0.31  0.       -4791.394       2363.915      -2177.267    0.000   0.000   0.000   0.
  2017 352 23 23 34 484 352.974704685      -5.95     -0.48     -0.33  0.       -4790.168       2361.810      -2178.813    0.000   0.000   0.000   0.
  2017 352 23 23 35 484 352.974716259      -5.96     -0.48     -0.35  0.       -4788.941       2359.704      -2180.357    0.000   0.000   0.000   0.
  2017 352 23 23 36 484 352.974727833      -6.02     -0.47     -0.35  0.       -4787.713       2357.598      -2181.901    0.000   0.000   0.000   0.
  2017 352 23 23 37 484 352.974739407      -6.00     -0.52     -0.31  0.       -4786.484       2355.491      -2183.445    0.000   0.000   0.000   0.
  2017 352 23 23 38 484 352.974750981      -6.00     -0.53     -0.30  0.       -4785.254       2353.384      -2184.988    0.000   0.000   0.000   0.
  2017 352 23 23 39 484 352.974762555      -6.06     -0.57     -0.32  0.       -4784.023       2351.276      -2186.531    0.000   0.000   0.000   0.
  2017 352 23 23 40 484 352.974774129      -6.03     -0.54     -0.26  0.       -4782.791       2349.168      -2188.073    0.000   0.000   0.000   0.
  2017 352 23 23 41 484 352.974785703      -6.07     -0.48     -0.22  0.       -4781.558       2347.059      -2189.615    0.000   0.000   0.000   0.
  2017 352 23 23 42 484 352.974797277      -6.12     -0.57     -0.26  0.       -4780.323       2344.949      -2191.156    0.000   0.000   0.000   0.
  2017 352 23 23 43 484 352.974808851      -6.18     -0.52     -0.26  0.       -4779.088       2342.839      -2192.697    0.000   0.000   0.000   0.
  2017 352 23 23 44 484 352.974820425      -6.30     -0.57     -0.29  0.       -4777.851       2340.729      -2194.237    0.000   0.000   0.000   0.
  2017 352 23 23 45 484 352.974831999      -6.31     -0.56     -0.21  0.       -4776.614       2338.618      -2195.777    0.000   0.000   0.000   0.
  2017 352 23 23 46 484 352.974843573      -6.38     -0.50     -0.18  0.       -4775.375       2336.507      -2197.316    0.000   0.000   0.000   0.
  2017 352 23 23 47 484 352.974855148      -6.47     -0.56     -0.23  0.       -4774.135       2334.395      -2198.855    0.000   0.000   0.000   0.
  2017 352 23 23 48 484 352.974866722      -6.56     -0.55     -0.30  0.       -4772.895       2332.282      -2200.393    0.000   0.000   0.000   0.
  2017 352 23 23 49 484 352.974878296      -6.62     -0.47     -0.31  0.       -4771.653       2330.169      -2201.931    0.000   0.000   0.000   0.
  2017 352 23 23 50 484 352.974889870      -6.62     -0.42     -0.26  0.       -4770.410       2328.055      -2203.469    0.000   0.000   0.000   0.
  2017 352 23 23 51 484 352.974901444      -6.74     -0.36     -0.38  0.       -4769.166       2325.941      -2205.005    0.000   0.000   0.000   0.
  2017 352 23 23 52 484 352.974913018      -6.76     -0.33     -0.31  0.       -4767.921       2323.827      -2206.542    0.000   0.000   0.000   0.
  2017 352 23 23 53 484 352.974924591      -6.77     -0.33     -0.28  0.       -4766.675       2321.711      -2208.077    0.000   0.000   0.000   0.
  2017 352 23 23 54 484 352.974936163      -6.85     -0.30     -0.34  0.       -4765.427       2319.596      -2209.613    0.000   0.000   0.000   0.
  2017 352 23 23 55 484 352.974947737      -6.94     -0.39     -0.42  0.       -4764.179       2317.479      -2211.148    0.000   0.000   0.000   0.
  2017 352 23 23 56 484 352.974959311      -6.98     -0.28     -0.43  0.       -4762.930       2315.363      -2212.682    0.000   0.000   0.000   0.
  2017 352 23 23 57 484 352.974970885      -7.07     -0.25     -0.46  0.       -4761.679       2313.245      -2214.216    0.000   0.000   0.000   0.
  2017 352 23 23 58 484 352.974982460      -7.10     -0.24     -0.49  0.       -4760.428       2311.128      -2215.749    0.000   0.000   0.000   0.
  2017 352 23 23 59 484 352.974994034      -7.17     -0.16     -0.50  0.       -4759.175       2309.009      -2217.282    0.000   0.000   0.000   0.
  2017 352 23 24  0 484 352.975005608      -7.24     -0.16     -0.47  0.       -4757.921       2306.891      -2218.814    0.000   0.000   0.000   0.
  2017 352 23 24  1 484 352.975017182      -7.21     -0.11     -0.46  0.       -4756.667       2304.771      -2220.346    0.000   0.000   0.000   0.
  2017 352 23 24  2 484 352.975028756      -7.29     -0.02     -0.42  0.       -4755.411       2302.651      -2221.877    0.000   0.000   0.000   0.
  2017 352 23 24  3 484 352.975040330      -7.33     -0.01     -0.39  0.       -4754.154       2300.531      -2223.408    0.000   0.000   0.000   0.
  2017 352 23 24  4 484 352.975051904      -7.34      0.07     -0.38  0.       -4752.896       2298.410      -2224.938    0.000   0.000   0.000   0.
  2017 352 23 24  5 484 352.975063478      -7.42      0.12     -0.40  0.       -4751.637       2296.289      -2226.468    0.000   0.000   0.000   0.
  2017 352 23 24  6 484 352.975075052      -7.43      0.15     -0.36  0.       -4750.377       2294.167      -2227.997    0.000   0.000   0.000   0.
  2017 352 23 24  7 484 352.975086626      -7.45      0.20     -0.37  0.       -4749.115       2292.044      -2229.526    0.000   0.000   0.000   0.
  2017 352 23 24  8 484 352.975098200      -7.49      0.18     -0.41  0.       -4747.853       2289.921      -2231.054    0.000   0.000   0.000   0.
  2017 352 23 24  9 484 352.975109774      -7.43      0.24     -0.42  0.       -4746.590       2287.798      -2232.582    0.000   0.000   0.000   0.
  2017 352 23 24 10 484 352.975121348      -7.44      0.28     -0.45  0.       -4745.325       2285.674      -2234.109    0.000   0.000   0.000   0.
  2017 352 23 24 11 484 352.975132922      -7.47      0.22     -0.46  0.       -4744.059       2283.549      -2235.636    0.000   0.000   0.000   0.
  2017 352 23 24 12 484 352.975144496      -7.41      0.27     -0.48  0.       -4742.793       2281.424      -2237.162    0.000   0.000   0.000   0.
  2017 352 23 24 13 484 352.975156071      -7.48      0.27     -0.53  0.       -4741.525       2279.298      -2238.688    0.000   0.000   0.000   0.
  2017 352 23 24 14 484 352.975167645      -7.47      0.17     -0.55  0.       -4740.256       2277.172      -2240.213    0.000   0.000   0.000   0.
  2017 352 23 24 15 484 352.975179219      -7.44      0.19     -0.57  0.       -4738.986       2275.045      -2241.737    0.000   0.000   0.000   0.
  2017 352 23 24 16 484 352.975190793      -7.50      0.23     -0.59  0.       -4737.715       2272.918      -2243.261    0.000   0.000   0.000   0.
  2017 352 23 24 17 484 352.975202367      -7.45      0.17     -0.60  0.       -4736.443       2270.790      -2244.785    0.000   0.000   0.000   0.
  2017 352 23 24 18 484 352.975213941      -7.43      0.19     -0.59  0.       -4735.170       2268.662      -2246.308    0.000   0.000   0.000   0.
  2017 352 23 24 19 484 352.975225515      -7.44      0.18     -0.62  0.       -4733.896       2266.534      -2247.831    0.000   0.000   0.000   0.
  2017 352 23 24 20 484 352.975237089      -7.38      0.14     -0.58  0.       -4732.620       2264.404      -2249.353    0.000   0.000   0.000   0.
  2017 352 23 24 21 484 352.975248663      -7.42      0.10     -0.72  0.       -4731.344       2262.274      -2250.874    0.000   0.000   0.000   0.
  2017 352 23 24 22 484 352.975260237      -7.45      0.04     -0.73  0.       -4730.066       2260.144      -2252.395    0.000   0.000   0.000   0.
  2017 352 23 24 23 484 352.975271811      -7.34      0.03     -0.61  0.       -4728.788       2258.013      -2253.916    0.000   0.000   0.000   0.
  2017 352 23 24 24 484 352.975283385      -7.31      0.09     -0.63  0.       -4727.508       2255.882      -2255.436    0.000   0.000   0.000   0.
  2017 352 23 24 25 484 352.975294958      -7.34      0.01     -0.68  0.       -4726.227       2253.750      -2256.955    0.000   0.000   0.000   0.
  2017 352 23 24 26 484 352.975306531      -7.30      0.01     -0.63  0.       -4724.945       2251.618      -2258.474    0.000   0.000   0.000   0.
  2017 352 23 24 27 484 352.975318105      -7.32      0.02     -0.63  0.       -4723.662       2249.485      -2259.993    0.000   0.000   0.000   0.
  2017 352 23 24 28 484 352.975329679      -7.33     -0.02     -0.64  0.       -4722.378       2247.351      -2261.511    0.000   0.000   0.000   0.
  2017 352 23 24 29 484 352.975341253      -7.29     -0.03     -0.67  0.       -4721.093       2245.217      -2263.028    0.000   0.000   0.000   0.
  2017 352 23 24 30 484 352.975352827      -7.34     -0.05     -0.72  0.       -4719.807       2243.083      -2264.545    0.000   0.000   0.000   0.
  2017 352 23 24 31 484 352.975364401      -7.34     -0.07     -0.64  0.       -4718.519       2240.948      -2266.061    0.000   0.000   0.000   0.
  2017 352 23 24 32 484 352.975375975      -7.31     -0.06     -0.63  0.       -4717.231       2238.812      -2267.577    0.000   0.000   0.000   0.
  2017 352 23 24 33 484 352.975387549      -7.34     -0.04     -0.69  0.       -4715.941       2236.676      -2269.092    0.000   0.000   0.000   0.
  2017 352 23 24 34 484 352.975399123      -7.31     -0.10     -0.64  0.       -4714.651       2234.540      -2270.607    0.000   0.000   0.000   0.
  2017 352 23 24 35 484 352.975410697      -7.30     -0.10     -0.64  0.       -4713.359       2232.403      -2272.121    0.000   0.000   0.000   0.
  2017 352 23 24 36 484 352.975422271      -7.34     -0.11     -0.67  0.       -4712.066       2230.265      -2273.635    0.000   0.000   0.000   0.
  2017 352 23 24 37 484 352.975433845      -7.32     -0.21     -0.65  0.       -4710.772       2228.127      -2275.148    0.000   0.000   0.000   0.
  2017 352 23 24 38 484 352.975445420      -7.29     -0.15     -0.62  0.       -4709.477       2225.988      -2276.660    0.000   0.000   0.000   0.
  2017 352 23 24 39 484 352.975456994      -7.32     -0.14     -0.64  0.       -4708.181       2223.849      -2278.172    0.000   0.000   0.000   0.
  2017 352 23 24 40 484 352.975468568      -7.30     -0.18     -0.61  0.       -4706.884       2221.710      -2279.684    0.000   0.000   0.000   0.
  2017 352 23 24 41 484 352.975480142      -7.29     -0.20     -0.64  0.       -4705.586       2219.569      -2281.195    0.000   0.000   0.000   0.
  2017 352 23 24 42 484 352.975491716      -7.35     -0.23     -0.69  0.       -4704.286       2217.429      -2282.706    0.000   0.000   0.000   0.
  2017 352 23 24 43 484 352.975503290      -7.33     -0.29     -0.65  0.       -4702.986       2215.287      -2284.216    0.000   0.000   0.000   0.
  2017 352 23 24 44 484 352.975514864      -7.31     -0.27     -0.66  0.       -4701.684       2213.146      -2285.725    0.000   0.000   0.000   0.
  2017 352 23 24 45 484 352.975526438      -7.36     -0.28     -0.65  0.       -4700.381       2211.003      -2287.234    0.000   0.000   0.000   0.
  2017 352 23 24 46 484 352.975538012      -7.37     -0.31     -0.66  0.       -4699.078       2208.861      -2288.742    0.000   0.000   0.000   0.
  2017 352 23 24 47 484 352.975549586      -7.34     -0.28     -0.65  0.       -4697.773       2206.718      -2290.250    0.000   0.000   0.000   0.
  2017 352 23 24 48 484 352.975561160      -7.40     -0.25     -0.62  0.       -4696.467       2204.574      -2291.757    0.000   0.000   0.000   0.
  2017 352 23 24 49 484 352.975572734      -7.40     -0.33     -0.58  0.       -4695.160       2202.430      -2293.264    0.000   0.000   0.000   0.
  2017 352 23 24 50 484 352.975584308      -7.34     -0.31     -0.55  0.       -4693.851       2200.284      -2294.770    0.000   0.000   0.000   0.
  2017 352 23 24 51 484 352.975595883      -7.36     -0.27     -0.56  0.       -4692.542       2198.139      -2296.276    0.000   0.000   0.000   0.
  2017 352 23 24 52 484 352.975607457      -7.36     -0.30     -0.58  0.       -4691.232       2195.993      -2297.781    0.000   0.000   0.000   0.
  2017 352 23 24 53 484 352.975619031      -7.35     -0.35     -0.69  0.       -4689.920       2193.847      -2299.285    0.000   0.000   0.000   0.
  2017 352 23 24 54 484 352.975630605      -7.41     -0.40     -0.78  0.       -4688.607       2191.700      -2300.789    0.000   0.000   0.000   0.
  2017 352 23 24 55 484 352.975642178      -7.39     -0.42     -0.70  0.       -4687.294       2189.553      -2302.293    0.000   0.000   0.000   0.
  2017 352 23 24 56 483 352.975653750      -7.31     -0.37     -0.58  0.       -4685.979       2187.405      -2303.796    0.000   0.000   0.000   0.
  2017 352 23 24 57 483 352.975665324      -7.38     -0.40     -0.67  0.       -4684.663       2185.256      -2305.298    0.000   0.000   0.000   0.
  2017 352 23 24 58 483 352.975676898      -7.43     -0.48     -0.74  0.       -4683.346       2183.107      -2306.800    0.000   0.000   0.000   0.
  2017 352 23 24 59 483 352.975688472      -7.36     -0.44     -0.70  0.       -4682.028       2180.958      -2308.301    0.000   0.000   0.000   0.
  2017 352 23 25  0 483 352.975700046      -7.34     -0.37     -0.68  0.       -4680.709       2178.808      -2309.802    0.000   0.000   0.000   0.
  2017 352 23 25  1 484 352.975711620      -7.38     -0.37     -0.70  0.       -4679.388       2176.657      -2311.302    0.000   0.000   0.000   0.
  2017 352 23 25  2 484 352.975723194      -7.34     -0.41     -0.74  0.       -4678.067       2174.506      -2312.802    0.000   0.000   0.000   0.
  2017 352 23 25  3 483 352.975734768      -7.33     -0.38     -0.70  0.       -4676.744       2172.355      -2314.301    0.000   0.000   0.000   0.
  2017 352 23 25  4 483 352.975746343      -7.36     -0.41     -0.73  0.       -4675.421       2170.203      -2315.800    0.000   0.000   0.000   0.
  2017 352 23 25  5 484 352.975757917      -7.27     -0.35     -0.66  0.       -4674.096       2168.050      -2317.298    0.000   0.000   0.000   0.
  2017 352 23 25  6 484 352.975769491      -7.25     -0.31     -0.68  0.       -4672.770       2165.897      -2318.795    0.000   0.000   0.000   0.
  2017 352 23 25  7 484 352.975781065      -7.28     -0.32     -0.68  0.       -4671.443       2163.743      -2320.292    0.000   0.000   0.000   0.
  2017 352 23 25  8 484 352.975792639      -7.22     -0.30     -0.65  0.       -4670.115       2161.589      -2321.788    0.000   0.000   0.000   0.
  2017 352 23 25  9 484 352.975804213      -7.19     -0.31     -0.67  0.       -4668.786       2159.435      -2323.284    0.000   0.000   0.000   0.
  2017 352 23 25 10 483 352.975815787      -7.18     -0.24     -0.67  0.       -4667.455       2157.279      -2324.779    0.000   0.000   0.000   0.
  2017 352 23 25 11 483 352.975827361      -7.19     -0.30     -0.69  0.       -4666.124       2155.124      -2326.274    0.000   0.000   0.000   0.
  2017 352 23 25 12 483 352.975838935      -7.11     -0.29     -0.64  0.       -4664.791       2152.968      -2327.768    0.000   0.000   0.000   0.
  2017 352 23 25 13 483 352.975850509      -7.13     -0.26     -0.67  0.       -4663.458       2150.811      -2329.262    0.000   0.000   0.000   0.
  2017 352 23 25 14 483 352.975862083      -7.14     -0.28     -0.66  0.       -4662.123       2148.654      -2330.755    0.000   0.000   0.000   0.
  2017 352 23 25 15 484 352.975873657      -7.09     -0.30     -0.69  0.       -4660.787       2146.496      -2332.247    0.000   0.000   0.000   0.
  2017 352 23 25 16 484 352.975885231      -7.09     -0.24     -0.66  0.       -4659.450       2144.338      -2333.739    0.000   0.000   0.000   0.
  2017 352 23 25 17 483 352.975896806      -7.11     -0.24     -0.67  0.       -4658.112       2142.179      -2335.231    0.000   0.000   0.000   0.
  2017 352 23 25 18 483 352.975908380      -7.12     -0.27     -0.66  0.       -4656.773       2140.020      -2336.721    0.000   0.000   0.000   0.
  2017 352 23 25 19 484 352.975919954      -7.07     -0.27     -0.68  0.       -4655.432       2137.860      -2338.212    0.000   0.000   0.000   0.
  2017 352 23 25 20 484 352.975931528      -7.13     -0.28     -0.70  0.       -4654.091       2135.700      -2339.701    0.000   0.000   0.000   0.
  2017 352 23 25 21 484 352.975943102      -7.14     -0.35     -0.72  0.       -4652.748       2133.539      -2341.190    0.000   0.000   0.000   0.
  2017 352 23 25 22 484 352.975954676      -7.09     -0.36     -0.72  0.       -4651.405       2131.378      -2342.679    0.000   0.000   0.000   0.
  2017 352 23 25 23 483 352.975966250      -7.12     -0.36     -0.77  0.       -4650.060       2129.216      -2344.167    0.000   0.000   0.000   0.
  2017 352 23 25 24 483 352.975977824      -7.11     -0.36     -0.72  0.       -4648.714       2127.054      -2345.654    0.000   0.000   0.000   0.
  2017 352 23 25 25 499 352.975989578      -7.08     -0.42     -0.75  0.       -4647.346       2124.857      -2347.164    0.000   0.000   0.000   0.
  2017 352 23 25 26 514 352.976001331      -7.06     -0.37     -0.77  0.       -4645.976       2122.660      -2348.674    0.000   0.000   0.000   0.
  2017 352 23 25 27 514 352.976012905      -7.09     -0.38     -0.81  0.       -4644.627       2120.496      -2350.160    0.000   0.000   0.000   0.
  2017 352 23 25 28 514 352.976024479      -7.09     -0.45     -0.80  0.       -4643.277       2118.332      -2351.645    0.000   0.000   0.000   0.
  2017 352 23 25 29 514 352.976036053      -7.04     -0.50     -0.80  0.       -4641.925       2116.167      -2353.129    0.000   0.000   0.000   0.
  2017 352 23 25 30 514 352.976047627      -7.05     -0.44     -0.81  0.       -4640.573       2114.001      -2354.613    0.000   0.000   0.000   0.
  2017 352 23 25 31 515 352.976059201      -7.11     -0.50     -0.81  0.       -4639.219       2111.835      -2356.097    0.000   0.000   0.000   0.
  2017 352 23 25 32 515 352.976070775      -7.03     -0.54     -0.83  0.       -4637.864       2109.669      -2357.579    0.000   0.000   0.000   0.
  2017 352 23 25 33 514 352.976082350      -7.06     -0.52     -0.85  0.       -4636.508       2107.502      -2359.062    0.000   0.000   0.000   0.
  2017 352 23 25 34 514 352.976093924      -7.10     -0.50     -0.86  0.       -4635.151       2105.334      -2360.543    0.000   0.000   0.000   0.
  2017 352 23 25 35 515 352.976105498      -7.12     -0.57     -0.86  0.       -4633.792       2103.167      -2362.025    0.000   0.000   0.000   0.
  2017 352 23 25 36 515 352.976117072      -7.12     -0.58     -0.88  0.       -4632.433       2100.998      -2363.505    0.000   0.000   0.000   0.
  2017 352 23 25 37 515 352.976128646      -7.16     -0.60     -0.93  0.       -4631.073       2098.829      -2364.985    0.000   0.000   0.000   0.
  2017 352 23 25 38 515 352.976140220      -7.19     -0.62     -0.89  0.       -4629.711       2096.660      -2366.465    0.000   0.000   0.000   0.
  2017 352 23 25 39 515 352.976151794      -7.19     -0.66     -0.85  0.       -4628.348       2094.490      -2367.943    0.000   0.000   0.000   0.
  2017 352 23 25 40 514 352.976163368      -7.20     -0.63     -0.87  0.       -4626.984       2092.319      -2369.422    0.000   0.000   0.000   0.
  2017 352 23 25 41 514 352.976174942      -7.19     -0.57     -0.88  0.       -4625.619       2090.148      -2370.899    0.000   0.000   0.000   0.
  2017 352 23 25 42 514 352.976186516      -7.21     -0.59     -0.87  0.       -4624.253       2087.977      -2372.376    0.000   0.000   0.000   0.
  2017 352 23 25 43 514 352.976198090      -7.19     -0.64     -0.87  0.       -4622.886       2085.805      -2373.853    0.000   0.000   0.000   0.
  2017 352 23 25 44 514 352.976209664      -7.22     -0.59     -0.91  0.       -4621.518       2083.632      -2375.329    0.000   0.000   0.000   0.
  2017 352 23 25 45 515 352.976221238      -7.29     -0.62     -0.93  0.       -4620.148       2081.459      -2376.804    0.000   0.000   0.000   0.
  2017 352 23 25 46 515 352.976232812      -7.27     -0.66     -0.89  0.       -4618.777       2079.286      -2378.279    0.000   0.000   0.000   0.
  2017 352 23 25 47 514 352.976244387      -7.25     -0.68     -0.85  0.       -4617.406       2077.112      -2379.753    0.000   0.000   0.000   0.
  2017 352 23 25 48 514 352.976255961      -7.27     -0.62     -0.85  0.       -4616.033       2074.937      -2381.227    0.000   0.000   0.000   0.
  2017 352 23 25 49 515 352.976267535      -7.30     -0.62     -0.90  0.       -4614.659       2072.762      -2382.700    0.000   0.000   0.000   0.
  2017 352 23 25 50 515 352.976279109      -7.27     -0.71     -0.90  0.       -4613.284       2070.586      -2384.172    0.000   0.000   0.000   0.
  2017 352 23 25 51 515 352.976290683      -7.24     -0.72     -0.88  0.       -4611.907       2068.410      -2385.644    0.000   0.000   0.000   0.
  2017 352 23 25 52 515 352.976302257      -7.26     -0.78     -0.91  0.       -4610.530       2066.234      -2387.115    0.000   0.000   0.000   0.
  2017 352 23 25 53 514 352.976313831      -7.31     -0.88     -0.91  0.       -4609.151       2064.056      -2388.586    0.000   0.000   0.000   0.
  2017 352 23 25 54 514 352.976325405      -7.28     -0.91     -0.92  0.       -4607.772       2061.879      -2390.056    0.000   0.000   0.000   0.
  2017 352 23 25 55 514 352.976336978      -7.29     -0.93     -0.93  0.       -4606.391       2059.701      -2391.526    0.000   0.000   0.000   0.
  2017 352 23 25 56 514 352.976348550      -7.33     -0.88     -0.97  0.       -4605.009       2057.522      -2392.995    0.000   0.000   0.000   0.
  2017 352 23 25 57 514 352.976360124      -7.39     -0.94     -0.95  0.       -4603.626       2055.343      -2394.463    0.000   0.000   0.000   0.
  2017 352 23 25 58 514 352.976371698      -7.36     -0.95     -0.98  0.       -4602.242       2053.163      -2395.931    0.000   0.000   0.000   0.
  2017 352 23 25 59 514 352.976383273      -7.38     -0.93     -0.98  0.       -4600.856       2050.983      -2397.398    0.000   0.000   0.000   0.
  2017 352 23 26  0 514 352.976394847      -7.43     -0.90     -0.99  0.       -4599.470       2048.803      -2398.864    0.000   0.000   0.000   0.
  2017 352 23 26  1 514 352.976406421      -7.46     -0.93     -0.98  0.       -4598.082       2046.622      -2400.330    0.000   0.000   0.000   0.
  2017 352 23 26  2 514 352.976417995      -7.42     -0.97     -0.97  0.       -4596.694       2044.440      -2401.796    0.000   0.000   0.000   0.
  2017 352 23 26  3 514 352.976429569      -7.45     -0.96     -1.01  0.       -4595.304       2042.258      -2403.260    0.000   0.000   0.000   0.
  2017 352 23 26  4 514 352.976441143      -7.48     -0.96     -1.01  0.       -4593.913       2040.075      -2404.725    0.000   0.000   0.000   0.
  2017 352 23 26  5 514 352.976452717      -7.52     -1.03     -0.99  0.       -4592.521       2037.892      -2406.188    0.000   0.000   0.000   0.
  2017 352 23 26  6 514 352.976464291      -7.50     -1.02     -0.99  0.       -4591.127       2035.708      -2407.651    0.000   0.000   0.000   0.
  2017 352 23 26  7 514 352.976475865      -7.49     -0.97     -0.97  0.       -4589.733       2033.524      -2409.114    0.000   0.000   0.000   0.
  2017 352 23 26  8 514 352.976487439      -7.52     -0.97     -0.99  0.       -4588.337       2031.339      -2410.575    0.000   0.000   0.000   0.
  2017 352 23 26  9 514 352.976499013      -7.58     -1.05     -1.02  0.       -4586.941       2029.154      -2412.037    0.000   0.000   0.000   0.
  2017 352 23 26 10 514 352.976510587      -7.52     -1.06     -1.01  0.       -4585.543       2026.969      -2413.497    0.000   0.000   0.000   0.
  2017 352 23 26 11 514 352.976522161      -7.53     -1.08     -1.02  0.       -4584.144       2024.782      -2414.957    0.000   0.000   0.000   0.
  2017 352 23 26 12 514 352.976533736      -7.58     -1.05     -1.03  0.       -4582.744       2022.596      -2416.417    0.000   0.000   0.000   0.
  2017 352 23 26 13 514 352.976545310      -7.58     -1.05     -1.03  0.       -4581.343       2020.409      -2417.875    0.000   0.000   0.000   0.
  2017 352 23 26 14 514 352.976556884      -7.58     -1.11     -1.01  0.       -4579.940       2018.221      -2419.334    0.000   0.000   0.000   0.
  2017 352 23 26 15 514 352.976568458      -7.55     -1.02     -0.99  0.       -4578.537       2016.033      -2420.791    0.000   0.000   0.000   0.
  2017 352 23 26 16 514 352.976580032      -7.53     -1.00     -1.01  0.       -4577.132       2013.844      -2422.248    0.000   0.000   0.000   0.
  2017 352 23 26 17 514 352.976591606      -7.55     -1.02     -0.95  0.       -4575.726       2011.655      -2423.705    0.000   0.000   0.000   0.
  2017 352 23 26 18 514 352.976603180      -7.52     -1.02     -0.96  0.       -4574.320       2009.465      -2425.160    0.000   0.000   0.000   0.
  2017 352 23 26 19 514 352.976614754      -7.49     -1.00     -0.94  0.       -4572.911       2007.275      -2426.616    0.000   0.000   0.000   0.
  2017 352 23 26 20 514 352.976626328      -7.48     -0.98     -0.98  0.       -4571.502       2005.084      -2428.070    0.000   0.000   0.000   0.
  2017 352 23 26 21 514 352.976637902      -7.50     -0.97     -0.94  0.       -4570.092       2002.893      -2429.524    0.000   0.000   0.000   0.
  2017 352 23 26 22 514 352.976649476      -7.45     -0.97     -0.94  0.       -4568.680       2000.701      -2430.977    0.000   0.000   0.000   0.
  2017 352 23 26 23 514 352.976661049      -7.42     -0.95     -0.91  0.       -4567.268       1998.509      -2432.430    0.000   0.000   0.000   0.
  2017 352 23 26 24 514 352.976672622      -7.42     -0.88     -0.95  0.       -4565.854       1996.316      -2433.882    0.000   0.000   0.000   0.
  2017 352 23 26 25 514 352.976684196      -7.43     -0.86     -0.96  0.       -4564.439       1994.123      -2435.334    0.000   0.000   0.000   0.
  2017 352 23 26 26 514 352.976695770      -7.41     -0.89     -0.94  0.       -4563.023       1991.929      -2436.785    0.000   0.000   0.000   0.
  2017 352 23 26 27 514 352.976707344      -7.38     -0.89     -0.94  0.       -4561.606       1989.735      -2438.235    0.000   0.000   0.000   0.
  2017 352 23 26 28 514 352.976718918      -7.36     -0.86     -0.94  0.       -4560.187       1987.540      -2439.684    0.000   0.000   0.000   0.
  2017 352 23 26 29 514 352.976730492      -7.39     -0.82     -0.98  0.       -4558.768       1985.345      -2441.134    0.000   0.000   0.000   0.
  2017 352 23 26 30 514 352.976742066      -7.40     -0.86     -0.94  0.       -4557.347       1983.150      -2442.582    0.000   0.000   0.000   0.
  2017 352 23 26 31 514 352.976753640      -7.35     -0.86     -0.97  0.       -4555.925       1980.953      -2444.030    0.000   0.000   0.000   0.
  2017 352 23 26 32 514 352.976765214      -7.34     -0.87     -1.01  0.       -4554.502       1978.757      -2445.477    0.000   0.000   0.000   0.
  2017 352 23 26 33 514 352.976776788      -7.32     -0.82     -0.95  0.       -4553.078       1976.559      -2446.924    0.000   0.000   0.000   0.
  2017 352 23 26 34 514 352.976788362      -7.35     -0.84     -0.98  0.       -4551.653       1974.362      -2448.369    0.000   0.000   0.000   0.
  2017 352 23 26 35 514 352.976799936      -7.34     -0.86     -0.95  0.       -4550.227       1972.164      -2449.815    0.000   0.000   0.000   0.
  2017 352 23 26 36 514 352.976811510      -7.36     -0.94     -1.03  0.       -4548.799       1969.965      -2451.260    0.000   0.000   0.000   0.
  2017 352 23 26 37 514 352.976823085      -7.33     -0.89     -1.04  0.       -4547.370       1967.766      -2452.704    0.000   0.000   0.000   0.
  2017 352 23 26 38 514 352.976834659      -7.39     -0.91     -1.10  0.       -4545.941       1965.566      -2454.147    0.000   0.000   0.000   0.
  2017 352 23 26 39 514 352.976846233      -7.38     -0.93     -1.04  0.       -4544.510       1963.366      -2455.590    0.000   0.000   0.000   0.
  2017 352 23 26 40 514 352.976857807      -7.35     -0.98     -0.99  0.       -4543.077       1961.165      -2457.032    0.000   0.000   0.000   0.
  2017 352 23 26 41 514 352.976869381      -7.30     -0.95     -0.98  0.       -4541.644       1958.964      -2458.474    0.000   0.000   0.000   0.
  2017 352 23 26 42 514 352.976880955      -7.27     -0.91     -0.98  0.       -4540.210       1956.762      -2459.915    0.000   0.000   0.000   0.
  2017 352 23 26 43 514 352.976892529      -7.33     -0.94     -1.04  0.       -4538.774       1954.560      -2461.356    0.000   0.000   0.000   0.
  2017 352 23 26 44 514 352.976904103      -7.36     -1.00     -1.05  0.       -4537.337       1952.357      -2462.795    0.000   0.000   0.000   0.
  2017 352 23 26 45 514 352.976915677      -7.35     -1.07     -1.07  0.       -4535.899       1950.154      -2464.234    0.000   0.000   0.000   0.
  2017 352 23 26 46 514 352.976927251      -7.31     -1.00     -1.02  0.       -4534.460       1947.950      -2465.672    0.000   0.000   0.000   0.
  2017 352 23 26 47 514 352.976938825      -7.32     -0.94     -1.06  0.       -4533.020       1945.746      -2467.110    0.000   0.000   0.000   0.
  2017 352 23 26 48 514 352.976950399      -7.36     -0.94     -1.06  0.       -4531.579       1943.542      -2468.547    0.000   0.000   0.000   0.
  2017 352 23 26 49 514 352.976961973      -7.34     -0.97     -1.04  0.       -4530.136       1941.336      -2469.984    0.000   0.000   0.000   0.
  2017 352 23 26 50 514 352.976973547      -7.31     -0.96     -1.05  0.       -4528.692       1939.131      -2471.420    0.000   0.000   0.000   0.
  2017 352 23 26 51 514 352.976985121      -7.30     -0.93     -1.07  0.       -4527.248       1936.925      -2472.855    0.000   0.000   0.000   0.
  2017 352 23 26 52 514 352.976996696      -7.33     -0.90     -1.11  0.       -4525.802       1934.718      -2474.290    0.000   0.000   0.000   0.
  2017 352 23 26 53 514 352.977008269      -7.35     -0.89     -1.13  0.       -4524.354       1932.511      -2475.724    0.000   0.000   0.000   0.
  2017 352 23 26 54 514 352.977019841      -7.35     -0.93     -1.11  0.       -4522.906       1930.303      -2477.157    0.000   0.000   0.000   0.
  2017 352 23 26 55 514 352.977031415      -7.33     -0.95     -1.15  0.       -4521.457       1928.095      -2478.590    0.000   0.000   0.000   0.
  2017 352 23 26 56 514 352.977042989      -7.32     -0.89     -1.15  0.       -4520.006       1925.886      -2480.022    0.000   0.000   0.000   0.
  2017 352 23 26 57 514 352.977054563      -7.32     -0.83     -1.19  0.       -4518.554       1923.677      -2481.454    0.000   0.000   0.000   0.
  2017 352 23 26 58 514 352.977066137      -7.37     -0.81     -1.22  0.       -4517.101       1921.468      -2482.885    0.000   0.000   0.000   0.
  2017 352 23 26 59 514 352.977077711      -7.40     -0.88     -1.23  0.       -4515.647       1919.258      -2484.315    0.000   0.000   0.000   0.
  2017 352 23 27  0 514 352.977089285      -7.38     -0.87     -1.23  0.       -4514.192       1917.047      -2485.744    0.000   0.000   0.000   0.
  2017 352 23 27  1 514 352.977100859      -7.34     -0.83     -1.21  0.       -4512.735       1914.836      -2487.173    0.000   0.000   0.000   0.
  2017 352 23 27  2 514 352.977112433      -7.34     -0.77     -1.21  0.       -4511.278       1912.624      -2488.602    0.000   0.000   0.000   0.
  2017 352 23 27  3 514 352.977124008      -7.36     -0.72     -1.20  0.       -4509.819       1910.412      -2490.029    0.000   0.000   0.000   0.
  2017 352 23 27  4 514 352.977135582      -7.41     -0.76     -1.22  0.       -4508.359       1908.200      -2491.456    0.000   0.000   0.000   0.
  2017 352 23 27  5 514 352.977147156      -7.35     -0.75     -1.16  0.       -4506.898       1905.986      -2492.883    0.000   0.000   0.000   0.
  2017 352 23 27  6 514 352.977158730      -7.32     -0.74     -1.13  0.       -4505.436       1903.773      -2494.308    0.000   0.000   0.000   0.
  2017 352 23 27  7 514 352.977170304      -7.31     -0.69     -1.16  0.       -4503.972       1901.559      -2495.733    0.000   0.000   0.000   0.
  2017 352 23 27  8 514 352.977181878      -7.32     -0.65     -1.14  0.       -4502.508       1899.344      -2497.158    0.000   0.000   0.000   0.
  2017 352 23 27  9 514 352.977193452      -7.36     -0.71     -1.13  0.       -4501.042       1897.129      -2498.582    0.000   0.000   0.000   0.
  2017 352 23 27 10 514 352.977205026      -7.30     -0.68     -1.15  0.       -4499.575       1894.914      -2500.005    0.000   0.000   0.000   0.
  2017 352 23 27 11 514 352.977216600      -7.27     -0.66     -1.16  0.       -4498.107       1892.698      -2501.427    0.000   0.000   0.000   0.
  2017 352 23 27 12 514 352.977228174      -7.26     -0.64     -1.17  0.       -4496.638       1890.481      -2502.849    0.000   0.000   0.000   0.
  2017 352 23 27 13 514 352.977239748      -7.23     -0.60     -1.18  0.       -4495.167       1888.264      -2504.270    0.000   0.000   0.000   0.
  2017 352 23 27 14 514 352.977251322      -7.27     -0.62     -1.19  0.       -4493.696       1886.047      -2505.691    0.000   0.000   0.000   0.
  2017 352 23 27 15 514 352.977262896      -7.27     -0.65     -1.18  0.       -4492.223       1883.829      -2507.111    0.000   0.000   0.000   0.
  2017 352 23 27 16 514 352.977274470      -7.25     -0.70     -1.19  0.       -4490.749       1881.610      -2508.530    0.000   0.000   0.000   0.
  2017 352 23 27 17 514 352.977286045      -7.21     -0.69     -1.18  0.       -4489.274       1879.391      -2509.948    0.000   0.000   0.000   0.
  2017 352 23 27 18 514 352.977297619      -7.18     -0.65     -1.18  0.       -4487.798       1877.172      -2511.366    0.000   0.000   0.000   0.
  2017 352 23 27 19 514 352.977309193      -7.15     -0.54     -1.16  0.       -4486.320       1874.952      -2512.784    0.000   0.000   0.000   0.
  2017 352 23 27 20 514 352.977320767      -7.17     -0.52     -1.15  0.       -4484.842       1872.731      -2514.200    0.000   0.000   0.000   0.
  2017 352 23 27 21 514 352.977332341      -7.20     -0.54     -1.16  0.       -4483.362       1870.511      -2515.616    0.000   0.000   0.000   0.
  2017 352 23 27 22 514 352.977343915      -7.19     -0.57     -1.16  0.       -4481.881       1868.289      -2517.031    0.000   0.000   0.000   0.
  2017 352 23 27 23 513 352.977355488      -7.16     -0.51     -1.18  0.       -4480.399       1866.067      -2518.446    0.000   0.000   0.000   0.
  2017 352 23 27 24 513 352.977367060      -7.14     -0.43     -1.17  0.       -4478.916       1863.845      -2519.860    0.000   0.000   0.000   0.
  2017 352 23 27 25 513 352.977378634      -7.15     -0.33     -1.21  0.       -4477.431       1861.622      -2521.273    0.000   0.000   0.000   0.
  2017 352 23 27 26 513 352.977390208      -7.16     -0.31     -1.19  0.       -4475.946       1859.399      -2522.686    0.000   0.000   0.000   0.
  2017 352 23 27 27 514 352.977401782      -7.17     -0.39     -1.17  0.       -4474.459       1857.175      -2524.098    0.000   0.000   0.000   0.
  2017 352 23 27 28 514 352.977413357      -7.15     -0.48     -1.18  0.       -4472.971       1854.950      -2525.509    0.000   0.000   0.000   0.
  2017 352 23 27 29 513 352.977424931      -7.08     -0.52     -1.11  0.       -4471.482       1852.726      -2526.920    0.000   0.000   0.000   0.
  2017 352 23 27 30 513 352.977436505      -7.05     -0.56     -1.09  0.       -4469.992       1850.500      -2528.330    0.000   0.000   0.000   0.
  2017 352 23 27 31 514 352.977448079      -7.03     -0.55     -1.08  0.       -4468.500       1848.275      -2529.739    0.000   0.000   0.000   0.
  2017 352 23 27 32 514 352.977459653      -7.06     -0.59     -1.11  0.       -4467.007       1846.048      -2531.148    0.000   0.000   0.000   0.
  2017 352 23 27 33 514 352.977471227      -7.11     -0.73     -1.09  0.       -4465.514       1843.822      -2532.556    0.000   0.000   0.000   0.
  2017 352 23 27 34 514 352.977482801      -7.11     -0.81     -1.03  0.       -4464.019       1841.594      -2533.963    0.000   0.000   0.000   0.
  2017 352 23 27 35 513 352.977494375      -7.07     -0.82     -1.00  0.       -4462.522       1839.367      -2535.370    0.000   0.000   0.000   0.
  2017 352 23 27 36 513 352.977505949      -7.05     -0.88     -0.97  0.       -4461.025       1837.138      -2536.776    0.000   0.000   0.000   0.
  2017 352 23 27 37 513 352.977517523      -7.05     -0.83     -0.97  0.       -4459.526       1834.910      -2538.181    0.000   0.000   0.000   0.
  2017 352 23 27 38 513 352.977529097      -7.06     -0.85     -0.96  0.       -4458.027       1832.680      -2539.586    0.000   0.000   0.000   0.
  2017 352 23 27 39 513 352.977540671      -7.09     -0.88     -0.99  0.       -4456.526       1830.451      -2540.990    0.000   0.000   0.000   0.
  2017 352 23 27 40 514 352.977552245      -7.10     -0.94     -0.96  0.       -4455.024       1828.221      -2542.393    0.000   0.000   0.000   0.
  2017 352 23 27 41 514 352.977563819      -7.07     -0.98     -0.96  0.       -4453.520       1825.990      -2543.796    0.000   0.000   0.000   0.
  2017 352 23 27 42 513 352.977575393      -7.05     -1.03     -0.90  0.       -4452.016       1823.759      -2545.197    0.000   0.000   0.000   0.
  2017 352 23 27 43 513 352.977586968      -7.03     -1.08     -0.86  0.       -4450.510       1821.527      -2546.599    0.000   0.000   0.000   0.
  2017 352 23 27 44 514 352.977598542      -7.07     -1.15     -0.89  0.       -4449.004       1819.295      -2547.999    0.000   0.000   0.000   0.
  2017 352 23 27 45 514 352.977610116      -7.09     -1.17     -0.91  0.       -4447.496       1817.063      -2549.399    0.000   0.000   0.000   0.
  2017 352 23 27 46 514 352.977621690      -7.14     -1.27     -0.94  0.       -4445.987       1814.829      -2550.798    0.000   0.000   0.000   0.
  2017 352 23 27 47 514 352.977633264      -7.17     -1.30     -0.92  0.       -4444.476       1812.596      -2552.197    0.000   0.000   0.000   0.
  2017 352 23 27 48 514 352.977644838      -7.20     -1.36     -0.87  0.       -4442.965       1810.362      -2553.595    0.000   0.000   0.000   0.
  2017 352 23 27 49 513 352.977656412      -7.18     -1.31     -0.82  0.       -4441.452       1808.127      -2554.992    0.000   0.000   0.000   0.
  2017 352 23 27 50 513 352.977667986      -7.18     -1.29     -0.79  0.       -4439.938       1805.892      -2556.388    0.000   0.000   0.000   0.
  2017 352 23 27 51 513 352.977679560      -7.22     -1.31     -0.80  0.       -4438.423       1803.657      -2557.784    0.000   0.000   0.000   0.
  2017 352 23 27 52 513 352.977691134      -7.25     -1.27     -0.80  0.       -4436.907       1801.421      -2559.179    0.000   0.000   0.000   0.
  2017 352 23 27 53 513 352.977702708      -7.30     -1.31     -0.81  0.       -4435.389       1799.185      -2560.574    0.000   0.000   0.000   0.
  2017 352 23 27 54 514 352.977714282      -7.32     -1.31     -0.84  0.       -4433.871       1796.948      -2561.968    0.000   0.000   0.000   0.
  2017 352 23 27 55 514 352.977725855      -7.33     -1.32     -0.81  0.       -4432.351       1794.710      -2563.361    0.000   0.000   0.000   0.
  2017 352 23 27 56 513 352.977737428      -7.36     -1.31     -0.86  0.       -4430.830       1792.472      -2564.753    0.000   0.000   0.000   0.
  2017 352 23 27 57 513 352.977749002      -7.40     -1.31     -0.92  0.       -4429.308       1790.234      -2566.145    0.000   0.000   0.000   0.
  2017 352 23 27 58 513 352.977760576      -7.43     -1.32     -0.97  0.       -4427.784       1787.995      -2567.536    0.000   0.000   0.000   0.
  2017 352 23 27 59 513 352.977772150      -7.45     -1.28     -1.02  0.       -4426.260       1785.756      -2568.926    0.000   0.000   0.000   0.
  2017 352 23 28  0 513 352.977783724      -7.47     -1.26     -1.04  0.       -4424.734       1783.516      -2570.316    0.000   0.000   0.000   0.
  2017 352 23 28  1 513 352.977795298      -7.51     -1.27     -1.06  0.       -4423.207       1781.276      -2571.704    0.000   0.000   0.000   0.
  2017 352 23 28  2 513 352.977806872      -7.53     -1.27     -1.05  0.       -4421.679       1779.035      -2573.093    0.000   0.000   0.000   0.
  2017 352 23 28  3 513 352.977818446      -7.51     -1.20     -1.03  0.       -4420.150       1776.794      -2574.480    0.000   0.000   0.000   0.
  2017 352 23 28  4 513 352.977830020      -7.49     -1.17     -1.06  0.       -4418.619       1774.552      -2575.867    0.000   0.000   0.000   0.
  2017 352 23 28  5 513 352.977841594      -7.48     -1.15     -1.06  0.       -4417.087       1772.310      -2577.253    0.000   0.000   0.000   0.
  2017 352 23 28  6 513 352.977853168      -7.49     -1.10     -1.03  0.       -4415.554       1770.067      -2578.639    0.000   0.000   0.000   0.
  2017 352 23 28  7 513 352.977864742      -7.54     -1.12     -1.09  0.       -4414.020       1767.824      -2580.023    0.000   0.000   0.000   0.
  2017 352 23 28  8 513 352.977876317      -7.55     -1.05     -1.13  0.       -4412.485       1765.580      -2581.407    0.000   0.000   0.000   0.
  2017 352 23 28  9 513 352.977887891      -7.57     -0.98     -1.20  0.       -4410.949       1763.336      -2582.791    0.000   0.000   0.000   0.
  2017 352 23 28 10 513 352.977899465      -7.61     -1.02     -1.21  0.       -4409.411       1761.092      -2584.174    0.000   0.000   0.000   0.
  2017 352 23 28 11 513 352.977911039      -7.61     -1.04     -1.19  0.       -4407.872       1758.847      -2585.555    0.000   0.000   0.000   0.
  2017 352 23 28 12 513 352.977922613      -7.67     -1.17     -1.26  0.       -4406.332       1756.601      -2586.937    0.000   0.000   0.000   0.
  2017 352 23 28 13 513 352.977934187      -7.62     -1.14     -1.22  0.       -4404.791       1754.355      -2588.317    0.000   0.000   0.000   0.
  2017 352 23 28 14 513 352.977945761      -7.61     -1.14     -1.21  0.       -4403.248       1752.109      -2589.697    0.000   0.000   0.000   0.
  2017 352 23 28 15 513 352.977957335      -7.62     -1.18     -1.20  0.       -4401.705       1749.862      -2591.076    0.000   0.000   0.000   0.
  2017 352 23 28 16 513 352.977968909      -7.64     -1.23     -1.22  0.       -4400.160       1747.614      -2592.455    0.000   0.000   0.000   0.
  2017 352 23 28 17 513 352.977980483      -7.67     -1.22     -1.24  0.       -4398.614       1745.366      -2593.832    0.000   0.000   0.000   0.
  2017 352 23 28 18 513 352.977992057      -7.66     -1.20     -1.24  0.       -4397.067       1743.118      -2595.209    0.000   0.000   0.000   0.
  2017 352 23 28 19 513 352.978003631      -7.70     -1.20     -1.26  0.       -4395.518       1740.869      -2596.586    0.000   0.000   0.000   0.
  2017 352 23 28 20 513 352.978015205      -7.69     -1.21     -1.28  0.       -4393.969       1738.620      -2597.961    0.000   0.000   0.000   0.
  2017 352 23 28 21 513 352.978026779      -7.68     -1.23     -1.26  0.       -4392.418       1736.370      -2599.336    0.000   0.000   0.000   0.
  2017 352 23 28 22 513 352.978038354      -7.66     -1.26     -1.25  0.       -4390.866       1734.119      -2600.710    0.000   0.000   0.000   0.
  2017 352 23 28 23 513 352.978049928      -7.67     -1.24     -1.24  0.       -4389.313       1731.869      -2602.084    0.000   0.000   0.000   0.
  2017 352 23 28 24 513 352.978061502      -7.63     -1.21     -1.25  0.       -4387.758       1729.618      -2603.457    0.000   0.000   0.000   0.
  2017 352 23 28 25 513 352.978073075      -7.65     -1.24     -1.29  0.       -4386.203       1727.366      -2604.829    0.000   0.000   0.000   0.
  2017 352 23 28 26 513 352.978084647      -7.66     -1.23     -1.31  0.       -4384.646       1725.114      -2606.200    0.000   0.000   0.000   0.
  2017 352 23 28 27 513 352.978096221      -7.66     -1.20     -1.31  0.       -4383.088       1722.861      -2607.571    0.000   0.000   0.000   0.
  2017 352 23 28 28 513 352.978107795      -7.67     -1.22     -1.32  0.       -4381.529       1720.608      -2608.941    0.000   0.000   0.000   0.
  2017 352 23 28 29 513 352.978119369      -7.66     -1.21     -1.29  0.       -4379.968       1718.354      -2610.310    0.000   0.000   0.000   0.
  2017 352 23 28 30 513 352.978130943      -7.69     -1.24     -1.30  0.       -4378.407       1716.100      -2611.678    0.000   0.000   0.000   0.
  2017 352 23 28 31 513 352.978142517      -7.68     -1.28     -1.30  0.       -4376.844       1713.846      -2613.046    0.000   0.000   0.000   0.
  2017 352 23 28 32 513 352.978154091      -7.67     -1.31     -1.34  0.       -4375.280       1711.591      -2614.413    0.000   0.000   0.000   0.
  2017 352 23 28 33 513 352.978165666      -7.65     -1.33     -1.35  0.       -4373.715       1709.335      -2615.779    0.000   0.000   0.000   0.
  2017 352 23 28 34 513 352.978177240      -7.62     -1.38     -1.34  0.       -4372.148       1707.079      -2617.145    0.000   0.000   0.000   0.
  2017 352 23 28 35 513 352.978188814      -7.63     -1.40     -1.37  0.       -4370.581       1704.823      -2618.510    0.000   0.000   0.000   0.
  2017 352 23 28 36 513 352.978200388      -7.64     -1.44     -1.39  0.       -4369.012       1702.566      -2619.874    0.000   0.000   0.000   0.
  2017 352 23 28 37 513 352.978211962      -7.63     -1.40     -1.40  0.       -4367.442       1700.309      -2621.237    0.000   0.000   0.000   0.
  2017 352 23 28 38 513 352.978223536      -7.58     -1.37     -1.37  0.       -4365.871       1698.051      -2622.600    0.000   0.000   0.000   0.
  2017 352 23 28 39 513 352.978235110      -7.58     -1.34     -1.34  0.       -4364.298       1695.792      -2623.962    0.000   0.000   0.000   0.
  2017 352 23 28 40 513 352.978246684      -7.58     -1.29     -1.33  0.       -4362.724       1693.534      -2625.323    0.000   0.000   0.000   0.
  2017 352 23 28 41 513 352.978258258      -7.59     -1.31     -1.36  0.       -4361.150       1691.274      -2626.684    0.000   0.000   0.000   0.
  2017 352 23 28 42 513 352.978269832      -7.58     -1.30     -1.34  0.       -4359.574       1689.015      -2628.043    0.000   0.000   0.000   0.
  2017 352 23 28 43 513 352.978281406      -7.58     -1.32     -1.33  0.       -4357.996       1686.755      -2629.402    0.000   0.000   0.000   0.
  2017 352 23 28 44 513 352.978292980      -7.57     -1.28     -1.35  0.       -4356.418       1684.494      -2630.761    0.000   0.000   0.000   0.
  2017 352 23 28 45 513 352.978304554      -7.55     -1.24     -1.34  0.       -4354.838       1682.233      -2632.118    0.000   0.000   0.000   0.
  2017 352 23 28 46 513 352.978316129      -7.52     -1.20     -1.32  0.       -4353.257       1679.971      -2633.475    0.000   0.000   0.000   0.
  2017 352 23 28 47 513 352.978327702      -7.52     -1.19     -1.31  0.       -4351.675       1677.709      -2634.831    0.000   0.000   0.000   0.
  2017 352 23 28 48 513 352.978339277      -7.48     -1.18     -1.34  0.       -4350.092       1675.447      -2636.186    0.000   0.000   0.000   0.
  2017 352 23 28 49 513 352.978350851      -7.47     -1.17     -1.35  0.       -4348.507       1673.184      -2637.541    0.000   0.000   0.000   0.
  2017 352 23 28 50 513 352.978362425      -7.45     -1.16     -1.37  0.       -4346.921       1670.920      -2638.895    0.000   0.000   0.000   0.
  2017 352 23 28 51 513 352.978373999      -7.44     -1.12     -1.38  0.       -4345.335       1668.656      -2640.248    0.000   0.000   0.000   0.
  2017 352 23 28 52 513 352.978385573      -7.43     -1.10     -1.39  0.       -4343.746       1666.392      -2641.601    0.000   0.000   0.000   0.
  2017 352 23 28 53 513 352.978397147      -7.47     -1.10     -1.40  0.       -4342.157       1664.127      -2642.952    0.000   0.000   0.000   0.
  2017 352 23 28 54 513 352.978408721      -7.44     -1.08     -1.41  0.       -4340.566       1661.862      -2644.303    0.000   0.000   0.000   0.
  2017 352 23 28 55 513 352.978420294      -7.41     -1.08     -1.43  0.       -4338.975       1659.596      -2645.653    0.000   0.000   0.000   0.
  2017 352 23 28 56 513 352.978431866      -7.41     -1.07     -1.44  0.       -4337.382       1657.330      -2647.003    0.000   0.000   0.000   0.
  2017 352 23 28 57 513 352.978443440      -7.43     -1.12     -1.45  0.       -4335.787       1655.063      -2648.352    0.000   0.000   0.000   0.
  2017 352 23 28 58 513 352.978455014      -7.41     -1.09     -1.43  0.       -4334.192       1652.796      -2649.700    0.000   0.000   0.000   0.
  2017 352 23 28 59 513 352.978466589      -7.43     -1.09     -1.44  0.       -4332.595       1650.528      -2651.047    0.000   0.000   0.000   0.
  2017 352 23 29  0 513 352.978478163      -7.45     -1.14     -1.44  0.       -4330.997       1648.260      -2652.393    0.000   0.000   0.000   0.
  2017 352 23 29  1 513 352.978489737      -7.41     -1.13     -1.40  0.       -4329.398       1645.992      -2653.739    0.000   0.000   0.000   0.
  2017 352 23 29  2 513 352.978501311      -7.37     -1.17     -1.40  0.       -4327.798       1643.723      -2655.084    0.000   0.000   0.000   0.
  2017 352 23 29  3 513 352.978512885      -7.38     -1.21     -1.41  0.       -4326.196       1641.453      -2656.428    0.000   0.000   0.000   0.
  2017 352 23 29  4 513 352.978524459      -7.36     -1.17     -1.38  0.       -4324.594       1639.183      -2657.772    0.000   0.000   0.000   0.
  2017 352 23 29  5 513 352.978536033      -7.36     -1.15     -1.40  0.       -4322.990       1636.913      -2659.115    0.000   0.000   0.000   0.
  2017 352 23 29  6 513 352.978547607      -7.33     -1.13     -1.40  0.       -4321.385       1634.642      -2660.457    0.000   0.000   0.000   0.
  2017 352 23 29  7 513 352.978559181      -7.30     -1.14     -1.42  0.       -4319.778       1632.370      -2661.798    0.000   0.000   0.000   0.
  2017 352 23 29  8 513 352.978570755      -7.30     -1.08     -1.41  0.       -4318.171       1630.099      -2663.138    0.000   0.000   0.000   0.
  2017 352 23 29  9 513 352.978582329      -7.34     -1.13     -1.46  0.       -4316.562       1627.827      -2664.478    0.000   0.000   0.000   0.
  2017 352 23 29 10 513 352.978593903      -7.35     -1.10     -1.51  0.       -4314.952       1625.554      -2665.817    0.000   0.000   0.000   0.
  2017 352 23 29 11 513 352.978605477      -7.36     -1.10     -1.52  0.       -4313.340       1623.281      -2667.155    0.000   0.000   0.000   0.
  2017 352 23 29 12 513 352.978617052      -7.34     -1.07     -1.47  0.       -4311.728       1621.007      -2668.493    0.000   0.000   0.000   0.
  2017 352 23 29 13 513 352.978628626      -7.31     -1.05     -1.43  0.       -4310.114       1618.733      -2669.829    0.000   0.000   0.000   0.
  2017 352 23 29 14 513 352.978640200      -7.28     -1.02     -1.35  0.       -4308.499       1616.458      -2671.165    0.000   0.000   0.000   0.
  2017 352 23 29 15 513 352.978651774      -7.30     -1.07     -1.29  0.       -4306.883       1614.183      -2672.501    0.000   0.000   0.000   0.
  2017 352 23 29 16 513 352.978663348      -7.28     -1.04     -1.24  0.       -4305.266       1611.908      -2673.835    0.000   0.000   0.000   0.
  2017 352 23 29 17 513 352.978674922      -7.29     -1.02     -1.25  0.       -4303.647       1609.632      -2675.168    0.000   0.000   0.000   0.
  2017 352 23 29 18 513 352.978686496      -7.29     -1.07     -1.28  0.       -4302.027       1607.356      -2676.501    0.000   0.000   0.000   0.
  2017 352 23 29 19 513 352.978698070      -7.33     -1.08     -1.31  0.       -4300.406       1605.079      -2677.834    0.000   0.000   0.000   0.
  2017 352 23 29 20 513 352.978709644      -7.33     -1.03     -1.35  0.       -4298.784       1602.802      -2679.165    0.000   0.000   0.000   0.
  2017 352 23 29 21 513 352.978721218      -7.30     -1.02     -1.35  0.       -4297.160       1600.524      -2680.496    0.000   0.000   0.000   0.
  2017 352 23 29 22 513 352.978732792      -7.31     -1.05     -1.38  0.       -4295.536       1598.246      -2681.825    0.000   0.000   0.000   0.
  2017 352 23 29 23 513 352.978744366      -7.35     -1.10     -1.43  0.       -4293.910       1595.967      -2683.154    0.000   0.000   0.000   0.
  2017 352 23 29 24 513 352.978755940      -7.36     -1.11     -1.47  0.       -4292.283       1593.688      -2684.483    0.000   0.000   0.000   0.
  2017 352 23 29 25 512 352.978767513      -7.35     -1.09     -1.51  0.       -4290.654       1591.408      -2685.810    0.000   0.000   0.000   0.
  2017 352 23 29 26 512 352.978779086      -7.34     -1.09     -1.50  0.       -4289.025       1589.128      -2687.137    0.000   0.000   0.000   0.
  2017 352 23 29 27 513 352.978790660      -7.34     -1.07     -1.47  0.       -4287.394       1586.848      -2688.463    0.000   0.000   0.000   0.
  2017 352 23 29 28 513 352.978802234      -7.35     -1.07     -1.47  0.       -4285.761       1584.567      -2689.788    0.000   0.000   0.000   0.
  2017 352 23 29 29 513 352.978813808      -7.38     -1.08     -1.52  0.       -4284.128       1582.285      -2691.113    0.000   0.000   0.000   0.
  2017 352 23 29 30 513 352.978825382      -7.38     -1.06     -1.56  0.       -4282.494       1580.004      -2692.436    0.000   0.000   0.000   0.
  2017 352 23 29 31 512 352.978836956      -7.37     -1.07     -1.54  0.       -4280.858       1577.721      -2693.759    0.000   0.000   0.000   0.
  2017 352 23 29 32 512 352.978848530      -7.38     -1.07     -1.51  0.       -4279.221       1575.438      -2695.081    0.000   0.000   0.000   0.
  2017 352 23 29 33 512 352.978860104      -7.37     -1.08     -1.50  0.       -4277.583       1573.155      -2696.403    0.000   0.000   0.000   0.
  2017 352 23 29 34 512 352.978871678      -7.38     -1.05     -1.54  0.       -4275.943       1570.872      -2697.723    0.000   0.000   0.000   0.
  2017 352 23 29 35 512 352.978883252      -7.38     -1.07     -1.51  0.       -4274.303       1568.587      -2699.043    0.000   0.000   0.000   0.
  2017 352 23 29 36 513 352.978894826      -7.36     -1.05     -1.52  0.       -4272.661       1566.303      -2700.362    0.000   0.000   0.000   0.
  2017 352 23 29 37 513 352.978906400      -7.39     -1.02     -1.55  0.       -4271.017       1564.018      -2701.680    0.000   0.000   0.000   0.
  2017 352 23 29 38 512 352.978917975      -7.39     -1.03     -1.62  0.       -4269.373       1561.732      -2702.998    0.000   0.000   0.000   0.
  2017 352 23 29 39 512 352.978929549      -7.40     -1.05     -1.65  0.       -4267.727       1559.446      -2704.315    0.000   0.000   0.000   0.
  2017 352 23 29 40 513 352.978941123      -7.41     -1.06     -1.69  0.       -4266.080       1557.160      -2705.630    0.000   0.000   0.000   0.
  2017 352 23 29 41 513 352.978952697      -7.42     -1.07     -1.68  0.       -4264.432       1554.873      -2706.945    0.000   0.000   0.000   0.
  2017 352 23 29 42 513 352.978964271      -7.41     -1.01     -1.72  0.       -4262.783       1552.586      -2708.260    0.000   0.000   0.000   0.
  2017 352 23 29 43 513 352.978975845      -7.41     -0.96     -1.82  0.       -4261.133       1550.298      -2709.573    0.000   0.000   0.000   0.
  2017 352 23 29 44 513 352.978987419      -7.41     -0.95     -1.81  0.       -4259.481       1548.010      -2710.886    0.000   0.000   0.000   0.
  2017 352 23 29 45 512 352.978998993      -7.43     -0.99     -1.84  0.       -4257.828       1545.721      -2712.198    0.000   0.000   0.000   0.
  2017 352 23 29 46 512 352.979010567      -7.48     -1.00     -1.87  0.       -4256.173       1543.432      -2713.509    0.000   0.000   0.000   0.
  2017 352 23 29 47 512 352.979022141      -7.48     -1.01     -1.85  0.       -4254.518       1541.143      -2714.820    0.000   0.000   0.000   0.
  2017 352 23 29 48 512 352.979033715      -7.48     -1.02     -1.84  0.       -4252.861       1538.853      -2716.129    0.000   0.000   0.000   0.
  2017 352 23 29 49 512 352.979045289      -7.47     -1.01     -1.80  0.       -4251.203       1536.562      -2717.438    0.000   0.000   0.000   0.
  2017 352 23 29 50 513 352.979056863      -7.49     -0.99     -1.82  0.       -4249.544       1534.272      -2718.746    0.000   0.000   0.000   0.
  2017 352 23 29 51 513 352.979068437      -7.47     -0.95     -1.82  0.       -4247.884       1531.980      -2720.053    0.000   0.000   0.000   0.
  2017 352 23 29 52 512 352.979080012      -7.50     -0.99     -1.81  0.       -4246.222       1529.688      -2721.359    0.000   0.000   0.000   0.
  2017 352 23 29 53 512 352.979091586      -7.50     -0.99     -1.83  0.       -4244.559       1527.396      -2722.665    0.000   0.000   0.000   0.
  2017 352 23 29 54 513 352.979103160      -7.52     -0.98     -1.83  0.       -4242.895       1525.104      -2723.970    0.000   0.000   0.000   0.
  2017 352 23 29 55 513 352.979114733      -7.53     -1.08     -1.83  0.       -4241.229       1522.811      -2725.274    0.000   0.000   0.000   0.
  2017 352 23 29 56 512 352.979126305      -7.59     -1.09     -1.85  0.       -4239.563       1520.517      -2726.577    0.000   0.000   0.000   0.
  2017 352 23 29 57 512 352.979137879      -7.56     -1.06     -1.83  0.       -4237.895       1518.223      -2727.880    0.000   0.000   0.000   0.
  2017 352 23 29 58 512 352.979149453      -7.55     -1.03     -1.84  0.       -4236.226       1515.929      -2729.181    0.000   0.000   0.000   0.
  2017 352 23 29 59 512 352.979161027      -7.58     -1.04     -1.85  0.       -4234.555       1513.634      -2730.482    0.000   0.000   0.000   0.
  2017 352 23 30  0 512 352.979172601      -7.58     -1.05     -1.90  0.       -4232.883       1511.338      -2731.782    0.000   0.000   0.000   0.
  2017 352 23 30  1 512 352.979184175      -7.57     -1.05     -1.90  0.       -4231.211       1509.043      -2733.081    0.000   0.000   0.000   0.
  2017 352 23 30  2 512 352.979195749      -7.57     -1.09     -1.96  0.       -4229.537       1506.746      -2734.379    0.000   0.000   0.000   0.
  2017 352 23 30  3 512 352.979207323      -7.55     -1.06     -1.93  0.       -4227.861       1504.450      -2735.677    0.000   0.000   0.000   0.
  2017 352 23 30  4 512 352.979218898      -7.54     -1.04     -1.96  0.       -4226.184       1502.153      -2736.974    0.000   0.000   0.000   0.
  2017 352 23 30  5 512 352.979230472      -7.51     -1.05     -1.93  0.       -4224.507       1499.855      -2738.270    0.000   0.000   0.000   0.
  2017 352 23 30  6 512 352.979242046      -7.49     -1.05     -1.93  0.       -4222.828       1497.557      -2739.565    0.000   0.000   0.000   0.
  2017 352 23 30  7 512 352.979253620      -7.50     -1.09     -1.96  0.       -4221.147       1495.259      -2740.859    0.000   0.000   0.000   0.
  2017 352 23 30  8 512 352.979265194      -7.53     -1.18     -1.99  0.       -4219.466       1492.960      -2742.153    0.000   0.000   0.000   0.
  2017 352 23 30  9 512 352.979276768      -7.52     -1.17     -2.01  0.       -4217.783       1490.660      -2743.446    0.000   0.000   0.000   0.
  2017 352 23 30 10 512 352.979288342      -7.54     -1.20     -2.00  0.       -4216.099       1488.361      -2744.738    0.000   0.000   0.000   0.
  2017 352 23 30 11 512 352.979299916      -7.52     -1.22     -1.95  0.       -4214.413       1486.060      -2746.028    0.000   0.000   0.000   0.
  2017 352 23 30 12 512 352.979311490      -7.49     -1.21     -1.92  0.       -4212.727       1483.760      -2747.319    0.000   0.000   0.000   0.
  2017 352 23 30 13 512 352.979323064      -7.44     -1.15     -1.89  0.       -4211.039       1481.459      -2748.608    0.000   0.000   0.000   0.
  2017 352 23 30 14 512 352.979334638      -7.46     -1.17     -1.90  0.       -4209.350       1479.157      -2749.897    0.000   0.000   0.000   0.
  2017 352 23 30 15 512 352.979346212      -7.46     -1.17     -1.93  0.       -4207.660       1476.855      -2751.185    0.000   0.000   0.000   0.
  2017 352 23 30 16 512 352.979357786      -7.46     -1.15     -1.95  0.       -4205.968       1474.553      -2752.472    0.000   0.000   0.000   0.
  2017 352 23 30 17 512 352.979369361      -7.49     -1.21     -1.95  0.       -4204.275       1472.250      -2753.758    0.000   0.000   0.000   0.
  2017 352 23 30 18 512 352.979380935      -7.49     -1.20     -1.95  0.       -4202.581       1469.947      -2755.043    0.000   0.000   0.000   0.
  2017 352 23 30 19 512 352.979392509      -7.49     -1.20     -1.93  0.       -4200.885       1467.643      -2756.328    0.000   0.000   0.000   0.
  2017 352 23 30 20 512 352.979404083      -7.47     -1.16     -1.91  0.       -4199.189       1465.339      -2757.612    0.000   0.000   0.000   0.
  2017 352 23 30 21 512 352.979415657      -7.47     -1.12     -1.91  0.       -4197.491       1463.034      -2758.895    0.000   0.000   0.000   0.
  2017 352 23 30 22 512 352.979427231      -7.48     -1.13     -1.94  0.       -4195.792       1460.729      -2760.177    0.000   0.000   0.000   0.
  2017 352 23 30 23 512 352.979438805      -7.47     -1.14     -1.96  0.       -4194.092       1458.424      -2761.458    0.000   0.000   0.000   0.
  2017 352 23 30 24 512 352.979450379      -7.52     -1.19     -1.98  0.       -4192.390       1456.118      -2762.738    0.000   0.000   0.000   0.
  2017 352 23 30 25 512 352.979461952      -7.50     -1.18     -1.98  0.       -4190.688       1453.812      -2764.018    0.000   0.000   0.000   0.
  2017 352 23 30 26 512 352.979473524      -7.49     -1.19     -1.97  0.       -4188.983       1451.505      -2765.297    0.000   0.000   0.000   0.
  2017 352 23 30 27 512 352.979485098      -7.44     -1.17     -1.95  0.       -4187.278       1449.198      -2766.575    0.000   0.000   0.000   0.
  2017 352 23 30 28 512 352.979496672      -7.40     -1.14     -1.91  0.       -4185.571       1446.890      -2767.852    0.000   0.000   0.000   0.
  2017 352 23 30 29 512 352.979508247      -7.42     -1.21     -1.97  0.       -4183.864       1444.582      -2769.128    0.000   0.000   0.000   0.
  2017 352 23 30 30 512 352.979519821      -7.43     -1.27     -1.99  0.       -4182.154       1442.273      -2770.403    0.000   0.000   0.000   0.
  2017 352 23 30 31 512 352.979531395      -7.38     -1.26     -2.00  0.       -4180.444       1439.965      -2771.678    0.000   0.000   0.000   0.
  2017 352 23 30 32 512 352.979542969      -7.41     -1.28     -1.96  0.       -4178.732       1437.655      -2772.952    0.000   0.000   0.000   0.
  2017 352 23 30 33 512 352.979554543      -7.37     -1.29     -1.95  0.       -4177.020       1435.345      -2774.225    0.000   0.000   0.000   0.
  2017 352 23 30 34 512 352.979566117      -7.34     -1.22     -1.89  0.       -4175.305       1433.035      -2775.497    0.000   0.000   0.000   0.
  2017 352 23 30 35 512 352.979577691      -7.33     -1.26     -1.87  0.       -4173.590       1430.725      -2776.768    0.000   0.000   0.000   0.
  2017 352 23 30 36 512 352.979589265      -7.35     -1.28     -1.85  0.       -4171.873       1428.413      -2778.038    0.000   0.000   0.000   0.
  2017 352 23 30 37 512 352.979600839      -7.37     -1.29     -1.85  0.       -4170.155       1426.102      -2779.308    0.000   0.000   0.000   0.
  2017 352 23 30 38 512 352.979612413      -7.36     -1.29     -1.79  0.       -4168.436       1423.790      -2780.577    0.000   0.000   0.000   0.
  2017 352 23 30 39 512 352.979623987      -7.36     -1.30     -1.80  0.       -4166.716       1421.478      -2781.845    0.000   0.000   0.000   0.
  2017 352 23 30 40 512 352.979635561      -7.36     -1.24     -1.78  0.       -4164.994       1419.165      -2783.112    0.000   0.000   0.000   0.
  2017 352 23 30 41 512 352.979647135      -7.36     -1.25     -1.75  0.       -4163.271       1416.851      -2784.378    0.000   0.000   0.000   0.
  2017 352 23 30 42 512 352.979658709      -7.39     -1.25     -1.75  0.       -4161.547       1414.538      -2785.643    0.000   0.000   0.000   0.
  2017 352 23 30 43 512 352.979670284      -7.38     -1.26     -1.77  0.       -4159.821       1412.224      -2786.907    0.000   0.000   0.000   0.
  2017 352 23 30 44 512 352.979681858      -7.39     -1.24     -1.77  0.       -4158.095       1409.909      -2788.171    0.000   0.000   0.000   0.
  2017 352 23 30 45 512 352.979693432      -7.39     -1.23     -1.74  0.       -4156.367       1407.594      -2789.434    0.000   0.000   0.000   0.
  2017 352 23 30 46 512 352.979705006      -7.39     -1.25     -1.70  0.       -4154.637       1405.279      -2790.696    0.000   0.000   0.000   0.
  2017 352 23 30 47 512 352.979716580      -7.41     -1.22     -1.65  0.       -4152.907       1402.963      -2791.957    0.000   0.000   0.000   0.
  2017 352 23 30 48 512 352.979728154      -7.42     -1.15     -1.68  0.       -4151.175       1400.647      -2793.217    0.000   0.000   0.000   0.
  2017 352 23 30 49 512 352.979739728      -7.49     -1.19     -1.72  0.       -4149.442       1398.330      -2794.477    0.000   0.000   0.000   0.
  2017 352 23 30 50 512 352.979751302      -7.49     -1.16     -1.74  0.       -4147.708       1396.013      -2795.735    0.000   0.000   0.000   0.
  2017 352 23 30 51 512 352.979762876      -7.49     -1.11     -1.72  0.       -4145.972       1393.695      -2796.993    0.000   0.000   0.000   0.
  2017 352 23 30 52 512 352.979774450      -7.45     -1.11     -1.77  0.       -4144.235       1391.377      -2798.250    0.000   0.000   0.000   0.
  2017 352 23 30 53 512 352.979786024      -7.47     -1.12     -1.76  0.       -4142.497       1389.059      -2799.506    0.000   0.000   0.000   0.
  2017 352 23 30 54 512 352.979797598      -7.43     -1.10     -1.71  0.       -4140.758       1386.740      -2800.761    0.000   0.000   0.000   0.
  2017 352 23 30 55 512 352.979809172      -7.43     -1.12     -1.68  0.       -4139.017       1384.421      -2802.015    0.000   0.000   0.000   0.
  2017 352 23 30 56 512 352.979820747      -7.41     -1.13     -1.63  0.       -4137.275       1382.102      -2803.269    0.000   0.000   0.000   0.
  2017 352 23 30 57 512 352.979832320      -7.39     -1.13     -1.56  0.       -4135.532       1379.781      -2804.521    0.000   0.000   0.000   0.
  2017 352 23 30 58 512 352.979843892      -7.41     -1.15     -1.44  0.       -4133.787       1377.461      -2805.773    0.000   0.000   0.000   0.
  2017 352 23 30 59 512 352.979855466      -7.38     -1.12     -1.41  0.       -4132.042       1375.140      -2807.024    0.000   0.000   0.000   0.
  2017 352 23 31  0 512 352.979867040      -7.43     -1.07     -1.37  0.       -4130.295       1372.818      -2808.274    0.000   0.000   0.000   0.
  2017 352 23 31  1 512 352.979878614      -7.41     -1.02     -1.35  0.       -4128.546       1370.497      -2809.523    0.000   0.000   0.000   0.
  2017 352 23 31  2 512 352.979890188      -7.44     -1.06     -1.32  0.       -4126.797       1368.175      -2810.770    0.000   0.000   0.000   0.
  2017 352 23 31  3 512 352.979901762      -7.38     -1.07     -1.27  0.       -4125.046       1365.852      -2812.018    0.000   0.000   0.000   0.
  2017 352 23 31  4 512 352.979913336      -7.34     -1.05     -1.22  0.       -4123.294       1363.529      -2813.265    0.000   0.000   0.000   0.
  2017 352 23 31  5 512 352.979924910      -7.34     -0.99     -1.23  0.       -4121.540       1361.205      -2814.510    0.000   0.000   0.000   0.
  2017 352 23 31  6 512 352.979936484      -7.32     -0.96     -1.22  0.       -4119.786       1358.882      -2815.755    0.000   0.000   0.000   0.
  2017 352 23 31  7 512 352.979948058      -7.35     -0.99     -1.18  0.       -4118.030       1356.557      -2816.999    0.000   0.000   0.000   0.
  2017 352 23 31  8 512 352.979959633      -7.35     -1.00     -1.13  0.       -4116.273       1354.233      -2818.242    0.000   0.000   0.000   0.
  2017 352 23 31  9 512 352.979971207      -7.42     -1.09     -1.14  0.       -4114.514       1351.907      -2819.484    0.000   0.000   0.000   0.
  2017 352 23 31 10 512 352.979982781      -7.44     -1.07     -1.17  0.       -4112.755       1349.582      -2820.725    0.000   0.000   0.000   0.
  2017 352 23 31 11 512 352.979994355      -7.43     -1.06     -1.14  0.       -4110.994       1347.256      -2821.966    0.000   0.000   0.000   0.
  2017 352 23 31 12 512 352.980005929      -7.43     -1.06     -1.09  0.       -4109.231       1344.929      -2823.205    0.000   0.000   0.000   0.
  2017 352 23 31 13 512 352.980017503      -7.41     -1.09     -1.05  0.       -4107.468       1342.603      -2824.444    0.000   0.000   0.000   0.
  2017 352 23 31 14 512 352.980029077      -7.35     -1.10     -1.05  0.       -4105.703       1340.275      -2825.681    0.000   0.000   0.000   0.
  2017 352 23 31 15 512 352.980040651      -7.36     -1.10     -1.15  0.       -4103.937       1337.948      -2826.918    0.000   0.000   0.000   0.
  2017 352 23 31 16 512 352.980052225      -7.37     -1.02     -1.26  0.       -4102.170       1335.620      -2828.154    0.000   0.000   0.000   0.
  2017 352 23 31 17 512 352.980063799      -7.37     -0.93     -1.25  0.       -4100.401       1333.291      -2829.389    0.000   0.000   0.000   0.
  2017 352 23 31 18 512 352.980075373      -7.40     -0.91     -1.30  0.       -4098.631       1330.962      -2830.623    0.000   0.000   0.000   0.
  2017 352 23 31 19 512 352.980086947      -7.41     -0.88     -1.32  0.       -4096.860       1328.633      -2831.857    0.000   0.000   0.000   0.
  2017 352 23 31 20 512 352.980098521      -7.38     -0.83     -1.27  0.       -4095.087       1326.303      -2833.089    0.000   0.000   0.000   0.
  2017 352 23 31 21 512 352.980110096      -7.33     -0.83     -1.25  0.       -4093.313       1323.973      -2834.321    0.000   0.000   0.000   0.
  2017 352 23 31 22 512 352.980121670      -7.34     -0.85     -1.25  0.       -4091.538       1321.643      -2835.551    0.000   0.000   0.000   0.
  2017 352 23 31 23 512 352.980133244      -7.37     -0.82     -1.22  0.       -4089.762       1319.312      -2836.781    0.000   0.000   0.000   0.
  2017 352 23 31 24 512 352.980144818      -7.38     -0.81     -1.23  0.       -4087.985       1316.980      -2838.010    0.000   0.000   0.000   0.
  2017 352 23 31 25 512 352.980156392      -7.45     -0.82     -1.26  0.       -4086.206       1314.648      -2839.238    0.000   0.000   0.000   0.
  2017 352 23 31 26 512 352.980167966      -7.43     -0.77     -1.26  0.       -4084.425       1312.316      -2840.465    0.000   0.000   0.000   0.
  2017 352 23 31 27 511 352.980179539      -7.45     -0.77     -1.28  0.       -4082.644       1309.984      -2841.691    0.000   0.000   0.000   0.
  2017 352 23 31 28 511 352.980191111      -7.37     -0.74     -1.19  0.       -4080.861       1307.651      -2842.917    0.000   0.000   0.000   0.
  2017 352 23 31 29 511 352.980202685      -7.37     -0.77     -1.19  0.       -4079.077       1305.317      -2844.141    0.000   0.000   0.000   0.
  2017 352 23 31 30 511 352.980214259      -7.40     -0.78     -1.20  0.       -4077.292       1302.983      -2845.365    0.000   0.000   0.000   0.
  2017 352 23 31 31 511 352.980225833      -7.43     -0.78     -1.18  0.       -4075.505       1300.649      -2846.587    0.000   0.000   0.000   0.
  2017 352 23 31 32 512 352.980237407      -7.42     -0.76     -1.17  0.       -4073.718       1298.314      -2847.809    0.000   0.000   0.000   0.
  2017 352 23 31 33 512 352.980248981      -7.42     -0.69     -1.16  0.       -4071.928       1295.980      -2849.030    0.000   0.000   0.000   0.
  2017 352 23 31 34 511 352.980260556      -7.37     -0.70     -1.14  0.       -4070.138       1293.644      -2850.250    0.000   0.000   0.000   0.
  2017 352 23 31 35 511 352.980272130      -7.35     -0.73     -1.11  0.       -4068.346       1291.308      -2851.469    0.000   0.000   0.000   0.
  2017 352 23 31 36 512 352.980283704      -7.31     -0.74     -1.05  0.       -4066.553       1288.971      -2852.687    0.000   0.000   0.000   0.
  2017 352 23 31 37 512 352.980295278      -7.33     -0.80     -1.09  0.       -4064.759       1286.635      -2853.904    0.000   0.000   0.000   0.
  2017 352 23 31 38 512 352.980306852      -7.35     -0.77     -1.09  0.       -4062.963       1284.298      -2855.120    0.000   0.000   0.000   0.
  2017 352 23 31 39 512 352.980318426      -7.37     -0.73     -1.08  0.       -4061.167       1281.960      -2856.336    0.000   0.000   0.000   0.
  2017 352 23 31 40 511 352.980330000      -7.35     -0.76     -1.08  0.       -4059.368       1279.622      -2857.550    0.000   0.000   0.000   0.
  2017 352 23 31 41 511 352.980341574      -7.31     -0.73     -1.04  0.       -4057.569       1277.284      -2858.764    0.000   0.000   0.000   0.
  2017 352 23 31 42 511 352.980353148      -7.28     -0.79     -1.07  0.       -4055.768       1274.945      -2859.977    0.000   0.000   0.000   0.
  2017 352 23 31 43 511 352.980364722      -7.29     -0.73     -1.03  0.       -4053.966       1272.606      -2861.188    0.000   0.000   0.000   0.
  2017 352 23 31 44 511 352.980376296      -7.33     -0.74     -1.03  0.       -4052.163       1270.267      -2862.399    0.000   0.000   0.000   0.
  2017 352 23 31 45 512 352.980387870      -7.33     -0.71     -1.02  0.       -4050.358       1267.927      -2863.609    0.000   0.000   0.000   0.
  2017 352 23 31 46 512 352.980399444      -7.31     -0.67     -1.10  0.       -4048.553       1265.586      -2864.818    0.000   0.000   0.000   0.
  2017 352 23 31 47 511 352.980411019      -7.27     -0.65     -1.13  0.       -4046.745       1263.246      -2866.026    0.000   0.000   0.000   0.
  2017 352 23 31 48 511 352.980422593      -7.22     -0.62     -1.16  0.       -4044.937       1260.904      -2867.233    0.000   0.000   0.000   0.
  2017 352 23 31 49 512 352.980434167      -7.22     -0.61     -1.19  0.       -4043.127       1258.563      -2868.440    0.000   0.000   0.000   0.
  2017 352 23 31 50 512 352.980445741      -7.24     -0.59     -1.20  0.       -4041.316       1256.221      -2869.645    0.000   0.000   0.000   0.
  2017 352 23 31 51 512 352.980457315      -7.24     -0.54     -1.24  0.       -4039.504       1253.879      -2870.850    0.000   0.000   0.000   0.
  2017 352 23 31 52 512 352.980468889      -7.22     -0.49     -1.25  0.       -4037.690       1251.536      -2872.053    0.000   0.000   0.000   0.
  2017 352 23 31 53 512 352.980480463      -7.17     -0.47     -1.28  0.       -4035.875       1249.193      -2873.256    0.000   0.000   0.000   0.
  2017 352 23 31 54 511 352.980492037      -7.16     -0.48     -1.32  0.       -4034.059       1246.849      -2874.457    0.000   0.000   0.000   0.
  2017 352 23 31 55 511 352.980503610      -7.20     -0.46     -1.34  0.       -4032.242       1244.505      -2875.658    0.000   0.000   0.000   0.
  2017 352 23 31 56 511 352.980515182      -7.22     -0.42     -1.37  0.       -4030.423       1242.161      -2876.858    0.000   0.000   0.000   0.
  2017 352 23 31 57 511 352.980526756      -7.19     -0.37     -1.38  0.       -4028.603       1239.816      -2878.057    0.000   0.000   0.000   0.
  2017 352 23 31 58 511 352.980538330      -7.13     -0.29     -1.37  0.       -4026.782       1237.471      -2879.255    0.000   0.000   0.000   0.
  2017 352 23 31 59 511 352.980549905      -7.11     -0.23     -1.38  0.       -4024.959       1235.125      -2880.452    0.000   0.000   0.000   0.
  2017 352 23 32  0 511 352.980561479      -7.13     -0.25     -1.42  0.       -4023.135       1232.779      -2881.648    0.000   0.000   0.000   0.
  2017 352 23 32  1 511 352.980573053      -7.15     -0.22     -1.43  0.       -4021.310       1230.433      -2882.843    0.000   0.000   0.000   0.
  2017 352 23 32  2 511 352.980584627      -7.16     -0.16     -1.43  0.       -4019.483       1228.086      -2884.037    0.000   0.000   0.000   0.
  2017 352 23 32  3 511 352.980596201      -7.10     -0.12     -1.44  0.       -4017.655       1225.739      -2885.231    0.000   0.000   0.000   0.
  2017 352 23 32  4 511 352.980607775      -7.05     -0.14     -1.44  0.       -4015.826       1223.391      -2886.423    0.000   0.000   0.000   0.
  2017 352 23 32  5 511 352.980619349      -7.05     -0.16     -1.39  0.       -4013.996       1221.043      -2887.614    0.000   0.000   0.000   0.
  2017 352 23 32  6 511 352.980630923      -7.09     -0.19     -1.41  0.       -4012.164       1218.695      -2888.805    0.000   0.000   0.000   0.
  2017 352 23 32  7 511 352.980642497      -7.10     -0.18     -1.39  0.       -4010.331       1216.346      -2889.995    0.000   0.000   0.000   0.
  2017 352 23 32  8 511 352.980654071      -7.05     -0.12     -1.41  0.       -4008.497       1213.997      -2891.183    0.000   0.000   0.000   0.
  2017 352 23 32  9 511 352.980665645      -6.99     -0.15     -1.36  0.       -4006.661       1211.648      -2892.371    0.000   0.000   0.000   0.
  2017 352 23 32 10 511 352.980677219      -7.00     -0.20     -1.33  0.       -4004.824       1209.298      -2893.558    0.000   0.000   0.000   0.
  2017 352 23 32 11 511 352.980688793      -7.04     -0.19     -1.33  0.       -4002.986       1206.947      -2894.744    0.000   0.000   0.000   0.
  2017 352 23 32 12 511 352.980700367      -7.02     -0.18     -1.32  0.       -4001.146       1204.597      -2895.928    0.000   0.000   0.000   0.
  2017 352 23 32 13 511 352.980711942      -6.96     -0.18     -1.33  0.       -3999.305       1202.246      -2897.112    0.000   0.000   0.000   0.
  2017 352 23 32 14 511 352.980723516      -6.94     -0.22     -1.31  0.       -3997.463       1199.894      -2898.295    0.000   0.000   0.000   0.
  2017 352 23 32 15 511 352.980735090      -6.94     -0.25     -1.28  0.       -3995.620       1197.542      -2899.477    0.000   0.000   0.000   0.
  2017 352 23 32 16 511 352.980746664      -6.97     -0.30     -1.29  0.       -3993.775       1195.190      -2900.658    0.000   0.000   0.000   0.
  2017 352 23 32 17 511 352.980758238      -6.94     -0.33     -1.37  0.       -3991.929       1192.837      -2901.839    0.000   0.000   0.000   0.
  2017 352 23 32 18 511 352.980769812      -6.96     -0.32     -1.29  0.       -3990.082       1190.484      -2903.018    0.000   0.000   0.000   0.
  2017 352 23 32 19 511 352.980781386      -6.94     -0.33     -1.27  0.       -3988.233       1188.131      -2904.196    0.000   0.000   0.000   0.
  2017 352 23 32 20 511 352.980792960      -6.93     -0.32     -1.29  0.       -3986.383       1185.777      -2905.373    0.000   0.000   0.000   0.
  2017 352 23 32 21 511 352.980804534      -6.95     -0.34     -1.30  0.       -3984.532       1183.423      -2906.550    0.000   0.000   0.000   0.
  2017 352 23 32 22 511 352.980816108      -6.93     -0.35     -1.28  0.       -3982.679       1181.068      -2907.725    0.000   0.000   0.000   0.
  2017 352 23 32 23 511 352.980827682      -6.96     -0.29     -1.29  0.       -3980.826       1178.713      -2908.900    0.000   0.000   0.000   0.
  2017 352 23 32 24 511 352.980839256      -6.96     -0.35     -1.25  0.       -3978.970       1176.358      -2910.073    0.000   0.000   0.000   0.
  2017 352 23 32 25 511 352.980850829      -6.93     -0.40     -1.25  0.       -3977.114       1174.002      -2911.246    0.000   0.000   0.000   0.
  2017 352 23 32 26 511 352.980862402      -6.94     -0.35     -1.26  0.       -3975.256       1171.646      -2912.417    0.000   0.000   0.000   0.
  2017 352 23 32 27 511 352.980873976      -6.93     -0.36     -1.26  0.       -3973.397       1169.289      -2913.588    0.000   0.000   0.000   0.
  2017 352 23 32 28 511 352.980885550      -6.95     -0.39     -1.29  0.       -3971.537       1166.933      -2914.757    0.000   0.000   0.000   0.
  2017 352 23 32 29 511 352.980897124      -7.01     -0.42     -1.29  0.       -3969.675       1164.575      -2915.926    0.000   0.000   0.000   0.
  2017 352 23 32 30 511 352.980908698      -7.05     -0.51     -1.30  0.       -3967.812       1162.217      -2917.094    0.000   0.000   0.000   0.
  2017 352 23 32 31 511 352.980920272      -7.09     -0.59     -1.27  0.       -3965.948       1159.859      -2918.261    0.000   0.000   0.000   0.
  2017 352 23 32 32 511 352.980931846      -7.06     -0.59     -1.31  0.       -3964.082       1157.501      -2919.426    0.000   0.000   0.000   0.
  2017 352 23 32 33 511 352.980943420      -7.06     -0.53     -1.28  0.       -3962.215       1155.142      -2920.591    0.000   0.000   0.000   0.
  2017 352 23 32 34 511 352.980954994      -7.09     -0.52     -1.29  0.       -3960.347       1152.783      -2921.755    0.000   0.000   0.000   0.
  2017 352 23 32 35 511 352.980966568      -7.09     -0.54     -1.29  0.       -3958.477       1150.423      -2922.918    0.000   0.000   0.000   0.
  2017 352 23 32 36 511 352.980978142      -7.08     -0.54     -1.29  0.       -3956.606       1148.063      -2924.080    0.000   0.000   0.000   0.
  2017 352 23 32 37 511 352.980989716      -7.08     -0.51     -1.28  0.       -3954.734       1145.703      -2925.241    0.000   0.000   0.000   0.
  2017 352 23 32 38 511 352.981001291      -7.11     -0.46     -1.28  0.       -3952.861       1143.342      -2926.401    0.000   0.000   0.000   0.
  2017 352 23 32 39 511 352.981012865      -7.15     -0.47     -1.28  0.       -3950.986       1140.981      -2927.560    0.000   0.000   0.000   0.
  2017 352 23 32 40 511 352.981024439      -7.13     -0.49     -1.25  0.       -3949.110       1138.620      -2928.718    0.000   0.000   0.000   0.
  2017 352 23 32 41 511 352.981036013      -7.14     -0.49     -1.21  0.       -3947.232       1136.258      -2929.875    0.000   0.000   0.000   0.
  2017 352 23 32 42 511 352.981047587      -7.11     -0.42     -1.21  0.       -3945.354       1133.895      -2931.031    0.000   0.000   0.000   0.
  2017 352 23 32 43 511 352.981059161      -7.12     -0.41     -1.23  0.       -3943.474       1131.533      -2932.186    0.000   0.000   0.000   0.
  2017 352 23 32 44 511 352.981070735      -7.16     -0.40     -1.24  0.       -3941.592       1129.170      -2933.340    0.000   0.000   0.000   0.
  2017 352 23 32 45 511 352.981082309      -7.21     -0.40     -1.24  0.       -3939.710       1126.806      -2934.493    0.000   0.000   0.000   0.
  2017 352 23 32 46 511 352.981093883      -7.18     -0.42     -1.22  0.       -3937.826       1124.443      -2935.645    0.000   0.000   0.000   0.
  2017 352 23 32 47 511 352.981105457      -7.16     -0.35     -1.23  0.       -3935.940       1122.078      -2936.797    0.000   0.000   0.000   0.
  2017 352 23 32 48 511 352.981117031      -7.20     -0.31     -1.23  0.       -3934.053       1119.714      -2937.947    0.000   0.000   0.000   0.
  2017 352 23 32 49 511 352.981128605      -7.23     -0.25     -1.19  0.       -3932.166       1117.349      -2939.096    0.000   0.000   0.000   0.
  2017 352 23 32 50 511 352.981140179      -7.23     -0.28     -1.18  0.       -3930.277       1114.984      -2940.244    0.000   0.000   0.000   0.
  2017 352 23 32 51 511 352.981151753      -7.21     -0.28     -1.17  0.       -3928.386       1112.618      -2941.391    0.000   0.000   0.000   0.
  2017 352 23 32 52 511 352.981163328      -7.21     -0.29     -1.14  0.       -3926.494       1110.252      -2942.538    0.000   0.000   0.000   0.
  2017 352 23 32 53 511 352.981174902      -7.23     -0.27     -1.15  0.       -3924.601       1107.886      -2943.683    0.000   0.000   0.000   0.
  2017 352 23 32 54 511 352.981186476      -7.26     -0.27     -1.21  0.       -3922.706       1105.519      -2944.827    0.000   0.000   0.000   0.
  2017 352 23 32 55 511 352.981198049      -7.29     -0.32     -1.21  0.       -3920.811       1103.152      -2945.970    0.000   0.000   0.000   0.
  2017 352 23 32 56 511 352.981209621      -7.27     -0.34     -1.15  0.       -3918.913       1100.784      -2947.113    0.000   0.000   0.000   0.
  2017 352 23 32 57 511 352.981221195      -7.24     -0.33     -1.16  0.       -3917.015       1098.416      -2948.254    0.000   0.000   0.000   0.
  2017 352 23 32 58 511 352.981232769      -7.24     -0.22     -1.15  0.       -3915.115       1096.048      -2949.394    0.000   0.000   0.000   0.
  2017 352 23 32 59 511 352.981244343      -7.28     -0.19     -1.11  0.       -3913.214       1093.680      -2950.534    0.000   0.000   0.000   0.
  2017 352 23 33  0 511 352.981255917      -7.33     -0.26     -1.12  0.       -3911.312       1091.311      -2951.672    0.000   0.000   0.000   0.
  2017 352 23 33  1 511 352.981267491      -7.32     -0.25     -1.12  0.       -3909.408       1088.941      -2952.809    0.000   0.000   0.000   0.
  2017 352 23 33  2 511 352.981279065      -7.34     -0.24     -1.15  0.       -3907.503       1086.572      -2953.945    0.000   0.000   0.000   0.
  2017 352 23 33  3 511 352.981290639      -7.34     -0.20     -1.11  0.       -3905.596       1084.201      -2955.081    0.000   0.000   0.000   0.
  2017 352 23 33  4 511 352.981302214      -7.38     -0.21     -1.12  0.       -3903.689       1081.831      -2956.215    0.000   0.000   0.000   0.
  2017 352 23 33  5 511 352.981313788      -7.41     -0.21     -1.09  0.       -3901.780       1079.460      -2957.348    0.000   0.000   0.000   0.
  2017 352 23 33  6 511 352.981325362      -7.39     -0.21     -1.04  0.       -3899.869       1077.089      -2958.481    0.000   0.000   0.000   0.
  2017 352 23 33  7 511 352.981336936      -7.40     -0.19     -0.99  0.       -3897.958       1074.717      -2959.612    0.000   0.000   0.000   0.
  2017 352 23 33  8 511 352.981348510      -7.45     -0.20     -0.99  0.       -3896.045       1072.345      -2960.742    0.000   0.000   0.000   0.
  2017 352 23 33  9 511 352.981360084      -7.50     -0.17     -0.98  0.       -3894.130       1069.973      -2961.871    0.000   0.000   0.000   0.
  2017 352 23 33 10 511 352.981371658      -7.48     -0.14     -0.91  0.       -3892.215       1067.601      -2963.000    0.000   0.000   0.000   0.
  2017 352 23 33 11 511 352.981383232      -7.46     -0.15     -0.88  0.       -3890.298       1065.228      -2964.127    0.000   0.000   0.000   0.
  2017 352 23 33 12 511 352.981394806      -7.44     -0.13     -0.88  0.       -3888.379       1062.854      -2965.253    0.000   0.000   0.000   0.
  2017 352 23 33 13 511 352.981406380      -7.46     -0.09     -0.87  0.       -3886.460       1060.480      -2966.378    0.000   0.000   0.000   0.
  2017 352 23 33 14 511 352.981417954      -7.52     -0.16     -0.90  0.       -3884.539       1058.106      -2967.502    0.000   0.000   0.000   0.
  2017 352 23 33 15 511 352.981429528      -7.53     -0.18     -0.90  0.       -3882.617       1055.732      -2968.626    0.000   0.000   0.000   0.
  2017 352 23 33 16 511 352.981441102      -7.52     -0.20     -0.89  0.       -3880.693       1053.357      -2969.748    0.000   0.000   0.000   0.
  2017 352 23 33 17 511 352.981452677      -7.50     -0.19     -0.93  0.       -3878.768       1050.982      -2970.869    0.000   0.000   0.000   0.
  2017 352 23 33 18 511 352.981464251      -7.50     -0.15     -0.99  0.       -3876.842       1048.606      -2971.989    0.000   0.000   0.000   0.
  2017 352 23 33 19 511 352.981475825      -7.49     -0.07     -1.03  0.       -3874.914       1046.230      -2973.108    0.000   0.000   0.000   0.
  2017 352 23 33 20 511 352.981487399      -7.46     -0.07     -1.02  0.       -3872.985       1043.854      -2974.226    0.000   0.000   0.000   0.
  2017 352 23 33 21 511 352.981498973      -7.39     -0.05     -1.02  0.       -3871.055       1041.478      -2975.343    0.000   0.000   0.000   0.
  2017 352 23 33 22 511 352.981510547      -7.33     -0.03     -1.06  0.       -3869.123       1039.101      -2976.459    0.000   0.000   0.000   0.
  2017 352 23 33 23 511 352.981522121      -7.30     -0.03     -1.10  0.       -3867.191       1036.723      -2977.574    0.000   0.000   0.000   0.
  2017 352 23 33 24 511 352.981533695      -7.29     -0.02     -1.14  0.       -3865.256       1034.346      -2978.688    0.000   0.000   0.000   0.
  2017 352 23 33 25 510 352.981545268      -7.27     -0.03     -1.13  0.       -3863.321       1031.967      -2979.801    0.000   0.000   0.000   0.
  2017 352 23 33 26 510 352.981556840      -7.23     -0.09     -1.10  0.       -3861.384       1029.589      -2980.913    0.000   0.000   0.000   0.
  2017 352 23 33 27 510 352.981568414      -7.18     -0.10     -1.09  0.       -3859.446       1027.210      -2982.024    0.000   0.000   0.000   0.
  2017 352 23 33 28 511 352.981579988      -7.18     -0.06     -1.08  0.       -3857.506       1024.831      -2983.134    0.000   0.000   0.000   0.
  2017 352 23 33 29 511 352.981591562      -7.19     -0.07     -1.04  0.       -3855.565       1022.452      -2984.243    0.000   0.000   0.000   0.
  2017 352 23 33 30 510 352.981603137      -7.22     -0.14     -1.04  0.       -3853.623       1020.072      -2985.351    0.000   0.000   0.000   0.
  2017 352 23 33 31 511 352.981614711      -7.18     -0.12     -1.01  0.       -3851.679       1017.692      -2986.458    0.000   0.000   0.000   0.
  2017 352 23 33 32 511 352.981626285      -7.15     -0.17     -0.98  0.       -3849.735       1015.311      -2987.563    0.000   0.000   0.000   0.
  2017 352 23 33 33 511 352.981637859      -7.15     -0.15     -0.98  0.       -3847.788       1012.930      -2988.668    0.000   0.000   0.000   0.
  2017 352 23 33 34 511 352.981649433      -7.18     -0.22     -1.00  0.       -3845.841       1010.549      -2989.772    0.000   0.000   0.000   0.
  2017 352 23 33 35 511 352.981661007      -7.19     -0.28     -0.99  0.       -3843.892       1008.168      -2990.874    0.000   0.000   0.000   0.
  2017 352 23 33 36 510 352.981672581      -7.13     -0.29     -1.03  0.       -3841.942       1005.786      -2991.976    0.000   0.000   0.000   0.
  2017 352 23 33 37 510 352.981684155      -7.08     -0.31     -1.01  0.       -3839.991       1003.403      -2993.076    0.000   0.000   0.000   0.
  2017 352 23 33 38 510 352.981695729      -7.07     -0.30     -1.03  0.       -3838.037       1001.021      -2994.176    0.000   0.000   0.000   0.
  2017 352 23 33 39 510 352.981707303      -7.10     -0.27     -1.10  0.       -3836.083        998.638      -2995.274    0.000   0.000   0.000   0.
  2017 352 23 33 40 510 352.981718877      -7.10     -0.32     -1.08  0.       -3834.128        996.254      -2996.372    0.000   0.000   0.000   0.
  2017 352 23 33 41 511 352.981730451      -7.12     -0.39     -1.02  0.       -3832.171        993.871      -2997.468    0.000   0.000   0.000   0.
  2017 352 23 33 42 511 352.981742025      -7.10     -0.45     -0.97  0.       -3830.213        991.487      -2998.563    0.000   0.000   0.000   0.
  2017 352 23 33 43 510 352.981753600      -7.13     -0.46     -0.93  0.       -3828.253        989.102      -2999.658    0.000   0.000   0.000   0.
  2017 352 23 33 44 510 352.981765174      -7.17     -0.49     -0.92  0.       -3826.292        986.718      -3000.751    0.000   0.000   0.000   0.
  2017 352 23 33 45 511 352.981776748      -7.20     -0.58     -0.94  0.       -3824.330        984.333      -3001.843    0.000   0.000   0.000   0.
  2017 352 23 33 46 511 352.981788322      -7.19     -0.59     -0.96  0.       -3822.366        981.947      -3002.934    0.000   0.000   0.000   0.
  2017 352 23 33 47 511 352.981799896      -7.15     -0.48     -1.06  0.       -3820.401        979.561      -3004.024    0.000   0.000   0.000   0.
  2017 352 23 33 48 511 352.981811470      -7.15     -0.43     -1.11  0.       -3818.435        977.175      -3005.113    0.000   0.000   0.000   0.
  2017 352 23 33 49 511 352.981823044      -7.14     -0.38     -1.17  0.       -3816.467        974.789      -3006.201    0.000   0.000   0.000   0.
  2017 352 23 33 50 510 352.981834618      -7.16     -0.39     -1.24  0.       -3814.499        972.402      -3007.288    0.000   0.000   0.000   0.
  2017 352 23 33 51 510 352.981846192      -7.12     -0.42     -1.30  0.       -3812.528        970.015      -3008.374    0.000   0.000   0.000   0.
  2017 352 23 33 52 510 352.981857766      -7.06     -0.39     -1.33  0.       -3810.557        967.628      -3009.459    0.000   0.000   0.000   0.
  2017 352 23 33 53 510 352.981869340      -7.07     -0.34     -1.41  0.       -3808.584        965.240      -3010.542    0.000   0.000   0.000   0.
  2017 352 23 33 54 510 352.981880914      -7.06     -0.27     -1.46  0.       -3806.610        962.852      -3011.625    0.000   0.000   0.000   0.
  2017 352 23 33 55 511 352.981892488      -7.07     -0.27     -1.48  0.       -3804.634        960.463      -3012.706    0.000   0.000   0.000   0.
  2017 352 23 33 56 511 352.981904063      -7.04     -0.30     -1.55  0.       -3802.657        958.074      -3013.787    0.000   0.000   0.000   0.
  2017 352 23 33 57 510 352.981915636      -6.97     -0.30     -1.60  0.       -3800.679        955.685      -3014.866    0.000   0.000   0.000   0.
  2017 352 23 33 58 510 352.981927208      -6.96     -0.30     -1.69  0.       -3798.699        953.296      -3015.945    0.000   0.000   0.000   0.
  2017 352 23 33 59 510 352.981938782      -7.00     -0.29     -1.73  0.       -3796.718        950.906      -3017.022    0.000   0.000   0.000   0.
  2017 352 23 34  0 510 352.981950356      -6.98     -0.31     -1.75  0.       -3794.736        948.516      -3018.098    0.000   0.000   0.000   0.
  2017 352 23 34  1 510 352.981961930      -6.97     -0.35     -1.78  0.       -3792.752        946.125      -3019.174    0.000   0.000   0.000   0.
  2017 352 23 34  2 510 352.981973504      -6.94     -0.35     -1.81  0.       -3790.767        943.734      -3020.248    0.000   0.000   0.000   0.
  2017 352 23 34  3 510 352.981985078      -6.90     -0.33     -1.84  0.       -3788.781        941.343      -3021.321    0.000   0.000   0.000   0.
  2017 352 23 34  4 510 352.981996652      -6.91     -0.31     -1.87  0.       -3786.793        938.952      -3022.393    0.000   0.000   0.000   0.
  2017 352 23 34  5 510 352.982008226      -6.88     -0.27     -1.84  0.       -3784.804        936.560      -3023.463    0.000   0.000   0.000   0.
  2017 352 23 34  6 510 352.982019800      -6.87     -0.32     -1.79  0.       -3782.813        934.168      -3024.533    0.000   0.000   0.000   0.
  2017 352 23 34  7 510 352.982031374      -6.88     -0.40     -1.78  0.       -3780.822        931.775      -3025.602    0.000   0.000   0.000   0.
  2017 352 23 34  8 510 352.982042948      -6.91     -0.40     -1.76  0.       -3778.829        929.382      -3026.670    0.000   0.000   0.000   0.
  2017 352 23 34  9 510 352.982054523      -6.99     -0.41     -1.74  0.       -3776.834        926.989      -3027.736    0.000   0.000   0.000   0.
  2017 352 23 34 10 510 352.982066097      -7.05     -0.46     -1.72  0.       -3774.838        924.596      -3028.802    0.000   0.000   0.000   0.
  2017 352 23 34 11 510 352.982077671      -7.04     -0.53     -1.69  0.       -3772.841        922.202      -3029.866    0.000   0.000   0.000   0.
  2017 352 23 34 12 510 352.982089245      -7.02     -0.58     -1.68  0.       -3770.843        919.808      -3030.929    0.000   0.000   0.000   0.
  2017 352 23 34 13 510 352.982100819      -7.01     -0.55     -1.68  0.       -3768.843        917.413      -3031.992    0.000   0.000   0.000   0.
  2017 352 23 34 14 510 352.982112393      -7.06     -0.51     -1.74  0.       -3766.842        915.018      -3033.053    0.000   0.000   0.000   0.
  2017 352 23 34 15 510 352.982123967      -7.08     -0.51     -1.79  0.       -3764.839        912.623      -3034.113    0.000   0.000   0.000   0.
  2017 352 23 34 16 510 352.982135541      -7.06     -0.52     -1.78  0.       -3762.835        910.228      -3035.172    0.000   0.000   0.000   0.
  2017 352 23 34 17 510 352.982147115      -7.03     -0.52     -1.81  0.       -3760.830        907.832      -3036.229    0.000   0.000   0.000   0.
  2017 352 23 34 18 510 352.982158689      -7.04     -0.47     -1.82  0.       -3758.823        905.436      -3037.286    0.000   0.000   0.000   0.
  2017 352 23 34 19 510 352.982170263      -7.02     -0.40     -1.85  0.       -3756.815        903.039      -3038.342    0.000   0.000   0.000   0.
  2017 352 23 34 20 510 352.982181837      -7.04     -0.38     -1.89  0.       -3754.806        900.642      -3039.397    0.000   0.000   0.000   0.
  2017 352 23 34 21 510 352.982193411      -7.01     -0.37     -1.90  0.       -3752.796        898.245      -3040.450    0.000   0.000   0.000   0.
  2017 352 23 34 22 510 352.982204986      -7.01     -0.44     -1.95  0.       -3750.784        895.848      -3041.502    0.000   0.000   0.000   0.
  2017 352 23 34 23 510 352.982216560      -6.99     -0.32     -2.04  0.       -3748.770        893.450      -3042.554    0.000   0.000   0.000   0.
  2017 352 23 34 24 510 352.982228134      -7.02     -0.31     -2.05  0.       -3746.755        891.052      -3043.604    0.000   0.000   0.000   0.
  2017 352 23 34 25 510 352.982239708      -6.99     -0.32     -2.04  0.       -3744.740        888.654      -3044.653    0.000   0.000   0.000   0.
  2017 352 23 34 26 510 352.982251282      -6.97     -0.35     -2.02  0.       -3742.722        886.255      -3045.701    0.000   0.000   0.000   0.
  2017 352 23 34 27 510 352.982262855      -7.00     -0.43     -2.10  0.       -3740.703        883.856      -3046.748    0.000   0.000   0.000   0.
  2017 352 23 34 28 510 352.982274427      -6.97     -0.39     -2.09  0.       -3738.683        881.457      -3047.794    0.000   0.000   0.000   0.
  2017 352 23 34 29 510 352.982286001      -6.98     -0.42     -2.08  0.       -3736.662        879.057      -3048.838    0.000   0.000   0.000   0.
  2017 352 23 34 30 510 352.982297575      -6.97     -0.42     -2.03  0.       -3734.639        876.657      -3049.882    0.000   0.000   0.000   0.
  2017 352 23 34 31 510 352.982309149      -6.92     -0.41     -1.99  0.       -3732.615        874.257      -3050.924    0.000   0.000   0.000   0.
  2017 352 23 34 32 510 352.982320723      -6.90     -0.46     -1.98  0.       -3730.589        871.856      -3051.966    0.000   0.000   0.000   0.
  2017 352 23 34 33 510 352.982332297      -6.87     -0.41     -2.00  0.       -3728.562        869.455      -3053.006    0.000   0.000   0.000   0.
  2017 352 23 34 34 510 352.982343872      -6.88     -0.44     -2.02  0.       -3726.534        867.054      -3054.045    0.000   0.000   0.000   0.
  2017 352 23 34 35 510 352.982355446      -6.87     -0.44     -2.00  0.       -3724.505        864.652      -3055.083    0.000   0.000   0.000   0.
  2017 352 23 34 36 510 352.982367020      -6.83     -0.50     -2.00  0.       -3722.473        862.250      -3056.120    0.000   0.000   0.000   0.
  2017 352 23 34 37 510 352.982378594      -6.79     -0.51     -2.00  0.       -3720.441        859.848      -3057.156    0.000   0.000   0.000   0.
  2017 352 23 34 38 510 352.982390168      -6.78     -0.49     -2.01  0.       -3718.408        857.445      -3058.190    0.000   0.000   0.000   0.
  2017 352 23 34 39 510 352.982401742      -6.80     -0.46     -2.03  0.       -3716.373        855.042      -3059.224    0.000   0.000   0.000   0.
  2017 352 23 34 40 510 352.982413316      -6.79     -0.47     -2.04  0.       -3714.336        852.639      -3060.256    0.000   0.000   0.000   0.
  2017 352 23 34 41 510 352.982424890      -6.76     -0.52     -2.06  0.       -3712.299        850.236      -3061.287    0.000   0.000   0.000   0.
  2017 352 23 34 42 510 352.982436464      -6.72     -0.53     -2.05  0.       -3710.259        847.832      -3062.318    0.000   0.000   0.000   0.
  2017 352 23 34 43 510 352.982448038      -6.74     -0.49     -2.03  0.       -3708.219        845.428      -3063.347    0.000   0.000   0.000   0.
  2017 352 23 34 44 510 352.982459612      -6.74     -0.44     -2.06  0.       -3706.177        843.024      -3064.375    0.000   0.000   0.000   0.
  2017 352 23 34 45 510 352.982471186      -6.72     -0.42     -2.11  0.       -3704.134        840.619      -3065.401    0.000   0.000   0.000   0.
  2017 352 23 34 46 510 352.982482760      -6.70     -0.48     -2.10  0.       -3702.089        838.214      -3066.427    0.000   0.000   0.000   0.
  2017 352 23 34 47 510 352.982494334      -6.64     -0.47     -2.12  0.       -3700.044        835.808      -3067.451    0.000   0.000   0.000   0.
  2017 352 23 34 48 510 352.982505909      -6.62     -0.41     -2.16  0.       -3697.996        833.403      -3068.475    0.000   0.000   0.000   0.
  2017 352 23 34 49 510 352.982517483      -6.63     -0.38     -2.22  0.       -3695.948        830.997      -3069.497    0.000   0.000   0.000   0.
  2017 352 23 34 50 510 352.982529057      -6.64     -0.36     -2.29  0.       -3693.898        828.591      -3070.518    0.000   0.000   0.000   0.
  2017 352 23 34 51 510 352.982540631      -6.58     -0.35     -2.27  0.       -3691.846        826.184      -3071.538    0.000   0.000   0.000   0.
  2017 352 23 34 52 510 352.982552205      -6.55     -0.37     -2.31  0.       -3689.794        823.777      -3072.557    0.000   0.000   0.000   0.
  2017 352 23 34 53 510 352.982563779      -6.52     -0.35     -2.32  0.       -3687.740        821.370      -3073.575    0.000   0.000   0.000   0.
  2017 352 23 34 54 510 352.982575353      -6.54     -0.40     -2.34  0.       -3685.684        818.963      -3074.591    0.000   0.000   0.000   0.
  2017 352 23 34 55 510 352.982586927      -6.52     -0.40     -2.38  0.       -3683.628        816.555      -3075.607    0.000   0.000   0.000   0.
  2017 352 23 34 56 510 352.982598501      -6.38     -0.45     -2.32  0.       -3681.569        814.147      -3076.621    0.000   0.000   0.000   0.
  2017 352 23 34 57 510 352.982610074      -6.22     -0.46     -2.30  0.       -3679.510        811.738      -3077.634    0.000   0.000   0.000   0.
  2017 352 23 34 58 510 352.982621646      -6.24     -0.42     -2.36  0.       -3677.449        809.330      -3078.646    0.000   0.000   0.000   0.
  2017 352 23 34 59 510 352.982633220      -6.29     -0.29     -2.47  0.       -3675.387        806.921      -3079.657    0.000   0.000   0.000   0.
  2017 352 23 35  0 510 352.982644795      -6.37     -0.33     -2.58  0.       -3673.323        804.511      -3080.667    0.000   0.000   0.000   0.
  2017 352 23 35  1 510 352.982656369      -6.38     -0.23     -2.68  0.       -3671.258        802.102      -3081.675    0.000   0.000   0.000   0.
  2017 352 23 35  2 510 352.982667943      -6.34     -0.13     -2.72  0.       -3669.192        799.692      -3082.683    0.000   0.000   0.000   0.
  2017 352 23 35  3 510 352.982679517      -6.31     -0.05     -2.77  0.       -3667.124        797.282      -3083.689    0.000   0.000   0.000   0.
  2017 352 23 35  4 510 352.982691091      -6.29      0.05     -2.86  0.       -3665.055        794.871      -3084.694    0.000   0.000   0.000   0.
  2017 352 23 35  5 510 352.982702665      -6.16      0.09     -2.84  0.       -3662.985        792.460      -3085.698    0.000   0.000   0.000   0.
  2017 352 23 35  6 510 352.982714239      -6.06      0.10     -2.82  0.       -3660.913        790.049      -3086.701    0.000   0.000   0.000   0.
  2017 352 23 35  7 510 352.982725813      -5.98      0.16     -2.88  0.       -3658.840        787.638      -3087.703    0.000   0.000   0.000   0.
  2017 352 23 35  8 510 352.982737387      -5.90      0.24     -2.87  0.       -3656.765        785.226      -3088.703    0.000   0.000   0.000   0.
  2017 352 23 35  9 510 352.982748961      -5.89      0.26     -2.92  0.       -3654.689        782.814      -3089.703    0.000   0.000   0.000   0.
  2017 352 23 35 10 510 352.982760535      -5.88      0.26     -2.96  0.       -3652.612        780.402      -3090.701    0.000   0.000   0.000   0.
  2017 352 23 35 11 510 352.982772109      -5.87      0.17     -2.86  0.       -3650.533        777.990      -3091.698    0.000   0.000   0.000   0.
  2017 352 23 35 12 510 352.982783683      -5.79      0.09     -2.71  0.       -3648.453        775.577      -3092.694    0.000   0.000   0.000   0.
  2017 352 23 35 13 510 352.982795258      -5.67      0.18     -2.68  0.       -3646.372        773.164      -3093.689    0.000   0.000   0.000   0.
  2017 352 23 35 14 510 352.982806832      -5.56      0.12     -2.49  0.       -3644.289        770.750      -3094.682    0.000   0.000   0.000   0.
  2017 352 23 35 15 510 352.982818406      -5.42      0.06     -2.43  0.       -3642.205        768.337      -3095.674    0.000   0.000   0.000   0.
  2017 352 23 35 16 510 352.982829980      -5.20      0.03     -2.35  0.       -3640.120        765.923      -3096.666    0.000   0.000   0.000   0.
  2017 352 23 35 17 510 352.982841554      -5.03      0.02     -2.24  0.       -3638.033        763.508      -3097.656    0.000   0.000   0.000   0.
  2017 352 23 35 18 510 352.982853128      -4.91      0.05     -2.24  0.       -3635.945        761.094      -3098.645    0.000   0.000   0.000   0.
  2017 352 23 35 19 510 352.982864702      -4.88      0.01     -2.27  0.       -3633.855        758.679      -3099.632    0.000   0.000   0.000   0.
  2017 352 23 35 20 510 352.982876276      -4.86     -0.01     -2.22  0.       -3631.764        756.264      -3100.619    0.000   0.000   0.000   0.
  2017 352 23 35 21 510 352.982887850      -4.77     -0.08     -2.13  0.       -3629.672        753.848      -3101.604    0.000   0.000   0.000   0.
  2017 352 23 35 22 510 352.982899424      -4.64     -0.28     -1.90  0.       -3627.578        751.432      -3102.588    0.000   0.000   0.000   0.
  2017 352 23 35 23 510 352.982910998      -4.47     -0.49     -1.76  0.       -3625.483        749.016      -3103.571    0.000   0.000   0.000   0.
  2017 352 23 35 24 510 352.982922572      -4.50     -0.59     -1.61  0.       -3623.386        746.600      -3104.553    0.000   0.000   0.000   0.
  2017 352 23 35 25 510 352.982934146      -4.63     -0.73     -1.58  0.       -3621.289        744.184      -3105.534    0.000   0.000   0.000   0.
  2017 352 23 35 26 510 352.982945720      -4.70     -0.94     -1.61  0.       -3619.189        741.767      -3106.513    0.000   0.000   0.000   0.
  2017 352 23 35 27 510 352.982957293      -4.63     -1.01     -1.59  0.       -3617.089        739.350      -3107.491    0.000   0.000   0.000   0.
  2017 352 23 35 28 510 352.982968866      -4.67     -1.03     -1.55  0.       -3614.987        736.932      -3108.468    0.000   0.000   0.000   0.
  2017 352 23 35 29 510 352.982980440      -4.74     -1.03     -1.59  0.       -3612.884        734.515      -3109.444    0.000   0.000   0.000   0.
  2017 352 23 35 30 510 352.982992014      -4.73     -1.06     -1.61  0.       -3610.779        732.097      -3110.419    0.000   0.000   0.000   0.
  2017 352 23 35 31 510 352.983003588      -4.66     -1.11     -1.59  0.       -3608.673        729.678      -3111.393    0.000   0.000   0.000   0.
  2017 352 23 35 32 509 352.983015162      -4.60     -1.14     -1.55  0.       -3606.565        727.260      -3112.365    0.000   0.000   0.000   0.
  2017 352 23 35 33 509 352.983026736      -4.51     -1.11     -1.65  0.       -3604.456        724.841      -3113.336    0.000   0.000   0.000   0.
  2017 352 23 35 34 509 352.983038310      -4.51     -1.15     -1.72  0.       -3602.346        722.422      -3114.306    0.000   0.000   0.000   0.
  2017 352 23 35 35 509 352.983049884      -4.41     -1.06     -1.67  0.       -3600.235        720.002      -3115.275    0.000   0.000   0.000   0.
  2017 352 23 35 36 509 352.983061458      -4.30     -1.11     -1.67  0.       -3598.122        717.583      -3116.243    0.000   0.000   0.000   0.
  2017 352 23 35 37 510 352.983073032      -4.23     -1.20     -1.61  0.       -3596.007        715.163      -3117.209    0.000   0.000   0.000   0.
  2017 352 23 35 38 510 352.983084606      -4.18     -1.22     -1.58  0.       -3593.892        712.743      -3118.174    0.000   0.000   0.000   0.
  2017 352 23 35 39 509 352.983096181      -4.21     -1.20     -1.61  0.       -3591.775        710.322      -3119.138    0.000   0.000   0.000   0.
  2017 352 23 35 40 509 352.983107755      -4.24     -1.23     -1.67  0.       -3589.656        707.902      -3120.101    0.000   0.000   0.000   0.
  2017 352 23 35 41 510 352.983119329      -4.23     -1.23     -1.69  0.       -3587.536        705.481      -3121.063    0.000   0.000   0.000   0.
  2017 352 23 35 42 510 352.983130903      -4.12     -1.18     -1.68  0.       -3585.415        703.059      -3122.023    0.000   0.000   0.000   0.
  2017 352 23 35 43 510 352.983142477      -4.11     -1.15     -1.77  0.       -3583.293        700.638      -3122.982    0.000   0.000   0.000   0.
  2017 352 23 35 44 510 352.983154051      -4.16     -1.16     -1.85  0.       -3581.169        698.216      -3123.940    0.000   0.000   0.000   0.
  2017 352 23 35 45 509 352.983165625      -4.10     -1.14     -1.84  0.       -3579.043        695.794      -3124.897    0.000   0.000   0.000   0.
  2017 352 23 35 46 509 352.983177199      -4.01     -1.21     -1.77  0.       -3576.916        693.371      -3125.852    0.000   0.000   0.000   0.
  2017 352 23 35 47 509 352.983188773      -3.91     -1.25     -1.71  0.       -3574.788        690.949      -3126.807    0.000   0.000   0.000   0.
  2017 352 23 35 48 509 352.983200347      -3.89     -1.23     -1.68  0.       -3572.659        688.526      -3127.760    0.000   0.000   0.000   0.
  2017 352 23 35 49 509 352.983211921      -3.89     -1.21     -1.68  0.       -3570.528        686.103      -3128.712    0.000   0.000   0.000   0.
  2017 352 23 35 50 510 352.983223495      -3.86     -1.18     -1.65  0.       -3568.396        683.679      -3129.663    0.000   0.000   0.000   0.
  2017 352 23 35 51 510 352.983235069      -3.82     -1.20     -1.63  0.       -3566.262        681.255      -3130.612    0.000   0.000   0.000   0.
  2017 352 23 35 52 509 352.983246644      -3.79     -1.26     -1.63  0.       -3564.127        678.832      -3131.560    0.000   0.000   0.000   0.
  2017 352 23 35 53 509 352.983258218      -3.74     -1.22     -1.62  0.       -3561.991        676.407      -3132.507    0.000   0.000   0.000   0.
  2017 352 23 35 54 510 352.983269792      -3.60     -1.27     -1.56  0.       -3559.853        673.983      -3133.453    0.000   0.000   0.000   0.
  2017 352 23 35 55 510 352.983281366      -3.59     -1.42     -1.56  0.       -3557.714        671.558      -3134.398    0.000   0.000   0.000   0.
  2017 352 23 35 56 510 352.983292940      -3.57     -1.46     -1.55  0.       -3555.573        669.133      -3135.341    0.000   0.000   0.000   0.
  2017 352 23 35 57 510 352.983304513      -3.54     -1.46     -1.53  0.       -3553.431        666.708      -3136.284    0.000   0.000   0.000   0.
  2017 352 23 35 58 509 352.983316085      -3.45     -1.46     -1.47  0.       -3551.287        664.282      -3137.225    0.000   0.000   0.000   0.
  2017 352 23 35 59 509 352.983327659      -3.41     -1.38     -1.45  0.       -3549.143        661.857      -3138.164    0.000   0.000   0.000   0.
  2017 352 23 36  0 509 352.983339233      -3.40     -1.37     -1.46  0.       -3546.997        659.430      -3139.103    0.000   0.000   0.000   0.
  2017 352 23 36  1 509 352.983350807      -3.36     -1.39     -1.51  0.       -3544.850        657.004      -3140.040    0.000   0.000   0.000   0.
  2017 352 23 36  2 509 352.983362381      -3.30     -1.35     -1.55  0.       -3542.701        654.578      -3140.976    0.000   0.000   0.000   0.
  2017 352 23 36  3 509 352.983373955      -3.27     -1.30     -1.61  0.       -3540.551        652.151      -3141.911    0.000   0.000   0.000   0.
  2017 352 23 36  4 509 352.983385529      -3.26     -1.25     -1.63  0.       -3538.399        649.724      -3142.845    0.000   0.000   0.000   0.
  2017 352 23 36  5 509 352.983397104      -3.25     -1.28     -1.66  0.       -3536.246        647.296      -3143.777    0.000   0.000   0.000   0.
  2017 352 23 36  6 509 352.983408678      -3.21     -1.28     -1.67  0.       -3534.092        644.869      -3144.708    0.000   0.000   0.000   0.
  2017 352 23 36  7 509 352.983420252      -3.21     -1.29     -1.72  0.       -3531.936        642.441      -3145.638    0.000   0.000   0.000   0.
  2017 352 23 36  8 509 352.983431826      -3.16     -1.21     -1.70  0.       -3529.779        640.013      -3146.567    0.000   0.000   0.000   0.
  2017 352 23 36  9 509 352.983443400      -3.15     -1.23     -1.76  0.       -3527.620        637.584      -3147.494    0.000   0.000   0.000   0.
  2017 352 23 36 10 509 352.983454974      -3.11     -1.24     -1.73  0.       -3525.460        635.156      -3148.420    0.000   0.000   0.000   0.
  2017 352 23 36 11 509 352.983466548      -3.05     -1.25     -1.70  0.       -3523.299        632.727      -3149.345    0.000   0.000   0.000   0.
  2017 352 23 36 12 509 352.983478122      -2.97     -1.25     -1.66  0.       -3521.136        630.298      -3150.269    0.000   0.000   0.000   0.
  2017 352 23 36 13 509 352.983489696      -3.00     -1.27     -1.68  0.       -3518.972        627.869      -3151.191    0.000   0.000   0.000   0.
  2017 352 23 36 14 509 352.983501270      -3.01     -1.28     -1.71  0.       -3516.807        625.439      -3152.113    0.000   0.000   0.000   0.
  2017 352 23 36 15 509 352.983512844      -2.99     -1.33     -1.68  0.       -3514.640        623.009      -3153.032    0.000   0.000   0.000   0.
  2017 352 23 36 16 509 352.983524418      -2.93     -1.38     -1.68  0.       -3512.471        620.579      -3153.951    0.000   0.000   0.000   0.
  2017 352 23 36 17 509 352.983535992      -2.85     -1.31     -1.64  0.       -3510.302        618.149      -3154.869    0.000   0.000   0.000   0.
  2017 352 23 36 18 509 352.983547567      -2.75     -1.25     -1.63  0.       -3508.131        615.718      -3155.785    0.000   0.000   0.000   0.
  2017 352 23 36 19 509 352.983559141      -2.75     -1.30     -1.65  0.       -3505.958        613.287      -3156.700    0.000   0.000   0.000   0.
  2017 352 23 36 20 509 352.983570715      -2.72     -1.36     -1.60  0.       -3503.784        610.856      -3157.613    0.000   0.000   0.000   0.
  2017 352 23 36 21 509 352.983582289      -2.66     -1.37     -1.64  0.       -3501.609        608.425      -3158.526    0.000   0.000   0.000   0.
  2017 352 23 36 22 509 352.983593863      -2.56     -1.32     -1.62  0.       -3499.433        605.993      -3159.437    0.000   0.000   0.000   0.
  2017 352 23 36 23 509 352.983605437      -2.51     -1.28     -1.59  0.       -3497.255        603.562      -3160.347    0.000   0.000   0.000   0.
  2017 352 23 36 24 509 352.983617011      -2.48     -1.25     -1.55  0.       -3495.075        601.130      -3161.256    0.000   0.000   0.000   0.
  2017 352 23 36 25 509 352.983628584      -2.42     -1.25     -1.52  0.       -3492.894        598.697      -3162.163    0.000   0.000   0.000   0.
  2017 352 23 36 26 509 352.983640156      -2.39     -1.25     -1.48  0.       -3490.712        596.265      -3163.069    0.000   0.000   0.000   0.
  2017 352 23 36 27 509 352.983651730      -2.34     -1.22     -1.45  0.       -3488.529        593.832      -3163.974    0.000   0.000   0.000   0.
  2017 352 23 36 28 509 352.983663304      -2.30     -1.17     -1.48  0.       -3486.344        591.399      -3164.878    0.000   0.000   0.000   0.
  2017 352 23 36 29 509 352.983674879      -2.30     -1.16     -1.47  0.       -3484.157        588.966      -3165.780    0.000   0.000   0.000   0.
  2017 352 23 36 30 509 352.983686452      -2.26     -1.22     -1.42  0.       -3481.970        586.532      -3166.681    0.000   0.000   0.000   0.
  2017 352 23 36 31 509 352.983698027      -2.20     -1.23     -1.39  0.       -3479.781        584.099      -3167.581    0.000   0.000   0.000   0.
  2017 352 23 36 32 509 352.983709601      -2.17     -1.24     -1.37  0.       -3477.590        581.665      -3168.479    0.000   0.000   0.000   0.
  2017 352 23 36 33 509 352.983721175      -2.17     -1.25     -1.44  0.       -3475.398        579.231      -3169.377    0.000   0.000   0.000   0.
  2017 352 23 36 34 509 352.983732749      -2.16     -1.25     -1.48  0.       -3473.205        576.796      -3170.273    0.000   0.000   0.000   0.
  2017 352 23 36 35 509 352.983744323      -2.13     -1.29     -1.45  0.       -3471.010        574.361      -3171.168    0.000   0.000   0.000   0.
  2017 352 23 36 36 509 352.983755897      -2.04     -1.29     -1.43  0.       -3468.814        571.927      -3172.061    0.000   0.000   0.000   0.
  2017 352 23 36 37 509 352.983767471      -1.96     -1.24     -1.43  0.       -3466.617        569.492      -3172.953    0.000   0.000   0.000   0.
  2017 352 23 36 38 509 352.983779045      -1.95     -1.19     -1.46  0.       -3464.418        567.056      -3173.844    0.000   0.000   0.000   0.
  2017 352 23 36 39 509 352.983790619      -1.96     -1.22     -1.44  0.       -3462.217        564.621      -3174.734    0.000   0.000   0.000   0.
  2017 352 23 36 40 509 352.983802193      -1.90     -1.26     -1.42  0.       -3460.016        562.185      -3175.622    0.000   0.000   0.000   0.
  2017 352 23 36 41 509 352.983813767      -1.84     -1.30     -1.42  0.       -3457.813        559.749      -3176.509    0.000   0.000   0.000   0.
  2017 352 23 36 42 509 352.983825341      -1.79     -1.25     -1.42  0.       -3455.608        557.313      -3177.395    0.000   0.000   0.000   0.
  2017 352 23 36 43 509 352.983836915      -1.78     -1.24     -1.40  0.       -3453.402        554.876      -3178.279    0.000   0.000   0.000   0.
  2017 352 23 36 44 509 352.983848490      -1.74     -1.17     -1.34  0.       -3451.195        552.439      -3179.162    0.000   0.000   0.000   0.
  2017 352 23 36 45 509 352.983860064      -1.68     -1.20     -1.32  0.       -3448.986        550.003      -3180.044    0.000   0.000   0.000   0.
  2017 352 23 36 46 509 352.983871638      -1.62     -1.21     -1.27  0.       -3446.776        547.565      -3180.925    0.000   0.000   0.000   0.
  2017 352 23 36 47 509 352.983883212      -1.60     -1.23     -1.30  0.       -3444.565        545.128      -3181.804    0.000   0.000   0.000   0.
  2017 352 23 36 48 509 352.983894786      -1.60     -1.23     -1.29  0.       -3442.352        542.691      -3182.682    0.000   0.000   0.000   0.
  2017 352 23 36 49 509 352.983906360      -1.59     -1.27     -1.29  0.       -3440.138        540.253      -3183.559    0.000   0.000   0.000   0.
  2017 352 23 36 50 509 352.983917934      -1.56     -1.27     -1.27  0.       -3437.922        537.815      -3184.434    0.000   0.000   0.000   0.
  2017 352 23 36 51 509 352.983929508      -1.49     -1.24     -1.23  0.       -3435.705        535.376      -3185.308    0.000   0.000   0.000   0.
  2017 352 23 36 52 509 352.983941082      -1.46     -1.21     -1.27  0.       -3433.487        532.938      -3186.181    0.000   0.000   0.000   0.
  2017 352 23 36 53 509 352.983952656      -1.44     -1.19     -1.29  0.       -3431.267        530.499      -3187.053    0.000   0.000   0.000   0.
  2017 352 23 36 54 509 352.983964230      -1.47     -1.28     -1.31  0.       -3429.046        528.061      -3187.923    0.000   0.000   0.000   0.
  2017 352 23 36 55 509 352.983975803      -1.44     -1.30     -1.29  0.       -3426.823        525.621      -3188.792    0.000   0.000   0.000   0.
  2017 352 23 36 56 509 352.983987376      -1.39     -1.32     -1.28  0.       -3424.599        523.182      -3189.659    0.000   0.000   0.000   0.
  2017 352 23 36 57 509 352.983998950      -1.36     -1.28     -1.30  0.       -3422.374        520.743      -3190.526    0.000   0.000   0.000   0.
  2017 352 23 36 58 509 352.984010524      -1.39     -1.26     -1.26  0.       -3420.147        518.303      -3191.390    0.000   0.000   0.000   0.
  2017 352 23 36 59 509 352.984022098      -1.38     -1.33     -1.24  0.       -3417.918        515.863      -3192.254    0.000   0.000   0.000   0.
  2017 352 23 37  0 509 352.984033672      -1.30     -1.31     -1.23  0.       -3415.689        513.423      -3193.117    0.000   0.000   0.000   0.
  2017 352 23 37  1 509 352.984045246      -1.21     -1.23     -1.19  0.       -3413.458        510.982      -3193.978    0.000   0.000   0.000   0.
  2017 352 23 37  2 509 352.984056820      -1.17     -1.17     -1.19  0.       -3411.225        508.542      -3194.838    0.000   0.000   0.000   0.
  2017 352 23 37  3 509 352.984068394      -1.19     -1.19     -1.21  0.       -3408.992        506.101      -3195.696    0.000   0.000   0.000   0.
  2017 352 23 37  4 509 352.984079968      -1.24     -1.28     -1.22  0.       -3406.756        503.660      -3196.553    0.000   0.000   0.000   0.
  2017 352 23 37  5 509 352.984091542      -1.24     -1.33     -1.21  0.       -3404.520        501.219      -3197.409    0.000   0.000   0.000   0.
  2017 352 23 37  6 509 352.984103116      -1.19     -1.32     -1.19  0.       -3402.282        498.777      -3198.263    0.000   0.000   0.000   0.
  2017 352 23 37  7 509 352.984114690      -1.13     -1.28     -1.23  0.       -3400.042        496.336      -3199.117    0.000   0.000   0.000   0.
  2017 352 23 37  8 509 352.984126264      -1.11     -1.25     -1.24  0.       -3397.801        493.894      -3199.968    0.000   0.000   0.000   0.
  2017 352 23 37  9 509 352.984137839      -1.14     -1.31     -1.22  0.       -3395.559        491.452      -3200.819    0.000   0.000   0.000   0.
  2017 352 23 37 10 509 352.984149413      -1.09     -1.33     -1.21  0.       -3393.316        489.009      -3201.668    0.000   0.000   0.000   0.
  2017 352 23 37 11 509 352.984160987      -1.04     -1.36     -1.22  0.       -3391.070        486.567      -3202.516    0.000   0.000   0.000   0.
  2017 352 23 37 12 509 352.984172561      -1.01     -1.34     -1.23  0.       -3388.824        484.124      -3203.362    0.000   0.000   0.000   0.
  2017 352 23 37 13 509 352.984184135      -1.01     -1.27     -1.25  0.       -3386.576        481.681      -3204.208    0.000   0.000   0.000   0.
  2017 352 23 37 14 509 352.984195709      -0.99     -1.31     -1.25  0.       -3384.327        479.238      -3205.052    0.000   0.000   0.000   0.
  2017 352 23 37 15 509 352.984207283      -0.94     -1.34     -1.23  0.       -3382.076        476.795      -3205.894    0.000   0.000   0.000   0.
  2017 352 23 37 16 509 352.984218857      -0.91     -1.35     -1.25  0.       -3379.824        474.352      -3206.735    0.000   0.000   0.000   0.
  2017 352 23 37 17 509 352.984230431      -0.87     -1.29     -1.28  0.       -3377.571        471.908      -3207.575    0.000   0.000   0.000   0.
  2017 352 23 37 18 509 352.984242005      -0.83     -1.25     -1.26  0.       -3375.316        469.464      -3208.414    0.000   0.000   0.000   0.
  2017 352 23 37 19 509 352.984253579      -0.81     -1.25     -1.26  0.       -3373.060        467.020      -3209.251    0.000   0.000   0.000   0.
  2017 352 23 37 20 509 352.984265153      -0.74     -1.27     -1.25  0.       -3370.802        464.576      -3210.087    0.000   0.000   0.000   0.
  2017 352 23 37 21 509 352.984276727      -0.67     -1.19     -1.21  0.       -3368.543        462.132      -3210.921    0.000   0.000   0.000   0.
  2017 352 23 37 22 509 352.984288302      -0.64     -1.13     -1.21  0.       -3366.282        459.687      -3211.754    0.000   0.000   0.000   0.
  2017 352 23 37 23 509 352.984299876      -0.64     -1.12     -1.21  0.       -3364.020        457.242      -3212.586    0.000   0.000   0.000   0.
  2017 352 23 37 24 509 352.984311450      -0.59     -1.14     -1.18  0.       -3361.757        454.797      -3213.417    0.000   0.000   0.000   0.
  2017 352 23 37 25 509 352.984323024      -0.53     -1.15     -1.14  0.       -3359.492        452.352      -3214.246    0.000   0.000   0.000   0.
  2017 352 23 37 26 509 352.984334598      -0.52     -1.15     -1.14  0.       -3357.226        449.906      -3215.074    0.000   0.000   0.000   0.
  2017 352 23 37 27 509 352.984346170      -0.52     -1.16     -1.15  0.       -3354.959        447.461      -3215.900    0.000   0.000   0.000   0.
  2017 352 23 37 28 508 352.984357743      -0.53     -1.14     -1.16  0.       -3352.690        445.015      -3216.725    0.000   0.000   0.000   0.
  2017 352 23 37 29 508 352.984369317      -0.52     -1.18     -1.13  0.       -3350.419        442.569      -3217.549    0.000   0.000   0.000   0.
  2017 352 23 37 30 508 352.984380891      -0.47     -1.24     -1.08  0.       -3348.147        440.123      -3218.371    0.000   0.000   0.000   0.
  2017 352 23 37 31 508 352.984392465      -0.43     -1.20     -1.09  0.       -3345.875        437.677      -3219.192    0.000   0.000   0.000   0.
  2017 352 23 37 32 509 352.984404039      -0.42     -1.18     -1.12  0.       -3343.600        435.230      -3220.012    0.000   0.000   0.000   0.
  2017 352 23 37 33 509 352.984415613      -0.42     -1.20     -1.13  0.       -3341.324        432.784      -3220.830    0.000   0.000   0.000   0.
  2017 352 23 37 34 508 352.984427188      -0.40     -1.27     -1.14  0.       -3339.047        430.337      -3221.647    0.000   0.000   0.000   0.
  2017 352 23 37 35 508 352.984438762      -0.35     -1.32     -1.14  0.       -3336.768        427.890      -3222.463    0.000   0.000   0.000   0.
  2017 352 23 37 36 509 352.984450336      -0.33     -1.32     -1.16  0.       -3334.488        425.442      -3223.277    0.000   0.000   0.000   0.
  2017 352 23 37 37 509 352.984461910      -0.33     -1.34     -1.13  0.       -3332.206        422.995      -3224.090    0.000   0.000   0.000   0.
  2017 352 23 37 38 509 352.984473484      -0.34     -1.34     -1.14  0.       -3329.923        420.547      -3224.901    0.000   0.000   0.000   0.
  2017 352 23 37 39 509 352.984485058      -0.30     -1.37     -1.10  0.       -3327.639        418.099      -3225.711    0.000   0.000   0.000   0.
  2017 352 23 37 40 509 352.984496632      -0.23     -1.39     -1.10  0.       -3325.353        415.651      -3226.520    0.000   0.000   0.000   0.
  2017 352 23 37 41 508 352.984508206      -0.19     -1.34     -1.10  0.       -3323.066        413.203      -3227.328    0.000   0.000   0.000   0.
  2017 352 23 37 42 508 352.984519780      -0.19     -1.32     -1.12  0.       -3320.777        410.755      -3228.134    0.000   0.000   0.000   0.
  2017 352 23 37 43 508 352.984531354      -0.21     -1.33     -1.14  0.       -3318.487        408.307      -3228.938    0.000   0.000   0.000   0.
  2017 352 23 37 44 508 352.984542928      -0.18     -1.42     -1.09  0.       -3316.196        405.858      -3229.742    0.000   0.000   0.000   0.
  2017 352 23 37 45 508 352.984554502      -0.12     -1.40     -1.02  0.       -3313.903        403.409      -3230.543    0.000   0.000   0.000   0.
  2017 352 23 37 46 509 352.984566076      -0.12     -1.39     -1.01  0.       -3311.608        400.960      -3231.343    0.000   0.000   0.000   0.
  2017 352 23 37 47 509 352.984577650      -0.13     -1.38     -1.07  0.       -3309.313        398.511      -3232.143    0.000   0.000   0.000   0.
  2017 352 23 37 48 508 352.984589225      -0.13     -1.45     -1.08  0.       -3307.016        396.062      -3232.941    0.000   0.000   0.000   0.
  2017 352 23 37 49 508 352.984600799      -0.08     -1.47     -1.06  0.       -3304.717        393.612      -3233.737    0.000   0.000   0.000   0.
  2017 352 23 37 50 509 352.984612373      -0.03     -1.50     -1.07  0.       -3302.417        391.162      -3234.532    0.000   0.000   0.000   0.
  2017 352 23 37 51 509 352.984623947      -0.01     -1.47     -1.09  0.       -3300.116        388.713      -3235.326    0.000   0.000   0.000   0.
  2017 352 23 37 52 509 352.984635521      -0.01     -1.47     -1.07  0.       -3297.813        386.263      -3236.118    0.000   0.000   0.000   0.
  2017 352 23 37 53 509 352.984647095       0.01     -1.42     -1.03  0.       -3295.509        383.812      -3236.909    0.000   0.000   0.000   0.
  2017 352 23 37 54 509 352.984658669       0.03     -1.46     -1.00  0.       -3293.203        381.362      -3237.698    0.000   0.000   0.000   0.
  2017 352 23 37 55 508 352.984670243       0.07     -1.45     -0.97  0.       -3290.896        378.911      -3238.486    0.000   0.000   0.000   0.
  2017 352 23 37 56 508 352.984681817       0.10     -1.42     -0.96  0.       -3288.588        376.461      -3239.273    0.000   0.000   0.000   0.
  2017 352 23 37 57 508 352.984693390       0.10     -1.41     -0.96  0.       -3286.278        374.010      -3240.058    0.000   0.000   0.000   0.
  2017 352 23 37 58 508 352.984704962       0.10     -1.42     -0.97  0.       -3283.967        371.559      -3240.842    0.000   0.000   0.000   0.
  2017 352 23 37 59 508 352.984716536       0.14     -1.48     -0.97  0.       -3281.654        369.108      -3241.624    0.000   0.000   0.000   0.
  2017 352 23 38  0 508 352.984728111       0.20     -1.47     -0.97  0.       -3279.340        366.656      -3242.405    0.000   0.000   0.000   0.
  2017 352 23 38  1 508 352.984739685       0.22     -1.45     -0.98  0.       -3277.025        364.205      -3243.185    0.000   0.000   0.000   0.
  2017 352 23 38  2 508 352.984751259       0.23     -1.41     -0.98  0.       -3274.708        361.753      -3243.963    0.000   0.000   0.000   0.
  2017 352 23 38  3 508 352.984762833       0.23     -1.45     -0.96  0.       -3272.390        359.301      -3244.740    0.000   0.000   0.000   0.
  2017 352 23 38  4 508 352.984774407       0.28     -1.46     -0.95  0.       -3270.070        356.850      -3245.516    0.000   0.000   0.000   0.
  2017 352 23 38  5 508 352.984785981       0.36     -1.45     -0.92  0.       -3267.749        354.397      -3246.290    0.000   0.000   0.000   0.
  2017 352 23 38  6 508 352.984797555       0.34     -1.44     -0.97  0.       -3265.426        351.945      -3247.062    0.000   0.000   0.000   0.
  2017 352 23 38  7 508 352.984809129       0.36     -1.44     -0.96  0.       -3263.102        349.493      -3247.834    0.000   0.000   0.000   0.
  2017 352 23 38  8 508 352.984820703       0.36     -1.48     -0.96  0.       -3260.777        347.040      -3248.603    0.000   0.000   0.000   0.
  2017 352 23 38  9 508 352.984832277       0.41     -1.47     -0.95  0.       -3258.450        344.587      -3249.372    0.000   0.000   0.000   0.
  2017 352 23 38 10 508 352.984843851       0.45     -1.47     -0.97  0.       -3256.122        342.135      -3250.139    0.000   0.000   0.000   0.
  2017 352 23 38 11 508 352.984855425       0.45     -1.44     -0.97  0.       -3253.792        339.682      -3250.904    0.000   0.000   0.000   0.
  2017 352 23 38 12 508 352.984866999       0.44     -1.45     -0.97  0.       -3251.461        337.228      -3251.668    0.000   0.000   0.000   0.
  2017 352 23 38 13 508 352.984878573       0.43     -1.59     -0.98  0.       -3249.129        334.775      -3252.431    0.000   0.000   0.000   0.
  2017 352 23 38 14 508 352.984890148       0.46     -1.61     -0.96  0.       -3246.795        332.322      -3253.193    0.000   0.000   0.000   0.
  2017 352 23 38 15 508 352.984901722       0.51     -1.58     -0.96  0.       -3244.459        329.868      -3253.952    0.000   0.000   0.000   0.
  2017 352 23 38 16 508 352.984913296       0.51     -1.51     -0.95  0.       -3242.123        327.414      -3254.711    0.000   0.000   0.000   0.
  2017 352 23 38 17 508 352.984924870       0.54     -1.46     -0.93  0.       -3239.785        324.960      -3255.468    0.000   0.000   0.000   0.
  2017 352 23 38 18 508 352.984936444       0.57     -1.49     -0.91  0.       -3237.446        322.506      -3256.224    0.000   0.000   0.000   0.
  2017 352 23 38 19 508 352.984948018       0.61     -1.53     -0.88  0.       -3235.105        320.052      -3256.978    0.000   0.000   0.000   0.
  2017 352 23 38 20 508 352.984959592       0.67     -1.45     -0.89  0.       -3232.762        317.598      -3257.731    0.000   0.000   0.000   0.
  2017 352 23 38 21 508 352.984971166       0.66     -1.46     -0.89  0.       -3230.419        315.143      -3258.482    0.000   0.000   0.000   0.
  2017 352 23 38 22 508 352.984982740       0.65     -1.48     -0.87  0.       -3228.073        312.689      -3259.232    0.000   0.000   0.000   0.
  2017 352 23 38 23 508 352.984994314       0.69     -1.53     -0.86  0.       -3225.727        310.234      -3259.980    0.000   0.000   0.000   0.
  2017 352 23 38 24 508 352.985005888       0.74     -1.55     -0.85  0.       -3223.379        307.779      -3260.727    0.000   0.000   0.000   0.
  2017 352 23 38 25 508 352.985017462       0.76     -1.53     -0.90  0.       -3221.029        305.324      -3261.473    0.000   0.000   0.000   0.
  2017 352 23 38 26 508 352.985029036       0.76     -1.55     -0.91  0.       -3218.678        302.869      -3262.217    0.000   0.000   0.000   0.
  2017 352 23 38 27 508 352.985040609       0.76     -1.57     -0.92  0.       -3216.326        300.414      -3262.960    0.000   0.000   0.000   0.
  2017 352 23 38 28 508 352.985052182       0.79     -1.65     -0.88  0.       -3213.973        297.958      -3263.701    0.000   0.000   0.000   0.
  2017 352 23 38 29 508 352.985063756       0.83     -1.65     -0.86  0.       -3211.617        295.503      -3264.441    0.000   0.000   0.000   0.
  2017 352 23 38 30 508 352.985075330       0.84     -1.67     -0.94  0.       -3209.261        293.047      -3265.179    0.000   0.000   0.000   0.
  2017 352 23 38 31 508 352.985086904       0.84     -1.61     -0.92  0.       -3206.903        290.591      -3265.916    0.000   0.000   0.000   0.
  2017 352 23 38 32 508 352.985098478       0.87     -1.63     -0.90  0.       -3204.544        288.135      -3266.652    0.000   0.000   0.000   0.
  2017 352 23 38 33 508 352.985110052       0.91     -1.67     -0.90  0.       -3202.183        285.679      -3267.386    0.000   0.000   0.000   0.
  2017 352 23 38 34 508 352.985121626       0.94     -1.69     -0.92  0.       -3199.821        283.223      -3268.118    0.000   0.000   0.000   0.
  2017 352 23 38 35 508 352.985133200       0.90     -1.74     -0.98  0.       -3197.457        280.767      -3268.849    0.000   0.000   0.000   0.
  2017 352 23 38 36 508 352.985144774       0.88     -1.73     -0.98  0.       -3195.092        278.310      -3269.579    0.000   0.000   0.000   0.
  2017 352 23 38 37 508 352.985156348       0.93     -1.74     -0.94  0.       -3192.726        275.854      -3270.307    0.000   0.000   0.000   0.
  2017 352 23 38 38 508 352.985167922       0.97     -1.81     -0.92  0.       -3190.358        273.397      -3271.034    0.000   0.000   0.000   0.
  2017 352 23 38 39 508 352.985179497       1.02     -1.79     -0.94  0.       -3187.988        270.940      -3271.759    0.000   0.000   0.000   0.
  2017 352 23 38 40 508 352.985191071       1.04     -1.78     -0.94  0.       -3185.618        268.483      -3272.483    0.000   0.000   0.000   0.
  2017 352 23 38 41 508 352.985202645       1.03     -1.85     -0.95  0.       -3183.246        266.026      -3273.206    0.000   0.000   0.000   0.
  2017 352 23 38 42 508 352.985214219       1.04     -1.95     -0.96  0.       -3180.872        263.569      -3273.926    0.000   0.000   0.000   0.
  2017 352 23 38 43 508 352.985225793       1.01     -2.02     -1.02  0.       -3178.497        261.112      -3274.646    0.000   0.000   0.000   0.
  2017 352 23 38 44 508 352.985237367       1.01     -2.02     -1.03  0.       -3176.121        258.654      -3275.364    0.000   0.000   0.000   0.
  2017 352 23 38 45 508 352.985248941       1.00     -1.96     -1.09  0.       -3173.743        256.197      -3276.081    0.000   0.000   0.000   0.
  2017 352 23 38 46 508 352.985260515       0.99     -1.99     -1.11  0.       -3171.364        253.739      -3276.796    0.000   0.000   0.000   0.
  2017 352 23 38 47 508 352.985272089       1.09     -1.98     -1.07  0.       -3168.983        251.281      -3277.509    0.000   0.000   0.000   0.
  2017 352 23 38 48 508 352.985283663       1.18     -2.02     -1.01  0.       -3166.601        248.824      -3278.222    0.000   0.000   0.000   0.
  2017 352 23 38 49 508 352.985295237       1.22     -2.05     -1.04  0.       -3164.218        246.365      -3278.932    0.000   0.000   0.000   0.
  2017 352 23 38 50 508 352.985306811       1.24     -2.03     -1.07  0.       -3161.833        243.907      -3279.641    0.000   0.000   0.000   0.
  2017 352 23 38 51 508 352.985318385       1.27     -2.03     -1.07  0.       -3159.446        241.449      -3280.349    0.000   0.000   0.000   0.
  2017 352 23 38 52 508 352.985329960       1.31     -2.10     -1.07  0.       -3157.059        238.991      -3281.055    0.000   0.000   0.000   0.
  2017 352 23 38 53 508 352.985341534       1.35     -2.09     -1.09  0.       -3154.670        236.532      -3281.760    0.000   0.000   0.000   0.
  2017 352 23 38 54 508 352.985353108       1.39     -2.05     -1.11  0.       -3152.279        234.074      -3282.463    0.000   0.000   0.000   0.
  2017 352 23 38 55 508 352.985364682       1.39     -1.98     -1.10  0.       -3149.887        231.615      -3283.165    0.000   0.000   0.000   0.
  2017 352 23 38 56 508 352.985376256       1.37     -2.01     -1.11  0.       -3147.493        229.156      -3283.865    0.000   0.000   0.000   0.
  2017 352 23 38 57 508 352.985387829       1.38     -2.07     -1.11  0.       -3145.099        226.698      -3284.564    0.000   0.000   0.000   0.
  2017 352 23 38 58 508 352.985399401       1.42     -2.09     -1.13  0.       -3142.702        224.239      -3285.261    0.000   0.000   0.000   0.
  2017 352 23 38 59 508 352.985410975       1.45     -2.04     -1.15  0.       -3140.305        221.780      -3285.957    0.000   0.000   0.000   0.
  2017 352 23 39  0 508 352.985422549       1.41     -2.07     -1.16  0.       -3137.905        219.321      -3286.652    0.000   0.000   0.000   0.
  2017 352 23 39  1 508 352.985434123       1.42     -2.09     -1.15  0.       -3135.505        216.861      -3287.344    0.000   0.000   0.000   0.
  2017 352 23 39  2 508 352.985445697       1.48     -2.11     -1.17  0.       -3133.103        214.402      -3288.036    0.000   0.000   0.000   0.
  2017 352 23 39  3 508 352.985457271       1.51     -2.14     -1.16  0.       -3130.700        211.942      -3288.726    0.000   0.000   0.000   0.
  2017 352 23 39  4 508 352.985468845       1.50     -2.14     -1.21  0.       -3128.295        209.483      -3289.414    0.000   0.000   0.000   0.
  2017 352 23 39  5 508 352.985480420       1.51     -2.17     -1.25  0.       -3125.889        207.023      -3290.101    0.000   0.000   0.000   0.
  2017 352 23 39  6 508 352.985491994       1.50     -2.23     -1.26  0.       -3123.481        204.563      -3290.786    0.000   0.000   0.000   0.
  2017 352 23 39  7 508 352.985503568       1.48     -2.34     -1.30  0.       -3121.072        202.104      -3291.470    0.000   0.000   0.000   0.
  2017 352 23 39  8 508 352.985515142       1.53     -2.32     -1.32  0.       -3118.662        199.644      -3292.153    0.000   0.000   0.000   0.
  2017 352 23 39  9 508 352.985526716       1.55     -2.26     -1.35  0.       -3116.250        197.184      -3292.833    0.000   0.000   0.000   0.
  2017 352 23 39 10 508 352.985538290       1.54     -2.29     -1.37  0.       -3113.836        194.724      -3293.513    0.000   0.000   0.000   0.
  2017 352 23 39 11 508 352.985549864       1.55     -2.35     -1.39  0.       -3111.421        192.263      -3294.191    0.000   0.000   0.000   0.
  2017 352 23 39 12 508 352.985561438       1.66     -2.31     -1.38  0.       -3109.005        189.803      -3294.867    0.000   0.000   0.000   0.
  2017 352 23 39 13 508 352.985573012       1.72     -2.26     -1.38  0.       -3106.588        187.343      -3295.542    0.000   0.000   0.000   0.
  2017 352 23 39 14 508 352.985584586       1.72     -2.17     -1.40  0.       -3104.169        184.882      -3296.215    0.000   0.000   0.000   0.
  2017 352 23 39 15 508 352.985596160       1.71     -2.19     -1.43  0.       -3101.748        182.422      -3296.887    0.000   0.000   0.000   0.
  2017 352 23 39 16 508 352.985607734       1.72     -2.20     -1.43  0.       -3099.326        179.961      -3297.557    0.000   0.000   0.000   0.
  2017 352 23 39 17 508 352.985619308       1.80     -2.18     -1.44  0.       -3096.903        177.500      -3298.226    0.000   0.000   0.000   0.
  2017 352 23 39 18 508 352.985630883       1.84     -2.17     -1.42  0.       -3094.478        175.040      -3298.893    0.000   0.000   0.000   0.
  2017 352 23 39 19 508 352.985642457       1.84     -2.09     -1.47  0.       -3092.052        172.579      -3299.559    0.000   0.000   0.000   0.
  2017 352 23 39 20 508 352.985654031       1.82     -2.14     -1.50  0.       -3089.625        170.118      -3300.223    0.000   0.000   0.000   0.
  2017 352 23 39 21 508 352.985665605       1.85     -2.18     -1.50  0.       -3087.196        167.657      -3300.886    0.000   0.000   0.000   0.
  2017 352 23 39 22 508 352.985677179       1.90     -2.23     -1.49  0.       -3084.765        165.196      -3301.547    0.000   0.000   0.000   0.
  2017 352 23 39 23 508 352.985688753       1.92     -2.19     -1.56  0.       -3082.334        162.734      -3302.206    0.000   0.000   0.000   0.
  2017 352 23 39 24 508 352.985700327       1.92     -2.21     -1.58  0.       -3079.900        160.273      -3302.865    0.000   0.000   0.000   0.
  2017 352 23 39 25 507 352.985711900       1.92     -2.23     -1.63  0.       -3077.466        157.812      -3303.521    0.000   0.000   0.000   0.
  2017 352 23 39 26 507 352.985723472       1.97     -2.30     -1.62  0.       -3075.030        155.350      -3304.176    0.000   0.000   0.000   0.
  2017 352 23 39 27 507 352.985735046       2.00     -2.38     -1.64  0.       -3072.592        152.889      -3304.830    0.000   0.000   0.000   0.
  2017 352 23 39 28 508 352.985746620       2.03     -2.36     -1.69  0.       -3070.153        150.427      -3305.482    0.000   0.000   0.000   0.
  2017 352 23 39 29 508 352.985758194       2.03     -2.36     -1.72  0.       -3067.713        147.966      -3306.132    0.000   0.000   0.000   0.
  2017 352 23 39 30 507 352.985769769       2.07     -2.36     -1.71  0.       -3065.271        145.504      -3306.781    0.000   0.000   0.000   0.
  2017 352 23 39 31 507 352.985781343       2.12     -2.36     -1.71  0.       -3062.828        143.042      -3307.428    0.000   0.000   0.000   0.
  2017 352 23 39 32 508 352.985792917       2.21     -2.33     -1.70  0.       -3060.383        140.580      -3308.074    0.000   0.000   0.000   0.
  2017 352 23 39 33 508 352.985804491       2.20     -2.36     -1.73  0.       -3057.937        138.118      -3308.718    0.000   0.000   0.000   0.
  2017 352 23 39 34 508 352.985816065       2.19     -2.36     -1.72  0.       -3055.489        135.656      -3309.361    0.000   0.000   0.000   0.
  2017 352 23 39 35 508 352.985827639       2.21     -2.38     -1.73  0.       -3053.041        133.194      -3310.002    0.000   0.000   0.000   0.
  2017 352 23 39 36 508 352.985839213       2.28     -2.34     -1.72  0.       -3050.590        130.732      -3310.642    0.000   0.000   0.000   0.
  2017 352 23 39 37 507 352.985850787       2.32     -2.35     -1.74  0.       -3048.138        128.270      -3311.280    0.000   0.000   0.000   0.
  2017 352 23 39 38 507 352.985862361       2.32     -2.29     -1.76  0.       -3045.685        125.808      -3311.916    0.000   0.000   0.000   0.
  2017 352 23 39 39 507 352.985873935       2.35     -2.24     -1.71  0.       -3043.231        123.345      -3312.551    0.000   0.000   0.000   0.
  2017 352 23 39 40 507 352.985885509       2.41     -2.24     -1.69  0.       -3040.775        120.883      -3313.185    0.000   0.000   0.000   0.
  2017 352 23 39 41 507 352.985897083       2.50     -2.21     -1.68  0.       -3038.317        118.421      -3313.817    0.000   0.000   0.000   0.
  2017 352 23 39 42 508 352.985908657       2.53     -2.16     -1.70  0.       -3035.858        115.958      -3314.447    0.000   0.000   0.000   0.
  2017 352 23 39 43 508 352.985920231       2.49     -2.22     -1.76  0.       -3033.398        113.496      -3315.076    0.000   0.000   0.000   0.
  2017 352 23 39 44 507 352.985931806       2.51     -2.25     -1.75  0.       -3030.936        111.033      -3315.703    0.000   0.000   0.000   0.
  2017 352 23 39 45 507 352.985943380       2.54     -2.30     -1.74  0.       -3028.473        108.571      -3316.329    0.000   0.000   0.000   0.
  2017 352 23 39 46 508 352.985954954       2.55     -2.32     -1.77  0.       -3026.009        106.108      -3316.953    0.000   0.000   0.000   0.
  2017 352 23 39 47 508 352.985966528       2.59     -2.28     -1.78  0.       -3023.543        103.645      -3317.575    0.000   0.000   0.000   0.
  2017 352 23 39 48 508 352.985978102       2.58     -2.27     -1.79  0.       -3021.075        101.182      -3318.196    0.000   0.000   0.000   0.
  2017 352 23 39 49 508 352.985989676       2.61     -2.33     -1.77  0.       -3018.606         98.720      -3318.816    0.000   0.000   0.000   0.
  2017 352 23 39 50 508 352.986001250       2.66     -2.34     -1.76  0.       -3016.136         96.257      -3319.433    0.000   0.000   0.000   0.
  2017 352 23 39 51 507 352.986012824       2.71     -2.34     -1.78  0.       -3013.664         93.794      -3320.050    0.000   0.000   0.000   0.
  2017 352 23 39 52 507 352.986024398       2.75     -2.33     -1.81  0.       -3011.191         91.331      -3320.664    0.000   0.000   0.000   0.
  2017 352 23 39 53 507 352.986035972       2.73     -2.34     -1.80  0.       -3008.717         88.868      -3321.277    0.000   0.000   0.000   0.
  2017 352 23 39 54 507 352.986047546       2.76     -2.36     -1.79  0.       -3006.241         86.405      -3321.889    0.000   0.000   0.000   0.
  2017 352 23 39 55 508 352.986059119       2.75     -2.40     -1.82  0.       -3003.763         83.942      -3322.499    0.000   0.000   0.000   0.
  2017 352 23 39 56 507 352.986070692       2.80     -2.39     -1.83  0.       -3001.284         81.479      -3323.107    0.000   0.000   0.000   0.
  2017 352 23 39 57 507 352.986082266       2.82     -2.32     -1.86  0.       -2998.804         79.015      -3323.714    0.000   0.000   0.000   0.
  2017 352 23 39 58 507 352.986093840       2.84     -2.30     -1.87  0.       -2996.322         76.552      -3324.319    0.000   0.000   0.000   0.
  2017 352 23 39 59 507 352.986105414       2.90     -2.32     -1.85  0.       -2993.839         74.089      -3324.922    0.000   0.000   0.000   0.
  2017 352 23 40  0 507 352.986116988       2.91     -2.33     -1.86  0.       -2991.355         71.625      -3325.525    0.000   0.000   0.000   0.
  2017 352 23 40  1 507 352.986128562       2.97     -2.36     -1.84  0.       -2988.869         69.162      -3326.125    0.000   0.000   0.000   0.
  2017 352 23 40  2 507 352.986140136       2.97     -2.41     -1.83  0.       -2986.381         66.699      -3326.724    0.000   0.000   0.000   0.
  2017 352 23 40  3 507 352.986151710       3.02     -2.39     -1.81  0.       -2983.893         64.235      -3327.321    0.000   0.000   0.000   0.
  2017 352 23 40  4 507 352.986163284       3.04     -2.40     -1.81  0.       -2981.402         61.772      -3327.917    0.000   0.000   0.000   0.
  2017 352 23 40  5 507 352.986174858       3.05     -2.45     -1.82  0.       -2978.911         59.308      -3328.511    0.000   0.000   0.000   0.
  2017 352 23 40  6 507 352.986186432       3.08     -2.45     -1.80  0.       -2976.418         56.845      -3329.103    0.000   0.000   0.000   0.
  2017 352 23 40  7 507 352.986198006       3.11     -2.43     -1.80  0.       -2973.923         54.382      -3329.694    0.000   0.000   0.000   0.
  2017 352 23 40  8 507 352.986209580       3.11     -2.44     -1.80  0.       -2971.427         51.918      -3330.283    0.000   0.000   0.000   0.
  2017 352 23 40  9 507 352.986221154       3.20     -2.45     -1.80  0.       -2968.930         49.454      -3330.871    0.000   0.000   0.000   0.
  2017 352 23 40 10 507 352.986232729       3.24     -2.43     -1.77  0.       -2966.431         46.991      -3331.457    0.000   0.000   0.000   0.
  2017 352 23 40 11 507 352.986244303       3.34     -2.49     -1.75  0.       -2963.931         44.528      -3332.041    0.000   0.000   0.000   0.
  2017 352 23 40 12 507 352.986255877       3.39     -2.46     -1.68  0.       -2961.429         42.064      -3332.624    0.000   0.000   0.000   0.
  2017 352 23 40 13 507 352.986267451       3.43     -2.38     -1.67  0.       -2958.926         39.600      -3333.206    0.000   0.000   0.000   0.
  2017 352 23 40 14 507 352.986279025       3.47     -2.40     -1.68  0.       -2956.422         37.136      -3333.785    0.000   0.000   0.000   0.
  2017 352 23 40 15 507 352.986290599       3.49     -2.46     -1.67  0.       -2953.916         34.673      -3334.363    0.000   0.000   0.000   0.
  2017 352 23 40 16 507 352.986302173       3.50     -2.44     -1.69  0.       -2951.408         32.209      -3334.940    0.000   0.000   0.000   0.
  2017 352 23 40 17 507 352.986313747       3.56     -2.44     -1.70  0.       -2948.900         29.746      -3335.514    0.000   0.000   0.000   0.
  2017 352 23 40 18 507 352.986325321       3.55     -2.49     -1.72  0.       -2946.390         27.281      -3336.088    0.000   0.000   0.000   0.
  2017 352 23 40 19 507 352.986336895       3.59     -2.45     -1.71  0.       -2943.878         24.818      -3336.659    0.000   0.000   0.000   0.
  2017 352 23 40 20 507 352.986348469       3.59     -2.49     -1.73  0.       -2941.365         22.354      -3337.229    0.000   0.000   0.000   0.
  2017 352 23 40 21 507 352.986360043       3.62     -2.47     -1.72  0.       -2938.850         19.890      -3337.797    0.000   0.000   0.000   0.
  2017 352 23 40 22 507 352.986371617       3.66     -2.48     -1.74  0.       -2936.334         17.426      -3338.364    0.000   0.000   0.000   0.
  2017 352 23 40 23 507 352.986383192       3.70     -2.48     -1.73  0.       -2933.817         14.962      -3338.929    0.000   0.000   0.000   0.
  2017 352 23 40 24 507 352.986394766       3.72     -2.50     -1.71  0.       -2931.299         12.498      -3339.493    0.000   0.000   0.000   0.
  2017 352 23 40 25 507 352.986406339       3.78     -2.51     -1.72  0.       -2928.778         10.035      -3340.055    0.000   0.000   0.000   0.
  2017 352 23 40 26 507 352.986417911       3.77     -2.50     -1.74  0.       -2926.257          7.572      -3340.615    0.000   0.000   0.000   0.
  2017 352 23 40 27 507 352.986429485       3.84     -2.46     -1.69  0.       -2923.734          5.108      -3341.173    0.000   0.000   0.000   0.
  2017 352 23 40 28 507 352.986441059       3.90     -2.47     -1.66  0.       -2921.209          2.643      -3341.730    0.000   0.000   0.000   0.
  2017 352 23 40 29 507 352.986452633       3.91     -2.45     -1.65  0.       -2918.683          0.179      -3342.286    0.000   0.000   0.000   0.
  2017 352 23 40 30 507 352.986464207       3.88     -2.53     -1.67  0.       -2916.157         -2.284      -3342.839    0.000   0.000   0.000   0.
  2017 352 23 40 31 507 352.986475781       3.89     -2.54     -1.65  0.       -2913.627         -4.748      -3343.391    0.000   0.000   0.000   0.
  2017 352 23 40 32 507 352.986487355       3.90     -2.55     -1.64  0.       -2911.097         -7.212      -3343.942    0.000   0.000   0.000   0.
  2017 352 23 40 33 507 352.986498929       3.93     -2.54     -1.63  0.       -2908.566         -9.675      -3344.490    0.000   0.000   0.000   0.
  2017 352 23 40 34 507 352.986510503       3.92     -2.58     -1.63  0.       -2906.033        -12.139      -3345.038    0.000   0.000   0.000   0.
  2017 352 23 40 35 507 352.986522078       3.95     -2.62     -1.64  0.       -2903.498        -14.603      -3345.583    0.000   0.000   0.000   0.
  2017 352 23 40 36 507 352.986533652       3.99     -2.61     -1.61  0.       -2900.963        -17.067      -3346.127    0.000   0.000   0.000   0.
  2017 352 23 40 37 507 352.986545226       3.99     -2.61     -1.62  0.       -2898.425        -19.531      -3346.669    0.000   0.000   0.000   0.
  2017 352 23 40 38 507 352.986556800       4.01     -2.58     -1.61  0.       -2895.887        -21.995      -3347.210    0.000   0.000   0.000   0.
  2017 352 23 40 39 507 352.986568374       4.04     -2.57     -1.57  0.       -2893.347        -24.459      -3347.749    0.000   0.000   0.000   0.
  2017 352 23 40 40 507 352.986579948       4.08     -2.59     -1.54  0.       -2890.805        -26.923      -3348.286    0.000   0.000   0.000   0.
  2017 352 23 40 41 507 352.986591522       4.12     -2.56     -1.54  0.       -2888.262        -29.386      -3348.821    0.000   0.000   0.000   0.
  2017 352 23 40 42 507 352.986603096       4.16     -2.56     -1.52  0.       -2885.718        -31.850      -3349.355    0.000   0.000   0.000   0.
  2017 352 23 40 43 507 352.986614670       4.16     -2.59     -1.51  0.       -2883.172        -34.313      -3349.887    0.000   0.000   0.000   0.
  2017 352 23 40 44 507 352.986626244       4.17     -2.55     -1.48  0.       -2880.625        -36.778      -3350.418    0.000   0.000   0.000   0.
  2017 352 23 40 45 507 352.986637818       4.20     -2.53     -1.47  0.       -2878.076        -39.241      -3350.947    0.000   0.000   0.000   0.
  2017 352 23 40 46 507 352.986649392       4.22     -2.56     -1.48  0.       -2875.526        -41.704      -3351.474    0.000   0.000   0.000   0.
  2017 352 23 40 47 507 352.986660966       4.26     -2.52     -1.47  0.       -2872.974        -44.169      -3352.000    0.000   0.000   0.000   0.
  2017 352 23 40 48 507 352.986672541       4.27     -2.54     -1.44  0.       -2870.421        -46.632      -3352.524    0.000   0.000   0.000   0.
  2017 352 23 40 49 507 352.986684115       4.28     -2.52     -1.41  0.       -2867.867        -49.096      -3353.046    0.000   0.000   0.000   0.
  2017 352 23 40 50 507 352.986695689       4.30     -2.55     -1.43  0.       -2865.311        -51.559      -3353.567    0.000   0.000   0.000   0.
  2017 352 23 40 51 507 352.986707263       4.32     -2.55     -1.39  0.       -2862.754        -54.023      -3354.086    0.000   0.000   0.000   0.
  2017 352 23 40 52 507 352.986718837       4.36     -2.53     -1.39  0.       -2860.196        -56.487      -3354.603    0.000   0.000   0.000   0.
  2017 352 23 40 53 507 352.986730411       4.38     -2.54     -1.37  0.       -2857.636        -58.950      -3355.119    0.000   0.000   0.000   0.
  2017 352 23 40 54 507 352.986741985       4.41     -2.51     -1.34  0.       -2855.074        -61.413      -3355.633    0.000   0.000   0.000   0.
  2017 352 23 40 55 507 352.986753559       4.43     -2.48     -1.32  0.       -2852.511        -63.877      -3356.145    0.000   0.000   0.000   0.
  2017 352 23 40 56 507 352.986765133       4.42     -2.49     -1.35  0.       -2849.947        -66.340      -3356.656    0.000   0.000   0.000   0.
  2017 352 23 40 57 507 352.986776706       4.46     -2.51     -1.33  0.       -2847.381        -68.804      -3357.164    0.000   0.000   0.000   0.
  2017 352 23 40 58 507 352.986788278       4.50     -2.53     -1.30  0.       -2844.814        -71.267      -3357.672    0.000   0.000   0.000   0.
  2017 352 23 40 59 507 352.986799852       4.53     -2.53     -1.27  0.       -2842.246        -73.731      -3358.177    0.000   0.000   0.000   0.
  2017 352 23 41  0 507 352.986811427       4.55     -2.50     -1.26  0.       -2839.675        -76.194      -3358.681    0.000   0.000   0.000   0.
  2017 352 23 41  1 507 352.986823001       4.57     -2.48     -1.25  0.       -2837.104        -78.657      -3359.183    0.000   0.000   0.000   0.
  2017 352 23 41  2 507 352.986834575       4.58     -2.50     -1.26  0.       -2834.531        -81.120      -3359.684    0.000   0.000   0.000   0.
  2017 352 23 41  3 507 352.986846149       4.64     -2.44     -1.20  0.       -2831.957        -83.584      -3360.183    0.000   0.000   0.000   0.
  2017 352 23 41  4 507 352.986857723       4.67     -2.45     -1.21  0.       -2829.381        -86.046      -3360.680    0.000   0.000   0.000   0.
  2017 352 23 41  5 507 352.986869297       4.67     -2.46     -1.17  0.       -2826.804        -88.510      -3361.175    0.000   0.000   0.000   0.
  2017 352 23 41  6 507 352.986880871       4.70     -2.48     -1.15  0.       -2824.226        -90.973      -3361.669    0.000   0.000   0.000   0.
  2017 352 23 41  7 507 352.986892445       4.75     -2.46     -1.14  0.       -2821.646        -93.436      -3362.161    0.000   0.000   0.000   0.
  2017 352 23 41  8 507 352.986904019       4.75     -2.45     -1.12  0.       -2819.064        -95.899      -3362.651    0.000   0.000   0.000   0.
  2017 352 23 41  9 507 352.986915593       4.80     -2.43     -1.12  0.       -2816.482        -98.362      -3363.140    0.000   0.000   0.000   0.
  2017 352 23 41 10 507 352.986927167       4.81     -2.43     -1.12  0.       -2813.897       -100.825      -3363.627    0.000   0.000   0.000   0.
  2017 352 23 41 11 507 352.986938741       4.84     -2.45     -1.08  0.       -2811.312       -103.287      -3364.112    0.000   0.000   0.000   0.
  2017 352 23 41 12 507 352.986950315       4.86     -2.48     -1.07  0.       -2808.725       -105.750      -3364.595    0.000   0.000   0.000   0.
  2017 352 23 41 13 507 352.986961889       4.88     -2.47     -1.03  0.       -2806.136       -108.213      -3365.077    0.000   0.000   0.000   0.
  2017 352 23 41 14 507 352.986973464       4.90     -2.44     -1.01  0.       -2803.546       -110.676      -3365.557    0.000   0.000   0.000   0.
  2017 352 23 41 15 507 352.986985038       4.90     -2.42     -0.99  0.       -2800.955       -113.138      -3366.036    0.000   0.000   0.000   0.
  2017 352 23 41 16 507 352.986996612       4.96     -2.42     -0.95  0.       -2798.362       -115.601      -3366.512    0.000   0.000   0.000   0.
  2017 352 23 41 17 507 352.987008186       5.00     -2.41     -0.95  0.       -2795.768       -118.063      -3366.987    0.000   0.000   0.000   0.
  2017 352 23 41 18 507 352.987019760       5.01     -2.38     -0.95  0.       -2793.172       -120.526      -3367.461    0.000   0.000   0.000   0.
  2017 352 23 41 19 507 352.987031334       5.02     -2.39     -0.93  0.       -2790.575       -122.988      -3367.932    0.000   0.000   0.000   0.
  2017 352 23 41 20 507 352.987042908       5.05     -2.36     -0.93  0.       -2787.977       -125.450      -3368.402    0.000   0.000   0.000   0.
  2017 352 23 41 21 507 352.987054482       5.06     -2.37     -0.88  0.       -2785.377       -127.913      -3368.870    0.000   0.000   0.000   0.
  2017 352 23 41 22 507 352.987066056       5.06     -2.36     -0.87  0.       -2782.776       -130.375      -3369.337    0.000   0.000   0.000   0.
  2017 352 23 41 23 507 352.987077630       5.06     -2.37     -0.81  0.       -2780.173       -132.837      -3369.801    0.000   0.000   0.000   0.
  2017 352 23 41 24 507 352.987089204       5.09     -2.35     -0.76  0.       -2777.569       -135.299      -3370.264    0.000   0.000   0.000   0.
  2017 352 23 41 25 507 352.987100778       5.11     -2.36     -0.74  0.       -2774.964       -137.761      -3370.725    0.000   0.000   0.000   0.
  2017 352 23 41 26 507 352.987112352       5.18     -2.34     -0.73  0.       -2772.356       -140.223      -3371.185    0.000   0.000   0.000   0.
  2017 352 23 41 27 506 352.987123925       5.26     -2.32     -0.74  0.       -2769.748       -142.685      -3371.643    0.000   0.000   0.000   0.
  2017 352 23 41 28 507 352.987135498       5.27     -2.36     -0.70  0.       -2767.138       -145.147      -3372.099    0.000   0.000   0.000   0.
  2017 352 23 41 29 507 352.987147072       5.27     -2.33     -0.65  0.       -2764.527       -147.608      -3372.553    0.000   0.000   0.000   0.
  2017 352 23 41 30 507 352.987158646       5.27     -2.27     -0.61  0.       -2761.915       -150.070      -3373.005    0.000   0.000   0.000   0.
  2017 352 23 41 31 507 352.987170220       5.32     -2.21     -0.56  0.       -2759.301       -152.532      -3373.456    0.000   0.000   0.000   0.
  2017 352 23 41 32 507 352.987181794       5.34     -2.23     -0.49  0.       -2756.685       -154.993      -3373.905    0.000   0.000   0.000   0.
  2017 352 23 41 33 506 352.987193368       5.37     -2.23     -0.49  0.       -2754.068       -157.454      -3374.353    0.000   0.000   0.000   0.
  2017 352 23 41 34 506 352.987204942       5.41     -2.17     -0.43  0.       -2751.450       -159.916      -3374.798    0.000   0.000   0.000   0.
  2017 352 23 41 35 506 352.987216516       5.43     -2.20     -0.42  0.       -2748.830       -162.377      -3375.242    0.000   0.000   0.000   0.
  2017 352 23 41 36 506 352.987228090       5.42     -2.25     -0.41  0.       -2746.209       -164.838      -3375.684    0.000   0.000   0.001   0.
  2017 352 23 41 37 506 352.987239664       5.44     -2.20     -0.36  0.       -2743.587       -167.299      -3376.125    0.000  -0.000   0.001   0.
  2017 352 23 41 38 507 352.987251238       5.43     -2.21     -0.35  0.       -2740.963       -169.760      -3376.563    0.000  -0.001   0.002   0.
  2017 352 23 41 39 507 352.987262813       5.44     -2.20     -0.29  0.       -2738.337       -172.221      -3377.000    0.000  -0.001   0.003   0.
  2017 352 23 41 40 506 352.987274387       5.46     -2.21     -0.26  0.       -2735.710       -174.682      -3377.435    0.000  -0.001   0.004   0.
  2017 352 23 41 41 506 352.987285961       5.49     -2.19     -0.25  0.       -2733.082       -177.143      -3377.868    0.000  -0.002   0.006   0.
  2017 352 23 41 42 507 352.987297535       5.54     -2.18     -0.22  0.       -2730.452       -179.603      -3378.300    0.000  -0.003   0.008   0.
  2017 352 23 41 43 507 352.987309109       5.59     -2.14     -0.18  0.       -2727.821       -182.064      -3378.730    0.000  -0.003   0.009   0.
  2017 352 23 41 44 507 352.987320683       5.61     -2.08     -0.17  0.       -2725.189       -184.524      -3379.158    0.000  -0.004   0.011   0.
  2017 352 23 41 45 507 352.987332257       5.65     -2.06     -0.15  0.       -2722.555       -186.985      -3379.584    0.000  -0.004   0.013   0.
  2017 352 23 41 46 506 352.987343831       5.63     -2.14     -0.19  0.       -2719.920       -189.445      -3380.009    0.000  -0.005   0.015   0.
  2017 352 23 41 47 506 352.987355405       5.59     -2.17     -0.27  0.       -2717.283       -191.905      -3380.432    0.000  -0.006   0.018   0.
  2017 352 23 41 48 506 352.987366979       5.60     -2.12     -0.19  0.       -2714.645       -194.365      -3380.853    0.000  -0.008   0.022   0.
  2017 352 23 41 49 506 352.987378553       5.67     -2.07     -0.11  0.       -2712.005       -196.825      -3381.272    0.000  -0.009   0.024   0.
  2017 352 23 41 50 506 352.987390127       5.66     -2.07     -0.12  0.       -2709.364       -199.285      -3381.690    0.000  -0.010   0.028   0.
  2017 352 23 41 51 507 352.987401701       5.66     -2.13     -0.16  0.       -2706.722       -201.745      -3382.105    0.000  -0.011   0.030   0.
  2017 352 23 41 52 507 352.987413275       5.75     -2.06     -0.06  0.       -2704.078       -204.205      -3382.519    0.000  -0.012   0.034   0.
  2017 352 23 41 53 506 352.987424850       5.81     -1.98      0.04  0.       -2701.433       -206.664      -3382.932    0.000  -0.014   0.038   0.
  2017 352 23 41 54 506 352.987436424       5.86     -1.97      0.09  0.       -2698.786       -209.124      -3383.342    0.000  -0.016   0.043   0.
  2017 352 23 41 55 507 352.987447998       5.92     -1.95      0.05  0.       -2696.138       -211.583      -3383.751    0.000  -0.017   0.046   0.
  2017 352 23 41 56 507 352.987459572       5.96     -1.92      0.09  0.       -2693.489       -214.042      -3384.158    0.000  -0.019   0.051   0.
  2017 352 23 41 57 507 352.987471145       6.07     -1.85      0.20  0.       -2690.838       -216.501      -3384.563    0.000  -0.020   0.054   0.
  2017 352 23 41 58 506 352.987482717       6.07     -1.85      0.21  0.       -2688.186       -218.960      -3384.966    0.000  -0.021   0.058   0.
  2017 352 23 41 59 506 352.987494291       6.10     -1.84      0.22  0.       -2685.532       -221.419      -3385.367    0.000  -0.022   0.062   0.
  2017 352 23 42  0 506 352.987505865       6.15     -1.74      0.31  0.       -2682.876       -223.878      -3385.767    0.000  -0.024   0.067   0.
  2017 352 23 42  1 506 352.987517439       6.15     -1.70      0.34  0.       -2680.220       -226.337      -3386.165    0.000  -0.025   0.070   0.
  2017 352 23 42  2 506 352.987529013       6.19     -1.71      0.41  0.       -2677.562       -228.795      -3386.561    0.000  -0.027   0.074   0.
  2017 352 23 42  3 506 352.987540587       6.20     -1.67      0.45  0.       -2674.903       -231.254      -3386.956    0.000  -0.028   0.076   0.
  2017 352 23 42  4 506 352.987552161       6.20     -1.62      0.48  0.       -2672.242       -233.712      -3387.348    0.000  -0.029   0.079   0.
  2017 352 23 42  5 506 352.987563736       6.28     -1.54      0.56  0.       -2669.580       -236.170      -3387.739    0.000  -0.030   0.082   0.
  2017 352 23 42  6 506 352.987575310       6.28     -1.49      0.66  0.       -2666.917       -238.628      -3388.128    0.000  -0.032   0.087   0.
  2017 352 23 42  7 506 352.987586884       6.44     -1.51      0.74  0.       -2664.252       -241.086      -3388.515    0.000  -0.033   0.089   0.
  2017 352 23 42  8 506 352.987598458       6.55     -1.47      0.78  0.       -2661.585       -243.544      -3388.901    0.000  -0.034   0.093   0.
  2017 352 23 42  9 506 352.987610032       6.68     -1.50      0.86  0.       -2658.917       -246.002      -3389.284    0.000  -0.035   0.095   0.
  2017 352 23 42 10 506 352.987621606       6.78     -1.45      0.93  0.       -2656.248       -248.459      -3389.666    0.000  -0.036   0.098   0.
  2017 352 23 42 11 506 352.987633180       6.83     -1.40      0.99  0.       -2653.577       -250.917      -3390.046    0.000  -0.037   0.101   0.
  2017 352 23 42 12 506 352.987644754       6.88     -1.44      1.04  0.       -2650.905       -253.374      -3390.424    0.000  -0.039   0.106   0.
  2017 352 23 42 13 506 352.987656328       6.94     -1.42      1.09  0.       -2648.232       -255.831      -3390.800    0.000  -0.040   0.109   0.
  2017 352 23 42 14 506 352.987667902       7.05     -1.38      1.13  0.       -2645.557       -258.288      -3391.175    0.000  -0.041   0.113   0.
  2017 352 23 42 15 506 352.987679476       7.14     -1.38      1.15  0.       -2642.881       -260.745      -3391.548    0.000  -0.042   0.115   0.
  2017 352 23 42 16 506 352.987691050       7.17     -1.34      1.19  0.       -2640.203       -263.202      -3391.919    0.000  -0.043   0.118   0.
  2017 352 23 42 17 506 352.987702624       7.28     -1.27      1.26  0.       -2637.524       -265.658      -3392.288    0.000  -0.044   0.121   0.
  2017 352 23 42 18 506 352.987714198       7.34     -1.29      1.30  0.       -2634.843       -268.115      -3392.655    0.000  -0.046   0.126   0.
  2017 352 23 42 19 506 352.987725773       7.38     -1.26      1.35  0.       -2632.161       -270.571      -3393.021    0.000  -0.047   0.128   0.
  2017 352 23 42 20 506 352.987737347       7.41     -1.22      1.38  0.       -2629.478       -273.027      -3393.384    0.000  -0.048   0.132   0.
  2017 352 23 42 21 506 352.987748921       7.52     -1.13      1.41  0.       -2626.793       -275.483      -3393.746    0.000  -0.049   0.134   0.
  2017 352 23 42 22 506 352.987760495       7.64     -1.06      1.46  0.       -2624.107       -277.939      -3394.106    0.000  -0.050   0.137   0.
  2017 352 23 42 23 506 352.987772069       7.74     -1.02      1.51  0.       -2621.420       -280.395      -3394.464    0.000  -0.051   0.139   0.
  2017 352 23 42 24 506 352.987783643       7.76     -1.01      1.59  0.       -2618.731       -282.851      -3394.821    0.000  -0.052   0.143   0.
  2017 352 23 42 25 506 352.987795216       7.78     -0.95      1.63  0.       -2616.040       -285.306      -3395.175    0.000  -0.052   0.145   0.
  2017 352 23 42 26 506 352.987806788       7.83     -0.91      1.71  0.       -2613.348       -287.761      -3395.528    0.000  -0.053   0.147   0.
  2017 352 23 42 27 506 352.987818362       7.87     -0.86      1.73  0.       -2610.655       -290.216      -3395.879    0.000  -0.053   0.147   0.
  2017 352 23 42 28 506 352.987829936       7.93     -0.84      1.79  0.       -2607.961       -292.671      -3396.228    0.000  -0.054   0.148   0.
  2017 352 23 42 29 506 352.987841510       8.01     -0.83      1.86  0.       -2605.265       -295.126      -3396.575    0.000  -0.054   0.149   0.
  2017 352 23 42 30 506 352.987853084       8.04     -0.79      1.88  0.       -2602.567       -297.581      -3396.920    0.000  -0.054   0.150   0.
  2017 352 23 42 31 506 352.987864659       8.08     -0.78      1.96  0.       -2599.868       -300.035      -3397.264    0.000  -0.054   0.150   0.
  2017 352 23 42 32 506 352.987876233       8.11     -0.73      1.97  0.       -2597.168       -302.490      -3397.606    0.000  -0.055   0.150   0.
  2017 352 23 42 33 506 352.987887807       8.17     -0.66      2.03  0.       -2594.467       -304.944      -3397.945    0.000  -0.055   0.150   0.
  2017 352 23 42 34 506 352.987899381       8.21     -0.62      2.11  0.       -2591.764       -307.398      -3398.284    0.000  -0.055   0.150   0.
  2017 352 23 42 35 506 352.987910955       8.27     -0.53      2.18  0.       -2589.059       -309.852      -3398.620    0.000  -0.055   0.150   0.
  2017 352 23 42 36 506 352.987922529       8.33     -0.49      2.26  0.       -2586.353       -312.306      -3398.954    0.000  -0.054   0.150   0.
  2017 352 23 42 37 506 352.987934103       8.42     -0.48      2.34  0.       -2583.646       -314.759      -3399.287    0.000  -0.054   0.150   0.
  2017 352 23 42 38 506 352.987945677       8.43     -0.45      2.36  0.       -2580.937       -317.212      -3399.617    0.000  -0.054   0.150   0.
  2017 352 23 42 39 506 352.987957251       8.46     -0.41      2.42  0.       -2578.227       -319.666      -3399.946    0.000  -0.054   0.150   0.
  2017 352 23 42 40 506 352.987968825       8.53     -0.37      2.46  0.       -2575.516       -322.119      -3400.273    0.000  -0.054   0.149   0.
  2017 352 23 42 41 506 352.987980399       8.58     -0.36      2.48  0.       -2572.803       -324.571      -3400.598    0.000  -0.054   0.149   0.
  2017 352 23 42 42 506 352.987991973       8.59     -0.34      2.55  0.       -2570.089       -327.024      -3400.921    0.000  -0.054   0.149   0.
  2017 352 23 42 43 506 352.988003547       8.62     -0.31      2.57  0.       -2567.373       -329.477      -3401.242    0.000  -0.054   0.149   0.
  2017 352 23 42 44 506 352.988015122       8.70     -0.24      2.63  0.       -2564.656       -331.929      -3401.562    0.000  -0.054   0.148   0.
  2017 352 23 42 45 506 352.988026696       8.71     -0.26      2.70  0.       -2561.938       -334.381      -3401.880    0.000  -0.054   0.148   0.
  2017 352 23 42 46 506 352.988038270       8.69     -0.24      2.74  0.       -2559.218       -336.833      -3402.195    0.000  -0.054   0.148   0.
  2017 352 23 42 47 506 352.988049844       8.72     -0.19      2.85  0.       -2556.496       -339.285      -3402.509    0.000  -0.054   0.148   0.
  2017 352 23 42 48 506 352.988061418       8.73     -0.16      2.90  0.       -2553.774       -341.736      -3402.821    0.000  -0.054   0.148   0.
  2017 352 23 42 49 506 352.988072992       8.77     -0.08      2.93  0.       -2551.050       -344.188      -3403.131    0.000  -0.054   0.148   0.
  2017 352 23 42 50 506 352.988084566       8.79     -0.03      2.91  0.       -2548.324       -346.639      -3403.440    0.000  -0.054   0.147   0.
  2017 352 23 42 51 506 352.988096140       8.78      0.04      2.96  0.       -2545.597       -349.090      -3403.746    0.000  -0.054   0.147   0.
  2017 352 23 42 52 506 352.988107714       8.83      0.09      3.05  0.       -2542.869       -351.541      -3404.050    0.000  -0.053   0.147   0.
  2017 352 23 42 53 506 352.988119288       8.91      0.21      3.10  0.       -2540.139       -353.991      -3404.353    0.000  -0.053   0.147   0.
  2017 352 23 42 54 506 352.988130862       8.93      0.24      3.16  0.       -2537.408       -356.442      -3404.654    0.000  -0.053   0.146   0.
  2017 352 23 42 55 506 352.988142435       8.96      0.30      3.19  0.       -2534.676       -358.892      -3404.953    0.000  -0.053   0.146   0.
  2017 352 23 42 56 506 352.988154008       9.02      0.36      3.26  0.       -2531.942       -361.342      -3405.250    0.000  -0.053   0.146   0.
  2017 352 23 42 57 506 352.988165582       9.06      0.35      3.35  0.       -2529.207       -363.792      -3405.545    0.000  -0.053   0.146   0.
  2017 352 23 42 58 506 352.988177156       9.12      0.40      3.40  0.       -2526.470       -366.242      -3405.838    0.000  -0.053   0.145   0.
  2017 352 23 42 59 506 352.988188730       9.20      0.47      3.50  0.       -2523.732       -368.691      -3406.130    0.000  -0.053   0.145   0.
  2017 352 23 43  0 506 352.988200304       9.26      0.53      3.57  0.       -2520.993       -371.140      -3406.419    0.000  -0.053   0.145   0.
  2017 352 23 43  1 506 352.988211878       9.36      0.60      3.67  0.       -2518.252       -373.590      -3406.707    0.000  -0.053   0.145   0.
  2017 352 23 43  2 506 352.988223452       9.46      0.67      3.76  0.       -2515.509       -376.038      -3406.992    0.000  -0.052   0.144   0.
  2017 352 23 43  3 506 352.988235026       9.57      0.77      3.82  0.       -2512.766       -378.487      -3407.276    0.000  -0.052   0.144   0.
  2017 352 23 43  4 506 352.988246600       9.66      0.85      3.87  0.       -2510.021       -380.936      -3407.558    0.000  -0.052   0.143   0.
  2017 352 23 43  5 506 352.988258174       9.68      0.81      3.92  0.       -2507.274       -383.383      -3407.838    0.000  -0.052   0.143   0.
  2017 352 23 43  6 506 352.988269748       9.67      0.87      4.00  0.       -2504.527       -385.832      -3408.116    0.000  -0.052   0.143   0.
  2017 352 23 43  7 506 352.988281322       9.72      0.94      4.06  0.       -2501.777       -388.280      -3408.393    0.000  -0.052   0.143   0.
  2017 352 23 43  8 506 352.988292896       9.78      1.00      4.16  0.       -2499.027       -390.727      -3408.667    0.000  -0.052   0.142   0.
  2017 352 23 43  9 506 352.988304471       9.86      1.06      4.27  0.       -2496.275       -393.174      -3408.939    0.000  -0.052   0.142   0.
  2017 352 23 43 10 506 352.988316045       9.93      1.14      4.39  0.       -2493.521       -395.622      -3409.210    0.000  -0.052   0.142   0.
  2017 352 23 43 11 506 352.988327619       9.99      1.19      4.45  0.       -2490.767       -398.069      -3409.478    0.000  -0.052   0.142   0.
  2017 352 23 43 12 506 352.988339193      10.06      1.26      4.50  0.       -2488.010       -400.515      -3409.745    0.000  -0.051   0.141   0.
  2017 352 23 43 13 506 352.988350767      10.10      1.31      4.52  0.       -2485.253       -402.962      -3410.010    0.000  -0.051   0.141   0.
  2017 352 23 43 14 506 352.988362341      10.18      1.36      4.60  0.       -2482.494       -405.408      -3410.273    0.000  -0.051   0.140   0.
  2017 352 23 43 15 506 352.988373915      10.23      1.39      4.62  0.       -2479.733       -407.854      -3410.534    0.000  -0.051   0.140   0.
  2017 352 23 43 16 506 352.988385489      10.27      1.51      4.69  0.       -2476.972       -410.300      -3410.793    0.000  -0.051   0.140   0.
  2017 352 23 43 17 506 352.988397063      10.29      1.55      4.73  0.       -2474.209       -412.745      -3411.050    0.000  -0.051   0.140   0.
  2017 352 23 43 18 506 352.988408637      10.30      1.56      4.81  0.       -2471.444       -415.191      -3411.305    0.000  -0.051   0.139   0.
  2017 352 23 43 19 506 352.988420211      10.31      1.65      4.85  0.       -2468.678       -417.636      -3411.558    0.000  -0.051   0.139   0.
  2017 352 23 43 20 506 352.988431785      10.35      1.70      4.90  0.       -2465.911       -420.081      -3411.810    0.000  -0.050   0.138   0.
  2017 352 23 43 21 506 352.988443359      10.43      1.72      5.00  0.       -2463.142       -422.525      -3412.059    0.000  -0.050   0.138   0.
  2017 352 23 43 22 506 352.988454933      10.47      1.78      5.08  0.       -2460.372       -424.970      -3412.307    0.000  -0.050   0.138   0.
  2017 352 23 43 23 506 352.988466508      10.52      1.82      5.17  0.       -2457.601       -427.414      -3412.552    0.000  -0.050   0.138   0.
  2017 352 23 43 24 506 352.988478082      10.56      1.87      5.22  0.       -2454.828       -429.858      -3412.796    0.000  -0.050   0.137   0.
  2017 352 23 43 25 506 352.988489654      10.64      1.95      5.29  0.       -2452.053       -432.302      -3413.037    0.000  -0.050   0.137   0.
  2017 352 23 43 26 506 352.988501227      10.69      2.07      5.34  0.       -2449.278       -434.745      -3413.277    0.000  -0.049   0.136   0.
  2017 352 23 43 27 506 352.988512801      10.73      2.15      5.37  0.       -2446.501       -437.188      -3413.515    0.000  -0.049   0.136   0.
  2017 352 23 43 28 505 352.988524375      10.78      2.21      5.42  0.       -2443.722       -439.631      -3413.751    0.000  -0.049   0.135   0.
  2017 352 23 43 29 505 352.988535949      10.83      2.25      5.45  0.       -2440.943       -442.074      -3413.985    0.000  -0.049   0.135   0.
  2017 352 23 43 30 505 352.988547523      10.87      2.30      5.48  0.       -2438.161       -444.516      -3414.217    0.000  -0.049   0.135   0.
  2017 352 23 43 31 505 352.988559097      10.92      2.35      5.47  0.       -2435.379       -446.959      -3414.447    0.000  -0.049   0.135   0.
  2017 352 23 43 32 505 352.988570671      10.96      2.38      5.49  0.       -2432.595       -449.401      -3414.675    0.000  -0.049   0.134   0.
  2017 352 23 43 33 506 352.988582245      10.99      2.44      5.53  0.       -2429.810       -451.842      -3414.901    0.000  -0.049   0.134   0.
  2017 352 23 43 34 506 352.988593819      11.00      2.45      5.59  0.       -2427.023       -454.284      -3415.126    0.000  -0.048   0.133   0.
  2017 352 23 43 35 505 352.988605394      11.03      2.51      5.62  0.       -2424.235       -456.725      -3415.348    0.000  -0.048   0.133   0.
  2017 352 23 43 36 505 352.988616968      11.04      2.53      5.71  0.       -2421.445       -459.166      -3415.568    0.000  -0.048   0.132   0.
  2017 352 23 43 37 506 352.988628542      11.08      2.58      5.73  0.       -2418.654       -461.607      -3415.787    0.000  -0.048   0.132   0.
  2017 352 23 43 38 506 352.988640116      11.12      2.65      5.75  0.       -2415.862       -464.047      -3416.003    0.000  -0.048   0.131   0.
  2017 352 23 43 39 506 352.988651690      11.15      2.70      5.81  0.       -2413.069       -466.487      -3416.218    0.000  -0.048   0.131   0.
  2017 352 23 43 40 506 352.988663264      11.13      2.68      5.89  0.       -2410.274       -468.927      -3416.430    0.000  -0.048   0.131   0.
  2017 352 23 43 41 506 352.988674838      11.15      2.76      5.93  0.       -2407.477       -471.367      -3416.641    0.000  -0.048   0.131   0.
  2017 352 23 43 42 505 352.988686412      11.18      2.81      5.94  0.       -2404.679       -473.806      -3416.849    0.000  -0.047   0.130   0.
  2017 352 23 43 43 505 352.988697986      11.21      2.82      5.96  0.       -2401.880       -476.245      -3417.056    0.000  -0.047   0.130   0.
  2017 352 23 43 44 505 352.988709560      11.22      2.93      6.01  0.       -2399.080       -478.684      -3417.261    0.000  -0.047   0.129   0.
  2017 352 23 43 45 505 352.988721134      11.25      2.94      6.09  0.       -2396.278       -481.123      -3417.464    0.000  -0.047   0.129   0.
  2017 352 23 43 46 505 352.988732708      11.25      2.99      6.08  0.       -2393.475       -483.561      -3417.664    0.000  -0.047   0.128   0.
  2017 352 23 43 47 506 352.988744282      11.27      3.03      6.14  0.       -2390.670       -485.999      -3417.863    0.000  -0.047   0.128   0.
  2017 352 23 43 48 506 352.988755857      11.31      3.09      6.14  0.       -2387.864       -488.437      -3418.060    0.000  -0.046   0.127   0.
  2017 352 23 43 49 505 352.988767431      11.31      3.11      6.18  0.       -2385.057       -490.874      -3418.255    0.000  -0.046   0.127   0.
  2017 352 23 43 50 505 352.988779005      11.36      3.19      6.20  0.       -2382.248       -493.311      -3418.448    0.000  -0.046   0.126   0.
  2017 352 23 43 51 506 352.988790579      11.35      3.23      6.24  0.       -2379.438       -495.748      -3418.638    0.000  -0.046   0.126   0.
  2017 352 23 43 52 506 352.988802153      11.38      3.26      6.25  0.       -2376.626       -498.185      -3418.827    0.000  -0.046   0.125   0.
  2017 352 23 43 53 506 352.988813727      11.37      3.33      6.26  0.       -2373.813       -500.621      -3419.014    0.000  -0.046   0.125   0.
  2017 352 23 43 54 506 352.988825301      11.37      3.37      6.27  0.       -2370.999       -503.057      -3419.199    0.000  -0.045   0.124   0.
  2017 352 23 43 55 506 352.988836874      11.39      3.42      6.27  0.       -2368.183       -505.493      -3419.382    0.000  -0.045   0.124   0.
  2017 352 23 43 56 505 352.988848446      11.43      3.42      6.32  0.       -2365.366       -507.928      -3419.563    0.000  -0.045   0.123   0.
  2017 352 23 43 57 505 352.988860020      11.45      3.56      6.31  0.       -2362.548       -510.363      -3419.742    0.000  -0.045   0.123   0.
  2017 352 23 43 58 505 352.988871594      11.47      3.58      6.36  0.       -2359.728       -512.798      -3419.919    0.000  -0.044   0.122   0.
  2017 352 23 43 59 505 352.988883168      11.50      3.61      6.39  0.       -2356.907       -515.233      -3420.094    0.000  -0.044   0.122   0.
  2017 352 23 44  0 505 352.988894742      11.49      3.63      6.41  0.       -2354.085       -517.667      -3420.267    0.000  -0.044   0.121   0.
  2017 352 23 44  1 505 352.988906317      11.51      3.66      6.42  0.       -2351.261       -520.101      -3420.438    0.000  -0.044   0.121   0.
  2017 352 23 44  2 505 352.988917891      11.57      3.72      6.43  0.       -2348.436       -522.535      -3420.607    0.000  -0.044   0.120   0.
  2017 352 23 44  3 505 352.988929465      11.57      3.72      6.46  0.       -2345.609       -524.968      -3420.774    0.000  -0.044   0.120   0.
  2017 352 23 44  4 505 352.988941039      11.60      3.76      6.49  0.       -2342.781       -527.401      -3420.939    0.000  -0.044   0.120   0.
  2017 352 23 44  5 505 352.988952613      11.63      3.82      6.46  0.       -2339.952       -529.834      -3421.102    0.000  -0.044   0.119   0.
  2017 352 23 44  6 505 352.988964187      11.65      3.86      6.51  0.       -2337.121       -532.266      -3421.264    0.000  -0.043   0.118   0.
  2017 352 23 44  7 505 352.988975761      11.67      3.93      6.51  0.       -2334.289       -534.698      -3421.422    0.000  -0.043   0.118   0.
  2017 352 23 44  8 505 352.988987335      11.67      3.97      6.52  0.       -2331.455       -537.130      -3421.579    0.000  -0.043   0.117   0.
  2017 352 23 44  9 505 352.988998909      11.70      4.02      6.53  0.       -2328.620       -539.562      -3421.734    0.000  -0.043   0.117   0.
  2017 352 23 44 10 505 352.989010483      11.73      4.08      6.53  0.       -2325.784       -541.993      -3421.887    0.000  -0.042   0.117   0.
  2017 352 23 44 11 505 352.989022057      11.73      4.10      6.53  0.       -2322.947       -544.424      -3422.038    0.000  -0.042   0.116   0.
  2017 352 23 44 12 505 352.989033631      11.78      4.19      6.53  0.       -2320.108       -546.854      -3422.187    0.000  -0.042   0.115   0.
  2017 352 23 44 13 505 352.989045205      11.78      4.19      6.56  0.       -2317.268       -549.284      -3422.334    0.000  -0.042   0.115   0.
  2017 352 23 44 14 505 352.989056779      11.79      4.29      6.53  0.       -2314.426       -551.714      -3422.479    0.000  -0.042   0.114   0.
  2017 352 23 44 15 505 352.989068354      11.80      4.33      6.55  0.       -2311.583       -554.144      -3422.622    0.000  -0.042   0.114   0.
  2017 352 23 44 16 505 352.989079928      11.81      4.37      6.55  0.       -2308.739       -556.573      -3422.763    0.000  -0.041   0.113   0.
  2017 352 23 44 17 505 352.989091502      11.85      4.43      6.55  0.       -2305.893       -559.002      -3422.902    0.000  -0.041   0.113   0.
  2017 352 23 44 18 505 352.989103076      11.81      4.45      6.56  0.       -2303.045       -561.431      -3423.039    0.000  -0.041   0.112   0.
  2017 352 23 44 19 505 352.989114650      11.81      4.46      6.60  0.       -2300.197       -563.859      -3423.174    0.000  -0.041   0.112   0.
  2017 352 23 44 20 505 352.989126224      11.80      4.47      6.62  0.       -2297.348       -566.287      -3423.307    0.000  -0.040   0.111   0.
  2017 352 23 44 21 505 352.989137798      11.81      4.50      6.65  0.       -2294.496       -568.715      -3423.437    0.000  -0.040   0.111   0.
  2017 352 23 44 22 505 352.989149372      11.82      4.55      6.65  0.       -2291.644       -571.142      -3423.566    0.000  -0.040   0.110   0.
  2017 352 23 44 23 505 352.989160946      11.82      4.57      6.65  0.       -2288.790       -573.569      -3423.693    0.000  -0.040   0.110   0.
  2017 352 23 44 24 505 352.989172520      11.83      4.65      6.63  0.       -2285.935       -575.996      -3423.818    0.000  -0.040   0.109   0.
  2017 352 23 44 25 505 352.989184093      11.84      4.71      6.65  0.       -2283.078       -578.422      -3423.940    0.000  -0.040   0.109   0.
  2017 352 23 44 26 505 352.989195666      11.84      4.76      6.65  0.       -2280.220       -580.848      -3424.061    0.000  -0.039   0.108   0.
  2017 352 23 44 27 505 352.989207240      11.81      4.71      6.73  0.       -2277.361       -583.273      -3424.179    0.000  -0.039   0.108   0.
  2017 352 23 44 28 505 352.989218814      11.81      4.74      6.72  0.       -2274.500       -585.699      -3424.296    0.000  -0.039   0.107   0.
  2017 352 23 44 29 505 352.989230388      11.79      4.76      6.76  0.       -2271.638       -588.124      -3424.411    0.000  -0.039   0.106   0.
  2017 352 23 44 30 505 352.989241962      11.78      4.82      6.79  0.       -2268.775       -590.548      -3424.523    0.000  -0.038   0.105   0.
  2017 352 23 44 31 505 352.989253536      11.79      4.87      6.79  0.       -2265.910       -592.972      -3424.633    0.000  -0.038   0.105   0.
  2017 352 23 44 32 505 352.989265110      11.79      4.88      6.78  0.       -2263.044       -595.396      -3424.742    0.000  -0.038   0.104   0.
  2017 352 23 44 33 505 352.989276684      11.78      4.96      6.73  0.       -2260.177       -597.820      -3424.848    0.000  -0.038   0.104   0.
  2017 352 23 44 34 505 352.989288258      11.77      5.03      6.73  0.       -2257.308       -600.243      -3424.952    0.000  -0.038   0.103   0.
  2017 352 23 44 35 505 352.989299832      11.78      5.03      6.74  0.       -2254.438       -602.665      -3425.055    0.000  -0.038   0.103   0.
  2017 352 23 44 36 505 352.989311406      11.75      5.08      6.76  0.       -2251.566       -605.088      -3425.155    0.000  -0.037   0.102   0.
  2017 352 23 44 37 505 352.989322980      11.79      5.15      6.74  0.       -2248.693       -607.510      -3425.253    0.000  -0.037   0.102   0.
  2017 352 23 44 38 505 352.989334554      11.78      5.18      6.70  0.       -2245.819       -609.932      -3425.349    0.000  -0.037   0.101   0.
  2017 352 23 44 39 505 352.989346129      11.77      5.26      6.71  0.       -2242.944       -612.353      -3425.443    0.000  -0.037   0.101   0.
  2017 352 23 44 40 505 352.989357703      11.79      5.26      6.68  0.       -2240.067       -614.774      -3425.535    0.000  -0.036   0.100   0.
  2017 352 23 44 41 505 352.989369277      11.79      5.33      6.70  0.       -2237.189       -617.195      -3425.625    0.000  -0.036   0.099   0.
  2017 352 23 44 42 505 352.989380851      11.80      5.39      6.73  0.       -2234.309       -619.615      -3425.712    0.000  -0.036   0.098   0.
  2017 352 23 44 43 505 352.989392425      11.76      5.43      6.75  0.       -2231.428       -622.035      -3425.798    0.000  -0.036   0.098   0.
  2017 352 23 44 44 505 352.989403999      11.79      5.52      6.77  0.       -2228.546       -624.454      -3425.882    0.000  -0.035   0.097   0.
  2017 352 23 44 45 505 352.989415573      11.77      5.59      6.74  0.       -2225.662       -626.873      -3425.963    0.000  -0.035   0.097   0.
  2017 352 23 44 46 505 352.989427147      11.81      5.61      6.77  0.       -2222.777       -629.292      -3426.043    0.000  -0.035   0.096   0.
  2017 352 23 44 47 505 352.989438721      11.79      5.71      6.73  0.       -2219.891       -631.710      -3426.120    0.000  -0.035   0.095   0.
  2017 352 23 44 48 505 352.989450295      11.81      5.74      6.69  0.       -2217.003       -634.128      -3426.196    0.000  -0.034   0.094   0.
  2017 352 23 44 49 505 352.989461869      11.82      5.84      6.69  0.       -2214.114       -636.546      -3426.269    0.000  -0.034   0.094   0.
  2017 352 23 44 50 505 352.989473443      11.78      5.84      6.66  0.       -2211.224       -638.963      -3426.340    0.000  -0.034   0.093   0.
  2017 352 23 44 51 505 352.989485017      11.80      5.87      6.68  0.       -2208.332       -641.380      -3426.409    0.000  -0.034   0.093   0.
  2017 352 23 44 52 505 352.989496591      11.80      5.99      6.68  0.       -2205.439       -643.797      -3426.476    0.000  -0.034   0.092   0.
  2017 352 23 44 53 505 352.989508166      11.76      6.03      6.68  0.       -2202.545       -646.212      -3426.541    0.000  -0.034   0.092   0.
  2017 352 23 44 54 505 352.989519740      11.78      6.08      6.67  0.       -2199.649       -648.628      -3426.604    0.000  -0.033   0.091   0.
  2017 352 23 44 55 505 352.989531313      11.75      6.14      6.74  0.       -2196.752       -651.044      -3426.665    0.000  -0.033   0.090   0.
  2017 352 23 44 56 505 352.989542885      11.72      6.23      6.71  0.       -2193.854       -653.458      -3426.724    0.000  -0.033   0.089   0.
  2017 352 23 44 57 505 352.989554459      11.69      6.31      6.66  0.       -2190.954       -655.873      -3426.780    0.000  -0.033   0.089   0.
  2017 352 23 44 58 505 352.989566033      11.68      6.33      6.66  0.       -2188.053       -658.287      -3426.835    0.000  -0.032   0.088   0.
  2017 352 23 44 59 505 352.989577607      11.70      6.37      6.67  0.       -2185.151       -660.701      -3426.887    0.000  -0.032   0.088   0.
  2017 352 23 45  0 505 352.989589181      11.69      6.47      6.68  0.       -2182.247       -663.114      -3426.937    0.000  -0.032   0.087   0.
  2017 352 23 45  1 505 352.989600755      11.66      6.54      6.69  0.       -2179.342       -665.527      -3426.986    0.000  -0.032   0.086   0.
  2017 352 23 45  2 505 352.989612329      11.60      6.60      6.69  0.       -2176.436       -667.939      -3427.032    0.000  -0.031   0.085   0.
  2017 352 23 45  3 505 352.989623903      11.62      6.68      6.74  0.       -2173.528       -670.351      -3427.076    0.000  -0.031   0.085   0.
  2017 352 23 45  4 505 352.989635477      11.64      6.82      6.66  0.       -2170.619       -672.763      -3427.118    0.000  -0.031   0.084   0.
  2017 352 23 45  5 505 352.989647052      11.63      6.96      6.60  0.       -2167.709       -675.174      -3427.158    0.000  -0.031   0.084   0.
  2017 352 23 45  6 505 352.989658626      11.56      7.02      6.57  0.       -2164.797       -677.585      -3427.195    0.000  -0.030   0.083   0.
  2017 352 23 45  7 505 352.989670200      11.57      7.09      6.56  0.       -2161.884       -679.996      -3427.231    0.000  -0.030   0.082   0.
  2017 352 23 45  8 505 352.989681774      11.59      7.16      6.55  0.       -2158.970       -682.406      -3427.265    0.000  -0.030   0.081   0.
  2017 352 23 45  9 505 352.989693348      11.56      7.26      6.62  0.       -2156.054       -684.815      -3427.296    0.000  -0.030   0.081   0.
  2017 352 23 45 10 505 352.989704922      11.53      7.34      6.68  0.       -2153.137       -687.224      -3427.325    0.000  -0.029   0.080   0.
  2017 352 23 45 11 505 352.989716496      11.51      7.44      6.63  0.       -2150.219       -689.633      -3427.352    0.000  -0.029   0.079   0.
  2017 352 23 45 12 505 352.989728070      11.51      7.52      6.64  0.       -2147.299       -692.041      -3427.377    0.000  -0.029   0.078   0.
  2017 352 23 45 13 505 352.989739644      11.43      7.53      6.69  0.       -2144.378       -694.449      -3427.400    0.000  -0.029   0.078   0.
  2017 352 23 45 14 505 352.989751218      11.36      7.62      6.75  0.       -2141.456       -696.857      -3427.421    0.000  -0.028   0.077   0.
  2017 352 23 45 15 505 352.989762792      11.26      7.66      6.79  0.       -2138.532       -699.264      -3427.440    0.000  -0.028   0.077   0.
  2017 352 23 45 16 505 352.989774366      11.16      7.77      6.74  0.       -2135.607       -701.671      -3427.456    0.000  -0.028   0.076   0.
  2017 352 23 45 17 505 352.989785940      11.11      7.81      6.80  0.       -2132.681       -704.077      -3427.471    0.000  -0.028   0.076   0.
  2017 352 23 45 18 505 352.989797514      11.17      7.83      6.75  0.       -2129.753       -706.483      -3427.483    0.000  -0.027   0.075   0.
  2017 352 23 45 19 505 352.989809089      11.12      7.87      6.71  0.       -2126.824       -708.888      -3427.493    0.000  -0.027   0.074   0.
  2017 352 23 45 20 505 352.989820663      11.02      7.92      6.86  0.       -2123.894       -711.293      -3427.501    0.000  -0.027   0.073   0.
  2017 352 23 45 21 505 352.989832237      10.93      7.97      6.93  0.       -2120.963       -713.697      -3427.507    0.000  -0.027   0.073   0.
  2017 352 23 45 22 505 352.989843811      10.87      8.00      7.06  0.       -2118.030       -716.101      -3427.511    0.000  -0.026   0.072   0.
  2017 352 23 45 23 505 352.989855385      10.78      8.05      7.17  0.       -2115.096       -718.505      -3427.513    0.000  -0.026   0.071   0.
  2017 352 23 45 24 505 352.989866959      10.75      8.19      7.27  0.       -2112.160       -720.908      -3427.512    0.000  -0.026   0.070   0.
  2017 352 23 45 25 504 352.989878532      10.72      8.22      7.34  0.       -2109.223       -723.311      -3427.509    0.000  -0.026   0.070   0.
  2017 352 23 45 26 504 352.989890104      10.64      8.29      7.43  0.       -2106.285       -725.713      -3427.505    0.000  -0.025   0.069   0.
  2017 352 23 45 27 504 352.989901678      10.61      8.37      7.47  0.       -2103.346       -728.115      -3427.498    0.000  -0.025   0.069   0.
  2017 352 23 45 28 504 352.989913252      10.56      8.47      7.42  0.       -2100.405       -730.516      -3427.489    0.000  -0.025   0.068   0.
  2017 352 23 45 29 505 352.989924826      10.54      8.45      7.56  0.       -2097.463       -732.917      -3427.477    0.000  -0.025   0.067   0.
  2017 352 23 45 30 505 352.989936400      10.50      8.50      7.54  0.       -2094.519       -735.317      -3427.464    0.000  -0.024   0.066   0.
  2017 352 23 45 31 504 352.989947975      10.43      8.58      7.57  0.       -2091.575       -737.717      -3427.448    0.000  -0.024   0.066   0.
  2017 352 23 45 32 504 352.989959549      10.38      8.59      7.63  0.       -2088.629       -740.117      -3427.431    0.000  -0.023   0.065   0.
  2017 352 23 45 33 505 352.989971123      10.34      8.68      7.66  0.       -2085.681       -742.516      -3427.411    0.000  -0.023   0.065   0.
  2017 352 23 45 34 505 352.989982697      10.29      8.71      7.70  0.       -2082.733       -744.914      -3427.389    0.000  -0.023   0.064   0.
  2017 352 23 45 35 505 352.989994271      10.28      8.79      7.74  0.       -2079.783       -747.312      -3427.365    0.000  -0.023   0.063   0.
  2017 352 23 45 36 505 352.990005845      10.21      8.89      7.78  0.       -2076.832       -749.710      -3427.339    0.000  -0.022   0.062   0.
  2017 352 23 45 37 505 352.990017419      10.19      8.95      7.75  0.       -2073.879       -752.107      -3427.310    0.000  -0.022   0.062   0.
  2017 352 23 45 38 504 352.990028993      10.21      9.03      7.78  0.       -2070.925       -754.504      -3427.280    0.000  -0.022   0.061   0.
  2017 352 23 45 39 504 352.990040567      10.19      9.09      7.81  0.       -2067.970       -756.900      -3427.247    0.000  -0.022   0.060   0.
  2017 352 23 45 40 504 352.990052141      10.21      9.12      7.84  0.       -2065.014       -759.296      -3427.212    0.000  -0.022   0.059   0.
  2017 352 23 45 41 504 352.990063715      10.23      9.16      7.88  0.       -2062.056       -761.691      -3427.175    0.000  -0.022   0.059   0.
  2017 352 23 45 42 504 352.990075289      10.21      9.26      7.89  0.       -2059.097       -764.086      -3427.136    0.000  -0.021   0.058   0.
  2017 352 23 45 43 505 352.990086863      10.23      9.27      7.91  0.       -2056.136       -766.480      -3427.094    0.000  -0.021   0.057   0.
  2017 352 23 45 44 505 352.990098437      10.24      9.29      7.92  0.       -2053.175       -768.874      -3427.051    0.000  -0.021   0.056   0.
  2017 352 23 45 45 504 352.990110012      10.19      9.32      7.96  0.       -2050.212       -771.268      -3427.005    0.000  -0.021   0.056   0.
  2017 352 23 45 46 504 352.990121586      10.14      9.40      8.02  0.       -2047.247       -773.660      -3426.957    0.000  -0.020   0.055   0.
  2017 352 23 45 47 505 352.990133160      10.06      9.47      8.04  0.       -2044.282       -776.053      -3426.907    0.000  -0.020   0.055   0.
  2017 352 23 45 48 505 352.990144734      10.03      9.49      8.18  0.       -2041.315       -778.445      -3426.854    0.000  -0.020   0.054   0.
  2017 352 23 45 49 505 352.990156308      10.03      9.50      8.25  0.       -2038.347       -780.836      -3426.800    0.000  -0.020   0.053   0.
  2017 352 23 45 50 505 352.990167882       9.99      9.47      8.36  0.       -2035.377       -783.227      -3426.743    0.000  -0.019   0.052   0.
  2017 352 23 45 51 504 352.990179456       9.94      9.45      8.46  0.       -2032.406       -785.617      -3426.685    0.000  -0.019   0.052   0.
  2017 352 23 45 52 504 352.990191030       9.91      9.52      8.56  0.       -2029.434       -788.007      -3426.624    0.000  -0.019   0.051   0.
  2017 352 23 45 53 504 352.990202604       9.87      9.55      8.65  0.       -2026.461       -790.397      -3426.560    0.000  -0.019   0.050   0.
  2017 352 23 45 54 504 352.990214178       9.86      9.59      8.62  0.       -2023.486       -792.786      -3426.495    0.000  -0.018   0.049   0.
  2017 352 23 45 55 504 352.990225751       9.87      9.59      8.67  0.       -2020.510       -795.174      -3426.427    0.000  -0.018   0.049   0.
  2017 352 23 45 56 504 352.990237323       9.81      9.59      8.75  0.       -2017.533       -797.562      -3426.358    0.000  -0.017   0.048   0.
  2017 352 23 45 57 504 352.990248898       9.81      9.64      8.85  0.       -2014.555       -799.949      -3426.286    0.000  -0.017   0.047   0.
  2017 352 23 45 58 504 352.990260472       9.80      9.72      8.81  0.       -2011.575       -802.336      -3426.211    0.000  -0.017   0.046   0.
  2017 352 23 45 59 504 352.990272046       9.86      9.82      8.81  0.       -2008.594       -804.723      -3426.135    0.000  -0.017   0.046   0.
  2017 352 23 46  0 504 352.990283620       9.85      9.79      8.87  0.       -2005.611       -807.109      -3426.056    0.000  -0.016   0.045   0.
  2017 352 23 46  1 504 352.990295194       9.81      9.73      9.03  0.       -2002.628       -809.494      -3425.976    0.000  -0.016   0.044   0.
  2017 352 23 46  2 504 352.990306768       9.86      9.70      9.11  0.       -1999.643       -811.879      -3425.893    0.000  -0.016   0.043   0.
  2017 352 23 46  3 504 352.990318342       9.90      9.82      9.09  0.       -1996.657       -814.263      -3425.807    0.000  -0.016   0.043   0.
  2017 352 23 46  4 504 352.990329916       9.92     10.02      8.97  0.       -1993.669       -816.647      -3425.720    0.000  -0.015   0.042   0.
  2017 352 23 46  5 504 352.990341490       9.91     10.10      8.92  0.       -1990.680       -819.030      -3425.631    0.000  -0.015   0.041   0.
  2017 352 23 46  6 504 352.990353064       9.81     10.12      9.09  0.       -1987.690       -821.413      -3425.539    0.000  -0.015   0.040   0.
  2017 352 23 46  7 504 352.990364638       9.74     10.12      9.25  0.       -1984.699       -823.795      -3425.445    0.000  -0.015   0.040   0.
  2017 352 23 46  8 504 352.990376212       9.68     10.12      9.41  0.       -1981.706       -826.177      -3425.348    0.000  -0.014   0.039   0.
  2017 352 23 46  9 504 352.990387786       9.75     10.07      9.42  0.       -1978.712       -828.558      -3425.250    0.000  -0.014   0.039   0.
  2017 352 23 46 10 504 352.990399361       9.90     10.05      9.43  0.       -1975.717       -830.939      -3425.149    0.000  -0.014   0.038   0.
  2017 352 23 46 11 504 352.990410935       9.94     10.03      9.42  0.       -1972.720       -833.319      -3425.047    0.000  -0.014   0.037   0.
  2017 352 23 46 12 504 352.990422509      10.02     10.03      9.46  0.       -1969.723       -835.698      -3424.942    0.000  -0.013   0.036   0.
  2017 352 23 46 13 504 352.990434083      10.03     10.06      9.49  0.       -1966.724       -838.077      -3424.834    0.000  -0.013   0.036   0.
  2017 352 23 46 14 504 352.990445657      10.04     10.09      9.50  0.       -1963.723       -840.456      -3424.725    0.000  -0.013   0.035   0.
  2017 352 23 46 15 504 352.990457231      10.06     10.08      9.54  0.       -1960.722       -842.834      -3424.613    0.000  -0.013   0.035   0.
  2017 352 23 46 16 504 352.990468805      10.02     10.11      9.59  0.       -1957.719       -845.211      -3424.499    0.000  -0.012   0.034   0.
  2017 352 23 46 17 504 352.990480379      10.03     10.13      9.63  0.       -1954.715       -847.588      -3424.383    0.000  -0.012   0.033   0.
  2017 352 23 46 18 504 352.990491953      10.06     10.17      9.66  0.       -1951.709       -849.964      -3424.264    0.000  -0.012   0.032   0.
  2017 352 23 46 19 504 352.990503527      10.06     10.13      9.78  0.       -1948.703       -852.340      -3424.144    0.000  -0.012   0.032   0.
  2017 352 23 46 20 504 352.990515101      10.05     10.14      9.85  0.       -1945.695       -854.715      -3424.021    0.000  -0.011   0.031   0.
  2017 352 23 46 21 504 352.990526675      10.04     10.16      9.92  0.       -1942.686       -857.090      -3423.896    0.000  -0.011   0.031   0.
  2017 352 23 46 22 504 352.990538249      10.05     10.16      9.99  0.       -1939.675       -859.464      -3423.768    0.000  -0.011   0.030   0.
  2017 352 23 46 23 504 352.990549823      10.05     10.20     10.04  0.       -1936.663       -861.837      -3423.639    0.000  -0.011   0.029   0.
  2017 352 23 46 24 504 352.990561398      10.03     10.26     10.03  0.       -1933.650       -864.210      -3423.507    0.000  -0.010   0.028   0.
  2017 352 23 46 25 504 352.990572971      10.02     10.29     10.06  0.       -1930.636       -866.583      -3423.373    0.000  -0.010   0.028   0.
  2017 352 23 46 26 504 352.990584543       9.98     10.35     10.10  0.       -1927.620       -868.955      -3423.237    0.000  -0.010   0.027   0.
  2017 352 23 46 27 504 352.990596117       9.89     10.40     10.16  0.       -1924.604       -871.326      -3423.098    0.000  -0.010   0.026   0.
  2017 352 23 46 28 504 352.990607691       9.87     10.40     10.24  0.       -1921.586       -873.697      -3422.957    0.000  -0.009   0.025   0.
  2017 352 23 46 29 504 352.990619265       9.86     10.44     10.29  0.       -1918.566       -876.067      -3422.814    0.000  -0.009   0.025   0.
  2017 352 23 46 30 504 352.990630839       9.82     10.45     10.39  0.       -1915.546       -878.437      -3422.669    0.000  -0.009   0.024   0.
  2017 352 23 46 31 504 352.990642413       9.80     10.49     10.43  0.       -1912.524       -880.806      -3422.521    0.000  -0.009   0.024   0.
  2017 352 23 46 32 504 352.990653987       9.79     10.48     10.53  0.       -1909.501       -883.174      -3422.371    0.000  -0.008   0.023   0.
  2017 352 23 46 33 504 352.990665561       9.77     10.49     10.62  0.       -1906.476       -885.542      -3422.219    0.000  -0.008   0.023   0.
  2017 352 23 46 34 504 352.990677135       9.70     10.49     10.74  0.       -1903.451       -887.909      -3422.065    0.000  -0.008   0.022   0.
  2017 352 23 46 35 504 352.990688710       9.64     10.48     10.88  0.       -1900.424       -890.276      -3421.908    0.000  -0.008   0.021   0.
  2017 352 23 46 36 504 352.990700284       9.60     10.52     10.94  0.       -1897.396       -892.642      -3421.749    0.000  -0.007   0.020   0.
  2017 352 23 46 37 504 352.990711858       9.54     10.59     10.97  0.       -1894.367       -895.007      -3421.589    0.000  -0.007   0.020   0.
  2017 352 23 46 38 504 352.990723432       9.51     10.66     11.07  0.       -1891.336       -897.372      -3421.425    0.000  -0.007   0.019   0.
  2017 352 23 46 39 504 352.990735006       9.46     10.69     11.11  0.       -1888.304       -899.737      -3421.260    0.000  -0.007   0.019   0.
  2017 352 23 46 40 504 352.990746580       9.36     10.70     11.20  0.       -1885.271       -902.100      -3421.092    0.000  -0.006   0.018   0.
  2017 352 23 46 41 504 352.990758154       9.30     10.71     11.32  0.       -1882.237       -904.464      -3420.921    0.000  -0.006   0.018   0.
  2017 352 23 46 42 504 352.990769728       9.22     10.68     11.52  0.       -1879.201       -906.826      -3420.749    0.000  -0.006   0.017   0.
  2017 352 23 46 43 504 352.990781302       9.21     10.67     11.61  0.       -1876.164       -909.188      -3420.574    0.000  -0.006   0.017   0.
  2017 352 23 46 44 504 352.990792876       9.19     10.68     11.71  0.       -1873.126       -911.550      -3420.397    0.000  -0.006   0.016   0.
  2017 352 23 46 45 504 352.990804450       9.20     10.73     11.73  0.       -1870.087       -913.910      -3420.218    0.000  -0.006   0.015   0.
  2017 352 23 46 46 504 352.990816024       9.19     10.87     11.72  0.       -1867.046       -916.270      -3420.037    0.000  -0.005   0.014   0.
  2017 352 23 46 47 504 352.990827598       9.10     11.01     11.79  0.       -1864.004       -918.630      -3419.853    0.000  -0.005   0.014   0.
  2017 352 23 46 48 504 352.990839172       9.03     11.06     11.90  0.       -1860.961       -920.989      -3419.667    0.000  -0.005   0.013   0.
  2017 352 23 46 49 504 352.990850746       8.96     11.06     12.02  0.       -1857.917       -923.347      -3419.478    0.000  -0.005   0.013   0.
  2017 352 23 46 50 504 352.990862321       8.86     11.07     12.09  0.       -1854.871       -925.705      -3419.288    0.000  -0.004   0.012   0.
  2017 352 23 46 51 504 352.990873895       8.78     11.11     12.20  0.       -1851.825       -928.062      -3419.095    0.000  -0.004   0.012   0.
  2017 352 23 46 52 504 352.990885469       8.70     11.14     12.28  0.       -1848.777       -930.419      -3418.900    0.000  -0.004   0.011   0.
  2017 352 23 46 53 504 352.990897042       8.63     11.20     12.39  0.       -1845.727       -932.774      -3418.702    0.000  -0.004   0.011   0.
  2017 352 23 46 54 504 352.990908614       8.55     11.22     12.49  0.       -1842.677       -935.130      -3418.503    0.000  -0.004   0.010   0.
  2017 352 23 46 55 504 352.990920188       8.45     11.25     12.69  0.       -1839.625       -937.484      -3418.300    0.000  -0.004   0.010   0.
  2017 352 23 46 56 504 352.990931762       8.35     11.24     12.87  0.       -1836.572       -939.838      -3418.096    0.000  -0.003   0.009   0.
  2017 352 23 46 57 504 352.990943336       8.29     11.29     12.96  0.       -1833.518       -942.192      -3417.889    0.000  -0.003   0.009   0.
  2017 352 23 46 58 504 352.990954910       8.22     11.36     12.99  0.       -1830.463       -944.544      -3417.680    0.000  -0.003   0.008   0.
  2017 352 23 46 59 504 352.990966484       8.19     11.45     13.05  0.       -1827.406       -946.897      -3417.469    0.000  -0.003   0.008   0.
  2017 352 23 47  0 504 352.990978058       8.17     11.53     13.11  0.       -1824.348       -949.248      -3417.256    0.000  -0.003   0.007   0.
  2017 352 23 47  1 504 352.990989633       8.11     11.63     13.11  0.       -1821.289       -951.599      -3417.040    0.000  -0.003   0.007   0.
  2017 352 23 47  2 504 352.991001207       8.05     11.77     13.08  0.       -1818.228       -953.949      -3416.822    0.000  -0.002   0.006   0.
  2017 352 23 47  3 504 352.991012781       7.99     11.85     13.22  0.       -1815.167       -956.299      -3416.601    0.000  -0.002   0.006   0.
  2017 352 23 47  4 504 352.991024355       7.90     11.91     13.35  0.       -1812.104       -958.648      -3416.379    0.000  -0.002   0.005   0.
  2017 352 23 47  5 504 352.991035929       7.81     11.91     13.42  0.       -1809.040       -960.996      -3416.153    0.000  -0.002   0.005   0.
  2017 352 23 47  6 504 352.991047503       7.71     11.90     13.57  0.       -1805.975       -963.344      -3415.926    0.000  -0.002   0.005   0.
  2017 352 23 47  7 504 352.991059077       7.65     11.96     13.68  0.       -1802.909       -965.691      -3415.696    0.000  -0.002   0.005   0.
  2017 352 23 47  8 504 352.991070651       7.56     11.98     13.76  0.       -1799.841       -968.037      -3415.464    0.000  -0.001   0.004   0.
  2017 352 23 47  9 504 352.991082225       7.50     12.03     13.84  0.       -1796.772       -970.383      -3415.230    0.000  -0.001   0.004   0.
  2017 352 23 47 10 504 352.991093799       7.45     12.08     13.94  0.       -1793.702       -972.728      -3414.994    0.000  -0.001   0.003   0.
  2017 352 23 47 11 504 352.991105373       7.38     12.18     14.02  0.       -1790.631       -975.072      -3414.755    0.000  -0.001   0.003   0.
  2017 352 23 47 12 504 352.991116947       7.35     12.23     14.07  0.       -1787.558       -977.416      -3414.513    0.000  -0.001   0.002   0.
  2017 352 23 47 13 504 352.991128521       7.22     12.32     14.15  0.       -1784.484       -979.759      -3414.270    0.000  -0.001   0.002   0.
  2017 352 23 47 14 504 352.991140095       7.11     12.35     14.27  0.       -1781.409       -982.101      -3414.024    0.000  -0.001   0.002   0.
  2017 352 23 47 15 504 352.991151670       7.00     12.43     14.33  0.       -1778.333       -984.443      -3413.776    0.000  -0.001   0.002   0.
  2017 352 23 47 16 504 352.991163244       6.92     12.49     14.40  0.       -1775.256       -986.784      -3413.525    0.000   0.000   0.001   0.
  2017 352 23 47 17 504 352.991174818       6.82     12.54     14.48  0.       -1772.177       -989.125      -3413.272    0.000   0.000   0.001   0.
  2017 352 23 47 18 504 352.991186392       6.77     12.61     14.56  0.       -1769.098       -991.464      -3413.017    0.000   0.000   0.001   0.
  2017 352 23 47 19 504 352.991197966       6.66     12.69     14.63  0.       -1766.017       -993.804      -3412.760    0.000   0.000   0.001   0.
  2017 352 23 47 20 504 352.991209540       6.58     12.70     14.74  0.       -1762.934       -996.142      -3412.500    0.000   0.000   0.000   0.
  2017 352 23 47 21 504 352.991221114       6.48     12.77     14.83  0.       -1759.851       -998.480      -3412.238    0.000   0.000   0.000   0.
  2017 352 23 47 22 504 352.991232688       6.38     12.82     14.90  0.       -1756.766      -1000.817      -3411.973    0.000   0.000   0.000   0.
  2017 352 23 47 23 503 352.991244261       6.32     12.90     14.93  0.       -1753.681      -1003.153      -3411.706    0.000   0.000   0.000   0.
  2017 352 23 47 24 503 352.991255833       6.22     13.01     15.00  0.       -1750.594      -1005.489      -3411.437    0.000   0.000   0.000   0.
  2017 352 23 47 25 504 352.991267407       6.13     13.08     14.98  0.       -1747.505      -1007.824      -3411.166    0.000   0.000   0.000   0.
  2017 352 23 47 26 504 352.991278981       6.02     13.16     15.05  0.       -1744.416      -1010.158      -3410.892    0.000   0.000   0.000   0.
  2017 352 23 47 27 503 352.991290556       5.88     13.21     15.13  0.       -1741.325      -1012.492      -3410.616    0.000   0.000   0.000   0.
  2017 352 23 47 28 503 352.991302130       5.77     13.23     15.20  0.       -1738.234      -1014.825      -3410.337    0.000   0.000   0.000   0.
  2017 352 23 47 29 504 352.991313704       5.63     13.30     15.25  0.       -1735.141      -1017.157      -3410.056    0.000   0.000   0.000   0.
  2017 352 23 47 30 504 352.991325278       5.49     13.33     15.40  0.       -1732.046      -1019.489      -3409.773    0.000   0.000   0.000   0.
  2017 352 23 47 31 504 352.991336852       5.41     13.38     15.48  0.       -1728.951      -1021.819      -3409.487    0.000   0.000   0.000   0.
  2017 352 23 47 32 504 352.991348426       5.34     13.44     15.52  0.       -1725.855      -1024.149      -3409.199    0.000   0.000   0.000   0.
  2017 352 23 47 33 503 352.991360000       5.29     13.54     15.54  0.       -1722.757      -1026.479      -3408.909    0.000   0.000   0.000   0.
  2017 352 23 47 34 503 352.991371574       5.18     13.58     15.62  0.       -1719.658      -1028.808      -3408.616    0.000   0.000   0.000   0.
  2017 352 23 47 35 503 352.991383148       5.06     13.63     15.60  0.       -1716.558      -1031.136      -3408.321    0.000   0.000   0.000   0.
  2017 352 23 47 36 503 352.991394722       4.94     13.58     15.67  0.       -1713.456      -1033.463      -3408.024    0.000   0.000   0.000   0.
  2017 352 23 47 37 503 352.991406296       4.84     13.60     15.76  0.       -1710.354      -1035.790      -3407.724    0.000   0.000   0.000   0.
  2017 352 23 47 38 504 352.991417870       4.75     13.74     15.78  0.       -1707.250      -1038.116      -3407.422    0.000   0.000   0.000   0.
  2017 352 23 47 39 504 352.991429444       4.64     13.83     15.78  0.       -1704.145      -1040.441      -3407.118    0.000   0.000   0.000   0.
  2017 352 23 47 40 503 352.991441019       4.52     13.83     15.77  0.       -1701.039      -1042.765      -3406.811    0.000   0.000   0.000   0.
  2017 352 23 47 41 503 352.991452593       4.41     13.94     15.77  0.       -1697.932      -1045.089      -3406.502    0.000   0.000   0.000   0.
  2017 352 23 47 42 504 352.991464167       4.34     14.08     15.74  0.       -1694.824      -1047.412      -3406.191    0.000   0.000   0.000   0.
  2017 352 23 47 43 504 352.991475741       4.20     14.08     15.75  0.       -1691.714      -1049.734      -3405.877    0.000   0.000   0.000   0.
  2017 352 23 47 44 504 352.991487315       4.07     14.15     15.79  0.       -1688.603      -1052.056      -3405.560    0.000   0.000   0.000   0.
  2017 352 23 47 45 504 352.991498889       4.00     14.27     15.76  0.       -1685.491      -1054.377      -3405.242    0.000   0.000   0.000   0.
  2017 352 23 47 46 504 352.991510463       3.91     14.39     15.82  0.       -1682.378      -1056.697      -3404.921    0.000   0.000   0.000   0.
  2017 352 23 47 47 503 352.991522037       3.72     14.48     15.85  0.       -1679.264      -1059.016      -3404.597    0.000   0.000   0.000   0.
  2017 352 23 47 48 503 352.991533611       3.54     14.54     15.83  0.       -1676.149      -1061.335      -3404.272    0.000   0.000   0.000   0.
  2017 352 23 47 49 503 352.991545185       3.43     14.60     15.80  0.       -1673.032      -1063.653      -3403.944    0.000   0.000   0.000   0.
  2017 352 23 47 50 503 352.991556759       3.30     14.62     15.79  0.       -1669.914      -1065.970      -3403.613    0.000   0.000   0.000   0.
  2017 352 23 47 51 503 352.991568333       3.19     14.62     15.89  0.       -1666.795      -1068.287      -3403.280    0.000   0.000   0.000   0.
  2017 352 23 47 52 504 352.991579907       3.07     14.71     16.01  0.       -1663.675      -1070.602      -3402.945    0.000   0.000   0.000   0.
  2017 352 23 47 53 504 352.991591481       2.88     14.79     16.08  0.       -1660.554      -1072.917      -3402.607    0.000   0.000   0.000   0.
  2017 352 23 47 54 503 352.991603056       2.71     14.87     15.89  0.       -1657.432      -1075.232      -3402.267    0.000   0.000   0.000   0.
  2017 352 23 47 55 503 352.991614629       2.55     14.87     15.88  0.       -1654.308      -1077.545      -3401.925    0.000   0.000   0.000   0.
  2017 352 23 47 56 503 352.991626201       2.48     14.94     15.96  0.       -1651.183      -1079.858      -3401.580    0.000   0.000   0.000   0.
  2017 352 23 47 57 503 352.991637775       2.45     14.99     15.85  0.       -1648.057      -1082.170      -3401.233    0.000   0.000   0.000   0.
  2017 352 23 47 58 503 352.991649349       2.36     15.01     15.84  0.       -1644.930      -1084.481      -3400.883    0.000   0.000   0.000   0.
  2017 352 23 47 59 503 352.991660923       2.21     15.13     15.88  0.       -1641.802      -1086.791      -3400.531    0.000   0.000   0.000   0.
  2017 352 23 48  0 503 352.991672497       2.06     15.30     15.96  0.       -1638.673      -1089.101      -3400.177    0.000   0.000   0.000   0.
  2017 352 23 48  1 503 352.991684071       1.84     15.33     15.88  0.       -1635.542      -1091.410      -3399.820    0.000   0.000   0.000   0.
  2017 352 23 48  2 503 352.991695645       1.64     15.39     15.84  0.       -1632.410      -1093.718      -3399.461    0.000   0.000   0.000   0.
  2017 352 23 48  3 503 352.991707219       1.52     15.48     15.75  0.       -1629.277      -1096.026      -3399.100    0.000   0.000   0.000   0.
  2017 352 23 48  4 503 352.991718793       1.40     15.56     15.70  0.       -1626.144      -1098.332      -3398.736    0.000   0.000   0.000   0.
  2017 352 23 48  5 503 352.991730367       1.25     15.62     15.67  0.       -1623.008      -1100.638      -3398.369    0.000   0.000   0.000   0.
  2017 352 23 48  6 503 352.991741942       1.15     15.70     15.61  0.       -1619.872      -1102.943      -3398.001    0.000   0.000   0.000   0.
  2017 352 23 48  7 503 352.991753516       0.95     15.75     15.34  0.       -1616.735      -1105.248      -3397.629    0.000   0.000   0.000   0.
  2017 352 23 48  8 503 352.991765090       0.72     15.77     15.35  0.       -1613.596      -1107.551      -3397.256    0.000   0.000   0.000   0.
  2017 352 23 48  9 503 352.991776664       0.49     15.77     15.38  0.       -1610.456      -1109.854      -3396.880    0.000   0.000   0.000   0.
  2017 352 23 48 10 503 352.991788238       0.34     15.78     15.30  0.       -1607.315      -1112.156      -3396.502    0.000   0.000   0.000   0.
  2017 352 23 48 11 503 352.991799812       0.23     15.84     15.25  0.       -1604.173      -1114.457      -3396.121    0.000   0.000   0.000   0.
  2017 352 23 48 12 503 352.991811386       0.16     15.90     15.14  0.       -1601.030      -1116.757      -3395.738    0.000   0.000   0.000   0.
  2017 352 23 48 13 503 352.991822960       0.06     15.95     14.99  0.       -1597.886      -1119.057      -3395.352    0.000   0.000   0.000   0.
  2017 352 23 48 14 503 352.991834534      -0.01     15.99     14.88  0.       -1594.741      -1121.356      -3394.964    0.000   0.000   0.000   0.
  2017 352 23 48 15 503 352.991846108      -0.10     16.06     14.76  0.       -1591.594      -1123.654      -3394.574    0.000   0.000   0.000   0.
  2017 352 23 48 16 503 352.991857682      -0.26     16.10     14.66  0.       -1588.446      -1125.951      -3394.181    0.000   0.000   0.000   0.
  2017 352 23 48 17 503 352.991869256      -0.43     16.16     14.62  0.       -1585.298      -1128.248      -3393.785    0.000   0.000   0.000   0.
  2017 352 23 48 18 503 352.991880830      -0.55     16.22     14.58  0.       -1582.148      -1130.543      -3393.388    0.000   0.000   0.000   0.
  2017 352 23 48 19 503 352.991892405      -0.69     16.27     14.47  0.       -1578.997      -1132.838      -3392.988    0.000   0.000   0.000   0.
  2017 352 23 48 20 503 352.991903979      -0.86     16.30     14.38  0.       -1575.844      -1135.132      -3392.585    0.000   0.000   0.000   0.
  2017 352 23 48 21 503 352.991915553      -1.01     16.34     14.30  0.       -1572.691      -1137.425      -3392.180    0.000   0.000   0.000   0.
  2017 352 23 48 22 503 352.991927127      -1.17     16.35     14.17  0.       -1569.537      -1139.718      -3391.773    0.000   0.000   0.000   0.
  2017 352 23 48 23 503 352.991938701      -1.31     16.40     14.06  0.       -1566.381      -1142.009      -3391.363    0.000   0.000   0.000   0.
  2017 352 23 48 24 503 352.991950275      -1.44     16.39     13.98  0.       -1563.224      -1144.300      -3390.951    0.000   0.000   0.000   0.
  2017 352 23 48 25 503 352.991961848      -1.58     16.42     13.90  0.       -1560.067      -1146.590      -3390.536    0.000   0.000   0.000   0.
  2017 352 23 48 26 503 352.991973420      -1.69     16.43     13.80  0.       -1556.908      -1148.879      -3390.119    0.000   0.000   0.000   0.
  2017 352 23 48 27 503 352.991984994      -1.80     16.46     13.72  0.       -1553.748      -1151.168      -3389.699    0.000   0.000   0.000   0.
  2017 352 23 48 28 503 352.991996568      -1.93     16.46     13.61  0.       -1550.586      -1153.455      -3389.277    0.000   0.000   0.000   0.
  2017 352 23 48 29 503 352.992008142      -2.07     16.47     13.52  0.       -1547.424      -1155.742      -3388.853    0.000   0.000   0.000   0.
  2017 352 23 48 30 503 352.992019716      -2.16     16.48     13.45  0.       -1544.261      -1158.028      -3388.426    0.000   0.000   0.000   0.
  2017 352 23 48 31 503 352.992031290      -2.26     16.45     13.31  0.       -1541.096      -1160.313      -3387.997    0.000   0.000   0.000   0.
  2017 352 23 48 32 503 352.992042865      -2.33     16.43     13.22  0.       -1537.931      -1162.597      -3387.565    0.000   0.000   0.000   0.
  2017 352 23 48 33 503 352.992054439      -2.45     16.45     13.09  0.       -1534.764      -1164.881      -3387.131    0.000   0.000   0.000   0.
  2017 352 23 48 34 503 352.992066013      -2.52     16.47     12.97  0.       -1531.596      -1167.163      -3386.694    0.000   0.000   0.000   0.
  2017 352 23 48 35 503 352.992077587      -2.65     16.51     12.80  0.       -1528.427      -1169.445      -3386.255    0.000   0.000   0.000   0.
  2017 352 23 48 36 503 352.992089161      -2.80     16.52     12.66  0.       -1525.257      -1171.726      -3385.814    0.000   0.000   0.000   0.
  2017 352 23 48 37 503 352.992100735      -2.92     16.46     12.54  0.       -1522.086      -1174.006      -3385.370    0.000   0.000   0.000   0.
  2017 352 23 48 38 503 352.992112309      -2.98     16.51     12.36  0.       -1518.914      -1176.285      -3384.923    0.000   0.000   0.000   0.
  2017 352 23 48 39 503 352.992123883      -3.06     16.52     12.09  0.       -1515.740      -1178.563      -3384.474    0.000   0.000   0.000   0.
  2017 352 23 48 40 503 352.992135457      -3.21     16.51     11.97  0.       -1512.566      -1180.841      -3384.023    0.000   0.000   0.000   0.
  2017 352 23 48 41 503 352.992147031      -3.41     16.50     11.86  0.       -1509.390      -1183.117      -3383.569    0.000   0.000   0.000   0.
  2017 352 23 48 42 503 352.992158605      -3.54     16.42     11.72  0.       -1506.214      -1185.393      -3383.113    0.000   0.000   0.000   0.
  2017 352 23 48 43 503 352.992170179      -3.65     16.30     11.66  0.       -1503.036      -1187.668      -3382.654    0.000   0.000   0.000   0.
  2017 352 23 48 44 503 352.992181753      -3.78     16.35     11.71  0.       -1499.857      -1189.942      -3382.193    0.000   0.000   0.000   0.
  2017 352 23 48 45 503 352.992193328      -3.88     16.49     11.64  0.       -1496.677      -1192.215      -3381.730    0.000   0.000   0.000   0.
  2017 352 23 48 46 503 352.992204902      -4.07     16.48     11.45  0.       -1493.496      -1194.488      -3381.264    0.000   0.000   0.000   0.
  2017 352 23 48 47 503 352.992216476      -4.10     16.59     11.30  0.       -1490.314      -1196.759      -3380.795    0.000   0.000   0.000   0.
  2017 352 23 48 48 503 352.992228050      -4.18     16.53     11.04  0.       -1487.131      -1199.030      -3380.324    0.000   0.000   0.000   0.
  2017 352 23 48 49 503 352.992239624      -4.37     16.69     10.97  0.       -1483.947      -1201.300      -3379.851    0.000   0.000   0.000   0.
  2017 352 23 48 50 503 352.992251198      -4.47     16.75     10.82  0.       -1480.761      -1203.568      -3379.375    0.000   0.000   0.000   0.
  2017 352 23 48 51 503 352.992262772      -4.58     16.73     10.72  0.       -1477.575      -1205.836      -3378.896    0.000   0.000   0.000   0.
  2017 352 23 48 52 503 352.992274346      -4.66     16.70     10.55  0.       -1474.387      -1208.103      -3378.415    0.000   0.000   0.000   0.
  2017 352 23 48 53 503 352.992285919      -4.80     16.65     10.40  0.       -1471.199      -1210.370      -3377.932    0.000   0.000   0.000   0.
  2017 352 23 48 54 503 352.992297491      -4.89     16.64     10.29  0.       -1468.009      -1212.635      -3377.446    0.000   0.000   0.000   0.
  2017 352 23 48 55 503 352.992309065      -4.98     16.65     10.06  0.       -1464.819      -1214.900      -3376.958    0.000   0.000   0.000   0.
  2017 352 23 48 56 503 352.992320639      -5.03     16.70      9.85  0.       -1461.627      -1217.163      -3376.467    0.000   0.000   0.000   0.
  2017 352 23 48 57 503 352.992332214      -5.11     16.80      9.65  0.       -1458.434      -1219.426      -3375.974    0.000   0.000   0.000   0.
  2017 352 23 48 58 503 352.992343788      -5.22     16.71      9.64  0.       -1455.240      -1221.688      -3375.478    0.000   0.000   0.000   0.
  2017 352 23 48 59 503 352.992355362      -5.29     16.66      9.48  0.       -1452.045      -1223.949      -3374.980    0.000   0.000   0.000   0.
  2017 352 23 49  0 503 352.992366936      -5.39     16.60      9.31  0.       -1448.849      -1226.209      -3374.479    0.000   0.000   0.000   0.
  2017 352 23 49  1 503 352.992378510      -5.48     16.53      9.16  0.       -1445.652      -1228.468      -3373.976    0.000   0.000   0.000   0.
  2017 352 23 49  2 503 352.992390084      -5.59     16.48      9.00  0.       -1442.454      -1230.726      -3373.471    0.000   0.000   0.000   0.
  2017 352 23 49  3 503 352.992401658      -5.65     16.41      8.88  0.       -1439.254      -1232.983      -3372.962    0.000   0.000   0.000   0.
  2017 352 23 49  4 503 352.992413232      -5.71     16.41      8.71  0.       -1436.054      -1235.240      -3372.452    0.000   0.000   0.000   0.
  2017 352 23 49  5 503 352.992424806      -5.81     16.38      8.50  0.       -1432.852      -1237.495      -3371.939    0.000   0.000   0.000   0.
  2017 352 23 49  6 503 352.992436380      -5.86     16.41      8.31  0.       -1429.650      -1239.750      -3371.423    0.000   0.000   0.000   0.
  2017 352 23 49  7 503 352.992447954      -5.91     16.44      8.12  0.       -1426.446      -1242.004      -3370.905    0.000   0.000   0.000   0.
  2017 352 23 49  8 503 352.992459528      -5.95     16.45      7.92  0.       -1423.242      -1244.257      -3370.384    0.000   0.000   0.000   0.
  2017 352 23 49  9 503 352.992471102      -5.98     16.45      7.77  0.       -1420.036      -1246.509      -3369.861    0.000   0.000   0.000   0.
  2017 352 23 49 10 503 352.992482677      -6.02     16.44      7.53  0.       -1416.830      -1248.760      -3369.336    0.000   0.000   0.000   0.
  2017 352 23 49 11 503 352.992494251      -6.03     16.40      7.43  0.       -1413.622      -1251.010      -3368.808    0.000   0.000   0.000   0.
  2017 352 23 49 12 503 352.992505825      -6.06     16.36      7.31  0.       -1410.413      -1253.259      -3368.277    0.000   0.000   0.000   0.
  2017 352 23 49 13 503 352.992517399      -6.09     16.29      7.18  0.       -1407.203      -1255.507      -3367.744    0.000   0.000   0.000   0.
  2017 352 23 49 14 503 352.992528973      -6.14     16.20      7.10  0.       -1403.992      -1257.754      -3367.208    0.000   0.000   0.000   0.
  2017 352 23 49 15 503 352.992540547      -6.20     16.12      6.97  0.       -1400.780      -1260.001      -3366.670    0.000   0.000   0.000   0.
  2017 352 23 49 16 503 352.992552121      -6.26     16.06      6.79  0.       -1397.568      -1262.246      -3366.130    0.000   0.000   0.000   0.
  2017 352 23 49 17 503 352.992563695      -6.36     15.95      6.64  0.       -1394.353      -1264.490      -3365.586    0.000   0.000   0.000   0.
  2017 352 23 49 18 503 352.992575269      -6.45     15.86      6.48  0.       -1391.138      -1266.734      -3365.041    0.000   0.000   0.000   0.
  2017 352 23 49 19 503 352.992586843      -6.55     15.78      6.25  0.       -1387.922      -1268.977      -3364.493    0.000   0.000   0.000   0.
  2017 352 23 49 20 503 352.992598417      -6.60     15.65      6.03  0.       -1384.705      -1271.218      -3363.942    0.000   0.000   0.000   0.
  2017 352 23 49 21 503 352.992609991      -6.63     15.50      5.92  0.       -1381.487      -1273.459      -3363.389    0.000   0.000   0.000   0.
  2017 352 23 49 22 503 352.992621565      -6.65     15.39      5.78  0.       -1378.268      -1275.699      -3362.834    0.000   0.000   0.000   0.
  2017 352 23 49 23 502 352.992633138      -6.66     15.33      5.64  0.       -1375.048      -1277.938      -3362.275    0.000   0.000   0.000   0.
  2017 352 23 49 24 503 352.992644711      -6.72     15.23      5.43  0.       -1371.827      -1280.175      -3361.715    0.000   0.000   0.000   0.
  2017 352 23 49 25 503 352.992656285      -6.72     15.14      5.26  0.       -1368.604      -1282.412      -3361.152    0.000   0.000   0.000   0.
  2017 352 23 49 26 503 352.992667859      -6.75     15.02      5.03  0.       -1365.381      -1284.648      -3360.586    0.000   0.000   0.000   0.
  2017 352 23 49 27 503 352.992679433      -6.75     14.85      4.87  0.       -1362.157      -1286.883      -3360.018    0.000   0.000   0.000   0.
  2017 352 23 49 28 503 352.992691007      -6.75     14.74      4.76  0.       -1358.931      -1289.117      -3359.447    0.000   0.000   0.000   0.
  2017 352 23 49 29 502 352.992702581      -6.78     14.69      4.67  0.       -1355.705      -1291.351      -3358.874    0.000   0.000   0.000   0.
  2017 352 23 49 30 502 352.992714155      -6.79     14.60      4.50  0.       -1352.478      -1293.583      -3358.298    0.000   0.000   0.000   0.
  2017 352 23 49 31 502 352.992725729      -6.83     14.50      4.35  0.       -1349.249      -1295.814      -3357.720    0.000   0.000   0.000   0.
  2017 352 23 49 32 502 352.992737303      -6.85     14.41      4.16  0.       -1346.020      -1298.044      -3357.139    0.000   0.000   0.000   0.
  2017 352 23 49 33 502 352.992748877      -6.87     14.35      3.95  0.       -1342.789      -1300.273      -3356.555    0.000   0.000   0.000   0.
  2017 352 23 49 34 503 352.992760451      -6.91     14.25      3.73  0.       -1339.558      -1302.502      -3355.970    0.000   0.000   0.000   0.
  2017 352 23 49 35 503 352.992772025      -6.96     14.18      3.50  0.       -1336.326      -1304.729      -3355.381    0.000   0.000   0.000   0.
  2017 352 23 49 36 502 352.992783600      -6.98     14.06      3.27  0.       -1333.092      -1306.955      -3354.790    0.000   0.000   0.000   0.
  2017 352 23 49 37 502 352.992795174      -6.92     13.93      3.08  0.       -1329.858      -1309.180      -3354.197    0.000   0.000   0.000   0.
  2017 352 23 49 38 503 352.992806748      -6.98     13.95      2.91  0.       -1326.622      -1311.405      -3353.601    0.000   0.000   0.000   0.
  2017 352 23 49 39 503 352.992818322      -7.01     14.02      2.75  0.       -1323.386      -1313.628      -3353.002    0.000   0.000   0.000   0.
  2017 352 23 49 40 503 352.992829896      -7.08     14.04      2.63  0.       -1320.148      -1315.851      -3352.401    0.000   0.000   0.000   0.
  2017 352 23 49 41 503 352.992841470      -7.12     14.01      2.48  0.       -1316.910      -1318.072      -3351.798    0.000   0.000   0.000   0.
  2017 352 23 49 42 503 352.992853044      -7.11     13.95      2.31  0.       -1313.671      -1320.292      -3351.191    0.000   0.000   0.000   0.
  2017 352 23 49 43 502 352.992864618      -7.11     13.79      2.07  0.       -1310.430      -1322.512      -3350.583    0.000   0.000   0.000   0.
  2017 352 23 49 44 502 352.992876192      -7.07     13.69      1.88  0.       -1307.189      -1324.730      -3349.972    0.000   0.000   0.000   0.
  2017 352 23 49 45 502 352.992887766      -6.95     13.49      1.68  0.       -1303.946      -1326.948      -3349.358    0.000   0.000   0.000   0.
  2017 352 23 49 46 502 352.992899340      -6.89     13.26      1.37  0.       -1300.703      -1329.164      -3348.741    0.000   0.000   0.000   0.
  2017 352 23 49 47 502 352.992910914      -6.74     13.01      1.17  0.       -1297.458      -1331.379      -3348.123    0.000   0.000   0.000   0.
  2017 352 23 49 48 503 352.992922488      -6.59     12.69      0.80  0.       -1294.213      -1333.594      -3347.501    0.000   0.000   0.000   0.
  2017 352 23 49 49 503 352.992934062      -6.49     12.50      0.45  0.       -1290.967      -1335.807      -3346.877    0.000   0.000   0.000   0.
  2017 352 23 49 50 502 352.992945637      -6.43     12.27      0.18  0.       -1287.719      -1338.019      -3346.251    0.000   0.000   0.000   0.
  2017 352 23 49 51 503 352.992957211      -6.25     11.86      0.04  0.       -1284.471      -1340.231      -3345.622    0.000   0.000   0.000   0.
  2017 352 23 49 52 503 352.992968785      -6.20     11.71     -0.02  0.       -1281.222      -1342.441      -3344.990    0.000   0.000   0.000   0.
  2017 352 23 49 53 503 352.992980358      -6.21     11.63     -0.12  0.       -1277.971      -1344.650      -3344.356    0.000   0.000   0.000   0.
  2017 352 23 49 54 502 352.992991930      -6.25     11.58     -0.14  0.       -1274.720      -1346.859      -3343.719    0.000   0.000   0.000   0.
  2017 352 23 49 55 502 352.993003504      -6.30     11.53     -0.22  0.       -1271.468      -1349.066      -3343.080    0.000   0.000   0.000   0.
  2017 352 23 49 56 502 352.993015078      -6.40     11.44     -0.16  0.       -1268.214      -1351.272      -3342.438    0.000   0.000   0.000   0.
  2017 352 23 49 57 502 352.993026652      -6.38     11.38     -0.24  0.       -1264.960      -1353.477      -3341.794    0.000   0.000   0.000   0.
  2017 352 23 49 58 502 352.993038226      -6.39     11.30     -0.26  0.       -1261.705      -1355.682      -3341.147    0.000   0.000   0.000   0.
  2017 352 23 49 59 502 352.993049800      -6.34     11.18     -0.32  0.       -1258.449      -1357.885      -3340.497    0.000   0.000   0.000   0.
  2017 352 23 50  0 502 352.993061374      -6.23     11.04     -0.35  0.       -1255.192      -1360.087      -3339.845    0.000   0.000   0.000   0.
  2017 352 23 50  1 502 352.993072948      -6.16     10.89     -0.40  0.       -1251.934      -1362.288      -3339.191    0.000   0.000   0.000   0.
  2017 352 23 50  2 502 352.993084523      -6.09     10.71     -0.57  0.       -1248.675      -1364.488      -3338.533    0.000   0.000   0.000   0.
  2017 352 23 50  3 502 352.993096097      -6.02     10.60     -0.62  0.       -1245.415      -1366.687      -3337.874    0.000   0.000   0.000   0.
  2017 352 23 50  4 502 352.993107671      -5.93     10.44     -0.73  0.       -1242.154      -1368.885      -3337.211    0.000   0.000   0.000   0.
  2017 352 23 50  5 502 352.993119245      -5.83     10.24     -0.84  0.       -1238.892      -1371.082      -3336.546    0.000   0.000   0.000   0.
  2017 352 23 50  6 502 352.993130819      -5.75     10.05     -1.11  0.       -1235.629      -1373.278      -3335.879    0.000   0.000   0.000   0.
  2017 352 23 50  7 502 352.993142393      -5.66      9.87     -1.25  0.       -1232.365      -1375.473      -3335.209    0.000   0.000   0.000   0.
  2017 352 23 50  8 502 352.993153967      -5.47      9.66     -1.42  0.       -1229.101      -1377.667      -3334.536    0.000   0.000   0.000   0.
  2017 352 23 50  9 502 352.993165541      -5.32      9.42     -1.67  0.       -1225.835      -1379.859      -3333.861    0.000   0.000   0.000   0.
  2017 352 23 50 10 502 352.993177115      -5.10      9.06     -1.84  0.       -1222.568      -1382.051      -3333.183    0.000   0.000   0.000   0.
  2017 352 23 50 11 502 352.993188689      -5.02      8.84     -1.77  0.       -1219.301      -1384.242      -3332.503    0.000   0.000   0.000   0.
  2017 352 23 50 12 502 352.993200263      -4.85      8.66     -1.72  0.       -1216.032      -1386.431      -3331.820    0.000   0.000   0.000   0.
  2017 352 23 50 13 502 352.993211837      -4.88      8.66     -1.99  0.       -1212.763      -1388.619      -3331.135    0.000   0.000   0.000   0.
  2017 352 23 50 14 502 352.993223411      -4.87      8.60     -2.43  0.       -1209.492      -1390.807      -3330.447    0.000   0.000   0.000   0.
  2017 352 23 50 15 502 352.993234986      -4.72      8.39     -2.58  0.       -1206.221      -1392.993      -3329.756    0.000   0.000   0.000   0.
  2017 352 23 50 16 502 352.993246560      -4.76      8.41     -2.51  0.       -1202.948      -1395.178      -3329.063    0.000   0.000   0.000   0.
  2017 352 23 50 17 502 352.993258134      -4.74      8.38     -2.62  0.       -1199.675      -1397.363      -3328.367    0.000   0.000   0.000   0.
  2017 352 23 50 18 502 352.993269708      -4.53      8.13     -2.84  0.       -1196.401      -1399.546      -3327.669    0.000   0.000   0.000   0.
  2017 352 23 50 19 502 352.993281282      -4.30      7.85     -2.81  0.       -1193.126      -1401.728      -3326.968    0.000   0.000   0.000   0.
  2017 352 23 50 20 502 352.993292856      -4.18      7.58     -2.93  0.       -1189.850      -1403.909      -3326.264    0.000   0.000   0.000   0.
  2017 352 23 50 21 502 352.993304430      -3.91      7.39     -2.95  0.       -1186.573      -1406.089      -3325.558    0.000   0.000   0.000   0.
  2017 352 23 50 22 502 352.993316004      -3.29      7.23     -2.84  0.       -1183.295      -1408.267      -3324.849    0.000   0.000   0.000   0.
  2017 352 23 50 23 502 352.993327577      -3.15      7.17     -2.85  0.       -1180.016      -1410.445      -3324.138    0.000   0.000   0.000   0.
  2017 352 23 50 24 502 352.993339149      -3.87      6.85     -3.39  0.       -1176.737      -1412.622      -3323.424    0.000   0.000   0.000   0.
  2017 352 23 50 25 502 352.993350723      -4.02      6.63     -3.49  0.       -1173.456      -1414.797      -3322.708    0.000   0.000   0.000   0.
  2017 352 23 50 26 502 352.993362297      -4.25      6.16     -3.49  0.       -1170.174      -1416.971      -3321.988    0.000   0.000   0.000   0.
  2017 352 23 50 27 502 352.993373872      -3.84      5.85     -3.36  0.       -1166.892      -1419.145      -3321.267    0.000   0.000   0.000   0.
  2017 352 23 50 28 502 352.993385446      -3.16      5.47     -3.44  0.       -1163.609      -1421.317      -3320.543    0.000   0.000   0.000   0.
  2017 352 23 50 29 502 352.993397020      -2.85      5.26     -3.50  0.       -1160.324      -1423.488      -3319.816    0.000   0.000   0.000   0.
  2017 352 23 50 30 502 352.993408594      -2.88      5.31     -3.52  0.       -1157.039      -1425.658      -3319.086    0.000   0.000   0.000   0.
  2017 352 23 50 31 502 352.993420168      -2.83      5.14     -3.43  0.       -1153.753      -1427.827      -3318.354    0.000   0.000   0.000   0.
  2017 352 23 50 32 502 352.993431742      -2.75      4.88     -3.46  0.       -1150.466      -1429.995      -3317.619    0.000   0.000   0.000   0.
  2017 352 23 50 33 502 352.993443316      -2.59      4.72     -3.49  0.       -1147.178      -1432.161      -3316.882    0.000   0.000   0.000   0.
  2017 352 23 50 34 502 352.993454890      -2.43      4.49     -3.47  0.       -1143.889      -1434.327      -3316.142    0.000   0.000   0.000   0.
  2017 352 23 50 35 502 352.993466464      -2.29      4.28     -3.53  0.       -1140.600      -1436.491      -3315.400    0.000   0.000   0.000   0.
  2017 352 23 50 36 502 352.993478038      -2.12      4.09     -3.53  0.       -1137.309      -1438.654      -3314.655    0.000   0.000   0.000   0.
  2017 352 23 50 37 502 352.993489612      -2.16      3.80     -3.47  0.       -1134.017      -1440.817      -3313.907    0.000   0.000   0.000   0.
  2017 352 23 50 38 502 352.993501186      -2.25      3.51     -3.41  0.       -1130.725      -1442.978      -3313.157    0.000   0.000   0.000   0.
  2017 352 23 50 39 502 352.993512760      -2.21      3.30     -3.29  0.       -1127.432      -1445.138      -3312.404    0.000   0.000   0.000   0.
  2017 352 23 50 40 502 352.993524335      -2.08      3.07     -3.21  0.       -1124.138      -1447.296      -3311.649    0.000   0.000   0.000   0.
  2017 352 23 50 41 502 352.993535909      -1.94      2.95     -3.09  0.       -1120.843      -1449.454      -3310.891    0.000   0.000   0.000   0.
  2017 352 23 50 42 502 352.993547483      -1.75      2.91     -3.00  0.       -1117.546      -1451.610      -3310.130    0.000   0.000   0.000   0.
  2017 352 23 50 43 502 352.993559057      -1.48      2.95     -2.88  0.       -1114.250      -1453.766      -3309.367    0.000   0.000   0.000   0.
  2017 352 23 50 44 502 352.993570631      -1.26      2.99     -2.73  0.       -1110.952      -1455.920      -3308.601    0.000   0.000   0.000   0.
  2017 352 23 50 45 502 352.993582205      -1.14      3.01     -2.72  0.       -1107.654      -1458.073      -3307.832    0.000   0.000   0.000   0.
  2017 352 23 50 46 502 352.993593779      -1.00      3.03     -2.61  0.       -1104.354      -1460.225      -3307.061    0.000   0.000   0.000   0.
  2017 352 23 50 47 502 352.993605353      -0.92      2.97     -2.59  0.       -1101.054      -1462.376      -3306.287    0.000   0.000   0.000   0.
  2017 352 23 50 48 502 352.993616927      -0.87      2.89     -2.50  0.       -1097.753      -1464.525      -3305.511    0.000   0.000   0.000   0.
  2017 352 23 50 49 502 352.993628501      -0.82      2.85     -2.38  0.       -1094.450      -1466.674      -3304.732    0.000   0.000   0.000   0.
  2017 352 23 50 50 502 352.993640075      -0.67      3.01     -2.37  0.       -1091.147      -1468.821      -3303.950    0.000   0.000   0.000   0.
  2017 352 23 50 51 502 352.993651648      -0.53      3.04     -2.42  0.       -1087.844      -1470.967      -3303.166    0.000   0.000   0.000   0.
  2017 352 23 50 52 502 352.993663221      -0.44      2.85     -2.28  0.       -1084.539      -1473.113      -3302.379    0.000   0.000   0.000   0.
  2017 352 23 50 53 502 352.993674795      -0.43      2.75     -2.13  0.       -1081.233      -1475.256      -3301.589    0.000   0.000   0.000   0.
  2017 352 23 50 54 502 352.993686369      -0.56      2.65     -2.07  0.       -1077.927      -1477.399      -3300.797    0.000   0.000   0.000   0.
  2017 352 23 50 55 502 352.993697943      -0.50      2.42     -1.87  0.       -1074.620      -1479.541      -3300.002    0.000   0.000   0.000   0.
  2017 352 23 50 56 502 352.993709517      -0.34      2.06     -1.75  0.       -1071.312      -1481.681      -3299.205    0.000   0.000   0.000   0.
  2017 352 23 50 57 502 352.993721091      -0.59      1.41     -1.38  0.       -1068.003      -1483.820      -3298.405    0.000   0.000   0.000   0.
  2017 352 23 50 58 502 352.993732665      -0.61      1.28     -1.52  0.       -1064.693      -1485.958      -3297.602    0.000   0.000   0.000   0.
  2017 352 23 50 59 502 352.993744239      -0.77      0.82     -1.49  0.       -1061.382      -1488.095      -3296.797    0.000   0.000   0.000   0.
  2017 352 23 51  0 502 352.993755813      -0.87      0.55     -1.34  0.       -1058.071      -1490.231      -3295.989    0.000   0.000   0.000   0.
  2017 352 23 51  1 502 352.993767387      -0.79      0.29     -1.24  0.       -1054.758      -1492.365      -3295.179    0.000   0.000   0.000   0.
  2017 352 23 51  2 502 352.993778961      -0.90     -0.05     -1.20  0.       -1051.445      -1494.498      -3294.366    0.000   0.000   0.000   0.
  2017 352 23 51  3 502 352.993790535      -1.03     -0.27     -1.17  0.       -1048.131      -1496.630      -3293.550    0.000   0.000   0.000   0.
  2017 352 23 51  4 502 352.993802109      -1.13     -0.51     -0.99  0.       -1044.816      -1498.761      -3292.731    0.000   0.000   0.000   0.
  2017 352 23 51  5 502 352.993813683      -1.18     -0.69     -1.12  0.       -1041.500      -1500.891      -3291.910    0.000   0.000   0.000   0.
  2017 352 23 51  6 502 352.993825258      -1.22     -0.71     -1.12  0.       -1038.184      -1503.020      -3291.087    0.000   0.000   0.000   0.
  2017 352 23 51  7 502 352.993836832      -1.21     -0.61     -1.12  0.       -1034.866      -1505.147      -3290.260    0.000   0.000   0.000   0.
  2017 352 23 51  8 502 352.993848406      -1.18     -0.52     -1.23  0.       -1031.548      -1507.273      -3289.431    0.000   0.000   0.000   0.
  2017 352 23 51  9 502 352.993859980      -1.13     -0.65     -1.27  0.       -1028.229      -1509.398      -3288.600    0.000   0.000   0.000   0.
  2017 352 23 51 10 502 352.993871554      -1.12     -0.60     -1.30  0.       -1024.909      -1511.522      -3287.766    0.000   0.000   0.000   0.
  2017 352 23 51 11 502 352.993883128      -1.14     -0.43     -1.28  0.       -1021.589      -1513.644      -3286.929    0.000   0.000   0.000   0.
  2017 352 23 51 12 502 352.993894702      -1.19     -0.15     -1.22  0.       -1018.267      -1515.765      -3286.089    0.000   0.000   0.000   0.
  2017 352 23 51 13 502 352.993906276      -1.19      0.37     -1.36  0.       -1014.945      -1517.885      -3285.247    0.000   0.000   0.000   0.
  2017 352 23 51 14 502 352.993917850      -1.22      0.59     -1.43  0.       -1011.622      -1520.004      -3284.402    0.000   0.000   0.000   0.
  2017 352 23 51 15 502 352.993929424      -1.14      0.59     -1.35  0.       -1008.298      -1522.122      -3283.555    0.000   0.000   0.000   0.
  2017 352 23 51 16 502 352.993940998      -1.09      0.53     -1.35  0.       -1004.973      -1524.238      -3282.705    0.000   0.000   0.000   0.
  2017 352 23 51 17 502 352.993952572      -1.13      0.52     -1.41  0.       -1001.647      -1526.354      -3281.852    0.000   0.000   0.000   0.
  2017 352 23 51 18 502 352.993964146      -1.08      0.43     -1.44  0.        -998.321      -1528.468      -3280.996    0.000   0.000   0.000   0.
  2017 352 23 51 19 502 352.993975720      -1.13      0.27     -1.39  0.        -994.994      -1530.580      -3280.138    0.000   0.000   0.000   0.
  2017 352 23 51 20 502 352.993987295      -1.04      0.10     -1.29  0.        -991.666      -1532.692      -3279.278    0.000   0.000   0.000   0.
  2017 352 23 51 21 502 352.993998867      -1.00      0.21     -1.27  0.        -988.337      -1534.802      -3278.414    0.000   0.000   0.000   0.
  2017 352 23 51 22 502 352.994010440      -1.12      0.04     -1.24  0.        -985.007      -1536.911      -3277.548    0.000   0.000   0.000   0.
  2017 352 23 51 23 502 352.994022014      -1.27     -0.07     -0.84  0.        -981.677      -1539.019      -3276.680    0.000   0.000   0.000   0.
  2017 352 23 51 24 502 352.994033588      -1.26      0.25     -0.51  0.        -978.345      -1541.126      -3275.808    0.000   0.000   0.000   0.
  2017 352 23 51 25 501 352.994045162      -1.35      0.49     -0.24  0.        -975.013      -1543.231      -3274.934    0.000   0.000   0.000   0.
  2017 352 23 51 26 501 352.994056736      -1.24      0.72     -0.06  0.        -971.680      -1545.335      -3274.058    0.000   0.000   0.000   0.
  2017 352 23 51 27 501 352.994068310      -1.14      0.74     -0.05  0.        -968.347      -1547.438      -3273.178    0.000   0.000   0.000   0.
  2017 352 23 51 28 501 352.994079884      -1.13      0.58     -0.14  0.        -965.013      -1549.540      -3272.297    0.000   0.000   0.000   0.
  2017 352 23 51 29 501 352.994091458      -1.19      0.47     -0.24  0.        -961.677      -1551.640      -3271.412    0.000   0.000   0.000   0.
  2017 352 23 51 30 502 352.994103032      -1.24      0.30     -0.26  0.        -958.341      -1553.739      -3270.525    0.000   0.000   0.000   0.
  2017 352 23 51 31 502 352.994114606      -1.32      0.01     -0.31  0.        -955.005      -1555.837      -3269.635    0.000   0.000   0.000   0.
  2017 352 23 51 32 501 352.994126181      -1.39     -0.30     -0.14  0.        -951.667      -1557.933      -3268.742    0.000   0.000   0.000   0.
  2017 352 23 51 33 501 352.994137755      -1.45     -0.30     -0.12  0.        -948.329      -1560.029      -3267.847    0.000   0.000   0.000   0.
  2017 352 23 51 34 502 352.994149329      -1.58     -0.30     -0.18  0.        -944.990      -1562.123      -3266.949    0.000   0.000   0.000   0.
  2017 352 23 51 35 502 352.994160903      -1.70     -0.29     -0.23  0.        -941.650      -1564.216      -3266.049    0.000   0.000   0.000   0.
  2017 352 23 51 36 502 352.994172477      -1.85     -0.27     -0.37  0.        -938.309      -1566.307      -3265.145    0.000   0.000   0.000   0.
  2017 352 23 51 37 502 352.994184051      -2.16     -0.40     -0.48  0.        -934.968      -1568.398      -3264.239    0.000   0.000   0.000   0.
  2017 352 23 51 38 501 352.994195625      -2.30     -0.66     -0.42  0.        -931.626      -1570.487      -3263.331    0.000   0.000   0.000   0.
  2017 352 23 51 39 501 352.994207199      -2.25     -0.77     -0.02  0.        -928.283      -1572.574      -3262.420    0.000   0.000   0.000   0.
  2017 352 23 51 40 501 352.994218773      -2.18     -0.68      0.19  0.        -924.939      -1574.661      -3261.506    0.000   0.000   0.000   0.
  2017 352 23 51 41 501 352.994230347      -2.02     -0.44      0.27  0.        -921.595      -1576.746      -3260.589    0.000   0.000   0.000   0.
  2017 352 23 51 42 501 352.994241921      -2.04     -0.55     -0.05  0.        -918.250      -1578.830      -3259.670    0.000   0.000   0.000   0.
  2017 352 23 51 43 502 352.994253495      -2.06     -0.74     -0.21  0.        -914.904      -1580.912      -3258.748    0.000   0.000   0.000   0.
  2017 352 23 51 44 502 352.994265069      -2.18     -0.88     -0.20  0.        -911.557      -1582.993      -3257.824    0.000   0.000   0.000   0.
  2017 352 23 51 45 501 352.994276643      -2.34     -0.79     -0.38  0.        -908.210      -1585.073      -3256.896    0.000   0.000   0.000   0.
  2017 352 23 51 46 501 352.994288218      -2.43     -0.54     -0.66  0.        -904.861      -1587.152      -3255.966    0.000   0.000   0.000   0.
  2017 352 23 51 47 502 352.994299792      -2.53     -0.38     -1.02  0.        -901.512      -1589.230      -3255.034    0.000   0.000   0.000   0.
  2017 352 23 51 48 502 352.994311366      -2.36     -0.24     -1.17  0.        -898.163      -1591.306      -3254.099    0.000   0.000   0.000   0.
  2017 352 23 51 49 502 352.994322940      -2.00     -0.04     -1.29  0.        -894.812      -1593.381      -3253.161    0.000   0.000   0.000   0.
  2017 352 23 51 50 502 352.994334514      -1.93      0.11     -1.53  0.        -891.461      -1595.454      -3252.220    0.000   0.000   0.000   0.
  2017 352 23 51 51 502 352.994346088      -1.93      0.31     -1.76  0.        -888.109      -1597.527      -3251.277    0.000   0.000   0.000   0.
  2017 352 23 51 52 501 352.994357662      -1.84      0.29     -1.95  0.        -884.757      -1599.597      -3250.331    0.000   0.000   0.000   0.
  2017 352 23 51 53 501 352.994369235      -1.90      0.13     -2.11  0.        -881.403      -1601.667      -3249.382    0.000   0.000   0.000   0.
  2017 352 23 51 54 501 352.994380807      -1.79      0.21     -2.18  0.        -878.049      -1603.735      -3248.431    0.000   0.000   0.000   0.
  2017 352 23 51 55 501 352.994392381      -1.88      0.42     -2.41  0.        -874.694      -1605.802      -3247.477    0.000   0.000   0.000   0.
  2017 352 23 51 56 501 352.994403955      -2.74      0.26     -2.18  0.        -871.339      -1607.868      -3246.520    0.000   0.000   0.000   0.
  2017 352 23 51 57 501 352.994415529      -3.12      0.11     -2.18  0.        -867.983      -1609.932      -3245.561    0.000   0.000   0.000   0.
  2017 352 23 51 58 501 352.994427104      -3.18     -0.03     -2.03  0.        -864.626      -1611.995      -3244.599    0.000   0.000   0.000   0.
  2017 352 23 51 59 501 352.994438678      -3.06     -0.17     -1.77  0.        -861.268      -1614.057      -3243.634    0.000   0.000   0.000   0.
  2017 352 23 52  0 501 352.994450252      -2.70     -0.29     -1.26  0.        -857.909      -1616.117      -3242.666    0.000   0.000   0.000   0.
  2017 352 23 52  1 501 352.994461826      -2.51     -0.30     -0.90  0.        -854.550      -1618.176      -3241.696    0.000   0.000   0.000   0.
  2017 352 23 52  2 501 352.994473400      -2.23     -0.34     -0.36  0.        -851.191      -1620.234      -3240.723    0.000   0.000   0.000   0.
  2017 352 23 52  3 501 352.994484974      -1.76     -0.21      0.06  0.        -847.830      -1622.290      -3239.748    0.000   0.000   0.000   0.
  2017 352 23 52  4 501 352.994496548      -1.51     -0.16      0.14  0.        -844.469      -1624.345      -3238.770    0.000   0.000   0.000   0.
  2017 352 23 52  5 501 352.994508122      -1.42     -0.16      0.54  0.        -841.107      -1626.399      -3237.789    0.000   0.000   0.000   0.
  2017 352 23 52  6 501 352.994519696      -1.23     -0.13      0.58  0.        -837.744      -1628.451      -3236.805    0.000   0.000   0.000   0.
  2017 352 23 52  7 501 352.994531270      -1.16     -0.02      0.68  0.        -834.381      -1630.502      -3235.819    0.000   0.000   0.000   0.
  2017 352 23 52  8 501 352.994542844      -1.10      0.19      0.81  0.        -831.017      -1632.552      -3234.830    0.000   0.000   0.000   0.
  2017 352 23 52  9 501 352.994554418      -0.84      0.37      0.97  0.        -827.652      -1634.600      -3233.838    0.000   0.000   0.000   0.
  2017 352 23 52 10 501 352.994565992      -0.65      0.59      1.07  0.        -824.287      -1636.647      -3232.844    0.000   0.000   0.000   0.
  2017 352 23 52 11 501 352.994577567      -0.71      0.72      1.31  0.        -820.921      -1638.693      -3231.847    0.000   0.000   0.000   0.
  2017 352 23 52 12 501 352.994589141      -0.88      0.85      1.62  0.        -817.554      -1640.737      -3230.847    0.000   0.000   0.000   0.
  2017 352 23 52 13 501 352.994600715      -1.03      0.72      1.94  0.        -814.186      -1642.780      -3229.845    0.000   0.000   0.000   0.
  2017 352 23 52 14 501 352.994612289      -1.12      0.66      2.10  0.        -810.818      -1644.821      -3228.840    0.000   0.000   0.000   0.
  2017 352 23 52 15 501 352.994623863      -1.19      0.70      2.29  0.        -807.449      -1646.862      -3227.832    0.000   0.000   0.000   0.
  2017 352 23 52 16 501 352.994635437      -1.33      0.68      2.49  0.        -804.080      -1648.900      -3226.822    0.000   0.000   0.000   0.
  2017 352 23 52 17 501 352.994647011      -1.64      0.54      2.55  0.        -800.710      -1650.938      -3225.809    0.000   0.000   0.000   0.
  2017 352 23 52 18 501 352.994658585      -2.01      0.50      2.86  0.        -797.339      -1652.974      -3224.793    0.000   0.000   0.000   0.
  2017 352 23 52 19 501 352.994670159      -2.26      0.44      3.09  0.        -793.967      -1655.008      -3223.774    0.000   0.000   0.000   0.
  2017 352 23 52 20 501 352.994681733      -2.51      0.22      3.24  0.        -790.595      -1657.042      -3222.753    0.000   0.000   0.000   0.
  2017 352 23 52 21 501 352.994693306      -2.76      0.05      3.43  0.        -787.222      -1659.074      -3221.729    0.000   0.000   0.000   0.
  2017 352 23 52 22 501 352.994704879      -2.99     -0.13      3.45  0.        -783.849      -1661.104      -3220.702    0.000   0.000   0.000   0.
  2017 352 23 52 23 501 352.994716452      -3.01     -0.30      3.31  0.        -780.474      -1663.133      -3219.673    0.000   0.000   0.000   0.
  2017 352 23 52 24 501 352.994728027      -3.06     -0.41      3.34  0.        -777.100      -1665.161      -3218.641    0.000   0.000   0.000   0.
  2017 352 23 52 25 501 352.994739601      -3.04     -0.39      3.36  0.        -773.724      -1667.187      -3217.606    0.000   0.000   0.000   0.
  2017 352 23 52 26 501 352.994751175      -3.01     -0.29      3.54  0.        -770.348      -1669.212      -3216.568    0.000   0.000   0.000   0.
  2017 352 23 52 27 501 352.994762749      -3.08     -0.32      3.65  0.        -766.971      -1671.236      -3215.528    0.000   0.000   0.000   0.
  2017 352 23 52 28 501 352.994774323      -3.29     -0.44      3.57  0.        -763.594      -1673.258      -3214.485    0.000   0.000   0.000   0.
  2017 352 23 52 29 501 352.994785897      -3.45     -0.54      3.50  0.        -760.216      -1675.279      -3213.440    0.000   0.000   0.000   0.
  2017 352 23 52 30 501 352.994797471      -3.67     -0.62      3.49  0.        -756.837      -1677.298      -3212.391    0.000   0.000   0.000   0.
  2017 352 23 52 31 501 352.994809045      -3.85     -0.74      3.53  0.        -753.457      -1679.316      -3211.340    0.000   0.000   0.000   0.
  2017 352 23 52 32 501 352.994820619      -4.02     -0.83      3.61  0.        -750.077      -1681.333      -3210.286    0.000   0.000   0.000   0.
  2017 352 23 52 33 501 352.994832193      -4.22     -0.92      3.71  0.        -746.697      -1683.348      -3209.230    0.000   0.000   0.000   0.
  2017 352 23 52 34 501 352.994843767      -4.46     -1.00      3.89  0.        -743.315      -1685.361      -3208.171    0.000   0.000   0.000   0.
  2017 352 23 52 35 501 352.994855341      -4.69     -1.07      4.02  0.        -739.934      -1687.374      -3207.109    0.000   0.000   0.000   0.
  2017 352 23 52 36 501 352.994866916      -4.94     -1.16      4.27  0.        -736.551      -1689.385      -3206.045    0.000   0.000   0.000   0.
  2017 352 23 52 37 501 352.994878490      -5.15     -1.25      4.53  0.        -733.168      -1691.394      -3204.977    0.000   0.000   0.000   0.
  2017 352 23 52 38 501 352.994890064      -5.34     -1.33      4.78  0.        -729.784      -1693.402      -3203.907    0.000   0.000   0.000   0.
  2017 352 23 52 39 501 352.994901638      -5.50     -1.37      4.98  0.        -726.400      -1695.409      -3202.835    0.000   0.000   0.000   0.
  2017 352 23 52 40 501 352.994913212      -5.72     -1.43      5.14  0.        -723.015      -1697.414      -3201.759    0.000   0.000   0.000   0.
  2017 352 23 52 41 501 352.994924786      -5.87     -1.46      5.37  0.        -719.629      -1699.418      -3200.681    0.000   0.000   0.000   0.
  2017 352 23 52 42 501 352.994936360      -6.03     -1.51      5.60  0.        -716.243      -1701.420      -3199.600    0.000   0.000   0.000   0.
  2017 352 23 52 43 501 352.994947934      -6.17     -1.53      5.78  0.        -712.856      -1703.421      -3198.517    0.000   0.000   0.000   0.
  2017 352 23 52 44 501 352.994959508      -6.31     -1.57      6.01  0.        -709.468      -1705.421      -3197.430    0.000   0.000   0.000   0.
  2017 352 23 52 45 501 352.994971082      -6.44     -1.60      6.14  0.        -706.080      -1707.418      -3196.341    0.000   0.000   0.000   0.
  2017 352 23 52 46 501 352.994982656      -6.58     -1.65      6.28  0.        -702.692      -1709.415      -3195.250    0.000   0.000   0.000   0.
  2017 352 23 52 47 501 352.994994230      -6.65     -1.67      6.47  0.        -699.302      -1711.410      -3194.155    0.000   0.000   0.000   0.
  2017 352 23 52 48 501 352.995005804      -6.75     -1.74      6.57  0.        -695.912      -1713.404      -3193.058    0.000   0.000   0.000   0.
  2017 352 23 52 49 501 352.995017379      -6.83     -1.74      6.75  0.        -692.522      -1715.396      -3191.958    0.000   0.000   0.000   0.
  2017 352 23 52 50 501 352.995028952      -6.90     -1.77      6.77  0.        -689.131      -1717.387      -3190.856    0.000   0.000   0.000   0.
  2017 352 23 52 51 501 352.995040526      -7.00     -1.77      6.89  0.        -685.739      -1719.376      -3189.750    0.000   0.000   0.000   0.
  2017 352 23 52 52 501 352.995052098      -7.09     -1.80      7.01  0.        -682.347      -1721.364      -3188.642    0.000   0.000   0.000   0.
  2017 352 23 52 53 501 352.995063672      -7.14     -1.77      7.21  0.        -678.954      -1723.351      -3187.532    0.000   0.000   0.000   0.
  2017 352 23 52 54 501 352.995075246      -7.20     -1.74      7.37  0.        -675.561      -1725.336      -3186.418    0.000   0.000   0.000   0.
  2017 352 23 52 55 501 352.995086820      -7.29     -1.73      7.49  0.        -672.167      -1727.319      -3185.302    0.000   0.000   0.000   0.
  2017 352 23 52 56 501 352.995098394      -7.45     -1.79      7.54  0.        -668.772      -1729.301      -3184.183    0.000   0.000   0.000   0.
  2017 352 23 52 57 501 352.995109968      -7.65     -1.90      7.54  0.        -665.377      -1731.282      -3183.062    0.000   0.000   0.000   0.
  2017 352 23 52 58 501 352.995121542      -7.82     -1.99      7.54  0.        -661.981      -1733.261      -3181.937    0.000   0.000   0.000   0.
  2017 352 23 52 59 501 352.995133116      -7.99     -2.11      7.53  0.        -658.585      -1735.238      -3180.810    0.000   0.000   0.000   0.
  2017 352 23 53  0 501 352.995144690      -8.12     -2.20      7.61  0.        -655.188      -1737.215      -3179.680    0.000   0.000   0.000   0.
  2017 352 23 53  1 501 352.995156264      -8.25     -2.27      7.62  0.        -651.791      -1739.189      -3178.548    0.000   0.000   0.000   0.
  2017 352 23 53  2 501 352.995167839      -8.35     -2.32      7.60  0.        -648.393      -1741.162      -3177.413    0.000   0.000   0.000   0.
  2017 352 23 53  3 501 352.995179413      -8.48     -2.36      7.63  0.        -644.994      -1743.134      -3176.275    0.000   0.000   0.000   0.
  2017 352 23 53  4 501 352.995190987      -8.58     -2.42      7.65  0.        -641.595      -1745.104      -3175.134    0.000   0.000   0.000   0.
  2017 352 23 53  5 501 352.995202561      -8.74     -2.44      7.63  0.        -638.196      -1747.073      -3173.990    0.000   0.000   0.000   0.
  2017 352 23 53  6 501 352.995214135      -8.95     -2.54      7.57  0.        -634.795      -1749.040      -3172.844    0.000   0.000   0.000   0.
  2017 352 23 53  7 501 352.995225709      -9.11     -2.64      7.52  0.        -631.395      -1751.006      -3171.696    0.000   0.000   0.000   0.
  2017 352 23 53  8 501 352.995237283      -9.28     -2.71      7.44  0.        -627.994      -1752.970      -3170.544    0.000   0.000   0.000   0.
  2017 352 23 53  9 501 352.995248857      -9.48     -2.82      7.41  0.        -624.592      -1754.933      -3169.390    0.000   0.000   0.000   0.
  2017 352 23 53 10 501 352.995260431      -9.61     -2.89      7.42  0.        -621.189      -1756.894      -3168.232    0.000   0.000   0.000   0.
  2017 352 23 53 11 501 352.995272005      -9.73     -2.97      7.46  0.        -617.786      -1758.854      -3167.073    0.000   0.000   0.000   0.
  2017 352 23 53 12 501 352.995283579      -9.90     -3.07      7.45  0.        -614.383      -1760.812      -3165.910    0.000   0.000   0.000   0.
  2017 352 23 53 13 501 352.995295153     -10.04     -3.15      7.43  0.        -610.979      -1762.769      -3164.745    0.000   0.000   0.000   0.
  2017 352 23 53 14 501 352.995306727     -10.13     -3.23      7.42  0.        -607.574      -1764.724      -3163.577    0.000   0.000   0.000   0.
  2017 352 23 53 15 501 352.995318302     -10.00     -3.36      7.65  0.        -604.169      -1766.678      -3162.406    0.000   0.000   0.000   0.
  2017 352 23 53 16 501 352.995329876     -10.01     -3.53      7.98  0.        -600.764      -1768.630      -3161.233    0.000   0.000   0.000   0.
  2017 352 23 53 17 501 352.995341450     -10.26     -3.65      7.97  0.        -597.358      -1770.580      -3160.057    0.000   0.000   0.000   0.
  2017 352 23 53 18 501 352.995353024     -10.46     -3.72      7.90  0.        -593.951      -1772.530      -3158.878    0.000   0.000   0.000   0.
  2017 352 23 53 19 501 352.995364598     -10.66     -3.75      7.80  0.        -590.544      -1774.477      -3157.696    0.000   0.000   0.000   0.
  2017 352 23 53 20 501 352.995376172     -10.84     -3.81      7.71  0.        -587.137      -1776.423      -3156.512    0.000   0.000   0.000   0.
  2017 352 23 53 21 500 352.995387745     -10.99     -3.89      7.64  0.        -583.728      -1778.368      -3155.325    0.000   0.000   0.000   0.
  2017 352 23 53 22 500 352.995399317     -11.11     -3.92      7.61  0.        -580.320      -1780.311      -3154.135    0.000   0.000   0.000   0.
  2017 352 23 53 23 500 352.995410891     -11.24     -3.97      7.53  0.        -576.911      -1782.252      -3152.942    0.000   0.000   0.000   0.
  2017 352 23 53 24 500 352.995422465     -11.38     -3.98      7.50  0.        -573.501      -1784.192      -3151.747    0.000   0.000   0.000   0.
  2017 352 23 53 25 500 352.995434039     -11.47     -4.02      7.45  0.        -570.091      -1786.130      -3150.549    0.000   0.000   0.000   0.
  2017 352 23 53 26 501 352.995445613     -11.57     -4.04      7.36  0.        -566.680      -1788.067      -3149.348    0.000   0.000   0.000   0.
  2017 352 23 53 27 500 352.995457187     -11.69     -4.05      7.22  0.        -563.269      -1790.003      -3148.145    0.000   0.000   0.000   0.
  2017 352 23 53 28 500 352.995468762     -11.80     -4.08      7.12  0.        -559.857      -1791.936      -3146.939    0.000   0.000   0.000   0.
  2017 352 23 53 29 500 352.995480336     -11.86     -4.05      7.08  0.        -556.445      -1793.869      -3145.730    0.000   0.000   0.000   0.
  2017 352 23 53 30 501 352.995491910     -11.91     -4.04      7.00  0.        -553.033      -1795.799      -3144.518    0.000   0.000   0.000   0.
  2017 352 23 53 31 501 352.995503484     -11.97     -4.06      6.96  0.        -549.619      -1797.728      -3143.303    0.000   0.000   0.000   0.
  2017 352 23 53 32 501 352.995515058     -12.02     -4.05      6.91  0.        -546.206      -1799.656      -3142.086    0.000   0.000   0.000   0.
  2017 352 23 53 33 501 352.995526632     -12.05     -4.04      6.89  0.        -542.792      -1801.582      -3140.866    0.000   0.000   0.000   0.
  2017 352 23 53 34 500 352.995538206     -12.08     -4.03      6.79  0.        -539.377      -1803.507      -3139.644    0.000   0.000   0.000   0.
  2017 352 23 53 35 500 352.995549780     -12.09     -3.99      6.74  0.        -535.962      -1805.429      -3138.418    0.000   0.000   0.000   0.
  2017 352 23 53 36 500 352.995561354     -12.13     -3.99      6.75  0.        -532.547      -1807.351      -3137.190    0.000   0.000   0.000   0.
  2017 352 23 53 37 500 352.995572928     -12.17     -4.00      6.69  0.        -529.131      -1809.271      -3135.959    0.000   0.000   0.000   0.
  2017 352 23 53 38 500 352.995584502     -12.17     -3.98      6.65  0.        -525.714      -1811.189      -3134.726    0.000   0.000   0.000   0.
  2017 352 23 53 39 501 352.995596076     -12.14     -3.98      6.65  0.        -522.298      -1813.105      -3133.489    0.000   0.000   0.000   0.
  2017 352 23 53 40 501 352.995607650     -12.11     -3.99      6.58  0.        -518.880      -1815.020      -3132.250    0.000   0.000   0.000   0.
  2017 352 23 53 41 500 352.995619225     -12.07     -3.99      6.59  0.        -515.462      -1816.934      -3131.008    0.000   0.000   0.000   0.
  2017 352 23 53 42 500 352.995630799     -12.04     -4.00      6.53  0.        -512.044      -1818.845      -3129.764    0.000   0.000   0.000   0.
  2017 352 23 53 43 501 352.995642373     -12.00     -4.00      6.53  0.        -508.625      -1820.756      -3128.516    0.000   0.000   0.000   0.
  2017 352 23 53 44 501 352.995653947     -11.95     -3.96      6.53  0.        -505.206      -1822.664      -3127.266    0.000   0.000   0.000   0.
  2017 352 23 53 45 501 352.995665521     -11.91     -3.94      6.50  0.        -501.787      -1824.572      -3126.014    0.000   0.000   0.000   0.
  2017 352 23 53 46 501 352.995677095     -11.85     -3.93      6.48  0.        -498.367      -1826.477      -3124.758    0.000   0.000   0.000   0.
  2017 352 23 53 47 501 352.995688669     -11.78     -3.87      6.47  0.        -494.946      -1828.381      -3123.500    0.000   0.000   0.000   0.
  2017 352 23 53 48 500 352.995700243     -11.73     -3.85      6.49  0.        -491.525      -1830.283      -3122.239    0.000   0.000   0.000   0.
  2017 352 23 53 49 500 352.995711817     -11.67     -3.80      6.46  0.        -488.104      -1832.184      -3120.975    0.000   0.000   0.000   0.
  2017 352 23 53 50 500 352.995723391     -11.61     -3.76      6.44  0.        -484.682      -1834.083      -3119.708    0.000   0.000   0.000   0.
  2017 352 23 53 51 500 352.995734964     -11.56     -3.75      6.38  0.        -481.260      -1835.981      -3118.439    0.000   0.000   0.000   0.
  2017 352 23 53 52 500 352.995746536     -11.53     -3.74      6.41  0.        -477.837      -1837.877      -3117.167    0.000   0.000   0.000   0.
  2017 352 23 53 53 500 352.995758111     -11.47     -3.72      6.36  0.        -474.414      -1839.771      -3115.892    0.000   0.000   0.000   0.
  2017 352 23 53 54 500 352.995769685     -11.43     -3.67      6.38  0.        -470.991      -1841.664      -3114.615    0.000   0.000   0.000   0.
  2017 352 23 53 55 500 352.995781259     -11.39     -3.66      6.35  0.        -467.566      -1843.555      -3113.335    0.000   0.000   0.000   0.
  2017 352 23 53 56 500 352.995792833     -11.36     -3.65      6.38  0.        -464.143      -1845.444      -3112.052    0.000   0.000   0.000   0.
  2017 352 23 53 57 500 352.995804407     -11.34     -3.62      6.38  0.        -460.718      -1847.332      -3110.766    0.000   0.000   0.000   0.
  2017 352 23 53 58 500 352.995815981     -11.32     -3.60      6.40  0.        -457.293      -1849.218      -3109.478    0.000   0.000   0.000   0.
  2017 352 23 53 59 500 352.995827555     -11.32     -3.58      6.43  0.        -453.867      -1851.103      -3108.186    0.000   0.000   0.000   0.
  2017 352 23 54  0 500 352.995839129     -11.33     -3.55      6.49  0.        -450.441      -1852.986      -3106.892    0.000   0.000   0.000   0.
  2017 352 23 54  1 500 352.995850703     -11.36     -3.54      6.42  0.        -447.015      -1854.867      -3105.596    0.000   0.000   0.000   0.
  2017 352 23 54  2 500 352.995862277     -11.41     -3.52      6.42  0.        -443.588      -1856.747      -3104.296    0.000   0.000   0.000   0.
  2017 352 23 54  3 500 352.995873851     -11.43     -3.51      6.40  0.        -440.161      -1858.625      -3102.994    0.000   0.000   0.000   0.
  2017 352 23 54  4 500 352.995885425     -11.47     -3.48      6.32  0.        -436.733      -1860.502      -3101.689    0.000   0.000   0.000   0.
  2017 352 23 54  5 500 352.995896999     -11.48     -3.45      6.26  0.        -433.306      -1862.376      -3100.382    0.000   0.000   0.000   0.
  2017 352 23 54  6 500 352.995908573     -11.51     -3.42      6.20  0.        -429.877      -1864.250      -3099.071    0.000   0.000   0.000   0.
  2017 352 23 54  7 500 352.995920148     -11.57     -3.42      6.13  0.        -426.449      -1866.121      -3097.758    0.000   0.000   0.000   0.
  2017 352 23 54  8 500 352.995931722     -11.60     -3.39      5.97  0.        -423.019      -1867.991      -3096.442    0.000   0.000   0.000   0.
  2017 352 23 54  9 500 352.995943296     -11.67     -3.42      5.78  0.        -419.590      -1869.859      -3095.123    0.000   0.000   0.000   0.
  2017 352 23 54 10 500 352.995954870     -11.71     -3.40      5.57  0.        -416.160      -1871.726      -3093.802    0.000   0.000   0.000   0.
  2017 352 23 54 11 500 352.995966444     -11.75     -3.40      5.39  0.        -412.730      -1873.591      -3092.478    0.000   0.000   0.000   0.
  2017 352 23 54 12 500 352.995978018     -11.79     -3.37      5.26  0.        -409.299      -1875.454      -3091.151    0.000   0.000   0.000   0.
  2017 352 23 54 13 500 352.995989592     -11.83     -3.32      5.20  0.        -405.868      -1877.316      -3089.821    0.000   0.000   0.000   0.
  2017 352 23 54 14 500 352.996001166     -11.91     -3.24      5.15  0.        -402.437      -1879.176      -3088.489    0.000   0.000   0.000   0.
  2017 352 23 54 15 500 352.996012740     -11.96     -3.12      5.16  0.        -399.005      -1881.034      -3087.154    0.000   0.000   0.000   0.
  2017 352 23 54 16 500 352.996024314     -12.00     -3.05      5.21  0.        -395.573      -1882.891      -3085.816    0.000   0.000   0.000   0.
  2017 352 23 54 17 500 352.996035888     -12.02     -2.97      5.20  0.        -392.141      -1884.746      -3084.475    0.000   0.000   0.000   0.
  2017 352 23 54 18 500 352.996047462     -12.03     -2.86      5.34  0.        -388.708      -1886.599      -3083.132    0.000   0.000   0.000   0.
  2017 352 23 54 19 500 352.996059035     -12.00     -2.71      5.48  0.        -385.275      -1888.451      -3081.786    0.000   0.000   0.000   0.
  2017 352 23 54 20 500 352.996070608     -11.99     -2.59      5.61  0.        -381.842      -1890.301      -3080.437    0.000   0.000   0.000   0.
  2017 352 23 54 21 500 352.996082182     -11.95     -2.50      5.73  0.        -378.408      -1892.149      -3079.085    0.000   0.000   0.000   0.
  2017 352 23 54 22 500 352.996093756     -11.94     -2.35      5.91  0.        -374.974      -1893.996      -3077.731    0.000   0.000   0.000   0.
  2017 352 23 54 23 500 352.996105330     -11.94     -2.23      6.07  0.        -371.539      -1895.841      -3076.374    0.000   0.000   0.000   0.
  2017 352 23 54 24 500 352.996116904     -11.94     -2.09      6.22  0.        -368.105      -1897.684      -3075.014    0.000   0.000   0.000   0.
  2017 352 23 54 25 500 352.996128478     -11.97     -1.98      6.30  0.        -364.669      -1899.526      -3073.652    0.000   0.000   0.000   0.
  2017 352 23 54 26 500 352.996140052     -12.02     -1.85      6.45  0.        -361.234      -1901.365      -3072.286    0.000   0.000   0.000   0.
  2017 352 23 54 27 500 352.996151626     -12.04     -1.75      6.54  0.        -357.798      -1903.204      -3070.918    0.000   0.000   0.000   0.
  2017 352 23 54 28 500 352.996163200     -12.12     -1.63      6.58  0.        -354.362      -1905.040      -3069.547    0.000   0.000   0.000   0.
  2017 352 23 54 29 500 352.996174774     -12.19     -1.56      6.62  0.        -350.926      -1906.875      -3068.174    0.000   0.000   0.000   0.
  2017 352 23 54 30 500 352.996186348     -12.31     -1.51      6.70  0.        -347.489      -1908.708      -3066.797    0.000   0.000   0.000   0.
  2017 352 23 54 31 500 352.996197922     -12.42     -1.48      6.76  0.        -344.052      -1910.539      -3065.418    0.000   0.000   0.000   0.
  2017 352 23 54 32 500 352.996209497     -12.52     -1.46      6.82  0.        -340.615      -1912.369      -3064.037    0.000   0.000   0.000   0.
  2017 352 23 54 33 500 352.996221071     -12.66     -1.46      6.87  0.        -337.177      -1914.197      -3062.652    0.000   0.000   0.000   0.
  2017 352 23 54 34 500 352.996232645     -12.81     -1.51      6.93  0.        -333.739      -1916.024      -3061.265    0.000   0.000   0.000   0.
  2017 352 23 54 35 500 352.996244219     -12.90     -1.46      7.00  0.        -330.301      -1917.848      -3059.874    0.000   0.000   0.000   0.
  2017 352 23 54 36 500 352.996255793     -13.01     -1.46      7.09  0.        -326.862      -1919.671      -3058.482    0.000   0.000   0.000   0.
  2017 352 23 54 37 500 352.996267367     -13.07     -1.45      7.15  0.        -323.423      -1921.492      -3057.086    0.000   0.000   0.000   0.
  2017 352 23 54 38 500 352.996278941     -13.11     -1.47      7.08  0.        -319.984      -1923.312      -3055.688    0.000   0.000   0.000   0.
  2017 352 23 54 39 500 352.996290515     -13.15     -1.48      7.09  0.        -316.545      -1925.129      -3054.287    0.000   0.000   0.000   0.
  2017 352 23 54 40 500 352.996302089     -13.16     -1.50      7.08  0.        -313.105      -1926.945      -3052.883    0.000   0.000   0.000   0.
  2017 352 23 54 41 500 352.996313663     -13.18     -1.56      7.05  0.        -309.665      -1928.760      -3051.477    0.000   0.000   0.000   0.
  2017 352 23 54 42 500 352.996325237     -13.19     -1.61      7.01  0.        -306.224      -1930.572      -3050.067    0.000   0.000   0.000   0.
  2017 352 23 54 43 500 352.996336811     -13.15     -1.62      7.04  0.        -302.784      -1932.383      -3048.655    0.000   0.000   0.000   0.
  2017 352 23 54 44 500 352.996348385     -13.11     -1.68      7.05  0.        -299.343      -1934.192      -3047.240    0.000   0.000   0.000   0.
  2017 352 23 54 45 500 352.996359959     -13.10     -1.87      7.07  0.        -295.902      -1936.000      -3045.823    0.000   0.000   0.000   0.
  2017 352 23 54 46 500 352.996371534     -13.16     -2.00      7.04  0.        -292.460      -1937.805      -3044.403    0.000   0.000   0.000   0.
  2017 352 23 54 47 500 352.996383108     -13.22     -2.06      6.88  0.        -289.019      -1939.609      -3042.979    0.000   0.000   0.000   0.
  2017 352 23 54 48 500 352.996394682     -13.20     -1.76      6.67  0.        -285.577      -1941.411      -3041.554    0.000   0.000   0.000   0.
  2017 352 23 54 49 500 352.996406255     -13.11     -1.51      6.45  0.        -282.135      -1943.212      -3040.125    0.000   0.000   0.000   0.
  2017 352 23 54 50 500 352.996417827     -13.20     -1.44      6.29  0.        -278.692      -1945.010      -3038.694    0.000   0.000   0.000   0.
  2017 352 23 54 51 500 352.996429401     -13.32     -1.32      6.14  0.        -275.249      -1946.807      -3037.260    0.000   0.000   0.000   0.
  2017 352 23 54 52 500 352.996440975     -13.37     -1.19      6.02  0.        -271.806      -1948.602      -3035.823    0.000   0.000   0.000   0.
  2017 352 23 54 53 500 352.996452549     -13.43     -1.14      5.86  0.        -268.363      -1950.396      -3034.384    0.000   0.000   0.000   0.
  2017 352 23 54 54 500 352.996464123     -13.44     -1.07      5.75  0.        -264.919      -1952.188      -3032.941    0.000   0.000   0.000   0.
  2017 352 23 54 55 500 352.996475697     -13.53     -0.97      5.56  0.        -261.476      -1953.977      -3031.496    0.000   0.000   0.000   0.
  2017 352 23 54 56 500 352.996487271     -13.57     -0.85      5.31  0.        -258.032      -1955.766      -3030.049    0.000   0.000   0.000   0.
  2017 352 23 54 57 500 352.996498845     -13.65     -0.70      5.12  0.        -254.588      -1957.552      -3028.598    0.000   0.000   0.000   0.
  2017 352 23 54 58 500 352.996510420     -13.68     -0.53      4.86  0.        -251.143      -1959.336      -3027.145    0.000   0.000   0.000   0.
  2017 352 23 54 59 500 352.996521994     -13.66     -0.39      4.58  0.        -247.699      -1961.119      -3025.689    0.000   0.000   0.000   0.
  2017 352 23 55  0 500 352.996533568     -13.78     -0.26      4.27  0.        -244.254      -1962.900      -3024.230    0.000   0.000   0.000   0.
  2017 352 23 55  1 500 352.996545142     -13.87     -0.25      4.09  0.        -240.808      -1964.680      -3022.769    0.000   0.000   0.000   0.
  2017 352 23 55  2 500 352.996556716     -13.94     -0.13      3.83  0.        -237.363      -1966.457      -3021.305    0.000   0.000   0.000   0.
  2017 352 23 55  3 500 352.996568290     -13.99     -0.04      3.47  0.        -233.918      -1968.233      -3019.838    0.000   0.000   0.000   0.
  2017 352 23 55  4 500 352.996579864     -14.04      0.05      3.12  0.        -230.472      -1970.007      -3018.368    0.000   0.000   0.000   0.
  2017 352 23 55  5 500 352.996591438     -14.08      0.24      2.81  0.        -227.026      -1971.779      -3016.896    0.000   0.000   0.000   0.
  2017 352 23 55  6 500 352.996603012     -14.12      0.44      2.55  0.        -223.580      -1973.550      -3015.420    0.000   0.000   0.000   0.
  2017 352 23 55  7 500 352.996614586     -14.24      0.64      2.33  0.        -220.133      -1975.318      -3013.942    0.000   0.000   0.000   0.
  2017 352 23 55  8 500 352.996626160     -14.27      0.95      2.15  0.        -216.686      -1977.085      -3012.462    0.000   0.000   0.000   0.
  2017 352 23 55  9 500 352.996637734     -14.25      1.30      1.95  0.        -213.240      -1978.850      -3010.978    0.000   0.000   0.000   0.
  2017 352 23 55 10 500 352.996649308     -14.17      1.83      1.66  0.        -209.793      -1980.614      -3009.492    0.000   0.000   0.000   0.
  2017 352 23 55 11 500 352.996660883     -13.59      2.70      1.16  0.        -206.345      -1982.375      -3008.003    0.000   0.000   0.000   0.
  2017 352 23 55 12 500 352.996672457     -13.30      2.43      0.98  0.        -202.898      -1984.135      -3006.512    0.000   0.000   0.000   0.
  2017 352 23 55 13 500 352.996684031     -13.31      2.05      0.81  0.        -199.450      -1985.893      -3005.017    0.000   0.000   0.000   0.
  2017 352 23 55 14 500 352.996695605     -13.22      1.75      0.68  0.        -196.003      -1987.649      -3003.520    0.000   0.000   0.000   0.
  2017 352 23 55 15 500 352.996707179     -13.03      1.52      0.50  0.        -192.555      -1989.403      -3002.020    0.000   0.000   0.000   0.
  2017 352 23 55 16 500 352.996718753     -12.90      1.42      0.37  0.        -189.106      -1991.155      -3000.517    0.000   0.000   0.000   0.
  2017 352 23 55 17 500 352.996730327     -12.79      1.30      0.25  0.        -185.658      -1992.906      -2999.012    0.000   0.000   0.000   0.
  2017 352 23 55 18 500 352.996741901     -12.68      1.20      0.13  0.        -182.210      -1994.655      -2997.504    0.000   0.000   0.000   0.
  2017 352 23 55 19 500 352.996753475     -12.60      1.24      0.02  0.        -178.761      -1996.402      -2995.993    0.000   0.000   0.000   0.
  2017 352 23 55 20 500 352.996765049     -12.60      1.38     -0.11  0.        -175.312      -1998.147      -2994.480    0.000   0.000   0.000   0.
  2017 352 23 55 21 500 352.996776622     -12.65      1.56     -0.16  0.        -171.863      -1999.891      -2992.964    0.000   0.000   0.000   0.
  2017 352 23 55 22 500 352.996788194     -12.73      1.65     -0.21  0.        -168.414      -2001.632      -2991.444    0.000   0.000   0.000   0.
  2017 352 23 55 23 499 352.996799768     -12.82      1.74     -0.22  0.        -164.965      -2003.372      -2989.923    0.000   0.000   0.000   0.
  2017 352 23 55 24 499 352.996811343     -12.91      1.81     -0.28  0.        -161.515      -2005.110      -2988.398    0.000   0.000   0.000   0.
  2017 352 23 55 25 500 352.996822917     -13.01      1.85     -0.37  0.        -158.066      -2006.846      -2986.871    0.000   0.000   0.000   0.
  2017 352 23 55 26 500 352.996834491     -13.11      1.90     -0.43  0.        -154.616      -2008.580      -2985.341    0.000   0.000   0.000   0.
  2017 352 23 55 27 500 352.996846065     -13.22      2.01     -0.47  0.        -151.166      -2010.313      -2983.808    0.000   0.000   0.000   0.
  2017 352 23 55 28 500 352.996857639     -13.30      2.08     -0.52  0.        -147.716      -2012.043      -2982.273    0.000   0.000   0.000   0.
  2017 352 23 55 29 500 352.996869213     -13.42      2.16     -0.58  0.        -144.266      -2013.772      -2980.735    0.000   0.000   0.000   0.
  2017 352 23 55 30 499 352.996880787     -13.56      2.25     -0.64  0.        -140.815      -2015.499      -2979.194    0.000   0.000   0.000   0.
  2017 352 23 55 31 499 352.996892361     -13.63      2.34     -0.72  0.        -137.365      -2017.224      -2977.650    0.000   0.000   0.000   0.
  2017 352 23 55 32 499 352.996903935     -13.76      2.46     -0.80  0.        -133.914      -2018.947      -2976.104    0.000   0.000   0.000   0.
  2017 352 23 55 33 499 352.996915509     -13.88      2.53     -0.89  0.        -130.463      -2020.669      -2974.554    0.000   0.000   0.000   0.
  2017 352 23 55 34 499 352.996927083     -13.99      2.66     -0.98  0.        -127.013      -2022.388      -2973.002    0.000   0.000   0.000   0.
  2017 352 23 55 35 500 352.996938657     -14.10      2.75     -1.10  0.        -123.561      -2024.106      -2971.448    0.000   0.000   0.000   0.
  2017 352 23 55 36 500 352.996950231     -14.23      2.85     -1.12  0.        -120.110      -2025.822      -2969.890    0.000   0.000   0.000   0.
  2017 352 23 55 37 499 352.996961806     -14.32      2.97     -1.23  0.        -116.659      -2027.536      -2968.330    0.000   0.000   0.000   0.
  2017 352 23 55 38 499 352.996973380     -14.39      3.07     -1.32  0.        -113.208      -2029.248      -2966.767    0.000   0.000   0.000   0.
  2017 352 23 55 39 500 352.996984954     -14.48      3.18     -1.48  0.        -109.756      -2030.959      -2965.202    0.000   0.000   0.000   0.
  2017 352 23 55 40 500 352.996996528     -14.57      3.26     -1.70  0.        -106.305      -2032.667      -2963.634    0.000   0.000   0.001   0.
  2017 352 23 55 41 500 352.997008102     -14.65      3.34     -1.89  0.        -102.853      -2034.374      -2962.063    0.000   0.000   0.001   0.
  2017 352 23 55 42 500 352.997019676     -14.71      3.43     -2.04  0.         -99.401      -2036.078      -2960.489    0.000   0.000   0.001   0.
  2017 352 23 55 43 499 352.997031250     -14.79      3.49     -2.21  0.         -95.950      -2037.781      -2958.912    0.000   0.000   0.001   0.
  2017 352 23 55 44 499 352.997042824     -14.87      3.54     -2.44  0.         -92.498      -2039.482      -2957.333    0.000   0.000   0.001   0.
  2017 352 23 55 45 499 352.997054398     -14.94      3.53     -2.73  0.         -89.046      -2041.181      -2955.751    0.000   0.000   0.001   0.
  2017 352 23 55 46 499 352.997065972     -15.02      3.52     -3.00  0.         -85.594      -2042.878      -2954.167    0.000   0.000   0.001   0.
  2017 352 23 55 47 499 352.997077546     -15.09      3.48     -3.41  0.         -82.141      -2044.574      -2952.579    0.000   0.000   0.001   0.
  2017 352 23 55 48 500 352.997089120     -15.20      3.39     -3.79  0.         -78.689      -2046.267      -2950.989    0.000   0.000   0.001   0.
  2017 352 23 55 49 500 352.997100693     -15.26      3.31     -4.22  0.         -75.237      -2047.959      -2949.396    0.000   0.000   0.001   0.
  2017 352 23 55 50 499 352.997112266     -15.30      3.22     -4.66  0.         -71.784      -2049.649      -2947.800    0.000   0.000   0.001   0.
  2017 352 23 55 51 499 352.997123840     -15.34      3.20     -4.97  0.         -68.332      -2051.336      -2946.202    0.000  -0.000   0.001   0.
  2017 352 23 55 52 499 352.997135414     -15.41      3.14     -5.40  0.         -64.879      -2053.022      -2944.601    0.000  -0.001   0.002   0.
  2017 352 23 55 53 499 352.997146988     -15.43      3.10     -5.86  0.         -61.427      -2054.706      -2942.997    0.000  -0.001   0.002   0.
  2017 352 23 55 54 499 352.997158562     -15.47      3.09     -6.29  0.         -57.974      -2056.389      -2941.391    0.000  -0.001   0.002   0.
  2017 352 23 55 55 499 352.997170136     -15.46      3.15     -6.77  0.         -54.521      -2058.069      -2939.782    0.000  -0.001   0.002   0.
  2017 352 23 55 56 499 352.997181710     -15.48      3.19     -7.20  0.         -51.068      -2059.747      -2938.170    0.000  -0.001   0.002   0.
  2017 352 23 55 57 499 352.997193284     -15.50      3.22     -7.67  0.         -47.615      -2061.424      -2936.555    0.000  -0.001   0.002   0.
  2017 352 23 55 58 499 352.997204858     -15.50      3.26     -8.16  0.         -44.162      -2063.098      -2934.938    0.000  -0.001   0.002   0.
  2017 352 23 55 59 499 352.997216432     -15.52      3.33     -8.60  0.         -40.710      -2064.771      -2933.317    0.000  -0.001   0.002   0.
  2017 352 23 56  0 499 352.997228006     -15.54      3.40     -9.10  0.         -37.257      -2066.442      -2931.695    0.000  -0.001   0.002   0.
  2017 352 23 56  1 499 352.997239580     -15.56      3.46     -9.53  0.         -33.803      -2068.110      -2930.069    0.000  -0.001   0.002   0.
  2017 352 23 56  2 499 352.997251154     -15.58      3.53     -9.98  0.         -30.350      -2069.777      -2928.441    0.000  -0.001   0.002   0.
  2017 352 23 56  3 499 352.997262729     -15.60      3.60    -10.45  0.         -26.897      -2071.442      -2926.810    0.000  -0.001   0.002   0.
  2017 352 23 56  4 499 352.997274303     -15.62      3.65    -10.98  0.         -23.444      -2073.105      -2925.176    0.000  -0.001   0.002   0.
  2017 352 23 56  5 499 352.997285877     -15.63      3.72    -11.46  0.         -19.991      -2074.767      -2923.539    0.000  -0.001   0.002   0.
  2017 352 23 56  6 499 352.997297451     -15.64      3.77    -11.90  0.         -16.538      -2076.426      -2921.900    0.000  -0.001   0.003   0.
  2017 352 23 56  7 499 352.997309025     -15.64      3.79    -12.43  0.         -13.085      -2078.083      -2920.258    0.000  -0.001   0.003   0.
  2017 352 23 56  8 499 352.997320599     -15.65      3.76    -13.05  0.          -9.631      -2079.739      -2918.614    0.000  -0.001   0.003   0.
  2017 352 23 56  9 499 352.997332173     -15.62      3.79    -13.59  0.          -6.178      -2081.392      -2916.966    0.000  -0.001   0.003   0.
  2017 352 23 56 10 499 352.997343747     -15.61      3.78    -14.22  0.          -2.725      -2083.044      -2915.316    0.000  -0.001   0.003   0.
  2017 352 23 56 11 499 352.997355321     -15.57      3.68    -14.87  0.           0.728      -2084.693      -2913.664    0.000  -0.001   0.003   0.
  2017 352 23 56 12 499 352.997366895     -15.55      3.60    -15.55  0.           4.182      -2086.341      -2912.008    0.000  -0.001   0.004   0.
  2017 352 23 56 13 499 352.997378469     -15.52      3.48    -16.23  0.           7.635      -2087.987      -2910.350    0.000  -0.001   0.004   0.
  2017 352 23 56 14 499 352.997390043     -15.45      3.33    -16.96  0.          11.088      -2089.631      -2908.689    0.000  -0.001   0.004   0.
  2017 352 23 56 15 499 352.997401617     -15.39      3.15    -17.74  0.          14.541      -2091.273      -2907.026    0.000  -0.001   0.004   0.
  2017 352 23 56 16 499 352.997413192     -15.30      2.89    -18.57  0.          17.995      -2092.913      -2905.359    0.000  -0.001   0.004   0.
  2017 352 23 56 17 499 352.997424766     -15.20      2.59    -19.35  0.          21.448      -2094.551      -2903.690    0.000  -0.001   0.004   0.
  2017 352 23 56 18 499 352.997436340     -15.05      2.27    -20.13  0.          24.901      -2096.187      -2902.018    0.000  -0.001   0.004   0.
  2017 352 23 56 19 499 352.997447913     -14.85      1.94    -20.88  0.          28.354      -2097.821      -2900.344    0.000  -0.001   0.004   0.
  2017 352 23 56 20 499 352.997459485     -14.67      1.52    -21.70  0.          31.808      -2099.453      -2898.667    0.000  -0.002   0.005   0.
  2017 352 23 56 21 499 352.997471059     -14.42      1.10    -22.48  0.          35.261      -2101.083      -2896.987    0.000  -0.002   0.005   0.
  2017 352 23 56 22 499 352.997482633     -14.16      0.65    -23.24  0.          38.714      -2102.712      -2895.304    0.000  -0.002   0.005   0.
  2017 352 23 56 23 499 352.997494207     -13.83      0.22    -23.98  0.          42.167      -2104.338      -2893.619    0.000  -0.002   0.005   0.
  2017 352 23 56 24 499 352.997505781     -13.48     -0.24    -24.72  0.          45.620      -2105.962      -2891.931    0.000  -0.002   0.005   0.
  2017 352 23 56 25 499 352.997517355     -13.09     -0.69    -25.41  0.          49.073      -2107.585      -2890.240    0.000  -0.002   0.005   0.
  2017 352 23 56 26 499 352.997528929     -12.71     -1.12    -26.08  0.          52.526      -2109.205      -2888.546    0.000  -0.002   0.005   0.
  2017 352 23 56 27 499 352.997540504     -12.28     -1.49    -26.69  0.          55.979      -2110.823      -2886.850    0.000  -0.002   0.005   0.
  2017 352 23 56 28 499 352.997552078     -11.82     -1.90    -27.29  0.          59.432      -2112.440      -2885.151    0.000  -0.002   0.005   0.
  2017 352 23 56 29 499 352.997563652     -11.32     -2.31    -27.84  0.          62.885      -2114.054      -2883.450    0.000  -0.002   0.005   0.
  2017 352 23 56 30 499 352.997575226     -10.79     -2.74    -28.36  0.          66.338      -2115.667      -2881.746    0.000  -0.002   0.006   0.
  2017 352 23 56 31 499 352.997586800     -10.22     -3.16    -28.82  0.          69.790      -2117.278      -2880.039    0.000  -0.002   0.006   0.
  2017 352 23 56 32 499 352.997598374      -9.60     -3.62    -29.28  0.          73.243      -2118.886      -2878.329    0.000  -0.002   0.006   0.
  2017 352 23 56 33 499 352.997609948      -8.95     -4.08    -29.65  0.          76.696      -2120.493      -2876.617    0.000  -0.002   0.006   0.
  2017 352 23 56 34 499 352.997621522      -8.24     -4.55    -30.05  0.          80.148      -2122.098      -2874.902    0.000  -0.002   0.006   0.
  2017 352 23 56 35 499 352.997633096      -7.50     -5.06    -30.35  0.          83.600      -2123.700      -2873.184    0.000  -0.002   0.006   0.
  2017 352 23 56 36 499 352.997644670      -6.72     -5.62    -30.66  0.          87.053      -2125.301      -2871.463    0.000  -0.002   0.007   0.
  2017 352 23 56 37 499 352.997656244      -5.94     -6.17    -30.94  0.          90.505      -2126.900      -2869.740    0.000  -0.002   0.007   0.
  2017 352 23 56 38 499 352.997667818      -5.11     -6.78    -31.07  0.          93.958      -2128.496      -2868.014    0.000  -0.002   0.007   0.
  2017 352 23 56 39 499 352.997679392      -4.29     -7.43    -31.16  0.          97.410      -2130.091      -2866.286    0.000  -0.002   0.007   0.
  2017 352 23 56 40 499 352.997690966      -3.50     -8.13    -31.09  0.         100.862      -2131.684      -2864.554    0.000  -0.003   0.007   0.
  2017 352 23 56 41 499 352.997702540      -2.74     -8.85    -31.03  0.         104.314      -2133.275      -2862.821    0.000  -0.003   0.007   0.
  2017 352 23 56 42 499 352.997714115      -2.00     -9.56    -30.84  0.         107.766      -2134.863      -2861.084    0.000  -0.003   0.007   0.
  2017 352 23 56 43 499 352.997725689      -1.37    -10.30    -30.65  0.         111.217      -2136.450      -2859.345    0.000  -0.003   0.007   0.
  2017 352 23 56 44 499 352.997737263      -0.75    -11.04    -30.32  0.         114.669      -2138.035      -2857.602    0.000  -0.003   0.008   0.
  2017 352 23 56 45 499 352.997748837      -0.00    -11.69    -29.97  0.         118.121      -2139.618      -2855.858    0.000  -0.003   0.008   0.
  2017 352 23 56 46 499 352.997760411       0.71    -12.05    -29.72  0.         121.572      -2141.198      -2854.110    0.000  -0.003   0.008   0.
  2017 352 23 56 47 499 352.997771985       1.17    -12.43    -29.41  0.         125.024      -2142.777      -2852.360    0.000  -0.003   0.008   0.
  2017 352 23 56 48 499 352.997783559       1.29    -13.03    -29.00  0.         128.475      -2144.354      -2850.607    0.000  -0.003   0.008   0.
  2017 352 23 56 49 499 352.997795132       1.19    -13.85    -28.60  0.         131.926      -2145.928      -2848.852    0.000  -0.003   0.008   0.
  2017 352 23 56 50 499 352.997806704       1.54    -14.45    -27.75  0.         135.377      -2147.501      -2847.093    0.000  -0.003   0.008   0.
  2017 352 23 56 51 499 352.997818278       2.55    -14.51    -27.38  0.         138.828      -2149.072      -2845.333    0.000  -0.003   0.008   0.
  2017 352 23 56 52 499 352.997829852       3.23    -15.15    -27.46  0.         142.279      -2150.640      -2843.569    0.000  -0.003   0.009   0.
  2017 352 23 56 53 499 352.997841427       3.87    -15.02    -26.66  0.         145.729      -2152.207      -2841.803    0.000  -0.003   0.009   0.
  2017 352 23 56 54 499 352.997853001       3.54    -15.43    -26.17  0.         149.180      -2153.772      -2840.034    0.000  -0.003   0.009   0.
  2017 352 23 56 55 499 352.997864575       3.88    -15.69    -25.56  0.         152.630      -2155.334      -2838.263    0.000  -0.003   0.009   0.
  2017 352 23 56 56 499 352.997876149       3.99    -15.68    -25.29  0.         156.081      -2156.895      -2836.488    0.000  -0.003   0.009   0.
  2017 352 23 56 57 499 352.997887723       4.33    -16.01    -25.63  0.         159.531      -2158.454      -2834.711    0.000  -0.003   0.009   0.
  2017 352 23 56 58 499 352.997899297       6.07    -15.54    -25.48  0.         162.981      -2160.010      -2832.932    0.000  -0.003   0.010   0.
  2017 352 23 56 59 499 352.997910871       7.32    -14.82    -24.61  0.         166.430      -2161.565      -2831.149    0.000  -0.003   0.010   0.
  2017 352 23 57  0 499 352.997922445       8.60    -14.39    -24.19  0.         169.880      -2163.117      -2829.364    0.000  -0.004   0.010   0.
  2017 352 23 57  1 499 352.997934019       9.79    -14.23    -23.66  0.         173.330      -2164.668      -2827.577    0.000  -0.004   0.010   0.
  2017 352 23 57  2 499 352.997945593      11.33    -13.76    -22.99  0.         176.779      -2166.216      -2825.786    0.000  -0.004   0.010   0.
  2017 352 23 57  3 499 352.997957167      12.98    -12.90    -21.90  0.         180.228      -2167.762      -2823.993    0.000  -0.004   0.010   0.
  2017 352 23 57  4 499 352.997968741      14.45    -12.08    -20.69  0.         183.677      -2169.307      -2822.198    0.000  -0.004   0.011   0.
  2017 352 23 57  5 499 352.997980315      15.63    -11.37    -19.49  0.         187.126      -2170.849      -2820.399    0.000  -0.004   0.011   0.
  2017 352 23 57  6 499 352.997991889      16.44    -11.04    -18.56  0.         190.575      -2172.389      -2818.598    0.000  -0.004   0.011   0.
  2017 352 23 57  7 499 352.998003464      17.19    -10.95    -17.65  0.         194.023      -2173.927      -2816.794    0.000  -0.004   0.011   0.
  2017 352 23 57  8 499 352.998015038      17.94    -10.92    -16.60  0.         197.472      -2175.463      -2814.988    0.000  -0.004   0.011   0.
  2017 352 23 57  9 499 352.998026612      18.60    -11.10    -15.50  0.         200.920      -2176.997      -2813.179    0.000  -0.004   0.011   0.
  2017 352 23 57 10 499 352.998038186      19.23    -11.40    -14.35  0.         204.368      -2178.529      -2811.367    0.000  -0.004   0.011   0.
  2017 352 23 57 11 499 352.998049760      19.84    -11.73    -13.18  0.         207.815      -2180.059      -2809.553    0.000  -0.004   0.011   0.
  2017 352 23 57 12 499 352.998061334      20.38    -12.09    -11.96  0.         211.263      -2181.587      -2807.736    0.000  -0.004   0.012   0.
  2017 352 23 57 13 499 352.998072908      20.86    -12.42    -10.70  0.         214.710      -2183.113      -2805.916    0.000  -0.004   0.012   0.
  2017 352 23 57 14 499 352.998084482      21.25    -12.73     -9.46  0.         218.158      -2184.637      -2804.093    0.000  -0.004   0.012   0.
  2017 352 23 57 15 499 352.998096056      21.52    -13.03     -8.14  0.         221.605      -2186.159      -2802.268    0.000  -0.004   0.012   0.
  2017 352 23 57 16 499 352.998107630      21.73    -13.36     -6.95  0.         225.051      -2187.678      -2800.441    0.000  -0.005   0.013   0.
  2017 352 23 57 17 499 352.998119204      21.83    -13.65     -5.75  0.         228.498      -2189.196      -2798.610    0.000  -0.005   0.013   0.
  2017 352 23 57 18 499 352.998130778      21.91    -13.92     -4.67  0.         231.944      -2190.711      -2796.777    0.000  -0.005   0.013   0.
  2017 352 23 57 19 498 352.998142351      22.05    -14.12     -3.59  0.         235.390      -2192.225      -2794.942    0.000  -0.005   0.013   0.
  2017 352 23 57 20 498 352.998153924      22.20    -14.23     -2.50  0.         238.836      -2193.736      -2793.103    0.000  -0.005   0.013   0.
  2017 352 23 57 21 499 352.998165498      22.40    -14.20     -1.39  0.         242.282      -2195.245      -2791.262    0.000  -0.005   0.013   0.
  2017 352 23 57 22 499 352.998177072      22.61    -14.11     -0.31  0.         245.727      -2196.753      -2789.418    0.000  -0.005   0.014   0.
  2017 352 23 57 23 499 352.998188646      22.81    -13.94      0.79  0.         249.173      -2198.258      -2787.572    0.000  -0.005   0.014   0.
  2017 352 23 57 24 499 352.998200220      23.00    -13.64      1.90  0.         252.618      -2199.761      -2785.723    0.000  -0.005   0.014   0.
  2017 352 23 57 25 499 352.998211794      23.15    -13.19      2.96  0.         256.062      -2201.262      -2783.872    0.000  -0.005   0.014   0.
  2017 352 23 57 26 498 352.998223368      23.26    -12.60      4.02  0.         259.507      -2202.761      -2782.017    0.000  -0.005   0.014   0.
  2017 352 23 57 27 498 352.998234942      23.22    -11.94      4.97  0.         262.951      -2204.258      -2780.160    0.000  -0.005   0.014   0.
  2017 352 23 57 28 498 352.998246516      23.06    -11.23      5.84  0.         266.395      -2205.752      -2778.301    0.000  -0.005   0.014   0.
  2017 352 23 57 29 498 352.998258090      22.82    -10.56      6.58  0.         269.839      -2207.245      -2776.438    0.000  -0.005   0.014   0.
  2017 352 23 57 30 498 352.998269664      22.48     -9.93      7.28  0.         273.283      -2208.735      -2774.573    0.000  -0.005   0.015   0.
  2017 352 23 57 31 499 352.998281238      22.05     -9.33      7.92  0.         276.726      -2210.224      -2772.706    0.000  -0.005   0.015   0.
  2017 352 23 57 32 498 352.998292812      21.56     -8.79      8.49  0.         280.169      -2211.710      -2770.836    0.000  -0.006   0.016   0.
  2017 352 23 57 33 498 352.998304387      21.00     -8.37      8.96  0.         283.612      -2213.194      -2768.963    0.000  -0.006   0.016   0.
  2017 352 23 57 34 498 352.998315961      20.44     -7.96      9.38  0.         287.054      -2214.677      -2767.087    0.000  -0.006   0.016   0.
  2017 352 23 57 35 499 352.998327535      19.83     -7.67      9.75  0.         290.497      -2216.157      -2765.209    0.000  -0.006   0.016   0.
  2017 352 23 57 36 499 352.998339109      19.22     -7.41     10.06  0.         293.939      -2217.635      -2763.329    0.000  -0.006   0.016   0.
  2017 352 23 57 37 499 352.998350683      18.61     -7.22     10.31  0.         297.380      -2219.110      -2761.445    0.000  -0.006   0.016   0.
  2017 352 23 57 38 499 352.998362257      17.98     -7.03     10.61  0.         300.822      -2220.584      -2759.559    0.000  -0.006   0.017   0.
  2017 352 23 57 39 498 352.998373831      17.38     -6.89     10.83  0.         304.263      -2222.056      -2757.671    0.000  -0.006   0.017   0.
  2017 352 23 57 40 498 352.998385405      16.78     -6.77     11.04  0.         307.704      -2223.525      -2755.779    0.000  -0.006   0.017   0.
  2017 352 23 57 41 498 352.998396979      16.17     -6.71     11.26  0.         311.144      -2224.993      -2753.885    0.000  -0.006   0.017   0.
  2017 352 23 57 42 498 352.998408553      15.56     -6.65     11.47  0.         314.584      -2226.458      -2751.989    0.000  -0.006   0.017   0.
  2017 352 23 57 43 498 352.998420127      14.95     -6.60     11.66  0.         318.025      -2227.921      -2750.089    0.000  -0.006   0.017   0.
  2017 352 23 57 44 499 352.998431701      14.36     -6.59     11.83  0.         321.464      -2229.382      -2748.188    0.000  -0.006   0.018   0.
  2017 352 23 57 45 499 352.998443275      13.75     -6.59     12.01  0.         324.904      -2230.841      -2746.283    0.000  -0.006   0.018   0.
  2017 352 23 57 46 498 352.998454850      13.09     -6.63     12.19  0.         328.343      -2232.298      -2744.376    0.000  -0.006   0.018   0.
  2017 352 23 57 47 498 352.998466423      12.40     -6.71     12.47  0.         331.781      -2233.752      -2742.466    0.000  -0.006   0.018   0.
  2017 352 23 57 48 498 352.998477995      11.73     -6.87     12.59  0.         335.220      -2235.205      -2740.554    0.000  -0.007   0.018   0.
  2017 352 23 57 49 498 352.998489569      11.04     -7.07     12.73  0.         338.658      -2236.655      -2738.639    0.000  -0.007   0.018   0.
  2017 352 23 57 50 498 352.998501143      10.32     -7.31     12.84  0.         342.096      -2238.103      -2736.722    0.000  -0.007   0.019   0.
  2017 352 23 57 51 498 352.998512717       9.62     -7.61     12.85  0.         345.533      -2239.550      -2734.801    0.000  -0.007   0.019   0.
  2017 352 23 57 52 498 352.998524291       8.89     -8.00     12.77  0.         348.971      -2240.994      -2732.878    0.000  -0.007   0.019   0.
  2017 352 23 57 53 498 352.998535865       8.16     -8.40     12.72  0.         352.407      -2242.435      -2730.953    0.000  -0.007   0.019   0.
  2017 352 23 57 54 498 352.998547439       7.45     -8.92     12.58  0.         355.844      -2243.875      -2729.025    0.000  -0.007   0.020   0.
  2017 352 23 57 55 498 352.998559013       6.86     -9.41     12.40  0.         359.280      -2245.313      -2727.094    0.000  -0.007   0.020   0.
  2017 352 23 57 56 498 352.998570587       6.37     -9.93     12.25  0.         362.716      -2246.748      -2725.161    0.000  -0.007   0.020   0.
  2017 352 23 57 57 498 352.998582161       5.99    -10.43     12.08  0.         366.151      -2248.182      -2723.225    0.000  -0.007   0.020   0.
  2017 352 23 57 58 498 352.998593736       5.69    -10.87     12.02  0.         369.587      -2249.613      -2721.286    0.000  -0.007   0.020   0.
  2017 352 23 57 59 498 352.998605310       5.48    -11.20     11.97  0.         373.021      -2251.042      -2719.345    0.000  -0.007   0.020   0.
  2017 352 23 58  0 498 352.998616884       5.33    -11.50     11.92  0.         376.456      -2252.469      -2717.402    0.000  -0.008   0.021   0.
  2017 352 23 58  1 498 352.998628458       5.23    -11.78     11.91  0.         379.890      -2253.893      -2715.455    0.000  -0.008   0.021   0.
  2017 352 23 58  2 498 352.998640032       5.15    -12.03     12.01  0.         383.324      -2255.316      -2713.506    0.000  -0.008   0.021   0.
  2017 352 23 58  3 498 352.998651606       5.05    -12.37     12.12  0.         386.757      -2256.736      -2711.555    0.000  -0.008   0.021   0.
  2017 352 23 58  4 498 352.998663180       4.90    -12.78     12.38  0.         390.190      -2258.155      -2709.600    0.000  -0.008   0.022   0.
  2017 352 23 58  5 498 352.998674754       4.77    -13.09     12.86  0.         393.623      -2259.571      -2707.644    0.000  -0.008   0.022   0.
  2017 352 23 58  6 498 352.998686328       4.75    -13.16     13.54  0.         397.055      -2260.985      -2705.684    0.000  -0.008   0.022   0.
  2017 352 23 58  7 498 352.998697902       4.72    -13.10     14.22  0.         400.487      -2262.396      -2703.722    0.000  -0.008   0.022   0.
  2017 352 23 58  8 498 352.998709476       4.78    -12.71     15.09  0.         403.918      -2263.806      -2701.758    0.000  -0.008   0.022   0.
  2017 352 23 58  9 498 352.998721050       4.90    -12.18     15.67  0.         407.349      -2265.213      -2699.790    0.000  -0.008   0.022   0.
  2017 352 23 58 10 498 352.998732624       5.11    -11.74     16.00  0.         410.780      -2266.619      -2697.821    0.000  -0.008   0.023   0.
  2017 352 23 58 11 498 352.998744198       5.45    -11.24     16.40  0.         414.210      -2268.022      -2695.848    0.000  -0.008   0.023   0.
  2017 352 23 58 12 498 352.998755773       5.92    -10.61     16.80  0.         417.640      -2269.423      -2693.873    0.000  -0.008   0.023   0.
  2017 352 23 58 13 498 352.998767347       6.51     -9.88     17.11  0.         421.070      -2270.821      -2691.896    0.000  -0.008   0.023   0.
  2017 352 23 58 14 498 352.998778921       7.22     -9.21     17.18  0.         424.499      -2272.218      -2689.916    0.000  -0.009   0.024   0.
  2017 352 23 58 15 498 352.998790495       7.95     -8.73     17.04  0.         427.928      -2273.612      -2687.933    0.000  -0.009   0.024   0.
  2017 352 23 58 16 498 352.998802069       8.64     -8.45     16.80  0.         431.356      -2275.005      -2685.948    0.000  -0.009   0.024   0.
  2017 352 23 58 17 498 352.998813642       9.19     -8.29     16.58  0.         434.784      -2276.395      -2683.960    0.000  -0.009   0.024   0.
  2017 352 23 58 18 498 352.998825214       9.69     -8.24     16.51  0.         438.212      -2277.783      -2681.969    0.000  -0.009   0.025   0.
  2017 352 23 58 19 498 352.998836788      10.26     -8.14     16.52  0.         441.639      -2279.168      -2679.976    0.000  -0.009   0.025   0.
  2017 352 23 58 20 498 352.998848362      10.89     -8.02     16.55  0.         445.065      -2280.552      -2677.981    0.000  -0.009   0.025   0.
  2017 352 23 58 21 498 352.998859936      11.57     -7.86     16.70  0.         448.492      -2281.933      -2675.982    0.000  -0.009   0.025   0.
  2017 352 23 58 22 498 352.998871510      12.25     -7.68     16.85  0.         451.918      -2283.312      -2673.982    0.000  -0.009   0.025   0.
  2017 352 23 58 23 498 352.998883084      12.95     -7.44     17.11  0.         455.343      -2284.690      -2671.978    0.000  -0.009   0.025   0.
  2017 352 23 58 24 498 352.998894659      13.71     -7.21     17.45  0.         458.768      -2286.064      -2669.972    0.000  -0.009   0.026   0.
  2017 352 23 58 25 498 352.998906233      14.50     -6.94     17.81  0.         462.193      -2287.437      -2667.964    0.000  -0.009   0.026   0.
  2017 352 23 58 26 498 352.998917807      15.32     -6.66     18.26  0.         465.616      -2288.807      -2665.952    0.000  -0.010   0.026   0.
  2017 352 23 58 27 498 352.998929381      16.18     -6.28     18.81  0.         469.040      -2290.175      -2663.939    0.000  -0.010   0.026   0.
  2017 352 23 58 28 498 352.998940955      17.04     -5.87     19.37  0.         472.463      -2291.541      -2661.923    0.000  -0.010   0.027   0.
  2017 352 23 58 29 498 352.998952529      17.82     -5.43     20.10  0.         475.886      -2292.905      -2659.904    0.000  -0.010   0.027   0.
  2017 352 23 58 30 498 352.998964103      18.53     -4.97     20.77  0.         479.309      -2294.266      -2657.882    0.000  -0.010   0.027   0.
  2017 352 23 58 31 498 352.998975677      19.18     -4.48     21.59  0.         482.730      -2295.626      -2655.858    0.000  -0.010   0.027   0.
  2017 352 23 58 32 498 352.998987251      19.79     -3.98     22.45  0.         486.152      -2296.983      -2653.832    0.000  -0.010   0.028   0.
  2017 352 23 58 33 498 352.998998825      20.31     -3.42     23.31  0.         489.573      -2298.338      -2651.803    0.000  -0.010   0.028   0.
  2017 352 23 58 34 498 352.999010399      20.77     -2.77     24.22  0.         492.993      -2299.691      -2649.771    0.000  -0.010   0.028   0.
  2017 352 23 58 35 498 352.999021973      21.09     -2.12     25.18  0.         496.413      -2301.041      -2647.737    0.000  -0.010   0.028   0.
  2017 352 23 58 36 498 352.999033547      21.36     -1.42     26.06  0.         499.833      -2302.390      -2645.700    0.000  -0.010   0.028   0.
  2017 352 23 58 37 498 352.999045121      21.50     -0.69     27.05  0.         503.252      -2303.736      -2643.661    0.000  -0.010   0.028   0.
  2017 352 23 58 38 498 352.999056696      21.55      0.05     28.02  0.         506.670      -2305.080      -2641.619    0.000  -0.011   0.029   0.
  2017 352 23 58 39 498 352.999068270      21.53      0.84     29.02  0.         510.088      -2306.421      -2639.575    0.000  -0.011   0.029   0.
  2017 352 23 58 40 498 352.999079844      21.46      1.70     29.98  0.         513.506      -2307.761      -2637.528    0.000  -0.011   0.029   0.
  2017 352 23 58 41 498 352.999091418      21.33      2.65     30.93  0.         516.923      -2309.098      -2635.478    0.000  -0.011   0.029   0.
  2017 352 23 58 42 498 352.999102992      21.20      3.61     31.84  0.         520.340      -2310.433      -2633.426    0.000  -0.011   0.030   0.
  2017 352 23 58 43 498 352.999114566      21.02      4.62     32.81  0.         523.756      -2311.766      -2631.371    0.000  -0.011   0.030   0.
  2017 352 23 58 44 498 352.999126140      20.81      5.66     33.83  0.         527.171      -2313.097      -2629.314    0.000  -0.011   0.030   0.
  2017 352 23 58 45 498 352.999137714      20.55      6.74     34.91  0.         530.586      -2314.425      -2627.255    0.000  -0.011   0.030   0.
  2017 352 23 58 46 498 352.999149288      20.22      7.91     36.06  0.         534.001      -2315.751      -2625.192    0.000  -0.011   0.031   0.
  2017 352 23 58 47 498 352.999160861      19.89      9.17     37.24  0.         537.415      -2317.075      -2623.128    0.000  -0.011   0.031   0.
  2017 352 23 58 48 498 352.999172433      19.51     10.50     38.43  0.         540.829      -2318.397      -2621.060    0.000  -0.011   0.031   0.
  2017 352 23 58 49 498 352.999184008      19.00     11.99     39.61  0.         544.242      -2319.716      -2618.990    0.000  -0.011   0.031   0.
  2017 352 23 58 50 498 352.999195582      18.40     13.63     40.72  0.         547.654      -2321.033      -2616.918    0.000  -0.011   0.031   0.
  2017 352 23 58 51 498 352.999207156      17.62     15.35     41.94  0.         551.066      -2322.348      -2614.843    0.000  -0.011   0.031   0.
  2017 352 23 58 52 498 352.999218730      16.67     17.15     43.12  0.         554.478      -2323.661      -2612.766    0.000  -0.012   0.032   0.
  2017 352 23 58 53 498 352.999230304      15.70     19.08     44.24  0.         557.889      -2324.972      -2610.686    0.000  -0.012   0.032   0.
  2017 352 23 58 54 498 352.999241878      14.70     21.05     45.05  0.         561.299      -2326.280      -2608.603    0.000  -0.012   0.033   0.
  2017 352 23 58 55 498 352.999253452      13.74     22.94     45.52  0.         564.709      -2327.586      -2606.518    0.000  -0.012   0.033   0.
  2017 352 23 58 56 498 352.999265026      12.79     24.56     45.51  0.         568.118      -2328.890      -2604.431    0.000  -0.012   0.033   0.
  2017 352 23 58 57 498 352.999276600      11.84     25.72     45.21  0.         571.527      -2330.191      -2602.340    0.000  -0.012   0.033   0.
  2017 352 23 58 58 498 352.999288174      10.78     26.62     44.73  0.         574.936      -2331.491      -2600.248    0.000  -0.012   0.033   0.
  2017 352 23 58 59 498 352.999299748       9.62     27.32     44.19  0.         578.343      -2332.788      -2598.153    0.000  -0.012   0.033   0.
  2017 352 23 59  0 498 352.999311322       8.29     27.53     43.63  0.         581.750      -2334.082      -2596.055    0.000  -0.012   0.034   0.
  2017 352 23 59  1 498 352.999322896       6.97     27.65     43.42  0.         585.157      -2335.375      -2593.955    0.000  -0.012   0.034   0.
  2017 352 23 59  2 498 352.999334470       5.79     28.02     43.12  0.         588.563      -2336.665      -2591.852    0.000  -0.012   0.034   0.
  2017 352 23 59  3 498 352.999346045       4.53     27.96     42.85  0.         591.968      -2337.953      -2589.747    0.000  -0.012   0.034   0.
  2017 352 23 59  4 498 352.999357619       3.21     28.07     42.57  0.         595.373      -2339.239      -2587.639    0.000  -0.013   0.034   0.
  2017 352 23 59  5 498 352.999369193       1.80     28.61     42.14  0.         598.777      -2340.523      -2585.529    0.000  -0.013   0.034   0.
  2017 352 23 59  6 498 352.999380767       0.29     29.43     40.84  0.         602.181      -2341.804      -2583.416    0.000  -0.013   0.035   0.
  2017 352 23 59  7 498 352.999392341      -1.51     28.95     39.87  0.         605.584      -2343.083      -2581.301    0.000  -0.013   0.035   0.
  2017 352 23 59  8 498 352.999403915      -2.15     28.55     39.47  0.         608.987      -2344.360      -2579.184    0.000  -0.013   0.036   0.
  2017 352 23 59  9 498 352.999415489      -3.09     28.56     38.96  0.         612.389      -2345.634      -2577.063    0.000  -0.013   0.036   0.
  2017 352 23 59 10 498 352.999427063      -4.05     29.38     38.46  0.         615.790      -2346.907      -2574.941    0.000  -0.013   0.036   0.
  2017 352 23 59 11 498 352.999438637      -4.50     30.04     37.71  0.         619.191      -2348.176      -2572.815    0.000  -0.013   0.036   0.
  2017 352 23 59 12 498 352.999450211      -5.07     30.53     36.95  0.         622.591      -2349.444      -2570.688    0.000  -0.013   0.037   0.
  2017 352 23 59 13 498 352.999461785      -5.97     31.33     36.36  0.         625.991      -2350.710      -2568.557    0.000  -0.013   0.037   0.
  2017 352 23 59 14 498 352.999473359      -6.76     32.03     35.48  0.         629.390      -2351.973      -2566.425    0.000  -0.013   0.037   0.
  2017 352 23 59 15 498 352.999484933      -7.52     32.47     34.53  0.         632.788      -2353.234      -2564.290    0.000  -0.013   0.037   0.
  2017 352 23 59 16 498 352.999496508      -8.27     32.67     33.59  0.         636.186      -2354.492      -2562.152    0.000  -0.014   0.037   0.
  2017 352 23 59 17 498 352.999508080      -8.92     32.67     32.62  0.         639.583      -2355.749      -2560.012    0.000  -0.014   0.037   0.
  2017 352 23 59 18 498 352.999519653      -9.45     32.46     31.57  0.         642.980      -2357.003      -2557.869    0.000  -0.014   0.038   0.
  2017 352 23 59 19 498 352.999531227      -9.77     32.12     30.45  0.         646.376      -2358.254      -2555.724    0.000  -0.014   0.038   0.
  2017 352 23 59 20 498 352.999542801      -9.96     31.67     29.31  0.         649.771      -2359.504      -2553.576    0.000  -0.014   0.039   0.
  2017 352 23 59 21 498 352.999554375      -9.97     31.21     28.12  0.         653.166      -2360.751      -2551.426    0.000  -0.014   0.039   0.
  2017 352 23 59 22 497 352.999565949      -9.89     30.67     27.03  0.         656.560      -2361.996      -2549.274    0.000  -0.014   0.039   0.
  2017 352 23 59 23 497 352.999577523      -9.72     30.19     26.03  0.         659.954      -2363.239      -2547.119    0.000  -0.014   0.039   0.
  2017 352 23 59 24 497 352.999589097      -9.52     29.74     25.18  0.         663.346      -2364.479      -2544.961    0.000  -0.014   0.040   0.
  2017 352 23 59 25 497 352.999600671      -9.33     29.35     24.41  0.         666.738      -2365.717      -2542.801    0.000  -0.014   0.040   0.
  2017 352 23 59 26 498 352.999612245      -9.15     28.99     23.81  0.         670.130      -2366.953      -2540.639    0.000  -0.015   0.040   0.
  2017 352 23 59 27 498 352.999623819      -9.09     28.85     23.34  0.         673.521      -2368.187      -2538.474    0.000  -0.015   0.040   0.
  2017 352 23 59 28 497 352.999635393      -9.04     28.78     22.85  0.         676.911      -2369.418      -2536.306    0.000  -0.015   0.040   0.
  2017 352 23 59 29 497 352.999646968      -9.01     28.58     22.34  0.         680.301      -2370.647      -2534.136    0.000  -0.015   0.040   0.
  2017 352 23 59 30 498 352.999658542      -8.91     28.37     21.90  0.         683.690      -2371.873      -2531.964    0.000  -0.015   0.041   0.
  2017 352 23 59 31 498 352.999670116      -8.81     28.17     21.44  0.         687.078      -2373.098      -2529.789    0.000  -0.015   0.041   0.
  2017 352 23 59 32 498 352.999681690      -8.74     27.92     21.00  0.         690.466      -2374.320      -2527.612    0.000  -0.015   0.041   0.
  2017 352 23 59 33 498 352.999693264      -8.70     27.63     20.61  0.         693.852      -2375.540      -2525.432    0.000  -0.015   0.041   0.
  2017 352 23 59 34 498 352.999704838      -8.64     27.31     20.25  0.         697.239      -2376.757      -2523.250    0.000  -0.015   0.042   0.
  2017 352 23 59 35 497 352.999716412      -8.56     26.93     19.87  0.         700.624      -2377.972      -2521.065    0.000  -0.015   0.042   0.
  2017 352 23 59 36 497 352.999727986      -8.46     26.59     19.56  0.         704.009      -2379.185      -2518.878    0.000  -0.015   0.042   0.
  2017 352 23 59 37 497 352.999739560      -8.38     26.26     19.15  0.         707.394      -2380.396      -2516.689    0.000  -0.015   0.042   0.
  2017 352 23 59 38 497 352.999751134      -8.30     26.00     18.67  0.         710.777      -2381.604      -2514.497    0.000  -0.016   0.043   0.
  2017 352 23 59 39 497 352.999762708      -8.16     25.75     18.02  0.         714.160      -2382.810      -2512.302    0.000  -0.016   0.043   0.
  2017 352 23 59 40 498 352.999774282      -8.01     25.46     17.26  0.         717.542      -2384.014      -2510.106    0.000  -0.016   0.043   0.
  2017 352 23 59 41 498 352.999785856      -7.79     25.20     16.38  0.         720.924      -2385.215      -2507.906    0.000  -0.016   0.043   0.
  2017 352 23 59 42 497 352.999797431      -7.55     24.86     15.42  0.         724.305      -2386.414      -2505.705    0.000  -0.016   0.044   0.
  2017 352 23 59 43 497 352.999809005      -7.29     24.45     14.52  0.         727.685      -2387.611      -2503.500    0.000  -0.016   0.044   0.
  2017 352 23 59 44 498 352.999820579      -7.04     24.03     13.73  0.         731.064      -2388.805      -2501.293    0.000  -0.016   0.044   0.
  2017 352 23 59 45 498 352.999832153      -6.75     23.60     12.86  0.         734.443      -2389.997      -2499.085    0.000  -0.016   0.044   0.
  2017 352 23 59 46 498 352.999843727      -6.42     23.11     12.04  0.         737.821      -2391.187      -2496.873    0.000  -0.016   0.045   0.
  2017 352 23 59 47 498 352.999855300      -6.06     22.54     11.27  0.         741.198      -2392.374      -2494.659    0.000  -0.016   0.045   0.
  2017 352 23 59 48 497 352.999866872      -5.67     21.96     10.66  0.         744.575      -2393.559      -2492.443    0.000  -0.016   0.045   0.
  2017 352 23 59 49 497 352.999878446      -5.24     21.25     10.06  0.         747.950      -2394.742      -2490.224    0.000  -0.016   0.045   0.
  2017 352 23 59 50 497 352.999890020      -4.74     20.47      9.66  0.         751.326      -2395.923      -2488.003    0.000  -0.017   0.046   0.
  2017 352 23 59 51 497 352.999901594      -4.15     19.59      9.37  0.         754.700      -2397.101      -2485.780    0.000  -0.017   0.046   0.
  2017 352 23 59 52 497 352.999913168      -3.55     18.65      9.23  0.         758.074      -2398.277      -2483.554    0.000  -0.017   0.046   0.
  2017 352 23 59 53 497 352.999924742      -2.96     17.85      9.08  0.         761.447      -2399.451      -2481.325    0.000  -0.017   0.046   0.
  2017 352 23 59 54 497 352.999936317      -2.37     17.01      8.87  0.         764.819      -2400.622      -2479.094    0.000  -0.017   0.046   0.
  2017 352 23 59 55 497 352.999947891      -1.78     16.15      8.72  0.         768.190      -2401.791      -2476.861    0.000  -0.017   0.046   0.
  2017 352 23 59 56 497 352.999959465      -1.22     15.45      8.51  0.         771.561      -2402.957      -2474.625    0.000  -0.017   0.047   0.
  2017 352 23 59 57 497 352.999971039      -0.64     14.79      8.15  0.         774.931      -2404.122      -2472.387    0.000  -0.017   0.047   0.
  2017 352 23 59 58 497 352.999982613      -0.10     14.12      7.73  0.         778.300      -2405.283      -2470.147    0.000  -0.017   0.048   0.
  2017 352 23 59 59 497 352.999994187       0.40     13.47      7.30  0.         781.669      -2406.443      -2467.904    0.000  -0.017   0.048   0.
  2017 353  0  0  0 497 353.000005761       0.83     12.74      6.82  0.         785.037      -2407.600      -2465.659    0.000  -0.018   0.048   0.
